recording_id,measurement_id,sample_index,time_seconds,gt_signal,predicted_signal
UBFC_PHYS_s14_T1_ctrl,0,0,0.0,0.8373309969902039,0.11155840493909448
UBFC_PHYS_s14_T1_ctrl,0,1,0.03333333333333333,0.5942209362983704,0.2697654383794119
UBFC_PHYS_s14_T1_ctrl,0,2,0.06666666666666667,0.31889140605926514,0.4604241220371985
UBFC_PHYS_s14_T1_ctrl,0,3,0.1,-0.010878787375986576,0.6970771059826578
UBFC_PHYS_s14_T1_ctrl,0,4,0.13333333333333333,-0.4629644453525543,0.9614971939935435
UBFC_PHYS_s14_T1_ctrl,0,5,0.16666666666666666,-0.9583942294120789,1.2082868844681116
UBFC_PHYS_s14_T1_ctrl,0,6,0.2,-1.1899571418762207,1.3821719184807684
UBFC_PHYS_s14_T1_ctrl,0,7,0.23333333333333334,-0.9130504727363586,1.4392400378473962
UBFC_PHYS_s14_T1_ctrl,0,8,0.26666666666666666,-0.26319846510887146,1.3625449072820435
UBFC_PHYS_s14_T1_ctrl,0,9,0.3,0.40473473072052,1.166324429488468
UBFC_PHYS_s14_T1_ctrl,0,10,0.3333333333333333,0.9297083616256714,0.8885150781753617
UBFC_PHYS_s14_T1_ctrl,0,11,0.36666666666666664,1.3034422397613525,0.5758578328598862
UBFC_PHYS_s14_T1_ctrl,0,12,0.4,1.49374520778656,0.26822302918646135
UBFC_PHYS_s14_T1_ctrl,0,13,0.43333333333333335,1.450936198234558,-0.011778942167402804
UBFC_PHYS_s14_T1_ctrl,0,14,0.4666666666666667,1.1310796737670898,-0.26075944936816375
UBFC_PHYS_s14_T1_ctrl,0,15,0.5,0.6125837564468384,-0.48856062792674726
UBFC_PHYS_s14_T1_ctrl,0,16,0.5333333333333333,0.20885534584522247,-0.7074523995209921
UBFC_PHYS_s14_T1_ctrl,0,17,0.5666666666666667,0.1717635989189148,-0.9208410553440218
UBFC_PHYS_s14_T1_ctrl,0,18,0.6,0.3762611150741577,-1.1156844476132506
UBFC_PHYS_s14_T1_ctrl,0,19,0.6333333333333333,0.5095604658126831,-1.2616372657053445
UBFC_PHYS_s14_T1_ctrl,0,20,0.6666666666666666,0.43698230385780334,-1.317972113034169
UBFC_PHYS_s14_T1_ctrl,0,21,0.7,0.2525655925273895,-1.2467602968667395
UBFC_PHYS_s14_T1_ctrl,0,22,0.7333333333333333,0.04880034923553467,-1.028194428986248
UBFC_PHYS_s14_T1_ctrl,0,23,0.7666666666666667,-0.2022237926721573,-0.6723894340770127
UBFC_PHYS_s14_T1_ctrl,0,24,0.8,-0.49569082260131836,-0.22250367336194396
UBFC_PHYS_s14_T1_ctrl,0,25,0.8333333333333334,-0.7182976603507996,0.25325971303445655
UBFC_PHYS_s14_T1_ctrl,0,26,0.8666666666666667,-0.7414483428001404,0.6790121268812433
UBFC_PHYS_s14_T1_ctrl,0,27,0.9,-0.49729615449905396,0.9919303836930388
UBFC_PHYS_s14_T1_ctrl,0,28,0.9333333333333333,-0.08773785829544067,1.1581899026580047
UBFC_PHYS_s14_T1_ctrl,0,29,0.9666666666666667,0.2204306721687317,1.1775876245964676
UBFC_PHYS_s14_T1_ctrl,0,30,1.0,0.30799201130867004,1.0759500976246283
UBFC_PHYS_s14_T1_ctrl,0,31,1.0333333333333334,0.3086397647857666,0.8902964869419394
UBFC_PHYS_s14_T1_ctrl,0,32,1.0666666666666667,0.3133431375026703,0.6541625020192242
UBFC_PHYS_s14_T1_ctrl,0,33,1.1,0.35006874799728394,0.38902515381170466
UBFC_PHYS_s14_T1_ctrl,0,34,1.1333333333333333,0.5271628499031067,0.10410442931530259
UBFC_PHYS_s14_T1_ctrl,0,35,1.1666666666666667,0.8188837170600891,-0.19697472854491654
UBFC_PHYS_s14_T1_ctrl,0,36,1.2,0.9618714451789856,-0.5065741685716221
UBFC_PHYS_s14_T1_ctrl,0,37,1.2333333333333334,0.7294635772705078,-0.8050200472135319
UBFC_PHYS_s14_T1_ctrl,0,38,1.2666666666666666,0.15179544687271118,-1.0578712859079122
UBFC_PHYS_s14_T1_ctrl,0,39,1.3,-0.4889315068721771,-1.2203641548445539
UBFC_PHYS_s14_T1_ctrl,0,40,1.3333333333333333,-0.9217812418937683,-1.2485371046125886
UBFC_PHYS_s14_T1_ctrl,0,41,1.3666666666666667,-1.1044800281524658,-1.114002664591972
UBFC_PHYS_s14_T1_ctrl,0,42,1.4,-1.1324185132980347,-0.8172682656092177
UBFC_PHYS_s14_T1_ctrl,0,43,1.4333333333333333,-1.1584136486053467,-0.39391242636464824
UBFC_PHYS_s14_T1_ctrl,0,44,1.4666666666666666,-1.393271803855896,0.090360353667248
UBFC_PHYS_s14_T1_ctrl,0,45,1.5,-1.8351340293884277,0.5556625814048328
UBFC_PHYS_s14_T1_ctrl,0,46,1.5333333333333334,-2.1514699459075928,0.9295781909492784
UBFC_PHYS_s14_T1_ctrl,0,47,1.5666666666666667,-2.116209030151367,1.1658725042560856
UBFC_PHYS_s14_T1_ctrl,0,48,1.6,-1.7767504453659058,1.2524597522012537
UBFC_PHYS_s14_T1_ctrl,0,49,1.6333333333333333,-1.2641407251358032,1.205980165358845
UBFC_PHYS_s14_T1_ctrl,0,50,1.6666666666666667,-0.7771600484848022,1.0572491567509088
UBFC_PHYS_s14_T1_ctrl,0,51,1.7,-0.47262462973594666,0.836053275351444
UBFC_PHYS_s14_T1_ctrl,0,52,1.7333333333333334,-0.2654797434806824,0.5625069003831784
UBFC_PHYS_s14_T1_ctrl,0,53,1.7666666666666666,0.000809198769275099,0.2473754657105236
UBFC_PHYS_s14_T1_ctrl,0,54,1.8,0.31010428071022034,-0.10087192183164306
UBFC_PHYS_s14_T1_ctrl,0,55,1.8333333333333333,0.6051203012466431,-0.46695600195656956
UBFC_PHYS_s14_T1_ctrl,0,56,1.8666666666666667,0.9005869626998901,-0.8222827266769162
UBFC_PHYS_s14_T1_ctrl,0,57,1.9,1.2098538875579834,-1.1241520020819138
UBFC_PHYS_s14_T1_ctrl,0,58,1.9333333333333333,1.4722280502319336,-1.321812296901604
UBFC_PHYS_s14_T1_ctrl,0,59,1.9666666666666666,1.4849580526351929,-1.3683883607142995
UBFC_PHYS_s14_T1_ctrl,0,60,2.0,1.0388431549072266,-1.235556366919587
UBFC_PHYS_s14_T1_ctrl,0,61,2.033333333333333,0.28931939601898193,-0.926178314751849
UBFC_PHYS_s14_T1_ctrl,0,62,2.066666666666667,-0.32825690507888794,-0.4797175781067218
UBFC_PHYS_s14_T1_ctrl,0,63,2.1,-0.7219589352607727,0.03324554867280343
UBFC_PHYS_s14_T1_ctrl,0,64,2.1333333333333333,-1.1007623672485352,0.5275548114742635
UBFC_PHYS_s14_T1_ctrl,0,65,2.1666666666666665,-1.4104235172271729,0.9262863459853884
UBFC_PHYS_s14_T1_ctrl,0,66,2.2,-1.340267539024353,1.18078811009529
UBFC_PHYS_s14_T1_ctrl,0,67,2.2333333333333334,-0.8150122165679932,1.279106167014453
UBFC_PHYS_s14_T1_ctrl,0,68,2.2666666666666666,-0.06467168778181076,1.2399581514913187
UBFC_PHYS_s14_T1_ctrl,0,69,2.3,0.6474786996841431,1.097001489086027
UBFC_PHYS_s14_T1_ctrl,0,70,2.3333333333333335,1.1237571239471436,0.8820662442388745
UBFC_PHYS_s14_T1_ctrl,0,71,2.3666666666666667,1.235257625579834,0.6149615820284794
UBFC_PHYS_s14_T1_ctrl,0,72,2.4,1.0430676937103271,0.30311126078520345
UBFC_PHYS_s14_T1_ctrl,0,73,2.433333333333333,0.7931419610977173,-0.050635598185186495
UBFC_PHYS_s14_T1_ctrl,0,74,2.466666666666667,0.7132975459098816,-0.43681308541834796
UBFC_PHYS_s14_T1_ctrl,0,75,2.5,0.8242348432540894,-0.8301902674428032
UBFC_PHYS_s14_T1_ctrl,0,76,2.533333333333333,0.9617305994033813,-1.1867365832556669
UBFC_PHYS_s14_T1_ctrl,0,77,2.566666666666667,0.973249614238739,-1.448534353825241
UBFC_PHYS_s14_T1_ctrl,0,78,2.6,0.848737359046936,-1.5562013619287003
UBFC_PHYS_s14_T1_ctrl,0,79,2.6333333333333333,0.6646867990493774,-1.4661055061147827
UBFC_PHYS_s14_T1_ctrl,0,80,2.6666666666666665,0.4454314410686493,-1.1673655087565542
UBFC_PHYS_s14_T1_ctrl,0,81,2.7,0.11484450846910477,-0.692135096584308
UBFC_PHYS_s14_T1_ctrl,0,82,2.7333333333333334,-0.34076163172721863,-0.11331347267264365
UBFC_PHYS_s14_T1_ctrl,0,83,2.7666666666666666,-0.7803143858909607,0.47212787731311295
UBFC_PHYS_s14_T1_ctrl,0,84,2.8,-1.0511376857757568,0.9693020165091927
UBFC_PHYS_s14_T1_ctrl,0,85,2.8333333333333335,-1.0241568088531494,1.310738314009625
UBFC_PHYS_s14_T1_ctrl,0,86,2.8666666666666667,-0.5802667737007141,1.4703922203304383
UBFC_PHYS_s14_T1_ctrl,0,87,2.9,0.1654548943042755,1.4613374384314348
UBFC_PHYS_s14_T1_ctrl,0,88,2.933333333333333,0.8802245259284973,1.3203866748189683
UBFC_PHYS_s14_T1_ctrl,0,89,2.966666666666667,1.3475186824798584,1.088709450074372
UBFC_PHYS_s14_T1_ctrl,0,90,3.0,1.5580432415008545,0.7974823865417993
UBFC_PHYS_s14_T1_ctrl,0,91,3.033333333333333,1.558803677558899,0.46329145396753113
UBFC_PHYS_s14_T1_ctrl,0,92,3.066666666666667,1.4583996534347534,0.09301135424348696
UBFC_PHYS_s14_T1_ctrl,0,93,3.1,1.3866100311279297,-0.3057186863110699
UBFC_PHYS_s14_T1_ctrl,0,94,3.1333333333333333,1.3675994873046875,-0.7138625574583941
UBFC_PHYS_s14_T1_ctrl,0,95,3.1666666666666665,1.2948522567749023,-1.0951673087309752
UBFC_PHYS_s14_T1_ctrl,0,96,3.2,1.1032257080078125,-1.3981286570152507
UBFC_PHYS_s14_T1_ctrl,0,97,3.2333333333333334,0.8239532113075256,-1.5659749448330949
UBFC_PHYS_s14_T1_ctrl,0,98,3.2666666666666666,0.4601047933101654,-1.55217956608668
UBFC_PHYS_s14_T1_ctrl,0,99,3.3,-0.018229544162750244,-1.336852067524251
UBFC_PHYS_s14_T1_ctrl,0,100,3.3333333333333335,-0.5735356211662292,-0.9382307497100401
UBFC_PHYS_s14_T1_ctrl,0,101,3.3666666666666667,-1.1533441543579102,-0.41390506501269586
UBFC_PHYS_s14_T1_ctrl,0,102,3.4,-1.683809757232666,0.15105954844327324
UBFC_PHYS_s14_T1_ctrl,0,103,3.433333333333333,-1.9715032577514648,0.6666946063864713
UBFC_PHYS_s14_T1_ctrl,0,104,3.466666666666667,-1.8091106414794922,1.0627153875311899
UBFC_PHYS_s14_T1_ctrl,0,105,3.5,-1.2584797143936157,1.3041381639942196
UBFC_PHYS_s14_T1_ctrl,0,106,3.533333333333333,-0.6384813785552979,1.391741471195388
UBFC_PHYS_s14_T1_ctrl,0,107,3.566666666666667,-0.17890414595603943,1.34948589948638
UBFC_PHYS_s14_T1_ctrl,0,108,3.6,0.11729476600885391,1.2070012852951972
UBFC_PHYS_s14_T1_ctrl,0,109,3.6333333333333333,0.31959548592567444,0.986181751372387
UBFC_PHYS_s14_T1_ctrl,0,110,3.6666666666666665,0.47542592883110046,0.6972748045572027
UBFC_PHYS_s14_T1_ctrl,0,111,3.7,0.5701690316200256,0.3443446754420898
UBFC_PHYS_s14_T1_ctrl,0,112,3.7333333333333334,0.5465958714485168,-0.06426058511069256
UBFC_PHYS_s14_T1_ctrl,0,113,3.7666666666666666,0.4386439621448517,-0.5061890571632582
UBFC_PHYS_s14_T1_ctrl,0,114,3.8,0.36443230509757996,-0.9405304753738645
UBFC_PHYS_s14_T1_ctrl,0,115,3.8333333333333335,0.26574626564979553,-1.3103874934820583
UBFC_PHYS_s14_T1_ctrl,0,116,3.8666666666666667,-0.07838746905326843,-1.5524433893756686
UBFC_PHYS_s14_T1_ctrl,0,117,3.9,-0.7462924718856812,-1.6117438487881903
UBFC_PHYS_s14_T1_ctrl,0,118,3.933333333333333,-1.5397236347198486,-1.458226450298552
UBFC_PHYS_s14_T1_ctrl,0,119,3.966666666666667,-2.140204429626465,-1.0999433202021056
UBFC_PHYS_s14_T1_ctrl,0,120,4.0,-2.3670077323913574,-0.5873127481250217
UBFC_PHYS_s14_T1_ctrl,0,121,4.033333333333333,-2.340421199798584,-0.00447554305119066
UBFC_PHYS_s14_T1_ctrl,0,122,4.066666666666666,-2.277784824371338,0.551555831196251
UBFC_PHYS_s14_T1_ctrl,0,123,4.1,-2.076526165008545,0.9972650903889935
UBFC_PHYS_s14_T1_ctrl,0,124,4.133333333333334,-1.4423049688339233,1.2836454819415097
UBFC_PHYS_s14_T1_ctrl,0,125,4.166666666666667,-0.37681132555007935,1.40251187281789
UBFC_PHYS_s14_T1_ctrl,0,126,4.2,0.7286750078201294,1.376618564510614
UBFC_PHYS_s14_T1_ctrl,0,127,4.233333333333333,1.4771567583084106,1.2407870061064392
UBFC_PHYS_s14_T1_ctrl,0,128,4.266666666666667,1.7391647100448608,1.0246772534528696
UBFC_PHYS_s14_T1_ctrl,0,129,4.3,1.6154974699020386,0.744982731724723
UBFC_PHYS_s14_T1_ctrl,0,130,4.333333333333333,1.28879714012146,0.4085399579653612
UBFC_PHYS_s14_T1_ctrl,0,131,4.366666666666666,0.9583228230476379,0.022259427038122778
UBFC_PHYS_s14_T1_ctrl,0,132,4.4,0.7906072735786438,-0.39625398293266084
UBFC_PHYS_s14_T1_ctrl,0,133,4.433333333333334,0.798577606678009,-0.8124152010612065
UBFC_PHYS_s14_T1_ctrl,0,134,4.466666666666667,0.8614955544471741,-1.1753895760891542
UBFC_PHYS_s14_T1_ctrl,0,135,4.5,0.9061915874481201,-1.4261766587695153
UBFC_PHYS_s14_T1_ctrl,0,136,4.533333333333333,0.9427481889724731,-1.5114128851093853
UBFC_PHYS_s14_T1_ctrl,0,137,4.566666666666666,0.9603505730628967,-1.3994723895960604
UBFC_PHYS_s14_T1_ctrl,0,138,4.6,0.8951231837272644,-1.0938354261283085
UBFC_PHYS_s14_T1_ctrl,0,139,4.633333333333334,0.6332278251647949,-0.6380583753644404
UBFC_PHYS_s14_T1_ctrl,0,140,4.666666666666667,0.09563678503036499,-0.10822750877905357
UBFC_PHYS_s14_T1_ctrl,0,141,4.7,-0.5675930380821228,0.4066050913212485
UBFC_PHYS_s14_T1_ctrl,0,142,4.733333333333333,-1.0263253450393677,0.8291024245109291
UBFC_PHYS_s14_T1_ctrl,0,143,4.766666666666667,-1.0539822578430176,1.1128250132876283
UBFC_PHYS_s14_T1_ctrl,0,144,4.8,-0.7208605408668518,1.2477702890546971
UBFC_PHYS_s14_T1_ctrl,0,145,4.833333333333333,-0.2923198640346527,1.2513339923243667
UBFC_PHYS_s14_T1_ctrl,0,146,4.866666666666666,0.025255395099520683,1.1512442923174693
UBFC_PHYS_s14_T1_ctrl,0,147,4.9,0.20330707728862762,0.9702974119442528
UBFC_PHYS_s14_T1_ctrl,0,148,4.933333333333334,0.2786734700202942,0.7200276257158365
UBFC_PHYS_s14_T1_ctrl,0,149,4.966666666666667,0.23425911366939545,0.40448503373816497
UBFC_PHYS_s14_T1_ctrl,0,150,5.0,0.05494006350636482,0.030219295435190287
UBFC_PHYS_s14_T1_ctrl,0,151,5.033333333333333,-0.1757497936487198,-0.3834702148869074
UBFC_PHYS_s14_T1_ctrl,0,152,5.066666666666666,-0.3004028797149658,-0.7989711627399816
UBFC_PHYS_s14_T1_ctrl,0,153,5.1,-0.2275993973016739,-1.1619592277012423
UBFC_PHYS_s14_T1_ctrl,0,154,5.133333333333334,-0.012286977842450142,-1.410276267309764
UBFC_PHYS_s14_T1_ctrl,0,155,5.166666666666667,0.18252217769622803,-1.4883017975107606
UBFC_PHYS_s14_T1_ctrl,0,156,5.2,0.21868452429771423,-1.363347868355034
UBFC_PHYS_s14_T1_ctrl,0,157,5.233333333333333,0.08817337453365326,-1.0391716988140538
UBFC_PHYS_s14_T1_ctrl,0,158,5.266666666666667,-0.13964377343654633,-0.5611365173985147
UBFC_PHYS_s14_T1_ctrl,0,159,5.3,-0.44034889340400696,-0.008995485156501854
UBFC_PHYS_s14_T1_ctrl,0,160,5.333333333333333,-0.769415020942688,0.5226566985912481
UBFC_PHYS_s14_T1_ctrl,0,161,5.366666666666666,-0.9284560680389404,0.95041984586138
UBFC_PHYS_s14_T1_ctrl,0,162,5.4,-0.6705881357192993,1.2240447381623418
UBFC_PHYS_s14_T1_ctrl,0,163,5.433333333333334,0.01455314364284277,1.334381285118355
UBFC_PHYS_s14_T1_ctrl,0,164,5.466666666666667,0.8205735683441162,1.3047117543141786
UBFC_PHYS_s14_T1_ctrl,0,165,5.5,1.40553617477417,1.1717581490234243
UBFC_PHYS_s14_T1_ctrl,0,166,5.533333333333333,1.6592921018600464,0.9669317751001185
UBFC_PHYS_s14_T1_ctrl,0,167,5.566666666666666,1.6880192756652832,0.7065332944415537
UBFC_PHYS_s14_T1_ctrl,0,168,5.6,1.5926002264022827,0.39380348261129045
UBFC_PHYS_s14_T1_ctrl,0,169,5.633333333333334,1.4402339458465576,0.029628308810452187
UBFC_PHYS_s14_T1_ctrl,0,170,5.666666666666667,1.2994993925094604,-0.3746306387789436
UBFC_PHYS_s14_T1_ctrl,0,171,5.7,1.1990389823913574,-0.7885432713982267
UBFC_PHYS_s14_T1_ctrl,0,172,5.733333333333333,1.0908054113388062,-1.1620281331016438
UBFC_PHYS_s14_T1_ctrl,0,173,5.766666666666667,0.9223857522010803,-1.4333428097016927
UBFC_PHYS_s14_T1_ctrl,0,174,5.8,0.6967372298240662,-1.5437109857362195
UBFC_PHYS_s14_T1_ctrl,0,175,5.833333333333333,0.42909643054008484,-1.4548346606061873
UBFC_PHYS_s14_T1_ctrl,0,176,5.866666666666666,0.10656435042619705,-1.1640624564158428
UBFC_PHYS_s14_T1_ctrl,0,177,5.9,-0.2861519753932953,-0.7112926591019404
UBFC_PHYS_s14_T1_ctrl,0,178,5.933333333333334,-0.7426593899726868,-0.17291150953437368
UBFC_PHYS_s14_T1_ctrl,0,179,5.966666666666667,-1.1833386421203613,0.35756980097975927
UBFC_PHYS_s14_T1_ctrl,0,180,6.0,-1.3809924125671387,0.7958684261781016
UBFC_PHYS_s14_T1_ctrl,0,181,6.033333333333333,-1.075020670890808,1.089391921432854
UBFC_PHYS_s14_T1_ctrl,0,182,6.066666666666666,-0.37591007351875305,1.226294065424711
UBFC_PHYS_s14_T1_ctrl,0,183,6.1,0.3055417537689209,1.2282849244026661
UBFC_PHYS_s14_T1_ctrl,0,184,6.133333333333334,0.6571670770645142,1.1324537404351456
UBFC_PHYS_s14_T1_ctrl,0,185,6.166666666666667,0.6611663103103638,0.9721034511775005
UBFC_PHYS_s14_T1_ctrl,0,186,6.2,0.48212891817092896,0.7653704843342773
UBFC_PHYS_s14_T1_ctrl,0,187,6.233333333333333,0.30649930238723755,0.5150629620405364
UBFC_PHYS_s14_T1_ctrl,0,188,6.266666666666667,0.19849106669425964,0.21748919031339412
UBFC_PHYS_s14_T1_ctrl,0,189,6.3,0.08307572454214096,-0.12527305864059368
UBFC_PHYS_s14_T1_ctrl,0,190,6.333333333333333,-0.12206955254077911,-0.4954124895607725
UBFC_PHYS_s14_T1_ctrl,0,191,6.366666666666666,-0.4324066936969757,-0.8556315927362058
UBFC_PHYS_s14_T1_ctrl,0,192,6.4,-0.7751041054725647,-1.1531880323623502
UBFC_PHYS_s14_T1_ctrl,0,193,6.433333333333334,-1.0302401781082153,-1.3311041426787757
UBFC_PHYS_s14_T1_ctrl,0,194,6.466666666666667,-1.1798745393753052,-1.3438505692671172
UBFC_PHYS_s14_T1_ctrl,0,195,6.5,-1.3218483924865723,-1.1730169257309833
UBFC_PHYS_s14_T1_ctrl,0,196,6.533333333333333,-1.4837621450424194,-0.837435316674838
UBFC_PHYS_s14_T1_ctrl,0,197,6.566666666666666,-1.5965864658355713,-0.3927380012681706
UBFC_PHYS_s14_T1_ctrl,0,198,6.6,-1.642746925354004,0.08182706264268107
UBFC_PHYS_s14_T1_ctrl,0,199,6.633333333333334,-1.5628180503845215,0.5061738288399599
UBFC_PHYS_s14_T1_ctrl,0,200,6.666666666666667,-1.1906049251556396,0.822753976075428
UBFC_PHYS_s14_T1_ctrl,0,201,6.7,-0.5168981552124023,1.009899858301538
UBFC_PHYS_s14_T1_ctrl,0,202,6.733333333333333,0.22704917192459106,1.0796934242064669
UBFC_PHYS_s14_T1_ctrl,0,203,6.766666666666667,0.8399220705032349,1.063197758356923
UBFC_PHYS_s14_T1_ctrl,0,204,6.8,1.209262490272522,0.9915809584222012
UBFC_PHYS_s14_T1_ctrl,0,205,6.833333333333333,1.2273999452590942,0.8822634521751812
UBFC_PHYS_s14_T1_ctrl,0,206,6.866666666666666,0.9330316781997681,0.7353816910110373
UBFC_PHYS_s14_T1_ctrl,0,207,6.9,0.5836876630783081,0.5402769447048691
UBFC_PHYS_s14_T1_ctrl,0,208,6.933333333333334,0.40721315145492554,0.2873948271977684
UBFC_PHYS_s14_T1_ctrl,0,209,6.966666666666667,0.4155214726924896,-0.02044854170580033
UBFC_PHYS_s14_T1_ctrl,0,210,7.0,0.47275036573410034,-0.3620615708446406
UBFC_PHYS_s14_T1_ctrl,0,211,7.033333333333333,0.4528385400772095,-0.6989592336141496
UBFC_PHYS_s14_T1_ctrl,0,212,7.066666666666666,0.3233131170272827,-0.9828106690849185
UBFC_PHYS_s14_T1_ctrl,0,213,7.1,0.10284672677516937,-1.1668955808947754
UBFC_PHYS_s14_T1_ctrl,0,214,7.133333333333334,-0.1842271089553833,-1.218412445353394
UBFC_PHYS_s14_T1_ctrl,0,215,7.166666666666667,-0.5242488980293274,-1.128246568904031
UBFC_PHYS_s14_T1_ctrl,0,216,7.2,-0.9349619150161743,-0.9150257378696272
UBFC_PHYS_s14_T1_ctrl,0,217,7.233333333333333,-1.4324758052825928,-0.6212079585363668
UBFC_PHYS_s14_T1_ctrl,0,218,7.266666666666667,-1.857552409172058,-0.3010196061345522
UBFC_PHYS_s14_T1_ctrl,0,219,7.3,-1.8549895286560059,-0.0036326172652011582
UBFC_PHYS_s14_T1_ctrl,0,220,7.333333333333333,-1.2752372026443481,0.24127161329228727
UBFC_PHYS_s14_T1_ctrl,0,221,7.366666666666666,-0.4001591205596924,0.4282187704296337
UBFC_PHYS_s14_T1_ctrl,0,222,7.4,0.3471960425376892,0.5688537551449377
UBFC_PHYS_s14_T1_ctrl,0,223,7.433333333333334,0.7855095863342285,0.6778494956472394
UBFC_PHYS_s14_T1_ctrl,0,224,7.466666666666667,0.9746296405792236,0.7600368788937086
UBFC_PHYS_s14_T1_ctrl,0,225,7.5,0.9830787777900696,0.8053979406709465
UBFC_PHYS_s14_T1_ctrl,0,226,7.533333333333333,0.8595804572105408,0.79360200214803
UBFC_PHYS_s14_T1_ctrl,0,227,7.566666666666666,0.74323570728302,0.704701142935856
UBFC_PHYS_s14_T1_ctrl,0,228,7.6,0.7312097549438477,0.5302366998042625
UBFC_PHYS_s14_T1_ctrl,0,229,7.633333333333334,0.7566980123519897,0.2798012953673318
UBFC_PHYS_s14_T1_ctrl,0,230,7.666666666666667,0.7111570835113525,-0.019139858603333726
UBFC_PHYS_s14_T1_ctrl,0,231,7.7,0.5942490696907043,-0.3272669390803259
UBFC_PHYS_s14_T1_ctrl,0,232,7.733333333333333,0.4327014088630676,-0.6023107343302323
UBFC_PHYS_s14_T1_ctrl,0,233,7.766666666666667,0.19083049893379211,-0.8075274362561405
UBFC_PHYS_s14_T1_ctrl,0,234,7.8,-0.11919684708118439,-0.9175196155244859
UBFC_PHYS_s14_T1_ctrl,0,235,7.833333333333333,-0.4082139730453491,-0.9208009095433158
UBFC_PHYS_s14_T1_ctrl,0,236,7.866666666666666,-0.6903591156005859,-0.8196818463743084
UBFC_PHYS_s14_T1_ctrl,0,237,7.9,-1.0720070600509644,-0.6284173094655527
UBFC_PHYS_s14_T1_ctrl,0,238,7.933333333333334,-1.519445776939392,-0.37034304856554884
UBFC_PHYS_s14_T1_ctrl,0,239,7.966666666666667,-1.8147715330123901,-0.07457964770722303
UBFC_PHYS_s14_T1_ctrl,1,0,1.0,0.30799201130867004,-0.03808067765215666
UBFC_PHYS_s14_T1_ctrl,1,1,1.0333333333333334,0.3086397647857666,0.006775806487469823
UBFC_PHYS_s14_T1_ctrl,1,2,1.0666666666666667,0.3133431375026703,0.01803651270087253
UBFC_PHYS_s14_T1_ctrl,1,3,1.1,0.35006874799728394,-0.02794178961571024
UBFC_PHYS_s14_T1_ctrl,1,4,1.1333333333333333,0.5271628499031067,-0.13742885351607242
UBFC_PHYS_s14_T1_ctrl,1,5,1.1666666666666667,0.8188837170600891,-0.2975947075721224
UBFC_PHYS_s14_T1_ctrl,1,6,1.2,0.9618714451789856,-0.4798649801584814
UBFC_PHYS_s14_T1_ctrl,1,7,1.2333333333333334,0.7294635772705078,-0.6463889454538548
UBFC_PHYS_s14_T1_ctrl,1,8,1.2666666666666666,0.15179544687271118,-0.7576351553950678
UBFC_PHYS_s14_T1_ctrl,1,9,1.3,-0.4889315068721771,-0.7801369239236621
UBFC_PHYS_s14_T1_ctrl,1,10,1.3333333333333333,-0.9217812418937683,-0.6939225264472164
UBFC_PHYS_s14_T1_ctrl,1,11,1.3666666666666667,-1.1044800281524658,-0.49873666509362474
UBFC_PHYS_s14_T1_ctrl,1,12,1.4,-1.1324185132980347,-0.2172602784762462
UBFC_PHYS_s14_T1_ctrl,1,13,1.4333333333333333,-1.1584136486053467,0.10699877355407544
UBFC_PHYS_s14_T1_ctrl,1,14,1.4666666666666666,-1.393271803855896,0.4187078120418692
UBFC_PHYS_s14_T1_ctrl,1,15,1.5,-1.8351340293884277,0.6654423648180103
UBFC_PHYS_s14_T1_ctrl,1,16,1.5333333333333334,-2.1514699459075928,0.8131346905651211
UBFC_PHYS_s14_T1_ctrl,1,17,1.5666666666666667,-2.116209030151367,0.8552129485038558
UBFC_PHYS_s14_T1_ctrl,1,18,1.6,-1.7767504453659058,0.8106088519870331
UBFC_PHYS_s14_T1_ctrl,1,19,1.6333333333333333,-1.2641407251358032,0.7113527437282654
UBFC_PHYS_s14_T1_ctrl,1,20,1.6666666666666667,-0.7771600484848022,0.5861628909266717
UBFC_PHYS_s14_T1_ctrl,1,21,1.7,-0.47262462973594666,0.4485464543906115
UBFC_PHYS_s14_T1_ctrl,1,22,1.7333333333333334,-0.2654797434806824,0.2948669057156949
UBFC_PHYS_s14_T1_ctrl,1,23,1.7666666666666666,0.000809198769275099,0.11205888223292443
UBFC_PHYS_s14_T1_ctrl,1,24,1.8,0.31010428071022034,-0.10994255272876327
UBFC_PHYS_s14_T1_ctrl,1,25,1.8333333333333333,0.6051203012466431,-0.3672574236051131
UBFC_PHYS_s14_T1_ctrl,1,26,1.8666666666666667,0.9005869626998901,-0.6368497186169022
UBFC_PHYS_s14_T1_ctrl,1,27,1.9,1.2098538875579834,-0.8783558238464055
UBFC_PHYS_s14_T1_ctrl,1,28,1.9333333333333333,1.4722280502319336,-1.0423348919736517
UBFC_PHYS_s14_T1_ctrl,1,29,1.9666666666666666,1.4849580526351929,-1.0831416667735858
UBFC_PHYS_s14_T1_ctrl,1,30,2.0,1.0388431549072266,-0.9732660583430567
UBFC_PHYS_s14_T1_ctrl,1,31,2.033333333333333,0.28931939601898193,-0.7148033874398017
UBFC_PHYS_s14_T1_ctrl,1,32,2.066666666666667,-0.32825690507888794,-0.3436281320407302
UBFC_PHYS_s14_T1_ctrl,1,33,2.1,-0.7219589352607727,0.07671758010863447
UBFC_PHYS_s14_T1_ctrl,1,34,2.1333333333333333,-1.1007623672485352,0.4713450560809615
UBFC_PHYS_s14_T1_ctrl,1,35,2.1666666666666665,-1.4104235172271729,0.7758979045229726
UBFC_PHYS_s14_T1_ctrl,1,36,2.2,-1.340267539024353,0.9550092645127265
UBFC_PHYS_s14_T1_ctrl,1,37,2.2333333333333334,-0.8150122165679932,1.0084012679465926
UBFC_PHYS_s14_T1_ctrl,1,38,2.2666666666666666,-0.06467168778181076,0.9619888105078533
UBFC_PHYS_s14_T1_ctrl,1,39,2.3,0.6474786996841431,0.8496404751427507
UBFC_PHYS_s14_T1_ctrl,1,40,2.3333333333333335,1.1237571239471436,0.6957161505476575
UBFC_PHYS_s14_T1_ctrl,1,41,2.3666666666666667,1.235257625579834,0.5069701649271584
UBFC_PHYS_s14_T1_ctrl,1,42,2.4,1.0430676937103271,0.27644239288283046
UBFC_PHYS_s14_T1_ctrl,1,43,2.433333333333333,0.7931419610977173,-0.0043689506811937515
UBFC_PHYS_s14_T1_ctrl,1,44,2.466666666666667,0.7132975459098816,-0.33185259449571214
UBFC_PHYS_s14_T1_ctrl,1,45,2.5,0.8242348432540894,-0.6813682952132435
UBFC_PHYS_s14_T1_ctrl,1,46,2.533333333333333,0.9617305994033813,-1.0066046102623198
UBFC_PHYS_s14_T1_ctrl,1,47,2.566666666666667,0.973249614238739,-1.2477116758337197
UBFC_PHYS_s14_T1_ctrl,1,48,2.6,0.848737359046936,-1.3463288326296825
UBFC_PHYS_s14_T1_ctrl,1,49,2.6333333333333333,0.6646867990493774,-1.2636399879342841
UBFC_PHYS_s14_T1_ctrl,1,50,2.6666666666666665,0.4454314410686493,-0.9957659954601616
UBFC_PHYS_s14_T1_ctrl,1,51,2.7,0.11484450846910477,-0.5801571254011938
UBFC_PHYS_s14_T1_ctrl,1,52,2.7333333333333334,-0.34076163172721863,-0.08856503133708707
UBFC_PHYS_s14_T1_ctrl,1,53,2.7666666666666666,-0.7803143858909607,0.3928116477837084
UBFC_PHYS_s14_T1_ctrl,1,54,2.8,-1.0511376857757568,0.7888888515275355
UBFC_PHYS_s14_T1_ctrl,1,55,2.8333333333333335,-1.0241568088531494,1.056011285435866
UBFC_PHYS_s14_T1_ctrl,1,56,2.8666666666666667,-0.5802667737007141,1.188192119034632
UBFC_PHYS_s14_T1_ctrl,1,57,2.9,0.1654548943042755,1.2075276609610126
UBFC_PHYS_s14_T1_ctrl,1,58,2.933333333333333,0.8802245259284973,1.1450817990174695
UBFC_PHYS_s14_T1_ctrl,1,59,2.966666666666667,1.3475186824798584,1.0229418210478936
UBFC_PHYS_s14_T1_ctrl,1,60,3.0,1.5580432415008545,0.8463464914440074
UBFC_PHYS_s14_T1_ctrl,1,61,3.033333333333333,1.558803677558899,0.6082357593746064
UBFC_PHYS_s14_T1_ctrl,1,62,3.066666666666667,1.4583996534347534,0.3014491615119949
UBFC_PHYS_s14_T1_ctrl,1,63,3.1,1.3866100311279297,-0.06920542341301175
UBFC_PHYS_s14_T1_ctrl,1,64,3.1333333333333333,1.3675994873046875,-0.48014946971876005
UBFC_PHYS_s14_T1_ctrl,1,65,3.1666666666666665,1.2948522567749023,-0.8884108337918365
UBFC_PHYS_s14_T1_ctrl,1,66,3.2,1.1032257080078125,-1.236548022729131
UBFC_PHYS_s14_T1_ctrl,1,67,3.2333333333333334,0.8239532113075256,-1.4627663848114372
UBFC_PHYS_s14_T1_ctrl,1,68,3.2666666666666666,0.4601047933101654,-1.5152641118888897
UBFC_PHYS_s14_T1_ctrl,1,69,3.3,-0.018229544162750244,-1.367861100089605
UBFC_PHYS_s14_T1_ctrl,1,70,3.3333333333333335,-0.5735356211662292,-1.0318151436289213
UBFC_PHYS_s14_T1_ctrl,1,71,3.3666666666666667,-1.1533441543579102,-0.5580680905824975
UBFC_PHYS_s14_T1_ctrl,1,72,3.4,-1.683809757232666,-0.026399862110428354
UBFC_PHYS_s14_T1_ctrl,1,73,3.433333333333333,-1.9715032577514648,0.4764564821962777
UBFC_PHYS_s14_T1_ctrl,1,74,3.466666666666667,-1.8091106414794922,0.8809733671185538
UBFC_PHYS_s14_T1_ctrl,1,75,3.5,-1.2584797143936157,1.150131609171157
UBFC_PHYS_s14_T1_ctrl,1,76,3.533333333333333,-0.6384813785552979,1.2798627288622073
UBFC_PHYS_s14_T1_ctrl,1,77,3.566666666666667,-0.17890414595603943,1.2871619744133438
UBFC_PHYS_s14_T1_ctrl,1,78,3.6,0.11729476600885391,1.1941188127724807
UBFC_PHYS_s14_T1_ctrl,1,79,3.6333333333333333,0.31959548592567444,1.0164421892106685
UBFC_PHYS_s14_T1_ctrl,1,80,3.6666666666666665,0.47542592883110046,0.7609700979537645
UBFC_PHYS_s14_T1_ctrl,1,81,3.7,0.5701690316200256,0.43122698758972744
UBFC_PHYS_s14_T1_ctrl,1,82,3.7333333333333334,0.5465958714485168,0.036498086230853724
UBFC_PHYS_s14_T1_ctrl,1,83,3.7666666666666666,0.4386439621448517,-0.40052552829073673
UBFC_PHYS_s14_T1_ctrl,1,84,3.8,0.36443230509757996,-0.8404510825906677
UBFC_PHYS_s14_T1_ctrl,1,85,3.8333333333333335,0.26574626564979553,-1.2290182631976838
UBFC_PHYS_s14_T1_ctrl,1,86,3.8666666666666667,-0.07838746905326843,-1.504173067794846
UBFC_PHYS_s14_T1_ctrl,1,87,3.9,-0.7462924718856812,-1.6082046272346349
UBFC_PHYS_s14_T1_ctrl,1,88,3.933333333333333,-1.5397236347198486,-1.503251030116059
UBFC_PHYS_s14_T1_ctrl,1,89,3.966666666666667,-2.140204429626465,-1.1859585594217998
UBFC_PHYS_s14_T1_ctrl,1,90,4.0,-2.3670077323913574,-0.6952050253463412
UBFC_PHYS_s14_T1_ctrl,1,91,4.033333333333333,-2.340421199798584,-0.10757133359084807
UBFC_PHYS_s14_T1_ctrl,1,92,4.066666666666666,-2.277784824371338,0.4804494196148762
UBFC_PHYS_s14_T1_ctrl,1,93,4.1,-2.076526165008545,0.9780822407593287
UBFC_PHYS_s14_T1_ctrl,1,94,4.133333333333334,-1.4423049688339233,1.323189942288678
UBFC_PHYS_s14_T1_ctrl,1,95,4.166666666666667,-0.37681132555007935,1.4924699781559734
UBFC_PHYS_s14_T1_ctrl,1,96,4.2,0.7286750078201294,1.496152958830574
UBFC_PHYS_s14_T1_ctrl,1,97,4.233333333333333,1.4771567583084106,1.3629559043414154
UBFC_PHYS_s14_T1_ctrl,1,98,4.266666666666667,1.7391647100448608,1.1246601393356486
UBFC_PHYS_s14_T1_ctrl,1,99,4.3,1.6154974699020386,0.8073095684875394
UBFC_PHYS_s14_T1_ctrl,1,100,4.333333333333333,1.28879714012146,0.4305351053262538
UBFC_PHYS_s14_T1_ctrl,1,101,4.366666666666666,0.9583228230476379,0.012129101691146667
UBFC_PHYS_s14_T1_ctrl,1,102,4.4,0.7906072735786438,-0.42583352128591395
UBFC_PHYS_s14_T1_ctrl,1,103,4.433333333333334,0.798577606678009,-0.8519229041973433
UBFC_PHYS_s14_T1_ctrl,1,104,4.466666666666667,0.8614955544471741,-1.22336550841212
UBFC_PHYS_s14_T1_ctrl,1,105,4.5,0.9061915874481201,-1.4890592602529524
UBFC_PHYS_s14_T1_ctrl,1,106,4.533333333333333,0.9427481889724731,-1.5985773083312087
UBFC_PHYS_s14_T1_ctrl,1,107,4.566666666666666,0.9603505730628967,-1.5159544327159786
UBFC_PHYS_s14_T1_ctrl,1,108,4.6,0.8951231837272644,-1.2341899415340287
UBFC_PHYS_s14_T1_ctrl,1,109,4.633333333333334,0.6332278251647949,-0.7842554294134528
UBFC_PHYS_s14_T1_ctrl,1,110,4.666666666666667,0.09563678503036499,-0.232728673849419
UBFC_PHYS_s14_T1_ctrl,1,111,4.7,-0.5675930380821228,0.3335852379942068
UBFC_PHYS_s14_T1_ctrl,1,112,4.733333333333333,-1.0263253450393677,0.8306828152469017
UBFC_PHYS_s14_T1_ctrl,1,113,4.766666666666667,-1.0539822578430176,1.1979372189157595
UBFC_PHYS_s14_T1_ctrl,1,114,4.8,-0.7208605408668518,1.4076823272048897
UBFC_PHYS_s14_T1_ctrl,1,115,4.833333333333333,-0.2923198640346527,1.461620702850282
UBFC_PHYS_s14_T1_ctrl,1,116,4.866666666666666,0.025255395099520683,1.3785684303828663
UBFC_PHYS_s14_T1_ctrl,1,117,4.9,0.20330707728862762,1.1814027414622812
UBFC_PHYS_s14_T1_ctrl,1,118,4.933333333333334,0.2786734700202942,0.8896942825126117
UBFC_PHYS_s14_T1_ctrl,1,119,4.966666666666667,0.23425911366939545,0.5199883938630291
UBFC_PHYS_s14_T1_ctrl,1,120,5.0,0.05494006350636482,0.09114630960507202
UBFC_PHYS_s14_T1_ctrl,1,121,5.033333333333333,-0.1757497936487198,-0.3697815808036342
UBFC_PHYS_s14_T1_ctrl,1,122,5.066666666666666,-0.3004028797149658,-0.8244172236888063
UBFC_PHYS_s14_T1_ctrl,1,123,5.1,-0.2275993973016739,-1.2237415807319592
UBFC_PHYS_s14_T1_ctrl,1,124,5.133333333333334,-0.012286977842450142,-1.5128486489936777
UBFC_PHYS_s14_T1_ctrl,1,125,5.166666666666667,0.18252217769622803,-1.6399107633460204
UBFC_PHYS_s14_T1_ctrl,1,126,5.2,0.21868452429771423,-1.5685738905911557
UBFC_PHYS_s14_T1_ctrl,1,127,5.233333333333333,0.08817337453365326,-1.2909476396209847
UBFC_PHYS_s14_T1_ctrl,1,128,5.266666666666667,-0.13964377343654633,-0.8362269138337898
UBFC_PHYS_s14_T1_ctrl,1,129,5.3,-0.44034889340400696,-0.2696647196645056
UBFC_PHYS_s14_T1_ctrl,1,130,5.333333333333333,-0.769415020942688,0.32054261432203573
UBFC_PHYS_s14_T1_ctrl,1,131,5.366666666666666,-0.9284560680389404,0.8453736658534932
UBFC_PHYS_s14_T1_ctrl,1,132,5.4,-0.6705881357192993,1.237478343654023
UBFC_PHYS_s14_T1_ctrl,1,133,5.433333333333334,0.01455314364284277,1.4642016491306054
UBFC_PHYS_s14_T1_ctrl,1,134,5.466666666666667,0.8205735683441162,1.5263708131083737
UBFC_PHYS_s14_T1_ctrl,1,135,5.5,1.40553617477417,1.445885671988733
UBFC_PHYS_s14_T1_ctrl,1,136,5.533333333333333,1.6592921018600464,1.2503170942464885
UBFC_PHYS_s14_T1_ctrl,1,137,5.566666666666666,1.6880192756652832,0.9625898124933041
UBFC_PHYS_s14_T1_ctrl,1,138,5.6,1.5926002264022827,0.5992290969669961
UBFC_PHYS_s14_T1_ctrl,1,139,5.633333333333334,1.4402339458465576,0.17540580121727595
UBFC_PHYS_s14_T1_ctrl,1,140,5.666666666666667,1.2994993925094604,-0.28746531962887684
UBFC_PHYS_s14_T1_ctrl,1,141,5.7,1.1990389823913574,-0.755630582995694
UBFC_PHYS_s14_T1_ctrl,1,142,5.733333333333333,1.0908054113388062,-1.1812983424469279
UBFC_PHYS_s14_T1_ctrl,1,143,5.766666666666667,0.9223857522010803,-1.5069109072637092
UBFC_PHYS_s14_T1_ctrl,1,144,5.8,0.6967372298240662,-1.6754910211095542
UBFC_PHYS_s14_T1_ctrl,1,145,5.833333333333333,0.42909643054008484,-1.6452342519028254
UBFC_PHYS_s14_T1_ctrl,1,146,5.866666666666666,0.10656435042619705,-1.4042107210516128
UBFC_PHYS_s14_T1_ctrl,1,147,5.9,-0.2861519753932953,-0.9793717215069433
UBFC_PHYS_s14_T1_ctrl,1,148,5.933333333333334,-0.7426593899726868,-0.43452672781815105
UBFC_PHYS_s14_T1_ctrl,1,149,5.966666666666667,-1.1833386421203613,0.1442469926930814
UBFC_PHYS_s14_T1_ctrl,1,150,6.0,-1.3809924125671387,0.6710967960271973
UBFC_PHYS_s14_T1_ctrl,1,151,6.033333333333333,-1.075020670890808,1.0815931058869037
UBFC_PHYS_s14_T1_ctrl,1,152,6.066666666666666,-0.37591007351875305,1.3440912330357793
UBFC_PHYS_s14_T1_ctrl,1,153,6.1,0.3055417537689209,1.457873814302331
UBFC_PHYS_s14_T1_ctrl,1,154,6.133333333333334,0.6571670770645142,1.4411112213710287
UBFC_PHYS_s14_T1_ctrl,1,155,6.166666666666667,0.6611663103103638,1.3160179035157185
UBFC_PHYS_s14_T1_ctrl,1,156,6.2,0.48212891817092896,1.0988163374846562
UBFC_PHYS_s14_T1_ctrl,1,157,6.233333333333333,0.30649930238723755,0.7984687352290979
UBFC_PHYS_s14_T1_ctrl,1,158,6.266666666666667,0.19849106669425964,0.42284019191551114
UBFC_PHYS_s14_T1_ctrl,1,159,6.3,0.08307572454214096,-0.012590586694324812
UBFC_PHYS_s14_T1_ctrl,1,160,6.333333333333333,-0.12206955254077911,-0.47824829036539845
UBFC_PHYS_s14_T1_ctrl,1,161,6.366666666666666,-0.4324066936969757,-0.9288336001686407
UBFC_PHYS_s14_T1_ctrl,1,162,6.4,-0.7751041054725647,-1.3073943514314463
UBFC_PHYS_s14_T1_ctrl,1,163,6.433333333333334,-1.0302401781082153,-1.5547774202965206
UBFC_PHYS_s14_T1_ctrl,1,164,6.466666666666667,-1.1798745393753052,-1.6228588380249527
UBFC_PHYS_s14_T1_ctrl,1,165,6.5,-1.3218483924865723,-1.4883882431264668
UBFC_PHYS_s14_T1_ctrl,1,166,6.533333333333333,-1.4837621450424194,-1.1629743379769297
UBFC_PHYS_s14_T1_ctrl,1,167,6.566666666666666,-1.5965864658355713,-0.694635150094845
UBFC_PHYS_s14_T1_ctrl,1,168,6.6,-1.642746925354004,-0.15832237080827205
UBFC_PHYS_s14_T1_ctrl,1,169,6.633333333333334,-1.5628180503845215,0.362894920364488
UBFC_PHYS_s14_T1_ctrl,1,170,6.666666666666667,-1.1906049251556396,0.7992571870454113
UBFC_PHYS_s14_T1_ctrl,1,171,6.7,-0.5168981552124023,1.1094327134878605
UBFC_PHYS_s14_T1_ctrl,1,172,6.733333333333333,0.22704917192459106,1.283428348870898
UBFC_PHYS_s14_T1_ctrl,1,173,6.766666666666667,0.8399220705032349,1.3336830735294989
UBFC_PHYS_s14_T1_ctrl,1,174,6.8,1.209262490272522,1.2803685601955561
UBFC_PHYS_s14_T1_ctrl,1,175,6.833333333333333,1.2273999452590942,1.1389893396530555
UBFC_PHYS_s14_T1_ctrl,1,176,6.866666666666666,0.9330316781997681,0.9160708769984314
UBFC_PHYS_s14_T1_ctrl,1,177,6.9,0.5836876630783081,0.6137100970461673
UBFC_PHYS_s14_T1_ctrl,1,178,6.933333333333334,0.40721315145492554,0.23897949517866782
UBFC_PHYS_s14_T1_ctrl,1,179,6.966666666666667,0.4155214726924896,-0.1877251655215297
UBFC_PHYS_s14_T1_ctrl,1,180,7.0,0.47275036573410034,-0.6295844116360734
UBFC_PHYS_s14_T1_ctrl,1,181,7.033333333333333,0.4528385400772095,-1.0364552166374097
UBFC_PHYS_s14_T1_ctrl,1,182,7.066666666666666,0.3233131170272827,-1.3528689627947967
UBFC_PHYS_s14_T1_ctrl,1,183,7.1,0.10284672677516937,-1.5287693163952472
UBFC_PHYS_s14_T1_ctrl,1,184,7.133333333333334,-0.1842271089553833,-1.5306164182918354
UBFC_PHYS_s14_T1_ctrl,1,185,7.166666666666667,-0.5242488980293274,-1.3503380391912208
UBFC_PHYS_s14_T1_ctrl,1,186,7.2,-0.9349619150161743,-1.0095075034920038
UBFC_PHYS_s14_T1_ctrl,1,187,7.233333333333333,-1.4324758052825928,-0.5566350678658466
UBFC_PHYS_s14_T1_ctrl,1,188,7.266666666666667,-1.857552409172058,-0.057144156164327456
UBFC_PHYS_s14_T1_ctrl,1,189,7.3,-1.8549895286560059,0.42161653742235133
UBFC_PHYS_s14_T1_ctrl,1,190,7.333333333333333,-1.2752372026443481,0.8252189605674297
UBFC_PHYS_s14_T1_ctrl,1,191,7.366666666666666,-0.4001591205596924,1.1211266644883686
UBFC_PHYS_s14_T1_ctrl,1,192,7.4,0.3471960425376892,1.2987413552820661
UBFC_PHYS_s14_T1_ctrl,1,193,7.433333333333334,0.7855095863342285,1.362067500344772
UBFC_PHYS_s14_T1_ctrl,1,194,7.466666666666667,0.9746296405792236,1.320259188105133
UBFC_PHYS_s14_T1_ctrl,1,195,7.5,0.9830787777900696,1.1817344120902644
UBFC_PHYS_s14_T1_ctrl,1,196,7.533333333333333,0.8595804572105408,0.9542892620881641
UBFC_PHYS_s14_T1_ctrl,1,197,7.566666666666666,0.74323570728302,0.6493853110615764
UBFC_PHYS_s14_T1_ctrl,1,198,7.6,0.7312097549438477,0.28661459388725685
UBFC_PHYS_s14_T1_ctrl,1,199,7.633333333333334,0.7566980123519897,-0.10492838298950875
UBFC_PHYS_s14_T1_ctrl,1,200,7.666666666666667,0.7111570835113525,-0.48915782231259647
UBFC_PHYS_s14_T1_ctrl,1,201,7.7,0.5942490696907043,-0.8279616728239957
UBFC_PHYS_s14_T1_ctrl,1,202,7.733333333333333,0.4327014088630676,-1.0866303298004276
UBFC_PHYS_s14_T1_ctrl,1,203,7.766666666666667,0.19083049893379211,-1.2384446980600914
UBFC_PHYS_s14_T1_ctrl,1,204,7.8,-0.11919684708118439,-1.2679330305166485
UBFC_PHYS_s14_T1_ctrl,1,205,7.833333333333333,-0.4082139730453491,-1.1727607380302603
UBFC_PHYS_s14_T1_ctrl,1,206,7.866666666666666,-0.6903591156005859,-0.9643080456307475
UBFC_PHYS_s14_T1_ctrl,1,207,7.9,-1.0720070600509644,-0.6668210407993311
UBFC_PHYS_s14_T1_ctrl,1,208,7.933333333333334,-1.519445776939392,-0.314816835154129
UBFC_PHYS_s14_T1_ctrl,1,209,7.966666666666667,-1.8147715330123901,0.05149802584879624
UBFC_PHYS_s14_T1_ctrl,1,210,8.0,-1.7409260272979736,0.39243138808664546
UBFC_PHYS_s14_T1_ctrl,1,211,8.033333333333333,-1.2468762397766113,0.6751256861311549
UBFC_PHYS_s14_T1_ctrl,1,212,8.066666666666666,-0.5285580158233643,0.8775160267215275
UBFC_PHYS_s14_T1_ctrl,1,213,8.1,0.13765721023082733,0.9882149283330471
UBFC_PHYS_s14_T1_ctrl,1,214,8.133333333333333,0.5549324154853821,1.0034122487576878
UBFC_PHYS_s14_T1_ctrl,1,215,8.166666666666666,0.6877811551094055,0.9240661242344322
UBFC_PHYS_s14_T1_ctrl,1,216,8.2,0.6469717621803284,0.7558486303204217
UBFC_PHYS_s14_T1_ctrl,1,217,8.233333333333333,0.6063313484191895,0.5114956343258776
UBFC_PHYS_s14_T1_ctrl,1,218,8.266666666666667,0.6594483256340027,0.21295534938953484
UBFC_PHYS_s14_T1_ctrl,1,219,8.3,0.7480235695838928,-0.10927204392379909
UBFC_PHYS_s14_T1_ctrl,1,220,8.333333333333334,0.7950853109359741,-0.4200569562232586
UBFC_PHYS_s14_T1_ctrl,1,221,8.366666666666667,0.8064916133880615,-0.6850701938944709
UBFC_PHYS_s14_T1_ctrl,1,222,8.4,0.7784404754638672,-0.875608693695895
UBFC_PHYS_s14_T1_ctrl,1,223,8.433333333333334,0.6325237154960632,-0.9718175111993678
UBFC_PHYS_s14_T1_ctrl,1,224,8.466666666666667,0.30449968576431274,-0.9644765806355304
UBFC_PHYS_s14_T1_ctrl,1,225,8.5,-0.15121911466121674,-0.8559507556533118
UBFC_PHYS_s14_T1_ctrl,1,226,8.533333333333333,-0.5716767907142639,-0.6604915134001285
UBFC_PHYS_s14_T1_ctrl,1,227,8.566666666666666,-0.8829715251922607,-0.4032039977299251
UBFC_PHYS_s14_T1_ctrl,1,228,8.6,-1.1646941900253296,-0.1164902670347916
UBFC_PHYS_s14_T1_ctrl,1,229,8.633333333333333,-1.4129582643508911,0.1662662994155131
UBFC_PHYS_s14_T1_ctrl,1,230,8.666666666666666,-1.420562505722046,0.4177090277990322
UBFC_PHYS_s14_T1_ctrl,1,231,8.7,-1.0326340198516846,0.620761826109432
UBFC_PHYS_s14_T1_ctrl,1,232,8.733333333333333,-0.3656584322452545,0.7680592050011968
UBFC_PHYS_s14_T1_ctrl,1,233,8.766666666666667,0.2963321805000305,0.8575515112026698
UBFC_PHYS_s14_T1_ctrl,1,234,8.8,0.7241969704627991,0.8876509621179246
UBFC_PHYS_s14_T1_ctrl,1,235,8.833333333333334,0.8429638147354126,0.8553171460557127
UBFC_PHYS_s14_T1_ctrl,1,236,8.866666666666667,0.7256333231925964,0.7581526468034732
UBFC_PHYS_s14_T1_ctrl,1,237,8.9,0.571858823299408,0.5987122813168895
UBFC_PHYS_s14_T1_ctrl,1,238,8.933333333333334,0.5391324758529663,0.3879057353185788
UBFC_PHYS_s14_T1_ctrl,1,239,8.966666666666667,0.5774352550506592,0.14526991471546138
UBFC_PHYS_s14_T1_ctrl,2,0,2.0,1.0388431549072266,0.05193977647793201
UBFC_PHYS_s14_T1_ctrl,2,1,2.033333333333333,0.28931939601898193,0.46992484813951535
UBFC_PHYS_s14_T1_ctrl,2,2,2.066666666666667,-0.32825690507888794,0.8313999940889545
UBFC_PHYS_s14_T1_ctrl,2,3,2.1,-0.7219589352607727,1.090707964675226
UBFC_PHYS_s14_T1_ctrl,2,4,2.1333333333333333,-1.1007623672485352,1.215813859042564
UBFC_PHYS_s14_T1_ctrl,2,5,2.1666666666666665,-1.4104235172271729,1.1959104805913616
UBFC_PHYS_s14_T1_ctrl,2,6,2.2,-1.340267539024353,1.0455718949841153
UBFC_PHYS_s14_T1_ctrl,2,7,2.2333333333333334,-0.8150122165679932,0.8019960756374682
UBFC_PHYS_s14_T1_ctrl,2,8,2.2666666666666666,-0.06467168778181076,0.5148529795980443
UBFC_PHYS_s14_T1_ctrl,2,9,2.3,0.6474786996841431,0.23198027422196757
UBFC_PHYS_s14_T1_ctrl,2,10,2.3333333333333335,1.1237571239471436,-0.013718699441915342
UBFC_PHYS_s14_T1_ctrl,2,11,2.3666666666666667,1.235257625579834,-0.21124091888345223
UBFC_PHYS_s14_T1_ctrl,2,12,2.4,1.0430676937103271,-0.3698810748555321
UBFC_PHYS_s14_T1_ctrl,2,13,2.433333333333333,0.7931419610977173,-0.5098965752267597
UBFC_PHYS_s14_T1_ctrl,2,14,2.466666666666667,0.7132975459098816,-0.6489699653334283
UBFC_PHYS_s14_T1_ctrl,2,15,2.5,0.8242348432540894,-0.7894999504665993
UBFC_PHYS_s14_T1_ctrl,2,16,2.533333333333333,0.9617305994033813,-0.9118306508890762
UBFC_PHYS_s14_T1_ctrl,2,17,2.566666666666667,0.973249614238739,-0.9769356922546076
UBFC_PHYS_s14_T1_ctrl,2,18,2.6,0.848737359046936,-0.9389051903612197
UBFC_PHYS_s14_T1_ctrl,2,19,2.6333333333333333,0.6646867990493774,-0.7636561797960747
UBFC_PHYS_s14_T1_ctrl,2,20,2.6666666666666665,0.4454314410686493,-0.4469882877340419
UBFC_PHYS_s14_T1_ctrl,2,21,2.7,0.11484450846910477,-0.024021989724039662
UBFC_PHYS_s14_T1_ctrl,2,22,2.7333333333333334,-0.34076163172721863,0.4356439130943936
UBFC_PHYS_s14_T1_ctrl,2,23,2.7666666666666666,-0.7803143858909607,0.8469372873452345
UBFC_PHYS_s14_T1_ctrl,2,24,2.8,-1.0511376857757568,1.1352171836776899
UBFC_PHYS_s14_T1_ctrl,2,25,2.8333333333333335,-1.0241568088531494,1.2580007309203354
UBFC_PHYS_s14_T1_ctrl,2,26,2.8666666666666667,-0.5802667737007141,1.2139649911374863
UBFC_PHYS_s14_T1_ctrl,2,27,2.9,0.1654548943042755,1.0371415220997493
UBFC_PHYS_s14_T1_ctrl,2,28,2.933333333333333,0.8802245259284973,0.7802852395619387
UBFC_PHYS_s14_T1_ctrl,2,29,2.966666666666667,1.3475186824798584,0.4948655107822356
UBFC_PHYS_s14_T1_ctrl,2,30,3.0,1.5580432415008545,0.21551620758815154
UBFC_PHYS_s14_T1_ctrl,2,31,3.033333333333333,1.558803677558899,-0.04571984017667748
UBFC_PHYS_s14_T1_ctrl,2,32,3.066666666666667,1.4583996534347534,-0.2943771453572586
UBFC_PHYS_s14_T1_ctrl,2,33,3.1,1.3866100311279297,-0.5410913671502524
UBFC_PHYS_s14_T1_ctrl,2,34,3.1333333333333333,1.3675994873046875,-0.7874538356116473
UBFC_PHYS_s14_T1_ctrl,2,35,3.1666666666666665,1.2948522567749023,-1.0162018200435003
UBFC_PHYS_s14_T1_ctrl,2,36,3.2,1.1032257080078125,-1.190042671433461
UBFC_PHYS_s14_T1_ctrl,2,37,3.2333333333333334,0.8239532113075256,-1.2603928902650847
UBFC_PHYS_s14_T1_ctrl,2,38,3.2666666666666666,0.4601047933101654,-1.1837530156916254
UBFC_PHYS_s14_T1_ctrl,2,39,3.3,-0.018229544162750244,-0.9402384561239405
UBFC_PHYS_s14_T1_ctrl,2,40,3.3333333333333335,-0.5735356211662292,-0.5470118920678436
UBFC_PHYS_s14_T1_ctrl,2,41,3.3666666666666667,-1.1533441543579102,-0.06013913756042939
UBFC_PHYS_s14_T1_ctrl,2,42,3.4,-1.683809757232666,0.4377812117411592
UBFC_PHYS_s14_T1_ctrl,2,43,3.433333333333333,-1.9715032577514648,0.8607529042107093
UBFC_PHYS_s14_T1_ctrl,2,44,3.466666666666667,-1.8091106414794922,1.1440064296375356
UBFC_PHYS_s14_T1_ctrl,2,45,3.5,-1.2584797143936157,1.2595362689930536
UBFC_PHYS_s14_T1_ctrl,2,46,3.533333333333333,-0.6384813785552979,1.2170044350567575
UBFC_PHYS_s14_T1_ctrl,2,47,3.566666666666667,-0.17890414595603943,1.051970111483915
UBFC_PHYS_s14_T1_ctrl,2,48,3.6,0.11729476600885391,0.8083296659137631
UBFC_PHYS_s14_T1_ctrl,2,49,3.6333333333333333,0.31959548592567444,0.5227546078169222
UBFC_PHYS_s14_T1_ctrl,2,50,3.6666666666666665,0.47542592883110046,0.2167837762833138
UBFC_PHYS_s14_T1_ctrl,2,51,3.7,0.5701690316200256,-0.1015609450725322
UBFC_PHYS_s14_T1_ctrl,2,52,3.7333333333333334,0.5465958714485168,-0.428733795996745
UBFC_PHYS_s14_T1_ctrl,2,53,3.7666666666666666,0.4386439621448517,-0.7540241105969632
UBFC_PHYS_s14_T1_ctrl,2,54,3.8,0.36443230509757996,-1.0508314445891784
UBFC_PHYS_s14_T1_ctrl,2,55,3.8333333333333335,0.26574626564979553,-1.2752424387598669
UBFC_PHYS_s14_T1_ctrl,2,56,3.8666666666666667,-0.07838746905326843,-1.373932004101771
UBFC_PHYS_s14_T1_ctrl,2,57,3.9,-0.7462924718856812,-1.3001663771353333
UBFC_PHYS_s14_T1_ctrl,2,58,3.933333333333333,-1.5397236347198486,-1.0330940825110384
UBFC_PHYS_s14_T1_ctrl,2,59,3.966666666666667,-2.140204429626465,-0.5927197436715603
UBFC_PHYS_s14_T1_ctrl,2,60,4.0,-2.3670077323913574,-0.0426660950675734
UBFC_PHYS_s14_T1_ctrl,2,61,4.033333333333333,-2.340421199798584,0.5231607500219873
UBFC_PHYS_s14_T1_ctrl,2,62,4.066666666666666,-2.277784824371338,1.006211513930964
UBFC_PHYS_s14_T1_ctrl,2,63,4.1,-2.076526165008545,1.3308870505125285
UBFC_PHYS_s14_T1_ctrl,2,64,4.133333333333334,-1.4423049688339233,1.4628630215785015
UBFC_PHYS_s14_T1_ctrl,2,65,4.166666666666667,-0.37681132555007935,1.4117391051680068
UBFC_PHYS_s14_T1_ctrl,2,66,4.2,0.7286750078201294,1.21893837735781
UBFC_PHYS_s14_T1_ctrl,2,67,4.233333333333333,1.4771567583084106,0.9377672535497613
UBFC_PHYS_s14_T1_ctrl,2,68,4.266666666666667,1.7391647100448608,0.6145450973439635
UBFC_PHYS_s14_T1_ctrl,2,69,4.3,1.6154974699020386,0.2777312306443622
UBFC_PHYS_s14_T1_ctrl,2,70,4.333333333333333,1.28879714012146,-0.062265676905572415
UBFC_PHYS_s14_T1_ctrl,2,71,4.366666666666666,0.9583228230476379,-0.40437072153648657
UBFC_PHYS_s14_T1_ctrl,2,72,4.4,0.7906072735786438,-0.7440635937649877
UBFC_PHYS_s14_T1_ctrl,2,73,4.433333333333334,0.798577606678009,-1.0623889397935675
UBFC_PHYS_s14_T1_ctrl,2,74,4.466666666666667,0.8614955544471741,-1.3216694425343734
UBFC_PHYS_s14_T1_ctrl,2,75,4.5,0.9061915874481201,-1.4705364332227653
UBFC_PHYS_s14_T1_ctrl,2,76,4.533333333333333,0.9427481889724731,-1.4578638847777892
UBFC_PHYS_s14_T1_ctrl,2,77,4.566666666666666,0.9603505730628967,-1.2518208018011028
UBFC_PHYS_s14_T1_ctrl,2,78,4.6,0.8951231837272644,-0.8572611650104195
UBFC_PHYS_s14_T1_ctrl,2,79,4.633333333333334,0.6332278251647949,-0.3235212952852783
UBFC_PHYS_s14_T1_ctrl,2,80,4.666666666666667,0.09563678503036499,0.2630939056735644
UBFC_PHYS_s14_T1_ctrl,2,81,4.7,-0.5675930380821228,0.8016827126120207
UBFC_PHYS_s14_T1_ctrl,2,82,4.733333333333333,-1.0263253450393677,1.2055383847935142
UBFC_PHYS_s14_T1_ctrl,2,83,4.766666666666667,-1.0539822578430176,1.4248269984698387
UBFC_PHYS_s14_T1_ctrl,2,84,4.8,-0.7208605408668518,1.4541671417702964
UBFC_PHYS_s14_T1_ctrl,2,85,4.833333333333333,-0.2923198640346527,1.3242247168481773
UBFC_PHYS_s14_T1_ctrl,2,86,4.866666666666666,0.025255395099520683,1.0834387807487256
UBFC_PHYS_s14_T1_ctrl,2,87,4.9,0.20330707728862762,0.7788639780748702
UBFC_PHYS_s14_T1_ctrl,2,88,4.933333333333334,0.2786734700202942,0.44361073960366826
UBFC_PHYS_s14_T1_ctrl,2,89,4.966666666666667,0.23425911366939545,0.09420623923165544
UBFC_PHYS_s14_T1_ctrl,2,90,5.0,0.05494006350636482,-0.26323968033874195
UBFC_PHYS_s14_T1_ctrl,2,91,5.033333333333333,-0.1757497936487198,-0.6222174792777277
UBFC_PHYS_s14_T1_ctrl,2,92,5.066666666666666,-0.3004028797149658,-0.9654972471871308
UBFC_PHYS_s14_T1_ctrl,2,93,5.1,-0.2275993973016739,-1.2597383962650808
UBFC_PHYS_s14_T1_ctrl,2,94,5.133333333333334,-0.012286977842450142,-1.4577337722997636
UBFC_PHYS_s14_T1_ctrl,2,95,5.166666666666667,0.18252217769622803,-1.508673193822969
UBFC_PHYS_s14_T1_ctrl,2,96,5.2,0.21868452429771423,-1.3741655807213793
UBFC_PHYS_s14_T1_ctrl,2,97,5.233333333333333,0.08817337453365326,-1.0451412423411905
UBFC_PHYS_s14_T1_ctrl,2,98,5.266666666666667,-0.13964377343654633,-0.5529932107186668
UBFC_PHYS_s14_T1_ctrl,2,99,5.3,-0.44034889340400696,0.031179278450022198
UBFC_PHYS_s14_T1_ctrl,2,100,5.333333333333333,-0.769415020942688,0.6116486769758912
UBFC_PHYS_s14_T1_ctrl,2,101,5.366666666666666,-0.9284560680389404,1.093558293406604
UBFC_PHYS_s14_T1_ctrl,2,102,5.4,-0.6705881357192993,1.4087990196986317
UBFC_PHYS_s14_T1_ctrl,2,103,5.433333333333334,0.01455314364284277,1.5310048462111883
UBFC_PHYS_s14_T1_ctrl,2,104,5.466666666666667,0.8205735683441162,1.4742247335155139
UBFC_PHYS_s14_T1_ctrl,2,105,5.5,1.40553617477417,1.2783746819835056
UBFC_PHYS_s14_T1_ctrl,2,106,5.533333333333333,1.6592921018600464,0.989994392659623
UBFC_PHYS_s14_T1_ctrl,2,107,5.566666666666666,1.6880192756652832,0.647083369473979
UBFC_PHYS_s14_T1_ctrl,2,108,5.6,1.5926002264022827,0.2730916266664166
UBFC_PHYS_s14_T1_ctrl,2,109,5.633333333333334,1.4402339458465576,-0.11973113010323115
UBFC_PHYS_s14_T1_ctrl,2,110,5.666666666666667,1.2994993925094604,-0.5209729978883894
UBFC_PHYS_s14_T1_ctrl,2,111,5.7,1.1990389823913574,-0.9115933654842104
UBFC_PHYS_s14_T1_ctrl,2,112,5.733333333333333,1.0908054113388062,-1.2572330381565382
UBFC_PHYS_s14_T1_ctrl,2,113,5.766666666666667,0.9223857522010803,-1.508889706825768
UBFC_PHYS_s14_T1_ctrl,2,114,5.8,0.6967372298240662,-1.6122237570868556
UBFC_PHYS_s14_T1_ctrl,2,115,5.833333333333333,0.42909643054008484,-1.5237055524747656
UBFC_PHYS_s14_T1_ctrl,2,116,5.866666666666666,0.10656435042619705,-1.2286342662433214
UBFC_PHYS_s14_T1_ctrl,2,117,5.9,-0.2861519753932953,-0.7538054719255323
UBFC_PHYS_s14_T1_ctrl,2,118,5.933333333333334,-0.7426593899726868,-0.16777865304188483
UBFC_PHYS_s14_T1_ctrl,2,119,5.966666666666667,-1.1833386421203613,0.43412616860712966
UBFC_PHYS_s14_T1_ctrl,2,120,6.0,-1.3809924125671387,0.9555363961129387
UBFC_PHYS_s14_T1_ctrl,2,121,6.033333333333333,-1.075020670890808,1.3248592104771542
UBFC_PHYS_s14_T1_ctrl,2,122,6.066666666666666,-0.37591007351875305,1.510491450010787
UBFC_PHYS_s14_T1_ctrl,2,123,6.1,0.3055417537689209,1.5202781424336282
UBFC_PHYS_s14_T1_ctrl,2,124,6.133333333333334,0.6571670770645142,1.3880002258034105
UBFC_PHYS_s14_T1_ctrl,2,125,6.166666666666667,0.6611663103103638,1.1551754008343822
UBFC_PHYS_s14_T1_ctrl,2,126,6.2,0.48212891817092896,0.856667813043908
UBFC_PHYS_s14_T1_ctrl,2,127,6.233333333333333,0.30649930238723755,0.514763207000244
UBFC_PHYS_s14_T1_ctrl,2,128,6.266666666666667,0.19849106669425964,0.14165891711752956
UBFC_PHYS_s14_T1_ctrl,2,129,6.3,0.08307572454214096,-0.25288989242587384
UBFC_PHYS_s14_T1_ctrl,2,130,6.333333333333333,-0.12206955254077911,-0.652916085331688
UBFC_PHYS_s14_T1_ctrl,2,131,6.366666666666666,-0.4324066936969757,-1.0300940401703358
UBFC_PHYS_s14_T1_ctrl,2,132,6.4,-0.7751041054725647,-1.342604289626498
UBFC_PHYS_s14_T1_ctrl,2,133,6.433333333333334,-1.0302401781082153,-1.5403371025855632
UBFC_PHYS_s14_T1_ctrl,2,134,6.466666666666667,-1.1798745393753052,-1.5761406729067362
UBFC_PHYS_s14_T1_ctrl,2,135,6.5,-1.3218483924865723,-1.420691974410895
UBFC_PHYS_s14_T1_ctrl,2,136,6.533333333333333,-1.4837621450424194,-1.0763556744735132
UBFC_PHYS_s14_T1_ctrl,2,137,6.566666666666666,-1.5965864658355713,-0.5840496629386472
UBFC_PHYS_s14_T1_ctrl,2,138,6.6,-1.642746925354004,-0.01802955876045275
UBFC_PHYS_s14_T1_ctrl,2,139,6.633333333333334,-1.5628180503845215,0.5320058012575909
UBFC_PHYS_s14_T1_ctrl,2,140,6.666666666666667,-1.1906049251556396,0.9851334577821104
UBFC_PHYS_s14_T1_ctrl,2,141,6.7,-0.5168981552124023,1.289144617738372
UBFC_PHYS_s14_T1_ctrl,2,142,6.733333333333333,0.22704917192459106,1.4280300542166275
UBFC_PHYS_s14_T1_ctrl,2,143,6.766666666666667,0.8399220705032349,1.4158630971242323
UBFC_PHYS_s14_T1_ctrl,2,144,6.8,1.209262490272522,1.2825560810318226
UBFC_PHYS_s14_T1_ctrl,2,145,6.833333333333333,1.2273999452590942,1.0595228816201705
UBFC_PHYS_s14_T1_ctrl,2,146,6.866666666666666,0.9330316781997681,0.7710503811420218
UBFC_PHYS_s14_T1_ctrl,2,147,6.9,0.5836876630783081,0.43291700941576605
UBFC_PHYS_s14_T1_ctrl,2,148,6.933333333333334,0.40721315145492554,0.056683693596795905
UBFC_PHYS_s14_T1_ctrl,2,149,6.966666666666667,0.4155214726924896,-0.34328422958696764
UBFC_PHYS_s14_T1_ctrl,2,150,7.0,0.47275036573410034,-0.743355673235321
UBFC_PHYS_s14_T1_ctrl,2,151,7.033333333333333,0.4528385400772095,-1.107626061973171
UBFC_PHYS_s14_T1_ctrl,2,152,7.066666666666666,0.3233131170272827,-1.390151660169267
UBFC_PHYS_s14_T1_ctrl,2,153,7.1,0.10284672677516937,-1.5426678790278847
UBFC_PHYS_s14_T1_ctrl,2,154,7.133333333333334,-0.1842271089553833,-1.5263609900360942
UBFC_PHYS_s14_T1_ctrl,2,155,7.166666666666667,-0.5242488980293274,-1.3246880833540775
UBFC_PHYS_s14_T1_ctrl,2,156,7.2,-0.9349619150161743,-0.95304719770008
UBFC_PHYS_s14_T1_ctrl,2,157,7.233333333333333,-1.4324758052825928,-0.46073426139875817
UBFC_PHYS_s14_T1_ctrl,2,158,7.266666666666667,-1.857552409172058,0.07802602233109915
UBFC_PHYS_s14_T1_ctrl,2,159,7.3,-1.8549895286560059,0.5828519899992735
UBFC_PHYS_s14_T1_ctrl,2,160,7.333333333333333,-1.2752372026443481,0.9884797445007952
UBFC_PHYS_s14_T1_ctrl,2,161,7.366666666666666,-0.4001591205596924,1.2586235984533531
UBFC_PHYS_s14_T1_ctrl,2,162,7.4,0.3471960425376892,1.3869743724665153
UBFC_PHYS_s14_T1_ctrl,2,163,7.433333333333334,0.7855095863342285,1.3875643369796848
UBFC_PHYS_s14_T1_ctrl,2,164,7.466666666666667,0.9746296405792236,1.2815894618549326
UBFC_PHYS_s14_T1_ctrl,2,165,7.5,0.9830787777900696,1.0877048793554716
UBFC_PHYS_s14_T1_ctrl,2,166,7.533333333333333,0.8595804572105408,0.8191220380805893
UBFC_PHYS_s14_T1_ctrl,2,167,7.566666666666666,0.74323570728302,0.486564999591269
UBFC_PHYS_s14_T1_ctrl,2,168,7.6,0.7312097549438477,0.10386330248578352
UBFC_PHYS_s14_T1_ctrl,2,169,7.633333333333334,0.7566980123519897,-0.30705240070113005
UBFC_PHYS_s14_T1_ctrl,2,170,7.666666666666667,0.7111570835113525,-0.7138247385782353
UBFC_PHYS_s14_T1_ctrl,2,171,7.7,0.5942490696907043,-1.0748215261783227
UBFC_PHYS_s14_T1_ctrl,2,172,7.733333333333333,0.4327014088630676,-1.3437732562182778
UBFC_PHYS_s14_T1_ctrl,2,173,7.766666666666667,0.19083049893379211,-1.4774582211502079
UBFC_PHYS_s14_T1_ctrl,2,174,7.8,-0.11919684708118439,-1.4454278420999174
UBFC_PHYS_s14_T1_ctrl,2,175,7.833333333333333,-0.4082139730453491,-1.2397051020923733
UBFC_PHYS_s14_T1_ctrl,2,176,7.866666666666666,-0.6903591156005859,-0.8811291828758048
UBFC_PHYS_s14_T1_ctrl,2,177,7.9,-1.0720070600509644,-0.418749220608452
UBFC_PHYS_s14_T1_ctrl,2,178,7.933333333333334,-1.519445776939392,0.07952676650199857
UBFC_PHYS_s14_T1_ctrl,2,179,7.966666666666667,-1.8147715330123901,0.5430354195541511
UBFC_PHYS_s14_T1_ctrl,2,180,8.0,-1.7409260272979736,0.9151860742504832
UBFC_PHYS_s14_T1_ctrl,2,181,8.033333333333333,-1.2468762397766113,1.1638880111744518
UBFC_PHYS_s14_T1_ctrl,2,182,8.066666666666666,-0.5285580158233643,1.2819046119807749
UBFC_PHYS_s14_T1_ctrl,2,183,8.1,0.13765721023082733,1.278974910917916
UBFC_PHYS_s14_T1_ctrl,2,184,8.133333333333333,0.5549324154853821,1.1713047314489133
UBFC_PHYS_s14_T1_ctrl,2,185,8.166666666666666,0.6877811551094055,0.9741598070938142
UBFC_PHYS_s14_T1_ctrl,2,186,8.2,0.6469717621803284,0.7002834367794001
UBFC_PHYS_s14_T1_ctrl,2,187,8.233333333333333,0.6063313484191895,0.3631577216793641
UBFC_PHYS_s14_T1_ctrl,2,188,8.266666666666667,0.6594483256340027,-0.017922528862014054
UBFC_PHYS_s14_T1_ctrl,2,189,8.3,0.7480235695838928,-0.4140595603437345
UBFC_PHYS_s14_T1_ctrl,2,190,8.333333333333334,0.7950853109359741,-0.7862985778460257
UBFC_PHYS_s14_T1_ctrl,2,191,8.366666666666667,0.8064916133880615,-1.0892588252225284
UBFC_PHYS_s14_T1_ctrl,2,192,8.4,0.7784404754638672,-1.2784897840693388
UBFC_PHYS_s14_T1_ctrl,2,193,8.433333333333334,0.6325237154960632,-1.3202107979669264
UBFC_PHYS_s14_T1_ctrl,2,194,8.466666666666667,0.30449968576431274,-1.2010769910182055
UBFC_PHYS_s14_T1_ctrl,2,195,8.5,-0.15121911466121674,-0.934769827665786
UBFC_PHYS_s14_T1_ctrl,2,196,8.533333333333333,-0.5716767907142639,-0.5621372619789589
UBFC_PHYS_s14_T1_ctrl,2,197,8.566666666666666,-0.8829715251922607,-0.14309179759672463
UBFC_PHYS_s14_T1_ctrl,2,198,8.6,-1.1646941900253296,0.2583334899232968
UBFC_PHYS_s14_T1_ctrl,2,199,8.633333333333333,-1.4129582643508911,0.5906123903196946
UBFC_PHYS_s14_T1_ctrl,2,200,8.666666666666666,-1.420562505722046,0.8257532789876457
UBFC_PHYS_s14_T1_ctrl,2,201,8.7,-1.0326340198516846,0.9594680377751067
UBFC_PHYS_s14_T1_ctrl,2,202,8.733333333333333,-0.3656584322452545,1.0014117853231472
UBFC_PHYS_s14_T1_ctrl,2,203,8.766666666666667,0.2963321805000305,0.9623424287991731
UBFC_PHYS_s14_T1_ctrl,2,204,8.8,0.7241969704627991,0.8461757604949175
UBFC_PHYS_s14_T1_ctrl,2,205,8.833333333333334,0.8429638147354126,0.6510716127040881
UBFC_PHYS_s14_T1_ctrl,2,206,8.866666666666667,0.7256333231925964,0.3778600639021193
UBFC_PHYS_s14_T1_ctrl,2,207,8.9,0.571858823299408,0.040120528767572855
UBFC_PHYS_s14_T1_ctrl,2,208,8.933333333333334,0.5391324758529663,-0.32979544558340246
UBFC_PHYS_s14_T1_ctrl,2,209,8.966666666666667,0.5774352550506592,-0.6819018914421993
UBFC_PHYS_s14_T1_ctrl,2,210,9.0,0.5538621544837952,-0.9571528609226452
UBFC_PHYS_s14_T1_ctrl,2,211,9.033333333333333,0.4426432251930237,-1.1014414787600346
UBFC_PHYS_s14_T1_ctrl,2,212,9.066666666666666,0.26963287591934204,-1.0811831138172288
UBFC_PHYS_s14_T1_ctrl,2,213,9.1,0.013961703516542912,-0.8955413132432859
UBFC_PHYS_s14_T1_ctrl,2,214,9.133333333333333,-0.29998040199279785,-0.5804655311660809
UBFC_PHYS_s14_T1_ctrl,2,215,9.166666666666666,-0.586772620677948,-0.2013908496430992
UBFC_PHYS_s14_T1_ctrl,2,216,9.2,-0.8426127433776855,0.16511922909518864
UBFC_PHYS_s14_T1_ctrl,2,217,9.233333333333333,-1.1425575017929077,0.455472395509124
UBFC_PHYS_s14_T1_ctrl,2,218,9.266666666666667,-1.4037487506866455,0.638877909711205
UBFC_PHYS_s14_T1_ctrl,2,219,9.3,-1.3496460914611816,0.7229437786816787
UBFC_PHYS_s14_T1_ctrl,2,220,9.333333333333334,-0.8775640726089478,0.7419616904727245
UBFC_PHYS_s14_T1_ctrl,2,221,9.366666666666667,-0.2252054661512375,0.7342042535971365
UBFC_PHYS_s14_T1_ctrl,2,222,9.4,0.2706467807292938,0.7202151174866539
UBFC_PHYS_s14_T1_ctrl,2,223,9.433333333333334,0.41098710894584656,0.6929886496697962
UBFC_PHYS_s14_T1_ctrl,2,224,9.466666666666667,0.20510956645011902,0.6241021021223158
UBFC_PHYS_s14_T1_ctrl,2,225,9.5,-0.11193057894706726,0.48159954997863647
UBFC_PHYS_s14_T1_ctrl,2,226,9.533333333333333,-0.20729327201843262,0.2503420510949527
UBFC_PHYS_s14_T1_ctrl,2,227,9.566666666666666,-0.0023733130656182766,-0.0544975951235319
UBFC_PHYS_s14_T1_ctrl,2,228,9.6,0.3191448748111725,-0.3860635772528537
UBFC_PHYS_s14_T1_ctrl,2,229,9.633333333333333,0.5733515024185181,-0.6766364206880674
UBFC_PHYS_s14_T1_ctrl,2,230,9.666666666666666,0.6874995231628418,-0.8569727001170256
UBFC_PHYS_s14_T1_ctrl,2,231,9.7,0.6588005423545837,-0.878504883645005
UBFC_PHYS_s14_T1_ctrl,2,232,9.733333333333333,0.5367385745048523,-0.7317938456588895
UBFC_PHYS_s14_T1_ctrl,2,233,9.766666666666667,0.34666091203689575,-0.45469288644653716
UBFC_PHYS_s14_T1_ctrl,2,234,9.8,0.00728687783703208,-0.1254827931514885
UBFC_PHYS_s14_T1_ctrl,2,235,9.833333333333334,-0.5388941168785095,0.15921693125179578
UBFC_PHYS_s14_T1_ctrl,2,236,9.866666666666667,-1.1412055492401123,0.3153512843201145
UBFC_PHYS_s14_T1_ctrl,2,237,9.9,-1.487282633781433,0.2998491971086917
UBFC_PHYS_s14_T1_ctrl,2,238,9.933333333333334,-1.3633054494857788,0.12560088966165603
UBFC_PHYS_s14_T1_ctrl,2,239,9.966666666666667,-0.8317697048187256,-0.1425639640636936
UBFC_PHYS_s14_T1_ctrl,3,0,3.0,1.5580432415008545,-0.05646401654794876
UBFC_PHYS_s14_T1_ctrl,3,1,3.033333333333333,1.558803677558899,0.1487383975091898
UBFC_PHYS_s14_T1_ctrl,3,2,3.066666666666667,1.4583996534347534,0.27966901782298137
UBFC_PHYS_s14_T1_ctrl,3,3,3.1,1.3866100311279297,0.28401408168475595
UBFC_PHYS_s14_T1_ctrl,3,4,3.1333333333333333,1.3675994873046875,0.1495976561880872
UBFC_PHYS_s14_T1_ctrl,3,5,3.1666666666666665,1.2948522567749023,-0.09222787668445462
UBFC_PHYS_s14_T1_ctrl,3,6,3.2,1.1032257080078125,-0.376650731059272
UBFC_PHYS_s14_T1_ctrl,3,7,3.2333333333333334,0.8239532113075256,-0.6246655338722359
UBFC_PHYS_s14_T1_ctrl,3,8,3.2666666666666666,0.4601047933101654,-0.7652954410296754
UBFC_PHYS_s14_T1_ctrl,3,9,3.3,-0.018229544162750244,-0.7550116682984128
UBFC_PHYS_s14_T1_ctrl,3,10,3.3333333333333335,-0.5735356211662292,-0.5896531436339525
UBFC_PHYS_s14_T1_ctrl,3,11,3.3666666666666667,-1.1533441543579102,-0.30536772898054676
UBFC_PHYS_s14_T1_ctrl,3,12,3.4,-1.683809757232666,0.032787008982132514
UBFC_PHYS_s14_T1_ctrl,3,13,3.433333333333333,-1.9715032577514648,0.3519791310923917
UBFC_PHYS_s14_T1_ctrl,3,14,3.466666666666667,-1.8091106414794922,0.5948700116697734
UBFC_PHYS_s14_T1_ctrl,3,15,3.5,-1.2584797143936157,0.7352034797864098
UBFC_PHYS_s14_T1_ctrl,3,16,3.533333333333333,-0.6384813785552979,0.7793039656923587
UBFC_PHYS_s14_T1_ctrl,3,17,3.566666666666667,-0.17890414595603943,0.7540678399502102
UBFC_PHYS_s14_T1_ctrl,3,18,3.6,0.11729476600885391,0.6883730571794635
UBFC_PHYS_s14_T1_ctrl,3,19,3.6333333333333333,0.31959548592567444,0.5973799772868555
UBFC_PHYS_s14_T1_ctrl,3,20,3.6666666666666665,0.47542592883110046,0.4769541697357282
UBFC_PHYS_s14_T1_ctrl,3,21,3.7,0.5701690316200256,0.3098659225694101
UBFC_PHYS_s14_T1_ctrl,3,22,3.7333333333333334,0.5465958714485168,0.07953674763216866
UBFC_PHYS_s14_T1_ctrl,3,23,3.7666666666666666,0.4386439621448517,-0.21583153732870608
UBFC_PHYS_s14_T1_ctrl,3,24,3.8,0.36443230509757996,-0.5546250457261841
UBFC_PHYS_s14_T1_ctrl,3,25,3.8333333333333335,0.26574626564979553,-0.8912686120648388
UBFC_PHYS_s14_T1_ctrl,3,26,3.8666666666666667,-0.07838746905326843,-1.1637822013757984
UBFC_PHYS_s14_T1_ctrl,3,27,3.9,-0.7462924718856812,-1.3079192357314715
UBFC_PHYS_s14_T1_ctrl,3,28,3.933333333333333,-1.5397236347198486,-1.2749198564326705
UBFC_PHYS_s14_T1_ctrl,3,29,3.966666666666667,-2.140204429626465,-1.0482587206338767
UBFC_PHYS_s14_T1_ctrl,3,30,4.0,-2.3670077323913574,-0.6535299653758394
UBFC_PHYS_s14_T1_ctrl,3,31,4.033333333333333,-2.340421199798584,-0.15620726478293973
UBFC_PHYS_s14_T1_ctrl,3,32,4.066666666666666,-2.277784824371338,0.354456253069487
UBFC_PHYS_s14_T1_ctrl,3,33,4.1,-2.076526165008545,0.7910378004079801
UBFC_PHYS_s14_T1_ctrl,3,34,4.133333333333334,-1.4423049688339233,1.0927474226813678
UBFC_PHYS_s14_T1_ctrl,3,35,4.166666666666667,-0.37681132555007935,1.2381233478088371
UBFC_PHYS_s14_T1_ctrl,3,36,4.2,0.7286750078201294,1.2406285925454064
UBFC_PHYS_s14_T1_ctrl,3,37,4.233333333333333,1.4771567583084106,1.1315543911256725
UBFC_PHYS_s14_T1_ctrl,3,38,4.266666666666667,1.7391647100448608,0.9407949440726651
UBFC_PHYS_s14_T1_ctrl,3,39,4.3,1.6154974699020386,0.6856942715305739
UBFC_PHYS_s14_T1_ctrl,3,40,4.333333333333333,1.28879714012146,0.37210691045996075
UBFC_PHYS_s14_T1_ctrl,3,41,4.366666666666666,0.9583228230476379,0.0046081698664670896
UBFC_PHYS_s14_T1_ctrl,3,42,4.4,0.7906072735786438,-0.401062834680845
UBFC_PHYS_s14_T1_ctrl,3,43,4.433333333333334,0.798577606678009,-0.8098958863510383
UBFC_PHYS_s14_T1_ctrl,3,44,4.466666666666667,0.8614955544471741,-1.1675456595739473
UBFC_PHYS_s14_T1_ctrl,3,45,4.5,0.9061915874481201,-1.4088699504723103
UBFC_PHYS_s14_T1_ctrl,3,46,4.533333333333333,0.9427481889724731,-1.473437625463951
UBFC_PHYS_s14_T1_ctrl,3,47,4.566666666666666,0.9603505730628967,-1.3244519430057156
UBFC_PHYS_s14_T1_ctrl,3,48,4.6,0.8951231837272644,-0.965245279597686
UBFC_PHYS_s14_T1_ctrl,3,49,4.633333333333334,0.6332278251647949,-0.446174752404042
UBFC_PHYS_s14_T1_ctrl,3,50,4.666666666666667,0.09563678503036499,0.1435519619672003
UBFC_PHYS_s14_T1_ctrl,3,51,4.7,-0.5675930380821228,0.6988220334722803
UBFC_PHYS_s14_T1_ctrl,3,52,4.733333333333333,-1.0263253450393677,1.1281202716446652
UBFC_PHYS_s14_T1_ctrl,3,53,4.766666666666667,-1.0539822578430176,1.3770218611204932
UBFC_PHYS_s14_T1_ctrl,3,54,4.8,-0.7208605408668518,1.4363359471078163
UBFC_PHYS_s14_T1_ctrl,3,55,4.833333333333333,-0.2923198640346527,1.3337195489578795
UBFC_PHYS_s14_T1_ctrl,3,56,4.866666666666666,0.025255395099520683,1.1151050400583868
UBFC_PHYS_s14_T1_ctrl,3,57,4.9,0.20330707728862762,0.8254444004065697
UBFC_PHYS_s14_T1_ctrl,3,58,4.933333333333334,0.2786734700202942,0.4963648487276069
UBFC_PHYS_s14_T1_ctrl,3,59,4.966666666666667,0.23425911366939545,0.14373550687068698
UBFC_PHYS_s14_T1_ctrl,3,60,5.0,0.05494006350636482,-0.22610117725066042
UBFC_PHYS_s14_T1_ctrl,3,61,5.033333333333333,-0.1757497936487198,-0.6053547490760447
UBFC_PHYS_s14_T1_ctrl,3,62,5.066666666666666,-0.3004028797149658,-0.9740993385063469
UBFC_PHYS_s14_T1_ctrl,3,63,5.1,-0.2275993973016739,-1.2946062066564596
UBFC_PHYS_s14_T1_ctrl,3,64,5.133333333333334,-0.012286977842450142,-1.5139024991968202
UBFC_PHYS_s14_T1_ctrl,3,65,5.166666666666667,0.18252217769622803,-1.5752264740466662
UBFC_PHYS_s14_T1_ctrl,3,66,5.2,0.21868452429771423,-1.4358930873084428
UBFC_PHYS_s14_T1_ctrl,3,67,5.233333333333333,0.08817337453365326,-1.0860233121456588
UBFC_PHYS_s14_T1_ctrl,3,68,5.266666666666667,-0.13964377343654633,-0.5607414122794429
UBFC_PHYS_s14_T1_ctrl,3,69,5.3,-0.44034889340400696,0.060841578113076784
UBFC_PHYS_s14_T1_ctrl,3,70,5.333333333333333,-0.769415020942688,0.6724750185512569
UBFC_PHYS_s14_T1_ctrl,3,71,5.366666666666666,-0.9284560680389404,1.1692249585547367
UBFC_PHYS_s14_T1_ctrl,3,72,5.4,-0.6705881357192993,1.4765697126522277
UBFC_PHYS_s14_T1_ctrl,3,73,5.433333333333334,0.01455314364284277,1.5676612520492785
UBFC_PHYS_s14_T1_ctrl,3,74,5.466666666666667,0.8205735683441162,1.4624244749063124
UBFC_PHYS_s14_T1_ctrl,3,75,5.5,1.40553617477417,1.2114373993153909
UBFC_PHYS_s14_T1_ctrl,3,76,5.533333333333333,1.6592921018600464,0.8736587988979336
UBFC_PHYS_s14_T1_ctrl,3,77,5.566666666666666,1.6880192756652832,0.49777608686298125
UBFC_PHYS_s14_T1_ctrl,3,78,5.6,1.5926002264022827,0.1133890932034148
UBFC_PHYS_s14_T1_ctrl,3,79,5.633333333333334,1.4402339458465576,-0.26679292837721047
UBFC_PHYS_s14_T1_ctrl,3,80,5.666666666666667,1.2994993925094604,-0.6366045708333211
UBFC_PHYS_s14_T1_ctrl,3,81,5.7,1.1990389823913574,-0.983247761009494
UBFC_PHYS_s14_T1_ctrl,3,82,5.733333333333333,1.0908054113388062,-1.2776165236279098
UBFC_PHYS_s14_T1_ctrl,3,83,5.766666666666667,0.9223857522010803,-1.4735096055205517
UBFC_PHYS_s14_T1_ctrl,3,84,5.8,0.6967372298240662,-1.5178902407300758
UBFC_PHYS_s14_T1_ctrl,3,85,5.833333333333333,0.42909643054008484,-1.3696634065547966
UBFC_PHYS_s14_T1_ctrl,3,86,5.866666666666666,0.10656435042619705,-1.0199999563634976
UBFC_PHYS_s14_T1_ctrl,3,87,5.9,-0.2861519753932953,-0.5050702852970538
UBFC_PHYS_s14_T1_ctrl,3,88,5.933333333333334,-0.7426593899726868,0.09624669627719168
UBFC_PHYS_s14_T1_ctrl,3,89,5.966666666666667,-1.1833386421203613,0.6811625933286863
UBFC_PHYS_s14_T1_ctrl,3,90,6.0,-1.3809924125671387,1.151664764857512
UBFC_PHYS_s14_T1_ctrl,3,91,6.033333333333333,-1.075020670890808,1.44118704676258
UBFC_PHYS_s14_T1_ctrl,3,92,6.066666666666666,-0.37591007351875305,1.5286476961226432
UBFC_PHYS_s14_T1_ctrl,3,93,6.1,0.3055417537689209,1.435774072366409
UBFC_PHYS_s14_T1_ctrl,3,94,6.133333333333334,0.6571670770645142,1.2112618059534546
UBFC_PHYS_s14_T1_ctrl,3,95,6.166666666666667,0.6611663103103638,0.9101159916001541
UBFC_PHYS_s14_T1_ctrl,3,96,6.2,0.48212891817092896,0.5766394595953096
UBFC_PHYS_s14_T1_ctrl,3,97,6.233333333333333,0.30649930238723755,0.2362107262303257
UBFC_PHYS_s14_T1_ctrl,3,98,6.266666666666667,0.19849106669425964,-0.10320823578071893
UBFC_PHYS_s14_T1_ctrl,3,99,6.3,0.08307572454214096,-0.44218119384432186
UBFC_PHYS_s14_T1_ctrl,3,100,6.333333333333333,-0.12206955254077911,-0.7776218927277858
UBFC_PHYS_s14_T1_ctrl,3,101,6.366666666666666,-0.4324066936969757,-1.0920784510428618
UBFC_PHYS_s14_T1_ctrl,3,102,6.4,-0.7751041054725647,-1.3491449083476854
UBFC_PHYS_s14_T1_ctrl,3,103,6.433333333333334,-1.0302401781082153,-1.498246570343787
UBFC_PHYS_s14_T1_ctrl,3,104,6.466666666666667,-1.1798745393753052,-1.4887981691143612
UBFC_PHYS_s14_T1_ctrl,3,105,6.5,-1.3218483924865723,-1.2895236321654382
UBFC_PHYS_s14_T1_ctrl,3,106,6.533333333333333,-1.4837621450424194,-0.9053872850786767
UBFC_PHYS_s14_T1_ctrl,3,107,6.566666666666666,-1.5965864658355713,-0.38412504435891726
UBFC_PHYS_s14_T1_ctrl,3,108,6.6,-1.642746925354004,0.19219305638758002
UBFC_PHYS_s14_T1_ctrl,3,109,6.633333333333334,-1.5628180503845215,0.7287105089044654
UBFC_PHYS_s14_T1_ctrl,3,110,6.666666666666667,-1.1906049251556396,1.1440465942529046
UBFC_PHYS_s14_T1_ctrl,3,111,6.7,-0.5168981552124023,1.3903605548504536
UBFC_PHYS_s14_T1_ctrl,3,112,6.733333333333333,0.22704917192459106,1.4598568714477176
UBFC_PHYS_s14_T1_ctrl,3,113,6.766666666666667,0.8399220705032349,1.3772722491477374
UBFC_PHYS_s14_T1_ctrl,3,114,6.8,1.209262490272522,1.1837586478223752
UBFC_PHYS_s14_T1_ctrl,3,115,6.833333333333333,1.2273999452590942,0.9199963349660844
UBFC_PHYS_s14_T1_ctrl,3,116,6.866666666666666,0.9330316781997681,0.6150856895177664
UBFC_PHYS_s14_T1_ctrl,3,117,6.9,0.5836876630783081,0.284152734458127
UBFC_PHYS_s14_T1_ctrl,3,118,6.933333333333334,0.40721315145492554,-0.06634442246938058
UBFC_PHYS_s14_T1_ctrl,3,119,6.966666666666667,0.4155214726924896,-0.42935574269195353
UBFC_PHYS_s14_T1_ctrl,3,120,7.0,0.47275036573410034,-0.788600790442667
UBFC_PHYS_s14_T1_ctrl,3,121,7.033333333333333,0.4528385400772095,-1.114286717688756
UBFC_PHYS_s14_T1_ctrl,3,122,7.066666666666666,0.3233131170272827,-1.3651123540039827
UBFC_PHYS_s14_T1_ctrl,3,123,7.1,0.10284672677516937,-1.4963534616570306
UBFC_PHYS_s14_T1_ctrl,3,124,7.133333333333334,-0.1842271089553833,-1.471842179575963
UBFC_PHYS_s14_T1_ctrl,3,125,7.166666666666667,-0.5242488980293274,-1.2761856168060355
UBFC_PHYS_s14_T1_ctrl,3,126,7.2,-0.9349619150161743,-0.9229764736074685
UBFC_PHYS_s14_T1_ctrl,3,127,7.233333333333333,-1.4324758052825928,-0.4554513859583883
UBFC_PHYS_s14_T1_ctrl,3,128,7.266666666666667,-1.857552409172058,0.06174129959541716
UBFC_PHYS_s14_T1_ctrl,3,129,7.3,-1.8549895286560059,0.5576058496790702
UBFC_PHYS_s14_T1_ctrl,3,130,7.333333333333333,-1.2752372026443481,0.9713137894558724
UBFC_PHYS_s14_T1_ctrl,3,131,7.366666666666666,-0.4001591205596924,1.263808087314256
UBFC_PHYS_s14_T1_ctrl,3,132,7.4,0.3471960425376892,1.4206775786193626
UBFC_PHYS_s14_T1_ctrl,3,133,7.433333333333334,0.7855095863342285,1.4468366145815863
UBFC_PHYS_s14_T1_ctrl,3,134,7.466666666666667,0.9746296405792236,1.357026890573704
UBFC_PHYS_s14_T1_ctrl,3,135,7.5,0.9830787777900696,1.1673237438428383
UBFC_PHYS_s14_T1_ctrl,3,136,7.533333333333333,0.8595804572105408,0.8914978183271474
UBFC_PHYS_s14_T1_ctrl,3,137,7.566666666666666,0.74323570728302,0.542948608218508
UBFC_PHYS_s14_T1_ctrl,3,138,7.6,0.7312097549438477,0.13958936809651645
UBFC_PHYS_s14_T1_ctrl,3,139,7.633333333333334,0.7566980123519897,-0.2922137708441625
UBFC_PHYS_s14_T1_ctrl,3,140,7.666666666666667,0.7111570835113525,-0.7169308768947853
UBFC_PHYS_s14_T1_ctrl,3,141,7.7,0.5942490696907043,-1.092321740611713
UBFC_PHYS_s14_T1_ctrl,3,142,7.733333333333333,0.4327014088630676,-1.374186009082252
UBFC_PHYS_s14_T1_ctrl,3,143,7.766666666666667,0.19083049893379211,-1.5228144075969368
UBFC_PHYS_s14_T1_ctrl,3,144,7.8,-0.11919684708118439,-1.5104622476082723
UBFC_PHYS_s14_T1_ctrl,3,145,7.833333333333333,-0.4082139730453491,-1.3284984121797228
UBFC_PHYS_s14_T1_ctrl,3,146,7.866666666666666,-0.6903591156005859,-0.9921975066925371
UBFC_PHYS_s14_T1_ctrl,3,147,7.9,-1.0720070600509644,-0.541030245652604
UBFC_PHYS_s14_T1_ctrl,3,148,7.933333333333334,-1.519445776939392,-0.03316705449448028
UBFC_PHYS_s14_T1_ctrl,3,149,7.966666666666667,-1.8147715330123901,0.46523098800792745
UBFC_PHYS_s14_T1_ctrl,3,150,8.0,-1.7409260272979736,0.8930853306701789
UBFC_PHYS_s14_T1_ctrl,3,151,8.033333333333333,-1.2468762397766113,1.2055160501018611
UBFC_PHYS_s14_T1_ctrl,3,152,8.066666666666666,-0.5285580158233643,1.3791242009169213
UBFC_PHYS_s14_T1_ctrl,3,153,8.1,0.13765721023082733,1.410160892347232
UBFC_PHYS_s14_T1_ctrl,3,154,8.133333333333333,0.5549324154853821,1.3079377114856656
UBFC_PHYS_s14_T1_ctrl,3,155,8.166666666666666,0.6877811551094055,1.0880412570312563
UBFC_PHYS_s14_T1_ctrl,3,156,8.2,0.6469717621803284,0.7690310632590787
UBFC_PHYS_s14_T1_ctrl,3,157,8.233333333333333,0.6063313484191895,0.3733355735480141
UBFC_PHYS_s14_T1_ctrl,3,158,8.266666666666667,0.6594483256340027,-0.06973072128254758
UBFC_PHYS_s14_T1_ctrl,3,159,8.3,0.7480235695838928,-0.5218867700759312
UBFC_PHYS_s14_T1_ctrl,3,160,8.333333333333334,0.7950853109359741,-0.936743162673402
UBFC_PHYS_s14_T1_ctrl,3,161,8.366666666666667,0.8064916133880615,-1.263936302228444
UBFC_PHYS_s14_T1_ctrl,3,162,8.4,0.7784404754638672,-1.455997039559773
UBFC_PHYS_s14_T1_ctrl,3,163,8.433333333333334,0.6325237154960632,-1.4770846549625622
UBFC_PHYS_s14_T1_ctrl,3,164,8.466666666666667,0.30449968576431274,-1.3121370837556814
UBFC_PHYS_s14_T1_ctrl,3,165,8.5,-0.15121911466121674,-0.9740855404275225
UBFC_PHYS_s14_T1_ctrl,3,166,8.533333333333333,-0.5716767907142639,-0.5061268687381988
UBFC_PHYS_s14_T1_ctrl,3,167,8.566666666666666,-0.8829715251922607,0.023555519354205075
UBFC_PHYS_s14_T1_ctrl,3,168,8.6,-1.1646941900253296,0.5351649183461131
UBFC_PHYS_s14_T1_ctrl,3,169,8.633333333333333,-1.4129582643508911,0.9555828900676858
UBFC_PHYS_s14_T1_ctrl,3,170,8.666666666666666,-1.420562505722046,1.2346812313336037
UBFC_PHYS_s14_T1_ctrl,3,171,8.7,-1.0326340198516846,1.3526184065271196
UBFC_PHYS_s14_T1_ctrl,3,172,8.733333333333333,-0.3656584322452545,1.3160471647982648
UBFC_PHYS_s14_T1_ctrl,3,173,8.766666666666667,0.2963321805000305,1.1473556845073747
UBFC_PHYS_s14_T1_ctrl,3,174,8.8,0.7241969704627991,0.8737450470665651
UBFC_PHYS_s14_T1_ctrl,3,175,8.833333333333334,0.8429638147354126,0.5213152222908867
UBFC_PHYS_s14_T1_ctrl,3,176,8.866666666666667,0.7256333231925964,0.11540417164988213
UBFC_PHYS_s14_T1_ctrl,3,177,8.9,0.571858823299408,-0.31513252647844886
UBFC_PHYS_s14_T1_ctrl,3,178,8.933333333333334,0.5391324758529663,-0.7334563561658322
UBFC_PHYS_s14_T1_ctrl,3,179,8.966666666666667,0.5774352550506592,-1.0934731652874228
UBFC_PHYS_s14_T1_ctrl,3,180,9.0,0.5538621544837952,-1.3439161425293824
UBFC_PHYS_s14_T1_ctrl,3,181,9.033333333333333,0.4426432251930237,-1.4380410023791819
UBFC_PHYS_s14_T1_ctrl,3,182,9.066666666666666,0.26963287591934204,-1.3466766438167503
UBFC_PHYS_s14_T1_ctrl,3,183,9.1,0.013961703516542912,-1.0701583519967892
UBFC_PHYS_s14_T1_ctrl,3,184,9.133333333333333,-0.29998040199279785,-0.6439347846477677
UBFC_PHYS_s14_T1_ctrl,3,185,9.166666666666666,-0.586772620677948,-0.1341164251631491
UBFC_PHYS_s14_T1_ctrl,3,186,9.2,-0.8426127433776855,0.37718893722477087
UBFC_PHYS_s14_T1_ctrl,3,187,9.233333333333333,-1.1425575017929077,0.8123795040273528
UBFC_PHYS_s14_T1_ctrl,3,188,9.266666666666667,-1.4037487506866455,1.1169485785552553
UBFC_PHYS_s14_T1_ctrl,3,189,9.3,-1.3496460914611816,1.268731776229108
UBFC_PHYS_s14_T1_ctrl,3,190,9.333333333333334,-0.8775640726089478,1.2750529739153742
UBFC_PHYS_s14_T1_ctrl,3,191,9.366666666666667,-0.2252054661512375,1.160971860862658
UBFC_PHYS_s14_T1_ctrl,3,192,9.4,0.2706467807292938,0.955338017603486
UBFC_PHYS_s14_T1_ctrl,3,193,9.433333333333334,0.41098710894584656,0.6811488383583417
UBFC_PHYS_s14_T1_ctrl,3,194,9.466666666666667,0.20510956645011902,0.35365899282895585
UBFC_PHYS_s14_T1_ctrl,3,195,9.5,-0.11193057894706726,-0.014314584351024267
UBFC_PHYS_s14_T1_ctrl,3,196,9.533333333333333,-0.20729327201843262,-0.40355308740640844
UBFC_PHYS_s14_T1_ctrl,3,197,9.566666666666666,-0.0023733130656182766,-0.7810324024482566
UBFC_PHYS_s14_T1_ctrl,3,198,9.6,0.3191448748111725,-1.0983657751852585
UBFC_PHYS_s14_T1_ctrl,3,199,9.633333333333333,0.5733515024185181,-1.2984455341453114
UBFC_PHYS_s14_T1_ctrl,3,200,9.666666666666666,0.6874995231628418,-1.329669296542634
UBFC_PHYS_s14_T1_ctrl,3,201,9.7,0.6588005423545837,-1.1638766766525694
UBFC_PHYS_s14_T1_ctrl,3,202,9.733333333333333,0.5367385745048523,-0.8114720190972609
UBFC_PHYS_s14_T1_ctrl,3,203,9.766666666666667,0.34666091203689575,-0.3264747966738843
UBFC_PHYS_s14_T1_ctrl,3,204,9.8,0.00728687783703208,0.20334294665772246
UBFC_PHYS_s14_T1_ctrl,3,205,9.833333333333334,-0.5388941168785095,0.6800112619624517
UBFC_PHYS_s14_T1_ctrl,3,206,9.866666666666667,-1.1412055492401123,1.0237929543811954
UBFC_PHYS_s14_T1_ctrl,3,207,9.9,-1.487282633781433,1.1941332522823989
UBFC_PHYS_s14_T1_ctrl,3,208,9.933333333333334,-1.3633054494857788,1.194820172824672
UBFC_PHYS_s14_T1_ctrl,3,209,9.966666666666667,-0.8317697048187256,1.0632633345871134
UBFC_PHYS_s14_T1_ctrl,3,210,10.0,-0.1482619047164917,0.8504844413768837
UBFC_PHYS_s14_T1_ctrl,3,211,10.033333333333333,0.46525877714157104,0.6010115582708669
UBFC_PHYS_s14_T1_ctrl,3,212,10.066666666666666,0.9159925580024719,0.3404718463365618
UBFC_PHYS_s14_T1_ctrl,3,213,10.1,1.1311078071594238,0.07457245978720624
UBFC_PHYS_s14_T1_ctrl,3,214,10.133333333333333,1.0809762477874756,-0.20178279818276726
UBFC_PHYS_s14_T1_ctrl,3,215,10.166666666666666,0.8921096324920654,-0.4904296588960119
UBFC_PHYS_s14_T1_ctrl,3,216,10.2,0.7436299920082092,-0.7777698717904021
UBFC_PHYS_s14_T1_ctrl,3,217,10.233333333333333,0.6610255241394043,-1.030312020301925
UBFC_PHYS_s14_T1_ctrl,3,218,10.266666666666667,0.5488771796226501,-1.2005793708655859
UBFC_PHYS_s14_T1_ctrl,3,219,10.3,0.376007616519928,-1.2419041129115749
UBFC_PHYS_s14_T1_ctrl,3,220,10.333333333333334,0.17703023552894592,-1.1269241957851306
UBFC_PHYS_s14_T1_ctrl,3,221,10.366666666666667,-0.04540763050317764,-0.8624259994323012
UBFC_PHYS_s14_T1_ctrl,3,222,10.4,-0.311837375164032,-0.49348993608450914
UBFC_PHYS_s14_T1_ctrl,3,223,10.433333333333334,-0.644930899143219,-0.09355197528063477
UBFC_PHYS_s14_T1_ctrl,3,224,10.466666666666667,-1.076400637626648,0.2567803347293361
UBFC_PHYS_s14_T1_ctrl,3,225,10.5,-1.483649492263794,0.49396384965520523
UBFC_PHYS_s14_T1_ctrl,3,226,10.533333333333333,-1.5252755880355835,0.5893887647795283
UBFC_PHYS_s14_T1_ctrl,3,227,10.566666666666666,-1.0752177238464355,0.5545844589191896
UBFC_PHYS_s14_T1_ctrl,3,228,10.6,-0.4000464677810669,0.43294880987404594
UBFC_PHYS_s14_T1_ctrl,3,229,10.633333333333333,0.21564282476902008,0.2823406054634369
UBFC_PHYS_s14_T1_ctrl,3,230,10.666666666666666,0.6898934245109558,0.15557776172462676
UBFC_PHYS_s14_T1_ctrl,3,231,10.7,0.9617024660110474,0.08558195388875486
UBFC_PHYS_s14_T1_ctrl,3,232,10.733333333333333,0.9684336185455322,0.07930039148226757
UBFC_PHYS_s14_T1_ctrl,3,233,10.766666666666667,0.7900721430778503,0.12093495588659972
UBFC_PHYS_s14_T1_ctrl,3,234,10.8,0.5865603685379028,0.18180694998331567
UBFC_PHYS_s14_T1_ctrl,3,235,10.833333333333334,0.445713073015213,0.23238122564824124
UBFC_PHYS_s14_T1_ctrl,3,236,10.866666666666667,0.3709663152694702,0.25200182971239393
UBFC_PHYS_s14_T1_ctrl,3,237,10.9,0.30351394414901733,0.23359427431622026
UBFC_PHYS_s14_T1_ctrl,3,238,10.933333333333334,0.173566073179245,0.18314741279144087
UBFC_PHYS_s14_T1_ctrl,3,239,10.966666666666667,-0.04915342107415199,0.11580824174470866
UBFC_PHYS_s14_T1_ctrl,4,0,4.0,-2.3670077323913574,-0.007015181307199001
UBFC_PHYS_s14_T1_ctrl,4,1,4.033333333333333,-2.340421199798584,0.20563845607048853
UBFC_PHYS_s14_T1_ctrl,4,2,4.066666666666666,-2.277784824371338,0.3881226570523917
UBFC_PHYS_s14_T1_ctrl,4,3,4.1,-2.076526165008545,0.5215058316316644
UBFC_PHYS_s14_T1_ctrl,4,4,4.133333333333334,-1.4423049688339233,0.6027367980612364
UBFC_PHYS_s14_T1_ctrl,4,5,4.166666666666667,-0.37681132555007935,0.644475115993359
UBFC_PHYS_s14_T1_ctrl,4,6,4.2,0.7286750078201294,0.6674967028494181
UBFC_PHYS_s14_T1_ctrl,4,7,4.233333333333333,1.4771567583084106,0.6882706801054449
UBFC_PHYS_s14_T1_ctrl,4,8,4.266666666666667,1.7391647100448608,0.7076186545527569
UBFC_PHYS_s14_T1_ctrl,4,9,4.3,1.6154974699020386,0.7067888184309576
UBFC_PHYS_s14_T1_ctrl,4,10,4.333333333333333,1.28879714012146,0.6538494219642006
UBFC_PHYS_s14_T1_ctrl,4,11,4.366666666666666,0.9583228230476379,0.5180332064862353
UBFC_PHYS_s14_T1_ctrl,4,12,4.4,0.7906072735786438,0.2856946899641681
UBFC_PHYS_s14_T1_ctrl,4,13,4.433333333333334,0.798577606678009,-0.029049412647302212
UBFC_PHYS_s14_T1_ctrl,4,14,4.466666666666667,0.8614955544471741,-0.38311599645621247
UBFC_PHYS_s14_T1_ctrl,4,15,4.5,0.9061915874481201,-0.7128902381310336
UBFC_PHYS_s14_T1_ctrl,4,16,4.533333333333333,0.9427481889724731,-0.9497547645538151
UBFC_PHYS_s14_T1_ctrl,4,17,4.566666666666666,0.9603505730628967,-1.0386531193379558
UBFC_PHYS_s14_T1_ctrl,4,18,4.6,0.8951231837272644,-0.9546187083758106
UBFC_PHYS_s14_T1_ctrl,4,19,4.633333333333334,0.6332278251647949,-0.711895028751531
UBFC_PHYS_s14_T1_ctrl,4,20,4.666666666666667,0.09563678503036499,-0.3615059276411176
UBFC_PHYS_s14_T1_ctrl,4,21,4.7,-0.5675930380821228,0.023338264399052587
UBFC_PHYS_s14_T1_ctrl,4,22,4.733333333333333,-1.0263253450393677,0.369393206496287
UBFC_PHYS_s14_T1_ctrl,4,23,4.766666666666667,-1.0539822578430176,0.6243477108175841
UBFC_PHYS_s14_T1_ctrl,4,24,4.8,-0.7208605408668518,0.7677316139163023
UBFC_PHYS_s14_T1_ctrl,4,25,4.833333333333333,-0.2923198640346527,0.8076142406988467
UBFC_PHYS_s14_T1_ctrl,4,26,4.866666666666666,0.025255395099520683,0.7664402912886737
UBFC_PHYS_s14_T1_ctrl,4,27,4.9,0.20330707728862762,0.6647758786617448
UBFC_PHYS_s14_T1_ctrl,4,28,4.933333333333334,0.2786734700202942,0.511491189502748
UBFC_PHYS_s14_T1_ctrl,4,29,4.966666666666667,0.23425911366939545,0.30420459742214273
UBFC_PHYS_s14_T1_ctrl,4,30,5.0,0.05494006350636482,0.03826193513747218
UBFC_PHYS_s14_T1_ctrl,4,31,5.033333333333333,-0.1757497936487198,-0.28107786758919245
UBFC_PHYS_s14_T1_ctrl,4,32,5.066666666666666,-0.3004028797149658,-0.6291559791671849
UBFC_PHYS_s14_T1_ctrl,4,33,5.1,-0.2275993973016739,-0.9594332396833811
UBFC_PHYS_s14_T1_ctrl,4,34,5.133333333333334,-0.012286977842450142,-1.2099353853181092
UBFC_PHYS_s14_T1_ctrl,4,35,5.166666666666667,0.18252217769622803,-1.3178502833914352
UBFC_PHYS_s14_T1_ctrl,4,36,5.2,0.21868452429771423,-1.238629970458769
UBFC_PHYS_s14_T1_ctrl,4,37,5.233333333333333,0.08817337453365326,-0.9634244159840024
UBFC_PHYS_s14_T1_ctrl,4,38,5.266666666666667,-0.13964377343654633,-0.5276283939942386
UBFC_PHYS_s14_T1_ctrl,4,39,5.3,-0.44034889340400696,-0.005319100621248791
UBFC_PHYS_s14_T1_ctrl,4,40,5.333333333333333,-0.769415020942688,0.51024711449779
UBFC_PHYS_s14_T1_ctrl,4,41,5.366666666666666,-0.9284560680389404,0.933326217989218
UBFC_PHYS_s14_T1_ctrl,4,42,5.4,-0.6705881357192993,1.2086136512870505
UBFC_PHYS_s14_T1_ctrl,4,43,5.433333333333334,0.01455314364284277,1.3208088371943338
UBFC_PHYS_s14_T1_ctrl,4,44,5.466666666666667,0.8205735683441162,1.2882266237900954
UBFC_PHYS_s14_T1_ctrl,4,45,5.5,1.40553617477417,1.1458976705157962
UBFC_PHYS_s14_T1_ctrl,4,46,5.533333333333333,1.6592921018600464,0.9275600479468258
UBFC_PHYS_s14_T1_ctrl,4,47,5.566666666666666,1.6880192756652832,0.6546583523870707
UBFC_PHYS_s14_T1_ctrl,4,48,5.6,1.5926002264022827,0.3357660540541056
UBFC_PHYS_s14_T1_ctrl,4,49,5.633333333333334,1.4402339458465576,-0.02535761435106722
UBFC_PHYS_s14_T1_ctrl,4,50,5.666666666666667,1.2994993925094604,-0.41814763151604256
UBFC_PHYS_s14_T1_ctrl,4,51,5.7,1.1990389823913574,-0.8157805486731431
UBFC_PHYS_s14_T1_ctrl,4,52,5.733333333333333,1.0908054113388062,-1.1722423578082781
UBFC_PHYS_s14_T1_ctrl,4,53,5.766666666666667,0.9223857522010803,-1.4279070657485358
UBFC_PHYS_s14_T1_ctrl,4,54,5.8,0.6967372298240662,-1.523063674363568
UBFC_PHYS_s14_T1_ctrl,4,55,5.833333333333333,0.42909643054008484,-1.4161651800212014
UBFC_PHYS_s14_T1_ctrl,4,56,5.866666666666666,0.10656435042619705,-1.1010185627823197
UBFC_PHYS_s14_T1_ctrl,4,57,5.9,-0.2861519753932953,-0.6158459147196544
UBFC_PHYS_s14_T1_ctrl,4,58,5.933333333333334,-0.7426593899726868,-0.038592072830346894
UBFC_PHYS_s14_T1_ctrl,4,59,5.966666666666667,-1.1833386421203613,0.5321345489348243
UBFC_PHYS_s14_T1_ctrl,4,60,6.0,-1.3809924125671387,1.0039981753339124
UBFC_PHYS_s14_T1_ctrl,4,61,6.033333333333333,-1.075020670890808,1.3146859418621797
UBFC_PHYS_s14_T1_ctrl,4,62,6.066666666666666,-0.37591007351875305,1.4430197299258911
UBFC_PHYS_s14_T1_ctrl,4,63,6.1,0.3055417537689209,1.4045626013412258
UBFC_PHYS_s14_T1_ctrl,4,64,6.133333333333334,0.6571670770645142,1.2362744563888979
UBFC_PHYS_s14_T1_ctrl,4,65,6.166666666666667,0.6611663103103638,0.9788867425903623
UBFC_PHYS_s14_T1_ctrl,4,66,6.2,0.48212891817092896,0.6646281824968281
UBFC_PHYS_s14_T1_ctrl,4,67,6.233333333333333,0.30649930238723755,0.31363418907059337
UBFC_PHYS_s14_T1_ctrl,4,68,6.266666666666667,0.19849106669425964,-0.06196443252605335
UBFC_PHYS_s14_T1_ctrl,4,69,6.3,0.08307572454214096,-0.44983722665561626
UBFC_PHYS_s14_T1_ctrl,4,70,6.333333333333333,-0.12206955254077911,-0.8292444666957357
UBFC_PHYS_s14_T1_ctrl,4,71,6.366666666666666,-0.4324066936969757,-1.1663319258909068
UBFC_PHYS_s14_T1_ctrl,4,72,6.4,-0.7751041054725647,-1.4154904259074859
UBFC_PHYS_s14_T1_ctrl,4,73,6.433333333333334,-1.0302401781082153,-1.5277756943226752
UBFC_PHYS_s14_T1_ctrl,4,74,6.466666666666667,-1.1798745393753052,-1.4648597395726581
UBFC_PHYS_s14_T1_ctrl,4,75,6.5,-1.3218483924865723,-1.2141823069744413
UBFC_PHYS_s14_T1_ctrl,4,76,6.533333333333333,-1.4837621450424194,-0.7992061620254007
UBFC_PHYS_s14_T1_ctrl,4,77,6.566666666666666,-1.5965864658355713,-0.2791974370153808
UBFC_PHYS_s14_T1_ctrl,4,78,6.6,-1.642746925354004,0.2636470575588722
UBFC_PHYS_s14_T1_ctrl,4,79,6.633333333333334,-1.5628180503845215,0.7461576655742574
UBFC_PHYS_s14_T1_ctrl,4,80,6.666666666666667,-1.1906049251556396,1.1061350513385604
UBFC_PHYS_s14_T1_ctrl,4,81,6.7,-0.5168981552124023,1.314503613315896
UBFC_PHYS_s14_T1_ctrl,4,82,6.733333333333333,0.22704917192459106,1.3738848231403233
UBFC_PHYS_s14_T1_ctrl,4,83,6.766666666666667,0.8399220705032349,1.3074472675843158
UBFC_PHYS_s14_T1_ctrl,4,84,6.8,1.209262490272522,1.1453160084242109
UBFC_PHYS_s14_T1_ctrl,4,85,6.833333333333333,1.2273999452590942,0.9144530114482212
UBFC_PHYS_s14_T1_ctrl,4,86,6.866666666666666,0.9330316781997681,0.6343980601447955
UBFC_PHYS_s14_T1_ctrl,4,87,6.9,0.5836876630783081,0.3181840999071517
UBFC_PHYS_s14_T1_ctrl,4,88,6.933333333333334,0.40721315145492554,-0.023566057865222943
UBFC_PHYS_s14_T1_ctrl,4,89,6.966666666666667,0.4155214726924896,-0.37743505205731653
UBFC_PHYS_s14_T1_ctrl,4,90,7.0,0.47275036573410034,-0.7228758982016411
UBFC_PHYS_s14_T1_ctrl,4,91,7.033333333333333,0.4528385400772095,-1.0305221137158451
UBFC_PHYS_s14_T1_ctrl,4,92,7.066666666666666,0.3233131170272827,-1.264261214896847
UBFC_PHYS_s14_T1_ctrl,4,93,7.1,0.10284672677516937,-1.3871122851648652
UBFC_PHYS_s14_T1_ctrl,4,94,7.133333333333334,-0.1842271089553833,-1.3697310389250699
UBFC_PHYS_s14_T1_ctrl,4,95,7.166666666666667,-0.5242488980293274,-1.1993123740287857
UBFC_PHYS_s14_T1_ctrl,4,96,7.2,-0.9349619150161743,-0.88609001467552
UBFC_PHYS_s14_T1_ctrl,4,97,7.233333333333333,-1.4324758052825928,-0.4648406797400523
UBFC_PHYS_s14_T1_ctrl,4,98,7.266666666666667,-1.857552409172058,0.010019064718135361
UBFC_PHYS_s14_T1_ctrl,4,99,7.3,-1.8549895286560059,0.47502482907451976
UBFC_PHYS_s14_T1_ctrl,4,100,7.333333333333333,-1.2752372026443481,0.8708110916470457
UBFC_PHYS_s14_T1_ctrl,4,101,7.366666666666666,-0.4001591205596924,1.153468939400564
UBFC_PHYS_s14_T1_ctrl,4,102,7.4,0.3471960425376892,1.3007266543230496
UBFC_PHYS_s14_T1_ctrl,4,103,7.433333333333334,0.7855095863342285,1.3118913127516234
UBFC_PHYS_s14_T1_ctrl,4,104,7.466666666666667,0.9746296405792236,1.2027474704226764
UBFC_PHYS_s14_T1_ctrl,4,105,7.5,0.9830787777900696,0.9980036026815942
UBFC_PHYS_s14_T1_ctrl,4,106,7.533333333333333,0.8595804572105408,0.724180574104259
UBFC_PHYS_s14_T1_ctrl,4,107,7.566666666666666,0.74323570728302,0.40510403563455716
UBFC_PHYS_s14_T1_ctrl,4,108,7.6,0.7312097549438477,0.060774156943385386
UBFC_PHYS_s14_T1_ctrl,4,109,7.633333333333334,0.7566980123519897,-0.2909631352530291
UBFC_PHYS_s14_T1_ctrl,4,110,7.666666666666667,0.7111570835113525,-0.6312959149505932
UBFC_PHYS_s14_T1_ctrl,4,111,7.7,0.5942490696907043,-0.9374535150677015
UBFC_PHYS_s14_T1_ctrl,4,112,7.733333333333333,0.4327014088630676,-1.1813305020440379
UBFC_PHYS_s14_T1_ctrl,4,113,7.766666666666667,0.19083049893379211,-1.3308943515098102
UBFC_PHYS_s14_T1_ctrl,4,114,7.8,-0.11919684708118439,-1.3549361154187272
UBFC_PHYS_s14_T1_ctrl,4,115,7.833333333333333,-0.4082139730453491,-1.2307888430830007
UBFC_PHYS_s14_T1_ctrl,4,116,7.866666666666666,-0.6903591156005859,-0.9534150908801505
UBFC_PHYS_s14_T1_ctrl,4,117,7.9,-1.0720070600509644,-0.5429330311882781
UBFC_PHYS_s14_T1_ctrl,4,118,7.933333333333334,-1.519445776939392,-0.04682795567041816
UBFC_PHYS_s14_T1_ctrl,4,119,7.966666666666667,-1.8147715330123901,0.46609788776907185
UBFC_PHYS_s14_T1_ctrl,4,120,8.0,-1.7409260272979736,0.9200028983309145
UBFC_PHYS_s14_T1_ctrl,4,121,8.033333333333333,-1.2468762397766113,1.2503046614613704
UBFC_PHYS_s14_T1_ctrl,4,122,8.066666666666666,-0.5285580158233643,1.4187310409421392
UBFC_PHYS_s14_T1_ctrl,4,123,8.1,0.13765721023082733,1.4187317123241852
UBFC_PHYS_s14_T1_ctrl,4,124,8.133333333333333,0.5549324154853821,1.2701149808649086
UBFC_PHYS_s14_T1_ctrl,4,125,8.166666666666666,0.6877811551094055,1.0073810542469563
UBFC_PHYS_s14_T1_ctrl,4,126,8.2,0.6469717621803284,0.6680263235472128
UBFC_PHYS_s14_T1_ctrl,4,127,8.233333333333333,0.6063313484191895,0.28519470381934625
UBFC_PHYS_s14_T1_ctrl,4,128,8.266666666666667,0.6594483256340027,-0.11413112315765668
UBFC_PHYS_s14_T1_ctrl,4,129,8.3,0.7480235695838928,-0.5066949389295866
UBFC_PHYS_s14_T1_ctrl,4,130,8.333333333333334,0.7950853109359741,-0.8685820940703207
UBFC_PHYS_s14_T1_ctrl,4,131,8.366666666666667,0.8064916133880615,-1.1712458116392481
UBFC_PHYS_s14_T1_ctrl,4,132,8.4,0.7784404754638672,-1.3802218023777246
UBFC_PHYS_s14_T1_ctrl,4,133,8.433333333333334,0.6325237154960632,-1.4584073241291529
UBFC_PHYS_s14_T1_ctrl,4,134,8.466666666666667,0.30449968576431274,-1.3745143866132503
UBFC_PHYS_s14_T1_ctrl,4,135,8.5,-0.15121911466121674,-1.115045478997659
UBFC_PHYS_s14_T1_ctrl,4,136,8.533333333333333,-0.5716767907142639,-0.6955284785945564
UBFC_PHYS_s14_T1_ctrl,4,137,8.566666666666666,-0.8829715251922607,-0.16525202584027623
UBFC_PHYS_s14_T1_ctrl,4,138,8.6,-1.1646941900253296,0.399063591839149
UBFC_PHYS_s14_T1_ctrl,4,139,8.633333333333333,-1.4129582643508911,0.9105714666724023
UBFC_PHYS_s14_T1_ctrl,4,140,8.666666666666666,-1.420562505722046,1.294111791837336
UBFC_PHYS_s14_T1_ctrl,4,141,8.7,-1.0326340198516846,1.502954893244893
UBFC_PHYS_s14_T1_ctrl,4,142,8.733333333333333,-0.3656584322452545,1.5242267299157841
UBFC_PHYS_s14_T1_ctrl,4,143,8.766666666666667,0.2963321805000305,1.3734345331866256
UBFC_PHYS_s14_T1_ctrl,4,144,8.8,0.7241969704627991,1.0833664908009315
UBFC_PHYS_s14_T1_ctrl,4,145,8.833333333333334,0.8429638147354126,0.6934834046789833
UBFC_PHYS_s14_T1_ctrl,4,146,8.866666666666667,0.7256333231925964,0.24347447594695093
UBFC_PHYS_s14_T1_ctrl,4,147,8.9,0.571858823299408,-0.22856234737570594
UBFC_PHYS_s14_T1_ctrl,4,148,8.933333333333334,0.5391324758529663,-0.6847306561112882
UBFC_PHYS_s14_T1_ctrl,4,149,8.966666666666667,0.5774352550506592,-1.0849138173927262
UBFC_PHYS_s14_T1_ctrl,4,150,9.0,0.5538621544837952,-1.3859869858647011
UBFC_PHYS_s14_T1_ctrl,4,151,9.033333333333333,0.4426432251930237,-1.5450857619187792
UBFC_PHYS_s14_T1_ctrl,4,152,9.066666666666666,0.26963287591934204,-1.527719292988236
UBFC_PHYS_s14_T1_ctrl,4,153,9.1,0.013961703516542912,-1.3189130704438274
UBFC_PHYS_s14_T1_ctrl,4,154,9.133333333333333,-0.29998040199279785,-0.9331508625220543
UBFC_PHYS_s14_T1_ctrl,4,155,9.166666666666666,-0.586772620677948,-0.41789880759961784
UBFC_PHYS_s14_T1_ctrl,4,156,9.2,-0.8426127433776855,0.1530570397794314
UBFC_PHYS_s14_T1_ctrl,4,157,9.233333333333333,-1.1425575017929077,0.6959452893332416
UBFC_PHYS_s14_T1_ctrl,4,158,9.266666666666667,-1.4037487506866455,1.1369680687469184
UBFC_PHYS_s14_T1_ctrl,4,159,9.3,-1.3496460914611816,1.4272577502470296
UBFC_PHYS_s14_T1_ctrl,4,160,9.333333333333334,-0.8775640726089478,1.5472654715950789
UBFC_PHYS_s14_T1_ctrl,4,161,9.366666666666667,-0.2252054661512375,1.5012072945951789
UBFC_PHYS_s14_T1_ctrl,4,162,9.4,0.2706467807292938,1.3070265930667297
UBFC_PHYS_s14_T1_ctrl,4,163,9.433333333333334,0.41098710894584656,0.9882391967616035
UBFC_PHYS_s14_T1_ctrl,4,164,9.466666666666667,0.20510956645011902,0.5711437529411009
UBFC_PHYS_s14_T1_ctrl,4,165,9.5,-0.11193057894706726,0.0868058177895484
UBFC_PHYS_s14_T1_ctrl,4,166,9.533333333333333,-0.20729327201843262,-0.4252912649858779
UBFC_PHYS_s14_T1_ctrl,4,167,9.566666666666666,-0.0023733130656182766,-0.9153595380836085
UBFC_PHYS_s14_T1_ctrl,4,168,9.6,0.3191448748111725,-1.3255138223779723
UBFC_PHYS_s14_T1_ctrl,4,169,9.633333333333333,0.5733515024185181,-1.5968265738368672
UBFC_PHYS_s14_T1_ctrl,4,170,9.666666666666666,0.6874995231628418,-1.680490000423204
UBFC_PHYS_s14_T1_ctrl,4,171,9.7,0.6588005423545837,-1.5508002929633409
UBFC_PHYS_s14_T1_ctrl,4,172,9.733333333333333,0.5367385745048523,-1.2160270146526306
UBFC_PHYS_s14_T1_ctrl,4,173,9.766666666666667,0.34666091203689575,-0.7222278562620901
UBFC_PHYS_s14_T1_ctrl,4,174,9.8,0.00728687783703208,-0.14603161570908266
UBFC_PHYS_s14_T1_ctrl,4,175,9.833333333333334,-0.5388941168785095,0.4234168351629743
UBFC_PHYS_s14_T1_ctrl,4,176,9.866666666666667,-1.1412055492401123,0.90691658847495
UBFC_PHYS_s14_T1_ctrl,4,177,9.9,-1.487282633781433,1.252251525590915
UBFC_PHYS_s14_T1_ctrl,4,178,9.933333333333334,-1.3633054494857788,1.4390442088038014
UBFC_PHYS_s14_T1_ctrl,4,179,9.966666666666667,-0.8317697048187256,1.471721532388037
UBFC_PHYS_s14_T1_ctrl,4,180,10.0,-0.1482619047164917,1.3668918779836015
UBFC_PHYS_s14_T1_ctrl,4,181,10.033333333333333,0.46525877714157104,1.1430078447114975
UBFC_PHYS_s14_T1_ctrl,4,182,10.066666666666666,0.9159925580024719,0.8170108985079337
UBFC_PHYS_s14_T1_ctrl,4,183,10.1,1.1311078071594238,0.40763147486401174
UBFC_PHYS_s14_T1_ctrl,4,184,10.133333333333333,1.0809762477874756,-0.05841591658898628
UBFC_PHYS_s14_T1_ctrl,4,185,10.166666666666666,0.8921096324920654,-0.5417599718985422
UBFC_PHYS_s14_T1_ctrl,4,186,10.2,0.7436299920082092,-0.9901890809266473
UBFC_PHYS_s14_T1_ctrl,4,187,10.233333333333333,0.6610255241394043,-1.3438227733739416
UBFC_PHYS_s14_T1_ctrl,4,188,10.266666666666667,0.5488771796226501,-1.5449089851906501
UBFC_PHYS_s14_T1_ctrl,4,189,10.3,0.376007616519928,-1.550436586639251
UBFC_PHYS_s14_T1_ctrl,4,190,10.333333333333334,0.17703023552894592,-1.3447329939219477
UBFC_PHYS_s14_T1_ctrl,4,191,10.366666666666667,-0.04540763050317764,-0.9482236971118768
UBFC_PHYS_s14_T1_ctrl,4,192,10.4,-0.311837375164032,-0.4182073130729334
UBFC_PHYS_s14_T1_ctrl,4,193,10.433333333333334,-0.644930899143219,0.16094795813355367
UBFC_PHYS_s14_T1_ctrl,4,194,10.466666666666667,-1.076400637626648,0.6969182280956018
UBFC_PHYS_s14_T1_ctrl,4,195,10.5,-1.483649492263794,1.1118815476102426
UBFC_PHYS_s14_T1_ctrl,4,196,10.533333333333333,-1.5252755880355835,1.359557114257138
UBFC_PHYS_s14_T1_ctrl,4,197,10.566666666666666,-1.0752177238464355,1.429938279242007
UBFC_PHYS_s14_T1_ctrl,4,198,10.6,-0.4000464677810669,1.3413691708021973
UBFC_PHYS_s14_T1_ctrl,4,199,10.633333333333333,0.21564282476902008,1.1261791227743208
UBFC_PHYS_s14_T1_ctrl,4,200,10.666666666666666,0.6898934245109558,0.8179880980731303
UBFC_PHYS_s14_T1_ctrl,4,201,10.7,0.9617024660110474,0.4458794676731384
UBFC_PHYS_s14_T1_ctrl,4,202,10.733333333333333,0.9684336185455322,0.03572787965309562
UBFC_PHYS_s14_T1_ctrl,4,203,10.766666666666667,0.7900721430778503,-0.38474247071811035
UBFC_PHYS_s14_T1_ctrl,4,204,10.8,0.5865603685379028,-0.7813857231952431
UBFC_PHYS_s14_T1_ctrl,4,205,10.833333333333334,0.445713073015213,-1.1125475573756802
UBFC_PHYS_s14_T1_ctrl,4,206,10.866666666666667,0.3709663152694702,-1.3328909804961377
UBFC_PHYS_s14_T1_ctrl,4,207,10.9,0.30351394414901733,-1.401972250738148
UBFC_PHYS_s14_T1_ctrl,4,208,10.933333333333334,0.173566073179245,-1.2956108441789052
UBFC_PHYS_s14_T1_ctrl,4,209,10.966666666666667,-0.04915342107415199,-1.0164699676380065
UBFC_PHYS_s14_T1_ctrl,4,210,11.0,-0.36371514201164246,-0.59952898514585
UBFC_PHYS_s14_T1_ctrl,4,211,11.033333333333333,-0.7650214433670044,-0.10895125923416432
UBFC_PHYS_s14_T1_ctrl,4,212,11.066666666666666,-1.229611873626709,0.37453494886920463
UBFC_PHYS_s14_T1_ctrl,4,213,11.1,-1.6372549533843994,0.7727362263050114
UBFC_PHYS_s14_T1_ctrl,4,214,11.133333333333333,-1.7241966724395752,1.0289971239942246
UBFC_PHYS_s14_T1_ctrl,4,215,11.166666666666666,-1.3059357404708862,1.1198292970258086
UBFC_PHYS_s14_T1_ctrl,4,216,11.2,-0.55196213722229,1.0552453456805753
UBFC_PHYS_s14_T1_ctrl,4,217,11.233333333333333,0.16294832527637482,0.8691723680351972
UBFC_PHYS_s14_T1_ctrl,4,218,11.266666666666667,0.629763662815094,0.6053195681173055
UBFC_PHYS_s14_T1_ctrl,4,219,11.3,0.8546517491340637,0.3047717239160507
UBFC_PHYS_s14_T1_ctrl,4,220,11.333333333333334,0.8771828413009644,-0.0005739399026070237
UBFC_PHYS_s14_T1_ctrl,4,221,11.366666666666667,0.7625279426574707,-0.2881272312260262
UBFC_PHYS_s14_T1_ctrl,4,222,11.4,0.6328616738319397,-0.5405351541637198
UBFC_PHYS_s14_T1_ctrl,4,223,11.433333333333334,0.5853774547576904,-0.7408251662319061
UBFC_PHYS_s14_T1_ctrl,4,224,11.466666666666667,0.6215116381645203,-0.869650359271988
UBFC_PHYS_s14_T1_ctrl,4,225,11.5,0.6582091450691223,-0.9061976716435186
UBFC_PHYS_s14_T1_ctrl,4,226,11.533333333333333,0.6023039221763611,-0.8329735568202083
UBFC_PHYS_s14_T1_ctrl,4,227,11.566666666666666,0.4421081244945526,-0.6433277041691509
UBFC_PHYS_s14_T1_ctrl,4,228,11.6,0.22003638744354248,-0.3490957963506416
UBFC_PHYS_s14_T1_ctrl,4,229,11.633333333333333,-0.06258756667375565,0.015389049632724854
UBFC_PHYS_s14_T1_ctrl,4,230,11.666666666666666,-0.47693371772766113,0.39648790789336896
UBFC_PHYS_s14_T1_ctrl,4,231,11.7,-1.0369430780410767,0.7326965719585946
UBFC_PHYS_s14_T1_ctrl,4,232,11.733333333333333,-1.525360107421875,0.9709618745601877
UBFC_PHYS_s14_T1_ctrl,4,233,11.766666666666667,-1.5961921215057373,1.081168539116152
UBFC_PHYS_s14_T1_ctrl,4,234,11.8,-1.1638493537902832,1.062532031790058
UBFC_PHYS_s14_T1_ctrl,4,235,11.833333333333334,-0.49481773376464844,0.9394458532872683
UBFC_PHYS_s14_T1_ctrl,4,236,11.866666666666667,0.1212095320224762,0.7491719950501919
UBFC_PHYS_s14_T1_ctrl,4,237,11.9,0.5496376156806946,0.5271371805175467
UBFC_PHYS_s14_T1_ctrl,4,238,11.933333333333334,0.762274444103241,0.2960419959680154
UBFC_PHYS_s14_T1_ctrl,4,239,11.966666666666667,0.8122370839118958,0.06286778069556666
UBFC_PHYS_s14_T1_ctrl,5,0,5.0,0.05494006350636482,0.09848526390431318
UBFC_PHYS_s14_T1_ctrl,5,1,5.033333333333333,-0.1757497936487198,-0.19666323950465617
UBFC_PHYS_s14_T1_ctrl,5,2,5.066666666666666,-0.3004028797149658,-0.4687519539361603
UBFC_PHYS_s14_T1_ctrl,5,3,5.1,-0.2275993973016739,-0.6912330821996876
UBFC_PHYS_s14_T1_ctrl,5,4,5.133333333333334,-0.012286977842450142,-0.8346490798757409
UBFC_PHYS_s14_T1_ctrl,5,5,5.166666666666667,0.18252217769622803,-0.870428017151498
UBFC_PHYS_s14_T1_ctrl,5,6,5.2,0.21868452429771423,-0.7782887783806174
UBFC_PHYS_s14_T1_ctrl,5,7,5.233333333333333,0.08817337453365326,-0.5553003384102244
UBFC_PHYS_s14_T1_ctrl,5,8,5.266666666666667,-0.13964377343654633,-0.22259895975065877
UBFC_PHYS_s14_T1_ctrl,5,9,5.3,-0.44034889340400696,0.17474911157810855
UBFC_PHYS_s14_T1_ctrl,5,10,5.333333333333333,-0.769415020942688,0.5766015304492054
UBFC_PHYS_s14_T1_ctrl,5,11,5.366666666666666,-0.9284560680389404,0.9225151824150613
UBFC_PHYS_s14_T1_ctrl,5,12,5.4,-0.6705881357192993,1.1659239148982228
UBFC_PHYS_s14_T1_ctrl,5,13,5.433333333333334,0.01455314364284277,1.2813782609427633
UBFC_PHYS_s14_T1_ctrl,5,14,5.466666666666667,0.8205735683441162,1.2630694336675568
UBFC_PHYS_s14_T1_ctrl,5,15,5.5,1.40553617477417,1.1181686634656216
UBFC_PHYS_s14_T1_ctrl,5,16,5.533333333333333,1.6592921018600464,0.8605194670290452
UBFC_PHYS_s14_T1_ctrl,5,17,5.566666666666666,1.6880192756652832,0.5083056542365622
UBFC_PHYS_s14_T1_ctrl,5,18,5.6,1.5926002264022827,0.0855322532726509
UBFC_PHYS_s14_T1_ctrl,5,19,5.633333333333334,1.4402339458465576,-0.375526538030036
UBFC_PHYS_s14_T1_ctrl,5,20,5.666666666666667,1.2994993925094604,-0.8336265401193867
UBFC_PHYS_s14_T1_ctrl,5,21,5.7,1.1990389823913574,-1.240545923060297
UBFC_PHYS_s14_T1_ctrl,5,22,5.733333333333333,1.0908054113388062,-1.5454178572141366
UBFC_PHYS_s14_T1_ctrl,5,23,5.766666666666667,0.9223857522010803,-1.7009795253420255
UBFC_PHYS_s14_T1_ctrl,5,24,5.8,0.6967372298240662,-1.6718006259615963
UBFC_PHYS_s14_T1_ctrl,5,25,5.833333333333333,0.42909643054008484,-1.4440492691347107
UBFC_PHYS_s14_T1_ctrl,5,26,5.866666666666666,0.10656435042619705,-1.034209805843815
UBFC_PHYS_s14_T1_ctrl,5,27,5.9,-0.2861519753932953,-0.49205106989462755
UBFC_PHYS_s14_T1_ctrl,5,28,5.933333333333334,-0.7426593899726868,0.1064537308459912
UBFC_PHYS_s14_T1_ctrl,5,29,5.966666666666667,-1.1833386421203613,0.6762542745053025
UBFC_PHYS_s14_T1_ctrl,5,30,6.0,-1.3809924125671387,1.1439149007732567
UBFC_PHYS_s14_T1_ctrl,5,31,6.033333333333333,-1.075020670890808,1.4622961022445475
UBFC_PHYS_s14_T1_ctrl,5,32,6.066666666666666,-0.37591007351875305,1.6135510930938437
UBFC_PHYS_s14_T1_ctrl,5,33,6.1,0.3055417537689209,1.6021296158505183
UBFC_PHYS_s14_T1_ctrl,5,34,6.133333333333334,0.6571670770645142,1.4444147335557578
UBFC_PHYS_s14_T1_ctrl,5,35,6.166666666666667,0.6611663103103638,1.1614722945042804
UBFC_PHYS_s14_T1_ctrl,5,36,6.2,0.48212891817092896,0.7772297518632206
UBFC_PHYS_s14_T1_ctrl,5,37,6.233333333333333,0.30649930238723755,0.3200348202155058
UBFC_PHYS_s14_T1_ctrl,5,38,6.266666666666667,0.19849106669425964,-0.1757529275612379
UBFC_PHYS_s14_T1_ctrl,5,39,6.3,0.08307572454214096,-0.6699560327243743
UBFC_PHYS_s14_T1_ctrl,5,40,6.333333333333333,-0.12206955254077911,-1.11828950455186
UBFC_PHYS_s14_T1_ctrl,5,41,6.366666666666666,-0.4324066936969757,-1.474702212984326
UBFC_PHYS_s14_T1_ctrl,5,42,6.4,-0.7751041054725647,-1.6946889424913152
UBFC_PHYS_s14_T1_ctrl,5,43,6.433333333333334,-1.0302401781082153,-1.740988256831164
UBFC_PHYS_s14_T1_ctrl,5,44,6.466666666666667,-1.1798745393753052,-1.5920812867104788
UBFC_PHYS_s14_T1_ctrl,5,45,6.5,-1.3218483924865723,-1.251375008520931
UBFC_PHYS_s14_T1_ctrl,5,46,6.533333333333333,-1.4837621450424194,-0.752859383932948
UBFC_PHYS_s14_T1_ctrl,5,47,6.566666666666666,-1.5965864658355713,-0.15912166307663914
UBFC_PHYS_s14_T1_ctrl,5,48,6.6,-1.642746925354004,0.4495853533549824
UBFC_PHYS_s14_T1_ctrl,5,49,6.633333333333334,-1.5628180503845215,0.9922794993654664
UBFC_PHYS_s14_T1_ctrl,5,50,6.666666666666667,-1.1906049251556396,1.4039783609394865
UBFC_PHYS_s14_T1_ctrl,5,51,6.7,-0.5168981552124023,1.646096468627661
UBFC_PHYS_s14_T1_ctrl,5,52,6.733333333333333,0.22704917192459106,1.7081507335403834
UBFC_PHYS_s14_T1_ctrl,5,53,6.766666666666667,0.8399220705032349,1.6027990493845874
UBFC_PHYS_s14_T1_ctrl,5,54,6.8,1.209262490272522,1.3580549289486388
UBFC_PHYS_s14_T1_ctrl,5,55,6.833333333333333,1.2273999452590942,1.009701046916978
UBFC_PHYS_s14_T1_ctrl,5,56,6.866666666666666,0.9330316781997681,0.5952174466941518
UBFC_PHYS_s14_T1_ctrl,5,57,6.9,0.5836876630783081,0.14954830555475113
UBFC_PHYS_s14_T1_ctrl,5,58,6.933333333333334,0.40721315145492554,-0.29684383268051423
UBFC_PHYS_s14_T1_ctrl,5,59,6.966666666666667,0.4155214726924896,-0.7172266322674947
UBFC_PHYS_s14_T1_ctrl,5,60,7.0,0.47275036573410034,-1.0859581293917238
UBFC_PHYS_s14_T1_ctrl,5,61,7.033333333333333,0.4528385400772095,-1.3760862274141092
UBFC_PHYS_s14_T1_ctrl,5,62,7.066666666666666,0.3233131170272827,-1.559302852609313
UBFC_PHYS_s14_T1_ctrl,5,63,7.1,0.10284672677516937,-1.6091601811112515
UBFC_PHYS_s14_T1_ctrl,5,64,7.133333333333334,-0.1842271089553833,-1.5069836073689593
UBFC_PHYS_s14_T1_ctrl,5,65,7.166666666666667,-0.5242488980293274,-1.248841920145247
UBFC_PHYS_s14_T1_ctrl,5,66,7.2,-0.9349619150161743,-0.8514382131804716
UBFC_PHYS_s14_T1_ctrl,5,67,7.233333333333333,-1.4324758052825928,-0.354554578523779
UBFC_PHYS_s14_T1_ctrl,5,68,7.266666666666667,-1.857552409172058,0.18223586620953228
UBFC_PHYS_s14_T1_ctrl,5,69,7.3,-1.8549895286560059,0.6894662806695444
UBFC_PHYS_s14_T1_ctrl,5,70,7.333333333333333,-1.2752372026443481,1.1021505846204245
UBFC_PHYS_s14_T1_ctrl,5,71,7.366666666666666,-0.4001591205596924,1.373846125218394
UBFC_PHYS_s14_T1_ctrl,5,72,7.4,0.3471960425376892,1.4853747654728615
UBFC_PHYS_s14_T1_ctrl,5,73,7.433333333333334,0.7855095863342285,1.4453093552483816
UBFC_PHYS_s14_T1_ctrl,5,74,7.466666666666667,0.9746296405792236,1.2825741612864943
UBFC_PHYS_s14_T1_ctrl,5,75,7.5,0.9830787777900696,1.0346004655114194
UBFC_PHYS_s14_T1_ctrl,5,76,7.533333333333333,0.8595804572105408,0.7361882613559044
UBFC_PHYS_s14_T1_ctrl,5,77,7.566666666666666,0.74323570728302,0.41334490268166457
UBFC_PHYS_s14_T1_ctrl,5,78,7.6,0.7312097549438477,0.08309592474498159
UBFC_PHYS_s14_T1_ctrl,5,79,7.633333333333334,0.7566980123519897,-0.2428896842091809
UBFC_PHYS_s14_T1_ctrl,5,80,7.666666666666667,0.7111570835113525,-0.5538055949627708
UBFC_PHYS_s14_T1_ctrl,5,81,7.7,0.5942490696907043,-0.8362091548219577
UBFC_PHYS_s14_T1_ctrl,5,82,7.733333333333333,0.4327014088630676,-1.072129465486538
UBFC_PHYS_s14_T1_ctrl,5,83,7.766666666666667,0.19083049893379211,-1.2389188449846746
UBFC_PHYS_s14_T1_ctrl,5,84,7.8,-0.11919684708118439,-1.311252038172034
UBFC_PHYS_s14_T1_ctrl,5,85,7.833333333333333,-0.4082139730453491,-1.2659026964624431
UBFC_PHYS_s14_T1_ctrl,5,86,7.866666666666666,-0.6903591156005859,-1.0892473687459576
UBFC_PHYS_s14_T1_ctrl,5,87,7.9,-1.0720070600509644,-0.7856530115226555
UBFC_PHYS_s14_T1_ctrl,5,88,7.933333333333334,-1.519445776939392,-0.38288835805057736
UBFC_PHYS_s14_T1_ctrl,5,89,7.966666666666667,-1.8147715330123901,0.06955874461410794
UBFC_PHYS_s14_T1_ctrl,5,90,8.0,-1.7409260272979736,0.5106137814592533
UBFC_PHYS_s14_T1_ctrl,5,91,8.033333333333333,-1.2468762397766113,0.8828452248735119
UBFC_PHYS_s14_T1_ctrl,5,92,8.066666666666666,-0.5285580158233643,1.1457102829109842
UBFC_PHYS_s14_T1_ctrl,5,93,8.1,0.13765721023082733,1.280503280600235
UBFC_PHYS_s14_T1_ctrl,5,94,8.133333333333333,0.5549324154853821,1.286440286877673
UBFC_PHYS_s14_T1_ctrl,5,95,8.166666666666666,0.6877811551094055,1.1729770593762545
UBFC_PHYS_s14_T1_ctrl,5,96,8.2,0.6469717621803284,0.954137359422393
UBFC_PHYS_s14_T1_ctrl,5,97,8.233333333333333,0.6063313484191895,0.6472158707869268
UBFC_PHYS_s14_T1_ctrl,5,98,8.266666666666667,0.6594483256340027,0.27446152345453156
UBFC_PHYS_s14_T1_ctrl,5,99,8.3,0.7480235695838928,-0.13515414227319097
UBFC_PHYS_s14_T1_ctrl,5,100,8.333333333333334,0.7950853109359741,-0.5458535715626213
UBFC_PHYS_s14_T1_ctrl,5,101,8.366666666666667,0.8064916133880615,-0.9166806916332508
UBFC_PHYS_s14_T1_ctrl,5,102,8.4,0.7784404754638672,-1.2045007050649859
UBFC_PHYS_s14_T1_ctrl,5,103,8.433333333333334,0.6325237154960632,-1.3687265367805055
UBFC_PHYS_s14_T1_ctrl,5,104,8.466666666666667,0.30449968576431274,-1.3783896808910334
UBFC_PHYS_s14_T1_ctrl,5,105,8.5,-0.15121911466121674,-1.2210157554799506
UBFC_PHYS_s14_T1_ctrl,5,106,8.533333333333333,-0.5716767907142639,-0.910425782162378
UBFC_PHYS_s14_T1_ctrl,5,107,8.566666666666666,-0.8829715251922607,-0.48876202117446316
UBFC_PHYS_s14_T1_ctrl,5,108,8.6,-1.1646941900253296,-0.018861792668208355
UBFC_PHYS_s14_T1_ctrl,5,109,8.633333333333333,-1.4129582643508911,0.43219068149948
UBFC_PHYS_s14_T1_ctrl,5,110,8.666666666666666,-1.420562505722046,0.8109107549036729
UBFC_PHYS_s14_T1_ctrl,5,111,8.7,-1.0326340198516846,1.087019119604579
UBFC_PHYS_s14_T1_ctrl,5,112,8.733333333333333,-0.3656584322452545,1.2508723952103866
UBFC_PHYS_s14_T1_ctrl,5,113,8.766666666666667,0.2963321805000305,1.3031897343501948
UBFC_PHYS_s14_T1_ctrl,5,114,8.8,0.7241969704627991,1.2454650663809186
UBFC_PHYS_s14_T1_ctrl,5,115,8.833333333333334,0.8429638147354126,1.077265274546454
UBFC_PHYS_s14_T1_ctrl,5,116,8.866666666666667,0.7256333231925964,0.8010067049569718
UBFC_PHYS_s14_T1_ctrl,5,117,8.9,0.571858823299408,0.42989874251100796
UBFC_PHYS_s14_T1_ctrl,5,118,8.933333333333334,0.5391324758529663,-0.006478695171967709
UBFC_PHYS_s14_T1_ctrl,5,119,8.966666666666667,0.5774352550506592,-0.4622462059704905
UBFC_PHYS_s14_T1_ctrl,5,120,9.0,0.5538621544837952,-0.8807917007651691
UBFC_PHYS_s14_T1_ctrl,5,121,9.033333333333333,0.4426432251930237,-1.2035999281300196
UBFC_PHYS_s14_T1_ctrl,5,122,9.066666666666666,0.26963287591934204,-1.3803702222562915
UBFC_PHYS_s14_T1_ctrl,5,123,9.1,0.013961703516542912,-1.3793489970124462
UBFC_PHYS_s14_T1_ctrl,5,124,9.133333333333333,-0.29998040199279785,-1.1963543317966012
UBFC_PHYS_s14_T1_ctrl,5,125,9.166666666666666,-0.586772620677948,-0.8593447341609647
UBFC_PHYS_s14_T1_ctrl,5,126,9.2,-0.8426127433776855,-0.42457353026028866
UBFC_PHYS_s14_T1_ctrl,5,127,9.233333333333333,-1.1425575017929077,0.03701953505164161
UBFC_PHYS_s14_T1_ctrl,5,128,9.266666666666667,-1.4037487506866455,0.4586010026411692
UBFC_PHYS_s14_T1_ctrl,5,129,9.3,-1.3496460914611816,0.7926718767994819
UBFC_PHYS_s14_T1_ctrl,5,130,9.333333333333334,-0.8775640726089478,1.0159840203462758
UBFC_PHYS_s14_T1_ctrl,5,131,9.366666666666667,-0.2252054661512375,1.1238459501766394
UBFC_PHYS_s14_T1_ctrl,5,132,9.4,0.2706467807292938,1.1195815114775136
UBFC_PHYS_s14_T1_ctrl,5,133,9.433333333333334,0.41098710894584656,1.006828898077133
UBFC_PHYS_s14_T1_ctrl,5,134,9.466666666666667,0.20510956645011902,0.7892345144303982
UBFC_PHYS_s14_T1_ctrl,5,135,9.5,-0.11193057894706726,0.4765229252639583
UBFC_PHYS_s14_T1_ctrl,5,136,9.533333333333333,-0.20729327201843262,0.09179020817381928
UBFC_PHYS_s14_T1_ctrl,5,137,9.566666666666666,-0.0023733130656182766,-0.32535393443592187
UBFC_PHYS_s14_T1_ctrl,5,138,9.6,0.3191448748111725,-0.7218288015506361
UBFC_PHYS_s14_T1_ctrl,5,139,9.633333333333333,0.5733515024185181,-1.0389545296774558
UBFC_PHYS_s14_T1_ctrl,5,140,9.666666666666666,0.6874995231628418,-1.223113335841003
UBFC_PHYS_s14_T1_ctrl,5,141,9.7,0.6588005423545837,-1.237659267679644
UBFC_PHYS_s14_T1_ctrl,5,142,9.733333333333333,0.5367385745048523,-1.073782194843149
UBFC_PHYS_s14_T1_ctrl,5,143,9.766666666666667,0.34666091203689575,-0.7563883211969616
UBFC_PHYS_s14_T1_ctrl,5,144,9.8,0.00728687783703208,-0.3407015202385517
UBFC_PHYS_s14_T1_ctrl,5,145,9.833333333333334,-0.5388941168785095,0.10166030979502211
UBFC_PHYS_s14_T1_ctrl,5,146,9.866666666666667,-1.1412055492401123,0.5024157784758729
UBFC_PHYS_s14_T1_ctrl,5,147,9.9,-1.487282633781433,0.8132183873648373
UBFC_PHYS_s14_T1_ctrl,5,148,9.933333333333334,-1.3633054494857788,1.0117734175907853
UBFC_PHYS_s14_T1_ctrl,5,149,9.966666666666667,-0.8317697048187256,1.0963595810455922
UBFC_PHYS_s14_T1_ctrl,5,150,10.0,-0.1482619047164917,1.0742316606745652
UBFC_PHYS_s14_T1_ctrl,5,151,10.033333333333333,0.46525877714157104,0.9521548202223924
UBFC_PHYS_s14_T1_ctrl,5,152,10.066666666666666,0.9159925580024719,0.7346332774647661
UBFC_PHYS_s14_T1_ctrl,5,153,10.1,1.1311078071594238,0.4296021338735934
UBFC_PHYS_s14_T1_ctrl,5,154,10.133333333333333,1.0809762477874756,0.05652929199196418
UBFC_PHYS_s14_T1_ctrl,5,155,10.166666666666666,0.8921096324920654,-0.3490253298192393
UBFC_PHYS_s14_T1_ctrl,5,156,10.2,0.7436299920082092,-0.7372223104203477
UBFC_PHYS_s14_T1_ctrl,5,157,10.233333333333333,0.6610255241394043,-1.0511934569476722
UBFC_PHYS_s14_T1_ctrl,5,158,10.266666666666667,0.5488771796226501,-1.237463601767671
UBFC_PHYS_s14_T1_ctrl,5,159,10.3,0.376007616519928,-1.2575648630299543
UBFC_PHYS_s14_T1_ctrl,5,160,10.333333333333334,0.17703023552894592,-1.0986809529359771
UBFC_PHYS_s14_T1_ctrl,5,161,10.366666666666667,-0.04540763050317764,-0.7802103232641389
UBFC_PHYS_s14_T1_ctrl,5,162,10.4,-0.311837375164032,-0.35265846470266665
UBFC_PHYS_s14_T1_ctrl,5,163,10.433333333333334,-0.644930899143219,0.11299254210986578
UBFC_PHYS_s14_T1_ctrl,5,164,10.466666666666667,-1.076400637626648,0.5430221583329887
UBFC_PHYS_s14_T1_ctrl,5,165,10.5,-1.483649492263794,0.8791550370811607
UBFC_PHYS_s14_T1_ctrl,5,166,10.533333333333333,-1.5252755880355835,1.0895026281795288
UBFC_PHYS_s14_T1_ctrl,5,167,10.566666666666666,-1.0752177238464355,1.1680557585833202
UBFC_PHYS_s14_T1_ctrl,5,168,10.6,-0.4000464677810669,1.1249401678098994
UBFC_PHYS_s14_T1_ctrl,5,169,10.633333333333333,0.21564282476902008,0.97466036405878
UBFC_PHYS_s14_T1_ctrl,5,170,10.666666666666666,0.6898934245109558,0.7296049290500207
UBFC_PHYS_s14_T1_ctrl,5,171,10.7,0.9617024660110474,0.40169044544428867
UBFC_PHYS_s14_T1_ctrl,5,172,10.733333333333333,0.9684336185455322,0.009448448070693578
UBFC_PHYS_s14_T1_ctrl,5,173,10.766666666666667,0.7900721430778503,-0.4151791870130897
UBFC_PHYS_s14_T1_ctrl,5,174,10.8,0.5865603685379028,-0.8249481496580707
UBFC_PHYS_s14_T1_ctrl,5,175,10.833333333333334,0.445713073015213,-1.1617993468349155
UBFC_PHYS_s14_T1_ctrl,5,176,10.866666666666667,0.3709663152694702,-1.3668792096304894
UBFC_PHYS_s14_T1_ctrl,5,177,10.9,0.30351394414901733,-1.3939996776990187
UBFC_PHYS_s14_T1_ctrl,5,178,10.933333333333334,0.173566073179245,-1.2233499652928759
UBFC_PHYS_s14_T1_ctrl,5,179,10.966666666666667,-0.04915342107415199,-0.8710901145101799
UBFC_PHYS_s14_T1_ctrl,5,180,11.0,-0.36371514201164246,-0.3900666852889989
UBFC_PHYS_s14_T1_ctrl,5,181,11.033333333333333,-0.7650214433670044,0.14088022178667017
UBFC_PHYS_s14_T1_ctrl,5,182,11.066666666666666,-1.229611873626709,0.6364383647196121
UBFC_PHYS_s14_T1_ctrl,5,183,11.1,-1.6372549533843994,1.0258708906149843
UBFC_PHYS_s14_T1_ctrl,5,184,11.133333333333333,-1.7241966724395752,1.2674674206643062
UBFC_PHYS_s14_T1_ctrl,5,185,11.166666666666666,-1.3059357404708862,1.3516365295051096
UBFC_PHYS_s14_T1_ctrl,5,186,11.2,-0.55196213722229,1.2933095062656734
UBFC_PHYS_s14_T1_ctrl,5,187,11.233333333333333,0.16294832527637482,1.1189727012163206
UBFC_PHYS_s14_T1_ctrl,5,188,11.266666666666667,0.629763662815094,0.855243150733763
UBFC_PHYS_s14_T1_ctrl,5,189,11.3,0.8546517491340637,0.5238819339596055
UBFC_PHYS_s14_T1_ctrl,5,190,11.333333333333334,0.8771828413009644,0.14382944272081052
UBFC_PHYS_s14_T1_ctrl,5,191,11.366666666666667,0.7625279426574707,-0.2629334483373161
UBFC_PHYS_s14_T1_ctrl,5,192,11.4,0.6328616738319397,-0.6660197358184601
UBFC_PHYS_s14_T1_ctrl,5,193,11.433333333333334,0.5853774547576904,-1.024998978319645
UBFC_PHYS_s14_T1_ctrl,5,194,11.466666666666667,0.6215116381645203,-1.2929270688983694
UBFC_PHYS_s14_T1_ctrl,5,195,11.5,0.6582091450691223,-1.4247417772943618
UBFC_PHYS_s14_T1_ctrl,5,196,11.533333333333333,0.6023039221763611,-1.38868578451859
UBFC_PHYS_s14_T1_ctrl,5,197,11.566666666666666,0.4421081244945526,-1.1775858269743003
UBFC_PHYS_s14_T1_ctrl,5,198,11.6,0.22003638744354248,-0.8159072226583187
UBFC_PHYS_s14_T1_ctrl,5,199,11.633333333333333,-0.06258756667375565,-0.35867665122315684
UBFC_PHYS_s14_T1_ctrl,5,200,11.666666666666666,-0.47693371772766113,0.1196103205759976
UBFC_PHYS_s14_T1_ctrl,5,201,11.7,-1.0369430780410767,0.5437517678458262
UBFC_PHYS_s14_T1_ctrl,5,202,11.733333333333333,-1.525360107421875,0.8570521598476218
UBFC_PHYS_s14_T1_ctrl,5,203,11.766666666666667,-1.5961921215057373,1.0324403619905116
UBFC_PHYS_s14_T1_ctrl,5,204,11.8,-1.1638493537902832,1.0714900369894524
UBFC_PHYS_s14_T1_ctrl,5,205,11.833333333333334,-0.49481773376464844,0.994269265488803
UBFC_PHYS_s14_T1_ctrl,5,206,11.866666666666667,0.1212095320224762,0.8271057061393576
UBFC_PHYS_s14_T1_ctrl,5,207,11.9,0.5496376156806946,0.5946499609544507
UBFC_PHYS_s14_T1_ctrl,5,208,11.933333333333334,0.762274444103241,0.3183300028403801
UBFC_PHYS_s14_T1_ctrl,5,209,11.966666666666667,0.8122370839118958,0.019112220717541373
UBFC_PHYS_s14_T1_ctrl,5,210,12.0,0.8242348432540894,-0.2787450478080002
UBFC_PHYS_s14_T1_ctrl,5,211,12.033333333333333,0.8764224052429199,-0.5453984030520823
UBFC_PHYS_s14_T1_ctrl,5,212,12.066666666666666,0.938889741897583,-0.7461267953590136
UBFC_PHYS_s14_T1_ctrl,5,213,12.1,0.9360170364379883,-0.8459303492491366
UBFC_PHYS_s14_T1_ctrl,5,214,12.133333333333333,0.8321207165718079,-0.8178783283501007
UBFC_PHYS_s14_T1_ctrl,5,215,12.166666666666666,0.6767972707748413,-0.6532872168973594
UBFC_PHYS_s14_T1_ctrl,5,216,12.2,0.5141511559486389,-0.36977544777940063
UBFC_PHYS_s14_T1_ctrl,5,217,12.233333333333333,0.2733505070209503,-0.012464574265755394
UBFC_PHYS_s14_T1_ctrl,5,218,12.266666666666667,-0.12815293669700623,0.35456080482763336
UBFC_PHYS_s14_T1_ctrl,5,219,12.3,-0.6274129748344421,0.6650028741712785
UBFC_PHYS_s14_T1_ctrl,5,220,12.333333333333334,-1.0407733917236328,0.868796247772927
UBFC_PHYS_s14_T1_ctrl,5,221,12.366666666666667,-1.1274052858352661,0.9439735366886309
UBFC_PHYS_s14_T1_ctrl,5,222,12.4,-0.7440957427024841,0.8972254419878753
UBFC_PHYS_s14_T1_ctrl,5,223,12.433333333333334,-0.0698256641626358,0.7547638594917819
UBFC_PHYS_s14_T1_ctrl,5,224,12.466666666666667,0.5431880950927734,0.5498098983695761
UBFC_PHYS_s14_T1_ctrl,5,225,12.5,0.9184428453445435,0.31327299244090834
UBFC_PHYS_s14_T1_ctrl,5,226,12.533333333333333,1.0440534353256226,0.07024163408659426
UBFC_PHYS_s14_T1_ctrl,5,227,12.566666666666666,0.9497328400611877,-0.15941851321941428
UBFC_PHYS_s14_T1_ctrl,5,228,12.6,0.7637389302253723,-0.3593426192316866
UBFC_PHYS_s14_T1_ctrl,5,229,12.633333333333333,0.6646304726600647,-0.5156599653642135
UBFC_PHYS_s14_T1_ctrl,5,230,12.666666666666666,0.6553927659988403,-0.6172280647000159
UBFC_PHYS_s14_T1_ctrl,5,231,12.7,0.5849550366401672,-0.6570192809936277
UBFC_PHYS_s14_T1_ctrl,5,232,12.733333333333333,0.37890851497650146,-0.6343898623829962
UBFC_PHYS_s14_T1_ctrl,5,233,12.766666666666667,0.1119154766201973,-0.5575887512884804
UBFC_PHYS_s14_T1_ctrl,5,234,12.8,-0.14091114699840546,-0.44505088540632054
UBFC_PHYS_s14_T1_ctrl,5,235,12.833333333333334,-0.40948134660720825,-0.3234407075264452
UBFC_PHYS_s14_T1_ctrl,5,236,12.866666666666667,-0.7541220188140869,-0.22109536147523487
UBFC_PHYS_s14_T1_ctrl,5,237,12.9,-1.1428109407424927,-0.15806182656094678
UBFC_PHYS_s14_T1_ctrl,5,238,12.933333333333334,-1.4021716117858887,-0.1372868506983517
UBFC_PHYS_s14_T1_ctrl,5,239,12.966666666666667,-1.314413070678711,-0.14248624135824045
UBFC_PHYS_s14_T1_ctrl,6,0,6.0,-1.3809924125671387,-0.03675340346243361
UBFC_PHYS_s14_T1_ctrl,6,1,6.033333333333333,-1.075020670890808,0.3566074355377059
UBFC_PHYS_s14_T1_ctrl,6,2,6.066666666666666,-0.37591007351875305,0.7126235684406463
UBFC_PHYS_s14_T1_ctrl,6,3,6.1,0.3055417537689209,0.9994954846487292
UBFC_PHYS_s14_T1_ctrl,6,4,6.133333333333334,0.6571670770645142,1.1951340427903032
UBFC_PHYS_s14_T1_ctrl,6,5,6.166666666666667,0.6611663103103638,1.2899614643021327
UBFC_PHYS_s14_T1_ctrl,6,6,6.2,0.48212891817092896,1.2862606710497273
UBFC_PHYS_s14_T1_ctrl,6,7,6.233333333333333,0.30649930238723755,1.1942230692144613
UBFC_PHYS_s14_T1_ctrl,6,8,6.266666666666667,0.19849106669425964,1.0266517883944979
UBFC_PHYS_s14_T1_ctrl,6,9,6.3,0.08307572454214096,0.7950043773616634
UBFC_PHYS_s14_T1_ctrl,6,10,6.333333333333333,-0.12206955254077911,0.5088218674670609
UBFC_PHYS_s14_T1_ctrl,6,11,6.366666666666666,-0.4324066936969757,0.17892687418967973
UBFC_PHYS_s14_T1_ctrl,6,12,6.4,-0.7751041054725647,-0.1771811548186315
UBFC_PHYS_s14_T1_ctrl,6,13,6.433333333333334,-1.0302401781082153,-0.5307313975757122
UBFC_PHYS_s14_T1_ctrl,6,14,6.466666666666667,-1.1798745393753052,-0.8411189607411869
UBFC_PHYS_s14_T1_ctrl,6,15,6.5,-1.3218483924865723,-1.061352983921294
UBFC_PHYS_s14_T1_ctrl,6,16,6.533333333333333,-1.4837621450424194,-1.1490264209074978
UBFC_PHYS_s14_T1_ctrl,6,17,6.566666666666666,-1.5965864658355713,-1.0795264268340135
UBFC_PHYS_s14_T1_ctrl,6,18,6.6,-1.642746925354004,-0.8563634636499867
UBFC_PHYS_s14_T1_ctrl,6,19,6.633333333333334,-1.5628180503845215,-0.5138524362008433
UBFC_PHYS_s14_T1_ctrl,6,20,6.666666666666667,-1.1906049251556396,-0.11021563072879274
UBFC_PHYS_s14_T1_ctrl,6,21,6.7,-0.5168981552124023,0.2868514440561603
UBFC_PHYS_s14_T1_ctrl,6,22,6.733333333333333,0.22704917192459106,0.616983281654226
UBFC_PHYS_s14_T1_ctrl,6,23,6.766666666666667,0.8399220705032349,0.8402694920670232
UBFC_PHYS_s14_T1_ctrl,6,24,6.8,1.209262490272522,0.9423877845384644
UBFC_PHYS_s14_T1_ctrl,6,25,6.833333333333333,1.2273999452590942,0.9309323254257446
UBFC_PHYS_s14_T1_ctrl,6,26,6.866666666666666,0.9330316781997681,0.8257883884274035
UBFC_PHYS_s14_T1_ctrl,6,27,6.9,0.5836876630783081,0.6485065008829006
UBFC_PHYS_s14_T1_ctrl,6,28,6.933333333333334,0.40721315145492554,0.4152790592769531
UBFC_PHYS_s14_T1_ctrl,6,29,6.966666666666667,0.4155214726924896,0.13594033742588718
UBFC_PHYS_s14_T1_ctrl,6,30,7.0,0.47275036573410034,-0.18131754811624987
UBFC_PHYS_s14_T1_ctrl,6,31,7.033333333333333,0.4528385400772095,-0.5221338874050797
UBFC_PHYS_s14_T1_ctrl,6,32,7.066666666666666,0.3233131170272827,-0.8590122714217692
UBFC_PHYS_s14_T1_ctrl,6,33,7.1,0.10284672677516937,-1.149150668722901
UBFC_PHYS_s14_T1_ctrl,6,34,7.133333333333334,-0.1842271089553833,-1.3396568642307096
UBFC_PHYS_s14_T1_ctrl,6,35,7.166666666666667,-0.5242488980293274,-1.3801230642833318
UBFC_PHYS_s14_T1_ctrl,6,36,7.2,-0.9349619150161743,-1.2392366096883245
UBFC_PHYS_s14_T1_ctrl,6,37,7.233333333333333,-1.4324758052825928,-0.9192599740685592
UBFC_PHYS_s14_T1_ctrl,6,38,7.266666666666667,-1.857552409172058,-0.4614057793067058
UBFC_PHYS_s14_T1_ctrl,6,39,7.3,-1.8549895286560059,0.062030428260121305
UBFC_PHYS_s14_T1_ctrl,6,40,7.333333333333333,-1.2752372026443481,0.5667905473401148
UBFC_PHYS_s14_T1_ctrl,6,41,7.366666666666666,-0.4001591205596924,0.9792967553336459
UBFC_PHYS_s14_T1_ctrl,6,42,7.4,0.3471960425376892,1.2535379717218464
UBFC_PHYS_s14_T1_ctrl,6,43,7.433333333333334,0.7855095863342285,1.376203620472565
UBFC_PHYS_s14_T1_ctrl,6,44,7.466666666666667,0.9746296405792236,1.360072399626274
UBFC_PHYS_s14_T1_ctrl,6,45,7.5,0.9830787777900696,1.2308719864374373
UBFC_PHYS_s14_T1_ctrl,6,46,7.533333333333333,0.8595804572105408,1.0145397231377673
UBFC_PHYS_s14_T1_ctrl,6,47,7.566666666666666,0.74323570728302,0.7300283962781072
UBFC_PHYS_s14_T1_ctrl,6,48,7.6,0.7312097549438477,0.3892798791526468
UBFC_PHYS_s14_T1_ctrl,6,49,7.633333333333334,0.7566980123519897,0.002799971585137084
UBFC_PHYS_s14_T1_ctrl,6,50,7.666666666666667,0.7111570835113525,-0.41235087688380045
UBFC_PHYS_s14_T1_ctrl,6,51,7.7,0.5942490696907043,-0.8256914623838592
UBFC_PHYS_s14_T1_ctrl,6,52,7.733333333333333,0.4327014088630676,-1.1909150651454266
UBFC_PHYS_s14_T1_ctrl,6,53,7.766666666666667,0.19083049893379211,-1.450406398056984
UBFC_PHYS_s14_T1_ctrl,6,54,7.8,-0.11919684708118439,-1.547191594235235
UBFC_PHYS_s14_T1_ctrl,6,55,7.833333333333333,-0.4082139730453491,-1.441891636186792
UBFC_PHYS_s14_T1_ctrl,6,56,7.866666666666666,-0.6903591156005859,-1.129181350881354
UBFC_PHYS_s14_T1_ctrl,6,57,7.9,-1.0720070600509644,-0.6466987110583515
UBFC_PHYS_s14_T1_ctrl,6,58,7.933333333333334,-1.519445776939392,-0.0708232613263029
UBFC_PHYS_s14_T1_ctrl,6,59,7.966666666666667,-1.8147715330123901,0.5013610798355298
UBFC_PHYS_s14_T1_ctrl,6,60,8.0,-1.7409260272979736,0.9779664289197317
UBFC_PHYS_s14_T1_ctrl,6,61,8.033333333333333,-1.2468762397766113,1.2957106151065487
UBFC_PHYS_s14_T1_ctrl,6,62,8.066666666666666,-0.5285580158233643,1.4315084784913175
UBFC_PHYS_s14_T1_ctrl,6,63,8.1,0.13765721023082733,1.3988556706028585
UBFC_PHYS_s14_T1_ctrl,6,64,8.133333333333333,0.5549324154853821,1.2330790635203133
UBFC_PHYS_s14_T1_ctrl,6,65,8.166666666666666,0.6877811551094055,0.9740627010540643
UBFC_PHYS_s14_T1_ctrl,6,66,8.2,0.6469717621803284,0.6542088570051643
UBFC_PHYS_s14_T1_ctrl,6,67,8.233333333333333,0.6063313484191895,0.2950248761224
UBFC_PHYS_s14_T1_ctrl,6,68,8.266666666666667,0.6594483256340027,-0.0887099414390494
UBFC_PHYS_s14_T1_ctrl,6,69,8.3,0.7480235695838928,-0.48088319276932523
UBFC_PHYS_s14_T1_ctrl,6,70,8.333333333333334,0.7950853109359741,-0.85638610329374
UBFC_PHYS_s14_T1_ctrl,6,71,8.366666666666667,0.8064916133880615,-1.1774668059403737
UBFC_PHYS_s14_T1_ctrl,6,72,8.4,0.7784404754638672,-1.3965097685532903
UBFC_PHYS_s14_T1_ctrl,6,73,8.433333333333334,0.6325237154960632,-1.465796060978097
UBFC_PHYS_s14_T1_ctrl,6,74,8.466666666666667,0.30449968576431274,-1.3521564185999309
UBFC_PHYS_s14_T1_ctrl,6,75,8.5,-0.15121911466121674,-1.051740844311945
UBFC_PHYS_s14_T1_ctrl,6,76,8.533333333333333,-0.5716767907142639,-0.5986768894456374
UBFC_PHYS_s14_T1_ctrl,6,77,8.566666666666666,-0.8829715251922607,-0.06235829130625712
UBFC_PHYS_s14_T1_ctrl,6,78,8.6,-1.1646941900253296,0.46805474320277457
UBFC_PHYS_s14_T1_ctrl,6,79,8.633333333333333,-1.4129582643508911,0.9074463863832467
UBFC_PHYS_s14_T1_ctrl,6,80,8.666666666666666,-1.420562505722046,1.1971369140256491
UBFC_PHYS_s14_T1_ctrl,6,81,8.7,-1.0326340198516846,1.3159396423180194
UBFC_PHYS_s14_T1_ctrl,6,82,8.733333333333333,-0.3656584322452545,1.2763938806743271
UBFC_PHYS_s14_T1_ctrl,6,83,8.766666666666667,0.2963321805000305,1.1107382507044958
UBFC_PHYS_s14_T1_ctrl,6,84,8.8,0.7241969704627991,0.8550166266709214
UBFC_PHYS_s14_T1_ctrl,6,85,8.833333333333334,0.8429638147354126,0.5385260097663876
UBFC_PHYS_s14_T1_ctrl,6,86,8.866666666666667,0.7256333231925964,0.18188308706209314
UBFC_PHYS_s14_T1_ctrl,6,87,8.9,0.571858823299408,-0.1974698252866899
UBFC_PHYS_s14_T1_ctrl,6,88,8.933333333333334,0.5391324758529663,-0.5767503389079182
UBFC_PHYS_s14_T1_ctrl,6,89,8.966666666666667,0.5774352550506592,-0.9216899426699903
UBFC_PHYS_s14_T1_ctrl,6,90,9.0,0.5538621544837952,-1.1866893137759582
UBFC_PHYS_s14_T1_ctrl,6,91,9.033333333333333,0.4426432251930237,-1.3224141108542318
UBFC_PHYS_s14_T1_ctrl,6,92,9.066666666666666,0.26963287591934204,-1.2890791774161763
UBFC_PHYS_s14_T1_ctrl,6,93,9.1,0.013961703516542912,-1.07127704732336
UBFC_PHYS_s14_T1_ctrl,6,94,9.133333333333333,-0.29998040199279785,-0.6887364851071648
UBFC_PHYS_s14_T1_ctrl,6,95,9.166666666666666,-0.586772620677948,-0.19761077297809287
UBFC_PHYS_s14_T1_ctrl,6,96,9.2,-0.8426127433776855,0.32049321104846673
UBFC_PHYS_s14_T1_ctrl,6,97,9.233333333333333,-1.1425575017929077,0.7794243573769729
UBFC_PHYS_s14_T1_ctrl,6,98,9.266666666666667,-1.4037487506866455,1.1112911814622362
UBFC_PHYS_s14_T1_ctrl,6,99,9.3,-1.3496460914611816,1.281240533152637
UBFC_PHYS_s14_T1_ctrl,6,100,9.333333333333334,-0.8775640726089478,1.2887512798133518
UBFC_PHYS_s14_T1_ctrl,6,101,9.366666666666667,-0.2252054661512375,1.1573541881867924
UBFC_PHYS_s14_T1_ctrl,6,102,9.4,0.2706467807292938,0.9198002802053977
UBFC_PHYS_s14_T1_ctrl,6,103,9.433333333333334,0.41098710894584656,0.6063959401232206
UBFC_PHYS_s14_T1_ctrl,6,104,9.466666666666667,0.20510956645011902,0.24111901162437782
UBFC_PHYS_s14_T1_ctrl,6,105,9.5,-0.11193057894706726,-0.1546174399866469
UBFC_PHYS_s14_T1_ctrl,6,106,9.533333333333333,-0.20729327201843262,-0.5545791728288588
UBFC_PHYS_s14_T1_ctrl,6,107,9.566666666666666,-0.0023733130656182766,-0.9221125506005573
UBFC_PHYS_s14_T1_ctrl,6,108,9.6,0.3191448748111725,-1.2103712188625206
UBFC_PHYS_s14_T1_ctrl,6,109,9.633333333333333,0.5733515024185181,-1.3695159623940971
UBFC_PHYS_s14_T1_ctrl,6,110,9.666666666666666,0.6874995231628418,-1.3591878052764532
UBFC_PHYS_s14_T1_ctrl,6,111,9.7,0.6588005423545837,-1.1624499975269322
UBFC_PHYS_s14_T1_ctrl,6,112,9.733333333333333,0.5367385745048523,-0.7962312414396018
UBFC_PHYS_s14_T1_ctrl,6,113,9.766666666666667,0.34666091203689575,-0.31330156559739686
UBFC_PHYS_s14_T1_ctrl,6,114,9.8,0.00728687783703208,0.20740980031838235
UBFC_PHYS_s14_T1_ctrl,6,115,9.833333333333334,-0.5388941168785095,0.6807585327887733
UBFC_PHYS_s14_T1_ctrl,6,116,9.866666666666667,-1.1412055492401123,1.0380040052101447
UBFC_PHYS_s14_T1_ctrl,6,117,9.9,-1.487282633781433,1.2419234589649433
UBFC_PHYS_s14_T1_ctrl,6,118,9.933333333333334,-1.3633054494857788,1.288627089020998
UBFC_PHYS_s14_T1_ctrl,6,119,9.966666666666667,-0.8317697048187256,1.197926295181783
UBFC_PHYS_s14_T1_ctrl,6,120,10.0,-0.1482619047164917,0.9992043115433169
UBFC_PHYS_s14_T1_ctrl,6,121,10.033333333333333,0.46525877714157104,0.7201197767474025
UBFC_PHYS_s14_T1_ctrl,6,122,10.066666666666666,0.9159925580024719,0.38222734633713473
UBFC_PHYS_s14_T1_ctrl,6,123,10.1,1.1311078071594238,0.0034665282744637737
UBFC_PHYS_s14_T1_ctrl,6,124,10.133333333333333,1.0809762477874756,-0.39523974566940867
UBFC_PHYS_s14_T1_ctrl,6,125,10.166666666666666,0.8921096324920654,-0.7831889310043444
UBFC_PHYS_s14_T1_ctrl,6,126,10.2,0.7436299920082092,-1.1170068086279918
UBFC_PHYS_s14_T1_ctrl,6,127,10.233333333333333,0.6610255241394043,-1.3446393815310282
UBFC_PHYS_s14_T1_ctrl,6,128,10.266666666666667,0.5488771796226501,-1.4165160093193485
UBFC_PHYS_s14_T1_ctrl,6,129,10.3,0.376007616519928,-1.300871077371165
UBFC_PHYS_s14_T1_ctrl,6,130,10.333333333333334,0.17703023552894592,-0.9977481556692227
UBFC_PHYS_s14_T1_ctrl,6,131,10.366666666666667,-0.04540763050317764,-0.5455745449686475
UBFC_PHYS_s14_T1_ctrl,6,132,10.4,-0.311837375164032,-0.015966174522858544
UBFC_PHYS_s14_T1_ctrl,6,133,10.433333333333334,-0.644930899143219,0.5031801180893914
UBFC_PHYS_s14_T1_ctrl,6,134,10.466666666666667,-1.076400637626648,0.9305729451249558
UBFC_PHYS_s14_T1_ctrl,6,135,10.5,-1.483649492263794,1.2112676437802665
UBFC_PHYS_s14_T1_ctrl,6,136,10.533333333333333,-1.5252755880355835,1.3257100059410187
UBFC_PHYS_s14_T1_ctrl,6,137,10.566666666666666,-1.0752177238464355,1.2859365267637237
UBFC_PHYS_s14_T1_ctrl,6,138,10.6,-0.4000464677810669,1.1227183518615058
UBFC_PHYS_s14_T1_ctrl,6,139,10.633333333333333,0.21564282476902008,0.8707455367407383
UBFC_PHYS_s14_T1_ctrl,6,140,10.666666666666666,0.6898934245109558,0.5582863876107556
UBFC_PHYS_s14_T1_ctrl,6,141,10.7,0.9617024660110474,0.2045537682659512
UBFC_PHYS_s14_T1_ctrl,6,142,10.733333333333333,0.9684336185455322,-0.1755205646624743
UBFC_PHYS_s14_T1_ctrl,6,143,10.766666666666667,0.7900721430778503,-0.5623831302144048
UBFC_PHYS_s14_T1_ctrl,6,144,10.8,0.5865603685379028,-0.9240821405119519
UBFC_PHYS_s14_T1_ctrl,6,145,10.833333333333334,0.445713073015213,-1.2147303484374081
UBFC_PHYS_s14_T1_ctrl,6,146,10.866666666666667,0.3709663152694702,-1.3815918113342123
UBFC_PHYS_s14_T1_ctrl,6,147,10.9,0.30351394414901733,-1.3792306004039896
UBFC_PHYS_s14_T1_ctrl,6,148,10.933333333333334,0.173566073179245,-1.185906668082709
UBFC_PHYS_s14_T1_ctrl,6,149,10.966666666666667,-0.04915342107415199,-0.8158482109013923
UBFC_PHYS_s14_T1_ctrl,6,150,11.0,-0.36371514201164246,-0.32163821331362047
UBFC_PHYS_s14_T1_ctrl,6,151,11.033333333333333,-0.7650214433670044,0.21588578403288747
UBFC_PHYS_s14_T1_ctrl,6,152,11.066666666666666,-1.229611873626709,0.707730201391256
UBFC_PHYS_s14_T1_ctrl,6,153,11.1,-1.6372549533843994,1.0796626444683766
UBFC_PHYS_s14_T1_ctrl,6,154,11.133333333333333,-1.7241966724395752,1.2891048092156863
UBFC_PHYS_s14_T1_ctrl,6,155,11.166666666666666,-1.3059357404708862,1.3298405975987444
UBFC_PHYS_s14_T1_ctrl,6,156,11.2,-0.55196213722229,1.2243566952241227
UBFC_PHYS_s14_T1_ctrl,6,157,11.233333333333333,0.16294832527637482,1.0091921202163854
UBFC_PHYS_s14_T1_ctrl,6,158,11.266666666666667,0.629763662815094,0.7205636860319687
UBFC_PHYS_s14_T1_ctrl,6,159,11.3,0.8546517491340637,0.38588978788480643
UBFC_PHYS_s14_T1_ctrl,6,160,11.333333333333334,0.8771828413009644,0.023495274585146917
UBFC_PHYS_s14_T1_ctrl,6,161,11.366666666666667,0.7625279426574707,-0.35089342850885813
UBFC_PHYS_s14_T1_ctrl,6,162,11.4,0.6328616738319397,-0.7151962679295091
UBFC_PHYS_s14_T1_ctrl,6,163,11.433333333333334,0.5853774547576904,-1.0349605453397317
UBFC_PHYS_s14_T1_ctrl,6,164,11.466666666666667,0.6215116381645203,-1.2643264631209785
UBFC_PHYS_s14_T1_ctrl,6,165,11.5,0.6582091450691223,-1.3550376627724008
UBFC_PHYS_s14_T1_ctrl,6,166,11.533333333333333,0.6023039221763611,-1.271186755784707
UBFC_PHYS_s14_T1_ctrl,6,167,11.566666666666666,0.4421081244945526,-1.004625757812616
UBFC_PHYS_s14_T1_ctrl,6,168,11.6,0.22003638744354248,-0.5846615958591125
UBFC_PHYS_s14_T1_ctrl,6,169,11.633333333333333,-0.06258756667375565,-0.07662602242268478
UBFC_PHYS_s14_T1_ctrl,6,170,11.666666666666666,-0.47693371772766113,0.43246467654921533
UBFC_PHYS_s14_T1_ctrl,6,171,11.7,-1.0369430780410767,0.8571998699704095
UBFC_PHYS_s14_T1_ctrl,6,172,11.733333333333333,-1.525360107421875,1.1366094801614681
UBFC_PHYS_s14_T1_ctrl,6,173,11.766666666666667,-1.5961921215057373,1.2464862133072203
UBFC_PHYS_s14_T1_ctrl,6,174,11.8,-1.1638493537902832,1.1971101678862202
UBFC_PHYS_s14_T1_ctrl,6,175,11.833333333333334,-0.49481773376464844,1.0201955310585076
UBFC_PHYS_s14_T1_ctrl,6,176,11.866666666666667,0.1212095320224762,0.7529848441626402
UBFC_PHYS_s14_T1_ctrl,6,177,11.9,0.5496376156806946,0.426769532368257
UBFC_PHYS_s14_T1_ctrl,6,178,11.933333333333334,0.762274444103241,0.06368280117519826
UBFC_PHYS_s14_T1_ctrl,6,179,11.966666666666667,0.8122370839118958,-0.3185998239100848
UBFC_PHYS_s14_T1_ctrl,6,180,12.0,0.8242348432540894,-0.6980343116553998
UBFC_PHYS_s14_T1_ctrl,6,181,12.033333333333333,0.8764224052429199,-1.040672495187583
UBFC_PHYS_s14_T1_ctrl,6,182,12.066666666666666,0.938889741897583,-1.2993336339813557
UBFC_PHYS_s14_T1_ctrl,6,183,12.1,0.9360170364379883,-1.4209723851797769
UBFC_PHYS_s14_T1_ctrl,6,184,12.133333333333333,0.8321207165718079,-1.3616015711973646
UBFC_PHYS_s14_T1_ctrl,6,185,12.166666666666666,0.6767972707748413,-1.1039436132121436
UBFC_PHYS_s14_T1_ctrl,6,186,12.2,0.5141511559486389,-0.6706070157956805
UBFC_PHYS_s14_T1_ctrl,6,187,12.233333333333333,0.2733505070209503,-0.12575786521577267
UBFC_PHYS_s14_T1_ctrl,6,188,12.266666666666667,-0.12815293669700623,0.4382535863265819
UBFC_PHYS_s14_T1_ctrl,6,189,12.3,-0.6274129748344421,0.9261630238324089
UBFC_PHYS_s14_T1_ctrl,6,190,12.333333333333334,-1.0407733917236328,1.26658966927265
UBFC_PHYS_s14_T1_ctrl,6,191,12.366666666666667,-1.1274052858352661,1.4281074324100425
UBFC_PHYS_s14_T1_ctrl,6,192,12.4,-0.7440957427024841,1.4186854019659685
UBFC_PHYS_s14_T1_ctrl,6,193,12.433333333333334,-0.0698256641626358,1.2719052946444587
UBFC_PHYS_s14_T1_ctrl,6,194,12.466666666666667,0.5431880950927734,1.028699518225463
UBFC_PHYS_s14_T1_ctrl,6,195,12.5,0.9184428453445435,0.7231638223300121
UBFC_PHYS_s14_T1_ctrl,6,196,12.533333333333333,1.0440534353256226,0.3773065576638359
UBFC_PHYS_s14_T1_ctrl,6,197,12.566666666666666,0.9497328400611877,0.004899220744373542
UBFC_PHYS_s14_T1_ctrl,6,198,12.6,0.7637389302253723,-0.3791193228554602
UBFC_PHYS_s14_T1_ctrl,6,199,12.633333333333333,0.6646304726600647,-0.7490597878049541
UBFC_PHYS_s14_T1_ctrl,6,200,12.666666666666666,0.6553927659988403,-1.063952416784199
UBFC_PHYS_s14_T1_ctrl,6,201,12.7,0.5849550366401672,-1.27141973227393
UBFC_PHYS_s14_T1_ctrl,6,202,12.733333333333333,0.37890851497650146,-1.3201648049680692
UBFC_PHYS_s14_T1_ctrl,6,203,12.766666666666667,0.1119154766201973,-1.1776364806483746
UBFC_PHYS_s14_T1_ctrl,6,204,12.8,-0.14091114699840546,-0.84636502641735
UBFC_PHYS_s14_T1_ctrl,6,205,12.833333333333334,-0.40948134660720825,-0.37139389688295393
UBFC_PHYS_s14_T1_ctrl,6,206,12.866666666666667,-0.7541220188140869,0.16659242506882982
UBFC_PHYS_s14_T1_ctrl,6,207,12.9,-1.1428109407424927,0.6720010158899115
UBFC_PHYS_s14_T1_ctrl,6,208,12.933333333333334,-1.4021716117858887,1.0610356199573763
UBFC_PHYS_s14_T1_ctrl,6,209,12.966666666666667,-1.314413070678711,1.282765562146196
UBFC_PHYS_s14_T1_ctrl,6,210,13.0,-0.8212364315986633,1.3263800013273406
UBFC_PHYS_s14_T1_ctrl,6,211,13.033333333333333,-0.12285814434289932,1.2139909387537495
UBFC_PHYS_s14_T1_ctrl,6,212,13.066666666666666,0.49404221773147583,0.9846808332638463
UBFC_PHYS_s14_T1_ctrl,6,213,13.1,0.8960525989532471,0.6779419458208888
UBFC_PHYS_s14_T1_ctrl,6,214,13.133333333333333,1.0672886371612549,0.3231671687068871
UBFC_PHYS_s14_T1_ctrl,6,215,13.166666666666666,1.0379981994628906,-0.06201298061118695
UBFC_PHYS_s14_T1_ctrl,6,216,13.2,0.9077123999595642,-0.46587486495307284
UBFC_PHYS_s14_T1_ctrl,6,217,13.233333333333333,0.8180951476097107,-0.8733337479432325
UBFC_PHYS_s14_T1_ctrl,6,218,13.266666666666667,0.8186584115028381,-1.2581182900802765
UBFC_PHYS_s14_T1_ctrl,6,219,13.3,0.8042948842048645,-1.5802469319770704
UBFC_PHYS_s14_T1_ctrl,6,220,13.333333333333334,0.6777829527854919,-1.7906474723784787
UBFC_PHYS_s14_T1_ctrl,6,221,13.366666666666667,0.48091787099838257,-1.8423158470207104
UBFC_PHYS_s14_T1_ctrl,6,222,13.4,0.30089470744132996,-1.7050192489640914
UBFC_PHYS_s14_T1_ctrl,6,223,13.433333333333334,0.11875928193330765,-1.3787048494493375
UBFC_PHYS_s14_T1_ctrl,6,224,13.466666666666667,-0.1811290830373764,-0.9001404787410321
UBFC_PHYS_s14_T1_ctrl,6,225,13.5,-0.6454941630363464,-0.3387160542465315
UBFC_PHYS_s14_T1_ctrl,6,226,13.533333333333333,-1.1011565923690796,0.2189808007271247
UBFC_PHYS_s14_T1_ctrl,6,227,13.566666666666666,-1.2247676849365234,0.6912496475798701
UBFC_PHYS_s14_T1_ctrl,6,228,13.6,-0.8582437038421631,1.0215836231718483
UBFC_PHYS_s14_T1_ctrl,6,229,13.633333333333333,-0.18087561428546906,1.1891342663346913
UBFC_PHYS_s14_T1_ctrl,6,230,13.666666666666666,0.485705703496933,1.206668706941021
UBFC_PHYS_s14_T1_ctrl,6,231,13.7,0.9639837145805359,1.1097089265755906
UBFC_PHYS_s14_T1_ctrl,6,232,13.733333333333333,1.2125294208526611,0.943302934055532
UBFC_PHYS_s14_T1_ctrl,6,233,13.766666666666667,1.2121351957321167,0.7514846848876084
UBFC_PHYS_s14_T1_ctrl,6,234,13.8,1.0368998050689697,0.5710830341163169
UBFC_PHYS_s14_T1_ctrl,6,235,13.833333333333334,0.8500047326087952,0.42872949464217247
UBFC_PHYS_s14_T1_ctrl,6,236,13.866666666666667,0.7346457242965698,0.3392460779948398
UBFC_PHYS_s14_T1_ctrl,6,237,13.9,0.671474277973175,0.304614758676829
UBFC_PHYS_s14_T1_ctrl,6,238,13.933333333333334,0.6011210680007935,0.314027370591323
UBFC_PHYS_s14_T1_ctrl,6,239,13.966666666666667,0.4718209505081177,0.34609761544274004
UBFC_PHYS_s14_T1_ctrl,7,0,7.0,0.47275036573410034,0.02390842649619334
UBFC_PHYS_s14_T1_ctrl,7,1,7.033333333333333,0.4528385400772095,-0.37312290948329185
UBFC_PHYS_s14_T1_ctrl,7,2,7.066666666666666,0.3233131170272827,-0.7471205514971265
UBFC_PHYS_s14_T1_ctrl,7,3,7.1,0.10284672677516937,-1.0686720293408232
UBFC_PHYS_s14_T1_ctrl,7,4,7.133333333333334,-0.1842271089553833,-1.2993191877445096
UBFC_PHYS_s14_T1_ctrl,7,5,7.166666666666667,-0.5242488980293274,-1.3971225382970174
UBFC_PHYS_s14_T1_ctrl,7,6,7.2,-0.9349619150161743,-1.3286301627935149
UBFC_PHYS_s14_T1_ctrl,7,7,7.233333333333333,-1.4324758052825928,-1.0834496690224493
UBFC_PHYS_s14_T1_ctrl,7,8,7.266666666666667,-1.857552409172058,-0.6853645967563837
UBFC_PHYS_s14_T1_ctrl,7,9,7.3,-1.8549895286560059,-0.19361769945608556
UBFC_PHYS_s14_T1_ctrl,7,10,7.333333333333333,-1.2752372026443481,0.3089983623333316
UBFC_PHYS_s14_T1_ctrl,7,11,7.366666666666666,-0.4001591205596924,0.7385843631938558
UBFC_PHYS_s14_T1_ctrl,7,12,7.4,0.3471960425376892,1.034126091737991
UBFC_PHYS_s14_T1_ctrl,7,13,7.433333333333334,0.7855095863342285,1.1721487566589324
UBFC_PHYS_s14_T1_ctrl,7,14,7.466666666666667,0.9746296405792236,1.1660568147065
UBFC_PHYS_s14_T1_ctrl,7,15,7.5,0.9830787777900696,1.0522669097682547
UBFC_PHYS_s14_T1_ctrl,7,16,7.533333333333333,0.8595804572105408,0.8710551746208463
UBFC_PHYS_s14_T1_ctrl,7,17,7.566666666666666,0.74323570728302,0.6511151534314205
UBFC_PHYS_s14_T1_ctrl,7,18,7.6,0.7312097549438477,0.40364466000924454
UBFC_PHYS_s14_T1_ctrl,7,19,7.633333333333334,0.7566980123519897,0.12671768423343527
UBFC_PHYS_s14_T1_ctrl,7,20,7.666666666666667,0.7111570835113525,-0.18357443944303337
UBFC_PHYS_s14_T1_ctrl,7,21,7.7,0.5942490696907043,-0.5207466911025739
UBFC_PHYS_s14_T1_ctrl,7,22,7.733333333333333,0.4327014088630676,-0.8594928298778357
UBFC_PHYS_s14_T1_ctrl,7,23,7.766666666666667,0.19083049893379211,-1.1545759501664126
UBFC_PHYS_s14_T1_ctrl,7,24,7.8,-0.11919684708118439,-1.3481668470137242
UBFC_PHYS_s14_T1_ctrl,7,25,7.833333333333333,-0.4082139730453491,-1.3844909994031631
UBFC_PHYS_s14_T1_ctrl,7,26,7.866666666666666,-0.6903591156005859,-1.2283313199183707
UBFC_PHYS_s14_T1_ctrl,7,27,7.9,-1.0720070600509644,-0.8816073753162412
UBFC_PHYS_s14_T1_ctrl,7,28,7.933333333333334,-1.519445776939392,-0.39081381394655146
UBFC_PHYS_s14_T1_ctrl,7,29,7.966666666666667,-1.8147715330123901,0.1603338940134395
UBFC_PHYS_s14_T1_ctrl,7,30,8.0,-1.7409260272979736,0.6730662354920862
UBFC_PHYS_s14_T1_ctrl,7,31,8.033333333333333,-1.2468762397766113,1.0628996029434283
UBFC_PHYS_s14_T1_ctrl,7,32,8.066666666666666,-0.5285580158233643,1.2831820519491761
UBFC_PHYS_s14_T1_ctrl,7,33,8.1,0.13765721023082733,1.3317512134986564
UBFC_PHYS_s14_T1_ctrl,7,34,8.133333333333333,0.5549324154853821,1.2392349611738955
UBFC_PHYS_s14_T1_ctrl,7,35,8.166666666666666,0.6877811551094055,1.0477800030151725
UBFC_PHYS_s14_T1_ctrl,7,36,8.2,0.6469717621803284,0.792363238002141
UBFC_PHYS_s14_T1_ctrl,7,37,8.233333333333333,0.6063313484191895,0.492825298347047
UBFC_PHYS_s14_T1_ctrl,7,38,8.266666666666667,0.6594483256340027,0.15751589273939137
UBFC_PHYS_s14_T1_ctrl,7,39,8.3,0.7480235695838928,-0.2062549021194792
UBFC_PHYS_s14_T1_ctrl,7,40,8.333333333333334,0.7950853109359741,-0.5812592333164367
UBFC_PHYS_s14_T1_ctrl,7,41,8.366666666666667,0.8064916133880615,-0.933773500211786
UBFC_PHYS_s14_T1_ctrl,7,42,8.4,0.7784404754638672,-1.2143511137538499
UBFC_PHYS_s14_T1_ctrl,7,43,8.433333333333334,0.6325237154960632,-1.3669377224831458
UBFC_PHYS_s14_T1_ctrl,7,44,8.466666666666667,0.30449968576431274,-1.3447728064209257
UBFC_PHYS_s14_T1_ctrl,7,45,8.5,-0.15121911466121674,-1.1285172657644431
UBFC_PHYS_s14_T1_ctrl,7,46,8.533333333333333,-0.5716767907142639,-0.7395801712841434
UBFC_PHYS_s14_T1_ctrl,7,47,8.566666666666666,-0.8829715251922607,-0.2414037377578433
UBFC_PHYS_s14_T1_ctrl,7,48,8.6,-1.1646941900253296,0.27503962602059867
UBFC_PHYS_s14_T1_ctrl,7,49,8.633333333333333,-1.4129582643508911,0.7179893669339431
UBFC_PHYS_s14_T1_ctrl,7,50,8.666666666666666,-1.420562505722046,1.0223275742173081
UBFC_PHYS_s14_T1_ctrl,7,51,8.7,-1.0326340198516846,1.1642572090015797
UBFC_PHYS_s14_T1_ctrl,7,52,8.733333333333333,-0.3656584322452545,1.1573814150941781
UBFC_PHYS_s14_T1_ctrl,7,53,8.766666666666667,0.2963321805000305,1.035325544687008
UBFC_PHYS_s14_T1_ctrl,7,54,8.8,0.7241969704627991,0.8321483304036189
UBFC_PHYS_s14_T1_ctrl,7,55,8.833333333333334,0.8429638147354126,0.5706140334796483
UBFC_PHYS_s14_T1_ctrl,7,56,8.866666666666667,0.7256333231925964,0.26229475815549846
UBFC_PHYS_s14_T1_ctrl,7,57,8.9,0.571858823299408,-0.08330791651598685
UBFC_PHYS_s14_T1_ctrl,7,58,8.933333333333334,0.5391324758529663,-0.44727470383764173
UBFC_PHYS_s14_T1_ctrl,7,59,8.966666666666667,0.5774352550506592,-0.7940981521250979
UBFC_PHYS_s14_T1_ctrl,7,60,9.0,0.5538621544837952,-1.0728608470864798
UBFC_PHYS_s14_T1_ctrl,7,61,9.033333333333333,0.4426432251930237,-1.2271935413118993
UBFC_PHYS_s14_T1_ctrl,7,62,9.066666666666666,0.26963287591934204,-1.2113003124736412
UBFC_PHYS_s14_T1_ctrl,7,63,9.1,0.013961703516542912,-1.007055428204863
UBFC_PHYS_s14_T1_ctrl,7,64,9.133333333333333,-0.29998040199279785,-0.6358883481930738
UBFC_PHYS_s14_T1_ctrl,7,65,9.166666666666666,-0.586772620677948,-0.1595013155048822
UBFC_PHYS_s14_T1_ctrl,7,66,9.2,-0.8426127433776855,0.333708397958719
UBFC_PHYS_s14_T1_ctrl,7,67,9.233333333333333,-1.1425575017929077,0.7537414412538134
UBFC_PHYS_s14_T1_ctrl,7,68,9.266666666666667,-1.4037487506866455,1.035763579431305
UBFC_PHYS_s14_T1_ctrl,7,69,9.3,-1.3496460914611816,1.1561357747253345
UBFC_PHYS_s14_T1_ctrl,7,70,9.333333333333334,-0.8775640726089478,1.130738535137473
UBFC_PHYS_s14_T1_ctrl,7,71,9.366666666666667,-0.2252054661512375,0.9982579182031889
UBFC_PHYS_s14_T1_ctrl,7,72,9.4,0.2706467807292938,0.7983822465653181
UBFC_PHYS_s14_T1_ctrl,7,73,9.433333333333334,0.41098710894584656,0.5561055692169813
UBFC_PHYS_s14_T1_ctrl,7,74,9.466666666666667,0.20510956645011902,0.2786412030289327
UBFC_PHYS_s14_T1_ctrl,7,75,9.5,-0.11193057894706726,-0.03573941597397419
UBFC_PHYS_s14_T1_ctrl,7,76,9.533333333333333,-0.20729327201843262,-0.3831571474520666
UBFC_PHYS_s14_T1_ctrl,7,77,9.566666666666666,-0.0023733130656182766,-0.7418155604957479
UBFC_PHYS_s14_T1_ctrl,7,78,9.6,0.3191448748111725,-1.067940956851443
UBFC_PHYS_s14_T1_ctrl,7,79,9.633333333333333,0.5733515024185181,-1.3021896157242807
UBFC_PHYS_s14_T1_ctrl,7,80,9.666666666666666,0.6874995231628418,-1.3850363983891003
UBFC_PHYS_s14_T1_ctrl,7,81,9.7,0.6588005423545837,-1.2766570213467403
UBFC_PHYS_s14_T1_ctrl,7,82,9.733333333333333,0.5367385745048523,-0.9746133758371621
UBFC_PHYS_s14_T1_ctrl,7,83,9.766666666666667,0.34666091203689575,-0.5218318231822678
UBFC_PHYS_s14_T1_ctrl,7,84,9.8,0.00728687783703208,0.0008573899720466308
UBFC_PHYS_s14_T1_ctrl,7,85,9.833333333333334,-0.5388941168785095,0.49749858225057986
UBFC_PHYS_s14_T1_ctrl,7,86,9.866666666666667,-1.1412055492401123,0.8864619569427044
UBFC_PHYS_s14_T1_ctrl,7,87,9.9,-1.487282633781433,1.1230737243589697
UBFC_PHYS_s14_T1_ctrl,7,88,9.933333333333334,-1.3633054494857788,1.2055325531478083
UBFC_PHYS_s14_T1_ctrl,7,89,9.966666666666667,-0.8317697048187256,1.1633764024051618
UBFC_PHYS_s14_T1_ctrl,7,90,10.0,-0.1482619047164917,1.036212473769459
UBFC_PHYS_s14_T1_ctrl,7,91,10.033333333333333,0.46525877714157104,0.8540033058776566
UBFC_PHYS_s14_T1_ctrl,7,92,10.066666666666666,0.9159925580024719,0.6278756004532575
UBFC_PHYS_s14_T1_ctrl,7,93,10.1,1.1311078071594238,0.3541702946269532
UBFC_PHYS_s14_T1_ctrl,7,94,10.133333333333333,1.0809762477874756,0.02781638962683883
UBFC_PHYS_s14_T1_ctrl,7,95,10.166666666666666,0.8921096324920654,-0.3426800301123653
UBFC_PHYS_s14_T1_ctrl,7,96,10.2,0.7436299920082092,-0.7259215874144581
UBFC_PHYS_s14_T1_ctrl,7,97,10.233333333333333,0.6610255241394043,-1.0680327939416003
UBFC_PHYS_s14_T1_ctrl,7,98,10.266666666666667,0.5488771796226501,-1.3030945766641728
UBFC_PHYS_s14_T1_ctrl,7,99,10.3,0.376007616519928,-1.3708129876405073
UBFC_PHYS_s14_T1_ctrl,7,100,10.333333333333334,0.17703023552894592,-1.236444139196799
UBFC_PHYS_s14_T1_ctrl,7,101,10.366666666666667,-0.04540763050317764,-0.9064898493794225
UBFC_PHYS_s14_T1_ctrl,7,102,10.4,-0.311837375164032,-0.43331725469159
UBFC_PHYS_s14_T1_ctrl,7,103,10.433333333333334,-0.644930899143219,0.09558685696037862
UBFC_PHYS_s14_T1_ctrl,7,104,10.466666666666667,-1.076400637626648,0.5818958438665877
UBFC_PHYS_s14_T1_ctrl,7,105,10.5,-1.483649492263794,0.9453993306652949
UBFC_PHYS_s14_T1_ctrl,7,106,10.533333333333333,-1.5252755880355835,1.1451138173216906
UBFC_PHYS_s14_T1_ctrl,7,107,10.566666666666666,-1.0752177238464355,1.1831453180655633
UBFC_PHYS_s14_T1_ctrl,7,108,10.6,-0.4000464677810669,1.09124137565571
UBFC_PHYS_s14_T1_ctrl,7,109,10.633333333333333,0.21564282476902008,0.9092002340034435
UBFC_PHYS_s14_T1_ctrl,7,110,10.666666666666666,0.6898934245109558,0.6671265309709161
UBFC_PHYS_s14_T1_ctrl,7,111,10.7,0.9617024660110474,0.37945667842615327
UBFC_PHYS_s14_T1_ctrl,7,112,10.733333333333333,0.9684336185455322,0.051289854553470286
UBFC_PHYS_s14_T1_ctrl,7,113,10.766666666666667,0.7900721430778503,-0.3086901303206308
UBFC_PHYS_s14_T1_ctrl,7,114,10.8,0.5865603685379028,-0.6765571958352351
UBFC_PHYS_s14_T1_ctrl,7,115,10.833333333333334,0.445713073015213,-1.0088464023335648
UBFC_PHYS_s14_T1_ctrl,7,116,10.866666666666667,0.3709663152694702,-1.2480507191835373
UBFC_PHYS_s14_T1_ctrl,7,117,10.9,0.30351394414901733,-1.336634064320391
UBFC_PHYS_s14_T1_ctrl,7,118,10.933333333333334,0.173566073179245,-1.2355154629942393
UBFC_PHYS_s14_T1_ctrl,7,119,10.966666666666667,-0.04915342107415199,-0.9409979630445138
UBFC_PHYS_s14_T1_ctrl,7,120,11.0,-0.36371514201164246,-0.4930841165826979
UBFC_PHYS_s14_T1_ctrl,7,121,11.033333333333333,-0.7650214433670044,0.030295123130042192
UBFC_PHYS_s14_T1_ctrl,7,122,11.066666666666666,-1.229611873626709,0.5334245862762941
UBFC_PHYS_s14_T1_ctrl,7,123,11.1,-1.6372549533843994,0.9306471843667135
UBFC_PHYS_s14_T1_ctrl,7,124,11.133333333333333,-1.7241966724395752,1.1702548839209874
UBFC_PHYS_s14_T1_ctrl,7,125,11.166666666666666,-1.3059357404708862,1.243768265672824
UBFC_PHYS_s14_T1_ctrl,7,126,11.2,-0.55196213722229,1.1775809940442472
UBFC_PHYS_s14_T1_ctrl,7,127,11.233333333333333,0.16294832527637482,1.0131852558413157
UBFC_PHYS_s14_T1_ctrl,7,128,11.266666666666667,0.629763662815094,0.7870134199300605
UBFC_PHYS_s14_T1_ctrl,7,129,11.3,0.8546517491340637,0.5194113956683339
UBFC_PHYS_s14_T1_ctrl,7,130,11.333333333333334,0.8771828413009644,0.21620997457109845
UBFC_PHYS_s14_T1_ctrl,7,131,11.366666666666667,0.7625279426574707,-0.12033048830184415
UBFC_PHYS_s14_T1_ctrl,7,132,11.4,0.6328616738319397,-0.478238787186948
UBFC_PHYS_s14_T1_ctrl,7,133,11.433333333333334,0.5853774547576904,-0.8271987955596198
UBFC_PHYS_s14_T1_ctrl,7,134,11.466666666666667,0.6215116381645203,-1.118693477069491
UBFC_PHYS_s14_T1_ctrl,7,135,11.5,0.6582091450691223,-1.2953799925170422
UBFC_PHYS_s14_T1_ctrl,7,136,11.533333333333333,0.6023039221763611,-1.3071782776893701
UBFC_PHYS_s14_T1_ctrl,7,137,11.566666666666666,0.4421081244945526,-1.1293658430987987
UBFC_PHYS_s14_T1_ctrl,7,138,11.6,0.22003638744354248,-0.7763604343114731
UBFC_PHYS_s14_T1_ctrl,7,139,11.633333333333333,-0.06258756667375565,-0.3045955511913431
UBFC_PHYS_s14_T1_ctrl,7,140,11.666666666666666,-0.47693371772766113,0.19965930046428096
UBFC_PHYS_s14_T1_ctrl,7,141,11.7,-1.0369430780410767,0.6453184389832739
UBFC_PHYS_s14_T1_ctrl,7,142,11.733333333333333,-1.525360107421875,0.9639185066942482
UBFC_PHYS_s14_T1_ctrl,7,143,11.766666666666667,-1.5961921215057373,1.126105238043338
UBFC_PHYS_s14_T1_ctrl,7,144,11.8,-1.1638493537902832,1.1403582067484594
UBFC_PHYS_s14_T1_ctrl,7,145,11.833333333333334,-0.49481773376464844,1.037659018895058
UBFC_PHYS_s14_T1_ctrl,7,146,11.866666666666667,0.1212095320224762,0.8521942486381417
UBFC_PHYS_s14_T1_ctrl,7,147,11.9,0.5496376156806946,0.6079971702512525
UBFC_PHYS_s14_T1_ctrl,7,148,11.933333333333334,0.762274444103241,0.3165690607981927
UBFC_PHYS_s14_T1_ctrl,7,149,11.966666666666667,0.8122370839118958,-0.01566149222377355
UBFC_PHYS_s14_T1_ctrl,7,150,12.0,0.8242348432540894,-0.37557806382043574
UBFC_PHYS_s14_T1_ctrl,7,151,12.033333333333333,0.8764224052429199,-0.7340217984212831
UBFC_PHYS_s14_T1_ctrl,7,152,12.066666666666666,0.938889741897583,-1.0437881539982334
UBFC_PHYS_s14_T1_ctrl,7,153,12.1,0.9360170364379883,-1.2467511549608277
UBFC_PHYS_s14_T1_ctrl,7,154,12.133333333333333,0.8321207165718079,-1.2887753534111663
UBFC_PHYS_s14_T1_ctrl,7,155,12.166666666666666,0.6767972707748413,-1.1383145310904725
UBFC_PHYS_s14_T1_ctrl,7,156,12.2,0.5141511559486389,-0.8022961934754547
UBFC_PHYS_s14_T1_ctrl,7,157,12.233333333333333,0.2733505070209503,-0.33198629924264556
UBFC_PHYS_s14_T1_ctrl,7,158,12.266666666666667,-0.12815293669700623,0.18649643717121445
UBFC_PHYS_s14_T1_ctrl,7,159,12.3,-0.6274129748344421,0.6562032535563816
UBFC_PHYS_s14_T1_ctrl,7,160,12.333333333333334,-1.0407733917236328,0.9985959309445662
UBFC_PHYS_s14_T1_ctrl,7,161,12.366666666666667,-1.1274052858352661,1.1744375621185412
UBFC_PHYS_s14_T1_ctrl,7,162,12.4,-0.7440957427024841,1.18735138125744
UBFC_PHYS_s14_T1_ctrl,7,163,12.433333333333334,-0.0698256641626358,1.0707658450530682
UBFC_PHYS_s14_T1_ctrl,7,164,12.466666666666667,0.5431880950927734,0.8669113806171033
UBFC_PHYS_s14_T1_ctrl,7,165,12.5,0.9184428453445435,0.6089587015507034
UBFC_PHYS_s14_T1_ctrl,7,166,12.533333333333333,1.0440534353256226,0.31407142065326255
UBFC_PHYS_s14_T1_ctrl,7,167,12.566666666666666,0.9497328400611877,-0.01140300080415129
UBFC_PHYS_s14_T1_ctrl,7,168,12.6,0.7637389302253723,-0.35952259325607083
UBFC_PHYS_s14_T1_ctrl,7,169,12.633333333333333,0.6646304726600647,-0.7088403927473168
UBFC_PHYS_s14_T1_ctrl,7,170,12.666666666666666,0.6553927659988403,-1.019341237353266
UBFC_PHYS_s14_T1_ctrl,7,171,12.7,0.5849550366401672,-1.2369478658343231
UBFC_PHYS_s14_T1_ctrl,7,172,12.733333333333333,0.37890851497650146,-1.3067924535149023
UBFC_PHYS_s14_T1_ctrl,7,173,12.766666666666667,0.1119154766201973,-1.1915122175998658
UBFC_PHYS_s14_T1_ctrl,7,174,12.8,-0.14091114699840546,-0.888373224609971
UBFC_PHYS_s14_T1_ctrl,7,175,12.833333333333334,-0.40948134660720825,-0.43787223870398373
UBFC_PHYS_s14_T1_ctrl,7,176,12.866666666666667,-0.7541220188140869,0.08200050931871974
UBFC_PHYS_s14_T1_ctrl,7,177,12.9,-1.1428109407424927,0.5762963492893882
UBFC_PHYS_s14_T1_ctrl,7,178,12.933333333333334,-1.4021716117858887,0.9611317708965375
UBFC_PHYS_s14_T1_ctrl,7,179,12.966666666666667,-1.314413070678711,1.1870547497859347
UBFC_PHYS_s14_T1_ctrl,7,180,13.0,-0.8212364315986633,1.2478631195134757
UBFC_PHYS_s14_T1_ctrl,7,181,13.033333333333333,-0.12285814434289932,1.1724934759797772
UBFC_PHYS_s14_T1_ctrl,7,182,13.066666666666666,0.49404221773147583,1.0055178906357742
UBFC_PHYS_s14_T1_ctrl,7,183,13.1,0.8960525989532471,0.7862594098364144
UBFC_PHYS_s14_T1_ctrl,7,184,13.133333333333333,1.0672886371612549,0.5358945502982141
UBFC_PHYS_s14_T1_ctrl,7,185,13.166666666666666,1.0379981994628906,0.2570796711797698
UBFC_PHYS_s14_T1_ctrl,7,186,13.2,0.9077123999595642,-0.05567168931669216
UBFC_PHYS_s14_T1_ctrl,7,187,13.233333333333333,0.8180951476097107,-0.40121547595571944
UBFC_PHYS_s14_T1_ctrl,7,188,13.266666666666667,0.8186584115028381,-0.7598836556142824
UBFC_PHYS_s14_T1_ctrl,7,189,13.3,0.8042948842048645,-1.0896251177326854
UBFC_PHYS_s14_T1_ctrl,7,190,13.333333333333334,0.6777829527854919,-1.3319985670931673
UBFC_PHYS_s14_T1_ctrl,7,191,13.366666666666667,0.48091787099838257,-1.4266796839340135
UBFC_PHYS_s14_T1_ctrl,7,192,13.4,0.30089470744132996,-1.3307072397472866
UBFC_PHYS_s14_T1_ctrl,7,193,13.433333333333334,0.11875928193330765,-1.0366629873376798
UBFC_PHYS_s14_T1_ctrl,7,194,13.466666666666667,-0.1811290830373764,-0.5825778596816354
UBFC_PHYS_s14_T1_ctrl,7,195,13.5,-0.6454941630363464,-0.047365969857111494
UBFC_PHYS_s14_T1_ctrl,7,196,13.533333333333333,-1.1011565923690796,0.469580986362518
UBFC_PHYS_s14_T1_ctrl,7,197,13.566666666666666,-1.2247676849365234,0.8783367701107184
UBFC_PHYS_s14_T1_ctrl,7,198,13.6,-0.8582437038421631,1.1249427152082827
UBFC_PHYS_s14_T1_ctrl,7,199,13.633333333333333,-0.18087561428546906,1.2017281110999283
UBFC_PHYS_s14_T1_ctrl,7,200,13.666666666666666,0.485705703496933,1.1377943827947665
UBFC_PHYS_s14_T1_ctrl,7,201,13.7,0.9639837145805359,0.9771572174637594
UBFC_PHYS_s14_T1_ctrl,7,202,13.733333333333333,1.2125294208526611,0.7571413828367295
UBFC_PHYS_s14_T1_ctrl,7,203,13.766666666666667,1.2121351957321167,0.49710980844861785
UBFC_PHYS_s14_T1_ctrl,7,204,13.8,1.0368998050689697,0.20065215313170826
UBFC_PHYS_s14_T1_ctrl,7,205,13.833333333333334,0.8500047326087952,-0.13261122286553317
UBFC_PHYS_s14_T1_ctrl,7,206,13.866666666666667,0.7346457242965698,-0.4930430275670281
UBFC_PHYS_s14_T1_ctrl,7,207,13.9,0.671474277973175,-0.851836103060186
UBFC_PHYS_s14_T1_ctrl,7,208,13.933333333333334,0.6011210680007935,-1.1606799737236089
UBFC_PHYS_s14_T1_ctrl,7,209,13.966666666666667,0.4718209505081177,-1.3606373599748127
UBFC_PHYS_s14_T1_ctrl,7,210,14.0,0.2809547185897827,-1.397856627170083
UBFC_PHYS_s14_T1_ctrl,7,211,14.033333333333333,0.054517608135938644,-1.2416834790765805
UBFC_PHYS_s14_T1_ctrl,7,212,14.066666666666666,-0.22934554517269135,-0.8990747960239119
UBFC_PHYS_s14_T1_ctrl,7,213,14.1,-0.5925180315971375,-0.41885153111244766
UBFC_PHYS_s14_T1_ctrl,7,214,14.133333333333333,-0.9901630282402039,0.11833803977607459
UBFC_PHYS_s14_T1_ctrl,7,215,14.166666666666666,-1.3066399097442627,0.6226325129596796
UBFC_PHYS_s14_T1_ctrl,7,216,14.2,-1.3259884119033813,1.0210701479272137
UBFC_PHYS_s14_T1_ctrl,7,217,14.233333333333333,-0.877733051776886,1.2750860336619503
UBFC_PHYS_s14_T1_ctrl,7,218,14.266666666666667,-0.11424001306295395,1.3822366800488504
UBFC_PHYS_s14_T1_ctrl,7,219,14.3,0.5802235007286072,1.364012431427493
UBFC_PHYS_s14_T1_ctrl,7,220,14.333333333333334,1.0037791728973389,1.2482109015854572
UBFC_PHYS_s14_T1_ctrl,7,221,14.366666666666667,1.1756629943847656,1.0555068885731966
UBFC_PHYS_s14_T1_ctrl,7,222,14.4,1.1879706382751465,0.7960154010156933
UBFC_PHYS_s14_T1_ctrl,7,223,14.433333333333334,1.141387701034546,0.47557279455884843
UBFC_PHYS_s14_T1_ctrl,7,224,14.466666666666667,1.092833161354065,0.10656029877635764
UBFC_PHYS_s14_T1_ctrl,7,225,14.5,1.0519393682479858,-0.2833592708384828
UBFC_PHYS_s14_T1_ctrl,7,226,14.533333333333333,1.0056380033493042,-0.6491195751035241
UBFC_PHYS_s14_T1_ctrl,7,227,14.566666666666666,0.8913492560386658,-0.9339466122117273
UBFC_PHYS_s14_T1_ctrl,7,228,14.6,0.6687705516815186,-1.0817254896101558
UBFC_PHYS_s14_T1_ctrl,7,229,14.633333333333333,0.39822888374328613,-1.0532278974772973
UBFC_PHYS_s14_T1_ctrl,7,230,14.666666666666666,0.14013563096523285,-0.8415452810515083
UBFC_PHYS_s14_T1_ctrl,7,231,14.7,-0.1214781105518341,-0.48073570009693195
UBFC_PHYS_s14_T1_ctrl,7,232,14.733333333333333,-0.40410205721855164,-0.04244495147515169
UBFC_PHYS_s14_T1_ctrl,7,233,14.766666666666667,-0.7174527645111084,0.3806347733325898
UBFC_PHYS_s14_T1_ctrl,7,234,14.8,-1.0541794300079346,0.6991783691634169
UBFC_PHYS_s14_T1_ctrl,7,235,14.833333333333334,-1.2469326257705688,0.8499056842507849
UBFC_PHYS_s14_T1_ctrl,7,236,14.866666666666667,-1.0633044242858887,0.8082764427059965
UBFC_PHYS_s14_T1_ctrl,7,237,14.9,-0.5207847952842712,0.5886360310549328
UBFC_PHYS_s14_T1_ctrl,7,238,14.933333333333334,0.10563494265079498,0.2352321572976619
UBFC_PHYS_s14_T1_ctrl,7,239,14.966666666666667,0.5909820795059204,-0.18967112454221263
UBFC_PHYS_s14_T1_ctrl,8,0,8.0,-1.7409260272979736,-0.09981244551664772
UBFC_PHYS_s14_T1_ctrl,8,1,8.033333333333333,-1.2468762397766113,0.0897263707143513
UBFC_PHYS_s14_T1_ctrl,8,2,8.066666666666666,-0.5285580158233643,0.2622497807178547
UBFC_PHYS_s14_T1_ctrl,8,3,8.1,0.13765721023082733,0.4001861394604947
UBFC_PHYS_s14_T1_ctrl,8,4,8.133333333333333,0.5549324154853821,0.48837390745079895
UBFC_PHYS_s14_T1_ctrl,8,5,8.166666666666666,0.6877811551094055,0.5134052259212554
UBFC_PHYS_s14_T1_ctrl,8,6,8.2,0.6469717621803284,0.4629888928449011
UBFC_PHYS_s14_T1_ctrl,8,7,8.233333333333333,0.6063313484191895,0.32764116661452997
UBFC_PHYS_s14_T1_ctrl,8,8,8.266666666666667,0.6594483256340027,0.10533720961504076
UBFC_PHYS_s14_T1_ctrl,8,9,8.3,0.7480235695838928,-0.19276735833187036
UBFC_PHYS_s14_T1_ctrl,8,10,8.333333333333334,0.7950853109359741,-0.5383728511631194
UBFC_PHYS_s14_T1_ctrl,8,11,8.366666666666667,0.8064916133880615,-0.885997653312756
UBFC_PHYS_s14_T1_ctrl,8,12,8.4,0.7784404754638672,-1.1778837463570413
UBFC_PHYS_s14_T1_ctrl,8,13,8.433333333333334,0.6325237154960632,-1.3537332645089717
UBFC_PHYS_s14_T1_ctrl,8,14,8.466666666666667,0.30449968576431274,-1.3640171728437696
UBFC_PHYS_s14_T1_ctrl,8,15,8.5,-0.15121911466121674,-1.184192851208409
UBFC_PHYS_s14_T1_ctrl,8,16,8.533333333333333,-0.5716767907142639,-0.825620149123813
UBFC_PHYS_s14_T1_ctrl,8,17,8.566666666666666,-0.8829715251922607,-0.33813624329072656
UBFC_PHYS_s14_T1_ctrl,8,18,8.6,-1.1646941900253296,0.19945394658070453
UBFC_PHYS_s14_T1_ctrl,8,19,8.633333333333333,-1.4129582643508911,0.6999230634474948
UBFC_PHYS_s14_T1_ctrl,8,20,8.666666666666666,-1.420562505722046,1.0913073310058248
UBFC_PHYS_s14_T1_ctrl,8,21,8.7,-1.0326340198516846,1.3328495274847745
UBFC_PHYS_s14_T1_ctrl,8,22,8.733333333333333,-0.3656584322452545,1.4170201577145836
UBFC_PHYS_s14_T1_ctrl,8,23,8.766666666666667,0.2963321805000305,1.3597150457779967
UBFC_PHYS_s14_T1_ctrl,8,24,8.8,0.7241969704627991,1.1861352386986646
UBFC_PHYS_s14_T1_ctrl,8,25,8.833333333333334,0.8429638147354126,0.9201018535410885
UBFC_PHYS_s14_T1_ctrl,8,26,8.866666666666667,0.7256333231925964,0.5808996370777524
UBFC_PHYS_s14_T1_ctrl,8,27,8.9,0.571858823299408,0.18706274696032799
UBFC_PHYS_s14_T1_ctrl,8,28,8.933333333333334,0.5391324758529663,-0.2365868279662758
UBFC_PHYS_s14_T1_ctrl,8,29,8.966666666666667,0.5774352550506592,-0.6531890818319269
UBFC_PHYS_s14_T1_ctrl,8,30,9.0,0.5538621544837952,-1.0130799602828846
UBFC_PHYS_s14_T1_ctrl,8,31,9.033333333333333,0.4426432251930237,-1.2598519105770576
UBFC_PHYS_s14_T1_ctrl,8,32,9.066666666666666,0.26963287591934204,-1.3427393085969157
UBFC_PHYS_s14_T1_ctrl,8,33,9.1,0.013961703516542912,-1.2322478922003097
UBFC_PHYS_s14_T1_ctrl,8,34,9.133333333333333,-0.29998040199279785,-0.9336314505245089
UBFC_PHYS_s14_T1_ctrl,8,35,9.166666666666666,-0.586772620677948,-0.49190372070207694
UBFC_PHYS_s14_T1_ctrl,8,36,9.2,-0.8426127433776855,0.01612778081892384
UBFC_PHYS_s14_T1_ctrl,8,37,9.233333333333333,-1.1425575017929077,0.5020436728558323
UBFC_PHYS_s14_T1_ctrl,8,38,9.266666666666667,-1.4037487506866455,0.8904647563549746
UBFC_PHYS_s14_T1_ctrl,8,39,9.3,-1.3496460914611816,1.137055655312472
UBFC_PHYS_s14_T1_ctrl,8,40,9.333333333333334,-0.8775640726089478,1.23254285395229
UBFC_PHYS_s14_T1_ctrl,8,41,9.366666666666667,-0.2252054661512375,1.1933226112098096
UBFC_PHYS_s14_T1_ctrl,8,42,9.4,0.2706467807292938,1.0457063432740397
UBFC_PHYS_s14_T1_ctrl,8,43,9.433333333333334,0.41098710894584656,0.8126691044208059
UBFC_PHYS_s14_T1_ctrl,8,44,9.466666666666667,0.20510956645011902,0.5089833720648488
UBFC_PHYS_s14_T1_ctrl,8,45,9.5,-0.11193057894706726,0.14534723540355174
UBFC_PHYS_s14_T1_ctrl,8,46,9.533333333333333,-0.20729327201843262,-0.2623033140001679
UBFC_PHYS_s14_T1_ctrl,8,47,9.566666666666666,-0.0023733130656182766,-0.6839978505622762
UBFC_PHYS_s14_T1_ctrl,8,48,9.6,0.3191448748111725,-1.0723988982054173
UBFC_PHYS_s14_T1_ctrl,8,49,9.633333333333333,0.5733515024185181,-1.3674869576771056
UBFC_PHYS_s14_T1_ctrl,8,50,9.666666666666666,0.6874995231628418,-1.5089786657724849
UBFC_PHYS_s14_T1_ctrl,8,51,9.7,0.6588005423545837,-1.4534858412622167
UBFC_PHYS_s14_T1_ctrl,8,52,9.733333333333333,0.5367385745048523,-1.1911319271220258
UBFC_PHYS_s14_T1_ctrl,8,53,9.766666666666667,0.34666091203689575,-0.7549377014599362
UBFC_PHYS_s14_T1_ctrl,8,54,9.8,0.00728687783703208,-0.21696121747312952
UBFC_PHYS_s14_T1_ctrl,8,55,9.833333333333334,-0.5388941168785095,0.3301232916969353
UBFC_PHYS_s14_T1_ctrl,8,56,9.866666666666667,-1.1412055492401123,0.7993690160401186
UBFC_PHYS_s14_T1_ctrl,8,57,9.9,-1.487282633781433,1.131949643314887
UBFC_PHYS_s14_T1_ctrl,8,58,9.933333333333334,-1.3633054494857788,1.3061295714061265
UBFC_PHYS_s14_T1_ctrl,8,59,9.966666666666667,-0.8317697048187256,1.3312228375787267
UBFC_PHYS_s14_T1_ctrl,8,60,10.0,-0.1482619047164917,1.2326373016986858
UBFC_PHYS_s14_T1_ctrl,8,61,10.033333333333333,0.46525877714157104,1.0371723994245305
UBFC_PHYS_s14_T1_ctrl,8,62,10.066666666666666,0.9159925580024719,0.7651259086992996
UBFC_PHYS_s14_T1_ctrl,8,63,10.1,1.1311078071594238,0.43054344564711294
UBFC_PHYS_s14_T1_ctrl,8,64,10.133333333333333,1.0809762477874756,0.04701401124257096
UBFC_PHYS_s14_T1_ctrl,8,65,10.166666666666666,0.8921096324920654,-0.36495991855716114
UBFC_PHYS_s14_T1_ctrl,8,66,10.2,0.7436299920082092,-0.7725172566479105
UBFC_PHYS_s14_T1_ctrl,8,67,10.233333333333333,0.6610255241394043,-1.1293457128696063
UBFC_PHYS_s14_T1_ctrl,8,68,10.266666666666667,0.5488771796226501,-1.3804389525308636
UBFC_PHYS_s14_T1_ctrl,8,69,10.3,0.376007616519928,-1.4729492181235673
UBFC_PHYS_s14_T1_ctrl,8,70,10.333333333333334,0.17703023552894592,-1.371221164658791
UBFC_PHYS_s14_T1_ctrl,8,71,10.366666666666667,-0.04540763050317764,-1.0714961470026578
UBFC_PHYS_s14_T1_ctrl,8,72,10.4,-0.311837375164032,-0.6100977939516569
UBFC_PHYS_s14_T1_ctrl,8,73,10.433333333333334,-0.644930899143219,-0.05977638111217782
UBFC_PHYS_s14_T1_ctrl,8,74,10.466666666666667,-1.076400637626648,0.4869737495548301
UBFC_PHYS_s14_T1_ctrl,8,75,10.5,-1.483649492263794,0.9425676224618696
UBFC_PHYS_s14_T1_ctrl,8,76,10.533333333333333,-1.5252755880355835,1.2467294835545126
UBFC_PHYS_s14_T1_ctrl,8,77,10.566666666666666,-1.0752177238464355,1.3767891144669588
UBFC_PHYS_s14_T1_ctrl,8,78,10.6,-0.4000464677810669,1.3431154360633466
UBFC_PHYS_s14_T1_ctrl,8,79,10.633333333333333,0.21564282476902008,1.1751529885001808
UBFC_PHYS_s14_T1_ctrl,8,80,10.666666666666666,0.6898934245109558,0.906736116214454
UBFC_PHYS_s14_T1_ctrl,8,81,10.7,0.9617024660110474,0.5671904530781295
UBFC_PHYS_s14_T1_ctrl,8,82,10.733333333333333,0.9684336185455322,0.18022579528976002
UBFC_PHYS_s14_T1_ctrl,8,83,10.766666666666667,0.7900721430778503,-0.23139697844717058
UBFC_PHYS_s14_T1_ctrl,8,84,10.8,0.5865603685379028,-0.6394056517896932
UBFC_PHYS_s14_T1_ctrl,8,85,10.833333333333334,0.445713073015213,-1.0057424742196373
UBFC_PHYS_s14_T1_ctrl,8,86,10.866666666666667,0.3709663152694702,-1.2833376717300295
UBFC_PHYS_s14_T1_ctrl,8,87,10.9,0.30351394414901733,-1.423068110624978
UBFC_PHYS_s14_T1_ctrl,8,88,10.933333333333334,0.173566073179245,-1.3859280432611873
UBFC_PHYS_s14_T1_ctrl,8,89,10.966666666666667,-0.04915342107415199,-1.1571486282156602
UBFC_PHYS_s14_T1_ctrl,8,90,11.0,-0.36371514201164246,-0.7570848757990019
UBFC_PHYS_s14_T1_ctrl,8,91,11.033333333333333,-0.7650214433670044,-0.2432281037383588
UBFC_PHYS_s14_T1_ctrl,8,92,11.066666666666666,-1.229611873626709,0.3001782433831318
UBFC_PHYS_s14_T1_ctrl,8,93,11.1,-1.6372549533843994,0.7832719268785137
UBFC_PHYS_s14_T1_ctrl,8,94,11.133333333333333,-1.7241966724395752,1.1344620810540929
UBFC_PHYS_s14_T1_ctrl,8,95,11.166666666666666,-1.3059357404708862,1.3165599924611484
UBFC_PHYS_s14_T1_ctrl,8,96,11.2,-0.55196213722229,1.3289497447760912
UBFC_PHYS_s14_T1_ctrl,8,97,11.233333333333333,0.16294832527637482,1.1973096965165944
UBFC_PHYS_s14_T1_ctrl,8,98,11.266666666666667,0.629763662815094,0.9579836529523383
UBFC_PHYS_s14_T1_ctrl,8,99,11.3,0.8546517491340637,0.6450726147286721
UBFC_PHYS_s14_T1_ctrl,8,100,11.333333333333334,0.8771828413009644,0.285190505086777
UBFC_PHYS_s14_T1_ctrl,8,101,11.366666666666667,0.7625279426574707,-0.09998187237429954
UBFC_PHYS_s14_T1_ctrl,8,102,11.4,0.6328616738319397,-0.4869796417425873
UBFC_PHYS_s14_T1_ctrl,8,103,11.433333333333334,0.5853774547576904,-0.8445740514948588
UBFC_PHYS_s14_T1_ctrl,8,104,11.466666666666667,0.6215116381645203,-1.132269580616662
UBFC_PHYS_s14_T1_ctrl,8,105,11.5,0.6582091450691223,-1.3047863955745314
UBFC_PHYS_s14_T1_ctrl,8,106,11.533333333333333,0.6023039221763611,-1.322005040671194
UBFC_PHYS_s14_T1_ctrl,8,107,11.566666666666666,0.4421081244945526,-1.1620056695786793
UBFC_PHYS_s14_T1_ctrl,8,108,11.6,0.22003638744354248,-0.8329476835084317
UBFC_PHYS_s14_T1_ctrl,8,109,11.633333333333333,-0.06258756667375565,-0.3783193598069224
UBFC_PHYS_s14_T1_ctrl,8,110,11.666666666666666,-0.47693371772766113,0.12905459185800172
UBFC_PHYS_s14_T1_ctrl,8,111,11.7,-1.0369430780410767,0.6045351707486001
UBFC_PHYS_s14_T1_ctrl,8,112,11.733333333333333,-1.525360107421875,0.9743536128455741
UBFC_PHYS_s14_T1_ctrl,8,113,11.766666666666667,-1.5961921215057373,1.193319992299951
UBFC_PHYS_s14_T1_ctrl,8,114,11.8,-1.1638493537902832,1.2503531205713396
UBFC_PHYS_s14_T1_ctrl,8,115,11.833333333333334,-0.49481773376464844,1.1616401950944693
UBFC_PHYS_s14_T1_ctrl,8,116,11.866666666666667,0.1212095320224762,0.9571553907532768
UBFC_PHYS_s14_T1_ctrl,8,117,11.9,0.5496376156806946,0.6682021159801688
UBFC_PHYS_s14_T1_ctrl,8,118,11.933333333333334,0.762274444103241,0.321409301488058
UBFC_PHYS_s14_T1_ctrl,8,119,11.966666666666667,0.8122370839118958,-0.059829039103387605
UBFC_PHYS_s14_T1_ctrl,8,120,12.0,0.8242348432540894,-0.4494771616583295
UBFC_PHYS_s14_T1_ctrl,8,121,12.033333333333333,0.8764224052429199,-0.8133286752273315
UBFC_PHYS_s14_T1_ctrl,8,122,12.066666666666666,0.938889741897583,-1.1078327186390287
UBFC_PHYS_s14_T1_ctrl,8,123,12.1,0.9360170364379883,-1.285073704060668
UBFC_PHYS_s14_T1_ctrl,8,124,12.133333333333333,0.8321207165718079,-1.3033796399712465
UBFC_PHYS_s14_T1_ctrl,8,125,12.166666666666666,0.6767972707748413,-1.1408957089375271
UBFC_PHYS_s14_T1_ctrl,8,126,12.2,0.5141511559486389,-0.8075397169576781
UBFC_PHYS_s14_T1_ctrl,8,127,12.233333333333333,0.2733505070209503,-0.3496895514601282
UBFC_PHYS_s14_T1_ctrl,8,128,12.266666666666667,-0.12815293669700623,0.1569950841963766
UBFC_PHYS_s14_T1_ctrl,8,129,12.3,-0.6274129748344421,0.6265655453263094
UBFC_PHYS_s14_T1_ctrl,8,130,12.333333333333334,-1.0407733917236328,0.9864875212775961
UBFC_PHYS_s14_T1_ctrl,8,131,12.366666666666667,-1.1274052858352661,1.1952147798560901
UBFC_PHYS_s14_T1_ctrl,8,132,12.4,-0.7440957427024841,1.2464297172484662
UBFC_PHYS_s14_T1_ctrl,8,133,12.433333333333334,-0.0698256641626358,1.1604535715991688
UBFC_PHYS_s14_T1_ctrl,8,134,12.466666666666667,0.5431880950927734,0.9692752208319323
UBFC_PHYS_s14_T1_ctrl,8,135,12.5,0.9184428453445435,0.7031867307686621
UBFC_PHYS_s14_T1_ctrl,8,136,12.533333333333333,1.0440534353256226,0.3845158975479744
UBFC_PHYS_s14_T1_ctrl,8,137,12.566666666666666,0.9497328400611877,0.029512121353112163
UBFC_PHYS_s14_T1_ctrl,8,138,12.6,0.7637389302253723,-0.3444764278072957
UBFC_PHYS_s14_T1_ctrl,8,139,12.633333333333333,0.6646304726600647,-0.7113386673080548
UBFC_PHYS_s14_T1_ctrl,8,140,12.666666666666666,0.6553927659988403,-1.0325400212113913
UBFC_PHYS_s14_T1_ctrl,8,141,12.7,0.5849550366401672,-1.2600662217207055
UBFC_PHYS_s14_T1_ctrl,8,142,12.733333333333333,0.37890851497650146,-1.3460890262967
UBFC_PHYS_s14_T1_ctrl,8,143,12.766666666666667,0.1119154766201973,-1.2570429852994611
UBFC_PHYS_s14_T1_ctrl,8,144,12.8,-0.14091114699840546,-0.9877793494541944
UBFC_PHYS_s14_T1_ctrl,8,145,12.833333333333334,-0.40948134660720825,-0.5700852631907768
UBFC_PHYS_s14_T1_ctrl,8,146,12.866666666666667,-0.7541220188140869,-0.07004992754047705
UBFC_PHYS_s14_T1_ctrl,8,147,12.9,-1.1428109407424927,0.4275172714492975
UBFC_PHYS_s14_T1_ctrl,8,148,12.933333333333334,-1.4021716117858887,0.8424803276918381
UBFC_PHYS_s14_T1_ctrl,8,149,12.966666666666667,-1.314413070678711,1.1203998457436832
UBFC_PHYS_s14_T1_ctrl,8,150,13.0,-0.8212364315986633,1.2423269870859195
UBFC_PHYS_s14_T1_ctrl,8,151,13.033333333333333,-0.12285814434289932,1.22079449554019
UBFC_PHYS_s14_T1_ctrl,8,152,13.066666666666666,0.49404221773147583,1.086202528972251
UBFC_PHYS_s14_T1_ctrl,8,153,13.1,0.8960525989532471,0.871401516486075
UBFC_PHYS_s14_T1_ctrl,8,154,13.133333333333333,1.0672886371612549,0.6013770194201511
UBFC_PHYS_s14_T1_ctrl,8,155,13.166666666666666,1.0379981994628906,0.2911361248394559
UBFC_PHYS_s14_T1_ctrl,8,156,13.2,0.9077123999595642,-0.04918291924324561
UBFC_PHYS_s14_T1_ctrl,8,157,13.233333333333333,0.8180951476097107,-0.4057345784909963
UBFC_PHYS_s14_T1_ctrl,8,158,13.266666666666667,0.8186584115028381,-0.7536122669429829
UBFC_PHYS_s14_T1_ctrl,8,159,13.3,0.8042948842048645,-1.0545239270110742
UBFC_PHYS_s14_T1_ctrl,8,160,13.333333333333334,0.6777829527854919,-1.261186811867445
UBFC_PHYS_s14_T1_ctrl,8,161,13.366666666666667,0.48091787099838257,-1.3277889593064955
UBFC_PHYS_s14_T1_ctrl,8,162,13.4,0.30089470744132996,-1.2239670392873574
UBFC_PHYS_s14_T1_ctrl,8,163,13.433333333333334,0.11875928193330765,-0.9480653489445772
UBFC_PHYS_s14_T1_ctrl,8,164,13.466666666666667,-0.1811290830373764,-0.5341383383888116
UBFC_PHYS_s14_T1_ctrl,8,165,13.5,-0.6454941630363464,-0.04786481492886219
UBFC_PHYS_s14_T1_ctrl,8,166,13.533333333333333,-1.1011565923690796,0.42952645007549467
UBFC_PHYS_s14_T1_ctrl,8,167,13.566666666666666,-1.2247676849365234,0.8241339108057529
UBFC_PHYS_s14_T1_ctrl,8,168,13.6,-0.8582437038421631,1.088954896447313
UBFC_PHYS_s14_T1_ctrl,8,169,13.633333333333333,-0.18087561428546906,1.2108404296055626
UBFC_PHYS_s14_T1_ctrl,8,170,13.666666666666666,0.485705703496933,1.2030911138648195
UBFC_PHYS_s14_T1_ctrl,8,171,13.7,0.9639837145805359,1.0903202154286238
UBFC_PHYS_s14_T1_ctrl,8,172,13.733333333333333,1.2125294208526611,0.8949274788716536
UBFC_PHYS_s14_T1_ctrl,8,173,13.766666666666667,1.2121351957321167,0.631376886311722
UBFC_PHYS_s14_T1_ctrl,8,174,13.8,1.0368998050689697,0.3089961554655612
UBFC_PHYS_s14_T1_ctrl,8,175,13.833333333333334,0.8500047326087952,-0.06030168404196166
UBFC_PHYS_s14_T1_ctrl,8,176,13.866666666666667,0.7346457242965698,-0.45429042138067083
UBFC_PHYS_s14_T1_ctrl,8,177,13.9,0.671474277973175,-0.8365492074586754
UBFC_PHYS_s14_T1_ctrl,8,178,13.933333333333334,0.6011210680007935,-1.1584268368933521
UBFC_PHYS_s14_T1_ctrl,8,179,13.966666666666667,0.4718209505081177,-1.3670189353411597
UBFC_PHYS_s14_T1_ctrl,8,180,14.0,0.2809547185897827,-1.417641236076776
UBFC_PHYS_s14_T1_ctrl,8,181,14.033333333333333,0.054517608135938644,-1.2876504445178258
UBFC_PHYS_s14_T1_ctrl,8,182,14.066666666666666,-0.22934554517269135,-0.9870389859758717
UBFC_PHYS_s14_T1_ctrl,8,183,14.1,-0.5925180315971375,-0.5607417481202628
UBFC_PHYS_s14_T1_ctrl,8,184,14.133333333333333,-0.9901630282402039,-0.07923541631993905
UBFC_PHYS_s14_T1_ctrl,8,185,14.166666666666666,-1.3066399097442627,0.3810369113175906
UBFC_PHYS_s14_T1_ctrl,8,186,14.2,-1.3259884119033813,0.7592020454583772
UBFC_PHYS_s14_T1_ctrl,8,187,14.233333333333333,-0.877733051776886,1.0228080152348709
UBFC_PHYS_s14_T1_ctrl,8,188,14.266666666666667,-0.11424001306295395,1.1667892610949957
UBFC_PHYS_s14_T1_ctrl,8,189,14.3,0.5802235007286072,1.2019656256816642
UBFC_PHYS_s14_T1_ctrl,8,190,14.333333333333334,1.0037791728973389,1.141459330273288
UBFC_PHYS_s14_T1_ctrl,8,191,14.366666666666667,1.1756629943847656,0.9927306886021166
UBFC_PHYS_s14_T1_ctrl,8,192,14.4,1.1879706382751465,0.7584119740240175
UBFC_PHYS_s14_T1_ctrl,8,193,14.433333333333334,1.141387701034546,0.44393346399422456
UBFC_PHYS_s14_T1_ctrl,8,194,14.466666666666667,1.092833161354065,0.0668253286064707
UBFC_PHYS_s14_T1_ctrl,8,195,14.5,1.0519393682479858,-0.33763683146227025
UBFC_PHYS_s14_T1_ctrl,8,196,14.533333333333333,1.0056380033493042,-0.7177559156480732
UBFC_PHYS_s14_T1_ctrl,8,197,14.566666666666666,0.8913492560386658,-1.0140009858941337
UBFC_PHYS_s14_T1_ctrl,8,198,14.6,0.6687705516815186,-1.17242212140441
UBFC_PHYS_s14_T1_ctrl,8,199,14.633333333333333,0.39822888374328613,-1.1589199843415847
UBFC_PHYS_s14_T1_ctrl,8,200,14.666666666666666,0.14013563096523285,-0.9702191875751602
UBFC_PHYS_s14_T1_ctrl,8,201,14.7,-0.1214781105518341,-0.6378873327422221
UBFC_PHYS_s14_T1_ctrl,8,202,14.733333333333333,-0.40410205721855164,-0.22270876165660736
UBFC_PHYS_s14_T1_ctrl,8,203,14.766666666666667,-0.7174527645111084,0.20055483110865063
UBFC_PHYS_s14_T1_ctrl,8,204,14.8,-1.0541794300079346,0.5633620340130343
UBFC_PHYS_s14_T1_ctrl,8,205,14.833333333333334,-1.2469326257705688,0.8205704884011112
UBFC_PHYS_s14_T1_ctrl,8,206,14.866666666666667,-1.0633044242858887,0.9576752070125175
UBFC_PHYS_s14_T1_ctrl,8,207,14.9,-0.5207847952842712,0.9860131813040872
UBFC_PHYS_s14_T1_ctrl,8,208,14.933333333333334,0.10563494265079498,0.9295348546571913
UBFC_PHYS_s14_T1_ctrl,8,209,14.966666666666667,0.5909820795059204,0.810270496637958
UBFC_PHYS_s14_T1_ctrl,8,210,15.0,0.8736623525619507,0.6393153092713625
UBFC_PHYS_s14_T1_ctrl,8,211,15.033333333333333,0.9477050304412842,0.4167282296173496
UBFC_PHYS_s14_T1_ctrl,8,212,15.066666666666666,0.8822523355484009,0.1392665338290833
UBFC_PHYS_s14_T1_ctrl,8,213,15.1,0.8250797390937805,-0.18855707100563865
UBFC_PHYS_s14_T1_ctrl,8,214,15.133333333333333,0.893686830997467,-0.5456867788766321
UBFC_PHYS_s14_T1_ctrl,8,215,15.166666666666666,1.049545407295227,-0.8922319508226224
UBFC_PHYS_s14_T1_ctrl,8,216,15.2,1.172762155532837,-1.1750351753127912
UBFC_PHYS_s14_T1_ctrl,8,217,15.233333333333333,1.2200491428375244,-1.3396157106694189
UBFC_PHYS_s14_T1_ctrl,8,218,15.266666666666667,1.2416508197784424,-1.3451868459732441
UBFC_PHYS_s14_T1_ctrl,8,219,15.3,1.3022030591964722,-1.1783885888893144
UBFC_PHYS_s14_T1_ctrl,8,220,15.333333333333334,1.4290529489517212,-0.8608327094795746
UBFC_PHYS_s14_T1_ctrl,8,221,15.366666666666667,1.537680745124817,-0.4465066139089426
UBFC_PHYS_s14_T1_ctrl,8,222,15.4,1.4139007329940796,-0.008357336966109453
UBFC_PHYS_s14_T1_ctrl,8,223,15.433333333333334,0.9110357165336609,0.3818172572269735
UBFC_PHYS_s14_T1_ctrl,8,224,15.466666666666667,0.16860924661159515,0.6720865318816691
UBFC_PHYS_s14_T1_ctrl,8,225,15.5,-0.46594980359077454,0.8397691950267835
UBFC_PHYS_s14_T1_ctrl,8,226,15.533333333333333,-0.7792159914970398,0.8887447866240018
UBFC_PHYS_s14_T1_ctrl,8,227,15.566666666666666,-0.9107692241668701,0.8385596741345588
UBFC_PHYS_s14_T1_ctrl,8,228,15.6,-1.0948197841644287,0.7125783289348615
UBFC_PHYS_s14_T1_ctrl,8,229,15.633333333333333,-1.4319689273834229,0.5311477783856777
UBFC_PHYS_s14_T1_ctrl,8,230,15.666666666666666,-1.9011781215667725,0.31134390434067694
UBFC_PHYS_s14_T1_ctrl,8,231,15.7,-2.444655418395996,0.07068854780482457
UBFC_PHYS_s14_T1_ctrl,8,232,15.733333333333333,-2.9597997665405273,-0.16913311515099524
UBFC_PHYS_s14_T1_ctrl,8,233,15.766666666666667,-3.2952311038970947,-0.38134259666148845
UBFC_PHYS_s14_T1_ctrl,8,234,15.8,-3.3375611305236816,-0.5367080970102348
UBFC_PHYS_s14_T1_ctrl,8,235,15.833333333333334,-3.1157429218292236,-0.6089501345943935
UBFC_PHYS_s14_T1_ctrl,8,236,15.866666666666667,-2.8122777938842773,-0.5813342802780337
UBFC_PHYS_s14_T1_ctrl,8,237,15.9,-2.5996973514556885,-0.4525016145260797
UBFC_PHYS_s14_T1_ctrl,8,238,15.933333333333334,-2.381174087524414,-0.23934794571001683
UBFC_PHYS_s14_T1_ctrl,8,239,15.966666666666667,-1.9015443325042725,0.024661490176734892
UBFC_PHYS_s14_T1_ctrl,9,0,9.0,0.5538621544837952,0.12517640549050055
UBFC_PHYS_s14_T1_ctrl,9,1,9.033333333333333,0.4426432251930237,-0.0753348901989646
UBFC_PHYS_s14_T1_ctrl,9,2,9.066666666666666,0.26963287591934204,-0.1887667659036219
UBFC_PHYS_s14_T1_ctrl,9,3,9.1,0.013961703516542912,-0.15095670011778844
UBFC_PHYS_s14_T1_ctrl,9,4,9.133333333333333,-0.29998040199279785,0.05821008469795821
UBFC_PHYS_s14_T1_ctrl,9,5,9.166666666666666,-0.586772620677948,0.40850847032541726
UBFC_PHYS_s14_T1_ctrl,9,6,9.2,-0.8426127433776855,0.8284972875094663
UBFC_PHYS_s14_T1_ctrl,9,7,9.233333333333333,-1.1425575017929077,1.2281236986188901
UBFC_PHYS_s14_T1_ctrl,9,8,9.266666666666667,-1.4037487506866455,1.5262389883404914
UBFC_PHYS_s14_T1_ctrl,9,9,9.3,-1.3496460914611816,1.6714801164897257
UBFC_PHYS_s14_T1_ctrl,9,10,9.333333333333334,-0.8775640726089478,1.649084020744631
UBFC_PHYS_s14_T1_ctrl,9,11,9.366666666666667,-0.2252054661512375,1.47416426377696
UBFC_PHYS_s14_T1_ctrl,9,12,9.4,0.2706467807292938,1.1781102582901353
UBFC_PHYS_s14_T1_ctrl,9,13,9.433333333333334,0.41098710894584656,0.7960324499718793
UBFC_PHYS_s14_T1_ctrl,9,14,9.466666666666667,0.20510956645011902,0.3599649923726119
UBFC_PHYS_s14_T1_ctrl,9,15,9.5,-0.11193057894706726,-0.10183441410190357
UBFC_PHYS_s14_T1_ctrl,9,16,9.533333333333333,-0.20729327201843262,-0.5616162406342535
UBFC_PHYS_s14_T1_ctrl,9,17,9.566666666666666,-0.0023733130656182766,-0.9876827502378698
UBFC_PHYS_s14_T1_ctrl,9,18,9.6,0.3191448748111725,-1.341650368390143
UBFC_PHYS_s14_T1_ctrl,9,19,9.633333333333333,0.5733515024185181,-1.580047048356353
UBFC_PHYS_s14_T1_ctrl,9,20,9.666666666666666,0.6874995231628418,-1.6616346777496789
UBFC_PHYS_s14_T1_ctrl,9,21,9.7,0.6588005423545837,-1.5594839068690225
UBFC_PHYS_s14_T1_ctrl,9,22,9.733333333333333,0.5367385745048523,-1.2738620998551835
UBFC_PHYS_s14_T1_ctrl,9,23,9.766666666666667,0.34666091203689575,-0.8398389408594281
UBFC_PHYS_s14_T1_ctrl,9,24,9.8,0.00728687783703208,-0.3239570806499921
UBFC_PHYS_s14_T1_ctrl,9,25,9.833333333333334,-0.5388941168785095,0.1912897261492028
UBFC_PHYS_s14_T1_ctrl,9,26,9.866666666666667,-1.1412055492401123,0.6294325035507876
UBFC_PHYS_s14_T1_ctrl,9,27,9.9,-1.487282633781433,0.9384451086736134
UBFC_PHYS_s14_T1_ctrl,9,28,9.933333333333334,-1.3633054494857788,1.0979913293534826
UBFC_PHYS_s14_T1_ctrl,9,29,9.966666666666667,-0.8317697048187256,1.1146066117354154
UBFC_PHYS_s14_T1_ctrl,9,30,10.0,-0.1482619047164917,1.0099110935397109
UBFC_PHYS_s14_T1_ctrl,9,31,10.033333333333333,0.46525877714157104,0.8090234568343655
UBFC_PHYS_s14_T1_ctrl,9,32,10.066666666666666,0.9159925580024719,0.5341623073159214
UBFC_PHYS_s14_T1_ctrl,9,33,10.1,1.1311078071594238,0.2044086580844989
UBFC_PHYS_s14_T1_ctrl,9,34,10.133333333333333,1.0809762477874756,-0.16038055078319338
UBFC_PHYS_s14_T1_ctrl,9,35,10.166666666666666,0.8921096324920654,-0.5345243456195606
UBFC_PHYS_s14_T1_ctrl,9,36,10.2,0.7436299920082092,-0.8829649557361561
UBFC_PHYS_s14_T1_ctrl,9,37,10.233333333333333,0.6610255241394043,-1.1611972180239352
UBFC_PHYS_s14_T1_ctrl,9,38,10.266666666666667,0.5488771796226501,-1.3202754049742564
UBFC_PHYS_s14_T1_ctrl,9,39,10.3,0.376007616519928,-1.3174230762218995
UBFC_PHYS_s14_T1_ctrl,9,40,10.333333333333334,0.17703023552894592,-1.1302332938119586
UBFC_PHYS_s14_T1_ctrl,9,41,10.366666666666667,-0.04540763050317764,-0.7693669965425666
UBFC_PHYS_s14_T1_ctrl,9,42,10.4,-0.311837375164032,-0.28311576079251
UBFC_PHYS_s14_T1_ctrl,9,43,10.433333333333334,-0.644930899143219,0.2507091949679054
UBFC_PHYS_s14_T1_ctrl,9,44,10.466666666666667,-1.076400637626648,0.7442813103487761
UBFC_PHYS_s14_T1_ctrl,9,45,10.5,-1.483649492263794,1.1231336242487224
UBFC_PHYS_s14_T1_ctrl,9,46,10.533333333333333,-1.5252755880355835,1.3433540620216602
UBFC_PHYS_s14_T1_ctrl,9,47,10.566666666666666,-1.0752177238464355,1.3957596361928843
UBFC_PHYS_s14_T1_ctrl,9,48,10.6,-0.4000464677810669,1.2976237991888049
UBFC_PHYS_s14_T1_ctrl,9,49,10.633333333333333,0.21564282476902008,1.0788799471840766
UBFC_PHYS_s14_T1_ctrl,9,50,10.666666666666666,0.6898934245109558,0.7706676137090347
UBFC_PHYS_s14_T1_ctrl,9,51,10.7,0.9617024660110474,0.4005174607863812
UBFC_PHYS_s14_T1_ctrl,9,52,10.733333333333333,0.9684336185455322,-0.006089971906682723
UBFC_PHYS_s14_T1_ctrl,9,53,10.766666666666667,0.7900721430778503,-0.4209451404083618
UBFC_PHYS_s14_T1_ctrl,9,54,10.8,0.5865603685379028,-0.8086823420200492
UBFC_PHYS_s14_T1_ctrl,9,55,10.833333333333334,0.445713073015213,-1.125486525996614
UBFC_PHYS_s14_T1_ctrl,9,56,10.866666666666667,0.3709663152694702,-1.3229900566389317
UBFC_PHYS_s14_T1_ctrl,9,57,10.9,0.30351394414901733,-1.358130484442851
UBFC_PHYS_s14_T1_ctrl,9,58,10.933333333333334,0.173566073179245,-1.2070730596616064
UBFC_PHYS_s14_T1_ctrl,9,59,10.966666666666667,-0.04915342107415199,-0.8780965998365315
UBFC_PHYS_s14_T1_ctrl,9,60,11.0,-0.36371514201164246,-0.4166680458027482
UBFC_PHYS_s14_T1_ctrl,9,61,11.033333333333333,-0.7650214433670044,0.10196332294336437
UBFC_PHYS_s14_T1_ctrl,9,62,11.066666666666666,-1.229611873626709,0.5913822425214955
UBFC_PHYS_s14_T1_ctrl,9,63,11.1,-1.6372549533843994,0.9765597187084196
UBFC_PHYS_s14_T1_ctrl,9,64,11.133333333333333,-1.7241966724395752,1.2111281191962775
UBFC_PHYS_s14_T1_ctrl,9,65,11.166666666666666,-1.3059357404708862,1.2831418784985904
UBFC_PHYS_s14_T1_ctrl,9,66,11.2,-0.55196213722229,1.208968671379928
UBFC_PHYS_s14_T1_ctrl,9,67,11.233333333333333,0.16294832527637482,1.020272217304257
UBFC_PHYS_s14_T1_ctrl,9,68,11.266666666666667,0.629763662815094,0.7509966855330101
UBFC_PHYS_s14_T1_ctrl,9,69,11.3,0.8546517491340637,0.42954633051268426
UBFC_PHYS_s14_T1_ctrl,9,70,11.333333333333334,0.8771828413009644,0.07763609219795084
UBFC_PHYS_s14_T1_ctrl,9,71,11.366666666666667,0.7625279426574707,-0.2859787041296583
UBFC_PHYS_s14_T1_ctrl,9,72,11.4,0.6328616738319397,-0.6399466189929245
UBFC_PHYS_s14_T1_ctrl,9,73,11.433333333333334,0.5853774547576904,-0.955833242684398
UBFC_PHYS_s14_T1_ctrl,9,74,11.466666666666667,0.6215116381645203,-1.1971579268192314
UBFC_PHYS_s14_T1_ctrl,9,75,11.5,0.6582091450691223,-1.3236489201154769
UBFC_PHYS_s14_T1_ctrl,9,76,11.533333333333333,0.6023039221763611,-1.300808548060252
UBFC_PHYS_s14_T1_ctrl,9,77,11.566666666666666,0.4421081244945526,-1.1124142181709709
UBFC_PHYS_s14_T1_ctrl,9,78,11.6,0.22003638744354248,-0.7711074203015735
UBFC_PHYS_s14_T1_ctrl,9,79,11.633333333333333,-0.06258756667375565,-0.32146533663454524
UBFC_PHYS_s14_T1_ctrl,9,80,11.666666666666666,-0.47693371772766113,0.16777415351287348
UBFC_PHYS_s14_T1_ctrl,9,81,11.7,-1.0369430780410767,0.6207017408373802
UBFC_PHYS_s14_T1_ctrl,9,82,11.733333333333333,-1.525360107421875,0.9735424752551519
UBFC_PHYS_s14_T1_ctrl,9,83,11.766666666666667,-1.5961921215057373,1.1878062249392844
UBFC_PHYS_s14_T1_ctrl,9,84,11.8,-1.1638493537902832,1.25278094889614
UBFC_PHYS_s14_T1_ctrl,9,85,11.833333333333334,-0.49481773376464844,1.179056958471619
UBFC_PHYS_s14_T1_ctrl,9,86,11.866666666666667,0.1212095320224762,0.9885957165656943
UBFC_PHYS_s14_T1_ctrl,9,87,11.9,0.5496376156806946,0.7068050030004434
UBFC_PHYS_s14_T1_ctrl,9,88,11.933333333333334,0.762274444103241,0.35928444581526137
UBFC_PHYS_s14_T1_ctrl,9,89,11.966666666666667,0.8122370839118958,-0.027270588143388223
UBFC_PHYS_s14_T1_ctrl,9,90,12.0,0.8242348432540894,-0.4222074725476435
UBFC_PHYS_s14_T1_ctrl,9,91,12.033333333333333,0.8764224052429199,-0.7885574845744372
UBFC_PHYS_s14_T1_ctrl,9,92,12.066666666666666,0.938889741897583,-1.0833166012206825
UBFC_PHYS_s14_T1_ctrl,9,93,12.1,0.9360170364379883,-1.261833591637644
UBFC_PHYS_s14_T1_ctrl,9,94,12.133333333333333,0.8321207165718079,-1.286563546426531
UBFC_PHYS_s14_T1_ctrl,9,95,12.166666666666666,0.6767972707748413,-1.138519997042338
UBFC_PHYS_s14_T1_ctrl,9,96,12.2,0.5141511559486389,-0.8275098760864729
UBFC_PHYS_s14_T1_ctrl,9,97,12.233333333333333,0.2733505070209503,-0.3959414293382883
UBFC_PHYS_s14_T1_ctrl,9,98,12.266666666666667,-0.12815293669700623,0.08784538817342549
UBFC_PHYS_s14_T1_ctrl,9,99,12.3,-0.6274129748344421,0.5463458942801782
UBFC_PHYS_s14_T1_ctrl,9,100,12.333333333333334,-1.0407733917236328,0.9132887169761157
UBFC_PHYS_s14_T1_ctrl,9,101,12.366666666666667,-1.1274052858352661,1.1483225229923717
UBFC_PHYS_s14_T1_ctrl,9,102,12.4,-0.7440957427024841,1.24014019166565
UBFC_PHYS_s14_T1_ctrl,9,103,12.433333333333334,-0.0698256641626358,1.1990800877557253
UBFC_PHYS_s14_T1_ctrl,9,104,12.466666666666667,0.5431880950927734,1.0453764373738506
UBFC_PHYS_s14_T1_ctrl,9,105,12.5,0.9184428453445435,0.7999709727059527
UBFC_PHYS_s14_T1_ctrl,9,106,12.533333333333333,1.0440534353256226,0.4815754815116727
UBFC_PHYS_s14_T1_ctrl,9,107,12.566666666666666,0.9497328400611877,0.10937667044497097
UBFC_PHYS_s14_T1_ctrl,9,108,12.6,0.7637389302253723,-0.29176691301294366
UBFC_PHYS_s14_T1_ctrl,9,109,12.633333333333333,0.6646304726600647,-0.6871486072957351
UBFC_PHYS_s14_T1_ctrl,9,110,12.666666666666666,0.6553927659988403,-1.0317062302343007
UBFC_PHYS_s14_T1_ctrl,9,111,12.7,0.5849550366401672,-1.2745419562383162
UBFC_PHYS_s14_T1_ctrl,9,112,12.733333333333333,0.37890851497650146,-1.3684340923021143
UBFC_PHYS_s14_T1_ctrl,9,113,12.766666666666667,0.1119154766201973,-1.2826282274168297
UBFC_PHYS_s14_T1_ctrl,9,114,12.8,-0.14091114699840546,-1.0152220833334893
UBFC_PHYS_s14_T1_ctrl,9,115,12.833333333333334,-0.40948134660720825,-0.5999493669336275
UBFC_PHYS_s14_T1_ctrl,9,116,12.866666666666667,-0.7541220188140869,-0.10251467165883692
UBFC_PHYS_s14_T1_ctrl,9,117,12.9,-1.1428109407424927,0.3946853369685911
UBFC_PHYS_s14_T1_ctrl,9,118,12.933333333333334,-1.4021716117858887,0.8143759151308925
UBFC_PHYS_s14_T1_ctrl,9,119,12.966666666666667,-1.314413070678711,1.1034198960826456
UBFC_PHYS_s14_T1_ctrl,9,120,13.0,-0.8212364315986633,1.2412175983605906
UBFC_PHYS_s14_T1_ctrl,9,121,13.033333333333333,-0.12285814434289932,1.2356154892957127
UBFC_PHYS_s14_T1_ctrl,9,122,13.066666666666666,0.49404221773147583,1.1106954264961986
UBFC_PHYS_s14_T1_ctrl,9,123,13.1,0.8960525989532471,0.8938033183998454
UBFC_PHYS_s14_T1_ctrl,9,124,13.133333333333333,1.0672886371612549,0.6076815022901049
UBFC_PHYS_s14_T1_ctrl,9,125,13.166666666666666,1.0379981994628906,0.26961786990327813
UBFC_PHYS_s14_T1_ctrl,9,126,13.2,0.9077123999595642,-0.10398242452566778
UBFC_PHYS_s14_T1_ctrl,9,127,13.233333333333333,0.8180951476097107,-0.4910370286171272
UBFC_PHYS_s14_T1_ctrl,9,128,13.266666666666667,0.8186584115028381,-0.8589162001341614
UBFC_PHYS_s14_T1_ctrl,9,129,13.3,0.8042948842048645,-1.1640590559769164
UBFC_PHYS_s14_T1_ctrl,9,130,13.333333333333334,0.6777829527854919,-1.357378269958001
UBFC_PHYS_s14_T1_ctrl,9,131,13.366666666666667,0.48091787099838257,-1.3949477690818437
UBFC_PHYS_s14_T1_ctrl,9,132,13.4,0.30089470744132996,-1.2515140541706091
UBFC_PHYS_s14_T1_ctrl,9,133,13.433333333333334,0.11875928193330765,-0.9324878747654592
UBFC_PHYS_s14_T1_ctrl,9,134,13.466666666666667,-0.1811290830373764,-0.47901536417258245
UBFC_PHYS_s14_T1_ctrl,9,135,13.5,-0.6454941630363464,0.038024485169725585
UBFC_PHYS_s14_T1_ctrl,9,136,13.533333333333333,-1.1011565923690796,0.5350391971147993
UBFC_PHYS_s14_T1_ctrl,9,137,13.566666666666666,-1.2247676849365234,0.9380680893392628
UBFC_PHYS_s14_T1_ctrl,9,138,13.6,-0.8582437038421631,1.2008957743117559
UBFC_PHYS_s14_T1_ctrl,9,139,13.633333333333333,-0.18087561428546906,1.310849218279447
UBFC_PHYS_s14_T1_ctrl,9,140,13.666666666666666,0.485705703496933,1.281342522108605
UBFC_PHYS_s14_T1_ctrl,9,141,13.7,0.9639837145805359,1.1376601282964627
UBFC_PHYS_s14_T1_ctrl,9,142,13.733333333333333,1.2125294208526611,0.9046112931667287
UBFC_PHYS_s14_T1_ctrl,9,143,13.766666666666667,1.2121351957321167,0.6014427130210276
UBFC_PHYS_s14_T1_ctrl,9,144,13.8,1.0368998050689697,0.24411218705513546
UBFC_PHYS_s14_T1_ctrl,9,145,13.833333333333334,0.8500047326087952,-0.14873319561043644
UBFC_PHYS_s14_T1_ctrl,9,146,13.866666666666667,0.7346457242965698,-0.5502151310117374
UBFC_PHYS_s14_T1_ctrl,9,147,13.9,0.671474277973175,-0.9227496127513378
UBFC_PHYS_s14_T1_ctrl,9,148,13.933333333333334,0.6011210680007935,-1.2198615571815095
UBFC_PHYS_s14_T1_ctrl,9,149,13.966666666666667,0.4718209505081177,-1.3926813213298341
UBFC_PHYS_s14_T1_ctrl,9,150,14.0,0.2809547185897827,-1.4006454883538433
UBFC_PHYS_s14_T1_ctrl,9,151,14.033333333333333,0.054517608135938644,-1.2243277822561525
UBFC_PHYS_s14_T1_ctrl,9,152,14.066666666666666,-0.22934554517269135,-0.8761631462454628
UBFC_PHYS_s14_T1_ctrl,9,153,14.1,-0.5925180315971375,-0.4036331178741607
UBFC_PHYS_s14_T1_ctrl,9,154,14.133333333333333,-0.9901630282402039,0.11896811855482352
UBFC_PHYS_s14_T1_ctrl,9,155,14.166666666666666,-1.3066399097442627,0.6091284537071537
UBFC_PHYS_s14_T1_ctrl,9,156,14.2,-1.3259884119033813,0.9977143152134637
UBFC_PHYS_s14_T1_ctrl,9,157,14.233333333333333,-0.877733051776886,1.243726375428944
UBFC_PHYS_s14_T1_ctrl,9,158,14.266666666666667,-0.11424001306295395,1.336711624919229
UBFC_PHYS_s14_T1_ctrl,9,159,14.3,0.5802235007286072,1.2887234943632164
UBFC_PHYS_s14_T1_ctrl,9,160,14.333333333333334,1.0037791728973389,1.1224669188546725
UBFC_PHYS_s14_T1_ctrl,9,161,14.366666666666667,1.1756629943847656,0.8622427003062119
UBFC_PHYS_s14_T1_ctrl,9,162,14.4,1.1879706382751465,0.5307325155552104
UBFC_PHYS_s14_T1_ctrl,9,163,14.433333333333334,1.141387701034546,0.15059748456345007
UBFC_PHYS_s14_T1_ctrl,9,164,14.466666666666667,1.092833161354065,-0.25209770897790035
UBFC_PHYS_s14_T1_ctrl,9,165,14.5,1.0519393682479858,-0.6453100744711395
UBFC_PHYS_s14_T1_ctrl,9,166,14.533333333333333,1.0056380033493042,-0.990705033602412
UBFC_PHYS_s14_T1_ctrl,9,167,14.566666666666666,0.8913492560386658,-1.2461298702339916
UBFC_PHYS_s14_T1_ctrl,9,168,14.6,0.6687705516815186,-1.371256476045617
UBFC_PHYS_s14_T1_ctrl,9,169,14.633333333333333,0.39822888374328613,-1.336302858555427
UBFC_PHYS_s14_T1_ctrl,9,170,14.666666666666666,0.14013563096523285,-1.1320680397781984
UBFC_PHYS_s14_T1_ctrl,9,171,14.7,-0.1214781105518341,-0.7775425530258505
UBFC_PHYS_s14_T1_ctrl,9,172,14.733333333333333,-0.40410205721855164,-0.3207839229756838
UBFC_PHYS_s14_T1_ctrl,9,173,14.766666666666667,-0.7174527645111084,0.169318350801184
UBFC_PHYS_s14_T1_ctrl,9,174,14.8,-1.0541794300079346,0.6186963718126921
UBFC_PHYS_s14_T1_ctrl,9,175,14.833333333333334,-1.2469326257705688,0.965530814177206
UBFC_PHYS_s14_T1_ctrl,9,176,14.866666666666667,-1.0633044242858887,1.1725349737639659
UBFC_PHYS_s14_T1_ctrl,9,177,14.9,-0.5207847952842712,1.229738842436891
UBFC_PHYS_s14_T1_ctrl,9,178,14.933333333333334,0.10563494265079498,1.148603065629302
UBFC_PHYS_s14_T1_ctrl,9,179,14.966666666666667,0.5909820795059204,0.9524397117825535
UBFC_PHYS_s14_T1_ctrl,9,180,15.0,0.8736623525619507,0.6683960008161232
UBFC_PHYS_s14_T1_ctrl,9,181,15.033333333333333,0.9477050304412842,0.32364866100751666
UBFC_PHYS_s14_T1_ctrl,9,182,15.066666666666666,0.8822523355484009,-0.0544342300695085
UBFC_PHYS_s14_T1_ctrl,9,183,15.1,0.8250797390937805,-0.43607249042872265
UBFC_PHYS_s14_T1_ctrl,9,184,15.133333333333333,0.893686830997467,-0.7869535006290392
UBFC_PHYS_s14_T1_ctrl,9,185,15.166666666666666,1.049545407295227,-1.0679849534280892
UBFC_PHYS_s14_T1_ctrl,9,186,15.2,1.172762155532837,-1.2383297878106776
UBFC_PHYS_s14_T1_ctrl,9,187,15.233333333333333,1.2200491428375244,-1.262388913903666
UBFC_PHYS_s14_T1_ctrl,9,188,15.266666666666667,1.2416508197784424,-1.119764622725087
UBFC_PHYS_s14_T1_ctrl,9,189,15.3,1.3022030591964722,-0.8151578744861514
UBFC_PHYS_s14_T1_ctrl,9,190,15.333333333333334,1.4290529489517212,-0.38374092814510696
UBFC_PHYS_s14_T1_ctrl,9,191,15.366666666666667,1.537680745124817,0.11200470062618151
UBFC_PHYS_s14_T1_ctrl,9,192,15.4,1.4139007329940796,0.595117732684238
UBFC_PHYS_s14_T1_ctrl,9,193,15.433333333333334,0.9110357165336609,0.9931194104227425
UBFC_PHYS_s14_T1_ctrl,9,194,15.466666666666667,0.16860924661159515,1.2554156564507797
UBFC_PHYS_s14_T1_ctrl,9,195,15.5,-0.46594980359077454,1.361518826012055
UBFC_PHYS_s14_T1_ctrl,9,196,15.533333333333333,-0.7792159914970398,1.3179384782341463
UBFC_PHYS_s14_T1_ctrl,9,197,15.566666666666666,-0.9107692241668701,1.1479711627927704
UBFC_PHYS_s14_T1_ctrl,9,198,15.6,-1.0948197841644287,0.8809243106770124
UBFC_PHYS_s14_T1_ctrl,9,199,15.633333333333333,-1.4319689273834229,0.5453642426198123
UBFC_PHYS_s14_T1_ctrl,9,200,15.666666666666666,-1.9011781215667725,0.16744622912988644
UBFC_PHYS_s14_T1_ctrl,9,201,15.7,-2.444655418395996,-0.22724420394573192
UBFC_PHYS_s14_T1_ctrl,9,202,15.733333333333333,-2.9597997665405273,-0.6105795927677836
UBFC_PHYS_s14_T1_ctrl,9,203,15.766666666666667,-3.2952311038970947,-0.9494288023929268
UBFC_PHYS_s14_T1_ctrl,9,204,15.8,-3.3375611305236816,-1.2056637599391267
UBFC_PHYS_s14_T1_ctrl,9,205,15.833333333333334,-3.1157429218292236,-1.3402218399437726
UBFC_PHYS_s14_T1_ctrl,9,206,15.866666666666667,-2.8122777938842773,-1.3215962488441906
UBFC_PHYS_s14_T1_ctrl,9,207,15.9,-2.5996973514556885,-1.1369090649441504
UBFC_PHYS_s14_T1_ctrl,9,208,15.933333333333334,-2.381174087524414,-0.8013738135612377
UBFC_PHYS_s14_T1_ctrl,9,209,15.966666666666667,-1.9015443325042725,-0.36092952536274026
UBFC_PHYS_s14_T1_ctrl,9,210,16.0,-1.2208811044692993,0.11552560912521723
UBFC_PHYS_s14_T1_ctrl,9,211,16.033333333333335,-0.7441802024841309,0.5530979706109771
UBFC_PHYS_s14_T1_ctrl,9,212,16.066666666666666,-0.5749156475067139,0.8899743233212465
UBFC_PHYS_s14_T1_ctrl,9,213,16.1,-0.35594192147254944,1.0896470893165748
UBFC_PHYS_s14_T1_ctrl,9,214,16.133333333333333,0.1579633206129074,1.1421060105048975
UBFC_PHYS_s14_T1_ctrl,9,215,16.166666666666668,0.7976200580596924,1.0567465758570203
UBFC_PHYS_s14_T1_ctrl,9,216,16.2,1.3293248414993286,0.8530556099132258
UBFC_PHYS_s14_T1_ctrl,9,217,16.233333333333334,1.7139300107955933,0.5540820343978026
UBFC_PHYS_s14_T1_ctrl,9,218,16.266666666666666,1.865958333015442,0.18459040880394295
UBFC_PHYS_s14_T1_ctrl,9,219,16.3,1.606794834136963,-0.22715805385609417
UBFC_PHYS_s14_T1_ctrl,9,220,16.333333333333332,1.05109441280365,-0.6465397093378166
UBFC_PHYS_s14_T1_ctrl,9,221,16.366666666666667,0.5892359018325806,-1.031126505745521
UBFC_PHYS_s14_T1_ctrl,9,222,16.4,0.3776974678039551,-1.3323359401484067
UBFC_PHYS_s14_T1_ctrl,9,223,16.433333333333334,0.22426095604896545,-1.5009587770785828
UBFC_PHYS_s14_T1_ctrl,9,224,16.466666666666665,0.03232451528310776,-1.4965855469478366
UBFC_PHYS_s14_T1_ctrl,9,225,16.5,-0.051519181579351425,-1.2995367301526177
UBFC_PHYS_s14_T1_ctrl,9,226,16.533333333333335,0.008103628642857075,-0.9215991968527448
UBFC_PHYS_s14_T1_ctrl,9,227,16.566666666666666,0.04947628080844879,-0.41022598941619964
UBFC_PHYS_s14_T1_ctrl,9,228,16.6,0.021734917536377907,0.1581513613702869
UBFC_PHYS_s14_T1_ctrl,9,229,16.633333333333333,-0.013103729113936424,0.6956592060121075
UBFC_PHYS_s14_T1_ctrl,9,230,16.666666666666668,-0.039831195026636124,1.125295322226337
UBFC_PHYS_s14_T1_ctrl,9,231,16.7,-0.024904370307922363,1.3988702906332255
UBFC_PHYS_s14_T1_ctrl,9,232,16.733333333333334,0.12757456302642822,1.5042017848652198
UBFC_PHYS_s14_T1_ctrl,9,233,16.766666666666666,0.39042750000953674,1.4610323019728235
UBFC_PHYS_s14_T1_ctrl,9,234,16.8,0.5778577327728271,1.309541996927137
UBFC_PHYS_s14_T1_ctrl,9,235,16.833333333333332,0.6361005306243896,1.0965512534699327
UBFC_PHYS_s14_T1_ctrl,9,236,16.866666666666667,0.6437329053878784,0.8632753089110755
UBFC_PHYS_s14_T1_ctrl,9,237,16.9,0.6023602485656738,0.6367029338808075
UBFC_PHYS_s14_T1_ctrl,9,238,16.933333333333334,0.4493180513381958,0.42576411317418117
UBFC_PHYS_s14_T1_ctrl,9,239,16.966666666666665,0.18057887256145477,0.22310184835593044
UBFC_PHYS_s14_T1_ctrl,10,0,10.0,-0.1482619047164917,-0.012367854419110702
UBFC_PHYS_s14_T1_ctrl,10,1,10.033333333333333,0.46525877714157104,0.21426979540333077
UBFC_PHYS_s14_T1_ctrl,10,2,10.066666666666666,0.9159925580024719,0.3570932657683109
UBFC_PHYS_s14_T1_ctrl,10,3,10.1,1.1311078071594238,0.3540504336833146
UBFC_PHYS_s14_T1_ctrl,10,4,10.133333333333333,1.0809762477874756,0.18134228884827575
UBFC_PHYS_s14_T1_ctrl,10,5,10.166666666666666,0.8921096324920654,-0.1371122503141132
UBFC_PHYS_s14_T1_ctrl,10,6,10.2,0.7436299920082092,-0.5319922000171095
UBFC_PHYS_s14_T1_ctrl,10,7,10.233333333333333,0.6610255241394043,-0.9043198340823791
UBFC_PHYS_s14_T1_ctrl,10,8,10.266666666666667,0.5488771796226501,-1.151392469491667
UBFC_PHYS_s14_T1_ctrl,10,9,10.3,0.376007616519928,-1.1954215610184964
UBFC_PHYS_s14_T1_ctrl,10,10,10.333333333333334,0.17703023552894592,-1.0064891898108874
UBFC_PHYS_s14_T1_ctrl,10,11,10.366666666666667,-0.04540763050317764,-0.6131410108986958
UBFC_PHYS_s14_T1_ctrl,10,12,10.4,-0.311837375164032,-0.09668696674537965
UBFC_PHYS_s14_T1_ctrl,10,13,10.433333333333334,-0.644930899143219,0.430717780009048
UBFC_PHYS_s14_T1_ctrl,10,14,10.466666666666667,-1.076400637626648,0.8586956522913747
UBFC_PHYS_s14_T1_ctrl,10,15,10.5,-1.483649492263794,1.1113256341219786
UBFC_PHYS_s14_T1_ctrl,10,16,10.533333333333333,-1.5252755880355835,1.1673219714360588
UBFC_PHYS_s14_T1_ctrl,10,17,10.566666666666666,-1.0752177238464355,1.0590707628351097
UBFC_PHYS_s14_T1_ctrl,10,18,10.6,-0.4000464677810669,0.8512563494306421
UBFC_PHYS_s14_T1_ctrl,10,19,10.633333333333333,0.21564282476902008,0.6095675980850188
UBFC_PHYS_s14_T1_ctrl,10,20,10.666666666666666,0.6898934245109558,0.3743594754104377
UBFC_PHYS_s14_T1_ctrl,10,21,10.7,0.9617024660110474,0.15107002691730292
UBFC_PHYS_s14_T1_ctrl,10,22,10.733333333333333,0.9684336185455322,-0.07957652239974108
UBFC_PHYS_s14_T1_ctrl,10,23,10.766666666666667,0.7900721430778503,-0.3384128122041458
UBFC_PHYS_s14_T1_ctrl,10,24,10.8,0.5865603685379028,-0.624531224700288
UBFC_PHYS_s14_T1_ctrl,10,25,10.833333333333334,0.445713073015213,-0.9039402822858215
UBFC_PHYS_s14_T1_ctrl,10,26,10.866666666666667,0.3709663152694702,-1.1155355507680136
UBFC_PHYS_s14_T1_ctrl,10,27,10.9,0.30351394414901733,-1.1914402342182797
UBFC_PHYS_s14_T1_ctrl,10,28,10.933333333333334,0.173566073179245,-1.0833238648029895
UBFC_PHYS_s14_T1_ctrl,10,29,10.966666666666667,-0.04915342107415199,-0.7845762898354736
UBFC_PHYS_s14_T1_ctrl,10,30,11.0,-0.36371514201164246,-0.3394195972471803
UBFC_PHYS_s14_T1_ctrl,10,31,11.033333333333333,-0.7650214433670044,0.16584776940507398
UBFC_PHYS_s14_T1_ctrl,10,32,11.066666666666666,-1.229611873626709,0.6277023158685296
UBFC_PHYS_s14_T1_ctrl,10,33,11.1,-1.6372549533843994,0.957656420553524
UBFC_PHYS_s14_T1_ctrl,10,34,11.133333333333333,-1.7241966724395752,1.109092632605764
UBFC_PHYS_s14_T1_ctrl,10,35,11.166666666666666,-1.3059357404708862,1.0873002684459512
UBFC_PHYS_s14_T1_ctrl,10,36,11.2,-0.55196213722229,0.9387757279114273
UBFC_PHYS_s14_T1_ctrl,10,37,11.233333333333333,0.16294832527637482,0.7255284356674315
UBFC_PHYS_s14_T1_ctrl,10,38,11.266666666666667,0.629763662815094,0.49697573077408824
UBFC_PHYS_s14_T1_ctrl,10,39,11.3,0.8546517491340637,0.2727347032538262
UBFC_PHYS_s14_T1_ctrl,10,40,11.333333333333334,0.8771828413009644,0.043853682901724665
UBFC_PHYS_s14_T1_ctrl,10,41,11.366666666666667,0.7625279426574707,-0.20945376944773092
UBFC_PHYS_s14_T1_ctrl,10,42,11.4,0.6328616738319397,-0.4940153703960329
UBFC_PHYS_s14_T1_ctrl,10,43,11.433333333333334,0.5853774547576904,-0.7870512532090359
UBFC_PHYS_s14_T1_ctrl,10,44,11.466666666666667,0.6215116381645203,-1.0352787225985756
UBFC_PHYS_s14_T1_ctrl,10,45,11.5,0.6582091450691223,-1.1701816455604914
UBFC_PHYS_s14_T1_ctrl,10,46,11.533333333333333,0.6023039221763611,-1.1330754476899805
UBFC_PHYS_s14_T1_ctrl,10,47,11.566666666666666,0.4421081244945526,-0.9001652479434888
UBFC_PHYS_s14_T1_ctrl,10,48,11.6,0.22003638744354248,-0.497671633080081
UBFC_PHYS_s14_T1_ctrl,10,49,11.633333333333333,-0.06258756667375565,-7.79773984512927e-05
UBFC_PHYS_s14_T1_ctrl,10,50,11.666666666666666,-0.47693371772766113,0.4897879762534551
UBFC_PHYS_s14_T1_ctrl,10,51,11.7,-1.0369430780410767,0.8727216806815422
UBFC_PHYS_s14_T1_ctrl,10,52,11.733333333333333,-1.525360107421875,1.0844728077516599
UBFC_PHYS_s14_T1_ctrl,10,53,11.766666666666667,-1.5961921215057373,1.1126913660627813
UBFC_PHYS_s14_T1_ctrl,10,54,11.8,-1.1638493537902832,0.9924536886227826
UBFC_PHYS_s14_T1_ctrl,10,55,11.833333333333334,-0.49481773376464844,0.783840004092882
UBFC_PHYS_s14_T1_ctrl,10,56,11.866666666666667,0.1212095320224762,0.5431447771009859
UBFC_PHYS_s14_T1_ctrl,10,57,11.9,0.5496376156806946,0.30140064487242935
UBFC_PHYS_s14_T1_ctrl,10,58,11.933333333333334,0.762274444103241,0.059550800217263264
UBFC_PHYS_s14_T1_ctrl,10,59,11.966666666666667,0.8122370839118958,-0.1988597240020652
UBFC_PHYS_s14_T1_ctrl,10,60,12.0,0.8242348432540894,-0.4851882461943408
UBFC_PHYS_s14_T1_ctrl,10,61,12.033333333333333,0.8764224052429199,-0.7856541951276014
UBFC_PHYS_s14_T1_ctrl,10,62,12.066666666666666,0.938889741897583,-1.0543602357172641
UBFC_PHYS_s14_T1_ctrl,10,63,12.1,0.9360170364379883,-1.2235156424854836
UBFC_PHYS_s14_T1_ctrl,10,64,12.133333333333333,0.8321207165718079,-1.2271334163985355
UBFC_PHYS_s14_T1_ctrl,10,65,12.166666666666666,0.6767972707748413,-1.0285628876275625
UBFC_PHYS_s14_T1_ctrl,10,66,12.2,0.5141511559486389,-0.6404170845156449
UBFC_PHYS_s14_T1_ctrl,10,67,12.233333333333333,0.2733505070209503,-0.12794014220465363
UBFC_PHYS_s14_T1_ctrl,10,68,12.266666666666667,-0.12815293669700623,0.4073135249905934
UBFC_PHYS_s14_T1_ctrl,10,69,12.3,-0.6274129748344421,0.8585871339415436
UBFC_PHYS_s14_T1_ctrl,10,70,12.333333333333334,-1.0407733917236328,1.1473705318822232
UBFC_PHYS_s14_T1_ctrl,10,71,12.366666666666667,-1.1274052858352661,1.2447010544469532
UBFC_PHYS_s14_T1_ctrl,10,72,12.4,-0.7440957427024841,1.171875876742334
UBFC_PHYS_s14_T1_ctrl,10,73,12.433333333333334,-0.0698256641626358,0.9823437383762924
UBFC_PHYS_s14_T1_ctrl,10,74,12.466666666666667,0.5431880950927734,0.7347290945218463
UBFC_PHYS_s14_T1_ctrl,10,75,12.5,0.9184428453445435,0.4696679909648713
UBFC_PHYS_s14_T1_ctrl,10,76,12.533333333333333,1.0440534353256226,0.20006003557144814
UBFC_PHYS_s14_T1_ctrl,10,77,12.566666666666666,0.9497328400611877,-0.0824688568091876
UBFC_PHYS_s14_T1_ctrl,10,78,12.6,0.7637389302253723,-0.3894396205705342
UBFC_PHYS_s14_T1_ctrl,10,79,12.633333333333333,0.6646304726600647,-0.715252914555762
UBFC_PHYS_s14_T1_ctrl,10,80,12.666666666666666,0.6553927659988403,-1.0251130988429082
UBFC_PHYS_s14_T1_ctrl,10,81,12.7,0.5849550366401672,-1.2578665838835077
UBFC_PHYS_s14_T1_ctrl,10,82,12.733333333333333,0.37890851497650146,-1.343885953667496
UBFC_PHYS_s14_T1_ctrl,10,83,12.766666666666667,0.1119154766201973,-1.2313967515896418
UBFC_PHYS_s14_T1_ctrl,10,84,12.8,-0.14091114699840546,-0.9106047857903646
UBFC_PHYS_s14_T1_ctrl,10,85,12.833333333333334,-0.40948134660720825,-0.4250766863405817
UBFC_PHYS_s14_T1_ctrl,10,86,12.866666666666667,-0.7541220188140869,0.13586227194809147
UBFC_PHYS_s14_T1_ctrl,10,87,12.9,-1.1428109407424927,0.6624090467166202
UBFC_PHYS_s14_T1_ctrl,10,88,12.933333333333334,-1.4021716117858887,1.0578214891498992
UBFC_PHYS_s14_T1_ctrl,10,89,12.966666666666667,-1.314413070678711,1.26648920233715
UBFC_PHYS_s14_T1_ctrl,10,90,13.0,-0.8212364315986633,1.2852430438951585
UBFC_PHYS_s14_T1_ctrl,10,91,13.033333333333333,-0.12285814434289932,1.154374077345977
UBFC_PHYS_s14_T1_ctrl,10,92,13.066666666666666,0.49404221773147583,0.9338622935573229
UBFC_PHYS_s14_T1_ctrl,10,93,13.1,0.8960525989532471,0.6763536501754512
UBFC_PHYS_s14_T1_ctrl,10,94,13.133333333333333,1.0672886371612549,0.40887448337207694
UBFC_PHYS_s14_T1_ctrl,10,95,13.166666666666666,1.0379981994628906,0.13050087318165166
UBFC_PHYS_s14_T1_ctrl,10,96,13.2,0.9077123999595642,-0.17431631426021235
UBFC_PHYS_s14_T1_ctrl,10,97,13.233333333333333,0.8180951476097107,-0.5141204870054192
UBFC_PHYS_s14_T1_ctrl,10,98,13.266666666666667,0.8186584115028381,-0.871547798609255
UBFC_PHYS_s14_T1_ctrl,10,99,13.3,0.8042948842048645,-1.1968560811729045
UBFC_PHYS_s14_T1_ctrl,10,100,13.333333333333334,0.6777829527854919,-1.417775954128799
UBFC_PHYS_s14_T1_ctrl,10,101,13.366666666666667,0.48091787099838257,-1.4623930281574413
UBFC_PHYS_s14_T1_ctrl,10,102,13.4,0.30089470744132996,-1.2865460636063417
UBFC_PHYS_s14_T1_ctrl,10,103,13.433333333333334,0.11875928193330765,-0.8952332260782614
UBFC_PHYS_s14_T1_ctrl,10,104,13.466666666666667,-0.1811290830373764,-0.34888060261648673
UBFC_PHYS_s14_T1_ctrl,10,105,13.5,-0.6454941630363464,0.24983663296201683
UBFC_PHYS_s14_T1_ctrl,10,106,13.533333333333333,-1.1011565923690796,0.7854654812698975
UBFC_PHYS_s14_T1_ctrl,10,107,13.566666666666666,-1.2247676849365234,1.1649531264055955
UBFC_PHYS_s14_T1_ctrl,10,108,13.6,-0.8582437038421631,1.3441481310146681
UBFC_PHYS_s14_T1_ctrl,10,109,13.633333333333333,-0.18087561428546906,1.334216138526258
UBFC_PHYS_s14_T1_ctrl,10,110,13.666666666666666,0.485705703496933,1.1860967668627784
UBFC_PHYS_s14_T1_ctrl,10,111,13.7,0.9639837145805359,0.9617765396478569
UBFC_PHYS_s14_T1_ctrl,10,112,13.733333333333333,1.2125294208526611,0.7067048596026815
UBFC_PHYS_s14_T1_ctrl,10,113,13.766666666666667,1.2121351957321167,0.4359191705818826
UBFC_PHYS_s14_T1_ctrl,10,114,13.8,1.0368998050689697,0.13894878877486297
UBFC_PHYS_s14_T1_ctrl,10,115,13.833333333333334,0.8500047326087952,-0.20068298069071583
UBFC_PHYS_s14_T1_ctrl,10,116,13.866666666666667,0.7346457242965698,-0.5821542472729966
UBFC_PHYS_s14_T1_ctrl,10,117,13.9,0.671474277973175,-0.9722312769193976
UBFC_PHYS_s14_T1_ctrl,10,118,13.933333333333334,0.6011210680007935,-1.3059705451784143
UBFC_PHYS_s14_T1_ctrl,10,119,13.966666666666667,0.4718209505081177,-1.503644077763891
UBFC_PHYS_s14_T1_ctrl,10,120,14.0,0.2809547185897827,-1.4977054393063944
UBFC_PHYS_s14_T1_ctrl,10,121,14.033333333333333,0.054517608135938644,-1.2596776767446407
UBFC_PHYS_s14_T1_ctrl,10,122,14.066666666666666,-0.22934554517269135,-0.816364446905887
UBFC_PHYS_s14_T1_ctrl,10,123,14.1,-0.5925180315971375,-0.2478966279655187
UBFC_PHYS_s14_T1_ctrl,10,124,14.133333333333333,-0.9901630282402039,0.3337055705446136
UBFC_PHYS_s14_T1_ctrl,10,125,14.166666666666666,-1.3066399097442627,0.8188238625274141
UBFC_PHYS_s14_T1_ctrl,10,126,14.2,-1.3259884119033813,1.133906045516701
UBFC_PHYS_s14_T1_ctrl,10,127,14.233333333333333,-0.877733051776886,1.2599794378105504
UBFC_PHYS_s14_T1_ctrl,10,128,14.266666666666667,-0.11424001306295395,1.228459244405344
UBFC_PHYS_s14_T1_ctrl,10,129,14.3,0.5802235007286072,1.0977309762049008
UBFC_PHYS_s14_T1_ctrl,10,130,14.333333333333334,1.0037791728973389,0.9227369610472776
UBFC_PHYS_s14_T1_ctrl,10,131,14.366666666666667,1.1756629943847656,0.7320919835254716
UBFC_PHYS_s14_T1_ctrl,10,132,14.4,1.1879706382751465,0.5224299455586352
UBFC_PHYS_s14_T1_ctrl,10,133,14.433333333333334,1.141387701034546,0.2707891300517289
UBFC_PHYS_s14_T1_ctrl,10,134,14.466666666666667,1.092833161354065,-0.04251815763995337
UBFC_PHYS_s14_T1_ctrl,10,135,14.5,1.0519393682479858,-0.4122868384009858
UBFC_PHYS_s14_T1_ctrl,10,136,14.533333333333333,1.0056380033493042,-0.7983684430025803
UBFC_PHYS_s14_T1_ctrl,10,137,14.566666666666666,0.8913492560386658,-1.1318578330054148
UBFC_PHYS_s14_T1_ctrl,10,138,14.6,0.6687705516815186,-1.3352124858569887
UBFC_PHYS_s14_T1_ctrl,10,139,14.633333333333333,0.39822888374328613,-1.3485560523034816
UBFC_PHYS_s14_T1_ctrl,10,140,14.666666666666666,0.14013563096523285,-1.152294046227855
UBFC_PHYS_s14_T1_ctrl,10,141,14.7,-0.1214781105518341,-0.7774641521420956
UBFC_PHYS_s14_T1_ctrl,10,142,14.733333333333333,-0.40410205721855164,-0.29920375330258453
UBFC_PHYS_s14_T1_ctrl,10,143,14.766666666666667,-0.7174527645111084,0.18537156312809663
UBFC_PHYS_s14_T1_ctrl,10,144,14.8,-1.0541794300079346,0.5871909273969479
UBFC_PHYS_s14_T1_ctrl,10,145,14.833333333333334,-1.2469326257705688,0.8514261356904359
UBFC_PHYS_s14_T1_ctrl,10,146,14.866666666666667,-1.0633044242858887,0.9689974213552166
UBFC_PHYS_s14_T1_ctrl,10,147,14.9,-0.5207847952842712,0.9687369850591458
UBFC_PHYS_s14_T1_ctrl,10,148,14.933333333333334,0.10563494265079498,0.8947922337271422
UBFC_PHYS_s14_T1_ctrl,10,149,14.966666666666667,0.5909820795059204,0.7811128244974986
UBFC_PHYS_s14_T1_ctrl,10,150,15.0,0.8736623525619507,0.6358897130708376
UBFC_PHYS_s14_T1_ctrl,10,151,15.033333333333333,0.9477050304412842,0.44325048974432313
UBFC_PHYS_s14_T1_ctrl,10,152,15.066666666666666,0.8822523355484009,0.18041763105462535
UBFC_PHYS_s14_T1_ctrl,10,153,15.1,0.8250797390937805,-0.1592166356442931
UBFC_PHYS_s14_T1_ctrl,10,154,15.133333333333333,0.893686830997467,-0.5491294389264106
UBFC_PHYS_s14_T1_ctrl,10,155,15.166666666666666,1.049545407295227,-0.9275162075168567
UBFC_PHYS_s14_T1_ctrl,10,156,15.2,1.172762155532837,-1.2116924219047895
UBFC_PHYS_s14_T1_ctrl,10,157,15.233333333333333,1.2200491428375244,-1.3237459223039088
UBFC_PHYS_s14_T1_ctrl,10,158,15.266666666666667,1.2416508197784424,-1.2179332430927743
UBFC_PHYS_s14_T1_ctrl,10,159,15.3,1.3022030591964722,-0.8997035670172117
UBFC_PHYS_s14_T1_ctrl,10,160,15.333333333333334,1.4290529489517212,-0.4287224483923084
UBFC_PHYS_s14_T1_ctrl,10,161,15.366666666666667,1.537680745124817,0.09671482806444799
UBFC_PHYS_s14_T1_ctrl,10,162,15.4,1.4139007329940796,0.5698376233219787
UBFC_PHYS_s14_T1_ctrl,10,163,15.433333333333334,0.9110357165336609,0.9093868911634889
UBFC_PHYS_s14_T1_ctrl,10,164,15.466666666666667,0.16860924661159515,1.0829248892955092
UBFC_PHYS_s14_T1_ctrl,10,165,15.5,-0.46594980359077454,1.108343414407154
UBFC_PHYS_s14_T1_ctrl,10,166,15.533333333333333,-0.7792159914970398,1.0335415921711806
UBFC_PHYS_s14_T1_ctrl,10,167,15.566666666666666,-0.9107692241668701,0.9060785985101296
UBFC_PHYS_s14_T1_ctrl,10,168,15.6,-1.0948197841644287,0.7491965949727225
UBFC_PHYS_s14_T1_ctrl,10,169,15.633333333333333,-1.4319689273834229,0.5559248932803572
UBFC_PHYS_s14_T1_ctrl,10,170,15.666666666666666,-1.9011781215667725,0.3024169504322124
UBFC_PHYS_s14_T1_ctrl,10,171,15.7,-2.444655418395996,-0.028306646213495313
UBFC_PHYS_s14_T1_ctrl,10,172,15.733333333333333,-2.9597997665405273,-0.42506298550781485
UBFC_PHYS_s14_T1_ctrl,10,173,15.766666666666667,-3.2952311038970947,-0.8399245234946604
UBFC_PHYS_s14_T1_ctrl,10,174,15.8,-3.3375611305236816,-1.1960942819217812
UBFC_PHYS_s14_T1_ctrl,10,175,15.833333333333334,-3.1157429218292236,-1.409170082767431
UBFC_PHYS_s14_T1_ctrl,10,176,15.866666666666667,-2.8122777938842773,-1.4143035503295867
UBFC_PHYS_s14_T1_ctrl,10,177,15.9,-2.5996973514556885,-1.190082393994437
UBFC_PHYS_s14_T1_ctrl,10,178,15.933333333333334,-2.381174087524414,-0.77048720630124
UBFC_PHYS_s14_T1_ctrl,10,179,15.966666666666667,-1.9015443325042725,-0.2391091056430912
UBFC_PHYS_s14_T1_ctrl,10,180,16.0,-1.2208811044692993,0.29474824082005124
UBFC_PHYS_s14_T1_ctrl,10,181,16.033333333333335,-0.7441802024841309,0.7308101265904974
UBFC_PHYS_s14_T1_ctrl,10,182,16.066666666666666,-0.5749156475067139,1.009122280242815
UBFC_PHYS_s14_T1_ctrl,10,183,16.1,-0.35594192147254944,1.12318798663395
UBFC_PHYS_s14_T1_ctrl,10,184,16.133333333333333,0.1579633206129074,1.109269730263426
UBFC_PHYS_s14_T1_ctrl,10,185,16.166666666666668,0.7976200580596924,1.018913893468305
UBFC_PHYS_s14_T1_ctrl,10,186,16.2,1.3293248414993286,0.8898936539228977
UBFC_PHYS_s14_T1_ctrl,10,187,16.233333333333334,1.7139300107955933,0.7302844322563606
UBFC_PHYS_s14_T1_ctrl,10,188,16.266666666666666,1.865958333015442,0.5222989880896662
UBFC_PHYS_s14_T1_ctrl,10,189,16.3,1.606794834136963,0.2418657148363328
UBFC_PHYS_s14_T1_ctrl,10,190,16.333333333333332,1.05109441280365,-0.11746750468341269
UBFC_PHYS_s14_T1_ctrl,10,191,16.366666666666667,0.5892359018325806,-0.5287257446068232
UBFC_PHYS_s14_T1_ctrl,10,192,16.4,0.3776974678039551,-0.93117490468344
UBFC_PHYS_s14_T1_ctrl,10,193,16.433333333333334,0.22426095604896545,-1.2453229745710985
UBFC_PHYS_s14_T1_ctrl,10,194,16.466666666666665,0.03232451528310776,-1.3971223108416233
UBFC_PHYS_s14_T1_ctrl,10,195,16.5,-0.051519181579351425,-1.3425082505216799
UBFC_PHYS_s14_T1_ctrl,10,196,16.533333333333335,0.008103628642857075,-1.0838055962799042
UBFC_PHYS_s14_T1_ctrl,10,197,16.566666666666666,0.04947628080844879,-0.672116614855515
UBFC_PHYS_s14_T1_ctrl,10,198,16.6,0.021734917536377907,-0.19377630246221456
UBFC_PHYS_s14_T1_ctrl,10,199,16.633333333333333,-0.013103729113936424,0.2557108466961697
UBFC_PHYS_s14_T1_ctrl,10,200,16.666666666666668,-0.039831195026636124,0.6011161855690572
UBFC_PHYS_s14_T1_ctrl,10,201,16.7,-0.024904370307922363,0.8083010364006268
UBFC_PHYS_s14_T1_ctrl,10,202,16.733333333333334,0.12757456302642822,0.8871896151701931
UBFC_PHYS_s14_T1_ctrl,10,203,16.766666666666666,0.39042750000953674,0.8758020544553864
UBFC_PHYS_s14_T1_ctrl,10,204,16.8,0.5778577327728271,0.8140152607728892
UBFC_PHYS_s14_T1_ctrl,10,205,16.833333333333332,0.6361005306243896,0.7212826247607701
UBFC_PHYS_s14_T1_ctrl,10,206,16.866666666666667,0.6437329053878784,0.5899837043577025
UBFC_PHYS_s14_T1_ctrl,10,207,16.9,0.6023602485656738,0.3969991116447781
UBFC_PHYS_s14_T1_ctrl,10,208,16.933333333333334,0.4493180513381958,0.12589049110199935
UBFC_PHYS_s14_T1_ctrl,10,209,16.966666666666665,0.18057887256145477,-0.21317396174927072
UBFC_PHYS_s14_T1_ctrl,10,210,17.0,-0.13558818399906158,-0.5760041111421315
UBFC_PHYS_s14_T1_ctrl,10,211,17.033333333333335,-0.3747835159301758,-0.892483795942792
UBFC_PHYS_s14_T1_ctrl,10,212,17.066666666666666,-0.44296813011169434,-1.0864250544907383
UBFC_PHYS_s14_T1_ctrl,10,213,17.1,-0.36371514201164246,-1.0996690676590417
UBFC_PHYS_s14_T1_ctrl,10,214,17.133333333333333,-0.2038009613752365,-0.9122841189541243
UBFC_PHYS_s14_T1_ctrl,10,215,17.166666666666668,0.001006345497444272,-0.5521624581087988
UBFC_PHYS_s14_T1_ctrl,10,216,17.2,0.11492900550365448,-0.0899831767007872
UBFC_PHYS_s14_T1_ctrl,10,217,17.233333333333334,-0.09587720036506653,0.3803611253534957
UBFC_PHYS_s14_T1_ctrl,10,218,17.266666666666666,-0.6737706661224365,0.7702857933406346
UBFC_PHYS_s14_T1_ctrl,10,219,17.3,-1.3277627229690552,1.0234750262045484
UBFC_PHYS_s14_T1_ctrl,10,220,17.333333333333332,-1.7293788194656372,1.1294576892264692
UBFC_PHYS_s14_T1_ctrl,10,221,17.366666666666667,-1.768751859664917,1.1170118250792493
UBFC_PHYS_s14_T1_ctrl,10,222,17.4,-1.6015995740890503,1.0311013647103713
UBFC_PHYS_s14_T1_ctrl,10,223,17.433333333333334,-1.5334713459014893,0.9062919835016031
UBFC_PHYS_s14_T1_ctrl,10,224,17.466666666666665,-1.7397149801254272,0.7510232436113624
UBFC_PHYS_s14_T1_ctrl,10,225,17.5,-2.116068124771118,0.5502955958862565
UBFC_PHYS_s14_T1_ctrl,10,226,17.533333333333335,-2.3950588703155518,0.2836903807786204
UBFC_PHYS_s14_T1_ctrl,10,227,17.566666666666666,-2.381681203842163,-0.05246228694234524
UBFC_PHYS_s14_T1_ctrl,10,228,17.6,-2.1099846363067627,-0.4310841137591446
UBFC_PHYS_s14_T1_ctrl,10,229,17.633333333333333,-1.8300926685333252,-0.7955937502405325
UBFC_PHYS_s14_T1_ctrl,10,230,17.666666666666668,-1.7497975826263428,-1.0756734507091048
UBFC_PHYS_s14_T1_ctrl,10,231,17.7,-1.8249105215072632,-1.2106885961658869
UBFC_PHYS_s14_T1_ctrl,10,232,17.733333333333334,-1.8164331912994385,-1.171807714900648
UBFC_PHYS_s14_T1_ctrl,10,233,17.766666666666666,-1.4697365760803223,-0.9750327468121059
UBFC_PHYS_s14_T1_ctrl,10,234,17.8,-0.7623458504676819,-0.6800147375593772
UBFC_PHYS_s14_T1_ctrl,10,235,17.833333333333332,-0.11657761037349701,-0.3734421755864316
UBFC_PHYS_s14_T1_ctrl,10,236,17.866666666666667,-0.05225143954157829,-0.1409744055600705
UBFC_PHYS_s14_T1_ctrl,10,237,17.9,-0.5125046372413635,-0.036955973507273636
UBFC_PHYS_s14_T1_ctrl,10,238,17.933333333333334,-0.8740999102592468,-0.06403223779666337
UBFC_PHYS_s14_T1_ctrl,10,239,17.966666666666665,-0.713678777217865,-0.17221448712575202
UBFC_PHYS_s14_T1_ctrl,11,0,11.0,-0.36371514201164246,-0.06906498861582734
UBFC_PHYS_s14_T1_ctrl,11,1,11.033333333333333,-0.7650214433670044,0.5231748063531962
UBFC_PHYS_s14_T1_ctrl,11,2,11.066666666666666,-1.229611873626709,1.0352021522487098
UBFC_PHYS_s14_T1_ctrl,11,3,11.1,-1.6372549533843994,1.4043123557217287
UBFC_PHYS_s14_T1_ctrl,11,4,11.133333333333333,-1.7241966724395752,1.598936474787291
UBFC_PHYS_s14_T1_ctrl,11,5,11.166666666666666,-1.3059357404708862,1.6227535274195404
UBFC_PHYS_s14_T1_ctrl,11,6,11.2,-0.55196213722229,1.5074613501185499
UBFC_PHYS_s14_T1_ctrl,11,7,11.233333333333333,0.16294832527637482,1.2971927926515368
UBFC_PHYS_s14_T1_ctrl,11,8,11.266666666666667,0.629763662815094,1.0314379553262119
UBFC_PHYS_s14_T1_ctrl,11,9,11.3,0.8546517491340637,0.733752217345297
UBFC_PHYS_s14_T1_ctrl,11,10,11.333333333333334,0.8771828413009644,0.4105395313746304
UBFC_PHYS_s14_T1_ctrl,11,11,11.366666666666667,0.7625279426574707,0.059532141680765614
UBFC_PHYS_s14_T1_ctrl,11,12,11.4,0.6328616738319397,-0.316525947355338
UBFC_PHYS_s14_T1_ctrl,11,13,11.433333333333334,0.5853774547576904,-0.6975661370140653
UBFC_PHYS_s14_T1_ctrl,11,14,11.466666666666667,0.6215116381645203,-1.0413326181917455
UBFC_PHYS_s14_T1_ctrl,11,15,11.5,0.6582091450691223,-1.2892804858264053
UBFC_PHYS_s14_T1_ctrl,11,16,11.533333333333333,0.6023039221763611,-1.3824284195464334
UBFC_PHYS_s14_T1_ctrl,11,17,11.566666666666666,0.4421081244945526,-1.2821553300564772
UBFC_PHYS_s14_T1_ctrl,11,18,11.6,0.22003638744354248,-0.988073677587445
UBFC_PHYS_s14_T1_ctrl,11,19,11.633333333333333,-0.06258756667375565,-0.5449675332155739
UBFC_PHYS_s14_T1_ctrl,11,20,11.666666666666666,-0.47693371772766113,-0.03410959557938021
UBFC_PHYS_s14_T1_ctrl,11,21,11.7,-1.0369430780410767,0.449309439620615
UBFC_PHYS_s14_T1_ctrl,11,22,11.733333333333333,-1.525360107421875,0.8238354158311821
UBFC_PHYS_s14_T1_ctrl,11,23,11.766666666666667,-1.5961921215057373,1.0426432456560706
UBFC_PHYS_s14_T1_ctrl,11,24,11.8,-1.1638493537902832,1.0995625026024034
UBFC_PHYS_s14_T1_ctrl,11,25,11.833333333333334,-0.49481773376464844,1.0198862359157461
UBFC_PHYS_s14_T1_ctrl,11,26,11.866666666666667,0.1212095320224762,0.8424347620393673
UBFC_PHYS_s14_T1_ctrl,11,27,11.9,0.5496376156806946,0.6021549892622174
UBFC_PHYS_s14_T1_ctrl,11,28,11.933333333333334,0.762274444103241,0.3207436182979636
UBFC_PHYS_s14_T1_ctrl,11,29,11.966666666666667,0.8122370839118958,0.008036549237572792
UBFC_PHYS_s14_T1_ctrl,11,30,12.0,0.8242348432540894,-0.32823516077172354
UBFC_PHYS_s14_T1_ctrl,11,31,12.033333333333333,0.8764224052429199,-0.6702598089206049
UBFC_PHYS_s14_T1_ctrl,11,32,12.066666666666666,0.938889741897583,-0.9823423773720962
UBFC_PHYS_s14_T1_ctrl,11,33,12.1,0.9360170364379883,-1.2124572523404407
UBFC_PHYS_s14_T1_ctrl,11,34,12.133333333333333,0.8321207165718079,-1.3043020469124185
UBFC_PHYS_s14_T1_ctrl,11,35,12.166666666666666,0.6767972707748413,-1.2163661926415874
UBFC_PHYS_s14_T1_ctrl,11,36,12.2,0.5141511559486389,-0.9406773420886836
UBFC_PHYS_s14_T1_ctrl,11,37,12.233333333333333,0.2733505070209503,-0.5126337876584086
UBFC_PHYS_s14_T1_ctrl,11,38,12.266666666666667,-0.12815293669700623,-0.005897388185347281
UBFC_PHYS_s14_T1_ctrl,11,39,12.3,-0.6274129748344421,0.48746214726235626
UBFC_PHYS_s14_T1_ctrl,11,40,12.333333333333334,-1.0407733917236328,0.8839316094932348
UBFC_PHYS_s14_T1_ctrl,11,41,12.366666666666667,-1.1274052858352661,1.131031294840696
UBFC_PHYS_s14_T1_ctrl,11,42,12.4,-0.7440957427024841,1.2163088630672967
UBFC_PHYS_s14_T1_ctrl,11,43,12.433333333333334,-0.0698256641626358,1.16092296289691
UBFC_PHYS_s14_T1_ctrl,11,44,12.466666666666667,0.5431880950927734,1.0029455018932323
UBFC_PHYS_s14_T1_ctrl,11,45,12.5,0.9184428453445435,0.7792011313914082
UBFC_PHYS_s14_T1_ctrl,11,46,12.533333333333333,1.0440534353256226,0.5136158312110345
UBFC_PHYS_s14_T1_ctrl,11,47,12.566666666666666,0.9497328400611877,0.21594421398956382
UBFC_PHYS_s14_T1_ctrl,11,48,12.6,0.7637389302253723,-0.11021115471871419
UBFC_PHYS_s14_T1_ctrl,11,49,12.633333333333333,0.6646304726600647,-0.45501458540161305
UBFC_PHYS_s14_T1_ctrl,11,50,12.666666666666666,0.6553927659988403,-0.7921480483637444
UBFC_PHYS_s14_T1_ctrl,11,51,12.7,0.5849550366401672,-1.0762641137638644
UBFC_PHYS_s14_T1_ctrl,11,52,12.733333333333333,0.37890851497650146,-1.2507239900544578
UBFC_PHYS_s14_T1_ctrl,11,53,12.766666666666667,0.1119154766201973,-1.2640697736938267
UBFC_PHYS_s14_T1_ctrl,11,54,12.8,-0.14091114699840546,-1.0896582320277242
UBFC_PHYS_s14_T1_ctrl,11,55,12.833333333333334,-0.40948134660720825,-0.7404692321151082
UBFC_PHYS_s14_T1_ctrl,11,56,12.866666666666667,-0.7541220188140869,-0.27168211613898546
UBFC_PHYS_s14_T1_ctrl,11,57,12.9,-1.1428109407424927,0.2320111504348916
UBFC_PHYS_s14_T1_ctrl,11,58,12.933333333333334,-1.4021716117858887,0.680387403944534
UBFC_PHYS_s14_T1_ctrl,11,59,12.966666666666667,-1.314413070678711,1.0032847268756555
UBFC_PHYS_s14_T1_ctrl,11,60,13.0,-0.8212364315986633,1.167323902787613
UBFC_PHYS_s14_T1_ctrl,11,61,13.033333333333333,-0.12285814434289932,1.1777274000508757
UBFC_PHYS_s14_T1_ctrl,11,62,13.066666666666666,0.49404221773147583,1.0664000638701667
UBFC_PHYS_s14_T1_ctrl,11,63,13.1,0.8960525989532471,0.873410789685938
UBFC_PHYS_s14_T1_ctrl,11,64,13.133333333333333,1.0672886371612549,0.6307765060773618
UBFC_PHYS_s14_T1_ctrl,11,65,13.166666666666666,1.0379981994628906,0.35502834084654905
UBFC_PHYS_s14_T1_ctrl,11,66,13.2,0.9077123999595642,0.05036906432239624
UBFC_PHYS_s14_T1_ctrl,11,67,13.233333333333333,0.8180951476097107,-0.28050486052450047
UBFC_PHYS_s14_T1_ctrl,11,68,13.266666666666667,0.8186584115028381,-0.6238808844003154
UBFC_PHYS_s14_T1_ctrl,11,69,13.3,0.8042948842048645,-0.9472012345056754
UBFC_PHYS_s14_T1_ctrl,11,70,13.333333333333334,0.6777829527854919,-1.20025002584241
UBFC_PHYS_s14_T1_ctrl,11,71,13.366666666666667,0.48091787099838257,-1.3261567351012769
UBFC_PHYS_s14_T1_ctrl,11,72,13.4,0.30089470744132996,-1.279293327890741
UBFC_PHYS_s14_T1_ctrl,11,73,13.433333333333334,0.11875928193330765,-1.0440019583690505
UBFC_PHYS_s14_T1_ctrl,11,74,13.466666666666667,-0.1811290830373764,-0.6464133368806373
UBFC_PHYS_s14_T1_ctrl,11,75,13.5,-0.6454941630363464,-0.15282350469818734
UBFC_PHYS_s14_T1_ctrl,11,76,13.533333333333333,-1.1011565923690796,0.3471210295921486
UBFC_PHYS_s14_T1_ctrl,11,77,13.566666666666666,-1.2247676849365234,0.767081046002908
UBFC_PHYS_s14_T1_ctrl,11,78,13.6,-0.8582437038421631,1.04914827067074
UBFC_PHYS_s14_T1_ctrl,11,79,13.633333333333333,-0.18087561428546906,1.1759142082434424
UBFC_PHYS_s14_T1_ctrl,11,80,13.666666666666666,0.485705703496933,1.165249114588665
UBFC_PHYS_s14_T1_ctrl,11,81,13.7,0.9639837145805359,1.0529230647892318
UBFC_PHYS_s14_T1_ctrl,11,82,13.733333333333333,1.2125294208526611,0.8731534102148352
UBFC_PHYS_s14_T1_ctrl,11,83,13.766666666666667,1.2121351957321167,0.646174740950381
UBFC_PHYS_s14_T1_ctrl,11,84,13.8,1.0368998050689697,0.37706840744741477
UBFC_PHYS_s14_T1_ctrl,11,85,13.833333333333334,0.8500047326087952,0.06440140923018327
UBFC_PHYS_s14_T1_ctrl,11,86,13.866666666666667,0.7346457242965698,-0.2867119858056479
UBFC_PHYS_s14_T1_ctrl,11,87,13.9,0.671474277973175,-0.6536679052687877
UBFC_PHYS_s14_T1_ctrl,11,88,13.933333333333334,0.6011210680007935,-0.9927545306220484
UBFC_PHYS_s14_T1_ctrl,11,89,13.966666666666667,0.4718209505081177,-1.2452211361970573
UBFC_PHYS_s14_T1_ctrl,11,90,14.0,0.2809547185897827,-1.3520770168871101
UBFC_PHYS_s14_T1_ctrl,11,91,14.033333333333333,0.054517608135938644,-1.2734175099747278
UBFC_PHYS_s14_T1_ctrl,11,92,14.066666666666666,-0.22934554517269135,-1.0055108674846283
UBFC_PHYS_s14_T1_ctrl,11,93,14.1,-0.5925180315971375,-0.5881351722629782
UBFC_PHYS_s14_T1_ctrl,11,94,14.133333333333333,-0.9901630282402039,-0.09696526114307286
UBFC_PHYS_s14_T1_ctrl,11,95,14.166666666666666,-1.3066399097442627,0.37819287243433813
UBFC_PHYS_s14_T1_ctrl,11,96,14.2,-1.3259884119033813,0.7607915837662569
UBFC_PHYS_s14_T1_ctrl,11,97,14.233333333333333,-0.877733051776886,1.0081119490969312
UBFC_PHYS_s14_T1_ctrl,11,98,14.266666666666667,-0.11424001306295395,1.116266126635152
UBFC_PHYS_s14_T1_ctrl,11,99,14.3,0.5802235007286072,1.1093607656614526
UBFC_PHYS_s14_T1_ctrl,11,100,14.333333333333334,1.0037791728973389,1.0201632894414778
UBFC_PHYS_s14_T1_ctrl,11,101,14.366666666666667,1.1756629943847656,0.8726417751650034
UBFC_PHYS_s14_T1_ctrl,11,102,14.4,1.1879706382751465,0.6743592217680232
UBFC_PHYS_s14_T1_ctrl,11,103,14.433333333333334,1.141387701034546,0.42087297288498865
UBFC_PHYS_s14_T1_ctrl,11,104,14.466666666666667,1.092833161354065,0.10831307095400167
UBFC_PHYS_s14_T1_ctrl,11,105,14.5,1.0519393682479858,-0.25300734241802136
UBFC_PHYS_s14_T1_ctrl,11,106,14.533333333333333,1.0056380033493042,-0.6306520168476168
UBFC_PHYS_s14_T1_ctrl,11,107,14.566666666666666,0.8913492560386658,-0.9714676404861217
UBFC_PHYS_s14_T1_ctrl,11,108,14.6,0.6687705516815186,-1.2123727195817877
UBFC_PHYS_s14_T1_ctrl,11,109,14.633333333333333,0.39822888374328613,-1.2974476248856168
UBFC_PHYS_s14_T1_ctrl,11,110,14.666666666666666,0.14013563096523285,-1.19608112119419
UBFC_PHYS_s14_T1_ctrl,11,111,14.7,-0.1214781105518341,-0.9159136733207089
UBFC_PHYS_s14_T1_ctrl,11,112,14.733333333333333,-0.40410205721855164,-0.5048926764704714
UBFC_PHYS_s14_T1_ctrl,11,113,14.766666666666667,-0.7174527645111084,-0.039825713601686304
UBFC_PHYS_s14_T1_ctrl,11,114,14.8,-1.0541794300079346,0.39572778963176997
UBFC_PHYS_s14_T1_ctrl,11,115,14.833333333333334,-1.2469326257705688,0.7359076275937986
UBFC_PHYS_s14_T1_ctrl,11,116,14.866666666666667,-1.0633044242858887,0.9488005247439065
UBFC_PHYS_s14_T1_ctrl,11,117,14.9,-0.5207847952842712,1.0373266818818219
UBFC_PHYS_s14_T1_ctrl,11,118,14.933333333333334,0.10563494265079498,1.0257554843373733
UBFC_PHYS_s14_T1_ctrl,11,119,14.966666666666667,0.5909820795059204,0.9404426557347804
UBFC_PHYS_s14_T1_ctrl,11,120,15.0,0.8736623525619507,0.7953694575098827
UBFC_PHYS_s14_T1_ctrl,11,121,15.033333333333333,0.9477050304412842,0.5892323999746216
UBFC_PHYS_s14_T1_ctrl,11,122,15.066666666666666,0.8822523355484009,0.31422194230883754
UBFC_PHYS_s14_T1_ctrl,11,123,15.1,0.8250797390937805,-0.029152678835637894
UBFC_PHYS_s14_T1_ctrl,11,124,15.133333333333333,0.893686830997467,-0.4192046278956695
UBFC_PHYS_s14_T1_ctrl,11,125,15.166666666666666,1.049545407295227,-0.8087145017169696
UBFC_PHYS_s14_T1_ctrl,11,126,15.2,1.172762155532837,-1.1316143642289305
UBFC_PHYS_s14_T1_ctrl,11,127,15.233333333333333,1.2200491428375244,-1.3188780077530573
UBFC_PHYS_s14_T1_ctrl,11,128,15.266666666666667,1.2416508197784424,-1.3187379239081936
UBFC_PHYS_s14_T1_ctrl,11,129,15.3,1.3022030591964722,-1.1148097235672856
UBFC_PHYS_s14_T1_ctrl,11,130,15.333333333333334,1.4290529489517212,-0.7354973220116886
UBFC_PHYS_s14_T1_ctrl,11,131,15.366666666666667,1.537680745124817,-0.24979318164495135
UBFC_PHYS_s14_T1_ctrl,11,132,15.4,1.4139007329940796,0.2511523900263228
UBFC_PHYS_s14_T1_ctrl,11,133,15.433333333333334,0.9110357165336609,0.6810610587155441
UBFC_PHYS_s14_T1_ctrl,11,134,15.466666666666667,0.16860924661159515,0.9829323483301453
UBFC_PHYS_s14_T1_ctrl,11,135,15.5,-0.46594980359077454,1.139610737152276
UBFC_PHYS_s14_T1_ctrl,11,136,15.533333333333333,-0.7792159914970398,1.1668318683577874
UBFC_PHYS_s14_T1_ctrl,11,137,15.566666666666666,-0.9107692241668701,1.0947281057673666
UBFC_PHYS_s14_T1_ctrl,11,138,15.6,-1.0948197841644287,0.9487605990568051
UBFC_PHYS_s14_T1_ctrl,11,139,15.633333333333333,-1.4319689273834229,0.7395609385333056
UBFC_PHYS_s14_T1_ctrl,11,140,15.666666666666666,-1.9011781215667725,0.46532472313487416
UBFC_PHYS_s14_T1_ctrl,11,141,15.7,-2.444655418395996,0.12377081007166697
UBFC_PHYS_s14_T1_ctrl,11,142,15.733333333333333,-2.9597997665405273,-0.273500639101727
UBFC_PHYS_s14_T1_ctrl,11,143,15.766666666666667,-3.2952311038970947,-0.6917607857122855
UBFC_PHYS_s14_T1_ctrl,11,144,15.8,-3.3375611305236816,-1.0736127369899544
UBFC_PHYS_s14_T1_ctrl,11,145,15.833333333333334,-3.1157429218292236,-1.3496571253761198
UBFC_PHYS_s14_T1_ctrl,11,146,15.866666666666667,-2.8122777938842773,-1.4564683540410528
UBFC_PHYS_s14_T1_ctrl,11,147,15.9,-2.5996973514556885,-1.3566132384618421
UBFC_PHYS_s14_T1_ctrl,11,148,15.933333333333334,-2.381174087524414,-1.0539629473674679
UBFC_PHYS_s14_T1_ctrl,11,149,15.966666666666667,-1.9015443325042725,-0.5976710060765001
UBFC_PHYS_s14_T1_ctrl,11,150,16.0,-1.2208811044692993,-0.07099391796701236
UBFC_PHYS_s14_T1_ctrl,11,151,16.033333333333335,-0.7441802024841309,0.4327926030334122
UBFC_PHYS_s14_T1_ctrl,11,152,16.066666666666666,-0.5749156475067139,0.837792509293133
UBFC_PHYS_s14_T1_ctrl,11,153,16.1,-0.35594192147254944,1.1037232502160976
UBFC_PHYS_s14_T1_ctrl,11,154,16.133333333333333,0.1579633206129074,1.2275920942043423
UBFC_PHYS_s14_T1_ctrl,11,155,16.166666666666668,0.7976200580596924,1.2306321247275613
UBFC_PHYS_s14_T1_ctrl,11,156,16.2,1.3293248414993286,1.1392683103860752
UBFC_PHYS_s14_T1_ctrl,11,157,16.233333333333334,1.7139300107955933,0.9704244864495374
UBFC_PHYS_s14_T1_ctrl,11,158,16.266666666666666,1.865958333015442,0.7278167075489134
UBFC_PHYS_s14_T1_ctrl,11,159,16.3,1.606794834136963,0.40953283444694627
UBFC_PHYS_s14_T1_ctrl,11,160,16.333333333333332,1.05109441280365,0.021545089138302723
UBFC_PHYS_s14_T1_ctrl,11,161,16.366666666666667,0.5892359018325806,-0.41055189709356776
UBFC_PHYS_s14_T1_ctrl,11,162,16.4,0.3776974678039551,-0.8376615338736514
UBFC_PHYS_s14_T1_ctrl,11,163,16.433333333333334,0.22426095604896545,-1.1933993881066982
UBFC_PHYS_s14_T1_ctrl,11,164,16.466666666666665,0.03232451528310776,-1.4088696025044425
UBFC_PHYS_s14_T1_ctrl,11,165,16.5,-0.051519181579351425,-1.4317371777677204
UBFC_PHYS_s14_T1_ctrl,11,166,16.533333333333335,0.008103628642857075,-1.2437263885368695
UBFC_PHYS_s14_T1_ctrl,11,167,16.566666666666666,0.04947628080844879,-0.8703000742836178
UBFC_PHYS_s14_T1_ctrl,11,168,16.6,0.021734917536377907,-0.37761502969072297
UBFC_PHYS_s14_T1_ctrl,11,169,16.633333333333333,-0.013103729113936424,0.14418148935083802
UBFC_PHYS_s14_T1_ctrl,11,170,16.666666666666668,-0.039831195026636124,0.6061878245035431
UBFC_PHYS_s14_T1_ctrl,11,171,16.7,-0.024904370307922363,0.9446269374653802
UBFC_PHYS_s14_T1_ctrl,11,172,16.733333333333334,0.12757456302642822,1.1334692469748278
UBFC_PHYS_s14_T1_ctrl,11,173,16.766666666666666,0.39042750000953674,1.1811859270432412
UBFC_PHYS_s14_T1_ctrl,11,174,16.8,0.5778577327728271,1.1150535218423074
UBFC_PHYS_s14_T1_ctrl,11,175,16.833333333333332,0.6361005306243896,0.9624469315520837
UBFC_PHYS_s14_T1_ctrl,11,176,16.866666666666667,0.6437329053878784,0.7389319974664857
UBFC_PHYS_s14_T1_ctrl,11,177,16.9,0.6023602485656738,0.4481979726316972
UBFC_PHYS_s14_T1_ctrl,11,178,16.933333333333334,0.4493180513381958,0.09216378986149025
UBFC_PHYS_s14_T1_ctrl,11,179,16.966666666666665,0.18057887256145477,-0.31539810999207774
UBFC_PHYS_s14_T1_ctrl,11,180,17.0,-0.13558818399906158,-0.7393873819720214
UBFC_PHYS_s14_T1_ctrl,11,181,17.033333333333335,-0.3747835159301758,-1.1231525630430474
UBFC_PHYS_s14_T1_ctrl,11,182,17.066666666666666,-0.44296813011169434,-1.3984288961314735
UBFC_PHYS_s14_T1_ctrl,11,183,17.1,-0.36371514201164246,-1.5024866163265456
UBFC_PHYS_s14_T1_ctrl,11,184,17.133333333333333,-0.2038009613752365,-1.3971898062099217
UBFC_PHYS_s14_T1_ctrl,11,185,17.166666666666668,0.001006345497444272,-1.0838228984791543
UBFC_PHYS_s14_T1_ctrl,11,186,17.2,0.11492900550365448,-0.6079970498585507
UBFC_PHYS_s14_T1_ctrl,11,187,17.233333333333334,-0.09587720036506653,-0.05119757796002284
UBFC_PHYS_s14_T1_ctrl,11,188,17.266666666666666,-0.6737706661224365,0.49009631759263395
UBFC_PHYS_s14_T1_ctrl,11,189,17.3,-1.3277627229690552,0.9311334787532516
UBFC_PHYS_s14_T1_ctrl,11,190,17.333333333333332,-1.7293788194656372,1.2205596734540773
UBFC_PHYS_s14_T1_ctrl,11,191,17.366666666666667,-1.768751859664917,1.3474082695528216
UBFC_PHYS_s14_T1_ctrl,11,192,17.4,-1.6015995740890503,1.3317295087764116
UBFC_PHYS_s14_T1_ctrl,11,193,17.433333333333334,-1.5334713459014893,1.2060436134230224
UBFC_PHYS_s14_T1_ctrl,11,194,17.466666666666665,-1.7397149801254272,0.9982120180705785
UBFC_PHYS_s14_T1_ctrl,11,195,17.5,-2.116068124771118,0.7236797030878661
UBFC_PHYS_s14_T1_ctrl,11,196,17.533333333333335,-2.3950588703155518,0.38928060337231657
UBFC_PHYS_s14_T1_ctrl,11,197,17.566666666666666,-2.381681203842163,0.004901601656227119
UBFC_PHYS_s14_T1_ctrl,11,198,17.6,-2.1099846363067627,-0.4043393064112335
UBFC_PHYS_s14_T1_ctrl,11,199,17.633333333333333,-1.8300926685333252,-0.79263540299664
UBFC_PHYS_s14_T1_ctrl,11,200,17.666666666666668,-1.7497975826263428,-1.098389290137752
UBFC_PHYS_s14_T1_ctrl,11,201,17.7,-1.8249105215072632,-1.2583682506225644
UBFC_PHYS_s14_T1_ctrl,11,202,17.733333333333334,-1.8164331912994385,-1.2265502918834474
UBFC_PHYS_s14_T1_ctrl,11,203,17.766666666666666,-1.4697365760803223,-0.9913884091220975
UBFC_PHYS_s14_T1_ctrl,11,204,17.8,-0.7623458504676819,-0.5850189995484156
UBFC_PHYS_s14_T1_ctrl,11,205,17.833333333333332,-0.11657761037349701,-0.07957100349872362
UBFC_PHYS_s14_T1_ctrl,11,206,17.866666666666667,-0.05225143954157829,0.4303756094711864
UBFC_PHYS_s14_T1_ctrl,11,207,17.9,-0.5125046372413635,0.85420843770535
UBFC_PHYS_s14_T1_ctrl,11,208,17.933333333333334,-0.8740999102592468,1.1299632430515485
UBFC_PHYS_s14_T1_ctrl,11,209,17.966666666666665,-0.713678777217865,1.2362332541878884
UBFC_PHYS_s14_T1_ctrl,11,210,18.0,-0.17107459902763367,1.1872247377579705
UBFC_PHYS_s14_T1_ctrl,11,211,18.033333333333335,0.4318564832210541,1.0160217141645063
UBFC_PHYS_s14_T1_ctrl,11,212,18.066666666666666,0.9357354044914246,0.7559590921437588
UBFC_PHYS_s14_T1_ctrl,11,213,18.1,1.266547679901123,0.429147673249704
UBFC_PHYS_s14_T1_ctrl,11,214,18.133333333333333,1.3476313352584839,0.04657637633077816
UBFC_PHYS_s14_T1_ctrl,11,215,18.166666666666668,1.2319061756134033,-0.381851917565365
UBFC_PHYS_s14_T1_ctrl,11,216,18.2,1.119194507598877,-0.8340421905403511
UBFC_PHYS_s14_T1_ctrl,11,217,18.233333333333334,1.1266579627990723,-1.2674068757850647
UBFC_PHYS_s14_T1_ctrl,11,218,18.266666666666666,1.193518877029419,-1.6209569775431079
UBFC_PHYS_s14_T1_ctrl,11,219,18.3,1.2362152338027954,-1.8281300695209701
UBFC_PHYS_s14_T1_ctrl,11,220,18.333333333333332,1.2158527374267578,-1.8361887208766772
UBFC_PHYS_s14_T1_ctrl,11,221,18.366666666666667,1.076807975769043,-1.625349724632679
UBFC_PHYS_s14_T1_ctrl,11,222,18.4,0.8181514739990234,-1.2202852465713598
UBFC_PHYS_s14_T1_ctrl,11,223,18.433333333333334,0.5505951642990112,-0.6884921133617139
UBFC_PHYS_s14_T1_ctrl,11,224,18.466666666666665,0.33148062229156494,-0.12420778829631206
UBFC_PHYS_s14_T1_ctrl,11,225,18.5,0.0663464143872261,0.37756446271380834
UBFC_PHYS_s14_T1_ctrl,11,226,18.533333333333335,-0.2765481173992157,0.7469846064885717
UBFC_PHYS_s14_T1_ctrl,11,227,18.566666666666666,-0.49000170826911926,0.9546022091031408
UBFC_PHYS_s14_T1_ctrl,11,228,18.6,-0.36413758993148804,1.0109260794627277
UBFC_PHYS_s14_T1_ctrl,11,229,18.633333333333333,0.05378534644842148,0.9533267771010487
UBFC_PHYS_s14_T1_ctrl,11,230,18.666666666666668,0.5386536717414856,0.8280614150519248
UBFC_PHYS_s14_T1_ctrl,11,231,18.7,0.9263850450515747,0.6754094770443858
UBFC_PHYS_s14_T1_ctrl,11,232,18.733333333333334,1.1741421222686768,0.5227603904232012
UBFC_PHYS_s14_T1_ctrl,11,233,18.766666666666666,1.2265268564224243,0.38581686824172334
UBFC_PHYS_s14_T1_ctrl,11,234,18.8,1.0467008352279663,0.27400498964813724
UBFC_PHYS_s14_T1_ctrl,11,235,18.833333333333332,0.775229811668396,0.19492321693005246
UBFC_PHYS_s14_T1_ctrl,11,236,18.866666666666667,0.6140201091766357,0.15484521018802366
UBFC_PHYS_s14_T1_ctrl,11,237,18.9,0.5705914497375488,0.15583117326655108
UBFC_PHYS_s14_T1_ctrl,11,238,18.933333333333334,0.4792843759059906,0.19227719585852962
UBFC_PHYS_s14_T1_ctrl,11,239,18.966666666666665,0.23096394538879395,0.24988694196591063
UBFC_PHYS_s14_T1_ctrl,12,0,12.0,0.8242348432540894,0.08457424968596995
UBFC_PHYS_s14_T1_ctrl,12,1,12.033333333333333,0.8764224052429199,-0.4314681109204201
UBFC_PHYS_s14_T1_ctrl,12,2,12.066666666666666,0.938889741897583,-0.8789779067441134
UBFC_PHYS_s14_T1_ctrl,12,3,12.1,0.9360170364379883,-1.1953249722473331
UBFC_PHYS_s14_T1_ctrl,12,4,12.133333333333333,0.8321207165718079,-1.3315932349967128
UBFC_PHYS_s14_T1_ctrl,12,5,12.166666666666666,0.6767972707748413,-1.2624466037036024
UBFC_PHYS_s14_T1_ctrl,12,6,12.2,0.5141511559486389,-0.9949222687510073
UBFC_PHYS_s14_T1_ctrl,12,7,12.233333333333333,0.2733505070209503,-0.5719001081044301
UBFC_PHYS_s14_T1_ctrl,12,8,12.266666666666667,-0.12815293669700623,-0.06647790950074699
UBFC_PHYS_s14_T1_ctrl,12,9,12.3,-0.6274129748344421,0.43366288981997375
UBFC_PHYS_s14_T1_ctrl,12,10,12.333333333333334,-1.0407733917236328,0.8479001365971133
UBFC_PHYS_s14_T1_ctrl,12,11,12.366666666666667,-1.1274052858352661,1.1222685081282966
UBFC_PHYS_s14_T1_ctrl,12,12,12.4,-0.7440957427024841,1.2388714779997871
UBFC_PHYS_s14_T1_ctrl,12,13,12.433333333333334,-0.0698256641626358,1.2114960997029656
UBFC_PHYS_s14_T1_ctrl,12,14,12.466666666666667,0.5431880950927734,1.0708123040617101
UBFC_PHYS_s14_T1_ctrl,12,15,12.5,0.9184428453445435,0.84767540901868
UBFC_PHYS_s14_T1_ctrl,12,16,12.533333333333333,1.0440534353256226,0.5630357122460866
UBFC_PHYS_s14_T1_ctrl,12,17,12.566666666666666,0.9497328400611877,0.2283810043796983
UBFC_PHYS_s14_T1_ctrl,12,18,12.6,0.7637389302253723,-0.14541936198074779
UBFC_PHYS_s14_T1_ctrl,12,19,12.633333333333333,0.6646304726600647,-0.5371589439236623
UBFC_PHYS_s14_T1_ctrl,12,20,12.666666666666666,0.6553927659988403,-0.9088657977667366
UBFC_PHYS_s14_T1_ctrl,12,21,12.7,0.5849550366401672,-1.2078187286287023
UBFC_PHYS_s14_T1_ctrl,12,22,12.733333333333333,0.37890851497650146,-1.377137790303974
UBFC_PHYS_s14_T1_ctrl,12,23,12.766666666666667,0.1119154766201973,-1.3717743410731484
UBFC_PHYS_s14_T1_ctrl,12,24,12.8,-0.14091114699840546,-1.1746802765746889
UBFC_PHYS_s14_T1_ctrl,12,25,12.833333333333334,-0.40948134660720825,-0.8071850567117542
UBFC_PHYS_s14_T1_ctrl,12,26,12.866666666666667,-0.7541220188140869,-0.3283679178596619
UBFC_PHYS_s14_T1_ctrl,12,27,12.9,-1.1428109407424927,0.17846099738868787
UBFC_PHYS_s14_T1_ctrl,12,28,12.933333333333334,-1.4021716117858887,0.6283488890370271
UBFC_PHYS_s14_T1_ctrl,12,29,12.966666666666667,-1.314413070678711,0.9575920619234924
UBFC_PHYS_s14_T1_ctrl,12,30,13.0,-0.8212364315986633,1.1374362247867627
UBFC_PHYS_s14_T1_ctrl,12,31,13.033333333333333,-0.12285814434289932,1.1734190761083472
UBFC_PHYS_s14_T1_ctrl,12,32,13.066666666666666,0.49404221773147583,1.0924616834240108
UBFC_PHYS_s14_T1_ctrl,12,33,13.1,0.8960525989532471,0.9256134761936067
UBFC_PHYS_s14_T1_ctrl,12,34,13.133333333333333,1.0672886371612549,0.6952402188150673
UBFC_PHYS_s14_T1_ctrl,12,35,13.166666666666666,1.0379981994628906,0.41187989342791065
UBFC_PHYS_s14_T1_ctrl,12,36,13.2,0.9077123999595642,0.08067006803699535
UBFC_PHYS_s14_T1_ctrl,12,37,13.233333333333333,0.8180951476097107,-0.2872669889571385
UBFC_PHYS_s14_T1_ctrl,12,38,13.266666666666667,0.8186584115028381,-0.6650696248058766
UBFC_PHYS_s14_T1_ctrl,12,39,13.3,0.8042948842048645,-1.0074531194574847
UBFC_PHYS_s14_T1_ctrl,12,40,13.333333333333334,0.6777829527854919,-1.2570772634057605
UBFC_PHYS_s14_T1_ctrl,12,41,13.366666666666667,0.48091787099838257,-1.3582142669017112
UBFC_PHYS_s14_T1_ctrl,12,42,13.4,0.30089470744132996,-1.2736041254628954
UBFC_PHYS_s14_T1_ctrl,12,43,13.433333333333334,0.11875928193330765,-0.9992448040448944
UBFC_PHYS_s14_T1_ctrl,12,44,13.466666666666667,-0.1811290830373764,-0.5715148418141416
UBFC_PHYS_s14_T1_ctrl,12,45,13.5,-0.6454941630363464,-0.062255357548082535
UBFC_PHYS_s14_T1_ctrl,12,46,13.533333333333333,-1.1011565923690796,0.43886090370644426
UBFC_PHYS_s14_T1_ctrl,12,47,13.566666666666666,-1.2247676849365234,0.849541322828862
UBFC_PHYS_s14_T1_ctrl,12,48,13.6,-0.8582437038421631,1.1172381390980053
UBFC_PHYS_s14_T1_ctrl,12,49,13.633333333333333,-0.18087561428546906,1.2283231420056209
UBFC_PHYS_s14_T1_ctrl,12,50,13.666666666666666,0.485705703496933,1.2010341204056227
UBFC_PHYS_s14_T1_ctrl,12,51,13.7,0.9639837145805359,1.0681987264132031
UBFC_PHYS_s14_T1_ctrl,12,52,13.733333333333333,1.2125294208526611,0.8598957994930626
UBFC_PHYS_s14_T1_ctrl,12,53,13.766666666666667,1.2121351957321167,0.5942894097351397
UBFC_PHYS_s14_T1_ctrl,12,54,13.8,1.0368998050689697,0.2794004576182585
UBFC_PHYS_s14_T1_ctrl,12,55,13.833333333333334,0.8500047326087952,-0.07719513555709312
UBFC_PHYS_s14_T1_ctrl,12,56,13.866666666666667,0.7346457242965698,-0.4571727255104976
UBFC_PHYS_s14_T1_ctrl,12,57,13.9,0.671474277973175,-0.8251169115936733
UBFC_PHYS_s14_T1_ctrl,12,58,13.933333333333334,0.6011210680007935,-1.1304245410864713
UBFC_PHYS_s14_T1_ctrl,12,59,13.966666666666667,0.4718209505081177,-1.3171534142188397
UBFC_PHYS_s14_T1_ctrl,12,60,14.0,0.2809547185897827,-1.3389230708818551
UBFC_PHYS_s14_T1_ctrl,12,61,14.033333333333333,0.054517608135938644,-1.1744775719265514
UBFC_PHYS_s14_T1_ctrl,12,62,14.066666666666666,-0.22934554517269135,-0.8386350650114058
UBFC_PHYS_s14_T1_ctrl,12,63,14.1,-0.5925180315971375,-0.38358434401539093
UBFC_PHYS_s14_T1_ctrl,12,64,14.133333333333333,-0.9901630282402039,0.11218370410527294
UBFC_PHYS_s14_T1_ctrl,12,65,14.166666666666666,-1.3066399097442627,0.5650872394558003
UBFC_PHYS_s14_T1_ctrl,12,66,14.2,-1.3259884119033813,0.9097049226585949
UBFC_PHYS_s14_T1_ctrl,12,67,14.233333333333333,-0.877733051776886,1.1138245963915225
UBFC_PHYS_s14_T1_ctrl,12,68,14.266666666666667,-0.11424001306295395,1.1794440395929129
UBFC_PHYS_s14_T1_ctrl,12,69,14.3,0.5802235007286072,1.1313983585620189
UBFC_PHYS_s14_T1_ctrl,12,70,14.333333333333334,1.0037791728973389,1.0006703968308313
UBFC_PHYS_s14_T1_ctrl,12,71,14.366666666666667,1.1756629943847656,0.8105823482104261
UBFC_PHYS_s14_T1_ctrl,12,72,14.4,1.1879706382751465,0.5714867811911962
UBFC_PHYS_s14_T1_ctrl,12,73,14.433333333333334,1.141387701034546,0.284954598901992
UBFC_PHYS_s14_T1_ctrl,12,74,14.466666666666667,1.092833161354065,-0.046012821230188024
UBFC_PHYS_s14_T1_ctrl,12,75,14.5,1.0519393682479858,-0.4065248968929411
UBFC_PHYS_s14_T1_ctrl,12,76,14.533333333333333,1.0056380033493042,-0.7642227929241525
UBFC_PHYS_s14_T1_ctrl,12,77,14.566666666666666,0.8913492560386658,-1.0711701672800362
UBFC_PHYS_s14_T1_ctrl,12,78,14.6,0.6687705516815186,-1.2730035990374164
UBFC_PHYS_s14_T1_ctrl,12,79,14.633333333333333,0.39822888374328613,-1.3228521511807765
UBFC_PHYS_s14_T1_ctrl,12,80,14.666666666666666,0.14013563096523285,-1.195975272342342
UBFC_PHYS_s14_T1_ctrl,12,81,14.7,-0.1214781105518341,-0.9003522920266888
UBFC_PHYS_s14_T1_ctrl,12,82,14.733333333333333,-0.40410205721855164,-0.47889489904937166
UBFC_PHYS_s14_T1_ctrl,12,83,14.766666666666667,-0.7174527645111084,-0.0010976743717394438
UBFC_PHYS_s14_T1_ctrl,12,84,14.8,-1.0541794300079346,0.45425148847375957
UBFC_PHYS_s14_T1_ctrl,12,85,14.833333333333334,-1.2469326257705688,0.8195629522316562
UBFC_PHYS_s14_T1_ctrl,12,86,14.866666666666667,-1.0633044242858887,1.0541360940714222
UBFC_PHYS_s14_T1_ctrl,12,87,14.9,-0.5207847952842712,1.1486933486622464
UBFC_PHYS_s14_T1_ctrl,12,88,14.933333333333334,0.10563494265079498,1.1179519873749815
UBFC_PHYS_s14_T1_ctrl,12,89,14.966666666666667,0.5909820795059204,0.9864928813946742
UBFC_PHYS_s14_T1_ctrl,12,90,15.0,0.8736623525619507,0.7759418638022348
UBFC_PHYS_s14_T1_ctrl,12,91,15.033333333333333,0.9477050304412842,0.49978925257803763
UBFC_PHYS_s14_T1_ctrl,12,92,15.066666666666666,0.8822523355484009,0.16738302814952413
UBFC_PHYS_s14_T1_ctrl,12,93,15.1,0.8250797390937805,-0.2064508745508014
UBFC_PHYS_s14_T1_ctrl,12,94,15.133333333333333,0.893686830997467,-0.5924289408499198
UBFC_PHYS_s14_T1_ctrl,12,95,15.166666666666666,1.049545407295227,-0.9440986426346435
UBFC_PHYS_s14_T1_ctrl,12,96,15.2,1.172762155532837,-1.2037730072287938
UBFC_PHYS_s14_T1_ctrl,12,97,15.233333333333333,1.2200491428375244,-1.3156803400577337
UBFC_PHYS_s14_T1_ctrl,12,98,15.266666666666667,1.2416508197784424,-1.242316790814047
UBFC_PHYS_s14_T1_ctrl,12,99,15.3,1.3022030591964722,-0.9788013047973724
UBFC_PHYS_s14_T1_ctrl,12,100,15.333333333333334,1.4290529489517212,-0.5598959431529054
UBFC_PHYS_s14_T1_ctrl,12,101,15.366666666666667,1.537680745124817,-0.0556373985252257
UBFC_PHYS_s14_T1_ctrl,12,102,15.4,1.4139007329940796,0.44520721622029247
UBFC_PHYS_s14_T1_ctrl,12,103,15.433333333333334,0.9110357165336609,0.8594222083889299
UBFC_PHYS_s14_T1_ctrl,12,104,15.466666666666667,0.16860924661159515,1.1317613119294354
UBFC_PHYS_s14_T1_ctrl,12,105,15.5,-0.46594980359077454,1.2453592715193462
UBFC_PHYS_s14_T1_ctrl,12,106,15.533333333333333,-0.7792159914970398,1.2162523629491946
UBFC_PHYS_s14_T1_ctrl,12,107,15.566666666666666,-0.9107692241668701,1.076788944458877
UBFC_PHYS_s14_T1_ctrl,12,108,15.6,-1.0948197841644287,0.8577348782906351
UBFC_PHYS_s14_T1_ctrl,12,109,15.633333333333333,-1.4319689273834229,0.5780731614673018
UBFC_PHYS_s14_T1_ctrl,12,110,15.666666666666666,-1.9011781215667725,0.24622168180703574
UBFC_PHYS_s14_T1_ctrl,12,111,15.7,-2.444655418395996,-0.12999715090098585
UBFC_PHYS_s14_T1_ctrl,12,112,15.733333333333333,-2.9597997665405273,-0.5313954506872095
UBFC_PHYS_s14_T1_ctrl,12,113,15.766666666666667,-3.2952311038970947,-0.9203974171077046
UBFC_PHYS_s14_T1_ctrl,12,114,15.8,-3.3375611305236816,-1.2427269375612213
UBFC_PHYS_s14_T1_ctrl,12,115,15.833333333333334,-3.1157429218292236,-1.4376141518522205
UBFC_PHYS_s14_T1_ctrl,12,116,15.866666666666667,-2.8122777938842773,-1.4536978191233667
UBFC_PHYS_s14_T1_ctrl,12,117,15.9,-2.5996973514556885,-1.2662357268309858
UBFC_PHYS_s14_T1_ctrl,12,118,15.933333333333334,-2.381174087524414,-0.8899529761998245
UBFC_PHYS_s14_T1_ctrl,12,119,15.966666666666667,-1.9015443325042725,-0.3815778208527881
UBFC_PHYS_s14_T1_ctrl,12,120,16.0,-1.2208811044692993,0.17167122252557443
UBFC_PHYS_s14_T1_ctrl,12,121,16.033333333333335,-0.7441802024841309,0.6756849618522744
UBFC_PHYS_s14_T1_ctrl,12,122,16.066666666666666,-0.5749156475067139,1.055912315878354
UBFC_PHYS_s14_T1_ctrl,12,123,16.1,-0.35594192147254944,1.2746069568150025
UBFC_PHYS_s14_T1_ctrl,12,124,16.133333333333333,0.1579633206129074,1.332135776936372
UBFC_PHYS_s14_T1_ctrl,12,125,16.166666666666668,0.7976200580596924,1.2546031596997798
UBFC_PHYS_s14_T1_ctrl,12,126,16.2,1.3293248414993286,1.0760406596816192
UBFC_PHYS_s14_T1_ctrl,12,127,16.233333333333334,1.7139300107955933,0.8241985443879192
UBFC_PHYS_s14_T1_ctrl,12,128,16.266666666666666,1.865958333015442,0.5156444131114847
UBFC_PHYS_s14_T1_ctrl,12,129,16.3,1.606794834136963,0.16049265097134097
UBFC_PHYS_s14_T1_ctrl,12,130,16.333333333333332,1.05109441280365,-0.22777704264777
UBFC_PHYS_s14_T1_ctrl,12,131,16.366666666666667,0.5892359018325806,-0.6237434776197794
UBFC_PHYS_s14_T1_ctrl,12,132,16.4,0.3776974678039551,-0.9870970671078636
UBFC_PHYS_s14_T1_ctrl,12,133,16.433333333333334,0.22426095604896545,-1.2664977031996107
UBFC_PHYS_s14_T1_ctrl,12,134,16.466666666666665,0.03232451528310776,-1.409427202972311
UBFC_PHYS_s14_T1_ctrl,12,135,16.5,-0.051519181579351425,-1.3760201234634473
UBFC_PHYS_s14_T1_ctrl,12,136,16.533333333333335,0.008103628642857075,-1.1532250367714
UBFC_PHYS_s14_T1_ctrl,12,137,16.566666666666666,0.04947628080844879,-0.7641221992250794
UBFC_PHYS_s14_T1_ctrl,12,138,16.6,0.021734917536377907,-0.2673423609351067
UBFC_PHYS_s14_T1_ctrl,12,139,16.633333333333333,-0.013103729113936424,0.2554497607101343
UBFC_PHYS_s14_T1_ctrl,12,140,16.666666666666668,-0.039831195026636124,0.7206239243812399
UBFC_PHYS_s14_T1_ctrl,12,141,16.7,-0.024904370307922363,1.0641147619830653
UBFC_PHYS_s14_T1_ctrl,12,142,16.733333333333334,0.12757456302642822,1.254587170914146
UBFC_PHYS_s14_T1_ctrl,12,143,16.766666666666666,0.39042750000953674,1.2934000646230834
UBFC_PHYS_s14_T1_ctrl,12,144,16.8,0.5778577327728271,1.2032637921458411
UBFC_PHYS_s14_T1_ctrl,12,145,16.833333333333332,0.6361005306243896,1.0129100590440168
UBFC_PHYS_s14_T1_ctrl,12,146,16.866666666666667,0.6437329053878784,0.745941911454332
UBFC_PHYS_s14_T1_ctrl,12,147,16.9,0.6023602485656738,0.41839729273312243
UBFC_PHYS_s14_T1_ctrl,12,148,16.933333333333334,0.4493180513381958,0.044069618999667916
UBFC_PHYS_s14_T1_ctrl,12,149,16.966666666666665,0.18057887256145477,-0.3572234717300738
UBFC_PHYS_s14_T1_ctrl,12,150,17.0,-0.13558818399906158,-0.7534921542538194
UBFC_PHYS_s14_T1_ctrl,12,151,17.033333333333335,-0.3747835159301758,-1.099631454882971
UBFC_PHYS_s14_T1_ctrl,12,152,17.066666666666666,-0.44296813011169434,-1.3427309746924554
UBFC_PHYS_s14_T1_ctrl,12,153,17.1,-0.36371514201164246,-1.4329847204817245
UBFC_PHYS_s14_T1_ctrl,12,154,17.133333333333333,-0.2038009613752365,-1.337754644449115
UBFC_PHYS_s14_T1_ctrl,12,155,17.166666666666668,0.001006345497444272,-1.0545958101655153
UBFC_PHYS_s14_T1_ctrl,12,156,17.2,0.11492900550365448,-0.6180919212581958
UBFC_PHYS_s14_T1_ctrl,12,157,17.233333333333334,-0.09587720036506653,-0.0962029171948113
UBFC_PHYS_s14_T1_ctrl,12,158,17.266666666666666,-0.6737706661224365,0.4248960882779502
UBFC_PHYS_s14_T1_ctrl,12,159,17.3,-1.3277627229690552,0.8632966220125908
UBFC_PHYS_s14_T1_ctrl,12,160,17.333333333333332,-1.7293788194656372,1.1621746871158918
UBFC_PHYS_s14_T1_ctrl,12,161,17.366666666666667,-1.768751859664917,1.2997320669506998
UBFC_PHYS_s14_T1_ctrl,12,162,17.4,-1.6015995740890503,1.2850369551685723
UBFC_PHYS_s14_T1_ctrl,12,163,17.433333333333334,-1.5334713459014893,1.1443731396137673
UBFC_PHYS_s14_T1_ctrl,12,164,17.466666666666665,-1.7397149801254272,0.9067562952797323
UBFC_PHYS_s14_T1_ctrl,12,165,17.5,-2.116068124771118,0.5958750718421988
UBFC_PHYS_s14_T1_ctrl,12,166,17.533333333333335,-2.3950588703155518,0.23068179255686927
UBFC_PHYS_s14_T1_ctrl,12,167,17.566666666666666,-2.381681203842163,-0.16822956897545902
UBFC_PHYS_s14_T1_ctrl,12,168,17.6,-2.1099846363067627,-0.5715859114090301
UBFC_PHYS_s14_T1_ctrl,12,169,17.633333333333333,-1.8300926685333252,-0.9382076033781666
UBFC_PHYS_s14_T1_ctrl,12,170,17.666666666666668,-1.7497975826263428,-1.2179100263982925
UBFC_PHYS_s14_T1_ctrl,12,171,17.7,-1.8249105215072632,-1.3604437992750547
UBFC_PHYS_s14_T1_ctrl,12,172,17.733333333333334,-1.8164331912994385,-1.328367985811284
UBFC_PHYS_s14_T1_ctrl,12,173,17.766666666666666,-1.4697365760803223,-1.1101585124061875
UBFC_PHYS_s14_T1_ctrl,12,174,17.8,-0.7623458504676819,-0.7287920265703027
UBFC_PHYS_s14_T1_ctrl,12,175,17.833333333333332,-0.11657761037349701,-0.24130082505141393
UBFC_PHYS_s14_T1_ctrl,12,176,17.866666666666667,-0.05225143954157829,0.2727816264624336
UBFC_PHYS_s14_T1_ctrl,12,177,17.9,-0.5125046372413635,0.7314671911483515
UBFC_PHYS_s14_T1_ctrl,12,178,17.933333333333334,-0.8740999102592468,1.0711212509532324
UBFC_PHYS_s14_T1_ctrl,12,179,17.966666666666665,-0.713678777217865,1.2590175766435123
UBFC_PHYS_s14_T1_ctrl,12,180,18.0,-0.17107459902763367,1.2933191558981285
UBFC_PHYS_s14_T1_ctrl,12,181,18.033333333333335,0.4318564832210541,1.1930955344391732
UBFC_PHYS_s14_T1_ctrl,12,182,18.066666666666666,0.9357354044914246,0.9851130647628324
UBFC_PHYS_s14_T1_ctrl,12,183,18.1,1.266547679901123,0.6941410807245522
UBFC_PHYS_s14_T1_ctrl,12,184,18.133333333333333,1.3476313352584839,0.3405915708013284
UBFC_PHYS_s14_T1_ctrl,12,185,18.166666666666668,1.2319061756134033,-0.0549584438244772
UBFC_PHYS_s14_T1_ctrl,12,186,18.2,1.119194507598877,-0.46456067410029883
UBFC_PHYS_s14_T1_ctrl,12,187,18.233333333333334,1.1266579627990723,-0.8484112489343142
UBFC_PHYS_s14_T1_ctrl,12,188,18.266666666666666,1.193518877029419,-1.1565490517509869
UBFC_PHYS_s14_T1_ctrl,12,189,18.3,1.2362152338027954,-1.3369994722483065
UBFC_PHYS_s14_T1_ctrl,12,190,18.333333333333332,1.2158527374267578,-1.3482968491871654
UBFC_PHYS_s14_T1_ctrl,12,191,18.366666666666667,1.076807975769043,-1.1729395498390638
UBFC_PHYS_s14_T1_ctrl,12,192,18.4,0.8181514739990234,-0.8273231953569142
UBFC_PHYS_s14_T1_ctrl,12,193,18.433333333333334,0.5505951642990112,-0.36343974068650314
UBFC_PHYS_s14_T1_ctrl,12,194,18.466666666666665,0.33148062229156494,0.14079512287532933
UBFC_PHYS_s14_T1_ctrl,12,195,18.5,0.0663464143872261,0.6012606619438403
UBFC_PHYS_s14_T1_ctrl,12,196,18.533333333333335,-0.2765481173992157,0.9500118935644356
UBFC_PHYS_s14_T1_ctrl,12,197,18.566666666666666,-0.49000170826911926,1.1503150376592657
UBFC_PHYS_s14_T1_ctrl,12,198,18.6,-0.36413758993148804,1.198431707975936
UBFC_PHYS_s14_T1_ctrl,12,199,18.633333333333333,0.05378534644842148,1.113676763772044
UBFC_PHYS_s14_T1_ctrl,12,200,18.666666666666668,0.5386536717414856,0.9236042310476815
UBFC_PHYS_s14_T1_ctrl,12,201,18.7,0.9263850450515747,0.6522950429293922
UBFC_PHYS_s14_T1_ctrl,12,202,18.733333333333334,1.1741421222686768,0.3170791219388563
UBFC_PHYS_s14_T1_ctrl,12,203,18.766666666666666,1.2265268564224243,-0.06602489666456712
UBFC_PHYS_s14_T1_ctrl,12,204,18.8,1.0467008352279663,-0.47297977845521294
UBFC_PHYS_s14_T1_ctrl,12,205,18.833333333333332,0.775229811668396,-0.8653318872768998
UBFC_PHYS_s14_T1_ctrl,12,206,18.866666666666667,0.6140201091766357,-1.1911578871331463
UBFC_PHYS_s14_T1_ctrl,12,207,18.9,0.5705914497375488,-1.3936151253576399
UBFC_PHYS_s14_T1_ctrl,12,208,18.933333333333334,0.4792843759059906,-1.4246001860576698
UBFC_PHYS_s14_T1_ctrl,12,209,18.966666666666665,0.23096394538879395,-1.2597612589048413
UBFC_PHYS_s14_T1_ctrl,12,210,19.0,-0.12122464179992676,-0.9102510858514573
UBFC_PHYS_s14_T1_ctrl,12,211,19.033333333333335,-0.4489670395851135,-0.42617588431317155
UBFC_PHYS_s14_T1_ctrl,12,212,19.066666666666666,-0.7052859663963318,0.11214952213878583
UBFC_PHYS_s14_T1_ctrl,12,213,19.1,-0.9314132928848267,0.6146582307316607
UBFC_PHYS_s14_T1_ctrl,12,214,19.133333333333333,-1.1171536445617676,1.0064605830873725
UBFC_PHYS_s14_T1_ctrl,12,215,19.166666666666668,-1.133432388305664,1.2461391532494732
UBFC_PHYS_s14_T1_ctrl,12,216,19.2,-0.8488651514053345,1.329481624479338
UBFC_PHYS_s14_T1_ctrl,12,217,19.233333333333334,-0.3061201274394989,1.2786977851357793
UBFC_PHYS_s14_T1_ctrl,12,218,19.266666666666666,0.21606528759002686,1.1245748280813974
UBFC_PHYS_s14_T1_ctrl,12,219,19.3,0.37195202708244324,0.8918177664452371
UBFC_PHYS_s14_T1_ctrl,12,220,19.333333333333332,0.09253876656293869,0.5947854537247745
UBFC_PHYS_s14_T1_ctrl,12,221,19.366666666666667,-0.33763545751571655,0.24411924383276873
UBFC_PHYS_s14_T1_ctrl,12,222,19.4,-0.552215576171875,-0.14162867899632617
UBFC_PHYS_s14_T1_ctrl,12,223,19.433333333333334,-0.4099038243293762,-0.5275616574156984
UBFC_PHYS_s14_T1_ctrl,12,224,19.466666666666665,-0.005105203948915005,-0.862537242646138
UBFC_PHYS_s14_T1_ctrl,12,225,19.5,0.4723278880119324,-1.0882255216180758
UBFC_PHYS_s14_T1_ctrl,12,226,19.533333333333335,0.8607633113861084,-1.154154805732187
UBFC_PHYS_s14_T1_ctrl,12,227,19.566666666666666,1.1017611026763916,-1.034184352306958
UBFC_PHYS_s14_T1_ctrl,12,228,19.6,1.1741985082626343,-0.739029819413075
UBFC_PHYS_s14_T1_ctrl,12,229,19.633333333333333,1.054755687713623,-0.31948389667002997
UBFC_PHYS_s14_T1_ctrl,12,230,19.666666666666668,0.7477700710296631,0.14323003877529655
UBFC_PHYS_s14_T1_ctrl,12,231,19.7,0.23355501890182495,0.5589073473052695
UBFC_PHYS_s14_T1_ctrl,12,232,19.733333333333334,-0.44634780287742615,0.854200579330952
UBFC_PHYS_s14_T1_ctrl,12,233,19.766666666666666,-0.9243723154067993,0.9920487790484475
UBFC_PHYS_s14_T1_ctrl,12,234,19.8,-0.7975788116455078,0.9769163873690613
UBFC_PHYS_s14_T1_ctrl,12,235,19.833333333333332,-0.24472299218177795,0.8451423718747162
UBFC_PHYS_s14_T1_ctrl,12,236,19.866666666666667,0.2719423174858093,0.6461303657432473
UBFC_PHYS_s14_T1_ctrl,12,237,19.9,0.5389916896820068,0.42298739352148984
UBFC_PHYS_s14_T1_ctrl,12,238,19.933333333333334,0.4882122874259949,0.2000099326398101
UBFC_PHYS_s14_T1_ctrl,12,239,19.966666666666665,0.11095790565013885,-0.01935079277216725
UBFC_PHYS_s14_T1_ctrl,13,0,13.0,-0.8212364315986633,-0.04977736165720671
UBFC_PHYS_s14_T1_ctrl,13,1,13.033333333333333,-0.12285814434289932,0.1402564473719523
UBFC_PHYS_s14_T1_ctrl,13,2,13.066666666666666,0.49404221773147583,0.2873250522764337
UBFC_PHYS_s14_T1_ctrl,13,3,13.1,0.8960525989532471,0.3523008839174548
UBFC_PHYS_s14_T1_ctrl,13,4,13.133333333333333,1.0672886371612549,0.30477538759922423
UBFC_PHYS_s14_T1_ctrl,13,5,13.166666666666666,1.0379981994628906,0.1308508774389202
UBFC_PHYS_s14_T1_ctrl,13,6,13.2,0.9077123999595642,-0.1590828454385704
UBFC_PHYS_s14_T1_ctrl,13,7,13.233333333333333,0.8180951476097107,-0.5268231918146222
UBFC_PHYS_s14_T1_ctrl,13,8,13.266666666666667,0.8186584115028381,-0.9103300805009753
UBFC_PHYS_s14_T1_ctrl,13,9,13.3,0.8042948842048645,-1.2354379637700792
UBFC_PHYS_s14_T1_ctrl,13,10,13.333333333333334,0.6777829527854919,-1.4323408418323733
UBFC_PHYS_s14_T1_ctrl,13,11,13.366666666666667,0.48091787099838257,-1.4521403149859304
UBFC_PHYS_s14_T1_ctrl,13,12,13.4,0.30089470744132996,-1.2790361062476316
UBFC_PHYS_s14_T1_ctrl,13,13,13.433333333333334,0.11875928193330765,-0.9351224552005107
UBFC_PHYS_s14_T1_ctrl,13,14,13.466666666666667,-0.1811290830373764,-0.47618391224571843
UBFC_PHYS_s14_T1_ctrl,13,15,13.5,-0.6454941630363464,0.021459117604848702
UBFC_PHYS_s14_T1_ctrl,13,16,13.533333333333333,-1.1011565923690796,0.48052241656542455
UBFC_PHYS_s14_T1_ctrl,13,17,13.566666666666666,-1.2247676849365234,0.8429538543899108
UBFC_PHYS_s14_T1_ctrl,13,18,13.6,-0.8582437038421631,1.0825797921373865
UBFC_PHYS_s14_T1_ctrl,13,19,13.633333333333333,-0.18087561428546906,1.2039827918431585
UBFC_PHYS_s14_T1_ctrl,13,20,13.666666666666666,0.485705703496933,1.2286242545309194
UBFC_PHYS_s14_T1_ctrl,13,21,13.7,0.9639837145805359,1.1767174986829345
UBFC_PHYS_s14_T1_ctrl,13,22,13.733333333333333,1.2125294208526611,1.0553396372252692
UBFC_PHYS_s14_T1_ctrl,13,23,13.766666666666667,1.2121351957321167,0.8588174927578963
UBFC_PHYS_s14_T1_ctrl,13,24,13.8,1.0368998050689697,0.5797225249403012
UBFC_PHYS_s14_T1_ctrl,13,25,13.833333333333334,0.8500047326087952,0.22297087542303848
UBFC_PHYS_s14_T1_ctrl,13,26,13.866666666666667,0.7346457242965698,-0.1849865325997918
UBFC_PHYS_s14_T1_ctrl,13,27,13.9,0.671474277973175,-0.5961485266774711
UBFC_PHYS_s14_T1_ctrl,13,28,13.933333333333334,0.6011210680007935,-0.9496647967557651
UBFC_PHYS_s14_T1_ctrl,13,29,13.966666666666667,0.4718209505081177,-1.1856004289659177
UBFC_PHYS_s14_T1_ctrl,13,30,14.0,0.2809547185897827,-1.2593334985952624
UBFC_PHYS_s14_T1_ctrl,13,31,14.033333333333333,0.054517608135938644,-1.1529491010178048
UBFC_PHYS_s14_T1_ctrl,13,32,14.066666666666666,-0.22934554517269135,-0.8810236092361915
UBFC_PHYS_s14_T1_ctrl,13,33,14.1,-0.5925180315971375,-0.48896240676717007
UBFC_PHYS_s14_T1_ctrl,13,34,14.133333333333333,-0.9901630282402039,-0.043086780482476696
UBFC_PHYS_s14_T1_ctrl,13,35,14.166666666666666,-1.3066399097442627,0.3858369562013262
UBFC_PHYS_s14_T1_ctrl,13,36,14.2,-1.3259884119033813,0.7401878166713884
UBFC_PHYS_s14_T1_ctrl,13,37,14.233333333333333,-0.877733051776886,0.9869036722164456
UBFC_PHYS_s14_T1_ctrl,13,38,14.266666666666667,-0.11424001306295395,1.1180598253593197
UBFC_PHYS_s14_T1_ctrl,13,39,14.3,0.5802235007286072,1.1417847842022346
UBFC_PHYS_s14_T1_ctrl,13,40,14.333333333333334,1.0037791728973389,1.0700022801371765
UBFC_PHYS_s14_T1_ctrl,13,41,14.366666666666667,1.1756629943847656,0.910617430036357
UBFC_PHYS_s14_T1_ctrl,13,42,14.4,1.1879706382751465,0.6677821609302911
UBFC_PHYS_s14_T1_ctrl,13,43,14.433333333333334,1.141387701034546,0.34833005235010656
UBFC_PHYS_s14_T1_ctrl,13,44,14.466666666666667,1.092833161354065,-0.030490356631119694
UBFC_PHYS_s14_T1_ctrl,13,45,14.5,1.0519393682479858,-0.436504208835943
UBFC_PHYS_s14_T1_ctrl,13,46,14.533333333333333,1.0056380033493042,-0.8236364251776717
UBFC_PHYS_s14_T1_ctrl,13,47,14.566666666666666,0.8913492560386658,-1.1383453032775113
UBFC_PHYS_s14_T1_ctrl,13,48,14.6,0.6687705516815186,-1.3297093695100273
UBFC_PHYS_s14_T1_ctrl,13,49,14.633333333333333,0.39822888374328613,-1.3607384498965103
UBFC_PHYS_s14_T1_ctrl,13,50,14.666666666666666,0.14013563096523285,-1.2183185812908797
UBFC_PHYS_s14_T1_ctrl,13,51,14.7,-0.1214781105518341,-0.9191125412356389
UBFC_PHYS_s14_T1_ctrl,13,52,14.733333333333333,-0.40410205721855164,-0.5088226185556993
UBFC_PHYS_s14_T1_ctrl,13,53,14.766666666666667,-0.7174527645111084,-0.053353947750011635
UBFC_PHYS_s14_T1_ctrl,13,54,14.8,-1.0541794300079346,0.376836773471688
UBFC_PHYS_s14_T1_ctrl,13,55,14.833333333333334,-1.2469326257705688,0.7243384074759794
UBFC_PHYS_s14_T1_ctrl,13,56,14.866666666666667,-1.0633044242858887,0.9571105043959087
UBFC_PHYS_s14_T1_ctrl,13,57,14.9,-0.5207847952842712,1.0699135489208749
UBFC_PHYS_s14_T1_ctrl,13,58,14.933333333333334,0.10563494265079498,1.0751237380146599
UBFC_PHYS_s14_T1_ctrl,13,59,14.966666666666667,0.5909820795059204,0.9892582119998298
UBFC_PHYS_s14_T1_ctrl,13,60,15.0,0.8736623525619507,0.8232385427089121
UBFC_PHYS_s14_T1_ctrl,13,61,15.033333333333333,0.9477050304412842,0.5813215864437912
UBFC_PHYS_s14_T1_ctrl,13,62,15.066666666666666,0.8822523355484009,0.2681947094325892
UBFC_PHYS_s14_T1_ctrl,13,63,15.1,0.8250797390937805,-0.10077094723220822
UBFC_PHYS_s14_T1_ctrl,13,64,15.133333333333333,0.893686830997467,-0.4923785953938623
UBFC_PHYS_s14_T1_ctrl,13,65,15.166666666666666,1.049545407295227,-0.8558460191553295
UBFC_PHYS_s14_T1_ctrl,13,66,15.2,1.172762155532837,-1.131061984951136
UBFC_PHYS_s14_T1_ctrl,13,67,15.233333333333333,1.2200491428375244,-1.2623355136124332
UBFC_PHYS_s14_T1_ctrl,13,68,15.266666666666667,1.2416508197784424,-1.2136659094411721
UBFC_PHYS_s14_T1_ctrl,13,69,15.3,1.3022030591964722,-0.9812052308782548
UBFC_PHYS_s14_T1_ctrl,13,70,15.333333333333334,1.4290529489517212,-0.5985448177794594
UBFC_PHYS_s14_T1_ctrl,13,71,15.366666666666667,1.537680745124817,-0.1314340559297234
UBFC_PHYS_s14_T1_ctrl,13,72,15.4,1.4139007329940796,0.33844370943716734
UBFC_PHYS_s14_T1_ctrl,13,73,15.433333333333334,0.9110357165336609,0.7360609130810608
UBFC_PHYS_s14_T1_ctrl,13,74,15.466666666666667,0.16860924661159515,1.0127597465870166
UBFC_PHYS_s14_T1_ctrl,13,75,15.5,-0.46594980359077454,1.153882559431396
UBFC_PHYS_s14_T1_ctrl,13,76,15.533333333333333,-0.7792159914970398,1.1716760690303227
UBFC_PHYS_s14_T1_ctrl,13,77,15.566666666666666,-0.9107692241668701,1.0892558423816259
UBFC_PHYS_s14_T1_ctrl,13,78,15.6,-1.0948197841644287,0.9255828797083251
UBFC_PHYS_s14_T1_ctrl,13,79,15.633333333333333,-1.4319689273834229,0.689327997105398
UBFC_PHYS_s14_T1_ctrl,13,80,15.666666666666666,-1.9011781215667725,0.38322288551078815
UBFC_PHYS_s14_T1_ctrl,13,81,15.7,-2.444655418395996,0.014505399965829537
UBFC_PHYS_s14_T1_ctrl,13,82,15.733333333333333,-2.9597997665405273,-0.39507536111846586
UBFC_PHYS_s14_T1_ctrl,13,83,15.766666666666667,-3.2952311038970947,-0.8047799062333918
UBFC_PHYS_s14_T1_ctrl,13,84,15.8,-3.3375611305236816,-1.1581337588703084
UBFC_PHYS_s14_T1_ctrl,13,85,15.833333333333334,-3.1157429218292236,-1.3933581449414758
UBFC_PHYS_s14_T1_ctrl,13,86,15.866666666666667,-2.8122777938842773,-1.4583809221584245
UBFC_PHYS_s14_T1_ctrl,13,87,15.9,-2.5996973514556885,-1.326430422428699
UBFC_PHYS_s14_T1_ctrl,13,88,15.933333333333334,-2.381174087524414,-1.0073075982515778
UBFC_PHYS_s14_T1_ctrl,13,89,15.966666666666667,-1.9015443325042725,-0.5494650670908002
UBFC_PHYS_s14_T1_ctrl,13,90,16.0,-1.2208811044692993,-0.02991999923746905
UBFC_PHYS_s14_T1_ctrl,13,91,16.033333333333335,-0.7441802024841309,0.46628490135644457
UBFC_PHYS_s14_T1_ctrl,13,92,16.066666666666666,-0.5749156475067139,0.8692322485087164
UBFC_PHYS_s14_T1_ctrl,13,93,16.1,-0.35594192147254944,1.1394809725528336
UBFC_PHYS_s14_T1_ctrl,13,94,16.133333333333333,0.1579633206129074,1.2694982775780377
UBFC_PHYS_s14_T1_ctrl,13,95,16.166666666666668,0.7976200580596924,1.2729993079996222
UBFC_PHYS_s14_T1_ctrl,13,96,16.2,1.3293248414993286,1.1699670359956091
UBFC_PHYS_s14_T1_ctrl,13,97,16.233333333333334,1.7139300107955933,0.975939772282431
UBFC_PHYS_s14_T1_ctrl,13,98,16.266666666666666,1.865958333015442,0.7001013321708028
UBFC_PHYS_s14_T1_ctrl,13,99,16.3,1.606794834136963,0.3510824072672019
UBFC_PHYS_s14_T1_ctrl,13,100,16.333333333333332,1.05109441280365,-0.05424659809443682
UBFC_PHYS_s14_T1_ctrl,13,101,16.366666666666667,0.5892359018325806,-0.4842044580858377
UBFC_PHYS_s14_T1_ctrl,13,102,16.4,0.3776974678039551,-0.8913395466648042
UBFC_PHYS_s14_T1_ctrl,13,103,16.433333333333334,0.22426095604896545,-1.217930727727582
UBFC_PHYS_s14_T1_ctrl,13,104,16.466666666666665,0.03232451528310776,-1.4068194122371422
UBFC_PHYS_s14_T1_ctrl,13,105,16.5,-0.051519181579351425,-1.4151459224297245
UBFC_PHYS_s14_T1_ctrl,13,106,16.533333333333335,0.008103628642857075,-1.227543256827297
UBFC_PHYS_s14_T1_ctrl,13,107,16.566666666666666,0.04947628080844879,-0.8645144358468843
UBFC_PHYS_s14_T1_ctrl,13,108,16.6,0.021734917536377907,-0.38175850847219545
UBFC_PHYS_s14_T1_ctrl,13,109,16.633333333333333,-0.013103729113936424,0.1414561906217174
UBFC_PHYS_s14_T1_ctrl,13,110,16.666666666666668,-0.039831195026636124,0.6220031776196551
UBFC_PHYS_s14_T1_ctrl,13,111,16.7,-0.024904370307922363,0.9933815864162392
UBFC_PHYS_s14_T1_ctrl,13,112,16.733333333333334,0.12757456302642822,1.2187692147011688
UBFC_PHYS_s14_T1_ctrl,13,113,16.766666666666666,0.39042750000953674,1.2920543355442804
UBFC_PHYS_s14_T1_ctrl,13,114,16.8,0.5778577327728271,1.2285676422116112
UBFC_PHYS_s14_T1_ctrl,13,115,16.833333333333332,0.6361005306243896,1.0521557251356513
UBFC_PHYS_s14_T1_ctrl,13,116,16.866666666666667,0.6437329053878784,0.785630032543066
UBFC_PHYS_s14_T1_ctrl,13,117,16.9,0.6023602485656738,0.44819395115221133
UBFC_PHYS_s14_T1_ctrl,13,118,16.933333333333334,0.4493180513381958,0.05902004718569355
UBFC_PHYS_s14_T1_ctrl,13,119,16.966666666666665,0.18057887256145477,-0.3567511177774905
UBFC_PHYS_s14_T1_ctrl,13,120,17.0,-0.13558818399906158,-0.763609072737867
UBFC_PHYS_s14_T1_ctrl,13,121,17.033333333333335,-0.3747835159301758,-1.1154794157800085
UBFC_PHYS_s14_T1_ctrl,13,122,17.066666666666666,-0.44296813011169434,-1.3607026912727185
UBFC_PHYS_s14_T1_ctrl,13,123,17.1,-0.36371514201164246,-1.451725574405427
UBFC_PHYS_s14_T1_ctrl,13,124,17.133333333333333,-0.2038009613752365,-1.3576382567063183
UBFC_PHYS_s14_T1_ctrl,13,125,17.166666666666668,0.001006345497444272,-1.0761174884715117
UBFC_PHYS_s14_T1_ctrl,13,126,17.2,0.11492900550365448,-0.6400442108609735
UBFC_PHYS_s14_T1_ctrl,13,127,17.233333333333334,-0.09587720036506653,-0.11444993720936163
UBFC_PHYS_s14_T1_ctrl,13,128,17.266666666666666,-0.6737706661224365,0.41745905019517354
UBFC_PHYS_s14_T1_ctrl,13,129,17.3,-1.3277627229690552,0.8752725648289307
UBFC_PHYS_s14_T1_ctrl,13,130,17.333333333333332,-1.7293788194656372,1.2007859096469504
UBFC_PHYS_s14_T1_ctrl,13,131,17.366666666666667,-1.768751859664917,1.3673481733755164
UBFC_PHYS_s14_T1_ctrl,13,132,17.4,-1.6015995740890503,1.3767061289394709
UBFC_PHYS_s14_T1_ctrl,13,133,17.433333333333334,-1.5334713459014893,1.2480868805607408
UBFC_PHYS_s14_T1_ctrl,13,134,17.466666666666665,-1.7397149801254272,1.0070044580507633
UBFC_PHYS_s14_T1_ctrl,13,135,17.5,-2.116068124771118,0.6790146984952085
UBFC_PHYS_s14_T1_ctrl,13,136,17.533333333333335,-2.3950588703155518,0.2892135887472889
UBFC_PHYS_s14_T1_ctrl,13,137,17.566666666666666,-2.381681203842163,-0.13496804339214893
UBFC_PHYS_s14_T1_ctrl,13,138,17.6,-2.1099846363067627,-0.5605203600531794
UBFC_PHYS_s14_T1_ctrl,13,139,17.633333333333333,-1.8300926685333252,-0.9470455206784638
UBFC_PHYS_s14_T1_ctrl,13,140,17.666666666666668,-1.7497975826263428,-1.2478883532341223
UBFC_PHYS_s14_T1_ctrl,13,141,17.7,-1.8249105215072632,-1.4155543425508743
UBFC_PHYS_s14_T1_ctrl,13,142,17.733333333333334,-1.8164331912994385,-1.4116375489263397
UBFC_PHYS_s14_T1_ctrl,13,143,17.766666666666666,-1.4697365760803223,-1.2192572943793691
UBFC_PHYS_s14_T1_ctrl,13,144,17.8,-0.7623458504676819,-0.8535826956124105
UBFC_PHYS_s14_T1_ctrl,13,145,17.833333333333332,-0.11657761037349701,-0.3648812265124126
UBFC_PHYS_s14_T1_ctrl,13,146,17.866666666666667,-0.05225143954157829,0.16988503507074468
UBFC_PHYS_s14_T1_ctrl,13,147,17.9,-0.5125046372413635,0.6658721540926991
UBFC_PHYS_s14_T1_ctrl,13,148,17.933333333333334,-0.8740999102592468,1.052050354925666
UBFC_PHYS_s14_T1_ctrl,13,149,17.966666666666665,-0.713678777217865,1.2858275340193956
UBFC_PHYS_s14_T1_ctrl,13,150,18.0,-0.17107459902763367,1.3553958552192744
UBFC_PHYS_s14_T1_ctrl,13,151,18.033333333333335,0.4318564832210541,1.2721514883185858
UBFC_PHYS_s14_T1_ctrl,13,152,18.066666666666666,0.9357354044914246,1.059770345705422
UBFC_PHYS_s14_T1_ctrl,13,153,18.1,1.266547679901123,0.7459340531880314
UBFC_PHYS_s14_T1_ctrl,13,154,18.133333333333333,1.3476313352584839,0.35922715808416705
UBFC_PHYS_s14_T1_ctrl,13,155,18.166666666666668,1.2319061756134033,-0.0697425502205994
UBFC_PHYS_s14_T1_ctrl,13,156,18.2,1.119194507598877,-0.5054891959415138
UBFC_PHYS_s14_T1_ctrl,13,157,18.233333333333334,1.1266579627990723,-0.90559236318735
UBFC_PHYS_s14_T1_ctrl,13,158,18.266666666666666,1.193518877029419,-1.2216563170483534
UBFC_PHYS_s14_T1_ctrl,13,159,18.3,1.2362152338027954,-1.404804177267137
UBFC_PHYS_s14_T1_ctrl,13,160,18.333333333333332,1.2158527374267578,-1.4157014391287175
UBFC_PHYS_s14_T1_ctrl,13,161,18.366666666666667,1.076807975769043,-1.2368929541868403
UBFC_PHYS_s14_T1_ctrl,13,162,18.4,0.8181514739990234,-0.8830815707021805
UBFC_PHYS_s14_T1_ctrl,13,163,18.433333333333334,0.5505951642990112,-0.403976900352163
UBFC_PHYS_s14_T1_ctrl,13,164,18.466666666666665,0.33148062229156494,0.12422773456112117
UBFC_PHYS_s14_T1_ctrl,13,165,18.5,0.0663464143872261,0.6178107700158799
UBFC_PHYS_s14_T1_ctrl,13,166,18.533333333333335,-0.2765481173992157,1.007304323219008
UBFC_PHYS_s14_T1_ctrl,13,167,18.566666666666666,-0.49000170826911926,1.2517858464962008
UBFC_PHYS_s14_T1_ctrl,13,168,18.6,-0.36413758993148804,1.3401652044714296
UBFC_PHYS_s14_T1_ctrl,13,169,18.633333333333333,0.05378534644842148,1.2820967664228076
UBFC_PHYS_s14_T1_ctrl,13,170,18.666666666666668,0.5386536717414856,1.0961948921352322
UBFC_PHYS_s14_T1_ctrl,13,171,18.7,0.9263850450515747,0.8027762667878994
UBFC_PHYS_s14_T1_ctrl,13,172,18.733333333333334,1.1741421222686768,0.42381212579407024
UBFC_PHYS_s14_T1_ctrl,13,173,18.766666666666666,1.2265268564224243,-0.012236449159745375
UBFC_PHYS_s14_T1_ctrl,13,174,18.8,1.0467008352279663,-0.46539205897291036
UBFC_PHYS_s14_T1_ctrl,13,175,18.833333333333332,0.775229811668396,-0.8831154783925605
UBFC_PHYS_s14_T1_ctrl,13,176,18.866666666666667,0.6140201091766357,-1.2053660034073654
UBFC_PHYS_s14_T1_ctrl,13,177,18.9,0.5705914497375488,-1.3754663474653772
UBFC_PHYS_s14_T1_ctrl,13,178,18.933333333333334,0.4792843759059906,-1.3543172278046016
UBFC_PHYS_s14_T1_ctrl,13,179,18.966666666666665,0.23096394538879395,-1.133802623732097
UBFC_PHYS_s14_T1_ctrl,13,180,19.0,-0.12122464179992676,-0.7442490337821549
UBFC_PHYS_s14_T1_ctrl,13,181,19.033333333333335,-0.4489670395851135,-0.2513905151227889
UBFC_PHYS_s14_T1_ctrl,13,182,19.066666666666666,-0.7052859663963318,0.25873127622096403
UBFC_PHYS_s14_T1_ctrl,13,183,19.1,-0.9314132928848267,0.7030867275832259
UBFC_PHYS_s14_T1_ctrl,13,184,19.133333333333333,-1.1171536445617676,1.0236961223913599
UBFC_PHYS_s14_T1_ctrl,13,185,19.166666666666668,-1.133432388305664,1.1979750223627685
UBFC_PHYS_s14_T1_ctrl,13,186,19.2,-0.8488651514053345,1.2333413966050226
UBFC_PHYS_s14_T1_ctrl,13,187,19.233333333333334,-0.3061201274394989,1.1512653473907006
UBFC_PHYS_s14_T1_ctrl,13,188,19.266666666666666,0.21606528759002686,0.97141905381129
UBFC_PHYS_s14_T1_ctrl,13,189,19.3,0.37195202708244324,0.7050914659474964
UBFC_PHYS_s14_T1_ctrl,13,190,19.333333333333332,0.09253876656293869,0.3599314729740657
UBFC_PHYS_s14_T1_ctrl,13,191,19.366666666666667,-0.33763545751571655,-0.049153298551100455
UBFC_PHYS_s14_T1_ctrl,13,192,19.4,-0.552215576171875,-0.4906291122072429
UBFC_PHYS_s14_T1_ctrl,13,193,19.433333333333334,-0.4099038243293762,-0.9141088759505681
UBFC_PHYS_s14_T1_ctrl,13,194,19.466666666666665,-0.005105203948915005,-1.2569670430806512
UBFC_PHYS_s14_T1_ctrl,13,195,19.5,0.4723278880119324,-1.4579197418145782
UBFC_PHYS_s14_T1_ctrl,13,196,19.533333333333335,0.8607633113861084,-1.4734522842079778
UBFC_PHYS_s14_T1_ctrl,13,197,19.566666666666666,1.1017611026763916,-1.291980119337687
UBFC_PHYS_s14_T1_ctrl,13,198,19.6,1.1741985082626343,-0.9406075291074562
UBFC_PHYS_s14_T1_ctrl,13,199,19.633333333333333,1.054755687713623,-0.480723788478701
UBFC_PHYS_s14_T1_ctrl,13,200,19.666666666666668,0.7477700710296631,0.007981630932511963
UBFC_PHYS_s14_T1_ctrl,13,201,19.7,0.23355501890182495,0.45027281674646663
UBFC_PHYS_s14_T1_ctrl,13,202,19.733333333333334,-0.44634780287742615,0.7951232081396853
UBFC_PHYS_s14_T1_ctrl,13,203,19.766666666666666,-0.9243723154067993,1.0228057092576357
UBFC_PHYS_s14_T1_ctrl,13,204,19.8,-0.7975788116455078,1.1368808400197343
UBFC_PHYS_s14_T1_ctrl,13,205,19.833333333333332,-0.24472299218177795,1.147936388966964
UBFC_PHYS_s14_T1_ctrl,13,206,19.866666666666667,0.2719423174858093,1.060389097056762
UBFC_PHYS_s14_T1_ctrl,13,207,19.9,0.5389916896820068,0.8706483073500374
UBFC_PHYS_s14_T1_ctrl,13,208,19.933333333333334,0.4882122874259949,0.5767436908380751
UBFC_PHYS_s14_T1_ctrl,13,209,19.966666666666665,0.11095790565013885,0.19220371698259003
UBFC_PHYS_s14_T1_ctrl,13,210,20.0,-0.29316475987434387,-0.24460891266475152
UBFC_PHYS_s14_T1_ctrl,13,211,20.033333333333335,-0.3434653580188751,-0.6711597409450382
UBFC_PHYS_s14_T1_ctrl,13,212,20.066666666666666,-0.15293709933757782,-1.0120464524769355
UBFC_PHYS_s14_T1_ctrl,13,213,20.1,-0.06267205625772476,-1.1974966289889761
UBFC_PHYS_s14_T1_ctrl,13,214,20.133333333333333,-0.1493602991104126,-1.1831428819552776
UBFC_PHYS_s14_T1_ctrl,13,215,20.166666666666668,-0.22486750781536102,-0.9644976970605111
UBFC_PHYS_s14_T1_ctrl,13,216,20.2,-0.12494226545095444,-0.5806495784123016
UBFC_PHYS_s14_T1_ctrl,13,217,20.233333333333334,0.0655578225851059,-0.10467235250829349
UBFC_PHYS_s14_T1_ctrl,13,218,20.266666666666666,0.02505824901163578,0.3771635559970071
UBFC_PHYS_s14_T1_ctrl,13,219,20.3,-0.3793460726737976,0.790208607359399
UBFC_PHYS_s14_T1_ctrl,13,220,20.333333333333332,-0.8251793384552002,1.089921780464823
UBFC_PHYS_s14_T1_ctrl,13,221,20.366666666666667,-0.9349619150161743,1.2656960837940396
UBFC_PHYS_s14_T1_ctrl,13,222,20.4,-0.6532673835754395,1.3294969710230091
UBFC_PHYS_s14_T1_ctrl,13,223,20.433333333333334,-0.15020520985126495,1.2973489581357234
UBFC_PHYS_s14_T1_ctrl,13,224,20.466666666666665,0.38544249534606934,1.1751096406850279
UBFC_PHYS_s14_T1_ctrl,13,225,20.5,0.8043793439865112,0.9565245850583325
UBFC_PHYS_s14_T1_ctrl,13,226,20.533333333333335,1.01819908618927,0.6337103593267526
UBFC_PHYS_s14_T1_ctrl,13,227,20.566666666666666,1.0414342880249023,0.2130457543927923
UBFC_PHYS_s14_T1_ctrl,13,228,20.6,0.9192032814025879,-0.27289644514334854
UBFC_PHYS_s14_T1_ctrl,13,229,20.633333333333333,0.751037061214447,-0.7642117827122592
UBFC_PHYS_s14_T1_ctrl,13,230,20.666666666666668,0.679895281791687,-1.185086928908096
UBFC_PHYS_s14_T1_ctrl,13,231,20.7,0.7114387154579163,-1.4642944782057166
UBFC_PHYS_s14_T1_ctrl,13,232,20.733333333333334,0.6816695928573608,-1.5575846573778647
UBFC_PHYS_s14_T1_ctrl,13,233,20.766666666666666,0.5085465908050537,-1.4635850450416699
UBFC_PHYS_s14_T1_ctrl,13,234,20.8,0.2594093978404999,-1.2263592704520616
UBFC_PHYS_s14_T1_ctrl,13,235,20.833333333333332,-0.07010730355978012,-0.9219936421312841
UBFC_PHYS_s14_T1_ctrl,13,236,20.866666666666667,-0.5179120898246765,-0.6325959031312492
UBFC_PHYS_s14_T1_ctrl,13,237,20.9,-0.9611542820930481,-0.4168867055571898
UBFC_PHYS_s14_T1_ctrl,13,238,20.933333333333334,-1.160047173500061,-0.2894527638690559
UBFC_PHYS_s14_T1_ctrl,13,239,20.966666666666665,-0.9684205651283264,-0.21820812521963634
UBFC_PHYS_s14_T1_ctrl,14,0,14.0,0.2809547185897827,0.1091813599945792
UBFC_PHYS_s14_T1_ctrl,14,1,14.033333333333333,0.054517608135938644,0.2495847366744146
UBFC_PHYS_s14_T1_ctrl,14,2,14.066666666666666,-0.22934554517269135,0.42408618652967367
UBFC_PHYS_s14_T1_ctrl,14,3,14.1,-0.5925180315971375,0.6518310603361396
UBFC_PHYS_s14_T1_ctrl,14,4,14.133333333333333,-0.9901630282402039,0.9230755215185626
UBFC_PHYS_s14_T1_ctrl,14,5,14.166666666666666,-1.3066399097442627,1.2020856046885489
UBFC_PHYS_s14_T1_ctrl,14,6,14.2,-1.3259884119033813,1.4406160506560415
UBFC_PHYS_s14_T1_ctrl,14,7,14.233333333333333,-0.877733051776886,1.5945750280027318
UBFC_PHYS_s14_T1_ctrl,14,8,14.266666666666667,-0.11424001306295395,1.636065408353732
UBFC_PHYS_s14_T1_ctrl,14,9,14.3,0.5802235007286072,1.5568044833832668
UBFC_PHYS_s14_T1_ctrl,14,10,14.333333333333334,1.0037791728973389,1.3641654039198237
UBFC_PHYS_s14_T1_ctrl,14,11,14.366666666666667,1.1756629943847656,1.0744772457328733
UBFC_PHYS_s14_T1_ctrl,14,12,14.4,1.1879706382751465,0.7080206324797614
UBFC_PHYS_s14_T1_ctrl,14,13,14.433333333333334,1.141387701034546,0.287544195693941
UBFC_PHYS_s14_T1_ctrl,14,14,14.466666666666667,1.092833161354065,-0.16053697264107908
UBFC_PHYS_s14_T1_ctrl,14,15,14.5,1.0519393682479858,-0.6043862973568294
UBFC_PHYS_s14_T1_ctrl,14,16,14.533333333333333,1.0056380033493042,-1.0063083706823828
UBFC_PHYS_s14_T1_ctrl,14,17,14.566666666666666,0.8913492560386658,-1.3246369508521787
UBFC_PHYS_s14_T1_ctrl,14,18,14.6,0.6687705516815186,-1.5183705856485883
UBFC_PHYS_s14_T1_ctrl,14,19,14.633333333333333,0.39822888374328613,-1.5545208593051416
UBFC_PHYS_s14_T1_ctrl,14,20,14.666666666666666,0.14013563096523285,-1.4172302745485716
UBFC_PHYS_s14_T1_ctrl,14,21,14.7,-0.1214781105518341,-1.1161901010184607
UBFC_PHYS_s14_T1_ctrl,14,22,14.733333333333333,-0.40410205721855164,-0.6904403324500935
UBFC_PHYS_s14_T1_ctrl,14,23,14.766666666666667,-0.7174527645111084,-0.20387992777670788
UBFC_PHYS_s14_T1_ctrl,14,24,14.8,-1.0541794300079346,0.2682343991315249
UBFC_PHYS_s14_T1_ctrl,14,25,14.833333333333334,-1.2469326257705688,0.6578606955865096
UBFC_PHYS_s14_T1_ctrl,14,26,14.866666666666667,-1.0633044242858887,0.9201596660142275
UBFC_PHYS_s14_T1_ctrl,14,27,14.9,-0.5207847952842712,1.0397543474436204
UBFC_PHYS_s14_T1_ctrl,14,28,14.933333333333334,0.10563494265079498,1.0256090087831233
UBFC_PHYS_s14_T1_ctrl,14,29,14.966666666666667,0.5909820795059204,0.8992770265054276
UBFC_PHYS_s14_T1_ctrl,14,30,15.0,0.8736623525619507,0.6838849000720356
UBFC_PHYS_s14_T1_ctrl,14,31,15.033333333333333,0.9477050304412842,0.3991468188723188
UBFC_PHYS_s14_T1_ctrl,14,32,15.066666666666666,0.8822523355484009,0.06309213414572411
UBFC_PHYS_s14_T1_ctrl,14,33,15.1,0.8250797390937805,-0.3025944679737745
UBFC_PHYS_s14_T1_ctrl,14,34,15.133333333333333,0.893686830997467,-0.6675559066880576
UBFC_PHYS_s14_T1_ctrl,14,35,15.166666666666666,1.049545407295227,-0.9909144613481061
UBFC_PHYS_s14_T1_ctrl,14,36,15.2,1.172762155532837,-1.2242570007106133
UBFC_PHYS_s14_T1_ctrl,14,37,15.233333333333333,1.2200491428375244,-1.319953833520724
UBFC_PHYS_s14_T1_ctrl,14,38,15.266666666666667,1.2416508197784424,-1.2435717060157436
UBFC_PHYS_s14_T1_ctrl,14,39,15.3,1.3022030591964722,-0.9869394012874577
UBFC_PHYS_s14_T1_ctrl,14,40,15.333333333333334,1.4290529489517212,-0.5766682990577258
UBFC_PHYS_s14_T1_ctrl,14,41,15.366666666666667,1.537680745124817,-0.07303395240667368
UBFC_PHYS_s14_T1_ctrl,14,42,15.4,1.4139007329940796,0.4429150996754864
UBFC_PHYS_s14_T1_ctrl,14,43,15.433333333333334,0.9110357165336609,0.8906768684921845
UBFC_PHYS_s14_T1_ctrl,14,44,15.466666666666667,0.16860924661159515,1.2112270156570786
UBFC_PHYS_s14_T1_ctrl,14,45,15.5,-0.46594980359077454,1.3779471541473236
UBFC_PHYS_s14_T1_ctrl,14,46,15.533333333333333,-0.7792159914970398,1.39382001653316
UBFC_PHYS_s14_T1_ctrl,14,47,15.566666666666666,-0.9107692241668701,1.279150815351254
UBFC_PHYS_s14_T1_ctrl,14,48,15.6,-1.0948197841644287,1.0581883836416477
UBFC_PHYS_s14_T1_ctrl,14,49,15.633333333333333,-1.4319689273834229,0.7515589881145939
UBFC_PHYS_s14_T1_ctrl,14,50,15.666666666666666,-1.9011781215667725,0.3764577504025441
UBFC_PHYS_s14_T1_ctrl,14,51,15.7,-2.444655418395996,-0.04799689624750898
UBFC_PHYS_s14_T1_ctrl,14,52,15.733333333333333,-2.9597997665405273,-0.494253574800582
UBFC_PHYS_s14_T1_ctrl,14,53,15.766666666666667,-3.2952311038970947,-0.9219822754111021
UBFC_PHYS_s14_T1_ctrl,14,54,15.8,-3.3375611305236816,-1.278440819108075
UBFC_PHYS_s14_T1_ctrl,14,55,15.833333333333334,-3.1157429218292236,-1.50524408256978
UBFC_PHYS_s14_T1_ctrl,14,56,15.866666666666667,-2.8122777938842773,-1.5514099380294002
UBFC_PHYS_s14_T1_ctrl,14,57,15.9,-2.5996973514556885,-1.389675908422239
UBFC_PHYS_s14_T1_ctrl,14,58,15.933333333333334,-2.381174087524414,-1.0301446745594838
UBFC_PHYS_s14_T1_ctrl,14,59,15.966666666666667,-1.9015443325042725,-0.5243048314491071
UBFC_PHYS_s14_T1_ctrl,14,60,16.0,-1.2208811044692993,0.04493022866805934
UBFC_PHYS_s14_T1_ctrl,14,61,16.033333333333335,-0.7441802024841309,0.5852684730851309
UBFC_PHYS_s14_T1_ctrl,14,62,16.066666666666666,-0.5749156475067139,1.020114690070784
UBFC_PHYS_s14_T1_ctrl,14,63,16.1,-0.35594192147254944,1.3051876212415576
UBFC_PHYS_s14_T1_ctrl,14,64,16.133333333333333,0.1579633206129074,1.4304545051390056
UBFC_PHYS_s14_T1_ctrl,14,65,16.166666666666668,0.7976200580596924,1.4097598184865126
UBFC_PHYS_s14_T1_ctrl,14,66,16.2,1.3293248414993286,1.2660945759959246
UBFC_PHYS_s14_T1_ctrl,14,67,16.233333333333334,1.7139300107955933,1.0206156783657718
UBFC_PHYS_s14_T1_ctrl,14,68,16.266666666666666,1.865958333015442,0.6895503482239362
UBFC_PHYS_s14_T1_ctrl,14,69,16.3,1.606794834136963,0.2882316930664689
UBFC_PHYS_s14_T1_ctrl,14,70,16.333333333333332,1.05109441280365,-0.16146607717600076
UBFC_PHYS_s14_T1_ctrl,14,71,16.366666666666667,0.5892359018325806,-0.62468795996323
UBFC_PHYS_s14_T1_ctrl,14,72,16.4,0.3776974678039551,-1.0517774592129772
UBFC_PHYS_s14_T1_ctrl,14,73,16.433333333333334,0.22426095604896545,-1.3830828889528537
UBFC_PHYS_s14_T1_ctrl,14,74,16.466666666666665,0.03232451528310776,-1.5602409606029577
UBFC_PHYS_s14_T1_ctrl,14,75,16.5,-0.051519181579351425,-1.5413518064678964
UBFC_PHYS_s14_T1_ctrl,14,76,16.533333333333335,0.008103628642857075,-1.3152936567406208
UBFC_PHYS_s14_T1_ctrl,14,77,16.566666666666666,0.04947628080844879,-0.9095602190293999
UBFC_PHYS_s14_T1_ctrl,14,78,16.6,0.021734917536377907,-0.38736026020683956
UBFC_PHYS_s14_T1_ctrl,14,79,16.633333333333333,-0.013103729113936424,0.16658328981924853
UBFC_PHYS_s14_T1_ctrl,14,80,16.666666666666668,-0.039831195026636124,0.6672208442026247
UBFC_PHYS_s14_T1_ctrl,14,81,16.7,-0.024904370307922363,1.0494885490848473
UBFC_PHYS_s14_T1_ctrl,14,82,16.733333333333334,0.12757456302642822,1.2799271438940578
UBFC_PHYS_s14_T1_ctrl,14,83,16.766666666666666,0.39042750000953674,1.3558220719023737
UBFC_PHYS_s14_T1_ctrl,14,84,16.8,0.5778577327728271,1.2942806058386
UBFC_PHYS_s14_T1_ctrl,14,85,16.833333333333332,0.6361005306243896,1.1183581354990642
UBFC_PHYS_s14_T1_ctrl,14,86,16.866666666666667,0.6437329053878784,0.8476910081423752
UBFC_PHYS_s14_T1_ctrl,14,87,16.9,0.6023602485656738,0.49746965894468426
UBFC_PHYS_s14_T1_ctrl,14,88,16.933333333333334,0.4493180513381958,0.08452143797011323
UBFC_PHYS_s14_T1_ctrl,14,89,16.966666666666665,0.18057887256145477,-0.3643354841770192
UBFC_PHYS_s14_T1_ctrl,14,90,17.0,-0.13558818399906158,-0.807008101236613
UBFC_PHYS_s14_T1_ctrl,14,91,17.033333333333335,-0.3747835159301758,-1.1873600823376456
UBFC_PHYS_s14_T1_ctrl,14,92,17.066666666666666,-0.44296813011169434,-1.443725815452105
UBFC_PHYS_s14_T1_ctrl,14,93,17.1,-0.36371514201164246,-1.5228718772635752
UBFC_PHYS_s14_T1_ctrl,14,94,17.133333333333333,-0.2038009613752365,-1.395452155029333
UBFC_PHYS_s14_T1_ctrl,14,95,17.166666666666668,0.001006345497444272,-1.0678572855596868
UBFC_PHYS_s14_T1_ctrl,14,96,17.2,0.11492900550365448,-0.5856657576415428
UBFC_PHYS_s14_T1_ctrl,14,97,17.233333333333334,-0.09587720036506653,-0.025923242866120317
UBFC_PHYS_s14_T1_ctrl,14,98,17.266666666666666,-0.6737706661224365,0.5208984695115639
UBFC_PHYS_s14_T1_ctrl,14,99,17.3,-1.3277627229690552,0.973808419475453
UBFC_PHYS_s14_T1_ctrl,14,100,17.333333333333332,-1.7293788194656372,1.2800315633011112
UBFC_PHYS_s14_T1_ctrl,14,101,17.366666666666667,-1.768751859664917,1.4215590345956084
UBFC_PHYS_s14_T1_ctrl,14,102,17.4,-1.6015995740890503,1.4081755001043128
UBFC_PHYS_s14_T1_ctrl,14,103,17.433333333333334,-1.5334713459014893,1.2631412912655886
UBFC_PHYS_s14_T1_ctrl,14,104,17.466666666666665,-1.7397149801254272,1.0104993084321348
UBFC_PHYS_s14_T1_ctrl,14,105,17.5,-2.116068124771118,0.6701279368058777
UBFC_PHYS_s14_T1_ctrl,14,106,17.533333333333335,-2.3950588703155518,0.26089847339307265
UBFC_PHYS_s14_T1_ctrl,14,107,17.566666666666666,-2.381681203842163,-0.19232155809640364
UBFC_PHYS_s14_T1_ctrl,14,108,17.6,-2.1099846363067627,-0.6529723333486985
UBFC_PHYS_s14_T1_ctrl,14,109,17.633333333333333,-1.8300926685333252,-1.0717879377913648
UBFC_PHYS_s14_T1_ctrl,14,110,17.666666666666668,-1.7497975826263428,-1.3916640663010582
UBFC_PHYS_s14_T1_ctrl,14,111,17.7,-1.8249105215072632,-1.5577788581647907
UBFC_PHYS_s14_T1_ctrl,14,112,17.733333333333334,-1.8164331912994385,-1.5307303611948626
UBFC_PHYS_s14_T1_ctrl,14,113,17.766666666666666,-1.4697365760803223,-1.2991473742051636
UBFC_PHYS_s14_T1_ctrl,14,114,17.8,-0.7623458504676819,-0.8875389218197635
UBFC_PHYS_s14_T1_ctrl,14,115,17.833333333333332,-0.11657761037349701,-0.35547167103562904
UBFC_PHYS_s14_T1_ctrl,14,116,17.866666666666667,-0.05225143954157829,0.21389999072829513
UBFC_PHYS_s14_T1_ctrl,14,117,17.9,-0.5125046372413635,0.7337084831069505
UBFC_PHYS_s14_T1_ctrl,14,118,17.933333333333334,-0.8740999102592468,1.1342320198026574
UBFC_PHYS_s14_T1_ctrl,14,119,17.966666666666665,-0.713678777217865,1.3757543808664718
UBFC_PHYS_s14_T1_ctrl,14,120,18.0,-0.17107459902763367,1.4491408730663322
UBFC_PHYS_s14_T1_ctrl,14,121,18.033333333333335,0.4318564832210541,1.3669681356798107
UBFC_PHYS_s14_T1_ctrl,14,122,18.066666666666666,0.9357354044914246,1.1521179677085718
UBFC_PHYS_s14_T1_ctrl,14,123,18.1,1.266547679901123,0.8301105105528511
UBFC_PHYS_s14_T1_ctrl,14,124,18.133333333333333,1.3476313352584839,0.4276307309305043
UBFC_PHYS_s14_T1_ctrl,14,125,18.166666666666668,1.2319061756134033,-0.02441277002042026
UBFC_PHYS_s14_T1_ctrl,14,126,18.2,1.119194507598877,-0.48701672146529995
UBFC_PHYS_s14_T1_ctrl,14,127,18.233333333333334,1.1266579627990723,-0.9119030171149712
UBFC_PHYS_s14_T1_ctrl,14,128,18.266666666666666,1.193518877029419,-1.245025735609716
UBFC_PHYS_s14_T1_ctrl,14,129,18.3,1.2362152338027954,-1.4348462963856525
UBFC_PHYS_s14_T1_ctrl,14,130,18.333333333333332,1.2158527374267578,-1.4436928200336872
UBFC_PHYS_s14_T1_ctrl,14,131,18.366666666666667,1.076807975769043,-1.259145525443639
UBFC_PHYS_s14_T1_ctrl,14,132,18.4,0.8181514739990234,-0.9015783983321293
UBFC_PHYS_s14_T1_ctrl,14,133,18.433333333333334,0.5505951642990112,-0.4240791140094698
UBFC_PHYS_s14_T1_ctrl,14,134,18.466666666666665,0.33148062229156494,0.0974332932220737
UBFC_PHYS_s14_T1_ctrl,14,135,18.5,0.0663464143872261,0.5822639211744717
UBFC_PHYS_s14_T1_ctrl,14,136,18.533333333333335,-0.2765481173992157,0.9646147668106211
UBFC_PHYS_s14_T1_ctrl,14,137,18.566666666666666,-0.49000170826911926,1.2063580745319533
UBFC_PHYS_s14_T1_ctrl,14,138,18.6,-0.36413758993148804,1.2980888566235969
UBFC_PHYS_s14_T1_ctrl,14,139,18.633333333333333,0.05378534644842148,1.2503025038058089
UBFC_PHYS_s14_T1_ctrl,14,140,18.666666666666668,0.5386536717414856,1.081448147909556
UBFC_PHYS_s14_T1_ctrl,14,141,18.7,0.9263850450515747,0.8100454850228235
UBFC_PHYS_s14_T1_ctrl,14,142,18.733333333333334,1.1741421222686768,0.45424053884822113
UBFC_PHYS_s14_T1_ctrl,14,143,18.766666666666666,1.2265268564224243,0.03709069410957234
UBFC_PHYS_s14_T1_ctrl,14,144,18.8,1.0467008352279663,-0.40721062564790717
UBFC_PHYS_s14_T1_ctrl,14,145,18.833333333333332,0.775229811668396,-0.830923147079374
UBFC_PHYS_s14_T1_ctrl,14,146,18.866666666666667,0.6140201091766357,-1.1765792953500467
UBFC_PHYS_s14_T1_ctrl,14,147,18.9,0.5705914497375488,-1.3866334659651118
UBFC_PHYS_s14_T1_ctrl,14,148,18.933333333333334,0.4792843759059906,-1.416647418136401
UBFC_PHYS_s14_T1_ctrl,14,149,18.966666666666665,0.23096394538879395,-1.2485946281030718
UBFC_PHYS_s14_T1_ctrl,14,150,19.0,-0.12122464179992676,-0.9000122110424128
UBFC_PHYS_s14_T1_ctrl,14,151,19.033333333333335,-0.4489670395851135,-0.42460349937697106
UBFC_PHYS_s14_T1_ctrl,14,152,19.066666666666666,-0.7052859663963318,0.09841627290399929
UBFC_PHYS_s14_T1_ctrl,14,153,19.1,-0.9314132928848267,0.584482697269717
UBFC_PHYS_s14_T1_ctrl,14,154,19.133333333333333,-1.1171536445617676,0.965741188720345
UBFC_PHYS_s14_T1_ctrl,14,155,19.166666666666668,-1.133432388305664,1.2050365116988269
UBFC_PHYS_s14_T1_ctrl,14,156,19.2,-0.8488651514053345,1.2962537308018072
UBFC_PHYS_s14_T1_ctrl,14,157,19.233333333333334,-0.3061201274394989,1.2533502889220498
UBFC_PHYS_s14_T1_ctrl,14,158,19.266666666666666,0.21606528759002686,1.0961972003141227
UBFC_PHYS_s14_T1_ctrl,14,159,19.3,0.37195202708244324,0.8417362052798881
UBFC_PHYS_s14_T1_ctrl,14,160,19.333333333333332,0.09253876656293869,0.5042498374614199
UBFC_PHYS_s14_T1_ctrl,14,161,19.366666666666667,-0.33763545751571655,0.10239376231701029
UBFC_PHYS_s14_T1_ctrl,14,162,19.4,-0.552215576171875,-0.33293692371930594
UBFC_PHYS_s14_T1_ctrl,14,163,19.433333333333334,-0.4099038243293762,-0.7555307327854445
UBFC_PHYS_s14_T1_ctrl,14,164,19.466666666666665,-0.005105203948915005,-1.1081095311579137
UBFC_PHYS_s14_T1_ctrl,14,165,19.5,0.4723278880119324,-1.3329574666182915
UBFC_PHYS_s14_T1_ctrl,14,166,19.533333333333335,0.8607633113861084,-1.3858954847968283
UBFC_PHYS_s14_T1_ctrl,14,167,19.566666666666666,1.1017611026763916,-1.249590708057751
UBFC_PHYS_s14_T1_ctrl,14,168,19.6,1.1741985082626343,-0.9416225799805565
UBFC_PHYS_s14_T1_ctrl,14,169,19.633333333333333,1.054755687713623,-0.5132267506859298
UBFC_PHYS_s14_T1_ctrl,14,170,19.666666666666668,0.7477700710296631,-0.03722781784535064
UBFC_PHYS_s14_T1_ctrl,14,171,19.7,0.23355501890182495,0.41156949981987406
UBFC_PHYS_s14_T1_ctrl,14,172,19.733333333333334,-0.44634780287742615,0.7753658957490411
UBFC_PHYS_s14_T1_ctrl,14,173,19.766666666666666,-0.9243723154067993,1.0229457406301905
UBFC_PHYS_s14_T1_ctrl,14,174,19.8,-0.7975788116455078,1.1467445598806625
UBFC_PHYS_s14_T1_ctrl,14,175,19.833333333333332,-0.24472299218177795,1.1519314468199673
UBFC_PHYS_s14_T1_ctrl,14,176,19.866666666666667,0.2719423174858093,1.045823334942628
UBFC_PHYS_s14_T1_ctrl,14,177,19.9,0.5389916896820068,0.8341606008356112
UBFC_PHYS_s14_T1_ctrl,14,178,19.933333333333334,0.4882122874259949,0.525344881843003
UBFC_PHYS_s14_T1_ctrl,14,179,19.966666666666665,0.11095790565013885,0.13857965007697123
UBFC_PHYS_s14_T1_ctrl,14,180,20.0,-0.29316475987434387,-0.2899216810498599
UBFC_PHYS_s14_T1_ctrl,14,181,20.033333333333335,-0.3434653580188751,-0.7069300417374309
UBFC_PHYS_s14_T1_ctrl,14,182,20.066666666666666,-0.15293709933757782,-1.0495867570724635
UBFC_PHYS_s14_T1_ctrl,14,183,20.1,-0.06267205625772476,-1.2584307418008307
UBFC_PHYS_s14_T1_ctrl,14,184,20.133333333333333,-0.1493602991104126,-1.292406419828406
UBFC_PHYS_s14_T1_ctrl,14,185,20.166666666666668,-0.22486750781536102,-1.141235148650955
UBFC_PHYS_s14_T1_ctrl,14,186,20.2,-0.12494226545095444,-0.8304669102060785
UBFC_PHYS_s14_T1_ctrl,14,187,20.233333333333334,0.0655578225851059,-0.4161631634076726
UBFC_PHYS_s14_T1_ctrl,14,188,20.266666666666666,0.02505824901163578,0.030107599023173108
UBFC_PHYS_s14_T1_ctrl,14,189,20.3,-0.3793460726737976,0.4407331181624696
UBFC_PHYS_s14_T1_ctrl,14,190,20.333333333333332,-0.8251793384552002,0.7678820371256686
UBFC_PHYS_s14_T1_ctrl,14,191,20.366666666666667,-0.9349619150161743,0.9890835037275874
UBFC_PHYS_s14_T1_ctrl,14,192,20.4,-0.6532673835754395,1.1019108558601034
UBFC_PHYS_s14_T1_ctrl,14,193,20.433333333333334,-0.15020520985126495,1.1131791095651942
UBFC_PHYS_s14_T1_ctrl,14,194,20.466666666666665,0.38544249534606934,1.0298228083425915
UBFC_PHYS_s14_T1_ctrl,14,195,20.5,0.8043793439865112,0.8560418805167304
UBFC_PHYS_s14_T1_ctrl,14,196,20.533333333333335,1.01819908618927,0.5969964475802614
UBFC_PHYS_s14_T1_ctrl,14,197,20.566666666666666,1.0414342880249023,0.2658875860332428
UBFC_PHYS_s14_T1_ctrl,14,198,20.6,0.9192032814025879,-0.10989668468171489
UBFC_PHYS_s14_T1_ctrl,14,199,20.633333333333333,0.751037061214447,-0.4871242591852507
UBFC_PHYS_s14_T1_ctrl,14,200,20.666666666666668,0.679895281791687,-0.8114213548605274
UBFC_PHYS_s14_T1_ctrl,14,201,20.7,0.7114387154579163,-1.0279943303103134
UBFC_PHYS_s14_T1_ctrl,14,202,20.733333333333334,0.6816695928573608,-1.0955756797761267
UBFC_PHYS_s14_T1_ctrl,14,203,20.766666666666666,0.5085465908050537,-0.9989071520980248
UBFC_PHYS_s14_T1_ctrl,14,204,20.8,0.2594093978404999,-0.7547462733973793
UBFC_PHYS_s14_T1_ctrl,14,205,20.833333333333332,-0.07010730355978012,-0.4083114321131782
UBFC_PHYS_s14_T1_ctrl,14,206,20.866666666666667,-0.5179120898246765,-0.02093385725253693
UBFC_PHYS_s14_T1_ctrl,14,207,20.9,-0.9611542820930481,0.34631588749153125
UBFC_PHYS_s14_T1_ctrl,14,208,20.933333333333334,-1.160047173500061,0.6463422021781612
UBFC_PHYS_s14_T1_ctrl,14,209,20.966666666666665,-0.9684205651283264,0.8520139751718431
UBFC_PHYS_s14_T1_ctrl,14,210,21.0,-0.44524940848350525,0.9539098017467025
UBFC_PHYS_s14_T1_ctrl,14,211,21.033333333333335,0.1904362142086029,0.9535077053610973
UBFC_PHYS_s14_T1_ctrl,14,212,21.066666666666666,0.6984552145004272,0.8565558708928266
UBFC_PHYS_s14_T1_ctrl,14,213,21.1,0.9557035565376282,0.6697599424779519
UBFC_PHYS_s14_T1_ctrl,14,214,21.133333333333333,0.9661523699760437,0.4016244924225992
UBFC_PHYS_s14_T1_ctrl,14,215,21.166666666666668,0.838598370552063,0.06631804582313955
UBFC_PHYS_s14_T1_ctrl,14,216,21.2,0.711692214012146,-0.3118752197652775
UBFC_PHYS_s14_T1_ctrl,14,217,21.233333333333334,0.6450002789497375,-0.6963917433637508
UBFC_PHYS_s14_T1_ctrl,14,218,21.266666666666666,0.6038529276847839,-1.0408051267437026
UBFC_PHYS_s14_T1_ctrl,14,219,21.3,0.5484547019004822,-1.296416450016186
UBFC_PHYS_s14_T1_ctrl,14,220,21.333333333333332,0.47176462411880493,-1.423188474752935
UBFC_PHYS_s14_T1_ctrl,14,221,21.366666666666667,0.34815362095832825,-1.4002247644293007
UBFC_PHYS_s14_T1_ctrl,14,222,21.4,0.13596737384796143,-1.2316682931263552
UBFC_PHYS_s14_T1_ctrl,14,223,21.433333333333334,-0.16961008310317993,-0.9455688053574821
UBFC_PHYS_s14_T1_ctrl,14,224,21.466666666666665,-0.5272624492645264,-0.5862597728647383
UBFC_PHYS_s14_T1_ctrl,14,225,21.5,-0.8360224366188049,-0.20348071647372085
UBFC_PHYS_s14_T1_ctrl,14,226,21.533333333333335,-0.8545542359352112,0.15762154443984333
UBFC_PHYS_s14_T1_ctrl,14,227,21.566666666666666,-0.3867813050746918,0.46275018037307203
UBFC_PHYS_s14_T1_ctrl,14,228,21.6,0.42687147855758667,0.6906264813684573
UBFC_PHYS_s14_T1_ctrl,14,229,21.633333333333333,1.209515929222107,0.8325335290092077
UBFC_PHYS_s14_T1_ctrl,14,230,21.666666666666668,1.7480082511901855,0.8906448247786648
UBFC_PHYS_s14_T1_ctrl,14,231,21.7,2.0538392066955566,0.87569703466956
UBFC_PHYS_s14_T1_ctrl,14,232,21.733333333333334,2.1639597415924072,0.8043330541126673
UBFC_PHYS_s14_T1_ctrl,14,233,21.766666666666666,2.0865373611450195,0.6965867728701072
UBFC_PHYS_s14_T1_ctrl,14,234,21.8,1.8954176902770996,0.5737282846515297
UBFC_PHYS_s14_T1_ctrl,14,235,21.833333333333332,1.748430609703064,0.45608739827163003
UBFC_PHYS_s14_T1_ctrl,14,236,21.866666666666667,1.8060256242752075,0.3601513768174734
UBFC_PHYS_s14_T1_ctrl,14,237,21.9,1.9946106672286987,0.29487869306276476
UBFC_PHYS_s14_T1_ctrl,14,238,21.933333333333334,1.8942347764968872,0.25865987207636787
UBFC_PHYS_s14_T1_ctrl,14,239,21.966666666666665,1.1566805839538574,0.2392062583686619
UBFC_PHYS_s14_T1_ctrl,15,0,15.0,0.8736623525619507,-0.03948777104780414
UBFC_PHYS_s14_T1_ctrl,15,1,15.033333333333333,0.9477050304412842,0.14654101203826
UBFC_PHYS_s14_T1_ctrl,15,2,15.066666666666666,0.8822523355484009,0.28421910092740893
UBFC_PHYS_s14_T1_ctrl,15,3,15.1,0.8250797390937805,0.3371507687344432
UBFC_PHYS_s14_T1_ctrl,15,4,15.133333333333333,0.893686830997467,0.29194425043801675
UBFC_PHYS_s14_T1_ctrl,15,5,15.166666666666666,1.049545407295227,0.16226384865430704
UBFC_PHYS_s14_T1_ctrl,15,6,15.2,1.172762155532837,-0.014247853997233583
UBFC_PHYS_s14_T1_ctrl,15,7,15.233333333333333,1.2200491428375244,-0.1855458158765134
UBFC_PHYS_s14_T1_ctrl,15,8,15.266666666666667,1.2416508197784424,-0.299323100149294
UBFC_PHYS_s14_T1_ctrl,15,9,15.3,1.3022030591964722,-0.3186867353408165
UBFC_PHYS_s14_T1_ctrl,15,10,15.333333333333334,1.4290529489517212,-0.23484790902072833
UBFC_PHYS_s14_T1_ctrl,15,11,15.366666666666667,1.537680745124817,-0.07145674908170732
UBFC_PHYS_s14_T1_ctrl,15,12,15.4,1.4139007329940796,0.12323049026791397
UBFC_PHYS_s14_T1_ctrl,15,13,15.433333333333334,0.9110357165336609,0.29509827610162137
UBFC_PHYS_s14_T1_ctrl,15,14,15.466666666666667,0.16860924661159515,0.4057188473649583
UBFC_PHYS_s14_T1_ctrl,15,15,15.5,-0.46594980359077454,0.445500151377144
UBFC_PHYS_s14_T1_ctrl,15,16,15.533333333333333,-0.7792159914970398,0.43169185370226787
UBFC_PHYS_s14_T1_ctrl,15,17,15.566666666666666,-0.9107692241668701,0.3933402171027425
UBFC_PHYS_s14_T1_ctrl,15,18,15.6,-1.0948197841644287,0.3523639807339403
UBFC_PHYS_s14_T1_ctrl,15,19,15.633333333333333,-1.4319689273834229,0.3112147435018662
UBFC_PHYS_s14_T1_ctrl,15,20,15.666666666666666,-1.9011781215667725,0.25281109501134486
UBFC_PHYS_s14_T1_ctrl,15,21,15.7,-2.444655418395996,0.15139655415368158
UBFC_PHYS_s14_T1_ctrl,15,22,15.733333333333333,-2.9597997665405273,-0.011866954017578712
UBFC_PHYS_s14_T1_ctrl,15,23,15.766666666666667,-3.2952311038970947,-0.2357690166603325
UBFC_PHYS_s14_T1_ctrl,15,24,15.8,-3.3375611305236816,-0.49353749205261577
UBFC_PHYS_s14_T1_ctrl,15,25,15.833333333333334,-3.1157429218292236,-0.7368747685227661
UBFC_PHYS_s14_T1_ctrl,15,26,15.866666666666667,-2.8122777938842773,-0.9085852441650374
UBFC_PHYS_s14_T1_ctrl,15,27,15.9,-2.5996973514556885,-0.9602634658522011
UBFC_PHYS_s14_T1_ctrl,15,28,15.933333333333334,-2.381174087524414,-0.8691472402786494
UBFC_PHYS_s14_T1_ctrl,15,29,15.966666666666667,-1.9015443325042725,-0.6473012589963729
UBFC_PHYS_s14_T1_ctrl,15,30,16.0,-1.2208811044692993,-0.3382682789615597
UBFC_PHYS_s14_T1_ctrl,15,31,16.033333333333335,-0.7441802024841309,-0.0015729362901086156
UBFC_PHYS_s14_T1_ctrl,15,32,16.066666666666666,-0.5749156475067139,0.3079763336480364
UBFC_PHYS_s14_T1_ctrl,15,33,16.1,-0.35594192147254944,0.5560015988287925
UBFC_PHYS_s14_T1_ctrl,15,34,16.133333333333333,0.1579633206129074,0.7322157424454495
UBFC_PHYS_s14_T1_ctrl,15,35,16.166666666666668,0.7976200580596924,0.8420743022142303
UBFC_PHYS_s14_T1_ctrl,15,36,16.2,1.3293248414993286,0.8928211181366242
UBFC_PHYS_s14_T1_ctrl,15,37,16.233333333333334,1.7139300107955933,0.8825799331548142
UBFC_PHYS_s14_T1_ctrl,15,38,16.266666666666666,1.865958333015442,0.7985041319989855
UBFC_PHYS_s14_T1_ctrl,15,39,16.3,1.606794834136963,0.6244944715169013
UBFC_PHYS_s14_T1_ctrl,15,40,16.333333333333332,1.05109441280365,0.3539009955315828
UBFC_PHYS_s14_T1_ctrl,15,41,16.366666666666667,0.5892359018325806,0.0005511223349760289
UBFC_PHYS_s14_T1_ctrl,15,42,16.4,0.3776974678039551,-0.39697092056835387
UBFC_PHYS_s14_T1_ctrl,15,43,16.433333333333334,0.22426095604896545,-0.7795616331000279
UBFC_PHYS_s14_T1_ctrl,15,44,16.466666666666665,0.03232451528310776,-1.0793340885000262
UBFC_PHYS_s14_T1_ctrl,15,45,16.5,-0.051519181579351425,-1.23589151048727
UBFC_PHYS_s14_T1_ctrl,15,46,16.533333333333335,0.008103628642857075,-1.212678041434854
UBFC_PHYS_s14_T1_ctrl,15,47,16.566666666666666,0.04947628080844879,-1.008238097473473
UBFC_PHYS_s14_T1_ctrl,15,48,16.6,0.021734917536377907,-0.6580218916855864
UBFC_PHYS_s14_T1_ctrl,15,49,16.633333333333333,-0.013103729113936424,-0.22510718677927358
UBFC_PHYS_s14_T1_ctrl,15,50,16.666666666666668,-0.039831195026636124,0.2175859278678266
UBFC_PHYS_s14_T1_ctrl,15,51,16.7,-0.024904370307922363,0.6069611213732506
UBFC_PHYS_s14_T1_ctrl,15,52,16.733333333333334,0.12757456302642822,0.9030482472978546
UBFC_PHYS_s14_T1_ctrl,15,53,16.766666666666666,0.39042750000953674,1.0905181304248805
UBFC_PHYS_s14_T1_ctrl,15,54,16.8,0.5778577327728271,1.1696851296080315
UBFC_PHYS_s14_T1_ctrl,15,55,16.833333333333332,0.6361005306243896,1.1442841544754587
UBFC_PHYS_s14_T1_ctrl,15,56,16.866666666666667,0.6437329053878784,1.0142412799401965
UBFC_PHYS_s14_T1_ctrl,15,57,16.9,0.6023602485656738,0.7774611074580644
UBFC_PHYS_s14_T1_ctrl,15,58,16.933333333333334,0.4493180513381958,0.43850575138817066
UBFC_PHYS_s14_T1_ctrl,15,59,16.966666666666665,0.18057887256145477,0.018081789523860185
UBFC_PHYS_s14_T1_ctrl,15,60,17.0,-0.13558818399906158,-0.44228195946816606
UBFC_PHYS_s14_T1_ctrl,15,61,17.033333333333335,-0.3747835159301758,-0.8828596038026437
UBFC_PHYS_s14_T1_ctrl,15,62,17.066666666666666,-0.44296813011169434,-1.2352468384610662
UBFC_PHYS_s14_T1_ctrl,15,63,17.1,-0.36371514201164246,-1.436482652114591
UBFC_PHYS_s14_T1_ctrl,15,64,17.133333333333333,-0.2038009613752365,-1.444257334887697
UBFC_PHYS_s14_T1_ctrl,15,65,17.166666666666668,0.001006345497444272,-1.2489976687828053
UBFC_PHYS_s14_T1_ctrl,15,66,17.2,0.11492900550365448,-0.8787266208533064
UBFC_PHYS_s14_T1_ctrl,15,67,17.233333333333334,-0.09587720036506653,-0.3940112748763538
UBFC_PHYS_s14_T1_ctrl,15,68,17.266666666666666,-0.6737706661224365,0.1266804242963316
UBFC_PHYS_s14_T1_ctrl,15,69,17.3,-1.3277627229690552,0.6067566062618829
UBFC_PHYS_s14_T1_ctrl,15,70,17.333333333333332,-1.7293788194656372,0.9885697650626709
UBFC_PHYS_s14_T1_ctrl,15,71,17.366666666666667,-1.768751859664917,1.2406466282521862
UBFC_PHYS_s14_T1_ctrl,15,72,17.4,-1.6015995740890503,1.3537595594282004
UBFC_PHYS_s14_T1_ctrl,15,73,17.433333333333334,-1.5334713459014893,1.331054879007463
UBFC_PHYS_s14_T1_ctrl,15,74,17.466666666666665,-1.7397149801254272,1.179695111193273
UBFC_PHYS_s14_T1_ctrl,15,75,17.5,-2.116068124771118,0.9087361269176268
UBFC_PHYS_s14_T1_ctrl,15,76,17.533333333333335,-2.3950588703155518,0.5328937478429366
UBFC_PHYS_s14_T1_ctrl,15,77,17.566666666666666,-2.381681203842163,0.07821150431288912
UBFC_PHYS_s14_T1_ctrl,15,78,17.6,-2.1099846363067627,-0.41443824088924364
UBFC_PHYS_s14_T1_ctrl,15,79,17.633333333333333,-1.8300926685333252,-0.8900907141903894
UBFC_PHYS_s14_T1_ctrl,15,80,17.666666666666668,-1.7497975826263428,-1.285083706187899
UBFC_PHYS_s14_T1_ctrl,15,81,17.7,-1.8249105215072632,-1.5366336184206073
UBFC_PHYS_s14_T1_ctrl,15,82,17.733333333333334,-1.8164331912994385,-1.5952757755206155
UBFC_PHYS_s14_T1_ctrl,15,83,17.766666666666666,-1.4697365760803223,-1.4377094718187275
UBFC_PHYS_s14_T1_ctrl,15,84,17.8,-0.7623458504676819,-1.0763583467949969
UBFC_PHYS_s14_T1_ctrl,15,85,17.833333333333332,-0.11657761037349701,-0.5613996163684895
UBFC_PHYS_s14_T1_ctrl,15,86,17.866666666666667,-0.05225143954157829,0.027759207008559838
UBFC_PHYS_s14_T1_ctrl,15,87,17.9,-0.5125046372413635,0.6005791540067945
UBFC_PHYS_s14_T1_ctrl,15,88,17.933333333333334,-0.8740999102592468,1.076559297463977
UBFC_PHYS_s14_T1_ctrl,15,89,17.966666666666665,-0.713678777217865,1.40062311597185
UBFC_PHYS_s14_T1_ctrl,15,90,18.0,-0.17107459902763367,1.5476594887751793
UBFC_PHYS_s14_T1_ctrl,15,91,18.033333333333335,0.4318564832210541,1.5176559380785584
UBFC_PHYS_s14_T1_ctrl,15,92,18.066666666666666,0.9357354044914246,1.326901495424836
UBFC_PHYS_s14_T1_ctrl,15,93,18.1,1.266547679901123,1.0006841892825509
UBFC_PHYS_s14_T1_ctrl,15,94,18.133333333333333,1.3476313352584839,0.5700583876644608
UBFC_PHYS_s14_T1_ctrl,15,95,18.166666666666668,1.2319061756134033,0.07211556218699298
UBFC_PHYS_s14_T1_ctrl,15,96,18.2,1.119194507598877,-0.44836564618676056
UBFC_PHYS_s14_T1_ctrl,15,97,18.233333333333334,1.1266579627990723,-0.9382057160660049
UBFC_PHYS_s14_T1_ctrl,15,98,18.266666666666666,1.193518877029419,-1.3381047362226526
UBFC_PHYS_s14_T1_ctrl,15,99,18.3,1.2362152338027954,-1.5892673243986757
UBFC_PHYS_s14_T1_ctrl,15,100,18.333333333333332,1.2158527374267578,-1.6442516110225287
UBFC_PHYS_s14_T1_ctrl,15,101,18.366666666666667,1.076807975769043,-1.4798864550827537
UBFC_PHYS_s14_T1_ctrl,15,102,18.4,0.8181514739990234,-1.1081417618258447
UBFC_PHYS_s14_T1_ctrl,15,103,18.433333333333334,0.5505951642990112,-0.5797897044434193
UBFC_PHYS_s14_T1_ctrl,15,104,18.466666666666665,0.33148062229156494,0.02327677259995787
UBFC_PHYS_s14_T1_ctrl,15,105,18.5,0.0663464143872261,0.6067626070829332
UBFC_PHYS_s14_T1_ctrl,15,106,18.533333333333335,-0.2765481173992157,1.0868173903550702
UBFC_PHYS_s14_T1_ctrl,15,107,18.566666666666666,-0.49000170826911926,1.406914889654398
UBFC_PHYS_s14_T1_ctrl,15,108,18.6,-0.36413758993148804,1.5426610056099141
UBFC_PHYS_s14_T1_ctrl,15,109,18.633333333333333,0.05378534644842148,1.4959557790695968
UBFC_PHYS_s14_T1_ctrl,15,110,18.666666666666668,0.5386536717414856,1.284990950534899
UBFC_PHYS_s14_T1_ctrl,15,111,18.7,0.9263850450515747,0.9366465385970258
UBFC_PHYS_s14_T1_ctrl,15,112,18.733333333333334,1.1741421222686768,0.4840678974365851
UBFC_PHYS_s14_T1_ctrl,15,113,18.766666666666666,1.2265268564224243,-0.03199800025710046
UBFC_PHYS_s14_T1_ctrl,15,114,18.8,1.0467008352279663,-0.5612907626631669
UBFC_PHYS_s14_T1_ctrl,15,115,18.833333333333332,0.775229811668396,-1.0443267355253578
UBFC_PHYS_s14_T1_ctrl,15,116,18.866666666666667,0.6140201091766357,-1.4166473015556682
UBFC_PHYS_s14_T1_ctrl,15,117,18.9,0.5705914497375488,-1.6176870239569665
UBFC_PHYS_s14_T1_ctrl,15,118,18.933333333333334,0.4792843759059906,-1.6035224096891698
UBFC_PHYS_s14_T1_ctrl,15,119,18.966666666666665,0.23096394538879395,-1.3607070284597718
UBFC_PHYS_s14_T1_ctrl,15,120,19.0,-0.12122464179992676,-0.9161219970519062
UBFC_PHYS_s14_T1_ctrl,15,121,19.033333333333335,-0.4489670395851135,-0.33702716968765495
UBFC_PHYS_s14_T1_ctrl,15,122,19.066666666666666,-0.7052859663963318,0.28197529356231743
UBFC_PHYS_s14_T1_ctrl,15,123,19.1,-0.9314132928848267,0.8423512170831481
UBFC_PHYS_s14_T1_ctrl,15,124,19.133333333333333,-1.1171536445617676,1.2659688633884032
UBFC_PHYS_s14_T1_ctrl,15,125,19.166666666666668,-1.133432388305664,1.5093531091549004
UBFC_PHYS_s14_T1_ctrl,15,126,19.2,-0.8488651514053345,1.5633012842707514
UBFC_PHYS_s14_T1_ctrl,15,127,19.233333333333334,-0.3061201274394989,1.4422671775287075
UBFC_PHYS_s14_T1_ctrl,15,128,19.266666666666666,0.21606528759002686,1.1722155479296843
UBFC_PHYS_s14_T1_ctrl,15,129,19.3,0.37195202708244324,0.7836047025945482
UBFC_PHYS_s14_T1_ctrl,15,130,19.333333333333332,0.09253876656293869,0.3106292612214273
UBFC_PHYS_s14_T1_ctrl,15,131,19.366666666666667,-0.33763545751571655,-0.2064529200471037
UBFC_PHYS_s14_T1_ctrl,15,132,19.4,-0.552215576171875,-0.7194098804177501
UBFC_PHYS_s14_T1_ctrl,15,133,19.433333333333334,-0.4099038243293762,-1.1724103341656262
UBFC_PHYS_s14_T1_ctrl,15,134,19.466666666666665,-0.005105203948915005,-1.5058519072391598
UBFC_PHYS_s14_T1_ctrl,15,135,19.5,0.4723278880119324,-1.664597241410083
UBFC_PHYS_s14_T1_ctrl,15,136,19.533333333333335,0.8607633113861084,-1.6102300134763565
UBFC_PHYS_s14_T1_ctrl,15,137,19.566666666666666,1.1017611026763916,-1.3344012527772946
UBFC_PHYS_s14_T1_ctrl,15,138,19.6,1.1741985082626343,-0.867904934552259
UBFC_PHYS_s14_T1_ctrl,15,139,19.633333333333333,1.054755687713623,-0.2797107794642176
UBFC_PHYS_s14_T1_ctrl,15,140,19.666666666666668,0.7477700710296631,0.33681779603428835
UBFC_PHYS_s14_T1_ctrl,15,141,19.7,0.23355501890182495,0.8870887902139674
UBFC_PHYS_s14_T1_ctrl,15,142,19.733333333333334,-0.44634780287742615,1.298010255030899
UBFC_PHYS_s14_T1_ctrl,15,143,19.766666666666666,-0.9243723154067993,1.529788765147951
UBFC_PHYS_s14_T1_ctrl,15,144,19.8,-0.7975788116455078,1.5736696601323157
UBFC_PHYS_s14_T1_ctrl,15,145,19.833333333333332,-0.24472299218177795,1.441459059603523
UBFC_PHYS_s14_T1_ctrl,15,146,19.866666666666667,0.2719423174858093,1.1556811287060955
UBFC_PHYS_s14_T1_ctrl,15,147,19.9,0.5389916896820068,0.74566165162079
UBFC_PHYS_s14_T1_ctrl,15,148,19.933333333333334,0.4882122874259949,0.24881304389105185
UBFC_PHYS_s14_T1_ctrl,15,149,19.966666666666665,0.11095790565013885,-0.287197482588514
UBFC_PHYS_s14_T1_ctrl,15,150,20.0,-0.29316475987434387,-0.8047701875129846
UBFC_PHYS_s14_T1_ctrl,15,151,20.033333333333335,-0.3434653580188751,-1.2400234641295027
UBFC_PHYS_s14_T1_ctrl,15,152,20.066666666666666,-0.15293709933757782,-1.5298369820048392
UBFC_PHYS_s14_T1_ctrl,15,153,20.1,-0.06267205625772476,-1.6224026142091497
UBFC_PHYS_s14_T1_ctrl,15,154,20.133333333333333,-0.1493602991104126,-1.490098506902261
UBFC_PHYS_s14_T1_ctrl,15,155,20.166666666666668,-0.22486750781536102,-1.14105420292787
UBFC_PHYS_s14_T1_ctrl,15,156,20.2,-0.12494226545095444,-0.6239959869109136
UBFC_PHYS_s14_T1_ctrl,15,157,20.233333333333334,0.0655578225851059,-0.021768216289885525
UBFC_PHYS_s14_T1_ctrl,15,158,20.266666666666666,0.02505824901163578,0.5669418563542837
UBFC_PHYS_s14_T1_ctrl,15,159,20.3,-0.3793460726737976,1.0520736499865617
UBFC_PHYS_s14_T1_ctrl,15,160,20.333333333333332,-0.8251793384552002,1.3726533413874378
UBFC_PHYS_s14_T1_ctrl,15,161,20.366666666666667,-0.9349619150161743,1.5043943615334656
UBFC_PHYS_s14_T1_ctrl,15,162,20.4,-0.6532673835754395,1.4535798200144472
UBFC_PHYS_s14_T1_ctrl,15,163,20.433333333333334,-0.15020520985126495,1.244363632293633
UBFC_PHYS_s14_T1_ctrl,15,164,20.466666666666665,0.38544249534606934,0.9080645753237078
UBFC_PHYS_s14_T1_ctrl,15,165,20.5,0.8043793439865112,0.4787624302131884
UBFC_PHYS_s14_T1_ctrl,15,166,20.533333333333335,1.01819908618927,-0.005784634877242281
UBFC_PHYS_s14_T1_ctrl,15,167,20.566666666666666,1.0414342880249023,-0.5016918667761378
UBFC_PHYS_s14_T1_ctrl,15,168,20.6,0.9192032814025879,-0.9582192034694434
UBFC_PHYS_s14_T1_ctrl,15,169,20.633333333333333,0.751037061214447,-1.3202140692274333
UBFC_PHYS_s14_T1_ctrl,15,170,20.666666666666668,0.679895281791687,-1.534265403925807
UBFC_PHYS_s14_T1_ctrl,15,171,20.7,0.7114387154579163,-1.558485035358285
UBFC_PHYS_s14_T1_ctrl,15,172,20.733333333333334,0.6816695928573608,-1.374239789071022
UBFC_PHYS_s14_T1_ctrl,15,173,20.766666666666666,0.5085465908050537,-0.9960786180977101
UBFC_PHYS_s14_T1_ctrl,15,174,20.8,0.2594093978404999,-0.47502140977422147
UBFC_PHYS_s14_T1_ctrl,15,175,20.833333333333332,-0.07010730355978012,0.10843487279361401
UBFC_PHYS_s14_T1_ctrl,15,176,20.866666666666667,-0.5179120898246765,0.6614924739637839
UBFC_PHYS_s14_T1_ctrl,15,177,20.9,-0.9611542820930481,1.1011903794479023
UBFC_PHYS_s14_T1_ctrl,15,178,20.933333333333334,-1.160047173500061,1.3725499633154423
UBFC_PHYS_s14_T1_ctrl,15,179,20.966666666666665,-0.9684205651283264,1.455200148297374
UBFC_PHYS_s14_T1_ctrl,15,180,21.0,-0.44524940848350525,1.358030534105243
UBFC_PHYS_s14_T1_ctrl,15,181,21.033333333333335,0.1904362142086029,1.1082600519593857
UBFC_PHYS_s14_T1_ctrl,15,182,21.066666666666666,0.6984552145004272,0.7422228479047857
UBFC_PHYS_s14_T1_ctrl,15,183,21.1,0.9557035565376282,0.30118084964023656
UBFC_PHYS_s14_T1_ctrl,15,184,21.133333333333333,0.9661523699760437,-0.16910857957234235
UBFC_PHYS_s14_T1_ctrl,15,185,21.166666666666668,0.838598370552063,-0.6185115944106627
UBFC_PHYS_s14_T1_ctrl,15,186,21.2,0.711692214012146,-0.9949113212562648
UBFC_PHYS_s14_T1_ctrl,15,187,21.233333333333334,0.6450002789497375,-1.2494157978960136
UBFC_PHYS_s14_T1_ctrl,15,188,21.266666666666666,0.6038529276847839,-1.3436613514151936
UBFC_PHYS_s14_T1_ctrl,15,189,21.3,0.5484547019004822,-1.2579201753310065
UBFC_PHYS_s14_T1_ctrl,15,190,21.333333333333332,0.47176462411880493,-0.9980148754431994
UBFC_PHYS_s14_T1_ctrl,15,191,21.366666666666667,0.34815362095832825,-0.5983347126171152
UBFC_PHYS_s14_T1_ctrl,15,192,21.4,0.13596737384796143,-0.11833577079632475
UBFC_PHYS_s14_T1_ctrl,15,193,21.433333333333334,-0.16961008310317993,0.3683960625086511
UBFC_PHYS_s14_T1_ctrl,15,194,21.466666666666665,-0.5272624492645264,0.7902020363514792
UBFC_PHYS_s14_T1_ctrl,15,195,21.5,-0.8360224366188049,1.092985717492102
UBFC_PHYS_s14_T1_ctrl,15,196,21.533333333333335,-0.8545542359352112,1.248944978557891
UBFC_PHYS_s14_T1_ctrl,15,197,21.566666666666666,-0.3867813050746918,1.2550831378805656
UBFC_PHYS_s14_T1_ctrl,15,198,21.6,0.42687147855758667,1.1244521149883913
UBFC_PHYS_s14_T1_ctrl,15,199,21.633333333333333,1.209515929222107,0.8773191170897844
UBFC_PHYS_s14_T1_ctrl,15,200,21.666666666666668,1.7480082511901855,0.5377593932869735
UBFC_PHYS_s14_T1_ctrl,15,201,21.7,2.0538392066955566,0.13585524379285702
UBFC_PHYS_s14_T1_ctrl,15,202,21.733333333333334,2.1639597415924072,-0.2885776215757752
UBFC_PHYS_s14_T1_ctrl,15,203,21.766666666666666,2.0865373611450195,-0.685573756030805
UBFC_PHYS_s14_T1_ctrl,15,204,21.8,1.8954176902770996,-1.0002773533147677
UBFC_PHYS_s14_T1_ctrl,15,205,21.833333333333332,1.748430609703064,-1.1829101194674259
UBFC_PHYS_s14_T1_ctrl,15,206,21.866666666666667,1.8060256242752075,-1.2005114660439564
UBFC_PHYS_s14_T1_ctrl,15,207,21.9,1.9946106672286987,-1.0469223446282399
UBFC_PHYS_s14_T1_ctrl,15,208,21.933333333333334,1.8942347764968872,-0.7475045589229545
UBFC_PHYS_s14_T1_ctrl,15,209,21.966666666666665,1.1566805839538574,-0.3558720617841292
UBFC_PHYS_s14_T1_ctrl,15,210,22.0,0.024945594370365143,0.05799486383819751
UBFC_PHYS_s14_T1_ctrl,15,211,22.033333333333335,-0.8734521269798279,0.4253625951921371
UBFC_PHYS_s14_T1_ctrl,15,212,22.066666666666666,-1.2642251253128052,0.6955541555367872
UBFC_PHYS_s14_T1_ctrl,15,213,22.1,-1.307484745979309,0.8447706064122548
UBFC_PHYS_s14_T1_ctrl,15,214,22.133333333333333,-1.1512601375579834,0.8737670992162
UBFC_PHYS_s14_T1_ctrl,15,215,22.166666666666668,-0.8103933334350586,0.7974293839542117
UBFC_PHYS_s14_T1_ctrl,15,216,22.2,-0.4833550453186035,0.633501385390618
UBFC_PHYS_s14_T1_ctrl,15,217,22.233333333333334,-0.5877301692962646,0.3972784401827864
UBFC_PHYS_s14_T1_ctrl,15,218,22.266666666666666,-1.2770678997039795,0.10427399480342343
UBFC_PHYS_s14_T1_ctrl,15,219,22.3,-2.1222360134124756,-0.22277563316799898
UBFC_PHYS_s14_T1_ctrl,15,220,22.333333333333332,-2.5795037746429443,-0.5488338348029556
UBFC_PHYS_s14_T1_ctrl,15,221,22.366666666666667,-2.47969126701355,-0.828151166197363
UBFC_PHYS_s14_T1_ctrl,15,222,22.4,-2.010538339614868,-1.013022311171008
UBFC_PHYS_s14_T1_ctrl,15,223,22.433333333333334,-1.4768620729446411,-1.0663008351982868
UBFC_PHYS_s14_T1_ctrl,15,224,22.466666666666665,-1.10276198387146,-0.9729112940625346
UBFC_PHYS_s14_T1_ctrl,15,225,22.5,-0.9264283180236816,-0.7463349004276696
UBFC_PHYS_s14_T1_ctrl,15,226,22.533333333333335,-0.8462177515029907,-0.42747851017974037
UBFC_PHYS_s14_T1_ctrl,15,227,22.566666666666666,-0.7905660271644592,-0.07524188303732168
UBFC_PHYS_s14_T1_ctrl,15,228,22.6,-0.8289251327514648,0.24929209343471057
UBFC_PHYS_s14_T1_ctrl,15,229,22.633333333333333,-1.0199040174484253,0.5001226786877492
UBFC_PHYS_s14_T1_ctrl,15,230,22.666666666666668,-1.1801843643188477,0.6581198905848783
UBFC_PHYS_s14_T1_ctrl,15,231,22.7,-0.9634355306625366,0.7317840961355998
UBFC_PHYS_s14_T1_ctrl,15,232,22.733333333333334,-0.2674511969089508,0.7468203121278681
UBFC_PHYS_s14_T1_ctrl,15,233,22.766666666666666,0.5821667909622192,0.7303812111413487
UBFC_PHYS_s14_T1_ctrl,15,234,22.8,1.1624541282653809,0.6982964691558974
UBFC_PHYS_s14_T1_ctrl,15,235,22.833333333333332,1.33639395236969,0.6512104894231887
UBFC_PHYS_s14_T1_ctrl,15,236,22.866666666666667,1.1923359632492065,0.5799581902604721
UBFC_PHYS_s14_T1_ctrl,15,237,22.9,0.9118524789810181,0.47544630246752895
UBFC_PHYS_s14_T1_ctrl,15,238,22.933333333333334,0.7054116725921631,0.3368737511478357
UBFC_PHYS_s14_T1_ctrl,15,239,22.966666666666665,0.7096080780029297,0.1743771347072697
UBFC_PHYS_s14_T1_ctrl,16,0,16.0,-1.2208811044692993,-0.08800294700572724
UBFC_PHYS_s14_T1_ctrl,16,1,16.033333333333335,-0.7441802024841309,0.14756989106015259
UBFC_PHYS_s14_T1_ctrl,16,2,16.066666666666666,-0.5749156475067139,0.33128953375244413
UBFC_PHYS_s14_T1_ctrl,16,3,16.1,-0.35594192147254944,0.4258939329004785
UBFC_PHYS_s14_T1_ctrl,16,4,16.133333333333333,0.1579633206129074,0.4223832880457488
UBFC_PHYS_s14_T1_ctrl,16,5,16.166666666666668,0.7976200580596924,0.3409371885390921
UBFC_PHYS_s14_T1_ctrl,16,6,16.2,1.3293248414993286,0.22073613505852183
UBFC_PHYS_s14_T1_ctrl,16,7,16.233333333333334,1.7139300107955933,0.10289720782618637
UBFC_PHYS_s14_T1_ctrl,16,8,16.266666666666666,1.865958333015442,0.013939596680653447
UBFC_PHYS_s14_T1_ctrl,16,9,16.3,1.606794834136963,-0.04305479100219079
UBFC_PHYS_s14_T1_ctrl,16,10,16.333333333333332,1.05109441280365,-0.0859825146275928
UBFC_PHYS_s14_T1_ctrl,16,11,16.366666666666667,0.5892359018325806,-0.14140398695960793
UBFC_PHYS_s14_T1_ctrl,16,12,16.4,0.3776974678039551,-0.22802024641727467
UBFC_PHYS_s14_T1_ctrl,16,13,16.433333333333334,0.22426095604896545,-0.3434119231463375
UBFC_PHYS_s14_T1_ctrl,16,14,16.466666666666665,0.03232451528310776,-0.46035032817184246
UBFC_PHYS_s14_T1_ctrl,16,15,16.5,-0.051519181579351425,-0.535106985351853
UBFC_PHYS_s14_T1_ctrl,16,16,16.533333333333335,0.008103628642857075,-0.5248810781212778
UBFC_PHYS_s14_T1_ctrl,16,17,16.566666666666666,0.04947628080844879,-0.4070037369237394
UBFC_PHYS_s14_T1_ctrl,16,18,16.6,0.021734917536377907,-0.1911603050775716
UBFC_PHYS_s14_T1_ctrl,16,19,16.633333333333333,-0.013103729113936424,0.08148561744671547
UBFC_PHYS_s14_T1_ctrl,16,20,16.666666666666668,-0.039831195026636124,0.352456934966925
UBFC_PHYS_s14_T1_ctrl,16,21,16.7,-0.024904370307922363,0.5670957990581825
UBFC_PHYS_s14_T1_ctrl,16,22,16.733333333333334,0.12757456302642822,0.692633738729875
UBFC_PHYS_s14_T1_ctrl,16,23,16.766666666666666,0.39042750000953674,0.7248037582235394
UBFC_PHYS_s14_T1_ctrl,16,24,16.8,0.5778577327728271,0.6811907906751102
UBFC_PHYS_s14_T1_ctrl,16,25,16.833333333333332,0.6361005306243896,0.586613928560647
UBFC_PHYS_s14_T1_ctrl,16,26,16.866666666666667,0.6437329053878784,0.45892960724650844
UBFC_PHYS_s14_T1_ctrl,16,27,16.9,0.6023602485656738,0.3021533980998506
UBFC_PHYS_s14_T1_ctrl,16,28,16.933333333333334,0.4493180513381958,0.10959170962306426
UBFC_PHYS_s14_T1_ctrl,16,29,16.966666666666665,0.18057887256145477,-0.12517011478196147
UBFC_PHYS_s14_T1_ctrl,16,30,17.0,-0.13558818399906158,-0.3952061929882255
UBFC_PHYS_s14_T1_ctrl,16,31,17.033333333333335,-0.3747835159301758,-0.6719105270622825
UBFC_PHYS_s14_T1_ctrl,16,32,17.066666666666666,-0.44296813011169434,-0.9062040780503895
UBFC_PHYS_s14_T1_ctrl,16,33,17.1,-0.36371514201164246,-1.0401559056822585
UBFC_PHYS_s14_T1_ctrl,16,34,17.133333333333333,-0.2038009613752365,-1.0255699407596475
UBFC_PHYS_s14_T1_ctrl,16,35,17.166666666666668,0.001006345497444272,-0.8428307084315887
UBFC_PHYS_s14_T1_ctrl,16,36,17.2,0.11492900550365448,-0.5122377485061751
UBFC_PHYS_s14_T1_ctrl,16,37,17.233333333333334,-0.09587720036506653,-0.09200118210651705
UBFC_PHYS_s14_T1_ctrl,16,38,17.266666666666666,-0.6737706661224365,0.3380059741748402
UBFC_PHYS_s14_T1_ctrl,16,39,17.3,-1.3277627229690552,0.7010177972551979
UBFC_PHYS_s14_T1_ctrl,16,40,17.333333333333332,-1.7293788194656372,0.9456631863575161
UBFC_PHYS_s14_T1_ctrl,16,41,17.366666666666667,-1.768751859664917,1.0553903153862447
UBFC_PHYS_s14_T1_ctrl,16,42,17.4,-1.6015995740890503,1.04236066837419
UBFC_PHYS_s14_T1_ctrl,16,43,17.433333333333334,-1.5334713459014893,0.9319785239672123
UBFC_PHYS_s14_T1_ctrl,16,44,17.466666666666665,-1.7397149801254272,0.7476420616067001
UBFC_PHYS_s14_T1_ctrl,16,45,17.5,-2.116068124771118,0.5029788062876686
UBFC_PHYS_s14_T1_ctrl,16,46,17.533333333333335,-2.3950588703155518,0.20389627497898416
UBFC_PHYS_s14_T1_ctrl,16,47,17.566666666666666,-2.381681203842163,-0.14209655744497343
UBFC_PHYS_s14_T1_ctrl,16,48,17.6,-2.1099846363067627,-0.514928638389753
UBFC_PHYS_s14_T1_ctrl,16,49,17.633333333333333,-1.8300926685333252,-0.8754630860550824
UBFC_PHYS_s14_T1_ctrl,16,50,17.666666666666668,-1.7497975826263428,-1.1675520506047663
UBFC_PHYS_s14_T1_ctrl,16,51,17.7,-1.8249105215072632,-1.3293311845697442
UBFC_PHYS_s14_T1_ctrl,16,52,17.733333333333334,-1.8164331912994385,-1.310847584001333
UBFC_PHYS_s14_T1_ctrl,16,53,17.766666666666666,-1.4697365760803223,-1.0922532523295991
UBFC_PHYS_s14_T1_ctrl,16,54,17.8,-0.7623458504676819,-0.6954757495483372
UBFC_PHYS_s14_T1_ctrl,16,55,17.833333333333332,-0.11657761037349701,-0.18348182832592913
UBFC_PHYS_s14_T1_ctrl,16,56,17.866666666666667,-0.05225143954157829,0.3545819913219548
UBFC_PHYS_s14_T1_ctrl,16,57,17.9,-0.5125046372413635,0.8277767742879529
UBFC_PHYS_s14_T1_ctrl,16,58,17.933333333333334,-0.8740999102592468,1.1670935474281057
UBFC_PHYS_s14_T1_ctrl,16,59,17.966666666666665,-0.713678777217865,1.3382488823840062
UBFC_PHYS_s14_T1_ctrl,16,60,18.0,-0.17107459902763367,1.3402499617406503
UBFC_PHYS_s14_T1_ctrl,16,61,18.033333333333335,0.4318564832210541,1.1944545342047719
UBFC_PHYS_s14_T1_ctrl,16,62,18.066666666666666,0.9357354044914246,0.9316634344700623
UBFC_PHYS_s14_T1_ctrl,16,63,18.1,1.266547679901123,0.5829288370562812
UBFC_PHYS_s14_T1_ctrl,16,64,18.133333333333333,1.3476313352584839,0.17666317332976955
UBFC_PHYS_s14_T1_ctrl,16,65,18.166666666666668,1.2319061756134033,-0.25838591750209156
UBFC_PHYS_s14_T1_ctrl,16,66,18.2,1.119194507598877,-0.6873860268199896
UBFC_PHYS_s14_T1_ctrl,16,67,18.233333333333334,1.1266579627990723,-1.0654178600173014
UBFC_PHYS_s14_T1_ctrl,16,68,18.266666666666666,1.193518877029419,-1.3391985348033617
UBFC_PHYS_s14_T1_ctrl,16,69,18.3,1.2362152338027954,-1.4561280811969413
UBFC_PHYS_s14_T1_ctrl,16,70,18.333333333333332,1.2158527374267578,-1.3788807838353665
UBFC_PHYS_s14_T1_ctrl,16,71,18.366666666666667,1.076807975769043,-1.1005803672533143
UBFC_PHYS_s14_T1_ctrl,16,72,18.4,0.8181514739990234,-0.6539453422101754
UBFC_PHYS_s14_T1_ctrl,16,73,18.433333333333334,0.5505951642990112,-0.10884111653907119
UBFC_PHYS_s14_T1_ctrl,16,74,18.466666666666665,0.33148062229156494,0.4432314522369569
UBFC_PHYS_s14_T1_ctrl,16,75,18.5,0.0663464143872261,0.9130768469584071
UBFC_PHYS_s14_T1_ctrl,16,76,18.533333333333335,-0.2765481173992157,1.2363033409911988
UBFC_PHYS_s14_T1_ctrl,16,77,18.566666666666666,-0.49000170826911926,1.3845719306045368
UBFC_PHYS_s14_T1_ctrl,16,78,18.6,-0.36413758993148804,1.3624960189158086
UBFC_PHYS_s14_T1_ctrl,16,79,18.633333333333333,0.05378534644842148,1.1950849502394338
UBFC_PHYS_s14_T1_ctrl,16,80,18.666666666666668,0.5386536717414856,0.9139229706545888
UBFC_PHYS_s14_T1_ctrl,16,81,18.7,0.9263850450515747,0.5485344635040058
UBFC_PHYS_s14_T1_ctrl,16,82,18.733333333333334,1.1741421222686768,0.12537176355900478
UBFC_PHYS_s14_T1_ctrl,16,83,18.766666666666666,1.2265268564224243,-0.3271682768360373
UBFC_PHYS_s14_T1_ctrl,16,84,18.8,1.0467008352279663,-0.7719561044712593
UBFC_PHYS_s14_T1_ctrl,16,85,18.833333333333332,0.775229811668396,-1.1595071415988918
UBFC_PHYS_s14_T1_ctrl,16,86,18.866666666666667,0.6140201091766357,-1.4312084497515432
UBFC_PHYS_s14_T1_ctrl,16,87,18.9,0.5705914497375488,-1.5303694657158364
UBFC_PHYS_s14_T1_ctrl,16,88,18.933333333333334,0.4792843759059906,-1.418686990869693
UBFC_PHYS_s14_T1_ctrl,16,89,18.966666666666665,0.23096394538879395,-1.0925964075264059
UBFC_PHYS_s14_T1_ctrl,16,90,19.0,-0.12122464179992676,-0.5923602177453412
UBFC_PHYS_s14_T1_ctrl,16,91,19.033333333333335,-0.4489670395851135,0.00193351635907909
UBFC_PHYS_s14_T1_ctrl,16,92,19.066666666666666,-0.7052859663963318,0.588542206929504
UBFC_PHYS_s14_T1_ctrl,16,93,19.1,-0.9314132928848267,1.070793565319883
UBFC_PHYS_s14_T1_ctrl,16,94,19.133333333333333,-1.1171536445617676,1.3814679097636735
UBFC_PHYS_s14_T1_ctrl,16,95,19.166666666666668,-1.133432388305664,1.4944429543253894
UBFC_PHYS_s14_T1_ctrl,16,96,19.2,-0.8488651514053345,1.4205195424080486
UBFC_PHYS_s14_T1_ctrl,16,97,19.233333333333334,-0.3061201274394989,1.192942179015731
UBFC_PHYS_s14_T1_ctrl,16,98,19.266666666666666,0.21606528759002686,0.8518045345019608
UBFC_PHYS_s14_T1_ctrl,16,99,19.3,0.37195202708244324,0.4345119746139987
UBFC_PHYS_s14_T1_ctrl,16,100,19.333333333333332,0.09253876656293869,-0.025458589484575037
UBFC_PHYS_s14_T1_ctrl,16,101,19.366666666666667,-0.33763545751571655,-0.4938960779574603
UBFC_PHYS_s14_T1_ctrl,16,102,19.4,-0.552215576171875,-0.9299550423643222
UBFC_PHYS_s14_T1_ctrl,16,103,19.433333333333334,-0.4099038243293762,-1.2836512337590298
UBFC_PHYS_s14_T1_ctrl,16,104,19.466666666666665,-0.005105203948915005,-1.499956854168074
UBFC_PHYS_s14_T1_ctrl,16,105,19.5,0.4723278880119324,-1.530144521149649
UBFC_PHYS_s14_T1_ctrl,16,106,19.533333333333335,0.8607633113861084,-1.3476333536195608
UBFC_PHYS_s14_T1_ctrl,16,107,19.566666666666666,1.1017611026763916,-0.9624187593635
UBFC_PHYS_s14_T1_ctrl,16,108,19.6,1.1741985082626343,-0.4268563059561676
UBFC_PHYS_s14_T1_ctrl,16,109,19.633333333333333,1.054755687713623,0.17222003195791746
UBFC_PHYS_s14_T1_ctrl,16,110,19.666666666666668,0.7477700710296631,0.7342745342200486
UBFC_PHYS_s14_T1_ctrl,16,111,19.7,0.23355501890182495,1.1713136905560049
UBFC_PHYS_s14_T1_ctrl,16,112,19.733333333333334,-0.44634780287742615,1.4285808676872076
UBFC_PHYS_s14_T1_ctrl,16,113,19.766666666666666,-0.9243723154067993,1.4912023323102768
UBFC_PHYS_s14_T1_ctrl,16,114,19.8,-0.7975788116455078,1.3762833595317827
UBFC_PHYS_s14_T1_ctrl,16,115,19.833333333333332,-0.24472299218177795,1.1176350048075283
UBFC_PHYS_s14_T1_ctrl,16,116,19.866666666666667,0.2719423174858093,0.7522624165766394
UBFC_PHYS_s14_T1_ctrl,16,117,19.9,0.5389916896820068,0.31430984303043247
UBFC_PHYS_s14_T1_ctrl,16,118,19.933333333333334,0.4882122874259949,-0.16313131657131494
UBFC_PHYS_s14_T1_ctrl,16,119,19.966666666666665,0.11095790565013885,-0.6420332209375997
UBFC_PHYS_s14_T1_ctrl,16,120,20.0,-0.29316475987434387,-1.0743590925913602
UBFC_PHYS_s14_T1_ctrl,16,121,20.033333333333335,-0.3434653580188751,-1.4022455980634512
UBFC_PHYS_s14_T1_ctrl,16,122,20.066666666666666,-0.15293709933757782,-1.5658747443089058
UBFC_PHYS_s14_T1_ctrl,16,123,20.1,-0.06267205625772476,-1.5185236300339182
UBFC_PHYS_s14_T1_ctrl,16,124,20.133333333333333,-0.1493602991104126,-1.2445008632212755
UBFC_PHYS_s14_T1_ctrl,16,125,20.166666666666668,-0.22486750781536102,-0.7724838950037293
UBFC_PHYS_s14_T1_ctrl,16,126,20.2,-0.12494226545095444,-0.17631239262792417
UBFC_PHYS_s14_T1_ctrl,16,127,20.233333333333334,0.0655578225851059,0.4404948583017872
UBFC_PHYS_s14_T1_ctrl,16,128,20.266666666666666,0.02505824901163578,0.9721342750106394
UBFC_PHYS_s14_T1_ctrl,16,129,20.3,-0.3793460726737976,1.338565162946532
UBFC_PHYS_s14_T1_ctrl,16,130,20.333333333333332,-0.8251793384552002,1.5022955953752763
UBFC_PHYS_s14_T1_ctrl,16,131,20.366666666666667,-0.9349619150161743,1.46805920660564
UBFC_PHYS_s14_T1_ctrl,16,132,20.4,-0.6532673835754395,1.268698633237776
UBFC_PHYS_s14_T1_ctrl,16,133,20.433333333333334,-0.15020520985126495,0.9469328394754305
UBFC_PHYS_s14_T1_ctrl,16,134,20.466666666666665,0.38544249534606934,0.5424103214738147
UBFC_PHYS_s14_T1_ctrl,16,135,20.5,0.8043793439865112,0.08830135247654926
UBFC_PHYS_s14_T1_ctrl,16,136,20.533333333333335,1.01819908618927,-0.3840953441548547
UBFC_PHYS_s14_T1_ctrl,16,137,20.566666666666666,1.0414342880249023,-0.8378233094586423
UBFC_PHYS_s14_T1_ctrl,16,138,20.6,0.9192032814025879,-1.2254193994005482
UBFC_PHYS_s14_T1_ctrl,16,139,20.633333333333333,0.751037061214447,-1.4907163079144092
UBFC_PHYS_s14_T1_ctrl,16,140,20.666666666666668,0.679895281791687,-1.5787313658566138
UBFC_PHYS_s14_T1_ctrl,16,141,20.7,0.7114387154579163,-1.451838054750202
UBFC_PHYS_s14_T1_ctrl,16,142,20.733333333333334,0.6816695928573608,-1.1068210270510237
UBFC_PHYS_s14_T1_ctrl,16,143,20.766666666666666,0.5085465908050537,-0.5851289282029845
UBFC_PHYS_s14_T1_ctrl,16,144,20.8,0.2594093978404999,0.03040118943428243
UBFC_PHYS_s14_T1_ctrl,16,145,20.833333333333332,-0.07010730355978012,0.6340174933683761
UBFC_PHYS_s14_T1_ctrl,16,146,20.866666666666667,-0.5179120898246765,1.124857808143706
UBFC_PHYS_s14_T1_ctrl,16,147,20.9,-0.9611542820930481,1.4328114274585606
UBFC_PHYS_s14_T1_ctrl,16,148,20.933333333333334,-1.160047173500061,1.5318324963448477
UBFC_PHYS_s14_T1_ctrl,16,149,20.966666666666665,-0.9684205651283264,1.436558612034767
UBFC_PHYS_s14_T1_ctrl,16,150,21.0,-0.44524940848350525,1.186613788686524
UBFC_PHYS_s14_T1_ctrl,16,151,21.033333333333335,0.1904362142086029,0.828355242564571
UBFC_PHYS_s14_T1_ctrl,16,152,21.066666666666666,0.6984552145004272,0.40294629414865835
UBFC_PHYS_s14_T1_ctrl,16,153,21.1,0.9557035565376282,-0.055696106695025824
UBFC_PHYS_s14_T1_ctrl,16,154,21.133333333333333,0.9661523699760437,-0.5153236713446755
UBFC_PHYS_s14_T1_ctrl,16,155,21.166666666666668,0.838598370552063,-0.9378315253180102
UBFC_PHYS_s14_T1_ctrl,16,156,21.2,0.711692214012146,-1.275615058662806
UBFC_PHYS_s14_T1_ctrl,16,157,21.233333333333334,0.6450002789497375,-1.4753845642425873
UBFC_PHYS_s14_T1_ctrl,16,158,21.266666666666666,0.6038529276847839,-1.4897973697934672
UBFC_PHYS_s14_T1_ctrl,16,159,21.3,0.5484547019004822,-1.2937797104472
UBFC_PHYS_s14_T1_ctrl,16,160,21.333333333333332,0.47176462411880493,-0.899344245640893
UBFC_PHYS_s14_T1_ctrl,16,161,21.366666666666667,0.34815362095832825,-0.36153529379408783
UBFC_PHYS_s14_T1_ctrl,16,162,21.4,0.13596737384796143,0.2297416592233919
UBFC_PHYS_s14_T1_ctrl,16,163,21.433333333333334,-0.16961008310317993,0.7715210775064802
UBFC_PHYS_s14_T1_ctrl,16,164,21.466666666666665,-0.5272624492645264,1.1754617259939004
UBFC_PHYS_s14_T1_ctrl,16,165,21.5,-0.8360224366188049,1.3897278231513024
UBFC_PHYS_s14_T1_ctrl,16,166,21.533333333333335,-0.8545542359352112,1.4061808511369496
UBFC_PHYS_s14_T1_ctrl,16,167,21.566666666666666,-0.3867813050746918,1.25166578959166
UBFC_PHYS_s14_T1_ctrl,16,168,21.6,0.42687147855758667,0.9699455243544859
UBFC_PHYS_s14_T1_ctrl,16,169,21.633333333333333,1.209515929222107,0.604415639926681
UBFC_PHYS_s14_T1_ctrl,16,170,21.666666666666668,1.7480082511901855,0.18946074118250447
UBFC_PHYS_s14_T1_ctrl,16,171,21.7,2.0538392066955566,-0.24761115341578205
UBFC_PHYS_s14_T1_ctrl,16,172,21.733333333333334,2.1639597415924072,-0.6779155550585022
UBFC_PHYS_s14_T1_ctrl,16,173,21.766666666666666,2.0865373611450195,-1.0624731323609775
UBFC_PHYS_s14_T1_ctrl,16,174,21.8,1.8954176902770996,-1.350035864006269
UBFC_PHYS_s14_T1_ctrl,16,175,21.833333333333332,1.748430609703064,-1.4842483247869112
UBFC_PHYS_s14_T1_ctrl,16,176,21.866666666666667,1.8060256242752075,-1.4190604892223442
UBFC_PHYS_s14_T1_ctrl,16,177,21.9,1.9946106672286987,-1.1374633131774319
UBFC_PHYS_s14_T1_ctrl,16,178,21.933333333333334,1.8942347764968872,-0.6659376444255565
UBFC_PHYS_s14_T1_ctrl,16,179,21.966666666666665,1.1566805839538574,-0.07681326807941415
UBFC_PHYS_s14_T1_ctrl,16,180,22.0,0.024945594370365143,0.5258544071093724
UBFC_PHYS_s14_T1_ctrl,16,181,22.033333333333335,-0.8734521269798279,1.0341310250717222
UBFC_PHYS_s14_T1_ctrl,16,182,22.066666666666666,-1.2642251253128052,1.3668357654253447
UBFC_PHYS_s14_T1_ctrl,16,183,22.1,-1.307484745979309,1.4891420843176952
UBFC_PHYS_s14_T1_ctrl,16,184,22.133333333333333,-1.1512601375579834,1.4133474214508008
UBFC_PHYS_s14_T1_ctrl,16,185,22.166666666666668,-0.8103933334350586,1.1833104766334788
UBFC_PHYS_s14_T1_ctrl,16,186,22.2,-0.4833550453186035,0.8524252004095986
UBFC_PHYS_s14_T1_ctrl,16,187,22.233333333333334,-0.5877301692962646,0.46617107887368897
UBFC_PHYS_s14_T1_ctrl,16,188,22.266666666666666,-1.2770678997039795,0.055903940559590616
UBFC_PHYS_s14_T1_ctrl,16,189,22.3,-2.1222360134124756,-0.356193665157819
UBFC_PHYS_s14_T1_ctrl,16,190,22.333333333333332,-2.5795037746429443,-0.7465215487570022
UBFC_PHYS_s14_T1_ctrl,16,191,22.366666666666667,-2.47969126701355,-1.0813122423454857
UBFC_PHYS_s14_T1_ctrl,16,192,22.4,-2.010538339614868,-1.3154749894730735
UBFC_PHYS_s14_T1_ctrl,16,193,22.433333333333334,-1.4768620729446411,-1.400887721840098
UBFC_PHYS_s14_T1_ctrl,16,194,22.466666666666665,-1.10276198387146,-1.3018500788273457
UBFC_PHYS_s14_T1_ctrl,16,195,22.5,-0.9264283180236816,-1.012048602531463
UBFC_PHYS_s14_T1_ctrl,16,196,22.533333333333335,-0.8462177515029907,-0.5655652816078485
UBFC_PHYS_s14_T1_ctrl,16,197,22.566666666666666,-0.7905660271644592,-0.03537298339465343
UBFC_PHYS_s14_T1_ctrl,16,198,22.6,-0.8289251327514648,0.4829405949785792
UBFC_PHYS_s14_T1_ctrl,16,199,22.633333333333333,-1.0199040174484253,0.8976752011422017
UBFC_PHYS_s14_T1_ctrl,16,200,22.666666666666668,-1.1801843643188477,1.1469185155613393
UBFC_PHYS_s14_T1_ctrl,16,201,22.7,-0.9634355306625366,1.212169071159562
UBFC_PHYS_s14_T1_ctrl,16,202,22.733333333333334,-0.2674511969089508,1.1146038434884091
UBFC_PHYS_s14_T1_ctrl,16,203,22.766666666666666,0.5821667909622192,0.8981994566269159
UBFC_PHYS_s14_T1_ctrl,16,204,22.8,1.1624541282653809,0.6095577432124465
UBFC_PHYS_s14_T1_ctrl,16,205,22.833333333333332,1.33639395236969,0.2840978707881387
UBFC_PHYS_s14_T1_ctrl,16,206,22.866666666666667,1.1923359632492065,-0.05644701339791627
UBFC_PHYS_s14_T1_ctrl,16,207,22.9,0.9118524789810181,-0.396643269216325
UBFC_PHYS_s14_T1_ctrl,16,208,22.933333333333334,0.7054116725921631,-0.7163208260484483
UBFC_PHYS_s14_T1_ctrl,16,209,22.966666666666665,0.7096080780029297,-0.9833286381654881
UBFC_PHYS_s14_T1_ctrl,16,210,23.0,0.8259246945381165,-1.154905002296379
UBFC_PHYS_s14_T1_ctrl,16,211,23.033333333333335,0.7705264687538147,-1.1880048863324018
UBFC_PHYS_s14_T1_ctrl,16,212,23.066666666666666,0.4689764082431793,-1.0549402099317164
UBFC_PHYS_s14_T1_ctrl,16,213,23.1,0.14154382050037384,-0.7582194910117328
UBFC_PHYS_s14_T1_ctrl,16,214,23.133333333333333,-0.08976565301418304,-0.3378774328611008
UBFC_PHYS_s14_T1_ctrl,16,215,23.166666666666668,-0.3745582103729248,0.13359376064273012
UBFC_PHYS_s14_T1_ctrl,16,216,23.2,-0.827150821685791,0.5692332590573242
UBFC_PHYS_s14_T1_ctrl,16,217,23.233333333333334,-1.3135682344436646,0.8930802750188072
UBFC_PHYS_s14_T1_ctrl,16,218,23.266666666666666,-1.5334713459014893,1.0626988999426155
UBFC_PHYS_s14_T1_ctrl,16,219,23.3,-1.239553689956665,1.0783841876906557
UBFC_PHYS_s14_T1_ctrl,16,220,23.333333333333332,-0.4928462505340576,0.9752519962876784
UBFC_PHYS_s14_T1_ctrl,16,221,23.366666666666667,0.3469144105911255,0.8032141149775613
UBFC_PHYS_s14_T1_ctrl,16,222,23.4,0.9374533891677856,0.6051750193421415
UBFC_PHYS_s14_T1_ctrl,16,223,23.433333333333334,1.1686784029006958,0.40350121962687513
UBFC_PHYS_s14_T1_ctrl,16,224,23.466666666666665,1.0649510622024536,0.19987502820657319
UBFC_PHYS_s14_T1_ctrl,16,225,23.5,0.7105938196182251,-0.01329493309007067
UBFC_PHYS_s14_T1_ctrl,16,226,23.533333333333335,0.3217359483242035,-0.237331223703539
UBFC_PHYS_s14_T1_ctrl,16,227,23.566666666666666,0.12258956581354141,-0.4563921534335071
UBFC_PHYS_s14_T1_ctrl,16,228,23.6,0.11636535823345184,-0.6365552991914493
UBFC_PHYS_s14_T1_ctrl,16,229,23.633333333333333,0.16221605241298676,-0.7348737761876953
UBFC_PHYS_s14_T1_ctrl,16,230,23.666666666666668,0.188154935836792,-0.7145385733794526
UBFC_PHYS_s14_T1_ctrl,16,231,23.7,0.17187625169754028,-0.560687815183591
UBFC_PHYS_s14_T1_ctrl,16,232,23.733333333333334,0.02942364104092121,-0.2913916074102511
UBFC_PHYS_s14_T1_ctrl,16,233,23.766666666666666,-0.29919183254241943,0.04062613915018054
UBFC_PHYS_s14_T1_ctrl,16,234,23.8,-0.7339567542076111,0.35787366337757864
UBFC_PHYS_s14_T1_ctrl,16,235,23.833333333333332,-1.1294894218444824,0.5782346217064064
UBFC_PHYS_s14_T1_ctrl,16,236,23.866666666666667,-1.272505283355713,0.6393203472565121
UBFC_PHYS_s14_T1_ctrl,16,237,23.9,-0.953803539276123,0.5182537263274761
UBFC_PHYS_s14_T1_ctrl,16,238,23.933333333333334,-0.24520178139209747,0.2397160440257218
UBFC_PHYS_s14_T1_ctrl,16,239,23.966666666666665,0.5455256700515747,-0.1300886835077209
UBFC_PHYS_s14_T1_ctrl,17,0,17.0,-0.13558818399906158,0.12358607498941515
UBFC_PHYS_s14_T1_ctrl,17,1,17.033333333333335,-0.3747835159301758,-0.15094663557955157
UBFC_PHYS_s14_T1_ctrl,17,2,17.066666666666666,-0.44296813011169434,-0.33979744552592905
UBFC_PHYS_s14_T1_ctrl,17,3,17.1,-0.36371514201164246,-0.37698568358557843
UBFC_PHYS_s14_T1_ctrl,17,4,17.133333333333333,-0.2038009613752365,-0.23466554032563253
UBFC_PHYS_s14_T1_ctrl,17,5,17.166666666666668,0.001006345497444272,0.06880862789011777
UBFC_PHYS_s14_T1_ctrl,17,6,17.2,0.11492900550365448,0.47258784718295277
UBFC_PHYS_s14_T1_ctrl,17,7,17.233333333333334,-0.09587720036506653,0.8890767193388949
UBFC_PHYS_s14_T1_ctrl,17,8,17.266666666666666,-0.6737706661224365,1.227871087813873
UBFC_PHYS_s14_T1_ctrl,17,9,17.3,-1.3277627229690552,1.420442692439294
UBFC_PHYS_s14_T1_ctrl,17,10,17.333333333333332,-1.7293788194656372,1.437005165385076
UBFC_PHYS_s14_T1_ctrl,17,11,17.366666666666667,-1.768751859664917,1.289553094501776
UBFC_PHYS_s14_T1_ctrl,17,12,17.4,-1.6015995740890503,1.0207511846552464
UBFC_PHYS_s14_T1_ctrl,17,13,17.433333333333334,-1.5334713459014893,0.6843077249124886
UBFC_PHYS_s14_T1_ctrl,17,14,17.466666666666665,-1.7397149801254272,0.3256135013183015
UBFC_PHYS_s14_T1_ctrl,17,15,17.5,-2.116068124771118,-0.029378023479592615
UBFC_PHYS_s14_T1_ctrl,17,16,17.533333333333335,-2.3950588703155518,-0.3731766890155089
UBFC_PHYS_s14_T1_ctrl,17,17,17.566666666666666,-2.381681203842163,-0.7055226313597641
UBFC_PHYS_s14_T1_ctrl,17,18,17.6,-2.1099846363067627,-1.0185760549045386
UBFC_PHYS_s14_T1_ctrl,17,19,17.633333333333333,-1.8300926685333252,-1.2867953628301048
UBFC_PHYS_s14_T1_ctrl,17,20,17.666666666666668,-1.7497975826263428,-1.467184831904838
UBFC_PHYS_s14_T1_ctrl,17,21,17.7,-1.8249105215072632,-1.5105496468430082
UBFC_PHYS_s14_T1_ctrl,17,22,17.733333333333334,-1.8164331912994385,-1.3795632550381929
UBFC_PHYS_s14_T1_ctrl,17,23,17.766666666666666,-1.4697365760803223,-1.0665749175957264
UBFC_PHYS_s14_T1_ctrl,17,24,17.8,-0.7623458504676819,-0.6038373218361702
UBFC_PHYS_s14_T1_ctrl,17,25,17.833333333333332,-0.11657761037349701,-0.06101501975646509
UBFC_PHYS_s14_T1_ctrl,17,26,17.866666666666667,-0.05225143954157829,0.471043153129947
UBFC_PHYS_s14_T1_ctrl,17,27,17.9,-0.5125046372413635,0.905541849741684
UBFC_PHYS_s14_T1_ctrl,17,28,17.933333333333334,-0.8740999102592468,1.1837966674802505
UBFC_PHYS_s14_T1_ctrl,17,29,17.966666666666665,-0.713678777217865,1.287286972371301
UBFC_PHYS_s14_T1_ctrl,17,30,18.0,-0.17107459902763367,1.2332549116087879
UBFC_PHYS_s14_T1_ctrl,17,31,18.033333333333335,0.4318564832210541,1.0582711630745536
UBFC_PHYS_s14_T1_ctrl,17,32,18.066666666666666,0.9357354044914246,0.7994546777345771
UBFC_PHYS_s14_T1_ctrl,17,33,18.1,1.266547679901123,0.4826855388005193
UBFC_PHYS_s14_T1_ctrl,17,34,18.133333333333333,1.3476313352584839,0.12244383266219495
UBFC_PHYS_s14_T1_ctrl,17,35,18.166666666666668,1.2319061756134033,-0.26855889907848945
UBFC_PHYS_s14_T1_ctrl,17,36,18.2,1.119194507598877,-0.666928498891477
UBFC_PHYS_s14_T1_ctrl,17,37,18.233333333333334,1.1266579627990723,-1.0314345788685533
UBFC_PHYS_s14_T1_ctrl,17,38,18.266666666666666,1.193518877029419,-1.3059111391863365
UBFC_PHYS_s14_T1_ctrl,17,39,18.3,1.2362152338027954,-1.4317887355138732
UBFC_PHYS_s14_T1_ctrl,17,40,18.333333333333332,1.2158527374267578,-1.3659378426715028
UBFC_PHYS_s14_T1_ctrl,17,41,18.366666666666667,1.076807975769043,-1.0976083717341683
UBFC_PHYS_s14_T1_ctrl,17,42,18.4,0.8181514739990234,-0.657980568344176
UBFC_PHYS_s14_T1_ctrl,17,43,18.433333333333334,0.5505951642990112,-0.1173550882974679
UBFC_PHYS_s14_T1_ctrl,17,44,18.466666666666665,0.33148062229156494,0.4312993050725591
UBFC_PHYS_s14_T1_ctrl,17,45,18.5,0.0663464143872261,0.8978571198482148
UBFC_PHYS_s14_T1_ctrl,17,46,18.533333333333335,-0.2765481173992157,1.2191679249071508
UBFC_PHYS_s14_T1_ctrl,17,47,18.566666666666666,-0.49000170826911926,1.3707405306714298
UBFC_PHYS_s14_T1_ctrl,17,48,18.6,-0.36413758993148804,1.3619420296797122
UBFC_PHYS_s14_T1_ctrl,17,49,18.633333333333333,0.05378534644842148,1.2200861212869853
UBFC_PHYS_s14_T1_ctrl,17,50,18.666666666666668,0.5386536717414856,0.973692676816456
UBFC_PHYS_s14_T1_ctrl,17,51,18.7,0.9263850450515747,0.6438008334569666
UBFC_PHYS_s14_T1_ctrl,17,52,18.733333333333334,1.1741421222686768,0.24654391666954364
UBFC_PHYS_s14_T1_ctrl,17,53,18.766666666666666,1.2265268564224243,-0.19646985121118712
UBFC_PHYS_s14_T1_ctrl,17,54,18.8,1.0467008352279663,-0.6477715001553676
UBFC_PHYS_s14_T1_ctrl,17,55,18.833333333333332,0.775229811668396,-1.0512507386833705
UBFC_PHYS_s14_T1_ctrl,17,56,18.866666666666667,0.6140201091766357,-1.34011716370137
UBFC_PHYS_s14_T1_ctrl,17,57,18.9,0.5705914497375488,-1.4532648628155598
UBFC_PHYS_s14_T1_ctrl,17,58,18.933333333333334,0.4792843759059906,-1.3543889888640193
UBFC_PHYS_s14_T1_ctrl,17,59,18.966666666666665,0.23096394538879395,-1.0471223509502192
UBFC_PHYS_s14_T1_ctrl,17,60,19.0,-0.12122464179992676,-0.5798226594662879
UBFC_PHYS_s14_T1_ctrl,17,61,19.033333333333335,-0.4489670395851135,-0.03622734251791219
UBFC_PHYS_s14_T1_ctrl,17,62,19.066666666666666,-0.7052859663963318,0.4865353616629111
UBFC_PHYS_s14_T1_ctrl,17,63,19.1,-0.9314132928848267,0.9049689445761535
UBFC_PHYS_s14_T1_ctrl,17,64,19.133333333333333,-1.1171536445617676,1.1700246527827718
UBFC_PHYS_s14_T1_ctrl,17,65,19.166666666666668,-1.133432388305664,1.2726661372011574
UBFC_PHYS_s14_T1_ctrl,17,66,19.2,-0.8488651514053345,1.2332518640945351
UBFC_PHYS_s14_T1_ctrl,17,67,19.233333333333334,-0.3061201274394989,1.0825193162165128
UBFC_PHYS_s14_T1_ctrl,17,68,19.266666666666666,0.21606528759002686,0.8454065911045322
UBFC_PHYS_s14_T1_ctrl,17,69,19.3,0.37195202708244324,0.5358109550619835
UBFC_PHYS_s14_T1_ctrl,17,70,19.333333333333332,0.09253876656293869,0.16320655957906305
UBFC_PHYS_s14_T1_ctrl,17,71,19.366666666666667,-0.33763545751571655,-0.2547492654496202
UBFC_PHYS_s14_T1_ctrl,17,72,19.4,-0.552215576171875,-0.6821956815905178
UBFC_PHYS_s14_T1_ctrl,17,73,19.433333333333334,-0.4099038243293762,-1.064093876048476
UBFC_PHYS_s14_T1_ctrl,17,74,19.466666666666665,-0.005105203948915005,-1.335686013959047
UBFC_PHYS_s14_T1_ctrl,17,75,19.5,0.4723278880119324,-1.4389739324460726
UBFC_PHYS_s14_T1_ctrl,17,76,19.533333333333335,0.8607633113861084,-1.3405447924324696
UBFC_PHYS_s14_T1_ctrl,17,77,19.566666666666666,1.1017611026763916,-1.044825905219495
UBFC_PHYS_s14_T1_ctrl,17,78,19.6,1.1741985082626343,-0.5975411223711439
UBFC_PHYS_s14_T1_ctrl,17,79,19.633333333333333,1.054755687713623,-0.07644111827814333
UBFC_PHYS_s14_T1_ctrl,17,80,19.666666666666668,0.7477700710296631,0.42906205055227814
UBFC_PHYS_s14_T1_ctrl,17,81,19.7,0.23355501890182495,0.842244227517131
UBFC_PHYS_s14_T1_ctrl,17,82,19.733333333333334,-0.44634780287742615,1.1169440414411105
UBFC_PHYS_s14_T1_ctrl,17,83,19.766666666666666,-0.9243723154067993,1.2409892532454676
UBFC_PHYS_s14_T1_ctrl,17,84,19.8,-0.7975788116455078,1.2256938361037644
UBFC_PHYS_s14_T1_ctrl,17,85,19.833333333333332,-0.24472299218177795,1.0901697541051627
UBFC_PHYS_s14_T1_ctrl,17,86,19.866666666666667,0.2719423174858093,0.8507875217550591
UBFC_PHYS_s14_T1_ctrl,17,87,19.9,0.5389916896820068,0.5210651007693268
UBFC_PHYS_s14_T1_ctrl,17,88,19.933333333333334,0.4882122874259949,0.11981940528770102
UBFC_PHYS_s14_T1_ctrl,17,89,19.966666666666665,0.11095790565013885,-0.3195244726527578
UBFC_PHYS_s14_T1_ctrl,17,90,20.0,-0.29316475987434387,-0.7453672927656061
UBFC_PHYS_s14_T1_ctrl,17,91,20.033333333333335,-0.3434653580188751,-1.0932619167559672
UBFC_PHYS_s14_T1_ctrl,17,92,20.066666666666666,-0.15293709933757782,-1.2991220507381085
UBFC_PHYS_s14_T1_ctrl,17,93,20.1,-0.06267205625772476,-1.3163165690513015
UBFC_PHYS_s14_T1_ctrl,17,94,20.133333333333333,-0.1493602991104126,-1.1311299948054268
UBFC_PHYS_s14_T1_ctrl,17,95,20.166666666666668,-0.22486750781536102,-0.7708518494833175
UBFC_PHYS_s14_T1_ctrl,17,96,20.2,-0.12494226545095444,-0.3000390616912806
UBFC_PHYS_s14_T1_ctrl,17,97,20.233333333333334,0.0655578225851059,0.1957163388250625
UBFC_PHYS_s14_T1_ctrl,17,98,20.266666666666666,0.02505824901163578,0.6332976157379442
UBFC_PHYS_s14_T1_ctrl,17,99,20.3,-0.3793460726737976,0.9532393307674536
UBFC_PHYS_s14_T1_ctrl,17,100,20.333333333333332,-0.8251793384552002,1.129611247094367
UBFC_PHYS_s14_T1_ctrl,17,101,20.366666666666667,-0.9349619150161743,1.1655319109323967
UBFC_PHYS_s14_T1_ctrl,17,102,20.4,-0.6532673835754395,1.0791809936666865
UBFC_PHYS_s14_T1_ctrl,17,103,20.433333333333334,-0.15020520985126495,0.889947340176133
UBFC_PHYS_s14_T1_ctrl,17,104,20.466666666666665,0.38544249534606934,0.6126179949405478
UBFC_PHYS_s14_T1_ctrl,17,105,20.5,0.8043793439865112,0.2612334282636629
UBFC_PHYS_s14_T1_ctrl,17,106,20.533333333333335,1.01819908618927,-0.14198590996100793
UBFC_PHYS_s14_T1_ctrl,17,107,20.566666666666666,1.0414342880249023,-0.559649115232288
UBFC_PHYS_s14_T1_ctrl,17,108,20.6,0.9192032814025879,-0.9388977732650952
UBFC_PHYS_s14_T1_ctrl,17,109,20.633333333333333,0.751037061214447,-1.2185951412233063
UBFC_PHYS_s14_T1_ctrl,17,110,20.666666666666668,0.679895281791687,-1.3422394891799851
UBFC_PHYS_s14_T1_ctrl,17,111,20.7,0.7114387154579163,-1.2734708015376741
UBFC_PHYS_s14_T1_ctrl,17,112,20.733333333333334,0.6816695928573608,-1.0096360850267598
UBFC_PHYS_s14_T1_ctrl,17,113,20.766666666666666,0.5085465908050537,-0.5879662159374454
UBFC_PHYS_s14_T1_ctrl,17,114,20.8,0.2594093978404999,-0.07999466535657647
UBFC_PHYS_s14_T1_ctrl,17,115,20.833333333333332,-0.07010730355978012,0.4259806415366476
UBFC_PHYS_s14_T1_ctrl,17,116,20.866666666666667,-0.5179120898246765,0.848418199504529
UBFC_PHYS_s14_T1_ctrl,17,117,20.9,-0.9611542820930481,1.1321501272275818
UBFC_PHYS_s14_T1_ctrl,17,118,20.933333333333334,-1.160047173500061,1.2560669283053374
UBFC_PHYS_s14_T1_ctrl,17,119,20.966666666666665,-0.9684205651283264,1.2274367667800758
UBFC_PHYS_s14_T1_ctrl,17,120,21.0,-0.44524940848350525,1.0686243112793279
UBFC_PHYS_s14_T1_ctrl,17,121,21.033333333333335,0.1904362142086029,0.8050898464128179
UBFC_PHYS_s14_T1_ctrl,17,122,21.066666666666666,0.6984552145004272,0.4606474398019538
UBFC_PHYS_s14_T1_ctrl,17,123,21.1,0.9557035565376282,0.06014263452221875
UBFC_PHYS_s14_T1_ctrl,17,124,21.133333333333333,0.9661523699760437,-0.3645707258627243
UBFC_PHYS_s14_T1_ctrl,17,125,21.166666666666668,0.838598370552063,-0.7704841247294787
UBFC_PHYS_s14_T1_ctrl,17,126,21.2,0.711692214012146,-1.1046015502265867
UBFC_PHYS_s14_T1_ctrl,17,127,21.233333333333334,0.6450002789497375,-1.3113064675898318
UBFC_PHYS_s14_T1_ctrl,17,128,21.266666666666666,0.6038529276847839,-1.3446571593984904
UBFC_PHYS_s14_T1_ctrl,17,129,21.3,0.5484547019004822,-1.1825686947858087
UBFC_PHYS_s14_T1_ctrl,17,130,21.333333333333332,0.47176462411880493,-0.8381865575281499
UBFC_PHYS_s14_T1_ctrl,17,131,21.366666666666667,0.34815362095832825,-0.3630228447911151
UBFC_PHYS_s14_T1_ctrl,17,132,21.4,0.13596737384796143,0.16203460663985395
UBFC_PHYS_s14_T1_ctrl,17,133,21.433333333333334,-0.16961008310317993,0.6469405039606456
UBFC_PHYS_s14_T1_ctrl,17,134,21.466666666666665,-0.5272624492645264,1.0164954305646432
UBFC_PHYS_s14_T1_ctrl,17,135,21.5,-0.8360224366188049,1.2275003849377895
UBFC_PHYS_s14_T1_ctrl,17,136,21.533333333333335,-0.8545542359352112,1.2721281368857777
UBFC_PHYS_s14_T1_ctrl,17,137,21.566666666666666,-0.3867813050746918,1.1684165395677268
UBFC_PHYS_s14_T1_ctrl,17,138,21.6,0.42687147855758667,0.9452917172102171
UBFC_PHYS_s14_T1_ctrl,17,139,21.633333333333333,1.209515929222107,0.6310410579658382
UBFC_PHYS_s14_T1_ctrl,17,140,21.666666666666668,1.7480082511901855,0.2503255062198896
UBFC_PHYS_s14_T1_ctrl,17,141,21.7,2.0538392066955566,-0.17112569057180882
UBFC_PHYS_s14_T1_ctrl,17,142,21.733333333333334,2.1639597415924072,-0.5991549276252508
UBFC_PHYS_s14_T1_ctrl,17,143,21.766666666666666,2.0865373611450195,-0.9869836956021555
UBFC_PHYS_s14_T1_ctrl,17,144,21.8,1.8954176902770996,-1.2779950399940059
UBFC_PHYS_s14_T1_ctrl,17,145,21.833333333333332,1.748430609703064,-1.4159898159442168
UBFC_PHYS_s14_T1_ctrl,17,146,21.866666666666667,1.8060256242752075,-1.3603458722283681
UBFC_PHYS_s14_T1_ctrl,17,147,21.9,1.9946106672286987,-1.1012432987775056
UBFC_PHYS_s14_T1_ctrl,17,148,21.933333333333334,1.8942347764968872,-0.6689627213147691
UBFC_PHYS_s14_T1_ctrl,17,149,21.966666666666665,1.1566805839538574,-0.13200472246229386
UBFC_PHYS_s14_T1_ctrl,17,150,22.0,0.024945594370365143,0.41788987956056334
UBFC_PHYS_s14_T1_ctrl,17,151,22.033333333333335,-0.8734521269798279,0.8899673614669823
UBFC_PHYS_s14_T1_ctrl,17,152,22.066666666666666,-1.2642251253128052,1.2182186870869864
UBFC_PHYS_s14_T1_ctrl,17,153,22.1,-1.307484745979309,1.3739786803958716
UBFC_PHYS_s14_T1_ctrl,17,154,22.133333333333333,-1.1512601375579834,1.3629651803207536
UBFC_PHYS_s14_T1_ctrl,17,155,22.166666666666668,-0.8103933334350586,1.2112140097292496
UBFC_PHYS_s14_T1_ctrl,17,156,22.2,-0.4833550453186035,0.9493621724191633
UBFC_PHYS_s14_T1_ctrl,17,157,22.233333333333334,-0.5877301692962646,0.6036386181853601
UBFC_PHYS_s14_T1_ctrl,17,158,22.266666666666666,-1.2770678997039795,0.19643566008041452
UBFC_PHYS_s14_T1_ctrl,17,159,22.3,-2.1222360134124756,-0.24661156559962263
UBFC_PHYS_s14_T1_ctrl,17,160,22.333333333333332,-2.5795037746429443,-0.6890666874086089
UBFC_PHYS_s14_T1_ctrl,17,161,22.366666666666667,-2.47969126701355,-1.0810911115660782
UBFC_PHYS_s14_T1_ctrl,17,162,22.4,-2.010538339614868,-1.3644451173915393
UBFC_PHYS_s14_T1_ctrl,17,163,22.433333333333334,-1.4768620729446411,-1.4844060111276012
UBFC_PHYS_s14_T1_ctrl,17,164,22.466666666666665,-1.10276198387146,-1.4052571971578383
UBFC_PHYS_s14_T1_ctrl,17,165,22.5,-0.9264283180236816,-1.1243027599154514
UBFC_PHYS_s14_T1_ctrl,17,166,22.533333333333335,-0.8462177515029907,-0.6787752540616437
UBFC_PHYS_s14_T1_ctrl,17,167,22.566666666666666,-0.7905660271644592,-0.14126720456828631
UBFC_PHYS_s14_T1_ctrl,17,168,22.6,-0.8289251327514648,0.3970142073780463
UBFC_PHYS_s14_T1_ctrl,17,169,22.633333333333333,-1.0199040174484253,0.8503082876567826
UBFC_PHYS_s14_T1_ctrl,17,170,22.666666666666668,-1.1801843643188477,1.1598704016343615
UBFC_PHYS_s14_T1_ctrl,17,171,22.7,-0.9634355306625366,1.3034760977313125
UBFC_PHYS_s14_T1_ctrl,17,172,22.733333333333334,-0.2674511969089508,1.290263615774259
UBFC_PHYS_s14_T1_ctrl,17,173,22.766666666666666,0.5821667909622192,1.1465554571997767
UBFC_PHYS_s14_T1_ctrl,17,174,22.8,1.1624541282653809,0.90154201274519
UBFC_PHYS_s14_T1_ctrl,17,175,22.833333333333332,1.33639395236969,0.5794800702767184
UBFC_PHYS_s14_T1_ctrl,17,176,22.866666666666667,1.1923359632492065,0.20030545788786575
UBFC_PHYS_s14_T1_ctrl,17,177,22.9,0.9118524789810181,-0.21390301358030137
UBFC_PHYS_s14_T1_ctrl,17,178,22.933333333333334,0.7054116725921631,-0.6315564540707063
UBFC_PHYS_s14_T1_ctrl,17,179,22.966666666666665,0.7096080780029297,-1.0081562216820712
UBFC_PHYS_s14_T1_ctrl,17,180,23.0,0.8259246945381165,-1.2898002411378882
UBFC_PHYS_s14_T1_ctrl,17,181,23.033333333333335,0.7705264687538147,-1.4236936908934574
UBFC_PHYS_s14_T1_ctrl,17,182,23.066666666666666,0.4689764082431793,-1.3729304147076142
UBFC_PHYS_s14_T1_ctrl,17,183,23.1,0.14154382050037384,-1.130627505969766
UBFC_PHYS_s14_T1_ctrl,17,184,23.133333333333333,-0.08976565301418304,-0.7275936805924731
UBFC_PHYS_s14_T1_ctrl,17,185,23.166666666666668,-0.3745582103729248,-0.22891263929274416
UBFC_PHYS_s14_T1_ctrl,17,186,23.2,-0.827150821685791,0.2814831716203604
UBFC_PHYS_s14_T1_ctrl,17,187,23.233333333333334,-1.3135682344436646,0.723655452379874
UBFC_PHYS_s14_T1_ctrl,17,188,23.266666666666666,-1.5334713459014893,1.0424732669568368
UBFC_PHYS_s14_T1_ctrl,17,189,23.3,-1.239553689956665,1.2170486404824234
UBFC_PHYS_s14_T1_ctrl,17,190,23.333333333333332,-0.4928462505340576,1.2559579711666355
UBFC_PHYS_s14_T1_ctrl,17,191,23.366666666666667,0.3469144105911255,1.1832876509192247
UBFC_PHYS_s14_T1_ctrl,17,192,23.4,0.9374533891677856,1.023951418329499
UBFC_PHYS_s14_T1_ctrl,17,193,23.433333333333334,1.1686784029006958,0.7950495707781342
UBFC_PHYS_s14_T1_ctrl,17,194,23.466666666666665,1.0649510622024536,0.5058049603330218
UBFC_PHYS_s14_T1_ctrl,17,195,23.5,0.7105938196182251,0.16432946020895256
UBFC_PHYS_s14_T1_ctrl,17,196,23.533333333333335,0.3217359483242035,-0.21317970778684087
UBFC_PHYS_s14_T1_ctrl,17,197,23.566666666666666,0.12258956581354141,-0.5957673353136462
UBFC_PHYS_s14_T1_ctrl,17,198,23.6,0.11636535823345184,-0.9373122184228804
UBFC_PHYS_s14_T1_ctrl,17,199,23.633333333333333,0.16221605241298676,-1.1837107605196802
UBFC_PHYS_s14_T1_ctrl,17,200,23.666666666666668,0.188154935836792,-1.2860769914167525
UBFC_PHYS_s14_T1_ctrl,17,201,23.7,0.17187625169754028,-1.2158370442237212
UBFC_PHYS_s14_T1_ctrl,17,202,23.733333333333334,0.02942364104092121,-0.9762196473508513
UBFC_PHYS_s14_T1_ctrl,17,203,23.766666666666666,-0.29919183254241943,-0.6050346035723282
UBFC_PHYS_s14_T1_ctrl,17,204,23.8,-0.7339567542076111,-0.1661464179193713
UBFC_PHYS_s14_T1_ctrl,17,205,23.833333333333332,-1.1294894218444824,0.26829344521170023
UBFC_PHYS_s14_T1_ctrl,17,206,23.866666666666667,-1.272505283355713,0.6376532716223027
UBFC_PHYS_s14_T1_ctrl,17,207,23.9,-0.953803539276123,0.9058537831951147
UBFC_PHYS_s14_T1_ctrl,17,208,23.933333333333334,-0.24520178139209747,1.0628993769882866
UBFC_PHYS_s14_T1_ctrl,17,209,23.966666666666665,0.5455256700515747,1.1166699163566487
UBFC_PHYS_s14_T1_ctrl,17,210,24.0,1.2213447093963623,1.0809584330700486
UBFC_PHYS_s14_T1_ctrl,17,211,24.033333333333335,1.6678258180618286,0.9661912956592802
UBFC_PHYS_s14_T1_ctrl,17,212,24.066666666666666,1.7577528953552246,0.7767937122125447
UBFC_PHYS_s14_T1_ctrl,17,213,24.1,1.6079776287078857,0.5153227851579593
UBFC_PHYS_s14_T1_ctrl,17,214,24.133333333333333,1.5194306373596191,0.19006334257561974
UBFC_PHYS_s14_T1_ctrl,17,215,24.166666666666668,1.5381877422332764,-0.17867466654602426
UBFC_PHYS_s14_T1_ctrl,17,216,24.2,1.48428213596344,-0.5572420933021679
UBFC_PHYS_s14_T1_ctrl,17,217,24.233333333333334,1.3232696056365967,-0.9032893718772371
UBFC_PHYS_s14_T1_ctrl,17,218,24.266666666666666,1.1363744735717773,-1.1745332177628078
UBFC_PHYS_s14_T1_ctrl,17,219,24.3,0.9089797735214233,-1.3382207865371865
UBFC_PHYS_s14_T1_ctrl,17,220,24.333333333333332,0.589348554611206,-1.3779541838243539
UBFC_PHYS_s14_T1_ctrl,17,221,24.366666666666667,0.1618780940771103,-1.2958856984690286
UBFC_PHYS_s14_T1_ctrl,17,222,24.4,-0.38399308919906616,-1.1100669529973572
UBFC_PHYS_s14_T1_ctrl,17,223,24.433333333333334,-0.957493007183075,-0.8483488978994018
UBFC_PHYS_s14_T1_ctrl,17,224,24.466666666666665,-1.3368314504623413,-0.541290844128075
UBFC_PHYS_s14_T1_ctrl,17,225,24.5,-1.3547999858856201,-0.21670343740399498
UBFC_PHYS_s14_T1_ctrl,17,226,24.533333333333335,-1.0061882734298706,0.10241894922545856
UBFC_PHYS_s14_T1_ctrl,17,227,24.566666666666666,-0.44457346200942993,0.39652070816323404
UBFC_PHYS_s14_T1_ctrl,17,228,24.6,0.12008298188447952,0.6465027917646604
UBFC_PHYS_s14_T1_ctrl,17,229,24.633333333333333,0.5145454406738281,0.8320579149767641
UBFC_PHYS_s14_T1_ctrl,17,230,24.666666666666668,0.6645459532737732,0.9337262599403187
UBFC_PHYS_s14_T1_ctrl,17,231,24.7,0.5727882385253906,0.9389667053874484
UBFC_PHYS_s14_T1_ctrl,17,232,24.733333333333334,0.32336944341659546,0.8497651906463809
UBFC_PHYS_s14_T1_ctrl,17,233,24.766666666666666,0.07138773798942566,0.6875032519371232
UBFC_PHYS_s14_T1_ctrl,17,234,24.8,-0.036733176559209824,0.49129204695070433
UBFC_PHYS_s14_T1_ctrl,17,235,24.833333333333332,-0.0043447804637253284,0.3087264625178937
UBFC_PHYS_s14_T1_ctrl,17,236,24.866666666666667,0.019087519496679306,0.18175484190264168
UBFC_PHYS_s14_T1_ctrl,17,237,24.9,-0.05599723011255264,0.13303266104610187
UBFC_PHYS_s14_T1_ctrl,17,238,24.933333333333334,-0.14403733611106873,0.15821695483758494
UBFC_PHYS_s14_T1_ctrl,17,239,24.966666666666665,-0.17811556160449982,0.22735407464382773
UBFC_PHYS_s14_T1_ctrl,18,0,18.0,-0.17107459902763367,-0.032678554716011804
UBFC_PHYS_s14_T1_ctrl,18,1,18.033333333333335,0.4318564832210541,-0.08951081973762867
UBFC_PHYS_s14_T1_ctrl,18,2,18.066666666666666,0.9357354044914246,-0.15248584332543053
UBFC_PHYS_s14_T1_ctrl,18,3,18.1,1.266547679901123,-0.2278925569392033
UBFC_PHYS_s14_T1_ctrl,18,4,18.133333333333333,1.3476313352584839,-0.3192997488817569
UBFC_PHYS_s14_T1_ctrl,18,5,18.166666666666668,1.2319061756134033,-0.4250928136339898
UBFC_PHYS_s14_T1_ctrl,18,6,18.2,1.119194507598877,-0.5358722815621109
UBFC_PHYS_s14_T1_ctrl,18,7,18.233333333333334,1.1266579627990723,-0.6333294050365298
UBFC_PHYS_s14_T1_ctrl,18,8,18.266666666666666,1.193518877029419,-0.6919685638929101
UBFC_PHYS_s14_T1_ctrl,18,9,18.3,1.2362152338027954,-0.6841071991706877
UBFC_PHYS_s14_T1_ctrl,18,10,18.333333333333332,1.2158527374267578,-0.5876530792866387
UBFC_PHYS_s14_T1_ctrl,18,11,18.366666666666667,1.076807975769043,-0.3950775950651925
UBFC_PHYS_s14_T1_ctrl,18,12,18.4,0.8181514739990234,-0.1206342940915639
UBFC_PHYS_s14_T1_ctrl,18,13,18.433333333333334,0.5505951642990112,0.19802272945086463
UBFC_PHYS_s14_T1_ctrl,18,14,18.466666666666665,0.33148062229156494,0.5068289269137697
UBFC_PHYS_s14_T1_ctrl,18,15,18.5,0.0663464143872261,0.7503304470262652
UBFC_PHYS_s14_T1_ctrl,18,16,18.533333333333335,-0.2765481173992157,0.8889140181780374
UBFC_PHYS_s14_T1_ctrl,18,17,18.566666666666666,-0.49000170826911926,0.909761743441383
UBFC_PHYS_s14_T1_ctrl,18,18,18.6,-0.36413758993148804,0.8260936407208088
UBFC_PHYS_s14_T1_ctrl,18,19,18.633333333333333,0.05378534644842148,0.6660494529859415
UBFC_PHYS_s14_T1_ctrl,18,20,18.666666666666668,0.5386536717414856,0.4584113049595114
UBFC_PHYS_s14_T1_ctrl,18,21,18.7,0.9263850450515747,0.22328862419241297
UBFC_PHYS_s14_T1_ctrl,18,22,18.733333333333334,1.1741421222686768,-0.028655416129221824
UBFC_PHYS_s14_T1_ctrl,18,23,18.766666666666666,1.2265268564224243,-0.29045564705596155
UBFC_PHYS_s14_T1_ctrl,18,24,18.8,1.0467008352279663,-0.5509073287325255
UBFC_PHYS_s14_T1_ctrl,18,25,18.833333333333332,0.775229811668396,-0.7883575594682831
UBFC_PHYS_s14_T1_ctrl,18,26,18.866666666666667,0.6140201091766357,-0.9692620241801909
UBFC_PHYS_s14_T1_ctrl,18,27,18.9,0.5705914497375488,-1.053349356466347
UBFC_PHYS_s14_T1_ctrl,18,28,18.933333333333334,0.4792843759059906,-1.0050587077910371
UBFC_PHYS_s14_T1_ctrl,18,29,18.966666666666665,0.23096394538879395,-0.8080209678466267
UBFC_PHYS_s14_T1_ctrl,18,30,19.0,-0.12122464179992676,-0.4768477938832334
UBFC_PHYS_s14_T1_ctrl,18,31,19.033333333333335,-0.4489670395851135,-0.05985834122394638
UBFC_PHYS_s14_T1_ctrl,18,32,19.066666666666666,-0.7052859663963318,0.3711208346802966
UBFC_PHYS_s14_T1_ctrl,18,33,19.1,-0.9314132928848267,0.7417466340641681
UBFC_PHYS_s14_T1_ctrl,18,34,19.133333333333333,-1.1171536445617676,0.9977123156430575
UBFC_PHYS_s14_T1_ctrl,18,35,19.166666666666668,-1.133432388305664,1.11737048912372
UBFC_PHYS_s14_T1_ctrl,18,36,19.2,-0.8488651514053345,1.1088407819484554
UBFC_PHYS_s14_T1_ctrl,18,37,19.233333333333334,-0.3061201274394989,0.9955792345042336
UBFC_PHYS_s14_T1_ctrl,18,38,19.266666666666666,0.21606528759002686,0.8004997094545808
UBFC_PHYS_s14_T1_ctrl,18,39,19.3,0.37195202708244324,0.5379378429326129
UBFC_PHYS_s14_T1_ctrl,18,40,19.333333333333332,0.09253876656293869,0.21629794092046253
UBFC_PHYS_s14_T1_ctrl,18,41,19.366666666666667,-0.33763545751571655,-0.1525512214222217
UBFC_PHYS_s14_T1_ctrl,18,42,19.4,-0.552215576171875,-0.5435839042693913
UBFC_PHYS_s14_T1_ctrl,18,43,19.433333333333334,-0.4099038243293762,-0.9138737700751323
UBFC_PHYS_s14_T1_ctrl,18,44,19.466666666666665,-0.005105203948915005,-1.2057064108477993
UBFC_PHYS_s14_T1_ctrl,18,45,19.5,0.4723278880119324,-1.3579096335594973
UBFC_PHYS_s14_T1_ctrl,18,46,19.533333333333335,0.8607633113861084,-1.322981663626957
UBFC_PHYS_s14_T1_ctrl,18,47,19.566666666666666,1.1017611026763916,-1.084854300926416
UBFC_PHYS_s14_T1_ctrl,18,48,19.6,1.1741985082626343,-0.6703137578311811
UBFC_PHYS_s14_T1_ctrl,18,49,19.633333333333333,1.054755687713623,-0.14769330003686276
UBFC_PHYS_s14_T1_ctrl,18,50,19.666666666666668,0.7477700710296631,0.38949921469234094
UBFC_PHYS_s14_T1_ctrl,18,51,19.7,0.23355501890182495,0.8492898421283165
UBFC_PHYS_s14_T1_ctrl,18,52,19.733333333333334,-0.44634780287742615,1.1666804560161916
UBFC_PHYS_s14_T1_ctrl,18,53,19.766666666666666,-0.9243723154067993,1.3156470257232225
UBFC_PHYS_s14_T1_ctrl,18,54,19.8,-0.7975788116455078,1.3037293906801835
UBFC_PHYS_s14_T1_ctrl,18,55,19.833333333333332,-0.24472299218177795,1.155810825726348
UBFC_PHYS_s14_T1_ctrl,18,56,19.866666666666667,0.2719423174858093,0.8984757559952287
UBFC_PHYS_s14_T1_ctrl,18,57,19.9,0.5389916896820068,0.5534047207749804
UBFC_PHYS_s14_T1_ctrl,18,58,19.933333333333334,0.4882122874259949,0.14088784424194262
UBFC_PHYS_s14_T1_ctrl,18,59,19.966666666666665,0.11095790565013885,-0.3116807657163463
UBFC_PHYS_s14_T1_ctrl,18,60,20.0,-0.29316475987434387,-0.7627999056827497
UBFC_PHYS_s14_T1_ctrl,18,61,20.033333333333335,-0.3434653580188751,-1.1557639703474225
UBFC_PHYS_s14_T1_ctrl,18,62,20.066666666666666,-0.15293709933757782,-1.4254406466622882
UBFC_PHYS_s14_T1_ctrl,18,63,20.1,-0.06267205625772476,-1.512448894077749
UBFC_PHYS_s14_T1_ctrl,18,64,20.133333333333333,-0.1493602991104126,-1.381277599461237
UBFC_PHYS_s14_T1_ctrl,18,65,20.166666666666668,-0.22486750781536102,-1.0360703505944202
UBFC_PHYS_s14_T1_ctrl,18,66,20.2,-0.12494226545095444,-0.5267596849688858
UBFC_PHYS_s14_T1_ctrl,18,67,20.233333333333334,0.0655578225851059,0.05941038337992064
UBFC_PHYS_s14_T1_ctrl,18,68,20.266666666666666,0.02505824901163578,0.6200469463802603
UBFC_PHYS_s14_T1_ctrl,18,69,20.3,-0.3793460726737976,1.0655703911775063
UBFC_PHYS_s14_T1_ctrl,18,70,20.333333333333332,-0.8251793384552002,1.341034794188446
UBFC_PHYS_s14_T1_ctrl,18,71,20.366666666666667,-0.9349619150161743,1.4324177452891036
UBFC_PHYS_s14_T1_ctrl,18,72,20.4,-0.6532673835754395,1.3569187311668958
UBFC_PHYS_s14_T1_ctrl,18,73,20.433333333333334,-0.15020520985126495,1.14561522098076
UBFC_PHYS_s14_T1_ctrl,18,74,20.466666666666665,0.38544249534606934,0.8291248936060559
UBFC_PHYS_s14_T1_ctrl,18,75,20.5,0.8043793439865112,0.4327332436081958
UBFC_PHYS_s14_T1_ctrl,18,76,20.533333333333335,1.01819908618927,-0.019212984142315558
UBFC_PHYS_s14_T1_ctrl,18,77,20.566666666666666,1.0414342880249023,-0.4947790395114286
UBFC_PHYS_s14_T1_ctrl,18,78,20.6,0.9192032814025879,-0.9479506725187088
UBFC_PHYS_s14_T1_ctrl,18,79,20.633333333333333,0.751037061214447,-1.3186439540083883
UBFC_PHYS_s14_T1_ctrl,18,80,20.666666666666668,0.679895281791687,-1.5412397551862946
UBFC_PHYS_s14_T1_ctrl,18,81,20.7,0.7114387154579163,-1.5606960702276194
UBFC_PHYS_s14_T1_ctrl,18,82,20.733333333333334,0.6816695928573608,-1.3516710960314435
UBFC_PHYS_s14_T1_ctrl,18,83,20.766666666666666,0.5085465908050537,-0.9330510151714796
UBFC_PHYS_s14_T1_ctrl,18,84,20.8,0.2594093978404999,-0.3699253702607315
UBFC_PHYS_s14_T1_ctrl,18,85,20.833333333333332,-0.07010730355978012,0.24065462047634084
UBFC_PHYS_s14_T1_ctrl,18,86,20.866666666666667,-0.5179120898246765,0.7956994951069027
UBFC_PHYS_s14_T1_ctrl,18,87,20.9,-0.9611542820930481,1.2130475335667923
UBFC_PHYS_s14_T1_ctrl,18,88,20.933333333333334,-1.160047173500061,1.4476939728827407
UBFC_PHYS_s14_T1_ctrl,18,89,20.966666666666665,-0.9684205651283264,1.4926572170890364
UBFC_PHYS_s14_T1_ctrl,18,90,21.0,-0.44524940848350525,1.367738395999656
UBFC_PHYS_s14_T1_ctrl,18,91,21.033333333333335,0.1904362142086029,1.104791673176097
UBFC_PHYS_s14_T1_ctrl,18,92,21.066666666666666,0.6984552145004272,0.7373101730274984
UBFC_PHYS_s14_T1_ctrl,18,93,21.1,0.9557035565376282,0.297442399948406
UBFC_PHYS_s14_T1_ctrl,18,94,21.133333333333333,0.9661523699760437,-0.1810023100309643
UBFC_PHYS_s14_T1_ctrl,18,95,21.166666666666668,0.838598370552063,-0.6574572053666686
UBFC_PHYS_s14_T1_ctrl,18,96,21.2,0.711692214012146,-1.08158245203547
UBFC_PHYS_s14_T1_ctrl,18,97,21.233333333333334,0.6450002789497375,-1.39545726870146
UBFC_PHYS_s14_T1_ctrl,18,98,21.266666666666666,0.6038529276847839,-1.5424713332871447
UBFC_PHYS_s14_T1_ctrl,18,99,21.3,0.5484547019004822,-1.481921208004216
UBFC_PHYS_s14_T1_ctrl,18,100,21.333333333333332,0.47176462411880493,-1.2049861160465358
UBFC_PHYS_s14_T1_ctrl,18,101,21.366666666666667,0.34815362095832825,-0.7450551612876823
UBFC_PHYS_s14_T1_ctrl,18,102,21.4,0.13596737384796143,-0.1755277224075044
UBFC_PHYS_s14_T1_ctrl,18,103,21.433333333333334,-0.16961008310317993,0.40702477177649227
UBFC_PHYS_s14_T1_ctrl,18,104,21.466666666666665,-0.5272624492645264,0.9084023085199311
UBFC_PHYS_s14_T1_ctrl,18,105,21.5,-0.8360224366188049,1.2597161490713258
UBFC_PHYS_s14_T1_ctrl,18,106,21.533333333333335,-0.8545542359352112,1.4284041709746595
UBFC_PHYS_s14_T1_ctrl,18,107,21.566666666666666,-0.3867813050746918,1.4152864790591815
UBFC_PHYS_s14_T1_ctrl,18,108,21.6,0.42687147855758667,1.2428089611729662
UBFC_PHYS_s14_T1_ctrl,18,109,21.633333333333333,1.209515929222107,0.9425677942815489
UBFC_PHYS_s14_T1_ctrl,18,110,21.666666666666668,1.7480082511901855,0.5479458097633093
UBFC_PHYS_s14_T1_ctrl,18,111,21.7,2.0538392066955566,0.0930965785862329
UBFC_PHYS_s14_T1_ctrl,18,112,21.733333333333334,2.1639597415924072,-0.38391135704329626
UBFC_PHYS_s14_T1_ctrl,18,113,21.766666666666666,2.0865373611450195,-0.837375563546278
UBFC_PHYS_s14_T1_ctrl,18,114,21.8,1.8954176902770996,-1.2132579330505069
UBFC_PHYS_s14_T1_ctrl,18,115,21.833333333333332,1.748430609703064,-1.4540942545909545
UBFC_PHYS_s14_T1_ctrl,18,116,21.866666666666667,1.8060256242752075,-1.510170734434152
UBFC_PHYS_s14_T1_ctrl,18,117,21.9,1.9946106672286987,-1.354693583611417
UBFC_PHYS_s14_T1_ctrl,18,118,21.933333333333334,1.8942347764968872,-0.9974300154968234
UBFC_PHYS_s14_T1_ctrl,18,119,21.966666666666665,1.1566805839538574,-0.4896827998826162
UBFC_PHYS_s14_T1_ctrl,18,120,22.0,0.024945594370365143,0.08452385757814732
UBFC_PHYS_s14_T1_ctrl,18,121,22.033333333333335,-0.8734521269798279,0.6299200609836154
UBFC_PHYS_s14_T1_ctrl,18,122,22.066666666666666,-1.2642251253128052,1.0651857191663503
UBFC_PHYS_s14_T1_ctrl,18,123,22.1,-1.307484745979309,1.3400783005584507
UBFC_PHYS_s14_T1_ctrl,18,124,22.133333333333333,-1.1512601375579834,1.4383847741473113
UBFC_PHYS_s14_T1_ctrl,18,125,22.166666666666668,-0.8103933334350586,1.369548845879353
UBFC_PHYS_s14_T1_ctrl,18,126,22.2,-0.4833550453186035,1.1567734633027822
UBFC_PHYS_s14_T1_ctrl,18,127,22.233333333333334,-0.5877301692962646,0.8284736282904862
UBFC_PHYS_s14_T1_ctrl,18,128,22.266666666666666,-1.2770678997039795,0.41553497156856983
UBFC_PHYS_s14_T1_ctrl,18,129,22.3,-2.1222360134124756,-0.047252726272550116
UBFC_PHYS_s14_T1_ctrl,18,130,22.333333333333332,-2.5795037746429443,-0.5185245250489716
UBFC_PHYS_s14_T1_ctrl,18,131,22.366666666666667,-2.47969126701355,-0.9489518481609994
UBFC_PHYS_s14_T1_ctrl,18,132,22.4,-2.010538339614868,-1.2833448375210061
UBFC_PHYS_s14_T1_ctrl,18,133,22.433333333333334,-1.4768620729446411,-1.467903276378129
UBFC_PHYS_s14_T1_ctrl,18,134,22.466666666666665,-1.10276198387146,-1.462425613092614
UBFC_PHYS_s14_T1_ctrl,18,135,22.5,-0.9264283180236816,-1.254238110931988
UBFC_PHYS_s14_T1_ctrl,18,136,22.533333333333335,-0.8462177515029907,-0.8678142611177725
UBFC_PHYS_s14_T1_ctrl,18,137,22.566666666666666,-0.7905660271644592,-0.3639304809220375
UBFC_PHYS_s14_T1_ctrl,18,138,22.6,-0.8289251327514648,0.17389444279812336
UBFC_PHYS_s14_T1_ctrl,18,139,22.633333333333333,-1.0199040174484253,0.6614545568509052
UBFC_PHYS_s14_T1_ctrl,18,140,22.666666666666668,-1.1801843643188477,1.0348217525039733
UBFC_PHYS_s14_T1_ctrl,18,141,22.7,-0.9634355306625366,1.2608094016416844
UBFC_PHYS_s14_T1_ctrl,18,142,22.733333333333334,-0.2674511969089508,1.3342283767668062
UBFC_PHYS_s14_T1_ctrl,18,143,22.766666666666666,0.5821667909622192,1.2670564229477703
UBFC_PHYS_s14_T1_ctrl,18,144,22.8,1.1624541282653809,1.0775897448685372
UBFC_PHYS_s14_T1_ctrl,18,145,22.833333333333332,1.33639395236969,0.7851146275125739
UBFC_PHYS_s14_T1_ctrl,18,146,22.866666666666667,1.1923359632492065,0.41071871679704985
UBFC_PHYS_s14_T1_ctrl,18,147,22.9,0.9118524789810181,-0.018727527084975756
UBFC_PHYS_s14_T1_ctrl,18,148,22.933333333333334,0.7054116725921631,-0.4667964685040505
UBFC_PHYS_s14_T1_ctrl,18,149,22.966666666666665,0.7096080780029297,-0.8861849437375832
UBFC_PHYS_s14_T1_ctrl,18,150,23.0,0.8259246945381165,-1.2215444547393042
UBFC_PHYS_s14_T1_ctrl,18,151,23.033333333333335,0.7705264687538147,-1.417631654532298
UBFC_PHYS_s14_T1_ctrl,18,152,23.066666666666666,0.4689764082431793,-1.4321526097147883
UBFC_PHYS_s14_T1_ctrl,18,153,23.1,0.14154382050037384,-1.2497908220680403
UBFC_PHYS_s14_T1_ctrl,18,154,23.133333333333333,-0.08976565301418304,-0.8915189309069671
UBFC_PHYS_s14_T1_ctrl,18,155,23.166666666666668,-0.3745582103729248,-0.4136153740487784
UBFC_PHYS_s14_T1_ctrl,18,156,23.2,-0.827150821685791,0.105203655725187
UBFC_PHYS_s14_T1_ctrl,18,157,23.233333333333334,-1.3135682344436646,0.5843150023330922
UBFC_PHYS_s14_T1_ctrl,18,158,23.266666666666666,-1.5334713459014893,0.96091537889608
UBFC_PHYS_s14_T1_ctrl,18,159,23.3,-1.239553689956665,1.2008515121018561
UBFC_PHYS_s14_T1_ctrl,18,160,23.333333333333332,-0.4928462505340576,1.2977434818665166
UBFC_PHYS_s14_T1_ctrl,18,161,23.366666666666667,0.3469144105911255,1.2638328636021694
UBFC_PHYS_s14_T1_ctrl,18,162,23.4,0.9374533891677856,1.1188959742996198
UBFC_PHYS_s14_T1_ctrl,18,163,23.433333333333334,1.1686784029006958,0.882467851447419
UBFC_PHYS_s14_T1_ctrl,18,164,23.466666666666665,1.0649510622024536,0.5714125328929028
UBFC_PHYS_s14_T1_ctrl,18,165,23.5,0.7105938196182251,0.20201716554023927
UBFC_PHYS_s14_T1_ctrl,18,166,23.533333333333335,0.3217359483242035,-0.20534901492766747
UBFC_PHYS_s14_T1_ctrl,18,167,23.566666666666666,0.12258956581354141,-0.6212344358455807
UBFC_PHYS_s14_T1_ctrl,18,168,23.6,0.11636535823345184,-1.0044505682812137
UBFC_PHYS_s14_T1_ctrl,18,169,23.633333333333333,0.16221605241298676,-1.304385637542579
UBFC_PHYS_s14_T1_ctrl,18,170,23.666666666666668,0.188154935836792,-1.469313300956134
UBFC_PHYS_s14_T1_ctrl,18,171,23.7,0.17187625169754028,-1.459044141407042
UBFC_PHYS_s14_T1_ctrl,18,172,23.733333333333334,0.02942364104092121,-1.257845798464707
UBFC_PHYS_s14_T1_ctrl,18,173,23.766666666666666,-0.29919183254241943,-0.8827015188259368
UBFC_PHYS_s14_T1_ctrl,18,174,23.8,-0.7339567542076111,-0.3832848990858822
UBFC_PHYS_s14_T1_ctrl,18,175,23.833333333333332,-1.1294894218444824,0.16709830699166306
UBFC_PHYS_s14_T1_ctrl,18,176,23.866666666666667,-1.272505283355713,0.6871460039207014
UBFC_PHYS_s14_T1_ctrl,18,177,23.9,-0.953803539276123,1.1049304799477537
UBFC_PHYS_s14_T1_ctrl,18,178,23.933333333333334,-0.24520178139209747,1.3714958804138173
UBFC_PHYS_s14_T1_ctrl,18,179,23.966666666666665,0.5455256700515747,1.4667659045088033
UBFC_PHYS_s14_T1_ctrl,18,180,24.0,1.2213447093963623,1.39719395297271
UBFC_PHYS_s14_T1_ctrl,18,181,24.033333333333335,1.6678258180618286,1.187781370473771
UBFC_PHYS_s14_T1_ctrl,18,182,24.066666666666666,1.7577528953552246,0.8724517200306582
UBFC_PHYS_s14_T1_ctrl,18,183,24.1,1.6079776287078857,0.48639612322040027
UBFC_PHYS_s14_T1_ctrl,18,184,24.133333333333333,1.5194306373596191,0.06267593879480662
UBFC_PHYS_s14_T1_ctrl,18,185,24.166666666666668,1.5381877422332764,-0.3667063240189251
UBFC_PHYS_s14_T1_ctrl,18,186,24.2,1.48428213596344,-0.767457043919698
UBFC_PHYS_s14_T1_ctrl,18,187,24.233333333333334,1.3232696056365967,-1.1008831544750641
UBFC_PHYS_s14_T1_ctrl,18,188,24.266666666666666,1.1363744735717773,-1.3258046701886375
UBFC_PHYS_s14_T1_ctrl,18,189,24.3,0.9089797735214233,-1.405110303218987
UBFC_PHYS_s14_T1_ctrl,18,190,24.333333333333332,0.589348554611206,-1.3153386481501355
UBFC_PHYS_s14_T1_ctrl,18,191,24.366666666666667,0.1618780940771103,-1.0561656721293233
UBFC_PHYS_s14_T1_ctrl,18,192,24.4,-0.38399308919906616,-0.656186507727495
UBFC_PHYS_s14_T1_ctrl,18,193,24.433333333333334,-0.957493007183075,-0.17178583073665152
UBFC_PHYS_s14_T1_ctrl,18,194,24.466666666666665,-1.3368314504623413,0.3226586558025471
UBFC_PHYS_s14_T1_ctrl,18,195,24.5,-1.3547999858856201,0.7517102737870569
UBFC_PHYS_s14_T1_ctrl,18,196,24.533333333333335,-1.0061882734298706,1.057004221283031
UBFC_PHYS_s14_T1_ctrl,18,197,24.566666666666666,-0.44457346200942993,1.2088488613067099
UBFC_PHYS_s14_T1_ctrl,18,198,24.6,0.12008298188447952,1.206950580099405
UBFC_PHYS_s14_T1_ctrl,18,199,24.633333333333333,0.5145454406738281,1.071871852163531
UBFC_PHYS_s14_T1_ctrl,18,200,24.666666666666668,0.6645459532737732,0.8330548538707397
UBFC_PHYS_s14_T1_ctrl,18,201,24.7,0.5727882385253906,0.5197289356821923
UBFC_PHYS_s14_T1_ctrl,18,202,24.733333333333334,0.32336944341659546,0.15815911984878417
UBFC_PHYS_s14_T1_ctrl,18,203,24.766666666666666,0.07138773798942566,-0.2255057312360723
UBFC_PHYS_s14_T1_ctrl,18,204,24.8,-0.036733176559209824,-0.6006336835651942
UBFC_PHYS_s14_T1_ctrl,18,205,24.833333333333332,-0.0043447804637253284,-0.9300450628710185
UBFC_PHYS_s14_T1_ctrl,18,206,24.866666666666667,0.019087519496679306,-1.1726234657044683
UBFC_PHYS_s14_T1_ctrl,18,207,24.9,-0.05599723011255264,-1.2899991621922187
UBFC_PHYS_s14_T1_ctrl,18,208,24.933333333333334,-0.14403733611106873,-1.2552379443696995
UBFC_PHYS_s14_T1_ctrl,18,209,24.966666666666665,-0.17811556160449982,-1.0611950053671844
UBFC_PHYS_s14_T1_ctrl,18,210,25.0,-0.22641651332378387,-0.7261684770159197
UBFC_PHYS_s14_T1_ctrl,18,211,25.033333333333335,-0.3572937846183777,-0.2943557942527181
UBFC_PHYS_s14_T1_ctrl,18,212,25.066666666666666,-0.5926870107650757,0.17099813985531626
UBFC_PHYS_s14_T1_ctrl,18,213,25.1,-0.9315822720527649,0.6014939836235691
UBFC_PHYS_s14_T1_ctrl,18,214,25.133333333333333,-1.2006876468658447,0.9400171417102098
UBFC_PHYS_s14_T1_ctrl,18,215,25.166666666666668,-1.1151258945465088,1.1527343962202574
UBFC_PHYS_s14_T1_ctrl,18,216,25.2,-0.6360311508178711,1.2318331749479983
UBFC_PHYS_s14_T1_ctrl,18,217,25.233333333333334,-0.039690375328063965,1.189362493045033
UBFC_PHYS_s14_T1_ctrl,18,218,25.266666666666666,0.4233510196208954,1.0469734057518452
UBFC_PHYS_s14_T1_ctrl,18,219,25.3,0.6804303526878357,0.8275545768135019
UBFC_PHYS_s14_T1_ctrl,18,220,25.333333333333332,0.7027079463005066,0.5523567266536503
UBFC_PHYS_s14_T1_ctrl,18,221,25.366666666666667,0.5460326075553894,0.24312236079504573
UBFC_PHYS_s14_T1_ctrl,18,222,25.4,0.40752294659614563,-0.07432206933315685
UBFC_PHYS_s14_T1_ctrl,18,223,25.433333333333334,0.4199431836605072,-0.3688635315065713
UBFC_PHYS_s14_T1_ctrl,18,224,25.466666666666665,0.5006043910980225,-0.6068548395420806
UBFC_PHYS_s14_T1_ctrl,18,225,25.5,0.5204880237579346,-0.7577700451855343
UBFC_PHYS_s14_T1_ctrl,18,226,25.533333333333335,0.4912821352481842,-0.8007803833949062
UBFC_PHYS_s14_T1_ctrl,18,227,25.566666666666666,0.4614284932613373,-0.7306128767089451
UBFC_PHYS_s14_T1_ctrl,18,228,25.6,0.3918920159339905,-0.5613128083621381
UBFC_PHYS_s14_T1_ctrl,18,229,25.633333333333333,0.24927043914794922,-0.3262411021693504
UBFC_PHYS_s14_T1_ctrl,18,230,25.666666666666668,0.031986549496650696,-0.07250161759309848
UBFC_PHYS_s14_T1_ctrl,18,231,25.7,-0.28809529542922974,0.1504160526438371
UBFC_PHYS_s14_T1_ctrl,18,232,25.733333333333334,-0.6089656949043274,0.3044653699713295
UBFC_PHYS_s14_T1_ctrl,18,233,25.766666666666666,-0.6116412878036499,0.3734126775237125
UBFC_PHYS_s14_T1_ctrl,18,234,25.8,-0.15679554641246796,0.3648660451211981
UBFC_PHYS_s14_T1_ctrl,18,235,25.833333333333332,0.4640195667743683,0.3032525914975995
UBFC_PHYS_s14_T1_ctrl,18,236,25.866666666666667,0.9142464399337769,0.2176291097240099
UBFC_PHYS_s14_T1_ctrl,18,237,25.9,1.093255639076233,0.13031659473308171
UBFC_PHYS_s14_T1_ctrl,18,238,25.933333333333334,1.040673851966858,0.050801234901845856
UBFC_PHYS_s14_T1_ctrl,18,239,25.966666666666665,0.8784220218658447,-0.02396150195420248
UBFC_PHYS_s14_T1_ctrl,19,0,19.0,-0.12122464179992676,-0.08828625537084173
UBFC_PHYS_s14_T1_ctrl,19,1,19.033333333333335,-0.4489670395851135,0.32299120868014525
UBFC_PHYS_s14_T1_ctrl,19,2,19.066666666666666,-0.7052859663963318,0.6628322228256417
UBFC_PHYS_s14_T1_ctrl,19,3,19.1,-0.9314132928848267,0.8741628813205455
UBFC_PHYS_s14_T1_ctrl,19,4,19.133333333333333,-1.1171536445617676,0.9276331761252457
UBFC_PHYS_s14_T1_ctrl,19,5,19.166666666666668,-1.133432388305664,0.8275341209639071
UBFC_PHYS_s14_T1_ctrl,19,6,19.2,-0.8488651514053345,0.6084148823833883
UBFC_PHYS_s14_T1_ctrl,19,7,19.233333333333334,-0.3061201274394989,0.32278637829802825
UBFC_PHYS_s14_T1_ctrl,19,8,19.266666666666666,0.21606528759002686,0.0244528860764121
UBFC_PHYS_s14_T1_ctrl,19,9,19.3,0.37195202708244324,-0.24572128602408544
UBFC_PHYS_s14_T1_ctrl,19,10,19.333333333333332,0.09253876656293869,-0.46618878977847217
UBFC_PHYS_s14_T1_ctrl,19,11,19.366666666666667,-0.33763545751571655,-0.6319137222772883
UBFC_PHYS_s14_T1_ctrl,19,12,19.4,-0.552215576171875,-0.7454233258609165
UBFC_PHYS_s14_T1_ctrl,19,13,19.433333333333334,-0.4099038243293762,-0.8071525735769327
UBFC_PHYS_s14_T1_ctrl,19,14,19.466666666666665,-0.005105203948915005,-0.8099801539151437
UBFC_PHYS_s14_T1_ctrl,19,15,19.5,0.4723278880119324,-0.7403166649838144
UBFC_PHYS_s14_T1_ctrl,19,16,19.533333333333335,0.8607633113861084,-0.585152978129717
UBFC_PHYS_s14_T1_ctrl,19,17,19.566666666666666,1.1017611026763916,-0.3419864807176152
UBFC_PHYS_s14_T1_ctrl,19,18,19.6,1.1741985082626343,-0.02705925494716283
UBFC_PHYS_s14_T1_ctrl,19,19,19.633333333333333,1.054755687713623,0.32242421838473934
UBFC_PHYS_s14_T1_ctrl,19,20,19.666666666666668,0.7477700710296631,0.6542045484462188
UBFC_PHYS_s14_T1_ctrl,19,21,19.7,0.23355501890182495,0.9136080294251712
UBFC_PHYS_s14_T1_ctrl,19,22,19.733333333333334,-0.44634780287742615,1.0582507974345694
UBFC_PHYS_s14_T1_ctrl,19,23,19.766666666666666,-0.9243723154067993,1.0688271502346895
UBFC_PHYS_s14_T1_ctrl,19,24,19.8,-0.7975788116455078,0.951638072511053
UBFC_PHYS_s14_T1_ctrl,19,25,19.833333333333332,-0.24472299218177795,0.7324562312490795
UBFC_PHYS_s14_T1_ctrl,19,26,19.866666666666667,0.2719423174858093,0.4455904887878245
UBFC_PHYS_s14_T1_ctrl,19,27,19.9,0.5389916896820068,0.12402127813404214
UBFC_PHYS_s14_T1_ctrl,19,28,19.933333333333334,0.4882122874259949,-0.2050644759845027
UBFC_PHYS_s14_T1_ctrl,19,29,19.966666666666665,0.11095790565013885,-0.5186394678235495
UBFC_PHYS_s14_T1_ctrl,19,30,20.0,-0.29316475987434387,-0.7927166860292181
UBFC_PHYS_s14_T1_ctrl,19,31,20.033333333333335,-0.3434653580188751,-0.9980935118081216
UBFC_PHYS_s14_T1_ctrl,19,32,20.066666666666666,-0.15293709933757782,-1.1010540656459114
UBFC_PHYS_s14_T1_ctrl,19,33,20.1,-0.06267205625772476,-1.070749880874231
UBFC_PHYS_s14_T1_ctrl,19,34,20.133333333333333,-0.1493602991104126,-0.8911946463226378
UBFC_PHYS_s14_T1_ctrl,19,35,20.166666666666668,-0.22486750781536102,-0.572519748972257
UBFC_PHYS_s14_T1_ctrl,19,36,20.2,-0.12494226545095444,-0.15534435308244723
UBFC_PHYS_s14_T1_ctrl,19,37,20.233333333333334,0.0655578225851059,0.29529747221461966
UBFC_PHYS_s14_T1_ctrl,19,38,20.266666666666666,0.02505824901163578,0.7050489094375214
UBFC_PHYS_s14_T1_ctrl,19,39,20.3,-0.3793460726737976,1.0085520460322697
UBFC_PHYS_s14_T1_ctrl,19,40,20.333333333333332,-0.8251793384552002,1.164100910648079
UBFC_PHYS_s14_T1_ctrl,19,41,20.366666666666667,-0.9349619150161743,1.1598945059750478
UBFC_PHYS_s14_T1_ctrl,19,42,20.4,-0.6532673835754395,1.0109731598047442
UBFC_PHYS_s14_T1_ctrl,19,43,20.433333333333334,-0.15020520985126495,0.7495940516646573
UBFC_PHYS_s14_T1_ctrl,19,44,20.466666666666665,0.38544249534606934,0.41392795057131054
UBFC_PHYS_s14_T1_ctrl,19,45,20.5,0.8043793439865112,0.039873878562413825
UBFC_PHYS_s14_T1_ctrl,19,46,20.533333333333335,1.01819908618927,-0.34131521794675895
UBFC_PHYS_s14_T1_ctrl,19,47,20.566666666666666,1.0414342880249023,-0.7000585473105105
UBFC_PHYS_s14_T1_ctrl,19,48,20.6,0.9192032814025879,-1.0034573161153857
UBFC_PHYS_s14_T1_ctrl,19,49,20.633333333333333,0.751037061214447,-1.2129672492148114
UBFC_PHYS_s14_T1_ctrl,19,50,20.666666666666668,0.679895281791687,-1.288472958237854
UBFC_PHYS_s14_T1_ctrl,19,51,20.7,0.7114387154579163,-1.1992730649246042
UBFC_PHYS_s14_T1_ctrl,19,52,20.733333333333334,0.6816695928573608,-0.9381245107986521
UBFC_PHYS_s14_T1_ctrl,19,53,20.766666666666666,0.5085465908050537,-0.5313662783992809
UBFC_PHYS_s14_T1_ctrl,19,54,20.8,0.2594093978404999,-0.0385062519715852
UBFC_PHYS_s14_T1_ctrl,19,55,20.833333333333332,-0.07010730355978012,0.4607301172131939
UBFC_PHYS_s14_T1_ctrl,19,56,20.866666666666667,-0.5179120898246765,0.8869951919767824
UBFC_PHYS_s14_T1_ctrl,19,57,20.9,-0.9611542820930481,1.1804412200799517
UBFC_PHYS_s14_T1_ctrl,19,58,20.933333333333334,-1.160047173500061,1.3110424756685126
UBFC_PHYS_s14_T1_ctrl,19,59,20.966666666666665,-0.9684205651283264,1.2782872292297593
UBFC_PHYS_s14_T1_ctrl,19,60,21.0,-0.44524940848350525,1.1032572877554532
UBFC_PHYS_s14_T1_ctrl,19,61,21.033333333333335,0.1904362142086029,0.8181833433639703
UBFC_PHYS_s14_T1_ctrl,19,62,21.066666666666666,0.6984552145004272,0.45791753452007733
UBFC_PHYS_s14_T1_ctrl,19,63,21.1,0.9557035565376282,0.05575189868980023
UBFC_PHYS_s14_T1_ctrl,19,64,21.133333333333333,0.9661523699760437,-0.35605189818656985
UBFC_PHYS_s14_T1_ctrl,19,65,21.166666666666668,0.838598370552063,-0.7426374778290761
UBFC_PHYS_s14_T1_ctrl,19,66,21.2,0.711692214012146,-1.063287290623669
UBFC_PHYS_s14_T1_ctrl,19,67,21.233333333333334,0.6450002789497375,-1.2725296691111274
UBFC_PHYS_s14_T1_ctrl,19,68,21.266666666666666,0.6038529276847839,-1.3279165398156352
UBFC_PHYS_s14_T1_ctrl,19,69,21.3,0.5484547019004822,-1.2031838925095188
UBFC_PHYS_s14_T1_ctrl,19,70,21.333333333333332,0.47176462411880493,-0.9016750958385856
UBFC_PHYS_s14_T1_ctrl,19,71,21.366666666666667,0.34815362095832825,-0.46301367826440437
UBFC_PHYS_s14_T1_ctrl,19,72,21.4,0.13596737384796143,0.04227685499281704
UBFC_PHYS_s14_T1_ctrl,19,73,21.433333333333334,-0.16961008310317993,0.5300808476892009
UBFC_PHYS_s14_T1_ctrl,19,74,21.466666666666665,-0.5272624492645264,0.925045632906963
UBFC_PHYS_s14_T1_ctrl,19,75,21.5,-0.8360224366188049,1.1779414931005359
UBFC_PHYS_s14_T1_ctrl,19,76,21.533333333333335,-0.8545542359352112,1.2713379691961255
UBFC_PHYS_s14_T1_ctrl,19,77,21.566666666666666,-0.3867813050746918,1.2138319903228716
UBFC_PHYS_s14_T1_ctrl,19,78,21.6,0.42687147855758667,1.0285044915875556
UBFC_PHYS_s14_T1_ctrl,19,79,21.633333333333333,1.209515929222107,0.7425604429256284
UBFC_PHYS_s14_T1_ctrl,19,80,21.666666666666668,1.7480082511901855,0.38245764453416126
UBFC_PHYS_s14_T1_ctrl,19,81,21.7,2.0538392066955566,-0.025146418314272813
UBFC_PHYS_s14_T1_ctrl,19,82,21.733333333333334,2.1639597415924072,-0.44901332664396193
UBFC_PHYS_s14_T1_ctrl,19,83,21.766666666666666,2.0865373611450195,-0.8489784620433971
UBFC_PHYS_s14_T1_ctrl,19,84,21.8,1.8954176902770996,-1.1751776937280507
UBFC_PHYS_s14_T1_ctrl,19,85,21.833333333333332,1.748430609703064,-1.3734055433785302
UBFC_PHYS_s14_T1_ctrl,19,86,21.866666666666667,1.8060256242752075,-1.3969422240520972
UBFC_PHYS_s14_T1_ctrl,19,87,21.9,1.9946106672286987,-1.221994782016293
UBFC_PHYS_s14_T1_ctrl,19,88,21.933333333333334,1.8942347764968872,-0.8608280632103131
UBFC_PHYS_s14_T1_ctrl,19,89,21.966666666666665,1.1566805839538574,-0.36562804364270873
UBFC_PHYS_s14_T1_ctrl,19,90,22.0,0.024945594370365143,0.1812741021550063
UBFC_PHYS_s14_T1_ctrl,19,91,22.033333333333335,-0.8734521269798279,0.6889472537227206
UBFC_PHYS_s14_T1_ctrl,19,92,22.066666666666666,-1.2642251253128052,1.0821768846174988
UBFC_PHYS_s14_T1_ctrl,19,93,22.1,-1.307484745979309,1.3172835347891163
UBFC_PHYS_s14_T1_ctrl,19,94,22.133333333333333,-1.1512601375579834,1.3837086240794108
UBFC_PHYS_s14_T1_ctrl,19,95,22.166666666666668,-0.8103933334350586,1.2942979637147995
UBFC_PHYS_s14_T1_ctrl,19,96,22.2,-0.4833550453186035,1.072377058417071
UBFC_PHYS_s14_T1_ctrl,19,97,22.233333333333334,-0.5877301692962646,0.7431428209008746
UBFC_PHYS_s14_T1_ctrl,19,98,22.266666666666666,-1.2770678997039795,0.3323022116498898
UBFC_PHYS_s14_T1_ctrl,19,99,22.3,-2.1222360134124756,-0.13000273592479197
UBFC_PHYS_s14_T1_ctrl,19,100,22.333333333333332,-2.5795037746429443,-0.6041646429309601
UBFC_PHYS_s14_T1_ctrl,19,101,22.366666666666667,-2.47969126701355,-1.0388310616012775
UBFC_PHYS_s14_T1_ctrl,19,102,22.4,-2.010538339614868,-1.3738733516428228
UBFC_PHYS_s14_T1_ctrl,19,103,22.433333333333334,-1.4768620729446411,-1.5494554009513608
UBFC_PHYS_s14_T1_ctrl,19,104,22.466666666666665,-1.10276198387146,-1.5201389563595995
UBFC_PHYS_s14_T1_ctrl,19,105,22.5,-0.9264283180236816,-1.270549749563069
UBFC_PHYS_s14_T1_ctrl,19,106,22.533333333333335,-0.8462177515029907,-0.8266985708497898
UBFC_PHYS_s14_T1_ctrl,19,107,22.566666666666666,-0.7905660271644592,-0.2564255473885511
UBFC_PHYS_s14_T1_ctrl,19,108,22.6,-0.8289251327514648,0.3446017909662513
UBFC_PHYS_s14_T1_ctrl,19,109,22.633333333333333,-1.0199040174484253,0.8781819962957943
UBFC_PHYS_s14_T1_ctrl,19,110,22.666666666666668,-1.1801843643188477,1.269550692139741
UBFC_PHYS_s14_T1_ctrl,19,111,22.7,-0.9634355306625366,1.4817421984608348
UBFC_PHYS_s14_T1_ctrl,19,112,22.733333333333334,-0.2674511969089508,1.5133091935512344
UBFC_PHYS_s14_T1_ctrl,19,113,22.766666666666666,0.5821667909622192,1.3845761983348273
UBFC_PHYS_s14_T1_ctrl,19,114,22.8,1.1624541282653809,1.1227630294154984
UBFC_PHYS_s14_T1_ctrl,19,115,22.833333333333332,1.33639395236969,0.7542253387454009
UBFC_PHYS_s14_T1_ctrl,19,116,22.866666666666667,1.1923359632492065,0.3055248958857031
UBFC_PHYS_s14_T1_ctrl,19,117,22.9,0.9118524789810181,-0.19078412950304763
UBFC_PHYS_s14_T1_ctrl,19,118,22.933333333333334,0.7054116725921631,-0.691226321963654
UBFC_PHYS_s14_T1_ctrl,19,119,22.966666666666665,0.7096080780029297,-1.1409521725747578
UBFC_PHYS_s14_T1_ctrl,19,120,23.0,0.8259246945381165,-1.4788391762588964
UBFC_PHYS_s14_T1_ctrl,19,121,23.033333333333335,0.7705264687538147,-1.6474508121311486
UBFC_PHYS_s14_T1_ctrl,19,122,23.066666666666666,0.4689764082431793,-1.6060775387724062
UBFC_PHYS_s14_T1_ctrl,19,123,23.1,0.14154382050037384,-1.3439321869194902
UBFC_PHYS_s14_T1_ctrl,19,124,23.133333333333333,-0.08976565301418304,-0.8890984185594134
UBFC_PHYS_s14_T1_ctrl,19,125,23.166666666666668,-0.3745582103729248,-0.3082344572264035
UBFC_PHYS_s14_T1_ctrl,19,126,23.2,-0.827150821685791,0.306021786803883
UBFC_PHYS_s14_T1_ctrl,19,127,23.233333333333334,-1.3135682344436646,0.857731931863831
UBFC_PHYS_s14_T1_ctrl,19,128,23.266666666666666,-1.5334713459014893,1.2716745583781972
UBFC_PHYS_s14_T1_ctrl,19,129,23.3,-1.239553689956665,1.5078761470118227
UBFC_PHYS_s14_T1_ctrl,19,130,23.333333333333332,-0.4928462505340576,1.5614345958835305
UBFC_PHYS_s14_T1_ctrl,19,131,23.366666666666667,0.3469144105911255,1.4511142581024075
UBFC_PHYS_s14_T1_ctrl,19,132,23.4,0.9374533891677856,1.2052690369459533
UBFC_PHYS_s14_T1_ctrl,19,133,23.433333333333334,1.1686784029006958,0.8527230695738267
UBFC_PHYS_s14_T1_ctrl,19,134,23.466666666666665,1.0649510622024536,0.4211215320063956
UBFC_PHYS_s14_T1_ctrl,19,135,23.5,0.7105938196182251,-0.05973843178860366
UBFC_PHYS_s14_T1_ctrl,19,136,23.533333333333335,0.3217359483242035,-0.5536786425067545
UBFC_PHYS_s14_T1_ctrl,19,137,23.566666666666666,0.12258956581354141,-1.0159512213277446
UBFC_PHYS_s14_T1_ctrl,19,138,23.6,0.11636535823345184,-1.3944729131921074
UBFC_PHYS_s14_T1_ctrl,19,139,23.633333333333333,0.16221605241298676,-1.634969498645318
UBFC_PHYS_s14_T1_ctrl,19,140,23.666666666666668,0.188154935836792,-1.6900694696053113
UBFC_PHYS_s14_T1_ctrl,19,141,23.7,0.17187625169754028,-1.5314694377022717
UBFC_PHYS_s14_T1_ctrl,19,142,23.733333333333334,0.02942364104092121,-1.1623483379368666
UBFC_PHYS_s14_T1_ctrl,19,143,23.766666666666666,-0.29919183254241943,-0.6249471330342179
UBFC_PHYS_s14_T1_ctrl,19,144,23.8,-0.7339567542076111,0.002422260600751858
UBFC_PHYS_s14_T1_ctrl,19,145,23.833333333333332,-1.1294894218444824,0.6212779990994031
UBFC_PHYS_s14_T1_ctrl,19,146,23.866666666666667,-1.272505283355713,1.1370422117863404
UBFC_PHYS_s14_T1_ctrl,19,147,23.9,-0.953803539276123,1.481265338434905
UBFC_PHYS_s14_T1_ctrl,19,148,23.933333333333334,-0.24520178139209747,1.6232447409142137
UBFC_PHYS_s14_T1_ctrl,19,149,23.966666666666665,0.5455256700515747,1.5685092112479888
UBFC_PHYS_s14_T1_ctrl,19,150,24.0,1.2213447093963623,1.3480508242348208
UBFC_PHYS_s14_T1_ctrl,19,151,24.033333333333335,1.6678258180618286,1.0051063871797463
UBFC_PHYS_s14_T1_ctrl,19,152,24.066666666666666,1.7577528953552246,0.5848162303468278
UBFC_PHYS_s14_T1_ctrl,19,153,24.1,1.6079776287078857,0.12864304573746538
UBFC_PHYS_s14_T1_ctrl,19,154,24.133333333333333,1.5194306373596191,-0.327024672193626
UBFC_PHYS_s14_T1_ctrl,19,155,24.166666666666668,1.5381877422332764,-0.7494935217816774
UBFC_PHYS_s14_T1_ctrl,19,156,24.2,1.48428213596344,-1.1070833071727029
UBFC_PHYS_s14_T1_ctrl,19,157,24.233333333333334,1.3232696056365967,-1.3668075356175338
UBFC_PHYS_s14_T1_ctrl,19,158,24.266666666666666,1.1363744735717773,-1.4945770965132936
UBFC_PHYS_s14_T1_ctrl,19,159,24.3,0.9089797735214233,-1.4599486106545503
UBFC_PHYS_s14_T1_ctrl,19,160,24.333333333333332,0.589348554611206,-1.2457189857892852
UBFC_PHYS_s14_T1_ctrl,19,161,24.366666666666667,0.1618780940771103,-0.8595977663292372
UBFC_PHYS_s14_T1_ctrl,19,162,24.4,-0.38399308919906616,-0.34229358313009994
UBFC_PHYS_s14_T1_ctrl,19,163,24.433333333333334,-0.957493007183075,0.2339801730260096
UBFC_PHYS_s14_T1_ctrl,19,164,24.466666666666665,-1.3368314504623413,0.7790188036270841
UBFC_PHYS_s14_T1_ctrl,19,165,24.5,-1.3547999858856201,1.20655129138012
UBFC_PHYS_s14_T1_ctrl,19,166,24.533333333333335,-1.0061882734298706,1.455827428981783
UBFC_PHYS_s14_T1_ctrl,19,167,24.566666666666666,-0.44457346200942993,1.5037501202053152
UBFC_PHYS_s14_T1_ctrl,19,168,24.6,0.12008298188447952,1.3638281935596064
UBFC_PHYS_s14_T1_ctrl,19,169,24.633333333333333,0.5145454406738281,1.0751115211638935
UBFC_PHYS_s14_T1_ctrl,19,170,24.666666666666668,0.6645459532737732,0.6877432425564376
UBFC_PHYS_s14_T1_ctrl,19,171,24.7,0.5727882385253906,0.2510505609049567
UBFC_PHYS_s14_T1_ctrl,19,172,24.733333333333334,0.32336944341659546,-0.19285102248516486
UBFC_PHYS_s14_T1_ctrl,19,173,24.766666666666666,0.07138773798942566,-0.609858158334863
UBFC_PHYS_s14_T1_ctrl,19,174,24.8,-0.036733176559209824,-0.9706144601194323
UBFC_PHYS_s14_T1_ctrl,19,175,24.833333333333332,-0.0043447804637253284,-1.2456920655316228
UBFC_PHYS_s14_T1_ctrl,19,176,24.866666666666667,0.019087519496679306,-1.402760276547443
UBFC_PHYS_s14_T1_ctrl,19,177,24.9,-0.05599723011255264,-1.409249918126903
UBFC_PHYS_s14_T1_ctrl,19,178,24.933333333333334,-0.14403733611106873,-1.2417447908355888
UBFC_PHYS_s14_T1_ctrl,19,179,24.966666666666665,-0.17811556160449982,-0.8994063163363195
UBFC_PHYS_s14_T1_ctrl,19,180,25.0,-0.22641651332378387,-0.4151206835926155
UBFC_PHYS_s14_T1_ctrl,19,181,25.033333333333335,-0.3572937846183777,0.142906075529965
UBFC_PHYS_s14_T1_ctrl,19,182,25.066666666666666,-0.5926870107650757,0.6832604619227056
UBFC_PHYS_s14_T1_ctrl,19,183,25.1,-0.9315822720527649,1.1146987797564647
UBFC_PHYS_s14_T1_ctrl,19,184,25.133333333333333,-1.2006876468658447,1.3714165950848956
UBFC_PHYS_s14_T1_ctrl,19,185,25.166666666666668,-1.1151258945465088,1.428799672497265
UBFC_PHYS_s14_T1_ctrl,19,186,25.2,-0.6360311508178711,1.30356966751909
UBFC_PHYS_s14_T1_ctrl,19,187,25.233333333333334,-0.039690375328063965,1.0407169506903153
UBFC_PHYS_s14_T1_ctrl,19,188,25.266666666666666,0.4233510196208954,0.6952110586612513
UBFC_PHYS_s14_T1_ctrl,19,189,25.3,0.6804303526878357,0.31679322285493033
UBFC_PHYS_s14_T1_ctrl,19,190,25.333333333333332,0.7027079463005066,-0.05763829439766668
UBFC_PHYS_s14_T1_ctrl,19,191,25.366666666666667,0.5460326075553894,-0.4040543488366379
UBFC_PHYS_s14_T1_ctrl,19,192,25.4,0.40752294659614563,-0.7062309060665459
UBFC_PHYS_s14_T1_ctrl,19,193,25.433333333333334,0.4199431836605072,-0.9488835259448893
UBFC_PHYS_s14_T1_ctrl,19,194,25.466666666666665,0.5006043910980225,-1.112607215535964
UBFC_PHYS_s14_T1_ctrl,19,195,25.5,0.5204880237579346,-1.1737763949191333
UBFC_PHYS_s14_T1_ctrl,19,196,25.533333333333335,0.4912821352481842,-1.110654024121778
UBFC_PHYS_s14_T1_ctrl,19,197,25.566666666666666,0.4614284932613373,-0.9139757101499311
UBFC_PHYS_s14_T1_ctrl,19,198,25.6,0.3918920159339905,-0.5974073011052607
UBFC_PHYS_s14_T1_ctrl,19,199,25.633333333333333,0.24927043914794922,-0.2019748746402246
UBFC_PHYS_s14_T1_ctrl,19,200,25.666666666666668,0.031986549496650696,0.20994493041087528
UBFC_PHYS_s14_T1_ctrl,19,201,25.7,-0.28809529542922974,0.5707683063157387
UBFC_PHYS_s14_T1_ctrl,19,202,25.733333333333334,-0.6089656949043274,0.8274781922919439
UBFC_PHYS_s14_T1_ctrl,19,203,25.766666666666666,-0.6116412878036499,0.9553889230815426
UBFC_PHYS_s14_T1_ctrl,19,204,25.8,-0.15679554641246796,0.959345839573707
UBFC_PHYS_s14_T1_ctrl,19,205,25.833333333333332,0.4640195667743683,0.8631027858497409
UBFC_PHYS_s14_T1_ctrl,19,206,25.866666666666667,0.9142464399337769,0.6942681356018869
UBFC_PHYS_s14_T1_ctrl,19,207,25.9,1.093255639076233,0.473837813955859
UBFC_PHYS_s14_T1_ctrl,19,208,25.933333333333334,1.040673851966858,0.21495005666806272
UBFC_PHYS_s14_T1_ctrl,19,209,25.966666666666665,0.8784220218658447,-0.07087229208345693
UBFC_PHYS_s14_T1_ctrl,19,210,26.0,0.7984649538993835,-0.36537130980221727
UBFC_PHYS_s14_T1_ctrl,19,211,26.033333333333335,0.8018727898597717,-0.6384751537215123
UBFC_PHYS_s14_T1_ctrl,19,212,26.066666666666666,0.6028671860694885,-0.8496689116094954
UBFC_PHYS_s14_T1_ctrl,19,213,26.1,0.12219526618719101,-0.9561170387569085
UBFC_PHYS_s14_T1_ctrl,19,214,26.133333333333333,-0.2962346374988556,-0.9253127171148555
UBFC_PHYS_s14_T1_ctrl,19,215,26.166666666666668,-0.3532945215702057,-0.7481340134102431
UBFC_PHYS_s14_T1_ctrl,19,216,26.2,-0.13322243094444275,-0.4470942401067918
UBFC_PHYS_s14_T1_ctrl,19,217,26.233333333333334,0.14841578900814056,-0.07496110267827302
UBFC_PHYS_s14_T1_ctrl,19,218,26.266666666666666,0.40701600909233093,0.29838413414574566
UBFC_PHYS_s14_T1_ctrl,19,219,26.3,0.60295170545578,0.607597121573264
UBFC_PHYS_s14_T1_ctrl,19,220,26.333333333333332,0.7477700710296631,0.8127024784909624
UBFC_PHYS_s14_T1_ctrl,19,221,26.366666666666667,0.9907675385475159,0.9082790904679734
UBFC_PHYS_s14_T1_ctrl,19,222,26.4,1.4139007329940796,0.9162771411209938
UBFC_PHYS_s14_T1_ctrl,19,223,26.433333333333334,1.8103629350662231,0.8673781245760442
UBFC_PHYS_s14_T1_ctrl,19,224,26.466666666666665,1.9057255983352661,0.7822146252706574
UBFC_PHYS_s14_T1_ctrl,19,225,26.5,1.7143523693084717,0.662989003771934
UBFC_PHYS_s14_T1_ctrl,19,226,26.533333333333335,1.4340097904205322,0.4987218559856267
UBFC_PHYS_s14_T1_ctrl,19,227,26.566666666666666,1.1268832683563232,0.278943534413924
UBFC_PHYS_s14_T1_ctrl,19,228,26.6,0.8029429912567139,0.006761043563908503
UBFC_PHYS_s14_T1_ctrl,19,229,26.633333333333333,0.5591851472854614,-0.29577455685646886
UBFC_PHYS_s14_T1_ctrl,19,230,26.666666666666668,0.3907936215400696,-0.5915854762061481
UBFC_PHYS_s14_T1_ctrl,19,231,26.7,0.13774169981479645,-0.8385420609642733
UBFC_PHYS_s14_T1_ctrl,19,232,26.733333333333334,-0.2469761073589325,-1.0009343489845692
UBFC_PHYS_s14_T1_ctrl,19,233,26.766666666666666,-0.6402838826179504,-1.058949082746212
UBFC_PHYS_s14_T1_ctrl,19,234,26.8,-1.0012876987457275,-1.0137963732803261
UBFC_PHYS_s14_T1_ctrl,19,235,26.833333333333332,-1.4109869003295898,-0.8867464718222587
UBFC_PHYS_s14_T1_ctrl,19,236,26.866666666666667,-1.8724229335784912,-0.7113009117394473
UBFC_PHYS_s14_T1_ctrl,19,237,26.9,-2.2511699199676514,-0.5203230859097485
UBFC_PHYS_s14_T1_ctrl,19,238,26.933333333333334,-2.3765552043914795,-0.3337111819327594
UBFC_PHYS_s14_T1_ctrl,19,239,26.966666666666665,-2.1622848510742188,-0.15343594130188495
UBFC_PHYS_s14_T1_ctrl,20,0,20.0,-0.29316475987434387,0.11613185373073774
UBFC_PHYS_s14_T1_ctrl,20,1,20.033333333333335,-0.3434653580188751,0.18257235256070084
UBFC_PHYS_s14_T1_ctrl,20,2,20.066666666666666,-0.15293709933757782,0.2922347250993797
UBFC_PHYS_s14_T1_ctrl,20,3,20.1,-0.06267205625772476,0.4753229121229754
UBFC_PHYS_s14_T1_ctrl,20,4,20.133333333333333,-0.1493602991104126,0.7345662405616592
UBFC_PHYS_s14_T1_ctrl,20,5,20.166666666666668,-0.22486750781536102,1.0429755884721017
UBFC_PHYS_s14_T1_ctrl,20,6,20.2,-0.12494226545095444,1.3509354987232134
UBFC_PHYS_s14_T1_ctrl,20,7,20.233333333333334,0.0655578225851059,1.6002484635923344
UBFC_PHYS_s14_T1_ctrl,20,8,20.266666666666666,0.02505824901163578,1.7399433836315448
UBFC_PHYS_s14_T1_ctrl,20,9,20.3,-0.3793460726737976,1.7380647062614512
UBFC_PHYS_s14_T1_ctrl,20,10,20.333333333333332,-0.8251793384552002,1.586254566905548
UBFC_PHYS_s14_T1_ctrl,20,11,20.366666666666667,-0.9349619150161743,1.2976483732928359
UBFC_PHYS_s14_T1_ctrl,20,12,20.4,-0.6532673835754395,0.9008308485163041
UBFC_PHYS_s14_T1_ctrl,20,13,20.433333333333334,-0.15020520985126495,0.43292394883135915
UBFC_PHYS_s14_T1_ctrl,20,14,20.466666666666665,0.38544249534606934,-0.06590192119515617
UBFC_PHYS_s14_T1_ctrl,20,15,20.5,0.8043793439865112,-0.5554635903889775
UBFC_PHYS_s14_T1_ctrl,20,16,20.533333333333335,1.01819908618927,-0.9964448830003523
UBFC_PHYS_s14_T1_ctrl,20,17,20.566666666666666,1.0414342880249023,-1.3504615279887962
UBFC_PHYS_s14_T1_ctrl,20,18,20.6,0.9192032814025879,-1.581137127498279
UBFC_PHYS_s14_T1_ctrl,20,19,20.633333333333333,0.751037061214447,-1.657733784489502
UBFC_PHYS_s14_T1_ctrl,20,20,20.666666666666668,0.679895281791687,-1.5617425923946118
UBFC_PHYS_s14_T1_ctrl,20,21,20.7,0.7114387154579163,-1.2949486743392877
UBFC_PHYS_s14_T1_ctrl,20,22,20.733333333333334,0.6816695928573608,-0.885510444465641
UBFC_PHYS_s14_T1_ctrl,20,23,20.766666666666666,0.5085465908050537,-0.38791420140482513
UBFC_PHYS_s14_T1_ctrl,20,24,20.8,0.2594093978404999,0.12561915101487753
UBFC_PHYS_s14_T1_ctrl,20,25,20.833333333333332,-0.07010730355978012,0.5807702824095552
UBFC_PHYS_s14_T1_ctrl,20,26,20.866666666666667,-0.5179120898246765,0.9180332768206018
UBFC_PHYS_s14_T1_ctrl,20,27,20.9,-0.9611542820930481,1.1038699042098097
UBFC_PHYS_s14_T1_ctrl,20,28,20.933333333333334,-1.160047173500061,1.1323944286407803
UBFC_PHYS_s14_T1_ctrl,20,29,20.966666666666665,-0.9684205651283264,1.0190307343922003
UBFC_PHYS_s14_T1_ctrl,20,30,21.0,-0.44524940848350525,0.7908145769396043
UBFC_PHYS_s14_T1_ctrl,20,31,21.033333333333335,0.1904362142086029,0.47823546941798695
UBFC_PHYS_s14_T1_ctrl,20,32,21.066666666666666,0.6984552145004272,0.11155911584855761
UBFC_PHYS_s14_T1_ctrl,20,33,21.1,0.9557035565376282,-0.2782379057095243
UBFC_PHYS_s14_T1_ctrl,20,34,21.133333333333333,0.9661523699760437,-0.6561755116645864
UBFC_PHYS_s14_T1_ctrl,20,35,21.166666666666668,0.838598370552063,-0.98100103341525
UBFC_PHYS_s14_T1_ctrl,20,36,21.2,0.711692214012146,-1.2069235212577762
UBFC_PHYS_s14_T1_ctrl,20,37,21.233333333333334,0.6450002789497375,-1.2906572953636892
UBFC_PHYS_s14_T1_ctrl,20,38,21.266666666666666,0.6038529276847839,-1.202703225971466
UBFC_PHYS_s14_T1_ctrl,20,39,21.3,0.5484547019004822,-0.9393596367463611
UBFC_PHYS_s14_T1_ctrl,20,40,21.333333333333332,0.47176462411880493,-0.530329453459107
UBFC_PHYS_s14_T1_ctrl,20,41,21.366666666666667,0.34815362095832825,-0.03710347107869712
UBFC_PHYS_s14_T1_ctrl,20,42,21.4,0.13596737384796143,0.459768968594282
UBFC_PHYS_s14_T1_ctrl,20,43,21.433333333333334,-0.16961008310317993,0.8813199731721294
UBFC_PHYS_s14_T1_ctrl,20,44,21.466666666666665,-0.5272624492645264,1.1705281319570227
UBFC_PHYS_s14_T1_ctrl,20,45,21.5,-0.8360224366188049,1.3033594523640095
UBFC_PHYS_s14_T1_ctrl,20,46,21.533333333333335,-0.8545542359352112,1.2864810748388122
UBFC_PHYS_s14_T1_ctrl,20,47,21.566666666666666,-0.3867813050746918,1.1449084416722728
UBFC_PHYS_s14_T1_ctrl,20,48,21.6,0.42687147855758667,0.9073004460093625
UBFC_PHYS_s14_T1_ctrl,20,49,21.633333333333333,1.209515929222107,0.5965015519773352
UBFC_PHYS_s14_T1_ctrl,20,50,21.666666666666668,1.7480082511901855,0.22918825867943649
UBFC_PHYS_s14_T1_ctrl,20,51,21.7,2.0538392066955566,-0.1767370413977758
UBFC_PHYS_s14_T1_ctrl,20,52,21.733333333333334,2.1639597415924072,-0.5925300327996226
UBFC_PHYS_s14_T1_ctrl,20,53,21.766666666666666,2.0865373611450195,-0.9733977420638636
UBFC_PHYS_s14_T1_ctrl,20,54,21.8,1.8954176902770996,-1.2619316214630865
UBFC_PHYS_s14_T1_ctrl,20,55,21.833333333333332,1.748430609703064,-1.4002035531651928
UBFC_PHYS_s14_T1_ctrl,20,56,21.866666666666667,1.8060256242752075,-1.3467820204571013
UBFC_PHYS_s14_T1_ctrl,20,57,21.9,1.9946106672286987,-1.0927119588813365
UBFC_PHYS_s14_T1_ctrl,20,58,21.933333333333334,1.8942347764968872,-0.6701545003491093
UBFC_PHYS_s14_T1_ctrl,20,59,21.966666666666665,1.1566805839538574,-0.1490042672773432
UBFC_PHYS_s14_T1_ctrl,20,60,22.0,0.024945594370365143,0.3795613942541293
UBFC_PHYS_s14_T1_ctrl,20,61,22.033333333333335,-0.8734521269798279,0.8280513173193255
UBFC_PHYS_s14_T1_ctrl,20,62,22.066666666666666,-1.2642251253128052,1.1360442796941073
UBFC_PHYS_s14_T1_ctrl,20,63,22.1,-1.307484745979309,1.2813343774354116
UBFC_PHYS_s14_T1_ctrl,20,64,22.133333333333333,-1.1512601375579834,1.2749698559498488
UBFC_PHYS_s14_T1_ctrl,20,65,22.166666666666668,-0.8103933334350586,1.1453792512182286
UBFC_PHYS_s14_T1_ctrl,20,66,22.2,-0.4833550453186035,0.921513120761959
UBFC_PHYS_s14_T1_ctrl,20,67,22.233333333333334,-0.5877301692962646,0.623594575176433
UBFC_PHYS_s14_T1_ctrl,20,68,22.266666666666666,-1.2770678997039795,0.2646769478077978
UBFC_PHYS_s14_T1_ctrl,20,69,22.3,-2.1222360134124756,-0.1399158529238048
UBFC_PHYS_s14_T1_ctrl,20,70,22.333333333333332,-2.5795037746429443,-0.5619948387965632
UBFC_PHYS_s14_T1_ctrl,20,71,22.366666666666667,-2.47969126701355,-0.955575304700162
UBFC_PHYS_s14_T1_ctrl,20,72,22.4,-2.010538339614868,-1.2612878007581765
UBFC_PHYS_s14_T1_ctrl,20,73,22.433333333333334,-1.4768620729446411,-1.419449261754094
UBFC_PHYS_s14_T1_ctrl,20,74,22.466666666666665,-1.10276198387146,-1.3875914035802335
UBFC_PHYS_s14_T1_ctrl,20,75,22.5,-0.9264283180236816,-1.1562986821569021
UBFC_PHYS_s14_T1_ctrl,20,76,22.533333333333335,-0.8462177515029907,-0.7570066462427437
UBFC_PHYS_s14_T1_ctrl,20,77,22.566666666666666,-0.7905660271644592,-0.25741318802458973
UBFC_PHYS_s14_T1_ctrl,20,78,22.6,-0.8289251327514648,0.2555604948505956
UBFC_PHYS_s14_T1_ctrl,20,79,22.633333333333333,-1.0199040174484253,0.6997853538763874
UBFC_PHYS_s14_T1_ctrl,20,80,22.666666666666668,-1.1801843643188477,1.0191343923032614
UBFC_PHYS_s14_T1_ctrl,20,81,22.7,-0.9634355306625366,1.1926601618198096
UBFC_PHYS_s14_T1_ctrl,20,82,22.733333333333334,-0.2674511969089508,1.228990143174537
UBFC_PHYS_s14_T1_ctrl,20,83,22.766666666666666,0.5821667909622192,1.1511615514900013
UBFC_PHYS_s14_T1_ctrl,20,84,22.8,1.1624541282653809,0.9811725344901707
UBFC_PHYS_s14_T1_ctrl,20,85,22.833333333333332,1.33639395236969,0.7321311140401049
UBFC_PHYS_s14_T1_ctrl,20,86,22.866666666666667,1.1923359632492065,0.41073424128457564
UBFC_PHYS_s14_T1_ctrl,20,87,22.9,0.9118524789810181,0.027085628723748884
UBFC_PHYS_s14_T1_ctrl,20,88,22.933333333333334,0.7054116725921631,-0.39452912823340586
UBFC_PHYS_s14_T1_ctrl,20,89,22.966666666666665,0.7096080780029297,-0.8102457863884291
UBFC_PHYS_s14_T1_ctrl,20,90,23.0,0.8259246945381165,-1.1601011369399163
UBFC_PHYS_s14_T1_ctrl,20,91,23.033333333333335,0.7705264687538147,-1.380046344302072
UBFC_PHYS_s14_T1_ctrl,20,92,23.066666666666666,0.4689764082431793,-1.4190005550474223
UBFC_PHYS_s14_T1_ctrl,20,93,23.1,0.14154382050037384,-1.255519380913353
UBFC_PHYS_s14_T1_ctrl,20,94,23.133333333333333,-0.08976565301418304,-0.9080345573179885
UBFC_PHYS_s14_T1_ctrl,20,95,23.166666666666668,-0.3745582103729248,-0.43379648787187264
UBFC_PHYS_s14_T1_ctrl,20,96,23.2,-0.827150821685791,0.08494641770385236
UBFC_PHYS_s14_T1_ctrl,20,97,23.233333333333334,-1.3135682344436646,0.563603764656427
UBFC_PHYS_s14_T1_ctrl,20,98,23.266666666666666,-1.5334713459014893,0.9375461078939511
UBFC_PHYS_s14_T1_ctrl,20,99,23.3,-1.239553689956665,1.1741851599393114
UBFC_PHYS_s14_T1_ctrl,20,100,23.333333333333332,-0.4928462505340576,1.2708578220164357
UBFC_PHYS_s14_T1_ctrl,20,101,23.366666666666667,0.3469144105911255,1.2425762444434234
UBFC_PHYS_s14_T1_ctrl,20,102,23.4,0.9374533891677856,1.1080531316570967
UBFC_PHYS_s14_T1_ctrl,20,103,23.433333333333334,1.1686784029006958,0.8813932919624549
UBFC_PHYS_s14_T1_ctrl,20,104,23.466666666666665,1.0649510622024536,0.572238493841523
UBFC_PHYS_s14_T1_ctrl,20,105,23.5,0.7105938196182251,0.19226145708706727
UBFC_PHYS_s14_T1_ctrl,20,106,23.533333333333335,0.3217359483242035,-0.23661851915189158
UBFC_PHYS_s14_T1_ctrl,20,107,23.566666666666666,0.12258956581354141,-0.6768473321317662
UBFC_PHYS_s14_T1_ctrl,20,108,23.6,0.11636535823345184,-1.075654577548218
UBFC_PHYS_s14_T1_ctrl,20,109,23.633333333333333,0.16221605241298676,-1.3721510262782486
UBFC_PHYS_s14_T1_ctrl,20,110,23.666666666666668,0.188154935836792,-1.5098937568340989
UBFC_PHYS_s14_T1_ctrl,20,111,23.7,0.17187625169754028,-1.4518552863383198
UBFC_PHYS_s14_T1_ctrl,20,112,23.733333333333334,0.02942364104092121,-1.1933079319571565
UBFC_PHYS_s14_T1_ctrl,20,113,23.766666666666666,-0.29919183254241943,-0.7676372647494986
UBFC_PHYS_s14_T1_ctrl,20,114,23.8,-0.7339567542076111,-0.241335774482608
UBFC_PHYS_s14_T1_ctrl,20,115,23.833333333333332,-1.1294894218444824,0.30176582813624286
UBFC_PHYS_s14_T1_ctrl,20,116,23.866666666666667,-1.272505283355713,0.781563434414978
UBFC_PHYS_s14_T1_ctrl,20,117,23.9,-0.953803539276123,1.139486026074218
UBFC_PHYS_s14_T1_ctrl,20,118,23.933333333333334,-0.24520178139209747,1.346598805475709
UBFC_PHYS_s14_T1_ctrl,20,119,23.966666666666665,0.5455256700515747,1.4009815625962447
UBFC_PHYS_s14_T1_ctrl,20,120,24.0,1.2213447093963623,1.3182443599223115
UBFC_PHYS_s14_T1_ctrl,20,121,24.033333333333335,1.6678258180618286,1.1210215187976362
UBFC_PHYS_s14_T1_ctrl,20,122,24.066666666666666,1.7577528953552246,0.8320433502508835
UBFC_PHYS_s14_T1_ctrl,20,123,24.1,1.6079776287078857,0.4724439857612023
UBFC_PHYS_s14_T1_ctrl,20,124,24.133333333333333,1.5194306373596191,0.06428805002088574
UBFC_PHYS_s14_T1_ctrl,20,125,24.166666666666668,1.5381877422332764,-0.36513349365557424
UBFC_PHYS_s14_T1_ctrl,20,126,24.2,1.48428213596344,-0.7798721198038557
UBFC_PHYS_s14_T1_ctrl,20,127,24.233333333333334,1.3232696056365967,-1.1348938033923792
UBFC_PHYS_s14_T1_ctrl,20,128,24.266666666666666,1.1363744735717773,-1.3800937618020808
UBFC_PHYS_s14_T1_ctrl,20,129,24.3,0.9089797735214233,-1.4691338850202904
UBFC_PHYS_s14_T1_ctrl,20,130,24.333333333333332,0.589348554611206,-1.371780743556388
UBFC_PHYS_s14_T1_ctrl,20,131,24.366666666666667,0.1618780940771103,-1.0862817091164527
UBFC_PHYS_s14_T1_ctrl,20,132,24.4,-0.38399308919906616,-0.6466487313217867
UBFC_PHYS_s14_T1_ctrl,20,133,24.433333333333334,-0.957493007183075,-0.12002216306978894
UBFC_PHYS_s14_T1_ctrl,20,134,24.466666666666665,-1.3368314504623413,0.407504538239941
UBFC_PHYS_s14_T1_ctrl,20,135,24.5,-1.3547999858856201,0.8528136871686578
UBFC_PHYS_s14_T1_ctrl,20,136,24.533333333333335,-1.0061882734298706,1.1567154822232677
UBFC_PHYS_s14_T1_ctrl,20,137,24.566666666666666,-0.44457346200942993,1.2948140663552377
UBFC_PHYS_s14_T1_ctrl,20,138,24.6,0.12008298188447952,1.2748359469223223
UBFC_PHYS_s14_T1_ctrl,20,139,24.633333333333333,0.5145454406738281,1.1242979927155272
UBFC_PHYS_s14_T1_ctrl,20,140,24.666666666666668,0.6645459532737732,0.8761020898204784
UBFC_PHYS_s14_T1_ctrl,20,141,24.7,0.5727882385253906,0.5587316790010874
UBFC_PHYS_s14_T1_ctrl,20,142,24.733333333333334,0.32336944341659546,0.19407842110456192
UBFC_PHYS_s14_T1_ctrl,20,143,24.766666666666666,0.07138773798942566,-0.19809785899961754
UBFC_PHYS_s14_T1_ctrl,20,144,24.8,-0.036733176559209824,-0.5927339586059163
UBFC_PHYS_s14_T1_ctrl,20,145,24.833333333333332,-0.0043447804637253284,-0.953586214729143
UBFC_PHYS_s14_T1_ctrl,20,146,24.866666666666667,0.019087519496679306,-1.2328292234087799
UBFC_PHYS_s14_T1_ctrl,20,147,24.9,-0.05599723011255264,-1.3781683388632362
UBFC_PHYS_s14_T1_ctrl,20,148,24.933333333333334,-0.14403733611106873,-1.3466471966218685
UBFC_PHYS_s14_T1_ctrl,20,149,24.966666666666665,-0.17811556160449982,-1.1210867321037694
UBFC_PHYS_s14_T1_ctrl,20,150,25.0,-0.22641651332378387,-0.7225618171926672
UBFC_PHYS_s14_T1_ctrl,20,151,25.033333333333335,-0.3572937846183777,-0.21209513880635159
UBFC_PHYS_s14_T1_ctrl,20,152,25.066666666666666,-0.5926870107650757,0.3220147026815934
UBFC_PHYS_s14_T1_ctrl,20,153,25.1,-0.9315822720527649,0.7883397592745434
UBFC_PHYS_s14_T1_ctrl,20,154,25.133333333333333,-1.2006876468658447,1.1181110759737547
UBFC_PHYS_s14_T1_ctrl,20,155,25.166666666666668,-1.1151258945465088,1.2808737025154793
UBFC_PHYS_s14_T1_ctrl,20,156,25.2,-0.6360311508178711,1.284015302247803
UBFC_PHYS_s14_T1_ctrl,20,157,25.233333333333334,-0.039690375328063965,1.1591140137590614
UBFC_PHYS_s14_T1_ctrl,20,158,25.266666666666666,0.4233510196208954,0.9437443319708683
UBFC_PHYS_s14_T1_ctrl,20,159,25.3,0.6804303526878357,0.6676652897122353
UBFC_PHYS_s14_T1_ctrl,20,160,25.333333333333332,0.7027079463005066,0.34848738097885545
UBFC_PHYS_s14_T1_ctrl,20,161,25.366666666666667,0.5460326075553894,-0.0032961062921533467
UBFC_PHYS_s14_T1_ctrl,20,162,25.4,0.40752294659614563,-0.37404091044476656
UBFC_PHYS_s14_T1_ctrl,20,163,25.433333333333334,0.4199431836605072,-0.73729899033064
UBFC_PHYS_s14_T1_ctrl,20,164,25.466666666666665,0.5006043910980225,-1.0501172993489052
UBFC_PHYS_s14_T1_ctrl,20,165,25.5,0.5204880237579346,-1.2583538627968993
UBFC_PHYS_s14_T1_ctrl,20,166,25.533333333333335,0.4912821352481842,-1.3106943783299503
UBFC_PHYS_s14_T1_ctrl,20,167,25.566666666666666,0.4614284932613373,-1.1771960314866083
UBFC_PHYS_s14_T1_ctrl,20,168,25.6,0.3918920159339905,-0.8650013556070946
UBFC_PHYS_s14_T1_ctrl,20,169,25.633333333333333,0.24927043914794922,-0.42329831151375413
UBFC_PHYS_s14_T1_ctrl,20,170,25.666666666666668,0.031986549496650696,0.0669764047609191
UBFC_PHYS_s14_T1_ctrl,20,171,25.7,-0.28809529542922974,0.5163620768126459
UBFC_PHYS_s14_T1_ctrl,20,172,25.733333333333334,-0.6089656949043274,0.8534792782159905
UBFC_PHYS_s14_T1_ctrl,20,173,25.766666666666666,-0.6116412878036499,1.0429085149462567
UBFC_PHYS_s14_T1_ctrl,20,174,25.8,-0.15679554641246796,1.0869950856447388
UBFC_PHYS_s14_T1_ctrl,20,175,25.833333333333332,0.4640195667743683,1.0129211360350086
UBFC_PHYS_s14_T1_ctrl,20,176,25.866666666666667,0.9142464399337769,0.8533876162425301
UBFC_PHYS_s14_T1_ctrl,20,177,25.9,1.093255639076233,0.6312959849231095
UBFC_PHYS_s14_T1_ctrl,20,178,25.933333333333334,1.040673851966858,0.3555558824888942
UBFC_PHYS_s14_T1_ctrl,20,179,25.966666666666665,0.8784220218658447,0.028696847932367514
UBFC_PHYS_s14_T1_ctrl,20,180,26.0,0.7984649538993835,-0.33927877192448835
UBFC_PHYS_s14_T1_ctrl,20,181,26.033333333333335,0.8018727898597717,-0.7192672424252926
UBFC_PHYS_s14_T1_ctrl,20,182,26.066666666666666,0.6028671860694885,-1.0604738414824475
UBFC_PHYS_s14_T1_ctrl,20,183,26.1,0.12219526618719101,-1.2991809914664127
UBFC_PHYS_s14_T1_ctrl,20,184,26.133333333333333,-0.2962346374988556,-1.3764531022362487
UBFC_PHYS_s14_T1_ctrl,20,185,26.166666666666668,-0.3532945215702057,-1.2586862042219285
UBFC_PHYS_s14_T1_ctrl,20,186,26.2,-0.13322243094444275,-0.952990312045618
UBFC_PHYS_s14_T1_ctrl,20,187,26.233333333333334,0.14841578900814056,-0.5101430702768822
UBFC_PHYS_s14_T1_ctrl,20,188,26.266666666666666,0.40701600909233093,-0.011851842905248055
UBFC_PHYS_s14_T1_ctrl,20,189,26.3,0.60295170545578,0.45417031201301006
UBFC_PHYS_s14_T1_ctrl,20,190,26.333333333333332,0.7477700710296631,0.8209210224124778
UBFC_PHYS_s14_T1_ctrl,20,191,26.366666666666667,0.9907675385475159,1.0583003951288334
UBFC_PHYS_s14_T1_ctrl,20,192,26.4,1.4139007329940796,1.1721327891681566
UBFC_PHYS_s14_T1_ctrl,20,193,26.433333333333334,1.8103629350662231,1.1886622458818328
UBFC_PHYS_s14_T1_ctrl,20,194,26.466666666666665,1.9057255983352661,1.1339967391892483
UBFC_PHYS_s14_T1_ctrl,20,195,26.5,1.7143523693084717,1.0193923842846788
UBFC_PHYS_s14_T1_ctrl,20,196,26.533333333333335,1.4340097904205322,0.839377148015114
UBFC_PHYS_s14_T1_ctrl,20,197,26.566666666666666,1.1268832683563232,0.5826123574221871
UBFC_PHYS_s14_T1_ctrl,20,198,26.6,0.8029429912567139,0.2485652452068189
UBFC_PHYS_s14_T1_ctrl,20,199,26.633333333333333,0.5591851472854614,-0.13958380627187605
UBFC_PHYS_s14_T1_ctrl,20,200,26.666666666666668,0.3907936215400696,-0.5324193859363744
UBFC_PHYS_s14_T1_ctrl,20,201,26.7,0.13774169981479645,-0.863286159242724
UBFC_PHYS_s14_T1_ctrl,20,202,26.733333333333334,-0.2469761073589325,-1.0656722806174403
UBFC_PHYS_s14_T1_ctrl,20,203,26.766666666666666,-0.6402838826179504,-1.0933765701612455
UBFC_PHYS_s14_T1_ctrl,20,204,26.8,-1.0012876987457275,-0.9365495428862518
UBFC_PHYS_s14_T1_ctrl,20,205,26.833333333333332,-1.4109869003295898,-0.6272336654294052
UBFC_PHYS_s14_T1_ctrl,20,206,26.866666666666667,-1.8724229335784912,-0.23121866612590422
UBFC_PHYS_s14_T1_ctrl,20,207,26.9,-2.2511699199676514,0.17160769927250777
UBFC_PHYS_s14_T1_ctrl,20,208,26.933333333333334,-2.3765552043914795,0.5107772994476192
UBFC_PHYS_s14_T1_ctrl,20,209,26.966666666666665,-2.1622848510742188,0.7428254709267788
UBFC_PHYS_s14_T1_ctrl,20,210,27.0,-1.6923434734344482,0.8562015493233421
UBFC_PHYS_s14_T1_ctrl,20,211,27.033333333333335,-1.1986035108566284,0.863204581201478
UBFC_PHYS_s14_T1_ctrl,20,212,27.066666666666666,-0.8230107426643372,0.7847413425599551
UBFC_PHYS_s14_T1_ctrl,20,213,27.1,-0.5326135754585266,0.6364245271380276
UBFC_PHYS_s14_T1_ctrl,20,214,27.133333333333333,-0.31994855403900146,0.4227535952582448
UBFC_PHYS_s14_T1_ctrl,20,215,27.166666666666668,-0.2504965662956238,0.14125123174603646
UBFC_PHYS_s14_T1_ctrl,20,216,27.2,-0.27432316541671753,-0.20677154107500514
UBFC_PHYS_s14_T1_ctrl,20,217,27.233333333333334,-0.24193477630615234,-0.6050832907856606
UBFC_PHYS_s14_T1_ctrl,20,218,27.266666666666666,-0.15778127312660217,-1.0168184743774327
UBFC_PHYS_s14_T1_ctrl,20,219,27.3,-0.16338588297367096,-1.387144633790441
UBFC_PHYS_s14_T1_ctrl,20,220,27.333333333333332,-0.24204742908477783,-1.6539341305645259
UBFC_PHYS_s14_T1_ctrl,20,221,27.366666666666667,-0.25452399253845215,-1.763222321364387
UBFC_PHYS_s14_T1_ctrl,20,222,27.4,-0.19904127717018127,-1.6844248925338206
UBFC_PHYS_s14_T1_ctrl,20,223,27.433333333333334,-0.1964220404624939,-1.4201064671191932
UBFC_PHYS_s14_T1_ctrl,20,224,27.466666666666665,-0.31885018944740295,-1.0067758241573603
UBFC_PHYS_s14_T1_ctrl,20,225,27.5,-0.5829704999923706,-0.5061814923281069
UBFC_PHYS_s14_T1_ctrl,20,226,27.533333333333335,-0.8885197639465332,0.010125923452686734
UBFC_PHYS_s14_T1_ctrl,20,227,27.566666666666666,-0.945805013179779,0.4776958133435178
UBFC_PHYS_s14_T1_ctrl,20,228,27.6,-0.5611717104911804,0.8516209646906208
UBFC_PHYS_s14_T1_ctrl,20,229,27.633333333333333,0.08501902222633362,1.1106546942110753
UBFC_PHYS_s14_T1_ctrl,20,230,27.666666666666668,0.601036548614502,1.2533949871442105
UBFC_PHYS_s14_T1_ctrl,20,231,27.7,0.7047638893127441,1.290771516278196
UBFC_PHYS_s14_T1_ctrl,20,232,27.733333333333334,0.37764114141464233,1.2399132668830803
UBFC_PHYS_s14_T1_ctrl,20,233,27.766666666666666,-0.10328428447246552,1.1219560867568905
UBFC_PHYS_s14_T1_ctrl,20,234,27.8,-0.34622541069984436,0.9623131857774035
UBFC_PHYS_s14_T1_ctrl,20,235,27.833333333333332,-0.21627753973007202,0.7896026473184026
UBFC_PHYS_s14_T1_ctrl,20,236,27.866666666666667,0.11292937397956848,0.6307690163664476
UBFC_PHYS_s14_T1_ctrl,20,237,27.9,0.3986513316631317,0.5034988398713383
UBFC_PHYS_s14_T1_ctrl,20,238,27.933333333333334,0.5046881437301636,0.4098968656726697
UBFC_PHYS_s14_T1_ctrl,20,239,27.966666666666665,0.39991870522499084,0.3356719568908655
UBFC_PHYS_s14_T1_ctrl,21,0,21.0,-0.44524940848350525,-0.023499450597319622
UBFC_PHYS_s14_T1_ctrl,21,1,21.033333333333335,0.1904362142086029,-0.30220983367531123
UBFC_PHYS_s14_T1_ctrl,21,2,21.066666666666666,0.6984552145004272,-0.5920769756220257
UBFC_PHYS_s14_T1_ctrl,21,3,21.1,0.9557035565376282,-0.8928991491506933
UBFC_PHYS_s14_T1_ctrl,21,4,21.133333333333333,0.9661523699760437,-1.1828747300471083
UBFC_PHYS_s14_T1_ctrl,21,5,21.166666666666668,0.838598370552063,-1.419531841775242
UBFC_PHYS_s14_T1_ctrl,21,6,21.2,0.711692214012146,-1.54956879675859
UBFC_PHYS_s14_T1_ctrl,21,7,21.233333333333334,0.6450002789497375,-1.5250569628153101
UBFC_PHYS_s14_T1_ctrl,21,8,21.266666666666666,0.6038529276847839,-1.3211854211445915
UBFC_PHYS_s14_T1_ctrl,21,9,21.3,0.5484547019004822,-0.9494141066413252
UBFC_PHYS_s14_T1_ctrl,21,10,21.333333333333332,0.47176462411880493,-0.46041916601005173
UBFC_PHYS_s14_T1_ctrl,21,11,21.366666666666667,0.34815362095832825,0.06602303117655524
UBFC_PHYS_s14_T1_ctrl,21,12,21.4,0.13596737384796143,0.5423805772080528
UBFC_PHYS_s14_T1_ctrl,21,13,21.433333333333334,-0.16961008310317993,0.8987079616794615
UBFC_PHYS_s14_T1_ctrl,21,14,21.466666666666665,-0.5272624492645264,1.1012072140976519
UBFC_PHYS_s14_T1_ctrl,21,15,21.5,-0.8360224366188049,1.1552649377606288
UBFC_PHYS_s14_T1_ctrl,21,16,21.533333333333335,-0.8545542359352112,1.0924774726009423
UBFC_PHYS_s14_T1_ctrl,21,17,21.566666666666666,-0.3867813050746918,0.9499594898107612
UBFC_PHYS_s14_T1_ctrl,21,18,21.6,0.42687147855758667,0.7533012332338455
UBFC_PHYS_s14_T1_ctrl,21,19,21.633333333333333,1.209515929222107,0.5111261085715837
UBFC_PHYS_s14_T1_ctrl,21,20,21.666666666666668,1.7480082511901855,0.22231585022909986
UBFC_PHYS_s14_T1_ctrl,21,21,21.7,2.0538392066955566,-0.10956227202610444
UBFC_PHYS_s14_T1_ctrl,21,22,21.733333333333334,2.1639597415924072,-0.4632156321375353
UBFC_PHYS_s14_T1_ctrl,21,23,21.766666666666666,2.0865373611450195,-0.7951867804108487
UBFC_PHYS_s14_T1_ctrl,21,24,21.8,1.8954176902770996,-1.0465346784554503
UBFC_PHYS_s14_T1_ctrl,21,25,21.833333333333332,1.748430609703064,-1.1582140616354286
UBFC_PHYS_s14_T1_ctrl,21,26,21.866666666666667,1.8060256242752075,-1.089969712209251
UBFC_PHYS_s14_T1_ctrl,21,27,21.9,1.9946106672286987,-0.8366404004198376
UBFC_PHYS_s14_T1_ctrl,21,28,21.933333333333334,1.8942347764968872,-0.43571906061796944
UBFC_PHYS_s14_T1_ctrl,21,29,21.966666666666665,1.1566805839538574,0.038475207175511075
UBFC_PHYS_s14_T1_ctrl,21,30,22.0,0.024945594370365143,0.494536457198392
UBFC_PHYS_s14_T1_ctrl,21,31,22.033333333333335,-0.8734521269798279,0.8516490130110272
UBFC_PHYS_s14_T1_ctrl,21,32,22.066666666666666,-1.2642251253128052,1.0632510528361532
UBFC_PHYS_s14_T1_ctrl,21,33,22.1,-1.307484745979309,1.1250283228292044
UBFC_PHYS_s14_T1_ctrl,21,34,22.133333333333333,-1.1512601375579834,1.0643531432541966
UBFC_PHYS_s14_T1_ctrl,21,35,22.166666666666668,-0.8103933334350586,0.9189539392367078
UBFC_PHYS_s14_T1_ctrl,21,36,22.2,-0.4833550453186035,0.717222680002633
UBFC_PHYS_s14_T1_ctrl,21,37,22.233333333333334,-0.5877301692962646,0.4697550280900865
UBFC_PHYS_s14_T1_ctrl,21,38,22.266666666666666,-1.2770678997039795,0.17464485721003598
UBFC_PHYS_s14_T1_ctrl,21,39,22.3,-2.1222360134124756,-0.16813742448459498
UBFC_PHYS_s14_T1_ctrl,21,40,22.333333333333332,-2.5795037746429443,-0.5418905402499758
UBFC_PHYS_s14_T1_ctrl,21,41,22.366666666666667,-2.47969126701355,-0.9058384396347888
UBFC_PHYS_s14_T1_ctrl,21,42,22.4,-2.010538339614868,-1.1991202787544897
UBFC_PHYS_s14_T1_ctrl,21,43,22.433333333333334,-1.4768620729446411,-1.3550991102574104
UBFC_PHYS_s14_T1_ctrl,21,44,22.466666666666665,-1.10276198387146,-1.3217385921315858
UBFC_PHYS_s14_T1_ctrl,21,45,22.5,-0.9264283180236816,-1.0818172864062927
UBFC_PHYS_s14_T1_ctrl,21,46,22.533333333333335,-0.8462177515029907,-0.6653912161056196
UBFC_PHYS_s14_T1_ctrl,21,47,22.566666666666666,-0.7905660271644592,-0.14759466451434305
UBFC_PHYS_s14_T1_ctrl,21,48,22.6,-0.8289251327514648,0.3707152728626692
UBFC_PHYS_s14_T1_ctrl,21,49,22.633333333333333,-1.0199040174484253,0.7940015462273461
UBFC_PHYS_s14_T1_ctrl,21,50,22.666666666666668,-1.1801843643188477,1.0613555925344376
UBFC_PHYS_s14_T1_ctrl,21,51,22.7,-0.9634355306625366,1.159706996028104
UBFC_PHYS_s14_T1_ctrl,21,52,22.733333333333334,-0.2674511969089508,1.1156971135635187
UBFC_PHYS_s14_T1_ctrl,21,53,22.766666666666666,0.5821667909622192,0.9732138737250307
UBFC_PHYS_s14_T1_ctrl,21,54,22.8,1.1624541282653809,0.7699473643078407
UBFC_PHYS_s14_T1_ctrl,21,55,22.833333333333332,1.33639395236969,0.5245470406271765
UBFC_PHYS_s14_T1_ctrl,21,56,22.866666666666667,1.1923359632492065,0.23881867035139054
UBFC_PHYS_s14_T1_ctrl,21,57,22.9,0.9118524789810181,-0.08872307336727497
UBFC_PHYS_s14_T1_ctrl,21,58,22.933333333333334,0.7054116725921631,-0.4467311247503146
UBFC_PHYS_s14_T1_ctrl,21,59,22.966666666666665,0.7096080780029297,-0.8012426972625873
UBFC_PHYS_s14_T1_ctrl,21,60,23.0,0.8259246945381165,-1.0970393834283882
UBFC_PHYS_s14_T1_ctrl,21,61,23.033333333333335,0.7705264687538147,-1.2698147040507923
UBFC_PHYS_s14_T1_ctrl,21,62,23.066666666666666,0.4689764082431793,-1.265373546693041
UBFC_PHYS_s14_T1_ctrl,21,63,23.1,0.14154382050037384,-1.0600511233061158
UBFC_PHYS_s14_T1_ctrl,21,64,23.133333333333333,-0.08976565301418304,-0.6750242882791913
UBFC_PHYS_s14_T1_ctrl,21,65,23.166666666666668,-0.3745582103729248,-0.17732061996758394
UBFC_PHYS_s14_T1_ctrl,21,66,23.2,-0.827150821685791,0.33613625674910136
UBFC_PHYS_s14_T1_ctrl,21,67,23.233333333333334,-1.3135682344436646,0.7677082535490733
UBFC_PHYS_s14_T1_ctrl,21,68,23.266666666666666,-1.5334713459014893,1.0493564293138669
UBFC_PHYS_s14_T1_ctrl,21,69,23.3,-1.239553689956665,1.1596590745890014
UBFC_PHYS_s14_T1_ctrl,21,70,23.333333333333332,-0.4928462505340576,1.1205116165860978
UBFC_PHYS_s14_T1_ctrl,21,71,23.366666666666667,0.3469144105911255,0.9777712492316886
UBFC_PHYS_s14_T1_ctrl,21,72,23.4,0.9374533891677856,0.777091916327482
UBFC_PHYS_s14_T1_ctrl,21,73,23.433333333333334,1.1686784029006958,0.5464068203497215
UBFC_PHYS_s14_T1_ctrl,21,74,23.466666666666665,1.0649510622024536,0.29170646806727685
UBFC_PHYS_s14_T1_ctrl,21,75,23.5,0.7105938196182251,0.005916049190273859
UBFC_PHYS_s14_T1_ctrl,21,76,23.533333333333335,0.3217359483242035,-0.31509741102130545
UBFC_PHYS_s14_T1_ctrl,21,77,23.566666666666666,0.12258956581354141,-0.6577709596504072
UBFC_PHYS_s14_T1_ctrl,21,78,23.6,0.11636535823345184,-0.9842280493313835
UBFC_PHYS_s14_T1_ctrl,21,79,23.633333333333333,0.16221605241298676,-1.2368246084169388
UBFC_PHYS_s14_T1_ctrl,21,80,23.666666666666668,0.188154935836792,-1.352768801901368
UBFC_PHYS_s14_T1_ctrl,21,81,23.7,0.17187625169754028,-1.2843987364094072
UBFC_PHYS_s14_T1_ctrl,21,82,23.733333333333334,0.02942364104092121,-1.018512098482673
UBFC_PHYS_s14_T1_ctrl,21,83,23.766666666666666,-0.29919183254241943,-0.5873426848296898
UBFC_PHYS_s14_T1_ctrl,21,84,23.8,-0.7339567542076111,-0.06509854355066351
UBFC_PHYS_s14_T1_ctrl,21,85,23.833333333333332,-1.1294894218444824,0.4512518868296474
UBFC_PHYS_s14_T1_ctrl,21,86,23.866666666666667,-1.272505283355713,0.8707184612606494
UBFC_PHYS_s14_T1_ctrl,21,87,23.9,-0.953803539276123,1.1346508637448234
UBFC_PHYS_s14_T1_ctrl,21,88,23.933333333333334,-0.24520178139209747,1.2293971982713856
UBFC_PHYS_s14_T1_ctrl,21,89,23.966666666666665,0.5455256700515747,1.1806024892433766
UBFC_PHYS_s14_T1_ctrl,21,90,24.0,1.2213447093963623,1.0335332588163673
UBFC_PHYS_s14_T1_ctrl,21,91,24.033333333333335,1.6678258180618286,0.8301437999766177
UBFC_PHYS_s14_T1_ctrl,21,92,24.066666666666666,1.7577528953552246,0.5938282125524791
UBFC_PHYS_s14_T1_ctrl,21,93,24.1,1.6079776287078857,0.3277129188182707
UBFC_PHYS_s14_T1_ctrl,21,94,24.133333333333333,1.5194306373596191,0.025276267277308206
UBFC_PHYS_s14_T1_ctrl,21,95,24.166666666666668,1.5381877422332764,-0.313440371833257
UBFC_PHYS_s14_T1_ctrl,21,96,24.2,1.48428213596344,-0.6684955970076439
UBFC_PHYS_s14_T1_ctrl,21,97,24.233333333333334,1.3232696056365967,-0.9959704866495206
UBFC_PHYS_s14_T1_ctrl,21,98,24.266666666666666,1.1363744735717773,-1.235244810346161
UBFC_PHYS_s14_T1_ctrl,21,99,24.3,0.9089797735214233,-1.3253970941212716
UBFC_PHYS_s14_T1_ctrl,21,100,24.333333333333332,0.589348554611206,-1.225610494977456
UBFC_PHYS_s14_T1_ctrl,21,101,24.366666666666667,0.1618780940771103,-0.9328722152714178
UBFC_PHYS_s14_T1_ctrl,21,102,24.4,-0.38399308919906616,-0.4897965550676382
UBFC_PHYS_s14_T1_ctrl,21,103,24.433333333333334,-0.957493007183075,0.022647919553502253
UBFC_PHYS_s14_T1_ctrl,21,104,24.466666666666665,-1.3368314504623413,0.5074211790015299
UBFC_PHYS_s14_T1_ctrl,21,105,24.5,-1.3547999858856201,0.8811989581458813
UBFC_PHYS_s14_T1_ctrl,21,106,24.533333333333335,-1.0061882734298706,1.0984111838149062
UBFC_PHYS_s14_T1_ctrl,21,107,24.566666666666666,-0.44457346200942993,1.1577577301125943
UBFC_PHYS_s14_T1_ctrl,21,108,24.6,0.12008298188447952,1.0894548375922428
UBFC_PHYS_s14_T1_ctrl,21,109,24.633333333333333,0.5145454406738281,0.932560455968963
UBFC_PHYS_s14_T1_ctrl,21,110,24.666666666666668,0.6645459532737732,0.7156084162736881
UBFC_PHYS_s14_T1_ctrl,21,111,24.7,0.5727882385253906,0.44967273358790955
UBFC_PHYS_s14_T1_ctrl,21,112,24.733333333333334,0.32336944341659546,0.13503665046052152
UBFC_PHYS_s14_T1_ctrl,21,113,24.766666666666666,0.07138773798942566,-0.22436647757713277
UBFC_PHYS_s14_T1_ctrl,21,114,24.8,-0.036733176559209824,-0.6073973963999052
UBFC_PHYS_s14_T1_ctrl,21,115,24.833333333333332,-0.0043447804637253284,-0.9700621359128778
UBFC_PHYS_s14_T1_ctrl,21,116,24.866666666666667,0.019087519496679306,-1.250582118148581
UBFC_PHYS_s14_T1_ctrl,21,117,24.9,-0.05599723011255264,-1.3837993359569638
UBFC_PHYS_s14_T1_ctrl,21,118,24.933333333333334,-0.14403733611106873,-1.3209039211197653
UBFC_PHYS_s14_T1_ctrl,21,119,24.966666666666665,-0.17811556160449982,-1.04874519613775
UBFC_PHYS_s14_T1_ctrl,21,120,25.0,-0.22641651332378387,-0.6015469061173231
UBFC_PHYS_s14_T1_ctrl,21,121,25.033333333333335,-0.3572937846183777,-0.05824959926435945
UBFC_PHYS_s14_T1_ctrl,21,122,25.066666666666666,-0.5926870107650757,0.47715641819613963
UBFC_PHYS_s14_T1_ctrl,21,123,25.1,-0.9315822720527649,0.9070701573188125
UBFC_PHYS_s14_T1_ctrl,21,124,25.133333333333333,-1.2006876468658447,1.1701439701993568
UBFC_PHYS_s14_T1_ctrl,21,125,25.166666666666668,-1.1151258945465088,1.2550069596367683
UBFC_PHYS_s14_T1_ctrl,21,126,25.2,-0.6360311508178711,1.1922245353501004
UBFC_PHYS_s14_T1_ctrl,21,127,25.233333333333334,-0.039690375328063965,1.0311702944015935
UBFC_PHYS_s14_T1_ctrl,21,128,25.266666666666666,0.4233510196208954,0.8151669469003927
UBFC_PHYS_s14_T1_ctrl,21,129,25.3,0.6804303526878357,0.5668453572463122
UBFC_PHYS_s14_T1_ctrl,21,130,25.333333333333332,0.7027079463005066,0.28873400533770244
UBFC_PHYS_s14_T1_ctrl,21,131,25.366666666666667,0.5460326075553894,-0.024036409359201167
UBFC_PHYS_s14_T1_ctrl,21,132,25.4,0.40752294659614563,-0.36728623149203066
UBFC_PHYS_s14_T1_ctrl,21,133,25.433333333333334,0.4199431836605072,-0.7163382788916891
UBFC_PHYS_s14_T1_ctrl,21,134,25.466666666666665,0.5006043910980225,-1.0245292910257477
UBFC_PHYS_s14_T1_ctrl,21,135,25.5,0.5204880237579346,-1.2320298934544651
UBFC_PHYS_s14_T1_ctrl,21,136,25.533333333333335,0.4912821352481842,-1.2824807902729092
UBFC_PHYS_s14_T1_ctrl,21,137,25.566666666666666,0.4614284932613373,-1.1430005276670612
UBFC_PHYS_s14_T1_ctrl,21,138,25.6,0.3918920159339905,-0.8207946484473645
UBFC_PHYS_s14_T1_ctrl,21,139,25.633333333333333,0.24927043914794922,-0.3684681900885567
UBFC_PHYS_s14_T1_ctrl,21,140,25.666666666666668,0.031986549496650696,0.1272805493324372
UBFC_PHYS_s14_T1_ctrl,21,141,25.7,-0.28809529542922974,0.5717349271133191
UBFC_PHYS_s14_T1_ctrl,21,142,25.733333333333334,-0.6089656949043274,0.8921635578507933
UBFC_PHYS_s14_T1_ctrl,21,143,25.766666666666666,-0.6116412878036499,1.0571618145558144
UBFC_PHYS_s14_T1_ctrl,21,144,25.8,-0.15679554641246796,1.0766245747796301
UBFC_PHYS_s14_T1_ctrl,21,145,25.833333333333332,0.4640195667743683,0.9847760305768711
UBFC_PHYS_s14_T1_ctrl,21,146,25.866666666666667,0.9142464399337769,0.8173153001568157
UBFC_PHYS_s14_T1_ctrl,21,147,25.9,1.093255639076233,0.5953807658465575
UBFC_PHYS_s14_T1_ctrl,21,148,25.933333333333334,1.040673851966858,0.32361886068492945
UBFC_PHYS_s14_T1_ctrl,21,149,25.966666666666665,0.8784220218658447,0.0010948663983553887
UBFC_PHYS_s14_T1_ctrl,21,150,26.0,0.7984649538993835,-0.3628236677417522
UBFC_PHYS_s14_T1_ctrl,21,151,26.033333333333335,0.8018727898597717,-0.7370419053990811
UBFC_PHYS_s14_T1_ctrl,21,152,26.066666666666666,0.6028671860694885,-1.0677590839337523
UBFC_PHYS_s14_T1_ctrl,21,153,26.1,0.12219526618719101,-1.2887265741398295
UBFC_PHYS_s14_T1_ctrl,21,154,26.133333333333333,-0.2962346374988556,-1.33971293427462
UBFC_PHYS_s14_T1_ctrl,21,155,26.166666666666668,-0.3532945215702057,-1.1876608511617168
UBFC_PHYS_s14_T1_ctrl,21,156,26.2,-0.13322243094444275,-0.8430744674115453
UBFC_PHYS_s14_T1_ctrl,21,157,26.233333333333334,0.14841578900814056,-0.3638882859889648
UBFC_PHYS_s14_T1_ctrl,21,158,26.266666666666666,0.40701600909233093,0.1577775489796469
UBFC_PHYS_s14_T1_ctrl,21,159,26.3,0.60295170545578,0.6233445967144821
UBFC_PHYS_s14_T1_ctrl,21,160,26.333333333333332,0.7477700710296631,0.9587141419846424
UBFC_PHYS_s14_T1_ctrl,21,161,26.366666666666667,0.9907675385475159,1.1338707029960775
UBFC_PHYS_s14_T1_ctrl,21,162,26.4,1.4139007329940796,1.162741109118287
UBFC_PHYS_s14_T1_ctrl,21,163,26.433333333333334,1.8103629350662231,1.0857217876508267
UBFC_PHYS_s14_T1_ctrl,21,164,26.466666666666665,1.9057255983352661,0.94528493342976
UBFC_PHYS_s14_T1_ctrl,21,165,26.5,1.7143523693084717,0.7668724262759683
UBFC_PHYS_s14_T1_ctrl,21,166,26.533333333333335,1.4340097904205322,0.5532772233492855
UBFC_PHYS_s14_T1_ctrl,21,167,26.566666666666666,1.1268832683563232,0.29337607508391167
UBFC_PHYS_s14_T1_ctrl,21,168,26.6,0.8029429912567139,-0.02096123591573147
UBFC_PHYS_s14_T1_ctrl,21,169,26.633333333333333,0.5591851472854614,-0.37910420954615803
UBFC_PHYS_s14_T1_ctrl,21,170,26.666666666666668,0.3907936215400696,-0.7443473057158435
UBFC_PHYS_s14_T1_ctrl,21,171,26.7,0.13774169981479645,-1.0577994626106066
UBFC_PHYS_s14_T1_ctrl,21,172,26.733333333333334,-0.2469761073589325,-1.2523029559021086
UBFC_PHYS_s14_T1_ctrl,21,173,26.766666666666666,-0.6402838826179504,-1.2724353227381693
UBFC_PHYS_s14_T1_ctrl,21,174,26.8,-1.0012876987457275,-1.0944801264055928
UBFC_PHYS_s14_T1_ctrl,21,175,26.833333333333332,-1.4109869003295898,-0.7391207360287086
UBFC_PHYS_s14_T1_ctrl,21,176,26.866666666666667,-1.8724229335784912,-0.27063870618497615
UBFC_PHYS_s14_T1_ctrl,21,177,26.9,-2.2511699199676514,0.21939725011663283
UBFC_PHYS_s14_T1_ctrl,21,178,26.933333333333334,-2.3765552043914795,0.6392400587310082
UBFC_PHYS_s14_T1_ctrl,21,179,26.966666666666665,-2.1622848510742188,0.9242800029020415
UBFC_PHYS_s14_T1_ctrl,21,180,27.0,-1.6923434734344482,1.052756876406122
UBFC_PHYS_s14_T1_ctrl,21,181,27.033333333333335,-1.1986035108566284,1.043142917224402
UBFC_PHYS_s14_T1_ctrl,21,182,27.066666666666666,-0.8230107426643372,0.9358854485419797
UBFC_PHYS_s14_T1_ctrl,21,183,27.1,-0.5326135754585266,0.7701090975838657
UBFC_PHYS_s14_T1_ctrl,21,184,27.133333333333333,-0.31994855403900146,0.5672445703597823
UBFC_PHYS_s14_T1_ctrl,21,185,27.166666666666668,-0.2504965662956238,0.32852473471000065
UBFC_PHYS_s14_T1_ctrl,21,186,27.2,-0.27432316541671753,0.04552893750222647
UBFC_PHYS_s14_T1_ctrl,21,187,27.233333333333334,-0.24193477630615234,-0.28319548910081915
UBFC_PHYS_s14_T1_ctrl,21,188,27.266666666666666,-0.15778127312660217,-0.6381869730949327
UBFC_PHYS_s14_T1_ctrl,21,189,27.3,-0.16338588297367096,-0.974369933320632
UBFC_PHYS_s14_T1_ctrl,21,190,27.333333333333332,-0.24204742908477783,-1.2280746761641925
UBFC_PHYS_s14_T1_ctrl,21,191,27.366666666666667,-0.25452399253845215,-1.333965803693274
UBFC_PHYS_s14_T1_ctrl,21,192,27.4,-0.19904127717018127,-1.2466642545578932
UBFC_PHYS_s14_T1_ctrl,21,193,27.433333333333334,-0.1964220404624939,-0.959761117978849
UBFC_PHYS_s14_T1_ctrl,21,194,27.466666666666665,-0.31885018944740295,-0.5145799570754609
UBFC_PHYS_s14_T1_ctrl,21,195,27.5,-0.5829704999923706,0.006664393852648527
UBFC_PHYS_s14_T1_ctrl,21,196,27.533333333333335,-0.8885197639465332,0.5033330339162525
UBFC_PHYS_s14_T1_ctrl,21,197,27.566666666666666,-0.945805013179779,0.8871785749058329
UBFC_PHYS_s14_T1_ctrl,21,198,27.6,-0.5611717104911804,1.108304300380302
UBFC_PHYS_s14_T1_ctrl,21,199,27.633333333333333,0.08501902222633362,1.1639241561817661
UBFC_PHYS_s14_T1_ctrl,21,200,27.666666666666668,0.601036548614502,1.0869179709237635
UBFC_PHYS_s14_T1_ctrl,21,201,27.7,0.7047638893127441,0.9223553279676805
UBFC_PHYS_s14_T1_ctrl,21,202,27.733333333333334,0.37764114141464233,0.7052597976379457
UBFC_PHYS_s14_T1_ctrl,21,203,27.766666666666666,-0.10328428447246552,0.4501986814283309
UBFC_PHYS_s14_T1_ctrl,21,204,27.8,-0.34622541069984436,0.1557960668178932
UBFC_PHYS_s14_T1_ctrl,21,205,27.833333333333332,-0.21627753973007202,-0.18050150404121984
UBFC_PHYS_s14_T1_ctrl,21,206,27.866666666666667,0.11292937397956848,-0.5463278346743954
UBFC_PHYS_s14_T1_ctrl,21,207,27.9,0.3986513316631317,-0.9053725104316492
UBFC_PHYS_s14_T1_ctrl,21,208,27.933333333333334,0.5046881437301636,-1.199751055328441
UBFC_PHYS_s14_T1_ctrl,21,209,27.966666666666665,0.39991870522499084,-1.3632313468888264
UBFC_PHYS_s14_T1_ctrl,21,210,28.0,0.12633535265922546,-1.3413323131637318
UBFC_PHYS_s14_T1_ctrl,21,211,28.033333333333335,-0.2214878499507904,-1.1121166150396686
UBFC_PHYS_s14_T1_ctrl,21,212,28.066666666666666,-0.5984042882919312,-0.7000362819816238
UBFC_PHYS_s14_T1_ctrl,21,213,28.1,-1.070148229598999,-0.17562478297647932
UBFC_PHYS_s14_T1_ctrl,21,214,28.133333333333333,-1.6131749153137207,0.3622178470870053
UBFC_PHYS_s14_T1_ctrl,21,215,28.166666666666668,-1.9766571521759033,0.8167548139155172
UBFC_PHYS_s14_T1_ctrl,21,216,28.2,-1.9136265516281128,1.1235895079382638
UBFC_PHYS_s14_T1_ctrl,21,217,28.233333333333334,-1.4386155605316162,1.2655409151814228
UBFC_PHYS_s14_T1_ctrl,21,218,28.266666666666666,-0.7747379541397095,1.2660436302292535
UBFC_PHYS_s14_T1_ctrl,21,219,28.3,-0.17327138781547546,1.167329679235249
UBFC_PHYS_s14_T1_ctrl,21,220,28.333333333333332,0.21744531393051147,1.0064938738200342
UBFC_PHYS_s14_T1_ctrl,21,221,28.366666666666667,0.3637000322341919,0.801368069467447
UBFC_PHYS_s14_T1_ctrl,21,222,28.4,0.3153427541255951,0.5514900797642843
UBFC_PHYS_s14_T1_ctrl,21,223,28.433333333333334,0.16441284120082855,0.2513228860677512
UBFC_PHYS_s14_T1_ctrl,21,224,28.466666666666665,0.011483287438750267,-0.0928510557856564
UBFC_PHYS_s14_T1_ctrl,21,225,28.5,-0.05954587087035179,-0.45173558154807797
UBFC_PHYS_s14_T1_ctrl,21,226,28.533333333333335,-0.031015919521450996,-0.7729605068111114
UBFC_PHYS_s14_T1_ctrl,21,227,28.566666666666666,0.022974126040935516,-0.9922842708635907
UBFC_PHYS_s14_T1_ctrl,21,228,28.6,0.07319021970033646,-1.0525944926839508
UBFC_PHYS_s14_T1_ctrl,21,229,28.633333333333333,0.16669410467147827,-0.9249624681639372
UBFC_PHYS_s14_T1_ctrl,21,230,28.666666666666668,0.2906712591648102,-0.6240986097973227
UBFC_PHYS_s14_T1_ctrl,21,231,28.7,0.3368035852909088,-0.21058010726541135
UBFC_PHYS_s14_T1_ctrl,21,232,28.733333333333334,0.21876901388168335,0.2238597357663351
UBFC_PHYS_s14_T1_ctrl,21,233,28.766666666666666,-0.04580192640423775,0.5840794510787151
UBFC_PHYS_s14_T1_ctrl,21,234,28.8,-0.29485461115837097,0.8005334166592016
UBFC_PHYS_s14_T1_ctrl,21,235,28.833333333333332,-0.30457112193107605,0.8460014011150757
UBFC_PHYS_s14_T1_ctrl,21,236,28.866666666666667,-0.02532682754099369,0.7338682779960702
UBFC_PHYS_s14_T1_ctrl,21,237,28.9,0.3537863790988922,0.5025127540718359
UBFC_PHYS_s14_T1_ctrl,21,238,28.933333333333334,0.6129780411720276,0.1966269870868424
UBFC_PHYS_s14_T1_ctrl,21,239,28.966666666666665,0.6506612300872803,-0.1445729116361527
UBFC_PHYS_s14_T1_ctrl,22,0,22.0,0.024945594370365143,-0.11307918495422203
UBFC_PHYS_s14_T1_ctrl,22,1,22.033333333333335,-0.8734521269798279,0.14477892464572845
UBFC_PHYS_s14_T1_ctrl,22,2,22.066666666666666,-1.2642251253128052,0.35014321942624266
UBFC_PHYS_s14_T1_ctrl,22,3,22.1,-1.307484745979309,0.4596671632420151
UBFC_PHYS_s14_T1_ctrl,22,4,22.133333333333333,-1.1512601375579834,0.4494738259845757
UBFC_PHYS_s14_T1_ctrl,22,5,22.166666666666668,-0.8103933334350586,0.3179877341430471
UBFC_PHYS_s14_T1_ctrl,22,6,22.2,-0.4833550453186035,0.08329865886900302
UBFC_PHYS_s14_T1_ctrl,22,7,22.233333333333334,-0.5877301692962646,-0.22269387816360525
UBFC_PHYS_s14_T1_ctrl,22,8,22.266666666666666,-1.2770678997039795,-0.5604209248440882
UBFC_PHYS_s14_T1_ctrl,22,9,22.3,-2.1222360134124756,-0.8872217166877365
UBFC_PHYS_s14_T1_ctrl,22,10,22.333333333333332,-2.5795037746429443,-1.1602540039063094
UBFC_PHYS_s14_T1_ctrl,22,11,22.366666666666667,-2.47969126701355,-1.3389800671464447
UBFC_PHYS_s14_T1_ctrl,22,12,22.4,-2.010538339614868,-1.3887904650619862
UBFC_PHYS_s14_T1_ctrl,22,13,22.433333333333334,-1.4768620729446411,-1.2865728139086778
UBFC_PHYS_s14_T1_ctrl,22,14,22.466666666666665,-1.10276198387146,-1.0275681947833393
UBFC_PHYS_s14_T1_ctrl,22,15,22.5,-0.9264283180236816,-0.6311759982231606
UBFC_PHYS_s14_T1_ctrl,22,16,22.533333333333335,-0.8462177515029907,-0.14229115845580462
UBFC_PHYS_s14_T1_ctrl,22,17,22.566666666666666,-0.7905660271644592,0.37451980143097763
UBFC_PHYS_s14_T1_ctrl,22,18,22.6,-0.8289251327514648,0.8478016133445558
UBFC_PHYS_s14_T1_ctrl,22,19,22.633333333333333,-1.0199040174484253,1.2150854980937151
UBFC_PHYS_s14_T1_ctrl,22,20,22.666666666666668,-1.1801843643188477,1.4358203484655279
UBFC_PHYS_s14_T1_ctrl,22,21,22.7,-0.9634355306625366,1.4964677308648797
UBFC_PHYS_s14_T1_ctrl,22,22,22.733333333333334,-0.2674511969089508,1.4070924696726665
UBFC_PHYS_s14_T1_ctrl,22,23,22.766666666666666,0.5821667909622192,1.192900284930611
UBFC_PHYS_s14_T1_ctrl,22,24,22.8,1.1624541282653809,0.885301471593798
UBFC_PHYS_s14_T1_ctrl,22,25,22.833333333333332,1.33639395236969,0.5157168641638402
UBFC_PHYS_s14_T1_ctrl,22,26,22.866666666666667,1.1923359632492065,0.11338829365781221
UBFC_PHYS_s14_T1_ctrl,22,27,22.9,0.9118524789810181,-0.29324943289936467
UBFC_PHYS_s14_T1_ctrl,22,28,22.933333333333334,0.7054116725921631,-0.6733869394584696
UBFC_PHYS_s14_T1_ctrl,22,29,22.966666666666665,0.7096080780029297,-0.9913444709243256
UBFC_PHYS_s14_T1_ctrl,22,30,23.0,0.8259246945381165,-1.207242092032747
UBFC_PHYS_s14_T1_ctrl,22,31,23.033333333333335,0.7705264687538147,-1.2824007793856156
UBFC_PHYS_s14_T1_ctrl,22,32,23.066666666666666,0.4689764082431793,-1.18924260935794
UBFC_PHYS_s14_T1_ctrl,22,33,23.1,0.14154382050037384,-0.9230856804143764
UBFC_PHYS_s14_T1_ctrl,22,34,23.133333333333333,-0.08976565301418304,-0.5110900558857121
UBFC_PHYS_s14_T1_ctrl,22,35,23.166666666666668,-0.3745582103729248,-0.01302427496349632
UBFC_PHYS_s14_T1_ctrl,22,36,23.2,-0.827150821685791,0.4893530501321021
UBFC_PHYS_s14_T1_ctrl,22,37,23.233333333333334,-1.3135682344436646,0.91243481928242
UBFC_PHYS_s14_T1_ctrl,22,38,23.266666666666666,-1.5334713459014893,1.192643090817085
UBFC_PHYS_s14_T1_ctrl,22,39,23.3,-1.239553689956665,1.3003460842884733
UBFC_PHYS_s14_T1_ctrl,22,40,23.333333333333332,-0.4928462505340576,1.2407908617678398
UBFC_PHYS_s14_T1_ctrl,22,41,23.366666666666667,0.3469144105911255,1.0442170578148426
UBFC_PHYS_s14_T1_ctrl,22,42,23.4,0.9374533891677856,0.7515452976006114
UBFC_PHYS_s14_T1_ctrl,22,43,23.433333333333334,1.1686784029006958,0.40210074505197546
UBFC_PHYS_s14_T1_ctrl,22,44,23.466666666666665,1.0649510622024536,0.027300537926503027
UBFC_PHYS_s14_T1_ctrl,22,45,23.5,0.7105938196182251,-0.3490894257138888
UBFC_PHYS_s14_T1_ctrl,22,46,23.533333333333335,0.3217359483242035,-0.7062127147566641
UBFC_PHYS_s14_T1_ctrl,22,47,23.566666666666666,0.12258956581354141,-1.0203152640955306
UBFC_PHYS_s14_T1_ctrl,22,48,23.6,0.11636535823345184,-1.2612365052647796
UBFC_PHYS_s14_T1_ctrl,22,49,23.633333333333333,0.16221605241298676,-1.3935274454546573
UBFC_PHYS_s14_T1_ctrl,22,50,23.666666666666668,0.188154935836792,-1.3829647660370465
UBFC_PHYS_s14_T1_ctrl,22,51,23.7,0.17187625169754028,-1.2073259052431746
UBFC_PHYS_s14_T1_ctrl,22,52,23.733333333333334,0.02942364104092121,-0.8682270567327205
UBFC_PHYS_s14_T1_ctrl,22,53,23.766666666666666,-0.29919183254241943,-0.3991086509243394
UBFC_PHYS_s14_T1_ctrl,22,54,23.8,-0.7339567542076111,0.1358019892816655
UBFC_PHYS_s14_T1_ctrl,22,55,23.833333333333332,-1.1294894218444824,0.6538674259570152
UBFC_PHYS_s14_T1_ctrl,22,56,23.866666666666667,-1.272505283355713,1.0743510051639333
UBFC_PHYS_s14_T1_ctrl,22,57,23.9,-0.953803539276123,1.3385524638865158
UBFC_PHYS_s14_T1_ctrl,22,58,23.933333333333334,-0.24520178139209747,1.4216869390546174
UBFC_PHYS_s14_T1_ctrl,22,59,23.966666666666665,0.5455256700515747,1.332879926163611
UBFC_PHYS_s14_T1_ctrl,22,60,24.0,1.2213447093963623,1.1054929247466772
UBFC_PHYS_s14_T1_ctrl,22,61,24.033333333333335,1.6678258180618286,0.7836986699857919
UBFC_PHYS_s14_T1_ctrl,22,62,24.066666666666666,1.7577528953552246,0.41100525842580693
UBFC_PHYS_s14_T1_ctrl,22,63,24.1,1.6079776287078857,0.023776047230406053
UBFC_PHYS_s14_T1_ctrl,22,64,24.133333333333333,1.5194306373596191,-0.3498483859027887
UBFC_PHYS_s14_T1_ctrl,22,65,24.166666666666668,1.5381877422332764,-0.6870009022028223
UBFC_PHYS_s14_T1_ctrl,22,66,24.2,1.48428213596344,-0.9655274276983313
UBFC_PHYS_s14_T1_ctrl,22,67,24.233333333333334,1.3232696056365967,-1.160565614681153
UBFC_PHYS_s14_T1_ctrl,22,68,24.266666666666666,1.1363744735717773,-1.2446106597763678
UBFC_PHYS_s14_T1_ctrl,22,69,24.3,0.9089797735214233,-1.192335949994224
UBFC_PHYS_s14_T1_ctrl,22,70,24.333333333333332,0.589348554611206,-0.9897236271164956
UBFC_PHYS_s14_T1_ctrl,22,71,24.366666666666667,0.1618780940771103,-0.6447406928943994
UBFC_PHYS_s14_T1_ctrl,22,72,24.4,-0.38399308919906616,-0.19457326961603444
UBFC_PHYS_s14_T1_ctrl,22,73,24.433333333333334,-0.957493007183075,0.29591424435799046
UBFC_PHYS_s14_T1_ctrl,22,74,24.466666666666665,-1.3368314504623413,0.7469271388835624
UBFC_PHYS_s14_T1_ctrl,22,75,24.5,-1.3547999858856201,1.084506691400558
UBFC_PHYS_s14_T1_ctrl,22,76,24.533333333333335,-1.0061882734298706,1.2606380120205358
UBFC_PHYS_s14_T1_ctrl,22,77,24.566666666666666,-0.44457346200942993,1.2633288690332825
UBFC_PHYS_s14_T1_ctrl,22,78,24.6,0.12008298188447952,1.113140525385682
UBFC_PHYS_s14_T1_ctrl,22,79,24.633333333333333,0.5145454406738281,0.8501766540125183
UBFC_PHYS_s14_T1_ctrl,22,80,24.666666666666668,0.6645459532737732,0.5189969137861218
UBFC_PHYS_s14_T1_ctrl,22,81,24.7,0.5727882385253906,0.15773970661943182
UBFC_PHYS_s14_T1_ctrl,22,82,24.733333333333334,0.32336944341659546,-0.20567644544711627
UBFC_PHYS_s14_T1_ctrl,22,83,24.766666666666666,0.07138773798942566,-0.5508977664211535
UBFC_PHYS_s14_T1_ctrl,22,84,24.8,-0.036733176559209824,-0.8589443958275579
UBFC_PHYS_s14_T1_ctrl,22,85,24.833333333333332,-0.0043447804637253284,-1.106218839293697
UBFC_PHYS_s14_T1_ctrl,22,86,24.866666666666667,0.019087519496679306,-1.2620938308902352
UBFC_PHYS_s14_T1_ctrl,22,87,24.9,-0.05599723011255264,-1.2922488121846156
UBFC_PHYS_s14_T1_ctrl,22,88,24.933333333333334,-0.14403733611106873,-1.1680286189399318
UBFC_PHYS_s14_T1_ctrl,22,89,24.966666666666665,-0.17811556160449982,-0.8795684022045756
UBFC_PHYS_s14_T1_ctrl,22,90,25.0,-0.22641651332378387,-0.4477596472675974
UBFC_PHYS_s14_T1_ctrl,22,91,25.033333333333335,-0.3572937846183777,0.0713442451063264
UBFC_PHYS_s14_T1_ctrl,22,92,25.066666666666666,-0.5926870107650757,0.5947222964467379
UBFC_PHYS_s14_T1_ctrl,22,93,25.1,-0.9315822720527649,1.0328974147037626
UBFC_PHYS_s14_T1_ctrl,22,94,25.133333333333333,-1.2006876468658447,1.3149933890505578
UBFC_PHYS_s14_T1_ctrl,22,95,25.166666666666668,-1.1151258945465088,1.4068953753491154
UBFC_PHYS_s14_T1_ctrl,22,96,25.2,-0.6360311508178711,1.3151264830792477
UBFC_PHYS_s14_T1_ctrl,22,97,25.233333333333334,-0.039690375328063965,1.0770619069530298
UBFC_PHYS_s14_T1_ctrl,22,98,25.266666666666666,0.4233510196208954,0.7439837609373564
UBFC_PHYS_s14_T1_ctrl,22,99,25.3,0.6804303526878357,0.36499114878720373
UBFC_PHYS_s14_T1_ctrl,22,100,25.333333333333332,0.7027079463005066,-0.02234173468165737
UBFC_PHYS_s14_T1_ctrl,22,101,25.366666666666667,0.5460326075553894,-0.39266180492868386
UBFC_PHYS_s14_T1_ctrl,22,102,25.4,0.40752294659614563,-0.7269179429201107
UBFC_PHYS_s14_T1_ctrl,22,103,25.433333333333334,0.4199431836605072,-1.0043122786289185
UBFC_PHYS_s14_T1_ctrl,22,104,25.466666666666665,0.5006043910980225,-1.1970201785106485
UBFC_PHYS_s14_T1_ctrl,22,105,25.5,0.5204880237579346,-1.27122837601618
UBFC_PHYS_s14_T1_ctrl,22,106,25.533333333333335,0.4912821352481842,-1.1955508107657598
UBFC_PHYS_s14_T1_ctrl,22,107,25.566666666666666,0.4614284932613373,-0.9547197176933002
UBFC_PHYS_s14_T1_ctrl,22,108,25.6,0.3918920159339905,-0.5632989781321024
UBFC_PHYS_s14_T1_ctrl,22,109,25.633333333333333,0.24927043914794922,-0.0722514182018766
UBFC_PHYS_s14_T1_ctrl,22,110,25.666666666666668,0.031986549496650696,0.43779994063419486
UBFC_PHYS_s14_T1_ctrl,22,111,25.7,-0.28809529542922974,0.8771655176256524
UBFC_PHYS_s14_T1_ctrl,22,112,25.733333333333334,-0.6089656949043274,1.1734710895640057
UBFC_PHYS_s14_T1_ctrl,22,113,25.766666666666666,-0.6116412878036499,1.2910500369752953
UBFC_PHYS_s14_T1_ctrl,22,114,25.8,-0.15679554641246796,1.2346958453264703
UBFC_PHYS_s14_T1_ctrl,22,115,25.833333333333332,0.4640195667743683,1.0383748640306305
UBFC_PHYS_s14_T1_ctrl,22,116,25.866666666666667,0.9142464399337769,0.7468864136556915
UBFC_PHYS_s14_T1_ctrl,22,117,25.9,1.093255639076233,0.4002750363762383
UBFC_PHYS_s14_T1_ctrl,22,118,25.933333333333334,1.040673851966858,0.027225387942371868
UBFC_PHYS_s14_T1_ctrl,22,119,25.966666666666665,0.8784220218658447,-0.35207901818493326
UBFC_PHYS_s14_T1_ctrl,22,120,26.0,0.7984649538993835,-0.7175205247979092
UBFC_PHYS_s14_T1_ctrl,22,121,26.033333333333335,0.8018727898597717,-1.0406425062307283
UBFC_PHYS_s14_T1_ctrl,22,122,26.066666666666666,0.6028671860694885,-1.2813069647315614
UBFC_PHYS_s14_T1_ctrl,22,123,26.1,0.12219526618719101,-1.392316753715961
UBFC_PHYS_s14_T1_ctrl,22,124,26.133333333333333,-0.2962346374988556,-1.3319196551462953
UBFC_PHYS_s14_T1_ctrl,22,125,26.166666666666668,-0.3532945215702057,-1.0807071810336122
UBFC_PHYS_s14_T1_ctrl,22,126,26.2,-0.13322243094444275,-0.6563583306444036
UBFC_PHYS_s14_T1_ctrl,22,127,26.233333333333334,0.14841578900814056,-0.11850156951945735
UBFC_PHYS_s14_T1_ctrl,22,128,26.266666666666666,0.40701600909233093,0.4416822013334811
UBFC_PHYS_s14_T1_ctrl,22,129,26.3,0.60295170545578,0.9258422849477987
UBFC_PHYS_s14_T1_ctrl,22,130,26.333333333333332,0.7477700710296631,1.2570451499500923
UBFC_PHYS_s14_T1_ctrl,22,131,26.366666666666667,0.9907675385475159,1.399194331342215
UBFC_PHYS_s14_T1_ctrl,22,132,26.4,1.4139007329940796,1.3593516494496884
UBFC_PHYS_s14_T1_ctrl,22,133,26.433333333333334,1.8103629350662231,1.1748099017953424
UBFC_PHYS_s14_T1_ctrl,22,134,26.466666666666665,1.9057255983352661,0.8935840577016941
UBFC_PHYS_s14_T1_ctrl,22,135,26.5,1.7143523693084717,0.5579970367458652
UBFC_PHYS_s14_T1_ctrl,22,136,26.533333333333335,1.4340097904205322,0.19731516021291182
UBFC_PHYS_s14_T1_ctrl,22,137,26.566666666666666,1.1268832683563232,-0.17004833092605526
UBFC_PHYS_s14_T1_ctrl,22,138,26.6,0.8029429912567139,-0.5283917514448385
UBFC_PHYS_s14_T1_ctrl,22,139,26.633333333333333,0.5591851472854614,-0.8558778617211891
UBFC_PHYS_s14_T1_ctrl,22,140,26.666666666666668,0.3907936215400696,-1.1195788650989904
UBFC_PHYS_s14_T1_ctrl,22,141,26.7,0.13774169981479645,-1.2772828337120457
UBFC_PHYS_s14_T1_ctrl,22,142,26.733333333333334,-0.2469761073589325,-1.2869052005354182
UBFC_PHYS_s14_T1_ctrl,22,143,26.766666666666666,-0.6402838826179504,-1.1216103781344213
UBFC_PHYS_s14_T1_ctrl,22,144,26.8,-1.0012876987457275,-0.7852976819959502
UBFC_PHYS_s14_T1_ctrl,22,145,26.833333333333332,-1.4109869003295898,-0.32084276748605106
UBFC_PHYS_s14_T1_ctrl,22,146,26.866666666666667,-1.8724229335784912,0.1952416733708473
UBFC_PHYS_s14_T1_ctrl,22,147,26.9,-2.2511699199676514,0.6722968820828391
UBFC_PHYS_s14_T1_ctrl,22,148,26.933333333333334,-2.3765552043914795,1.0316637930172168
UBFC_PHYS_s14_T1_ctrl,22,149,26.966666666666665,-2.1622848510742188,1.2275341447979466
UBFC_PHYS_s14_T1_ctrl,22,150,27.0,-1.6923434734344482,1.2537560418312348
UBFC_PHYS_s14_T1_ctrl,22,151,27.033333333333335,-1.1986035108566284,1.1358256376497122
UBFC_PHYS_s14_T1_ctrl,22,152,27.066666666666666,-0.8230107426643372,0.9143378097038124
UBFC_PHYS_s14_T1_ctrl,22,153,27.1,-0.5326135754585266,0.6287091167954563
UBFC_PHYS_s14_T1_ctrl,22,154,27.133333333333333,-0.31994855403900146,0.30764344495609647
UBFC_PHYS_s14_T1_ctrl,22,155,27.166666666666668,-0.2504965662956238,-0.03180268680564118
UBFC_PHYS_s14_T1_ctrl,22,156,27.2,-0.27432316541671753,-0.3784851782482618
UBFC_PHYS_s14_T1_ctrl,22,157,27.233333333333334,-0.24193477630615234,-0.7185799145415377
UBFC_PHYS_s14_T1_ctrl,22,158,27.266666666666666,-0.15778127312660217,-1.0282522843364315
UBFC_PHYS_s14_T1_ctrl,22,159,27.3,-0.16338588297367096,-1.271025911045628
UBFC_PHYS_s14_T1_ctrl,22,160,27.333333333333332,-0.24204742908477783,-1.4019659044148134
UBFC_PHYS_s14_T1_ctrl,22,161,27.366666666666667,-0.25452399253845215,-1.3786982347014927
UBFC_PHYS_s14_T1_ctrl,22,162,27.4,-0.19904127717018127,-1.1764878545415862
UBFC_PHYS_s14_T1_ctrl,22,163,27.433333333333334,-0.1964220404624939,-0.8020219457701336
UBFC_PHYS_s14_T1_ctrl,22,164,27.466666666666665,-0.31885018944740295,-0.29958480974988955
UBFC_PHYS_s14_T1_ctrl,22,165,27.5,-0.5829704999923706,0.25485329884604846
UBFC_PHYS_s14_T1_ctrl,22,166,27.533333333333335,-0.8885197639465332,0.7714371023591029
UBFC_PHYS_s14_T1_ctrl,22,167,27.566666666666666,-0.945805013179779,1.1701400627900254
UBFC_PHYS_s14_T1_ctrl,22,168,27.6,-0.5611717104911804,1.4005866489456085
UBFC_PHYS_s14_T1_ctrl,22,169,27.633333333333333,0.08501902222633362,1.4496541873116184
UBFC_PHYS_s14_T1_ctrl,22,170,27.666666666666668,0.601036548614502,1.3355017699767266
UBFC_PHYS_s14_T1_ctrl,22,171,27.7,0.7047638893127441,1.0938332846220145
UBFC_PHYS_s14_T1_ctrl,22,172,27.733333333333334,0.37764114141464233,0.7643063613407004
UBFC_PHYS_s14_T1_ctrl,22,173,27.766666666666666,-0.10328428447246552,0.3824168615392866
UBFC_PHYS_s14_T1_ctrl,22,174,27.8,-0.34622541069984436,-0.02186379522124138
UBFC_PHYS_s14_T1_ctrl,22,175,27.833333333333332,-0.21627753973007202,-0.42062644719188963
UBFC_PHYS_s14_T1_ctrl,22,176,27.866666666666667,0.11292937397956848,-0.783113250167801
UBFC_PHYS_s14_T1_ctrl,22,177,27.9,0.3986513316631317,-1.0727634283192662
UBFC_PHYS_s14_T1_ctrl,22,178,27.933333333333334,0.5046881437301636,-1.248870275290181
UBFC_PHYS_s14_T1_ctrl,22,179,27.966666666666665,0.39991870522499084,-1.273964228781923
UBFC_PHYS_s14_T1_ctrl,22,180,28.0,0.12633535265922546,-1.1256365661727592
UBFC_PHYS_s14_T1_ctrl,22,181,28.033333333333335,-0.2214878499507904,-0.8088320537973152
UBFC_PHYS_s14_T1_ctrl,22,182,28.066666666666666,-0.5984042882919312,-0.36285395709300783
UBFC_PHYS_s14_T1_ctrl,22,183,28.1,-1.070148229598999,0.14209533686669507
UBFC_PHYS_s14_T1_ctrl,22,184,28.133333333333333,-1.6131749153137207,0.6203138755818084
UBFC_PHYS_s14_T1_ctrl,22,185,28.166666666666668,-1.9766571521759033,0.9934234384046513
UBFC_PHYS_s14_T1_ctrl,22,186,28.2,-1.9136265516281128,1.2108196136258584
UBFC_PHYS_s14_T1_ctrl,22,187,28.233333333333334,-1.4386155605316162,1.258234808051434
UBFC_PHYS_s14_T1_ctrl,22,188,28.266666666666666,-0.7747379541397095,1.1521627341636316
UBFC_PHYS_s14_T1_ctrl,22,189,28.3,-0.17327138781547546,0.9260295344531901
UBFC_PHYS_s14_T1_ctrl,22,190,28.333333333333332,0.21744531393051147,0.6165052934562419
UBFC_PHYS_s14_T1_ctrl,22,191,28.366666666666667,0.3637000322341919,0.2555625771464465
UBFC_PHYS_s14_T1_ctrl,22,192,28.4,0.3153427541255951,-0.1304543878330485
UBFC_PHYS_s14_T1_ctrl,22,193,28.433333333333334,0.16441284120082855,-0.5168874492463672
UBFC_PHYS_s14_T1_ctrl,22,194,28.466666666666665,0.011483287438750267,-0.8756102913897792
UBFC_PHYS_s14_T1_ctrl,22,195,28.5,-0.05954587087035179,-1.1721771472862277
UBFC_PHYS_s14_T1_ctrl,22,196,28.533333333333335,-0.031015919521450996,-1.367631136506383
UBFC_PHYS_s14_T1_ctrl,22,197,28.566666666666666,0.022974126040935516,-1.4255213656246541
UBFC_PHYS_s14_T1_ctrl,22,198,28.6,0.07319021970033646,-1.3224879237599942
UBFC_PHYS_s14_T1_ctrl,22,199,28.633333333333333,0.16669410467147827,-1.0586985359716
UBFC_PHYS_s14_T1_ctrl,22,200,28.666666666666668,0.2906712591648102,-0.6633335492448025
UBFC_PHYS_s14_T1_ctrl,22,201,28.7,0.3368035852909088,-0.19139330147454472
UBFC_PHYS_s14_T1_ctrl,22,202,28.733333333333334,0.21876901388168335,0.288356937422015
UBFC_PHYS_s14_T1_ctrl,22,203,28.766666666666666,-0.04580192640423775,0.7100221250027687
UBFC_PHYS_s14_T1_ctrl,22,204,28.8,-0.29485461115837097,1.0247244899639267
UBFC_PHYS_s14_T1_ctrl,22,205,28.833333333333332,-0.30457112193107605,1.206526856656546
UBFC_PHYS_s14_T1_ctrl,22,206,28.866666666666667,-0.02532682754099369,1.249686978006087
UBFC_PHYS_s14_T1_ctrl,22,207,28.9,0.3537863790988922,1.1617772286346915
UBFC_PHYS_s14_T1_ctrl,22,208,28.933333333333334,0.6129780411720276,0.957974729180663
UBFC_PHYS_s14_T1_ctrl,22,209,28.966666666666665,0.6506612300872803,0.6591703048852261
UBFC_PHYS_s14_T1_ctrl,22,210,29.0,0.47655245661735535,0.2933694412044721
UBFC_PHYS_s14_T1_ctrl,22,211,29.033333333333335,0.21798042953014374,-0.10210287015305444
UBFC_PHYS_s14_T1_ctrl,22,212,29.066666666666666,0.0652480199933052,-0.4803929796860233
UBFC_PHYS_s14_T1_ctrl,22,213,29.1,0.06828971207141876,-0.7887870726576134
UBFC_PHYS_s14_T1_ctrl,22,214,29.133333333333333,0.11537962406873703,-0.9766730284936639
UBFC_PHYS_s14_T1_ctrl,22,215,29.166666666666668,0.10295937955379486,-1.006540452163087
UBFC_PHYS_s14_T1_ctrl,22,216,29.2,0.0096526388078928,-0.8651013007284182
UBFC_PHYS_s14_T1_ctrl,22,217,29.233333333333334,-0.14271363615989685,-0.5703382991591661
UBFC_PHYS_s14_T1_ctrl,22,218,29.266666666666666,-0.29896652698516846,-0.1702849510858962
UBFC_PHYS_s14_T1_ctrl,22,219,29.3,-0.4280976355075836,0.26798265560489837
UBFC_PHYS_s14_T1_ctrl,22,220,29.333333333333332,-0.6018402576446533,0.675602227881634
UBFC_PHYS_s14_T1_ctrl,22,221,29.366666666666667,-0.8253765106201172,0.99806672252565
UBFC_PHYS_s14_T1_ctrl,22,222,29.4,-0.8945749998092651,1.203625116132135
UBFC_PHYS_s14_T1_ctrl,22,223,29.433333333333334,-0.62397700548172,1.2820331653257153
UBFC_PHYS_s14_T1_ctrl,22,224,29.466666666666665,-0.09542658179998398,1.2371777068707517
UBFC_PHYS_s14_T1_ctrl,22,225,29.5,0.4609215557575226,1.0795060064076387
UBFC_PHYS_s14_T1_ctrl,22,226,29.533333333333335,0.8665650486946106,0.8221489099913052
UBFC_PHYS_s14_T1_ctrl,22,227,29.566666666666666,0.9932740926742554,0.4809157150015089
UBFC_PHYS_s14_T1_ctrl,22,228,29.6,0.8141803741455078,0.07632532513022831
UBFC_PHYS_s14_T1_ctrl,22,229,29.633333333333333,0.5205725431442261,-0.3642739072094436
UBFC_PHYS_s14_T1_ctrl,22,230,29.666666666666668,0.334606796503067,-0.8059640802846427
UBFC_PHYS_s14_T1_ctrl,22,231,29.7,0.22924596071243286,-1.2078715422690953
UBFC_PHYS_s14_T1_ctrl,22,232,29.733333333333334,0.04742032289505005,-1.5275440201863053
UBFC_PHYS_s14_T1_ctrl,22,233,29.766666666666666,-0.2223890870809555,-1.72762276895418
UBFC_PHYS_s14_T1_ctrl,22,234,29.8,-0.4953528344631195,-1.7831541229704992
UBFC_PHYS_s14_T1_ctrl,22,235,29.833333333333332,-0.8067320585250854,-1.6869731692705683
UBFC_PHYS_s14_T1_ctrl,22,236,29.866666666666667,-1.2434121370315552,-1.4507504412471104
UBFC_PHYS_s14_T1_ctrl,22,237,29.9,-1.7040032148361206,-1.1010029523484122
UBFC_PHYS_s14_T1_ctrl,22,238,29.933333333333334,-1.9357914924621582,-0.6721050078855859
UBFC_PHYS_s14_T1_ctrl,22,239,29.966666666666665,-1.8187426328659058,-0.20021756812985517
UBFC_PHYS_s14_T1_ctrl,23,0,23.0,0.8259246945381165,0.13289685551114402
UBFC_PHYS_s14_T1_ctrl,23,1,23.033333333333335,0.7705264687538147,0.23110842833137446
UBFC_PHYS_s14_T1_ctrl,23,2,23.066666666666666,0.4689764082431793,0.3806431442080914
UBFC_PHYS_s14_T1_ctrl,23,3,23.1,0.14154382050037384,0.6128091369237362
UBFC_PHYS_s14_T1_ctrl,23,4,23.133333333333333,-0.08976565301418304,0.9216187953208622
UBFC_PHYS_s14_T1_ctrl,23,5,23.166666666666668,-0.3745582103729248,1.2648020868571639
UBFC_PHYS_s14_T1_ctrl,23,6,23.2,-0.827150821685791,1.5785563014112478
UBFC_PHYS_s14_T1_ctrl,23,7,23.233333333333334,-1.3135682344436646,1.7992101372411486
UBFC_PHYS_s14_T1_ctrl,23,8,23.266666666666666,-1.5334713459014893,1.8824079807263172
UBFC_PHYS_s14_T1_ctrl,23,9,23.3,-1.239553689956665,1.8125377640022975
UBFC_PHYS_s14_T1_ctrl,23,10,23.333333333333332,-0.4928462505340576,1.6008438716631017
UBFC_PHYS_s14_T1_ctrl,23,11,23.366666666666667,0.3469144105911255,1.2760443531985293
UBFC_PHYS_s14_T1_ctrl,23,12,23.4,0.9374533891677856,0.8730587069297816
UBFC_PHYS_s14_T1_ctrl,23,13,23.433333333333334,1.1686784029006958,0.42429048867703745
UBFC_PHYS_s14_T1_ctrl,23,14,23.466666666666665,1.0649510622024536,-0.044074810416581324
UBFC_PHYS_s14_T1_ctrl,23,15,23.5,0.7105938196182251,-0.5103543829324071
UBFC_PHYS_s14_T1_ctrl,23,16,23.533333333333335,0.3217359483242035,-0.9519082809117548
UBFC_PHYS_s14_T1_ctrl,23,17,23.566666666666666,0.12258956581354141,-1.339257939273744
UBFC_PHYS_s14_T1_ctrl,23,18,23.6,0.11636535823345184,-1.6336739176568957
UBFC_PHYS_s14_T1_ctrl,23,19,23.633333333333333,0.16221605241298676,-1.7910763109994325
UBFC_PHYS_s14_T1_ctrl,23,20,23.666666666666668,0.188154935836792,-1.7724877487916406
UBFC_PHYS_s14_T1_ctrl,23,21,23.7,0.17187625169754028,-1.5581114955712045
UBFC_PHYS_s14_T1_ctrl,23,22,23.733333333333334,0.02942364104092121,-1.1597404297486873
UBFC_PHYS_s14_T1_ctrl,23,23,23.766666666666666,-0.29919183254241943,-0.6256731431926875
UBFC_PHYS_s14_T1_ctrl,23,24,23.8,-0.7339567542076111,-0.03423100775285458
UBFC_PHYS_s14_T1_ctrl,23,25,23.833333333333332,-1.1294894218444824,0.5235692925760097
UBFC_PHYS_s14_T1_ctrl,23,26,23.866666666666667,-1.272505283355713,0.9661788321097581
UBFC_PHYS_s14_T1_ctrl,23,27,23.9,-0.953803539276123,1.2397906469228475
UBFC_PHYS_s14_T1_ctrl,23,28,23.933333333333334,-0.24520178139209747,1.3263767257544934
UBFC_PHYS_s14_T1_ctrl,23,29,23.966666666666665,0.5455256700515747,1.2404358495069294
UBFC_PHYS_s14_T1_ctrl,23,30,24.0,1.2213447093963623,1.0179188956645473
UBFC_PHYS_s14_T1_ctrl,23,31,24.033333333333335,1.6678258180618286,0.7027880159424225
UBFC_PHYS_s14_T1_ctrl,23,32,24.066666666666666,1.7577528953552246,0.33615560653110116
UBFC_PHYS_s14_T1_ctrl,23,33,24.1,1.6079776287078857,-0.049089588524374825
UBFC_PHYS_s14_T1_ctrl,23,34,24.133333333333333,1.5194306373596191,-0.4276908451677378
UBFC_PHYS_s14_T1_ctrl,23,35,24.166666666666668,1.5381877422332764,-0.7771884452463926
UBFC_PHYS_s14_T1_ctrl,23,36,24.2,1.48428213596344,-1.072134930434017
UBFC_PHYS_s14_T1_ctrl,23,37,24.233333333333334,1.3232696056365967,-1.2810174836269208
UBFC_PHYS_s14_T1_ctrl,23,38,24.266666666666666,1.1363744735717773,-1.3684234471921801
UBFC_PHYS_s14_T1_ctrl,23,39,24.3,0.9089797735214233,-1.30286743803053
UBFC_PHYS_s14_T1_ctrl,23,40,24.333333333333332,0.589348554611206,-1.0683453430316938
UBFC_PHYS_s14_T1_ctrl,23,41,24.366666666666667,0.1618780940771103,-0.6756051468993347
UBFC_PHYS_s14_T1_ctrl,23,42,24.4,-0.38399308919906616,-0.16798114245792603
UBFC_PHYS_s14_T1_ctrl,23,43,24.433333333333334,-0.957493007183075,0.382503803044015
UBFC_PHYS_s14_T1_ctrl,23,44,24.466666666666665,-1.3368314504623413,0.8896863711424263
UBFC_PHYS_s14_T1_ctrl,23,45,24.5,-1.3547999858856201,1.2744245695461915
UBFC_PHYS_s14_T1_ctrl,23,46,24.533333333333335,-1.0061882734298706,1.4842236333063346
UBFC_PHYS_s14_T1_ctrl,23,47,24.566666666666666,-0.44457346200942993,1.5032097694237099
UBFC_PHYS_s14_T1_ctrl,23,48,24.6,0.12008298188447952,1.3494611125932843
UBFC_PHYS_s14_T1_ctrl,23,49,24.633333333333333,0.5145454406738281,1.0630543642444734
UBFC_PHYS_s14_T1_ctrl,23,50,24.666666666666668,0.6645459532737732,0.6913542332144259
UBFC_PHYS_s14_T1_ctrl,23,51,24.7,0.5727882385253906,0.27754429873256037
UBFC_PHYS_s14_T1_ctrl,23,52,24.733333333333334,0.32336944341659546,-0.14418657513392596
UBFC_PHYS_s14_T1_ctrl,23,53,24.766666666666666,0.07138773798942566,-0.5466919463492727
UBFC_PHYS_s14_T1_ctrl,23,54,24.8,-0.036733176559209824,-0.9039946236513688
UBFC_PHYS_s14_T1_ctrl,23,55,24.833333333333332,-0.0043447804637253284,-1.185875964501778
UBFC_PHYS_s14_T1_ctrl,23,56,24.866666666666667,0.019087519496679306,-1.3568841298884502
UBFC_PHYS_s14_T1_ctrl,23,57,24.9,-0.05599723011255264,-1.3817004204444563
UBFC_PHYS_s14_T1_ctrl,23,58,24.933333333333334,-0.14403733611106873,-1.2360083990892619
UBFC_PHYS_s14_T1_ctrl,23,59,24.966666666666665,-0.17811556160449982,-0.9191550557838928
UBFC_PHYS_s14_T1_ctrl,23,60,25.0,-0.22641651332378387,-0.4629192267701267
UBFC_PHYS_s14_T1_ctrl,23,61,25.033333333333335,-0.3572937846183777,0.06901646994588403
UBFC_PHYS_s14_T1_ctrl,23,62,25.066666666666666,-0.5926870107650757,0.5930508476469867
UBFC_PHYS_s14_T1_ctrl,23,63,25.1,-0.9315822720527649,1.0260254396743966
UBFC_PHYS_s14_T1_ctrl,23,64,25.133333333333333,-1.2006876468658447,1.306164691103323
UBFC_PHYS_s14_T1_ctrl,23,65,25.166666666666668,-1.1151258945465088,1.4059700801028494
UBFC_PHYS_s14_T1_ctrl,23,66,25.2,-0.6360311508178711,1.3327396504720483
UBFC_PHYS_s14_T1_ctrl,23,67,25.233333333333334,-0.039690375328063965,1.1186376247906615
UBFC_PHYS_s14_T1_ctrl,23,68,25.266666666666666,0.4233510196208954,0.8063091266245748
UBFC_PHYS_s14_T1_ctrl,23,69,25.3,0.6804303526878357,0.4365340942252192
UBFC_PHYS_s14_T1_ctrl,23,70,25.333333333333332,0.7027079463005066,0.04212281795317346
UBFC_PHYS_s14_T1_ctrl,23,71,25.366666666666667,0.5460326075553894,-0.3512138042071326
UBFC_PHYS_s14_T1_ctrl,23,72,25.4,0.40752294659614563,-0.7193334609181543
UBFC_PHYS_s14_T1_ctrl,23,73,25.433333333333334,0.4199431836605072,-1.033520458840123
UBFC_PHYS_s14_T1_ctrl,23,74,25.466666666666665,0.5006043910980225,-1.257916459171103
UBFC_PHYS_s14_T1_ctrl,23,75,25.5,0.5204880237579346,-1.353271109632139
UBFC_PHYS_s14_T1_ctrl,23,76,25.533333333333335,0.4912821352481842,-1.2871127841265697
UBFC_PHYS_s14_T1_ctrl,23,77,25.566666666666666,0.4614284932613373,-1.0472915811162051
UBFC_PHYS_s14_T1_ctrl,23,78,25.6,0.3918920159339905,-0.6533016476972296
UBFC_PHYS_s14_T1_ctrl,23,79,25.633333333333333,0.24927043914794922,-0.15923450816117724
UBFC_PHYS_s14_T1_ctrl,23,80,25.666666666666668,0.031986549496650696,0.35536402086406166
UBFC_PHYS_s14_T1_ctrl,23,81,25.7,-0.28809529542922974,0.8051793136129081
UBFC_PHYS_s14_T1_ctrl,23,82,25.733333333333334,-0.6089656949043274,1.1218176572183896
UBFC_PHYS_s14_T1_ctrl,23,83,25.766666666666666,-0.6116412878036499,1.2696428407424933
UBFC_PHYS_s14_T1_ctrl,23,84,25.8,-0.15679554641246796,1.2487049968026198
UBFC_PHYS_s14_T1_ctrl,23,85,25.833333333333332,0.4640195667743683,1.0856558643212033
UBFC_PHYS_s14_T1_ctrl,23,86,25.866666666666667,0.9142464399337769,0.8188639428538785
UBFC_PHYS_s14_T1_ctrl,23,87,25.9,1.093255639076233,0.48529098710842483
UBFC_PHYS_s14_T1_ctrl,23,88,25.933333333333334,1.040673851966858,0.11427074840957994
UBFC_PHYS_s14_T1_ctrl,23,89,25.966666666666665,0.8784220218658447,-0.2709116932919429
UBFC_PHYS_s14_T1_ctrl,23,90,26.0,0.7984649538993835,-0.646488616118752
UBFC_PHYS_s14_T1_ctrl,23,91,26.033333333333335,0.8018727898597717,-0.9814943661806083
UBFC_PHYS_s14_T1_ctrl,23,92,26.066666666666666,0.6028671860694885,-1.2354276875374914
UBFC_PHYS_s14_T1_ctrl,23,93,26.1,0.12219526618719101,-1.3629564420346179
UBFC_PHYS_s14_T1_ctrl,23,94,26.133333333333333,-0.2962346374988556,-1.3254657288684528
UBFC_PHYS_s14_T1_ctrl,23,95,26.166666666666668,-0.3532945215702057,-1.1060266966620198
UBFC_PHYS_s14_T1_ctrl,23,96,26.2,-0.13322243094444275,-0.7217038026049803
UBFC_PHYS_s14_T1_ctrl,23,97,26.233333333333334,0.14841578900814056,-0.22656428896931274
UBFC_PHYS_s14_T1_ctrl,23,98,26.266666666666666,0.40701600909233093,0.2984859704195041
UBFC_PHYS_s14_T1_ctrl,23,99,26.3,0.60295170545578,0.7669845632005733
UBFC_PHYS_s14_T1_ctrl,23,100,26.333333333333332,0.7477700710296631,1.1106940496270907
UBFC_PHYS_s14_T1_ctrl,23,101,26.366666666666667,0.9907675385475159,1.2951241805349094
UBFC_PHYS_s14_T1_ctrl,23,102,26.4,1.4139007329940796,1.3209187682846233
UBFC_PHYS_s14_T1_ctrl,23,103,26.433333333333334,1.8103629350662231,1.2131183698223729
UBFC_PHYS_s14_T1_ctrl,23,104,26.466666666666665,1.9057255983352661,1.0055020609140737
UBFC_PHYS_s14_T1_ctrl,23,105,26.5,1.7143523693084717,0.7278173105495903
UBFC_PHYS_s14_T1_ctrl,23,106,26.533333333333335,1.4340097904205322,0.40077344213878197
UBFC_PHYS_s14_T1_ctrl,23,107,26.566666666666666,1.1268832683563232,0.03926428121977878
UBFC_PHYS_s14_T1_ctrl,23,108,26.6,0.8029429912567139,-0.3394853936122571
UBFC_PHYS_s14_T1_ctrl,23,109,26.633333333333333,0.5591851472854614,-0.7079349964697058
UBFC_PHYS_s14_T1_ctrl,23,110,26.666666666666668,0.3907936215400696,-1.0249976192155956
UBFC_PHYS_s14_T1_ctrl,23,111,26.7,0.13774169981479645,-1.240138874571736
UBFC_PHYS_s14_T1_ctrl,23,112,26.733333333333334,-0.2469761073589325,-1.304766140093593
UBFC_PHYS_s14_T1_ctrl,23,113,26.766666666666666,-0.6402838826179504,-1.1880019638381665
UBFC_PHYS_s14_T1_ctrl,23,114,26.8,-1.0012876987457275,-0.8912985894445229
UBFC_PHYS_s14_T1_ctrl,23,115,26.833333333333332,-1.4109869003295898,-0.4552451629908455
UBFC_PHYS_s14_T1_ctrl,23,116,26.866666666666667,-1.8724229335784912,0.04631993617989187
UBFC_PHYS_s14_T1_ctrl,23,117,26.9,-2.2511699199676514,0.5247692760092261
UBFC_PHYS_s14_T1_ctrl,23,118,26.933333333333334,-2.3765552043914795,0.9011042884635861
UBFC_PHYS_s14_T1_ctrl,23,119,26.966666666666665,-2.1622848510742188,1.1260715598769167
UBFC_PHYS_s14_T1_ctrl,23,120,27.0,-1.6923434734344482,1.1879737647410031
UBFC_PHYS_s14_T1_ctrl,23,121,27.033333333333335,-1.1986035108566284,1.106611310735319
UBFC_PHYS_s14_T1_ctrl,23,122,27.066666666666666,-0.8230107426643372,0.9182725661385825
UBFC_PHYS_s14_T1_ctrl,23,123,27.1,-0.5326135754585266,0.6598042056575923
UBFC_PHYS_s14_T1_ctrl,23,124,27.133333333333333,-0.31994855403900146,0.3584349002207614
UBFC_PHYS_s14_T1_ctrl,23,125,27.166666666666668,-0.2504965662956238,0.03011807815602256
UBFC_PHYS_s14_T1_ctrl,23,126,27.2,-0.27432316541671753,-0.3146386497579426
UBFC_PHYS_s14_T1_ctrl,23,127,27.233333333333334,-0.24193477630615234,-0.6611708332646838
UBFC_PHYS_s14_T1_ctrl,23,128,27.266666666666666,-0.15778127312660217,-0.9823914322887042
UBFC_PHYS_s14_T1_ctrl,23,129,27.3,-0.16338588297367096,-1.2366206379594353
UBFC_PHYS_s14_T1_ctrl,23,130,27.333333333333332,-0.24204742908477783,-1.3739663452573647
UBFC_PHYS_s14_T1_ctrl,23,131,27.366666666666667,-0.25452399253845215,-1.3501323134336585
UBFC_PHYS_s14_T1_ctrl,23,132,27.4,-0.19904127717018127,-1.1430021546908173
UBFC_PHYS_s14_T1_ctrl,23,133,27.433333333333334,-0.1964220404624939,-0.7654003256114457
UBFC_PHYS_s14_T1_ctrl,23,134,27.466666666666665,-0.31885018944740295,-0.2681123560777318
UBFC_PHYS_s14_T1_ctrl,23,135,27.5,-0.5829704999923706,0.26950879576113884
UBFC_PHYS_s14_T1_ctrl,23,136,27.533333333333335,-0.8885197639465332,0.7592416610637898
UBFC_PHYS_s14_T1_ctrl,23,137,27.566666666666666,-0.945805013179779,1.1271951405005487
UBFC_PHYS_s14_T1_ctrl,23,138,27.6,-0.5611717104911804,1.3312745582343504
UBFC_PHYS_s14_T1_ctrl,23,139,27.633333333333333,0.08501902222633362,1.3659184804868452
UBFC_PHYS_s14_T1_ctrl,23,140,27.666666666666668,0.601036548614502,1.2538308886236986
UBFC_PHYS_s14_T1_ctrl,23,141,27.7,0.7047638893127441,1.0309402898072595
UBFC_PHYS_s14_T1_ctrl,23,142,27.733333333333334,0.37764114141464233,0.732609500299982
UBFC_PHYS_s14_T1_ctrl,23,143,27.766666666666666,-0.10328428447246552,0.3865254567937258
UBFC_PHYS_s14_T1_ctrl,23,144,27.8,-0.34622541069984436,0.01351513507807674
UBFC_PHYS_s14_T1_ctrl,23,145,27.833333333333332,-0.21627753973007202,-0.3661514555649431
UBFC_PHYS_s14_T1_ctrl,23,146,27.866666666666667,0.11292937397956848,-0.7254695034962287
UBFC_PHYS_s14_T1_ctrl,23,147,27.9,0.3986513316631317,-1.0269666616686985
UBFC_PHYS_s14_T1_ctrl,23,148,27.933333333333334,0.5046881437301636,-1.2254182180210467
UBFC_PHYS_s14_T1_ctrl,23,149,27.966666666666665,0.39991870522499084,-1.277322890262866
UBFC_PHYS_s14_T1_ctrl,23,150,28.0,0.12633535265922546,-1.154770391382852
UBFC_PHYS_s14_T1_ctrl,23,151,28.033333333333335,-0.2214878499507904,-0.859003280828147
UBFC_PHYS_s14_T1_ctrl,23,152,28.066666666666666,-0.5984042882919312,-0.4276732101821965
UBFC_PHYS_s14_T1_ctrl,23,153,28.1,-1.070148229598999,0.06919076651365182
UBFC_PHYS_s14_T1_ctrl,23,154,28.133333333333333,-1.6131749153137207,0.5454523421210052
UBFC_PHYS_s14_T1_ctrl,23,155,28.166666666666668,-1.9766571521759033,0.9223556409649744
UBFC_PHYS_s14_T1_ctrl,23,156,28.2,-1.9136265516281128,1.1493150252434183
UBFC_PHYS_s14_T1_ctrl,23,157,28.233333333333334,-1.4386155605316162,1.2125787248080628
UBFC_PHYS_s14_T1_ctrl,23,158,28.266666666666666,-0.7747379541397095,1.1293372619611668
UBFC_PHYS_s14_T1_ctrl,23,159,28.3,-0.17327138781547546,0.9329334319359064
UBFC_PHYS_s14_T1_ctrl,23,160,28.333333333333332,0.21744531393051147,0.6579970415031146
UBFC_PHYS_s14_T1_ctrl,23,161,28.366666666666667,0.3637000322341919,0.33214713718588684
UBFC_PHYS_s14_T1_ctrl,23,162,28.4,0.3153427541255951,-0.02376479434352578
UBFC_PHYS_s14_T1_ctrl,23,163,28.433333333333334,0.16441284120082855,-0.38935456973287935
UBFC_PHYS_s14_T1_ctrl,23,164,28.466666666666665,0.011483287438750267,-0.7373155828391362
UBFC_PHYS_s14_T1_ctrl,23,165,28.5,-0.05954587087035179,-1.0298889621027376
UBFC_PHYS_s14_T1_ctrl,23,166,28.533333333333335,-0.031015919521450996,-1.2221271576818844
UBFC_PHYS_s14_T1_ctrl,23,167,28.566666666666666,0.022974126040935516,-1.2719386155335723
UBFC_PHYS_s14_T1_ctrl,23,168,28.6,0.07319021970033646,-1.1540413026326346
UBFC_PHYS_s14_T1_ctrl,23,169,28.633333333333333,0.16669410467147827,-0.8726641315504035
UBFC_PHYS_s14_T1_ctrl,23,170,28.666666666666668,0.2906712591648102,-0.4668457136075458
UBFC_PHYS_s14_T1_ctrl,23,171,28.7,0.3368035852909088,-0.0040313776775836585
UBFC_PHYS_s14_T1_ctrl,23,172,28.733333333333334,0.21876901388168335,0.43725518539901953
UBFC_PHYS_s14_T1_ctrl,23,173,28.766666666666666,-0.04580192640423775,0.789046663491623
UBFC_PHYS_s14_T1_ctrl,23,174,28.8,-0.29485461115837097,1.0102925262935196
UBFC_PHYS_s14_T1_ctrl,23,175,28.833333333333332,-0.30457112193107605,1.0909171606208854
UBFC_PHYS_s14_T1_ctrl,23,176,28.866666666666667,-0.02532682754099369,1.0438324674876467
UBFC_PHYS_s14_T1_ctrl,23,177,28.9,0.3537863790988922,0.891774034729119
UBFC_PHYS_s14_T1_ctrl,23,178,28.933333333333334,0.6129780411720276,0.6569612762395287
UBFC_PHYS_s14_T1_ctrl,23,179,28.966666666666665,0.6506612300872803,0.3579883898251254
UBFC_PHYS_s14_T1_ctrl,23,180,29.0,0.47655245661735535,0.013551941989344861
UBFC_PHYS_s14_T1_ctrl,23,181,29.033333333333335,0.21798042953014374,-0.3508538991632844
UBFC_PHYS_s14_T1_ctrl,23,182,29.066666666666666,0.0652480199933052,-0.6981954480840618
UBFC_PHYS_s14_T1_ctrl,23,183,29.1,0.06828971207141876,-0.9808308869615985
UBFC_PHYS_s14_T1_ctrl,23,184,29.133333333333333,0.11537962406873703,-1.1482923606363107
UBFC_PHYS_s14_T1_ctrl,23,185,29.166666666666668,0.10295937955379486,-1.1602003831159253
UBFC_PHYS_s14_T1_ctrl,23,186,29.2,0.0096526388078928,-1.000172477842313
UBFC_PHYS_s14_T1_ctrl,23,187,29.233333333333334,-0.14271363615989685,-0.6852031285259128
UBFC_PHYS_s14_T1_ctrl,23,188,29.266666666666666,-0.29896652698516846,-0.26537827530253755
UBFC_PHYS_s14_T1_ctrl,23,189,29.3,-0.4280976355075836,0.18791495196717228
UBFC_PHYS_s14_T1_ctrl,23,190,29.333333333333332,-0.6018402576446533,0.6014320756264995
UBFC_PHYS_s14_T1_ctrl,23,191,29.366666666666667,-0.8253765106201172,0.9189178998845698
UBFC_PHYS_s14_T1_ctrl,23,192,29.4,-0.8945749998092651,1.1114342533066013
UBFC_PHYS_s14_T1_ctrl,23,193,29.433333333333334,-0.62397700548172,1.1760628678004263
UBFC_PHYS_s14_T1_ctrl,23,194,29.466666666666665,-0.09542658179998398,1.126142855451039
UBFC_PHYS_s14_T1_ctrl,23,195,29.5,0.4609215557575226,0.9799517330700594
UBFC_PHYS_s14_T1_ctrl,23,196,29.533333333333335,0.8665650486946106,0.7538161363042087
UBFC_PHYS_s14_T1_ctrl,23,197,29.566666666666666,0.9932740926742554,0.46174740745384424
UBFC_PHYS_s14_T1_ctrl,23,198,29.6,0.8141803741455078,0.11995258892485613
UBFC_PHYS_s14_T1_ctrl,23,199,29.633333333333333,0.5205725431442261,-0.24736673496748426
UBFC_PHYS_s14_T1_ctrl,23,200,29.666666666666668,0.334606796503067,-0.604499636775864
UBFC_PHYS_s14_T1_ctrl,23,201,29.7,0.22924596071243286,-0.9054129917949328
UBFC_PHYS_s14_T1_ctrl,23,202,29.733333333333334,0.04742032289505005,-1.1005772889153114
UBFC_PHYS_s14_T1_ctrl,23,203,29.766666666666666,-0.2223890870809555,-1.1485342140881336
UBFC_PHYS_s14_T1_ctrl,23,204,29.8,-0.4953528344631195,-1.0290727597698064
UBFC_PHYS_s14_T1_ctrl,23,205,29.833333333333332,-0.8067320585250854,-0.7530296536473469
UBFC_PHYS_s14_T1_ctrl,23,206,29.866666666666667,-1.2434121370315552,-0.36359994026760223
UBFC_PHYS_s14_T1_ctrl,23,207,29.9,-1.7040032148361206,0.07311949137863255
UBFC_PHYS_s14_T1_ctrl,23,208,29.933333333333334,-1.9357914924621582,0.4853791907926798
UBFC_PHYS_s14_T1_ctrl,23,209,29.966666666666665,-1.8187426328659058,0.8136146911626588
UBFC_PHYS_s14_T1_ctrl,23,210,30.0,-1.5271625518798828,1.02162993312054
UBFC_PHYS_s14_T1_ctrl,23,211,30.033333333333335,-1.4051569700241089,1.0978180479187045
UBFC_PHYS_s14_T1_ctrl,23,212,30.066666666666666,-1.351786494255066,1.0483916877420847
UBFC_PHYS_s14_T1_ctrl,23,213,30.1,-0.5940389037132263,0.8880114366497677
UBFC_PHYS_s14_T1_ctrl,23,214,30.133333333333333,1.161975383758545,0.6329662677450594
UBFC_PHYS_s14_T1_ctrl,23,215,30.166666666666668,2.874842643737793,0.29926780802746783
UBFC_PHYS_s14_T1_ctrl,23,216,30.2,3.457833766937256,-0.09500610824212632
UBFC_PHYS_s14_T1_ctrl,23,217,30.233333333333334,3.105814218521118,-0.5255044064799406
UBFC_PHYS_s14_T1_ctrl,23,218,30.266666666666666,2.5385665893554688,-0.9580579093083268
UBFC_PHYS_s14_T1_ctrl,23,219,30.3,1.9886116981506348,-1.347812439775299
UBFC_PHYS_s14_T1_ctrl,23,220,30.333333333333332,1.5031237602233887,-1.6426718014260864
UBFC_PHYS_s14_T1_ctrl,23,221,30.366666666666667,1.1551597118377686,-1.7918404103623538
UBFC_PHYS_s14_T1_ctrl,23,222,30.4,0.7279990911483765,-1.7582715746470359
UBFC_PHYS_s14_T1_ctrl,23,223,30.433333333333334,-0.05380045250058174,-1.5312860064660345
UBFC_PHYS_s14_T1_ctrl,23,224,30.466666666666665,-1.0352532863616943,-1.1340303690022944
UBFC_PHYS_s14_T1_ctrl,23,225,30.5,-1.8587915897369385,-0.6214368716676338
UBFC_PHYS_s14_T1_ctrl,23,226,30.533333333333335,-2.383202075958252,-0.06821855757870274
UBFC_PHYS_s14_T1_ctrl,23,227,30.566666666666666,-2.466144323348999,0.4489137251517614
UBFC_PHYS_s14_T1_ctrl,23,228,30.6,-1.8500889539718628,0.8680380347000493
UBFC_PHYS_s14_T1_ctrl,23,229,30.633333333333333,-0.6873737573623657,1.1521130636295973
UBFC_PHYS_s14_T1_ctrl,23,230,30.666666666666668,0.4250126779079437,1.290770211114549
UBFC_PHYS_s14_T1_ctrl,23,231,30.7,1.103563666343689,1.296188906340517
UBFC_PHYS_s14_T1_ctrl,23,232,30.733333333333334,1.368585228919983,1.19660147206387
UBFC_PHYS_s14_T1_ctrl,23,233,30.766666666666666,1.3051884174346924,1.0296717423268342
UBFC_PHYS_s14_T1_ctrl,23,234,30.8,1.0392656326293945,0.8361712062206285
UBFC_PHYS_s14_T1_ctrl,23,235,30.833333333333332,0.7936770915985107,0.6535126799716869
UBFC_PHYS_s14_T1_ctrl,23,236,30.866666666666667,0.6381283402442932,0.5092132501558835
UBFC_PHYS_s14_T1_ctrl,23,237,30.9,0.4532328248023987,0.41548924043542457
UBFC_PHYS_s14_T1_ctrl,23,238,30.933333333333334,0.22986556589603424,0.3668405128802313
UBFC_PHYS_s14_T1_ctrl,23,239,30.966666666666665,0.12867294251918793,0.34217881140530865
UBFC_PHYS_s14_T1_ctrl,24,0,24.0,1.2213447093963623,-0.02680168834007446
UBFC_PHYS_s14_T1_ctrl,24,1,24.033333333333335,1.6678258180618286,-0.13616691762855546
UBFC_PHYS_s14_T1_ctrl,24,2,24.066666666666666,1.7577528953552246,-0.2784994589507812
UBFC_PHYS_s14_T1_ctrl,24,3,24.1,1.6079776287078857,-0.4729664810212012
UBFC_PHYS_s14_T1_ctrl,24,4,24.133333333333333,1.5194306373596191,-0.7137749223518801
UBFC_PHYS_s14_T1_ctrl,24,5,24.166666666666668,1.5381877422332764,-0.969212693772713
UBFC_PHYS_s14_T1_ctrl,24,6,24.2,1.48428213596344,-1.1891872265234331
UBFC_PHYS_s14_T1_ctrl,24,7,24.233333333333334,1.3232696056365967,-1.31836543365083
UBFC_PHYS_s14_T1_ctrl,24,8,24.266666666666666,1.1363744735717773,-1.3110705136926881
UBFC_PHYS_s14_T1_ctrl,24,9,24.3,0.9089797735214233,-1.1443123558528416
UBFC_PHYS_s14_T1_ctrl,24,10,24.333333333333332,0.589348554611206,-0.8257912907121314
UBFC_PHYS_s14_T1_ctrl,24,11,24.366666666666667,0.1618780940771103,-0.3945542769157443
UBFC_PHYS_s14_T1_ctrl,24,12,24.4,-0.38399308919906616,0.08637041922886701
UBFC_PHYS_s14_T1_ctrl,24,13,24.433333333333334,-0.957493007183075,0.5438309647404831
UBFC_PHYS_s14_T1_ctrl,24,14,24.466666666666665,-1.3368314504623413,0.9112838983680988
UBFC_PHYS_s14_T1_ctrl,24,15,24.5,-1.3547999858856201,1.1434693522039585
UBFC_PHYS_s14_T1_ctrl,24,16,24.533333333333335,-1.0061882734298706,1.224245160299252
UBFC_PHYS_s14_T1_ctrl,24,17,24.566666666666666,-0.44457346200942993,1.1650220817546653
UBFC_PHYS_s14_T1_ctrl,24,18,24.6,0.12008298188447952,0.9951589524782608
UBFC_PHYS_s14_T1_ctrl,24,19,24.633333333333333,0.5145454406738281,0.7492298995385293
UBFC_PHYS_s14_T1_ctrl,24,20,24.666666666666668,0.6645459532737732,0.4571006887489896
UBFC_PHYS_s14_T1_ctrl,24,21,24.7,0.5727882385253906,0.14062426057233432
UBFC_PHYS_s14_T1_ctrl,24,22,24.733333333333334,0.32336944341659546,-0.18329188162437315
UBFC_PHYS_s14_T1_ctrl,24,23,24.766666666666666,0.07138773798942566,-0.49673662160660675
UBFC_PHYS_s14_T1_ctrl,24,24,24.8,-0.036733176559209824,-0.7759334323889943
UBFC_PHYS_s14_T1_ctrl,24,25,24.833333333333332,-0.0043447804637253284,-0.9899758835544717
UBFC_PHYS_s14_T1_ctrl,24,26,24.866666666666667,0.019087519496679306,-1.104045027506643
UBFC_PHYS_s14_T1_ctrl,24,27,24.9,-0.05599723011255264,-1.0868010775115262
UBFC_PHYS_s14_T1_ctrl,24,28,24.933333333333334,-0.14403733611106873,-0.9205813708642402
UBFC_PHYS_s14_T1_ctrl,24,29,24.966666666666665,-0.17811556160449982,-0.611610768426735
UBFC_PHYS_s14_T1_ctrl,24,30,25.0,-0.22641651332378387,-0.19590013136084505
UBFC_PHYS_s14_T1_ctrl,24,31,25.033333333333335,-0.3572937846183777,0.2635262989192897
UBFC_PHYS_s14_T1_ctrl,24,32,25.066666666666666,-0.5926870107650757,0.6896731962018018
UBFC_PHYS_s14_T1_ctrl,24,33,25.1,-0.9315822720527649,1.011584913541183
UBFC_PHYS_s14_T1_ctrl,24,34,25.133333333333333,-1.2006876468658447,1.1835021693654875
UBFC_PHYS_s14_T1_ctrl,24,35,25.166666666666668,-1.1151258945465088,1.194722996672153
UBFC_PHYS_s14_T1_ctrl,24,36,25.2,-0.6360311508178711,1.066398066301288
UBFC_PHYS_s14_T1_ctrl,24,37,25.233333333333334,-0.039690375328063965,0.8382568007836174
UBFC_PHYS_s14_T1_ctrl,24,38,25.266666666666666,0.4233510196208954,0.5526352146191744
UBFC_PHYS_s14_T1_ctrl,24,39,25.3,0.6804303526878357,0.2431270982037566
UBFC_PHYS_s14_T1_ctrl,24,40,25.333333333333332,0.7027079463005066,-0.06857594959153147
UBFC_PHYS_s14_T1_ctrl,24,41,25.366666666666667,0.5460326075553894,-0.3687595255299129
UBFC_PHYS_s14_T1_ctrl,24,42,25.4,0.40752294659614563,-0.6446113677299347
UBFC_PHYS_s14_T1_ctrl,24,43,25.433333333333334,0.4199431836605072,-0.8781981536692137
UBFC_PHYS_s14_T1_ctrl,24,44,25.466666666666665,0.5006043910980225,-1.0442703058621228
UBFC_PHYS_s14_T1_ctrl,24,45,25.5,0.5204880237579346,-1.1130259389848187
UBFC_PHYS_s14_T1_ctrl,24,46,25.533333333333335,0.4912821352481842,-1.0578324353073585
UBFC_PHYS_s14_T1_ctrl,24,47,25.566666666666666,0.4614284932613373,-0.8663575350768505
UBFC_PHYS_s14_T1_ctrl,24,48,25.6,0.3918920159339905,-0.551072830217946
UBFC_PHYS_s14_T1_ctrl,24,49,25.633333333333333,0.24927043914794922,-0.15341724492577938
UBFC_PHYS_s14_T1_ctrl,24,50,25.666666666666668,0.031986549496650696,0.2627465776217327
UBFC_PHYS_s14_T1_ctrl,24,51,25.7,-0.28809529542922974,0.6279021216238438
UBFC_PHYS_s14_T1_ctrl,24,52,25.733333333333334,-0.6089656949043274,0.8871650342836468
UBFC_PHYS_s14_T1_ctrl,24,53,25.766666666666666,-0.6116412878036499,1.0143678578503421
UBFC_PHYS_s14_T1_ctrl,24,54,25.8,-0.15679554641246796,1.0134335767809721
UBFC_PHYS_s14_T1_ctrl,24,55,25.833333333333332,0.4640195667743683,0.9077318951571791
UBFC_PHYS_s14_T1_ctrl,24,56,25.866666666666667,0.9142464399337769,0.7245405142593722
UBFC_PHYS_s14_T1_ctrl,24,57,25.9,1.093255639076233,0.4836317745799686
UBFC_PHYS_s14_T1_ctrl,24,58,25.933333333333334,1.040673851966858,0.19547692866680794
UBFC_PHYS_s14_T1_ctrl,24,59,25.966666666666665,0.8784220218658447,-0.1316056347674846
UBFC_PHYS_s14_T1_ctrl,24,60,26.0,0.7984649538993835,-0.48086008686333215
UBFC_PHYS_s14_T1_ctrl,24,61,26.033333333333335,0.8018727898597717,-0.8197191946949459
UBFC_PHYS_s14_T1_ctrl,24,62,26.066666666666666,0.6028671860694885,-1.0998841351511786
UBFC_PHYS_s14_T1_ctrl,24,63,26.1,0.12219526618719101,-1.2655209849024427
UBFC_PHYS_s14_T1_ctrl,24,64,26.133333333333333,-0.2962346374988556,-1.2677012497257036
UBFC_PHYS_s14_T1_ctrl,24,65,26.166666666666668,-0.3532945215702057,-1.0813769916509481
UBFC_PHYS_s14_T1_ctrl,24,66,26.2,-0.13322243094444275,-0.7192514899551619
UBFC_PHYS_s14_T1_ctrl,24,67,26.233333333333334,0.14841578900814056,-0.2358794081526439
UBFC_PHYS_s14_T1_ctrl,24,68,26.266666666666666,0.40701600909233093,0.28286832303295695
UBFC_PHYS_s14_T1_ctrl,24,69,26.3,0.60295170545578,0.7438252989708112
UBFC_PHYS_s14_T1_ctrl,24,70,26.333333333333332,0.7477700710296631,1.074585542667833
UBFC_PHYS_s14_T1_ctrl,24,71,26.366666666666667,0.9907675385475159,1.24226528615407
UBFC_PHYS_s14_T1_ctrl,24,72,26.4,1.4139007329940796,1.2546966107889925
UBFC_PHYS_s14_T1_ctrl,24,73,26.433333333333334,1.8103629350662231,1.1457658163144941
UBFC_PHYS_s14_T1_ctrl,24,74,26.466666666666665,1.9057255983352661,0.9543774205732121
UBFC_PHYS_s14_T1_ctrl,24,75,26.5,1.7143523693084717,0.7082610614790258
UBFC_PHYS_s14_T1_ctrl,24,76,26.533333333333335,1.4340097904205322,0.4195936808494883
UBFC_PHYS_s14_T1_ctrl,24,77,26.566666666666666,1.1268832683563232,0.09223873122197887
UBFC_PHYS_s14_T1_ctrl,24,78,26.6,0.8029429912567139,-0.26554442421254276
UBFC_PHYS_s14_T1_ctrl,24,79,26.633333333333333,0.5591851472854614,-0.63071149369242
UBFC_PHYS_s14_T1_ctrl,24,80,26.666666666666668,0.3907936215400696,-0.9622721898645624
UBFC_PHYS_s14_T1_ctrl,24,81,26.7,0.13774169981479645,-1.2062437547110871
UBFC_PHYS_s14_T1_ctrl,24,82,26.733333333333334,-0.2469761073589325,-1.307491312546358
UBFC_PHYS_s14_T1_ctrl,24,83,26.766666666666666,-0.6402838826179504,-1.2260859564087516
UBFC_PHYS_s14_T1_ctrl,24,84,26.8,-1.0012876987457275,-0.9538141473848184
UBFC_PHYS_s14_T1_ctrl,24,85,26.833333333333332,-1.4109869003295898,-0.5243436566797441
UBFC_PHYS_s14_T1_ctrl,24,86,26.866666666666667,-1.8724229335784912,-0.010599560329066157
UBFC_PHYS_s14_T1_ctrl,24,87,26.9,-2.2511699199676514,0.49280001051691696
UBFC_PHYS_s14_T1_ctrl,24,88,26.933333333333334,-2.3765552043914795,0.896470892619082
UBFC_PHYS_s14_T1_ctrl,24,89,26.966666666666665,-2.1622848510742188,1.141107269186411
UBFC_PHYS_s14_T1_ctrl,24,90,27.0,-1.6923434734344482,1.2095788000859322
UBFC_PHYS_s14_T1_ctrl,24,91,27.033333333333335,-1.1986035108566284,1.1224009797995322
UBFC_PHYS_s14_T1_ctrl,24,92,27.066666666666666,-0.8230107426643372,0.921140943050016
UBFC_PHYS_s14_T1_ctrl,24,93,27.1,-0.5326135754585266,0.6493916864991314
UBFC_PHYS_s14_T1_ctrl,24,94,27.133333333333333,-0.31994855403900146,0.340009208906008
UBFC_PHYS_s14_T1_ctrl,24,95,27.166666666666668,-0.2504965662956238,0.0122804932837517
UBFC_PHYS_s14_T1_ctrl,24,96,27.2,-0.27432316541671753,-0.322600011591822
UBFC_PHYS_s14_T1_ctrl,24,97,27.233333333333334,-0.24193477630615234,-0.6523967233144354
UBFC_PHYS_s14_T1_ctrl,24,98,27.266666666666666,-0.15778127312660217,-0.9558947122440381
UBFC_PHYS_s14_T1_ctrl,24,99,27.3,-0.16338588297367096,-1.1996352671797734
UBFC_PHYS_s14_T1_ctrl,24,100,27.333333333333332,-0.24204742908477783,-1.3412218413242796
UBFC_PHYS_s14_T1_ctrl,24,101,27.366666666666667,-0.25452399253845215,-1.339208513402854
UBFC_PHYS_s14_T1_ctrl,24,102,27.4,-0.19904127717018127,-1.167062928490934
UBFC_PHYS_s14_T1_ctrl,24,103,27.433333333333334,-0.1964220404624939,-0.8263601501979526
UBFC_PHYS_s14_T1_ctrl,24,104,27.466666666666665,-0.31885018944740295,-0.3535320302169004
UBFC_PHYS_s14_T1_ctrl,24,105,27.5,-0.5829704999923706,0.18396464055756856
UBFC_PHYS_s14_T1_ctrl,24,106,27.533333333333335,-0.8885197639465332,0.7023477699630931
UBFC_PHYS_s14_T1_ctrl,24,107,27.566666666666666,-0.945805013179779,1.1224408462011957
UBFC_PHYS_s14_T1_ctrl,24,108,27.6,-0.5611717104911804,1.388564902056498
UBFC_PHYS_s14_T1_ctrl,24,109,27.633333333333333,0.08501902222633362,1.4777226424643584
UBFC_PHYS_s14_T1_ctrl,24,110,27.666666666666668,0.601036548614502,1.3968394675521414
UBFC_PHYS_s14_T1_ctrl,24,111,27.7,0.7047638893127441,1.1721788611354877
UBFC_PHYS_s14_T1_ctrl,24,112,27.733333333333334,0.37764114141464233,0.8378694347525872
UBFC_PHYS_s14_T1_ctrl,24,113,27.766666666666666,-0.10328428447246552,0.428927718531176
UBFC_PHYS_s14_T1_ctrl,24,114,27.8,-0.34622541069984436,-0.019839976262051928
UBFC_PHYS_s14_T1_ctrl,24,115,27.833333333333332,-0.21627753973007202,-0.47126125500691757
UBFC_PHYS_s14_T1_ctrl,24,116,27.866666666666667,0.11292937397956848,-0.8830268950714866
UBFC_PHYS_s14_T1_ctrl,24,117,27.9,0.3986513316631317,-1.2076503894632564
UBFC_PHYS_s14_T1_ctrl,24,118,27.933333333333334,0.5046881437301636,-1.3969310937555148
UBFC_PHYS_s14_T1_ctrl,24,119,27.966666666666665,0.39991870522499084,-1.411108368546947
UBFC_PHYS_s14_T1_ctrl,24,120,28.0,0.12633535265922546,-1.2307666931583214
UBFC_PHYS_s14_T1_ctrl,24,121,28.033333333333335,-0.2214878499507904,-0.8675046442721936
UBFC_PHYS_s14_T1_ctrl,24,122,28.066666666666666,-0.5984042882919312,-0.36844937815178225
UBFC_PHYS_s14_T1_ctrl,24,123,28.1,-1.070148229598999,0.1892215595034631
UBFC_PHYS_s14_T1_ctrl,24,124,28.133333333333333,-1.6131749153137207,0.7142456512672141
UBFC_PHYS_s14_T1_ctrl,24,125,28.166666666666668,-1.9766571521759033,1.1233999128383887
UBFC_PHYS_s14_T1_ctrl,24,126,28.2,-1.9136265516281128,1.3613908210030228
UBFC_PHYS_s14_T1_ctrl,24,127,28.233333333333334,-1.4386155605316162,1.4102941060257423
UBFC_PHYS_s14_T1_ctrl,24,128,28.266666666666666,-0.7747379541397095,1.2858671762115192
UBFC_PHYS_s14_T1_ctrl,24,129,28.3,-0.17327138781547546,1.0248595775454852
UBFC_PHYS_s14_T1_ctrl,24,130,28.333333333333332,0.21744531393051147,0.6706788715149523
UBFC_PHYS_s14_T1_ctrl,24,131,28.366666666666667,0.3637000322341919,0.26357722925088606
UBFC_PHYS_s14_T1_ctrl,24,132,28.4,0.3153427541255951,-0.16220317819515495
UBFC_PHYS_s14_T1_ctrl,24,133,28.433333333333334,0.16441284120082855,-0.5757224359606645
UBFC_PHYS_s14_T1_ctrl,24,134,28.466666666666665,0.011483287438750267,-0.9446512741071319
UBFC_PHYS_s14_T1_ctrl,24,135,28.5,-0.05954587087035179,-1.232440680006186
UBFC_PHYS_s14_T1_ctrl,24,136,28.533333333333335,-0.031015919521450996,-1.4001023555826755
UBFC_PHYS_s14_T1_ctrl,24,137,28.566666666666666,0.022974126040935516,-1.4133605165199357
UBFC_PHYS_s14_T1_ctrl,24,138,28.6,0.07319021970033646,-1.2534948785878088
UBFC_PHYS_s14_T1_ctrl,24,139,28.633333333333333,0.16669410467147827,-0.9278940316119346
UBFC_PHYS_s14_T1_ctrl,24,140,28.666666666666668,0.2906712591648102,-0.4751299986882283
UBFC_PHYS_s14_T1_ctrl,24,141,28.7,0.3368035852909088,0.039441899788022455
UBFC_PHYS_s14_T1_ctrl,24,142,28.733333333333334,0.21876901388168335,0.5376440122079253
UBFC_PHYS_s14_T1_ctrl,24,143,28.766666666666666,-0.04580192640423775,0.9472344557298081
UBFC_PHYS_s14_T1_ctrl,24,144,28.8,-0.29485461115837097,1.2177440130460941
UBFC_PHYS_s14_T1_ctrl,24,145,28.833333333333332,-0.30457112193107605,1.3270104369288416
UBFC_PHYS_s14_T1_ctrl,24,146,28.866666666666667,-0.02532682754099369,1.277496168372215
UBFC_PHYS_s14_T1_ctrl,24,147,28.9,0.3537863790988922,1.087111718166601
UBFC_PHYS_s14_T1_ctrl,24,148,28.933333333333334,0.6129780411720276,0.7810443827960185
UBFC_PHYS_s14_T1_ctrl,24,149,28.966666666666665,0.6506612300872803,0.38866251543919583
UBFC_PHYS_s14_T1_ctrl,24,150,29.0,0.47655245661735535,-0.05476565958517433
UBFC_PHYS_s14_T1_ctrl,24,151,29.033333333333335,0.21798042953014374,-0.5050449439762084
UBFC_PHYS_s14_T1_ctrl,24,152,29.066666666666666,0.0652480199933052,-0.9086383885832097
UBFC_PHYS_s14_T1_ctrl,24,153,29.1,0.06828971207141876,-1.2072455243799267
UBFC_PHYS_s14_T1_ctrl,24,154,29.133333333333333,0.11537962406873703,-1.3478096937373603
UBFC_PHYS_s14_T1_ctrl,24,155,29.166666666666668,0.10295937955379486,-1.2961760611657123
UBFC_PHYS_s14_T1_ctrl,24,156,29.2,0.0096526388078928,-1.050096014214291
UBFC_PHYS_s14_T1_ctrl,24,157,29.233333333333334,-0.14271363615989685,-0.6455783621265725
UBFC_PHYS_s14_T1_ctrl,24,158,29.266666666666666,-0.29896652698516846,-0.15145688637301022
UBFC_PHYS_s14_T1_ctrl,24,159,29.3,-0.4280976355075836,0.3482092417649707
UBFC_PHYS_s14_T1_ctrl,24,160,29.333333333333332,-0.6018402576446533,0.7771470191460725
UBFC_PHYS_s14_T1_ctrl,24,161,29.366666666666667,-0.8253765106201172,1.0846106550683718
UBFC_PHYS_s14_T1_ctrl,24,162,29.4,-0.8945749998092651,1.2504659732677195
UBFC_PHYS_s14_T1_ctrl,24,163,29.433333333333334,-0.62397700548172,1.2779454139642552
UBFC_PHYS_s14_T1_ctrl,24,164,29.466666666666665,-0.09542658179998398,1.180845298034704
UBFC_PHYS_s14_T1_ctrl,24,165,29.5,0.4609215557575226,0.9735219551130565
UBFC_PHYS_s14_T1_ctrl,24,166,29.533333333333335,0.8665650486946106,0.668533810641515
UBFC_PHYS_s14_T1_ctrl,24,167,29.566666666666666,0.9932740926742554,0.2813046107122562
UBFC_PHYS_s14_T1_ctrl,24,168,29.6,0.8141803741455078,-0.16255037569733366
UBFC_PHYS_s14_T1_ctrl,24,169,29.633333333333333,0.5205725431442261,-0.6221932592441621
UBFC_PHYS_s14_T1_ctrl,24,170,29.666666666666668,0.334606796503067,-1.0419773945933974
UBFC_PHYS_s14_T1_ctrl,24,171,29.7,0.22924596071243286,-1.3581170705999486
UBFC_PHYS_s14_T1_ctrl,24,172,29.733333333333334,0.04742032289505005,-1.5108528963451093
UBFC_PHYS_s14_T1_ctrl,24,173,29.766666666666666,-0.2223890870809555,-1.4599136826882937
UBFC_PHYS_s14_T1_ctrl,24,174,29.8,-0.4953528344631195,-1.1990044123005383
UBFC_PHYS_s14_T1_ctrl,24,175,29.833333333333332,-0.8067320585250854,-0.7633098538571556
UBFC_PHYS_s14_T1_ctrl,24,176,29.866666666666667,-1.2434121370315552,-0.22459158715598285
UBFC_PHYS_s14_T1_ctrl,24,177,29.9,-1.7040032148361206,0.3268941094417848
UBFC_PHYS_s14_T1_ctrl,24,178,29.933333333333334,-1.9357914924621582,0.8069717460633312
UBFC_PHYS_s14_T1_ctrl,24,179,29.966666666666665,-1.8187426328659058,1.157483968692901
UBFC_PHYS_s14_T1_ctrl,24,180,30.0,-1.5271625518798828,1.3534214660889496
UBFC_PHYS_s14_T1_ctrl,24,181,30.033333333333335,-1.4051569700241089,1.3968341580961912
UBFC_PHYS_s14_T1_ctrl,24,182,30.066666666666666,-1.351786494255066,1.3039386707014744
UBFC_PHYS_s14_T1_ctrl,24,183,30.1,-0.5940389037132263,1.0938980411727628
UBFC_PHYS_s14_T1_ctrl,24,184,30.133333333333333,1.161975383758545,0.7845683005670434
UBFC_PHYS_s14_T1_ctrl,24,185,30.166666666666668,2.874842643737793,0.3951648515723067
UBFC_PHYS_s14_T1_ctrl,24,186,30.2,3.457833766937256,-0.04794740513750436
UBFC_PHYS_s14_T1_ctrl,24,187,30.233333333333334,3.105814218521118,-0.5068638480547346
UBFC_PHYS_s14_T1_ctrl,24,188,30.266666666666666,2.5385665893554688,-0.9320647244920147
UBFC_PHYS_s14_T1_ctrl,24,189,30.3,1.9886116981506348,-1.2674190787332507
UBFC_PHYS_s14_T1_ctrl,24,190,30.333333333333332,1.5031237602233887,-1.4596621635111118
UBFC_PHYS_s14_T1_ctrl,24,191,30.366666666666667,1.1551597118377686,-1.4707344931323203
UBFC_PHYS_s14_T1_ctrl,24,192,30.4,0.7279990911483765,-1.2899396985911475
UBFC_PHYS_s14_T1_ctrl,24,193,30.433333333333334,-0.05380045250058174,-0.9413784847117695
UBFC_PHYS_s14_T1_ctrl,24,194,30.466666666666665,-1.0352532863616943,-0.481946225235937
UBFC_PHYS_s14_T1_ctrl,24,195,30.5,-1.8587915897369385,0.011880506236569803
UBFC_PHYS_s14_T1_ctrl,24,196,30.533333333333335,-2.383202075958252,0.46445160992780193
UBFC_PHYS_s14_T1_ctrl,24,197,30.566666666666666,-2.466144323348999,0.8198425911871035
UBFC_PHYS_s14_T1_ctrl,24,198,30.6,-1.8500889539718628,1.0509045849043974
UBFC_PHYS_s14_T1_ctrl,24,199,30.633333333333333,-0.6873737573623657,1.1556120632631186
UBFC_PHYS_s14_T1_ctrl,24,200,30.666666666666668,0.4250126779079437,1.145135558118154
UBFC_PHYS_s14_T1_ctrl,24,201,30.7,1.103563666343689,1.0320942329808969
UBFC_PHYS_s14_T1_ctrl,24,202,30.733333333333334,1.368585228919983,0.8254242994390438
UBFC_PHYS_s14_T1_ctrl,24,203,30.766666666666666,1.3051884174346924,0.5328205624160092
UBFC_PHYS_s14_T1_ctrl,24,204,30.8,1.0392656326293945,0.16726005706802072
UBFC_PHYS_s14_T1_ctrl,24,205,30.833333333333332,0.7936770915985107,-0.24700639716275538
UBFC_PHYS_s14_T1_ctrl,24,206,30.866666666666667,0.6381283402442932,-0.6718122624137975
UBFC_PHYS_s14_T1_ctrl,24,207,30.9,0.4532328248023987,-1.056420945600428
UBFC_PHYS_s14_T1_ctrl,24,208,30.933333333333334,0.22986556589603424,-1.3429324765766386
UBFC_PHYS_s14_T1_ctrl,24,209,30.966666666666665,0.12867294251918793,-1.4760012166339416
UBFC_PHYS_s14_T1_ctrl,24,210,31.0,0.2458907663822174,-1.416213989981769
UBFC_PHYS_s14_T1_ctrl,24,211,31.033333333333335,0.4782141447067261,-1.1540876790163472
UBFC_PHYS_s14_T1_ctrl,24,212,31.066666666666666,0.5697747468948364,-0.7190457508869399
UBFC_PHYS_s14_T1_ctrl,24,213,31.1,0.3302132487297058,-0.17743563702639642
UBFC_PHYS_s14_T1_ctrl,24,214,31.133333333333333,-0.12815293669700623,0.3826616220304331
UBFC_PHYS_s14_T1_ctrl,24,215,31.166666666666668,-0.42187342047691345,0.8754261058423353
UBFC_PHYS_s14_T1_ctrl,24,216,31.2,-0.2592836916446686,1.2397611447307102
UBFC_PHYS_s14_T1_ctrl,24,217,31.233333333333334,0.27450522780418396,1.4498600991500157
UBFC_PHYS_s14_T1_ctrl,24,218,31.266666666666666,0.8348244428634644,1.5108835062175145
UBFC_PHYS_s14_T1_ctrl,24,219,31.3,1.177493691444397,1.4453908181474422
UBFC_PHYS_s14_T1_ctrl,24,220,31.333333333333332,1.29316246509552,1.2793232408795359
UBFC_PHYS_s14_T1_ctrl,24,221,31.366666666666667,1.2274280786514282,1.033778790882949
UBFC_PHYS_s14_T1_ctrl,24,222,31.4,1.0358015298843384,0.7241259967959004
UBFC_PHYS_s14_T1_ctrl,24,223,31.433333333333334,0.8318672180175781,0.3644007392838236
UBFC_PHYS_s14_T1_ctrl,24,224,31.466666666666665,0.7314913868904114,-0.026200928289049706
UBFC_PHYS_s14_T1_ctrl,24,225,31.5,0.7955077290534973,-0.4176988607247442
UBFC_PHYS_s14_T1_ctrl,24,226,31.533333333333335,1.0155235528945923,-0.7674123054557088
UBFC_PHYS_s14_T1_ctrl,24,227,31.566666666666666,1.2590560913085938,-1.0241581974863179
UBFC_PHYS_s14_T1_ctrl,24,228,31.6,1.388975739479065,-1.1392416977534419
UBFC_PHYS_s14_T1_ctrl,24,229,31.633333333333333,1.3414915800094604,-1.081914755212749
UBFC_PHYS_s14_T1_ctrl,24,230,31.666666666666668,1.0540516376495361,-0.8538303728975009
UBFC_PHYS_s14_T1_ctrl,24,231,31.7,0.5264869332313538,-0.4955758553456061
UBFC_PHYS_s14_T1_ctrl,24,232,31.733333333333334,-0.12956112623214722,-0.08024830795745698
UBFC_PHYS_s14_T1_ctrl,24,233,31.766666666666666,-0.8765501976013184,0.3054037808961031
UBFC_PHYS_s14_T1_ctrl,24,234,31.8,-1.6659821271896362,0.5848176182176311
UBFC_PHYS_s14_T1_ctrl,24,235,31.833333333333332,-2.1622567176818848,0.710039693353395
UBFC_PHYS_s14_T1_ctrl,24,236,31.866666666666667,-2.0488975048065186,0.6684130012909504
UBFC_PHYS_s14_T1_ctrl,24,237,31.9,-1.424167513847351,0.47832826146199414
UBFC_PHYS_s14_T1_ctrl,24,238,31.933333333333334,-0.6663635969161987,0.1793452959940872
UBFC_PHYS_s14_T1_ctrl,24,239,31.966666666666665,-0.25959348678588867,-0.17770223182660147
UBFC_PHYS_s14_T1_ctrl,25,0,25.0,-0.22641651332378387,-0.1012980070462757
UBFC_PHYS_s14_T1_ctrl,25,1,25.033333333333335,-0.3572937846183777,0.38916290811531223
UBFC_PHYS_s14_T1_ctrl,25,2,25.066666666666666,-0.5926870107650757,0.7945512340330122
UBFC_PHYS_s14_T1_ctrl,25,3,25.1,-0.9315822720527649,1.0475848976294626
UBFC_PHYS_s14_T1_ctrl,25,4,25.133333333333333,-1.2006876468658447,1.1147771206523471
UBFC_PHYS_s14_T1_ctrl,25,5,25.166666666666668,-1.1151258945465088,1.0018640392691434
UBFC_PHYS_s14_T1_ctrl,25,6,25.2,-0.6360311508178711,0.7480358295629415
UBFC_PHYS_s14_T1_ctrl,25,7,25.233333333333334,-0.039690375328063965,0.41132924288115513
UBFC_PHYS_s14_T1_ctrl,25,8,25.266666666666666,0.4233510196208954,0.05114038755584563
UBFC_PHYS_s14_T1_ctrl,25,9,25.3,0.6804303526878357,-0.2855744837311838
UBFC_PHYS_s14_T1_ctrl,25,10,25.333333333333332,0.7027079463005066,-0.5704111791258475
UBFC_PHYS_s14_T1_ctrl,25,11,25.366666666666667,0.5460326075553894,-0.7917536005099947
UBFC_PHYS_s14_T1_ctrl,25,12,25.4,0.40752294659614563,-0.9477486239534257
UBFC_PHYS_s14_T1_ctrl,25,13,25.433333333333334,0.4199431836605072,-1.0377043802950818
UBFC_PHYS_s14_T1_ctrl,25,14,25.466666666666665,0.5006043910980225,-1.0553823322983926
UBFC_PHYS_s14_T1_ctrl,25,15,25.5,0.5204880237579346,-0.9870126547125452
UBFC_PHYS_s14_T1_ctrl,25,16,25.533333333333335,0.4912821352481842,-0.8159709506177105
UBFC_PHYS_s14_T1_ctrl,25,17,25.566666666666666,0.4614284932613373,-0.5337415385770841
UBFC_PHYS_s14_T1_ctrl,25,18,25.6,0.3918920159339905,-0.1528307240181221
UBFC_PHYS_s14_T1_ctrl,25,19,25.633333333333333,0.24927043914794922,0.2856569926389995
UBFC_PHYS_s14_T1_ctrl,25,20,25.666666666666668,0.031986549496650696,0.716018927926156
UBFC_PHYS_s14_T1_ctrl,25,21,25.7,-0.28809529542922974,1.0642689557956877
UBFC_PHYS_s14_T1_ctrl,25,22,25.733333333333334,-0.6089656949043274,1.2702160802467484
UBFC_PHYS_s14_T1_ctrl,25,23,25.766666666666666,-0.6116412878036499,1.3048792703353895
UBFC_PHYS_s14_T1_ctrl,25,24,25.8,-0.15679554641246796,1.1755981553431263
UBFC_PHYS_s14_T1_ctrl,25,25,25.833333333333332,0.4640195667743683,0.9181133560944358
UBFC_PHYS_s14_T1_ctrl,25,26,25.866666666666667,0.9142464399337769,0.5810549238965738
UBFC_PHYS_s14_T1_ctrl,25,27,25.9,1.093255639076233,0.21070293806643756
UBFC_PHYS_s14_T1_ctrl,25,28,25.933333333333334,1.040673851966858,-0.15787821357541595
UBFC_PHYS_s14_T1_ctrl,25,29,25.966666666666665,0.8784220218658447,-0.5013725461824823
UBFC_PHYS_s14_T1_ctrl,25,30,26.0,0.7984649538993835,-0.8024583234364961
UBFC_PHYS_s14_T1_ctrl,25,31,26.033333333333335,0.8018727898597717,-1.0421077830322572
UBFC_PHYS_s14_T1_ctrl,25,32,26.066666666666666,0.6028671860694885,-1.1945048180590134
UBFC_PHYS_s14_T1_ctrl,25,33,26.1,0.12219526618719101,-1.2279621867955157
UBFC_PHYS_s14_T1_ctrl,25,34,26.133333333333333,-0.2962346374988556,-1.1132444262564731
UBFC_PHYS_s14_T1_ctrl,25,35,26.166666666666668,-0.3532945215702057,-0.8376088672214229
UBFC_PHYS_s14_T1_ctrl,25,36,26.2,-0.13322243094444275,-0.4189819162638868
UBFC_PHYS_s14_T1_ctrl,25,37,26.233333333333334,0.14841578900814056,0.08768888005461506
UBFC_PHYS_s14_T1_ctrl,25,38,26.266666666666666,0.40701600909233093,0.5981862237154496
UBFC_PHYS_s14_T1_ctrl,25,39,26.3,0.60295170545578,1.0207468858868647
UBFC_PHYS_s14_T1_ctrl,25,40,26.333333333333332,0.7477700710296631,1.283208231378493
UBFC_PHYS_s14_T1_ctrl,25,41,26.366666666666667,0.9907675385475159,1.3529612750438742
UBFC_PHYS_s14_T1_ctrl,25,42,26.4,1.4139007329940796,1.2412940776664503
UBFC_PHYS_s14_T1_ctrl,25,43,26.433333333333334,1.8103629350662231,0.9923641464967397
UBFC_PHYS_s14_T1_ctrl,25,44,26.466666666666665,1.9057255983352661,0.6638190298052068
UBFC_PHYS_s14_T1_ctrl,25,45,26.5,1.7143523693084717,0.3081864741158416
UBFC_PHYS_s14_T1_ctrl,25,46,26.533333333333335,1.4340097904205322,-0.038068212284583215
UBFC_PHYS_s14_T1_ctrl,25,47,26.566666666666666,1.1268832683563232,-0.3554886761488777
UBFC_PHYS_s14_T1_ctrl,25,48,26.6,0.8029429912567139,-0.6347367357239131
UBFC_PHYS_s14_T1_ctrl,25,49,26.633333333333333,0.5591851472854614,-0.8667028229289582
UBFC_PHYS_s14_T1_ctrl,25,50,26.666666666666668,0.3907936215400696,-1.0347870147057492
UBFC_PHYS_s14_T1_ctrl,25,51,26.7,0.13774169981479645,-1.1132001853012006
UBFC_PHYS_s14_T1_ctrl,25,52,26.733333333333334,-0.2469761073589325,-1.0729919794952918
UBFC_PHYS_s14_T1_ctrl,25,53,26.766666666666666,-0.6402838826179504,-0.8945183879119403
UBFC_PHYS_s14_T1_ctrl,25,54,26.8,-1.0012876987457275,-0.5815294289436338
UBFC_PHYS_s14_T1_ctrl,25,55,26.833333333333332,-1.4109869003295898,-0.16975111589767178
UBFC_PHYS_s14_T1_ctrl,25,56,26.866666666666667,-1.8724229335784912,0.27620270207971814
UBFC_PHYS_s14_T1_ctrl,25,57,26.9,-2.2511699199676514,0.6786750569246224
UBFC_PHYS_s14_T1_ctrl,25,58,26.933333333333334,-2.3765552043914795,0.9693937165442088
UBFC_PHYS_s14_T1_ctrl,25,59,26.966666666666665,-2.1622848510742188,1.1081518728693054
UBFC_PHYS_s14_T1_ctrl,25,60,27.0,-1.6923434734344482,1.0899425799728852
UBFC_PHYS_s14_T1_ctrl,25,61,27.033333333333335,-1.1986035108566284,0.9393537870073819
UBFC_PHYS_s14_T1_ctrl,25,62,27.066666666666666,-0.8230107426643372,0.6968037665934126
UBFC_PHYS_s14_T1_ctrl,25,63,27.1,-0.5326135754585266,0.4035976255750342
UBFC_PHYS_s14_T1_ctrl,25,64,27.133333333333333,-0.31994855403900146,0.09169374623842177
UBFC_PHYS_s14_T1_ctrl,25,65,27.166666666666668,-0.2504965662956238,-0.21908218611020416
UBFC_PHYS_s14_T1_ctrl,25,66,27.2,-0.27432316541671753,-0.5169980738663317
UBFC_PHYS_s14_T1_ctrl,25,67,27.233333333333334,-0.24193477630615234,-0.7905930900427768
UBFC_PHYS_s14_T1_ctrl,25,68,27.266666666666666,-0.15778127312660217,-1.0211828237911533
UBFC_PHYS_s14_T1_ctrl,25,69,27.3,-0.16338588297367096,-1.1795965838978337
UBFC_PHYS_s14_T1_ctrl,25,70,27.333333333333332,-0.24204742908477783,-1.2297279757617186
UBFC_PHYS_s14_T1_ctrl,25,71,27.366666666666667,-0.25452399253845215,-1.1389793714461567
UBFC_PHYS_s14_T1_ctrl,25,72,27.4,-0.19904127717018127,-0.8923994159823904
UBFC_PHYS_s14_T1_ctrl,25,73,27.433333333333334,-0.1964220404624939,-0.5046640263447677
UBFC_PHYS_s14_T1_ctrl,25,74,27.466666666666665,-0.31885018944740295,-0.023698599882859904
UBFC_PHYS_s14_T1_ctrl,25,75,27.5,-0.5829704999923706,0.47738696483817405
UBFC_PHYS_s14_T1_ctrl,25,76,27.533333333333335,-0.8885197639465332,0.9180728261817067
UBFC_PHYS_s14_T1_ctrl,25,77,27.566666666666666,-0.945805013179779,1.23115657979427
UBFC_PHYS_s14_T1_ctrl,25,78,27.6,-0.5611717104911804,1.3783228655545503
UBFC_PHYS_s14_T1_ctrl,25,79,27.633333333333333,0.08501902222633362,1.3550960300165993
UBFC_PHYS_s14_T1_ctrl,25,80,27.666666666666668,0.601036548614502,1.18481308915927
UBFC_PHYS_s14_T1_ctrl,25,81,27.7,0.7047638893127441,0.9059555119988183
UBFC_PHYS_s14_T1_ctrl,25,82,27.733333333333334,0.37764114141464233,0.5591264819151186
UBFC_PHYS_s14_T1_ctrl,25,83,27.766666666666666,-0.10328428447246552,0.17882322587596783
UBFC_PHYS_s14_T1_ctrl,25,84,27.8,-0.34622541069984436,-0.20791854238650015
UBFC_PHYS_s14_T1_ctrl,25,85,27.833333333333332,-0.21627753973007202,-0.5772901396922617
UBFC_PHYS_s14_T1_ctrl,25,86,27.866666666666667,0.11292937397956848,-0.9024402389583491
UBFC_PHYS_s14_T1_ctrl,25,87,27.9,0.3986513316631317,-1.1494026820470022
UBFC_PHYS_s14_T1_ctrl,25,88,27.933333333333334,0.5046881437301636,-1.278613132733364
UBFC_PHYS_s14_T1_ctrl,25,89,27.966666666666665,0.39991870522499084,-1.253295042899351
UBFC_PHYS_s14_T1_ctrl,25,90,28.0,0.12633535265922546,-1.0530192488974797
UBFC_PHYS_s14_T1_ctrl,25,91,28.033333333333335,-0.2214878499507904,-0.6875028075432463
UBFC_PHYS_s14_T1_ctrl,25,92,28.066666666666666,-0.5984042882919312,-0.20357647868614656
UBFC_PHYS_s14_T1_ctrl,25,93,28.1,-1.070148229598999,0.3204785934900715
UBFC_PHYS_s14_T1_ctrl,25,94,28.133333333333333,-1.6131749153137207,0.7935481140480749
UBFC_PHYS_s14_T1_ctrl,25,95,28.166666666666668,-1.9766571521759033,1.136638211734184
UBFC_PHYS_s14_T1_ctrl,25,96,28.2,-1.9136265516281128,1.3034276578143653
UBFC_PHYS_s14_T1_ctrl,25,97,28.233333333333334,-1.4386155605316162,1.2875475771201483
UBFC_PHYS_s14_T1_ctrl,25,98,28.266666666666666,-0.7747379541397095,1.1151240383490966
UBFC_PHYS_s14_T1_ctrl,25,99,28.3,-0.17327138781547546,0.8287583892716714
UBFC_PHYS_s14_T1_ctrl,25,100,28.333333333333332,0.21744531393051147,0.4718233572042466
UBFC_PHYS_s14_T1_ctrl,25,101,28.366666666666667,0.3637000322341919,0.07958081203201658
UBFC_PHYS_s14_T1_ctrl,25,102,28.4,0.3153427541255951,-0.32102606199153266
UBFC_PHYS_s14_T1_ctrl,25,103,28.433333333333334,0.16441284120082855,-0.7053484044276145
UBFC_PHYS_s14_T1_ctrl,25,104,28.466666666666665,0.011483287438750267,-1.043561024755523
UBFC_PHYS_s14_T1_ctrl,25,105,28.5,-0.05954587087035179,-1.2967399669619384
UBFC_PHYS_s14_T1_ctrl,25,106,28.533333333333335,-0.031015919521450996,-1.420042842686756
UBFC_PHYS_s14_T1_ctrl,25,107,28.566666666666666,0.022974126040935516,-1.3737606480024616
UBFC_PHYS_s14_T1_ctrl,25,108,28.6,0.07319021970033646,-1.13931055387416
UBFC_PHYS_s14_T1_ctrl,25,109,28.633333333333333,0.16669410467147827,-0.7335869571934266
UBFC_PHYS_s14_T1_ctrl,25,110,28.666666666666668,0.2906712591648102,-0.2134060245432369
UBFC_PHYS_s14_T1_ctrl,25,111,28.7,0.3368035852909088,0.33514265881339383
UBFC_PHYS_s14_T1_ctrl,25,112,28.733333333333334,0.21876901388168335,0.819729213193592
UBFC_PHYS_s14_T1_ctrl,25,113,28.766666666666666,-0.04580192640423775,1.1671419466402442
UBFC_PHYS_s14_T1_ctrl,25,114,28.8,-0.29485461115837097,1.3396933138349922
UBFC_PHYS_s14_T1_ctrl,25,115,28.833333333333332,-0.30457112193107605,1.3367522885847787
UBFC_PHYS_s14_T1_ctrl,25,116,28.866666666666667,-0.02532682754099369,1.1837255019211852
UBFC_PHYS_s14_T1_ctrl,25,117,28.9,0.3537863790988922,0.9165937759692901
UBFC_PHYS_s14_T1_ctrl,25,118,28.933333333333334,0.6129780411720276,0.5701516352850091
UBFC_PHYS_s14_T1_ctrl,25,119,28.966666666666665,0.6506612300872803,0.17406008244505977
UBFC_PHYS_s14_T1_ctrl,25,120,29.0,0.47655245661735535,-0.2437510915339376
UBFC_PHYS_s14_T1_ctrl,25,121,29.033333333333335,0.21798042953014374,-0.650097727519365
UBFC_PHYS_s14_T1_ctrl,25,122,29.066666666666666,0.0652480199933052,-1.0012429737556146
UBFC_PHYS_s14_T1_ctrl,25,123,29.1,0.06828971207141876,-1.2440176743394178
UBFC_PHYS_s14_T1_ctrl,25,124,29.133333333333333,0.11537962406873703,-1.3255860431746858
UBFC_PHYS_s14_T1_ctrl,25,125,29.166666666666668,0.10295937955379486,-1.210115196240768
UBFC_PHYS_s14_T1_ctrl,25,126,29.2,0.0096526388078928,-0.8963608848665262
UBFC_PHYS_s14_T1_ctrl,25,127,29.233333333333334,-0.14271363615989685,-0.427578472192772
UBFC_PHYS_s14_T1_ctrl,25,128,29.266666666666666,-0.29896652698516846,0.11369148260398029
UBFC_PHYS_s14_T1_ctrl,25,129,29.3,-0.4280976355075836,0.6270999189292273
UBFC_PHYS_s14_T1_ctrl,25,130,29.333333333333332,-0.6018402576446533,1.0239470353279194
UBFC_PHYS_s14_T1_ctrl,25,131,29.366666666666667,-0.8253765106201172,1.2509248740104257
UBFC_PHYS_s14_T1_ctrl,25,132,29.4,-0.8945749998092651,1.2980784046064613
UBFC_PHYS_s14_T1_ctrl,25,133,29.433333333333334,-0.62397700548172,1.1901078085161383
UBFC_PHYS_s14_T1_ctrl,25,134,29.466666666666665,-0.09542658179998398,0.9680774280714148
UBFC_PHYS_s14_T1_ctrl,25,135,29.5,0.4609215557575226,0.6715146607538938
UBFC_PHYS_s14_T1_ctrl,25,136,29.533333333333335,0.8665650486946106,0.3285168736805269
UBFC_PHYS_s14_T1_ctrl,25,137,29.566666666666666,0.9932740926742554,-0.04372474727983579
UBFC_PHYS_s14_T1_ctrl,25,138,29.6,0.8141803741455078,-0.43052356442861067
UBFC_PHYS_s14_T1_ctrl,25,139,29.633333333333333,0.5205725431442261,-0.8089282451916779
UBFC_PHYS_s14_T1_ctrl,25,140,29.666666666666668,0.334606796503067,-1.1406699010200148
UBFC_PHYS_s14_T1_ctrl,25,141,29.7,0.22924596071243286,-1.3733955485276317
UBFC_PHYS_s14_T1_ctrl,25,142,29.733333333333334,0.04742032289505005,-1.4517299678252862
UBFC_PHYS_s14_T1_ctrl,25,143,29.766666666666666,-0.2223890870809555,-1.335641818085362
UBFC_PHYS_s14_T1_ctrl,25,144,29.8,-0.4953528344631195,-1.0194603526270676
UBFC_PHYS_s14_T1_ctrl,25,145,29.833333333333332,-0.8067320585250854,-0.5426165830324758
UBFC_PHYS_s14_T1_ctrl,25,146,29.866666666666667,-1.2434121370315552,0.015189141119247216
UBFC_PHYS_s14_T1_ctrl,25,147,29.9,-1.7040032148361206,0.5551066646298889
UBFC_PHYS_s14_T1_ctrl,25,148,29.933333333333334,-1.9357914924621582,0.9880523097386339
UBFC_PHYS_s14_T1_ctrl,25,149,29.966666666666665,-1.8187426328659058,1.2579880774606729
UBFC_PHYS_s14_T1_ctrl,25,150,30.0,-1.5271625518798828,1.3500457918847175
UBFC_PHYS_s14_T1_ctrl,25,151,30.033333333333335,-1.4051569700241089,1.2829764263779408
UBFC_PHYS_s14_T1_ctrl,25,152,30.066666666666666,-1.351786494255066,1.0927239739454169
UBFC_PHYS_s14_T1_ctrl,25,153,30.1,-0.5940389037132263,0.8162207500323102
UBFC_PHYS_s14_T1_ctrl,25,154,30.133333333333333,1.161975383758545,0.4820179061679349
UBFC_PHYS_s14_T1_ctrl,25,155,30.166666666666668,2.874842643737793,0.10973766737432902
UBFC_PHYS_s14_T1_ctrl,25,156,30.2,3.457833766937256,-0.2836127160803948
UBFC_PHYS_s14_T1_ctrl,25,157,30.233333333333334,3.105814218521118,-0.6747324313159924
UBFC_PHYS_s14_T1_ctrl,25,158,30.266666666666666,2.5385665893554688,-1.02755270869504
UBFC_PHYS_s14_T1_ctrl,25,159,30.3,1.9886116981506348,-1.2933927054308723
UBFC_PHYS_s14_T1_ctrl,25,160,30.333333333333332,1.5031237602233887,-1.4195468623090441
UBFC_PHYS_s14_T1_ctrl,25,161,30.366666666666667,1.1551597118377686,-1.364626589497998
UBFC_PHYS_s14_T1_ctrl,25,162,30.4,0.7279990911483765,-1.1154308717361219
UBFC_PHYS_s14_T1_ctrl,25,163,30.433333333333334,-0.05380045250058174,-0.6979726035267148
UBFC_PHYS_s14_T1_ctrl,25,164,30.466666666666665,-1.0352532863616943,-0.17612010019539373
UBFC_PHYS_s14_T1_ctrl,25,165,30.5,-1.8587915897369385,0.36375980668166913
UBFC_PHYS_s14_T1_ctrl,25,166,30.533333333333335,-2.383202075958252,0.8362918092758765
UBFC_PHYS_s14_T1_ctrl,25,167,30.566666666666666,-2.466144323348999,1.178251920284497
UBFC_PHYS_s14_T1_ctrl,25,168,30.6,-1.8500889539718628,1.3591392136290463
UBFC_PHYS_s14_T1_ctrl,25,169,30.633333333333333,-0.6873737573623657,1.3793985220758147
UBFC_PHYS_s14_T1_ctrl,25,170,30.666666666666668,0.4250126779079437,1.2603001771529025
UBFC_PHYS_s14_T1_ctrl,25,171,30.7,1.103563666343689,1.0317643634044105
UBFC_PHYS_s14_T1_ctrl,25,172,30.733333333333334,1.368585228919983,0.723158920451676
UBFC_PHYS_s14_T1_ctrl,25,173,30.766666666666666,1.3051884174346924,0.3593268522388749
UBFC_PHYS_s14_T1_ctrl,25,174,30.8,1.0392656326293945,-0.0381541009376294
UBFC_PHYS_s14_T1_ctrl,25,175,30.833333333333332,0.7936770915985107,-0.4460725499440023
UBFC_PHYS_s14_T1_ctrl,25,176,30.866666666666667,0.6381283402442932,-0.834003872029228
UBFC_PHYS_s14_T1_ctrl,25,177,30.9,0.4532328248023987,-1.161587096670322
UBFC_PHYS_s14_T1_ctrl,25,178,30.933333333333334,0.22986556589603424,-1.3813244258915618
UBFC_PHYS_s14_T1_ctrl,25,179,30.966666666666665,0.12867294251918793,-1.4475165177092466
UBFC_PHYS_s14_T1_ctrl,25,180,31.0,0.2458907663822174,-1.3294511935865032
UBFC_PHYS_s14_T1_ctrl,25,181,31.033333333333335,0.4782141447067261,-1.0246622954780964
UBFC_PHYS_s14_T1_ctrl,25,182,31.066666666666666,0.5697747468948364,-0.5667627425923093
UBFC_PHYS_s14_T1_ctrl,25,183,31.1,0.3302132487297058,-0.023127770036080107
UBFC_PHYS_s14_T1_ctrl,25,184,31.133333333333333,-0.12815293669700623,0.5189138253205231
UBFC_PHYS_s14_T1_ctrl,25,185,31.166666666666668,-0.42187342047691345,0.9735885457189939
UBFC_PHYS_s14_T1_ctrl,25,186,31.2,-0.2592836916446686,1.277632133429437
UBFC_PHYS_s14_T1_ctrl,25,187,31.233333333333334,0.27450522780418396,1.4021676188021561
UBFC_PHYS_s14_T1_ctrl,25,188,31.266666666666666,0.8348244428634644,1.3520631784697223
UBFC_PHYS_s14_T1_ctrl,25,189,31.3,1.177493691444397,1.1558143149520401
UBFC_PHYS_s14_T1_ctrl,25,190,31.333333333333332,1.29316246509552,0.8522822387687956
UBFC_PHYS_s14_T1_ctrl,25,191,31.366666666666667,1.2274280786514282,0.480000928413691
UBFC_PHYS_s14_T1_ctrl,25,192,31.4,1.0358015298843384,0.07202375001682981
UBFC_PHYS_s14_T1_ctrl,25,193,31.433333333333334,0.8318672180175781,-0.34361585634843256
UBFC_PHYS_s14_T1_ctrl,25,194,31.466666666666665,0.7314913868904114,-0.7396545491999336
UBFC_PHYS_s14_T1_ctrl,25,195,31.5,0.7955077290534973,-1.0844864948864443
UBFC_PHYS_s14_T1_ctrl,25,196,31.533333333333335,1.0155235528945923,-1.3397623441069675
UBFC_PHYS_s14_T1_ctrl,25,197,31.566666666666666,1.2590560913085938,-1.4637653656133738
UBFC_PHYS_s14_T1_ctrl,25,198,31.6,1.388975739479065,-1.4213212246773783
UBFC_PHYS_s14_T1_ctrl,25,199,31.633333333333333,1.3414915800094604,-1.197514081240721
UBFC_PHYS_s14_T1_ctrl,25,200,31.666666666666668,1.0540516376495361,-0.8094182837839227
UBFC_PHYS_s14_T1_ctrl,25,201,31.7,0.5264869332313538,-0.30928569083787216
UBFC_PHYS_s14_T1_ctrl,25,202,31.733333333333334,-0.12956112623214722,0.22466476283578204
UBFC_PHYS_s14_T1_ctrl,25,203,31.766666666666666,-0.8765501976013184,0.7079043584756877
UBFC_PHYS_s14_T1_ctrl,25,204,31.8,-1.6659821271896362,1.0715661749062055
UBFC_PHYS_s14_T1_ctrl,25,205,31.833333333333332,-2.1622567176818848,1.2769781854944544
UBFC_PHYS_s14_T1_ctrl,25,206,31.866666666666667,-2.0488975048065186,1.3180661011842554
UBFC_PHYS_s14_T1_ctrl,25,207,31.9,-1.424167513847351,1.213924076561903
UBFC_PHYS_s14_T1_ctrl,25,208,31.933333333333334,-0.6663635969161987,0.9971845701835641
UBFC_PHYS_s14_T1_ctrl,25,209,31.966666666666665,-0.25959348678588867,0.7033340763880986
UBFC_PHYS_s14_T1_ctrl,25,210,32.0,-0.6362001299858093,0.3642222859659105
UBFC_PHYS_s14_T1_ctrl,25,211,32.03333333333333,-1.6217085123062134,0.006864534366039934
UBFC_PHYS_s14_T1_ctrl,25,212,32.06666666666667,-2.405028820037842,-0.3434480549774754
UBFC_PHYS_s14_T1_ctrl,25,213,32.1,-2.6193838119506836,-0.65840697342007
UBFC_PHYS_s14_T1_ctrl,25,214,32.13333333333333,-2.563309669494629,-0.903852232538699
UBFC_PHYS_s14_T1_ctrl,25,215,32.166666666666664,-2.594289779663086,-1.041904106841183
UBFC_PHYS_s14_T1_ctrl,25,216,32.2,-3.005425214767456,-1.0390846101951656
UBFC_PHYS_s14_T1_ctrl,25,217,32.233333333333334,-4.0586957931518555,-0.878337542484355
UBFC_PHYS_s14_T1_ctrl,25,218,32.266666666666666,-5.458156108856201,-0.5699232330803903
UBFC_PHYS_s14_T1_ctrl,25,219,32.3,-6.4274983406066895,-0.15526852541517877
UBFC_PHYS_s14_T1_ctrl,25,220,32.333333333333336,-6.664525508880615,0.29980924287050353
UBFC_PHYS_s14_T1_ctrl,25,221,32.36666666666667,-6.327939510345459,0.7211099011976547
UBFC_PHYS_s14_T1_ctrl,25,222,32.4,-5.446637153625488,1.044770679447223
UBFC_PHYS_s14_T1_ctrl,25,223,32.43333333333333,-3.864534378051758,1.2306695938694618
UBFC_PHYS_s14_T1_ctrl,25,224,32.46666666666667,-1.642549753189087,1.266153845002639
UBFC_PHYS_s14_T1_ctrl,25,225,32.5,0.5986426472663879,1.1612476096487427
UBFC_PHYS_s14_T1_ctrl,25,226,32.53333333333333,1.955040454864502,0.9396586818451957
UBFC_PHYS_s14_T1_ctrl,25,227,32.56666666666667,2.3713016510009766,0.6299811837241212
UBFC_PHYS_s14_T1_ctrl,25,228,32.6,2.685750722885132,0.25988576844635125
UBFC_PHYS_s14_T1_ctrl,25,229,32.63333333333333,3.604651689529419,-0.14575790097269353
UBFC_PHYS_s14_T1_ctrl,25,230,32.666666666666664,4.9624857902526855,-0.5632107881914752
UBFC_PHYS_s14_T1_ctrl,25,231,32.7,5.974496364593506,-0.9660905395521864
UBFC_PHYS_s14_T1_ctrl,25,232,32.733333333333334,6.069915771484375,-1.3219905094900277
UBFC_PHYS_s14_T1_ctrl,25,233,32.766666666666666,5.4076433181762695,-1.5923361381113805
UBFC_PHYS_s14_T1_ctrl,25,234,32.8,4.466493129730225,-1.7371987617787747
UBFC_PHYS_s14_T1_ctrl,25,235,32.833333333333336,3.3879876136779785,-1.7243599199926944
UBFC_PHYS_s14_T1_ctrl,25,236,32.86666666666667,2.176492691040039,-1.5393218663848611
UBFC_PHYS_s14_T1_ctrl,25,237,32.9,1.0275212526321411,-1.191943853213967
UBFC_PHYS_s14_T1_ctrl,25,238,32.93333333333333,0.10687415301799774,-0.7169207707795304
UBFC_PHYS_s14_T1_ctrl,25,239,32.96666666666667,-0.6712077260017395,-0.16843816393741723
UBFC_PHYS_s14_T1_ctrl,26,0,26.0,0.7984649538993835,0.07925653730765608
UBFC_PHYS_s14_T1_ctrl,26,1,26.033333333333335,0.8018727898597717,-0.0960474258618249
UBFC_PHYS_s14_T1_ctrl,26,2,26.066666666666666,0.6028671860694885,-0.21627605187743534
UBFC_PHYS_s14_T1_ctrl,26,3,26.1,0.12219526618719101,-0.23522898820815846
UBFC_PHYS_s14_T1_ctrl,26,4,26.133333333333333,-0.2962346374988556,-0.1251563534725291
UBFC_PHYS_s14_T1_ctrl,26,5,26.166666666666668,-0.3532945215702057,0.11557424563714881
UBFC_PHYS_s14_T1_ctrl,26,6,26.2,-0.13322243094444275,0.4586941412358155
UBFC_PHYS_s14_T1_ctrl,26,7,26.233333333333334,0.14841578900814056,0.8491190791514668
UBFC_PHYS_s14_T1_ctrl,26,8,26.266666666666666,0.40701600909233093,1.216033664181794
UBFC_PHYS_s14_T1_ctrl,26,9,26.3,0.60295170545578,1.4896334074620172
UBFC_PHYS_s14_T1_ctrl,26,10,26.333333333333332,0.7477700710296631,1.6180410993076553
UBFC_PHYS_s14_T1_ctrl,26,11,26.366666666666667,0.9907675385475159,1.5783822967666927
UBFC_PHYS_s14_T1_ctrl,26,12,26.4,1.4139007329940796,1.378814593925158
UBFC_PHYS_s14_T1_ctrl,26,13,26.433333333333334,1.8103629350662231,1.0522796993487482
UBFC_PHYS_s14_T1_ctrl,26,14,26.466666666666665,1.9057255983352661,0.6453115849664947
UBFC_PHYS_s14_T1_ctrl,26,15,26.5,1.7143523693084717,0.20600178000470762
UBFC_PHYS_s14_T1_ctrl,26,16,26.533333333333335,1.4340097904205322,-0.22514370937570305
UBFC_PHYS_s14_T1_ctrl,26,17,26.566666666666666,1.1268832683563232,-0.6190073502979968
UBFC_PHYS_s14_T1_ctrl,26,18,26.6,0.8029429912567139,-0.9559628363289765
UBFC_PHYS_s14_T1_ctrl,26,19,26.633333333333333,0.5591851472854614,-1.2202751753239087
UBFC_PHYS_s14_T1_ctrl,26,20,26.666666666666668,0.3907936215400696,-1.394538500938708
UBFC_PHYS_s14_T1_ctrl,26,21,26.7,0.13774169981479645,-1.4580063213419885
UBFC_PHYS_s14_T1_ctrl,26,22,26.733333333333334,-0.2469761073589325,-1.3907697284730665
UBFC_PHYS_s14_T1_ctrl,26,23,26.766666666666666,-0.6402838826179504,-1.1826794807536782
UBFC_PHYS_s14_T1_ctrl,26,24,26.8,-1.0012876987457275,-0.8431696478812358
UBFC_PHYS_s14_T1_ctrl,26,25,26.833333333333332,-1.4109869003295898,-0.40701924986367427
UBFC_PHYS_s14_T1_ctrl,26,26,26.866666666666667,-1.8724229335784912,0.06777003098125725
UBFC_PHYS_s14_T1_ctrl,26,27,26.9,-2.2511699199676514,0.5107049357774417
UBFC_PHYS_s14_T1_ctrl,26,28,26.933333333333334,-2.3765552043914795,0.8550428677009702
UBFC_PHYS_s14_T1_ctrl,26,29,26.966666666666665,-2.1622848510742188,1.0537504415780872
UBFC_PHYS_s14_T1_ctrl,26,30,27.0,-1.6923434734344482,1.0892757382439284
UBFC_PHYS_s14_T1_ctrl,26,31,27.033333333333335,-1.1986035108566284,0.9738560334346555
UBFC_PHYS_s14_T1_ctrl,26,32,27.066666666666666,-0.8230107426643372,0.7412294002946515
UBFC_PHYS_s14_T1_ctrl,26,33,27.1,-0.5326135754585266,0.4341001100688893
UBFC_PHYS_s14_T1_ctrl,26,34,27.133333333333333,-0.31994855403900146,0.092778872364251
UBFC_PHYS_s14_T1_ctrl,26,35,27.166666666666668,-0.2504965662956238,-0.2509666668922023
UBFC_PHYS_s14_T1_ctrl,26,36,27.2,-0.27432316541671753,-0.5736161823288856
UBFC_PHYS_s14_T1_ctrl,26,37,27.233333333333334,-0.24193477630615234,-0.854914441403199
UBFC_PHYS_s14_T1_ctrl,26,38,27.266666666666666,-0.15778127312660217,-1.0720238433164564
UBFC_PHYS_s14_T1_ctrl,26,39,27.3,-0.16338588297367096,-1.1969345614450198
UBFC_PHYS_s14_T1_ctrl,26,40,27.333333333333332,-0.24204742908477783,-1.199642028784759
UBFC_PHYS_s14_T1_ctrl,26,41,27.366666666666667,-0.25452399253845215,-1.056816216789402
UBFC_PHYS_s14_T1_ctrl,26,42,27.4,-0.19904127717018127,-0.7629299339974386
UBFC_PHYS_s14_T1_ctrl,26,43,27.433333333333334,-0.1964220404624939,-0.3391921645359695
UBFC_PHYS_s14_T1_ctrl,26,44,27.466666666666665,-0.31885018944740295,0.16416716159419462
UBFC_PHYS_s14_T1_ctrl,26,45,27.5,-0.5829704999923706,0.6746676461684379
UBFC_PHYS_s14_T1_ctrl,26,46,27.533333333333335,-0.8885197639465332,1.1125127790693436
UBFC_PHYS_s14_T1_ctrl,26,47,27.566666666666666,-0.945805013179779,1.4093051155472927
UBFC_PHYS_s14_T1_ctrl,26,48,27.6,-0.5611717104911804,1.5239537593678412
UBFC_PHYS_s14_T1_ctrl,26,49,27.633333333333333,0.08501902222633362,1.4499189580977165
UBFC_PHYS_s14_T1_ctrl,26,50,27.666666666666668,0.601036548614502,1.2118498653190444
UBFC_PHYS_s14_T1_ctrl,26,51,27.7,0.7047638893127441,0.8544138369705387
UBFC_PHYS_s14_T1_ctrl,26,52,27.733333333333334,0.37764114141464233,0.42888716367502877
UBFC_PHYS_s14_T1_ctrl,26,53,27.766666666666666,-0.10328428447246552,-0.01710288544621321
UBFC_PHYS_s14_T1_ctrl,26,54,27.8,-0.34622541069984436,-0.44379667064487965
UBFC_PHYS_s14_T1_ctrl,26,55,27.833333333333332,-0.21627753973007202,-0.8179110193985154
UBFC_PHYS_s14_T1_ctrl,26,56,27.866666666666667,0.11292937397956848,-1.1086478308639767
UBFC_PHYS_s14_T1_ctrl,26,57,27.9,0.3986513316631317,-1.285108235102151
UBFC_PHYS_s14_T1_ctrl,26,58,27.933333333333334,0.5046881437301636,-1.3183199963358423
UBFC_PHYS_s14_T1_ctrl,26,59,27.966666666666665,0.39991870522499084,-1.1886843038792643
UBFC_PHYS_s14_T1_ctrl,26,60,28.0,0.12633535265922546,-0.8964358611400378
UBFC_PHYS_s14_T1_ctrl,26,61,28.033333333333335,-0.2214878499507904,-0.47014139196863586
UBFC_PHYS_s14_T1_ctrl,26,62,28.066666666666666,-0.5984042882919312,0.03218260969931006
UBFC_PHYS_s14_T1_ctrl,26,63,28.1,-1.070148229598999,0.5322909051944144
UBFC_PHYS_s14_T1_ctrl,26,64,28.133333333333333,-1.6131749153137207,0.9495163682333322
UBFC_PHYS_s14_T1_ctrl,26,65,28.166666666666668,-1.9766571521759033,1.2208397482372957
UBFC_PHYS_s14_T1_ctrl,26,66,28.2,-1.9136265516281128,1.3151706442963647
UBFC_PHYS_s14_T1_ctrl,26,67,28.233333333333334,-1.4386155605316162,1.2362954301248008
UBFC_PHYS_s14_T1_ctrl,26,68,28.266666666666666,-0.7747379541397095,1.0146766179646638
UBFC_PHYS_s14_T1_ctrl,26,69,28.3,-0.17327138781547546,0.6935103213843921
UBFC_PHYS_s14_T1_ctrl,26,70,28.333333333333332,0.21744531393051147,0.31589931751118455
UBFC_PHYS_s14_T1_ctrl,26,71,28.366666666666667,0.3637000322341919,-0.08214054931423084
UBFC_PHYS_s14_T1_ctrl,26,72,28.4,0.3153427541255951,-0.47175960360844255
UBFC_PHYS_s14_T1_ctrl,26,73,28.433333333333334,0.16441284120082855,-0.8266299502668749
UBFC_PHYS_s14_T1_ctrl,26,74,28.466666666666665,0.011483287438750267,-1.117547615351029
UBFC_PHYS_s14_T1_ctrl,26,75,28.5,-0.05954587087035179,-1.3102899924807603
UBFC_PHYS_s14_T1_ctrl,26,76,28.533333333333335,-0.031015919521450996,-1.3693045502305548
UBFC_PHYS_s14_T1_ctrl,26,77,28.566666666666666,0.022974126040935516,-1.26724807340037
UBFC_PHYS_s14_T1_ctrl,26,78,28.6,0.07319021970033646,-0.9973575701635319
UBFC_PHYS_s14_T1_ctrl,26,79,28.633333333333333,0.16669410467147827,-0.5832380765902898
UBFC_PHYS_s14_T1_ctrl,26,80,28.666666666666668,0.2906712591648102,-0.08027512489339116
UBFC_PHYS_s14_T1_ctrl,26,81,28.7,0.3368035852909088,0.4342945860491999
UBFC_PHYS_s14_T1_ctrl,26,82,28.733333333333334,0.21876901388168335,0.8801313044450098
UBFC_PHYS_s14_T1_ctrl,26,83,28.766666666666666,-0.04580192640423775,1.1939220207397967
UBFC_PHYS_s14_T1_ctrl,26,84,28.8,-0.29485461115837097,1.342474645846368
UBFC_PHYS_s14_T1_ctrl,26,85,28.833333333333332,-0.30457112193107605,1.3240745362969453
UBFC_PHYS_s14_T1_ctrl,26,86,28.866666666666667,-0.02532682754099369,1.1597492127917233
UBFC_PHYS_s14_T1_ctrl,26,87,28.9,0.3537863790988922,0.8809252959060295
UBFC_PHYS_s14_T1_ctrl,26,88,28.933333333333334,0.6129780411720276,0.520249907458651
UBFC_PHYS_s14_T1_ctrl,26,89,28.966666666666665,0.6506612300872803,0.10890766361339961
UBFC_PHYS_s14_T1_ctrl,26,90,29.0,0.47655245661735535,-0.3205552832807169
UBFC_PHYS_s14_T1_ctrl,26,91,29.033333333333335,0.21798042953014374,-0.7296974230715937
UBFC_PHYS_s14_T1_ctrl,26,92,29.066666666666666,0.0652480199933052,-1.0720768734651607
UBFC_PHYS_s14_T1_ctrl,26,93,29.1,0.06828971207141876,-1.2964349482561086
UBFC_PHYS_s14_T1_ctrl,26,94,29.133333333333333,0.11537962406873703,-1.3561955293520986
UBFC_PHYS_s14_T1_ctrl,26,95,29.166666666666668,0.10295937955379486,-1.2236898989668705
UBFC_PHYS_s14_T1_ctrl,26,96,29.2,0.0096526388078928,-0.9041815062304481
UBFC_PHYS_s14_T1_ctrl,26,97,29.233333333333334,-0.14271363615989685,-0.4425998194097991
UBFC_PHYS_s14_T1_ctrl,26,98,29.266666666666666,-0.29896652698516846,0.08284000795871636
UBFC_PHYS_s14_T1_ctrl,26,99,29.3,-0.4280976355075836,0.5804041624252224
UBFC_PHYS_s14_T1_ctrl,26,100,29.333333333333332,-0.6018402576446533,0.9705770356032345
UBFC_PHYS_s14_T1_ctrl,26,101,29.366666666666667,-0.8253765106201172,1.2061241122950346
UBFC_PHYS_s14_T1_ctrl,26,102,29.4,-0.8945749998092651,1.2779549693118857
UBFC_PHYS_s14_T1_ctrl,26,103,29.433333333333334,-0.62397700548172,1.206229905955876
UBFC_PHYS_s14_T1_ctrl,26,104,29.466666666666665,-0.09542658179998398,1.023521505834207
UBFC_PHYS_s14_T1_ctrl,26,105,29.5,0.4609215557575226,0.7596391109115124
UBFC_PHYS_s14_T1_ctrl,26,106,29.533333333333335,0.8665650486946106,0.43501649163659273
UBFC_PHYS_s14_T1_ctrl,26,107,29.566666666666666,0.9932740926742554,0.06389786218884984
UBFC_PHYS_s14_T1_ctrl,26,108,29.6,0.8141803741455078,-0.33644644791370026
UBFC_PHYS_s14_T1_ctrl,26,109,29.633333333333333,0.5205725431442261,-0.7365348190654329
UBFC_PHYS_s14_T1_ctrl,26,110,29.666666666666668,0.334606796503067,-1.090911930926221
UBFC_PHYS_s14_T1_ctrl,26,111,29.7,0.22924596071243286,-1.34270687688243
UBFC_PHYS_s14_T1_ctrl,26,112,29.733333333333334,0.04742032289505005,-1.436375802355914
UBFC_PHYS_s14_T1_ctrl,26,113,29.766666666666666,-0.2223890870809555,-1.3352667410538774
UBFC_PHYS_s14_T1_ctrl,26,114,29.8,-0.4953528344631195,-1.0376909366059928
UBFC_PHYS_s14_T1_ctrl,26,115,29.833333333333332,-0.8067320585250854,-0.5841026406353153
UBFC_PHYS_s14_T1_ctrl,26,116,29.866666666666667,-1.2434121370315552,-0.050321875630536264
UBFC_PHYS_s14_T1_ctrl,26,117,29.9,-1.7040032148361206,0.4724106392601147
UBFC_PHYS_s14_T1_ctrl,26,118,29.933333333333334,-1.9357914924621582,0.9027342703116068
UBFC_PHYS_s14_T1_ctrl,26,119,29.966666666666665,-1.8187426328659058,1.188743047053431
UBFC_PHYS_s14_T1_ctrl,26,120,30.0,-1.5271625518798828,1.3142329423094363
UBFC_PHYS_s14_T1_ctrl,26,121,30.033333333333335,-1.4051569700241089,1.2914294007621039
UBFC_PHYS_s14_T1_ctrl,26,122,30.066666666666666,-1.351786494255066,1.146297781806792
UBFC_PHYS_s14_T1_ctrl,26,123,30.1,-0.5940389037132263,0.904796608348933
UBFC_PHYS_s14_T1_ctrl,26,124,30.133333333333333,1.161975383758545,0.5863270183657605
UBFC_PHYS_s14_T1_ctrl,26,125,30.166666666666668,2.874842643737793,0.20598107859585554
UBFC_PHYS_s14_T1_ctrl,26,126,30.2,3.457833766937256,-0.21736684253367325
UBFC_PHYS_s14_T1_ctrl,26,127,30.233333333333334,3.105814218521118,-0.6525640852747062
UBFC_PHYS_s14_T1_ctrl,26,128,30.266666666666666,2.5385665893554688,-1.0524466228882214
UBFC_PHYS_s14_T1_ctrl,26,129,30.3,1.9886116981506348,-1.3578270770609013
UBFC_PHYS_s14_T1_ctrl,26,130,30.333333333333332,1.5031237602233887,-1.5092714237074596
UBFC_PHYS_s14_T1_ctrl,26,131,30.366666666666667,1.1551597118377686,-1.4637965757432294
UBFC_PHYS_s14_T1_ctrl,26,132,30.4,0.7279990911483765,-1.2110959055753703
UBFC_PHYS_s14_T1_ctrl,26,133,30.433333333333334,-0.05380045250058174,-0.7825974827158588
UBFC_PHYS_s14_T1_ctrl,26,134,30.466666666666665,-1.0352532863616943,-0.24775102404156932
UBFC_PHYS_s14_T1_ctrl,26,135,30.5,-1.8587915897369385,0.3033888772625689
UBFC_PHYS_s14_T1_ctrl,26,136,30.533333333333335,-2.383202075958252,0.7850910818690837
UBFC_PHYS_s14_T1_ctrl,26,137,30.566666666666666,-2.466144323348999,1.137557495030949
UBFC_PHYS_s14_T1_ctrl,26,138,30.6,-1.8500889539718628,1.3362455842564747
UBFC_PHYS_s14_T1_ctrl,26,139,30.633333333333333,-0.6873737573623657,1.3868511711455322
UBFC_PHYS_s14_T1_ctrl,26,140,30.666666666666668,0.4250126779079437,1.3112717388576396
UBFC_PHYS_s14_T1_ctrl,26,141,30.7,1.103563666343689,1.1333693273287553
UBFC_PHYS_s14_T1_ctrl,26,142,30.733333333333334,1.368585228919983,0.871317055011065
UBFC_PHYS_s14_T1_ctrl,26,143,30.766666666666666,1.3051884174346924,0.5381682320568068
UBFC_PHYS_s14_T1_ctrl,26,144,30.8,1.0392656326293945,0.14783028699770753
UBFC_PHYS_s14_T1_ctrl,26,145,30.833333333333332,0.7936770915985107,-0.27805544777429314
UBFC_PHYS_s14_T1_ctrl,26,146,30.866666666666667,0.6381283402442932,-0.7058131394345112
UBFC_PHYS_s14_T1_ctrl,26,147,30.9,0.4532328248023987,-1.0896405809029681
UBFC_PHYS_s14_T1_ctrl,26,148,30.933333333333334,0.22986556589603424,-1.3762869452696735
UBFC_PHYS_s14_T1_ctrl,26,149,30.966666666666665,0.12867294251918793,-1.514406204551472
UBFC_PHYS_s14_T1_ctrl,26,150,31.0,0.2458907663822174,-1.467228227358653
UBFC_PHYS_s14_T1_ctrl,26,151,31.033333333333335,0.4782141447067261,-1.2252987170833574
UBFC_PHYS_s14_T1_ctrl,26,152,31.066666666666666,0.5697747468948364,-0.8144798383774581
UBFC_PHYS_s14_T1_ctrl,26,153,31.1,0.3302132487297058,-0.2946197200783414
UBFC_PHYS_s14_T1_ctrl,26,154,31.133333333333333,-0.12815293669700623,0.25280573403442486
UBFC_PHYS_s14_T1_ctrl,26,155,31.166666666666668,-0.42187342047691345,0.7447849708769165
UBFC_PHYS_s14_T1_ctrl,26,156,31.2,-0.2592836916446686,1.1166499020337197
UBFC_PHYS_s14_T1_ctrl,26,157,31.233333333333334,0.27450522780418396,1.333363504537041
UBFC_PHYS_s14_T1_ctrl,26,158,31.266666666666666,0.8348244428634644,1.3890246279677025
UBFC_PHYS_s14_T1_ctrl,26,159,31.3,1.177493691444397,1.2980193462718952
UBFC_PHYS_s14_T1_ctrl,26,160,31.333333333333332,1.29316246509552,1.0843127363304461
UBFC_PHYS_s14_T1_ctrl,26,161,31.366666666666667,1.2274280786514282,0.77412981022006
UBFC_PHYS_s14_T1_ctrl,26,162,31.4,1.0358015298843384,0.3938344338927793
UBFC_PHYS_s14_T1_ctrl,26,163,31.433333333333334,0.8318672180175781,-0.028251067300942043
UBFC_PHYS_s14_T1_ctrl,26,164,31.466666666666665,0.7314913868904114,-0.45856435748740787
UBFC_PHYS_s14_T1_ctrl,26,165,31.5,0.7955077290534973,-0.8560401970959497
UBFC_PHYS_s14_T1_ctrl,26,166,31.533333333333335,1.0155235528945923,-1.1731562310560797
UBFC_PHYS_s14_T1_ctrl,26,167,31.566666666666666,1.2590560913085938,-1.3618522218101592
UBFC_PHYS_s14_T1_ctrl,26,168,31.6,1.388975739479065,-1.3840406762440791
UBFC_PHYS_s14_T1_ctrl,26,169,31.633333333333333,1.3414915800094604,-1.2239453089688943
UBFC_PHYS_s14_T1_ctrl,26,170,31.666666666666668,1.0540516376495361,-0.8975346649093492
UBFC_PHYS_s14_T1_ctrl,26,171,31.7,0.5264869332313538,-0.45396750212652925
UBFC_PHYS_s14_T1_ctrl,26,172,31.733333333333334,-0.12956112623214722,0.03393350565096338
UBFC_PHYS_s14_T1_ctrl,26,173,31.766666666666666,-0.8765501976013184,0.4883311507873571
UBFC_PHYS_s14_T1_ctrl,26,174,31.8,-1.6659821271896362,0.8466086309046821
UBFC_PHYS_s14_T1_ctrl,26,175,31.833333333333332,-2.1622567176818848,1.0738950144883304
UBFC_PHYS_s14_T1_ctrl,26,176,31.866666666666667,-2.0488975048065186,1.1633440043193157
UBFC_PHYS_s14_T1_ctrl,26,177,31.9,-1.424167513847351,1.126890373869714
UBFC_PHYS_s14_T1_ctrl,26,178,31.933333333333334,-0.6663635969161987,0.9834025178415962
UBFC_PHYS_s14_T1_ctrl,26,179,31.966666666666665,-0.25959348678588867,0.7507264472788419
UBFC_PHYS_s14_T1_ctrl,26,180,32.0,-0.6362001299858093,0.44457707008943725
UBFC_PHYS_s14_T1_ctrl,26,181,32.03333333333333,-1.6217085123062134,0.08304608569658223
UBFC_PHYS_s14_T1_ctrl,26,182,32.06666666666667,-2.405028820037842,-0.3071782411374286
UBFC_PHYS_s14_T1_ctrl,26,183,32.1,-2.6193838119506836,-0.6871295199046616
UBFC_PHYS_s14_T1_ctrl,26,184,32.13333333333333,-2.563309669494629,-1.0071385584064412
UBFC_PHYS_s14_T1_ctrl,26,185,32.166666666666664,-2.594289779663086,-1.2142057026436006
UBFC_PHYS_s14_T1_ctrl,26,186,32.2,-3.005425214767456,-1.2638601888373286
UBFC_PHYS_s14_T1_ctrl,26,187,32.233333333333334,-4.0586957931518555,-1.1335767307157332
UBFC_PHYS_s14_T1_ctrl,26,188,32.266666666666666,-5.458156108856201,-0.8332967890211626
UBFC_PHYS_s14_T1_ctrl,26,189,32.3,-6.4274983406066895,-0.40803280908572914
UBFC_PHYS_s14_T1_ctrl,26,190,32.333333333333336,-6.664525508880615,0.07081181291763737
UBFC_PHYS_s14_T1_ctrl,26,191,32.36666666666667,-6.327939510345459,0.5241287098084307
UBFC_PHYS_s14_T1_ctrl,26,192,32.4,-5.446637153625488,0.8864891107531353
UBFC_PHYS_s14_T1_ctrl,26,193,32.43333333333333,-3.864534378051758,1.1204260560113297
UBFC_PHYS_s14_T1_ctrl,26,194,32.46666666666667,-1.642549753189087,1.2179585224088412
UBFC_PHYS_s14_T1_ctrl,26,195,32.5,0.5986426472663879,1.1912089271448627
UBFC_PHYS_s14_T1_ctrl,26,196,32.53333333333333,1.955040454864502,1.0593367886966139
UBFC_PHYS_s14_T1_ctrl,26,197,32.56666666666667,2.3713016510009766,0.8394896703741077
UBFC_PHYS_s14_T1_ctrl,26,198,32.6,2.685750722885132,0.5455669059681626
UBFC_PHYS_s14_T1_ctrl,26,199,32.63333333333333,3.604651689529419,0.1934070586577371
UBFC_PHYS_s14_T1_ctrl,26,200,32.666666666666664,4.9624857902526855,-0.19220488805512073
UBFC_PHYS_s14_T1_ctrl,26,201,32.7,5.974496364593506,-0.5735468785629138
UBFC_PHYS_s14_T1_ctrl,26,202,32.733333333333334,6.069915771484375,-0.9018558500290875
UBFC_PHYS_s14_T1_ctrl,26,203,32.766666666666666,5.4076433181762695,-1.12533445980112
UBFC_PHYS_s14_T1_ctrl,26,204,32.8,4.466493129730225,-1.201355520237959
UBFC_PHYS_s14_T1_ctrl,26,205,32.833333333333336,3.3879876136779785,-1.1093778440252613
UBFC_PHYS_s14_T1_ctrl,26,206,32.86666666666667,2.176492691040039,-0.8599786323327484
UBFC_PHYS_s14_T1_ctrl,26,207,32.9,1.0275212526321411,-0.49550666441922353
UBFC_PHYS_s14_T1_ctrl,26,208,32.93333333333333,0.10687415301799774,-0.08013868783397902
UBFC_PHYS_s14_T1_ctrl,26,209,32.96666666666667,-0.6712077260017395,0.31810304674858236
UBFC_PHYS_s14_T1_ctrl,26,210,33.0,-1.3586021661758423,0.6454812991453781
UBFC_PHYS_s14_T1_ctrl,26,211,33.03333333333333,-1.6700658798217773,0.8719150076866462
UBFC_PHYS_s14_T1_ctrl,26,212,33.06666666666667,-1.371670126914978,0.9883784815713595
UBFC_PHYS_s14_T1_ctrl,26,213,33.1,-0.6342568397521973,0.9968577549012977
UBFC_PHYS_s14_T1_ctrl,26,214,33.13333333333333,0.22693651914596558,0.9009874082109226
UBFC_PHYS_s14_T1_ctrl,26,215,33.166666666666664,1.0796806812286377,0.7033257459420932
UBFC_PHYS_s14_T1_ctrl,26,216,33.2,1.7379255294799805,0.40967037393171507
UBFC_PHYS_s14_T1_ctrl,26,217,33.233333333333334,1.8568050861358643,0.036137701708760225
UBFC_PHYS_s14_T1_ctrl,26,218,33.266666666666666,1.4638915061950684,-0.3860698596827897
UBFC_PHYS_s14_T1_ctrl,26,219,33.3,1.1418383121490479,-0.8110530386895528
UBFC_PHYS_s14_T1_ctrl,26,220,33.333333333333336,1.192195177078247,-1.1838764634839523
UBFC_PHYS_s14_T1_ctrl,26,221,33.36666666666667,1.2961759567260742,-1.4498951740104156
UBFC_PHYS_s14_T1_ctrl,26,222,33.4,1.1133646965026855,-1.5656009814459582
UBFC_PHYS_s14_T1_ctrl,26,223,33.43333333333333,0.6912171244621277,-1.5086281635565595
UBFC_PHYS_s14_T1_ctrl,26,224,33.46666666666667,0.24166619777679443,-1.2840863453842188
UBFC_PHYS_s14_T1_ctrl,26,225,33.5,-0.16347037255764008,-0.9244626675128116
UBFC_PHYS_s14_T1_ctrl,26,226,33.53333333333333,-0.5865191221237183,-0.48200372391841445
UBFC_PHYS_s14_T1_ctrl,26,227,33.56666666666667,-0.9876282811164856,-0.015702871243219684
UBFC_PHYS_s14_T1_ctrl,26,228,33.6,-1.1603851318359375,0.42181604924968297
UBFC_PHYS_s14_T1_ctrl,26,229,33.63333333333333,-0.9635763764381409,0.7920534208592183
UBFC_PHYS_s14_T1_ctrl,26,230,33.666666666666664,-0.48721349239349365,1.0714513328367479
UBFC_PHYS_s14_T1_ctrl,26,231,33.7,0.07513352483510971,1.248296337596716
UBFC_PHYS_s14_T1_ctrl,26,232,33.733333333333334,0.5680848956108093,1.3201073782585595
UBFC_PHYS_s14_T1_ctrl,26,233,33.766666666666666,0.8678042888641357,1.2936363604841281
UBFC_PHYS_s14_T1_ctrl,26,234,33.8,0.944719672203064,1.1859468996288591
UBFC_PHYS_s14_T1_ctrl,26,235,33.833333333333336,0.8739439845085144,1.0230931798601706
UBFC_PHYS_s14_T1_ctrl,26,236,33.86666666666667,0.7134383916854858,0.8343900819020061
UBFC_PHYS_s14_T1_ctrl,26,237,33.9,0.5027448534965515,0.6437337996258493
UBFC_PHYS_s14_T1_ctrl,26,238,33.93333333333333,0.29759955406188965,0.4621614705147668
UBFC_PHYS_s14_T1_ctrl,26,239,33.96666666666667,0.07817521691322327,0.2860404353373339
UBFC_PHYS_s14_T1_ctrl,27,0,27.0,-1.6923434734344482,-0.014475293467321251
UBFC_PHYS_s14_T1_ctrl,27,1,27.033333333333335,-1.1986035108566284,-0.34833854197481834
UBFC_PHYS_s14_T1_ctrl,27,2,27.066666666666666,-0.8230107426643372,-0.6368118453650304
UBFC_PHYS_s14_T1_ctrl,27,3,27.1,-0.5326135754585266,-0.8456226950208133
UBFC_PHYS_s14_T1_ctrl,27,4,27.133333333333333,-0.31994855403900146,-0.959764075429159
UBFC_PHYS_s14_T1_ctrl,27,5,27.166666666666668,-0.2504965662956238,-0.985972326687267
UBFC_PHYS_s14_T1_ctrl,27,6,27.2,-0.27432316541671753,-0.9478156525658507
UBFC_PHYS_s14_T1_ctrl,27,7,27.233333333333334,-0.24193477630615234,-0.8749003569128438
UBFC_PHYS_s14_T1_ctrl,27,8,27.266666666666666,-0.15778127312660217,-0.7903128070558766
UBFC_PHYS_s14_T1_ctrl,27,9,27.3,-0.16338588297367096,-0.7013600164925198
UBFC_PHYS_s14_T1_ctrl,27,10,27.333333333333332,-0.24204742908477783,-0.5976635317015985
UBFC_PHYS_s14_T1_ctrl,27,11,27.366666666666667,-0.25452399253845215,-0.45792247340804987
UBFC_PHYS_s14_T1_ctrl,27,12,27.4,-0.19904127717018127,-0.26302223389896834
UBFC_PHYS_s14_T1_ctrl,27,13,27.433333333333334,-0.1964220404624939,-0.010036794695939405
UBFC_PHYS_s14_T1_ctrl,27,14,27.466666666666665,-0.31885018944740295,0.27947844554695656
UBFC_PHYS_s14_T1_ctrl,27,15,27.5,-0.5829704999923706,0.5617771013349235
UBFC_PHYS_s14_T1_ctrl,27,16,27.533333333333335,-0.8885197639465332,0.7842316675479207
UBFC_PHYS_s14_T1_ctrl,27,17,27.566666666666666,-0.945805013179779,0.9044696801061364
UBFC_PHYS_s14_T1_ctrl,27,18,27.6,-0.5611717104911804,0.9061129273653356
UBFC_PHYS_s14_T1_ctrl,27,19,27.633333333333333,0.08501902222633362,0.8029095380942726
UBFC_PHYS_s14_T1_ctrl,27,20,27.666666666666668,0.601036548614502,0.6296908364741243
UBFC_PHYS_s14_T1_ctrl,27,21,27.7,0.7047638893127441,0.4260245535626295
UBFC_PHYS_s14_T1_ctrl,27,22,27.733333333333334,0.37764114141464233,0.2213820481996635
UBFC_PHYS_s14_T1_ctrl,27,23,27.766666666666666,-0.10328428447246552,0.02844956142100972
UBFC_PHYS_s14_T1_ctrl,27,24,27.8,-0.34622541069984436,-0.15368852052240037
UBFC_PHYS_s14_T1_ctrl,27,25,27.833333333333332,-0.21627753973007202,-0.32954821640790066
UBFC_PHYS_s14_T1_ctrl,27,26,27.866666666666667,0.11292937397956848,-0.49608030634639333
UBFC_PHYS_s14_T1_ctrl,27,27,27.9,0.3986513316631317,-0.6359072462984106
UBFC_PHYS_s14_T1_ctrl,27,28,27.933333333333334,0.5046881437301636,-0.7183918097735593
UBFC_PHYS_s14_T1_ctrl,27,29,27.966666666666665,0.39991870522499084,-0.7088425310956166
UBFC_PHYS_s14_T1_ctrl,27,30,28.0,0.12633535265922546,-0.5830226607221092
UBFC_PHYS_s14_T1_ctrl,27,31,28.033333333333335,-0.2214878499507904,-0.34150447107015214
UBFC_PHYS_s14_T1_ctrl,27,32,28.066666666666666,-0.5984042882919312,-0.017090220787827567
UBFC_PHYS_s14_T1_ctrl,27,33,28.1,-1.070148229598999,0.329940037511703
UBFC_PHYS_s14_T1_ctrl,27,34,28.133333333333333,-1.6131749153137207,0.6289898085558344
UBFC_PHYS_s14_T1_ctrl,27,35,28.166666666666668,-1.9766571521759033,0.8223645597318793
UBFC_PHYS_s14_T1_ctrl,27,36,28.2,-1.9136265516281128,0.8837035462992654
UBFC_PHYS_s14_T1_ctrl,27,37,28.233333333333334,-1.4386155605316162,0.8223901390760835
UBFC_PHYS_s14_T1_ctrl,27,38,28.266666666666666,-0.7747379541397095,0.6727739361092564
UBFC_PHYS_s14_T1_ctrl,27,39,28.3,-0.17327138781547546,0.47556507264307046
UBFC_PHYS_s14_T1_ctrl,27,40,28.333333333333332,0.21744531393051147,0.26154818080575315
UBFC_PHYS_s14_T1_ctrl,27,41,28.366666666666667,0.3637000322341919,0.04462575577864132
UBFC_PHYS_s14_T1_ctrl,27,42,28.4,0.3153427541255951,-0.17449846595006038
UBFC_PHYS_s14_T1_ctrl,27,43,28.433333333333334,0.16441284120082855,-0.39772483059981695
UBFC_PHYS_s14_T1_ctrl,27,44,28.466666666666665,0.011483287438750267,-0.6181844621351527
UBFC_PHYS_s14_T1_ctrl,27,45,28.5,-0.05954587087035179,-0.8137629115612472
UBFC_PHYS_s14_T1_ctrl,27,46,28.533333333333335,-0.031015919521450996,-0.9487807706966161
UBFC_PHYS_s14_T1_ctrl,27,47,28.566666666666666,0.022974126040935516,-0.983850659674053
UBFC_PHYS_s14_T1_ctrl,27,48,28.6,0.07319021970033646,-0.890798626187865
UBFC_PHYS_s14_T1_ctrl,27,49,28.633333333333333,0.16669410467147827,-0.6670258131399323
UBFC_PHYS_s14_T1_ctrl,27,50,28.666666666666668,0.2906712591648102,-0.3425832410190729
UBFC_PHYS_s14_T1_ctrl,27,51,28.7,0.3368035852909088,0.024914628334075536
UBFC_PHYS_s14_T1_ctrl,27,52,28.733333333333334,0.21876901388168335,0.3671657785854019
UBFC_PHYS_s14_T1_ctrl,27,53,28.766666666666666,-0.04580192640423775,0.6271205110506971
UBFC_PHYS_s14_T1_ctrl,27,54,28.8,-0.29485461115837097,0.7755532221985233
UBFC_PHYS_s14_T1_ctrl,27,55,28.833333333333332,-0.30457112193107605,0.8140764796361863
UBFC_PHYS_s14_T1_ctrl,27,56,28.866666666666667,-0.02532682754099369,0.7643601079575255
UBFC_PHYS_s14_T1_ctrl,27,57,28.9,0.3537863790988922,0.651325861976619
UBFC_PHYS_s14_T1_ctrl,27,58,28.933333333333334,0.6129780411720276,0.49044150558054395
UBFC_PHYS_s14_T1_ctrl,27,59,28.966666666666665,0.6506612300872803,0.2855513858929795
UBFC_PHYS_s14_T1_ctrl,27,60,29.0,0.47655245661735535,0.037129700723689506
UBFC_PHYS_s14_T1_ctrl,27,61,29.033333333333335,0.21798042953014374,-0.24481848456294525
UBFC_PHYS_s14_T1_ctrl,27,62,29.066666666666666,0.0652480199933052,-0.5310968356610367
UBFC_PHYS_s14_T1_ctrl,27,63,29.1,0.06828971207141876,-0.7729746358776667
UBFC_PHYS_s14_T1_ctrl,27,64,29.133333333333333,0.11537962406873703,-0.912846078356571
UBFC_PHYS_s14_T1_ctrl,27,65,29.166666666666668,0.10295937955379486,-0.9026421696717677
UBFC_PHYS_s14_T1_ctrl,27,66,29.2,0.0096526388078928,-0.7231281141095005
UBFC_PHYS_s14_T1_ctrl,27,67,29.233333333333334,-0.14271363615989685,-0.3958930696333647
UBFC_PHYS_s14_T1_ctrl,27,68,29.266666666666666,-0.29896652698516846,0.018541038721864633
UBFC_PHYS_s14_T1_ctrl,27,69,29.3,-0.4280976355075836,0.43769684064172126
UBFC_PHYS_s14_T1_ctrl,27,70,29.333333333333332,-0.6018402576446533,0.7826676745529785
UBFC_PHYS_s14_T1_ctrl,27,71,29.366666666666667,-0.8253765106201172,1.0006762297857803
UBFC_PHYS_s14_T1_ctrl,27,72,29.4,-0.8945749998092651,1.0750087541491111
UBFC_PHYS_s14_T1_ctrl,27,73,29.433333333333334,-0.62397700548172,1.019797978488778
UBFC_PHYS_s14_T1_ctrl,27,74,29.466666666666665,-0.09542658179998398,0.8648205706785942
UBFC_PHYS_s14_T1_ctrl,27,75,29.5,0.4609215557575226,0.6394593606197223
UBFC_PHYS_s14_T1_ctrl,27,76,29.533333333333335,0.8665650486946106,0.36353776807870253
UBFC_PHYS_s14_T1_ctrl,27,77,29.566666666666666,0.9932740926742554,0.04786276239468573
UBFC_PHYS_s14_T1_ctrl,27,78,29.6,0.8141803741455078,-0.2976630180264578
UBFC_PHYS_s14_T1_ctrl,27,79,29.633333333333333,0.5205725431442261,-0.6536376187372759
UBFC_PHYS_s14_T1_ctrl,27,80,29.666666666666668,0.334606796503067,-0.9844186206820689
UBFC_PHYS_s14_T1_ctrl,27,81,29.7,0.22924596071243286,-1.2393418594623102
UBFC_PHYS_s14_T1_ctrl,27,82,29.733333333333334,0.04742032289505005,-1.3629380396649113
UBFC_PHYS_s14_T1_ctrl,27,83,29.766666666666666,-0.2223890870809555,-1.3114512967617324
UBFC_PHYS_s14_T1_ctrl,27,84,29.8,-0.4953528344631195,-1.0699603771936583
UBFC_PHYS_s14_T1_ctrl,27,85,29.833333333333332,-0.8067320585250854,-0.6631033278046762
UBFC_PHYS_s14_T1_ctrl,27,86,29.866666666666667,-1.2434121370315552,-0.15364116323494537
UBFC_PHYS_s14_T1_ctrl,27,87,29.9,-1.7040032148361206,0.3724848223839599
UBFC_PHYS_s14_T1_ctrl,27,88,29.933333333333334,-1.9357914924621582,0.829483583854716
UBFC_PHYS_s14_T1_ctrl,27,89,29.966666666666665,-1.8187426328659058,1.1537513650742193
UBFC_PHYS_s14_T1_ctrl,27,90,30.0,-1.5271625518798828,1.3156544525509193
UBFC_PHYS_s14_T1_ctrl,27,91,30.033333333333335,-1.4051569700241089,1.3176277209452394
UBFC_PHYS_s14_T1_ctrl,27,92,30.066666666666666,-1.351786494255066,1.182186533435498
UBFC_PHYS_s14_T1_ctrl,27,93,30.1,-0.5940389037132263,0.9378001915034659
UBFC_PHYS_s14_T1_ctrl,27,94,30.133333333333333,1.161975383758545,0.609892190372427
UBFC_PHYS_s14_T1_ctrl,27,95,30.166666666666668,2.874842643737793,0.21997998372554595
UBFC_PHYS_s14_T1_ctrl,27,96,30.2,3.457833766937256,-0.20872300934801336
UBFC_PHYS_s14_T1_ctrl,27,97,30.233333333333334,3.105814218521118,-0.6438828644703859
UBFC_PHYS_s14_T1_ctrl,27,98,30.266666666666666,2.5385665893554688,-1.03988577171886
UBFC_PHYS_s14_T1_ctrl,27,99,30.3,1.9886116981506348,-1.340420844371489
UBFC_PHYS_s14_T1_ctrl,27,100,30.333333333333332,1.5031237602233887,-1.4885962527885257
UBFC_PHYS_s14_T1_ctrl,27,101,30.366666666666667,1.1551597118377686,-1.442368846807163
UBFC_PHYS_s14_T1_ctrl,27,102,30.4,0.7279990911483765,-1.1903756928748779
UBFC_PHYS_s14_T1_ctrl,27,103,30.433333333333334,-0.05380045250058174,-0.7616406132524786
UBFC_PHYS_s14_T1_ctrl,27,104,30.466666666666665,-1.0352532863616943,-0.22323760664113002
UBFC_PHYS_s14_T1_ctrl,27,105,30.5,-1.8587915897369385,0.33570052883948803
UBFC_PHYS_s14_T1_ctrl,27,106,30.533333333333335,-2.383202075958252,0.8280963297045394
UBFC_PHYS_s14_T1_ctrl,27,107,30.566666666666666,-2.466144323348999,1.1906762198363927
UBFC_PHYS_s14_T1_ctrl,27,108,30.6,-1.8500889539718628,1.3943180722774768
UBFC_PHYS_s14_T1_ctrl,27,109,30.633333333333333,-0.6873737573623657,1.4404487998832014
UBFC_PHYS_s14_T1_ctrl,27,110,30.666666666666668,0.4250126779079437,1.3480401574870964
UBFC_PHYS_s14_T1_ctrl,27,111,30.7,1.103563666343689,1.139592031234016
UBFC_PHYS_s14_T1_ctrl,27,112,30.733333333333334,1.368585228919983,0.8333917434230788
UBFC_PHYS_s14_T1_ctrl,27,113,30.766666666666666,1.3051884174346924,0.4446141363991729
UBFC_PHYS_s14_T1_ctrl,27,114,30.8,1.0392656326293945,-0.007452746203290958
UBFC_PHYS_s14_T1_ctrl,27,115,30.833333333333332,0.7936770915985107,-0.49156920152222494
UBFC_PHYS_s14_T1_ctrl,27,116,30.866666666666667,0.6381283402442932,-0.9607892460756549
UBFC_PHYS_s14_T1_ctrl,27,117,30.9,0.4532328248023987,-1.3549667551064588
UBFC_PHYS_s14_T1_ctrl,27,118,30.933333333333334,0.22986556589603424,-1.6097192601612569
UBFC_PHYS_s14_T1_ctrl,27,119,30.966666666666665,0.12867294251918793,-1.670492298099031
UBFC_PHYS_s14_T1_ctrl,27,120,31.0,0.2458907663822174,-1.5084325611758809
UBFC_PHYS_s14_T1_ctrl,27,121,31.033333333333335,0.4782141447067261,-1.132949378082517
UBFC_PHYS_s14_T1_ctrl,27,122,31.066666666666666,0.5697747468948364,-0.5953979284519866
UBFC_PHYS_s14_T1_ctrl,27,123,31.1,0.3302132487297058,0.019629629890972562
UBFC_PHYS_s14_T1_ctrl,27,124,31.133333333333333,-0.12815293669700623,0.6143174356413509
UBFC_PHYS_s14_T1_ctrl,27,125,31.166666666666668,-0.42187342047691345,1.1023469546972067
UBFC_PHYS_s14_T1_ctrl,27,126,31.2,-0.2592836916446686,1.428292961938252
UBFC_PHYS_s14_T1_ctrl,27,127,31.233333333333334,0.27450522780418396,1.5736420333452588
UBFC_PHYS_s14_T1_ctrl,27,128,31.266666666666666,0.8348244428634644,1.5489310531610816
UBFC_PHYS_s14_T1_ctrl,27,129,31.3,1.177493691444397,1.3791151716697145
UBFC_PHYS_s14_T1_ctrl,27,130,31.333333333333332,1.29316246509552,1.0913021618618024
UBFC_PHYS_s14_T1_ctrl,27,131,31.366666666666667,1.2274280786514282,0.7102325375398267
UBFC_PHYS_s14_T1_ctrl,27,132,31.4,1.0358015298843384,0.26091567785434516
UBFC_PHYS_s14_T1_ctrl,27,133,31.433333333333334,0.8318672180175781,-0.22603537875888308
UBFC_PHYS_s14_T1_ctrl,27,134,31.466666666666665,0.7314913868904114,-0.710556527469257
UBFC_PHYS_s14_T1_ctrl,27,135,31.5,0.7955077290534973,-1.142813551033526
UBFC_PHYS_s14_T1_ctrl,27,136,31.533333333333335,1.0155235528945923,-1.4672776811480919
UBFC_PHYS_s14_T1_ctrl,27,137,31.566666666666666,1.2590560913085938,-1.6314615857940342
UBFC_PHYS_s14_T1_ctrl,27,138,31.6,1.388975739479065,-1.5981271394387127
UBFC_PHYS_s14_T1_ctrl,27,139,31.633333333333333,1.3414915800094604,-1.3577055618631784
UBFC_PHYS_s14_T1_ctrl,27,140,31.666666666666668,1.0540516376495361,-0.936220630880588
UBFC_PHYS_s14_T1_ctrl,27,141,31.7,0.5264869332313538,-0.394272836687583
UBFC_PHYS_s14_T1_ctrl,27,142,31.733333333333334,-0.12956112623214722,0.18477892020007583
UBFC_PHYS_s14_T1_ctrl,27,143,31.766666666666666,-0.8765501976013184,0.7146126134378326
UBFC_PHYS_s14_T1_ctrl,27,144,31.8,-1.6659821271896362,1.126075550543979
UBFC_PHYS_s14_T1_ctrl,27,145,31.833333333333332,-2.1622567176818848,1.379109016631576
UBFC_PHYS_s14_T1_ctrl,27,146,31.866666666666667,-2.0488975048065186,1.4627934336674262
UBFC_PHYS_s14_T1_ctrl,27,147,31.9,-1.424167513847351,1.3866903837639233
UBFC_PHYS_s14_T1_ctrl,27,148,31.933333333333334,-0.6663635969161987,1.170384178359025
UBFC_PHYS_s14_T1_ctrl,27,149,31.966666666666665,-0.25959348678588867,0.837184352772043
UBFC_PHYS_s14_T1_ctrl,27,150,32.0,-0.6362001299858093,0.41389245041110634
UBFC_PHYS_s14_T1_ctrl,27,151,32.03333333333333,-1.6217085123062134,-0.06557437889712206
UBFC_PHYS_s14_T1_ctrl,27,152,32.06666666666667,-2.405028820037842,-0.5566541051678044
UBFC_PHYS_s14_T1_ctrl,27,153,32.1,-2.6193838119506836,-1.0040570070820027
UBFC_PHYS_s14_T1_ctrl,27,154,32.13333333333333,-2.563309669494629,-1.346803138831392
UBFC_PHYS_s14_T1_ctrl,27,155,32.166666666666664,-2.594289779663086,-1.5281939998416638
UBFC_PHYS_s14_T1_ctrl,27,156,32.2,-3.005425214767456,-1.5088389089968561
UBFC_PHYS_s14_T1_ctrl,27,157,32.233333333333334,-4.0586957931518555,-1.2792595218902707
UBFC_PHYS_s14_T1_ctrl,27,158,32.266666666666666,-5.458156108856201,-0.867363813095238
UBFC_PHYS_s14_T1_ctrl,27,159,32.3,-6.4274983406066895,-0.33637728388257915
UBFC_PHYS_s14_T1_ctrl,27,160,32.333333333333336,-6.664525508880615,0.22836312850455173
UBFC_PHYS_s14_T1_ctrl,27,161,32.36666666666667,-6.327939510345459,0.7403418243082848
UBFC_PHYS_s14_T1_ctrl,27,162,32.4,-5.446637153625488,1.132256044927892
UBFC_PHYS_s14_T1_ctrl,27,163,32.43333333333333,-3.864534378051758,1.3670703119427967
UBFC_PHYS_s14_T1_ctrl,27,164,32.46666666666667,-1.642549753189087,1.4364623103232423
UBFC_PHYS_s14_T1_ctrl,27,165,32.5,0.5986426472663879,1.3507400344852951
UBFC_PHYS_s14_T1_ctrl,27,166,32.53333333333333,1.955040454864502,1.1280193260839495
UBFC_PHYS_s14_T1_ctrl,27,167,32.56666666666667,2.3713016510009766,0.7889628818201107
UBFC_PHYS_s14_T1_ctrl,27,168,32.6,2.685750722885132,0.3585351421263152
UBFC_PHYS_s14_T1_ctrl,27,169,32.63333333333333,3.604651689529419,-0.12849381777764893
UBFC_PHYS_s14_T1_ctrl,27,170,32.666666666666664,4.9624857902526855,-0.6233788752019883
UBFC_PHYS_s14_T1_ctrl,27,171,32.7,5.974496364593506,-1.0644676644381552
UBFC_PHYS_s14_T1_ctrl,27,172,32.733333333333334,6.069915771484375,-1.3847621997875852
UBFC_PHYS_s14_T1_ctrl,27,173,32.766666666666666,5.4076433181762695,-1.5246832183465107
UBFC_PHYS_s14_T1_ctrl,27,174,32.8,4.466493129730225,-1.4470797189378273
UBFC_PHYS_s14_T1_ctrl,27,175,32.833333333333336,3.3879876136779785,-1.1503373068855056
UBFC_PHYS_s14_T1_ctrl,27,176,32.86666666666667,2.176492691040039,-0.6745717798772061
UBFC_PHYS_s14_T1_ctrl,27,177,32.9,1.0275212526321411,-0.09667843731118404
UBFC_PHYS_s14_T1_ctrl,27,178,32.93333333333333,0.10687415301799774,0.48644533601420437
UBFC_PHYS_s14_T1_ctrl,27,179,32.96666666666667,-0.6712077260017395,0.9817645505495113
UBFC_PHYS_s14_T1_ctrl,27,180,33.0,-1.3586021661758423,1.321842163489029
UBFC_PHYS_s14_T1_ctrl,27,181,33.03333333333333,-1.6700658798217773,1.475555623174042
UBFC_PHYS_s14_T1_ctrl,27,182,33.06666666666667,-1.371670126914978,1.4451047440230267
UBFC_PHYS_s14_T1_ctrl,27,183,33.1,-0.6342568397521973,1.2540998989413192
UBFC_PHYS_s14_T1_ctrl,27,184,33.13333333333333,0.22693651914596558,0.9348772279735218
UBFC_PHYS_s14_T1_ctrl,27,185,33.166666666666664,1.0796806812286377,0.5213666961048506
UBFC_PHYS_s14_T1_ctrl,27,186,33.2,1.7379255294799805,0.04903834348546929
UBFC_PHYS_s14_T1_ctrl,27,187,33.233333333333334,1.8568050861358643,-0.44111369310763054
UBFC_PHYS_s14_T1_ctrl,27,188,33.266666666666666,1.4638915061950684,-0.8994899100484762
UBFC_PHYS_s14_T1_ctrl,27,189,33.3,1.1418383121490479,-1.2696336298320465
UBFC_PHYS_s14_T1_ctrl,27,190,33.333333333333336,1.192195177078247,-1.4960287308622637
UBFC_PHYS_s14_T1_ctrl,27,191,33.36666666666667,1.2961759567260742,-1.5362863752688327
UBFC_PHYS_s14_T1_ctrl,27,192,33.4,1.1133646965026855,-1.3740486427048575
UBFC_PHYS_s14_T1_ctrl,27,193,33.43333333333333,0.6912171244621277,-1.0278615651968317
UBFC_PHYS_s14_T1_ctrl,27,194,33.46666666666667,0.24166619777679443,-0.5513261440412824
UBFC_PHYS_s14_T1_ctrl,27,195,33.5,-0.16347037255764008,-0.022268116134565183
UBFC_PHYS_s14_T1_ctrl,27,196,33.53333333333333,-0.5865191221237183,0.4763797264811213
UBFC_PHYS_s14_T1_ctrl,27,197,33.56666666666667,-0.9876282811164856,0.8766026048376638
UBFC_PHYS_s14_T1_ctrl,27,198,33.6,-1.1603851318359375,1.1378191338974446
UBFC_PHYS_s14_T1_ctrl,27,199,33.63333333333333,-0.9635763764381409,1.2473645790281742
UBFC_PHYS_s14_T1_ctrl,27,200,33.666666666666664,-0.48721349239349365,1.2113931414075478
UBFC_PHYS_s14_T1_ctrl,27,201,33.7,0.07513352483510971,1.0437926967898385
UBFC_PHYS_s14_T1_ctrl,27,202,33.733333333333334,0.5680848956108093,0.7602790150559833
UBFC_PHYS_s14_T1_ctrl,27,203,33.766666666666666,0.8678042888641357,0.38008357678299903
UBFC_PHYS_s14_T1_ctrl,27,204,33.8,0.944719672203064,-0.06763826479529961
UBFC_PHYS_s14_T1_ctrl,27,205,33.833333333333336,0.8739439845085144,-0.5383351216250633
UBFC_PHYS_s14_T1_ctrl,27,206,33.86666666666667,0.7134383916854858,-0.9723628576262958
UBFC_PHYS_s14_T1_ctrl,27,207,33.9,0.5027448534965515,-1.3027630409150888
UBFC_PHYS_s14_T1_ctrl,27,208,33.93333333333333,0.29759955406188965,-1.4688811395799024
UBFC_PHYS_s14_T1_ctrl,27,209,33.96666666666667,0.07817521691322327,-1.4319225632023793
UBFC_PHYS_s14_T1_ctrl,27,210,34.0,-0.2830258011817932,-1.1876350241496938
UBFC_PHYS_s14_T1_ctrl,27,211,34.03333333333333,-0.8817041516304016,-0.7713500048450252
UBFC_PHYS_s14_T1_ctrl,27,212,34.06666666666667,-1.6519001722335815,-0.2517380963077826
UBFC_PHYS_s14_T1_ctrl,27,213,34.1,-2.4852113723754883,0.28670098725666887
UBFC_PHYS_s14_T1_ctrl,27,214,34.13333333333333,-3.247549533843994,0.7664393596604341
UBFC_PHYS_s14_T1_ctrl,27,215,34.166666666666664,-3.6555025577545166,1.1352076855731945
UBFC_PHYS_s14_T1_ctrl,27,216,34.2,-3.4028730392456055,1.3720957811277756
UBFC_PHYS_s14_T1_ctrl,27,217,34.233333333333334,-2.5136003494262695,1.480495725381051
UBFC_PHYS_s14_T1_ctrl,27,218,34.266666666666666,-1.3242141008377075,1.4738258992447433
UBFC_PHYS_s14_T1_ctrl,27,219,34.3,-0.18214298784732819,1.3631131319565823
UBFC_PHYS_s14_T1_ctrl,27,220,34.333333333333336,0.7014405727386475,1.153231289247141
UBFC_PHYS_s14_T1_ctrl,27,221,34.36666666666667,1.220077395439148,0.8487185126531306
UBFC_PHYS_s14_T1_ctrl,27,222,34.4,1.3916795253753662,0.4642943304459117
UBFC_PHYS_s14_T1_ctrl,27,223,34.43333333333333,1.3475186824798584,0.032801767106744026
UBFC_PHYS_s14_T1_ctrl,27,224,34.46666666666667,1.251649022102356,-0.3945911204907739
UBFC_PHYS_s14_T1_ctrl,27,225,34.5,1.1672701835632324,-0.7566871545588185
UBFC_PHYS_s14_T1_ctrl,27,226,34.53333333333333,1.0416595935821533,-0.9961605340287224
UBFC_PHYS_s14_T1_ctrl,27,227,34.56666666666667,0.8545109629631042,-1.0745423921880675
UBFC_PHYS_s14_T1_ctrl,27,228,34.6,0.6447749733924866,-0.9838862167987552
UBFC_PHYS_s14_T1_ctrl,27,229,34.63333333333333,0.4206472933292389,-0.7515790771471821
UBFC_PHYS_s14_T1_ctrl,27,230,34.666666666666664,0.1550624519586563,-0.4358535405243938
UBFC_PHYS_s14_T1_ctrl,27,231,34.7,-0.19946373999118805,-0.11157919159796717
UBFC_PHYS_s14_T1_ctrl,27,232,34.733333333333334,-0.6894015669822693,0.150604471661651
UBFC_PHYS_s14_T1_ctrl,27,233,34.766666666666666,-1.187056303024292,0.30493480469076584
UBFC_PHYS_s14_T1_ctrl,27,234,34.8,-1.3436471223831177,0.34230072221473185
UBFC_PHYS_s14_T1_ctrl,27,235,34.833333333333336,-0.9937398433685303,0.2873571353977913
UBFC_PHYS_s14_T1_ctrl,27,236,34.86666666666667,-0.3432682156562805,0.1825336107222405
UBFC_PHYS_s14_T1_ctrl,27,237,34.9,0.29261454939842224,0.067383116991995
UBFC_PHYS_s14_T1_ctrl,27,238,34.93333333333333,0.7188739776611328,-0.03674043593197375
UBFC_PHYS_s14_T1_ctrl,27,239,34.96666666666667,0.85997474193573,-0.13051446569562458
UBFC_PHYS_s14_T1_ctrl,28,0,28.0,0.12633535265922546,0.01254640980333268
UBFC_PHYS_s14_T1_ctrl,28,1,28.033333333333335,-0.2214878499507904,0.4340492856850973
UBFC_PHYS_s14_T1_ctrl,28,2,28.066666666666666,-0.5984042882919312,0.8226399487027721
UBFC_PHYS_s14_T1_ctrl,28,3,28.1,-1.070148229598999,1.1432106445745907
UBFC_PHYS_s14_T1_ctrl,28,4,28.133333333333333,-1.6131749153137207,1.3567268770046825
UBFC_PHYS_s14_T1_ctrl,28,5,28.166666666666668,-1.9766571521759033,1.430250189272241
UBFC_PHYS_s14_T1_ctrl,28,6,28.2,-1.9136265516281128,1.3506657916185842
UBFC_PHYS_s14_T1_ctrl,28,7,28.233333333333334,-1.4386155605316162,1.1334781014799242
UBFC_PHYS_s14_T1_ctrl,28,8,28.266666666666666,-0.7747379541397095,0.8205577555262034
UBFC_PHYS_s14_T1_ctrl,28,9,28.3,-0.17327138781547546,0.46711486093957433
UBFC_PHYS_s14_T1_ctrl,28,10,28.333333333333332,0.21744531393051147,0.12398815480612295
UBFC_PHYS_s14_T1_ctrl,28,11,28.366666666666667,0.3637000322341919,-0.17649247118720515
UBFC_PHYS_s14_T1_ctrl,28,12,28.4,0.3153427541255951,-0.4250154935055361
UBFC_PHYS_s14_T1_ctrl,28,13,28.433333333333334,0.16441284120082855,-0.6289329098077414
UBFC_PHYS_s14_T1_ctrl,28,14,28.466666666666665,0.011483287438750267,-0.7986209844581627
UBFC_PHYS_s14_T1_ctrl,28,15,28.5,-0.05954587087035179,-0.9332478690542874
UBFC_PHYS_s14_T1_ctrl,28,16,28.533333333333335,-0.031015919521450996,-1.0131716828791526
UBFC_PHYS_s14_T1_ctrl,28,17,28.566666666666666,0.022974126040935516,-1.0037689865895816
UBFC_PHYS_s14_T1_ctrl,28,18,28.6,0.07319021970033646,-0.8705838535829348
UBFC_PHYS_s14_T1_ctrl,28,19,28.633333333333333,0.16669410467147827,-0.5998471991153392
UBFC_PHYS_s14_T1_ctrl,28,20,28.666666666666668,0.2906712591648102,-0.21428259872154612
UBFC_PHYS_s14_T1_ctrl,28,21,28.7,0.3368035852909088,0.22507316808808292
UBFC_PHYS_s14_T1_ctrl,28,22,28.733333333333334,0.21876901388168335,0.6337243359068889
UBFC_PHYS_s14_T1_ctrl,28,23,28.766666666666666,-0.04580192640423775,0.9294616327476947
UBFC_PHYS_s14_T1_ctrl,28,24,28.8,-0.29485461115837097,1.0579600309465813
UBFC_PHYS_s14_T1_ctrl,28,25,28.833333333333332,-0.30457112193107605,1.0075675943343574
UBFC_PHYS_s14_T1_ctrl,28,26,28.866666666666667,-0.02532682754099369,0.8079980759180598
UBFC_PHYS_s14_T1_ctrl,28,27,28.9,0.3537863790988922,0.5149436944720094
UBFC_PHYS_s14_T1_ctrl,28,28,28.933333333333334,0.6129780411720276,0.18829785520527356
UBFC_PHYS_s14_T1_ctrl,28,29,28.966666666666665,0.6506612300872803,-0.1263627628404069
UBFC_PHYS_s14_T1_ctrl,28,30,29.0,0.47655245661735535,-0.4055634603639516
UBFC_PHYS_s14_T1_ctrl,28,31,29.033333333333335,0.21798042953014374,-0.6428619916936117
UBFC_PHYS_s14_T1_ctrl,28,32,29.066666666666666,0.0652480199933052,-0.8351534799688948
UBFC_PHYS_s14_T1_ctrl,28,33,29.1,0.06828971207141876,-0.968990648880708
UBFC_PHYS_s14_T1_ctrl,28,34,29.133333333333333,0.11537962406873703,-1.0157259195053392
UBFC_PHYS_s14_T1_ctrl,28,35,29.166666666666668,0.10295937955379486,-0.9398092907844872
UBFC_PHYS_s14_T1_ctrl,28,36,29.2,0.0096526388078928,-0.7172870657787452
UBFC_PHYS_s14_T1_ctrl,28,37,29.233333333333334,-0.14271363615989685,-0.35512162027407124
UBFC_PHYS_s14_T1_ctrl,28,38,29.266666666666666,-0.29896652698516846,0.09988107586346828
UBFC_PHYS_s14_T1_ctrl,28,39,29.3,-0.4280976355075836,0.5691565827193726
UBFC_PHYS_s14_T1_ctrl,28,40,29.333333333333332,-0.6018402576446533,0.964896933539179
UBFC_PHYS_s14_T1_ctrl,28,41,29.366666666666667,-0.8253765106201172,1.2166026739354752
UBFC_PHYS_s14_T1_ctrl,28,42,29.4,-0.8945749998092651,1.2900100556870593
UBFC_PHYS_s14_T1_ctrl,28,43,29.433333333333334,-0.62397700548172,1.1915468397793711
UBFC_PHYS_s14_T1_ctrl,28,44,29.466666666666665,-0.09542658179998398,0.9586170826603726
UBFC_PHYS_s14_T1_ctrl,28,45,29.5,0.4609215557575226,0.6418148961766319
UBFC_PHYS_s14_T1_ctrl,28,46,29.533333333333335,0.8665650486946106,0.28738769596525415
UBFC_PHYS_s14_T1_ctrl,28,47,29.566666666666666,0.9932740926742554,-0.0731295770968344
UBFC_PHYS_s14_T1_ctrl,28,48,29.6,0.8141803741455078,-0.42292385027381774
UBFC_PHYS_s14_T1_ctrl,28,49,29.633333333333333,0.5205725431442261,-0.7509970125669433
UBFC_PHYS_s14_T1_ctrl,28,50,29.666666666666668,0.334606796503067,-1.039802537958964
UBFC_PHYS_s14_T1_ctrl,28,51,29.7,0.22924596071243286,-1.2567917213281752
UBFC_PHYS_s14_T1_ctrl,28,52,29.733333333333334,0.04742032289505005,-1.3560084951810774
UBFC_PHYS_s14_T1_ctrl,28,53,29.766666666666666,-0.2223890870809555,-1.2914626831889238
UBFC_PHYS_s14_T1_ctrl,28,54,29.8,-0.4953528344631195,-1.0378293535742422
UBFC_PHYS_s14_T1_ctrl,28,55,29.833333333333332,-0.8067320585250854,-0.6090013979364541
UBFC_PHYS_s14_T1_ctrl,28,56,29.866666666666667,-1.2434121370315552,-0.06422382759257776
UBFC_PHYS_s14_T1_ctrl,28,57,29.9,-1.7040032148361206,0.503461347181607
UBFC_PHYS_s14_T1_ctrl,28,58,29.933333333333334,-1.9357914924621582,0.9927009032957507
UBFC_PHYS_s14_T1_ctrl,28,59,29.966666666666665,-1.8187426328659058,1.3222788556530798
UBFC_PHYS_s14_T1_ctrl,28,60,30.0,-1.5271625518798828,1.4509804190742137
UBFC_PHYS_s14_T1_ctrl,28,61,30.033333333333335,-1.4051569700241089,1.3823674635410519
UBFC_PHYS_s14_T1_ctrl,28,62,30.066666666666666,-1.351786494255066,1.1547540103327099
UBFC_PHYS_s14_T1_ctrl,28,63,30.1,-0.5940389037132263,0.8223099938647302
UBFC_PHYS_s14_T1_ctrl,28,64,30.133333333333333,1.161975383758545,0.4359931588290176
UBFC_PHYS_s14_T1_ctrl,28,65,30.166666666666668,2.874842643737793,0.032090120867555784
UBFC_PHYS_s14_T1_ctrl,28,66,30.2,3.457833766937256,-0.36798822615815785
UBFC_PHYS_s14_T1_ctrl,28,67,30.233333333333334,3.105814218521118,-0.7484579954697699
UBFC_PHYS_s14_T1_ctrl,28,68,30.266666666666666,2.5385665893554688,-1.0866605528409206
UBFC_PHYS_s14_T1_ctrl,28,69,30.3,1.9886116981506348,-1.345119990422825
UBFC_PHYS_s14_T1_ctrl,28,70,30.333333333333332,1.5031237602233887,-1.474100183466467
UBFC_PHYS_s14_T1_ctrl,28,71,30.366666666666667,1.1551597118377686,-1.4257800882211484
UBFC_PHYS_s14_T1_ctrl,28,72,30.4,0.7279990911483765,-1.1751358705579094
UBFC_PHYS_s14_T1_ctrl,28,73,30.433333333333334,-0.05380045250058174,-0.737994882942373
UBFC_PHYS_s14_T1_ctrl,28,74,30.466666666666665,-1.0352532863616943,-0.17615649871126787
UBFC_PHYS_s14_T1_ctrl,28,75,30.5,-1.8587915897369385,0.4153898480797586
UBFC_PHYS_s14_T1_ctrl,28,76,30.533333333333335,-2.383202075958252,0.9348788028348506
UBFC_PHYS_s14_T1_ctrl,28,77,30.566666666666666,-2.466144323348999,1.3022193215204476
UBFC_PHYS_s14_T1_ctrl,28,78,30.6,-1.8500889539718628,1.4775819879266192
UBFC_PHYS_s14_T1_ctrl,28,79,30.633333333333333,-0.6873737573623657,1.4640729844916813
UBFC_PHYS_s14_T1_ctrl,28,80,30.666666666666668,0.4250126779079437,1.2961555926932657
UBFC_PHYS_s14_T1_ctrl,28,81,30.7,1.103563666343689,1.021029219380316
UBFC_PHYS_s14_T1_ctrl,28,82,30.733333333333334,1.368585228919983,0.6814676849261319
UBFC_PHYS_s14_T1_ctrl,28,83,30.766666666666666,1.3051884174346924,0.3063588900066378
UBFC_PHYS_s14_T1_ctrl,28,84,30.8,1.0392656326293945,-0.08868201809244176
UBFC_PHYS_s14_T1_ctrl,28,85,30.833333333333332,0.7936770915985107,-0.4923734903195781
UBFC_PHYS_s14_T1_ctrl,28,86,30.866666666666667,0.6381283402442932,-0.8856041789581207
UBFC_PHYS_s14_T1_ctrl,28,87,30.9,0.4532328248023987,-1.2326106658844744
UBFC_PHYS_s14_T1_ctrl,28,88,30.933333333333334,0.22986556589603424,-1.480941261331589
UBFC_PHYS_s14_T1_ctrl,28,89,30.966666666666665,0.12867294251918793,-1.5722150805301072
UBFC_PHYS_s14_T1_ctrl,28,90,31.0,0.2458907663822174,-1.4610465678327935
UBFC_PHYS_s14_T1_ctrl,28,91,31.033333333333335,0.4782141447067261,-1.1353150555776628
UBFC_PHYS_s14_T1_ctrl,28,92,31.066666666666666,0.5697747468948364,-0.6290015101852018
UBFC_PHYS_s14_T1_ctrl,28,93,31.1,0.3302132487297058,-0.02047049248415155
UBFC_PHYS_s14_T1_ctrl,28,94,31.133333333333333,-0.12815293669700623,0.585543471325161
UBFC_PHYS_s14_T1_ctrl,28,95,31.166666666666668,-0.42187342047691345,1.0866408509832834
UBFC_PHYS_s14_T1_ctrl,28,96,31.2,-0.2592836916446686,1.410654726556082
UBFC_PHYS_s14_T1_ctrl,28,97,31.233333333333334,0.27450522780418396,1.53097836775098
UBFC_PHYS_s14_T1_ctrl,28,98,31.266666666666666,0.8348244428634644,1.4641548698337812
UBFC_PHYS_s14_T1_ctrl,28,99,31.3,1.177493691444397,1.2535032643328035
UBFC_PHYS_s14_T1_ctrl,28,100,31.333333333333332,1.29316246509552,0.9481467550647102
UBFC_PHYS_s14_T1_ctrl,28,101,31.366666666666667,1.2274280786514282,0.5870764073440485
UBFC_PHYS_s14_T1_ctrl,28,102,31.4,1.0358015298843384,0.1939455350190379
UBFC_PHYS_s14_T1_ctrl,28,103,31.433333333333334,0.8318672180175781,-0.21732859323337983
UBFC_PHYS_s14_T1_ctrl,28,104,31.466666666666665,0.7314913868904114,-0.6307807138211072
UBFC_PHYS_s14_T1_ctrl,28,105,31.5,0.7955077290534973,-1.0173433621051762
UBFC_PHYS_s14_T1_ctrl,28,106,31.533333333333335,1.0155235528945923,-1.3308889772500314
UBFC_PHYS_s14_T1_ctrl,28,107,31.566666666666666,1.2590560913085938,-1.514692244837716
UBFC_PHYS_s14_T1_ctrl,28,108,31.6,1.388975739479065,-1.517158910225995
UBFC_PHYS_s14_T1_ctrl,28,109,31.633333333333333,1.3414915800094604,-1.3114136865310766
UBFC_PHYS_s14_T1_ctrl,28,110,31.666666666666668,1.0540516376495361,-0.9109216372873209
UBFC_PHYS_s14_T1_ctrl,28,111,31.7,0.5264869332313538,-0.37364777960093404
UBFC_PHYS_s14_T1_ctrl,28,112,31.733333333333334,-0.12956112623214722,0.20930397311127577
UBFC_PHYS_s14_T1_ctrl,28,113,31.766666666666666,-0.8765501976013184,0.7381712384096135
UBFC_PHYS_s14_T1_ctrl,28,114,31.8,-1.6659821271896362,1.1324788143638127
UBFC_PHYS_s14_T1_ctrl,28,115,31.833333333333332,-2.1622567176818848,1.3500292441012367
UBFC_PHYS_s14_T1_ctrl,28,116,31.866666666666667,-2.0488975048065186,1.3893969023207746
UBFC_PHYS_s14_T1_ctrl,28,117,31.9,-1.424167513847351,1.2773912624288364
UBFC_PHYS_s14_T1_ctrl,28,118,31.933333333333334,-0.6663635969161987,1.050090703829353
UBFC_PHYS_s14_T1_ctrl,28,119,31.966666666666665,-0.25959348678588867,0.7378767765353416
UBFC_PHYS_s14_T1_ctrl,28,120,32.0,-0.6362001299858093,0.3612241533448934
UBFC_PHYS_s14_T1_ctrl,28,121,32.03333333333333,-1.6217085123062134,-0.0625890455136701
UBFC_PHYS_s14_T1_ctrl,28,122,32.06666666666667,-2.405028820037842,-0.5075635829155559
UBFC_PHYS_s14_T1_ctrl,28,123,32.1,-2.6193838119506836,-0.9300238997749593
UBFC_PHYS_s14_T1_ctrl,28,124,32.13333333333333,-2.563309669494629,-1.2690143328914514
UBFC_PHYS_s14_T1_ctrl,28,125,32.166666666666664,-2.594289779663086,-1.457837313558815
UBFC_PHYS_s14_T1_ctrl,28,126,32.2,-3.005425214767456,-1.4434539818853207
UBFC_PHYS_s14_T1_ctrl,28,127,32.233333333333334,-4.0586957931518555,-1.2067133327478923
UBFC_PHYS_s14_T1_ctrl,28,128,32.266666666666666,-5.458156108856201,-0.7750774643273445
UBFC_PHYS_s14_T1_ctrl,28,129,32.3,-6.4274983406066895,-0.22126127968511783
UBFC_PHYS_s14_T1_ctrl,28,130,32.333333333333336,-6.664525508880615,0.3540550238480994
UBFC_PHYS_s14_T1_ctrl,28,131,32.36666666666667,-6.327939510345459,0.8503816093349584
UBFC_PHYS_s14_T1_ctrl,28,132,32.4,-5.446637153625488,1.19505052024086
UBFC_PHYS_s14_T1_ctrl,28,133,32.43333333333333,-3.864534378051758,1.358147114592468
UBFC_PHYS_s14_T1_ctrl,28,134,32.46666666666667,-1.642549753189087,1.3494830480199504
UBFC_PHYS_s14_T1_ctrl,28,135,32.5,0.5986426472663879,1.2020818121569898
UBFC_PHYS_s14_T1_ctrl,28,136,32.53333333333333,1.955040454864502,0.9525680321342918
UBFC_PHYS_s14_T1_ctrl,28,137,32.56666666666667,2.3713016510009766,0.6285214727162419
UBFC_PHYS_s14_T1_ctrl,28,138,32.6,2.685750722885132,0.2476075599368388
UBFC_PHYS_s14_T1_ctrl,28,139,32.63333333333333,3.604651689529419,-0.17348334789018932
UBFC_PHYS_s14_T1_ctrl,28,140,32.666666666666664,4.9624857902526855,-0.6070777266686928
UBFC_PHYS_s14_T1_ctrl,28,141,32.7,5.974496364593506,-1.0074375659584065
UBFC_PHYS_s14_T1_ctrl,28,142,32.733333333333334,6.069915771484375,-1.3138798775889067
UBFC_PHYS_s14_T1_ctrl,28,143,32.766666666666666,5.4076433181762695,-1.4645320685236067
UBFC_PHYS_s14_T1_ctrl,28,144,32.8,4.466493129730225,-1.4160334784597295
UBFC_PHYS_s14_T1_ctrl,28,145,32.833333333333336,3.3879876136779785,-1.1612102402621804
UBFC_PHYS_s14_T1_ctrl,28,146,32.86666666666667,2.176492691040039,-0.73673600148674
UBFC_PHYS_s14_T1_ctrl,28,147,32.9,1.0275212526321411,-0.21630602365738488
UBFC_PHYS_s14_T1_ctrl,28,148,32.93333333333333,0.10687415301799774,0.30920355976634395
UBFC_PHYS_s14_T1_ctrl,28,149,32.96666666666667,-0.6712077260017395,0.7570828869131684
UBFC_PHYS_s14_T1_ctrl,28,150,33.0,-1.3586021661758423,1.0729597282487557
UBFC_PHYS_s14_T1_ctrl,28,151,33.03333333333333,-1.6700658798217773,1.2374310993638533
UBFC_PHYS_s14_T1_ctrl,28,152,33.06666666666667,-1.371670126914978,1.2582815910334675
UBFC_PHYS_s14_T1_ctrl,28,153,33.1,-0.6342568397521973,1.155132040652285
UBFC_PHYS_s14_T1_ctrl,28,154,33.13333333333333,0.22693651914596558,0.946200829879498
UBFC_PHYS_s14_T1_ctrl,28,155,33.166666666666664,1.0796806812286377,0.6440763199743168
UBFC_PHYS_s14_T1_ctrl,28,156,33.2,1.7379255294799805,0.2614577597942201
UBFC_PHYS_s14_T1_ctrl,28,157,33.233333333333334,1.8568050861358643,-0.17783313140651155
UBFC_PHYS_s14_T1_ctrl,28,158,33.266666666666666,1.4638915061950684,-0.6299398506563249
UBFC_PHYS_s14_T1_ctrl,28,159,33.3,1.1418383121490479,-1.030620252784242
UBFC_PHYS_s14_T1_ctrl,28,160,33.333333333333336,1.192195177078247,-1.3062790911312079
UBFC_PHYS_s14_T1_ctrl,28,161,33.36666666666667,1.2961759567260742,-1.394104852070785
UBFC_PHYS_s14_T1_ctrl,28,162,33.4,1.1133646965026855,-1.2641884539704924
UBFC_PHYS_s14_T1_ctrl,28,163,33.43333333333333,0.6912171244621277,-0.9340280791077604
UBFC_PHYS_s14_T1_ctrl,28,164,33.46666666666667,0.24166619777679443,-0.46746734751314434
UBFC_PHYS_s14_T1_ctrl,28,165,33.5,-0.16347037255764008,0.0435917935942991
UBFC_PHYS_s14_T1_ctrl,28,166,33.53333333333333,-0.5865191221237183,0.5076083072347088
UBFC_PHYS_s14_T1_ctrl,28,167,33.56666666666667,-0.9876282811164856,0.8591600028550173
UBFC_PHYS_s14_T1_ctrl,28,168,33.6,-1.1603851318359375,1.0708813648029603
UBFC_PHYS_s14_T1_ctrl,28,169,33.63333333333333,-0.9635763764381409,1.1482090137865648
UBFC_PHYS_s14_T1_ctrl,28,170,33.666666666666664,-0.48721349239349365,1.1126814986461948
UBFC_PHYS_s14_T1_ctrl,28,171,33.7,0.07513352483510971,0.9846051833145189
UBFC_PHYS_s14_T1_ctrl,28,172,33.733333333333334,0.5680848956108093,0.7742336402945307
UBFC_PHYS_s14_T1_ctrl,28,173,33.766666666666666,0.8678042888641357,0.484532129925281
UBFC_PHYS_s14_T1_ctrl,28,174,33.8,0.944719672203064,0.12236689864620062
UBFC_PHYS_s14_T1_ctrl,28,175,33.833333333333336,0.8739439845085144,-0.28882236731035826
UBFC_PHYS_s14_T1_ctrl,28,176,33.86666666666667,0.7134383916854858,-0.7022677526777724
UBFC_PHYS_s14_T1_ctrl,28,177,33.9,0.5027448534965515,-1.0518688223371069
UBFC_PHYS_s14_T1_ctrl,28,178,33.93333333333333,0.29759955406188965,-1.2672888676753373
UBFC_PHYS_s14_T1_ctrl,28,179,33.96666666666667,0.07817521691322327,-1.2955955227627156
UBFC_PHYS_s14_T1_ctrl,28,180,34.0,-0.2830258011817932,-1.1212475402124518
UBFC_PHYS_s14_T1_ctrl,28,181,34.03333333333333,-0.8817041516304016,-0.7754916630739649
UBFC_PHYS_s14_T1_ctrl,28,182,34.06666666666667,-1.6519001722335815,-0.32941130818253744
UBFC_PHYS_s14_T1_ctrl,28,183,34.1,-2.4852113723754883,0.1282417739578367
UBFC_PHYS_s14_T1_ctrl,28,184,34.13333333333333,-3.247549533843994,0.5192952594523123
UBFC_PHYS_s14_T1_ctrl,28,185,34.166666666666664,-3.6555025577545166,0.7975245445158207
UBFC_PHYS_s14_T1_ctrl,28,186,34.2,-3.4028730392456055,0.9539710799171287
UBFC_PHYS_s14_T1_ctrl,28,187,34.233333333333334,-2.5136003494262695,1.0059201516889806
UBFC_PHYS_s14_T1_ctrl,28,188,34.266666666666666,-1.3242141008377075,0.9776265137504533
UBFC_PHYS_s14_T1_ctrl,28,189,34.3,-0.18214298784732819,0.8840169368716472
UBFC_PHYS_s14_T1_ctrl,28,190,34.333333333333336,0.7014405727386475,0.7251348393871525
UBFC_PHYS_s14_T1_ctrl,28,191,34.36666666666667,1.220077395439148,0.4923335002840999
UBFC_PHYS_s14_T1_ctrl,28,192,34.4,1.3916795253753662,0.18164337610574632
UBFC_PHYS_s14_T1_ctrl,28,193,34.43333333333333,1.3475186824798584,-0.19278329523509738
UBFC_PHYS_s14_T1_ctrl,28,194,34.46666666666667,1.251649022102356,-0.5917751494532357
UBFC_PHYS_s14_T1_ctrl,28,195,34.5,1.1672701835632324,-0.9546163818131513
UBFC_PHYS_s14_T1_ctrl,28,196,34.53333333333333,1.0416595935821533,-1.212666191260569
UBFC_PHYS_s14_T1_ctrl,28,197,34.56666666666667,0.8545109629631042,-1.3089332789431047
UBFC_PHYS_s14_T1_ctrl,28,198,34.6,0.6447749733924866,-1.2167949309092483
UBFC_PHYS_s14_T1_ctrl,28,199,34.63333333333333,0.4206472933292389,-0.9506126359192174
UBFC_PHYS_s14_T1_ctrl,28,200,34.666666666666664,0.1550624519586563,-0.5631789549816467
UBFC_PHYS_s14_T1_ctrl,28,201,34.7,-0.19946373999118805,-0.1297284230728565
UBFC_PHYS_s14_T1_ctrl,28,202,34.733333333333334,-0.6894015669822693,0.2756841882311642
UBFC_PHYS_s14_T1_ctrl,28,203,34.766666666666666,-1.187056303024292,0.601452237547667
UBFC_PHYS_s14_T1_ctrl,28,204,34.8,-1.3436471223831177,0.8279463777401326
UBFC_PHYS_s14_T1_ctrl,28,205,34.833333333333336,-0.9937398433685303,0.9617662443363919
UBFC_PHYS_s14_T1_ctrl,28,206,34.86666666666667,-0.3432682156562805,1.0195790443979835
UBFC_PHYS_s14_T1_ctrl,28,207,34.9,0.29261454939842224,1.0118793230210135
UBFC_PHYS_s14_T1_ctrl,28,208,34.93333333333333,0.7188739776611328,0.9357412233187263
UBFC_PHYS_s14_T1_ctrl,28,209,34.96666666666667,0.85997474193573,0.7794381369329252
UBFC_PHYS_s14_T1_ctrl,28,210,35.0,0.7545294165611267,0.5351507618833502
UBFC_PHYS_s14_T1_ctrl,28,211,35.03333333333333,0.5326829552650452,0.21223386176125386
UBFC_PHYS_s14_T1_ctrl,28,212,35.06666666666667,0.3490830063819885,-0.156070774555754
UBFC_PHYS_s14_T1_ctrl,28,213,35.1,0.30241554975509644,-0.5160190923540958
UBFC_PHYS_s14_T1_ctrl,28,214,35.13333333333333,0.3542933166027069,-0.8058487924215568
UBFC_PHYS_s14_T1_ctrl,28,215,35.166666666666664,0.3667135536670685,-0.9728078100823886
UBFC_PHYS_s14_T1_ctrl,28,216,35.2,0.29421988129615784,-0.9887009332184595
UBFC_PHYS_s14_T1_ctrl,28,217,35.233333333333334,0.211925208568573,-0.8584850937381824
UBFC_PHYS_s14_T1_ctrl,28,218,35.266666666666666,0.1248989999294281,-0.6185299982998735
UBFC_PHYS_s14_T1_ctrl,28,219,35.3,-0.08404839783906937,-0.32454322685179465
UBFC_PHYS_s14_T1_ctrl,28,220,35.333333333333336,-0.47439897060394287,-0.03323681534298196
UBFC_PHYS_s14_T1_ctrl,28,221,35.36666666666667,-0.9479172825813293,0.21497214430934186
UBFC_PHYS_s14_T1_ctrl,28,222,35.4,-1.2773213386535645,0.40451294593081283
UBFC_PHYS_s14_T1_ctrl,28,223,35.43333333333333,-1.1957870721817017,0.5405391803450798
UBFC_PHYS_s14_T1_ctrl,28,224,35.46666666666667,-0.6146829724311829,0.6351682415797958
UBFC_PHYS_s14_T1_ctrl,28,225,35.5,0.19181624054908752,0.6926526819222065
UBFC_PHYS_s14_T1_ctrl,28,226,35.53333333333333,0.7957330346107483,0.7021168220752633
UBFC_PHYS_s14_T1_ctrl,28,227,35.56666666666667,1.0606701374053955,0.6415678674744433
UBFC_PHYS_s14_T1_ctrl,28,228,35.6,1.098663091659546,0.49041104593538104
UBFC_PHYS_s14_T1_ctrl,28,229,35.63333333333333,1.0204803943634033,0.24344871461557696
UBFC_PHYS_s14_T1_ctrl,28,230,35.666666666666664,0.9309757351875305,-0.08059804380669708
UBFC_PHYS_s14_T1_ctrl,28,231,35.7,0.9244416952133179,-0.43966893528446405
UBFC_PHYS_s14_T1_ctrl,28,232,35.733333333333334,0.9501553177833557,-0.7774960178891689
UBFC_PHYS_s14_T1_ctrl,28,233,35.766666666666666,0.8854348063468933,-1.037519698896115
UBFC_PHYS_s14_T1_ctrl,28,234,35.8,0.762471616268158,-1.1764668363278996
UBFC_PHYS_s14_T1_ctrl,28,235,35.833333333333336,0.6717277765274048,-1.1731496325123096
UBFC_PHYS_s14_T1_ctrl,28,236,35.86666666666667,0.56383216381073,-1.030287011902367
UBFC_PHYS_s14_T1_ctrl,28,237,35.9,0.3657841682434082,-0.7700352384402077
UBFC_PHYS_s14_T1_ctrl,28,238,35.93333333333333,0.10577575862407684,-0.42631470026659557
UBFC_PHYS_s14_T1_ctrl,28,239,35.96666666666667,-0.1876349300146103,-0.037871905851416275
UBFC_PHYS_s14_T1_ctrl,29,0,29.0,0.47655245661735535,0.10059432839409725
UBFC_PHYS_s14_T1_ctrl,29,1,29.033333333333335,0.21798042953014374,-0.04637739452697966
UBFC_PHYS_s14_T1_ctrl,29,2,29.066666666666666,0.0652480199933052,-0.15995577891227808
UBFC_PHYS_s14_T1_ctrl,29,3,29.1,0.06828971207141876,-0.20730532012719857
UBFC_PHYS_s14_T1_ctrl,29,4,29.133333333333333,0.11537962406873703,-0.16055537333862951
UBFC_PHYS_s14_T1_ctrl,29,5,29.166666666666668,0.10295937955379486,-0.004127634764473245
UBFC_PHYS_s14_T1_ctrl,29,6,29.2,0.0096526388078928,0.2564787912859037
UBFC_PHYS_s14_T1_ctrl,29,7,29.233333333333334,-0.14271363615989685,0.5893376352552995
UBFC_PHYS_s14_T1_ctrl,29,8,29.266666666666666,-0.29896652698516846,0.9389485946094752
UBFC_PHYS_s14_T1_ctrl,29,9,29.3,-0.4280976355075836,1.2385143569173098
UBFC_PHYS_s14_T1_ctrl,29,10,29.333333333333332,-0.6018402576446533,1.4275500524282412
UBFC_PHYS_s14_T1_ctrl,29,11,29.366666666666667,-0.8253765106201172,1.4674926777931734
UBFC_PHYS_s14_T1_ctrl,29,12,29.4,-0.8945749998092651,1.3493715528181058
UBFC_PHYS_s14_T1_ctrl,29,13,29.433333333333334,-0.62397700548172,1.0919024503952424
UBFC_PHYS_s14_T1_ctrl,29,14,29.466666666666665,-0.09542658179998398,0.7323459942753368
UBFC_PHYS_s14_T1_ctrl,29,15,29.5,0.4609215557575226,0.31464142787701754
UBFC_PHYS_s14_T1_ctrl,29,16,29.533333333333335,0.8665650486946106,-0.12046936540178976
UBFC_PHYS_s14_T1_ctrl,29,17,29.566666666666666,0.9932740926742554,-0.5401397752679026
UBFC_PHYS_s14_T1_ctrl,29,18,29.6,0.8141803741455078,-0.9183713500422634
UBFC_PHYS_s14_T1_ctrl,29,19,29.633333333333333,0.5205725431442261,-1.231336795405572
UBFC_PHYS_s14_T1_ctrl,29,20,29.666666666666668,0.334606796503067,-1.452873357617794
UBFC_PHYS_s14_T1_ctrl,29,21,29.7,0.22924596071243286,-1.553924123830028
UBFC_PHYS_s14_T1_ctrl,29,22,29.733333333333334,0.04742032289505005,-1.5078708783281423
UBFC_PHYS_s14_T1_ctrl,29,23,29.766666666666666,-0.2223890870809555,-1.3006915578389462
UBFC_PHYS_s14_T1_ctrl,29,24,29.8,-0.4953528344631195,-0.9418794550771128
UBFC_PHYS_s14_T1_ctrl,29,25,29.833333333333332,-0.8067320585250854,-0.4704813379801714
UBFC_PHYS_s14_T1_ctrl,29,26,29.866666666666667,-1.2434121370315552,0.048403772422936406
UBFC_PHYS_s14_T1_ctrl,29,27,29.9,-1.7040032148361206,0.5373720506505818
UBFC_PHYS_s14_T1_ctrl,29,28,29.933333333333334,-1.9357914924621582,0.9259303050398723
UBFC_PHYS_s14_T1_ctrl,29,29,29.966666666666665,-1.8187426328659058,1.1670928459750851
UBFC_PHYS_s14_T1_ctrl,29,30,30.0,-1.5271625518798828,1.2448066810297858
UBFC_PHYS_s14_T1_ctrl,29,31,30.033333333333335,-1.4051569700241089,1.170629411681629
UBFC_PHYS_s14_T1_ctrl,29,32,30.066666666666666,-1.351786494255066,0.9731385136783046
UBFC_PHYS_s14_T1_ctrl,29,33,30.1,-0.5940389037132263,0.6860954426166693
UBFC_PHYS_s14_T1_ctrl,29,34,30.133333333333333,1.161975383758545,0.3405569936063573
UBFC_PHYS_s14_T1_ctrl,29,35,30.166666666666668,2.874842643737793,-0.03692550144430502
UBFC_PHYS_s14_T1_ctrl,29,36,30.2,3.457833766937256,-0.4211548041591763
UBFC_PHYS_s14_T1_ctrl,29,37,30.233333333333334,3.105814218521118,-0.7833550183942468
UBFC_PHYS_s14_T1_ctrl,29,38,30.266666666666666,2.5385665893554688,-1.0879258178929792
UBFC_PHYS_s14_T1_ctrl,29,39,30.3,1.9886116981506348,-1.2934409221595677
UBFC_PHYS_s14_T1_ctrl,29,40,30.333333333333332,1.5031237602233887,-1.3590113001029884
UBFC_PHYS_s14_T1_ctrl,29,41,30.366666666666667,1.1551597118377686,-1.2551943577348341
UBFC_PHYS_s14_T1_ctrl,29,42,30.4,0.7279990911483765,-0.9762668000876422
UBFC_PHYS_s14_T1_ctrl,29,43,30.433333333333334,-0.05380045250058174,-0.5487647259284605
UBFC_PHYS_s14_T1_ctrl,29,44,30.466666666666665,-1.0352532863616943,-0.031109164138654874
UBFC_PHYS_s14_T1_ctrl,29,45,30.5,-1.8587915897369385,0.4978569317871236
UBFC_PHYS_s14_T1_ctrl,29,46,30.533333333333335,-2.383202075958252,0.9580937696068418
UBFC_PHYS_s14_T1_ctrl,29,47,30.566666666666666,-2.466144323348999,1.2876013489806903
UBFC_PHYS_s14_T1_ctrl,29,48,30.6,-1.8500889539718628,1.45390943331132
UBFC_PHYS_s14_T1_ctrl,29,49,30.633333333333333,-0.6873737573623657,1.4543781013692523
UBFC_PHYS_s14_T1_ctrl,29,50,30.666666666666668,0.4250126779079437,1.3077442024159414
UBFC_PHYS_s14_T1_ctrl,29,51,30.7,1.103563666343689,1.0430586259764996
UBFC_PHYS_s14_T1_ctrl,29,52,30.733333333333334,1.368585228919983,0.6915748072264807
UBFC_PHYS_s14_T1_ctrl,29,53,30.766666666666666,1.3051884174346924,0.28370840496557803
UBFC_PHYS_s14_T1_ctrl,29,54,30.8,1.0392656326293945,-0.15015919561344837
UBFC_PHYS_s14_T1_ctrl,29,55,30.833333333333332,0.7936770915985107,-0.5775882509919603
UBFC_PHYS_s14_T1_ctrl,29,56,30.866666666666667,0.6381283402442932,-0.9625053850692827
UBFC_PHYS_s14_T1_ctrl,29,57,30.9,0.4532328248023987,-1.2650129626895708
UBFC_PHYS_s14_T1_ctrl,29,58,30.933333333333334,0.22986556589603424,-1.4437185395550107
UBFC_PHYS_s14_T1_ctrl,29,59,30.966666666666665,0.12867294251918793,-1.461965427001284
UBFC_PHYS_s14_T1_ctrl,29,60,31.0,0.2458907663822174,-1.2979202330749937
UBFC_PHYS_s14_T1_ctrl,29,61,31.033333333333335,0.4782141447067261,-0.9557482121330947
UBFC_PHYS_s14_T1_ctrl,29,62,31.066666666666666,0.5697747468948364,-0.47280091315032224
UBFC_PHYS_s14_T1_ctrl,29,63,31.1,0.3302132487297058,0.08233491412570784
UBFC_PHYS_s14_T1_ctrl,29,64,31.133333333333333,-0.12815293669700623,0.6230157785731381
UBFC_PHYS_s14_T1_ctrl,29,65,31.166666666666668,-0.42187342047691345,1.065605918251497
UBFC_PHYS_s14_T1_ctrl,29,66,31.2,-0.2592836916446686,1.3500338285411106
UBFC_PHYS_s14_T1_ctrl,29,67,31.233333333333334,0.27450522780418396,1.4509931428647103
UBFC_PHYS_s14_T1_ctrl,29,68,31.266666666666666,0.8348244428634644,1.3765070412060991
UBFC_PHYS_s14_T1_ctrl,29,69,31.3,1.177493691444397,1.1574777301215071
UBFC_PHYS_s14_T1_ctrl,29,70,31.333333333333332,1.29316246509552,0.8347725698531686
UBFC_PHYS_s14_T1_ctrl,29,71,31.366666666666667,1.2274280786514282,0.4490851400367479
UBFC_PHYS_s14_T1_ctrl,29,72,31.4,1.0358015298843384,0.03581916298292974
UBFC_PHYS_s14_T1_ctrl,29,73,31.433333333333334,0.8318672180175781,-0.37525752420924485
UBFC_PHYS_s14_T1_ctrl,29,74,31.466666666666665,0.7314913868904114,-0.7570195806785972
UBFC_PHYS_s14_T1_ctrl,29,75,31.5,0.7955077290534973,-1.0807026260562778
UBFC_PHYS_s14_T1_ctrl,29,76,31.533333333333335,1.0155235528945923,-1.3131754027718239
UBFC_PHYS_s14_T1_ctrl,29,77,31.566666666666666,1.2590560913085938,-1.4187019153179927
UBFC_PHYS_s14_T1_ctrl,29,78,31.6,1.388975739479065,-1.3664936169888702
UBFC_PHYS_s14_T1_ctrl,29,79,31.633333333333333,1.3414915800094604,-1.1423794560127232
UBFC_PHYS_s14_T1_ctrl,29,80,31.666666666666668,1.0540516376495361,-0.7600011670549836
UBFC_PHYS_s14_T1_ctrl,29,81,31.7,0.5264869332313538,-0.2656336383698375
UBFC_PHYS_s14_T1_ctrl,29,82,31.733333333333334,-0.12956112623214722,0.2677664096512682
UBFC_PHYS_s14_T1_ctrl,29,83,31.766666666666666,-0.8765501976013184,0.7570625614645935
UBFC_PHYS_s14_T1_ctrl,29,84,31.8,-1.6659821271896362,1.129851464610827
UBFC_PHYS_s14_T1_ctrl,29,85,31.833333333333332,-2.1622567176818848,1.3407928350780585
UBFC_PHYS_s14_T1_ctrl,29,86,31.866666666666667,-2.0488975048065186,1.3772679623755055
UBFC_PHYS_s14_T1_ctrl,29,87,31.9,-1.424167513847351,1.254266549720056
UBFC_PHYS_s14_T1_ctrl,29,88,31.933333333333334,-0.6663635969161987,1.0030935832311079
UBFC_PHYS_s14_T1_ctrl,29,89,31.966666666666665,-0.25959348678588867,0.6600109357131492
UBFC_PHYS_s14_T1_ctrl,29,90,32.0,-0.6362001299858093,0.25951145038658835
UBFC_PHYS_s14_T1_ctrl,29,91,32.03333333333333,-1.6217085123062134,-0.16627865414580933
UBFC_PHYS_s14_T1_ctrl,29,92,32.06666666666667,-2.405028820037842,-0.5839498421213101
UBFC_PHYS_s14_T1_ctrl,29,93,32.1,-2.6193838119506836,-0.9547844390249598
UBFC_PHYS_s14_T1_ctrl,29,94,32.13333333333333,-2.563309669494629,-1.2341091561399964
UBFC_PHYS_s14_T1_ctrl,29,95,32.166666666666664,-2.594289779663086,-1.3761386860717701
UBFC_PHYS_s14_T1_ctrl,29,96,32.2,-3.005425214767456,-1.3442111030709702
UBFC_PHYS_s14_T1_ctrl,29,97,32.233333333333334,-4.0586957931518555,-1.1238353608975176
UBFC_PHYS_s14_T1_ctrl,29,98,32.266666666666666,-5.458156108856201,-0.7336378115950619
UBFC_PHYS_s14_T1_ctrl,29,99,32.3,-6.4274983406066895,-0.22834265789632022
UBFC_PHYS_s14_T1_ctrl,29,100,32.333333333333336,-6.664525508880615,0.3102752160596685
UBFC_PHYS_s14_T1_ctrl,29,101,32.36666666666667,-6.327939510345459,0.7933735237659993
UBFC_PHYS_s14_T1_ctrl,29,102,32.4,-5.446637153625488,1.1483028400309787
UBFC_PHYS_s14_T1_ctrl,29,103,32.43333333333333,-3.864534378051758,1.3347370898131827
UBFC_PHYS_s14_T1_ctrl,29,104,32.46666666666667,-1.642549753189087,1.347508201676597
UBFC_PHYS_s14_T1_ctrl,29,105,32.5,0.5986426472663879,1.2076082449131325
UBFC_PHYS_s14_T1_ctrl,29,106,32.53333333333333,1.955040454864502,0.9481751406351384
UBFC_PHYS_s14_T1_ctrl,29,107,32.56666666666667,2.3713016510009766,0.603040765149877
UBFC_PHYS_s14_T1_ctrl,29,108,32.6,2.685750722885132,0.20232401160105623
UBFC_PHYS_s14_T1_ctrl,29,109,32.63333333333333,3.604651689529419,-0.22504641100980227
UBFC_PHYS_s14_T1_ctrl,29,110,32.666666666666664,4.9624857902526855,-0.6455650822702954
UBFC_PHYS_s14_T1_ctrl,29,111,32.7,5.974496364593506,-1.0170367213095057
UBFC_PHYS_s14_T1_ctrl,29,112,32.733333333333334,6.069915771484375,-1.2898449158606389
UBFC_PHYS_s14_T1_ctrl,29,113,32.766666666666666,5.4076433181762695,-1.4147371195575098
UBFC_PHYS_s14_T1_ctrl,29,114,32.8,4.466493129730225,-1.3554502758546
UBFC_PHYS_s14_T1_ctrl,29,115,32.833333333333336,3.3879876136779785,-1.1022304493225898
UBFC_PHYS_s14_T1_ctrl,29,116,32.86666666666667,2.176492691040039,-0.6810663429302012
UBFC_PHYS_s14_T1_ctrl,29,117,32.9,1.0275212526321411,-0.15376855416699006
UBFC_PHYS_s14_T1_ctrl,29,118,32.93333333333333,0.10687415301799774,0.3935872277062314
UBFC_PHYS_s14_T1_ctrl,29,119,32.96666666666667,-0.6712077260017395,0.8715083077628949
UBFC_PHYS_s14_T1_ctrl,29,120,33.0,-1.3586021661758423,1.2092823652754332
UBFC_PHYS_s14_T1_ctrl,29,121,33.03333333333333,-1.6700658798217773,1.3689740293095418
UBFC_PHYS_s14_T1_ctrl,29,122,33.06666666666667,-1.371670126914978,1.346629765399775
UBFC_PHYS_s14_T1_ctrl,29,123,33.1,-0.6342568397521973,1.1634578056066878
UBFC_PHYS_s14_T1_ctrl,29,124,33.13333333333333,0.22693651914596558,0.8538375823029348
UBFC_PHYS_s14_T1_ctrl,29,125,33.166666666666664,1.0796806812286377,0.4564350254963427
UBFC_PHYS_s14_T1_ctrl,29,126,33.2,1.7379255294799805,0.011147649260595338
UBFC_PHYS_s14_T1_ctrl,29,127,33.233333333333334,1.8568050861358643,-0.4394550089861169
UBFC_PHYS_s14_T1_ctrl,29,128,33.266666666666666,1.4638915061950684,-0.8480166949316712
UBFC_PHYS_s14_T1_ctrl,29,129,33.3,1.1418383121490479,-1.163549223205788
UBFC_PHYS_s14_T1_ctrl,29,130,33.333333333333336,1.192195177078247,-1.3378987359423054
UBFC_PHYS_s14_T1_ctrl,29,131,33.36666666666667,1.2961759567260742,-1.3366163608690949
UBFC_PHYS_s14_T1_ctrl,29,132,33.4,1.1133646965026855,-1.150567438519881
UBFC_PHYS_s14_T1_ctrl,29,133,33.43333333333333,0.6912171244621277,-0.8031431933796519
UBFC_PHYS_s14_T1_ctrl,29,134,33.46666666666667,0.24166619777679443,-0.3486039765936519
UBFC_PHYS_s14_T1_ctrl,29,135,33.5,-0.16347037255764008,0.13964969445643124
UBFC_PHYS_s14_T1_ctrl,29,136,33.53333333333333,-0.5865191221237183,0.587174341043625
UBFC_PHYS_s14_T1_ctrl,29,137,33.56666666666667,-0.9876282811164856,0.9356636996699395
UBFC_PHYS_s14_T1_ctrl,29,138,33.6,-1.1603851318359375,1.152295810306715
UBFC_PHYS_s14_T1_ctrl,29,139,33.63333333333333,-0.9635763764381409,1.2286091340071164
UBFC_PHYS_s14_T1_ctrl,29,140,33.666666666666664,-0.48721349239349365,1.1720148844377059
UBFC_PHYS_s14_T1_ctrl,29,141,33.7,0.07513352483510971,0.9965229191412386
UBFC_PHYS_s14_T1_ctrl,29,142,33.733333333333334,0.5680848956108093,0.7181922177090866
UBFC_PHYS_s14_T1_ctrl,29,143,33.766666666666666,0.8678042888641357,0.35667498976235784
UBFC_PHYS_s14_T1_ctrl,29,144,33.8,0.944719672203064,-0.059845094446281895
UBFC_PHYS_s14_T1_ctrl,29,145,33.833333333333336,0.8739439845085144,-0.490764984921759
UBFC_PHYS_s14_T1_ctrl,29,146,33.86666666666667,0.7134383916854858,-0.883636298012382
UBFC_PHYS_s14_T1_ctrl,29,147,33.9,0.5027448534965515,-1.1803403334248626
UBFC_PHYS_s14_T1_ctrl,29,148,33.93333333333333,0.29759955406188965,-1.3281090461726
UBFC_PHYS_s14_T1_ctrl,29,149,33.96666666666667,0.07817521691322327,-1.293008500431125
UBFC_PHYS_s14_T1_ctrl,29,150,34.0,-0.2830258011817932,-1.0717614672433289
UBFC_PHYS_s14_T1_ctrl,29,151,34.03333333333333,-0.8817041516304016,-0.6968681849394213
UBFC_PHYS_s14_T1_ctrl,29,152,34.06666666666667,-1.6519001722335815,-0.23124259533788716
UBFC_PHYS_s14_T1_ctrl,29,153,34.1,-2.4852113723754883,0.24742934793070892
UBFC_PHYS_s14_T1_ctrl,29,154,34.13333333333333,-3.247549533843994,0.6670530470851548
UBFC_PHYS_s14_T1_ctrl,29,155,34.166666666666664,-3.6555025577545166,0.9776448596436785
UBFC_PHYS_s14_T1_ctrl,29,156,34.2,-3.4028730392456055,1.1574733080251056
UBFC_PHYS_s14_T1_ctrl,29,157,34.233333333333334,-2.5136003494262695,1.2079868575811352
UBFC_PHYS_s14_T1_ctrl,29,158,34.266666666666666,-1.3242141008377075,1.1424269052245337
UBFC_PHYS_s14_T1_ctrl,29,159,34.3,-0.18214298784732819,0.9754912477044109
UBFC_PHYS_s14_T1_ctrl,29,160,34.333333333333336,0.7014405727386475,0.7193799151524498
UBFC_PHYS_s14_T1_ctrl,29,161,34.36666666666667,1.220077395439148,0.38685318101288585
UBFC_PHYS_s14_T1_ctrl,29,162,34.4,1.3916795253753662,-0.002271943594518714
UBFC_PHYS_s14_T1_ctrl,29,163,34.43333333333333,1.3475186824798584,-0.41609914033702866
UBFC_PHYS_s14_T1_ctrl,29,164,34.46666666666667,1.251649022102356,-0.810204733126163
UBFC_PHYS_s14_T1_ctrl,29,165,34.5,1.1672701835632324,-1.1321843336443387
UBFC_PHYS_s14_T1_ctrl,29,166,34.53333333333333,1.0416595935821533,-1.3302374353478865
UBFC_PHYS_s14_T1_ctrl,29,167,34.56666666666667,0.8545109629631042,-1.3643054522976152
UBFC_PHYS_s14_T1_ctrl,29,168,34.6,0.6447749733924866,-1.2173726187613971
UBFC_PHYS_s14_T1_ctrl,29,169,34.63333333333333,0.4206472933292389,-0.903423619566944
UBFC_PHYS_s14_T1_ctrl,29,170,34.666666666666664,0.1550624519586563,-0.46829337016597633
UBFC_PHYS_s14_T1_ctrl,29,171,34.7,-0.19946373999118805,0.018758651123905533
UBFC_PHYS_s14_T1_ctrl,29,172,34.733333333333334,-0.6894015669822693,0.4813771691636278
UBFC_PHYS_s14_T1_ctrl,29,173,34.766666666666666,-1.187056303024292,0.8548796270960358
UBFC_PHYS_s14_T1_ctrl,29,174,34.8,-1.3436471223831177,1.0997704446959606
UBFC_PHYS_s14_T1_ctrl,29,175,34.833333333333336,-0.9937398433685303,1.2044158020221274
UBFC_PHYS_s14_T1_ctrl,29,176,34.86666666666667,-0.3432682156562805,1.1775364044338197
UBFC_PHYS_s14_T1_ctrl,29,177,34.9,0.29261454939842224,1.036847961585291
UBFC_PHYS_s14_T1_ctrl,29,178,34.93333333333333,0.7188739776611328,0.8008739177812815
UBFC_PHYS_s14_T1_ctrl,29,179,34.96666666666667,0.85997474193573,0.4872609253865126
UBFC_PHYS_s14_T1_ctrl,29,180,35.0,0.7545294165611267,0.11625740197546344
UBFC_PHYS_s14_T1_ctrl,29,181,35.03333333333333,0.5326829552650452,-0.28457847489520766
UBFC_PHYS_s14_T1_ctrl,29,182,35.06666666666667,0.3490830063819885,-0.6778477682199818
UBFC_PHYS_s14_T1_ctrl,29,183,35.1,0.30241554975509644,-1.0174787213621395
UBFC_PHYS_s14_T1_ctrl,29,184,35.13333333333333,0.3542933166027069,-1.2539375060826157
UBFC_PHYS_s14_T1_ctrl,29,185,35.166666666666664,0.3667135536670685,-1.3432037430354244
UBFC_PHYS_s14_T1_ctrl,29,186,35.2,0.29421988129615784,-1.2581361550636971
UBFC_PHYS_s14_T1_ctrl,29,187,35.233333333333334,0.211925208568573,-0.9991137676118074
UBFC_PHYS_s14_T1_ctrl,29,188,35.266666666666666,0.1248989999294281,-0.5993555656252059
UBFC_PHYS_s14_T1_ctrl,29,189,35.3,-0.08404839783906937,-0.12076498799560127
UBFC_PHYS_s14_T1_ctrl,29,190,35.333333333333336,-0.47439897060394287,0.3604917367755159
UBFC_PHYS_s14_T1_ctrl,29,191,35.36666666666667,-0.9479172825813293,0.7741701928399018
UBFC_PHYS_s14_T1_ctrl,29,192,35.4,-1.2773213386535645,1.0731048437307629
UBFC_PHYS_s14_T1_ctrl,29,193,35.43333333333333,-1.1957870721817017,1.2392944715103535
UBFC_PHYS_s14_T1_ctrl,29,194,35.46666666666667,-0.6146829724311829,1.2775823476991535
UBFC_PHYS_s14_T1_ctrl,29,195,35.5,0.19181624054908752,1.2030020052154038
UBFC_PHYS_s14_T1_ctrl,29,196,35.53333333333333,0.7957330346107483,1.0302028417001854
UBFC_PHYS_s14_T1_ctrl,29,197,35.56666666666667,1.0606701374053955,0.7703046440592566
UBFC_PHYS_s14_T1_ctrl,29,198,35.6,1.098663091659546,0.43519093806977727
UBFC_PHYS_s14_T1_ctrl,29,199,35.63333333333333,1.0204803943634033,0.045077498853674736
UBFC_PHYS_s14_T1_ctrl,29,200,35.666666666666664,0.9309757351875305,-0.3658216304878553
UBFC_PHYS_s14_T1_ctrl,29,201,35.7,0.9244416952133179,-0.7491182547730494
UBFC_PHYS_s14_T1_ctrl,29,202,35.733333333333334,0.9501553177833557,-1.0486374383953077
UBFC_PHYS_s14_T1_ctrl,29,203,35.766666666666666,0.8854348063468933,-1.2120755985044498
UBFC_PHYS_s14_T1_ctrl,29,204,35.8,0.762471616268158,-1.2048418615626382
UBFC_PHYS_s14_T1_ctrl,29,205,35.833333333333336,0.6717277765274048,-1.0218313154625485
UBFC_PHYS_s14_T1_ctrl,29,206,35.86666666666667,0.56383216381073,-0.692549115873617
UBFC_PHYS_s14_T1_ctrl,29,207,35.9,0.3657841682434082,-0.27620463065335843
UBFC_PHYS_s14_T1_ctrl,29,208,35.93333333333333,0.10577575862407684,0.1533626082445955
UBFC_PHYS_s14_T1_ctrl,29,209,35.96666666666667,-0.1876349300146103,0.5282071083233065
UBFC_PHYS_s14_T1_ctrl,29,210,36.0,-0.4482066035270691,0.8033467441086198
UBFC_PHYS_s14_T1_ctrl,29,211,36.03333333333333,-0.43764516711235046,0.9621873651313931
UBFC_PHYS_s14_T1_ctrl,29,212,36.06666666666667,-0.0010214496869593859,1.0090801277524073
UBFC_PHYS_s14_T1_ctrl,29,213,36.1,0.7034120559692383,0.9556225564109182
UBFC_PHYS_s14_T1_ctrl,29,214,36.13333333333333,1.3520530462265015,0.8098736714939739
UBFC_PHYS_s14_T1_ctrl,29,215,36.166666666666664,1.6498572826385498,0.5743279961116168
UBFC_PHYS_s14_T1_ctrl,29,216,36.2,1.4731292724609375,0.2524515928855567
UBFC_PHYS_s14_T1_ctrl,29,217,36.233333333333334,1.0312389135360718,-0.14133282816712872
UBFC_PHYS_s14_T1_ctrl,29,218,36.266666666666666,0.6999478936195374,-0.5745987204519029
UBFC_PHYS_s14_T1_ctrl,29,219,36.3,0.5747315287590027,-0.9970460431333416
UBFC_PHYS_s14_T1_ctrl,29,220,36.333333333333336,0.46247056126594543,-1.3483868330450186
UBFC_PHYS_s14_T1_ctrl,29,221,36.36666666666667,0.27901142835617065,-1.5714165935072777
UBFC_PHYS_s14_T1_ctrl,29,222,36.4,0.1418817788362503,-1.6261966910080503
UBFC_PHYS_s14_T1_ctrl,29,223,36.43333333333333,0.09828418493270874,-1.5010355470574366
UBFC_PHYS_s14_T1_ctrl,29,224,36.46666666666667,-0.034113939851522446,-1.21642191331797
UBFC_PHYS_s14_T1_ctrl,29,225,36.5,-0.46383753418922424,-0.8197348416346362
UBFC_PHYS_s14_T1_ctrl,29,226,36.53333333333333,-1.1416280269622803,-0.37180628171942603
UBFC_PHYS_s14_T1_ctrl,29,227,36.56666666666667,-1.7897902727127075,0.0697826780928329
UBFC_PHYS_s14_T1_ctrl,29,228,36.6,-2.13981032371521,0.4635562822911559
UBFC_PHYS_s14_T1_ctrl,29,229,36.63333333333333,-2.000343084335327,0.787758378376327
UBFC_PHYS_s14_T1_ctrl,29,230,36.666666666666664,-1.3670512437820435,1.0350053109801032
UBFC_PHYS_s14_T1_ctrl,29,231,36.7,-0.5132650136947632,1.2036169330981543
UBFC_PHYS_s14_T1_ctrl,29,232,36.733333333333334,0.20091314613819122,1.2920992069473403
UBFC_PHYS_s14_T1_ctrl,29,233,36.766666666666666,0.5851803421974182,1.299666213227209
UBFC_PHYS_s14_T1_ctrl,29,234,36.8,0.6268627643585205,1.2307119746142736
UBFC_PHYS_s14_T1_ctrl,29,235,36.833333333333336,0.4299413561820984,1.0982542443678076
UBFC_PHYS_s14_T1_ctrl,29,236,36.86666666666667,0.17579102516174316,0.9224529077372156
UBFC_PHYS_s14_T1_ctrl,29,237,36.9,0.03643643110990524,0.7242037180732727
UBFC_PHYS_s14_T1_ctrl,29,238,36.93333333333333,0.056094780564308167,0.5176789499500638
UBFC_PHYS_s14_T1_ctrl,29,239,36.96666666666667,0.12915173172950745,0.3069195304384969
UBFC_PHYS_s14_T1_ctrl,30,0,30.0,-1.5271625518798828,-0.017894127894576582
UBFC_PHYS_s14_T1_ctrl,30,1,30.033333333333335,-1.4051569700241089,-0.23559882944324603
UBFC_PHYS_s14_T1_ctrl,30,2,30.066666666666666,-1.351786494255066,-0.41646601017985385
UBFC_PHYS_s14_T1_ctrl,30,3,30.1,-0.5940389037132263,-0.5343923847676821
UBFC_PHYS_s14_T1_ctrl,30,4,30.133333333333333,1.161975383758545,-0.5814608826704039
UBFC_PHYS_s14_T1_ctrl,30,5,30.166666666666668,2.874842643737793,-0.5687205715939007
UBFC_PHYS_s14_T1_ctrl,30,6,30.2,3.457833766937256,-0.5200264608724164
UBFC_PHYS_s14_T1_ctrl,30,7,30.233333333333334,3.105814218521118,-0.4616038316537712
UBFC_PHYS_s14_T1_ctrl,30,8,30.266666666666666,2.5385665893554688,-0.41139390752909694
UBFC_PHYS_s14_T1_ctrl,30,9,30.3,1.9886116981506348,-0.3720096929984617
UBFC_PHYS_s14_T1_ctrl,30,10,30.333333333333332,1.5031237602233887,-0.3301334933939208
UBFC_PHYS_s14_T1_ctrl,30,11,30.366666666666667,1.1551597118377686,-0.2633327434181441
UBFC_PHYS_s14_T1_ctrl,30,12,30.4,0.7279990911483765,-0.15237502951797613
UBFC_PHYS_s14_T1_ctrl,30,13,30.433333333333334,-0.05380045250058174,0.0060952724573215865
UBFC_PHYS_s14_T1_ctrl,30,14,30.466666666666665,-1.0352532863616943,0.1934060251175876
UBFC_PHYS_s14_T1_ctrl,30,15,30.5,-1.8587915897369385,0.3739086615585015
UBFC_PHYS_s14_T1_ctrl,30,16,30.533333333333335,-2.383202075958252,0.5095557117598506
UBFC_PHYS_s14_T1_ctrl,30,17,30.566666666666666,-2.466144323348999,0.5761870789125141
UBFC_PHYS_s14_T1_ctrl,30,18,30.6,-1.8500889539718628,0.5725016491966071
UBFC_PHYS_s14_T1_ctrl,30,19,30.633333333333333,-0.6873737573623657,0.5171234601519243
UBFC_PHYS_s14_T1_ctrl,30,20,30.666666666666668,0.4250126779079437,0.4363319796509871
UBFC_PHYS_s14_T1_ctrl,30,21,30.7,1.103563666343689,0.3500885717493981
UBFC_PHYS_s14_T1_ctrl,30,22,30.733333333333334,1.368585228919983,0.2637441969458989
UBFC_PHYS_s14_T1_ctrl,30,23,30.766666666666666,1.3051884174346924,0.16855924754665752
UBFC_PHYS_s14_T1_ctrl,30,24,30.8,1.0392656326293945,0.04938012180683161
UBFC_PHYS_s14_T1_ctrl,30,25,30.833333333333332,0.7936770915985107,-0.10490011779505272
UBFC_PHYS_s14_T1_ctrl,30,26,30.866666666666667,0.6381283402442932,-0.2924011002848975
UBFC_PHYS_s14_T1_ctrl,30,27,30.9,0.4532328248023987,-0.49368417816026855
UBFC_PHYS_s14_T1_ctrl,30,28,30.933333333333334,0.22986556589603424,-0.6731457188919843
UBFC_PHYS_s14_T1_ctrl,30,29,30.966666666666665,0.12867294251918793,-0.7868175392214736
UBFC_PHYS_s14_T1_ctrl,30,30,31.0,0.2458907663822174,-0.7952520538315243
UBFC_PHYS_s14_T1_ctrl,30,31,31.033333333333335,0.4782141447067261,-0.677838773991177
UBFC_PHYS_s14_T1_ctrl,30,32,31.066666666666666,0.5697747468948364,-0.4430104100643892
UBFC_PHYS_s14_T1_ctrl,30,33,31.1,0.3302132487297058,-0.12905630229557416
UBFC_PHYS_s14_T1_ctrl,30,34,31.133333333333333,-0.12815293669700623,0.20635180291102048
UBFC_PHYS_s14_T1_ctrl,30,35,31.166666666666668,-0.42187342047691345,0.5043329747097582
UBFC_PHYS_s14_T1_ctrl,30,36,31.2,-0.2592836916446686,0.7223810121650013
UBFC_PHYS_s14_T1_ctrl,30,37,31.233333333333334,0.27450522780418396,0.8429658802271085
UBFC_PHYS_s14_T1_ctrl,30,38,31.266666666666666,0.8348244428634644,0.8703415205243985
UBFC_PHYS_s14_T1_ctrl,30,39,31.3,1.177493691444397,0.8196703168152794
UBFC_PHYS_s14_T1_ctrl,30,40,31.333333333333332,1.29316246509552,0.70573409578322
UBFC_PHYS_s14_T1_ctrl,30,41,31.366666666666667,1.2274280786514282,0.5369773461986409
UBFC_PHYS_s14_T1_ctrl,30,42,31.4,1.0358015298843384,0.3165451925081228
UBFC_PHYS_s14_T1_ctrl,30,43,31.433333333333334,0.8318672180175781,0.04827590367836501
UBFC_PHYS_s14_T1_ctrl,30,44,31.466666666666665,0.7314913868904114,-0.25586583310756683
UBFC_PHYS_s14_T1_ctrl,30,45,31.5,0.7955077290534973,-0.5702727076760823
UBFC_PHYS_s14_T1_ctrl,30,46,31.533333333333335,1.0155235528945923,-0.8548824531326936
UBFC_PHYS_s14_T1_ctrl,30,47,31.566666666666666,1.2590560913085938,-1.0607231840528333
UBFC_PHYS_s14_T1_ctrl,30,48,31.6,1.388975739479065,-1.141339144233252
UBFC_PHYS_s14_T1_ctrl,30,49,31.633333333333333,1.3414915800094604,-1.0670605105495226
UBFC_PHYS_s14_T1_ctrl,30,50,31.666666666666668,1.0540516376495361,-0.8371659117996935
UBFC_PHYS_s14_T1_ctrl,30,51,31.7,0.5264869332313538,-0.48455974344489655
UBFC_PHYS_s14_T1_ctrl,30,52,31.733333333333334,-0.12956112623214722,-0.06935047175881813
UBFC_PHYS_s14_T1_ctrl,30,53,31.766666666666666,-0.8765501976013184,0.3377854448462053
UBFC_PHYS_s14_T1_ctrl,30,54,31.8,-1.6659821271896362,0.6757574418356153
UBFC_PHYS_s14_T1_ctrl,30,55,31.833333333333332,-2.1622567176818848,0.9073582565322594
UBFC_PHYS_s14_T1_ctrl,30,56,31.866666666666667,-2.0488975048065186,1.0217656980797425
UBFC_PHYS_s14_T1_ctrl,30,57,31.9,-1.424167513847351,1.0262942440599472
UBFC_PHYS_s14_T1_ctrl,30,58,31.933333333333334,-0.6663635969161987,0.9340836335007927
UBFC_PHYS_s14_T1_ctrl,30,59,31.966666666666665,-0.25959348678588867,0.7555415309125266
UBFC_PHYS_s14_T1_ctrl,30,60,32.0,-0.6362001299858093,0.4977786611904911
UBFC_PHYS_s14_T1_ctrl,30,61,32.03333333333333,-1.6217085123062134,0.1709301378619235
UBFC_PHYS_s14_T1_ctrl,30,62,32.06666666666667,-2.405028820037842,-0.2033792958090597
UBFC_PHYS_s14_T1_ctrl,30,63,32.1,-2.6193838119506836,-0.5867768056878153
UBFC_PHYS_s14_T1_ctrl,30,64,32.13333333333333,-2.563309669494629,-0.9255767597174176
UBFC_PHYS_s14_T1_ctrl,30,65,32.166666666666664,-2.594289779663086,-1.1595487157524718
UBFC_PHYS_s14_T1_ctrl,30,66,32.2,-3.005425214767456,-1.2361290288255682
UBFC_PHYS_s14_T1_ctrl,30,67,32.233333333333334,-4.0586957931518555,-1.126197394577451
UBFC_PHYS_s14_T1_ctrl,30,68,32.266666666666666,-5.458156108856201,-0.8361193455396491
UBFC_PHYS_s14_T1_ctrl,30,69,32.3,-6.4274983406066895,-0.4106796509373544
UBFC_PHYS_s14_T1_ctrl,30,70,32.333333333333336,-6.664525508880615,0.07621535157849293
UBFC_PHYS_s14_T1_ctrl,30,71,32.36666666666667,-6.327939510345459,0.5412214485462022
UBFC_PHYS_s14_T1_ctrl,30,72,32.4,-5.446637153625488,0.9138780694448371
UBFC_PHYS_s14_T1_ctrl,30,73,32.43333333333333,-3.864534378051758,1.1516299563500894
UBFC_PHYS_s14_T1_ctrl,30,74,32.46666666666667,-1.642549753189087,1.2419312151453552
UBFC_PHYS_s14_T1_ctrl,30,75,32.5,0.5986426472663879,1.1934210323468806
UBFC_PHYS_s14_T1_ctrl,30,76,32.53333333333333,1.955040454864502,1.0236178555172302
UBFC_PHYS_s14_T1_ctrl,30,77,32.56666666666667,2.3713016510009766,0.7508461334985637
UBFC_PHYS_s14_T1_ctrl,30,78,32.6,2.685750722885132,0.3936723406454889
UBFC_PHYS_s14_T1_ctrl,30,79,32.63333333333333,3.604651689529419,-0.024174970131368347
UBFC_PHYS_s14_T1_ctrl,30,80,32.666666666666664,4.9624857902526855,-0.4679505212388617
UBFC_PHYS_s14_T1_ctrl,30,81,32.7,5.974496364593506,-0.8892969941886286
UBFC_PHYS_s14_T1_ctrl,30,82,32.733333333333334,6.069915771484375,-1.229458169699324
UBFC_PHYS_s14_T1_ctrl,30,83,32.766666666666666,5.4076433181762695,-1.4287693069355039
UBFC_PHYS_s14_T1_ctrl,30,84,32.8,4.466493129730225,-1.4406661992585552
UBFC_PHYS_s14_T1_ctrl,30,85,32.833333333333336,3.3879876136779785,-1.2463292339430319
UBFC_PHYS_s14_T1_ctrl,30,86,32.86666666666667,2.176492691040039,-0.864631283365766
UBFC_PHYS_s14_T1_ctrl,30,87,32.9,1.0275212526321411,-0.35236138830190483
UBFC_PHYS_s14_T1_ctrl,30,88,32.93333333333333,0.10687415301799774,0.20743497781675727
UBFC_PHYS_s14_T1_ctrl,30,89,32.96666666666667,-0.6712077260017395,0.72599198733962
UBFC_PHYS_s14_T1_ctrl,30,90,33.0,-1.3586021661758423,1.130029288977278
UBFC_PHYS_s14_T1_ctrl,30,91,33.03333333333333,-1.6700658798217773,1.3745487139969566
UBFC_PHYS_s14_T1_ctrl,30,92,33.06666666666667,-1.371670126914978,1.4435163655530219
UBFC_PHYS_s14_T1_ctrl,30,93,33.1,-0.6342568397521973,1.3420901391549689
UBFC_PHYS_s14_T1_ctrl,30,94,33.13333333333333,0.22693651914596558,1.0877711929124159
UBFC_PHYS_s14_T1_ctrl,30,95,33.166666666666664,1.0796806812286377,0.7062000232117126
UBFC_PHYS_s14_T1_ctrl,30,96,33.2,1.7379255294799805,0.2322796988846726
UBFC_PHYS_s14_T1_ctrl,30,97,33.233333333333334,1.8568050861358643,-0.2869615710981135
UBFC_PHYS_s14_T1_ctrl,30,98,33.266666666666666,1.4638915061950684,-0.7919664140688759
UBFC_PHYS_s14_T1_ctrl,30,99,33.3,1.1418383121490479,-1.2150301567320592
UBFC_PHYS_s14_T1_ctrl,30,100,33.333333333333336,1.192195177078247,-1.4898383481883326
UBFC_PHYS_s14_T1_ctrl,30,101,33.36666666666667,1.2961759567260742,-1.5648632579827724
UBFC_PHYS_s14_T1_ctrl,30,102,33.4,1.1133646965026855,-1.4174849352072139
UBFC_PHYS_s14_T1_ctrl,30,103,33.43333333333333,0.6912171244621277,-1.06397989639667
UBFC_PHYS_s14_T1_ctrl,30,104,33.46666666666667,0.24166619777679443,-0.5600895416700021
UBFC_PHYS_s14_T1_ctrl,30,105,33.5,-0.16347037255764008,0.010552505933311928
UBFC_PHYS_s14_T1_ctrl,30,106,33.53333333333333,-0.5865191221237183,0.5572765485953831
UBFC_PHYS_s14_T1_ctrl,30,107,33.56666666666667,-0.9876282811164856,1.0044085289879465
UBFC_PHYS_s14_T1_ctrl,30,108,33.6,-1.1603851318359375,1.3052823834662342
UBFC_PHYS_s14_T1_ctrl,30,109,33.63333333333333,-0.9635763764381409,1.4432768587964542
UBFC_PHYS_s14_T1_ctrl,30,110,33.666666666666664,-0.48721349239349365,1.4223184068852022
UBFC_PHYS_s14_T1_ctrl,30,111,33.7,0.07513352483510971,1.2548673114240545
UBFC_PHYS_s14_T1_ctrl,30,112,33.733333333333334,0.5680848956108093,0.9553173382420466
UBFC_PHYS_s14_T1_ctrl,30,113,33.766666666666666,0.8678042888641357,0.5418383015026434
UBFC_PHYS_s14_T1_ctrl,30,114,33.8,0.944719672203064,0.043693274061731874
UBFC_PHYS_s14_T1_ctrl,30,115,33.833333333333336,0.8739439845085144,-0.4922548994064462
UBFC_PHYS_s14_T1_ctrl,30,116,33.86666666666667,0.7134383916854858,-1.001135424014975
UBFC_PHYS_s14_T1_ctrl,30,117,33.9,0.5027448534965515,-1.4075998747220897
UBFC_PHYS_s14_T1_ctrl,30,118,33.93333333333333,0.29759955406188965,-1.639962833123552
UBFC_PHYS_s14_T1_ctrl,30,119,33.96666666666667,0.07817521691322327,-1.6475097927796996
UBFC_PHYS_s14_T1_ctrl,30,120,34.0,-0.2830258011817932,-1.4161480971904148
UBFC_PHYS_s14_T1_ctrl,30,121,34.03333333333333,-0.8817041516304016,-0.9768382966653504
UBFC_PHYS_s14_T1_ctrl,30,122,34.06666666666667,-1.6519001722335815,-0.40189609860153397
UBFC_PHYS_s14_T1_ctrl,30,123,34.1,-2.4852113723754883,0.2120390880690229
UBFC_PHYS_s14_T1_ctrl,30,124,34.13333333333333,-3.247549533843994,0.7690890737659528
UBFC_PHYS_s14_T1_ctrl,30,125,34.166666666666664,-3.6555025577545166,1.1971057109615317
UBFC_PHYS_s14_T1_ctrl,30,126,34.2,-3.4028730392456055,1.4592246449103146
UBFC_PHYS_s14_T1_ctrl,30,127,34.233333333333334,-2.5136003494262695,1.5509094467496647
UBFC_PHYS_s14_T1_ctrl,30,128,34.266666666666666,-1.3242141008377075,1.48709469932422
UBFC_PHYS_s14_T1_ctrl,30,129,34.3,-0.18214298784732819,1.2883896672114457
UBFC_PHYS_s14_T1_ctrl,30,130,34.333333333333336,0.7014405727386475,0.973728306457069
UBFC_PHYS_s14_T1_ctrl,30,131,34.36666666666667,1.220077395439148,0.5614819726416411
UBFC_PHYS_s14_T1_ctrl,30,132,34.4,1.3916795253753662,0.07595060154710218
UBFC_PHYS_s14_T1_ctrl,30,133,34.43333333333333,1.3475186824798584,-0.44607846626989867
UBFC_PHYS_s14_T1_ctrl,30,134,34.46666666666667,1.251649022102356,-0.9529761337078079
UBFC_PHYS_s14_T1_ctrl,30,135,34.5,1.1672701835632324,-1.38180449156412
UBFC_PHYS_s14_T1_ctrl,30,136,34.53333333333333,1.0416595935821533,-1.6672790441723602
UBFC_PHYS_s14_T1_ctrl,30,137,34.56666666666667,0.8545109629631042,-1.754498764812748
UBFC_PHYS_s14_T1_ctrl,30,138,34.6,0.6447749733924866,-1.6129787025412663
UBFC_PHYS_s14_T1_ctrl,30,139,34.63333333333333,0.4206472933292389,-1.2484780096859043
UBFC_PHYS_s14_T1_ctrl,30,140,34.666666666666664,0.1550624519586563,-0.7080466804955291
UBFC_PHYS_s14_T1_ctrl,30,141,34.7,-0.19946373999118805,-0.074184155113395
UBFC_PHYS_s14_T1_ctrl,30,142,34.733333333333334,-0.6894015669822693,0.5526758817149569
UBFC_PHYS_s14_T1_ctrl,30,143,34.766666666666666,-1.187056303024292,1.0785686361306843
UBFC_PHYS_s14_T1_ctrl,30,144,34.8,-1.3436471223831177,1.437599972167215
UBFC_PHYS_s14_T1_ctrl,30,145,34.833333333333336,-0.9937398433685303,1.6014676619783925
UBFC_PHYS_s14_T1_ctrl,30,146,34.86666666666667,-0.3432682156562805,1.5747526356066812
UBFC_PHYS_s14_T1_ctrl,30,147,34.9,0.29261454939842224,1.382001804163543
UBFC_PHYS_s14_T1_ctrl,30,148,34.93333333333333,0.7188739776611328,1.0554277118920106
UBFC_PHYS_s14_T1_ctrl,30,149,34.96666666666667,0.85997474193573,0.6289680942035637
UBFC_PHYS_s14_T1_ctrl,30,150,35.0,0.7545294165611267,0.13890412177013492
UBFC_PHYS_s14_T1_ctrl,30,151,35.03333333333333,0.5326829552650452,-0.3727960599525819
UBFC_PHYS_s14_T1_ctrl,30,152,35.06666666666667,0.3490830063819885,-0.8566355054960355
UBFC_PHYS_s14_T1_ctrl,30,153,35.1,0.30241554975509644,-1.2575239106084406
UBFC_PHYS_s14_T1_ctrl,30,154,35.13333333333333,0.3542933166027069,-1.5208239793148992
UBFC_PHYS_s14_T1_ctrl,30,155,35.166666666666664,0.3667135536670685,-1.6016636392765526
UBFC_PHYS_s14_T1_ctrl,30,156,35.2,0.29421988129615784,-1.4758406032668843
UBFC_PHYS_s14_T1_ctrl,30,157,35.233333333333334,0.211925208568573,-1.1495621149669415
UBFC_PHYS_s14_T1_ctrl,30,158,35.266666666666666,0.1248989999294281,-0.6640655071283904
UBFC_PHYS_s14_T1_ctrl,30,159,35.3,-0.08404839783906937,-0.09130369429142286
UBFC_PHYS_s14_T1_ctrl,30,160,35.333333333333336,-0.47439897060394287,0.48039054093219324
UBFC_PHYS_s14_T1_ctrl,30,161,35.36666666666667,-0.9479172825813293,0.9669198188290042
UBFC_PHYS_s14_T1_ctrl,30,162,35.4,-1.2773213386535645,1.3071938211765652
UBFC_PHYS_s14_T1_ctrl,30,163,35.43333333333333,-1.1957870721817017,1.4720286334034642
UBFC_PHYS_s14_T1_ctrl,30,164,35.46666666666667,-0.6146829724311829,1.461025102342829
UBFC_PHYS_s14_T1_ctrl,30,165,35.5,0.19181624054908752,1.292267684158937
UBFC_PHYS_s14_T1_ctrl,30,166,35.53333333333333,0.7957330346107483,0.9923272774795908
UBFC_PHYS_s14_T1_ctrl,30,167,35.56666666666667,1.0606701374053955,0.5915950669280476
UBFC_PHYS_s14_T1_ctrl,30,168,35.6,1.098663091659546,0.12510913004562776
UBFC_PHYS_s14_T1_ctrl,30,169,35.63333333333333,1.0204803943634033,-0.36464141415328477
UBFC_PHYS_s14_T1_ctrl,30,170,35.666666666666664,0.9309757351875305,-0.8268169944154253
UBFC_PHYS_s14_T1_ctrl,30,171,35.7,0.9244416952133179,-1.205247355610484
UBFC_PHYS_s14_T1_ctrl,30,172,35.733333333333334,0.9501553177833557,-1.4454315394374777
UBFC_PHYS_s14_T1_ctrl,30,173,35.766666666666666,0.8854348063468933,-1.5043181293020211
UBFC_PHYS_s14_T1_ctrl,30,174,35.8,0.762471616268158,-1.3608673209355975
UBFC_PHYS_s14_T1_ctrl,30,175,35.833333333333336,0.6717277765274048,-1.0246469379115921
UBFC_PHYS_s14_T1_ctrl,30,176,35.86666666666667,0.56383216381073,-0.539078830219453
UBFC_PHYS_s14_T1_ctrl,30,177,35.9,0.3657841682434082,0.023635143306132336
UBFC_PHYS_s14_T1_ctrl,30,178,35.93333333333333,0.10577575862407684,0.576537421883651
UBFC_PHYS_s14_T1_ctrl,30,179,35.96666666666667,-0.1876349300146103,1.037445337510189
UBFC_PHYS_s14_T1_ctrl,30,180,36.0,-0.4482066035270691,1.3466901964563338
UBFC_PHYS_s14_T1_ctrl,30,181,36.03333333333333,-0.43764516711235046,1.4757746254338149
UBFC_PHYS_s14_T1_ctrl,30,182,36.06666666666667,-0.0010214496869593859,1.4248973359910253
UBFC_PHYS_s14_T1_ctrl,30,183,36.1,0.7034120559692383,1.2136754554152325
UBFC_PHYS_s14_T1_ctrl,30,184,36.13333333333333,1.3520530462265015,0.8719514857178171
UBFC_PHYS_s14_T1_ctrl,30,185,36.166666666666664,1.6498572826385498,0.43538330366869066
UBFC_PHYS_s14_T1_ctrl,30,186,36.2,1.4731292724609375,-0.05413009927670551
UBFC_PHYS_s14_T1_ctrl,30,187,36.233333333333334,1.0312389135360718,-0.546754944751333
UBFC_PHYS_s14_T1_ctrl,30,188,36.266666666666666,0.6999478936195374,-0.9856800597251818
UBFC_PHYS_s14_T1_ctrl,30,189,36.3,0.5747315287590027,-1.3125997649124903
UBFC_PHYS_s14_T1_ctrl,30,190,36.333333333333336,0.46247056126594543,-1.4772223826488946
UBFC_PHYS_s14_T1_ctrl,30,191,36.36666666666667,0.27901142835617065,-1.4485639950227396
UBFC_PHYS_s14_T1_ctrl,30,192,36.4,0.1418817788362503,-1.224773117461142
UBFC_PHYS_s14_T1_ctrl,30,193,36.43333333333333,0.09828418493270874,-0.8377895701449912
UBFC_PHYS_s14_T1_ctrl,30,194,36.46666666666667,-0.034113939851522446,-0.3495565960642712
UBFC_PHYS_s14_T1_ctrl,30,195,36.5,-0.46383753418922424,0.16111324188834028
UBFC_PHYS_s14_T1_ctrl,30,196,36.53333333333333,-1.1416280269622803,0.6175382523197557
UBFC_PHYS_s14_T1_ctrl,30,197,36.56666666666667,-1.7897902727127075,0.9627622015841266
UBFC_PHYS_s14_T1_ctrl,30,198,36.6,-2.13981032371521,1.168280528398777
UBFC_PHYS_s14_T1_ctrl,30,199,36.63333333333333,-2.000343084335327,1.2307863600953628
UBFC_PHYS_s14_T1_ctrl,30,200,36.666666666666664,-1.3670512437820435,1.1607215986780204
UBFC_PHYS_s14_T1_ctrl,30,201,36.7,-0.5132650136947632,0.9711143455419797
UBFC_PHYS_s14_T1_ctrl,30,202,36.733333333333334,0.20091314613819122,0.6740532483650553
UBFC_PHYS_s14_T1_ctrl,30,203,36.766666666666666,0.5851803421974182,0.28620903890883803
UBFC_PHYS_s14_T1_ctrl,30,204,36.8,0.6268627643585205,-0.16181200948534502
UBFC_PHYS_s14_T1_ctrl,30,205,36.833333333333336,0.4299413561820984,-0.6202306610335133
UBFC_PHYS_s14_T1_ctrl,30,206,36.86666666666667,0.17579102516174316,-1.0239581683920018
UBFC_PHYS_s14_T1_ctrl,30,207,36.9,0.03643643110990524,-1.3050401950825226
UBFC_PHYS_s14_T1_ctrl,30,208,36.93333333333333,0.056094780564308167,-1.4093067243267734
UBFC_PHYS_s14_T1_ctrl,30,209,36.96666666666667,0.12915173172950745,-1.3116980379480903
UBFC_PHYS_s14_T1_ctrl,30,210,37.0,0.12506797909736633,-1.025353235815528
UBFC_PHYS_s14_T1_ctrl,30,211,37.03333333333333,0.03826707974076271,-0.6009523968409328
UBFC_PHYS_s14_T1_ctrl,30,212,37.06666666666667,-0.0791197270154953,-0.11486486438763494
UBFC_PHYS_s14_T1_ctrl,30,213,37.1,-0.2905455231666565,0.35155364422597574
UBFC_PHYS_s14_T1_ctrl,30,214,37.13333333333333,-0.6728693842887878,0.7341059607910081
UBFC_PHYS_s14_T1_ctrl,30,215,37.166666666666664,-1.1175198554992676,0.9996697102308421
UBFC_PHYS_s14_T1_ctrl,30,216,37.2,-1.3419573307037354,1.1459319789805382
UBFC_PHYS_s14_T1_ctrl,30,217,37.233333333333334,-1.0996358394622803,1.188574539942636
UBFC_PHYS_s14_T1_ctrl,30,218,37.266666666666666,-0.3942165672779083,1.1442078547728562
UBFC_PHYS_s14_T1_ctrl,30,219,37.3,0.4414040148258209,1.019241446987038
UBFC_PHYS_s14_T1_ctrl,30,220,37.333333333333336,1.0305348634719849,0.8108488079904385
UBFC_PHYS_s14_T1_ctrl,30,221,37.36666666666667,1.251057505607605,0.5186873697163658
UBFC_PHYS_s14_T1_ctrl,30,222,37.4,1.1670167446136475,0.1594387764477244
UBFC_PHYS_s14_T1_ctrl,30,223,37.43333333333333,0.9019669890403748,-0.2254725949039038
UBFC_PHYS_s14_T1_ctrl,30,224,37.46666666666667,0.637311577796936,-0.5743903708670315
UBFC_PHYS_s14_T1_ctrl,30,225,37.5,0.4630338251590729,-0.8208074056535638
UBFC_PHYS_s14_T1_ctrl,30,226,37.53333333333333,0.2565930187702179,-0.9133833827832092
UBFC_PHYS_s14_T1_ctrl,30,227,37.56666666666667,-0.05481434985995293,-0.8331115034676319
UBFC_PHYS_s14_T1_ctrl,30,228,37.6,-0.3496050536632538,-0.601838666395516
UBFC_PHYS_s14_T1_ctrl,30,229,37.63333333333333,-0.5650301575660706,-0.27905016605933874
UBFC_PHYS_s14_T1_ctrl,30,230,37.666666666666664,-0.8216589093208313,0.053545248250463535
UBFC_PHYS_s14_T1_ctrl,30,231,37.7,-1.2394691705703735,0.3163032633879078
UBFC_PHYS_s14_T1_ctrl,30,232,37.733333333333334,-1.7356030941009521,0.45646655711515655
UBFC_PHYS_s14_T1_ctrl,30,233,37.766666666666666,-1.9927951097488403,0.4631157529803159
UBFC_PHYS_s14_T1_ctrl,30,234,37.8,-1.636494517326355,0.3659726167635696
UBFC_PHYS_s14_T1_ctrl,30,235,37.833333333333336,-0.6112751364707947,0.21946073564636856
UBFC_PHYS_s14_T1_ctrl,30,236,37.86666666666667,0.7052990198135376,0.07969625779085511
UBFC_PHYS_s14_T1_ctrl,30,237,37.9,1.805434226989746,-0.015933899738263438
UBFC_PHYS_s14_T1_ctrl,30,238,37.93333333333333,2.4022538661956787,-0.05943276185232806
UBFC_PHYS_s14_T1_ctrl,30,239,37.96666666666667,2.462777853012085,-0.07073471594971065
UBFC_PHYS_s14_T1_ctrl,31,0,31.0,0.2458907663822174,0.0897538690639578
UBFC_PHYS_s14_T1_ctrl,31,1,31.033333333333335,0.4782141447067261,0.4366054309200573
UBFC_PHYS_s14_T1_ctrl,31,2,31.066666666666666,0.5697747468948364,0.7573174862620902
UBFC_PHYS_s14_T1_ctrl,31,3,31.1,0.3302132487297058,1.02605598083039
UBFC_PHYS_s14_T1_ctrl,31,4,31.133333333333333,-0.12815293669700623,1.212864905448507
UBFC_PHYS_s14_T1_ctrl,31,5,31.166666666666668,-0.42187342047691345,1.2923573078902433
UBFC_PHYS_s14_T1_ctrl,31,6,31.2,-0.2592836916446686,1.25553922761375
UBFC_PHYS_s14_T1_ctrl,31,7,31.233333333333334,0.27450522780418396,1.1168790541163391
UBFC_PHYS_s14_T1_ctrl,31,8,31.266666666666666,0.8348244428634644,0.9112519277858329
UBFC_PHYS_s14_T1_ctrl,31,9,31.3,1.177493691444397,0.6813305061922381
UBFC_PHYS_s14_T1_ctrl,31,10,31.333333333333332,1.29316246509552,0.4611831575744412
UBFC_PHYS_s14_T1_ctrl,31,11,31.366666666666667,1.2274280786514282,0.2638623244611631
UBFC_PHYS_s14_T1_ctrl,31,12,31.4,1.0358015298843384,0.07909764609640324
UBFC_PHYS_s14_T1_ctrl,31,13,31.433333333333334,0.8318672180175781,-0.11729348712181102
UBFC_PHYS_s14_T1_ctrl,31,14,31.466666666666665,0.7314913868904114,-0.3460955942486808
UBFC_PHYS_s14_T1_ctrl,31,15,31.5,0.7955077290534973,-0.6072710816363387
UBFC_PHYS_s14_T1_ctrl,31,16,31.533333333333335,1.0155235528945923,-0.8708351873181015
UBFC_PHYS_s14_T1_ctrl,31,17,31.566666666666666,1.2590560913085938,-1.081251044484804
UBFC_PHYS_s14_T1_ctrl,31,18,31.6,1.388975739479065,-1.1747596212339269
UBFC_PHYS_s14_T1_ctrl,31,19,31.633333333333333,1.3414915800094604,-1.1033379909066794
UBFC_PHYS_s14_T1_ctrl,31,20,31.666666666666668,1.0540516376495361,-0.8558999955349011
UBFC_PHYS_s14_T1_ctrl,31,21,31.7,0.5264869332313538,-0.4677527371001474
UBFC_PHYS_s14_T1_ctrl,31,22,31.733333333333334,-0.12956112623214722,-0.013074516271548315
UBFC_PHYS_s14_T1_ctrl,31,23,31.766666666666666,-0.8765501976013184,0.41794010843436624
UBFC_PHYS_s14_T1_ctrl,31,24,31.8,-1.6659821271896362,0.7477942907912579
UBFC_PHYS_s14_T1_ctrl,31,25,31.833333333333332,-2.1622567176818848,0.9333123569480157
UBFC_PHYS_s14_T1_ctrl,31,26,31.866666666666667,-2.0488975048065186,0.9714008168806786
UBFC_PHYS_s14_T1_ctrl,31,27,31.9,-1.424167513847351,0.8887523145276087
UBFC_PHYS_s14_T1_ctrl,31,28,31.933333333333334,-0.6663635969161987,0.7226510268082869
UBFC_PHYS_s14_T1_ctrl,31,29,31.966666666666665,-0.25959348678588867,0.5031171587451815
UBFC_PHYS_s14_T1_ctrl,31,30,32.0,-0.6362001299858093,0.24487406719270177
UBFC_PHYS_s14_T1_ctrl,31,31,32.03333333333333,-1.6217085123062134,-0.04796634084301881
UBFC_PHYS_s14_T1_ctrl,31,32,32.06666666666667,-2.405028820037842,-0.36849932465825974
UBFC_PHYS_s14_T1_ctrl,31,33,32.1,-2.6193838119506836,-0.6934584977042016
UBFC_PHYS_s14_T1_ctrl,31,34,32.13333333333333,-2.563309669494629,-0.9778261633827547
UBFC_PHYS_s14_T1_ctrl,31,35,32.166666666666664,-2.594289779663086,-1.1617392950956793
UBFC_PHYS_s14_T1_ctrl,31,36,32.2,-3.005425214767456,-1.1880719174123298
UBFC_PHYS_s14_T1_ctrl,31,37,32.233333333333334,-4.0586957931518555,-1.0241995771640002
UBFC_PHYS_s14_T1_ctrl,31,38,32.266666666666666,-5.458156108856201,-0.6790996594841828
UBFC_PHYS_s14_T1_ctrl,31,39,32.3,-6.4274983406066895,-0.2077769272165698
UBFC_PHYS_s14_T1_ctrl,31,40,32.333333333333336,-6.664525508880615,0.30095878812021903
UBFC_PHYS_s14_T1_ctrl,31,41,32.36666666666667,-6.327939510345459,0.750410174563074
UBFC_PHYS_s14_T1_ctrl,31,42,32.4,-5.446637153625488,1.065183785874818
UBFC_PHYS_s14_T1_ctrl,31,43,32.43333333333333,-3.864534378051758,1.2105381329372946
UBFC_PHYS_s14_T1_ctrl,31,44,32.46666666666667,-1.642549753189087,1.1939765810306426
UBFC_PHYS_s14_T1_ctrl,31,45,32.5,0.5986426472663879,1.050672895685811
UBFC_PHYS_s14_T1_ctrl,31,46,32.53333333333333,1.955040454864502,0.8219567982757399
UBFC_PHYS_s14_T1_ctrl,31,47,32.56666666666667,2.3713016510009766,0.5382160070449097
UBFC_PHYS_s14_T1_ctrl,31,48,32.6,2.685750722885132,0.2138443175224082
UBFC_PHYS_s14_T1_ctrl,31,49,32.63333333333333,3.604651689529419,-0.14510158477564183
UBFC_PHYS_s14_T1_ctrl,31,50,32.666666666666664,4.9624857902526855,-0.5263187963051991
UBFC_PHYS_s14_T1_ctrl,31,51,32.7,5.974496364593506,-0.8985993826289721
UBFC_PHYS_s14_T1_ctrl,31,52,32.733333333333334,6.069915771484375,-1.2086423521194425
UBFC_PHYS_s14_T1_ctrl,31,53,32.766666666666666,5.4076433181762695,-1.3904014942633665
UBFC_PHYS_s14_T1_ctrl,31,54,32.8,4.466493129730225,-1.3845925236901193
UBFC_PHYS_s14_T1_ctrl,31,55,32.833333333333336,3.3879876136779785,-1.161460418616704
UBFC_PHYS_s14_T1_ctrl,31,56,32.86666666666667,2.176492691040039,-0.7377081845074773
UBFC_PHYS_s14_T1_ctrl,31,57,32.9,1.0275212526321411,-0.1795448208389846
UBFC_PHYS_s14_T1_ctrl,31,58,32.93333333333333,0.10687415301799774,0.411670472220515
UBFC_PHYS_s14_T1_ctrl,31,59,32.96666666666667,-0.6712077260017395,0.927499226774585
UBFC_PHYS_s14_T1_ctrl,31,60,33.0,-1.3586021661758423,1.2833206963196704
UBFC_PHYS_s14_T1_ctrl,31,61,33.03333333333333,-1.6700658798217773,1.438836913966814
UBFC_PHYS_s14_T1_ctrl,31,62,33.06666666666667,-1.371670126914978,1.4001905277779885
UBFC_PHYS_s14_T1_ctrl,31,63,33.1,-0.6342568397521973,1.2052373338302433
UBFC_PHYS_s14_T1_ctrl,31,64,33.13333333333333,0.22693651914596558,0.9015392893549049
UBFC_PHYS_s14_T1_ctrl,31,65,33.166666666666664,1.0796806812286377,0.5289512436183439
UBFC_PHYS_s14_T1_ctrl,31,66,33.2,1.7379255294799805,0.11442723333067445
UBFC_PHYS_s14_T1_ctrl,31,67,33.233333333333334,1.8568050861358643,-0.32101574872166333
UBFC_PHYS_s14_T1_ctrl,31,68,33.266666666666666,1.4638915061950684,-0.7498210011689962
UBFC_PHYS_s14_T1_ctrl,31,69,33.3,1.1418383121490479,-1.1289350375315659
UBFC_PHYS_s14_T1_ctrl,31,70,33.333333333333336,1.192195177078247,-1.400951035719859
UBFC_PHYS_s14_T1_ctrl,31,71,33.36666666666667,1.2961759567260742,-1.5065902080531797
UBFC_PHYS_s14_T1_ctrl,31,72,33.4,1.1133646965026855,-1.4043335290719348
UBFC_PHYS_s14_T1_ctrl,31,73,33.43333333333333,0.6912171244621277,-1.0893188068794353
UBFC_PHYS_s14_T1_ctrl,31,74,33.46666666666667,0.24166619777679443,-0.6027814490214269
UBFC_PHYS_s14_T1_ctrl,31,75,33.5,-0.16347037255764008,-0.02628344801659642
UBFC_PHYS_s14_T1_ctrl,31,76,33.53333333333333,-0.5865191221237183,0.5387295105570904
UBFC_PHYS_s14_T1_ctrl,31,77,33.56666666666667,-0.9876282811164856,0.9986740759575939
UBFC_PHYS_s14_T1_ctrl,31,78,33.6,-1.1603851318359375,1.2917055465394247
UBFC_PHYS_s14_T1_ctrl,31,79,33.63333333333333,-0.9635763764381409,1.3981796872065495
UBFC_PHYS_s14_T1_ctrl,31,80,33.666666666666664,-0.48721349239349365,1.3348672906044432
UBFC_PHYS_s14_T1_ctrl,31,81,33.7,0.07513352483510971,1.1380225902577599
UBFC_PHYS_s14_T1_ctrl,31,82,33.733333333333334,0.5680848956108093,0.8450611275345725
UBFC_PHYS_s14_T1_ctrl,31,83,33.766666666666666,0.8678042888641357,0.483909799364121
UBFC_PHYS_s14_T1_ctrl,31,84,33.8,0.944719672203064,0.07386447997721214
UBFC_PHYS_s14_T1_ctrl,31,85,33.833333333333336,0.8739439845085144,-0.36476149687557974
UBFC_PHYS_s14_T1_ctrl,31,86,33.86666666666667,0.7134383916854858,-0.7992941797459313
UBFC_PHYS_s14_T1_ctrl,31,87,33.9,0.5027448534965515,-1.1792853165675905
UBFC_PHYS_s14_T1_ctrl,31,88,33.93333333333333,0.29759955406188965,-1.4415924471778923
UBFC_PHYS_s14_T1_ctrl,31,89,33.96666666666667,0.07817521691322327,-1.5255976804759195
UBFC_PHYS_s14_T1_ctrl,31,90,34.0,-0.2830258011817932,-1.3935541655303
UBFC_PHYS_s14_T1_ctrl,31,91,34.03333333333333,-0.8817041516304016,-1.0481062029075345
UBFC_PHYS_s14_T1_ctrl,31,92,34.06666666666667,-1.6519001722335815,-0.5388344567060426
UBFC_PHYS_s14_T1_ctrl,31,93,34.1,-2.4852113723754883,0.04686839020600571
UBFC_PHYS_s14_T1_ctrl,31,94,34.13333333333333,-3.247549533843994,0.6067459535789236
UBFC_PHYS_s14_T1_ctrl,31,95,34.166666666666664,-3.6555025577545166,1.051967062544087
UBFC_PHYS_s14_T1_ctrl,31,96,34.2,-3.4028730392456055,1.3291905754561548
UBFC_PHYS_s14_T1_ctrl,31,97,34.233333333333334,-2.5136003494262695,1.4275211121304288
UBFC_PHYS_s14_T1_ctrl,31,98,34.266666666666666,-1.3242141008377075,1.3690820893444648
UBFC_PHYS_s14_T1_ctrl,31,99,34.3,-0.18214298784732819,1.1899862375918038
UBFC_PHYS_s14_T1_ctrl,31,100,34.333333333333336,0.7014405727386475,0.9222593292478133
UBFC_PHYS_s14_T1_ctrl,31,101,34.36666666666667,1.220077395439148,0.5853157069158663
UBFC_PHYS_s14_T1_ctrl,31,102,34.4,1.3916795253753662,0.18955719842813792
UBFC_PHYS_s14_T1_ctrl,31,103,34.43333333333333,1.3475186824798584,-0.25181215513678273
UBFC_PHYS_s14_T1_ctrl,31,104,34.46666666666667,1.251649022102356,-0.710269560918311
UBFC_PHYS_s14_T1_ctrl,31,105,34.5,1.1672701835632324,-1.1360037224380706
UBFC_PHYS_s14_T1_ctrl,31,106,34.53333333333333,1.0416595935821533,-1.4624956536749463
UBFC_PHYS_s14_T1_ctrl,31,107,34.56666666666667,0.8545109629631042,-1.6212089080242458
UBFC_PHYS_s14_T1_ctrl,31,108,34.6,0.6447749733924866,-1.5620191432332209
UBFC_PHYS_s14_T1_ctrl,31,109,34.63333333333333,0.4206472933292389,-1.272476863239627
UBFC_PHYS_s14_T1_ctrl,31,110,34.666666666666664,0.1550624519586563,-0.7883557419016632
UBFC_PHYS_s14_T1_ctrl,31,111,34.7,-0.19946373999118805,-0.1898159937010852
UBFC_PHYS_s14_T1_ctrl,31,112,34.733333333333334,-0.6894015669822693,0.4178425666606625
UBFC_PHYS_s14_T1_ctrl,31,113,34.766666666666666,-1.187056303024292,0.9331680496412074
UBFC_PHYS_s14_T1_ctrl,31,114,34.8,-1.3436471223831177,1.2856309920005593
UBFC_PHYS_s14_T1_ctrl,31,115,34.833333333333336,-0.9937398433685303,1.448869880141843
UBFC_PHYS_s14_T1_ctrl,31,116,34.86666666666667,-0.3432682156562805,1.435673284708515
UBFC_PHYS_s14_T1_ctrl,31,117,34.9,0.29261454939842224,1.2802244354176076
UBFC_PHYS_s14_T1_ctrl,31,118,34.93333333333333,0.7188739776611328,1.018666117892496
UBFC_PHYS_s14_T1_ctrl,31,119,34.96666666666667,0.85997474193573,0.677836895289823
UBFC_PHYS_s14_T1_ctrl,31,120,35.0,0.7545294165611267,0.275922695959939
UBFC_PHYS_s14_T1_ctrl,31,121,35.03333333333333,0.5326829552650452,-0.16815266809725093
UBFC_PHYS_s14_T1_ctrl,31,122,35.06666666666667,0.3490830063819885,-0.6237442642722828
UBFC_PHYS_s14_T1_ctrl,31,123,35.1,0.30241554975509644,-1.0429303933857428
UBFC_PHYS_s14_T1_ctrl,31,124,35.13333333333333,0.3542933166027069,-1.3642213377339978
UBFC_PHYS_s14_T1_ctrl,31,125,35.166666666666664,0.3667135536670685,-1.525209169169399
UBFC_PHYS_s14_T1_ctrl,31,126,35.2,0.29421988129615784,-1.4804647931200812
UBFC_PHYS_s14_T1_ctrl,31,127,35.233333333333334,0.211925208568573,-1.2187849284637173
UBFC_PHYS_s14_T1_ctrl,31,128,35.266666666666666,0.1248989999294281,-0.7729579865932665
UBFC_PHYS_s14_T1_ctrl,31,129,35.3,-0.08404839783906937,-0.21650241793307068
UBFC_PHYS_s14_T1_ctrl,31,130,35.333333333333336,-0.47439897060394287,0.35392105786707323
UBFC_PHYS_s14_T1_ctrl,31,131,35.36666666666667,-0.9479172825813293,0.8451724672600313
UBFC_PHYS_s14_T1_ctrl,31,132,35.4,-1.2773213386535645,1.1922164369846482
UBFC_PHYS_s14_T1_ctrl,31,133,35.43333333333333,-1.1957870721817017,1.3693573300411603
UBFC_PHYS_s14_T1_ctrl,31,134,35.46666666666667,-0.6146829724311829,1.384481352210585
UBFC_PHYS_s14_T1_ctrl,31,135,35.5,0.19181624054908752,1.2624439231660507
UBFC_PHYS_s14_T1_ctrl,31,136,35.53333333333333,0.7957330346107483,1.028586228031289
UBFC_PHYS_s14_T1_ctrl,31,137,35.56666666666667,1.0606701374053955,0.7012513842901249
UBFC_PHYS_s14_T1_ctrl,31,138,35.6,1.098663091659546,0.2954863960029314
UBFC_PHYS_s14_T1_ctrl,31,139,35.63333333333333,1.0204803943634033,-0.1665735565196742
UBFC_PHYS_s14_T1_ctrl,31,140,35.666666666666664,0.9309757351875305,-0.6460923935320104
UBFC_PHYS_s14_T1_ctrl,31,141,35.7,0.9244416952133179,-1.0849848141371232
UBFC_PHYS_s14_T1_ctrl,31,142,35.733333333333334,0.9501553177833557,-1.4131620108654512
UBFC_PHYS_s14_T1_ctrl,31,143,35.766666666666666,0.8854348063468933,-1.5641892705116622
UBFC_PHYS_s14_T1_ctrl,31,144,35.8,0.762471616268158,-1.4946832543029414
UBFC_PHYS_s14_T1_ctrl,31,145,35.833333333333336,0.6717277765274048,-1.2008912975325758
UBFC_PHYS_s14_T1_ctrl,31,146,35.86666666666667,0.56383216381073,-0.7257472186741027
UBFC_PHYS_s14_T1_ctrl,31,147,35.9,0.3657841682434082,-0.1518723400258212
UBFC_PHYS_s14_T1_ctrl,31,148,35.93333333333333,0.10577575862407684,0.419292199345326
UBFC_PHYS_s14_T1_ctrl,31,149,35.96666666666667,-0.1876349300146103,0.895610958224252
UBFC_PHYS_s14_T1_ctrl,31,150,36.0,-0.4482066035270691,1.2177989363219837
UBFC_PHYS_s14_T1_ctrl,31,151,36.03333333333333,-0.43764516711235046,1.3675779031755817
UBFC_PHYS_s14_T1_ctrl,31,152,36.06666666666667,-0.0010214496869593859,1.3584600908258526
UBFC_PHYS_s14_T1_ctrl,31,153,36.1,0.7034120559692383,1.217279816293107
UBFC_PHYS_s14_T1_ctrl,31,154,36.13333333333333,1.3520530462265015,0.9683972245872822
UBFC_PHYS_s14_T1_ctrl,31,155,36.166666666666664,1.6498572826385498,0.6287447947290518
UBFC_PHYS_s14_T1_ctrl,31,156,36.2,1.4731292724609375,0.2141356887111984
UBFC_PHYS_s14_T1_ctrl,31,157,36.233333333333334,1.0312389135360718,-0.24935363382391587
UBFC_PHYS_s14_T1_ctrl,31,158,36.266666666666666,0.6999478936195374,-0.7170061755406306
UBFC_PHYS_s14_T1_ctrl,31,159,36.3,0.5747315287590027,-1.1257910536523832
UBFC_PHYS_s14_T1_ctrl,31,160,36.333333333333336,0.46247056126594543,-1.4048763612897448
UBFC_PHYS_s14_T1_ctrl,31,161,36.36666666666667,0.27901142835617065,-1.4935970027194077
UBFC_PHYS_s14_T1_ctrl,31,162,36.4,0.1418817788362503,-1.3610284613262327
UBFC_PHYS_s14_T1_ctrl,31,163,36.43333333333333,0.09828418493270874,-1.0198987228182907
UBFC_PHYS_s14_T1_ctrl,31,164,36.46666666666667,-0.034113939851522446,-0.528363317988143
UBFC_PHYS_s14_T1_ctrl,31,165,36.5,-0.46383753418922424,0.02316313550369405
UBFC_PHYS_s14_T1_ctrl,31,166,36.53333333333333,-1.1416280269622803,0.5368195851821856
UBFC_PHYS_s14_T1_ctrl,31,167,36.56666666666667,-1.7897902727127075,0.9344495714460037
UBFC_PHYS_s14_T1_ctrl,31,168,36.6,-2.13981032371521,1.1753927999476266
UBFC_PHYS_s14_T1_ctrl,31,169,36.63333333333333,-2.000343084335327,1.257268313045222
UBFC_PHYS_s14_T1_ctrl,31,170,36.666666666666664,-1.3670512437820435,1.2016351972742394
UBFC_PHYS_s14_T1_ctrl,31,171,36.7,-0.5132650136947632,1.0348930146259583
UBFC_PHYS_s14_T1_ctrl,31,172,36.733333333333334,0.20091314613819122,0.7760525906207232
UBFC_PHYS_s14_T1_ctrl,31,173,36.766666666666666,0.5851803421974182,0.43720596556688096
UBFC_PHYS_s14_T1_ctrl,31,174,36.8,0.6268627643585205,0.034088762446888035
UBFC_PHYS_s14_T1_ctrl,31,175,36.833333333333336,0.4299413561820984,-0.4016907216972957
UBFC_PHYS_s14_T1_ctrl,31,176,36.86666666666667,0.17579102516174316,-0.8173379276836255
UBFC_PHYS_s14_T1_ctrl,31,177,36.9,0.03643643110990524,-1.144838932491601
UBFC_PHYS_s14_T1_ctrl,31,178,36.93333333333333,0.056094780564308167,-1.3171677308232108
UBFC_PHYS_s14_T1_ctrl,31,179,36.96666666666667,0.12915173172950745,-1.289229454871654
UBFC_PHYS_s14_T1_ctrl,31,180,37.0,0.12506797909736633,-1.055623850917784
UBFC_PHYS_s14_T1_ctrl,31,181,37.03333333333333,0.03826707974076271,-0.6575272223413733
UBFC_PHYS_s14_T1_ctrl,31,182,37.06666666666667,-0.0791197270154953,-0.17408067386719717
UBFC_PHYS_s14_T1_ctrl,31,183,37.1,-0.2905455231666565,0.3003525170851988
UBFC_PHYS_s14_T1_ctrl,31,184,37.13333333333333,-0.6728693842887878,0.6845907632477839
UBFC_PHYS_s14_T1_ctrl,31,185,37.166666666666664,-1.1175198554992676,0.9324132188082895
UBFC_PHYS_s14_T1_ctrl,31,186,37.2,-1.3419573307037354,1.0382671511294126
UBFC_PHYS_s14_T1_ctrl,31,187,37.233333333333334,-1.0996358394622803,1.025713697452719
UBFC_PHYS_s14_T1_ctrl,31,188,37.266666666666666,-0.3942165672779083,0.9265075282865061
UBFC_PHYS_s14_T1_ctrl,31,189,37.3,0.4414040148258209,0.7626034796256963
UBFC_PHYS_s14_T1_ctrl,31,190,37.333333333333336,1.0305348634719849,0.5403184173705915
UBFC_PHYS_s14_T1_ctrl,31,191,37.36666666666667,1.251057505607605,0.25805085455429005
UBFC_PHYS_s14_T1_ctrl,31,192,37.4,1.1670167446136475,-0.07851401305000065
UBFC_PHYS_s14_T1_ctrl,31,193,37.43333333333333,0.9019669890403748,-0.4431977091169045
UBFC_PHYS_s14_T1_ctrl,31,194,37.46666666666667,0.637311577796936,-0.785880425871635
UBFC_PHYS_s14_T1_ctrl,31,195,37.5,0.4630338251590729,-1.041567998340818
UBFC_PHYS_s14_T1_ctrl,31,196,37.53333333333333,0.2565930187702179,-1.149291778785192
UBFC_PHYS_s14_T1_ctrl,31,197,37.56666666666667,-0.05481434985995293,-1.074030178716808
UBFC_PHYS_s14_T1_ctrl,31,198,37.6,-0.3496050536632538,-0.8229546837595968
UBFC_PHYS_s14_T1_ctrl,31,199,37.63333333333333,-0.5650301575660706,-0.44835350300284604
UBFC_PHYS_s14_T1_ctrl,31,200,37.666666666666664,-0.8216589093208313,-0.033854268308569406
UBFC_PHYS_s14_T1_ctrl,31,201,37.7,-1.2394691705703735,0.332373753122776
UBFC_PHYS_s14_T1_ctrl,31,202,37.733333333333334,-1.7356030941009521,0.5864420349443661
UBFC_PHYS_s14_T1_ctrl,31,203,37.766666666666666,-1.9927951097488403,0.706247399912313
UBFC_PHYS_s14_T1_ctrl,31,204,37.8,-1.636494517326355,0.709953332823705
UBFC_PHYS_s14_T1_ctrl,31,205,37.833333333333336,-0.6112751364707947,0.6378709103293145
UBFC_PHYS_s14_T1_ctrl,31,206,37.86666666666667,0.7052990198135376,0.5284668613936663
UBFC_PHYS_s14_T1_ctrl,31,207,37.9,1.805434226989746,0.40124685606378185
UBFC_PHYS_s14_T1_ctrl,31,208,37.93333333333333,2.4022538661956787,0.25426605133629576
UBFC_PHYS_s14_T1_ctrl,31,209,37.96666666666667,2.462777853012085,0.07559366675371383
UBFC_PHYS_s14_T1_ctrl,31,210,38.0,2.1275157928466797,-0.13887083335651412
UBFC_PHYS_s14_T1_ctrl,31,211,38.03333333333333,1.6508992910385132,-0.37130406274808786
UBFC_PHYS_s14_T1_ctrl,31,212,38.06666666666667,1.2175989151000977,-0.5792438051728277
UBFC_PHYS_s14_T1_ctrl,31,213,38.1,0.7770885825157166,-0.7064171539313039
UBFC_PHYS_s14_T1_ctrl,31,214,38.13333333333333,0.20739082992076874,-0.7033426233013648
UBFC_PHYS_s14_T1_ctrl,31,215,38.166666666666664,-0.45454347133636475,-0.5495003045917528
UBFC_PHYS_s14_T1_ctrl,31,216,38.2,-1.0734434127807617,-0.2672625906417746
UBFC_PHYS_s14_T1_ctrl,31,217,38.233333333333334,-1.6275665760040283,0.0800080538547214
UBFC_PHYS_s14_T1_ctrl,31,218,38.266666666666666,-2.192983627319336,0.40728011053218977
UBFC_PHYS_s14_T1_ctrl,31,219,38.3,-2.782705783843994,0.637952400224257
UBFC_PHYS_s14_T1_ctrl,31,220,38.333333333333336,-3.2141754627227783,0.731283460204812
UBFC_PHYS_s14_T1_ctrl,31,221,38.36666666666667,-3.1291489601135254,0.6936610765561355
UBFC_PHYS_s14_T1_ctrl,31,222,38.4,-2.391763687133789,0.5687893630471147
UBFC_PHYS_s14_T1_ctrl,31,223,38.43333333333333,-1.3955248594284058,0.41326244364956133
UBFC_PHYS_s14_T1_ctrl,31,224,38.46666666666667,-0.626314640045166,0.27066326994122186
UBFC_PHYS_s14_T1_ctrl,31,225,38.5,-0.2221919447183609,0.15644770308292294
UBFC_PHYS_s14_T1_ctrl,31,226,38.53333333333333,-0.21478486061096191,0.05909027389554477
UBFC_PHYS_s14_T1_ctrl,31,227,38.56666666666667,-0.5805484056472778,-0.045393065223795194
UBFC_PHYS_s14_T1_ctrl,31,228,38.6,-1.0203827619552612,-0.17407721085675784
UBFC_PHYS_s14_T1_ctrl,31,229,38.63333333333333,-1.1459089517593384,-0.32263977059958526
UBFC_PHYS_s14_T1_ctrl,31,230,38.666666666666664,-0.8367265462875366,-0.4626199664960901
UBFC_PHYS_s14_T1_ctrl,31,231,38.7,-0.23680897057056427,-0.5518923404930414
UBFC_PHYS_s14_T1_ctrl,31,232,38.733333333333334,0.4118320047855377,-0.5539718788392646
UBFC_PHYS_s14_T1_ctrl,31,233,38.766666666666666,0.9030935764312744,-0.4576055610347508
UBFC_PHYS_s14_T1_ctrl,31,234,38.8,1.1710723638534546,-0.2872537510975516
UBFC_PHYS_s14_T1_ctrl,31,235,38.833333333333336,1.2307796478271484,-0.0981340778405857
UBFC_PHYS_s14_T1_ctrl,31,236,38.86666666666667,1.096888780593872,0.04415075448476094
UBFC_PHYS_s14_T1_ctrl,31,237,38.9,0.8643683195114136,0.0916707802477937
UBFC_PHYS_s14_T1_ctrl,31,238,38.93333333333333,0.7074958086013794,0.036620925398762695
UBFC_PHYS_s14_T1_ctrl,31,239,38.96666666666667,0.7554024457931519,-0.08383199099505058
UBFC_PHYS_s14_T1_ctrl,32,0,32.0,-0.6362001299858093,0.06760330757350007
UBFC_PHYS_s14_T1_ctrl,32,1,32.03333333333333,-1.6217085123062134,-0.05320092047268791
UBFC_PHYS_s14_T1_ctrl,32,2,32.06666666666667,-2.405028820037842,-0.1825418137792524
UBFC_PHYS_s14_T1_ctrl,32,3,32.1,-2.6193838119506836,-0.31320721417912667
UBFC_PHYS_s14_T1_ctrl,32,4,32.13333333333333,-2.563309669494629,-0.41443866190436446
UBFC_PHYS_s14_T1_ctrl,32,5,32.166666666666664,-2.594289779663086,-0.43894883799100454
UBFC_PHYS_s14_T1_ctrl,32,6,32.2,-3.005425214767456,-0.34262339868269504
UBFC_PHYS_s14_T1_ctrl,32,7,32.233333333333334,-4.0586957931518555,-0.10830596235788949
UBFC_PHYS_s14_T1_ctrl,32,8,32.266666666666666,-5.458156108856201,0.2380209271689462
UBFC_PHYS_s14_T1_ctrl,32,9,32.3,-6.4274983406066895,0.6279230630580888
UBFC_PHYS_s14_T1_ctrl,32,10,32.333333333333336,-6.664525508880615,0.9701128420878913
UBFC_PHYS_s14_T1_ctrl,32,11,32.36666666666667,-6.327939510345459,1.1817187308476442
UBFC_PHYS_s14_T1_ctrl,32,12,32.4,-5.446637153625488,1.217042891162141
UBFC_PHYS_s14_T1_ctrl,32,13,32.43333333333333,-3.864534378051758,1.0800587358512963
UBFC_PHYS_s14_T1_ctrl,32,14,32.46666666666667,-1.642549753189087,0.8158039128878571
UBFC_PHYS_s14_T1_ctrl,32,15,32.5,0.5986426472663879,0.4870188769226743
UBFC_PHYS_s14_T1_ctrl,32,16,32.53333333333333,1.955040454864502,0.14856109509259785
UBFC_PHYS_s14_T1_ctrl,32,17,32.56666666666667,2.3713016510009766,-0.16866431496618267
UBFC_PHYS_s14_T1_ctrl,32,18,32.6,2.685750722885132,-0.4583543367264479
UBFC_PHYS_s14_T1_ctrl,32,19,32.63333333333333,3.604651689529419,-0.7259795676170973
UBFC_PHYS_s14_T1_ctrl,32,20,32.666666666666664,4.9624857902526855,-0.9708430375799842
UBFC_PHYS_s14_T1_ctrl,32,21,32.7,5.974496364593506,-1.1732863162277154
UBFC_PHYS_s14_T1_ctrl,32,22,32.733333333333334,6.069915771484375,-1.2938426523325752
UBFC_PHYS_s14_T1_ctrl,32,23,32.766666666666666,5.4076433181762695,-1.2850409682711799
UBFC_PHYS_s14_T1_ctrl,32,24,32.8,4.466493129730225,-1.1112638831857746
UBFC_PHYS_s14_T1_ctrl,32,25,32.833333333333336,3.3879876136779785,-0.7687930563157875
UBFC_PHYS_s14_T1_ctrl,32,26,32.86666666666667,2.176492691040039,-0.29719375326119146
UBFC_PHYS_s14_T1_ctrl,32,27,32.9,1.0275212526321411,0.2247178445221311
UBFC_PHYS_s14_T1_ctrl,32,28,32.93333333333333,0.10687415301799774,0.6995203387412
UBFC_PHYS_s14_T1_ctrl,32,29,32.96666666666667,-0.6712077260017395,1.0416714451350946
UBFC_PHYS_s14_T1_ctrl,32,30,33.0,-1.3586021661758423,1.2042313092690373
UBFC_PHYS_s14_T1_ctrl,32,31,33.03333333333333,-1.6700658798217773,1.188561779023934
UBFC_PHYS_s14_T1_ctrl,32,32,33.06666666666667,-1.371670126914978,1.0332954563120833
UBFC_PHYS_s14_T1_ctrl,32,33,33.1,-0.6342568397521973,0.7906192837491836
UBFC_PHYS_s14_T1_ctrl,32,34,33.13333333333333,0.22693651914596558,0.5033863010422578
UBFC_PHYS_s14_T1_ctrl,32,35,33.166666666666664,1.0796806812286377,0.19398840319765914
UBFC_PHYS_s14_T1_ctrl,32,36,33.2,1.7379255294799805,-0.13160278687932717
UBFC_PHYS_s14_T1_ctrl,32,37,33.233333333333334,1.8568050861358643,-0.4692408595346694
UBFC_PHYS_s14_T1_ctrl,32,38,33.266666666666666,1.4638915061950684,-0.8007816281001379
UBFC_PHYS_s14_T1_ctrl,32,39,33.3,1.1418383121490479,-1.0861835926657366
UBFC_PHYS_s14_T1_ctrl,32,40,33.333333333333336,1.192195177078247,-1.26838438198266
UBFC_PHYS_s14_T1_ctrl,32,41,33.36666666666667,1.2961759567260742,-1.289907714467514
UBFC_PHYS_s14_T1_ctrl,32,42,33.4,1.1133646965026855,-1.1152232000958167
UBFC_PHYS_s14_T1_ctrl,32,43,33.43333333333333,0.6912171244621277,-0.749962632295314
UBFC_PHYS_s14_T1_ctrl,32,44,33.46666666666667,0.24166619777679443,-0.24785372550931328
UBFC_PHYS_s14_T1_ctrl,32,45,33.5,-0.16347037255764008,0.29995809770080306
UBFC_PHYS_s14_T1_ctrl,32,46,33.53333333333333,-0.5865191221237183,0.7908545796887194
UBFC_PHYS_s14_T1_ctrl,32,47,33.56666666666667,-0.9876282811164856,1.1417309271976044
UBFC_PHYS_s14_T1_ctrl,32,48,33.6,-1.1603851318359375,1.31141169021736
UBFC_PHYS_s14_T1_ctrl,32,49,33.63333333333333,-0.9635763764381409,1.304752391911113
UBFC_PHYS_s14_T1_ctrl,32,50,33.666666666666664,-0.48721349239349365,1.1584589371932914
UBFC_PHYS_s14_T1_ctrl,32,51,33.7,0.07513352483510971,0.9180797530237241
UBFC_PHYS_s14_T1_ctrl,32,52,33.733333333333334,0.5680848956108093,0.6187281717852031
UBFC_PHYS_s14_T1_ctrl,32,53,33.766666666666666,0.8678042888641357,0.2782871286628012
UBFC_PHYS_s14_T1_ctrl,32,54,33.8,0.944719672203064,-0.09567107798508832
UBFC_PHYS_s14_T1_ctrl,32,55,33.833333333333336,0.8739439845085144,-0.491107780498421
UBFC_PHYS_s14_T1_ctrl,32,56,33.86666666666667,0.7134383916854858,-0.878150642545497
UBFC_PHYS_s14_T1_ctrl,32,57,33.9,0.5027448534965515,-1.205171844496402
UBFC_PHYS_s14_T1_ctrl,32,58,33.93333333333333,0.29759955406188965,-1.4076066445979851
UBFC_PHYS_s14_T1_ctrl,32,59,33.96666666666667,0.07817521691322327,-1.4269840896593247
UBFC_PHYS_s14_T1_ctrl,32,60,34.0,-0.2830258011817932,-1.2331424948814262
UBFC_PHYS_s14_T1_ctrl,32,61,34.03333333333333,-0.8817041516304016,-0.8406301546613352
UBFC_PHYS_s14_T1_ctrl,32,62,34.06666666666667,-1.6519001722335815,-0.31140339132157097
UBFC_PHYS_s14_T1_ctrl,32,63,34.1,-2.4852113723754883,0.2593550835135399
UBFC_PHYS_s14_T1_ctrl,32,64,34.13333333333333,-3.247549533843994,0.7701414726386691
UBFC_PHYS_s14_T1_ctrl,32,65,34.166666666666664,-3.6555025577545166,1.1421855824152876
UBFC_PHYS_s14_T1_ctrl,32,66,34.2,-3.4028730392456055,1.3384156462046322
UBFC_PHYS_s14_T1_ctrl,32,67,34.233333333333334,-2.5136003494262695,1.3647884831993031
UBFC_PHYS_s14_T1_ctrl,32,68,34.266666666666666,-1.3242141008377075,1.2555244010035778
UBFC_PHYS_s14_T1_ctrl,32,69,34.3,-0.18214298784732819,1.0515525134133656
UBFC_PHYS_s14_T1_ctrl,32,70,34.333333333333336,0.7014405727386475,0.7831543410136285
UBFC_PHYS_s14_T1_ctrl,32,71,34.36666666666667,1.220077395439148,0.4638887874597333
UBFC_PHYS_s14_T1_ctrl,32,72,34.4,1.3916795253753662,0.09672538848669798
UBFC_PHYS_s14_T1_ctrl,32,73,34.43333333333333,1.3475186824798584,-0.31222381643257396
UBFC_PHYS_s14_T1_ctrl,32,74,34.46666666666667,1.251649022102356,-0.7400015835438105
UBFC_PHYS_s14_T1_ctrl,32,75,34.5,1.1672701835632324,-1.1403838203657104
UBFC_PHYS_s14_T1_ctrl,32,76,34.53333333333333,1.0416595935821533,-1.4486483721512187
UBFC_PHYS_s14_T1_ctrl,32,77,34.56666666666667,0.8545109629631042,-1.5968383292382338
UBFC_PHYS_s14_T1_ctrl,32,78,34.6,0.6447749733924866,-1.5347975193341337
UBFC_PHYS_s14_T1_ctrl,32,79,34.63333333333333,0.4206472933292389,-1.2497229374234151
UBFC_PHYS_s14_T1_ctrl,32,80,34.666666666666664,0.1550624519586563,-0.7764780252997806
UBFC_PHYS_s14_T1_ctrl,32,81,34.7,-0.19946373999118805,-0.19317688182722484
UBFC_PHYS_s14_T1_ctrl,32,82,34.733333333333334,-0.6894015669822693,0.3983145639473484
UBFC_PHYS_s14_T1_ctrl,32,83,34.766666666666666,-1.187056303024292,0.9006537826571328
UBFC_PHYS_s14_T1_ctrl,32,84,34.8,-1.3436471223831177,1.2466029138725145
UBFC_PHYS_s14_T1_ctrl,32,85,34.833333333333336,-0.9937398433685303,1.4109738037887891
UBFC_PHYS_s14_T1_ctrl,32,86,34.86666666666667,-0.3432682156562805,1.405378926363713
UBFC_PHYS_s14_T1_ctrl,32,87,34.9,0.29261454939842224,1.2613653593902814
UBFC_PHYS_s14_T1_ctrl,32,88,34.93333333333333,0.7188739776611328,1.0122403151128256
UBFC_PHYS_s14_T1_ctrl,32,89,34.96666666666667,0.85997474193573,0.6825991853423238
UBFC_PHYS_s14_T1_ctrl,32,90,35.0,0.7545294165611267,0.28914946202397107
UBFC_PHYS_s14_T1_ctrl,32,91,35.03333333333333,0.5326829552650452,-0.14987186275104117
UBFC_PHYS_s14_T1_ctrl,32,92,35.06666666666667,0.3490830063819885,-0.6035185184638865
UBFC_PHYS_s14_T1_ctrl,32,93,35.1,0.30241554975509644,-1.022454434844662
UBFC_PHYS_s14_T1_ctrl,32,94,35.13333333333333,0.3542933166027069,-1.3430662508614113
UBFC_PHYS_s14_T1_ctrl,32,95,35.166666666666664,0.3667135536670685,-1.5011842381333742
UBFC_PHYS_s14_T1_ctrl,32,96,35.2,0.29421988129615784,-1.451268914726983
UBFC_PHYS_s14_T1_ctrl,32,97,35.233333333333334,0.211925208568573,-1.184309183840011
UBFC_PHYS_s14_T1_ctrl,32,98,35.266666666666666,0.1248989999294281,-0.7369058740250596
UBFC_PHYS_s14_T1_ctrl,32,99,35.3,-0.08404839783906937,-0.18612901089768352
UBFC_PHYS_s14_T1_ctrl,32,100,35.333333333333336,-0.47439897060394287,0.36999638233613336
UBFC_PHYS_s14_T1_ctrl,32,101,35.36666666666667,-0.9479172825813293,0.8398727845610187
UBFC_PHYS_s14_T1_ctrl,32,102,35.4,-1.2773213386535645,1.1623567677774338
UBFC_PHYS_s14_T1_ctrl,32,103,35.43333333333333,-1.1957870721817017,1.3170889989591599
UBFC_PHYS_s14_T1_ctrl,32,104,35.46666666666667,-0.6146829724311829,1.3179746556851293
UBFC_PHYS_s14_T1_ctrl,32,105,35.5,0.19181624054908752,1.195475961181417
UBFC_PHYS_s14_T1_ctrl,32,106,35.53333333333333,0.7957330346107483,0.9781820332633578
UBFC_PHYS_s14_T1_ctrl,32,107,35.56666666666667,1.0606701374053955,0.6830549261012745
UBFC_PHYS_s14_T1_ctrl,32,108,35.6,1.098663091659546,0.31821304685065127
UBFC_PHYS_s14_T1_ctrl,32,109,35.63333333333333,1.0204803943634033,-0.10483738746231606
UBFC_PHYS_s14_T1_ctrl,32,110,35.666666666666664,0.9309757351875305,-0.5575796013987521
UBFC_PHYS_s14_T1_ctrl,32,111,35.7,0.9244416952133179,-0.9881174852420818
UBFC_PHYS_s14_T1_ctrl,32,112,35.733333333333334,0.9501553177833557,-1.3267690725260042
UBFC_PHYS_s14_T1_ctrl,32,113,35.766666666666666,0.8854348063468933,-1.5025144372934314
UBFC_PHYS_s14_T1_ctrl,32,114,35.8,0.762471616268158,-1.4646122875611207
UBFC_PHYS_s14_T1_ctrl,32,115,35.833333333333336,0.6717277765274048,-1.201590027927506
UBFC_PHYS_s14_T1_ctrl,32,116,35.86666666666667,0.56383216381073,-0.7502026045019311
UBFC_PHYS_s14_T1_ctrl,32,117,35.9,0.3657841682434082,-0.18972044165160953
UBFC_PHYS_s14_T1_ctrl,32,118,35.93333333333333,0.10577575862407684,0.3782793298785915
UBFC_PHYS_s14_T1_ctrl,32,119,35.96666666666667,-0.1876349300146103,0.8583238373625207
UBFC_PHYS_s14_T1_ctrl,32,120,36.0,-0.4482066035270691,1.1862721372194083
UBFC_PHYS_s14_T1_ctrl,32,121,36.03333333333333,-0.43764516711235046,1.3403054968724157
UBFC_PHYS_s14_T1_ctrl,32,122,36.06666666666667,-0.0010214496869593859,1.334091436786833
UBFC_PHYS_s14_T1_ctrl,32,123,36.1,0.7034120559692383,1.19823039181399
UBFC_PHYS_s14_T1_ctrl,32,124,36.13333333333333,1.3520530462265015,0.9614878558933738
UBFC_PHYS_s14_T1_ctrl,32,125,36.166666666666664,1.6498572826385498,0.6418300815990342
UBFC_PHYS_s14_T1_ctrl,32,126,36.2,1.4731292724609375,0.250477907864437
UBFC_PHYS_s14_T1_ctrl,32,127,36.233333333333334,1.0312389135360718,-0.19549086330870366
UBFC_PHYS_s14_T1_ctrl,32,128,36.266666666666666,0.6999478936195374,-0.660698594169656
UBFC_PHYS_s14_T1_ctrl,32,129,36.3,0.5747315287590027,-1.0872946587201269
UBFC_PHYS_s14_T1_ctrl,32,130,36.333333333333336,0.46247056126594543,-1.4028646895992138
UBFC_PHYS_s14_T1_ctrl,32,131,36.36666666666667,0.27901142835617065,-1.5386901446320969
UBFC_PHYS_s14_T1_ctrl,32,132,36.4,0.1418817788362503,-1.4521801993113077
UBFC_PHYS_s14_T1_ctrl,32,133,36.43333333333333,0.09828418493270874,-1.144968727444602
UBFC_PHYS_s14_T1_ctrl,32,134,36.46666666666667,-0.034113939851522446,-0.6684635223973316
UBFC_PHYS_s14_T1_ctrl,32,135,36.5,-0.46383753418922424,-0.11238836797437662
UBFC_PHYS_s14_T1_ctrl,32,136,36.53333333333333,-1.1416280269622803,0.4212183423406796
UBFC_PHYS_s14_T1_ctrl,32,137,36.56666666666667,-1.7897902727127075,0.8486584015145985
UBFC_PHYS_s14_T1_ctrl,32,138,36.6,-2.13981032371521,1.1261649259365494
UBFC_PHYS_s14_T1_ctrl,32,139,36.63333333333333,-2.000343084335327,1.2523600392391727
UBFC_PHYS_s14_T1_ctrl,32,140,36.666666666666664,-1.3670512437820435,1.2522265771465368
UBFC_PHYS_s14_T1_ctrl,32,141,36.7,-0.5132650136947632,1.15372567931598
UBFC_PHYS_s14_T1_ctrl,32,142,36.733333333333334,0.20091314613819122,0.9710447689323148
UBFC_PHYS_s14_T1_ctrl,32,143,36.766666666666666,0.5851803421974182,0.7030648758305554
UBFC_PHYS_s14_T1_ctrl,32,144,36.8,0.6268627643585205,0.34622210091644073
UBFC_PHYS_s14_T1_ctrl,32,145,36.833333333333336,0.4299413561820984,-0.08701101007743381
UBFC_PHYS_s14_T1_ctrl,32,146,36.86666666666667,0.17579102516174316,-0.555287878203871
UBFC_PHYS_s14_T1_ctrl,32,147,36.9,0.03643643110990524,-0.9890904631808042
UBFC_PHYS_s14_T1_ctrl,32,148,36.93333333333333,0.056094780564308167,-1.306053852026068
UBFC_PHYS_s14_T1_ctrl,32,149,36.96666666666667,0.12915173172950745,-1.4353251303610477
UBFC_PHYS_s14_T1_ctrl,32,150,37.0,0.12506797909736633,-1.3416879083459656
UBFC_PHYS_s14_T1_ctrl,32,151,37.03333333333333,0.03826707974076271,-1.040041023846274
UBFC_PHYS_s14_T1_ctrl,32,152,37.06666666666667,-0.0791197270154953,-0.5936824563070826
UBFC_PHYS_s14_T1_ctrl,32,153,37.1,-0.2905455231666565,-0.09547907393246115
UBFC_PHYS_s14_T1_ctrl,32,154,37.13333333333333,-0.6728693842887878,0.36174312977914247
UBFC_PHYS_s14_T1_ctrl,32,155,37.166666666666664,-1.1175198554992676,0.7134574737733641
UBFC_PHYS_s14_T1_ctrl,32,156,37.2,-1.3419573307037354,0.9374527577255873
UBFC_PHYS_s14_T1_ctrl,32,157,37.233333333333334,-1.0996358394622803,1.0471781950103431
UBFC_PHYS_s14_T1_ctrl,32,158,37.266666666666666,-0.3942165672779083,1.0695859304593411
UBFC_PHYS_s14_T1_ctrl,32,159,37.3,0.4414040148258209,1.0215939048566642
UBFC_PHYS_s14_T1_ctrl,32,160,37.333333333333336,1.0305348634719849,0.8990276085918326
UBFC_PHYS_s14_T1_ctrl,32,161,37.36666666666667,1.251057505607605,0.6836022660806623
UBFC_PHYS_s14_T1_ctrl,32,162,37.4,1.1670167446136475,0.3629785069218962
UBFC_PHYS_s14_T1_ctrl,32,163,37.43333333333333,0.9019669890403748,-0.04811800701295022
UBFC_PHYS_s14_T1_ctrl,32,164,37.46666666666667,0.637311577796936,-0.49800118053296666
UBFC_PHYS_s14_T1_ctrl,32,165,37.5,0.4630338251590729,-0.9057612825149787
UBFC_PHYS_s14_T1_ctrl,32,166,37.53333333333333,0.2565930187702179,-1.1843958926806595
UBFC_PHYS_s14_T1_ctrl,32,167,37.56666666666667,-0.05481434985995293,-1.26998315669821
UBFC_PHYS_s14_T1_ctrl,32,168,37.6,-0.3496050536632538,-1.1449972205465104
UBFC_PHYS_s14_T1_ctrl,32,169,37.63333333333333,-0.5650301575660706,-0.8459820183685605
UBFC_PHYS_s14_T1_ctrl,32,170,37.666666666666664,-0.8216589093208313,-0.4513120503527595
UBFC_PHYS_s14_T1_ctrl,32,171,37.7,-1.2394691705703735,-0.052795403985923514
UBFC_PHYS_s14_T1_ctrl,32,172,37.733333333333334,-1.7356030941009521,0.2769249592237295
UBFC_PHYS_s14_T1_ctrl,32,173,37.766666666666666,-1.9927951097488403,0.5059890129554084
UBFC_PHYS_s14_T1_ctrl,32,174,37.8,-1.636494517326355,0.6439321083770048
UBFC_PHYS_s14_T1_ctrl,32,175,37.833333333333336,-0.6112751364707947,0.7222891029639699
UBFC_PHYS_s14_T1_ctrl,32,176,37.86666666666667,0.7052990198135376,0.7669117909741244
UBFC_PHYS_s14_T1_ctrl,32,177,37.9,1.805434226989746,0.7779198832683372
UBFC_PHYS_s14_T1_ctrl,32,178,37.93333333333333,2.4022538661956787,0.728237618254158
UBFC_PHYS_s14_T1_ctrl,32,179,37.96666666666667,2.462777853012085,0.5809603770653818
UBFC_PHYS_s14_T1_ctrl,32,180,38.0,2.1275157928466797,0.3156912634597483
UBFC_PHYS_s14_T1_ctrl,32,181,38.03333333333333,1.6508992910385132,-0.050311614764789826
UBFC_PHYS_s14_T1_ctrl,32,182,38.06666666666667,1.2175989151000977,-0.45709694792563277
UBFC_PHYS_s14_T1_ctrl,32,183,38.1,0.7770885825157166,-0.8160998133345295
UBFC_PHYS_s14_T1_ctrl,32,184,38.13333333333333,0.20739082992076874,-1.0382267239801455
UBFC_PHYS_s14_T1_ctrl,32,185,38.166666666666664,-0.45454347133636475,-1.0652387998667656
UBFC_PHYS_s14_T1_ctrl,32,186,38.2,-1.0734434127807617,-0.8919479397709672
UBFC_PHYS_s14_T1_ctrl,32,187,38.233333333333334,-1.6275665760040283,-0.569387815884101
UBFC_PHYS_s14_T1_ctrl,32,188,38.266666666666666,-2.192983627319336,-0.18596167892316506
UBFC_PHYS_s14_T1_ctrl,32,189,38.3,-2.782705783843994,0.16669457756633915
UBFC_PHYS_s14_T1_ctrl,32,190,38.333333333333336,-3.2141754627227783,0.42757148374723586
UBFC_PHYS_s14_T1_ctrl,32,191,38.36666666666667,-3.1291489601135254,0.583139623716459
UBFC_PHYS_s14_T1_ctrl,32,192,38.4,-2.391763687133789,0.6599040153673364
UBFC_PHYS_s14_T1_ctrl,32,193,38.43333333333333,-1.3955248594284058,0.6989398366071864
UBFC_PHYS_s14_T1_ctrl,32,194,38.46666666666667,-0.626314640045166,0.727401936544387
UBFC_PHYS_s14_T1_ctrl,32,195,38.5,-0.2221919447183609,0.7420410544000484
UBFC_PHYS_s14_T1_ctrl,32,196,38.53333333333333,-0.21478486061096191,0.7123288492745834
UBFC_PHYS_s14_T1_ctrl,32,197,38.56666666666667,-0.5805484056472778,0.6002215812263055
UBFC_PHYS_s14_T1_ctrl,32,198,38.6,-1.0203827619552612,0.38525663287452355
UBFC_PHYS_s14_T1_ctrl,32,199,38.63333333333333,-1.1459089517593384,0.08172519898364952
UBFC_PHYS_s14_T1_ctrl,32,200,38.666666666666664,-0.8367265462875366,-0.2602363692047943
UBFC_PHYS_s14_T1_ctrl,32,201,38.7,-0.23680897057056427,-0.5695790458522434
UBFC_PHYS_s14_T1_ctrl,32,202,38.733333333333334,0.4118320047855377,-0.778671917561728
UBFC_PHYS_s14_T1_ctrl,32,203,38.766666666666666,0.9030935764312744,-0.8472249689678153
UBFC_PHYS_s14_T1_ctrl,32,204,38.8,1.1710723638534546,-0.7761838691343965
UBFC_PHYS_s14_T1_ctrl,32,205,38.833333333333336,1.2307796478271484,-0.6055646699075389
UBFC_PHYS_s14_T1_ctrl,32,206,38.86666666666667,1.096888780593872,-0.3965727376325698
UBFC_PHYS_s14_T1_ctrl,32,207,38.9,0.8643683195114136,-0.2054990762602329
UBFC_PHYS_s14_T1_ctrl,32,208,38.93333333333333,0.7074958086013794,-0.06162931327622071
UBFC_PHYS_s14_T1_ctrl,32,209,38.96666666666667,0.7554024457931519,0.03982756218790869
UBFC_PHYS_s14_T1_ctrl,32,210,39.0,1.0223673582077026,0.1266472223814846
UBFC_PHYS_s14_T1_ctrl,32,211,39.03333333333333,1.3967771530151367,0.2270380354802351
UBFC_PHYS_s14_T1_ctrl,32,212,39.06666666666667,1.7096209526062012,0.34817341364423343
UBFC_PHYS_s14_T1_ctrl,32,213,39.1,1.8871374130249023,0.46733254940109226
UBFC_PHYS_s14_T1_ctrl,32,214,39.13333333333333,1.9278624057769775,0.5401786613497098
UBFC_PHYS_s14_T1_ctrl,32,215,39.166666666666664,1.8117992877960205,0.5217524906588932
UBFC_PHYS_s14_T1_ctrl,32,216,39.2,1.5505235195159912,0.3895401912095644
UBFC_PHYS_s14_T1_ctrl,32,217,39.233333333333334,1.2422986030578613,0.15725494998143777
UBFC_PHYS_s14_T1_ctrl,32,218,39.266666666666666,0.9705177545547485,-0.12723717602577797
UBFC_PHYS_s14_T1_ctrl,32,219,39.3,0.7710052132606506,-0.3988431890325863
UBFC_PHYS_s14_T1_ctrl,32,220,39.333333333333336,0.6715869307518005,-0.5993563326710536
UBFC_PHYS_s14_T1_ctrl,32,221,39.36666666666667,0.6411981582641602,-0.6980375305977506
UBFC_PHYS_s14_T1_ctrl,32,222,39.4,0.5501445531845093,-0.6995925217720513
UBFC_PHYS_s14_T1_ctrl,32,223,39.43333333333333,0.29481133818626404,-0.6361600849449784
UBFC_PHYS_s14_T1_ctrl,32,224,39.46666666666667,-0.12043604999780655,-0.5473904246657454
UBFC_PHYS_s14_T1_ctrl,32,225,39.5,-0.6104302406311035,-0.4586000911734172
UBFC_PHYS_s14_T1_ctrl,32,226,39.53333333333333,-0.9845865964889526,-0.3683289760205817
UBFC_PHYS_s14_T1_ctrl,32,227,39.56666666666667,-0.9999077320098877,-0.2521003909643591
UBFC_PHYS_s14_T1_ctrl,32,228,39.6,-0.5940389037132263,-0.08044089336716302
UBFC_PHYS_s14_T1_ctrl,32,229,39.63333333333333,-0.024200275540351868,0.15884257836123922
UBFC_PHYS_s14_T1_ctrl,32,230,39.666666666666664,0.370797336101532,0.4466407319902587
UBFC_PHYS_s14_T1_ctrl,32,231,39.7,0.5003790855407715,0.7347859693500592
UBFC_PHYS_s14_T1_ctrl,32,232,39.733333333333334,0.48781800270080566,0.9634871540754046
UBFC_PHYS_s14_T1_ctrl,32,233,39.766666666666666,0.41380348801612854,1.0847323038974097
UBFC_PHYS_s14_T1_ctrl,32,234,39.8,0.32565072178840637,1.0799831117001408
UBFC_PHYS_s14_T1_ctrl,32,235,39.833333333333336,0.38333022594451904,0.9641551294884979
UBFC_PHYS_s14_T1_ctrl,32,236,39.86666666666667,0.6687705516815186,0.7750169781511653
UBFC_PHYS_s14_T1_ctrl,32,237,39.9,0.9476768970489502,0.5542071835366861
UBFC_PHYS_s14_T1_ctrl,32,238,39.93333333333333,0.9162460565567017,0.32985569613574084
UBFC_PHYS_s14_T1_ctrl,32,239,39.96666666666667,0.6119359731674194,0.10950135673297486
UBFC_PHYS_s14_T1_ctrl,33,0,33.0,-1.3586021661758423,-0.020738806782475763
UBFC_PHYS_s14_T1_ctrl,33,1,33.03333333333333,-1.6700658798217773,0.34290845988593366
UBFC_PHYS_s14_T1_ctrl,33,2,33.06666666666667,-1.371670126914978,0.6575392749633042
UBFC_PHYS_s14_T1_ctrl,33,3,33.1,-0.6342568397521973,0.8777970569342282
UBFC_PHYS_s14_T1_ctrl,33,4,33.13333333333333,0.22693651914596558,0.9669930689179901
UBFC_PHYS_s14_T1_ctrl,33,5,33.166666666666664,1.0796806812286377,0.9053053547199492
UBFC_PHYS_s14_T1_ctrl,33,6,33.2,1.7379255294799805,0.6977278212192538
UBFC_PHYS_s14_T1_ctrl,33,7,33.233333333333334,1.8568050861358643,0.3777841167360981
UBFC_PHYS_s14_T1_ctrl,33,8,33.266666666666666,1.4638915061950684,0.004235725609665951
UBFC_PHYS_s14_T1_ctrl,33,9,33.3,1.1418383121490479,-0.3495948800208204
UBFC_PHYS_s14_T1_ctrl,33,10,33.333333333333336,1.192195177078247,-0.6119552323324298
UBFC_PHYS_s14_T1_ctrl,33,11,33.36666666666667,1.2961759567260742,-0.7304965640698186
UBFC_PHYS_s14_T1_ctrl,33,12,33.4,1.1133646965026855,-0.6868085113680208
UBFC_PHYS_s14_T1_ctrl,33,13,33.43333333333333,0.6912171244621277,-0.5023619787020037
UBFC_PHYS_s14_T1_ctrl,33,14,33.46666666666667,0.24166619777679443,-0.23206241380111983
UBFC_PHYS_s14_T1_ctrl,33,15,33.5,-0.16347037255764008,0.0540638763178066
UBFC_PHYS_s14_T1_ctrl,33,16,33.53333333333333,-0.5865191221237183,0.29432300417907664
UBFC_PHYS_s14_T1_ctrl,33,17,33.56666666666667,-0.9876282811164856,0.4535019335546803
UBFC_PHYS_s14_T1_ctrl,33,18,33.6,-1.1603851318359375,0.5276217102599948
UBFC_PHYS_s14_T1_ctrl,33,19,33.63333333333333,-0.9635763764381409,0.5343345803709295
UBFC_PHYS_s14_T1_ctrl,33,20,33.666666666666664,-0.48721349239349365,0.4955635942045365
UBFC_PHYS_s14_T1_ctrl,33,21,33.7,0.07513352483510971,0.42249335962056916
UBFC_PHYS_s14_T1_ctrl,33,22,33.733333333333334,0.5680848956108093,0.31054980434811474
UBFC_PHYS_s14_T1_ctrl,33,23,33.766666666666666,0.8678042888641357,0.14594980739398944
UBFC_PHYS_s14_T1_ctrl,33,24,33.8,0.944719672203064,-0.08031036431019736
UBFC_PHYS_s14_T1_ctrl,33,25,33.833333333333336,0.8739439845085144,-0.3582572127477607
UBFC_PHYS_s14_T1_ctrl,33,26,33.86666666666667,0.7134383916854858,-0.651644757714127
UBFC_PHYS_s14_T1_ctrl,33,27,33.9,0.5027448534965515,-0.9018132835870418
UBFC_PHYS_s14_T1_ctrl,33,28,33.93333333333333,0.29759955406188965,-1.0425558204110659
UBFC_PHYS_s14_T1_ctrl,33,29,33.96666666666667,0.07817521691322327,-1.0214359701808926
UBFC_PHYS_s14_T1_ctrl,33,30,34.0,-0.2830258011817932,-0.8199972493930973
UBFC_PHYS_s14_T1_ctrl,33,31,34.03333333333333,-0.8817041516304016,-0.46465188711652033
UBFC_PHYS_s14_T1_ctrl,33,32,34.06666666666667,-1.6519001722335815,-0.022382860833281067
UBFC_PHYS_s14_T1_ctrl,33,33,34.1,-2.4852113723754883,0.4188584552010657
UBFC_PHYS_s14_T1_ctrl,33,34,34.13333333333333,-3.247549533843994,0.777656762695367
UBFC_PHYS_s14_T1_ctrl,33,35,34.166666666666664,-3.6555025577545166,1.0026059103062035
UBFC_PHYS_s14_T1_ctrl,33,36,34.2,-3.4028730392456055,1.081933778971875
UBFC_PHYS_s14_T1_ctrl,33,37,34.233333333333334,-2.5136003494262695,1.0367959563317746
UBFC_PHYS_s14_T1_ctrl,33,38,34.266666666666666,-1.3242141008377075,0.9037987363832575
UBFC_PHYS_s14_T1_ctrl,33,39,34.3,-0.18214298784732819,0.7165416474761604
UBFC_PHYS_s14_T1_ctrl,33,40,34.333333333333336,0.7014405727386475,0.4944300368895277
UBFC_PHYS_s14_T1_ctrl,33,41,34.36666666666667,1.220077395439148,0.2419526482276619
UBFC_PHYS_s14_T1_ctrl,33,42,34.4,1.3916795253753662,-0.0433251868592916
UBFC_PHYS_s14_T1_ctrl,33,43,34.43333333333333,1.3475186824798584,-0.3587965345750053
UBFC_PHYS_s14_T1_ctrl,33,44,34.46666666666667,1.251649022102356,-0.6864009964987223
UBFC_PHYS_s14_T1_ctrl,33,45,34.5,1.1672701835632324,-0.988330500130379
UBFC_PHYS_s14_T1_ctrl,33,46,34.53333333333333,1.0416595935821533,-1.211368195796194
UBFC_PHYS_s14_T1_ctrl,33,47,34.56666666666667,0.8545109629631042,-1.2996278916777804
UBFC_PHYS_s14_T1_ctrl,33,48,34.6,0.6447749733924866,-1.2124011291321082
UBFC_PHYS_s14_T1_ctrl,33,49,34.63333333333333,0.4206472933292389,-0.9411748940232137
UBFC_PHYS_s14_T1_ctrl,33,50,34.666666666666664,0.1550624519586563,-0.5187678448167478
UBFC_PHYS_s14_T1_ctrl,33,51,34.7,-0.19946373999118805,-0.015222553369149988
UBFC_PHYS_s14_T1_ctrl,33,52,34.733333333333334,-0.6894015669822693,0.48006137924294595
UBFC_PHYS_s14_T1_ctrl,33,53,34.766666666666666,-1.187056303024292,0.8839522937023092
UBFC_PHYS_s14_T1_ctrl,33,54,34.8,-1.3436471223831177,1.1420513645593273
UBFC_PHYS_s14_T1_ctrl,33,55,34.833333333333336,-0.9937398433685303,1.2379747781380372
UBFC_PHYS_s14_T1_ctrl,33,56,34.86666666666667,-0.3432682156562805,1.1870141809601358
UBFC_PHYS_s14_T1_ctrl,33,57,34.9,0.29261454939842224,1.0203793473379905
UBFC_PHYS_s14_T1_ctrl,33,58,34.93333333333333,0.7188739776611328,0.7696905629917151
UBFC_PHYS_s14_T1_ctrl,33,59,34.96666666666667,0.85997474193573,0.45891865057051645
UBFC_PHYS_s14_T1_ctrl,33,60,35.0,0.7545294165611267,0.10551461073261906
UBFC_PHYS_s14_T1_ctrl,33,61,35.03333333333333,0.5326829552650452,-0.27241535992212673
UBFC_PHYS_s14_T1_ctrl,33,62,35.06666666666667,0.3490830063819885,-0.6480726221278986
UBFC_PHYS_s14_T1_ctrl,33,63,35.1,0.30241554975509644,-0.9817019752155338
UBFC_PHYS_s14_T1_ctrl,33,64,35.13333333333333,0.3542933166027069,-1.2229628318975094
UBFC_PHYS_s14_T1_ctrl,33,65,35.166666666666664,0.3667135536670685,-1.3205294083409251
UBFC_PHYS_s14_T1_ctrl,33,66,35.2,0.29421988129615784,-1.2369782634975577
UBFC_PHYS_s14_T1_ctrl,33,67,35.233333333333334,0.211925208568573,-0.9644037201508896
UBFC_PHYS_s14_T1_ctrl,33,68,35.266666666666666,0.1248989999294281,-0.5342789190126269
UBFC_PHYS_s14_T1_ctrl,33,69,35.3,-0.08404839783906937,-0.015542830966466952
UBFC_PHYS_s14_T1_ctrl,33,70,35.333333333333336,-0.47439897060394287,0.5011269503590996
UBFC_PHYS_s14_T1_ctrl,33,71,35.36666666666667,-0.9479172825813293,0.9282786538892155
UBFC_PHYS_s14_T1_ctrl,33,72,35.4,-1.2773213386535645,1.2053383778580766
UBFC_PHYS_s14_T1_ctrl,33,73,35.43333333333333,-1.1957870721817017,1.3101547680263919
UBFC_PHYS_s14_T1_ctrl,33,74,35.46666666666667,-0.6146829724311829,1.2548211589956886
UBFC_PHYS_s14_T1_ctrl,33,75,35.5,0.19181624054908752,1.07104526688113
UBFC_PHYS_s14_T1_ctrl,33,76,35.53333333333333,0.7957330346107483,0.7942738836735259
UBFC_PHYS_s14_T1_ctrl,33,77,35.56666666666667,1.0606701374053955,0.45396668387754424
UBFC_PHYS_s14_T1_ctrl,33,78,35.6,1.098663091659546,0.07268191650057151
UBFC_PHYS_s14_T1_ctrl,33,79,35.63333333333333,1.0204803943634033,-0.3280523958580868
UBFC_PHYS_s14_T1_ctrl,33,80,35.666666666666664,0.9309757351875305,-0.7198059363117961
UBFC_PHYS_s14_T1_ctrl,33,81,35.7,0.9244416952133179,-1.0623380792607764
UBFC_PHYS_s14_T1_ctrl,33,82,35.733333333333334,0.9501553177833557,-1.3053868432549776
UBFC_PHYS_s14_T1_ctrl,33,83,35.766666666666666,0.8854348063468933,-1.398188429272215
UBFC_PHYS_s14_T1_ctrl,33,84,35.8,0.762471616268158,-1.3045234797774286
UBFC_PHYS_s14_T1_ctrl,33,85,35.833333333333336,0.6717277765274048,-1.0181436468826393
UBFC_PHYS_s14_T1_ctrl,33,86,35.86666666666667,0.56383216381073,-0.5719389896856877
UBFC_PHYS_s14_T1_ctrl,33,87,35.9,0.3657841682434082,-0.03539210302631049
UBFC_PHYS_s14_T1_ctrl,33,88,35.93333333333333,0.10577575862407684,0.5009061742782343
UBFC_PHYS_s14_T1_ctrl,33,89,35.96666666666667,-0.1876349300146103,0.9489186403828412
UBFC_PHYS_s14_T1_ctrl,33,90,36.0,-0.4482066035270691,1.245411907031638
UBFC_PHYS_s14_T1_ctrl,33,91,36.03333333333333,-0.43764516711235046,1.363375674471667
UBFC_PHYS_s14_T1_ctrl,33,92,36.06666666666667,-0.0010214496869593859,1.3093825230996947
UBFC_PHYS_s14_T1_ctrl,33,93,36.1,0.7034120559692383,1.1112606377450271
UBFC_PHYS_s14_T1_ctrl,33,94,36.13333333333333,1.3520530462265015,0.8041028375816616
UBFC_PHYS_s14_T1_ctrl,33,95,36.166666666666664,1.6498572826385498,0.42134245634737205
UBFC_PHYS_s14_T1_ctrl,33,96,36.2,1.4731292724609375,-0.00656031693472396
UBFC_PHYS_s14_T1_ctrl,33,97,36.233333333333334,1.0312389135360718,-0.4476571097437555
UBFC_PHYS_s14_T1_ctrl,33,98,36.266666666666666,0.6999478936195374,-0.8626658602800918
UBFC_PHYS_s14_T1_ctrl,33,99,36.3,0.5747315287590027,-1.2024755811278172
UBFC_PHYS_s14_T1_ctrl,33,100,36.333333333333336,0.46247056126594543,-1.4123504813078682
UBFC_PHYS_s14_T1_ctrl,33,101,36.36666666666667,0.27901142835617065,-1.443448952634415
UBFC_PHYS_s14_T1_ctrl,33,102,36.4,0.1418817788362503,-1.2687800808830134
UBFC_PHYS_s14_T1_ctrl,33,103,36.43333333333333,0.09828418493270874,-0.8976172630828745
UBFC_PHYS_s14_T1_ctrl,33,104,36.46666666666667,-0.034113939851522446,-0.38121885478886347
UBFC_PHYS_s14_T1_ctrl,33,105,36.5,-0.46383753418922424,0.19502232387245866
UBFC_PHYS_s14_T1_ctrl,33,106,36.53333333333333,-1.1416280269622803,0.7321814792691784
UBFC_PHYS_s14_T1_ctrl,33,107,36.56666666666667,-1.7897902727127075,1.1438235286576588
UBFC_PHYS_s14_T1_ctrl,33,108,36.6,-2.13981032371521,1.3765738409907478
UBFC_PHYS_s14_T1_ctrl,33,109,36.63333333333333,-2.000343084335327,1.4168245101806205
UBFC_PHYS_s14_T1_ctrl,33,110,36.666666666666664,-1.3670512437820435,1.283047413805392
UBFC_PHYS_s14_T1_ctrl,33,111,36.7,-0.5132650136947632,1.0107697067674721
UBFC_PHYS_s14_T1_ctrl,33,112,36.733333333333334,0.20091314613819122,0.6391928884103149
UBFC_PHYS_s14_T1_ctrl,33,113,36.766666666666666,0.5851803421974182,0.20507737975621182
UBFC_PHYS_s14_T1_ctrl,33,114,36.8,0.6268627643585205,-0.2556741390161599
UBFC_PHYS_s14_T1_ctrl,33,115,36.833333333333336,0.4299413561820984,-0.7024829770832667
UBFC_PHYS_s14_T1_ctrl,33,116,36.86666666666667,0.17579102516174316,-1.086035622730438
UBFC_PHYS_s14_T1_ctrl,33,117,36.9,0.03643643110990524,-1.3502497744006985
UBFC_PHYS_s14_T1_ctrl,33,118,36.93333333333333,0.056094780564308167,-1.442120308518417
UBFC_PHYS_s14_T1_ctrl,33,119,36.96666666666667,0.12915173172950745,-1.3275031805985145
UBFC_PHYS_s14_T1_ctrl,33,120,37.0,0.12506797909736633,-1.0070947084360335
UBFC_PHYS_s14_T1_ctrl,33,121,37.03333333333333,0.03826707974076271,-0.5248553655789043
UBFC_PHYS_s14_T1_ctrl,33,122,37.06666666666667,-0.0791197270154953,0.03739155909623313
UBFC_PHYS_s14_T1_ctrl,33,123,37.1,-0.2905455231666565,0.5798421420695701
UBFC_PHYS_s14_T1_ctrl,33,124,37.13333333333333,-0.6728693842887878,1.0119727604786581
UBFC_PHYS_s14_T1_ctrl,33,125,37.166666666666664,-1.1175198554992676,1.2754332056749482
UBFC_PHYS_s14_T1_ctrl,33,126,37.2,-1.3419573307037354,1.3531557845632176
UBFC_PHYS_s14_T1_ctrl,33,127,37.233333333333334,-1.0996358394622803,1.262755132627413
UBFC_PHYS_s14_T1_ctrl,33,128,37.266666666666666,-0.3942165672779083,1.0400821703710703
UBFC_PHYS_s14_T1_ctrl,33,129,37.3,0.4414040148258209,0.7226366929639924
UBFC_PHYS_s14_T1_ctrl,33,130,37.333333333333336,1.0305348634719849,0.34076610258528595
UBFC_PHYS_s14_T1_ctrl,33,131,37.36666666666667,1.251057505607605,-0.08088769710611073
UBFC_PHYS_s14_T1_ctrl,33,132,37.4,1.1670167446136475,-0.5149114427432051
UBFC_PHYS_s14_T1_ctrl,33,133,37.43333333333333,0.9019669890403748,-0.9221659590093214
UBFC_PHYS_s14_T1_ctrl,33,134,37.46666666666667,0.637311577796936,-1.2488705184969815
UBFC_PHYS_s14_T1_ctrl,33,135,37.5,0.4630338251590729,-1.4334152647469671
UBFC_PHYS_s14_T1_ctrl,33,136,37.53333333333333,0.2565930187702179,-1.422352948385006
UBFC_PHYS_s14_T1_ctrl,33,137,37.56666666666667,-0.05481434985995293,-1.1906490923511441
UBFC_PHYS_s14_T1_ctrl,33,138,37.6,-0.3496050536632538,-0.7580935338280004
UBFC_PHYS_s14_T1_ctrl,33,139,37.63333333333333,-0.5650301575660706,-0.1933197158358782
UBFC_PHYS_s14_T1_ctrl,33,140,37.666666666666664,-0.8216589093208313,0.3996609391671251
UBFC_PHYS_s14_T1_ctrl,33,141,37.7,-1.2394691705703735,0.9099169533846073
UBFC_PHYS_s14_T1_ctrl,33,142,37.733333333333334,-1.7356030941009521,1.2517089992381483
UBFC_PHYS_s14_T1_ctrl,33,143,37.766666666666666,-1.9927951097488403,1.385646689614465
UBFC_PHYS_s14_T1_ctrl,33,144,37.8,-1.636494517326355,1.3204990406439332
UBFC_PHYS_s14_T1_ctrl,33,145,37.833333333333336,-0.6112751364707947,1.0980066004262923
UBFC_PHYS_s14_T1_ctrl,33,146,37.86666666666667,0.7052990198135376,0.7706679754974453
UBFC_PHYS_s14_T1_ctrl,33,147,37.9,1.805434226989746,0.38381401627871126
UBFC_PHYS_s14_T1_ctrl,33,148,37.93333333333333,2.4022538661956787,-0.030867718873847497
UBFC_PHYS_s14_T1_ctrl,33,149,37.96666666666667,2.462777853012085,-0.44999095407284534
UBFC_PHYS_s14_T1_ctrl,33,150,38.0,2.1275157928466797,-0.8469356064145519
UBFC_PHYS_s14_T1_ctrl,33,151,38.03333333333333,1.6508992910385132,-1.1823456275612607
UBFC_PHYS_s14_T1_ctrl,33,152,38.06666666666667,1.2175989151000977,-1.4033231455189652
UBFC_PHYS_s14_T1_ctrl,33,153,38.1,0.7770885825157166,-1.4536570457859983
UBFC_PHYS_s14_T1_ctrl,33,154,38.13333333333333,0.20739082992076874,-1.2924950592508677
UBFC_PHYS_s14_T1_ctrl,33,155,38.166666666666664,-0.45454347133636475,-0.9147446888750834
UBFC_PHYS_s14_T1_ctrl,33,156,38.2,-1.0734434127807617,-0.3642667264950688
UBFC_PHYS_s14_T1_ctrl,33,157,38.233333333333334,-1.6275665760040283,0.2681039956431123
UBFC_PHYS_s14_T1_ctrl,33,158,38.266666666666666,-2.192983627319336,0.8647433039098942
UBFC_PHYS_s14_T1_ctrl,33,159,38.3,-2.782705783843994,1.3143270321778318
UBFC_PHYS_s14_T1_ctrl,33,160,38.333333333333336,-3.2141754627227783,1.5442883619198442
UBFC_PHYS_s14_T1_ctrl,33,161,38.36666666666667,-3.1291489601135254,1.5378159886272376
UBFC_PHYS_s14_T1_ctrl,33,162,38.4,-2.391763687133789,1.3291842268775063
UBFC_PHYS_s14_T1_ctrl,33,163,38.43333333333333,-1.3955248594284058,0.9828564343061771
UBFC_PHYS_s14_T1_ctrl,33,164,38.46666666666667,-0.626314640045166,0.5679828160983689
UBFC_PHYS_s14_T1_ctrl,33,165,38.5,-0.2221919447183609,0.1392272363225061
UBFC_PHYS_s14_T1_ctrl,33,166,38.53333333333333,-0.21478486061096191,-0.2699077826312116
UBFC_PHYS_s14_T1_ctrl,33,167,38.56666666666667,-0.5805484056472778,-0.6413440810168657
UBFC_PHYS_s14_T1_ctrl,33,168,38.6,-1.0203827619552612,-0.9598554105245382
UBFC_PHYS_s14_T1_ctrl,33,169,38.63333333333333,-1.1459089517593384,-1.2018146603534037
UBFC_PHYS_s14_T1_ctrl,33,170,38.666666666666664,-0.8367265462875366,-1.3321081520782785
UBFC_PHYS_s14_T1_ctrl,33,171,38.7,-0.23680897057056427,-1.3118330430443388
UBFC_PHYS_s14_T1_ctrl,33,172,38.733333333333334,0.4118320047855377,-1.1142366764590648
UBFC_PHYS_s14_T1_ctrl,33,173,38.766666666666666,0.9030935764312744,-0.7421863037061216
UBFC_PHYS_s14_T1_ctrl,33,174,38.8,1.1710723638534546,-0.2387887046950792
UBFC_PHYS_s14_T1_ctrl,33,175,38.833333333333336,1.2307796478271484,0.31548762476889575
UBFC_PHYS_s14_T1_ctrl,33,176,38.86666666666667,1.096888780593872,0.8207748707800028
UBFC_PHYS_s14_T1_ctrl,33,177,38.9,0.8643683195114136,1.1853369224007366
UBFC_PHYS_s14_T1_ctrl,33,178,38.93333333333333,0.7074958086013794,1.3511627326649263
UBFC_PHYS_s14_T1_ctrl,33,179,38.96666666666667,0.7554024457931519,1.3061515847897334
UBFC_PHYS_s14_T1_ctrl,33,180,39.0,1.0223673582077026,1.079032765271255
UBFC_PHYS_s14_T1_ctrl,33,181,39.03333333333333,1.3967771530151367,0.7225262140803779
UBFC_PHYS_s14_T1_ctrl,33,182,39.06666666666667,1.7096209526062012,0.2946003804906747
UBFC_PHYS_s14_T1_ctrl,33,183,39.1,1.8871374130249023,-0.15395139136975125
UBFC_PHYS_s14_T1_ctrl,33,184,39.13333333333333,1.9278624057769775,-0.5823429770757721
UBFC_PHYS_s14_T1_ctrl,33,185,39.166666666666664,1.8117992877960205,-0.9551351630619994
UBFC_PHYS_s14_T1_ctrl,33,186,39.2,1.5505235195159912,-1.2357118652955494
UBFC_PHYS_s14_T1_ctrl,33,187,39.233333333333334,1.2422986030578613,-1.384018348043526
UBFC_PHYS_s14_T1_ctrl,33,188,39.266666666666666,0.9705177545547485,-1.3622030904064526
UBFC_PHYS_s14_T1_ctrl,33,189,39.3,0.7710052132606506,-1.1474837026011409
UBFC_PHYS_s14_T1_ctrl,33,190,39.333333333333336,0.6715869307518005,-0.7471766386654027
UBFC_PHYS_s14_T1_ctrl,33,191,39.36666666666667,0.6411981582641602,-0.20821578419810244
UBFC_PHYS_s14_T1_ctrl,33,192,39.4,0.5501445531845093,0.3858136333716741
UBFC_PHYS_s14_T1_ctrl,33,193,39.43333333333333,0.29481133818626404,0.9321904143918056
UBFC_PHYS_s14_T1_ctrl,33,194,39.46666666666667,-0.12043604999780655,1.3355948297060178
UBFC_PHYS_s14_T1_ctrl,33,195,39.5,-0.6104302406311035,1.5327484658555135
UBFC_PHYS_s14_T1_ctrl,33,196,39.53333333333333,-0.9845865964889526,1.505107445790208
UBFC_PHYS_s14_T1_ctrl,33,197,39.56666666666667,-0.9999077320098877,1.2759417891021625
UBFC_PHYS_s14_T1_ctrl,33,198,39.6,-0.5940389037132263,0.8959697256487649
UBFC_PHYS_s14_T1_ctrl,33,199,39.63333333333333,-0.024200275540351868,0.4262898812230997
UBFC_PHYS_s14_T1_ctrl,33,200,39.666666666666664,0.370797336101532,-0.07373923091008798
UBFC_PHYS_s14_T1_ctrl,33,201,39.7,0.5003790855407715,-0.5507804872586515
UBFC_PHYS_s14_T1_ctrl,33,202,39.733333333333334,0.48781800270080566,-0.9558856567655424
UBFC_PHYS_s14_T1_ctrl,33,203,39.766666666666666,0.41380348801612854,-1.2417901633640371
UBFC_PHYS_s14_T1_ctrl,33,204,39.8,0.32565072178840637,-1.3643135729485376
UBFC_PHYS_s14_T1_ctrl,33,205,39.833333333333336,0.38333022594451904,-1.2905756541048299
UBFC_PHYS_s14_T1_ctrl,33,206,39.86666666666667,0.6687705516815186,-1.0122572497228415
UBFC_PHYS_s14_T1_ctrl,33,207,39.9,0.9476768970489502,-0.5578001322246584
UBFC_PHYS_s14_T1_ctrl,33,208,39.93333333333333,0.9162460565567017,0.004206554180249549
UBFC_PHYS_s14_T1_ctrl,33,209,39.96666666666667,0.6119359731674194,0.5754429165430516
UBFC_PHYS_s14_T1_ctrl,33,210,40.0,0.32446783781051636,1.0505606750298948
UBFC_PHYS_s14_T1_ctrl,33,211,40.03333333333333,0.25312888622283936,1.344241815012409
UBFC_PHYS_s14_T1_ctrl,33,212,40.06666666666667,0.2505941390991211,1.4123407431257606
UBFC_PHYS_s14_T1_ctrl,33,213,40.1,-0.2484687864780426,1.2595407115183936
UBFC_PHYS_s14_T1_ctrl,33,214,40.13333333333333,-1.5595510005950928,0.9319722987831799
UBFC_PHYS_s14_T1_ctrl,33,215,40.166666666666664,-2.784254789352417,0.49927813671930604
UBFC_PHYS_s14_T1_ctrl,33,216,40.2,-2.658418893814087,0.03383938123443827
UBFC_PHYS_s14_T1_ctrl,33,217,40.233333333333334,-1.3110052347183228,-0.40527881805560295
UBFC_PHYS_s14_T1_ctrl,33,218,40.266666666666666,0.12115320563316345,-0.7788808152996947
UBFC_PHYS_s14_T1_ctrl,33,219,40.3,1.1376136541366577,-1.0643897443805275
UBFC_PHYS_s14_T1_ctrl,33,220,40.333333333333336,1.8323588371276855,-1.247165183089373
UBFC_PHYS_s14_T1_ctrl,33,221,40.36666666666667,2.2043466567993164,-1.313196116883534
UBFC_PHYS_s14_T1_ctrl,33,222,40.4,2.38639760017395,-1.2485739902400959
UBFC_PHYS_s14_T1_ctrl,33,223,40.43333333333333,2.6489970684051514,-1.0467374520012966
UBFC_PHYS_s14_T1_ctrl,33,224,40.46666666666667,2.9252560138702393,-0.719483530119535
UBFC_PHYS_s14_T1_ctrl,33,225,40.5,2.907371997833252,-0.30485506150153835
UBFC_PHYS_s14_T1_ctrl,33,226,40.53333333333333,2.5941619873046875,0.13410272194425885
UBFC_PHYS_s14_T1_ctrl,33,227,40.56666666666667,2.2581677436828613,0.5214488145180478
UBFC_PHYS_s14_T1_ctrl,33,228,40.6,1.9302281141281128,0.7875581338038358
UBFC_PHYS_s14_T1_ctrl,33,229,40.63333333333333,1.5838130712509155,0.8881381491211499
UBFC_PHYS_s14_T1_ctrl,33,230,40.666666666666664,1.4707353115081787,0.816124592949407
UBFC_PHYS_s14_T1_ctrl,33,231,40.7,1.742150068283081,0.6028212314532675
UBFC_PHYS_s14_T1_ctrl,33,232,40.733333333333334,2.1105329990386963,0.30861285385128906
UBFC_PHYS_s14_T1_ctrl,33,233,40.766666666666666,2.164860963821411,0.0067801801391927045
UBFC_PHYS_s14_T1_ctrl,33,234,40.8,1.6563067436218262,-0.2343464414335498
UBFC_PHYS_s14_T1_ctrl,33,235,40.833333333333336,0.5934323072433472,-0.365847188075535
UBFC_PHYS_s14_T1_ctrl,33,236,40.86666666666667,-0.6462545990943909,-0.3661283758383688
UBFC_PHYS_s14_T1_ctrl,33,237,40.9,-1.5542843341827393,-0.24173485151594581
UBFC_PHYS_s14_T1_ctrl,33,238,40.93333333333333,-2.01287579536438,-0.02264875983467153
UBFC_PHYS_s14_T1_ctrl,33,239,40.96666666666667,-2.264209747314453,0.24535670059605505
UBFC_PHYS_s14_T1_ctrl,34,0,34.0,-0.2830258011817932,0.08317628673030998
UBFC_PHYS_s14_T1_ctrl,34,1,34.03333333333333,-0.8817041516304016,0.3836701732463178
UBFC_PHYS_s14_T1_ctrl,34,2,34.06666666666667,-1.6519001722335815,0.6823582584901278
UBFC_PHYS_s14_T1_ctrl,34,3,34.1,-2.4852113723754883,0.9728600323332838
UBFC_PHYS_s14_T1_ctrl,34,4,34.13333333333333,-3.247549533843994,1.235963265712493
UBFC_PHYS_s14_T1_ctrl,34,5,34.166666666666664,-3.6555025577545166,1.443987235340091
UBFC_PHYS_s14_T1_ctrl,34,6,34.2,-3.4028730392456055,1.5701350497337099
UBFC_PHYS_s14_T1_ctrl,34,7,34.233333333333334,-2.5136003494262695,1.597196752916133
UBFC_PHYS_s14_T1_ctrl,34,8,34.266666666666666,-1.3242141008377075,1.5211427587635935
UBFC_PHYS_s14_T1_ctrl,34,9,34.3,-0.18214298784732819,1.3488057449669748
UBFC_PHYS_s14_T1_ctrl,34,10,34.333333333333336,0.7014405727386475,1.0923479528118625
UBFC_PHYS_s14_T1_ctrl,34,11,34.36666666666667,1.220077395439148,0.7646619891566188
UBFC_PHYS_s14_T1_ctrl,34,12,34.4,1.3916795253753662,0.37873797351662275
UBFC_PHYS_s14_T1_ctrl,34,13,34.43333333333333,1.3475186824798584,-0.04868797923336113
UBFC_PHYS_s14_T1_ctrl,34,14,34.46666666666667,1.251649022102356,-0.4915811956330503
UBFC_PHYS_s14_T1_ctrl,34,15,34.5,1.1672701835632324,-0.9108948928434951
UBFC_PHYS_s14_T1_ctrl,34,16,34.53333333333333,1.0416595935821533,-1.2559585790535077
UBFC_PHYS_s14_T1_ctrl,34,17,34.56666666666667,0.8545109629631042,-1.4723538621283818
UBFC_PHYS_s14_T1_ctrl,34,18,34.6,0.6447749733924866,-1.5151841255877263
UBFC_PHYS_s14_T1_ctrl,34,19,34.63333333333333,0.4206472933292389,-1.3640594933412293
UBFC_PHYS_s14_T1_ctrl,34,20,34.666666666666664,0.1550624519586563,-1.0341522438205701
UBFC_PHYS_s14_T1_ctrl,34,21,34.7,-0.19946373999118805,-0.5776963139122371
UBFC_PHYS_s14_T1_ctrl,34,22,34.733333333333334,-0.6894015669822693,-0.07324868669566564
UBFC_PHYS_s14_T1_ctrl,34,23,34.766666666666666,-1.187056303024292,0.3946566950643695
UBFC_PHYS_s14_T1_ctrl,34,24,34.8,-1.3436471223831177,0.7575292950289633
UBFC_PHYS_s14_T1_ctrl,34,25,34.833333333333336,-0.9937398433685303,0.9772058895524343
UBFC_PHYS_s14_T1_ctrl,34,26,34.86666666666667,-0.3432682156562805,1.0472005769736676
UBFC_PHYS_s14_T1_ctrl,34,27,34.9,0.29261454939842224,0.9829600649927782
UBFC_PHYS_s14_T1_ctrl,34,28,34.93333333333333,0.7188739776611328,0.8081226272649381
UBFC_PHYS_s14_T1_ctrl,34,29,34.96666666666667,0.85997474193573,0.5446289385508067
UBFC_PHYS_s14_T1_ctrl,34,30,35.0,0.7545294165611267,0.21088146810957248
UBFC_PHYS_s14_T1_ctrl,34,31,35.03333333333333,0.5326829552650452,-0.1729937979885772
UBFC_PHYS_s14_T1_ctrl,34,32,35.06666666666667,0.3490830063819885,-0.5771925664265062
UBFC_PHYS_s14_T1_ctrl,34,33,35.1,0.30241554975509644,-0.9568499326959522
UBFC_PHYS_s14_T1_ctrl,34,34,35.13333333333333,0.3542933166027069,-1.2533092660818133
UBFC_PHYS_s14_T1_ctrl,34,35,35.166666666666664,0.3667135536670685,-1.4036885662748584
UBFC_PHYS_s14_T1_ctrl,34,36,35.2,0.29421988129615784,-1.3573660046851648
UBFC_PHYS_s14_T1_ctrl,34,37,35.233333333333334,0.211925208568573,-1.0947424057031212
UBFC_PHYS_s14_T1_ctrl,34,38,35.266666666666666,0.1248989999294281,-0.6409716472562879
UBFC_PHYS_s14_T1_ctrl,34,39,35.3,-0.08404839783906937,-0.06714451875110487
UBFC_PHYS_s14_T1_ctrl,34,40,35.333333333333336,-0.47439897060394287,0.5248342245003979
UBFC_PHYS_s14_T1_ctrl,34,41,35.36666666666667,-0.9479172825813293,1.0300778542865898
UBFC_PHYS_s14_T1_ctrl,34,42,35.4,-1.2773213386535645,1.3699931964083683
UBFC_PHYS_s14_T1_ctrl,34,43,35.43333333333333,-1.1957870721817017,1.5099024196811348
UBFC_PHYS_s14_T1_ctrl,34,44,35.46666666666667,-0.6146829724311829,1.458732952730114
UBFC_PHYS_s14_T1_ctrl,34,45,35.5,0.19181624054908752,1.2543784071522377
UBFC_PHYS_s14_T1_ctrl,34,46,35.53333333333333,0.7957330346107483,0.9440275753236133
UBFC_PHYS_s14_T1_ctrl,34,47,35.56666666666667,1.0606701374053955,0.5686345385441869
UBFC_PHYS_s14_T1_ctrl,34,48,35.6,1.098663091659546,0.15684958333528343
UBFC_PHYS_s14_T1_ctrl,34,49,35.63333333333333,1.0204803943634033,-0.2712704821447387
UBFC_PHYS_s14_T1_ctrl,34,50,35.666666666666664,0.9309757351875305,-0.6945252137414947
UBFC_PHYS_s14_T1_ctrl,34,51,35.7,0.9244416952133179,-1.0807117561015336
UBFC_PHYS_s14_T1_ctrl,34,52,35.733333333333334,0.9501553177833557,-1.3825403373031842
UBFC_PHYS_s14_T1_ctrl,34,53,35.766666666666666,0.8854348063468933,-1.5430265316972946
UBFC_PHYS_s14_T1_ctrl,34,54,35.8,0.762471616268158,-1.5101870825255197
UBFC_PHYS_s14_T1_ctrl,34,55,35.833333333333336,0.6717277765274048,-1.2566109071804288
UBFC_PHYS_s14_T1_ctrl,34,56,35.86666666666667,0.56383216381073,-0.7964347166314492
UBFC_PHYS_s14_T1_ctrl,34,57,35.9,0.3657841682434082,-0.191677069089613
UBFC_PHYS_s14_T1_ctrl,34,58,35.93333333333333,0.10577575862407684,0.45737613969974095
UBFC_PHYS_s14_T1_ctrl,34,59,35.96666666666667,-0.1876349300146103,1.0366867383066576
UBFC_PHYS_s14_T1_ctrl,34,60,36.0,-0.4482066035270691,1.4489758561469086
UBFC_PHYS_s14_T1_ctrl,34,61,36.03333333333333,-0.43764516711235046,1.6374854054384136
UBFC_PHYS_s14_T1_ctrl,34,62,36.06666666666667,-0.0010214496869593859,1.5940275677029776
UBFC_PHYS_s14_T1_ctrl,34,63,36.1,0.7034120559692383,1.3507349567125488
UBFC_PHYS_s14_T1_ctrl,34,64,36.13333333333333,1.3520530462265015,0.9621895398527759
UBFC_PHYS_s14_T1_ctrl,34,65,36.166666666666664,1.6498572826385498,0.48728719325416414
UBFC_PHYS_s14_T1_ctrl,34,66,36.2,1.4731292724609375,-0.022086067560537905
UBFC_PHYS_s14_T1_ctrl,34,67,36.233333333333334,1.0312389135360718,-0.5232601302425263
UBFC_PHYS_s14_T1_ctrl,34,68,36.266666666666666,0.6999478936195374,-0.9779005635830276
UBFC_PHYS_s14_T1_ctrl,34,69,36.3,0.5747315287590027,-1.3449466750889618
UBFC_PHYS_s14_T1_ctrl,34,70,36.333333333333336,0.46247056126594543,-1.5774210865403178
UBFC_PHYS_s14_T1_ctrl,34,71,36.36666666666667,0.27901142835617065,-1.6277311232848835
UBFC_PHYS_s14_T1_ctrl,34,72,36.4,0.1418817788362503,-1.461849944778797
UBFC_PHYS_s14_T1_ctrl,34,73,36.43333333333333,0.09828418493270874,-1.0773442854142237
UBFC_PHYS_s14_T1_ctrl,34,74,36.46666666666667,-0.034113939851522446,-0.5163209044259592
UBFC_PHYS_s14_T1_ctrl,34,75,36.5,-0.46383753418922424,0.13537295700698246
UBFC_PHYS_s14_T1_ctrl,34,76,36.53333333333333,-1.1416280269622803,0.765995081047111
UBFC_PHYS_s14_T1_ctrl,34,77,36.56666666666667,-1.7897902727127075,1.2675578480106802
UBFC_PHYS_s14_T1_ctrl,34,78,36.6,-2.13981032371521,1.56477197063297
UBFC_PHYS_s14_T1_ctrl,34,79,36.63333333333333,-2.000343084335327,1.6304172022949701
UBFC_PHYS_s14_T1_ctrl,34,80,36.666666666666664,-1.3670512437820435,1.482355427458763
UBFC_PHYS_s14_T1_ctrl,34,81,36.7,-0.5132650136947632,1.1674562797170673
UBFC_PHYS_s14_T1_ctrl,34,82,36.733333333333334,0.20091314613819122,0.7424042869280819
UBFC_PHYS_s14_T1_ctrl,34,83,36.766666666666666,0.5851803421974182,0.2598758047184737
UBFC_PHYS_s14_T1_ctrl,34,84,36.8,0.6268627643585205,-0.2360901453740246
UBFC_PHYS_s14_T1_ctrl,34,85,36.833333333333336,0.4299413561820984,-0.7067618290844304
UBFC_PHYS_s14_T1_ctrl,34,86,36.86666666666667,0.17579102516174316,-1.1121858015271417
UBFC_PHYS_s14_T1_ctrl,34,87,36.9,0.03643643110990524,-1.4072809990248487
UBFC_PHYS_s14_T1_ctrl,34,88,36.93333333333333,0.056094780564308167,-1.5449234559391931
UBFC_PHYS_s14_T1_ctrl,34,89,36.96666666666667,0.12915173172950745,-1.4869322688206892
UBFC_PHYS_s14_T1_ctrl,34,90,37.0,0.12506797909736633,-1.2195560181295522
UBFC_PHYS_s14_T1_ctrl,34,91,37.03333333333333,0.03826707974076271,-0.7666304256751604
UBFC_PHYS_s14_T1_ctrl,34,92,37.06666666666667,-0.0791197270154953,-0.19285343336763133
UBFC_PHYS_s14_T1_ctrl,34,93,37.1,-0.2905455231666565,0.407151223982785
UBFC_PHYS_s14_T1_ctrl,34,94,37.13333333333333,-0.6728693842887878,0.9318135508861884
UBFC_PHYS_s14_T1_ctrl,34,95,37.166666666666664,-1.1175198554992676,1.2990709857839011
UBFC_PHYS_s14_T1_ctrl,34,96,37.2,-1.3419573307037354,1.4653352584979422
UBFC_PHYS_s14_T1_ctrl,34,97,37.233333333333334,-1.0996358394622803,1.4296220247319136
UBFC_PHYS_s14_T1_ctrl,34,98,37.266666666666666,-0.3942165672779083,1.2235151870875662
UBFC_PHYS_s14_T1_ctrl,34,99,37.3,0.4414040148258209,0.8944565279557737
UBFC_PHYS_s14_T1_ctrl,34,100,37.333333333333336,1.0305348634719849,0.4909365422980465
UBFC_PHYS_s14_T1_ctrl,34,101,37.36666666666667,1.251057505607605,0.05472902851827205
UBFC_PHYS_s14_T1_ctrl,34,102,37.4,1.1670167446136475,-0.3790670558678968
UBFC_PHYS_s14_T1_ctrl,34,103,37.43333333333333,0.9019669890403748,-0.776940160389407
UBFC_PHYS_s14_T1_ctrl,34,104,37.46666666666667,0.637311577796936,-1.101635577465461
UBFC_PHYS_s14_T1_ctrl,34,105,37.5,0.4630338251590729,-1.3113372300837491
UBFC_PHYS_s14_T1_ctrl,34,106,37.53333333333333,0.2565930187702179,-1.365879194118639
UBFC_PHYS_s14_T1_ctrl,34,107,37.56666666666667,-0.05481434985995293,-1.2389142539717934
UBFC_PHYS_s14_T1_ctrl,34,108,37.6,-0.3496050536632538,-0.9314496358955906
UBFC_PHYS_s14_T1_ctrl,34,109,37.63333333333333,-0.5650301575660706,-0.4802081361562331
UBFC_PHYS_s14_T1_ctrl,34,110,37.666666666666664,-0.8216589093208313,0.044886372050638244
UBFC_PHYS_s14_T1_ctrl,34,111,37.7,-1.2394691705703735,0.5555793101094346
UBFC_PHYS_s14_T1_ctrl,34,112,37.733333333333334,-1.7356030941009521,0.9677439734988689
UBFC_PHYS_s14_T1_ctrl,34,113,37.766666666666666,-1.9927951097488403,1.22232362363154
UBFC_PHYS_s14_T1_ctrl,34,114,37.8,-1.636494517326355,1.296421365199592
UBFC_PHYS_s14_T1_ctrl,34,115,37.833333333333336,-0.6112751364707947,1.201373420654986
UBFC_PHYS_s14_T1_ctrl,34,116,37.86666666666667,0.7052990198135376,0.9709763229468796
UBFC_PHYS_s14_T1_ctrl,34,117,37.9,1.805434226989746,0.6469759425387402
UBFC_PHYS_s14_T1_ctrl,34,118,37.93333333333333,2.4022538661956787,0.26856893157788747
UBFC_PHYS_s14_T1_ctrl,34,119,37.96666666666667,2.462777853012085,-0.1308539381746839
UBFC_PHYS_s14_T1_ctrl,34,120,38.0,2.1275157928466797,-0.5206622092951492
UBFC_PHYS_s14_T1_ctrl,34,121,38.03333333333333,1.6508992910385132,-0.8675140084258135
UBFC_PHYS_s14_T1_ctrl,34,122,38.06666666666667,1.2175989151000977,-1.1321545695949848
UBFC_PHYS_s14_T1_ctrl,34,123,38.1,0.7770885825157166,-1.271963117535703
UBFC_PHYS_s14_T1_ctrl,34,124,38.13333333333333,0.20739082992076874,-1.250126012860216
UBFC_PHYS_s14_T1_ctrl,34,125,38.166666666666664,-0.45454347133636475,-1.0491093374949538
UBFC_PHYS_s14_T1_ctrl,34,126,38.2,-1.0734434127807617,-0.683241394647429
UBFC_PHYS_s14_T1_ctrl,34,127,38.233333333333334,-1.6275665760040283,-0.20383402443516435
UBFC_PHYS_s14_T1_ctrl,34,128,38.266666666666666,-2.192983627319336,0.3083342419136217
UBFC_PHYS_s14_T1_ctrl,34,129,38.3,-2.782705783843994,0.7630274377400613
UBFC_PHYS_s14_T1_ctrl,34,130,38.333333333333336,-3.2141754627227783,1.0853619985910539
UBFC_PHYS_s14_T1_ctrl,34,131,38.36666666666667,-3.1291489601135254,1.2341478422166798
UBFC_PHYS_s14_T1_ctrl,34,132,38.4,-2.391763687133789,1.2067868617030026
UBFC_PHYS_s14_T1_ctrl,34,133,38.43333333333333,-1.3955248594284058,1.0315320993713442
UBFC_PHYS_s14_T1_ctrl,34,134,38.46666666666667,-0.626314640045166,0.7528747386088116
UBFC_PHYS_s14_T1_ctrl,34,135,38.5,-0.2221919447183609,0.4167867639165638
UBFC_PHYS_s14_T1_ctrl,34,136,38.53333333333333,-0.21478486061096191,0.06109416253976064
UBFC_PHYS_s14_T1_ctrl,34,137,38.56666666666667,-0.5805484056472778,-0.2866030165789606
UBFC_PHYS_s14_T1_ctrl,34,138,38.6,-1.0203827619552612,-0.6045135912328639
UBFC_PHYS_s14_T1_ctrl,34,139,38.63333333333333,-1.1459089517593384,-0.869623675562405
UBFC_PHYS_s14_T1_ctrl,34,140,38.666666666666664,-0.8367265462875366,-1.053017960991535
UBFC_PHYS_s14_T1_ctrl,34,141,38.7,-0.23680897057056427,-1.1214416471433022
UBFC_PHYS_s14_T1_ctrl,34,142,38.733333333333334,0.4118320047855377,-1.0460851023116124
UBFC_PHYS_s14_T1_ctrl,34,143,38.766666666666666,0.9030935764312744,-0.8158355240908745
UBFC_PHYS_s14_T1_ctrl,34,144,38.8,1.1710723638534546,-0.4491431950666937
UBFC_PHYS_s14_T1_ctrl,34,145,38.833333333333336,1.2307796478271484,0.002194991307586597
UBFC_PHYS_s14_T1_ctrl,34,146,38.86666666666667,1.096888780593872,0.46156081499900964
UBFC_PHYS_s14_T1_ctrl,34,147,38.9,0.8643683195114136,0.8469229415678639
UBFC_PHYS_s14_T1_ctrl,34,148,38.93333333333333,0.7074958086013794,1.0933023226154603
UBFC_PHYS_s14_T1_ctrl,34,149,38.96666666666667,0.7554024457931519,1.168276889983028
UBFC_PHYS_s14_T1_ctrl,34,150,39.0,1.0223673582077026,1.075000236597039
UBFC_PHYS_s14_T1_ctrl,34,151,39.03333333333333,1.3967771530151367,0.8442254337211522
UBFC_PHYS_s14_T1_ctrl,34,152,39.06666666666667,1.7096209526062012,0.5209655805848487
UBFC_PHYS_s14_T1_ctrl,34,153,39.1,1.8871374130249023,0.15181621532228912
UBFC_PHYS_s14_T1_ctrl,34,154,39.13333333333333,1.9278624057769775,-0.2227911086545384
UBFC_PHYS_s14_T1_ctrl,34,155,39.166666666666664,1.8117992877960205,-0.5699317763614179
UBFC_PHYS_s14_T1_ctrl,34,156,39.2,1.5505235195159912,-0.8606783376724693
UBFC_PHYS_s14_T1_ctrl,34,157,39.233333333333334,1.2422986030578613,-1.0655356377901943
UBFC_PHYS_s14_T1_ctrl,34,158,39.266666666666666,0.9705177545547485,-1.1532035431437557
UBFC_PHYS_s14_T1_ctrl,34,159,39.3,0.7710052132606506,-1.0955309888068556
UBFC_PHYS_s14_T1_ctrl,34,160,39.333333333333336,0.6715869307518005,-0.8782352140196984
UBFC_PHYS_s14_T1_ctrl,34,161,39.36666666666667,0.6411981582641602,-0.5131635250394655
UBFC_PHYS_s14_T1_ctrl,34,162,39.4,0.5501445531845093,-0.04546304772585043
UBFC_PHYS_s14_T1_ctrl,34,163,39.43333333333333,0.29481133818626404,0.45007252803498216
UBFC_PHYS_s14_T1_ctrl,34,164,39.46666666666667,-0.12043604999780655,0.8846013928591927
UBFC_PHYS_s14_T1_ctrl,34,165,39.5,-0.6104302406311035,1.1778718934007788
UBFC_PHYS_s14_T1_ctrl,34,166,39.53333333333333,-0.9845865964889526,1.2790081550112407
UBFC_PHYS_s14_T1_ctrl,34,167,39.56666666666667,-0.9999077320098877,1.1772591781881179
UBFC_PHYS_s14_T1_ctrl,34,168,39.6,-0.5940389037132263,0.8998643702268827
UBFC_PHYS_s14_T1_ctrl,34,169,39.63333333333333,-0.024200275540351868,0.5003597890852656
UBFC_PHYS_s14_T1_ctrl,34,170,39.666666666666664,0.370797336101532,0.043687411195888336
UBFC_PHYS_s14_T1_ctrl,34,171,39.7,0.5003790855407715,-0.4062241233278249
UBFC_PHYS_s14_T1_ctrl,34,172,39.733333333333334,0.48781800270080566,-0.7936052840531114
UBFC_PHYS_s14_T1_ctrl,34,173,39.766666666666666,0.41380348801612854,-1.0731788509785853
UBFC_PHYS_s14_T1_ctrl,34,174,39.8,0.32565072178840637,-1.2103879842808147
UBFC_PHYS_s14_T1_ctrl,34,175,39.833333333333336,0.38333022594451904,-1.1827381217443533
UBFC_PHYS_s14_T1_ctrl,34,176,39.86666666666667,0.6687705516815186,-0.9841671228275269
UBFC_PHYS_s14_T1_ctrl,34,177,39.9,0.9476768970489502,-0.6315874362855003
UBFC_PHYS_s14_T1_ctrl,34,178,39.93333333333333,0.9162460565567017,-0.16970475431565898
UBFC_PHYS_s14_T1_ctrl,34,179,39.96666666666667,0.6119359731674194,0.33092042965398555
UBFC_PHYS_s14_T1_ctrl,34,180,40.0,0.32446783781051636,0.7853634119957519
UBFC_PHYS_s14_T1_ctrl,34,181,40.03333333333333,0.25312888622283936,1.1132897886733608
UBFC_PHYS_s14_T1_ctrl,34,182,40.06666666666667,0.2505941390991211,1.2584800270938212
UBFC_PHYS_s14_T1_ctrl,34,183,40.1,-0.2484687864780426,1.201026080277665
UBFC_PHYS_s14_T1_ctrl,34,184,40.13333333333333,-1.5595510005950928,0.9584427611865564
UBFC_PHYS_s14_T1_ctrl,34,185,40.166666666666664,-2.784254789352417,0.5776387440853952
UBFC_PHYS_s14_T1_ctrl,34,186,40.2,-2.658418893814087,0.12265910691181056
UBFC_PHYS_s14_T1_ctrl,34,187,40.233333333333334,-1.3110052347183228,-0.33725486780180053
UBFC_PHYS_s14_T1_ctrl,34,188,40.266666666666666,0.12115320563316345,-0.7368431444954048
UBFC_PHYS_s14_T1_ctrl,34,189,40.3,1.1376136541366577,-1.0211335125308194
UBFC_PHYS_s14_T1_ctrl,34,190,40.333333333333336,1.8323588371276855,-1.1502449129983083
UBFC_PHYS_s14_T1_ctrl,34,191,40.36666666666667,2.2043466567993164,-1.104014768884584
UBFC_PHYS_s14_T1_ctrl,34,192,40.4,2.38639760017395,-0.8863657166890493
UBFC_PHYS_s14_T1_ctrl,34,193,40.43333333333333,2.6489970684051514,-0.5275778458210577
UBFC_PHYS_s14_T1_ctrl,34,194,40.46666666666667,2.9252560138702393,-0.08188202928241704
UBFC_PHYS_s14_T1_ctrl,34,195,40.5,2.907371997833252,0.38103857888510323
UBFC_PHYS_s14_T1_ctrl,34,196,40.53333333333333,2.5941619873046875,0.7892398101429606
UBFC_PHYS_s14_T1_ctrl,34,197,40.56666666666667,2.2581677436828613,1.0823976435486502
UBFC_PHYS_s14_T1_ctrl,34,198,40.6,1.9302281141281128,1.2218628251206731
UBFC_PHYS_s14_T1_ctrl,34,199,40.63333333333333,1.5838130712509155,1.1942825574057863
UBFC_PHYS_s14_T1_ctrl,34,200,40.666666666666664,1.4707353115081787,1.0093404487329085
UBFC_PHYS_s14_T1_ctrl,34,201,40.7,1.742150068283081,0.6944514489909134
UBFC_PHYS_s14_T1_ctrl,34,202,40.733333333333334,2.1105329990386963,0.2892931964596316
UBFC_PHYS_s14_T1_ctrl,34,203,40.766666666666666,2.164860963821411,-0.1583723235290317
UBFC_PHYS_s14_T1_ctrl,34,204,40.8,1.6563067436218262,-0.5956123038590897
UBFC_PHYS_s14_T1_ctrl,34,205,40.833333333333336,0.5934323072433472,-0.9671226850704081
UBFC_PHYS_s14_T1_ctrl,34,206,40.86666666666667,-0.6462545990943909,-1.2197240775155693
UBFC_PHYS_s14_T1_ctrl,34,207,40.9,-1.5542843341827393,-1.3098984003043632
UBFC_PHYS_s14_T1_ctrl,34,208,40.93333333333333,-2.01287579536438,-1.2138237967557015
UBFC_PHYS_s14_T1_ctrl,34,209,40.96666666666667,-2.264209747314453,-0.9369663162922256
UBFC_PHYS_s14_T1_ctrl,34,210,41.0,-2.4510767459869385,-0.5188189331108455
UBFC_PHYS_s14_T1_ctrl,34,211,41.03333333333333,-2.499546766281128,-0.02891493098332769
UBFC_PHYS_s14_T1_ctrl,34,212,41.06666666666667,-2.4277007579803467,0.44692231689181505
UBFC_PHYS_s14_T1_ctrl,34,213,41.1,-2.403001070022583,0.826705771395577
UBFC_PHYS_s14_T1_ctrl,34,214,41.13333333333333,-2.499208688735962,1.0514594815361857
UBFC_PHYS_s14_T1_ctrl,34,215,41.166666666666664,-2.606541156768799,1.0959071630702588
UBFC_PHYS_s14_T1_ctrl,34,216,41.2,-2.518078565597534,0.9678043802884645
UBFC_PHYS_s14_T1_ctrl,34,217,41.233333333333334,-2.034956216812134,0.6990168985753012
UBFC_PHYS_s14_T1_ctrl,34,218,41.266666666666666,-1.1744107007980347,0.3343796994562551
UBFC_PHYS_s14_T1_ctrl,34,219,41.3,-0.2838706970214844,-0.07669491731430887
UBFC_PHYS_s14_T1_ctrl,34,220,41.333333333333336,0.3112308382987976,-0.48431045871854805
UBFC_PHYS_s14_T1_ctrl,34,221,41.36666666666667,0.5689861178398132,-0.8395847493751845
UBFC_PHYS_s14_T1_ctrl,34,222,41.4,0.5697465538978577,-1.0964946298258484
UBFC_PHYS_s14_T1_ctrl,34,223,41.43333333333333,0.35133612155914307,-1.2162325948625157
UBFC_PHYS_s14_T1_ctrl,34,224,41.46666666666667,-0.06329166144132614,-1.174402698593986
UBFC_PHYS_s14_T1_ctrl,34,225,41.5,-0.5998687744140625,-0.9691754580587228
UBFC_PHYS_s14_T1_ctrl,34,226,41.53333333333333,-1.0472792387008667,-0.6267070863478722
UBFC_PHYS_s14_T1_ctrl,34,227,41.56666666666667,-1.2106294631958008,-0.19986113338256523
UBFC_PHYS_s14_T1_ctrl,34,228,41.6,-1.2198671102523804,0.24169864014200762
UBFC_PHYS_s14_T1_ctrl,34,229,41.63333333333333,-1.4068186283111572,0.6280567566801566
UBFC_PHYS_s14_T1_ctrl,34,230,41.666666666666664,-1.8931515216827393,0.9063040963359702
UBFC_PHYS_s14_T1_ctrl,34,231,41.7,-2.5118260383605957,1.0516400749171257
UBFC_PHYS_s14_T1_ctrl,34,232,41.733333333333334,-2.9668407440185547,1.0688123370644014
UBFC_PHYS_s14_T1_ctrl,34,233,41.766666666666666,-2.9777402877807617,0.9852269510792083
UBFC_PHYS_s14_T1_ctrl,34,234,41.8,-2.5552546977996826,0.8398314936470649
UBFC_PHYS_s14_T1_ctrl,34,235,41.833333333333336,-2.0283377170562744,0.671858826215237
UBFC_PHYS_s14_T1_ctrl,34,236,41.86666666666667,-1.6921181678771973,0.511958850619103
UBFC_PHYS_s14_T1_ctrl,34,237,41.9,-1.6489148139953613,0.3767150648143081
UBFC_PHYS_s14_T1_ctrl,34,238,41.93333333333333,-1.8282057046890259,0.2669420256847543
UBFC_PHYS_s14_T1_ctrl,34,239,41.96666666666667,-1.9802902936935425,0.17006733228281554
UBFC_PHYS_s14_T1_ctrl,35,0,35.0,0.7545294165611267,0.022269997553837757
UBFC_PHYS_s14_T1_ctrl,35,1,35.03333333333333,0.5326829552650452,-0.2697203580868313
UBFC_PHYS_s14_T1_ctrl,35,2,35.06666666666667,0.3490830063819885,-0.5536644287527523
UBFC_PHYS_s14_T1_ctrl,35,3,35.1,0.30241554975509644,-0.8114894762924162
UBFC_PHYS_s14_T1_ctrl,35,4,35.13333333333333,0.3542933166027069,-1.0089012749646011
UBFC_PHYS_s14_T1_ctrl,35,5,35.166666666666664,0.3667135536670685,-1.1019187002019692
UBFC_PHYS_s14_T1_ctrl,35,6,35.2,0.29421988129615784,-1.0527749659671513
UBFC_PHYS_s14_T1_ctrl,35,7,35.233333333333334,0.211925208568573,-0.8485169226415824
UBFC_PHYS_s14_T1_ctrl,35,8,35.266666666666666,0.1248989999294281,-0.513166155309584
UBFC_PHYS_s14_T1_ctrl,35,9,35.3,-0.08404839783906937,-0.10590273902398557
UBFC_PHYS_s14_T1_ctrl,35,10,35.333333333333336,-0.47439897060394287,0.29641423418429796
UBFC_PHYS_s14_T1_ctrl,35,11,35.36666666666667,-0.9479172825813293,0.625783907304656
UBFC_PHYS_s14_T1_ctrl,35,12,35.4,-1.2773213386535645,0.8454549056524736
UBFC_PHYS_s14_T1_ctrl,35,13,35.43333333333333,-1.1957870721817017,0.9558406490216991
UBFC_PHYS_s14_T1_ctrl,35,14,35.46666666666667,-0.6146829724311829,0.9814960046159277
UBFC_PHYS_s14_T1_ctrl,35,15,35.5,0.19181624054908752,0.9483352849883055
UBFC_PHYS_s14_T1_ctrl,35,16,35.53333333333333,0.7957330346107483,0.865146273387432
UBFC_PHYS_s14_T1_ctrl,35,17,35.56666666666667,1.0606701374053955,0.7196130907282281
UBFC_PHYS_s14_T1_ctrl,35,18,35.6,1.098663091659546,0.48996978563618837
UBFC_PHYS_s14_T1_ctrl,35,19,35.63333333333333,1.0204803943634033,0.16486190877065807
UBFC_PHYS_s14_T1_ctrl,35,20,35.666666666666664,0.9309757351875305,-0.2393846222208967
UBFC_PHYS_s14_T1_ctrl,35,21,35.7,0.9244416952133179,-0.6725850653664774
UBFC_PHYS_s14_T1_ctrl,35,22,35.733333333333334,0.9501553177833557,-1.0585209447758681
UBFC_PHYS_s14_T1_ctrl,35,23,35.766666666666666,0.8854348063468933,-1.314026838981561
UBFC_PHYS_s14_T1_ctrl,35,24,35.8,0.762471616268158,-1.37310386026675
UBFC_PHYS_s14_T1_ctrl,35,25,35.833333333333336,0.6717277765274048,-1.2084948915036706
UBFC_PHYS_s14_T1_ctrl,35,26,35.86666666666667,0.56383216381073,-0.8433571831076078
UBFC_PHYS_s14_T1_ctrl,35,27,35.9,0.3657841682434082,-0.3478105977123013
UBFC_PHYS_s14_T1_ctrl,35,28,35.93333333333333,0.10577575862407684,0.1802535412194593
UBFC_PHYS_s14_T1_ctrl,35,29,35.96666666666667,-0.1876349300146103,0.6442443935694714
UBFC_PHYS_s14_T1_ctrl,35,30,36.0,-0.4482066035270691,0.976217475166407
UBFC_PHYS_s14_T1_ctrl,35,31,36.03333333333333,-0.43764516711235046,1.1504653619645433
UBFC_PHYS_s14_T1_ctrl,35,32,36.06666666666667,-0.0010214496869593859,1.1783010502282303
UBFC_PHYS_s14_T1_ctrl,35,33,36.1,0.7034120559692383,1.0891024577422368
UBFC_PHYS_s14_T1_ctrl,35,34,36.13333333333333,1.3520530462265015,0.9094836755411466
UBFC_PHYS_s14_T1_ctrl,35,35,36.166666666666664,1.6498572826385498,0.6521926646676189
UBFC_PHYS_s14_T1_ctrl,35,36,36.2,1.4731292724609375,0.31949560328888366
UBFC_PHYS_s14_T1_ctrl,35,37,36.233333333333334,1.0312389135360718,-0.08284591787357663
UBFC_PHYS_s14_T1_ctrl,35,38,36.266666666666666,0.6999478936195374,-0.5301244369494363
UBFC_PHYS_s14_T1_ctrl,35,39,36.3,0.5747315287590027,-0.9707865284477403
UBFC_PHYS_s14_T1_ctrl,35,40,36.333333333333336,0.46247056126594543,-1.3308833021097959
UBFC_PHYS_s14_T1_ctrl,35,41,36.36666666666667,0.27901142835617065,-1.5302937844713351
UBFC_PHYS_s14_T1_ctrl,35,42,36.4,0.1418817788362503,-1.5060847114032572
UBFC_PHYS_s14_T1_ctrl,35,43,36.43333333333333,0.09828418493270874,-1.2357313114612325
UBFC_PHYS_s14_T1_ctrl,35,44,36.46666666666667,-0.034113939851522446,-0.7514625249905803
UBFC_PHYS_s14_T1_ctrl,35,45,36.5,-0.46383753418922424,-0.13816775754592894
UBFC_PHYS_s14_T1_ctrl,35,46,36.53333333333333,-1.1416280269622803,0.48748657420203045
UBFC_PHYS_s14_T1_ctrl,35,47,36.56666666666667,-1.7897902727127075,1.0105235622219721
UBFC_PHYS_s14_T1_ctrl,35,48,36.6,-2.13981032371521,1.3495371239908045
UBFC_PHYS_s14_T1_ctrl,35,49,36.63333333333333,-2.000343084335327,1.4724489313152431
UBFC_PHYS_s14_T1_ctrl,35,50,36.666666666666664,-1.3670512437820435,1.391417680685868
UBFC_PHYS_s14_T1_ctrl,35,51,36.7,-0.5132650136947632,1.1444176955725847
UBFC_PHYS_s14_T1_ctrl,35,52,36.733333333333334,0.20091314613819122,0.7763274537019985
UBFC_PHYS_s14_T1_ctrl,35,53,36.766666666666666,0.5851803421974182,0.3291985199641759
UBFC_PHYS_s14_T1_ctrl,35,54,36.8,0.6268627643585205,-0.156361039551061
UBFC_PHYS_s14_T1_ctrl,35,55,36.833333333333336,0.4299413561820984,-0.6338701802475949
UBFC_PHYS_s14_T1_ctrl,35,56,36.86666666666667,0.17579102516174316,-1.045699755217616
UBFC_PHYS_s14_T1_ctrl,35,57,36.9,0.03643643110990524,-1.3260785601874223
UBFC_PHYS_s14_T1_ctrl,35,58,36.93333333333333,0.056094780564308167,-1.4141960379353966
UBFC_PHYS_s14_T1_ctrl,35,59,36.96666666666667,0.12915173172950745,-1.2739474346093957
UBFC_PHYS_s14_T1_ctrl,35,60,37.0,0.12506797909736633,-0.9125306002889666
UBFC_PHYS_s14_T1_ctrl,35,61,37.03333333333333,0.03826707974076271,-0.3884676290783272
UBFC_PHYS_s14_T1_ctrl,35,62,37.06666666666667,-0.0791197270154953,0.19789094910692157
UBFC_PHYS_s14_T1_ctrl,35,63,37.1,-0.2905455231666565,0.7311126100784098
UBFC_PHYS_s14_T1_ctrl,35,64,37.13333333333333,-0.6728693842887878,1.1148890307098152
UBFC_PHYS_s14_T1_ctrl,35,65,37.166666666666664,-1.1175198554992676,1.2986128166058506
UBFC_PHYS_s14_T1_ctrl,35,66,37.2,-1.3419573307037354,1.2848764325595663
UBFC_PHYS_s14_T1_ctrl,35,67,37.233333333333334,-1.0996358394622803,1.116437845113871
UBFC_PHYS_s14_T1_ctrl,35,68,37.266666666666666,-0.3942165672779083,0.8511806479663397
UBFC_PHYS_s14_T1_ctrl,35,69,37.3,0.4414040148258209,0.5382517281257971
UBFC_PHYS_s14_T1_ctrl,35,70,37.333333333333336,1.0305348634719849,0.20593538860395225
UBFC_PHYS_s14_T1_ctrl,35,71,37.36666666666667,1.251057505607605,-0.13553892283039398
UBFC_PHYS_s14_T1_ctrl,35,72,37.4,1.1670167446136475,-0.48063089309057444
UBFC_PHYS_s14_T1_ctrl,35,73,37.43333333333333,0.9019669890403748,-0.8132359682758723
UBFC_PHYS_s14_T1_ctrl,35,74,37.46666666666667,0.637311577796936,-1.0979449856299277
UBFC_PHYS_s14_T1_ctrl,35,75,37.5,0.4630338251590729,-1.282653220369059
UBFC_PHYS_s14_T1_ctrl,35,76,37.53333333333333,0.2565930187702179,-1.312644378642416
UBFC_PHYS_s14_T1_ctrl,35,77,37.56666666666667,-0.05481434985995293,-1.1516769876413084
UBFC_PHYS_s14_T1_ctrl,35,78,37.6,-0.3496050536632538,-0.8020132409743954
UBFC_PHYS_s14_T1_ctrl,35,79,37.63333333333333,-0.5650301575660706,-0.31399621879062445
UBFC_PHYS_s14_T1_ctrl,35,80,37.666666666666664,-0.8216589093208313,0.22185891027225013
UBFC_PHYS_s14_T1_ctrl,35,81,37.7,-1.2394691705703735,0.7001244340160124
UBFC_PHYS_s14_T1_ctrl,35,82,37.733333333333334,-1.7356030941009521,1.0331383834621002
UBFC_PHYS_s14_T1_ctrl,35,83,37.766666666666666,-1.9927951097488403,1.1759803818281114
UBFC_PHYS_s14_T1_ctrl,35,84,37.8,-1.636494517326355,1.1330622151950744
UBFC_PHYS_s14_T1_ctrl,35,85,37.833333333333336,-0.6112751364707947,0.9459058356244954
UBFC_PHYS_s14_T1_ctrl,35,86,37.86666666666667,0.7052990198135376,0.6705070381558113
UBFC_PHYS_s14_T1_ctrl,35,87,37.9,1.805434226989746,0.35595861103208276
UBFC_PHYS_s14_T1_ctrl,35,88,37.93333333333333,2.4022538661956787,0.03329882233854224
UBFC_PHYS_s14_T1_ctrl,35,89,37.96666666666667,2.462777853012085,-0.282672990758774
UBFC_PHYS_s14_T1_ctrl,35,90,38.0,2.1275157928466797,-0.5821341846255004
UBFC_PHYS_s14_T1_ctrl,35,91,38.03333333333333,1.6508992910385132,-0.84688289660027
UBFC_PHYS_s14_T1_ctrl,35,92,38.06666666666667,1.2175989151000977,-1.0426495364930504
UBFC_PHYS_s14_T1_ctrl,35,93,38.1,0.7770885825157166,-1.1222455601920795
UBFC_PHYS_s14_T1_ctrl,35,94,38.13333333333333,0.20739082992076874,-1.0402358024160756
UBFC_PHYS_s14_T1_ctrl,35,95,38.166666666666664,-0.45454347133636475,-0.7744771088472124
UBFC_PHYS_s14_T1_ctrl,35,96,38.2,-1.0734434127807617,-0.3452373361406816
UBFC_PHYS_s14_T1_ctrl,35,97,38.233333333333334,-1.6275665760040283,0.17876843228146486
UBFC_PHYS_s14_T1_ctrl,35,98,38.266666666666666,-2.192983627319336,0.6941497585045604
UBFC_PHYS_s14_T1_ctrl,35,99,38.3,-2.782705783843994,1.0938653185076126
UBFC_PHYS_s14_T1_ctrl,35,100,38.333333333333336,-3.2141754627227783,1.3022584716671932
UBFC_PHYS_s14_T1_ctrl,35,101,38.36666666666667,-3.1291489601135254,1.2970817213556518
UBFC_PHYS_s14_T1_ctrl,35,102,38.4,-2.391763687133789,1.1090546621113853
UBFC_PHYS_s14_T1_ctrl,35,103,38.43333333333333,-1.3955248594284058,0.8020225507924343
UBFC_PHYS_s14_T1_ctrl,35,104,38.46666666666667,-0.626314640045166,0.44514865333063464
UBFC_PHYS_s14_T1_ctrl,35,105,38.5,-0.2221919447183609,0.08994966064084081
UBFC_PHYS_s14_T1_ctrl,35,106,38.53333333333333,-0.21478486061096191,-0.239066944939374
UBFC_PHYS_s14_T1_ctrl,35,107,38.56666666666667,-0.5805484056472778,-0.5383619734139824
UBFC_PHYS_s14_T1_ctrl,35,108,38.6,-1.0203827619552612,-0.8091039082513091
UBFC_PHYS_s14_T1_ctrl,35,109,38.63333333333333,-1.1459089517593384,-1.0400940481234024
UBFC_PHYS_s14_T1_ctrl,35,110,38.666666666666664,-0.8367265462875366,-1.1991793246762152
UBFC_PHYS_s14_T1_ctrl,35,111,38.7,-0.23680897057056427,-1.2384939186730195
UBFC_PHYS_s14_T1_ctrl,35,112,38.733333333333334,0.4118320047855377,-1.1127730447766049
UBFC_PHYS_s14_T1_ctrl,35,113,38.766666666666666,0.9030935764312744,-0.8037185075629465
UBFC_PHYS_s14_T1_ctrl,35,114,38.8,1.1710723638534546,-0.33918572465781854
UBFC_PHYS_s14_T1_ctrl,35,115,38.833333333333336,1.2307796478271484,0.2038465558184833
UBFC_PHYS_s14_T1_ctrl,35,116,38.86666666666667,1.096888780593872,0.7177144021450971
UBFC_PHYS_s14_T1_ctrl,35,117,38.9,0.8643683195114136,1.0985844098517825
UBFC_PHYS_s14_T1_ctrl,35,118,38.93333333333333,0.7074958086013794,1.28126815207198
UBFC_PHYS_s14_T1_ctrl,35,119,38.96666666666667,0.7554024457931519,1.2567175452196777
UBFC_PHYS_s14_T1_ctrl,35,120,39.0,1.0223673582077026,1.0649614860827588
UBFC_PHYS_s14_T1_ctrl,35,121,39.03333333333333,1.3967771530151367,0.7704467031177804
UBFC_PHYS_s14_T1_ctrl,35,122,39.06666666666667,1.7096209526062012,0.4342152228391221
UBFC_PHYS_s14_T1_ctrl,35,123,39.1,1.8871374130249023,0.09591878734123262
UBFC_PHYS_s14_T1_ctrl,35,124,39.13333333333333,1.9278624057769775,-0.22826855306136357
UBFC_PHYS_s14_T1_ctrl,35,125,39.166666666666664,1.8117992877960205,-0.5340590946354997
UBFC_PHYS_s14_T1_ctrl,35,126,39.2,1.5505235195159912,-0.8120644210146846
UBFC_PHYS_s14_T1_ctrl,35,127,39.233333333333334,1.2422986030578613,-1.0354786408748868
UBFC_PHYS_s14_T1_ctrl,35,128,39.266666666666666,0.9705177545547485,-1.1597653819507139
UBFC_PHYS_s14_T1_ctrl,35,129,39.3,0.7710052132606506,-1.1358696349359623
UBFC_PHYS_s14_T1_ctrl,35,130,39.333333333333336,0.6715869307518005,-0.9319915591835619
UBFC_PHYS_s14_T1_ctrl,35,131,39.36666666666667,0.6411981582641602,-0.5543204485829075
UBFC_PHYS_s14_T1_ctrl,35,132,39.4,0.5501445531845093,-0.056357870075868115
UBFC_PHYS_s14_T1_ctrl,35,133,39.43333333333333,0.29481133818626404,0.4694618683617138
UBFC_PHYS_s14_T1_ctrl,35,134,39.46666666666667,-0.12043604999780655,0.9163376425582068
UBFC_PHYS_s14_T1_ctrl,35,135,39.5,-0.6104302406311035,1.1945049847613036
UBFC_PHYS_s14_T1_ctrl,35,136,39.53333333333333,-0.9845865964889526,1.2564841235388002
UBFC_PHYS_s14_T1_ctrl,35,137,39.56666666666667,-0.9999077320098877,1.106092094631287
UBFC_PHYS_s14_T1_ctrl,35,138,39.6,-0.5940389037132263,0.7894594844938119
UBFC_PHYS_s14_T1_ctrl,35,139,39.63333333333333,-0.024200275540351868,0.3748115191002405
UBFC_PHYS_s14_T1_ctrl,35,140,39.666666666666664,0.370797336101532,-0.06855871325086506
UBFC_PHYS_s14_T1_ctrl,35,141,39.7,0.5003790855407715,-0.4836605202980583
UBFC_PHYS_s14_T1_ctrl,35,142,39.733333333333334,0.48781800270080566,-0.8284700991485281
UBFC_PHYS_s14_T1_ctrl,35,143,39.766666666666666,0.41380348801612854,-1.0708159803975286
UBFC_PHYS_s14_T1_ctrl,35,144,39.8,0.32565072178840637,-1.1822373230346248
UBFC_PHYS_s14_T1_ctrl,35,145,39.833333333333336,0.38333022594451904,-1.137429636659748
UBFC_PHYS_s14_T1_ctrl,35,146,39.86666666666667,0.6687705516815186,-0.9218329489945207
UBFC_PHYS_s14_T1_ctrl,35,147,39.9,0.9476768970489502,-0.5442344317766499
UBFC_PHYS_s14_T1_ctrl,35,148,39.93333333333333,0.9162460565567017,-0.04708375187079059
UBFC_PHYS_s14_T1_ctrl,35,149,39.96666666666667,0.6119359731674194,0.49316798496458103
UBFC_PHYS_s14_T1_ctrl,35,150,40.0,0.32446783781051636,0.979438698766623
UBFC_PHYS_s14_T1_ctrl,35,151,40.03333333333333,0.25312888622283936,1.3180672432767118
UBFC_PHYS_s14_T1_ctrl,35,152,40.06666666666667,0.2505941390991211,1.4443141953961374
UBFC_PHYS_s14_T1_ctrl,35,153,40.1,-0.2484687864780426,1.3386783804596871
UBFC_PHYS_s14_T1_ctrl,35,154,40.13333333333333,-1.5595510005950928,1.0283458835484147
UBFC_PHYS_s14_T1_ctrl,35,155,40.166666666666664,-2.784254789352417,0.5755372904902036
UBFC_PHYS_s14_T1_ctrl,35,156,40.2,-2.658418893814087,0.059418661883614034
UBFC_PHYS_s14_T1_ctrl,35,157,40.233333333333334,-1.3110052347183228,-0.44110368552032386
UBFC_PHYS_s14_T1_ctrl,35,158,40.266666666666666,0.12115320563316345,-0.8590144079118704
UBFC_PHYS_s14_T1_ctrl,35,159,40.3,1.1376136541366577,-1.1444887529561385
UBFC_PHYS_s14_T1_ctrl,35,160,40.333333333333336,1.8323588371276855,-1.2662161095017397
UBFC_PHYS_s14_T1_ctrl,35,161,40.36666666666667,2.2043466567993164,-1.2119304401306794
UBFC_PHYS_s14_T1_ctrl,35,162,40.4,2.38639760017395,-0.9897612826710099
UBFC_PHYS_s14_T1_ctrl,35,163,40.43333333333333,2.6489970684051514,-0.6295214280068687
UBFC_PHYS_s14_T1_ctrl,35,164,40.46666666666667,2.9252560138702393,-0.18150872103920548
UBFC_PHYS_s14_T1_ctrl,35,165,40.5,2.907371997833252,0.2891554309752865
UBFC_PHYS_s14_T1_ctrl,35,166,40.53333333333333,2.5941619873046875,0.7124867454762898
UBFC_PHYS_s14_T1_ctrl,35,167,40.56666666666667,2.2581677436828613,1.025464655936199
UBFC_PHYS_s14_T1_ctrl,35,168,40.6,1.9302281141281128,1.182442131720688
UBFC_PHYS_s14_T1_ctrl,35,169,40.63333333333333,1.5838130712509155,1.1616713700573453
UBFC_PHYS_s14_T1_ctrl,35,170,40.666666666666664,1.4707353115081787,0.9671851639739174
UBFC_PHYS_s14_T1_ctrl,35,171,40.7,1.742150068283081,0.6267169497454529
UBFC_PHYS_s14_T1_ctrl,35,172,40.733333333333334,2.1105329990386963,0.18684208395009747
UBFC_PHYS_s14_T1_ctrl,35,173,40.766666666666666,2.164860963821411,-0.2934965620095146
UBFC_PHYS_s14_T1_ctrl,35,174,40.8,1.6563067436218262,-0.7499364155639181
UBFC_PHYS_s14_T1_ctrl,35,175,40.833333333333336,0.5934323072433472,-1.119387351320359
UBFC_PHYS_s14_T1_ctrl,35,176,40.86666666666667,-0.6462545990943909,-1.3467344074218621
UBFC_PHYS_s14_T1_ctrl,35,177,40.9,-1.5542843341827393,-1.3923320596168633
UBFC_PHYS_s14_T1_ctrl,35,178,40.93333333333333,-2.01287579536438,-1.2401421686468974
UBFC_PHYS_s14_T1_ctrl,35,179,40.96666666666667,-2.264209747314453,-0.9044784109044653
UBFC_PHYS_s14_T1_ctrl,35,180,41.0,-2.4510767459869385,-0.43186336257865837
UBFC_PHYS_s14_T1_ctrl,35,181,41.03333333333333,-2.499546766281128,0.10513966145969197
UBFC_PHYS_s14_T1_ctrl,35,182,41.06666666666667,-2.4277007579803467,0.6224901647957406
UBFC_PHYS_s14_T1_ctrl,35,183,41.1,-2.403001070022583,1.043558279775255
UBFC_PHYS_s14_T1_ctrl,35,184,41.13333333333333,-2.499208688735962,1.314665388434219
UBFC_PHYS_s14_T1_ctrl,35,185,41.166666666666664,-2.606541156768799,1.4108064954872104
UBFC_PHYS_s14_T1_ctrl,35,186,41.2,-2.518078565597534,1.3317719859555601
UBFC_PHYS_s14_T1_ctrl,35,187,41.233333333333334,-2.034956216812134,1.0949633981447757
UBFC_PHYS_s14_T1_ctrl,35,188,41.266666666666666,-1.1744107007980347,0.7309648703899758
UBFC_PHYS_s14_T1_ctrl,35,189,41.3,-0.2838706970214844,0.28313019058597305
UBFC_PHYS_s14_T1_ctrl,35,190,41.333333333333336,0.3112308382987976,-0.19195684011050465
UBFC_PHYS_s14_T1_ctrl,35,191,41.36666666666667,0.5689861178398132,-0.6275238169769944
UBFC_PHYS_s14_T1_ctrl,35,192,41.4,0.5697465538978577,-0.955462754307755
UBFC_PHYS_s14_T1_ctrl,35,193,41.43333333333333,0.35133612155914307,-1.1198354880742194
UBFC_PHYS_s14_T1_ctrl,35,194,41.46666666666667,-0.06329166144132614,-1.0911979292812448
UBFC_PHYS_s14_T1_ctrl,35,195,41.5,-0.5998687744140625,-0.8768053797447339
UBFC_PHYS_s14_T1_ctrl,35,196,41.53333333333333,-1.0472792387008667,-0.5222161229843563
UBFC_PHYS_s14_T1_ctrl,35,197,41.56666666666667,-1.2106294631958008,-0.1018997529016933
UBFC_PHYS_s14_T1_ctrl,35,198,41.6,-1.2198671102523804,0.2998633443510149
UBFC_PHYS_s14_T1_ctrl,35,199,41.63333333333333,-1.4068186283111572,0.6117276098521472
UBFC_PHYS_s14_T1_ctrl,35,200,41.666666666666664,-1.8931515216827393,0.7919722386106034
UBFC_PHYS_s14_T1_ctrl,35,201,41.7,-2.5118260383605957,0.8313945069907668
UBFC_PHYS_s14_T1_ctrl,35,202,41.733333333333334,-2.9668407440185547,0.7432169610900369
UBFC_PHYS_s14_T1_ctrl,35,203,41.766666666666666,-2.9777402877807617,0.5490242606664266
UBFC_PHYS_s14_T1_ctrl,35,204,41.8,-2.5552546977996826,0.2705248344704821
UBFC_PHYS_s14_T1_ctrl,35,205,41.833333333333336,-2.0283377170562744,-0.0690341745868581
UBFC_PHYS_s14_T1_ctrl,35,206,41.86666666666667,-1.6921181678771973,-0.4374458293368221
UBFC_PHYS_s14_T1_ctrl,35,207,41.9,-1.6489148139953613,-0.7878329691409203
UBFC_PHYS_s14_T1_ctrl,35,208,41.93333333333333,-1.8282057046890259,-1.0609233407598249
UBFC_PHYS_s14_T1_ctrl,35,209,41.96666666666667,-1.9802902936935425,-1.1966996667564926
UBFC_PHYS_s14_T1_ctrl,35,210,42.0,-1.8351340293884277,-1.1519455886849062
UBFC_PHYS_s14_T1_ctrl,35,211,42.03333333333333,-1.393750548362732,-0.9170730192439287
UBFC_PHYS_s14_T1_ctrl,35,212,42.06666666666667,-0.9193591475486755,-0.5248503859851871
UBFC_PHYS_s14_T1_ctrl,35,213,42.1,-0.6074730157852173,-0.04585164064485191
UBFC_PHYS_s14_T1_ctrl,35,214,42.13333333333333,-0.4624575078487396,0.4295686949520635
UBFC_PHYS_s14_T1_ctrl,35,215,42.166666666666664,-0.4222958981990814,0.8168260492818984
UBFC_PHYS_s14_T1_ctrl,35,216,42.2,-0.5069281458854675,1.059813823256711
UBFC_PHYS_s14_T1_ctrl,35,217,42.233333333333334,-0.6991462707519531,1.141101528300402
UBFC_PHYS_s14_T1_ctrl,35,218,42.266666666666666,-0.7920305132865906,1.0765516253913656
UBFC_PHYS_s14_T1_ctrl,35,219,42.3,-0.6111906170845032,0.899601986805554
UBFC_PHYS_s14_T1_ctrl,35,220,42.333333333333336,-0.2644376754760742,0.6451588335629349
UBFC_PHYS_s14_T1_ctrl,35,221,42.36666666666667,0.04432230442762375,0.34181408599428803
UBFC_PHYS_s14_T1_ctrl,35,222,42.4,0.29379743337631226,0.014985766183973993
UBFC_PHYS_s14_T1_ctrl,35,223,42.43333333333333,0.6066129803657532,-0.30382506650629526
UBFC_PHYS_s14_T1_ctrl,35,224,42.46666666666667,1.0120030641555786,-0.5708651101657758
UBFC_PHYS_s14_T1_ctrl,35,225,42.5,1.431306004524231,-0.7347153504073926
UBFC_PHYS_s14_T1_ctrl,35,226,42.53333333333333,1.8308098316192627,-0.7522622486777302
UBFC_PHYS_s14_T1_ctrl,35,227,42.56666666666667,2.156890630722046,-0.6087875772185938
UBFC_PHYS_s14_T1_ctrl,35,228,42.6,2.304694175720215,-0.33130810879725026
UBFC_PHYS_s14_T1_ctrl,35,229,42.63333333333333,2.239297866821289,0.013256863838817292
UBFC_PHYS_s14_T1_ctrl,35,230,42.666666666666664,1.912062406539917,0.33651156389811626
UBFC_PHYS_s14_T1_ctrl,35,231,42.7,1.2385809421539307,0.5570305375404715
UBFC_PHYS_s14_T1_ctrl,35,232,42.733333333333334,0.3622073531150818,0.627244120653863
UBFC_PHYS_s14_T1_ctrl,35,233,42.766666666666666,-0.3315802216529846,0.547790920632809
UBFC_PHYS_s14_T1_ctrl,35,234,42.8,-0.5687759518623352,0.36429396847304113
UBFC_PHYS_s14_T1_ctrl,35,235,42.833333333333336,-0.34062081575393677,0.14885256140640407
UBFC_PHYS_s14_T1_ctrl,35,236,42.86666666666667,0.186746746301651,-0.026586527936488413
UBFC_PHYS_s14_T1_ctrl,35,237,42.9,0.7361947298049927,-0.11577961871341606
UBFC_PHYS_s14_T1_ctrl,35,238,42.93333333333333,1.0536291599273682,-0.11358546577352317
UBFC_PHYS_s14_T1_ctrl,35,239,42.96666666666667,1.0568398237228394,-0.055381983582732705
UBFC_PHYS_s14_T1_ctrl,36,0,36.0,-0.4482066035270691,-0.02642645056695219
UBFC_PHYS_s14_T1_ctrl,36,1,36.03333333333333,-0.43764516711235046,-0.027425546598737676
UBFC_PHYS_s14_T1_ctrl,36,2,36.06666666666667,-0.0010214496869593859,0.007283297661858948
UBFC_PHYS_s14_T1_ctrl,36,3,36.1,0.7034120559692383,0.09859769891083442
UBFC_PHYS_s14_T1_ctrl,36,4,36.13333333333333,1.3520530462265015,0.242547213076462
UBFC_PHYS_s14_T1_ctrl,36,5,36.166666666666664,1.6498572826385498,0.409802889102664
UBFC_PHYS_s14_T1_ctrl,36,6,36.2,1.4731292724609375,0.5545097354090229
UBFC_PHYS_s14_T1_ctrl,36,7,36.233333333333334,1.0312389135360718,0.6292000942499676
UBFC_PHYS_s14_T1_ctrl,36,8,36.266666666666666,0.6999478936195374,0.6006972386872074
UBFC_PHYS_s14_T1_ctrl,36,9,36.3,0.5747315287590027,0.46185786154831754
UBFC_PHYS_s14_T1_ctrl,36,10,36.333333333333336,0.46247056126594543,0.235328114802691
UBFC_PHYS_s14_T1_ctrl,36,11,36.36666666666667,0.27901142835617065,-0.03212043805965142
UBFC_PHYS_s14_T1_ctrl,36,12,36.4,0.1418817788362503,-0.2830750081118673
UBFC_PHYS_s14_T1_ctrl,36,13,36.43333333333333,0.09828418493270874,-0.46629501716721555
UBFC_PHYS_s14_T1_ctrl,36,14,36.46666666666667,-0.034113939851522446,-0.5507267450025616
UBFC_PHYS_s14_T1_ctrl,36,15,36.5,-0.46383753418922424,-0.5314156261154088
UBFC_PHYS_s14_T1_ctrl,36,16,36.53333333333333,-1.1416280269622803,-0.42555112314632637
UBFC_PHYS_s14_T1_ctrl,36,17,36.56666666666667,-1.7897902727127075,-0.2615989945837198
UBFC_PHYS_s14_T1_ctrl,36,18,36.6,-2.13981032371521,-0.06784688637878071
UBFC_PHYS_s14_T1_ctrl,36,19,36.63333333333333,-2.000343084335327,0.133631325653224
UBFC_PHYS_s14_T1_ctrl,36,20,36.666666666666664,-1.3670512437820435,0.32577198947387254
UBFC_PHYS_s14_T1_ctrl,36,21,36.7,-0.5132650136947632,0.4910693250455157
UBFC_PHYS_s14_T1_ctrl,36,22,36.733333333333334,0.20091314613819122,0.6069166886397297
UBFC_PHYS_s14_T1_ctrl,36,23,36.766666666666666,0.5851803421974182,0.6458150528691986
UBFC_PHYS_s14_T1_ctrl,36,24,36.8,0.6268627643585205,0.5819073038206499
UBFC_PHYS_s14_T1_ctrl,36,25,36.833333333333336,0.4299413561820984,0.40202626722378854
UBFC_PHYS_s14_T1_ctrl,36,26,36.86666666666667,0.17579102516174316,0.1165609142875979
UBFC_PHYS_s14_T1_ctrl,36,27,36.9,0.03643643110990524,-0.23547412069025284
UBFC_PHYS_s14_T1_ctrl,36,28,36.93333333333333,0.056094780564308167,-0.5908800594411239
UBFC_PHYS_s14_T1_ctrl,36,29,36.96666666666667,0.12915173172950745,-0.8761837107735752
UBFC_PHYS_s14_T1_ctrl,36,30,37.0,0.12506797909736633,-1.0271337524419877
UBFC_PHYS_s14_T1_ctrl,36,31,37.03333333333333,0.03826707974076271,-1.0073380959422635
UBFC_PHYS_s14_T1_ctrl,36,32,37.06666666666667,-0.0791197270154953,-0.8192125411717067
UBFC_PHYS_s14_T1_ctrl,36,33,37.1,-0.2905455231666565,-0.5027122905811345
UBFC_PHYS_s14_T1_ctrl,36,34,37.13333333333333,-0.6728693842887878,-0.12191540412708084
UBFC_PHYS_s14_T1_ctrl,36,35,37.166666666666664,-1.1175198554992676,0.2551975212999055
UBFC_PHYS_s14_T1_ctrl,36,36,37.2,-1.3419573307037354,0.5749783006666791
UBFC_PHYS_s14_T1_ctrl,36,37,37.233333333333334,-1.0996358394622803,0.8066132464902578
UBFC_PHYS_s14_T1_ctrl,36,38,37.266666666666666,-0.3942165672779083,0.9389537424216168
UBFC_PHYS_s14_T1_ctrl,36,39,37.3,0.4414040148258209,0.9704489529139299
UBFC_PHYS_s14_T1_ctrl,36,40,37.333333333333336,1.0305348634719849,0.90009010739177
UBFC_PHYS_s14_T1_ctrl,36,41,37.36666666666667,1.251057505607605,0.7254893757746735
UBFC_PHYS_s14_T1_ctrl,36,42,37.4,1.1670167446136475,0.44907290482544526
UBFC_PHYS_s14_T1_ctrl,36,43,37.43333333333333,0.9019669890403748,0.08811851968295581
UBFC_PHYS_s14_T1_ctrl,36,44,37.46666666666667,0.637311577796936,-0.3180310213282732
UBFC_PHYS_s14_T1_ctrl,36,45,37.5,0.4630338251590729,-0.7089501109499514
UBFC_PHYS_s14_T1_ctrl,36,46,37.53333333333333,0.2565930187702179,-1.0137594473814668
UBFC_PHYS_s14_T1_ctrl,36,47,37.56666666666667,-0.05481434985995293,-1.1685247304835191
UBFC_PHYS_s14_T1_ctrl,36,48,37.6,-0.3496050536632538,-1.134751964178356
UBFC_PHYS_s14_T1_ctrl,36,49,37.63333333333333,-0.5650301575660706,-0.9125094046663601
UBFC_PHYS_s14_T1_ctrl,36,50,37.666666666666664,-0.8216589093208313,-0.5428125553184128
UBFC_PHYS_s14_T1_ctrl,36,51,37.7,-1.2394691705703735,-0.09724570623108
UBFC_PHYS_s14_T1_ctrl,36,52,37.733333333333334,-1.7356030941009521,0.3420802456958959
UBFC_PHYS_s14_T1_ctrl,36,53,37.766666666666666,-1.9927951097488403,0.7044685383284677
UBFC_PHYS_s14_T1_ctrl,36,54,37.8,-1.636494517326355,0.9453528189128471
UBFC_PHYS_s14_T1_ctrl,36,55,37.833333333333336,-0.6112751364707947,1.0484678420837785
UBFC_PHYS_s14_T1_ctrl,36,56,37.86666666666667,0.7052990198135376,1.017720189184704
UBFC_PHYS_s14_T1_ctrl,36,57,37.9,1.805434226989746,0.8665863062330516
UBFC_PHYS_s14_T1_ctrl,36,58,37.93333333333333,2.4022538661956787,0.6120729704126681
UBFC_PHYS_s14_T1_ctrl,36,59,37.96666666666667,2.462777853012085,0.27528781968383265
UBFC_PHYS_s14_T1_ctrl,36,60,38.0,2.1275157928466797,-0.11389250159000883
UBFC_PHYS_s14_T1_ctrl,36,61,38.03333333333333,1.6508992910385132,-0.512590281830588
UBFC_PHYS_s14_T1_ctrl,36,62,38.06666666666667,1.2175989151000977,-0.8651888864691498
UBFC_PHYS_s14_T1_ctrl,36,63,38.1,0.7770885825157166,-1.110142780970283
UBFC_PHYS_s14_T1_ctrl,36,64,38.13333333333333,0.20739082992076874,-1.1928923293026028
UBFC_PHYS_s14_T1_ctrl,36,65,38.166666666666664,-0.45454347133636475,-1.0818366700456488
UBFC_PHYS_s14_T1_ctrl,36,66,38.2,-1.0734434127807617,-0.7820028239430199
UBFC_PHYS_s14_T1_ctrl,36,67,38.233333333333334,-1.6275665760040283,-0.34008938586033377
UBFC_PHYS_s14_T1_ctrl,36,68,38.266666666666666,-2.192983627319336,0.16370647618706918
UBFC_PHYS_s14_T1_ctrl,36,69,38.3,-2.782705783843994,0.6363587547172971
UBFC_PHYS_s14_T1_ctrl,36,70,38.333333333333336,-3.2141754627227783,0.997351411895
UBFC_PHYS_s14_T1_ctrl,36,71,38.36666666666667,-3.1291489601135254,1.1976159344743396
UBFC_PHYS_s14_T1_ctrl,36,72,38.4,-2.391763687133789,1.2251624201016365
UBFC_PHYS_s14_T1_ctrl,36,73,38.43333333333333,-1.3955248594284058,1.0981862895600434
UBFC_PHYS_s14_T1_ctrl,36,74,38.46666666666667,-0.626314640045166,0.8516935884397816
UBFC_PHYS_s14_T1_ctrl,36,75,38.5,-0.2221919447183609,0.5245720581250704
UBFC_PHYS_s14_T1_ctrl,36,76,38.53333333333333,-0.21478486061096191,0.1517141043954324
UBFC_PHYS_s14_T1_ctrl,36,77,38.56666666666667,-0.5805484056472778,-0.23748987295619206
UBFC_PHYS_s14_T1_ctrl,36,78,38.6,-1.0203827619552612,-0.6155039386262765
UBFC_PHYS_s14_T1_ctrl,36,79,38.63333333333333,-1.1459089517593384,-0.9508311106165342
UBFC_PHYS_s14_T1_ctrl,36,80,38.666666666666664,-0.8367265462875366,-1.2042713917988301
UBFC_PHYS_s14_T1_ctrl,36,81,38.7,-0.23680897057056427,-1.331243440358255
UBFC_PHYS_s14_T1_ctrl,36,82,38.733333333333334,0.4118320047855377,-1.2916238252660983
UBFC_PHYS_s14_T1_ctrl,36,83,38.766666666666666,0.9030935764312744,-1.0646876548105764
UBFC_PHYS_s14_T1_ctrl,36,84,38.8,1.1710723638534546,-0.6633485639245766
UBFC_PHYS_s14_T1_ctrl,36,85,38.833333333333336,1.2307796478271484,-0.14050171569289277
UBFC_PHYS_s14_T1_ctrl,36,86,38.86666666666667,1.096888780593872,0.4179887650697063
UBFC_PHYS_s14_T1_ctrl,36,87,38.9,0.8643683195114136,0.9135666423243157
UBFC_PHYS_s14_T1_ctrl,36,88,38.93333333333333,0.7074958086013794,1.2609780254321303
UBFC_PHYS_s14_T1_ctrl,36,89,38.96666666666667,0.7554024457931519,1.4087404816837823
UBFC_PHYS_s14_T1_ctrl,36,90,39.0,1.0223673582077026,1.3465397400867285
UBFC_PHYS_s14_T1_ctrl,36,91,39.03333333333333,1.3967771530151367,1.0995586938099267
UBFC_PHYS_s14_T1_ctrl,36,92,39.06666666666667,1.7096209526062012,0.7153848948244651
UBFC_PHYS_s14_T1_ctrl,36,93,39.1,1.8871374130249023,0.25056430087685416
UBFC_PHYS_s14_T1_ctrl,36,94,39.13333333333333,1.9278624057769775,-0.2382811557821907
UBFC_PHYS_s14_T1_ctrl,36,95,39.166666666666664,1.8117992877960205,-0.6975780788494937
UBFC_PHYS_s14_T1_ctrl,36,96,39.2,1.5505235195159912,-1.0762115482800447
UBFC_PHYS_s14_T1_ctrl,36,97,39.233333333333334,1.2422986030578613,-1.325030582964468
UBFC_PHYS_s14_T1_ctrl,36,98,39.266666666666666,0.9705177545547485,-1.4002369237460013
UBFC_PHYS_s14_T1_ctrl,36,99,39.3,0.7710052132606506,-1.27237806492483
UBFC_PHYS_s14_T1_ctrl,36,100,39.333333333333336,0.6715869307518005,-0.9390016519104972
UBFC_PHYS_s14_T1_ctrl,36,101,39.36666666666667,0.6411981582641602,-0.4354109693234202
UBFC_PHYS_s14_T1_ctrl,36,102,39.4,0.5501445531845093,0.16345120959959766
UBFC_PHYS_s14_T1_ctrl,36,103,39.43333333333333,0.29481133818626404,0.7544663138402992
UBFC_PHYS_s14_T1_ctrl,36,104,39.46666666666667,-0.12043604999780655,1.2295536176803854
UBFC_PHYS_s14_T1_ctrl,36,105,39.5,-0.6104302406311035,1.5026927147281601
UBFC_PHYS_s14_T1_ctrl,36,106,39.53333333333333,-0.9845865964889526,1.5301896005249878
UBFC_PHYS_s14_T1_ctrl,36,107,39.56666666666667,-0.9999077320098877,1.3167526494714321
UBFC_PHYS_s14_T1_ctrl,36,108,39.6,-0.5940389037132263,0.9074049842258635
UBFC_PHYS_s14_T1_ctrl,36,109,39.63333333333333,-0.024200275540351868,0.37183917883012463
UBFC_PHYS_s14_T1_ctrl,36,110,39.666666666666664,0.370797336101532,-0.21087074206924766
UBFC_PHYS_s14_T1_ctrl,36,111,39.7,0.5003790855407715,-0.7625600160944125
UBFC_PHYS_s14_T1_ctrl,36,112,39.733333333333334,0.48781800270080566,-1.2111907483564353
UBFC_PHYS_s14_T1_ctrl,36,113,39.766666666666666,0.41380348801612854,-1.4942115304877066
UBFC_PHYS_s14_T1_ctrl,36,114,39.8,0.32565072178840637,-1.56393533316973
UBFC_PHYS_s14_T1_ctrl,36,115,39.833333333333336,0.38333022594451904,-1.3966535645836138
UBFC_PHYS_s14_T1_ctrl,36,116,39.86666666666667,0.6687705516815186,-1.0033456245913654
UBFC_PHYS_s14_T1_ctrl,36,117,39.9,0.9476768970489502,-0.4364651403450961
UBFC_PHYS_s14_T1_ctrl,36,118,39.93333333333333,0.9162460565567017,0.2133495995838438
UBFC_PHYS_s14_T1_ctrl,36,119,39.96666666666667,0.6119359731674194,0.8334188634424179
UBFC_PHYS_s14_T1_ctrl,36,120,40.0,0.32446783781051636,1.3144691448113117
UBFC_PHYS_s14_T1_ctrl,36,121,40.03333333333333,0.25312888622283936,1.5764617505594258
UBFC_PHYS_s14_T1_ctrl,36,122,40.06666666666667,0.2505941390991211,1.5851645815877875
UBFC_PHYS_s14_T1_ctrl,36,123,40.1,-0.2484687864780426,1.3542241605742804
UBFC_PHYS_s14_T1_ctrl,36,124,40.13333333333333,-1.5595510005950928,0.9344451938285282
UBFC_PHYS_s14_T1_ctrl,36,125,40.166666666666664,-2.784254789352417,0.3972077111109862
UBFC_PHYS_s14_T1_ctrl,36,126,40.2,-2.658418893814087,-0.18051304721648095
UBFC_PHYS_s14_T1_ctrl,36,127,40.233333333333334,-1.3110052347183228,-0.7253139692555675
UBFC_PHYS_s14_T1_ctrl,36,128,40.266666666666666,0.12115320563316345,-1.170820628119391
UBFC_PHYS_s14_T1_ctrl,36,129,40.3,1.1376136541366577,-1.4589029278482035
UBFC_PHYS_s14_T1_ctrl,36,130,40.333333333333336,1.8323588371276855,-1.5432642343370186
UBFC_PHYS_s14_T1_ctrl,36,131,40.36666666666667,2.2043466567993164,-1.398082647951622
UBFC_PHYS_s14_T1_ctrl,36,132,40.4,2.38639760017395,-1.0299157987220917
UBFC_PHYS_s14_T1_ctrl,36,133,40.43333333333333,2.6489970684051514,-0.4866088604439729
UBFC_PHYS_s14_T1_ctrl,36,134,40.46666666666667,2.9252560138702393,0.144410053754947
UBFC_PHYS_s14_T1_ctrl,36,135,40.5,2.907371997833252,0.7522977694803035
UBFC_PHYS_s14_T1_ctrl,36,136,40.53333333333333,2.5941619873046875,1.2295324648137456
UBFC_PHYS_s14_T1_ctrl,36,137,40.56666666666667,2.2581677436828613,1.4988067646860783
UBFC_PHYS_s14_T1_ctrl,36,138,40.6,1.9302281141281128,1.5291894830564097
UBFC_PHYS_s14_T1_ctrl,36,139,40.63333333333333,1.5838130712509155,1.3362472603398692
UBFC_PHYS_s14_T1_ctrl,36,140,40.666666666666664,1.4707353115081787,0.9688247958789186
UBFC_PHYS_s14_T1_ctrl,36,141,40.7,1.742150068283081,0.4907581424800275
UBFC_PHYS_s14_T1_ctrl,36,142,40.733333333333334,2.1105329990386963,-0.034036184443550936
UBFC_PHYS_s14_T1_ctrl,36,143,40.766666666666666,2.164860963821411,-0.5486055289656295
UBFC_PHYS_s14_T1_ctrl,36,144,40.8,1.6563067436218262,-1.0025498171446943
UBFC_PHYS_s14_T1_ctrl,36,145,40.833333333333336,0.5934323072433472,-1.3482766072957746
UBFC_PHYS_s14_T1_ctrl,36,146,40.86666666666667,-0.6462545990943909,-1.5394591861335758
UBFC_PHYS_s14_T1_ctrl,36,147,40.9,-1.5542843341827393,-1.5358604672458216
UBFC_PHYS_s14_T1_ctrl,36,148,40.93333333333333,-2.01287579536438,-1.3149720847578774
UBFC_PHYS_s14_T1_ctrl,36,149,40.96666666666667,-2.264209747314453,-0.8863959233530697
UBFC_PHYS_s14_T1_ctrl,36,150,41.0,-2.4510767459869385,-0.3016629816781984
UBFC_PHYS_s14_T1_ctrl,36,151,41.03333333333333,-2.499546766281128,0.347822776122764
UBFC_PHYS_s14_T1_ctrl,36,152,41.06666666666667,-2.4277007579803467,0.9479475254229263
UBFC_PHYS_s14_T1_ctrl,36,153,41.1,-2.403001070022583,1.3901385866787277
UBFC_PHYS_s14_T1_ctrl,36,154,41.13333333333333,-2.499208688735962,1.5996888801624236
UBFC_PHYS_s14_T1_ctrl,36,155,41.166666666666664,-2.606541156768799,1.5520738836439798
UBFC_PHYS_s14_T1_ctrl,36,156,41.2,-2.518078565597534,1.2722081910384837
UBFC_PHYS_s14_T1_ctrl,36,157,41.233333333333334,-2.034956216812134,0.8208084495061735
UBFC_PHYS_s14_T1_ctrl,36,158,41.266666666666666,-1.1744107007980347,0.2764083606142767
UBFC_PHYS_s14_T1_ctrl,36,159,41.3,-0.2838706970214844,-0.2797666454631085
UBFC_PHYS_s14_T1_ctrl,36,160,41.333333333333336,0.3112308382987976,-0.7730474262222269
UBFC_PHYS_s14_T1_ctrl,36,161,41.36666666666667,0.5689861178398132,-1.139879574111043
UBFC_PHYS_s14_T1_ctrl,36,162,41.4,0.5697465538978577,-1.3311180976017254
UBFC_PHYS_s14_T1_ctrl,36,163,41.43333333333333,0.35133612155914307,-1.3169793411904216
UBFC_PHYS_s14_T1_ctrl,36,164,41.46666666666667,-0.06329166144132614,-1.0939333316735778
UBFC_PHYS_s14_T1_ctrl,36,165,41.5,-0.5998687744140625,-0.6907819733526942
UBFC_PHYS_s14_T1_ctrl,36,166,41.53333333333333,-1.0472792387008667,-0.16958495385534483
UBFC_PHYS_s14_T1_ctrl,36,167,41.56666666666667,-1.2106294631958008,0.38208527948332366
UBFC_PHYS_s14_T1_ctrl,36,168,41.6,-1.2198671102523804,0.8679158822057528
UBFC_PHYS_s14_T1_ctrl,36,169,41.63333333333333,-1.4068186283111572,1.2044102321075902
UBFC_PHYS_s14_T1_ctrl,36,170,41.666666666666664,-1.8931515216827393,1.339240735274547
UBFC_PHYS_s14_T1_ctrl,36,171,41.7,-2.5118260383605957,1.2591498939457917
UBFC_PHYS_s14_T1_ctrl,36,172,41.733333333333334,-2.9668407440185547,0.9861914566536031
UBFC_PHYS_s14_T1_ctrl,36,173,41.766666666666666,-2.9777402877807617,0.5672764213654926
UBFC_PHYS_s14_T1_ctrl,36,174,41.8,-2.5552546977996826,0.06320869348661445
UBFC_PHYS_s14_T1_ctrl,36,175,41.833333333333336,-2.0283377170562744,-0.45934674136015075
UBFC_PHYS_s14_T1_ctrl,36,176,41.86666666666667,-1.6921181678771973,-0.9327411125376963
UBFC_PHYS_s14_T1_ctrl,36,177,41.9,-1.6489148139953613,-1.2920364051140187
UBFC_PHYS_s14_T1_ctrl,36,178,41.93333333333333,-1.8282057046890259,-1.4803174017674738
UBFC_PHYS_s14_T1_ctrl,36,179,41.96666666666667,-1.9802902936935425,-1.4573872761179263
UBFC_PHYS_s14_T1_ctrl,36,180,42.0,-1.8351340293884277,-1.2108656101953488
UBFC_PHYS_s14_T1_ctrl,36,181,42.03333333333333,-1.393750548362732,-0.7657084614745897
UBFC_PHYS_s14_T1_ctrl,36,182,42.06666666666667,-0.9193591475486755,-0.18676606467942303
UBFC_PHYS_s14_T1_ctrl,36,183,42.1,-0.6074730157852173,0.4296924466397186
UBFC_PHYS_s14_T1_ctrl,36,184,42.13333333333333,-0.4624575078487396,0.975551264083768
UBFC_PHYS_s14_T1_ctrl,36,185,42.166666666666664,-0.4222958981990814,1.3561734921314053
UBFC_PHYS_s14_T1_ctrl,36,186,42.2,-0.5069281458854675,1.5120863347810856
UBFC_PHYS_s14_T1_ctrl,36,187,42.233333333333334,-0.6991462707519531,1.4287271335039788
UBFC_PHYS_s14_T1_ctrl,36,188,42.266666666666666,-0.7920305132865906,1.1327864324410397
UBFC_PHYS_s14_T1_ctrl,36,189,42.3,-0.6111906170845032,0.6805531700094793
UBFC_PHYS_s14_T1_ctrl,36,190,42.333333333333336,-0.2644376754760742,0.14504109217317887
UBFC_PHYS_s14_T1_ctrl,36,191,42.36666666666667,0.04432230442762375,-0.3944267469709642
UBFC_PHYS_s14_T1_ctrl,36,192,42.4,0.29379743337631226,-0.8601216461631482
UBFC_PHYS_s14_T1_ctrl,36,193,42.43333333333333,0.6066129803657532,-1.1831743671496173
UBFC_PHYS_s14_T1_ctrl,36,194,42.46666666666667,1.0120030641555786,-1.3118687897389665
UBFC_PHYS_s14_T1_ctrl,36,195,42.5,1.431306004524231,-1.2209029137040786
UBFC_PHYS_s14_T1_ctrl,36,196,42.53333333333333,1.8308098316192627,-0.9194548591460967
UBFC_PHYS_s14_T1_ctrl,36,197,42.56666666666667,2.156890630722046,-0.45446966772020136
UBFC_PHYS_s14_T1_ctrl,36,198,42.6,2.304694175720215,0.09427825100110074
UBFC_PHYS_s14_T1_ctrl,36,199,42.63333333333333,2.239297866821289,0.6284466853534945
UBFC_PHYS_s14_T1_ctrl,36,200,42.666666666666664,1.912062406539917,1.0517897303168495
UBFC_PHYS_s14_T1_ctrl,36,201,42.7,1.2385809421539307,1.2908723127379689
UBFC_PHYS_s14_T1_ctrl,36,202,42.733333333333334,0.3622073531150818,1.308985983807509
UBFC_PHYS_s14_T1_ctrl,36,203,42.766666666666666,-0.3315802216529846,1.1094964588112335
UBFC_PHYS_s14_T1_ctrl,36,204,42.8,-0.5687759518623352,0.7299416186545231
UBFC_PHYS_s14_T1_ctrl,36,205,42.833333333333336,-0.34062081575393677,0.23177352386004096
UBFC_PHYS_s14_T1_ctrl,36,206,42.86666666666667,0.186746746301651,-0.3097210267304582
UBFC_PHYS_s14_T1_ctrl,36,207,42.9,0.7361947298049927,-0.8137673169498523
UBFC_PHYS_s14_T1_ctrl,36,208,42.93333333333333,1.0536291599273682,-1.2019264621076649
UBFC_PHYS_s14_T1_ctrl,36,209,42.96666666666667,1.0568398237228394,-1.4075118983380333
UBFC_PHYS_s14_T1_ctrl,36,210,43.0,0.8588763475418091,-1.3874493381774027
UBFC_PHYS_s14_T1_ctrl,36,211,43.03333333333333,0.6190614104270935,-1.1346252242792365
UBFC_PHYS_s14_T1_ctrl,36,212,43.06666666666667,0.42157667875289917,-0.6859430177130124
UBFC_PHYS_s14_T1_ctrl,36,213,43.1,0.3382399380207062,-0.1205031883132581
UBFC_PHYS_s14_T1_ctrl,36,214,43.13333333333333,0.39501821994781494,0.4550804387598171
UBFC_PHYS_s14_T1_ctrl,36,215,43.166666666666664,0.4412068724632263,0.9315702247315383
UBFC_PHYS_s14_T1_ctrl,36,216,43.2,0.2633804976940155,1.2235542132702772
UBFC_PHYS_s14_T1_ctrl,36,217,43.233333333333334,-0.18814188241958618,1.2872380267350907
UBFC_PHYS_s14_T1_ctrl,36,218,43.266666666666666,-0.753023624420166,1.1243569438813175
UBFC_PHYS_s14_T1_ctrl,36,219,43.3,-1.1325030326843262,0.7743097090835526
UBFC_PHYS_s14_T1_ctrl,36,220,43.333333333333336,-1.1235750913619995,0.30078329110193214
UBFC_PHYS_s14_T1_ctrl,36,221,43.36666666666667,-0.7901154160499573,-0.22104553009488903
UBFC_PHYS_s14_T1_ctrl,36,222,43.4,-0.36472904682159424,-0.7135712827193776
UBFC_PHYS_s14_T1_ctrl,36,223,43.43333333333333,-0.09582087397575378,-1.1026737978180348
UBFC_PHYS_s14_T1_ctrl,36,224,43.46666666666667,-0.17515835165977478,-1.3237287282882981
UBFC_PHYS_s14_T1_ctrl,36,225,43.5,-0.5715641379356384,-1.3307893359046585
UBFC_PHYS_s14_T1_ctrl,36,226,43.53333333333333,-0.9456360340118408,-1.1087847844505963
UBFC_PHYS_s14_T1_ctrl,36,227,43.56666666666667,-0.9955141544342041,-0.6843414532656139
UBFC_PHYS_s14_T1_ctrl,36,228,43.6,-0.803831160068512,-0.1284734216610629
UBFC_PHYS_s14_T1_ctrl,36,229,43.63333333333333,-0.6806144714355469,0.45416680121139336
UBFC_PHYS_s14_T1_ctrl,36,230,43.666666666666664,-0.7853275537490845,0.9495385817007439
UBFC_PHYS_s14_T1_ctrl,36,231,43.7,-0.8532586693763733,1.2652761013373
UBFC_PHYS_s14_T1_ctrl,36,232,43.733333333333334,-0.2860393226146698,1.357181966227806
UBFC_PHYS_s14_T1_ctrl,36,233,43.766666666666666,0.9911336302757263,1.2403912907795085
UBFC_PHYS_s14_T1_ctrl,36,234,43.8,1.9933432340621948,0.9808213505890759
UBFC_PHYS_s14_T1_ctrl,36,235,43.833333333333336,2.0648512840270996,0.6706370044932598
UBFC_PHYS_s14_T1_ctrl,36,236,43.86666666666667,1.7408263683319092,0.3967960615742177
UBFC_PHYS_s14_T1_ctrl,36,237,43.9,1.5936986207962036,0.21327653621576184
UBFC_PHYS_s14_T1_ctrl,36,238,43.93333333333333,1.463722586631775,0.12608662988149055
UBFC_PHYS_s14_T1_ctrl,36,239,43.96666666666667,1.1102948188781738,0.09591084031677753
UBFC_PHYS_s14_T1_ctrl,37,0,37.0,0.12506797909736633,0.05900351415269917
UBFC_PHYS_s14_T1_ctrl,37,1,37.03333333333333,0.03826707974076271,-0.030882906002867718
UBFC_PHYS_s14_T1_ctrl,37,2,37.06666666666667,-0.0791197270154953,-0.07216008039908867
UBFC_PHYS_s14_T1_ctrl,37,3,37.1,-0.2905455231666565,-0.02527435887188703
UBFC_PHYS_s14_T1_ctrl,37,4,37.13333333333333,-0.6728693842887878,0.12773501981834606
UBFC_PHYS_s14_T1_ctrl,37,5,37.166666666666664,-1.1175198554992676,0.3782357259014999
UBFC_PHYS_s14_T1_ctrl,37,6,37.2,-1.3419573307037354,0.6918331093916322
UBFC_PHYS_s14_T1_ctrl,37,7,37.233333333333334,-1.0996358394622803,1.014952430299134
UBFC_PHYS_s14_T1_ctrl,37,8,37.266666666666666,-0.3942165672779083,1.2853933328034992
UBFC_PHYS_s14_T1_ctrl,37,9,37.3,0.4414040148258209,1.444210902717481
UBFC_PHYS_s14_T1_ctrl,37,10,37.333333333333336,1.0305348634719849,1.4468794164514285
UBFC_PHYS_s14_T1_ctrl,37,11,37.36666666666667,1.251057505607605,1.2725284990236672
UBFC_PHYS_s14_T1_ctrl,37,12,37.4,1.1670167446136475,0.9299093758517124
UBFC_PHYS_s14_T1_ctrl,37,13,37.43333333333333,0.9019669890403748,0.4583456232424965
UBFC_PHYS_s14_T1_ctrl,37,14,37.46666666666667,0.637311577796936,-0.07753637948670833
UBFC_PHYS_s14_T1_ctrl,37,15,37.5,0.4630338251590729,-0.5989089604719906
UBFC_PHYS_s14_T1_ctrl,37,16,37.53333333333333,0.2565930187702179,-1.02741079932144
UBFC_PHYS_s14_T1_ctrl,37,17,37.56666666666667,-0.05481434985995293,-1.3000154961396517
UBFC_PHYS_s14_T1_ctrl,37,18,37.6,-0.3496050536632538,-1.3809216664353452
UBFC_PHYS_s14_T1_ctrl,37,19,37.63333333333333,-0.5650301575660706,-1.2680589152790642
UBFC_PHYS_s14_T1_ctrl,37,20,37.666666666666664,-0.8216589093208313,-0.9925255643924128
UBFC_PHYS_s14_T1_ctrl,37,21,37.7,-1.2394691705703735,-0.6105125889315192
UBFC_PHYS_s14_T1_ctrl,37,22,37.733333333333334,-1.7356030941009521,-0.1895428744503165
UBFC_PHYS_s14_T1_ctrl,37,23,37.766666666666666,-1.9927951097488403,0.2066613570383017
UBFC_PHYS_s14_T1_ctrl,37,24,37.8,-1.636494517326355,0.5293037162428141
UBFC_PHYS_s14_T1_ctrl,37,25,37.833333333333336,-0.6112751364707947,0.748070425560246
UBFC_PHYS_s14_T1_ctrl,37,26,37.86666666666667,0.7052990198135376,0.8479289738223859
UBFC_PHYS_s14_T1_ctrl,37,27,37.9,1.805434226989746,0.8237619379304255
UBFC_PHYS_s14_T1_ctrl,37,28,37.93333333333333,2.4022538661956787,0.6777053264942218
UBFC_PHYS_s14_T1_ctrl,37,29,37.96666666666667,2.462777853012085,0.4211096721861724
UBFC_PHYS_s14_T1_ctrl,37,30,38.0,2.1275157928466797,0.0791986146213022
UBFC_PHYS_s14_T1_ctrl,37,31,38.03333333333333,1.6508992910385132,-0.30572554883828174
UBFC_PHYS_s14_T1_ctrl,37,32,38.06666666666667,1.2175989151000977,-0.6760811094131989
UBFC_PHYS_s14_T1_ctrl,37,33,38.1,0.7770885825157166,-0.9670028975780829
UBFC_PHYS_s14_T1_ctrl,37,34,38.13333333333333,0.20739082992076874,-1.1193133320400361
UBFC_PHYS_s14_T1_ctrl,37,35,38.166666666666664,-0.45454347133636475,-1.0943618870126244
UBFC_PHYS_s14_T1_ctrl,37,36,38.2,-1.0734434127807617,-0.886332454614502
UBFC_PHYS_s14_T1_ctrl,37,37,38.233333333333334,-1.6275665760040283,-0.5272775624247625
UBFC_PHYS_s14_T1_ctrl,37,38,38.266666666666666,-2.192983627319336,-0.08146320807355545
UBFC_PHYS_s14_T1_ctrl,37,39,38.3,-2.782705783843994,0.37059567715849373
UBFC_PHYS_s14_T1_ctrl,37,40,38.333333333333336,-3.2141754627227783,0.7527806752957581
UBFC_PHYS_s14_T1_ctrl,37,41,38.36666666666667,-3.1291489601135254,1.0104336692063018
UBFC_PHYS_s14_T1_ctrl,37,42,38.4,-2.391763687133789,1.1182333521981622
UBFC_PHYS_s14_T1_ctrl,37,43,38.43333333333333,-1.3955248594284058,1.0785157849650666
UBFC_PHYS_s14_T1_ctrl,37,44,38.46666666666667,-0.626314640045166,0.9133659681070859
UBFC_PHYS_s14_T1_ctrl,37,45,38.5,-0.2221919447183609,0.6548608428468344
UBFC_PHYS_s14_T1_ctrl,37,46,38.53333333333333,-0.21478486061096191,0.33710041124037426
UBFC_PHYS_s14_T1_ctrl,37,47,38.56666666666667,-0.5805484056472778,-0.007906461303433799
UBFC_PHYS_s14_T1_ctrl,37,48,38.6,-1.0203827619552612,-0.3501824792675915
UBFC_PHYS_s14_T1_ctrl,37,49,38.63333333333333,-1.1459089517593384,-0.6590013000288651
UBFC_PHYS_s14_T1_ctrl,37,50,38.666666666666664,-0.8367265462875366,-0.9003613177794887
UBFC_PHYS_s14_T1_ctrl,37,51,38.7,-0.23680897057056427,-1.0380112177054892
UBFC_PHYS_s14_T1_ctrl,37,52,38.733333333333334,0.4118320047855377,-1.0397752305817112
UBFC_PHYS_s14_T1_ctrl,37,53,38.766666666666666,0.9030935764312744,-0.888062011040343
UBFC_PHYS_s14_T1_ctrl,37,54,38.8,1.1710723638534546,-0.5905980944953692
UBFC_PHYS_s14_T1_ctrl,37,55,38.833333333333336,1.2307796478271484,-0.18599972754759367
UBFC_PHYS_s14_T1_ctrl,37,56,38.86666666666667,1.096888780593872,0.26017785382900493
UBFC_PHYS_s14_T1_ctrl,37,57,38.9,0.8643683195114136,0.6695109533588922
UBFC_PHYS_s14_T1_ctrl,37,58,38.93333333333333,0.7074958086013794,0.9703626370888393
UBFC_PHYS_s14_T1_ctrl,37,59,38.96666666666667,0.7554024457931519,1.1154403800728752
UBFC_PHYS_s14_T1_ctrl,37,60,39.0,1.0223673582077026,1.090784725744263
UBFC_PHYS_s14_T1_ctrl,37,61,39.03333333333333,1.3967771530151367,0.9140050385976226
UBFC_PHYS_s14_T1_ctrl,37,62,39.06666666666667,1.7096209526062012,0.6240983827559423
UBFC_PHYS_s14_T1_ctrl,37,63,39.1,1.8871374130249023,0.26810356615021946
UBFC_PHYS_s14_T1_ctrl,37,64,39.13333333333333,1.9278624057769775,-0.10965485400772336
UBFC_PHYS_s14_T1_ctrl,37,65,39.166666666666664,1.8117992877960205,-0.4720207136779524
UBFC_PHYS_s14_T1_ctrl,37,66,39.2,1.5505235195159912,-0.7871773012690425
UBFC_PHYS_s14_T1_ctrl,37,67,39.233333333333334,1.2422986030578613,-1.0240460799827162
UBFC_PHYS_s14_T1_ctrl,37,68,39.266666666666666,0.9705177545547485,-1.1498425700068813
UBFC_PHYS_s14_T1_ctrl,37,69,39.3,0.7710052132606506,-1.1334561256404931
UBFC_PHYS_s14_T1_ctrl,37,70,39.333333333333336,0.6715869307518005,-0.9550291181611931
UBFC_PHYS_s14_T1_ctrl,37,71,39.36666666666667,0.6411981582641602,-0.6183688099411778
UBFC_PHYS_s14_T1_ctrl,37,72,39.4,0.5501445531845093,-0.16034431295598237
UBFC_PHYS_s14_T1_ctrl,37,73,39.43333333333333,0.29481133818626404,0.3487658128267681
UBFC_PHYS_s14_T1_ctrl,37,74,39.46666666666667,-0.12043604999780655,0.8174150361294792
UBFC_PHYS_s14_T1_ctrl,37,75,39.5,-0.6104302406311035,1.155380713676436
UBFC_PHYS_s14_T1_ctrl,37,76,39.53333333333333,-0.9845865964889526,1.298413143712911
UBFC_PHYS_s14_T1_ctrl,37,77,39.56666666666667,-0.9999077320098877,1.2243519146047301
UBFC_PHYS_s14_T1_ctrl,37,78,39.6,-0.5940389037132263,0.9548701946117785
UBFC_PHYS_s14_T1_ctrl,37,79,39.63333333333333,-0.024200275540351868,0.5446992240311593
UBFC_PHYS_s14_T1_ctrl,37,80,39.666666666666664,0.370797336101532,0.06509886243928112
UBFC_PHYS_s14_T1_ctrl,37,81,39.7,0.5003790855407715,-0.41129798465892614
UBFC_PHYS_s14_T1_ctrl,37,82,39.733333333333334,0.48781800270080566,-0.8200976602063021
UBFC_PHYS_s14_T1_ctrl,37,83,39.766666666666666,0.41380348801612854,-1.1091217283075383
UBFC_PHYS_s14_T1_ctrl,37,84,39.8,0.32565072178840637,-1.2396717115318368
UBFC_PHYS_s14_T1_ctrl,37,85,39.833333333333336,0.38333022594451904,-1.1886638799853537
UBFC_PHYS_s14_T1_ctrl,37,86,39.86666666666667,0.6687705516815186,-0.9534291344141612
UBFC_PHYS_s14_T1_ctrl,37,87,39.9,0.9476768970489502,-0.5578423493171971
UBFC_PHYS_s14_T1_ctrl,37,88,39.93333333333333,0.9162460565567017,-0.055726010027882925
UBFC_PHYS_s14_T1_ctrl,37,89,39.96666666666667,0.6119359731674194,0.4731473593713572
UBFC_PHYS_s14_T1_ctrl,37,90,40.0,0.32446783781051636,0.9367539170925874
UBFC_PHYS_s14_T1_ctrl,37,91,40.03333333333333,0.25312888622283936,1.2515804009816984
UBFC_PHYS_s14_T1_ctrl,37,92,40.06666666666667,0.2505941390991211,1.362781191129825
UBFC_PHYS_s14_T1_ctrl,37,93,40.1,-0.2484687864780426,1.255345383054073
UBFC_PHYS_s14_T1_ctrl,37,94,40.13333333333333,-1.5595510005950928,0.9531683530540732
UBFC_PHYS_s14_T1_ctrl,37,95,40.166666666666664,-2.784254789352417,0.5094647843472921
UBFC_PHYS_s14_T1_ctrl,37,96,40.2,-2.658418893814087,-0.005599669205880037
UBFC_PHYS_s14_T1_ctrl,37,97,40.233333333333334,-1.3110052347183228,-0.5158649148567036
UBFC_PHYS_s14_T1_ctrl,37,98,40.266666666666666,0.12115320563316345,-0.9475511169458184
UBFC_PHYS_s14_T1_ctrl,37,99,40.3,1.1376136541366577,-1.236223618628425
UBFC_PHYS_s14_T1_ctrl,37,100,40.333333333333336,1.8323588371276855,-1.3341984497629173
UBFC_PHYS_s14_T1_ctrl,37,101,40.36666666666667,2.2043466567993164,-1.219091680623415
UBFC_PHYS_s14_T1_ctrl,37,102,40.4,2.38639760017395,-0.9019160451358533
UBFC_PHYS_s14_T1_ctrl,37,103,40.43333333333333,2.6489970684051514,-0.4309460103395041
UBFC_PHYS_s14_T1_ctrl,37,104,40.46666666666667,2.9252560138702393,0.11295743337486604
UBFC_PHYS_s14_T1_ctrl,37,105,40.5,2.907371997833252,0.6314445369481261
UBFC_PHYS_s14_T1_ctrl,37,106,40.53333333333333,2.5941619873046875,1.031102451239305
UBFC_PHYS_s14_T1_ctrl,37,107,40.56666666666667,2.2581677436828613,1.2455982930538994
UBFC_PHYS_s14_T1_ctrl,37,108,40.6,1.9302281141281128,1.2491270272121724
UBFC_PHYS_s14_T1_ctrl,37,109,40.63333333333333,1.5838130712509155,1.0565987436547617
UBFC_PHYS_s14_T1_ctrl,37,110,40.666666666666664,1.4707353115081787,0.7125723870069984
UBFC_PHYS_s14_T1_ctrl,37,111,40.7,1.742150068283081,0.27590944032343717
UBFC_PHYS_s14_T1_ctrl,37,112,40.733333333333334,2.1105329990386963,-0.19272003301600776
UBFC_PHYS_s14_T1_ctrl,37,113,40.766666666666666,2.164860963821411,-0.636955580471866
UBFC_PHYS_s14_T1_ctrl,37,114,40.8,1.6563067436218262,-1.0053461394200773
UBFC_PHYS_s14_T1_ctrl,37,115,40.833333333333336,0.5934323072433472,-1.2503882196273537
UBFC_PHYS_s14_T1_ctrl,37,116,40.86666666666667,-0.6462545990943909,-1.3306927222955784
UBFC_PHYS_s14_T1_ctrl,37,117,40.9,-1.5542843341827393,-1.2188662013050067
UBFC_PHYS_s14_T1_ctrl,37,118,40.93333333333333,-2.01287579536438,-0.9134769211063515
UBFC_PHYS_s14_T1_ctrl,37,119,40.96666666666667,-2.264209747314453,-0.44933598641221106
UBFC_PHYS_s14_T1_ctrl,37,120,41.0,-2.4510767459869385,0.10117959522253643
UBFC_PHYS_s14_T1_ctrl,37,121,41.03333333333333,-2.499546766281128,0.6402661482377786
UBFC_PHYS_s14_T1_ctrl,37,122,41.06666666666667,-2.4277007579803467,1.068373192329325
UBFC_PHYS_s14_T1_ctrl,37,123,41.1,-2.403001070022583,1.3108903939893293
UBFC_PHYS_s14_T1_ctrl,37,124,41.13333333333333,-2.499208688735962,1.336666126450498
UBFC_PHYS_s14_T1_ctrl,37,125,41.166666666666664,-2.606541156768799,1.1608239066562251
UBFC_PHYS_s14_T1_ctrl,37,126,41.2,-2.518078565597534,0.8327637321327267
UBFC_PHYS_s14_T1_ctrl,37,127,41.233333333333334,-2.034956216812134,0.41745771351746536
UBFC_PHYS_s14_T1_ctrl,37,128,41.266666666666666,-1.1744107007980347,-0.02080994340512647
UBFC_PHYS_s14_T1_ctrl,37,129,41.3,-0.2838706970214844,-0.4271732105264027
UBFC_PHYS_s14_T1_ctrl,37,130,41.333333333333336,0.3112308382987976,-0.7575188455491916
UBFC_PHYS_s14_T1_ctrl,37,131,41.36666666666667,0.5689861178398132,-0.9762490000174957
UBFC_PHYS_s14_T1_ctrl,37,132,41.4,0.5697465538978577,-1.055294008355801
UBFC_PHYS_s14_T1_ctrl,37,133,41.43333333333333,0.35133612155914307,-0.977472287134907
UBFC_PHYS_s14_T1_ctrl,37,134,41.46666666666667,-0.06329166144132614,-0.7438478975860541
UBFC_PHYS_s14_T1_ctrl,37,135,41.5,-0.5998687744140625,-0.38126475850928704
UBFC_PHYS_s14_T1_ctrl,37,136,41.53333333333333,-1.0472792387008667,0.05543840297651998
UBFC_PHYS_s14_T1_ctrl,37,137,41.56666666666667,-1.2106294631958008,0.49059320749435215
UBFC_PHYS_s14_T1_ctrl,37,138,41.6,-1.2198671102523804,0.843936671626648
UBFC_PHYS_s14_T1_ctrl,37,139,41.63333333333333,-1.4068186283111572,1.0504952416540199
UBFC_PHYS_s14_T1_ctrl,37,140,41.666666666666664,-1.8931515216827393,1.075939684834562
UBFC_PHYS_s14_T1_ctrl,37,141,41.7,-2.5118260383605957,0.9212897236331943
UBFC_PHYS_s14_T1_ctrl,37,142,41.733333333333334,-2.9668407440185547,0.6170962334735121
UBFC_PHYS_s14_T1_ctrl,37,143,41.766666666666666,-2.9777402877807617,0.21261147035100117
UBFC_PHYS_s14_T1_ctrl,37,144,41.8,-2.5552546977996826,-0.23424266634939647
UBFC_PHYS_s14_T1_ctrl,37,145,41.833333333333336,-2.0283377170562744,-0.663538100153609
UBFC_PHYS_s14_T1_ctrl,37,146,41.86666666666667,-1.6921181678771973,-1.017206115007922
UBFC_PHYS_s14_T1_ctrl,37,147,41.9,-1.6489148139953613,-1.2423678593861909
UBFC_PHYS_s14_T1_ctrl,37,148,41.93333333333333,-1.8282057046890259,-1.2966347402212546
UBFC_PHYS_s14_T1_ctrl,37,149,41.96666666666667,-1.9802902936935425,-1.1565106180462639
UBFC_PHYS_s14_T1_ctrl,37,150,42.0,-1.8351340293884277,-0.8272980023623209
UBFC_PHYS_s14_T1_ctrl,37,151,42.03333333333333,-1.393750548362732,-0.35004053060768187
UBFC_PHYS_s14_T1_ctrl,37,152,42.06666666666667,-0.9193591475486755,0.20010903592513649
UBFC_PHYS_s14_T1_ctrl,37,153,42.1,-0.6074730157852173,0.7272520991862612
UBFC_PHYS_s14_T1_ctrl,37,154,42.13333333333333,-0.4624575078487396,1.1371607433595343
UBFC_PHYS_s14_T1_ctrl,37,155,42.166666666666664,-0.4222958981990814,1.3605349208086368
UBFC_PHYS_s14_T1_ctrl,37,156,42.2,-0.5069281458854675,1.3677243311183345
UBFC_PHYS_s14_T1_ctrl,37,157,42.233333333333334,-0.6991462707519531,1.1698782336399702
UBFC_PHYS_s14_T1_ctrl,37,158,42.266666666666666,-0.7920305132865906,0.8088966426520304
UBFC_PHYS_s14_T1_ctrl,37,159,42.3,-0.6111906170845032,0.3436942345449778
UBFC_PHYS_s14_T1_ctrl,37,160,42.333333333333336,-0.2644376754760742,-0.1604812653730271
UBFC_PHYS_s14_T1_ctrl,37,161,42.36666666666667,0.04432230442762375,-0.6375809817327511
UBFC_PHYS_s14_T1_ctrl,37,162,42.4,0.29379743337631226,-1.023349194437791
UBFC_PHYS_s14_T1_ctrl,37,163,42.43333333333333,0.6066129803657532,-1.2589655085690197
UBFC_PHYS_s14_T1_ctrl,37,164,42.46666666666667,1.0120030641555786,-1.2986912955853602
UBFC_PHYS_s14_T1_ctrl,37,165,42.5,1.431306004524231,-1.1214548275795388
UBFC_PHYS_s14_T1_ctrl,37,166,42.53333333333333,1.8308098316192627,-0.7427372394929971
UBFC_PHYS_s14_T1_ctrl,37,167,42.56666666666667,2.156890630722046,-0.22050957906242108
UBFC_PHYS_s14_T1_ctrl,37,168,42.6,2.304694175720215,0.35100198136743954
UBFC_PHYS_s14_T1_ctrl,37,169,42.63333333333333,2.239297866821289,0.8615413580357032
UBFC_PHYS_s14_T1_ctrl,37,170,42.666666666666664,1.912062406539917,1.21309095528108
UBFC_PHYS_s14_T1_ctrl,37,171,42.7,1.2385809421539307,1.3447125202132313
UBFC_PHYS_s14_T1_ctrl,37,172,42.733333333333334,0.3622073531150818,1.243993130241216
UBFC_PHYS_s14_T1_ctrl,37,173,42.766666666666666,-0.3315802216529846,0.9423893764162722
UBFC_PHYS_s14_T1_ctrl,37,174,42.8,-0.5687759518623352,0.49982432288721657
UBFC_PHYS_s14_T1_ctrl,37,175,42.833333333333336,-0.34062081575393677,-0.012207407896200943
UBFC_PHYS_s14_T1_ctrl,37,176,42.86666666666667,0.186746746301651,-0.5220504961261151
UBFC_PHYS_s14_T1_ctrl,37,177,42.9,0.7361947298049927,-0.962536081485206
UBFC_PHYS_s14_T1_ctrl,37,178,42.93333333333333,1.0536291599273682,-1.2723625958963987
UBFC_PHYS_s14_T1_ctrl,37,179,42.96666666666667,1.0568398237228394,-1.3993140317864976
UBFC_PHYS_s14_T1_ctrl,37,180,43.0,0.8588763475418091,-1.3086200968910084
UBFC_PHYS_s14_T1_ctrl,37,181,43.03333333333333,0.6190614104270935,-0.9955401848442353
UBFC_PHYS_s14_T1_ctrl,37,182,43.06666666666667,0.42157667875289917,-0.49664885986023743
UBFC_PHYS_s14_T1_ctrl,37,183,43.1,0.3382399380207062,0.10804355906012661
UBFC_PHYS_s14_T1_ctrl,37,184,43.13333333333333,0.39501821994781494,0.7079535872848474
UBFC_PHYS_s14_T1_ctrl,37,185,43.166666666666664,0.4412068724632263,1.1886250434770507
UBFC_PHYS_s14_T1_ctrl,37,186,43.2,0.2633804976940155,1.4622862015383424
UBFC_PHYS_s14_T1_ctrl,37,187,43.233333333333334,-0.18814188241958618,1.4887805975237536
UBFC_PHYS_s14_T1_ctrl,37,188,43.266666666666666,-0.753023624420166,1.279236442128852
UBFC_PHYS_s14_T1_ctrl,37,189,43.3,-1.1325030326843262,0.8846001203951365
UBFC_PHYS_s14_T1_ctrl,37,190,43.333333333333336,-1.1235750913619995,0.3771693551289164
UBFC_PHYS_s14_T1_ctrl,37,191,43.36666666666667,-0.7901154160499573,-0.1664019419527792
UBFC_PHYS_s14_T1_ctrl,37,192,43.4,-0.36472904682159424,-0.6755651149264482
UBFC_PHYS_s14_T1_ctrl,37,193,43.43333333333333,-0.09582087397575378,-1.0894306328016818
UBFC_PHYS_s14_T1_ctrl,37,194,43.46666666666667,-0.17515835165977478,-1.3567982915534116
UBFC_PHYS_s14_T1_ctrl,37,195,43.5,-0.5715641379356384,-1.4374315228646968
UBFC_PHYS_s14_T1_ctrl,37,196,43.53333333333333,-0.9456360340118408,-1.3079165420551178
UBFC_PHYS_s14_T1_ctrl,37,197,43.56666666666667,-0.9955141544342041,-0.9717427243130493
UBFC_PHYS_s14_T1_ctrl,37,198,43.6,-0.803831160068512,-0.46887434269474815
UBFC_PHYS_s14_T1_ctrl,37,199,43.63333333333333,-0.6806144714355469,0.12246258574555807
UBFC_PHYS_s14_T1_ctrl,37,200,43.666666666666664,-0.7853275537490845,0.6975263061447342
UBFC_PHYS_s14_T1_ctrl,37,201,43.7,-0.8532586693763733,1.1496382045095839
UBFC_PHYS_s14_T1_ctrl,37,202,43.733333333333334,-0.2860393226146698,1.398307114071694
UBFC_PHYS_s14_T1_ctrl,37,203,43.766666666666666,0.9911336302757263,1.4081136521700945
UBFC_PHYS_s14_T1_ctrl,37,204,43.8,1.9933432340621948,1.1913003145786911
UBFC_PHYS_s14_T1_ctrl,37,205,43.833333333333336,2.0648512840270996,0.7965516648415187
UBFC_PHYS_s14_T1_ctrl,37,206,43.86666666666667,1.7408263683319092,0.29209382863842265
UBFC_PHYS_s14_T1_ctrl,37,207,43.9,1.5936986207962036,-0.24892505850677737
UBFC_PHYS_s14_T1_ctrl,37,208,43.93333333333333,1.463722586631775,-0.7567144480791063
UBFC_PHYS_s14_T1_ctrl,37,209,43.96666666666667,1.1102948188781738,-1.1675556297626946
UBFC_PHYS_s14_T1_ctrl,37,210,44.0,0.5411884188652039,-1.42502454236512
UBFC_PHYS_s14_T1_ctrl,37,211,44.03333333333333,-0.24123068153858185,-1.4842039592765683
UBFC_PHYS_s14_T1_ctrl,37,212,44.06666666666667,-1.0792170763015747,-1.3208662719308615
UBFC_PHYS_s14_T1_ctrl,37,213,44.1,-1.6069225072860718,-0.9433687365778258
UBFC_PHYS_s14_T1_ctrl,37,214,44.13333333333333,-1.6672494411468506,-0.40113242559705137
UBFC_PHYS_s14_T1_ctrl,37,215,44.166666666666664,-1.5892637968063354,0.2174286680606228
UBFC_PHYS_s14_T1_ctrl,37,216,44.2,-1.874675989151001,0.8012948774476036
UBFC_PHYS_s14_T1_ctrl,37,217,44.233333333333334,-2.612793445587158,1.2442353046847843
UBFC_PHYS_s14_T1_ctrl,37,218,44.266666666666666,-3.3420393466949463,1.4726295588336438
UBFC_PHYS_s14_T1_ctrl,37,219,44.3,-3.609623670578003,1.4616011210326132
UBFC_PHYS_s14_T1_ctrl,37,220,44.333333333333336,-3.4123079776763916,1.2340286388695172
UBFC_PHYS_s14_T1_ctrl,37,221,44.36666666666667,-2.868154764175415,0.8462565728687605
UBFC_PHYS_s14_T1_ctrl,37,222,44.4,-2.030731678009033,0.3691873309086584
UBFC_PHYS_s14_T1_ctrl,37,223,44.43333333333333,-1.0159610509872437,-0.1271745772761436
UBFC_PHYS_s14_T1_ctrl,37,224,44.46666666666667,0.18291646242141724,-0.5814193099124819
UBFC_PHYS_s14_T1_ctrl,37,225,44.5,1.6611227989196777,-0.9412480449979908
UBFC_PHYS_s14_T1_ctrl,37,226,44.53333333333333,2.9969046115875244,-1.161462415455622
UBFC_PHYS_s14_T1_ctrl,37,227,44.56666666666667,3.531679391860962,-1.2051239352086036
UBFC_PHYS_s14_T1_ctrl,37,228,44.6,3.307016611099243,-1.0507517395610488
UBFC_PHYS_s14_T1_ctrl,37,229,44.63333333333333,2.8488757610321045,-0.7035317130989817
UBFC_PHYS_s14_T1_ctrl,37,230,44.666666666666664,2.3902840614318848,-0.2044789031387076
UBFC_PHYS_s14_T1_ctrl,37,231,44.7,1.9254120588302612,0.36950945884770753
UBFC_PHYS_s14_T1_ctrl,37,232,44.733333333333334,1.5779268741607666,0.9188048031576332
UBFC_PHYS_s14_T1_ctrl,37,233,44.766666666666666,1.4108027219772339,1.344968872257686
UBFC_PHYS_s14_T1_ctrl,37,234,44.8,1.1986165046691895,1.5759292540378722
UBFC_PHYS_s14_T1_ctrl,37,235,44.833333333333336,0.8011404871940613,1.5810843441635123
UBFC_PHYS_s14_T1_ctrl,37,236,44.86666666666667,0.4773692190647125,1.3711713777793388
UBFC_PHYS_s14_T1_ctrl,37,237,44.9,0.5686481595039368,0.9865033079165528
UBFC_PHYS_s14_T1_ctrl,37,238,44.93333333333333,1.0512351989746094,0.481777429897406
UBFC_PHYS_s14_T1_ctrl,37,239,44.96666666666667,1.653067946434021,-0.0850762906261271
UBFC_PHYS_s14_T1_ctrl,38,0,38.0,2.1275157928466797,0.07303505920408083
UBFC_PHYS_s14_T1_ctrl,38,1,38.03333333333333,1.6508992910385132,-0.1914134954147402
UBFC_PHYS_s14_T1_ctrl,38,2,38.06666666666667,1.2175989151000977,-0.43039936330900996
UBFC_PHYS_s14_T1_ctrl,38,3,38.1,0.7770885825157166,-0.613137895557804
UBFC_PHYS_s14_T1_ctrl,38,4,38.13333333333333,0.20739082992076874,-0.7027506876954762
UBFC_PHYS_s14_T1_ctrl,38,5,38.166666666666664,-0.45454347133636475,-0.6646875202483881
UBFC_PHYS_s14_T1_ctrl,38,6,38.2,-1.0734434127807617,-0.481427317298425
UBFC_PHYS_s14_T1_ctrl,38,7,38.233333333333334,-1.6275665760040283,-0.16634760297833748
UBFC_PHYS_s14_T1_ctrl,38,8,38.266666666666666,-2.192983627319336,0.23162335652421037
UBFC_PHYS_s14_T1_ctrl,38,9,38.3,-2.782705783843994,0.6373895412707091
UBFC_PHYS_s14_T1_ctrl,38,10,38.333333333333336,-3.2141754627227783,0.970612565830847
UBFC_PHYS_s14_T1_ctrl,38,11,38.36666666666667,-3.1291489601135254,1.169136641912997
UBFC_PHYS_s14_T1_ctrl,38,12,38.4,-2.391763687133789,1.2044685933432129
UBFC_PHYS_s14_T1_ctrl,38,13,38.43333333333333,-1.3955248594284058,1.0833397976491506
UBFC_PHYS_s14_T1_ctrl,38,14,38.46666666666667,-0.626314640045166,0.836988181797838
UBFC_PHYS_s14_T1_ctrl,38,15,38.5,-0.2221919447183609,0.5057412060893705
UBFC_PHYS_s14_T1_ctrl,38,16,38.53333333333333,-0.21478486061096191,0.12723961718294832
UBFC_PHYS_s14_T1_ctrl,38,17,38.56666666666667,-0.5805484056472778,-0.26714580626436035
UBFC_PHYS_s14_T1_ctrl,38,18,38.6,-1.0203827619552612,-0.6484488384855738
UBFC_PHYS_s14_T1_ctrl,38,19,38.63333333333333,-1.1459089517593384,-0.9834248022986845
UBFC_PHYS_s14_T1_ctrl,38,20,38.666666666666664,-0.8367265462875366,-1.2306224843794047
UBFC_PHYS_s14_T1_ctrl,38,21,38.7,-0.23680897057056427,-1.3433055195451304
UBFC_PHYS_s14_T1_ctrl,38,22,38.733333333333334,0.4118320047855377,-1.2805550510585868
UBFC_PHYS_s14_T1_ctrl,38,23,38.766666666666666,0.9030935764312744,-1.0240784661208158
UBFC_PHYS_s14_T1_ctrl,38,24,38.8,1.1710723638534546,-0.5940567444543526
UBFC_PHYS_s14_T1_ctrl,38,25,38.833333333333336,1.2307796478271484,-0.05506523096532812
UBFC_PHYS_s14_T1_ctrl,38,26,38.86666666666667,1.096888780593872,0.49472639944915164
UBFC_PHYS_s14_T1_ctrl,38,27,38.9,0.8643683195114136,0.9500707461860207
UBFC_PHYS_s14_T1_ctrl,38,28,38.93333333333333,0.7074958086013794,1.2296388937497058
UBFC_PHYS_s14_T1_ctrl,38,29,38.96666666666667,0.7554024457931519,1.2963764057806773
UBFC_PHYS_s14_T1_ctrl,38,30,39.0,1.0223673582077026,1.1594389544031014
UBFC_PHYS_s14_T1_ctrl,38,31,39.03333333333333,1.3967771530151367,0.861313077767446
UBFC_PHYS_s14_T1_ctrl,38,32,39.06666666666667,1.7096209526062012,0.45964853501920455
UBFC_PHYS_s14_T1_ctrl,38,33,39.1,1.8871374130249023,0.012437286084176762
UBFC_PHYS_s14_T1_ctrl,38,34,39.13333333333333,1.9278624057769775,-0.42912560857131554
UBFC_PHYS_s14_T1_ctrl,38,35,39.166666666666664,1.8117992877960205,-0.8205013214268966
UBFC_PHYS_s14_T1_ctrl,38,36,39.2,1.5505235195159912,-1.1201406077030223
UBFC_PHYS_s14_T1_ctrl,38,37,39.233333333333334,1.2422986030578613,-1.2873722979453333
UBFC_PHYS_s14_T1_ctrl,38,38,39.266666666666666,0.9705177545547485,-1.2861425053844309
UBFC_PHYS_s14_T1_ctrl,38,39,39.3,0.7710052132606506,-1.0957590375559028
UBFC_PHYS_s14_T1_ctrl,38,40,39.333333333333336,0.6715869307518005,-0.7249399137046683
UBFC_PHYS_s14_T1_ctrl,38,41,39.36666666666667,0.6411981582641602,-0.2212485069894557
UBFC_PHYS_s14_T1_ctrl,38,42,39.4,0.5501445531845093,0.3324533242619992
UBFC_PHYS_s14_T1_ctrl,38,43,39.43333333333333,0.29481133818626404,0.8371243786557672
UBFC_PHYS_s14_T1_ctrl,38,44,39.46666666666667,-0.12043604999780655,1.2047696101838945
UBFC_PHYS_s14_T1_ctrl,38,45,39.5,-0.6104302406311035,1.3804317504879473
UBFC_PHYS_s14_T1_ctrl,38,46,39.53333333333333,-0.9845865964889526,1.3498406227455197
UBFC_PHYS_s14_T1_ctrl,38,47,39.56666666666667,-0.9999077320098877,1.1331710016450678
UBFC_PHYS_s14_T1_ctrl,38,48,39.6,-0.5940389037132263,0.7720652227301303
UBFC_PHYS_s14_T1_ctrl,38,49,39.63333333333333,-0.024200275540351868,0.31785412100123234
UBFC_PHYS_s14_T1_ctrl,38,50,39.666666666666664,0.370797336101532,-0.17483022197121148
UBFC_PHYS_s14_T1_ctrl,38,51,39.7,0.5003790855407715,-0.6495774403852704
UBFC_PHYS_s14_T1_ctrl,38,52,39.733333333333334,0.48781800270080566,-1.0480971574432676
UBFC_PHYS_s14_T1_ctrl,38,53,39.766666666666666,0.41380348801612854,-1.3122534409519326
UBFC_PHYS_s14_T1_ctrl,38,54,39.8,0.32565072178840637,-1.3911591876474467
UBFC_PHYS_s14_T1_ctrl,38,55,39.833333333333336,0.38333022594451904,-1.253811587871302
UBFC_PHYS_s14_T1_ctrl,38,56,39.86666666666667,0.6687705516815186,-0.9037814935730833
UBFC_PHYS_s14_T1_ctrl,38,57,39.9,0.9476768970489502,-0.3887905370756566
UBFC_PHYS_s14_T1_ctrl,38,58,39.93333333333333,0.9162460565567017,0.20260002584938544
UBFC_PHYS_s14_T1_ctrl,38,59,39.96666666666667,0.6119359731674194,0.7600912948321206
UBFC_PHYS_s14_T1_ctrl,38,60,40.0,0.32446783781051636,1.180394470497647
UBFC_PHYS_s14_T1_ctrl,38,61,40.03333333333333,0.25312888622283936,1.3932737400727189
UBFC_PHYS_s14_T1_ctrl,38,62,40.06666666666667,0.2505941390991211,1.3746842352028892
UBFC_PHYS_s14_T1_ctrl,38,63,40.1,-0.2484687864780426,1.1445863228326478
UBFC_PHYS_s14_T1_ctrl,38,64,40.13333333333333,-1.5595510005950928,0.7542308274881261
UBFC_PHYS_s14_T1_ctrl,38,65,40.166666666666664,-2.784254789352417,0.27065948711361426
UBFC_PHYS_s14_T1_ctrl,38,66,40.2,-2.658418893814087,-0.23556513871459844
UBFC_PHYS_s14_T1_ctrl,38,67,40.233333333333334,-1.3110052347183228,-0.6974354827960828
UBFC_PHYS_s14_T1_ctrl,38,68,40.266666666666666,0.12115320563316345,-1.05488244256762
UBFC_PHYS_s14_T1_ctrl,38,69,40.3,1.1376136541366577,-1.257662842922345
UBFC_PHYS_s14_T1_ctrl,38,70,40.333333333333336,1.8323588371276855,-1.2707422820957361
UBFC_PHYS_s14_T1_ctrl,38,71,40.36666666666667,2.2043466567993164,-1.0829689974301142
UBFC_PHYS_s14_T1_ctrl,38,72,40.4,2.38639760017395,-0.7162475213925519
UBFC_PHYS_s14_T1_ctrl,38,73,40.43333333333333,2.6489970684051514,-0.22923852771692882
UBFC_PHYS_s14_T1_ctrl,38,74,40.46666666666667,2.9252560138702393,0.29062318558491795
UBFC_PHYS_s14_T1_ctrl,38,75,40.5,2.907371997833252,0.7478963862962439
UBFC_PHYS_s14_T1_ctrl,38,76,40.53333333333333,2.5941619873046875,1.064952074951286
UBFC_PHYS_s14_T1_ctrl,38,77,40.56666666666667,2.2581677436828613,1.2004362512180102
UBFC_PHYS_s14_T1_ctrl,38,78,40.6,1.9302281141281128,1.1528382042894643
UBFC_PHYS_s14_T1_ctrl,38,79,40.63333333333333,1.5838130712509155,0.9509307986989449
UBFC_PHYS_s14_T1_ctrl,38,80,40.666666666666664,1.4707353115081787,0.6386484912434218
UBFC_PHYS_s14_T1_ctrl,38,81,40.7,1.742150068283081,0.2621305246860096
UBFC_PHYS_s14_T1_ctrl,38,82,40.733333333333334,2.1105329990386963,-0.13681818562610615
UBFC_PHYS_s14_T1_ctrl,38,83,40.766666666666666,2.164860963821411,-0.5208282892563163
UBFC_PHYS_s14_T1_ctrl,38,84,40.8,1.6563067436218262,-0.8534707586285819
UBFC_PHYS_s14_T1_ctrl,38,85,40.833333333333336,0.5934323072433472,-1.0962521722766978
UBFC_PHYS_s14_T1_ctrl,38,86,40.86666666666667,-0.6462545990943909,-1.210119532006961
UBFC_PHYS_s14_T1_ctrl,38,87,40.9,-1.5542843341827393,-1.1635135518561563
UBFC_PHYS_s14_T1_ctrl,38,88,40.93333333333333,-2.01287579536438,-0.9450882852585163
UBFC_PHYS_s14_T1_ctrl,38,89,40.96666666666667,-2.264209747314453,-0.5752751051030569
UBFC_PHYS_s14_T1_ctrl,38,90,41.0,-2.4510767459869385,-0.10950962090809939
UBFC_PHYS_s14_T1_ctrl,38,91,41.03333333333333,-2.499546766281128,0.37120406819420704
UBFC_PHYS_s14_T1_ctrl,38,92,41.06666666666667,-2.4277007579803467,0.7804078912959571
UBFC_PHYS_s14_T1_ctrl,38,93,41.1,-2.403001070022583,1.0490224778346187
UBFC_PHYS_s14_T1_ctrl,38,94,41.13333333333333,-2.499208688735962,1.1412754069306001
UBFC_PHYS_s14_T1_ctrl,38,95,41.166666666666664,-2.606541156768799,1.0579539195752068
UBFC_PHYS_s14_T1_ctrl,38,96,41.2,-2.518078565597534,0.8283549028760351
UBFC_PHYS_s14_T1_ctrl,38,97,41.233333333333334,-2.034956216812134,0.49766205475675007
UBFC_PHYS_s14_T1_ctrl,38,98,41.266666666666666,-1.1744107007980347,0.11645339354092023
UBFC_PHYS_s14_T1_ctrl,38,99,41.3,-0.2838706970214844,-0.2647399137313466
UBFC_PHYS_s14_T1_ctrl,38,100,41.333333333333336,0.3112308382987976,-0.5968367358483395
UBFC_PHYS_s14_T1_ctrl,38,101,41.36666666666667,0.5689861178398132,-0.832971757761148
UBFC_PHYS_s14_T1_ctrl,38,102,41.4,0.5697465538978577,-0.9323861921295867
UBFC_PHYS_s14_T1_ctrl,38,103,41.43333333333333,0.35133612155914307,-0.8691149114527646
UBFC_PHYS_s14_T1_ctrl,38,104,41.46666666666667,-0.06329166144132614,-0.6431750156745225
UBFC_PHYS_s14_T1_ctrl,38,105,41.5,-0.5998687744140625,-0.2883871759687689
UBFC_PHYS_s14_T1_ctrl,38,106,41.53333333333333,-1.0472792387008667,0.12958339994024518
UBFC_PHYS_s14_T1_ctrl,38,107,41.56666666666667,-1.2106294631958008,0.5274619848139444
UBFC_PHYS_s14_T1_ctrl,38,108,41.6,-1.2198671102523804,0.8264397860183759
UBFC_PHYS_s14_T1_ctrl,38,109,41.63333333333333,-1.4068186283111572,0.9726778506672354
UBFC_PHYS_s14_T1_ctrl,38,110,41.666666666666664,-1.8931515216827393,0.9478195739415041
UBFC_PHYS_s14_T1_ctrl,38,111,41.7,-2.5118260383605957,0.7669191296146214
UBFC_PHYS_s14_T1_ctrl,38,112,41.733333333333334,-2.9668407440185547,0.46769137698988994
UBFC_PHYS_s14_T1_ctrl,38,113,41.766666666666666,-2.9777402877807617,0.09814747118404331
UBFC_PHYS_s14_T1_ctrl,38,114,41.8,-2.5552546977996826,-0.29198926839257855
UBFC_PHYS_s14_T1_ctrl,38,115,41.833333333333336,-2.0283377170562744,-0.6547656167400804
UBFC_PHYS_s14_T1_ctrl,38,116,41.86666666666667,-1.6921181678771973,-0.9442811742596302
UBFC_PHYS_s14_T1_ctrl,38,117,41.9,-1.6489148139953613,-1.1172210564198457
UBFC_PHYS_s14_T1_ctrl,38,118,41.93333333333333,-1.8282057046890259,-1.137117432456646
UBFC_PHYS_s14_T1_ctrl,38,119,41.96666666666667,-1.9802902936935425,-0.9836944191399134
UBFC_PHYS_s14_T1_ctrl,38,120,42.0,-1.8351340293884277,-0.6645458811439441
UBFC_PHYS_s14_T1_ctrl,38,121,42.03333333333333,-1.393750548362732,-0.22270306472253545
UBFC_PHYS_s14_T1_ctrl,38,122,42.06666666666667,-0.9193591475486755,0.26668019817387373
UBFC_PHYS_s14_T1_ctrl,38,123,42.1,-0.6074730157852173,0.7127675768713982
UBFC_PHYS_s14_T1_ctrl,38,124,42.13333333333333,-0.4624575078487396,1.0332128760658743
UBFC_PHYS_s14_T1_ctrl,38,125,42.166666666666664,-0.4222958981990814,1.1755309415248651
UBFC_PHYS_s14_T1_ctrl,38,126,42.2,-0.5069281458854675,1.126808086811025
UBFC_PHYS_s14_T1_ctrl,38,127,42.233333333333334,-0.6991462707519531,0.909698642963163
UBFC_PHYS_s14_T1_ctrl,38,128,42.266666666666666,-0.7920305132865906,0.569670827820765
UBFC_PHYS_s14_T1_ctrl,38,129,42.3,-0.6111906170845032,0.16146265863297005
UBFC_PHYS_s14_T1_ctrl,38,130,42.333333333333336,-0.2644376754760742,-0.2596028809055457
UBFC_PHYS_s14_T1_ctrl,38,131,42.36666666666667,0.04432230442762375,-0.6406356765424409
UBFC_PHYS_s14_T1_ctrl,38,132,42.4,0.29379743337631226,-0.9314101331565774
UBFC_PHYS_s14_T1_ctrl,38,133,42.43333333333333,0.6066129803657532,-1.0859965910246077
UBFC_PHYS_s14_T1_ctrl,38,134,42.46666666666667,1.0120030641555786,-1.0690702174657163
UBFC_PHYS_s14_T1_ctrl,38,135,42.5,1.431306004524231,-0.8670851634408312
UBFC_PHYS_s14_T1_ctrl,38,136,42.53333333333333,1.8308098316192627,-0.5001064333832101
UBFC_PHYS_s14_T1_ctrl,38,137,42.56666666666667,2.156890630722046,-0.02688392210103111
UBFC_PHYS_s14_T1_ctrl,38,138,42.6,2.304694175720215,0.4634778236639608
UBFC_PHYS_s14_T1_ctrl,38,139,42.63333333333333,2.239297866821289,0.8736876829993062
UBFC_PHYS_s14_T1_ctrl,38,140,42.666666666666664,1.912062406539917,1.1256021922835147
UBFC_PHYS_s14_T1_ctrl,38,141,42.7,1.2385809421539307,1.1797803429893703
UBFC_PHYS_s14_T1_ctrl,38,142,42.733333333333334,0.3622073531150818,1.0396113432461083
UBFC_PHYS_s14_T1_ctrl,38,143,42.766666666666666,-0.3315802216529846,0.74187989882666
UBFC_PHYS_s14_T1_ctrl,38,144,42.8,-0.5687759518623352,0.3414550081323313
UBFC_PHYS_s14_T1_ctrl,38,145,42.833333333333336,-0.34062081575393677,-0.10210404960135201
UBFC_PHYS_s14_T1_ctrl,38,146,42.86666666666667,0.186746746301651,-0.5318232404737555
UBFC_PHYS_s14_T1_ctrl,38,147,42.9,0.7361947298049927,-0.8948737400953859
UBFC_PHYS_s14_T1_ctrl,38,148,42.93333333333333,1.0536291599273682,-1.1421491430416342
UBFC_PHYS_s14_T1_ctrl,38,149,42.96666666666667,1.0568398237228394,-1.2305017621997856
UBFC_PHYS_s14_T1_ctrl,38,150,43.0,0.8588763475418091,-1.1305809221664043
UBFC_PHYS_s14_T1_ctrl,38,151,43.03333333333333,0.6190614104270935,-0.839255717683581
UBFC_PHYS_s14_T1_ctrl,38,152,43.06666666666667,0.42157667875289917,-0.3909090173278588
UBFC_PHYS_s14_T1_ctrl,38,153,43.1,0.3382399380207062,0.14057121140838988
UBFC_PHYS_s14_T1_ctrl,38,154,43.13333333333333,0.39501821994781494,0.6548935568018928
UBFC_PHYS_s14_T1_ctrl,38,155,43.166666666666664,0.4412068724632263,1.0517426830216323
UBFC_PHYS_s14_T1_ctrl,38,156,43.2,0.2633804976940155,1.2594443086729177
UBFC_PHYS_s14_T1_ctrl,38,157,43.233333333333334,-0.18814188241958618,1.252073770804396
UBFC_PHYS_s14_T1_ctrl,38,158,43.266666666666666,-0.753023624420166,1.048585935108834
UBFC_PHYS_s14_T1_ctrl,38,159,43.3,-1.1325030326843262,0.6983999493523789
UBFC_PHYS_s14_T1_ctrl,38,160,43.333333333333336,-1.1235750913619995,0.26330482737342004
UBFC_PHYS_s14_T1_ctrl,38,161,43.36666666666667,-0.7901154160499573,-0.19588881818328555
UBFC_PHYS_s14_T1_ctrl,38,162,43.4,-0.36472904682159424,-0.6246256559141525
UBFC_PHYS_s14_T1_ctrl,38,163,43.43333333333333,-0.09582087397575378,-0.9738330753423805
UBFC_PHYS_s14_T1_ctrl,38,164,43.46666666666667,-0.17515835165977478,-1.198227786253912
UBFC_PHYS_s14_T1_ctrl,38,165,43.5,-0.5715641379356384,-1.258722783422489
UBFC_PHYS_s14_T1_ctrl,38,166,43.53333333333333,-0.9456360340118408,-1.1310260754125172
UBFC_PHYS_s14_T1_ctrl,38,167,43.56666666666667,-0.9955141544342041,-0.818005727089436
UBFC_PHYS_s14_T1_ctrl,38,168,43.6,-0.803831160068512,-0.3593361101738348
UBFC_PHYS_s14_T1_ctrl,38,169,43.63333333333333,-0.6806144714355469,0.16910226242801984
UBFC_PHYS_s14_T1_ctrl,38,170,43.666666666666664,-0.7853275537490845,0.6700425069033515
UBFC_PHYS_s14_T1_ctrl,38,171,43.7,-0.8532586693763733,1.0504101630259937
UBFC_PHYS_s14_T1_ctrl,38,172,43.733333333333334,-0.2860393226146698,1.246706119926619
UBFC_PHYS_s14_T1_ctrl,38,173,43.766666666666666,0.9911336302757263,1.2381788560056493
UBFC_PHYS_s14_T1_ctrl,38,174,43.8,1.9933432340621948,1.043601994800516
UBFC_PHYS_s14_T1_ctrl,38,175,43.833333333333336,2.0648512840270996,0.7073220702090046
UBFC_PHYS_s14_T1_ctrl,38,176,43.86666666666667,1.7408263683319092,0.2841099277666274
UBFC_PHYS_s14_T1_ctrl,38,177,43.9,1.5936986207962036,-0.17031660441244506
UBFC_PHYS_s14_T1_ctrl,38,178,43.93333333333333,1.463722586631775,-0.6016671166290836
UBFC_PHYS_s14_T1_ctrl,38,179,43.96666666666667,1.1102948188781738,-0.9557412488376219
UBFC_PHYS_s14_T1_ctrl,38,180,44.0,0.5411884188652039,-1.1788609765247013
UBFC_PHYS_s14_T1_ctrl,38,181,44.03333333333333,-0.24123068153858185,-1.2243232046629071
UBFC_PHYS_s14_T1_ctrl,38,182,44.06666666666667,-1.0792170763015747,-1.065308612058973
UBFC_PHYS_s14_T1_ctrl,38,183,44.1,-1.6069225072860718,-0.7098025067878371
UBFC_PHYS_s14_T1_ctrl,38,184,44.13333333333333,-1.6672494411468506,-0.20944687106163018
UBFC_PHYS_s14_T1_ctrl,38,185,44.166666666666664,-1.5892637968063354,0.3453515281379532
UBFC_PHYS_s14_T1_ctrl,38,186,44.2,-1.874675989151001,0.8461467119795779
UBFC_PHYS_s14_T1_ctrl,38,187,44.233333333333334,-2.612793445587158,1.1965854771740096
UBFC_PHYS_s14_T1_ctrl,38,188,44.266666666666666,-3.3420393466949463,1.3389078229801867
UBFC_PHYS_s14_T1_ctrl,38,189,44.3,-3.609623670578003,1.2646414634199217
UBFC_PHYS_s14_T1_ctrl,38,190,44.333333333333336,-3.4123079776763916,1.0066508885465606
UBFC_PHYS_s14_T1_ctrl,38,191,44.36666666666667,-2.868154764175415,0.6202215631525272
UBFC_PHYS_s14_T1_ctrl,38,192,44.4,-2.030731678009033,0.16468086360560363
UBFC_PHYS_s14_T1_ctrl,38,193,44.43333333333333,-1.0159610509872437,-0.30643990853127406
UBFC_PHYS_s14_T1_ctrl,38,194,44.46666666666667,0.18291646242141724,-0.7455395433921617
UBFC_PHYS_s14_T1_ctrl,38,195,44.5,1.6611227989196777,-1.1061325189896214
UBFC_PHYS_s14_T1_ctrl,38,196,44.53333333333333,2.9969046115875244,-1.3400571124713256
UBFC_PHYS_s14_T1_ctrl,38,197,44.56666666666667,3.531679391860962,-1.401975039852073
UBFC_PHYS_s14_T1_ctrl,38,198,44.6,3.307016611099243,-1.2621405986258574
UBFC_PHYS_s14_T1_ctrl,38,199,44.63333333333333,2.8488757610321045,-0.9229990230769424
UBFC_PHYS_s14_T1_ctrl,38,200,44.666666666666664,2.3902840614318848,-0.43077124690177104
UBFC_PHYS_s14_T1_ctrl,38,201,44.7,1.9254120588302612,0.12707599591347912
UBFC_PHYS_s14_T1_ctrl,38,202,44.733333333333334,1.5779268741607666,0.641994832944795
UBFC_PHYS_s14_T1_ctrl,38,203,44.766666666666666,1.4108027219772339,1.0161211324223212
UBFC_PHYS_s14_T1_ctrl,38,204,44.8,1.1986165046691895,1.1913060807907165
UBFC_PHYS_s14_T1_ctrl,38,205,44.833333333333336,0.8011404871940613,1.1610734291959544
UBFC_PHYS_s14_T1_ctrl,38,206,44.86666666666667,0.4773692190647125,0.961442190715701
UBFC_PHYS_s14_T1_ctrl,38,207,44.9,0.5686481595039368,0.6489839343476858
UBFC_PHYS_s14_T1_ctrl,38,208,44.93333333333333,1.0512351989746094,0.2796134692799528
UBFC_PHYS_s14_T1_ctrl,38,209,44.96666666666667,1.653067946434021,-0.10203564293515598
UBFC_PHYS_s14_T1_ctrl,38,210,45.0,2.2234134674072266,-0.46103356918412924
UBFC_PHYS_s14_T1_ctrl,38,211,45.03333333333333,2.6704297065734863,-0.7640629015437989
UBFC_PHYS_s14_T1_ctrl,38,212,45.06666666666667,2.770101547241211,-0.9730646258268075
UBFC_PHYS_s14_T1_ctrl,38,213,45.1,2.3853836059570312,-1.0467919313071923
UBFC_PHYS_s14_T1_ctrl,38,214,45.13333333333333,1.6858787536621094,-0.951843465235736
UBFC_PHYS_s14_T1_ctrl,38,215,45.166666666666664,0.9995546340942383,-0.6793328784347124
UBFC_PHYS_s14_T1_ctrl,38,216,45.2,0.6321012377738953,-0.2589260269329626
UBFC_PHYS_s14_T1_ctrl,38,217,45.233333333333334,0.7685267925262451,0.23899210118967057
UBFC_PHYS_s14_T1_ctrl,38,218,45.266666666666666,1.2759543657302856,0.7180876135956077
UBFC_PHYS_s14_T1_ctrl,38,219,45.3,1.6964402198791504,1.0840635426513632
UBFC_PHYS_s14_T1_ctrl,38,220,45.333333333333336,1.7092829942703247,1.2729943537065322
UBFC_PHYS_s14_T1_ctrl,38,221,45.36666666666667,1.3501378297805786,1.2656835196575213
UBFC_PHYS_s14_T1_ctrl,38,222,45.4,0.8562571406364441,1.0831643170778702
UBFC_PHYS_s14_T1_ctrl,38,223,45.43333333333333,0.5569038391113281,0.7703013825805822
UBFC_PHYS_s14_T1_ctrl,38,224,45.46666666666667,0.7241406440734863,0.3788320652007028
UBFC_PHYS_s14_T1_ctrl,38,225,45.5,1.3045687675476074,-0.042237877383922644
UBFC_PHYS_s14_T1_ctrl,38,226,45.53333333333333,1.9197511672973633,-0.4473535177342634
UBFC_PHYS_s14_T1_ctrl,38,227,45.56666666666667,2.260505199432373,-0.7902139125704161
UBFC_PHYS_s14_T1_ctrl,38,228,45.6,2.280952215194702,-1.0211242928233741
UBFC_PHYS_s14_T1_ctrl,38,229,45.63333333333333,2.05997896194458,-1.091348006857418
UBFC_PHYS_s14_T1_ctrl,38,230,45.666666666666664,1.7128033638000488,-0.9661076346206863
UBFC_PHYS_s14_T1_ctrl,38,231,45.7,1.3534893989562988,-0.6426046277079868
UBFC_PHYS_s14_T1_ctrl,38,232,45.733333333333334,1.0022584199905396,-0.1647269716409956
UBFC_PHYS_s14_T1_ctrl,38,233,45.766666666666666,0.6124992370605469,0.37527034331573894
UBFC_PHYS_s14_T1_ctrl,38,234,45.8,0.21614977717399597,0.8539813577574479
UBFC_PHYS_s14_T1_ctrl,38,235,45.833333333333336,-0.12742067873477936,1.1501002221800107
UBFC_PHYS_s14_T1_ctrl,38,236,45.86666666666667,-0.49831005930900574,1.1811996418785928
UBFC_PHYS_s14_T1_ctrl,38,237,45.9,-1.0442938804626465,0.9285287502499163
UBFC_PHYS_s14_T1_ctrl,38,238,45.93333333333333,-1.7243093252182007,0.44145511602328164
UBFC_PHYS_s14_T1_ctrl,38,239,45.96666666666667,-2.246185064315796,-0.1764002363719563
UBFC_PHYS_s14_T1_ctrl,39,0,39.0,1.0223673582077026,-0.03505499083603451
UBFC_PHYS_s14_T1_ctrl,39,1,39.03333333333333,1.3967771530151367,0.045698807019463016
UBFC_PHYS_s14_T1_ctrl,39,2,39.06666666666667,1.7096209526062012,0.06922335373883673
UBFC_PHYS_s14_T1_ctrl,39,3,39.1,1.8871374130249023,-0.007813395220827923
UBFC_PHYS_s14_T1_ctrl,39,4,39.13333333333333,1.9278624057769775,-0.19722323718731152
UBFC_PHYS_s14_T1_ctrl,39,5,39.166666666666664,1.8117992877960205,-0.47007290931185897
UBFC_PHYS_s14_T1_ctrl,39,6,39.2,1.5505235195159912,-0.7583325479227516
UBFC_PHYS_s14_T1_ctrl,39,7,39.233333333333334,1.2422986030578613,-0.9713938763551067
UBFC_PHYS_s14_T1_ctrl,39,8,39.266666666666666,0.9705177545547485,-1.0251525755569515
UBFC_PHYS_s14_T1_ctrl,39,9,39.3,0.7710052132606506,-0.8738964290401847
UBFC_PHYS_s14_T1_ctrl,39,10,39.333333333333336,0.6715869307518005,-0.531880410431824
UBFC_PHYS_s14_T1_ctrl,39,11,39.36666666666667,0.6411981582641602,-0.07399075347553272
UBFC_PHYS_s14_T1_ctrl,39,12,39.4,0.5501445531845093,0.38752189500248985
UBFC_PHYS_s14_T1_ctrl,39,13,39.43333333333333,0.29481133818626404,0.7425047586156829
UBFC_PHYS_s14_T1_ctrl,39,14,39.46666666666667,-0.12043604999780655,0.9212816095853235
UBFC_PHYS_s14_T1_ctrl,39,15,39.5,-0.6104302406311035,0.9136992418059596
UBFC_PHYS_s14_T1_ctrl,39,16,39.53333333333333,-0.9845865964889526,0.7611949736087753
UBFC_PHYS_s14_T1_ctrl,39,17,39.56666666666667,-0.9999077320098877,0.5290540285060689
UBFC_PHYS_s14_T1_ctrl,39,18,39.6,-0.5940389037132263,0.27514813779295233
UBFC_PHYS_s14_T1_ctrl,39,19,39.63333333333333,-0.024200275540351868,0.031104980824448066
UBFC_PHYS_s14_T1_ctrl,39,20,39.666666666666664,0.370797336101532,-0.19635181947541772
UBFC_PHYS_s14_T1_ctrl,39,21,39.7,0.5003790855407715,-0.4078315236662466
UBFC_PHYS_s14_T1_ctrl,39,22,39.733333333333334,0.48781800270080566,-0.590725646381077
UBFC_PHYS_s14_T1_ctrl,39,23,39.766666666666666,0.41380348801612854,-0.7103349701277994
UBFC_PHYS_s14_T1_ctrl,39,24,39.8,0.32565072178840637,-0.719538965934112
UBFC_PHYS_s14_T1_ctrl,39,25,39.833333333333336,0.38333022594451904,-0.5824152344403802
UBFC_PHYS_s14_T1_ctrl,39,26,39.86666666666667,0.6687705516815186,-0.2992103328686136
UBFC_PHYS_s14_T1_ctrl,39,27,39.9,0.9476768970489502,0.08146583610047575
UBFC_PHYS_s14_T1_ctrl,39,28,39.93333333333333,0.9162460565567017,0.47229421836834834
UBFC_PHYS_s14_T1_ctrl,39,29,39.96666666666667,0.6119359731674194,0.776999078524533
UBFC_PHYS_s14_T1_ctrl,39,30,40.0,0.32446783781051636,0.926132592642908
UBFC_PHYS_s14_T1_ctrl,39,31,40.03333333333333,0.25312888622283936,0.9000769623919918
UBFC_PHYS_s14_T1_ctrl,39,32,40.06666666666667,0.2505941390991211,0.7283593589509982
UBFC_PHYS_s14_T1_ctrl,39,33,40.1,-0.2484687864780426,0.4685648248975215
UBFC_PHYS_s14_T1_ctrl,39,34,40.13333333333333,-1.5595510005950928,0.17846577093655444
UBFC_PHYS_s14_T1_ctrl,39,35,40.166666666666664,-2.784254789352417,-0.10342548123298093
UBFC_PHYS_s14_T1_ctrl,39,36,40.2,-2.658418893814087,-0.36030331827251705
UBFC_PHYS_s14_T1_ctrl,39,37,40.233333333333334,-1.3110052347183228,-0.5845717510101107
UBFC_PHYS_s14_T1_ctrl,39,38,40.266666666666666,0.12115320563316345,-0.7612486489886359
UBFC_PHYS_s14_T1_ctrl,39,39,40.3,1.1376136541366577,-0.8600157440678133
UBFC_PHYS_s14_T1_ctrl,39,40,40.333333333333336,1.8323588371276855,-0.8425055882434342
UBFC_PHYS_s14_T1_ctrl,39,41,40.36666666666667,2.2043466567993164,-0.6816907361512882
UBFC_PHYS_s14_T1_ctrl,39,42,40.4,2.38639760017395,-0.3829335341840233
UBFC_PHYS_s14_T1_ctrl,39,43,40.43333333333333,2.6489970684051514,0.005666946099189172
UBFC_PHYS_s14_T1_ctrl,39,44,40.46666666666667,2.9252560138702393,0.4019517269915247
UBFC_PHYS_s14_T1_ctrl,39,45,40.5,2.907371997833252,0.7162228307933333
UBFC_PHYS_s14_T1_ctrl,39,46,40.53333333333333,2.5941619873046875,0.8833104433801049
UBFC_PHYS_s14_T1_ctrl,39,47,40.56666666666667,2.2581677436828613,0.8834069720658986
UBFC_PHYS_s14_T1_ctrl,39,48,40.6,1.9302281141281128,0.7417540278042198
UBFC_PHYS_s14_T1_ctrl,39,49,40.63333333333333,1.5838130712509155,0.5098252932369985
UBFC_PHYS_s14_T1_ctrl,39,50,40.666666666666664,1.4707353115081787,0.23989018105159007
UBFC_PHYS_s14_T1_ctrl,39,51,40.7,1.742150068283081,-0.03343019167253479
UBFC_PHYS_s14_T1_ctrl,39,52,40.733333333333334,2.1105329990386963,-0.2963605946420926
UBFC_PHYS_s14_T1_ctrl,39,53,40.766666666666666,2.164860963821411,-0.5448485792132789
UBFC_PHYS_s14_T1_ctrl,39,54,40.8,1.6563067436218262,-0.7682264262927737
UBFC_PHYS_s14_T1_ctrl,39,55,40.833333333333336,0.5934323072433472,-0.9392247913855784
UBFC_PHYS_s14_T1_ctrl,39,56,40.86666666666667,-0.6462545990943909,-1.0171947947323101
UBFC_PHYS_s14_T1_ctrl,39,57,40.9,-1.5542843341827393,-0.9633921647897107
UBFC_PHYS_s14_T1_ctrl,39,58,40.93333333333333,-2.01287579536438,-0.7609628288494261
UBFC_PHYS_s14_T1_ctrl,39,59,40.96666666666667,-2.264209747314453,-0.4297370694946966
UBFC_PHYS_s14_T1_ctrl,39,60,41.0,-2.4510767459869385,-0.027278133699171103
UBFC_PHYS_s14_T1_ctrl,39,61,41.03333333333333,-2.499546766281128,0.3666993227135618
UBFC_PHYS_s14_T1_ctrl,39,62,41.06666666666667,-2.4277007579803467,0.6768059324540208
UBFC_PHYS_s14_T1_ctrl,39,63,41.1,-2.403001070022583,0.8568860408644409
UBFC_PHYS_s14_T1_ctrl,39,64,41.13333333333333,-2.499208688735962,0.9008414600535798
UBFC_PHYS_s14_T1_ctrl,39,65,41.166666666666664,-2.606541156768799,0.8344925472527832
UBFC_PHYS_s14_T1_ctrl,39,66,41.2,-2.518078565597534,0.6950682610482323
UBFC_PHYS_s14_T1_ctrl,39,67,41.233333333333334,-2.034956216812134,0.512106837157057
UBFC_PHYS_s14_T1_ctrl,39,68,41.266666666666666,-1.1744107007980347,0.3008856915182758
UBFC_PHYS_s14_T1_ctrl,39,69,41.3,-0.2838706970214844,0.06986062969464726
UBFC_PHYS_s14_T1_ctrl,39,70,41.333333333333336,0.3112308382987976,-0.16580474485543306
UBFC_PHYS_s14_T1_ctrl,39,71,41.36666666666667,0.5689861178398132,-0.37578896406855417
UBFC_PHYS_s14_T1_ctrl,39,72,41.4,0.5697465538978577,-0.5179793113044515
UBFC_PHYS_s14_T1_ctrl,39,73,41.43333333333333,0.35133612155914307,-0.552537732775288
UBFC_PHYS_s14_T1_ctrl,39,74,41.46666666666667,-0.06329166144132614,-0.45973597669746585
UBFC_PHYS_s14_T1_ctrl,39,75,41.5,-0.5998687744140625,-0.25268227537689525
UBFC_PHYS_s14_T1_ctrl,39,76,41.53333333333333,-1.0472792387008667,0.0222421259328404
UBFC_PHYS_s14_T1_ctrl,39,77,41.56666666666667,-1.2106294631958008,0.299094941858951
UBFC_PHYS_s14_T1_ctrl,39,78,41.6,-1.2198671102523804,0.5146629685248949
UBFC_PHYS_s14_T1_ctrl,39,79,41.63333333333333,-1.4068186283111572,0.628573179902815
UBFC_PHYS_s14_T1_ctrl,39,80,41.666666666666664,-1.8931515216827393,0.6313654431085008
UBFC_PHYS_s14_T1_ctrl,39,81,41.7,-2.5118260383605957,0.537667698411
UBFC_PHYS_s14_T1_ctrl,39,82,41.733333333333334,-2.9668407440185547,0.37081162748526647
UBFC_PHYS_s14_T1_ctrl,39,83,41.766666666666666,-2.9777402877807617,0.1500982382261023
UBFC_PHYS_s14_T1_ctrl,39,84,41.8,-2.5552546977996826,-0.11138280639724031
UBFC_PHYS_s14_T1_ctrl,39,85,41.833333333333336,-2.0283377170562744,-0.3987926513553542
UBFC_PHYS_s14_T1_ctrl,39,86,41.86666666666667,-1.6921181678771973,-0.6849406855972582
UBFC_PHYS_s14_T1_ctrl,39,87,41.9,-1.6489148139953613,-0.9261018447127354
UBFC_PHYS_s14_T1_ctrl,39,88,41.93333333333333,-1.8282057046890259,-1.0688927081000597
UBFC_PHYS_s14_T1_ctrl,39,89,41.96666666666667,-1.9802902936935425,-1.0662638049735118
UBFC_PHYS_s14_T1_ctrl,39,90,42.0,-1.8351340293884277,-0.896176564295496
UBFC_PHYS_s14_T1_ctrl,39,91,42.03333333333333,-1.393750548362732,-0.5749639895085514
UBFC_PHYS_s14_T1_ctrl,39,92,42.06666666666667,-0.9193591475486755,-0.15832325144343992
UBFC_PHYS_s14_T1_ctrl,39,93,42.1,-0.6074730157852173,0.27275886450622067
UBFC_PHYS_s14_T1_ctrl,39,94,42.13333333333333,-0.4624575078487396,0.6365273686724541
UBFC_PHYS_s14_T1_ctrl,39,95,42.166666666666664,-0.4222958981990814,0.8745713209304428
UBFC_PHYS_s14_T1_ctrl,39,96,42.2,-0.5069281458854675,0.9640843782307517
UBFC_PHYS_s14_T1_ctrl,39,97,42.233333333333334,-0.6991462707519531,0.9134684819465391
UBFC_PHYS_s14_T1_ctrl,39,98,42.266666666666666,-0.7920305132865906,0.747097560498926
UBFC_PHYS_s14_T1_ctrl,39,99,42.3,-0.6111906170845032,0.49154086786905915
UBFC_PHYS_s14_T1_ctrl,39,100,42.333333333333336,-0.2644376754760742,0.17230849035857984
UBFC_PHYS_s14_T1_ctrl,39,101,42.36666666666667,0.04432230442762375,-0.1792817733240433
UBFC_PHYS_s14_T1_ctrl,39,102,42.4,0.29379743337631226,-0.5175951168013249
UBFC_PHYS_s14_T1_ctrl,39,103,42.43333333333333,0.6066129803657532,-0.7824270315579487
UBFC_PHYS_s14_T1_ctrl,39,104,42.46666666666667,1.0120030641555786,-0.9111469799445002
UBFC_PHYS_s14_T1_ctrl,39,105,42.5,1.431306004524231,-0.8592867039481213
UBFC_PHYS_s14_T1_ctrl,39,106,42.53333333333333,1.8308098316192627,-0.6206103779232914
UBFC_PHYS_s14_T1_ctrl,39,107,42.56666666666667,2.156890630722046,-0.23690548126476021
UBFC_PHYS_s14_T1_ctrl,39,108,42.6,2.304694175720215,0.2094306448943508
UBFC_PHYS_s14_T1_ctrl,39,109,42.63333333333333,2.239297866821289,0.6197527704482289
UBFC_PHYS_s14_T1_ctrl,39,110,42.666666666666664,1.912062406539917,0.9104806761958832
UBFC_PHYS_s14_T1_ctrl,39,111,42.7,1.2385809421539307,1.0362797039038623
UBFC_PHYS_s14_T1_ctrl,39,112,42.733333333333334,0.3622073531150818,0.9948474295087438
UBFC_PHYS_s14_T1_ctrl,39,113,42.766666666666666,-0.3315802216529846,0.8141737777427026
UBFC_PHYS_s14_T1_ctrl,39,114,42.8,-0.5687759518623352,0.5327923961209297
UBFC_PHYS_s14_T1_ctrl,39,115,42.833333333333336,-0.34062081575393677,0.185927938905176
UBFC_PHYS_s14_T1_ctrl,39,116,42.86666666666667,0.186746746301651,-0.1955366631083394
UBFC_PHYS_s14_T1_ctrl,39,117,42.9,0.7361947298049927,-0.5761244719108597
UBFC_PHYS_s14_T1_ctrl,39,118,42.93333333333333,1.0536291599273682,-0.9067525781366192
UBFC_PHYS_s14_T1_ctrl,39,119,42.96666666666667,1.0568398237228394,-1.125686982463969
UBFC_PHYS_s14_T1_ctrl,39,120,43.0,0.8588763475418091,-1.1729004481796417
UBFC_PHYS_s14_T1_ctrl,39,121,43.03333333333333,0.6190614104270935,-1.0127153390671615
UBFC_PHYS_s14_T1_ctrl,39,122,43.06666666666667,0.42157667875289917,-0.6543686602157688
UBFC_PHYS_s14_T1_ctrl,39,123,43.1,0.3382399380207062,-0.15964760592767782
UBFC_PHYS_s14_T1_ctrl,39,124,43.13333333333333,0.39501821994781494,0.3692941542994219
UBFC_PHYS_s14_T1_ctrl,39,125,43.166666666666664,0.4412068724632263,0.8200257294638905
UBFC_PHYS_s14_T1_ctrl,39,126,43.2,0.2633804976940155,1.105037063862242
UBFC_PHYS_s14_T1_ctrl,39,127,43.233333333333334,-0.18814188241958618,1.1849075338765265
UBFC_PHYS_s14_T1_ctrl,39,128,43.266666666666666,-0.753023624420166,1.0697990288168797
UBFC_PHYS_s14_T1_ctrl,39,129,43.3,-1.1325030326843262,0.8027574999818917
UBFC_PHYS_s14_T1_ctrl,39,130,43.333333333333336,-1.1235750913619995,0.43724426944440437
UBFC_PHYS_s14_T1_ctrl,39,131,43.36666666666667,-0.7901154160499573,0.02174968449410033
UBFC_PHYS_s14_T1_ctrl,39,132,43.4,-0.36472904682159424,-0.40250027433954677
UBFC_PHYS_s14_T1_ctrl,39,133,43.43333333333333,-0.09582087397575378,-0.7940495915492679
UBFC_PHYS_s14_T1_ctrl,39,134,43.46666666666667,-0.17515835165977478,-1.1034709576277848
UBFC_PHYS_s14_T1_ctrl,39,135,43.5,-0.5715641379356384,-1.274694153013028
UBFC_PHYS_s14_T1_ctrl,39,136,43.53333333333333,-0.9456360340118408,-1.2583830542161758
UBFC_PHYS_s14_T1_ctrl,39,137,43.56666666666667,-0.9955141544342041,-1.0322479080240332
UBFC_PHYS_s14_T1_ctrl,39,138,43.6,-0.803831160068512,-0.6182147789671337
UBFC_PHYS_s14_T1_ctrl,39,139,43.63333333333333,-0.6806144714355469,-0.08637013417930084
UBFC_PHYS_s14_T1_ctrl,39,140,43.666666666666664,-0.7853275537490845,0.4596583601387778
UBFC_PHYS_s14_T1_ctrl,39,141,43.7,-0.8532586693763733,0.9124655417270806
UBFC_PHYS_s14_T1_ctrl,39,142,43.733333333333334,-0.2860393226146698,1.1930075446755029
UBFC_PHYS_s14_T1_ctrl,39,143,43.766666666666666,0.9911336302757263,1.2697013341063088
UBFC_PHYS_s14_T1_ctrl,39,144,43.8,1.9933432340621948,1.1568885196069214
UBFC_PHYS_s14_T1_ctrl,39,145,43.833333333333336,2.0648512840270996,0.8972758428437893
UBFC_PHYS_s14_T1_ctrl,39,146,43.86666666666667,1.7408263683319092,0.5406888795307453
UBFC_PHYS_s14_T1_ctrl,39,147,43.9,1.5936986207962036,0.13105717714661275
UBFC_PHYS_s14_T1_ctrl,39,148,43.93333333333333,1.463722586631775,-0.29353297990549426
UBFC_PHYS_s14_T1_ctrl,39,149,43.96666666666667,1.1102948188781738,-0.6919223683770183
UBFC_PHYS_s14_T1_ctrl,39,150,44.0,0.5411884188652039,-1.0120312604581643
UBFC_PHYS_s14_T1_ctrl,39,151,44.03333333333333,-0.24123068153858185,-1.1933265717730837
UBFC_PHYS_s14_T1_ctrl,39,152,44.06666666666667,-1.0792170763015747,-1.1822089424019193
UBFC_PHYS_s14_T1_ctrl,39,153,44.1,-1.6069225072860718,-0.9545552068669704
UBFC_PHYS_s14_T1_ctrl,39,154,44.13333333333333,-1.6672494411468506,-0.5344011470099757
UBFC_PHYS_s14_T1_ctrl,39,155,44.166666666666664,-1.5892637968063354,0.0021992193977727875
UBFC_PHYS_s14_T1_ctrl,39,156,44.2,-1.874675989151001,0.5437042156881633
UBFC_PHYS_s14_T1_ctrl,39,157,44.233333333333334,-2.612793445587158,0.975860310520433
UBFC_PHYS_s14_T1_ctrl,39,158,44.266666666666666,-3.3420393466949463,1.2165834594838951
UBFC_PHYS_s14_T1_ctrl,39,159,44.3,-3.609623670578003,1.236354257531363
UBFC_PHYS_s14_T1_ctrl,39,160,44.333333333333336,-3.4123079776763916,1.0563201677549046
UBFC_PHYS_s14_T1_ctrl,39,161,44.36666666666667,-2.868154764175415,0.7292958474241111
UBFC_PHYS_s14_T1_ctrl,39,162,44.4,-2.030731678009033,0.31649724258694384
UBFC_PHYS_s14_T1_ctrl,39,163,44.43333333333333,-1.0159610509872437,-0.12791981831577265
UBFC_PHYS_s14_T1_ctrl,39,164,44.46666666666667,0.18291646242141724,-0.5593645313315598
UBFC_PHYS_s14_T1_ctrl,39,165,44.5,1.6611227989196777,-0.935800635119502
UBFC_PHYS_s14_T1_ctrl,39,166,44.53333333333333,2.9969046115875244,-1.2102862956898313
UBFC_PHYS_s14_T1_ctrl,39,167,44.56666666666667,3.531679391860962,-1.3319281406026382
UBFC_PHYS_s14_T1_ctrl,39,168,44.6,3.307016611099243,-1.2583366521779427
UBFC_PHYS_s14_T1_ctrl,39,169,44.63333333333333,2.8488757610321045,-0.974996213861478
UBFC_PHYS_s14_T1_ctrl,39,170,44.666666666666664,2.3902840614318848,-0.5117705253057389
UBFC_PHYS_s14_T1_ctrl,39,171,44.7,1.9254120588302612,0.053755875191442176
UBFC_PHYS_s14_T1_ctrl,39,172,44.733333333333334,1.5779268741607666,0.6118360468971609
UBFC_PHYS_s14_T1_ctrl,39,173,44.766666666666666,1.4108027219772339,1.051655391518182
UBFC_PHYS_s14_T1_ctrl,39,174,44.8,1.1986165046691895,1.2946941782639232
UBFC_PHYS_s14_T1_ctrl,39,175,44.833333333333336,0.8011404871940613,1.3143258575755707
UBFC_PHYS_s14_T1_ctrl,39,176,44.86666666666667,0.4773692190647125,1.1339746956331584
UBFC_PHYS_s14_T1_ctrl,39,177,44.9,0.5686481595039368,0.8087586265403027
UBFC_PHYS_s14_T1_ctrl,39,178,44.93333333333333,1.0512351989746094,0.4028967247104136
UBFC_PHYS_s14_T1_ctrl,39,179,44.96666666666667,1.653067946434021,-0.025712675589595717
UBFC_PHYS_s14_T1_ctrl,39,180,45.0,2.2234134674072266,-0.4290893908065366
UBFC_PHYS_s14_T1_ctrl,39,181,45.03333333333333,2.6704297065734863,-0.7643589694622649
UBFC_PHYS_s14_T1_ctrl,39,182,45.06666666666667,2.770101547241211,-0.9887917958949449
UBFC_PHYS_s14_T1_ctrl,39,183,45.1,2.3853836059570312,-1.0621327943153192
UBFC_PHYS_s14_T1_ctrl,39,184,45.13333333333333,1.6858787536621094,-0.9578917170681627
UBFC_PHYS_s14_T1_ctrl,39,185,45.166666666666664,0.9995546340942383,-0.6784564633198
UBFC_PHYS_s14_T1_ctrl,39,186,45.2,0.6321012377738953,-0.265224789242326
UBFC_PHYS_s14_T1_ctrl,39,187,45.233333333333334,0.7685267925262451,0.20407424438724522
UBFC_PHYS_s14_T1_ctrl,39,188,45.266666666666666,1.2759543657302856,0.6335556215271521
UBFC_PHYS_s14_T1_ctrl,39,189,45.3,1.6964402198791504,0.9374580914008636
UBFC_PHYS_s14_T1_ctrl,39,190,45.333333333333336,1.7092829942703247,1.0657082174778623
UBFC_PHYS_s14_T1_ctrl,39,191,45.36666666666667,1.3501378297805786,1.0137877918993208
UBFC_PHYS_s14_T1_ctrl,39,192,45.4,0.8562571406364441,0.8134309367033887
UBFC_PHYS_s14_T1_ctrl,39,193,45.43333333333333,0.5569038391113281,0.5122225320839565
UBFC_PHYS_s14_T1_ctrl,39,194,45.46666666666667,0.7241406440734863,0.1547890008771976
UBFC_PHYS_s14_T1_ctrl,39,195,45.5,1.3045687675476074,-0.22515480175386843
UBFC_PHYS_s14_T1_ctrl,39,196,45.53333333333333,1.9197511672973633,-0.6002342420869972
UBFC_PHYS_s14_T1_ctrl,39,197,45.56666666666667,2.260505199432373,-0.9381435045515532
UBFC_PHYS_s14_T1_ctrl,39,198,45.6,2.280952215194702,-1.193428897045376
UBFC_PHYS_s14_T1_ctrl,39,199,45.63333333333333,2.05997896194458,-1.3105750352145162
UBFC_PHYS_s14_T1_ctrl,39,200,45.666666666666664,1.7128033638000488,-1.2403035277649048
UBFC_PHYS_s14_T1_ctrl,39,201,45.7,1.3534893989562988,-0.9630900803206555
UBFC_PHYS_s14_T1_ctrl,39,202,45.733333333333334,1.0022584199905396,-0.5084687355208339
UBFC_PHYS_s14_T1_ctrl,39,203,45.766666666666666,0.6124992370605469,0.0416171440972899
UBFC_PHYS_s14_T1_ctrl,39,204,45.8,0.21614977717399597,0.5714233725997181
UBFC_PHYS_s14_T1_ctrl,39,205,45.833333333333336,-0.12742067873477936,0.967065383410551
UBFC_PHYS_s14_T1_ctrl,39,206,45.86666666666667,-0.49831005930900574,1.1530771593476554
UBFC_PHYS_s14_T1_ctrl,39,207,45.9,-1.0442938804626465,1.111620009142522
UBFC_PHYS_s14_T1_ctrl,39,208,45.93333333333333,-1.7243093252182007,0.8772407815760589
UBFC_PHYS_s14_T1_ctrl,39,209,45.96666666666667,-2.246185064315796,0.5149841095718197
UBFC_PHYS_s14_T1_ctrl,39,210,46.0,-2.3239171504974365,0.09652859488154196
UBFC_PHYS_s14_T1_ctrl,39,211,46.03333333333333,-1.932580828666687,-0.3141925547795025
UBFC_PHYS_s14_T1_ctrl,39,212,46.06666666666667,-1.3344093561172485,-0.663110070325137
UBFC_PHYS_s14_T1_ctrl,39,213,46.1,-0.8060279488563538,-0.9015626529690819
UBFC_PHYS_s14_T1_ctrl,39,214,46.13333333333333,-0.505294680595398,-0.9846344669144417
UBFC_PHYS_s14_T1_ctrl,39,215,46.166666666666664,-0.458486407995224,-0.8787686549263821
UBFC_PHYS_s14_T1_ctrl,39,216,46.2,-0.5694518685340881,-0.5774328851724168
UBFC_PHYS_s14_T1_ctrl,39,217,46.233333333333334,-0.6489019989967346,-0.11596483049988243
UBFC_PHYS_s14_T1_ctrl,39,218,46.266666666666666,-0.5612843632698059,0.42577476714542156
UBFC_PHYS_s14_T1_ctrl,39,219,46.3,-0.3783321678638458,0.9394160188280072
UBFC_PHYS_s14_T1_ctrl,39,220,46.333333333333336,-0.24711692333221436,1.3189630345900953
UBFC_PHYS_s14_T1_ctrl,39,221,46.36666666666667,-0.1967036873102188,1.4933807695012908
UBFC_PHYS_s14_T1_ctrl,39,222,46.4,-0.213911771774292,1.445527132975347
UBFC_PHYS_s14_T1_ctrl,39,223,46.43333333333333,-0.3440849483013153,1.2089410145930521
UBFC_PHYS_s14_T1_ctrl,39,224,46.46666666666667,-0.5944049954414368,0.8463503348755012
UBFC_PHYS_s14_T1_ctrl,39,225,46.5,-0.8313754200935364,0.42336737486511106
UBFC_PHYS_s14_T1_ctrl,39,226,46.53333333333333,-0.8290941119194031,-0.008722753392585957
UBFC_PHYS_s14_T1_ctrl,39,227,46.56666666666667,-0.4868755340576172,-0.4146822469437053
UBFC_PHYS_s14_T1_ctrl,39,228,46.6,0.06516353040933609,-0.7650191031308688
UBFC_PHYS_s14_T1_ctrl,39,229,46.63333333333333,0.5630717277526855,-1.024105066897665
UBFC_PHYS_s14_T1_ctrl,39,230,46.666666666666664,0.8160673379898071,-1.1479428948102162
UBFC_PHYS_s14_T1_ctrl,39,231,46.7,0.7967751026153564,-1.0970122645009621
UBFC_PHYS_s14_T1_ctrl,39,232,46.733333333333334,0.593009889125824,-0.8599062860290277
UBFC_PHYS_s14_T1_ctrl,39,233,46.766666666666666,0.3578701317310333,-0.47488274445638895
UBFC_PHYS_s14_T1_ctrl,39,234,46.8,0.2168257087469101,-0.034161783540789775
UBFC_PHYS_s14_T1_ctrl,39,235,46.833333333333336,0.14661329984664917,0.3373654714099425
UBFC_PHYS_s14_T1_ctrl,39,236,46.86666666666667,0.060882631689310074,0.5236650069544946
UBFC_PHYS_s14_T1_ctrl,39,237,46.9,-0.06951586157083511,0.4618675805414541
UBFC_PHYS_s14_T1_ctrl,39,238,46.93333333333333,-0.25232723355293274,0.16931813125731024
UBFC_PHYS_s14_T1_ctrl,39,239,46.96666666666667,-0.5272061228752136,-0.2588773033835292
UBFC_PHYS_s14_T1_ctrl,40,0,40.0,0.32446783781051636,-0.012319396511531116
UBFC_PHYS_s14_T1_ctrl,40,1,40.03333333333333,0.25312888622283936,0.11962085048527277
UBFC_PHYS_s14_T1_ctrl,40,2,40.06666666666667,0.2505941390991211,0.1992981449266798
UBFC_PHYS_s14_T1_ctrl,40,3,40.1,-0.2484687864780426,0.1857612905923373
UBFC_PHYS_s14_T1_ctrl,40,4,40.13333333333333,-1.5595510005950928,0.06052032368152619
UBFC_PHYS_s14_T1_ctrl,40,5,40.166666666666664,-2.784254789352417,-0.1659660577616843
UBFC_PHYS_s14_T1_ctrl,40,6,40.2,-2.658418893814087,-0.453222882108704
UBFC_PHYS_s14_T1_ctrl,40,7,40.233333333333334,-1.3110052347183228,-0.7364882446537763
UBFC_PHYS_s14_T1_ctrl,40,8,40.266666666666666,0.12115320563316345,-0.9398354693176627
UBFC_PHYS_s14_T1_ctrl,40,9,40.3,1.1376136541366577,-0.9954128663586659
UBFC_PHYS_s14_T1_ctrl,40,10,40.333333333333336,1.8323588371276855,-0.864501906476805
UBFC_PHYS_s14_T1_ctrl,40,11,40.36666666666667,2.2043466567993164,-0.5534433799484139
UBFC_PHYS_s14_T1_ctrl,40,12,40.4,2.38639760017395,-0.11722514056032565
UBFC_PHYS_s14_T1_ctrl,40,13,40.43333333333333,2.6489970684051514,0.3532331007470763
UBFC_PHYS_s14_T1_ctrl,40,14,40.46666666666667,2.9252560138702393,0.7577709794673053
UBFC_PHYS_s14_T1_ctrl,40,15,40.5,2.907371997833252,1.018189255132548
UBFC_PHYS_s14_T1_ctrl,40,16,40.53333333333333,2.5941619873046875,1.1003504300767843
UBFC_PHYS_s14_T1_ctrl,40,17,40.56666666666667,2.2581677436828613,1.0169766019921365
UBFC_PHYS_s14_T1_ctrl,40,18,40.6,1.9302281141281128,0.8119092215356561
UBFC_PHYS_s14_T1_ctrl,40,19,40.63333333333333,1.5838130712509155,0.5368386810268443
UBFC_PHYS_s14_T1_ctrl,40,20,40.666666666666664,1.4707353115081787,0.23318417798207472
UBFC_PHYS_s14_T1_ctrl,40,21,40.7,1.742150068283081,-0.07395244727858594
UBFC_PHYS_s14_T1_ctrl,40,22,40.733333333333334,2.1105329990386963,-0.37041593571785736
UBFC_PHYS_s14_T1_ctrl,40,23,40.766666666666666,2.164860963821411,-0.64227015184394
UBFC_PHYS_s14_T1_ctrl,40,24,40.8,1.6563067436218262,-0.8672657440516517
UBFC_PHYS_s14_T1_ctrl,40,25,40.833333333333336,0.5934323072433472,-1.0138544944083563
UBFC_PHYS_s14_T1_ctrl,40,26,40.86666666666667,-0.6462545990943909,-1.0487881896601483
UBFC_PHYS_s14_T1_ctrl,40,27,40.9,-1.5542843341827393,-0.9499469868233553
UBFC_PHYS_s14_T1_ctrl,40,28,40.93333333333333,-2.01287579536438,-0.7183559088093069
UBFC_PHYS_s14_T1_ctrl,40,29,40.96666666666667,-2.264209747314453,-0.3833440479861323
UBFC_PHYS_s14_T1_ctrl,40,30,41.0,-2.4510767459869385,0.0024497003163273783
UBFC_PHYS_s14_T1_ctrl,40,31,41.03333333333333,-2.499546766281128,0.37677175380846195
UBFC_PHYS_s14_T1_ctrl,40,32,41.06666666666667,-2.4277007579803467,0.6840057607393715
UBFC_PHYS_s14_T1_ctrl,40,33,41.1,-2.403001070022583,0.8865716169679126
UBFC_PHYS_s14_T1_ctrl,40,34,41.13333333333333,-2.499208688735962,0.9676987520315141
UBFC_PHYS_s14_T1_ctrl,40,35,41.166666666666664,-2.606541156768799,0.9273423218898649
UBFC_PHYS_s14_T1_ctrl,40,36,41.2,-2.518078565597534,0.7763251897972072
UBFC_PHYS_s14_T1_ctrl,40,37,41.233333333333334,-2.034956216812134,0.5333360776564483
UBFC_PHYS_s14_T1_ctrl,40,38,41.266666666666666,-1.1744107007980347,0.22609346099428462
UBFC_PHYS_s14_T1_ctrl,40,39,41.3,-0.2838706970214844,-0.10590485567889671
UBFC_PHYS_s14_T1_ctrl,40,40,41.333333333333336,0.3112308382987976,-0.4116537586397029
UBFC_PHYS_s14_T1_ctrl,40,41,41.36666666666667,0.5689861178398132,-0.6354176325148879
UBFC_PHYS_s14_T1_ctrl,40,42,41.4,0.5697465538978577,-0.729731600091284
UBFC_PHYS_s14_T1_ctrl,40,43,41.43333333333333,0.35133612155914307,-0.6703038298277878
UBFC_PHYS_s14_T1_ctrl,40,44,41.46666666666667,-0.06329166144132614,-0.46657332337791985
UBFC_PHYS_s14_T1_ctrl,40,45,41.5,-0.5998687744140625,-0.1625123285658999
UBFC_PHYS_s14_T1_ctrl,40,46,41.53333333333333,-1.0472792387008667,0.1744748749783197
UBFC_PHYS_s14_T1_ctrl,40,47,41.56666666666667,-1.2106294631958008,0.47331285508703286
UBFC_PHYS_s14_T1_ctrl,40,48,41.6,-1.2198671102523804,0.6789828522636925
UBFC_PHYS_s14_T1_ctrl,40,49,41.63333333333333,-1.4068186283111572,0.7629606279279727
UBFC_PHYS_s14_T1_ctrl,40,50,41.666666666666664,-1.8931515216827393,0.721503656572384
UBFC_PHYS_s14_T1_ctrl,40,51,41.7,-2.5118260383605957,0.5667345474616368
UBFC_PHYS_s14_T1_ctrl,40,52,41.733333333333334,-2.9668407440185547,0.3182076744700564
UBFC_PHYS_s14_T1_ctrl,40,53,41.766666666666666,-2.9777402877807617,-6.272417204266148e-05
UBFC_PHYS_s14_T1_ctrl,40,54,41.8,-2.5552546977996826,-0.35704556919703034
UBFC_PHYS_s14_T1_ctrl,40,55,41.833333333333336,-2.0283377170562744,-0.7105755214220364
UBFC_PHYS_s14_T1_ctrl,40,56,41.86666666666667,-1.6921181678771973,-1.0069051894792385
UBFC_PHYS_s14_T1_ctrl,40,57,41.9,-1.6489148139953613,-1.187396101483697
UBFC_PHYS_s14_T1_ctrl,40,58,41.93333333333333,-1.8282057046890259,-1.202139057754497
UBFC_PHYS_s14_T1_ctrl,40,59,41.96666666666667,-1.9802902936935425,-1.0264748806016857
UBFC_PHYS_s14_T1_ctrl,40,60,42.0,-1.8351340293884277,-0.6740504539295439
UBFC_PHYS_s14_T1_ctrl,40,61,42.03333333333333,-1.393750548362732,-0.199932754939303
UBFC_PHYS_s14_T1_ctrl,40,62,42.06666666666667,-0.9193591475486755,0.3101499365330878
UBFC_PHYS_s14_T1_ctrl,40,63,42.1,-0.6074730157852173,0.7625560774221343
UBFC_PHYS_s14_T1_ctrl,40,64,42.13333333333333,-0.4624575078487396,1.0813675620389633
UBFC_PHYS_s14_T1_ctrl,40,65,42.166666666666664,-0.4222958981990814,1.2252254623101166
UBFC_PHYS_s14_T1_ctrl,40,66,42.2,-0.5069281458854675,1.1892996279435029
UBFC_PHYS_s14_T1_ctrl,40,67,42.233333333333334,-0.6991462707519531,0.9954693431870547
UBFC_PHYS_s14_T1_ctrl,40,68,42.266666666666666,-0.7920305132865906,0.6793589909281312
UBFC_PHYS_s14_T1_ctrl,40,69,42.3,-0.6111906170845032,0.2821331230220735
UBFC_PHYS_s14_T1_ctrl,40,70,42.333333333333336,-0.2644376754760742,-0.15051622160869235
UBFC_PHYS_s14_T1_ctrl,40,71,42.36666666666667,0.04432230442762375,-0.5657336209278839
UBFC_PHYS_s14_T1_ctrl,40,72,42.4,0.29379743337631226,-0.9033411573016111
UBFC_PHYS_s14_T1_ctrl,40,73,42.43333333333333,0.6066129803657532,-1.1026376163275677
UBFC_PHYS_s14_T1_ctrl,40,74,42.46666666666667,1.0120030641555786,-1.116302935780393
UBFC_PHYS_s14_T1_ctrl,40,75,42.5,1.431306004524231,-0.9269324285152569
UBFC_PHYS_s14_T1_ctrl,40,76,42.53333333333333,1.8308098316192627,-0.5590144107879651
UBFC_PHYS_s14_T1_ctrl,40,77,42.56666666666667,2.156890630722046,-0.07942469381120146
UBFC_PHYS_s14_T1_ctrl,40,78,42.6,2.304694175720215,0.4169553938738807
UBFC_PHYS_s14_T1_ctrl,40,79,42.63333333333333,2.239297866821289,0.8330940492687712
UBFC_PHYS_s14_T1_ctrl,40,80,42.666666666666664,1.912062406539917,1.0963192706839013
UBFC_PHYS_s14_T1_ctrl,40,81,42.7,1.2385809421539307,1.1731922798553394
UBFC_PHYS_s14_T1_ctrl,40,82,42.733333333333334,0.3622073531150818,1.0680322416493746
UBFC_PHYS_s14_T1_ctrl,40,83,42.766666666666666,-0.3315802216529846,0.8104907313148366
UBFC_PHYS_s14_T1_ctrl,40,84,42.8,-0.5687759518623352,0.44199265280794775
UBFC_PHYS_s14_T1_ctrl,40,85,42.833333333333336,-0.34062081575393677,0.008222380817283655
UBFC_PHYS_s14_T1_ctrl,40,86,42.86666666666667,0.186746746301651,-0.44138423071984223
UBFC_PHYS_s14_T1_ctrl,40,87,42.9,0.7361947298049927,-0.8514764768406569
UBFC_PHYS_s14_T1_ctrl,40,88,42.93333333333333,1.0536291599273682,-1.161662294644743
UBFC_PHYS_s14_T1_ctrl,40,89,42.96666666666667,1.0568398237228394,-1.3139083105138565
UBFC_PHYS_s14_T1_ctrl,40,90,43.0,0.8588763475418091,-1.2661569530546843
UBFC_PHYS_s14_T1_ctrl,40,91,43.03333333333333,0.6190614104270935,-1.00802137072038
UBFC_PHYS_s14_T1_ctrl,40,92,43.06666666666667,0.42157667875289917,-0.5718034601311481
UBFC_PHYS_s14_T1_ctrl,40,93,43.1,0.3382399380207062,-0.03193595053898873
UBFC_PHYS_s14_T1_ctrl,40,94,43.13333333333333,0.39501821994781494,0.5107110555984543
UBFC_PHYS_s14_T1_ctrl,40,95,43.166666666666664,0.4412068724632263,0.9560401369882895
UBFC_PHYS_s14_T1_ctrl,40,96,43.2,0.2633804976940155,1.231770207800354
UBFC_PHYS_s14_T1_ctrl,40,97,43.233333333333334,-0.18814188241958618,1.3072506965280146
UBFC_PHYS_s14_T1_ctrl,40,98,43.266666666666666,-0.753023624420166,1.189811717289153
UBFC_PHYS_s14_T1_ctrl,40,99,43.3,-1.1325030326843262,0.9106704707549688
UBFC_PHYS_s14_T1_ctrl,40,100,43.333333333333336,-1.1235750913619995,0.5115511361145949
UBFC_PHYS_s14_T1_ctrl,40,101,43.36666666666667,-0.7901154160499573,0.03909605597070889
UBFC_PHYS_s14_T1_ctrl,40,102,43.4,-0.36472904682159424,-0.4534775490684216
UBFC_PHYS_s14_T1_ctrl,40,103,43.43333333333333,-0.09582087397575378,-0.9035823718931244
UBFC_PHYS_s14_T1_ctrl,40,104,43.46666666666667,-0.17515835165977478,-1.2416984636327417
UBFC_PHYS_s14_T1_ctrl,40,105,43.5,-0.5715641379356384,-1.4017791177763699
UBFC_PHYS_s14_T1_ctrl,40,106,43.53333333333333,-0.9456360340118408,-1.3379562001026057
UBFC_PHYS_s14_T1_ctrl,40,107,43.56666666666667,-0.9955141544342041,-1.042173054369003
UBFC_PHYS_s14_T1_ctrl,40,108,43.6,-0.803831160068512,-0.5551322176677248
UBFC_PHYS_s14_T1_ctrl,40,109,43.63333333333333,-0.6806144714355469,0.03654368175357476
UBFC_PHYS_s14_T1_ctrl,40,110,43.666666666666664,-0.7853275537490845,0.6197397579712816
UBFC_PHYS_s14_T1_ctrl,40,111,43.7,-0.8532586693763733,1.0857651151057537
UBFC_PHYS_s14_T1_ctrl,40,112,43.733333333333334,-0.2860393226146698,1.3596392265458357
UBFC_PHYS_s14_T1_ctrl,40,113,43.766666666666666,0.9911336302757263,1.413993754859782
UBFC_PHYS_s14_T1_ctrl,40,114,43.8,1.9933432340621948,1.2636365231213293
UBFC_PHYS_s14_T1_ctrl,40,115,43.833333333333336,2.0648512840270996,0.9487567970810553
UBFC_PHYS_s14_T1_ctrl,40,116,43.86666666666667,1.7408263683319092,0.5189858907876441
UBFC_PHYS_s14_T1_ctrl,40,117,43.9,1.5936986207962036,0.026120749649652268
UBFC_PHYS_s14_T1_ctrl,40,118,43.93333333333333,1.463722586631775,-0.4747563149492323
UBFC_PHYS_s14_T1_ctrl,40,119,43.96666666666667,1.1102948188781738,-0.9220409321336323
UBFC_PHYS_s14_T1_ctrl,40,120,44.0,0.5411884188652039,-1.2491507830275865
UBFC_PHYS_s14_T1_ctrl,40,121,44.03333333333333,-0.24123068153858185,-1.3941350398862336
UBFC_PHYS_s14_T1_ctrl,40,122,44.06666666666667,-1.0792170763015747,-1.3158455130698545
UBFC_PHYS_s14_T1_ctrl,40,123,44.1,-1.6069225072860718,-1.0110153470178824
UBFC_PHYS_s14_T1_ctrl,40,124,44.13333333333333,-1.6672494411468506,-0.5242640030882216
UBFC_PHYS_s14_T1_ctrl,40,125,44.166666666666664,-1.5892637968063354,0.05602306910265885
UBFC_PHYS_s14_T1_ctrl,40,126,44.2,-1.874675989151001,0.6180575911508919
UBFC_PHYS_s14_T1_ctrl,40,127,44.233333333333334,-2.612793445587158,1.0573145138075948
UBFC_PHYS_s14_T1_ctrl,40,128,44.266666666666666,-3.3420393466949463,1.304227189306824
UBFC_PHYS_s14_T1_ctrl,40,129,44.3,-3.609623670578003,1.3359342623444888
UBFC_PHYS_s14_T1_ctrl,40,130,44.333333333333336,-3.4123079776763916,1.1692754773901917
UBFC_PHYS_s14_T1_ctrl,40,131,44.36666666666667,-2.868154764175415,0.8437760688503769
UBFC_PHYS_s14_T1_ctrl,40,132,44.4,-2.030731678009033,0.40676736491949933
UBFC_PHYS_s14_T1_ctrl,40,133,44.43333333333333,-1.0159610509872437,-0.09229453572614338
UBFC_PHYS_s14_T1_ctrl,40,134,44.46666666666667,0.18291646242141724,-0.5994212992546921
UBFC_PHYS_s14_T1_ctrl,40,135,44.5,1.6611227989196777,-1.052289128708043
UBFC_PHYS_s14_T1_ctrl,40,136,44.53333333333333,2.9969046115875244,-1.3818134880641881
UBFC_PHYS_s14_T1_ctrl,40,137,44.56666666666667,3.531679391860962,-1.5221235578780081
UBFC_PHYS_s14_T1_ctrl,40,138,44.6,3.307016611099243,-1.4275302647494257
UBFC_PHYS_s14_T1_ctrl,40,139,44.63333333333333,2.8488757610321045,-1.0911552085825564
UBFC_PHYS_s14_T1_ctrl,40,140,44.666666666666664,2.3902840614318848,-0.5570938581374695
UBFC_PHYS_s14_T1_ctrl,40,141,44.7,1.9254120588302612,0.08192905495978144
UBFC_PHYS_s14_T1_ctrl,40,142,44.733333333333334,1.5779268741607666,0.7049473581595489
UBFC_PHYS_s14_T1_ctrl,40,143,44.766666666666666,1.4108027219772339,1.1959950906119983
UBFC_PHYS_s14_T1_ctrl,40,144,44.8,1.1986165046691895,1.4760543546812612
UBFC_PHYS_s14_T1_ctrl,40,145,44.833333333333336,0.8011404871940613,1.5186123861399359
UBFC_PHYS_s14_T1_ctrl,40,146,44.86666666666667,0.4773692190647125,1.344148736648291
UBFC_PHYS_s14_T1_ctrl,40,147,44.9,0.5686481595039368,1.001686020153003
UBFC_PHYS_s14_T1_ctrl,40,148,44.93333333333333,1.0512351989746094,0.5501943878879151
UBFC_PHYS_s14_T1_ctrl,40,149,44.96666666666667,1.653067946434021,0.048330092219317555
UBFC_PHYS_s14_T1_ctrl,40,150,45.0,2.2234134674072266,-0.44694114363151743
UBFC_PHYS_s14_T1_ctrl,40,151,45.03333333333333,2.6704297065734863,-0.8781955455327454
UBFC_PHYS_s14_T1_ctrl,40,152,45.06666666666667,2.770101547241211,-1.1880908129082342
UBFC_PHYS_s14_T1_ctrl,40,153,45.1,2.3853836059570312,-1.3258862587508375
UBFC_PHYS_s14_T1_ctrl,40,154,45.13333333333333,1.6858787536621094,-1.2594007997474788
UBFC_PHYS_s14_T1_ctrl,40,155,45.166666666666664,0.9995546340942383,-0.9883901713340908
UBFC_PHYS_s14_T1_ctrl,40,156,45.2,0.6321012377738953,-0.5529239767676429
UBFC_PHYS_s14_T1_ctrl,40,157,45.233333333333334,0.7685267925262451,-0.030456565886674367
UBFC_PHYS_s14_T1_ctrl,40,158,45.266666666666666,1.2759543657302856,0.4809708665096362
UBFC_PHYS_s14_T1_ctrl,40,159,45.3,1.6964402198791504,0.8889580078849341
UBFC_PHYS_s14_T1_ctrl,40,160,45.333333333333336,1.7092829942703247,1.1310420011047837
UBFC_PHYS_s14_T1_ctrl,40,161,45.36666666666667,1.3501378297805786,1.1854137216394847
UBFC_PHYS_s14_T1_ctrl,40,162,45.4,0.8562571406364441,1.0651787522456606
UBFC_PHYS_s14_T1_ctrl,40,163,45.43333333333333,0.5569038391113281,0.8035327621551545
UBFC_PHYS_s14_T1_ctrl,40,164,45.46666666666667,0.7241406440734863,0.4403632558531633
UBFC_PHYS_s14_T1_ctrl,40,165,45.5,1.3045687675476074,0.01666675236088455
UBFC_PHYS_s14_T1_ctrl,40,166,45.53333333333333,1.9197511672973633,-0.4234939783107854
UBFC_PHYS_s14_T1_ctrl,40,167,45.56666666666667,2.260505199432373,-0.8286823898746559
UBFC_PHYS_s14_T1_ctrl,40,168,45.6,2.280952215194702,-1.1395839555202933
UBFC_PHYS_s14_T1_ctrl,40,169,45.63333333333333,2.05997896194458,-1.2960925981751437
UBFC_PHYS_s14_T1_ctrl,40,170,45.666666666666664,1.7128033638000488,-1.251907867546517
UBFC_PHYS_s14_T1_ctrl,40,171,45.7,1.3534893989562988,-0.9923483196471836
UBFC_PHYS_s14_T1_ctrl,40,172,45.733333333333334,1.0022584199905396,-0.5477277132233991
UBFC_PHYS_s14_T1_ctrl,40,173,45.766666666666666,0.6124992370605469,0.005877675304781144
UBFC_PHYS_s14_T1_ctrl,40,174,45.8,0.21614977717399597,0.5627434110543832
UBFC_PHYS_s14_T1_ctrl,40,175,45.833333333333336,-0.12742067873477936,1.0165834001145548
UBFC_PHYS_s14_T1_ctrl,40,176,45.86666666666667,-0.49831005930900574,1.2899978362188456
UBFC_PHYS_s14_T1_ctrl,40,177,45.9,-1.0442938804626465,1.3503015545469297
UBFC_PHYS_s14_T1_ctrl,40,178,45.93333333333333,-1.7243093252182007,1.207006966444848
UBFC_PHYS_s14_T1_ctrl,40,179,45.96666666666667,-2.246185064315796,0.8978142045989307
UBFC_PHYS_s14_T1_ctrl,40,180,46.0,-2.3239171504974365,0.4740707696903101
UBFC_PHYS_s14_T1_ctrl,40,181,46.03333333333333,-1.932580828666687,-0.007345254627292947
UBFC_PHYS_s14_T1_ctrl,40,182,46.06666666666667,-1.3344093561172485,-0.4858175343411689
UBFC_PHYS_s14_T1_ctrl,40,183,46.1,-0.8060279488563538,-0.8974304217842439
UBFC_PHYS_s14_T1_ctrl,40,184,46.13333333333333,-0.505294680595398,-1.1790928760208974
UBFC_PHYS_s14_T1_ctrl,40,185,46.166666666666664,-0.458486407995224,-1.2782265115825626
UBFC_PHYS_s14_T1_ctrl,40,186,46.2,-0.5694518685340881,-1.1663832095731743
UBFC_PHYS_s14_T1_ctrl,40,187,46.233333333333334,-0.6489019989967346,-0.852214009487466
UBFC_PHYS_s14_T1_ctrl,40,188,46.266666666666666,-0.5612843632698059,-0.3873210676168921
UBFC_PHYS_s14_T1_ctrl,40,189,46.3,-0.3783321678638458,0.14059734483633923
UBFC_PHYS_s14_T1_ctrl,40,190,46.333333333333336,-0.24711692333221436,0.628188805362747
UBFC_PHYS_s14_T1_ctrl,40,191,46.36666666666667,-0.1967036873102188,0.9842524902042104
UBFC_PHYS_s14_T1_ctrl,40,192,46.4,-0.213911771774292,1.1531189764471705
UBFC_PHYS_s14_T1_ctrl,40,193,46.43333333333333,-0.3440849483013153,1.1231209430218378
UBFC_PHYS_s14_T1_ctrl,40,194,46.46666666666667,-0.5944049954414368,0.9188363416461708
UBFC_PHYS_s14_T1_ctrl,40,195,46.5,-0.8313754200935364,0.585224547230371
UBFC_PHYS_s14_T1_ctrl,40,196,46.53333333333333,-0.8290941119194031,0.17378649955318964
UBFC_PHYS_s14_T1_ctrl,40,197,46.56666666666667,-0.4868755340576172,-0.2638833146997525
UBFC_PHYS_s14_T1_ctrl,40,198,46.6,0.06516353040933609,-0.6762047414047074
UBFC_PHYS_s14_T1_ctrl,40,199,46.63333333333333,0.5630717277526855,-1.0104438795355262
UBFC_PHYS_s14_T1_ctrl,40,200,46.666666666666664,0.8160673379898071,-1.2152983608601415
UBFC_PHYS_s14_T1_ctrl,40,201,46.7,0.7967751026153564,-1.2493006526981996
UBFC_PHYS_s14_T1_ctrl,40,202,46.733333333333334,0.593009889125824,-1.0933630762564452
UBFC_PHYS_s14_T1_ctrl,40,203,46.766666666666666,0.3578701317310333,-0.7625109489701059
UBFC_PHYS_s14_T1_ctrl,40,204,46.8,0.2168257087469101,-0.3101320829536871
UBFC_PHYS_s14_T1_ctrl,40,205,46.833333333333336,0.14661329984664917,0.18034968603127033
UBFC_PHYS_s14_T1_ctrl,40,206,46.86666666666667,0.060882631689310074,0.6160829130981699
UBFC_PHYS_s14_T1_ctrl,40,207,46.9,-0.06951586157083511,0.9205026523009306
UBFC_PHYS_s14_T1_ctrl,40,208,46.93333333333333,-0.25232723355293274,1.052757748599926
UBFC_PHYS_s14_T1_ctrl,40,209,46.96666666666667,-0.5272061228752136,1.0121203072684477
UBFC_PHYS_s14_T1_ctrl,40,210,47.0,-0.8799579739570618,0.8279572938156077
UBFC_PHYS_s14_T1_ctrl,40,211,47.03333333333333,-1.1633142232894897,0.5442357923162174
UBFC_PHYS_s14_T1_ctrl,40,212,47.06666666666667,-1.1826064586639404,0.20809187918453975
UBFC_PHYS_s14_T1_ctrl,40,213,47.1,-0.8598490357398987,-0.13379681608077462
UBFC_PHYS_s14_T1_ctrl,40,214,47.13333333333333,-0.3436906635761261,-0.43379238554228294
UBFC_PHYS_s14_T1_ctrl,40,215,47.166666666666664,0.07409146428108215,-0.6427460472403914
UBFC_PHYS_s14_T1_ctrl,40,216,47.2,0.186155304312706,-0.7148886427949966
UBFC_PHYS_s14_T1_ctrl,40,217,47.233333333333334,0.006498290691524744,-0.6187499423974326
UBFC_PHYS_s14_T1_ctrl,40,218,47.266666666666666,-0.3058948218822479,-0.35073813538459864
UBFC_PHYS_s14_T1_ctrl,40,219,47.3,-0.6013896465301514,0.054761635273749304
UBFC_PHYS_s14_T1_ctrl,40,220,47.333333333333336,-0.8425000905990601,0.525665930546476
UBFC_PHYS_s14_T1_ctrl,40,221,47.36666666666667,-1.086764931678772,0.9667429721577758
UBFC_PHYS_s14_T1_ctrl,40,222,47.4,-1.3905398845672607,1.2854695049293678
UBFC_PHYS_s14_T1_ctrl,40,223,47.43333333333333,-1.7275763750076294,1.4191519738129525
UBFC_PHYS_s14_T1_ctrl,40,224,47.46666666666667,-1.9973013401031494,1.350836525755748
UBFC_PHYS_s14_T1_ctrl,40,225,47.5,-2.1633832454681396,1.1066849680585482
UBFC_PHYS_s14_T1_ctrl,40,226,47.53333333333333,-2.274320602416992,0.7382490236203213
UBFC_PHYS_s14_T1_ctrl,40,227,47.56666666666667,-2.2410027980804443,0.30129668588646236
UBFC_PHYS_s14_T1_ctrl,40,228,47.6,-1.8768727779388428,-0.15788243177209535
UBFC_PHYS_s14_T1_ctrl,40,229,47.63333333333333,-1.2628732919692993,-0.6048961086160196
UBFC_PHYS_s14_T1_ctrl,40,230,47.666666666666664,-0.7168894410133362,-1.011768461643561
UBFC_PHYS_s14_T1_ctrl,40,231,47.7,-0.40689027309417725,-1.350426126855119
UBFC_PHYS_s14_T1_ctrl,40,232,47.733333333333334,-0.2745484709739685,-1.5910849616284186
UBFC_PHYS_s14_T1_ctrl,40,233,47.766666666666666,-0.23861144483089447,-1.7074945824984746
UBFC_PHYS_s14_T1_ctrl,40,234,47.8,-0.2663809657096863,-1.6863435005822385
UBFC_PHYS_s14_T1_ctrl,40,235,47.833333333333336,-0.3230184316635132,-1.534807780163704
UBFC_PHYS_s14_T1_ctrl,40,236,47.86666666666667,-0.36830583214759827,-1.2800049321801819
UBFC_PHYS_s14_T1_ctrl,40,237,47.9,-0.3912593722343445,-0.9585890271305508
UBFC_PHYS_s14_T1_ctrl,40,238,47.93333333333333,-0.4299001097679138,-0.6023229189050049
UBFC_PHYS_s14_T1_ctrl,40,239,47.96666666666667,-0.5387532711029053,-0.2296197050692979
UBFC_PHYS_s14_T1_ctrl,41,0,41.0,-2.4510767459869385,-0.044348713646877425
UBFC_PHYS_s14_T1_ctrl,41,1,41.03333333333333,-2.499546766281128,0.26791053906994544
UBFC_PHYS_s14_T1_ctrl,41,2,41.06666666666667,-2.4277007579803467,0.5245010186514777
UBFC_PHYS_s14_T1_ctrl,41,3,41.1,-2.403001070022583,0.6791049917166352
UBFC_PHYS_s14_T1_ctrl,41,4,41.13333333333333,-2.499208688735962,0.7030929732450886
UBFC_PHYS_s14_T1_ctrl,41,5,41.166666666666664,-2.606541156768799,0.5885481818334395
UBFC_PHYS_s14_T1_ctrl,41,6,41.2,-2.518078565597534,0.34773186255072686
UBFC_PHYS_s14_T1_ctrl,41,7,41.233333333333334,-2.034956216812134,0.011445003833794959
UBFC_PHYS_s14_T1_ctrl,41,8,41.266666666666666,-1.1744107007980347,-0.3727678617610263
UBFC_PHYS_s14_T1_ctrl,41,9,41.3,-0.2838706970214844,-0.7441958776855283
UBFC_PHYS_s14_T1_ctrl,41,10,41.333333333333336,0.3112308382987976,-1.036389088193874
UBFC_PHYS_s14_T1_ctrl,41,11,41.36666666666667,0.5689861178398132,-1.1887676414591235
UBFC_PHYS_s14_T1_ctrl,41,12,41.4,0.5697465538978577,-1.160418449993498
UBFC_PHYS_s14_T1_ctrl,41,13,41.43333333333333,0.35133612155914307,-0.9423020253414696
UBFC_PHYS_s14_T1_ctrl,41,14,41.46666666666667,-0.06329166144132614,-0.5634980058330837
UBFC_PHYS_s14_T1_ctrl,41,15,41.5,-0.5998687744140625,-0.08803102430568405
UBFC_PHYS_s14_T1_ctrl,41,16,41.53333333333333,-1.0472792387008667,0.3986610957505974
UBFC_PHYS_s14_T1_ctrl,41,17,41.56666666666667,-1.2106294631958008,0.810500187955711
UBFC_PHYS_s14_T1_ctrl,41,18,41.6,-1.2198671102523804,1.081510546056517
UBFC_PHYS_s14_T1_ctrl,41,19,41.63333333333333,-1.4068186283111572,1.1784301206433059
UBFC_PHYS_s14_T1_ctrl,41,20,41.666666666666664,-1.8931515216827393,1.1013640435007588
UBFC_PHYS_s14_T1_ctrl,41,21,41.7,-2.5118260383605957,0.8750359775458547
UBFC_PHYS_s14_T1_ctrl,41,22,41.733333333333334,-2.9668407440185547,0.5372306173347804
UBFC_PHYS_s14_T1_ctrl,41,23,41.766666666666666,-2.9777402877807617,0.13067820541093067
UBFC_PHYS_s14_T1_ctrl,41,24,41.8,-2.5552546977996826,-0.299306163505619
UBFC_PHYS_s14_T1_ctrl,41,25,41.833333333333336,-2.0283377170562744,-0.7036506223883527
UBFC_PHYS_s14_T1_ctrl,41,26,41.86666666666667,-1.6921181678771973,-1.0292517833199306
UBFC_PHYS_s14_T1_ctrl,41,27,41.9,-1.6489148139953613,-1.223233164608802
UBFC_PHYS_s14_T1_ctrl,41,28,41.93333333333333,-1.8282057046890259,-1.2425907887748684
UBFC_PHYS_s14_T1_ctrl,41,29,41.96666666666667,-1.9802902936935425,-1.0668795119085341
UBFC_PHYS_s14_T1_ctrl,41,30,42.0,-1.8351340293884277,-0.7093307848805149
UBFC_PHYS_s14_T1_ctrl,41,31,42.03333333333333,-1.393750548362732,-0.22099667622746297
UBFC_PHYS_s14_T1_ctrl,41,32,42.06666666666667,-0.9193591475486755,0.3163202708475117
UBFC_PHYS_s14_T1_ctrl,41,33,42.1,-0.6074730157852173,0.8083727873605416
UBFC_PHYS_s14_T1_ctrl,41,34,42.13333333333333,-0.4624575078487396,1.1717359265532488
UBFC_PHYS_s14_T1_ctrl,41,35,42.166666666666664,-0.4222958981990814,1.3523433337480262
UBFC_PHYS_s14_T1_ctrl,41,36,42.2,-0.5069281458854675,1.3326527744704606
UBFC_PHYS_s14_T1_ctrl,41,37,42.233333333333334,-0.6991462707519531,1.127605825436706
UBFC_PHYS_s14_T1_ctrl,41,38,42.266666666666666,-0.7920305132865906,0.7748930513694866
UBFC_PHYS_s14_T1_ctrl,41,39,42.3,-0.6111906170845032,0.3259353459058454
UBFC_PHYS_s14_T1_ctrl,41,40,42.333333333333336,-0.2644376754760742,-0.1593569954579151
UBFC_PHYS_s14_T1_ctrl,41,41,42.36666666666667,0.04432230442762375,-0.6154409618636442
UBFC_PHYS_s14_T1_ctrl,41,42,42.4,0.29379743337631226,-0.9752285335422639
UBFC_PHYS_s14_T1_ctrl,41,43,42.43333333333333,0.6066129803657532,-1.1781950956078049
UBFC_PHYS_s14_T1_ctrl,41,44,42.46666666666667,1.0120030641555786,-1.1824905975054847
UBFC_PHYS_s14_T1_ctrl,41,45,42.5,1.431306004524231,-0.9778751376139729
UBFC_PHYS_s14_T1_ctrl,41,46,42.53333333333333,1.8308098316192627,-0.5943043335093864
UBFC_PHYS_s14_T1_ctrl,41,47,42.56666666666667,2.156890630722046,-0.10097747598912485
UBFC_PHYS_s14_T1_ctrl,41,48,42.6,2.304694175720215,0.4069351630531667
UBFC_PHYS_s14_T1_ctrl,41,49,42.63333333333333,2.239297866821289,0.8315220185494822
UBFC_PHYS_s14_T1_ctrl,41,50,42.666666666666664,1.912062406539917,1.0968612501716561
UBFC_PHYS_s14_T1_ctrl,41,51,42.7,1.2385809421539307,1.1648792249564355
UBFC_PHYS_s14_T1_ctrl,41,52,42.733333333333334,0.3622073531150818,1.0371184911066507
UBFC_PHYS_s14_T1_ctrl,41,53,42.766666666666666,-0.3315802216529846,0.7452774257380224
UBFC_PHYS_s14_T1_ctrl,41,54,42.8,-0.5687759518623352,0.33823850325020954
UBFC_PHYS_s14_T1_ctrl,41,55,42.833333333333336,-0.34062081575393677,-0.12743587194324288
UBFC_PHYS_s14_T1_ctrl,41,56,42.86666666666667,0.186746746301651,-0.5914208338686174
UBFC_PHYS_s14_T1_ctrl,41,57,42.9,0.7361947298049927,-0.9908812060846969
UBFC_PHYS_s14_T1_ctrl,41,58,42.93333333333333,1.0536291599273682,-1.2637570949249521
UBFC_PHYS_s14_T1_ctrl,41,59,42.96666666666667,1.0568398237228394,-1.357022444694537
UBFC_PHYS_s14_T1_ctrl,41,60,43.0,0.8588763475418091,-1.2392989128684042
UBFC_PHYS_s14_T1_ctrl,41,61,43.03333333333333,0.6190614104270935,-0.9137604135651498
UBFC_PHYS_s14_T1_ctrl,41,62,43.06666666666667,0.42157667875289917,-0.4254269765078885
UBFC_PHYS_s14_T1_ctrl,41,63,43.1,0.3382399380207062,0.14256593559654576
UBFC_PHYS_s14_T1_ctrl,41,64,43.13333333333333,0.39501821994781494,0.6860028040342522
UBFC_PHYS_s14_T1_ctrl,41,65,43.166666666666664,0.4412068724632263,1.1061636178475267
UBFC_PHYS_s14_T1_ctrl,41,66,43.2,0.2633804976940155,1.3354728941245078
UBFC_PHYS_s14_T1_ctrl,41,67,43.233333333333334,-0.18814188241958618,1.350600801422006
UBFC_PHYS_s14_T1_ctrl,41,68,43.266666666666666,-0.753023624420166,1.1688340738440257
UBFC_PHYS_s14_T1_ctrl,41,69,43.3,-1.1325030326843262,0.8333943757318122
UBFC_PHYS_s14_T1_ctrl,41,70,43.333333333333336,-1.1235750913619995,0.3977668001571017
UBFC_PHYS_s14_T1_ctrl,41,71,43.36666666666667,-0.7901154160499573,-0.08347012280536796
UBFC_PHYS_s14_T1_ctrl,41,72,43.4,-0.36472904682159424,-0.5561119500100324
UBFC_PHYS_s14_T1_ctrl,41,73,43.43333333333333,-0.09582087397575378,-0.9643811539230176
UBFC_PHYS_s14_T1_ctrl,41,74,43.46666666666667,-0.17515835165977478,-1.251391622183469
UBFC_PHYS_s14_T1_ctrl,41,75,43.5,-0.5715641379356384,-1.3656663856962674
UBFC_PHYS_s14_T1_ctrl,41,76,43.53333333333333,-0.9456360340118408,-1.2734768207061713
UBFC_PHYS_s14_T1_ctrl,41,77,43.56666666666667,-0.9955141544342041,-0.9729341101357951
UBFC_PHYS_s14_T1_ctrl,41,78,43.6,-0.803831160068512,-0.5033381880850736
UBFC_PHYS_s14_T1_ctrl,41,79,43.63333333333333,-0.6806144714355469,0.05655722598398123
UBFC_PHYS_s14_T1_ctrl,41,80,43.666666666666664,-0.7853275537490845,0.6043065619032106
UBFC_PHYS_s14_T1_ctrl,41,81,43.7,-0.8532586693763733,1.04001894920241
UBFC_PHYS_s14_T1_ctrl,41,82,43.733333333333334,-0.2860393226146698,1.2926635964139532
UBFC_PHYS_s14_T1_ctrl,41,83,43.766666666666666,0.9911336302757263,1.3346415257320692
UBFC_PHYS_s14_T1_ctrl,41,84,43.8,1.9933432340621948,1.1797841660783244
UBFC_PHYS_s14_T1_ctrl,41,85,43.833333333333336,2.0648512840270996,0.8695950619390306
UBFC_PHYS_s14_T1_ctrl,41,86,43.86666666666667,1.7408263683319092,0.45745453328373903
UBFC_PHYS_s14_T1_ctrl,41,87,43.9,1.5936986207962036,-0.0013819542095187447
UBFC_PHYS_s14_T1_ctrl,41,88,43.93333333333333,1.463722586631775,-0.4522716295050814
UBFC_PHYS_s14_T1_ctrl,41,89,43.96666666666667,1.1102948188781738,-0.8400919204499435
UBFC_PHYS_s14_T1_ctrl,41,90,44.0,0.5411884188652039,-1.110143362436683
UBFC_PHYS_s14_T1_ctrl,41,91,44.03333333333333,-0.24123068153858185,-1.214497967826538
UBFC_PHYS_s14_T1_ctrl,41,92,44.06666666666667,-1.0792170763015747,-1.12353258696778
UBFC_PHYS_s14_T1_ctrl,41,93,44.1,-1.6069225072860718,-0.8387387946362123
UBFC_PHYS_s14_T1_ctrl,41,94,44.13333333333333,-1.6672494411468506,-0.4006091492631041
UBFC_PHYS_s14_T1_ctrl,41,95,44.166666666666664,-1.5892637968063354,0.11423626678539127
UBFC_PHYS_s14_T1_ctrl,41,96,44.2,-1.874675989151001,0.6088852904138986
UBFC_PHYS_s14_T1_ctrl,41,97,44.233333333333334,-2.612793445587158,0.9909317014533118
UBFC_PHYS_s14_T1_ctrl,41,98,44.266666666666666,-3.3420393466949463,1.1963358576606171
UBFC_PHYS_s14_T1_ctrl,41,99,44.3,-3.609623670578003,1.2018589362588332
UBFC_PHYS_s14_T1_ctrl,41,100,44.333333333333336,-3.4123079776763916,1.0222677202874875
UBFC_PHYS_s14_T1_ctrl,41,101,44.36666666666667,-2.868154764175415,0.6972147749656702
UBFC_PHYS_s14_T1_ctrl,41,102,44.4,-2.030731678009033,0.2768366119137532
UBFC_PHYS_s14_T1_ctrl,41,103,44.43333333333333,-1.0159610509872437,-0.18689245976935953
UBFC_PHYS_s14_T1_ctrl,41,104,44.46666666666667,0.18291646242141724,-0.6416759750912959
UBFC_PHYS_s14_T1_ctrl,41,105,44.5,1.6611227989196777,-1.0331240997614266
UBFC_PHYS_s14_T1_ctrl,41,106,44.53333333333333,2.9969046115875244,-1.3052159346125924
UBFC_PHYS_s14_T1_ctrl,41,107,44.56666666666667,3.531679391860962,-1.4066853873379817
UBFC_PHYS_s14_T1_ctrl,41,108,44.6,3.307016611099243,-1.3034008904857317
UBFC_PHYS_s14_T1_ctrl,41,109,44.63333333333333,2.8488757610321045,-0.9928424977709589
UBFC_PHYS_s14_T1_ctrl,41,110,44.666666666666664,2.3902840614318848,-0.5139024020717127
UBFC_PHYS_s14_T1_ctrl,41,111,44.7,1.9254120588302612,0.054817864990746396
UBFC_PHYS_s14_T1_ctrl,41,112,44.733333333333334,1.5779268741607666,0.6112355148437956
UBFC_PHYS_s14_T1_ctrl,41,113,44.766666666666666,1.4108027219772339,1.0565216209081847
UBFC_PHYS_s14_T1_ctrl,41,114,44.8,1.1986165046691895,1.3213542741729352
UBFC_PHYS_s14_T1_ctrl,41,115,44.833333333333336,0.8011404871940613,1.3797374524984587
UBFC_PHYS_s14_T1_ctrl,41,116,44.86666666666667,0.4773692190647125,1.2459114071650834
UBFC_PHYS_s14_T1_ctrl,41,117,44.9,0.5686481595039368,0.9597774209274346
UBFC_PHYS_s14_T1_ctrl,41,118,44.93333333333333,1.0512351989746094,0.570965636381043
UBFC_PHYS_s14_T1_ctrl,41,119,44.96666666666667,1.653067946434021,0.12942952298797158
UBFC_PHYS_s14_T1_ctrl,41,120,45.0,2.2234134674072266,-0.315858372279653
UBFC_PHYS_s14_T1_ctrl,41,121,45.03333333333333,2.6704297065734863,-0.7142782031693382
UBFC_PHYS_s14_T1_ctrl,41,122,45.06666666666667,2.770101547241211,-1.0129484352704399
UBFC_PHYS_s14_T1_ctrl,41,123,45.1,2.3853836059570312,-1.1620794003258754
UBFC_PHYS_s14_T1_ctrl,41,124,45.13333333333333,1.6858787536621094,-1.126507447262553
UBFC_PHYS_s14_T1_ctrl,41,125,45.166666666666664,0.9995546340942383,-0.899648965516913
UBFC_PHYS_s14_T1_ctrl,41,126,45.2,0.6321012377738953,-0.5132724760119869
UBFC_PHYS_s14_T1_ctrl,41,127,45.233333333333334,0.7685267925262451,-0.03644268147338477
UBFC_PHYS_s14_T1_ctrl,41,128,45.266666666666666,1.2759543657302856,0.439278634191738
UBFC_PHYS_s14_T1_ctrl,41,129,45.3,1.6964402198791504,0.8244330655439651
UBFC_PHYS_s14_T1_ctrl,41,130,45.333333333333336,1.7092829942703247,1.0554647862209743
UBFC_PHYS_s14_T1_ctrl,41,131,45.36666666666667,1.3501378297805786,1.1066068108195235
UBFC_PHYS_s14_T1_ctrl,41,132,45.4,0.8562571406364441,0.9865424468105739
UBFC_PHYS_s14_T1_ctrl,41,133,45.43333333333333,0.5569038391113281,0.7258930141970796
UBFC_PHYS_s14_T1_ctrl,41,134,45.46666666666667,0.7241406440734863,0.364812531830009
UBFC_PHYS_s14_T1_ctrl,41,135,45.5,1.3045687675476074,-0.05330376271706253
UBFC_PHYS_s14_T1_ctrl,41,136,45.53333333333333,1.9197511672973633,-0.48175320042244946
UBFC_PHYS_s14_T1_ctrl,41,137,45.56666666666667,2.260505199432373,-0.8682659137166587
UBFC_PHYS_s14_T1_ctrl,41,138,45.6,2.280952215194702,-1.1556976713200864
UBFC_PHYS_s14_T1_ctrl,41,139,45.63333333333333,2.05997896194458,-1.2888792583243942
UBFC_PHYS_s14_T1_ctrl,41,140,45.666666666666664,1.7128033638000488,-1.2275646475946183
UBFC_PHYS_s14_T1_ctrl,41,141,45.7,1.3534893989562988,-0.9618141806054851
UBFC_PHYS_s14_T1_ctrl,41,142,45.733333333333334,1.0022584199905396,-0.5232188830522772
UBFC_PHYS_s14_T1_ctrl,41,143,45.766666666666666,0.6124992370605469,0.01513366107182065
UBFC_PHYS_s14_T1_ctrl,41,144,45.8,0.21614977717399597,0.5536885173415882
UBFC_PHYS_s14_T1_ctrl,41,145,45.833333333333336,-0.12742067873477936,0.9929652477936803
UBFC_PHYS_s14_T1_ctrl,41,146,45.86666666666667,-0.49831005930900574,1.2603450659196844
UBFC_PHYS_s14_T1_ctrl,41,147,45.9,-1.0442938804626465,1.3245491941137908
UBFC_PHYS_s14_T1_ctrl,41,148,45.93333333333333,-1.7243093252182007,1.1934918202744826
UBFC_PHYS_s14_T1_ctrl,41,149,45.96666666666667,-2.246185064315796,0.9015456902682205
UBFC_PHYS_s14_T1_ctrl,41,150,46.0,-2.3239171504974365,0.49601088889817113
UBFC_PHYS_s14_T1_ctrl,41,151,46.03333333333333,-1.932580828666687,0.029272034636273918
UBFC_PHYS_s14_T1_ctrl,41,152,46.06666666666667,-1.3344093561172485,-0.44283037408042475
UBFC_PHYS_s14_T1_ctrl,41,153,46.1,-0.8060279488563538,-0.8604484547984017
UBFC_PHYS_s14_T1_ctrl,41,154,46.13333333333333,-0.505294680595398,-1.162041184453433
UBFC_PHYS_s14_T1_ctrl,41,155,46.166666666666664,-0.458486407995224,-1.2925072439023726
UBFC_PHYS_s14_T1_ctrl,41,156,46.2,-0.5694518685340881,-1.216569906569182
UBFC_PHYS_s14_T1_ctrl,41,157,46.233333333333334,-0.6489019989967346,-0.933145301346265
UBFC_PHYS_s14_T1_ctrl,41,158,46.266666666666666,-0.5612843632698059,-0.48385668569073303
UBFC_PHYS_s14_T1_ctrl,41,159,46.3,-0.3783321678638458,0.050707210990006066
UBFC_PHYS_s14_T1_ctrl,41,160,46.333333333333336,-0.24711692333221436,0.5689763254941861
UBFC_PHYS_s14_T1_ctrl,41,161,46.36666666666667,-0.1967036873102188,0.9754529734760007
UBFC_PHYS_s14_T1_ctrl,41,162,46.4,-0.213911771774292,1.2054887703084993
UBFC_PHYS_s14_T1_ctrl,41,163,46.43333333333333,-0.3440849483013153,1.2367246887515053
UBFC_PHYS_s14_T1_ctrl,41,164,46.46666666666667,-0.5944049954414368,1.0843928885820462
UBFC_PHYS_s14_T1_ctrl,41,165,46.5,-0.8313754200935364,0.7871354230400207
UBFC_PHYS_s14_T1_ctrl,41,166,46.53333333333333,-0.8290941119194031,0.393155471898895
UBFC_PHYS_s14_T1_ctrl,41,167,46.56666666666667,-0.4868755340576172,-0.04702111585132401
UBFC_PHYS_s14_T1_ctrl,41,168,46.6,0.06516353040933609,-0.4811126220560861
UBFC_PHYS_s14_T1_ctrl,41,169,46.63333333333333,0.5630717277526855,-0.853646719471957
UBFC_PHYS_s14_T1_ctrl,41,170,46.666666666666664,0.8160673379898071,-1.1080253748705307
UBFC_PHYS_s14_T1_ctrl,41,171,46.7,0.7967751026153564,-1.194969092481633
UBFC_PHYS_s14_T1_ctrl,41,172,46.733333333333334,0.593009889125824,-1.0861099031961234
UBFC_PHYS_s14_T1_ctrl,41,173,46.766666666666666,0.3578701317310333,-0.7876096151267603
UBFC_PHYS_s14_T1_ctrl,41,174,46.8,0.2168257087469101,-0.34662707293603656
UBFC_PHYS_s14_T1_ctrl,41,175,46.833333333333336,0.14661329984664917,0.15502775736514912
UBFC_PHYS_s14_T1_ctrl,41,176,46.86666666666667,0.060882631689310074,0.6203449040799669
UBFC_PHYS_s14_T1_ctrl,41,177,46.9,-0.06951586157083511,0.9630650958273465
UBFC_PHYS_s14_T1_ctrl,41,178,46.93333333333333,-0.25232723355293274,1.129085171666067
UBFC_PHYS_s14_T1_ctrl,41,179,46.96666666666667,-0.5272061228752136,1.1042524037440882
UBFC_PHYS_s14_T1_ctrl,41,180,47.0,-0.8799579739570618,0.9078319308130806
UBFC_PHYS_s14_T1_ctrl,41,181,47.03333333333333,-1.1633142232894897,0.5790247587089218
UBFC_PHYS_s14_T1_ctrl,41,182,47.06666666666667,-1.1826064586639404,0.16542664814533958
UBFC_PHYS_s14_T1_ctrl,41,183,47.1,-0.8598490357398987,-0.2820256276415099
UBFC_PHYS_s14_T1_ctrl,41,184,47.13333333333333,-0.3436906635761261,-0.7088413125573839
UBFC_PHYS_s14_T1_ctrl,41,185,47.166666666666664,0.07409146428108215,-1.0564242906175192
UBFC_PHYS_s14_T1_ctrl,41,186,47.2,0.186155304312706,-1.2661926438628226
UBFC_PHYS_s14_T1_ctrl,41,187,47.233333333333334,0.006498290691524744,-1.2903460558750666
UBFC_PHYS_s14_T1_ctrl,41,188,47.266666666666666,-0.3058948218822479,-1.1068848985280049
UBFC_PHYS_s14_T1_ctrl,41,189,47.3,-0.6013896465301514,-0.7326556085947586
UBFC_PHYS_s14_T1_ctrl,41,190,47.333333333333336,-0.8425000905990601,-0.22683127324191477
UBFC_PHYS_s14_T1_ctrl,41,191,47.36666666666667,-1.086764931678772,0.3198757873973967
UBFC_PHYS_s14_T1_ctrl,41,192,47.4,-1.3905398845672607,0.8081944219765768
UBFC_PHYS_s14_T1_ctrl,41,193,47.43333333333333,-1.7275763750076294,1.1565961076336038
UBFC_PHYS_s14_T1_ctrl,41,194,47.46666666666667,-1.9973013401031494,1.319752006872195
UBFC_PHYS_s14_T1_ctrl,41,195,47.5,-2.1633832454681396,1.29214909707145
UBFC_PHYS_s14_T1_ctrl,41,196,47.53333333333333,-2.274320602416992,1.0984296781450973
UBFC_PHYS_s14_T1_ctrl,41,197,47.56666666666667,-2.2410027980804443,0.7788199640155148
UBFC_PHYS_s14_T1_ctrl,41,198,47.6,-1.8768727779388428,0.3782409778669696
UBFC_PHYS_s14_T1_ctrl,41,199,47.63333333333333,-1.2628732919692993,-0.05723414228616563
UBFC_PHYS_s14_T1_ctrl,41,200,47.666666666666664,-0.7168894410133362,-0.47859566076066035
UBFC_PHYS_s14_T1_ctrl,41,201,47.7,-0.40689027309417725,-0.8321130353019162
UBFC_PHYS_s14_T1_ctrl,41,202,47.733333333333334,-0.2745484709739685,-1.0626132954373437
UBFC_PHYS_s14_T1_ctrl,41,203,47.766666666666666,-0.23861144483089447,-1.1236643741300685
UBFC_PHYS_s14_T1_ctrl,41,204,47.8,-0.2663809657096863,-0.992097389729369
UBFC_PHYS_s14_T1_ctrl,41,205,47.833333333333336,-0.3230184316635132,-0.6806664407323761
UBFC_PHYS_s14_T1_ctrl,41,206,47.86666666666667,-0.36830583214759827,-0.24163758827117887
UBFC_PHYS_s14_T1_ctrl,41,207,47.9,-0.3912593722343445,0.2428683276761031
UBFC_PHYS_s14_T1_ctrl,41,208,47.93333333333333,-0.4299001097679138,0.6815778613706854
UBFC_PHYS_s14_T1_ctrl,41,209,47.96666666666667,-0.5387532711029053,0.9976902457991901
UBFC_PHYS_s14_T1_ctrl,41,210,48.0,-0.7451940774917603,1.1457610930135094
UBFC_PHYS_s14_T1_ctrl,41,211,48.03333333333333,-1.0153696537017822,1.1159546716142386
UBFC_PHYS_s14_T1_ctrl,41,212,48.06666666666667,-1.1678485870361328,0.9266664814285359
UBFC_PHYS_s14_T1_ctrl,41,213,48.1,-0.9750953912734985,0.612095356795351
UBFC_PHYS_s14_T1_ctrl,41,214,48.13333333333333,-0.4379267990589142,0.21218372275335712
UBFC_PHYS_s14_T1_ctrl,41,215,48.166666666666664,0.15520326793193817,-0.23113113431386362
UBFC_PHYS_s14_T1_ctrl,41,216,48.2,0.5377243161201477,-0.6723843170721692
UBFC_PHYS_s14_T1_ctrl,41,217,48.233333333333334,0.6503232717514038,-1.0602964500160295
UBFC_PHYS_s14_T1_ctrl,41,218,48.266666666666666,0.5598891973495483,-1.3395594239213473
UBFC_PHYS_s14_T1_ctrl,41,219,48.3,0.40532615780830383,-1.4590391421496454
UBFC_PHYS_s14_T1_ctrl,41,220,48.333333333333336,0.31207576394081116,-1.385083551186599
UBFC_PHYS_s14_T1_ctrl,41,221,48.36666666666667,0.2810674011707306,-1.1153183870335264
UBFC_PHYS_s14_T1_ctrl,41,222,48.4,0.2556072771549225,-0.6866558254761107
UBFC_PHYS_s14_T1_ctrl,41,223,48.43333333333333,0.21158723533153534,-0.1722384523344735
UBFC_PHYS_s14_T1_ctrl,41,224,48.46666666666667,0.11174649000167847,0.3341252723741174
UBFC_PHYS_s14_T1_ctrl,41,225,48.5,-0.11615515500307083,0.7418470955739768
UBFC_PHYS_s14_T1_ctrl,41,226,48.53333333333333,-0.501605212688446,0.9867166085371499
UBFC_PHYS_s14_T1_ctrl,41,227,48.56666666666667,-0.933722734451294,1.043960012247845
UBFC_PHYS_s14_T1_ctrl,41,228,48.6,-1.182352900505066,0.927340677187042
UBFC_PHYS_s14_T1_ctrl,41,229,48.63333333333333,-1.0522360801696777,0.6776966293139646
UBFC_PHYS_s14_T1_ctrl,41,230,48.666666666666664,-0.5662130117416382,0.3482110092785161
UBFC_PHYS_s14_T1_ctrl,41,231,48.7,0.06254429370164871,-0.0071436528315888415
UBFC_PHYS_s14_T1_ctrl,41,232,48.733333333333334,0.5912919044494629,-0.33949676747344104
UBFC_PHYS_s14_T1_ctrl,41,233,48.766666666666666,0.844005823135376,-0.6068681224156846
UBFC_PHYS_s14_T1_ctrl,41,234,48.8,0.7857912182807922,-0.7751307230610847
UBFC_PHYS_s14_T1_ctrl,41,235,48.833333333333336,0.5759707689285278,-0.8204904154722172
UBFC_PHYS_s14_T1_ctrl,41,236,48.86666666666667,0.43757373094558716,-0.7334983267439651
UBFC_PHYS_s14_T1_ctrl,41,237,48.9,0.4227313995361328,-0.5226284057211107
UBFC_PHYS_s14_T1_ctrl,41,238,48.93333333333333,0.3941732943058014,-0.21505459271008354
UBFC_PHYS_s14_T1_ctrl,41,239,48.96666666666667,0.26273274421691895,0.14653903602203874
UBFC_PHYS_s14_T1_ctrl,42,0,42.0,-1.8351340293884277,-0.06487080700362986
UBFC_PHYS_s14_T1_ctrl,42,1,42.03333333333333,-1.393750548362732,0.42432054297023847
UBFC_PHYS_s14_T1_ctrl,42,2,42.06666666666667,-0.9193591475486755,0.8367267027056413
UBFC_PHYS_s14_T1_ctrl,42,3,42.1,-0.6074730157852173,1.1173833991658921
UBFC_PHYS_s14_T1_ctrl,42,4,42.13333333333333,-0.4624575078487396,1.2487190359452476
UBFC_PHYS_s14_T1_ctrl,42,5,42.166666666666664,-0.4222958981990814,1.2478513518357772
UBFC_PHYS_s14_T1_ctrl,42,6,42.2,-0.5069281458854675,1.1485988331501733
UBFC_PHYS_s14_T1_ctrl,42,7,42.233333333333334,-0.6991462707519531,0.9790396862275054
UBFC_PHYS_s14_T1_ctrl,42,8,42.266666666666666,-0.7920305132865906,0.7485341000685038
UBFC_PHYS_s14_T1_ctrl,42,9,42.3,-0.6111906170845032,0.45237323385509803
UBFC_PHYS_s14_T1_ctrl,42,10,42.333333333333336,-0.2644376754760742,0.09091743221461776
UBFC_PHYS_s14_T1_ctrl,42,11,42.36666666666667,0.04432230442762375,-0.30966787503744087
UBFC_PHYS_s14_T1_ctrl,42,12,42.4,0.29379743337631226,-0.6898267092160968
UBFC_PHYS_s14_T1_ctrl,42,13,42.43333333333333,0.6066129803657532,-0.9696110655731071
UBFC_PHYS_s14_T1_ctrl,42,14,42.46666666666667,1.0120030641555786,-1.0773230348148426
UBFC_PHYS_s14_T1_ctrl,42,15,42.5,1.431306004524231,-0.9793885911741848
UBFC_PHYS_s14_T1_ctrl,42,16,42.53333333333333,1.8308098316192627,-0.6964751576446919
UBFC_PHYS_s14_T1_ctrl,42,17,42.56666666666667,2.156890630722046,-0.2981105653778986
UBFC_PHYS_s14_T1_ctrl,42,18,42.6,2.304694175720215,0.12175508424011484
UBFC_PHYS_s14_T1_ctrl,42,19,42.63333333333333,2.239297866821289,0.4769716321687353
UBFC_PHYS_s14_T1_ctrl,42,20,42.666666666666664,1.912062406539917,0.7140342032898772
UBFC_PHYS_s14_T1_ctrl,42,21,42.7,1.2385809421539307,0.8184504811643452
UBFC_PHYS_s14_T1_ctrl,42,22,42.733333333333334,0.3622073531150818,0.802550845730449
UBFC_PHYS_s14_T1_ctrl,42,23,42.766666666666666,-0.3315802216529846,0.6854935970011788
UBFC_PHYS_s14_T1_ctrl,42,24,42.8,-0.5687759518623352,0.47954303902313894
UBFC_PHYS_s14_T1_ctrl,42,25,42.833333333333336,-0.34062081575393677,0.19114994261499932
UBFC_PHYS_s14_T1_ctrl,42,26,42.86666666666667,0.186746746301651,-0.165191560870237
UBFC_PHYS_s14_T1_ctrl,42,27,42.9,0.7361947298049927,-0.5513077354753088
UBFC_PHYS_s14_T1_ctrl,42,28,42.93333333333333,1.0536291599273682,-0.9008154125613479
UBFC_PHYS_s14_T1_ctrl,42,29,42.96666666666667,1.0568398237228394,-1.1323962593418735
UBFC_PHYS_s14_T1_ctrl,42,30,43.0,0.8588763475418091,-1.176852331505093
UBFC_PHYS_s14_T1_ctrl,42,31,43.03333333333333,0.6190614104270935,-1.0052678405002633
UBFC_PHYS_s14_T1_ctrl,42,32,43.06666666666667,0.42157667875289917,-0.6442717356049756
UBFC_PHYS_s14_T1_ctrl,42,33,43.1,0.3382399380207062,-0.17037039914545488
UBFC_PHYS_s14_T1_ctrl,42,34,43.13333333333333,0.39501821994781494,0.31493790673380967
UBFC_PHYS_s14_T1_ctrl,42,35,43.166666666666664,0.4412068724632263,0.7183054247587363
UBFC_PHYS_s14_T1_ctrl,42,36,43.2,0.2633804976940155,0.9805164385112841
UBFC_PHYS_s14_T1_ctrl,42,37,43.233333333333334,-0.18814188241958618,1.0838058553185967
UBFC_PHYS_s14_T1_ctrl,42,38,43.266666666666666,-0.753023624420166,1.0403783493343777
UBFC_PHYS_s14_T1_ctrl,42,39,43.3,-1.1325030326843262,0.8730569883489452
UBFC_PHYS_s14_T1_ctrl,42,40,43.333333333333336,-1.1235750913619995,0.6019634758509432
UBFC_PHYS_s14_T1_ctrl,42,41,43.36666666666667,-0.7901154160499573,0.24501554631619465
UBFC_PHYS_s14_T1_ctrl,42,42,43.4,-0.36472904682159424,-0.170553221847581
UBFC_PHYS_s14_T1_ctrl,42,43,43.43333333333333,-0.09582087397575378,-0.5963930321165141
UBFC_PHYS_s14_T1_ctrl,42,44,43.46666666666667,-0.17515835165977478,-0.96199909175994
UBFC_PHYS_s14_T1_ctrl,42,45,43.5,-0.5715641379356384,-1.1889317800271881
UBFC_PHYS_s14_T1_ctrl,42,46,43.53333333333333,-0.9456360340118408,-1.2158336948489568
UBFC_PHYS_s14_T1_ctrl,42,47,43.56666666666667,-0.9955141544342041,-1.0231095239773411
UBFC_PHYS_s14_T1_ctrl,42,48,43.6,-0.803831160068512,-0.6450119150641568
UBFC_PHYS_s14_T1_ctrl,42,49,43.63333333333333,-0.6806144714355469,-0.16191707992314025
UBFC_PHYS_s14_T1_ctrl,42,50,43.666666666666664,-0.7853275537490845,0.3253063566745645
UBFC_PHYS_s14_T1_ctrl,42,51,43.7,-0.8532586693763733,0.7278280815964963
UBFC_PHYS_s14_T1_ctrl,42,52,43.733333333333334,-0.2860393226146698,0.9929696200405916
UBFC_PHYS_s14_T1_ctrl,42,53,43.766666666666666,0.9911336302757263,1.1088266464307335
UBFC_PHYS_s14_T1_ctrl,42,54,43.8,1.9933432340621948,1.0900885724657636
UBFC_PHYS_s14_T1_ctrl,42,55,43.833333333333336,2.0648512840270996,0.9570168754202936
UBFC_PHYS_s14_T1_ctrl,42,56,43.86666666666667,1.7408263683319092,0.7223028538447643
UBFC_PHYS_s14_T1_ctrl,42,57,43.9,1.5936986207962036,0.3937524565946174
UBFC_PHYS_s14_T1_ctrl,42,58,43.93333333333333,1.463722586631775,-0.01071337626817362
UBFC_PHYS_s14_T1_ctrl,42,59,43.96666666666667,1.1102948188781738,-0.4478906971297024
UBFC_PHYS_s14_T1_ctrl,42,60,44.0,0.5411884188652039,-0.8464800021121159
UBFC_PHYS_s14_T1_ctrl,42,61,44.03333333333333,-0.24123068153858185,-1.121841610648581
UBFC_PHYS_s14_T1_ctrl,42,62,44.06666666666667,-1.0792170763015747,-1.203291536340977
UBFC_PHYS_s14_T1_ctrl,42,63,44.1,-1.6069225072860718,-1.061478589886193
UBFC_PHYS_s14_T1_ctrl,42,64,44.13333333333333,-1.6672494411468506,-0.7226506230370477
UBFC_PHYS_s14_T1_ctrl,42,65,44.166666666666664,-1.5892637968063354,-0.26246511912761505
UBFC_PHYS_s14_T1_ctrl,42,66,44.2,-1.874675989151001,0.2186341979635565
UBFC_PHYS_s14_T1_ctrl,42,67,44.233333333333334,-2.612793445587158,0.6276835193079289
UBFC_PHYS_s14_T1_ctrl,42,68,44.266666666666666,-3.3420393466949463,0.9043228870878645
UBFC_PHYS_s14_T1_ctrl,42,69,44.3,-3.609623670578003,1.0279190481597882
UBFC_PHYS_s14_T1_ctrl,42,70,44.333333333333336,-3.4123079776763916,1.0066212688628522
UBFC_PHYS_s14_T1_ctrl,42,71,44.36666666666667,-2.868154764175415,0.858869109126223
UBFC_PHYS_s14_T1_ctrl,42,72,44.4,-2.030731678009033,0.6009710067814745
UBFC_PHYS_s14_T1_ctrl,42,73,44.43333333333333,-1.0159610509872437,0.2484523351983026
UBFC_PHYS_s14_T1_ctrl,42,74,44.46666666666667,0.18291646242141724,-0.17193605253239463
UBFC_PHYS_s14_T1_ctrl,42,75,44.5,1.6611227989196777,-0.6106416911797707
UBFC_PHYS_s14_T1_ctrl,42,76,44.53333333333333,2.9969046115875244,-0.9949259684883811
UBFC_PHYS_s14_T1_ctrl,42,77,44.56666666666667,3.531679391860962,-1.243426857749698
UBFC_PHYS_s14_T1_ctrl,42,78,44.6,3.307016611099243,-1.2909812958945073
UBFC_PHYS_s14_T1_ctrl,42,79,44.63333333333333,2.8488757610321045,-1.1132239539608486
UBFC_PHYS_s14_T1_ctrl,42,80,44.666666666666664,2.3902840614318848,-0.7395514011894878
UBFC_PHYS_s14_T1_ctrl,42,81,44.7,1.9254120588302612,-0.24730172397452324
UBFC_PHYS_s14_T1_ctrl,42,82,44.733333333333334,1.5779268741607666,0.26205462344445374
UBFC_PHYS_s14_T1_ctrl,42,83,44.766666666666666,1.4108027219772339,0.6951629277804641
UBFC_PHYS_s14_T1_ctrl,42,84,44.8,1.1986165046691895,0.9925556990211031
UBFC_PHYS_s14_T1_ctrl,42,85,44.833333333333336,0.8011404871940613,1.1358975285950625
UBFC_PHYS_s14_T1_ctrl,42,86,44.86666666666667,0.4773692190647125,1.1360137070753082
UBFC_PHYS_s14_T1_ctrl,42,87,44.9,0.5686481595039368,1.012833795305514
UBFC_PHYS_s14_T1_ctrl,42,88,44.93333333333333,1.0512351989746094,0.7818855356269028
UBFC_PHYS_s14_T1_ctrl,42,89,44.96666666666667,1.653067946434021,0.4555377283151666
UBFC_PHYS_s14_T1_ctrl,42,90,45.0,2.2234134674072266,0.05567727397638695
UBFC_PHYS_s14_T1_ctrl,42,91,45.03333333333333,2.6704297065734863,-0.3737455168677803
UBFC_PHYS_s14_T1_ctrl,42,92,45.06666666666667,2.770101547241211,-0.7652418463448611
UBFC_PHYS_s14_T1_ctrl,42,93,45.1,2.3853836059570312,-1.0410228763746652
UBFC_PHYS_s14_T1_ctrl,42,94,45.13333333333333,1.6858787536621094,-1.1363720166185123
UBFC_PHYS_s14_T1_ctrl,42,95,45.166666666666664,0.9995546340942383,-1.0232561053874678
UBFC_PHYS_s14_T1_ctrl,42,96,45.2,0.6321012377738953,-0.7235208692050369
UBFC_PHYS_s14_T1_ctrl,42,97,45.233333333333334,0.7685267925262451,-0.3048255976584783
UBFC_PHYS_s14_T1_ctrl,42,98,45.266666666666666,1.2759543657302856,0.14047460185989127
UBFC_PHYS_s14_T1_ctrl,42,99,45.3,1.6964402198791504,0.5251740638864201
UBFC_PHYS_s14_T1_ctrl,42,100,45.333333333333336,1.7092829942703247,0.791929323634812
UBFC_PHYS_s14_T1_ctrl,42,101,45.36666666666667,1.3501378297805786,0.9210737149868696
UBFC_PHYS_s14_T1_ctrl,42,102,45.4,0.8562571406364441,0.9203071330841861
UBFC_PHYS_s14_T1_ctrl,42,103,45.43333333333333,0.5569038391113281,0.8063552791048555
UBFC_PHYS_s14_T1_ctrl,42,104,45.46666666666667,0.7241406440734863,0.5922507726768031
UBFC_PHYS_s14_T1_ctrl,42,105,45.5,1.3045687675476074,0.2882306839959807
UBFC_PHYS_s14_T1_ctrl,42,106,45.53333333333333,1.9197511672973633,-0.0861601971725335
UBFC_PHYS_s14_T1_ctrl,42,107,45.56666666666667,2.260505199432373,-0.48923266150041494
UBFC_PHYS_s14_T1_ctrl,42,108,45.6,2.280952215194702,-0.8546530550007219
UBFC_PHYS_s14_T1_ctrl,42,109,45.63333333333333,2.05997896194458,-1.104134604846977
UBFC_PHYS_s14_T1_ctrl,42,110,45.666666666666664,1.7128033638000488,-1.1714650830253135
UBFC_PHYS_s14_T1_ctrl,42,111,45.7,1.3534893989562988,-1.0275023476616523
UBFC_PHYS_s14_T1_ctrl,42,112,45.733333333333334,1.0022584199905396,-0.6945327395561824
UBFC_PHYS_s14_T1_ctrl,42,113,45.766666666666666,0.6124992370605469,-0.24252363471654498
UBFC_PHYS_s14_T1_ctrl,42,114,45.8,0.21614977717399597,0.23259921576399212
UBFC_PHYS_s14_T1_ctrl,42,115,45.833333333333336,-0.12742067873477936,0.6399390118647955
UBFC_PHYS_s14_T1_ctrl,42,116,45.86666666666667,-0.49831005930900574,0.9193904946507165
UBFC_PHYS_s14_T1_ctrl,42,117,45.9,-1.0442938804626465,1.0499286687603944
UBFC_PHYS_s14_T1_ctrl,42,118,45.93333333333333,-1.7243093252182007,1.0392154471757589
UBFC_PHYS_s14_T1_ctrl,42,119,45.96666666666667,-2.246185064315796,0.9050858331957061
UBFC_PHYS_s14_T1_ctrl,42,120,46.0,-2.3239171504974365,0.6630111573454326
UBFC_PHYS_s14_T1_ctrl,42,121,46.03333333333333,-1.932580828666687,0.3274360090167505
UBFC_PHYS_s14_T1_ctrl,42,122,46.06666666666667,-1.3344093561172485,-0.0761697207400228
UBFC_PHYS_s14_T1_ctrl,42,123,46.1,-0.8060279488563538,-0.499737537658017
UBFC_PHYS_s14_T1_ctrl,42,124,46.13333333333333,-0.505294680595398,-0.872340517376907
UBFC_PHYS_s14_T1_ctrl,42,125,46.166666666666664,-0.458486407995224,-1.114944431874944
UBFC_PHYS_s14_T1_ctrl,42,126,46.2,-0.5694518685340881,-1.1651987120008962
UBFC_PHYS_s14_T1_ctrl,42,127,46.233333333333334,-0.6489019989967346,-1.0014340846253014
UBFC_PHYS_s14_T1_ctrl,42,128,46.266666666666666,-0.5612843632698059,-0.6544038777908685
UBFC_PHYS_s14_T1_ctrl,42,129,46.3,-0.3783321678638458,-0.20011722430002735
UBFC_PHYS_s14_T1_ctrl,42,130,46.333333333333336,-0.24711692333221436,0.26452091020240726
UBFC_PHYS_s14_T1_ctrl,42,131,46.36666666666667,-0.1967036873102188,0.6529882650492542
UBFC_PHYS_s14_T1_ctrl,42,132,46.4,-0.213911771774292,0.9126075072522433
UBFC_PHYS_s14_T1_ctrl,42,133,46.43333333333333,-0.3440849483013153,1.0292894004421569
UBFC_PHYS_s14_T1_ctrl,42,134,46.46666666666667,-0.5944049954414368,1.0142735243072047
UBFC_PHYS_s14_T1_ctrl,42,135,46.5,-0.8313754200935364,0.8847531095227997
UBFC_PHYS_s14_T1_ctrl,42,136,46.53333333333333,-0.8290941119194031,0.6526053573732616
UBFC_PHYS_s14_T1_ctrl,42,137,46.56666666666667,-0.4868755340576172,0.3281214169522641
UBFC_PHYS_s14_T1_ctrl,42,138,46.6,0.06516353040933609,-0.06591902582109425
UBFC_PHYS_s14_T1_ctrl,42,139,46.63333333333333,0.5630717277526855,-0.48210300575287274
UBFC_PHYS_s14_T1_ctrl,42,140,46.666666666666664,0.8160673379898071,-0.8490117943664628
UBFC_PHYS_s14_T1_ctrl,42,141,46.7,0.7967751026153564,-1.0874486370908565
UBFC_PHYS_s14_T1_ctrl,42,142,46.733333333333334,0.593009889125824,-1.1363500494766507
UBFC_PHYS_s14_T1_ctrl,42,143,46.766666666666666,0.3578701317310333,-0.976948915830621
UBFC_PHYS_s14_T1_ctrl,42,144,46.8,0.2168257087469101,-0.6434190054686632
UBFC_PHYS_s14_T1_ctrl,42,145,46.833333333333336,0.14661329984664917,-0.21358658313479936
UBFC_PHYS_s14_T1_ctrl,42,146,46.86666666666667,0.060882631689310074,0.21741747268165199
UBFC_PHYS_s14_T1_ctrl,42,147,46.9,-0.06951586157083511,0.5688020000092199
UBFC_PHYS_s14_T1_ctrl,42,148,46.93333333333333,-0.25232723355293274,0.7958086702590438
UBFC_PHYS_s14_T1_ctrl,42,149,46.96666666666667,-0.5272061228752136,0.8915063283136134
UBFC_PHYS_s14_T1_ctrl,42,150,47.0,-0.8799579739570618,0.8710734088551242
UBFC_PHYS_s14_T1_ctrl,42,151,47.03333333333333,-1.1633142232894897,0.7516823114140794
UBFC_PHYS_s14_T1_ctrl,42,152,47.06666666666667,-1.1826064586639404,0.5422587441245221
UBFC_PHYS_s14_T1_ctrl,42,153,47.1,-0.8598490357398987,0.2490862754123477
UBFC_PHYS_s14_T1_ctrl,42,154,47.13333333333333,-0.3436906635761261,-0.1084529879226048
UBFC_PHYS_s14_T1_ctrl,42,155,47.166666666666664,0.07409146428108215,-0.48491966869228786
UBFC_PHYS_s14_T1_ctrl,42,156,47.2,0.186155304312706,-0.809718152900505
UBFC_PHYS_s14_T1_ctrl,42,157,47.233333333333334,0.006498290691524744,-1.0045172464573864
UBFC_PHYS_s14_T1_ctrl,42,158,47.266666666666666,-0.3058948218822479,-1.0106115196158674
UBFC_PHYS_s14_T1_ctrl,42,159,47.3,-0.6013896465301514,-0.8138462955827751
UBFC_PHYS_s14_T1_ctrl,42,160,47.333333333333336,-0.8425000905990601,-0.45465124715531485
UBFC_PHYS_s14_T1_ctrl,42,161,47.36666666666667,-1.086764931678772,-0.01684360640312598
UBFC_PHYS_s14_T1_ctrl,42,162,47.4,-1.3905398845672607,0.40100401185670403
UBFC_PHYS_s14_T1_ctrl,42,163,47.43333333333333,-1.7275763750076294,0.7186467205975744
UBFC_PHYS_s14_T1_ctrl,42,164,47.46666666666667,-1.9973013401031494,0.8957806727363559
UBFC_PHYS_s14_T1_ctrl,42,165,47.5,-2.1633832454681396,0.93249729169026
UBFC_PHYS_s14_T1_ctrl,42,166,47.53333333333333,-2.274320602416992,0.8518198861498949
UBFC_PHYS_s14_T1_ctrl,42,167,47.56666666666667,-2.2410027980804443,0.6781869601393885
UBFC_PHYS_s14_T1_ctrl,42,168,47.6,-1.8768727779388428,0.4262893751376754
UBFC_PHYS_s14_T1_ctrl,42,169,47.63333333333333,-1.2628732919692993,0.10596362051526857
UBFC_PHYS_s14_T1_ctrl,42,170,47.666666666666664,-0.7168894410133362,-0.26258696614433247
UBFC_PHYS_s14_T1_ctrl,42,171,47.7,-0.40689027309417725,-0.635827604751066
UBFC_PHYS_s14_T1_ctrl,42,172,47.733333333333334,-0.2745484709739685,-0.9470846413927124
UBFC_PHYS_s14_T1_ctrl,42,173,47.766666666666666,-0.23861144483089447,-1.1227772636520084
UBFC_PHYS_s14_T1_ctrl,42,174,47.8,-0.2663809657096863,-1.1084885881947242
UBFC_PHYS_s14_T1_ctrl,42,175,47.833333333333336,-0.3230184316635132,-0.8928362146303512
UBFC_PHYS_s14_T1_ctrl,42,176,47.86666666666667,-0.36830583214759827,-0.5169912440787263
UBFC_PHYS_s14_T1_ctrl,42,177,47.9,-0.3912593722343445,-0.06373018633387986
UBFC_PHYS_s14_T1_ctrl,42,178,47.93333333333333,-0.4299001097679138,0.3702227996254808
UBFC_PHYS_s14_T1_ctrl,42,179,47.96666666666667,-0.5387532711029053,0.7060319829662127
UBFC_PHYS_s14_T1_ctrl,42,180,48.0,-0.7451940774917603,0.9035993983550807
UBFC_PHYS_s14_T1_ctrl,42,181,48.03333333333333,-1.0153696537017822,0.9622034285552505
UBFC_PHYS_s14_T1_ctrl,42,182,48.06666666666667,-1.1678485870361328,0.9037435329090937
UBFC_PHYS_s14_T1_ctrl,42,183,48.1,-0.9750953912734985,0.7515083168945538
UBFC_PHYS_s14_T1_ctrl,42,184,48.13333333333333,-0.4379267990589142,0.5184908399106163
UBFC_PHYS_s14_T1_ctrl,42,185,48.166666666666664,0.15520326793193817,0.21156283228243117
UBFC_PHYS_s14_T1_ctrl,42,186,48.2,0.5377243161201477,-0.15321565927614528
UBFC_PHYS_s14_T1_ctrl,42,187,48.233333333333334,0.6503232717514038,-0.5361705625955315
UBFC_PHYS_s14_T1_ctrl,42,188,48.266666666666666,0.5598891973495483,-0.8717249886584394
UBFC_PHYS_s14_T1_ctrl,42,189,48.3,0.40532615780830383,-1.0823467862211085
UBFC_PHYS_s14_T1_ctrl,42,190,48.333333333333336,0.31207576394081116,-1.10407298629649
UBFC_PHYS_s14_T1_ctrl,42,191,48.36666666666667,0.2810674011707306,-0.9126451253976691
UBFC_PHYS_s14_T1_ctrl,42,192,48.4,0.2556072771549225,-0.5379342986900051
UBFC_PHYS_s14_T1_ctrl,42,193,48.43333333333333,0.21158723533153534,-0.05858673117510764
UBFC_PHYS_s14_T1_ctrl,42,194,48.46666666666667,0.11174649000167847,0.4226898067481163
UBFC_PHYS_s14_T1_ctrl,42,195,48.5,-0.11615515500307083,0.8131899444232866
UBFC_PHYS_s14_T1_ctrl,42,196,48.53333333333333,-0.501605212688446,1.0576130360334353
UBFC_PHYS_s14_T1_ctrl,42,197,48.56666666666667,-0.933722734451294,1.1456705191541154
UBFC_PHYS_s14_T1_ctrl,42,198,48.6,-1.182352900505066,1.0987974174386403
UBFC_PHYS_s14_T1_ctrl,42,199,48.63333333333333,-1.0522360801696777,0.9473360737877333
UBFC_PHYS_s14_T1_ctrl,42,200,48.666666666666664,-0.5662130117416382,0.7132849591568777
UBFC_PHYS_s14_T1_ctrl,42,201,48.7,0.06254429370164871,0.4077607879766779
UBFC_PHYS_s14_T1_ctrl,42,202,48.733333333333334,0.5912919044494629,0.041829573616356336
UBFC_PHYS_s14_T1_ctrl,42,203,48.766666666666666,0.844005823135376,-0.35886024785809756
UBFC_PHYS_s14_T1_ctrl,42,204,48.8,0.7857912182807922,-0.7465538206248473
UBFC_PHYS_s14_T1_ctrl,42,205,48.833333333333336,0.5759707689285278,-1.056928080837742
UBFC_PHYS_s14_T1_ctrl,42,206,48.86666666666667,0.43757373094558716,-1.2261693720221905
UBFC_PHYS_s14_T1_ctrl,42,207,48.9,0.4227313995361328,-1.2120891505738067
UBFC_PHYS_s14_T1_ctrl,42,208,48.93333333333333,0.3941732943058014,-1.009925159747104
UBFC_PHYS_s14_T1_ctrl,42,209,48.96666666666667,0.26273274421691895,-0.6559510701223588
UBFC_PHYS_s14_T1_ctrl,42,210,49.0,0.08704681694507599,-0.21732278148702056
UBFC_PHYS_s14_T1_ctrl,42,211,49.03333333333333,-0.08765336126089096,0.22732807653904996
UBFC_PHYS_s14_T1_ctrl,42,212,49.06666666666667,-0.3053033649921417,0.6077705677944545
UBFC_PHYS_s14_T1_ctrl,42,213,49.1,-0.6139788627624512,0.8741809786860634
UBFC_PHYS_s14_T1_ctrl,42,214,49.13333333333333,-0.9665054082870483,0.9985712601496471
UBFC_PHYS_s14_T1_ctrl,42,215,49.166666666666664,-1.1337140798568726,0.9698029535712889
UBFC_PHYS_s14_T1_ctrl,42,216,49.2,-0.8529207110404968,0.7895480981112905
UBFC_PHYS_s14_T1_ctrl,42,217,49.233333333333334,-0.17025785148143768,0.47402773984711843
UBFC_PHYS_s14_T1_ctrl,42,218,49.266666666666666,0.5472436547279358,0.05987315072696823
UBFC_PHYS_s14_T1_ctrl,42,219,49.3,1.0164529085159302,-0.39282019814989927
UBFC_PHYS_s14_T1_ctrl,42,220,49.333333333333336,1.2220488786697388,-0.8069058821728889
UBFC_PHYS_s14_T1_ctrl,42,221,49.36666666666667,1.2157964706420898,-1.1053208593880803
UBFC_PHYS_s14_T1_ctrl,42,222,49.4,1.0390965938568115,-1.2333210211934373
UBFC_PHYS_s14_T1_ctrl,42,223,49.43333333333333,0.7913958430290222,-1.1761296111066488
UBFC_PHYS_s14_T1_ctrl,42,224,49.46666666666667,0.5985863208770752,-0.9635377651551874
UBFC_PHYS_s14_T1_ctrl,42,225,49.5,0.4723278880119324,-0.6584690602764477
UBFC_PHYS_s14_T1_ctrl,42,226,49.53333333333333,0.3128361701965332,-0.3333608208312137
UBFC_PHYS_s14_T1_ctrl,42,227,49.56666666666667,0.09639720618724823,-0.04392786142498911
UBFC_PHYS_s14_T1_ctrl,42,228,49.6,-0.11319795250892639,0.18788602630963616
UBFC_PHYS_s14_T1_ctrl,42,229,49.63333333333333,-0.30778178572654724,0.37356616512753554
UBFC_PHYS_s14_T1_ctrl,42,230,49.666666666666664,-0.5517086386680603,0.541107228153457
UBFC_PHYS_s14_T1_ctrl,42,231,49.7,-0.8904349207878113,0.7115307460815409
UBFC_PHYS_s14_T1_ctrl,42,232,49.733333333333334,-1.297909140586853,0.8822963183319003
UBFC_PHYS_s14_T1_ctrl,42,233,49.766666666666666,-1.626524567604065,1.0265105698795485
UBFC_PHYS_s14_T1_ctrl,42,234,49.8,-1.6058241128921509,1.1068368340065926
UBFC_PHYS_s14_T1_ctrl,42,235,49.833333333333336,-1.081610918045044,1.0942957252089136
UBFC_PHYS_s14_T1_ctrl,42,236,49.86666666666667,-0.21833349764347076,0.9805817869989467
UBFC_PHYS_s14_T1_ctrl,42,237,49.9,0.6146115064620972,0.7783452375672019
UBFC_PHYS_s14_T1_ctrl,42,238,49.93333333333333,1.1645382642745972,0.5126437156295272
UBFC_PHYS_s14_T1_ctrl,42,239,49.96666666666667,1.389539122581482,0.2118997453909077
UBFC_PHYS_s14_T1_ctrl,43,0,43.0,0.8588763475418091,-0.12439530139342687
UBFC_PHYS_s14_T1_ctrl,43,1,43.03333333333333,0.6190614104270935,0.6208276570600323
UBFC_PHYS_s14_T1_ctrl,43,2,43.06666666666667,0.42157667875289917,1.2791551343322733
UBFC_PHYS_s14_T1_ctrl,43,3,43.1,0.3382399380207062,1.776000358271553
UBFC_PHYS_s14_T1_ctrl,43,4,43.13333333333333,0.39501821994781494,2.065222026647491
UBFC_PHYS_s14_T1_ctrl,43,5,43.166666666666664,0.4412068724632263,2.1359343280598324
UBFC_PHYS_s14_T1_ctrl,43,6,43.2,0.2633804976940155,2.0095362588230525
UBFC_PHYS_s14_T1_ctrl,43,7,43.233333333333334,-0.18814188241958618,1.7277659137387456
UBFC_PHYS_s14_T1_ctrl,43,8,43.266666666666666,-0.753023624420166,1.3369401312264289
UBFC_PHYS_s14_T1_ctrl,43,9,43.3,-1.1325030326843262,0.8755319107829097
UBFC_PHYS_s14_T1_ctrl,43,10,43.333333333333336,-1.1235750913619995,0.3708472162611563
UBFC_PHYS_s14_T1_ctrl,43,11,43.36666666666667,-0.7901154160499573,-0.15407867682980503
UBFC_PHYS_s14_T1_ctrl,43,12,43.4,-0.36472904682159424,-0.6682542074236802
UBFC_PHYS_s14_T1_ctrl,43,13,43.43333333333333,-0.09582087397575378,-1.1237725945683386
UBFC_PHYS_s14_T1_ctrl,43,14,43.46666666666667,-0.17515835165977478,-1.4574671798949932
UBFC_PHYS_s14_T1_ctrl,43,15,43.5,-0.5715641379356384,-1.6051676498707887
UBFC_PHYS_s14_T1_ctrl,43,16,43.53333333333333,-0.9456360340118408,-1.5239821488591698
UBFC_PHYS_s14_T1_ctrl,43,17,43.56666666666667,-0.9955141544342041,-1.213122895729378
UBFC_PHYS_s14_T1_ctrl,43,18,43.6,-0.803831160068512,-0.7228273143433888
UBFC_PHYS_s14_T1_ctrl,43,19,43.63333333333333,-0.6806144714355469,-0.1452103133723374
UBFC_PHYS_s14_T1_ctrl,43,20,43.666666666666664,-0.7853275537490845,0.41074994095650647
UBFC_PHYS_s14_T1_ctrl,43,21,43.7,-0.8532586693763733,0.8498520966212774
UBFC_PHYS_s14_T1_ctrl,43,22,43.733333333333334,-0.2860393226146698,1.113758592417274
UBFC_PHYS_s14_T1_ctrl,43,23,43.766666666666666,0.9911336302757263,1.18752214778306
UBFC_PHYS_s14_T1_ctrl,43,24,43.8,1.9933432340621948,1.0898102547889248
UBFC_PHYS_s14_T1_ctrl,43,25,43.833333333333336,2.0648512840270996,0.8554796203462377
UBFC_PHYS_s14_T1_ctrl,43,26,43.86666666666667,1.7408263683319092,0.5213640177381684
UBFC_PHYS_s14_T1_ctrl,43,27,43.9,1.5936986207962036,0.12186461736326246
UBFC_PHYS_s14_T1_ctrl,43,28,43.93333333333333,1.463722586631775,-0.30641863720864565
UBFC_PHYS_s14_T1_ctrl,43,29,43.96666666666667,1.1102948188781738,-0.7176220074596814
UBFC_PHYS_s14_T1_ctrl,43,30,44.0,0.5411884188652039,-1.0548491316803503
UBFC_PHYS_s14_T1_ctrl,43,31,44.03333333333333,-0.24123068153858185,-1.2579369935379243
UBFC_PHYS_s14_T1_ctrl,43,32,44.06666666666667,-1.0792170763015747,-1.279295033237581
UBFC_PHYS_s14_T1_ctrl,43,33,44.1,-1.6069225072860718,-1.1014033547833189
UBFC_PHYS_s14_T1_ctrl,43,34,44.13333333333333,-1.6672494411468506,-0.747704315220069
UBFC_PHYS_s14_T1_ctrl,43,35,44.166666666666664,-1.5892637968063354,-0.28069733332742114
UBFC_PHYS_s14_T1_ctrl,43,36,44.2,-1.874675989151001,0.21367497507045916
UBFC_PHYS_s14_T1_ctrl,43,37,44.233333333333334,-2.612793445587158,0.6497019706025086
UBFC_PHYS_s14_T1_ctrl,43,38,44.266666666666666,-3.3420393466949463,0.9633026976679454
UBFC_PHYS_s14_T1_ctrl,43,39,44.3,-3.609623670578003,1.1218738931917012
UBFC_PHYS_s14_T1_ctrl,43,40,44.333333333333336,-3.4123079776763916,1.120752960100033
UBFC_PHYS_s14_T1_ctrl,43,41,44.36666666666667,-2.868154764175415,0.9726774866790198
UBFC_PHYS_s14_T1_ctrl,43,42,44.4,-2.030731678009033,0.6993655327837682
UBFC_PHYS_s14_T1_ctrl,43,43,44.43333333333333,-1.0159610509872437,0.3304900265063239
UBFC_PHYS_s14_T1_ctrl,43,44,44.46666666666667,0.18291646242141724,-0.0918193389920728
UBFC_PHYS_s14_T1_ctrl,43,45,44.5,1.6611227989196777,-0.5098509937781982
UBFC_PHYS_s14_T1_ctrl,43,46,44.53333333333333,2.9969046115875244,-0.8548382896289544
UBFC_PHYS_s14_T1_ctrl,43,47,44.56666666666667,3.531679391860962,-1.060548531225956
UBFC_PHYS_s14_T1_ctrl,43,48,44.6,3.307016611099243,-1.0819321967489783
UBFC_PHYS_s14_T1_ctrl,43,49,44.63333333333333,2.8488757610321045,-0.9113422411250557
UBFC_PHYS_s14_T1_ctrl,43,50,44.666666666666664,2.3902840614318848,-0.5845464646832063
UBFC_PHYS_s14_T1_ctrl,43,51,44.7,1.9254120588302612,-0.17218717255916774
UBFC_PHYS_s14_T1_ctrl,43,52,44.733333333333334,1.5779268741607666,0.24140683155787776
UBFC_PHYS_s14_T1_ctrl,43,53,44.766666666666666,1.4108027219772339,0.5837199089605043
UBFC_PHYS_s14_T1_ctrl,43,54,44.8,1.1986165046691895,0.812399187119311
UBFC_PHYS_s14_T1_ctrl,43,55,44.833333333333336,0.8011404871940613,0.9181680346088984
UBFC_PHYS_s14_T1_ctrl,43,56,44.86666666666667,0.4773692190647125,0.9129629800900102
UBFC_PHYS_s14_T1_ctrl,43,57,44.9,0.5686481595039368,0.812737572229278
UBFC_PHYS_s14_T1_ctrl,43,58,44.93333333333333,1.0512351989746094,0.6267765987447237
UBFC_PHYS_s14_T1_ctrl,43,59,44.96666666666667,1.653067946434021,0.36014833721537265
UBFC_PHYS_s14_T1_ctrl,43,60,45.0,2.2234134674072266,0.026540159325058543
UBFC_PHYS_s14_T1_ctrl,43,61,45.03333333333333,2.6704297065734863,-0.33864954943954617
UBFC_PHYS_s14_T1_ctrl,43,62,45.06666666666667,2.770101547241211,-0.675637316059732
UBFC_PHYS_s14_T1_ctrl,43,63,45.1,2.3853836059570312,-0.9125265615831132
UBFC_PHYS_s14_T1_ctrl,43,64,45.13333333333333,1.6858787536621094,-0.9881904230877211
UBFC_PHYS_s14_T1_ctrl,43,65,45.166666666666664,0.9995546340942383,-0.8752633124709758
UBFC_PHYS_s14_T1_ctrl,43,66,45.2,0.6321012377738953,-0.5927139423096756
UBFC_PHYS_s14_T1_ctrl,43,67,45.233333333333334,0.7685267925262451,-0.20240178016649493
UBFC_PHYS_s14_T1_ctrl,43,68,45.266666666666666,1.2759543657302856,0.20934683675953883
UBFC_PHYS_s14_T1_ctrl,43,69,45.3,1.6964402198791504,0.557975687094179
UBFC_PHYS_s14_T1_ctrl,43,70,45.333333333333336,1.7092829942703247,0.7839260539931395
UBFC_PHYS_s14_T1_ctrl,43,71,45.36666666666667,1.3501378297805786,0.8634608500806065
UBFC_PHYS_s14_T1_ctrl,43,72,45.4,0.8562571406364441,0.8045254709501047
UBFC_PHYS_s14_T1_ctrl,43,73,45.43333333333333,0.5569038391113281,0.6330663636465503
UBFC_PHYS_s14_T1_ctrl,43,74,45.46666666666667,0.7241406440734863,0.3792608000346741
UBFC_PHYS_s14_T1_ctrl,43,75,45.5,1.3045687675476074,0.07131171916763844
UBFC_PHYS_s14_T1_ctrl,43,76,45.53333333333333,1.9197511672973633,-0.26166487507581787
UBFC_PHYS_s14_T1_ctrl,43,77,45.56666666666667,2.260505199432373,-0.5826676792598959
UBFC_PHYS_s14_T1_ctrl,43,78,45.6,2.280952215194702,-0.8437080531917206
UBFC_PHYS_s14_T1_ctrl,43,79,45.63333333333333,2.05997896194458,-0.9921421578645371
UBFC_PHYS_s14_T1_ctrl,43,80,45.666666666666664,1.7128033638000488,-0.9856488896214962
UBFC_PHYS_s14_T1_ctrl,43,81,45.7,1.3534893989562988,-0.8090634383984937
UBFC_PHYS_s14_T1_ctrl,43,82,45.733333333333334,1.0022584199905396,-0.48454378263755754
UBFC_PHYS_s14_T1_ctrl,43,83,45.766666666666666,0.6124992370605469,-0.06944810955068277
UBFC_PHYS_s14_T1_ctrl,43,84,45.8,0.21614977717399597,0.35817048418351555
UBFC_PHYS_s14_T1_ctrl,43,85,45.833333333333336,-0.12742067873477936,0.7208406293233033
UBFC_PHYS_s14_T1_ctrl,43,86,45.86666666666667,-0.49831005930900574,0.9607927811569429
UBFC_PHYS_s14_T1_ctrl,43,87,45.9,-1.0442938804626465,1.0493719174852014
UBFC_PHYS_s14_T1_ctrl,43,88,45.93333333333333,-1.7243093252182007,0.9850948183882463
UBFC_PHYS_s14_T1_ctrl,43,89,45.96666666666667,-2.246185064315796,0.7850631969716703
UBFC_PHYS_s14_T1_ctrl,43,90,46.0,-2.3239171504974365,0.4768929732674142
UBFC_PHYS_s14_T1_ctrl,43,91,46.03333333333333,-1.932580828666687,0.09589930175509227
UBFC_PHYS_s14_T1_ctrl,43,92,46.06666666666667,-1.3344093561172485,-0.31297186678572514
UBFC_PHYS_s14_T1_ctrl,43,93,46.1,-0.8060279488563538,-0.6934730433438488
UBFC_PHYS_s14_T1_ctrl,43,94,46.13333333333333,-0.505294680595398,-0.9824047984803698
UBFC_PHYS_s14_T1_ctrl,43,95,46.166666666666664,-0.458486407995224,-1.1222293799030407
UBFC_PHYS_s14_T1_ctrl,43,96,46.2,-0.5694518685340881,-1.0784122602410329
UBFC_PHYS_s14_T1_ctrl,43,97,46.233333333333334,-0.6489019989967346,-0.8536188258195962
UBFC_PHYS_s14_T1_ctrl,43,98,46.266666666666666,-0.5612843632698059,-0.49099442755771855
UBFC_PHYS_s14_T1_ctrl,43,99,46.3,-0.3783321678638458,-0.06337171107969777
UBFC_PHYS_s14_T1_ctrl,43,100,46.333333333333336,-0.24711692333221436,0.3479990581003841
UBFC_PHYS_s14_T1_ctrl,43,101,46.36666666666667,-0.1967036873102188,0.6762848466136364
UBFC_PHYS_s14_T1_ctrl,43,102,46.4,-0.213911771774292,0.883685531346036
UBFC_PHYS_s14_T1_ctrl,43,103,46.43333333333333,-0.3440849483013153,0.9624367426621053
UBFC_PHYS_s14_T1_ctrl,43,104,46.46666666666667,-0.5944049954414368,0.9243907111859029
UBFC_PHYS_s14_T1_ctrl,43,105,46.5,-0.8313754200935364,0.7874265915869847
UBFC_PHYS_s14_T1_ctrl,43,106,46.53333333333333,-0.8290941119194031,0.5675527299435218
UBFC_PHYS_s14_T1_ctrl,43,107,46.56666666666667,-0.4868755340576172,0.2807760929708672
UBFC_PHYS_s14_T1_ctrl,43,108,46.6,0.06516353040933609,-0.0482296732920245
UBFC_PHYS_s14_T1_ctrl,43,109,46.63333333333333,0.5630717277526855,-0.37862294634261306
UBFC_PHYS_s14_T1_ctrl,43,110,46.666666666666664,0.8160673379898071,-0.6548820894684811
UBFC_PHYS_s14_T1_ctrl,43,111,46.7,0.7967751026153564,-0.8198938143558964
UBFC_PHYS_s14_T1_ctrl,43,112,46.733333333333334,0.593009889125824,-0.8348725760520039
UBFC_PHYS_s14_T1_ctrl,43,113,46.766666666666666,0.3578701317310333,-0.6962397781494786
UBFC_PHYS_s14_T1_ctrl,43,114,46.8,0.2168257087469101,-0.44009666357927224
UBFC_PHYS_s14_T1_ctrl,43,115,46.833333333333336,0.14661329984664917,-0.1309122756363377
UBFC_PHYS_s14_T1_ctrl,43,116,46.86666666666667,0.060882631689310074,0.16067161570281438
UBFC_PHYS_s14_T1_ctrl,43,117,46.9,-0.06951586157083511,0.3802932172174571
UBFC_PHYS_s14_T1_ctrl,43,118,46.93333333333333,-0.25232723355293274,0.5023024232491355
UBFC_PHYS_s14_T1_ctrl,43,119,46.96666666666667,-0.5272061228752136,0.5279106055628167
UBFC_PHYS_s14_T1_ctrl,43,120,47.0,-0.8799579739570618,0.47293309960021074
UBFC_PHYS_s14_T1_ctrl,43,121,47.03333333333333,-1.1633142232894897,0.3543426984971768
UBFC_PHYS_s14_T1_ctrl,43,122,47.06666666666667,-1.1826064586639404,0.18418968579078265
UBFC_PHYS_s14_T1_ctrl,43,123,47.1,-0.8598490357398987,-0.026288222995909293
UBFC_PHYS_s14_T1_ctrl,43,124,47.13333333333333,-0.3436906635761261,-0.2566452128100462
UBFC_PHYS_s14_T1_ctrl,43,125,47.166666666666664,0.07409146428108215,-0.4698799441470515
UBFC_PHYS_s14_T1_ctrl,43,126,47.2,0.186155304312706,-0.6152966946967916
UBFC_PHYS_s14_T1_ctrl,43,127,47.233333333333334,0.006498290691524744,-0.6432985418777899
UBFC_PHYS_s14_T1_ctrl,43,128,47.266666666666666,-0.3058948218822479,-0.5263700242203564
UBFC_PHYS_s14_T1_ctrl,43,129,47.3,-0.6013896465301514,-0.27557507711727497
UBFC_PHYS_s14_T1_ctrl,43,130,47.333333333333336,-0.8425000905990601,0.057310859483883175
UBFC_PHYS_s14_T1_ctrl,43,131,47.36666666666667,-1.086764931678772,0.39504383591959746
UBFC_PHYS_s14_T1_ctrl,43,132,47.4,-1.3905398845672607,0.660854001724785
UBFC_PHYS_s14_T1_ctrl,43,133,47.43333333333333,-1.7275763750076294,0.8023364892011785
UBFC_PHYS_s14_T1_ctrl,43,134,47.46666666666667,-1.9973013401031494,0.802515710394975
UBFC_PHYS_s14_T1_ctrl,43,135,47.5,-2.1633832454681396,0.6753120616193098
UBFC_PHYS_s14_T1_ctrl,43,136,47.53333333333333,-2.274320602416992,0.45117219796258584
UBFC_PHYS_s14_T1_ctrl,43,137,47.56666666666667,-2.2410027980804443,0.16287420902818178
UBFC_PHYS_s14_T1_ctrl,43,138,47.6,-1.8768727779388428,-0.16052307415623338
UBFC_PHYS_s14_T1_ctrl,43,139,47.63333333333333,-1.2628732919692993,-0.4900693886649434
UBFC_PHYS_s14_T1_ctrl,43,140,47.666666666666664,-0.7168894410133362,-0.788915254851701
UBFC_PHYS_s14_T1_ctrl,43,141,47.7,-0.40689027309417725,-1.0083729285763499
UBFC_PHYS_s14_T1_ctrl,43,142,47.733333333333334,-0.2745484709739685,-1.0942978692899672
UBFC_PHYS_s14_T1_ctrl,43,143,47.766666666666666,-0.23861144483089447,-1.0038458217913402
UBFC_PHYS_s14_T1_ctrl,43,144,47.8,-0.2663809657096863,-0.7258949667101368
UBFC_PHYS_s14_T1_ctrl,43,145,47.833333333333336,-0.3230184316635132,-0.29458069873352116
UBFC_PHYS_s14_T1_ctrl,43,146,47.86666666666667,-0.36830583214759827,0.21312814433868665
UBFC_PHYS_s14_T1_ctrl,43,147,47.9,-0.3912593722343445,0.6976991003694201
UBFC_PHYS_s14_T1_ctrl,43,148,47.93333333333333,-0.4299001097679138,1.067158324966859
UBFC_PHYS_s14_T1_ctrl,43,149,47.96666666666667,-0.5387532711029053,1.2630809073799312
UBFC_PHYS_s14_T1_ctrl,43,150,48.0,-0.7451940774917603,1.2710376546576125
UBFC_PHYS_s14_T1_ctrl,43,151,48.03333333333333,-1.0153696537017822,1.1130584138290063
UBFC_PHYS_s14_T1_ctrl,43,152,48.06666666666667,-1.1678485870361328,0.8291343914149139
UBFC_PHYS_s14_T1_ctrl,43,153,48.1,-0.9750953912734985,0.4594469691761481
UBFC_PHYS_s14_T1_ctrl,43,154,48.13333333333333,-0.4379267990589142,0.03663388134015516
UBFC_PHYS_s14_T1_ctrl,43,155,48.166666666666664,0.15520326793193817,-0.4098804825751892
UBFC_PHYS_s14_T1_ctrl,43,156,48.2,0.5377243161201477,-0.8431301535974868
UBFC_PHYS_s14_T1_ctrl,43,157,48.233333333333334,0.6503232717514038,-1.2109056293633635
UBFC_PHYS_s14_T1_ctrl,43,158,48.266666666666666,0.5598891973495483,-1.4486877866449308
UBFC_PHYS_s14_T1_ctrl,43,159,48.3,0.40532615780830383,-1.4947608370301064
UBFC_PHYS_s14_T1_ctrl,43,160,48.333333333333336,0.31207576394081116,-1.312270062819017
UBFC_PHYS_s14_T1_ctrl,43,161,48.36666666666667,0.2810674011707306,-0.9085234888970573
UBFC_PHYS_s14_T1_ctrl,43,162,48.4,0.2556072771549225,-0.3416941124916199
UBFC_PHYS_s14_T1_ctrl,43,163,48.43333333333333,0.21158723533153534,0.29015379248293516
UBFC_PHYS_s14_T1_ctrl,43,164,48.46666666666667,0.11174649000167847,0.8747753066678812
UBFC_PHYS_s14_T1_ctrl,43,165,48.5,-0.11615515500307083,1.3160757590738748
UBFC_PHYS_s14_T1_ctrl,43,166,48.53333333333333,-0.501605212688446,1.5566651635159623
UBFC_PHYS_s14_T1_ctrl,43,167,48.56666666666667,-0.933722734451294,1.5843502103148637
UBFC_PHYS_s14_T1_ctrl,43,168,48.6,-1.182352900505066,1.4227624807053538
UBFC_PHYS_s14_T1_ctrl,43,169,48.63333333333333,-1.0522360801696777,1.1138516862507954
UBFC_PHYS_s14_T1_ctrl,43,170,48.666666666666664,-0.5662130117416382,0.7020336104626169
UBFC_PHYS_s14_T1_ctrl,43,171,48.7,0.06254429370164871,0.22646356466974527
UBFC_PHYS_s14_T1_ctrl,43,172,48.733333333333334,0.5912919044494629,-0.2777931722951993
UBFC_PHYS_s14_T1_ctrl,43,173,48.766666666666666,0.844005823135376,-0.7737310834226326
UBFC_PHYS_s14_T1_ctrl,43,174,48.8,0.7857912182807922,-1.21732774029025
UBFC_PHYS_s14_T1_ctrl,43,175,48.833333333333336,0.5759707689285278,-1.5578550029705438
UBFC_PHYS_s14_T1_ctrl,43,176,48.86666666666667,0.43757373094558716,-1.7447839890630272
UBFC_PHYS_s14_T1_ctrl,43,177,48.9,0.4227313995361328,-1.7391503774268973
UBFC_PHYS_s14_T1_ctrl,43,178,48.93333333333333,0.3941732943058014,-1.5252398596268857
UBFC_PHYS_s14_T1_ctrl,43,179,48.96666666666667,0.26273274421691895,-1.118372614384702
UBFC_PHYS_s14_T1_ctrl,43,180,49.0,0.08704681694507599,-0.5660685901554784
UBFC_PHYS_s14_T1_ctrl,43,181,49.03333333333333,-0.08765336126089096,0.05812323717353644
UBFC_PHYS_s14_T1_ctrl,43,182,49.06666666666667,-0.3053033649921417,0.6671521010928387
UBFC_PHYS_s14_T1_ctrl,43,183,49.1,-0.6139788627624512,1.1766884134179152
UBFC_PHYS_s14_T1_ctrl,43,184,49.13333333333333,-0.9665054082870483,1.5207473763763566
UBFC_PHYS_s14_T1_ctrl,43,185,49.166666666666664,-1.1337140798568726,1.6624206477750127
UBFC_PHYS_s14_T1_ctrl,43,186,49.2,-0.8529207110404968,1.5978304317408873
UBFC_PHYS_s14_T1_ctrl,43,187,49.233333333333334,-0.17025785148143768,1.3540408193970819
UBFC_PHYS_s14_T1_ctrl,43,188,49.266666666666666,0.5472436547279358,0.9823278103362357
UBFC_PHYS_s14_T1_ctrl,43,189,49.3,1.0164529085159302,0.5477149330778115
UBFC_PHYS_s14_T1_ctrl,43,190,49.333333333333336,1.2220488786697388,0.115848250302687
UBFC_PHYS_s14_T1_ctrl,43,191,49.36666666666667,1.2157964706420898,-0.26038507163732527
UBFC_PHYS_s14_T1_ctrl,43,192,49.4,1.0390965938568115,-0.55053160405071
UBFC_PHYS_s14_T1_ctrl,43,193,49.43333333333333,0.7913958430290222,-0.7486290938640395
UBFC_PHYS_s14_T1_ctrl,43,194,49.46666666666667,0.5985863208770752,-0.8664310796274998
UBFC_PHYS_s14_T1_ctrl,43,195,49.5,0.4723278880119324,-0.9206761363243829
UBFC_PHYS_s14_T1_ctrl,43,196,49.53333333333333,0.3128361701965332,-0.9204214024192174
UBFC_PHYS_s14_T1_ctrl,43,197,49.56666666666667,0.09639720618724823,-0.8608105357275604
UBFC_PHYS_s14_T1_ctrl,43,198,49.6,-0.11319795250892639,-0.7267325035423167
UBFC_PHYS_s14_T1_ctrl,43,199,49.63333333333333,-0.30778178572654724,-0.5049972816237449
UBFC_PHYS_s14_T1_ctrl,43,200,49.666666666666664,-0.5517086386680603,-0.19918917077546122
UBFC_PHYS_s14_T1_ctrl,43,201,49.7,-0.8904349207878113,0.16069413879953984
UBFC_PHYS_s14_T1_ctrl,43,202,49.733333333333334,-1.297909140586853,0.5201354191655514
UBFC_PHYS_s14_T1_ctrl,43,203,49.766666666666666,-1.626524567604065,0.8147002327904949
UBFC_PHYS_s14_T1_ctrl,43,204,49.8,-1.6058241128921509,0.9917615694133536
UBFC_PHYS_s14_T1_ctrl,43,205,49.833333333333336,-1.081610918045044,1.0292448744160363
UBFC_PHYS_s14_T1_ctrl,43,206,49.86666666666667,-0.21833349764347076,0.942134880541914
UBFC_PHYS_s14_T1_ctrl,43,207,49.9,0.6146115064620972,0.7735245599612076
UBFC_PHYS_s14_T1_ctrl,43,208,49.93333333333333,1.1645382642745972,0.5750476080952442
UBFC_PHYS_s14_T1_ctrl,43,209,49.96666666666667,1.389539122581482,0.38671937522425476
UBFC_PHYS_s14_T1_ctrl,43,210,50.0,1.3328734636306763,0.22532630433211429
UBFC_PHYS_s14_T1_ctrl,43,211,50.03333333333333,1.1051689386367798,0.08491755993343768
UBFC_PHYS_s14_T1_ctrl,43,212,50.06666666666667,0.8872655034065247,-0.05345649564128391
UBFC_PHYS_s14_T1_ctrl,43,213,50.1,0.7530085444450378,-0.2093043708664597
UBFC_PHYS_s14_T1_ctrl,43,214,50.13333333333333,0.6737555265426636,-0.3935371394713473
UBFC_PHYS_s14_T1_ctrl,43,215,50.166666666666664,0.6410291790962219,-0.6051484898273682
UBFC_PHYS_s14_T1_ctrl,43,216,50.2,0.6255109310150146,-0.8326281804344059
UBFC_PHYS_s14_T1_ctrl,43,217,50.233333333333334,0.5048007965087891,-1.057057452646894
UBFC_PHYS_s14_T1_ctrl,43,218,50.266666666666666,0.20786961913108826,-1.2542579030254826
UBFC_PHYS_s14_T1_ctrl,43,219,50.3,-0.14817741513252258,-1.3955016054558547
UBFC_PHYS_s14_T1_ctrl,43,220,50.333333333333336,-0.4394758343696594,-1.4486468454718209
UBFC_PHYS_s14_T1_ctrl,43,221,50.36666666666667,-0.7201001644134521,-1.3825545323056845
UBFC_PHYS_s14_T1_ctrl,43,222,50.4,-1.1087608337402344,-1.1762888098483895
UBFC_PHYS_s14_T1_ctrl,43,223,50.43333333333333,-1.55276358127594,-0.8310725145762211
UBFC_PHYS_s14_T1_ctrl,43,224,50.46666666666667,-1.7553459405899048,-0.3791017761430168
UBFC_PHYS_s14_T1_ctrl,43,225,50.5,-1.4067622423171997,0.11745624960649202
UBFC_PHYS_s14_T1_ctrl,43,226,50.53333333333333,-0.5553699731826782,0.5798405617873275
UBFC_PHYS_s14_T1_ctrl,43,227,50.56666666666667,0.34508374333381653,0.9344579657818892
UBFC_PHYS_s14_T1_ctrl,43,228,50.6,0.9781783223152161,1.1342907757861107
UBFC_PHYS_s14_T1_ctrl,43,229,50.63333333333333,1.330507755279541,1.171067941198308
UBFC_PHYS_s14_T1_ctrl,43,230,50.666666666666664,1.4649617671966553,1.0738487212944423
UBFC_PHYS_s14_T1_ctrl,43,231,50.7,1.4277573823928833,0.8958442272582063
UBFC_PHYS_s14_T1_ctrl,43,232,50.733333333333334,1.3218895196914673,0.6956071679503271
UBFC_PHYS_s14_T1_ctrl,43,233,50.766666666666666,1.2336241006851196,0.5198394467958265
UBFC_PHYS_s14_T1_ctrl,43,234,50.8,1.1487665176391602,0.3933948229856463
UBFC_PHYS_s14_T1_ctrl,43,235,50.833333333333336,1.0582761764526367,0.3186511894966422
UBFC_PHYS_s14_T1_ctrl,43,236,50.86666666666667,0.9958370327949524,0.2826569334158738
UBFC_PHYS_s14_T1_ctrl,43,237,50.9,0.9345806837081909,0.2676628196790668
UBFC_PHYS_s14_T1_ctrl,43,238,50.93333333333333,0.7759620547294617,0.25986841810766886
UBFC_PHYS_s14_T1_ctrl,43,239,50.96666666666667,0.49314096570014954,0.2529285073132922
UBFC_PHYS_s14_T1_ctrl,44,0,44.0,0.5411884188652039,0.029856050940074097
UBFC_PHYS_s14_T1_ctrl,44,1,44.03333333333333,-0.24123068153858185,0.05979793116237911
UBFC_PHYS_s14_T1_ctrl,44,2,44.06666666666667,-1.0792170763015747,0.14600040689234353
UBFC_PHYS_s14_T1_ctrl,44,3,44.1,-1.6069225072860718,0.32235416656354593
UBFC_PHYS_s14_T1_ctrl,44,4,44.13333333333333,-1.6672494411468506,0.5819024230264599
UBFC_PHYS_s14_T1_ctrl,44,5,44.166666666666664,-1.5892637968063354,0.8784943745203161
UBFC_PHYS_s14_T1_ctrl,44,6,44.2,-1.874675989151001,1.1437171507290003
UBFC_PHYS_s14_T1_ctrl,44,7,44.233333333333334,-2.612793445587158,1.3105421773735566
UBFC_PHYS_s14_T1_ctrl,44,8,44.266666666666666,-3.3420393466949463,1.3331832581670005
UBFC_PHYS_s14_T1_ctrl,44,9,44.3,-3.609623670578003,1.1962434148310401
UBFC_PHYS_s14_T1_ctrl,44,10,44.333333333333336,-3.4123079776763916,0.9126264885939286
UBFC_PHYS_s14_T1_ctrl,44,11,44.36666666666667,-2.868154764175415,0.5149800380212419
UBFC_PHYS_s14_T1_ctrl,44,12,44.4,-2.030731678009033,0.04681363334890916
UBFC_PHYS_s14_T1_ctrl,44,13,44.43333333333333,-1.0159610509872437,-0.44291507853386086
UBFC_PHYS_s14_T1_ctrl,44,14,44.46666666666667,0.18291646242141724,-0.9018275299592992
UBFC_PHYS_s14_T1_ctrl,44,15,44.5,1.6611227989196777,-1.2756346507951222
UBFC_PHYS_s14_T1_ctrl,44,16,44.53333333333333,2.9969046115875244,-1.5121830960185005
UBFC_PHYS_s14_T1_ctrl,44,17,44.56666666666667,3.531679391860962,-1.5692451525189812
UBFC_PHYS_s14_T1_ctrl,44,18,44.6,3.307016611099243,-1.4248355484568451
UBFC_PHYS_s14_T1_ctrl,44,19,44.63333333333333,2.8488757610321045,-1.086674974177796
UBFC_PHYS_s14_T1_ctrl,44,20,44.666666666666664,2.3902840614318848,-0.5962637060842132
UBFC_PHYS_s14_T1_ctrl,44,21,44.7,1.9254120588302612,-0.024055752486430035
UBFC_PHYS_s14_T1_ctrl,44,22,44.733333333333334,1.5779268741607666,0.5442726302530624
UBFC_PHYS_s14_T1_ctrl,44,23,44.766666666666666,1.4108027219772339,1.026169229139421
UBFC_PHYS_s14_T1_ctrl,44,24,44.8,1.1986165046691895,1.3583504952285148
UBFC_PHYS_s14_T1_ctrl,44,25,44.833333333333336,0.8011404871940613,1.505139085676129
UBFC_PHYS_s14_T1_ctrl,44,26,44.86666666666667,0.4773692190647125,1.458051508896669
UBFC_PHYS_s14_T1_ctrl,44,27,44.9,0.5686481595039368,1.2303938764059335
UBFC_PHYS_s14_T1_ctrl,44,28,44.93333333333333,1.0512351989746094,0.8519535989949003
UBFC_PHYS_s14_T1_ctrl,44,29,44.96666666666667,1.653067946434021,0.36654741824671117
UBFC_PHYS_s14_T1_ctrl,44,30,45.0,2.2234134674072266,-0.16865479811715361
UBFC_PHYS_s14_T1_ctrl,44,31,45.03333333333333,2.6704297065734863,-0.6854737696723587
UBFC_PHYS_s14_T1_ctrl,44,32,45.06666666666667,2.770101547241211,-1.111411844668156
UBFC_PHYS_s14_T1_ctrl,44,33,45.1,2.3853836059570312,-1.3808126937923508
UBFC_PHYS_s14_T1_ctrl,44,34,45.13333333333333,1.6858787536621094,-1.4483550720433742
UBFC_PHYS_s14_T1_ctrl,44,35,45.166666666666664,0.9995546340942383,-1.301232170187123
UBFC_PHYS_s14_T1_ctrl,44,36,45.2,0.6321012377738953,-0.9655373304145625
UBFC_PHYS_s14_T1_ctrl,44,37,45.233333333333334,0.7685267925262451,-0.5030068052569098
UBFC_PHYS_s14_T1_ctrl,44,38,45.266666666666666,1.2759543657302856,0.002879083147425369
UBFC_PHYS_s14_T1_ctrl,44,39,45.3,1.6964402198791504,0.4676380562497125
UBFC_PHYS_s14_T1_ctrl,44,40,45.333333333333336,1.7092829942703247,0.8250808859535983
UBFC_PHYS_s14_T1_ctrl,44,41,45.36666666666667,1.3501378297805786,1.0370074377868146
UBFC_PHYS_s14_T1_ctrl,44,42,45.4,0.8562571406364441,1.0914353603799376
UBFC_PHYS_s14_T1_ctrl,44,43,45.43333333333333,0.5569038391113281,0.9947108817573231
UBFC_PHYS_s14_T1_ctrl,44,44,45.46666666666667,0.7241406440734863,0.7650057101897578
UBFC_PHYS_s14_T1_ctrl,44,45,45.5,1.3045687675476074,0.4312576225537065
UBFC_PHYS_s14_T1_ctrl,44,46,45.53333333333333,1.9197511672973633,0.035914600727285785
UBFC_PHYS_s14_T1_ctrl,44,47,45.56666666666667,2.260505199432373,-0.36389327856203585
UBFC_PHYS_s14_T1_ctrl,44,48,45.6,2.280952215194702,-0.7014677129620661
UBFC_PHYS_s14_T1_ctrl,44,49,45.63333333333333,2.05997896194458,-0.912843954605085
UBFC_PHYS_s14_T1_ctrl,44,50,45.666666666666664,1.7128033638000488,-0.9530585398105009
UBFC_PHYS_s14_T1_ctrl,44,51,45.7,1.3534893989562988,-0.8105523120568491
UBFC_PHYS_s14_T1_ctrl,44,52,45.733333333333334,1.0022584199905396,-0.513620304595056
UBFC_PHYS_s14_T1_ctrl,44,53,45.766666666666666,0.6124992370605469,-0.12512379787645714
UBFC_PHYS_s14_T1_ctrl,44,54,45.8,0.21614977717399597,0.2739796070582821
UBFC_PHYS_s14_T1_ctrl,44,55,45.833333333333336,-0.12742067873477936,0.6066289048797511
UBFC_PHYS_s14_T1_ctrl,44,56,45.86666666666667,-0.49831005930900574,0.8180638838777251
UBFC_PHYS_s14_T1_ctrl,44,57,45.9,-1.0442938804626465,0.8831388246571427
UBFC_PHYS_s14_T1_ctrl,44,58,45.93333333333333,-1.7243093252182007,0.8021432851286798
UBFC_PHYS_s14_T1_ctrl,44,59,45.96666666666667,-2.246185064315796,0.5917892939492814
UBFC_PHYS_s14_T1_ctrl,44,60,46.0,-2.3239171504974365,0.27928208149609324
UBFC_PHYS_s14_T1_ctrl,44,61,46.03333333333333,-1.932580828666687,-0.09731962463711774
UBFC_PHYS_s14_T1_ctrl,44,62,46.06666666666667,-1.3344093561172485,-0.4859179555646278
UBFC_PHYS_s14_T1_ctrl,44,63,46.1,-0.8060279488563538,-0.8212636238648003
UBFC_PHYS_s14_T1_ctrl,44,64,46.13333333333333,-0.505294680595398,-1.0343676883147956
UBFC_PHYS_s14_T1_ctrl,44,65,46.166666666666664,-0.458486407995224,-1.06918841828241
UBFC_PHYS_s14_T1_ctrl,44,66,46.2,-0.5694518685340881,-0.9007238758878028
UBFC_PHYS_s14_T1_ctrl,44,67,46.233333333333334,-0.6489019989967346,-0.5470030864400584
UBFC_PHYS_s14_T1_ctrl,44,68,46.266666666666666,-0.5612843632698059,-0.069000669661323
UBFC_PHYS_s14_T1_ctrl,44,69,46.3,-0.3783321678638458,0.44304442663376503
UBFC_PHYS_s14_T1_ctrl,44,70,46.333333333333336,-0.24711692333221436,0.8925203114417983
UBFC_PHYS_s14_T1_ctrl,44,71,46.36666666666667,-0.1967036873102188,1.1999796824421853
UBFC_PHYS_s14_T1_ctrl,44,72,46.4,-0.213911771774292,1.3188932689320232
UBFC_PHYS_s14_T1_ctrl,44,73,46.43333333333333,-0.3440849483013153,1.2394478421196367
UBFC_PHYS_s14_T1_ctrl,44,74,46.46666666666667,-0.5944049954414368,0.9821668129752548
UBFC_PHYS_s14_T1_ctrl,44,75,46.5,-0.8313754200935364,0.5873365865235004
UBFC_PHYS_s14_T1_ctrl,44,76,46.53333333333333,-0.8290941119194031,0.10634275287135446
UBFC_PHYS_s14_T1_ctrl,44,77,46.56666666666667,-0.4868755340576172,-0.4024890250656365
UBFC_PHYS_s14_T1_ctrl,44,78,46.6,0.06516353040933609,-0.8755274568214558
UBFC_PHYS_s14_T1_ctrl,44,79,46.63333333333333,0.5630717277526855,-1.2472915645896554
UBFC_PHYS_s14_T1_ctrl,44,80,46.666666666666664,0.8160673379898071,-1.4585832144594255
UBFC_PHYS_s14_T1_ctrl,44,81,46.7,0.7967751026153564,-1.4684883801221775
UBFC_PHYS_s14_T1_ctrl,44,82,46.733333333333334,0.593009889125824,-1.266359500862752
UBFC_PHYS_s14_T1_ctrl,44,83,46.766666666666666,0.3578701317310333,-0.8786217474090289
UBFC_PHYS_s14_T1_ctrl,44,84,46.8,0.2168257087469101,-0.36614528516706124
UBFC_PHYS_s14_T1_ctrl,44,85,46.833333333333336,0.14661329984664917,0.18860303877420626
UBFC_PHYS_s14_T1_ctrl,44,86,46.86666666666667,0.060882631689310074,0.700373585333675
UBFC_PHYS_s14_T1_ctrl,44,87,46.9,-0.06951586157083511,1.0984428897160383
UBFC_PHYS_s14_T1_ctrl,44,88,46.93333333333333,-0.25232723355293274,1.3362587567700783
UBFC_PHYS_s14_T1_ctrl,44,89,46.96666666666667,-0.5272061228752136,1.3921754153999544
UBFC_PHYS_s14_T1_ctrl,44,90,47.0,-0.8799579739570618,1.265224188060803
UBFC_PHYS_s14_T1_ctrl,44,91,47.03333333333333,-1.1633142232894897,0.9717134375164119
UBFC_PHYS_s14_T1_ctrl,44,92,47.06666666666667,-1.1826064586639404,0.5455923013735949
UBFC_PHYS_s14_T1_ctrl,44,93,47.1,-0.8598490357398987,0.04055881216760884
UBFC_PHYS_s14_T1_ctrl,44,94,47.13333333333333,-0.3436906635761261,-0.4712064921582604
UBFC_PHYS_s14_T1_ctrl,44,95,47.166666666666664,0.07409146428108215,-0.9078806536690707
UBFC_PHYS_s14_T1_ctrl,44,96,47.2,0.186155304312706,-1.1942235765010025
UBFC_PHYS_s14_T1_ctrl,44,97,47.233333333333334,0.006498290691524744,-1.2803385229377144
UBFC_PHYS_s14_T1_ctrl,44,98,47.266666666666666,-0.3058948218822479,-1.1561681846389544
UBFC_PHYS_s14_T1_ctrl,44,99,47.3,-0.6013896465301514,-0.8557488075543876
UBFC_PHYS_s14_T1_ctrl,44,100,47.333333333333336,-0.8425000905990601,-0.4479913224208976
UBFC_PHYS_s14_T1_ctrl,44,101,47.36666666666667,-1.086764931678772,-0.015854208098455183
UBFC_PHYS_s14_T1_ctrl,44,102,47.4,-1.3905398845672607,0.3678665603043627
UBFC_PHYS_s14_T1_ctrl,44,103,47.43333333333333,-1.7275763750076294,0.6571118608987015
UBFC_PHYS_s14_T1_ctrl,44,104,47.46666666666667,-1.9973013401031494,0.8347285424470549
UBFC_PHYS_s14_T1_ctrl,44,105,47.5,-2.1633832454681396,0.9020796147432041
UBFC_PHYS_s14_T1_ctrl,44,106,47.53333333333333,-2.274320602416992,0.8651530268958796
UBFC_PHYS_s14_T1_ctrl,44,107,47.56666666666667,-2.2410027980804443,0.727378247253107
UBFC_PHYS_s14_T1_ctrl,44,108,47.6,-1.8768727779388428,0.49360871953897884
UBFC_PHYS_s14_T1_ctrl,44,109,47.63333333333333,-1.2628732919692993,0.1813808801147228
UBFC_PHYS_s14_T1_ctrl,44,110,47.666666666666664,-0.7168894410133362,-0.16966544533634553
UBFC_PHYS_s14_T1_ctrl,44,111,47.7,-0.40689027309417725,-0.49849481016858027
UBFC_PHYS_s14_T1_ctrl,44,112,47.733333333333334,-0.2745484709739685,-0.7357639852860568
UBFC_PHYS_s14_T1_ctrl,44,113,47.766666666666666,-0.23861144483089447,-0.8245481926133248
UBFC_PHYS_s14_T1_ctrl,44,114,47.8,-0.2663809657096863,-0.7401833601157133
UBFC_PHYS_s14_T1_ctrl,44,115,47.833333333333336,-0.3230184316635132,-0.5008647049951106
UBFC_PHYS_s14_T1_ctrl,44,116,47.86666666666667,-0.36830583214759827,-0.16380991928667232
UBFC_PHYS_s14_T1_ctrl,44,117,47.9,-0.3912593722343445,0.19243177588642854
UBFC_PHYS_s14_T1_ctrl,44,118,47.93333333333333,-0.4299001097679138,0.4921978104024054
UBFC_PHYS_s14_T1_ctrl,44,119,47.96666666666667,-0.5387532711029053,0.6826865547243388
UBFC_PHYS_s14_T1_ctrl,44,120,48.0,-0.7451940774917603,0.7417735176713025
UBFC_PHYS_s14_T1_ctrl,44,121,48.03333333333333,-1.0153696537017822,0.6730225114237858
UBFC_PHYS_s14_T1_ctrl,44,122,48.06666666666667,-1.1678485870361328,0.49426345732299004
UBFC_PHYS_s14_T1_ctrl,44,123,48.1,-0.9750953912734985,0.22854753560537477
UBFC_PHYS_s14_T1_ctrl,44,124,48.13333333333333,-0.4379267990589142,-0.09729453410927084
UBFC_PHYS_s14_T1_ctrl,44,125,48.166666666666664,0.15520326793193817,-0.44790480616632206
UBFC_PHYS_s14_T1_ctrl,44,126,48.2,0.5377243161201477,-0.7748805589476394
UBFC_PHYS_s14_T1_ctrl,44,127,48.233333333333334,0.6503232717514038,-1.0191385959048977
UBFC_PHYS_s14_T1_ctrl,44,128,48.266666666666666,0.5598891973495483,-1.1222912023939142
UBFC_PHYS_s14_T1_ctrl,44,129,48.3,0.40532615780830383,-1.0435218879882233
UBFC_PHYS_s14_T1_ctrl,44,130,48.333333333333336,0.31207576394081116,-0.7754020251933952
UBFC_PHYS_s14_T1_ctrl,44,131,48.36666666666667,0.2810674011707306,-0.3519768287928479
UBFC_PHYS_s14_T1_ctrl,44,132,48.4,0.2556072771549225,0.15559937106470376
UBFC_PHYS_s14_T1_ctrl,44,133,48.43333333333333,0.21158723533153534,0.6561914806672626
UBFC_PHYS_s14_T1_ctrl,44,134,48.46666666666667,0.11174649000167847,1.0627817421051196
UBFC_PHYS_s14_T1_ctrl,44,135,48.5,-0.11615515500307083,1.3139158181573012
UBFC_PHYS_s14_T1_ctrl,44,136,48.53333333333333,-0.501605212688446,1.3845326117435954
UBFC_PHYS_s14_T1_ctrl,44,137,48.56666666666667,-0.933722734451294,1.2839412107236932
UBFC_PHYS_s14_T1_ctrl,44,138,48.6,-1.182352900505066,1.0446615336507943
UBFC_PHYS_s14_T1_ctrl,44,139,48.63333333333333,-1.0522360801696777,0.7087713614292068
UBFC_PHYS_s14_T1_ctrl,44,140,48.666666666666664,-0.5662130117416382,0.31727779938195916
UBFC_PHYS_s14_T1_ctrl,44,141,48.7,0.06254429370164871,-0.09515617622050464
UBFC_PHYS_s14_T1_ctrl,44,142,48.733333333333334,0.5912919044494629,-0.5004441198486979
UBFC_PHYS_s14_T1_ctrl,44,143,48.766666666666666,0.844005823135376,-0.8739432566422031
UBFC_PHYS_s14_T1_ctrl,44,144,48.8,0.7857912182807922,-1.1901541925400279
UBFC_PHYS_s14_T1_ctrl,44,145,48.833333333333336,0.5759707689285278,-1.4195827057070165
UBFC_PHYS_s14_T1_ctrl,44,146,48.86666666666667,0.43757373094558716,-1.528950443451296
UBFC_PHYS_s14_T1_ctrl,44,147,48.9,0.4227313995361328,-1.486193311315582
UBFC_PHYS_s14_T1_ctrl,44,148,48.93333333333333,0.3941732943058014,-1.2700280020033776
UBFC_PHYS_s14_T1_ctrl,44,149,48.96666666666667,0.26273274421691895,-0.8815500501318375
UBFC_PHYS_s14_T1_ctrl,44,150,49.0,0.08704681694507599,-0.35325963017101536
UBFC_PHYS_s14_T1_ctrl,44,151,49.03333333333333,-0.08765336126089096,0.2495227322501011
UBFC_PHYS_s14_T1_ctrl,44,152,49.06666666666667,-0.3053033649921417,0.8378051277241538
UBFC_PHYS_s14_T1_ctrl,44,153,49.1,-0.6139788627624512,1.3175061524038763
UBFC_PHYS_s14_T1_ctrl,44,154,49.13333333333333,-0.9665054082870483,1.611998724242672
UBFC_PHYS_s14_T1_ctrl,44,155,49.166666666666664,-1.1337140798568726,1.6809397549083789
UBFC_PHYS_s14_T1_ctrl,44,156,49.2,-0.8529207110404968,1.5290257863947203
UBFC_PHYS_s14_T1_ctrl,44,157,49.233333333333334,-0.17025785148143768,1.2021841347547515
UBFC_PHYS_s14_T1_ctrl,44,158,49.266666666666666,0.5472436547279358,0.7730563822778058
UBFC_PHYS_s14_T1_ctrl,44,159,49.3,1.0164529085159302,0.3208132463094809
UBFC_PHYS_s14_T1_ctrl,44,160,49.333333333333336,1.2220488786697388,-0.08845213117399979
UBFC_PHYS_s14_T1_ctrl,44,161,49.36666666666667,1.2157964706420898,-0.4151583805191329
UBFC_PHYS_s14_T1_ctrl,44,162,49.4,1.0390965938568115,-0.6499344552808745
UBFC_PHYS_s14_T1_ctrl,44,163,49.43333333333333,0.7913958430290222,-0.8071007192682748
UBFC_PHYS_s14_T1_ctrl,44,164,49.46666666666667,0.5985863208770752,-0.9109592125313746
UBFC_PHYS_s14_T1_ctrl,44,165,49.5,0.4723278880119324,-0.9805152665908459
UBFC_PHYS_s14_T1_ctrl,44,166,49.53333333333333,0.3128361701965332,-1.0187182250248001
UBFC_PHYS_s14_T1_ctrl,44,167,49.56666666666667,0.09639720618724823,-1.0104332456878273
UBFC_PHYS_s14_T1_ctrl,44,168,49.6,-0.11319795250892639,-0.9298536507429297
UBFC_PHYS_s14_T1_ctrl,44,169,49.63333333333333,-0.30778178572654724,-0.7542746683910353
UBFC_PHYS_s14_T1_ctrl,44,170,49.666666666666664,-0.5517086386680603,-0.47851612015296346
UBFC_PHYS_s14_T1_ctrl,44,171,49.7,-0.8904349207878113,-0.12380048435734073
UBFC_PHYS_s14_T1_ctrl,44,172,49.733333333333334,-1.297909140586853,0.26317348077741365
UBFC_PHYS_s14_T1_ctrl,44,173,49.766666666666666,-1.626524567604065,0.6214931773616238
UBFC_PHYS_s14_T1_ctrl,44,174,49.8,-1.6058241128921509,0.8939090208212468
UBFC_PHYS_s14_T1_ctrl,44,175,49.833333333333336,-1.081610918045044,1.0443704812684564
UBFC_PHYS_s14_T1_ctrl,44,176,49.86666666666667,-0.21833349764347076,1.0676575926884295
UBFC_PHYS_s14_T1_ctrl,44,177,49.9,0.6146115064620972,0.9868562600254005
UBFC_PHYS_s14_T1_ctrl,44,178,49.93333333333333,1.1645382642745972,0.8407301172324995
UBFC_PHYS_s14_T1_ctrl,44,179,49.96666666666667,1.389539122581482,0.668011529734776
UBFC_PHYS_s14_T1_ctrl,44,180,50.0,1.3328734636306763,0.49569834812508917
UBFC_PHYS_s14_T1_ctrl,44,181,50.03333333333333,1.1051689386367798,0.3346862942661867
UBFC_PHYS_s14_T1_ctrl,44,182,50.06666666666667,0.8872655034065247,0.1818574440153035
UBFC_PHYS_s14_T1_ctrl,44,183,50.1,0.7530085444450378,0.02557805027980426
UBFC_PHYS_s14_T1_ctrl,44,184,50.13333333333333,0.6737555265426636,-0.14797528264517007
UBFC_PHYS_s14_T1_ctrl,44,185,50.166666666666664,0.6410291790962219,-0.3486910747982068
UBFC_PHYS_s14_T1_ctrl,44,186,50.2,0.6255109310150146,-0.5768767895281331
UBFC_PHYS_s14_T1_ctrl,44,187,50.233333333333334,0.5048007965087891,-0.818773082752375
UBFC_PHYS_s14_T1_ctrl,44,188,50.266666666666666,0.20786961913108826,-1.0447453002186782
UBFC_PHYS_s14_T1_ctrl,44,189,50.3,-0.14817741513252258,-1.2120062754665375
UBFC_PHYS_s14_T1_ctrl,44,190,50.333333333333336,-0.4394758343696594,-1.2729360213788588
UBFC_PHYS_s14_T1_ctrl,44,191,50.36666666666667,-0.7201001644134521,-1.1882166118046324
UBFC_PHYS_s14_T1_ctrl,44,192,50.4,-1.1087608337402344,-0.941634480030934
UBFC_PHYS_s14_T1_ctrl,44,193,50.43333333333333,-1.55276358127594,-0.5511706154767633
UBFC_PHYS_s14_T1_ctrl,44,194,50.46666666666667,-1.7553459405899048,-0.07025130770955805
UBFC_PHYS_s14_T1_ctrl,44,195,50.5,-1.4067622423171997,0.42400223537008075
UBFC_PHYS_s14_T1_ctrl,44,196,50.53333333333333,-0.5553699731826782,0.8520642578850613
UBFC_PHYS_s14_T1_ctrl,44,197,50.56666666666667,0.34508374333381653,1.1538014330351334
UBFC_PHYS_s14_T1_ctrl,44,198,50.6,0.9781783223152161,1.3017041751759688
UBFC_PHYS_s14_T1_ctrl,44,199,50.63333333333333,1.330507755279541,1.3013492992796267
UBFC_PHYS_s14_T1_ctrl,44,200,50.666666666666664,1.4649617671966553,1.181100333724666
UBFC_PHYS_s14_T1_ctrl,44,201,50.7,1.4277573823928833,0.9772652354722872
UBFC_PHYS_s14_T1_ctrl,44,202,50.733333333333334,1.3218895196914673,0.7214317423987426
UBFC_PHYS_s14_T1_ctrl,44,203,50.766666666666666,1.2336241006851196,0.43413163807386157
UBFC_PHYS_s14_T1_ctrl,44,204,50.8,1.1487665176391602,0.12536400725279995
UBFC_PHYS_s14_T1_ctrl,44,205,50.833333333333336,1.0582761764526367,-0.20014212243504323
UBFC_PHYS_s14_T1_ctrl,44,206,50.86666666666667,0.9958370327949524,-0.5358003197096333
UBFC_PHYS_s14_T1_ctrl,44,207,50.9,0.9345806837081909,-0.8667065768990844
UBFC_PHYS_s14_T1_ctrl,44,208,50.93333333333333,0.7759620547294617,-1.1660030833757167
UBFC_PHYS_s14_T1_ctrl,44,209,50.96666666666667,0.49314096570014954,-1.395676800968785
UBFC_PHYS_s14_T1_ctrl,44,210,51.0,0.17660777270793915,-1.5122471494199508
UBFC_PHYS_s14_T1_ctrl,44,211,51.03333333333333,-0.10083403438329697,-1.476373506576968
UBFC_PHYS_s14_T1_ctrl,44,212,51.06666666666667,-0.3875417411327362,-1.2642716983844517
UBFC_PHYS_s14_T1_ctrl,44,213,51.1,-0.7729917764663696,-0.8780649488806516
UBFC_PHYS_s14_T1_ctrl,44,214,51.13333333333333,-1.2786450386047363,-0.35179976285272496
UBFC_PHYS_s14_T1_ctrl,44,215,51.166666666666664,-1.7350115776062012,0.24992944017902533
UBFC_PHYS_s14_T1_ctrl,44,216,51.2,-1.816123366355896,0.8424421082362594
UBFC_PHYS_s14_T1_ctrl,44,217,51.233333333333334,-1.3557857275009155,1.3390541828930944
UBFC_PHYS_s14_T1_ctrl,44,218,51.266666666666666,-0.581365168094635,1.6711854410657367
UBFC_PHYS_s14_T1_ctrl,44,219,51.3,0.1571747362613678,1.803107746448645
UBFC_PHYS_s14_T1_ctrl,44,220,51.333333333333336,0.7508680820465088,1.7366471765772458
UBFC_PHYS_s14_T1_ctrl,44,221,51.36666666666667,1.199545979499817,1.50600127408597
UBFC_PHYS_s14_T1_ctrl,44,222,51.4,1.4312214851379395,1.166217578292431
UBFC_PHYS_s14_T1_ctrl,44,223,51.43333333333333,1.4224625825881958,0.7795307468357673
UBFC_PHYS_s14_T1_ctrl,44,224,51.46666666666667,1.2947678565979004,0.4025274091745729
UBFC_PHYS_s14_T1_ctrl,44,225,51.5,1.162200689315796,0.07593146502709018
UBFC_PHYS_s14_T1_ctrl,44,226,51.53333333333333,1.033576488494873,-0.18122330980365908
UBFC_PHYS_s14_T1_ctrl,44,227,51.56666666666667,0.9023049473762512,-0.37133172957404414
UBFC_PHYS_s14_T1_ctrl,44,228,51.6,0.7598523497581482,-0.5116825215273598
UBFC_PHYS_s14_T1_ctrl,44,229,51.63333333333333,0.569267749786377,-0.6238726257288295
UBFC_PHYS_s14_T1_ctrl,44,230,51.666666666666664,0.35066017508506775,-0.7231839305854593
UBFC_PHYS_s14_T1_ctrl,44,231,51.7,0.1752559095621109,-0.8121087452866906
UBFC_PHYS_s14_T1_ctrl,44,232,51.733333333333334,0.032437171787023544,-0.8805340613504945
UBFC_PHYS_s14_T1_ctrl,44,233,51.766666666666666,-0.1581474095582962,-0.9121606465841825
UBFC_PHYS_s14_T1_ctrl,44,234,51.8,-0.43485695123672485,-0.8937783626232892
UBFC_PHYS_s14_T1_ctrl,44,235,51.833333333333336,-0.8167302012443542,-0.8225505211280636
UBFC_PHYS_s14_T1_ctrl,44,236,51.86666666666667,-1.2823063135147095,-0.7074773796838707
UBFC_PHYS_s14_T1_ctrl,44,237,51.9,-1.63150954246521,-0.5645285688744004
UBFC_PHYS_s14_T1_ctrl,44,238,51.93333333333333,-1.5654371976852417,-0.4089218400485159
UBFC_PHYS_s14_T1_ctrl,44,239,51.96666666666667,-1.0159610509872437,-0.2498417155174324
UBFC_PHYS_s14_T1_ctrl,45,0,45.0,2.2234134674072266,0.12333776456037207
UBFC_PHYS_s14_T1_ctrl,45,1,45.03333333333333,2.6704297065734863,-0.07966275225727477
UBFC_PHYS_s14_T1_ctrl,45,2,45.06666666666667,2.770101547241211,-0.2274085453703015
UBFC_PHYS_s14_T1_ctrl,45,3,45.1,2.3853836059570312,-0.26964840155605174
UBFC_PHYS_s14_T1_ctrl,45,4,45.13333333333333,1.6858787536621094,-0.1753202706222253
UBFC_PHYS_s14_T1_ctrl,45,5,45.166666666666664,0.9995546340942383,0.057412055375022586
UBFC_PHYS_s14_T1_ctrl,45,6,45.2,0.6321012377738953,0.3951837398715737
UBFC_PHYS_s14_T1_ctrl,45,7,45.233333333333334,0.7685267925262451,0.7728274301127642
UBFC_PHYS_s14_T1_ctrl,45,8,45.266666666666666,1.2759543657302856,1.1085313175585294
UBFC_PHYS_s14_T1_ctrl,45,9,45.3,1.6964402198791504,1.3270453012730261
UBFC_PHYS_s14_T1_ctrl,45,10,45.333333333333336,1.7092829942703247,1.3815951675024125
UBFC_PHYS_s14_T1_ctrl,45,11,45.36666666666667,1.3501378297805786,1.2645756191156512
UBFC_PHYS_s14_T1_ctrl,45,12,45.4,0.8562571406364441,1.0031045890936132
UBFC_PHYS_s14_T1_ctrl,45,13,45.43333333333333,0.5569038391113281,0.6437734743473624
UBFC_PHYS_s14_T1_ctrl,45,14,45.46666666666667,0.7241406440734863,0.23569753187701098
UBFC_PHYS_s14_T1_ctrl,45,15,45.5,1.3045687675476074,-0.17979901924185235
UBFC_PHYS_s14_T1_ctrl,45,16,45.53333333333333,1.9197511672973633,-0.5696252615671772
UBFC_PHYS_s14_T1_ctrl,45,17,45.56666666666667,2.260505199432373,-0.9027151869059086
UBFC_PHYS_s14_T1_ctrl,45,18,45.6,2.280952215194702,-1.1446516407014886
UBFC_PHYS_s14_T1_ctrl,45,19,45.63333333333333,2.05997896194458,-1.2598196245116606
UBFC_PHYS_s14_T1_ctrl,45,20,45.666666666666664,1.7128033638000488,-1.2220297714664954
UBFC_PHYS_s14_T1_ctrl,45,21,45.7,1.3534893989562988,-1.028040030063147
UBFC_PHYS_s14_T1_ctrl,45,22,45.733333333333334,1.0022584199905396,-0.7057548894748685
UBFC_PHYS_s14_T1_ctrl,45,23,45.766666666666666,0.6124992370605469,-0.31125937811766885
UBFC_PHYS_s14_T1_ctrl,45,24,45.8,0.21614977717399597,0.085439871011327
UBFC_PHYS_s14_T1_ctrl,45,25,45.833333333333336,-0.12742067873477936,0.4200211185948781
UBFC_PHYS_s14_T1_ctrl,45,26,45.86666666666667,-0.49831005930900574,0.6496787497624734
UBFC_PHYS_s14_T1_ctrl,45,27,45.9,-1.0442938804626465,0.7581780132606037
UBFC_PHYS_s14_T1_ctrl,45,28,45.93333333333333,-1.7243093252182007,0.7499078174906356
UBFC_PHYS_s14_T1_ctrl,45,29,45.96666666666667,-2.246185064315796,0.6392705671654423
UBFC_PHYS_s14_T1_ctrl,45,30,46.0,-2.3239171504974365,0.44332338903694063
UBFC_PHYS_s14_T1_ctrl,45,31,46.03333333333333,-1.932580828666687,0.18176211934212977
UBFC_PHYS_s14_T1_ctrl,45,32,46.06666666666667,-1.3344093561172485,-0.11783615357076768
UBFC_PHYS_s14_T1_ctrl,45,33,46.1,-0.8060279488563538,-0.41577686553884197
UBFC_PHYS_s14_T1_ctrl,45,34,46.13333333333333,-0.505294680595398,-0.6626847206838993
UBFC_PHYS_s14_T1_ctrl,45,35,46.166666666666664,-0.458486407995224,-0.8099327939719692
UBFC_PHYS_s14_T1_ctrl,45,36,46.2,-0.5694518685340881,-0.8243641047204588
UBFC_PHYS_s14_T1_ctrl,45,37,46.233333333333334,-0.6489019989967346,-0.7005968744475908
UBFC_PHYS_s14_T1_ctrl,45,38,46.266666666666666,-0.5612843632698059,-0.4646573252937683
UBFC_PHYS_s14_T1_ctrl,45,39,46.3,-0.3783321678638458,-0.16640804084833133
UBFC_PHYS_s14_T1_ctrl,45,40,46.333333333333336,-0.24711692333221436,0.13645221090003792
UBFC_PHYS_s14_T1_ctrl,45,41,46.36666666666667,-0.1967036873102188,0.39576443050657495
UBFC_PHYS_s14_T1_ctrl,45,42,46.4,-0.213911771774292,0.583750386376162
UBFC_PHYS_s14_T1_ctrl,45,43,46.43333333333333,-0.3440849483013153,0.6929763134210971
UBFC_PHYS_s14_T1_ctrl,45,44,46.46666666666667,-0.5944049954414368,0.727566447666066
UBFC_PHYS_s14_T1_ctrl,45,45,46.5,-0.8313754200935364,0.6928023501717456
UBFC_PHYS_s14_T1_ctrl,45,46,46.53333333333333,-0.8290941119194031,0.5902186946620656
UBFC_PHYS_s14_T1_ctrl,45,47,46.56666666666667,-0.4868755340576172,0.4208273817477508
UBFC_PHYS_s14_T1_ctrl,45,48,46.6,0.06516353040933609,0.1934343535912822
UBFC_PHYS_s14_T1_ctrl,45,49,46.63333333333333,0.5630717277526855,-0.06829540090946203
UBFC_PHYS_s14_T1_ctrl,45,50,46.666666666666664,0.8160673379898071,-0.325475172370176
UBFC_PHYS_s14_T1_ctrl,45,51,46.7,0.7967751026153564,-0.5318875919841695
UBFC_PHYS_s14_T1_ctrl,45,52,46.733333333333334,0.593009889125824,-0.647355433125741
UBFC_PHYS_s14_T1_ctrl,45,53,46.766666666666666,0.3578701317310333,-0.6509669027369274
UBFC_PHYS_s14_T1_ctrl,45,54,46.8,0.2168257087469101,-0.5481976653590664
UBFC_PHYS_s14_T1_ctrl,45,55,46.833333333333336,0.14661329984664917,-0.36845708675730726
UBFC_PHYS_s14_T1_ctrl,45,56,46.86666666666667,0.060882631689310074,-0.15402936207018758
UBFC_PHYS_s14_T1_ctrl,45,57,46.9,-0.06951586157083511,0.05435501622608599
UBFC_PHYS_s14_T1_ctrl,45,58,46.93333333333333,-0.25232723355293274,0.22834786159437678
UBFC_PHYS_s14_T1_ctrl,45,59,46.96666666666667,-0.5272061228752136,0.35440902383445366
UBFC_PHYS_s14_T1_ctrl,45,60,47.0,-0.8799579739570618,0.42831801864145086
UBFC_PHYS_s14_T1_ctrl,45,61,47.03333333333333,-1.1633142232894897,0.44729429228299084
UBFC_PHYS_s14_T1_ctrl,45,62,47.06666666666667,-1.1826064586639404,0.40653513533482777
UBFC_PHYS_s14_T1_ctrl,45,63,47.1,-0.8598490357398987,0.30350583557459376
UBFC_PHYS_s14_T1_ctrl,45,64,47.13333333333333,-0.3436906635761261,0.14708323352376865
UBFC_PHYS_s14_T1_ctrl,45,65,47.166666666666664,0.07409146428108215,-0.035861864805415554
UBFC_PHYS_s14_T1_ctrl,45,66,47.2,0.186155304312706,-0.20311722784310307
UBFC_PHYS_s14_T1_ctrl,45,67,47.233333333333334,0.006498290691524744,-0.310198296600859
UBFC_PHYS_s14_T1_ctrl,45,68,47.266666666666666,-0.3058948218822479,-0.32822148763184644
UBFC_PHYS_s14_T1_ctrl,45,69,47.3,-0.6013896465301514,-0.25712673290183446
UBFC_PHYS_s14_T1_ctrl,45,70,47.333333333333336,-0.8425000905990601,-0.12654603437496018
UBFC_PHYS_s14_T1_ctrl,45,71,47.36666666666667,-1.086764931678772,0.016897425538326127
UBFC_PHYS_s14_T1_ctrl,45,72,47.4,-1.3905398845672607,0.12944425023138056
UBFC_PHYS_s14_T1_ctrl,45,73,47.43333333333333,-1.7275763750076294,0.18665356509896702
UBFC_PHYS_s14_T1_ctrl,45,74,47.46666666666667,-1.9973013401031494,0.18806429701643004
UBFC_PHYS_s14_T1_ctrl,45,75,47.5,-2.1633832454681396,0.14882178386430922
UBFC_PHYS_s14_T1_ctrl,45,76,47.53333333333333,-2.274320602416992,0.08494604585895822
UBFC_PHYS_s14_T1_ctrl,45,77,47.56666666666667,-2.2410027980804443,0.0026521748166893015
UBFC_PHYS_s14_T1_ctrl,45,78,47.6,-1.8768727779388428,-0.10097308263253327
UBFC_PHYS_s14_T1_ctrl,45,79,47.63333333333333,-1.2628732919692993,-0.22668554308915256
UBFC_PHYS_s14_T1_ctrl,45,80,47.666666666666664,-0.7168894410133362,-0.35986030402934505
UBFC_PHYS_s14_T1_ctrl,45,81,47.7,-0.40689027309417725,-0.46607293637876973
UBFC_PHYS_s14_T1_ctrl,45,82,47.733333333333334,-0.2745484709739685,-0.5004213522924748
UBFC_PHYS_s14_T1_ctrl,45,83,47.766666666666666,-0.23861144483089447,-0.4265679767387925
UBFC_PHYS_s14_T1_ctrl,45,84,47.8,-0.2663809657096863,-0.2357294799114746
UBFC_PHYS_s14_T1_ctrl,45,85,47.833333333333336,-0.3230184316635132,0.0443574803938367
UBFC_PHYS_s14_T1_ctrl,45,86,47.86666666666667,-0.36830583214759827,0.35583364492318653
UBFC_PHYS_s14_T1_ctrl,45,87,47.9,-0.3912593722343445,0.6302032701927759
UBFC_PHYS_s14_T1_ctrl,45,88,47.93333333333333,-0.4299001097679138,0.8114205473114937
UBFC_PHYS_s14_T1_ctrl,45,89,47.96666666666667,-0.5387532711029053,0.8711075587218413
UBFC_PHYS_s14_T1_ctrl,45,90,48.0,-0.7451940774917603,0.8097615896666251
UBFC_PHYS_s14_T1_ctrl,45,91,48.03333333333333,-1.0153696537017822,0.6464200170050648
UBFC_PHYS_s14_T1_ctrl,45,92,48.06666666666667,-1.1678485870361328,0.4052018817906567
UBFC_PHYS_s14_T1_ctrl,45,93,48.1,-0.9750953912734985,0.1073984607642015
UBFC_PHYS_s14_T1_ctrl,45,94,48.13333333333333,-0.4379267990589142,-0.2271584101809044
UBFC_PHYS_s14_T1_ctrl,45,95,48.166666666666664,0.15520326793193817,-0.5724398036114274
UBFC_PHYS_s14_T1_ctrl,45,96,48.2,0.5377243161201477,-0.889599512788149
UBFC_PHYS_s14_T1_ctrl,45,97,48.233333333333334,0.6503232717514038,-1.1281473909266855
UBFC_PHYS_s14_T1_ctrl,45,98,48.266666666666666,0.5598891973495483,-1.236623057035121
UBFC_PHYS_s14_T1_ctrl,45,99,48.3,0.40532615780830383,-1.1785802021998955
UBFC_PHYS_s14_T1_ctrl,45,100,48.333333333333336,0.31207576394081116,-0.9467141777483401
UBFC_PHYS_s14_T1_ctrl,45,101,48.36666666666667,0.2810674011707306,-0.5687370287322008
UBFC_PHYS_s14_T1_ctrl,45,102,48.4,0.2556072771549225,-0.10204605177201312
UBFC_PHYS_s14_T1_ctrl,45,103,48.43333333333333,0.21158723533153534,0.38102517645729295
UBFC_PHYS_s14_T1_ctrl,45,104,48.46666666666667,0.11174649000167847,0.8113723610946989
UBFC_PHYS_s14_T1_ctrl,45,105,48.5,-0.11615515500307083,1.1373888069151654
UBFC_PHYS_s14_T1_ctrl,45,106,48.53333333333333,-0.501605212688446,1.3306527967365533
UBFC_PHYS_s14_T1_ctrl,45,107,48.56666666666667,-0.933722734451294,1.3831564038580648
UBFC_PHYS_s14_T1_ctrl,45,108,48.6,-1.182352900505066,1.3002042522102375
UBFC_PHYS_s14_T1_ctrl,45,109,48.63333333333333,-1.0522360801696777,1.0941273379782526
UBFC_PHYS_s14_T1_ctrl,45,110,48.666666666666664,-0.5662130117416382,0.7817328900378392
UBFC_PHYS_s14_T1_ctrl,45,111,48.7,0.06254429370164871,0.3850835251851559
UBFC_PHYS_s14_T1_ctrl,45,112,48.733333333333334,0.5912919044494629,-0.06673529699856229
UBFC_PHYS_s14_T1_ctrl,45,113,48.766666666666666,0.844005823135376,-0.5369765116768963
UBFC_PHYS_s14_T1_ctrl,45,114,48.8,0.7857912182807922,-0.9823217317461378
UBFC_PHYS_s14_T1_ctrl,45,115,48.833333333333336,0.5759707689285278,-1.3552537901690094
UBFC_PHYS_s14_T1_ctrl,45,116,48.86666666666667,0.43757373094558716,-1.6076892191668228
UBFC_PHYS_s14_T1_ctrl,45,117,48.9,0.4227313995361328,-1.6966862693547855
UBFC_PHYS_s14_T1_ctrl,45,118,48.93333333333333,0.3941732943058014,-1.592750059730602
UBFC_PHYS_s14_T1_ctrl,45,119,48.96666666666667,0.26273274421691895,-1.2895847767913828
UBFC_PHYS_s14_T1_ctrl,45,120,49.0,0.08704681694507599,-0.8120052481334477
UBFC_PHYS_s14_T1_ctrl,45,121,49.03333333333333,-0.08765336126089096,-0.2175722919792873
UBFC_PHYS_s14_T1_ctrl,45,122,49.06666666666667,-0.3053033649921417,0.41132807686213635
UBFC_PHYS_s14_T1_ctrl,45,123,49.1,-0.6139788627624512,0.9843386504595855
UBFC_PHYS_s14_T1_ctrl,45,124,49.13333333333333,-0.9665054082870483,1.4232564468737032
UBFC_PHYS_s14_T1_ctrl,45,125,49.166666666666664,-1.1337140798568726,1.6776506602630832
UBFC_PHYS_s14_T1_ctrl,45,126,49.2,-0.8529207110404968,1.731239611872354
UBFC_PHYS_s14_T1_ctrl,45,127,49.233333333333334,-0.17025785148143768,1.5992940914568938
UBFC_PHYS_s14_T1_ctrl,45,128,49.266666666666666,0.5472436547279358,1.3200986613378363
UBFC_PHYS_s14_T1_ctrl,45,129,49.3,1.0164529085159302,0.9436107875544671
UBFC_PHYS_s14_T1_ctrl,45,130,49.333333333333336,1.2220488786697388,0.5196979566647755
UBFC_PHYS_s14_T1_ctrl,45,131,49.36666666666667,1.2157964706420898,0.0882508921875709
UBFC_PHYS_s14_T1_ctrl,45,132,49.4,1.0390965938568115,-0.32587512286389125
UBFC_PHYS_s14_T1_ctrl,45,133,49.43333333333333,0.7913958430290222,-0.7106917466849525
UBFC_PHYS_s14_T1_ctrl,45,134,49.46666666666667,0.5985863208770752,-1.058333677843729
UBFC_PHYS_s14_T1_ctrl,45,135,49.5,0.4723278880119324,-1.3541324890102526
UBFC_PHYS_s14_T1_ctrl,45,136,49.53333333333333,0.3128361701965332,-1.5696266573064614
UBFC_PHYS_s14_T1_ctrl,45,137,49.56666666666667,0.09639720618724823,-1.6643370939366295
UBFC_PHYS_s14_T1_ctrl,45,138,49.6,-0.11319795250892639,-1.5973711644250579
UBFC_PHYS_s14_T1_ctrl,45,139,49.63333333333333,-0.30778178572654724,-1.3450996539841775
UBFC_PHYS_s14_T1_ctrl,45,140,49.666666666666664,-0.5517086386680603,-0.9173094610990731
UBFC_PHYS_s14_T1_ctrl,45,141,49.7,-0.8904349207878113,-0.3635118127945104
UBFC_PHYS_s14_T1_ctrl,45,142,49.733333333333334,-1.297909140586853,0.2354276184323087
UBFC_PHYS_s14_T1_ctrl,45,143,49.766666666666666,-1.626524567604065,0.7883981874643248
UBFC_PHYS_s14_T1_ctrl,45,144,49.8,-1.6058241128921509,1.2190464300238477
UBFC_PHYS_s14_T1_ctrl,45,145,49.833333333333336,-1.081610918045044,1.4835445089443968
UBFC_PHYS_s14_T1_ctrl,45,146,49.86666666666667,-0.21833349764347076,1.5745907638465617
UBFC_PHYS_s14_T1_ctrl,45,147,49.9,0.6146115064620972,1.5129712412490475
UBFC_PHYS_s14_T1_ctrl,45,148,49.93333333333333,1.1645382642745972,1.3336257258310813
UBFC_PHYS_s14_T1_ctrl,45,149,49.96666666666667,1.389539122581482,1.0736629103501565
UBFC_PHYS_s14_T1_ctrl,45,150,50.0,1.3328734636306763,0.765843135499308
UBFC_PHYS_s14_T1_ctrl,45,151,50.03333333333333,1.1051689386367798,0.4365035873381241
UBFC_PHYS_s14_T1_ctrl,45,152,50.06666666666667,0.8872655034065247,0.10524041451288624
UBFC_PHYS_s14_T1_ctrl,45,153,50.1,0.7530085444450378,-0.21511188231728465
UBFC_PHYS_s14_T1_ctrl,45,154,50.13333333333333,0.6737555265426636,-0.5176529132130558
UBFC_PHYS_s14_T1_ctrl,45,155,50.166666666666664,0.6410291790962219,-0.7984008442509789
UBFC_PHYS_s14_T1_ctrl,45,156,50.2,0.6255109310150146,-1.050938951547628
UBFC_PHYS_s14_T1_ctrl,45,157,50.233333333333334,0.5048007965087891,-1.2606323596400923
UBFC_PHYS_s14_T1_ctrl,45,158,50.266666666666666,0.20786961913108826,-1.4015698017787848
UBFC_PHYS_s14_T1_ctrl,45,159,50.3,-0.14817741513252258,-1.4390856729148327
UBFC_PHYS_s14_T1_ctrl,45,160,50.333333333333336,-0.4394758343696594,-1.3389017301944501
UBFC_PHYS_s14_T1_ctrl,45,161,50.36666666666667,-0.7201001644134521,-1.0809799612337636
UBFC_PHYS_s14_T1_ctrl,45,162,50.4,-1.1087608337402344,-0.6730878092845092
UBFC_PHYS_s14_T1_ctrl,45,163,50.43333333333333,-1.55276358127594,-0.15748846393488783
UBFC_PHYS_s14_T1_ctrl,45,164,50.46666666666667,-1.7553459405899048,0.39436277069557957
UBFC_PHYS_s14_T1_ctrl,45,165,50.5,-1.4067622423171997,0.8991206547705464
UBFC_PHYS_s14_T1_ctrl,45,166,50.53333333333333,-0.5553699731826782,1.2840582654440036
UBFC_PHYS_s14_T1_ctrl,45,167,50.56666666666667,0.34508374333381653,1.5046573559964387
UBFC_PHYS_s14_T1_ctrl,45,168,50.6,0.9781783223152161,1.550523736540446
UBFC_PHYS_s14_T1_ctrl,45,169,50.63333333333333,1.330507755279541,1.4397774837874764
UBFC_PHYS_s14_T1_ctrl,45,170,50.666666666666664,1.4649617671966553,1.2072164627260866
UBFC_PHYS_s14_T1_ctrl,45,171,50.7,1.4277573823928833,0.8924916158769297
UBFC_PHYS_s14_T1_ctrl,45,172,50.733333333333334,1.3218895196914673,0.531958808549668
UBFC_PHYS_s14_T1_ctrl,45,173,50.766666666666666,1.2336241006851196,0.15471265414590346
UBFC_PHYS_s14_T1_ctrl,45,174,50.8,1.1487665176391602,-0.21801630885391568
UBFC_PHYS_s14_T1_ctrl,45,175,50.833333333333336,1.0582761764526367,-0.5708867846671274
UBFC_PHYS_s14_T1_ctrl,45,176,50.86666666666667,0.9958370327949524,-0.8907781562443374
UBFC_PHYS_s14_T1_ctrl,45,177,50.9,0.9345806837081909,-1.1627565929467671
UBFC_PHYS_s14_T1_ctrl,45,178,50.93333333333333,0.7759620547294617,-1.3672975353305974
UBFC_PHYS_s14_T1_ctrl,45,179,50.96666666666667,0.49314096570014954,-1.4802246063717388
UBFC_PHYS_s14_T1_ctrl,45,180,51.0,0.17660777270793915,-1.4761519193463575
UBFC_PHYS_s14_T1_ctrl,45,181,51.03333333333333,-0.10083403438329697,-1.3351998959680629
UBFC_PHYS_s14_T1_ctrl,45,182,51.06666666666667,-0.3875417411327362,-1.0515751808970901
UBFC_PHYS_s14_T1_ctrl,45,183,51.1,-0.7729917764663696,-0.6412783540597301
UBFC_PHYS_s14_T1_ctrl,45,184,51.13333333333333,-1.2786450386047363,-0.1452124752296637
UBFC_PHYS_s14_T1_ctrl,45,185,51.166666666666664,-1.7350115776062012,0.3753437351331565
UBFC_PHYS_s14_T1_ctrl,45,186,51.2,-1.816123366355896,0.8509340308480714
UBFC_PHYS_s14_T1_ctrl,45,187,51.233333333333334,-1.3557857275009155,1.2199987385486573
UBFC_PHYS_s14_T1_ctrl,45,188,51.266666666666666,-0.581365168094635,1.4427266699748584
UBFC_PHYS_s14_T1_ctrl,45,189,51.3,0.1571747362613678,1.507444950574688
UBFC_PHYS_s14_T1_ctrl,45,190,51.333333333333336,0.7508680820465088,1.4280912412433273
UBFC_PHYS_s14_T1_ctrl,45,191,51.36666666666667,1.199545979499817,1.2354145900274922
UBFC_PHYS_s14_T1_ctrl,45,192,51.4,1.4312214851379395,0.9663684457186089
UBFC_PHYS_s14_T1_ctrl,45,193,51.43333333333333,1.4224625825881958,0.6554335316901821
UBFC_PHYS_s14_T1_ctrl,45,194,51.46666666666667,1.2947678565979004,0.32962155305298246
UBFC_PHYS_s14_T1_ctrl,45,195,51.5,1.162200689315796,0.007150076620157332
UBFC_PHYS_s14_T1_ctrl,45,196,51.53333333333333,1.033576488494873,-0.30093808347321716
UBFC_PHYS_s14_T1_ctrl,45,197,51.56666666666667,0.9023049473762512,-0.5869958741495019
UBFC_PHYS_s14_T1_ctrl,45,198,51.6,0.7598523497581482,-0.8417916898468857
UBFC_PHYS_s14_T1_ctrl,45,199,51.63333333333333,0.569267749786377,-1.049788350842966
UBFC_PHYS_s14_T1_ctrl,45,200,51.666666666666664,0.35066017508506775,-1.186698462981307
UBFC_PHYS_s14_T1_ctrl,45,201,51.7,0.1752559095621109,-1.2214816469545045
UBFC_PHYS_s14_T1_ctrl,45,202,51.733333333333334,0.032437171787023544,-1.1241000933572731
UBFC_PHYS_s14_T1_ctrl,45,203,51.766666666666666,-0.1581474095582962,-0.8779648581686216
UBFC_PHYS_s14_T1_ctrl,45,204,51.8,-0.43485695123672485,-0.49265266924579715
UBFC_PHYS_s14_T1_ctrl,45,205,51.833333333333336,-0.8167302012443542,-0.01045211182421345
UBFC_PHYS_s14_T1_ctrl,45,206,51.86666666666667,-1.2823063135147095,0.4982820427539201
UBFC_PHYS_s14_T1_ctrl,45,207,51.9,-1.63150954246521,0.9511917737497131
UBFC_PHYS_s14_T1_ctrl,45,208,51.93333333333333,-1.5654371976852417,1.275718636768727
UBFC_PHYS_s14_T1_ctrl,45,209,51.96666666666667,-1.0159610509872437,1.4276644526493496
UBFC_PHYS_s14_T1_ctrl,45,210,52.0,-0.2445821762084961,1.399207866025549
UBFC_PHYS_s14_T1_ctrl,45,211,52.03333333333333,0.40650904178619385,1.2144557180859512
UBFC_PHYS_s14_T1_ctrl,45,212,52.06666666666667,0.7718501687049866,0.9163266492493538
UBFC_PHYS_s14_T1_ctrl,45,213,52.1,0.8729864358901978,0.551453445985458
UBFC_PHYS_s14_T1_ctrl,45,214,52.13333333333333,0.8232772946357727,0.1587335840024485
UBFC_PHYS_s14_T1_ctrl,45,215,52.166666666666664,0.7249574065208435,-0.23583727656663703
UBFC_PHYS_s14_T1_ctrl,45,216,52.2,0.6372552514076233,-0.6178787512139008
UBFC_PHYS_s14_T1_ctrl,45,217,52.233333333333334,0.5750413537025452,-0.97840647641303
UBFC_PHYS_s14_T1_ctrl,45,218,52.266666666666666,0.5327674746513367,-1.305665132848973
UBFC_PHYS_s14_T1_ctrl,45,219,52.3,0.5142356753349304,-1.5788053020658042
UBFC_PHYS_s14_T1_ctrl,45,220,52.333333333333336,0.4966896176338196,-1.7666649829328438
UBFC_PHYS_s14_T1_ctrl,45,221,52.36666666666667,0.4197178781032562,-1.8330684932330166
UBFC_PHYS_s14_T1_ctrl,45,222,52.4,0.26912593841552734,-1.7474824935133555
UBFC_PHYS_s14_T1_ctrl,45,223,52.43333333333333,0.09941073507070541,-1.4974563375032028
UBFC_PHYS_s14_T1_ctrl,45,224,52.46666666666667,-0.04439373314380646,-1.0979378562918385
UBFC_PHYS_s14_T1_ctrl,45,225,52.5,-0.1926199346780777,-0.5929414376225783
UBFC_PHYS_s14_T1_ctrl,45,226,52.53333333333333,-0.43618065118789673,-0.047431083055862765
UBFC_PHYS_s14_T1_ctrl,45,227,52.56666666666667,-0.7437859177589417,0.4685249410453859
UBFC_PHYS_s14_T1_ctrl,45,228,52.6,-0.8732831478118896,0.8969105483787058
UBFC_PHYS_s14_T1_ctrl,45,229,52.63333333333333,-0.626568078994751,1.2027817189199468
UBFC_PHYS_s14_T1_ctrl,45,230,52.666666666666664,-0.09813030809164047,1.3756978754043911
UBFC_PHYS_s14_T1_ctrl,45,231,52.7,0.46024560928344727,1.4239519908852805
UBFC_PHYS_s14_T1_ctrl,45,232,52.733333333333334,0.8723949790000916,1.3671767140593707
UBFC_PHYS_s14_T1_ctrl,45,233,52.766666666666666,1.0571496486663818,1.2316967994687953
UBFC_PHYS_s14_T1_ctrl,45,234,52.8,1.013411283493042,1.0487930358091313
UBFC_PHYS_s14_T1_ctrl,45,235,52.833333333333336,0.8252205848693848,0.8525971956725885
UBFC_PHYS_s14_T1_ctrl,45,236,52.86666666666667,0.6068101525306702,0.6746279077578234
UBFC_PHYS_s14_T1_ctrl,45,237,52.9,0.45517614483833313,0.5353980386999295
UBFC_PHYS_s14_T1_ctrl,45,238,52.93333333333333,0.39789092540740967,0.43719620966889045
UBFC_PHYS_s14_T1_ctrl,45,239,52.96666666666667,0.3675021529197693,0.3630965007591967
UBFC_PHYS_s14_T1_ctrl,46,0,46.0,-2.3239171504974365,0.10212481700178913
UBFC_PHYS_s14_T1_ctrl,46,1,46.03333333333333,-1.932580828666687,-0.23895206567300087
UBFC_PHYS_s14_T1_ctrl,46,2,46.06666666666667,-1.3344093561172485,-0.5388742140792916
UBFC_PHYS_s14_T1_ctrl,46,3,46.1,-0.8060279488563538,-0.7553167134028821
UBFC_PHYS_s14_T1_ctrl,46,4,46.13333333333333,-0.505294680595398,-0.8496456387111063
UBFC_PHYS_s14_T1_ctrl,46,5,46.166666666666664,-0.458486407995224,-0.7944950197043108
UBFC_PHYS_s14_T1_ctrl,46,6,46.2,-0.5694518685340881,-0.5835451281197839
UBFC_PHYS_s14_T1_ctrl,46,7,46.233333333333334,-0.6489019989967346,-0.23925848304571745
UBFC_PHYS_s14_T1_ctrl,46,8,46.266666666666666,-0.5612843632698059,0.1860402212373689
UBFC_PHYS_s14_T1_ctrl,46,9,46.3,-0.3783321678638458,0.6184212787755555
UBFC_PHYS_s14_T1_ctrl,46,10,46.333333333333336,-0.24711692333221436,0.9787880583108185
UBFC_PHYS_s14_T1_ctrl,46,11,46.36666666666667,-0.1967036873102188,1.2023330085622261
UBFC_PHYS_s14_T1_ctrl,46,12,46.4,-0.213911771774292,1.2538396986207485
UBFC_PHYS_s14_T1_ctrl,46,13,46.43333333333333,-0.3440849483013153,1.1331254332589558
UBFC_PHYS_s14_T1_ctrl,46,14,46.46666666666667,-0.5944049954414368,0.8695302222876187
UBFC_PHYS_s14_T1_ctrl,46,15,46.5,-0.8313754200935364,0.5094224315763939
UBFC_PHYS_s14_T1_ctrl,46,16,46.53333333333333,-0.8290941119194031,0.10320625712349765
UBFC_PHYS_s14_T1_ctrl,46,17,46.56666666666667,-0.4868755340576172,-0.30287203708074995
UBFC_PHYS_s14_T1_ctrl,46,18,46.6,0.06516353040933609,-0.668745077805628
UBFC_PHYS_s14_T1_ctrl,46,19,46.63333333333333,0.5630717277526855,-0.9590071555605708
UBFC_PHYS_s14_T1_ctrl,46,20,46.666666666666664,0.8160673379898071,-1.1421129829321008
UBFC_PHYS_s14_T1_ctrl,46,21,46.7,0.7967751026153564,-1.193221269923882
UBFC_PHYS_s14_T1_ctrl,46,22,46.733333333333334,0.593009889125824,-1.1004737539361957
UBFC_PHYS_s14_T1_ctrl,46,23,46.766666666666666,0.3578701317310333,-0.8715636944052192
UBFC_PHYS_s14_T1_ctrl,46,24,46.8,0.2168257087469101,-0.5364827017376451
UBFC_PHYS_s14_T1_ctrl,46,25,46.833333333333336,0.14661329984664917,-0.14384618390963685
UBFC_PHYS_s14_T1_ctrl,46,26,46.86666666666667,0.060882631689310074,0.24865143247271956
UBFC_PHYS_s14_T1_ctrl,46,27,46.9,-0.06951586157083511,0.5861292988727012
UBFC_PHYS_s14_T1_ctrl,46,28,46.93333333333333,-0.25232723355293274,0.8262134045239024
UBFC_PHYS_s14_T1_ctrl,46,29,46.96666666666667,-0.5272061228752136,0.9435908340883831
UBFC_PHYS_s14_T1_ctrl,46,30,47.0,-0.8799579739570618,0.929801510879372
UBFC_PHYS_s14_T1_ctrl,46,31,47.03333333333333,-1.1633142232894897,0.79116660578157
UBFC_PHYS_s14_T1_ctrl,46,32,47.06666666666667,-1.1826064586639404,0.547546235508286
UBFC_PHYS_s14_T1_ctrl,46,33,47.1,-0.8598490357398987,0.23223996928695828
UBFC_PHYS_s14_T1_ctrl,46,34,47.13333333333333,-0.3436906635761261,-0.10912750915693964
UBFC_PHYS_s14_T1_ctrl,46,35,47.166666666666664,0.07409146428108215,-0.42339321698467924
UBFC_PHYS_s14_T1_ctrl,46,36,47.2,0.186155304312706,-0.6589205270467977
UBFC_PHYS_s14_T1_ctrl,46,37,47.233333333333334,0.006498290691524744,-0.7767344898980806
UBFC_PHYS_s14_T1_ctrl,46,38,47.266666666666666,-0.3058948218822479,-0.7600699702399186
UBFC_PHYS_s14_T1_ctrl,46,39,47.3,-0.6013896465301514,-0.6188989728315957
UBFC_PHYS_s14_T1_ctrl,46,40,47.333333333333336,-0.8425000905990601,-0.38737541896404054
UBFC_PHYS_s14_T1_ctrl,46,41,47.36666666666667,-1.086764931678772,-0.11451040496623488
UBFC_PHYS_s14_T1_ctrl,46,42,47.4,-1.3905398845672607,0.14875318393679363
UBFC_PHYS_s14_T1_ctrl,46,43,47.43333333333333,-1.7275763750076294,0.36113268489098715
UBFC_PHYS_s14_T1_ctrl,46,44,47.46666666666667,-1.9973013401031494,0.49704435240008094
UBFC_PHYS_s14_T1_ctrl,46,45,47.5,-2.1633832454681396,0.5460028856861859
UBFC_PHYS_s14_T1_ctrl,46,46,47.53333333333333,-2.274320602416992,0.5081823355457475
UBFC_PHYS_s14_T1_ctrl,46,47,47.56666666666667,-2.2410027980804443,0.3907225888077817
UBFC_PHYS_s14_T1_ctrl,46,48,47.6,-1.8768727779388428,0.2075211763950506
UBFC_PHYS_s14_T1_ctrl,46,49,47.63333333333333,-1.2628732919692993,-0.018378153069740756
UBFC_PHYS_s14_T1_ctrl,46,50,47.666666666666664,-0.7168894410133362,-0.2531516647271439
UBFC_PHYS_s14_T1_ctrl,46,51,47.7,-0.40689027309417725,-0.4545663662184731
UBFC_PHYS_s14_T1_ctrl,46,52,47.733333333333334,-0.2745484709739685,-0.5793183211660572
UBFC_PHYS_s14_T1_ctrl,46,53,47.766666666666666,-0.23861144483089447,-0.593555307726741
UBFC_PHYS_s14_T1_ctrl,46,54,47.8,-0.2663809657096863,-0.4832090561993225
UBFC_PHYS_s14_T1_ctrl,46,55,47.833333333333336,-0.3230184316635132,-0.2604826733071909
UBFC_PHYS_s14_T1_ctrl,46,56,47.86666666666667,-0.36830583214759827,0.03643893647304948
UBFC_PHYS_s14_T1_ctrl,46,57,47.9,-0.3912593722343445,0.3513557570990551
UBFC_PHYS_s14_T1_ctrl,46,58,47.93333333333333,-0.4299001097679138,0.6234697466059683
UBFC_PHYS_s14_T1_ctrl,46,59,47.96666666666667,-0.5387532711029053,0.8015552488805585
UBFC_PHYS_s14_T1_ctrl,46,60,48.0,-0.7451940774917603,0.8540597970676835
UBFC_PHYS_s14_T1_ctrl,46,61,48.03333333333333,-1.0153696537017822,0.7725107967913787
UBFC_PHYS_s14_T1_ctrl,46,62,48.06666666666667,-1.1678485870361328,0.5688226921114824
UBFC_PHYS_s14_T1_ctrl,46,63,48.1,-0.9750953912734985,0.26959315780298665
UBFC_PHYS_s14_T1_ctrl,46,64,48.13333333333333,-0.4379267990589142,-0.08906088859225181
UBFC_PHYS_s14_T1_ctrl,46,65,48.166666666666664,0.15520326793193817,-0.46428904787764463
UBFC_PHYS_s14_T1_ctrl,46,66,48.2,0.5377243161201477,-0.807844368375236
UBFC_PHYS_s14_T1_ctrl,46,67,48.233333333333334,0.6503232717514038,-1.068672953231691
UBFC_PHYS_s14_T1_ctrl,46,68,48.266666666666666,0.5598891973495483,-1.1988880468362253
UBFC_PHYS_s14_T1_ctrl,46,69,48.3,0.40532615780830383,-1.1630758426875625
UBFC_PHYS_s14_T1_ctrl,46,70,48.333333333333336,0.31207576394081116,-0.9486491088299773
UBFC_PHYS_s14_T1_ctrl,46,71,48.36666666666667,0.2810674011707306,-0.5735921104882981
UBFC_PHYS_s14_T1_ctrl,46,72,48.4,0.2556072771549225,-0.08784988273311015
UBFC_PHYS_s14_T1_ctrl,46,73,48.43333333333333,0.21158723533153534,0.43391535078654586
UBFC_PHYS_s14_T1_ctrl,46,74,48.46666666666667,0.11174649000167847,0.9075912676958073
UBFC_PHYS_s14_T1_ctrl,46,75,48.5,-0.11615515500307083,1.2587886181144452
UBFC_PHYS_s14_T1_ctrl,46,76,48.53333333333333,-0.501605212688446,1.4392584583026153
UBFC_PHYS_s14_T1_ctrl,46,77,48.56666666666667,-0.933722734451294,1.4344632014357677
UBFC_PHYS_s14_T1_ctrl,46,78,48.6,-1.182352900505066,1.2604102312143035
UBFC_PHYS_s14_T1_ctrl,46,79,48.63333333333333,-1.0522360801696777,0.9528577332052468
UBFC_PHYS_s14_T1_ctrl,46,80,48.666666666666664,-0.5662130117416382,0.5545686351209226
UBFC_PHYS_s14_T1_ctrl,46,81,48.7,0.06254429370164871,0.10582191338165223
UBFC_PHYS_s14_T1_ctrl,46,82,48.733333333333334,0.5912919044494629,-0.35900483671993305
UBFC_PHYS_s14_T1_ctrl,46,83,48.766666666666666,0.844005823135376,-0.8089851777536989
UBFC_PHYS_s14_T1_ctrl,46,84,48.8,0.7857912182807922,-1.2110664226516872
UBFC_PHYS_s14_T1_ctrl,46,85,48.833333333333336,0.5759707689285278,-1.5254824126016648
UBFC_PHYS_s14_T1_ctrl,46,86,48.86666666666667,0.43757373094558716,-1.7061311067815752
UBFC_PHYS_s14_T1_ctrl,46,87,48.9,0.4227313995361328,-1.7080464458422873
UBFC_PHYS_s14_T1_ctrl,46,88,48.93333333333333,0.3941732943058014,-1.5009105842469261
UBFC_PHYS_s14_T1_ctrl,46,89,48.96666666666667,0.26273274421691895,-1.0842141935338951
UBFC_PHYS_s14_T1_ctrl,46,90,49.0,0.08704681694507599,-0.4976391351365289
UBFC_PHYS_s14_T1_ctrl,46,91,49.03333333333333,-0.08765336126089096,0.17943343869637007
UBFC_PHYS_s14_T1_ctrl,46,92,49.06666666666667,-0.3053033649921417,0.8422036222990603
UBFC_PHYS_s14_T1_ctrl,46,93,49.1,-0.6139788627624512,1.3856088072939798
UBFC_PHYS_s14_T1_ctrl,46,94,49.13333333333333,-0.9665054082870483,1.7311997816963012
UBFC_PHYS_s14_T1_ctrl,46,95,49.166666666666664,-1.1337140798568726,1.8447033476974628
UBFC_PHYS_s14_T1_ctrl,46,96,49.2,-0.8529207110404968,1.7381784556317692
UBFC_PHYS_s14_T1_ctrl,46,97,49.233333333333334,-0.17025785148143768,1.4584230894509245
UBFC_PHYS_s14_T1_ctrl,46,98,49.266666666666666,0.5472436547279358,1.0683372069272048
UBFC_PHYS_s14_T1_ctrl,46,99,49.3,1.0164529085159302,0.6287149777899139
UBFC_PHYS_s14_T1_ctrl,46,100,49.333333333333336,1.2220488786697388,0.1857421755552985
UBFC_PHYS_s14_T1_ctrl,46,101,49.36666666666667,1.2157964706420898,-0.23358333407874865
UBFC_PHYS_s14_T1_ctrl,46,102,49.4,1.0390965938568115,-0.6183065135115032
UBFC_PHYS_s14_T1_ctrl,46,103,49.43333333333333,0.7913958430290222,-0.9646775223610359
UBFC_PHYS_s14_T1_ctrl,46,104,49.46666666666667,0.5985863208770752,-1.2653060800314573
UBFC_PHYS_s14_T1_ctrl,46,105,49.5,0.4723278880119324,-1.5008690835103582
UBFC_PHYS_s14_T1_ctrl,46,106,49.53333333333333,0.3128361701965332,-1.6382637929905297
UBFC_PHYS_s14_T1_ctrl,46,107,49.56666666666667,0.09639720618724823,-1.636950362400229
UBFC_PHYS_s14_T1_ctrl,46,108,49.6,-0.11319795250892639,-1.4622771225584712
UBFC_PHYS_s14_T1_ctrl,46,109,49.63333333333333,-0.30778178572654724,-1.101740873417781
UBFC_PHYS_s14_T1_ctrl,46,110,49.666666666666664,-0.5517086386680603,-0.578278684984883
UBFC_PHYS_s14_T1_ctrl,46,111,49.7,-0.8904349207878113,0.04560900303742829
UBFC_PHYS_s14_T1_ctrl,46,112,49.733333333333334,-1.297909140586853,0.6771844294975591
UBFC_PHYS_s14_T1_ctrl,46,113,49.766666666666666,-1.626524567604065,1.215498001892812
UBFC_PHYS_s14_T1_ctrl,46,114,49.8,-1.6058241128921509,1.5785066934040028
UBFC_PHYS_s14_T1_ctrl,46,115,49.833333333333336,-1.081610918045044,1.724055331438272
UBFC_PHYS_s14_T1_ctrl,46,116,49.86666666666667,-0.21833349764347076,1.6566789893026106
UBFC_PHYS_s14_T1_ctrl,46,117,49.9,0.6146115064620972,1.4194375317511878
UBFC_PHYS_s14_T1_ctrl,46,118,49.93333333333333,1.1645382642745972,1.0761812676481992
UBFC_PHYS_s14_T1_ctrl,46,119,49.96666666666667,1.389539122581482,0.692005282956183
UBFC_PHYS_s14_T1_ctrl,46,120,50.0,1.3328734636306763,0.31815819011947627
UBFC_PHYS_s14_T1_ctrl,46,121,50.03333333333333,1.1051689386367798,-0.015606270868865665
UBFC_PHYS_s14_T1_ctrl,46,122,50.06666666666667,0.8872655034065247,-0.3010703309111388
UBFC_PHYS_s14_T1_ctrl,46,123,50.1,0.7530085444450378,-0.5455686288586887
UBFC_PHYS_s14_T1_ctrl,46,124,50.13333333333333,0.6737555265426636,-0.7625234654438723
UBFC_PHYS_s14_T1_ctrl,46,125,50.166666666666664,0.6410291790962219,-0.9613441455429121
UBFC_PHYS_s14_T1_ctrl,46,126,50.2,0.6255109310150146,-1.1393057539704123
UBFC_PHYS_s14_T1_ctrl,46,127,50.233333333333334,0.5048007965087891,-1.2776316899549442
UBFC_PHYS_s14_T1_ctrl,46,128,50.266666666666666,0.20786961913108826,-1.3435187289610855
UBFC_PHYS_s14_T1_ctrl,46,129,50.3,-0.14817741513252258,-1.298669590674176
UBFC_PHYS_s14_T1_ctrl,46,130,50.333333333333336,-0.4394758343696594,-1.1127254140830227
UBFC_PHYS_s14_T1_ctrl,46,131,50.36666666666667,-0.7201001644134521,-0.7776641628195993
UBFC_PHYS_s14_T1_ctrl,46,132,50.4,-1.1087608337402344,-0.3179442065813667
UBFC_PHYS_s14_T1_ctrl,46,133,50.43333333333333,-1.55276358127594,0.20851794826988848
UBFC_PHYS_s14_T1_ctrl,46,134,50.46666666666667,-1.7553459405899048,0.721214525731373
UBFC_PHYS_s14_T1_ctrl,46,135,50.5,-1.4067622423171997,1.137848607385729
UBFC_PHYS_s14_T1_ctrl,46,136,50.53333333333333,-0.5553699731826782,1.3975441006761982
UBFC_PHYS_s14_T1_ctrl,46,137,50.56666666666667,0.34508374333381653,1.4765606754257052
UBFC_PHYS_s14_T1_ctrl,46,138,50.6,0.9781783223152161,1.3902679228430308
UBFC_PHYS_s14_T1_ctrl,46,139,50.63333333333333,1.330507755279541,1.1821150857592941
UBFC_PHYS_s14_T1_ctrl,46,140,50.666666666666664,1.4649617671966553,0.9058857723130768
UBFC_PHYS_s14_T1_ctrl,46,141,50.7,1.4277573823928833,0.6090135959610068
UBFC_PHYS_s14_T1_ctrl,46,142,50.733333333333334,1.3218895196914673,0.3222784543902072
UBFC_PHYS_s14_T1_ctrl,46,143,50.766666666666666,1.2336241006851196,0.05731832786931636
UBFC_PHYS_s14_T1_ctrl,46,144,50.8,1.1487665176391602,-0.18934796852325378
UBFC_PHYS_s14_T1_ctrl,46,145,50.833333333333336,1.0582761764526367,-0.4282402568126961
UBFC_PHYS_s14_T1_ctrl,46,146,50.86666666666667,0.9958370327949524,-0.6675030516804664
UBFC_PHYS_s14_T1_ctrl,46,147,50.9,0.9345806837081909,-0.9047331026078694
UBFC_PHYS_s14_T1_ctrl,46,148,50.93333333333333,0.7759620547294617,-1.1222294058508986
UBFC_PHYS_s14_T1_ctrl,46,149,50.96666666666667,0.49314096570014954,-1.2872851114022477
UBFC_PHYS_s14_T1_ctrl,46,150,51.0,0.17660777270793915,-1.3582824681814984
UBFC_PHYS_s14_T1_ctrl,46,151,51.03333333333333,-0.10083403438329697,-1.29589286432467
UBFC_PHYS_s14_T1_ctrl,46,152,51.06666666666667,-0.3875417411327362,-1.076721575773949
UBFC_PHYS_s14_T1_ctrl,46,153,51.1,-0.7729917764663696,-0.7051984700819973
UBFC_PHYS_s14_T1_ctrl,46,154,51.13333333333333,-1.2786450386047363,-0.2193037723269006
UBFC_PHYS_s14_T1_ctrl,46,155,51.166666666666664,-1.7350115776062012,0.31319073689393523
UBFC_PHYS_s14_T1_ctrl,46,156,51.2,-1.816123366355896,0.8089745571629561
UBFC_PHYS_s14_T1_ctrl,46,157,51.233333333333334,-1.3557857275009155,1.1908317008515616
UBFC_PHYS_s14_T1_ctrl,46,158,51.266666666666666,-0.581365168094635,1.408672825802411
UBFC_PHYS_s14_T1_ctrl,46,159,51.3,0.1571747362613678,1.4507519470524544
UBFC_PHYS_s14_T1_ctrl,46,160,51.333333333333336,0.7508680820465088,1.3408068724661204
UBFC_PHYS_s14_T1_ctrl,46,161,51.36666666666667,1.199545979499817,1.1241401785837584
UBFC_PHYS_s14_T1_ctrl,46,162,51.4,1.4312214851379395,0.8499117429620191
UBFC_PHYS_s14_T1_ctrl,46,163,51.43333333333333,1.4224625825881958,0.5567660309963667
UBFC_PHYS_s14_T1_ctrl,46,164,51.46666666666667,1.2947678565979004,0.2658917448545392
UBFC_PHYS_s14_T1_ctrl,46,165,51.5,1.162200689315796,-0.017982549358123833
UBFC_PHYS_s14_T1_ctrl,46,166,51.53333333333333,1.033576488494873,-0.29960419218440276
UBFC_PHYS_s14_T1_ctrl,46,167,51.56666666666667,0.9023049473762512,-0.583352138314093
UBFC_PHYS_s14_T1_ctrl,46,168,51.6,0.7598523497581482,-0.8640778548981365
UBFC_PHYS_s14_T1_ctrl,46,169,51.63333333333333,0.569267749786377,-1.121818025959577
UBFC_PHYS_s14_T1_ctrl,46,170,51.666666666666664,0.35066017508506775,-1.3223239871818249
UBFC_PHYS_s14_T1_ctrl,46,171,51.7,0.1752559095621109,-1.423591188874107
UBFC_PHYS_s14_T1_ctrl,46,172,51.733333333333334,0.032437171787023544,-1.3868341733523124
UBFC_PHYS_s14_T1_ctrl,46,173,51.766666666666666,-0.1581474095582962,-1.1890397455053554
UBFC_PHYS_s14_T1_ctrl,46,174,51.8,-0.43485695123672485,-0.8335364062859909
UBFC_PHYS_s14_T1_ctrl,46,175,51.833333333333336,-0.8167302012443542,-0.35491961638635844
UBFC_PHYS_s14_T1_ctrl,46,176,51.86666666666667,-1.2823063135147095,0.1845610542974644
UBFC_PHYS_s14_T1_ctrl,46,177,51.9,-1.63150954246521,0.7075831039058118
UBFC_PHYS_s14_T1_ctrl,46,178,51.93333333333333,-1.5654371976852417,1.1397874024940151
UBFC_PHYS_s14_T1_ctrl,46,179,51.96666666666667,-1.0159610509872437,1.4268455300404954
UBFC_PHYS_s14_T1_ctrl,46,180,52.0,-0.2445821762084961,1.5445454790606106
UBFC_PHYS_s14_T1_ctrl,46,181,52.03333333333333,0.40650904178619385,1.4991603375741107
UBFC_PHYS_s14_T1_ctrl,46,182,52.06666666666667,0.7718501687049866,1.3194352451105273
UBFC_PHYS_s14_T1_ctrl,46,183,52.1,0.8729864358901978,1.0443650415489256
UBFC_PHYS_s14_T1_ctrl,46,184,52.13333333333333,0.8232772946357727,0.7115108581240561
UBFC_PHYS_s14_T1_ctrl,46,185,52.166666666666664,0.7249574065208435,0.34944605078117946
UBFC_PHYS_s14_T1_ctrl,46,186,52.2,0.6372552514076233,-0.02389963069018792
UBFC_PHYS_s14_T1_ctrl,46,187,52.233333333333334,0.5750413537025452,-0.39720054507424724
UBFC_PHYS_s14_T1_ctrl,46,188,52.266666666666666,0.5327674746513367,-0.7581048349775311
UBFC_PHYS_s14_T1_ctrl,46,189,52.3,0.5142356753349304,-1.0855775231664124
UBFC_PHYS_s14_T1_ctrl,46,190,52.333333333333336,0.4966896176338196,-1.346252988660181
UBFC_PHYS_s14_T1_ctrl,46,191,52.36666666666667,0.4197178781032562,-1.4977195433758386
UBFC_PHYS_s14_T1_ctrl,46,192,52.4,0.26912593841552734,-1.4989350433326334
UBFC_PHYS_s14_T1_ctrl,46,193,52.43333333333333,0.09941073507070541,-1.3246843991116195
UBFC_PHYS_s14_T1_ctrl,46,194,52.46666666666667,-0.04439373314380646,-0.9786260727274361
UBFC_PHYS_s14_T1_ctrl,46,195,52.5,-0.1926199346780777,-0.499159804351024
UBFC_PHYS_s14_T1_ctrl,46,196,52.53333333333333,-0.43618065118789673,0.04547686818261731
UBFC_PHYS_s14_T1_ctrl,46,197,52.56666666666667,-0.7437859177589417,0.572247235901437
UBFC_PHYS_s14_T1_ctrl,46,198,52.6,-0.8732831478118896,1.0032201440426372
UBFC_PHYS_s14_T1_ctrl,46,199,52.63333333333333,-0.626568078994751,1.2828136599135713
UBFC_PHYS_s14_T1_ctrl,46,200,52.666666666666664,-0.09813030809164047,1.3865995781744198
UBFC_PHYS_s14_T1_ctrl,46,201,52.7,0.46024560928344727,1.3201912795903716
UBFC_PHYS_s14_T1_ctrl,46,202,52.733333333333334,0.8723949790000916,1.1108590787649997
UBFC_PHYS_s14_T1_ctrl,46,203,52.766666666666666,1.0571496486663818,0.7966508706086592
UBFC_PHYS_s14_T1_ctrl,46,204,52.8,1.013411283493042,0.4174623247557495
UBFC_PHYS_s14_T1_ctrl,46,205,52.833333333333336,0.8252205848693848,0.010469186528503573
UBFC_PHYS_s14_T1_ctrl,46,206,52.86666666666667,0.6068101525306702,-0.3901147204165604
UBFC_PHYS_s14_T1_ctrl,46,207,52.9,0.45517614483833313,-0.7508755899377573
UBFC_PHYS_s14_T1_ctrl,46,208,52.93333333333333,0.39789092540740967,-1.0373691421936402
UBFC_PHYS_s14_T1_ctrl,46,209,52.96666666666667,0.3675021529197693,-1.2150411955430607
UBFC_PHYS_s14_T1_ctrl,46,210,53.0,0.2771526277065277,-1.2540805880049777
UBFC_PHYS_s14_T1_ctrl,46,211,53.03333333333333,0.10825417935848236,-1.137495016472186
UBFC_PHYS_s14_T1_ctrl,46,212,53.06666666666667,-0.08472432941198349,-0.8696544212841755
UBFC_PHYS_s14_T1_ctrl,46,213,53.1,-0.2473703920841217,-0.4811832114933572
UBFC_PHYS_s14_T1_ctrl,46,214,53.13333333333333,-0.3843310475349426,-0.026427495447569206
UBFC_PHYS_s14_T1_ctrl,46,215,53.166666666666664,-0.5697335004806519,0.42734650836112054
UBFC_PHYS_s14_T1_ctrl,46,216,53.2,-0.8355154991149902,0.8152283578049525
UBFC_PHYS_s14_T1_ctrl,46,217,53.233333333333334,-1.0373092889785767,1.0878614032908431
UBFC_PHYS_s14_T1_ctrl,46,218,53.266666666666666,-0.9328778386116028,1.217761528182407
UBFC_PHYS_s14_T1_ctrl,46,219,53.3,-0.47490590810775757,1.1985036880190434
UBFC_PHYS_s14_T1_ctrl,46,220,53.333333333333336,0.09535514563322067,1.0402875786118713
UBFC_PHYS_s14_T1_ctrl,46,221,53.36666666666667,0.5248534083366394,0.7660671010683285
UBFC_PHYS_s14_T1_ctrl,46,222,53.4,0.7313787341117859,0.41000639284142604
UBFC_PHYS_s14_T1_ctrl,46,223,53.43333333333333,0.7186486721038818,0.016945470738969626
UBFC_PHYS_s14_T1_ctrl,46,224,53.46666666666667,0.5072228908538818,-0.35971218632848656
UBFC_PHYS_s14_T1_ctrl,46,225,53.5,0.20237766206264496,-0.6635949552234438
UBFC_PHYS_s14_T1_ctrl,46,226,53.53333333333333,-0.03433924913406372,-0.8447212703983457
UBFC_PHYS_s14_T1_ctrl,46,227,53.56666666666667,-0.13001175224781036,-0.8709334224160665
UBFC_PHYS_s14_T1_ctrl,46,228,53.6,-0.11176159232854843,-0.7379202199062663
UBFC_PHYS_s14_T1_ctrl,46,229,53.63333333333333,-0.05979934334754944,-0.4735348205712627
UBFC_PHYS_s14_T1_ctrl,46,230,53.666666666666664,-0.0643337219953537,-0.13313852168363935
UBFC_PHYS_s14_T1_ctrl,46,231,53.7,-0.14403733611106873,0.2140174841821213
UBFC_PHYS_s14_T1_ctrl,46,232,53.733333333333334,-0.26491644978523254,0.5028989754913568
UBFC_PHYS_s14_T1_ctrl,46,233,53.766666666666666,-0.4447143077850342,0.6882865675637561
UBFC_PHYS_s14_T1_ctrl,46,234,53.8,-0.666532576084137,0.752411289479256
UBFC_PHYS_s14_T1_ctrl,46,235,53.833333333333336,-0.7806805372238159,0.7032061746501634
UBFC_PHYS_s14_T1_ctrl,46,236,53.86666666666667,-0.6607589721679688,0.5654457020682372
UBFC_PHYS_s14_T1_ctrl,46,237,53.9,-0.32417312264442444,0.3691753930847888
UBFC_PHYS_s14_T1_ctrl,46,238,53.93333333333333,0.09439757466316223,0.14024033178048645
UBFC_PHYS_s14_T1_ctrl,46,239,53.96666666666667,0.41140955686569214,-0.10362289508907253
UBFC_PHYS_s14_T1_ctrl,47,0,47.0,-0.8799579739570618,0.0822702986442565
UBFC_PHYS_s14_T1_ctrl,47,1,47.03333333333333,-1.1633142232894897,0.2607396246123264
UBFC_PHYS_s14_T1_ctrl,47,2,47.06666666666667,-1.1826064586639404,0.39891917345172456
UBFC_PHYS_s14_T1_ctrl,47,3,47.1,-0.8598490357398987,0.4752939171688553
UBFC_PHYS_s14_T1_ctrl,47,4,47.13333333333333,-0.3436906635761261,0.49712998776707074
UBFC_PHYS_s14_T1_ctrl,47,5,47.166666666666664,0.07409146428108215,0.497394940071406
UBFC_PHYS_s14_T1_ctrl,47,6,47.2,0.186155304312706,0.5186554725003167
UBFC_PHYS_s14_T1_ctrl,47,7,47.233333333333334,0.006498290691524744,0.5913426911317283
UBFC_PHYS_s14_T1_ctrl,47,8,47.266666666666666,-0.3058948218822479,0.716562790518046
UBFC_PHYS_s14_T1_ctrl,47,9,47.3,-0.6013896465301514,0.8616467160461914
UBFC_PHYS_s14_T1_ctrl,47,10,47.333333333333336,-0.8425000905990601,0.9713173650320488
UBFC_PHYS_s14_T1_ctrl,47,11,47.36666666666667,-1.086764931678772,0.9901869570261751
UBFC_PHYS_s14_T1_ctrl,47,12,47.4,-1.3905398845672607,0.8859376362383649
UBFC_PHYS_s14_T1_ctrl,47,13,47.43333333333333,-1.7275763750076294,0.6615387020195123
UBFC_PHYS_s14_T1_ctrl,47,14,47.46666666666667,-1.9973013401031494,0.3511623556667933
UBFC_PHYS_s14_T1_ctrl,47,15,47.5,-2.1633832454681396,0.003696449726366186
UBFC_PHYS_s14_T1_ctrl,47,16,47.53333333333333,-2.274320602416992,-0.33623739869671027
UBFC_PHYS_s14_T1_ctrl,47,17,47.56666666666667,-2.2410027980804443,-0.6398315506856675
UBFC_PHYS_s14_T1_ctrl,47,18,47.6,-1.8768727779388428,-0.8935207038427438
UBFC_PHYS_s14_T1_ctrl,47,19,47.63333333333333,-1.2628732919692993,-1.0889900220948527
UBFC_PHYS_s14_T1_ctrl,47,20,47.666666666666664,-0.7168894410133362,-1.2119534761592674
UBFC_PHYS_s14_T1_ctrl,47,21,47.7,-0.40689027309417725,-1.2382724425451106
UBFC_PHYS_s14_T1_ctrl,47,22,47.733333333333334,-0.2745484709739685,-1.14093544355793
UBFC_PHYS_s14_T1_ctrl,47,23,47.766666666666666,-0.23861144483089447,-0.9046368672507996
UBFC_PHYS_s14_T1_ctrl,47,24,47.8,-0.2663809657096863,-0.5404338959306144
UBFC_PHYS_s14_T1_ctrl,47,25,47.833333333333336,-0.3230184316635132,-0.09249472979331935
UBFC_PHYS_s14_T1_ctrl,47,26,47.86666666666667,-0.36830583214759827,0.36817990308942977
UBFC_PHYS_s14_T1_ctrl,47,27,47.9,-0.3912593722343445,0.7624051728652708
UBFC_PHYS_s14_T1_ctrl,47,28,47.93333333333333,-0.4299001097679138,1.026384205160572
UBFC_PHYS_s14_T1_ctrl,47,29,47.96666666666667,-0.5387532711029053,1.1293434634385653
UBFC_PHYS_s14_T1_ctrl,47,30,48.0,-0.7451940774917603,1.077334799742221
UBFC_PHYS_s14_T1_ctrl,47,31,48.03333333333333,-1.0153696537017822,0.902727207598178
UBFC_PHYS_s14_T1_ctrl,47,32,48.06666666666667,-1.1678485870361328,0.6462267536438003
UBFC_PHYS_s14_T1_ctrl,47,33,48.1,-0.9750953912734985,0.3414621158110997
UBFC_PHYS_s14_T1_ctrl,47,34,48.13333333333333,-0.4379267990589142,0.009643463101547381
UBFC_PHYS_s14_T1_ctrl,47,35,48.166666666666664,0.15520326793193817,-0.33463330907176186
UBFC_PHYS_s14_T1_ctrl,47,36,48.2,0.5377243161201477,-0.6718971218215585
UBFC_PHYS_s14_T1_ctrl,47,37,48.233333333333334,0.6503232717514038,-0.968982562274382
UBFC_PHYS_s14_T1_ctrl,47,38,48.266666666666666,0.5598891973495483,-1.179058117212169
UBFC_PHYS_s14_T1_ctrl,47,39,48.3,0.40532615780830383,-1.2516863597342418
UBFC_PHYS_s14_T1_ctrl,47,40,48.333333333333336,0.31207576394081116,-1.1495057672113864
UBFC_PHYS_s14_T1_ctrl,47,41,48.36666666666667,0.2810674011707306,-0.8651573063373971
UBFC_PHYS_s14_T1_ctrl,47,42,48.4,0.2556072771549225,-0.4310776926935545
UBFC_PHYS_s14_T1_ctrl,47,43,48.43333333333333,0.21158723533153534,0.08343562155135806
UBFC_PHYS_s14_T1_ctrl,47,44,48.46666666666667,0.11174649000167847,0.588719792434481
UBFC_PHYS_s14_T1_ctrl,47,45,48.5,-0.11615515500307083,0.9994169143554048
UBFC_PHYS_s14_T1_ctrl,47,46,48.53333333333333,-0.501605212688446,1.2572320844422893
UBFC_PHYS_s14_T1_ctrl,47,47,48.56666666666667,-0.933722734451294,1.342030820039131
UBFC_PHYS_s14_T1_ctrl,47,48,48.6,-1.182352900505066,1.2677701036238886
UBFC_PHYS_s14_T1_ctrl,47,49,48.63333333333333,-1.0522360801696777,1.0677299093411026
UBFC_PHYS_s14_T1_ctrl,47,50,48.666666666666664,-0.5662130117416382,0.77800085501243
UBFC_PHYS_s14_T1_ctrl,47,51,48.7,0.06254429370164871,0.4272868811193513
UBFC_PHYS_s14_T1_ctrl,47,52,48.733333333333334,0.5912919044494629,0.03620052702327224
UBFC_PHYS_s14_T1_ctrl,47,53,48.766666666666666,0.844005823135376,-0.37609847561723386
UBFC_PHYS_s14_T1_ctrl,47,54,48.8,0.7857912182807922,-0.7829003478185851
UBFC_PHYS_s14_T1_ctrl,47,55,48.833333333333336,0.5759707689285278,-1.1439004504400097
UBFC_PHYS_s14_T1_ctrl,47,56,48.86666666666667,0.43757373094558716,-1.4063608100602472
UBFC_PHYS_s14_T1_ctrl,47,57,48.9,0.4227313995361328,-1.515185119431968
UBFC_PHYS_s14_T1_ctrl,47,58,48.93333333333333,0.3941732943058014,-1.429647940636031
UBFC_PHYS_s14_T1_ctrl,47,59,48.96666666666667,0.26273274421691895,-1.1405923955485835
UBFC_PHYS_s14_T1_ctrl,47,60,49.0,0.08704681694507599,-0.6801637467926698
UBFC_PHYS_s14_T1_ctrl,47,61,49.03333333333333,-0.08765336126089096,-0.11826995338268786
UBFC_PHYS_s14_T1_ctrl,47,62,49.06666666666667,-0.3053033649921417,0.4542669335436567
UBFC_PHYS_s14_T1_ctrl,47,63,49.1,-0.6139788627624512,0.9495029325464828
UBFC_PHYS_s14_T1_ctrl,47,64,49.13333333333333,-0.9665054082870483,1.3034319370015046
UBFC_PHYS_s14_T1_ctrl,47,65,49.166666666666664,-1.1337140798568726,1.4864329314735927
UBFC_PHYS_s14_T1_ctrl,47,66,49.2,-0.8529207110404968,1.5012070360443697
UBFC_PHYS_s14_T1_ctrl,47,67,49.233333333333334,-0.17025785148143768,1.3723777382128073
UBFC_PHYS_s14_T1_ctrl,47,68,49.266666666666666,0.5472436547279358,1.1342562060458334
UBFC_PHYS_s14_T1_ctrl,47,69,49.3,1.0164529085159302,0.8215822544149338
UBFC_PHYS_s14_T1_ctrl,47,70,49.333333333333336,1.2220488786697388,0.4645839397831605
UBFC_PHYS_s14_T1_ctrl,47,71,49.36666666666667,1.2157964706420898,0.08729461143413753
UBFC_PHYS_s14_T1_ctrl,47,72,49.4,1.0390965938568115,-0.2919263695253065
UBFC_PHYS_s14_T1_ctrl,47,73,49.43333333333333,0.7913958430290222,-0.6578463286063768
UBFC_PHYS_s14_T1_ctrl,47,74,49.46666666666667,0.5985863208770752,-0.9941838113066626
UBFC_PHYS_s14_T1_ctrl,47,75,49.5,0.4723278880119324,-1.2793178460127936
UBFC_PHYS_s14_T1_ctrl,47,76,49.53333333333333,0.3128361701965332,-1.4841541351898946
UBFC_PHYS_s14_T1_ctrl,47,77,49.56666666666667,0.09639720618724823,-1.5741244060721453
UBFC_PHYS_s14_T1_ctrl,47,78,49.6,-0.11319795250892639,-1.5159618729202962
UBFC_PHYS_s14_T1_ctrl,47,79,49.63333333333333,-0.30778178572654724,-1.28816917877993
UBFC_PHYS_s14_T1_ctrl,47,80,49.666666666666664,-0.5517086386680603,-0.892550528608317
UBFC_PHYS_s14_T1_ctrl,47,81,49.7,-0.8904349207878113,-0.3627074381174128
UBFC_PHYS_s14_T1_ctrl,47,82,49.733333333333334,-1.297909140586853,0.23548695143332163
UBFC_PHYS_s14_T1_ctrl,47,83,49.766666666666666,-1.626524567604065,0.8146189733781676
UBFC_PHYS_s14_T1_ctrl,47,84,49.8,-1.6058241128921509,1.2857124017907926
UBFC_PHYS_s14_T1_ctrl,47,85,49.833333333333336,-1.081610918045044,1.5803557817143072
UBFC_PHYS_s14_T1_ctrl,47,86,49.86666666666667,-0.21833349764347076,1.6665814014848384
UBFC_PHYS_s14_T1_ctrl,47,87,49.9,0.6146115064620972,1.553179269856629
UBFC_PHYS_s14_T1_ctrl,47,88,49.93333333333333,1.1645382642745972,1.2824342811712497
UBFC_PHYS_s14_T1_ctrl,47,89,49.96666666666667,1.389539122581482,0.9154765419936417
UBFC_PHYS_s14_T1_ctrl,47,90,50.0,1.3328734636306763,0.5155100310540767
UBFC_PHYS_s14_T1_ctrl,47,91,50.03333333333333,1.1051689386367798,0.13330689757169834
UBFC_PHYS_s14_T1_ctrl,47,92,50.06666666666667,0.8872655034065247,-0.20163986241462944
UBFC_PHYS_s14_T1_ctrl,47,93,50.1,0.7530085444450378,-0.48218307001137645
UBFC_PHYS_s14_T1_ctrl,47,94,50.13333333333333,0.6737555265426636,-0.716911478557351
UBFC_PHYS_s14_T1_ctrl,47,95,50.166666666666664,0.6410291790962219,-0.9185532036162433
UBFC_PHYS_s14_T1_ctrl,47,96,50.2,0.6255109310150146,-1.091865176470236
UBFC_PHYS_s14_T1_ctrl,47,97,50.233333333333334,0.5048007965087891,-1.2257067870980431
UBFC_PHYS_s14_T1_ctrl,47,98,50.266666666666666,0.20786961913108826,-1.2925346384770442
UBFC_PHYS_s14_T1_ctrl,47,99,50.3,-0.14817741513252258,-1.2559709751928263
UBFC_PHYS_s14_T1_ctrl,47,100,50.333333333333336,-0.4394758343696594,-1.0843024926453722
UBFC_PHYS_s14_T1_ctrl,47,101,50.36666666666667,-0.7201001644134521,-0.7656201896811918
UBFC_PHYS_s14_T1_ctrl,47,102,50.4,-1.1087608337402344,-0.31935504832174205
UBFC_PHYS_s14_T1_ctrl,47,103,50.43333333333333,-1.55276358127594,0.20076036437565034
UBFC_PHYS_s14_T1_ctrl,47,104,50.46666666666667,-1.7553459405899048,0.7155064486225708
UBFC_PHYS_s14_T1_ctrl,47,105,50.5,-1.4067622423171997,1.139776991266962
UBFC_PHYS_s14_T1_ctrl,47,106,50.53333333333333,-0.5553699731826782,1.406195611134047
UBFC_PHYS_s14_T1_ctrl,47,107,50.56666666666667,0.34508374333381653,1.4829840989671985
UBFC_PHYS_s14_T1_ctrl,47,108,50.6,0.9781783223152161,1.3792467119873812
UBFC_PHYS_s14_T1_ctrl,47,109,50.63333333333333,1.330507755279541,1.13715084375191
UBFC_PHYS_s14_T1_ctrl,47,110,50.666666666666664,1.4649617671966553,0.8156953925287541
UBFC_PHYS_s14_T1_ctrl,47,111,50.7,1.4277573823928833,0.4727788919635861
UBFC_PHYS_s14_T1_ctrl,47,112,50.733333333333334,1.3218895196914673,0.15129638069904955
UBFC_PHYS_s14_T1_ctrl,47,113,50.766666666666666,1.2336241006851196,-0.1275270511524634
UBFC_PHYS_s14_T1_ctrl,47,114,50.8,1.1487665176391602,-0.3629055315492079
UBFC_PHYS_s14_T1_ctrl,47,115,50.833333333333336,1.0582761764526367,-0.5667914216156376
UBFC_PHYS_s14_T1_ctrl,47,116,50.86666666666667,0.9958370327949524,-0.7527502431582977
UBFC_PHYS_s14_T1_ctrl,47,117,50.9,0.9345806837081909,-0.9253208515473313
UBFC_PHYS_s14_T1_ctrl,47,118,50.93333333333333,0.7759620547294617,-1.0735471885891983
UBFC_PHYS_s14_T1_ctrl,47,119,50.96666666666667,0.49314096570014954,-1.1710385085708577
UBFC_PHYS_s14_T1_ctrl,47,120,51.0,0.17660777270793915,-1.1828029635992663
UBFC_PHYS_s14_T1_ctrl,47,121,51.03333333333333,-0.10083403438329697,-1.076856768441054
UBFC_PHYS_s14_T1_ctrl,47,122,51.06666666666667,-0.3875417411327362,-0.8369600950474374
UBFC_PHYS_s14_T1_ctrl,47,123,51.1,-0.7729917764663696,-0.47228340558275134
UBFC_PHYS_s14_T1_ctrl,47,124,51.13333333333333,-1.2786450386047363,-0.020530182733435348
UBFC_PHYS_s14_T1_ctrl,47,125,51.166666666666664,-1.7350115776062012,0.45723026800073174
UBFC_PHYS_s14_T1_ctrl,47,126,51.2,-1.816123366355896,0.8894157260960368
UBFC_PHYS_s14_T1_ctrl,47,127,51.233333333333334,-1.3557857275009155,1.211139020712453
UBFC_PHYS_s14_T1_ctrl,47,128,51.266666666666666,-0.581365168094635,1.3801222207147867
UBFC_PHYS_s14_T1_ctrl,47,129,51.3,0.1571747362613678,1.3855024503868094
UBFC_PHYS_s14_T1_ctrl,47,130,51.333333333333336,0.7508680820465088,1.2465849789273695
UBFC_PHYS_s14_T1_ctrl,47,131,51.36666666666667,1.199545979499817,1.0029139615097409
UBFC_PHYS_s14_T1_ctrl,47,132,51.4,1.4312214851379395,0.7003133448889063
UBFC_PHYS_s14_T1_ctrl,47,133,51.43333333333333,1.4224625825881958,0.3783326522041869
UBFC_PHYS_s14_T1_ctrl,47,134,51.46666666666667,1.2947678565979004,0.06285642548021356
UBFC_PHYS_s14_T1_ctrl,47,135,51.5,1.162200689315796,-0.23496813711844022
UBFC_PHYS_s14_T1_ctrl,47,136,51.53333333333333,1.033576488494873,-0.5143073719807632
UBFC_PHYS_s14_T1_ctrl,47,137,51.56666666666667,0.9023049473762512,-0.776671013913877
UBFC_PHYS_s14_T1_ctrl,47,138,51.6,0.7598523497581482,-1.017057523637074
UBFC_PHYS_s14_T1_ctrl,47,139,51.63333333333333,0.569267749786377,-1.21732227591654
UBFC_PHYS_s14_T1_ctrl,47,140,51.666666666666664,0.35066017508506775,-1.344802017614503
UBFC_PHYS_s14_T1_ctrl,47,141,51.7,0.1752559095621109,-1.358113570051134
UBFC_PHYS_s14_T1_ctrl,47,142,51.733333333333334,0.032437171787023544,-1.219698699729119
UBFC_PHYS_s14_T1_ctrl,47,143,51.766666666666666,-0.1581474095582962,-0.9117999552375268
UBFC_PHYS_s14_T1_ctrl,47,144,51.8,-0.43485695123672485,-0.4502668661654921
UBFC_PHYS_s14_T1_ctrl,47,145,51.833333333333336,-0.8167302012443542,0.11010917806465166
UBFC_PHYS_s14_T1_ctrl,47,146,51.86666666666667,-1.2823063135147095,0.6832846422763974
UBFC_PHYS_s14_T1_ctrl,47,147,51.9,-1.63150954246521,1.1723714294828267
UBFC_PHYS_s14_T1_ctrl,47,148,51.93333333333333,-1.5654371976852417,1.495883607507886
UBFC_PHYS_s14_T1_ctrl,47,149,51.96666666666667,-1.0159610509872437,1.6092281231077
UBFC_PHYS_s14_T1_ctrl,47,150,52.0,-0.2445821762084961,1.5132413067195414
UBFC_PHYS_s14_T1_ctrl,47,151,52.03333333333333,0.40650904178619385,1.247919081959886
UBFC_PHYS_s14_T1_ctrl,47,152,52.06666666666667,0.7718501687049866,0.8754914429255256
UBFC_PHYS_s14_T1_ctrl,47,153,52.1,0.8729864358901978,0.46020469178145856
UBFC_PHYS_s14_T1_ctrl,47,154,52.13333333333333,0.8232772946357727,0.05211164893622426
UBFC_PHYS_s14_T1_ctrl,47,155,52.166666666666664,0.7249574065208435,-0.3203155246147674
UBFC_PHYS_s14_T1_ctrl,47,156,52.2,0.6372552514076233,-0.6475015796651431
UBFC_PHYS_s14_T1_ctrl,47,157,52.233333333333334,0.5750413537025452,-0.9284091340940573
UBFC_PHYS_s14_T1_ctrl,47,158,52.266666666666666,0.5327674746513367,-1.1577393946573153
UBFC_PHYS_s14_T1_ctrl,47,159,52.3,0.5142356753349304,-1.316904448013813
UBFC_PHYS_s14_T1_ctrl,47,160,52.333333333333336,0.4966896176338196,-1.3735080781511058
UBFC_PHYS_s14_T1_ctrl,47,161,52.36666666666667,0.4197178781032562,-1.2906380560554307
UBFC_PHYS_s14_T1_ctrl,47,162,52.4,0.26912593841552734,-1.0431115969513927
UBFC_PHYS_s14_T1_ctrl,47,163,52.43333333333333,0.09941073507070541,-0.6343879956207663
UBFC_PHYS_s14_T1_ctrl,47,164,52.46666666666667,-0.04439373314380646,-0.10653931667808277
UBFC_PHYS_s14_T1_ctrl,47,165,52.5,-0.1926199346780777,0.4626282886036244
UBFC_PHYS_s14_T1_ctrl,47,166,52.53333333333333,-0.43618065118789673,0.9765387888121407
UBFC_PHYS_s14_T1_ctrl,47,167,52.56666666666667,-0.7437859177589417,1.3458769931951928
UBFC_PHYS_s14_T1_ctrl,47,168,52.6,-0.8732831478118896,1.5135593169507346
UBFC_PHYS_s14_T1_ctrl,47,169,52.63333333333333,-0.626568078994751,1.4681048973715873
UBFC_PHYS_s14_T1_ctrl,47,170,52.666666666666664,-0.09813030809164047,1.2404313208143103
UBFC_PHYS_s14_T1_ctrl,47,171,52.7,0.46024560928344727,0.8872478850468115
UBFC_PHYS_s14_T1_ctrl,47,172,52.733333333333334,0.8723949790000916,0.47002205765894994
UBFC_PHYS_s14_T1_ctrl,47,173,52.766666666666666,1.0571496486663818,0.03914431283800694
UBFC_PHYS_s14_T1_ctrl,47,174,52.8,1.013411283493042,-0.37136502825067286
UBFC_PHYS_s14_T1_ctrl,47,175,52.833333333333336,0.8252205848693848,-0.7393518192104889
UBFC_PHYS_s14_T1_ctrl,47,176,52.86666666666667,0.6068101525306702,-1.0453466248305332
UBFC_PHYS_s14_T1_ctrl,47,177,52.9,0.45517614483833313,-1.2650721998123595
UBFC_PHYS_s14_T1_ctrl,47,178,52.93333333333333,0.39789092540740967,-1.36841221829705
UBFC_PHYS_s14_T1_ctrl,47,179,52.96666666666667,0.3675021529197693,-1.326204044273993
UBFC_PHYS_s14_T1_ctrl,47,180,53.0,0.2771526277065277,-1.122368312591329
UBFC_PHYS_s14_T1_ctrl,47,181,53.03333333333333,0.10825417935848236,-0.7659554666062255
UBFC_PHYS_s14_T1_ctrl,47,182,53.06666666666667,-0.08472432941198349,-0.2968495421184219
UBFC_PHYS_s14_T1_ctrl,47,183,53.1,-0.2473703920841217,0.2190603068363365
UBFC_PHYS_s14_T1_ctrl,47,184,53.13333333333333,-0.3843310475349426,0.704800434870061
UBFC_PHYS_s14_T1_ctrl,47,185,53.166666666666664,-0.5697335004806519,1.0917343250334997
UBFC_PHYS_s14_T1_ctrl,47,186,53.2,-0.8355154991149902,1.3350645339440286
UBFC_PHYS_s14_T1_ctrl,47,187,53.233333333333334,-1.0373092889785767,1.4188755119715748
UBFC_PHYS_s14_T1_ctrl,47,188,53.266666666666666,-0.9328778386116028,1.3504096688023866
UBFC_PHYS_s14_T1_ctrl,47,189,53.3,-0.47490590810775757,1.1493778080047399
UBFC_PHYS_s14_T1_ctrl,47,190,53.333333333333336,0.09535514563322067,0.8396399295417172
UBFC_PHYS_s14_T1_ctrl,47,191,53.36666666666667,0.5248534083366394,0.44725919875482195
UBFC_PHYS_s14_T1_ctrl,47,192,53.4,0.7313787341117859,0.00362076299760914
UBFC_PHYS_s14_T1_ctrl,47,193,53.43333333333333,0.7186486721038818,-0.4510331430373824
UBFC_PHYS_s14_T1_ctrl,47,194,53.46666666666667,0.5072228908538818,-0.8676156983039951
UBFC_PHYS_s14_T1_ctrl,47,195,53.5,0.20237766206264496,-1.1930074699158058
UBFC_PHYS_s14_T1_ctrl,47,196,53.53333333333333,-0.03433924913406372,-1.3789367154186905
UBFC_PHYS_s14_T1_ctrl,47,197,53.56666666666667,-0.13001175224781036,-1.3929884252395388
UBFC_PHYS_s14_T1_ctrl,47,198,53.6,-0.11176159232854843,-1.2285142659103152
UBFC_PHYS_s14_T1_ctrl,47,199,53.63333333333333,-0.05979934334754944,-0.909296118642942
UBFC_PHYS_s14_T1_ctrl,47,200,53.666666666666664,-0.0643337219953537,-0.48552283922539435
UBFC_PHYS_s14_T1_ctrl,47,201,53.7,-0.14403733611106873,-0.021062456069567394
UBFC_PHYS_s14_T1_ctrl,47,202,53.733333333333334,-0.26491644978523254,0.42284627657764357
UBFC_PHYS_s14_T1_ctrl,47,203,53.766666666666666,-0.4447143077850342,0.7996877207704389
UBFC_PHYS_s14_T1_ctrl,47,204,53.8,-0.666532576084137,1.0805690042914669
UBFC_PHYS_s14_T1_ctrl,47,205,53.833333333333336,-0.7806805372238159,1.2490687241471987
UBFC_PHYS_s14_T1_ctrl,47,206,53.86666666666667,-0.6607589721679688,1.2940870827418827
UBFC_PHYS_s14_T1_ctrl,47,207,53.9,-0.32417312264442444,1.2073141324247711
UBFC_PHYS_s14_T1_ctrl,47,208,53.93333333333333,0.09439757466316223,0.9878742701874637
UBFC_PHYS_s14_T1_ctrl,47,209,53.96666666666667,0.41140955686569214,0.6510232858421628
UBFC_PHYS_s14_T1_ctrl,47,210,54.0,0.5044346451759338,0.23433074518329847
UBFC_PHYS_s14_T1_ctrl,47,211,54.03333333333333,0.38583680987358093,-0.2043950617591416
UBFC_PHYS_s14_T1_ctrl,47,212,54.06666666666667,0.1444728523492813,-0.5986672801966847
UBFC_PHYS_s14_T1_ctrl,47,213,54.1,-0.11057871580123901,-0.8904339175594644
UBFC_PHYS_s14_T1_ctrl,47,214,54.13333333333333,-0.2418784499168396,-1.0460462324803073
UBFC_PHYS_s14_T1_ctrl,47,215,54.166666666666664,-0.20599773526191711,-1.0646361395266701
UBFC_PHYS_s14_T1_ctrl,47,216,54.2,-0.09097669273614883,-0.9750628424487643
UBFC_PHYS_s14_T1_ctrl,47,217,54.233333333333334,0.01883404515683651,-0.8220543764933257
UBFC_PHYS_s14_T1_ctrl,47,218,54.266666666666666,0.08470921963453293,-0.6473074522690074
UBFC_PHYS_s14_T1_ctrl,47,219,54.3,0.049701593816280365,-0.47453337150345576
UBFC_PHYS_s14_T1_ctrl,47,220,54.333333333333336,-0.1341799944639206,-0.3062863789902701
UBFC_PHYS_s14_T1_ctrl,47,221,54.36666666666667,-0.4122413992881775,-0.1342253275550034
UBFC_PHYS_s14_T1_ctrl,47,222,54.4,-0.6031639575958252,0.04412194995619887
UBFC_PHYS_s14_T1_ctrl,47,223,54.43333333333333,-0.5311490893363953,0.21376465046696555
UBFC_PHYS_s14_T1_ctrl,47,224,54.46666666666667,-0.19639387726783752,0.34410491392304204
UBFC_PHYS_s14_T1_ctrl,47,225,54.5,0.21209418773651123,0.40356836597393353
UBFC_PHYS_s14_T1_ctrl,47,226,54.53333333333333,0.4506417512893677,0.3780545762613528
UBFC_PHYS_s14_T1_ctrl,47,227,54.56666666666667,0.4211542308330536,0.2820058490766951
UBFC_PHYS_s14_T1_ctrl,47,228,54.6,0.20296910405158997,0.1559385609484348
UBFC_PHYS_s14_T1_ctrl,47,229,54.63333333333333,-0.04692848026752472,0.05207426423455314
UBFC_PHYS_s14_T1_ctrl,47,230,54.666666666666664,-0.20346300303936005,0.01482777902653357
UBFC_PHYS_s14_T1_ctrl,47,231,54.7,-0.2495671808719635,0.06414512464971185
UBFC_PHYS_s14_T1_ctrl,47,232,54.733333333333334,-0.2610861659049988,0.18810743622330717
UBFC_PHYS_s14_T1_ctrl,47,233,54.766666666666666,-0.266437292098999,0.34748023954420937
UBFC_PHYS_s14_T1_ctrl,47,234,54.8,-0.24289235472679138,0.48998051050818936
UBFC_PHYS_s14_T1_ctrl,47,235,54.833333333333336,-0.2630294859409332,0.5681163309872227
UBFC_PHYS_s14_T1_ctrl,47,236,54.86666666666667,-0.4228028357028961,0.5535046260343414
UBFC_PHYS_s14_T1_ctrl,47,237,54.9,-0.684698224067688,0.4430226697689242
UBFC_PHYS_s14_T1_ctrl,47,238,54.93333333333333,-0.9007992148399353,0.25661105175488186
UBFC_PHYS_s14_T1_ctrl,47,239,54.96666666666667,-0.8901814818382263,0.03012101762063155
UBFC_PHYS_s14_T1_ctrl,48,0,48.0,-0.7451940774917603,-0.021460805463240855
UBFC_PHYS_s14_T1_ctrl,48,1,48.03333333333333,-1.0153696537017822,-0.045015843666846966
UBFC_PHYS_s14_T1_ctrl,48,2,48.06666666666667,-1.1678485870361328,-0.10254490191099223
UBFC_PHYS_s14_T1_ctrl,48,3,48.1,-0.9750953912734985,-0.21935835910385848
UBFC_PHYS_s14_T1_ctrl,48,4,48.13333333333333,-0.4379267990589142,-0.4020429411020493
UBFC_PHYS_s14_T1_ctrl,48,5,48.166666666666664,0.15520326793193817,-0.6322784903299016
UBFC_PHYS_s14_T1_ctrl,48,6,48.2,0.5377243161201477,-0.8662937641087758
UBFC_PHYS_s14_T1_ctrl,48,7,48.233333333333334,0.6503232717514038,-1.0427817571452338
UBFC_PHYS_s14_T1_ctrl,48,8,48.266666666666666,0.5598891973495483,-1.0987423457331797
UBFC_PHYS_s14_T1_ctrl,48,9,48.3,0.40532615780830383,-0.9887507139471605
UBFC_PHYS_s14_T1_ctrl,48,10,48.333333333333336,0.31207576394081116,-0.7015330003051186
UBFC_PHYS_s14_T1_ctrl,48,11,48.36666666666667,0.2810674011707306,-0.26826326649008386
UBFC_PHYS_s14_T1_ctrl,48,12,48.4,0.2556072771549225,0.24136231713069092
UBFC_PHYS_s14_T1_ctrl,48,13,48.43333333333333,0.21158723533153534,0.735820445403486
UBFC_PHYS_s14_T1_ctrl,48,14,48.46666666666667,0.11174649000167847,1.126577661634991
UBFC_PHYS_s14_T1_ctrl,48,15,48.5,-0.11615515500307083,1.3521321434420621
UBFC_PHYS_s14_T1_ctrl,48,16,48.53333333333333,-0.501605212688446,1.3920791720752774
UBFC_PHYS_s14_T1_ctrl,48,17,48.56666666666667,-0.933722734451294,1.2661308491487557
UBFC_PHYS_s14_T1_ctrl,48,18,48.6,-1.182352900505066,1.0196993955841565
UBFC_PHYS_s14_T1_ctrl,48,19,48.63333333333333,-1.0522360801696777,0.7035063067951614
UBFC_PHYS_s14_T1_ctrl,48,20,48.666666666666664,-0.5662130117416382,0.35669845657421434
UBFC_PHYS_s14_T1_ctrl,48,21,48.7,0.06254429370164871,0.00024043628828832714
UBFC_PHYS_s14_T1_ctrl,48,22,48.733333333333334,0.5912919044494629,-0.3585059919108606
UBFC_PHYS_s14_T1_ctrl,48,23,48.766666666666666,0.844005823135376,-0.714459123960219
UBFC_PHYS_s14_T1_ctrl,48,24,48.8,0.7857912182807922,-1.053151080499585
UBFC_PHYS_s14_T1_ctrl,48,25,48.833333333333336,0.5759707689285278,-1.3440035146847713
UBFC_PHYS_s14_T1_ctrl,48,26,48.86666666666667,0.43757373094558716,-1.5414447237769258
UBFC_PHYS_s14_T1_ctrl,48,27,48.9,0.4227313995361328,-1.5941934945569434
UBFC_PHYS_s14_T1_ctrl,48,28,48.93333333333333,0.3941732943058014,-1.4606208734215917
UBFC_PHYS_s14_T1_ctrl,48,29,48.96666666666667,0.26273274421691895,-1.1258624367092454
UBFC_PHYS_s14_T1_ctrl,48,30,49.0,0.08704681694507599,-0.6146024474576165
UBFC_PHYS_s14_T1_ctrl,48,31,49.03333333333333,-0.08765336126089096,0.006761691043001188
UBFC_PHYS_s14_T1_ctrl,48,32,49.06666666666667,-0.3053033649921417,0.642301202219637
UBFC_PHYS_s14_T1_ctrl,48,33,49.1,-0.6139788627624512,1.1908764954919604
UBFC_PHYS_s14_T1_ctrl,48,34,49.13333333333333,-0.9665054082870483,1.5732349242534165
UBFC_PHYS_s14_T1_ctrl,48,35,49.166666666666664,-1.1337140798568726,1.750039047368031
UBFC_PHYS_s14_T1_ctrl,48,36,49.2,-0.8529207110404968,1.7244476349556452
UBFC_PHYS_s14_T1_ctrl,48,37,49.233333333333334,-0.17025785148143768,1.5314837961532732
UBFC_PHYS_s14_T1_ctrl,48,38,49.266666666666666,0.5472436547279358,1.2214926465443723
UBFC_PHYS_s14_T1_ctrl,48,39,49.3,1.0164529085159302,0.8448094769212497
UBFC_PHYS_s14_T1_ctrl,48,40,49.333333333333336,1.2220488786697388,0.4414615852526033
UBFC_PHYS_s14_T1_ctrl,48,41,49.36666666666667,1.2157964706420898,0.03668023115677578
UBFC_PHYS_s14_T1_ctrl,48,42,49.4,1.0390965938568115,-0.3579162925134905
UBFC_PHYS_s14_T1_ctrl,48,43,49.43333333333333,0.7913958430290222,-0.7379379775000364
UBFC_PHYS_s14_T1_ctrl,48,44,49.46666666666667,0.5985863208770752,-1.0966883450976264
UBFC_PHYS_s14_T1_ctrl,48,45,49.5,0.4723278880119324,-1.4162608586466618
UBFC_PHYS_s14_T1_ctrl,48,46,49.53333333333333,0.3128361701965332,-1.6631618457586075
UBFC_PHYS_s14_T1_ctrl,48,47,49.56666666666667,0.09639720618724823,-1.791055881889392
UBFC_PHYS_s14_T1_ctrl,48,48,49.6,-0.11319795250892639,-1.7513527363643449
UBFC_PHYS_s14_T1_ctrl,48,49,49.63333333333333,-0.30778178572654724,-1.509866616528433
UBFC_PHYS_s14_T1_ctrl,48,50,49.666666666666664,-0.5517086386680603,-1.0646988042328933
UBFC_PHYS_s14_T1_ctrl,48,51,49.7,-0.8904349207878113,-0.4578590832129771
UBFC_PHYS_s14_T1_ctrl,48,52,49.733333333333334,-1.297909140586853,0.22698174714087083
UBFC_PHYS_s14_T1_ctrl,48,53,49.766666666666666,-1.626524567604065,0.8833240295973563
UBFC_PHYS_s14_T1_ctrl,48,54,49.8,-1.6058241128921509,1.4109166753018811
UBFC_PHYS_s14_T1_ctrl,48,55,49.833333333333336,-1.081610918045044,1.7422894231069956
UBFC_PHYS_s14_T1_ctrl,48,56,49.86666666666667,-0.21833349764347076,1.8557477615480629
UBFC_PHYS_s14_T1_ctrl,48,57,49.9,0.6146115064620972,1.7716658665355374
UBFC_PHYS_s14_T1_ctrl,48,58,49.93333333333333,1.1645382642745972,1.5368587194394097
UBFC_PHYS_s14_T1_ctrl,48,59,49.96666666666667,1.389539122581482,1.2057329255249307
UBFC_PHYS_s14_T1_ctrl,48,60,50.0,1.3328734636306763,0.82573652024467
UBFC_PHYS_s14_T1_ctrl,48,61,50.03333333333333,1.1051689386367798,0.43047228953656574
UBFC_PHYS_s14_T1_ctrl,48,62,50.06666666666667,0.8872655034065247,0.03983919326330202
UBFC_PHYS_s14_T1_ctrl,48,63,50.1,0.7530085444450378,-0.3355069454423701
UBFC_PHYS_s14_T1_ctrl,48,64,50.13333333333333,0.6737555265426636,-0.6881223758364312
UBFC_PHYS_s14_T1_ctrl,48,65,50.166666666666664,0.6410291790962219,-1.008105729275282
UBFC_PHYS_s14_T1_ctrl,48,66,50.2,0.6255109310150146,-1.2792067388473984
UBFC_PHYS_s14_T1_ctrl,48,67,50.233333333333334,0.5048007965087891,-1.4778706544077538
UBFC_PHYS_s14_T1_ctrl,48,68,50.266666666666666,0.20786961913108826,-1.5758394137243348
UBFC_PHYS_s14_T1_ctrl,48,69,50.3,-0.14817741513252258,-1.546062923880692
UBFC_PHYS_s14_T1_ctrl,48,70,50.333333333333336,-0.4394758343696594,-1.3707091380898544
UBFC_PHYS_s14_T1_ctrl,48,71,50.36666666666667,-0.7201001644134521,-1.0492205805887262
UBFC_PHYS_s14_T1_ctrl,48,72,50.4,-1.1087608337402344,-0.6038791058206217
UBFC_PHYS_s14_T1_ctrl,48,73,50.43333333333333,-1.55276358127594,-0.08045209880009625
UBFC_PHYS_s14_T1_ctrl,48,74,50.46666666666667,-1.7553459405899048,0.45755209369478494
UBFC_PHYS_s14_T1_ctrl,48,75,50.5,-1.4067622423171997,0.9405274030130312
UBFC_PHYS_s14_T1_ctrl,48,76,50.53333333333333,-0.5553699731826782,1.3073056097861526
UBFC_PHYS_s14_T1_ctrl,48,77,50.56666666666667,0.34508374333381653,1.5179249806047714
UBFC_PHYS_s14_T1_ctrl,48,78,50.6,0.9781783223152161,1.560404930044044
UBFC_PHYS_s14_T1_ctrl,48,79,50.63333333333333,1.330507755279541,1.4497090908990193
UBFC_PHYS_s14_T1_ctrl,48,80,50.666666666666664,1.4649617671966553,1.2202266595166884
UBFC_PHYS_s14_T1_ctrl,48,81,50.7,1.4277573823928833,0.9151921991311718
UBFC_PHYS_s14_T1_ctrl,48,82,50.733333333333334,1.3218895196914673,0.5764823016389553
UBFC_PHYS_s14_T1_ctrl,48,83,50.766666666666666,1.2336241006851196,0.23697645092126615
UBFC_PHYS_s14_T1_ctrl,48,84,50.8,1.1487665176391602,-0.08349240138529034
UBFC_PHYS_s14_T1_ctrl,48,85,50.833333333333336,1.0582761764526367,-0.37813900161035446
UBFC_PHYS_s14_T1_ctrl,48,86,50.86666666666667,0.9958370327949524,-0.6490411372237214
UBFC_PHYS_s14_T1_ctrl,48,87,50.9,0.9345806837081909,-0.8995134892044693
UBFC_PHYS_s14_T1_ctrl,48,88,50.93333333333333,0.7759620547294617,-1.1254318743467773
UBFC_PHYS_s14_T1_ctrl,48,89,50.96666666666667,0.49314096570014954,-1.3091160301475533
UBFC_PHYS_s14_T1_ctrl,48,90,51.0,0.17660777270793915,-1.4189492600479745
UBFC_PHYS_s14_T1_ctrl,48,91,51.03333333333333,-0.10083403438329697,-1.4160540060823503
UBFC_PHYS_s14_T1_ctrl,48,92,51.06666666666667,-0.3875417411327362,-1.2669063899470652
UBFC_PHYS_s14_T1_ctrl,48,93,51.1,-0.7729917764663696,-0.9582776754765318
UBFC_PHYS_s14_T1_ctrl,48,94,51.13333333333333,-1.2786450386047363,-0.5089599042855413
UBFC_PHYS_s14_T1_ctrl,48,95,51.166666666666664,-1.7350115776062012,0.0275199812961466
UBFC_PHYS_s14_T1_ctrl,48,96,51.2,-1.816123366355896,0.5725851418645022
UBFC_PHYS_s14_T1_ctrl,48,97,51.233333333333334,-1.3557857275009155,1.042909266745952
UBFC_PHYS_s14_T1_ctrl,48,98,51.266666666666666,-0.581365168094635,1.3735690960418117
UBFC_PHYS_s14_T1_ctrl,48,99,51.3,0.1571747362613678,1.533894936622227
UBFC_PHYS_s14_T1_ctrl,48,100,51.333333333333336,0.7508680820465088,1.5296909876440994
UBFC_PHYS_s14_T1_ctrl,48,101,51.36666666666667,1.199545979499817,1.392717045742085
UBFC_PHYS_s14_T1_ctrl,48,102,51.4,1.4312214851379395,1.1640656976947892
UBFC_PHYS_s14_T1_ctrl,48,103,51.43333333333333,1.4224625825881958,0.8795228031576017
UBFC_PHYS_s14_T1_ctrl,48,104,51.46666666666667,1.2947678565979004,0.5621736758508525
UBFC_PHYS_s14_T1_ctrl,48,105,51.5,1.162200689315796,0.2229824668438513
UBFC_PHYS_s14_T1_ctrl,48,106,51.53333333333333,1.033576488494873,-0.13324320836078116
UBFC_PHYS_s14_T1_ctrl,48,107,51.56666666666667,0.9023049473762512,-0.500087198814931
UBFC_PHYS_s14_T1_ctrl,48,108,51.6,0.7598523497581482,-0.8627888057591624
UBFC_PHYS_s14_T1_ctrl,48,109,51.63333333333333,0.569267749786377,-1.1942926915177043
UBFC_PHYS_s14_T1_ctrl,48,110,51.666666666666664,0.35066017508506775,-1.45541945425724
UBFC_PHYS_s14_T1_ctrl,48,111,51.7,0.1752559095621109,-1.6001791681916213
UBFC_PHYS_s14_T1_ctrl,48,112,51.733333333333334,0.032437171787023544,-1.586119470776772
UBFC_PHYS_s14_T1_ctrl,48,113,51.766666666666666,-0.1581474095582962,-1.3876572560895195
UBFC_PHYS_s14_T1_ctrl,48,114,51.8,-0.43485695123672485,-1.008360672539963
UBFC_PHYS_s14_T1_ctrl,48,115,51.833333333333336,-0.8167302012443542,-0.4871702453418247
UBFC_PHYS_s14_T1_ctrl,48,116,51.86666666666667,-1.2823063135147095,0.10545253965406629
UBFC_PHYS_s14_T1_ctrl,48,117,51.9,-1.63150954246521,0.682012207587862
UBFC_PHYS_s14_T1_ctrl,48,118,51.93333333333333,-1.5654371976852417,1.1587812459415987
UBFC_PHYS_s14_T1_ctrl,48,119,51.96666666666667,-1.0159610509872437,1.475245660271016
UBFC_PHYS_s14_T1_ctrl,48,120,52.0,-0.2445821762084961,1.6051273284848746
UBFC_PHYS_s14_T1_ctrl,48,121,52.03333333333333,0.40650904178619385,1.5559637333544971
UBFC_PHYS_s14_T1_ctrl,48,122,52.06666666666667,0.7718501687049866,1.3592911587280767
UBFC_PHYS_s14_T1_ctrl,48,123,52.1,0.8729864358901978,1.0568709182315437
UBFC_PHYS_s14_T1_ctrl,48,124,52.13333333333333,0.8232772946357727,0.6886585510926231
UBFC_PHYS_s14_T1_ctrl,48,125,52.166666666666664,0.7249574065208435,0.2861345614501284
UBFC_PHYS_s14_T1_ctrl,48,126,52.2,0.6372552514076233,-0.12808894924802333
UBFC_PHYS_s14_T1_ctrl,48,127,52.233333333333334,0.5750413537025452,-0.5357004345474613
UBFC_PHYS_s14_T1_ctrl,48,128,52.266666666666666,0.5327674746513367,-0.9158533286869267
UBFC_PHYS_s14_T1_ctrl,48,129,52.3,0.5142356753349304,-1.2393950492218189
UBFC_PHYS_s14_T1_ctrl,48,130,52.333333333333336,0.4966896176338196,-1.46746688709841
UBFC_PHYS_s14_T1_ctrl,48,131,52.36666666666667,0.4197178781032562,-1.5567165392744349
UBFC_PHYS_s14_T1_ctrl,48,132,52.4,0.26912593841552734,-1.47101463259264
UBFC_PHYS_s14_T1_ctrl,48,133,52.43333333333333,0.09941073507070541,-1.1964391909414074
UBFC_PHYS_s14_T1_ctrl,48,134,52.46666666666667,-0.04439373314380646,-0.753617492981868
UBFC_PHYS_s14_T1_ctrl,48,135,52.5,-0.1926199346780777,-0.20090473841727624
UBFC_PHYS_s14_T1_ctrl,48,136,52.53333333333333,-0.43618065118789673,0.3755227463989451
UBFC_PHYS_s14_T1_ctrl,48,137,52.56666666666667,-0.7437859177589417,0.8829417231556053
UBFC_PHYS_s14_T1_ctrl,48,138,52.6,-0.8732831478118896,1.2466565440997213
UBFC_PHYS_s14_T1_ctrl,48,139,52.63333333333333,-0.626568078994751,1.4272872789011173
UBFC_PHYS_s14_T1_ctrl,48,140,52.666666666666664,-0.09813030809164047,1.424101475546905
UBFC_PHYS_s14_T1_ctrl,48,141,52.7,0.46024560928344727,1.2652001929068928
UBFC_PHYS_s14_T1_ctrl,48,142,52.733333333333334,0.8723949790000916,0.9914324375339699
UBFC_PHYS_s14_T1_ctrl,48,143,52.766666666666666,1.0571496486663818,0.6425562595730503
UBFC_PHYS_s14_T1_ctrl,48,144,52.8,1.013411283493042,0.25119413499512216
UBFC_PHYS_s14_T1_ctrl,48,145,52.833333333333336,0.8252205848693848,-0.1550174814267868
UBFC_PHYS_s14_T1_ctrl,48,146,52.86666666666667,0.6068101525306702,-0.546920700425701
UBFC_PHYS_s14_T1_ctrl,48,147,52.9,0.45517614483833313,-0.8884678887678074
UBFC_PHYS_s14_T1_ctrl,48,148,52.93333333333333,0.39789092540740967,-1.136908257761628
UBFC_PHYS_s14_T1_ctrl,48,149,52.96666666666667,0.3675021529197693,-1.250011701265735
UBFC_PHYS_s14_T1_ctrl,48,150,53.0,0.2771526277065277,-1.198373273754941
UBFC_PHYS_s14_T1_ctrl,48,151,53.03333333333333,0.10825417935848236,-0.9780675218680053
UBFC_PHYS_s14_T1_ctrl,48,152,53.06666666666667,-0.08472432941198349,-0.6178018276258925
UBFC_PHYS_s14_T1_ctrl,48,153,53.1,-0.2473703920841217,-0.17607250388601647
UBFC_PHYS_s14_T1_ctrl,48,154,53.13333333333333,-0.3843310475349426,0.272314830521704
UBFC_PHYS_s14_T1_ctrl,48,155,53.166666666666664,-0.5697335004806519,0.6558871691084731
UBFC_PHYS_s14_T1_ctrl,48,156,53.2,-0.8355154991149902,0.9239947902165903
UBFC_PHYS_s14_T1_ctrl,48,157,53.233333333333334,-1.0373092889785767,1.0545245534740462
UBFC_PHYS_s14_T1_ctrl,48,158,53.266666666666666,-0.9328778386116028,1.0500821191758198
UBFC_PHYS_s14_T1_ctrl,48,159,53.3,-0.47490590810775757,0.9275484285376658
UBFC_PHYS_s14_T1_ctrl,48,160,53.333333333333336,0.09535514563322067,0.7084180877207685
UBFC_PHYS_s14_T1_ctrl,48,161,53.36666666666667,0.5248534083366394,0.4148933568728481
UBFC_PHYS_s14_T1_ctrl,48,162,53.4,0.7313787341117859,0.07180582772420321
UBFC_PHYS_s14_T1_ctrl,48,163,53.43333333333333,0.7186486721038818,-0.289310602369363
UBFC_PHYS_s14_T1_ctrl,48,164,53.46666666666667,0.5072228908538818,-0.6280836860699226
UBFC_PHYS_s14_T1_ctrl,48,165,53.5,0.20237766206264496,-0.8974659871441891
UBFC_PHYS_s14_T1_ctrl,48,166,53.53333333333333,-0.03433924913406372,-1.0507814113374485
UBFC_PHYS_s14_T1_ctrl,48,167,53.56666666666667,-0.13001175224781036,-1.0526530847653515
UBFC_PHYS_s14_T1_ctrl,48,168,53.6,-0.11176159232854843,-0.890982998805111
UBFC_PHYS_s14_T1_ctrl,48,169,53.63333333333333,-0.05979934334754944,-0.5854784157980257
UBFC_PHYS_s14_T1_ctrl,48,170,53.666666666666664,-0.0643337219953537,-0.18785253455766485
UBFC_PHYS_s14_T1_ctrl,48,171,53.7,-0.14403733611106873,0.22881368428793317
UBFC_PHYS_s14_T1_ctrl,48,172,53.733333333333334,-0.26491644978523254,0.5890662483485235
UBFC_PHYS_s14_T1_ctrl,48,173,53.766666666666666,-0.4447143077850342,0.8351924071235028
UBFC_PHYS_s14_T1_ctrl,48,174,53.8,-0.666532576084137,0.9400187094767526
UBFC_PHYS_s14_T1_ctrl,48,175,53.833333333333336,-0.7806805372238159,0.9074503663621701
UBFC_PHYS_s14_T1_ctrl,48,176,53.86666666666667,-0.6607589721679688,0.7623284928451277
UBFC_PHYS_s14_T1_ctrl,48,177,53.9,-0.32417312264442444,0.536595866905227
UBFC_PHYS_s14_T1_ctrl,48,178,53.93333333333333,0.09439757466316223,0.25957408088696426
UBFC_PHYS_s14_T1_ctrl,48,179,53.96666666666667,0.41140955686569214,-0.0436156010982868
UBFC_PHYS_s14_T1_ctrl,48,180,54.0,0.5044346451759338,-0.34712975431180804
UBFC_PHYS_s14_T1_ctrl,48,181,54.03333333333333,0.38583680987358093,-0.6186178103151316
UBFC_PHYS_s14_T1_ctrl,48,182,54.06666666666667,0.1444728523492813,-0.8182731966927025
UBFC_PHYS_s14_T1_ctrl,48,183,54.1,-0.11057871580123901,-0.9053032146491342
UBFC_PHYS_s14_T1_ctrl,48,184,54.13333333333333,-0.2418784499168396,-0.8503026642614651
UBFC_PHYS_s14_T1_ctrl,48,185,54.166666666666664,-0.20599773526191711,-0.6485644113762796
UBFC_PHYS_s14_T1_ctrl,48,186,54.2,-0.09097669273614883,-0.3278052459851559
UBFC_PHYS_s14_T1_ctrl,48,187,54.233333333333334,0.01883404515683651,0.054683045402630276
UBFC_PHYS_s14_T1_ctrl,48,188,54.266666666666666,0.08470921963453293,0.4258725497095188
UBFC_PHYS_s14_T1_ctrl,48,189,54.3,0.049701593816280365,0.7167665020711836
UBFC_PHYS_s14_T1_ctrl,48,190,54.333333333333336,-0.1341799944639206,0.8797659702742765
UBFC_PHYS_s14_T1_ctrl,48,191,54.36666666666667,-0.4122413992881775,0.8967794493418716
UBFC_PHYS_s14_T1_ctrl,48,192,54.4,-0.6031639575958252,0.7770140102617459
UBFC_PHYS_s14_T1_ctrl,48,193,54.43333333333333,-0.5311490893363953,0.5488050821177036
UBFC_PHYS_s14_T1_ctrl,48,194,54.46666666666667,-0.19639387726783752,0.2507750892832322
UBFC_PHYS_s14_T1_ctrl,48,195,54.5,0.21209418773651123,-0.07486745127096112
UBFC_PHYS_s14_T1_ctrl,48,196,54.53333333333333,0.4506417512893677,-0.3867298181594259
UBFC_PHYS_s14_T1_ctrl,48,197,54.56666666666667,0.4211542308330536,-0.6473956044761802
UBFC_PHYS_s14_T1_ctrl,48,198,54.6,0.20296910405158997,-0.8262094082522009
UBFC_PHYS_s14_T1_ctrl,48,199,54.63333333333333,-0.04692848026752472,-0.9019089958859858
UBFC_PHYS_s14_T1_ctrl,48,200,54.666666666666664,-0.20346300303936005,-0.8650538632288477
UBFC_PHYS_s14_T1_ctrl,48,201,54.7,-0.2495671808719635,-0.720023161514305
UBFC_PHYS_s14_T1_ctrl,48,202,54.733333333333334,-0.2610861659049988,-0.485855568087279
UBFC_PHYS_s14_T1_ctrl,48,203,54.766666666666666,-0.266437292098999,-0.19480612143701845
UBFC_PHYS_s14_T1_ctrl,48,204,54.8,-0.24289235472679138,0.11212643747180624
UBFC_PHYS_s14_T1_ctrl,48,205,54.833333333333336,-0.2630294859409332,0.3921231286368605
UBFC_PHYS_s14_T1_ctrl,48,206,54.86666666666667,-0.4228028357028961,0.6077641654964985
UBFC_PHYS_s14_T1_ctrl,48,207,54.9,-0.684698224067688,0.7321282719651294
UBFC_PHYS_s14_T1_ctrl,48,208,54.93333333333333,-0.9007992148399353,0.7510623191577431
UBFC_PHYS_s14_T1_ctrl,48,209,54.96666666666667,-0.8901814818382263,0.6638794588547258
UBFC_PHYS_s14_T1_ctrl,48,210,55.0,-0.5631150007247925,0.4839989322139826
UBFC_PHYS_s14_T1_ctrl,48,211,55.03333333333333,-0.07140284031629562,0.23954345762011162
UBFC_PHYS_s14_T1_ctrl,48,212,55.06666666666667,0.3144133388996124,-0.027902401626463572
UBFC_PHYS_s14_T1_ctrl,48,213,55.1,0.47773534059524536,-0.2684376702549576
UBFC_PHYS_s14_T1_ctrl,48,214,55.13333333333333,0.43619370460510254,-0.433064957379656
UBFC_PHYS_s14_T1_ctrl,48,215,55.166666666666664,0.2709565758705139,-0.48489553107746103
UBFC_PHYS_s14_T1_ctrl,48,216,55.2,0.10453655570745468,-0.409395574106168
UBFC_PHYS_s14_T1_ctrl,48,217,55.233333333333334,0.0018512601964175701,-0.22064049043293776
UBFC_PHYS_s14_T1_ctrl,48,218,55.266666666666666,-0.0818234533071518,0.03952896983459917
UBFC_PHYS_s14_T1_ctrl,48,219,55.3,-0.1948167085647583,0.31120217262940225
UBFC_PHYS_s14_T1_ctrl,48,220,55.333333333333336,-0.3094998002052307,0.5329978146183243
UBFC_PHYS_s14_T1_ctrl,48,221,55.36666666666667,-0.4122132360935211,0.6596835166200983
UBFC_PHYS_s14_T1_ctrl,48,222,55.4,-0.5647203326225281,0.67369535540476
UBFC_PHYS_s14_T1_ctrl,48,223,55.43333333333333,-0.80898517370224,0.5860108839279855
UBFC_PHYS_s14_T1_ctrl,48,224,55.46666666666667,-1.0415902137756348,0.4270290721874703
UBFC_PHYS_s14_T1_ctrl,48,225,55.5,-1.049363374710083,0.23276639387851877
UBFC_PHYS_s14_T1_ctrl,48,226,55.53333333333333,-0.7048353552818298,0.0330289306185242
UBFC_PHYS_s14_T1_ctrl,48,227,55.56666666666667,-0.16789209842681885,-0.15385128192731093
UBFC_PHYS_s14_T1_ctrl,48,228,55.6,0.2859397232532501,-0.3189770008264241
UBFC_PHYS_s14_T1_ctrl,48,229,55.63333333333333,0.5007451772689819,-0.4564587504944457
UBFC_PHYS_s14_T1_ctrl,48,230,55.666666666666664,0.4750034511089325,-0.5574036824516736
UBFC_PHYS_s14_T1_ctrl,48,231,55.7,0.27850449085235596,-0.6086161995456969
UBFC_PHYS_s14_T1_ctrl,48,232,55.733333333333334,0.019509976729750633,-0.5976619156655718
UBFC_PHYS_s14_T1_ctrl,48,233,55.766666666666666,-0.1910145878791809,-0.5220641275296897
UBFC_PHYS_s14_T1_ctrl,48,234,55.8,-0.3218073844909668,-0.39699342977405133
UBFC_PHYS_s14_T1_ctrl,48,235,55.833333333333336,-0.4006097614765167,-0.25528010261902173
UBFC_PHYS_s14_T1_ctrl,48,236,55.86666666666667,-0.4492205083370209,-0.13715286202790164
UBFC_PHYS_s14_T1_ctrl,48,237,55.9,-0.5058298110961914,-0.07327124595689487
UBFC_PHYS_s14_T1_ctrl,48,238,55.93333333333333,-0.6248782873153687,-0.06981806962465824
UBFC_PHYS_s14_T1_ctrl,48,239,55.96666666666667,-0.8211237788200378,-0.10456701955693583
UBFC_PHYS_s14_T1_ctrl,49,0,49.0,0.08704681694507599,0.098953609503832
UBFC_PHYS_s14_T1_ctrl,49,1,49.03333333333333,-0.08765336126089096,0.786422016815876
UBFC_PHYS_s14_T1_ctrl,49,2,49.06666666666667,-0.3053033649921417,1.3870711195372225
UBFC_PHYS_s14_T1_ctrl,49,3,49.1,-0.6139788627624512,1.835467689383708
UBFC_PHYS_s14_T1_ctrl,49,4,49.13333333333333,-0.9665054082870483,2.0945480062707182
UBFC_PHYS_s14_T1_ctrl,49,5,49.166666666666664,-1.1337140798568726,2.161070479330936
UBFC_PHYS_s14_T1_ctrl,49,6,49.2,-0.8529207110404968,2.061187001107895
UBFC_PHYS_s14_T1_ctrl,49,7,49.233333333333334,-0.17025785148143768,1.8379831337057329
UBFC_PHYS_s14_T1_ctrl,49,8,49.266666666666666,0.5472436547279358,1.5364157946601986
UBFC_PHYS_s14_T1_ctrl,49,9,49.3,1.0164529085159302,1.1915152982573676
UBFC_PHYS_s14_T1_ctrl,49,10,49.333333333333336,1.2220488786697388,0.8232226272144068
UBFC_PHYS_s14_T1_ctrl,49,11,49.36666666666667,1.2157964706420898,0.43797008861215597
UBFC_PHYS_s14_T1_ctrl,49,12,49.4,1.0390965938568115,0.03514779081864181
UBFC_PHYS_s14_T1_ctrl,49,13,49.43333333333333,0.7913958430290222,-0.384023739516618
UBFC_PHYS_s14_T1_ctrl,49,14,49.46666666666667,0.5985863208770752,-0.8078440297849562
UBFC_PHYS_s14_T1_ctrl,49,15,49.5,0.4723278880119324,-1.2083616685974423
UBFC_PHYS_s14_T1_ctrl,49,16,49.53333333333333,0.3128361701965332,-1.540885741905331
UBFC_PHYS_s14_T1_ctrl,49,17,49.56666666666667,0.09639720618724823,-1.7503069912065747
UBFC_PHYS_s14_T1_ctrl,49,18,49.6,-0.11319795250892639,-1.7840041338396038
UBFC_PHYS_s14_T1_ctrl,49,19,49.63333333333333,-0.30778178572654724,-1.6086444577566315
UBFC_PHYS_s14_T1_ctrl,49,20,49.666666666666664,-0.5517086386680603,-1.2257329239812311
UBFC_PHYS_s14_T1_ctrl,49,21,49.7,-0.8904349207878113,-0.67953693317081
UBFC_PHYS_s14_T1_ctrl,49,22,49.733333333333334,-1.297909140586853,-0.052281067991261865
UBFC_PHYS_s14_T1_ctrl,49,23,49.766666666666666,-1.626524567604065,0.5540353650732489
UBFC_PHYS_s14_T1_ctrl,49,24,49.8,-1.6058241128921509,1.0435115562789867
UBFC_PHYS_s14_T1_ctrl,49,25,49.833333333333336,-1.081610918045044,1.3500724185764024
UBFC_PHYS_s14_T1_ctrl,49,26,49.86666666666667,-0.21833349764347076,1.4504011512781392
UBFC_PHYS_s14_T1_ctrl,49,27,49.9,0.6146115064620972,1.3627861296950126
UBFC_PHYS_s14_T1_ctrl,49,28,49.93333333333333,1.1645382642745972,1.1346111376661252
UBFC_PHYS_s14_T1_ctrl,49,29,49.96666666666667,1.389539122581482,0.8248074180441173
UBFC_PHYS_s14_T1_ctrl,49,30,50.0,1.3328734636306763,0.4875526275410346
UBFC_PHYS_s14_T1_ctrl,49,31,50.03333333333333,1.1051689386367798,0.1612946510464804
UBFC_PHYS_s14_T1_ctrl,49,32,50.06666666666667,0.8872655034065247,-0.1351548035443762
UBFC_PHYS_s14_T1_ctrl,49,33,50.1,0.7530085444450378,-0.3996294209158777
UBFC_PHYS_s14_T1_ctrl,49,34,50.13333333333333,0.6737555265426636,-0.6385836133454648
UBFC_PHYS_s14_T1_ctrl,49,35,50.166666666666664,0.6410291790962219,-0.857149052304247
UBFC_PHYS_s14_T1_ctrl,49,36,50.2,0.6255109310150146,-1.050795212717611
UBFC_PHYS_s14_T1_ctrl,49,37,50.233333333333334,0.5048007965087891,-1.2014459400390778
UBFC_PHYS_s14_T1_ctrl,49,38,50.266666666666666,0.20786961913108826,-1.2793485029790441
UBFC_PHYS_s14_T1_ctrl,49,39,50.3,-0.14817741513252258,-1.2503322162243946
UBFC_PHYS_s14_T1_ctrl,49,40,50.333333333333336,-0.4394758343696594,-1.0868950173774952
UBFC_PHYS_s14_T1_ctrl,49,41,50.36666666666667,-0.7201001644134521,-0.7804945938581314
UBFC_PHYS_s14_T1_ctrl,49,42,50.4,-1.1087608337402344,-0.35121838010384127
UBFC_PHYS_s14_T1_ctrl,49,43,50.43333333333333,-1.55276358127594,0.1496794789295313
UBFC_PHYS_s14_T1_ctrl,49,44,50.46666666666667,-1.7553459405899048,0.6478148227035366
UBFC_PHYS_s14_T1_ctrl,49,45,50.5,-1.4067622423171997,1.0638005518235252
UBFC_PHYS_s14_T1_ctrl,49,46,50.53333333333333,-0.5553699731826782,1.335245580833471
UBFC_PHYS_s14_T1_ctrl,49,47,50.56666666666667,0.34508374333381653,1.4332046104912417
UBFC_PHYS_s14_T1_ctrl,49,48,50.6,0.9781783223152161,1.3662460890556645
UBFC_PHYS_s14_T1_ctrl,49,49,50.63333333333333,1.330507755279541,1.171752784650607
UBFC_PHYS_s14_T1_ctrl,49,50,50.666666666666664,1.4649617671966553,0.8999795002035539
UBFC_PHYS_s14_T1_ctrl,49,51,50.7,1.4277573823928833,0.5985091891165709
UBFC_PHYS_s14_T1_ctrl,49,52,50.733333333333334,1.3218895196914673,0.3024452063907813
UBFC_PHYS_s14_T1_ctrl,49,53,50.766666666666666,1.2336241006851196,0.031469024151190225
UBFC_PHYS_s14_T1_ctrl,49,54,50.8,1.1487665176391602,-0.2081012221450653
UBFC_PHYS_s14_T1_ctrl,49,55,50.833333333333336,1.0582761764526367,-0.4188077874366407
UBFC_PHYS_s14_T1_ctrl,49,56,50.86666666666667,0.9958370327949524,-0.6067474592467009
UBFC_PHYS_s14_T1_ctrl,49,57,50.9,0.9345806837081909,-0.7761114008831604
UBFC_PHYS_s14_T1_ctrl,49,58,50.93333333333333,0.7759620547294617,-0.9242271077405538
UBFC_PHYS_s14_T1_ctrl,49,59,50.96666666666667,0.49314096570014954,-1.0383666297170255
UBFC_PHYS_s14_T1_ctrl,49,60,51.0,0.17660777270793915,-1.0958362912196726
UBFC_PHYS_s14_T1_ctrl,49,61,51.03333333333333,-0.10083403438329697,-1.068405498710117
UBFC_PHYS_s14_T1_ctrl,49,62,51.06666666666667,-0.3875417411327362,-0.9309912863014067
UBFC_PHYS_s14_T1_ctrl,49,63,51.1,-0.7729917764663696,-0.6727468785129327
UBFC_PHYS_s14_T1_ctrl,49,64,51.13333333333333,-1.2786450386047363,-0.306777630533429
UBFC_PHYS_s14_T1_ctrl,49,65,51.166666666666664,-1.7350115776062012,0.12626021067012838
UBFC_PHYS_s14_T1_ctrl,49,66,51.2,-1.816123366355896,0.5642211291408825
UBFC_PHYS_s14_T1_ctrl,49,67,51.233333333333334,-1.3557857275009155,0.9387675472522836
UBFC_PHYS_s14_T1_ctrl,49,68,51.266666666666666,-0.581365168094635,1.1941800215085447
UBFC_PHYS_s14_T1_ctrl,49,69,51.3,0.1571747362613678,1.3014429844923197
UBFC_PHYS_s14_T1_ctrl,49,70,51.333333333333336,0.7508680820465088,1.2622154304032238
UBFC_PHYS_s14_T1_ctrl,49,71,51.36666666666667,1.199545979499817,1.1028374833281982
UBFC_PHYS_s14_T1_ctrl,49,72,51.4,1.4312214851379395,0.8625373490196017
UBFC_PHYS_s14_T1_ctrl,49,73,51.43333333333333,1.4224625825881958,0.5809209621603552
UBFC_PHYS_s14_T1_ctrl,49,74,51.46666666666667,1.2947678565979004,0.28841462518581257
UBFC_PHYS_s14_T1_ctrl,49,75,51.5,1.162200689315796,0.0014682352087820466
UBFC_PHYS_s14_T1_ctrl,49,76,51.53333333333333,1.033576488494873,-0.2767137128766655
UBFC_PHYS_s14_T1_ctrl,49,77,51.56666666666667,0.9023049473762512,-0.5500306264836332
UBFC_PHYS_s14_T1_ctrl,49,78,51.6,0.7598523497581482,-0.8197146857913222
UBFC_PHYS_s14_T1_ctrl,49,79,51.63333333333333,0.569267749786377,-1.0745560067627868
UBFC_PHYS_s14_T1_ctrl,49,80,51.666666666666664,0.35066017508506775,-1.28552113658039
UBFC_PHYS_s14_T1_ctrl,49,81,51.7,0.1752559095621109,-1.4081594933790083
UBFC_PHYS_s14_T1_ctrl,49,82,51.733333333333334,0.032437171787023544,-1.3935368762556195
UBFC_PHYS_s14_T1_ctrl,49,83,51.766666666666666,-0.1581474095582962,-1.2050997922728615
UBFC_PHYS_s14_T1_ctrl,49,84,51.8,-0.43485695123672485,-0.8360628235790831
UBFC_PHYS_s14_T1_ctrl,49,85,51.833333333333336,-0.8167302012443542,-0.32038578794863504
UBFC_PHYS_s14_T1_ctrl,49,86,51.86666666666667,-1.2823063135147095,0.26891912707875726
UBFC_PHYS_s14_T1_ctrl,49,87,51.9,-1.63150954246521,0.8361214115027575
UBFC_PHYS_s14_T1_ctrl,49,88,51.93333333333333,-1.5654371976852417,1.2885399102698014
UBFC_PHYS_s14_T1_ctrl,49,89,51.96666666666667,-1.0159610509872437,1.5612456185727979
UBFC_PHYS_s14_T1_ctrl,49,90,52.0,-0.2445821762084961,1.6309310980768665
UBFC_PHYS_s14_T1_ctrl,49,91,52.03333333333333,0.40650904178619385,1.5148413029648766
UBFC_PHYS_s14_T1_ctrl,49,92,52.06666666666667,0.7718501687049866,1.2573864205925722
UBFC_PHYS_s14_T1_ctrl,49,93,52.1,0.8729864358901978,0.911549070897483
UBFC_PHYS_s14_T1_ctrl,49,94,52.13333333333333,0.8232772946357727,0.5228817058512026
UBFC_PHYS_s14_T1_ctrl,49,95,52.166666666666664,0.7249574065208435,0.12138975608571168
UBFC_PHYS_s14_T1_ctrl,49,96,52.2,0.6372552514076233,-0.2772996456885123
UBFC_PHYS_s14_T1_ctrl,49,97,52.233333333333334,0.5750413537025452,-0.6637089570682035
UBFC_PHYS_s14_T1_ctrl,49,98,52.266666666666666,0.5327674746513367,-1.0237274377082477
UBFC_PHYS_s14_T1_ctrl,49,99,52.3,0.5142356753349304,-1.3304062220179835
UBFC_PHYS_s14_T1_ctrl,49,100,52.333333333333336,0.4966896176338196,-1.5425440788507276
UBFC_PHYS_s14_T1_ctrl,49,101,52.36666666666667,0.4197178781032562,-1.6119611530116371
UBFC_PHYS_s14_T1_ctrl,49,102,52.4,0.26912593841552734,-1.498085329670325
UBFC_PHYS_s14_T1_ctrl,49,103,52.43333333333333,0.09941073507070541,-1.1852354064610424
UBFC_PHYS_s14_T1_ctrl,49,104,52.46666666666667,-0.04439373314380646,-0.6959663058057611
UBFC_PHYS_s14_T1_ctrl,49,105,52.5,-0.1926199346780777,-0.09396621362549218
UBFC_PHYS_s14_T1_ctrl,49,106,52.53333333333333,-0.43618065118789673,0.5271434813919835
UBFC_PHYS_s14_T1_ctrl,49,107,52.56666666666667,-0.7437859177589417,1.0670342039197638
UBFC_PHYS_s14_T1_ctrl,49,108,52.6,-0.8732831478118896,1.445232475441417
UBFC_PHYS_s14_T1_ctrl,49,109,52.63333333333333,-0.626568078994751,1.6196779293655652
UBFC_PHYS_s14_T1_ctrl,49,110,52.666666666666664,-0.09813030809164047,1.5902161949780942
UBFC_PHYS_s14_T1_ctrl,49,111,52.7,0.46024560928344727,1.3879860617311144
UBFC_PHYS_s14_T1_ctrl,49,112,52.733333333333334,0.8723949790000916,1.0580290269372357
UBFC_PHYS_s14_T1_ctrl,49,113,52.766666666666666,1.0571496486663818,0.6442694662399998
UBFC_PHYS_s14_T1_ctrl,49,114,52.8,1.013411283493042,0.18315724126385488
UBFC_PHYS_s14_T1_ctrl,49,115,52.833333333333336,0.8252205848693848,-0.2933201982099503
UBFC_PHYS_s14_T1_ctrl,49,116,52.86666666666667,0.6068101525306702,-0.7498687737867159
UBFC_PHYS_s14_T1_ctrl,49,117,52.9,0.45517614483833313,-1.1422638720175602
UBFC_PHYS_s14_T1_ctrl,49,118,52.93333333333333,0.39789092540740967,-1.4189833114952908
UBFC_PHYS_s14_T1_ctrl,49,119,52.96666666666667,0.3675021529197693,-1.5309129551772496
UBFC_PHYS_s14_T1_ctrl,49,120,53.0,0.2771526277065277,-1.4457304333508336
UBFC_PHYS_s14_T1_ctrl,49,121,53.03333333333333,0.10825417935848236,-1.1611896839939628
UBFC_PHYS_s14_T1_ctrl,49,122,53.06666666666667,-0.08472432941198349,-0.7116136402319396
UBFC_PHYS_s14_T1_ctrl,49,123,53.1,-0.2473703920841217,-0.16411815674076785
UBFC_PHYS_s14_T1_ctrl,49,124,53.13333333333333,-0.3843310475349426,0.3953687412033497
UBFC_PHYS_s14_T1_ctrl,49,125,53.166666666666664,-0.5697335004806519,0.8821287016024606
UBFC_PHYS_s14_T1_ctrl,49,126,53.2,-0.8355154991149902,1.231366097882308
UBFC_PHYS_s14_T1_ctrl,49,127,53.233333333333334,-1.0373092889785767,1.4085921718297862
UBFC_PHYS_s14_T1_ctrl,49,128,53.266666666666666,-0.9328778386116028,1.4093043879261993
UBFC_PHYS_s14_T1_ctrl,49,129,53.3,-0.47490590810775757,1.2511597878178624
UBFC_PHYS_s14_T1_ctrl,49,130,53.333333333333336,0.09535514563322067,0.9643809594296971
UBFC_PHYS_s14_T1_ctrl,49,131,53.36666666666667,0.5248534083366394,0.5848917644962368
UBFC_PHYS_s14_T1_ctrl,49,132,53.4,0.7313787341117859,0.15140148039404788
UBFC_PHYS_s14_T1_ctrl,49,133,53.43333333333333,0.7186486721038818,-0.2950578566372201
UBFC_PHYS_s14_T1_ctrl,49,134,53.46666666666667,0.5072228908538818,-0.7112358494426665
UBFC_PHYS_s14_T1_ctrl,49,135,53.5,0.20237766206264496,-1.0528959205759518
UBFC_PHYS_s14_T1_ctrl,49,136,53.53333333333333,-0.03433924913406372,-1.2782134401643799
UBFC_PHYS_s14_T1_ctrl,49,137,53.56666666666667,-0.13001175224781036,-1.353820172758933
UBFC_PHYS_s14_T1_ctrl,49,138,53.6,-0.11176159232854843,-1.262643074153353
UBFC_PHYS_s14_T1_ctrl,49,139,53.63333333333333,-0.05979934334754944,-1.0109900228850721
UBFC_PHYS_s14_T1_ctrl,49,140,53.666666666666664,-0.0643337219953537,-0.6313827448484546
UBFC_PHYS_s14_T1_ctrl,49,141,53.7,-0.14403733611106873,-0.1785112647994132
UBFC_PHYS_s14_T1_ctrl,49,142,53.733333333333334,-0.26491644978523254,0.2814861567459984
UBFC_PHYS_s14_T1_ctrl,49,143,53.766666666666666,-0.4447143077850342,0.6848833722041062
UBFC_PHYS_s14_T1_ctrl,49,144,53.8,-0.666532576084137,0.9820849773400301
UBFC_PHYS_s14_T1_ctrl,49,145,53.833333333333336,-0.7806805372238159,1.1432277084361144
UBFC_PHYS_s14_T1_ctrl,49,146,53.86666666666667,-0.6607589721679688,1.1575950967304356
UBFC_PHYS_s14_T1_ctrl,49,147,53.9,-0.32417312264442444,1.0302649752303779
UBFC_PHYS_s14_T1_ctrl,49,148,53.93333333333333,0.09439757466316223,0.7797336820512516
UBFC_PHYS_s14_T1_ctrl,49,149,53.96666666666667,0.41140955686569214,0.43766891722715295
UBFC_PHYS_s14_T1_ctrl,49,150,54.0,0.5044346451759338,0.04874871822629529
UBFC_PHYS_s14_T1_ctrl,49,151,54.03333333333333,0.38583680987358093,-0.33258449935536577
UBFC_PHYS_s14_T1_ctrl,49,152,54.06666666666667,0.1444728523492813,-0.6497334933768235
UBFC_PHYS_s14_T1_ctrl,49,153,54.1,-0.11057871580123901,-0.8544245102994122
UBFC_PHYS_s14_T1_ctrl,49,154,54.13333333333333,-0.2418784499168396,-0.9172496943234845
UBFC_PHYS_s14_T1_ctrl,49,155,54.166666666666664,-0.20599773526191711,-0.8352681557119005
UBFC_PHYS_s14_T1_ctrl,49,156,54.2,-0.09097669273614883,-0.6336566158243695
UBFC_PHYS_s14_T1_ctrl,49,157,54.233333333333334,0.01883404515683651,-0.3594326390424701
UBFC_PHYS_s14_T1_ctrl,49,158,54.266666666666666,0.08470921963453293,-0.06818586518157822
UBFC_PHYS_s14_T1_ctrl,49,159,54.3,0.049701593816280365,0.1914733467487235
UBFC_PHYS_s14_T1_ctrl,49,160,54.333333333333336,-0.1341799944639206,0.38881992559284084
UBFC_PHYS_s14_T1_ctrl,49,161,54.36666666666667,-0.4122413992881775,0.5123759439180139
UBFC_PHYS_s14_T1_ctrl,49,162,54.4,-0.6031639575958252,0.5629962632503767
UBFC_PHYS_s14_T1_ctrl,49,163,54.43333333333333,-0.5311490893363953,0.5452747234667509
UBFC_PHYS_s14_T1_ctrl,49,164,54.46666666666667,-0.19639387726783752,0.463730015457286
UBFC_PHYS_s14_T1_ctrl,49,165,54.5,0.21209418773651123,0.3254639366341461
UBFC_PHYS_s14_T1_ctrl,49,166,54.53333333333333,0.4506417512893677,0.1456645958442334
UBFC_PHYS_s14_T1_ctrl,49,167,54.56666666666667,0.4211542308330536,-0.04967299319463414
UBFC_PHYS_s14_T1_ctrl,49,168,54.6,0.20296910405158997,-0.22691224623517445
UBFC_PHYS_s14_T1_ctrl,49,169,54.63333333333333,-0.04692848026752472,-0.35275647094578055
UBFC_PHYS_s14_T1_ctrl,49,170,54.666666666666664,-0.20346300303936005,-0.4035981687802929
UBFC_PHYS_s14_T1_ctrl,49,171,54.7,-0.2495671808719635,-0.37258543574858816
UBFC_PHYS_s14_T1_ctrl,49,172,54.733333333333334,-0.2610861659049988,-0.2716898996656195
UBFC_PHYS_s14_T1_ctrl,49,173,54.766666666666666,-0.266437292098999,-0.1278288633041264
UBFC_PHYS_s14_T1_ctrl,49,174,54.8,-0.24289235472679138,0.025517988657505944
UBFC_PHYS_s14_T1_ctrl,49,175,54.833333333333336,-0.2630294859409332,0.15766263692335908
UBFC_PHYS_s14_T1_ctrl,49,176,54.86666666666667,-0.4228028357028961,0.2469255756716339
UBFC_PHYS_s14_T1_ctrl,49,177,54.9,-0.684698224067688,0.2815091551724064
UBFC_PHYS_s14_T1_ctrl,49,178,54.93333333333333,-0.9007992148399353,0.25654597839820775
UBFC_PHYS_s14_T1_ctrl,49,179,54.96666666666667,-0.8901814818382263,0.17137609062874615
UBFC_PHYS_s14_T1_ctrl,49,180,55.0,-0.5631150007247925,0.030133698854530707
UBFC_PHYS_s14_T1_ctrl,49,181,55.03333333333333,-0.07140284031629562,-0.15456557336917948
UBFC_PHYS_s14_T1_ctrl,49,182,55.06666666666667,0.3144133388996124,-0.35789625034063627
UBFC_PHYS_s14_T1_ctrl,49,183,55.1,0.47773534059524536,-0.5427258312208069
UBFC_PHYS_s14_T1_ctrl,49,184,55.13333333333333,0.43619370460510254,-0.6650396468063332
UBFC_PHYS_s14_T1_ctrl,49,185,55.166666666666664,0.2709565758705139,-0.6841415167396684
UBFC_PHYS_s14_T1_ctrl,49,186,55.2,0.10453655570745468,-0.5749903988967644
UBFC_PHYS_s14_T1_ctrl,49,187,55.233333333333334,0.0018512601964175701,-0.33896712661839784
UBFC_PHYS_s14_T1_ctrl,49,188,55.266666666666666,-0.0818234533071518,-0.008858972132860157
UBFC_PHYS_s14_T1_ctrl,49,189,55.3,-0.1948167085647583,0.3554664968015356
UBFC_PHYS_s14_T1_ctrl,49,190,55.333333333333336,-0.3094998002052307,0.6815535745439866
UBFC_PHYS_s14_T1_ctrl,49,191,55.36666666666667,-0.4122132360935211,0.9052022571451915
UBFC_PHYS_s14_T1_ctrl,49,192,55.4,-0.5647203326225281,0.9891929232900383
UBFC_PHYS_s14_T1_ctrl,49,193,55.43333333333333,-0.80898517370224,0.931166472924495
UBFC_PHYS_s14_T1_ctrl,49,194,55.46666666666667,-1.0415902137756348,0.7579208945036369
UBFC_PHYS_s14_T1_ctrl,49,195,55.5,-1.049363374710083,0.5108292024411778
UBFC_PHYS_s14_T1_ctrl,49,196,55.53333333333333,-0.7048353552818298,0.23037473014182988
UBFC_PHYS_s14_T1_ctrl,49,197,55.56666666666667,-0.16789209842681885,-0.05343081000344528
UBFC_PHYS_s14_T1_ctrl,49,198,55.6,0.2859397232532501,-0.32152447351988084
UBFC_PHYS_s14_T1_ctrl,49,199,55.63333333333333,0.5007451772689819,-0.5585403422379553
UBFC_PHYS_s14_T1_ctrl,49,200,55.666666666666664,0.4750034511089325,-0.7435163672941631
UBFC_PHYS_s14_T1_ctrl,49,201,55.7,0.27850449085235596,-0.8457345850095555
UBFC_PHYS_s14_T1_ctrl,49,202,55.733333333333334,0.019509976729750633,-0.8300743171341523
UBFC_PHYS_s14_T1_ctrl,49,203,55.766666666666666,-0.1910145878791809,-0.6708215333306057
UBFC_PHYS_s14_T1_ctrl,49,204,55.8,-0.3218073844909668,-0.3678371742918041
UBFC_PHYS_s14_T1_ctrl,49,205,55.833333333333336,-0.4006097614765167,0.043376558632665776
UBFC_PHYS_s14_T1_ctrl,49,206,55.86666666666667,-0.4492205083370209,0.49456021696057983
UBFC_PHYS_s14_T1_ctrl,49,207,55.9,-0.5058298110961914,0.9014799666967075
UBFC_PHYS_s14_T1_ctrl,49,208,55.93333333333333,-0.6248782873153687,1.1876942939485748
UBFC_PHYS_s14_T1_ctrl,49,209,55.96666666666667,-0.8211237788200378,1.304239560820928
UBFC_PHYS_s14_T1_ctrl,49,210,56.0,-1.049363374710083,1.2373591770765817
UBFC_PHYS_s14_T1_ctrl,49,211,56.03333333333333,-1.1775087118148804,1.0037710370636903
UBFC_PHYS_s14_T1_ctrl,49,212,56.06666666666667,-1.0345209836959839,0.6389214299187118
UBFC_PHYS_s14_T1_ctrl,49,213,56.1,-0.5930249691009521,0.1853489914248859
UBFC_PHYS_s14_T1_ctrl,49,214,56.13333333333333,-0.06427739560604095,-0.3141080543821709
UBFC_PHYS_s14_T1_ctrl,49,215,56.166666666666664,0.28729158639907837,-0.8175229394885082
UBFC_PHYS_s14_T1_ctrl,49,216,56.2,0.36772745847702026,-1.28178508224799
UBFC_PHYS_s14_T1_ctrl,49,217,56.233333333333334,0.25374847650527954,-1.6607991546026044
UBFC_PHYS_s14_T1_ctrl,49,218,56.266666666666666,0.05122243985533714,-1.9074236365173907
UBFC_PHYS_s14_T1_ctrl,49,219,56.3,-0.12122464179992676,-1.9808155464006032
UBFC_PHYS_s14_T1_ctrl,49,220,56.333333333333336,-0.1723419725894928,-1.8577264070148687
UBFC_PHYS_s14_T1_ctrl,49,221,56.36666666666667,-0.1528526097536087,-1.543260576168384
UBFC_PHYS_s14_T1_ctrl,49,222,56.4,-0.1795237511396408,-1.0754706188259124
UBFC_PHYS_s14_T1_ctrl,49,223,56.43333333333333,-0.2535664439201355,-0.5201234336577992
UBFC_PHYS_s14_T1_ctrl,49,224,56.46666666666667,-0.3532663583755493,0.04349706690608776
UBFC_PHYS_s14_T1_ctrl,49,225,56.5,-0.5770561099052429,0.5405643339231319
UBFC_PHYS_s14_T1_ctrl,49,226,56.53333333333333,-0.973039448261261,0.9159037628595809
UBFC_PHYS_s14_T1_ctrl,49,227,56.56666666666667,-1.3161873817443848,1.141811848611071
UBFC_PHYS_s14_T1_ctrl,49,228,56.6,-1.3051190376281738,1.2176776303852652
UBFC_PHYS_s14_T1_ctrl,49,229,56.63333333333333,-0.8770571351051331,1.1638364835415804
UBFC_PHYS_s14_T1_ctrl,49,230,56.666666666666664,-0.25401705503463745,1.0132103157859442
UBFC_PHYS_s14_T1_ctrl,49,231,56.7,0.308667927980423,0.8036045177903759
UBFC_PHYS_s14_T1_ctrl,49,232,56.733333333333334,0.6780645847320557,0.5721896918718765
UBFC_PHYS_s14_T1_ctrl,49,233,56.766666666666666,0.7762155532836914,0.3523365720528076
UBFC_PHYS_s14_T1_ctrl,49,234,56.8,0.607936680316925,0.1719185755755589
UBFC_PHYS_s14_T1_ctrl,49,235,56.833333333333336,0.3377048373222351,0.05182131814523343
UBFC_PHYS_s14_T1_ctrl,49,236,56.86666666666667,0.14996479451656342,0.0038663763700934606
UBFC_PHYS_s14_T1_ctrl,49,237,56.9,0.06600844860076904,0.02840235203340149
UBFC_PHYS_s14_T1_ctrl,49,238,56.93333333333333,0.001823096303269267,0.11284958241816245
UBFC_PHYS_s14_T1_ctrl,49,239,56.96666666666667,-0.05954587087035179,0.23280520096687624
UBFC_PHYS_s14_T1_ctrl,50,0,50.0,1.3328734636306763,-0.04295416801840428
UBFC_PHYS_s14_T1_ctrl,50,1,50.03333333333333,1.1051689386367798,-0.1615288766707529
UBFC_PHYS_s14_T1_ctrl,50,2,50.06666666666667,0.8872655034065247,-0.27260891667089987
UBFC_PHYS_s14_T1_ctrl,50,3,50.1,0.7530085444450378,-0.36939328795624393
UBFC_PHYS_s14_T1_ctrl,50,4,50.13333333333333,0.6737555265426636,-0.4446927143026221
UBFC_PHYS_s14_T1_ctrl,50,5,50.166666666666664,0.6410291790962219,-0.4912051425295414
UBFC_PHYS_s14_T1_ctrl,50,6,50.2,0.6255109310150146,-0.5021881846120062
UBFC_PHYS_s14_T1_ctrl,50,7,50.233333333333334,0.5048007965087891,-0.4727251934165112
UBFC_PHYS_s14_T1_ctrl,50,8,50.266666666666666,0.20786961913108826,-0.40145628321552884
UBFC_PHYS_s14_T1_ctrl,50,9,50.3,-0.14817741513252258,-0.29211489185633244
UBFC_PHYS_s14_T1_ctrl,50,10,50.333333333333336,-0.4394758343696594,-0.15402492060895556
UBFC_PHYS_s14_T1_ctrl,50,11,50.36666666666667,-0.7201001644134521,-0.0011748009451610063
UBFC_PHYS_s14_T1_ctrl,50,12,50.4,-1.1087608337402344,0.1497037924309806
UBFC_PHYS_s14_T1_ctrl,50,13,50.43333333333333,-1.55276358127594,0.2814617483292462
UBFC_PHYS_s14_T1_ctrl,50,14,50.46666666666667,-1.7553459405899048,0.3794174103408663
UBFC_PHYS_s14_T1_ctrl,50,15,50.5,-1.4067622423171997,0.4350139181163613
UBFC_PHYS_s14_T1_ctrl,50,16,50.53333333333333,-0.5553699731826782,0.4489216877265637
UBFC_PHYS_s14_T1_ctrl,50,17,50.56666666666667,0.34508374333381653,0.4311345730636987
UBFC_PHYS_s14_T1_ctrl,50,18,50.6,0.9781783223152161,0.39690825347401465
UBFC_PHYS_s14_T1_ctrl,50,19,50.63333333333333,1.330507755279541,0.36013052913784244
UBFC_PHYS_s14_T1_ctrl,50,20,50.666666666666664,1.4649617671966553,0.32758181662086816
UBFC_PHYS_s14_T1_ctrl,50,21,50.7,1.4277573823928833,0.2971079996064236
UBFC_PHYS_s14_T1_ctrl,50,22,50.733333333333334,1.3218895196914673,0.26018119361970243
UBFC_PHYS_s14_T1_ctrl,50,23,50.766666666666666,1.2336241006851196,0.20662443265238584
UBFC_PHYS_s14_T1_ctrl,50,24,50.8,1.1487665176391602,0.12845064181388066
UBFC_PHYS_s14_T1_ctrl,50,25,50.833333333333336,1.0582761764526367,0.02119847024364231
UBFC_PHYS_s14_T1_ctrl,50,26,50.86666666666667,0.9958370327949524,-0.11637172031602364
UBFC_PHYS_s14_T1_ctrl,50,27,50.9,0.9345806837081909,-0.2819844314359779
UBFC_PHYS_s14_T1_ctrl,50,28,50.93333333333333,0.7759620547294617,-0.46771262481728604
UBFC_PHYS_s14_T1_ctrl,50,29,50.96666666666667,0.49314096570014954,-0.6569889241433349
UBFC_PHYS_s14_T1_ctrl,50,30,51.0,0.17660777270793915,-0.8232696214592885
UBFC_PHYS_s14_T1_ctrl,50,31,51.03333333333333,-0.10083403438329697,-0.9326895478015056
UBFC_PHYS_s14_T1_ctrl,50,32,51.06666666666667,-0.3875417411327362,-0.9513338709163042
UBFC_PHYS_s14_T1_ctrl,50,33,51.1,-0.7729917764663696,-0.8554242203751238
UBFC_PHYS_s14_T1_ctrl,50,34,51.13333333333333,-1.2786450386047363,-0.6409049479647301
UBFC_PHYS_s14_T1_ctrl,50,35,51.166666666666664,-1.7350115776062012,-0.3283304015447704
UBFC_PHYS_s14_T1_ctrl,50,36,51.2,-1.816123366355896,0.03996947609852748
UBFC_PHYS_s14_T1_ctrl,50,37,51.233333333333334,-1.3557857275009155,0.41041938047815263
UBFC_PHYS_s14_T1_ctrl,50,38,51.266666666666666,-0.581365168094635,0.7323493990649752
UBFC_PHYS_s14_T1_ctrl,50,39,51.3,0.1571747362613678,0.9695891137871825
UBFC_PHYS_s14_T1_ctrl,50,40,51.333333333333336,0.7508680820465088,1.1051467245797066
UBFC_PHYS_s14_T1_ctrl,50,41,51.36666666666667,1.199545979499817,1.1386956218576252
UBFC_PHYS_s14_T1_ctrl,50,42,51.4,1.4312214851379395,1.0799310991005024
UBFC_PHYS_s14_T1_ctrl,50,43,51.43333333333333,1.4224625825881958,0.9418595266818075
UBFC_PHYS_s14_T1_ctrl,50,44,51.46666666666667,1.2947678565979004,0.7368091992253165
UBFC_PHYS_s14_T1_ctrl,50,45,51.5,1.162200689315796,0.4757779458459909
UBFC_PHYS_s14_T1_ctrl,50,46,51.53333333333333,1.033576488494873,0.17016769376440602
UBFC_PHYS_s14_T1_ctrl,50,47,51.56666666666667,0.9023049473762512,-0.16548356608441406
UBFC_PHYS_s14_T1_ctrl,50,48,51.6,0.7598523497581482,-0.5108547440185439
UBFC_PHYS_s14_T1_ctrl,50,49,51.63333333333333,0.569267749786377,-0.838125650822577
UBFC_PHYS_s14_T1_ctrl,50,50,51.666666666666664,0.35066017508506775,-1.1122582414038302
UBFC_PHYS_s14_T1_ctrl,50,51,51.7,0.1752559095621109,-1.2943250016992438
UBFC_PHYS_s14_T1_ctrl,50,52,51.733333333333334,0.032437171787023544,-1.3480259490941062
UBFC_PHYS_s14_T1_ctrl,50,53,51.766666666666666,-0.1581474095582962,-1.2482407315173907
UBFC_PHYS_s14_T1_ctrl,50,54,51.8,-0.43485695123672485,-0.9895534624651463
UBFC_PHYS_s14_T1_ctrl,50,55,51.833333333333336,-0.8167302012443542,-0.5922083429955991
UBFC_PHYS_s14_T1_ctrl,50,56,51.86666666666667,-1.2823063135147095,-0.10288073830710096
UBFC_PHYS_s14_T1_ctrl,50,57,51.9,-1.63150954246521,0.41146490135345104
UBFC_PHYS_s14_T1_ctrl,50,58,51.93333333333333,-1.5654371976852417,0.876175259738991
UBFC_PHYS_s14_T1_ctrl,50,59,51.96666666666667,-1.0159610509872437,1.224701557562806
UBFC_PHYS_s14_T1_ctrl,50,60,52.0,-0.2445821762084961,1.412330579253703
UBFC_PHYS_s14_T1_ctrl,50,61,52.03333333333333,0.40650904178619385,1.4230645736863836
UBFC_PHYS_s14_T1_ctrl,50,62,52.06666666666667,0.7718501687049866,1.268070287360701
UBFC_PHYS_s14_T1_ctrl,50,63,52.1,0.8729864358901978,0.977891812433637
UBFC_PHYS_s14_T1_ctrl,50,64,52.13333333333333,0.8232772946357727,0.5925616309314614
UBFC_PHYS_s14_T1_ctrl,50,65,52.166666666666664,0.7249574065208435,0.15351500791148065
UBFC_PHYS_s14_T1_ctrl,50,66,52.2,0.6372552514076233,-0.30035486421389646
UBFC_PHYS_s14_T1_ctrl,50,67,52.233333333333334,0.5750413537025452,-0.7323511017563016
UBFC_PHYS_s14_T1_ctrl,50,68,52.266666666666666,0.5327674746513367,-1.1052939482579747
UBFC_PHYS_s14_T1_ctrl,50,69,52.3,0.5142356753349304,-1.3796313042383002
UBFC_PHYS_s14_T1_ctrl,50,70,52.333333333333336,0.4966896176338196,-1.5151578873604505
UBFC_PHYS_s14_T1_ctrl,50,71,52.36666666666667,0.4197178781032562,-1.477610827266116
UBFC_PHYS_s14_T1_ctrl,50,72,52.4,0.26912593841552734,-1.2492045813487405
UBFC_PHYS_s14_T1_ctrl,50,73,52.43333333333333,0.09941073507070541,-0.8398333815861676
UBFC_PHYS_s14_T1_ctrl,50,74,52.46666666666667,-0.04439373314380646,-0.293948730155497
UBFC_PHYS_s14_T1_ctrl,50,75,52.5,-0.1926199346780777,0.31184412030097597
UBFC_PHYS_s14_T1_ctrl,50,76,52.53333333333333,-0.43618065118789673,0.8827304395820184
UBFC_PHYS_s14_T1_ctrl,50,77,52.56666666666667,-0.7437859177589417,1.3281288615486513
UBFC_PHYS_s14_T1_ctrl,50,78,52.6,-0.8732831478118896,1.5839766943414304
UBFC_PHYS_s14_T1_ctrl,50,79,52.63333333333333,-0.626568078994751,1.6251802995905569
UBFC_PHYS_s14_T1_ctrl,50,80,52.666666666666664,-0.09813030809164047,1.4643217490140215
UBFC_PHYS_s14_T1_ctrl,50,81,52.7,0.46024560928344727,1.1403622167465333
UBFC_PHYS_s14_T1_ctrl,50,82,52.733333333333334,0.8723949790000916,0.704612703834446
UBFC_PHYS_s14_T1_ctrl,50,83,52.766666666666666,1.0571496486663818,0.2099435209401868
UBFC_PHYS_s14_T1_ctrl,50,84,52.8,1.013411283493042,-0.29437991883312903
UBFC_PHYS_s14_T1_ctrl,50,85,52.833333333333336,0.8252205848693848,-0.7631462306592613
UBFC_PHYS_s14_T1_ctrl,50,86,52.86666666666667,0.6068101525306702,-1.1534605190862741
UBFC_PHYS_s14_T1_ctrl,50,87,52.9,0.45517614483833313,-1.4236536704387575
UBFC_PHYS_s14_T1_ctrl,50,88,52.93333333333333,0.39789092540740967,-1.5353976574098447
UBFC_PHYS_s14_T1_ctrl,50,89,52.96666666666667,0.3675021529197693,-1.4603771025535257
UBFC_PHYS_s14_T1_ctrl,50,90,53.0,0.2771526277065277,-1.1904112538952583
UBFC_PHYS_s14_T1_ctrl,50,91,53.03333333333333,0.10825417935848236,-0.7471611157575473
UBFC_PHYS_s14_T1_ctrl,50,92,53.06666666666667,-0.08472432941198349,-0.186091360891181
UBFC_PHYS_s14_T1_ctrl,50,93,53.1,-0.2473703920841217,0.4094873932775702
UBFC_PHYS_s14_T1_ctrl,50,94,53.13333333333333,-0.3843310475349426,0.9445804403247097
UBFC_PHYS_s14_T1_ctrl,50,95,53.166666666666664,-0.5697335004806519,1.3342304482114102
UBFC_PHYS_s14_T1_ctrl,50,96,53.2,-0.8355154991149902,1.5228510627882974
UBFC_PHYS_s14_T1_ctrl,50,97,53.233333333333334,-1.0373092889785767,1.4939378282372937
UBFC_PHYS_s14_T1_ctrl,50,98,53.266666666666666,-0.9328778386116028,1.2677834214384816
UBFC_PHYS_s14_T1_ctrl,50,99,53.3,-0.47490590810775757,0.8904749113640655
UBFC_PHYS_s14_T1_ctrl,50,100,53.333333333333336,0.09535514563322067,0.4202481437050651
UBFC_PHYS_s14_T1_ctrl,50,101,53.36666666666667,0.5248534083366394,-0.08343881797600344
UBFC_PHYS_s14_T1_ctrl,50,102,53.4,0.7313787341117859,-0.5656031959523843
UBFC_PHYS_s14_T1_ctrl,50,103,53.43333333333333,0.7186486721038818,-0.9769276264881314
UBFC_PHYS_s14_T1_ctrl,50,104,53.46666666666667,0.5072228908538818,-1.2733192023684807
UBFC_PHYS_s14_T1_ctrl,50,105,53.5,0.20237766206264496,-1.4171127625052922
UBFC_PHYS_s14_T1_ctrl,50,106,53.53333333333333,-0.03433924913406372,-1.3818965442294966
UBFC_PHYS_s14_T1_ctrl,50,107,53.56666666666667,-0.13001175224781036,-1.1605014689876754
UBFC_PHYS_s14_T1_ctrl,50,108,53.6,-0.11176159232854843,-0.7730701316381674
UBFC_PHYS_s14_T1_ctrl,50,109,53.63333333333333,-0.05979934334754944,-0.27046630518557496
UBFC_PHYS_s14_T1_ctrl,50,110,53.666666666666664,-0.0643337219953537,0.27120985198767056
UBFC_PHYS_s14_T1_ctrl,50,111,53.7,-0.14403733611106873,0.7656577996403638
UBFC_PHYS_s14_T1_ctrl,50,112,53.733333333333334,-0.26491644978523254,1.1361183854751074
UBFC_PHYS_s14_T1_ctrl,50,113,53.766666666666666,-0.4447143077850342,1.331789250870615
UBFC_PHYS_s14_T1_ctrl,50,114,53.8,-0.666532576084137,1.3350202712978902
UBFC_PHYS_s14_T1_ctrl,50,115,53.833333333333336,-0.7806805372238159,1.1587050446853584
UBFC_PHYS_s14_T1_ctrl,50,116,53.86666666666667,-0.6607589721679688,0.8376755425197117
UBFC_PHYS_s14_T1_ctrl,50,117,53.9,-0.32417312264442444,0.41925217567088024
UBFC_PHYS_s14_T1_ctrl,50,118,53.93333333333333,0.09439757466316223,-0.043533360258817926
UBFC_PHYS_s14_T1_ctrl,50,119,53.96666666666667,0.41140955686569214,-0.4954822565186698
UBFC_PHYS_s14_T1_ctrl,50,120,54.0,0.5044346451759338,-0.8813177775530215
UBFC_PHYS_s14_T1_ctrl,50,121,54.03333333333333,0.38583680987358093,-1.148896916853732
UBFC_PHYS_s14_T1_ctrl,50,122,54.06666666666667,0.1444728523492813,-1.255356902028905
UBFC_PHYS_s14_T1_ctrl,50,123,54.1,-0.11057871580123901,-1.1761100166515859
UBFC_PHYS_s14_T1_ctrl,50,124,54.13333333333333,-0.2418784499168396,-0.914301325691361
UBFC_PHYS_s14_T1_ctrl,50,125,54.166666666666664,-0.20599773526191711,-0.5064902552402979
UBFC_PHYS_s14_T1_ctrl,50,126,54.2,-0.09097669273614883,-0.020009193351457136
UBFC_PHYS_s14_T1_ctrl,50,127,54.233333333333334,0.01883404515683651,0.4600035575354785
UBFC_PHYS_s14_T1_ctrl,50,128,54.266666666666666,0.08470921963453293,0.8507973378204594
UBFC_PHYS_s14_T1_ctrl,50,129,54.3,0.049701593816280365,1.0918367104926265
UBFC_PHYS_s14_T1_ctrl,50,130,54.333333333333336,-0.1341799944639206,1.156189117462906
UBFC_PHYS_s14_T1_ctrl,50,131,54.36666666666667,-0.4122413992881775,1.0497296516587125
UBFC_PHYS_s14_T1_ctrl,50,132,54.4,-0.6031639575958252,0.8012204154727522
UBFC_PHYS_s14_T1_ctrl,50,133,54.43333333333333,-0.5311490893363953,0.4506951546977677
UBFC_PHYS_s14_T1_ctrl,50,134,54.46666666666667,-0.19639387726783752,0.04229883491712702
UBFC_PHYS_s14_T1_ctrl,50,135,54.5,0.21209418773651123,-0.3771603062823146
UBFC_PHYS_s14_T1_ctrl,50,136,54.53333333333333,0.4506417512893677,-0.7570595201384617
UBFC_PHYS_s14_T1_ctrl,50,137,54.56666666666667,0.4211542308330536,-1.0438397472740968
UBFC_PHYS_s14_T1_ctrl,50,138,54.6,0.20296910405158997,-1.1869861741751067
UBFC_PHYS_s14_T1_ctrl,50,139,54.63333333333333,-0.04692848026752472,-1.149963396802029
UBFC_PHYS_s14_T1_ctrl,50,140,54.666666666666664,-0.20346300303936005,-0.9228807836132815
UBFC_PHYS_s14_T1_ctrl,50,141,54.7,-0.2495671808719635,-0.5316931638875205
UBFC_PHYS_s14_T1_ctrl,50,142,54.733333333333334,-0.2610861659049988,-0.03855677921927548
UBFC_PHYS_s14_T1_ctrl,50,143,54.766666666666666,-0.266437292098999,0.469460677013571
UBFC_PHYS_s14_T1_ctrl,50,144,54.8,-0.24289235472679138,0.9010179130248664
UBFC_PHYS_s14_T1_ctrl,50,145,54.833333333333336,-0.2630294859409332,1.1832180533660863
UBFC_PHYS_s14_T1_ctrl,50,146,54.86666666666667,-0.4228028357028961,1.2774970392585163
UBFC_PHYS_s14_T1_ctrl,50,147,54.9,-0.684698224067688,1.1830297353699926
UBFC_PHYS_s14_T1_ctrl,50,148,54.93333333333333,-0.9007992148399353,0.9287136839161055
UBFC_PHYS_s14_T1_ctrl,50,149,54.96666666666667,-0.8901814818382263,0.560160899992707
UBFC_PHYS_s14_T1_ctrl,50,150,55.0,-0.5631150007247925,0.1284410823608892
UBFC_PHYS_s14_T1_ctrl,50,151,55.03333333333333,-0.07140284031629562,-0.3160541069158271
UBFC_PHYS_s14_T1_ctrl,50,152,55.06666666666667,0.3144133388996124,-0.7249600777592781
UBFC_PHYS_s14_T1_ctrl,50,153,55.1,0.47773534059524536,-1.0512701877700015
UBFC_PHYS_s14_T1_ctrl,50,154,55.13333333333333,0.43619370460510254,-1.2502358929481956
UBFC_PHYS_s14_T1_ctrl,50,155,55.166666666666664,0.2709565758705139,-1.2845000454873656
UBFC_PHYS_s14_T1_ctrl,50,156,55.2,0.10453655570745468,-1.1336801022740366
UBFC_PHYS_s14_T1_ctrl,50,157,55.233333333333334,0.0018512601964175701,-0.8053501751968685
UBFC_PHYS_s14_T1_ctrl,50,158,55.266666666666666,-0.0818234533071518,-0.3417250572455488
UBFC_PHYS_s14_T1_ctrl,50,159,55.3,-0.1948167085647583,0.1835446085075643
UBFC_PHYS_s14_T1_ctrl,50,160,55.333333333333336,-0.3094998002052307,0.6801916352310311
UBFC_PHYS_s14_T1_ctrl,50,161,55.36666666666667,-0.4122132360935211,1.0635067894671948
UBFC_PHYS_s14_T1_ctrl,50,162,55.4,-0.5647203326225281,1.2749482312062819
UBFC_PHYS_s14_T1_ctrl,50,163,55.43333333333333,-0.80898517370224,1.2926012642676463
UBFC_PHYS_s14_T1_ctrl,50,164,55.46666666666667,-1.0415902137756348,1.128844476910997
UBFC_PHYS_s14_T1_ctrl,50,165,55.5,-1.049363374710083,0.8194408784466654
UBFC_PHYS_s14_T1_ctrl,50,166,55.53333333333333,-0.7048353552818298,0.4110581983620308
UBFC_PHYS_s14_T1_ctrl,50,167,55.56666666666667,-0.16789209842681885,-0.047349239590645804
UBFC_PHYS_s14_T1_ctrl,50,168,55.6,0.2859397232532501,-0.5074325133238496
UBFC_PHYS_s14_T1_ctrl,50,169,55.63333333333333,0.5007451772689819,-0.9203071221766473
UBFC_PHYS_s14_T1_ctrl,50,170,55.666666666666664,0.4750034511089325,-1.2352855854281164
UBFC_PHYS_s14_T1_ctrl,50,171,55.7,0.27850449085235596,-1.4025485174858012
UBFC_PHYS_s14_T1_ctrl,50,172,55.733333333333334,0.019509976729750633,-1.3818484505692523
UBFC_PHYS_s14_T1_ctrl,50,173,55.766666666666666,-0.1910145878791809,-1.155706736614709
UBFC_PHYS_s14_T1_ctrl,50,174,55.8,-0.3218073844909668,-0.7416773260378797
UBFC_PHYS_s14_T1_ctrl,50,175,55.833333333333336,-0.4006097614765167,-0.1965506257293344
UBFC_PHYS_s14_T1_ctrl,50,176,55.86666666666667,-0.4492205083370209,0.39230659336392704
UBFC_PHYS_s14_T1_ctrl,50,177,55.9,-0.5058298110961914,0.9272585739106478
UBFC_PHYS_s14_T1_ctrl,50,178,55.93333333333333,-0.6248782873153687,1.324408186976319
UBFC_PHYS_s14_T1_ctrl,50,179,55.96666666666667,-0.8211237788200378,1.5310586422414363
UBFC_PHYS_s14_T1_ctrl,50,180,56.0,-1.049363374710083,1.530935542549178
UBFC_PHYS_s14_T1_ctrl,50,181,56.03333333333333,-1.1775087118148804,1.3386515384595872
UBFC_PHYS_s14_T1_ctrl,50,182,56.06666666666667,-1.0345209836959839,0.9891288771024752
UBFC_PHYS_s14_T1_ctrl,50,183,56.1,-0.5930249691009521,0.5277992258471178
UBFC_PHYS_s14_T1_ctrl,50,184,56.13333333333333,-0.06427739560604095,0.004955009351757863
UBFC_PHYS_s14_T1_ctrl,50,185,56.166666666666664,0.28729158639907837,-0.5256534042622019
UBFC_PHYS_s14_T1_ctrl,50,186,56.2,0.36772745847702026,-1.0065404593654095
UBFC_PHYS_s14_T1_ctrl,50,187,56.233333333333334,0.25374847650527954,-1.3780938106204572
UBFC_PHYS_s14_T1_ctrl,50,188,56.266666666666666,0.05122243985533714,-1.5846572842617506
UBFC_PHYS_s14_T1_ctrl,50,189,56.3,-0.12122464179992676,-1.5852376757061746
UBFC_PHYS_s14_T1_ctrl,50,190,56.333333333333336,-0.1723419725894928,-1.366082004199876
UBFC_PHYS_s14_T1_ctrl,50,191,56.36666666666667,-0.1528526097536087,-0.9500498145176308
UBFC_PHYS_s14_T1_ctrl,50,192,56.4,-0.1795237511396408,-0.3972069459962944
UBFC_PHYS_s14_T1_ctrl,50,193,56.43333333333333,-0.2535664439201355,0.20618889607829163
UBFC_PHYS_s14_T1_ctrl,50,194,56.46666666666667,-0.3532663583755493,0.7675385164979228
UBFC_PHYS_s14_T1_ctrl,50,195,56.5,-0.5770561099052429,1.208923183610873
UBFC_PHYS_s14_T1_ctrl,50,196,56.53333333333333,-0.973039448261261,1.4810367680064127
UBFC_PHYS_s14_T1_ctrl,50,197,56.56666666666667,-1.3161873817443848,1.565803776370929
UBFC_PHYS_s14_T1_ctrl,50,198,56.6,-1.3051190376281738,1.4696108399062708
UBFC_PHYS_s14_T1_ctrl,50,199,56.63333333333333,-0.8770571351051331,1.2133527104516661
UBFC_PHYS_s14_T1_ctrl,50,200,56.666666666666664,-0.25401705503463745,0.8253131104702095
UBFC_PHYS_s14_T1_ctrl,50,201,56.7,0.308667927980423,0.33944692143475613
UBFC_PHYS_s14_T1_ctrl,50,202,56.733333333333334,0.6780645847320557,-0.20222663778335923
UBFC_PHYS_s14_T1_ctrl,50,203,56.766666666666666,0.7762155532836914,-0.7467094184439684
UBFC_PHYS_s14_T1_ctrl,50,204,56.8,0.607936680316925,-1.2303228510027424
UBFC_PHYS_s14_T1_ctrl,50,205,56.833333333333336,0.3377048373222351,-1.5846082112248923
UBFC_PHYS_s14_T1_ctrl,50,206,56.86666666666667,0.14996479451656342,-1.7482363986957694
UBFC_PHYS_s14_T1_ctrl,50,207,56.9,0.06600844860076904,-1.6827656919814757
UBFC_PHYS_s14_T1_ctrl,50,208,56.93333333333333,0.001823096303269267,-1.3872125137316234
UBFC_PHYS_s14_T1_ctrl,50,209,56.96666666666667,-0.05954587087035179,-0.9047249185083698
UBFC_PHYS_s14_T1_ctrl,50,210,57.0,-0.1001017764210701,-0.31598739308833274
UBFC_PHYS_s14_T1_ctrl,50,211,57.03333333333333,-0.20137888193130493,0.2807506909011308
UBFC_PHYS_s14_T1_ctrl,50,212,57.06666666666667,-0.4668792188167572,0.795781510223511
UBFC_PHYS_s14_T1_ctrl,50,213,57.1,-0.885280966758728,1.168908946204746
UBFC_PHYS_s14_T1_ctrl,50,214,57.13333333333333,-1.277603030204773,1.3770568853427154
UBFC_PHYS_s14_T1_ctrl,50,215,57.166666666666664,-1.345505952835083,1.4277996935084087
UBFC_PHYS_s14_T1_ctrl,50,216,57.2,-0.9229641556739807,1.3448014398406887
UBFC_PHYS_s14_T1_ctrl,50,217,57.233333333333334,-0.19580243527889252,1.1537316807718923
UBFC_PHYS_s14_T1_ctrl,50,218,57.266666666666666,0.4913666546344757,0.8751048450425267
UBFC_PHYS_s14_T1_ctrl,50,219,57.3,0.963307797908783,0.5255986304993331
UBFC_PHYS_s14_T1_ctrl,50,220,57.333333333333336,1.2089526653289795,0.12472420457752657
UBFC_PHYS_s14_T1_ctrl,50,221,57.36666666666667,1.2234852313995361,-0.29842728476847924
UBFC_PHYS_s14_T1_ctrl,50,222,57.4,1.0730621814727783,-0.702632891103036
UBFC_PHYS_s14_T1_ctrl,50,223,57.43333333333333,0.9290887713432312,-1.0378045989054119
UBFC_PHYS_s14_T1_ctrl,50,224,57.46666666666667,0.880731463432312,-1.2533325104597035
UBFC_PHYS_s14_T1_ctrl,50,225,57.5,0.8284594416618347,-1.309268845073644
UBFC_PHYS_s14_T1_ctrl,50,226,57.53333333333333,0.6626871824264526,-1.1873202370383804
UBFC_PHYS_s14_T1_ctrl,50,227,57.56666666666667,0.4479943513870239,-0.8984505734763163
UBFC_PHYS_s14_T1_ctrl,50,228,57.6,0.2677740752696991,-0.4843865739046567
UBFC_PHYS_s14_T1_ctrl,50,229,57.63333333333333,0.053447380661964417,-0.011425976883721503
UBFC_PHYS_s14_T1_ctrl,50,230,57.666666666666664,-0.29907917976379395,0.44323361431034064
UBFC_PHYS_s14_T1_ctrl,50,231,57.7,-0.772062361240387,0.8096295829905473
UBFC_PHYS_s14_T1_ctrl,50,232,57.733333333333334,-1.2237255573272705,1.0416574677475055
UBFC_PHYS_s14_T1_ctrl,50,233,57.766666666666666,-1.377500057220459,1.1257729519975699
UBFC_PHYS_s14_T1_ctrl,50,234,57.8,-0.9840514659881592,1.078889324650935
UBFC_PHYS_s14_T1_ctrl,50,235,57.833333333333336,-0.19980169832706451,0.9375052087116668
UBFC_PHYS_s14_T1_ctrl,50,236,57.86666666666667,0.5306551456451416,0.7430545332247539
UBFC_PHYS_s14_T1_ctrl,50,237,57.9,0.9330598711967468,0.5288053453017452
UBFC_PHYS_s14_T1_ctrl,50,238,57.93333333333333,1.0068209171295166,0.3122852204644076
UBFC_PHYS_s14_T1_ctrl,50,239,57.96666666666667,0.852398693561554,0.0950730743004357
UBFC_PHYS_s14_T1_ctrl,51,0,51.0,0.17660777270793915,0.09443373775730841
UBFC_PHYS_s14_T1_ctrl,51,1,51.03333333333333,-0.10083403438329697,-0.1812309770597677
UBFC_PHYS_s14_T1_ctrl,51,2,51.06666666666667,-0.3875417411327362,-0.3889785323066112
UBFC_PHYS_s14_T1_ctrl,51,3,51.1,-0.7729917764663696,-0.4781632048998297
UBFC_PHYS_s14_T1_ctrl,51,4,51.13333333333333,-1.2786450386047363,-0.42917062194848976
UBFC_PHYS_s14_T1_ctrl,51,5,51.166666666666664,-1.7350115776062012,-0.25735788752129274
UBFC_PHYS_s14_T1_ctrl,51,6,51.2,-1.816123366355896,-0.00631406666174523
UBFC_PHYS_s14_T1_ctrl,51,7,51.233333333333334,-1.3557857275009155,0.2671492888775794
UBFC_PHYS_s14_T1_ctrl,51,8,51.266666666666666,-0.581365168094635,0.5105257494417381
UBFC_PHYS_s14_T1_ctrl,51,9,51.3,0.1571747362613678,0.6889746010097808
UBFC_PHYS_s14_T1_ctrl,51,10,51.333333333333336,0.7508680820465088,0.7898223547781488
UBFC_PHYS_s14_T1_ctrl,51,11,51.36666666666667,1.199545979499817,0.8177473294992845
UBFC_PHYS_s14_T1_ctrl,51,12,51.4,1.4312214851379395,0.784704563243169
UBFC_PHYS_s14_T1_ctrl,51,13,51.43333333333333,1.4224625825881958,0.7005582305398774
UBFC_PHYS_s14_T1_ctrl,51,14,51.46666666666667,1.2947678565979004,0.5684595760982369
UBFC_PHYS_s14_T1_ctrl,51,15,51.5,1.162200689315796,0.38564649964792125
UBFC_PHYS_s14_T1_ctrl,51,16,51.53333333333333,1.033576488494873,0.1483550650773265
UBFC_PHYS_s14_T1_ctrl,51,17,51.56666666666667,0.9023049473762512,-0.1411503830199349
UBFC_PHYS_s14_T1_ctrl,51,18,51.6,0.7598523497581482,-0.4679175016230975
UBFC_PHYS_s14_T1_ctrl,51,19,51.63333333333333,0.569267749786377,-0.8007149107522175
UBFC_PHYS_s14_T1_ctrl,51,20,51.666666666666664,0.35066017508506775,-1.0935680471989315
UBFC_PHYS_s14_T1_ctrl,51,21,51.7,0.1752559095621109,-1.2929993715048154
UBFC_PHYS_s14_T1_ctrl,51,22,51.733333333333334,0.032437171787023544,-1.3497124011524217
UBFC_PHYS_s14_T1_ctrl,51,23,51.766666666666666,-0.1581474095582962,-1.2319689862181769
UBFC_PHYS_s14_T1_ctrl,51,24,51.8,-0.43485695123672485,-0.9371696785270794
UBFC_PHYS_s14_T1_ctrl,51,25,51.833333333333336,-0.8167302012443542,-0.4978504926117539
UBFC_PHYS_s14_T1_ctrl,51,26,51.86666666666667,-1.2823063135147095,0.021399145635604085
UBFC_PHYS_s14_T1_ctrl,51,27,51.9,-1.63150954246521,0.53725662937929
UBFC_PHYS_s14_T1_ctrl,51,28,51.93333333333333,-1.5654371976852417,0.967759849868795
UBFC_PHYS_s14_T1_ctrl,51,29,51.96666666666667,-1.0159610509872437,1.2518733131591577
UBFC_PHYS_s14_T1_ctrl,51,30,52.0,-0.2445821762084961,1.361296289556579
UBFC_PHYS_s14_T1_ctrl,51,31,52.03333333333333,0.40650904178619385,1.3010227907687912
UBFC_PHYS_s14_T1_ctrl,51,32,52.06666666666667,0.7718501687049866,1.1001963292808847
UBFC_PHYS_s14_T1_ctrl,51,33,52.1,0.8729864358901978,0.7985495507780745
UBFC_PHYS_s14_T1_ctrl,51,34,52.13333333333333,0.8232772946357727,0.43456388183471695
UBFC_PHYS_s14_T1_ctrl,51,35,52.166666666666664,0.7249574065208435,0.03956711811690407
UBFC_PHYS_s14_T1_ctrl,51,36,52.2,0.6372552514076233,-0.3613541350475557
UBFC_PHYS_s14_T1_ctrl,51,37,52.233333333333334,0.5750413537025452,-0.7438571255387089
UBFC_PHYS_s14_T1_ctrl,51,38,52.266666666666666,0.5327674746513367,-1.078155113606176
UBFC_PHYS_s14_T1_ctrl,51,39,52.3,0.5142356753349304,-1.3260462208924748
UBFC_PHYS_s14_T1_ctrl,51,40,52.333333333333336,0.4966896176338196,-1.4438163252998215
UBFC_PHYS_s14_T1_ctrl,51,41,52.36666666666667,0.4197178781032562,-1.3916168334050762
UBFC_PHYS_s14_T1_ctrl,51,42,52.4,0.26912593841552734,-1.1474249540289603
UBFC_PHYS_s14_T1_ctrl,51,43,52.43333333333333,0.09941073507070541,-0.7210347693326806
UBFC_PHYS_s14_T1_ctrl,51,44,52.46666666666667,-0.04439373314380646,-0.16162581475292945
UBFC_PHYS_s14_T1_ctrl,51,45,52.5,-0.1926199346780777,0.4466978127792642
UBFC_PHYS_s14_T1_ctrl,51,46,52.53333333333333,-0.43618065118789673,1.002450271689936
UBFC_PHYS_s14_T1_ctrl,51,47,52.56666666666667,-0.7437859177589417,1.4121114319144472
UBFC_PHYS_s14_T1_ctrl,51,48,52.6,-0.8732831478118896,1.6134692530022023
UBFC_PHYS_s14_T1_ctrl,51,49,52.63333333333333,-0.626568078994751,1.587686839532187
UBFC_PHYS_s14_T1_ctrl,51,50,52.666666666666664,-0.09813030809164047,1.356789906465135
UBFC_PHYS_s14_T1_ctrl,51,51,52.7,0.46024560928344727,0.970452297532985
UBFC_PHYS_s14_T1_ctrl,51,52,52.733333333333334,0.8723949790000916,0.48965757631464996
UBFC_PHYS_s14_T1_ctrl,51,53,52.766666666666666,1.0571496486663818,-0.025957459146892854
UBFC_PHYS_s14_T1_ctrl,51,54,52.8,1.013411283493042,-0.5238696374591341
UBFC_PHYS_s14_T1_ctrl,51,55,52.833333333333336,0.8252205848693848,-0.9584504168290403
UBFC_PHYS_s14_T1_ctrl,51,56,52.86666666666667,0.6068101525306702,-1.288363406494303
UBFC_PHYS_s14_T1_ctrl,51,57,52.9,0.45517614483833313,-1.4757044875590413
UBFC_PHYS_s14_T1_ctrl,51,58,52.93333333333333,0.39789092540740967,-1.4895705883806718
UBFC_PHYS_s14_T1_ctrl,51,59,52.96666666666667,0.3675021529197693,-1.3140548047011882
UBFC_PHYS_s14_T1_ctrl,51,60,53.0,0.2771526277065277,-0.9577891473027516
UBFC_PHYS_s14_T1_ctrl,51,61,53.03333333333333,0.10825417935848236,-0.46029355703030334
UBFC_PHYS_s14_T1_ctrl,51,62,53.06666666666667,-0.08472432941198349,0.10946783276551515
UBFC_PHYS_s14_T1_ctrl,51,63,53.1,-0.2473703920841217,0.6643533333901571
UBFC_PHYS_s14_T1_ctrl,51,64,53.13333333333333,-0.3843310475349426,1.1178557199969745
UBFC_PHYS_s14_T1_ctrl,51,65,53.166666666666664,-0.5697335004806519,1.4041544133838582
UBFC_PHYS_s14_T1_ctrl,51,66,53.2,-0.8355154991149902,1.4917055425249293
UBFC_PHYS_s14_T1_ctrl,51,67,53.233333333333334,-1.0373092889785767,1.3853665388572451
UBFC_PHYS_s14_T1_ctrl,51,68,53.266666666666666,-0.9328778386116028,1.1179029095400173
UBFC_PHYS_s14_T1_ctrl,51,69,53.3,-0.47490590810775757,0.7366676406747127
UBFC_PHYS_s14_T1_ctrl,51,70,53.333333333333336,0.09535514563322067,0.29189821443145497
UBFC_PHYS_s14_T1_ctrl,51,71,53.36666666666667,0.5248534083366394,-0.16972546760716573
UBFC_PHYS_s14_T1_ctrl,51,72,53.4,0.7313787341117859,-0.6061437465931946
UBFC_PHYS_s14_T1_ctrl,51,73,53.43333333333333,0.7186486721038818,-0.9780279716032358
UBFC_PHYS_s14_T1_ctrl,51,74,53.46666666666667,0.5072228908538818,-1.2473134403173078
UBFC_PHYS_s14_T1_ctrl,51,75,53.5,0.20237766206264496,-1.3789108042781553
UBFC_PHYS_s14_T1_ctrl,51,76,53.53333333333333,-0.03433924913406372,-1.3466060835023659
UBFC_PHYS_s14_T1_ctrl,51,77,53.56666666666667,-0.13001175224781036,-1.1418287185596796
UBFC_PHYS_s14_T1_ctrl,51,78,53.6,-0.11176159232854843,-0.7817929408512371
UBFC_PHYS_s14_T1_ctrl,51,79,53.63333333333333,-0.05979934334754944,-0.31248673804856975
UBFC_PHYS_s14_T1_ctrl,51,80,53.666666666666664,-0.0643337219953537,0.19698166297765235
UBFC_PHYS_s14_T1_ctrl,51,81,53.7,-0.14403733611106873,0.6686167466520757
UBFC_PHYS_s14_T1_ctrl,51,82,53.733333333333334,-0.26491644978523254,1.0334785873706687
UBFC_PHYS_s14_T1_ctrl,51,83,53.766666666666666,-0.4447143077850342,1.2459928489741243
UBFC_PHYS_s14_T1_ctrl,51,84,53.8,-0.666532576084137,1.2895245542391662
UBFC_PHYS_s14_T1_ctrl,51,85,53.833333333333336,-0.7806805372238159,1.1730825600542742
UBFC_PHYS_s14_T1_ctrl,51,86,53.86666666666667,-0.6607589721679688,0.923076808997656
UBFC_PHYS_s14_T1_ctrl,51,87,53.9,-0.32417312264442444,0.5751527709432829
UBFC_PHYS_s14_T1_ctrl,51,88,53.93333333333333,0.09439757466316223,0.16929576619490092
UBFC_PHYS_s14_T1_ctrl,51,89,53.96666666666667,0.41140955686569214,-0.25161394141303245
UBFC_PHYS_s14_T1_ctrl,51,90,54.0,0.5044346451759338,-0.6418146923924506
UBFC_PHYS_s14_T1_ctrl,51,91,54.03333333333333,0.38583680987358093,-0.9539111253134097
UBFC_PHYS_s14_T1_ctrl,51,92,54.06666666666667,0.1444728523492813,-1.1432946377775972
UBFC_PHYS_s14_T1_ctrl,51,93,54.1,-0.11057871580123901,-1.1760330695991108
UBFC_PHYS_s14_T1_ctrl,51,94,54.13333333333333,-0.2418784499168396,-1.038544201020933
UBFC_PHYS_s14_T1_ctrl,51,95,54.166666666666664,-0.20599773526191711,-0.7456192957882226
UBFC_PHYS_s14_T1_ctrl,51,96,54.2,-0.09097669273614883,-0.3425876743752144
UBFC_PHYS_s14_T1_ctrl,51,97,54.233333333333334,0.01883404515683651,0.10143578919440238
UBFC_PHYS_s14_T1_ctrl,51,98,54.266666666666666,0.08470921963453293,0.5089066179878579
UBFC_PHYS_s14_T1_ctrl,51,99,54.3,0.049701593816280365,0.8130082847575442
UBFC_PHYS_s14_T1_ctrl,51,100,54.333333333333336,-0.1341799944639206,0.9727056329594492
UBFC_PHYS_s14_T1_ctrl,51,101,54.36666666666667,-0.4122413992881775,0.9773346412240089
UBFC_PHYS_s14_T1_ctrl,51,102,54.4,-0.6031639575958252,0.840850565892266
UBFC_PHYS_s14_T1_ctrl,51,103,54.43333333333333,-0.5311490893363953,0.5918945484855109
UBFC_PHYS_s14_T1_ctrl,51,104,54.46666666666667,-0.19639387726783752,0.2663141917394632
UBFC_PHYS_s14_T1_ctrl,51,105,54.5,0.21209418773651123,-0.0953426391420044
UBFC_PHYS_s14_T1_ctrl,51,106,54.53333333333333,0.4506417512893677,-0.4474599659810395
UBFC_PHYS_s14_T1_ctrl,51,107,54.56666666666667,0.4211542308330536,-0.7402450828257726
UBFC_PHYS_s14_T1_ctrl,51,108,54.6,0.20296910405158997,-0.9246861110043552
UBFC_PHYS_s14_T1_ctrl,51,109,54.63333333333333,-0.04692848026752472,-0.9615863613788884
UBFC_PHYS_s14_T1_ctrl,51,110,54.666666666666664,-0.20346300303936005,-0.8325540818271492
UBFC_PHYS_s14_T1_ctrl,51,111,54.7,-0.2495671808719635,-0.5493457106385058
UBFC_PHYS_s14_T1_ctrl,51,112,54.733333333333334,-0.2610861659049988,-0.15692910066620544
UBFC_PHYS_s14_T1_ctrl,51,113,54.766666666666666,-0.266437292098999,0.27336433896162227
UBFC_PHYS_s14_T1_ctrl,51,114,54.8,-0.24289235472679138,0.6602430630820495
UBFC_PHYS_s14_T1_ctrl,51,115,54.833333333333336,-0.2630294859409332,0.9330914754765032
UBFC_PHYS_s14_T1_ctrl,51,116,54.86666666666667,-0.4228028357028961,1.0487947411437113
UBFC_PHYS_s14_T1_ctrl,51,117,54.9,-0.684698224067688,0.9984035276182658
UBFC_PHYS_s14_T1_ctrl,51,118,54.93333333333333,-0.9007992148399353,0.8028178793525077
UBFC_PHYS_s14_T1_ctrl,51,119,54.96666666666667,-0.8901814818382263,0.5019625334513957
UBFC_PHYS_s14_T1_ctrl,51,120,55.0,-0.5631150007247925,0.14335789478391844
UBFC_PHYS_s14_T1_ctrl,51,121,55.03333333333333,-0.07140284031629562,-0.2259130749322433
UBFC_PHYS_s14_T1_ctrl,51,122,55.06666666666667,0.3144133388996124,-0.562711251442009
UBFC_PHYS_s14_T1_ctrl,51,123,55.1,0.47773534059524536,-0.8282233031399031
UBFC_PHYS_s14_T1_ctrl,51,124,55.13333333333333,0.43619370460510254,-0.9881699650283553
UBFC_PHYS_s14_T1_ctrl,51,125,55.166666666666664,0.2709565758705139,-1.015626430251455
UBFC_PHYS_s14_T1_ctrl,51,126,55.2,0.10453655570745468,-0.897223408282014
UBFC_PHYS_s14_T1_ctrl,51,127,55.233333333333334,0.0018512601964175701,-0.6406243678927379
UBFC_PHYS_s14_T1_ctrl,51,128,55.266666666666666,-0.0818234533071518,-0.2790538295483426
UBFC_PHYS_s14_T1_ctrl,51,129,55.3,-0.1948167085647583,0.13125494183187833
UBFC_PHYS_s14_T1_ctrl,51,130,55.333333333333336,-0.3094998002052307,0.5220346067826966
UBFC_PHYS_s14_T1_ctrl,51,131,55.36666666666667,-0.4122132360935211,0.8292949702952698
UBFC_PHYS_s14_T1_ctrl,51,132,55.4,-0.5647203326225281,1.0082493838720168
UBFC_PHYS_s14_T1_ctrl,51,133,55.43333333333333,-0.80898517370224,1.0403684805704532
UBFC_PHYS_s14_T1_ctrl,51,134,55.46666666666667,-1.0415902137756348,0.9308816692091416
UBFC_PHYS_s14_T1_ctrl,51,135,55.5,-1.049363374710083,0.7005707715814099
UBFC_PHYS_s14_T1_ctrl,51,136,55.53333333333333,-0.7048353552818298,0.3777082225272629
UBFC_PHYS_s14_T1_ctrl,51,137,55.56666666666667,-0.16789209842681885,-0.005813412553638831
UBFC_PHYS_s14_T1_ctrl,51,138,55.6,0.2859397232532501,-0.41365007344288796
UBFC_PHYS_s14_T1_ctrl,51,139,55.63333333333333,0.5007451772689819,-0.8021611208375824
UBFC_PHYS_s14_T1_ctrl,51,140,55.666666666666664,0.4750034511089325,-1.1196797215248289
UBFC_PHYS_s14_T1_ctrl,51,141,55.7,0.27850449085235596,-1.3112602283858372
UBFC_PHYS_s14_T1_ctrl,51,142,55.733333333333334,0.019509976729750633,-1.3296991011026271
UBFC_PHYS_s14_T1_ctrl,51,143,55.766666666666666,-0.1910145878791809,-1.1502183199536877
UBFC_PHYS_s14_T1_ctrl,51,144,55.8,-0.3218073844909668,-0.7832824915278458
UBFC_PHYS_s14_T1_ctrl,51,145,55.833333333333336,-0.4006097614765167,-0.27902524270711093
UBFC_PHYS_s14_T1_ctrl,51,146,55.86666666666667,-0.4492205083370209,0.28116355642657004
UBFC_PHYS_s14_T1_ctrl,51,147,55.9,-0.5058298110961914,0.804782195307862
UBFC_PHYS_s14_T1_ctrl,51,148,55.93333333333333,-0.6248782873153687,1.212092389589184
UBFC_PHYS_s14_T1_ctrl,51,149,55.96666666666667,-0.8211237788200378,1.4530243794657565
UBFC_PHYS_s14_T1_ctrl,51,150,56.0,-1.049363374710083,1.511081373557976
UBFC_PHYS_s14_T1_ctrl,51,151,56.03333333333333,-1.1775087118148804,1.3961157288973596
UBFC_PHYS_s14_T1_ctrl,51,152,56.06666666666667,-1.0345209836959839,1.132859414414055
UBFC_PHYS_s14_T1_ctrl,51,153,56.1,-0.5930249691009521,0.7521164281509419
UBFC_PHYS_s14_T1_ctrl,51,154,56.13333333333333,-0.06427739560604095,0.2879076393228025
UBFC_PHYS_s14_T1_ctrl,51,155,56.166666666666664,0.28729158639907837,-0.22049842656553467
UBFC_PHYS_s14_T1_ctrl,51,156,56.2,0.36772745847702026,-0.7253020934373441
UBFC_PHYS_s14_T1_ctrl,51,157,56.233333333333334,0.25374847650527954,-1.169531670567515
UBFC_PHYS_s14_T1_ctrl,51,158,56.266666666666666,0.05122243985533714,-1.4916208078334765
UBFC_PHYS_s14_T1_ctrl,51,159,56.3,-0.12122464179992676,-1.6356561963080225
UBFC_PHYS_s14_T1_ctrl,51,160,56.333333333333336,-0.1723419725894928,-1.5653793585089772
UBFC_PHYS_s14_T1_ctrl,51,161,56.36666666666667,-0.1528526097536087,-1.2776861646167383
UBFC_PHYS_s14_T1_ctrl,51,162,56.4,-0.1795237511396408,-0.8097781356953072
UBFC_PHYS_s14_T1_ctrl,51,163,56.43333333333333,-0.2535664439201355,-0.23493429231340315
UBFC_PHYS_s14_T1_ctrl,51,164,56.46666666666667,-0.3532663583755493,0.3539912584403011
UBFC_PHYS_s14_T1_ctrl,51,165,56.5,-0.5770561099052429,0.8681544300570393
UBFC_PHYS_s14_T1_ctrl,51,166,56.53333333333333,-0.973039448261261,1.2434888049956199
UBFC_PHYS_s14_T1_ctrl,51,167,56.56666666666667,-1.3161873817443848,1.4495415543619146
UBFC_PHYS_s14_T1_ctrl,51,168,56.6,-1.3051190376281738,1.4844041018860594
UBFC_PHYS_s14_T1_ctrl,51,169,56.63333333333333,-0.8770571351051331,1.3619302271735856
UBFC_PHYS_s14_T1_ctrl,51,170,56.666666666666664,-0.25401705503463745,1.100559760274939
UBFC_PHYS_s14_T1_ctrl,51,171,56.7,0.308667927980423,0.7200738681843484
UBFC_PHYS_s14_T1_ctrl,51,172,56.733333333333334,0.6780645847320557,0.2463535306704583
UBFC_PHYS_s14_T1_ctrl,51,173,56.766666666666666,0.7762155532836914,-0.28098617349012134
UBFC_PHYS_s14_T1_ctrl,51,174,56.8,0.607936680316925,-0.8044001547810964
UBFC_PHYS_s14_T1_ctrl,51,175,56.833333333333336,0.3377048373222351,-1.2517581877910235
UBFC_PHYS_s14_T1_ctrl,51,176,56.86666666666667,0.14996479451656342,-1.5479339284133122
UBFC_PHYS_s14_T1_ctrl,51,177,56.9,0.06600844860076904,-1.6321218089462373
UBFC_PHYS_s14_T1_ctrl,51,178,56.93333333333333,0.001823096303269267,-1.4759157852198632
UBFC_PHYS_s14_T1_ctrl,51,179,56.96666666666667,-0.05954587087035179,-1.0957800147223447
UBFC_PHYS_s14_T1_ctrl,51,180,57.0,-0.1001017764210701,-0.5538385679431832
UBFC_PHYS_s14_T1_ctrl,51,181,57.03333333333333,-0.20137888193130493,0.055697593103446075
UBFC_PHYS_s14_T1_ctrl,51,182,57.06666666666667,-0.4668792188167572,0.6308525870129126
UBFC_PHYS_s14_T1_ctrl,51,183,57.1,-0.885280966758728,1.0877444478777847
UBFC_PHYS_s14_T1_ctrl,51,184,57.13333333333333,-1.277603030204773,1.3777600583460141
UBFC_PHYS_s14_T1_ctrl,51,185,57.166666666666664,-1.345505952835083,1.4902231912390824
UBFC_PHYS_s14_T1_ctrl,51,186,57.2,-0.9229641556739807,1.4421485610911546
UBFC_PHYS_s14_T1_ctrl,51,187,57.233333333333334,-0.19580243527889252,1.2624775306597822
UBFC_PHYS_s14_T1_ctrl,51,188,57.266666666666666,0.4913666546344757,0.9790224232754096
UBFC_PHYS_s14_T1_ctrl,51,189,57.3,0.963307797908783,0.613133294062457
UBFC_PHYS_s14_T1_ctrl,51,190,57.333333333333336,1.2089526653289795,0.18268899983398432
UBFC_PHYS_s14_T1_ctrl,51,191,57.36666666666667,1.2234852313995361,-0.28976185617217715
UBFC_PHYS_s14_T1_ctrl,51,192,57.4,1.0730621814727783,-0.7690061458398826
UBFC_PHYS_s14_T1_ctrl,51,193,57.43333333333333,0.9290887713432312,-1.204311539939294
UBFC_PHYS_s14_T1_ctrl,51,194,57.46666666666667,0.880731463432312,-1.5341830098534008
UBFC_PHYS_s14_T1_ctrl,51,195,57.5,0.8284594416618347,-1.698112783270302
UBFC_PHYS_s14_T1_ctrl,51,196,57.53333333333333,0.6626871824264526,-1.6524907148678434
UBFC_PHYS_s14_T1_ctrl,51,197,57.56666666666667,0.4479943513870239,-1.3862392017228495
UBFC_PHYS_s14_T1_ctrl,51,198,57.6,0.2677740752696991,-0.9304539668316236
UBFC_PHYS_s14_T1_ctrl,51,199,57.63333333333333,0.053447380661964417,-0.3566526369163491
UBFC_PHYS_s14_T1_ctrl,51,200,57.666666666666664,-0.29907917976379395,0.23848980662038152
UBFC_PHYS_s14_T1_ctrl,51,201,57.7,-0.772062361240387,0.7581190156376959
UBFC_PHYS_s14_T1_ctrl,51,202,57.733333333333334,-1.2237255573272705,1.1302126685618978
UBFC_PHYS_s14_T1_ctrl,51,203,57.766666666666666,-1.377500057220459,1.3218876155774
UBFC_PHYS_s14_T1_ctrl,51,204,57.8,-0.9840514659881592,1.338161038549733
UBFC_PHYS_s14_T1_ctrl,51,205,57.833333333333336,-0.19980169832706451,1.2087632593515156
UBFC_PHYS_s14_T1_ctrl,51,206,57.86666666666667,0.5306551456451416,0.9715902461452581
UBFC_PHYS_s14_T1_ctrl,51,207,57.9,0.9330598711967468,0.6608611230859276
UBFC_PHYS_s14_T1_ctrl,51,208,57.93333333333333,1.0068209171295166,0.30356244294595847
UBFC_PHYS_s14_T1_ctrl,51,209,57.96666666666667,0.852398693561554,-0.07713648726379338
UBFC_PHYS_s14_T1_ctrl,51,210,58.0,0.6294820308685303,-0.4553067705121003
UBFC_PHYS_s14_T1_ctrl,51,211,58.03333333333333,0.5074481964111328,-0.7966097033859961
UBFC_PHYS_s14_T1_ctrl,51,212,58.06666666666667,0.5142074823379517,-1.057044948792189
UBFC_PHYS_s14_T1_ctrl,51,213,58.1,0.5533552169799805,-1.1882798799066496
UBFC_PHYS_s14_T1_ctrl,51,214,58.13333333333333,0.5278387665748596,-1.1495115449578241
UBFC_PHYS_s14_T1_ctrl,51,215,58.166666666666664,0.4144512414932251,-0.9228278279225872
UBFC_PHYS_s14_T1_ctrl,51,216,58.2,0.21555833518505096,-0.5262205262606067
UBFC_PHYS_s14_T1_ctrl,51,217,58.233333333333334,-0.09275101870298386,-0.01738332202266544
UBFC_PHYS_s14_T1_ctrl,51,218,58.266666666666666,-0.4891568124294281,0.5163094733499787
UBFC_PHYS_s14_T1_ctrl,51,219,58.3,-0.9090230464935303,0.9803226305047138
UBFC_PHYS_s14_T1_ctrl,51,220,58.333333333333336,-1.3312832117080688,1.2993633622675644
UBFC_PHYS_s14_T1_ctrl,51,221,58.36666666666667,-1.61593496799469,1.4358988619613664
UBFC_PHYS_s14_T1_ctrl,51,222,58.4,-1.424167513847351,1.3933989552340789
UBFC_PHYS_s14_T1_ctrl,51,223,58.43333333333333,-0.6323134899139404,1.2054356195816662
UBFC_PHYS_s14_T1_ctrl,51,224,58.46666666666667,0.3782888948917389,0.9184067184271929
UBFC_PHYS_s14_T1_ctrl,51,225,58.5,1.135585904121399,0.5768361471388341
UBFC_PHYS_s14_T1_ctrl,51,226,58.53333333333333,1.52103590965271,0.2161824438706089
UBFC_PHYS_s14_T1_ctrl,51,227,58.56666666666667,1.6569263935089111,-0.13715293392933275
UBFC_PHYS_s14_T1_ctrl,51,228,58.6,1.606203317642212,-0.4616746313803706
UBFC_PHYS_s14_T1_ctrl,51,229,58.63333333333333,1.4402903318405151,-0.7360851378701476
UBFC_PHYS_s14_T1_ctrl,51,230,58.666666666666664,1.292739987373352,-0.9374414910013622
UBFC_PHYS_s14_T1_ctrl,51,231,58.7,1.2542119026184082,-1.0443714919407243
UBFC_PHYS_s14_T1_ctrl,51,232,58.733333333333334,1.308680772781372,-1.0447554178515193
UBFC_PHYS_s14_T1_ctrl,51,233,58.766666666666666,1.3332678079605103,-0.9442768896388434
UBFC_PHYS_s14_T1_ctrl,51,234,58.8,1.0596280097961426,-0.7708364540033141
UBFC_PHYS_s14_T1_ctrl,51,235,58.833333333333336,0.29968366026878357,-0.570659367922865
UBFC_PHYS_s14_T1_ctrl,51,236,58.86666666666667,-0.7102428078651428,-0.3949455193432038
UBFC_PHYS_s14_T1_ctrl,51,237,58.9,-1.4913382530212402,-0.2808650232399474
UBFC_PHYS_s14_T1_ctrl,51,238,58.93333333333333,-1.8977985382080078,-0.23565889231520065
UBFC_PHYS_s14_T1_ctrl,51,239,58.96666666666667,-2.086101770401001,-0.23308993428327895
UBFC_PHYS_s14_T1_ctrl,52,0,52.0,-0.2445821762084961,-0.09052437276254992
UBFC_PHYS_s14_T1_ctrl,52,1,52.03333333333333,0.40650904178619385,0.2452903236299631
UBFC_PHYS_s14_T1_ctrl,52,2,52.06666666666667,0.7718501687049866,0.5218964474065149
UBFC_PHYS_s14_T1_ctrl,52,3,52.1,0.8729864358901978,0.6914724876745135
UBFC_PHYS_s14_T1_ctrl,52,4,52.13333333333333,0.8232772946357727,0.7286302625259107
UBFC_PHYS_s14_T1_ctrl,52,5,52.166666666666664,0.7249574065208435,0.6325551543675586
UBFC_PHYS_s14_T1_ctrl,52,6,52.2,0.6372552514076233,0.422364652297771
UBFC_PHYS_s14_T1_ctrl,52,7,52.233333333333334,0.5750413537025452,0.12944377966982984
UBFC_PHYS_s14_T1_ctrl,52,8,52.266666666666666,0.5327674746513367,-0.2088692242895231
UBFC_PHYS_s14_T1_ctrl,52,9,52.3,0.5142356753349304,-0.5521503985377896
UBFC_PHYS_s14_T1_ctrl,52,10,52.333333333333336,0.4966896176338196,-0.8573198046496767
UBFC_PHYS_s14_T1_ctrl,52,11,52.36666666666667,0.4197178781032562,-1.0796660282088304
UBFC_PHYS_s14_T1_ctrl,52,12,52.4,0.26912593841552734,-1.1773728702504236
UBFC_PHYS_s14_T1_ctrl,52,13,52.43333333333333,0.09941073507070541,-1.120319827989933
UBFC_PHYS_s14_T1_ctrl,52,14,52.46666666666667,-0.04439373314380646,-0.9008516955394912
UBFC_PHYS_s14_T1_ctrl,52,15,52.5,-0.1926199346780777,-0.5416510380414187
UBFC_PHYS_s14_T1_ctrl,52,16,52.53333333333333,-0.43618065118789673,-0.09540746125115113
UBFC_PHYS_s14_T1_ctrl,52,17,52.56666666666667,-0.7437859177589417,0.3659604390624652
UBFC_PHYS_s14_T1_ctrl,52,18,52.6,-0.8732831478118896,0.7690648426815704
UBFC_PHYS_s14_T1_ctrl,52,19,52.63333333333333,-0.626568078994751,1.0562628289111338
UBFC_PHYS_s14_T1_ctrl,52,20,52.666666666666664,-0.09813030809164047,1.19576845935421
UBFC_PHYS_s14_T1_ctrl,52,21,52.7,0.46024560928344727,1.1825263160883595
UBFC_PHYS_s14_T1_ctrl,52,22,52.733333333333334,0.8723949790000916,1.0320139211416484
UBFC_PHYS_s14_T1_ctrl,52,23,52.766666666666666,1.0571496486663818,0.7714319214235152
UBFC_PHYS_s14_T1_ctrl,52,24,52.8,1.013411283493042,0.43267379317548416
UBFC_PHYS_s14_T1_ctrl,52,25,52.833333333333336,0.8252205848693848,0.049520936838774496
UBFC_PHYS_s14_T1_ctrl,52,26,52.86666666666667,0.6068101525306702,-0.3412749159126153
UBFC_PHYS_s14_T1_ctrl,52,27,52.9,0.45517614483833313,-0.6977290445368685
UBFC_PHYS_s14_T1_ctrl,52,28,52.93333333333333,0.39789092540740967,-0.9728095801658199
UBFC_PHYS_s14_T1_ctrl,52,29,52.96666666666667,0.3675021529197693,-1.1197222734268077
UBFC_PHYS_s14_T1_ctrl,52,30,53.0,0.2771526277065277,-1.1023780048993486
UBFC_PHYS_s14_T1_ctrl,52,31,53.03333333333333,0.10825417935848236,-0.9080378351443255
UBFC_PHYS_s14_T1_ctrl,52,32,53.06666666666667,-0.08472432941198349,-0.5569276683611296
UBFC_PHYS_s14_T1_ctrl,52,33,53.1,-0.2473703920841217,-0.10350857527106525
UBFC_PHYS_s14_T1_ctrl,52,34,53.13333333333333,-0.3843310475349426,0.3733693724296874
UBFC_PHYS_s14_T1_ctrl,52,35,53.166666666666664,-0.5697335004806519,0.7894728941279769
UBFC_PHYS_s14_T1_ctrl,52,36,53.2,-0.8355154991149902,1.076451019793841
UBFC_PHYS_s14_T1_ctrl,52,37,53.233333333333334,-1.0373092889785767,1.1967248243401034
UBFC_PHYS_s14_T1_ctrl,52,38,53.266666666666666,-0.9328778386116028,1.1467009178046006
UBFC_PHYS_s14_T1_ctrl,52,39,53.3,-0.47490590810775757,0.9491734980200112
UBFC_PHYS_s14_T1_ctrl,52,40,53.333333333333336,0.09535514563322067,0.6408003953532762
UBFC_PHYS_s14_T1_ctrl,52,41,53.36666666666667,0.5248534083366394,0.26167547816567455
UBFC_PHYS_s14_T1_ctrl,52,42,53.4,0.7313787341117859,-0.148995466573223
UBFC_PHYS_s14_T1_ctrl,52,43,53.43333333333333,0.7186486721038818,-0.5517224879066005
UBFC_PHYS_s14_T1_ctrl,52,44,53.46666666666667,0.5072228908538818,-0.9038412386620096
UBFC_PHYS_s14_T1_ctrl,52,45,53.5,0.20237766206264496,-1.1592885298162205
UBFC_PHYS_s14_T1_ctrl,52,46,53.53333333333333,-0.03433924913406372,-1.2738143214218043
UBFC_PHYS_s14_T1_ctrl,52,47,53.56666666666667,-0.13001175224781036,-1.2154379701903513
UBFC_PHYS_s14_T1_ctrl,52,48,53.6,-0.11176159232854843,-0.976810724393002
UBFC_PHYS_s14_T1_ctrl,52,49,53.63333333333333,-0.05979934334754944,-0.5840501454948621
UBFC_PHYS_s14_T1_ctrl,52,50,53.666666666666664,-0.0643337219953537,-0.09669951933167116
UBFC_PHYS_s14_T1_ctrl,52,51,53.7,-0.14403733611106873,0.40346499103907996
UBFC_PHYS_s14_T1_ctrl,52,52,53.733333333333334,-0.26491644978523254,0.8318002768146084
UBFC_PHYS_s14_T1_ctrl,52,53,53.766666666666666,-0.4447143077850342,1.1210477424669785
UBFC_PHYS_s14_T1_ctrl,52,54,53.8,-0.666532576084137,1.2347544035257831
UBFC_PHYS_s14_T1_ctrl,52,55,53.833333333333336,-0.7806805372238159,1.169780424595134
UBFC_PHYS_s14_T1_ctrl,52,56,53.86666666666667,-0.6607589721679688,0.9493360474798074
UBFC_PHYS_s14_T1_ctrl,52,57,53.9,-0.32417312264442444,0.6120849624450319
UBFC_PHYS_s14_T1_ctrl,52,58,53.93333333333333,0.09439757466316223,0.2031921917392752
UBFC_PHYS_s14_T1_ctrl,52,59,53.96666666666667,0.41140955686569214,-0.22975203317472112
UBFC_PHYS_s14_T1_ctrl,52,60,54.0,0.5044346451759338,-0.6369967285580019
UBFC_PHYS_s14_T1_ctrl,52,61,54.03333333333333,0.38583680987358093,-0.9667684700477982
UBFC_PHYS_s14_T1_ctrl,52,62,54.06666666666667,0.1444728523492813,-1.1688674738032063
UBFC_PHYS_s14_T1_ctrl,52,63,54.1,-0.11057871580123901,-1.2030434404483805
UBFC_PHYS_s14_T1_ctrl,52,64,54.13333333333333,-0.2418784499168396,-1.050499266569096
UBFC_PHYS_s14_T1_ctrl,52,65,54.166666666666664,-0.20599773526191711,-0.7242607520781219
UBFC_PHYS_s14_T1_ctrl,52,66,54.2,-0.09097669273614883,-0.2729394676911411
UBFC_PHYS_s14_T1_ctrl,52,67,54.233333333333334,0.01883404515683651,0.22609572843597997
UBFC_PHYS_s14_T1_ctrl,52,68,54.266666666666666,0.08470921963453293,0.6837706606940195
UBFC_PHYS_s14_T1_ctrl,52,69,54.3,0.049701593816280365,1.0210699635144707
UBFC_PHYS_s14_T1_ctrl,52,70,54.333333333333336,-0.1341799944639206,1.1870988361906347
UBFC_PHYS_s14_T1_ctrl,52,71,54.36666666666667,-0.4122413992881775,1.166644704892505
UBFC_PHYS_s14_T1_ctrl,52,72,54.4,-0.6031639575958252,0.9761910407459292
UBFC_PHYS_s14_T1_ctrl,52,73,54.43333333333333,-0.5311490893363953,0.6531562504502986
UBFC_PHYS_s14_T1_ctrl,52,74,54.46666666666667,-0.19639387726783752,0.2450281434891292
UBFC_PHYS_s14_T1_ctrl,52,75,54.5,0.21209418773651123,-0.19719277653240538
UBFC_PHYS_s14_T1_ctrl,52,76,54.53333333333333,0.4506417512893677,-0.6209521888632934
UBFC_PHYS_s14_T1_ctrl,52,77,54.56666666666667,0.4211542308330536,-0.9725172781859643
UBFC_PHYS_s14_T1_ctrl,52,78,54.6,0.20296910405158997,-1.1995496627962605
UBFC_PHYS_s14_T1_ctrl,52,79,54.63333333333333,-0.04692848026752472,-1.258082530358022
UBFC_PHYS_s14_T1_ctrl,52,80,54.666666666666664,-0.20346300303936005,-1.1233775673792912
UBFC_PHYS_s14_T1_ctrl,52,81,54.7,-0.2495671808719635,-0.8012350151662619
UBFC_PHYS_s14_T1_ctrl,52,82,54.733333333333334,-0.2610861659049988,-0.3343407310348808
UBFC_PHYS_s14_T1_ctrl,52,83,54.766666666666666,-0.266437292098999,0.20140080739443783
UBFC_PHYS_s14_T1_ctrl,52,84,54.8,-0.24289235472679138,0.7121467085612971
UBFC_PHYS_s14_T1_ctrl,52,85,54.833333333333336,-0.2630294859409332,1.1090055910348062
UBFC_PHYS_s14_T1_ctrl,52,86,54.86666666666667,-0.4228028357028961,1.3296163210127527
UBFC_PHYS_s14_T1_ctrl,52,87,54.9,-0.684698224067688,1.3494491065591288
UBFC_PHYS_s14_T1_ctrl,52,88,54.93333333333333,-0.9007992148399353,1.1799369670048314
UBFC_PHYS_s14_T1_ctrl,52,89,54.96666666666667,-0.8901814818382263,0.8577720995135517
UBFC_PHYS_s14_T1_ctrl,52,90,55.0,-0.5631150007247925,0.4325327901058294
UBFC_PHYS_s14_T1_ctrl,52,91,55.03333333333333,-0.07140284031629562,-0.042075332089391605
UBFC_PHYS_s14_T1_ctrl,52,92,55.06666666666667,0.3144133388996124,-0.5119544729894627
UBFC_PHYS_s14_T1_ctrl,52,93,55.1,0.47773534059524536,-0.9233106509081161
UBFC_PHYS_s14_T1_ctrl,52,94,55.13333333333333,0.43619370460510254,-1.223770190915608
UBFC_PHYS_s14_T1_ctrl,52,95,55.166666666666664,0.2709565758705139,-1.366813991506131
UBFC_PHYS_s14_T1_ctrl,52,96,55.2,0.10453655570745468,-1.3204365166131387
UBFC_PHYS_s14_T1_ctrl,52,97,55.233333333333334,0.0018512601964175701,-1.078105714995826
UBFC_PHYS_s14_T1_ctrl,52,98,55.266666666666666,-0.0818234533071518,-0.6673845724128606
UBFC_PHYS_s14_T1_ctrl,52,99,55.3,-0.1948167085647583,-0.1505825319659088
UBFC_PHYS_s14_T1_ctrl,52,100,55.333333333333336,-0.3094998002052307,0.38609523940142365
UBFC_PHYS_s14_T1_ctrl,52,101,55.36666666666667,-0.4122132360935211,0.8530741913503702
UBFC_PHYS_s14_T1_ctrl,52,102,55.4,-0.5647203326225281,1.179551299835635
UBFC_PHYS_s14_T1_ctrl,52,103,55.43333333333333,-0.80898517370224,1.3273570072539784
UBFC_PHYS_s14_T1_ctrl,52,104,55.46666666666667,-1.0415902137756348,1.2918749642662886
UBFC_PHYS_s14_T1_ctrl,52,105,55.5,-1.049363374710083,1.0930748896219695
UBFC_PHYS_s14_T1_ctrl,52,106,55.53333333333333,-0.7048353552818298,0.7638522745033115
UBFC_PHYS_s14_T1_ctrl,52,107,55.56666666666667,-0.16789209842681885,0.34211770860941554
UBFC_PHYS_s14_T1_ctrl,52,108,55.6,0.2859397232532501,-0.13070931738024325
UBFC_PHYS_s14_T1_ctrl,52,109,55.63333333333333,0.5007451772689819,-0.6066961620710217
UBFC_PHYS_s14_T1_ctrl,52,110,55.666666666666664,0.4750034511089325,-1.0289187256584653
UBFC_PHYS_s14_T1_ctrl,52,111,55.7,0.27850449085235596,-1.334605136634471
UBFC_PHYS_s14_T1_ctrl,52,112,55.733333333333334,0.019509976729750633,-1.4658140619083573
UBFC_PHYS_s14_T1_ctrl,52,113,55.766666666666666,-0.1910145878791809,-1.3850482839154872
UBFC_PHYS_s14_T1_ctrl,52,114,55.8,-0.3218073844909668,-1.0898564374986532
UBFC_PHYS_s14_T1_ctrl,52,115,55.833333333333336,-0.4006097614765167,-0.6197028260568678
UBFC_PHYS_s14_T1_ctrl,52,116,55.86666666666667,-0.4492205083370209,-0.050583296359753435
UBFC_PHYS_s14_T1_ctrl,52,117,55.9,-0.5058298110961914,0.5222727638169259
UBFC_PHYS_s14_T1_ctrl,52,118,55.93333333333333,-0.6248782873153687,1.0075559130249028
UBFC_PHYS_s14_T1_ctrl,52,119,55.96666666666667,-0.8211237788200378,1.3378579346169732
UBFC_PHYS_s14_T1_ctrl,52,120,56.0,-1.049363374710083,1.4795443757556486
UBFC_PHYS_s14_T1_ctrl,52,121,56.03333333333333,-1.1775087118148804,1.4310317615809387
UBFC_PHYS_s14_T1_ctrl,52,122,56.06666666666667,-1.0345209836959839,1.2132874487510517
UBFC_PHYS_s14_T1_ctrl,52,123,56.1,-0.5930249691009521,0.8590074225305276
UBFC_PHYS_s14_T1_ctrl,52,124,56.13333333333333,-0.06427739560604095,0.4060161713208459
UBFC_PHYS_s14_T1_ctrl,52,125,56.166666666666664,0.28729158639907837,-0.10318899452030712
UBFC_PHYS_s14_T1_ctrl,52,126,56.2,0.36772745847702026,-0.6181444515558283
UBFC_PHYS_s14_T1_ctrl,52,127,56.233333333333334,0.25374847650527954,-1.0784560867496098
UBFC_PHYS_s14_T1_ctrl,52,128,56.266666666666666,0.05122243985533714,-1.417841023997883
UBFC_PHYS_s14_T1_ctrl,52,129,56.3,-0.12122464179992676,-1.575699962517275
UBFC_PHYS_s14_T1_ctrl,52,130,56.333333333333336,-0.1723419725894928,-1.5134473734530636
UBFC_PHYS_s14_T1_ctrl,52,131,56.36666666666667,-0.1528526097536087,-1.2293698401042492
UBFC_PHYS_s14_T1_ctrl,52,132,56.4,-0.1795237511396408,-0.7649019880533865
UBFC_PHYS_s14_T1_ctrl,52,133,56.43333333333333,-0.2535664439201355,-0.1977885239646878
UBFC_PHYS_s14_T1_ctrl,52,134,56.46666666666667,-0.3532663583755493,0.3769699880445123
UBFC_PHYS_s14_T1_ctrl,52,135,56.5,-0.5770561099052429,0.8715544167980566
UBFC_PHYS_s14_T1_ctrl,52,136,56.53333333333333,-0.973039448261261,1.2250550181386433
UBFC_PHYS_s14_T1_ctrl,52,137,56.56666666666667,-1.3161873817443848,1.4105436681273233
UBFC_PHYS_s14_T1_ctrl,52,138,56.6,-1.3051190376281738,1.4287707816216977
UBFC_PHYS_s14_T1_ctrl,52,139,56.63333333333333,-0.8770571351051331,1.2951100267075655
UBFC_PHYS_s14_T1_ctrl,52,140,56.666666666666664,-0.25401705503463745,1.0287594342712159
UBFC_PHYS_s14_T1_ctrl,52,141,56.7,0.308667927980423,0.6500260442250148
UBFC_PHYS_s14_T1_ctrl,52,142,56.733333333333334,0.6780645847320557,0.185495771435125
UBFC_PHYS_s14_T1_ctrl,52,143,56.766666666666666,0.7762155532836914,-0.32420719215618427
UBFC_PHYS_s14_T1_ctrl,52,144,56.8,0.607936680316925,-0.8207942617742411
UBFC_PHYS_s14_T1_ctrl,52,145,56.833333333333336,0.3377048373222351,-1.2332158801274415
UBFC_PHYS_s14_T1_ctrl,52,146,56.86666666666667,0.14996479451656342,-1.4911602674977273
UBFC_PHYS_s14_T1_ctrl,52,147,56.9,0.06600844860076904,-1.5430804977803625
UBFC_PHYS_s14_T1_ctrl,52,148,56.93333333333333,0.001823096303269267,-1.372394949455139
UBFC_PHYS_s14_T1_ctrl,52,149,56.96666666666667,-0.05954587087035179,-1.00542109361357
UBFC_PHYS_s14_T1_ctrl,52,150,57.0,-0.1001017764210701,-0.5066796416720352
UBFC_PHYS_s14_T1_ctrl,52,151,57.03333333333333,-0.20137888193130493,0.0381508685714435
UBFC_PHYS_s14_T1_ctrl,52,152,57.06666666666667,-0.4668792188167572,0.5452646584601445
UBFC_PHYS_s14_T1_ctrl,52,153,57.1,-0.885280966758728,0.9519551995064806
UBFC_PHYS_s14_T1_ctrl,52,154,57.13333333333333,-1.277603030204773,1.2245936781469569
UBFC_PHYS_s14_T1_ctrl,52,155,57.166666666666664,-1.345505952835083,1.3544053545744745
UBFC_PHYS_s14_T1_ctrl,52,156,57.2,-0.9229641556739807,1.3465012169909554
UBFC_PHYS_s14_T1_ctrl,52,157,57.233333333333334,-0.19580243527889252,1.210187434224913
UBFC_PHYS_s14_T1_ctrl,52,158,57.266666666666666,0.4913666546344757,0.9559916542723773
UBFC_PHYS_s14_T1_ctrl,52,159,57.3,0.963307797908783,0.5993999713706861
UBFC_PHYS_s14_T1_ctrl,52,160,57.333333333333336,1.2089526653289795,0.1668075286062932
UBFC_PHYS_s14_T1_ctrl,52,161,57.36666666666667,1.2234852313995361,-0.3015560269839622
UBFC_PHYS_s14_T1_ctrl,52,162,57.4,1.0730621814727783,-0.7539320995412699
UBFC_PHYS_s14_T1_ctrl,52,163,57.43333333333333,0.9290887713432312,-1.133397243843309
UBFC_PHYS_s14_T1_ctrl,52,164,57.46666666666667,0.880731463432312,-1.3863528237867324
UBFC_PHYS_s14_T1_ctrl,52,165,57.5,0.8284594416618347,-1.4719323527671961
UBFC_PHYS_s14_T1_ctrl,52,166,57.53333333333333,0.6626871824264526,-1.37103410066506
UBFC_PHYS_s14_T1_ctrl,52,167,57.56666666666667,0.4479943513870239,-1.0927190774164164
UBFC_PHYS_s14_T1_ctrl,52,168,57.6,0.2677740752696991,-0.6751691603183774
UBFC_PHYS_s14_T1_ctrl,52,169,57.63333333333333,0.053447380661964417,-0.1794688846960109
UBFC_PHYS_s14_T1_ctrl,52,170,57.666666666666664,-0.29907917976379395,0.3227558887139484
UBFC_PHYS_s14_T1_ctrl,52,171,57.7,-0.772062361240387,0.7639427223241066
UBFC_PHYS_s14_T1_ctrl,52,172,57.733333333333334,-1.2237255573272705,1.092507815297846
UBFC_PHYS_s14_T1_ctrl,52,173,57.766666666666666,-1.377500057220459,1.2786605632894636
UBFC_PHYS_s14_T1_ctrl,52,174,57.8,-0.9840514659881592,1.3139344743831158
UBFC_PHYS_s14_T1_ctrl,52,175,57.833333333333336,-0.19980169832706451,1.2069482006229926
UBFC_PHYS_s14_T1_ctrl,52,176,57.86666666666667,0.5306551456451416,0.9783493589301477
UBFC_PHYS_s14_T1_ctrl,52,177,57.9,0.9330598711967468,0.6565405719918358
UBFC_PHYS_s14_T1_ctrl,52,178,57.93333333333333,1.0068209171295166,0.27426051817382024
UBFC_PHYS_s14_T1_ctrl,52,179,57.96666666666667,0.852398693561554,-0.13428802365020867
UBFC_PHYS_s14_T1_ctrl,52,180,58.0,0.6294820308685303,-0.5352697367554017
UBFC_PHYS_s14_T1_ctrl,52,181,58.03333333333333,0.5074481964111328,-0.8951973792816493
UBFC_PHYS_s14_T1_ctrl,52,182,58.06666666666667,0.5142074823379517,-1.1796224103291189
UBFC_PHYS_s14_T1_ctrl,52,183,58.1,0.5533552169799805,-1.3529259186044038
UBFC_PHYS_s14_T1_ctrl,52,184,58.13333333333333,0.5278387665748596,-1.3819419762374356
UBFC_PHYS_s14_T1_ctrl,52,185,58.166666666666664,0.4144512414932251,-1.2443938603849332
UBFC_PHYS_s14_T1_ctrl,52,186,58.2,0.21555833518505096,-0.9399842082761926
UBFC_PHYS_s14_T1_ctrl,52,187,58.233333333333334,-0.09275101870298386,-0.49897447484854485
UBFC_PHYS_s14_T1_ctrl,52,188,58.266666666666666,-0.4891568124294281,0.01779428275061329
UBFC_PHYS_s14_T1_ctrl,52,189,58.3,-0.9090230464935303,0.5304132859415995
UBFC_PHYS_s14_T1_ctrl,52,190,58.333333333333336,-1.3312832117080688,0.9595862543021795
UBFC_PHYS_s14_T1_ctrl,52,191,58.36666666666667,-1.61593496799469,1.2462010138441653
UBFC_PHYS_s14_T1_ctrl,52,192,58.4,-1.424167513847351,1.3629874229506205
UBFC_PHYS_s14_T1_ctrl,52,193,58.43333333333333,-0.6323134899139404,1.3150352795172673
UBFC_PHYS_s14_T1_ctrl,52,194,58.46666666666667,0.3782888948917389,1.1310053015091925
UBFC_PHYS_s14_T1_ctrl,52,195,58.5,1.135585904121399,0.8501031530976942
UBFC_PHYS_s14_T1_ctrl,52,196,58.53333333333333,1.52103590965271,0.5105267923330978
UBFC_PHYS_s14_T1_ctrl,52,197,58.56666666666667,1.6569263935089111,0.143486796001642
UBFC_PHYS_s14_T1_ctrl,52,198,58.6,1.606203317642212,-0.2259843902129944
UBFC_PHYS_s14_T1_ctrl,52,199,58.63333333333333,1.4402903318405151,-0.5733288494281997
UBFC_PHYS_s14_T1_ctrl,52,200,58.666666666666664,1.292739987373352,-0.8680869069368642
UBFC_PHYS_s14_T1_ctrl,52,201,58.7,1.2542119026184082,-1.0716942482439975
UBFC_PHYS_s14_T1_ctrl,52,202,58.733333333333334,1.308680772781372,-1.1427444011241865
UBFC_PHYS_s14_T1_ctrl,52,203,58.766666666666666,1.3332678079605103,-1.0495539488160368
UBFC_PHYS_s14_T1_ctrl,52,204,58.8,1.0596280097961426,-0.7856746929539129
UBFC_PHYS_s14_T1_ctrl,52,205,58.833333333333336,0.29968366026878357,-0.3809816215089621
UBFC_PHYS_s14_T1_ctrl,52,206,58.86666666666667,-0.7102428078651428,0.09885739870873825
UBFC_PHYS_s14_T1_ctrl,52,207,58.9,-1.4913382530212402,0.5670928557847305
UBFC_PHYS_s14_T1_ctrl,52,208,58.93333333333333,-1.8977985382080078,0.9397289751011542
UBFC_PHYS_s14_T1_ctrl,52,209,58.96666666666667,-2.086101770401001,1.1580344495024992
UBFC_PHYS_s14_T1_ctrl,52,210,59.0,-1.9973576068878174,1.2002974211455526
UBFC_PHYS_s14_T1_ctrl,52,211,59.03333333333333,-1.4591469764709473,1.079480802143795
UBFC_PHYS_s14_T1_ctrl,52,212,59.06666666666667,-0.7147771716117859,0.8303415231278376
UBFC_PHYS_s14_T1_ctrl,52,213,59.1,-0.12299896031618118,0.49373452330822754
UBFC_PHYS_s14_T1_ctrl,52,214,59.13333333333333,0.23907512426376343,0.1056237632920603
UBFC_PHYS_s14_T1_ctrl,52,215,59.166666666666664,0.3965672254562378,-0.3053290599277169
UBFC_PHYS_s14_T1_ctrl,52,216,59.2,0.32598868012428284,-0.712560056062497
UBFC_PHYS_s14_T1_ctrl,52,217,59.233333333333334,0.13776986300945282,-1.0835909652254705
UBFC_PHYS_s14_T1_ctrl,52,218,59.266666666666666,0.02488926611840725,-1.3754146747989422
UBFC_PHYS_s14_T1_ctrl,52,219,59.3,0.012018399313092232,-1.5380074737550582
UBFC_PHYS_s14_T1_ctrl,52,220,59.333333333333336,0.013820883817970753,-1.5269059485391407
UBFC_PHYS_s14_T1_ctrl,52,221,59.36666666666667,0.058404214680194855,-1.3209715600330345
UBFC_PHYS_s14_T1_ctrl,52,222,59.4,0.23777958750724792,-0.9375797913509765
UBFC_PHYS_s14_T1_ctrl,52,223,59.43333333333333,0.5032517910003662,-0.43681355879819267
UBFC_PHYS_s14_T1_ctrl,52,224,59.46666666666667,0.6519567370414734,0.08997435412143324
UBFC_PHYS_s14_T1_ctrl,52,225,59.5,0.5454130172729492,0.5447393435888057
UBFC_PHYS_s14_T1_ctrl,52,226,59.53333333333333,0.21747347712516785,0.8508753489995985
UBFC_PHYS_s14_T1_ctrl,52,227,59.56666666666667,-0.18898679316043854,0.9729899519457614
UBFC_PHYS_s14_T1_ctrl,52,228,59.6,-0.4657808244228363,0.9210478010068823
UBFC_PHYS_s14_T1_ctrl,52,229,59.63333333333333,-0.3764452040195465,0.7396498625248042
UBFC_PHYS_s14_T1_ctrl,52,230,59.666666666666664,0.11535146087408066,0.4893527088347606
UBFC_PHYS_s14_T1_ctrl,52,231,59.7,0.7732020020484924,0.22854457715233148
UBFC_PHYS_s14_T1_ctrl,52,232,59.733333333333334,1.3224246501922607,0.001790483004283494
UBFC_PHYS_s14_T1_ctrl,52,233,59.766666666666666,1.5968530178070068,-0.16386257128917345
UBFC_PHYS_s14_T1_ctrl,52,234,59.8,1.5396240949630737,-0.2566856912281232
UBFC_PHYS_s14_T1_ctrl,52,235,59.833333333333336,1.2579576969146729,-0.2757112424478876
UBFC_PHYS_s14_T1_ctrl,52,236,59.86666666666667,0.9517606496810913,-0.22683824624528273
UBFC_PHYS_s14_T1_ctrl,52,237,59.9,0.7433764934539795,-0.12089124264280761
UBFC_PHYS_s14_T1_ctrl,52,238,59.93333333333333,0.658716082572937,0.026900098597249934
UBFC_PHYS_s14_T1_ctrl,52,239,59.96666666666667,0.6664611101150513,0.19740285002076016
UBFC_PHYS_s14_T1_ctrl,53,0,53.0,0.2771526277065277,-0.0548526404754934
UBFC_PHYS_s14_T1_ctrl,53,1,53.03333333333333,0.10825417935848236,0.2895930055053516
UBFC_PHYS_s14_T1_ctrl,53,2,53.06666666666667,-0.08472432941198349,0.6196650364318369
UBFC_PHYS_s14_T1_ctrl,53,3,53.1,-0.2473703920841217,0.9174997634486443
UBFC_PHYS_s14_T1_ctrl,53,4,53.13333333333333,-0.3843310475349426,1.1619560314371737
UBFC_PHYS_s14_T1_ctrl,53,5,53.166666666666664,-0.5697335004806519,1.3324199084698225
UBFC_PHYS_s14_T1_ctrl,53,6,53.2,-0.8355154991149902,1.4137027492143888
UBFC_PHYS_s14_T1_ctrl,53,7,53.233333333333334,-1.0373092889785767,1.3986630399323117
UBFC_PHYS_s14_T1_ctrl,53,8,53.266666666666666,-0.9328778386116028,1.2872618567877792
UBFC_PHYS_s14_T1_ctrl,53,9,53.3,-0.47490590810775757,1.083771554878675
UBFC_PHYS_s14_T1_ctrl,53,10,53.333333333333336,0.09535514563322067,0.795456909197283
UBFC_PHYS_s14_T1_ctrl,53,11,53.36666666666667,0.5248534083366394,0.4349730172172484
UBFC_PHYS_s14_T1_ctrl,53,12,53.4,0.7313787341117859,0.025541761934428354
UBFC_PHYS_s14_T1_ctrl,53,13,53.43333333333333,0.7186486721038818,-0.39484905173897544
UBFC_PHYS_s14_T1_ctrl,53,14,53.46666666666667,0.5072228908538818,-0.774236031048917
UBFC_PHYS_s14_T1_ctrl,53,15,53.5,0.20237766206264496,-1.0543233308392779
UBFC_PHYS_s14_T1_ctrl,53,16,53.53333333333333,-0.03433924913406372,-1.1837590965156488
UBFC_PHYS_s14_T1_ctrl,53,17,53.56666666666667,-0.13001175224781036,-1.1331244253937778
UBFC_PHYS_s14_T1_ctrl,53,18,53.6,-0.11176159232854843,-0.9063403474146349
UBFC_PHYS_s14_T1_ctrl,53,19,53.63333333333333,-0.05979934334754944,-0.5436635277911415
UBFC_PHYS_s14_T1_ctrl,53,20,53.666666666666664,-0.0643337219953537,-0.11385722367818005
UBFC_PHYS_s14_T1_ctrl,53,21,53.7,-0.14403733611106873,0.30276623065014996
UBFC_PHYS_s14_T1_ctrl,53,22,53.733333333333334,-0.26491644978523254,0.6343581947482348
UBFC_PHYS_s14_T1_ctrl,53,23,53.766666666666666,-0.4447143077850342,0.8328476629851504
UBFC_PHYS_s14_T1_ctrl,53,24,53.8,-0.666532576084137,0.8795390267192867
UBFC_PHYS_s14_T1_ctrl,53,25,53.833333333333336,-0.7806805372238159,0.7811822810635252
UBFC_PHYS_s14_T1_ctrl,53,26,53.86666666666667,-0.6607589721679688,0.560998942474926
UBFC_PHYS_s14_T1_ctrl,53,27,53.9,-0.32417312264442444,0.25043409741872197
UBFC_PHYS_s14_T1_ctrl,53,28,53.93333333333333,0.09439757466316223,-0.11458577727060591
UBFC_PHYS_s14_T1_ctrl,53,29,53.96666666666667,0.41140955686569214,-0.49292074035763495
UBFC_PHYS_s14_T1_ctrl,53,30,54.0,0.5044346451759338,-0.8364282650177646
UBFC_PHYS_s14_T1_ctrl,53,31,54.03333333333333,0.38583680987358093,-1.0916123879734243
UBFC_PHYS_s14_T1_ctrl,53,32,54.06666666666667,0.1444728523492813,-1.207360523805558
UBFC_PHYS_s14_T1_ctrl,53,33,54.1,-0.11057871580123901,-1.147778691541047
UBFC_PHYS_s14_T1_ctrl,53,34,54.13333333333333,-0.2418784499168396,-0.9056800828373597
UBFC_PHYS_s14_T1_ctrl,53,35,54.166666666666664,-0.20599773526191711,-0.5106716686353259
UBFC_PHYS_s14_T1_ctrl,53,36,54.2,-0.09097669273614883,-0.026928381091189522
UBFC_PHYS_s14_T1_ctrl,53,37,54.233333333333334,0.01883404515683651,0.4604531658470507
UBFC_PHYS_s14_T1_ctrl,53,38,54.266666666666666,0.08470921963453293,0.8665526270992384
UBFC_PHYS_s14_T1_ctrl,53,39,54.3,0.049701593816280365,1.1274177000991714
UBFC_PHYS_s14_T1_ctrl,53,40,54.333333333333336,-0.1341799944639206,1.2125933490759424
UBFC_PHYS_s14_T1_ctrl,53,41,54.36666666666667,-0.4122413992881775,1.1254130332717722
UBFC_PHYS_s14_T1_ctrl,53,42,54.4,-0.6031639575958252,0.893416417014909
UBFC_PHYS_s14_T1_ctrl,53,43,54.43333333333333,-0.5311490893363953,0.5558385929497636
UBFC_PHYS_s14_T1_ctrl,53,44,54.46666666666667,-0.19639387726783752,0.1548885861473285
UBFC_PHYS_s14_T1_ctrl,53,45,54.5,0.21209418773651123,-0.2664878212347937
UBFC_PHYS_s14_T1_ctrl,53,46,54.53333333333333,0.4506417512893677,-0.6623747466916121
UBFC_PHYS_s14_T1_ctrl,53,47,54.56666666666667,0.4211542308330536,-0.9820379386916946
UBFC_PHYS_s14_T1_ctrl,53,48,54.6,0.20296910405158997,-1.1730731400546375
UBFC_PHYS_s14_T1_ctrl,53,49,54.63333333333333,-0.04692848026752472,-1.1912184513833155
UBFC_PHYS_s14_T1_ctrl,53,50,54.666666666666664,-0.20346300303936005,-1.0143947896476073
UBFC_PHYS_s14_T1_ctrl,53,51,54.7,-0.2495671808719635,-0.6552075926833756
UBFC_PHYS_s14_T1_ctrl,53,52,54.733333333333334,-0.2610861659049988,-0.16529921721073515
UBFC_PHYS_s14_T1_ctrl,53,53,54.766666666666666,-0.266437292098999,0.37250174384532375
UBFC_PHYS_s14_T1_ctrl,53,54,54.8,-0.24289235472679138,0.863023641618931
UBFC_PHYS_s14_T1_ctrl,53,55,54.833333333333336,-0.2630294859409332,1.2220380101086594
UBFC_PHYS_s14_T1_ctrl,53,56,54.86666666666667,-0.4228028357028961,1.3950711794206616
UBFC_PHYS_s14_T1_ctrl,53,57,54.9,-0.684698224067688,1.3651362391906108
UBFC_PHYS_s14_T1_ctrl,53,58,54.93333333333333,-0.9007992148399353,1.148770648235664
UBFC_PHYS_s14_T1_ctrl,53,59,54.96666666666667,-0.8901814818382263,0.7852490911771642
UBFC_PHYS_s14_T1_ctrl,53,60,55.0,-0.5631150007247925,0.32525662324417015
UBFC_PHYS_s14_T1_ctrl,53,61,55.03333333333333,-0.07140284031629562,-0.1767695403943892
UBFC_PHYS_s14_T1_ctrl,53,62,55.06666666666667,0.3144133388996124,-0.665589432082171
UBFC_PHYS_s14_T1_ctrl,53,63,55.1,0.47773534059524536,-1.0852900624242532
UBFC_PHYS_s14_T1_ctrl,53,64,55.13333333333333,0.43619370460510254,-1.3803738445309746
UBFC_PHYS_s14_T1_ctrl,53,65,55.166666666666664,0.2709565758705139,-1.5013574644540615
UBFC_PHYS_s14_T1_ctrl,53,66,55.2,0.10453655570745468,-1.4157135248306836
UBFC_PHYS_s14_T1_ctrl,53,67,55.233333333333334,0.0018512601964175701,-1.120932230053396
UBFC_PHYS_s14_T1_ctrl,53,68,55.266666666666666,-0.0818234533071518,-0.6532874892266544
UBFC_PHYS_s14_T1_ctrl,53,69,55.3,-0.1948167085647583,-0.08589299176394899
UBFC_PHYS_s14_T1_ctrl,53,70,55.333333333333336,-0.3094998002052307,0.48623628220548915
UBFC_PHYS_s14_T1_ctrl,53,71,55.36666666666667,-0.4122132360935211,0.9697555779846512
UBFC_PHYS_s14_T1_ctrl,53,72,55.4,-0.5647203326225281,1.2953730085422743
UBFC_PHYS_s14_T1_ctrl,53,73,55.43333333333333,-0.80898517370224,1.4294401329582258
UBFC_PHYS_s14_T1_ctrl,53,74,55.46666666666667,-1.0415902137756348,1.3719934679690187
UBFC_PHYS_s14_T1_ctrl,53,75,55.5,-1.049363374710083,1.146276434944138
UBFC_PHYS_s14_T1_ctrl,53,76,55.53333333333333,-0.7048353552818298,0.7874822557570512
UBFC_PHYS_s14_T1_ctrl,53,77,55.56666666666667,-0.16789209842681885,0.33611801689780424
UBFC_PHYS_s14_T1_ctrl,53,78,55.6,0.2859397232532501,-0.16282422142889066
UBFC_PHYS_s14_T1_ctrl,53,79,55.63333333333333,0.5007451772689819,-0.6574649323786383
UBFC_PHYS_s14_T1_ctrl,53,80,55.666666666666664,0.4750034511089325,-1.0879603070945985
UBFC_PHYS_s14_T1_ctrl,53,81,55.7,0.27850449085235596,-1.3908405068665446
UBFC_PHYS_s14_T1_ctrl,53,82,55.733333333333334,0.019509976729750633,-1.5101347895738375
UBFC_PHYS_s14_T1_ctrl,53,83,55.766666666666666,-0.1910145878791809,-1.4127751763256824
UBFC_PHYS_s14_T1_ctrl,53,84,55.8,-0.3218073844909668,-1.1024062649974957
UBFC_PHYS_s14_T1_ctrl,53,85,55.833333333333336,-0.4006097614765167,-0.6246634606236044
UBFC_PHYS_s14_T1_ctrl,53,86,55.86666666666667,-0.4492205083370209,-0.059367410274498544
UBFC_PHYS_s14_T1_ctrl,53,87,55.9,-0.5058298110961914,0.49922552621598637
UBFC_PHYS_s14_T1_ctrl,53,88,55.93333333333333,-0.6248782873153687,0.9663973852841186
UBFC_PHYS_s14_T1_ctrl,53,89,55.96666666666667,-0.8211237788200378,1.2848076713724752
UBFC_PHYS_s14_T1_ctrl,53,90,56.0,-1.049363374710083,1.4298349902069087
UBFC_PHYS_s14_T1_ctrl,53,91,56.03333333333333,-1.1775087118148804,1.4034108171844517
UBFC_PHYS_s14_T1_ctrl,53,92,56.06666666666667,-1.0345209836959839,1.2227731489894087
UBFC_PHYS_s14_T1_ctrl,53,93,56.1,-0.5930249691009521,0.9115074975171523
UBFC_PHYS_s14_T1_ctrl,53,94,56.13333333333333,-0.06427739560604095,0.4970507608841833
UBFC_PHYS_s14_T1_ctrl,53,95,56.166666666666664,0.28729158639907837,0.014022279899640005
UBFC_PHYS_s14_T1_ctrl,53,96,56.2,0.36772745847702026,-0.4908248187302654
UBFC_PHYS_s14_T1_ctrl,53,97,56.233333333333334,0.25374847650527954,-0.9571598913278009
UBFC_PHYS_s14_T1_ctrl,53,98,56.266666666666666,0.05122243985533714,-1.3165792949316202
UBFC_PHYS_s14_T1_ctrl,53,99,56.3,-0.12122464179992676,-1.5052221919696314
UBFC_PHYS_s14_T1_ctrl,53,100,56.333333333333336,-0.1723419725894928,-1.4802257436776647
UBFC_PHYS_s14_T1_ctrl,53,101,56.36666666666667,-0.1528526097536087,-1.2343996671495205
UBFC_PHYS_s14_T1_ctrl,53,102,56.4,-0.1795237511396408,-0.8031065597649487
UBFC_PHYS_s14_T1_ctrl,53,103,56.43333333333333,-0.2535664439201355,-0.25926901175656436
UBFC_PHYS_s14_T1_ctrl,53,104,56.46666666666667,-0.3532663583755493,0.30355478148514153
UBFC_PHYS_s14_T1_ctrl,53,105,56.5,-0.5770561099052429,0.7949002575655456
UBFC_PHYS_s14_T1_ctrl,53,106,56.53333333333333,-0.973039448261261,1.1486862105416282
UBFC_PHYS_s14_T1_ctrl,53,107,56.56666666666667,-1.3161873817443848,1.3333654234098513
UBFC_PHYS_s14_T1_ctrl,53,108,56.6,-1.3051190376281738,1.3485071035451364
UBFC_PHYS_s14_T1_ctrl,53,109,56.63333333333333,-0.8770571351051331,1.2128296224481578
UBFC_PHYS_s14_T1_ctrl,53,110,56.666666666666664,-0.25401705503463745,0.9519703570181604
UBFC_PHYS_s14_T1_ctrl,53,111,56.7,0.308667927980423,0.5923010597737121
UBFC_PHYS_s14_T1_ctrl,53,112,56.733333333333334,0.6780645847320557,0.1621077477905348
UBFC_PHYS_s14_T1_ctrl,53,113,56.766666666666666,0.7762155532836914,-0.303167337810059
UBFC_PHYS_s14_T1_ctrl,53,114,56.8,0.607936680316925,-0.7567086858048097
UBFC_PHYS_s14_T1_ctrl,53,115,56.833333333333336,0.3377048373222351,-1.141213132924928
UBFC_PHYS_s14_T1_ctrl,53,116,56.86666666666667,0.14996479451656342,-1.3964819710437382
UBFC_PHYS_s14_T1_ctrl,53,117,56.9,0.06600844860076904,-1.4724013588979148
UBFC_PHYS_s14_T1_ctrl,53,118,56.93333333333333,0.001823096303269267,-1.3434213612009467
UBFC_PHYS_s14_T1_ctrl,53,119,56.96666666666667,-0.05954587087035179,-1.019264829747868
UBFC_PHYS_s14_T1_ctrl,53,120,57.0,-0.1001017764210701,-0.5470853647597208
UBFC_PHYS_s14_T1_ctrl,53,121,57.03333333333333,-0.20137888193130493,-0.0028916445433077847
UBFC_PHYS_s14_T1_ctrl,53,122,57.06666666666667,-0.4668792188167572,0.5258570718302359
UBFC_PHYS_s14_T1_ctrl,53,123,57.1,-0.885280966758728,0.9607002957783858
UBFC_PHYS_s14_T1_ctrl,53,124,57.13333333333333,-1.277603030204773,1.2482512583093346
UBFC_PHYS_s14_T1_ctrl,53,125,57.166666666666664,-1.345505952835083,1.3665093178794823
UBFC_PHYS_s14_T1_ctrl,53,126,57.2,-0.9229641556739807,1.3210909170660983
UBFC_PHYS_s14_T1_ctrl,53,127,57.233333333333334,-0.19580243527889252,1.1357229127002944
UBFC_PHYS_s14_T1_ctrl,53,128,57.266666666666666,0.4913666546344757,0.8425305040397054
UBFC_PHYS_s14_T1_ctrl,53,129,57.3,0.963307797908783,0.475706466202804
UBFC_PHYS_s14_T1_ctrl,53,130,57.333333333333336,1.2089526653289795,0.06923943680155838
UBFC_PHYS_s14_T1_ctrl,53,131,57.36666666666667,1.2234852313995361,-0.3426931444948608
UBFC_PHYS_s14_T1_ctrl,53,132,57.4,1.0730621814727783,-0.7246018205348658
UBFC_PHYS_s14_T1_ctrl,53,133,57.43333333333333,0.9290887713432312,-1.0394138699353332
UBFC_PHYS_s14_T1_ctrl,53,134,57.46666666666667,0.880731463432312,-1.2502415964647884
UBFC_PHYS_s14_T1_ctrl,53,135,57.5,0.8284594416618347,-1.3248617811850603
UBFC_PHYS_s14_T1_ctrl,53,136,57.53333333333333,0.6626871824264526,-1.2425732268580492
UBFC_PHYS_s14_T1_ctrl,53,137,57.56666666666667,0.4479943513870239,-1.0017586150454758
UBFC_PHYS_s14_T1_ctrl,53,138,57.6,0.2677740752696991,-0.6253513939778488
UBFC_PHYS_s14_T1_ctrl,53,139,57.63333333333333,0.053447380661964417,-0.16114649000796671
UBFC_PHYS_s14_T1_ctrl,53,140,57.666666666666664,-0.29907917976379395,0.32497249682015356
UBFC_PHYS_s14_T1_ctrl,53,141,57.7,-0.772062361240387,0.7621254041698383
UBFC_PHYS_s14_T1_ctrl,53,142,57.733333333333334,-1.2237255573272705,1.0897825220668567
UBFC_PHYS_s14_T1_ctrl,53,143,57.766666666666666,-1.377500057220459,1.2697730586600369
UBFC_PHYS_s14_T1_ctrl,53,144,57.8,-0.9840514659881592,1.2910791335025809
UBFC_PHYS_s14_T1_ctrl,53,145,57.833333333333336,-0.19980169832706451,1.1670153218397377
UBFC_PHYS_s14_T1_ctrl,53,146,57.86666666666667,0.5306551456451416,0.9272228503139158
UBFC_PHYS_s14_T1_ctrl,53,147,57.9,0.9330598711967468,0.6080989214710026
UBFC_PHYS_s14_T1_ctrl,53,148,57.93333333333333,1.0068209171295166,0.24497548721651421
UBFC_PHYS_s14_T1_ctrl,53,149,57.96666666666667,0.852398693561554,-0.13187448160371926
UBFC_PHYS_s14_T1_ctrl,53,150,58.0,0.6294820308685303,-0.49690319571435265
UBFC_PHYS_s14_T1_ctrl,53,151,58.03333333333333,0.5074481964111328,-0.8257424372816523
UBFC_PHYS_s14_T1_ctrl,53,152,58.06666666666667,0.5142074823379517,-1.0909582438977088
UBFC_PHYS_s14_T1_ctrl,53,153,58.1,0.5533552169799805,-1.2603149671518068
UBFC_PHYS_s14_T1_ctrl,53,154,58.13333333333333,0.5278387665748596,-1.3002223308293894
UBFC_PHYS_s14_T1_ctrl,53,155,58.166666666666664,0.4144512414932251,-1.1849656734452818
UBFC_PHYS_s14_T1_ctrl,53,156,58.2,0.21555833518505096,-0.9091112895045182
UBFC_PHYS_s14_T1_ctrl,53,157,58.233333333333334,-0.09275101870298386,-0.4975225174136793
UBFC_PHYS_s14_T1_ctrl,53,158,58.266666666666666,-0.4891568124294281,-0.006643665390422047
UBFC_PHYS_s14_T1_ctrl,53,159,58.3,-0.9090230464935303,0.4861970779471728
UBFC_PHYS_s14_T1_ctrl,53,160,58.333333333333336,-1.3312832117080688,0.9024057221567334
UBFC_PHYS_s14_T1_ctrl,53,161,58.36666666666667,-1.61593496799469,1.1823907359801757
UBFC_PHYS_s14_T1_ctrl,53,162,58.4,-1.424167513847351,1.2980197947365604
UBFC_PHYS_s14_T1_ctrl,53,163,58.43333333333333,-0.6323134899139404,1.2531948463721594
UBFC_PHYS_s14_T1_ctrl,53,164,58.46666666666667,0.3782888948917389,1.0743497392961163
UBFC_PHYS_s14_T1_ctrl,53,165,58.5,1.135585904121399,0.7968653947931923
UBFC_PHYS_s14_T1_ctrl,53,166,58.53333333333333,1.52103590965271,0.4540687381745609
UBFC_PHYS_s14_T1_ctrl,53,167,58.56666666666667,1.6569263935089111,0.0730008419395547
UBFC_PHYS_s14_T1_ctrl,53,168,58.6,1.606203317642212,-0.32275392629488037
UBFC_PHYS_s14_T1_ctrl,53,169,58.63333333333333,1.4402903318405151,-0.7062849565762692
UBFC_PHYS_s14_T1_ctrl,53,170,58.666666666666664,1.292739987373352,-1.0413492799709483
UBFC_PHYS_s14_T1_ctrl,53,171,58.7,1.2542119026184082,-1.2815777713437833
UBFC_PHYS_s14_T1_ctrl,53,172,58.733333333333334,1.308680772781372,-1.3774750487348228
UBFC_PHYS_s14_T1_ctrl,53,173,58.766666666666666,1.3332678079605103,-1.290559707491492
UBFC_PHYS_s14_T1_ctrl,53,174,58.8,1.0596280097961426,-1.0100696106402764
UBFC_PHYS_s14_T1_ctrl,53,175,58.833333333333336,0.29968366026878357,-0.5648319618172639
UBFC_PHYS_s14_T1_ctrl,53,176,58.86666666666667,-0.7102428078651428,-0.023176082143261223
UBFC_PHYS_s14_T1_ctrl,53,177,58.9,-1.4913382530212402,0.5217454592326546
UBFC_PHYS_s14_T1_ctrl,53,178,58.93333333333333,-1.8977985382080078,0.9765536609754129
UBFC_PHYS_s14_T1_ctrl,53,179,58.96666666666667,-2.086101770401001,1.2719794148430934
UBFC_PHYS_s14_T1_ctrl,53,180,59.0,-1.9973576068878174,1.3770204814272535
UBFC_PHYS_s14_T1_ctrl,53,181,59.03333333333333,-1.4591469764709473,1.298566989350769
UBFC_PHYS_s14_T1_ctrl,53,182,59.06666666666667,-0.7147771716117859,1.0694720613265654
UBFC_PHYS_s14_T1_ctrl,53,183,59.1,-0.12299896031618118,0.7328735247174522
UBFC_PHYS_s14_T1_ctrl,53,184,59.13333333333333,0.23907512426376343,0.330473511736877
UBFC_PHYS_s14_T1_ctrl,53,185,59.166666666666664,0.3965672254562378,-0.10129534039452322
UBFC_PHYS_s14_T1_ctrl,53,186,59.2,0.32598868012428284,-0.5279164607473009
UBFC_PHYS_s14_T1_ctrl,53,187,59.233333333333334,0.13776986300945282,-0.910539339536352
UBFC_PHYS_s14_T1_ctrl,53,188,59.266666666666666,0.02488926611840725,-1.2026153378204487
UBFC_PHYS_s14_T1_ctrl,53,189,59.3,0.012018399313092232,-1.3539083014179447
UBFC_PHYS_s14_T1_ctrl,53,190,59.333333333333336,0.013820883817970753,-1.3225776180051931
UBFC_PHYS_s14_T1_ctrl,53,191,59.36666666666667,0.058404214680194855,-1.0913932000240545
UBFC_PHYS_s14_T1_ctrl,53,192,59.4,0.23777958750724792,-0.6808581628081335
UBFC_PHYS_s14_T1_ctrl,53,193,59.43333333333333,0.5032517910003662,-0.15181986269050154
UBFC_PHYS_s14_T1_ctrl,53,194,59.46666666666667,0.6519567370414734,0.4062528789362107
UBFC_PHYS_s14_T1_ctrl,53,195,59.5,0.5454130172729492,0.89845560417188
UBFC_PHYS_s14_T1_ctrl,53,196,59.53333333333333,0.21747347712516785,1.2494420824828159
UBFC_PHYS_s14_T1_ctrl,53,197,59.56666666666667,-0.18898679316043854,1.4190274337082132
UBFC_PHYS_s14_T1_ctrl,53,198,59.6,-0.4657808244228363,1.4032111994357703
UBFC_PHYS_s14_T1_ctrl,53,199,59.63333333333333,-0.3764452040195465,1.2239542508634045
UBFC_PHYS_s14_T1_ctrl,53,200,59.666666666666664,0.11535146087408066,0.9156445550699104
UBFC_PHYS_s14_T1_ctrl,53,201,59.7,0.7732020020484924,0.5154442619975497
UBFC_PHYS_s14_T1_ctrl,53,202,59.733333333333334,1.3224246501922607,0.06067126329740394
UBFC_PHYS_s14_T1_ctrl,53,203,59.766666666666666,1.5968530178070068,-0.4082507864513157
UBFC_PHYS_s14_T1_ctrl,53,204,59.8,1.5396240949630737,-0.8437222301348523
UBFC_PHYS_s14_T1_ctrl,53,205,59.833333333333336,1.2579576969146729,-1.19068332317507
UBFC_PHYS_s14_T1_ctrl,53,206,59.86666666666667,0.9517606496810913,-1.3931663272757682
UBFC_PHYS_s14_T1_ctrl,53,207,59.9,0.7433764934539795,-1.4073334088991492
UBFC_PHYS_s14_T1_ctrl,53,208,59.93333333333333,0.658716082572937,-1.2169239967559786
UBFC_PHYS_s14_T1_ctrl,53,209,59.96666666666667,0.6664611101150513,-0.8444704132868668
UBFC_PHYS_s14_T1_ctrl,53,210,60.0,0.6628561615943909,-0.351733816725396
UBFC_PHYS_s14_T1_ctrl,53,211,60.03333333333333,0.5674371123313904,0.1733329523639696
UBFC_PHYS_s14_T1_ctrl,53,212,60.06666666666667,0.42796987295150757,0.6391753122506602
UBFC_PHYS_s14_T1_ctrl,53,213,60.1,0.2501153349876404,0.9736072800534563
UBFC_PHYS_s14_T1_ctrl,53,214,60.13333333333333,-0.06030629575252533,1.137870083792862
UBFC_PHYS_s14_T1_ctrl,53,215,60.166666666666664,-0.4401799142360687,1.1274763071008875
UBFC_PHYS_s14_T1_ctrl,53,216,60.2,-0.520193338394165,0.9625514919546595
UBFC_PHYS_s14_T1_ctrl,53,217,60.233333333333334,0.027621157467365265,0.6750642109710223
UBFC_PHYS_s14_T1_ctrl,53,218,60.266666666666666,1.0475739240646362,0.2999672651829271
UBFC_PHYS_s14_T1_ctrl,53,219,60.3,1.8149818181991577,-0.12690323825220715
UBFC_PHYS_s14_T1_ctrl,53,220,60.333333333333336,1.5431164503097534,-0.5660624374764512
UBFC_PHYS_s14_T1_ctrl,53,221,60.36666666666667,0.20857371389865875,-0.9712714565410981
UBFC_PHYS_s14_T1_ctrl,53,222,60.4,-1.2215570211410522,-1.2901817485976264
UBFC_PHYS_s14_T1_ctrl,53,223,60.43333333333333,-1.8298392295837402,-1.470477821949599
UBFC_PHYS_s14_T1_ctrl,53,224,60.46666666666667,-1.6482107639312744,-1.4707364242296628
UBFC_PHYS_s14_T1_ctrl,53,225,60.5,-1.1942662000656128,-1.2730883923655556
UBFC_PHYS_s14_T1_ctrl,53,226,60.53333333333333,-0.798170268535614,-0.8931939217218361
UBFC_PHYS_s14_T1_ctrl,53,227,60.56666666666667,-0.5920110940933228,-0.3826240895962613
UBFC_PHYS_s14_T1_ctrl,53,228,60.6,-0.5826325416564941,0.17967112302665744
UBFC_PHYS_s14_T1_ctrl,53,229,60.63333333333333,-0.6700530052185059,0.7059097339955301
UBFC_PHYS_s14_T1_ctrl,53,230,60.666666666666664,-0.8340509533882141,1.121624889489107
UBFC_PHYS_s14_T1_ctrl,53,231,60.7,-1.1488943099975586,1.3824586135614563
UBFC_PHYS_s14_T1_ctrl,53,232,60.733333333333334,-1.5033642053604126,1.4797838834369508
UBFC_PHYS_s14_T1_ctrl,53,233,60.766666666666666,-1.5150803327560425,1.4352427995292318
UBFC_PHYS_s14_T1_ctrl,53,234,60.8,-0.9543949961662292,1.288497399768961
UBFC_PHYS_s14_T1_ctrl,53,235,60.833333333333336,-0.09742621332406998,1.0835191281268928
UBFC_PHYS_s14_T1_ctrl,53,236,60.86666666666667,0.6175124049186707,0.8574130285734801
UBFC_PHYS_s14_T1_ctrl,53,237,60.9,1.0133267641067505,0.6336478432171849
UBFC_PHYS_s14_T1_ctrl,53,238,60.93333333333333,1.1648480892181396,0.42000130248759887
UBFC_PHYS_s14_T1_ctrl,53,239,60.96666666666667,1.1700866222381592,0.21094328756592948
UBFC_PHYS_s14_T1_ctrl,54,0,54.0,0.5044346451759338,0.061720641769034155
UBFC_PHYS_s14_T1_ctrl,54,1,54.03333333333333,0.38583680987358093,-0.06378447457672612
UBFC_PHYS_s14_T1_ctrl,54,2,54.06666666666667,0.1444728523492813,-0.1487984327626929
UBFC_PHYS_s14_T1_ctrl,54,3,54.1,-0.11057871580123901,-0.1612650743334714
UBFC_PHYS_s14_T1_ctrl,54,4,54.13333333333333,-0.2418784499168396,-0.09042559887695963
UBFC_PHYS_s14_T1_ctrl,54,5,54.166666666666664,-0.20599773526191711,0.05116544857127499
UBFC_PHYS_s14_T1_ctrl,54,6,54.2,-0.09097669273614883,0.23294453181103236
UBFC_PHYS_s14_T1_ctrl,54,7,54.233333333333334,0.01883404515683651,0.4165110338369676
UBFC_PHYS_s14_T1_ctrl,54,8,54.266666666666666,0.08470921963453293,0.5662619570169307
UBFC_PHYS_s14_T1_ctrl,54,9,54.3,0.049701593816280365,0.6563366779974562
UBFC_PHYS_s14_T1_ctrl,54,10,54.333333333333336,-0.1341799944639206,0.672161025713966
UBFC_PHYS_s14_T1_ctrl,54,11,54.36666666666667,-0.4122413992881775,0.6080769033172833
UBFC_PHYS_s14_T1_ctrl,54,12,54.4,-0.6031639575958252,0.46459026533192754
UBFC_PHYS_s14_T1_ctrl,54,13,54.43333333333333,-0.5311490893363953,0.24840337681421087
UBFC_PHYS_s14_T1_ctrl,54,14,54.46666666666667,-0.19639387726783752,-0.02424599296666384
UBFC_PHYS_s14_T1_ctrl,54,15,54.5,0.21209418773651123,-0.3235191659594154
UBFC_PHYS_s14_T1_ctrl,54,16,54.53333333333333,0.4506417512893677,-0.6052348865671087
UBFC_PHYS_s14_T1_ctrl,54,17,54.56666666666667,0.4211542308330536,-0.8164632989813243
UBFC_PHYS_s14_T1_ctrl,54,18,54.6,0.20296910405158997,-0.9074560772356614
UBFC_PHYS_s14_T1_ctrl,54,19,54.63333333333333,-0.04692848026752472,-0.8465848364126496
UBFC_PHYS_s14_T1_ctrl,54,20,54.666666666666664,-0.20346300303936005,-0.6329570581970445
UBFC_PHYS_s14_T1_ctrl,54,21,54.7,-0.2495671808719635,-0.3012311842719697
UBFC_PHYS_s14_T1_ctrl,54,22,54.733333333333334,-0.2610861659049988,0.08498200651785251
UBFC_PHYS_s14_T1_ctrl,54,23,54.766666666666666,-0.266437292098999,0.4503603636485709
UBFC_PHYS_s14_T1_ctrl,54,24,54.8,-0.24289235472679138,0.7292511643403531
UBFC_PHYS_s14_T1_ctrl,54,25,54.833333333333336,-0.2630294859409332,0.8818729010722659
UBFC_PHYS_s14_T1_ctrl,54,26,54.86666666666667,-0.4228028357028961,0.8990621425572763
UBFC_PHYS_s14_T1_ctrl,54,27,54.9,-0.684698224067688,0.7957778666385192
UBFC_PHYS_s14_T1_ctrl,54,28,54.93333333333333,-0.9007992148399353,0.5989450574584273
UBFC_PHYS_s14_T1_ctrl,54,29,54.96666666666667,-0.8901814818382263,0.3367168801389908
UBFC_PHYS_s14_T1_ctrl,54,30,55.0,-0.5631150007247925,0.03372805449106457
UBFC_PHYS_s14_T1_ctrl,54,31,55.03333333333333,-0.07140284031629562,-0.2872672933595447
UBFC_PHYS_s14_T1_ctrl,54,32,55.06666666666667,0.3144133388996124,-0.6001857799693012
UBFC_PHYS_s14_T1_ctrl,54,33,55.1,0.47773534059524536,-0.8710386867485223
UBFC_PHYS_s14_T1_ctrl,54,34,55.13333333333333,0.43619370460510254,-1.0579534514760938
UBFC_PHYS_s14_T1_ctrl,54,35,55.166666666666664,0.2709565758705139,-1.1179408262816886
UBFC_PHYS_s14_T1_ctrl,54,36,55.2,0.10453655570745468,-1.019486561822272
UBFC_PHYS_s14_T1_ctrl,54,37,55.233333333333334,0.0018512601964175701,-0.7567182714727181
UBFC_PHYS_s14_T1_ctrl,54,38,55.266666666666666,-0.0818234533071518,-0.35877908884555687
UBFC_PHYS_s14_T1_ctrl,54,39,55.3,-0.1948167085647583,0.11135976786972804
UBFC_PHYS_s14_T1_ctrl,54,40,55.333333333333336,-0.3094998002052307,0.570541293965211
UBFC_PHYS_s14_T1_ctrl,54,41,55.36666666666667,-0.4122132360935211,0.9374699918538144
UBFC_PHYS_s14_T1_ctrl,54,42,55.4,-0.5647203326225281,1.154069172172527
UBFC_PHYS_s14_T1_ctrl,54,43,55.43333333333333,-0.80898517370224,1.1969296658419635
UBFC_PHYS_s14_T1_ctrl,54,44,55.46666666666667,-1.0415902137756348,1.075562773045604
UBFC_PHYS_s14_T1_ctrl,54,45,55.5,-1.049363374710083,0.8214365329859038
UBFC_PHYS_s14_T1_ctrl,54,46,55.53333333333333,-0.7048353552818298,0.47504612017641384
UBFC_PHYS_s14_T1_ctrl,54,47,55.56666666666667,-0.16789209842681885,0.07702022892258951
UBFC_PHYS_s14_T1_ctrl,54,48,55.6,0.2859397232532501,-0.3342780511022763
UBFC_PHYS_s14_T1_ctrl,54,49,55.63333333333333,0.5007451772689819,-0.7200680339133566
UBFC_PHYS_s14_T1_ctrl,54,50,55.666666666666664,0.4750034511089325,-1.0375357488088874
UBFC_PHYS_s14_T1_ctrl,54,51,55.7,0.27850449085235596,-1.2400191632805158
UBFC_PHYS_s14_T1_ctrl,54,52,55.733333333333334,0.019509976729750633,-1.2838846235842034
UBFC_PHYS_s14_T1_ctrl,54,53,55.766666666666666,-0.1910145878791809,-1.1413423491035004
UBFC_PHYS_s14_T1_ctrl,54,54,55.8,-0.3218073844909668,-0.8144721933446323
UBFC_PHYS_s14_T1_ctrl,54,55,55.833333333333336,-0.4006097614765167,-0.3434134133296133
UBFC_PHYS_s14_T1_ctrl,54,56,55.86666666666667,-0.4492205083370209,0.1972793408341357
UBFC_PHYS_s14_T1_ctrl,54,57,55.9,-0.5058298110961914,0.7151338805362982
UBFC_PHYS_s14_T1_ctrl,54,58,55.93333333333333,-0.6248782873153687,1.1232038176744268
UBFC_PHYS_s14_T1_ctrl,54,59,55.96666666666667,-0.8211237788200378,1.3606727164082641
UBFC_PHYS_s14_T1_ctrl,54,60,56.0,-1.049363374710083,1.4032190966136173
UBFC_PHYS_s14_T1_ctrl,54,61,56.03333333333333,-1.1775087118148804,1.2615915749611761
UBFC_PHYS_s14_T1_ctrl,54,62,56.06666666666667,-1.0345209836959839,0.9716102684498907
UBFC_PHYS_s14_T1_ctrl,54,63,56.1,-0.5930249691009521,0.5809864246211506
UBFC_PHYS_s14_T1_ctrl,54,64,56.13333333333333,-0.06427739560604095,0.13829686226809956
UBFC_PHYS_s14_T1_ctrl,54,65,56.166666666666664,0.28729158639907837,-0.3124889377216391
UBFC_PHYS_s14_T1_ctrl,54,66,56.2,0.36772745847702026,-0.7316855268860724
UBFC_PHYS_s14_T1_ctrl,54,67,56.233333333333334,0.25374847650527954,-1.080528523091049
UBFC_PHYS_s14_T1_ctrl,54,68,56.266666666666666,0.05122243985533714,-1.3190193398743928
UBFC_PHYS_s14_T1_ctrl,54,69,56.3,-0.12122464179992676,-1.4085871336996043
UBFC_PHYS_s14_T1_ctrl,54,70,56.333333333333336,-0.1723419725894928,-1.3206311719676287
UBFC_PHYS_s14_T1_ctrl,54,71,56.36666666666667,-0.1528526097536087,-1.0485066824905478
UBFC_PHYS_s14_T1_ctrl,54,72,56.4,-0.1795237511396408,-0.6175657219944222
UBFC_PHYS_s14_T1_ctrl,54,73,56.43333333333333,-0.2535664439201355,-0.08713610064340269
UBFC_PHYS_s14_T1_ctrl,54,74,56.46666666666667,-0.3532663583755493,0.4591738799641911
UBFC_PHYS_s14_T1_ctrl,54,75,56.5,-0.5770561099052429,0.9331117185825645
UBFC_PHYS_s14_T1_ctrl,54,76,56.53333333333333,-0.973039448261261,1.2638507823353569
UBFC_PHYS_s14_T1_ctrl,54,77,56.56666666666667,-1.3161873817443848,1.4130693391554943
UBFC_PHYS_s14_T1_ctrl,54,78,56.6,-1.3051190376281738,1.3776967964528208
UBFC_PHYS_s14_T1_ctrl,54,79,56.63333333333333,-0.8770571351051331,1.1817579665883908
UBFC_PHYS_s14_T1_ctrl,54,80,56.666666666666664,-0.25401705503463745,0.8633692980733976
UBFC_PHYS_s14_T1_ctrl,54,81,56.7,0.308667927980423,0.46348094042365157
UBFC_PHYS_s14_T1_ctrl,54,82,56.733333333333334,0.6780645847320557,0.02022288754087811
UBFC_PHYS_s14_T1_ctrl,54,83,56.766666666666666,0.7762155532836914,-0.4309182509158777
UBFC_PHYS_s14_T1_ctrl,54,84,56.8,0.607936680316925,-0.8533355625994461
UBFC_PHYS_s14_T1_ctrl,54,85,56.833333333333336,0.3377048373222351,-1.2053800709879128
UBFC_PHYS_s14_T1_ctrl,54,86,56.86666666666667,0.14996479451656342,-1.4400570288319605
UBFC_PHYS_s14_T1_ctrl,54,87,56.9,0.06600844860076904,-1.5111195092114709
UBFC_PHYS_s14_T1_ctrl,54,88,56.93333333333333,0.001823096303269267,-1.3855580455154193
UBFC_PHYS_s14_T1_ctrl,54,89,56.96666666666667,-0.05954587087035179,-1.0586873003605046
UBFC_PHYS_s14_T1_ctrl,54,90,57.0,-0.1001017764210701,-0.5649888066412382
UBFC_PHYS_s14_T1_ctrl,54,91,57.03333333333333,-0.20137888193130493,0.022267332303744808
UBFC_PHYS_s14_T1_ctrl,54,92,57.06666666666667,-0.4668792188167572,0.6056929278379958
UBFC_PHYS_s14_T1_ctrl,54,93,57.1,-0.885280966758728,1.0889293649634029
UBFC_PHYS_s14_T1_ctrl,54,94,57.13333333333333,-1.277603030204773,1.4020257145188009
UBFC_PHYS_s14_T1_ctrl,54,95,57.166666666666664,-1.345505952835083,1.5158664622525293
UBFC_PHYS_s14_T1_ctrl,54,96,57.2,-0.9229641556739807,1.4408512428722793
UBFC_PHYS_s14_T1_ctrl,54,97,57.233333333333334,-0.19580243527889252,1.213586162682198
UBFC_PHYS_s14_T1_ctrl,54,98,57.266666666666666,0.4913666546344757,0.8798494377872531
UBFC_PHYS_s14_T1_ctrl,54,99,57.3,0.963307797908783,0.4814354862012482
UBFC_PHYS_s14_T1_ctrl,54,100,57.333333333333336,1.2089526653289795,0.050859989475168864
UBFC_PHYS_s14_T1_ctrl,54,101,57.36666666666667,1.2234852313995361,-0.3861685407043251
UBFC_PHYS_s14_T1_ctrl,54,102,57.4,1.0730621814727783,-0.8034840928330016
UBFC_PHYS_s14_T1_ctrl,54,103,57.43333333333333,0.9290887713432312,-1.1669040758377665
UBFC_PHYS_s14_T1_ctrl,54,104,57.46666666666667,0.880731463432312,-1.4312721757626232
UBFC_PHYS_s14_T1_ctrl,54,105,57.5,0.8284594416618347,-1.5457102304852135
UBFC_PHYS_s14_T1_ctrl,54,106,57.53333333333333,0.6626871824264526,-1.467360843544378
UBFC_PHYS_s14_T1_ctrl,54,107,57.56666666666667,0.4479943513870239,-1.1794806278732248
UBFC_PHYS_s14_T1_ctrl,54,108,57.6,0.2677740752696991,-0.7061604668418274
UBFC_PHYS_s14_T1_ctrl,54,109,57.63333333333333,0.053447380661964417,-0.1154251243510871
UBFC_PHYS_s14_T1_ctrl,54,110,57.666666666666664,-0.29907917976379395,0.4937177827583397
UBFC_PHYS_s14_T1_ctrl,54,111,57.7,-0.772062361240387,1.0172858819149608
UBFC_PHYS_s14_T1_ctrl,54,112,57.733333333333334,-1.2237255573272705,1.374793637988888
UBFC_PHYS_s14_T1_ctrl,54,113,57.766666666666666,-1.377500057220459,1.5275782028891813
UBFC_PHYS_s14_T1_ctrl,54,114,57.8,-0.9840514659881592,1.4804918483646452
UBFC_PHYS_s14_T1_ctrl,54,115,57.833333333333336,-0.19980169832706451,1.269611266010213
UBFC_PHYS_s14_T1_ctrl,54,116,57.86666666666667,0.5306551456451416,0.9440995417077335
UBFC_PHYS_s14_T1_ctrl,54,117,57.9,0.9330598711967468,0.5505759373229622
UBFC_PHYS_s14_T1_ctrl,54,118,57.93333333333333,1.0068209171295166,0.1251421013726504
UBFC_PHYS_s14_T1_ctrl,54,119,57.96666666666667,0.852398693561554,-0.30597728479876496
UBFC_PHYS_s14_T1_ctrl,54,120,58.0,0.6294820308685303,-0.7195706934332434
UBFC_PHYS_s14_T1_ctrl,54,121,58.03333333333333,0.5074481964111328,-1.0868069877946132
UBFC_PHYS_s14_T1_ctrl,54,122,58.06666666666667,0.5142074823379517,-1.3680829983381293
UBFC_PHYS_s14_T1_ctrl,54,123,58.1,0.5533552169799805,-1.5155889338106885
UBFC_PHYS_s14_T1_ctrl,54,124,58.13333333333333,0.5278387665748596,-1.4847360722884766
UBFC_PHYS_s14_T1_ctrl,54,125,58.166666666666664,0.4144512414932251,-1.2512975763150767
UBFC_PHYS_s14_T1_ctrl,54,126,58.2,0.21555833518505096,-0.827359379359431
UBFC_PHYS_s14_T1_ctrl,54,127,58.233333333333334,-0.09275101870298386,-0.26793970726920424
UBFC_PHYS_s14_T1_ctrl,54,128,58.266666666666666,-0.4891568124294281,0.3372307335669032
UBFC_PHYS_s14_T1_ctrl,54,129,58.3,-0.9090230464935303,0.8858524876763899
UBFC_PHYS_s14_T1_ctrl,54,130,58.333333333333336,-1.3312832117080688,1.290629212487328
UBFC_PHYS_s14_T1_ctrl,54,131,58.36666666666667,-1.61593496799469,1.5003934955427431
UBFC_PHYS_s14_T1_ctrl,54,132,58.4,-1.424167513847351,1.5068499784448492
UBFC_PHYS_s14_T1_ctrl,54,133,58.43333333333333,-0.6323134899139404,1.3368655610163138
UBFC_PHYS_s14_T1_ctrl,54,134,58.46666666666667,0.3782888948917389,1.0364734833218148
UBFC_PHYS_s14_T1_ctrl,54,135,58.5,1.135585904121399,0.6546727174688312
UBFC_PHYS_s14_T1_ctrl,54,136,58.53333333333333,1.52103590965271,0.23299479451513253
UBFC_PHYS_s14_T1_ctrl,54,137,58.56666666666667,1.6569263935089111,-0.1970202459729563
UBFC_PHYS_s14_T1_ctrl,54,138,58.6,1.606203317642212,-0.6095879914915637
UBFC_PHYS_s14_T1_ctrl,54,139,58.63333333333333,1.4402903318405151,-0.9771837643617081
UBFC_PHYS_s14_T1_ctrl,54,140,58.666666666666664,1.292739987373352,-1.2647646242205761
UBFC_PHYS_s14_T1_ctrl,54,141,58.7,1.2542119026184082,-1.4302887393141213
UBFC_PHYS_s14_T1_ctrl,54,142,58.733333333333334,1.308680772781372,-1.4332439347632577
UBFC_PHYS_s14_T1_ctrl,54,143,58.766666666666666,1.3332678079605103,-1.2488579185082533
UBFC_PHYS_s14_T1_ctrl,54,144,58.8,1.0596280097961426,-0.8824287174052212
UBFC_PHYS_s14_T1_ctrl,54,145,58.833333333333336,0.29968366026878357,-0.3769975451048065
UBFC_PHYS_s14_T1_ctrl,54,146,58.86666666666667,-0.7102428078651428,0.1909255384450662
UBFC_PHYS_s14_T1_ctrl,54,147,58.9,-1.4913382530212402,0.7282358246984085
UBFC_PHYS_s14_T1_ctrl,54,148,58.93333333333333,-1.8977985382080078,1.1489652673833415
UBFC_PHYS_s14_T1_ctrl,54,149,58.96666666666667,-2.086101770401001,1.3951674684728643
UBFC_PHYS_s14_T1_ctrl,54,150,59.0,-1.9973576068878174,1.4468901187910248
UBFC_PHYS_s14_T1_ctrl,54,151,59.03333333333333,-1.4591469764709473,1.3189706541501451
UBFC_PHYS_s14_T1_ctrl,54,152,59.06666666666667,-0.7147771716117859,1.0485371261649075
UBFC_PHYS_s14_T1_ctrl,54,153,59.1,-0.12299896031618118,0.6803845517440419
UBFC_PHYS_s14_T1_ctrl,54,154,59.13333333333333,0.23907512426376343,0.2566122389242473
UBFC_PHYS_s14_T1_ctrl,54,155,59.166666666666664,0.3965672254562378,-0.18655174433071078
UBFC_PHYS_s14_T1_ctrl,54,156,59.2,0.32598868012428284,-0.6156362822200325
UBFC_PHYS_s14_T1_ctrl,54,157,59.233333333333334,0.13776986300945282,-0.9942649077039291
UBFC_PHYS_s14_T1_ctrl,54,158,59.266666666666666,0.02488926611840725,-1.2798797784713098
UBFC_PHYS_s14_T1_ctrl,54,159,59.3,0.012018399313092232,-1.4267746989066838
UBFC_PHYS_s14_T1_ctrl,54,160,59.333333333333336,0.013820883817970753,-1.3962866734299098
UBFC_PHYS_s14_T1_ctrl,54,161,59.36666666666667,0.058404214680194855,-1.1711499872088718
UBFC_PHYS_s14_T1_ctrl,54,162,59.4,0.23777958750724792,-0.7681035571665411
UBFC_PHYS_s14_T1_ctrl,54,163,59.43333333333333,0.5032517910003662,-0.24210984935468846
UBFC_PHYS_s14_T1_ctrl,54,164,59.46666666666667,0.6519567370414734,0.3222283615197971
UBFC_PHYS_s14_T1_ctrl,54,165,59.5,0.5454130172729492,0.8309854612132342
UBFC_PHYS_s14_T1_ctrl,54,166,59.53333333333333,0.21747347712516785,1.205150732263354
UBFC_PHYS_s14_T1_ctrl,54,167,59.56666666666667,-0.18898679316043854,1.3981742140118303
UBFC_PHYS_s14_T1_ctrl,54,168,59.6,-0.4657808244228363,1.4004383614980471
UBFC_PHYS_s14_T1_ctrl,54,169,59.63333333333333,-0.3764452040195465,1.2318088345304041
UBFC_PHYS_s14_T1_ctrl,54,170,59.666666666666664,0.11535146087408066,0.9285958109483468
UBFC_PHYS_s14_T1_ctrl,54,171,59.7,0.7732020020484924,0.5319904601530308
UBFC_PHYS_s14_T1_ctrl,54,172,59.733333333333334,1.3224246501922607,0.08226883421157476
UBFC_PHYS_s14_T1_ctrl,54,173,59.766666666666666,1.5968530178070068,-0.3809253684776809
UBFC_PHYS_s14_T1_ctrl,54,174,59.8,1.5396240949630737,-0.8149641352572948
UBFC_PHYS_s14_T1_ctrl,54,175,59.833333333333336,1.2579576969146729,-1.1714830077810556
UBFC_PHYS_s14_T1_ctrl,54,176,59.86666666666667,0.9517606496810913,-1.398530934491316
UBFC_PHYS_s14_T1_ctrl,54,177,59.9,0.7433764934539795,-1.4495745134609943
UBFC_PHYS_s14_T1_ctrl,54,178,59.93333333333333,0.658716082572937,-1.2975910205887229
UBFC_PHYS_s14_T1_ctrl,54,179,59.96666666666667,0.6664611101150513,-0.9488199791551075
UBFC_PHYS_s14_T1_ctrl,54,180,60.0,0.6628561615943909,-0.44922336167514854
UBFC_PHYS_s14_T1_ctrl,54,181,60.03333333333333,0.5674371123313904,0.12139388853496522
UBFC_PHYS_s14_T1_ctrl,54,182,60.06666666666667,0.42796987295150757,0.6675958232093309
UBFC_PHYS_s14_T1_ctrl,54,183,60.1,0.2501153349876404,1.1027491656271924
UBFC_PHYS_s14_T1_ctrl,54,184,60.13333333333333,-0.06030629575252533,1.3696702207218325
UBFC_PHYS_s14_T1_ctrl,54,185,60.166666666666664,-0.4401799142360687,1.4489936317981553
UBFC_PHYS_s14_T1_ctrl,54,186,60.2,-0.520193338394165,1.3537497014731896
UBFC_PHYS_s14_T1_ctrl,54,187,60.233333333333334,0.027621157467365265,1.115911676979075
UBFC_PHYS_s14_T1_ctrl,54,188,60.266666666666666,1.0475739240646362,0.773070029843392
UBFC_PHYS_s14_T1_ctrl,54,189,60.3,1.8149818181991577,0.36088608960399976
UBFC_PHYS_s14_T1_ctrl,54,190,60.333333333333336,1.5431164503097534,-0.08746786306397462
UBFC_PHYS_s14_T1_ctrl,54,191,60.36666666666667,0.20857371389865875,-0.5373318126075317
UBFC_PHYS_s14_T1_ctrl,54,192,60.4,-1.2215570211410522,-0.9479963584688842
UBFC_PHYS_s14_T1_ctrl,54,193,60.43333333333333,-1.8298392295837402,-1.2713348754017584
UBFC_PHYS_s14_T1_ctrl,54,194,60.46666666666667,-1.6482107639312744,-1.4563932784100022
UBFC_PHYS_s14_T1_ctrl,54,195,60.5,-1.1942662000656128,-1.4605409892162897
UBFC_PHYS_s14_T1_ctrl,54,196,60.53333333333333,-0.798170268535614,-1.264381895346937
UBFC_PHYS_s14_T1_ctrl,54,197,60.56666666666667,-0.5920110940933228,-0.8844412598436391
UBFC_PHYS_s14_T1_ctrl,54,198,60.6,-0.5826325416564941,-0.37675238780705755
UBFC_PHYS_s14_T1_ctrl,54,199,60.63333333333333,-0.6700530052185059,0.17278437695888615
UBFC_PHYS_s14_T1_ctrl,54,200,60.666666666666664,-0.8340509533882141,0.6695301668344399
UBFC_PHYS_s14_T1_ctrl,54,201,60.7,-1.1488943099975586,1.0349595723857052
UBFC_PHYS_s14_T1_ctrl,54,202,60.733333333333334,-1.5033642053604126,1.2249209490884645
UBFC_PHYS_s14_T1_ctrl,54,203,60.766666666666666,-1.5150803327560425,1.2340857857420344
UBFC_PHYS_s14_T1_ctrl,54,204,60.8,-0.9543949961662292,1.0869366612791411
UBFC_PHYS_s14_T1_ctrl,54,205,60.833333333333336,-0.09742621332406998,0.8224120616398763
UBFC_PHYS_s14_T1_ctrl,54,206,60.86666666666667,0.6175124049186707,0.48070224749517754
UBFC_PHYS_s14_T1_ctrl,54,207,60.9,1.0133267641067505,0.09726133247875318
UBFC_PHYS_s14_T1_ctrl,54,208,60.93333333333333,1.1648480892181396,-0.2958153817623839
UBFC_PHYS_s14_T1_ctrl,54,209,60.96666666666667,1.1700866222381592,-0.6646188015418302
UBFC_PHYS_s14_T1_ctrl,54,210,61.0,1.097987174987793,-0.9692866195047924
UBFC_PHYS_s14_T1_ctrl,54,211,61.03333333333333,1.0151010751724243,-1.1648351651773745
UBFC_PHYS_s14_T1_ctrl,54,212,61.06666666666667,0.9299055337905884,-1.208741662891787
UBFC_PHYS_s14_T1_ctrl,54,213,61.1,0.7739624381065369,-1.0740105870111085
UBFC_PHYS_s14_T1_ctrl,54,214,61.13333333333333,0.5174463391304016,-0.7631192386490232
UBFC_PHYS_s14_T1_ctrl,54,215,61.166666666666664,0.2280067503452301,-0.31610547778287884
UBFC_PHYS_s14_T1_ctrl,54,216,61.2,-0.056166213005781174,0.19317926501201862
UBFC_PHYS_s14_T1_ctrl,54,217,61.233333333333334,-0.4246335029602051,0.6740687740624461
UBFC_PHYS_s14_T1_ctrl,54,218,61.266666666666666,-0.9621400237083435,1.0438294561793062
UBFC_PHYS_s14_T1_ctrl,54,219,61.3,-1.5278385877609253,1.2498997120638422
UBFC_PHYS_s14_T1_ctrl,54,220,61.333333333333336,-1.801196575164795,1.280439686057064
UBFC_PHYS_s14_T1_ctrl,54,221,61.36666666666667,-1.5506230592727661,1.1599637391363344
UBFC_PHYS_s14_T1_ctrl,54,222,61.4,-0.8452320098876953,0.9339090741687193
UBFC_PHYS_s14_T1_ctrl,54,223,61.43333333333333,0.0057660313323140144,0.6503958589265383
UBFC_PHYS_s14_T1_ctrl,54,224,61.46666666666667,0.7042006254196167,0.3471713636631648
UBFC_PHYS_s14_T1_ctrl,54,225,61.5,1.09207284450531,0.04784123284927278
UBFC_PHYS_s14_T1_ctrl,54,226,61.53333333333333,1.1304882764816284,-0.23342703527434422
UBFC_PHYS_s14_T1_ctrl,54,227,61.56666666666667,0.9424947500228882,-0.4832114981945913
UBFC_PHYS_s14_T1_ctrl,54,228,61.6,0.7383915185928345,-0.6817995055618744
UBFC_PHYS_s14_T1_ctrl,54,229,61.63333333333333,0.6655598878860474,-0.8021680170600372
UBFC_PHYS_s14_T1_ctrl,54,230,61.666666666666664,0.6897525787353516,-0.8164777264817028
UBFC_PHYS_s14_T1_ctrl,54,231,61.7,0.6751918792724609,-0.7081620921594415
UBFC_PHYS_s14_T1_ctrl,54,232,61.733333333333334,0.5712674260139465,-0.4847821863236993
UBFC_PHYS_s14_T1_ctrl,54,233,61.766666666666666,0.43517982959747314,-0.18543113252220966
UBFC_PHYS_s14_T1_ctrl,54,234,61.8,0.2616906762123108,0.12258163693389978
UBFC_PHYS_s14_T1_ctrl,54,235,61.833333333333336,-0.05405392497777939,0.35938677286397425
UBFC_PHYS_s14_T1_ctrl,54,236,61.86666666666667,-0.5564401745796204,0.4566903690688359
UBFC_PHYS_s14_T1_ctrl,54,237,61.9,-1.1249831914901733,0.3817631000279424
UBFC_PHYS_s14_T1_ctrl,54,238,61.93333333333333,-1.4740737676620483,0.15137486202612072
UBFC_PHYS_s14_T1_ctrl,54,239,61.96666666666667,-1.3149482011795044,-0.17074167373172658
UBFC_PHYS_s14_T1_ctrl,55,0,55.0,-0.5631150007247925,0.11832628007503179
UBFC_PHYS_s14_T1_ctrl,55,1,55.03333333333333,-0.07140284031629562,0.00890345090277829
UBFC_PHYS_s14_T1_ctrl,55,2,55.06666666666667,0.3144133388996124,-0.059768358409158145
UBFC_PHYS_s14_T1_ctrl,55,3,55.1,0.47773534059524536,-0.05178882559165291
UBFC_PHYS_s14_T1_ctrl,55,4,55.13333333333333,0.43619370460510254,0.0555841526628827
UBFC_PHYS_s14_T1_ctrl,55,5,55.166666666666664,0.2709565758705139,0.2657803373619408
UBFC_PHYS_s14_T1_ctrl,55,6,55.2,0.10453655570745468,0.5587610403013723
UBFC_PHYS_s14_T1_ctrl,55,7,55.233333333333334,0.0018512601964175701,0.8914450472518692
UBFC_PHYS_s14_T1_ctrl,55,8,55.266666666666666,-0.0818234533071518,1.2044710786187802
UBFC_PHYS_s14_T1_ctrl,55,9,55.3,-0.1948167085647583,1.4347055185183724
UBFC_PHYS_s14_T1_ctrl,55,10,55.333333333333336,-0.3094998002052307,1.5301847034726592
UBFC_PHYS_s14_T1_ctrl,55,11,55.36666666666667,-0.4122132360935211,1.4626257613886524
UBFC_PHYS_s14_T1_ctrl,55,12,55.4,-0.5647203326225281,1.2332705655592326
UBFC_PHYS_s14_T1_ctrl,55,13,55.43333333333333,-0.80898517370224,0.8703739682519943
UBFC_PHYS_s14_T1_ctrl,55,14,55.46666666666667,-1.0415902137756348,0.41992445443497844
UBFC_PHYS_s14_T1_ctrl,55,15,55.5,-1.049363374710083,-0.06626661669993111
UBFC_PHYS_s14_T1_ctrl,55,16,55.53333333333333,-0.7048353552818298,-0.5403045198251323
UBFC_PHYS_s14_T1_ctrl,55,17,55.56666666666667,-0.16789209842681885,-0.9625378817272616
UBFC_PHYS_s14_T1_ctrl,55,18,55.6,0.2859397232532501,-1.3003663651729152
UBFC_PHYS_s14_T1_ctrl,55,19,55.63333333333333,0.5007451772689819,-1.5245635217266469
UBFC_PHYS_s14_T1_ctrl,55,20,55.666666666666664,0.4750034511089325,-1.6076046966977249
UBFC_PHYS_s14_T1_ctrl,55,21,55.7,0.27850449085235596,-1.527305671037782
UBFC_PHYS_s14_T1_ctrl,55,22,55.733333333333334,0.019509976729750633,-1.2756408414574425
UBFC_PHYS_s14_T1_ctrl,55,23,55.766666666666666,-0.1910145878791809,-0.8688361706076148
UBFC_PHYS_s14_T1_ctrl,55,24,55.8,-0.3218073844909668,-0.3529309279782345
UBFC_PHYS_s14_T1_ctrl,55,25,55.833333333333336,-0.4006097614765167,0.19988283974306345
UBFC_PHYS_s14_T1_ctrl,55,26,55.86666666666667,-0.4492205083370209,0.7049918751845174
UBFC_PHYS_s14_T1_ctrl,55,27,55.9,-0.5058298110961914,1.085109788527745
UBFC_PHYS_s14_T1_ctrl,55,28,55.93333333333333,-0.6248782873153687,1.2885051229432263
UBFC_PHYS_s14_T1_ctrl,55,29,55.96666666666667,-0.8211237788200378,1.298527249645815
UBFC_PHYS_s14_T1_ctrl,55,30,56.0,-1.049363374710083,1.1317451667839076
UBFC_PHYS_s14_T1_ctrl,55,31,56.03333333333333,-1.1775087118148804,0.8274960537351599
UBFC_PHYS_s14_T1_ctrl,55,32,56.06666666666667,-1.0345209836959839,0.434604870446073
UBFC_PHYS_s14_T1_ctrl,55,33,56.1,-0.5930249691009521,0.0008256016306263086
UBFC_PHYS_s14_T1_ctrl,55,34,56.13333333333333,-0.06427739560604095,-0.4317564296985624
UBFC_PHYS_s14_T1_ctrl,55,35,56.166666666666664,0.28729158639907837,-0.8254027763794519
UBFC_PHYS_s14_T1_ctrl,55,36,56.2,0.36772745847702026,-1.1425955625260609
UBFC_PHYS_s14_T1_ctrl,55,37,56.233333333333334,0.25374847650527954,-1.3437802929096758
UBFC_PHYS_s14_T1_ctrl,55,38,56.266666666666666,0.05122243985533714,-1.3908413261464014
UBFC_PHYS_s14_T1_ctrl,55,39,56.3,-0.12122464179992676,-1.2571040355756475
UBFC_PHYS_s14_T1_ctrl,55,40,56.333333333333336,-0.1723419725894928,-0.940504205349272
UBFC_PHYS_s14_T1_ctrl,55,41,56.36666666666667,-0.1528526097536087,-0.473355461231646
UBFC_PHYS_s14_T1_ctrl,55,42,56.4,-0.1795237511396408,0.07802777749155489
UBFC_PHYS_s14_T1_ctrl,55,43,56.43333333333333,-0.2535664439201355,0.6265091204301172
UBFC_PHYS_s14_T1_ctrl,55,44,56.46666666666667,-0.3532663583755493,1.0858276039788395
UBFC_PHYS_s14_T1_ctrl,55,45,56.5,-0.5770561099052429,1.3915952842777808
UBFC_PHYS_s14_T1_ctrl,55,46,56.53333333333333,-0.973039448261261,1.513259622764404
UBFC_PHYS_s14_T1_ctrl,55,47,56.56666666666667,-1.3161873817443848,1.4539831252185098
UBFC_PHYS_s14_T1_ctrl,55,48,56.6,-1.3051190376281738,1.2411382916216078
UBFC_PHYS_s14_T1_ctrl,55,49,56.63333333333333,-0.8770571351051331,0.9133788578061602
UBFC_PHYS_s14_T1_ctrl,55,50,56.666666666666664,-0.25401705503463745,0.5100489880360735
UBFC_PHYS_s14_T1_ctrl,55,51,56.7,0.308667927980423,0.06619295068591913
UBFC_PHYS_s14_T1_ctrl,55,52,56.733333333333334,0.6780645847320557,-0.3865239821640547
UBFC_PHYS_s14_T1_ctrl,55,53,56.766666666666666,0.7762155532836914,-0.8151015477413632
UBFC_PHYS_s14_T1_ctrl,55,54,56.8,0.607936680316925,-1.1803587979134744
UBFC_PHYS_s14_T1_ctrl,55,55,56.833333333333336,0.3377048373222351,-1.4359931159471928
UBFC_PHYS_s14_T1_ctrl,55,56,56.86666666666667,0.14996479451656342,-1.5344774377698052
UBFC_PHYS_s14_T1_ctrl,55,57,56.9,0.06600844860076904,-1.4398538914780807
UBFC_PHYS_s14_T1_ctrl,55,58,56.93333333333333,0.001823096303269267,-1.1434140106672355
UBFC_PHYS_s14_T1_ctrl,55,59,56.96666666666667,-0.05954587087035179,-0.6750378154638232
UBFC_PHYS_s14_T1_ctrl,55,60,57.0,-0.1001017764210701,-0.10298509020812013
UBFC_PHYS_s14_T1_ctrl,55,61,57.03333333333333,-0.20137888193130493,0.48048213865461975
UBFC_PHYS_s14_T1_ctrl,55,62,57.06666666666667,-0.4668792188167572,0.9827170857988239
UBFC_PHYS_s14_T1_ctrl,55,63,57.1,-0.885280966758728,1.333444519852637
UBFC_PHYS_s14_T1_ctrl,55,64,57.13333333333333,-1.277603030204773,1.497804597347214
UBFC_PHYS_s14_T1_ctrl,55,65,57.166666666666664,-1.345505952835083,1.4766315751897123
UBFC_PHYS_s14_T1_ctrl,55,66,57.2,-0.9229641556739807,1.2968162818055236
UBFC_PHYS_s14_T1_ctrl,55,67,57.233333333333334,-0.19580243527889252,0.9977835549769307
UBFC_PHYS_s14_T1_ctrl,55,68,57.266666666666666,0.4913666546344757,0.6199128291672971
UBFC_PHYS_s14_T1_ctrl,55,69,57.3,0.963307797908783,0.19831197277988422
UBFC_PHYS_s14_T1_ctrl,55,70,57.333333333333336,1.2089526653289795,-0.23750588886694535
UBFC_PHYS_s14_T1_ctrl,55,71,57.36666666666667,1.2234852313995361,-0.6597178596058085
UBFC_PHYS_s14_T1_ctrl,55,72,57.4,1.0730621814727783,-1.0369878468945835
UBFC_PHYS_s14_T1_ctrl,55,73,57.43333333333333,0.9290887713432312,-1.3312946526830451
UBFC_PHYS_s14_T1_ctrl,55,74,57.46666666666667,0.880731463432312,-1.499728856042348
UBFC_PHYS_s14_T1_ctrl,55,75,57.5,0.8284594416618347,-1.502616595787711
UBFC_PHYS_s14_T1_ctrl,55,76,57.53333333333333,0.6626871824264526,-1.3164880569917299
UBFC_PHYS_s14_T1_ctrl,55,77,57.56666666666667,0.4479943513870239,-0.9472789812664558
UBFC_PHYS_s14_T1_ctrl,55,78,57.6,0.2677740752696991,-0.43739454132920197
UBFC_PHYS_s14_T1_ctrl,55,79,57.63333333333333,0.053447380661964417,0.13847872098834527
UBFC_PHYS_s14_T1_ctrl,55,80,57.666666666666664,-0.29907917976379395,0.6893839032726712
UBFC_PHYS_s14_T1_ctrl,55,81,57.7,-0.772062361240387,1.1307409325070668
UBFC_PHYS_s14_T1_ctrl,55,82,57.733333333333334,-1.2237255573272705,1.404682062678554
UBFC_PHYS_s14_T1_ctrl,55,83,57.766666666666666,-1.377500057220459,1.4900301282693977
UBFC_PHYS_s14_T1_ctrl,55,84,57.8,-0.9840514659881592,1.399427637284263
UBFC_PHYS_s14_T1_ctrl,55,85,57.833333333333336,-0.19980169832706451,1.1673999042865923
UBFC_PHYS_s14_T1_ctrl,55,86,57.86666666666667,0.5306551456451416,0.8360644267323396
UBFC_PHYS_s14_T1_ctrl,55,87,57.9,0.9330598711967468,0.44434129795213284
UBFC_PHYS_s14_T1_ctrl,55,88,57.93333333333333,1.0068209171295166,0.02362901312042454
UBFC_PHYS_s14_T1_ctrl,55,89,57.96666666666667,0.852398693561554,-0.4002420196450472
UBFC_PHYS_s14_T1_ctrl,55,90,58.0,0.6294820308685303,-0.8012478028499352
UBFC_PHYS_s14_T1_ctrl,55,91,58.03333333333333,0.5074481964111328,-1.1472663850367797
UBFC_PHYS_s14_T1_ctrl,55,92,58.06666666666667,0.5142074823379517,-1.3978870110887358
UBFC_PHYS_s14_T1_ctrl,55,93,58.1,0.5533552169799805,-1.5086966722247372
UBFC_PHYS_s14_T1_ctrl,55,94,58.13333333333333,0.5278387665748596,-1.4423122142535738
UBFC_PHYS_s14_T1_ctrl,55,95,58.166666666666664,0.4144512414932251,-1.1831451845614624
UBFC_PHYS_s14_T1_ctrl,55,96,58.2,0.21555833518505096,-0.7500707515578942
UBFC_PHYS_s14_T1_ctrl,55,97,58.233333333333334,-0.09275101870298386,-0.20034296725577821
UBFC_PHYS_s14_T1_ctrl,55,98,58.266666666666666,-0.4891568124294281,0.37958405467751
UBFC_PHYS_s14_T1_ctrl,55,99,58.3,-0.9090230464935303,0.8950823003385113
UBFC_PHYS_s14_T1_ctrl,55,100,58.333333333333336,-1.3312832117080688,1.2683068340055064
UBFC_PHYS_s14_T1_ctrl,55,101,58.36666666666667,-1.61593496799469,1.4563180462262209
UBFC_PHYS_s14_T1_ctrl,55,102,58.4,-1.424167513847351,1.4554819016039875
UBFC_PHYS_s14_T1_ctrl,55,103,58.43333333333333,-0.6323134899139404,1.292689035009497
UBFC_PHYS_s14_T1_ctrl,55,104,58.46666666666667,0.3782888948917389,1.009716026015279
UBFC_PHYS_s14_T1_ctrl,55,105,58.5,1.135585904121399,0.6487113580752892
UBFC_PHYS_s14_T1_ctrl,55,106,58.53333333333333,1.52103590965271,0.24451320855151207
UBFC_PHYS_s14_T1_ctrl,55,107,58.56666666666667,1.6569263935089111,-0.17486034316831225
UBFC_PHYS_s14_T1_ctrl,55,108,58.6,1.606203317642212,-0.5823143370762963
UBFC_PHYS_s14_T1_ctrl,55,109,58.63333333333333,1.4402903318405151,-0.9452978328839283
UBFC_PHYS_s14_T1_ctrl,55,110,58.666666666666664,1.292739987373352,-1.2235272116351557
UBFC_PHYS_s14_T1_ctrl,55,111,58.7,1.2542119026184082,-1.3732205684237244
UBFC_PHYS_s14_T1_ctrl,55,112,58.733333333333334,1.308680772781372,-1.3573927022202574
UBFC_PHYS_s14_T1_ctrl,55,113,58.766666666666666,1.3332678079605103,-1.1590819482897006
UBFC_PHYS_s14_T1_ctrl,55,114,58.8,1.0596280097961426,-0.7925264801678458
UBFC_PHYS_s14_T1_ctrl,55,115,58.833333333333336,0.29968366026878357,-0.3068641105381158
UBFC_PHYS_s14_T1_ctrl,55,116,58.86666666666667,-0.7102428078651428,0.22141503503267712
UBFC_PHYS_s14_T1_ctrl,55,117,58.9,-1.4913382530212402,0.7065491396061045
UBFC_PHYS_s14_T1_ctrl,55,118,58.93333333333333,-1.8977985382080078,1.075414579754566
UBFC_PHYS_s14_T1_ctrl,55,119,58.96666666666667,-2.086101770401001,1.2837559502900802
UBFC_PHYS_s14_T1_ctrl,55,120,59.0,-1.9973576068878174,1.3206809077331578
UBFC_PHYS_s14_T1_ctrl,55,121,59.03333333333333,-1.4591469764709473,1.202045148746246
UBFC_PHYS_s14_T1_ctrl,55,122,59.06666666666667,-0.7147771716117859,0.9583025624320138
UBFC_PHYS_s14_T1_ctrl,55,123,59.1,-0.12299896031618118,0.6235691810907924
UBFC_PHYS_s14_T1_ctrl,55,124,59.13333333333333,0.23907512426376343,0.2304732384452062
UBFC_PHYS_s14_T1_ctrl,55,125,59.166666666666664,0.3965672254562378,-0.18860263992982595
UBFC_PHYS_s14_T1_ctrl,55,126,59.2,0.32598868012428284,-0.5970133225123228
UBFC_PHYS_s14_T1_ctrl,55,127,59.233333333333334,0.13776986300945282,-0.9509227084697258
UBFC_PHYS_s14_T1_ctrl,55,128,59.266666666666666,0.02488926611840725,-1.201782070325104
UBFC_PHYS_s14_T1_ctrl,55,129,59.3,0.012018399313092232,-1.3050850933541263
UBFC_PHYS_s14_T1_ctrl,55,130,59.333333333333336,0.013820883817970753,-1.2329387904216693
UBFC_PHYS_s14_T1_ctrl,55,131,59.36666666666667,0.058404214680194855,-0.9856686478967149
UBFC_PHYS_s14_T1_ctrl,55,132,59.4,0.23777958750724792,-0.5972357942682597
UBFC_PHYS_s14_T1_ctrl,55,133,59.43333333333333,0.5032517910003662,-0.13086500991751449
UBFC_PHYS_s14_T1_ctrl,55,134,59.46666666666667,0.6519567370414734,0.33534250983160513
UBFC_PHYS_s14_T1_ctrl,55,135,59.5,0.5454130172729492,0.7284826374103642
UBFC_PHYS_s14_T1_ctrl,55,136,59.53333333333333,0.21747347712516785,0.9984108861897578
UBFC_PHYS_s14_T1_ctrl,55,137,59.56666666666667,-0.18898679316043854,1.1250373962707703
UBFC_PHYS_s14_T1_ctrl,55,138,59.6,-0.4657808244228363,1.1135606932986197
UBFC_PHYS_s14_T1_ctrl,55,139,59.63333333333333,-0.3764452040195465,0.982768162484195
UBFC_PHYS_s14_T1_ctrl,55,140,59.666666666666664,0.11535146087408066,0.754166746830353
UBFC_PHYS_s14_T1_ctrl,55,141,59.7,0.7732020020484924,0.4474810456278848
UBFC_PHYS_s14_T1_ctrl,55,142,59.733333333333334,1.3224246501922607,0.08342277998693577
UBFC_PHYS_s14_T1_ctrl,55,143,59.766666666666666,1.5968530178070068,-0.3096272252387241
UBFC_PHYS_s14_T1_ctrl,55,144,59.8,1.5396240949630737,-0.6903399478375828
UBFC_PHYS_s14_T1_ctrl,55,145,59.833333333333336,1.2579576969146729,-1.0051838581391759
UBFC_PHYS_s14_T1_ctrl,55,146,59.86666666666667,0.9517606496810913,-1.1971726812258936
UBFC_PHYS_s14_T1_ctrl,55,147,59.9,0.7433764934539795,-1.2209323741861555
UBFC_PHYS_s14_T1_ctrl,55,148,59.93333333333333,0.658716082572937,-1.058925904132166
UBFC_PHYS_s14_T1_ctrl,55,149,59.96666666666667,0.6664611101150513,-0.7318340528146507
UBFC_PHYS_s14_T1_ctrl,55,150,60.0,0.6628561615943909,-0.29714878006339696
UBFC_PHYS_s14_T1_ctrl,55,151,60.03333333333333,0.5674371123313904,0.16548909006056295
UBFC_PHYS_s14_T1_ctrl,55,152,60.06666666666667,0.42796987295150757,0.5771787105585323
UBFC_PHYS_s14_T1_ctrl,55,153,60.1,0.2501153349876404,0.8811697348616491
UBFC_PHYS_s14_T1_ctrl,55,154,60.13333333333333,-0.06030629575252533,1.0535862839616505
UBFC_PHYS_s14_T1_ctrl,55,155,60.166666666666664,-0.4401799142360687,1.0998886916106034
UBFC_PHYS_s14_T1_ctrl,55,156,60.2,-0.520193338394165,1.0411365907361685
UBFC_PHYS_s14_T1_ctrl,55,157,60.233333333333334,0.027621157467365265,0.8989003178227337
UBFC_PHYS_s14_T1_ctrl,55,158,60.266666666666666,1.0475739240646362,0.6866522367669524
UBFC_PHYS_s14_T1_ctrl,55,159,60.3,1.8149818181991577,0.4105785050198406
UBFC_PHYS_s14_T1_ctrl,55,160,60.333333333333336,1.5431164503097534,0.07774905294739984
UBFC_PHYS_s14_T1_ctrl,55,161,60.36666666666667,0.20857371389865875,-0.2934915040677299
UBFC_PHYS_s14_T1_ctrl,55,162,60.4,-1.2215570211410522,-0.6667084391168162
UBFC_PHYS_s14_T1_ctrl,55,163,60.43333333333333,-1.8298392295837402,-0.9884510146761964
UBFC_PHYS_s14_T1_ctrl,55,164,60.46666666666667,-1.6482107639312744,-1.1985571757328026
UBFC_PHYS_s14_T1_ctrl,55,165,60.5,-1.1942662000656128,-1.2472544740465012
UBFC_PHYS_s14_T1_ctrl,55,166,60.53333333333333,-0.798170268535614,-1.113083203906125
UBFC_PHYS_s14_T1_ctrl,55,167,60.56666666666667,-0.5920110940933228,-0.8139665380966377
UBFC_PHYS_s14_T1_ctrl,55,168,60.6,-0.5826325416564941,-0.40532077716252446
UBFC_PHYS_s14_T1_ctrl,55,169,60.63333333333333,-0.6700530052185059,0.03566789408925501
UBFC_PHYS_s14_T1_ctrl,55,170,60.666666666666664,-0.8340509533882141,0.43343843268111965
UBFC_PHYS_s14_T1_ctrl,55,171,60.7,-1.1488943099975586,0.7346753995480182
UBFC_PHYS_s14_T1_ctrl,55,172,60.733333333333334,-1.5033642053604126,0.9175071643405074
UBFC_PHYS_s14_T1_ctrl,55,173,60.766666666666666,-1.5150803327560425,0.9870520431755821
UBFC_PHYS_s14_T1_ctrl,55,174,60.8,-0.9543949961662292,0.9619791060480518
UBFC_PHYS_s14_T1_ctrl,55,175,60.833333333333336,-0.09742621332406998,0.8603296444215415
UBFC_PHYS_s14_T1_ctrl,55,176,60.86666666666667,0.6175124049186707,0.6915675141784912
UBFC_PHYS_s14_T1_ctrl,55,177,60.9,1.0133267641067505,0.45748560699673335
UBFC_PHYS_s14_T1_ctrl,55,178,60.93333333333333,1.1648480892181396,0.16015531660829627
UBFC_PHYS_s14_T1_ctrl,55,179,60.96666666666667,1.1700866222381592,-0.1877362920961258
UBFC_PHYS_s14_T1_ctrl,55,180,61.0,1.097987174987793,-0.555543499967361
UBFC_PHYS_s14_T1_ctrl,55,181,61.03333333333333,1.0151010751724243,-0.8944299589304531
UBFC_PHYS_s14_T1_ctrl,55,182,61.06666666666667,0.9299055337905884,-1.1456748292225547
UBFC_PHYS_s14_T1_ctrl,55,183,61.1,0.7739624381065369,-1.2556362547158986
UBFC_PHYS_s14_T1_ctrl,55,184,61.13333333333333,0.5174463391304016,-1.192534466580789
UBFC_PHYS_s14_T1_ctrl,55,185,61.166666666666664,0.2280067503452301,-0.9586483622978289
UBFC_PHYS_s14_T1_ctrl,55,186,61.2,-0.056166213005781174,-0.5922858938714401
UBFC_PHYS_s14_T1_ctrl,55,187,61.233333333333334,-0.4246335029602051,-0.15756682502909888
UBFC_PHYS_s14_T1_ctrl,55,188,61.266666666666666,-0.9621400237083435,0.27433727962807364
UBFC_PHYS_s14_T1_ctrl,55,189,61.3,-1.5278385877609253,0.6445610468872409
UBFC_PHYS_s14_T1_ctrl,55,190,61.333333333333336,-1.801196575164795,0.9184675273530429
UBFC_PHYS_s14_T1_ctrl,55,191,61.36666666666667,-1.5506230592727661,1.0862392833595877
UBFC_PHYS_s14_T1_ctrl,55,192,61.4,-0.8452320098876953,1.1541974629527338
UBFC_PHYS_s14_T1_ctrl,55,193,61.43333333333333,0.0057660313323140144,1.133113067564218
UBFC_PHYS_s14_T1_ctrl,55,194,61.46666666666667,0.7042006254196167,1.0299224224477292
UBFC_PHYS_s14_T1_ctrl,55,195,61.5,1.09207284450531,0.846232834599312
UBFC_PHYS_s14_T1_ctrl,55,196,61.53333333333333,1.1304882764816284,0.5832027392536759
UBFC_PHYS_s14_T1_ctrl,55,197,61.56666666666667,0.9424947500228882,0.24959285019391841
UBFC_PHYS_s14_T1_ctrl,55,198,61.6,0.7383915185928345,-0.13119992897543675
UBFC_PHYS_s14_T1_ctrl,55,199,61.63333333333333,0.6655598878860474,-0.5186745583123776
UBFC_PHYS_s14_T1_ctrl,55,200,61.666666666666664,0.6897525787353516,-0.8592366875341546
UBFC_PHYS_s14_T1_ctrl,55,201,61.7,0.6751918792724609,-1.0964751347980835
UBFC_PHYS_s14_T1_ctrl,55,202,61.733333333333334,0.5712674260139465,-1.1852688578578663
UBFC_PHYS_s14_T1_ctrl,55,203,61.766666666666666,0.43517982959747314,-1.1053793733053607
UBFC_PHYS_s14_T1_ctrl,55,204,61.8,0.2616906762123108,-0.8692983706529758
UBFC_PHYS_s14_T1_ctrl,55,205,61.833333333333336,-0.05405392497777939,-0.5203598108687715
UBFC_PHYS_s14_T1_ctrl,55,206,61.86666666666667,-0.5564401745796204,-0.12079566855753858
UBFC_PHYS_s14_T1_ctrl,55,207,61.9,-1.1249831914901733,0.265979479254436
UBFC_PHYS_s14_T1_ctrl,55,208,61.93333333333333,-1.4740737676620483,0.5914828622850744
UBFC_PHYS_s14_T1_ctrl,55,209,61.96666666666667,-1.3149482011795044,0.8299025449971799
UBFC_PHYS_s14_T1_ctrl,55,210,62.0,-0.6695742607116699,0.9751919608195102
UBFC_PHYS_s14_T1_ctrl,55,211,62.03333333333333,0.07082445919513702,1.0309048769187485
UBFC_PHYS_s14_T1_ctrl,55,212,62.06666666666667,0.5793504118919373,0.9995082640765953
UBFC_PHYS_s14_T1_ctrl,55,213,62.1,0.8394433259963989,0.8773458937940298
UBFC_PHYS_s14_T1_ctrl,55,214,62.13333333333333,0.9253711104393005,0.6575748980204311
UBFC_PHYS_s14_T1_ctrl,55,215,62.166666666666664,0.8666213750839233,0.33879429846347325
UBFC_PHYS_s14_T1_ctrl,55,216,62.2,0.7401658296585083,-0.06563689220260069
UBFC_PHYS_s14_T1_ctrl,55,217,62.233333333333334,0.6627153158187866,-0.5224646688640258
UBFC_PHYS_s14_T1_ctrl,55,218,62.266666666666666,0.6664047837257385,-0.9801317374650617
UBFC_PHYS_s14_T1_ctrl,55,219,62.3,0.668686032295227,-1.3767972464080698
UBFC_PHYS_s14_T1_ctrl,55,220,62.333333333333336,0.5770972967147827,-1.6525603618145492
UBFC_PHYS_s14_T1_ctrl,55,221,62.36666666666667,0.3727969527244568,-1.7627379603912516
UBFC_PHYS_s14_T1_ctrl,55,222,62.4,0.13605186343193054,-1.688671050646903
UBFC_PHYS_s14_T1_ctrl,55,223,62.43333333333333,-0.07450085878372192,-1.442706635412841
UBFC_PHYS_s14_T1_ctrl,55,224,62.46666666666667,-0.3427894115447998,-1.065113443535374
UBFC_PHYS_s14_T1_ctrl,55,225,62.5,-0.7773008346557617,-0.6131894633179948
UBFC_PHYS_s14_T1_ctrl,55,226,62.53333333333333,-1.302668809890747,-0.1462282130494016
UBFC_PHYS_s14_T1_ctrl,55,227,62.56666666666667,-1.61506187915802,0.28772108849004746
UBFC_PHYS_s14_T1_ctrl,55,228,62.6,-1.4072692394256592,0.6581374109494702
UBFC_PHYS_s14_T1_ctrl,55,229,62.63333333333333,-0.6756013035774231,0.9499810435409638
UBFC_PHYS_s14_T1_ctrl,55,230,62.666666666666664,0.2232189029455185,1.15674745566115
UBFC_PHYS_s14_T1_ctrl,55,231,62.7,0.8966440558433533,1.2745828246814073
UBFC_PHYS_s14_T1_ctrl,55,232,62.733333333333334,1.213824987411499,1.301681505327474
UBFC_PHYS_s14_T1_ctrl,55,233,62.766666666666666,1.2548315525054932,1.2426461096639898
UBFC_PHYS_s14_T1_ctrl,55,234,62.8,1.150287389755249,1.1134138621375402
UBFC_PHYS_s14_T1_ctrl,55,235,62.833333333333336,1.001526117324829,0.9414747335251824
UBFC_PHYS_s14_T1_ctrl,55,236,62.86666666666667,0.8668466806411743,0.7591195209151926
UBFC_PHYS_s14_T1_ctrl,55,237,62.9,0.7743848562240601,0.5922233140037744
UBFC_PHYS_s14_T1_ctrl,55,238,62.93333333333333,0.7327587604522705,0.45043180204716976
UBFC_PHYS_s14_T1_ctrl,55,239,62.96666666666667,0.6998915672302246,0.324548475179911
UBFC_PHYS_s14_T1_ctrl,56,0,56.0,-1.049363374710083,-0.02847409660321898
UBFC_PHYS_s14_T1_ctrl,56,1,56.03333333333333,-1.1775087118148804,-0.1589234853409946
UBFC_PHYS_s14_T1_ctrl,56,2,56.06666666666667,-1.0345209836959839,-0.3122498371957442
UBFC_PHYS_s14_T1_ctrl,56,3,56.1,-0.5930249691009521,-0.5049258914068246
UBFC_PHYS_s14_T1_ctrl,56,4,56.13333333333333,-0.06427739560604095,-0.7390609560420265
UBFC_PHYS_s14_T1_ctrl,56,5,56.166666666666664,0.28729158639907837,-0.9968543664471342
UBFC_PHYS_s14_T1_ctrl,56,6,56.2,0.36772745847702026,-1.2387168640601918
UBFC_PHYS_s14_T1_ctrl,56,7,56.233333333333334,0.25374847650527954,-1.408451733493845
UBFC_PHYS_s14_T1_ctrl,56,8,56.266666666666666,0.05122243985533714,-1.446862437666441
UBFC_PHYS_s14_T1_ctrl,56,9,56.3,-0.12122464179992676,-1.3109748289219942
UBFC_PHYS_s14_T1_ctrl,56,10,56.333333333333336,-0.1723419725894928,-0.9922778310338032
UBFC_PHYS_s14_T1_ctrl,56,11,56.36666666666667,-0.1528526097536087,-0.5260374607426014
UBFC_PHYS_s14_T1_ctrl,56,12,56.4,-0.1795237511396408,0.01402761924052465
UBFC_PHYS_s14_T1_ctrl,56,13,56.43333333333333,-0.2535664439201355,0.5355477723024032
UBFC_PHYS_s14_T1_ctrl,56,14,56.46666666666667,-0.3532663583755493,0.9543071597919708
UBFC_PHYS_s14_T1_ctrl,56,15,56.5,-0.5770561099052429,1.2166542190339877
UBFC_PHYS_s14_T1_ctrl,56,16,56.53333333333333,-0.973039448261261,1.3087579521945187
UBFC_PHYS_s14_T1_ctrl,56,17,56.56666666666667,-1.3161873817443848,1.2508665382039186
UBFC_PHYS_s14_T1_ctrl,56,18,56.6,-1.3051190376281738,1.0813830324864104
UBFC_PHYS_s14_T1_ctrl,56,19,56.63333333333333,-0.8770571351051331,0.8390901882125987
UBFC_PHYS_s14_T1_ctrl,56,20,56.666666666666664,-0.25401705503463745,0.5513527293194073
UBFC_PHYS_s14_T1_ctrl,56,21,56.7,0.308667927980423,0.2323550471725319
UBFC_PHYS_s14_T1_ctrl,56,22,56.733333333333334,0.6780645847320557,-0.1096493561194895
UBFC_PHYS_s14_T1_ctrl,56,23,56.766666666666666,0.7762155532836914,-0.46103340743487586
UBFC_PHYS_s14_T1_ctrl,56,24,56.8,0.607936680316925,-0.7935989246276306
UBFC_PHYS_s14_T1_ctrl,56,25,56.833333333333336,0.3377048373222351,-1.062466863213766
UBFC_PHYS_s14_T1_ctrl,56,26,56.86666666666667,0.14996479451656342,-1.2134938381111189
UBFC_PHYS_s14_T1_ctrl,56,27,56.9,0.06600844860076904,-1.1991317532346975
UBFC_PHYS_s14_T1_ctrl,56,28,56.93333333333333,0.001823096303269267,-0.9976566885320046
UBFC_PHYS_s14_T1_ctrl,56,29,56.96666666666667,-0.05954587087035179,-0.6276860562706743
UBFC_PHYS_s14_T1_ctrl,56,30,57.0,-0.1001017764210701,-0.14986764232587474
UBFC_PHYS_s14_T1_ctrl,56,31,57.03333333333333,-0.20137888193130493,0.34773280288797037
UBFC_PHYS_s14_T1_ctrl,56,32,57.06666666666667,-0.4668792188167572,0.7757319107134719
UBFC_PHYS_s14_T1_ctrl,56,33,57.1,-0.885280966758728,1.0695748038478312
UBFC_PHYS_s14_T1_ctrl,56,34,57.13333333333333,-1.277603030204773,1.2041899900838202
UBFC_PHYS_s14_T1_ctrl,56,35,57.166666666666664,-1.345505952835083,1.191841760480864
UBFC_PHYS_s14_T1_ctrl,56,36,57.2,-0.9229641556739807,1.0665167029843832
UBFC_PHYS_s14_T1_ctrl,56,37,57.233333333333334,-0.19580243527889252,0.8643185269987033
UBFC_PHYS_s14_T1_ctrl,56,38,57.266666666666666,0.4913666546344757,0.6097785954671553
UBFC_PHYS_s14_T1_ctrl,56,39,57.3,0.963307797908783,0.3133863600113305
UBFC_PHYS_s14_T1_ctrl,56,40,57.333333333333336,1.2089526653289795,-0.020793013400359193
UBFC_PHYS_s14_T1_ctrl,56,41,57.36666666666667,1.2234852313995361,-0.3831858352039956
UBFC_PHYS_s14_T1_ctrl,56,42,57.4,1.0730621814727783,-0.7490496731488329
UBFC_PHYS_s14_T1_ctrl,56,43,57.43333333333333,0.9290887713432312,-1.0756175054231265
UBFC_PHYS_s14_T1_ctrl,56,44,57.46666666666667,0.880731463432312,-1.3077007308672486
UBFC_PHYS_s14_T1_ctrl,56,45,57.5,0.8284594416618347,-1.3907200818938772
UBFC_PHYS_s14_T1_ctrl,56,46,57.53333333333333,0.6626871824264526,-1.2878047560606984
UBFC_PHYS_s14_T1_ctrl,56,47,57.56666666666667,0.4479943513870239,-0.9955700558398305
UBFC_PHYS_s14_T1_ctrl,56,48,57.6,0.2677740752696991,-0.5520085700930847
UBFC_PHYS_s14_T1_ctrl,56,49,57.63333333333333,0.053447380661964417,-0.03124278818067261
UBFC_PHYS_s14_T1_ctrl,56,50,57.666666666666664,-0.29907917976379395,0.4753695232034631
UBFC_PHYS_s14_T1_ctrl,56,51,57.7,-0.772062361240387,0.885549729241725
UBFC_PHYS_s14_T1_ctrl,56,52,57.733333333333334,-1.2237255573272705,1.148448428356742
UBFC_PHYS_s14_T1_ctrl,56,53,57.766666666666666,-1.377500057220459,1.2526048816486257
UBFC_PHYS_s14_T1_ctrl,56,54,57.8,-0.9840514659881592,1.217188123452469
UBFC_PHYS_s14_T1_ctrl,56,55,57.833333333333336,-0.19980169832706451,1.0736540251824953
UBFC_PHYS_s14_T1_ctrl,56,56,57.86666666666667,0.5306551456451416,0.8490197837715011
UBFC_PHYS_s14_T1_ctrl,56,57,57.9,0.9330598711967468,0.5590825632584188
UBFC_PHYS_s14_T1_ctrl,56,58,57.93333333333333,1.0068209171295166,0.21290063955725597
UBFC_PHYS_s14_T1_ctrl,56,59,57.96666666666667,0.852398693561554,-0.1765205749141129
UBFC_PHYS_s14_T1_ctrl,56,60,58.0,0.6294820308685303,-0.5825555023962162
UBFC_PHYS_s14_T1_ctrl,56,61,58.03333333333333,0.5074481964111328,-0.9616316722242844
UBFC_PHYS_s14_T1_ctrl,56,62,58.06666666666667,0.5142074823379517,-1.2579695056052458
UBFC_PHYS_s14_T1_ctrl,56,63,58.1,0.5533552169799805,-1.4149316986669855
UBFC_PHYS_s14_T1_ctrl,56,64,58.13333333333333,0.5278387665748596,-1.389815693102979
UBFC_PHYS_s14_T1_ctrl,56,65,58.166666666666664,0.4144512414932251,-1.1681604988145997
UBFC_PHYS_s14_T1_ctrl,56,66,58.2,0.21555833518505096,-0.7730727021619885
UBFC_PHYS_s14_T1_ctrl,56,67,58.233333333333334,-0.09275101870298386,-0.26505172466079213
UBFC_PHYS_s14_T1_ctrl,56,68,58.266666666666666,-0.4891568124294281,0.27045183507432097
UBFC_PHYS_s14_T1_ctrl,56,69,58.3,-0.9090230464935303,0.745607527089774
UBFC_PHYS_s14_T1_ctrl,56,70,58.333333333333336,-1.3312832117080688,1.0941142449281414
UBFC_PHYS_s14_T1_ctrl,56,71,58.36666666666667,-1.61593496799469,1.2851895171381833
UBFC_PHYS_s14_T1_ctrl,56,72,58.4,-1.424167513847351,1.321922699230613
UBFC_PHYS_s14_T1_ctrl,56,73,58.43333333333333,-0.6323134899139404,1.2275109004693832
UBFC_PHYS_s14_T1_ctrl,56,74,58.46666666666667,0.3782888948917389,1.0288843870502018
UBFC_PHYS_s14_T1_ctrl,56,75,58.5,1.135585904121399,0.7468918988445288
UBFC_PHYS_s14_T1_ctrl,56,76,58.53333333333333,1.52103590965271,0.3966967776186307
UBFC_PHYS_s14_T1_ctrl,56,77,58.56666666666667,1.6569263935089111,-0.004496096776961236
UBFC_PHYS_s14_T1_ctrl,56,78,58.6,1.606203317642212,-0.4287392837330206
UBFC_PHYS_s14_T1_ctrl,56,79,58.63333333333333,1.4402903318405151,-0.8334466812024987
UBFC_PHYS_s14_T1_ctrl,56,80,58.666666666666664,1.292739987373352,-1.164857255941335
UBFC_PHYS_s14_T1_ctrl,56,81,58.7,1.2542119026184082,-1.3678714001965095
UBFC_PHYS_s14_T1_ctrl,56,82,58.733333333333334,1.308680772781372,-1.3991664183966752
UBFC_PHYS_s14_T1_ctrl,56,83,58.766666666666666,1.3332678079605103,-1.2398592991435269
UBFC_PHYS_s14_T1_ctrl,56,84,58.8,1.0596280097961426,-0.9040429469118263
UBFC_PHYS_s14_T1_ctrl,56,85,58.833333333333336,0.29968366026878357,-0.43987790791752673
UBFC_PHYS_s14_T1_ctrl,56,86,58.86666666666667,-0.7102428078651428,0.07896481878119017
UBFC_PHYS_s14_T1_ctrl,56,87,58.9,-1.4913382530212402,0.5705436421824499
UBFC_PHYS_s14_T1_ctrl,56,88,58.93333333333333,-1.8977985382080078,0.9647549251652837
UBFC_PHYS_s14_T1_ctrl,56,89,58.96666666666667,-2.086101770401001,1.2178807493544568
UBFC_PHYS_s14_T1_ctrl,56,90,59.0,-1.9973576068878174,1.3158919043172357
UBFC_PHYS_s14_T1_ctrl,56,91,59.03333333333333,-1.4591469764709473,1.2671211351449734
UBFC_PHYS_s14_T1_ctrl,56,92,59.06666666666667,-0.7147771716117859,1.090486205575029
UBFC_PHYS_s14_T1_ctrl,56,93,59.1,-0.12299896031618118,0.8068794403155033
UBFC_PHYS_s14_T1_ctrl,56,94,59.13333333333333,0.23907512426376343,0.437930834218854
UBFC_PHYS_s14_T1_ctrl,56,95,59.166666666666664,0.3965672254562378,0.010863336773186294
UBFC_PHYS_s14_T1_ctrl,56,96,59.2,0.32598868012428284,-0.43568106605186785
UBFC_PHYS_s14_T1_ctrl,56,97,59.233333333333334,0.13776986300945282,-0.8502725490610835
UBFC_PHYS_s14_T1_ctrl,56,98,59.266666666666666,0.02488926611840725,-1.1743517957541416
UBFC_PHYS_s14_T1_ctrl,56,99,59.3,0.012018399313092232,-1.35368598569677
UBFC_PHYS_s14_T1_ctrl,56,100,59.333333333333336,0.013820883817970753,-1.351885674723907
UBFC_PHYS_s14_T1_ctrl,56,101,59.36666666666667,0.058404214680194855,-1.161529613351899
UBFC_PHYS_s14_T1_ctrl,56,102,59.4,0.23777958750724792,-0.8090318761849353
UBFC_PHYS_s14_T1_ctrl,56,103,59.43333333333333,0.5032517910003662,-0.3508698688862571
UBFC_PHYS_s14_T1_ctrl,56,104,59.46666666666667,0.6519567370414734,0.13888978478434588
UBFC_PHYS_s14_T1_ctrl,56,105,59.5,0.5454130172729492,0.5864269189564719
UBFC_PHYS_s14_T1_ctrl,56,106,59.53333333333333,0.21747347712516785,0.9345817768631526
UBFC_PHYS_s14_T1_ctrl,56,107,59.56666666666667,-0.18898679316043854,1.1509585238964197
UBFC_PHYS_s14_T1_ctrl,56,108,59.6,-0.4657808244228363,1.2256798206171253
UBFC_PHYS_s14_T1_ctrl,56,109,59.63333333333333,-0.3764452040195465,1.162885882177945
UBFC_PHYS_s14_T1_ctrl,56,110,59.666666666666664,0.11535146087408066,0.9727823519893369
UBFC_PHYS_s14_T1_ctrl,56,111,59.7,0.7732020020484924,0.6692647437797163
UBFC_PHYS_s14_T1_ctrl,56,112,59.733333333333334,1.3224246501922607,0.27369205600300417
UBFC_PHYS_s14_T1_ctrl,56,113,59.766666666666666,1.5968530178070068,-0.1788602980310698
UBFC_PHYS_s14_T1_ctrl,56,114,59.8,1.5396240949630737,-0.636236669151142
UBFC_PHYS_s14_T1_ctrl,56,115,59.833333333333336,1.2579576969146729,-1.0328427973908632
UBFC_PHYS_s14_T1_ctrl,56,116,59.86666666666667,0.9517606496810913,-1.3011903768901876
UBFC_PHYS_s14_T1_ctrl,56,117,59.9,0.7433764934539795,-1.3884871179778953
UBFC_PHYS_s14_T1_ctrl,56,118,59.93333333333333,0.658716082572937,-1.2725816708414857
UBFC_PHYS_s14_T1_ctrl,56,119,59.96666666666667,0.6664611101150513,-0.9707692441896291
UBFC_PHYS_s14_T1_ctrl,56,120,60.0,0.6628561615943909,-0.536827575439014
UBFC_PHYS_s14_T1_ctrl,56,121,60.03333333333333,0.5674371123313904,-0.04624287204132461
UBFC_PHYS_s14_T1_ctrl,56,122,60.06666666666667,0.42796987295150757,0.4246681765225539
UBFC_PHYS_s14_T1_ctrl,56,123,60.1,0.2501153349876404,0.8168180124750554
UBFC_PHYS_s14_T1_ctrl,56,124,60.13333333333333,-0.06030629575252533,1.0965768697835336
UBFC_PHYS_s14_T1_ctrl,56,125,60.166666666666664,-0.4401799142360687,1.2527794967998893
UBFC_PHYS_s14_T1_ctrl,56,126,60.2,-0.520193338394165,1.286873377242101
UBFC_PHYS_s14_T1_ctrl,56,127,60.233333333333334,0.027621157467365265,1.2032903536420407
UBFC_PHYS_s14_T1_ctrl,56,128,60.266666666666666,1.0475739240646362,1.0055832983495956
UBFC_PHYS_s14_T1_ctrl,56,129,60.3,1.8149818181991577,0.6996287724297193
UBFC_PHYS_s14_T1_ctrl,56,130,60.333333333333336,1.5431164503097534,0.3010306375845206
UBFC_PHYS_s14_T1_ctrl,56,131,60.36666666666667,0.20857371389865875,-0.1581456381957564
UBFC_PHYS_s14_T1_ctrl,56,132,60.4,-1.2215570211410522,-0.6274549625589315
UBFC_PHYS_s14_T1_ctrl,56,133,60.43333333333333,-1.8298392295837402,-1.0428761949677405
UBFC_PHYS_s14_T1_ctrl,56,134,60.46666666666667,-1.6482107639312744,-1.3379655765942917
UBFC_PHYS_s14_T1_ctrl,56,135,60.5,-1.1942662000656128,-1.458956616004956
UBFC_PHYS_s14_T1_ctrl,56,136,60.53333333333333,-0.798170268535614,-1.379569200852461
UBFC_PHYS_s14_T1_ctrl,56,137,60.56666666666667,-0.5920110940933228,-1.1102977416710227
UBFC_PHYS_s14_T1_ctrl,56,138,60.6,-0.5826325416564941,-0.6977548932460629
UBFC_PHYS_s14_T1_ctrl,56,139,60.63333333333333,-0.6700530052185059,-0.21287775348196186
UBFC_PHYS_s14_T1_ctrl,56,140,60.666666666666664,-0.8340509533882141,0.26826185773530975
UBFC_PHYS_s14_T1_ctrl,56,141,60.7,-1.1488943099975586,0.683291784330024
UBFC_PHYS_s14_T1_ctrl,56,142,60.733333333333334,-1.5033642053604126,0.9939797990413091
UBFC_PHYS_s14_T1_ctrl,56,143,60.766666666666666,-1.5150803327560425,1.1846948360762257
UBFC_PHYS_s14_T1_ctrl,56,144,60.8,-0.9543949961662292,1.2525002925177002
UBFC_PHYS_s14_T1_ctrl,56,145,60.833333333333336,-0.09742621332406998,1.1972424560177017
UBFC_PHYS_s14_T1_ctrl,56,146,60.86666666666667,0.6175124049186707,1.0185575277739083
UBFC_PHYS_s14_T1_ctrl,56,147,60.9,1.0133267641067505,0.7209101414512191
UBFC_PHYS_s14_T1_ctrl,56,148,60.93333333333333,1.1648480892181396,0.3221745551765877
UBFC_PHYS_s14_T1_ctrl,56,149,60.96666666666667,1.1700866222381592,-0.14057440840125954
UBFC_PHYS_s14_T1_ctrl,56,150,61.0,1.097987174987793,-0.6118672716013923
UBFC_PHYS_s14_T1_ctrl,56,151,61.03333333333333,1.0151010751724243,-1.025231380276308
UBFC_PHYS_s14_T1_ctrl,56,152,61.06666666666667,0.9299055337905884,-1.3151636729082536
UBFC_PHYS_s14_T1_ctrl,56,153,61.1,0.7739624381065369,-1.4311417107389108
UBFC_PHYS_s14_T1_ctrl,56,154,61.13333333333333,0.5174463391304016,-1.350462476230466
UBFC_PHYS_s14_T1_ctrl,56,155,61.166666666666664,0.2280067503452301,-1.0858632109907909
UBFC_PHYS_s14_T1_ctrl,56,156,61.2,-0.056166213005781174,-0.6840489281932866
UBFC_PHYS_s14_T1_ctrl,56,157,61.233333333333334,-0.4246335029602051,-0.21383884618983617
UBFC_PHYS_s14_T1_ctrl,56,158,61.266666666666666,-0.9621400237083435,0.25251735031550665
UBFC_PHYS_s14_T1_ctrl,56,159,61.3,-1.5278385877609253,0.6572038746990303
UBFC_PHYS_s14_T1_ctrl,56,160,61.333333333333336,-1.801196575164795,0.9661250847581173
UBFC_PHYS_s14_T1_ctrl,56,161,61.36666666666667,-1.5506230592727661,1.1664451956695747
UBFC_PHYS_s14_T1_ctrl,56,162,61.4,-0.8452320098876953,1.2561479379245852
UBFC_PHYS_s14_T1_ctrl,56,163,61.43333333333333,0.0057660313323140144,1.233819166305185
UBFC_PHYS_s14_T1_ctrl,56,164,61.46666666666667,0.7042006254196167,1.0954676335806979
UBFC_PHYS_s14_T1_ctrl,56,165,61.5,1.09207284450531,0.8396517644241133
UBFC_PHYS_s14_T1_ctrl,56,166,61.53333333333333,1.1304882764816284,0.47667810580073056
UBFC_PHYS_s14_T1_ctrl,56,167,61.56666666666667,0.9424947500228882,0.03558704803379534
UBFC_PHYS_s14_T1_ctrl,56,168,61.6,0.7383915185928345,-0.4351694994745368
UBFC_PHYS_s14_T1_ctrl,56,169,61.63333333333333,0.6655598878860474,-0.8736660343528265
UBFC_PHYS_s14_T1_ctrl,56,170,61.666666666666664,0.6897525787353516,-1.2150116404723905
UBFC_PHYS_s14_T1_ctrl,56,171,61.7,0.6751918792724609,-1.403831448008386
UBFC_PHYS_s14_T1_ctrl,56,172,61.733333333333334,0.5712674260139465,-1.4062294610814543
UBFC_PHYS_s14_T1_ctrl,56,173,61.766666666666666,0.43517982959747314,-1.2186073044676204
UBFC_PHYS_s14_T1_ctrl,56,174,61.8,0.2616906762123108,-0.8703937260261393
UBFC_PHYS_s14_T1_ctrl,56,175,61.833333333333336,-0.05405392497777939,-0.4184405080764994
UBFC_PHYS_s14_T1_ctrl,56,176,61.86666666666667,-0.5564401745796204,0.06652238421166348
UBFC_PHYS_s14_T1_ctrl,56,177,61.9,-1.1249831914901733,0.5171919566258417
UBFC_PHYS_s14_T1_ctrl,56,178,61.93333333333333,-1.4740737676620483,0.8838562014918104
UBFC_PHYS_s14_T1_ctrl,56,179,61.96666666666667,-1.3149482011795044,1.139595748434034
UBFC_PHYS_s14_T1_ctrl,56,180,62.0,-0.6695742607116699,1.2759797270367068
UBFC_PHYS_s14_T1_ctrl,56,181,62.03333333333333,0.07082445919513702,1.2942043306429456
UBFC_PHYS_s14_T1_ctrl,56,182,62.06666666666667,0.5793504118919373,1.1981166317460645
UBFC_PHYS_s14_T1_ctrl,56,183,62.1,0.8394433259963989,0.9928679516567043
UBFC_PHYS_s14_T1_ctrl,56,184,62.13333333333333,0.9253711104393005,0.6885666559547464
UBFC_PHYS_s14_T1_ctrl,56,185,62.166666666666664,0.8666213750839233,0.3051931953057606
UBFC_PHYS_s14_T1_ctrl,56,186,62.2,0.7401658296585083,-0.12507480526383388
UBFC_PHYS_s14_T1_ctrl,56,187,62.233333333333334,0.6627153158187866,-0.5597300535615218
UBFC_PHYS_s14_T1_ctrl,56,188,62.266666666666666,0.6664047837257385,-0.9509702680445344
UBFC_PHYS_s14_T1_ctrl,56,189,62.3,0.668686032295227,-1.2517595329295252
UBFC_PHYS_s14_T1_ctrl,56,190,62.333333333333336,0.5770972967147827,-1.421698704044501
UBFC_PHYS_s14_T1_ctrl,56,191,62.36666666666667,0.3727969527244568,-1.432897171028657
UBFC_PHYS_s14_T1_ctrl,56,192,62.4,0.13605186343193054,-1.2761098771594435
UBFC_PHYS_s14_T1_ctrl,56,193,62.43333333333333,-0.07450085878372192,-0.9659261392135529
UBFC_PHYS_s14_T1_ctrl,56,194,62.46666666666667,-0.3427894115447998,-0.5420925454124548
UBFC_PHYS_s14_T1_ctrl,56,195,62.5,-0.7773008346557617,-0.06424012920454542
UBFC_PHYS_s14_T1_ctrl,56,196,62.53333333333333,-1.302668809890747,0.3997961766518952
UBFC_PHYS_s14_T1_ctrl,56,197,62.56666666666667,-1.61506187915802,0.7882814616398905
UBFC_PHYS_s14_T1_ctrl,56,198,62.6,-1.4072692394256592,1.057194501239706
UBFC_PHYS_s14_T1_ctrl,56,199,62.63333333333333,-0.6756013035774231,1.1853196101682573
UBFC_PHYS_s14_T1_ctrl,56,200,62.666666666666664,0.2232189029455185,1.1724834660863912
UBFC_PHYS_s14_T1_ctrl,56,201,62.7,0.8966440558433533,1.0337366507845551
UBFC_PHYS_s14_T1_ctrl,56,202,62.733333333333334,1.213824987411499,0.7930987410793677
UBFC_PHYS_s14_T1_ctrl,56,203,62.766666666666666,1.2548315525054932,0.47909996771300667
UBFC_PHYS_s14_T1_ctrl,56,204,62.8,1.150287389755249,0.12224734050139903
UBFC_PHYS_s14_T1_ctrl,56,205,62.833333333333336,1.001526117324829,-0.24658609549720492
UBFC_PHYS_s14_T1_ctrl,56,206,62.86666666666667,0.8668466806411743,-0.597360990788685
UBFC_PHYS_s14_T1_ctrl,56,207,62.9,0.7743848562240601,-0.9012780027148407
UBFC_PHYS_s14_T1_ctrl,56,208,62.93333333333333,0.7327587604522705,-1.1301779632753974
UBFC_PHYS_s14_T1_ctrl,56,209,62.96666666666667,0.6998915672302246,-1.2559906686803588
UBFC_PHYS_s14_T1_ctrl,56,210,63.0,0.5876587629318237,-1.2524965760738647
UBFC_PHYS_s14_T1_ctrl,56,211,63.03333333333333,0.35212472081184387,-1.1012340891870707
UBFC_PHYS_s14_T1_ctrl,56,212,63.06666666666667,0.058854833245277405,-0.800733192721462
UBFC_PHYS_s14_T1_ctrl,56,213,63.1,-0.23672446608543396,-0.37488606288242887
UBFC_PHYS_s14_T1_ctrl,56,214,63.13333333333333,-0.5726625323295593,0.1252946105836176
UBFC_PHYS_s14_T1_ctrl,56,215,63.166666666666664,-1.0109198093414307,0.6300036834277655
UBFC_PHYS_s14_T1_ctrl,56,216,63.2,-1.4569501876831055,1.066946368499546
UBFC_PHYS_s14_T1_ctrl,56,217,63.233333333333334,-1.6169488430023193,1.3787970926655402
UBFC_PHYS_s14_T1_ctrl,56,218,63.266666666666666,-1.2617748975753784,1.5348518811248202
UBFC_PHYS_s14_T1_ctrl,56,219,63.3,-0.5397953391075134,1.533507386085533
UBFC_PHYS_s14_T1_ctrl,56,220,63.333333333333336,0.1805507093667984,1.396489145925584
UBFC_PHYS_s14_T1_ctrl,56,221,63.36666666666667,0.6858096718788147,1.15851254137151
UBFC_PHYS_s14_T1_ctrl,56,222,63.4,0.9686307311058044,0.856547923554858
UBFC_PHYS_s14_T1_ctrl,56,223,63.43333333333333,1.0546149015426636,0.5218422427841327
UBFC_PHYS_s14_T1_ctrl,56,224,63.46666666666667,0.97110915184021,0.17648827892302596
UBFC_PHYS_s14_T1_ctrl,56,225,63.5,0.8402882218360901,-0.1649534638025912
UBFC_PHYS_s14_T1_ctrl,56,226,63.53333333333333,0.8087165951728821,-0.48964302822302935
UBFC_PHYS_s14_T1_ctrl,56,227,63.56666666666667,0.8635515570640564,-0.7790236313455318
UBFC_PHYS_s14_T1_ctrl,56,228,63.6,0.8935178518295288,-1.0039533251471808
UBFC_PHYS_s14_T1_ctrl,56,229,63.63333333333333,0.8352750539779663,-1.126665762246996
UBFC_PHYS_s14_T1_ctrl,56,230,63.666666666666664,0.6838381886482239,-1.1112542460842714
UBFC_PHYS_s14_T1_ctrl,56,231,63.7,0.4522189199924469,-0.9400085704048581
UBFC_PHYS_s14_T1_ctrl,56,232,63.733333333333334,0.18621163070201874,-0.6288790339135313
UBFC_PHYS_s14_T1_ctrl,56,233,63.766666666666666,-0.06827665865421295,-0.23387298584160862
UBFC_PHYS_s14_T1_ctrl,56,234,63.8,-0.3677707314491272,0.15730491555971216
UBFC_PHYS_s14_T1_ctrl,56,235,63.833333333333336,-0.8072953224182129,0.4479595597904847
UBFC_PHYS_s14_T1_ctrl,56,236,63.86666666666667,-1.2468481063842773,0.5619006980279591
UBFC_PHYS_s14_T1_ctrl,56,237,63.9,-1.2928677797317505,0.4683028315673476
UBFC_PHYS_s14_T1_ctrl,56,238,63.93333333333333,-0.7736958861351013,0.1925879328841945
UBFC_PHYS_s14_T1_ctrl,56,239,63.96666666666667,-0.005612152628600597,-0.18994870377862683
UBFC_PHYS_s14_T1_ctrl,57,0,57.0,-0.1001017764210701,-0.05337598366893777
UBFC_PHYS_s14_T1_ctrl,57,1,57.03333333333333,-0.20137888193130493,0.4877640457417164
UBFC_PHYS_s14_T1_ctrl,57,2,57.06666666666667,-0.4668792188167572,0.969746961907031
UBFC_PHYS_s14_T1_ctrl,57,3,57.1,-0.885280966758728,1.345132919487663
UBFC_PHYS_s14_T1_ctrl,57,4,57.13333333333333,-1.277603030204773,1.5875929609989965
UBFC_PHYS_s14_T1_ctrl,57,5,57.166666666666664,-1.345505952835083,1.6948166360405512
UBFC_PHYS_s14_T1_ctrl,57,6,57.2,-0.9229641556739807,1.6831563798411935
UBFC_PHYS_s14_T1_ctrl,57,7,57.233333333333334,-0.19580243527889252,1.5761440523226058
UBFC_PHYS_s14_T1_ctrl,57,8,57.266666666666666,0.4913666546344757,1.3923599898808836
UBFC_PHYS_s14_T1_ctrl,57,9,57.3,0.963307797908783,1.1386694068532457
UBFC_PHYS_s14_T1_ctrl,57,10,57.333333333333336,1.2089526653289795,0.8123242103741733
UBFC_PHYS_s14_T1_ctrl,57,11,57.36666666666667,1.2234852313995361,0.4110972440681324
UBFC_PHYS_s14_T1_ctrl,57,12,57.4,1.0730621814727783,-0.053459768122501986
UBFC_PHYS_s14_T1_ctrl,57,13,57.43333333333333,0.9290887713432312,-0.5463448920686701
UBFC_PHYS_s14_T1_ctrl,57,14,57.46666666666667,0.880731463432312,-1.0083739763097417
UBFC_PHYS_s14_T1_ctrl,57,15,57.5,0.8284594416618347,-1.3662117971134413
UBFC_PHYS_s14_T1_ctrl,57,16,57.53333333333333,0.6626871824264526,-1.5509498880244632
UBFC_PHYS_s14_T1_ctrl,57,17,57.56666666666667,0.4479943513870239,-1.5194851783265537
UBFC_PHYS_s14_T1_ctrl,57,18,57.6,0.2677740752696991,-1.2708551424524108
UBFC_PHYS_s14_T1_ctrl,57,19,57.63333333333333,0.053447380661964417,-0.8503601370943835
UBFC_PHYS_s14_T1_ctrl,57,20,57.666666666666664,-0.29907917976379395,-0.33841368660902615
UBFC_PHYS_s14_T1_ctrl,57,21,57.7,-0.772062361240387,0.1724786360877587
UBFC_PHYS_s14_T1_ctrl,57,22,57.733333333333334,-1.2237255573272705,0.6032798915884363
UBFC_PHYS_s14_T1_ctrl,57,23,57.766666666666666,-1.377500057220459,0.9058108531640373
UBFC_PHYS_s14_T1_ctrl,57,24,57.8,-0.9840514659881592,1.066061326533146
UBFC_PHYS_s14_T1_ctrl,57,25,57.833333333333336,-0.19980169832706451,1.0949663529493248
UBFC_PHYS_s14_T1_ctrl,57,26,57.86666666666667,0.5306551456451416,1.0134479161441854
UBFC_PHYS_s14_T1_ctrl,57,27,57.9,0.9330598711967468,0.8397238823992813
UBFC_PHYS_s14_T1_ctrl,57,28,57.93333333333333,1.0068209171295166,0.5845220001414165
UBFC_PHYS_s14_T1_ctrl,57,29,57.96666666666667,0.852398693561554,0.25534496136342943
UBFC_PHYS_s14_T1_ctrl,57,30,58.0,0.6294820308685303,-0.13367904477408263
UBFC_PHYS_s14_T1_ctrl,57,31,58.03333333333333,0.5074481964111328,-0.552409228939035
UBFC_PHYS_s14_T1_ctrl,57,32,58.06666666666667,0.5142074823379517,-0.951306562158612
UBFC_PHYS_s14_T1_ctrl,57,33,58.1,0.5533552169799805,-1.2668703173081903
UBFC_PHYS_s14_T1_ctrl,57,34,58.13333333333333,0.5278387665748596,-1.435345256058858
UBFC_PHYS_s14_T1_ctrl,57,35,58.166666666666664,0.4144512414932251,-1.4109448948466106
UBFC_PHYS_s14_T1_ctrl,57,36,58.2,0.21555833518505096,-1.1824088448450638
UBFC_PHYS_s14_T1_ctrl,57,37,58.233333333333334,-0.09275101870298386,-0.7810518898433825
UBFC_PHYS_s14_T1_ctrl,57,38,58.266666666666666,-0.4891568124294281,-0.2755293920102589
UBFC_PHYS_s14_T1_ctrl,57,39,58.3,-0.9090230464935303,0.2463459628464792
UBFC_PHYS_s14_T1_ctrl,57,40,58.333333333333336,-1.3312832117080688,0.7019284433264593
UBFC_PHYS_s14_T1_ctrl,57,41,58.36666666666667,-1.61593496799469,1.0338711188653558
UBFC_PHYS_s14_T1_ctrl,57,42,58.4,-1.424167513847351,1.21819116815632
UBFC_PHYS_s14_T1_ctrl,57,43,58.43333333333333,-0.6323134899139404,1.259044854851002
UBFC_PHYS_s14_T1_ctrl,57,44,58.46666666666667,0.3782888948917389,1.1755624720929119
UBFC_PHYS_s14_T1_ctrl,57,45,58.5,1.135585904121399,0.9890511127004467
UBFC_PHYS_s14_T1_ctrl,57,46,58.53333333333333,1.52103590965271,0.7169818009241237
UBFC_PHYS_s14_T1_ctrl,57,47,58.56666666666667,1.6569263935089111,0.3752661274285435
UBFC_PHYS_s14_T1_ctrl,57,48,58.6,1.606203317642212,-0.014455649338361805
UBFC_PHYS_s14_T1_ctrl,57,49,58.63333333333333,1.4402903318405151,-0.4180805442031734
UBFC_PHYS_s14_T1_ctrl,57,50,58.666666666666664,1.292739987373352,-0.7875465163275502
UBFC_PHYS_s14_T1_ctrl,57,51,58.7,1.2542119026184082,-1.0665129104430895
UBFC_PHYS_s14_T1_ctrl,57,52,58.733333333333334,1.308680772781372,-1.2022925379621938
UBFC_PHYS_s14_T1_ctrl,57,53,58.766666666666666,1.3332678079605103,-1.1607438694883976
UBFC_PHYS_s14_T1_ctrl,57,54,58.8,1.0596280097961426,-0.9391357790942891
UBFC_PHYS_s14_T1_ctrl,57,55,58.833333333333336,0.29968366026878357,-0.5715590989621012
UBFC_PHYS_s14_T1_ctrl,57,56,58.86666666666667,-0.7102428078651428,-0.12310093598105196
UBFC_PHYS_s14_T1_ctrl,57,57,58.9,-1.4913382530212402,0.32668317107279066
UBFC_PHYS_s14_T1_ctrl,57,58,58.93333333333333,-1.8977985382080078,0.7048029638015435
UBFC_PHYS_s14_T1_ctrl,57,59,58.96666666666667,-2.086101770401001,0.9614183460886125
UBFC_PHYS_s14_T1_ctrl,57,60,59.0,-1.9973576068878174,1.0759552731793258
UBFC_PHYS_s14_T1_ctrl,57,61,59.03333333333333,-1.4591469764709473,1.0527725409791882
UBFC_PHYS_s14_T1_ctrl,57,62,59.06666666666667,-0.7147771716117859,0.9111315242916421
UBFC_PHYS_s14_T1_ctrl,57,63,59.1,-0.12299896031618118,0.6755751010686104
UBFC_PHYS_s14_T1_ctrl,57,64,59.13333333333333,0.23907512426376343,0.37099471303347686
UBFC_PHYS_s14_T1_ctrl,57,65,59.166666666666664,0.3965672254562378,0.02320876641893763
UBFC_PHYS_s14_T1_ctrl,57,66,59.2,0.32598868012428284,-0.33728329803799706
UBFC_PHYS_s14_T1_ctrl,57,67,59.233333333333334,0.13776986300945282,-0.6722649487813915
UBFC_PHYS_s14_T1_ctrl,57,68,59.266666666666666,0.02488926611840725,-0.9369187575065778
UBFC_PHYS_s14_T1_ctrl,57,69,59.3,0.012018399313092232,-1.0864928296840475
UBFC_PHYS_s14_T1_ctrl,57,70,59.333333333333336,0.013820883817970753,-1.0872433559941486
UBFC_PHYS_s14_T1_ctrl,57,71,59.36666666666667,0.058404214680194855,-0.9280666378794786
UBFC_PHYS_s14_T1_ctrl,57,72,59.4,0.23777958750724792,-0.6281036324166722
UBFC_PHYS_s14_T1_ctrl,57,73,59.43333333333333,0.5032517910003662,-0.2361215396788664
UBFC_PHYS_s14_T1_ctrl,57,74,59.46666666666667,0.6519567370414734,0.18008101767705684
UBFC_PHYS_s14_T1_ctrl,57,75,59.5,0.5454130172729492,0.5515022723053714
UBFC_PHYS_s14_T1_ctrl,57,76,59.53333333333333,0.21747347712516785,0.8254276497495155
UBFC_PHYS_s14_T1_ctrl,57,77,59.56666666666667,-0.18898679316043854,0.9743845555896986
UBFC_PHYS_s14_T1_ctrl,57,78,59.6,-0.4657808244228363,0.993998567872993
UBFC_PHYS_s14_T1_ctrl,57,79,59.63333333333333,-0.3764452040195465,0.8942209990308673
UBFC_PHYS_s14_T1_ctrl,57,80,59.666666666666664,0.11535146087408066,0.6909964509120342
UBFC_PHYS_s14_T1_ctrl,57,81,59.7,0.7732020020484924,0.40310696957045666
UBFC_PHYS_s14_T1_ctrl,57,82,59.733333333333334,1.3224246501922607,0.0544913299090099
UBFC_PHYS_s14_T1_ctrl,57,83,59.766666666666666,1.5968530178070068,-0.3212973483610313
UBFC_PHYS_s14_T1_ctrl,57,84,59.8,1.5396240949630737,-0.6789353762323952
UBFC_PHYS_s14_T1_ctrl,57,85,59.833333333333336,1.2579576969146729,-0.9646522287685181
UBFC_PHYS_s14_T1_ctrl,57,86,59.86666666666667,0.9517606496810913,-1.1257168417629522
UBFC_PHYS_s14_T1_ctrl,57,87,59.9,0.7433764934539795,-1.1239444308107367
UBFC_PHYS_s14_T1_ctrl,57,88,59.93333333333333,0.658716082572937,-0.9487265663137237
UBFC_PHYS_s14_T1_ctrl,57,89,59.96666666666667,0.6664611101150513,-0.6240986787137917
UBFC_PHYS_s14_T1_ctrl,57,90,60.0,0.6628561615943909,-0.20555462885308454
UBFC_PHYS_s14_T1_ctrl,57,91,60.03333333333333,0.5674371123313904,0.2338651289173956
UBFC_PHYS_s14_T1_ctrl,57,92,60.06666666666667,0.42796987295150757,0.623371930840012
UBFC_PHYS_s14_T1_ctrl,57,93,60.1,0.2501153349876404,0.9117955265946504
UBFC_PHYS_s14_T1_ctrl,57,94,60.13333333333333,-0.06030629575252533,1.0753170707121344
UBFC_PHYS_s14_T1_ctrl,57,95,60.166666666666664,-0.4401799142360687,1.1135785928722506
UBFC_PHYS_s14_T1_ctrl,57,96,60.2,-0.520193338394165,1.0384678214485807
UBFC_PHYS_s14_T1_ctrl,57,97,60.233333333333334,0.027621157467365265,0.8633228112361102
UBFC_PHYS_s14_T1_ctrl,57,98,60.266666666666666,1.0475739240646362,0.5987574354719256
UBFC_PHYS_s14_T1_ctrl,57,99,60.3,1.8149818181991577,0.25645082780042583
UBFC_PHYS_s14_T1_ctrl,57,100,60.333333333333336,1.5431164503097534,-0.1425546398908469
UBFC_PHYS_s14_T1_ctrl,57,101,60.36666666666667,0.20857371389865875,-0.5608193440331196
UBFC_PHYS_s14_T1_ctrl,57,102,60.4,-1.2215570211410522,-0.9436543687304944
UBFC_PHYS_s14_T1_ctrl,57,103,60.43333333333333,-1.8298392295837402,-1.2265173430758312
UBFC_PHYS_s14_T1_ctrl,57,104,60.46666666666667,-1.6482107639312744,-1.3495245481592122
UBFC_PHYS_s14_T1_ctrl,57,105,60.5,-1.1942662000656128,-1.275122690834585
UBFC_PHYS_s14_T1_ctrl,57,106,60.53333333333333,-0.798170268535614,-1.0029090303606136
UBFC_PHYS_s14_T1_ctrl,57,107,60.56666666666667,-0.5920110940933228,-0.5751196509334189
UBFC_PHYS_s14_T1_ctrl,57,108,60.6,-0.5826325416564941,-0.0684237375927622
UBFC_PHYS_s14_T1_ctrl,57,109,60.63333333333333,-0.6700530052185059,0.42697017985193136
UBFC_PHYS_s14_T1_ctrl,57,110,60.666666666666664,-0.8340509533882141,0.8329381315363992
UBFC_PHYS_s14_T1_ctrl,57,111,60.7,-1.1488943099975586,1.102407505158259
UBFC_PHYS_s14_T1_ctrl,57,112,60.733333333333334,-1.5033642053604126,1.2238967882894207
UBFC_PHYS_s14_T1_ctrl,57,113,60.766666666666666,-1.5150803327560425,1.2118786319945403
UBFC_PHYS_s14_T1_ctrl,57,114,60.8,-0.9543949961662292,1.0902633788746678
UBFC_PHYS_s14_T1_ctrl,57,115,60.833333333333336,-0.09742621332406998,0.8786557352921504
UBFC_PHYS_s14_T1_ctrl,57,116,60.86666666666667,0.6175124049186707,0.5879743164239525
UBFC_PHYS_s14_T1_ctrl,57,117,60.9,1.0133267641067505,0.22606730266279904
UBFC_PHYS_s14_T1_ctrl,57,118,60.93333333333333,1.1648480892181396,-0.19127550908974966
UBFC_PHYS_s14_T1_ctrl,57,119,60.96666666666667,1.1700866222381592,-0.6307244656885321
UBFC_PHYS_s14_T1_ctrl,57,120,61.0,1.097987174987793,-1.0388280454946672
UBFC_PHYS_s14_T1_ctrl,57,121,61.03333333333333,1.0151010751724243,-1.3488384768460602
UBFC_PHYS_s14_T1_ctrl,57,122,61.06666666666667,0.9299055337905884,-1.4958610592384265
UBFC_PHYS_s14_T1_ctrl,57,123,61.1,0.7739624381065369,-1.4361385658646675
UBFC_PHYS_s14_T1_ctrl,57,124,61.13333333333333,0.5174463391304016,-1.1639164415258592
UBFC_PHYS_s14_T1_ctrl,57,125,61.166666666666664,0.2280067503452301,-0.7187430765089878
UBFC_PHYS_s14_T1_ctrl,57,126,61.2,-0.056166213005781174,-0.17835767293234212
UBFC_PHYS_s14_T1_ctrl,57,127,61.233333333333334,-0.4246335029602051,0.3621424157618198
UBFC_PHYS_s14_T1_ctrl,57,128,61.266666666666666,-0.9621400237083435,0.817201969575984
UBFC_PHYS_s14_T1_ctrl,57,129,61.3,-1.5278385877609253,1.1323426308727491
UBFC_PHYS_s14_T1_ctrl,57,130,61.333333333333336,-1.801196575164795,1.2915997498033671
UBFC_PHYS_s14_T1_ctrl,57,131,61.36666666666667,-1.5506230592727661,1.3095492089450058
UBFC_PHYS_s14_T1_ctrl,57,132,61.4,-0.8452320098876953,1.2141837669187285
UBFC_PHYS_s14_T1_ctrl,57,133,61.43333333333333,0.0057660313323140144,1.0304623503731156
UBFC_PHYS_s14_T1_ctrl,57,134,61.46666666666667,0.7042006254196167,0.772286984201443
UBFC_PHYS_s14_T1_ctrl,57,135,61.5,1.09207284450531,0.44509303016968416
UBFC_PHYS_s14_T1_ctrl,57,136,61.53333333333333,1.1304882764816284,0.055793048091826655
UBFC_PHYS_s14_T1_ctrl,57,137,61.56666666666667,0.9424947500228882,-0.3760510413205927
UBFC_PHYS_s14_T1_ctrl,57,138,61.6,0.7383915185928345,-0.8116090425615514
UBFC_PHYS_s14_T1_ctrl,57,139,61.63333333333333,0.6655598878860474,-1.1941120527858609
UBFC_PHYS_s14_T1_ctrl,57,140,61.666666666666664,0.6897525787353516,-1.458654372152576
UBFC_PHYS_s14_T1_ctrl,57,141,61.7,0.6751918792724609,-1.5482067071136807
UBFC_PHYS_s14_T1_ctrl,57,142,61.733333333333334,0.5712674260139465,-1.4311197361516734
UBFC_PHYS_s14_T1_ctrl,57,143,61.766666666666666,0.43517982959747314,-1.1139894122921192
UBFC_PHYS_s14_T1_ctrl,57,144,61.8,0.2616906762123108,-0.6443085523603896
UBFC_PHYS_s14_T1_ctrl,57,145,61.833333333333336,-0.05405392497777939,-0.10039788360250461
UBFC_PHYS_s14_T1_ctrl,57,146,61.86666666666667,-0.5564401745796204,0.4288839621654695
UBFC_PHYS_s14_T1_ctrl,57,147,61.9,-1.1249831914901733,0.8673816716061155
UBFC_PHYS_s14_T1_ctrl,57,148,61.93333333333333,-1.4740737676620483,1.1686836891507917
UBFC_PHYS_s14_T1_ctrl,57,149,61.96666666666667,-1.3149482011795044,1.32053796366286
UBFC_PHYS_s14_T1_ctrl,57,150,62.0,-0.6695742607116699,1.3367185449957197
UBFC_PHYS_s14_T1_ctrl,57,151,62.03333333333333,0.07082445919513702,1.2424963989699909
UBFC_PHYS_s14_T1_ctrl,57,152,62.06666666666667,0.5793504118919373,1.0616391010280388
UBFC_PHYS_s14_T1_ctrl,57,153,62.1,0.8394433259963989,0.810292777489449
UBFC_PHYS_s14_T1_ctrl,57,154,62.13333333333333,0.9253711104393005,0.49860959071156435
UBFC_PHYS_s14_T1_ctrl,57,155,62.166666666666664,0.8666213750839233,0.1372497250360036
UBFC_PHYS_s14_T1_ctrl,57,156,62.2,0.7401658296585083,-0.2554831460083374
UBFC_PHYS_s14_T1_ctrl,57,157,62.233333333333334,0.6627153158187866,-0.6494010554258955
UBFC_PHYS_s14_T1_ctrl,57,158,62.266666666666666,0.6664047837257385,-1.00298233664649
UBFC_PHYS_s14_T1_ctrl,57,159,62.3,0.668686032295227,-1.2688656431844225
UBFC_PHYS_s14_T1_ctrl,57,160,62.333333333333336,0.5770972967147827,-1.40299064102973
UBFC_PHYS_s14_T1_ctrl,57,161,62.36666666666667,0.3727969527244568,-1.3751417929581133
UBFC_PHYS_s14_T1_ctrl,57,162,62.4,0.13605186343193054,-1.1781996826489523
UBFC_PHYS_s14_T1_ctrl,57,163,62.43333333333333,-0.07450085878372192,-0.8332710429155853
UBFC_PHYS_s14_T1_ctrl,57,164,62.46666666666667,-0.3427894115447998,-0.38820551273935694
UBFC_PHYS_s14_T1_ctrl,57,165,62.5,-0.7773008346557617,0.09143057877403246
UBFC_PHYS_s14_T1_ctrl,57,166,62.53333333333333,-1.302668809890747,0.5369190227143327
UBFC_PHYS_s14_T1_ctrl,57,167,62.56666666666667,-1.61506187915802,0.8916731918533384
UBFC_PHYS_s14_T1_ctrl,57,168,62.6,-1.4072692394256592,1.121643887240795
UBFC_PHYS_s14_T1_ctrl,57,169,62.63333333333333,-0.6756013035774231,1.2174076225113117
UBFC_PHYS_s14_T1_ctrl,57,170,62.666666666666664,0.2232189029455185,1.1886856630923346
UBFC_PHYS_s14_T1_ctrl,57,171,62.7,0.8966440558433533,1.0554217484495696
UBFC_PHYS_s14_T1_ctrl,57,172,62.733333333333334,1.213824987411499,0.839900907338303
UBFC_PHYS_s14_T1_ctrl,57,173,62.766666666666666,1.2548315525054932,0.562447346607654
UBFC_PHYS_s14_T1_ctrl,57,174,62.8,1.150287389755249,0.24096266483959328
UBFC_PHYS_s14_T1_ctrl,57,175,62.833333333333336,1.001526117324829,-0.10693852321990113
UBFC_PHYS_s14_T1_ctrl,57,176,62.86666666666667,0.8668466806411743,-0.4609384328385246
UBFC_PHYS_s14_T1_ctrl,57,177,62.9,0.7743848562240601,-0.7956775946541642
UBFC_PHYS_s14_T1_ctrl,57,178,62.93333333333333,0.7327587604522705,-1.080098008408408
UBFC_PHYS_s14_T1_ctrl,57,179,62.96666666666667,0.6998915672302246,-1.2792014989357758
UBFC_PHYS_s14_T1_ctrl,57,180,63.0,0.5876587629318237,-1.3588118950711014
UBFC_PHYS_s14_T1_ctrl,57,181,63.03333333333333,0.35212472081184387,-1.2933148612215324
UBFC_PHYS_s14_T1_ctrl,57,182,63.06666666666667,0.058854833245277405,-1.074856761711701
UBFC_PHYS_s14_T1_ctrl,57,183,63.1,-0.23672446608543396,-0.7206635434202979
UBFC_PHYS_s14_T1_ctrl,57,184,63.13333333333333,-0.5726625323295593,-0.2743017935590944
UBFC_PHYS_s14_T1_ctrl,57,185,63.166666666666664,-1.0109198093414307,0.20165889004451076
UBFC_PHYS_s14_T1_ctrl,57,186,63.2,-1.4569501876831055,0.6400267161877715
UBFC_PHYS_s14_T1_ctrl,57,187,63.233333333333334,-1.6169488430023193,0.9849964323877788
UBFC_PHYS_s14_T1_ctrl,57,188,63.266666666666666,-1.2617748975753784,1.2035497969355844
UBFC_PHYS_s14_T1_ctrl,57,189,63.3,-0.5397953391075134,1.2884754203672157
UBFC_PHYS_s14_T1_ctrl,57,190,63.333333333333336,0.1805507093667984,1.2532800035011955
UBFC_PHYS_s14_T1_ctrl,57,191,63.36666666666667,0.6858096718788147,1.1225049884978324
UBFC_PHYS_s14_T1_ctrl,57,192,63.4,0.9686307311058044,0.9218452510624053
UBFC_PHYS_s14_T1_ctrl,57,193,63.43333333333333,1.0546149015426636,0.6714085218293877
UBFC_PHYS_s14_T1_ctrl,57,194,63.46666666666667,0.97110915184021,0.3837367923331018
UBFC_PHYS_s14_T1_ctrl,57,195,63.5,0.8402882218360901,0.06662724726464227
UBFC_PHYS_s14_T1_ctrl,57,196,63.53333333333333,0.8087165951728821,-0.2704851385285259
UBFC_PHYS_s14_T1_ctrl,57,197,63.56666666666667,0.8635515570640564,-0.6090405618570837
UBFC_PHYS_s14_T1_ctrl,57,198,63.6,0.8935178518295288,-0.9163179244377089
UBFC_PHYS_s14_T1_ctrl,57,199,63.63333333333333,0.8352750539779663,-1.1464318697806366
UBFC_PHYS_s14_T1_ctrl,57,200,63.666666666666664,0.6838381886482239,-1.2490986941907085
UBFC_PHYS_s14_T1_ctrl,57,201,63.7,0.4522189199924469,-1.184596540081591
UBFC_PHYS_s14_T1_ctrl,57,202,63.733333333333334,0.18621163070201874,-0.9399238223081229
UBFC_PHYS_s14_T1_ctrl,57,203,63.766666666666666,-0.06827665865421295,-0.5392947967746973
UBFC_PHYS_s14_T1_ctrl,57,204,63.8,-0.3677707314491272,-0.04316194602387833
UBFC_PHYS_s14_T1_ctrl,57,205,63.833333333333336,-0.8072953224182129,0.46567484267249737
UBFC_PHYS_s14_T1_ctrl,57,206,63.86666666666667,-1.2468481063842773,0.9041464095064908
UBFC_PHYS_s14_T1_ctrl,57,207,63.9,-1.2928677797317505,1.2102628451752047
UBFC_PHYS_s14_T1_ctrl,57,208,63.93333333333333,-0.7736958861351013,1.355481128213462
UBFC_PHYS_s14_T1_ctrl,57,209,63.96666666666667,-0.005612152628600597,1.344464509743697
UBFC_PHYS_s14_T1_ctrl,57,210,64.0,0.6176531910896301,1.2042303304073965
UBFC_PHYS_s14_T1_ctrl,57,211,64.03333333333333,0.9714471697807312,0.9686533527828162
UBFC_PHYS_s14_T1_ctrl,57,212,64.06666666666666,1.0697952508926392,0.6652008763166476
UBFC_PHYS_s14_T1_ctrl,57,213,64.1,0.9437902569770813,0.3089221045545389
UBFC_PHYS_s14_T1_ctrl,57,214,64.13333333333334,0.7426442503929138,-0.09465741228120936
UBFC_PHYS_s14_T1_ctrl,57,215,64.16666666666667,0.6275105476379395,-0.5397268502945707
UBFC_PHYS_s14_T1_ctrl,57,216,64.2,0.6344670057296753,-1.0082704833620302
UBFC_PHYS_s14_T1_ctrl,57,217,64.23333333333333,0.6911326050758362,-1.461915489144084
UBFC_PHYS_s14_T1_ctrl,57,218,64.26666666666667,0.6897525787353516,-1.8423101273048317
UBFC_PHYS_s14_T1_ctrl,57,219,64.3,0.56383216381073,-2.081729355985358
UBFC_PHYS_s14_T1_ctrl,57,220,64.33333333333333,0.3240453898906708,-2.1215117662354404
UBFC_PHYS_s14_T1_ctrl,57,221,64.36666666666666,0.022044720128178596,-1.932273065116435
UBFC_PHYS_s14_T1_ctrl,57,222,64.4,-0.2960374653339386,-1.5281221523496664
UBFC_PHYS_s14_T1_ctrl,57,223,64.43333333333334,-0.6412414312362671,-0.9682979616219326
UBFC_PHYS_s14_T1_ctrl,57,224,64.46666666666667,-1.0679514408111572,-0.34384385840777354
UBFC_PHYS_s14_T1_ctrl,57,225,64.5,-1.5288524627685547,0.2468564443135499
UBFC_PHYS_s14_T1_ctrl,57,226,64.53333333333333,-1.7280832529067993,0.7242075128208316
UBFC_PHYS_s14_T1_ctrl,57,227,64.56666666666666,-1.3706562519073486,1.044622770244532
UBFC_PHYS_s14_T1_ctrl,57,228,64.6,-0.5460477471351624,1.2033393948043478
UBFC_PHYS_s14_T1_ctrl,57,229,64.63333333333334,0.3222428858280182,1.2247705591637148
UBFC_PHYS_s14_T1_ctrl,57,230,64.66666666666667,0.904501736164093,1.147155616839553
UBFC_PHYS_s14_T1_ctrl,57,231,64.7,1.1460628509521484,1.0088971272968656
UBFC_PHYS_s14_T1_ctrl,57,232,64.73333333333333,1.1062110662460327,0.84133176348574
UBFC_PHYS_s14_T1_ctrl,57,233,64.76666666666667,0.8892932534217834,0.6683820059697327
UBFC_PHYS_s14_T1_ctrl,57,234,64.8,0.6974976658821106,0.5096610158294694
UBFC_PHYS_s14_T1_ctrl,57,235,64.83333333333333,0.6558151841163635,0.3824338434587319
UBFC_PHYS_s14_T1_ctrl,57,236,64.86666666666666,0.6884007453918457,0.30004699347889635
UBFC_PHYS_s14_T1_ctrl,57,237,64.9,0.6942024827003479,0.26784848165782654
UBFC_PHYS_s14_T1_ctrl,57,238,64.93333333333334,0.6475913524627686,0.27958375403622593
UBFC_PHYS_s14_T1_ctrl,57,239,64.96666666666667,0.5032235980033875,0.3171445539222165
UBFC_PHYS_s14_T1_ctrl,58,0,58.0,0.6294820308685303,0.09470140799787266
UBFC_PHYS_s14_T1_ctrl,58,1,58.03333333333333,0.5074481964111328,-0.3260146132033486
UBFC_PHYS_s14_T1_ctrl,58,2,58.06666666666667,0.5142074823379517,-0.6788708348130724
UBFC_PHYS_s14_T1_ctrl,58,3,58.1,0.5533552169799805,-0.9052867723138608
UBFC_PHYS_s14_T1_ctrl,58,4,58.13333333333333,0.5278387665748596,-0.9659438448516028
UBFC_PHYS_s14_T1_ctrl,58,5,58.166666666666664,0.4144512414932251,-0.8485262959080676
UBFC_PHYS_s14_T1_ctrl,58,6,58.2,0.21555833518505096,-0.5713093170069552
UBFC_PHYS_s14_T1_ctrl,58,7,58.233333333333334,-0.09275101870298386,-0.1805738904632461
UBFC_PHYS_s14_T1_ctrl,58,8,58.266666666666666,-0.4891568124294281,0.25863245481617037
UBFC_PHYS_s14_T1_ctrl,58,9,58.3,-0.9090230464935303,0.6764944332202314
UBFC_PHYS_s14_T1_ctrl,58,10,58.333333333333336,-1.3312832117080688,1.012807617926953
UBFC_PHYS_s14_T1_ctrl,58,11,58.36666666666667,-1.61593496799469,1.2267778261201367
UBFC_PHYS_s14_T1_ctrl,58,12,58.4,-1.424167513847351,1.299706036516235
UBFC_PHYS_s14_T1_ctrl,58,13,58.43333333333333,-0.6323134899139404,1.2316889330468743
UBFC_PHYS_s14_T1_ctrl,58,14,58.46666666666667,0.3782888948917389,1.0358092852183893
UBFC_PHYS_s14_T1_ctrl,58,15,58.5,1.135585904121399,0.7332899797539514
UBFC_PHYS_s14_T1_ctrl,58,16,58.53333333333333,1.52103590965271,0.3512679405841108
UBFC_PHYS_s14_T1_ctrl,58,17,58.56666666666667,1.6569263935089111,-0.07726716815273903
UBFC_PHYS_s14_T1_ctrl,58,18,58.6,1.606203317642212,-0.5129331126112561
UBFC_PHYS_s14_T1_ctrl,58,19,58.63333333333333,1.4402903318405151,-0.9104782181913749
UBFC_PHYS_s14_T1_ctrl,58,20,58.666666666666664,1.292739987373352,-1.2216777796337281
UBFC_PHYS_s14_T1_ctrl,58,21,58.7,1.2542119026184082,-1.401300594772632
UBFC_PHYS_s14_T1_ctrl,58,22,58.733333333333334,1.308680772781372,-1.4158637590201617
UBFC_PHYS_s14_T1_ctrl,58,23,58.766666666666666,1.3332678079605103,-1.253393863231711
UBFC_PHYS_s14_T1_ctrl,58,24,58.8,1.0596280097961426,-0.9307398786857971
UBFC_PHYS_s14_T1_ctrl,58,25,58.833333333333336,0.29968366026878357,-0.4943282002359955
UBFC_PHYS_s14_T1_ctrl,58,26,58.86666666666667,-0.7102428078651428,-0.011817151616998778
UBFC_PHYS_s14_T1_ctrl,58,27,58.9,-1.4913382530212402,0.44384540798608735
UBFC_PHYS_s14_T1_ctrl,58,28,58.93333333333333,-1.8977985382080078,0.8117137814325542
UBFC_PHYS_s14_T1_ctrl,58,29,58.96666666666667,-2.086101770401001,1.0538966254737505
UBFC_PHYS_s14_T1_ctrl,58,30,59.0,-1.9973576068878174,1.156879507666186
UBFC_PHYS_s14_T1_ctrl,58,31,59.03333333333333,-1.4591469764709473,1.1254707927427345
UBFC_PHYS_s14_T1_ctrl,58,32,59.06666666666667,-0.7147771716117859,0.9746073891571656
UBFC_PHYS_s14_T1_ctrl,58,33,59.1,-0.12299896031618118,0.723529336097451
UBFC_PHYS_s14_T1_ctrl,58,34,59.13333333333333,0.23907512426376343,0.39425719556165667
UBFC_PHYS_s14_T1_ctrl,58,35,59.166666666666664,0.3965672254562378,0.013540133093867913
UBFC_PHYS_s14_T1_ctrl,58,36,59.2,0.32598868012428284,-0.38433443030045766
UBFC_PHYS_s14_T1_ctrl,58,37,59.233333333333334,0.13776986300945282,-0.7566502047650658
UBFC_PHYS_s14_T1_ctrl,58,38,59.266666666666666,0.02488926611840725,-1.054883270912662
UBFC_PHYS_s14_T1_ctrl,58,39,59.3,0.012018399313092232,-1.2310076761704223
UBFC_PHYS_s14_T1_ctrl,58,40,59.333333333333336,0.013820883817970753,-1.2467927505699021
UBFC_PHYS_s14_T1_ctrl,58,41,59.36666666666667,0.058404214680194855,-1.0845278087097543
UBFC_PHYS_s14_T1_ctrl,58,42,59.4,0.23777958750724792,-0.7561589244451898
UBFC_PHYS_s14_T1_ctrl,58,43,59.43333333333333,0.5032517910003662,-0.30654819216126933
UBFC_PHYS_s14_T1_ctrl,58,44,59.46666666666667,0.6519567370414734,0.19293658061363686
UBFC_PHYS_s14_T1_ctrl,58,45,59.5,0.5454130172729492,0.6605583297380164
UBFC_PHYS_s14_T1_ctrl,58,46,59.53333333333333,0.21747347712516785,1.0242424879499996
UBFC_PHYS_s14_T1_ctrl,58,47,59.56666666666667,-0.18898679316043854,1.2366922240109177
UBFC_PHYS_s14_T1_ctrl,58,48,59.6,-0.4657808244228363,1.2801411627816093
UBFC_PHYS_s14_T1_ctrl,58,49,59.63333333333333,-0.3764452040195465,1.1617707786447216
UBFC_PHYS_s14_T1_ctrl,58,50,59.666666666666664,0.11535146087408066,0.9051129555700838
UBFC_PHYS_s14_T1_ctrl,58,51,59.7,0.7732020020484924,0.5429059532687898
UBFC_PHYS_s14_T1_ctrl,58,52,59.733333333333334,1.3224246501922607,0.11391997453533594
UBFC_PHYS_s14_T1_ctrl,58,53,59.766666666666666,1.5968530178070068,-0.3371828376242405
UBFC_PHYS_s14_T1_ctrl,58,54,59.8,1.5396240949630737,-0.759659006131247
UBFC_PHYS_s14_T1_ctrl,58,55,59.833333333333336,1.2579576969146729,-1.0988851691842656
UBFC_PHYS_s14_T1_ctrl,58,56,59.86666666666667,0.9517606496810913,-1.3026971091957877
UBFC_PHYS_s14_T1_ctrl,58,57,59.9,0.7433764934539795,-1.331733621812308
UBFC_PHYS_s14_T1_ctrl,58,58,59.93333333333333,0.658716082572937,-1.1710718753666352
UBFC_PHYS_s14_T1_ctrl,58,59,59.96666666666667,0.6664611101150513,-0.8383255012314038
UBFC_PHYS_s14_T1_ctrl,58,60,60.0,0.6628561615943909,-0.38331143101692466
UBFC_PHYS_s14_T1_ctrl,58,61,60.03333333333333,0.5674371123313904,0.12244722758937511
UBFC_PHYS_s14_T1_ctrl,58,62,60.06666666666667,0.42796987295150757,0.6027138475261692
UBFC_PHYS_s14_T1_ctrl,58,63,60.1,0.2501153349876404,0.9928291824865176
UBFC_PHYS_s14_T1_ctrl,58,64,60.13333333333333,-0.06030629575252533,1.2494837152443308
UBFC_PHYS_s14_T1_ctrl,58,65,60.166666666666664,-0.4401799142360687,1.3525642977459715
UBFC_PHYS_s14_T1_ctrl,58,66,60.2,-0.520193338394165,1.3014326630675794
UBFC_PHYS_s14_T1_ctrl,58,67,60.233333333333334,0.027621157467365265,1.1093782323759531
UBFC_PHYS_s14_T1_ctrl,58,68,60.266666666666666,1.0475739240646362,0.7991535903242909
UBFC_PHYS_s14_T1_ctrl,58,69,60.3,1.8149818181991577,0.40071070079311794
UBFC_PHYS_s14_T1_ctrl,58,70,60.333333333333336,1.5431164503097534,-0.04921544149543469
UBFC_PHYS_s14_T1_ctrl,58,71,60.36666666666667,0.20857371389865875,-0.5068779152705432
UBFC_PHYS_s14_T1_ctrl,58,72,60.4,-1.2215570211410522,-0.9222750334018731
UBFC_PHYS_s14_T1_ctrl,58,73,60.43333333333333,-1.8298392295837402,-1.2425741908945134
UBFC_PHYS_s14_T1_ctrl,58,74,60.46666666666667,-1.6482107639312744,-1.4193165786083577
UBFC_PHYS_s14_T1_ctrl,58,75,60.5,-1.1942662000656128,-1.4189005199882112
UBFC_PHYS_s14_T1_ctrl,58,76,60.53333333333333,-0.798170268535614,-1.2333786714781358
UBFC_PHYS_s14_T1_ctrl,58,77,60.56666666666667,-0.5920110940933228,-0.8867466953230378
UBFC_PHYS_s14_T1_ctrl,58,78,60.6,-0.5826325416564941,-0.43235565781297597
UBFC_PHYS_s14_T1_ctrl,58,79,60.63333333333333,-0.6700530052185059,0.059393171993856846
UBFC_PHYS_s14_T1_ctrl,58,80,60.666666666666664,-0.8340509533882141,0.5186382387431041
UBFC_PHYS_s14_T1_ctrl,58,81,60.7,-1.1488943099975586,0.8912523829727336
UBFC_PHYS_s14_T1_ctrl,58,82,60.733333333333334,-1.5033642053604126,1.145558851973785
UBFC_PHYS_s14_T1_ctrl,58,83,60.766666666666666,-1.5150803327560425,1.2696508542049143
UBFC_PHYS_s14_T1_ctrl,58,84,60.8,-0.9543949961662292,1.2635650836455212
UBFC_PHYS_s14_T1_ctrl,58,85,60.833333333333336,-0.09742621332406998,1.1324876287777494
UBFC_PHYS_s14_T1_ctrl,58,86,60.86666666666667,0.6175124049186707,0.8848950326970455
UBFC_PHYS_s14_T1_ctrl,58,87,60.9,1.0133267641067505,0.5354687774005518
UBFC_PHYS_s14_T1_ctrl,58,88,60.93333333333333,1.1648480892181396,0.10987240551567866
UBFC_PHYS_s14_T1_ctrl,58,89,60.96666666666667,1.1700866222381592,-0.35201174414043557
UBFC_PHYS_s14_T1_ctrl,58,90,61.0,1.097987174987793,-0.7967230064489327
UBFC_PHYS_s14_T1_ctrl,58,91,61.03333333333333,1.0151010751724243,-1.162643287746501
UBFC_PHYS_s14_T1_ctrl,58,92,61.06666666666667,0.9299055337905884,-1.3900017213991291
UBFC_PHYS_s14_T1_ctrl,58,93,61.1,0.7739624381065369,-1.4340357954341323
UBFC_PHYS_s14_T1_ctrl,58,94,61.13333333333333,0.5174463391304016,-1.278086468576497
UBFC_PHYS_s14_T1_ctrl,58,95,61.166666666666664,0.2280067503452301,-0.9418318843582298
UBFC_PHYS_s14_T1_ctrl,58,96,61.2,-0.056166213005781174,-0.47998065623847563
UBFC_PHYS_s14_T1_ctrl,58,97,61.233333333333334,-0.4246335029602051,0.030242723771856855
UBFC_PHYS_s14_T1_ctrl,58,98,61.266666666666666,-0.9621400237083435,0.5091679714640274
UBFC_PHYS_s14_T1_ctrl,58,99,61.3,-1.5278385877609253,0.894305423307081
UBFC_PHYS_s14_T1_ctrl,58,100,61.333333333333336,-1.801196575164795,1.1514006765671496
UBFC_PHYS_s14_T1_ctrl,58,101,61.36666666666667,-1.5506230592727661,1.2732560820141459
UBFC_PHYS_s14_T1_ctrl,58,102,61.4,-0.8452320098876953,1.269275458406402
UBFC_PHYS_s14_T1_ctrl,58,103,61.43333333333333,0.0057660313323140144,1.1532175366216273
UBFC_PHYS_s14_T1_ctrl,58,104,61.46666666666667,0.7042006254196167,0.9361822910140505
UBFC_PHYS_s14_T1_ctrl,58,105,61.5,1.09207284450531,0.627489013928479
UBFC_PHYS_s14_T1_ctrl,58,106,61.53333333333333,1.1304882764816284,0.24112709419232595
UBFC_PHYS_s14_T1_ctrl,58,107,61.56666666666667,0.9424947500228882,-0.1971520079178576
UBFC_PHYS_s14_T1_ctrl,58,108,61.6,0.7383915185928345,-0.6462691706650993
UBFC_PHYS_s14_T1_ctrl,58,109,61.63333333333333,0.6655598878860474,-1.051626335986579
UBFC_PHYS_s14_T1_ctrl,58,110,61.666666666666664,0.6897525787353516,-1.3524277369771325
UBFC_PHYS_s14_T1_ctrl,58,111,61.7,0.6751918792724609,-1.4935716039088671
UBFC_PHYS_s14_T1_ctrl,58,112,61.733333333333334,0.5712674260139465,-1.4398309199732364
UBFC_PHYS_s14_T1_ctrl,58,113,61.766666666666666,0.43517982959747314,-1.1882994591516716
UBFC_PHYS_s14_T1_ctrl,58,114,61.8,0.2616906762123108,-0.7738800859302496
UBFC_PHYS_s14_T1_ctrl,58,115,61.833333333333336,-0.05405392497777939,-0.26376762064719633
UBFC_PHYS_s14_T1_ctrl,58,116,61.86666666666667,-0.5564401745796204,0.2588490446286722
UBFC_PHYS_s14_T1_ctrl,58,117,61.9,-1.1249831914901733,0.7163342009850092
UBFC_PHYS_s14_T1_ctrl,58,118,61.93333333333333,-1.4740737676620483,1.0547774069644902
UBFC_PHYS_s14_T1_ctrl,58,119,61.96666666666667,-1.3149482011795044,1.2515948124587448
UBFC_PHYS_s14_T1_ctrl,58,120,62.0,-0.6695742607116699,1.3109968803138388
UBFC_PHYS_s14_T1_ctrl,58,121,62.03333333333333,0.07082445919513702,1.2518477358029025
UBFC_PHYS_s14_T1_ctrl,58,122,62.06666666666667,0.5793504118919373,1.0951117335242764
UBFC_PHYS_s14_T1_ctrl,58,123,62.1,0.8394433259963989,0.8566533921009831
UBFC_PHYS_s14_T1_ctrl,58,124,62.13333333333333,0.9253711104393005,0.5473179362997065
UBFC_PHYS_s14_T1_ctrl,58,125,62.166666666666664,0.8666213750839233,0.17841301318534072
UBFC_PHYS_s14_T1_ctrl,58,126,62.2,0.7401658296585083,-0.23122708124862743
UBFC_PHYS_s14_T1_ctrl,58,127,62.233333333333334,0.6627153158187866,-0.6502863791000879
UBFC_PHYS_s14_T1_ctrl,58,128,62.266666666666666,0.6664047837257385,-1.0344664701334363
UBFC_PHYS_s14_T1_ctrl,58,129,62.3,0.668686032295227,-1.3311947579273673
UBFC_PHYS_s14_T1_ctrl,58,130,62.333333333333336,0.5770972967147827,-1.4890068190143535
UBFC_PHYS_s14_T1_ctrl,58,131,62.36666666666667,0.3727969527244568,-1.469893648402286
UBFC_PHYS_s14_T1_ctrl,58,132,62.4,0.13605186343193054,-1.2615714791664745
UBFC_PHYS_s14_T1_ctrl,58,133,62.43333333333333,-0.07450085878372192,-0.885448293939124
UBFC_PHYS_s14_T1_ctrl,58,134,62.46666666666667,-0.3427894115447998,-0.395990221776453
UBFC_PHYS_s14_T1_ctrl,58,135,62.5,-0.7773008346557617,0.13045553315419414
UBFC_PHYS_s14_T1_ctrl,58,136,62.53333333333333,-1.302668809890747,0.6146185887798429
UBFC_PHYS_s14_T1_ctrl,58,137,62.56666666666667,-1.61506187915802,0.9939467762326216
UBFC_PHYS_s14_T1_ctrl,58,138,62.6,-1.4072692394256592,1.2349509038939133
UBFC_PHYS_s14_T1_ctrl,58,139,62.63333333333333,-0.6756013035774231,1.3337418571065578
UBFC_PHYS_s14_T1_ctrl,58,140,62.666666666666664,0.2232189029455185,1.3063665135772065
UBFC_PHYS_s14_T1_ctrl,58,141,62.7,0.8966440558433533,1.1754778722080614
UBFC_PHYS_s14_T1_ctrl,58,142,62.733333333333334,1.213824987411499,0.9605246973669155
UBFC_PHYS_s14_T1_ctrl,58,143,62.766666666666666,1.2548315525054932,0.675285951689809
UBFC_PHYS_s14_T1_ctrl,58,144,62.8,1.150287389755249,0.33179300494089914
UBFC_PHYS_s14_T1_ctrl,58,145,62.833333333333336,1.001526117324829,-0.05343931970891932
UBFC_PHYS_s14_T1_ctrl,58,146,62.86666666666667,0.8668466806411743,-0.45483225222219203
UBFC_PHYS_s14_T1_ctrl,58,147,62.9,0.7743848562240601,-0.8367068000183107
UBFC_PHYS_s14_T1_ctrl,58,148,62.93333333333333,0.7327587604522705,-1.155878683236703
UBFC_PHYS_s14_T1_ctrl,58,149,62.96666666666667,0.6998915672302246,-1.3673082405402808
UBFC_PHYS_s14_T1_ctrl,58,150,63.0,0.5876587629318237,-1.4322793140844177
UBFC_PHYS_s14_T1_ctrl,58,151,63.03333333333333,0.35212472081184387,-1.328185709087797
UBFC_PHYS_s14_T1_ctrl,58,152,63.06666666666667,0.058854833245277405,-1.0575655607556296
UBFC_PHYS_s14_T1_ctrl,58,153,63.1,-0.23672446608543396,-0.6525427758786504
UBFC_PHYS_s14_T1_ctrl,58,154,63.13333333333333,-0.5726625323295593,-0.17102292141984515
UBFC_PHYS_s14_T1_ctrl,58,155,63.166666666666664,-1.0109198093414307,0.3159972494995758
UBFC_PHYS_s14_T1_ctrl,58,156,63.2,-1.4569501876831055,0.7417414961951048
UBFC_PHYS_s14_T1_ctrl,58,157,63.233333333333334,-1.6169488430023193,1.058263402807478
UBFC_PHYS_s14_T1_ctrl,58,158,63.266666666666666,-1.2617748975753784,1.2426673648410402
UBFC_PHYS_s14_T1_ctrl,58,159,63.3,-0.5397953391075134,1.2941012870063446
UBFC_PHYS_s14_T1_ctrl,58,160,63.333333333333336,0.1805507093667984,1.225237142277835
UBFC_PHYS_s14_T1_ctrl,58,161,63.36666666666667,0.6858096718788147,1.0537463499879662
UBFC_PHYS_s14_T1_ctrl,58,162,63.4,0.9686307311058044,0.7977288997193411
UBFC_PHYS_s14_T1_ctrl,58,163,63.43333333333333,1.0546149015426636,0.4756684196873565
UBFC_PHYS_s14_T1_ctrl,58,164,63.46666666666667,0.97110915184021,0.1086363555784107
UBFC_PHYS_s14_T1_ctrl,58,165,63.5,0.8402882218360901,-0.27804420384639145
UBFC_PHYS_s14_T1_ctrl,58,166,63.53333333333333,0.8087165951728821,-0.654672961572102
UBFC_PHYS_s14_T1_ctrl,58,167,63.56666666666667,0.8635515570640564,-0.9878832350381912
UBFC_PHYS_s14_T1_ctrl,58,168,63.6,0.8935178518295288,-1.2418403523459252
UBFC_PHYS_s14_T1_ctrl,58,169,63.63333333333333,0.8352750539779663,-1.3809372508691307
UBFC_PHYS_s14_T1_ctrl,58,170,63.666666666666664,0.6838381886482239,-1.3753036829930896
UBFC_PHYS_s14_T1_ctrl,58,171,63.7,0.4522189199924469,-1.209061980994309
UBFC_PHYS_s14_T1_ctrl,58,172,63.733333333333334,0.18621163070201874,-0.8889200531751077
UBFC_PHYS_s14_T1_ctrl,58,173,63.766666666666666,-0.06827665865421295,-0.4488964275271281
UBFC_PHYS_s14_T1_ctrl,58,174,63.8,-0.3677707314491272,0.052742205843642614
UBFC_PHYS_s14_T1_ctrl,58,175,63.833333333333336,-0.8072953224182129,0.5451468816400401
UBFC_PHYS_s14_T1_ctrl,58,176,63.86666666666667,-1.2468481063842773,0.9612335734927786
UBFC_PHYS_s14_T1_ctrl,58,177,63.9,-1.2928677797317505,1.2519323151346284
UBFC_PHYS_s14_T1_ctrl,58,178,63.93333333333333,-0.7736958861351013,1.3930837331118437
UBFC_PHYS_s14_T1_ctrl,58,179,63.96666666666667,-0.005612152628600597,1.384101982951326
UBFC_PHYS_s14_T1_ctrl,58,180,64.0,0.6176531910896301,1.2414393279579956
UBFC_PHYS_s14_T1_ctrl,58,181,64.03333333333333,0.9714471697807312,0.9911513814945755
UBFC_PHYS_s14_T1_ctrl,58,182,64.06666666666666,1.0697952508926392,0.6633085427847877
UBFC_PHYS_s14_T1_ctrl,58,183,64.1,0.9437902569770813,0.2886235056114988
UBFC_PHYS_s14_T1_ctrl,58,184,64.13333333333334,0.7426442503929138,-0.10343965564237653
UBFC_PHYS_s14_T1_ctrl,58,185,64.16666666666667,0.6275105476379395,-0.48546642758442926
UBFC_PHYS_s14_T1_ctrl,58,186,64.2,0.6344670057296753,-0.8315252882480744
UBFC_PHYS_s14_T1_ctrl,58,187,64.23333333333333,0.6911326050758362,-1.1152218989802147
UBFC_PHYS_s14_T1_ctrl,58,188,64.26666666666667,0.6897525787353516,-1.3078313786837688
UBFC_PHYS_s14_T1_ctrl,58,189,64.3,0.56383216381073,-1.3792083930523837
UBFC_PHYS_s14_T1_ctrl,58,190,64.33333333333333,0.3240453898906708,-1.3035658124261076
UBFC_PHYS_s14_T1_ctrl,58,191,64.36666666666666,0.022044720128178596,-1.0695683689169144
UBFC_PHYS_s14_T1_ctrl,58,192,64.4,-0.2960374653339386,-0.6907989537521734
UBFC_PHYS_s14_T1_ctrl,58,193,64.43333333333334,-0.6412414312362671,-0.21075779529759972
UBFC_PHYS_s14_T1_ctrl,58,194,64.46666666666667,-1.0679514408111572,0.3021035693656979
UBFC_PHYS_s14_T1_ctrl,58,195,64.5,-1.5288524627685547,0.7693183849466431
UBFC_PHYS_s14_T1_ctrl,58,196,64.53333333333333,-1.7280832529067993,1.1218470347486116
UBFC_PHYS_s14_T1_ctrl,58,197,64.56666666666666,-1.3706562519073486,1.315873248752737
UBFC_PHYS_s14_T1_ctrl,58,198,64.6,-0.5460477471351624,1.339096197965326
UBFC_PHYS_s14_T1_ctrl,58,199,64.63333333333334,0.3222428858280182,1.2069660231965567
UBFC_PHYS_s14_T1_ctrl,58,200,64.66666666666667,0.904501736164093,0.9528723715310299
UBFC_PHYS_s14_T1_ctrl,58,201,64.7,1.1460628509521484,0.6175750393052012
UBFC_PHYS_s14_T1_ctrl,58,202,64.73333333333333,1.1062110662460327,0.2411280327370192
UBFC_PHYS_s14_T1_ctrl,58,203,64.76666666666667,0.8892932534217834,-0.14202048747178178
UBFC_PHYS_s14_T1_ctrl,58,204,64.8,0.6974976658821106,-0.5047956365287823
UBFC_PHYS_s14_T1_ctrl,58,205,64.83333333333333,0.6558151841163635,-0.8260381432988212
UBFC_PHYS_s14_T1_ctrl,58,206,64.86666666666666,0.6884007453918457,-1.086538601317856
UBFC_PHYS_s14_T1_ctrl,58,207,64.9,0.6942024827003479,-1.2647861018015987
UBFC_PHYS_s14_T1_ctrl,58,208,64.93333333333334,0.6475913524627686,-1.3355222805650826
UBFC_PHYS_s14_T1_ctrl,58,209,64.96666666666667,0.5032235980033875,-1.2734842817994128
UBFC_PHYS_s14_T1_ctrl,58,210,65.0,0.223922997713089,-1.06236318047561
UBFC_PHYS_s14_T1_ctrl,58,211,65.03333333333333,-0.11215589195489883,-0.7059793046512579
UBFC_PHYS_s14_T1_ctrl,58,212,65.06666666666666,-0.4390251934528351,-0.23650142937355387
UBFC_PHYS_s14_T1_ctrl,58,213,65.1,-0.8164204359054565,0.2854649164307565
UBFC_PHYS_s14_T1_ctrl,58,214,65.13333333333334,-1.313906192779541,0.7813735523089376
UBFC_PHYS_s14_T1_ctrl,58,215,65.16666666666667,-1.8199255466461182,1.1734632327603787
UBFC_PHYS_s14_T1_ctrl,58,216,65.2,-1.9943158626556396,1.4046326849980102
UBFC_PHYS_s14_T1_ctrl,58,217,65.23333333333333,-1.553017020225525,1.4512086151676393
UBFC_PHYS_s14_T1_ctrl,58,218,65.26666666666667,-0.6409034729003906,1.3242382406939202
UBFC_PHYS_s14_T1_ctrl,58,219,65.3,0.2590714395046234,1.0608452184116337
UBFC_PHYS_s14_T1_ctrl,58,220,65.33333333333333,0.8350779414176941,0.7109768005318354
UBFC_PHYS_s14_T1_ctrl,58,221,65.36666666666666,1.0679645538330078,0.3251283141708138
UBFC_PHYS_s14_T1_ctrl,58,222,65.4,1.0461094379425049,-0.05366659328645851
UBFC_PHYS_s14_T1_ctrl,58,223,65.43333333333334,0.872958242893219,-0.39299857580653946
UBFC_PHYS_s14_T1_ctrl,58,224,65.46666666666667,0.6738681793212891,-0.6703155368309008
UBFC_PHYS_s14_T1_ctrl,58,225,65.5,0.5749850273132324,-0.8697060145273853
UBFC_PHYS_s14_T1_ctrl,58,226,65.53333333333333,0.6019096374511719,-0.9781763892531199
UBFC_PHYS_s14_T1_ctrl,58,227,65.56666666666666,0.6259615421295166,-0.9836051421436772
UBFC_PHYS_s14_T1_ctrl,58,228,65.6,0.5180377960205078,-0.8760456529829564
UBFC_PHYS_s14_T1_ctrl,58,229,65.63333333333334,0.28281354904174805,-0.6526553900352972
UBFC_PHYS_s14_T1_ctrl,58,230,65.66666666666667,-0.005893790628761053,-0.3246249042283972
UBFC_PHYS_s14_T1_ctrl,58,231,65.7,-0.3000085651874542,0.07712704711188385
UBFC_PHYS_s14_T1_ctrl,58,232,65.73333333333333,-0.5612561702728271,0.5011197623454893
UBFC_PHYS_s14_T1_ctrl,58,233,65.76666666666667,-0.8223348259925842,0.8815476505129599
UBFC_PHYS_s14_T1_ctrl,58,234,65.8,-1.2008565664291382,1.1508716954479596
UBFC_PHYS_s14_T1_ctrl,58,235,65.83333333333333,-1.6077111959457397,1.255132533651994
UBFC_PHYS_s14_T1_ctrl,58,236,65.86666666666666,-1.6568288803100586,1.1670581323830744
UBFC_PHYS_s14_T1_ctrl,58,237,65.9,-1.1292078495025635,0.8929013814673952
UBFC_PHYS_s14_T1_ctrl,58,238,65.93333333333334,-0.2895316481590271,0.47142740866481364
UBFC_PHYS_s14_T1_ctrl,58,239,65.96666666666667,0.45914721488952637,-0.03369734872884399
UBFC_PHYS_s14_T1_ctrl,59,0,59.0,-1.9973576068878174,0.04866403365687944
UBFC_PHYS_s14_T1_ctrl,59,1,59.03333333333333,-1.4591469764709473,0.180157215437894
UBFC_PHYS_s14_T1_ctrl,59,2,59.06666666666667,-0.7147771716117859,0.29572880369080945
UBFC_PHYS_s14_T1_ctrl,59,3,59.1,-0.12299896031618118,0.38103388225444884
UBFC_PHYS_s14_T1_ctrl,59,4,59.13333333333333,0.23907512426376343,0.4247778550031967
UBFC_PHYS_s14_T1_ctrl,59,5,59.166666666666664,0.3965672254562378,0.4229593559799925
UBFC_PHYS_s14_T1_ctrl,59,6,59.2,0.32598868012428284,0.38264766611292955
UBFC_PHYS_s14_T1_ctrl,59,7,59.233333333333334,0.13776986300945282,0.3221759316935113
UBFC_PHYS_s14_T1_ctrl,59,8,59.266666666666666,0.02488926611840725,0.2663804793107224
UBFC_PHYS_s14_T1_ctrl,59,9,59.3,0.012018399313092232,0.2383103992843738
UBFC_PHYS_s14_T1_ctrl,59,10,59.333333333333336,0.013820883817970753,0.2506028989952945
UBFC_PHYS_s14_T1_ctrl,59,11,59.36666666666667,0.058404214680194855,0.2998617337671007
UBFC_PHYS_s14_T1_ctrl,59,12,59.4,0.23777958750724792,0.3662930871880956
UBFC_PHYS_s14_T1_ctrl,59,13,59.43333333333333,0.5032517910003662,0.4191607179779216
UBFC_PHYS_s14_T1_ctrl,59,14,59.46666666666667,0.6519567370414734,0.42677981768173223
UBFC_PHYS_s14_T1_ctrl,59,15,59.5,0.5454130172729492,0.3678716055199821
UBFC_PHYS_s14_T1_ctrl,59,16,59.53333333333333,0.21747347712516785,0.2396971164272588
UBFC_PHYS_s14_T1_ctrl,59,17,59.56666666666667,-0.18898679316043854,0.05905912672810068
UBFC_PHYS_s14_T1_ctrl,59,18,59.6,-0.4657808244228363,-0.14438827208760988
UBFC_PHYS_s14_T1_ctrl,59,19,59.63333333333333,-0.3764452040195465,-0.3391454567557077
UBFC_PHYS_s14_T1_ctrl,59,20,59.666666666666664,0.11535146087408066,-0.5019290776608583
UBFC_PHYS_s14_T1_ctrl,59,21,59.7,0.7732020020484924,-0.6225163461806149
UBFC_PHYS_s14_T1_ctrl,59,22,59.733333333333334,1.3224246501922607,-0.7020603733493371
UBFC_PHYS_s14_T1_ctrl,59,23,59.766666666666666,1.5968530178070068,-0.7466147648953851
UBFC_PHYS_s14_T1_ctrl,59,24,59.8,1.5396240949630737,-0.7592378388735388
UBFC_PHYS_s14_T1_ctrl,59,25,59.833333333333336,1.2579576969146729,-0.7343017722085892
UBFC_PHYS_s14_T1_ctrl,59,26,59.86666666666667,0.9517606496810913,-0.6569926708397619
UBFC_PHYS_s14_T1_ctrl,59,27,59.9,0.7433764934539795,-0.5091996133002622
UBFC_PHYS_s14_T1_ctrl,59,28,59.93333333333333,0.658716082572937,-0.2800687636684989
UBFC_PHYS_s14_T1_ctrl,59,29,59.96666666666667,0.6664611101150513,0.02327815038908434
UBFC_PHYS_s14_T1_ctrl,59,30,60.0,0.6628561615943909,0.37030687458653644
UBFC_PHYS_s14_T1_ctrl,59,31,60.03333333333333,0.5674371123313904,0.7104777109103354
UBFC_PHYS_s14_T1_ctrl,59,32,60.06666666666667,0.42796987295150757,0.9849121705094029
UBFC_PHYS_s14_T1_ctrl,59,33,60.1,0.2501153349876404,1.141811653937041
UBFC_PHYS_s14_T1_ctrl,59,34,60.13333333333333,-0.06030629575252533,1.1497812784667067
UBFC_PHYS_s14_T1_ctrl,59,35,60.166666666666664,-0.4401799142360687,1.0046787557718309
UBFC_PHYS_s14_T1_ctrl,59,36,60.2,-0.520193338394165,0.7286311758781379
UBFC_PHYS_s14_T1_ctrl,59,37,60.233333333333334,0.027621157467365265,0.3628469276594323
UBFC_PHYS_s14_T1_ctrl,59,38,60.266666666666666,1.0475739240646362,-0.04243194032309631
UBFC_PHYS_s14_T1_ctrl,59,39,60.3,1.8149818181991577,-0.4373870895169467
UBFC_PHYS_s14_T1_ctrl,59,40,60.333333333333336,1.5431164503097534,-0.7791759305557997
UBFC_PHYS_s14_T1_ctrl,59,41,60.36666666666667,0.20857371389865875,-1.0349010397005751
UBFC_PHYS_s14_T1_ctrl,59,42,60.4,-1.2215570211410522,-1.181749477034257
UBFC_PHYS_s14_T1_ctrl,59,43,60.43333333333333,-1.8298392295837402,-1.205900418482529
UBFC_PHYS_s14_T1_ctrl,59,44,60.46666666666667,-1.6482107639312744,-1.101939467629793
UBFC_PHYS_s14_T1_ctrl,59,45,60.5,-1.1942662000656128,-0.8739299788635235
UBFC_PHYS_s14_T1_ctrl,59,46,60.53333333333333,-0.798170268535614,-0.5380669202004259
UBFC_PHYS_s14_T1_ctrl,59,47,60.56666666666667,-0.5920110940933228,-0.12521686698551676
UBFC_PHYS_s14_T1_ctrl,59,48,60.6,-0.5826325416564941,0.3195394147834804
UBFC_PHYS_s14_T1_ctrl,59,49,60.63333333333333,-0.6700530052185059,0.7424032187126915
UBFC_PHYS_s14_T1_ctrl,59,50,60.666666666666664,-0.8340509533882141,1.0902983894466185
UBFC_PHYS_s14_T1_ctrl,59,51,60.7,-1.1488943099975586,1.3204054603380444
UBFC_PHYS_s14_T1_ctrl,59,52,60.733333333333334,-1.5033642053604126,1.4061281781096424
UBFC_PHYS_s14_T1_ctrl,59,53,60.766666666666666,-1.5150803327560425,1.3383871792896638
UBFC_PHYS_s14_T1_ctrl,59,54,60.8,-0.9543949961662292,1.1238130034012233
UBFC_PHYS_s14_T1_ctrl,59,55,60.833333333333336,-0.09742621332406998,0.7823960167201006
UBFC_PHYS_s14_T1_ctrl,59,56,60.86666666666667,0.6175124049186707,0.3460258019676442
UBFC_PHYS_s14_T1_ctrl,59,57,60.9,1.0133267641067505,-0.14250242637963803
UBFC_PHYS_s14_T1_ctrl,59,58,60.93333333333333,1.1648480892181396,-0.6313926009003827
UBFC_PHYS_s14_T1_ctrl,59,59,60.96666666666667,1.1700866222381592,-1.0638207793788275
UBFC_PHYS_s14_T1_ctrl,59,60,61.0,1.097987174987793,-1.3842913167417736
UBFC_PHYS_s14_T1_ctrl,59,61,61.03333333333333,1.0151010751724243,-1.5467852917425122
UBFC_PHYS_s14_T1_ctrl,59,62,61.06666666666667,0.9299055337905884,-1.5234161770137318
UBFC_PHYS_s14_T1_ctrl,59,63,61.1,0.7739624381065369,-1.3116932554782506
UBFC_PHYS_s14_T1_ctrl,59,64,61.13333333333333,0.5174463391304016,-0.9379576201251285
UBFC_PHYS_s14_T1_ctrl,59,65,61.166666666666664,0.2280067503452301,-0.45468295713735557
UBFC_PHYS_s14_T1_ctrl,59,66,61.2,-0.056166213005781174,0.06922949697824299
UBFC_PHYS_s14_T1_ctrl,59,67,61.233333333333334,-0.4246335029602051,0.5632120141392017
UBFC_PHYS_s14_T1_ctrl,59,68,61.266666666666666,-0.9621400237083435,0.9698345115369577
UBFC_PHYS_s14_T1_ctrl,59,69,61.3,-1.5278385877609253,1.2538296252369874
UBFC_PHYS_s14_T1_ctrl,59,70,61.333333333333336,-1.801196575164795,1.4023417716876623
UBFC_PHYS_s14_T1_ctrl,59,71,61.36666666666667,-1.5506230592727661,1.4179889857893289
UBFC_PHYS_s14_T1_ctrl,59,72,61.4,-0.8452320098876953,1.3096591458758955
UBFC_PHYS_s14_T1_ctrl,59,73,61.43333333333333,0.0057660313323140144,1.0864108283223894
UBFC_PHYS_s14_T1_ctrl,59,74,61.46666666666667,0.7042006254196167,0.7574724719612083
UBFC_PHYS_s14_T1_ctrl,59,75,61.5,1.09207284450531,0.33761201742299074
UBFC_PHYS_s14_T1_ctrl,59,76,61.53333333333333,1.1304882764816284,-0.1458834382673026
UBFC_PHYS_s14_T1_ctrl,59,77,61.56666666666667,0.9424947500228882,-0.6491434440023589
UBFC_PHYS_s14_T1_ctrl,59,78,61.6,0.7383915185928345,-1.1133947557660075
UBFC_PHYS_s14_T1_ctrl,59,79,61.63333333333333,0.6655598878860474,-1.4726962963339982
UBFC_PHYS_s14_T1_ctrl,59,80,61.666666666666664,0.6897525787353516,-1.666300262409607
UBFC_PHYS_s14_T1_ctrl,59,81,61.7,0.6751918792724609,-1.653077968318931
UBFC_PHYS_s14_T1_ctrl,59,82,61.733333333333334,0.5712674260139465,-1.4242742518991596
UBFC_PHYS_s14_T1_ctrl,59,83,61.766666666666666,0.43517982959747314,-1.0100129521469559
UBFC_PHYS_s14_T1_ctrl,59,84,61.8,0.2616906762123108,-0.47557101507508687
UBFC_PHYS_s14_T1_ctrl,59,85,61.833333333333336,-0.05405392497777939,0.09343222702936799
UBFC_PHYS_s14_T1_ctrl,59,86,61.86666666666667,-0.5564401745796204,0.6126567216185715
UBFC_PHYS_s14_T1_ctrl,59,87,61.9,-1.1249831914901733,1.0192848325583654
UBFC_PHYS_s14_T1_ctrl,59,88,61.93333333333333,-1.4740737676620483,1.2830074546512191
UBFC_PHYS_s14_T1_ctrl,59,89,61.96666666666667,-1.3149482011795044,1.4043185762694121
UBFC_PHYS_s14_T1_ctrl,59,90,62.0,-0.6695742607116699,1.40274280009066
UBFC_PHYS_s14_T1_ctrl,59,91,62.03333333333333,0.07082445919513702,1.3018568466596598
UBFC_PHYS_s14_T1_ctrl,59,92,62.06666666666667,0.5793504118919373,1.1181962651419752
UBFC_PHYS_s14_T1_ctrl,59,93,62.1,0.8394433259963989,0.8581399155235949
UBFC_PHYS_s14_T1_ctrl,59,94,62.13333333333333,0.9253711104393005,0.5228426273494997
UBFC_PHYS_s14_T1_ctrl,59,95,62.166666666666664,0.8666213750839233,0.11794957254929722
UBFC_PHYS_s14_T1_ctrl,59,96,62.2,0.7401658296585083,-0.33681760570527125
UBFC_PHYS_s14_T1_ctrl,59,97,62.233333333333334,0.6627153158187866,-0.802657862846486
UBFC_PHYS_s14_T1_ctrl,59,98,62.266666666666666,0.6664047837257385,-1.2236120664796093
UBFC_PHYS_s14_T1_ctrl,59,99,62.3,0.668686032295227,-1.5352937212052553
UBFC_PHYS_s14_T1_ctrl,59,100,62.333333333333336,0.5770972967147827,-1.678568504614404
UBFC_PHYS_s14_T1_ctrl,59,101,62.36666666666667,0.3727969527244568,-1.615117131614874
UBFC_PHYS_s14_T1_ctrl,59,102,62.4,0.13605186343193054,-1.3407172519597126
UBFC_PHYS_s14_T1_ctrl,59,103,62.43333333333333,-0.07450085878372192,-0.8914171869374982
UBFC_PHYS_s14_T1_ctrl,59,104,62.46666666666667,-0.3427894115447998,-0.33856628110357917
UBFC_PHYS_s14_T1_ctrl,59,105,62.5,-0.7773008346557617,0.2278856456068571
UBFC_PHYS_s14_T1_ctrl,59,106,62.53333333333333,-1.302668809890747,0.7228455883879114
UBFC_PHYS_s14_T1_ctrl,59,107,62.56666666666667,-1.61506187915802,1.0872187621550338
UBFC_PHYS_s14_T1_ctrl,59,108,62.6,-1.4072692394256592,1.2983232186919609
UBFC_PHYS_s14_T1_ctrl,59,109,62.63333333333333,-0.6756013035774231,1.366262309915958
UBFC_PHYS_s14_T1_ctrl,59,110,62.666666666666664,0.2232189029455185,1.3195491266844928
UBFC_PHYS_s14_T1_ctrl,59,111,62.7,0.8966440558433533,1.1877938778271386
UBFC_PHYS_s14_T1_ctrl,59,112,62.733333333333334,1.213824987411499,0.9894529619039495
UBFC_PHYS_s14_T1_ctrl,59,113,62.766666666666666,1.2548315525054932,0.7291914395327417
UBFC_PHYS_s14_T1_ctrl,59,114,62.8,1.150287389755249,0.4046294386210833
UBFC_PHYS_s14_T1_ctrl,59,115,62.833333333333336,1.001526117324829,0.018271243900447626
UBFC_PHYS_s14_T1_ctrl,59,116,62.86666666666667,0.8668466806411743,-0.4113533452530189
UBFC_PHYS_s14_T1_ctrl,59,117,62.9,0.7743848562240601,-0.8445084751984842
UBFC_PHYS_s14_T1_ctrl,59,118,62.93333333333333,0.7327587604522705,-1.223523536453877
UBFC_PHYS_s14_T1_ctrl,59,119,62.96666666666667,0.6998915672302246,-1.4839216741413537
UBFC_PHYS_s14_T1_ctrl,59,120,63.0,0.5876587629318237,-1.5705086257559489
UBFC_PHYS_s14_T1_ctrl,59,121,63.03333333333333,0.35212472081184387,-1.4540136706309792
UBFC_PHYS_s14_T1_ctrl,59,122,63.06666666666667,0.058854833245277405,-1.1429600448240977
UBFC_PHYS_s14_T1_ctrl,59,123,63.1,-0.23672446608543396,-0.6857170099882086
UBFC_PHYS_s14_T1_ctrl,59,124,63.13333333333333,-0.5726625323295593,-0.16002696648298712
UBFC_PHYS_s14_T1_ctrl,59,125,63.166666666666664,-1.0109198093414307,0.347931156038166
UBFC_PHYS_s14_T1_ctrl,59,126,63.2,-1.4569501876831055,0.7672532394997879
UBFC_PHYS_s14_T1_ctrl,59,127,63.233333333333334,-1.6169488430023193,1.058763548986074
UBFC_PHYS_s14_T1_ctrl,59,128,63.266666666666666,-1.2617748975753784,1.2177735734455766
UBFC_PHYS_s14_T1_ctrl,59,129,63.3,-0.5397953391075134,1.2637557142175795
UBFC_PHYS_s14_T1_ctrl,59,130,63.333333333333336,0.1805507093667984,1.223474923650394
UBFC_PHYS_s14_T1_ctrl,59,131,63.36666666666667,0.6858096718788147,1.1160820270426903
UBFC_PHYS_s14_T1_ctrl,59,132,63.4,0.9686307311058044,0.9463175806403207
UBFC_PHYS_s14_T1_ctrl,59,133,63.43333333333333,1.0546149015426636,0.7073969170596127
UBFC_PHYS_s14_T1_ctrl,59,134,63.46666666666667,0.97110915184021,0.3910312170201182
UBFC_PHYS_s14_T1_ctrl,59,135,63.5,0.8402882218360901,-0.00023241978461400505
UBFC_PHYS_s14_T1_ctrl,59,136,63.53333333333333,0.8087165951728821,-0.44342756087009616
UBFC_PHYS_s14_T1_ctrl,59,137,63.56666666666667,0.8635515570640564,-0.8921725396139683
UBFC_PHYS_s14_T1_ctrl,59,138,63.6,0.8935178518295288,-1.282030828942405
UBFC_PHYS_s14_T1_ctrl,59,139,63.63333333333333,0.8352750539779663,-1.5435618889123537
UBFC_PHYS_s14_T1_ctrl,59,140,63.666666666666664,0.6838381886482239,-1.6199554472687163
UBFC_PHYS_s14_T1_ctrl,59,141,63.7,0.4522189199924469,-1.4842309513539758
UBFC_PHYS_s14_T1_ctrl,59,142,63.733333333333334,0.18621163070201874,-1.1502303166113348
UBFC_PHYS_s14_T1_ctrl,59,143,63.766666666666666,-0.06827665865421295,-0.6725551809012488
UBFC_PHYS_s14_T1_ctrl,59,144,63.8,-0.3677707314491272,-0.1335671932183489
UBFC_PHYS_s14_T1_ctrl,59,145,63.833333333333336,-0.8072953224182129,0.3793666542564172
UBFC_PHYS_s14_T1_ctrl,59,146,63.86666666666667,-1.2468481063842773,0.7977628844557831
UBFC_PHYS_s14_T1_ctrl,59,147,63.9,-1.2928677797317505,1.0868446991606857
UBFC_PHYS_s14_T1_ctrl,59,148,63.93333333333333,-0.7736958861351013,1.2457605658654676
UBFC_PHYS_s14_T1_ctrl,59,149,63.96666666666667,-0.005612152628600597,1.2952611923361947
UBFC_PHYS_s14_T1_ctrl,59,150,64.0,0.6176531910896301,1.2603620435785443
UBFC_PHYS_s14_T1_ctrl,59,151,64.03333333333333,0.9714471697807312,1.1565005191534956
UBFC_PHYS_s14_T1_ctrl,59,152,64.06666666666666,1.0697952508926392,0.9846438233859944
UBFC_PHYS_s14_T1_ctrl,59,153,64.1,0.9437902569770813,0.7360281592827659
UBFC_PHYS_s14_T1_ctrl,59,154,64.13333333333334,0.7426442503929138,0.4032533775649344
UBFC_PHYS_s14_T1_ctrl,59,155,64.16666666666667,0.6275105476379395,-0.007465404552702065
UBFC_PHYS_s14_T1_ctrl,59,156,64.2,0.6344670057296753,-0.46793168799444834
UBFC_PHYS_s14_T1_ctrl,59,157,64.23333333333333,0.6911326050758362,-0.9268683411035848
UBFC_PHYS_s14_T1_ctrl,59,158,64.26666666666667,0.6897525787353516,-1.3170942013754725
UBFC_PHYS_s14_T1_ctrl,59,159,64.3,0.56383216381073,-1.569579828627836
UBFC_PHYS_s14_T1_ctrl,59,160,64.33333333333333,0.3240453898906708,-1.6309652179909704
UBFC_PHYS_s14_T1_ctrl,59,161,64.36666666666666,0.022044720128178596,-1.4796472354818575
UBFC_PHYS_s14_T1_ctrl,59,162,64.4,-0.2960374653339386,-1.134952763710014
UBFC_PHYS_s14_T1_ctrl,59,163,64.43333333333334,-0.6412414312362671,-0.6549878473082282
UBFC_PHYS_s14_T1_ctrl,59,164,64.46666666666667,-1.0679514408111572,-0.12206355523097019
UBFC_PHYS_s14_T1_ctrl,59,165,64.5,-1.5288524627685547,0.3802406179551182
UBFC_PHYS_s14_T1_ctrl,59,166,64.53333333333333,-1.7280832529067993,0.7894327767126376
UBFC_PHYS_s14_T1_ctrl,59,167,64.56666666666666,-1.3706562519073486,1.0762616873071413
UBFC_PHYS_s14_T1_ctrl,59,168,64.6,-0.5460477471351624,1.2423354462769023
UBFC_PHYS_s14_T1_ctrl,59,169,64.63333333333334,0.3222428858280182,1.306457659913834
UBFC_PHYS_s14_T1_ctrl,59,170,64.66666666666667,0.904501736164093,1.2877644450801795
UBFC_PHYS_s14_T1_ctrl,59,171,64.7,1.1460628509521484,1.1939595884239316
UBFC_PHYS_s14_T1_ctrl,59,172,64.73333333333333,1.1062110662460327,1.0194027615052905
UBFC_PHYS_s14_T1_ctrl,59,173,64.76666666666667,0.8892932534217834,0.752708761855125
UBFC_PHYS_s14_T1_ctrl,59,174,64.8,0.6974976658821106,0.38933416700273327
UBFC_PHYS_s14_T1_ctrl,59,175,64.83333333333333,0.6558151841163635,-0.05693326757312446
UBFC_PHYS_s14_T1_ctrl,59,176,64.86666666666666,0.6884007453918457,-0.5483627549243334
UBFC_PHYS_s14_T1_ctrl,59,177,64.9,0.6942024827003479,-1.0255842940244253
UBFC_PHYS_s14_T1_ctrl,59,178,64.93333333333334,0.6475913524627686,-1.4173318324680009
UBFC_PHYS_s14_T1_ctrl,59,179,64.96666666666667,0.5032235980033875,-1.6553755408416095
UBFC_PHYS_s14_T1_ctrl,59,180,65.0,0.223922997713089,-1.6911657701291822
UBFC_PHYS_s14_T1_ctrl,59,181,65.03333333333333,-0.11215589195489883,-1.5098712260639655
UBFC_PHYS_s14_T1_ctrl,59,182,65.06666666666666,-0.4390251934528351,-1.1372513359927836
UBFC_PHYS_s14_T1_ctrl,59,183,65.1,-0.8164204359054565,-0.6358189167588253
UBFC_PHYS_s14_T1_ctrl,59,184,65.13333333333334,-1.313906192779541,-0.08962458708261471
UBFC_PHYS_s14_T1_ctrl,59,185,65.16666666666667,-1.8199255466461182,0.418363128550315
UBFC_PHYS_s14_T1_ctrl,59,186,65.2,-1.9943158626556396,0.8277212306049041
UBFC_PHYS_s14_T1_ctrl,59,187,65.23333333333333,-1.553017020225525,1.1116455955080717
UBFC_PHYS_s14_T1_ctrl,59,188,65.26666666666667,-0.6409034729003906,1.2735647763587579
UBFC_PHYS_s14_T1_ctrl,59,189,65.3,0.2590714395046234,1.332823424878215
UBFC_PHYS_s14_T1_ctrl,59,190,65.33333333333333,0.8350779414176941,1.3079502151266806
UBFC_PHYS_s14_T1_ctrl,59,191,65.36666666666666,1.0679645538330078,1.2059866879134202
UBFC_PHYS_s14_T1_ctrl,59,192,65.4,1.0461094379425049,1.0219759753887487
UBFC_PHYS_s14_T1_ctrl,59,193,65.43333333333334,0.872958242893219,0.7471506779490454
UBFC_PHYS_s14_T1_ctrl,59,194,65.46666666666667,0.6738681793212891,0.38083024983410113
UBFC_PHYS_s14_T1_ctrl,59,195,65.5,0.5749850273132324,-0.059494471993963946
UBFC_PHYS_s14_T1_ctrl,59,196,65.53333333333333,0.6019096374511719,-0.533762953250158
UBFC_PHYS_s14_T1_ctrl,59,197,65.56666666666666,0.6259615421295166,-0.9821901348353903
UBFC_PHYS_s14_T1_ctrl,59,198,65.6,0.5180377960205078,-1.3350373975234282
UBFC_PHYS_s14_T1_ctrl,59,199,65.63333333333334,0.28281354904174805,-1.5274550332227146
UBFC_PHYS_s14_T1_ctrl,59,200,65.66666666666667,-0.005893790628761053,-1.5159711612250102
UBFC_PHYS_s14_T1_ctrl,59,201,65.7,-0.3000085651874542,-1.2920011200318502
UBFC_PHYS_s14_T1_ctrl,59,202,65.73333333333333,-0.5612561702728271,-0.8876753862320288
UBFC_PHYS_s14_T1_ctrl,59,203,65.76666666666667,-0.8223348259925842,-0.3707709225935838
UBFC_PHYS_s14_T1_ctrl,59,204,65.8,-1.2008565664291382,0.17133852230438487
UBFC_PHYS_s14_T1_ctrl,59,205,65.83333333333333,-1.6077111959457397,0.6543340979952721
UBFC_PHYS_s14_T1_ctrl,59,206,65.86666666666666,-1.6568288803100586,1.0177535315041761
UBFC_PHYS_s14_T1_ctrl,59,207,65.9,-1.1292078495025635,1.2353530652478162
UBFC_PHYS_s14_T1_ctrl,59,208,65.93333333333334,-0.2895316481590271,1.3117708621122095
UBFC_PHYS_s14_T1_ctrl,59,209,65.96666666666667,0.45914721488952637,1.2693420248281762
UBFC_PHYS_s14_T1_ctrl,59,210,66.0,0.9539292454719543,1.1329331890106935
UBFC_PHYS_s14_T1_ctrl,59,211,66.03333333333333,1.1592998504638672,0.9200140578259778
UBFC_PHYS_s14_T1_ctrl,59,212,66.06666666666666,1.0697107315063477,0.6391897923581672
UBFC_PHYS_s14_T1_ctrl,59,213,66.1,0.8249107599258423,0.29589912982167976
UBFC_PHYS_s14_T1_ctrl,59,214,66.13333333333334,0.647704005241394,-0.09868887285223525
UBFC_PHYS_s14_T1_ctrl,59,215,66.16666666666667,0.5999100208282471,-0.5200740516693485
UBFC_PHYS_s14_T1_ctrl,59,216,66.2,0.5939111113548279,-0.9277572053380818
UBFC_PHYS_s14_T1_ctrl,59,217,66.23333333333333,0.5761115550994873,-1.2693750294839892
UBFC_PHYS_s14_T1_ctrl,59,218,66.26666666666667,0.5217835903167725,-1.4911825688576934
UBFC_PHYS_s14_T1_ctrl,59,219,66.3,0.35454678535461426,-1.5521039852896603
UBFC_PHYS_s14_T1_ctrl,59,220,66.33333333333333,0.05184204503893852,-1.4369027165452504
UBFC_PHYS_s14_T1_ctrl,59,221,66.36666666666666,-0.2829413115978241,-1.1635824980038547
UBFC_PHYS_s14_T1_ctrl,59,222,66.4,-0.5992773175239563,-0.7813752011770123
UBFC_PHYS_s14_T1_ctrl,59,223,66.43333333333334,-1.0014848709106445,-0.3588023361841307
UBFC_PHYS_s14_T1_ctrl,59,224,66.46666666666667,-1.5278948545455933,0.03450245129116584
UBFC_PHYS_s14_T1_ctrl,59,225,66.5,-1.9221601486206055,0.3455270225721689
UBFC_PHYS_s14_T1_ctrl,59,226,66.53333333333333,-1.7828900814056396,0.5486574368098852
UBFC_PHYS_s14_T1_ctrl,59,227,66.56666666666666,-1.0718944072723389,0.6462175377881721
UBFC_PHYS_s14_T1_ctrl,59,228,66.6,-0.16338588297367096,0.6600886670662103
UBFC_PHYS_s14_T1_ctrl,59,229,66.63333333333334,0.5414419174194336,0.6193575544411988
UBFC_PHYS_s14_T1_ctrl,59,230,66.66666666666667,0.9132325053215027,0.5498195611237244
UBFC_PHYS_s14_T1_ctrl,59,231,66.7,0.973446786403656,0.46904589433021
UBFC_PHYS_s14_T1_ctrl,59,232,66.73333333333333,0.7930856347084045,0.38699453450106014
UBFC_PHYS_s14_T1_ctrl,59,233,66.76666666666667,0.5496376156806946,0.3093908214734318
UBFC_PHYS_s14_T1_ctrl,59,234,66.8,0.4214640259742737,0.24095257188584188
UBFC_PHYS_s14_T1_ctrl,59,235,66.83333333333333,0.4116348624229431,0.18690917416658795
UBFC_PHYS_s14_T1_ctrl,59,236,66.86666666666666,0.42380163073539734,0.1524424571046558
UBFC_PHYS_s14_T1_ctrl,59,237,66.9,0.3940888047218323,0.14052468017791786
UBFC_PHYS_s14_T1_ctrl,59,238,66.93333333333334,0.307259738445282,0.1494911384454405
UBFC_PHYS_s14_T1_ctrl,59,239,66.96666666666667,0.15985029935836792,0.17205763167131907
UBFC_PHYS_s14_T1_ctrl,60,0,60.0,0.6628561615943909,-0.0355347529889126
UBFC_PHYS_s14_T1_ctrl,60,1,60.03333333333333,0.5674371123313904,0.15814789724141556
UBFC_PHYS_s14_T1_ctrl,60,2,60.06666666666667,0.42796987295150757,0.35421294235449546
UBFC_PHYS_s14_T1_ctrl,60,3,60.1,0.2501153349876404,0.5494663070996525
UBFC_PHYS_s14_T1_ctrl,60,4,60.13333333333333,-0.06030629575252533,0.7327000762762826
UBFC_PHYS_s14_T1_ctrl,60,5,60.166666666666664,-0.4401799142360687,0.88577236182185
UBFC_PHYS_s14_T1_ctrl,60,6,60.2,-0.520193338394165,0.987217439858347
UBFC_PHYS_s14_T1_ctrl,60,7,60.233333333333334,0.027621157467365265,1.0165161058480618
UBFC_PHYS_s14_T1_ctrl,60,8,60.266666666666666,1.0475739240646362,0.9579116661283636
UBFC_PHYS_s14_T1_ctrl,60,9,60.3,1.8149818181991577,0.8038353639343675
UBFC_PHYS_s14_T1_ctrl,60,10,60.333333333333336,1.5431164503097534,0.5583729201477833
UBFC_PHYS_s14_T1_ctrl,60,11,60.36666666666667,0.20857371389865875,0.24041320390504728
UBFC_PHYS_s14_T1_ctrl,60,12,60.4,-1.2215570211410522,-0.11518224789214342
UBFC_PHYS_s14_T1_ctrl,60,13,60.43333333333333,-1.8298392295837402,-0.46051990841766116
UBFC_PHYS_s14_T1_ctrl,60,14,60.46666666666667,-1.6482107639312744,-0.7426270862295905
UBFC_PHYS_s14_T1_ctrl,60,15,60.5,-1.1942662000656128,-0.9150175630753725
UBFC_PHYS_s14_T1_ctrl,60,16,60.53333333333333,-0.798170268535614,-0.9494266816547905
UBFC_PHYS_s14_T1_ctrl,60,17,60.56666666666667,-0.5920110940933228,-0.8434682617606576
UBFC_PHYS_s14_T1_ctrl,60,18,60.6,-0.5826325416564941,-0.6209456634591911
UBFC_PHYS_s14_T1_ctrl,60,19,60.63333333333333,-0.6700530052185059,-0.3244151933286931
UBFC_PHYS_s14_T1_ctrl,60,20,60.666666666666664,-0.8340509533882141,-0.0032903116534726213
UBFC_PHYS_s14_T1_ctrl,60,21,60.7,-1.1488943099975586,0.29724935296794375
UBFC_PHYS_s14_T1_ctrl,60,22,60.733333333333334,-1.5033642053604126,0.5426446657484901
UBFC_PHYS_s14_T1_ctrl,60,23,60.766666666666666,-1.5150803327560425,0.7100565079896533
UBFC_PHYS_s14_T1_ctrl,60,24,60.8,-0.9543949961662292,0.7863222327399149
UBFC_PHYS_s14_T1_ctrl,60,25,60.833333333333336,-0.09742621332406998,0.7656040412721777
UBFC_PHYS_s14_T1_ctrl,60,26,60.86666666666667,0.6175124049186707,0.648354687243542
UBFC_PHYS_s14_T1_ctrl,60,27,60.9,1.0133267641067505,0.4416980724152142
UBFC_PHYS_s14_T1_ctrl,60,28,60.93333333333333,1.1648480892181396,0.16077940171712482
UBFC_PHYS_s14_T1_ctrl,60,29,60.96666666666667,1.1700866222381592,-0.16943256822698963
UBFC_PHYS_s14_T1_ctrl,60,30,61.0,1.097987174987793,-0.5129301092738685
UBFC_PHYS_s14_T1_ctrl,60,31,61.03333333333333,1.0151010751724243,-0.8237975067392606
UBFC_PHYS_s14_T1_ctrl,60,32,61.06666666666667,0.9299055337905884,-1.051476243938438
UBFC_PHYS_s14_T1_ctrl,60,33,61.1,0.7739624381065369,-1.1506071009283685
UBFC_PHYS_s14_T1_ctrl,60,34,61.13333333333333,0.5174463391304016,-1.0933379921810051
UBFC_PHYS_s14_T1_ctrl,60,35,61.166666666666664,0.2280067503452301,-0.8795678344838886
UBFC_PHYS_s14_T1_ctrl,60,36,61.2,-0.056166213005781174,-0.5400403285997105
UBFC_PHYS_s14_T1_ctrl,60,37,61.233333333333334,-0.4246335029602051,-0.12959102641289735
UBFC_PHYS_s14_T1_ctrl,60,38,61.266666666666666,-0.9621400237083435,0.28745769957126643
UBFC_PHYS_s14_T1_ctrl,60,39,61.3,-1.5278385877609253,0.6536347603046019
UBFC_PHYS_s14_T1_ctrl,60,40,61.333333333333336,-1.801196575164795,0.929545332999919
UBFC_PHYS_s14_T1_ctrl,60,41,61.36666666666667,-1.5506230592727661,1.096287674967248
UBFC_PHYS_s14_T1_ctrl,60,42,61.4,-0.8452320098876953,1.150476469077528
UBFC_PHYS_s14_T1_ctrl,60,43,61.43333333333333,0.0057660313323140144,1.096823429328868
UBFC_PHYS_s14_T1_ctrl,60,44,61.46666666666667,0.7042006254196167,0.9429217926278296
UBFC_PHYS_s14_T1_ctrl,60,45,61.5,1.09207284450531,0.6981108519123882
UBFC_PHYS_s14_T1_ctrl,60,46,61.53333333333333,1.1304882764816284,0.3757049557383524
UBFC_PHYS_s14_T1_ctrl,60,47,61.56666666666667,0.9424947500228882,-0.003393036212486109
UBFC_PHYS_s14_T1_ctrl,60,48,61.6,0.7383915185928345,-0.40775800212166524
UBFC_PHYS_s14_T1_ctrl,60,49,61.63333333333333,0.6655598878860474,-0.7948509843991457
UBFC_PHYS_s14_T1_ctrl,60,50,61.666666666666664,0.6897525787353516,-1.1140542342193813
UBFC_PHYS_s14_T1_ctrl,60,51,61.7,0.6751918792724609,-1.3140120808554556
UBFC_PHYS_s14_T1_ctrl,60,52,61.733333333333334,0.5712674260139465,-1.353654481061922
UBFC_PHYS_s14_T1_ctrl,60,53,61.766666666666666,0.43517982959747314,-1.2142770359622195
UBFC_PHYS_s14_T1_ctrl,60,54,61.8,0.2616906762123108,-0.90818043879642
UBFC_PHYS_s14_T1_ctrl,60,55,61.833333333333336,-0.05405392497777939,-0.4792972892385547
UBFC_PHYS_s14_T1_ctrl,60,56,61.86666666666667,-0.5564401745796204,0.006041488222453182
UBFC_PHYS_s14_T1_ctrl,60,57,61.9,-1.1249831914901733,0.47552905354692865
UBFC_PHYS_s14_T1_ctrl,60,58,61.93333333333333,-1.4740737676620483,0.8679704328195165
UBFC_PHYS_s14_T1_ctrl,60,59,61.96666666666667,-1.3149482011795044,1.1441184895423737
UBFC_PHYS_s14_T1_ctrl,60,60,62.0,-0.6695742607116699,1.2881729704923828
UBFC_PHYS_s14_T1_ctrl,60,61,62.03333333333333,0.07082445919513702,1.3019927010430743
UBFC_PHYS_s14_T1_ctrl,60,62,62.06666666666667,0.5793504118919373,1.1969328118949993
UBFC_PHYS_s14_T1_ctrl,60,63,62.1,0.8394433259963989,0.9878093995183004
UBFC_PHYS_s14_T1_ctrl,60,64,62.13333333333333,0.9253711104393005,0.6909289282064935
UBFC_PHYS_s14_T1_ctrl,60,65,62.166666666666664,0.8666213750839233,0.3254013289272309
UBFC_PHYS_s14_T1_ctrl,60,66,62.2,0.7401658296585083,-0.08433744515845505
UBFC_PHYS_s14_T1_ctrl,60,67,62.233333333333334,0.6627153158187866,-0.5066419682982336
UBFC_PHYS_s14_T1_ctrl,60,68,62.266666666666666,0.6664047837257385,-0.9023976180143014
UBFC_PHYS_s14_T1_ctrl,60,69,62.3,0.668686032295227,-1.2268603124746866
UBFC_PHYS_s14_T1_ctrl,60,70,62.333333333333336,0.5770972967147827,-1.4342090686292477
UBFC_PHYS_s14_T1_ctrl,60,71,62.36666666666667,0.3727969527244568,-1.485323041834862
UBFC_PHYS_s14_T1_ctrl,60,72,62.4,0.13605186343193054,-1.3580357764007136
UBFC_PHYS_s14_T1_ctrl,60,73,62.43333333333333,-0.07450085878372192,-1.0569414261713863
UBFC_PHYS_s14_T1_ctrl,60,74,62.46666666666667,-0.3427894115447998,-0.6180870122684278
UBFC_PHYS_s14_T1_ctrl,60,75,62.5,-0.7773008346557617,-0.10451448360490834
UBFC_PHYS_s14_T1_ctrl,60,76,62.53333333333333,-1.302668809890747,0.40764551803204835
UBFC_PHYS_s14_T1_ctrl,60,77,62.56666666666667,-1.61506187915802,0.8478413234453155
UBFC_PHYS_s14_T1_ctrl,60,78,62.6,-1.4072692394256592,1.1667472504956382
UBFC_PHYS_s14_T1_ctrl,60,79,62.63333333333333,-0.6756013035774231,1.3424416601323035
UBFC_PHYS_s14_T1_ctrl,60,80,62.666666666666664,0.2232189029455185,1.376226470243798
UBFC_PHYS_s14_T1_ctrl,60,81,62.7,0.8966440558433533,1.282848782128144
UBFC_PHYS_s14_T1_ctrl,60,82,62.733333333333334,1.213824987411499,1.081536421173611
UBFC_PHYS_s14_T1_ctrl,60,83,62.766666666666666,1.2548315525054932,0.7917976355980394
UBFC_PHYS_s14_T1_ctrl,60,84,62.8,1.150287389755249,0.4339162550899654
UBFC_PHYS_s14_T1_ctrl,60,85,62.833333333333336,1.001526117324829,0.03145139202348898
UBFC_PHYS_s14_T1_ctrl,60,86,62.86666666666667,0.8668466806411743,-0.38676927247463266
UBFC_PHYS_s14_T1_ctrl,60,87,62.9,0.7743848562240601,-0.7861043502104783
UBFC_PHYS_s14_T1_ctrl,60,88,62.93333333333333,0.7327587604522705,-1.1270606460134671
UBFC_PHYS_s14_T1_ctrl,60,89,62.96666666666667,0.6998915672302246,-1.368009763832876
UBFC_PHYS_s14_T1_ctrl,60,90,63.0,0.5876587629318237,-1.4703460253649825
UBFC_PHYS_s14_T1_ctrl,60,91,63.03333333333333,0.35212472081184387,-1.4064456194438277
UBFC_PHYS_s14_T1_ctrl,60,92,63.06666666666667,0.058854833245277405,-1.169207376649781
UBFC_PHYS_s14_T1_ctrl,60,93,63.1,-0.23672446608543396,-0.7796878080890707
UBFC_PHYS_s14_T1_ctrl,60,94,63.13333333333333,-0.5726625323295593,-0.28801614822712446
UBFC_PHYS_s14_T1_ctrl,60,95,63.166666666666664,-1.0109198093414307,0.23540523536271743
UBFC_PHYS_s14_T1_ctrl,60,96,63.2,-1.4569501876831055,0.7162860343064181
UBFC_PHYS_s14_T1_ctrl,60,97,63.233333333333334,-1.6169488430023193,1.093637894617097
UBFC_PHYS_s14_T1_ctrl,60,98,63.266666666666666,-1.2617748975753784,1.3306459282564362
UBFC_PHYS_s14_T1_ctrl,60,99,63.3,-0.5397953391075134,1.4160017023650628
UBFC_PHYS_s14_T1_ctrl,60,100,63.333333333333336,0.1805507093667984,1.357768489083915
UBFC_PHYS_s14_T1_ctrl,60,101,63.36666666666667,0.6858096718788147,1.1749965269433529
UBFC_PHYS_s14_T1_ctrl,60,102,63.4,0.9686307311058044,0.8915121422697623
UBFC_PHYS_s14_T1_ctrl,60,103,63.43333333333333,1.0546149015426636,0.5332266594324054
UBFC_PHYS_s14_T1_ctrl,60,104,63.46666666666667,0.97110915184021,0.1278029452478045
UBFC_PHYS_s14_T1_ctrl,60,105,63.5,0.8402882218360901,-0.2950055631335329
UBFC_PHYS_s14_T1_ctrl,60,106,63.53333333333333,0.8087165951728821,-0.702986085850022
UBFC_PHYS_s14_T1_ctrl,60,107,63.56666666666667,0.8635515570640564,-1.0609898267404643
UBFC_PHYS_s14_T1_ctrl,60,108,63.6,0.8935178518295288,-1.331090764444188
UBFC_PHYS_s14_T1_ctrl,60,109,63.63333333333333,0.8352750539779663,-1.475230796372476
UBFC_PHYS_s14_T1_ctrl,60,110,63.666666666666664,0.6838381886482239,-1.461780790514388
UBFC_PHYS_s14_T1_ctrl,60,111,63.7,0.4522189199924469,-1.2753113170773414
UBFC_PHYS_s14_T1_ctrl,60,112,63.733333333333334,0.18621163070201874,-0.9261598576740829
UBFC_PHYS_s14_T1_ctrl,60,113,63.766666666666666,-0.06827665865421295,-0.4547519983651148
UBFC_PHYS_s14_T1_ctrl,60,114,63.8,-0.3677707314491272,0.07345084694004148
UBFC_PHYS_s14_T1_ctrl,60,115,63.833333333333336,-0.8072953224182129,0.5824798807188198
UBFC_PHYS_s14_T1_ctrl,60,116,63.86666666666667,-1.2468481063842773,1.0044380139754858
UBFC_PHYS_s14_T1_ctrl,60,117,63.9,-1.2928677797317505,1.2939080469866155
UBFC_PHYS_s14_T1_ctrl,60,118,63.93333333333333,-0.7736958861351013,1.4326606593972453
UBFC_PHYS_s14_T1_ctrl,60,119,63.96666666666667,-0.005612152628600597,1.4249570251681354
UBFC_PHYS_s14_T1_ctrl,60,120,64.0,0.6176531910896301,1.2883282032345802
UBFC_PHYS_s14_T1_ctrl,60,121,64.03333333333333,0.9714471697807312,1.0455004275715647
UBFC_PHYS_s14_T1_ctrl,60,122,64.06666666666666,1.0697952508926392,0.7203373569932155
UBFC_PHYS_s14_T1_ctrl,60,123,64.1,0.9437902569770813,0.33719517610218136
UBFC_PHYS_s14_T1_ctrl,60,124,64.13333333333334,0.7426442503929138,-0.0782902626120036
UBFC_PHYS_s14_T1_ctrl,60,125,64.16666666666667,0.6275105476379395,-0.4982712489612055
UBFC_PHYS_s14_T1_ctrl,60,126,64.2,0.6344670057296753,-0.891778038721468
UBFC_PHYS_s14_T1_ctrl,60,127,64.23333333333333,0.6911326050758362,-1.223889918954118
UBFC_PHYS_s14_T1_ctrl,60,128,64.26666666666667,0.6897525787353516,-1.4561637904642053
UBFC_PHYS_s14_T1_ctrl,60,129,64.3,0.56383216381073,-1.5503520203902383
UBFC_PHYS_s14_T1_ctrl,60,130,64.33333333333333,0.3240453898906708,-1.4765134703906873
UBFC_PHYS_s14_T1_ctrl,60,131,64.36666666666666,0.022044720128178596,-1.224067228985454
UBFC_PHYS_s14_T1_ctrl,60,132,64.4,-0.2960374653339386,-0.811563063448985
UBFC_PHYS_s14_T1_ctrl,60,133,64.43333333333334,-0.6412414312362671,-0.2896791157947112
UBFC_PHYS_s14_T1_ctrl,60,134,64.46666666666667,-1.0679514408111572,0.26644996255485415
UBFC_PHYS_s14_T1_ctrl,60,135,64.5,-1.5288524627685547,0.7747541088202939
UBFC_PHYS_s14_T1_ctrl,60,136,64.53333333333333,-1.7280832529067993,1.1669160694355156
UBFC_PHYS_s14_T1_ctrl,60,137,64.56666666666666,-1.3706562519073486,1.4030853816397924
UBFC_PHYS_s14_T1_ctrl,60,138,64.6,-0.5460477471351624,1.4750772446386013
UBFC_PHYS_s14_T1_ctrl,60,139,64.63333333333334,0.3222428858280182,1.3991037573397749
UBFC_PHYS_s14_T1_ctrl,60,140,64.66666666666667,0.904501736164093,1.20376002412335
UBFC_PHYS_s14_T1_ctrl,60,141,64.7,1.1460628509521484,0.9195529672269953
UBFC_PHYS_s14_T1_ctrl,60,142,64.73333333333333,1.1062110662460327,0.5734233753040466
UBFC_PHYS_s14_T1_ctrl,60,143,64.76666666666667,0.8892932534217834,0.18819060471393606
UBFC_PHYS_s14_T1_ctrl,60,144,64.8,0.6974976658821106,-0.21495289995779648
UBFC_PHYS_s14_T1_ctrl,60,145,64.83333333333333,0.6558151841163635,-0.6128399415270451
UBFC_PHYS_s14_T1_ctrl,60,146,64.86666666666666,0.6884007453918457,-0.9771165623014572
UBFC_PHYS_s14_T1_ctrl,60,147,64.9,0.6942024827003479,-1.2727767256395954
UBFC_PHYS_s14_T1_ctrl,60,148,64.93333333333334,0.6475913524627686,-1.4599716597743637
UBFC_PHYS_s14_T1_ctrl,60,149,64.96666666666667,0.5032235980033875,-1.5002764625525549
UBFC_PHYS_s14_T1_ctrl,60,150,65.0,0.223922997713089,-1.367041062609847
UBFC_PHYS_s14_T1_ctrl,60,151,65.03333333333333,-0.11215589195489883,-1.0570797664946858
UBFC_PHYS_s14_T1_ctrl,60,152,65.06666666666666,-0.4390251934528351,-0.5989639698775564
UBFC_PHYS_s14_T1_ctrl,60,153,65.1,-0.8164204359054565,-0.05295848396562372
UBFC_PHYS_s14_T1_ctrl,60,154,65.13333333333334,-1.313906192779541,0.49992172814718766
UBFC_PHYS_s14_T1_ctrl,60,155,65.16666666666667,-1.8199255466461182,0.9773685469083655
UBFC_PHYS_s14_T1_ctrl,60,156,65.2,-1.9943158626556396,1.3161989772263714
UBFC_PHYS_s14_T1_ctrl,60,157,65.23333333333333,-1.553017020225525,1.4848761139798496
UBFC_PHYS_s14_T1_ctrl,60,158,65.26666666666667,-0.6409034729003906,1.483848442521973
UBFC_PHYS_s14_T1_ctrl,60,159,65.3,0.2590714395046234,1.3362165145103784
UBFC_PHYS_s14_T1_ctrl,60,160,65.33333333333333,0.8350779414176941,1.0752165267124185
UBFC_PHYS_s14_T1_ctrl,60,161,65.36666666666666,1.0679645538330078,0.7345418359911164
UBFC_PHYS_s14_T1_ctrl,60,162,65.4,1.0461094379425049,0.34403553794802394
UBFC_PHYS_s14_T1_ctrl,60,163,65.43333333333334,0.872958242893219,-0.070192658953001
UBFC_PHYS_s14_T1_ctrl,60,164,65.46666666666667,0.6738681793212891,-0.48340596205604097
UBFC_PHYS_s14_T1_ctrl,60,165,65.5,0.5749850273132324,-0.8693132463961665
UBFC_PHYS_s14_T1_ctrl,60,166,65.53333333333333,0.6019096374511719,-1.197662679149347
UBFC_PHYS_s14_T1_ctrl,60,167,65.56666666666666,0.6259615421295166,-1.4335456816472671
UBFC_PHYS_s14_T1_ctrl,60,168,65.6,0.5180377960205078,-1.5400368443639376
UBFC_PHYS_s14_T1_ctrl,60,169,65.63333333333334,0.28281354904174805,-1.4853532767834756
UBFC_PHYS_s14_T1_ctrl,60,170,65.66666666666667,-0.005893790628761053,-1.253656011820836
UBFC_PHYS_s14_T1_ctrl,60,171,65.7,-0.3000085651874542,-0.855842823745381
UBFC_PHYS_s14_T1_ctrl,60,172,65.73333333333333,-0.5612561702728271,-0.3350028818540452
UBFC_PHYS_s14_T1_ctrl,60,173,65.76666666666667,-0.8223348259925842,0.23782966169138373
UBFC_PHYS_s14_T1_ctrl,60,174,65.8,-1.2008565664291382,0.7781206188346744
UBFC_PHYS_s14_T1_ctrl,60,175,65.83333333333333,-1.6077111959457397,1.207909572210099
UBFC_PHYS_s14_T1_ctrl,60,176,65.86666666666666,-1.6568288803100586,1.4735183058084087
UBFC_PHYS_s14_T1_ctrl,60,177,65.9,-1.1292078495025635,1.553822447521482
UBFC_PHYS_s14_T1_ctrl,60,178,65.93333333333334,-0.2895316481590271,1.4573974862101169
UBFC_PHYS_s14_T1_ctrl,60,179,65.96666666666667,0.45914721488952637,1.2126466196469368
UBFC_PHYS_s14_T1_ctrl,60,180,66.0,0.9539292454719543,0.8570805952545083
UBFC_PHYS_s14_T1_ctrl,60,181,66.03333333333333,1.1592998504638672,0.4300586211519504
UBFC_PHYS_s14_T1_ctrl,60,182,66.06666666666666,1.0697107315063477,-0.030120834144667312
UBFC_PHYS_s14_T1_ctrl,60,183,66.1,0.8249107599258423,-0.4862748726826591
UBFC_PHYS_s14_T1_ctrl,60,184,66.13333333333334,0.647704005241394,-0.9012568320334364
UBFC_PHYS_s14_T1_ctrl,60,185,66.16666666666667,0.5999100208282471,-1.2368986051605746
UBFC_PHYS_s14_T1_ctrl,60,186,66.2,0.5939111113548279,-1.4543347406388094
UBFC_PHYS_s14_T1_ctrl,60,187,66.23333333333333,0.5761115550994873,-1.5174675718066837
UBFC_PHYS_s14_T1_ctrl,60,188,66.26666666666667,0.5217835903167725,-1.4005858343545052
UBFC_PHYS_s14_T1_ctrl,60,189,66.3,0.35454678535461426,-1.0989048009493225
UBFC_PHYS_s14_T1_ctrl,60,190,66.33333333333333,0.05184204503893852,-0.6379489277284497
UBFC_PHYS_s14_T1_ctrl,60,191,66.36666666666666,-0.2829413115978241,-0.0761442574308539
UBFC_PHYS_s14_T1_ctrl,60,192,66.4,-0.5992773175239563,0.5035304053728784
UBFC_PHYS_s14_T1_ctrl,60,193,66.43333333333334,-1.0014848709106445,1.0121044693771752
UBFC_PHYS_s14_T1_ctrl,60,194,66.46666666666667,-1.5278948545455933,1.3765142324770052
UBFC_PHYS_s14_T1_ctrl,60,195,66.5,-1.9221601486206055,1.5553438119988179
UBFC_PHYS_s14_T1_ctrl,60,196,66.53333333333333,-1.7828900814056396,1.5426013236526714
UBFC_PHYS_s14_T1_ctrl,60,197,66.56666666666666,-1.0718944072723389,1.3605054978712108
UBFC_PHYS_s14_T1_ctrl,60,198,66.6,-0.16338588297367096,1.04706830752921
UBFC_PHYS_s14_T1_ctrl,60,199,66.63333333333334,0.5414419174194336,0.6449659394482605
UBFC_PHYS_s14_T1_ctrl,60,200,66.66666666666667,0.9132325053215027,0.1954893837020178
UBFC_PHYS_s14_T1_ctrl,60,201,66.7,0.973446786403656,-0.26237612490357537
UBFC_PHYS_s14_T1_ctrl,60,202,66.73333333333333,0.7930856347084045,-0.6901681476063626
UBFC_PHYS_s14_T1_ctrl,60,203,66.76666666666667,0.5496376156806946,-1.0484153762666812
UBFC_PHYS_s14_T1_ctrl,60,204,66.8,0.4214640259742737,-1.2974716273922338
UBFC_PHYS_s14_T1_ctrl,60,205,66.83333333333333,0.4116348624229431,-1.4016148148514977
UBFC_PHYS_s14_T1_ctrl,60,206,66.86666666666666,0.42380163073539734,-1.3362858842446934
UBFC_PHYS_s14_T1_ctrl,60,207,66.9,0.3940888047218323,-1.0970686056700132
UBFC_PHYS_s14_T1_ctrl,60,208,66.93333333333334,0.307259738445282,-0.7072529272523063
UBFC_PHYS_s14_T1_ctrl,60,209,66.96666666666667,0.15985029935836792,-0.21968020010390535
UBFC_PHYS_s14_T1_ctrl,60,210,67.0,-0.07221958786249161,0.2904771178716048
UBFC_PHYS_s14_T1_ctrl,60,211,67.03333333333333,-0.41317081451416016,0.7416527525633312
UBFC_PHYS_s14_T1_ctrl,60,212,67.06666666666666,-0.8577085733413696,1.065156736106251
UBFC_PHYS_s14_T1_ctrl,60,213,67.1,-1.330212950706482,1.2198808945208803
UBFC_PHYS_s14_T1_ctrl,60,214,67.13333333333334,-1.568563461303711,1.1970825772841152
UBFC_PHYS_s14_T1_ctrl,60,215,67.16666666666667,-1.2653799057006836,1.015311371134697
UBFC_PHYS_s14_T1_ctrl,60,216,67.2,-0.48521387577056885,0.7099190294213641
UBFC_PHYS_s14_T1_ctrl,60,217,67.23333333333333,0.32525643706321716,0.32279282672425585
UBFC_PHYS_s14_T1_ctrl,60,218,67.26666666666667,0.8273047208786011,-0.10395871208334843
UBFC_PHYS_s14_T1_ctrl,60,219,67.3,0.9923728704452515,-0.5298250552200031
UBFC_PHYS_s14_T1_ctrl,60,220,67.33333333333333,0.8749297261238098,-0.9150810125839757
UBFC_PHYS_s14_T1_ctrl,60,221,67.36666666666666,0.5914326906204224,-1.220074851324871
UBFC_PHYS_s14_T1_ctrl,60,222,67.4,0.36722052097320557,-1.406878822003417
UBFC_PHYS_s14_T1_ctrl,60,223,67.43333333333334,0.3267209529876709,-1.4442114099511523
UBFC_PHYS_s14_T1_ctrl,60,224,67.46666666666667,0.3660094738006592,-1.3148572639145317
UBFC_PHYS_s14_T1_ctrl,60,225,67.5,0.316441148519516,-1.0233160984960097
UBFC_PHYS_s14_T1_ctrl,60,226,67.53333333333333,0.14413487911224365,-0.6005551261745518
UBFC_PHYS_s14_T1_ctrl,60,227,67.56666666666666,-0.05301186442375183,-0.1028722768113306
UBFC_PHYS_s14_T1_ctrl,60,228,67.6,-0.263846218585968,0.39674569951784927
UBFC_PHYS_s14_T1_ctrl,60,229,67.63333333333334,-0.5956160426139832,0.8236717682090499
UBFC_PHYS_s14_T1_ctrl,60,230,67.66666666666667,-1.0838640928268433,1.1187853050617729
UBFC_PHYS_s14_T1_ctrl,60,231,67.7,-1.5770970582962036,1.2519017384814957
UBFC_PHYS_s14_T1_ctrl,60,232,67.73333333333333,-1.7755675315856934,1.2272237346979853
UBFC_PHYS_s14_T1_ctrl,60,233,67.76666666666667,-1.4158873558044434,1.0797318557637132
UBFC_PHYS_s14_T1_ctrl,60,234,67.8,-0.5965735912322998,0.8641072174558002
UBFC_PHYS_s14_T1_ctrl,60,235,67.83333333333333,0.25053781270980835,0.6393995110334797
UBFC_PHYS_s14_T1_ctrl,60,236,67.86666666666666,0.7828340530395508,0.4534750915269878
UBFC_PHYS_s14_T1_ctrl,60,237,67.9,0.9211465716362,0.33127191737196054
UBFC_PHYS_s14_T1_ctrl,60,238,67.93333333333334,0.7412642240524292,0.2699404990903417
UBFC_PHYS_s14_T1_ctrl,60,239,67.96666666666667,0.41738027334213257,0.2422244680058102
UBFC_PHYS_s14_T1_ctrl,61,0,61.0,1.097987174987793,0.11228033213568478
UBFC_PHYS_s14_T1_ctrl,61,1,61.03333333333333,1.0151010751724243,-0.09489735293367355
UBFC_PHYS_s14_T1_ctrl,61,2,61.06666666666667,0.9299055337905884,-0.23699082526490564
UBFC_PHYS_s14_T1_ctrl,61,3,61.1,0.7739624381065369,-0.2676053358538372
UBFC_PHYS_s14_T1_ctrl,61,4,61.13333333333333,0.5174463391304016,-0.17392661361285228
UBFC_PHYS_s14_T1_ctrl,61,5,61.166666666666664,0.2280067503452301,0.021444910622095734
UBFC_PHYS_s14_T1_ctrl,61,6,61.2,-0.056166213005781174,0.2709108772244374
UBFC_PHYS_s14_T1_ctrl,61,7,61.233333333333334,-0.4246335029602051,0.5200476945881785
UBFC_PHYS_s14_T1_ctrl,61,8,61.266666666666666,-0.9621400237083435,0.725372540769016
UBFC_PHYS_s14_T1_ctrl,61,9,61.3,-1.5278385877609253,0.8640353655007293
UBFC_PHYS_s14_T1_ctrl,61,10,61.333333333333336,-1.801196575164795,0.9325869313288699
UBFC_PHYS_s14_T1_ctrl,61,11,61.36666666666667,-1.5506230592727661,0.9378438746075304
UBFC_PHYS_s14_T1_ctrl,61,12,61.4,-0.8452320098876953,0.886103370245497
UBFC_PHYS_s14_T1_ctrl,61,13,61.43333333333333,0.0057660313323140144,0.7765394414203721
UBFC_PHYS_s14_T1_ctrl,61,14,61.46666666666667,0.7042006254196167,0.6016190650105684
UBFC_PHYS_s14_T1_ctrl,61,15,61.5,1.09207284450531,0.3536861003252897
UBFC_PHYS_s14_T1_ctrl,61,16,61.53333333333333,1.1304882764816284,0.034211202431245646
UBFC_PHYS_s14_T1_ctrl,61,17,61.56666666666667,0.9424947500228882,-0.338587592400169
UBFC_PHYS_s14_T1_ctrl,61,18,61.6,0.7383915185928345,-0.7271111466020684
UBFC_PHYS_s14_T1_ctrl,61,19,61.63333333333333,0.6655598878860474,-1.0782168083539523
UBFC_PHYS_s14_T1_ctrl,61,20,61.666666666666664,0.6897525787353516,-1.333047238066391
UBFC_PHYS_s14_T1_ctrl,61,21,61.7,0.6751918792724609,-1.4406697410189162
UBFC_PHYS_s14_T1_ctrl,61,22,61.733333333333334,0.5712674260139465,-1.3720060131524927
UBFC_PHYS_s14_T1_ctrl,61,23,61.766666666666666,0.43517982959747314,-1.129730496576608
UBFC_PHYS_s14_T1_ctrl,61,24,61.8,0.2616906762123108,-0.7500618940100613
UBFC_PHYS_s14_T1_ctrl,61,25,61.833333333333336,-0.05405392497777939,-0.2945155269086112
UBFC_PHYS_s14_T1_ctrl,61,26,61.86666666666667,-0.5564401745796204,0.16632376737369212
UBFC_PHYS_s14_T1_ctrl,61,27,61.9,-1.1249831914901733,0.5710269495451832
UBFC_PHYS_s14_T1_ctrl,61,28,61.93333333333333,-1.4740737676620483,0.8801720381081483
UBFC_PHYS_s14_T1_ctrl,61,29,61.96666666666667,-1.3149482011795044,1.078954046634989
UBFC_PHYS_s14_T1_ctrl,61,30,62.0,-0.6695742607116699,1.1701760989156869
UBFC_PHYS_s14_T1_ctrl,61,31,62.03333333333333,0.07082445919513702,1.163118182163147
UBFC_PHYS_s14_T1_ctrl,61,32,62.06666666666667,0.5793504118919373,1.064834725590586
UBFC_PHYS_s14_T1_ctrl,61,33,62.1,0.8394433259963989,0.8778021095517492
UBFC_PHYS_s14_T1_ctrl,61,34,62.13333333333333,0.9253711104393005,0.6037802179858242
UBFC_PHYS_s14_T1_ctrl,61,35,62.166666666666664,0.8666213750839233,0.25071898843071394
UBFC_PHYS_s14_T1_ctrl,61,36,62.2,0.7401658296585083,-0.1611080008348417
UBFC_PHYS_s14_T1_ctrl,61,37,62.233333333333334,0.6627153158187866,-0.5963663426610697
UBFC_PHYS_s14_T1_ctrl,61,38,62.266666666666666,0.6664047837257385,-1.0062910319197753
UBFC_PHYS_s14_T1_ctrl,61,39,62.3,0.668686032295227,-1.3344781833407726
UBFC_PHYS_s14_T1_ctrl,61,40,62.333333333333336,0.5770972967147827,-1.5260847268389408
UBFC_PHYS_s14_T1_ctrl,61,41,62.36666666666667,0.3727969527244568,-1.5391797142587402
UBFC_PHYS_s14_T1_ctrl,61,42,62.4,0.13605186343193054,-1.356034915489667
UBFC_PHYS_s14_T1_ctrl,61,43,62.43333333333333,-0.07450085878372192,-0.9910917760895483
UBFC_PHYS_s14_T1_ctrl,61,44,62.46666666666667,-0.3427894115447998,-0.4920783513165883
UBFC_PHYS_s14_T1_ctrl,61,45,62.5,-0.7773008346557617,0.06793431865469471
UBFC_PHYS_s14_T1_ctrl,61,46,62.53333333333333,-1.302668809890747,0.6066812682136528
UBFC_PHYS_s14_T1_ctrl,61,47,62.56666666666667,-1.61506187915802,1.0522207118167062
UBFC_PHYS_s14_T1_ctrl,61,48,62.6,-1.4072692394256592,1.3581515699798963
UBFC_PHYS_s14_T1_ctrl,61,49,62.63333333333333,-0.6756013035774231,1.5081549997138262
UBFC_PHYS_s14_T1_ctrl,61,50,62.666666666666664,0.2232189029455185,1.5094143590399103
UBFC_PHYS_s14_T1_ctrl,61,51,62.7,0.8966440558433533,1.3805903960140953
UBFC_PHYS_s14_T1_ctrl,61,52,62.733333333333334,1.213824987411499,1.1416811542882292
UBFC_PHYS_s14_T1_ctrl,61,53,62.766666666666666,1.2548315525054932,0.8102475852911418
UBFC_PHYS_s14_T1_ctrl,61,54,62.8,1.150287389755249,0.4039657600177619
UBFC_PHYS_s14_T1_ctrl,61,55,62.833333333333336,1.001526117324829,-0.05382247532803778
UBFC_PHYS_s14_T1_ctrl,61,56,62.86666666666667,0.8668466806411743,-0.5294649961342948
UBFC_PHYS_s14_T1_ctrl,61,57,62.9,0.7743848562240601,-0.9778358587572478
UBFC_PHYS_s14_T1_ctrl,61,58,62.93333333333333,0.7327587604522705,-1.3456110234819172
UBFC_PHYS_s14_T1_ctrl,61,59,62.96666666666667,0.6998915672302246,-1.5787786672567201
UBFC_PHYS_s14_T1_ctrl,61,60,63.0,0.5876587629318237,-1.6333659539341208
UBFC_PHYS_s14_T1_ctrl,61,61,63.03333333333333,0.35212472081184387,-1.4873908206793722
UBFC_PHYS_s14_T1_ctrl,61,62,63.06666666666667,0.058854833245277405,-1.1507015689889515
UBFC_PHYS_s14_T1_ctrl,61,63,63.1,-0.23672446608543396,-0.6682875862439732
UBFC_PHYS_s14_T1_ctrl,61,64,63.13333333333333,-0.5726625323295593,-0.11322844846162303
UBFC_PHYS_s14_T1_ctrl,61,65,63.166666666666664,-1.0109198093414307,0.4306881054240965
UBFC_PHYS_s14_T1_ctrl,61,66,63.2,-1.4569501876831055,0.8904216955052118
UBFC_PHYS_s14_T1_ctrl,61,67,63.233333333333334,-1.6169488430023193,1.219569316566461
UBFC_PHYS_s14_T1_ctrl,61,68,63.266666666666666,-1.2617748975753784,1.4023144455097045
UBFC_PHYS_s14_T1_ctrl,61,69,63.3,-0.5397953391075134,1.4460757530295216
UBFC_PHYS_s14_T1_ctrl,61,70,63.333333333333336,0.1805507093667984,1.3689128453608814
UBFC_PHYS_s14_T1_ctrl,61,71,63.36666666666667,0.6858096718788147,1.1888728777801538
UBFC_PHYS_s14_T1_ctrl,61,72,63.4,0.9686307311058044,0.9196157865538372
UBFC_PHYS_s14_T1_ctrl,61,73,63.43333333333333,1.0546149015426636,0.5723878696177529
UBFC_PHYS_s14_T1_ctrl,61,74,63.46666666666667,0.97110915184021,0.16148344190016528
UBFC_PHYS_s14_T1_ctrl,61,75,63.5,0.8402882218360901,-0.2902555589207854
UBFC_PHYS_s14_T1_ctrl,61,76,63.53333333333333,0.8087165951728821,-0.7482316020417024
UBFC_PHYS_s14_T1_ctrl,61,77,63.56666666666667,0.8635515570640564,-1.166198105272848
UBFC_PHYS_s14_T1_ctrl,61,78,63.6,0.8935178518295288,-1.4902367589484993
UBFC_PHYS_s14_T1_ctrl,61,79,63.63333333333333,0.8352750539779663,-1.6669647910583403
UBFC_PHYS_s14_T1_ctrl,61,80,63.666666666666664,0.6838381886482239,-1.6553613468668231
UBFC_PHYS_s14_T1_ctrl,61,81,63.7,0.4522189199924469,-1.4396939980802657
UBFC_PHYS_s14_T1_ctrl,61,82,63.733333333333334,0.18621163070201874,-1.039020858159565
UBFC_PHYS_s14_T1_ctrl,61,83,63.766666666666666,-0.06827665865421295,-0.5081751579988332
UBFC_PHYS_s14_T1_ctrl,61,84,63.8,-0.3677707314491272,0.07269506168309156
UBFC_PHYS_s14_T1_ctrl,61,85,63.833333333333336,-0.8072953224182129,0.6179736306792379
UBFC_PHYS_s14_T1_ctrl,61,86,63.86666666666667,-1.2468481063842773,1.0581039324343025
UBFC_PHYS_s14_T1_ctrl,61,87,63.9,-1.2928677797317505,1.3533338738141227
UBFC_PHYS_s14_T1_ctrl,61,88,63.93333333333333,-0.7736958861351013,1.4947435048830933
UBFC_PHYS_s14_T1_ctrl,61,89,63.96666666666667,-0.005612152628600597,1.4948458651840133
UBFC_PHYS_s14_T1_ctrl,61,90,64.0,0.6176531910896301,1.3746813764396473
UBFC_PHYS_s14_T1_ctrl,61,91,64.03333333333333,0.9714471697807312,1.1542570400861454
UBFC_PHYS_s14_T1_ctrl,61,92,64.06666666666666,1.0697952508926392,0.8495011843042681
UBFC_PHYS_s14_T1_ctrl,61,93,64.1,0.9437902569770813,0.47471664096562427
UBFC_PHYS_s14_T1_ctrl,61,94,64.13333333333334,0.7426442503929138,0.04748959824736366
UBFC_PHYS_s14_T1_ctrl,61,95,64.16666666666667,0.6275105476379395,-0.40677014934523614
UBFC_PHYS_s14_T1_ctrl,61,96,64.2,0.6344670057296753,-0.8523840481338287
UBFC_PHYS_s14_T1_ctrl,61,97,64.23333333333333,0.6911326050758362,-1.2439520717423387
UBFC_PHYS_s14_T1_ctrl,61,98,64.26666666666667,0.6897525787353516,-1.5305524562620256
UBFC_PHYS_s14_T1_ctrl,61,99,64.3,0.56383216381073,-1.6639159691530283
UBFC_PHYS_s14_T1_ctrl,61,100,64.33333333333333,0.3240453898906708,-1.609705064583433
UBFC_PHYS_s14_T1_ctrl,61,101,64.36666666666666,0.022044720128178596,-1.3591679294721504
UBFC_PHYS_s14_T1_ctrl,61,102,64.4,-0.2960374653339386,-0.936855784702968
UBFC_PHYS_s14_T1_ctrl,61,103,64.43333333333334,-0.6412414312362671,-0.39998101453671303
UBFC_PHYS_s14_T1_ctrl,61,104,64.46666666666667,-1.0679514408111572,0.17275051873291183
UBFC_PHYS_s14_T1_ctrl,61,105,64.5,-1.5288524627685547,0.700334640039506
UBFC_PHYS_s14_T1_ctrl,61,106,64.53333333333333,-1.7280832529067993,1.1191035649872692
UBFC_PHYS_s14_T1_ctrl,61,107,64.56666666666666,-1.3706562519073486,1.3940661258521863
UBFC_PHYS_s14_T1_ctrl,61,108,64.6,-0.5460477471351624,1.5181520027427833
UBFC_PHYS_s14_T1_ctrl,61,109,64.63333333333334,0.3222428858280182,1.5025949058719217
UBFC_PHYS_s14_T1_ctrl,61,110,64.66666666666667,0.904501736164093,1.3654660688583338
UBFC_PHYS_s14_T1_ctrl,61,111,64.7,1.1460628509521484,1.1243528589480918
UBFC_PHYS_s14_T1_ctrl,61,112,64.73333333333333,1.1062110662460327,0.7951258530092387
UBFC_PHYS_s14_T1_ctrl,61,113,64.76666666666667,0.8892932534217834,0.3949409166909135
UBFC_PHYS_s14_T1_ctrl,61,114,64.8,0.6974976658821106,-0.053576472806427175
UBFC_PHYS_s14_T1_ctrl,61,115,64.83333333333333,0.6558151841163635,-0.5192157771543043
UBFC_PHYS_s14_T1_ctrl,61,116,64.86666666666666,0.6884007453918457,-0.9613391337791553
UBFC_PHYS_s14_T1_ctrl,61,117,64.9,0.6942024827003479,-1.3319642909339935
UBFC_PHYS_s14_T1_ctrl,61,118,64.93333333333334,0.6475913524627686,-1.5811747038264097
UBFC_PHYS_s14_T1_ctrl,61,119,64.96666666666667,0.5032235980033875,-1.6657189996670132
UBFC_PHYS_s14_T1_ctrl,61,120,65.0,0.223922997713089,-1.5594752773330967
UBFC_PHYS_s14_T1_ctrl,61,121,65.03333333333333,-0.11215589195489883,-1.2630395752596135
UBFC_PHYS_s14_T1_ctrl,61,122,65.06666666666666,-0.4390251934528351,-0.8088457832474752
UBFC_PHYS_s14_T1_ctrl,61,123,65.1,-0.8164204359054565,-0.258523060020751
UBFC_PHYS_s14_T1_ctrl,61,124,65.13333333333334,-1.313906192779541,0.3088881226846795
UBFC_PHYS_s14_T1_ctrl,61,125,65.16666666666667,-1.8199255466461182,0.815351149220165
UBFC_PHYS_s14_T1_ctrl,61,126,65.2,-1.9943158626556396,1.2019040261645457
UBFC_PHYS_s14_T1_ctrl,61,127,65.23333333333333,-1.553017020225525,1.438446386861757
UBFC_PHYS_s14_T1_ctrl,61,128,65.26666666666667,-0.6409034729003906,1.5219999988005715
UBFC_PHYS_s14_T1_ctrl,61,129,65.3,0.2590714395046234,1.466818331594266
UBFC_PHYS_s14_T1_ctrl,61,130,65.33333333333333,0.8350779414176941,1.2931635469290128
UBFC_PHYS_s14_T1_ctrl,61,131,65.36666666666666,1.0679645538330078,1.0204252299589973
UBFC_PHYS_s14_T1_ctrl,61,132,65.4,1.0461094379425049,0.6662550540028233
UBFC_PHYS_s14_T1_ctrl,61,133,65.43333333333334,0.872958242893219,0.24970215623193073
UBFC_PHYS_s14_T1_ctrl,61,134,65.46666666666667,0.6738681793212891,-0.20477749674344584
UBFC_PHYS_s14_T1_ctrl,61,135,65.5,0.5749850273132324,-0.6646125986462033
UBFC_PHYS_s14_T1_ctrl,61,136,65.53333333333333,0.6019096374511719,-1.0886269966097184
UBFC_PHYS_s14_T1_ctrl,61,137,65.56666666666666,0.6259615421295166,-1.4291573649177878
UBFC_PHYS_s14_T1_ctrl,61,138,65.6,0.5180377960205078,-1.637300637116779
UBFC_PHYS_s14_T1_ctrl,61,139,65.63333333333334,0.28281354904174805,-1.6715979887223862
UBFC_PHYS_s14_T1_ctrl,61,140,65.66666666666667,-0.005893790628761053,-1.5090837534944481
UBFC_PHYS_s14_T1_ctrl,61,141,65.7,-0.3000085651874542,-1.155560446229122
UBFC_PHYS_s14_T1_ctrl,61,142,65.73333333333333,-0.5612561702728271,-0.6505606530578328
UBFC_PHYS_s14_T1_ctrl,61,143,65.76666666666667,-0.8223348259925842,-0.06315246009958105
UBFC_PHYS_s14_T1_ctrl,61,144,65.8,-1.2008565664291382,0.5219767287146115
UBFC_PHYS_s14_T1_ctrl,61,145,65.83333333333333,-1.6077111959457397,1.0240752323418885
UBFC_PHYS_s14_T1_ctrl,61,146,65.86666666666666,-1.6568288803100586,1.3839435388182029
UBFC_PHYS_s14_T1_ctrl,61,147,65.9,-1.1292078495025635,1.5725858122577137
UBFC_PHYS_s14_T1_ctrl,61,148,65.93333333333334,-0.2895316481590271,1.5889696569772986
UBFC_PHYS_s14_T1_ctrl,61,149,65.96666666666667,0.45914721488952637,1.4507808692210886
UBFC_PHYS_s14_T1_ctrl,61,150,66.0,0.9539292454719543,1.1843890315183647
UBFC_PHYS_s14_T1_ctrl,61,151,66.03333333333333,1.1592998504638672,0.8186035956020504
UBFC_PHYS_s14_T1_ctrl,61,152,66.06666666666666,1.0697107315063477,0.3832767274244988
UBFC_PHYS_s14_T1_ctrl,61,153,66.1,0.8249107599258423,-0.08904257987493643
UBFC_PHYS_s14_T1_ctrl,61,154,66.13333333333334,0.647704005241394,-0.5609348968425583
UBFC_PHYS_s14_T1_ctrl,61,155,66.16666666666667,0.5999100208282471,-0.9893084796707112
UBFC_PHYS_s14_T1_ctrl,61,156,66.2,0.5939111113548279,-1.327190281719422
UBFC_PHYS_s14_T1_ctrl,61,157,66.23333333333333,0.5761115550994873,-1.528842907151323
UBFC_PHYS_s14_T1_ctrl,61,158,66.26666666666667,0.5217835903167725,-1.5581563053150438
UBFC_PHYS_s14_T1_ctrl,61,159,66.3,0.35454678535461426,-1.3988120338578582
UBFC_PHYS_s14_T1_ctrl,61,160,66.33333333333333,0.05184204503893852,-1.0628862298144304
UBFC_PHYS_s14_T1_ctrl,61,161,66.36666666666666,-0.2829413115978241,-0.5935552169891867
UBFC_PHYS_s14_T1_ctrl,61,162,66.4,-0.5992773175239563,-0.05871530022768659
UBFC_PHYS_s14_T1_ctrl,61,163,66.43333333333334,-1.0014848709106445,0.4639181425406351
UBFC_PHYS_s14_T1_ctrl,61,164,66.46666666666667,-1.5278948545455933,0.9048049235971876
UBFC_PHYS_s14_T1_ctrl,61,165,66.5,-1.9221601486206055,1.2160559631744552
UBFC_PHYS_s14_T1_ctrl,61,166,66.53333333333333,-1.7828900814056396,1.3756170284873157
UBFC_PHYS_s14_T1_ctrl,61,167,66.56666666666666,-1.0718944072723389,1.3828786267450428
UBFC_PHYS_s14_T1_ctrl,61,168,66.6,-0.16338588297367096,1.250516625906003
UBFC_PHYS_s14_T1_ctrl,61,169,66.63333333333334,0.5414419174194336,0.9979153045017526
UBFC_PHYS_s14_T1_ctrl,61,170,66.66666666666667,0.9132325053215027,0.6488572642262842
UBFC_PHYS_s14_T1_ctrl,61,171,66.7,0.973446786403656,0.23267879507181782
UBFC_PHYS_s14_T1_ctrl,61,172,66.73333333333333,0.7930856347084045,-0.21380361311921198
UBFC_PHYS_s14_T1_ctrl,61,173,66.76666666666667,0.5496376156806946,-0.6461293106126978
UBFC_PHYS_s14_T1_ctrl,61,174,66.8,0.4214640259742737,-1.015020395836512
UBFC_PHYS_s14_T1_ctrl,61,175,66.83333333333333,0.4116348624229431,-1.2721707551500048
UBFC_PHYS_s14_T1_ctrl,61,176,66.86666666666666,0.42380163073539734,-1.3783367544737544
UBFC_PHYS_s14_T1_ctrl,61,177,66.9,0.3940888047218323,-1.3124486648284688
UBFC_PHYS_s14_T1_ctrl,61,178,66.93333333333334,0.307259738445282,-1.0792868047379405
UBFC_PHYS_s14_T1_ctrl,61,179,66.96666666666667,0.15985029935836792,-0.7122261649346143
UBFC_PHYS_s14_T1_ctrl,61,180,67.0,-0.07221958786249161,-0.2680203425834779
UBFC_PHYS_s14_T1_ctrl,61,181,67.03333333333333,-0.41317081451416016,0.1863359824128515
UBFC_PHYS_s14_T1_ctrl,61,182,67.06666666666666,-0.8577085733413696,0.5898893331600562
UBFC_PHYS_s14_T1_ctrl,61,183,67.1,-1.330212950706482,0.8998850058243841
UBFC_PHYS_s14_T1_ctrl,61,184,67.13333333333334,-1.568563461303711,1.0950714971134015
UBFC_PHYS_s14_T1_ctrl,61,185,67.16666666666667,-1.2653799057006836,1.1708977984436713
UBFC_PHYS_s14_T1_ctrl,61,186,67.2,-0.48521387577056885,1.1316400541463245
UBFC_PHYS_s14_T1_ctrl,61,187,67.23333333333333,0.32525643706321716,0.9850823542546256
UBFC_PHYS_s14_T1_ctrl,61,188,67.26666666666667,0.8273047208786011,0.7423282597605352
UBFC_PHYS_s14_T1_ctrl,61,189,67.3,0.9923728704452515,0.4213031474729559
UBFC_PHYS_s14_T1_ctrl,61,190,67.33333333333333,0.8749297261238098,0.05037731963145807
UBFC_PHYS_s14_T1_ctrl,61,191,67.36666666666666,0.5914326906204224,-0.3310656089934045
UBFC_PHYS_s14_T1_ctrl,61,192,67.4,0.36722052097320557,-0.6763597553603096
UBFC_PHYS_s14_T1_ctrl,61,193,67.43333333333334,0.3267209529876709,-0.9388041709609262
UBFC_PHYS_s14_T1_ctrl,61,194,67.46666666666667,0.3660094738006592,-1.0805252634918034
UBFC_PHYS_s14_T1_ctrl,61,195,67.5,0.316441148519516,-1.0807832925601415
UBFC_PHYS_s14_T1_ctrl,61,196,67.53333333333333,0.14413487911224365,-0.9416069137821562
UBFC_PHYS_s14_T1_ctrl,61,197,67.56666666666666,-0.05301186442375183,-0.6887955656534237
UBFC_PHYS_s14_T1_ctrl,61,198,67.6,-0.263846218585968,-0.3669079941793639
UBFC_PHYS_s14_T1_ctrl,61,199,67.63333333333334,-0.5956160426139832,-0.028662916355964012
UBFC_PHYS_s14_T1_ctrl,61,200,67.66666666666667,-1.0838640928268433,0.27793215673786315
UBFC_PHYS_s14_T1_ctrl,61,201,67.7,-1.5770970582962036,0.5196010382963041
UBFC_PHYS_s14_T1_ctrl,61,202,67.73333333333333,-1.7755675315856934,0.6810372460259838
UBFC_PHYS_s14_T1_ctrl,61,203,67.76666666666667,-1.4158873558044434,0.7610234405749706
UBFC_PHYS_s14_T1_ctrl,61,204,67.8,-0.5965735912322998,0.7648599913470749
UBFC_PHYS_s14_T1_ctrl,61,205,67.83333333333333,0.25053781270980835,0.6980868110731752
UBFC_PHYS_s14_T1_ctrl,61,206,67.86666666666666,0.7828340530395508,0.5648668158621803
UBFC_PHYS_s14_T1_ctrl,61,207,67.9,0.9211465716362,0.3711278026748004
UBFC_PHYS_s14_T1_ctrl,61,208,67.93333333333334,0.7412642240524292,0.12990027936769638
UBFC_PHYS_s14_T1_ctrl,61,209,67.96666666666667,0.41738027334213257,-0.13467735886328777
UBFC_PHYS_s14_T1_ctrl,61,210,68.0,0.1812548041343689,-0.38749294184830607
UBFC_PHYS_s14_T1_ctrl,61,211,68.03333333333333,0.13661514222621918,-0.5877298884336738
UBFC_PHYS_s14_T1_ctrl,61,212,68.06666666666666,0.1491762101650238,-0.6981844540968836
UBFC_PHYS_s14_T1_ctrl,61,213,68.1,0.09008851647377014,-0.6958516996731324
UBFC_PHYS_s14_T1_ctrl,61,214,68.13333333333334,-0.028931796550750732,-0.5801578949858697
UBFC_PHYS_s14_T1_ctrl,61,215,68.16666666666667,-0.1957179456949234,-0.3754804398621805
UBFC_PHYS_s14_T1_ctrl,61,216,68.2,-0.479468435049057,-0.1260701602879206
UBFC_PHYS_s14_T1_ctrl,61,217,68.23333333333333,-0.9273295402526855,0.11587980397149285
UBFC_PHYS_s14_T1_ctrl,61,218,68.26666666666667,-1.5120104551315308,0.3051978447341659
UBFC_PHYS_s14_T1_ctrl,61,219,68.3,-2.098071336746216,0.41602415925302766
UBFC_PHYS_s14_T1_ctrl,61,220,68.33333333333333,-2.3744711875915527,0.4464454181150146
UBFC_PHYS_s14_T1_ctrl,61,221,68.36666666666666,-2.0695695877075195,0.41385187772710824
UBFC_PHYS_s14_T1_ctrl,61,222,68.4,-1.3171168565750122,0.34387504625002674
UBFC_PHYS_s14_T1_ctrl,61,223,68.43333333333334,-0.583730936050415,0.2586791962564477
UBFC_PHYS_s14_T1_ctrl,61,224,68.46666666666667,-0.19746410846710205,0.16993070686357067
UBFC_PHYS_s14_T1_ctrl,61,225,68.5,-0.1241818442940712,0.07879999139678846
UBFC_PHYS_s14_T1_ctrl,61,226,68.53333333333333,-0.11643678694963455,-0.018106053844356988
UBFC_PHYS_s14_T1_ctrl,61,227,68.56666666666666,0.03995691239833832,-0.12050878919709823
UBFC_PHYS_s14_T1_ctrl,61,228,68.6,0.3547157943248749,-0.21840741265266123
UBFC_PHYS_s14_T1_ctrl,61,229,68.63333333333334,0.6480419635772705,-0.2916531572999685
UBFC_PHYS_s14_T1_ctrl,61,230,68.66666666666667,0.7315758466720581,-0.3160219862312767
UBFC_PHYS_s14_T1_ctrl,61,231,68.7,0.6054864525794983,-0.27361876535691093
UBFC_PHYS_s14_T1_ctrl,61,232,68.73333333333333,0.4563308358192444,-0.16319019639971102
UBFC_PHYS_s14_T1_ctrl,61,233,68.76666666666667,0.4213232100009918,-0.005431886898381881
UBFC_PHYS_s14_T1_ctrl,61,234,68.8,0.39713048934936523,0.15997898580132056
UBFC_PHYS_s14_T1_ctrl,61,235,68.83333333333333,0.19815309345722198,0.28554510243222936
UBFC_PHYS_s14_T1_ctrl,61,236,68.86666666666666,-0.230274960398674,0.3314764882604982
UBFC_PHYS_s14_T1_ctrl,61,237,68.9,-0.7658100128173828,0.279570810010756
UBFC_PHYS_s14_T1_ctrl,61,238,68.93333333333334,-1.1138867139816284,0.1401004489758553
UBFC_PHYS_s14_T1_ctrl,61,239,68.96666666666667,-0.9389893412590027,-0.05065480348819235
UBFC_PHYS_s14_T1_ctrl,62,0,62.0,-0.6695742607116699,-0.037744924963538456
UBFC_PHYS_s14_T1_ctrl,62,1,62.03333333333333,0.07082445919513702,0.2256301638928438
UBFC_PHYS_s14_T1_ctrl,62,2,62.06666666666667,0.5793504118919373,0.45732254849617604
UBFC_PHYS_s14_T1_ctrl,62,3,62.1,0.8394433259963989,0.6268629486895932
UBFC_PHYS_s14_T1_ctrl,62,4,62.13333333333333,0.9253711104393005,0.7083531676825279
UBFC_PHYS_s14_T1_ctrl,62,5,62.166666666666664,0.8666213750839233,0.6865752407289251
UBFC_PHYS_s14_T1_ctrl,62,6,62.2,0.7401658296585083,0.5630737823486356
UBFC_PHYS_s14_T1_ctrl,62,7,62.233333333333334,0.6627153158187866,0.35868926257447653
UBFC_PHYS_s14_T1_ctrl,62,8,62.266666666666666,0.6664047837257385,0.11070431212934463
UBFC_PHYS_s14_T1_ctrl,62,9,62.3,0.668686032295227,-0.1346940968318386
UBFC_PHYS_s14_T1_ctrl,62,10,62.333333333333336,0.5770972967147827,-0.33244262305029426
UBFC_PHYS_s14_T1_ctrl,62,11,62.36666666666667,0.3727969527244568,-0.4486498232716193
UBFC_PHYS_s14_T1_ctrl,62,12,62.4,0.13605186343193054,-0.46837431911055366
UBFC_PHYS_s14_T1_ctrl,62,13,62.43333333333333,-0.07450085878372192,-0.39896041029307655
UBFC_PHYS_s14_T1_ctrl,62,14,62.46666666666667,-0.3427894115447998,-0.2670651860241303
UBFC_PHYS_s14_T1_ctrl,62,15,62.5,-0.7773008346557617,-0.10913460024377243
UBFC_PHYS_s14_T1_ctrl,62,16,62.53333333333333,-1.302668809890747,0.04171047783280894
UBFC_PHYS_s14_T1_ctrl,62,17,62.56666666666667,-1.61506187915802,0.16666476258438997
UBFC_PHYS_s14_T1_ctrl,62,18,62.6,-1.4072692394256592,0.2645322474221126
UBFC_PHYS_s14_T1_ctrl,62,19,62.63333333333333,-0.6756013035774231,0.3454714163323903
UBFC_PHYS_s14_T1_ctrl,62,20,62.666666666666664,0.2232189029455185,0.4189063227840722
UBFC_PHYS_s14_T1_ctrl,62,21,62.7,0.8966440558433533,0.48278206073887975
UBFC_PHYS_s14_T1_ctrl,62,22,62.733333333333334,1.213824987411499,0.5200364019981149
UBFC_PHYS_s14_T1_ctrl,62,23,62.766666666666666,1.2548315525054932,0.5037322521957358
UBFC_PHYS_s14_T1_ctrl,62,24,62.8,1.150287389755249,0.4080956975426815
UBFC_PHYS_s14_T1_ctrl,62,25,62.833333333333336,1.001526117324829,0.22060264986204783
UBFC_PHYS_s14_T1_ctrl,62,26,62.86666666666667,0.8668466806411743,-0.04948347814297652
UBFC_PHYS_s14_T1_ctrl,62,27,62.9,0.7743848562240601,-0.36895288330483755
UBFC_PHYS_s14_T1_ctrl,62,28,62.93333333333333,0.7327587604522705,-0.6855766176104511
UBFC_PHYS_s14_T1_ctrl,62,29,62.96666666666667,0.6998915672302246,-0.939007445815168
UBFC_PHYS_s14_T1_ctrl,62,30,63.0,0.5876587629318237,-1.0751773219709808
UBFC_PHYS_s14_T1_ctrl,62,31,63.03333333333333,0.35212472081184387,-1.0606847132409754
UBFC_PHYS_s14_T1_ctrl,62,32,63.06666666666667,0.058854833245277405,-0.8930024018784887
UBFC_PHYS_s14_T1_ctrl,62,33,63.1,-0.23672446608543396,-0.6025242587735641
UBFC_PHYS_s14_T1_ctrl,62,34,63.13333333333333,-0.5726625323295593,-0.24425732019101795
UBFC_PHYS_s14_T1_ctrl,62,35,63.166666666666664,-1.0109198093414307,0.11906560485622703
UBFC_PHYS_s14_T1_ctrl,62,36,63.2,-1.4569501876831055,0.43576304398273197
UBFC_PHYS_s14_T1_ctrl,62,37,63.233333333333334,-1.6169488430023193,0.6772935395311163
UBFC_PHYS_s14_T1_ctrl,62,38,63.266666666666666,-1.2617748975753784,0.8387454917647178
UBFC_PHYS_s14_T1_ctrl,62,39,63.3,-0.5397953391075134,0.929371860655576
UBFC_PHYS_s14_T1_ctrl,62,40,63.333333333333336,0.1805507093667984,0.9596664368158034
UBFC_PHYS_s14_T1_ctrl,62,41,63.36666666666667,0.6858096718788147,0.9321024438467674
UBFC_PHYS_s14_T1_ctrl,62,42,63.4,0.9686307311058044,0.8393521062727757
UBFC_PHYS_s14_T1_ctrl,62,43,63.43333333333333,1.0546149015426636,0.6694463315540261
UBFC_PHYS_s14_T1_ctrl,62,44,63.46666666666667,0.97110915184021,0.41472835855061474
UBFC_PHYS_s14_T1_ctrl,62,45,63.5,0.8402882218360901,0.08089226555683841
UBFC_PHYS_s14_T1_ctrl,62,46,63.53333333333333,0.8087165951728821,-0.3071112697505002
UBFC_PHYS_s14_T1_ctrl,62,47,63.56666666666667,0.8635515570640564,-0.7045387333902305
UBFC_PHYS_s14_T1_ctrl,62,48,63.6,0.8935178518295288,-1.0526129506025959
UBFC_PHYS_s14_T1_ctrl,62,49,63.63333333333333,0.8352750539779663,-1.2899137455168859
UBFC_PHYS_s14_T1_ctrl,62,50,63.666666666666664,0.6838381886482239,-1.3669921483020826
UBFC_PHYS_s14_T1_ctrl,62,51,63.7,0.4522189199924469,-1.2602752119514389
UBFC_PHYS_s14_T1_ctrl,62,52,63.733333333333334,0.18621163070201874,-0.9806329787146659
UBFC_PHYS_s14_T1_ctrl,62,53,63.766666666666666,-0.06827665865421295,-0.5727880102849483
UBFC_PHYS_s14_T1_ctrl,62,54,63.8,-0.3677707314491272,-0.1044173961648468
UBFC_PHYS_s14_T1_ctrl,62,55,63.833333333333336,-0.8072953224182129,0.3520275343105817
UBFC_PHYS_s14_T1_ctrl,62,56,63.86666666666667,-1.2468481063842773,0.737779566318845
UBFC_PHYS_s14_T1_ctrl,62,57,63.9,-1.2928677797317505,1.018836414574357
UBFC_PHYS_s14_T1_ctrl,62,58,63.93333333333333,-0.7736958861351013,1.186078863892974
UBFC_PHYS_s14_T1_ctrl,62,59,63.96666666666667,-0.005612152628600597,1.246667895236099
UBFC_PHYS_s14_T1_ctrl,62,60,64.0,0.6176531910896301,1.2125635789532885
UBFC_PHYS_s14_T1_ctrl,62,61,64.03333333333333,0.9714471697807312,1.0920681739342721
UBFC_PHYS_s14_T1_ctrl,62,62,64.06666666666666,1.0697952508926392,0.8876897543148853
UBFC_PHYS_s14_T1_ctrl,62,63,64.1,0.9437902569770813,0.6001724679903131
UBFC_PHYS_s14_T1_ctrl,62,64,64.13333333333334,0.7426442503929138,0.2359622818171956
UBFC_PHYS_s14_T1_ctrl,62,65,64.16666666666667,0.6275105476379395,-0.18560732071933495
UBFC_PHYS_s14_T1_ctrl,62,66,64.2,0.6344670057296753,-0.6286470240305088
UBFC_PHYS_s14_T1_ctrl,62,67,64.23333333333333,0.6911326050758362,-1.0424164818373887
UBFC_PHYS_s14_T1_ctrl,62,68,64.26666666666667,0.6897525787353516,-1.368587394816822
UBFC_PHYS_s14_T1_ctrl,62,69,64.3,0.56383216381073,-1.5526649238768444
UBFC_PHYS_s14_T1_ctrl,62,70,64.33333333333333,0.3240453898906708,-1.5568623826197066
UBFC_PHYS_s14_T1_ctrl,62,71,64.36666666666666,0.022044720128178596,-1.3708598580538573
UBFC_PHYS_s14_T1_ctrl,62,72,64.4,-0.2960374653339386,-1.016778125409663
UBFC_PHYS_s14_T1_ctrl,62,73,64.43333333333334,-0.6412414312362671,-0.5459029240609466
UBFC_PHYS_s14_T1_ctrl,62,74,64.46666666666667,-1.0679514408111572,-0.027314165329414688
UBFC_PHYS_s14_T1_ctrl,62,75,64.5,-1.5288524627685547,0.46826841401004576
UBFC_PHYS_s14_T1_ctrl,62,76,64.53333333333333,-1.7280832529067993,0.8838829324209333
UBFC_PHYS_s14_T1_ctrl,62,77,64.56666666666666,-1.3706562519073486,1.1855172706315138
UBFC_PHYS_s14_T1_ctrl,62,78,64.6,-0.5460477471351624,1.3624014406552103
UBFC_PHYS_s14_T1_ctrl,62,79,64.63333333333334,0.3222428858280182,1.419738755719633
UBFC_PHYS_s14_T1_ctrl,62,80,64.66666666666667,0.904501736164093,1.3684254026350038
UBFC_PHYS_s14_T1_ctrl,62,81,64.7,1.1460628509521484,1.217143086369387
UBFC_PHYS_s14_T1_ctrl,62,82,64.73333333333333,1.1062110662460327,0.9703489384509807
UBFC_PHYS_s14_T1_ctrl,62,83,64.76666666666667,0.8892932534217834,0.6323512071727466
UBFC_PHYS_s14_T1_ctrl,62,84,64.8,0.6974976658821106,0.21468273834630877
UBFC_PHYS_s14_T1_ctrl,62,85,64.83333333333333,0.6558151841163635,-0.257267431889555
UBFC_PHYS_s14_T1_ctrl,62,86,64.86666666666666,0.6884007453918457,-0.7416162955775544
UBFC_PHYS_s14_T1_ctrl,62,87,64.9,0.6942024827003479,-1.1827194975594046
UBFC_PHYS_s14_T1_ctrl,62,88,64.93333333333334,0.6475913524627686,-1.5189085796908577
UBFC_PHYS_s14_T1_ctrl,62,89,64.96666666666667,0.5032235980033875,-1.6937332275946089
UBFC_PHYS_s14_T1_ctrl,62,90,65.0,0.223922997713089,-1.6685406751236023
UBFC_PHYS_s14_T1_ctrl,62,91,65.03333333333333,-0.11215589195489883,-1.4336487548532952
UBFC_PHYS_s14_T1_ctrl,62,92,65.06666666666666,-0.4390251934528351,-1.0147980876784048
UBFC_PHYS_s14_T1_ctrl,62,93,65.1,-0.8164204359054565,-0.4715420618535755
UBFC_PHYS_s14_T1_ctrl,62,94,65.13333333333334,-1.313906192779541,0.11428718226731753
UBFC_PHYS_s14_T1_ctrl,62,95,65.16666666666667,-1.8199255466461182,0.6580291186008339
UBFC_PHYS_s14_T1_ctrl,62,96,65.2,-1.9943158626556396,1.0925060886197007
UBFC_PHYS_s14_T1_ctrl,62,97,65.23333333333333,-1.553017020225525,1.38037922552127
UBFC_PHYS_s14_T1_ctrl,62,98,65.26666666666667,-0.6409034729003906,1.5140394237986363
UBFC_PHYS_s14_T1_ctrl,62,99,65.3,0.2590714395046234,1.5055730999065704
UBFC_PHYS_s14_T1_ctrl,62,100,65.33333333333333,0.8350779414176941,1.373911711926373
UBFC_PHYS_s14_T1_ctrl,62,101,65.36666666666666,1.0679645538330078,1.136149132042091
UBFC_PHYS_s14_T1_ctrl,62,102,65.4,1.0461094379425049,0.8061222590004186
UBFC_PHYS_s14_T1_ctrl,62,103,65.43333333333334,0.872958242893219,0.39875608197413254
UBFC_PHYS_s14_T1_ctrl,62,104,65.46666666666667,0.6738681793212891,-0.06376455314294475
UBFC_PHYS_s14_T1_ctrl,62,105,65.5,0.5749850273132324,-0.5476882991898013
UBFC_PHYS_s14_T1_ctrl,62,106,65.53333333333333,0.6019096374511719,-1.007184861015418
UBFC_PHYS_s14_T1_ctrl,62,107,65.56666666666666,0.6259615421295166,-1.3879027178965797
UBFC_PHYS_s14_T1_ctrl,62,108,65.6,0.5180377960205078,-1.6342317900734797
UBFC_PHYS_s14_T1_ctrl,62,109,65.63333333333334,0.28281354904174805,-1.6996527553225007
UBFC_PHYS_s14_T1_ctrl,62,110,65.66666666666667,-0.005893790628761053,-1.5586773156854694
UBFC_PHYS_s14_T1_ctrl,62,111,65.7,-0.3000085651874542,-1.217280939576105
UBFC_PHYS_s14_T1_ctrl,62,112,65.73333333333333,-0.5612561702728271,-0.7173764766658712
UBFC_PHYS_s14_T1_ctrl,62,113,65.76666666666667,-0.8223348259925842,-0.13148447195122726
UBFC_PHYS_s14_T1_ctrl,62,114,65.8,-1.2008565664291382,0.4527841046464043
UBFC_PHYS_s14_T1_ctrl,62,115,65.83333333333333,-1.6077111959457397,0.9537757729633768
UBFC_PHYS_s14_T1_ctrl,62,116,65.86666666666666,-1.6568288803100586,1.3139729604056292
UBFC_PHYS_s14_T1_ctrl,62,117,65.9,-1.1292078495025635,1.5077007707756322
UBFC_PHYS_s14_T1_ctrl,62,118,65.93333333333334,-0.2895316481590271,1.5366598222286256
UBFC_PHYS_s14_T1_ctrl,62,119,65.96666666666667,0.45914721488952637,1.418329312228507
UBFC_PHYS_s14_T1_ctrl,62,120,66.0,0.9539292454719543,1.1750159748229627
UBFC_PHYS_s14_T1_ctrl,62,121,66.03333333333333,1.1592998504638672,0.8290074780775198
UBFC_PHYS_s14_T1_ctrl,62,122,66.06666666666666,1.0697107315063477,0.4042054147769305
UBFC_PHYS_s14_T1_ctrl,62,123,66.1,0.8249107599258423,-0.06935269982201218
UBFC_PHYS_s14_T1_ctrl,62,124,66.13333333333334,0.647704005241394,-0.5520705715962902
UBFC_PHYS_s14_T1_ctrl,62,125,66.16666666666667,0.5999100208282471,-0.9946573766360323
UBFC_PHYS_s14_T1_ctrl,62,126,66.2,0.5939111113548279,-1.3419481665203228
UBFC_PHYS_s14_T1_ctrl,62,127,66.23333333333333,0.5761115550994873,-1.5406428777711771
UBFC_PHYS_s14_T1_ctrl,62,128,66.26666666666667,0.5217835903167725,-1.550279813268388
UBFC_PHYS_s14_T1_ctrl,62,129,66.3,0.35454678535461426,-1.3554000397950816
UBFC_PHYS_s14_T1_ctrl,62,130,66.33333333333333,0.05184204503893852,-0.974904960226125
UBFC_PHYS_s14_T1_ctrl,62,131,66.36666666666666,-0.2829413115978241,-0.46357672110912607
UBFC_PHYS_s14_T1_ctrl,62,132,66.4,-0.5992773175239563,0.09764113451401313
UBFC_PHYS_s14_T1_ctrl,62,133,66.43333333333334,-1.0014848709106445,0.621164550790254
UBFC_PHYS_s14_T1_ctrl,62,134,66.46666666666667,-1.5278948545455933,1.0346289746136472
UBFC_PHYS_s14_T1_ctrl,62,135,66.5,-1.9221601486206055,1.2954034514802155
UBFC_PHYS_s14_T1_ctrl,62,136,66.53333333333333,-1.7828900814056396,1.3924934040951287
UBFC_PHYS_s14_T1_ctrl,62,137,66.56666666666666,-1.0718944072723389,1.337933906017766
UBFC_PHYS_s14_T1_ctrl,62,138,66.6,-0.16338588297367096,1.154524530073154
UBFC_PHYS_s14_T1_ctrl,62,139,66.63333333333334,0.5414419174194336,0.866778057056729
UBFC_PHYS_s14_T1_ctrl,62,140,66.66666666666667,0.9132325053215027,0.4983482024471286
UBFC_PHYS_s14_T1_ctrl,62,141,66.7,0.973446786403656,0.0748459581943513
UBFC_PHYS_s14_T1_ctrl,62,142,66.73333333333333,0.7930856347084045,-0.3715280087348751
UBFC_PHYS_s14_T1_ctrl,62,143,66.76666666666667,0.5496376156806946,-0.7991609764741969
UBFC_PHYS_s14_T1_ctrl,62,144,66.8,0.4214640259742737,-1.1582002804110199
UBFC_PHYS_s14_T1_ctrl,62,145,66.83333333333333,0.4116348624229431,-1.3962882014235778
UBFC_PHYS_s14_T1_ctrl,62,146,66.86666666666666,0.42380163073539734,-1.4683330362727478
UBFC_PHYS_s14_T1_ctrl,62,147,66.9,0.3940888047218323,-1.3486334231584107
UBFC_PHYS_s14_T1_ctrl,62,148,66.93333333333334,0.307259738445282,-1.0419232067134292
UBFC_PHYS_s14_T1_ctrl,62,149,66.96666666666667,0.15985029935836792,-0.5883841530794804
UBFC_PHYS_s14_T1_ctrl,62,150,67.0,-0.07221958786249161,-0.058114279679032106
UBFC_PHYS_s14_T1_ctrl,62,151,67.03333333333333,-0.41317081451416016,0.4653916418485578
UBFC_PHYS_s14_T1_ctrl,62,152,67.06666666666666,-0.8577085733413696,0.9065984518894407
UBFC_PHYS_s14_T1_ctrl,62,153,67.1,-1.330212950706482,1.2143592792147506
UBFC_PHYS_s14_T1_ctrl,62,154,67.13333333333334,-1.568563461303711,1.3669541731664367
UBFC_PHYS_s14_T1_ctrl,62,155,67.16666666666667,-1.2653799057006836,1.3663782649984548
UBFC_PHYS_s14_T1_ctrl,62,156,67.2,-0.48521387577056885,1.227818051259957
UBFC_PHYS_s14_T1_ctrl,62,157,67.23333333333333,0.32525643706321716,0.9711203798155079
UBFC_PHYS_s14_T1_ctrl,62,158,67.26666666666667,0.8273047208786011,0.6180030011361048
UBFC_PHYS_s14_T1_ctrl,62,159,67.3,0.9923728704452515,0.19441690495887617
UBFC_PHYS_s14_T1_ctrl,62,160,67.33333333333333,0.8749297261238098,-0.2653661757398184
UBFC_PHYS_s14_T1_ctrl,62,161,67.36666666666666,0.5914326906204224,-0.7166811901378566
UBFC_PHYS_s14_T1_ctrl,62,162,67.4,0.36722052097320557,-1.1065582726918166
UBFC_PHYS_s14_T1_ctrl,62,163,67.43333333333334,0.3267209529876709,-1.3801512803571372
UBFC_PHYS_s14_T1_ctrl,62,164,67.46666666666667,0.3660094738006592,-1.4904686200845028
UBFC_PHYS_s14_T1_ctrl,62,165,67.5,0.316441148519516,-1.4095512571691438
UBFC_PHYS_s14_T1_ctrl,62,166,67.53333333333333,0.14413487911224365,-1.1381998883708653
UBFC_PHYS_s14_T1_ctrl,62,167,67.56666666666666,-0.05301186442375183,-0.710484502138685
UBFC_PHYS_s14_T1_ctrl,62,168,67.6,-0.263846218585968,-0.1896732443607496
UBFC_PHYS_s14_T1_ctrl,62,169,67.63333333333334,-0.5956160426139832,0.3450386814281422
UBFC_PHYS_s14_T1_ctrl,62,170,67.66666666666667,-1.0838640928268433,0.8170588451572246
UBFC_PHYS_s14_T1_ctrl,62,171,67.7,-1.5770970582962036,1.16895535646712
UBFC_PHYS_s14_T1_ctrl,62,172,67.73333333333333,-1.7755675315856934,1.3705914066531617
UBFC_PHYS_s14_T1_ctrl,62,173,67.76666666666667,-1.4158873558044434,1.4168916128228484
UBFC_PHYS_s14_T1_ctrl,62,174,67.8,-0.5965735912322998,1.3187861414717357
UBFC_PHYS_s14_T1_ctrl,62,175,67.83333333333333,0.25053781270980835,1.093810905063164
UBFC_PHYS_s14_T1_ctrl,62,176,67.86666666666666,0.7828340530395508,0.7614068395937461
UBFC_PHYS_s14_T1_ctrl,62,177,67.9,0.9211465716362,0.34397871681105335
UBFC_PHYS_s14_T1_ctrl,62,178,67.93333333333334,0.7412642240524292,-0.12869449886503234
UBFC_PHYS_s14_T1_ctrl,62,179,67.96666666666667,0.41738027334213257,-0.6155182167777153
UBFC_PHYS_s14_T1_ctrl,62,180,68.0,0.1812548041343689,-1.0637959176946816
UBFC_PHYS_s14_T1_ctrl,62,181,68.03333333333333,0.13661514222621918,-1.4140946697605714
UBFC_PHYS_s14_T1_ctrl,62,182,68.06666666666666,0.1491762101650238,-1.610017819280073
UBFC_PHYS_s14_T1_ctrl,62,183,68.1,0.09008851647377014,-1.61100776695993
UBFC_PHYS_s14_T1_ctrl,62,184,68.13333333333334,-0.028931796550750732,-1.404720199706141
UBFC_PHYS_s14_T1_ctrl,62,185,68.16666666666667,-0.1957179456949234,-1.0144293907768598
UBFC_PHYS_s14_T1_ctrl,62,186,68.2,-0.479468435049057,-0.49728199803974055
UBFC_PHYS_s14_T1_ctrl,62,187,68.23333333333333,-0.9273295402526855,0.06790074596575088
UBFC_PHYS_s14_T1_ctrl,62,188,68.26666666666667,-1.5120104551315308,0.5996452631579371
UBFC_PHYS_s14_T1_ctrl,62,189,68.3,-2.098071336746216,1.0322776596600214
UBFC_PHYS_s14_T1_ctrl,62,190,68.33333333333333,-2.3744711875915527,1.3267330915568505
UBFC_PHYS_s14_T1_ctrl,62,191,68.36666666666666,-2.0695695877075195,1.4707241857275706
UBFC_PHYS_s14_T1_ctrl,62,192,68.4,-1.3171168565750122,1.470564961643738
UBFC_PHYS_s14_T1_ctrl,62,193,68.43333333333334,-0.583730936050415,1.340551221469047
UBFC_PHYS_s14_T1_ctrl,62,194,68.46666666666667,-0.19746410846710205,1.0958975495301375
UBFC_PHYS_s14_T1_ctrl,62,195,68.5,-0.1241818442940712,0.7521823311876158
UBFC_PHYS_s14_T1_ctrl,62,196,68.53333333333333,-0.11643678694963455,0.3300401076824582
UBFC_PHYS_s14_T1_ctrl,62,197,68.56666666666666,0.03995691239833832,-0.13897960245695803
UBFC_PHYS_s14_T1_ctrl,62,198,68.6,0.3547157943248749,-0.6094747945211872
UBFC_PHYS_s14_T1_ctrl,62,199,68.63333333333334,0.6480419635772705,-1.024420712114857
UBFC_PHYS_s14_T1_ctrl,62,200,68.66666666666667,0.7315758466720581,-1.3228344696009386
UBFC_PHYS_s14_T1_ctrl,62,201,68.7,0.6054864525794983,-1.4516611404721653
UBFC_PHYS_s14_T1_ctrl,62,202,68.73333333333333,0.4563308358192444,-1.3794715564957505
UBFC_PHYS_s14_T1_ctrl,62,203,68.76666666666667,0.4213232100009918,-1.1082210432143176
UBFC_PHYS_s14_T1_ctrl,62,204,68.8,0.39713048934936523,-0.6781896803374167
UBFC_PHYS_s14_T1_ctrl,62,205,68.83333333333333,0.19815309345722198,-0.16203993281841617
UBFC_PHYS_s14_T1_ctrl,62,206,68.86666666666666,-0.230274960398674,0.3522233597263913
UBFC_PHYS_s14_T1_ctrl,62,207,68.9,-0.7658100128173828,0.7841735729104689
UBFC_PHYS_s14_T1_ctrl,62,208,68.93333333333334,-1.1138867139816284,1.0806476864164312
UBFC_PHYS_s14_T1_ctrl,62,209,68.96666666666667,-0.9389893412590027,1.2239006926600027
UBFC_PHYS_s14_T1_ctrl,62,210,69.0,-0.18205849826335907,1.2259555747043978
UBFC_PHYS_s14_T1_ctrl,62,211,69.03333333333333,0.8230519890785217,1.114012459091601
UBFC_PHYS_s14_T1_ctrl,62,212,69.06666666666666,1.6685017347335815,0.9153040794915052
UBFC_PHYS_s14_T1_ctrl,62,213,69.1,2.2006008625030518,0.6484687677900343
UBFC_PHYS_s14_T1_ctrl,62,214,69.13333333333334,2.4262211322784424,0.32399808256478196
UBFC_PHYS_s14_T1_ctrl,62,215,69.16666666666667,2.3697245121002197,-0.048505719674170895
UBFC_PHYS_s14_T1_ctrl,62,216,69.2,2.1196579933166504,-0.4512169165327204
UBFC_PHYS_s14_T1_ctrl,62,217,69.23333333333333,1.8798712491989136,-0.8520571251802065
UBFC_PHYS_s14_T1_ctrl,62,218,69.26666666666667,1.8156577348709106,-1.2047980705664822
UBFC_PHYS_s14_T1_ctrl,62,219,69.3,1.8551151752471924,-1.4559076345785331
UBFC_PHYS_s14_T1_ctrl,62,220,69.33333333333333,1.807152271270752,-1.5567266038694623
UBFC_PHYS_s14_T1_ctrl,62,221,69.36666666666666,1.5978950262069702,-1.477942832721976
UBFC_PHYS_s14_T1_ctrl,62,222,69.4,1.2792214155197144,-1.2219271344005587
UBFC_PHYS_s14_T1_ctrl,62,223,69.43333333333334,0.9003334641456604,-0.8277891350301455
UBFC_PHYS_s14_T1_ctrl,62,224,69.46666666666667,0.45785170793533325,-0.3650822239616007
UBFC_PHYS_s14_T1_ctrl,62,225,69.5,-0.08869542926549911,0.08385568400002408
UBFC_PHYS_s14_T1_ctrl,62,226,69.53333333333333,-0.7217336297035217,0.4468340353797441
UBFC_PHYS_s14_T1_ctrl,62,227,69.56666666666666,-1.2037856578826904,0.6803238208950131
UBFC_PHYS_s14_T1_ctrl,62,228,69.6,-1.203475832939148,0.7762524382873683
UBFC_PHYS_s14_T1_ctrl,62,229,69.63333333333334,-0.7016528248786926,0.7561575749670897
UBFC_PHYS_s14_T1_ctrl,62,230,69.66666666666667,-0.07390941679477692,0.6576674503684791
UBFC_PHYS_s14_T1_ctrl,62,231,69.7,0.3263266384601593,0.520567323215105
UBFC_PHYS_s14_T1_ctrl,62,232,69.73333333333333,0.4379398822784424,0.37778499773069607
UBFC_PHYS_s14_T1_ctrl,62,233,69.76666666666667,0.31438517570495605,0.25252221183466883
UBFC_PHYS_s14_T1_ctrl,62,234,69.8,0.03449312970042229,0.15935744088961568
UBFC_PHYS_s14_T1_ctrl,62,235,69.83333333333333,-0.19290156662464142,0.10615606221874807
UBFC_PHYS_s14_T1_ctrl,62,236,69.86666666666666,-0.1971261352300644,0.09497657051247191
UBFC_PHYS_s14_T1_ctrl,62,237,69.9,-0.08877991884946823,0.12209535662676549
UBFC_PHYS_s14_T1_ctrl,62,238,69.93333333333334,-0.09703191369771957,0.17810973182645637
UBFC_PHYS_s14_T1_ctrl,62,239,69.96666666666667,-0.2533693015575409,0.24888908024417136
UBFC_PHYS_s14_T1_ctrl,63,0,63.0,0.5876587629318237,0.120713434670923
UBFC_PHYS_s14_T1_ctrl,63,1,63.03333333333333,0.35212472081184387,-0.07136250802124011
UBFC_PHYS_s14_T1_ctrl,63,2,63.06666666666667,0.058854833245277405,-0.20605857251733997
UBFC_PHYS_s14_T1_ctrl,63,3,63.1,-0.23672446608543396,-0.23998400197376119
UBFC_PHYS_s14_T1_ctrl,63,4,63.13333333333333,-0.5726625323295593,-0.1564518611513746
UBFC_PHYS_s14_T1_ctrl,63,5,63.166666666666664,-1.0109198093414307,0.03238389108615052
UBFC_PHYS_s14_T1_ctrl,63,6,63.2,-1.4569501876831055,0.29211568424341583
UBFC_PHYS_s14_T1_ctrl,63,7,63.233333333333334,-1.6169488430023193,0.5778257084965376
UBFC_PHYS_s14_T1_ctrl,63,8,63.266666666666666,-1.2617748975753784,0.8455334388990856
UBFC_PHYS_s14_T1_ctrl,63,9,63.3,-0.5397953391075134,1.059118345402216
UBFC_PHYS_s14_T1_ctrl,63,10,63.333333333333336,0.1805507093667984,1.192024387694428
UBFC_PHYS_s14_T1_ctrl,63,11,63.36666666666667,0.6858096718788147,1.2261967318684903
UBFC_PHYS_s14_T1_ctrl,63,12,63.4,0.9686307311058044,1.1512327764773196
UBFC_PHYS_s14_T1_ctrl,63,13,63.43333333333333,1.0546149015426636,0.9650850865027459
UBFC_PHYS_s14_T1_ctrl,63,14,63.46666666666667,0.97110915184021,0.6756799650315218
UBFC_PHYS_s14_T1_ctrl,63,15,63.5,0.8402882218360901,0.3020120859605839
UBFC_PHYS_s14_T1_ctrl,63,16,63.53333333333333,0.8087165951728821,-0.12604785524516585
UBFC_PHYS_s14_T1_ctrl,63,17,63.56666666666667,0.8635515570640564,-0.5690573095248626
UBFC_PHYS_s14_T1_ctrl,63,18,63.6,0.8935178518295288,-0.9802668788023474
UBFC_PHYS_s14_T1_ctrl,63,19,63.63333333333333,0.8352750539779663,-1.3094172974071596
UBFC_PHYS_s14_T1_ctrl,63,20,63.666666666666664,0.6838381886482239,-1.5090029894096062
UBFC_PHYS_s14_T1_ctrl,63,21,63.7,0.4522189199924469,-1.5431353597382749
UBFC_PHYS_s14_T1_ctrl,63,22,63.733333333333334,0.18621163070201874,-1.3972398497162037
UBFC_PHYS_s14_T1_ctrl,63,23,63.766666666666666,-0.06827665865421295,-1.0850468490323673
UBFC_PHYS_s14_T1_ctrl,63,24,63.8,-0.3677707314491272,-0.6491387896116768
UBFC_PHYS_s14_T1_ctrl,63,25,63.833333333333336,-0.8072953224182129,-0.15330178549127696
UBFC_PHYS_s14_T1_ctrl,63,26,63.86666666666667,-1.2468481063842773,0.33154547524881245
UBFC_PHYS_s14_T1_ctrl,63,27,63.9,-1.2928677797317505,0.7428968834246746
UBFC_PHYS_s14_T1_ctrl,63,28,63.93333333333333,-0.7736958861351013,1.0378726189392589
UBFC_PHYS_s14_T1_ctrl,63,29,63.96666666666667,-0.005612152628600597,1.196566158607757
UBFC_PHYS_s14_T1_ctrl,63,30,64.0,0.6176531910896301,1.218290540125291
UBFC_PHYS_s14_T1_ctrl,63,31,64.03333333333333,0.9714471697807312,1.114739478999438
UBFC_PHYS_s14_T1_ctrl,63,32,64.06666666666666,1.0697952508926392,0.9040444745727176
UBFC_PHYS_s14_T1_ctrl,63,33,64.1,0.9437902569770813,0.6075040955238636
UBFC_PHYS_s14_T1_ctrl,63,34,64.13333333333334,0.7426442503929138,0.24874033565739212
UBFC_PHYS_s14_T1_ctrl,63,35,64.16666666666667,0.6275105476379395,-0.14572765910762578
UBFC_PHYS_s14_T1_ctrl,63,36,64.2,0.6344670057296753,-0.5452779021871831
UBFC_PHYS_s14_T1_ctrl,63,37,64.23333333333333,0.6911326050758362,-0.9140076045914772
UBFC_PHYS_s14_T1_ctrl,63,38,64.26666666666667,0.6897525787353516,-1.2108496551590113
UBFC_PHYS_s14_T1_ctrl,63,39,64.3,0.56383216381073,-1.3927309993600019
UBFC_PHYS_s14_T1_ctrl,63,40,64.33333333333333,0.3240453898906708,-1.4217734052331408
UBFC_PHYS_s14_T1_ctrl,63,41,64.36666666666666,0.022044720128178596,-1.275615540303298
UBFC_PHYS_s14_T1_ctrl,63,42,64.4,-0.2960374653339386,-0.9577100075512175
UBFC_PHYS_s14_T1_ctrl,63,43,64.43333333333334,-0.6412414312362671,-0.5029622719409307
UBFC_PHYS_s14_T1_ctrl,63,44,64.46666666666667,-1.0679514408111572,0.025534755407116454
UBFC_PHYS_s14_T1_ctrl,63,45,64.5,-1.5288524627685547,0.5496483993545742
UBFC_PHYS_s14_T1_ctrl,63,46,64.53333333333333,-1.7280832529067993,0.9949430322361847
UBFC_PHYS_s14_T1_ctrl,63,47,64.56666666666666,-1.3706562519073486,1.3072797617188219
UBFC_PHYS_s14_T1_ctrl,63,48,64.6,-0.5460477471351624,1.4609662689030387
UBFC_PHYS_s14_T1_ctrl,63,49,64.63333333333334,0.3222428858280182,1.457016684741274
UBFC_PHYS_s14_T1_ctrl,63,50,64.66666666666667,0.904501736164093,1.3148512951216826
UBFC_PHYS_s14_T1_ctrl,63,51,64.7,1.1460628509521484,1.0626838636046532
UBFC_PHYS_s14_T1_ctrl,63,52,64.73333333333333,1.1062110662460327,0.730373377966218
UBFC_PHYS_s14_T1_ctrl,63,53,64.76666666666667,0.8892932534217834,0.3458667104198171
UBFC_PHYS_s14_T1_ctrl,63,54,64.8,0.6974976658821106,-0.06513770633322025
UBFC_PHYS_s14_T1_ctrl,63,55,64.83333333333333,0.6558151841163635,-0.47710978190285264
UBFC_PHYS_s14_T1_ctrl,63,56,64.86666666666666,0.6884007453918457,-0.8614343354393328
UBFC_PHYS_s14_T1_ctrl,63,57,64.9,0.6942024827003479,-1.183850126059082
UBFC_PHYS_s14_T1_ctrl,63,58,64.93333333333334,0.6475913524627686,-1.4047871449731726
UBFC_PHYS_s14_T1_ctrl,63,59,64.96666666666667,0.5032235980033875,-1.4843177028375327
UBFC_PHYS_s14_T1_ctrl,63,60,65.0,0.223922997713089,-1.3918449015096872
UBFC_PHYS_s14_T1_ctrl,63,61,65.03333333333333,-0.11215589195489883,-1.1182679831916522
UBFC_PHYS_s14_T1_ctrl,63,62,65.06666666666666,-0.4390251934528351,-0.6860777225495932
UBFC_PHYS_s14_T1_ctrl,63,63,65.1,-0.8164204359054565,-0.1518891516256757
UBFC_PHYS_s14_T1_ctrl,63,64,65.13333333333334,-1.313906192779541,0.40247207194881074
UBFC_PHYS_s14_T1_ctrl,63,65,65.16666666666667,-1.8199255466461182,0.8893893537237724
UBFC_PHYS_s14_T1_ctrl,63,66,65.2,-1.9943158626556396,1.2381467942203945
UBFC_PHYS_s14_T1_ctrl,63,67,65.23333333333333,-1.553017020225525,1.41096888880885
UBFC_PHYS_s14_T1_ctrl,63,68,65.26666666666667,-0.6409034729003906,1.4064683497724526
UBFC_PHYS_s14_T1_ctrl,63,69,65.3,0.2590714395046234,1.2516073128605203
UBFC_PHYS_s14_T1_ctrl,63,70,65.33333333333333,0.8350779414176941,0.9879414630047033
UBFC_PHYS_s14_T1_ctrl,63,71,65.36666666666666,1.0679645538330078,0.6584052529556934
UBFC_PHYS_s14_T1_ctrl,63,72,65.4,1.0461094379425049,0.2984733199024162
UBFC_PHYS_s14_T1_ctrl,63,73,65.43333333333334,0.872958242893219,-0.06723312967215048
UBFC_PHYS_s14_T1_ctrl,63,74,65.46666666666667,0.6738681793212891,-0.4231998357243943
UBFC_PHYS_s14_T1_ctrl,63,75,65.5,0.5749850273132324,-0.7571562247542133
UBFC_PHYS_s14_T1_ctrl,63,76,65.53333333333333,0.6019096374511719,-1.052403652965365
UBFC_PHYS_s14_T1_ctrl,63,77,65.56666666666666,0.6259615421295166,-1.2820223530331902
UBFC_PHYS_s14_T1_ctrl,63,78,65.6,0.5180377960205078,-1.4088267756789978
UBFC_PHYS_s14_T1_ctrl,63,79,65.63333333333334,0.28281354904174805,-1.3931272088171176
UBFC_PHYS_s14_T1_ctrl,63,80,65.66666666666667,-0.005893790628761053,-1.2068303225669166
UBFC_PHYS_s14_T1_ctrl,63,81,65.7,-0.3000085651874542,-0.8487690032175681
UBFC_PHYS_s14_T1_ctrl,63,82,65.73333333333333,-0.5612561702728271,-0.3543512238171028
UBFC_PHYS_s14_T1_ctrl,63,83,65.76666666666667,-0.8223348259925842,0.20616154128666248
UBFC_PHYS_s14_T1_ctrl,63,84,65.8,-1.2008565664291382,0.7422405175839185
UBFC_PHYS_s14_T1_ctrl,63,85,65.83333333333333,-1.6077111959457397,1.1662791879077117
UBFC_PHYS_s14_T1_ctrl,63,86,65.86666666666666,-1.6568288803100586,1.4164619094183402
UBFC_PHYS_s14_T1_ctrl,63,87,65.9,-1.1292078495025635,1.470087146125893
UBFC_PHYS_s14_T1_ctrl,63,88,65.93333333333334,-0.2895316481590271,1.34311560661566
UBFC_PHYS_s14_T1_ctrl,63,89,65.96666666666667,0.45914721488952637,1.0783863502835132
UBFC_PHYS_s14_T1_ctrl,63,90,66.0,0.9539292454719543,0.7289621495313118
UBFC_PHYS_s14_T1_ctrl,63,91,66.03333333333333,1.1592998504638672,0.3433987357115478
UBFC_PHYS_s14_T1_ctrl,63,92,66.06666666666666,1.0697107315063477,-0.04245701482636334
UBFC_PHYS_s14_T1_ctrl,63,93,66.1,0.8249107599258423,-0.4057558349089938
UBFC_PHYS_s14_T1_ctrl,63,94,66.13333333333334,0.647704005241394,-0.7306666768298926
UBFC_PHYS_s14_T1_ctrl,63,95,66.16666666666667,0.5999100208282471,-0.9999825125674784
UBFC_PHYS_s14_T1_ctrl,63,96,66.2,0.5939111113548279,-1.1891463723006004
UBFC_PHYS_s14_T1_ctrl,63,97,66.23333333333333,0.5761115550994873,-1.2667048207340896
UBFC_PHYS_s14_T1_ctrl,63,98,66.26666666666667,0.5217835903167725,-1.2024381629471907
UBFC_PHYS_s14_T1_ctrl,63,99,66.3,0.35454678535461426,-0.9806722403614988
UBFC_PHYS_s14_T1_ctrl,63,100,66.33333333333333,0.05184204503893852,-0.6131230458836114
UBFC_PHYS_s14_T1_ctrl,63,101,66.36666666666666,-0.2829413115978241,-0.1446138381087784
UBFC_PHYS_s14_T1_ctrl,63,102,66.4,-0.5992773175239563,0.3528956958723033
UBFC_PHYS_s14_T1_ctrl,63,103,66.43333333333334,-1.0014848709106445,0.7974248293031568
UBFC_PHYS_s14_T1_ctrl,63,104,66.46666666666667,-1.5278948545455933,1.1186570225194605
UBFC_PHYS_s14_T1_ctrl,63,105,66.5,-1.9221601486206055,1.274885101374905
UBFC_PHYS_s14_T1_ctrl,63,106,66.53333333333333,-1.7828900814056396,1.2589074289393005
UBFC_PHYS_s14_T1_ctrl,63,107,66.56666666666666,-1.0718944072723389,1.092602170032955
UBFC_PHYS_s14_T1_ctrl,63,108,66.6,-0.16338588297367096,0.814672200872284
UBFC_PHYS_s14_T1_ctrl,63,109,66.63333333333334,0.5414419174194336,0.46768045142072356
UBFC_PHYS_s14_T1_ctrl,63,110,66.66666666666667,0.9132325053215027,0.08925066336416479
UBFC_PHYS_s14_T1_ctrl,63,111,66.7,0.973446786403656,-0.2905007006865283
UBFC_PHYS_s14_T1_ctrl,63,112,66.73333333333333,0.7930856347084045,-0.6461239916707546
UBFC_PHYS_s14_T1_ctrl,63,113,66.76666666666667,0.5496376156806946,-0.951487372517899
UBFC_PHYS_s14_T1_ctrl,63,114,66.8,0.4214640259742737,-1.175710156432787
UBFC_PHYS_s14_T1_ctrl,63,115,66.83333333333333,0.4116348624229431,-1.2837443158512536
UBFC_PHYS_s14_T1_ctrl,63,116,66.86666666666666,0.42380163073539734,-1.2432490865768162
UBFC_PHYS_s14_T1_ctrl,63,117,66.9,0.3940888047218323,-1.0365315975050875
UBFC_PHYS_s14_T1_ctrl,63,118,66.93333333333334,0.307259738445282,-0.6730702358893976
UBFC_PHYS_s14_T1_ctrl,63,119,66.96666666666667,0.15985029935836792,-0.1961782447481567
UBFC_PHYS_s14_T1_ctrl,63,120,67.0,-0.07221958786249161,0.321581572070359
UBFC_PHYS_s14_T1_ctrl,63,121,67.03333333333333,-0.41317081451416016,0.7948577491239402
UBFC_PHYS_s14_T1_ctrl,63,122,67.06666666666666,-0.8577085733413696,1.1478229558314534
UBFC_PHYS_s14_T1_ctrl,63,123,67.1,-1.330212950706482,1.3326847115613063
UBFC_PHYS_s14_T1_ctrl,63,124,67.13333333333334,-1.568563461303711,1.3373424896812003
UBFC_PHYS_s14_T1_ctrl,63,125,67.16666666666667,-1.2653799057006836,1.1812666962735507
UBFC_PHYS_s14_T1_ctrl,63,126,67.2,-0.48521387577056885,0.9036754533715914
UBFC_PHYS_s14_T1_ctrl,63,127,67.23333333333333,0.32525643706321716,0.5499746043272788
UBFC_PHYS_s14_T1_ctrl,63,128,67.26666666666667,0.8273047208786011,0.16149559222377186
UBFC_PHYS_s14_T1_ctrl,63,129,67.3,0.9923728704452515,-0.22887884937199604
UBFC_PHYS_s14_T1_ctrl,63,130,67.33333333333333,0.8749297261238098,-0.5952183532805367
UBFC_PHYS_s14_T1_ctrl,63,131,67.36666666666666,0.5914326906204224,-0.9133817216951854
UBFC_PHYS_s14_T1_ctrl,63,132,67.4,0.36722052097320557,-1.1558729628255695
UBFC_PHYS_s14_T1_ctrl,63,133,67.43333333333334,0.3267209529876709,-1.2906091169366438
UBFC_PHYS_s14_T1_ctrl,63,134,67.46666666666667,0.3660094738006592,-1.2859828390915005
UBFC_PHYS_s14_T1_ctrl,63,135,67.5,0.316441148519516,-1.121564265474495
UBFC_PHYS_s14_T1_ctrl,63,136,67.53333333333333,0.14413487911224365,-0.8002948851012568
UBFC_PHYS_s14_T1_ctrl,63,137,67.56666666666666,-0.05301186442375183,-0.35600183510202005
UBFC_PHYS_s14_T1_ctrl,63,138,67.6,-0.263846218585968,0.14889240829893202
UBFC_PHYS_s14_T1_ctrl,63,139,67.63333333333334,-0.5956160426139832,0.6363524837235112
UBFC_PHYS_s14_T1_ctrl,63,140,67.66666666666667,-1.0838640928268433,1.0317500160234405
UBFC_PHYS_s14_T1_ctrl,63,141,67.7,-1.5770970582962036,1.2811225978221181
UBFC_PHYS_s14_T1_ctrl,63,142,67.73333333333333,-1.7755675315856934,1.3604440408056537
UBFC_PHYS_s14_T1_ctrl,63,143,67.76666666666667,-1.4158873558044434,1.2751496540921838
UBFC_PHYS_s14_T1_ctrl,63,144,67.8,-0.5965735912322998,1.0522527030914122
UBFC_PHYS_s14_T1_ctrl,63,145,67.83333333333333,0.25053781270980835,0.7294624203067749
UBFC_PHYS_s14_T1_ctrl,63,146,67.86666666666666,0.7828340530395508,0.3456626775670731
UBFC_PHYS_s14_T1_ctrl,63,147,67.9,0.9211465716362,-0.06434623946796875
UBFC_PHYS_s14_T1_ctrl,63,148,67.93333333333334,0.7412642240524292,-0.46995192809204883
UBFC_PHYS_s14_T1_ctrl,63,149,67.96666666666667,0.41738027334213257,-0.8409756846030227
UBFC_PHYS_s14_T1_ctrl,63,150,68.0,0.1812548041343689,-1.1433071015278493
UBFC_PHYS_s14_T1_ctrl,63,151,68.03333333333333,0.13661514222621918,-1.337946823888489
UBFC_PHYS_s14_T1_ctrl,63,152,68.06666666666666,0.1491762101650238,-1.3862764362322837
UBFC_PHYS_s14_T1_ctrl,63,153,68.1,0.09008851647377014,-1.2613037073179554
UBFC_PHYS_s14_T1_ctrl,63,154,68.13333333333334,-0.028931796550750732,-0.9608653479008986
UBFC_PHYS_s14_T1_ctrl,63,155,68.16666666666667,-0.1957179456949234,-0.5163689032716148
UBFC_PHYS_s14_T1_ctrl,63,156,68.2,-0.479468435049057,0.008601076309956183
UBFC_PHYS_s14_T1_ctrl,63,157,68.23333333333333,-0.9273295402526855,0.5312826684277623
UBFC_PHYS_s14_T1_ctrl,63,158,68.26666666666667,-1.5120104551315308,0.9699466905512184
UBFC_PHYS_s14_T1_ctrl,63,159,68.3,-2.098071336746216,1.2632303561172786
UBFC_PHYS_s14_T1_ctrl,63,160,68.33333333333333,-2.3744711875915527,1.3815876163631926
UBFC_PHYS_s14_T1_ctrl,63,161,68.36666666666666,-2.0695695877075195,1.3282012102553287
UBFC_PHYS_s14_T1_ctrl,63,162,68.4,-1.3171168565750122,1.1311436203455125
UBFC_PHYS_s14_T1_ctrl,63,163,68.43333333333334,-0.583730936050415,0.8311790823579013
UBFC_PHYS_s14_T1_ctrl,63,164,68.46666666666667,-0.19746410846710205,0.4699545233889365
UBFC_PHYS_s14_T1_ctrl,63,165,68.5,-0.1241818442940712,0.08219157476874876
UBFC_PHYS_s14_T1_ctrl,63,166,68.53333333333333,-0.11643678694963455,-0.30621466245792134
UBFC_PHYS_s14_T1_ctrl,63,167,68.56666666666666,0.03995691239833832,-0.6743948077119809
UBFC_PHYS_s14_T1_ctrl,63,168,68.6,0.3547157943248749,-0.999574622843246
UBFC_PHYS_s14_T1_ctrl,63,169,68.63333333333334,0.6480419635772705,-1.2512887323804804
UBFC_PHYS_s14_T1_ctrl,63,170,68.66666666666667,0.7315758466720581,-1.3910224554858241
UBFC_PHYS_s14_T1_ctrl,63,171,68.7,0.6054864525794983,-1.3795605984204
UBFC_PHYS_s14_T1_ctrl,63,172,68.73333333333333,0.4563308358192444,-1.1907950443428446
UBFC_PHYS_s14_T1_ctrl,63,173,68.76666666666667,0.4213232100009918,-0.8269074178925823
UBFC_PHYS_s14_T1_ctrl,63,174,68.8,0.39713048934936523,-0.32752050171919994
UBFC_PHYS_s14_T1_ctrl,63,175,68.83333333333333,0.19815309345722198,0.23337866367007198
UBFC_PHYS_s14_T1_ctrl,63,176,68.86666666666666,-0.230274960398674,0.7637747653612985
UBFC_PHYS_s14_T1_ctrl,63,177,68.9,-0.7658100128173828,1.177639928462005
UBFC_PHYS_s14_T1_ctrl,63,178,68.93333333333334,-1.1138867139816284,1.4168179064811974
UBFC_PHYS_s14_T1_ctrl,63,179,68.96666666666667,-0.9389893412590027,1.4620710355860767
UBFC_PHYS_s14_T1_ctrl,63,180,69.0,-0.18205849826335907,1.3307341821683243
UBFC_PHYS_s14_T1_ctrl,63,181,69.03333333333333,0.8230519890785217,1.0648060545689537
UBFC_PHYS_s14_T1_ctrl,63,182,69.06666666666666,1.6685017347335815,0.7156067261790899
UBFC_PHYS_s14_T1_ctrl,63,183,69.1,2.2006008625030518,0.33020604218488786
UBFC_PHYS_s14_T1_ctrl,63,184,69.13333333333334,2.4262211322784424,-0.056706213355883994
UBFC_PHYS_s14_T1_ctrl,63,185,69.16666666666667,2.3697245121002197,-0.42362696155769525
UBFC_PHYS_s14_T1_ctrl,63,186,69.2,2.1196579933166504,-0.756383854144263
UBFC_PHYS_s14_T1_ctrl,63,187,69.23333333333333,1.8798712491989136,-1.0390151449546525
UBFC_PHYS_s14_T1_ctrl,63,188,69.26666666666667,1.8156577348709106,-1.2465264432346166
UBFC_PHYS_s14_T1_ctrl,63,189,69.3,1.8551151752471924,-1.344323779274569
UBFC_PHYS_s14_T1_ctrl,63,190,69.33333333333333,1.807152271270752,-1.2963822798028686
UBFC_PHYS_s14_T1_ctrl,63,191,69.36666666666666,1.5978950262069702,-1.0800301677484268
UBFC_PHYS_s14_T1_ctrl,63,192,69.4,1.2792214155197144,-0.7013715304763495
UBFC_PHYS_s14_T1_ctrl,63,193,69.43333333333334,0.9003334641456604,-0.20366569293984937
UBFC_PHYS_s14_T1_ctrl,63,194,69.46666666666667,0.45785170793533325,0.3372446861532362
UBFC_PHYS_s14_T1_ctrl,63,195,69.5,-0.08869542926549911,0.8308281933671703
UBFC_PHYS_s14_T1_ctrl,63,196,69.53333333333333,-0.7217336297035217,1.1962830656368144
UBFC_PHYS_s14_T1_ctrl,63,197,69.56666666666666,-1.2037856578826904,1.3829155968025775
UBFC_PHYS_s14_T1_ctrl,63,198,69.6,-1.203475832939148,1.3787479664900253
UBFC_PHYS_s14_T1_ctrl,63,199,69.63333333333334,-0.7016528248786926,1.2062406359630664
UBFC_PHYS_s14_T1_ctrl,63,200,69.66666666666667,-0.07390941679477692,0.9095198635653544
UBFC_PHYS_s14_T1_ctrl,63,201,69.7,0.3263266384601593,0.5395310320562815
UBFC_PHYS_s14_T1_ctrl,63,202,69.73333333333333,0.4379398822784424,0.14231384870488048
UBFC_PHYS_s14_T1_ctrl,63,203,69.76666666666667,0.31438517570495605,-0.2470137450346281
UBFC_PHYS_s14_T1_ctrl,63,204,69.8,0.03449312970042229,-0.6042029549739337
UBFC_PHYS_s14_T1_ctrl,63,205,69.83333333333333,-0.19290156662464142,-0.9111035925187849
UBFC_PHYS_s14_T1_ctrl,63,206,69.86666666666666,-0.1971261352300644,-1.1490882414540045
UBFC_PHYS_s14_T1_ctrl,63,207,69.9,-0.08877991884946823,-1.2945162083652282
UBFC_PHYS_s14_T1_ctrl,63,208,69.93333333333334,-0.09703191369771957,-1.319611410037462
UBFC_PHYS_s14_T1_ctrl,63,209,69.96666666666667,-0.2533693015575409,-1.1999733223849909
UBFC_PHYS_s14_T1_ctrl,63,210,70.0,-0.409762978553772,-0.9266239951893384
UBFC_PHYS_s14_T1_ctrl,63,211,70.03333333333333,-0.4712727665901184,-0.5174161877569353
UBFC_PHYS_s14_T1_ctrl,63,212,70.06666666666666,-0.5049285292625427,-0.021512082559716508
UBFC_PHYS_s14_T1_ctrl,63,213,70.1,-0.6243712902069092,0.48722080277652796
UBFC_PHYS_s14_T1_ctrl,63,214,70.13333333333334,-0.8901814818382263,0.9270173982512702
UBFC_PHYS_s14_T1_ctrl,63,215,70.16666666666667,-1.2159523963928223,1.2291293708933702
UBFC_PHYS_s14_T1_ctrl,63,216,70.2,-1.3275938034057617,1.3544886561864338
UBFC_PHYS_s14_T1_ctrl,63,217,70.23333333333333,-0.9836289882659912,1.2999030400121259
UBFC_PHYS_s14_T1_ctrl,63,218,70.26666666666667,-0.3021490275859833,1.0929854164867305
UBFC_PHYS_s14_T1_ctrl,63,219,70.3,0.3329169750213623,0.7800334925711762
UBFC_PHYS_s14_T1_ctrl,63,220,70.33333333333333,0.7029895782470703,0.41263134051657496
UBFC_PHYS_s14_T1_ctrl,63,221,70.36666666666666,0.8099839687347412,0.03729830583101568
UBFC_PHYS_s14_T1_ctrl,63,222,70.4,0.7314631938934326,-0.30985739056410644
UBFC_PHYS_s14_T1_ctrl,63,223,70.43333333333334,0.6043598651885986,-0.6035370791941028
UBFC_PHYS_s14_T1_ctrl,63,224,70.46666666666667,0.5598610639572144,-0.8260735407083203
UBFC_PHYS_s14_T1_ctrl,63,225,70.5,0.5859689116477966,-0.9629101216860582
UBFC_PHYS_s14_T1_ctrl,63,226,70.53333333333333,0.5749568343162537,-0.9995284160699557
UBFC_PHYS_s14_T1_ctrl,63,227,70.56666666666666,0.4917609393596649,-0.9223297746044136
UBFC_PHYS_s14_T1_ctrl,63,228,70.6,0.3438163697719574,-0.7243158382462457
UBFC_PHYS_s14_T1_ctrl,63,229,70.63333333333334,0.12608188390731812,-0.4136472673251087
UBFC_PHYS_s14_T1_ctrl,63,230,70.66666666666667,-0.1217879131436348,-0.02052552393631674
UBFC_PHYS_s14_T1_ctrl,63,231,70.7,-0.35323819518089294,0.4026781739519663
UBFC_PHYS_s14_T1_ctrl,63,232,70.73333333333333,-0.6271032094955444,0.790425904127988
UBFC_PHYS_s14_T1_ctrl,63,233,70.76666666666667,-1.0062726736068726,1.0797825643476406
UBFC_PHYS_s14_T1_ctrl,63,234,70.8,-1.314582109451294,1.226485752766425
UBFC_PHYS_s14_T1_ctrl,63,235,70.83333333333333,-1.2543959617614746,1.214270944924009
UBFC_PHYS_s14_T1_ctrl,63,236,70.86666666666666,-0.7643173336982727,1.0541849313369143
UBFC_PHYS_s14_T1_ctrl,63,237,70.9,-0.10483329743146896,0.7760091123442496
UBFC_PHYS_s14_T1_ctrl,63,238,70.93333333333334,0.42591392993927,0.4173334692410007
UBFC_PHYS_s14_T1_ctrl,63,239,70.96666666666667,0.6998071074485779,0.01586550488430166
UBFC_PHYS_s14_T1_ctrl,64,0,64.0,0.6176531910896301,-0.0740539489181757
UBFC_PHYS_s14_T1_ctrl,64,1,64.03333333333333,0.9714471697807312,0.1872564783059639
UBFC_PHYS_s14_T1_ctrl,64,2,64.06666666666666,1.0697952508926392,0.39822863735442215
UBFC_PHYS_s14_T1_ctrl,64,3,64.1,0.9437902569770813,0.5136924587184029
UBFC_PHYS_s14_T1_ctrl,64,4,64.13333333333334,0.7426442503929138,0.5005347469006098
UBFC_PHYS_s14_T1_ctrl,64,5,64.16666666666667,0.6275105476379395,0.34577998822349715
UBFC_PHYS_s14_T1_ctrl,64,6,64.2,0.6344670057296753,0.06337279506596875
UBFC_PHYS_s14_T1_ctrl,64,7,64.23333333333333,0.6911326050758362,-0.3040555726906265
UBFC_PHYS_s14_T1_ctrl,64,8,64.26666666666667,0.6897525787353516,-0.6909140503631308
UBFC_PHYS_s14_T1_ctrl,64,9,64.3,0.56383216381073,-1.021627849808454
UBFC_PHYS_s14_T1_ctrl,64,10,64.33333333333333,0.3240453898906708,-1.2278794413780727
UBFC_PHYS_s14_T1_ctrl,64,11,64.36666666666666,0.022044720128178596,-1.2653825759474844
UBFC_PHYS_s14_T1_ctrl,64,12,64.4,-0.2960374653339386,-1.1251703409567135
UBFC_PHYS_s14_T1_ctrl,64,13,64.43333333333334,-0.6412414312362671,-0.8355524074112715
UBFC_PHYS_s14_T1_ctrl,64,14,64.46666666666667,-1.0679514408111572,-0.4533470965001706
UBFC_PHYS_s14_T1_ctrl,64,15,64.5,-1.5288524627685547,-0.046552706132691024
UBFC_PHYS_s14_T1_ctrl,64,16,64.53333333333333,-1.7280832529067993,0.3256092547181831
UBFC_PHYS_s14_T1_ctrl,64,17,64.56666666666666,-1.3706562519073486,0.6274798468066668
UBFC_PHYS_s14_T1_ctrl,64,18,64.6,-0.5460477471351624,0.850526049792484
UBFC_PHYS_s14_T1_ctrl,64,19,64.63333333333334,0.3222428858280182,1.004680373259806
UBFC_PHYS_s14_T1_ctrl,64,20,64.66666666666667,0.904501736164093,1.1025327797948594
UBFC_PHYS_s14_T1_ctrl,64,21,64.7,1.1460628509521484,1.1450477003975632
UBFC_PHYS_s14_T1_ctrl,64,22,64.73333333333333,1.1062110662460327,1.1163103514144601
UBFC_PHYS_s14_T1_ctrl,64,23,64.76666666666667,0.8892932534217834,0.9898967665834927
UBFC_PHYS_s14_T1_ctrl,64,24,64.8,0.6974976658821106,0.7437030727303843
UBFC_PHYS_s14_T1_ctrl,64,25,64.83333333333333,0.6558151841163635,0.37621071018971064
UBFC_PHYS_s14_T1_ctrl,64,26,64.86666666666666,0.6884007453918457,-0.08322989442017271
UBFC_PHYS_s14_T1_ctrl,64,27,64.9,0.6942024827003479,-0.5746886976164909
UBFC_PHYS_s14_T1_ctrl,64,28,64.93333333333334,0.6475913524627686,-1.0186927080608885
UBFC_PHYS_s14_T1_ctrl,64,29,64.96666666666667,0.5032235980033875,-1.334397208926769
UBFC_PHYS_s14_T1_ctrl,64,30,65.0,0.223922997713089,-1.4595712335408804
UBFC_PHYS_s14_T1_ctrl,64,31,65.03333333333333,-0.11215589195489883,-1.3671052474177012
UBFC_PHYS_s14_T1_ctrl,64,32,65.06666666666666,-0.4390251934528351,-1.0735442730082279
UBFC_PHYS_s14_T1_ctrl,64,33,65.1,-0.8164204359054565,-0.6364110433737208
UBFC_PHYS_s14_T1_ctrl,64,34,65.13333333333334,-1.313906192779541,-0.1393369012075863
UBFC_PHYS_s14_T1_ctrl,64,35,65.16666666666667,-1.8199255466461182,0.33173505145223153
UBFC_PHYS_s14_T1_ctrl,64,36,65.2,-1.9943158626556396,0.712673097539992
UBFC_PHYS_s14_T1_ctrl,64,37,65.23333333333333,-1.553017020225525,0.9749671827224449
UBFC_PHYS_s14_T1_ctrl,64,38,65.26666666666667,-0.6409034729003906,1.1231022486003859
UBFC_PHYS_s14_T1_ctrl,64,39,65.3,0.2590714395046234,1.1781541488563914
UBFC_PHYS_s14_T1_ctrl,64,40,65.33333333333333,0.8350779414176941,1.1578499950683576
UBFC_PHYS_s14_T1_ctrl,64,41,65.36666666666666,1.0679645538330078,1.0646315866523728
UBFC_PHYS_s14_T1_ctrl,64,42,65.4,1.0461094379425049,0.8871707227766441
UBFC_PHYS_s14_T1_ctrl,64,43,65.43333333333334,0.872958242893219,0.6123705830515438
UBFC_PHYS_s14_T1_ctrl,64,44,65.46666666666667,0.6738681793212891,0.24012518046095863
UBFC_PHYS_s14_T1_ctrl,64,45,65.5,0.5749850273132324,-0.20657634966588811
UBFC_PHYS_s14_T1_ctrl,64,46,65.53333333333333,0.6019096374511719,-0.6800930055722733
UBFC_PHYS_s14_T1_ctrl,64,47,65.56666666666666,0.6259615421295166,-1.1150085233598501
UBFC_PHYS_s14_T1_ctrl,64,48,65.6,0.5180377960205078,-1.4408552185007726
UBFC_PHYS_s14_T1_ctrl,64,49,65.63333333333334,0.28281354904174805,-1.5973716621952228
UBFC_PHYS_s14_T1_ctrl,64,50,65.66666666666667,-0.005893790628761053,-1.5490702542771406
UBFC_PHYS_s14_T1_ctrl,64,51,65.7,-0.3000085651874542,-1.2958138794144098
UBFC_PHYS_s14_T1_ctrl,64,52,65.73333333333333,-0.5612561702728271,-0.8758114204710759
UBFC_PHYS_s14_T1_ctrl,64,53,65.76666666666667,-0.8223348259925842,-0.35832575643971093
UBFC_PHYS_s14_T1_ctrl,64,54,65.8,-1.2008565664291382,0.173401878101703
UBFC_PHYS_s14_T1_ctrl,64,55,65.83333333333333,-1.6077111959457397,0.6437303415040113
UBFC_PHYS_s14_T1_ctrl,64,56,65.86666666666666,-1.6568288803100586,1.0017815716986975
UBFC_PHYS_s14_T1_ctrl,64,57,65.9,-1.1292078495025635,1.2265839916723924
UBFC_PHYS_s14_T1_ctrl,64,58,65.93333333333334,-0.2895316481590271,1.3196325554167208
UBFC_PHYS_s14_T1_ctrl,64,59,65.96666666666667,0.45914721488952637,1.2917184306800569
UBFC_PHYS_s14_T1_ctrl,64,60,66.0,0.9539292454719543,1.1528945152212828
UBFC_PHYS_s14_T1_ctrl,64,61,66.03333333333333,1.1592998504638672,0.9107210996741205
UBFC_PHYS_s14_T1_ctrl,64,62,66.06666666666666,1.0697107315063477,0.5758817295406885
UBFC_PHYS_s14_T1_ctrl,64,63,66.1,0.8249107599258423,0.16994658377093708
UBFC_PHYS_s14_T1_ctrl,64,64,66.13333333333334,0.647704005241394,-0.2701764745992743
UBFC_PHYS_s14_T1_ctrl,64,65,66.16666666666667,0.5999100208282471,-0.6938020273495491
UBFC_PHYS_s14_T1_ctrl,64,66,66.2,0.5939111113548279,-1.0435774325251634
UBFC_PHYS_s14_T1_ctrl,64,67,66.23333333333333,0.5761115550994873,-1.265881625753625
UBFC_PHYS_s14_T1_ctrl,64,68,66.26666666666667,0.5217835903167725,-1.3220753170506088
UBFC_PHYS_s14_T1_ctrl,64,69,66.3,0.35454678535461426,-1.1983873358301957
UBFC_PHYS_s14_T1_ctrl,64,70,66.33333333333333,0.05184204503893852,-0.9118096382269181
UBFC_PHYS_s14_T1_ctrl,64,71,66.36666666666666,-0.2829413115978241,-0.5090259522416855
UBFC_PHYS_s14_T1_ctrl,64,72,66.4,-0.5992773175239563,-0.05659534883615079
UBFC_PHYS_s14_T1_ctrl,64,73,66.43333333333334,-1.0014848709106445,0.37577173043963036
UBFC_PHYS_s14_T1_ctrl,64,74,66.46666666666667,-1.5278948545455933,0.7323423684839806
UBFC_PHYS_s14_T1_ctrl,64,75,66.5,-1.9221601486206055,0.9810060126374306
UBFC_PHYS_s14_T1_ctrl,64,76,66.53333333333333,-1.7828900814056396,1.111956204691384
UBFC_PHYS_s14_T1_ctrl,64,77,66.56666666666666,-1.0718944072723389,1.1286670226799889
UBFC_PHYS_s14_T1_ctrl,64,78,66.6,-0.16338588297367096,1.0382781550451567
UBFC_PHYS_s14_T1_ctrl,64,79,66.63333333333334,0.5414419174194336,0.8474440669279457
UBFC_PHYS_s14_T1_ctrl,64,80,66.66666666666667,0.9132325053215027,0.5650370683167476
UBFC_PHYS_s14_T1_ctrl,64,81,66.7,0.973446786403656,0.20840364907745626
UBFC_PHYS_s14_T1_ctrl,64,82,66.73333333333333,0.7930856347084045,-0.19175290886436028
UBFC_PHYS_s14_T1_ctrl,64,83,66.76666666666667,0.5496376156806946,-0.5912552069870232
UBFC_PHYS_s14_T1_ctrl,64,84,66.8,0.4214640259742737,-0.9376236977565742
UBFC_PHYS_s14_T1_ctrl,64,85,66.83333333333333,0.4116348624229431,-1.178881203189
UBFC_PHYS_s14_T1_ctrl,64,86,66.86666666666666,0.42380163073539734,-1.2737898825541254
UBFC_PHYS_s14_T1_ctrl,64,87,66.9,0.3940888047218323,-1.2015357696343656
UBFC_PHYS_s14_T1_ctrl,64,88,66.93333333333334,0.307259738445282,-0.9686513885201814
UBFC_PHYS_s14_T1_ctrl,64,89,66.96666666666667,0.15985029935836792,-0.6103735191890467
UBFC_PHYS_s14_T1_ctrl,64,90,67.0,-0.07221958786249161,-0.18392640587680958
UBFC_PHYS_s14_T1_ctrl,64,91,67.03333333333333,-0.41317081451416016,0.2458460491152748
UBFC_PHYS_s14_T1_ctrl,64,92,67.06666666666666,-0.8577085733413696,0.623015741641192
UBFC_PHYS_s14_T1_ctrl,64,93,67.1,-1.330212950706482,0.9112300004953284
UBFC_PHYS_s14_T1_ctrl,64,94,67.13333333333334,-1.568563461303711,1.0938842099691837
UBFC_PHYS_s14_T1_ctrl,64,95,67.16666666666667,-1.2653799057006836,1.1660498972424176
UBFC_PHYS_s14_T1_ctrl,64,96,67.2,-0.48521387577056885,1.125438057161297
UBFC_PHYS_s14_T1_ctrl,64,97,67.23333333333333,0.32525643706321716,0.9694290485791052
UBFC_PHYS_s14_T1_ctrl,64,98,67.26666666666667,0.8273047208786011,0.699901853781995
UBFC_PHYS_s14_T1_ctrl,64,99,67.3,0.9923728704452515,0.33173641378435276
UBFC_PHYS_s14_T1_ctrl,64,100,67.33333333333333,0.8749297261238098,-0.10112944790330926
UBFC_PHYS_s14_T1_ctrl,64,101,67.36666666666666,0.5914326906204224,-0.546184762877143
UBFC_PHYS_s14_T1_ctrl,64,102,67.4,0.36722052097320557,-0.9398423975172485
UBFC_PHYS_s14_T1_ctrl,64,103,67.43333333333334,0.3267209529876709,-1.219522758798419
UBFC_PHYS_s14_T1_ctrl,64,104,67.46666666666667,0.3660094738006592,-1.3368896277733748
UBFC_PHYS_s14_T1_ctrl,64,105,67.5,0.316441148519516,-1.2691144511356416
UBFC_PHYS_s14_T1_ctrl,64,106,67.53333333333333,0.14413487911224365,-1.0255345922858432
UBFC_PHYS_s14_T1_ctrl,64,107,67.56666666666666,-0.05301186442375183,-0.6473221356976188
UBFC_PHYS_s14_T1_ctrl,64,108,67.6,-0.263846218585968,-0.1984990275657557
UBFC_PHYS_s14_T1_ctrl,64,109,67.63333333333334,-0.5956160426139832,0.2505371252266042
UBFC_PHYS_s14_T1_ctrl,64,110,67.66666666666667,-1.0838640928268433,0.6411122366773058
UBFC_PHYS_s14_T1_ctrl,64,111,67.7,-1.5770970582962036,0.9377233364154279
UBFC_PHYS_s14_T1_ctrl,64,112,67.73333333333333,-1.7755675315856934,1.127802437539607
UBFC_PHYS_s14_T1_ctrl,64,113,67.76666666666667,-1.4158873558044434,1.2116861141510427
UBFC_PHYS_s14_T1_ctrl,64,114,67.8,-0.5965735912322998,1.1904906276411376
UBFC_PHYS_s14_T1_ctrl,64,115,67.83333333333333,0.25053781270980835,1.0603191680877753
UBFC_PHYS_s14_T1_ctrl,64,116,67.86666666666666,0.7828340530395508,0.8162380140575561
UBFC_PHYS_s14_T1_ctrl,64,117,67.9,0.9211465716362,0.46277026007006467
UBFC_PHYS_s14_T1_ctrl,64,118,67.93333333333334,0.7412642240524292,0.02401424860088496
UBFC_PHYS_s14_T1_ctrl,64,119,67.96666666666667,0.41738027334213257,-0.45274788823527395
UBFC_PHYS_s14_T1_ctrl,64,120,68.0,0.1812548041343689,-0.9023496887892033
UBFC_PHYS_s14_T1_ctrl,64,121,68.03333333333333,0.13661514222621918,-1.254223975326087
UBFC_PHYS_s14_T1_ctrl,64,122,68.06666666666666,0.1491762101650238,-1.447973225228625
UBFC_PHYS_s14_T1_ctrl,64,123,68.1,0.09008851647377014,-1.4476419712125834
UBFC_PHYS_s14_T1_ctrl,64,124,68.13333333333334,-0.028931796550750732,-1.2511930730873628
UBFC_PHYS_s14_T1_ctrl,64,125,68.16666666666667,-0.1957179456949234,-0.8925603588916897
UBFC_PHYS_s14_T1_ctrl,64,126,68.2,-0.479468435049057,-0.43439576079141085
UBFC_PHYS_s14_T1_ctrl,64,127,68.23333333333333,-0.9273295402526855,0.04801010035963817
UBFC_PHYS_s14_T1_ctrl,64,128,68.26666666666667,-1.5120104551315308,0.48666233608614456
UBFC_PHYS_s14_T1_ctrl,64,129,68.3,-2.098071336746216,0.8363616817559908
UBFC_PHYS_s14_T1_ctrl,64,130,68.33333333333333,-2.3744711875915527,1.0788706392043703
UBFC_PHYS_s14_T1_ctrl,64,131,68.36666666666666,-2.0695695877075195,1.2148440905369748
UBFC_PHYS_s14_T1_ctrl,64,132,68.4,-1.3171168565750122,1.2498169429085877
UBFC_PHYS_s14_T1_ctrl,64,133,68.43333333333334,-0.583730936050415,1.1837849828192935
UBFC_PHYS_s14_T1_ctrl,64,134,68.46666666666667,-0.19746410846710205,1.0105445607555714
UBFC_PHYS_s14_T1_ctrl,64,135,68.5,-0.1241818442940712,0.7261319754471219
UBFC_PHYS_s14_T1_ctrl,64,136,68.53333333333333,-0.11643678694963455,0.34050387892722117
UBFC_PHYS_s14_T1_ctrl,64,137,68.56666666666666,0.03995691239833832,-0.11451309294011779
UBFC_PHYS_s14_T1_ctrl,64,138,68.6,0.3547157943248749,-0.585334339563562
UBFC_PHYS_s14_T1_ctrl,64,139,68.63333333333334,0.6480419635772705,-1.0049950175171785
UBFC_PHYS_s14_T1_ctrl,64,140,68.66666666666667,0.7315758466720581,-1.3068495206500368
UBFC_PHYS_s14_T1_ctrl,64,141,68.7,0.6054864525794983,-1.4394698591057375
UBFC_PHYS_s14_T1_ctrl,64,142,68.73333333333333,0.4563308358192444,-1.3790027478657576
UBFC_PHYS_s14_T1_ctrl,64,143,68.76666666666667,0.4213232100009918,-1.1359836101006466
UBFC_PHYS_s14_T1_ctrl,64,144,68.8,0.39713048934936523,-0.7541201105876975
UBFC_PHYS_s14_T1_ctrl,64,145,68.83333333333333,0.19815309345722198,-0.2999310581993721
UBFC_PHYS_s14_T1_ctrl,64,146,68.86666666666666,-0.230274960398674,0.15470577567427948
UBFC_PHYS_s14_T1_ctrl,64,147,68.9,-0.7658100128173828,0.5511250166632469
UBFC_PHYS_s14_T1_ctrl,64,148,68.93333333333334,-1.1138867139816284,0.8555043437962023
UBFC_PHYS_s14_T1_ctrl,64,149,68.96666666666667,-0.9389893412590027,1.0581641451762451
UBFC_PHYS_s14_T1_ctrl,64,150,69.0,-0.18205849826335907,1.1624373403948964
UBFC_PHYS_s14_T1_ctrl,64,151,69.03333333333333,0.8230519890785217,1.1714107075430855
UBFC_PHYS_s14_T1_ctrl,64,152,69.06666666666666,1.6685017347335815,1.081141014575457
UBFC_PHYS_s14_T1_ctrl,64,153,69.1,2.2006008625030518,0.8838728223937827
UBFC_PHYS_s14_T1_ctrl,64,154,69.13333333333334,2.4262211322784424,0.5784528417184656
UBFC_PHYS_s14_T1_ctrl,64,155,69.16666666666667,2.3697245121002197,0.18133933398240673
UBFC_PHYS_s14_T1_ctrl,64,156,69.2,2.1196579933166504,-0.26796642140446514
UBFC_PHYS_s14_T1_ctrl,64,157,69.23333333333333,1.8798712491989136,-0.7099284343754756
UBFC_PHYS_s14_T1_ctrl,64,158,69.26666666666667,1.8156577348709106,-1.0756219566573002
UBFC_PHYS_s14_T1_ctrl,64,159,69.3,1.8551151752471924,-1.301766628774127
UBFC_PHYS_s14_T1_ctrl,64,160,69.33333333333333,1.807152271270752,-1.3460193189729397
UBFC_PHYS_s14_T1_ctrl,64,161,69.36666666666666,1.5978950262069702,-1.1984970116108928
UBFC_PHYS_s14_T1_ctrl,64,162,69.4,1.2792214155197144,-0.8859947984553199
UBFC_PHYS_s14_T1_ctrl,64,163,69.43333333333334,0.9003334641456604,-0.4665344465976076
UBFC_PHYS_s14_T1_ctrl,64,164,69.46666666666667,0.45785170793533325,-0.014363948325810422
UBFC_PHYS_s14_T1_ctrl,64,165,69.5,-0.08869542926549911,0.40044863782238554
UBFC_PHYS_s14_T1_ctrl,64,166,69.53333333333333,-0.7217336297035217,0.7296888080402224
UBFC_PHYS_s14_T1_ctrl,64,167,69.56666666666666,-1.2037856578826904,0.9537689682736374
UBFC_PHYS_s14_T1_ctrl,64,168,69.6,-1.203475832939148,1.075243128314964
UBFC_PHYS_s14_T1_ctrl,64,169,69.63333333333334,-0.7016528248786926,1.104372175109431
UBFC_PHYS_s14_T1_ctrl,64,170,69.66666666666667,-0.07390941679477692,1.0460755237115429
UBFC_PHYS_s14_T1_ctrl,64,171,69.7,0.3263266384601593,0.8959083675581438
UBFC_PHYS_s14_T1_ctrl,64,172,69.73333333333333,0.4379398822784424,0.6467380706976085
UBFC_PHYS_s14_T1_ctrl,64,173,69.76666666666667,0.31438517570495605,0.30142457747260043
UBFC_PHYS_s14_T1_ctrl,64,174,69.8,0.03449312970042229,-0.11622501752640295
UBFC_PHYS_s14_T1_ctrl,64,175,69.83333333333333,-0.19290156662464142,-0.5584741379066914
UBFC_PHYS_s14_T1_ctrl,64,176,69.86666666666666,-0.1971261352300644,-0.960333012958884
UBFC_PHYS_s14_T1_ctrl,64,177,69.9,-0.08877991884946823,-1.2531927648266028
UBFC_PHYS_s14_T1_ctrl,64,178,69.93333333333334,-0.09703191369771957,-1.3809399655989405
UBFC_PHYS_s14_T1_ctrl,64,179,69.96666666666667,-0.2533693015575409,-1.3143346733451537
UBFC_PHYS_s14_T1_ctrl,64,180,70.0,-0.409762978553772,-1.0600674203169844
UBFC_PHYS_s14_T1_ctrl,64,181,70.03333333333333,-0.4712727665901184,-0.6614260590388735
UBFC_PHYS_s14_T1_ctrl,64,182,70.06666666666666,-0.5049285292625427,-0.18867448597990566
UBFC_PHYS_s14_T1_ctrl,64,183,70.1,-0.6243712902069092,0.2794825743360471
UBFC_PHYS_s14_T1_ctrl,64,184,70.13333333333334,-0.8901814818382263,0.6769841119843476
UBFC_PHYS_s14_T1_ctrl,64,185,70.16666666666667,-1.2159523963928223,0.9649406868822785
UBFC_PHYS_s14_T1_ctrl,64,186,70.2,-1.3275938034057617,1.1333436692206253
UBFC_PHYS_s14_T1_ctrl,64,187,70.23333333333333,-0.9836289882659912,1.1906848591059112
UBFC_PHYS_s14_T1_ctrl,64,188,70.26666666666667,-0.3021490275859833,1.1489484341016143
UBFC_PHYS_s14_T1_ctrl,64,189,70.3,0.3329169750213623,1.0134645024550522
UBFC_PHYS_s14_T1_ctrl,64,190,70.33333333333333,0.7029895782470703,0.7829640759282959
UBFC_PHYS_s14_T1_ctrl,64,191,70.36666666666666,0.8099839687347412,0.4583137685927721
UBFC_PHYS_s14_T1_ctrl,64,192,70.4,0.7314631938934326,0.053667468916853166
UBFC_PHYS_s14_T1_ctrl,64,193,70.43333333333334,0.6043598651885986,-0.39663737293644796
UBFC_PHYS_s14_T1_ctrl,64,194,70.46666666666667,0.5598610639572144,-0.8389041317378372
UBFC_PHYS_s14_T1_ctrl,64,195,70.5,0.5859689116477966,-1.208132019174027
UBFC_PHYS_s14_T1_ctrl,64,196,70.53333333333333,0.5749568343162537,-1.4406542443005832
UBFC_PHYS_s14_T1_ctrl,64,197,70.56666666666666,0.4917609393596649,-1.4883635132046074
UBFC_PHYS_s14_T1_ctrl,64,198,70.6,0.3438163697719574,-1.3316381145553853
UBFC_PHYS_s14_T1_ctrl,64,199,70.63333333333334,0.12608188390731812,-0.9876278010516416
UBFC_PHYS_s14_T1_ctrl,64,200,70.66666666666667,-0.1217879131436348,-0.5099564042179543
UBFC_PHYS_s14_T1_ctrl,64,201,70.7,-0.35323819518089294,0.022616743295372645
UBFC_PHYS_s14_T1_ctrl,64,202,70.73333333333333,-0.6271032094955444,0.5263577909581428
UBFC_PHYS_s14_T1_ctrl,64,203,70.76666666666667,-1.0062726736068726,0.9340681827619748
UBFC_PHYS_s14_T1_ctrl,64,204,70.8,-1.314582109451294,1.2086000670690789
UBFC_PHYS_s14_T1_ctrl,64,205,70.83333333333333,-1.2543959617614746,1.3428262140975733
UBFC_PHYS_s14_T1_ctrl,64,206,70.86666666666666,-0.7643173336982727,1.3484600993897222
UBFC_PHYS_s14_T1_ctrl,64,207,70.9,-0.10483329743146896,1.242211931216767
UBFC_PHYS_s14_T1_ctrl,64,208,70.93333333333334,0.42591392993927,1.0373042458737822
UBFC_PHYS_s14_T1_ctrl,64,209,70.96666666666667,0.6998071074485779,0.7432989355030653
UBFC_PHYS_s14_T1_ctrl,64,210,71.0,0.7055243253707886,0.3721196955379183
UBFC_PHYS_s14_T1_ctrl,64,211,71.03333333333333,0.5220088958740234,-0.05449747461507721
UBFC_PHYS_s14_T1_ctrl,64,212,71.06666666666666,0.32536908984184265,-0.5007572000827163
UBFC_PHYS_s14_T1_ctrl,64,213,71.1,0.23414646089076996,-0.9181571059593586
UBFC_PHYS_s14_T1_ctrl,64,214,71.13333333333334,0.24631322920322418,-1.251972111519039
UBFC_PHYS_s14_T1_ctrl,64,215,71.16666666666667,0.2827853858470917,-1.4507136442876452
UBFC_PHYS_s14_T1_ctrl,64,216,71.2,0.25805753469467163,-1.4765346616592507
UBFC_PHYS_s14_T1_ctrl,64,217,71.23333333333333,0.15106318891048431,-1.3149814421112827
UBFC_PHYS_s14_T1_ctrl,64,218,71.26666666666667,-0.011413900181651115,-0.9817935063300572
UBFC_PHYS_s14_T1_ctrl,64,219,71.3,-0.24103353917598724,-0.5234304492911219
UBFC_PHYS_s14_T1_ctrl,64,220,71.33333333333333,-0.5641007423400879,-0.008648253774056586
UBFC_PHYS_s14_T1_ctrl,64,221,71.36666666666666,-0.9621400237083435,0.4877319897606083
UBFC_PHYS_s14_T1_ctrl,64,222,71.4,-1.3537861108779907,0.9021741678901807
UBFC_PHYS_s14_T1_ctrl,64,223,71.43333333333334,-1.5603114366531372,1.1925991082659235
UBFC_PHYS_s14_T1_ctrl,64,224,71.46666666666667,-1.3915537595748901,1.3385038773617053
UBFC_PHYS_s14_T1_ctrl,64,225,71.5,-0.8681291937828064,1.3352705353801757
UBFC_PHYS_s14_T1_ctrl,64,226,71.53333333333333,-0.2321901023387909,1.1890912766890633
UBFC_PHYS_s14_T1_ctrl,64,227,71.56666666666666,0.2829825282096863,0.9159064487322662
UBFC_PHYS_s14_T1_ctrl,64,228,71.6,0.5933196544647217,0.5431244897096597
UBFC_PHYS_s14_T1_ctrl,64,229,71.63333333333334,0.7040035128593445,0.11024393200575068
UBFC_PHYS_s14_T1_ctrl,64,230,71.66666666666667,0.658490777015686,-0.33454663194363127
UBFC_PHYS_s14_T1_ctrl,64,231,71.7,0.5376397967338562,-0.7415599083190949
UBFC_PHYS_s14_T1_ctrl,64,232,71.73333333333333,0.4666951298713684,-1.0676983893788385
UBFC_PHYS_s14_T1_ctrl,64,233,71.76666666666667,0.5104053616523743,-1.2821593865528655
UBFC_PHYS_s14_T1_ctrl,64,234,71.8,0.5503979921340942,-1.3683941730552076
UBFC_PHYS_s14_T1_ctrl,64,235,71.83333333333333,0.44768455624580383,-1.3232794825175385
UBFC_PHYS_s14_T1_ctrl,64,236,71.86666666666666,0.23468157649040222,-1.155276336890521
UBFC_PHYS_s14_T1_ctrl,64,237,71.9,0.0147221265360713,-0.8826312066597901
UBFC_PHYS_s14_T1_ctrl,64,238,71.93333333333334,-0.21641835570335388,-0.5315773855568277
UBFC_PHYS_s14_T1_ctrl,64,239,71.96666666666667,-0.5195174217224121,-0.13422429803489141
UBFC_PHYS_s14_T1_ctrl,65,0,65.0,0.223922997713089,0.1354200924074294
UBFC_PHYS_s14_T1_ctrl,65,1,65.03333333333333,-0.11215589195489883,0.22946156394866934
UBFC_PHYS_s14_T1_ctrl,65,2,65.06666666666666,-0.4390251934528351,0.3571028779212885
UBFC_PHYS_s14_T1_ctrl,65,3,65.1,-0.8164204359054565,0.5382587282125245
UBFC_PHYS_s14_T1_ctrl,65,4,65.13333333333334,-1.313906192779541,0.7660574741647881
UBFC_PHYS_s14_T1_ctrl,65,5,65.16666666666667,-1.8199255466461182,1.010932538325406
UBFC_PHYS_s14_T1_ctrl,65,6,65.2,-1.9943158626556396,1.234160206438077
UBFC_PHYS_s14_T1_ctrl,65,7,65.23333333333333,-1.553017020225525,1.4021878069302205
UBFC_PHYS_s14_T1_ctrl,65,8,65.26666666666667,-0.6409034729003906,1.4941306298992783
UBFC_PHYS_s14_T1_ctrl,65,9,65.3,0.2590714395046234,1.5005568532149656
UBFC_PHYS_s14_T1_ctrl,65,10,65.33333333333333,0.8350779414176941,1.4175958963505593
UBFC_PHYS_s14_T1_ctrl,65,11,65.36666666666666,1.0679645538330078,1.2424918806772254
UBFC_PHYS_s14_T1_ctrl,65,12,65.4,1.0461094379425049,0.9739691611303019
UBFC_PHYS_s14_T1_ctrl,65,13,65.43333333333334,0.872958242893219,0.6164563365438301
UBFC_PHYS_s14_T1_ctrl,65,14,65.46666666666667,0.6738681793212891,0.1850881080321779
UBFC_PHYS_s14_T1_ctrl,65,15,65.5,0.5749850273132324,-0.291168494415309
UBFC_PHYS_s14_T1_ctrl,65,16,65.53333333333333,0.6019096374511719,-0.7695212243693745
UBFC_PHYS_s14_T1_ctrl,65,17,65.56666666666666,0.6259615421295166,-1.1967116191001728
UBFC_PHYS_s14_T1_ctrl,65,18,65.6,0.5180377960205078,-1.5156931074050697
UBFC_PHYS_s14_T1_ctrl,65,19,65.63333333333334,0.28281354904174805,-1.6754780039640278
UBFC_PHYS_s14_T1_ctrl,65,20,65.66666666666667,-0.005893790628761053,-1.6431311184381459
UBFC_PHYS_s14_T1_ctrl,65,21,65.7,-0.3000085651874542,-1.4150971231515133
UBFC_PHYS_s14_T1_ctrl,65,22,65.73333333333333,-0.5612561702728271,-1.0232650290623724
UBFC_PHYS_s14_T1_ctrl,65,23,65.76666666666667,-0.8223348259925842,-0.5312854345476218
UBFC_PHYS_s14_T1_ctrl,65,24,65.8,-1.2008565664291382,-0.019915230959304052
UBFC_PHYS_s14_T1_ctrl,65,25,65.83333333333333,-1.6077111959457397,0.43429971897598657
UBFC_PHYS_s14_T1_ctrl,65,26,65.86666666666666,-1.6568288803100586,0.7779221792548071
UBFC_PHYS_s14_T1_ctrl,65,27,65.9,-1.1292078495025635,0.9883644839272957
UBFC_PHYS_s14_T1_ctrl,65,28,65.93333333333334,-0.2895316481590271,1.0684239617473814
UBFC_PHYS_s14_T1_ctrl,65,29,65.96666666666667,0.45914721488952637,1.0333488472149261
UBFC_PHYS_s14_T1_ctrl,65,30,66.0,0.9539292454719543,0.8990706862383119
UBFC_PHYS_s14_T1_ctrl,65,31,66.03333333333333,1.1592998504638672,0.6775413097008488
UBFC_PHYS_s14_T1_ctrl,65,32,66.06666666666666,1.0697107315063477,0.37975144150103
UBFC_PHYS_s14_T1_ctrl,65,33,66.1,0.8249107599258423,0.022627997254209158
UBFC_PHYS_s14_T1_ctrl,65,34,66.13333333333334,0.647704005241394,-0.36511898176261987
UBFC_PHYS_s14_T1_ctrl,65,35,66.16666666666667,0.5999100208282471,-0.7415503953399434
UBFC_PHYS_s14_T1_ctrl,65,36,66.2,0.5939111113548279,-1.055424585735971
UBFC_PHYS_s14_T1_ctrl,65,37,66.23333333333333,0.5761115550994873,-1.2546604080399122
UBFC_PHYS_s14_T1_ctrl,65,38,66.26666666666667,0.5217835903167725,-1.2976023355777453
UBFC_PHYS_s14_T1_ctrl,65,39,66.3,0.35454678535461426,-1.1646524014600248
UBFC_PHYS_s14_T1_ctrl,65,40,66.33333333333333,0.05184204503893852,-0.8668203326470416
UBFC_PHYS_s14_T1_ctrl,65,41,66.36666666666666,-0.2829413115978241,-0.44721706958743546
UBFC_PHYS_s14_T1_ctrl,65,42,66.4,-0.5992773175239563,0.027189829067749513
UBFC_PHYS_s14_T1_ctrl,65,43,66.43333333333334,-1.0014848709106445,0.4823916254109633
UBFC_PHYS_s14_T1_ctrl,65,44,66.46666666666667,-1.5278948545455933,0.8564764493190657
UBFC_PHYS_s14_T1_ctrl,65,45,66.5,-1.9221601486206055,1.112557391258979
UBFC_PHYS_s14_T1_ctrl,65,46,66.53333333333333,-1.7828900814056396,1.2402084632266264
UBFC_PHYS_s14_T1_ctrl,65,47,66.56666666666666,-1.0718944072723389,1.2467275781265537
UBFC_PHYS_s14_T1_ctrl,65,48,66.6,-0.16338588297367096,1.1449936566591672
UBFC_PHYS_s14_T1_ctrl,65,49,66.63333333333334,0.5414419174194336,0.9456146711478008
UBFC_PHYS_s14_T1_ctrl,65,50,66.66666666666667,0.9132325053215027,0.6570943064185797
UBFC_PHYS_s14_T1_ctrl,65,51,66.7,0.973446786403656,0.2922389994203321
UBFC_PHYS_s14_T1_ctrl,65,52,66.73333333333333,0.7930856347084045,-0.12416916033481797
UBFC_PHYS_s14_T1_ctrl,65,53,66.76666666666667,0.5496376156806946,-0.5513033849431349
UBFC_PHYS_s14_T1_ctrl,65,54,66.8,0.4214640259742737,-0.9344452244515828
UBFC_PHYS_s14_T1_ctrl,65,55,66.83333333333333,0.4116348624229431,-1.2133954349387495
UBFC_PHYS_s14_T1_ctrl,65,56,66.86666666666666,0.42380163073539734,-1.3354344253923704
UBFC_PHYS_s14_T1_ctrl,65,57,66.9,0.3940888047218323,-1.2698216607159927
UBFC_PHYS_s14_T1_ctrl,65,58,66.93333333333334,0.307259738445282,-1.0194338574402673
UBFC_PHYS_s14_T1_ctrl,65,59,66.96666666666667,0.15985029935836792,-0.6244531545489411
UBFC_PHYS_s14_T1_ctrl,65,60,67.0,-0.07221958786249161,-0.15446399506090167
UBFC_PHYS_s14_T1_ctrl,65,61,67.03333333333333,-0.41317081451416016,0.31012323949972675
UBFC_PHYS_s14_T1_ctrl,65,62,67.06666666666666,-0.8577085733413696,0.7002022691722803
UBFC_PHYS_s14_T1_ctrl,65,63,67.1,-1.330212950706482,0.9736317655150865
UBFC_PHYS_s14_T1_ctrl,65,64,67.13333333333334,-1.568563461303711,1.118110134894432
UBFC_PHYS_s14_T1_ctrl,65,65,67.16666666666667,-1.2653799057006836,1.1423329262856399
UBFC_PHYS_s14_T1_ctrl,65,66,67.2,-0.48521387577056885,1.0622873642242903
UBFC_PHYS_s14_T1_ctrl,65,67,67.23333333333333,0.32525643706321716,0.8908219062775155
UBFC_PHYS_s14_T1_ctrl,65,68,67.26666666666667,0.8273047208786011,0.6354364484724575
UBFC_PHYS_s14_T1_ctrl,65,69,67.3,0.9923728704452515,0.30402088732142246
UBFC_PHYS_s14_T1_ctrl,65,70,67.33333333333333,0.8749297261238098,-0.08590028621812705
UBFC_PHYS_s14_T1_ctrl,65,71,67.36666666666666,0.5914326906204224,-0.5001834847704428
UBFC_PHYS_s14_T1_ctrl,65,72,67.4,0.36722052097320557,-0.8875267593907775
UBFC_PHYS_s14_T1_ctrl,65,73,67.43333333333334,0.3267209529876709,-1.1866116993203983
UBFC_PHYS_s14_T1_ctrl,65,74,67.46666666666667,0.3660094738006592,-1.3394814126194179
UBFC_PHYS_s14_T1_ctrl,65,75,67.5,0.316441148519516,-1.3076439252215069
UBFC_PHYS_s14_T1_ctrl,65,76,67.53333333333333,0.14413487911224365,-1.0858489902332402
UBFC_PHYS_s14_T1_ctrl,65,77,67.56666666666666,-0.05301186442375183,-0.707950737284503
UBFC_PHYS_s14_T1_ctrl,65,78,67.6,-0.263846218585968,-0.24072054434634824
UBFC_PHYS_s14_T1_ctrl,65,79,67.63333333333334,-0.5956160426139832,0.23407071958113335
UBFC_PHYS_s14_T1_ctrl,65,80,67.66666666666667,-1.0838640928268433,0.6426670650235567
UBFC_PHYS_s14_T1_ctrl,65,81,67.7,-1.5770970582962036,0.9373057821910594
UBFC_PHYS_s14_T1_ctrl,65,82,67.73333333333333,-1.7755675315856934,1.1018105823284314
UBFC_PHYS_s14_T1_ctrl,65,83,67.76666666666667,-1.4158873558044434,1.1443446245726578
UBFC_PHYS_s14_T1_ctrl,65,84,67.8,-0.5965735912322998,1.08318581719577
UBFC_PHYS_s14_T1_ctrl,65,85,67.83333333333333,0.25053781270980835,0.9339145678007605
UBFC_PHYS_s14_T1_ctrl,65,86,67.86666666666666,0.7828340530395508,0.7043531115095043
UBFC_PHYS_s14_T1_ctrl,65,87,67.9,0.9211465716362,0.3986776994667597
UBFC_PHYS_s14_T1_ctrl,65,88,67.93333333333334,0.7412642240524292,0.02720749577352197
UBFC_PHYS_s14_T1_ctrl,65,89,67.96666666666667,0.41738027334213257,-0.3841544819293238
UBFC_PHYS_s14_T1_ctrl,65,90,68.0,0.1812548041343689,-0.7901341859779278
UBFC_PHYS_s14_T1_ctrl,65,91,68.03333333333333,0.13661514222621918,-1.1304661607291437
UBFC_PHYS_s14_T1_ctrl,65,92,68.06666666666666,0.1491762101650238,-1.3418631304415292
UBFC_PHYS_s14_T1_ctrl,65,93,68.1,0.09008851647377014,-1.3744806959302227
UBFC_PHYS_s14_T1_ctrl,65,94,68.13333333333334,-0.028931796550750732,-1.208040242054493
UBFC_PHYS_s14_T1_ctrl,65,95,68.16666666666667,-0.1957179456949234,-0.8618786158156694
UBFC_PHYS_s14_T1_ctrl,65,96,68.2,-0.479468435049057,-0.3937560684455049
UBFC_PHYS_s14_T1_ctrl,65,97,68.23333333333333,-0.9273295402526855,0.1143033965702441
UBFC_PHYS_s14_T1_ctrl,65,98,68.26666666666667,-1.5120104551315308,0.5787762511313909
UBFC_PHYS_s14_T1_ctrl,65,99,68.3,-2.098071336746216,0.9367103982405233
UBFC_PHYS_s14_T1_ctrl,65,100,68.33333333333333,-2.3744711875915527,1.1578432434385508
UBFC_PHYS_s14_T1_ctrl,65,101,68.36666666666666,-2.0695695877075195,1.2426573461962305
UBFC_PHYS_s14_T1_ctrl,65,102,68.4,-1.3171168565750122,1.2095779859739753
UBFC_PHYS_s14_T1_ctrl,65,103,68.43333333333334,-0.583730936050415,1.0796178056052166
UBFC_PHYS_s14_T1_ctrl,65,104,68.46666666666667,-0.19746410846710205,0.8667118901610771
UBFC_PHYS_s14_T1_ctrl,65,105,68.5,-0.1241818442940712,0.5775804552289638
UBFC_PHYS_s14_T1_ctrl,65,106,68.53333333333333,-0.11643678694963455,0.21932184854122797
UBFC_PHYS_s14_T1_ctrl,65,107,68.56666666666666,0.03995691239833832,-0.19071284430850283
UBFC_PHYS_s14_T1_ctrl,65,108,68.6,0.3547157943248749,-0.6183198656508582
UBFC_PHYS_s14_T1_ctrl,65,109,68.63333333333334,0.6480419635772705,-1.0124098898167255
UBFC_PHYS_s14_T1_ctrl,65,110,68.66666666666667,0.7315758466720581,-1.3122247753551242
UBFC_PHYS_s14_T1_ctrl,65,111,68.7,0.6054864525794983,-1.4603467801363774
UBFC_PHYS_s14_T1_ctrl,65,112,68.73333333333333,0.4563308358192444,-1.4183215713239565
UBFC_PHYS_s14_T1_ctrl,65,113,68.76666666666667,0.4213232100009918,-1.1802496660142332
UBFC_PHYS_s14_T1_ctrl,65,114,68.8,0.39713048934936523,-0.7789374343525803
UBFC_PHYS_s14_T1_ctrl,65,115,68.83333333333333,0.19815309345722198,-0.2805551518388479
UBFC_PHYS_s14_T1_ctrl,65,116,68.86666666666666,-0.230274960398674,0.23205893605294498
UBFC_PHYS_s14_T1_ctrl,65,117,68.9,-0.7658100128173828,0.6818114040461029
UBFC_PHYS_s14_T1_ctrl,65,118,68.93333333333334,-1.1138867139816284,1.0161247363814094
UBFC_PHYS_s14_T1_ctrl,65,119,68.96666666666667,-0.9389893412590027,1.2140214981645165
UBFC_PHYS_s14_T1_ctrl,65,120,69.0,-0.18205849826335907,1.2801113179115415
UBFC_PHYS_s14_T1_ctrl,65,121,69.03333333333333,0.8230519890785217,1.2312077668249264
UBFC_PHYS_s14_T1_ctrl,65,122,69.06666666666666,1.6685017347335815,1.083876863381078
UBFC_PHYS_s14_T1_ctrl,65,123,69.1,2.2006008625030518,0.8488500582526249
UBFC_PHYS_s14_T1_ctrl,65,124,69.13333333333334,2.4262211322784424,0.5335326874698137
UBFC_PHYS_s14_T1_ctrl,65,125,69.16666666666667,2.3697245121002197,0.14967403687338215
UBFC_PHYS_s14_T1_ctrl,65,126,69.2,2.1196579933166504,-0.2785479402145366
UBFC_PHYS_s14_T1_ctrl,65,127,69.23333333333333,1.8798712491989136,-0.710280482661725
UBFC_PHYS_s14_T1_ctrl,65,128,69.26666666666667,1.8156577348709106,-1.0900808111640459
UBFC_PHYS_s14_T1_ctrl,65,129,69.3,1.8551151752471924,-1.3566972742379233
UBFC_PHYS_s14_T1_ctrl,65,130,69.33333333333333,1.807152271270752,-1.4569030915621508
UBFC_PHYS_s14_T1_ctrl,65,131,69.36666666666666,1.5978950262069702,-1.3609044596419007
UBFC_PHYS_s14_T1_ctrl,65,132,69.4,1.2792214155197144,-1.0743586551321036
UBFC_PHYS_s14_T1_ctrl,65,133,69.43333333333334,0.9003334641456604,-0.6416443399462685
UBFC_PHYS_s14_T1_ctrl,65,134,69.46666666666667,0.45785170793533325,-0.13682491525044993
UBFC_PHYS_s14_T1_ctrl,65,135,69.5,-0.08869542926549911,0.3563502648877433
UBFC_PHYS_s14_T1_ctrl,65,136,69.53333333333333,-0.7217336297035217,0.7675772523514104
UBFC_PHYS_s14_T1_ctrl,65,137,69.56666666666666,-1.2037856578826904,1.0556236161534756
UBFC_PHYS_s14_T1_ctrl,65,138,69.6,-1.203475832939148,1.2101257423224354
UBFC_PHYS_s14_T1_ctrl,65,139,69.63333333333334,-0.7016528248786926,1.2413042875884783
UBFC_PHYS_s14_T1_ctrl,65,140,69.66666666666667,-0.07390941679477692,1.1653441626222236
UBFC_PHYS_s14_T1_ctrl,65,141,69.7,0.3263266384601593,0.9940626737194538
UBFC_PHYS_s14_T1_ctrl,65,142,69.73333333333333,0.4379398822784424,0.733552074756947
UBFC_PHYS_s14_T1_ctrl,65,143,69.76666666666667,0.31438517570495605,0.39076076742500887
UBFC_PHYS_s14_T1_ctrl,65,144,69.8,0.03449312970042229,-0.017039918953722283
UBFC_PHYS_s14_T1_ctrl,65,145,69.83333333333333,-0.19290156662464142,-0.4556212429042414
UBFC_PHYS_s14_T1_ctrl,65,146,69.86666666666666,-0.1971261352300644,-0.8735041589896138
UBFC_PHYS_s14_T1_ctrl,65,147,69.9,-0.08877991884946823,-1.2085671763966246
UBFC_PHYS_s14_T1_ctrl,65,148,69.93333333333334,-0.09703191369771957,-1.4001988588865242
UBFC_PHYS_s14_T1_ctrl,65,149,69.96666666666667,-0.2533693015575409,-1.4044513524774243
UBFC_PHYS_s14_T1_ctrl,65,150,70.0,-0.409762978553772,-1.208301493272416
UBFC_PHYS_s14_T1_ctrl,65,151,70.03333333333333,-0.4712727665901184,-0.8378672682374073
UBFC_PHYS_s14_T1_ctrl,65,152,70.06666666666666,-0.5049285292625427,-0.3556173811327673
UBFC_PHYS_s14_T1_ctrl,65,153,70.1,-0.6243712902069092,0.15494168303924588
UBFC_PHYS_s14_T1_ctrl,65,154,70.13333333333334,-0.8901814818382263,0.6122684035077129
UBFC_PHYS_s14_T1_ctrl,65,155,70.16666666666667,-1.2159523963928223,0.9577389321588577
UBFC_PHYS_s14_T1_ctrl,65,156,70.2,-1.3275938034057617,1.1655017638003622
UBFC_PHYS_s14_T1_ctrl,65,157,70.23333333333333,-0.9836289882659912,1.2382025478897936
UBFC_PHYS_s14_T1_ctrl,65,158,70.26666666666667,-0.3021490275859833,1.1932094957475963
UBFC_PHYS_s14_T1_ctrl,65,159,70.3,0.3329169750213623,1.0484370220133765
UBFC_PHYS_s14_T1_ctrl,65,160,70.33333333333333,0.7029895782470703,0.8154095656107233
UBFC_PHYS_s14_T1_ctrl,65,161,70.36666666666666,0.8099839687347412,0.5017194761097986
UBFC_PHYS_s14_T1_ctrl,65,162,70.4,0.7314631938934326,0.11952304950902992
UBFC_PHYS_s14_T1_ctrl,65,163,70.43333333333334,0.6043598651885986,-0.3058534974707255
UBFC_PHYS_s14_T1_ctrl,65,164,70.46666666666667,0.5598610639572144,-0.7320607251816407
UBFC_PHYS_s14_T1_ctrl,65,165,70.5,0.5859689116477966,-1.102670178682126
UBFC_PHYS_s14_T1_ctrl,65,166,70.53333333333333,0.5749568343162537,-1.3565974903111255
UBFC_PHYS_s14_T1_ctrl,65,167,70.56666666666666,0.4917609393596649,-1.442070477533431
UBFC_PHYS_s14_T1_ctrl,65,168,70.6,0.3438163697719574,-1.331734456714429
UBFC_PHYS_s14_T1_ctrl,65,169,70.63333333333334,0.12608188390731812,-1.034056404218635
UBFC_PHYS_s14_T1_ctrl,65,170,70.66666666666667,-0.1217879131436348,-0.5956737031195729
UBFC_PHYS_s14_T1_ctrl,65,171,70.7,-0.35323819518089294,-0.09149748570078042
UBFC_PHYS_s14_T1_ctrl,65,172,70.73333333333333,-0.6271032094955444,0.39535998875974215
UBFC_PHYS_s14_T1_ctrl,65,173,70.76666666666667,-1.0062726736068726,0.7961753793477031
UBFC_PHYS_s14_T1_ctrl,65,174,70.8,-1.314582109451294,1.0719200561295656
UBFC_PHYS_s14_T1_ctrl,65,175,70.83333333333333,-1.2543959617614746,1.2148854034525967
UBFC_PHYS_s14_T1_ctrl,65,176,70.86666666666666,-0.7643173336982727,1.2378802991993612
UBFC_PHYS_s14_T1_ctrl,65,177,70.9,-0.10483329743146896,1.1588856585918679
UBFC_PHYS_s14_T1_ctrl,65,178,70.93333333333334,0.42591392993927,0.9900907582925659
UBFC_PHYS_s14_T1_ctrl,65,179,70.96666666666667,0.6998071074485779,0.7361776458577555
UBFC_PHYS_s14_T1_ctrl,65,180,71.0,0.7055243253707886,0.4009963130429677
UBFC_PHYS_s14_T1_ctrl,65,181,71.03333333333333,0.5220088958740234,-0.0023665474127559567
UBFC_PHYS_s14_T1_ctrl,65,182,71.06666666666666,0.32536908984184265,-0.4439500845113101
UBFC_PHYS_s14_T1_ctrl,65,183,71.1,0.23414646089076996,-0.8755427236123805
UBFC_PHYS_s14_T1_ctrl,65,184,71.13333333333334,0.24631322920322418,-1.2363542358004176
UBFC_PHYS_s14_T1_ctrl,65,185,71.16666666666667,0.2827853858470917,-1.4642038970449163
UBFC_PHYS_s14_T1_ctrl,65,186,71.2,0.25805753469467163,-1.5097485122724676
UBFC_PHYS_s14_T1_ctrl,65,187,71.23333333333333,0.15106318891048431,-1.3506623919458998
UBFC_PHYS_s14_T1_ctrl,65,188,71.26666666666667,-0.011413900181651115,-1.0015601886123848
UBFC_PHYS_s14_T1_ctrl,65,189,71.3,-0.24103353917598724,-0.5149317698476406
UBFC_PHYS_s14_T1_ctrl,65,190,71.33333333333333,-0.5641007423400879,0.029790320131899306
UBFC_PHYS_s14_T1_ctrl,65,191,71.36666666666666,-0.9621400237083435,0.5469684726234715
UBFC_PHYS_s14_T1_ctrl,65,192,71.4,-1.3537861108779907,0.9671780864638627
UBFC_PHYS_s14_T1_ctrl,65,193,71.43333333333334,-1.5603114366531372,1.2511928591439718
UBFC_PHYS_s14_T1_ctrl,65,194,71.46666666666667,-1.3915537595748901,1.390432967162807
UBFC_PHYS_s14_T1_ctrl,65,195,71.5,-0.8681291937828064,1.3966813699139815
UBFC_PHYS_s14_T1_ctrl,65,196,71.53333333333333,-0.2321901023387909,1.2887020524427866
UBFC_PHYS_s14_T1_ctrl,65,197,71.56666666666666,0.2829825282096863,1.0830857374966039
UBFC_PHYS_s14_T1_ctrl,65,198,71.6,0.5933196544647217,0.7925817543459106
UBFC_PHYS_s14_T1_ctrl,65,199,71.63333333333334,0.7040035128593445,0.43041307774553167
UBFC_PHYS_s14_T1_ctrl,65,200,71.66666666666667,0.658490777015686,0.016410364124252796
UBFC_PHYS_s14_T1_ctrl,65,201,71.7,0.5376397967338562,-0.41895719624332367
UBFC_PHYS_s14_T1_ctrl,65,202,71.73333333333333,0.4666951298713684,-0.8344530483804624
UBFC_PHYS_s14_T1_ctrl,65,203,71.76666666666667,0.5104053616523743,-1.1816690025610723
UBFC_PHYS_s14_T1_ctrl,65,204,71.8,0.5503979921340942,-1.4116224843521281
UBFC_PHYS_s14_T1_ctrl,65,205,71.83333333333333,0.44768455624580383,-1.4836922516468452
UBFC_PHYS_s14_T1_ctrl,65,206,71.86666666666666,0.23468157649040222,-1.3756070483989704
UBFC_PHYS_s14_T1_ctrl,65,207,71.9,0.0147221265360713,-1.0919699957969908
UBFC_PHYS_s14_T1_ctrl,65,208,71.93333333333334,-0.21641835570335388,-0.6679385857988003
UBFC_PHYS_s14_T1_ctrl,65,209,71.96666666666667,-0.5195174217224121,-0.16518723340211022
UBFC_PHYS_s14_T1_ctrl,65,210,72.0,-0.8934766054153442,0.3403573205911358
UBFC_PHYS_s14_T1_ctrl,65,211,72.03333333333333,-1.2870659828186035,0.7757496548042823
UBFC_PHYS_s14_T1_ctrl,65,212,72.06666666666666,-1.541300892829895,1.0866606822660014
UBFC_PHYS_s14_T1_ctrl,65,213,72.1,-1.393497109413147,1.245139180161937
UBFC_PHYS_s14_T1_ctrl,65,214,72.13333333333334,-0.7881439328193665,1.2480217113798198
UBFC_PHYS_s14_T1_ctrl,65,215,72.16666666666667,-0.04292921721935272,1.1097331937478876
UBFC_PHYS_s14_T1_ctrl,65,216,72.2,0.5194741487503052,0.8546158714790765
UBFC_PHYS_s14_T1_ctrl,65,217,72.23333333333333,0.856510579586029,0.5119283800555599
UBFC_PHYS_s14_T1_ctrl,65,218,72.26666666666667,1.0054408311843872,0.11394523685798189
UBFC_PHYS_s14_T1_ctrl,65,219,72.3,0.941255509853363,-0.30417586142199343
UBFC_PHYS_s14_T1_ctrl,65,220,72.33333333333333,0.7486149668693542,-0.7044827659333128
UBFC_PHYS_s14_T1_ctrl,65,221,72.36666666666666,0.61616051197052,-1.0474987723681124
UBFC_PHYS_s14_T1_ctrl,65,222,72.4,0.6270317435264587,-1.2952141926096654
UBFC_PHYS_s14_T1_ctrl,65,223,72.43333333333334,0.6707138419151306,-1.4156929171189583
UBFC_PHYS_s14_T1_ctrl,65,224,72.46666666666667,0.6333404779434204,-1.388534587009672
UBFC_PHYS_s14_T1_ctrl,65,225,72.5,0.5293596386909485,-1.2098179978722179
UBFC_PHYS_s14_T1_ctrl,65,226,72.53333333333333,0.3879772424697876,-0.8948317079895168
UBFC_PHYS_s14_T1_ctrl,65,227,72.56666666666666,0.18390220403671265,-0.4773514649825803
UBFC_PHYS_s14_T1_ctrl,65,228,72.6,-0.06909340620040894,-0.005439384225126601
UBFC_PHYS_s14_T1_ctrl,65,229,72.63333333333334,-0.33684685826301575,0.465322695961806
UBFC_PHYS_s14_T1_ctrl,65,230,72.66666666666667,-0.6405655145645142,0.8802357225957135
UBFC_PHYS_s14_T1_ctrl,65,231,72.7,-0.9320047497749329,1.1944952753977889
UBFC_PHYS_s14_T1_ctrl,65,232,72.73333333333333,-1.0593615770339966,1.3808540613550435
UBFC_PHYS_s14_T1_ctrl,65,233,72.76666666666667,-0.9953169822692871,1.433451339022942
UBFC_PHYS_s14_T1_ctrl,65,234,72.8,-0.8389796018600464,1.3664322392598478
UBFC_PHYS_s14_T1_ctrl,65,235,72.83333333333333,-0.5563556551933289,1.2078639470280037
UBFC_PHYS_s14_T1_ctrl,65,236,72.86666666666666,-0.10421369224786758,0.9907834687557664
UBFC_PHYS_s14_T1_ctrl,65,237,72.9,0.3213416635990143,0.7439373814874193
UBFC_PHYS_s14_T1_ctrl,65,238,72.93333333333334,0.4992524981498718,0.485180017968738
UBFC_PHYS_s14_T1_ctrl,65,239,72.96666666666667,0.4660192131996155,0.2201316658488259
UBFC_PHYS_s14_T1_ctrl,66,0,66.0,0.9539292454719543,0.007935598401526925
UBFC_PHYS_s14_T1_ctrl,66,1,66.03333333333333,1.1592998504638672,-0.11013259965382952
UBFC_PHYS_s14_T1_ctrl,66,2,66.06666666666666,1.0697107315063477,-0.23971283285858624
UBFC_PHYS_s14_T1_ctrl,66,3,66.1,0.8249107599258423,-0.38663780565993033
UBFC_PHYS_s14_T1_ctrl,66,4,66.13333333333334,0.647704005241394,-0.5457665037979889
UBFC_PHYS_s14_T1_ctrl,66,5,66.16666666666667,0.5999100208282471,-0.6996709168486486
UBFC_PHYS_s14_T1_ctrl,66,6,66.2,0.5939111113548279,-0.8209012241505192
UBFC_PHYS_s14_T1_ctrl,66,7,66.23333333333333,0.5761115550994873,-0.8778458045601196
UBFC_PHYS_s14_T1_ctrl,66,8,66.26666666666667,0.5217835903167725,-0.8433930865372302
UBFC_PHYS_s14_T1_ctrl,66,9,66.3,0.35454678535461426,-0.7043676613067533
UBFC_PHYS_s14_T1_ctrl,66,10,66.33333333333333,0.05184204503893852,-0.4685843127515204
UBFC_PHYS_s14_T1_ctrl,66,11,66.36666666666666,-0.2829413115978241,-0.16619054508993147
UBFC_PHYS_s14_T1_ctrl,66,12,66.4,-0.5992773175239563,0.15652464502095595
UBFC_PHYS_s14_T1_ctrl,66,13,66.43333333333334,-1.0014848709106445,0.449383378739293
UBFC_PHYS_s14_T1_ctrl,66,14,66.46666666666667,-1.5278948545455933,0.6714781840704224
UBFC_PHYS_s14_T1_ctrl,66,15,66.5,-1.9221601486206055,0.7992030236301803
UBFC_PHYS_s14_T1_ctrl,66,16,66.53333333333333,-1.7828900814056396,0.8265760752164028
UBFC_PHYS_s14_T1_ctrl,66,17,66.56666666666666,-1.0718944072723389,0.7600585850193207
UBFC_PHYS_s14_T1_ctrl,66,18,66.6,-0.16338588297367096,0.6123460856080386
UBFC_PHYS_s14_T1_ctrl,66,19,66.63333333333334,0.5414419174194336,0.3986861890219433
UBFC_PHYS_s14_T1_ctrl,66,20,66.66666666666667,0.9132325053215027,0.13667752438732814
UBFC_PHYS_s14_T1_ctrl,66,21,66.7,0.973446786403656,-0.15183646224513078
UBFC_PHYS_s14_T1_ctrl,66,22,66.73333333333333,0.7930856347084045,-0.43899967129514844
UBFC_PHYS_s14_T1_ctrl,66,23,66.76666666666667,0.5496376156806946,-0.6910572764942015
UBFC_PHYS_s14_T1_ctrl,66,24,66.8,0.4214640259742737,-0.8712013253746416
UBFC_PHYS_s14_T1_ctrl,66,25,66.83333333333333,0.4116348624229431,-0.9451571409502338
UBFC_PHYS_s14_T1_ctrl,66,26,66.86666666666666,0.42380163073539734,-0.8887997227112278
UBFC_PHYS_s14_T1_ctrl,66,27,66.9,0.3940888047218323,-0.6962327891155733
UBFC_PHYS_s14_T1_ctrl,66,28,66.93333333333334,0.307259738445282,-0.3857195910388846
UBFC_PHYS_s14_T1_ctrl,66,29,66.96666666666667,0.15985029935836792,-0.0002007996493751038
UBFC_PHYS_s14_T1_ctrl,66,30,67.0,-0.07221958786249161,0.40007894563199436
UBFC_PHYS_s14_T1_ctrl,66,31,67.03333333333333,-0.41317081451416016,0.7520210971414342
UBFC_PHYS_s14_T1_ctrl,66,32,67.06666666666666,-0.8577085733413696,1.0056042684979134
UBFC_PHYS_s14_T1_ctrl,66,33,67.1,-1.330212950706482,1.1338022479935972
UBFC_PHYS_s14_T1_ctrl,66,34,67.13333333333334,-1.568563461303711,1.132726351374017
UBFC_PHYS_s14_T1_ctrl,66,35,67.16666666666667,-1.2653799057006836,1.0142778027917332
UBFC_PHYS_s14_T1_ctrl,66,36,67.2,-0.48521387577056885,0.7970583948654623
UBFC_PHYS_s14_T1_ctrl,66,37,67.23333333333333,0.32525643706321716,0.5007285324465631
UBFC_PHYS_s14_T1_ctrl,66,38,67.26666666666667,0.8273047208786011,0.14575255043444044
UBFC_PHYS_s14_T1_ctrl,66,39,67.3,0.9923728704452515,-0.24309511265405154
UBFC_PHYS_s14_T1_ctrl,66,40,67.33333333333333,0.8749297261238098,-0.6329583105264363
UBFC_PHYS_s14_T1_ctrl,66,41,67.36666666666666,0.5914326906204224,-0.9820411761686058
UBFC_PHYS_s14_T1_ctrl,66,42,67.4,0.36722052097320557,-1.243109972763201
UBFC_PHYS_s14_T1_ctrl,66,43,67.43333333333334,0.3267209529876709,-1.370982817033844
UBFC_PHYS_s14_T1_ctrl,66,44,67.46666666666667,0.3660094738006592,-1.332569135442978
UBFC_PHYS_s14_T1_ctrl,66,45,67.5,0.316441148519516,-1.117271489385833
UBFC_PHYS_s14_T1_ctrl,66,46,67.53333333333333,0.14413487911224365,-0.7445871548792624
UBFC_PHYS_s14_T1_ctrl,66,47,67.56666666666666,-0.05301186442375183,-0.2650759229580039
UBFC_PHYS_s14_T1_ctrl,66,48,67.6,-0.263846218585968,0.24821766181588176
UBFC_PHYS_s14_T1_ctrl,66,49,67.63333333333334,-0.5956160426139832,0.7170029893432299
UBFC_PHYS_s14_T1_ctrl,66,50,67.66666666666667,-1.0838640928268433,1.07719993423207
UBFC_PHYS_s14_T1_ctrl,66,51,67.7,-1.5770970582962036,1.291784330787861
UBFC_PHYS_s14_T1_ctrl,66,52,67.73333333333333,-1.7755675315856934,1.3521938279707895
UBFC_PHYS_s14_T1_ctrl,66,53,67.76666666666667,-1.4158873558044434,1.270355724363114
UBFC_PHYS_s14_T1_ctrl,66,54,67.8,-0.5965735912322998,1.0677225266725272
UBFC_PHYS_s14_T1_ctrl,66,55,67.83333333333333,0.25053781270980835,0.7675116841947651
UBFC_PHYS_s14_T1_ctrl,66,56,67.86666666666666,0.7828340530395508,0.3928517527485214
UBFC_PHYS_s14_T1_ctrl,66,57,67.9,0.9211465716362,-0.03042950975296746
UBFC_PHYS_s14_T1_ctrl,66,58,67.93333333333334,0.7412642240524292,-0.4696816742946877
UBFC_PHYS_s14_T1_ctrl,66,59,67.96666666666667,0.41738027334213257,-0.883201049642798
UBFC_PHYS_s14_T1_ctrl,66,60,68.0,0.1812548041343689,-1.221937969915504
UBFC_PHYS_s14_T1_ctrl,66,61,68.03333333333333,0.13661514222621918,-1.4357252688502482
UBFC_PHYS_s14_T1_ctrl,66,62,68.06666666666666,0.1491762101650238,-1.4832319311694067
UBFC_PHYS_s14_T1_ctrl,66,63,68.1,0.09008851647377014,-1.3434507748965916
UBFC_PHYS_s14_T1_ctrl,66,64,68.13333333333334,-0.028931796550750732,-1.025143622812329
UBFC_PHYS_s14_T1_ctrl,66,65,68.16666666666667,-0.1957179456949234,-0.5699543150742268
UBFC_PHYS_s14_T1_ctrl,66,66,68.2,-0.479468435049057,-0.045910484258602946
UBFC_PHYS_s14_T1_ctrl,66,67,68.23333333333333,-0.9273295402526855,0.46833191827519544
UBFC_PHYS_s14_T1_ctrl,66,68,68.26666666666667,-1.5120104551315308,0.9029265907891464
UBFC_PHYS_s14_T1_ctrl,66,69,68.3,-2.098071336746216,1.2115831185379384
UBFC_PHYS_s14_T1_ctrl,66,70,68.33333333333333,-2.3744711875915527,1.3757931948706106
UBFC_PHYS_s14_T1_ctrl,66,71,68.36666666666666,-2.0695695877075195,1.3986778760769694
UBFC_PHYS_s14_T1_ctrl,66,72,68.4,-1.3171168565750122,1.2938544600315223
UBFC_PHYS_s14_T1_ctrl,66,73,68.43333333333334,-0.583730936050415,1.0763434812431583
UBFC_PHYS_s14_T1_ctrl,66,74,68.46666666666667,-0.19746410846710205,0.759981514375355
UBFC_PHYS_s14_T1_ctrl,66,75,68.5,-0.1241818442940712,0.361222083775871
UBFC_PHYS_s14_T1_ctrl,66,76,68.53333333333333,-0.11643678694963455,-0.09441921880011993
UBFC_PHYS_s14_T1_ctrl,66,77,68.56666666666666,0.03995691239833832,-0.567930688119012
UBFC_PHYS_s14_T1_ctrl,66,78,68.6,0.3547157943248749,-1.0073125286341094
UBFC_PHYS_s14_T1_ctrl,66,79,68.63333333333334,0.6480419635772705,-1.3534448741527108
UBFC_PHYS_s14_T1_ctrl,66,80,68.66666666666667,0.7315758466720581,-1.5501645865344245
UBFC_PHYS_s14_T1_ctrl,66,81,68.7,0.6054864525794983,-1.5566650884344564
UBFC_PHYS_s14_T1_ctrl,66,82,68.73333333333333,0.4563308358192444,-1.35954438176794
UBFC_PHYS_s14_T1_ctrl,66,83,68.76666666666667,0.4213232100009918,-0.9806959837608417
UBFC_PHYS_s14_T1_ctrl,66,84,68.8,0.39713048934936523,-0.47665369271344477
UBFC_PHYS_s14_T1_ctrl,66,85,68.83333333333333,0.19815309345722198,0.0730033360992888
UBFC_PHYS_s14_T1_ctrl,66,86,68.86666666666666,-0.230274960398674,0.5855005115206352
UBFC_PHYS_s14_T1_ctrl,66,87,68.9,-0.7658100128173828,0.9953030838370982
UBFC_PHYS_s14_T1_ctrl,66,88,68.93333333333334,-1.1138867139816284,1.266429813898302
UBFC_PHYS_s14_T1_ctrl,66,89,68.96666666666667,-0.9389893412590027,1.39199671357869
UBFC_PHYS_s14_T1_ctrl,66,90,69.0,-0.18205849826335907,1.383405558366263
UBFC_PHYS_s14_T1_ctrl,66,91,69.03333333333333,0.8230519890785217,1.2569438487638267
UBFC_PHYS_s14_T1_ctrl,66,92,69.06666666666666,1.6685017347335815,1.0255976052870308
UBFC_PHYS_s14_T1_ctrl,66,93,69.1,2.2006008625030518,0.6994295720362916
UBFC_PHYS_s14_T1_ctrl,66,94,69.13333333333334,2.4262211322784424,0.29237990780761014
UBFC_PHYS_s14_T1_ctrl,66,95,69.16666666666667,2.3697245121002197,-0.16987505050933327
UBFC_PHYS_s14_T1_ctrl,66,96,69.2,2.1196579933166504,-0.6458900059657183
UBFC_PHYS_s14_T1_ctrl,66,97,69.23333333333333,1.8798712491989136,-1.0804273537713822
UBFC_PHYS_s14_T1_ctrl,66,98,69.26666666666667,1.8156577348709106,-1.4120612798364358
UBFC_PHYS_s14_T1_ctrl,66,99,69.3,1.8551151752471924,-1.584577681288165
UBFC_PHYS_s14_T1_ctrl,66,100,69.33333333333333,1.807152271270752,-1.559777672177611
UBFC_PHYS_s14_T1_ctrl,66,101,69.36666666666666,1.5978950262069702,-1.3288757804780782
UBFC_PHYS_s14_T1_ctrl,66,102,69.4,1.2792214155197144,-0.9190452831721594
UBFC_PHYS_s14_T1_ctrl,66,103,69.43333333333334,0.9003334641456604,-0.3914839629752121
UBFC_PHYS_s14_T1_ctrl,66,104,69.46666666666667,0.45785170793533325,0.17105516712010033
UBFC_PHYS_s14_T1_ctrl,66,105,69.5,-0.08869542926549911,0.6849272843371521
UBFC_PHYS_s14_T1_ctrl,66,106,69.53333333333333,-0.7217336297035217,1.0863881100542996
UBFC_PHYS_s14_T1_ctrl,66,107,69.56666666666666,-1.2037856578826904,1.3427578011023942
UBFC_PHYS_s14_T1_ctrl,66,108,69.6,-1.203475832939148,1.4497211086061634
UBFC_PHYS_s14_T1_ctrl,66,109,69.63333333333334,-0.7016528248786926,1.4189276743659394
UBFC_PHYS_s14_T1_ctrl,66,110,69.66666666666667,-0.07390941679477692,1.2648541181284272
UBFC_PHYS_s14_T1_ctrl,66,111,69.7,0.3263266384601593,0.9986619919153679
UBFC_PHYS_s14_T1_ctrl,66,112,69.73333333333333,0.4379398822784424,0.6311548351411383
UBFC_PHYS_s14_T1_ctrl,66,113,69.76666666666667,0.31438517570495605,0.18107934489807168
UBFC_PHYS_s14_T1_ctrl,66,114,69.8,0.03449312970042229,-0.3174055434929073
UBFC_PHYS_s14_T1_ctrl,66,115,69.83333333333333,-0.19290156662464142,-0.8128597772696771
UBFC_PHYS_s14_T1_ctrl,66,116,69.86666666666666,-0.1971261352300644,-1.24170377958626
UBFC_PHYS_s14_T1_ctrl,66,117,69.9,-0.08877991884946823,-1.5388420829792417
UBFC_PHYS_s14_T1_ctrl,66,118,69.93333333333334,-0.09703191369771957,-1.6510528318607756
UBFC_PHYS_s14_T1_ctrl,66,119,69.96666666666667,-0.2533693015575409,-1.5502701947038058
UBFC_PHYS_s14_T1_ctrl,66,120,70.0,-0.409762978553772,-1.2435304470803594
UBFC_PHYS_s14_T1_ctrl,66,121,70.03333333333333,-0.4712727665901184,-0.7757468664025946
UBFC_PHYS_s14_T1_ctrl,66,122,70.06666666666666,-0.5049285292625427,-0.22189303819065287
UBFC_PHYS_s14_T1_ctrl,66,123,70.1,-0.6243712902069092,0.33135442177561925
UBFC_PHYS_s14_T1_ctrl,66,124,70.13333333333334,-0.8901814818382263,0.80829724092915
UBFC_PHYS_s14_T1_ctrl,66,125,70.16666666666667,-1.2159523963928223,1.16113251339276
UBFC_PHYS_s14_T1_ctrl,66,126,70.2,-1.3275938034057617,1.373687705199133
UBFC_PHYS_s14_T1_ctrl,66,127,70.23333333333333,-0.9836289882659912,1.4520411904802193
UBFC_PHYS_s14_T1_ctrl,66,128,70.26666666666667,-0.3021490275859833,1.40932099647044
UBFC_PHYS_s14_T1_ctrl,66,129,70.3,0.3329169750213623,1.2543915258878287
UBFC_PHYS_s14_T1_ctrl,66,130,70.33333333333333,0.7029895782470703,0.990349066454194
UBFC_PHYS_s14_T1_ctrl,66,131,70.36666666666666,0.8099839687347412,0.6219849265135967
UBFC_PHYS_s14_T1_ctrl,66,132,70.4,0.7314631938934326,0.16632701032508748
UBFC_PHYS_s14_T1_ctrl,66,133,70.43333333333334,0.6043598651885986,-0.34043679713325475
UBFC_PHYS_s14_T1_ctrl,66,134,70.46666666666667,0.5598610639572144,-0.843296312258153
UBFC_PHYS_s14_T1_ctrl,66,135,70.5,0.5859689116477966,-1.2756996310414752
UBFC_PHYS_s14_T1_ctrl,66,136,70.53333333333333,0.5749568343162537,-1.5713523095535922
UBFC_PHYS_s14_T1_ctrl,66,137,70.56666666666666,0.4917609393596649,-1.6778749681326954
UBFC_PHYS_s14_T1_ctrl,66,138,70.6,0.3438163697719574,-1.5698088016863576
UBFC_PHYS_s14_T1_ctrl,66,139,70.63333333333334,0.12608188390731812,-1.2578453559123985
UBFC_PHYS_s14_T1_ctrl,66,140,70.66666666666667,-0.1217879131436348,-0.790177539776299
UBFC_PHYS_s14_T1_ctrl,66,141,70.7,-0.35323819518089294,-0.2429185812199565
UBFC_PHYS_s14_T1_ctrl,66,142,70.73333333333333,-0.6271032094955444,0.2990279428800537
UBFC_PHYS_s14_T1_ctrl,66,143,70.76666666666667,-1.0062726736068726,0.7638361632260682
UBFC_PHYS_s14_T1_ctrl,66,144,70.8,-1.314582109451294,1.1080296512831895
UBFC_PHYS_s14_T1_ctrl,66,145,70.83333333333333,-1.2543959617614746,1.3186441086019645
UBFC_PHYS_s14_T1_ctrl,66,146,70.86666666666666,-0.7643173336982727,1.4030404100710305
UBFC_PHYS_s14_T1_ctrl,66,147,70.9,-0.10483329743146896,1.3739098186700318
UBFC_PHYS_s14_T1_ctrl,66,148,70.93333333333334,0.42591392993927,1.238605462327591
UBFC_PHYS_s14_T1_ctrl,66,149,70.96666666666667,0.6998071074485779,0.9980856630510666
UBFC_PHYS_s14_T1_ctrl,66,150,71.0,0.7055243253707886,0.6544879274294055
UBFC_PHYS_s14_T1_ctrl,66,151,71.03333333333333,0.5220088958740234,0.22165327854817482
UBFC_PHYS_s14_T1_ctrl,66,152,71.06666666666666,0.32536908984184265,-0.2676927869354984
UBFC_PHYS_s14_T1_ctrl,66,153,71.1,0.23414646089076996,-0.7616925433000381
UBFC_PHYS_s14_T1_ctrl,66,154,71.13333333333334,0.24631322920322418,-1.1960818151957306
UBFC_PHYS_s14_T1_ctrl,66,155,71.16666666666667,0.2827853858470917,-1.5055934506836062
UBFC_PHYS_s14_T1_ctrl,66,156,71.2,0.25805753469467163,-1.6372583349177265
UBFC_PHYS_s14_T1_ctrl,66,157,71.23333333333333,0.15106318891048431,-1.5630289199507734
UBFC_PHYS_s14_T1_ctrl,66,158,71.26666666666667,-0.011413900181651115,-1.2887955123576398
UBFC_PHYS_s14_T1_ctrl,66,159,71.3,-0.24103353917598724,-0.8562888671122386
UBFC_PHYS_s14_T1_ctrl,66,160,71.33333333333333,-0.5641007423400879,-0.33503070298005777
UBFC_PHYS_s14_T1_ctrl,66,161,71.36666666666666,-0.9621400237083435,0.19504729849028293
UBFC_PHYS_s14_T1_ctrl,66,162,71.4,-1.3537861108779907,0.6642090288648349
UBFC_PHYS_s14_T1_ctrl,66,163,71.43333333333334,-1.5603114366531372,1.0276606982361045
UBFC_PHYS_s14_T1_ctrl,66,164,71.46666666666667,-1.3915537595748901,1.2683590115436092
UBFC_PHYS_s14_T1_ctrl,66,165,71.5,-0.8681291937828064,1.3886216755387102
UBFC_PHYS_s14_T1_ctrl,66,166,71.53333333333333,-0.2321901023387909,1.3971393679384845
UBFC_PHYS_s14_T1_ctrl,66,167,71.56666666666666,0.2829825282096863,1.2994672982887632
UBFC_PHYS_s14_T1_ctrl,66,168,71.6,0.5933196544647217,1.0966392604482633
UBFC_PHYS_s14_T1_ctrl,66,169,71.63333333333334,0.7040035128593445,0.7910161012990001
UBFC_PHYS_s14_T1_ctrl,66,170,71.66666666666667,0.658490777015686,0.39457374120294963
UBFC_PHYS_s14_T1_ctrl,66,171,71.7,0.5376397967338562,-0.0655177704893481
UBFC_PHYS_s14_T1_ctrl,66,172,71.73333333333333,0.4666951298713684,-0.5464830387480903
UBFC_PHYS_s14_T1_ctrl,66,173,71.76666666666667,0.5104053616523743,-0.994115127661627
UBFC_PHYS_s14_T1_ctrl,66,174,71.8,0.5503979921340942,-1.3498881722379388
UBFC_PHYS_s14_T1_ctrl,66,175,71.83333333333333,0.44768455624580383,-1.5599431156704222
UBFC_PHYS_s14_T1_ctrl,66,176,71.86666666666666,0.23468157649040222,-1.5854056204491336
UBFC_PHYS_s14_T1_ctrl,66,177,71.9,0.0147221265360713,-1.4127439025159514
UBFC_PHYS_s14_T1_ctrl,66,178,71.93333333333334,-0.21641835570335388,-1.0610283614567948
UBFC_PHYS_s14_T1_ctrl,66,179,71.96666666666667,-0.5195174217224121,-0.5819032800653134
UBFC_PHYS_s14_T1_ctrl,66,180,72.0,-0.8934766054153442,-0.049704341616599826
UBFC_PHYS_s14_T1_ctrl,66,181,72.03333333333333,-1.2870659828186035,0.4564818981110283
UBFC_PHYS_s14_T1_ctrl,66,182,72.06666666666666,-1.541300892829895,0.8720920924747956
UBFC_PHYS_s14_T1_ctrl,66,183,72.1,-1.393497109413147,1.1594116135096821
UBFC_PHYS_s14_T1_ctrl,66,184,72.13333333333334,-0.7881439328193665,1.308520024648778
UBFC_PHYS_s14_T1_ctrl,66,185,72.16666666666667,-0.04292921721935272,1.328785692100561
UBFC_PHYS_s14_T1_ctrl,66,186,72.2,0.5194741487503052,1.2372077155467514
UBFC_PHYS_s14_T1_ctrl,66,187,72.23333333333333,0.856510579586029,1.0500772297099321
UBFC_PHYS_s14_T1_ctrl,66,188,72.26666666666667,1.0054408311843872,0.7809834049353256
UBFC_PHYS_s14_T1_ctrl,66,189,72.3,0.941255509853363,0.4439423327762301
UBFC_PHYS_s14_T1_ctrl,66,190,72.33333333333333,0.7486149668693542,0.05816226013167041
UBFC_PHYS_s14_T1_ctrl,66,191,72.36666666666666,0.61616051197052,-0.34874424005917537
UBFC_PHYS_s14_T1_ctrl,66,192,72.4,0.6270317435264587,-0.7405422396830872
UBFC_PHYS_s14_T1_ctrl,66,193,72.43333333333334,0.6707138419151306,-1.075062594423823
UBFC_PHYS_s14_T1_ctrl,66,194,72.46666666666667,0.6333404779434204,-1.3093351310617696
UBFC_PHYS_s14_T1_ctrl,66,195,72.5,0.5293596386909485,-1.4067700079737042
UBFC_PHYS_s14_T1_ctrl,66,196,72.53333333333333,0.3879772424697876,-1.3454633978240742
UBFC_PHYS_s14_T1_ctrl,66,197,72.56666666666666,0.18390220403671265,-1.1257077515558562
UBFC_PHYS_s14_T1_ctrl,66,198,72.6,-0.06909340620040894,-0.7740400037815678
UBFC_PHYS_s14_T1_ctrl,66,199,72.63333333333334,-0.33684685826301575,-0.34114812761925795
UBFC_PHYS_s14_T1_ctrl,66,200,72.66666666666667,-0.6405655145645142,0.10780470412833151
UBFC_PHYS_s14_T1_ctrl,66,201,72.7,-0.9320047497749329,0.5086779300417307
UBFC_PHYS_s14_T1_ctrl,66,202,72.73333333333333,-1.0593615770339966,0.8137636491957417
UBFC_PHYS_s14_T1_ctrl,66,203,72.76666666666667,-0.9953169822692871,1.0000511157138106
UBFC_PHYS_s14_T1_ctrl,66,204,72.8,-0.8389796018600464,1.067430118644763
UBFC_PHYS_s14_T1_ctrl,66,205,72.83333333333333,-0.5563556551933289,1.0299249167604418
UBFC_PHYS_s14_T1_ctrl,66,206,72.86666666666666,-0.10421369224786758,0.9061104445244271
UBFC_PHYS_s14_T1_ctrl,66,207,72.9,0.3213416635990143,0.7136318632987644
UBFC_PHYS_s14_T1_ctrl,66,208,72.93333333333334,0.4992524981498718,0.4689032201225469
UBFC_PHYS_s14_T1_ctrl,66,209,72.96666666666667,0.4660192131996155,0.1897164941379062
UBFC_PHYS_s14_T1_ctrl,66,210,73.0,0.3810771107673645,-0.10219667536392558
UBFC_PHYS_s14_T1_ctrl,66,211,73.03333333333333,0.32979080080986023,-0.38038457647321855
UBFC_PHYS_s14_T1_ctrl,66,212,73.06666666666666,0.33235371112823486,-0.6150805389617061
UBFC_PHYS_s14_T1_ctrl,66,213,73.1,0.37811991572380066,-0.7764444978775844
UBFC_PHYS_s14_T1_ctrl,66,214,73.13333333333334,0.39932727813720703,-0.8390216015568439
UBFC_PHYS_s14_T1_ctrl,66,215,73.16666666666667,0.30658382177352905,-0.7868424584437614
UBFC_PHYS_s14_T1_ctrl,66,216,73.2,0.09363715350627899,-0.6185908514923814
UBFC_PHYS_s14_T1_ctrl,66,217,73.23333333333333,-0.13843274116516113,-0.35162792070243337
UBFC_PHYS_s14_T1_ctrl,66,218,73.26666666666667,-0.3283695578575134,-0.022555699663292978
UBFC_PHYS_s14_T1_ctrl,66,219,73.3,-0.5723245739936829,0.3179802862719258
UBFC_PHYS_s14_T1_ctrl,66,220,73.33333333333333,-0.9481144547462463,0.6162676506277468
UBFC_PHYS_s14_T1_ctrl,66,221,73.36666666666666,-1.3255659341812134,0.828822998853038
UBFC_PHYS_s14_T1_ctrl,66,222,73.4,-1.4326167106628418,0.9322885965533384
UBFC_PHYS_s14_T1_ctrl,66,223,73.43333333333334,-1.0956083536148071,0.9254800383106183
UBFC_PHYS_s14_T1_ctrl,66,224,73.46666666666667,-0.43305447697639465,0.8238314289113959
UBFC_PHYS_s14_T1_ctrl,66,225,73.5,0.21547384560108185,0.6506901246393637
UBFC_PHYS_s14_T1_ctrl,66,226,73.53333333333333,0.5942490696907043,0.43016589182725484
UBFC_PHYS_s14_T1_ctrl,66,227,73.56666666666666,0.6993846297264099,0.1836186278588873
UBFC_PHYS_s14_T1_ctrl,66,228,73.6,0.6048949956893921,-0.07073538335996891
UBFC_PHYS_s14_T1_ctrl,66,229,73.63333333333334,0.42354816198349,-0.31687759548875444
UBFC_PHYS_s14_T1_ctrl,66,230,73.66666666666667,0.30940020084381104,-0.5403493476331951
UBFC_PHYS_s14_T1_ctrl,66,231,73.7,0.3237074017524719,-0.7284689195116657
UBFC_PHYS_s14_T1_ctrl,66,232,73.73333333333333,0.39769378304481506,-0.8707340385428984
UBFC_PHYS_s14_T1_ctrl,66,233,73.76666666666667,0.45109236240386963,-0.9585403429675686
UBFC_PHYS_s14_T1_ctrl,66,234,73.8,0.4319409728050232,-0.984454001968555
UBFC_PHYS_s14_T1_ctrl,66,235,73.83333333333333,0.30869609117507935,-0.9423622541092705
UBFC_PHYS_s14_T1_ctrl,66,236,73.86666666666666,0.10656435042619705,-0.8294988055486513
UBFC_PHYS_s14_T1_ctrl,66,237,73.9,-0.11843641847372055,-0.6497475038199302
UBFC_PHYS_s14_T1_ctrl,66,238,73.93333333333334,-0.3635743260383606,-0.41608976803976766
UBFC_PHYS_s14_T1_ctrl,66,239,73.96666666666667,-0.6669268608093262,-0.15022945065060486
UBFC_PHYS_s14_T1_ctrl,67,0,67.0,-0.07221958786249161,-0.045983568982682535
UBFC_PHYS_s14_T1_ctrl,67,1,67.03333333333333,-0.41317081451416016,0.2197678107708805
UBFC_PHYS_s14_T1_ctrl,67,2,67.06666666666666,-0.8577085733413696,0.4810560645619197
UBFC_PHYS_s14_T1_ctrl,67,3,67.1,-1.330212950706482,0.7274017096031474
UBFC_PHYS_s14_T1_ctrl,67,4,67.13333333333334,-1.568563461303711,0.9402550459035455
UBFC_PHYS_s14_T1_ctrl,67,5,67.16666666666667,-1.2653799057006836,1.09484146165734
UBFC_PHYS_s14_T1_ctrl,67,6,67.2,-0.48521387577056885,1.1655353429893207
UBFC_PHYS_s14_T1_ctrl,67,7,67.23333333333333,0.32525643706321716,1.1328261581295436
UBFC_PHYS_s14_T1_ctrl,67,8,67.26666666666667,0.8273047208786011,0.9893736558944942
UBFC_PHYS_s14_T1_ctrl,67,9,67.3,0.9923728704452515,0.743078069304721
UBFC_PHYS_s14_T1_ctrl,67,10,67.33333333333333,0.8749297261238098,0.416626752446765
UBFC_PHYS_s14_T1_ctrl,67,11,67.36666666666666,0.5914326906204224,0.04455498243567911
UBFC_PHYS_s14_T1_ctrl,67,12,67.4,0.36722052097320557,-0.3306932296833589
UBFC_PHYS_s14_T1_ctrl,67,13,67.43333333333334,0.3267209529876709,-0.6630495960089143
UBFC_PHYS_s14_T1_ctrl,67,14,67.46666666666667,0.3660094738006592,-0.9080505640791398
UBFC_PHYS_s14_T1_ctrl,67,15,67.5,0.316441148519516,-1.0298288134722517
UBFC_PHYS_s14_T1_ctrl,67,16,67.53333333333333,0.14413487911224365,-1.0091668234754188
UBFC_PHYS_s14_T1_ctrl,67,17,67.56666666666666,-0.05301186442375183,-0.8497768234566045
UBFC_PHYS_s14_T1_ctrl,67,18,67.6,-0.263846218585968,-0.5791618373889961
UBFC_PHYS_s14_T1_ctrl,67,19,67.63333333333334,-0.5956160426139832,-0.24231692464104565
UBFC_PHYS_s14_T1_ctrl,67,20,67.66666666666667,-1.0838640928268433,0.10945381247653016
UBFC_PHYS_s14_T1_ctrl,67,21,67.7,-1.5770970582962036,0.42947021332991864
UBFC_PHYS_s14_T1_ctrl,67,22,67.73333333333333,-1.7755675315856934,0.6821068715444527
UBFC_PHYS_s14_T1_ctrl,67,23,67.76666666666667,-1.4158873558044434,0.8438670392204061
UBFC_PHYS_s14_T1_ctrl,67,24,67.8,-0.5965735912322998,0.901294011266709
UBFC_PHYS_s14_T1_ctrl,67,25,67.83333333333333,0.25053781270980835,0.8488713929424174
UBFC_PHYS_s14_T1_ctrl,67,26,67.86666666666666,0.7828340530395508,0.6888139008379377
UBFC_PHYS_s14_T1_ctrl,67,27,67.9,0.9211465716362,0.43257778575203754
UBFC_PHYS_s14_T1_ctrl,67,28,67.93333333333334,0.7412642240524292,0.10261707689313292
UBFC_PHYS_s14_T1_ctrl,67,29,67.96666666666667,0.41738027334213257,-0.2671283012358647
UBFC_PHYS_s14_T1_ctrl,67,30,68.0,0.1812548041343689,-0.6327922368135582
UBFC_PHYS_s14_T1_ctrl,67,31,68.03333333333333,0.13661514222621918,-0.9444292063464484
UBFC_PHYS_s14_T1_ctrl,67,32,68.06666666666666,0.1491762101650238,-1.1524513003302936
UBFC_PHYS_s14_T1_ctrl,67,33,68.1,0.09008851647377014,-1.216720706274958
UBFC_PHYS_s14_T1_ctrl,67,34,68.13333333333334,-0.028931796550750732,-1.1169448709430028
UBFC_PHYS_s14_T1_ctrl,67,35,68.16666666666667,-0.1957179456949234,-0.8609343749793226
UBFC_PHYS_s14_T1_ctrl,67,36,68.2,-0.479468435049057,-0.4861676910467993
UBFC_PHYS_s14_T1_ctrl,67,37,68.23333333333333,-0.9273295402526855,-0.05193524246383948
UBFC_PHYS_s14_T1_ctrl,67,38,68.26666666666667,-1.5120104551315308,0.3758533806854429
UBFC_PHYS_s14_T1_ctrl,67,39,68.3,-2.098071336746216,0.740780674969408
UBFC_PHYS_s14_T1_ctrl,67,40,68.33333333333333,-2.3744711875915527,1.0061685783086451
UBFC_PHYS_s14_T1_ctrl,67,41,68.36666666666666,-2.0695695877075195,1.156269554232695
UBFC_PHYS_s14_T1_ctrl,67,42,68.4,-1.3171168565750122,1.1902313617268947
UBFC_PHYS_s14_T1_ctrl,67,43,68.43333333333334,-0.583730936050415,1.1139857524600625
UBFC_PHYS_s14_T1_ctrl,67,44,68.46666666666667,-0.19746410846710205,0.9350164511648049
UBFC_PHYS_s14_T1_ctrl,67,45,68.5,-0.1241818442940712,0.6621754120498753
UBFC_PHYS_s14_T1_ctrl,67,46,68.53333333333333,-0.11643678694963455,0.3095403020349931
UBFC_PHYS_s14_T1_ctrl,67,47,68.56666666666666,0.03995691239833832,-0.09862663456395854
UBFC_PHYS_s14_T1_ctrl,67,48,68.6,0.3547157943248749,-0.5248921470879756
UBFC_PHYS_s14_T1_ctrl,67,49,68.63333333333334,0.6480419635772705,-0.919638475636797
UBFC_PHYS_s14_T1_ctrl,67,50,68.66666666666667,0.7315758466720581,-1.2266802705831352
UBFC_PHYS_s14_T1_ctrl,67,51,68.7,0.6054864525794983,-1.3929937918202757
UBFC_PHYS_s14_T1_ctrl,67,52,68.73333333333333,0.4563308358192444,-1.3809446522196478
UBFC_PHYS_s14_T1_ctrl,67,53,68.76666666666667,0.4213232100009918,-1.180011637615715
UBFC_PHYS_s14_T1_ctrl,67,54,68.8,0.39713048934936523,-0.813629181583967
UBFC_PHYS_s14_T1_ctrl,67,55,68.83333333333333,0.19815309345722198,-0.3370229042132654
UBFC_PHYS_s14_T1_ctrl,67,56,68.86666666666666,-0.230274960398674,0.17505457275209516
UBFC_PHYS_s14_T1_ctrl,67,57,68.9,-0.7658100128173828,0.6469818938825509
UBFC_PHYS_s14_T1_ctrl,67,58,68.93333333333334,-1.1138867139816284,1.0197546812935032
UBFC_PHYS_s14_T1_ctrl,67,59,68.96666666666667,-0.9389893412590027,1.2600085367446736
UBFC_PHYS_s14_T1_ctrl,67,60,69.0,-0.18205849826335907,1.3583935598759354
UBFC_PHYS_s14_T1_ctrl,67,61,69.03333333333333,0.8230519890785217,1.321088013385099
UBFC_PHYS_s14_T1_ctrl,67,62,69.06666666666666,1.6685017347335815,1.160706441678166
UBFC_PHYS_s14_T1_ctrl,67,63,69.1,2.2006008625030518,0.8913808576340229
UBFC_PHYS_s14_T1_ctrl,67,64,69.13333333333334,2.4262211322784424,0.5293954788180906
UBFC_PHYS_s14_T1_ctrl,67,65,69.16666666666667,2.3697245121002197,0.09757503525533157
UBFC_PHYS_s14_T1_ctrl,67,66,69.2,2.1196579933166504,-0.3699567166191213
UBFC_PHYS_s14_T1_ctrl,67,67,69.23333333333333,1.8798712491989136,-0.8258871012181854
UBFC_PHYS_s14_T1_ctrl,67,68,69.26666666666667,1.8156577348709106,-1.2126960611910482
UBFC_PHYS_s14_T1_ctrl,67,69,69.3,1.8551151752471924,-1.4708928722475447
UBFC_PHYS_s14_T1_ctrl,67,70,69.33333333333333,1.807152271270752,-1.551306199887049
UBFC_PHYS_s14_T1_ctrl,67,71,69.36666666666666,1.5978950262069702,-1.428636059391623
UBFC_PHYS_s14_T1_ctrl,67,72,69.4,1.2792214155197144,-1.111999430520812
UBFC_PHYS_s14_T1_ctrl,67,73,69.43333333333334,0.9003334641456604,-0.6476275707363539
UBFC_PHYS_s14_T1_ctrl,67,74,69.46666666666667,0.45785170793533325,-0.11034465621416185
UBFC_PHYS_s14_T1_ctrl,67,75,69.5,-0.08869542926549911,0.4151542229839458
UBFC_PHYS_s14_T1_ctrl,67,76,69.53333333333333,-0.7217336297035217,0.8562738996514686
UBFC_PHYS_s14_T1_ctrl,67,77,69.56666666666666,-1.2037856578826904,1.168020617354802
UBFC_PHYS_s14_T1_ctrl,67,78,69.6,-1.203475832939148,1.3359043668304038
UBFC_PHYS_s14_T1_ctrl,67,79,69.63333333333334,-0.7016528248786926,1.3672983070721467
UBFC_PHYS_s14_T1_ctrl,67,80,69.66666666666667,-0.07390941679477692,1.278010424337236
UBFC_PHYS_s14_T1_ctrl,67,81,69.7,0.3263266384601593,1.0820714193727865
UBFC_PHYS_s14_T1_ctrl,67,82,69.73333333333333,0.4379398822784424,0.7894831688131441
UBFC_PHYS_s14_T1_ctrl,67,83,69.76666666666667,0.31438517570495605,0.41148141367005364
UBFC_PHYS_s14_T1_ctrl,67,84,69.8,0.03449312970042229,-0.0310703757428837
UBFC_PHYS_s14_T1_ctrl,67,85,69.83333333333333,-0.19290156662464142,-0.5015583233485011
UBFC_PHYS_s14_T1_ctrl,67,86,69.86666666666666,-0.1971261352300644,-0.9474253842982475
UBFC_PHYS_s14_T1_ctrl,67,87,69.9,-0.08877991884946823,-1.3066853961231502
UBFC_PHYS_s14_T1_ctrl,67,88,69.93333333333334,-0.09703191369771957,-1.5195856410413773
UBFC_PHYS_s14_T1_ctrl,67,89,69.96666666666667,-0.2533693015575409,-1.542506742798332
UBFC_PHYS_s14_T1_ctrl,67,90,70.0,-0.409762978553772,-1.3605060242522795
UBFC_PHYS_s14_T1_ctrl,67,91,70.03333333333333,-0.4712727665901184,-0.994625291207461
UBFC_PHYS_s14_T1_ctrl,67,92,70.06666666666666,-0.5049285292625427,-0.5004794127622286
UBFC_PHYS_s14_T1_ctrl,67,93,70.1,-0.6243712902069092,0.04328132166862486
UBFC_PHYS_s14_T1_ctrl,67,94,70.13333333333334,-0.8901814818382263,0.5540566478194308
UBFC_PHYS_s14_T1_ctrl,67,95,70.16666666666667,-1.2159523963928223,0.9652727008452081
UBFC_PHYS_s14_T1_ctrl,67,96,70.2,-1.3275938034057617,1.2391189434091252
UBFC_PHYS_s14_T1_ctrl,67,97,70.23333333333333,-0.9836289882659912,1.3669934901213465
UBFC_PHYS_s14_T1_ctrl,67,98,70.26666666666667,-0.3021490275859833,1.3593753114703708
UBFC_PHYS_s14_T1_ctrl,67,99,70.3,0.3329169750213623,1.2325632803846462
UBFC_PHYS_s14_T1_ctrl,67,100,70.33333333333333,0.7029895782470703,1.0001941948101625
UBFC_PHYS_s14_T1_ctrl,67,101,70.36666666666666,0.8099839687347412,0.6732670576198422
UBFC_PHYS_s14_T1_ctrl,67,102,70.4,0.7314631938934326,0.2669315757734517
UBFC_PHYS_s14_T1_ctrl,67,103,70.43333333333334,0.6043598651885986,-0.19127229575998292
UBFC_PHYS_s14_T1_ctrl,67,104,70.46666666666667,0.5598610639572144,-0.6571640158353738
UBFC_PHYS_s14_T1_ctrl,67,105,70.5,0.5859689116477966,-1.0726574144639724
UBFC_PHYS_s14_T1_ctrl,67,106,70.53333333333333,0.5749568343162537,-1.375363092776162
UBFC_PHYS_s14_T1_ctrl,67,107,70.56666666666666,0.4917609393596649,-1.5124402488593425
UBFC_PHYS_s14_T1_ctrl,67,108,70.6,0.3438163697719574,-1.454667776777831
UBFC_PHYS_s14_T1_ctrl,67,109,70.63333333333334,0.12608188390731812,-1.2062174425067995
UBFC_PHYS_s14_T1_ctrl,67,110,70.66666666666667,-0.1217879131436348,-0.8060843491580495
UBFC_PHYS_s14_T1_ctrl,67,111,70.7,-0.35323819518089294,-0.3194073073321994
UBFC_PHYS_s14_T1_ctrl,67,112,70.73333333333333,-0.6271032094955444,0.1789908190551167
UBFC_PHYS_s14_T1_ctrl,67,113,70.76666666666667,-1.0062726736068726,0.6228173620154672
UBFC_PHYS_s14_T1_ctrl,67,114,70.8,-1.314582109451294,0.9674001221216296
UBFC_PHYS_s14_T1_ctrl,67,115,70.83333333333333,-1.2543959617614746,1.1932339304110628
UBFC_PHYS_s14_T1_ctrl,67,116,70.86666666666666,-0.7643173336982727,1.300068874330353
UBFC_PHYS_s14_T1_ctrl,67,117,70.9,-0.10483329743146896,1.2959554444750236
UBFC_PHYS_s14_T1_ctrl,67,118,70.93333333333334,0.42591392993927,1.1876792695541618
UBFC_PHYS_s14_T1_ctrl,67,119,70.96666666666667,0.6998071074485779,0.9776821470953491
UBFC_PHYS_s14_T1_ctrl,67,120,71.0,0.7055243253707886,0.6685289042877876
UBFC_PHYS_s14_T1_ctrl,67,121,71.03333333333333,0.5220088958740234,0.2716602839774839
UBFC_PHYS_s14_T1_ctrl,67,122,71.06666666666666,0.32536908984184265,-0.18495743846231708
UBFC_PHYS_s14_T1_ctrl,67,123,71.1,0.23414646089076996,-0.6547979135086844
UBFC_PHYS_s14_T1_ctrl,67,124,71.13333333333334,0.24631322920322418,-1.0778646075618918
UBFC_PHYS_s14_T1_ctrl,67,125,71.16666666666667,0.2827853858470917,-1.3913458228046909
UBFC_PHYS_s14_T1_ctrl,67,126,71.2,0.25805753469467163,-1.5427511183266929
UBFC_PHYS_s14_T1_ctrl,67,127,71.23333333333333,0.15106318891048431,-1.5022526285573905
UBFC_PHYS_s14_T1_ctrl,67,128,71.26666666666667,-0.011413900181651115,-1.2711708434572377
UBFC_PHYS_s14_T1_ctrl,67,129,71.3,-0.24103353917598724,-0.8838721515975889
UBFC_PHYS_s14_T1_ctrl,67,130,71.33333333333333,-0.5641007423400879,-0.4012566598679554
UBFC_PHYS_s14_T1_ctrl,67,131,71.36666666666666,-0.9621400237083435,0.10354156109168614
UBFC_PHYS_s14_T1_ctrl,67,132,71.4,-1.3537861108779907,0.5628738564388364
UBFC_PHYS_s14_T1_ctrl,67,133,71.43333333333334,-1.5603114366531372,0.9289067678506874
UBFC_PHYS_s14_T1_ctrl,67,134,71.46666666666667,-1.3915537595748901,1.1790087677957586
UBFC_PHYS_s14_T1_ctrl,67,135,71.5,-0.8681291937828064,1.3111379706780926
UBFC_PHYS_s14_T1_ctrl,67,136,71.53333333333333,-0.2321901023387909,1.3333315501634255
UBFC_PHYS_s14_T1_ctrl,67,137,71.56666666666666,0.2829825282096863,1.25399068459941
UBFC_PHYS_s14_T1_ctrl,67,138,71.6,0.5933196544647217,1.0780268488882818
UBFC_PHYS_s14_T1_ctrl,67,139,71.63333333333334,0.7040035128593445,0.8096518532913254
UBFC_PHYS_s14_T1_ctrl,67,140,71.66666666666667,0.658490777015686,0.45867788425757067
UBFC_PHYS_s14_T1_ctrl,67,141,71.7,0.5376397967338562,0.0458831068938746
UBFC_PHYS_s14_T1_ctrl,67,142,71.73333333333333,0.4666951298713684,-0.3953658871476286
UBFC_PHYS_s14_T1_ctrl,67,143,71.76666666666667,0.5104053616523743,-0.8214068131850657
UBFC_PHYS_s14_T1_ctrl,67,144,71.8,0.5503979921340942,-1.1832067048344845
UBFC_PHYS_s14_T1_ctrl,67,145,71.83333333333333,0.44768455624580383,-1.4327239201733728
UBFC_PHYS_s14_T1_ctrl,67,146,71.86666666666666,0.23468157649040222,-1.5302231982426102
UBFC_PHYS_s14_T1_ctrl,67,147,71.9,0.0147221265360713,-1.452251388747717
UBFC_PHYS_s14_T1_ctrl,67,148,71.93333333333334,-0.21641835570335388,-1.1990790945537908
UBFC_PHYS_s14_T1_ctrl,67,149,71.96666666666667,-0.5195174217224121,-0.7989538976820609
UBFC_PHYS_s14_T1_ctrl,67,150,72.0,-0.8934766054153442,-0.30587813277956005
UBFC_PHYS_s14_T1_ctrl,67,151,72.03333333333333,-1.2870659828186035,0.2106129382032592
UBFC_PHYS_s14_T1_ctrl,67,152,72.06666666666666,-1.541300892829895,0.6811083209516031
UBFC_PHYS_s14_T1_ctrl,67,153,72.1,-1.393497109413147,1.0513611754094387
UBFC_PHYS_s14_T1_ctrl,67,154,72.13333333333334,-0.7881439328193665,1.2907016554975175
UBFC_PHYS_s14_T1_ctrl,67,155,72.16666666666667,-0.04292921721935272,1.3913967351731107
UBFC_PHYS_s14_T1_ctrl,67,156,72.2,0.5194741487503052,1.3613579028418787
UBFC_PHYS_s14_T1_ctrl,67,157,72.23333333333333,0.856510579586029,1.2155058859445327
UBFC_PHYS_s14_T1_ctrl,67,158,72.26666666666667,1.0054408311843872,0.9703145961311129
UBFC_PHYS_s14_T1_ctrl,67,159,72.3,0.941255509853363,0.6429045955275581
UBFC_PHYS_s14_T1_ctrl,67,160,72.33333333333333,0.7486149668693542,0.25316346103256604
UBFC_PHYS_s14_T1_ctrl,67,161,72.36666666666666,0.61616051197052,-0.17358077013699863
UBFC_PHYS_s14_T1_ctrl,67,162,72.4,0.6270317435264587,-0.604838480487897
UBFC_PHYS_s14_T1_ctrl,67,163,72.43333333333334,0.6707138419151306,-1.0006002971246566
UBFC_PHYS_s14_T1_ctrl,67,164,72.46666666666667,0.6333404779434204,-1.31495849199893
UBFC_PHYS_s14_T1_ctrl,67,165,72.5,0.5293596386909485,-1.5009687418340956
UBFC_PHYS_s14_T1_ctrl,67,166,72.53333333333333,0.3879772424697876,-1.5195239835973762
UBFC_PHYS_s14_T1_ctrl,67,167,72.56666666666666,0.18390220403671265,-1.3510231738400877
UBFC_PHYS_s14_T1_ctrl,67,168,72.6,-0.06909340620040894,-1.0059916067441974
UBFC_PHYS_s14_T1_ctrl,67,169,72.63333333333334,-0.33684685826301575,-0.5291671989153314
UBFC_PHYS_s14_T1_ctrl,67,170,72.66666666666667,-0.6405655145645142,0.007377536981856218
UBFC_PHYS_s14_T1_ctrl,67,171,72.7,-0.9320047497749329,0.5217845291347668
UBFC_PHYS_s14_T1_ctrl,67,172,72.73333333333333,-1.0593615770339966,0.9437247614718847
UBFC_PHYS_s14_T1_ctrl,67,173,72.76666666666667,-0.9953169822692871,1.2295493258724615
UBFC_PHYS_s14_T1_ctrl,67,174,72.8,-0.8389796018600464,1.365353069577664
UBFC_PHYS_s14_T1_ctrl,67,175,72.83333333333333,-0.5563556551933289,1.359407638529715
UBFC_PHYS_s14_T1_ctrl,67,176,72.86666666666666,-0.10421369224786758,1.2303906678389411
UBFC_PHYS_s14_T1_ctrl,67,177,72.9,0.3213416635990143,0.9981938072653683
UBFC_PHYS_s14_T1_ctrl,67,178,72.93333333333334,0.4992524981498718,0.6808504452969746
UBFC_PHYS_s14_T1_ctrl,67,179,72.96666666666667,0.4660192131996155,0.29695409841032194
UBFC_PHYS_s14_T1_ctrl,67,180,73.0,0.3810771107673645,-0.12962322650103103
UBFC_PHYS_s14_T1_ctrl,67,181,73.03333333333333,0.32979080080986023,-0.5660574960474977
UBFC_PHYS_s14_T1_ctrl,67,182,73.06666666666666,0.33235371112823486,-0.9698375150397327
UBFC_PHYS_s14_T1_ctrl,67,183,73.1,0.37811991572380066,-1.2914862808065763
UBFC_PHYS_s14_T1_ctrl,67,184,73.13333333333334,0.39932727813720703,-1.480918156412567
UBFC_PHYS_s14_T1_ctrl,67,185,73.16666666666667,0.30658382177352905,-1.4973327866856978
UBFC_PHYS_s14_T1_ctrl,67,186,73.2,0.09363715350627899,-1.3211241984641657
UBFC_PHYS_s14_T1_ctrl,67,187,73.23333333333333,-0.13843274116516113,-0.9641076238680287
UBFC_PHYS_s14_T1_ctrl,67,188,73.26666666666667,-0.3283695578575134,-0.4730083449818593
UBFC_PHYS_s14_T1_ctrl,67,189,73.3,-0.5723245739936829,0.0776040010094258
UBFC_PHYS_s14_T1_ctrl,67,190,73.33333333333333,-0.9481144547462463,0.6024647850686876
UBFC_PHYS_s14_T1_ctrl,67,191,73.36666666666666,-1.3255659341812134,1.027043028055809
UBFC_PHYS_s14_T1_ctrl,67,192,73.4,-1.4326167106628418,1.304342382915996
UBFC_PHYS_s14_T1_ctrl,67,193,73.43333333333334,-1.0956083536148071,1.4200974095392769
UBFC_PHYS_s14_T1_ctrl,67,194,73.46666666666667,-0.43305447697639465,1.3860341768178719
UBFC_PHYS_s14_T1_ctrl,67,195,73.5,0.21547384560108185,1.2272410951002553
UBFC_PHYS_s14_T1_ctrl,67,196,73.53333333333333,0.5942490696907043,0.9711168404085394
UBFC_PHYS_s14_T1_ctrl,67,197,73.56666666666666,0.6993846297264099,0.6422731591880133
UBFC_PHYS_s14_T1_ctrl,67,198,73.6,0.6048949956893921,0.26342250975363835
UBFC_PHYS_s14_T1_ctrl,67,199,73.63333333333334,0.42354816198349,-0.14058500451532105
UBFC_PHYS_s14_T1_ctrl,67,200,73.66666666666667,0.30940020084381104,-0.5387766114308392
UBFC_PHYS_s14_T1_ctrl,67,201,73.7,0.3237074017524719,-0.8923478197537145
UBFC_PHYS_s14_T1_ctrl,67,202,73.73333333333333,0.39769378304481506,-1.1566391365660105
UBFC_PHYS_s14_T1_ctrl,67,203,73.76666666666667,0.45109236240386963,-1.2875523811727068
UBFC_PHYS_s14_T1_ctrl,67,204,73.8,0.4319409728050232,-1.2519647120980213
UBFC_PHYS_s14_T1_ctrl,67,205,73.83333333333333,0.30869609117507935,-1.0397446465660247
UBFC_PHYS_s14_T1_ctrl,67,206,73.86666666666666,0.10656435042619705,-0.6728956945874113
UBFC_PHYS_s14_T1_ctrl,67,207,73.9,-0.11843641847372055,-0.2066295650105287
UBFC_PHYS_s14_T1_ctrl,67,208,73.93333333333334,-0.3635743260383606,0.28081180260034355
UBFC_PHYS_s14_T1_ctrl,67,209,73.96666666666667,-0.6669268608093262,0.7077675568287439
UBFC_PHYS_s14_T1_ctrl,67,210,74.0,-0.9948663711547852,1.0105282928489203
UBFC_PHYS_s14_T1_ctrl,67,211,74.03333333333333,-1.140586018562317,1.1568492225394897
UBFC_PHYS_s14_T1_ctrl,67,212,74.06666666666666,-0.8877311944961548,1.1465602190934827
UBFC_PHYS_s14_T1_ctrl,67,213,74.1,-0.28877121210098267,1.0016199004524127
UBFC_PHYS_s14_T1_ctrl,67,214,74.13333333333334,0.3312271535396576,0.7526956418456412
UBFC_PHYS_s14_T1_ctrl,67,215,74.16666666666667,0.7074958086013794,0.4292837379319327
UBFC_PHYS_s14_T1_ctrl,67,216,74.2,0.8101247549057007,0.056619534566906375
UBFC_PHYS_s14_T1_ctrl,67,217,74.23333333333333,0.7098052501678467,-0.34176205000409154
UBFC_PHYS_s14_T1_ctrl,67,218,74.26666666666667,0.5070257186889648,-0.7392715762405087
UBFC_PHYS_s14_T1_ctrl,67,219,74.3,0.35395535826683044,-1.1027519657646048
UBFC_PHYS_s14_T1_ctrl,67,220,74.33333333333333,0.30587971210479736,-1.392420551990282
UBFC_PHYS_s14_T1_ctrl,67,221,74.36666666666666,0.2711537182331085,-1.5660585190530099
UBFC_PHYS_s14_T1_ctrl,67,222,74.4,0.16993294656276703,-1.5870694518212165
UBFC_PHYS_s14_T1_ctrl,67,223,74.43333333333334,-0.0029929170850664377,-1.434897276573577
UBFC_PHYS_s14_T1_ctrl,67,224,74.46666666666667,-0.21453137695789337,-1.1149471085622609
UBFC_PHYS_s14_T1_ctrl,67,225,74.5,-0.4220142662525177,-0.6639262168516743
UBFC_PHYS_s14_T1_ctrl,67,226,74.53333333333333,-0.6251880526542664,-0.14649864385145644
UBFC_PHYS_s14_T1_ctrl,67,227,74.56666666666666,-0.892857015132904,0.35811174410056984
UBFC_PHYS_s14_T1_ctrl,67,228,74.6,-1.240229606628418,0.775728584330526
UBFC_PHYS_s14_T1_ctrl,67,229,74.63333333333334,-1.5355836153030396,1.055347730344155
UBFC_PHYS_s14_T1_ctrl,67,230,74.66666666666667,-1.541807770729065,1.178925902658953
UBFC_PHYS_s14_T1_ctrl,67,231,74.7,-1.122617483139038,1.1604575906345913
UBFC_PHYS_s14_T1_ctrl,67,232,74.73333333333333,-0.4359835088253021,1.0367833196545766
UBFC_PHYS_s14_T1_ctrl,67,233,74.76666666666667,0.19178807735443115,0.8551175457869011
UBFC_PHYS_s14_T1_ctrl,67,234,74.8,0.5655219554901123,0.6617176950990327
UBFC_PHYS_s14_T1_ctrl,67,235,74.83333333333333,0.6780645847320557,0.4937722873046806
UBFC_PHYS_s14_T1_ctrl,67,236,74.86666666666666,0.5938547849655151,0.3745103920587632
UBFC_PHYS_s14_T1_ctrl,67,237,74.9,0.4236608147621155,0.3108466369976263
UBFC_PHYS_s14_T1_ctrl,67,238,74.93333333333334,0.2848694920539856,0.2934513466531453
UBFC_PHYS_s14_T1_ctrl,67,239,74.96666666666667,0.22983738780021667,0.2998059665297919
UBFC_PHYS_s14_T1_ctrl,68,0,68.0,0.1812548041343689,0.10097261111371876
UBFC_PHYS_s14_T1_ctrl,68,1,68.03333333333333,0.13661514222621918,-0.0994933930160154
UBFC_PHYS_s14_T1_ctrl,68,2,68.06666666666666,0.1491762101650238,-0.2560805768461201
UBFC_PHYS_s14_T1_ctrl,68,3,68.1,0.09008851647377014,-0.33552002783824825
UBFC_PHYS_s14_T1_ctrl,68,4,68.13333333333334,-0.028931796550750732,-0.3247673843673551
UBFC_PHYS_s14_T1_ctrl,68,5,68.16666666666667,-0.1957179456949234,-0.23241214600767474
UBFC_PHYS_s14_T1_ctrl,68,6,68.2,-0.479468435049057,-0.08225329520096065
UBFC_PHYS_s14_T1_ctrl,68,7,68.23333333333333,-0.9273295402526855,0.09833688112915047
UBFC_PHYS_s14_T1_ctrl,68,8,68.26666666666667,-1.5120104551315308,0.2889616756579177
UBFC_PHYS_s14_T1_ctrl,68,9,68.3,-2.098071336746216,0.47928973949795234
UBFC_PHYS_s14_T1_ctrl,68,10,68.33333333333333,-2.3744711875915527,0.663250485255818
UBFC_PHYS_s14_T1_ctrl,68,11,68.36666666666666,-2.0695695877075195,0.8290542549864086
UBFC_PHYS_s14_T1_ctrl,68,12,68.4,-1.3171168565750122,0.9523738958299863
UBFC_PHYS_s14_T1_ctrl,68,13,68.43333333333334,-0.583730936050415,0.9979975539838432
UBFC_PHYS_s14_T1_ctrl,68,14,68.46666666666667,-0.19746410846710205,0.9303563840491285
UBFC_PHYS_s14_T1_ctrl,68,15,68.5,-0.1241818442940712,0.7283964276588124
UBFC_PHYS_s14_T1_ctrl,68,16,68.53333333333333,-0.11643678694963455,0.39786397413945424
UBFC_PHYS_s14_T1_ctrl,68,17,68.56666666666666,0.03995691239833832,-0.024734809064835717
UBFC_PHYS_s14_T1_ctrl,68,18,68.6,0.3547157943248749,-0.47826766315082414
UBFC_PHYS_s14_T1_ctrl,68,19,68.63333333333334,0.6480419635772705,-0.8906741871751288
UBFC_PHYS_s14_T1_ctrl,68,20,68.66666666666667,0.7315758466720581,-1.1953662383255133
UBFC_PHYS_s14_T1_ctrl,68,21,68.7,0.6054864525794983,-1.345546927335818
UBFC_PHYS_s14_T1_ctrl,68,22,68.73333333333333,0.4563308358192444,-1.323225103882178
UBFC_PHYS_s14_T1_ctrl,68,23,68.76666666666667,0.4213232100009918,-1.1413712009929289
UBFC_PHYS_s14_T1_ctrl,68,24,68.8,0.39713048934936523,-0.8387875269006732
UBFC_PHYS_s14_T1_ctrl,68,25,68.83333333333333,0.19815309345722198,-0.4686853889784964
UBFC_PHYS_s14_T1_ctrl,68,26,68.86666666666666,-0.230274960398674,-0.08427154848331339
UBFC_PHYS_s14_T1_ctrl,68,27,68.9,-0.7658100128173828,0.27341604616239096
UBFC_PHYS_s14_T1_ctrl,68,28,68.93333333333334,-1.1138867139816284,0.5804469398711051
UBFC_PHYS_s14_T1_ctrl,68,29,68.96666666666667,-0.9389893412590027,0.8259413332369407
UBFC_PHYS_s14_T1_ctrl,68,30,69.0,-0.18205849826335907,1.0022244576259338
UBFC_PHYS_s14_T1_ctrl,68,31,69.03333333333333,0.8230519890785217,1.0959189409704917
UBFC_PHYS_s14_T1_ctrl,68,32,69.06666666666666,1.6685017347335815,1.0861260706048044
UBFC_PHYS_s14_T1_ctrl,68,33,69.1,2.2006008625030518,0.9516175146608066
UBFC_PHYS_s14_T1_ctrl,68,34,69.13333333333334,2.4262211322784424,0.6836572793099447
UBFC_PHYS_s14_T1_ctrl,68,35,69.16666666666667,2.3697245121002197,0.2977460254636893
UBFC_PHYS_s14_T1_ctrl,68,36,69.2,2.1196579933166504,-0.16196185655311418
UBFC_PHYS_s14_T1_ctrl,68,37,69.23333333333333,1.8798712491989136,-0.6282620705356232
UBFC_PHYS_s14_T1_ctrl,68,38,69.26666666666667,1.8156577348709106,-1.024779448686935
UBFC_PHYS_s14_T1_ctrl,68,39,69.3,1.8551151752471924,-1.283358817930577
UBFC_PHYS_s14_T1_ctrl,68,40,69.33333333333333,1.807152271270752,-1.3597459302403712
UBFC_PHYS_s14_T1_ctrl,68,41,69.36666666666666,1.5978950262069702,-1.2436123542227753
UBFC_PHYS_s14_T1_ctrl,68,42,69.4,1.2792214155197144,-0.9605963459096764
UBFC_PHYS_s14_T1_ctrl,68,43,69.43333333333334,0.9003334641456604,-0.5655257158312115
UBFC_PHYS_s14_T1_ctrl,68,44,69.46666666666667,0.45785170793533325,-0.12777344568142884
UBFC_PHYS_s14_T1_ctrl,68,45,69.5,-0.08869542926549911,0.2874419480092243
UBFC_PHYS_s14_T1_ctrl,68,46,69.53333333333333,-0.7217336297035217,0.6348010073373066
UBFC_PHYS_s14_T1_ctrl,68,47,69.56666666666666,-1.2037856578826904,0.8945848986990026
UBFC_PHYS_s14_T1_ctrl,68,48,69.6,-1.203475832939148,1.0662680339427386
UBFC_PHYS_s14_T1_ctrl,68,49,69.63333333333334,-0.7016528248786926,1.1547893570996715
UBFC_PHYS_s14_T1_ctrl,68,50,69.66666666666667,-0.07390941679477692,1.1581469474465762
UBFC_PHYS_s14_T1_ctrl,68,51,69.7,0.3263266384601593,1.0637483956430298
UBFC_PHYS_s14_T1_ctrl,68,52,69.73333333333333,0.4379398822784424,0.8556356182211515
UBFC_PHYS_s14_T1_ctrl,68,53,69.76666666666667,0.31438517570495605,0.5285300267017834
UBFC_PHYS_s14_T1_ctrl,68,54,69.8,0.03449312970042229,0.10105433371043396
UBFC_PHYS_s14_T1_ctrl,68,55,69.83333333333333,-0.19290156662464142,-0.37896104962318006
UBFC_PHYS_s14_T1_ctrl,68,56,69.86666666666666,-0.1971261352300644,-0.8401971790567109
UBFC_PHYS_s14_T1_ctrl,68,57,69.9,-0.08877991884946823,-1.202913997999033
UBFC_PHYS_s14_T1_ctrl,68,58,69.93333333333334,-0.09703191369771957,-1.3985586282317723
UBFC_PHYS_s14_T1_ctrl,68,59,69.96666666666667,-0.2533693015575409,-1.3880424444325938
UBFC_PHYS_s14_T1_ctrl,68,60,70.0,-0.409762978553772,-1.1731907955374732
UBFC_PHYS_s14_T1_ctrl,68,61,70.03333333333333,-0.4712727665901184,-0.7973606554545567
UBFC_PHYS_s14_T1_ctrl,68,62,70.06666666666666,-0.5049285292625427,-0.33391528241659807
UBFC_PHYS_s14_T1_ctrl,68,63,70.1,-0.6243712902069092,0.134608464528348
UBFC_PHYS_s14_T1_ctrl,68,64,70.13333333333334,-0.8901814818382263,0.5392315238976699
UBFC_PHYS_s14_T1_ctrl,68,65,70.16666666666667,-1.2159523963928223,0.8399766577648247
UBFC_PHYS_s14_T1_ctrl,68,66,70.2,-1.3275938034057617,1.028086789916403
UBFC_PHYS_s14_T1_ctrl,68,67,70.23333333333333,-0.9836289882659912,1.11560350729847
UBFC_PHYS_s14_T1_ctrl,68,68,70.26666666666667,-0.3021490275859833,1.118921604600163
UBFC_PHYS_s14_T1_ctrl,68,69,70.3,0.3329169750213623,1.0453406760216983
UBFC_PHYS_s14_T1_ctrl,68,70,70.33333333333333,0.7029895782470703,0.8892975889202192
UBFC_PHYS_s14_T1_ctrl,68,71,70.36666666666666,0.8099839687347412,0.6394894898795878
UBFC_PHYS_s14_T1_ctrl,68,72,70.4,0.7314631938934326,0.2925251713480734
UBFC_PHYS_s14_T1_ctrl,68,73,70.43333333333334,0.6043598651885986,-0.13414804632730776
UBFC_PHYS_s14_T1_ctrl,68,74,70.46666666666667,0.5598610639572144,-0.5963731198282758
UBFC_PHYS_s14_T1_ctrl,68,75,70.5,0.5859689116477966,-1.0273912622566894
UBFC_PHYS_s14_T1_ctrl,68,76,70.53333333333333,0.5749568343162537,-1.3511211856936551
UBFC_PHYS_s14_T1_ctrl,68,77,70.56666666666666,0.4917609393596649,-1.5009655809783908
UBFC_PHYS_s14_T1_ctrl,68,78,70.6,0.3438163697719574,-1.4388553534167494
UBFC_PHYS_s14_T1_ctrl,68,79,70.63333333333334,0.12608188390731812,-1.168570964785154
UBFC_PHYS_s14_T1_ctrl,68,80,70.66666666666667,-0.1217879131436348,-0.7378810503901342
UBFC_PHYS_s14_T1_ctrl,68,81,70.7,-0.35323819518089294,-0.2269018809947473
UBFC_PHYS_s14_T1_ctrl,68,82,70.73333333333333,-0.6271032094955444,0.27450059599035276
UBFC_PHYS_s14_T1_ctrl,68,83,70.76666666666667,-1.0062726736068726,0.6920093870898842
UBFC_PHYS_s14_T1_ctrl,68,84,70.8,-1.314582109451294,0.9845269887690854
UBFC_PHYS_s14_T1_ctrl,68,85,70.83333333333333,-1.2543959617614746,1.147054254077723
UBFC_PHYS_s14_T1_ctrl,68,86,70.86666666666666,-0.7643173336982727,1.1989888062096203
UBFC_PHYS_s14_T1_ctrl,68,87,70.9,-0.10483329743146896,1.1652614940595218
UBFC_PHYS_s14_T1_ctrl,68,88,70.93333333333334,0.42591392993927,1.0604431211653775
UBFC_PHYS_s14_T1_ctrl,68,89,70.96666666666667,0.6998071074485779,0.8832890579825259
UBFC_PHYS_s14_T1_ctrl,68,90,71.0,0.7055243253707886,0.6231822081304527
UBFC_PHYS_s14_T1_ctrl,68,91,71.03333333333333,0.5220088958740234,0.2740735312758677
UBFC_PHYS_s14_T1_ctrl,68,92,71.06666666666666,0.32536908984184265,-0.1513346088159038
UBFC_PHYS_s14_T1_ctrl,68,93,71.1,0.23414646089076996,-0.6137839550704515
UBFC_PHYS_s14_T1_ctrl,68,94,71.13333333333334,0.24631322920322418,-1.049696006278482
UBFC_PHYS_s14_T1_ctrl,68,95,71.16666666666667,0.2827853858470917,-1.3834012493154977
UBFC_PHYS_s14_T1_ctrl,68,96,71.2,0.25805753469467163,-1.5461117923012202
UBFC_PHYS_s14_T1_ctrl,68,97,71.23333333333333,0.15106318891048431,-1.4961297878108029
UBFC_PHYS_s14_T1_ctrl,68,98,71.26666666666667,-0.011413900181651115,-1.2336737519805154
UBFC_PHYS_s14_T1_ctrl,68,99,71.3,-0.24103353917598724,-0.8042833865616511
UBFC_PHYS_s14_T1_ctrl,68,100,71.33333333333333,-0.5641007423400879,-0.2876924435436006
UBFC_PHYS_s14_T1_ctrl,68,101,71.36666666666666,-0.9621400237083435,0.22537091062953848
UBFC_PHYS_s14_T1_ctrl,68,102,71.4,-1.3537861108779907,0.6595627294825085
UBFC_PHYS_s14_T1_ctrl,68,103,71.43333333333334,-1.5603114366531372,0.9730198841352706
UBFC_PHYS_s14_T1_ctrl,68,104,71.46666666666667,-1.3915537595748901,1.1599920957654692
UBFC_PHYS_s14_T1_ctrl,68,105,71.5,-0.8681291937828064,1.2389615090853587
UBFC_PHYS_s14_T1_ctrl,68,106,71.53333333333333,-0.2321901023387909,1.2339089265839094
UBFC_PHYS_s14_T1_ctrl,68,107,71.56666666666666,0.2829825282096863,1.1585466086906924
UBFC_PHYS_s14_T1_ctrl,68,108,71.6,0.5933196544647217,1.0105793426897602
UBFC_PHYS_s14_T1_ctrl,68,109,71.63333333333334,0.7040035128593445,0.7773793328787106
UBFC_PHYS_s14_T1_ctrl,68,110,71.66666666666667,0.658490777015686,0.4489636397714259
UBFC_PHYS_s14_T1_ctrl,68,111,71.7,0.5376397967338562,0.03151395446691127
UBFC_PHYS_s14_T1_ctrl,68,112,71.73333333333333,0.4666951298713684,-0.4442984362643559
UBFC_PHYS_s14_T1_ctrl,68,113,71.76666666666667,0.5104053616523743,-0.9229949416761764
UBFC_PHYS_s14_T1_ctrl,68,114,71.8,0.5503979921340942,-1.3321902803454102
UBFC_PHYS_s14_T1_ctrl,68,115,71.83333333333333,0.44768455624580383,-1.597165584587441
UBFC_PHYS_s14_T1_ctrl,68,116,71.86666666666666,0.23468157649040222,-1.659141032781626
UBFC_PHYS_s14_T1_ctrl,68,117,71.9,0.0147221265360713,-1.4927570881118737
UBFC_PHYS_s14_T1_ctrl,68,118,71.93333333333334,-0.21641835570335388,-1.1170203263444045
UBFC_PHYS_s14_T1_ctrl,68,119,71.96666666666667,-0.5195174217224121,-0.5943770866954725
UBFC_PHYS_s14_T1_ctrl,68,120,72.0,-0.8934766054153442,-0.015863115960516642
UBFC_PHYS_s14_T1_ctrl,68,121,72.03333333333333,-1.2870659828186035,0.5238439957455365
UBFC_PHYS_s14_T1_ctrl,68,122,72.06666666666666,-1.541300892829895,0.9517511807695053
UBFC_PHYS_s14_T1_ctrl,68,123,72.1,-1.393497109413147,1.2313629783114672
UBFC_PHYS_s14_T1_ctrl,68,124,72.13333333333334,-0.7881439328193665,1.3618225604213807
UBFC_PHYS_s14_T1_ctrl,68,125,72.16666666666667,-0.04292921721935272,1.3646311251987429
UBFC_PHYS_s14_T1_ctrl,68,126,72.2,0.5194741487503052,1.2664439360861495
UBFC_PHYS_s14_T1_ctrl,68,127,72.23333333333333,0.856510579586029,1.0864479217335035
UBFC_PHYS_s14_T1_ctrl,68,128,72.26666666666667,1.0054408311843872,0.8328294766651813
UBFC_PHYS_s14_T1_ctrl,68,129,72.3,0.941255509853363,0.5077785874645644
UBFC_PHYS_s14_T1_ctrl,68,130,72.33333333333333,0.7486149668693542,0.11707084556308496
UBFC_PHYS_s14_T1_ctrl,68,131,72.36666666666666,0.61616051197052,-0.32063255405223473
UBFC_PHYS_s14_T1_ctrl,68,132,72.4,0.6270317435264587,-0.7686348674148915
UBFC_PHYS_s14_T1_ctrl,68,133,72.43333333333334,0.6707138419151306,-1.1733315572382492
UBFC_PHYS_s14_T1_ctrl,68,134,72.46666666666667,0.6333404779434204,-1.4720830626226271
UBFC_PHYS_s14_T1_ctrl,68,135,72.5,0.5293596386909485,-1.6066430928667803
UBFC_PHYS_s14_T1_ctrl,68,136,72.53333333333333,0.3879772424697876,-1.5390746291292294
UBFC_PHYS_s14_T1_ctrl,68,137,72.56666666666666,0.18390220403671265,-1.2654481748595645
UBFC_PHYS_s14_T1_ctrl,68,138,72.6,-0.06909340620040894,-0.8220846352344484
UBFC_PHYS_s14_T1_ctrl,68,139,72.63333333333334,-0.33684685826301575,-0.2804066563414782
UBFC_PHYS_s14_T1_ctrl,68,140,72.66666666666667,-0.6405655145645142,0.27007209441955465
UBFC_PHYS_s14_T1_ctrl,68,141,72.7,-0.9320047497749329,0.7457917630056002
UBFC_PHYS_s14_T1_ctrl,68,142,72.73333333333333,-1.0593615770339966,1.0905085805892514
UBFC_PHYS_s14_T1_ctrl,68,143,72.76666666666667,-0.9953169822692871,1.2843579732673367
UBFC_PHYS_s14_T1_ctrl,68,144,72.8,-0.8389796018600464,1.3378578128895282
UBFC_PHYS_s14_T1_ctrl,68,145,72.83333333333333,-0.5563556551933289,1.2764384800803983
UBFC_PHYS_s14_T1_ctrl,68,146,72.86666666666666,-0.10421369224786758,1.1246941115410514
UBFC_PHYS_s14_T1_ctrl,68,147,72.9,0.3213416635990143,0.897628366040297
UBFC_PHYS_s14_T1_ctrl,68,148,72.93333333333334,0.4992524981498718,0.6013812730564929
UBFC_PHYS_s14_T1_ctrl,68,149,72.96666666666667,0.4660192131996155,0.24117788525255676
UBFC_PHYS_s14_T1_ctrl,68,150,73.0,0.3810771107673645,-0.1684531413935202
UBFC_PHYS_s14_T1_ctrl,68,151,73.03333333333333,0.32979080080986023,-0.5963199538625346
UBFC_PHYS_s14_T1_ctrl,68,152,73.06666666666666,0.33235371112823486,-0.9935486140231112
UBFC_PHYS_s14_T1_ctrl,68,153,73.1,0.37811991572380066,-1.3000336729370265
UBFC_PHYS_s14_T1_ctrl,68,154,73.13333333333334,0.39932727813720703,-1.4572657737678159
UBFC_PHYS_s14_T1_ctrl,68,155,73.16666666666667,0.30658382177352905,-1.424439909029557
UBFC_PHYS_s14_T1_ctrl,68,156,73.2,0.09363715350627899,-1.1930068949067578
UBFC_PHYS_s14_T1_ctrl,68,157,73.23333333333333,-0.13843274116516113,-0.7940623678077673
UBFC_PHYS_s14_T1_ctrl,68,158,73.26666666666667,-0.3283695578575134,-0.29418541346832894
UBFC_PHYS_s14_T1_ctrl,68,159,73.3,-0.5723245739936829,0.22078689076755617
UBFC_PHYS_s14_T1_ctrl,68,160,73.33333333333333,-0.9481144547462463,0.6689695925703609
UBFC_PHYS_s14_T1_ctrl,68,161,73.36666666666666,-1.3255659341812134,0.9934844637146342
UBFC_PHYS_s14_T1_ctrl,68,162,73.4,-1.4326167106628418,1.172696102123705
UBFC_PHYS_s14_T1_ctrl,68,163,73.43333333333334,-1.0956083536148071,1.216128344957055
UBFC_PHYS_s14_T1_ctrl,68,164,73.46666666666667,-0.43305447697639465,1.1497789240196812
UBFC_PHYS_s14_T1_ctrl,68,165,73.5,0.21547384560108185,0.9994561487610409
UBFC_PHYS_s14_T1_ctrl,68,166,73.53333333333333,0.5942490696907043,0.780410753626499
UBFC_PHYS_s14_T1_ctrl,68,167,73.56666666666666,0.6993846297264099,0.49708137040088696
UBFC_PHYS_s14_T1_ctrl,68,168,73.6,0.6048949956893921,0.15142872264913565
UBFC_PHYS_s14_T1_ctrl,68,169,73.63333333333334,0.42354816198349,-0.2452853513091076
UBFC_PHYS_s14_T1_ctrl,68,170,73.66666666666667,0.30940020084381104,-0.6631859539367758
UBFC_PHYS_s14_T1_ctrl,68,171,73.7,0.3237074017524719,-1.0514091743605187
UBFC_PHYS_s14_T1_ctrl,68,172,73.73333333333333,0.39769378304481506,-1.3446990587860506
UBFC_PHYS_s14_T1_ctrl,68,173,73.76666666666667,0.45109236240386963,-1.4781590833890943
UBFC_PHYS_s14_T1_ctrl,68,174,73.8,0.4319409728050232,-1.4063952837393325
UBFC_PHYS_s14_T1_ctrl,68,175,73.83333333333333,0.30869609117507935,-1.1209570729274887
UBFC_PHYS_s14_T1_ctrl,68,176,73.86666666666666,0.10656435042619705,-0.6592317817148456
UBFC_PHYS_s14_T1_ctrl,68,177,73.9,-0.11843641847372055,-0.0996870779618066
UBFC_PHYS_s14_T1_ctrl,68,178,73.93333333333334,-0.3635743260383606,0.457188718662434
UBFC_PHYS_s14_T1_ctrl,68,179,73.96666666666667,-0.6669268608093262,0.9167192921363982
UBFC_PHYS_s14_T1_ctrl,68,180,74.0,-0.9948663711547852,1.2158744939241704
UBFC_PHYS_s14_T1_ctrl,68,181,74.03333333333333,-1.140586018562317,1.3360919895241048
UBFC_PHYS_s14_T1_ctrl,68,182,74.06666666666666,-0.8877311944961548,1.2984190781160887
UBFC_PHYS_s14_T1_ctrl,68,183,74.1,-0.28877121210098267,1.1452263878534503
UBFC_PHYS_s14_T1_ctrl,68,184,74.13333333333334,0.3312271535396576,0.918610907212173
UBFC_PHYS_s14_T1_ctrl,68,185,74.16666666666667,0.7074958086013794,0.6457462817764742
UBFC_PHYS_s14_T1_ctrl,68,186,74.2,0.8101247549057007,0.33655123623334343
UBFC_PHYS_s14_T1_ctrl,68,187,74.23333333333333,0.7098052501678467,-0.007533841667453978
UBFC_PHYS_s14_T1_ctrl,68,188,74.26666666666667,0.5070257186889648,-0.37959477133754915
UBFC_PHYS_s14_T1_ctrl,68,189,74.3,0.35395535826683044,-0.7554758634732366
UBFC_PHYS_s14_T1_ctrl,68,190,74.33333333333333,0.30587971210479736,-1.0900167964975633
UBFC_PHYS_s14_T1_ctrl,68,191,74.36666666666666,0.2711537182331085,-1.3237814498102853
UBFC_PHYS_s14_T1_ctrl,68,192,74.4,0.16993294656276703,-1.3989185099419528
UBFC_PHYS_s14_T1_ctrl,68,193,74.43333333333334,-0.0029929170850664377,-1.279227751649142
UBFC_PHYS_s14_T1_ctrl,68,194,74.46666666666667,-0.21453137695789337,-0.9670284397178914
UBFC_PHYS_s14_T1_ctrl,68,195,74.5,-0.4220142662525177,-0.5093044850749018
UBFC_PHYS_s14_T1_ctrl,68,196,74.53333333333333,-0.6251880526542664,0.011255755515517173
UBFC_PHYS_s14_T1_ctrl,68,197,74.56666666666666,-0.892857015132904,0.4986541542979596
UBFC_PHYS_s14_T1_ctrl,68,198,74.6,-1.240229606628418,0.8710777639816019
UBFC_PHYS_s14_T1_ctrl,68,199,74.63333333333334,-1.5355836153030396,1.082097826444093
UBFC_PHYS_s14_T1_ctrl,68,200,74.66666666666667,-1.541807770729065,1.1273113146470588
UBFC_PHYS_s14_T1_ctrl,68,201,74.7,-1.122617483139038,1.0353904706820658
UBFC_PHYS_s14_T1_ctrl,68,202,74.73333333333333,-0.4359835088253021,0.84950776639585
UBFC_PHYS_s14_T1_ctrl,68,203,74.76666666666667,0.19178807735443115,0.6085482677802909
UBFC_PHYS_s14_T1_ctrl,68,204,74.8,0.5655219554901123,0.33621315214318553
UBFC_PHYS_s14_T1_ctrl,68,205,74.83333333333333,0.6780645847320557,0.04141113424525382
UBFC_PHYS_s14_T1_ctrl,68,206,74.86666666666666,0.5938547849655151,-0.27212517481692783
UBFC_PHYS_s14_T1_ctrl,68,207,74.9,0.4236608147621155,-0.592889173461275
UBFC_PHYS_s14_T1_ctrl,68,208,74.93333333333334,0.2848694920539856,-0.8921295172972916
UBFC_PHYS_s14_T1_ctrl,68,209,74.96666666666667,0.22983738780021667,-1.122957834172926
UBFC_PHYS_s14_T1_ctrl,68,210,75.0,0.22645772993564606,-1.2298177180036591
UBFC_PHYS_s14_T1_ctrl,68,211,75.03333333333333,0.17981845140457153,-1.16609082377076
UBFC_PHYS_s14_T1_ctrl,68,212,75.06666666666666,0.03829524666070938,-0.9138927535316734
UBFC_PHYS_s14_T1_ctrl,68,213,75.1,-0.15603512525558472,-0.49793883122742333
UBFC_PHYS_s14_T1_ctrl,68,214,75.13333333333334,-0.3680805265903473,0.013915727973952133
UBFC_PHYS_s14_T1_ctrl,68,215,75.16666666666667,-0.6195834875106812,0.5262527415971486
UBFC_PHYS_s14_T1_ctrl,68,216,75.2,-0.9200069308280945,0.943173195181464
UBFC_PHYS_s14_T1_ctrl,68,217,75.23333333333333,-1.2349629402160645,1.1962521673335882
UBFC_PHYS_s14_T1_ctrl,68,218,75.26666666666667,-1.4230128526687622,1.2620228086685437
UBFC_PHYS_s14_T1_ctrl,68,219,75.3,-1.2485942840576172,1.162525756401361
UBFC_PHYS_s14_T1_ctrl,68,220,75.33333333333333,-0.6652088761329651,0.950220899486024
UBFC_PHYS_s14_T1_ctrl,68,221,75.36666666666666,0.04778645187616348,0.6851016422515918
UBFC_PHYS_s14_T1_ctrl,68,222,75.4,0.589771032333374,0.4140529738874062
UBFC_PHYS_s14_T1_ctrl,68,223,75.43333333333334,0.8789008259773254,0.16017607165903405
UBFC_PHYS_s14_T1_ctrl,68,224,75.46666666666667,0.947113573551178,-0.07521423627033338
UBFC_PHYS_s14_T1_ctrl,68,225,75.5,0.8516945838928223,-0.30059979008694804
UBFC_PHYS_s14_T1_ctrl,68,226,75.53333333333333,0.70087730884552,-0.5186874014797833
UBFC_PHYS_s14_T1_ctrl,68,227,75.56666666666666,0.579181432723999,-0.7146023756286849
UBFC_PHYS_s14_T1_ctrl,68,228,75.6,0.4916764497756958,-0.8533231182395958
UBFC_PHYS_s14_T1_ctrl,68,229,75.63333333333334,0.4152398407459259,-0.888205982240174
UBFC_PHYS_s14_T1_ctrl,68,230,75.66666666666667,0.28982633352279663,-0.7783987307659048
UBFC_PHYS_s14_T1_ctrl,68,231,75.7,0.057136841118335724,-0.5093430814628033
UBFC_PHYS_s14_T1_ctrl,68,232,75.73333333333333,-0.24261070787906647,-0.10830776572487122
UBFC_PHYS_s14_T1_ctrl,68,233,75.76666666666667,-0.5278539061546326,0.352731174159702
UBFC_PHYS_s14_T1_ctrl,68,234,75.8,-0.7940301895141602,0.7707532598058809
UBFC_PHYS_s14_T1_ctrl,68,235,75.83333333333333,-1.097805142402649,1.0392683788305894
UBFC_PHYS_s14_T1_ctrl,68,236,75.86666666666666,-1.4315464496612549,1.0804786536197408
UBFC_PHYS_s14_T1_ctrl,68,237,75.9,-1.614611268043518,0.8699647087031864
UBFC_PHYS_s14_T1_ctrl,68,238,75.93333333333334,-1.392370581626892,0.44526472148657437
UBFC_PHYS_s14_T1_ctrl,68,239,75.96666666666667,-0.7494750022888184,-0.10331249472836208
UBFC_PHYS_s14_T1_ctrl,69,0,69.0,-0.18205849826335907,-0.06677012555827302
UBFC_PHYS_s14_T1_ctrl,69,1,69.03333333333333,0.8230519890785217,0.42522428408272883
UBFC_PHYS_s14_T1_ctrl,69,2,69.06666666666666,1.6685017347335815,0.8163432023137106
UBFC_PHYS_s14_T1_ctrl,69,3,69.1,2.2006008625030518,1.0286792984725683
UBFC_PHYS_s14_T1_ctrl,69,4,69.13333333333334,2.4262211322784424,1.0249201242442878
UBFC_PHYS_s14_T1_ctrl,69,5,69.16666666666667,2.3697245121002197,0.8163209673341177
UBFC_PHYS_s14_T1_ctrl,69,6,69.2,2.1196579933166504,0.45826904606509866
UBFC_PHYS_s14_T1_ctrl,69,7,69.23333333333333,1.8798712491989136,0.034890050732948964
UBFC_PHYS_s14_T1_ctrl,69,8,69.26666666666667,1.8156577348709106,-0.3625290637155896
UBFC_PHYS_s14_T1_ctrl,69,9,69.3,1.8551151752471924,-0.657292162561276
UBFC_PHYS_s14_T1_ctrl,69,10,69.33333333333333,1.807152271270752,-0.803828398140798
UBFC_PHYS_s14_T1_ctrl,69,11,69.36666666666666,1.5978950262069702,-0.7953274768437161
UBFC_PHYS_s14_T1_ctrl,69,12,69.4,1.2792214155197144,-0.6609118015494946
UBFC_PHYS_s14_T1_ctrl,69,13,69.43333333333334,0.9003334641456604,-0.45309794315222807
UBFC_PHYS_s14_T1_ctrl,69,14,69.46666666666667,0.45785170793533325,-0.22884089842054636
UBFC_PHYS_s14_T1_ctrl,69,15,69.5,-0.08869542926549911,-0.030080561696997996
UBFC_PHYS_s14_T1_ctrl,69,16,69.53333333333333,-0.7217336297035217,0.12863062011405757
UBFC_PHYS_s14_T1_ctrl,69,17,69.56666666666666,-1.2037856578826904,0.259364955657919
UBFC_PHYS_s14_T1_ctrl,69,18,69.6,-1.203475832939148,0.3864940778610615
UBFC_PHYS_s14_T1_ctrl,69,19,69.63333333333334,-0.7016528248786926,0.525571173493566
UBFC_PHYS_s14_T1_ctrl,69,20,69.66666666666667,-0.07390941679477692,0.666720381708922
UBFC_PHYS_s14_T1_ctrl,69,21,69.7,0.3263266384601593,0.772216898597011
UBFC_PHYS_s14_T1_ctrl,69,22,69.73333333333333,0.4379398822784424,0.7902058491100916
UBFC_PHYS_s14_T1_ctrl,69,23,69.76666666666667,0.31438517570495605,0.6777459078199807
UBFC_PHYS_s14_T1_ctrl,69,24,69.8,0.03449312970042229,0.42216785432317916
UBFC_PHYS_s14_T1_ctrl,69,25,69.83333333333333,-0.19290156662464142,0.05148335732136192
UBFC_PHYS_s14_T1_ctrl,69,26,69.86666666666666,-0.1971261352300644,-0.36979160993972376
UBFC_PHYS_s14_T1_ctrl,69,27,69.9,-0.08877991884946823,-0.7570677865863228
UBFC_PHYS_s14_T1_ctrl,69,28,69.93333333333334,-0.09703191369771957,-1.0284853187618692
UBFC_PHYS_s14_T1_ctrl,69,29,69.96666666666667,-0.2533693015575409,-1.1272149348576237
UBFC_PHYS_s14_T1_ctrl,69,30,70.0,-0.409762978553772,-1.0369267835783957
UBFC_PHYS_s14_T1_ctrl,69,31,70.03333333333333,-0.4712727665901184,-0.7857275817915531
UBFC_PHYS_s14_T1_ctrl,69,32,70.06666666666666,-0.5049285292625427,-0.4366723539013703
UBFC_PHYS_s14_T1_ctrl,69,33,70.1,-0.6243712902069092,-0.0670700203052544
UBFC_PHYS_s14_T1_ctrl,69,34,70.13333333333334,-0.8901814818382263,0.25652517128812846
UBFC_PHYS_s14_T1_ctrl,69,35,70.16666666666667,-1.2159523963928223,0.4977461603462926
UBFC_PHYS_s14_T1_ctrl,69,36,70.2,-1.3275938034057617,0.6554895191452196
UBFC_PHYS_s14_T1_ctrl,69,37,70.23333333333333,-0.9836289882659912,0.7521086549861041
UBFC_PHYS_s14_T1_ctrl,69,38,70.26666666666667,-0.3021490275859833,0.8113918172681296
UBFC_PHYS_s14_T1_ctrl,69,39,70.3,0.3329169750213623,0.8390034780118066
UBFC_PHYS_s14_T1_ctrl,69,40,70.33333333333333,0.7029895782470703,0.8162131223191937
UBFC_PHYS_s14_T1_ctrl,69,41,70.36666666666666,0.8099839687347412,0.7097470891954519
UBFC_PHYS_s14_T1_ctrl,69,42,70.4,0.7314631938934326,0.49182773417601433
UBFC_PHYS_s14_T1_ctrl,69,43,70.43333333333334,0.6043598651885986,0.1598514087346975
UBFC_PHYS_s14_T1_ctrl,69,44,70.46666666666667,0.5598610639572144,-0.25333029999864787
UBFC_PHYS_s14_T1_ctrl,69,45,70.5,0.5859689116477966,-0.682374493733017
UBFC_PHYS_s14_T1_ctrl,69,46,70.53333333333333,0.5749568343162537,-1.0443668508802058
UBFC_PHYS_s14_T1_ctrl,69,47,70.56666666666666,0.4917609393596649,-1.2609157004148397
UBFC_PHYS_s14_T1_ctrl,69,48,70.6,0.3438163697719574,-1.2808395075007488
UBFC_PHYS_s14_T1_ctrl,69,49,70.63333333333334,0.12608188390731812,-1.0964877170424179
UBFC_PHYS_s14_T1_ctrl,69,50,70.66666666666667,-0.1217879131436348,-0.7477894707151215
UBFC_PHYS_s14_T1_ctrl,69,51,70.7,-0.35323819518089294,-0.31119346686419114
UBFC_PHYS_s14_T1_ctrl,69,52,70.73333333333333,-0.6271032094955444,0.12415953303085994
UBFC_PHYS_s14_T1_ctrl,69,53,70.76666666666667,-1.0062726736068726,0.4848225417298613
UBFC_PHYS_s14_T1_ctrl,69,54,70.8,-1.314582109451294,0.7340984083708493
UBFC_PHYS_s14_T1_ctrl,69,55,70.83333333333333,-1.2543959617614746,0.8759504044388305
UBFC_PHYS_s14_T1_ctrl,69,56,70.86666666666666,-0.7643173336982727,0.9404058738255571
UBFC_PHYS_s14_T1_ctrl,69,57,70.9,-0.10483329743146896,0.9589116083622355
UBFC_PHYS_s14_T1_ctrl,69,58,70.93333333333334,0.42591392993927,0.9430381037756157
UBFC_PHYS_s14_T1_ctrl,69,59,70.96666666666667,0.6998071074485779,0.8774269983995574
UBFC_PHYS_s14_T1_ctrl,69,60,71.0,0.7055243253707886,0.7296581247286452
UBFC_PHYS_s14_T1_ctrl,69,61,71.03333333333333,0.5220088958740234,0.4709466100147122
UBFC_PHYS_s14_T1_ctrl,69,62,71.06666666666666,0.32536908984184265,0.09717419676125767
UBFC_PHYS_s14_T1_ctrl,69,63,71.1,0.23414646089076996,-0.35913200552107194
UBFC_PHYS_s14_T1_ctrl,69,64,71.13333333333334,0.24631322920322418,-0.8304614020125248
UBFC_PHYS_s14_T1_ctrl,69,65,71.16666666666667,0.2827853858470917,-1.2287945504452193
UBFC_PHYS_s14_T1_ctrl,69,66,71.2,0.25805753469467163,-1.4683567135302695
UBFC_PHYS_s14_T1_ctrl,69,67,71.23333333333333,0.15106318891048431,-1.4901901070763643
UBFC_PHYS_s14_T1_ctrl,69,68,71.26666666666667,-0.011413900181651115,-1.2812406694303176
UBFC_PHYS_s14_T1_ctrl,69,69,71.3,-0.24103353917598724,-0.8811204260561087
UBFC_PHYS_s14_T1_ctrl,69,70,71.33333333333333,-0.5641007423400879,-0.3723706800403727
UBFC_PHYS_s14_T1_ctrl,69,71,71.36666666666666,-0.9621400237083435,0.14431712307069905
UBFC_PHYS_s14_T1_ctrl,69,72,71.4,-1.3537861108779907,0.5812077485212325
UBFC_PHYS_s14_T1_ctrl,69,73,71.43333333333334,-1.5603114366531372,0.8880010045481551
UBFC_PHYS_s14_T1_ctrl,69,74,71.46666666666667,-1.3915537595748901,1.0592959653677751
UBFC_PHYS_s14_T1_ctrl,69,75,71.5,-0.8681291937828064,1.1228996711109478
UBFC_PHYS_s14_T1_ctrl,69,76,71.53333333333333,-0.2321901023387909,1.1162377052728225
UBFC_PHYS_s14_T1_ctrl,69,77,71.56666666666666,0.2829825282096863,1.063435980000098
UBFC_PHYS_s14_T1_ctrl,69,78,71.6,0.5933196544647217,0.9639835096121673
UBFC_PHYS_s14_T1_ctrl,69,79,71.63333333333334,0.7040035128593445,0.7969949084626625
UBFC_PHYS_s14_T1_ctrl,69,80,71.66666666666667,0.658490777015686,0.537257914644539
UBFC_PHYS_s14_T1_ctrl,69,81,71.7,0.5376397967338562,0.17447637077402164
UBFC_PHYS_s14_T1_ctrl,69,82,71.73333333333333,0.4666951298713684,-0.27279940987519263
UBFC_PHYS_s14_T1_ctrl,69,83,71.76666666666667,0.5104053616523743,-0.7536098248745571
UBFC_PHYS_s14_T1_ctrl,69,84,71.8,0.5503979921340942,-1.1923181608299118
UBFC_PHYS_s14_T1_ctrl,69,85,71.83333333333333,0.44768455624580383,-1.5053476637349215
UBFC_PHYS_s14_T1_ctrl,69,86,71.86666666666666,0.23468157649040222,-1.6226534918639541
UBFC_PHYS_s14_T1_ctrl,69,87,71.9,0.0147221265360713,-1.5084210413527235
UBFC_PHYS_s14_T1_ctrl,69,88,71.93333333333334,-0.21641835570335388,-1.1747071219065477
UBFC_PHYS_s14_T1_ctrl,69,89,71.96666666666667,-0.5195174217224121,-0.6821971318565634
UBFC_PHYS_s14_T1_ctrl,69,90,72.0,-0.8934766054153442,-0.1251678625983232
UBFC_PHYS_s14_T1_ctrl,69,91,72.03333333333333,-1.2870659828186035,0.39617851644227964
UBFC_PHYS_s14_T1_ctrl,69,92,72.06666666666666,-1.541300892829895,0.8055522463686389
UBFC_PHYS_s14_T1_ctrl,69,93,72.1,-1.393497109413147,1.0692605049288728
UBFC_PHYS_s14_T1_ctrl,69,94,72.13333333333334,-0.7881439328193665,1.1956942024943478
UBFC_PHYS_s14_T1_ctrl,69,95,72.16666666666667,-0.04292921721935272,1.2177112699614103
UBFC_PHYS_s14_T1_ctrl,69,96,72.2,0.5194741487503052,1.1685139160089564
UBFC_PHYS_s14_T1_ctrl,69,97,72.23333333333333,0.856510579586029,1.0637591047871608
UBFC_PHYS_s14_T1_ctrl,69,98,72.26666666666667,1.0054408311843872,0.8976532672941742
UBFC_PHYS_s14_T1_ctrl,69,99,72.3,0.941255509853363,0.6526487303528462
UBFC_PHYS_s14_T1_ctrl,69,100,72.33333333333333,0.7486149668693542,0.31619313038001595
UBFC_PHYS_s14_T1_ctrl,69,101,72.36666666666666,0.61616051197052,-0.10383793089816734
UBFC_PHYS_s14_T1_ctrl,69,102,72.4,0.6270317435264587,-0.5712876681782435
UBFC_PHYS_s14_T1_ctrl,69,103,72.43333333333334,0.6707138419151306,-1.0239401506891324
UBFC_PHYS_s14_T1_ctrl,69,104,72.46666666666667,0.6333404779434204,-1.3850947774713134
UBFC_PHYS_s14_T1_ctrl,69,105,72.5,0.5293596386909485,-1.5815684590930486
UBFC_PHYS_s14_T1_ctrl,69,106,72.53333333333333,0.3879772424697876,-1.563612527791815
UBFC_PHYS_s14_T1_ctrl,69,107,72.56666666666666,0.18390220403671265,-1.321202892587115
UBFC_PHYS_s14_T1_ctrl,69,108,72.6,-0.06909340620040894,-0.8910896062679612
UBFC_PHYS_s14_T1_ctrl,69,109,72.63333333333334,-0.33684685826301575,-0.3505038474127743
UBFC_PHYS_s14_T1_ctrl,69,110,72.66666666666667,-0.6405655145645142,0.20289031542464164
UBFC_PHYS_s14_T1_ctrl,69,111,72.7,-0.9320047497749329,0.679225245828853
UBFC_PHYS_s14_T1_ctrl,69,112,72.73333333333333,-1.0593615770339966,1.0213120606787354
UBFC_PHYS_s14_T1_ctrl,69,113,72.76666666666667,-0.9953169822692871,1.2144217107281574
UBFC_PHYS_s14_T1_ctrl,69,114,72.8,-0.8389796018600464,1.2773323517016566
UBFC_PHYS_s14_T1_ctrl,69,115,72.83333333333333,-0.5563556551933289,1.2415697400970125
UBFC_PHYS_s14_T1_ctrl,69,116,72.86666666666666,-0.10421369224786758,1.1310495496741635
UBFC_PHYS_s14_T1_ctrl,69,117,72.9,0.3213416635990143,0.9522304320029916
UBFC_PHYS_s14_T1_ctrl,69,118,72.93333333333334,0.4992524981498718,0.6979328503728957
UBFC_PHYS_s14_T1_ctrl,69,119,72.96666666666667,0.4660192131996155,0.36071785961246117
UBFC_PHYS_s14_T1_ctrl,69,120,73.0,0.3810771107673645,-0.05201702876459309
UBFC_PHYS_s14_T1_ctrl,69,121,73.03333333333333,0.32979080080986023,-0.5084732485034977
UBFC_PHYS_s14_T1_ctrl,69,122,73.06666666666666,0.33235371112823486,-0.9522717148549333
UBFC_PHYS_s14_T1_ctrl,69,123,73.1,0.37811991572380066,-1.3117468392715141
UBFC_PHYS_s14_T1_ctrl,69,124,73.13333333333334,0.39932727813720703,-1.5162958081272817
UBFC_PHYS_s14_T1_ctrl,69,125,73.16666666666667,0.30658382177352905,-1.5157311525782635
UBFC_PHYS_s14_T1_ctrl,69,126,73.2,0.09363715350627899,-1.2971045408165582
UBFC_PHYS_s14_T1_ctrl,69,127,73.23333333333333,-0.13843274116516113,-0.8928478356144502
UBFC_PHYS_s14_T1_ctrl,69,128,73.26666666666667,-0.3283695578575134,-0.37561355017484155
UBFC_PHYS_s14_T1_ctrl,69,129,73.3,-0.5723245739936829,0.1604744695903364
UBFC_PHYS_s14_T1_ctrl,69,130,73.33333333333333,-0.9481144547462463,0.6263927664356035
UBFC_PHYS_s14_T1_ctrl,69,131,73.36666666666666,-1.3255659341812134,0.9622672600263987
UBFC_PHYS_s14_T1_ctrl,69,132,73.4,-1.4326167106628418,1.1486918728061302
UBFC_PHYS_s14_T1_ctrl,69,133,73.43333333333334,-1.0956083536148071,1.2009190264095897
UBFC_PHYS_s14_T1_ctrl,69,134,73.46666666666667,-0.43305447697639465,1.1505149892561262
UBFC_PHYS_s14_T1_ctrl,69,135,73.5,0.21547384560108185,1.025329670465667
UBFC_PHYS_s14_T1_ctrl,69,136,73.53333333333333,0.5942490696907043,0.8378582392596811
UBFC_PHYS_s14_T1_ctrl,69,137,73.56666666666666,0.6993846297264099,0.5860831377587641
UBFC_PHYS_s14_T1_ctrl,69,138,73.6,0.6048949956893921,0.26429515798407227
UBFC_PHYS_s14_T1_ctrl,69,139,73.63333333333334,0.42354816198349,-0.1225853831177076
UBFC_PHYS_s14_T1_ctrl,69,140,73.66666666666667,0.30940020084381104,-0.5480297154330481
UBFC_PHYS_s14_T1_ctrl,69,141,73.7,0.3237074017524719,-0.9609814776980222
UBFC_PHYS_s14_T1_ctrl,69,142,73.73333333333333,0.39769378304481506,-1.2928003046543588
UBFC_PHYS_s14_T1_ctrl,69,143,73.76666666666667,0.45109236240386963,-1.472865882722294
UBFC_PHYS_s14_T1_ctrl,69,144,73.8,0.4319409728050232,-1.4487845955773822
UBFC_PHYS_s14_T1_ctrl,69,145,73.83333333333333,0.30869609117507935,-1.2050157918767952
UBFC_PHYS_s14_T1_ctrl,69,146,73.86666666666666,0.10656435042619705,-0.7731121447158987
UBFC_PHYS_s14_T1_ctrl,69,147,73.9,-0.11843641847372055,-0.22826409497261246
UBFC_PHYS_s14_T1_ctrl,69,148,73.93333333333334,-0.3635743260383606,0.329198795215008
UBFC_PHYS_s14_T1_ctrl,69,149,73.96666666666667,-0.6669268608093262,0.8024036979835469
UBFC_PHYS_s14_T1_ctrl,69,150,74.0,-0.9948663711547852,1.1253765051117224
UBFC_PHYS_s14_T1_ctrl,69,151,74.03333333333333,-1.140586018562317,1.2770438018003474
UBFC_PHYS_s14_T1_ctrl,69,152,74.06666666666666,-0.8877311944961548,1.2763896041367953
UBFC_PHYS_s14_T1_ctrl,69,153,74.1,-0.28877121210098267,1.1633670465442298
UBFC_PHYS_s14_T1_ctrl,69,154,74.13333333333334,0.3312271535396576,0.9764849353747186
UBFC_PHYS_s14_T1_ctrl,69,155,74.16666666666667,0.7074958086013794,0.7379341524028292
UBFC_PHYS_s14_T1_ctrl,69,156,74.2,0.8101247549057007,0.4518773317635122
UBFC_PHYS_s14_T1_ctrl,69,157,74.23333333333333,0.7098052501678467,0.11456940010998387
UBFC_PHYS_s14_T1_ctrl,69,158,74.26666666666667,0.5070257186889648,-0.27011094599692453
UBFC_PHYS_s14_T1_ctrl,69,159,74.3,0.35395535826683044,-0.6776939230897825
UBFC_PHYS_s14_T1_ctrl,69,160,74.33333333333333,0.30587971210479736,-1.0589157808305976
UBFC_PHYS_s14_T1_ctrl,69,161,74.36666666666666,0.2711537182331085,-1.3467957788805087
UBFC_PHYS_s14_T1_ctrl,69,162,74.4,0.16993294656276703,-1.4735005552785285
UBFC_PHYS_s14_T1_ctrl,69,163,74.43333333333334,-0.0029929170850664377,-1.3920121621007018
UBFC_PHYS_s14_T1_ctrl,69,164,74.46666666666667,-0.21453137695789337,-1.0952309283757673
UBFC_PHYS_s14_T1_ctrl,69,165,74.5,-0.4220142662525177,-0.6247725998576898
UBFC_PHYS_s14_T1_ctrl,69,166,74.53333333333333,-0.6251880526542664,-0.06423065255135765
UBFC_PHYS_s14_T1_ctrl,69,167,74.56666666666666,-0.892857015132904,0.4826774598973276
UBFC_PHYS_s14_T1_ctrl,69,168,74.6,-1.240229606628418,0.9215607155817406
UBFC_PHYS_s14_T1_ctrl,69,169,74.63333333333334,-1.5355836153030396,1.1925898892059064
UBFC_PHYS_s14_T1_ctrl,69,170,74.66666666666667,-1.541807770729065,1.2814993816518752
UBFC_PHYS_s14_T1_ctrl,69,171,74.7,-1.122617483139038,1.2131422761025306
UBFC_PHYS_s14_T1_ctrl,69,172,74.73333333333333,-0.4359835088253021,1.0324001079093643
UBFC_PHYS_s14_T1_ctrl,69,173,74.76666666666667,0.19178807735443115,0.7824441601154231
UBFC_PHYS_s14_T1_ctrl,69,174,74.8,0.5655219554901123,0.490349121666722
UBFC_PHYS_s14_T1_ctrl,69,175,74.83333333333333,0.6780645847320557,0.16547412456393337
UBFC_PHYS_s14_T1_ctrl,69,176,74.86666666666666,0.5938547849655151,-0.19049970522801926
UBFC_PHYS_s14_T1_ctrl,69,177,74.9,0.4236608147621155,-0.5682449014674515
UBFC_PHYS_s14_T1_ctrl,69,178,74.93333333333334,0.2848694920539856,-0.9383602227357666
UBFC_PHYS_s14_T1_ctrl,69,179,74.96666666666667,0.22983738780021667,-1.2484197394149623
UBFC_PHYS_s14_T1_ctrl,69,180,75.0,0.22645772993564606,-1.4322896845820614
UBFC_PHYS_s14_T1_ctrl,69,181,75.03333333333333,0.17981845140457153,-1.429724050676003
UBFC_PHYS_s14_T1_ctrl,69,182,75.06666666666666,0.03829524666070938,-1.2097196000517605
UBFC_PHYS_s14_T1_ctrl,69,183,75.1,-0.15603512525558472,-0.7883001538329494
UBFC_PHYS_s14_T1_ctrl,69,184,75.13333333333334,-0.3680805265903473,-0.23187497587154202
UBFC_PHYS_s14_T1_ctrl,69,185,75.16666666666667,-0.6195834875106812,0.3576520415391183
UBFC_PHYS_s14_T1_ctrl,69,186,75.2,-0.9200069308280945,0.8714368799504748
UBFC_PHYS_s14_T1_ctrl,69,187,75.23333333333333,-1.2349629402160645,1.2245409236737295
UBFC_PHYS_s14_T1_ctrl,69,188,75.26666666666667,-1.4230128526687622,1.3769882057136853
UBFC_PHYS_s14_T1_ctrl,69,189,75.3,-1.2485942840576172,1.337985286814021
UBFC_PHYS_s14_T1_ctrl,69,190,75.33333333333333,-0.6652088761329651,1.153681667773662
UBFC_PHYS_s14_T1_ctrl,69,191,75.36666666666666,0.04778645187616348,0.885080236640989
UBFC_PHYS_s14_T1_ctrl,69,192,75.4,0.589771032333374,0.5854109749682902
UBFC_PHYS_s14_T1_ctrl,69,193,75.43333333333334,0.8789008259773254,0.28535122609068725
UBFC_PHYS_s14_T1_ctrl,69,194,75.46666666666667,0.947113573551178,-0.009020722331061434
UBFC_PHYS_s14_T1_ctrl,69,195,75.5,0.8516945838928223,-0.30573248996797914
UBFC_PHYS_s14_T1_ctrl,69,196,75.53333333333333,0.70087730884552,-0.6093409760094893
UBFC_PHYS_s14_T1_ctrl,69,197,75.56666666666666,0.579181432723999,-0.9048820896939613
UBFC_PHYS_s14_T1_ctrl,69,198,75.6,0.4916764497756958,-1.1513535899745104
UBFC_PHYS_s14_T1_ctrl,69,199,75.63333333333334,0.4152398407459259,-1.288803618870834
UBFC_PHYS_s14_T1_ctrl,69,200,75.66666666666667,0.28982633352279663,-1.257558654238759
UBFC_PHYS_s14_T1_ctrl,69,201,75.7,0.057136841118335724,-1.022924815434815
UBFC_PHYS_s14_T1_ctrl,69,202,75.73333333333333,-0.24261070787906647,-0.5956167479007058
UBFC_PHYS_s14_T1_ctrl,69,203,75.76666666666667,-0.5278539061546326,-0.038489937893902655
UBFC_PHYS_s14_T1_ctrl,69,204,75.8,-0.7940301895141602,0.5456028052657322
UBFC_PHYS_s14_T1_ctrl,69,205,75.83333333333333,-1.097805142402649,1.0423333672398623
UBFC_PHYS_s14_T1_ctrl,69,206,75.86666666666666,-1.4315464496612549,1.3599848125683593
UBFC_PHYS_s14_T1_ctrl,69,207,75.9,-1.614611268043518,1.4548668160553881
UBFC_PHYS_s14_T1_ctrl,69,208,75.93333333333334,-1.392370581626892,1.3384274955781639
UBFC_PHYS_s14_T1_ctrl,69,209,75.96666666666667,-0.7494750022888184,1.0653479813031508
UBFC_PHYS_s14_T1_ctrl,69,210,76.0,0.013961703516542912,0.7093685442585718
UBFC_PHYS_s14_T1_ctrl,69,211,76.03333333333333,0.5814626812934875,0.33714128625946804
UBFC_PHYS_s14_T1_ctrl,69,212,76.06666666666666,0.885491132736206,-0.010034402258751421
UBFC_PHYS_s14_T1_ctrl,69,213,76.1,0.9638992547988892,-0.3205929855510709
UBFC_PHYS_s14_T1_ctrl,69,214,76.13333333333334,0.8629037737846375,-0.6031051233720152
UBFC_PHYS_s14_T1_ctrl,69,215,76.16666666666667,0.6997507810592651,-0.8682563024348564
UBFC_PHYS_s14_T1_ctrl,69,216,76.2,0.6068382859230042,-1.1111661724940252
UBFC_PHYS_s14_T1_ctrl,69,217,76.23333333333333,0.5755201578140259,-1.3025294682964654
UBFC_PHYS_s14_T1_ctrl,69,218,76.26666666666667,0.4842693507671356,-1.3934497332905282
UBFC_PHYS_s14_T1_ctrl,69,219,76.3,0.2837429642677307,-1.3331239731130788
UBFC_PHYS_s14_T1_ctrl,69,220,76.33333333333333,0.03184572979807854,-1.092723469922997
UBFC_PHYS_s14_T1_ctrl,69,221,76.36666666666666,-0.21363013982772827,-0.6852373946185297
UBFC_PHYS_s14_T1_ctrl,69,222,76.4,-0.4515862762928009,-0.1715622773105224
UBFC_PHYS_s14_T1_ctrl,69,223,76.43333333333334,-0.7191707491874695,0.3516961026908862
UBFC_PHYS_s14_T1_ctrl,69,224,76.46666666666667,-1.0496731996536255,0.7791222200990446
UBFC_PHYS_s14_T1_ctrl,69,225,76.5,-1.3877516984939575,1.0278030650452066
UBFC_PHYS_s14_T1_ctrl,69,226,76.53333333333333,-1.4860434532165527,1.061214184984225
UBFC_PHYS_s14_T1_ctrl,69,227,76.56666666666666,-1.1275461912155151,0.8974810514298202
UBFC_PHYS_s14_T1_ctrl,69,228,76.6,-0.42978745698928833,0.6002418766047828
UBFC_PHYS_s14_T1_ctrl,69,229,76.63333333333334,0.2602543234825134,0.25664846325375135
UBFC_PHYS_s14_T1_ctrl,69,230,76.66666666666667,0.7120020389556885,-0.049090133145996875
UBFC_PHYS_s14_T1_ctrl,69,231,76.7,0.8999391794204712,-0.25778714745374987
UBFC_PHYS_s14_T1_ctrl,69,232,76.73333333333333,0.8918561935424805,-0.3467917635553729
UBFC_PHYS_s14_T1_ctrl,69,233,76.76666666666667,0.7740187644958496,-0.32903646145475357
UBFC_PHYS_s14_T1_ctrl,69,234,76.8,0.6301579475402832,-0.2419138332110223
UBFC_PHYS_s14_T1_ctrl,69,235,76.83333333333333,0.523867666721344,-0.13106045985741133
UBFC_PHYS_s14_T1_ctrl,69,236,76.86666666666666,0.4835089445114136,-0.03484573419656722
UBFC_PHYS_s14_T1_ctrl,69,237,76.9,0.4718209505081177,0.02589228629673011
UBFC_PHYS_s14_T1_ctrl,69,238,76.93333333333334,0.41740843653678894,0.05083411529053167
UBFC_PHYS_s14_T1_ctrl,69,239,76.96666666666667,0.29850080609321594,0.056476497534809794
UBFC_PHYS_s14_T1_ctrl,70,0,70.0,-0.409762978553772,0.08229937292394728
UBFC_PHYS_s14_T1_ctrl,70,1,70.03333333333333,-0.4712727665901184,0.20530589022107756
UBFC_PHYS_s14_T1_ctrl,70,2,70.06666666666666,-0.5049285292625427,0.33606537382824575
UBFC_PHYS_s14_T1_ctrl,70,3,70.1,-0.6243712902069092,0.4815523183350609
UBFC_PHYS_s14_T1_ctrl,70,4,70.13333333333334,-0.8901814818382263,0.6417443910648808
UBFC_PHYS_s14_T1_ctrl,70,5,70.16666666666667,-1.2159523963928223,0.8103715640475867
UBFC_PHYS_s14_T1_ctrl,70,6,70.2,-1.3275938034057617,0.9768496500081698
UBFC_PHYS_s14_T1_ctrl,70,7,70.23333333333333,-0.9836289882659912,1.1269189208432475
UBFC_PHYS_s14_T1_ctrl,70,8,70.26666666666667,-0.3021490275859833,1.2413851688732098
UBFC_PHYS_s14_T1_ctrl,70,9,70.3,0.3329169750213623,1.295063170240632
UBFC_PHYS_s14_T1_ctrl,70,10,70.33333333333333,0.7029895782470703,1.259164820407503
UBFC_PHYS_s14_T1_ctrl,70,11,70.36666666666666,0.8099839687347412,1.108731483097695
UBFC_PHYS_s14_T1_ctrl,70,12,70.4,0.7314631938934326,0.8330774377566272
UBFC_PHYS_s14_T1_ctrl,70,13,70.43333333333334,0.6043598651885986,0.44449158168637193
UBFC_PHYS_s14_T1_ctrl,70,14,70.46666666666667,0.5598610639572144,-0.019083855310351106
UBFC_PHYS_s14_T1_ctrl,70,15,70.5,0.5859689116477966,-0.4988682169139385
UBFC_PHYS_s14_T1_ctrl,70,16,70.53333333333333,0.5749568343162537,-0.9261129755943177
UBFC_PHYS_s14_T1_ctrl,70,17,70.56666666666666,0.4917609393596649,-1.2359960040877005
UBFC_PHYS_s14_T1_ctrl,70,18,70.6,0.3438163697719574,-1.3813759167080588
UBFC_PHYS_s14_T1_ctrl,70,19,70.63333333333334,0.12608188390731812,-1.3435464388805223
UBFC_PHYS_s14_T1_ctrl,70,20,70.66666666666667,-0.1217879131436348,-1.1371315752078
UBFC_PHYS_s14_T1_ctrl,70,21,70.7,-0.35323819518089294,-0.8067590567278632
UBFC_PHYS_s14_T1_ctrl,70,22,70.73333333333333,-0.6271032094955444,-0.4152172616380815
UBFC_PHYS_s14_T1_ctrl,70,23,70.76666666666667,-1.0062726736068726,-0.026317982477298822
UBFC_PHYS_s14_T1_ctrl,70,24,70.8,-1.314582109451294,0.3109995784524596
UBFC_PHYS_s14_T1_ctrl,70,25,70.83333333333333,-1.2543959617614746,0.5705382926189185
UBFC_PHYS_s14_T1_ctrl,70,26,70.86666666666666,-0.7643173336982727,0.7459951151455421
UBFC_PHYS_s14_T1_ctrl,70,27,70.9,-0.10483329743146896,0.8405522740036726
UBFC_PHYS_s14_T1_ctrl,70,28,70.93333333333334,0.42591392993927,0.8558176977880844
UBFC_PHYS_s14_T1_ctrl,70,29,70.96666666666667,0.6998071074485779,0.7866670071110697
UBFC_PHYS_s14_T1_ctrl,70,30,71.0,0.7055243253707886,0.6245184833326629
UBFC_PHYS_s14_T1_ctrl,70,31,71.03333333333333,0.5220088958740234,0.36658340993985206
UBFC_PHYS_s14_T1_ctrl,70,32,71.06666666666666,0.32536908984184265,0.02564002761731879
UBFC_PHYS_s14_T1_ctrl,70,33,71.1,0.23414646089076996,-0.3648989862009267
UBFC_PHYS_s14_T1_ctrl,70,34,71.13333333333334,0.24631322920322418,-0.7531092161886516
UBFC_PHYS_s14_T1_ctrl,70,35,71.16666666666667,0.2827853858470917,-1.0771958823875531
UBFC_PHYS_s14_T1_ctrl,70,36,71.2,0.25805753469467163,-1.278177843963692
UBFC_PHYS_s14_T1_ctrl,70,37,71.23333333333333,0.15106318891048431,-1.313548040824624
UBFC_PHYS_s14_T1_ctrl,70,38,71.26666666666667,-0.011413900181651115,-1.1686014005133474
UBFC_PHYS_s14_T1_ctrl,70,39,71.3,-0.24103353917598724,-0.8620420578735146
UBFC_PHYS_s14_T1_ctrl,70,40,71.33333333333333,-0.5641007423400879,-0.4431143023298223
UBFC_PHYS_s14_T1_ctrl,70,41,71.36666666666666,-0.9621400237083435,0.020247638389022563
UBFC_PHYS_s14_T1_ctrl,70,42,71.4,-1.3537861108779907,0.45898005489986965
UBFC_PHYS_s14_T1_ctrl,70,43,71.43333333333334,-1.5603114366531372,0.8196885805709545
UBFC_PHYS_s14_T1_ctrl,70,44,71.46666666666667,-1.3915537595748901,1.073963906221424
UBFC_PHYS_s14_T1_ctrl,70,45,71.5,-0.8681291937828064,1.2168944978858685
UBFC_PHYS_s14_T1_ctrl,70,46,71.53333333333333,-0.2321901023387909,1.257023350606217
UBFC_PHYS_s14_T1_ctrl,70,47,71.56666666666666,0.2829825282096863,1.2042968129953573
UBFC_PHYS_s14_T1_ctrl,70,48,71.6,0.5933196544647217,1.0628073070645918
UBFC_PHYS_s14_T1_ctrl,70,49,71.63333333333334,0.7040035128593445,0.8315973073771871
UBFC_PHYS_s14_T1_ctrl,70,50,71.66666666666667,0.658490777015686,0.5119146969985957
UBFC_PHYS_s14_T1_ctrl,70,51,71.7,0.5376397967338562,0.1161300961689126
UBFC_PHYS_s14_T1_ctrl,70,52,71.73333333333333,0.4666951298713684,-0.3263333728251573
UBFC_PHYS_s14_T1_ctrl,70,53,71.76666666666667,0.5104053616523743,-0.7684891027767246
UBFC_PHYS_s14_T1_ctrl,70,54,71.8,0.5503979921340942,-1.1509717759771818
UBFC_PHYS_s14_T1_ctrl,70,55,71.83333333333333,0.44768455624580383,-1.4119451776616723
UBFC_PHYS_s14_T1_ctrl,70,56,71.86666666666666,0.23468157649040222,-1.5001092110613277
UBFC_PHYS_s14_T1_ctrl,70,57,71.9,0.0147221265360713,-1.3883477251054865
UBFC_PHYS_s14_T1_ctrl,70,58,71.93333333333334,-0.21641835570335388,-1.084252894419187
UBFC_PHYS_s14_T1_ctrl,70,59,71.96666666666667,-0.5195174217224121,-0.6329082632988737
UBFC_PHYS_s14_T1_ctrl,70,60,72.0,-0.8934766054153442,-0.10845384385220191
UBFC_PHYS_s14_T1_ctrl,70,61,72.03333333333333,-1.2870659828186035,0.40473185875801526
UBFC_PHYS_s14_T1_ctrl,70,62,72.06666666666666,-1.541300892829895,0.8342733851389628
UBFC_PHYS_s14_T1_ctrl,70,63,72.1,-1.393497109413147,1.1356199802595195
UBFC_PHYS_s14_T1_ctrl,70,64,72.13333333333334,-0.7881439328193665,1.2953346169227726
UBFC_PHYS_s14_T1_ctrl,70,65,72.16666666666667,-0.04292921721935272,1.3229224453884456
UBFC_PHYS_s14_T1_ctrl,70,66,72.2,0.5194741487503052,1.2375688131555223
UBFC_PHYS_s14_T1_ctrl,70,67,72.23333333333333,0.856510579586029,1.0571707032824742
UBFC_PHYS_s14_T1_ctrl,70,68,72.26666666666667,1.0054408311843872,0.7942418783697636
UBFC_PHYS_s14_T1_ctrl,70,69,72.3,0.941255509853363,0.4588555719914961
UBFC_PHYS_s14_T1_ctrl,70,70,72.33333333333333,0.7486149668693542,0.06531446466486802
UBFC_PHYS_s14_T1_ctrl,70,71,72.36666666666666,0.61616051197052,-0.3617725683738441
UBFC_PHYS_s14_T1_ctrl,70,72,72.4,0.6270317435264587,-0.7849679935369903
UBFC_PHYS_s14_T1_ctrl,70,73,72.43333333333334,0.6707138419151306,-1.155972901740123
UBFC_PHYS_s14_T1_ctrl,70,74,72.46666666666667,0.6333404779434204,-1.4218611485889165
UBFC_PHYS_s14_T1_ctrl,70,75,72.5,0.5293596386909485,-1.5348218010296448
UBFC_PHYS_s14_T1_ctrl,70,76,72.53333333333333,0.3879772424697876,-1.4638368584431716
UBFC_PHYS_s14_T1_ctrl,70,77,72.56666666666666,0.18390220403671265,-1.2054722019679518
UBFC_PHYS_s14_T1_ctrl,70,78,72.6,-0.06909340620040894,-0.7898796473125937
UBFC_PHYS_s14_T1_ctrl,70,79,72.63333333333334,-0.33684685826301575,-0.27820595297115125
UBFC_PHYS_s14_T1_ctrl,70,80,72.66666666666667,-0.6405655145645142,0.25019431704015616
UBFC_PHYS_s14_T1_ctrl,70,81,72.7,-0.9320047497749329,0.7177857329789776
UBFC_PHYS_s14_T1_ctrl,70,82,72.73333333333333,-1.0593615770339966,1.0681360803272197
UBFC_PHYS_s14_T1_ctrl,70,83,72.76666666666667,-0.9953169822692871,1.2756080762944833
UBFC_PHYS_s14_T1_ctrl,70,84,72.8,-0.8389796018600464,1.3421525398511487
UBFC_PHYS_s14_T1_ctrl,70,85,72.83333333333333,-0.5563556551933289,1.2854065377561155
UBFC_PHYS_s14_T1_ctrl,70,86,72.86666666666666,-0.10421369224786758,1.1259778727764216
UBFC_PHYS_s14_T1_ctrl,70,87,72.9,0.3213416635990143,0.8803289636897594
UBFC_PHYS_s14_T1_ctrl,70,88,72.93333333333334,0.4992524981498718,0.5611637047498456
UBFC_PHYS_s14_T1_ctrl,70,89,72.96666666666667,0.4660192131996155,0.18288318420092783
UBFC_PHYS_s14_T1_ctrl,70,90,73.0,0.3810771107673645,-0.23212288685935661
UBFC_PHYS_s14_T1_ctrl,70,91,73.03333333333333,0.32979080080986023,-0.6498350518990553
UBFC_PHYS_s14_T1_ctrl,70,92,73.06666666666666,0.33235371112823486,-1.025224798606569
UBFC_PHYS_s14_T1_ctrl,70,93,73.1,0.37811991572380066,-1.3071835048117741
UBFC_PHYS_s14_T1_ctrl,70,94,73.13333333333334,0.39932727813720703,-1.4471283286048702
UBFC_PHYS_s14_T1_ctrl,70,95,73.16666666666667,0.30658382177352905,-1.4101352024094032
UBFC_PHYS_s14_T1_ctrl,70,96,73.2,0.09363715350627899,-1.1862708060240224
UBFC_PHYS_s14_T1_ctrl,70,97,73.23333333333333,-0.13843274116516113,-0.7982897094505004
UBFC_PHYS_s14_T1_ctrl,70,98,73.26666666666667,-0.3283695578575134,-0.3013373963998264
UBFC_PHYS_s14_T1_ctrl,70,99,73.3,-0.5723245739936829,0.22763451042527508
UBFC_PHYS_s14_T1_ctrl,70,100,73.33333333333333,-0.9481144547462463,0.7083272928204714
UBFC_PHYS_s14_T1_ctrl,70,101,73.36666666666666,-1.3255659341812134,1.0764995778482203
UBFC_PHYS_s14_T1_ctrl,70,102,73.4,-1.4326167106628418,1.2963665025165632
UBFC_PHYS_s14_T1_ctrl,70,103,73.43333333333334,-1.0956083536148071,1.3615876185930351
UBFC_PHYS_s14_T1_ctrl,70,104,73.46666666666667,-0.43305447697639465,1.2867067847181584
UBFC_PHYS_s14_T1_ctrl,70,105,73.5,0.21547384560108185,1.095493749739332
UBFC_PHYS_s14_T1_ctrl,70,106,73.53333333333333,0.5942490696907043,0.8124043831509924
UBFC_PHYS_s14_T1_ctrl,70,107,73.56666666666666,0.6993846297264099,0.4598018396900744
UBFC_PHYS_s14_T1_ctrl,70,108,73.6,0.6048949956893921,0.05999041820533658
UBFC_PHYS_s14_T1_ctrl,70,109,73.63333333333334,0.42354816198349,-0.3606896985324832
UBFC_PHYS_s14_T1_ctrl,70,110,73.66666666666667,0.30940020084381104,-0.76840349683925
UBFC_PHYS_s14_T1_ctrl,70,111,73.7,0.3237074017524719,-1.1209175298042937
UBFC_PHYS_s14_T1_ctrl,70,112,73.73333333333333,0.39769378304481506,-1.3706317699468376
UBFC_PHYS_s14_T1_ctrl,70,113,73.76666666666667,0.45109236240386963,-1.4722019928981698
UBFC_PHYS_s14_T1_ctrl,70,114,73.8,0.4319409728050232,-1.3938144865191333
UBFC_PHYS_s14_T1_ctrl,70,115,73.83333333333333,0.30869609117507935,-1.129056395667362
UBFC_PHYS_s14_T1_ctrl,70,116,73.86666666666666,0.10656435042619705,-0.7047532913126675
UBFC_PHYS_s14_T1_ctrl,70,117,73.9,-0.11843641847372055,-0.18028620813781635
UBFC_PHYS_s14_T1_ctrl,70,118,73.93333333333334,-0.3635743260383606,0.3635857463523109
UBFC_PHYS_s14_T1_ctrl,70,119,73.96666666666667,-0.6669268608093262,0.843857563255947
UBFC_PHYS_s14_T1_ctrl,70,120,74.0,-0.9948663711547852,1.1952765880884226
UBFC_PHYS_s14_T1_ctrl,70,121,74.03333333333333,-1.140586018562317,1.383015340776049
UBFC_PHYS_s14_T1_ctrl,70,122,74.06666666666666,-0.8877311944961548,1.4038133635349666
UBFC_PHYS_s14_T1_ctrl,70,123,74.1,-0.28877121210098267,1.277488733802296
UBFC_PHYS_s14_T1_ctrl,70,124,74.13333333333334,0.3312271535396576,1.034718467576831
UBFC_PHYS_s14_T1_ctrl,70,125,74.16666666666667,0.7074958086013794,0.707170637047067
UBFC_PHYS_s14_T1_ctrl,70,126,74.2,0.8101247549057007,0.3232271038801471
UBFC_PHYS_s14_T1_ctrl,70,127,74.23333333333333,0.7098052501678467,-0.0909819382234455
UBFC_PHYS_s14_T1_ctrl,70,128,74.26666666666667,0.5070257186889648,-0.5076300544330701
UBFC_PHYS_s14_T1_ctrl,70,129,74.3,0.35395535826683044,-0.8932766374997783
UBFC_PHYS_s14_T1_ctrl,70,130,74.33333333333333,0.30587971210479736,-1.2076133994561897
UBFC_PHYS_s14_T1_ctrl,70,131,74.36666666666666,0.2711537182331085,-1.4066640720975927
UBFC_PHYS_s14_T1_ctrl,70,132,74.4,0.16993294656276703,-1.4508448576902022
UBFC_PHYS_s14_T1_ctrl,70,133,74.43333333333334,-0.0029929170850664377,-1.3163832415188343
UBFC_PHYS_s14_T1_ctrl,70,134,74.46666666666667,-0.21453137695789337,-1.0064945208195235
UBFC_PHYS_s14_T1_ctrl,70,135,74.5,-0.4220142662525177,-0.5573083583993693
UBFC_PHYS_s14_T1_ctrl,70,136,74.53333333333333,-0.6251880526542664,-0.03406906328437159
UBFC_PHYS_s14_T1_ctrl,70,137,74.56666666666666,-0.892857015132904,0.4832374669176442
UBFC_PHYS_s14_T1_ctrl,70,138,74.6,-1.240229606628418,0.9198908903106692
UBFC_PHYS_s14_T1_ctrl,70,139,74.63333333333334,-1.5355836153030396,1.2234740867576428
UBFC_PHYS_s14_T1_ctrl,70,140,74.66666666666667,-1.541807770729065,1.3711410668486939
UBFC_PHYS_s14_T1_ctrl,70,141,74.7,-1.122617483139038,1.3659773533848965
UBFC_PHYS_s14_T1_ctrl,70,142,74.73333333333333,-0.4359835088253021,1.226789338516381
UBFC_PHYS_s14_T1_ctrl,70,143,74.76666666666667,0.19178807735443115,0.977835339794479
UBFC_PHYS_s14_T1_ctrl,70,144,74.8,0.5655219554901123,0.6431470079739616
UBFC_PHYS_s14_T1_ctrl,70,145,74.83333333333333,0.6780645847320557,0.2463438983769811
UBFC_PHYS_s14_T1_ctrl,70,146,74.86666666666666,0.5938547849655151,-0.18601182554222878
UBFC_PHYS_s14_T1_ctrl,70,147,74.9,0.4236608147621155,-0.6204514048593717
UBFC_PHYS_s14_T1_ctrl,70,148,74.93333333333334,0.2848694920539856,-1.0145358078371307
UBFC_PHYS_s14_T1_ctrl,70,149,74.96666666666667,0.22983738780021667,-1.318434499620438
UBFC_PHYS_s14_T1_ctrl,70,150,75.0,0.22645772993564606,-1.4813098786291226
UBFC_PHYS_s14_T1_ctrl,70,151,75.03333333333333,0.17981845140457153,-1.4625254362638407
UBFC_PHYS_s14_T1_ctrl,70,152,75.06666666666666,0.03829524666070938,-1.24533891905014
UBFC_PHYS_s14_T1_ctrl,70,153,75.1,-0.15603512525558472,-0.8480401978082648
UBFC_PHYS_s14_T1_ctrl,70,154,75.13333333333334,-0.3680805265903473,-0.3263619472778601
UBFC_PHYS_s14_T1_ctrl,70,155,75.16666666666667,-0.6195834875106812,0.23660465851967744
UBFC_PHYS_s14_T1_ctrl,70,156,75.2,-0.9200069308280945,0.750894964823081
UBFC_PHYS_s14_T1_ctrl,70,157,75.23333333333333,-1.2349629402160645,1.1426674077484218
UBFC_PHYS_s14_T1_ctrl,70,158,75.26666666666667,-1.4230128526687622,1.370121200528182
UBFC_PHYS_s14_T1_ctrl,70,159,75.3,-1.2485942840576172,1.426434167628643
UBFC_PHYS_s14_T1_ctrl,70,160,75.33333333333333,-0.6652088761329651,1.3308713758176318
UBFC_PHYS_s14_T1_ctrl,70,161,75.36666666666666,0.04778645187616348,1.1148389601613138
UBFC_PHYS_s14_T1_ctrl,70,162,75.4,0.589771032333374,0.8102495612183439
UBFC_PHYS_s14_T1_ctrl,70,163,75.43333333333334,0.8789008259773254,0.4441777026800732
UBFC_PHYS_s14_T1_ctrl,70,164,75.46666666666667,0.947113573551178,0.03968051480307814
UBFC_PHYS_s14_T1_ctrl,70,165,75.5,0.8516945838928223,-0.37985084561877985
UBFC_PHYS_s14_T1_ctrl,70,166,75.53333333333333,0.70087730884552,-0.7857923576111079
UBFC_PHYS_s14_T1_ctrl,70,167,75.56666666666666,0.579181432723999,-1.1412048383298798
UBFC_PHYS_s14_T1_ctrl,70,168,75.6,0.4916764497756958,-1.4015559465434508
UBFC_PHYS_s14_T1_ctrl,70,169,75.63333333333334,0.4152398407459259,-1.520688511170906
UBFC_PHYS_s14_T1_ctrl,70,170,75.66666666666667,0.28982633352279663,-1.4619023053110298
UBFC_PHYS_s14_T1_ctrl,70,171,75.7,0.057136841118335724,-1.2115448025343418
UBFC_PHYS_s14_T1_ctrl,70,172,75.73333333333333,-0.24261070787906647,-0.7901280121743556
UBFC_PHYS_s14_T1_ctrl,70,173,75.76666666666667,-0.5278539061546326,-0.2550511084215337
UBFC_PHYS_s14_T1_ctrl,70,174,75.8,-0.7940301895141602,0.3091699234624824
UBFC_PHYS_s14_T1_ctrl,70,175,75.83333333333333,-1.097805142402649,0.8119410691732227
UBFC_PHYS_s14_T1_ctrl,70,176,75.86666666666666,-1.4315464496612549,1.1807685920834698
UBFC_PHYS_s14_T1_ctrl,70,177,75.9,-1.614611268043518,1.3776022235555039
UBFC_PHYS_s14_T1_ctrl,70,178,75.93333333333334,-1.392370581626892,1.4010158466879639
UBFC_PHYS_s14_T1_ctrl,70,179,75.96666666666667,-0.7494750022888184,1.2760543607527246
UBFC_PHYS_s14_T1_ctrl,70,180,76.0,0.013961703516542912,1.039059248443599
UBFC_PHYS_s14_T1_ctrl,70,181,76.03333333333333,0.5814626812934875,0.7252123313359339
UBFC_PHYS_s14_T1_ctrl,70,182,76.06666666666666,0.885491132736206,0.363013729928102
UBFC_PHYS_s14_T1_ctrl,70,183,76.1,0.9638992547988892,-0.024568549960872127
UBFC_PHYS_s14_T1_ctrl,70,184,76.13333333333334,0.8629037737846375,-0.4152655557343754
UBFC_PHYS_s14_T1_ctrl,70,185,76.16666666666667,0.6997507810592651,-0.78243525360478
UBFC_PHYS_s14_T1_ctrl,70,186,76.2,0.6068382859230042,-1.0923225324074353
UBFC_PHYS_s14_T1_ctrl,70,187,76.23333333333333,0.5755201578140259,-1.3051545363457402
UBFC_PHYS_s14_T1_ctrl,70,188,76.26666666666667,0.4842693507671356,-1.3808087433122327
UBFC_PHYS_s14_T1_ctrl,70,189,76.3,0.2837429642677307,-1.2887238439739666
UBFC_PHYS_s14_T1_ctrl,70,190,76.33333333333333,0.03184572979807854,-1.0198116821627412
UBFC_PHYS_s14_T1_ctrl,70,191,76.36666666666666,-0.21363013982772827,-0.5960531079725035
UBFC_PHYS_s14_T1_ctrl,70,192,76.4,-0.4515862762928009,-0.07266760475303936
UBFC_PHYS_s14_T1_ctrl,70,193,76.43333333333334,-0.7191707491874695,0.47041185537419083
UBFC_PHYS_s14_T1_ctrl,70,194,76.46666666666667,-1.0496731996536255,0.9465607368458152
UBFC_PHYS_s14_T1_ctrl,70,195,76.5,-1.3877516984939575,1.2839046149813163
UBFC_PHYS_s14_T1_ctrl,70,196,76.53333333333333,-1.4860434532165527,1.4417720259672295
UBFC_PHYS_s14_T1_ctrl,70,197,76.56666666666666,-1.1275461912155151,1.4158566971737967
UBFC_PHYS_s14_T1_ctrl,70,198,76.6,-0.42978745698928833,1.2316087226734325
UBFC_PHYS_s14_T1_ctrl,70,199,76.63333333333334,0.2602543234825134,0.9309138151523929
UBFC_PHYS_s14_T1_ctrl,70,200,76.66666666666667,0.7120020389556885,0.5587823074644692
UBFC_PHYS_s14_T1_ctrl,70,201,76.7,0.8999391794204712,0.15484726264765003
UBFC_PHYS_s14_T1_ctrl,70,202,76.73333333333333,0.8918561935424805,-0.24877973668318676
UBFC_PHYS_s14_T1_ctrl,70,203,76.76666666666667,0.7740187644958496,-0.6246689718733649
UBFC_PHYS_s14_T1_ctrl,70,204,76.8,0.6301579475402832,-0.9453771112328082
UBFC_PHYS_s14_T1_ctrl,70,205,76.83333333333333,0.523867666721344,-1.1803957457853262
UBFC_PHYS_s14_T1_ctrl,70,206,76.86666666666666,0.4835089445114136,-1.2973976257655089
UBFC_PHYS_s14_T1_ctrl,70,207,76.9,0.4718209505081177,-1.2686188870622959
UBFC_PHYS_s14_T1_ctrl,70,208,76.93333333333334,0.41740843653678894,-1.0808533307945802
UBFC_PHYS_s14_T1_ctrl,70,209,76.96666666666667,0.29850080609321594,-0.7453290945431585
UBFC_PHYS_s14_T1_ctrl,70,210,77.0,0.12253323197364807,-0.3026423624104677
UBFC_PHYS_s14_T1_ctrl,70,211,77.03333333333333,-0.12795579433441162,0.1810468353442736
UBFC_PHYS_s14_T1_ctrl,70,212,77.06666666666666,-0.45735985040664673,0.6270268546226944
UBFC_PHYS_s14_T1_ctrl,70,213,77.1,-0.8503015041351318,0.9624871757078767
UBFC_PHYS_s14_T1_ctrl,70,214,77.13333333333334,-1.2228807210922241,1.137697465375316
UBFC_PHYS_s14_T1_ctrl,70,215,77.16666666666667,-1.3453651666641235,1.1354999496269433
UBFC_PHYS_s14_T1_ctrl,70,216,77.2,-1.0112577676773071,0.9704687764795086
UBFC_PHYS_s14_T1_ctrl,70,217,77.23333333333333,-0.32566583156585693,0.6798624340409289
UBFC_PHYS_s14_T1_ctrl,70,218,77.26666666666667,0.3649110794067383,0.31138412088283146
UBFC_PHYS_s14_T1_ctrl,70,219,77.3,0.8154477477073669,-0.0871903960223684
UBFC_PHYS_s14_T1_ctrl,70,220,77.33333333333333,0.9891340136528015,-0.4736029020186945
UBFC_PHYS_s14_T1_ctrl,70,221,77.36666666666666,0.9288915991783142,-0.811924702286787
UBFC_PHYS_s14_T1_ctrl,70,222,77.4,0.7407572865486145,-1.0708409892992197
UBFC_PHYS_s14_T1_ctrl,70,223,77.43333333333334,0.5937139391899109,-1.2224123246614262
UBFC_PHYS_s14_T1_ctrl,70,224,77.46666666666667,0.5627900958061218,-1.2435258915212757
UBFC_PHYS_s14_T1_ctrl,70,225,77.5,0.5521723031997681,-1.1205224059547212
UBFC_PHYS_s14_T1_ctrl,70,226,77.53333333333333,0.4667232930660248,-0.8556187337874949
UBFC_PHYS_s14_T1_ctrl,70,227,77.56666666666666,0.3374232053756714,-0.472247301029958
UBFC_PHYS_s14_T1_ctrl,70,228,77.6,0.1839585304260254,-0.01585945247919697
UBFC_PHYS_s14_T1_ctrl,70,229,77.63333333333334,-0.0362543910741806,0.4520294078708622
UBFC_PHYS_s14_T1_ctrl,70,230,77.66666666666667,-0.35371699929237366,0.8657802685665716
UBFC_PHYS_s14_T1_ctrl,70,231,77.7,-0.7524603605270386,1.169940506479711
UBFC_PHYS_s14_T1_ctrl,70,232,77.73333333333333,-1.1408675909042358,1.3314284289199947
UBFC_PHYS_s14_T1_ctrl,70,233,77.76666666666667,-1.298359751701355,1.345949341077529
UBFC_PHYS_s14_T1_ctrl,70,234,77.8,-1.03398597240448,1.2366108142347136
UBFC_PHYS_s14_T1_ctrl,70,235,77.83333333333333,-0.4386309087276459,1.0448616818390606
UBFC_PHYS_s14_T1_ctrl,70,236,77.86666666666666,0.2041238248348236,0.8164232850255455
UBFC_PHYS_s14_T1_ctrl,70,237,77.9,0.6623492240905762,0.5869062557915019
UBFC_PHYS_s14_T1_ctrl,70,238,77.93333333333334,0.8318954110145569,0.3722795176929944
UBFC_PHYS_s14_T1_ctrl,70,239,77.96666666666667,0.7123399972915649,0.16787760161335838
UBFC_PHYS_s14_T1_ctrl,71,0,71.0,0.7055243253707886,0.00022167599229832354
UBFC_PHYS_s14_T1_ctrl,71,1,71.03333333333333,0.5220088958740234,-0.22600732948595015
UBFC_PHYS_s14_T1_ctrl,71,2,71.06666666666666,0.32536908984184265,-0.468908046037793
UBFC_PHYS_s14_T1_ctrl,71,3,71.1,0.23414646089076996,-0.7334742212232913
UBFC_PHYS_s14_T1_ctrl,71,4,71.13333333333334,0.24631322920322418,-1.0045457775223066
UBFC_PHYS_s14_T1_ctrl,71,5,71.16666666666667,0.2827853858470917,-1.245333662189803
UBFC_PHYS_s14_T1_ctrl,71,6,71.2,0.25805753469467163,-1.4038735615455182
UBFC_PHYS_s14_T1_ctrl,71,7,71.23333333333333,0.15106318891048431,-1.427197691998332
UBFC_PHYS_s14_T1_ctrl,71,8,71.26666666666667,-0.011413900181651115,-1.2798342342690427
UBFC_PHYS_s14_T1_ctrl,71,9,71.3,-0.24103353917598724,-0.959928337433439
UBFC_PHYS_s14_T1_ctrl,71,10,71.33333333333333,-0.5641007423400879,-0.505399246953128
UBFC_PHYS_s14_T1_ctrl,71,11,71.36666666666666,-0.9621400237083435,0.014034614814068912
UBFC_PHYS_s14_T1_ctrl,71,12,71.4,-1.3537861108779907,0.5162421287803256
UBFC_PHYS_s14_T1_ctrl,71,13,71.43333333333334,-1.5603114366531372,0.9289367251554241
UBFC_PHYS_s14_T1_ctrl,71,14,71.46666666666667,-1.3915537595748901,1.2056394212736068
UBFC_PHYS_s14_T1_ctrl,71,15,71.5,-0.8681291937828064,1.3304388228416337
UBFC_PHYS_s14_T1_ctrl,71,16,71.53333333333333,-0.2321901023387909,1.3125624023820828
UBFC_PHYS_s14_T1_ctrl,71,17,71.56666666666666,0.2829825282096863,1.1757873386168842
UBFC_PHYS_s14_T1_ctrl,71,18,71.6,0.5933196544647217,0.948013965119304
UBFC_PHYS_s14_T1_ctrl,71,19,71.63333333333334,0.7040035128593445,0.6542484886235193
UBFC_PHYS_s14_T1_ctrl,71,20,71.66666666666667,0.658490777015686,0.3141185836779205
UBFC_PHYS_s14_T1_ctrl,71,21,71.7,0.5376397967338562,-0.05625386712338732
UBFC_PHYS_s14_T1_ctrl,71,22,71.73333333333333,0.4666951298713684,-0.43901312112606533
UBFC_PHYS_s14_T1_ctrl,71,23,71.76666666666667,0.5104053616523743,-0.8080238062412489
UBFC_PHYS_s14_T1_ctrl,71,24,71.8,0.5503979921340942,-1.124500546002314
UBFC_PHYS_s14_T1_ctrl,71,25,71.83333333333333,0.44768455624580383,-1.3387842352537416
UBFC_PHYS_s14_T1_ctrl,71,26,71.86666666666666,0.23468157649040222,-1.4004574808986003
UBFC_PHYS_s14_T1_ctrl,71,27,71.9,0.0147221265360713,-1.2750103758226288
UBFC_PHYS_s14_T1_ctrl,71,28,71.93333333333334,-0.21641835570335388,-0.9607670971947172
UBFC_PHYS_s14_T1_ctrl,71,29,71.96666666666667,-0.5195174217224121,-0.4976562746193508
UBFC_PHYS_s14_T1_ctrl,71,30,72.0,-0.8934766054153442,0.038239329139478286
UBFC_PHYS_s14_T1_ctrl,71,31,72.03333333333333,-1.2870659828186035,0.5541172811892632
UBFC_PHYS_s14_T1_ctrl,71,32,72.06666666666666,-1.541300892829895,0.9664441129237508
UBFC_PHYS_s14_T1_ctrl,71,33,72.1,-1.393497109413147,1.2225439680459855
UBFC_PHYS_s14_T1_ctrl,71,34,72.13333333333334,-0.7881439328193665,1.3095218042946974
UBFC_PHYS_s14_T1_ctrl,71,35,72.16666666666667,-0.04292921721935272,1.2488142508557674
UBFC_PHYS_s14_T1_ctrl,71,36,72.2,0.5194741487503052,1.080816541597257
UBFC_PHYS_s14_T1_ctrl,71,37,72.23333333333333,0.856510579586029,0.8471232419614938
UBFC_PHYS_s14_T1_ctrl,71,38,72.26666666666667,1.0054408311843872,0.5773746078607731
UBFC_PHYS_s14_T1_ctrl,71,39,72.3,0.941255509853363,0.28475279671785914
UBFC_PHYS_s14_T1_ctrl,71,40,72.33333333333333,0.7486149668693542,-0.02942709791199912
UBFC_PHYS_s14_T1_ctrl,71,41,72.36666666666666,0.61616051197052,-0.3648492006264826
UBFC_PHYS_s14_T1_ctrl,71,42,72.4,0.6270317435264587,-0.7101624081085609
UBFC_PHYS_s14_T1_ctrl,71,43,72.43333333333334,0.6707138419151306,-1.035365148813468
UBFC_PHYS_s14_T1_ctrl,71,44,72.46666666666667,0.6333404779434204,-1.2925013871923219
UBFC_PHYS_s14_T1_ctrl,71,45,72.5,0.5293596386909485,-1.425490535964077
UBFC_PHYS_s14_T1_ctrl,71,46,72.53333333333333,0.3879772424697876,-1.3866577388618546
UBFC_PHYS_s14_T1_ctrl,71,47,72.56666666666666,0.18390220403671265,-1.1548699239034697
UBFC_PHYS_s14_T1_ctrl,71,48,72.6,-0.06909340620040894,-0.7487189474056101
UBFC_PHYS_s14_T1_ctrl,71,49,72.63333333333334,-0.33684685826301575,-0.22859575287717174
UBFC_PHYS_s14_T1_ctrl,71,50,72.66666666666667,-0.6405655145645142,0.3156178268359816
UBFC_PHYS_s14_T1_ctrl,71,51,72.7,-0.9320047497749329,0.7889114761023007
UBFC_PHYS_s14_T1_ctrl,71,52,72.73333333333333,-1.0593615770339966,1.1186667971802815
UBFC_PHYS_s14_T1_ctrl,71,53,72.76666666666667,-0.9953169822692871,1.2735030536481347
UBFC_PHYS_s14_T1_ctrl,71,54,72.8,-0.8389796018600464,1.2654435753335447
UBFC_PHYS_s14_T1_ctrl,71,55,72.83333333333333,-0.5563556551933289,1.1357054496631125
UBFC_PHYS_s14_T1_ctrl,71,56,72.86666666666666,-0.10421369224786758,0.932200466481372
UBFC_PHYS_s14_T1_ctrl,71,57,72.9,0.3213416635990143,0.6900222376719757
UBFC_PHYS_s14_T1_ctrl,71,58,72.93333333333334,0.4992524981498718,0.4233923236085375
UBFC_PHYS_s14_T1_ctrl,71,59,72.96666666666667,0.4660192131996155,0.13089011045219898
UBFC_PHYS_s14_T1_ctrl,71,60,73.0,0.3810771107673645,-0.1908246909642972
UBFC_PHYS_s14_T1_ctrl,71,61,73.03333333333333,0.32979080080986023,-0.5328401445849826
UBFC_PHYS_s14_T1_ctrl,71,62,73.06666666666666,0.33235371112823486,-0.8661781269855482
UBFC_PHYS_s14_T1_ctrl,71,63,73.1,0.37811991572380066,-1.1433631706852923
UBFC_PHYS_s14_T1_ctrl,71,64,73.13333333333334,0.39932727813720703,-1.308749270331109
UBFC_PHYS_s14_T1_ctrl,71,65,73.16666666666667,0.30658382177352905,-1.3144548354383498
UBFC_PHYS_s14_T1_ctrl,71,66,73.2,0.09363715350627899,-1.1372007864795453
UBFC_PHYS_s14_T1_ctrl,71,67,73.23333333333333,-0.13843274116516113,-0.7904883509343494
UBFC_PHYS_s14_T1_ctrl,71,68,73.26666666666667,-0.3283695578575134,-0.32671937946532736
UBFC_PHYS_s14_T1_ctrl,71,69,73.3,-0.5723245739936829,0.17371288976990343
UBFC_PHYS_s14_T1_ctrl,71,70,73.33333333333333,-0.9481144547462463,0.624261613748662
UBFC_PHYS_s14_T1_ctrl,71,71,73.36666666666666,-1.3255659341812134,0.9571879052659908
UBFC_PHYS_s14_T1_ctrl,71,72,73.4,-1.4326167106628418,1.1408852127703373
UBFC_PHYS_s14_T1_ctrl,71,73,73.43333333333334,-1.0956083536148071,1.1816226232843254
UBFC_PHYS_s14_T1_ctrl,71,74,73.46666666666667,-0.43305447697639465,1.1100389313463415
UBFC_PHYS_s14_T1_ctrl,71,75,73.5,0.21547384560108185,0.9609352219039528
UBFC_PHYS_s14_T1_ctrl,71,76,73.53333333333333,0.5942490696907043,0.7574157072544252
UBFC_PHYS_s14_T1_ctrl,71,77,73.56666666666666,0.6993846297264099,0.5065716721368448
UBFC_PHYS_s14_T1_ctrl,71,78,73.6,0.6048949956893921,0.20682132114944773
UBFC_PHYS_s14_T1_ctrl,71,79,73.63333333333334,0.42354816198349,-0.13892094342308184
UBFC_PHYS_s14_T1_ctrl,71,80,73.66666666666667,0.30940020084381104,-0.511834104332663
UBFC_PHYS_s14_T1_ctrl,71,81,73.7,0.3237074017524719,-0.872996211779139
UBFC_PHYS_s14_T1_ctrl,71,82,73.73333333333333,0.39769378304481506,-1.1680570072650305
UBFC_PHYS_s14_T1_ctrl,71,83,73.76666666666667,0.45109236240386963,-1.3391215944840977
UBFC_PHYS_s14_T1_ctrl,71,84,73.8,0.4319409728050232,-1.3404284064820662
UBFC_PHYS_s14_T1_ctrl,71,85,73.83333333333333,0.30869609117507935,-1.153574662733073
UBFC_PHYS_s14_T1_ctrl,71,86,73.86666666666666,0.10656435042619705,-0.7974204235144384
UBFC_PHYS_s14_T1_ctrl,71,87,73.9,-0.11843641847372055,-0.32805483557699927
UBFC_PHYS_s14_T1_ctrl,71,88,73.93333333333334,-0.3635743260383606,0.17347898773337775
UBFC_PHYS_s14_T1_ctrl,71,89,73.96666666666667,-0.6669268608093262,0.6231853736583776
UBFC_PHYS_s14_T1_ctrl,71,90,74.0,-0.9948663711547852,0.9576617603618015
UBFC_PHYS_s14_T1_ctrl,71,91,74.03333333333333,-1.140586018562317,1.148767241709666
UBFC_PHYS_s14_T1_ctrl,71,92,74.06666666666666,-0.8877311944961548,1.2030227117141448
UBFC_PHYS_s14_T1_ctrl,71,93,74.1,-0.28877121210098267,1.147373303491003
UBFC_PHYS_s14_T1_ctrl,71,94,74.13333333333334,0.3312271535396576,1.0100210491044068
UBFC_PHYS_s14_T1_ctrl,71,95,74.16666666666667,0.7074958086013794,0.8070001704833186
UBFC_PHYS_s14_T1_ctrl,71,96,74.2,0.8101247549057007,0.5408828671329099
UBFC_PHYS_s14_T1_ctrl,71,97,74.23333333333333,0.7098052501678467,0.21058758095650582
UBFC_PHYS_s14_T1_ctrl,71,98,74.26666666666667,0.5070257186889648,-0.17463306144381813
UBFC_PHYS_s14_T1_ctrl,71,99,74.3,0.35395535826683044,-0.5853141436018724
UBFC_PHYS_s14_T1_ctrl,71,100,74.33333333333333,0.30587971210479736,-0.9710512976724838
UBFC_PHYS_s14_T1_ctrl,71,101,74.36666666666666,0.2711537182331085,-1.26915905468963
UBFC_PHYS_s14_T1_ctrl,71,102,74.4,0.16993294656276703,-1.4197001110237362
UBFC_PHYS_s14_T1_ctrl,71,103,74.43333333333334,-0.0029929170850664377,-1.3824196175360142
UBFC_PHYS_s14_T1_ctrl,71,104,74.46666666666667,-0.21453137695789337,-1.1505079479438927
UBFC_PHYS_s14_T1_ctrl,71,105,74.5,-0.4220142662525177,-0.7563019298704436
UBFC_PHYS_s14_T1_ctrl,71,106,74.53333333333333,-0.6251880526542664,-0.2656524087931749
UBFC_PHYS_s14_T1_ctrl,71,107,74.56666666666666,-0.892857015132904,0.23865581517448337
UBFC_PHYS_s14_T1_ctrl,71,108,74.6,-1.240229606628418,0.6790793897220195
UBFC_PHYS_s14_T1_ctrl,71,109,74.63333333333334,-1.5355836153030396,1.002364062457251
UBFC_PHYS_s14_T1_ctrl,71,110,74.66666666666667,-1.541807770729065,1.1876639997146559
UBFC_PHYS_s14_T1_ctrl,71,111,74.7,-1.122617483139038,1.2411810976224595
UBFC_PHYS_s14_T1_ctrl,71,112,74.73333333333333,-0.4359835088253021,1.1817710403708819
UBFC_PHYS_s14_T1_ctrl,71,113,74.76666666666667,0.19178807735443115,1.0264783060587104
UBFC_PHYS_s14_T1_ctrl,71,114,74.8,0.5655219554901123,0.7840714068043142
UBFC_PHYS_s14_T1_ctrl,71,115,74.83333333333333,0.6780645847320557,0.45928381412178904
UBFC_PHYS_s14_T1_ctrl,71,116,74.86666666666666,0.5938547849655151,0.06404310720052994
UBFC_PHYS_s14_T1_ctrl,71,117,74.9,0.4236608147621155,-0.37179326547678515
UBFC_PHYS_s14_T1_ctrl,71,118,74.93333333333334,0.2848694920539856,-0.7969067300924765
UBFC_PHYS_s14_T1_ctrl,71,119,74.96666666666667,0.22983738780021667,-1.145013756101369
UBFC_PHYS_s14_T1_ctrl,71,120,75.0,0.22645772993564606,-1.3498807506402617
UBFC_PHYS_s14_T1_ctrl,71,121,75.03333333333333,0.17981845140457153,-1.3641544488415882
UBFC_PHYS_s14_T1_ctrl,71,122,75.06666666666666,0.03829524666070938,-1.1757583192928416
UBFC_PHYS_s14_T1_ctrl,71,123,75.1,-0.15603512525558472,-0.8156146820286845
UBFC_PHYS_s14_T1_ctrl,71,124,75.13333333333334,-0.3680805265903473,-0.3521772727302376
UBFC_PHYS_s14_T1_ctrl,71,125,75.16666666666667,-0.6195834875106812,0.12735452696594796
UBFC_PHYS_s14_T1_ctrl,71,126,75.2,-0.9200069308280945,0.5428433696481157
UBFC_PHYS_s14_T1_ctrl,71,127,75.23333333333333,-1.2349629402160645,0.8432911774552203
UBFC_PHYS_s14_T1_ctrl,71,128,75.26666666666667,-1.4230128526687622,1.0156352665192898
UBFC_PHYS_s14_T1_ctrl,71,129,75.3,-1.2485942840576172,1.077171063591543
UBFC_PHYS_s14_T1_ctrl,71,130,75.33333333333333,-0.6652088761329651,1.0567155423584644
UBFC_PHYS_s14_T1_ctrl,71,131,75.36666666666666,0.04778645187616348,0.9750049561058749
UBFC_PHYS_s14_T1_ctrl,71,132,75.4,0.589771032333374,0.8343710841584182
UBFC_PHYS_s14_T1_ctrl,71,133,75.43333333333334,0.8789008259773254,0.622152924379183
UBFC_PHYS_s14_T1_ctrl,71,134,75.46666666666667,0.947113573551178,0.3248941338036973
UBFC_PHYS_s14_T1_ctrl,71,135,75.5,0.8516945838928223,-0.05478524513231967
UBFC_PHYS_s14_T1_ctrl,71,136,75.53333333333333,0.70087730884552,-0.48716752863695706
UBFC_PHYS_s14_T1_ctrl,71,137,75.56666666666666,0.579181432723999,-0.9152366680020526
UBFC_PHYS_s14_T1_ctrl,71,138,75.6,0.4916764497756958,-1.2653546309929093
UBFC_PHYS_s14_T1_ctrl,71,139,75.63333333333334,0.4152398407459259,-1.4650602798645898
UBFC_PHYS_s14_T1_ctrl,71,140,75.66666666666667,0.28982633352279663,-1.4626901542958606
UBFC_PHYS_s14_T1_ctrl,71,141,75.7,0.057136841118335724,-1.2435281435205983
UBFC_PHYS_s14_T1_ctrl,71,142,75.73333333333333,-0.24261070787906647,-0.8376898474555834
UBFC_PHYS_s14_T1_ctrl,71,143,75.76666666666667,-0.5278539061546326,-0.3160471773294149
UBFC_PHYS_s14_T1_ctrl,71,144,75.8,-0.7940301895141602,0.22687908375487056
UBFC_PHYS_s14_T1_ctrl,71,145,75.83333333333333,-1.097805142402649,0.6991296947754561
UBFC_PHYS_s14_T1_ctrl,71,146,75.86666666666666,-1.4315464496612549,1.0368001832939193
UBFC_PHYS_s14_T1_ctrl,71,147,75.9,-1.614611268043518,1.217337815558869
UBFC_PHYS_s14_T1_ctrl,71,148,75.93333333333334,-1.392370581626892,1.2549794459102472
UBFC_PHYS_s14_T1_ctrl,71,149,75.96666666666667,-0.7494750022888184,1.1823228957796283
UBFC_PHYS_s14_T1_ctrl,71,150,76.0,0.013961703516542912,1.0291073081360298
UBFC_PHYS_s14_T1_ctrl,71,151,76.03333333333333,0.5814626812934875,0.8097502987870472
UBFC_PHYS_s14_T1_ctrl,71,152,76.06666666666666,0.885491132736206,0.5250295804080644
UBFC_PHYS_s14_T1_ctrl,71,153,76.1,0.9638992547988892,0.1747416323833395
UBFC_PHYS_s14_T1_ctrl,71,154,76.13333333333334,0.8629037737846375,-0.22749832108788434
UBFC_PHYS_s14_T1_ctrl,71,155,76.16666666666667,0.6997507810592651,-0.6461029984203918
UBFC_PHYS_s14_T1_ctrl,71,156,76.2,0.6068382859230042,-1.0258357526204778
UBFC_PHYS_s14_T1_ctrl,71,157,76.23333333333333,0.5755201578140259,-1.302892736676903
UBFC_PHYS_s14_T1_ctrl,71,158,76.26666666666667,0.4842693507671356,-1.4205626127540754
UBFC_PHYS_s14_T1_ctrl,71,159,76.3,0.2837429642677307,-1.345159444975157
UBFC_PHYS_s14_T1_ctrl,71,160,76.33333333333333,0.03184572979807854,-1.0779654421645293
UBFC_PHYS_s14_T1_ctrl,71,161,76.36666666666666,-0.21363013982772827,-0.6589684628321765
UBFC_PHYS_s14_T1_ctrl,71,162,76.4,-0.4515862762928009,-0.15943609721098637
UBFC_PHYS_s14_T1_ctrl,71,163,76.43333333333334,-0.7191707491874695,0.33601495148500776
UBFC_PHYS_s14_T1_ctrl,71,164,76.46666666666667,-1.0496731996536255,0.7519331727738778
UBFC_PHYS_s14_T1_ctrl,71,165,76.5,-1.3877516984939575,1.0399652385234346
UBFC_PHYS_s14_T1_ctrl,71,166,76.53333333333333,-1.4860434532165527,1.1848960078114499
UBFC_PHYS_s14_T1_ctrl,71,167,76.56666666666666,-1.1275461912155151,1.1974676304531577
UBFC_PHYS_s14_T1_ctrl,71,168,76.6,-0.42978745698928833,1.0992861507576113
UBFC_PHYS_s14_T1_ctrl,71,169,76.63333333333334,0.2602543234825134,0.9088285426910295
UBFC_PHYS_s14_T1_ctrl,71,170,76.66666666666667,0.7120020389556885,0.6362893754453868
UBFC_PHYS_s14_T1_ctrl,71,171,76.7,0.8999391794204712,0.2894000839434442
UBFC_PHYS_s14_T1_ctrl,71,172,76.73333333333333,0.8918561935424805,-0.11452055436677469
UBFC_PHYS_s14_T1_ctrl,71,173,76.76666666666667,0.7740187644958496,-0.5387595179327913
UBFC_PHYS_s14_T1_ctrl,71,174,76.8,0.6301579475402832,-0.9263202565745629
UBFC_PHYS_s14_T1_ctrl,71,175,76.83333333333333,0.523867666721344,-1.209549638561784
UBFC_PHYS_s14_T1_ctrl,71,176,76.86666666666666,0.4835089445114136,-1.3272300771432226
UBFC_PHYS_s14_T1_ctrl,71,177,76.9,0.4718209505081177,-1.2433944139639437
UBFC_PHYS_s14_T1_ctrl,71,178,76.93333333333334,0.41740843653678894,-0.9613877865338302
UBFC_PHYS_s14_T1_ctrl,71,179,76.96666666666667,0.29850080609321594,-0.5276220686676788
UBFC_PHYS_s14_T1_ctrl,71,180,77.0,0.12253323197364807,-0.02201592919322759
UBFC_PHYS_s14_T1_ctrl,71,181,77.03333333333333,-0.12795579433441162,0.46323704674317384
UBFC_PHYS_s14_T1_ctrl,71,182,77.06666666666666,-0.45735985040664673,0.8491727801960294
UBFC_PHYS_s14_T1_ctrl,71,183,77.1,-0.8503015041351318,1.0894594823483932
UBFC_PHYS_s14_T1_ctrl,71,184,77.13333333333334,-1.2228807210922241,1.1760616001530493
UBFC_PHYS_s14_T1_ctrl,71,185,77.16666666666667,-1.3453651666641235,1.1302761786177395
UBFC_PHYS_s14_T1_ctrl,71,186,77.2,-1.0112577676773071,0.9850108434120237
UBFC_PHYS_s14_T1_ctrl,71,187,77.23333333333333,-0.32566583156585693,0.7677338047260082
UBFC_PHYS_s14_T1_ctrl,71,188,77.26666666666667,0.3649110794067383,0.49242013936950246
UBFC_PHYS_s14_T1_ctrl,71,189,77.3,0.8154477477073669,0.1636853748577351
UBFC_PHYS_s14_T1_ctrl,71,190,77.33333333333333,0.9891340136528015,-0.21037539757829476
UBFC_PHYS_s14_T1_ctrl,71,191,77.36666666666666,0.9288915991783142,-0.6047912569033768
UBFC_PHYS_s14_T1_ctrl,71,192,77.4,0.7407572865486145,-0.9720754074398548
UBFC_PHYS_s14_T1_ctrl,71,193,77.43333333333334,0.5937139391899109,-1.2486466102114016
UBFC_PHYS_s14_T1_ctrl,71,194,77.46666666666667,0.5627900958061218,-1.371756915460531
UBFC_PHYS_s14_T1_ctrl,71,195,77.5,0.5521723031997681,-1.3005500522610867
UBFC_PHYS_s14_T1_ctrl,71,196,77.53333333333333,0.4667232930660248,-1.033067396869841
UBFC_PHYS_s14_T1_ctrl,71,197,77.56666666666666,0.3374232053756714,-0.6121584545189834
UBFC_PHYS_s14_T1_ctrl,71,198,77.6,0.1839585304260254,-0.11659846413163907
UBFC_PHYS_s14_T1_ctrl,71,199,77.63333333333334,-0.0362543910741806,0.3607731868525171
UBFC_PHYS_s14_T1_ctrl,71,200,77.66666666666667,-0.35371699929237366,0.7397330248620753
UBFC_PHYS_s14_T1_ctrl,71,201,77.7,-0.7524603605270386,0.972994036212787
UBFC_PHYS_s14_T1_ctrl,71,202,77.73333333333333,-1.1408675909042358,1.052217354510291
UBFC_PHYS_s14_T1_ctrl,71,203,77.76666666666667,-1.298359751701355,0.9991005026296719
UBFC_PHYS_s14_T1_ctrl,71,204,77.8,-1.03398597240448,0.8478654169000871
UBFC_PHYS_s14_T1_ctrl,71,205,77.83333333333333,-0.4386309087276459,0.62862749290054
UBFC_PHYS_s14_T1_ctrl,71,206,77.86666666666666,0.2041238248348236,0.35937673701072226
UBFC_PHYS_s14_T1_ctrl,71,207,77.9,0.6623492240905762,0.04912642812363173
UBFC_PHYS_s14_T1_ctrl,71,208,77.93333333333334,0.8318954110145569,-0.2909835478214487
UBFC_PHYS_s14_T1_ctrl,71,209,77.96666666666667,0.7123399972915649,-0.6356064303788377
UBFC_PHYS_s14_T1_ctrl,71,210,78.0,0.43557411432266235,-0.939448109065322
UBFC_PHYS_s14_T1_ctrl,71,211,78.03333333333333,0.2177269458770752,-1.142381273562305
UBFC_PHYS_s14_T1_ctrl,71,212,78.06666666666666,0.15179544687271118,-1.185309842063766
UBFC_PHYS_s14_T1_ctrl,71,213,78.1,0.16063888370990753,-1.0317412095847864
UBFC_PHYS_s14_T1_ctrl,71,214,78.13333333333334,0.14424754679203033,-0.6864284057518296
UBFC_PHYS_s14_T1_ctrl,71,215,78.16666666666667,0.08282224833965302,-0.20194860979566015
UBFC_PHYS_s14_T1_ctrl,71,216,78.2,0.0033157789148390293,0.3321994556919688
UBFC_PHYS_s14_T1_ctrl,71,217,78.23333333333333,-0.11953481286764145,0.8157618500874017
UBFC_PHYS_s14_T1_ctrl,71,218,78.26666666666667,-0.3866686522960663,1.168422083635582
UBFC_PHYS_s14_T1_ctrl,71,219,78.3,-0.840753972530365,1.3509629923880397
UBFC_PHYS_s14_T1_ctrl,71,220,78.33333333333333,-1.2876293659210205,1.3681817807081813
UBFC_PHYS_s14_T1_ctrl,71,221,78.36666666666666,-1.3765143156051636,1.254807430397408
UBFC_PHYS_s14_T1_ctrl,71,222,78.4,-0.9489030241966248,1.0535812678704846
UBFC_PHYS_s14_T1_ctrl,71,223,78.43333333333334,-0.2450609654188156,0.7969379812604015
UBFC_PHYS_s14_T1_ctrl,71,224,78.46666666666667,0.3807954788208008,0.5002547810041812
UBFC_PHYS_s14_T1_ctrl,71,225,78.5,0.7895933389663696,0.167936359623399
UBFC_PHYS_s14_T1_ctrl,71,226,78.53333333333333,0.9404669404029846,-0.19276608128142372
UBFC_PHYS_s14_T1_ctrl,71,227,78.56666666666666,0.8168277740478516,-0.5585006144333295
UBFC_PHYS_s14_T1_ctrl,71,228,78.6,0.5665358901023865,-0.8844642034414107
UBFC_PHYS_s14_T1_ctrl,71,229,78.63333333333334,0.4165353775024414,-1.1105524758596168
UBFC_PHYS_s14_T1_ctrl,71,230,78.66666666666667,0.3944549262523651,-1.1781547613139067
UBFC_PHYS_s14_T1_ctrl,71,231,78.7,0.37533169984817505,-1.0526434706789776
UBFC_PHYS_s14_T1_ctrl,71,232,78.73333333333333,0.3135121166706085,-0.7435039622245397
UBFC_PHYS_s14_T1_ctrl,71,233,78.76666666666667,0.2431025505065918,-0.31292136496300577
UBFC_PHYS_s14_T1_ctrl,71,234,78.8,0.1243075579404831,0.13415965679863107
UBFC_PHYS_s14_T1_ctrl,71,235,78.83333333333333,-0.14093931019306183,0.4786336851833164
UBFC_PHYS_s14_T1_ctrl,71,236,78.86666666666666,-0.571000874042511,0.624919744486921
UBFC_PHYS_s14_T1_ctrl,71,237,78.9,-1.0170875787734985,0.5324800757137735
UBFC_PHYS_s14_T1_ctrl,71,238,78.93333333333334,-1.2124600410461426,0.22917030790650975
UBFC_PHYS_s14_T1_ctrl,71,239,78.96666666666667,-0.9671249985694885,-0.1969149457702641
UBFC_PHYS_s14_T1_ctrl,72,0,72.0,-0.8934766054153442,-0.04545955504693193
UBFC_PHYS_s14_T1_ctrl,72,1,72.03333333333333,-1.2870659828186035,0.4610451977310257
UBFC_PHYS_s14_T1_ctrl,72,2,72.06666666666666,-1.541300892829895,0.9054595569518957
UBFC_PHYS_s14_T1_ctrl,72,3,72.1,-1.393497109413147,1.239284633955981
UBFC_PHYS_s14_T1_ctrl,72,4,72.13333333333334,-0.7881439328193665,1.436774040502782
UBFC_PHYS_s14_T1_ctrl,72,5,72.16666666666667,-0.04292921721935272,1.4978176993240078
UBFC_PHYS_s14_T1_ctrl,72,6,72.2,0.5194741487503052,1.4423317467344612
UBFC_PHYS_s14_T1_ctrl,72,7,72.23333333333333,0.856510579586029,1.2985825499772512
UBFC_PHYS_s14_T1_ctrl,72,8,72.26666666666667,1.0054408311843872,1.090836501148338
UBFC_PHYS_s14_T1_ctrl,72,9,72.3,0.941255509853363,0.8319230340070455
UBFC_PHYS_s14_T1_ctrl,72,10,72.33333333333333,0.7486149668693542,0.5238840351586143
UBFC_PHYS_s14_T1_ctrl,72,11,72.36666666666666,0.61616051197052,0.16610291227386706
UBFC_PHYS_s14_T1_ctrl,72,12,72.4,0.6270317435264587,-0.23312343679739755
UBFC_PHYS_s14_T1_ctrl,72,13,72.43333333333334,0.6707138419151306,-0.6472093924203497
UBFC_PHYS_s14_T1_ctrl,72,14,72.46666666666667,0.6333404779434204,-1.0289055385264791
UBFC_PHYS_s14_T1_ctrl,72,15,72.5,0.5293596386909485,-1.3170803488175795
UBFC_PHYS_s14_T1_ctrl,72,16,72.53333333333333,0.3879772424697876,-1.4515150125811518
UBFC_PHYS_s14_T1_ctrl,72,17,72.56666666666666,0.18390220403671265,-1.3915161649894765
UBFC_PHYS_s14_T1_ctrl,72,18,72.6,-0.06909340620040894,-1.132085318009645
UBFC_PHYS_s14_T1_ctrl,72,19,72.63333333333334,-0.33684685826301575,-0.7110205272150281
UBFC_PHYS_s14_T1_ctrl,72,20,72.66666666666667,-0.6405655145645142,-0.20239421225383322
UBFC_PHYS_s14_T1_ctrl,72,21,72.7,-0.9320047497749329,0.30308894624130955
UBFC_PHYS_s14_T1_ctrl,72,22,72.73333333333333,-1.0593615770339966,0.7237222901595255
UBFC_PHYS_s14_T1_ctrl,72,23,72.76666666666667,-0.9953169822692871,1.0075880504379209
UBFC_PHYS_s14_T1_ctrl,72,24,72.8,-0.8389796018600464,1.1402131225229681
UBFC_PHYS_s14_T1_ctrl,72,25,72.83333333333333,-0.5563556551933289,1.1376666597413685
UBFC_PHYS_s14_T1_ctrl,72,26,72.86666666666666,-0.10421369224786758,1.0304909901403572
UBFC_PHYS_s14_T1_ctrl,72,27,72.9,0.3213416635990143,0.8472187207948009
UBFC_PHYS_s14_T1_ctrl,72,28,72.93333333333334,0.4992524981498718,0.6049522512921817
UBFC_PHYS_s14_T1_ctrl,72,29,72.96666666666667,0.4660192131996155,0.31000775104258205
UBFC_PHYS_s14_T1_ctrl,72,30,73.0,0.3810771107673645,-0.03337461989888366
UBFC_PHYS_s14_T1_ctrl,72,31,73.03333333333333,0.32979080080986023,-0.4115588146101258
UBFC_PHYS_s14_T1_ctrl,72,32,73.06666666666666,0.33235371112823486,-0.7931768197569293
UBFC_PHYS_s14_T1_ctrl,72,33,73.1,0.37811991572380066,-1.1281820171872827
UBFC_PHYS_s14_T1_ctrl,72,34,73.13333333333334,0.39932727813720703,-1.3557839534015024
UBFC_PHYS_s14_T1_ctrl,72,35,73.16666666666667,0.30658382177352905,-1.4197010860574508
UBFC_PHYS_s14_T1_ctrl,72,36,73.2,0.09363715350627899,-1.2863969856039814
UBFC_PHYS_s14_T1_ctrl,72,37,73.23333333333333,-0.13843274116516113,-0.9600258643673544
UBFC_PHYS_s14_T1_ctrl,72,38,73.26666666666667,-0.3283695578575134,-0.4875303966513245
UBFC_PHYS_s14_T1_ctrl,72,39,73.3,-0.5723245739936829,0.05013442853478359
UBFC_PHYS_s14_T1_ctrl,72,40,73.33333333333333,-0.9481144547462463,0.5592635025512962
UBFC_PHYS_s14_T1_ctrl,72,41,73.36666666666666,-1.3255659341812134,0.9596455288151241
UBFC_PHYS_s14_T1_ctrl,72,42,73.4,-1.4326167106628418,1.2048717504935955
UBFC_PHYS_s14_T1_ctrl,72,43,73.43333333333334,-1.0956083536148071,1.2881030965233686
UBFC_PHYS_s14_T1_ctrl,72,44,73.46666666666667,-0.43305447697639465,1.2324591565423495
UBFC_PHYS_s14_T1_ctrl,72,45,73.5,0.21547384560108185,1.0730751430625667
UBFC_PHYS_s14_T1_ctrl,72,46,73.53333333333333,0.5942490696907043,0.8405714405853656
UBFC_PHYS_s14_T1_ctrl,72,47,73.56666666666666,0.6993846297264099,0.5530342084399354
UBFC_PHYS_s14_T1_ctrl,72,48,73.6,0.6048949956893921,0.2184523649811581
UBFC_PHYS_s14_T1_ctrl,72,49,73.63333333333334,0.42354816198349,-0.15540131762075868
UBFC_PHYS_s14_T1_ctrl,72,50,73.66666666666667,0.30940020084381104,-0.5495616319347708
UBFC_PHYS_s14_T1_ctrl,72,51,73.7,0.3237074017524719,-0.9269617360082127
UBFC_PHYS_s14_T1_ctrl,72,52,73.73333333333333,0.39769378304481506,-1.233798542236774
UBFC_PHYS_s14_T1_ctrl,72,53,73.76666666666667,0.45109236240386963,-1.4096883018287303
UBFC_PHYS_s14_T1_ctrl,72,54,73.8,0.4319409728050232,-1.4041318812951387
UBFC_PHYS_s14_T1_ctrl,72,55,73.83333333333333,0.30869609117507935,-1.1944250415311433
UBFC_PHYS_s14_T1_ctrl,72,56,73.86666666666666,0.10656435042619705,-0.798605123464617
UBFC_PHYS_s14_T1_ctrl,72,57,73.9,-0.11843641847372055,-0.27722036542193423
UBFC_PHYS_s14_T1_ctrl,72,58,73.93333333333334,-0.3635743260383606,0.2793584987570925
UBFC_PHYS_s14_T1_ctrl,72,59,73.96666666666667,-0.6669268608093262,0.7754241109793244
UBFC_PHYS_s14_T1_ctrl,72,60,74.0,-0.9948663711547852,1.1367433738965245
UBFC_PHYS_s14_T1_ctrl,72,61,74.03333333333333,-1.140586018562317,1.3277989594593853
UBFC_PHYS_s14_T1_ctrl,72,62,74.06666666666666,-0.8877311944961548,1.352641165979414
UBFC_PHYS_s14_T1_ctrl,72,63,74.1,-0.28877121210098267,1.2414115678993485
UBFC_PHYS_s14_T1_ctrl,72,64,74.13333333333334,0.3312271535396576,1.031234068682309
UBFC_PHYS_s14_T1_ctrl,72,65,74.16666666666667,0.7074958086013794,0.7513898389343858
UBFC_PHYS_s14_T1_ctrl,72,66,74.2,0.8101247549057007,0.41875907268957374
UBFC_PHYS_s14_T1_ctrl,72,67,74.23333333333333,0.7098052501678467,0.043424741618708476
UBFC_PHYS_s14_T1_ctrl,72,68,74.26666666666667,0.5070257186889648,-0.3604116117014308
UBFC_PHYS_s14_T1_ctrl,72,69,74.3,0.35395535826683044,-0.7647185593785933
UBFC_PHYS_s14_T1_ctrl,72,70,74.33333333333333,0.30587971210479736,-1.124325152567526
UBFC_PHYS_s14_T1_ctrl,72,71,74.36666666666666,0.2711537182331085,-1.382263106922062
UBFC_PHYS_s14_T1_ctrl,72,72,74.4,0.16993294656276703,-1.4828915044457853
UBFC_PHYS_s14_T1_ctrl,72,73,74.43333333333334,-0.0029929170850664377,-1.3891662687000603
UBFC_PHYS_s14_T1_ctrl,72,74,74.46666666666667,-0.21453137695789337,-1.098252820769028
UBFC_PHYS_s14_T1_ctrl,72,75,74.5,-0.4220142662525177,-0.6488681773927111
UBFC_PHYS_s14_T1_ctrl,72,76,74.53333333333333,-0.6251880526542664,-0.11536537681358336
UBFC_PHYS_s14_T1_ctrl,72,77,74.56666666666666,-0.892857015132904,0.4114360306090725
UBFC_PHYS_s14_T1_ctrl,72,78,74.6,-1.240229606628418,0.8496702909302737
UBFC_PHYS_s14_T1_ctrl,72,79,74.63333333333334,-1.5355836153030396,1.1470017024826595
UBFC_PHYS_s14_T1_ctrl,72,80,74.66666666666667,-1.541807770729065,1.2878129345168985
UBFC_PHYS_s14_T1_ctrl,72,81,74.7,-1.122617483139038,1.2857592262422444
UBFC_PHYS_s14_T1_ctrl,72,82,74.73333333333333,-0.4359835088253021,1.1677108328666506
UBFC_PHYS_s14_T1_ctrl,72,83,74.76666666666667,0.19178807735443115,0.9584365796500744
UBFC_PHYS_s14_T1_ctrl,72,84,74.8,0.5655219554901123,0.6734101577682662
UBFC_PHYS_s14_T1_ctrl,72,85,74.83333333333333,0.6780645847320557,0.32179051787907226
UBFC_PHYS_s14_T1_ctrl,72,86,74.86666666666666,0.5938547849655151,-0.08373064680619634
UBFC_PHYS_s14_T1_ctrl,72,87,74.9,0.4236608147621155,-0.51646208025491
UBFC_PHYS_s14_T1_ctrl,72,88,74.93333333333334,0.2848694920539856,-0.9305800079129756
UBFC_PHYS_s14_T1_ctrl,72,89,74.96666666666667,0.22983738780021667,-1.2647058613399986
UBFC_PHYS_s14_T1_ctrl,72,90,75.0,0.22645772993564606,-1.454244050558168
UBFC_PHYS_s14_T1_ctrl,72,91,75.03333333333333,0.17981845140457153,-1.4493202558140297
UBFC_PHYS_s14_T1_ctrl,72,92,75.06666666666666,0.03829524666070938,-1.2326070475935285
UBFC_PHYS_s14_T1_ctrl,72,93,75.1,-0.15603512525558472,-0.8301198067720968
UBFC_PHYS_s14_T1_ctrl,72,94,75.13333333333334,-0.3680805265903473,-0.3091503863187602
UBFC_PHYS_s14_T1_ctrl,72,95,75.16666666666667,-0.6195834875106812,0.23814977537127344
UBFC_PHYS_s14_T1_ctrl,72,96,75.2,-0.9200069308280945,0.7203088859813427
UBFC_PHYS_s14_T1_ctrl,72,97,75.23333333333333,-1.2349629402160645,1.0708954390685064
UBFC_PHYS_s14_T1_ctrl,72,98,75.26666666666667,-1.4230128526687622,1.2616879923054414
UBFC_PHYS_s14_T1_ctrl,72,99,75.3,-1.2485942840576172,1.3002467972711174
UBFC_PHYS_s14_T1_ctrl,72,100,75.33333333333333,-0.6652088761329651,1.2152604831918594
UBFC_PHYS_s14_T1_ctrl,72,101,75.36666666666666,0.04778645187616348,1.0384720077445027
UBFC_PHYS_s14_T1_ctrl,72,102,75.4,0.589771032333374,0.7921126086271612
UBFC_PHYS_s14_T1_ctrl,72,103,75.43333333333334,0.8789008259773254,0.48657850282858367
UBFC_PHYS_s14_T1_ctrl,72,104,75.46666666666667,0.947113573551178,0.1275882511258046
UBFC_PHYS_s14_T1_ctrl,72,105,75.5,0.8516945838928223,-0.2722033604535442
UBFC_PHYS_s14_T1_ctrl,72,106,75.53333333333333,0.70087730884552,-0.6837096091322593
UBFC_PHYS_s14_T1_ctrl,72,107,75.56666666666666,0.579181432723999,-1.059182184975007
UBFC_PHYS_s14_T1_ctrl,72,108,75.6,0.4916764497756958,-1.3389489607032194
UBFC_PHYS_s14_T1_ctrl,72,109,75.63333333333334,0.4152398407459259,-1.4652354262340215
UBFC_PHYS_s14_T1_ctrl,72,110,75.66666666666667,0.28982633352279663,-1.398922167257814
UBFC_PHYS_s14_T1_ctrl,72,111,75.7,0.057136841118335724,-1.1340859840173456
UBFC_PHYS_s14_T1_ctrl,72,112,75.73333333333333,-0.24261070787906647,-0.7050436023637654
UBFC_PHYS_s14_T1_ctrl,72,113,75.76666666666667,-0.5278539061546326,-0.18188119990583418
UBFC_PHYS_s14_T1_ctrl,72,114,75.8,-0.7940301895141602,0.3461990090461045
UBFC_PHYS_s14_T1_ctrl,72,115,75.83333333333333,-1.097805142402649,0.79507426038737
UBFC_PHYS_s14_T1_ctrl,72,116,75.86666666666666,-1.4315464496612549,1.107717792669747
UBFC_PHYS_s14_T1_ctrl,72,117,75.9,-1.614611268043518,1.2640876420357368
UBFC_PHYS_s14_T1_ctrl,72,118,75.93333333333334,-1.392370581626892,1.2755580341018646
UBFC_PHYS_s14_T1_ctrl,72,119,75.96666666666667,-0.7494750022888184,1.1691824234205888
UBFC_PHYS_s14_T1_ctrl,72,120,76.0,0.013961703516542912,0.9714591013632606
UBFC_PHYS_s14_T1_ctrl,72,121,76.03333333333333,0.5814626812934875,0.6997563533394913
UBFC_PHYS_s14_T1_ctrl,72,122,76.06666666666666,0.885491132736206,0.36414833800893054
UBFC_PHYS_s14_T1_ctrl,72,123,76.1,0.9638992547988892,-0.02342277781316367
UBFC_PHYS_s14_T1_ctrl,72,124,76.13333333333334,0.8629037737846375,-0.43898515299631297
UBFC_PHYS_s14_T1_ctrl,72,125,76.16666666666667,0.6997507810592651,-0.8413737044342645
UBFC_PHYS_s14_T1_ctrl,72,126,76.2,0.6068382859230042,-1.1750969090705121
UBFC_PHYS_s14_T1_ctrl,72,127,76.23333333333333,0.5755201578140259,-1.3807625244781703
UBFC_PHYS_s14_T1_ctrl,72,128,76.26666666666667,0.4842693507671356,-1.4101913915264328
UBFC_PHYS_s14_T1_ctrl,72,129,76.3,0.2837429642677307,-1.2419324011781914
UBFC_PHYS_s14_T1_ctrl,72,130,76.33333333333333,0.03184572979807854,-0.8919813006540218
UBFC_PHYS_s14_T1_ctrl,72,131,76.36666666666666,-0.21363013982772827,-0.41474675792145765
UBFC_PHYS_s14_T1_ctrl,72,132,76.4,-0.4515862762928009,0.10827955771933656
UBFC_PHYS_s14_T1_ctrl,72,133,76.43333333333334,-0.7191707491874695,0.5897993374352374
UBFC_PHYS_s14_T1_ctrl,72,134,76.46666666666667,-1.0496731996536255,0.9599647855179486
UBFC_PHYS_s14_T1_ctrl,72,135,76.5,-1.3877516984939575,1.1816514617977192
UBFC_PHYS_s14_T1_ctrl,72,136,76.53333333333333,-1.4860434532165527,1.251967997755368
UBFC_PHYS_s14_T1_ctrl,72,137,76.56666666666666,-1.1275461912155151,1.1915662151087154
UBFC_PHYS_s14_T1_ctrl,72,138,76.6,-0.42978745698928833,1.0288675521243222
UBFC_PHYS_s14_T1_ctrl,72,139,76.63333333333334,0.2602543234825134,0.7875659487923533
UBFC_PHYS_s14_T1_ctrl,72,140,76.66666666666667,0.7120020389556885,0.4828021317900476
UBFC_PHYS_s14_T1_ctrl,72,141,76.7,0.8999391794204712,0.1262225793087269
UBFC_PHYS_s14_T1_ctrl,72,142,76.73333333333333,0.8918561935424805,-0.26449554084568583
UBFC_PHYS_s14_T1_ctrl,72,143,76.76666666666667,0.7740187644958496,-0.6578923618714767
UBFC_PHYS_s14_T1_ctrl,72,144,76.8,0.6301579475402832,-1.0074004888988055
UBFC_PHYS_s14_T1_ctrl,72,145,76.83333333333333,0.523867666721344,-1.2577773426720098
UBFC_PHYS_s14_T1_ctrl,72,146,76.86666666666666,0.4835089445114136,-1.3576388913943156
UBFC_PHYS_s14_T1_ctrl,72,147,76.9,0.4718209505081177,-1.2744178216559363
UBFC_PHYS_s14_T1_ctrl,72,148,76.93333333333334,0.41740843653678894,-1.0069281896023499
UBFC_PHYS_s14_T1_ctrl,72,149,76.96666666666667,0.29850080609321594,-0.5906720720700502
UBFC_PHYS_s14_T1_ctrl,72,150,77.0,0.12253323197364807,-0.09255161256124944
UBFC_PHYS_s14_T1_ctrl,72,151,77.03333333333333,-0.12795579433441162,0.4048130579243719
UBFC_PHYS_s14_T1_ctrl,72,152,77.06666666666666,-0.45735985040664673,0.8242136789299858
UBFC_PHYS_s14_T1_ctrl,72,153,77.1,-0.8503015041351318,1.112323584008094
UBFC_PHYS_s14_T1_ctrl,72,154,77.13333333333334,-1.2228807210922241,1.2482832114725901
UBFC_PHYS_s14_T1_ctrl,72,155,77.16666666666667,-1.3453651666641235,1.2398987642428878
UBFC_PHYS_s14_T1_ctrl,72,156,77.2,-1.0112577676773071,1.11105304989801
UBFC_PHYS_s14_T1_ctrl,72,157,77.23333333333333,-0.32566583156585693,0.8878832567613474
UBFC_PHYS_s14_T1_ctrl,72,158,77.26666666666667,0.3649110794067383,0.5907929097030821
UBFC_PHYS_s14_T1_ctrl,72,159,77.3,0.8154477477073669,0.23524869138941074
UBFC_PHYS_s14_T1_ctrl,72,160,77.33333333333333,0.9891340136528015,-0.16077079850749945
UBFC_PHYS_s14_T1_ctrl,72,161,77.36666666666666,0.9288915991783142,-0.5681847066039908
UBFC_PHYS_s14_T1_ctrl,72,162,77.4,0.7407572865486145,-0.9427985754918374
UBFC_PHYS_s14_T1_ctrl,72,163,77.43333333333334,0.5937139391899109,-1.2291520087262393
UBFC_PHYS_s14_T1_ctrl,72,164,77.46666666666667,0.5627900958061218,-1.3719852962420456
UBFC_PHYS_s14_T1_ctrl,72,165,77.5,0.5521723031997681,-1.3319273059846164
UBFC_PHYS_s14_T1_ctrl,72,166,77.53333333333333,0.4667232930660248,-1.1001187481322625
UBFC_PHYS_s14_T1_ctrl,72,167,77.56666666666666,0.3374232053756714,-0.7060757120465913
UBFC_PHYS_s14_T1_ctrl,72,168,77.6,0.1839585304260254,-0.21437853726284195
UBFC_PHYS_s14_T1_ctrl,72,169,77.63333333333334,-0.0362543910741806,0.2905289115541701
UBFC_PHYS_s14_T1_ctrl,72,170,77.66666666666667,-0.35371699929237366,0.7266203520602792
UBFC_PHYS_s14_T1_ctrl,72,171,77.7,-0.7524603605270386,1.034825773887501
UBFC_PHYS_s14_T1_ctrl,72,172,77.73333333333333,-1.1408675909042358,1.1895912658938794
UBFC_PHYS_s14_T1_ctrl,72,173,77.76666666666667,-1.298359751701355,1.1962196358264412
UBFC_PHYS_s14_T1_ctrl,72,174,77.8,-1.03398597240448,1.0783655484579886
UBFC_PHYS_s14_T1_ctrl,72,175,77.83333333333333,-0.4386309087276459,0.863459972339165
UBFC_PHYS_s14_T1_ctrl,72,176,77.86666666666666,0.2041238248348236,0.5735765444296492
UBFC_PHYS_s14_T1_ctrl,72,177,77.9,0.6623492240905762,0.22518755047256525
UBFC_PHYS_s14_T1_ctrl,72,178,77.93333333333334,0.8318954110145569,-0.1638762503231211
UBFC_PHYS_s14_T1_ctrl,72,179,77.96666666666667,0.7123399972915649,-0.5655457160167099
UBFC_PHYS_s14_T1_ctrl,72,180,78.0,0.43557411432266235,-0.9366189746867288
UBFC_PHYS_s14_T1_ctrl,72,181,78.03333333333333,0.2177269458770752,-1.2217082245136535
UBFC_PHYS_s14_T1_ctrl,72,182,78.06666666666666,0.15179544687271118,-1.364447288537837
UBFC_PHYS_s14_T1_ctrl,72,183,78.1,0.16063888370990753,-1.323843170583838
UBFC_PHYS_s14_T1_ctrl,72,184,78.13333333333334,0.14424754679203033,-1.0900724541706122
UBFC_PHYS_s14_T1_ctrl,72,185,78.16666666666667,0.08282224833965302,-0.6931203645619194
UBFC_PHYS_s14_T1_ctrl,72,186,78.2,0.0033157789148390293,-0.19910778522009825
UBFC_PHYS_s14_T1_ctrl,72,187,78.23333333333333,-0.11953481286764145,0.30633140584474416
UBFC_PHYS_s14_T1_ctrl,72,188,78.26666666666667,-0.3866686522960663,0.7417973196927479
UBFC_PHYS_s14_T1_ctrl,72,189,78.3,-0.840753972530365,1.0509812172636934
UBFC_PHYS_s14_T1_ctrl,72,190,78.33333333333333,-1.2876293659210205,1.2121255364399552
UBFC_PHYS_s14_T1_ctrl,72,191,78.36666666666666,-1.3765143156051636,1.2336694798718908
UBFC_PHYS_s14_T1_ctrl,72,192,78.4,-0.9489030241966248,1.1405066484877473
UBFC_PHYS_s14_T1_ctrl,72,193,78.43333333333334,-0.2450609654188156,0.9590758365546125
UBFC_PHYS_s14_T1_ctrl,72,194,78.46666666666667,0.3807954788208008,0.7084899290285844
UBFC_PHYS_s14_T1_ctrl,72,195,78.5,0.7895933389663696,0.4006263270994395
UBFC_PHYS_s14_T1_ctrl,72,196,78.53333333333333,0.9404669404029846,0.047435597820654984
UBFC_PHYS_s14_T1_ctrl,72,197,78.56666666666666,0.8168277740478516,-0.32942213978668433
UBFC_PHYS_s14_T1_ctrl,72,198,78.6,0.5665358901023865,-0.6923275087649473
UBFC_PHYS_s14_T1_ctrl,72,199,78.63333333333334,0.4165353775024414,-0.9890568590822412
UBFC_PHYS_s14_T1_ctrl,72,200,78.66666666666667,0.3944549262523651,-1.1628161160489878
UBFC_PHYS_s14_T1_ctrl,72,201,78.7,0.37533169984817505,-1.1683517190275607
UBFC_PHYS_s14_T1_ctrl,72,202,78.73333333333333,0.3135121166706085,-0.9885677871417851
UBFC_PHYS_s14_T1_ctrl,72,203,78.76666666666667,0.2431025505065918,-0.6448527780440493
UBFC_PHYS_s14_T1_ctrl,72,204,78.8,0.1243075579404831,-0.1956385264300765
UBFC_PHYS_s14_T1_ctrl,72,205,78.83333333333333,-0.14093931019306183,0.2779666376341836
UBFC_PHYS_s14_T1_ctrl,72,206,78.86666666666666,-0.571000874042511,0.6945319690668453
UBFC_PHYS_s14_T1_ctrl,72,207,78.9,-1.0170875787734985,0.9934999848059302
UBFC_PHYS_s14_T1_ctrl,72,208,78.93333333333334,-1.2124600410461426,1.1467837179446856
UBFC_PHYS_s14_T1_ctrl,72,209,78.96666666666667,-0.9671249985694885,1.1573495056530645
UBFC_PHYS_s14_T1_ctrl,72,210,79.0,-0.3535761535167694,1.0476890556201357
UBFC_PHYS_s14_T1_ctrl,72,211,79.03333333333333,0.3534765839576721,0.8452380741897296
UBFC_PHYS_s14_T1_ctrl,72,212,79.06666666666666,0.8974607586860657,0.5718252257763284
UBFC_PHYS_s14_T1_ctrl,72,213,79.1,1.1631301641464233,0.2410550194557755
UBFC_PHYS_s14_T1_ctrl,72,214,79.13333333333334,1.155920147895813,-0.13660401261144725
UBFC_PHYS_s14_T1_ctrl,72,215,79.16666666666667,0.9633641242980957,-0.5446409630642454
UBFC_PHYS_s14_T1_ctrl,72,216,79.2,0.7153253555297852,-0.9525073606108306
UBFC_PHYS_s14_T1_ctrl,72,217,79.23333333333333,0.5352177023887634,-1.313597480965796
UBFC_PHYS_s14_T1_ctrl,72,218,79.26666666666667,0.4344193935394287,-1.5716059192364558
UBFC_PHYS_s14_T1_ctrl,72,219,79.3,0.3100197911262512,-1.6742075346482108
UBFC_PHYS_s14_T1_ctrl,72,220,79.33333333333333,0.14055807888507843,-1.5896904261961684
UBFC_PHYS_s14_T1_ctrl,72,221,79.36666666666666,-0.0223696269094944,-1.3202503894117894
UBFC_PHYS_s14_T1_ctrl,72,222,79.4,-0.2188967764377594,-0.9060611211847384
UBFC_PHYS_s14_T1_ctrl,72,223,79.43333333333334,-0.5369508266448975,-0.4172349604651976
UBFC_PHYS_s14_T1_ctrl,72,224,79.46666666666667,-0.972842276096344,0.06440975588062035
UBFC_PHYS_s14_T1_ctrl,72,225,79.5,-1.393243670463562,0.46723555981924536
UBFC_PHYS_s14_T1_ctrl,72,226,79.53333333333333,-1.5235857963562012,0.7467318735805387
UBFC_PHYS_s14_T1_ctrl,72,227,79.56666666666666,-1.1748331785202026,0.8912141103179652
UBFC_PHYS_s14_T1_ctrl,72,228,79.6,-0.49890148639678955,0.9159429061955898
UBFC_PHYS_s14_T1_ctrl,72,229,79.63333333333334,0.14041726291179657,0.850864110506442
UBFC_PHYS_s14_T1_ctrl,72,230,79.66666666666667,0.5486518740653992,0.728583927865616
UBFC_PHYS_s14_T1_ctrl,72,231,79.7,0.7348428964614868,0.5769638372314739
UBFC_PHYS_s14_T1_ctrl,72,232,79.73333333333333,0.7104248404502869,0.41734885875705013
UBFC_PHYS_s14_T1_ctrl,72,233,79.76666666666667,0.520797848701477,0.26666008263409563
UBFC_PHYS_s14_T1_ctrl,72,234,79.8,0.34795644879341125,0.14023327998568957
UBFC_PHYS_s14_T1_ctrl,72,235,79.83333333333333,0.30587971210479736,0.05263341904444678
UBFC_PHYS_s14_T1_ctrl,72,236,79.86666666666666,0.3181591331958771,0.015363175990459442
UBFC_PHYS_s14_T1_ctrl,72,237,79.9,0.2829825282096863,0.03253741462273478
UBFC_PHYS_s14_T1_ctrl,72,238,79.93333333333334,0.1922386884689331,0.09714942353993775
UBFC_PHYS_s14_T1_ctrl,72,239,79.96666666666667,0.05471475422382355,0.19062762773319306
UBFC_PHYS_s14_T1_ctrl,73,0,73.0,0.3810771107673645,0.0732578673341533
UBFC_PHYS_s14_T1_ctrl,73,1,73.03333333333333,0.32979080080986023,-0.29248778838849543
UBFC_PHYS_s14_T1_ctrl,73,2,73.06666666666666,0.33235371112823486,-0.6221888296418678
UBFC_PHYS_s14_T1_ctrl,73,3,73.1,0.37811991572380066,-0.8780210717518458
UBFC_PHYS_s14_T1_ctrl,73,4,73.13333333333334,0.39932727813720703,-1.0224541856797533
UBFC_PHYS_s14_T1_ctrl,73,5,73.16666666666667,0.30658382177352905,-1.024463058272818
UBFC_PHYS_s14_T1_ctrl,73,6,73.2,0.09363715350627899,-0.8685055780246789
UBFC_PHYS_s14_T1_ctrl,73,7,73.23333333333333,-0.13843274116516113,-0.563060248229297
UBFC_PHYS_s14_T1_ctrl,73,8,73.26666666666667,-0.3283695578575134,-0.14512927239727022
UBFC_PHYS_s14_T1_ctrl,73,9,73.3,-0.5723245739936829,0.3223651064307261
UBFC_PHYS_s14_T1_ctrl,73,10,73.33333333333333,-0.9481144547462463,0.7618398753405679
UBFC_PHYS_s14_T1_ctrl,73,11,73.36666666666666,-1.3255659341812134,1.099215570806818
UBFC_PHYS_s14_T1_ctrl,73,12,73.4,-1.4326167106628418,1.2828310049438787
UBFC_PHYS_s14_T1_ctrl,73,13,73.43333333333334,-1.0956083536148071,1.2951138583987283
UBFC_PHYS_s14_T1_ctrl,73,14,73.46666666666667,-0.43305447697639465,1.1522883605359546
UBFC_PHYS_s14_T1_ctrl,73,15,73.5,0.21547384560108185,0.8934090841125076
UBFC_PHYS_s14_T1_ctrl,73,16,73.53333333333333,0.5942490696907043,0.5646343790684895
UBFC_PHYS_s14_T1_ctrl,73,17,73.56666666666666,0.6993846297264099,0.20586365035826606
UBFC_PHYS_s14_T1_ctrl,73,18,73.6,0.6048949956893921,-0.15528240912128669
UBFC_PHYS_s14_T1_ctrl,73,19,73.63333333333334,0.42354816198349,-0.501238210416427
UBFC_PHYS_s14_T1_ctrl,73,20,73.66666666666667,0.30940020084381104,-0.8170749874271669
UBFC_PHYS_s14_T1_ctrl,73,21,73.7,0.3237074017524719,-1.082891271349545
UBFC_PHYS_s14_T1_ctrl,73,22,73.73333333333333,0.39769378304481506,-1.2703146875333138
UBFC_PHYS_s14_T1_ctrl,73,23,73.76666666666667,0.45109236240386963,-1.3451890531860018
UBFC_PHYS_s14_T1_ctrl,73,24,73.8,0.4319409728050232,-1.2762236475111792
UBFC_PHYS_s14_T1_ctrl,73,25,73.83333333333333,0.30869609117507935,-1.0473493198157853
UBFC_PHYS_s14_T1_ctrl,73,26,73.86666666666666,0.10656435042619705,-0.6696677848221483
UBFC_PHYS_s14_T1_ctrl,73,27,73.9,-0.11843641847372055,-0.18757757506638043
UBFC_PHYS_s14_T1_ctrl,73,28,73.93333333333334,-0.3635743260383606,0.3259352439377914
UBFC_PHYS_s14_T1_ctrl,73,29,73.96666666666667,-0.6669268608093262,0.786006463772023
UBFC_PHYS_s14_T1_ctrl,73,30,74.0,-0.9948663711547852,1.1190689445748607
UBFC_PHYS_s14_T1_ctrl,73,31,74.03333333333333,-1.140586018562317,1.2823755880132353
UBFC_PHYS_s14_T1_ctrl,73,32,74.06666666666666,-0.8877311944961548,1.2714833210942185
UBFC_PHYS_s14_T1_ctrl,73,33,74.1,-0.28877121210098267,1.1138057841575695
UBFC_PHYS_s14_T1_ctrl,73,34,74.13333333333334,0.3312271535396576,0.8530974665055957
UBFC_PHYS_s14_T1_ctrl,73,35,74.16666666666667,0.7074958086013794,0.533128375691713
UBFC_PHYS_s14_T1_ctrl,73,36,74.2,0.8101247549057007,0.18753481819295545
UBFC_PHYS_s14_T1_ctrl,73,37,74.23333333333333,0.7098052501678467,-0.16154539420798508
UBFC_PHYS_s14_T1_ctrl,73,38,74.26666666666667,0.5070257186889648,-0.4980437925954347
UBFC_PHYS_s14_T1_ctrl,73,39,74.3,0.35395535826683044,-0.8042563117701225
UBFC_PHYS_s14_T1_ctrl,73,40,74.33333333333333,0.30587971210479736,-1.0551732512029977
UBFC_PHYS_s14_T1_ctrl,73,41,74.36666666666666,0.2711537182331085,-1.2175734559503009
UBFC_PHYS_s14_T1_ctrl,73,42,74.4,0.16993294656276703,-1.255113697409593
UBFC_PHYS_s14_T1_ctrl,73,43,74.43333333333334,-0.0029929170850664377,-1.138961596924395
UBFC_PHYS_s14_T1_ctrl,73,44,74.46666666666667,-0.21453137695789337,-0.8610841479889536
UBFC_PHYS_s14_T1_ctrl,73,45,74.5,-0.4220142662525177,-0.4448485244590695
UBFC_PHYS_s14_T1_ctrl,73,46,74.53333333333333,-0.6251880526542664,0.05317831127123421
UBFC_PHYS_s14_T1_ctrl,73,47,74.56666666666666,-0.892857015132904,0.5536166154214557
UBFC_PHYS_s14_T1_ctrl,73,48,74.6,-1.240229606628418,0.9742581370939569
UBFC_PHYS_s14_T1_ctrl,73,49,74.63333333333334,-1.5355836153030396,1.2516202403211245
UBFC_PHYS_s14_T1_ctrl,73,50,74.66666666666667,-1.541807770729065,1.3550624277648033
UBFC_PHYS_s14_T1_ctrl,73,51,74.7,-1.122617483139038,1.2884588944342685
UBFC_PHYS_s14_T1_ctrl,73,52,74.73333333333333,-0.4359835088253021,1.0809062500959896
UBFC_PHYS_s14_T1_ctrl,73,53,74.76666666666667,0.19178807735443115,0.772821381065199
UBFC_PHYS_s14_T1_ctrl,73,54,74.8,0.5655219554901123,0.4042694385555471
UBFC_PHYS_s14_T1_ctrl,73,55,74.83333333333333,0.6780645847320557,0.009373473448988234
UBFC_PHYS_s14_T1_ctrl,73,56,74.86666666666666,0.5938547849655151,-0.3831255393305885
UBFC_PHYS_s14_T1_ctrl,73,57,74.9,0.4236608147621155,-0.7457064212325734
UBFC_PHYS_s14_T1_ctrl,73,58,74.93333333333334,0.2848694920539856,-1.047658983903114
UBFC_PHYS_s14_T1_ctrl,73,59,74.96666666666667,0.22983738780021667,-1.2534740530995294
UBFC_PHYS_s14_T1_ctrl,73,60,75.0,0.22645772993564606,-1.3263384693240483
UBFC_PHYS_s14_T1_ctrl,73,61,75.03333333333333,0.17981845140457153,-1.2373534501039454
UBFC_PHYS_s14_T1_ctrl,73,62,75.06666666666666,0.03829524666070938,-0.9781173038810201
UBFC_PHYS_s14_T1_ctrl,73,63,75.1,-0.15603512525558472,-0.5712835998428958
UBFC_PHYS_s14_T1_ctrl,73,64,75.13333333333334,-0.3680805265903473,-0.07270542692417391
UBFC_PHYS_s14_T1_ctrl,73,65,75.16666666666667,-0.6195834875106812,0.43845610332310864
UBFC_PHYS_s14_T1_ctrl,73,66,75.2,-0.9200069308280945,0.8792579888210816
UBFC_PHYS_s14_T1_ctrl,73,67,75.23333333333333,-1.2349629402160645,1.1843518976372736
UBFC_PHYS_s14_T1_ctrl,73,68,75.26666666666667,-1.4230128526687622,1.3204879376895415
UBFC_PHYS_s14_T1_ctrl,73,69,75.3,-1.2485942840576172,1.2891358218214333
UBFC_PHYS_s14_T1_ctrl,73,70,75.33333333333333,-0.6652088761329651,1.118074961743426
UBFC_PHYS_s14_T1_ctrl,73,71,75.36666666666666,0.04778645187616348,0.8473961736833372
UBFC_PHYS_s14_T1_ctrl,73,72,75.4,0.589771032333374,0.5164222313240842
UBFC_PHYS_s14_T1_ctrl,73,73,75.43333333333334,0.8789008259773254,0.1560906949008491
UBFC_PHYS_s14_T1_ctrl,73,74,75.46666666666667,0.947113573551178,-0.2117798542656632
UBFC_PHYS_s14_T1_ctrl,73,75,75.5,0.8516945838928223,-0.569725901771761
UBFC_PHYS_s14_T1_ctrl,73,76,75.53333333333333,0.70087730884552,-0.8975163518724101
UBFC_PHYS_s14_T1_ctrl,73,77,75.56666666666666,0.579181432723999,-1.1664814482146457
UBFC_PHYS_s14_T1_ctrl,73,78,75.6,0.4916764497756958,-1.3388082498291696
UBFC_PHYS_s14_T1_ctrl,73,79,75.63333333333334,0.4152398407459259,-1.37379643520751
UBFC_PHYS_s14_T1_ctrl,73,80,75.66666666666667,0.28982633352279663,-1.2402986248689747
UBFC_PHYS_s14_T1_ctrl,73,81,75.7,0.057136841118335724,-0.9313927193539178
UBFC_PHYS_s14_T1_ctrl,73,82,75.73333333333333,-0.24261070787906647,-0.47512819129464506
UBFC_PHYS_s14_T1_ctrl,73,83,75.76666666666667,-0.5278539061546326,0.06470544689365287
UBFC_PHYS_s14_T1_ctrl,73,84,75.8,-0.7940301895141602,0.6007101473413382
UBFC_PHYS_s14_T1_ctrl,73,85,75.83333333333333,-1.097805142402649,1.0441231789569982
UBFC_PHYS_s14_T1_ctrl,73,86,75.86666666666666,-1.4315464496612549,1.3285290723488794
UBFC_PHYS_s14_T1_ctrl,73,87,75.9,-1.614611268043518,1.4248734366589002
UBFC_PHYS_s14_T1_ctrl,73,88,75.93333333333334,-1.392370581626892,1.3425124331854286
UBFC_PHYS_s14_T1_ctrl,73,89,75.96666666666667,-0.7494750022888184,1.1183843718216357
UBFC_PHYS_s14_T1_ctrl,73,90,76.0,0.013961703516542912,0.8009374355638084
UBFC_PHYS_s14_T1_ctrl,73,91,76.03333333333333,0.5814626812934875,0.43581559979873846
UBFC_PHYS_s14_T1_ctrl,73,92,76.06666666666666,0.885491132736206,0.05783320746883533
UBFC_PHYS_s14_T1_ctrl,73,93,76.1,0.9638992547988892,-0.30963596177831715
UBFC_PHYS_s14_T1_ctrl,73,94,76.13333333333334,0.8629037737846375,-0.649551069012537
UBFC_PHYS_s14_T1_ctrl,73,95,76.16666666666667,0.6997507810592651,-0.9438195560024953
UBFC_PHYS_s14_T1_ctrl,73,96,76.2,0.6068382859230042,-1.1677281694162593
UBFC_PHYS_s14_T1_ctrl,73,97,76.23333333333333,0.5755201578140259,-1.2896142003237483
UBFC_PHYS_s14_T1_ctrl,73,98,76.26666666666667,0.4842693507671356,-1.2771503276649343
UBFC_PHYS_s14_T1_ctrl,73,99,76.3,0.2837429642677307,-1.1087168240100072
UBFC_PHYS_s14_T1_ctrl,73,100,76.33333333333333,0.03184572979807854,-0.7856226848845509
UBFC_PHYS_s14_T1_ctrl,73,101,76.36666666666666,-0.21363013982772827,-0.3396801778728907
UBFC_PHYS_s14_T1_ctrl,73,102,76.4,-0.4515862762928009,0.16827444616788914
UBFC_PHYS_s14_T1_ctrl,73,103,76.43333333333334,-0.7191707491874695,0.659954670977856
UBFC_PHYS_s14_T1_ctrl,73,104,76.46666666666667,-1.0496731996536255,1.0579222351918904
UBFC_PHYS_s14_T1_ctrl,73,105,76.5,-1.3877516984939575,1.30403633613054
UBFC_PHYS_s14_T1_ctrl,73,106,76.53333333333333,-1.4860434532165527,1.3713311916147757
UBFC_PHYS_s14_T1_ctrl,73,107,76.56666666666666,-1.1275461912155151,1.265615947577826
UBFC_PHYS_s14_T1_ctrl,73,108,76.6,-0.42978745698928833,1.0177370514544972
UBFC_PHYS_s14_T1_ctrl,73,109,76.63333333333334,0.2602543234825134,0.6711523594841319
UBFC_PHYS_s14_T1_ctrl,73,110,76.66666666666667,0.7120020389556885,0.27036771100887175
UBFC_PHYS_s14_T1_ctrl,73,111,76.7,0.8999391794204712,-0.1458353756215948
UBFC_PHYS_s14_T1_ctrl,73,112,76.73333333333333,0.8918561935424805,-0.5452070220268452
UBFC_PHYS_s14_T1_ctrl,73,113,76.76666666666667,0.7740187644958496,-0.8984360620397578
UBFC_PHYS_s14_T1_ctrl,73,114,76.8,0.6301579475402832,-1.174611367652577
UBFC_PHYS_s14_T1_ctrl,73,115,76.83333333333333,0.523867666721344,-1.3396176537250466
UBFC_PHYS_s14_T1_ctrl,73,116,76.86666666666666,0.4835089445114136,-1.360084143656681
UBFC_PHYS_s14_T1_ctrl,73,117,76.9,0.4718209505081177,-1.2128548199288594
UBFC_PHYS_s14_T1_ctrl,73,118,76.93333333333334,0.41740843653678894,-0.8968102707499609
UBFC_PHYS_s14_T1_ctrl,73,119,76.96666666666667,0.29850080609321594,-0.44165275543142896
UBFC_PHYS_s14_T1_ctrl,73,120,77.0,0.12253323197364807,0.09169280966451775
UBFC_PHYS_s14_T1_ctrl,73,121,77.03333333333333,-0.12795579433441162,0.6214939293980785
UBFC_PHYS_s14_T1_ctrl,73,122,77.06666666666666,-0.45735985040664673,1.0639570627452437
UBFC_PHYS_s14_T1_ctrl,73,123,77.1,-0.8503015041351318,1.353558712599647
UBFC_PHYS_s14_T1_ctrl,73,124,77.13333333333334,-1.2228807210922241,1.457200611971729
UBFC_PHYS_s14_T1_ctrl,73,125,77.16666666666667,-1.3453651666641235,1.3773043928721806
UBFC_PHYS_s14_T1_ctrl,73,126,77.2,-1.0112577676773071,1.1442273042365014
UBFC_PHYS_s14_T1_ctrl,73,127,77.23333333333333,-0.32566583156585693,0.8029074030107789
UBFC_PHYS_s14_T1_ctrl,73,128,77.26666666666667,0.3649110794067383,0.39996040714120723
UBFC_PHYS_s14_T1_ctrl,73,129,77.3,0.8154477477073669,-0.02425156805324407
UBFC_PHYS_s14_T1_ctrl,73,130,77.33333333333333,0.9891340136528015,-0.43711717326504196
UBFC_PHYS_s14_T1_ctrl,73,131,77.36666666666666,0.9288915991783142,-0.8103127172254131
UBFC_PHYS_s14_T1_ctrl,73,132,77.4,0.7407572865486145,-1.1147339102667213
UBFC_PHYS_s14_T1_ctrl,73,133,77.43333333333334,0.5937139391899109,-1.3176950005852037
UBFC_PHYS_s14_T1_ctrl,73,134,77.46666666666667,0.5627900958061218,-1.385397679194795
UBFC_PHYS_s14_T1_ctrl,73,135,77.5,0.5521723031997681,-1.2913408225112095
UBFC_PHYS_s14_T1_ctrl,73,136,77.53333333333333,0.4667232930660248,-1.0280587194133837
UBFC_PHYS_s14_T1_ctrl,73,137,77.56666666666666,0.3374232053756714,-0.6169179643400575
UBFC_PHYS_s14_T1_ctrl,73,138,77.6,0.1839585304260254,-0.11036213572433393
UBFC_PHYS_s14_T1_ctrl,73,139,77.63333333333334,-0.0362543910741806,0.416322346446821
UBFC_PHYS_s14_T1_ctrl,73,140,77.66666666666667,-0.35371699929237366,0.8818296676661048
UBFC_PHYS_s14_T1_ctrl,73,141,77.7,-0.7524603605270386,1.2180145231701636
UBFC_PHYS_s14_T1_ctrl,73,142,77.73333333333333,-1.1408675909042358,1.3839441334377525
UBFC_PHYS_s14_T1_ctrl,73,143,77.76666666666667,-1.298359751701355,1.3700480537007698
UBFC_PHYS_s14_T1_ctrl,73,144,77.8,-1.03398597240448,1.192837662018482
UBFC_PHYS_s14_T1_ctrl,73,145,77.83333333333333,-0.4386309087276459,0.8849549504962603
UBFC_PHYS_s14_T1_ctrl,73,146,77.86666666666666,0.2041238248348236,0.48597470410590055
UBFC_PHYS_s14_T1_ctrl,73,147,77.9,0.6623492240905762,0.037148532624083845
UBFC_PHYS_s14_T1_ctrl,73,148,77.93333333333334,0.8318954110145569,-0.4196214492546018
UBFC_PHYS_s14_T1_ctrl,73,149,77.96666666666667,0.7123399972915649,-0.8404642957726423
UBFC_PHYS_s14_T1_ctrl,73,150,78.0,0.43557411432266235,-1.1787333644878484
UBFC_PHYS_s14_T1_ctrl,73,151,78.03333333333333,0.2177269458770752,-1.3874434311890154
UBFC_PHYS_s14_T1_ctrl,73,152,78.06666666666666,0.15179544687271118,-1.4265919222079162
UBFC_PHYS_s14_T1_ctrl,73,153,78.1,0.16063888370990753,-1.2746397708762633
UBFC_PHYS_s14_T1_ctrl,73,154,78.13333333333334,0.14424754679203033,-0.9401554135183968
UBFC_PHYS_s14_T1_ctrl,73,155,78.16666666666667,0.08282224833965302,-0.4673590816324565
UBFC_PHYS_s14_T1_ctrl,73,156,78.2,0.0033157789148390293,0.06975776543736872
UBFC_PHYS_s14_T1_ctrl,73,157,78.23333333333333,-0.11953481286764145,0.5849747904760778
UBFC_PHYS_s14_T1_ctrl,73,158,78.26666666666667,-0.3866686522960663,1.0021467483337312
UBFC_PHYS_s14_T1_ctrl,73,159,78.3,-0.840753972530365,1.271964197668799
UBFC_PHYS_s14_T1_ctrl,73,160,78.33333333333333,-1.2876293659210205,1.3767642303535523
UBFC_PHYS_s14_T1_ctrl,73,161,78.36666666666666,-1.3765143156051636,1.3244082777649955
UBFC_PHYS_s14_T1_ctrl,73,162,78.4,-0.9489030241966248,1.1372613771677136
UBFC_PHYS_s14_T1_ctrl,73,163,78.43333333333334,-0.2450609654188156,0.8427712166548351
UBFC_PHYS_s14_T1_ctrl,73,164,78.46666666666667,0.3807954788208008,0.4691692380383525
UBFC_PHYS_s14_T1_ctrl,73,165,78.5,0.7895933389663696,0.0460160821442614
UBFC_PHYS_s14_T1_ctrl,73,166,78.53333333333333,0.9404669404029846,-0.3929821769470386
UBFC_PHYS_s14_T1_ctrl,73,167,78.56666666666666,0.8168277740478516,-0.8077481491651141
UBFC_PHYS_s14_T1_ctrl,73,168,78.6,0.5665358901023865,-1.1521576836610423
UBFC_PHYS_s14_T1_ctrl,73,169,78.63333333333334,0.4165353775024414,-1.377943846584413
UBFC_PHYS_s14_T1_ctrl,73,170,78.66666666666667,0.3944549262523651,-1.442663255619422
UBFC_PHYS_s14_T1_ctrl,73,171,78.7,0.37533169984817505,-1.3210404269717504
UBFC_PHYS_s14_T1_ctrl,73,172,78.73333333333333,0.3135121166706085,-1.0165575589489906
UBFC_PHYS_s14_T1_ctrl,73,173,78.76666666666667,0.2431025505065918,-0.5677633608720956
UBFC_PHYS_s14_T1_ctrl,73,174,78.8,0.1243075579404831,-0.0438215644093488
UBFC_PHYS_s14_T1_ctrl,73,175,78.83333333333333,-0.14093931019306183,0.4717777062458284
UBFC_PHYS_s14_T1_ctrl,73,176,78.86666666666666,-0.571000874042511,0.9030542100526502
UBFC_PHYS_s14_T1_ctrl,73,177,78.9,-1.0170875787734985,1.1985550152345772
UBFC_PHYS_s14_T1_ctrl,73,178,78.93333333333334,-1.2124600410461426,1.336762143916138
UBFC_PHYS_s14_T1_ctrl,73,179,78.96666666666667,-0.9671249985694885,1.3206815941562868
UBFC_PHYS_s14_T1_ctrl,73,180,79.0,-0.3535761535167694,1.1677047661793911
UBFC_PHYS_s14_T1_ctrl,73,181,79.03333333333333,0.3534765839576721,0.9012405769184842
UBFC_PHYS_s14_T1_ctrl,73,182,79.06666666666666,0.8974607586860657,0.5472102388053761
UBFC_PHYS_s14_T1_ctrl,73,183,79.1,1.1631301641464233,0.13463090152887985
UBFC_PHYS_s14_T1_ctrl,73,184,79.13333333333334,1.155920147895813,-0.3021024083769704
UBFC_PHYS_s14_T1_ctrl,73,185,79.16666666666667,0.9633641242980957,-0.7214483090098347
UBFC_PHYS_s14_T1_ctrl,73,186,79.2,0.7153253555297852,-1.0752801301822161
UBFC_PHYS_s14_T1_ctrl,73,187,79.23333333333333,0.5352177023887634,-1.3132455156317089
UBFC_PHYS_s14_T1_ctrl,73,188,79.26666666666667,0.4344193935394287,-1.391533276574355
UBFC_PHYS_s14_T1_ctrl,73,189,79.3,0.3100197911262512,-1.2848200045233313
UBFC_PHYS_s14_T1_ctrl,73,190,79.33333333333333,0.14055807888507843,-0.997641465063032
UBFC_PHYS_s14_T1_ctrl,73,191,79.36666666666666,-0.0223696269094944,-0.5696005764139705
UBFC_PHYS_s14_T1_ctrl,73,192,79.4,-0.2188967764377594,-0.06954247324387634
UBFC_PHYS_s14_T1_ctrl,73,193,79.43333333333334,-0.5369508266448975,0.4215418310559224
UBFC_PHYS_s14_T1_ctrl,73,194,79.46666666666667,-0.972842276096344,0.832148872250659
UBFC_PHYS_s14_T1_ctrl,73,195,79.5,-1.393243670463562,1.116190413816842
UBFC_PHYS_s14_T1_ctrl,73,196,79.53333333333333,-1.5235857963562012,1.2568196575148793
UBFC_PHYS_s14_T1_ctrl,73,197,79.56666666666666,-1.1748331785202026,1.2594144169589172
UBFC_PHYS_s14_T1_ctrl,73,198,79.6,-0.49890148639678955,1.1403540525196691
UBFC_PHYS_s14_T1_ctrl,73,199,79.63333333333334,0.14041726291179657,0.9185378973560371
UBFC_PHYS_s14_T1_ctrl,73,200,79.66666666666667,0.5486518740653992,0.6127575454683817
UBFC_PHYS_s14_T1_ctrl,73,201,79.7,0.7348428964614868,0.2436922426405221
UBFC_PHYS_s14_T1_ctrl,73,202,79.73333333333333,0.7104248404502869,-0.1624642735990411
UBFC_PHYS_s14_T1_ctrl,73,203,79.76666666666667,0.520797848701477,-0.5712822179973163
UBFC_PHYS_s14_T1_ctrl,73,204,79.8,0.34795644879341125,-0.9399331383418568
UBFC_PHYS_s14_T1_ctrl,73,205,79.83333333333333,0.30587971210479736,-1.2205899287909798
UBFC_PHYS_s14_T1_ctrl,73,206,79.86666666666666,0.3181591331958771,-1.3677381996384248
UBFC_PHYS_s14_T1_ctrl,73,207,79.9,0.2829825282096863,-1.3486363061458977
UBFC_PHYS_s14_T1_ctrl,73,208,79.93333333333334,0.1922386884689331,-1.1544309795728278
UBFC_PHYS_s14_T1_ctrl,73,209,79.96666666666667,0.05471475422382355,-0.8076086259516154
UBFC_PHYS_s14_T1_ctrl,73,210,80.0,-0.1668500304222107,-0.3609385175131124
UBFC_PHYS_s14_T1_ctrl,73,211,80.03333333333333,-0.507688581943512,0.11415596647801182
UBFC_PHYS_s14_T1_ctrl,73,212,80.06666666666666,-0.9368489384651184,0.546017498140591
UBFC_PHYS_s14_T1_ctrl,73,213,80.1,-1.3225243091583252,0.8797725738116463
UBFC_PHYS_s14_T1_ctrl,73,214,80.13333333333334,-1.4046499729156494,1.0858040205933237
UBFC_PHYS_s14_T1_ctrl,73,215,80.16666666666667,-0.9830375909805298,1.1579802787176765
UBFC_PHYS_s14_T1_ctrl,73,216,80.2,-0.19236645102500916,1.1056895259110344
UBFC_PHYS_s14_T1_ctrl,73,217,80.23333333333333,0.5843353867530823,0.9458531257539127
UBFC_PHYS_s14_T1_ctrl,73,218,80.26666666666667,1.0804975032806396,0.6985455019440722
UBFC_PHYS_s14_T1_ctrl,73,219,80.3,1.2740674018859863,0.3860032191411275
UBFC_PHYS_s14_T1_ctrl,73,220,80.33333333333333,1.219936490058899,0.033287595100259366
UBFC_PHYS_s14_T1_ctrl,73,221,80.36666666666666,1.0262539386749268,-0.330623641054604
UBFC_PHYS_s14_T1_ctrl,73,222,80.4,0.8578624725341797,-0.671997401882008
UBFC_PHYS_s14_T1_ctrl,73,223,80.43333333333334,0.7693435549736023,-0.952663162224999
UBFC_PHYS_s14_T1_ctrl,73,224,80.46666666666667,0.6787405610084534,-1.1329213219206655
UBFC_PHYS_s14_T1_ctrl,73,225,80.5,0.5462579131126404,-1.1781343134345257
UBFC_PHYS_s14_T1_ctrl,73,226,80.53333333333333,0.39262428879737854,-1.0682224434893233
UBFC_PHYS_s14_T1_ctrl,73,227,80.56666666666666,0.21468526124954224,-0.8068065261797414
UBFC_PHYS_s14_T1_ctrl,73,228,80.6,0.014891109429299831,-0.4253906022633458
UBFC_PHYS_s14_T1_ctrl,73,229,80.63333333333334,-0.2010127454996109,0.020811543562843985
UBFC_PHYS_s14_T1_ctrl,73,230,80.66666666666667,-0.5076322555541992,0.4650710763701073
UBFC_PHYS_s14_T1_ctrl,73,231,80.7,-0.9505083560943604,0.8449390208438102
UBFC_PHYS_s14_T1_ctrl,73,232,80.73333333333333,-1.3257631063461304,1.1154133773899855
UBFC_PHYS_s14_T1_ctrl,73,233,80.76666666666667,-1.2677738666534424,1.254949216620816
UBFC_PHYS_s14_T1_ctrl,73,234,80.8,-0.7008360624313354,1.2639610625476199
UBFC_PHYS_s14_T1_ctrl,73,235,80.83333333333333,0.04226634278893471,1.1588026531902036
UBFC_PHYS_s14_T1_ctrl,73,236,80.86666666666666,0.6246378421783447,0.9644048089364894
UBFC_PHYS_s14_T1_ctrl,73,237,80.9,0.9336512684822083,0.7073970092793518
UBFC_PHYS_s14_T1_ctrl,73,238,80.93333333333334,0.9819522500038147,0.41100285451069557
UBFC_PHYS_s14_T1_ctrl,73,239,80.96666666666667,0.8399502635002136,0.09309008547399278
UBFC_PHYS_s14_T1_ctrl,74,0,74.0,-0.9948663711547852,-0.08594334771988782
UBFC_PHYS_s14_T1_ctrl,74,1,74.03333333333333,-1.140586018562317,0.15713567761813274
UBFC_PHYS_s14_T1_ctrl,74,2,74.06666666666666,-0.8877311944961548,0.34338511479853756
UBFC_PHYS_s14_T1_ctrl,74,3,74.1,-0.28877121210098267,0.4275147782948429
UBFC_PHYS_s14_T1_ctrl,74,4,74.13333333333334,0.3312271535396576,0.3872026793109447
UBFC_PHYS_s14_T1_ctrl,74,5,74.16666666666667,0.7074958086013794,0.227629144731607
UBFC_PHYS_s14_T1_ctrl,74,6,74.2,0.8101247549057007,-0.02088114520469169
UBFC_PHYS_s14_T1_ctrl,74,7,74.23333333333333,0.7098052501678467,-0.3113162989683781
UBFC_PHYS_s14_T1_ctrl,74,8,74.26666666666667,0.5070257186889648,-0.5917952963197374
UBFC_PHYS_s14_T1_ctrl,74,9,74.3,0.35395535826683044,-0.8170853286475992
UBFC_PHYS_s14_T1_ctrl,74,10,74.33333333333333,0.30587971210479736,-0.9564843654919717
UBFC_PHYS_s14_T1_ctrl,74,11,74.36666666666666,0.2711537182331085,-0.9962750706792531
UBFC_PHYS_s14_T1_ctrl,74,12,74.4,0.16993294656276703,-0.937222106818072
UBFC_PHYS_s14_T1_ctrl,74,13,74.43333333333334,-0.0029929170850664377,-0.7895562827204061
UBFC_PHYS_s14_T1_ctrl,74,14,74.46666666666667,-0.21453137695789337,-0.5685410244171494
UBFC_PHYS_s14_T1_ctrl,74,15,74.5,-0.4220142662525177,-0.29258205002307924
UBFC_PHYS_s14_T1_ctrl,74,16,74.53333333333333,-0.6251880526542664,0.01646455837034071
UBFC_PHYS_s14_T1_ctrl,74,17,74.56666666666666,-0.892857015132904,0.33276005858002466
UBFC_PHYS_s14_T1_ctrl,74,18,74.6,-1.240229606628418,0.6273814231539869
UBFC_PHYS_s14_T1_ctrl,74,19,74.63333333333334,-1.5355836153030396,0.8709126886487322
UBFC_PHYS_s14_T1_ctrl,74,20,74.66666666666667,-1.541807770729065,1.0370132725105676
UBFC_PHYS_s14_T1_ctrl,74,21,74.7,-1.122617483139038,1.1060402259266722
UBFC_PHYS_s14_T1_ctrl,74,22,74.73333333333333,-0.4359835088253021,1.067995980623548
UBFC_PHYS_s14_T1_ctrl,74,23,74.76666666666667,0.19178807735443115,0.9242784625105764
UBFC_PHYS_s14_T1_ctrl,74,24,74.8,0.5655219554901123,0.6878125168122023
UBFC_PHYS_s14_T1_ctrl,74,25,74.83333333333333,0.6780645847320557,0.3814493238021869
UBFC_PHYS_s14_T1_ctrl,74,26,74.86666666666666,0.5938547849655151,0.035180653825933876
UBFC_PHYS_s14_T1_ctrl,74,27,74.9,0.4236608147621155,-0.3168105651498678
UBFC_PHYS_s14_T1_ctrl,74,28,74.93333333333334,0.2848694920539856,-0.638502919036026
UBFC_PHYS_s14_T1_ctrl,74,29,74.96666666666667,0.22983738780021667,-0.8938899986653185
UBFC_PHYS_s14_T1_ctrl,74,30,75.0,0.22645772993564606,-1.0493095437714537
UBFC_PHYS_s14_T1_ctrl,74,31,75.03333333333333,0.17981845140457153,-1.077519029161461
UBFC_PHYS_s14_T1_ctrl,74,32,75.06666666666666,0.03829524666070938,-0.9640534626965015
UBFC_PHYS_s14_T1_ctrl,74,33,75.1,-0.15603512525558472,-0.7144926634316002
UBFC_PHYS_s14_T1_ctrl,74,34,75.13333333333334,-0.3680805265903473,-0.35902534743166586
UBFC_PHYS_s14_T1_ctrl,74,35,75.16666666666667,-0.6195834875106812,0.049770245475226946
UBFC_PHYS_s14_T1_ctrl,74,36,75.2,-0.9200069308280945,0.4473936241733634
UBFC_PHYS_s14_T1_ctrl,74,37,75.23333333333333,-1.2349629402160645,0.7732177812806938
UBFC_PHYS_s14_T1_ctrl,74,38,75.26666666666667,-1.4230128526687622,0.985300603884283
UBFC_PHYS_s14_T1_ctrl,74,39,75.3,-1.2485942840576172,1.0679371406838203
UBFC_PHYS_s14_T1_ctrl,74,40,75.33333333333333,-0.6652088761329651,1.0295151097091981
UBFC_PHYS_s14_T1_ctrl,74,41,75.36666666666666,0.04778645187616348,0.8931267251009016
UBFC_PHYS_s14_T1_ctrl,74,42,75.4,0.589771032333374,0.6851697129091682
UBFC_PHYS_s14_T1_ctrl,74,43,75.43333333333334,0.8789008259773254,0.42705204325759105
UBFC_PHYS_s14_T1_ctrl,74,44,75.46666666666667,0.947113573551178,0.13294904689390433
UBFC_PHYS_s14_T1_ctrl,74,45,75.5,0.8516945838928223,-0.1864482629800928
UBFC_PHYS_s14_T1_ctrl,74,46,75.53333333333333,0.70087730884552,-0.5168762878184645
UBFC_PHYS_s14_T1_ctrl,74,47,75.56666666666666,0.579181432723999,-0.8340258603224534
UBFC_PHYS_s14_T1_ctrl,74,48,75.6,0.4916764497756958,-1.1010673642191948
UBFC_PHYS_s14_T1_ctrl,74,49,75.63333333333334,0.4152398407459259,-1.2721902628590835
UBFC_PHYS_s14_T1_ctrl,74,50,75.66666666666667,0.28982633352279663,-1.3025543843083736
UBFC_PHYS_s14_T1_ctrl,74,51,75.7,0.057136841118335724,-1.1628700005823784
UBFC_PHYS_s14_T1_ctrl,74,52,75.73333333333333,-0.24261070787906647,-0.8539768845735436
UBFC_PHYS_s14_T1_ctrl,74,53,75.76666666666667,-0.5278539061546326,-0.41461639744935985
UBFC_PHYS_s14_T1_ctrl,74,54,75.8,-0.7940301895141602,0.08376057453189725
UBFC_PHYS_s14_T1_ctrl,74,55,75.83333333333333,-1.097805142402649,0.5560129510853268
UBFC_PHYS_s14_T1_ctrl,74,56,75.86666666666666,-1.4315464496612549,0.9286363838593514
UBFC_PHYS_s14_T1_ctrl,74,57,75.9,-1.614611268043518,1.1590993695039125
UBFC_PHYS_s14_T1_ctrl,74,58,75.93333333333334,-1.392370581626892,1.2405869817922093
UBFC_PHYS_s14_T1_ctrl,74,59,75.96666666666667,-0.7494750022888184,1.192373274017463
UBFC_PHYS_s14_T1_ctrl,74,60,76.0,0.013961703516542912,1.0433496869045251
UBFC_PHYS_s14_T1_ctrl,74,61,76.03333333333333,0.5814626812934875,0.8181969010920005
UBFC_PHYS_s14_T1_ctrl,74,62,76.06666666666666,0.885491132736206,0.532211416944969
UBFC_PHYS_s14_T1_ctrl,74,63,76.1,0.9638992547988892,0.19506469361121953
UBFC_PHYS_s14_T1_ctrl,74,64,76.13333333333334,0.8629037737846375,-0.18049540352984414
UBFC_PHYS_s14_T1_ctrl,74,65,76.16666666666667,0.6997507810592651,-0.5702801382267286
UBFC_PHYS_s14_T1_ctrl,74,66,76.2,0.6068382859230042,-0.9347367762477063
UBFC_PHYS_s14_T1_ctrl,74,67,76.23333333333333,0.5755201578140259,-1.221544682412607
UBFC_PHYS_s14_T1_ctrl,74,68,76.26666666666667,0.4842693507671356,-1.3750974831828076
UBFC_PHYS_s14_T1_ctrl,74,69,76.3,0.2837429642677307,-1.351363062034283
UBFC_PHYS_s14_T1_ctrl,74,70,76.33333333333333,0.03184572979807854,-1.1340281383121649
UBFC_PHYS_s14_T1_ctrl,74,71,76.36666666666666,-0.21363013982772827,-0.7455590087937116
UBFC_PHYS_s14_T1_ctrl,74,72,76.4,-0.4515862762928009,-0.2467962665626643
UBFC_PHYS_s14_T1_ctrl,74,73,76.43333333333334,-0.7191707491874695,0.27734836724783724
UBFC_PHYS_s14_T1_ctrl,74,74,76.46666666666667,-1.0496731996536255,0.7414385559961199
UBFC_PHYS_s14_T1_ctrl,74,75,76.5,-1.3877516984939575,1.0821629305312683
UBFC_PHYS_s14_T1_ctrl,74,76,76.53333333333333,-1.4860434532165527,1.2703648940344443
UBFC_PHYS_s14_T1_ctrl,74,77,76.56666666666666,-1.1275461912155151,1.3086174133330535
UBFC_PHYS_s14_T1_ctrl,74,78,76.6,-0.42978745698928833,1.2181201470416734
UBFC_PHYS_s14_T1_ctrl,74,79,76.63333333333334,0.2602543234825134,1.0235446075297183
UBFC_PHYS_s14_T1_ctrl,74,80,76.66666666666667,0.7120020389556885,0.7439202169364606
UBFC_PHYS_s14_T1_ctrl,74,81,76.7,0.8999391794204712,0.39291966605410195
UBFC_PHYS_s14_T1_ctrl,74,82,76.73333333333333,0.8918561935424805,-0.01371410409161434
UBFC_PHYS_s14_T1_ctrl,74,83,76.76666666666667,0.7740187644958496,-0.44921495475378814
UBFC_PHYS_s14_T1_ctrl,74,84,76.8,0.6301579475402832,-0.8707244227325333
UBFC_PHYS_s14_T1_ctrl,74,85,76.83333333333333,0.523867666721344,-1.2211983315608037
UBFC_PHYS_s14_T1_ctrl,74,86,76.86666666666666,0.4835089445114136,-1.438914421808767
UBFC_PHYS_s14_T1_ctrl,74,87,76.9,0.4718209505081177,-1.472789534020811
UBFC_PHYS_s14_T1_ctrl,74,88,76.93333333333334,0.41740843653678894,-1.2991212888295558
UBFC_PHYS_s14_T1_ctrl,74,89,76.96666666666667,0.29850080609321594,-0.933507261046717
UBFC_PHYS_s14_T1_ctrl,74,90,77.0,0.12253323197364807,-0.4320002680817887
UBFC_PHYS_s14_T1_ctrl,74,91,77.03333333333333,-0.12795579433441162,0.12099019202888864
UBFC_PHYS_s14_T1_ctrl,74,92,77.06666666666666,-0.45735985040664673,0.6346812558516677
UBFC_PHYS_s14_T1_ctrl,74,93,77.1,-0.8503015041351318,1.035304100851057
UBFC_PHYS_s14_T1_ctrl,74,94,77.13333333333334,-1.2228807210922241,1.2813464378141879
UBFC_PHYS_s14_T1_ctrl,74,95,77.16666666666667,-1.3453651666641235,1.3650668517687436
UBFC_PHYS_s14_T1_ctrl,74,96,77.2,-1.0112577676773071,1.3018504561541022
UBFC_PHYS_s14_T1_ctrl,74,97,77.23333333333333,-0.32566583156585693,1.115035605427598
UBFC_PHYS_s14_T1_ctrl,74,98,77.26666666666667,0.3649110794067383,0.8251317902335855
UBFC_PHYS_s14_T1_ctrl,74,99,77.3,0.8154477477073669,0.4486264785204584
UBFC_PHYS_s14_T1_ctrl,74,100,77.33333333333333,0.9891340136528015,0.005371679347293005
UBFC_PHYS_s14_T1_ctrl,74,101,77.36666666666666,0.9288915991783142,-0.47142709042062414
UBFC_PHYS_s14_T1_ctrl,74,102,77.4,0.7407572865486145,-0.9296943707424219
UBFC_PHYS_s14_T1_ctrl,74,103,77.43333333333334,0.5937139391899109,-1.3020430471594928
UBFC_PHYS_s14_T1_ctrl,74,104,77.46666666666667,0.5627900958061218,-1.5188587663867779
UBFC_PHYS_s14_T1_ctrl,74,105,77.5,0.5521723031997681,-1.5272326782853038
UBFC_PHYS_s14_T1_ctrl,74,106,77.53333333333333,0.4667232930660248,-1.3092151816028725
UBFC_PHYS_s14_T1_ctrl,74,107,77.56666666666666,0.3374232053756714,-0.8920928141911495
UBFC_PHYS_s14_T1_ctrl,74,108,77.6,0.1839585304260254,-0.3452460308330585
UBFC_PHYS_s14_T1_ctrl,74,109,77.63333333333334,-0.0362543910741806,0.23698394686873828
UBFC_PHYS_s14_T1_ctrl,74,110,77.66666666666667,-0.35371699929237366,0.7604289317666749
UBFC_PHYS_s14_T1_ctrl,74,111,77.7,-0.7524603605270386,1.1540010278090567
UBFC_PHYS_s14_T1_ctrl,74,112,77.73333333333333,-1.1408675909042358,1.3814562410721338
UBFC_PHYS_s14_T1_ctrl,74,113,77.76666666666667,-1.298359751701355,1.4390446936520984
UBFC_PHYS_s14_T1_ctrl,74,114,77.8,-1.03398597240448,1.343113367509181
UBFC_PHYS_s14_T1_ctrl,74,115,77.83333333333333,-0.4386309087276459,1.1160328686061551
UBFC_PHYS_s14_T1_ctrl,74,116,77.86666666666666,0.2041238248348236,0.7782505741143967
UBFC_PHYS_s14_T1_ctrl,74,117,77.9,0.6623492240905762,0.34971186842112184
UBFC_PHYS_s14_T1_ctrl,74,118,77.93333333333334,0.8318954110145569,-0.14186104634383823
UBFC_PHYS_s14_T1_ctrl,74,119,77.96666666666667,0.7123399972915649,-0.6522504575352046
UBFC_PHYS_s14_T1_ctrl,74,120,78.0,0.43557411432266235,-1.1182556112686797
UBFC_PHYS_s14_T1_ctrl,74,121,78.03333333333333,0.2177269458770752,-1.4651399975327524
UBFC_PHYS_s14_T1_ctrl,74,122,78.06666666666666,0.15179544687271118,-1.6232407000869231
UBFC_PHYS_s14_T1_ctrl,74,123,78.1,0.16063888370990753,-1.5486914064906019
UBFC_PHYS_s14_T1_ctrl,74,124,78.13333333333334,0.14424754679203033,-1.240578444469349
UBFC_PHYS_s14_T1_ctrl,74,125,78.16666666666667,0.08282224833965302,-0.7468855310260706
UBFC_PHYS_s14_T1_ctrl,74,126,78.2,0.0033157789148390293,-0.1548123162352723
UBFC_PHYS_s14_T1_ctrl,74,127,78.23333333333333,-0.11953481286764145,0.4326319922066463
UBFC_PHYS_s14_T1_ctrl,74,128,78.26666666666667,-0.3866686522960663,0.924682794651126
UBFC_PHYS_s14_T1_ctrl,74,129,78.3,-0.840753972530365,1.2634610808309543
UBFC_PHYS_s14_T1_ctrl,74,130,78.33333333333333,-1.2876293659210205,1.429423623122345
UBFC_PHYS_s14_T1_ctrl,74,131,78.36666666666666,-1.3765143156051636,1.4322645625797912
UBFC_PHYS_s14_T1_ctrl,74,132,78.4,-0.9489030241966248,1.2948690033008168
UBFC_PHYS_s14_T1_ctrl,74,133,78.43333333333334,-0.2450609654188156,1.039933444337148
UBFC_PHYS_s14_T1_ctrl,74,134,78.46666666666667,0.3807954788208008,0.6855741196477666
UBFC_PHYS_s14_T1_ctrl,74,135,78.5,0.7895933389663696,0.25029126084975095
UBFC_PHYS_s14_T1_ctrl,74,136,78.53333333333333,0.9404669404029846,-0.2374105829088932
UBFC_PHYS_s14_T1_ctrl,74,137,78.56666666666666,0.8168277740478516,-0.7314765671816807
UBFC_PHYS_s14_T1_ctrl,74,138,78.6,0.5665358901023865,-1.1682292365944562
UBFC_PHYS_s14_T1_ctrl,74,139,78.63333333333334,0.4165353775024414,-1.4757799369592193
UBFC_PHYS_s14_T1_ctrl,74,140,78.66666666666667,0.3944549262523651,-1.5911490661548713
UBFC_PHYS_s14_T1_ctrl,74,141,78.7,0.37533169984817505,-1.479937125694648
UBFC_PHYS_s14_T1_ctrl,74,142,78.73333333333333,0.3135121166706085,-1.1511160112644714
UBFC_PHYS_s14_T1_ctrl,74,143,78.76666666666667,0.2431025505065918,-0.6597394674623464
UBFC_PHYS_s14_T1_ctrl,74,144,78.8,0.1243075579404831,-0.09413323373851767
UBFC_PHYS_s14_T1_ctrl,74,145,78.83333333333333,-0.14093931019306183,0.44905823983681536
UBFC_PHYS_s14_T1_ctrl,74,146,78.86666666666666,-0.571000874042511,0.8916360865569839
UBFC_PHYS_s14_T1_ctrl,74,147,78.9,-1.0170875787734985,1.1903167619575368
UBFC_PHYS_s14_T1_ctrl,74,148,78.93333333333334,-1.2124600410461426,1.3367996095911052
UBFC_PHYS_s14_T1_ctrl,74,149,78.96666666666667,-0.9671249985694885,1.3446752228063206
UBFC_PHYS_s14_T1_ctrl,74,150,79.0,-0.3535761535167694,1.23263808774429
UBFC_PHYS_s14_T1_ctrl,74,151,79.03333333333333,0.3534765839576721,1.013671530067477
UBFC_PHYS_s14_T1_ctrl,74,152,79.06666666666666,0.8974607586860657,0.6949557648757163
UBFC_PHYS_s14_T1_ctrl,74,153,79.1,1.1631301641464233,0.2867265337924585
UBFC_PHYS_s14_T1_ctrl,74,154,79.13333333333334,1.155920147895813,-0.18612202767866018
UBFC_PHYS_s14_T1_ctrl,74,155,79.16666666666667,0.9633641242980957,-0.6767147886979448
UBFC_PHYS_s14_T1_ctrl,74,156,79.2,0.7153253555297852,-1.117865260287094
UBFC_PHYS_s14_T1_ctrl,74,157,79.23333333333333,0.5352177023887634,-1.433678385518475
UBFC_PHYS_s14_T1_ctrl,74,158,79.26666666666667,0.4344193935394287,-1.5584093570659592
UBFC_PHYS_s14_T1_ctrl,74,159,79.3,0.3100197911262512,-1.4569420745484614
UBFC_PHYS_s14_T1_ctrl,74,160,79.33333333333333,0.14055807888507843,-1.1393673489492455
UBFC_PHYS_s14_T1_ctrl,74,161,79.36666666666666,-0.0223696269094944,-0.6626427658401971
UBFC_PHYS_s14_T1_ctrl,74,162,79.4,-0.2188967764377594,-0.11627470487291058
UBFC_PHYS_s14_T1_ctrl,74,163,79.43333333333334,-0.5369508266448975,0.40407504115319093
UBFC_PHYS_s14_T1_ctrl,74,164,79.46666666666667,-0.972842276096344,0.8241220380276679
UBFC_PHYS_s14_T1_ctrl,74,165,79.5,-1.393243670463562,1.1069624802625035
UBFC_PHYS_s14_T1_ctrl,74,166,79.53333333333333,-1.5235857963562012,1.2511653845421304
UBFC_PHYS_s14_T1_ctrl,74,167,79.56666666666666,-1.1748331785202026,1.2746602669859606
UBFC_PHYS_s14_T1_ctrl,74,168,79.6,-0.49890148639678955,1.1953141647278847
UBFC_PHYS_s14_T1_ctrl,74,169,79.63333333333334,0.14041726291179657,1.0195435856979742
UBFC_PHYS_s14_T1_ctrl,74,170,79.66666666666667,0.5486518740653992,0.7443312998644631
UBFC_PHYS_s14_T1_ctrl,74,171,79.7,0.7348428964614868,0.3698884939420771
UBFC_PHYS_s14_T1_ctrl,74,172,79.73333333333333,0.7104248404502869,-0.08518786639768794
UBFC_PHYS_s14_T1_ctrl,74,173,79.76666666666667,0.520797848701477,-0.5749813095969606
UBFC_PHYS_s14_T1_ctrl,74,174,79.8,0.34795644879341125,-1.0287270304215408
UBFC_PHYS_s14_T1_ctrl,74,175,79.83333333333333,0.30587971210479736,-1.364779713358765
UBFC_PHYS_s14_T1_ctrl,74,176,79.86666666666666,0.3181591331958771,-1.5119912524488603
UBFC_PHYS_s14_T1_ctrl,74,177,79.9,0.2829825282096863,-1.431816438394482
UBFC_PHYS_s14_T1_ctrl,74,178,79.93333333333334,0.1922386884689331,-1.1334107176072006
UBFC_PHYS_s14_T1_ctrl,74,179,79.96666666666667,0.05471475422382355,-0.6749852313625974
UBFC_PHYS_s14_T1_ctrl,74,180,80.0,-0.1668500304222107,-0.14846593326683702
UBFC_PHYS_s14_T1_ctrl,74,181,80.03333333333333,-0.507688581943512,0.3487034981646246
UBFC_PHYS_s14_T1_ctrl,74,182,80.06666666666666,-0.9368489384651184,0.7432493551561887
UBFC_PHYS_s14_T1_ctrl,74,183,80.1,-1.3225243091583252,1.0034167758666492
UBFC_PHYS_s14_T1_ctrl,74,184,80.13333333333334,-1.4046499729156494,1.1363199164876174
UBFC_PHYS_s14_T1_ctrl,74,185,80.16666666666667,-0.9830375909805298,1.1686460565504624
UBFC_PHYS_s14_T1_ctrl,74,186,80.2,-0.19236645102500916,1.1228691798931785
UBFC_PHYS_s14_T1_ctrl,74,187,80.23333333333333,0.5843353867530823,1.0026996017113265
UBFC_PHYS_s14_T1_ctrl,74,188,80.26666666666667,1.0804975032806396,0.7951192637960832
UBFC_PHYS_s14_T1_ctrl,74,189,80.3,1.2740674018859863,0.48641056881019085
UBFC_PHYS_s14_T1_ctrl,74,190,80.33333333333333,1.219936490058899,0.08210135709307359
UBFC_PHYS_s14_T1_ctrl,74,191,80.36666666666666,1.0262539386749268,-0.38054895485176354
UBFC_PHYS_s14_T1_ctrl,74,192,80.4,0.8578624725341797,-0.8340439263620509
UBFC_PHYS_s14_T1_ctrl,74,193,80.43333333333334,0.7693435549736023,-1.1956122990316005
UBFC_PHYS_s14_T1_ctrl,74,194,80.46666666666667,0.6787405610084534,-1.3901031884305017
UBFC_PHYS_s14_T1_ctrl,74,195,80.5,0.5462579131126404,-1.373120398289578
UBFC_PHYS_s14_T1_ctrl,74,196,80.53333333333333,0.39262428879737854,-1.1465891935106098
UBFC_PHYS_s14_T1_ctrl,74,197,80.56666666666666,0.21468526124954224,-0.7606419852893085
UBFC_PHYS_s14_T1_ctrl,74,198,80.6,0.014891109429299831,-0.29947050095881866
UBFC_PHYS_s14_T1_ctrl,74,199,80.63333333333334,-0.2010127454996109,0.14517802497535132
UBFC_PHYS_s14_T1_ctrl,74,200,80.66666666666667,-0.5076322555541992,0.5025822994523561
UBFC_PHYS_s14_T1_ctrl,74,201,80.7,-0.9505083560943604,0.7409280449790088
UBFC_PHYS_s14_T1_ctrl,74,202,80.73333333333333,-1.3257631063461304,0.8665269677434315
UBFC_PHYS_s14_T1_ctrl,74,203,80.76666666666667,-1.2677738666534424,0.9061708270881721
UBFC_PHYS_s14_T1_ctrl,74,204,80.8,-0.7008360624313354,0.8834652928046277
UBFC_PHYS_s14_T1_ctrl,74,205,80.83333333333333,0.04226634278893471,0.8028879053527176
UBFC_PHYS_s14_T1_ctrl,74,206,80.86666666666666,0.6246378421783447,0.6500976881202211
UBFC_PHYS_s14_T1_ctrl,74,207,80.9,0.9336512684822083,0.40728421336596243
UBFC_PHYS_s14_T1_ctrl,74,208,80.93333333333334,0.9819522500038147,0.07404071923167783
UBFC_PHYS_s14_T1_ctrl,74,209,80.96666666666667,0.8399502635002136,-0.31823996300049406
UBFC_PHYS_s14_T1_ctrl,74,210,81.0,0.6598989367485046,-0.7062975335501779
UBFC_PHYS_s14_T1_ctrl,74,211,81.03333333333333,0.5832370519638062,-1.0098094015570953
UBFC_PHYS_s14_T1_ctrl,74,212,81.06666666666666,0.5775761008262634,-1.1554999174370022
UBFC_PHYS_s14_T1_ctrl,74,213,81.1,0.5178688168525696,-1.1017444294557357
UBFC_PHYS_s14_T1_ctrl,74,214,81.13333333333334,0.3538145422935486,-0.8545085857000165
UBFC_PHYS_s14_T1_ctrl,74,215,81.16666666666667,0.13816416263580322,-0.4679121091342362
UBFC_PHYS_s14_T1_ctrl,74,216,81.2,-0.06554476171731949,-0.027714063126902826
UBFC_PHYS_s14_T1_ctrl,74,217,81.23333333333333,-0.255847692489624,0.37710230444152154
UBFC_PHYS_s14_T1_ctrl,74,218,81.26666666666667,-0.5028443932533264,0.6830543443891082
UBFC_PHYS_s14_T1_ctrl,74,219,81.3,-0.8294320702552795,0.8681896809941424
UBFC_PHYS_s14_T1_ctrl,74,220,81.33333333333333,-1.0580941438674927,0.9484726171653268
UBFC_PHYS_s14_T1_ctrl,74,221,81.36666666666666,-0.9367644190788269,0.95779243643705
UBFC_PHYS_s14_T1_ctrl,74,222,81.4,-0.46054235100746155,0.9232232564695873
UBFC_PHYS_s14_T1_ctrl,74,223,81.43333333333334,0.09859398752450943,0.849041852961275
UBFC_PHYS_s14_T1_ctrl,74,224,81.46666666666667,0.49452099204063416,0.7173998660678689
UBFC_PHYS_s14_T1_ctrl,74,225,81.5,0.6628561615943909,0.5041557484315959
UBFC_PHYS_s14_T1_ctrl,74,226,81.53333333333333,0.6091195940971375,0.200637705180044
UBFC_PHYS_s14_T1_ctrl,74,227,81.56666666666666,0.41352182626724243,-0.17026260496334153
UBFC_PHYS_s14_T1_ctrl,74,228,81.6,0.2398073822259903,-0.5517076227631786
UBFC_PHYS_s14_T1_ctrl,74,229,81.63333333333334,0.19885718822479248,-0.8657055211362324
UBFC_PHYS_s14_T1_ctrl,74,230,81.66666666666667,0.22885166108608246,-1.0366044411614086
UBFC_PHYS_s14_T1_ctrl,74,231,81.7,0.205926313996315,-1.0171790580376774
UBFC_PHYS_s14_T1_ctrl,74,232,81.73333333333333,0.10664884001016617,-0.808146399055208
UBFC_PHYS_s14_T1_ctrl,74,233,81.76666666666667,-0.001641053706407547,-0.4635282269407083
UBFC_PHYS_s14_T1_ctrl,74,234,81.8,-0.10373490303754807,-0.07834672152604154
UBFC_PHYS_s14_T1_ctrl,74,235,81.83333333333333,-0.2899259328842163,0.23879951312533965
UBFC_PHYS_s14_T1_ctrl,74,236,81.86666666666666,-0.6210198402404785,0.39941691867976614
UBFC_PHYS_s14_T1_ctrl,74,237,81.9,-0.9931765794754028,0.3630456039531456
UBFC_PHYS_s14_T1_ctrl,74,238,81.93333333333334,-1.139093279838562,0.14970005268172729
UBFC_PHYS_s14_T1_ctrl,74,239,81.96666666666667,-0.8501606583595276,-0.16672853269721938
UBFC_PHYS_s14_T1_ctrl,75,0,75.0,0.22645772993564606,0.1065526545469074
UBFC_PHYS_s14_T1_ctrl,75,1,75.03333333333333,0.17981845140457153,0.17945076296476972
UBFC_PHYS_s14_T1_ctrl,75,2,75.06666666666666,0.03829524666070938,0.29947222427227865
UBFC_PHYS_s14_T1_ctrl,75,3,75.1,-0.15603512525558472,0.4947134345314544
UBFC_PHYS_s14_T1_ctrl,75,4,75.13333333333334,-0.3680805265903473,0.7584962020893192
UBFC_PHYS_s14_T1_ctrl,75,5,75.16666666666667,-0.6195834875106812,1.0511309619091997
UBFC_PHYS_s14_T1_ctrl,75,6,75.2,-0.9200069308280945,1.3143897660672097
UBFC_PHYS_s14_T1_ctrl,75,7,75.23333333333333,-1.2349629402160645,1.4913995522266508
UBFC_PHYS_s14_T1_ctrl,75,8,75.26666666666667,-1.4230128526687622,1.5433722445138331
UBFC_PHYS_s14_T1_ctrl,75,9,75.3,-1.2485942840576172,1.4575244703344712
UBFC_PHYS_s14_T1_ctrl,75,10,75.33333333333333,-0.6652088761329651,1.2453245067845247
UBFC_PHYS_s14_T1_ctrl,75,11,75.36666666666666,0.04778645187616348,0.9342433379600709
UBFC_PHYS_s14_T1_ctrl,75,12,75.4,0.589771032333374,0.5578360284778373
UBFC_PHYS_s14_T1_ctrl,75,13,75.43333333333334,0.8789008259773254,0.14827397065487502
UBFC_PHYS_s14_T1_ctrl,75,14,75.46666666666667,0.947113573551178,-0.26660552881335087
UBFC_PHYS_s14_T1_ctrl,75,15,75.5,0.8516945838928223,-0.6620488389188198
UBFC_PHYS_s14_T1_ctrl,75,16,75.53333333333333,0.70087730884552,-1.0130833113246906
UBFC_PHYS_s14_T1_ctrl,75,17,75.56666666666666,0.579181432723999,-1.2918862366423771
UBFC_PHYS_s14_T1_ctrl,75,18,75.6,0.4916764497756958,-1.4678296863718034
UBFC_PHYS_s14_T1_ctrl,75,19,75.63333333333334,0.4152398407459259,-1.5110968828232898
UBFC_PHYS_s14_T1_ctrl,75,20,75.66666666666667,0.28982633352279663,-1.3998958192644104
UBFC_PHYS_s14_T1_ctrl,75,21,75.7,0.057136841118335724,-1.1299860580549643
UBFC_PHYS_s14_T1_ctrl,75,22,75.73333333333333,-0.24261070787906647,-0.7231182833348601
UBFC_PHYS_s14_T1_ctrl,75,23,75.76666666666667,-0.5278539061546326,-0.22950527984233252
UBFC_PHYS_s14_T1_ctrl,75,24,75.8,-0.7940301895141602,0.2794812634674778
UBFC_PHYS_s14_T1_ctrl,75,25,75.83333333333333,-1.097805142402649,0.7278264556119085
UBFC_PHYS_s14_T1_ctrl,75,26,75.86666666666666,-1.4315464496612549,1.05421175475592
UBFC_PHYS_s14_T1_ctrl,75,27,75.9,-1.614611268043518,1.2252767376773814
UBFC_PHYS_s14_T1_ctrl,75,28,75.93333333333334,-1.392370581626892,1.2375930760217229
UBFC_PHYS_s14_T1_ctrl,75,29,75.96666666666667,-0.7494750022888184,1.1098445791005163
UBFC_PHYS_s14_T1_ctrl,75,30,76.0,0.013961703516542912,0.8712842987560493
UBFC_PHYS_s14_T1_ctrl,75,31,76.03333333333333,0.5814626812934875,0.552736477089695
UBFC_PHYS_s14_T1_ctrl,75,32,76.06666666666666,0.885491132736206,0.18307720272187766
UBFC_PHYS_s14_T1_ctrl,75,33,76.1,0.9638992547988892,-0.20973286103493372
UBFC_PHYS_s14_T1_ctrl,75,34,76.13333333333334,0.8629037737846375,-0.5957695977102347
UBFC_PHYS_s14_T1_ctrl,75,35,76.16666666666667,0.6997507810592651,-0.9408848575042111
UBFC_PHYS_s14_T1_ctrl,75,36,76.2,0.6068382859230042,-1.2066562062795383
UBFC_PHYS_s14_T1_ctrl,75,37,76.23333333333333,0.5755201578140259,-1.3535304726035813
UBFC_PHYS_s14_T1_ctrl,75,38,76.26666666666667,0.4842693507671356,-1.347731035120465
UBFC_PHYS_s14_T1_ctrl,75,39,76.3,0.2837429642677307,-1.171268935584637
UBFC_PHYS_s14_T1_ctrl,75,40,76.33333333333333,0.03184572979807854,-0.831996826228967
UBFC_PHYS_s14_T1_ctrl,75,41,76.36666666666666,-0.21363013982772827,-0.36871016796447365
UBFC_PHYS_s14_T1_ctrl,75,42,76.4,-0.4515862762928009,0.15307549972498524
UBFC_PHYS_s14_T1_ctrl,75,43,76.43333333333334,-0.7191707491874695,0.6551539069465776
UBFC_PHYS_s14_T1_ctrl,75,44,76.46666666666667,-1.0496731996536255,1.065451680567141
UBFC_PHYS_s14_T1_ctrl,75,45,76.5,-1.3877516984939575,1.3336309101435333
UBFC_PHYS_s14_T1_ctrl,75,46,76.53333333333333,-1.4860434532165527,1.4376464447248338
UBFC_PHYS_s14_T1_ctrl,75,47,76.56666666666666,-1.1275461912155151,1.380745496122069
UBFC_PHYS_s14_T1_ctrl,75,48,76.6,-0.42978745698928833,1.1828948066668197
UBFC_PHYS_s14_T1_ctrl,75,49,76.63333333333334,0.2602543234825134,0.8720585151354757
UBFC_PHYS_s14_T1_ctrl,75,50,76.66666666666667,0.7120020389556885,0.4790616004407183
UBFC_PHYS_s14_T1_ctrl,75,51,76.7,0.8999391794204712,0.03673959960758938
UBFC_PHYS_s14_T1_ctrl,75,52,76.73333333333333,0.8918561935424805,-0.4182625512021722
UBFC_PHYS_s14_T1_ctrl,75,53,76.76666666666667,0.7740187644958496,-0.84358400830387
UBFC_PHYS_s14_T1_ctrl,75,54,76.8,0.6301579475402832,-1.19142671247553
UBFC_PHYS_s14_T1_ctrl,75,55,76.83333333333333,0.523867666721344,-1.4125362358658156
UBFC_PHYS_s14_T1_ctrl,75,56,76.86666666666666,0.4835089445114136,-1.4644210770821355
UBFC_PHYS_s14_T1_ctrl,75,57,76.9,0.4718209505081177,-1.3227566732162486
UBFC_PHYS_s14_T1_ctrl,75,58,76.93333333333334,0.41740843653678894,-0.9926317752330391
UBFC_PHYS_s14_T1_ctrl,75,59,76.96666666666667,0.29850080609321594,-0.5144723033575379
UBFC_PHYS_s14_T1_ctrl,75,60,77.0,0.12253323197364807,0.04014650306456709
UBFC_PHYS_s14_T1_ctrl,75,61,77.03333333333333,-0.12795579433441162,0.5837675977395557
UBFC_PHYS_s14_T1_ctrl,75,62,77.06666666666666,-0.45735985040664673,1.0342700424594287
UBFC_PHYS_s14_T1_ctrl,75,63,77.1,-0.8503015041351318,1.333148309399745
UBFC_PHYS_s14_T1_ctrl,75,64,77.13333333333334,-1.2228807210922241,1.4539694739034117
UBFC_PHYS_s14_T1_ctrl,75,65,77.16666666666667,-1.3453651666641235,1.3998698458165524
UBFC_PHYS_s14_T1_ctrl,75,66,77.2,-1.0112577676773071,1.194119146123086
UBFC_PHYS_s14_T1_ctrl,75,67,77.23333333333333,-0.32566583156585693,0.8697149225737765
UBFC_PHYS_s14_T1_ctrl,75,68,77.26666666666667,0.3649110794067383,0.46240639135264994
UBFC_PHYS_s14_T1_ctrl,75,69,77.3,0.8154477477073669,0.0084136406183407
UBFC_PHYS_s14_T1_ctrl,75,70,77.33333333333333,0.9891340136528015,-0.4543800592266324
UBFC_PHYS_s14_T1_ctrl,75,71,77.36666666666666,0.9288915991783142,-0.8842042680682288
UBFC_PHYS_s14_T1_ctrl,75,72,77.4,0.7407572865486145,-1.2348233895912144
UBFC_PHYS_s14_T1_ctrl,75,73,77.43333333333334,0.5937139391899109,-1.4587033282573598
UBFC_PHYS_s14_T1_ctrl,75,74,77.46666666666667,0.5627900958061218,-1.5146847814914401
UBFC_PHYS_s14_T1_ctrl,75,75,77.5,0.5521723031997681,-1.3789397638233318
UBFC_PHYS_s14_T1_ctrl,75,76,77.53333333333333,0.4667232930660248,-1.0557891212835233
UBFC_PHYS_s14_T1_ctrl,75,77,77.56666666666666,0.3374232053756714,-0.5834787609489319
UBFC_PHYS_s14_T1_ctrl,75,78,77.6,0.1839585304260254,-0.030479174498156913
UBFC_PHYS_s14_T1_ctrl,75,79,77.63333333333334,-0.0362543910741806,0.5186386776680684
UBFC_PHYS_s14_T1_ctrl,75,80,77.66666666666667,-0.35371699929237366,0.9831233721404524
UBFC_PHYS_s14_T1_ctrl,75,81,77.7,-0.7524603605270386,1.3035381893607991
UBFC_PHYS_s14_T1_ctrl,75,82,77.73333333333333,-1.1408675909042358,1.4501979955533455
UBFC_PHYS_s14_T1_ctrl,75,83,77.76666666666667,-1.298359751701355,1.4212423302732808
UBFC_PHYS_s14_T1_ctrl,75,84,77.8,-1.03398597240448,1.2342811113662449
UBFC_PHYS_s14_T1_ctrl,75,85,77.83333333333333,-0.4386309087276459,0.9175894946342162
UBFC_PHYS_s14_T1_ctrl,75,86,77.86666666666666,0.2041238248348236,0.5049082147908367
UBFC_PHYS_s14_T1_ctrl,75,87,77.9,0.6623492240905762,0.034366758951542876
UBFC_PHYS_s14_T1_ctrl,75,88,77.93333333333334,0.8318954110145569,-0.4503355208542748
UBFC_PHYS_s14_T1_ctrl,75,89,77.96666666666667,0.7123399972915649,-0.8990818161434156
UBFC_PHYS_s14_T1_ctrl,75,90,78.0,0.43557411432266235,-1.2571687415829473
UBFC_PHYS_s14_T1_ctrl,75,91,78.03333333333333,0.2177269458770752,-1.4712613455532366
UBFC_PHYS_s14_T1_ctrl,75,92,78.06666666666666,0.15179544687271118,-1.4994180494260851
UBFC_PHYS_s14_T1_ctrl,75,93,78.1,0.16063888370990753,-1.323127162745222
UBFC_PHYS_s14_T1_ctrl,75,94,78.13333333333334,0.14424754679203033,-0.9572691748060268
UBFC_PHYS_s14_T1_ctrl,75,95,78.16666666666667,0.08282224833965302,-0.4529200131405815
UBFC_PHYS_s14_T1_ctrl,75,96,78.2,0.0033157789148390293,0.1107943952812595
UBFC_PHYS_s14_T1_ctrl,75,97,78.23333333333333,-0.11953481286764145,0.6451092653274532
UBFC_PHYS_s14_T1_ctrl,75,98,78.26666666666667,-0.3866686522960663,1.0734781267854283
UBFC_PHYS_s14_T1_ctrl,75,99,78.3,-0.840753972530365,1.3472535474879648
UBFC_PHYS_s14_T1_ctrl,75,100,78.33333333333333,-1.2876293659210205,1.449351771407866
UBFC_PHYS_s14_T1_ctrl,75,101,78.36666666666666,-1.3765143156051636,1.3872534662476648
UBFC_PHYS_s14_T1_ctrl,75,102,78.4,-0.9489030241966248,1.1818487639770718
UBFC_PHYS_s14_T1_ctrl,75,103,78.43333333333334,-0.2450609654188156,0.8590240085203359
UBFC_PHYS_s14_T1_ctrl,75,104,78.46666666666667,0.3807954788208008,0.4471490136937673
UBFC_PHYS_s14_T1_ctrl,75,105,78.5,0.7895933389663696,-0.020845053582888767
UBFC_PHYS_s14_T1_ctrl,75,106,78.53333333333333,0.9404669404029846,-0.504205341352494
UBFC_PHYS_s14_T1_ctrl,75,107,78.56666666666666,0.8168277740478516,-0.9530555891125646
UBFC_PHYS_s14_T1_ctrl,75,108,78.6,0.5665358901023865,-1.3110344444441984
UBFC_PHYS_s14_T1_ctrl,75,109,78.63333333333334,0.4165353775024414,-1.5225860561277562
UBFC_PHYS_s14_T1_ctrl,75,110,78.66666666666667,0.3944549262523651,-1.5442718962961761
UBFC_PHYS_s14_T1_ctrl,75,111,78.7,0.37533169984817505,-1.3577005990143542
UBFC_PHYS_s14_T1_ctrl,75,112,78.73333333333333,0.3135121166706085,-0.9796460990971595
UBFC_PHYS_s14_T1_ctrl,75,113,78.76666666666667,0.2431025505065918,-0.46402535063741346
UBFC_PHYS_s14_T1_ctrl,75,114,78.8,0.1243075579404831,0.1077770732459014
UBFC_PHYS_s14_T1_ctrl,75,115,78.83333333333333,-0.14093931019306183,0.6466745693388996
UBFC_PHYS_s14_T1_ctrl,75,116,78.86666666666666,-0.571000874042511,1.0779275861408983
UBFC_PHYS_s14_T1_ctrl,75,117,78.9,-1.0170875787734985,1.355531629278344
UBFC_PHYS_s14_T1_ctrl,75,118,78.93333333333334,-1.2124600410461426,1.4639095882975157
UBFC_PHYS_s14_T1_ctrl,75,119,78.96666666666667,-0.9671249985694885,1.4097015353767297
UBFC_PHYS_s14_T1_ctrl,75,120,79.0,-0.3535761535167694,1.211075316407442
UBFC_PHYS_s14_T1_ctrl,75,121,79.03333333333333,0.3534765839576721,0.8911259402103483
UBFC_PHYS_s14_T1_ctrl,75,122,79.06666666666666,0.8974607586860657,0.4772144833496006
UBFC_PHYS_s14_T1_ctrl,75,123,79.1,1.1631301641464233,0.0036610147554666786
UBFC_PHYS_s14_T1_ctrl,75,124,79.13333333333334,1.155920147895813,-0.48586005353079975
UBFC_PHYS_s14_T1_ctrl,75,125,79.16666666666667,0.9633641242980957,-0.9385692911929796
UBFC_PHYS_s14_T1_ctrl,75,126,79.2,0.7153253555297852,-1.2965118102157929
UBFC_PHYS_s14_T1_ctrl,75,127,79.23333333333333,0.5352177023887634,-1.5044234304896082
UBFC_PHYS_s14_T1_ctrl,75,128,79.26666666666667,0.4344193935394287,-1.5209063286340274
UBFC_PHYS_s14_T1_ctrl,75,129,79.3,0.3100197911262512,-1.330705990432018
UBFC_PHYS_s14_T1_ctrl,75,130,79.33333333333333,0.14055807888507843,-0.9538662142025507
UBFC_PHYS_s14_T1_ctrl,75,131,79.36666666666666,-0.0223696269094944,-0.4466359884859152
UBFC_PHYS_s14_T1_ctrl,75,132,79.4,-0.2188967764377594,0.10911299161104969
UBFC_PHYS_s14_T1_ctrl,75,133,79.43333333333334,-0.5369508266448975,0.6260784161863023
UBFC_PHYS_s14_T1_ctrl,75,134,79.46666666666667,-0.972842276096344,1.033317928955204
UBFC_PHYS_s14_T1_ctrl,75,135,79.5,-1.393243670463562,1.2897606121790046
UBFC_PHYS_s14_T1_ctrl,75,136,79.53333333333333,-1.5235857963562012,1.3847495032767114
UBFC_PHYS_s14_T1_ctrl,75,137,79.56666666666666,-1.1748331785202026,1.3287732066190874
UBFC_PHYS_s14_T1_ctrl,75,138,79.6,-0.49890148639678955,1.1419026037700621
UBFC_PHYS_s14_T1_ctrl,75,139,79.63333333333334,0.14041726291179657,0.8464694188444283
UBFC_PHYS_s14_T1_ctrl,75,140,79.66666666666667,0.5486518740653992,0.46608727332878025
UBFC_PHYS_s14_T1_ctrl,75,141,79.7,0.7348428964614868,0.028862170356460447
UBFC_PHYS_s14_T1_ctrl,75,142,79.73333333333333,0.7104248404502869,-0.42879822078702345
UBFC_PHYS_s14_T1_ctrl,75,143,79.76666666666667,0.520797848701477,-0.8606003272398502
UBFC_PHYS_s14_T1_ctrl,75,144,79.8,0.34795644879341125,-1.2126712691959607
UBFC_PHYS_s14_T1_ctrl,75,145,79.83333333333333,0.30587971210479736,-1.4304484006613287
UBFC_PHYS_s14_T1_ctrl,75,146,79.86666666666666,0.3181591331958771,-1.4697165974690118
UBFC_PHYS_s14_T1_ctrl,75,147,79.9,0.2829825282096863,-1.3096204911351867
UBFC_PHYS_s14_T1_ctrl,75,148,79.93333333333334,0.1922386884689331,-0.9633493808806565
UBFC_PHYS_s14_T1_ctrl,75,149,79.96666666666667,0.05471475422382355,-0.4810593032465045
UBFC_PHYS_s14_T1_ctrl,75,150,80.0,-0.1668500304222107,0.058881365960136475
UBFC_PHYS_s14_T1_ctrl,75,151,80.03333333333333,-0.507688581943512,0.5692958367433553
UBFC_PHYS_s14_T1_ctrl,75,152,80.06666666666666,-0.9368489384651184,0.9767692871429534
UBFC_PHYS_s14_T1_ctrl,75,153,80.1,-1.3225243091583252,1.2372274052649328
UBFC_PHYS_s14_T1_ctrl,75,154,80.13333333333334,-1.4046499729156494,1.3386808795007366
UBFC_PHYS_s14_T1_ctrl,75,155,80.16666666666667,-0.9830375909805298,1.2929252905205748
UBFC_PHYS_s14_T1_ctrl,75,156,80.2,-0.19236645102500916,1.1231158964231123
UBFC_PHYS_s14_T1_ctrl,75,157,80.23333333333333,0.5843353867530823,0.8543155218343802
UBFC_PHYS_s14_T1_ctrl,75,158,80.26666666666667,1.0804975032806396,0.5103570761746105
UBFC_PHYS_s14_T1_ctrl,75,159,80.3,1.2740674018859863,0.11595323279471266
UBFC_PHYS_s14_T1_ctrl,75,160,80.33333333333333,1.219936490058899,-0.29920852940469933
UBFC_PHYS_s14_T1_ctrl,75,161,80.36666666666666,1.0262539386749268,-0.6975554596719264
UBFC_PHYS_s14_T1_ctrl,75,162,80.4,0.8578624725341797,-1.0340315059016059
UBFC_PHYS_s14_T1_ctrl,75,163,80.43333333333334,0.7693435549736023,-1.2608058688778663
UBFC_PHYS_s14_T1_ctrl,75,164,80.46666666666667,0.6787405610084534,-1.336190492260569
UBFC_PHYS_s14_T1_ctrl,75,165,80.5,0.5462579131126404,-1.2361819880234892
UBFC_PHYS_s14_T1_ctrl,75,166,80.53333333333333,0.39262428879737854,-0.9650797335731014
UBFC_PHYS_s14_T1_ctrl,75,167,80.56666666666666,0.21468526124954224,-0.5602403193989021
UBFC_PHYS_s14_T1_ctrl,75,168,80.6,0.014891109429299831,-0.08677616900251976
UBFC_PHYS_s14_T1_ctrl,75,169,80.63333333333334,-0.2010127454996109,0.3779864500750337
UBFC_PHYS_s14_T1_ctrl,75,170,80.66666666666667,-0.5076322555541992,0.7645019246505336
UBFC_PHYS_s14_T1_ctrl,75,171,80.7,-0.9505083560943604,1.0264776151989932
UBFC_PHYS_s14_T1_ctrl,75,172,80.73333333333333,-1.3257631063461304,1.1457617937014644
UBFC_PHYS_s14_T1_ctrl,75,173,80.76666666666667,-1.2677738666534424,1.1270208385746
UBFC_PHYS_s14_T1_ctrl,75,174,80.8,-0.7008360624313354,0.9876637284668645
UBFC_PHYS_s14_T1_ctrl,75,175,80.83333333333333,0.04226634278893471,0.7494460273432895
UBFC_PHYS_s14_T1_ctrl,75,176,80.86666666666666,0.6246378421783447,0.43523107609712325
UBFC_PHYS_s14_T1_ctrl,75,177,80.9,0.9336512684822083,0.07033786444475347
UBFC_PHYS_s14_T1_ctrl,75,178,80.93333333333334,0.9819522500038147,-0.31436906605693327
UBFC_PHYS_s14_T1_ctrl,75,179,80.96666666666667,0.8399502635002136,-0.6806000098959591
UBFC_PHYS_s14_T1_ctrl,75,180,81.0,0.6598989367485046,-0.9839172222239061
UBFC_PHYS_s14_T1_ctrl,75,181,81.03333333333333,0.5832370519638062,-1.1789324276381388
UBFC_PHYS_s14_T1_ctrl,75,182,81.06666666666666,0.5775761008262634,-1.2281325257170181
UBFC_PHYS_s14_T1_ctrl,75,183,81.1,0.5178688168525696,-1.112628148749268
UBFC_PHYS_s14_T1_ctrl,75,184,81.13333333333334,0.3538145422935486,-0.8412362929099684
UBFC_PHYS_s14_T1_ctrl,75,185,81.16666666666667,0.13816416263580322,-0.45320921391797686
UBFC_PHYS_s14_T1_ctrl,75,186,81.2,-0.06554476171731949,-0.011203607413865654
UBFC_PHYS_s14_T1_ctrl,75,187,81.23333333333333,-0.255847692489624,0.4146205693783103
UBFC_PHYS_s14_T1_ctrl,75,188,81.26666666666667,-0.5028443932533264,0.7649447431068397
UBFC_PHYS_s14_T1_ctrl,75,189,81.3,-0.8294320702552795,1.0035394971887606
UBFC_PHYS_s14_T1_ctrl,75,190,81.33333333333333,-1.0580941438674927,1.118867415937337
UBFC_PHYS_s14_T1_ctrl,75,191,81.36666666666666,-0.9367644190788269,1.1170761226234447
UBFC_PHYS_s14_T1_ctrl,75,192,81.4,-0.46054235100746155,1.0123896418452405
UBFC_PHYS_s14_T1_ctrl,75,193,81.43333333333334,0.09859398752450943,0.8204960985110139
UBFC_PHYS_s14_T1_ctrl,75,194,81.46666666666667,0.49452099204063416,0.5570826295663927
UBFC_PHYS_s14_T1_ctrl,75,195,81.5,0.6628561615943909,0.2401649388484895
UBFC_PHYS_s14_T1_ctrl,75,196,81.53333333333333,0.6091195940971375,-0.10646021186080779
UBFC_PHYS_s14_T1_ctrl,75,197,81.56666666666666,0.41352182626724243,-0.45091169804433767
UBFC_PHYS_s14_T1_ctrl,75,198,81.6,0.2398073822259903,-0.753664681114273
UBFC_PHYS_s14_T1_ctrl,75,199,81.63333333333334,0.19885718822479248,-0.9717317025708732
UBFC_PHYS_s14_T1_ctrl,75,200,81.66666666666667,0.22885166108608246,-1.0666814653907881
UBFC_PHYS_s14_T1_ctrl,75,201,81.7,0.205926313996315,-1.0150112492307704
UBFC_PHYS_s14_T1_ctrl,75,202,81.73333333333333,0.10664884001016617,-0.8174105630762744
UBFC_PHYS_s14_T1_ctrl,75,203,81.76666666666667,-0.001641053706407547,-0.5024124221011761
UBFC_PHYS_s14_T1_ctrl,75,204,81.8,-0.10373490303754807,-0.12122203329393585
UBFC_PHYS_s14_T1_ctrl,75,205,81.83333333333333,-0.2899259328842163,0.26553167794006144
UBFC_PHYS_s14_T1_ctrl,75,206,81.86666666666666,-0.6210198402404785,0.6035049731570798
UBFC_PHYS_s14_T1_ctrl,75,207,81.9,-0.9931765794754028,0.8554192583285067
UBFC_PHYS_s14_T1_ctrl,75,208,81.93333333333334,-1.139093279838562,1.0030461813100737
UBFC_PHYS_s14_T1_ctrl,75,209,81.96666666666667,-0.8501606583595276,1.0422642333298655
UBFC_PHYS_s14_T1_ctrl,75,210,82.0,-0.2112080454826355,0.9764318451778732
UBFC_PHYS_s14_T1_ctrl,75,211,82.03333333333333,0.4761863350868225,0.8126538367438289
UBFC_PHYS_s14_T1_ctrl,75,212,82.06666666666666,0.9682364463806152,0.5620502166878758
UBFC_PHYS_s14_T1_ctrl,75,213,82.1,1.156539797782898,0.2420077543980105
UBFC_PHYS_s14_T1_ctrl,75,214,82.13333333333334,1.055769681930542,-0.12210894949827521
UBFC_PHYS_s14_T1_ctrl,75,215,82.16666666666667,0.832965612411499,-0.49707948400088137
UBFC_PHYS_s14_T1_ctrl,75,216,82.2,0.6757833361625671,-0.8440570626323496
UBFC_PHYS_s14_T1_ctrl,75,217,82.23333333333333,0.6224973797798157,-1.1228867084379919
UBFC_PHYS_s14_T1_ctrl,75,218,82.26666666666667,0.5605369806289673,-1.298367665444919
UBFC_PHYS_s14_T1_ctrl,75,219,82.3,0.3820910155773163,-1.3475838188313356
UBFC_PHYS_s14_T1_ctrl,75,220,82.33333333333333,0.1176045686006546,-1.266041246438931
UBFC_PHYS_s14_T1_ctrl,75,221,82.36666666666666,-0.13285629451274872,-1.0696092496131975
UBFC_PHYS_s14_T1_ctrl,75,222,82.4,-0.36684131622314453,-0.7904365820637065
UBFC_PHYS_s14_T1_ctrl,75,223,82.43333333333334,-0.6820226311683655,-0.46793747192972635
UBFC_PHYS_s14_T1_ctrl,75,224,82.46666666666667,-1.1099156141281128,-0.13897780950098906
UBFC_PHYS_s14_T1_ctrl,75,225,82.5,-1.4819597005844116,0.16798734315594177
UBFC_PHYS_s14_T1_ctrl,75,226,82.53333333333333,-1.4806360006332397,0.43293731272786234
UBFC_PHYS_s14_T1_ctrl,75,227,82.56666666666666,-0.9957113265991211,0.6406941097975498
UBFC_PHYS_s14_T1_ctrl,75,228,82.6,-0.25480565428733826,0.7780920498985237
UBFC_PHYS_s14_T1_ctrl,75,229,82.63333333333334,0.40811437368392944,0.8350162126990027
UBFC_PHYS_s14_T1_ctrl,75,230,82.66666666666667,0.8194469809532166,0.8087219565893872
UBFC_PHYS_s14_T1_ctrl,75,231,82.7,0.9651666283607483,0.7079660470331105
UBFC_PHYS_s14_T1_ctrl,75,232,82.73333333333333,0.9005025029182434,0.5538211261818411
UBFC_PHYS_s14_T1_ctrl,75,233,82.76666666666667,0.7372931241989136,0.37646657601560973
UBFC_PHYS_s14_T1_ctrl,75,234,82.8,0.6227226853370667,0.2092913673075983
UBFC_PHYS_s14_T1_ctrl,75,235,82.83333333333333,0.5883628129959106,0.0822381947256182
UBFC_PHYS_s14_T1_ctrl,75,236,82.86666666666666,0.5079832673072815,0.015785024437664195
UBFC_PHYS_s14_T1_ctrl,75,237,82.9,0.3181309700012207,0.016435658400083535
UBFC_PHYS_s14_T1_ctrl,75,238,82.93333333333334,0.1265888214111328,0.07476303151606198
UBFC_PHYS_s14_T1_ctrl,75,239,82.96666666666667,-0.029804876074194908,0.16714133112232377
UBFC_PHYS_s14_T1_ctrl,76,0,76.0,0.013961703516542912,-0.008424203590858863
UBFC_PHYS_s14_T1_ctrl,76,1,76.03333333333333,0.5814626812934875,0.007973928773859157
UBFC_PHYS_s14_T1_ctrl,76,2,76.06666666666666,0.885491132736206,-0.006511199740327432
UBFC_PHYS_s14_T1_ctrl,76,3,76.1,0.9638992547988892,-0.07232211975687552
UBFC_PHYS_s14_T1_ctrl,76,4,76.13333333333334,0.8629037737846375,-0.19091629092620563
UBFC_PHYS_s14_T1_ctrl,76,5,76.16666666666667,0.6997507810592651,-0.3417784528946665
UBFC_PHYS_s14_T1_ctrl,76,6,76.2,0.6068382859230042,-0.48561106503497226
UBFC_PHYS_s14_T1_ctrl,76,7,76.23333333333333,0.5755201578140259,-0.573603361252587
UBFC_PHYS_s14_T1_ctrl,76,8,76.26666666666667,0.4842693507671356,-0.5613788761279083
UBFC_PHYS_s14_T1_ctrl,76,9,76.3,0.2837429642677307,-0.42453830824747535
UBFC_PHYS_s14_T1_ctrl,76,10,76.33333333333333,0.03184572979807854,-0.1707548136763993
UBFC_PHYS_s14_T1_ctrl,76,11,76.36666666666666,-0.21363013982772827,0.15728286405511616
UBFC_PHYS_s14_T1_ctrl,76,12,76.4,-0.4515862762928009,0.49153650954875955
UBFC_PHYS_s14_T1_ctrl,76,13,76.43333333333334,-0.7191707491874695,0.7591580765915905
UBFC_PHYS_s14_T1_ctrl,76,14,76.46666666666667,-1.0496731996536255,0.906176770818126
UBFC_PHYS_s14_T1_ctrl,76,15,76.5,-1.3877516984939575,0.9139209608042725
UBFC_PHYS_s14_T1_ctrl,76,16,76.53333333333333,-1.4860434532165527,0.8009652930037156
UBFC_PHYS_s14_T1_ctrl,76,17,76.56666666666666,-1.1275461912155151,0.6105118007327711
UBFC_PHYS_s14_T1_ctrl,76,18,76.6,-0.42978745698928833,0.38993800393450084
UBFC_PHYS_s14_T1_ctrl,76,19,76.63333333333334,0.2602543234825134,0.17240089499584785
UBFC_PHYS_s14_T1_ctrl,76,20,76.66666666666667,0.7120020389556885,-0.03142982972257144
UBFC_PHYS_s14_T1_ctrl,76,21,76.7,0.8999391794204712,-0.2289085134747295
UBFC_PHYS_s14_T1_ctrl,76,22,76.73333333333333,0.8918561935424805,-0.4318275648094666
UBFC_PHYS_s14_T1_ctrl,76,23,76.76666666666667,0.7740187644958496,-0.6411782419595019
UBFC_PHYS_s14_T1_ctrl,76,24,76.8,0.6301579475402832,-0.8376538075126582
UBFC_PHYS_s14_T1_ctrl,76,25,76.83333333333333,0.523867666721344,-0.9823001386019908
UBFC_PHYS_s14_T1_ctrl,76,26,76.86666666666666,0.4835089445114136,-1.0277251949093749
UBFC_PHYS_s14_T1_ctrl,76,27,76.9,0.4718209505081177,-0.9362345768962455
UBFC_PHYS_s14_T1_ctrl,76,28,76.93333333333334,0.41740843653678894,-0.6979366040286709
UBFC_PHYS_s14_T1_ctrl,76,29,76.96666666666667,0.29850080609321594,-0.3407276892234826
UBFC_PHYS_s14_T1_ctrl,76,30,77.0,0.12253323197364807,0.07361032661924573
UBFC_PHYS_s14_T1_ctrl,76,31,77.03333333333333,-0.12795579433441162,0.4671978180859213
UBFC_PHYS_s14_T1_ctrl,76,32,77.06666666666666,-0.45735985040664673,0.7706540277760731
UBFC_PHYS_s14_T1_ctrl,76,33,77.1,-0.8503015041351318,0.9434721990483167
UBFC_PHYS_s14_T1_ctrl,76,34,77.13333333333334,-1.2228807210922241,0.9813605843129305
UBFC_PHYS_s14_T1_ctrl,76,35,77.16666666666667,-1.3453651666641235,0.9085474535936653
UBFC_PHYS_s14_T1_ctrl,76,36,77.2,-1.0112577676773071,0.7603694181918463
UBFC_PHYS_s14_T1_ctrl,76,37,77.23333333333333,-0.32566583156585693,0.5656512057378142
UBFC_PHYS_s14_T1_ctrl,76,38,77.26666666666667,0.3649110794067383,0.33759388046185507
UBFC_PHYS_s14_T1_ctrl,76,39,77.3,0.8154477477073669,0.07681543831057894
UBFC_PHYS_s14_T1_ctrl,76,40,77.33333333333333,0.9891340136528015,-0.21644211695413068
UBFC_PHYS_s14_T1_ctrl,76,41,77.36666666666666,0.9288915991783142,-0.5284708294196964
UBFC_PHYS_s14_T1_ctrl,76,42,77.4,0.7407572865486145,-0.8243529767634373
UBFC_PHYS_s14_T1_ctrl,76,43,77.43333333333334,0.5937139391899109,-1.0508179642022242
UBFC_PHYS_s14_T1_ctrl,76,44,77.46666666666667,0.5627900958061218,-1.1497555643881359
UBFC_PHYS_s14_T1_ctrl,76,45,77.5,0.5521723031997681,-1.078123421011953
UBFC_PHYS_s14_T1_ctrl,76,46,77.53333333333333,0.4667232930660248,-0.8267676873243952
UBFC_PHYS_s14_T1_ctrl,76,47,77.56666666666666,0.3374232053756714,-0.42982668419592523
UBFC_PHYS_s14_T1_ctrl,76,48,77.6,0.1839585304260254,0.04102032991169289
UBFC_PHYS_s14_T1_ctrl,76,49,77.63333333333334,-0.0362543910741806,0.4969693892709707
UBFC_PHYS_s14_T1_ctrl,76,50,77.66666666666667,-0.35371699929237366,0.8590045537390997
UBFC_PHYS_s14_T1_ctrl,76,51,77.7,-0.7524603605270386,1.0792150920431316
UBFC_PHYS_s14_T1_ctrl,76,52,77.73333333333333,-1.1408675909042358,1.1477096811357597
UBFC_PHYS_s14_T1_ctrl,76,53,77.76666666666667,-1.298359751701355,1.0842421016682433
UBFC_PHYS_s14_T1_ctrl,76,54,77.8,-1.03398597240448,0.9210222607213687
UBFC_PHYS_s14_T1_ctrl,76,55,77.83333333333333,-0.4386309087276459,0.6864222787080421
UBFC_PHYS_s14_T1_ctrl,76,56,77.86666666666666,0.2041238248348236,0.39739737400700464
UBFC_PHYS_s14_T1_ctrl,76,57,77.9,0.6623492240905762,0.0629978304974316
UBFC_PHYS_s14_T1_ctrl,76,58,77.93333333333334,0.8318954110145569,-0.3046350979866047
UBFC_PHYS_s14_T1_ctrl,76,59,77.96666666666667,0.7123399972915649,-0.6789607237880446
UBFC_PHYS_s14_T1_ctrl,76,60,78.0,0.43557411432266235,-1.0142733932104278
UBFC_PHYS_s14_T1_ctrl,76,61,78.03333333333333,0.2177269458770752,-1.2510912209439764
UBFC_PHYS_s14_T1_ctrl,76,62,78.06666666666666,0.15179544687271118,-1.3310581877860628
UBFC_PHYS_s14_T1_ctrl,76,63,78.1,0.16063888370990753,-1.2167210269308122
UBFC_PHYS_s14_T1_ctrl,76,64,78.13333333333334,0.14424754679203033,-0.908745877039581
UBFC_PHYS_s14_T1_ctrl,76,65,78.16666666666667,0.08282224833965302,-0.4526531541768129
UBFC_PHYS_s14_T1_ctrl,76,66,78.2,0.0033157789148390293,0.07003542449535284
UBFC_PHYS_s14_T1_ctrl,76,67,78.23333333333333,-0.11953481286764145,0.5648416272357396
UBFC_PHYS_s14_T1_ctrl,76,68,78.26666666666667,-0.3866686522960663,0.9522220240149054
UBFC_PHYS_s14_T1_ctrl,76,69,78.3,-0.840753972530365,1.1874559973348942
UBFC_PHYS_s14_T1_ctrl,76,70,78.33333333333333,-1.2876293659210205,1.2643456129774315
UBFC_PHYS_s14_T1_ctrl,76,71,78.36666666666666,-1.3765143156051636,1.20376109682313
UBFC_PHYS_s14_T1_ctrl,76,72,78.4,-0.9489030241966248,1.0354501714540958
UBFC_PHYS_s14_T1_ctrl,76,73,78.43333333333334,-0.2450609654188156,0.7834498362514805
UBFC_PHYS_s14_T1_ctrl,76,74,78.46666666666667,0.3807954788208008,0.46176856003581584
UBFC_PHYS_s14_T1_ctrl,76,75,78.5,0.7895933389663696,0.08061084711102602
UBFC_PHYS_s14_T1_ctrl,76,76,78.53333333333333,0.9404669404029846,-0.3419898086498775
UBFC_PHYS_s14_T1_ctrl,76,77,78.56666666666666,0.8168277740478516,-0.77039506010207
UBFC_PHYS_s14_T1_ctrl,76,78,78.6,0.5665358901023865,-1.1492622342975096
UBFC_PHYS_s14_T1_ctrl,76,79,78.63333333333334,0.4165353775024414,-1.4114544142621805
UBFC_PHYS_s14_T1_ctrl,76,80,78.66666666666667,0.3944549262523651,-1.4945749265344335
UBFC_PHYS_s14_T1_ctrl,76,81,78.7,0.37533169984817505,-1.3613899353731544
UBFC_PHYS_s14_T1_ctrl,76,82,78.73333333333333,0.3135121166706085,-1.016808420187113
UBFC_PHYS_s14_T1_ctrl,76,83,78.76666666666667,0.2431025505065918,-0.5134944218556067
UBFC_PHYS_s14_T1_ctrl,76,84,78.8,0.1243075579404831,0.058954285345264756
UBFC_PHYS_s14_T1_ctrl,76,85,78.83333333333333,-0.14093931019306183,0.5993468156134897
UBFC_PHYS_s14_T1_ctrl,76,86,78.86666666666666,-0.571000874042511,1.0242624392932858
UBFC_PHYS_s14_T1_ctrl,76,87,78.9,-1.0170875787734985,1.2876171997559283
UBFC_PHYS_s14_T1_ctrl,76,88,78.93333333333334,-1.2124600410461426,1.3826366291407102
UBFC_PHYS_s14_T1_ctrl,76,89,78.96666666666667,-0.9671249985694885,1.3288710154910017
UBFC_PHYS_s14_T1_ctrl,76,90,79.0,-0.3535761535167694,1.1540219827186986
UBFC_PHYS_s14_T1_ctrl,76,91,79.03333333333333,0.3534765839576721,0.8809056625443854
UBFC_PHYS_s14_T1_ctrl,76,92,79.06666666666666,0.8974607586860657,0.5249662410402409
UBFC_PHYS_s14_T1_ctrl,76,93,79.1,1.1631301641464233,0.10120544000016744
UBFC_PHYS_s14_T1_ctrl,76,94,79.13333333333334,1.155920147895813,-0.3650171551193833
UBFC_PHYS_s14_T1_ctrl,76,95,79.16666666666667,0.9633641242980957,-0.8299698648461409
UBFC_PHYS_s14_T1_ctrl,76,96,79.2,0.7153253555297852,-1.2314331760142936
UBFC_PHYS_s14_T1_ctrl,76,97,79.23333333333333,0.5352177023887634,-1.4984384961507182
UBFC_PHYS_s14_T1_ctrl,76,98,79.26666666666667,0.4344193935394287,-1.56907325994033
UBFC_PHYS_s14_T1_ctrl,76,99,79.3,0.3100197911262512,-1.4110120037535494
UBFC_PHYS_s14_T1_ctrl,76,100,79.33333333333333,0.14055807888507843,-1.0370221579572374
UBFC_PHYS_s14_T1_ctrl,76,101,79.36666666666666,-0.0223696269094944,-0.5078368631898266
UBFC_PHYS_s14_T1_ctrl,76,102,79.4,-0.2188967764377594,0.08145356687642018
UBFC_PHYS_s14_T1_ctrl,76,103,79.43333333333334,-0.5369508266448975,0.6281847662783494
UBFC_PHYS_s14_T1_ctrl,76,104,79.46666666666667,-0.972842276096344,1.0511115240231799
UBFC_PHYS_s14_T1_ctrl,76,105,79.5,-1.393243670463562,1.3083942520611942
UBFC_PHYS_s14_T1_ctrl,76,106,79.53333333333333,-1.5235857963562012,1.3976301314184112
UBFC_PHYS_s14_T1_ctrl,76,107,79.56666666666666,-1.1748331785202026,1.341154320157275
UBFC_PHYS_s14_T1_ctrl,76,108,79.6,-0.49890148639678955,1.1668528333354364
UBFC_PHYS_s14_T1_ctrl,76,109,79.63333333333334,0.14041726291179657,0.8952175560500474
UBFC_PHYS_s14_T1_ctrl,76,110,79.66666666666667,0.5486518740653992,0.5381148374647919
UBFC_PHYS_s14_T1_ctrl,76,111,79.7,0.7348428964614868,0.10763497205186424
UBFC_PHYS_s14_T1_ctrl,76,112,79.73333333333333,0.7104248404502869,-0.37144761231327206
UBFC_PHYS_s14_T1_ctrl,76,113,79.76666666666667,0.520797848701477,-0.853132706764085
UBFC_PHYS_s14_T1_ctrl,76,114,79.8,0.34795644879341125,-1.2709456045567205
UBFC_PHYS_s14_T1_ctrl,76,115,79.83333333333333,0.30587971210479736,-1.5494211660984119
UBFC_PHYS_s14_T1_ctrl,76,116,79.86666666666666,0.3181591331958771,-1.6235878224049323
UBFC_PHYS_s14_T1_ctrl,76,117,79.9,0.2829825282096863,-1.4603436936713725
UBFC_PHYS_s14_T1_ctrl,76,118,79.93333333333334,0.1922386884689331,-1.0738328444314986
UBFC_PHYS_s14_T1_ctrl,76,119,79.96666666666667,0.05471475422382355,-0.5275810363041449
UBFC_PHYS_s14_T1_ctrl,76,120,80.0,-0.1668500304222107,0.08007061539044967
UBFC_PHYS_s14_T1_ctrl,76,121,80.03333333333333,-0.507688581943512,0.6436616551942147
UBFC_PHYS_s14_T1_ctrl,76,122,80.06666666666666,-0.9368489384651184,1.0801342914131453
UBFC_PHYS_s14_T1_ctrl,76,123,80.1,-1.3225243091583252,1.346738867773161
UBFC_PHYS_s14_T1_ctrl,76,124,80.13333333333334,-1.4046499729156494,1.4406998366053705
UBFC_PHYS_s14_T1_ctrl,76,125,80.16666666666667,-0.9830375909805298,1.3845027107891796
UBFC_PHYS_s14_T1_ctrl,76,126,80.2,-0.19236645102500916,1.2071892343854378
UBFC_PHYS_s14_T1_ctrl,76,127,80.23333333333333,0.5843353867530823,0.9318282385236861
UBFC_PHYS_s14_T1_ctrl,76,128,80.26666666666667,1.0804975032806396,0.5739408090802576
UBFC_PHYS_s14_T1_ctrl,76,129,80.3,1.2740674018859863,0.1490082284697922
UBFC_PHYS_s14_T1_ctrl,76,130,80.33333333333333,1.219936490058899,-0.31701490858703674
UBFC_PHYS_s14_T1_ctrl,76,131,80.36666666666666,1.0262539386749268,-0.7807913544269823
UBFC_PHYS_s14_T1_ctrl,76,132,80.4,0.8578624725341797,-1.182568339701259
UBFC_PHYS_s14_T1_ctrl,76,133,80.43333333333334,0.7693435549736023,-1.45582278298547
UBFC_PHYS_s14_T1_ctrl,76,134,80.46666666666667,0.6787405610084534,-1.5432831386683146
UBFC_PHYS_s14_T1_ctrl,76,135,80.5,0.5462579131126404,-1.4146657705412955
UBFC_PHYS_s14_T1_ctrl,76,136,80.53333333333333,0.39262428879737854,-1.079949606856865
UBFC_PHYS_s14_T1_ctrl,76,137,80.56666666666666,0.21468526124954224,-0.5920916198587207
UBFC_PHYS_s14_T1_ctrl,76,138,80.6,0.014891109429299831,-0.03575600066102239
UBFC_PHYS_s14_T1_ctrl,76,139,80.63333333333334,-0.2010127454996109,0.49557543069306675
UBFC_PHYS_s14_T1_ctrl,76,140,80.66666666666667,-0.5076322555541992,0.9248601381712246
UBFC_PHYS_s14_T1_ctrl,76,141,80.7,-0.9505083560943604,1.20757514291403
UBFC_PHYS_s14_T1_ctrl,76,142,80.73333333333333,-1.3257631063461304,1.3326439185460512
UBFC_PHYS_s14_T1_ctrl,76,143,80.76666666666667,-1.2677738666534424,1.311219124629364
UBFC_PHYS_s14_T1_ctrl,76,144,80.8,-0.7008360624313354,1.1620735260033637
UBFC_PHYS_s14_T1_ctrl,76,145,80.83333333333333,0.04226634278893471,0.9022533142679352
UBFC_PHYS_s14_T1_ctrl,76,146,80.86666666666666,0.6246378421783447,0.5469308567289181
UBFC_PHYS_s14_T1_ctrl,76,147,80.9,0.9336512684822083,0.11647313122703751
UBFC_PHYS_s14_T1_ctrl,76,148,80.93333333333334,0.9819522500038147,-0.35499913867474264
UBFC_PHYS_s14_T1_ctrl,76,149,80.96666666666667,0.8399502635002136,-0.81556358896145
UBFC_PHYS_s14_T1_ctrl,76,150,81.0,0.6598989367485046,-1.199433996913821
UBFC_PHYS_s14_T1_ctrl,76,151,81.03333333333333,0.5832370519638062,-1.4388280109001264
UBFC_PHYS_s14_T1_ctrl,76,152,81.06666666666666,0.5775761008262634,-1.4807923100199711
UBFC_PHYS_s14_T1_ctrl,76,153,81.1,0.5178688168525696,-1.304027584070883
UBFC_PHYS_s14_T1_ctrl,76,154,81.13333333333334,0.3538145422935486,-0.9296929032251536
UBFC_PHYS_s14_T1_ctrl,76,155,81.16666666666667,0.13816416263580322,-0.42072289065726237
UBFC_PHYS_s14_T1_ctrl,76,156,81.2,-0.06554476171731949,0.13271217037532873
UBFC_PHYS_s14_T1_ctrl,76,157,81.23333333333333,-0.255847692489624,0.6379664370067852
UBFC_PHYS_s14_T1_ctrl,76,158,81.26666666666667,-0.5028443932533264,1.0246406770511434
UBFC_PHYS_s14_T1_ctrl,76,159,81.3,-0.8294320702552795,1.2577320024359553
UBFC_PHYS_s14_T1_ctrl,76,160,81.33333333333333,-1.0580941438674927,1.3347163633057928
UBFC_PHYS_s14_T1_ctrl,76,161,81.36666666666666,-0.9367644190788269,1.2717388727012862
UBFC_PHYS_s14_T1_ctrl,76,162,81.4,-0.46054235100746155,1.088899378109582
UBFC_PHYS_s14_T1_ctrl,76,163,81.43333333333334,0.09859398752450943,0.8028022841097179
UBFC_PHYS_s14_T1_ctrl,76,164,81.46666666666667,0.49452099204063416,0.4286886311704355
UBFC_PHYS_s14_T1_ctrl,76,165,81.5,0.6628561615943909,-0.01137825192716444
UBFC_PHYS_s14_T1_ctrl,76,166,81.53333333333333,0.6091195940971375,-0.4805098610205444
UBFC_PHYS_s14_T1_ctrl,76,167,81.56666666666666,0.41352182626724243,-0.9245965074148436
UBFC_PHYS_s14_T1_ctrl,76,168,81.6,0.2398073822259903,-1.2780195804626484
UBFC_PHYS_s14_T1_ctrl,76,169,81.63333333333334,0.19885718822479248,-1.4766172483124884
UBFC_PHYS_s14_T1_ctrl,76,170,81.66666666666667,0.22885166108608246,-1.474420529672122
UBFC_PHYS_s14_T1_ctrl,76,171,81.7,0.205926313996315,-1.2589668840813542
UBFC_PHYS_s14_T1_ctrl,76,172,81.73333333333333,0.10664884001016617,-0.8593352100357496
UBFC_PHYS_s14_T1_ctrl,76,173,81.76666666666667,-0.001641053706407547,-0.3423238187296125
UBFC_PHYS_s14_T1_ctrl,76,174,81.8,-0.10373490303754807,0.20392565130557228
UBFC_PHYS_s14_T1_ctrl,76,175,81.83333333333333,-0.2899259328842163,0.6937426382455886
UBFC_PHYS_s14_T1_ctrl,76,176,81.86666666666666,-0.6210198402404785,1.0650764529159205
UBFC_PHYS_s14_T1_ctrl,76,177,81.9,-0.9931765794754028,1.2883962559530995
UBFC_PHYS_s14_T1_ctrl,76,178,81.93333333333334,-1.139093279838562,1.3612511251048132
UBFC_PHYS_s14_T1_ctrl,76,179,81.96666666666667,-0.8501606583595276,1.2950444317958512
UBFC_PHYS_s14_T1_ctrl,76,180,82.0,-0.2112080454826355,1.1036694077501377
UBFC_PHYS_s14_T1_ctrl,76,181,82.03333333333333,0.4761863350868225,0.800332082420879
UBFC_PHYS_s14_T1_ctrl,76,182,82.06666666666666,0.9682364463806152,0.4024983414567188
UBFC_PHYS_s14_T1_ctrl,76,183,82.1,1.156539797782898,-0.0601716278478485
UBFC_PHYS_s14_T1_ctrl,76,184,82.13333333333334,1.055769681930542,-0.5410215268414178
UBFC_PHYS_s14_T1_ctrl,76,185,82.16666666666667,0.832965612411499,-0.9785109493416113
UBFC_PHYS_s14_T1_ctrl,76,186,82.2,0.6757833361625671,-1.305697525741887
UBFC_PHYS_s14_T1_ctrl,76,187,82.23333333333333,0.6224973797798157,-1.4647023477373455
UBFC_PHYS_s14_T1_ctrl,76,188,82.26666666666667,0.5605369806289673,-1.4219708720986715
UBFC_PHYS_s14_T1_ctrl,76,189,82.3,0.3820910155773163,-1.1794288703832458
UBFC_PHYS_s14_T1_ctrl,76,190,82.33333333333333,0.1176045686006546,-0.7770804608031114
UBFC_PHYS_s14_T1_ctrl,76,191,82.36666666666666,-0.13285629451274872,-0.2846931871434396
UBFC_PHYS_s14_T1_ctrl,76,192,82.4,-0.36684131622314453,0.21595902193541902
UBFC_PHYS_s14_T1_ctrl,76,193,82.43333333333334,-0.6820226311683655,0.6524097416299588
UBFC_PHYS_s14_T1_ctrl,76,194,82.46666666666667,-1.1099156141281128,0.9777488933313372
UBFC_PHYS_s14_T1_ctrl,76,195,82.5,-1.4819597005844116,1.1748841642441048
UBFC_PHYS_s14_T1_ctrl,76,196,82.53333333333333,-1.4806360006332397,1.2483535407659545
UBFC_PHYS_s14_T1_ctrl,76,197,82.56666666666666,-0.9957113265991211,1.2102075217608619
UBFC_PHYS_s14_T1_ctrl,76,198,82.6,-0.25480565428733826,1.0691028705851535
UBFC_PHYS_s14_T1_ctrl,76,199,82.63333333333334,0.40811437368392944,0.8287192605752436
UBFC_PHYS_s14_T1_ctrl,76,200,82.66666666666667,0.8194469809532166,0.4951324606061932
UBFC_PHYS_s14_T1_ctrl,76,201,82.7,0.9651666283607483,0.08725435887777999
UBFC_PHYS_s14_T1_ctrl,76,202,82.73333333333333,0.9005025029182434,-0.35671497821127407
UBFC_PHYS_s14_T1_ctrl,76,203,82.76666666666667,0.7372931241989136,-0.7810418821442076
UBFC_PHYS_s14_T1_ctrl,76,204,82.8,0.6227226853370667,-1.1223258251700339
UBFC_PHYS_s14_T1_ctrl,76,205,82.83333333333333,0.5883628129959106,-1.3239862706292131
UBFC_PHYS_s14_T1_ctrl,76,206,82.86666666666666,0.5079832673072815,-1.3506101798196766
UBFC_PHYS_s14_T1_ctrl,76,207,82.9,0.3181309700012207,-1.1977822138450833
UBFC_PHYS_s14_T1_ctrl,76,208,82.93333333333334,0.1265888214111328,-0.8941651253127983
UBFC_PHYS_s14_T1_ctrl,76,209,82.96666666666667,-0.029804876074194908,-0.4945312212175664
UBFC_PHYS_s14_T1_ctrl,76,210,83.0,-0.29569950699806213,-0.06532977475570874
UBFC_PHYS_s14_T1_ctrl,76,211,83.03333333333333,-0.755614697933197,0.33242959627715474
UBFC_PHYS_s14_T1_ctrl,76,212,83.06666666666666,-1.2714914083480835,0.6562463741630299
UBFC_PHYS_s14_T1_ctrl,76,213,83.1,-1.594079852104187,0.8858354004180324
UBFC_PHYS_s14_T1_ctrl,76,214,83.13333333333334,-1.4763269424438477,1.0172365801826064
UBFC_PHYS_s14_T1_ctrl,76,215,83.16666666666667,-0.8782681822776794,1.052521284526273
UBFC_PHYS_s14_T1_ctrl,76,216,83.2,-0.07390941679477692,0.9922280571145614
UBFC_PHYS_s14_T1_ctrl,76,217,83.23333333333333,0.592559278011322,0.8351209163087802
UBFC_PHYS_s14_T1_ctrl,76,218,83.26666666666667,0.9658143520355225,0.584634236784032
UBFC_PHYS_s14_T1_ctrl,76,219,83.3,1.0465319156646729,0.2569775113123362
UBFC_PHYS_s14_T1_ctrl,76,220,83.33333333333333,0.9012628793716431,-0.11487959128662201
UBFC_PHYS_s14_T1_ctrl,76,221,83.36666666666666,0.6718685626983643,-0.4843385339792929
UBFC_PHYS_s14_T1_ctrl,76,222,83.4,0.5228537917137146,-0.800269189065199
UBFC_PHYS_s14_T1_ctrl,76,223,83.43333333333334,0.49781614542007446,-1.0181142287343552
UBFC_PHYS_s14_T1_ctrl,76,224,83.46666666666667,0.5141511559486389,-1.1090257827959669
UBFC_PHYS_s14_T1_ctrl,76,225,83.5,0.4993651807308197,-1.0647787870414716
UBFC_PHYS_s14_T1_ctrl,76,226,83.53333333333333,0.41140955686569214,-0.8978539943122443
UBFC_PHYS_s14_T1_ctrl,76,227,83.56666666666666,0.21248848736286163,-0.6370673893472651
UBFC_PHYS_s14_T1_ctrl,76,228,83.6,-0.10297448188066483,-0.31982281286394304
UBFC_PHYS_s14_T1_ctrl,76,229,83.63333333333334,-0.5016334056854248,0.016851909498491056
UBFC_PHYS_s14_T1_ctrl,76,230,83.66666666666667,-0.9460021257400513,0.3430721470017819
UBFC_PHYS_s14_T1_ctrl,76,231,83.7,-1.3027533292770386,0.6376608052571436
UBFC_PHYS_s14_T1_ctrl,76,232,83.73333333333333,-1.3186094760894775,0.8845178144576544
UBFC_PHYS_s14_T1_ctrl,76,233,83.76666666666667,-0.8775640726089478,1.0672713152082316
UBFC_PHYS_s14_T1_ctrl,76,234,83.8,-0.1964220404624939,1.1667882497004236
UBFC_PHYS_s14_T1_ctrl,76,235,83.83333333333333,0.42698413133621216,1.1641023356295945
UBFC_PHYS_s14_T1_ctrl,76,236,83.86666666666666,0.8427948355674744,1.0475274165325106
UBFC_PHYS_s14_T1_ctrl,76,237,83.9,0.9959214925765991,0.8198805935418286
UBFC_PHYS_s14_T1_ctrl,76,238,83.93333333333334,0.9134860038757324,0.5018323662682685
UBFC_PHYS_s14_T1_ctrl,76,239,83.96666666666667,0.7426161170005798,0.12988245123561604
UBFC_PHYS_s14_T1_ctrl,77,0,77.0,0.12253323197364807,-0.07717561420741087
UBFC_PHYS_s14_T1_ctrl,77,1,77.03333333333333,-0.12795579433441162,0.24747855140685182
UBFC_PHYS_s14_T1_ctrl,77,2,77.06666666666666,-0.45735985040664673,0.5077619042412398
UBFC_PHYS_s14_T1_ctrl,77,3,77.1,-0.8503015041351318,0.6546938809347485
UBFC_PHYS_s14_T1_ctrl,77,4,77.13333333333334,-1.2228807210922241,0.6676837413848801
UBFC_PHYS_s14_T1_ctrl,77,5,77.16666666666667,-1.3453651666641235,0.5579921979127326
UBFC_PHYS_s14_T1_ctrl,77,6,77.2,-1.0112577676773071,0.3620435187616498
UBFC_PHYS_s14_T1_ctrl,77,7,77.23333333333333,-0.32566583156585693,0.127041936927593
UBFC_PHYS_s14_T1_ctrl,77,8,77.26666666666667,0.3649110794067383,-0.10506335321076028
UBFC_PHYS_s14_T1_ctrl,77,9,77.3,0.8154477477073669,-0.3084832852598074
UBFC_PHYS_s14_T1_ctrl,77,10,77.33333333333333,0.9891340136528015,-0.4753941876989153
UBFC_PHYS_s14_T1_ctrl,77,11,77.36666666666666,0.9288915991783142,-0.6092163688212596
UBFC_PHYS_s14_T1_ctrl,77,12,77.4,0.7407572865486145,-0.7136453248469816
UBFC_PHYS_s14_T1_ctrl,77,13,77.43333333333334,0.5937139391899109,-0.7832244179763866
UBFC_PHYS_s14_T1_ctrl,77,14,77.46666666666667,0.5627900958061218,-0.8003236363438749
UBFC_PHYS_s14_T1_ctrl,77,15,77.5,0.5521723031997681,-0.7404804063833489
UBFC_PHYS_s14_T1_ctrl,77,16,77.53333333333333,0.4667232930660248,-0.5841903598470445
UBFC_PHYS_s14_T1_ctrl,77,17,77.56666666666666,0.3374232053756714,-0.329819685896871
UBFC_PHYS_s14_T1_ctrl,77,18,77.6,0.1839585304260254,-0.0009674017318931302
UBFC_PHYS_s14_T1_ctrl,77,19,77.63333333333334,-0.0362543910741806,0.35617684618871875
UBFC_PHYS_s14_T1_ctrl,77,20,77.66666666666667,-0.35371699929237366,0.684650934911536
UBFC_PHYS_s14_T1_ctrl,77,21,77.7,-0.7524603605270386,0.9322105448528543
UBFC_PHYS_s14_T1_ctrl,77,22,77.73333333333333,-1.1408675909042358,1.064128449079891
UBFC_PHYS_s14_T1_ctrl,77,23,77.76666666666667,-1.298359751701355,1.069176353572534
UBFC_PHYS_s14_T1_ctrl,77,24,77.8,-1.03398597240448,0.9577329594107497
UBFC_PHYS_s14_T1_ctrl,77,25,77.83333333333333,-0.4386309087276459,0.7539145445143054
UBFC_PHYS_s14_T1_ctrl,77,26,77.86666666666666,0.2041238248348236,0.48592943479289596
UBFC_PHYS_s14_T1_ctrl,77,27,77.9,0.6623492240905762,0.17929817113125807
UBFC_PHYS_s14_T1_ctrl,77,28,77.93333333333334,0.8318954110145569,-0.1444253885162184
UBFC_PHYS_s14_T1_ctrl,77,29,77.96666666666667,0.7123399972915649,-0.46400150509208116
UBFC_PHYS_s14_T1_ctrl,77,30,78.0,0.43557411432266235,-0.7530909441764543
UBFC_PHYS_s14_T1_ctrl,77,31,78.03333333333333,0.2177269458770752,-0.9773280008460375
UBFC_PHYS_s14_T1_ctrl,77,32,78.06666666666666,0.15179544687271118,-1.0973793898524427
UBFC_PHYS_s14_T1_ctrl,77,33,78.1,0.16063888370990753,-1.0788082956235114
UBFC_PHYS_s14_T1_ctrl,77,34,78.13333333333334,0.14424754679203033,-0.9056661896541006
UBFC_PHYS_s14_T1_ctrl,77,35,78.16666666666667,0.08282224833965302,-0.5915594986991787
UBFC_PHYS_s14_T1_ctrl,77,36,78.2,0.0033157789148390293,-0.18164645283484848
UBFC_PHYS_s14_T1_ctrl,77,37,78.23333333333333,-0.11953481286764145,0.2572088244883396
UBFC_PHYS_s14_T1_ctrl,77,38,78.26666666666667,-0.3866686522960663,0.6544317643092402
UBFC_PHYS_s14_T1_ctrl,77,39,78.3,-0.840753972530365,0.9536098482478358
UBFC_PHYS_s14_T1_ctrl,77,40,78.33333333333333,-1.2876293659210205,1.122825577914307
UBFC_PHYS_s14_T1_ctrl,77,41,78.36666666666666,-1.3765143156051636,1.1549292397121793
UBFC_PHYS_s14_T1_ctrl,77,42,78.4,-0.9489030241966248,1.0604072378144107
UBFC_PHYS_s14_T1_ctrl,77,43,78.43333333333334,-0.2450609654188156,0.8582152416567331
UBFC_PHYS_s14_T1_ctrl,77,44,78.46666666666667,0.3807954788208008,0.5693636263873242
UBFC_PHYS_s14_T1_ctrl,77,45,78.5,0.7895933389663696,0.21539106344602701
UBFC_PHYS_s14_T1_ctrl,77,46,78.53333333333333,0.9404669404029846,-0.17894967783774265
UBFC_PHYS_s14_T1_ctrl,77,47,78.56666666666666,0.8168277740478516,-0.5813486673362446
UBFC_PHYS_s14_T1_ctrl,77,48,78.6,0.5665358901023865,-0.9491718323730715
UBFC_PHYS_s14_T1_ctrl,77,49,78.63333333333334,0.4165353775024414,-1.231207804295131
UBFC_PHYS_s14_T1_ctrl,77,50,78.66666666666667,0.3944549262523651,-1.375691261546553
UBFC_PHYS_s14_T1_ctrl,77,51,78.7,0.37533169984817505,-1.343830524238849
UBFC_PHYS_s14_T1_ctrl,77,52,78.73333333333333,0.3135121166706085,-1.1244741109082617
UBFC_PHYS_s14_T1_ctrl,77,53,78.76666666666667,0.2431025505065918,-0.7430720617497886
UBFC_PHYS_s14_T1_ctrl,77,54,78.8,0.1243075579404831,-0.2590749660501392
UBFC_PHYS_s14_T1_ctrl,77,55,78.83333333333333,-0.14093931019306183,0.24902454703145266
UBFC_PHYS_s14_T1_ctrl,77,56,78.86666666666666,-0.571000874042511,0.7048874547840857
UBFC_PHYS_s14_T1_ctrl,77,57,78.9,-1.0170875787734985,1.051954519067263
UBFC_PHYS_s14_T1_ctrl,77,58,78.93333333333334,-1.2124600410461426,1.2605149169586396
UBFC_PHYS_s14_T1_ctrl,77,59,78.96666666666667,-0.9671249985694885,1.3239452589475833
UBFC_PHYS_s14_T1_ctrl,77,60,79.0,-0.3535761535167694,1.2494583462611548
UBFC_PHYS_s14_T1_ctrl,77,61,79.03333333333333,0.3534765839576721,1.0501320227239686
UBFC_PHYS_s14_T1_ctrl,77,62,79.06666666666666,0.8974607586860657,0.7421623239983209
UBFC_PHYS_s14_T1_ctrl,77,63,79.1,1.1631301641464233,0.3470603630775166
UBFC_PHYS_s14_T1_ctrl,77,64,79.13333333333334,1.155920147895813,-0.10407558989837054
UBFC_PHYS_s14_T1_ctrl,77,65,79.16666666666667,0.9633641242980957,-0.5675104365787578
UBFC_PHYS_s14_T1_ctrl,77,66,79.2,0.7153253555297852,-0.9875704215133199
UBFC_PHYS_s14_T1_ctrl,77,67,79.23333333333333,0.5352177023887634,-1.3024954433674556
UBFC_PHYS_s14_T1_ctrl,77,68,79.26666666666667,0.4344193935394287,-1.4555939027119114
UBFC_PHYS_s14_T1_ctrl,77,69,79.3,0.3100197911262512,-1.4098595346042757
UBFC_PHYS_s14_T1_ctrl,77,70,79.33333333333333,0.14055807888507843,-1.161503631442963
UBFC_PHYS_s14_T1_ctrl,77,71,79.36666666666666,-0.0223696269094944,-0.7462119968691854
UBFC_PHYS_s14_T1_ctrl,77,72,79.4,-0.2188967764377594,-0.23336937406791375
UBFC_PHYS_s14_T1_ctrl,77,73,79.43333333333334,-0.5369508266448975,0.2915294832379175
UBFC_PHYS_s14_T1_ctrl,77,74,79.46666666666667,-0.972842276096344,0.7496122562343277
UBFC_PHYS_s14_T1_ctrl,77,75,79.5,-1.393243670463562,1.0865407553451014
UBFC_PHYS_s14_T1_ctrl,77,76,79.53333333333333,-1.5235857963562012,1.2785358958381616
UBFC_PHYS_s14_T1_ctrl,77,77,79.56666666666666,-1.1748331785202026,1.3263146456135222
UBFC_PHYS_s14_T1_ctrl,77,78,79.6,-0.49890148639678955,1.2429003752895365
UBFC_PHYS_s14_T1_ctrl,77,79,79.63333333333334,0.14041726291179657,1.043290392569391
UBFC_PHYS_s14_T1_ctrl,77,80,79.66666666666667,0.5486518740653992,0.741151859904917
UBFC_PHYS_s14_T1_ctrl,77,81,79.7,0.7348428964614868,0.3526309770672065
UBFC_PHYS_s14_T1_ctrl,77,82,79.73333333333333,0.7104248404502869,-0.09658119311744126
UBFC_PHYS_s14_T1_ctrl,77,83,79.76666666666667,0.520797848701477,-0.56589850437802
UBFC_PHYS_s14_T1_ctrl,77,84,79.8,0.34795644879341125,-0.9997229639963042
UBFC_PHYS_s14_T1_ctrl,77,85,79.83333333333333,0.30587971210479736,-1.3337281924711086
UBFC_PHYS_s14_T1_ctrl,77,86,79.86666666666666,0.3181591331958771,-1.506864206025582
UBFC_PHYS_s14_T1_ctrl,77,87,79.9,0.2829825282096863,-1.476757467993863
UBFC_PHYS_s14_T1_ctrl,77,88,79.93333333333334,0.1922386884689331,-1.2342113446606429
UBFC_PHYS_s14_T1_ctrl,77,89,79.96666666666667,0.05471475422382355,-0.8110711602174017
UBFC_PHYS_s14_T1_ctrl,77,90,80.0,-0.1668500304222107,-0.2764120955806985
UBFC_PHYS_s14_T1_ctrl,77,91,80.03333333333333,-0.507688581943512,0.2798881937237063
UBFC_PHYS_s14_T1_ctrl,77,92,80.06666666666666,-0.9368489384651184,0.7706628411350515
UBFC_PHYS_s14_T1_ctrl,77,93,80.1,-1.3225243091583252,1.1321921020493966
UBFC_PHYS_s14_T1_ctrl,77,94,80.13333333333334,-1.4046499729156494,1.3338272713221027
UBFC_PHYS_s14_T1_ctrl,77,95,80.16666666666667,-0.9830375909805298,1.3744475359982495
UBFC_PHYS_s14_T1_ctrl,77,96,80.2,-0.19236645102500916,1.2706143828893757
UBFC_PHYS_s14_T1_ctrl,77,97,80.23333333333333,0.5843353867530823,1.0446125666056691
UBFC_PHYS_s14_T1_ctrl,77,98,80.26666666666667,1.0804975032806396,0.718531416919141
UBFC_PHYS_s14_T1_ctrl,77,99,80.3,1.2740674018859863,0.31551829074007937
UBFC_PHYS_s14_T1_ctrl,77,100,80.33333333333333,1.219936490058899,-0.1349177162534521
UBFC_PHYS_s14_T1_ctrl,77,101,80.36666666666666,1.0262539386749268,-0.5921739518260011
UBFC_PHYS_s14_T1_ctrl,77,102,80.4,0.8578624725341797,-1.003882976755296
UBFC_PHYS_s14_T1_ctrl,77,103,80.43333333333334,0.7693435549736023,-1.3107637779701249
UBFC_PHYS_s14_T1_ctrl,77,104,80.46666666666667,0.6787405610084534,-1.4569482089140002
UBFC_PHYS_s14_T1_ctrl,77,105,80.5,0.5462579131126404,-1.404157154624673
UBFC_PHYS_s14_T1_ctrl,77,106,80.53333333333333,0.39262428879737854,-1.1457730234911119
UBFC_PHYS_s14_T1_ctrl,77,107,80.56666666666666,0.21468526124954224,-0.7149627173306826
UBFC_PHYS_s14_T1_ctrl,77,108,80.6,0.014891109429299831,-0.18150086847917452
UBFC_PHYS_s14_T1_ctrl,77,109,80.63333333333334,-0.2010127454996109,0.3640227858959647
UBFC_PHYS_s14_T1_ctrl,77,110,80.66666666666667,-0.5076322555541992,0.8335458445752278
UBFC_PHYS_s14_T1_ctrl,77,111,80.7,-0.9505083560943604,1.1628466349391438
UBFC_PHYS_s14_T1_ctrl,77,112,80.73333333333333,-1.3257631063461304,1.3221987911506707
UBFC_PHYS_s14_T1_ctrl,77,113,80.76666666666667,-1.2677738666534424,1.3135767601873514
UBFC_PHYS_s14_T1_ctrl,77,114,80.8,-0.7008360624313354,1.1587279399018087
UBFC_PHYS_s14_T1_ctrl,77,115,80.83333333333333,0.04226634278893471,0.8863064925469509
UBFC_PHYS_s14_T1_ctrl,77,116,80.86666666666666,0.6246378421783447,0.524656385350431
UBFC_PHYS_s14_T1_ctrl,77,117,80.9,0.9336512684822083,0.10197823904065348
UBFC_PHYS_s14_T1_ctrl,77,118,80.93333333333334,0.9819522500038147,-0.3487329682731097
UBFC_PHYS_s14_T1_ctrl,77,119,80.96666666666667,0.8399502635002136,-0.784601301211036
UBFC_PHYS_s14_T1_ctrl,77,120,81.0,0.6598989367485046,-1.1518849293223725
UBFC_PHYS_s14_T1_ctrl,77,121,81.03333333333333,0.5832370519638062,-1.3915161265490803
UBFC_PHYS_s14_T1_ctrl,77,122,81.06666666666666,0.5775761008262634,-1.4512207993229125
UBFC_PHYS_s14_T1_ctrl,77,123,81.1,0.5178688168525696,-1.3014629291400237
UBFC_PHYS_s14_T1_ctrl,77,124,81.13333333333334,0.3538145422935486,-0.9495945817152004
UBFC_PHYS_s14_T1_ctrl,77,125,81.16666666666667,0.13816416263580322,-0.4453312944108614
UBFC_PHYS_s14_T1_ctrl,77,126,81.2,-0.06554476171731949,0.12728314680596042
UBFC_PHYS_s14_T1_ctrl,77,127,81.23333333333333,-0.255847692489624,0.6706140751492461
UBFC_PHYS_s14_T1_ctrl,77,128,81.26666666666667,-0.5028443932533264,1.0991038265581965
UBFC_PHYS_s14_T1_ctrl,77,129,81.3,-0.8294320702552795,1.3588720022257879
UBFC_PHYS_s14_T1_ctrl,77,130,81.33333333333333,-1.0580941438674927,1.4338704582290545
UBFC_PHYS_s14_T1_ctrl,77,131,81.36666666666666,-0.9367644190788269,1.3387368672276587
UBFC_PHYS_s14_T1_ctrl,77,132,81.4,-0.46054235100746155,1.1046566944811744
UBFC_PHYS_s14_T1_ctrl,77,133,81.43333333333334,0.09859398752450943,0.7663187881657082
UBFC_PHYS_s14_T1_ctrl,77,134,81.46666666666667,0.49452099204063416,0.3553794847406306
UBFC_PHYS_s14_T1_ctrl,77,135,81.5,0.6628561615943909,-0.0986819275307062
UBFC_PHYS_s14_T1_ctrl,77,136,81.53333333333333,0.6091195940971375,-0.5629717045767446
UBFC_PHYS_s14_T1_ctrl,77,137,81.56666666666666,0.41352182626724243,-0.9952200040827178
UBFC_PHYS_s14_T1_ctrl,77,138,81.6,0.2398073822259903,-1.3419698751989608
UBFC_PHYS_s14_T1_ctrl,77,139,81.63333333333334,0.19885718822479248,-1.5441105790071064
UBFC_PHYS_s14_T1_ctrl,77,140,81.66666666666667,0.22885166108608246,-1.550194937385498
UBFC_PHYS_s14_T1_ctrl,77,141,81.7,0.205926313996315,-1.3341964957130819
UBFC_PHYS_s14_T1_ctrl,77,142,81.73333333333333,0.10664884001016617,-0.9107942404892436
UBFC_PHYS_s14_T1_ctrl,77,143,81.76666666666667,-0.001641053706407547,-0.34017749741043746
UBFC_PHYS_s14_T1_ctrl,77,144,81.8,-0.10373490303754807,0.28255556139088095
UBFC_PHYS_s14_T1_ctrl,77,145,81.83333333333333,-0.2899259328842163,0.8514865074662187
UBFC_PHYS_s14_T1_ctrl,77,146,81.86666666666666,-0.6210198402404785,1.2780386404552435
UBFC_PHYS_s14_T1_ctrl,77,147,81.9,-0.9931765794754028,1.511044715526705
UBFC_PHYS_s14_T1_ctrl,77,148,81.93333333333334,-1.139093279838562,1.5413455536979779
UBFC_PHYS_s14_T1_ctrl,77,149,81.96666666666667,-0.8501606583595276,1.3920869128471518
UBFC_PHYS_s14_T1_ctrl,77,150,82.0,-0.2112080454826355,1.1022606191814501
UBFC_PHYS_s14_T1_ctrl,77,151,82.03333333333333,0.4761863350868225,0.7124082743462052
UBFC_PHYS_s14_T1_ctrl,77,152,82.06666666666666,0.9682364463806152,0.2581749001270044
UBFC_PHYS_s14_T1_ctrl,77,153,82.1,1.156539797782898,-0.2277816873703987
UBFC_PHYS_s14_T1_ctrl,77,154,82.13333333333334,1.055769681930542,-0.7091884260208954
UBFC_PHYS_s14_T1_ctrl,77,155,82.16666666666667,0.832965612411499,-1.1402798347514085
UBFC_PHYS_s14_T1_ctrl,77,156,82.2,0.6757833361625671,-1.465398108000844
UBFC_PHYS_s14_T1_ctrl,77,157,82.23333333333333,0.6224973797798157,-1.626467591809428
UBFC_PHYS_s14_T1_ctrl,77,158,82.26666666666667,0.5605369806289673,-1.577570159132274
UBFC_PHYS_s14_T1_ctrl,77,159,82.3,0.3820910155773163,-1.3023898435221413
UBFC_PHYS_s14_T1_ctrl,77,160,82.33333333333333,0.1176045686006546,-0.8274685739724602
UBFC_PHYS_s14_T1_ctrl,77,161,82.36666666666666,-0.13285629451274872,-0.22388233674479216
UBFC_PHYS_s14_T1_ctrl,77,162,82.4,-0.36684131622314453,0.4065082648604402
UBFC_PHYS_s14_T1_ctrl,77,163,82.43333333333334,-0.6820226311683655,0.9572122861723089
UBFC_PHYS_s14_T1_ctrl,77,164,82.46666666666667,-1.1099156141281128,1.3455305300845548
UBFC_PHYS_s14_T1_ctrl,77,165,82.5,-1.4819597005844116,1.5309361932666525
UBFC_PHYS_s14_T1_ctrl,77,166,82.53333333333333,-1.4806360006332397,1.5164897685461323
UBFC_PHYS_s14_T1_ctrl,77,167,82.56666666666666,-0.9957113265991211,1.3354463765319389
UBFC_PHYS_s14_T1_ctrl,77,168,82.6,-0.25480565428733826,1.0319498776706348
UBFC_PHYS_s14_T1_ctrl,77,169,82.63333333333334,0.40811437368392944,0.6459010055684433
UBFC_PHYS_s14_T1_ctrl,77,170,82.66666666666667,0.8194469809532166,0.20797626081516069
UBFC_PHYS_s14_T1_ctrl,77,171,82.7,0.9651666283607483,-0.25558352723988476
UBFC_PHYS_s14_T1_ctrl,77,172,82.73333333333333,0.9005025029182434,-0.7137239675618773
UBFC_PHYS_s14_T1_ctrl,77,173,82.76666666666667,0.7372931241989136,-1.1236396601654264
UBFC_PHYS_s14_T1_ctrl,77,174,82.8,0.6227226853370667,-1.4309723617323922
UBFC_PHYS_s14_T1_ctrl,77,175,82.83333333333333,0.5883628129959106,-1.5784643936838836
UBFC_PHYS_s14_T1_ctrl,77,176,82.86666666666666,0.5079832673072815,-1.5211877669211094
UBFC_PHYS_s14_T1_ctrl,77,177,82.9,0.3181309700012207,-1.2438184053190617
UBFC_PHYS_s14_T1_ctrl,77,178,82.93333333333334,0.1265888214111328,-0.7733593413202141
UBFC_PHYS_s14_T1_ctrl,77,179,82.96666666666667,-0.029804876074194908,-0.1805226938246504
UBFC_PHYS_s14_T1_ctrl,77,180,83.0,-0.29569950699806213,0.4339513289387279
UBFC_PHYS_s14_T1_ctrl,77,181,83.03333333333333,-0.755614697933197,0.9653563284589612
UBFC_PHYS_s14_T1_ctrl,77,182,83.06666666666666,-1.2714914083480835,1.333578462376579
UBFC_PHYS_s14_T1_ctrl,77,183,83.1,-1.594079852104187,1.5016826071458615
UBFC_PHYS_s14_T1_ctrl,77,184,83.13333333333334,-1.4763269424438477,1.4772005624186288
UBFC_PHYS_s14_T1_ctrl,77,185,83.16666666666667,-0.8782681822776794,1.2979968008791078
UBFC_PHYS_s14_T1_ctrl,77,186,83.2,-0.07390941679477692,1.0116831441910814
UBFC_PHYS_s14_T1_ctrl,77,187,83.23333333333333,0.592559278011322,0.6590551592676631
UBFC_PHYS_s14_T1_ctrl,77,188,83.26666666666667,0.9658143520355225,0.26796122448574106
UBFC_PHYS_s14_T1_ctrl,77,189,83.3,1.0465319156646729,-0.14245898131039775
UBFC_PHYS_s14_T1_ctrl,77,190,83.33333333333333,0.9012628793716431,-0.5522422430795687
UBFC_PHYS_s14_T1_ctrl,77,191,83.36666666666666,0.6718685626983643,-0.9323051322521132
UBFC_PHYS_s14_T1_ctrl,77,192,83.4,0.5228537917137146,-1.2419861791186873
UBFC_PHYS_s14_T1_ctrl,77,193,83.43333333333334,0.49781614542007446,-1.4338605968126017
UBFC_PHYS_s14_T1_ctrl,77,194,83.46666666666667,0.5141511559486389,-1.464805942091189
UBFC_PHYS_s14_T1_ctrl,77,195,83.5,0.4993651807308197,-1.3104431011116568
UBFC_PHYS_s14_T1_ctrl,77,196,83.53333333333333,0.41140955686569214,-0.9782192310488949
UBFC_PHYS_s14_T1_ctrl,77,197,83.56666666666666,0.21248848736286163,-0.5132120854136082
UBFC_PHYS_s14_T1_ctrl,77,198,83.6,-0.10297448188066483,0.00826262682833006
UBFC_PHYS_s14_T1_ctrl,77,199,83.63333333333334,-0.5016334056854248,0.4975788488546512
UBFC_PHYS_s14_T1_ctrl,77,200,83.66666666666667,-0.9460021257400513,0.8785865705394035
UBFC_PHYS_s14_T1_ctrl,77,201,83.7,-1.3027533292770386,1.107260500929272
UBFC_PHYS_s14_T1_ctrl,77,202,83.73333333333333,-1.3186094760894775,1.1776644038549757
UBFC_PHYS_s14_T1_ctrl,77,203,83.76666666666667,-0.8775640726089478,1.1131415311906419
UBFC_PHYS_s14_T1_ctrl,77,204,83.8,-0.1964220404624939,0.949180580588511
UBFC_PHYS_s14_T1_ctrl,77,205,83.83333333333333,0.42698413133621216,0.7177363592796079
UBFC_PHYS_s14_T1_ctrl,77,206,83.86666666666666,0.8427948355674744,0.440308958791545
UBFC_PHYS_s14_T1_ctrl,77,207,83.9,0.9959214925765991,0.13099903039427385
UBFC_PHYS_s14_T1_ctrl,77,208,83.93333333333334,0.9134860038757324,-0.1949565939087205
UBFC_PHYS_s14_T1_ctrl,77,209,83.96666666666667,0.7426161170005798,-0.5137748915764301
UBFC_PHYS_s14_T1_ctrl,77,210,84.0,0.6332841515541077,-0.7912779010947069
UBFC_PHYS_s14_T1_ctrl,77,211,84.03333333333333,0.6147523522377014,-0.9873021361221727
UBFC_PHYS_s14_T1_ctrl,77,212,84.06666666666666,0.6281020045280457,-1.0646862947923552
UBFC_PHYS_s14_T1_ctrl,77,213,84.1,0.5960233807563782,-1.00018549240755
UBFC_PHYS_s14_T1_ctrl,77,214,84.13333333333334,0.4596260190010071,-0.7939971983169162
UBFC_PHYS_s14_T1_ctrl,77,215,84.16666666666667,0.23518851399421692,-0.47419381773781055
UBFC_PHYS_s14_T1_ctrl,77,216,84.2,-0.022116152569651604,-0.09300978109866939
UBFC_PHYS_s14_T1_ctrl,77,217,84.23333333333333,-0.3171040117740631,0.2855216435719694
UBFC_PHYS_s14_T1_ctrl,77,218,84.26666666666667,-0.7016246914863586,0.6029762264326672
UBFC_PHYS_s14_T1_ctrl,77,219,84.3,-1.1396002769470215,0.8220718426417315
UBFC_PHYS_s14_T1_ctrl,77,220,84.33333333333333,-1.419858455657959,0.9334198735981896
UBFC_PHYS_s14_T1_ctrl,77,221,84.36666666666666,-1.2843059301376343,0.9505795857319197
UBFC_PHYS_s14_T1_ctrl,77,222,84.4,-0.6956821084022522,0.896711436250677
UBFC_PHYS_s14_T1_ctrl,77,223,84.43333333333334,0.07000771164894104,0.7906873131721549
UBFC_PHYS_s14_T1_ctrl,77,224,84.46666666666667,0.6603777408599854,0.6402947464846368
UBFC_PHYS_s14_T1_ctrl,77,225,84.5,0.9205551147460938,0.44540963121547916
UBFC_PHYS_s14_T1_ctrl,77,226,84.53333333333333,0.9006151556968689,0.2077338841453032
UBFC_PHYS_s14_T1_ctrl,77,227,84.56666666666666,0.7499386668205261,-0.059852621107980813
UBFC_PHYS_s14_T1_ctrl,77,228,84.6,0.5995720624923706,-0.32987402345083916
UBFC_PHYS_s14_T1_ctrl,77,229,84.63333333333334,0.508039653301239,-0.5642501014437902
UBFC_PHYS_s14_T1_ctrl,77,230,84.66666666666667,0.4519091248512268,-0.723874849970813
UBFC_PHYS_s14_T1_ctrl,77,231,84.7,0.40921276807785034,-0.7803919612861604
UBFC_PHYS_s14_T1_ctrl,77,232,84.73333333333333,0.36733317375183105,-0.726389565909738
UBFC_PHYS_s14_T1_ctrl,77,233,84.76666666666667,0.28033512830734253,-0.5805590199007471
UBFC_PHYS_s14_T1_ctrl,77,234,84.8,0.11737925559282303,-0.3853008362501635
UBFC_PHYS_s14_T1_ctrl,77,235,84.83333333333333,-0.10657945275306702,-0.1960995184842846
UBFC_PHYS_s14_T1_ctrl,77,236,84.86666666666666,-0.38999199867248535,-0.06480409373270726
UBFC_PHYS_s14_T1_ctrl,77,237,84.9,-0.7378433346748352,-0.02202956963467119
UBFC_PHYS_s14_T1_ctrl,77,238,84.93333333333334,-1.0898348093032837,-0.06569309266109168
UBFC_PHYS_s14_T1_ctrl,77,239,84.96666666666667,-1.2596626281738281,-0.1612274627665734
UBFC_PHYS_s14_T1_ctrl,78,0,78.0,0.43557411432266235,0.10510392311107875
UBFC_PHYS_s14_T1_ctrl,78,1,78.03333333333333,0.2177269458770752,0.16798630087048538
UBFC_PHYS_s14_T1_ctrl,78,2,78.06666666666666,0.15179544687271118,0.27686973705140394
UBFC_PHYS_s14_T1_ctrl,78,3,78.1,0.16063888370990753,0.4618708317107364
UBFC_PHYS_s14_T1_ctrl,78,4,78.13333333333334,0.14424754679203033,0.7215096441470912
UBFC_PHYS_s14_T1_ctrl,78,5,78.16666666666667,0.08282224833965302,1.0221460928237749
UBFC_PHYS_s14_T1_ctrl,78,6,78.2,0.0033157789148390293,1.3088694870354292
UBFC_PHYS_s14_T1_ctrl,78,7,78.23333333333333,-0.11953481286764145,1.5232227928220565
UBFC_PHYS_s14_T1_ctrl,78,8,78.26666666666667,-0.3866686522960663,1.6202795951649838
UBFC_PHYS_s14_T1_ctrl,78,9,78.3,-0.840753972530365,1.5784013935305332
UBFC_PHYS_s14_T1_ctrl,78,10,78.33333333333333,-1.2876293659210205,1.3995463747493506
UBFC_PHYS_s14_T1_ctrl,78,11,78.36666666666666,-1.3765143156051636,1.1029958441441148
UBFC_PHYS_s14_T1_ctrl,78,12,78.4,-0.9489030241966248,0.7174334605968669
UBFC_PHYS_s14_T1_ctrl,78,13,78.43333333333334,-0.2450609654188156,0.2752218618626753
UBFC_PHYS_s14_T1_ctrl,78,14,78.46666666666667,0.3807954788208008,-0.18983254930923682
UBFC_PHYS_s14_T1_ctrl,78,15,78.5,0.7895933389663696,-0.642217312205355
UBFC_PHYS_s14_T1_ctrl,78,16,78.53333333333333,0.9404669404029846,-1.043956214366125
UBFC_PHYS_s14_T1_ctrl,78,17,78.56666666666666,0.8168277740478516,-1.3552478334712725
UBFC_PHYS_s14_T1_ctrl,78,18,78.6,0.5665358901023865,-1.5377545918070665
UBFC_PHYS_s14_T1_ctrl,78,19,78.63333333333334,0.4165353775024414,-1.5608620205776806
UBFC_PHYS_s14_T1_ctrl,78,20,78.66666666666667,0.3944549262523651,-1.409998401916279
UBFC_PHYS_s14_T1_ctrl,78,21,78.7,0.37533169984817505,-1.0946483968887415
UBFC_PHYS_s14_T1_ctrl,78,22,78.73333333333333,0.3135121166706085,-0.652492596306155
UBFC_PHYS_s14_T1_ctrl,78,23,78.76666666666667,0.2431025505065918,-0.14620056377209456
UBFC_PHYS_s14_T1_ctrl,78,24,78.8,0.1243075579404831,0.3483821816720034
UBFC_PHYS_s14_T1_ctrl,78,25,78.83333333333333,-0.14093931019306183,0.7598006849662156
UBFC_PHYS_s14_T1_ctrl,78,26,78.86666666666666,-0.571000874042511,1.037407530985805
UBFC_PHYS_s14_T1_ctrl,78,27,78.9,-1.0170875787734985,1.1594227510268424
UBFC_PHYS_s14_T1_ctrl,78,28,78.93333333333334,-1.2124600410461426,1.130316494527188
UBFC_PHYS_s14_T1_ctrl,78,29,78.96666666666667,-0.9671249985694885,0.971285332375113
UBFC_PHYS_s14_T1_ctrl,78,30,79.0,-0.3535761535167694,0.7101267558018345
UBFC_PHYS_s14_T1_ctrl,78,31,79.03333333333333,0.3534765839576721,0.3751933639160065
UBFC_PHYS_s14_T1_ctrl,78,32,79.06666666666666,0.8974607586860657,-0.005483074814044322
UBFC_PHYS_s14_T1_ctrl,78,33,79.1,1.1631301641464233,-0.4017853525225842
UBFC_PHYS_s14_T1_ctrl,78,34,79.13333333333334,1.155920147895813,-0.7786270249144328
UBFC_PHYS_s14_T1_ctrl,78,35,79.16666666666667,0.9633641242980957,-1.094922099658545
UBFC_PHYS_s14_T1_ctrl,78,36,79.2,0.7153253555297852,-1.3060689105287153
UBFC_PHYS_s14_T1_ctrl,78,37,79.23333333333333,0.5352177023887634,-1.3707433201238355
UBFC_PHYS_s14_T1_ctrl,78,38,79.26666666666667,0.4344193935394287,-1.2612859102705918
UBFC_PHYS_s14_T1_ctrl,78,39,79.3,0.3100197911262512,-0.9749184305348233
UBFC_PHYS_s14_T1_ctrl,78,40,79.33333333333333,0.14055807888507843,-0.5412433582270866
UBFC_PHYS_s14_T1_ctrl,78,41,79.36666666666666,-0.0223696269094944,-0.02129874342045942
UBFC_PHYS_s14_T1_ctrl,78,42,79.4,-0.2188967764377594,0.5041155483747887
UBFC_PHYS_s14_T1_ctrl,78,43,79.43333333333334,-0.5369508266448975,0.9541896757513589
UBFC_PHYS_s14_T1_ctrl,78,44,79.46666666666667,-0.972842276096344,1.2680978056272518
UBFC_PHYS_s14_T1_ctrl,78,45,79.5,-1.393243670463562,1.4163989228875822
UBFC_PHYS_s14_T1_ctrl,78,46,79.53333333333333,-1.5235857963562012,1.4001689204252297
UBFC_PHYS_s14_T1_ctrl,78,47,79.56666666666666,-1.1748331785202026,1.2411913271791044
UBFC_PHYS_s14_T1_ctrl,78,48,79.6,-0.49890148639678955,0.9699785954923205
UBFC_PHYS_s14_T1_ctrl,78,49,79.63333333333334,0.14041726291179657,0.6173653613410046
UBFC_PHYS_s14_T1_ctrl,78,50,79.66666666666667,0.5486518740653992,0.21197293994559
UBFC_PHYS_s14_T1_ctrl,78,51,79.7,0.7348428964614868,-0.21755882745778923
UBFC_PHYS_s14_T1_ctrl,78,52,79.73333333333333,0.7104248404502869,-0.6384534980821814
UBFC_PHYS_s14_T1_ctrl,78,53,79.76666666666667,0.520797848701477,-1.010888414458686
UBFC_PHYS_s14_T1_ctrl,78,54,79.8,0.34795644879341125,-1.2887840606858534
UBFC_PHYS_s14_T1_ctrl,78,55,79.83333333333333,0.30587971210479736,-1.4256356456782826
UBFC_PHYS_s14_T1_ctrl,78,56,79.86666666666666,0.3181591331958771,-1.3850330830526256
UBFC_PHYS_s14_T1_ctrl,78,57,79.9,0.2829825282096863,-1.153385103112892
UBFC_PHYS_s14_T1_ctrl,78,58,79.93333333333334,0.1922386884689331,-0.7503249938513649
UBFC_PHYS_s14_T1_ctrl,78,59,79.96666666666667,0.05471475422382355,-0.2313741084371625
UBFC_PHYS_s14_T1_ctrl,78,60,80.0,-0.1668500304222107,0.3210586222673676
UBFC_PHYS_s14_T1_ctrl,78,61,80.03333333333333,-0.507688581943512,0.8174229206282989
UBFC_PHYS_s14_T1_ctrl,78,62,80.06666666666666,-0.9368489384651184,1.1840608428038444
UBFC_PHYS_s14_T1_ctrl,78,63,80.1,-1.3225243091583252,1.379276946616362
UBFC_PHYS_s14_T1_ctrl,78,64,80.13333333333334,-1.4046499729156494,1.3965162389569936
UBFC_PHYS_s14_T1_ctrl,78,65,80.16666666666667,-0.9830375909805298,1.256236154699255
UBFC_PHYS_s14_T1_ctrl,78,66,80.2,-0.19236645102500916,0.9928761368458524
UBFC_PHYS_s14_T1_ctrl,78,67,80.23333333333333,0.5843353867530823,0.6435958951515076
UBFC_PHYS_s14_T1_ctrl,78,68,80.26666666666667,1.0804975032806396,0.24251705521651112
UBFC_PHYS_s14_T1_ctrl,78,69,80.3,1.2740674018859863,-0.1794315515829854
UBFC_PHYS_s14_T1_ctrl,78,70,80.33333333333333,1.219936490058899,-0.5912767240099446
UBFC_PHYS_s14_T1_ctrl,78,71,80.36666666666666,1.0262539386749268,-0.9583353933486641
UBFC_PHYS_s14_T1_ctrl,78,72,80.4,0.8578624725341797,-1.2409133308587383
UBFC_PHYS_s14_T1_ctrl,78,73,80.43333333333334,0.7693435549736023,-1.3973773827350335
UBFC_PHYS_s14_T1_ctrl,78,74,80.46666666666667,0.6787405610084534,-1.3922052812888126
UBFC_PHYS_s14_T1_ctrl,78,75,80.5,0.5462579131126404,-1.2075101679745388
UBFC_PHYS_s14_T1_ctrl,78,76,80.53333333333333,0.39262428879737854,-0.8541018978080704
UBFC_PHYS_s14_T1_ctrl,78,77,80.56666666666666,0.21468526124954224,-0.37656658538912746
UBFC_PHYS_s14_T1_ctrl,78,78,80.6,0.014891109429299831,0.15234047704994144
UBFC_PHYS_s14_T1_ctrl,78,79,80.63333333333334,-0.2010127454996109,0.6483369915394347
UBFC_PHYS_s14_T1_ctrl,78,80,80.66666666666667,-0.5076322555541992,1.037148289382757
UBFC_PHYS_s14_T1_ctrl,78,81,80.7,-0.9505083560943604,1.2713261401536617
UBFC_PHYS_s14_T1_ctrl,78,82,80.73333333333333,-1.3257631063461304,1.3358387276803936
UBFC_PHYS_s14_T1_ctrl,78,83,80.76666666666667,-1.2677738666534424,1.2426281624817765
UBFC_PHYS_s14_T1_ctrl,78,84,80.8,-0.7008360624313354,1.0194579376814032
UBFC_PHYS_s14_T1_ctrl,78,85,80.83333333333333,0.04226634278893471,0.6994875644098436
UBFC_PHYS_s14_T1_ctrl,78,86,80.86666666666666,0.6246378421783447,0.31558054845298733
UBFC_PHYS_s14_T1_ctrl,78,87,80.9,0.9336512684822083,-0.10024031496363889
UBFC_PHYS_s14_T1_ctrl,78,88,80.93333333333334,0.9819522500038147,-0.5142115913895465
UBFC_PHYS_s14_T1_ctrl,78,89,80.96666666666667,0.8399502635002136,-0.8879820062393726
UBFC_PHYS_s14_T1_ctrl,78,90,81.0,0.6598989367485046,-1.1781879696704913
UBFC_PHYS_s14_T1_ctrl,78,91,81.03333333333333,0.5832370519638062,-1.3403441656946518
UBFC_PHYS_s14_T1_ctrl,78,92,81.06666666666666,0.5775761008262634,-1.337559829051667
UBFC_PHYS_s14_T1_ctrl,78,93,81.1,0.5178688168525696,-1.152428213615621
UBFC_PHYS_s14_T1_ctrl,78,94,81.13333333333334,0.3538145422935486,-0.7978605253871477
UBFC_PHYS_s14_T1_ctrl,78,95,81.16666666666667,0.13816416263580322,-0.32115992889082556
UBFC_PHYS_s14_T1_ctrl,78,96,81.2,-0.06554476171731949,0.2030413712749687
UBFC_PHYS_s14_T1_ctrl,78,97,81.23333333333333,-0.255847692489624,0.6905279142382815
UBFC_PHYS_s14_T1_ctrl,78,98,81.26666666666667,-0.5028443932533264,1.0690622043414753
UBFC_PHYS_s14_T1_ctrl,78,99,81.3,-0.8294320702552795,1.2940517171122483
UBFC_PHYS_s14_T1_ctrl,78,100,81.33333333333333,-1.0580941438674927,1.3524659423888408
UBFC_PHYS_s14_T1_ctrl,78,101,81.36666666666666,-0.9367644190788269,1.256207106682847
UBFC_PHYS_s14_T1_ctrl,78,102,81.4,-0.46054235100746155,1.030930708353417
UBFC_PHYS_s14_T1_ctrl,78,103,81.43333333333334,0.09859398752450943,0.7067083337044744
UBFC_PHYS_s14_T1_ctrl,78,104,81.46666666666667,0.49452099204063416,0.3139031771411801
UBFC_PHYS_s14_T1_ctrl,78,105,81.5,0.6628561615943909,-0.11613091311994941
UBFC_PHYS_s14_T1_ctrl,78,106,81.53333333333333,0.6091195940971375,-0.5480821351626775
UBFC_PHYS_s14_T1_ctrl,78,107,81.56666666666666,0.41352182626724243,-0.9403668327787613
UBFC_PHYS_s14_T1_ctrl,78,108,81.6,0.2398073822259903,-1.2458295206712133
UBFC_PHYS_s14_T1_ctrl,78,109,81.63333333333334,0.19885718822479248,-1.4168568462905573
UBFC_PHYS_s14_T1_ctrl,78,110,81.66666666666667,0.22885166108608246,-1.414980659225198
UBFC_PHYS_s14_T1_ctrl,78,111,81.7,0.205926313996315,-1.2230608229096427
UBFC_PHYS_s14_T1_ctrl,78,112,81.73333333333333,0.10664884001016617,-0.8557652165965176
UBFC_PHYS_s14_T1_ctrl,78,113,81.76666666666667,-0.001641053706407547,-0.362802909005167
UBFC_PHYS_s14_T1_ctrl,78,114,81.8,-0.10373490303754807,0.17910038875924683
UBFC_PHYS_s14_T1_ctrl,78,115,81.83333333333333,-0.2899259328842163,0.6845814670719617
UBFC_PHYS_s14_T1_ctrl,78,116,81.86666666666666,-0.6210198402404785,1.081191282531944
UBFC_PHYS_s14_T1_ctrl,78,117,81.9,-0.9931765794754028,1.3244032316956742
UBFC_PHYS_s14_T1_ctrl,78,118,81.93333333333334,-1.139093279838562,1.4005650443942577
UBFC_PHYS_s14_T1_ctrl,78,119,81.96666666666667,-0.8501606583595276,1.3195833715264085
UBFC_PHYS_s14_T1_ctrl,78,120,82.0,-0.2112080454826355,1.1039046755785016
UBFC_PHYS_s14_T1_ctrl,78,121,82.03333333333333,0.4761863350868225,0.7803348404639906
UBFC_PHYS_s14_T1_ctrl,78,122,82.06666666666666,0.9682364463806152,0.3775339152932879
UBFC_PHYS_s14_T1_ctrl,78,123,82.1,1.156539797782898,-0.07212621923903184
UBFC_PHYS_s14_T1_ctrl,78,124,82.13333333333334,1.055769681930542,-0.5295323593094199
UBFC_PHYS_s14_T1_ctrl,78,125,82.16666666666667,0.832965612411499,-0.9475672245507849
UBFC_PHYS_s14_T1_ctrl,78,126,82.2,0.6757833361625671,-1.2735533897840876
UBFC_PHYS_s14_T1_ctrl,78,127,82.23333333333333,0.6224973797798157,-1.4561995112770256
UBFC_PHYS_s14_T1_ctrl,78,128,82.26666666666667,0.5605369806289673,-1.4564767210166234
UBFC_PHYS_s14_T1_ctrl,78,129,82.3,0.3820910155773163,-1.2599946028434414
UBFC_PHYS_s14_T1_ctrl,78,130,82.33333333333333,0.1176045686006546,-0.8864164013655949
UBFC_PHYS_s14_T1_ctrl,78,131,82.36666666666666,-0.13285629451274872,-0.3906693239697807
UBFC_PHYS_s14_T1_ctrl,78,132,82.4,-0.36684131622314453,0.1473314701426795
UBFC_PHYS_s14_T1_ctrl,78,133,82.43333333333334,-0.6820226311683655,0.6426423279334637
UBFC_PHYS_s14_T1_ctrl,78,134,82.46666666666667,-1.1099156141281128,1.0270555435847017
UBFC_PHYS_s14_T1_ctrl,78,135,82.5,-1.4819597005844116,1.2627458579178463
UBFC_PHYS_s14_T1_ctrl,78,136,82.53333333333333,-1.4806360006332397,1.3426722286913721
UBFC_PHYS_s14_T1_ctrl,78,137,82.56666666666666,-0.9957113265991211,1.2804550603739888
UBFC_PHYS_s14_T1_ctrl,78,138,82.6,-0.25480565428733826,1.0975020733007952
UBFC_PHYS_s14_T1_ctrl,78,139,82.63333333333334,0.40811437368392944,0.8148085563061249
UBFC_PHYS_s14_T1_ctrl,78,140,82.66666666666667,0.8194469809532166,0.45222443803282564
UBFC_PHYS_s14_T1_ctrl,78,141,82.7,0.9651666283607483,0.03299797848059659
UBFC_PHYS_s14_T1_ctrl,78,142,82.73333333333333,0.9005025029182434,-0.41061561566592847
UBFC_PHYS_s14_T1_ctrl,78,143,82.76666666666667,0.7372931241989136,-0.834334966796191
UBFC_PHYS_s14_T1_ctrl,78,144,82.8,0.6227226853370667,-1.1837793277377644
UBFC_PHYS_s14_T1_ctrl,78,145,82.83333333333333,0.5883628129959106,-1.402230393355527
UBFC_PHYS_s14_T1_ctrl,78,146,82.86666666666666,0.5079832673072815,-1.4432877245879154
UBFC_PHYS_s14_T1_ctrl,78,147,82.9,0.3181309700012207,-1.2852638617646917
UBFC_PHYS_s14_T1_ctrl,78,148,82.93333333333334,0.1265888214111328,-0.9421593965136849
UBFC_PHYS_s14_T1_ctrl,78,149,82.96666666666667,-0.029804876074194908,-0.46560163199385635
UBFC_PHYS_s14_T1_ctrl,78,150,83.0,-0.29569950699806213,0.06551591839191429
UBFC_PHYS_s14_T1_ctrl,78,151,83.03333333333333,-0.755614697933197,0.5655889507269729
UBFC_PHYS_s14_T1_ctrl,78,152,83.06666666666666,-1.2714914083480835,0.9647842218234265
UBFC_PHYS_s14_T1_ctrl,78,153,83.1,-1.594079852104187,1.2232564330668148
UBFC_PHYS_s14_T1_ctrl,78,154,83.13333333333334,-1.4763269424438477,1.3319258690158555
UBFC_PHYS_s14_T1_ctrl,78,155,83.16666666666667,-0.8782681822776794,1.3025590859412526
UBFC_PHYS_s14_T1_ctrl,78,156,83.2,-0.07390941679477692,1.1547958828181912
UBFC_PHYS_s14_T1_ctrl,78,157,83.23333333333333,0.592559278011322,0.9073951547914875
UBFC_PHYS_s14_T1_ctrl,78,158,83.26666666666667,0.9658143520355225,0.576689487906193
UBFC_PHYS_s14_T1_ctrl,78,159,83.3,1.0465319156646729,0.18063506735940973
UBFC_PHYS_s14_T1_ctrl,78,160,83.33333333333333,0.9012628793716431,-0.2551920028631144
UBFC_PHYS_s14_T1_ctrl,78,161,83.36666666666666,0.6718685626983643,-0.6930994724473982
UBFC_PHYS_s14_T1_ctrl,78,162,83.4,0.5228537917137146,-1.0828795884322533
UBFC_PHYS_s14_T1_ctrl,78,163,83.43333333333334,0.49781614542007446,-1.3670779162293454
UBFC_PHYS_s14_T1_ctrl,78,164,83.46666666666667,0.5141511559486389,-1.4920224714840598
UBFC_PHYS_s14_T1_ctrl,78,165,83.5,0.4993651807308197,-1.422540500061483
UBFC_PHYS_s14_T1_ctrl,78,166,83.53333333333333,0.41140955686569214,-1.155803114763538
UBFC_PHYS_s14_T1_ctrl,78,167,83.56666666666666,0.21248848736286163,-0.7281896891994787
UBFC_PHYS_s14_T1_ctrl,78,168,83.6,-0.10297448188066483,-0.21007815907938276
UBFC_PHYS_s14_T1_ctrl,78,169,83.63333333333334,-0.5016334056854248,0.3118165377554736
UBFC_PHYS_s14_T1_ctrl,78,170,83.66666666666667,-0.9460021257400513,0.7579907721919624
UBFC_PHYS_s14_T1_ctrl,78,171,83.7,-1.3027533292770386,1.0750901608659242
UBFC_PHYS_s14_T1_ctrl,78,172,83.73333333333333,-1.3186094760894775,1.2425976857030454
UBFC_PHYS_s14_T1_ctrl,78,173,83.76666666666667,-0.8775640726089478,1.2668090960384721
UBFC_PHYS_s14_T1_ctrl,78,174,83.8,-0.1964220404624939,1.1679374074519528
UBFC_PHYS_s14_T1_ctrl,78,175,83.83333333333333,0.42698413133621216,0.9681997213743644
UBFC_PHYS_s14_T1_ctrl,78,176,83.86666666666666,0.8427948355674744,0.6860895184503446
UBFC_PHYS_s14_T1_ctrl,78,177,83.9,0.9959214925765991,0.3375443164279469
UBFC_PHYS_s14_T1_ctrl,78,178,83.93333333333334,0.9134860038757324,-0.05846730344760837
UBFC_PHYS_s14_T1_ctrl,78,179,83.96666666666667,0.7426161170005798,-0.47362697604243803
UBFC_PHYS_s14_T1_ctrl,78,180,84.0,0.6332841515541077,-0.8668228578496061
UBFC_PHYS_s14_T1_ctrl,78,181,84.03333333333333,0.6147523522377014,-1.1862077028138465
UBFC_PHYS_s14_T1_ctrl,78,182,84.06666666666666,0.6281020045280457,-1.3776417918567307
UBFC_PHYS_s14_T1_ctrl,78,183,84.1,0.5960233807563782,-1.3980482526433486
UBFC_PHYS_s14_T1_ctrl,78,184,84.13333333333334,0.4596260190010071,-1.2297177346239176
UBFC_PHYS_s14_T1_ctrl,78,185,84.16666666666667,0.23518851399421692,-0.8899773695791429
UBFC_PHYS_s14_T1_ctrl,78,186,84.2,-0.022116152569651604,-0.4310763821421707
UBFC_PHYS_s14_T1_ctrl,78,187,84.23333333333333,-0.3171040117740631,0.07153228218457737
UBFC_PHYS_s14_T1_ctrl,78,188,84.26666666666667,-0.7016246914863586,0.538937468630224
UBFC_PHYS_s14_T1_ctrl,78,189,84.3,-1.1396002769470215,0.9087016486601155
UBFC_PHYS_s14_T1_ctrl,78,190,84.33333333333333,-1.419858455657959,1.146987261754082
UBFC_PHYS_s14_T1_ctrl,78,191,84.36666666666666,-1.2843059301376343,1.248977174017561
UBFC_PHYS_s14_T1_ctrl,78,192,84.4,-0.6956821084022522,1.2296547399037976
UBFC_PHYS_s14_T1_ctrl,78,193,84.43333333333334,0.07000771164894104,1.1111840907682868
UBFC_PHYS_s14_T1_ctrl,78,194,84.46666666666667,0.6603777408599854,0.9132049034501066
UBFC_PHYS_s14_T1_ctrl,78,195,84.5,0.9205551147460938,0.649497699879588
UBFC_PHYS_s14_T1_ctrl,78,196,84.53333333333333,0.9006151556968689,0.3311313042367985
UBFC_PHYS_s14_T1_ctrl,78,197,84.56666666666666,0.7499386668205261,-0.026454659348485066
UBFC_PHYS_s14_T1_ctrl,78,198,84.6,0.5995720624923706,-0.39655468729594223
UBFC_PHYS_s14_T1_ctrl,78,199,84.63333333333334,0.508039653301239,-0.7386398978132056
UBFC_PHYS_s14_T1_ctrl,78,200,84.66666666666667,0.4519091248512268,-1.0026326923538809
UBFC_PHYS_s14_T1_ctrl,78,201,84.7,0.40921276807785034,-1.1397607505271206
UBFC_PHYS_s14_T1_ctrl,78,202,84.73333333333333,0.36733317375183105,-1.1168668249935645
UBFC_PHYS_s14_T1_ctrl,78,203,84.76666666666667,0.28033512830734253,-0.9289751298145432
UBFC_PHYS_s14_T1_ctrl,78,204,84.8,0.11737925559282303,-0.6045528388139632
UBFC_PHYS_s14_T1_ctrl,78,205,84.83333333333333,-0.10657945275306702,-0.2001269559956128
UBFC_PHYS_s14_T1_ctrl,78,206,84.86666666666666,-0.38999199867248535,0.2145705301806154
UBFC_PHYS_s14_T1_ctrl,78,207,84.9,-0.7378433346748352,0.5752013547041853
UBFC_PHYS_s14_T1_ctrl,78,208,84.93333333333334,-1.0898348093032837,0.8375271943304652
UBFC_PHYS_s14_T1_ctrl,78,209,84.96666666666667,-1.2596626281738281,0.9827030156325993
UBFC_PHYS_s14_T1_ctrl,78,210,85.0,-1.0320426225662231,1.0128252796747201
UBFC_PHYS_s14_T1_ctrl,78,211,85.03333333333333,-0.4331952929496765,0.9411441931941542
UBFC_PHYS_s14_T1_ctrl,78,212,85.06666666666666,0.2051377296447754,0.7826662777280872
UBFC_PHYS_s14_T1_ctrl,78,213,85.1,0.6274542212486267,0.5491928924239948
UBFC_PHYS_s14_T1_ctrl,78,214,85.13333333333334,0.7866643071174622,0.25011339613866235
UBFC_PHYS_s14_T1_ctrl,78,215,85.16666666666667,0.7334065437316895,-0.10237864785098079
UBFC_PHYS_s14_T1_ctrl,78,216,85.2,0.5760834217071533,-0.4869315846663999
UBFC_PHYS_s14_T1_ctrl,78,217,85.23333333333333,0.46984946727752686,-0.8693792166066787
UBFC_PHYS_s14_T1_ctrl,78,218,85.26666666666667,0.4860718548297882,-1.2044818582276065
UBFC_PHYS_s14_T1_ctrl,78,219,85.3,0.5351050496101379,-1.4435382491498578
UBFC_PHYS_s14_T1_ctrl,78,220,85.33333333333333,0.49330994486808777,-1.5459419935735896
UBFC_PHYS_s14_T1_ctrl,78,221,85.36666666666666,0.34913933277130127,-1.490830772156764
UBFC_PHYS_s14_T1_ctrl,78,222,85.4,0.17162278294563293,-1.2841969627050631
UBFC_PHYS_s14_T1_ctrl,78,223,85.43333333333334,-0.0228202473372221,-0.958114090131895
UBFC_PHYS_s14_T1_ctrl,78,224,85.46666666666667,-0.2968542277812958,-0.5620936870239049
UBFC_PHYS_s14_T1_ctrl,78,225,85.5,-0.6818255186080933,-0.15020889225091713
UBFC_PHYS_s14_T1_ctrl,78,226,85.53333333333333,-1.0892432928085327,0.2307057971727131
UBFC_PHYS_s14_T1_ctrl,78,227,85.56666666666666,-1.2891219854354858,0.5477440112591012
UBFC_PHYS_s14_T1_ctrl,78,228,85.6,-1.0632200241088867,0.7828678370971859
UBFC_PHYS_s14_T1_ctrl,78,229,85.63333333333334,-0.4698645770549774,0.9303495005369716
UBFC_PHYS_s14_T1_ctrl,78,230,85.66666666666667,0.1757628619670868,0.993390392533795
UBFC_PHYS_s14_T1_ctrl,78,231,85.7,0.6368327736854553,0.9814376438970663
UBFC_PHYS_s14_T1_ctrl,78,232,85.73333333333333,0.8714374303817749,0.90866577914148
UBFC_PHYS_s14_T1_ctrl,78,233,85.76666666666667,0.8694096207618713,0.7933411139021205
UBFC_PHYS_s14_T1_ctrl,78,234,85.8,0.6604903936386108,0.657053521511786
UBFC_PHYS_s14_T1_ctrl,78,235,85.83333333333333,0.4016367197036743,0.5225403328501511
UBFC_PHYS_s14_T1_ctrl,78,236,85.86666666666666,0.24448257684707642,0.4095418052607706
UBFC_PHYS_s14_T1_ctrl,78,237,85.9,0.19958944618701935,0.3295897623609452
UBFC_PHYS_s14_T1_ctrl,78,238,85.93333333333334,0.1673700362443924,0.28201810461083826
UBFC_PHYS_s14_T1_ctrl,78,239,85.96666666666667,0.08521617203950882,0.2537481108368424
UBFC_PHYS_s14_T1_ctrl,79,0,79.0,-0.3535761535167694,0.017871562884470196
UBFC_PHYS_s14_T1_ctrl,79,1,79.03333333333333,0.3534765839576721,-0.11977433740483678
UBFC_PHYS_s14_T1_ctrl,79,2,79.06666666666666,0.8974607586860657,-0.2671055275492748
UBFC_PHYS_s14_T1_ctrl,79,3,79.1,1.1631301641464233,-0.4260130540693963
UBFC_PHYS_s14_T1_ctrl,79,4,79.13333333333334,1.155920147895813,-0.5849732439053434
UBFC_PHYS_s14_T1_ctrl,79,5,79.16666666666667,0.9633641242980957,-0.7183332739967576
UBFC_PHYS_s14_T1_ctrl,79,6,79.2,0.7153253555297852,-0.7907232353575926
UBFC_PHYS_s14_T1_ctrl,79,7,79.23333333333333,0.5352177023887634,-0.7662044719705179
UBFC_PHYS_s14_T1_ctrl,79,8,79.26666666666667,0.4344193935394287,-0.6205190960249214
UBFC_PHYS_s14_T1_ctrl,79,9,79.3,0.3100197911262512,-0.35312333293402975
UBFC_PHYS_s14_T1_ctrl,79,10,79.33333333333333,0.14055807888507843,0.005854187743883802
UBFC_PHYS_s14_T1_ctrl,79,11,79.36666666666666,-0.0223696269094944,0.3983142005740624
UBFC_PHYS_s14_T1_ctrl,79,12,79.4,-0.2188967764377594,0.7519035416967418
UBFC_PHYS_s14_T1_ctrl,79,13,79.43333333333334,-0.5369508266448975,1.000866415863681
UBFC_PHYS_s14_T1_ctrl,79,14,79.46666666666667,-0.972842276096344,1.1056204057290153
UBFC_PHYS_s14_T1_ctrl,79,15,79.5,-1.393243670463562,1.062242478923116
UBFC_PHYS_s14_T1_ctrl,79,16,79.53333333333333,-1.5235857963562012,0.8979966835388643
UBFC_PHYS_s14_T1_ctrl,79,17,79.56666666666666,-1.1748331785202026,0.6561659813415923
UBFC_PHYS_s14_T1_ctrl,79,18,79.6,-0.49890148639678955,0.37827089228427085
UBFC_PHYS_s14_T1_ctrl,79,19,79.63333333333334,0.14041726291179657,0.09197069298158195
UBFC_PHYS_s14_T1_ctrl,79,20,79.66666666666667,0.5486518740653992,-0.19100510146366617
UBFC_PHYS_s14_T1_ctrl,79,21,79.7,0.7348428964614868,-0.46786498128196724
UBFC_PHYS_s14_T1_ctrl,79,22,79.73333333333333,0.7104248404502869,-0.7334195837630255
UBFC_PHYS_s14_T1_ctrl,79,23,79.76666666666667,0.520797848701477,-0.9703137171349162
UBFC_PHYS_s14_T1_ctrl,79,24,79.8,0.34795644879341125,-1.1457466542344994
UBFC_PHYS_s14_T1_ctrl,79,25,79.83333333333333,0.30587971210479736,-1.2170783144935406
UBFC_PHYS_s14_T1_ctrl,79,26,79.86666666666666,0.3181591331958771,-1.1453795301943508
UBFC_PHYS_s14_T1_ctrl,79,27,79.9,0.2829825282096863,-0.9125151893310333
UBFC_PHYS_s14_T1_ctrl,79,28,79.93333333333334,0.1922386884689331,-0.5347810403391368
UBFC_PHYS_s14_T1_ctrl,79,29,79.96666666666667,0.05471475422382355,-0.06602199402991679
UBFC_PHYS_s14_T1_ctrl,79,30,80.0,-0.1668500304222107,0.4134266268245741
UBFC_PHYS_s14_T1_ctrl,79,31,80.03333333333333,-0.507688581943512,0.8193091305261027
UBFC_PHYS_s14_T1_ctrl,79,32,80.06666666666666,-0.9368489384651184,1.088373272122502
UBFC_PHYS_s14_T1_ctrl,79,33,80.1,-1.3225243091583252,1.19441906109441
UBFC_PHYS_s14_T1_ctrl,79,34,80.13333333333334,-1.4046499729156494,1.1489442006772947
UBFC_PHYS_s14_T1_ctrl,79,35,80.16666666666667,-0.9830375909805298,0.9880486686688014
UBFC_PHYS_s14_T1_ctrl,79,36,80.2,-0.19236645102500916,0.753624227845415
UBFC_PHYS_s14_T1_ctrl,79,37,80.23333333333333,0.5843353867530823,0.47831926528513063
UBFC_PHYS_s14_T1_ctrl,79,38,80.26666666666667,1.0804975032806396,0.18028826143767587
UBFC_PHYS_s14_T1_ctrl,79,39,80.3,1.2740674018859863,-0.13199942759272934
UBFC_PHYS_s14_T1_ctrl,79,40,80.33333333333333,1.219936490058899,-0.4492876777969018
UBFC_PHYS_s14_T1_ctrl,79,41,80.36666666666666,1.0262539386749268,-0.7516441731704138
UBFC_PHYS_s14_T1_ctrl,79,42,80.4,0.8578624725341797,-1.0043646823095924
UBFC_PHYS_s14_T1_ctrl,79,43,80.43333333333334,0.7693435549736023,-1.1621445890409843
UBFC_PHYS_s14_T1_ctrl,79,44,80.46666666666667,0.6787405610084534,-1.180888977153359
UBFC_PHYS_s14_T1_ctrl,79,45,80.5,0.5462579131126404,-1.0335933338257839
UBFC_PHYS_s14_T1_ctrl,79,46,80.53333333333333,0.39262428879737854,-0.7244104006851139
UBFC_PHYS_s14_T1_ctrl,79,47,80.56666666666666,0.21468526124954224,-0.2944748782679811
UBFC_PHYS_s14_T1_ctrl,79,48,80.6,0.014891109429299831,0.18468723315656904
UBFC_PHYS_s14_T1_ctrl,79,49,80.63333333333334,-0.2010127454996109,0.6293411022520898
UBFC_PHYS_s14_T1_ctrl,79,50,80.66666666666667,-0.5076322555541992,0.9666213040424102
UBFC_PHYS_s14_T1_ctrl,79,51,80.7,-0.9505083560943604,1.15280398627369
UBFC_PHYS_s14_T1_ctrl,79,52,80.73333333333333,-1.3257631063461304,1.1794566147835628
UBFC_PHYS_s14_T1_ctrl,79,53,80.76666666666667,-1.2677738666534424,1.0664554587877049
UBFC_PHYS_s14_T1_ctrl,79,54,80.8,-0.7008360624313354,0.8473151689244592
UBFC_PHYS_s14_T1_ctrl,79,55,80.83333333333333,0.04226634278893471,0.5552729796393523
UBFC_PHYS_s14_T1_ctrl,79,56,80.86666666666666,0.6246378421783447,0.2166220769238474
UBFC_PHYS_s14_T1_ctrl,79,57,80.9,0.9336512684822083,-0.14727860374053806
UBFC_PHYS_s14_T1_ctrl,79,58,80.93333333333334,0.9819522500038147,-0.5127947412158791
UBFC_PHYS_s14_T1_ctrl,79,59,80.96666666666667,0.8399502635002136,-0.8473667161618347
UBFC_PHYS_s14_T1_ctrl,79,60,81.0,0.6598989367485046,-1.1081728531241821
UBFC_PHYS_s14_T1_ctrl,79,61,81.03333333333333,0.5832370519638062,-1.2479850265216104
UBFC_PHYS_s14_T1_ctrl,79,62,81.06666666666666,0.5775761008262634,-1.227146749089528
UBFC_PHYS_s14_T1_ctrl,79,63,81.1,0.5178688168525696,-1.0280437628067398
UBFC_PHYS_s14_T1_ctrl,79,64,81.13333333333334,0.3538145422935486,-0.6664863686455574
UBFC_PHYS_s14_T1_ctrl,79,65,81.16666666666667,0.13816416263580322,-0.19422623437342404
UBFC_PHYS_s14_T1_ctrl,79,66,81.2,-0.06554476171731949,0.31057909499224057
UBFC_PHYS_s14_T1_ctrl,79,67,81.23333333333333,-0.255847692489624,0.76302786686434
UBFC_PHYS_s14_T1_ctrl,79,68,81.26666666666667,-0.5028443932533264,1.0938357651473207
UBFC_PHYS_s14_T1_ctrl,79,69,81.3,-0.8294320702552795,1.2649450498026213
UBFC_PHYS_s14_T1_ctrl,79,70,81.33333333333333,-1.0580941438674927,1.2725107553144621
UBFC_PHYS_s14_T1_ctrl,79,71,81.36666666666666,-0.9367644190788269,1.1380602460850722
UBFC_PHYS_s14_T1_ctrl,79,72,81.4,-0.46054235100746155,0.8940602629537372
UBFC_PHYS_s14_T1_ctrl,79,73,81.43333333333334,0.09859398752450943,0.5717008874335061
UBFC_PHYS_s14_T1_ctrl,79,74,81.46666666666667,0.49452099204063416,0.19615146355013352
UBFC_PHYS_s14_T1_ctrl,79,75,81.5,0.6628561615943909,-0.21018344856240342
UBFC_PHYS_s14_T1_ctrl,79,76,81.53333333333333,0.6091195940971375,-0.6200851572793052
UBFC_PHYS_s14_T1_ctrl,79,77,81.56666666666666,0.41352182626724243,-0.9951766655689308
UBFC_PHYS_s14_T1_ctrl,79,78,81.6,0.2398073822259903,-1.2854855863163637
UBFC_PHYS_s14_T1_ctrl,79,79,81.63333333333334,0.19885718822479248,-1.4368577745060336
UBFC_PHYS_s14_T1_ctrl,79,80,81.66666666666667,0.22885166108608246,-1.4049234497030836
UBFC_PHYS_s14_T1_ctrl,79,81,81.7,0.205926313996315,-1.1713375590196822
UBFC_PHYS_s14_T1_ctrl,79,82,81.73333333333333,0.10664884001016617,-0.7560008237132909
UBFC_PHYS_s14_T1_ctrl,79,83,81.76666666666667,-0.001641053706407547,-0.21903454944200385
UBFC_PHYS_s14_T1_ctrl,79,84,81.8,-0.10373490303754807,0.3507220291830945
UBFC_PHYS_s14_T1_ctrl,79,85,81.83333333333333,-0.2899259328842163,0.858207453969366
UBFC_PHYS_s14_T1_ctrl,79,86,81.86666666666666,-0.6210198402404785,1.2270040411794731
UBFC_PHYS_s14_T1_ctrl,79,87,81.9,-0.9931765794754028,1.4159946156767296
UBFC_PHYS_s14_T1_ctrl,79,88,81.93333333333334,-1.139093279838562,1.4218656385076014
UBFC_PHYS_s14_T1_ctrl,79,89,81.96666666666667,-0.8501606583595276,1.2691451960638382
UBFC_PHYS_s14_T1_ctrl,79,90,82.0,-0.2112080454826355,0.9947968332988126
UBFC_PHYS_s14_T1_ctrl,79,91,82.03333333333333,0.4761863350868225,0.6352866907216809
UBFC_PHYS_s14_T1_ctrl,79,92,82.06666666666666,0.9682364463806152,0.2211540231273665
UBFC_PHYS_s14_T1_ctrl,79,93,82.1,1.156539797782898,-0.22047979145924557
UBFC_PHYS_s14_T1_ctrl,79,94,82.13333333333334,1.055769681930542,-0.6589840285082744
UBFC_PHYS_s14_T1_ctrl,79,95,82.16666666666667,0.832965612411499,-1.054187829953507
UBFC_PHYS_s14_T1_ctrl,79,96,82.2,0.6757833361625671,-1.355829852271887
UBFC_PHYS_s14_T1_ctrl,79,97,82.23333333333333,0.6224973797798157,-1.5105653548170568
UBFC_PHYS_s14_T1_ctrl,79,98,82.26666666666667,0.5605369806289673,-1.475447480872828
UBFC_PHYS_s14_T1_ctrl,79,99,82.3,0.3820910155773163,-1.2337489354242086
UBFC_PHYS_s14_T1_ctrl,79,100,82.33333333333333,0.1176045686006546,-0.8068632373614466
UBFC_PHYS_s14_T1_ctrl,79,101,82.36666666666666,-0.13285629451274872,-0.2560516349219711
UBFC_PHYS_s14_T1_ctrl,79,102,82.4,-0.36684131622314453,0.3291496165533354
UBFC_PHYS_s14_T1_ctrl,79,103,82.43333333333334,-0.6820226311683655,0.8533104603070559
UBFC_PHYS_s14_T1_ctrl,79,104,82.46666666666667,-1.1099156141281128,1.2396886982777326
UBFC_PHYS_s14_T1_ctrl,79,105,82.5,-1.4819597005844116,1.4465813513918024
UBFC_PHYS_s14_T1_ctrl,79,106,82.53333333333333,-1.4806360006332397,1.4696517885905707
UBFC_PHYS_s14_T1_ctrl,79,107,82.56666666666666,-0.9957113265991211,1.3320116125381951
UBFC_PHYS_s14_T1_ctrl,79,108,82.6,-0.25480565428733826,1.0691048068346336
UBFC_PHYS_s14_T1_ctrl,79,109,82.63333333333334,0.40811437368392944,0.7161679108430039
UBFC_PHYS_s14_T1_ctrl,79,110,82.66666666666667,0.8194469809532166,0.3029186888363608
UBFC_PHYS_s14_T1_ctrl,79,111,82.7,0.9651666283607483,-0.1443411387007443
UBFC_PHYS_s14_T1_ctrl,79,112,82.73333333333333,0.9005025029182434,-0.5963514130382274
UBFC_PHYS_s14_T1_ctrl,79,113,82.76666666666667,0.7372931241989136,-1.0147654912172863
UBFC_PHYS_s14_T1_ctrl,79,114,82.8,0.6227226853370667,-1.3504660666745216
UBFC_PHYS_s14_T1_ctrl,79,115,82.83333333333333,0.5883628129959106,-1.548873047907366
UBFC_PHYS_s14_T1_ctrl,79,116,82.86666666666666,0.5079832673072815,-1.5621947676311525
UBFC_PHYS_s14_T1_ctrl,79,117,82.9,0.3181309700012207,-1.3654703426392316
UBFC_PHYS_s14_T1_ctrl,79,118,82.93333333333334,0.1265888214111328,-0.9704878720572714
UBFC_PHYS_s14_T1_ctrl,79,119,82.96666666666667,-0.029804876074194908,-0.430673165357357
UBFC_PHYS_s14_T1_ctrl,79,120,83.0,-0.29569950699806213,0.1677884503628454
UBFC_PHYS_s14_T1_ctrl,79,121,83.03333333333333,-0.755614697933197,0.7274923298061927
UBFC_PHYS_s14_T1_ctrl,79,122,83.06666666666666,-1.2714914083480835,1.1655973119158538
UBFC_PHYS_s14_T1_ctrl,79,123,83.1,-1.594079852104187,1.432375379811477
UBFC_PHYS_s14_T1_ctrl,79,124,83.13333333333334,-1.4763269424438477,1.5156458817721392
UBFC_PHYS_s14_T1_ctrl,79,125,83.16666666666667,-0.8782681822776794,1.4324013300911547
UBFC_PHYS_s14_T1_ctrl,79,126,83.2,-0.07390941679477692,1.2145242851707316
UBFC_PHYS_s14_T1_ctrl,79,127,83.23333333333333,0.592559278011322,0.8961948284088034
UBFC_PHYS_s14_T1_ctrl,79,128,83.26666666666667,0.9658143520355225,0.5075055047735342
UBFC_PHYS_s14_T1_ctrl,79,129,83.3,1.0465319156646729,0.07468852275034242
UBFC_PHYS_s14_T1_ctrl,79,130,83.33333333333333,0.9012628793716431,-0.3753818003645874
UBFC_PHYS_s14_T1_ctrl,79,131,83.36666666666666,0.6718685626983643,-0.809754895256713
UBFC_PHYS_s14_T1_ctrl,79,132,83.4,0.5228537917137146,-1.186336680083175
UBFC_PHYS_s14_T1_ctrl,79,133,83.43333333333334,0.49781614542007446,-1.4557698722691073
UBFC_PHYS_s14_T1_ctrl,79,134,83.46666666666667,0.5141511559486389,-1.5694326031852
UBFC_PHYS_s14_T1_ctrl,79,135,83.5,0.4993651807308197,-1.492408632997253
UBFC_PHYS_s14_T1_ctrl,79,136,83.53333333333333,0.41140955686569214,-1.2173941985493089
UBFC_PHYS_s14_T1_ctrl,79,137,83.56666666666666,0.21248848736286163,-0.7734889441080399
UBFC_PHYS_s14_T1_ctrl,79,138,83.6,-0.10297448188066483,-0.22439971163242686
UBFC_PHYS_s14_T1_ctrl,79,139,83.63333333333334,-0.5016334056854248,0.3452989358730648
UBFC_PHYS_s14_T1_ctrl,79,140,83.66666666666667,-0.9460021257400513,0.8509728411445245
UBFC_PHYS_s14_T1_ctrl,79,141,83.7,-1.3027533292770386,1.2270564009694653
UBFC_PHYS_s14_T1_ctrl,79,142,83.73333333333333,-1.3186094760894775,1.437448121033541
UBFC_PHYS_s14_T1_ctrl,79,143,83.76666666666667,-0.8775640726089478,1.4754280011703376
UBFC_PHYS_s14_T1_ctrl,79,144,83.8,-0.1964220404624939,1.3562094151998305
UBFC_PHYS_s14_T1_ctrl,79,145,83.83333333333333,0.42698413133621216,1.1072648519575032
UBFC_PHYS_s14_T1_ctrl,79,146,83.86666666666666,0.8427948355674744,0.7605688427804558
UBFC_PHYS_s14_T1_ctrl,79,147,83.9,0.9959214925765991,0.34853978960578025
UBFC_PHYS_s14_T1_ctrl,79,148,83.93333333333334,0.9134860038757324,-0.09644519105013642
UBFC_PHYS_s14_T1_ctrl,79,149,83.96666666666667,0.7426161170005798,-0.5401718438784175
UBFC_PHYS_s14_T1_ctrl,79,150,84.0,0.6332841515541077,-0.9442093504054508
UBFC_PHYS_s14_T1_ctrl,79,151,84.03333333333333,0.6147523522377014,-1.2652659718429133
UBFC_PHYS_s14_T1_ctrl,79,152,84.06666666666666,0.6281020045280457,-1.4583782774430998
UBFC_PHYS_s14_T1_ctrl,79,153,84.1,0.5960233807563782,-1.4848696505316894
UBFC_PHYS_s14_T1_ctrl,79,154,84.13333333333334,0.4596260190010071,-1.3237075368729216
UBFC_PHYS_s14_T1_ctrl,79,155,84.16666666666667,0.23518851399421692,-0.9822998224897018
UBFC_PHYS_s14_T1_ctrl,79,156,84.2,-0.022116152569651604,-0.5014164908938001
UBFC_PHYS_s14_T1_ctrl,79,157,84.23333333333333,-0.3171040117740631,0.04967067332066301
UBFC_PHYS_s14_T1_ctrl,79,158,84.26666666666667,-0.7016246914863586,0.5875233794180484
UBFC_PHYS_s14_T1_ctrl,79,159,84.3,-1.1396002769470215,1.0334636981392018
UBFC_PHYS_s14_T1_ctrl,79,160,84.33333333333333,-1.419858455657959,1.3301340705792695
UBFC_PHYS_s14_T1_ctrl,79,161,84.36666666666666,-1.2843059301376343,1.4501795581952905
UBFC_PHYS_s14_T1_ctrl,79,162,84.4,-0.6956821084022522,1.3955335811000606
UBFC_PHYS_s14_T1_ctrl,79,163,84.43333333333334,0.07000771164894104,1.1898539100867287
UBFC_PHYS_s14_T1_ctrl,79,164,84.46666666666667,0.6603777408599854,0.8686053408792741
UBFC_PHYS_s14_T1_ctrl,79,165,84.5,0.9205551147460938,0.4708210803456324
UBFC_PHYS_s14_T1_ctrl,79,166,84.53333333333333,0.9006151556968689,0.03466927665546004
UBFC_PHYS_s14_T1_ctrl,79,167,84.56666666666666,0.7499386668205261,-0.40317645119680323
UBFC_PHYS_s14_T1_ctrl,79,168,84.6,0.5995720624923706,-0.8058671157907245
UBFC_PHYS_s14_T1_ctrl,79,169,84.63333333333334,0.508039653301239,-1.1347079062792618
UBFC_PHYS_s14_T1_ctrl,79,170,84.66666666666667,0.4519091248512268,-1.349958569773637
UBFC_PHYS_s14_T1_ctrl,79,171,84.7,0.40921276807785034,-1.4157862976480056
UBFC_PHYS_s14_T1_ctrl,79,172,84.73333333333333,0.36733317375183105,-1.3091171085504938
UBFC_PHYS_s14_T1_ctrl,79,173,84.76666666666667,0.28033512830734253,-1.029634504766855
UBFC_PHYS_s14_T1_ctrl,79,174,84.8,0.11737925559282303,-0.6063478618306744
UBFC_PHYS_s14_T1_ctrl,79,175,84.83333333333333,-0.10657945275306702,-0.09646955657361792
UBFC_PHYS_s14_T1_ctrl,79,176,84.86666666666666,-0.38999199867248535,0.42470617013172207
UBFC_PHYS_s14_T1_ctrl,79,177,84.9,-0.7378433346748352,0.8800621100507802
UBFC_PHYS_s14_T1_ctrl,79,178,84.93333333333334,-1.0898348093032837,1.2071591138358182
UBFC_PHYS_s14_T1_ctrl,79,179,84.96666666666667,-1.2596626281738281,1.369093147922219
UBFC_PHYS_s14_T1_ctrl,79,180,85.0,-1.0320426225662231,1.3570222541367647
UBFC_PHYS_s14_T1_ctrl,79,181,85.03333333333333,-0.4331952929496765,1.1857072501371686
UBFC_PHYS_s14_T1_ctrl,79,182,85.06666666666666,0.2051377296447754,0.885684432063955
UBFC_PHYS_s14_T1_ctrl,79,183,85.1,0.6274542212486267,0.49569696360458576
UBFC_PHYS_s14_T1_ctrl,79,184,85.13333333333334,0.7866643071174622,0.05760159709259957
UBFC_PHYS_s14_T1_ctrl,79,185,85.16666666666667,0.7334065437316895,-0.38584328819435343
UBFC_PHYS_s14_T1_ctrl,79,186,85.2,0.5760834217071533,-0.791345160443603
UBFC_PHYS_s14_T1_ctrl,79,187,85.23333333333333,0.46984946727752686,-1.11542794028425
UBFC_PHYS_s14_T1_ctrl,79,188,85.26666666666667,0.4860718548297882,-1.316684365627555
UBFC_PHYS_s14_T1_ctrl,79,189,85.3,0.5351050496101379,-1.3611254851010381
UBFC_PHYS_s14_T1_ctrl,79,190,85.33333333333333,0.49330994486808777,-1.2302843152899752
UBFC_PHYS_s14_T1_ctrl,79,191,85.36666666666666,0.34913933277130127,-0.9297009598317544
UBFC_PHYS_s14_T1_ctrl,79,192,85.4,0.17162278294563293,-0.4937850225598913
UBFC_PHYS_s14_T1_ctrl,79,193,85.43333333333334,-0.0228202473372221,0.016737572110816317
UBFC_PHYS_s14_T1_ctrl,79,194,85.46666666666667,-0.2968542277812958,0.5258378181962271
UBFC_PHYS_s14_T1_ctrl,79,195,85.5,-0.6818255186080933,0.9585874512013283
UBFC_PHYS_s14_T1_ctrl,79,196,85.53333333333333,-1.0892432928085327,1.256783370318438
UBFC_PHYS_s14_T1_ctrl,79,197,85.56666666666666,-1.2891219854354858,1.3879670183374224
UBFC_PHYS_s14_T1_ctrl,79,198,85.6,-1.0632200241088867,1.3460751572207783
UBFC_PHYS_s14_T1_ctrl,79,199,85.63333333333334,-0.4698645770549774,1.1464000333669742
UBFC_PHYS_s14_T1_ctrl,79,200,85.66666666666667,0.1757628619670868,0.8189997080856746
UBFC_PHYS_s14_T1_ctrl,79,201,85.7,0.6368327736854553,0.4033572373614679
UBFC_PHYS_s14_T1_ctrl,79,202,85.73333333333333,0.8714374303817749,-0.055061352399987315
UBFC_PHYS_s14_T1_ctrl,79,203,85.76666666666667,0.8694096207618713,-0.5072008925342503
UBFC_PHYS_s14_T1_ctrl,79,204,85.8,0.6604903936386108,-0.9029928440057994
UBFC_PHYS_s14_T1_ctrl,79,205,85.83333333333333,0.4016367197036743,-1.1950913631571216
UBFC_PHYS_s14_T1_ctrl,79,206,85.86666666666666,0.24448257684707642,-1.3443869258513226
UBFC_PHYS_s14_T1_ctrl,79,207,85.9,0.19958944618701935,-1.327119996789026
UBFC_PHYS_s14_T1_ctrl,79,208,85.93333333333334,0.1673700362443924,-1.1419299687767241
UBFC_PHYS_s14_T1_ctrl,79,209,85.96666666666667,0.08521617203950882,-0.8137241835340439
UBFC_PHYS_s14_T1_ctrl,79,210,86.0,-0.030396316200494766,-0.39113880574365434
UBFC_PHYS_s14_T1_ctrl,79,211,86.03333333333333,-0.1683427095413208,0.06327329277864377
UBFC_PHYS_s14_T1_ctrl,79,212,86.06666666666666,-0.3851759731769562,0.48681773783228005
UBFC_PHYS_s14_T1_ctrl,79,213,86.1,-0.7076798677444458,0.8285258919752434
UBFC_PHYS_s14_T1_ctrl,79,214,86.13333333333334,-1.043110966682434,1.0548672387009668
UBFC_PHYS_s14_T1_ctrl,79,215,86.16666666666667,-1.208488941192627,1.149243952507839
UBFC_PHYS_s14_T1_ctrl,79,216,86.2,-1.055615782737732,1.1085567164340002
UBFC_PHYS_s14_T1_ctrl,79,217,86.23333333333333,-0.5934192538261414,0.9405751370557895
UBFC_PHYS_s14_T1_ctrl,79,218,86.26666666666667,-0.0021761662792414427,0.6635233434079615
UBFC_PHYS_s14_T1_ctrl,79,219,86.3,0.49294382333755493,0.30659721643859805
UBFC_PHYS_s14_T1_ctrl,79,220,86.33333333333333,0.7601621747016907,-0.0906765567342601
UBFC_PHYS_s14_T1_ctrl,79,221,86.36666666666666,0.7584723234176636,-0.48139945385107097
UBFC_PHYS_s14_T1_ctrl,79,222,86.4,0.5568193793296814,-0.8164527656368313
UBFC_PHYS_s14_T1_ctrl,79,223,86.43333333333334,0.3274250328540802,-1.051040427044262
UBFC_PHYS_s14_T1_ctrl,79,224,86.46666666666667,0.19057703018188477,-1.1518350925384964
UBFC_PHYS_s14_T1_ctrl,79,225,86.5,0.1199984923005104,-1.1037761487929219
UBFC_PHYS_s14_T1_ctrl,79,226,86.53333333333333,0.04032304137945175,-0.9146865537721489
UBFC_PHYS_s14_T1_ctrl,79,227,86.56666666666666,-0.08556924015283585,-0.6151714140347849
UBFC_PHYS_s14_T1_ctrl,79,228,86.6,-0.2842086851596832,-0.25208280645458747
UBFC_PHYS_s14_T1_ctrl,79,229,86.63333333333334,-0.5531731843948364,0.12327176402545847
UBFC_PHYS_s14_T1_ctrl,79,230,86.66666666666667,-0.8841825723648071,0.4673437371864262
UBFC_PHYS_s14_T1_ctrl,79,231,86.7,-1.287122368812561,0.751179110151376
UBFC_PHYS_s14_T1_ctrl,79,232,86.73333333333333,-1.6183289289474487,0.9596181835916964
UBFC_PHYS_s14_T1_ctrl,79,233,86.76666666666667,-1.5302324295043945,1.0856484753160651
UBFC_PHYS_s14_T1_ctrl,79,234,86.8,-0.9012498259544373,1.1250760663950183
UBFC_PHYS_s14_T1_ctrl,79,235,86.83333333333333,-0.08827296644449234,1.0751781334065391
UBFC_PHYS_s14_T1_ctrl,79,236,86.86666666666666,0.5275571346282959,0.93721532111153
UBFC_PHYS_s14_T1_ctrl,79,237,86.9,0.8774644732475281,0.7197981868503688
UBFC_PHYS_s14_T1_ctrl,79,238,86.93333333333334,1.0107074975967407,0.4402704450147404
UBFC_PHYS_s14_T1_ctrl,79,239,86.96666666666667,0.9239629507064819,0.12345814091132483
UBFC_PHYS_s14_T1_ctrl,80,0,80.0,-0.1668500304222107,-0.07888070399000446
UBFC_PHYS_s14_T1_ctrl,80,1,80.03333333333333,-0.507688581943512,0.05882536582319812
UBFC_PHYS_s14_T1_ctrl,80,2,80.06666666666666,-0.9368489384651184,0.18962686755199423
UBFC_PHYS_s14_T1_ctrl,80,3,80.1,-1.3225243091583252,0.3097249254849722
UBFC_PHYS_s14_T1_ctrl,80,4,80.13333333333334,-1.4046499729156494,0.4222248847310661
UBFC_PHYS_s14_T1_ctrl,80,5,80.16666666666667,-0.9830375909805298,0.5328745958136821
UBFC_PHYS_s14_T1_ctrl,80,6,80.2,-0.19236645102500916,0.6412456128074359
UBFC_PHYS_s14_T1_ctrl,80,7,80.23333333333333,0.5843353867530823,0.7326926374364661
UBFC_PHYS_s14_T1_ctrl,80,8,80.26666666666667,1.0804975032806396,0.7772470432843992
UBFC_PHYS_s14_T1_ctrl,80,9,80.3,1.2740674018859863,0.738363851174596
UBFC_PHYS_s14_T1_ctrl,80,10,80.33333333333333,1.219936490058899,0.5888164236819985
UBFC_PHYS_s14_T1_ctrl,80,11,80.36666666666666,1.0262539386749268,0.3265352081946692
UBFC_PHYS_s14_T1_ctrl,80,12,80.4,0.8578624725341797,-0.01731810328999197
UBFC_PHYS_s14_T1_ctrl,80,13,80.43333333333334,0.7693435549736023,-0.38232881522021106
UBFC_PHYS_s14_T1_ctrl,80,14,80.46666666666667,0.6787405610084534,-0.6939217772665464
UBFC_PHYS_s14_T1_ctrl,80,15,80.5,0.5462579131126404,-0.8842457834607684
UBFC_PHYS_s14_T1_ctrl,80,16,80.53333333333333,0.39262428879737854,-0.9117440762003801
UBFC_PHYS_s14_T1_ctrl,80,17,80.56666666666666,0.21468526124954224,-0.7729603585338263
UBFC_PHYS_s14_T1_ctrl,80,18,80.6,0.014891109429299831,-0.5024561264967514
UBFC_PHYS_s14_T1_ctrl,80,19,80.63333333333334,-0.2010127454996109,-0.1606924562175507
UBFC_PHYS_s14_T1_ctrl,80,20,80.66666666666667,-0.5076322555541992,0.18531467460695897
UBFC_PHYS_s14_T1_ctrl,80,21,80.7,-0.9505083560943604,0.48039007719695703
UBFC_PHYS_s14_T1_ctrl,80,22,80.73333333333333,-1.3257631063461304,0.6911097562080721
UBFC_PHYS_s14_T1_ctrl,80,23,80.76666666666667,-1.2677738666534424,0.804443901283633
UBFC_PHYS_s14_T1_ctrl,80,24,80.8,-0.7008360624313354,0.8188078386887416
UBFC_PHYS_s14_T1_ctrl,80,25,80.83333333333333,0.04226634278893471,0.7350852939704783
UBFC_PHYS_s14_T1_ctrl,80,26,80.86666666666666,0.6246378421783447,0.5537998577809299
UBFC_PHYS_s14_T1_ctrl,80,27,80.9,0.9336512684822083,0.27967252039541934
UBFC_PHYS_s14_T1_ctrl,80,28,80.93333333333334,0.9819522500038147,-0.06999680511338617
UBFC_PHYS_s14_T1_ctrl,80,29,80.96666666666667,0.8399502635002136,-0.4588231594479229
UBFC_PHYS_s14_T1_ctrl,80,30,81.0,0.6598989367485046,-0.8312928628326898
UBFC_PHYS_s14_T1_ctrl,80,31,81.03333333333333,0.5832370519638062,-1.1207955071831892
UBFC_PHYS_s14_T1_ctrl,80,32,81.06666666666666,0.5775761008262634,-1.2643073989754514
UBFC_PHYS_s14_T1_ctrl,80,33,81.1,0.5178688168525696,-1.2198376552293704
UBFC_PHYS_s14_T1_ctrl,80,34,81.13333333333334,0.3538145422935486,-0.981043598008299
UBFC_PHYS_s14_T1_ctrl,80,35,81.16666666666667,0.13816416263580322,-0.5830977361561143
UBFC_PHYS_s14_T1_ctrl,80,36,81.2,-0.06554476171731949,-0.0958234025465198
UBFC_PHYS_s14_T1_ctrl,80,37,81.23333333333333,-0.255847692489624,0.39503402116388786
UBFC_PHYS_s14_T1_ctrl,80,38,81.26666666666667,-0.5028443932533264,0.8112442991412974
UBFC_PHYS_s14_T1_ctrl,80,39,81.3,-0.8294320702552795,1.1000586404667771
UBFC_PHYS_s14_T1_ctrl,80,40,81.33333333333333,-1.0580941438674927,1.2399267886323715
UBFC_PHYS_s14_T1_ctrl,80,41,81.36666666666666,-0.9367644190788269,1.2342968296201307
UBFC_PHYS_s14_T1_ctrl,80,42,81.4,-0.46054235100746155,1.09962892427339
UBFC_PHYS_s14_T1_ctrl,80,43,81.43333333333334,0.09859398752450943,0.8552916096141193
UBFC_PHYS_s14_T1_ctrl,80,44,81.46666666666667,0.49452099204063416,0.5201660756161459
UBFC_PHYS_s14_T1_ctrl,80,45,81.5,0.6628561615943909,0.11599994514973894
UBFC_PHYS_s14_T1_ctrl,80,46,81.53333333333333,0.6091195940971375,-0.3261795908981642
UBFC_PHYS_s14_T1_ctrl,80,47,81.56666666666666,0.41352182626724243,-0.761494112537855
UBFC_PHYS_s14_T1_ctrl,80,48,81.6,0.2398073822259903,-1.1322013076032018
UBFC_PHYS_s14_T1_ctrl,80,49,81.63333333333334,0.19885718822479248,-1.375605627344679
UBFC_PHYS_s14_T1_ctrl,80,50,81.66666666666667,0.22885166108608246,-1.4378583150951225
UBFC_PHYS_s14_T1_ctrl,80,51,81.7,0.205926313996315,-1.2901872052136114
UBFC_PHYS_s14_T1_ctrl,80,52,81.73333333333333,0.10664884001016617,-0.9418429485469331
UBFC_PHYS_s14_T1_ctrl,80,53,81.76666666666667,-0.001641053706407547,-0.44353554700860576
UBFC_PHYS_s14_T1_ctrl,80,54,81.8,-0.10373490303754807,0.12217871367489312
UBFC_PHYS_s14_T1_ctrl,80,55,81.83333333333333,-0.2899259328842163,0.6614971334851745
UBFC_PHYS_s14_T1_ctrl,80,56,81.86666666666666,-0.6210198402404785,1.0929327696210804
UBFC_PHYS_s14_T1_ctrl,80,57,81.9,-0.9931765794754028,1.3639707242766832
UBFC_PHYS_s14_T1_ctrl,80,58,81.93333333333334,-1.139093279838562,1.455382762879357
UBFC_PHYS_s14_T1_ctrl,80,59,81.96666666666667,-0.8501606583595276,1.3748391053021913
UBFC_PHYS_s14_T1_ctrl,80,60,82.0,-0.2112080454826355,1.1460194389126712
UBFC_PHYS_s14_T1_ctrl,80,61,82.03333333333333,0.4761863350868225,0.7995810998939243
UBFC_PHYS_s14_T1_ctrl,80,62,82.06666666666666,0.9682364463806152,0.3691830799240393
UBFC_PHYS_s14_T1_ctrl,80,63,82.1,1.156539797782898,-0.10800267121210944
UBFC_PHYS_s14_T1_ctrl,80,64,82.13333333333334,1.055769681930542,-0.5889466729492818
UBFC_PHYS_s14_T1_ctrl,80,65,82.16666666666667,0.832965612411499,-1.0235034071385305
UBFC_PHYS_s14_T1_ctrl,80,66,82.2,0.6757833361625671,-1.3565210652840056
UBFC_PHYS_s14_T1_ctrl,80,67,82.23333333333333,0.6224973797798157,-1.5345792533257945
UBFC_PHYS_s14_T1_ctrl,80,68,82.26666666666667,0.5605369806289673,-1.5171796776128652
UBFC_PHYS_s14_T1_ctrl,80,69,82.3,0.3820910155773163,-1.2899901246905923
UBFC_PHYS_s14_T1_ctrl,80,70,82.33333333333333,0.1176045686006546,-0.875152651922895
UBFC_PHYS_s14_T1_ctrl,80,71,82.36666666666666,-0.13285629451274872,-0.33274791433998324
UBFC_PHYS_s14_T1_ctrl,80,72,82.4,-0.36684131622314453,0.2499725002050571
UBFC_PHYS_s14_T1_ctrl,80,73,82.43333333333334,-0.6820226311683655,0.7794442704744308
UBFC_PHYS_s14_T1_ctrl,80,74,82.46666666666667,-1.1099156141281128,1.178824784895022
UBFC_PHYS_s14_T1_ctrl,80,75,82.5,-1.4819597005844116,1.4036014600636177
UBFC_PHYS_s14_T1_ctrl,80,76,82.53333333333333,-1.4806360006332397,1.4445466440300112
UBFC_PHYS_s14_T1_ctrl,80,77,82.56666666666666,-0.9957113265991211,1.3197329979317869
UBFC_PHYS_s14_T1_ctrl,80,78,82.6,-0.25480565428733826,1.0618775266719676
UBFC_PHYS_s14_T1_ctrl,80,79,82.63333333333334,0.40811437368392944,0.7075409900429143
UBFC_PHYS_s14_T1_ctrl,80,80,82.66666666666667,0.8194469809532166,0.29168128331303733
UBFC_PHYS_s14_T1_ctrl,80,81,82.7,0.9651666283607483,-0.15253149148070866
UBFC_PHYS_s14_T1_ctrl,80,82,82.73333333333333,0.9005025029182434,-0.5907083676002869
UBFC_PHYS_s14_T1_ctrl,80,83,82.76666666666667,0.7372931241989136,-0.9837479085922096
UBFC_PHYS_s14_T1_ctrl,80,84,82.8,0.6227226853370667,-1.2868141417597083
UBFC_PHYS_s14_T1_ctrl,80,85,82.83333333333333,0.5883628129959106,-1.4532993727235055
UBFC_PHYS_s14_T1_ctrl,80,86,82.86666666666666,0.5079832673072815,-1.4444884651099705
UBFC_PHYS_s14_T1_ctrl,80,87,82.9,0.3181309700012207,-1.2427134986675639
UBFC_PHYS_s14_T1_ctrl,80,88,82.93333333333334,0.1265888214111328,-0.862888740200964
UBFC_PHYS_s14_T1_ctrl,80,89,82.96666666666667,-0.029804876074194908,-0.35622979518449455
UBFC_PHYS_s14_T1_ctrl,80,90,83.0,-0.29569950699806213,0.19792879451982914
UBFC_PHYS_s14_T1_ctrl,80,91,83.03333333333333,-0.755614697933197,0.7110377858136603
UBFC_PHYS_s14_T1_ctrl,80,92,83.06666666666666,-1.2714914083480835,1.1076939561141605
UBFC_PHYS_s14_T1_ctrl,80,93,83.1,-1.594079852104187,1.3419099319198349
UBFC_PHYS_s14_T1_ctrl,80,94,83.13333333333334,-1.4763269424438477,1.4016732651776944
UBFC_PHYS_s14_T1_ctrl,80,95,83.16666666666667,-0.8782681822776794,1.3027412730550916
UBFC_PHYS_s14_T1_ctrl,80,96,83.2,-0.07390941679477692,1.0768652179415534
UBFC_PHYS_s14_T1_ctrl,80,97,83.23333333333333,0.592559278011322,0.760243955782909
UBFC_PHYS_s14_T1_ctrl,80,98,83.26666666666667,0.9658143520355225,0.3861635282915692
UBFC_PHYS_s14_T1_ctrl,80,99,83.3,1.0465319156646729,-0.016871801920762455
UBFC_PHYS_s14_T1_ctrl,80,100,83.33333333333333,0.9012628793716431,-0.42244500887523684
UBFC_PHYS_s14_T1_ctrl,80,101,83.36666666666666,0.6718685626983643,-0.8014517010615686
UBFC_PHYS_s14_T1_ctrl,80,102,83.4,0.5228537917137146,-1.1186069214945218
UBFC_PHYS_s14_T1_ctrl,80,103,83.43333333333334,0.49781614542007446,-1.3332873276161714
UBFC_PHYS_s14_T1_ctrl,80,104,83.46666666666667,0.5141511559486389,-1.4059880536013005
UBFC_PHYS_s14_T1_ctrl,80,105,83.5,0.4993651807308197,-1.3091272908140432
UBFC_PHYS_s14_T1_ctrl,80,106,83.53333333333333,0.41140955686569214,-1.0386699399076527
UBFC_PHYS_s14_T1_ctrl,80,107,83.56666666666666,0.21248848736286163,-0.6217573958642502
UBFC_PHYS_s14_T1_ctrl,80,108,83.6,-0.10297448188066483,-0.11587466710855444
UBFC_PHYS_s14_T1_ctrl,80,109,83.63333333333334,-0.5016334056854248,0.40210660199857307
UBFC_PHYS_s14_T1_ctrl,80,110,83.66666666666667,-0.9460021257400513,0.8539205489447589
UBFC_PHYS_s14_T1_ctrl,80,111,83.7,-1.3027533292770386,1.1781239948413023
UBFC_PHYS_s14_T1_ctrl,80,112,83.73333333333333,-1.3186094760894775,1.3417220448127658
UBFC_PHYS_s14_T1_ctrl,80,113,83.76666666666667,-0.8775640726089478,1.341803980219261
UBFC_PHYS_s14_T1_ctrl,80,114,83.8,-0.1964220404624939,1.1984274900181227
UBFC_PHYS_s14_T1_ctrl,80,115,83.83333333333333,0.42698413133621216,0.9434358216983656
UBFC_PHYS_s14_T1_ctrl,80,116,83.86666666666666,0.8427948355674744,0.6106150827581578
UBFC_PHYS_s14_T1_ctrl,80,117,83.9,0.9959214925765991,0.2306826103906692
UBFC_PHYS_s14_T1_ctrl,80,118,83.93333333333334,0.9134860038757324,-0.16858094973182422
UBFC_PHYS_s14_T1_ctrl,80,119,83.96666666666667,0.7426161170005798,-0.5592289939079567
UBFC_PHYS_s14_T1_ctrl,80,120,84.0,0.6332841515541077,-0.9098771986611633
UBFC_PHYS_s14_T1_ctrl,80,121,84.03333333333333,0.6147523522377014,-1.1844764764468803
UBFC_PHYS_s14_T1_ctrl,80,122,84.06666666666666,0.6281020045280457,-1.344608511317225
UBFC_PHYS_s14_T1_ctrl,80,123,84.1,0.5960233807563782,-1.3559217198879567
UBFC_PHYS_s14_T1_ctrl,80,124,84.13333333333334,0.4596260190010071,-1.197922023621088
UBFC_PHYS_s14_T1_ctrl,80,125,84.16666666666667,0.23518851399421692,-0.8743759353394951
UBFC_PHYS_s14_T1_ctrl,80,126,84.2,-0.022116152569651604,-0.41983378390116977
UBFC_PHYS_s14_T1_ctrl,80,127,84.23333333333333,-0.3171040117740631,0.10222578829267175
UBFC_PHYS_s14_T1_ctrl,80,128,84.26666666666667,-0.7016246914863586,0.6113778598790062
UBFC_PHYS_s14_T1_ctrl,80,129,84.3,-1.1396002769470215,1.0293258217912329
UBFC_PHYS_s14_T1_ctrl,80,130,84.33333333333333,-1.419858455657959,1.2986737211999972
UBFC_PHYS_s14_T1_ctrl,80,131,84.36666666666666,-1.2843059301376343,1.3935222305232815
UBFC_PHYS_s14_T1_ctrl,80,132,84.4,-0.6956821084022522,1.3186391570199887
UBFC_PHYS_s14_T1_ctrl,80,133,84.43333333333334,0.07000771164894104,1.1001731340605
UBFC_PHYS_s14_T1_ctrl,80,134,84.46666666666667,0.6603777408599854,0.7742172781149009
UBFC_PHYS_s14_T1_ctrl,80,135,84.5,0.9205551147460938,0.37865737697269536
UBFC_PHYS_s14_T1_ctrl,80,136,84.53333333333333,0.9006151556968689,-0.04984566925268187
UBFC_PHYS_s14_T1_ctrl,80,137,84.56666666666666,0.7499386668205261,-0.47521085905858296
UBFC_PHYS_s14_T1_ctrl,80,138,84.6,0.5995720624923706,-0.8601268882117574
UBFC_PHYS_s14_T1_ctrl,80,139,84.63333333333334,0.508039653301239,-1.165154137537273
UBFC_PHYS_s14_T1_ctrl,80,140,84.66666666666667,0.4519091248512268,-1.3504626297815827
UBFC_PHYS_s14_T1_ctrl,80,141,84.7,0.40921276807785034,-1.3814028736393231
UBFC_PHYS_s14_T1_ctrl,80,142,84.73333333333333,0.36733317375183105,-1.2376049345076239
UBFC_PHYS_s14_T1_ctrl,80,143,84.76666666666667,0.28033512830734253,-0.9229728037882811
UBFC_PHYS_s14_T1_ctrl,80,144,84.8,0.11737925559282303,-0.47193453343404845
UBFC_PHYS_s14_T1_ctrl,80,145,84.83333333333333,-0.10657945275306702,0.05262503886510269
UBFC_PHYS_s14_T1_ctrl,80,146,84.86666666666666,-0.38999199867248535,0.5712693772388687
UBFC_PHYS_s14_T1_ctrl,80,147,84.9,-0.7378433346748352,1.0063907428152932
UBFC_PHYS_s14_T1_ctrl,80,148,84.93333333333334,-1.0898348093032837,1.2997273604947714
UBFC_PHYS_s14_T1_ctrl,80,149,84.96666666666667,-1.2596626281738281,1.4217919099818959
UBFC_PHYS_s14_T1_ctrl,80,150,85.0,-1.0320426225662231,1.370893811785937
UBFC_PHYS_s14_T1_ctrl,80,151,85.03333333333333,-0.4331952929496765,1.1652971982928053
UBFC_PHYS_s14_T1_ctrl,80,152,85.06666666666666,0.2051377296447754,0.8344967759773542
UBFC_PHYS_s14_T1_ctrl,80,153,85.1,0.6274542212486267,0.4139049548978749
UBFC_PHYS_s14_T1_ctrl,80,154,85.13333333333334,0.7866643071174622,-0.05649115803170735
UBFC_PHYS_s14_T1_ctrl,80,155,85.16666666666667,0.7334065437316895,-0.5317447391783975
UBFC_PHYS_s14_T1_ctrl,80,156,85.2,0.5760834217071533,-0.9622887807457847
UBFC_PHYS_s14_T1_ctrl,80,157,85.23333333333333,0.46984946727752686,-1.2963555570013576
UBFC_PHYS_s14_T1_ctrl,80,158,85.26666666666667,0.4860718548297882,-1.485191211027608
UBFC_PHYS_s14_T1_ctrl,80,159,85.3,0.5351050496101379,-1.4912796072622736
UBFC_PHYS_s14_T1_ctrl,80,160,85.33333333333333,0.49330994486808777,-1.2984671419397231
UBFC_PHYS_s14_T1_ctrl,80,161,85.36666666666666,0.34913933277130127,-0.9209005426694346
UBFC_PHYS_s14_T1_ctrl,80,162,85.4,0.17162278294563293,-0.40628419309269925
UBFC_PHYS_s14_T1_ctrl,80,163,85.43333333333334,-0.0228202473372221,0.17013207798539706
UBFC_PHYS_s14_T1_ctrl,80,164,85.46666666666667,-0.2968542277812958,0.7206562207519712
UBFC_PHYS_s14_T1_ctrl,80,165,85.5,-0.6818255186080933,1.1644869938616962
UBFC_PHYS_s14_T1_ctrl,80,166,85.53333333333333,-1.0892432928085327,1.4438254059233158
UBFC_PHYS_s14_T1_ctrl,80,167,85.56666666666666,-1.2891219854354858,1.5309705396764621
UBFC_PHYS_s14_T1_ctrl,80,168,85.6,-1.0632200241088867,1.4259782357673065
UBFC_PHYS_s14_T1_ctrl,80,169,85.63333333333334,-0.4698645770549774,1.1494437753414302
UBFC_PHYS_s14_T1_ctrl,80,170,85.66666666666667,0.1757628619670868,0.7358419647416369
UBFC_PHYS_s14_T1_ctrl,80,171,85.7,0.6368327736854553,0.23007259341848516
UBFC_PHYS_s14_T1_ctrl,80,172,85.73333333333333,0.8714374303817749,-0.3137283369694913
UBFC_PHYS_s14_T1_ctrl,80,173,85.76666666666667,0.8694096207618713,-0.8338257387754572
UBFC_PHYS_s14_T1_ctrl,80,174,85.8,0.6604903936386108,-1.2648786053474927
UBFC_PHYS_s14_T1_ctrl,80,175,85.83333333333333,0.4016367197036743,-1.5447059132350682
UBFC_PHYS_s14_T1_ctrl,80,176,85.86666666666666,0.24448257684707642,-1.6237667571961587
UBFC_PHYS_s14_T1_ctrl,80,177,85.9,0.19958944618701935,-1.4766612036610207
UBFC_PHYS_s14_T1_ctrl,80,178,85.93333333333334,0.1673700362443924,-1.112844221337203
UBFC_PHYS_s14_T1_ctrl,80,179,85.96666666666667,0.08521617203950882,-0.5815104170534467
UBFC_PHYS_s14_T1_ctrl,80,180,86.0,-0.030396316200494766,0.03425533973604618
UBFC_PHYS_s14_T1_ctrl,80,181,86.03333333333333,-0.1683427095413208,0.6349782588700705
UBFC_PHYS_s14_T1_ctrl,80,182,86.06666666666666,-0.3851759731769562,1.128377253526752
UBFC_PHYS_s14_T1_ctrl,80,183,86.1,-0.7076798677444458,1.4494058440993296
UBFC_PHYS_s14_T1_ctrl,80,184,86.13333333333334,-1.043110966682434,1.5692194839501898
UBFC_PHYS_s14_T1_ctrl,80,185,86.16666666666667,-1.208488941192627,1.4919099374681362
UBFC_PHYS_s14_T1_ctrl,80,186,86.2,-1.055615782737732,1.2438956883747283
UBFC_PHYS_s14_T1_ctrl,80,187,86.23333333333333,-0.5934192538261414,0.8631073659643923
UBFC_PHYS_s14_T1_ctrl,80,188,86.26666666666667,-0.0021761662792414427,0.3927839395268432
UBFC_PHYS_s14_T1_ctrl,80,189,86.3,0.49294382333755493,-0.11971927060963711
UBFC_PHYS_s14_T1_ctrl,80,190,86.33333333333333,0.7601621747016907,-0.6219616459795585
UBFC_PHYS_s14_T1_ctrl,80,191,86.36666666666666,0.7584723234176636,-1.05685616137609
UBFC_PHYS_s14_T1_ctrl,80,192,86.4,0.5568193793296814,-1.3667261166932234
UBFC_PHYS_s14_T1_ctrl,80,193,86.43333333333334,0.3274250328540802,-1.5012883452279768
UBFC_PHYS_s14_T1_ctrl,80,194,86.46666666666667,0.19057703018188477,-1.4285188323467644
UBFC_PHYS_s14_T1_ctrl,80,195,86.5,0.1199984923005104,-1.1459796355076568
UBFC_PHYS_s14_T1_ctrl,80,196,86.53333333333333,0.04032304137945175,-0.6883886801700277
UBFC_PHYS_s14_T1_ctrl,80,197,86.56666666666666,-0.08556924015283585,-0.1265202203790264
UBFC_PHYS_s14_T1_ctrl,80,198,86.6,-0.2842086851596832,0.4453357467341612
UBFC_PHYS_s14_T1_ctrl,80,199,86.63333333333334,-0.5531731843948364,0.9311708360424448
UBFC_PHYS_s14_T1_ctrl,80,200,86.66666666666667,-0.8841825723648071,1.2566430175451955
UBFC_PHYS_s14_T1_ctrl,80,201,86.7,-1.287122368812561,1.3845357572489263
UBFC_PHYS_s14_T1_ctrl,80,202,86.73333333333333,-1.6183289289474487,1.316813896888381
UBFC_PHYS_s14_T1_ctrl,80,203,86.76666666666667,-1.5302324295043945,1.084810684469148
UBFC_PHYS_s14_T1_ctrl,80,204,86.8,-0.9012498259544373,0.7343313886502768
UBFC_PHYS_s14_T1_ctrl,80,205,86.83333333333333,-0.08827296644449234,0.3133180270284557
UBFC_PHYS_s14_T1_ctrl,80,206,86.86666666666666,0.5275571346282959,-0.1336331835144694
UBFC_PHYS_s14_T1_ctrl,80,207,86.9,0.8774644732475281,-0.5644875157053619
UBFC_PHYS_s14_T1_ctrl,80,208,86.93333333333334,1.0107074975967407,-0.936672056258781
UBFC_PHYS_s14_T1_ctrl,80,209,86.96666666666667,0.9239629507064819,-1.2062457414115575
UBFC_PHYS_s14_T1_ctrl,80,210,87.0,0.7253798246383667,-1.3321741928852626
UBFC_PHYS_s14_T1_ctrl,80,211,87.03333333333333,0.6514216661453247,-1.2855460500678897
UBFC_PHYS_s14_T1_ctrl,80,212,87.06666666666666,0.7485868334770203,-1.0606774651560318
UBFC_PHYS_s14_T1_ctrl,80,213,87.1,0.8494977951049805,-0.6833048990794355
UBFC_PHYS_s14_T1_ctrl,80,214,87.13333333333334,0.8565950989723206,-0.21115108260017681
UBFC_PHYS_s14_T1_ctrl,80,215,87.16666666666667,0.8440903425216675,0.27556951831201865
UBFC_PHYS_s14_T1_ctrl,80,216,87.2,0.8915745615959167,0.6921295981997253
UBFC_PHYS_s14_T1_ctrl,80,217,87.23333333333333,0.9820649027824402,0.970057500984677
UBFC_PHYS_s14_T1_ctrl,80,218,87.26666666666667,0.8974889516830444,1.072942146625624
UBFC_PHYS_s14_T1_ctrl,80,219,87.3,0.2507067918777466,1.0013502798694374
UBFC_PHYS_s14_T1_ctrl,80,220,87.33333333333333,-0.8340509533882141,0.7863238126908496
UBFC_PHYS_s14_T1_ctrl,80,221,87.36666666666666,-1.5139538049697876,0.4762950310606139
UBFC_PHYS_s14_T1_ctrl,80,222,87.4,-1.251044511795044,0.12407530743433116
UBFC_PHYS_s14_T1_ctrl,80,223,87.43333333333334,-0.4491923451423645,-0.22135319209748522
UBFC_PHYS_s14_T1_ctrl,80,224,87.46666666666667,0.3106112480163574,-0.5172746590283458
UBFC_PHYS_s14_T1_ctrl,80,225,87.5,0.8669030666351318,-0.726458672888254
UBFC_PHYS_s14_T1_ctrl,80,226,87.53333333333333,1.151611089706421,-0.8173339047461174
UBFC_PHYS_s14_T1_ctrl,80,227,87.56666666666666,1.149217128753662,-0.7681393321396894
UBFC_PHYS_s14_T1_ctrl,80,228,87.6,1.075512409210205,-0.5746732867953775
UBFC_PHYS_s14_T1_ctrl,80,229,87.63333333333334,1.0957058668136597,-0.25766819815977154
UBFC_PHYS_s14_T1_ctrl,80,230,87.66666666666667,1.066021203994751,0.13560200666764116
UBFC_PHYS_s14_T1_ctrl,80,231,87.7,0.8242348432540894,0.5388525705993488
UBFC_PHYS_s14_T1_ctrl,80,232,87.73333333333333,0.48604369163513184,0.8821135909201099
UBFC_PHYS_s14_T1_ctrl,80,233,87.76666666666667,0.22752796113491058,1.1091174238347679
UBFC_PHYS_s14_T1_ctrl,80,234,87.8,-0.022454118356108665,1.189833124711045
UBFC_PHYS_s14_T1_ctrl,80,235,87.83333333333333,-0.4034261405467987,1.123650521146226
UBFC_PHYS_s14_T1_ctrl,80,236,87.86666666666666,-0.7936640381813049,0.9331514348244322
UBFC_PHYS_s14_T1_ctrl,80,237,87.9,-0.8908573985099792,0.6524707891460061
UBFC_PHYS_s14_T1_ctrl,80,238,87.93333333333334,-0.5754225850105286,0.3160226949902156
UBFC_PHYS_s14_T1_ctrl,80,239,87.96666666666667,-0.04898443818092346,-0.04755205117017067
UBFC_PHYS_s14_T1_ctrl,81,0,81.0,0.6598989367485046,0.12992320179314734
UBFC_PHYS_s14_T1_ctrl,81,1,81.03333333333333,0.5832370519638062,-0.11949971560073791
UBFC_PHYS_s14_T1_ctrl,81,2,81.06666666666666,0.5775761008262634,-0.2974290902295345
UBFC_PHYS_s14_T1_ctrl,81,3,81.1,0.5178688168525696,-0.3489520769290684
UBFC_PHYS_s14_T1_ctrl,81,4,81.13333333333334,0.3538145422935486,-0.2532722527274045
UBFC_PHYS_s14_T1_ctrl,81,5,81.16666666666667,0.13816416263580322,-0.028003019041615566
UBFC_PHYS_s14_T1_ctrl,81,6,81.2,-0.06554476171731949,0.2785071178328987
UBFC_PHYS_s14_T1_ctrl,81,7,81.23333333333333,-0.255847692489624,0.60412293527659
UBFC_PHYS_s14_T1_ctrl,81,8,81.26666666666667,-0.5028443932533264,0.8915667095437662
UBFC_PHYS_s14_T1_ctrl,81,9,81.3,-0.8294320702552795,1.1002909383603885
UBFC_PHYS_s14_T1_ctrl,81,10,81.33333333333333,-1.0580941438674927,1.208021840238723
UBFC_PHYS_s14_T1_ctrl,81,11,81.36666666666666,-0.9367644190788269,1.2051453984948175
UBFC_PHYS_s14_T1_ctrl,81,12,81.4,-0.46054235100746155,1.088452884480699
UBFC_PHYS_s14_T1_ctrl,81,13,81.43333333333334,0.09859398752450943,0.8592965496229413
UBFC_PHYS_s14_T1_ctrl,81,14,81.46666666666667,0.49452099204063416,0.5268082354183163
UBFC_PHYS_s14_T1_ctrl,81,15,81.5,0.6628561615943909,0.11299057760148332
UBFC_PHYS_s14_T1_ctrl,81,16,81.53333333333333,0.6091195940971375,-0.34430571831083473
UBFC_PHYS_s14_T1_ctrl,81,17,81.56666666666666,0.41352182626724243,-0.7928856914830246
UBFC_PHYS_s14_T1_ctrl,81,18,81.6,0.2398073822259903,-1.1725003390324231
UBFC_PHYS_s14_T1_ctrl,81,19,81.63333333333334,0.19885718822479248,-1.4248126285322384
UBFC_PHYS_s14_T1_ctrl,81,20,81.66666666666667,0.22885166108608246,-1.5052104265683546
UBFC_PHYS_s14_T1_ctrl,81,21,81.7,0.205926313996315,-1.3939623140677175
UBFC_PHYS_s14_T1_ctrl,81,22,81.73333333333333,0.10664884001016617,-1.1033367490803414
UBFC_PHYS_s14_T1_ctrl,81,23,81.76666666666667,-0.001641053706407547,-0.6772805471197249
UBFC_PHYS_s14_T1_ctrl,81,24,81.8,-0.10373490303754807,-0.18221182822473128
UBFC_PHYS_s14_T1_ctrl,81,25,81.83333333333333,-0.2899259328842163,0.30872230172056714
UBFC_PHYS_s14_T1_ctrl,81,26,81.86666666666666,-0.6210198402404785,0.7317812926939729
UBFC_PHYS_s14_T1_ctrl,81,27,81.9,-0.9931765794754028,1.0424699055699143
UBFC_PHYS_s14_T1_ctrl,81,28,81.93333333333334,-1.139093279838562,1.2164465099921016
UBFC_PHYS_s14_T1_ctrl,81,29,81.96666666666667,-0.8501606583595276,1.244359314788419
UBFC_PHYS_s14_T1_ctrl,81,30,82.0,-0.2112080454826355,1.126234921234081
UBFC_PHYS_s14_T1_ctrl,81,31,82.03333333333333,0.4761863350868225,0.8698284297110321
UBFC_PHYS_s14_T1_ctrl,81,32,82.06666666666666,0.9682364463806152,0.49354529847950274
UBFC_PHYS_s14_T1_ctrl,81,33,82.1,1.156539797782898,0.030985753113632337
UBFC_PHYS_s14_T1_ctrl,81,34,82.13333333333334,1.055769681930542,-0.46693357415048203
UBFC_PHYS_s14_T1_ctrl,81,35,82.16666666666667,0.832965612411499,-0.9350652124623495
UBFC_PHYS_s14_T1_ctrl,81,36,82.2,0.6757833361625671,-1.3028471091261922
UBFC_PHYS_s14_T1_ctrl,81,37,82.23333333333333,0.6224973797798157,-1.5072375761415122
UBFC_PHYS_s14_T1_ctrl,81,38,82.26666666666667,0.5605369806289673,-1.5067293807971764
UBFC_PHYS_s14_T1_ctrl,81,39,82.3,0.3820910155773163,-1.29268648287196
UBFC_PHYS_s14_T1_ctrl,81,40,82.33333333333333,0.1176045686006546,-0.8942068482880454
UBFC_PHYS_s14_T1_ctrl,81,41,82.36666666666666,-0.13285629451274872,-0.37375419518250214
UBFC_PHYS_s14_T1_ctrl,81,42,82.4,-0.36684131622314453,0.1866632236074139
UBFC_PHYS_s14_T1_ctrl,81,43,82.43333333333334,-0.6820226311683655,0.7050876412721404
UBFC_PHYS_s14_T1_ctrl,81,44,82.46666666666667,-1.1099156141281128,1.1176416875293016
UBFC_PHYS_s14_T1_ctrl,81,45,82.5,-1.4819597005844116,1.3876081415946728
UBFC_PHYS_s14_T1_ctrl,81,46,82.53333333333333,-1.4806360006332397,1.5031819342279369
UBFC_PHYS_s14_T1_ctrl,81,47,82.56666666666666,-0.9957113265991211,1.468003469288975
UBFC_PHYS_s14_T1_ctrl,81,48,82.6,-0.25480565428733826,1.2918060429163785
UBFC_PHYS_s14_T1_ctrl,81,49,82.63333333333334,0.40811437368392944,0.9868608143656386
UBFC_PHYS_s14_T1_ctrl,81,50,82.66666666666667,0.8194469809532166,0.5709970105823355
UBFC_PHYS_s14_T1_ctrl,81,51,82.7,0.9651666283607483,0.07357454499172708
UBFC_PHYS_s14_T1_ctrl,81,52,82.73333333333333,0.9005025029182434,-0.46026289627969874
UBFC_PHYS_s14_T1_ctrl,81,53,82.76666666666667,0.7372931241989136,-0.9701170015081417
UBFC_PHYS_s14_T1_ctrl,81,54,82.8,0.6227226853370667,-1.3865676742594746
UBFC_PHYS_s14_T1_ctrl,81,55,82.83333333333333,0.5883628129959106,-1.642346214987809
UBFC_PHYS_s14_T1_ctrl,81,56,82.86666666666666,0.5079832673072815,-1.686457734874771
UBFC_PHYS_s14_T1_ctrl,81,57,82.9,0.3181309700012207,-1.4981328704166625
UBFC_PHYS_s14_T1_ctrl,81,58,82.93333333333334,0.1265888214111328,-1.096401032755656
UBFC_PHYS_s14_T1_ctrl,81,59,82.96666666666667,-0.029804876074194908,-0.5407504981328244
UBFC_PHYS_s14_T1_ctrl,81,60,83.0,-0.29569950699806213,0.08002336697666586
UBFC_PHYS_s14_T1_ctrl,81,61,83.03333333333333,-0.755614697933197,0.6690484451331343
UBFC_PHYS_s14_T1_ctrl,81,62,83.06666666666666,-1.2714914083480835,1.1448139941793236
UBFC_PHYS_s14_T1_ctrl,81,63,83.1,-1.594079852104187,1.4566548030032136
UBFC_PHYS_s14_T1_ctrl,81,64,83.13333333333334,-1.4763269424438477,1.5869606756595214
UBFC_PHYS_s14_T1_ctrl,81,65,83.16666666666667,-0.8782681822776794,1.5427148572218958
UBFC_PHYS_s14_T1_ctrl,81,66,83.2,-0.07390941679477692,1.3438138211122281
UBFC_PHYS_s14_T1_ctrl,81,67,83.23333333333333,0.592559278011322,1.015123230213028
UBFC_PHYS_s14_T1_ctrl,81,68,83.26666666666667,0.9658143520355225,0.5848429047068235
UBFC_PHYS_s14_T1_ctrl,81,69,83.3,1.0465319156646729,0.08713193878737147
UBFC_PHYS_s14_T1_ctrl,81,70,83.33333333333333,0.9012628793716431,-0.43490116395975503
UBFC_PHYS_s14_T1_ctrl,81,71,83.36666666666666,0.6718685626983643,-0.9288648633388719
UBFC_PHYS_s14_T1_ctrl,81,72,83.4,0.5228537917137146,-1.336573920655991
UBFC_PHYS_s14_T1_ctrl,81,73,83.43333333333334,0.49781614542007446,-1.601129519971498
UBFC_PHYS_s14_T1_ctrl,81,74,83.46666666666667,0.5141511559486389,-1.6767949093022048
UBFC_PHYS_s14_T1_ctrl,81,75,83.5,0.4993651807308197,-1.5402235776671926
UBFC_PHYS_s14_T1_ctrl,81,76,83.53333333333333,0.41140955686569214,-1.2001352006606043
UBFC_PHYS_s14_T1_ctrl,81,77,83.56666666666666,0.21248848736286163,-0.7011118456974976
UBFC_PHYS_s14_T1_ctrl,81,78,83.6,-0.10297448188066483,-0.11756090532731875
UBFC_PHYS_s14_T1_ctrl,81,79,83.63333333333334,-0.5016334056854248,0.46245238278252404
UBFC_PHYS_s14_T1_ctrl,81,80,83.66666666666667,-0.9460021257400513,0.9579094209262233
UBFC_PHYS_s14_T1_ctrl,81,81,83.7,-1.3027533292770386,1.3112180176155928
UBFC_PHYS_s14_T1_ctrl,81,82,83.73333333333333,-1.3186094760894775,1.4942506196264351
UBFC_PHYS_s14_T1_ctrl,81,83,83.76666666666667,-0.8775640726089478,1.5043597460142721
UBFC_PHYS_s14_T1_ctrl,81,84,83.8,-0.1964220404624939,1.35556895352235
UBFC_PHYS_s14_T1_ctrl,81,85,83.83333333333333,0.42698413133621216,1.0709221948149026
UBFC_PHYS_s14_T1_ctrl,81,86,83.86666666666666,0.8427948355674744,0.6790385492944373
UBFC_PHYS_s14_T1_ctrl,81,87,83.9,0.9959214925765991,0.2142040323642597
UBFC_PHYS_s14_T1_ctrl,81,88,83.93333333333334,0.9134860038757324,-0.282403296843554
UBFC_PHYS_s14_T1_ctrl,81,89,83.96666666666667,0.7426161170005798,-0.762494158227684
UBFC_PHYS_s14_T1_ctrl,81,90,84.0,0.6332841515541077,-1.1726889530458868
UBFC_PHYS_s14_T1_ctrl,81,91,84.03333333333333,0.6147523522377014,-1.4593316184865648
UBFC_PHYS_s14_T1_ctrl,81,92,84.06666666666666,0.6281020045280457,-1.5762354873390134
UBFC_PHYS_s14_T1_ctrl,81,93,84.1,0.5960233807563782,-1.4946671759672758
UBFC_PHYS_s14_T1_ctrl,81,94,84.13333333333334,0.4596260190010071,-1.2132425704826413
UBFC_PHYS_s14_T1_ctrl,81,95,84.16666666666667,0.23518851399421692,-0.763821474352701
UBFC_PHYS_s14_T1_ctrl,81,96,84.2,-0.022116152569651604,-0.2093946541907334
UBFC_PHYS_s14_T1_ctrl,81,97,84.23333333333333,-0.3171040117740631,0.3675389711872923
UBFC_PHYS_s14_T1_ctrl,81,98,84.26666666666667,-0.7016246914863586,0.8830766154349619
UBFC_PHYS_s14_T1_ctrl,81,99,84.3,-1.1396002769470215,1.2698776387868298
UBFC_PHYS_s14_T1_ctrl,81,100,84.33333333333333,-1.419858455657959,1.4884335282120575
UBFC_PHYS_s14_T1_ctrl,81,101,84.36666666666666,-1.2843059301376343,1.5286345053436625
UBFC_PHYS_s14_T1_ctrl,81,102,84.4,-0.6956821084022522,1.4033959737975128
UBFC_PHYS_s14_T1_ctrl,81,103,84.43333333333334,0.07000771164894104,1.1392251530582378
UBFC_PHYS_s14_T1_ctrl,81,104,84.46666666666667,0.6603777408599854,0.7684586446066817
UBFC_PHYS_s14_T1_ctrl,81,105,84.5,0.9205551147460938,0.32550622183066985
UBFC_PHYS_s14_T1_ctrl,81,106,84.53333333333333,0.9006151556968689,-0.15316248821784617
UBFC_PHYS_s14_T1_ctrl,81,107,84.56666666666666,0.7499386668205261,-0.6271898856641069
UBFC_PHYS_s14_T1_ctrl,81,108,84.6,0.5995720624923706,-1.0510315805780153
UBFC_PHYS_s14_T1_ctrl,81,109,84.63333333333334,0.508039653301239,-1.3752737118614569
UBFC_PHYS_s14_T1_ctrl,81,110,84.66666666666667,0.4519091248512268,-1.5519709252345806
UBFC_PHYS_s14_T1_ctrl,81,111,84.7,0.40921276807785034,-1.544056961271755
UBFC_PHYS_s14_T1_ctrl,81,112,84.73333333333333,0.36733317375183105,-1.3367536136466325
UBFC_PHYS_s14_T1_ctrl,81,113,84.76666666666667,0.28033512830734253,-0.9468484473756936
UBFC_PHYS_s14_T1_ctrl,81,114,84.8,0.11737925559282303,-0.4250489071170338
UBFC_PHYS_s14_T1_ctrl,81,115,84.83333333333333,-0.10657945275306702,0.15159270645924922
UBFC_PHYS_s14_T1_ctrl,81,116,84.86666666666666,-0.38999199867248535,0.6961080190146339
UBFC_PHYS_s14_T1_ctrl,81,117,84.9,-0.7378433346748352,1.1313925146371722
UBFC_PHYS_s14_T1_ctrl,81,118,84.93333333333334,-1.0898348093032837,1.4056945674628658
UBFC_PHYS_s14_T1_ctrl,81,119,84.96666666666667,-1.2596626281738281,1.4981995206282561
UBFC_PHYS_s14_T1_ctrl,81,120,85.0,-1.0320426225662231,1.414650232015294
UBFC_PHYS_s14_T1_ctrl,81,121,85.03333333333333,-0.4331952929496765,1.1779720889967564
UBFC_PHYS_s14_T1_ctrl,81,122,85.06666666666666,0.2051377296447754,0.8197874206450226
UBFC_PHYS_s14_T1_ctrl,81,123,85.1,0.6274542212486267,0.3760981910500486
UBFC_PHYS_s14_T1_ctrl,81,124,85.13333333333334,0.7866643071174622,-0.11301343532432154
UBFC_PHYS_s14_T1_ctrl,81,125,85.16666666666667,0.7334065437316895,-0.6020418528255491
UBFC_PHYS_s14_T1_ctrl,81,126,85.2,0.5760834217071533,-1.039784434109465
UBFC_PHYS_s14_T1_ctrl,81,127,85.23333333333333,0.46984946727752686,-1.3720441098224534
UBFC_PHYS_s14_T1_ctrl,81,128,85.26666666666667,0.4860718548297882,-1.5481987592037958
UBFC_PHYS_s14_T1_ctrl,81,129,85.3,0.5351050496101379,-1.5312123613092774
UBFC_PHYS_s14_T1_ctrl,81,130,85.33333333333333,0.49330994486808777,-1.3088149427487112
UBFC_PHYS_s14_T1_ctrl,81,131,85.36666666666666,0.34913933277130127,-0.9018118534374385
UBFC_PHYS_s14_T1_ctrl,81,132,85.4,0.17162278294563293,-0.36500075032374163
UBFC_PHYS_s14_T1_ctrl,81,133,85.43333333333334,-0.0228202473372221,0.2218207419124373
UBFC_PHYS_s14_T1_ctrl,81,134,85.46666666666667,-0.2968542277812958,0.770948015115944
UBFC_PHYS_s14_T1_ctrl,81,135,85.5,-0.6818255186080933,1.2059605454298943
UBFC_PHYS_s14_T1_ctrl,81,136,85.53333333333333,-1.0892432928085327,1.4757677523051098
UBFC_PHYS_s14_T1_ctrl,81,137,85.56666666666666,-1.2891219854354858,1.5590301854169983
UBFC_PHYS_s14_T1_ctrl,81,138,85.6,-1.0632200241088867,1.4598126146897916
UBFC_PHYS_s14_T1_ctrl,81,139,85.63333333333334,-0.4698645770549774,1.1994717275257643
UBFC_PHYS_s14_T1_ctrl,81,140,85.66666666666667,0.1757628619670868,0.8099132017892368
UBFC_PHYS_s14_T1_ctrl,81,141,85.7,0.6368327736854553,0.33047938880741784
UBFC_PHYS_s14_T1_ctrl,81,142,85.73333333333333,0.8714374303817749,-0.19239567874447103
UBFC_PHYS_s14_T1_ctrl,81,143,85.76666666666667,0.8694096207618713,-0.7051813474643432
UBFC_PHYS_s14_T1_ctrl,81,144,85.8,0.6604903936386108,-1.149022054293172
UBFC_PHYS_s14_T1_ctrl,81,145,85.83333333333333,0.4016367197036743,-1.4645067805455454
UBFC_PHYS_s14_T1_ctrl,81,146,85.86666666666666,0.24448257684707642,-1.6000834932776007
UBFC_PHYS_s14_T1_ctrl,81,147,85.9,0.19958944618701935,-1.5236186630304358
UBFC_PHYS_s14_T1_ctrl,81,148,85.93333333333334,0.1673700362443924,-1.2341530023046365
UBFC_PHYS_s14_T1_ctrl,81,149,85.96666666666667,0.08521617203950882,-0.7685953644122528
UBFC_PHYS_s14_T1_ctrl,81,150,86.0,-0.030396316200494766,-0.19820914613997048
UBFC_PHYS_s14_T1_ctrl,81,151,86.03333333333333,-0.1683427095413208,0.38640336108666956
UBFC_PHYS_s14_T1_ctrl,81,152,86.06666666666666,-0.3851759731769562,0.8968564606572121
UBFC_PHYS_s14_T1_ctrl,81,153,86.1,-0.7076798677444458,1.2661235627531244
UBFC_PHYS_s14_T1_ctrl,81,154,86.13333333333334,-1.043110966682434,1.4581082008987374
UBFC_PHYS_s14_T1_ctrl,81,155,86.16666666666667,-1.208488941192627,1.466290409080662
UBFC_PHYS_s14_T1_ctrl,81,156,86.2,-1.055615782737732,1.3055937291696553
UBFC_PHYS_s14_T1_ctrl,81,157,86.23333333333333,-0.5934192538261414,1.0035952156850103
UBFC_PHYS_s14_T1_ctrl,81,158,86.26666666666667,-0.0021761662792414427,0.5950887285587009
UBFC_PHYS_s14_T1_ctrl,81,159,86.3,0.49294382333755493,0.12040877571640558
UBFC_PHYS_s14_T1_ctrl,81,160,86.33333333333333,0.7601621747016907,-0.3742748056366686
UBFC_PHYS_s14_T1_ctrl,81,161,86.36666666666666,0.7584723234176636,-0.8369295176307896
UBFC_PHYS_s14_T1_ctrl,81,162,86.4,0.5568193793296814,-1.2117991328834383
UBFC_PHYS_s14_T1_ctrl,81,163,86.43333333333334,0.3274250328540802,-1.4449890524245357
UBFC_PHYS_s14_T1_ctrl,81,164,86.46666666666667,0.19057703018188477,-1.4938053964207865
UBFC_PHYS_s14_T1_ctrl,81,165,86.5,0.1199984923005104,-1.3383843786539207
UBFC_PHYS_s14_T1_ctrl,81,166,86.53333333333333,0.04032304137945175,-0.9917763765738299
UBFC_PHYS_s14_T1_ctrl,81,167,86.56666666666666,-0.08556924015283585,-0.5032635114084671
UBFC_PHYS_s14_T1_ctrl,81,168,86.6,-0.2842086851596832,0.048992130064266254
UBFC_PHYS_s14_T1_ctrl,81,169,86.63333333333334,-0.5531731843948364,0.5754547550136797
UBFC_PHYS_s14_T1_ctrl,81,170,86.66666666666667,-0.8841825723648071,0.9967168960713046
UBFC_PHYS_s14_T1_ctrl,81,171,86.7,-1.287122368812561,1.260191149164514
UBFC_PHYS_s14_T1_ctrl,81,172,86.73333333333333,-1.6183289289474487,1.3461390750223146
UBFC_PHYS_s14_T1_ctrl,81,173,86.76666666666667,-1.5302324295043945,1.2632758957277463
UBFC_PHYS_s14_T1_ctrl,81,174,86.8,-0.9012498259544373,1.0389840628556322
UBFC_PHYS_s14_T1_ctrl,81,175,86.83333333333333,-0.08827296644449234,0.710049342218106
UBFC_PHYS_s14_T1_ctrl,81,176,86.86666666666666,0.5275571346282959,0.3170260211004734
UBFC_PHYS_s14_T1_ctrl,81,177,86.9,0.8774644732475281,-0.09814338125897192
UBFC_PHYS_s14_T1_ctrl,81,178,86.93333333333334,1.0107074975967407,-0.4930546472661701
UBFC_PHYS_s14_T1_ctrl,81,179,86.96666666666667,0.9239629507064819,-0.8258771018729152
UBFC_PHYS_s14_T1_ctrl,81,180,87.0,0.7253798246383667,-1.0576545771902772
UBFC_PHYS_s14_T1_ctrl,81,181,87.03333333333333,0.6514216661453247,-1.1566378957955403
UBFC_PHYS_s14_T1_ctrl,81,182,87.06666666666666,0.7485868334770203,-1.1045567607501847
UBFC_PHYS_s14_T1_ctrl,81,183,87.1,0.8494977951049805,-0.9032776086216173
UBFC_PHYS_s14_T1_ctrl,81,184,87.13333333333334,0.8565950989723206,-0.5788303847417838
UBFC_PHYS_s14_T1_ctrl,81,185,87.16666666666667,0.8440903425216675,-0.17972300621670637
UBFC_PHYS_s14_T1_ctrl,81,186,87.2,0.8915745615959167,0.23143588157043413
UBFC_PHYS_s14_T1_ctrl,81,187,87.23333333333333,0.9820649027824402,0.5908430314401235
UBFC_PHYS_s14_T1_ctrl,81,188,87.26666666666667,0.8974889516830444,0.8465423581476249
UBFC_PHYS_s14_T1_ctrl,81,189,87.3,0.2507067918777466,0.9672755338002615
UBFC_PHYS_s14_T1_ctrl,81,190,87.33333333333333,-0.8340509533882141,0.9451847296172039
UBFC_PHYS_s14_T1_ctrl,81,191,87.36666666666666,-1.5139538049697876,0.7933734330234422
UBFC_PHYS_s14_T1_ctrl,81,192,87.4,-1.251044511795044,0.5409504594384196
UBFC_PHYS_s14_T1_ctrl,81,193,87.43333333333334,-0.4491923451423645,0.22783754223822195
UBFC_PHYS_s14_T1_ctrl,81,194,87.46666666666667,0.3106112480163574,-0.09999043228479647
UBFC_PHYS_s14_T1_ctrl,81,195,87.5,0.8669030666351318,-0.39550857865305333
UBFC_PHYS_s14_T1_ctrl,81,196,87.53333333333333,1.151611089706421,-0.6165484666259504
UBFC_PHYS_s14_T1_ctrl,81,197,87.56666666666666,1.149217128753662,-0.7322972029747046
UBFC_PHYS_s14_T1_ctrl,81,198,87.6,1.075512409210205,-0.7291308907467806
UBFC_PHYS_s14_T1_ctrl,81,199,87.63333333333334,1.0957058668136597,-0.6140131333860795
UBFC_PHYS_s14_T1_ctrl,81,200,87.66666666666667,1.066021203994751,-0.41375224652265163
UBFC_PHYS_s14_T1_ctrl,81,201,87.7,0.8242348432540894,-0.16929135682720456
UBFC_PHYS_s14_T1_ctrl,81,202,87.73333333333333,0.48604369163513184,0.07406592047302454
UBFC_PHYS_s14_T1_ctrl,81,203,87.76666666666667,0.22752796113491058,0.27749582350373836
UBFC_PHYS_s14_T1_ctrl,81,204,87.8,-0.022454118356108665,0.4162794582580925
UBFC_PHYS_s14_T1_ctrl,81,205,87.83333333333333,-0.4034261405467987,0.48118952573787344
UBFC_PHYS_s14_T1_ctrl,81,206,87.86666666666666,-0.7936640381813049,0.4744802449388784
UBFC_PHYS_s14_T1_ctrl,81,207,87.9,-0.8908573985099792,0.40457963700142635
UBFC_PHYS_s14_T1_ctrl,81,208,87.93333333333334,-0.5754225850105286,0.28330996627855065
UBFC_PHYS_s14_T1_ctrl,81,209,87.96666666666667,-0.04898443818092346,0.1265001280502117
UBFC_PHYS_s14_T1_ctrl,81,210,88.0,0.41318386793136597,-0.044122986877295614
UBFC_PHYS_s14_T1_ctrl,81,211,88.03333333333333,0.7065945863723755,-0.20097510246256786
UBFC_PHYS_s14_T1_ctrl,81,212,88.06666666666666,0.810040295124054,-0.314568334621945
UBFC_PHYS_s14_T1_ctrl,81,213,88.1,0.6522946953773499,-0.3608979586429571
UBFC_PHYS_s14_T1_ctrl,81,214,88.13333333333334,0.27070310711860657,-0.3296268457758085
UBFC_PHYS_s14_T1_ctrl,81,215,88.16666666666667,-0.16192136704921722,-0.2293598810837397
UBFC_PHYS_s14_T1_ctrl,81,216,88.2,-0.5369226336479187,-0.08673362518622195
UBFC_PHYS_s14_T1_ctrl,81,217,88.23333333333333,-0.8588914275169373,0.06147666135081896
UBFC_PHYS_s14_T1_ctrl,81,218,88.26666666666667,-1.1467820405960083,0.1801699978274362
UBFC_PHYS_s14_T1_ctrl,81,219,88.3,-1.4341374635696411,0.24610991257715534
UBFC_PHYS_s14_T1_ctrl,81,220,88.33333333333333,-1.7866922616958618,0.2520393108283285
UBFC_PHYS_s14_T1_ctrl,81,221,88.36666666666666,-2.2179648876190186,0.20401246832119552
UBFC_PHYS_s14_T1_ctrl,81,222,88.4,-2.574180841445923,0.1150044200117742
UBFC_PHYS_s14_T1_ctrl,81,223,88.43333333333334,-2.552522897720337,-0.0006976033360326945
UBFC_PHYS_s14_T1_ctrl,81,224,88.46666666666667,-1.9468035697937012,-0.12943149188135922
UBFC_PHYS_s14_T1_ctrl,81,225,88.5,-0.8689740896224976,-0.25661657091633217
UBFC_PHYS_s14_T1_ctrl,81,226,88.53333333333333,0.27211129665374756,-0.36419991541841235
UBFC_PHYS_s14_T1_ctrl,81,227,88.56666666666666,1.0359141826629639,-0.42997093467081904
UBFC_PHYS_s14_T1_ctrl,81,228,88.6,1.2756727933883667,-0.43036996489603785
UBFC_PHYS_s14_T1_ctrl,81,229,88.63333333333334,1.162397861480713,-0.3466273285522257
UBFC_PHYS_s14_T1_ctrl,81,230,88.66666666666667,0.9337921142578125,-0.17268849449726623
UBFC_PHYS_s14_T1_ctrl,81,231,88.7,0.7054398655891418,0.07775553752442037
UBFC_PHYS_s14_T1_ctrl,81,232,88.73333333333333,0.5013084411621094,0.3687068666281929
UBFC_PHYS_s14_T1_ctrl,81,233,88.76666666666667,0.30449968576431274,0.6466785964439594
UBFC_PHYS_s14_T1_ctrl,81,234,88.8,0.05722133442759514,0.8528190690326184
UBFC_PHYS_s14_T1_ctrl,81,235,88.83333333333333,-0.3147100806236267,0.9385092253374513
UBFC_PHYS_s14_T1_ctrl,81,236,88.86666666666666,-0.8130970597267151,0.878507010424687
UBFC_PHYS_s14_T1_ctrl,81,237,88.9,-1.335789442062378,0.6768316042112772
UBFC_PHYS_s14_T1_ctrl,81,238,88.93333333333334,-1.774863362312317,0.3644435304347357
UBFC_PHYS_s14_T1_ctrl,81,239,88.96666666666667,-2.0410959720611572,-0.00850040985158853
UBFC_PHYS_s14_T1_ctrl,82,0,82.0,-0.2112080454826355,-0.028796916743385532
UBFC_PHYS_s14_T1_ctrl,82,1,82.03333333333333,0.4761863350868225,-0.07005712836651903
UBFC_PHYS_s14_T1_ctrl,82,2,82.06666666666666,0.9682364463806152,-0.17858198609306739
UBFC_PHYS_s14_T1_ctrl,82,3,82.1,1.156539797782898,-0.3968340195744348
UBFC_PHYS_s14_T1_ctrl,82,4,82.13333333333334,1.055769681930542,-0.7223409108297856
UBFC_PHYS_s14_T1_ctrl,82,5,82.16666666666667,0.832965612411499,-1.1046424306117004
UBFC_PHYS_s14_T1_ctrl,82,6,82.2,0.6757833361625671,-1.45793422130503
UBFC_PHYS_s14_T1_ctrl,82,7,82.23333333333333,0.6224973797798157,-1.6853701908718912
UBFC_PHYS_s14_T1_ctrl,82,8,82.26666666666667,0.5605369806289673,-1.7079363601600306
UBFC_PHYS_s14_T1_ctrl,82,9,82.3,0.3820910155773163,-1.4896004517015353
UBFC_PHYS_s14_T1_ctrl,82,10,82.33333333333333,0.1176045686006546,-1.0507512396465524
UBFC_PHYS_s14_T1_ctrl,82,11,82.36666666666666,-0.13285629451274872,-0.4646033307452846
UBFC_PHYS_s14_T1_ctrl,82,12,82.4,-0.36684131622314453,0.16329621287956783
UBFC_PHYS_s14_T1_ctrl,82,13,82.43333333333334,-0.6820226311683655,0.7256225040184167
UBFC_PHYS_s14_T1_ctrl,82,14,82.46666666666667,-1.1099156141281128,1.1421788277485236
UBFC_PHYS_s14_T1_ctrl,82,15,82.5,-1.4819597005844116,1.3758026215864416
UBFC_PHYS_s14_T1_ctrl,82,16,82.53333333333333,-1.4806360006332397,1.4304084124300307
UBFC_PHYS_s14_T1_ctrl,82,17,82.56666666666666,-0.9957113265991211,1.3352053981390342
UBFC_PHYS_s14_T1_ctrl,82,18,82.6,-0.25480565428733826,1.1252095240260573
UBFC_PHYS_s14_T1_ctrl,82,19,82.63333333333334,0.40811437368392944,0.8283197966915079
UBFC_PHYS_s14_T1_ctrl,82,20,82.66666666666667,0.8194469809532166,0.463793839618103
UBFC_PHYS_s14_T1_ctrl,82,21,82.7,0.9651666283607483,0.04991320023882419
UBFC_PHYS_s14_T1_ctrl,82,22,82.73333333333333,0.9005025029182434,-0.385712172765662
UBFC_PHYS_s14_T1_ctrl,82,23,82.76666666666667,0.7372931241989136,-0.8000161808472481
UBFC_PHYS_s14_T1_ctrl,82,24,82.8,0.6227226853370667,-1.1365349307862662
UBFC_PHYS_s14_T1_ctrl,82,25,82.83333333333333,0.5883628129959106,-1.3357866186336522
UBFC_PHYS_s14_T1_ctrl,82,26,82.86666666666666,0.5079832673072815,-1.3509191049708429
UBFC_PHYS_s14_T1_ctrl,82,27,82.9,0.3181309700012207,-1.163574372313775
UBFC_PHYS_s14_T1_ctrl,82,28,82.93333333333334,0.1265888214111328,-0.7941409976151316
UBFC_PHYS_s14_T1_ctrl,82,29,82.96666666666667,-0.029804876074194908,-0.3014319458302411
UBFC_PHYS_s14_T1_ctrl,82,30,83.0,-0.29569950699806213,0.23017516332314508
UBFC_PHYS_s14_T1_ctrl,82,31,83.03333333333333,-0.755614697933197,0.7129772011951323
UBFC_PHYS_s14_T1_ctrl,82,32,83.06666666666666,-1.2714914083480835,1.0790033290051086
UBFC_PHYS_s14_T1_ctrl,82,33,83.1,-1.594079852104187,1.2938954808509744
UBFC_PHYS_s14_T1_ctrl,82,34,83.13333333333334,-1.4763269424438477,1.3564824562156002
UBFC_PHYS_s14_T1_ctrl,82,35,83.16666666666667,-0.8782681822776794,1.2867477002105492
UBFC_PHYS_s14_T1_ctrl,82,36,83.2,-0.07390941679477692,1.1103709473114913
UBFC_PHYS_s14_T1_ctrl,82,37,83.23333333333333,0.592559278011322,0.8482892903318988
UBFC_PHYS_s14_T1_ctrl,82,38,83.26666666666667,0.9658143520355225,0.5152496502708335
UBFC_PHYS_s14_T1_ctrl,82,39,83.3,1.0465319156646729,0.1256276123051717
UBFC_PHYS_s14_T1_ctrl,82,40,83.33333333333333,0.9012628793716431,-0.29850247863904517
UBFC_PHYS_s14_T1_ctrl,82,41,83.36666666666666,0.6718685626983643,-0.7220399557543917
UBFC_PHYS_s14_T1_ctrl,82,42,83.4,0.5228537917137146,-1.0970984061935387
UBFC_PHYS_s14_T1_ctrl,82,43,83.43333333333334,0.49781614542007446,-1.3691677969803284
UBFC_PHYS_s14_T1_ctrl,82,44,83.46666666666667,0.5141511559486389,-1.487973006387148
UBFC_PHYS_s14_T1_ctrl,82,45,83.5,0.4993651807308197,-1.4207328114617173
UBFC_PHYS_s14_T1_ctrl,82,46,83.53333333333333,0.41140955686569214,-1.1642531067091466
UBFC_PHYS_s14_T1_ctrl,82,47,83.56666666666666,0.21248848736286163,-0.7511626714327221
UBFC_PHYS_s14_T1_ctrl,82,48,83.6,-0.10297448188066483,-0.24593762985624226
UBFC_PHYS_s14_T1_ctrl,82,49,83.63333333333334,-0.5016334056854248,0.27017243175410194
UBFC_PHYS_s14_T1_ctrl,82,50,83.66666666666667,-0.9460021257400513,0.7201962261075827
UBFC_PHYS_s14_T1_ctrl,82,51,83.7,-1.3027533292770386,1.0493925584879444
UBFC_PHYS_s14_T1_ctrl,82,52,83.73333333333333,-1.3186094760894775,1.2328879818287146
UBFC_PHYS_s14_T1_ctrl,82,53,83.76666666666667,-0.8775640726089478,1.2717972868248664
UBFC_PHYS_s14_T1_ctrl,82,54,83.8,-0.1964220404624939,1.1824476093841974
UBFC_PHYS_s14_T1_ctrl,82,55,83.83333333333333,0.42698413133621216,0.9856985250872687
UBFC_PHYS_s14_T1_ctrl,82,56,83.86666666666666,0.8427948355674744,0.7014301160195572
UBFC_PHYS_s14_T1_ctrl,82,57,83.9,0.9959214925765991,0.34908904283021286
UBFC_PHYS_s14_T1_ctrl,82,58,83.93333333333334,0.9134860038757324,-0.04829900282856771
UBFC_PHYS_s14_T1_ctrl,82,59,83.96666666666667,0.7426161170005798,-0.4603059573905136
UBFC_PHYS_s14_T1_ctrl,82,60,84.0,0.6332841515541077,-0.8478796878745241
UBFC_PHYS_s14_T1_ctrl,82,61,84.03333333333333,0.6147523522377014,-1.1654008256221948
UBFC_PHYS_s14_T1_ctrl,82,62,84.06666666666666,0.6281020045280457,-1.3659896629997412
UBFC_PHYS_s14_T1_ctrl,82,63,84.1,0.5960233807563782,-1.4098122117240397
UBFC_PHYS_s14_T1_ctrl,82,64,84.13333333333334,0.4596260190010071,-1.2742631543671825
UBFC_PHYS_s14_T1_ctrl,82,65,84.16666666666667,0.23518851399421692,-0.9634110601054696
UBFC_PHYS_s14_T1_ctrl,82,66,84.2,-0.022116152569651604,-0.5128997981704572
UBFC_PHYS_s14_T1_ctrl,82,67,84.23333333333333,-0.3171040117740631,0.013257316441748435
UBFC_PHYS_s14_T1_ctrl,82,68,84.26666666666667,-0.7016246914863586,0.5351716153171764
UBFC_PHYS_s14_T1_ctrl,82,69,84.3,-1.1396002769470215,0.9758193316446292
UBFC_PHYS_s14_T1_ctrl,82,70,84.33333333333333,-1.419858455657959,1.2788777188678095
UBFC_PHYS_s14_T1_ctrl,82,71,84.36666666666666,-1.2843059301376343,1.418091138698473
UBFC_PHYS_s14_T1_ctrl,82,72,84.4,-0.6956821084022522,1.3953560331173263
UBFC_PHYS_s14_T1_ctrl,82,73,84.43333333333334,0.07000771164894104,1.2309915056855938
UBFC_PHYS_s14_T1_ctrl,82,74,84.46666666666667,0.6603777408599854,0.9528022444491372
UBFC_PHYS_s14_T1_ctrl,82,75,84.5,0.9205551147460938,0.5893456494921042
UBFC_PHYS_s14_T1_ctrl,82,76,84.53333333333333,0.9006151556968689,0.16898172772359288
UBFC_PHYS_s14_T1_ctrl,82,77,84.56666666666666,0.7499386668205261,-0.2772252836647677
UBFC_PHYS_s14_T1_ctrl,82,78,84.6,0.5995720624923706,-0.7118863154675193
UBFC_PHYS_s14_T1_ctrl,82,79,84.63333333333334,0.508039653301239,-1.0897184266043927
UBFC_PHYS_s14_T1_ctrl,82,80,84.66666666666667,0.4519091248512268,-1.3602179539729498
UBFC_PHYS_s14_T1_ctrl,82,81,84.7,0.40921276807785034,-1.4756463013467722
UBFC_PHYS_s14_T1_ctrl,82,82,84.73333333333333,0.36733317375183105,-1.4031505222348766
UBFC_PHYS_s14_T1_ctrl,82,83,84.76666666666667,0.28033512830734253,-1.1372194098740145
UBFC_PHYS_s14_T1_ctrl,82,84,84.8,0.11737925559282303,-0.7071638263518639
UBFC_PHYS_s14_T1_ctrl,82,85,84.83333333333333,-0.10657945275306702,-0.17514778772981945
UBFC_PHYS_s14_T1_ctrl,82,86,84.86666666666666,-0.38999199867248535,0.37628344504752564
UBFC_PHYS_s14_T1_ctrl,82,87,84.9,-0.7378433346748352,0.8635050940432667
UBFC_PHYS_s14_T1_ctrl,82,88,84.93333333333334,-1.0898348093032837,1.220611711455994
UBFC_PHYS_s14_T1_ctrl,82,89,84.96666666666667,-1.2596626281738281,1.4104108625271388
UBFC_PHYS_s14_T1_ctrl,82,90,85.0,-1.0320426225662231,1.4246655466813984
UBFC_PHYS_s14_T1_ctrl,82,91,85.03333333333333,-0.4331952929496765,1.2763722520928542
UBFC_PHYS_s14_T1_ctrl,82,92,85.06666666666666,0.2051377296447754,0.9901819762020577
UBFC_PHYS_s14_T1_ctrl,82,93,85.1,0.6274542212486267,0.5963816332678799
UBFC_PHYS_s14_T1_ctrl,82,94,85.13333333333334,0.7866643071174622,0.130113561188898
UBFC_PHYS_s14_T1_ctrl,82,95,85.16666666666667,0.7334065437316895,-0.36630915272389364
UBFC_PHYS_s14_T1_ctrl,82,96,85.2,0.5760834217071533,-0.8415742084921931
UBFC_PHYS_s14_T1_ctrl,82,97,85.23333333333333,0.46984946727752686,-1.2369533415190577
UBFC_PHYS_s14_T1_ctrl,82,98,85.26666666666667,0.4860718548297882,-1.4928063185188838
UBFC_PHYS_s14_T1_ctrl,82,99,85.3,0.5351050496101379,-1.5597271115693865
UBFC_PHYS_s14_T1_ctrl,82,100,85.33333333333333,0.49330994486808777,-1.4119146748178597
UBFC_PHYS_s14_T1_ctrl,82,101,85.36666666666666,0.34913933277130127,-1.0583399382738867
UBFC_PHYS_s14_T1_ctrl,82,102,85.4,0.17162278294563293,-0.546449734666606
UBFC_PHYS_s14_T1_ctrl,82,103,85.43333333333334,-0.0228202473372221,0.04509591435867708
UBFC_PHYS_s14_T1_ctrl,82,104,85.46666666666667,-0.2968542277812958,0.6236531991963614
UBFC_PHYS_s14_T1_ctrl,82,105,85.5,-0.6818255186080933,1.1038550884171923
UBFC_PHYS_s14_T1_ctrl,82,106,85.53333333333333,-1.0892432928085327,1.424691288956048
UBFC_PHYS_s14_T1_ctrl,82,107,85.56666666666666,-1.2891219854354858,1.5563712730775032
UBFC_PHYS_s14_T1_ctrl,82,108,85.6,-1.0632200241088867,1.4967105707913642
UBFC_PHYS_s14_T1_ctrl,82,109,85.63333333333334,-0.4698645770549774,1.26222208720969
UBFC_PHYS_s14_T1_ctrl,82,110,85.66666666666667,0.1757628619670868,0.8805181068169423
UBFC_PHYS_s14_T1_ctrl,82,111,85.7,0.6368327736854553,0.3878405640416031
UBFC_PHYS_s14_T1_ctrl,82,112,85.73333333333333,0.8714374303817749,-0.16906391675885815
UBFC_PHYS_s14_T1_ctrl,82,113,85.76666666666667,0.8694096207618713,-0.7307360475751514
UBFC_PHYS_s14_T1_ctrl,82,114,85.8,0.6604903936386108,-1.2265213449015235
UBFC_PHYS_s14_T1_ctrl,82,115,85.83333333333333,0.4016367197036743,-1.5818811137278983
UBFC_PHYS_s14_T1_ctrl,82,116,85.86666666666666,0.24448257684707642,-1.7313820568266076
UBFC_PHYS_s14_T1_ctrl,82,117,85.9,0.19958944618701935,-1.6350177685191656
UBFC_PHYS_s14_T1_ctrl,82,118,85.93333333333334,0.1673700362443924,-1.2930598834617955
UBFC_PHYS_s14_T1_ctrl,82,119,85.96666666666667,0.08521617203950882,-0.7530162339998946
UBFC_PHYS_s14_T1_ctrl,82,120,86.0,-0.030396316200494766,-0.10323069422449477
UBFC_PHYS_s14_T1_ctrl,82,121,86.03333333333333,-0.1683427095413208,0.5474016844679497
UBFC_PHYS_s14_T1_ctrl,82,122,86.06666666666666,-0.3851759731769562,1.0966370801498564
UBFC_PHYS_s14_T1_ctrl,82,123,86.1,-0.7076798677444458,1.4716711884661848
UBFC_PHYS_s14_T1_ctrl,82,124,86.13333333333334,-1.043110966682434,1.6390901260531443
UBFC_PHYS_s14_T1_ctrl,82,125,86.16666666666667,-1.208488941192627,1.601007995411856
UBFC_PHYS_s14_T1_ctrl,82,126,86.2,-1.055615782737732,1.38290496518669
UBFC_PHYS_s14_T1_ctrl,82,127,86.23333333333333,-0.5934192538261414,1.0210229185773148
UBFC_PHYS_s14_T1_ctrl,82,128,86.26666666666667,-0.0021761662792414427,0.5550729804535821
UBFC_PHYS_s14_T1_ctrl,82,129,86.3,0.49294382333755493,0.027551852137049682
UBFC_PHYS_s14_T1_ctrl,82,130,86.33333333333333,0.7601621747016907,-0.5130496368870392
UBFC_PHYS_s14_T1_ctrl,82,131,86.36666666666666,0.7584723234176636,-1.0097150143367188
UBFC_PHYS_s14_T1_ctrl,82,132,86.4,0.5568193793296814,-1.3989741562719613
UBFC_PHYS_s14_T1_ctrl,82,133,86.43333333333334,0.3274250328540802,-1.6192158696376093
UBFC_PHYS_s14_T1_ctrl,82,134,86.46666666666667,0.19057703018188477,-1.6241078087669472
UBFC_PHYS_s14_T1_ctrl,82,135,86.5,0.1199984923005104,-1.3973719599969363
UBFC_PHYS_s14_T1_ctrl,82,136,86.53333333333333,0.04032304137945175,-0.9633203824090233
UBFC_PHYS_s14_T1_ctrl,82,137,86.56666666666666,-0.08556924015283585,-0.3876055193619474
UBFC_PHYS_s14_T1_ctrl,82,138,86.6,-0.2842086851596832,0.2346019692247334
UBFC_PHYS_s14_T1_ctrl,82,139,86.63333333333334,-0.5531731843948364,0.8006731397036949
UBFC_PHYS_s14_T1_ctrl,82,140,86.66666666666667,-0.8841825723648071,1.2250983355956735
UBFC_PHYS_s14_T1_ctrl,82,141,86.7,-1.287122368812561,1.4569833160555052
UBFC_PHYS_s14_T1_ctrl,82,142,86.73333333333333,-1.6183289289474487,1.4845597592936368
UBFC_PHYS_s14_T1_ctrl,82,143,86.76666666666667,-1.5302324295043945,1.3275684678924164
UBFC_PHYS_s14_T1_ctrl,82,144,86.8,-0.9012498259544373,1.0238238075688149
UBFC_PHYS_s14_T1_ctrl,82,145,86.83333333333333,-0.08827296644449234,0.6174990617475214
UBFC_PHYS_s14_T1_ctrl,82,146,86.86666666666666,0.5275571346282959,0.153498327163785
UBFC_PHYS_s14_T1_ctrl,82,147,86.9,0.8774644732475281,-0.322496686339626
UBFC_PHYS_s14_T1_ctrl,82,148,86.93333333333334,1.0107074975967407,-0.7618917945816958
UBFC_PHYS_s14_T1_ctrl,82,149,86.96666666666667,0.9239629507064819,-1.1131209483647857
UBFC_PHYS_s14_T1_ctrl,82,150,87.0,0.7253798246383667,-1.3263565856927422
UBFC_PHYS_s14_T1_ctrl,82,151,87.03333333333333,0.6514216661453247,-1.363071016093594
UBFC_PHYS_s14_T1_ctrl,82,152,87.06666666666666,0.7485868334770203,-1.2077668580543015
UBFC_PHYS_s14_T1_ctrl,82,153,87.1,0.8494977951049805,-0.8771865022873341
UBFC_PHYS_s14_T1_ctrl,82,154,87.13333333333334,0.8565950989723206,-0.421986873342862
UBFC_PHYS_s14_T1_ctrl,82,155,87.16666666666667,0.8440903425216675,0.08181387311798537
UBFC_PHYS_s14_T1_ctrl,82,156,87.2,0.8915745615959167,0.549740117105308
UBFC_PHYS_s14_T1_ctrl,82,157,87.23333333333333,0.9820649027824402,0.9081223245298499
UBFC_PHYS_s14_T1_ctrl,82,158,87.26666666666667,0.8974889516830444,1.108787101068284
UBFC_PHYS_s14_T1_ctrl,82,159,87.3,0.2507067918777466,1.1348139556996817
UBFC_PHYS_s14_T1_ctrl,82,160,87.33333333333333,-0.8340509533882141,0.9974466272871559
UBFC_PHYS_s14_T1_ctrl,82,161,87.36666666666666,-1.5139538049697876,0.7279749868729812
UBFC_PHYS_s14_T1_ctrl,82,162,87.4,-1.251044511795044,0.3694181836987935
UBFC_PHYS_s14_T1_ctrl,82,163,87.43333333333334,-0.4491923451423645,-0.02894789936996884
UBFC_PHYS_s14_T1_ctrl,82,164,87.46666666666667,0.3106112480163574,-0.414328201259679
UBFC_PHYS_s14_T1_ctrl,82,165,87.5,0.8669030666351318,-0.7329510492798771
UBFC_PHYS_s14_T1_ctrl,82,166,87.53333333333333,1.151611089706421,-0.9351861652635862
UBFC_PHYS_s14_T1_ctrl,82,167,87.56666666666666,1.149217128753662,-0.9841753125236289
UBFC_PHYS_s14_T1_ctrl,82,168,87.6,1.075512409210205,-0.8661763508394621
UBFC_PHYS_s14_T1_ctrl,82,169,87.63333333333334,1.0957058668136597,-0.5984542985453013
UBFC_PHYS_s14_T1_ctrl,82,170,87.66666666666667,1.066021203994751,-0.22985011979550746
UBFC_PHYS_s14_T1_ctrl,82,171,87.7,0.8242348432540894,0.16871302131034516
UBFC_PHYS_s14_T1_ctrl,82,172,87.73333333333333,0.48604369163513184,0.521872939450981
UBFC_PHYS_s14_T1_ctrl,82,173,87.76666666666667,0.22752796113491058,0.7691927985305508
UBFC_PHYS_s14_T1_ctrl,82,174,87.8,-0.022454118356108665,0.8784716785512431
UBFC_PHYS_s14_T1_ctrl,82,175,87.83333333333333,-0.4034261405467987,0.8482380389103363
UBFC_PHYS_s14_T1_ctrl,82,176,87.86666666666666,-0.7936640381813049,0.700533306446151
UBFC_PHYS_s14_T1_ctrl,82,177,87.9,-0.8908573985099792,0.4697215897409013
UBFC_PHYS_s14_T1_ctrl,82,178,87.93333333333334,-0.5754225850105286,0.19329940567585063
UBFC_PHYS_s14_T1_ctrl,82,179,87.96666666666667,-0.04898443818092346,-0.09249207029689523
UBFC_PHYS_s14_T1_ctrl,82,180,88.0,0.41318386793136597,-0.3531263541544289
UBFC_PHYS_s14_T1_ctrl,82,181,88.03333333333333,0.7065945863723755,-0.5554005833495023
UBFC_PHYS_s14_T1_ctrl,82,182,88.06666666666666,0.810040295124054,-0.6692814308201652
UBFC_PHYS_s14_T1_ctrl,82,183,88.1,0.6522946953773499,-0.6732430488135228
UBFC_PHYS_s14_T1_ctrl,82,184,88.13333333333334,0.27070310711860657,-0.5617233829709805
UBFC_PHYS_s14_T1_ctrl,82,185,88.16666666666667,-0.16192136704921722,-0.35109133332328846
UBFC_PHYS_s14_T1_ctrl,82,186,88.2,-0.5369226336479187,-0.07990568980968805
UBFC_PHYS_s14_T1_ctrl,82,187,88.23333333333333,-0.8588914275169373,0.19865578578172868
UBFC_PHYS_s14_T1_ctrl,82,188,88.26666666666667,-1.1467820405960083,0.4300457918154017
UBFC_PHYS_s14_T1_ctrl,82,189,88.3,-1.4341374635696411,0.571747785144489
UBFC_PHYS_s14_T1_ctrl,82,190,88.33333333333333,-1.7866922616958618,0.6015173165629697
UBFC_PHYS_s14_T1_ctrl,82,191,88.36666666666666,-2.2179648876190186,0.518470398180821
UBFC_PHYS_s14_T1_ctrl,82,192,88.4,-2.574180841445923,0.3389383653203186
UBFC_PHYS_s14_T1_ctrl,82,193,88.43333333333334,-2.552522897720337,0.0909213411361467
UBFC_PHYS_s14_T1_ctrl,82,194,88.46666666666667,-1.9468035697937012,-0.19014059378314158
UBFC_PHYS_s14_T1_ctrl,82,195,88.5,-0.8689740896224976,-0.4640983108157374
UBFC_PHYS_s14_T1_ctrl,82,196,88.53333333333333,0.27211129665374756,-0.688862061426852
UBFC_PHYS_s14_T1_ctrl,82,197,88.56666666666666,1.0359141826629639,-0.8248964556370793
UBFC_PHYS_s14_T1_ctrl,82,198,88.6,1.2756727933883667,-0.8420528476640586
UBFC_PHYS_s14_T1_ctrl,82,199,88.63333333333334,1.162397861480713,-0.7275974494059303
UBFC_PHYS_s14_T1_ctrl,82,200,88.66666666666667,0.9337921142578125,-0.49262459921678786
UBFC_PHYS_s14_T1_ctrl,82,201,88.7,0.7054398655891418,-0.17335511448471844
UBFC_PHYS_s14_T1_ctrl,82,202,88.73333333333333,0.5013084411621094,0.1751144738715462
UBFC_PHYS_s14_T1_ctrl,82,203,88.76666666666667,0.30449968576431274,0.4918777302681343
UBFC_PHYS_s14_T1_ctrl,82,204,88.8,0.05722133442759514,0.7252955856563741
UBFC_PHYS_s14_T1_ctrl,82,205,88.83333333333333,-0.3147100806236267,0.8435856177934841
UBFC_PHYS_s14_T1_ctrl,82,206,88.86666666666666,-0.8130970597267151,0.8371549535254988
UBFC_PHYS_s14_T1_ctrl,82,207,88.9,-1.335789442062378,0.713981688026322
UBFC_PHYS_s14_T1_ctrl,82,208,88.93333333333334,-1.774863362312317,0.49300131403201375
UBFC_PHYS_s14_T1_ctrl,82,209,88.96666666666667,-2.0410959720611572,0.20032973706561946
UBFC_PHYS_s14_T1_ctrl,82,210,89.0,-1.9698978662490845,-0.13046414236531978
UBFC_PHYS_s14_T1_ctrl,82,211,89.03333333333333,-1.3480125665664673,-0.4567742375939284
UBFC_PHYS_s14_T1_ctrl,82,212,89.06666666666666,-0.22835981845855713,-0.7280503598567754
UBFC_PHYS_s14_T1_ctrl,82,213,89.1,1.003272294998169,-0.8921035238396465
UBFC_PHYS_s14_T1_ctrl,82,214,89.13333333333334,1.8632264137268066,-0.9064893458099098
UBFC_PHYS_s14_T1_ctrl,82,215,89.16666666666667,2.1317403316497803,-0.7519050451041265
UBFC_PHYS_s14_T1_ctrl,82,216,89.2,1.9301435947418213,-0.4422586659134585
UBFC_PHYS_s14_T1_ctrl,82,217,89.23333333333333,1.5655348300933838,-0.025862660292959225
UBFC_PHYS_s14_T1_ctrl,82,218,89.26666666666667,1.340055227279663,0.42497193258974686
UBFC_PHYS_s14_T1_ctrl,82,219,89.3,1.3391258716583252,0.8332627381749926
UBFC_PHYS_s14_T1_ctrl,82,220,89.33333333333333,1.3810335397720337,1.1374615603503289
UBFC_PHYS_s14_T1_ctrl,82,221,89.36666666666666,1.2379332780838013,1.3030743548805817
UBFC_PHYS_s14_T1_ctrl,82,222,89.4,0.8435834050178528,1.3217845041292184
UBFC_PHYS_s14_T1_ctrl,82,223,89.43333333333334,0.2931496798992157,1.201844316401878
UBFC_PHYS_s14_T1_ctrl,82,224,89.46666666666667,-0.2034066766500473,0.9581192183336545
UBFC_PHYS_s14_T1_ctrl,82,225,89.5,-0.3886401355266571,0.6088597532444225
UBFC_PHYS_s14_T1_ctrl,82,226,89.53333333333333,-0.19329586625099182,0.18022240027659386
UBFC_PHYS_s14_T1_ctrl,82,227,89.56666666666666,0.09479187428951263,-0.28649880243306447
UBFC_PHYS_s14_T1_ctrl,82,228,89.6,0.224514439702034,-0.7318398225767252
UBFC_PHYS_s14_T1_ctrl,82,229,89.63333333333334,0.213924840092659,-1.0840913894901787
UBFC_PHYS_s14_T1_ctrl,82,230,89.66666666666667,0.14365610480308533,-1.274949622719485
UBFC_PHYS_s14_T1_ctrl,82,231,89.7,0.025706017389893532,-1.2610844546481343
UBFC_PHYS_s14_T1_ctrl,82,232,89.73333333333333,-0.08773785829544067,-1.0437977365649345
UBFC_PHYS_s14_T1_ctrl,82,233,89.76666666666667,-0.13502490520477295,-0.67746590001502
UBFC_PHYS_s14_T1_ctrl,82,234,89.8,-0.14015072584152222,-0.26016102761563414
UBFC_PHYS_s14_T1_ctrl,82,235,89.83333333333333,-0.15093746781349182,0.09330964476609413
UBFC_PHYS_s14_T1_ctrl,82,236,89.86666666666666,-0.1818331778049469,0.28726951072595985
UBFC_PHYS_s14_T1_ctrl,82,237,89.9,-0.2418784499168396,0.27630858071370107
UBFC_PHYS_s14_T1_ctrl,82,238,89.93333333333334,-0.3658837676048279,0.08000313777417305
UBFC_PHYS_s14_T1_ctrl,82,239,89.96666666666667,-0.5252628326416016,-0.2235020751314628
UBFC_PHYS_s14_T1_ctrl,83,0,83.0,-0.29569950699806213,-0.11059242724687292
UBFC_PHYS_s14_T1_ctrl,83,1,83.03333333333333,-0.755614697933197,0.4190043595739101
UBFC_PHYS_s14_T1_ctrl,83,2,83.06666666666666,-1.2714914083480835,0.8735805367977599
UBFC_PHYS_s14_T1_ctrl,83,3,83.1,-1.594079852104187,1.1915921606552584
UBFC_PHYS_s14_T1_ctrl,83,4,83.13333333333334,-1.4763269424438477,1.3391094567580013
UBFC_PHYS_s14_T1_ctrl,83,5,83.16666666666667,-0.8782681822776794,1.3150712881170834
UBFC_PHYS_s14_T1_ctrl,83,6,83.2,-0.07390941679477692,1.1468620886316343
UBFC_PHYS_s14_T1_ctrl,83,7,83.23333333333333,0.592559278011322,0.8776443791521337
UBFC_PHYS_s14_T1_ctrl,83,8,83.26666666666667,0.9658143520355225,0.551032303994014
UBFC_PHYS_s14_T1_ctrl,83,9,83.3,1.0465319156646729,0.20004771468143467
UBFC_PHYS_s14_T1_ctrl,83,10,83.33333333333333,0.9012628793716431,-0.15523478786370903
UBFC_PHYS_s14_T1_ctrl,83,11,83.36666666666666,0.6718685626983643,-0.5016418436194696
UBFC_PHYS_s14_T1_ctrl,83,12,83.4,0.5228537917137146,-0.8228242789793925
UBFC_PHYS_s14_T1_ctrl,83,13,83.43333333333334,0.49781614542007446,-1.0912709105104337
UBFC_PHYS_s14_T1_ctrl,83,14,83.46666666666667,0.5141511559486389,-1.2674975278041423
UBFC_PHYS_s14_T1_ctrl,83,15,83.5,0.4993651807308197,-1.3082623163795668
UBFC_PHYS_s14_T1_ctrl,83,16,83.53333333333333,0.41140955686569214,-1.1815055729055353
UBFC_PHYS_s14_T1_ctrl,83,17,83.56666666666666,0.21248848736286163,-0.8821089322971096
UBFC_PHYS_s14_T1_ctrl,83,18,83.6,-0.10297448188066483,-0.44106404039867203
UBFC_PHYS_s14_T1_ctrl,83,19,83.63333333333334,-0.5016334056854248,0.07737460638267944
UBFC_PHYS_s14_T1_ctrl,83,20,83.66666666666667,-0.9460021257400513,0.5906732188377087
UBFC_PHYS_s14_T1_ctrl,83,21,83.7,-1.3027533292770386,1.019342545020102
UBFC_PHYS_s14_T1_ctrl,83,22,83.73333333333333,-1.3186094760894775,1.3056939444024145
UBFC_PHYS_s14_T1_ctrl,83,23,83.76666666666667,-0.8775640726089478,1.4227958274050971
UBFC_PHYS_s14_T1_ctrl,83,24,83.8,-0.1964220404624939,1.3720858563835319
UBFC_PHYS_s14_T1_ctrl,83,25,83.83333333333333,0.42698413133621216,1.1738554512679142
UBFC_PHYS_s14_T1_ctrl,83,26,83.86666666666666,0.8427948355674744,0.8569840108387836
UBFC_PHYS_s14_T1_ctrl,83,27,83.9,0.9959214925765991,0.45271664652514426
UBFC_PHYS_s14_T1_ctrl,83,28,83.93333333333334,0.9134860038757324,-0.0060862510902675564
UBFC_PHYS_s14_T1_ctrl,83,29,83.96666666666667,0.7426161170005798,-0.48200286823178007
UBFC_PHYS_s14_T1_ctrl,83,30,84.0,0.6332841515541077,-0.9299178344751907
UBFC_PHYS_s14_T1_ctrl,83,31,84.03333333333333,0.6147523522377014,-1.2971026840462618
UBFC_PHYS_s14_T1_ctrl,83,32,84.06666666666666,0.6281020045280457,-1.5283682258715388
UBFC_PHYS_s14_T1_ctrl,83,33,84.1,0.5960233807563782,-1.5760538752134876
UBFC_PHYS_s14_T1_ctrl,83,34,84.13333333333334,0.4596260190010071,-1.4127124901771553
UBFC_PHYS_s14_T1_ctrl,83,35,84.16666666666667,0.23518851399421692,-1.0427941491108168
UBFC_PHYS_s14_T1_ctrl,83,36,84.2,-0.022116152569651604,-0.5087035839310236
UBFC_PHYS_s14_T1_ctrl,83,37,84.23333333333333,-0.3171040117740631,0.11272695108466904
UBFC_PHYS_s14_T1_ctrl,83,38,84.26666666666667,-0.7016246914863586,0.7244043913097474
UBFC_PHYS_s14_T1_ctrl,83,39,84.3,-1.1396002769470215,1.2304211034817092
UBFC_PHYS_s14_T1_ctrl,83,40,84.33333333333333,-1.419858455657959,1.5575379585451679
UBFC_PHYS_s14_T1_ctrl,83,41,84.36666666666666,-1.2843059301376343,1.6688898717080503
UBFC_PHYS_s14_T1_ctrl,83,42,84.4,-0.6956821084022522,1.5658964191798497
UBFC_PHYS_s14_T1_ctrl,83,43,84.43333333333334,0.07000771164894104,1.2799417014563625
UBFC_PHYS_s14_T1_ctrl,83,44,84.46666666666667,0.6603777408599854,0.8592205016556118
UBFC_PHYS_s14_T1_ctrl,83,45,84.5,0.9205551147460938,0.35674003052816405
UBFC_PHYS_s14_T1_ctrl,83,46,84.53333333333333,0.9006151556968689,-0.17669859875779226
UBFC_PHYS_s14_T1_ctrl,83,47,84.56666666666666,0.7499386668205261,-0.6939342606624758
UBFC_PHYS_s14_T1_ctrl,83,48,84.6,0.5995720624923706,-1.1492660008629583
UBFC_PHYS_s14_T1_ctrl,83,49,84.63333333333334,0.508039653301239,-1.4959661357099003
UBFC_PHYS_s14_T1_ctrl,83,50,84.66666666666667,0.4519091248512268,-1.6869261274290004
UBFC_PHYS_s14_T1_ctrl,83,51,84.7,0.40921276807785034,-1.6808097302862006
UBFC_PHYS_s14_T1_ctrl,83,52,84.73333333333333,0.36733317375183105,-1.4538026331526042
UBFC_PHYS_s14_T1_ctrl,83,53,84.76666666666667,0.28033512830734253,-1.0136550716008625
UBFC_PHYS_s14_T1_ctrl,83,54,84.8,0.11737925559282303,-0.4093783756704564
UBFC_PHYS_s14_T1_ctrl,83,55,84.83333333333333,-0.10657945275306702,0.27063168524549086
UBFC_PHYS_s14_T1_ctrl,83,56,84.86666666666666,-0.38999199867248535,0.9152630511956513
UBFC_PHYS_s14_T1_ctrl,83,57,84.9,-0.7378433346748352,1.417984999611017
UBFC_PHYS_s14_T1_ctrl,83,58,84.93333333333334,-1.0898348093032837,1.7038588432618975
UBFC_PHYS_s14_T1_ctrl,83,59,84.96666666666667,-1.2596626281738281,1.7445729834059014
UBFC_PHYS_s14_T1_ctrl,83,60,85.0,-1.0320426225662231,1.5567721133644583
UBFC_PHYS_s14_T1_ctrl,83,61,85.03333333333333,-0.4331952929496765,1.1880569000124164
UBFC_PHYS_s14_T1_ctrl,83,62,85.06666666666666,0.2051377296447754,0.6995760067681139
UBFC_PHYS_s14_T1_ctrl,83,63,85.1,0.6274542212486267,0.15283806440026132
UBFC_PHYS_s14_T1_ctrl,83,64,85.13333333333334,0.7866643071174622,-0.3962039576594507
UBFC_PHYS_s14_T1_ctrl,83,65,85.16666666666667,0.7334065437316895,-0.8971876567470827
UBFC_PHYS_s14_T1_ctrl,83,66,85.2,0.5760834217071533,-1.3029825658881629
UBFC_PHYS_s14_T1_ctrl,83,67,85.23333333333333,0.46984946727752686,-1.568559934984081
UBFC_PHYS_s14_T1_ctrl,83,68,85.26666666666667,0.4860718548297882,-1.653996269629567
UBFC_PHYS_s14_T1_ctrl,83,69,85.3,0.5351050496101379,-1.5327275708292056
UBFC_PHYS_s14_T1_ctrl,83,70,85.33333333333333,0.49330994486808777,-1.203071157068942
UBFC_PHYS_s14_T1_ctrl,83,71,85.36666666666666,0.34913933277130127,-0.697802990353687
UBFC_PHYS_s14_T1_ctrl,83,72,85.4,0.17162278294563293,-0.08531191482335976
UBFC_PHYS_s14_T1_ctrl,83,73,85.43333333333334,-0.0228202473372221,0.5414449714357531
UBFC_PHYS_s14_T1_ctrl,83,74,85.46666666666667,-0.2968542277812958,1.0856822064066305
UBFC_PHYS_s14_T1_ctrl,83,75,85.5,-0.6818255186080933,1.4691349458434557
UBFC_PHYS_s14_T1_ctrl,83,76,85.53333333333333,-1.0892432928085327,1.6472046918989316
UBFC_PHYS_s14_T1_ctrl,83,77,85.56666666666666,-1.2891219854354858,1.6122452437122559
UBFC_PHYS_s14_T1_ctrl,83,78,85.6,-1.0632200241088867,1.3864221284164546
UBFC_PHYS_s14_T1_ctrl,83,79,85.63333333333334,-0.4698645770549774,1.009870912103616
UBFC_PHYS_s14_T1_ctrl,83,80,85.66666666666667,0.1757628619670868,0.5301806546842228
UBFC_PHYS_s14_T1_ctrl,83,81,85.7,0.6368327736854553,-0.0034214489218590237
UBFC_PHYS_s14_T1_ctrl,83,82,85.73333333333333,0.8714374303817749,-0.5410514316901045
UBFC_PHYS_s14_T1_ctrl,83,83,85.76666666666667,0.8694096207618713,-1.0306259489803682
UBFC_PHYS_s14_T1_ctrl,83,84,85.8,0.6604903936386108,-1.417220484422772
UBFC_PHYS_s14_T1_ctrl,83,85,85.83333333333333,0.4016367197036743,-1.6463997737157454
UBFC_PHYS_s14_T1_ctrl,83,86,85.86666666666666,0.24448257684707642,-1.672905908271062
UBFC_PHYS_s14_T1_ctrl,83,87,85.9,0.19958944618701935,-1.4733884337478766
UBFC_PHYS_s14_T1_ctrl,83,88,85.93333333333334,0.1673700362443924,-1.0589169704418873
UBFC_PHYS_s14_T1_ctrl,83,89,85.96666666666667,0.08521617203950882,-0.48119862078484915
UBFC_PHYS_s14_T1_ctrl,83,90,86.0,-0.030396316200494766,0.17277082686668194
UBFC_PHYS_s14_T1_ctrl,83,91,86.03333333333333,-0.1683427095413208,0.7985013994920693
UBFC_PHYS_s14_T1_ctrl,83,92,86.06666666666666,-0.3851759731769562,1.2985502990985565
UBFC_PHYS_s14_T1_ctrl,83,93,86.1,-0.7076798677444458,1.6040620742887395
UBFC_PHYS_s14_T1_ctrl,83,94,86.13333333333334,-1.043110966682434,1.6855081701083157
UBFC_PHYS_s14_T1_ctrl,83,95,86.16666666666667,-1.208488941192627,1.5507999565881618
UBFC_PHYS_s14_T1_ctrl,83,96,86.2,-1.055615782737732,1.234636763116696
UBFC_PHYS_s14_T1_ctrl,83,97,86.23333333333333,-0.5934192538261414,0.7855915351730282
UBFC_PHYS_s14_T1_ctrl,83,98,86.26666666666667,-0.0021761662792414427,0.2564477929455264
UBFC_PHYS_s14_T1_ctrl,83,99,86.3,0.49294382333755493,-0.2999228849888655
UBFC_PHYS_s14_T1_ctrl,83,100,86.33333333333333,0.7601621747016907,-0.8302304810471376
UBFC_PHYS_s14_T1_ctrl,83,101,86.36666666666666,0.7584723234176636,-1.2792264393772017
UBFC_PHYS_s14_T1_ctrl,83,102,86.4,0.5568193793296814,-1.590615218641971
UBFC_PHYS_s14_T1_ctrl,83,103,86.43333333333334,0.3274250328540802,-1.712923199908952
UBFC_PHYS_s14_T1_ctrl,83,104,86.46666666666667,0.19057703018188477,-1.6105715509148313
UBFC_PHYS_s14_T1_ctrl,83,105,86.5,0.1199984923005104,-1.2774551891857322
UBFC_PHYS_s14_T1_ctrl,83,106,86.53333333333333,0.04032304137945175,-0.7475677741492144
UBFC_PHYS_s14_T1_ctrl,83,107,86.56666666666666,-0.08556924015283585,-0.0962825717094543
UBFC_PHYS_s14_T1_ctrl,83,108,86.6,-0.2842086851596832,0.5717578096988198
UBFC_PHYS_s14_T1_ctrl,83,109,86.63333333333334,-0.5531731843948364,1.146436318519092
UBFC_PHYS_s14_T1_ctrl,83,110,86.66666666666667,-0.8841825723648071,1.5391434520826437
UBFC_PHYS_s14_T1_ctrl,83,111,86.7,-1.287122368812561,1.7017460691274582
UBFC_PHYS_s14_T1_ctrl,83,112,86.73333333333333,-1.6183289289474487,1.6307265004703324
UBFC_PHYS_s14_T1_ctrl,83,113,86.76666666666667,-1.5302324295043945,1.3577991660141866
UBFC_PHYS_s14_T1_ctrl,83,114,86.8,-0.9012498259544373,0.9344543078090525
UBFC_PHYS_s14_T1_ctrl,83,115,86.83333333333333,-0.08827296644449234,0.4187523010744071
UBFC_PHYS_s14_T1_ctrl,83,116,86.86666666666666,0.5275571346282959,-0.1313807644633533
UBFC_PHYS_s14_T1_ctrl,83,117,86.9,0.8774644732475281,-0.6593561741791397
UBFC_PHYS_s14_T1_ctrl,83,118,86.93333333333334,1.0107074975967407,-1.1093567033384057
UBFC_PHYS_s14_T1_ctrl,83,119,86.96666666666667,0.9239629507064819,-1.4276629784747847
UBFC_PHYS_s14_T1_ctrl,83,120,87.0,0.7253798246383667,-1.568030119164268
UBFC_PHYS_s14_T1_ctrl,83,121,87.03333333333333,0.6514216661453247,-1.501036286302185
UBFC_PHYS_s14_T1_ctrl,83,122,87.06666666666666,0.7485868334770203,-1.2247897361676872
UBFC_PHYS_s14_T1_ctrl,83,123,87.1,0.8494977951049805,-0.7723488396598651
UBFC_PHYS_s14_T1_ctrl,83,124,87.13333333333334,0.8565950989723206,-0.21084090111618412
UBFC_PHYS_s14_T1_ctrl,83,125,87.16666666666667,0.8440903425216675,0.37018349419880714
UBFC_PHYS_s14_T1_ctrl,83,126,87.2,0.8915745615959167,0.8785062281539354
UBFC_PHYS_s14_T1_ctrl,83,127,87.23333333333333,0.9820649027824402,1.2399047321554313
UBFC_PHYS_s14_T1_ctrl,83,128,87.26666666666667,0.8974889516830444,1.4118063670428411
UBFC_PHYS_s14_T1_ctrl,83,129,87.3,0.2507067918777466,1.3857396622955427
UBFC_PHYS_s14_T1_ctrl,83,130,87.33333333333333,-0.8340509533882141,1.1804050605432859
UBFC_PHYS_s14_T1_ctrl,83,131,87.36666666666666,-1.5139538049697876,0.8315042573168667
UBFC_PHYS_s14_T1_ctrl,83,132,87.4,-1.251044511795044,0.38425593028298527
UBFC_PHYS_s14_T1_ctrl,83,133,87.43333333333334,-0.4491923451423645,-0.10928408484811633
UBFC_PHYS_s14_T1_ctrl,83,134,87.46666666666667,0.3106112480163574,-0.5903431020529795
UBFC_PHYS_s14_T1_ctrl,83,135,87.5,0.8669030666351318,-0.9953564932647786
UBFC_PHYS_s14_T1_ctrl,83,136,87.53333333333333,1.151611089706421,-1.262822346819916
UBFC_PHYS_s14_T1_ctrl,83,137,87.56666666666666,1.149217128753662,-1.3449636722617442
UBFC_PHYS_s14_T1_ctrl,83,138,87.6,1.075512409210205,-1.220969355612618
UBFC_PHYS_s14_T1_ctrl,83,139,87.63333333333334,1.0957058668136597,-0.9066972657059872
UBFC_PHYS_s14_T1_ctrl,83,140,87.66666666666667,1.066021203994751,-0.4556501051609641
UBFC_PHYS_s14_T1_ctrl,83,141,87.7,0.8242348432540894,0.051407020817436436
UBFC_PHYS_s14_T1_ctrl,83,142,87.73333333333333,0.48604369163513184,0.525935266794492
UBFC_PHYS_s14_T1_ctrl,83,143,87.76666666666667,0.22752796113491058,0.893228967298517
UBFC_PHYS_s14_T1_ctrl,83,144,87.8,-0.022454118356108665,1.1075807986071362
UBFC_PHYS_s14_T1_ctrl,83,145,87.83333333333333,-0.4034261405467987,1.1556612405130313
UBFC_PHYS_s14_T1_ctrl,83,146,87.86666666666666,-0.7936640381813049,1.0494583554098689
UBFC_PHYS_s14_T1_ctrl,83,147,87.9,-0.8908573985099792,0.815510935013585
UBFC_PHYS_s14_T1_ctrl,83,148,87.93333333333334,-0.5754225850105286,0.48730823348556873
UBFC_PHYS_s14_T1_ctrl,83,149,87.96666666666667,-0.04898443818092346,0.10350369780071798
UBFC_PHYS_s14_T1_ctrl,83,150,88.0,0.41318386793136597,-0.2904256111570964
UBFC_PHYS_s14_T1_ctrl,83,151,88.03333333333333,0.7065945863723755,-0.6420538079401128
UBFC_PHYS_s14_T1_ctrl,83,152,88.06666666666666,0.810040295124054,-0.8972588708435291
UBFC_PHYS_s14_T1_ctrl,83,153,88.1,0.6522946953773499,-1.011063351789229
UBFC_PHYS_s14_T1_ctrl,83,154,88.13333333333334,0.27070310711860657,-0.9605339625400608
UBFC_PHYS_s14_T1_ctrl,83,155,88.16666666666667,-0.16192136704921722,-0.7541130455701166
UBFC_PHYS_s14_T1_ctrl,83,156,88.2,-0.5369226336479187,-0.4322701518005145
UBFC_PHYS_s14_T1_ctrl,83,157,88.23333333333333,-0.8588914275169373,-0.0577789881874568
UBFC_PHYS_s14_T1_ctrl,83,158,88.26666666666667,-1.1467820405960083,0.3009937408945072
UBFC_PHYS_s14_T1_ctrl,83,159,88.3,-1.4341374635696411,0.5867767036284598
UBFC_PHYS_s14_T1_ctrl,83,160,88.33333333333333,-1.7866922616958618,0.7634547733134937
UBFC_PHYS_s14_T1_ctrl,83,161,88.36666666666666,-2.2179648876190186,0.8170522092913766
UBFC_PHYS_s14_T1_ctrl,83,162,88.4,-2.574180841445923,0.7504660192595992
UBFC_PHYS_s14_T1_ctrl,83,163,88.43333333333334,-2.552522897720337,0.5775458355641875
UBFC_PHYS_s14_T1_ctrl,83,164,88.46666666666667,-1.9468035697937012,0.3205175732643149
UBFC_PHYS_s14_T1_ctrl,83,165,88.5,-0.8689740896224976,0.010808781659783231
UBFC_PHYS_s14_T1_ctrl,83,166,88.53333333333333,0.27211129665374756,-0.3096936443533941
UBFC_PHYS_s14_T1_ctrl,83,167,88.56666666666666,1.0359141826629639,-0.5906109112174485
UBFC_PHYS_s14_T1_ctrl,83,168,88.6,1.2756727933883667,-0.7804023135854943
UBFC_PHYS_s14_T1_ctrl,83,169,88.63333333333334,1.162397861480713,-0.8383145340023753
UBFC_PHYS_s14_T1_ctrl,83,170,88.66666666666667,0.9337921142578125,-0.7472277013874216
UBFC_PHYS_s14_T1_ctrl,83,171,88.7,0.7054398655891418,-0.5218981699705382
UBFC_PHYS_s14_T1_ctrl,83,172,88.73333333333333,0.5013084411621094,-0.2076756202576196
UBFC_PHYS_s14_T1_ctrl,83,173,88.76666666666667,0.30449968576431274,0.13154027483187355
UBFC_PHYS_s14_T1_ctrl,83,174,88.8,0.05722133442759514,0.431673872821468
UBFC_PHYS_s14_T1_ctrl,83,175,88.83333333333333,-0.3147100806236267,0.6449602545052404
UBFC_PHYS_s14_T1_ctrl,83,176,88.86666666666666,-0.8130970597267151,0.7475882353259012
UBFC_PHYS_s14_T1_ctrl,83,177,88.9,-1.335789442062378,0.7370946046615048
UBFC_PHYS_s14_T1_ctrl,83,178,88.93333333333334,-1.774863362312317,0.624273765358619
UBFC_PHYS_s14_T1_ctrl,83,179,88.96666666666667,-2.0410959720611572,0.4266612386492276
UBFC_PHYS_s14_T1_ctrl,83,180,89.0,-1.9698978662490845,0.16731626341652123
UBFC_PHYS_s14_T1_ctrl,83,181,89.03333333333333,-1.3480125665664673,-0.12281595948440183
UBFC_PHYS_s14_T1_ctrl,83,182,89.06666666666666,-0.22835981845855713,-0.4035962830443056
UBFC_PHYS_s14_T1_ctrl,83,183,89.1,1.003272294998169,-0.6291938107032778
UBFC_PHYS_s14_T1_ctrl,83,184,89.13333333333334,1.8632264137268066,-0.7568903911868631
UBFC_PHYS_s14_T1_ctrl,83,185,89.16666666666667,2.1317403316497803,-0.7583900423503929
UBFC_PHYS_s14_T1_ctrl,83,186,89.2,1.9301435947418213,-0.6293125789237171
UBFC_PHYS_s14_T1_ctrl,83,187,89.23333333333333,1.5655348300933838,-0.39279925383230235
UBFC_PHYS_s14_T1_ctrl,83,188,89.26666666666667,1.340055227279663,-0.09470275651753571
UBFC_PHYS_s14_T1_ctrl,83,189,89.3,1.3391258716583252,0.20892743820025217
UBFC_PHYS_s14_T1_ctrl,83,190,89.33333333333333,1.3810335397720337,0.4670973021571846
UBFC_PHYS_s14_T1_ctrl,83,191,89.36666666666666,1.2379332780838013,0.6449340078505583
UBFC_PHYS_s14_T1_ctrl,83,192,89.4,0.8435834050178528,0.7263397215436702
UBFC_PHYS_s14_T1_ctrl,83,193,89.43333333333334,0.2931496798992157,0.7094062253316188
UBFC_PHYS_s14_T1_ctrl,83,194,89.46666666666667,-0.2034066766500473,0.5999386760463622
UBFC_PHYS_s14_T1_ctrl,83,195,89.5,-0.3886401355266571,0.40858930080002054
UBFC_PHYS_s14_T1_ctrl,83,196,89.53333333333333,-0.19329586625099182,0.15316593728915678
UBFC_PHYS_s14_T1_ctrl,83,197,89.56666666666666,0.09479187428951263,-0.13707404199137846
UBFC_PHYS_s14_T1_ctrl,83,198,89.6,0.224514439702034,-0.4202872478154817
UBFC_PHYS_s14_T1_ctrl,83,199,89.63333333333334,0.213924840092659,-0.6474707282091938
UBFC_PHYS_s14_T1_ctrl,83,200,89.66666666666667,0.14365610480308533,-0.7738583719965313
UBFC_PHYS_s14_T1_ctrl,83,201,89.7,0.025706017389893532,-0.7719457026418021
UBFC_PHYS_s14_T1_ctrl,83,202,89.73333333333333,-0.08773785829544067,-0.6404560461286963
UBFC_PHYS_s14_T1_ctrl,83,203,89.76666666666667,-0.13502490520477295,-0.4051339516838332
UBFC_PHYS_s14_T1_ctrl,83,204,89.8,-0.14015072584152222,-0.11084487295480819
UBFC_PHYS_s14_T1_ctrl,83,205,89.83333333333333,-0.15093746781349182,0.19159244884622015
UBFC_PHYS_s14_T1_ctrl,83,206,89.86666666666666,-0.1818331778049469,0.45801625194562096
UBFC_PHYS_s14_T1_ctrl,83,207,89.9,-0.2418784499168396,0.6578248880950572
UBFC_PHYS_s14_T1_ctrl,83,208,89.93333333333334,-0.3658837676048279,0.7737086774635414
UBFC_PHYS_s14_T1_ctrl,83,209,89.96666666666667,-0.5252628326416016,0.7970838674074835
UBFC_PHYS_s14_T1_ctrl,83,210,90.0,-0.5301633477210999,0.7242565801799904
UBFC_PHYS_s14_T1_ctrl,83,211,90.03333333333333,-0.2223890870809555,0.5570022129156954
UBFC_PHYS_s14_T1_ctrl,83,212,90.06666666666666,0.2648731768131256,0.3072729149795779
UBFC_PHYS_s14_T1_ctrl,83,213,90.1,0.7176911234855652,0.0020747714187382637
UBFC_PHYS_s14_T1_ctrl,83,214,90.13333333333334,0.9550557732582092,-0.3161843803020711
UBFC_PHYS_s14_T1_ctrl,83,215,90.16666666666667,0.7979016900062561,-0.5963023292860686
UBFC_PHYS_s14_T1_ctrl,83,216,90.2,0.27799752354621887,-0.7905852863650158
UBFC_PHYS_s14_T1_ctrl,83,217,90.23333333333333,-0.26770466566085815,-0.8683530490401669
UBFC_PHYS_s14_T1_ctrl,83,218,90.26666666666667,-0.5366973280906677,-0.8248748828716981
UBFC_PHYS_s14_T1_ctrl,83,219,90.3,-0.5116596817970276,-0.6812928938173505
UBFC_PHYS_s14_T1_ctrl,83,220,90.33333333333333,-0.3390718102455139,-0.47479810500528363
UBFC_PHYS_s14_T1_ctrl,83,221,90.36666666666666,-0.20898310840129852,-0.24344653575368258
UBFC_PHYS_s14_T1_ctrl,83,222,90.4,-0.26849326491355896,-0.014037538896744145
UBFC_PHYS_s14_T1_ctrl,83,223,90.43333333333334,-0.47952479124069214,0.1997413291197658
UBFC_PHYS_s14_T1_ctrl,83,224,90.46666666666667,-0.6843039393424988,0.3891234806551762
UBFC_PHYS_s14_T1_ctrl,83,225,90.5,-0.7654720544815063,0.5398659477208521
UBFC_PHYS_s14_T1_ctrl,83,226,90.53333333333333,-0.6412977576255798,0.6287543861903462
UBFC_PHYS_s14_T1_ctrl,83,227,90.56666666666666,-0.30488091707229614,0.6306626106665156
UBFC_PHYS_s14_T1_ctrl,83,228,90.6,0.1183086633682251,0.5319509236243176
UBFC_PHYS_s14_T1_ctrl,83,229,90.63333333333334,0.4826640188694,0.3414859369582533
UBFC_PHYS_s14_T1_ctrl,83,230,90.66666666666667,0.7191838026046753,0.09252442840073068
UBFC_PHYS_s14_T1_ctrl,83,231,90.7,0.7903537750244141,-0.16555211081110804
UBFC_PHYS_s14_T1_ctrl,83,232,90.73333333333333,0.754275918006897,-0.3817294343588505
UBFC_PHYS_s14_T1_ctrl,83,233,90.76666666666667,0.746052086353302,-0.5180836690228438
UBFC_PHYS_s14_T1_ctrl,83,234,90.8,0.7324771285057068,-0.5593886513857071
UBFC_PHYS_s14_T1_ctrl,83,235,90.83333333333333,0.5883628129959106,-0.5144782135286662
UBFC_PHYS_s14_T1_ctrl,83,236,90.86666666666666,0.37034669518470764,-0.4090064610793317
UBFC_PHYS_s14_T1_ctrl,83,237,90.9,0.19097131490707397,-0.2725833171790039
UBFC_PHYS_s14_T1_ctrl,83,238,90.93333333333334,0.013173116371035576,-0.1264669908617364
UBFC_PHYS_s14_T1_ctrl,83,239,90.96666666666667,-0.22990882396697998,0.021731801754162717
UBFC_PHYS_s14_T1_ctrl,84,0,84.0,0.6332841515541077,0.13153982119121568
UBFC_PHYS_s14_T1_ctrl,84,1,84.03333333333333,0.6147523522377014,-0.003885720767663761
UBFC_PHYS_s14_T1_ctrl,84,2,84.06666666666666,0.6281020045280457,-0.07475673503090323
UBFC_PHYS_s14_T1_ctrl,84,3,84.1,0.5960233807563782,-0.033224043143753657
UBFC_PHYS_s14_T1_ctrl,84,4,84.13333333333334,0.4596260190010071,0.13501424644579618
UBFC_PHYS_s14_T1_ctrl,84,5,84.16666666666667,0.23518851399421692,0.4064539954562226
UBFC_PHYS_s14_T1_ctrl,84,6,84.2,-0.022116152569651604,0.7270569580232134
UBFC_PHYS_s14_T1_ctrl,84,7,84.23333333333333,-0.3171040117740631,1.0290222541997232
UBFC_PHYS_s14_T1_ctrl,84,8,84.26666666666667,-0.7016246914863586,1.2508192427072362
UBFC_PHYS_s14_T1_ctrl,84,9,84.3,-1.1396002769470215,1.3526793025932096
UBFC_PHYS_s14_T1_ctrl,84,10,84.33333333333333,-1.419858455657959,1.3224642775252222
UBFC_PHYS_s14_T1_ctrl,84,11,84.36666666666666,-1.2843059301376343,1.1717551341433374
UBFC_PHYS_s14_T1_ctrl,84,12,84.4,-0.6956821084022522,0.925913225148469
UBFC_PHYS_s14_T1_ctrl,84,13,84.43333333333334,0.07000771164894104,0.6133228444642853
UBFC_PHYS_s14_T1_ctrl,84,14,84.46666666666667,0.6603777408599854,0.2581780251684681
UBFC_PHYS_s14_T1_ctrl,84,15,84.5,0.9205551147460938,-0.12100773402401326
UBFC_PHYS_s14_T1_ctrl,84,16,84.53333333333333,0.9006151556968689,-0.5074810848475027
UBFC_PHYS_s14_T1_ctrl,84,17,84.56666666666666,0.7499386668205261,-0.8795499626788001
UBFC_PHYS_s14_T1_ctrl,84,18,84.6,0.5995720624923706,-1.2053660789245566
UBFC_PHYS_s14_T1_ctrl,84,19,84.63333333333334,0.508039653301239,-1.443263119434184
UBFC_PHYS_s14_T1_ctrl,84,20,84.66666666666667,0.4519091248512268,-1.5492355497230037
UBFC_PHYS_s14_T1_ctrl,84,21,84.7,0.40921276807785034,-1.4895900808186466
UBFC_PHYS_s14_T1_ctrl,84,22,84.73333333333333,0.36733317375183105,-1.2540450164086774
UBFC_PHYS_s14_T1_ctrl,84,23,84.76666666666667,0.28033512830734253,-0.8637450202872424
UBFC_PHYS_s14_T1_ctrl,84,24,84.8,0.11737925559282303,-0.3701648764559418
UBFC_PHYS_s14_T1_ctrl,84,25,84.83333333333333,-0.10657945275306702,0.155616704348297
UBFC_PHYS_s14_T1_ctrl,84,26,84.86666666666666,-0.38999199867248535,0.6395707268904034
UBFC_PHYS_s14_T1_ctrl,84,27,84.9,-0.7378433346748352,1.0209301555820658
UBFC_PHYS_s14_T1_ctrl,84,28,84.93333333333334,-1.0898348093032837,1.2621297401802152
UBFC_PHYS_s14_T1_ctrl,84,29,84.96666666666667,-1.2596626281738281,1.34996168149104
UBFC_PHYS_s14_T1_ctrl,84,30,85.0,-1.0320426225662231,1.2896783810463057
UBFC_PHYS_s14_T1_ctrl,84,31,85.03333333333333,-0.4331952929496765,1.0967291380437287
UBFC_PHYS_s14_T1_ctrl,84,32,85.06666666666666,0.2051377296447754,0.7910165593386758
UBFC_PHYS_s14_T1_ctrl,84,33,85.1,0.6274542212486267,0.39611368688549314
UBFC_PHYS_s14_T1_ctrl,84,34,85.13333333333334,0.7866643071174622,-0.05768406006929032
UBFC_PHYS_s14_T1_ctrl,84,35,85.16666666666667,0.7334065437316895,-0.5299832370428323
UBFC_PHYS_s14_T1_ctrl,84,36,85.2,0.5760834217071533,-0.9699372925017
UBFC_PHYS_s14_T1_ctrl,84,37,85.23333333333333,0.46984946727752686,-1.3204476486056342
UBFC_PHYS_s14_T1_ctrl,84,38,85.26666666666667,0.4860718548297882,-1.5266095650405425
UBFC_PHYS_s14_T1_ctrl,84,39,85.3,0.5351050496101379,-1.5467312462055045
UBFC_PHYS_s14_T1_ctrl,84,40,85.33333333333333,0.49330994486808777,-1.3632786782501178
UBFC_PHYS_s14_T1_ctrl,84,41,85.36666666666666,0.34913933277130127,-0.9905063218022602
UBFC_PHYS_s14_T1_ctrl,84,42,85.4,0.17162278294563293,-0.47562278534996705
UBFC_PHYS_s14_T1_ctrl,84,43,85.43333333333334,-0.0228202473372221,0.10830869875189708
UBFC_PHYS_s14_T1_ctrl,84,44,85.46666666666667,-0.2968542277812958,0.6767804916747134
UBFC_PHYS_s14_T1_ctrl,84,45,85.5,-0.6818255186080933,1.1513775478963222
UBFC_PHYS_s14_T1_ctrl,84,46,85.53333333333333,-1.0892432928085327,1.47428603007416
UBFC_PHYS_s14_T1_ctrl,84,47,85.56666666666666,-1.2891219854354858,1.614790513646908
UBFC_PHYS_s14_T1_ctrl,84,48,85.6,-1.0632200241088867,1.5671727971510567
UBFC_PHYS_s14_T1_ctrl,84,49,85.63333333333334,-0.4698645770549774,1.343965524464364
UBFC_PHYS_s14_T1_ctrl,84,50,85.66666666666667,0.1757628619670868,0.9699233861819606
UBFC_PHYS_s14_T1_ctrl,84,51,85.7,0.6368327736854553,0.47993232719969886
UBFC_PHYS_s14_T1_ctrl,84,52,85.73333333333333,0.8714374303817749,-0.07974810438095217
UBFC_PHYS_s14_T1_ctrl,84,53,85.76666666666667,0.8694096207618713,-0.6502510643334302
UBFC_PHYS_s14_T1_ctrl,84,54,85.8,0.6604903936386108,-1.16221186843742
UBFC_PHYS_s14_T1_ctrl,84,55,85.83333333333333,0.4016367197036743,-1.5428034166184186
UBFC_PHYS_s14_T1_ctrl,84,56,85.86666666666666,0.24448257684707642,-1.7274545192148025
UBFC_PHYS_s14_T1_ctrl,84,57,85.9,0.19958944618701935,-1.674300243858457
UBFC_PHYS_s14_T1_ctrl,84,58,85.93333333333334,0.1673700362443924,-1.3775845947448955
UBFC_PHYS_s14_T1_ctrl,84,59,85.96666666666667,0.08521617203950882,-0.87487445259091
UBFC_PHYS_s14_T1_ctrl,84,60,86.0,-0.030396316200494766,-0.24332797089567754
UBFC_PHYS_s14_T1_ctrl,84,61,86.03333333333333,-0.1683427095413208,0.41621291919325565
UBFC_PHYS_s14_T1_ctrl,84,62,86.06666666666666,-0.3851759731769562,1.0025522297159384
UBFC_PHYS_s14_T1_ctrl,84,63,86.1,-0.7076798677444458,1.4359039356805279
UBFC_PHYS_s14_T1_ctrl,84,64,86.13333333333334,-1.043110966682434,1.6702085406339962
UBFC_PHYS_s14_T1_ctrl,84,65,86.16666666666667,-1.208488941192627,1.693523614668726
UBFC_PHYS_s14_T1_ctrl,84,66,86.2,-1.055615782737732,1.5199678153021607
UBFC_PHYS_s14_T1_ctrl,84,67,86.23333333333333,-0.5934192538261414,1.1796536270729137
UBFC_PHYS_s14_T1_ctrl,84,68,86.26666666666667,-0.0021761662792414427,0.7116715211205958
UBFC_PHYS_s14_T1_ctrl,84,69,86.3,0.49294382333755493,0.16157929752248826
UBFC_PHYS_s14_T1_ctrl,84,70,86.33333333333333,0.7601621747016907,-0.41808527622809816
UBFC_PHYS_s14_T1_ctrl,84,71,86.36666666666666,0.7584723234176636,-0.9670649661973738
UBFC_PHYS_s14_T1_ctrl,84,72,86.4,0.5568193793296814,-1.4192306640743177
UBFC_PHYS_s14_T1_ctrl,84,73,86.43333333333334,0.3274250328540802,-1.7089541180558692
UBFC_PHYS_s14_T1_ctrl,84,74,86.46666666666667,0.19057703018188477,-1.782383745617462
UBFC_PHYS_s14_T1_ctrl,84,75,86.5,0.1199984923005104,-1.6117033756996
UBFC_PHYS_s14_T1_ctrl,84,76,86.53333333333333,0.04032304137945175,-1.2078428422737448
UBFC_PHYS_s14_T1_ctrl,84,77,86.56666666666666,-0.08556924015283585,-0.6256524870240318
UBFC_PHYS_s14_T1_ctrl,84,78,86.6,-0.2842086851596832,0.043162326116323015
UBFC_PHYS_s14_T1_ctrl,84,79,86.63333333333334,-0.5531731843948364,0.6894458552496444
UBFC_PHYS_s14_T1_ctrl,84,80,86.66666666666667,-0.8841825723648071,1.2121722312543406
UBFC_PHYS_s14_T1_ctrl,84,81,86.7,-1.287122368812561,1.5404314401474797
UBFC_PHYS_s14_T1_ctrl,84,82,86.73333333333333,-1.6183289289474487,1.6441401017102664
UBFC_PHYS_s14_T1_ctrl,84,83,86.76666666666667,-1.5302324295043945,1.5317870525335229
UBFC_PHYS_s14_T1_ctrl,84,84,86.8,-0.9012498259544373,1.2393323633296907
UBFC_PHYS_s14_T1_ctrl,84,85,86.83333333333333,-0.08827296644449234,0.8169439071997102
UBFC_PHYS_s14_T1_ctrl,84,86,86.86666666666666,0.5275571346282959,0.31885205818788087
UBFC_PHYS_s14_T1_ctrl,84,87,86.9,0.8774644732475281,-0.20173562271182713
UBFC_PHYS_s14_T1_ctrl,84,88,86.93333333333334,1.0107074975967407,-0.6935113920525079
UBFC_PHYS_s14_T1_ctrl,84,89,86.96666666666667,0.9239629507064819,-1.1062342101645002
UBFC_PHYS_s14_T1_ctrl,84,90,87.0,0.7253798246383667,-1.3913732553156737
UBFC_PHYS_s14_T1_ctrl,84,91,87.03333333333333,0.6514216661453247,-1.5067378841744756
UBFC_PHYS_s14_T1_ctrl,84,92,87.06666666666666,0.7485868334770203,-1.4253770298813455
UBFC_PHYS_s14_T1_ctrl,84,93,87.1,0.8494977951049805,-1.1461469755095965
UBFC_PHYS_s14_T1_ctrl,84,94,87.13333333333334,0.8565950989723206,-0.7012344234400326
UBFC_PHYS_s14_T1_ctrl,84,95,87.16666666666667,0.8440903425216675,-0.15578954547559046
UBFC_PHYS_s14_T1_ctrl,84,96,87.2,0.8915745615959167,0.40278363730851097
UBFC_PHYS_s14_T1_ctrl,84,97,87.23333333333333,0.9820649027824402,0.883848181708266
UBFC_PHYS_s14_T1_ctrl,84,98,87.26666666666667,0.8974889516830444,1.2142188908073475
UBFC_PHYS_s14_T1_ctrl,84,99,87.3,0.2507067918777466,1.3525625937985368
UBFC_PHYS_s14_T1_ctrl,84,100,87.33333333333333,-0.8340509533882141,1.2931995466460933
UBFC_PHYS_s14_T1_ctrl,84,101,87.36666666666666,-1.5139538049697876,1.060624937652573
UBFC_PHYS_s14_T1_ctrl,84,102,87.4,-1.251044511795044,0.6996080696807238
UBFC_PHYS_s14_T1_ctrl,84,103,87.43333333333334,-0.4491923451423645,0.2656943442575594
UBFC_PHYS_s14_T1_ctrl,84,104,87.46666666666667,0.3106112480163574,-0.18168209599348845
UBFC_PHYS_s14_T1_ctrl,84,105,87.5,0.8669030666351318,-0.5840929233422782
UBFC_PHYS_s14_T1_ctrl,84,106,87.53333333333333,1.151611089706421,-0.8887496770521505
UBFC_PHYS_s14_T1_ctrl,84,107,87.56666666666666,1.149217128753662,-1.0541207095753873
UBFC_PHYS_s14_T1_ctrl,84,108,87.6,1.075512409210205,-1.0566278708167582
UBFC_PHYS_s14_T1_ctrl,84,109,87.63333333333334,1.0957058668136597,-0.8970348986636821
UBFC_PHYS_s14_T1_ctrl,84,110,87.66666666666667,1.066021203994751,-0.6036973837270395
UBFC_PHYS_s14_T1_ctrl,84,111,87.7,0.8242348432540894,-0.22957585040223705
UBFC_PHYS_s14_T1_ctrl,84,112,87.73333333333333,0.48604369163513184,0.1582583801594763
UBFC_PHYS_s14_T1_ctrl,84,113,87.76666666666667,0.22752796113491058,0.4942383430757689
UBFC_PHYS_s14_T1_ctrl,84,114,87.8,-0.022454118356108665,0.7290763012237523
UBFC_PHYS_s14_T1_ctrl,84,115,87.83333333333333,-0.4034261405467987,0.8375681244854141
UBFC_PHYS_s14_T1_ctrl,84,116,87.86666666666666,-0.7936640381813049,0.8176953079753262
UBFC_PHYS_s14_T1_ctrl,84,117,87.9,-0.8908573985099792,0.6844432502530123
UBFC_PHYS_s14_T1_ctrl,84,118,87.93333333333334,-0.5754225850105286,0.4633571183961432
UBFC_PHYS_s14_T1_ctrl,84,119,87.96666666666667,-0.04898443818092346,0.18678753741773313
UBFC_PHYS_s14_T1_ctrl,84,120,88.0,0.41318386793136597,-0.10752430382060475
UBFC_PHYS_s14_T1_ctrl,84,121,88.03333333333333,0.7065945863723755,-0.3779795171368571
UBFC_PHYS_s14_T1_ctrl,84,122,88.06666666666666,0.810040295124054,-0.5829876640545266
UBFC_PHYS_s14_T1_ctrl,84,123,88.1,0.6522946953773499,-0.6876265009826521
UBFC_PHYS_s14_T1_ctrl,84,124,88.13333333333334,0.27070310711860657,-0.6717575859121817
UBFC_PHYS_s14_T1_ctrl,84,125,88.16666666666667,-0.16192136704921722,-0.5369945968141696
UBFC_PHYS_s14_T1_ctrl,84,126,88.2,-0.5369226336479187,-0.3094018922610763
UBFC_PHYS_s14_T1_ctrl,84,127,88.23333333333333,-0.8588914275169373,-0.03553991248515966
UBFC_PHYS_s14_T1_ctrl,84,128,88.26666666666667,-1.1467820405960083,0.22826816902824648
UBFC_PHYS_s14_T1_ctrl,84,129,88.3,-1.4341374635696411,0.4303509190543579
UBFC_PHYS_s14_T1_ctrl,84,130,88.33333333333333,-1.7866922616958618,0.5361319742166344
UBFC_PHYS_s14_T1_ctrl,84,131,88.36666666666666,-2.2179648876190186,0.5335710106569181
UBFC_PHYS_s14_T1_ctrl,84,132,88.4,-2.574180841445923,0.4308839874650432
UBFC_PHYS_s14_T1_ctrl,84,133,88.43333333333334,-2.552522897720337,0.2501899231579444
UBFC_PHYS_s14_T1_ctrl,84,134,88.46666666666667,-1.9468035697937012,0.02151300207541288
UBFC_PHYS_s14_T1_ctrl,84,135,88.5,-0.8689740896224976,-0.22072286547857764
UBFC_PHYS_s14_T1_ctrl,84,136,88.53333333333333,0.27211129665374756,-0.43937572647909395
UBFC_PHYS_s14_T1_ctrl,84,137,88.56666666666666,1.0359141826629639,-0.5966735473119803
UBFC_PHYS_s14_T1_ctrl,84,138,88.6,1.2756727933883667,-0.6586726886631924
UBFC_PHYS_s14_T1_ctrl,84,139,88.63333333333334,1.162397861480713,-0.602433093673251
UBFC_PHYS_s14_T1_ctrl,84,140,88.66666666666667,0.9337921142578125,-0.424246192005876
UBFC_PHYS_s14_T1_ctrl,84,141,88.7,0.7054398655891418,-0.14561079422559686
UBFC_PHYS_s14_T1_ctrl,84,142,88.73333333333333,0.5013084411621094,0.18684148563605654
UBFC_PHYS_s14_T1_ctrl,84,143,88.76666666666667,0.30449968576431274,0.509664631852259
UBFC_PHYS_s14_T1_ctrl,84,144,88.8,0.05722133442759514,0.757714874478318
UBFC_PHYS_s14_T1_ctrl,84,145,88.83333333333333,-0.3147100806236267,0.880914755185707
UBFC_PHYS_s14_T1_ctrl,84,146,88.86666666666666,-0.8130970597267151,0.8561803326807444
UBFC_PHYS_s14_T1_ctrl,84,147,88.9,-1.335789442062378,0.690290833462815
UBFC_PHYS_s14_T1_ctrl,84,148,88.93333333333334,-1.774863362312317,0.4142958158227213
UBFC_PHYS_s14_T1_ctrl,84,149,88.96666666666667,-2.0410959720611572,0.07385114606332849
UBFC_PHYS_s14_T1_ctrl,84,150,89.0,-1.9698978662490845,-0.2800290457715224
UBFC_PHYS_s14_T1_ctrl,84,151,89.03333333333333,-1.3480125665664673,-0.5976599754684053
UBFC_PHYS_s14_T1_ctrl,84,152,89.06666666666666,-0.22835981845855713,-0.8348761441806265
UBFC_PHYS_s14_T1_ctrl,84,153,89.1,1.003272294998169,-0.9560249959383279
UBFC_PHYS_s14_T1_ctrl,84,154,89.13333333333334,1.8632264137268066,-0.9374071202011217
UBFC_PHYS_s14_T1_ctrl,84,155,89.16666666666667,2.1317403316497803,-0.7720074541871068
UBFC_PHYS_s14_T1_ctrl,84,156,89.2,1.9301435947418213,-0.4745233206078944
UBFC_PHYS_s14_T1_ctrl,84,157,89.23333333333333,1.5655348300933838,-0.08385531379005666
UBFC_PHYS_s14_T1_ctrl,84,158,89.26666666666667,1.340055227279663,0.34019302393159656
UBFC_PHYS_s14_T1_ctrl,84,159,89.3,1.3391258716583252,0.7272240246722552
UBFC_PHYS_s14_T1_ctrl,84,160,89.33333333333333,1.3810335397720337,1.0109266422650143
UBFC_PHYS_s14_T1_ctrl,84,161,89.36666666666666,1.2379332780838013,1.1428091754170817
UBFC_PHYS_s14_T1_ctrl,84,162,89.4,0.8435834050178528,1.1004937653112206
UBFC_PHYS_s14_T1_ctrl,84,163,89.43333333333334,0.2931496798992157,0.8893367526668269
UBFC_PHYS_s14_T1_ctrl,84,164,89.46666666666667,-0.2034066766500473,0.5391469241405449
UBFC_PHYS_s14_T1_ctrl,84,165,89.5,-0.3886401355266571,0.09869661381939265
UBFC_PHYS_s14_T1_ctrl,84,166,89.53333333333333,-0.19329586625099182,-0.370533462420019
UBFC_PHYS_s14_T1_ctrl,84,167,89.56666666666666,0.09479187428951263,-0.8015013369154042
UBFC_PHYS_s14_T1_ctrl,84,168,89.6,0.224514439702034,-1.1299459041252042
UBFC_PHYS_s14_T1_ctrl,84,169,89.63333333333334,0.213924840092659,-1.3034691538778487
UBFC_PHYS_s14_T1_ctrl,84,170,89.66666666666667,0.14365610480308533,-1.2903088205768443
UBFC_PHYS_s14_T1_ctrl,84,171,89.7,0.025706017389893532,-1.0863039803095151
UBFC_PHYS_s14_T1_ctrl,84,172,89.73333333333333,-0.08773785829544067,-0.7180385286292148
UBFC_PHYS_s14_T1_ctrl,84,173,89.76666666666667,-0.13502490520477295,-0.2401389350710343
UBFC_PHYS_s14_T1_ctrl,84,174,89.8,-0.14015072584152222,0.2740606645688979
UBFC_PHYS_s14_T1_ctrl,84,175,89.83333333333333,-0.15093746781349182,0.7466828584441517
UBFC_PHYS_s14_T1_ctrl,84,176,89.86666666666666,-0.1818331778049469,1.1097280382977766
UBFC_PHYS_s14_T1_ctrl,84,177,89.9,-0.2418784499168396,1.3148027289686905
UBFC_PHYS_s14_T1_ctrl,84,178,89.93333333333334,-0.3658837676048279,1.3363610190895787
UBFC_PHYS_s14_T1_ctrl,84,179,89.96666666666667,-0.5252628326416016,1.1707150415039567
UBFC_PHYS_s14_T1_ctrl,84,180,90.0,-0.5301633477210999,0.8346170902841142
UBFC_PHYS_s14_T1_ctrl,84,181,90.03333333333333,-0.2223890870809555,0.36541462247089157
UBFC_PHYS_s14_T1_ctrl,84,182,90.06666666666666,0.2648731768131256,-0.17871923881962987
UBFC_PHYS_s14_T1_ctrl,84,183,90.1,0.7176911234855652,-0.722047978085883
UBFC_PHYS_s14_T1_ctrl,84,184,90.13333333333334,0.9550557732582092,-1.1803505210961645
UBFC_PHYS_s14_T1_ctrl,84,185,90.16666666666667,0.7979016900062561,-1.4751389946866371
UBFC_PHYS_s14_T1_ctrl,84,186,90.2,0.27799752354621887,-1.549999939100388
UBFC_PHYS_s14_T1_ctrl,84,187,90.23333333333333,-0.26770466566085815,-1.3847992269052276
UBFC_PHYS_s14_T1_ctrl,84,188,90.26666666666667,-0.5366973280906677,-1.0030786974072998
UBFC_PHYS_s14_T1_ctrl,84,189,90.3,-0.5116596817970276,-0.4689745243527608
UBFC_PHYS_s14_T1_ctrl,84,190,90.33333333333333,-0.3390718102455139,0.12703847407491126
UBFC_PHYS_s14_T1_ctrl,84,191,90.36666666666666,-0.20898310840129852,0.689816956949884
UBFC_PHYS_s14_T1_ctrl,84,192,90.4,-0.26849326491355896,1.1408678848529845
UBFC_PHYS_s14_T1_ctrl,84,193,90.43333333333334,-0.47952479124069214,1.4311457165983528
UBFC_PHYS_s14_T1_ctrl,84,194,90.46666666666667,-0.6843039393424988,1.5417355751974517
UBFC_PHYS_s14_T1_ctrl,84,195,90.5,-0.7654720544815063,1.4755363044298127
UBFC_PHYS_s14_T1_ctrl,84,196,90.53333333333333,-0.6412977576255798,1.2474586022714989
UBFC_PHYS_s14_T1_ctrl,84,197,90.56666666666666,-0.30488091707229614,0.8799908318750188
UBFC_PHYS_s14_T1_ctrl,84,198,90.6,0.1183086633682251,0.4057374957160707
UBFC_PHYS_s14_T1_ctrl,84,199,90.63333333333334,0.4826640188694,-0.12717987521157514
UBFC_PHYS_s14_T1_ctrl,84,200,90.66666666666667,0.7191838026046753,-0.6530956614678457
UBFC_PHYS_s14_T1_ctrl,84,201,90.7,0.7903537750244141,-1.0945345339453423
UBFC_PHYS_s14_T1_ctrl,84,202,90.73333333333333,0.754275918006897,-1.3761551697472474
UBFC_PHYS_s14_T1_ctrl,84,203,90.76666666666667,0.746052086353302,-1.4433033033433398
UBFC_PHYS_s14_T1_ctrl,84,204,90.8,0.7324771285057068,-1.2789161853406745
UBFC_PHYS_s14_T1_ctrl,84,205,90.83333333333333,0.5883628129959106,-0.9119489933816887
UBFC_PHYS_s14_T1_ctrl,84,206,90.86666666666666,0.37034669518470764,-0.41240805439673095
UBFC_PHYS_s14_T1_ctrl,84,207,90.9,0.19097131490707397,0.12700593584342426
UBFC_PHYS_s14_T1_ctrl,84,208,90.93333333333334,0.013173116371035576,0.6160213054278734
UBFC_PHYS_s14_T1_ctrl,84,209,90.96666666666667,-0.22990882396697998,0.9881685250207826
UBFC_PHYS_s14_T1_ctrl,84,210,91.0,-0.5263612270355225,1.2101066195973107
UBFC_PHYS_s14_T1_ctrl,84,211,91.03333333333333,-0.7600646018981934,1.2773570670400074
UBFC_PHYS_s14_T1_ctrl,84,212,91.06666666666666,-0.7730199694633484,1.2018348448940466
UBFC_PHYS_s14_T1_ctrl,84,213,91.1,-0.5737609267234802,0.9997451769201402
UBFC_PHYS_s14_T1_ctrl,84,214,91.13333333333334,-0.3456903100013733,0.6863307666430046
UBFC_PHYS_s14_T1_ctrl,84,215,91.16666666666667,-0.1950138509273529,0.27868727403329974
UBFC_PHYS_s14_T1_ctrl,84,216,91.2,-0.11345142871141434,-0.1970345080554272
UBFC_PHYS_s14_T1_ctrl,84,217,91.23333333333333,-0.11150812357664108,-0.6997665638368534
UBFC_PHYS_s14_T1_ctrl,84,218,91.26666666666667,-0.1933240294456482,-1.1734066429670686
UBFC_PHYS_s14_T1_ctrl,84,219,91.3,-0.3163154423236847,-1.5537952196380374
UBFC_PHYS_s14_T1_ctrl,84,220,91.33333333333333,-0.4401799142360687,-1.7813249462873875
UBFC_PHYS_s14_T1_ctrl,84,221,91.36666666666666,-0.523657500743866,-1.8156986285135315
UBFC_PHYS_s14_T1_ctrl,84,222,91.4,-0.5518776178359985,-1.6480815200755217
UBFC_PHYS_s14_T1_ctrl,84,223,91.43333333333334,-0.5749719738960266,-1.3058388526284095
UBFC_PHYS_s14_T1_ctrl,84,224,91.46666666666667,-0.6340314745903015,-0.8468605010883896
UBFC_PHYS_s14_T1_ctrl,84,225,91.5,-0.6932318806648254,-0.3444298820914504
UBFC_PHYS_s14_T1_ctrl,84,226,91.53333333333333,-0.6893171072006226,0.13162431941089764
UBFC_PHYS_s14_T1_ctrl,84,227,91.56666666666666,-0.575957715511322,0.5296737711426242
UBFC_PHYS_s14_T1_ctrl,84,228,91.6,-0.3255250155925751,0.8219205709044457
UBFC_PHYS_s14_T1_ctrl,84,229,91.63333333333334,0.05896748974919319,1.0012989122495537
UBFC_PHYS_s14_T1_ctrl,84,230,91.66666666666667,0.5628745555877686,1.0741441478196883
UBFC_PHYS_s14_T1_ctrl,84,231,91.7,1.0998460054397583,1.0539118881275964
UBFC_PHYS_s14_T1_ctrl,84,232,91.73333333333333,1.446852445602417,0.9588414025495082
UBFC_PHYS_s14_T1_ctrl,84,233,91.76666666666667,1.3991429805755615,0.8127481248704549
UBFC_PHYS_s14_T1_ctrl,84,234,91.8,1.0199171304702759,0.6455041705509785
UBFC_PHYS_s14_T1_ctrl,84,235,91.83333333333333,0.5572417974472046,0.4898798117192084
UBFC_PHYS_s14_T1_ctrl,84,236,91.86666666666666,0.1888590306043625,0.37420855799821856
UBFC_PHYS_s14_T1_ctrl,84,237,91.9,-0.04788604751229286,0.3136625328225814
UBFC_PHYS_s14_T1_ctrl,84,238,91.93333333333334,-0.18326954543590546,0.30443577893881213
UBFC_PHYS_s14_T1_ctrl,84,239,91.96666666666667,-0.2411743551492691,0.3242019470032876
UBFC_PHYS_s14_T1_ctrl,85,0,85.0,-1.0320426225662231,-0.03239222353819765
UBFC_PHYS_s14_T1_ctrl,85,1,85.03333333333333,-0.4331952929496765,-0.06717061712737657
UBFC_PHYS_s14_T1_ctrl,85,2,85.06666666666666,0.2051377296447754,-0.12914425701122603
UBFC_PHYS_s14_T1_ctrl,85,3,85.1,0.6274542212486267,-0.23750767640931333
UBFC_PHYS_s14_T1_ctrl,85,4,85.13333333333334,0.7866643071174622,-0.39458382711436024
UBFC_PHYS_s14_T1_ctrl,85,5,85.16666666666667,0.7334065437316895,-0.5827988743828666
UBFC_PHYS_s14_T1_ctrl,85,6,85.2,0.5760834217071533,-0.7669287879293031
UBFC_PHYS_s14_T1_ctrl,85,7,85.23333333333333,0.46984946727752686,-0.9017856805601285
UBFC_PHYS_s14_T1_ctrl,85,8,85.26666666666667,0.4860718548297882,-0.9439104012739716
UBFC_PHYS_s14_T1_ctrl,85,9,85.3,0.5351050496101379,-0.8642826927238589
UBFC_PHYS_s14_T1_ctrl,85,10,85.33333333333333,0.49330994486808777,-0.6583264472150021
UBFC_PHYS_s14_T1_ctrl,85,11,85.36666666666666,0.34913933277130127,-0.34970687711985127
UBFC_PHYS_s14_T1_ctrl,85,12,85.4,0.17162278294563293,0.014332235423256439
UBFC_PHYS_s14_T1_ctrl,85,13,85.43333333333334,-0.0228202473372221,0.37553183570231347
UBFC_PHYS_s14_T1_ctrl,85,14,85.46666666666667,-0.2968542277812958,0.6806403601421142
UBFC_PHYS_s14_T1_ctrl,85,15,85.5,-0.6818255186080933,0.8941073937420785
UBFC_PHYS_s14_T1_ctrl,85,16,85.53333333333333,-1.0892432928085327,1.0021108471157525
UBFC_PHYS_s14_T1_ctrl,85,17,85.56666666666666,-1.2891219854354858,1.0072992158885188
UBFC_PHYS_s14_T1_ctrl,85,18,85.6,-1.0632200241088867,0.9188831203182853
UBFC_PHYS_s14_T1_ctrl,85,19,85.63333333333334,-0.4698645770549774,0.744956854156962
UBFC_PHYS_s14_T1_ctrl,85,20,85.66666666666667,0.1757628619670868,0.49153170724520356
UBFC_PHYS_s14_T1_ctrl,85,21,85.7,0.6368327736854553,0.16800780889088665
UBFC_PHYS_s14_T1_ctrl,85,22,85.73333333333333,0.8714374303817749,-0.20486148506010107
UBFC_PHYS_s14_T1_ctrl,85,23,85.76666666666667,0.8694096207618713,-0.5895877625545229
UBFC_PHYS_s14_T1_ctrl,85,24,85.8,0.6604903936386108,-0.9329865981936063
UBFC_PHYS_s14_T1_ctrl,85,25,85.83333333333333,0.4016367197036743,-1.174762558227336
UBFC_PHYS_s14_T1_ctrl,85,26,85.86666666666666,0.24448257684707642,-1.2617231935014654
UBFC_PHYS_s14_T1_ctrl,85,27,85.9,0.19958944618701935,-1.1633178972653266
UBFC_PHYS_s14_T1_ctrl,85,28,85.93333333333334,0.1673700362443924,-0.883154496476682
UBFC_PHYS_s14_T1_ctrl,85,29,85.96666666666667,0.08521617203950882,-0.46178924600010807
UBFC_PHYS_s14_T1_ctrl,85,30,86.0,-0.030396316200494766,0.03147631857845917
UBFC_PHYS_s14_T1_ctrl,85,31,86.03333333333333,-0.1683427095413208,0.5159106460043931
UBFC_PHYS_s14_T1_ctrl,85,32,86.06666666666666,-0.3851759731769562,0.919382376466316
UBFC_PHYS_s14_T1_ctrl,85,33,86.1,-0.7076798677444458,1.1930028669904633
UBFC_PHYS_s14_T1_ctrl,85,34,86.13333333333334,-1.043110966682434,1.3153279580631672
UBFC_PHYS_s14_T1_ctrl,85,35,86.16666666666667,-1.208488941192627,1.2868400836119545
UBFC_PHYS_s14_T1_ctrl,85,36,86.2,-1.055615782737732,1.1201791243100474
UBFC_PHYS_s14_T1_ctrl,85,37,86.23333333333333,-0.5934192538261414,0.8326975111181897
UBFC_PHYS_s14_T1_ctrl,85,38,86.26666666666667,-0.0021761662792414427,0.4450831481562819
UBFC_PHYS_s14_T1_ctrl,85,39,86.3,0.49294382333755493,-0.014613942472463946
UBFC_PHYS_s14_T1_ctrl,85,40,86.33333333333333,0.7601621747016907,-0.5053672959424488
UBFC_PHYS_s14_T1_ctrl,85,41,86.36666666666666,0.7584723234176636,-0.9706473322811472
UBFC_PHYS_s14_T1_ctrl,85,42,86.4,0.5568193793296814,-1.3424669970744867
UBFC_PHYS_s14_T1_ctrl,85,43,86.43333333333334,0.3274250328540802,-1.552825341977748
UBFC_PHYS_s14_T1_ctrl,85,44,86.46666666666667,0.19057703018188477,-1.550141831031617
UBFC_PHYS_s14_T1_ctrl,85,45,86.5,0.1199984923005104,-1.315648191999625
UBFC_PHYS_s14_T1_ctrl,85,46,86.53333333333333,0.04032304137945175,-0.8737234261055793
UBFC_PHYS_s14_T1_ctrl,85,47,86.56666666666666,-0.08556924015283585,-0.29128653233569624
UBFC_PHYS_s14_T1_ctrl,85,48,86.6,-0.2842086851596832,0.3354112494691153
UBFC_PHYS_s14_T1_ctrl,85,49,86.63333333333334,-0.5531731843948364,0.903315053994239
UBFC_PHYS_s14_T1_ctrl,85,50,86.66666666666667,-0.8841825723648071,1.3263219638198682
UBFC_PHYS_s14_T1_ctrl,85,51,86.7,-1.287122368812561,1.5512457526885315
UBFC_PHYS_s14_T1_ctrl,85,52,86.73333333333333,-1.6183289289474487,1.5616523662228008
UBFC_PHYS_s14_T1_ctrl,85,53,86.76666666666667,-1.5302324295043945,1.3718297811030205
UBFC_PHYS_s14_T1_ctrl,85,54,86.8,-0.9012498259544373,1.0168617556635746
UBFC_PHYS_s14_T1_ctrl,85,55,86.83333333333333,-0.08827296644449234,0.5442641952257876
UBFC_PHYS_s14_T1_ctrl,85,56,86.86666666666666,0.5275571346282959,0.009391804730048319
UBFC_PHYS_s14_T1_ctrl,85,57,86.9,0.8774644732475281,-0.5266194152615078
UBFC_PHYS_s14_T1_ctrl,85,58,86.93333333333334,1.0107074975967407,-0.9992283744427222
UBFC_PHYS_s14_T1_ctrl,85,59,86.96666666666667,0.9239629507064819,-1.345652835829707
UBFC_PHYS_s14_T1_ctrl,85,60,87.0,0.7253798246383667,-1.5136733023996314
UBFC_PHYS_s14_T1_ctrl,85,61,87.03333333333333,0.6514216661453247,-1.4726504328407233
UBFC_PHYS_s14_T1_ctrl,85,62,87.06666666666666,0.7485868334770203,-1.2231390611672692
UBFC_PHYS_s14_T1_ctrl,85,63,87.1,0.8494977951049805,-0.8006682236564875
UBFC_PHYS_s14_T1_ctrl,85,64,87.13333333333334,0.8565950989723206,-0.2707559427990396
UBFC_PHYS_s14_T1_ctrl,85,65,87.16666666666667,0.8440903425216675,0.28424143964118714
UBFC_PHYS_s14_T1_ctrl,85,66,87.2,0.8915745615959167,0.7819561179044007
UBFC_PHYS_s14_T1_ctrl,85,67,87.23333333333333,0.9820649027824402,1.1544987484792522
UBFC_PHYS_s14_T1_ctrl,85,68,87.26666666666667,0.8974889516830444,1.3567682077312253
UBFC_PHYS_s14_T1_ctrl,85,69,87.3,0.2507067918777466,1.3685601696872114
UBFC_PHYS_s14_T1_ctrl,85,70,87.33333333333333,-0.8340509533882141,1.1930143681683925
UBFC_PHYS_s14_T1_ctrl,85,71,87.36666666666666,-1.5139538049697876,0.8542221539283874
UBFC_PHYS_s14_T1_ctrl,85,72,87.4,-1.251044511795044,0.39535255709054656
UBFC_PHYS_s14_T1_ctrl,85,73,87.43333333333334,-0.4491923451423645,-0.1233906022828353
UBFC_PHYS_s14_T1_ctrl,85,74,87.46666666666667,0.3106112480163574,-0.6290358704046084
UBFC_PHYS_s14_T1_ctrl,85,75,87.5,0.8669030666351318,-1.0442406534905277
UBFC_PHYS_s14_T1_ctrl,85,76,87.53333333333333,1.151611089706421,-1.2999957056624798
UBFC_PHYS_s14_T1_ctrl,85,77,87.56666666666666,1.149217128753662,-1.35034897869291
UBFC_PHYS_s14_T1_ctrl,85,78,87.6,1.075512409210205,-1.1848439712209402
UBFC_PHYS_s14_T1_ctrl,85,79,87.63333333333334,1.0957058668136597,-0.8336988437734029
UBFC_PHYS_s14_T1_ctrl,85,80,87.66666666666667,1.066021203994751,-0.3621441518601927
UBFC_PHYS_s14_T1_ctrl,85,81,87.7,0.8242348432540894,0.14563291525068583
UBFC_PHYS_s14_T1_ctrl,85,82,87.73333333333333,0.48604369163513184,0.6071009711266907
UBFC_PHYS_s14_T1_ctrl,85,83,87.76666666666667,0.22752796113491058,0.9581319356893115
UBFC_PHYS_s14_T1_ctrl,85,84,87.8,-0.022454118356108665,1.1604082252634649
UBFC_PHYS_s14_T1_ctrl,85,85,87.83333333333333,-0.4034261405467987,1.1999055976132655
UBFC_PHYS_s14_T1_ctrl,85,86,87.86666666666666,-0.7936640381813049,1.081221822474473
UBFC_PHYS_s14_T1_ctrl,85,87,87.9,-0.8908573985099792,0.8230494785593034
UBFC_PHYS_s14_T1_ctrl,85,88,87.93333333333334,-0.5754225850105286,0.45715722143028226
UBFC_PHYS_s14_T1_ctrl,85,89,87.96666666666667,-0.04898443818092346,0.0293314664023554
UBFC_PHYS_s14_T1_ctrl,85,90,88.0,0.41318386793136597,-0.40146630202585976
UBFC_PHYS_s14_T1_ctrl,85,91,88.03333333333333,0.7065945863723755,-0.7689568749743209
UBFC_PHYS_s14_T1_ctrl,85,92,88.06666666666666,0.810040295124054,-1.0110116501632445
UBFC_PHYS_s14_T1_ctrl,85,93,88.1,0.6522946953773499,-1.084095694532006
UBFC_PHYS_s14_T1_ctrl,85,94,88.13333333333334,0.27070310711860657,-0.9758198382528007
UBFC_PHYS_s14_T1_ctrl,85,95,88.16666666666667,-0.16192136704921722,-0.7103629325983853
UBFC_PHYS_s14_T1_ctrl,85,96,88.2,-0.5369226336479187,-0.3433445759102636
UBFC_PHYS_s14_T1_ctrl,85,97,88.23333333333333,-0.8588914275169373,0.053151262565436674
UBFC_PHYS_s14_T1_ctrl,85,98,88.26666666666667,-1.1467820405960083,0.40966853381756185
UBFC_PHYS_s14_T1_ctrl,85,99,88.3,-1.4341374635696411,0.6745227099331266
UBFC_PHYS_s14_T1_ctrl,85,100,88.33333333333333,-1.7866922616958618,0.8196370431926092
UBFC_PHYS_s14_T1_ctrl,85,101,88.36666666666666,-2.2179648876190186,0.8373813300440283
UBFC_PHYS_s14_T1_ctrl,85,102,88.4,-2.574180841445923,0.733401149768059
UBFC_PHYS_s14_T1_ctrl,85,103,88.43333333333334,-2.552522897720337,0.5214779929136348
UBFC_PHYS_s14_T1_ctrl,85,104,88.46666666666667,-1.9468035697937012,0.22358428399774966
UBFC_PHYS_s14_T1_ctrl,85,105,88.5,-0.8689740896224976,-0.12630653087376384
UBFC_PHYS_s14_T1_ctrl,85,106,88.53333333333333,0.27211129665374756,-0.47941865020442936
UBFC_PHYS_s14_T1_ctrl,85,107,88.56666666666666,1.0359141826629639,-0.7753097527912973
UBFC_PHYS_s14_T1_ctrl,85,108,88.6,1.2756727933883667,-0.9528267744615742
UBFC_PHYS_s14_T1_ctrl,85,109,88.63333333333334,1.162397861480713,-0.9663634352293122
UBFC_PHYS_s14_T1_ctrl,85,110,88.66666666666667,0.9337921142578125,-0.8015338465774683
UBFC_PHYS_s14_T1_ctrl,85,111,88.7,0.7054398655891418,-0.48345575537058766
UBFC_PHYS_s14_T1_ctrl,85,112,88.73333333333333,0.5013084411621094,-0.07288624755738807
UBFC_PHYS_s14_T1_ctrl,85,113,88.76666666666667,0.30449968576431274,0.3496186646348797
UBFC_PHYS_s14_T1_ctrl,85,114,88.8,0.05722133442759514,0.7053750609346733
UBFC_PHYS_s14_T1_ctrl,85,115,88.83333333333333,-0.3147100806236267,0.9360082722483014
UBFC_PHYS_s14_T1_ctrl,85,116,88.86666666666666,-0.8130970597267151,1.0122611697318113
UBFC_PHYS_s14_T1_ctrl,85,117,88.9,-1.335789442062378,0.9326538038363478
UBFC_PHYS_s14_T1_ctrl,85,118,88.93333333333334,-1.774863362312317,0.7163130842444995
UBFC_PHYS_s14_T1_ctrl,85,119,88.96666666666667,-2.0410959720611572,0.39566949892159714
UBFC_PHYS_s14_T1_ctrl,85,120,89.0,-1.9698978662490845,0.012538319309673277
UBFC_PHYS_s14_T1_ctrl,85,121,89.03333333333333,-1.3480125665664673,-0.3827589448622751
UBFC_PHYS_s14_T1_ctrl,85,122,89.06666666666666,-0.22835981845855713,-0.7325870157734019
UBFC_PHYS_s14_T1_ctrl,85,123,89.1,1.003272294998169,-0.9772977993305735
UBFC_PHYS_s14_T1_ctrl,85,124,89.13333333333334,1.8632264137268066,-1.0660689845800704
UBFC_PHYS_s14_T1_ctrl,85,125,89.16666666666667,2.1317403316497803,-0.9709412355633772
UBFC_PHYS_s14_T1_ctrl,85,126,89.2,1.9301435947418213,-0.698654737097563
UBFC_PHYS_s14_T1_ctrl,85,127,89.23333333333333,1.5655348300933838,-0.2941938349092131
UBFC_PHYS_s14_T1_ctrl,85,128,89.26666666666667,1.340055227279663,0.16760850681516165
UBFC_PHYS_s14_T1_ctrl,85,129,89.3,1.3391258716583252,0.6008429526700139
UBFC_PHYS_s14_T1_ctrl,85,130,89.33333333333333,1.3810335397720337,0.9304109197513585
UBFC_PHYS_s14_T1_ctrl,85,131,89.36666666666666,1.2379332780838013,1.107846286422325
UBFC_PHYS_s14_T1_ctrl,85,132,89.4,0.8435834050178528,1.1159232858511698
UBFC_PHYS_s14_T1_ctrl,85,133,89.43333333333334,0.2931496798992157,0.9635640394508174
UBFC_PHYS_s14_T1_ctrl,85,134,89.46666666666667,-0.2034066766500473,0.6769294488526967
UBFC_PHYS_s14_T1_ctrl,85,135,89.5,-0.3886401355266571,0.29257385142961306
UBFC_PHYS_s14_T1_ctrl,85,136,89.53333333333333,-0.19329586625099182,-0.1449635370728186
UBFC_PHYS_s14_T1_ctrl,85,137,89.56666666666666,0.09479187428951263,-0.5829247368384423
UBFC_PHYS_s14_T1_ctrl,85,138,89.6,0.224514439702034,-0.9613576526740718
UBFC_PHYS_s14_T1_ctrl,85,139,89.63333333333334,0.213924840092659,-1.218701449478931
UBFC_PHYS_s14_T1_ctrl,85,140,89.66666666666667,0.14365610480308533,-1.3027363952692301
UBFC_PHYS_s14_T1_ctrl,85,141,89.7,0.025706017389893532,-1.1844593983148421
UBFC_PHYS_s14_T1_ctrl,85,142,89.73333333333333,-0.08773785829544067,-0.8698346463729065
UBFC_PHYS_s14_T1_ctrl,85,143,89.76666666666667,-0.13502490520477295,-0.4038118342080503
UBFC_PHYS_s14_T1_ctrl,85,144,89.8,-0.14015072584152222,0.13674290302068084
UBFC_PHYS_s14_T1_ctrl,85,145,89.83333333333333,-0.15093746781349182,0.6600119995511876
UBFC_PHYS_s14_T1_ctrl,85,146,89.86666666666666,-0.1818331778049469,1.080087715215328
UBFC_PHYS_s14_T1_ctrl,85,147,89.9,-0.2418784499168396,1.3338990766817538
UBFC_PHYS_s14_T1_ctrl,85,148,89.93333333333334,-0.3658837676048279,1.3891759363623515
UBFC_PHYS_s14_T1_ctrl,85,149,89.96666666666667,-0.5252628326416016,1.2436377845854607
UBFC_PHYS_s14_T1_ctrl,85,150,90.0,-0.5301633477210999,0.9195642259847853
UBFC_PHYS_s14_T1_ctrl,85,151,90.03333333333333,-0.2223890870809555,0.4584434897716724
UBFC_PHYS_s14_T1_ctrl,85,152,90.06666666666666,0.2648731768131256,-0.08232427818351767
UBFC_PHYS_s14_T1_ctrl,85,153,90.1,0.7176911234855652,-0.6321487570394868
UBFC_PHYS_s14_T1_ctrl,85,154,90.13333333333334,0.9550557732582092,-1.1124324953724667
UBFC_PHYS_s14_T1_ctrl,85,155,90.16666666666667,0.7979016900062561,-1.4463675149763395
UBFC_PHYS_s14_T1_ctrl,85,156,90.2,0.27799752354621887,-1.5730319852070331
UBFC_PHYS_s14_T1_ctrl,85,157,90.23333333333333,-0.26770466566085815,-1.462506645499097
UBFC_PHYS_s14_T1_ctrl,85,158,90.26666666666667,-0.5366973280906677,-1.1265620714143811
UBFC_PHYS_s14_T1_ctrl,85,159,90.3,-0.5116596817970276,-0.6195427485682948
UBFC_PHYS_s14_T1_ctrl,85,160,90.33333333333333,-0.3390718102455139,-0.027090612261900418
UBFC_PHYS_s14_T1_ctrl,85,161,90.36666666666666,-0.20898310840129852,0.5544945184199569
UBFC_PHYS_s14_T1_ctrl,85,162,90.4,-0.26849326491355896,1.0405695977573102
UBFC_PHYS_s14_T1_ctrl,85,163,90.43333333333334,-0.47952479124069214,1.3733036523645534
UBFC_PHYS_s14_T1_ctrl,85,164,90.46666666666667,-0.6843039393424988,1.5250093399240898
UBFC_PHYS_s14_T1_ctrl,85,165,90.5,-0.7654720544815063,1.491739408435897
UBFC_PHYS_s14_T1_ctrl,85,166,90.53333333333333,-0.6412977576255798,1.2841120750248796
UBFC_PHYS_s14_T1_ctrl,85,167,90.56666666666666,-0.30488091707229614,0.9223428775259869
UBFC_PHYS_s14_T1_ctrl,85,168,90.6,0.1183086633682251,0.43777458000194186
UBFC_PHYS_s14_T1_ctrl,85,169,90.63333333333334,0.4826640188694,-0.12234712739358165
UBFC_PHYS_s14_T1_ctrl,85,170,90.66666666666667,0.7191838026046753,-0.692520857801757
UBFC_PHYS_s14_T1_ctrl,85,171,90.7,0.7903537750244141,-1.1934013780822212
UBFC_PHYS_s14_T1_ctrl,85,172,90.73333333333333,0.754275918006897,-1.5438749168800692
UBFC_PHYS_s14_T1_ctrl,85,173,90.76666666666667,0.746052086353302,-1.6781043120297323
UBFC_PHYS_s14_T1_ctrl,85,174,90.8,0.7324771285057068,-1.5625603741727405
UBFC_PHYS_s14_T1_ctrl,85,175,90.83333333333333,0.5883628129959106,-1.2074423506106704
UBFC_PHYS_s14_T1_ctrl,85,176,90.86666666666666,0.37034669518470764,-0.6678912987043819
UBFC_PHYS_s14_T1_ctrl,85,177,90.9,0.19097131490707397,-0.03319146728462941
UBFC_PHYS_s14_T1_ctrl,85,178,90.93333333333334,0.013173116371035576,0.5936108411791657
UBFC_PHYS_s14_T1_ctrl,85,179,90.96666666666667,-0.22990882396697998,1.1191249899424462
UBFC_PHYS_s14_T1_ctrl,85,180,91.0,-0.5263612270355225,1.4777154939409267
UBFC_PHYS_s14_T1_ctrl,85,181,91.03333333333333,-0.7600646018981934,1.638301585943335
UBFC_PHYS_s14_T1_ctrl,85,182,91.06666666666666,-0.7730199694633484,1.5999158239424764
UBFC_PHYS_s14_T1_ctrl,85,183,91.1,-0.5737609267234802,1.3816052514725203
UBFC_PHYS_s14_T1_ctrl,85,184,91.13333333333334,-0.3456903100013733,1.0134088011209135
UBFC_PHYS_s14_T1_ctrl,85,185,91.16666666666667,-0.1950138509273529,0.5322599345407196
UBFC_PHYS_s14_T1_ctrl,85,186,91.2,-0.11345142871141434,-0.017498420886027898
UBFC_PHYS_s14_T1_ctrl,85,187,91.23333333333333,-0.11150812357664108,-0.5821787033629552
UBFC_PHYS_s14_T1_ctrl,85,188,91.26666666666667,-0.1933240294456482,-1.0989834869703756
UBFC_PHYS_s14_T1_ctrl,85,189,91.3,-0.3163154423236847,-1.5006554992496817
UBFC_PHYS_s14_T1_ctrl,85,190,91.33333333333333,-0.4401799142360687,-1.7249938330115242
UBFC_PHYS_s14_T1_ctrl,85,191,91.36666666666666,-0.523657500743866,-1.7278107176157633
UBFC_PHYS_s14_T1_ctrl,85,192,91.4,-0.5518776178359985,-1.4960046579707038
UBFC_PHYS_s14_T1_ctrl,85,193,91.43333333333334,-0.5749719738960266,-1.0560480196812048
UBFC_PHYS_s14_T1_ctrl,85,194,91.46666666666667,-0.6340314745903015,-0.4732828097753724
UBFC_PHYS_s14_T1_ctrl,85,195,91.5,-0.6932318806648254,0.160011519316949
UBFC_PHYS_s14_T1_ctrl,85,196,91.53333333333333,-0.6893171072006226,0.7450820153293894
UBFC_PHYS_s14_T1_ctrl,85,197,91.56666666666666,-0.575957715511322,1.1986737164557377
UBFC_PHYS_s14_T1_ctrl,85,198,91.6,-0.3255250155925751,1.4684314673593803
UBFC_PHYS_s14_T1_ctrl,85,199,91.63333333333334,0.05896748974919319,1.5368824975259405
UBFC_PHYS_s14_T1_ctrl,85,200,91.66666666666667,0.5628745555877686,1.4151035627681963
UBFC_PHYS_s14_T1_ctrl,85,201,91.7,1.0998460054397583,1.131919877073467
UBFC_PHYS_s14_T1_ctrl,85,202,91.73333333333333,1.446852445602417,0.7249362369071609
UBFC_PHYS_s14_T1_ctrl,85,203,91.76666666666667,1.3991429805755615,0.23654853677677695
UBFC_PHYS_s14_T1_ctrl,85,204,91.8,1.0199171304702759,-0.28591833123193255
UBFC_PHYS_s14_T1_ctrl,85,205,91.83333333333333,0.5572417974472046,-0.7892186130592616
UBFC_PHYS_s14_T1_ctrl,85,206,91.86666666666666,0.1888590306043625,-1.2154934782429148
UBFC_PHYS_s14_T1_ctrl,85,207,91.9,-0.04788604751229286,-1.507442233542081
UBFC_PHYS_s14_T1_ctrl,85,208,91.93333333333334,-0.18326954543590546,-1.6172875710566963
UBFC_PHYS_s14_T1_ctrl,85,209,91.96666666666667,-0.2411743551492691,-1.5178919972830844
UBFC_PHYS_s14_T1_ctrl,85,210,92.0,-0.23866777122020721,-1.212722240565604
UBFC_PHYS_s14_T1_ctrl,85,211,92.03333333333333,-0.22661365568637848,-0.7404132827357097
UBFC_PHYS_s14_T1_ctrl,85,212,92.06666666666666,-0.3264825642108917,-0.1705076051702327
UBFC_PHYS_s14_T1_ctrl,85,213,92.1,-0.6799666881561279,0.4100769252322085
UBFC_PHYS_s14_T1_ctrl,85,214,92.13333333333334,-1.2756315469741821,0.9161435130535596
UBFC_PHYS_s14_T1_ctrl,85,215,92.16666666666667,-1.843583106994629,1.2823901397435697
UBFC_PHYS_s14_T1_ctrl,85,216,92.2,-2.0180580615997314,1.4747094211718692
UBFC_PHYS_s14_T1_ctrl,85,217,92.23333333333333,-1.641395092010498,1.491833914291564
UBFC_PHYS_s14_T1_ctrl,85,218,92.26666666666667,-0.9370179176330566,1.3583642921136287
UBFC_PHYS_s14_T1_ctrl,85,219,92.3,-0.3289046585559845,1.1131011739025705
UBFC_PHYS_s14_T1_ctrl,85,220,92.33333333333333,-0.018285872414708138,0.7976149351313424
UBFC_PHYS_s14_T1_ctrl,85,221,92.36666666666666,0.05882667005062103,0.4488435696727589
UBFC_PHYS_s14_T1_ctrl,85,222,92.4,0.007540352176874876,0.09684575347066747
UBFC_PHYS_s14_T1_ctrl,85,223,92.43333333333334,-0.076021708548069,-0.2337446688782417
UBFC_PHYS_s14_T1_ctrl,85,224,92.46666666666667,-0.06695295870304108,-0.521121076406898
UBFC_PHYS_s14_T1_ctrl,85,225,92.5,0.07226081192493439,-0.7446214485250321
UBFC_PHYS_s14_T1_ctrl,85,226,92.53333333333333,0.21437545120716095,-0.884759664027285
UBFC_PHYS_s14_T1_ctrl,85,227,92.56666666666666,0.20767246186733246,-0.9249384949176731
UBFC_PHYS_s14_T1_ctrl,85,228,92.6,0.03812626376748085,-0.8548453344008241
UBFC_PHYS_s14_T1_ctrl,85,229,92.63333333333334,-0.16597695648670197,-0.675380261427215
UBFC_PHYS_s14_T1_ctrl,85,230,92.66666666666667,-0.2861238121986389,-0.4037311361087121
UBFC_PHYS_s14_T1_ctrl,85,231,92.7,-0.35433658957481384,-0.07571832446144657
UBFC_PHYS_s14_T1_ctrl,85,232,92.73333333333333,-0.5316278338432312,0.2576219658792078
UBFC_PHYS_s14_T1_ctrl,85,233,92.76666666666667,-0.8942089080810547,0.5400405631060369
UBFC_PHYS_s14_T1_ctrl,85,234,92.8,-1.1736502647399902,0.7236199636617863
UBFC_PHYS_s14_T1_ctrl,85,235,92.83333333333333,-0.9567043781280518,0.780187666325311
UBFC_PHYS_s14_T1_ctrl,85,236,92.86666666666666,-0.24196293950080872,0.7059076189622726
UBFC_PHYS_s14_T1_ctrl,85,237,92.9,0.5150805711746216,0.5181883035341903
UBFC_PHYS_s14_T1_ctrl,85,238,92.93333333333334,0.9731369614601135,0.2480689270627481
UBFC_PHYS_s14_T1_ctrl,85,239,92.96666666666667,1.1635525226593018,-0.06714838096061168
UBFC_PHYS_s14_T1_ctrl,86,0,86.0,-0.030396316200494766,-0.15796850763706005
UBFC_PHYS_s14_T1_ctrl,86,1,86.03333333333333,-0.1683427095413208,0.4089844755896137
UBFC_PHYS_s14_T1_ctrl,86,2,86.06666666666666,-0.3851759731769562,0.9006006553168217
UBFC_PHYS_s14_T1_ctrl,86,3,86.1,-0.7076798677444458,1.252295648276599
UBFC_PHYS_s14_T1_ctrl,86,4,86.13333333333334,-1.043110966682434,1.4249999331366292
UBFC_PHYS_s14_T1_ctrl,86,5,86.16666666666667,-1.208488941192627,1.4099704359434804
UBFC_PHYS_s14_T1_ctrl,86,6,86.2,-1.055615782737732,1.2253773057029513
UBFC_PHYS_s14_T1_ctrl,86,7,86.23333333333333,-0.5934192538261414,0.9067210245600656
UBFC_PHYS_s14_T1_ctrl,86,8,86.26666666666667,-0.0021761662792414427,0.4957796695908287
UBFC_PHYS_s14_T1_ctrl,86,9,86.3,0.49294382333755493,0.03299016543873547
UBFC_PHYS_s14_T1_ctrl,86,10,86.33333333333333,0.7601621747016907,-0.4438250859822553
UBFC_PHYS_s14_T1_ctrl,86,11,86.36666666666666,0.7584723234176636,-0.895064680341404
UBFC_PHYS_s14_T1_ctrl,86,12,86.4,0.5568193793296814,-1.2737663078755432
UBFC_PHYS_s14_T1_ctrl,86,13,86.43333333333334,0.3274250328540802,-1.5249548472927232
UBFC_PHYS_s14_T1_ctrl,86,14,86.46666666666667,0.19057703018188477,-1.5939682843552343
UBFC_PHYS_s14_T1_ctrl,86,15,86.5,0.1199984923005104,-1.4429077367432057
UBFC_PHYS_s14_T1_ctrl,86,16,86.53333333333333,0.04032304137945175,-1.0690813653888485
UBFC_PHYS_s14_T1_ctrl,86,17,86.56666666666666,-0.08556924015283585,-0.5163121111027081
UBFC_PHYS_s14_T1_ctrl,86,18,86.6,-0.2842086851596832,0.12870050305111413
UBFC_PHYS_s14_T1_ctrl,86,19,86.63333333333334,-0.5531731843948364,0.7564444267515668
UBFC_PHYS_s14_T1_ctrl,86,20,86.66666666666667,-0.8841825723648071,1.2636545284404703
UBFC_PHYS_s14_T1_ctrl,86,21,86.7,-1.287122368812561,1.578655859791431
UBFC_PHYS_s14_T1_ctrl,86,22,86.73333333333333,-1.6183289289474487,1.6729688020887143
UBFC_PHYS_s14_T1_ctrl,86,23,86.76666666666667,-1.5302324295043945,1.5572177482849092
UBFC_PHYS_s14_T1_ctrl,86,24,86.8,-0.9012498259544373,1.267079061619319
UBFC_PHYS_s14_T1_ctrl,86,25,86.83333333333333,-0.08827296644449234,0.8482949739936686
UBFC_PHYS_s14_T1_ctrl,86,26,86.86666666666666,0.5275571346282959,0.34769699237145724
UBFC_PHYS_s14_T1_ctrl,86,27,86.9,0.8774644732475281,-0.18797553142530218
UBFC_PHYS_s14_T1_ctrl,86,28,86.93333333333334,1.0107074975967407,-0.7085016424845934
UBFC_PHYS_s14_T1_ctrl,86,29,86.96666666666667,0.9239629507064819,-1.157268099297144
UBFC_PHYS_s14_T1_ctrl,86,30,87.0,0.7253798246383667,-1.4737924339507487
UBFC_PHYS_s14_T1_ctrl,86,31,87.03333333333333,0.6514216661453247,-1.6034284590879269
UBFC_PHYS_s14_T1_ctrl,86,32,87.06666666666666,0.7485868334770203,-1.5120320670059482
UBFC_PHYS_s14_T1_ctrl,86,33,87.1,0.8494977951049805,-1.2000421146185054
UBFC_PHYS_s14_T1_ctrl,86,34,87.13333333333334,0.8565950989723206,-0.7092537555097711
UBFC_PHYS_s14_T1_ctrl,86,35,87.16666666666667,0.8440903425216675,-0.11763156432428325
UBFC_PHYS_s14_T1_ctrl,86,36,87.2,0.8915745615959167,0.4774991336094271
UBFC_PHYS_s14_T1_ctrl,86,37,87.23333333333333,0.9820649027824402,0.9820278989729164
UBFC_PHYS_s14_T1_ctrl,86,38,87.26666666666667,0.8974889516830444,1.3246442594843648
UBFC_PHYS_s14_T1_ctrl,86,39,87.3,0.2507067918777466,1.466598661186962
UBFC_PHYS_s14_T1_ctrl,86,40,87.33333333333333,-0.8340509533882141,1.4008717790160148
UBFC_PHYS_s14_T1_ctrl,86,41,87.36666666666666,-1.5139538049697876,1.145634564168246
UBFC_PHYS_s14_T1_ctrl,86,42,87.4,-1.251044511795044,0.7379542683035676
UBFC_PHYS_s14_T1_ctrl,86,43,87.43333333333334,-0.4491923451423645,0.23053058164940224
UBFC_PHYS_s14_T1_ctrl,86,44,87.46666666666667,0.3106112480163574,-0.3100685439683756
UBFC_PHYS_s14_T1_ctrl,86,45,87.5,0.8669030666351318,-0.8075220079855189
UBFC_PHYS_s14_T1_ctrl,86,46,87.53333333333333,1.151611089706421,-1.1849706955571375
UBFC_PHYS_s14_T1_ctrl,86,47,87.56666666666666,1.149217128753662,-1.3788929696774708
UBFC_PHYS_s14_T1_ctrl,86,48,87.6,1.075512409210205,-1.354177688320471
UBFC_PHYS_s14_T1_ctrl,86,49,87.63333333333334,1.0957058668136597,-1.115139004400825
UBFC_PHYS_s14_T1_ctrl,86,50,87.66666666666667,1.066021203994751,-0.7072206624529571
UBFC_PHYS_s14_T1_ctrl,86,51,87.7,0.8242348432540894,-0.20681272875616247
UBFC_PHYS_s14_T1_ctrl,86,52,87.73333333333333,0.48604369163513184,0.29831612961099274
UBFC_PHYS_s14_T1_ctrl,86,53,87.76666666666667,0.22752796113491058,0.7305379842258559
UBFC_PHYS_s14_T1_ctrl,86,54,87.8,-0.022454118356108665,1.0368912615545582
UBFC_PHYS_s14_T1_ctrl,86,55,87.83333333333333,-0.4034261405467987,1.191566541657686
UBFC_PHYS_s14_T1_ctrl,86,56,87.86666666666666,-0.7936640381813049,1.1890576332450704
UBFC_PHYS_s14_T1_ctrl,86,57,87.9,-0.8908573985099792,1.036172182916781
UBFC_PHYS_s14_T1_ctrl,86,58,87.93333333333334,-0.5754225850105286,0.749623114439043
UBFC_PHYS_s14_T1_ctrl,86,59,87.96666666666667,-0.04898443818092346,0.3596618869568255
UBFC_PHYS_s14_T1_ctrl,86,60,88.0,0.41318386793136597,-0.0854422251696319
UBFC_PHYS_s14_T1_ctrl,86,61,88.03333333333333,0.7065945863723755,-0.5205596455006642
UBFC_PHYS_s14_T1_ctrl,86,62,88.06666666666666,0.810040295124054,-0.8734155669167191
UBFC_PHYS_s14_T1_ctrl,86,63,88.1,0.6522946953773499,-1.0805720564316441
UBFC_PHYS_s14_T1_ctrl,86,64,88.13333333333334,0.27070310711860657,-1.1041358992288517
UBFC_PHYS_s14_T1_ctrl,86,65,88.16666666666667,-0.16192136704921722,-0.9430743476357089
UBFC_PHYS_s14_T1_ctrl,86,66,88.2,-0.5369226336479187,-0.6344642718753389
UBFC_PHYS_s14_T1_ctrl,86,67,88.23333333333333,-0.8588914275169373,-0.24339033126773515
UBFC_PHYS_s14_T1_ctrl,86,68,88.26666666666667,-1.1467820405960083,0.1550900465616494
UBFC_PHYS_s14_T1_ctrl,86,69,88.3,-1.4341374635696411,0.49474775308784885
UBFC_PHYS_s14_T1_ctrl,86,70,88.33333333333333,-1.7866922616958618,0.7302292058589431
UBFC_PHYS_s14_T1_ctrl,86,71,88.36666666666666,-2.2179648876190186,0.8388343021972977
UBFC_PHYS_s14_T1_ctrl,86,72,88.4,-2.574180841445923,0.8150321058040987
UBFC_PHYS_s14_T1_ctrl,86,73,88.43333333333334,-2.552522897720337,0.6648018582971323
UBFC_PHYS_s14_T1_ctrl,86,74,88.46666666666667,-1.9468035697937012,0.40504729171147474
UBFC_PHYS_s14_T1_ctrl,86,75,88.5,-0.8689740896224976,0.06765337143794559
UBFC_PHYS_s14_T1_ctrl,86,76,88.53333333333333,0.27211129665374756,-0.29711125401755234
UBFC_PHYS_s14_T1_ctrl,86,77,88.56666666666666,1.0359141826629639,-0.6239048711304372
UBFC_PHYS_s14_T1_ctrl,86,78,88.6,1.2756727933883667,-0.8446321426018384
UBFC_PHYS_s14_T1_ctrl,86,79,88.63333333333334,1.162397861480713,-0.9066605118318543
UBFC_PHYS_s14_T1_ctrl,86,80,88.66666666666667,0.9337921142578125,-0.7902056416161105
UBFC_PHYS_s14_T1_ctrl,86,81,88.7,0.7054398655891418,-0.5174615980912806
UBFC_PHYS_s14_T1_ctrl,86,82,88.73333333333333,0.5013084411621094,-0.1482519977483075
UBFC_PHYS_s14_T1_ctrl,86,83,88.76666666666667,0.30449968576431274,0.2376654809026944
UBFC_PHYS_s14_T1_ctrl,86,84,88.8,0.05722133442759514,0.5645592192352544
UBFC_PHYS_s14_T1_ctrl,86,85,88.83333333333333,-0.3147100806236267,0.7801934568490599
UBFC_PHYS_s14_T1_ctrl,86,86,88.86666666666666,-0.8130970597267151,0.8631016328497308
UBFC_PHYS_s14_T1_ctrl,86,87,88.9,-1.335789442062378,0.817398185545847
UBFC_PHYS_s14_T1_ctrl,86,88,88.93333333333334,-1.774863362312317,0.6615414105524646
UBFC_PHYS_s14_T1_ctrl,86,89,88.96666666666667,-2.0410959720611572,0.419348622671325
UBFC_PHYS_s14_T1_ctrl,86,90,89.0,-1.9698978662490845,0.11786190750864012
UBFC_PHYS_s14_T1_ctrl,86,91,89.03333333333333,-1.3480125665664673,-0.20930601059396725
UBFC_PHYS_s14_T1_ctrl,86,92,89.06666666666666,-0.22835981845855713,-0.5184687716078342
UBFC_PHYS_s14_T1_ctrl,86,93,89.1,1.003272294998169,-0.7576513565024703
UBFC_PHYS_s14_T1_ctrl,86,94,89.13333333333334,1.8632264137268066,-0.8759535923358345
UBFC_PHYS_s14_T1_ctrl,86,95,89.16666666666667,2.1317403316497803,-0.838334700929905
UBFC_PHYS_s14_T1_ctrl,86,96,89.2,1.9301435947418213,-0.640144088373324
UBFC_PHYS_s14_T1_ctrl,86,97,89.23333333333333,1.5655348300933838,-0.3144272196124434
UBFC_PHYS_s14_T1_ctrl,86,98,89.26666666666667,1.340055227279663,0.07328736449124441
UBFC_PHYS_s14_T1_ctrl,86,99,89.3,1.3391258716583252,0.4427236476561622
UBFC_PHYS_s14_T1_ctrl,86,100,89.33333333333333,1.3810335397720337,0.7219608404362121
UBFC_PHYS_s14_T1_ctrl,86,101,89.36666666666666,1.2379332780838013,0.865249129406519
UBFC_PHYS_s14_T1_ctrl,86,102,89.4,0.8435834050178528,0.8586729518350381
UBFC_PHYS_s14_T1_ctrl,86,103,89.43333333333334,0.2931496798992157,0.7145018407137851
UBFC_PHYS_s14_T1_ctrl,86,104,89.46666666666667,-0.2034066766500473,0.46076389406553786
UBFC_PHYS_s14_T1_ctrl,86,105,89.5,-0.3886401355266571,0.13313295311211354
UBFC_PHYS_s14_T1_ctrl,86,106,89.53333333333333,-0.19329586625099182,-0.22782864384075344
UBFC_PHYS_s14_T1_ctrl,86,107,89.56666666666666,0.09479187428951263,-0.5760092294392395
UBFC_PHYS_s14_T1_ctrl,86,108,89.6,0.224514439702034,-0.8599401622839257
UBFC_PHYS_s14_T1_ctrl,86,109,89.63333333333334,0.213924840092659,-1.027401641517221
UBFC_PHYS_s14_T1_ctrl,86,110,89.66666666666667,0.14365610480308533,-1.0355431683807053
UBFC_PHYS_s14_T1_ctrl,86,111,89.7,0.025706017389893532,-0.8643560048083608
UBFC_PHYS_s14_T1_ctrl,86,112,89.73333333333333,-0.08773785829544067,-0.5283087296737194
UBFC_PHYS_s14_T1_ctrl,86,113,89.76666666666667,-0.13502490520477295,-0.07979458774940347
UBFC_PHYS_s14_T1_ctrl,86,114,89.8,-0.14015072584152222,0.3998838987983572
UBFC_PHYS_s14_T1_ctrl,86,115,89.83333333333333,-0.15093746781349182,0.8207466325749171
UBFC_PHYS_s14_T1_ctrl,86,116,89.86666666666666,-0.1818331778049469,1.1077084603418899
UBFC_PHYS_s14_T1_ctrl,86,117,89.9,-0.2418784499168396,1.2171537708079077
UBFC_PHYS_s14_T1_ctrl,86,118,89.93333333333334,-0.3658837676048279,1.1407892679593976
UBFC_PHYS_s14_T1_ctrl,86,119,89.96666666666667,-0.5252628326416016,0.8987784295318152
UBFC_PHYS_s14_T1_ctrl,86,120,90.0,-0.5301633477210999,0.5290287205820273
UBFC_PHYS_s14_T1_ctrl,86,121,90.03333333333333,-0.2223890870809555,0.07911564046892201
UBFC_PHYS_s14_T1_ctrl,86,122,90.06666666666666,0.2648731768131256,-0.39699712037805435
UBFC_PHYS_s14_T1_ctrl,86,123,90.1,0.7176911234855652,-0.8397790624967917
UBFC_PHYS_s14_T1_ctrl,86,124,90.13333333333334,0.9550557732582092,-1.1863883386850491
UBFC_PHYS_s14_T1_ctrl,86,125,90.16666666666667,0.7979016900062561,-1.3771299238698302
UBFC_PHYS_s14_T1_ctrl,86,126,90.2,0.27799752354621887,-1.3666943782220067
UBFC_PHYS_s14_T1_ctrl,86,127,90.23333333333333,-0.26770466566085815,-1.1380051909083153
UBFC_PHYS_s14_T1_ctrl,86,128,90.26666666666667,-0.5366973280906677,-0.7136484017589748
UBFC_PHYS_s14_T1_ctrl,86,129,90.3,-0.5116596817970276,-0.15843777003656545
UBFC_PHYS_s14_T1_ctrl,86,130,90.33333333333333,-0.3390718102455139,0.4315383977439157
UBFC_PHYS_s14_T1_ctrl,86,131,90.36666666666666,-0.20898310840129852,0.9521587974448639
UBFC_PHYS_s14_T1_ctrl,86,132,90.4,-0.26849326491355896,1.317888278889297
UBFC_PHYS_s14_T1_ctrl,86,133,90.43333333333334,-0.47952479124069214,1.4798816687621348
UBFC_PHYS_s14_T1_ctrl,86,134,90.46666666666667,-0.6843039393424988,1.4291906219265564
UBFC_PHYS_s14_T1_ctrl,86,135,90.5,-0.7654720544815063,1.187791350369158
UBFC_PHYS_s14_T1_ctrl,86,136,90.53333333333333,-0.6412977576255798,0.7955950285077887
UBFC_PHYS_s14_T1_ctrl,86,137,90.56666666666666,-0.30488091707229614,0.30100765054858775
UBFC_PHYS_s14_T1_ctrl,86,138,90.6,0.1183086633682251,-0.24217932047292925
UBFC_PHYS_s14_T1_ctrl,86,139,90.63333333333334,0.4826640188694,-0.7738953191236911
UBFC_PHYS_s14_T1_ctrl,86,140,90.66666666666667,0.7191838026046753,-1.2275206162118664
UBFC_PHYS_s14_T1_ctrl,86,141,90.7,0.7903537750244141,-1.5342678724883514
UBFC_PHYS_s14_T1_ctrl,86,142,90.73333333333333,0.754275918006897,-1.6340282256666332
UBFC_PHYS_s14_T1_ctrl,86,143,90.76666666666667,0.746052086353302,-1.4912231301303738
UBFC_PHYS_s14_T1_ctrl,86,144,90.8,0.7324771285057068,-1.1105191325451165
UBFC_PHYS_s14_T1_ctrl,86,145,90.83333333333333,0.5883628129959106,-0.5447687241152664
UBFC_PHYS_s14_T1_ctrl,86,146,90.86666666666666,0.37034669518470764,0.11165802386541493
UBFC_PHYS_s14_T1_ctrl,86,147,90.9,0.19097131490707397,0.7451504813330669
UBFC_PHYS_s14_T1_ctrl,86,148,90.93333333333334,0.013173116371035576,1.2526665558790664
UBFC_PHYS_s14_T1_ctrl,86,149,90.96666666666667,-0.22990882396697998,1.565849903735949
UBFC_PHYS_s14_T1_ctrl,86,150,91.0,-0.5263612270355225,1.6600962991718953
UBFC_PHYS_s14_T1_ctrl,86,151,91.03333333333333,-0.7600646018981934,1.5482864764149114
UBFC_PHYS_s14_T1_ctrl,86,152,91.06666666666666,-0.7730199694633484,1.2661236913002227
UBFC_PHYS_s14_T1_ctrl,86,153,91.1,-0.5737609267234802,0.857814777618545
UBFC_PHYS_s14_T1_ctrl,86,154,91.13333333333334,-0.3456903100013733,0.3676578073877699
UBFC_PHYS_s14_T1_ctrl,86,155,91.16666666666667,-0.1950138509273529,-0.16162823884502805
UBFC_PHYS_s14_T1_ctrl,86,156,91.2,-0.11345142871141434,-0.6860565704063878
UBFC_PHYS_s14_T1_ctrl,86,157,91.23333333333333,-0.11150812357664108,-1.1565004302604593
UBFC_PHYS_s14_T1_ctrl,86,158,91.26666666666667,-0.1933240294456482,-1.5177156176383988
UBFC_PHYS_s14_T1_ctrl,86,159,91.3,-0.3163154423236847,-1.7134050840123924
UBFC_PHYS_s14_T1_ctrl,86,160,91.33333333333333,-0.4401799142360687,-1.6979576276872197
UBFC_PHYS_s14_T1_ctrl,86,161,91.36666666666666,-0.523657500743866,-1.4518802859437827
UBFC_PHYS_s14_T1_ctrl,86,162,91.4,-0.5518776178359985,-0.9948022950590936
UBFC_PHYS_s14_T1_ctrl,86,163,91.43333333333334,-0.5749719738960266,-0.3891057494989632
UBFC_PHYS_s14_T1_ctrl,86,164,91.46666666666667,-0.6340314745903015,0.27006307330797225
UBFC_PHYS_s14_T1_ctrl,86,165,91.5,-0.6932318806648254,0.8767228210948861
UBFC_PHYS_s14_T1_ctrl,86,166,91.53333333333333,-0.6893171072006226,1.3397083983523062
UBFC_PHYS_s14_T1_ctrl,86,167,91.56666666666666,-0.575957715511322,1.601541434768285
UBFC_PHYS_s14_T1_ctrl,86,168,91.6,-0.3255250155925751,1.6444205451270497
UBFC_PHYS_s14_T1_ctrl,86,169,91.63333333333334,0.05896748974919319,1.4844435269336174
UBFC_PHYS_s14_T1_ctrl,86,170,91.66666666666667,0.5628745555877686,1.1598057931139514
UBFC_PHYS_s14_T1_ctrl,86,171,91.7,1.0998460054397583,0.7191654666030459
UBFC_PHYS_s14_T1_ctrl,86,172,91.73333333333333,1.446852445602417,0.21389655288204856
UBFC_PHYS_s14_T1_ctrl,86,173,91.76666666666667,1.3991429805755615,-0.3052561872319384
UBFC_PHYS_s14_T1_ctrl,86,174,91.8,1.0199171304702759,-0.7887637797194756
UBFC_PHYS_s14_T1_ctrl,86,175,91.83333333333333,0.5572417974472046,-1.188478891088653
UBFC_PHYS_s14_T1_ctrl,86,176,91.86666666666666,0.1888590306043625,-1.4593797118873273
UBFC_PHYS_s14_T1_ctrl,86,177,91.9,-0.04788604751229286,-1.5639552861448294
UBFC_PHYS_s14_T1_ctrl,86,178,91.93333333333334,-0.18326954543590546,-1.4790676038138773
UBFC_PHYS_s14_T1_ctrl,86,179,91.96666666666667,-0.2411743551492691,-1.2037688114273164
UBFC_PHYS_s14_T1_ctrl,86,180,92.0,-0.23866777122020721,-0.7653163901757926
UBFC_PHYS_s14_T1_ctrl,86,181,92.03333333333333,-0.22661365568637848,-0.22004245971468092
UBFC_PHYS_s14_T1_ctrl,86,182,92.06666666666666,-0.3264825642108917,0.3535169007900132
UBFC_PHYS_s14_T1_ctrl,86,183,92.1,-0.6799666881561279,0.8691743005974036
UBFC_PHYS_s14_T1_ctrl,86,184,92.13333333333334,-1.2756315469741821,1.2514189247310148
UBFC_PHYS_s14_T1_ctrl,86,185,92.16666666666667,-1.843583106994629,1.4512274285264268
UBFC_PHYS_s14_T1_ctrl,86,186,92.2,-2.0180580615997314,1.4541690642542326
UBFC_PHYS_s14_T1_ctrl,86,187,92.23333333333333,-1.641395092010498,1.2791765773027757
UBFC_PHYS_s14_T1_ctrl,86,188,92.26666666666667,-0.9370179176330566,0.9699321419536779
UBFC_PHYS_s14_T1_ctrl,86,189,92.3,-0.3289046585559845,0.5826829058463578
UBFC_PHYS_s14_T1_ctrl,86,190,92.33333333333333,-0.018285872414708138,0.17409588822752634
UBFC_PHYS_s14_T1_ctrl,86,191,92.36666666666666,0.05882667005062103,-0.2083785549221713
UBFC_PHYS_s14_T1_ctrl,86,192,92.4,0.007540352176874876,-0.5320551320535877
UBFC_PHYS_s14_T1_ctrl,86,193,92.43333333333334,-0.076021708548069,-0.7796469689880157
UBFC_PHYS_s14_T1_ctrl,86,194,92.46666666666667,-0.06695295870304108,-0.9453442237698277
UBFC_PHYS_s14_T1_ctrl,86,195,92.5,0.07226081192493439,-1.0282683217118085
UBFC_PHYS_s14_T1_ctrl,86,196,92.53333333333333,0.21437545120716095,-1.0265381515593388
UBFC_PHYS_s14_T1_ctrl,86,197,92.56666666666666,0.20767246186733246,-0.9352891234707787
UBFC_PHYS_s14_T1_ctrl,86,198,92.6,0.03812626376748085,-0.7503426753189413
UBFC_PHYS_s14_T1_ctrl,86,199,92.63333333333334,-0.16597695648670197,-0.4762896277168717
UBFC_PHYS_s14_T1_ctrl,86,200,92.66666666666667,-0.2861238121986389,-0.13481116054916242
UBFC_PHYS_s14_T1_ctrl,86,201,92.7,-0.35433658957481384,0.23224336596025258
UBFC_PHYS_s14_T1_ctrl,86,202,92.73333333333333,-0.5316278338432312,0.5689531280863488
UBFC_PHYS_s14_T1_ctrl,86,203,92.76666666666667,-0.8942089080810547,0.8200685167820971
UBFC_PHYS_s14_T1_ctrl,86,204,92.8,-1.1736502647399902,0.9484045912196836
UBFC_PHYS_s14_T1_ctrl,86,205,92.83333333333333,-0.9567043781280518,0.9463569183805837
UBFC_PHYS_s14_T1_ctrl,86,206,92.86666666666666,-0.24196293950080872,0.8358604416223583
UBFC_PHYS_s14_T1_ctrl,86,207,92.9,0.5150805711746216,0.6572326932841016
UBFC_PHYS_s14_T1_ctrl,86,208,92.93333333333334,0.9731369614601135,0.4526926208647731
UBFC_PHYS_s14_T1_ctrl,86,209,92.96666666666667,1.1635525226593018,0.25223929439222376
UBFC_PHYS_s14_T1_ctrl,86,210,93.0,1.2052913904190063,0.0675070052653311
UBFC_PHYS_s14_T1_ctrl,86,211,93.03333333333333,1.1164344549179077,-0.10508391346127155
UBFC_PHYS_s14_T1_ctrl,86,212,93.06666666666666,0.9150350093841553,-0.27464800109467746
UBFC_PHYS_s14_T1_ctrl,86,213,93.1,0.651196300983429,-0.4447682055215796
UBFC_PHYS_s14_T1_ctrl,86,214,93.13333333333334,0.35843339562416077,-0.6063080207876012
UBFC_PHYS_s14_T1_ctrl,86,215,93.16666666666667,0.06493821740150452,-0.7373845252438838
UBFC_PHYS_s14_T1_ctrl,86,216,93.2,-0.1625409722328186,-0.8105051211067219
UBFC_PHYS_s14_T1_ctrl,86,217,93.23333333333333,-0.2761538326740265,-0.8036652660976228
UBFC_PHYS_s14_T1_ctrl,86,218,93.26666666666667,-0.4026375412940979,-0.7103674114478862
UBFC_PHYS_s14_T1_ctrl,86,219,93.3,-0.7955510020256042,-0.5436720073034215
UBFC_PHYS_s14_T1_ctrl,86,220,93.33333333333333,-1.4536550045013428,-0.3316881254855425
UBFC_PHYS_s14_T1_ctrl,86,221,93.36666666666666,-1.9965126514434814,-0.10628140772528549
UBFC_PHYS_s14_T1_ctrl,86,222,93.4,-2.0899603366851807,0.10852464274808317
UBFC_PHYS_s14_T1_ctrl,86,223,93.43333333333334,-1.7939021587371826,0.30115037844652714
UBFC_PHYS_s14_T1_ctrl,86,224,93.46666666666667,-1.2875165939331055,0.4678014549021808
UBFC_PHYS_s14_T1_ctrl,86,225,93.5,-0.5888848900794983,0.6030742196717068
UBFC_PHYS_s14_T1_ctrl,86,226,93.53333333333333,0.2152203768491745,0.6933543006941807
UBFC_PHYS_s14_T1_ctrl,86,227,93.56666666666666,0.814799964427948,0.7180874282302099
UBFC_PHYS_s14_T1_ctrl,86,228,93.6,1.013918161392212,0.6582243652248753
UBFC_PHYS_s14_T1_ctrl,86,229,93.63333333333334,0.9102753400802612,0.506492193501924
UBFC_PHYS_s14_T1_ctrl,86,230,93.66666666666667,0.706932544708252,0.27385025631100823
UBFC_PHYS_s14_T1_ctrl,86,231,93.7,0.5373018383979797,-0.010469650967912938
UBFC_PHYS_s14_T1_ctrl,86,232,93.73333333333333,0.5020688772201538,-0.3045124644890378
UBFC_PHYS_s14_T1_ctrl,86,233,93.76666666666667,0.6501542925834656,-0.5620067626750398
UBFC_PHYS_s14_T1_ctrl,86,234,93.8,0.8136734366416931,-0.7409401916740297
UBFC_PHYS_s14_T1_ctrl,86,235,93.83333333333333,0.7580498456954956,-0.810735851399034
UBFC_PHYS_s14_T1_ctrl,86,236,93.86666666666666,0.4859028458595276,-0.7574277693199952
UBFC_PHYS_s14_T1_ctrl,86,237,93.9,0.1451769471168518,-0.5864386118017464
UBFC_PHYS_s14_T1_ctrl,86,238,93.93333333333334,-0.23652732372283936,-0.32228270058229225
UBFC_PHYS_s14_T1_ctrl,86,239,93.96666666666667,-0.687063992023468,-0.004764666453517663
UBFC_PHYS_s14_T1_ctrl,87,0,87.0,0.7253798246383667,-0.0331244482215686
UBFC_PHYS_s14_T1_ctrl,87,1,87.03333333333333,0.6514216661453247,0.30503421108040624
UBFC_PHYS_s14_T1_ctrl,87,2,87.06666666666666,0.7485868334770203,0.654858508754394
UBFC_PHYS_s14_T1_ctrl,87,3,87.1,0.8494977951049805,1.0152087148656626
UBFC_PHYS_s14_T1_ctrl,87,4,87.13333333333334,0.8565950989723206,1.3635387013163243
UBFC_PHYS_s14_T1_ctrl,87,5,87.16666666666667,0.8440903425216675,1.6590658930661393
UBFC_PHYS_s14_T1_ctrl,87,6,87.2,0.8915745615959167,1.854114262816757
UBFC_PHYS_s14_T1_ctrl,87,7,87.23333333333333,0.9820649027824402,1.9080155696782592
UBFC_PHYS_s14_T1_ctrl,87,8,87.26666666666667,0.8974889516830444,1.7978672185069953
UBFC_PHYS_s14_T1_ctrl,87,9,87.3,0.2507067918777466,1.5231061377410375
UBFC_PHYS_s14_T1_ctrl,87,10,87.33333333333333,-0.8340509533882141,1.1044074856367312
UBFC_PHYS_s14_T1_ctrl,87,11,87.36666666666666,-1.5139538049697876,0.5797005770302138
UBFC_PHYS_s14_T1_ctrl,87,12,87.4,-1.251044511795044,-4.44702243777113e-05
UBFC_PHYS_s14_T1_ctrl,87,13,87.43333333333334,-0.4491923451423645,-0.5744318635622302
UBFC_PHYS_s14_T1_ctrl,87,14,87.46666666666667,0.3106112480163574,-1.077722573787628
UBFC_PHYS_s14_T1_ctrl,87,15,87.5,0.8669030666351318,-1.4451954607276774
UBFC_PHYS_s14_T1_ctrl,87,16,87.53333333333333,1.151611089706421,-1.6227622899582235
UBFC_PHYS_s14_T1_ctrl,87,17,87.56666666666666,1.149217128753662,-1.5788196158656225
UBFC_PHYS_s14_T1_ctrl,87,18,87.6,1.075512409210205,-1.3151401778654934
UBFC_PHYS_s14_T1_ctrl,87,19,87.63333333333334,1.0957058668136597,-0.872262215164904
UBFC_PHYS_s14_T1_ctrl,87,20,87.66666666666667,1.066021203994751,-0.32531122774268373
UBFC_PHYS_s14_T1_ctrl,87,21,87.7,0.8242348432540894,0.23074861664497254
UBFC_PHYS_s14_T1_ctrl,87,22,87.73333333333333,0.48604369163513184,0.7025536037783502
UBFC_PHYS_s14_T1_ctrl,87,23,87.76666666666667,0.22752796113491058,1.0189738418456407
UBFC_PHYS_s14_T1_ctrl,87,24,87.8,-0.022454118356108665,1.1437929077962756
UBFC_PHYS_s14_T1_ctrl,87,25,87.83333333333333,-0.4034261405467987,1.0772568475418913
UBFC_PHYS_s14_T1_ctrl,87,26,87.86666666666666,-0.7936640381813049,0.8484405929192463
UBFC_PHYS_s14_T1_ctrl,87,27,87.9,-0.8908573985099792,0.5036948552776758
UBFC_PHYS_s14_T1_ctrl,87,28,87.93333333333334,-0.5754225850105286,0.09631194311088934
UBFC_PHYS_s14_T1_ctrl,87,29,87.96666666666667,-0.04898443818092346,-0.319995010467783
UBFC_PHYS_s14_T1_ctrl,87,30,88.0,0.41318386793136597,-0.6940820961955235
UBFC_PHYS_s14_T1_ctrl,87,31,88.03333333333333,0.7065945863723755,-0.9790501978086098
UBFC_PHYS_s14_T1_ctrl,87,32,88.06666666666666,0.810040295124054,-1.1352695516471936
UBFC_PHYS_s14_T1_ctrl,87,33,88.1,0.6522946953773499,-1.1362003110110208
UBFC_PHYS_s14_T1_ctrl,87,34,88.13333333333334,0.27070310711860657,-0.9760304200156346
UBFC_PHYS_s14_T1_ctrl,87,35,88.16666666666667,-0.16192136704921722,-0.6757155775019325
UBFC_PHYS_s14_T1_ctrl,87,36,88.2,-0.5369226336479187,-0.2830802030537259
UBFC_PHYS_s14_T1_ctrl,87,37,88.23333333333333,-0.8588914275169373,0.13552972477601596
UBFC_PHYS_s14_T1_ctrl,87,38,88.26666666666667,-1.1467820405960083,0.5103131154371424
UBFC_PHYS_s14_T1_ctrl,87,39,88.3,-1.4341374635696411,0.7841581065417856
UBFC_PHYS_s14_T1_ctrl,87,40,88.33333333333333,-1.7866922616958618,0.9234903610134655
UBFC_PHYS_s14_T1_ctrl,87,41,88.36666666666666,-2.2179648876190186,0.92051102451529
UBFC_PHYS_s14_T1_ctrl,87,42,88.4,-2.574180841445923,0.7884805974923804
UBFC_PHYS_s14_T1_ctrl,87,43,88.43333333333334,-2.552522897720337,0.5548598925426143
UBFC_PHYS_s14_T1_ctrl,87,44,88.46666666666667,-1.9468035697937012,0.2561505000253883
UBFC_PHYS_s14_T1_ctrl,87,45,88.5,-0.8689740896224976,-0.06500011634115394
UBFC_PHYS_s14_T1_ctrl,87,46,88.53333333333333,0.27211129665374756,-0.3622869625979149
UBFC_PHYS_s14_T1_ctrl,87,47,88.56666666666666,1.0359141826629639,-0.5899804123022441
UBFC_PHYS_s14_T1_ctrl,87,48,88.6,1.2756727933883667,-0.7096339710356105
UBFC_PHYS_s14_T1_ctrl,87,49,88.63333333333334,1.162397861480713,-0.6981054785745878
UBFC_PHYS_s14_T1_ctrl,87,50,88.66666666666667,0.9337921142578125,-0.5545028905958629
UBFC_PHYS_s14_T1_ctrl,87,51,88.7,0.7054398655891418,-0.30330242217665787
UBFC_PHYS_s14_T1_ctrl,87,52,88.73333333333333,0.5013084411621094,0.008638431983843498
UBFC_PHYS_s14_T1_ctrl,87,53,88.76666666666667,0.30449968576431274,0.321661624407102
UBFC_PHYS_s14_T1_ctrl,87,54,88.8,0.05722133442759514,0.5770359164642856
UBFC_PHYS_s14_T1_ctrl,87,55,88.83333333333333,-0.3147100806236267,0.730061496623802
UBFC_PHYS_s14_T1_ctrl,87,56,88.86666666666666,-0.8130970597267151,0.7578922332996785
UBFC_PHYS_s14_T1_ctrl,87,57,88.9,-1.335789442062378,0.6601920707678249
UBFC_PHYS_s14_T1_ctrl,87,58,88.93333333333334,-1.774863362312317,0.4546439568677419
UBFC_PHYS_s14_T1_ctrl,87,59,88.96666666666667,-2.0410959720611572,0.17149328349974657
UBFC_PHYS_s14_T1_ctrl,87,60,89.0,-1.9698978662490845,-0.1499607467876873
UBFC_PHYS_s14_T1_ctrl,87,61,89.03333333333333,-1.3480125665664673,-0.4631768545571767
UBFC_PHYS_s14_T1_ctrl,87,62,89.06666666666666,-0.22835981845855713,-0.7170784319123424
UBFC_PHYS_s14_T1_ctrl,87,63,89.1,1.003272294998169,-0.8623269964281219
UBFC_PHYS_s14_T1_ctrl,87,64,89.13333333333334,1.8632264137268066,-0.8617102282866471
UBFC_PHYS_s14_T1_ctrl,87,65,89.16666666666667,2.1317403316497803,-0.7020806397686693
UBFC_PHYS_s14_T1_ctrl,87,66,89.2,1.9301435947418213,-0.40292131899668143
UBFC_PHYS_s14_T1_ctrl,87,67,89.23333333333333,1.5655348300933838,-0.01646269179392954
UBFC_PHYS_s14_T1_ctrl,87,68,89.26666666666667,1.340055227279663,0.38305174154371147
UBFC_PHYS_s14_T1_ctrl,87,69,89.3,1.3391258716583252,0.7184270047969845
UBFC_PHYS_s14_T1_ctrl,87,70,89.33333333333333,1.3810335397720337,0.9295021560299034
UBFC_PHYS_s14_T1_ctrl,87,71,89.36666666666666,1.2379332780838013,0.9857002526212612
UBFC_PHYS_s14_T1_ctrl,87,72,89.4,0.8435834050178528,0.8873465517932482
UBFC_PHYS_s14_T1_ctrl,87,73,89.43333333333334,0.2931496798992157,0.6582612631256372
UBFC_PHYS_s14_T1_ctrl,87,74,89.46666666666667,-0.2034066766500473,0.3354427772083491
UBFC_PHYS_s14_T1_ctrl,87,75,89.5,-0.3886401355266571,-0.038981694064390254
UBFC_PHYS_s14_T1_ctrl,87,76,89.53333333333333,-0.19329586625099182,-0.42134980672483024
UBFC_PHYS_s14_T1_ctrl,87,77,89.56666666666666,0.09479187428951263,-0.7667423529358988
UBFC_PHYS_s14_T1_ctrl,87,78,89.6,0.224514439702034,-1.0291233745479365
UBFC_PHYS_s14_T1_ctrl,87,79,89.63333333333334,0.213924840092659,-1.1645543340823292
UBFC_PHYS_s14_T1_ctrl,87,80,89.66666666666667,0.14365610480308533,-1.138893004712264
UBFC_PHYS_s14_T1_ctrl,87,81,89.7,0.025706017389893532,-0.9385006352533338
UBFC_PHYS_s14_T1_ctrl,87,82,89.73333333333333,-0.08773785829544067,-0.5797520880310872
UBFC_PHYS_s14_T1_ctrl,87,83,89.76666666666667,-0.13502490520477295,-0.11207167165157167
UBFC_PHYS_s14_T1_ctrl,87,84,89.8,-0.14015072584152222,0.38913991660058145
UBFC_PHYS_s14_T1_ctrl,87,85,89.83333333333333,-0.15093746781349182,0.8390011105965695
UBFC_PHYS_s14_T1_ctrl,87,86,89.86666666666666,-0.1818331778049469,1.1632396259569302
UBFC_PHYS_s14_T1_ctrl,87,87,89.9,-0.2418784499168396,1.313820358620104
UBFC_PHYS_s14_T1_ctrl,87,88,89.93333333333334,-0.3658837676048279,1.2749019431576813
UBFC_PHYS_s14_T1_ctrl,87,89,89.96666666666667,-0.5252628326416016,1.059492323498816
UBFC_PHYS_s14_T1_ctrl,87,90,90.0,-0.5301633477210999,0.7014361553739226
UBFC_PHYS_s14_T1_ctrl,87,91,90.03333333333333,-0.2223890870809555,0.24796122217748726
UBFC_PHYS_s14_T1_ctrl,87,92,90.06666666666666,0.2648731768131256,-0.24483918088832932
UBFC_PHYS_s14_T1_ctrl,87,93,90.1,0.7176911234855652,-0.7147976899236579
UBFC_PHYS_s14_T1_ctrl,87,94,90.13333333333334,0.9550557732582092,-1.0975618819624693
UBFC_PHYS_s14_T1_ctrl,87,95,90.16666666666667,0.7979016900062561,-1.3337309567477154
UBFC_PHYS_s14_T1_ctrl,87,96,90.2,0.27799752354621887,-1.379426096212195
UBFC_PHYS_s14_T1_ctrl,87,97,90.23333333333333,-0.26770466566085815,-1.2180023131761242
UBFC_PHYS_s14_T1_ctrl,87,98,90.26666666666667,-0.5366973280906677,-0.8685020312129298
UBFC_PHYS_s14_T1_ctrl,87,99,90.3,-0.5116596817970276,-0.38602904864645854
UBFC_PHYS_s14_T1_ctrl,87,100,90.33333333333333,-0.3390718102455139,0.1485541756783476
UBFC_PHYS_s14_T1_ctrl,87,101,90.36666666666666,-0.20898310840129852,0.6475216300931923
UBFC_PHYS_s14_T1_ctrl,87,102,90.4,-0.26849326491355896,1.0366589994617286
UBFC_PHYS_s14_T1_ctrl,87,103,90.43333333333334,-0.47952479124069214,1.2686822596666338
UBFC_PHYS_s14_T1_ctrl,87,104,90.46666666666667,-0.6843039393424988,1.3256021689245727
UBFC_PHYS_s14_T1_ctrl,87,105,90.5,-0.7654720544815063,1.2124726955701794
UBFC_PHYS_s14_T1_ctrl,87,106,90.53333333333333,-0.6412977576255798,0.9488208869839888
UBFC_PHYS_s14_T1_ctrl,87,107,90.56666666666666,-0.30488091707229614,0.563482752343892
UBFC_PHYS_s14_T1_ctrl,87,108,90.6,0.1183086633682251,0.09470940538108953
UBFC_PHYS_s14_T1_ctrl,87,109,90.63333333333334,0.4826640188694,-0.4069622885293598
UBFC_PHYS_s14_T1_ctrl,87,110,90.66666666666667,0.7191838026046753,-0.8778322833081718
UBFC_PHYS_s14_T1_ctrl,87,111,90.7,0.7903537750244141,-1.2462085248168275
UBFC_PHYS_s14_T1_ctrl,87,112,90.73333333333333,0.754275918006897,-1.4447193662894529
UBFC_PHYS_s14_T1_ctrl,87,113,90.76666666666667,0.746052086353302,-1.427112124103731
UBFC_PHYS_s14_T1_ctrl,87,114,90.8,0.7324771285057068,-1.1839336581893676
UBFC_PHYS_s14_T1_ctrl,87,115,90.83333333333333,0.5883628129959106,-0.7503827366709211
UBFC_PHYS_s14_T1_ctrl,87,116,90.86666666666666,0.37034669518470764,-0.20115804198380086
UBFC_PHYS_s14_T1_ctrl,87,117,90.9,0.19097131490707397,0.3679440974422839
UBFC_PHYS_s14_T1_ctrl,87,118,90.93333333333334,0.013173116371035576,0.8650302635522257
UBFC_PHYS_s14_T1_ctrl,87,119,90.96666666666667,-0.22990882396697998,1.2231623917335326
UBFC_PHYS_s14_T1_ctrl,87,120,91.0,-0.5263612270355225,1.4095972635527243
UBFC_PHYS_s14_T1_ctrl,87,121,91.03333333333333,-0.7600646018981934,1.4222369066706724
UBFC_PHYS_s14_T1_ctrl,87,122,91.06666666666666,-0.7730199694633484,1.2784798724084099
UBFC_PHYS_s14_T1_ctrl,87,123,91.1,-0.5737609267234802,1.003881561199948
UBFC_PHYS_s14_T1_ctrl,87,124,91.13333333333334,-0.3456903100013733,0.6258770606789622
UBFC_PHYS_s14_T1_ctrl,87,125,91.16666666666667,-0.1950138509273529,0.17370759888860182
UBFC_PHYS_s14_T1_ctrl,87,126,91.2,-0.11345142871141434,-0.31755206699704197
UBFC_PHYS_s14_T1_ctrl,87,127,91.23333333333333,-0.11150812357664108,-0.8025270222837302
UBFC_PHYS_s14_T1_ctrl,87,128,91.26666666666667,-0.1933240294456482,-1.2244764905423624
UBFC_PHYS_s14_T1_ctrl,87,129,91.3,-0.3163154423236847,-1.5203899954052735
UBFC_PHYS_s14_T1_ctrl,87,130,91.33333333333333,-0.4401799142360687,-1.6327748759013012
UBFC_PHYS_s14_T1_ctrl,87,131,91.36666666666666,-0.523657500743866,-1.5256873987187118
UBFC_PHYS_s14_T1_ctrl,87,132,91.4,-0.5518776178359985,-1.1996875594511818
UBFC_PHYS_s14_T1_ctrl,87,133,91.43333333333334,-0.5749719738960266,-0.6989105258481508
UBFC_PHYS_s14_T1_ctrl,87,134,91.46666666666667,-0.6340314745903015,-0.10479357125323524
UBFC_PHYS_s14_T1_ctrl,87,135,91.5,-0.6932318806648254,0.48372680492920467
UBFC_PHYS_s14_T1_ctrl,87,136,91.53333333333333,-0.6893171072006226,0.9761850123688249
UBFC_PHYS_s14_T1_ctrl,87,137,91.56666666666666,-0.575957715511322,1.3113267936690276
UBFC_PHYS_s14_T1_ctrl,87,138,91.6,-0.3255250155925751,1.4646894873345402
UBFC_PHYS_s14_T1_ctrl,87,139,91.63333333333334,0.05896748974919319,1.4428776423497105
UBFC_PHYS_s14_T1_ctrl,87,140,91.66666666666667,0.5628745555877686,1.2706613705000243
UBFC_PHYS_s14_T1_ctrl,87,141,91.7,1.0998460054397583,0.9787353231665727
UBFC_PHYS_s14_T1_ctrl,87,142,91.73333333333333,1.446852445602417,0.5972989348741677
UBFC_PHYS_s14_T1_ctrl,87,143,91.76666666666667,1.3991429805755615,0.15617166175531777
UBFC_PHYS_s14_T1_ctrl,87,144,91.8,1.0199171304702759,-0.31118310401584043
UBFC_PHYS_s14_T1_ctrl,87,145,91.83333333333333,0.5572417974472046,-0.7635662204431968
UBFC_PHYS_s14_T1_ctrl,87,146,91.86666666666666,0.1888590306043625,-1.1511959226560253
UBFC_PHYS_s14_T1_ctrl,87,147,91.9,-0.04788604751229286,-1.4199639255820091
UBFC_PHYS_s14_T1_ctrl,87,148,91.93333333333334,-0.18326954543590546,-1.5209086394415883
UBFC_PHYS_s14_T1_ctrl,87,149,91.96666666666667,-0.2411743551492691,-1.4230397615013373
UBFC_PHYS_s14_T1_ctrl,87,150,92.0,-0.23866777122020721,-1.1255863121726468
UBFC_PHYS_s14_T1_ctrl,87,151,92.03333333333333,-0.22661365568637848,-0.6645045160600087
UBFC_PHYS_s14_T1_ctrl,87,152,92.06666666666666,-0.3264825642108917,-0.10886545899606441
UBFC_PHYS_s14_T1_ctrl,87,153,92.1,-0.6799666881561279,0.453705055859932
UBFC_PHYS_s14_T1_ctrl,87,154,92.13333333333334,-1.2756315469741821,0.9380561048277897
UBFC_PHYS_s14_T1_ctrl,87,155,92.16666666666667,-1.843583106994629,1.280945311825899
UBFC_PHYS_s14_T1_ctrl,87,156,92.2,-2.0180580615997314,1.451729841967476
UBFC_PHYS_s14_T1_ctrl,87,157,92.23333333333333,-1.641395092010498,1.451714371780379
UBFC_PHYS_s14_T1_ctrl,87,158,92.26666666666667,-0.9370179176330566,1.3047604830242772
UBFC_PHYS_s14_T1_ctrl,87,159,92.3,-0.3289046585559845,1.0448368044163705
UBFC_PHYS_s14_T1_ctrl,87,160,92.33333333333333,-0.018285872414708138,0.7059146727208478
UBFC_PHYS_s14_T1_ctrl,87,161,92.36666666666666,0.05882667005062103,0.31712545154636135
UBFC_PHYS_s14_T1_ctrl,87,162,92.4,0.007540352176874876,-0.09666696167433562
UBFC_PHYS_s14_T1_ctrl,87,163,92.43333333333334,-0.076021708548069,-0.5107396843855424
UBFC_PHYS_s14_T1_ctrl,87,164,92.46666666666667,-0.06695295870304108,-0.8957094202256178
UBFC_PHYS_s14_T1_ctrl,87,165,92.5,0.07226081192493439,-1.2149986944711724
UBFC_PHYS_s14_T1_ctrl,87,166,92.53333333333333,0.21437545120716095,-1.4267640429293786
UBFC_PHYS_s14_T1_ctrl,87,167,92.56666666666666,0.20767246186733246,-1.4910258153397924
UBFC_PHYS_s14_T1_ctrl,87,168,92.6,0.03812626376748085,-1.3807576307961893
UBFC_PHYS_s14_T1_ctrl,87,169,92.63333333333334,-0.16597695648670197,-1.0935901421072096
UBFC_PHYS_s14_T1_ctrl,87,170,92.66666666666667,-0.2861238121986389,-0.6593282044500024
UBFC_PHYS_s14_T1_ctrl,87,171,92.7,-0.35433658957481384,-0.13875727966676996
UBFC_PHYS_s14_T1_ctrl,87,172,92.73333333333333,-0.5316278338432312,0.38808725219350854
UBFC_PHYS_s14_T1_ctrl,87,173,92.76666666666667,-0.8942089080810547,0.8413042953703805
UBFC_PHYS_s14_T1_ctrl,87,174,92.8,-1.1736502647399902,1.160664828574547
UBFC_PHYS_s14_T1_ctrl,87,175,92.83333333333333,-0.9567043781280518,1.3169964178028075
UBFC_PHYS_s14_T1_ctrl,87,176,92.86666666666666,-0.24196293950080872,1.3117088568136488
UBFC_PHYS_s14_T1_ctrl,87,177,92.9,0.5150805711746216,1.1672120941684148
UBFC_PHYS_s14_T1_ctrl,87,178,92.93333333333334,0.9731369614601135,0.9146370766180305
UBFC_PHYS_s14_T1_ctrl,87,179,92.96666666666667,1.1635525226593018,0.5848038776393769
UBFC_PHYS_s14_T1_ctrl,87,180,93.0,1.2052913904190063,0.20514807609956437
UBFC_PHYS_s14_T1_ctrl,87,181,93.03333333333333,1.1164344549179077,-0.1982463589840387
UBFC_PHYS_s14_T1_ctrl,87,182,93.06666666666666,0.9150350093841553,-0.5963518733333792
UBFC_PHYS_s14_T1_ctrl,87,183,93.1,0.651196300983429,-0.9538295479321149
UBFC_PHYS_s14_T1_ctrl,87,184,93.13333333333334,0.35843339562416077,-1.2291870850337983
UBFC_PHYS_s14_T1_ctrl,87,185,93.16666666666667,0.06493821740150452,-1.3797575092747785
UBFC_PHYS_s14_T1_ctrl,87,186,93.2,-0.1625409722328186,-1.3709010496456178
UBFC_PHYS_s14_T1_ctrl,87,187,93.23333333333333,-0.2761538326740265,-1.1868932680405768
UBFC_PHYS_s14_T1_ctrl,87,188,93.26666666666667,-0.4026375412940979,-0.8396619784741878
UBFC_PHYS_s14_T1_ctrl,87,189,93.3,-0.7955510020256042,-0.37135208133507497
UBFC_PHYS_s14_T1_ctrl,87,190,93.33333333333333,-1.4536550045013428,0.15193983023341848
UBFC_PHYS_s14_T1_ctrl,87,191,93.36666666666666,-1.9965126514434814,0.6545798528077283
UBFC_PHYS_s14_T1_ctrl,87,192,93.4,-2.0899603366851807,1.0689353550333924
UBFC_PHYS_s14_T1_ctrl,87,193,93.43333333333334,-1.7939021587371826,1.3489165641570424
UBFC_PHYS_s14_T1_ctrl,87,194,93.46666666666667,-1.2875165939331055,1.4747390057396346
UBFC_PHYS_s14_T1_ctrl,87,195,93.5,-0.5888848900794983,1.4489893510458887
UBFC_PHYS_s14_T1_ctrl,87,196,93.53333333333333,0.2152203768491745,1.288048013649009
UBFC_PHYS_s14_T1_ctrl,87,197,93.56666666666666,0.814799964427948,1.0141735211791454
UBFC_PHYS_s14_T1_ctrl,87,198,93.6,1.013918161392212,0.6519957596628413
UBFC_PHYS_s14_T1_ctrl,87,199,93.63333333333334,0.9102753400802612,0.2299599598133802
UBFC_PHYS_s14_T1_ctrl,87,200,93.66666666666667,0.706932544708252,-0.215831027748877
UBFC_PHYS_s14_T1_ctrl,87,201,93.7,0.5373018383979797,-0.6393435230966794
UBFC_PHYS_s14_T1_ctrl,87,202,93.73333333333333,0.5020688772201538,-0.9870206723603506
UBFC_PHYS_s14_T1_ctrl,87,203,93.76666666666667,0.6501542925834656,-1.2056962781657035
UBFC_PHYS_s14_T1_ctrl,87,204,93.8,0.8136734366416931,-1.2544253115120123
UBFC_PHYS_s14_T1_ctrl,87,205,93.83333333333333,0.7580498456954956,-1.116811005077415
UBFC_PHYS_s14_T1_ctrl,87,206,93.86666666666666,0.4859028458595276,-0.8094883945294161
UBFC_PHYS_s14_T1_ctrl,87,207,93.9,0.1451769471168518,-0.38269401447757734
UBFC_PHYS_s14_T1_ctrl,87,208,93.93333333333334,-0.23652732372283936,0.08927898619854431
UBFC_PHYS_s14_T1_ctrl,87,209,93.96666666666667,-0.687063992023468,0.5259669089960304
UBFC_PHYS_s14_T1_ctrl,87,210,94.0,-1.1697636842727661,0.8603128933132301
UBFC_PHYS_s14_T1_ctrl,87,211,94.03333333333333,-1.6380717754364014,1.0515394697298428
UBFC_PHYS_s14_T1_ctrl,87,212,94.06666666666666,-1.9553935527801514,1.086798067239562
UBFC_PHYS_s14_T1_ctrl,87,213,94.1,-1.843160629272461,0.9736265113666467
UBFC_PHYS_s14_T1_ctrl,87,214,94.13333333333334,-1.2209092378616333,0.7296908697253047
UBFC_PHYS_s14_T1_ctrl,87,215,94.16666666666667,-0.4217326045036316,0.37632422144238564
UBFC_PHYS_s14_T1_ctrl,87,216,94.2,0.17018641531467438,-0.06139260417052426
UBFC_PHYS_s14_T1_ctrl,87,217,94.23333333333333,0.5017872452735901,-0.5499386177978326
UBFC_PHYS_s14_T1_ctrl,87,218,94.26666666666667,0.7060031294822693,-1.0426590924157757
UBFC_PHYS_s14_T1_ctrl,87,219,94.3,0.7977045178413391,-1.4796371488160973
UBFC_PHYS_s14_T1_ctrl,87,220,94.33333333333333,0.7289003133773804,-1.7946366159093536
UBFC_PHYS_s14_T1_ctrl,87,221,94.36666666666666,0.5898273587226868,-1.928494005665689
UBFC_PHYS_s14_T1_ctrl,87,222,94.4,0.5440611243247986,-1.8452078387538482
UBFC_PHYS_s14_T1_ctrl,87,223,94.43333333333334,0.587602436542511,-1.5449633750135836
UBFC_PHYS_s14_T1_ctrl,87,224,94.46666666666667,0.5870391726493835,-1.0684008832328145
UBFC_PHYS_s14_T1_ctrl,87,225,94.5,0.5027448534965515,-0.48912253661634303
UBFC_PHYS_s14_T1_ctrl,87,226,94.53333333333333,0.3236510753631592,0.10389660435012568
UBFC_PHYS_s14_T1_ctrl,87,227,94.56666666666666,-0.042957380414009094,0.627899992661565
UBFC_PHYS_s14_T1_ctrl,87,228,94.6,-0.5942078828811646,1.0241104784440966
UBFC_PHYS_s14_T1_ctrl,87,229,94.63333333333334,-1.1394312381744385,1.2659210945938864
UBFC_PHYS_s14_T1_ctrl,87,230,94.66666666666667,-1.4192951917648315,1.3567249638704566
UBFC_PHYS_s14_T1_ctrl,87,231,94.7,-1.233723759651184,1.3211709253637067
UBFC_PHYS_s14_T1_ctrl,87,232,94.73333333333333,-0.6347074508666992,1.1950365102588358
UBFC_PHYS_s14_T1_ctrl,87,233,94.76666666666667,0.05099712684750557,1.0172495584833645
UBFC_PHYS_s14_T1_ctrl,87,234,94.8,0.5550450682640076,0.8247608047089835
UBFC_PHYS_s14_T1_ctrl,87,235,94.83333333333333,0.8048018217086792,0.6489314825284749
UBFC_PHYS_s14_T1_ctrl,87,236,94.86666666666666,0.764217734336853,0.511937037464266
UBFC_PHYS_s14_T1_ctrl,87,237,94.9,0.4997876286506653,0.42306094243441184
UBFC_PHYS_s14_T1_ctrl,87,238,94.93333333333334,0.23363950848579407,0.376416826342655
UBFC_PHYS_s14_T1_ctrl,87,239,94.96666666666667,0.11509798467159271,0.35227909040052685
UBFC_PHYS_s14_T1_ctrl,88,0,88.0,0.41318386793136597,0.06679147226558041
UBFC_PHYS_s14_T1_ctrl,88,1,88.03333333333333,0.7065945863723755,0.015997895527168765
UBFC_PHYS_s14_T1_ctrl,88,2,88.06666666666666,0.810040295124054,0.04433358941708904
UBFC_PHYS_s14_T1_ctrl,88,3,88.1,0.6522946953773499,0.2062345344329566
UBFC_PHYS_s14_T1_ctrl,88,4,88.13333333333334,0.27070310711860657,0.507765605125708
UBFC_PHYS_s14_T1_ctrl,88,5,88.16666666666667,-0.16192136704921722,0.9038675325070992
UBFC_PHYS_s14_T1_ctrl,88,6,88.2,-0.5369226336479187,1.313065449340492
UBFC_PHYS_s14_T1_ctrl,88,7,88.23333333333333,-0.8588914275169373,1.6436597950866219
UBFC_PHYS_s14_T1_ctrl,88,8,88.26666666666667,-1.1467820405960083,1.8204906948480855
UBFC_PHYS_s14_T1_ctrl,88,9,88.3,-1.4341374635696411,1.801978987696101
UBFC_PHYS_s14_T1_ctrl,88,10,88.33333333333333,-1.7866922616958618,1.58376346086619
UBFC_PHYS_s14_T1_ctrl,88,11,88.36666666666666,-2.2179648876190186,1.1925229364733585
UBFC_PHYS_s14_T1_ctrl,88,12,88.4,-2.574180841445923,0.676151036143618
UBFC_PHYS_s14_T1_ctrl,88,13,88.43333333333334,-2.552522897720337,0.09473732939799298
UBFC_PHYS_s14_T1_ctrl,88,14,88.46666666666667,-1.9468035697937012,-0.4860899036663313
UBFC_PHYS_s14_T1_ctrl,88,15,88.5,-0.8689740896224976,-1.0001615907206838
UBFC_PHYS_s14_T1_ctrl,88,16,88.53333333333333,0.27211129665374756,-1.3858283590535099
UBFC_PHYS_s14_T1_ctrl,88,17,88.56666666666666,1.0359141826629639,-1.5925690578192504
UBFC_PHYS_s14_T1_ctrl,88,18,88.6,1.2756727933883667,-1.5894354547728105
UBFC_PHYS_s14_T1_ctrl,88,19,88.63333333333334,1.162397861480713,-1.3737736801539673
UBFC_PHYS_s14_T1_ctrl,88,20,88.66666666666667,0.9337921142578125,-0.9768332966792536
UBFC_PHYS_s14_T1_ctrl,88,21,88.7,0.7054398655891418,-0.4623063753664058
UBFC_PHYS_s14_T1_ctrl,88,22,88.73333333333333,0.5013084411621094,0.08441716448229107
UBFC_PHYS_s14_T1_ctrl,88,23,88.76666666666667,0.30449968576431274,0.574388504999664
UBFC_PHYS_s14_T1_ctrl,88,24,88.8,0.05722133442759514,0.9341766816596446
UBFC_PHYS_s14_T1_ctrl,88,25,88.83333333333333,-0.3147100806236267,1.1183933878951524
UBFC_PHYS_s14_T1_ctrl,88,26,88.86666666666666,-0.8130970597267151,1.1124866280757308
UBFC_PHYS_s14_T1_ctrl,88,27,88.9,-1.335789442062378,0.9283736541907672
UBFC_PHYS_s14_T1_ctrl,88,28,88.93333333333334,-1.774863362312317,0.5978934687240538
UBFC_PHYS_s14_T1_ctrl,88,29,88.96666666666667,-2.0410959720611572,0.16761413560746957
UBFC_PHYS_s14_T1_ctrl,88,30,89.0,-1.9698978662490845,-0.3045587509942388
UBFC_PHYS_s14_T1_ctrl,88,31,89.03333333333333,-1.3480125665664673,-0.7528858548058323
UBFC_PHYS_s14_T1_ctrl,88,32,89.06666666666666,-0.22835981845855713,-1.1096415848574992
UBFC_PHYS_s14_T1_ctrl,88,33,89.1,1.003272294998169,-1.3142923365417536
UBFC_PHYS_s14_T1_ctrl,88,34,89.13333333333334,1.8632264137268066,-1.3252554443252247
UBFC_PHYS_s14_T1_ctrl,88,35,89.16666666666667,2.1317403316497803,-1.1315725428582915
UBFC_PHYS_s14_T1_ctrl,88,36,89.2,1.9301435947418213,-0.7601199585069376
UBFC_PHYS_s14_T1_ctrl,88,37,89.23333333333333,1.5655348300933838,-0.2737292161680787
UBFC_PHYS_s14_T1_ctrl,88,38,89.26666666666667,1.340055227279663,0.24198391615607612
UBFC_PHYS_s14_T1_ctrl,88,39,89.3,1.3391258716583252,0.7000773122101173
UBFC_PHYS_s14_T1_ctrl,88,40,89.33333333333333,1.3810335397720337,1.0334147708377612
UBFC_PHYS_s14_T1_ctrl,88,41,89.36666666666666,1.2379332780838013,1.2060688737998964
UBFC_PHYS_s14_T1_ctrl,88,42,89.4,0.8435834050178528,1.2118985076898119
UBFC_PHYS_s14_T1_ctrl,88,43,89.43333333333334,0.2931496798992157,1.065200390319032
UBFC_PHYS_s14_T1_ctrl,88,44,89.46666666666667,-0.2034066766500473,0.791403474171224
UBFC_PHYS_s14_T1_ctrl,88,45,89.5,-0.3886401355266571,0.4230436687260927
UBFC_PHYS_s14_T1_ctrl,88,46,89.53333333333333,-0.19329586625099182,0.0008679382736654084
UBFC_PHYS_s14_T1_ctrl,88,47,89.56666666666666,0.09479187428951263,-0.42418161089610923
UBFC_PHYS_s14_T1_ctrl,88,48,89.6,0.224514439702034,-0.7927517623067483
UBFC_PHYS_s14_T1_ctrl,88,49,89.63333333333334,0.213924840092659,-1.0447621038780004
UBFC_PHYS_s14_T1_ctrl,88,50,89.66666666666667,0.14365610480308533,-1.1318767663578442
UBFC_PHYS_s14_T1_ctrl,88,51,89.7,0.025706017389893532,-1.0310549696998
UBFC_PHYS_s14_T1_ctrl,88,52,89.73333333333333,-0.08773785829544067,-0.7541832511433992
UBFC_PHYS_s14_T1_ctrl,88,53,89.76666666666667,-0.13502490520477295,-0.3491665903073918
UBFC_PHYS_s14_T1_ctrl,88,54,89.8,-0.14015072584152222,0.10986094733931215
UBFC_PHYS_s14_T1_ctrl,88,55,89.83333333333333,-0.15093746781349182,0.5411512046635356
UBFC_PHYS_s14_T1_ctrl,88,56,89.86666666666666,-0.1818331778049469,0.8756890112640413
UBFC_PHYS_s14_T1_ctrl,88,57,89.9,-0.2418784499168396,1.070595174994395
UBFC_PHYS_s14_T1_ctrl,88,58,89.93333333333334,-0.3658837676048279,1.1111581739862304
UBFC_PHYS_s14_T1_ctrl,88,59,89.96666666666667,-0.5252628326416016,1.003962006739188
UBFC_PHYS_s14_T1_ctrl,88,60,90.0,-0.5301633477210999,0.7680168591844676
UBFC_PHYS_s14_T1_ctrl,88,61,90.03333333333333,-0.2223890870809555,0.43013213996354155
UBFC_PHYS_s14_T1_ctrl,88,62,90.06666666666666,0.2648731768131256,0.025855814843554162
UBFC_PHYS_s14_T1_ctrl,88,63,90.1,0.7176911234855652,-0.39773935823021234
UBFC_PHYS_s14_T1_ctrl,88,64,90.13333333333334,0.9550557732582092,-0.7825668283511604
UBFC_PHYS_s14_T1_ctrl,88,65,90.16666666666667,0.7979016900062561,-1.0663318781785065
UBFC_PHYS_s14_T1_ctrl,88,66,90.2,0.27799752354621887,-1.1950646172557173
UBFC_PHYS_s14_T1_ctrl,88,67,90.23333333333333,-0.26770466566085815,-1.1376759954999605
UBFC_PHYS_s14_T1_ctrl,88,68,90.26666666666667,-0.5366973280906677,-0.8972488349608077
UBFC_PHYS_s14_T1_ctrl,88,69,90.3,-0.5116596817970276,-0.5140724129882273
UBFC_PHYS_s14_T1_ctrl,88,70,90.33333333333333,-0.3390718102455139,-0.05762864065458228
UBFC_PHYS_s14_T1_ctrl,88,71,90.36666666666666,-0.20898310840129852,0.39100457472754135
UBFC_PHYS_s14_T1_ctrl,88,72,90.4,-0.26849326491355896,0.7598135798712935
UBFC_PHYS_s14_T1_ctrl,88,73,90.43333333333334,-0.47952479124069214,1.0009053293235488
UBFC_PHYS_s14_T1_ctrl,88,74,90.46666666666667,-0.6843039393424988,1.0945102142257415
UBFC_PHYS_s14_T1_ctrl,88,75,90.5,-0.7654720544815063,1.0429320398072275
UBFC_PHYS_s14_T1_ctrl,88,76,90.53333333333333,-0.6412977576255798,0.8607787736374826
UBFC_PHYS_s14_T1_ctrl,88,77,90.56666666666666,-0.30488091707229614,0.5686500491540121
UBFC_PHYS_s14_T1_ctrl,88,78,90.6,0.1183086633682251,0.19339235400735488
UBFC_PHYS_s14_T1_ctrl,88,79,90.63333333333334,0.4826640188694,-0.22749759836726674
UBFC_PHYS_s14_T1_ctrl,88,80,90.66666666666667,0.7191838026046753,-0.6427366218569955
UBFC_PHYS_s14_T1_ctrl,88,81,90.7,0.7903537750244141,-0.9901355842891576
UBFC_PHYS_s14_T1_ctrl,88,82,90.73333333333333,0.754275918006897,-1.207007289816738
UBFC_PHYS_s14_T1_ctrl,88,83,90.76666666666667,0.746052086353302,-1.2456704137390713
UBFC_PHYS_s14_T1_ctrl,88,84,90.8,0.7324771285057068,-1.0887230246907094
UBFC_PHYS_s14_T1_ctrl,88,85,90.83333333333333,0.5883628129959106,-0.7577765820352069
UBFC_PHYS_s14_T1_ctrl,88,86,90.86666666666666,0.37034669518470764,-0.3107240493991358
UBFC_PHYS_s14_T1_ctrl,88,87,90.9,0.19097131490707397,0.17313024494725318
UBFC_PHYS_s14_T1_ctrl,88,88,90.93333333333334,0.013173116371035576,0.6147355507415795
UBFC_PHYS_s14_T1_ctrl,88,89,90.96666666666667,-0.22990882396697998,0.9544885282275044
UBFC_PHYS_s14_T1_ctrl,88,90,91.0,-0.5263612270355225,1.161078137106586
UBFC_PHYS_s14_T1_ctrl,88,91,91.03333333333333,-0.7600646018981934,1.2280936423237747
UBFC_PHYS_s14_T1_ctrl,88,92,91.06666666666666,-0.7730199694633484,1.163407415138378
UBFC_PHYS_s14_T1_ctrl,88,93,91.1,-0.5737609267234802,0.9794892940705608
UBFC_PHYS_s14_T1_ctrl,88,94,91.13333333333334,-0.3456903100013733,0.6901272776942815
UBFC_PHYS_s14_T1_ctrl,88,95,91.16666666666667,-0.1950138509273529,0.3136371497183814
UBFC_PHYS_s14_T1_ctrl,88,96,91.2,-0.11345142871141434,-0.12112330905998474
UBFC_PHYS_s14_T1_ctrl,88,97,91.23333333333333,-0.11150812357664108,-0.5705204946097415
UBFC_PHYS_s14_T1_ctrl,88,98,91.26666666666667,-0.1933240294456482,-0.9771385249147664
UBFC_PHYS_s14_T1_ctrl,88,99,91.3,-0.3163154423236847,-1.277356004967215
UBFC_PHYS_s14_T1_ctrl,88,100,91.33333333333333,-0.4401799142360687,-1.4145758110530255
UBFC_PHYS_s14_T1_ctrl,88,101,91.36666666666666,-0.523657500743866,-1.354828601872792
UBFC_PHYS_s14_T1_ctrl,88,102,91.4,-0.5518776178359985,-1.0994040556842242
UBFC_PHYS_s14_T1_ctrl,88,103,91.43333333333334,-0.5749719738960266,-0.6886649767410811
UBFC_PHYS_s14_T1_ctrl,88,104,91.46666666666667,-0.6340314745903015,-0.19353305624059447
UBFC_PHYS_s14_T1_ctrl,88,105,91.5,-0.6932318806648254,0.3035928276897965
UBFC_PHYS_s14_T1_ctrl,88,106,91.53333333333333,-0.6893171072006226,0.730696391102089
UBFC_PHYS_s14_T1_ctrl,88,107,91.56666666666666,-0.575957715511322,1.0409124169637145
UBFC_PHYS_s14_T1_ctrl,88,108,91.6,-0.3255250155925751,1.2148130736871936
UBFC_PHYS_s14_T1_ctrl,88,109,91.63333333333334,0.05896748974919319,1.252421589235222
UBFC_PHYS_s14_T1_ctrl,88,110,91.66666666666667,0.5628745555877686,1.1623637220634921
UBFC_PHYS_s14_T1_ctrl,88,111,91.7,1.0998460054397583,0.9554816541133638
UBFC_PHYS_s14_T1_ctrl,88,112,91.73333333333333,1.446852445602417,0.6455690709726516
UBFC_PHYS_s14_T1_ctrl,88,113,91.76666666666667,1.3991429805755615,0.25457288355543184
UBFC_PHYS_s14_T1_ctrl,88,114,91.8,1.0199171304702759,-0.18263449360178893
UBFC_PHYS_s14_T1_ctrl,88,115,91.83333333333333,0.5572417974472046,-0.617719338709926
UBFC_PHYS_s14_T1_ctrl,88,116,91.86666666666666,0.1888590306043625,-0.993795319254777
UBFC_PHYS_s14_T1_ctrl,88,117,91.9,-0.04788604751229286,-1.2546570490164313
UBFC_PHYS_s14_T1_ctrl,88,118,91.93333333333334,-0.18326954543590546,-1.3560524515723025
UBFC_PHYS_s14_T1_ctrl,88,119,91.96666666666667,-0.2411743551492691,-1.2762977127298187
UBFC_PHYS_s14_T1_ctrl,88,120,92.0,-0.23866777122020721,-1.0232672384256154
UBFC_PHYS_s14_T1_ctrl,88,121,92.03333333333333,-0.22661365568637848,-0.6349330637146284
UBFC_PHYS_s14_T1_ctrl,88,122,92.06666666666666,-0.3264825642108917,-0.17192367248798646
UBFC_PHYS_s14_T1_ctrl,88,123,92.1,-0.6799666881561279,0.29650436926438145
UBFC_PHYS_s14_T1_ctrl,88,124,92.13333333333334,-1.2756315469741821,0.708102724747589
UBFC_PHYS_s14_T1_ctrl,88,125,92.16666666666667,-1.843583106994629,1.0186387353185167
UBFC_PHYS_s14_T1_ctrl,88,126,92.2,-2.0180580615997314,1.2048887093338911
UBFC_PHYS_s14_T1_ctrl,88,127,92.23333333333333,-1.641395092010498,1.2609047754111664
UBFC_PHYS_s14_T1_ctrl,88,128,92.26666666666667,-0.9370179176330566,1.1918287537719623
UBFC_PHYS_s14_T1_ctrl,88,129,92.3,-0.3289046585559845,1.00938390129889
UBFC_PHYS_s14_T1_ctrl,88,130,92.33333333333333,-0.018285872414708138,0.7306182140174298
UBFC_PHYS_s14_T1_ctrl,88,131,92.36666666666666,0.05882667005062103,0.3786551159042412
UBFC_PHYS_s14_T1_ctrl,88,132,92.4,0.007540352176874876,-0.016886761189829014
UBFC_PHYS_s14_T1_ctrl,88,133,92.43333333333334,-0.076021708548069,-0.421183857119062
UBFC_PHYS_s14_T1_ctrl,88,134,92.46666666666667,-0.06695295870304108,-0.7967178073333071
UBFC_PHYS_s14_T1_ctrl,88,135,92.5,0.07226081192493439,-1.105609691406969
UBFC_PHYS_s14_T1_ctrl,88,136,92.53333333333333,0.21437545120716095,-1.3113984421299745
UBFC_PHYS_s14_T1_ctrl,88,137,92.56666666666666,0.20767246186733246,-1.3815969245636075
UBFC_PHYS_s14_T1_ctrl,88,138,92.6,0.03812626376748085,-1.2928564871925043
UBFC_PHYS_s14_T1_ctrl,88,139,92.63333333333334,-0.16597695648670197,-1.0390291997250967
UBFC_PHYS_s14_T1_ctrl,88,140,92.66666666666667,-0.2861238121986389,-0.6395039726863184
UBFC_PHYS_s14_T1_ctrl,88,141,92.7,-0.35433658957481384,-0.14289160577551238
UBFC_PHYS_s14_T1_ctrl,88,142,92.73333333333333,-0.5316278338432312,0.378469381511489
UBFC_PHYS_s14_T1_ctrl,88,143,92.76666666666667,-0.8942089080810547,0.8437742791013295
UBFC_PHYS_s14_T1_ctrl,88,144,92.8,-1.1736502647399902,1.1835523101373007
UBFC_PHYS_s14_T1_ctrl,88,145,92.83333333333333,-0.9567043781280518,1.3555844685183935
UBFC_PHYS_s14_T1_ctrl,88,146,92.86666666666666,-0.24196293950080872,1.3509070573918496
UBFC_PHYS_s14_T1_ctrl,88,147,92.9,0.5150805711746216,1.189390815409889
UBFC_PHYS_s14_T1_ctrl,88,148,92.93333333333334,0.9731369614601135,0.9087934022287022
UBFC_PHYS_s14_T1_ctrl,88,149,92.96666666666667,1.1635525226593018,0.5526367295391166
UBFC_PHYS_s14_T1_ctrl,88,150,93.0,1.2052913904190063,0.1611250232844846
UBFC_PHYS_s14_T1_ctrl,88,151,93.03333333333333,1.1164344549179077,-0.2328848480014962
UBFC_PHYS_s14_T1_ctrl,88,152,93.06666666666666,0.9150350093841553,-0.6027869727109179
UBFC_PHYS_s14_T1_ctrl,88,153,93.1,0.651196300983429,-0.9235630172804105
UBFC_PHYS_s14_T1_ctrl,88,154,93.13333333333334,0.35843339562416077,-1.1666669262843796
UBFC_PHYS_s14_T1_ctrl,88,155,93.16666666666667,0.06493821740150452,-1.298403124228162
UBFC_PHYS_s14_T1_ctrl,88,156,93.2,-0.1625409722328186,-1.2848881844667968
UBFC_PHYS_s14_T1_ctrl,88,157,93.23333333333333,-0.2761538326740265,-1.1036907179392075
UBFC_PHYS_s14_T1_ctrl,88,158,93.26666666666667,-0.4026375412940979,-0.7579526411257145
UBFC_PHYS_s14_T1_ctrl,88,159,93.3,-0.7955510020256042,-0.2856841420778953
UBFC_PHYS_s14_T1_ctrl,88,160,93.33333333333333,-1.4536550045013428,0.24249989738824657
UBFC_PHYS_s14_T1_ctrl,88,161,93.36666666666666,-1.9965126514434814,0.7389010961729199
UBFC_PHYS_s14_T1_ctrl,88,162,93.4,-2.0899603366851807,1.1218732862686636
UBFC_PHYS_s14_T1_ctrl,88,163,93.43333333333334,-1.7939021587371826,1.3364748026870115
UBFC_PHYS_s14_T1_ctrl,88,164,93.46666666666667,-1.2875165939331055,1.3644960350484447
UBFC_PHYS_s14_T1_ctrl,88,165,93.5,-0.5888848900794983,1.2217818340182909
UBFC_PHYS_s14_T1_ctrl,88,166,93.53333333333333,0.2152203768491745,0.9464259353777219
UBFC_PHYS_s14_T1_ctrl,88,167,93.56666666666666,0.814799964427948,0.5842951630974205
UBFC_PHYS_s14_T1_ctrl,88,168,93.6,1.013918161392212,0.17805545373581239
UBFC_PHYS_s14_T1_ctrl,88,169,93.63333333333334,0.9102753400802612,-0.2368856813182681
UBFC_PHYS_s14_T1_ctrl,88,170,93.66666666666667,0.706932544708252,-0.6299022788431663
UBFC_PHYS_s14_T1_ctrl,88,171,93.7,0.5373018383979797,-0.9696393446084272
UBFC_PHYS_s14_T1_ctrl,88,172,93.73333333333333,0.5020688772201538,-1.2201577113506374
UBFC_PHYS_s14_T1_ctrl,88,173,93.76666666666667,0.6501542925834656,-1.3424670444332694
UBFC_PHYS_s14_T1_ctrl,88,174,93.8,0.8136734366416931,-1.3026331217054836
UBFC_PHYS_s14_T1_ctrl,88,175,93.83333333333333,0.7580498456954956,-1.0843971204460516
UBFC_PHYS_s14_T1_ctrl,88,176,93.86666666666666,0.4859028458595276,-0.7013948265284905
UBFC_PHYS_s14_T1_ctrl,88,177,93.9,0.1451769471168518,-0.20276694400611772
UBFC_PHYS_s14_T1_ctrl,88,178,93.93333333333334,-0.23652732372283936,0.3327321378075114
UBFC_PHYS_s14_T1_ctrl,88,179,93.96666666666667,-0.687063992023468,0.8144077286009043
UBFC_PHYS_s14_T1_ctrl,88,180,94.0,-1.1697636842727661,1.1629111884621344
UBFC_PHYS_s14_T1_ctrl,88,181,94.03333333333333,-1.6380717754364014,1.3292717044299176
UBFC_PHYS_s14_T1_ctrl,88,182,94.06666666666666,-1.9553935527801514,1.3022046560727938
UBFC_PHYS_s14_T1_ctrl,88,183,94.1,-1.843160629272461,1.1027954872970689
UBFC_PHYS_s14_T1_ctrl,88,184,94.13333333333334,-1.2209092378616333,0.7718577126060754
UBFC_PHYS_s14_T1_ctrl,88,185,94.16666666666667,-0.4217326045036316,0.35753028660282105
UBFC_PHYS_s14_T1_ctrl,88,186,94.2,0.17018641531467438,-0.09181933879969771
UBFC_PHYS_s14_T1_ctrl,88,187,94.23333333333333,0.5017872452735901,-0.5289440531910797
UBFC_PHYS_s14_T1_ctrl,88,188,94.26666666666667,0.7060031294822693,-0.9062913662978364
UBFC_PHYS_s14_T1_ctrl,88,189,94.3,0.7977045178413391,-1.175863302745242
UBFC_PHYS_s14_T1_ctrl,88,190,94.33333333333333,0.7289003133773804,-1.2934934292915758
UBFC_PHYS_s14_T1_ctrl,88,191,94.36666666666666,0.5898273587226868,-1.2281918766587656
UBFC_PHYS_s14_T1_ctrl,88,192,94.4,0.5440611243247986,-0.973960786617953
UBFC_PHYS_s14_T1_ctrl,88,193,94.43333333333334,0.587602436542511,-0.5587447244747754
UBFC_PHYS_s14_T1_ctrl,88,194,94.46666666666667,0.5870391726493835,-0.04455592019642769
UBFC_PHYS_s14_T1_ctrl,88,195,94.5,0.5027448534965515,0.4841782655245088
UBFC_PHYS_s14_T1_ctrl,88,196,94.53333333333333,0.3236510753631592,0.9409395053881289
UBFC_PHYS_s14_T1_ctrl,88,197,94.56666666666666,-0.042957380414009094,1.2578833487144858
UBFC_PHYS_s14_T1_ctrl,88,198,94.6,-0.5942078828811646,1.3984915526138366
UBFC_PHYS_s14_T1_ctrl,88,199,94.63333333333334,-1.1394312381744385,1.3582191747225045
UBFC_PHYS_s14_T1_ctrl,88,200,94.66666666666667,-1.4192951917648315,1.1559262802692811
UBFC_PHYS_s14_T1_ctrl,88,201,94.7,-1.233723759651184,0.8231446157285763
UBFC_PHYS_s14_T1_ctrl,88,202,94.73333333333333,-0.6347074508666992,0.3973597018070711
UBFC_PHYS_s14_T1_ctrl,88,203,94.76666666666667,0.05099712684750557,-0.07892445566703256
UBFC_PHYS_s14_T1_ctrl,88,204,94.8,0.5550450682640076,-0.5560102102851014
UBFC_PHYS_s14_T1_ctrl,88,205,94.83333333333333,0.8048018217086792,-0.9764057872868395
UBFC_PHYS_s14_T1_ctrl,88,206,94.86666666666666,0.764217734336853,-1.2794205731456785
UBFC_PHYS_s14_T1_ctrl,88,207,94.9,0.4997876286506653,-1.4116300807722144
UBFC_PHYS_s14_T1_ctrl,88,208,94.93333333333334,0.23363950848579407,-1.3407946758289548
UBFC_PHYS_s14_T1_ctrl,88,209,94.96666666666667,0.11509798467159271,-1.068491750522327
UBFC_PHYS_s14_T1_ctrl,88,210,95.0,0.06761378049850464,-0.6357949533928795
UBFC_PHYS_s14_T1_ctrl,88,211,95.03333333333333,-0.06030629575252533,-0.11777489914646234
UBFC_PHYS_s14_T1_ctrl,88,212,95.06666666666666,-0.2669442594051361,0.3933184356853928
UBFC_PHYS_s14_T1_ctrl,88,213,95.1,-0.4728781282901764,0.8109439792876763
UBFC_PHYS_s14_T1_ctrl,88,214,95.13333333333334,-0.7099329829216003,1.0740996025558076
UBFC_PHYS_s14_T1_ctrl,88,215,95.16666666666667,-1.059783935546875,1.1560619431770334
UBFC_PHYS_s14_T1_ctrl,88,216,95.2,-1.4316027164459229,1.0605973413199974
UBFC_PHYS_s14_T1_ctrl,88,217,95.23333333333333,-1.5433286428451538,0.8112495275715345
UBFC_PHYS_s14_T1_ctrl,88,218,95.26666666666667,-1.1745516061782837,0.4414716755310947
UBFC_PHYS_s14_T1_ctrl,88,219,95.3,-0.43823662400245667,-0.009598732528942455
UBFC_PHYS_s14_T1_ctrl,88,220,95.33333333333333,0.3246086537837982,-0.49598595872280793
UBFC_PHYS_s14_T1_ctrl,88,221,95.36666666666666,0.8406543731689453,-0.9624136172298046
UBFC_PHYS_s14_T1_ctrl,88,222,95.4,1.0138336420059204,-1.3452298456762164
UBFC_PHYS_s14_T1_ctrl,88,223,95.43333333333334,0.9138521552085876,-1.579462927664514
UBFC_PHYS_s14_T1_ctrl,88,224,95.46666666666667,0.740419328212738,-1.6118237276740273
UBFC_PHYS_s14_T1_ctrl,88,225,95.5,0.6442680358886719,-1.4164045071970393
UBFC_PHYS_s14_T1_ctrl,88,226,95.53333333333333,0.5676624178886414,-1.0073322117177252
UBFC_PHYS_s14_T1_ctrl,88,227,95.56666666666666,0.40619924664497375,-0.4420434279432354
UBFC_PHYS_s14_T1_ctrl,88,228,95.6,0.20525038242340088,0.18873389853361847
UBFC_PHYS_s14_T1_ctrl,88,229,95.63333333333334,0.03919648751616478,0.7828248444162412
UBFC_PHYS_s14_T1_ctrl,88,230,95.66666666666667,-0.15840087831020355,1.2526158504377152
UBFC_PHYS_s14_T1_ctrl,88,231,95.7,-0.49831005930900574,1.5449737393453553
UBFC_PHYS_s14_T1_ctrl,88,232,95.73333333333333,-0.9259213209152222,1.6483504212193039
UBFC_PHYS_s14_T1_ctrl,88,233,95.76666666666667,-1.1712000370025635,1.5870414374595059
UBFC_PHYS_s14_T1_ctrl,88,234,95.8,-0.9683360457420349,1.407627379107649
UBFC_PHYS_s14_T1_ctrl,88,235,95.83333333333333,-0.3507597744464874,1.1636606000985736
UBFC_PHYS_s14_T1_ctrl,88,236,95.86666666666666,0.3718957006931305,0.9023602420328858
UBFC_PHYS_s14_T1_ctrl,88,237,95.9,0.8815200328826904,0.6547185676954483
UBFC_PHYS_s14_T1_ctrl,88,238,95.93333333333334,1.0679082870483398,0.43033211204038224
UBFC_PHYS_s14_T1_ctrl,88,239,95.96666666666667,0.9993293285369873,0.21884882071154627
UBFC_PHYS_s14_T1_ctrl,89,0,89.0,-1.9698978662490845,0.10759829508086281
UBFC_PHYS_s14_T1_ctrl,89,1,89.03333333333333,-1.3480125665664673,-0.30465298075203845
UBFC_PHYS_s14_T1_ctrl,89,2,89.06666666666666,-0.22835981845855713,-0.6323289271186507
UBFC_PHYS_s14_T1_ctrl,89,3,89.1,1.003272294998169,-0.8025511179630465
UBFC_PHYS_s14_T1_ctrl,89,4,89.13333333333334,1.8632264137268066,-0.7703278873722736
UBFC_PHYS_s14_T1_ctrl,89,5,89.16666666666667,2.1317403316497803,-0.5300831753141811
UBFC_PHYS_s14_T1_ctrl,89,6,89.2,1.9301435947418213,-0.12094982519209091
UBFC_PHYS_s14_T1_ctrl,89,7,89.23333333333333,1.5655348300933838,0.37845174781358715
UBFC_PHYS_s14_T1_ctrl,89,8,89.26666666666667,1.340055227279663,0.8673995765898932
UBFC_PHYS_s14_T1_ctrl,89,9,89.3,1.3391258716583252,1.2488829608249277
UBFC_PHYS_s14_T1_ctrl,89,10,89.33333333333333,1.3810335397720337,1.4543213866881803
UBFC_PHYS_s14_T1_ctrl,89,11,89.36666666666666,1.2379332780838013,1.4568351024873116
UBFC_PHYS_s14_T1_ctrl,89,12,89.4,0.8435834050178528,1.2692388096846696
UBFC_PHYS_s14_T1_ctrl,89,13,89.43333333333334,0.2931496798992157,0.9313767271993529
UBFC_PHYS_s14_T1_ctrl,89,14,89.46666666666667,-0.2034066766500473,0.4951513316359003
UBFC_PHYS_s14_T1_ctrl,89,15,89.5,-0.3886401355266571,0.0138600424819707
UBFC_PHYS_s14_T1_ctrl,89,16,89.53333333333333,-0.19329586625099182,-0.4619370731960746
UBFC_PHYS_s14_T1_ctrl,89,17,89.56666666666666,0.09479187428951263,-0.8840341021381006
UBFC_PHYS_s14_T1_ctrl,89,18,89.6,0.224514439702034,-1.2058598878173643
UBFC_PHYS_s14_T1_ctrl,89,19,89.63333333333334,0.213924840092659,-1.3850570596193845
UBFC_PHYS_s14_T1_ctrl,89,20,89.66666666666667,0.14365610480308533,-1.3904296040352568
UBFC_PHYS_s14_T1_ctrl,89,21,89.7,0.025706017389893532,-1.211383418882836
UBFC_PHYS_s14_T1_ctrl,89,22,89.73333333333333,-0.08773785829544067,-0.8660894754369234
UBFC_PHYS_s14_T1_ctrl,89,23,89.76666666666667,-0.13502490520477295,-0.4039752965094601
UBFC_PHYS_s14_T1_ctrl,89,24,89.8,-0.14015072584152222,0.10099896924011827
UBFC_PHYS_s14_T1_ctrl,89,25,89.83333333333333,-0.15093746781349182,0.5662564120066621
UBFC_PHYS_s14_T1_ctrl,89,26,89.86666666666666,-0.1818331778049469,0.9200716503406582
UBFC_PHYS_s14_T1_ctrl,89,27,89.9,-0.2418784499168396,1.1160954603619124
UBFC_PHYS_s14_T1_ctrl,89,28,89.93333333333334,-0.3658837676048279,1.1377608034212283
UBFC_PHYS_s14_T1_ctrl,89,29,89.96666666666667,-0.5252628326416016,0.9938154850114005
UBFC_PHYS_s14_T1_ctrl,89,30,90.0,-0.5301633477210999,0.7104936610194968
UBFC_PHYS_s14_T1_ctrl,89,31,90.03333333333333,-0.2223890870809555,0.32565630424690073
UBFC_PHYS_s14_T1_ctrl,89,32,90.06666666666666,0.2648731768131256,-0.11344778778777281
UBFC_PHYS_s14_T1_ctrl,89,33,90.1,0.7176911234855652,-0.551070408961051
UBFC_PHYS_s14_T1_ctrl,89,34,90.13333333333334,0.9550557732582092,-0.9260428479685963
UBFC_PHYS_s14_T1_ctrl,89,35,90.16666666666667,0.7979016900062561,-1.1791096015328526
UBFC_PHYS_s14_T1_ctrl,89,36,90.2,0.27799752354621887,-1.2639218307675189
UBFC_PHYS_s14_T1_ctrl,89,37,90.23333333333333,-0.26770466566085815,-1.1587629218603048
UBFC_PHYS_s14_T1_ctrl,89,38,90.26666666666667,-0.5366973280906677,-0.8749668228817209
UBFC_PHYS_s14_T1_ctrl,89,39,90.3,-0.5116596817970276,-0.45810497059141486
UBFC_PHYS_s14_T1_ctrl,89,40,90.33333333333333,-0.3390718102455139,0.020566236044753935
UBFC_PHYS_s14_T1_ctrl,89,41,90.36666666666666,-0.20898310840129852,0.48127247141454343
UBFC_PHYS_s14_T1_ctrl,89,42,90.4,-0.26849326491355896,0.8552812560594711
UBFC_PHYS_s14_T1_ctrl,89,43,90.43333333333334,-0.47952479124069214,1.0983586524776463
UBFC_PHYS_s14_T1_ctrl,89,44,90.46666666666667,-0.6843039393424988,1.193196548608536
UBFC_PHYS_s14_T1_ctrl,89,45,90.5,-0.7654720544815063,1.142601511405793
UBFC_PHYS_s14_T1_ctrl,89,46,90.53333333333333,-0.6412977576255798,0.9601214965348638
UBFC_PHYS_s14_T1_ctrl,89,47,90.56666666666666,-0.30488091707229614,0.6648695527507719
UBFC_PHYS_s14_T1_ctrl,89,48,90.6,0.1183086633682251,0.282872010201927
UBFC_PHYS_s14_T1_ctrl,89,49,90.63333333333334,0.4826640188694,-0.1480858338545638
UBFC_PHYS_s14_T1_ctrl,89,50,90.66666666666667,0.7191838026046753,-0.5756491857724
UBFC_PHYS_s14_T1_ctrl,89,51,90.7,0.7903537750244141,-0.9364693152065452
UBFC_PHYS_s14_T1_ctrl,89,52,90.73333333333333,0.754275918006897,-1.1670346516579138
UBFC_PHYS_s14_T1_ctrl,89,53,90.76666666666667,0.746052086353302,-1.2189757807010646
UBFC_PHYS_s14_T1_ctrl,89,54,90.8,0.7324771285057068,-1.073874640482061
UBFC_PHYS_s14_T1_ctrl,89,55,90.83333333333333,0.5883628129959106,-0.752060780031336
UBFC_PHYS_s14_T1_ctrl,89,56,90.86666666666666,0.37034669518470764,-0.31086893465037563
UBFC_PHYS_s14_T1_ctrl,89,57,90.9,0.19097131490707397,0.16888932318746117
UBFC_PHYS_s14_T1_ctrl,89,58,90.93333333333334,0.013173116371035576,0.6042362073354466
UBFC_PHYS_s14_T1_ctrl,89,59,90.96666666666667,-0.22990882396697998,0.9308776157393288
UBFC_PHYS_s14_T1_ctrl,89,60,91.0,-0.5263612270355225,1.1152307389326546
UBFC_PHYS_s14_T1_ctrl,89,61,91.03333333333333,-0.7600646018981934,1.1537693375797098
UBFC_PHYS_s14_T1_ctrl,89,62,91.06666666666666,-0.7730199694633484,1.0625990571543877
UBFC_PHYS_s14_T1_ctrl,89,63,91.1,-0.5737609267234802,0.8647750474286416
UBFC_PHYS_s14_T1_ctrl,89,64,91.13333333333334,-0.3456903100013733,0.5823075428489366
UBFC_PHYS_s14_T1_ctrl,89,65,91.16666666666667,-0.1950138509273529,0.2355339057112512
UBFC_PHYS_s14_T1_ctrl,89,66,91.2,-0.11345142871141434,-0.15201931468040547
UBFC_PHYS_s14_T1_ctrl,89,67,91.23333333333333,-0.11150812357664108,-0.5477760239259618
UBFC_PHYS_s14_T1_ctrl,89,68,91.26666666666667,-0.1933240294456482,-0.9077660188990824
UBFC_PHYS_s14_T1_ctrl,89,69,91.3,-0.3163154423236847,-1.1804224550221056
UBFC_PHYS_s14_T1_ctrl,89,70,91.33333333333333,-0.4401799142360687,-1.3165152200941062
UBFC_PHYS_s14_T1_ctrl,89,71,91.36666666666666,-0.523657500743866,-1.282593134677939
UBFC_PHYS_s14_T1_ctrl,89,72,91.4,-0.5518776178359985,-1.07326889233685
UBFC_PHYS_s14_T1_ctrl,89,73,91.43333333333334,-0.5749719738960266,-0.7169284749856433
UBFC_PHYS_s14_T1_ctrl,89,74,91.46666666666667,-0.6340314745903015,-0.27085045578493533
UBFC_PHYS_s14_T1_ctrl,89,75,91.5,-0.6932318806648254,0.1938995672988013
UBFC_PHYS_s14_T1_ctrl,89,76,91.53333333333333,-0.6893171072006226,0.6114628372201096
UBFC_PHYS_s14_T1_ctrl,89,77,91.56666666666666,-0.575957715511322,0.9350719681983151
UBFC_PHYS_s14_T1_ctrl,89,78,91.6,-0.3255250155925751,1.1405825393096196
UBFC_PHYS_s14_T1_ctrl,89,79,91.63333333333334,0.05896748974919319,1.2211518815973468
UBFC_PHYS_s14_T1_ctrl,89,80,91.66666666666667,0.5628745555877686,1.178950169275105
UBFC_PHYS_s14_T1_ctrl,89,81,91.7,1.0998460054397583,1.0198359659784997
UBFC_PHYS_s14_T1_ctrl,89,82,91.73333333333333,1.446852445602417,0.7536205837405889
UBFC_PHYS_s14_T1_ctrl,89,83,91.76666666666667,1.3991429805755615,0.398323342216602
UBFC_PHYS_s14_T1_ctrl,89,84,91.8,1.0199171304702759,-0.015746403881062052
UBFC_PHYS_s14_T1_ctrl,89,85,91.83333333333333,0.5572417974472046,-0.445744004006814
UBFC_PHYS_s14_T1_ctrl,89,86,91.86666666666666,0.1888590306043625,-0.8406166870209065
UBFC_PHYS_s14_T1_ctrl,89,87,91.9,-0.04788604751229286,-1.1482115029044893
UBFC_PHYS_s14_T1_ctrl,89,88,91.93333333333334,-0.18326954543590546,-1.3232758825428823
UBFC_PHYS_s14_T1_ctrl,89,89,91.96666666666667,-0.2411743551492691,-1.3354277884809937
UBFC_PHYS_s14_T1_ctrl,89,90,92.0,-0.23866777122020721,-1.1761155207792964
UBFC_PHYS_s14_T1_ctrl,89,91,92.03333333333333,-0.22661365568637848,-0.8626543120667747
UBFC_PHYS_s14_T1_ctrl,89,92,92.06666666666666,-0.3264825642108917,-0.43704954799544454
UBFC_PHYS_s14_T1_ctrl,89,93,92.1,-0.6799666881561279,0.04132964288072376
UBFC_PHYS_s14_T1_ctrl,89,94,92.13333333333334,-1.2756315469741821,0.5073237426478592
UBFC_PHYS_s14_T1_ctrl,89,95,92.16666666666667,-1.843583106994629,0.9018453574827369
UBFC_PHYS_s14_T1_ctrl,89,96,92.2,-2.0180580615997314,1.1805951466164577
UBFC_PHYS_s14_T1_ctrl,89,97,92.23333333333333,-1.641395092010498,1.3182750744989817
UBFC_PHYS_s14_T1_ctrl,89,98,92.26666666666667,-0.9370179176330566,1.308680731547853
UBFC_PHYS_s14_T1_ctrl,89,99,92.3,-0.3289046585559845,1.161891797106916
UBFC_PHYS_s14_T1_ctrl,89,100,92.33333333333333,-0.018285872414708138,0.8999891257239919
UBFC_PHYS_s14_T1_ctrl,89,101,92.36666666666666,0.05882667005062103,0.5525548367138516
UBFC_PHYS_s14_T1_ctrl,89,102,92.4,0.007540352176874876,0.15287117169889824
UBFC_PHYS_s14_T1_ctrl,89,103,92.43333333333334,-0.076021708548069,-0.26453956585674937
UBFC_PHYS_s14_T1_ctrl,89,104,92.46666666666667,-0.06695295870304108,-0.6646453191987836
UBFC_PHYS_s14_T1_ctrl,89,105,92.5,0.07226081192493439,-1.0112379818085184
UBFC_PHYS_s14_T1_ctrl,89,106,92.53333333333333,0.21437545120716095,-1.266459740886547
UBFC_PHYS_s14_T1_ctrl,89,107,92.56666666666666,0.20767246186733246,-1.3928558770995725
UBFC_PHYS_s14_T1_ctrl,89,108,92.6,0.03812626376748085,-1.3594960081823702
UBFC_PHYS_s14_T1_ctrl,89,109,92.63333333333334,-0.16597695648670197,-1.1515538432309005
UBFC_PHYS_s14_T1_ctrl,89,110,92.66666666666667,-0.2861238121986389,-0.7802383717928083
UBFC_PHYS_s14_T1_ctrl,89,111,92.7,-0.35433658957481384,-0.28831872294408584
UBFC_PHYS_s14_T1_ctrl,89,112,92.73333333333333,-0.5316278338432312,0.25319701466706757
UBFC_PHYS_s14_T1_ctrl,89,113,92.76666666666667,-0.8942089080810547,0.7586410602795598
UBFC_PHYS_s14_T1_ctrl,89,114,92.8,-1.1736502647399902,1.1479784401651794
UBFC_PHYS_s14_T1_ctrl,89,115,92.83333333333333,-0.9567043781280518,1.366315360809353
UBFC_PHYS_s14_T1_ctrl,89,116,92.86666666666666,-0.24196293950080872,1.3949445686475335
UBFC_PHYS_s14_T1_ctrl,89,117,92.9,0.5150805711746216,1.2500834392980769
UBFC_PHYS_s14_T1_ctrl,89,118,92.93333333333334,0.9731369614601135,0.9712755601978414
UBFC_PHYS_s14_T1_ctrl,89,119,92.96666666666667,1.1635525226593018,0.605903186823756
UBFC_PHYS_s14_T1_ctrl,89,120,93.0,1.2052913904190063,0.19695415227873628
UBFC_PHYS_s14_T1_ctrl,89,121,93.03333333333333,1.1164344549179077,-0.22162168336670807
UBFC_PHYS_s14_T1_ctrl,89,122,93.06666666666666,0.9150350093841553,-0.6219636625940845
UBFC_PHYS_s14_T1_ctrl,89,123,93.1,0.651196300983429,-0.9754482027406557
UBFC_PHYS_s14_T1_ctrl,89,124,93.13333333333334,0.35843339562416077,-1.2471808366036086
UBFC_PHYS_s14_T1_ctrl,89,125,93.16666666666667,0.06493821740150452,-1.39624776349829
UBFC_PHYS_s14_T1_ctrl,89,126,93.2,-0.1625409722328186,-1.3835083563100734
UBFC_PHYS_s14_T1_ctrl,89,127,93.23333333333333,-0.2761538326740265,-1.1851415366589209
UBFC_PHYS_s14_T1_ctrl,89,128,93.26666666666667,-0.4026375412940979,-0.8068401232569146
UBFC_PHYS_s14_T1_ctrl,89,129,93.3,-0.7955510020256042,-0.29195361929129393
UBFC_PHYS_s14_T1_ctrl,89,130,93.33333333333333,-1.4536550045013428,0.2818508168537406
UBFC_PHYS_s14_T1_ctrl,89,131,93.36666666666666,-1.9965126514434814,0.8185594139637404
UBFC_PHYS_s14_T1_ctrl,89,132,93.4,-2.0899603366851807,1.2277249512974056
UBFC_PHYS_s14_T1_ctrl,89,133,93.43333333333334,-1.7939021587371826,1.447377036897697
UBFC_PHYS_s14_T1_ctrl,89,134,93.46666666666667,-1.2875165939331055,1.4570282749161638
UBFC_PHYS_s14_T1_ctrl,89,135,93.5,-0.5888848900794983,1.276416023768846
UBFC_PHYS_s14_T1_ctrl,89,136,93.53333333333333,0.2152203768491745,0.9523825725383466
UBFC_PHYS_s14_T1_ctrl,89,137,93.56666666666666,0.814799964427948,0.5413800081002879
UBFC_PHYS_s14_T1_ctrl,89,138,93.6,1.013918161392212,0.09564674629900764
UBFC_PHYS_s14_T1_ctrl,89,139,93.63333333333334,0.9102753400802612,-0.3423363227274013
UBFC_PHYS_s14_T1_ctrl,89,140,93.66666666666667,0.706932544708252,-0.7374584923421613
UBFC_PHYS_s14_T1_ctrl,89,141,93.7,0.5373018383979797,-1.0560362560639935
UBFC_PHYS_s14_T1_ctrl,89,142,93.73333333333333,0.5020688772201538,-1.2621265953465401
UBFC_PHYS_s14_T1_ctrl,89,143,93.76666666666667,0.6501542925834656,-1.3203054225061408
UBFC_PHYS_s14_T1_ctrl,89,144,93.8,0.8136734366416931,-1.2053107103349887
UBFC_PHYS_s14_T1_ctrl,89,145,93.83333333333333,0.7580498456954956,-0.914775724041381
UBFC_PHYS_s14_T1_ctrl,89,146,93.86666666666666,0.4859028458595276,-0.47874516840650433
UBFC_PHYS_s14_T1_ctrl,89,147,93.9,0.1451769471168518,0.03994634062548086
UBFC_PHYS_s14_T1_ctrl,89,148,93.93333333333334,-0.23652732372283936,0.5569153422937375
UBFC_PHYS_s14_T1_ctrl,89,149,93.96666666666667,-0.687063992023468,0.9862323858145078
UBFC_PHYS_s14_T1_ctrl,89,150,94.0,-1.1697636842727661,1.261540826014906
UBFC_PHYS_s14_T1_ctrl,89,151,94.03333333333333,-1.6380717754364014,1.3496954531065626
UBFC_PHYS_s14_T1_ctrl,89,152,94.06666666666666,-1.9553935527801514,1.2524714625346975
UBFC_PHYS_s14_T1_ctrl,89,153,94.1,-1.843160629272461,0.9981495627637087
UBFC_PHYS_s14_T1_ctrl,89,154,94.13333333333334,-1.2209092378616333,0.6290060656056116
UBFC_PHYS_s14_T1_ctrl,89,155,94.16666666666667,-0.4217326045036316,0.19109933623178105
UBFC_PHYS_s14_T1_ctrl,89,156,94.2,0.17018641531467438,-0.27019707064748893
UBFC_PHYS_s14_T1_ctrl,89,157,94.23333333333333,0.5017872452735901,-0.7095340016995859
UBFC_PHYS_s14_T1_ctrl,89,158,94.26666666666667,0.7060031294822693,-1.0793148386719933
UBFC_PHYS_s14_T1_ctrl,89,159,94.3,0.7977045178413391,-1.330046489242703
UBFC_PHYS_s14_T1_ctrl,89,160,94.33333333333333,0.7289003133773804,-1.4161534551607506
UBFC_PHYS_s14_T1_ctrl,89,161,94.36666666666666,0.5898273587226868,-1.3071669351352055
UBFC_PHYS_s14_T1_ctrl,89,162,94.4,0.5440611243247986,-1.0008047481556865
UBFC_PHYS_s14_T1_ctrl,89,163,94.43333333333334,0.587602436542511,-0.5320324599666097
UBFC_PHYS_s14_T1_ctrl,89,164,94.46666666666667,0.5870391726493835,0.02780555351405907
UBFC_PHYS_s14_T1_ctrl,89,165,94.5,0.5027448534965515,0.5842904819264473
UBFC_PHYS_s14_T1_ctrl,89,166,94.53333333333333,0.3236510753631592,1.0422478923024605
UBFC_PHYS_s14_T1_ctrl,89,167,94.56666666666666,-0.042957380414009094,1.3287584880676708
UBFC_PHYS_s14_T1_ctrl,89,168,94.6,-0.5942078828811646,1.4080217505962376
UBFC_PHYS_s14_T1_ctrl,89,169,94.63333333333334,-1.1394312381744385,1.2834066849157724
UBFC_PHYS_s14_T1_ctrl,89,170,94.66666666666667,-1.4192951917648315,0.9884468060391557
UBFC_PHYS_s14_T1_ctrl,89,171,94.7,-1.233723759651184,0.573261570135143
UBFC_PHYS_s14_T1_ctrl,89,172,94.73333333333333,-0.6347074508666992,0.0932112407921526
UBFC_PHYS_s14_T1_ctrl,89,173,94.76666666666667,0.05099712684750557,-0.39666751546936574
UBFC_PHYS_s14_T1_ctrl,89,174,94.8,0.5550450682640076,-0.8421345135216378
UBFC_PHYS_s14_T1_ctrl,89,175,94.83333333333333,0.8048018217086792,-1.1889053852402112
UBFC_PHYS_s14_T1_ctrl,89,176,94.86666666666666,0.764217734336853,-1.3849858200243494
UBFC_PHYS_s14_T1_ctrl,89,177,94.9,0.4997876286506653,-1.3887204058771734
UBFC_PHYS_s14_T1_ctrl,89,178,94.93333333333334,0.23363950848579407,-1.1813269076000072
UBFC_PHYS_s14_T1_ctrl,89,179,94.96666666666667,0.11509798467159271,-0.7789251669575308
UBFC_PHYS_s14_T1_ctrl,89,180,95.0,0.06761378049850464,-0.23737502243826372
UBFC_PHYS_s14_T1_ctrl,89,181,95.03333333333333,-0.06030629575252533,0.3549860363490407
UBFC_PHYS_s14_T1_ctrl,89,182,95.06666666666666,-0.2669442594051361,0.8965680753487985
UBFC_PHYS_s14_T1_ctrl,89,183,95.1,-0.4728781282901764,1.297555140803831
UBFC_PHYS_s14_T1_ctrl,89,184,95.13333333333334,-0.7099329829216003,1.5009084964400656
UBFC_PHYS_s14_T1_ctrl,89,185,95.16666666666667,-1.059783935546875,1.49110304572726
UBFC_PHYS_s14_T1_ctrl,89,186,95.2,-1.4316027164459229,1.2890121444283433
UBFC_PHYS_s14_T1_ctrl,89,187,95.23333333333333,-1.5433286428451538,0.9383158905035974
UBFC_PHYS_s14_T1_ctrl,89,188,95.26666666666667,-1.1745516061782837,0.49130733348000544
UBFC_PHYS_s14_T1_ctrl,89,189,95.3,-0.43823662400245667,-0.00015830161846868643
UBFC_PHYS_s14_T1_ctrl,89,190,95.33333333333333,0.3246086537837982,-0.4870562171762044
UBFC_PHYS_s14_T1_ctrl,89,191,95.36666666666666,0.8406543731689453,-0.9213308602501709
UBFC_PHYS_s14_T1_ctrl,89,192,95.4,1.0138336420059204,-1.254192083485069
UBFC_PHYS_s14_T1_ctrl,89,193,95.43333333333334,0.9138521552085876,-1.4385653310059396
UBFC_PHYS_s14_T1_ctrl,89,194,95.46666666666667,0.740419328212738,-1.4372883569692063
UBFC_PHYS_s14_T1_ctrl,89,195,95.5,0.6442680358886719,-1.2352388130782608
UBFC_PHYS_s14_T1_ctrl,89,196,95.53333333333333,0.5676624178886414,-0.8505082537189096
UBFC_PHYS_s14_T1_ctrl,89,197,95.56666666666666,0.40619924664497375,-0.3384318117722794
UBFC_PHYS_s14_T1_ctrl,89,198,95.6,0.20525038242340088,0.21612116006942655
UBFC_PHYS_s14_T1_ctrl,89,199,95.63333333333334,0.03919648751616478,0.7178532057797269
UBFC_PHYS_s14_T1_ctrl,89,200,95.66666666666667,-0.15840087831020355,1.0847417792292975
UBFC_PHYS_s14_T1_ctrl,89,201,95.7,-0.49831005930900574,1.266364387593042
UBFC_PHYS_s14_T1_ctrl,89,202,95.73333333333333,-0.9259213209152222,1.2501059642743177
UBFC_PHYS_s14_T1_ctrl,89,203,95.76666666666667,-1.1712000370025635,1.0554609003839712
UBFC_PHYS_s14_T1_ctrl,89,204,95.8,-0.9683360457420349,0.7222647851333668
UBFC_PHYS_s14_T1_ctrl,89,205,95.83333333333333,-0.3507597744464874,0.29987768035747786
UBFC_PHYS_s14_T1_ctrl,89,206,95.86666666666666,0.3718957006931305,-0.15888200151502158
UBFC_PHYS_s14_T1_ctrl,89,207,95.9,0.8815200328826904,-0.5997142446080342
UBFC_PHYS_s14_T1_ctrl,89,208,95.93333333333334,1.0679082870483398,-0.9678235787306151
UBFC_PHYS_s14_T1_ctrl,89,209,95.96666666666667,0.9993293285369873,-1.2110372898848898
UBFC_PHYS_s14_T1_ctrl,89,210,96.0,0.8166306018829346,-1.2867942059352973
UBFC_PHYS_s14_T1_ctrl,89,211,96.03333333333333,0.6687705516815186,-1.1723992891739896
UBFC_PHYS_s14_T1_ctrl,89,212,96.06666666666666,0.6155127882957458,-0.8751821749179973
UBFC_PHYS_s14_T1_ctrl,89,213,96.1,0.5935731530189514,-0.4373746179584592
UBFC_PHYS_s14_T1_ctrl,89,214,96.13333333333334,0.5407941341400146,0.06887090715783145
UBFC_PHYS_s14_T1_ctrl,89,215,96.16666666666667,0.47035643458366394,0.5570618713079664
UBFC_PHYS_s14_T1_ctrl,89,216,96.2,0.36502373218536377,0.9475271432490208
UBFC_PHYS_s14_T1_ctrl,89,217,96.23333333333333,0.14272668957710266,1.1855231708778429
UBFC_PHYS_s14_T1_ctrl,89,218,96.26666666666667,-0.19273258745670319,1.2493025585060051
UBFC_PHYS_s14_T1_ctrl,89,219,96.3,-0.4646824300289154,1.1468454999596116
UBFC_PHYS_s14_T1_ctrl,89,220,96.33333333333333,-0.4403207302093506,0.9058393292675037
UBFC_PHYS_s14_T1_ctrl,89,221,96.36666666666666,-0.026002759113907814,0.5638739131547137
UBFC_PHYS_s14_T1_ctrl,89,222,96.4,0.6119077801704407,0.16340354602669094
UBFC_PHYS_s14_T1_ctrl,89,223,96.43333333333334,1.1576663255691528,-0.24869202220219658
UBFC_PHYS_s14_T1_ctrl,89,224,96.46666666666667,1.3819348812103271,-0.6205489121723993
UBFC_PHYS_s14_T1_ctrl,89,225,96.5,1.2162752151489258,-0.8978697996638739
UBFC_PHYS_s14_T1_ctrl,89,226,96.53333333333333,0.7623870968818665,-1.0315867909453098
UBFC_PHYS_s14_T1_ctrl,89,227,96.56666666666666,0.3048658072948456,-0.9895059927297821
UBFC_PHYS_s14_T1_ctrl,89,228,96.6,0.05696785822510719,-0.768260730218795
UBFC_PHYS_s14_T1_ctrl,89,229,96.63333333333334,-0.0018663642695173621,-0.4004771876926906
UBFC_PHYS_s14_T1_ctrl,89,230,96.66666666666667,-0.015610309317708015,0.04780413936712625
UBFC_PHYS_s14_T1_ctrl,89,231,96.7,-0.048224013298749924,0.49142992835750204
UBFC_PHYS_s14_T1_ctrl,89,232,96.73333333333333,-0.07771153748035431,0.8484913818341154
UBFC_PHYS_s14_T1_ctrl,89,233,96.76666666666667,-0.15482407808303833,1.0621985368299212
UBFC_PHYS_s14_T1_ctrl,89,234,96.8,-0.4230281412601471,1.113250835768243
UBFC_PHYS_s14_T1_ctrl,89,235,96.83333333333333,-0.8434858322143555,1.0180924917097007
UBFC_PHYS_s14_T1_ctrl,89,236,96.86666666666666,-1.1156046390533447,0.8153304659767435
UBFC_PHYS_s14_T1_ctrl,89,237,96.9,-0.9816012382507324,0.5478382563731073
UBFC_PHYS_s14_T1_ctrl,89,238,96.93333333333334,-0.4613872766494751,0.24876508438124512
UBFC_PHYS_s14_T1_ctrl,89,239,96.96666666666667,0.22873900830745697,-0.06340422007311414
UBFC_PHYS_s14_T1_ctrl,90,0,90.0,-0.5301633477210999,0.0918522728982139
UBFC_PHYS_s14_T1_ctrl,90,1,90.03333333333333,-0.2223890870809555,-0.20615812268650627
UBFC_PHYS_s14_T1_ctrl,90,2,90.06666666666666,0.2648731768131256,-0.5062234449706549
UBFC_PHYS_s14_T1_ctrl,90,3,90.1,0.7176911234855652,-0.7936229378470822
UBFC_PHYS_s14_T1_ctrl,90,4,90.13333333333334,0.9550557732582092,-1.0291246624915107
UBFC_PHYS_s14_T1_ctrl,90,5,90.16666666666667,0.7979016900062561,-1.1561014127532117
UBFC_PHYS_s14_T1_ctrl,90,6,90.2,0.27799752354621887,-1.1203145322362953
UBFC_PHYS_s14_T1_ctrl,90,7,90.23333333333333,-0.26770466566085815,-0.894000680217949
UBFC_PHYS_s14_T1_ctrl,90,8,90.26666666666667,-0.5366973280906677,-0.4937539837905112
UBFC_PHYS_s14_T1_ctrl,90,9,90.3,-0.5116596817970276,0.01628169876859632
UBFC_PHYS_s14_T1_ctrl,90,10,90.33333333333333,-0.3390718102455139,0.5392607217187794
UBFC_PHYS_s14_T1_ctrl,90,11,90.36666666666666,-0.20898310840129852,0.9741443580004745
UBFC_PHYS_s14_T1_ctrl,90,12,90.4,-0.26849326491355896,1.2456540829393716
UBFC_PHYS_s14_T1_ctrl,90,13,90.43333333333334,-0.47952479124069214,1.3217091650135424
UBFC_PHYS_s14_T1_ctrl,90,14,90.46666666666667,-0.6843039393424988,1.2119246732708149
UBFC_PHYS_s14_T1_ctrl,90,15,90.5,-0.7654720544815063,0.9519250913140447
UBFC_PHYS_s14_T1_ctrl,90,16,90.53333333333333,-0.6412977576255798,0.584962362864517
UBFC_PHYS_s14_T1_ctrl,90,17,90.56666666666666,-0.30488091707229614,0.1513433895465851
UBFC_PHYS_s14_T1_ctrl,90,18,90.6,0.1183086633682251,-0.31083093285327446
UBFC_PHYS_s14_T1_ctrl,90,19,90.63333333333334,0.4826640188694,-0.7581006788748215
UBFC_PHYS_s14_T1_ctrl,90,20,90.66666666666667,0.7191838026046753,-1.1357884486794556
UBFC_PHYS_s14_T1_ctrl,90,21,90.7,0.7903537750244141,-1.3809388046856839
UBFC_PHYS_s14_T1_ctrl,90,22,90.73333333333333,0.754275918006897,-1.435745139122596
UBFC_PHYS_s14_T1_ctrl,90,23,90.76666666666667,0.746052086353302,-1.2670642925107247
UBFC_PHYS_s14_T1_ctrl,90,24,90.8,0.7324771285057068,-0.8838536364944728
UBFC_PHYS_s14_T1_ctrl,90,25,90.83333333333333,0.5883628129959106,-0.34388022451705924
UBFC_PHYS_s14_T1_ctrl,90,26,90.86666666666666,0.37034669518470764,0.25606755194985603
UBFC_PHYS_s14_T1_ctrl,90,27,90.9,0.19097131490707397,0.8055071234200597
UBFC_PHYS_s14_T1_ctrl,90,28,90.93333333333334,0.013173116371035576,1.2115164568728565
UBFC_PHYS_s14_T1_ctrl,90,29,90.96666666666667,-0.22990882396697998,1.42200320220844
UBFC_PHYS_s14_T1_ctrl,90,30,91.0,-0.5263612270355225,1.4314605896437316
UBFC_PHYS_s14_T1_ctrl,90,31,91.03333333333333,-0.7600646018981934,1.2693945664610589
UBFC_PHYS_s14_T1_ctrl,90,32,91.06666666666666,-0.7730199694633484,0.9800279300668183
UBFC_PHYS_s14_T1_ctrl,90,33,91.1,-0.5737609267234802,0.6047139963986765
UBFC_PHYS_s14_T1_ctrl,90,34,91.13333333333334,-0.3456903100013733,0.17497825698994768
UBFC_PHYS_s14_T1_ctrl,90,35,91.16666666666667,-0.1950138509273529,-0.28296562411949283
UBFC_PHYS_s14_T1_ctrl,90,36,91.2,-0.11345142871141434,-0.7378088299082554
UBFC_PHYS_s14_T1_ctrl,90,37,91.23333333333333,-0.11150812357664108,-1.1450611853126753
UBFC_PHYS_s14_T1_ctrl,90,38,91.26666666666667,-0.1933240294456482,-1.4474954994358018
UBFC_PHYS_s14_T1_ctrl,90,39,91.3,-0.3163154423236847,-1.5856690693873563
UBFC_PHYS_s14_T1_ctrl,90,40,91.33333333333333,-0.4401799142360687,-1.515452637189891
UBFC_PHYS_s14_T1_ctrl,90,41,91.36666666666666,-0.523657500743866,-1.2262237611950422
UBFC_PHYS_s14_T1_ctrl,90,42,91.4,-0.5518776178359985,-0.7520168074820318
UBFC_PHYS_s14_T1_ctrl,90,43,91.43333333333334,-0.5749719738960266,-0.16921462171640403
UBFC_PHYS_s14_T1_ctrl,90,44,91.46666666666667,-0.6340314745903015,0.42120712308094654
UBFC_PHYS_s14_T1_ctrl,90,45,91.5,-0.6932318806648254,0.9217333750594119
UBFC_PHYS_s14_T1_ctrl,90,46,91.53333333333333,-0.6893171072006226,1.2646451369388243
UBFC_PHYS_s14_T1_ctrl,90,47,91.56666666666666,-0.575957715511322,1.4241720162917582
UBFC_PHYS_s14_T1_ctrl,90,48,91.6,-0.3255250155925751,1.4105034209531293
UBFC_PHYS_s14_T1_ctrl,90,49,91.63333333333334,0.05896748974919319,1.252518984829785
UBFC_PHYS_s14_T1_ctrl,90,50,91.66666666666667,0.5628745555877686,0.9809465435243409
UBFC_PHYS_s14_T1_ctrl,90,51,91.7,1.0998460054397583,0.6207581602631614
UBFC_PHYS_s14_T1_ctrl,90,52,91.73333333333333,1.446852445602417,0.19429973590736985
UBFC_PHYS_s14_T1_ctrl,90,53,91.76666666666667,1.3991429805755615,-0.2699126134836419
UBFC_PHYS_s14_T1_ctrl,90,54,91.8,1.0199171304702759,-0.7299141531457124
UBFC_PHYS_s14_T1_ctrl,90,55,91.83333333333333,0.5572417974472046,-1.129780621086269
UBFC_PHYS_s14_T1_ctrl,90,56,91.86666666666666,0.1888590306043625,-1.4075268535531746
UBFC_PHYS_s14_T1_ctrl,90,57,91.9,-0.04788604751229286,-1.5094483876094495
UBFC_PHYS_s14_T1_ctrl,90,58,91.93333333333334,-0.18326954543590546,-1.4062330794357094
UBFC_PHYS_s14_T1_ctrl,90,59,91.96666666666667,-0.2411743551492691,-1.1048556708856685
UBFC_PHYS_s14_T1_ctrl,90,60,92.0,-0.23866777122020721,-0.6508221499900173
UBFC_PHYS_s14_T1_ctrl,90,61,92.03333333333333,-0.22661365568637848,-0.11845340661244573
UBFC_PHYS_s14_T1_ctrl,90,62,92.06666666666666,-0.3264825642108917,0.40793653235794586
UBFC_PHYS_s14_T1_ctrl,90,63,92.1,-0.6799666881561279,0.854746851299811
UBFC_PHYS_s14_T1_ctrl,90,64,92.13333333333334,-1.2756315469741821,1.1737305818023662
UBFC_PHYS_s14_T1_ctrl,90,65,92.16666666666667,-1.843583106994629,1.345935678436216
UBFC_PHYS_s14_T1_ctrl,90,66,92.2,-2.0180580615997314,1.37581186542742
UBFC_PHYS_s14_T1_ctrl,90,67,92.23333333333333,-1.641395092010498,1.280796151879343
UBFC_PHYS_s14_T1_ctrl,90,68,92.26666666666667,-0.9370179176330566,1.0825492728955282
UBFC_PHYS_s14_T1_ctrl,90,69,92.3,-0.3289046585559845,0.8032569085754667
UBFC_PHYS_s14_T1_ctrl,90,70,92.33333333333333,-0.018285872414708138,0.46615730168522984
UBFC_PHYS_s14_T1_ctrl,90,71,92.36666666666666,0.05882667005062103,0.09689411519778753
UBFC_PHYS_s14_T1_ctrl,90,72,92.4,0.007540352176874876,-0.2768637144555518
UBFC_PHYS_s14_T1_ctrl,90,73,92.43333333333334,-0.076021708548069,-0.6275207195542867
UBFC_PHYS_s14_T1_ctrl,90,74,92.46666666666667,-0.06695295870304108,-0.9297062417154262
UBFC_PHYS_s14_T1_ctrl,90,75,92.5,0.07226081192493439,-1.1609621622655582
UBFC_PHYS_s14_T1_ctrl,90,76,92.53333333333333,0.21437545120716095,-1.3008827855460585
UBFC_PHYS_s14_T1_ctrl,90,77,92.56666666666666,0.20767246186733246,-1.3303372737105847
UBFC_PHYS_s14_T1_ctrl,90,78,92.6,0.03812626376748085,-1.2332397610125152
UBFC_PHYS_s14_T1_ctrl,90,79,92.63333333333334,-0.16597695648670197,-1.0023350335273524
UBFC_PHYS_s14_T1_ctrl,90,80,92.66666666666667,-0.2861238121986389,-0.6476704506324277
UBFC_PHYS_s14_T1_ctrl,90,81,92.7,-0.35433658957481384,-0.20329469133540756
UBFC_PHYS_s14_T1_ctrl,90,82,92.73333333333333,-0.5316278338432312,0.27346275539195075
UBFC_PHYS_s14_T1_ctrl,90,83,92.76666666666667,-0.8942089080810547,0.7129626414679109
UBFC_PHYS_s14_T1_ctrl,90,84,92.8,-1.1736502647399902,1.051111544066743
UBFC_PHYS_s14_T1_ctrl,90,85,92.83333333333333,-0.9567043781280518,1.2459290886943537
UBFC_PHYS_s14_T1_ctrl,90,86,92.86666666666666,-0.24196293950080872,1.2853735177903518
UBFC_PHYS_s14_T1_ctrl,90,87,92.9,0.5150805711746216,1.184103819570331
UBFC_PHYS_s14_T1_ctrl,90,88,92.93333333333334,0.9731369614601135,0.9725189868494242
UBFC_PHYS_s14_T1_ctrl,90,89,92.96666666666667,1.1635525226593018,0.6844208491237244
UBFC_PHYS_s14_T1_ctrl,90,90,93.0,1.2052913904190063,0.34883774487344055
UBFC_PHYS_s14_T1_ctrl,90,91,93.03333333333333,1.1164344549179077,-0.011659971418325832
UBFC_PHYS_s14_T1_ctrl,90,92,93.06666666666666,0.9150350093841553,-0.3771311188677746
UBFC_PHYS_s14_T1_ctrl,90,93,93.1,0.651196300983429,-0.7240349958167763
UBFC_PHYS_s14_T1_ctrl,90,94,93.13333333333334,0.35843339562416077,-1.0204063183709724
UBFC_PHYS_s14_T1_ctrl,90,95,93.16666666666667,0.06493821740150452,-1.2258021190463553
UBFC_PHYS_s14_T1_ctrl,90,96,93.2,-0.1625409722328186,-1.2980335508267826
UBFC_PHYS_s14_T1_ctrl,90,97,93.23333333333333,-0.2761538326740265,-1.2059995754168757
UBFC_PHYS_s14_T1_ctrl,90,98,93.26666666666667,-0.4026375412940979,-0.9442094181607072
UBFC_PHYS_s14_T1_ctrl,90,99,93.3,-0.7955510020256042,-0.5419626632346795
UBFC_PHYS_s14_T1_ctrl,90,100,93.33333333333333,-1.4536550045013428,-0.0610114302253401
UBFC_PHYS_s14_T1_ctrl,90,101,93.36666666666666,-1.9965126514434814,0.4194399157472613
UBFC_PHYS_s14_T1_ctrl,90,102,93.4,-2.0899603366851807,0.8244734491718033
UBFC_PHYS_s14_T1_ctrl,90,103,93.43333333333334,-1.7939021587371826,1.1020148515657784
UBFC_PHYS_s14_T1_ctrl,90,104,93.46666666666667,-1.2875165939331055,1.230731773879324
UBFC_PHYS_s14_T1_ctrl,90,105,93.5,-0.5888848900794983,1.2161601608423223
UBFC_PHYS_s14_T1_ctrl,90,106,93.53333333333333,0.2152203768491745,1.079525950370921
UBFC_PHYS_s14_T1_ctrl,90,107,93.56666666666666,0.814799964427948,0.8460481426977358
UBFC_PHYS_s14_T1_ctrl,90,108,93.6,1.013918161392212,0.5383196161390076
UBFC_PHYS_s14_T1_ctrl,90,109,93.63333333333334,0.9102753400802612,0.17682862753486916
UBFC_PHYS_s14_T1_ctrl,90,110,93.66666666666667,0.706932544708252,-0.21431215755486388
UBFC_PHYS_s14_T1_ctrl,90,111,93.7,0.5373018383979797,-0.6010292203264581
UBFC_PHYS_s14_T1_ctrl,90,112,93.73333333333333,0.5020688772201538,-0.9372363487742442
UBFC_PHYS_s14_T1_ctrl,90,113,93.76666666666667,0.6501542925834656,-1.1699819970738454
UBFC_PHYS_s14_T1_ctrl,90,114,93.8,0.8136734366416931,-1.2514032266759776
UBFC_PHYS_s14_T1_ctrl,90,115,93.83333333333333,0.7580498456954956,-1.1537247677570233
UBFC_PHYS_s14_T1_ctrl,90,116,93.86666666666666,0.4859028458595276,-0.8814331494561818
UBFC_PHYS_s14_T1_ctrl,90,117,93.9,0.1451769471168518,-0.47498233464597106
UBFC_PHYS_s14_T1_ctrl,90,118,93.93333333333334,-0.23652732372283936,-0.003243540521440152
UBFC_PHYS_s14_T1_ctrl,90,119,93.96666666666667,-0.687063992023468,0.4534760775352519
UBFC_PHYS_s14_T1_ctrl,90,120,94.0,-1.1697636842727661,0.8236078833552999
UBFC_PHYS_s14_T1_ctrl,90,121,94.03333333333333,-1.6380717754364014,1.0598037812792098
UBFC_PHYS_s14_T1_ctrl,90,122,94.06666666666666,-1.9553935527801514,1.1443112453814936
UBFC_PHYS_s14_T1_ctrl,90,123,94.1,-1.843160629272461,1.0840559625452706
UBFC_PHYS_s14_T1_ctrl,90,124,94.13333333333334,-1.2209092378616333,0.9002631169746718
UBFC_PHYS_s14_T1_ctrl,90,125,94.16666666666667,-0.4217326045036316,0.6193156731938861
UBFC_PHYS_s14_T1_ctrl,90,126,94.2,0.17018641531467438,0.26922402106782256
UBFC_PHYS_s14_T1_ctrl,90,127,94.23333333333333,0.5017872452735901,-0.11838141636112372
UBFC_PHYS_s14_T1_ctrl,90,128,94.26666666666667,0.7060031294822693,-0.5043907168383454
UBFC_PHYS_s14_T1_ctrl,90,129,94.3,0.7977045178413391,-0.8411945534733375
UBFC_PHYS_s14_T1_ctrl,90,130,94.33333333333333,0.7289003133773804,-1.0776308461309965
UBFC_PHYS_s14_T1_ctrl,90,131,94.36666666666666,0.5898273587226868,-1.1697857914947223
UBFC_PHYS_s14_T1_ctrl,90,132,94.4,0.5440611243247986,-1.09415682634361
UBFC_PHYS_s14_T1_ctrl,90,133,94.43333333333334,0.587602436542511,-0.8575897454126356
UBFC_PHYS_s14_T1_ctrl,90,134,94.46666666666667,0.5870391726493835,-0.4987275335282532
UBFC_PHYS_s14_T1_ctrl,90,135,94.5,0.5027448534965515,-0.07910575696679033
UBFC_PHYS_s14_T1_ctrl,90,136,94.53333333333333,0.3236510753631592,0.3326639170879073
UBFC_PHYS_s14_T1_ctrl,90,137,94.56666666666666,-0.042957380414009094,0.6766494827018561
UBFC_PHYS_s14_T1_ctrl,90,138,94.6,-0.5942078828811646,0.9113131964728423
UBFC_PHYS_s14_T1_ctrl,90,139,94.63333333333334,-1.1394312381744385,1.0153663381829814
UBFC_PHYS_s14_T1_ctrl,90,140,94.66666666666667,-1.4192951917648315,0.9841153324488452
UBFC_PHYS_s14_T1_ctrl,90,141,94.7,-1.233723759651184,0.8247539677155323
UBFC_PHYS_s14_T1_ctrl,90,142,94.73333333333333,-0.6347074508666992,0.5544057943187558
UBFC_PHYS_s14_T1_ctrl,90,143,94.76666666666667,0.05099712684750557,0.20180056927096596
UBFC_PHYS_s14_T1_ctrl,90,144,94.8,0.5550450682640076,-0.19006665480760804
UBFC_PHYS_s14_T1_ctrl,90,145,94.83333333333333,0.8048018217086792,-0.5646433836039458
UBFC_PHYS_s14_T1_ctrl,90,146,94.86666666666666,0.764217734336853,-0.858775709592341
UBFC_PHYS_s14_T1_ctrl,90,147,94.9,0.4997876286506653,-1.0154774863620581
UBFC_PHYS_s14_T1_ctrl,90,148,94.93333333333334,0.23363950848579407,-0.9990531326802077
UBFC_PHYS_s14_T1_ctrl,90,149,94.96666666666667,0.11509798467159271,-0.8072812911107511
UBFC_PHYS_s14_T1_ctrl,90,150,95.0,0.06761378049850464,-0.47519083561256936
UBFC_PHYS_s14_T1_ctrl,90,151,95.03333333333333,-0.06030629575252533,-0.06737106120739482
UBFC_PHYS_s14_T1_ctrl,90,152,95.06666666666666,-0.2669442594051361,0.33938262916884315
UBFC_PHYS_s14_T1_ctrl,90,153,95.1,-0.4728781282901764,0.6764355153030471
UBFC_PHYS_s14_T1_ctrl,90,154,95.13333333333334,-0.7099329829216003,0.8982495502379293
UBFC_PHYS_s14_T1_ctrl,90,155,95.16666666666667,-1.059783935546875,0.9863037481129295
UBFC_PHYS_s14_T1_ctrl,90,156,95.2,-1.4316027164459229,0.9427769046539971
UBFC_PHYS_s14_T1_ctrl,90,157,95.23333333333333,-1.5433286428451538,0.780410804484671
UBFC_PHYS_s14_T1_ctrl,90,158,95.26666666666667,-1.1745516061782837,0.5160167304131357
UBFC_PHYS_s14_T1_ctrl,90,159,95.3,-0.43823662400245667,0.1713409914427935
UBFC_PHYS_s14_T1_ctrl,90,160,95.33333333333333,0.3246086537837982,-0.22083105361739364
UBFC_PHYS_s14_T1_ctrl,90,161,95.36666666666666,0.8406543731689453,-0.6115647058718003
UBFC_PHYS_s14_T1_ctrl,90,162,95.4,1.0138336420059204,-0.9377413608914327
UBFC_PHYS_s14_T1_ctrl,90,163,95.43333333333334,0.9138521552085876,-1.1334053721532062
UBFC_PHYS_s14_T1_ctrl,90,164,95.46666666666667,0.740419328212738,-1.1478128757339496
UBFC_PHYS_s14_T1_ctrl,90,165,95.5,0.6442680358886719,-0.963570188153842
UBFC_PHYS_s14_T1_ctrl,90,166,95.53333333333333,0.5676624178886414,-0.6069934311434012
UBFC_PHYS_s14_T1_ctrl,90,167,95.56666666666666,0.40619924664497375,-0.144963780793834
UBFC_PHYS_s14_T1_ctrl,90,168,95.6,0.20525038242340088,0.3323331850123423
UBFC_PHYS_s14_T1_ctrl,90,169,95.63333333333334,0.03919648751616478,0.7369115184714842
UBFC_PHYS_s14_T1_ctrl,90,170,95.66666666666667,-0.15840087831020355,1.0060146642977197
UBFC_PHYS_s14_T1_ctrl,90,171,95.7,-0.49831005930900574,1.1127934232820682
UBFC_PHYS_s14_T1_ctrl,90,172,95.73333333333333,-0.9259213209152222,1.062143790076334
UBFC_PHYS_s14_T1_ctrl,90,173,95.76666666666667,-1.1712000370025635,0.8776651477322349
UBFC_PHYS_s14_T1_ctrl,90,174,95.8,-0.9683360457420349,0.5890538125143033
UBFC_PHYS_s14_T1_ctrl,90,175,95.83333333333333,-0.3507597744464874,0.226606474065911
UBFC_PHYS_s14_T1_ctrl,90,176,95.86666666666666,0.3718957006931305,-0.17631452156855607
UBFC_PHYS_s14_T1_ctrl,90,177,95.9,0.8815200328826904,-0.5773296272915739
UBFC_PHYS_s14_T1_ctrl,90,178,95.93333333333334,1.0679082870483398,-0.9221593011505813
UBFC_PHYS_s14_T1_ctrl,90,179,95.96666666666667,0.9993293285369873,-1.1497118126789305
UBFC_PHYS_s14_T1_ctrl,90,180,96.0,0.8166306018829346,-1.2058646735093927
UBFC_PHYS_s14_T1_ctrl,90,181,96.03333333333333,0.6687705516815186,-1.0617949218929847
UBFC_PHYS_s14_T1_ctrl,90,182,96.06666666666666,0.6155127882957458,-0.729176732601245
UBFC_PHYS_s14_T1_ctrl,90,183,96.1,0.5935731530189514,-0.2640903232695421
UBFC_PHYS_s14_T1_ctrl,90,184,96.13333333333334,0.5407941341400146,0.24495983880038694
UBFC_PHYS_s14_T1_ctrl,90,185,96.16666666666667,0.47035643458366394,0.7021588111266899
UBFC_PHYS_s14_T1_ctrl,90,186,96.2,0.36502373218536377,1.031795974829199
UBFC_PHYS_s14_T1_ctrl,90,187,96.23333333333333,0.14272668957710266,1.1949086868332188
UBFC_PHYS_s14_T1_ctrl,90,188,96.26666666666667,-0.19273258745670319,1.188969945586461
UBFC_PHYS_s14_T1_ctrl,90,189,96.3,-0.4646824300289154,1.034878026582714
UBFC_PHYS_s14_T1_ctrl,90,190,96.33333333333333,-0.4403207302093506,0.7615995936700963
UBFC_PHYS_s14_T1_ctrl,90,191,96.36666666666666,-0.026002759113907814,0.39770319209917315
UBFC_PHYS_s14_T1_ctrl,90,192,96.4,0.6119077801704407,-0.027341609272174872
UBFC_PHYS_s14_T1_ctrl,90,193,96.43333333333334,1.1576663255691528,-0.47604414547658125
UBFC_PHYS_s14_T1_ctrl,90,194,96.46666666666667,1.3819348812103271,-0.8970130363120382
UBFC_PHYS_s14_T1_ctrl,90,195,96.5,1.2162752151489258,-1.226317825938822
UBFC_PHYS_s14_T1_ctrl,90,196,96.53333333333333,0.7623870968818665,-1.3984965240946547
UBFC_PHYS_s14_T1_ctrl,90,197,96.56666666666666,0.3048658072948456,-1.365005953422273
UBFC_PHYS_s14_T1_ctrl,90,198,96.6,0.05696785822510719,-1.1136878793702236
UBFC_PHYS_s14_T1_ctrl,90,199,96.63333333333334,-0.0018663642695173621,-0.6804202240599914
UBFC_PHYS_s14_T1_ctrl,90,200,96.66666666666667,-0.015610309317708015,-0.14516940224464972
UBFC_PHYS_s14_T1_ctrl,90,201,96.7,-0.048224013298749924,0.3891886781897747
UBFC_PHYS_s14_T1_ctrl,90,202,96.73333333333333,-0.07771153748035431,0.8272745318650739
UBFC_PHYS_s14_T1_ctrl,90,203,96.76666666666667,-0.15482407808303833,1.106728069577816
UBFC_PHYS_s14_T1_ctrl,90,204,96.8,-0.4230281412601471,1.2077107399282239
UBFC_PHYS_s14_T1_ctrl,90,205,96.83333333333333,-0.8434858322143555,1.1448814269467311
UBFC_PHYS_s14_T1_ctrl,90,206,96.86666666666666,-1.1156046390533447,0.9498986206521892
UBFC_PHYS_s14_T1_ctrl,90,207,96.9,-0.9816012382507324,0.6561248823740506
UBFC_PHYS_s14_T1_ctrl,90,208,96.93333333333334,-0.4613872766494751,0.2931302826531684
UBFC_PHYS_s14_T1_ctrl,90,209,96.96666666666667,0.22873900830745697,-0.10917403099738736
UBFC_PHYS_s14_T1_ctrl,90,210,97.0,0.8263471126556396,-0.5127751349059132
UBFC_PHYS_s14_T1_ctrl,90,211,97.03333333333333,1.1223489046096802,-0.8674754690100029
UBFC_PHYS_s14_T1_ctrl,90,212,97.06666666666666,1.1367405652999878,-1.1150002121451807
UBFC_PHYS_s14_T1_ctrl,90,213,97.1,1.0519393682479858,-1.201299525925678
UBFC_PHYS_s14_T1_ctrl,90,214,97.13333333333334,1.0220856666564941,-1.093243768433244
UBFC_PHYS_s14_T1_ctrl,90,215,97.16666666666667,1.0388431549072266,-0.7935286412009764
UBFC_PHYS_s14_T1_ctrl,90,216,97.2,1.0005685091018677,-0.3469040106327792
UBFC_PHYS_s14_T1_ctrl,90,217,97.23333333333333,0.8732117414474487,0.16710021306319162
UBFC_PHYS_s14_T1_ctrl,90,218,97.26666666666667,0.7288157939910889,0.6545359199047849
UBFC_PHYS_s14_T1_ctrl,90,219,97.3,0.6461268663406372,1.033355605338259
UBFC_PHYS_s14_T1_ctrl,90,220,97.33333333333333,0.6023039221763611,1.2540210000701841
UBFC_PHYS_s14_T1_ctrl,90,221,97.36666666666666,0.5116727352142334,1.3049080138283173
UBFC_PHYS_s14_T1_ctrl,90,222,97.4,0.3973839581012726,1.202347167318559
UBFC_PHYS_s14_T1_ctrl,90,223,97.43333333333334,0.4100576937198639,0.9744539336265448
UBFC_PHYS_s14_T1_ctrl,90,224,97.46666666666667,0.5855183005332947,0.6498291201784221
UBFC_PHYS_s14_T1_ctrl,90,225,97.5,0.7773420810699463,0.25671018231415865
UBFC_PHYS_s14_T1_ctrl,90,226,97.53333333333333,0.859326958656311,-0.1699471686467293
UBFC_PHYS_s14_T1_ctrl,90,227,97.56666666666666,0.8057312369346619,-0.5812397058574706
UBFC_PHYS_s14_T1_ctrl,90,228,97.6,0.621117353439331,-0.9142736653799911
UBFC_PHYS_s14_T1_ctrl,90,229,97.63333333333334,0.3675866425037384,-1.1023109466572076
UBFC_PHYS_s14_T1_ctrl,90,230,97.66666666666667,0.1485847681760788,-1.0932661933348236
UBFC_PHYS_s14_T1_ctrl,90,231,97.7,0.03922465071082115,-0.8707355085475433
UBFC_PHYS_s14_T1_ctrl,90,232,97.73333333333333,0.03781646117568016,-0.4691626255027336
UBFC_PHYS_s14_T1_ctrl,90,233,97.76666666666667,0.040689170360565186,0.025187504829910636
UBFC_PHYS_s14_T1_ctrl,90,234,97.8,-0.026932165026664734,0.4919129897008573
UBFC_PHYS_s14_T1_ctrl,90,235,97.83333333333333,-0.09559556096792221,0.8095603549643098
UBFC_PHYS_s14_T1_ctrl,90,236,97.86666666666666,-0.12384387850761414,0.8922286820664747
UBFC_PHYS_s14_T1_ctrl,90,237,97.9,-0.21205297112464905,0.7149702792120676
UBFC_PHYS_s14_T1_ctrl,90,238,97.93333333333334,-0.394723504781723,0.31958549701923544
UBFC_PHYS_s14_T1_ctrl,90,239,97.96666666666667,-0.5090968012809753,-0.19800041719339034
UBFC_PHYS_s14_T1_ctrl,91,0,91.0,-0.5263612270355225,-0.07864503010608714
UBFC_PHYS_s14_T1_ctrl,91,1,91.03333333333333,-0.7600646018981934,0.12996542149232868
UBFC_PHYS_s14_T1_ctrl,91,2,91.06666666666666,-0.7730199694633484,0.28052378447962195
UBFC_PHYS_s14_T1_ctrl,91,3,91.1,-0.5737609267234802,0.3250612097196129
UBFC_PHYS_s14_T1_ctrl,91,4,91.13333333333334,-0.3456903100013733,0.23848251911292057
UBFC_PHYS_s14_T1_ctrl,91,5,91.16666666666667,-0.1950138509273529,0.02624177943306561
UBFC_PHYS_s14_T1_ctrl,91,6,91.2,-0.11345142871141434,-0.2739624491523057
UBFC_PHYS_s14_T1_ctrl,91,7,91.23333333333333,-0.11150812357664108,-0.5987440926604186
UBFC_PHYS_s14_T1_ctrl,91,8,91.26666666666667,-0.1933240294456482,-0.8735996751606045
UBFC_PHYS_s14_T1_ctrl,91,9,91.3,-0.3163154423236847,-1.0320271647284698
UBFC_PHYS_s14_T1_ctrl,91,10,91.33333333333333,-0.4401799142360687,-1.0335065970581565
UBFC_PHYS_s14_T1_ctrl,91,11,91.36666666666666,-0.523657500743866,-0.8745313730548305
UBFC_PHYS_s14_T1_ctrl,91,12,91.4,-0.5518776178359985,-0.5889524919963973
UBFC_PHYS_s14_T1_ctrl,91,13,91.43333333333334,-0.5749719738960266,-0.23717883956971164
UBFC_PHYS_s14_T1_ctrl,91,14,91.46666666666667,-0.6340314745903015,0.11279043174491968
UBFC_PHYS_s14_T1_ctrl,91,15,91.5,-0.6932318806648254,0.40614629276893516
UBFC_PHYS_s14_T1_ctrl,91,16,91.53333333333333,-0.6893171072006226,0.6152555923546582
UBFC_PHYS_s14_T1_ctrl,91,17,91.56666666666666,-0.575957715511322,0.7402959082218183
UBFC_PHYS_s14_T1_ctrl,91,18,91.6,-0.3255250155925751,0.7972445925664602
UBFC_PHYS_s14_T1_ctrl,91,19,91.63333333333334,0.05896748974919319,0.8013804481228367
UBFC_PHYS_s14_T1_ctrl,91,20,91.66666666666667,0.5628745555877686,0.7563831071299971
UBFC_PHYS_s14_T1_ctrl,91,21,91.7,1.0998460054397583,0.654674196152896
UBFC_PHYS_s14_T1_ctrl,91,22,91.73333333333333,1.446852445602417,0.4871323842246479
UBFC_PHYS_s14_T1_ctrl,91,23,91.76666666666667,1.3991429805755615,0.25493407903518467
UBFC_PHYS_s14_T1_ctrl,91,24,91.8,1.0199171304702759,-0.023620222753419354
UBFC_PHYS_s14_T1_ctrl,91,25,91.83333333333333,0.5572417974472046,-0.31432675396778825
UBFC_PHYS_s14_T1_ctrl,91,26,91.86666666666666,0.1888590306043625,-0.574884508392086
UBFC_PHYS_s14_T1_ctrl,91,27,91.9,-0.04788604751229286,-0.7652700439970395
UBFC_PHYS_s14_T1_ctrl,91,28,91.93333333333334,-0.18326954543590546,-0.856654216439117
UBFC_PHYS_s14_T1_ctrl,91,29,91.96666666666667,-0.2411743551492691,-0.836513664757099
UBFC_PHYS_s14_T1_ctrl,91,30,92.0,-0.23866777122020721,-0.7095334658338304
UBFC_PHYS_s14_T1_ctrl,91,31,92.03333333333333,-0.22661365568637848,-0.495101830025334
UBFC_PHYS_s14_T1_ctrl,91,32,92.06666666666666,-0.3264825642108917,-0.22251875242825023
UBFC_PHYS_s14_T1_ctrl,91,33,92.1,-0.6799666881561279,0.07475378710006997
UBFC_PHYS_s14_T1_ctrl,91,34,92.13333333333334,-1.2756315469741821,0.3640215607639792
UBFC_PHYS_s14_T1_ctrl,91,35,92.16666666666667,-1.843583106994629,0.6161266594324508
UBFC_PHYS_s14_T1_ctrl,91,36,92.2,-2.0180580615997314,0.8065548918378028
UBFC_PHYS_s14_T1_ctrl,91,37,92.23333333333333,-1.641395092010498,0.916638676743036
UBFC_PHYS_s14_T1_ctrl,91,38,92.26666666666667,-0.9370179176330566,0.9356209798914146
UBFC_PHYS_s14_T1_ctrl,91,39,92.3,-0.3289046585559845,0.8624857736742639
UBFC_PHYS_s14_T1_ctrl,91,40,92.33333333333333,-0.018285872414708138,0.7058841424168463
UBFC_PHYS_s14_T1_ctrl,91,41,92.36666666666666,0.05882667005062103,0.48153268160277973
UBFC_PHYS_s14_T1_ctrl,91,42,92.4,0.007540352176874876,0.20819380358886666
UBFC_PHYS_s14_T1_ctrl,91,43,92.43333333333334,-0.076021708548069,-0.0954144059093592
UBFC_PHYS_s14_T1_ctrl,91,44,92.46666666666667,-0.06695295870304108,-0.41062224829247784
UBFC_PHYS_s14_T1_ctrl,91,45,92.5,0.07226081192493439,-0.7154644060479244
UBFC_PHYS_s14_T1_ctrl,91,46,92.53333333333333,0.21437545120716095,-0.9804832702661581
UBFC_PHYS_s14_T1_ctrl,91,47,92.56666666666666,0.20767246186733246,-1.1677901532751058
UBFC_PHYS_s14_T1_ctrl,91,48,92.6,0.03812626376748085,-1.236453154820779
UBFC_PHYS_s14_T1_ctrl,91,49,92.63333333333334,-0.16597695648670197,-1.1540805888893304
UBFC_PHYS_s14_T1_ctrl,91,50,92.66666666666667,-0.2861238121986389,-0.91079109726483
UBFC_PHYS_s14_T1_ctrl,91,51,92.7,-0.35433658957481384,-0.5292437009862686
UBFC_PHYS_s14_T1_ctrl,91,52,92.73333333333333,-0.5316278338432312,-0.06453447061511448
UBFC_PHYS_s14_T1_ctrl,91,53,92.76666666666667,-0.8942089080810547,0.4082688993414671
UBFC_PHYS_s14_T1_ctrl,91,54,92.8,-1.1736502647399902,0.8145297711236922
UBFC_PHYS_s14_T1_ctrl,91,55,92.83333333333333,-0.9567043781280518,1.0992821498844598
UBFC_PHYS_s14_T1_ctrl,91,56,92.86666666666666,-0.24196293950080872,1.2372489140386298
UBFC_PHYS_s14_T1_ctrl,91,57,92.9,0.5150805711746216,1.2309657211049387
UBFC_PHYS_s14_T1_ctrl,91,58,92.93333333333334,0.9731369614601135,1.1002083592288565
UBFC_PHYS_s14_T1_ctrl,91,59,92.96666666666667,1.1635525226593018,0.8693966817338628
UBFC_PHYS_s14_T1_ctrl,91,60,93.0,1.2052913904190063,0.5595208355292861
UBFC_PHYS_s14_T1_ctrl,91,61,93.03333333333333,1.1164344549179077,0.18794057703817757
UBFC_PHYS_s14_T1_ctrl,91,62,93.06666666666666,0.9150350093841553,-0.2250832968093307
UBFC_PHYS_s14_T1_ctrl,91,63,93.1,0.651196300983429,-0.6478651033068504
UBFC_PHYS_s14_T1_ctrl,91,64,93.13333333333334,0.35843339562416077,-1.0326228701871372
UBFC_PHYS_s14_T1_ctrl,91,65,93.16666666666667,0.06493821740150452,-1.3188972412627933
UBFC_PHYS_s14_T1_ctrl,91,66,93.2,-0.1625409722328186,-1.4458352299688613
UBFC_PHYS_s14_T1_ctrl,91,67,93.23333333333333,-0.2761538326740265,-1.370151499757196
UBFC_PHYS_s14_T1_ctrl,91,68,93.26666666666667,-0.4026375412940979,-1.0835212734412003
UBFC_PHYS_s14_T1_ctrl,91,69,93.3,-0.7955510020256042,-0.6220208993400247
UBFC_PHYS_s14_T1_ctrl,91,70,93.33333333333333,-1.4536550045013428,-0.061860876971212314
UBFC_PHYS_s14_T1_ctrl,91,71,93.36666666666666,-1.9965126514434814,0.49919720406676893
UBFC_PHYS_s14_T1_ctrl,91,72,93.4,-2.0899603366851807,0.9681084511933914
UBFC_PHYS_s14_T1_ctrl,91,73,93.43333333333334,-1.7939021587371826,1.2794485860998854
UBFC_PHYS_s14_T1_ctrl,91,74,93.46666666666667,-1.2875165939331055,1.4060325218901266
UBFC_PHYS_s14_T1_ctrl,91,75,93.5,-0.5888848900794983,1.3551487017623067
UBFC_PHYS_s14_T1_ctrl,91,76,93.53333333333333,0.2152203768491745,1.1552548296337657
UBFC_PHYS_s14_T1_ctrl,91,77,93.56666666666666,0.814799964427948,0.841511487409853
UBFC_PHYS_s14_T1_ctrl,91,78,93.6,1.013918161392212,0.4473267285710609
UBFC_PHYS_s14_T1_ctrl,91,79,93.63333333333334,0.9102753400802612,0.004416464995776484
UBFC_PHYS_s14_T1_ctrl,91,80,93.66666666666667,0.706932544708252,-0.45142657493469895
UBFC_PHYS_s14_T1_ctrl,91,81,93.7,0.5373018383979797,-0.8747160598031195
UBFC_PHYS_s14_T1_ctrl,91,82,93.73333333333333,0.5020688772201538,-1.2100851104505377
UBFC_PHYS_s14_T1_ctrl,91,83,93.76666666666667,0.6501542925834656,-1.3997744564895405
UBFC_PHYS_s14_T1_ctrl,91,84,93.8,0.8136734366416931,-1.3975520752770192
UBFC_PHYS_s14_T1_ctrl,91,85,93.83333333333333,0.7580498456954956,-1.1847613358831914
UBFC_PHYS_s14_T1_ctrl,91,86,93.86666666666666,0.4859028458595276,-0.7821526778175046
UBFC_PHYS_s14_T1_ctrl,91,87,93.9,0.1451769471168518,-0.25133341537006787
UBFC_PHYS_s14_T1_ctrl,91,88,93.93333333333334,-0.23652732372283936,0.31708322244496434
UBFC_PHYS_s14_T1_ctrl,91,89,93.96666666666667,-0.687063992023468,0.82579303158527
UBFC_PHYS_s14_T1_ctrl,91,90,94.0,-1.1697636842727661,1.195004215417914
UBFC_PHYS_s14_T1_ctrl,91,91,94.03333333333333,-1.6380717754364014,1.3785184603000185
UBFC_PHYS_s14_T1_ctrl,91,92,94.06666666666666,-1.9553935527801514,1.3665251883174976
UBFC_PHYS_s14_T1_ctrl,91,93,94.1,-1.843160629272461,1.1774100809608214
UBFC_PHYS_s14_T1_ctrl,91,94,94.13333333333334,-1.2209092378616333,0.8456923685713482
UBFC_PHYS_s14_T1_ctrl,91,95,94.16666666666667,-0.4217326045036316,0.4130724359454717
UBFC_PHYS_s14_T1_ctrl,91,96,94.2,0.17018641531467438,-0.07453271196316404
UBFC_PHYS_s14_T1_ctrl,91,97,94.23333333333333,0.5017872452735901,-0.5658193858294183
UBFC_PHYS_s14_T1_ctrl,91,98,94.26666666666667,0.7060031294822693,-1.0029705779785385
UBFC_PHYS_s14_T1_ctrl,91,99,94.3,0.7977045178413391,-1.3243843442004863
UBFC_PHYS_s14_T1_ctrl,91,100,94.33333333333333,0.7289003133773804,-1.4731232063081128
UBFC_PHYS_s14_T1_ctrl,91,101,94.36666666666666,0.5898273587226868,-1.4101377837989095
UBFC_PHYS_s14_T1_ctrl,91,102,94.4,0.5440611243247986,-1.1283366907316124
UBFC_PHYS_s14_T1_ctrl,91,103,94.43333333333334,0.587602436542511,-0.6615998093237533
UBFC_PHYS_s14_T1_ctrl,91,104,94.46666666666667,0.5870391726493835,-0.08317093827566538
UBFC_PHYS_s14_T1_ctrl,91,105,94.5,0.5027448534965515,0.5085783341152108
UBFC_PHYS_s14_T1_ctrl,91,106,94.53333333333333,0.3236510753631592,1.0131461664741612
UBFC_PHYS_s14_T1_ctrl,91,107,94.56666666666666,-0.042957380414009094,1.3510928962917819
UBFC_PHYS_s14_T1_ctrl,91,108,94.6,-0.5942078828811646,1.4786753139694955
UBFC_PHYS_s14_T1_ctrl,91,109,94.63333333333334,-1.1394312381744385,1.3898564390764427
UBFC_PHYS_s14_T1_ctrl,91,110,94.66666666666667,-1.4192951917648315,1.108485240321569
UBFC_PHYS_s14_T1_ctrl,91,111,94.7,-1.233723759651184,0.677708367851583
UBFC_PHYS_s14_T1_ctrl,91,112,94.73333333333333,-0.6347074508666992,0.15244547264411656
UBFC_PHYS_s14_T1_ctrl,91,113,94.76666666666667,0.05099712684750557,-0.40379125072153393
UBFC_PHYS_s14_T1_ctrl,91,114,94.8,0.5550450682640076,-0.920358664636936
UBFC_PHYS_s14_T1_ctrl,91,115,94.83333333333333,0.8048018217086792,-1.323232226793769
UBFC_PHYS_s14_T1_ctrl,91,116,94.86666666666666,0.764217734336853,-1.5438624616655507
UBFC_PHYS_s14_T1_ctrl,91,117,94.9,0.4997876286506653,-1.533036176564031
UBFC_PHYS_s14_T1_ctrl,91,118,94.93333333333334,0.23363950848579407,-1.2762543731422935
UBFC_PHYS_s14_T1_ctrl,91,119,94.96666666666667,0.11509798467159271,-0.8045004006493389
UBFC_PHYS_s14_T1_ctrl,91,120,95.0,0.06761378049850464,-0.19380654521710933
UBFC_PHYS_s14_T1_ctrl,91,121,95.03333333333333,-0.06030629575252533,0.4495651916022722
UBFC_PHYS_s14_T1_ctrl,91,122,95.06666666666666,-0.2669442594051361,1.0146755117790618
UBFC_PHYS_s14_T1_ctrl,91,123,95.1,-0.4728781282901764,1.4125723012800566
UBFC_PHYS_s14_T1_ctrl,91,124,95.13333333333334,-0.7099329829216003,1.5937053338923017
UBFC_PHYS_s14_T1_ctrl,91,125,95.16666666666667,-1.059783935546875,1.5507032642913814
UBFC_PHYS_s14_T1_ctrl,91,126,95.2,-1.4316027164459229,1.308808309030802
UBFC_PHYS_s14_T1_ctrl,91,127,95.23333333333333,-1.5433286428451538,0.9117511118627293
UBFC_PHYS_s14_T1_ctrl,91,128,95.26666666666667,-1.1745516061782837,0.4108323889140707
UBFC_PHYS_s14_T1_ctrl,91,129,95.3,-0.43823662400245667,-0.13936296095346357
UBFC_PHYS_s14_T1_ctrl,91,130,95.33333333333333,0.3246086537837982,-0.6803350005996575
UBFC_PHYS_s14_T1_ctrl,91,131,95.36666666666666,0.8406543731689453,-1.1488084183994907
UBFC_PHYS_s14_T1_ctrl,91,132,95.4,1.0138336420059204,-1.4799592561925003
UBFC_PHYS_s14_T1_ctrl,91,133,95.43333333333334,0.9138521552085876,-1.6164771532072042
UBFC_PHYS_s14_T1_ctrl,91,134,95.46666666666667,0.740419328212738,-1.5222033243479955
UBFC_PHYS_s14_T1_ctrl,91,135,95.5,0.6442680358886719,-1.1962189404545127
UBFC_PHYS_s14_T1_ctrl,91,136,95.53333333333333,0.5676624178886414,-0.6811314460059931
UBFC_PHYS_s14_T1_ctrl,91,137,95.56666666666666,0.40619924664497375,-0.05968335478163714
UBFC_PHYS_s14_T1_ctrl,91,138,95.6,0.20525038242340088,0.5621489514694237
UBFC_PHYS_s14_T1_ctrl,91,139,95.63333333333334,0.03919648751616478,1.0808734056273084
UBFC_PHYS_s14_T1_ctrl,91,140,95.66666666666667,-0.15840087831020355,1.4197734919819844
UBFC_PHYS_s14_T1_ctrl,91,141,95.7,-0.49831005930900574,1.541667803782901
UBFC_PHYS_s14_T1_ctrl,91,142,95.73333333333333,-0.9259213209152222,1.447136267588058
UBFC_PHYS_s14_T1_ctrl,91,143,95.76666666666667,-1.1712000370025635,1.1635976835699648
UBFC_PHYS_s14_T1_ctrl,91,144,95.8,-0.9683360457420349,0.733818582925629
UBFC_PHYS_s14_T1_ctrl,91,145,95.83333333333333,-0.3507597744464874,0.20960236738217558
UBFC_PHYS_s14_T1_ctrl,91,146,95.86666666666666,0.3718957006931305,-0.34923931076164155
UBFC_PHYS_s14_T1_ctrl,91,147,95.9,0.8815200328826904,-0.8748162434668465
UBFC_PHYS_s14_T1_ctrl,91,148,95.93333333333334,1.0679082870483398,-1.2945817659627599
UBFC_PHYS_s14_T1_ctrl,91,149,95.96666666666667,0.9993293285369873,-1.540401952732898
UBFC_PHYS_s14_T1_ctrl,91,150,96.0,0.8166306018829346,-1.5624123778255548
UBFC_PHYS_s14_T1_ctrl,91,151,96.03333333333333,0.6687705516815186,-1.3440551178640403
UBFC_PHYS_s14_T1_ctrl,91,152,96.06666666666666,0.6155127882957458,-0.9125939132243387
UBFC_PHYS_s14_T1_ctrl,91,153,96.1,0.5935731530189514,-0.3390661279378635
UBFC_PHYS_s14_T1_ctrl,91,154,96.13333333333334,0.5407941341400146,0.27572382361678277
UBFC_PHYS_s14_T1_ctrl,91,155,96.16666666666667,0.47035643458366394,0.826441243290644
UBFC_PHYS_s14_T1_ctrl,91,156,96.2,0.36502373218536377,1.2297551258922672
UBFC_PHYS_s14_T1_ctrl,91,157,96.23333333333333,0.14272668957710266,1.4402284259292897
UBFC_PHYS_s14_T1_ctrl,91,158,96.26666666666667,-0.19273258745670319,1.4501864884611244
UBFC_PHYS_s14_T1_ctrl,91,159,96.3,-0.4646824300289154,1.2779594178917453
UBFC_PHYS_s14_T1_ctrl,91,160,96.33333333333333,-0.4403207302093506,0.9542828019944232
UBFC_PHYS_s14_T1_ctrl,91,161,96.36666666666666,-0.026002759113907814,0.5151352989149727
UBFC_PHYS_s14_T1_ctrl,91,162,96.4,0.6119077801704407,0.0030198575277264623
UBFC_PHYS_s14_T1_ctrl,91,163,96.43333333333334,1.1576663255691528,-0.5277296902957621
UBFC_PHYS_s14_T1_ctrl,91,164,96.46666666666667,1.3819348812103271,-1.0086417263428906
UBFC_PHYS_s14_T1_ctrl,91,165,96.5,1.2162752151489258,-1.3630413948078604
UBFC_PHYS_s14_T1_ctrl,91,166,96.53333333333333,0.7623870968818665,-1.5210326210855527
UBFC_PHYS_s14_T1_ctrl,91,167,96.56666666666666,0.3048658072948456,-1.4394596706526652
UBFC_PHYS_s14_T1_ctrl,91,168,96.6,0.05696785822510719,-1.1194128841120377
UBFC_PHYS_s14_T1_ctrl,91,169,96.63333333333334,-0.0018663642695173621,-0.6130996696114103
UBFC_PHYS_s14_T1_ctrl,91,170,96.66666666666667,-0.015610309317708015,-0.014487283617052591
UBFC_PHYS_s14_T1_ctrl,91,171,96.7,-0.048224013298749924,0.5653420525008152
UBFC_PHYS_s14_T1_ctrl,91,172,96.73333333333333,-0.07771153748035431,1.028733292582597
UBFC_PHYS_s14_T1_ctrl,91,173,96.76666666666667,-0.15482407808303833,1.314419148874613
UBFC_PHYS_s14_T1_ctrl,91,174,96.8,-0.4230281412601471,1.4039371082269523
UBFC_PHYS_s14_T1_ctrl,91,175,96.83333333333333,-0.8434858322143555,1.31217710626414
UBFC_PHYS_s14_T1_ctrl,91,176,96.86666666666666,-1.1156046390533447,1.0707200027057793
UBFC_PHYS_s14_T1_ctrl,91,177,96.9,-0.9816012382507324,0.7145232304317508
UBFC_PHYS_s14_T1_ctrl,91,178,96.93333333333334,-0.4613872766494751,0.27794961491298875
UBFC_PHYS_s14_T1_ctrl,91,179,96.96666666666667,0.22873900830745697,-0.20092777623039393
UBFC_PHYS_s14_T1_ctrl,91,180,97.0,0.8263471126556396,-0.67367300895843
UBFC_PHYS_s14_T1_ctrl,91,181,97.03333333333333,1.1223489046096802,-1.079300157528616
UBFC_PHYS_s14_T1_ctrl,91,182,97.06666666666666,1.1367405652999878,-1.3508315119432366
UBFC_PHYS_s14_T1_ctrl,91,183,97.1,1.0519393682479858,-1.4304177242613063
UBFC_PHYS_s14_T1_ctrl,91,184,97.13333333333334,1.0220856666564941,-1.2882783821590778
UBFC_PHYS_s14_T1_ctrl,91,185,97.16666666666667,1.0388431549072266,-0.9376968332854336
UBFC_PHYS_s14_T1_ctrl,91,186,97.2,1.0005685091018677,-0.43820990814560584
UBFC_PHYS_s14_T1_ctrl,91,187,97.23333333333333,0.8732117414474487,0.11694476354250898
UBFC_PHYS_s14_T1_ctrl,91,188,97.26666666666667,0.7288157939910889,0.6259063313249996
UBFC_PHYS_s14_T1_ctrl,91,189,97.3,0.6461268663406372,1.0058494849363446
UBFC_PHYS_s14_T1_ctrl,91,190,97.33333333333333,0.6023039221763611,1.2112622141406733
UBFC_PHYS_s14_T1_ctrl,91,191,97.36666666666666,0.5116727352142334,1.2358162784178013
UBFC_PHYS_s14_T1_ctrl,91,192,97.4,0.3973839581012726,1.1005551270933527
UBFC_PHYS_s14_T1_ctrl,91,193,97.43333333333334,0.4100576937198639,0.8383619765347003
UBFC_PHYS_s14_T1_ctrl,91,194,97.46666666666667,0.5855183005332947,0.4838927563423432
UBFC_PHYS_s14_T1_ctrl,91,195,97.5,0.7773420810699463,0.07200258456357544
UBFC_PHYS_s14_T1_ctrl,91,196,97.53333333333333,0.859326958656311,-0.35813065206272043
UBFC_PHYS_s14_T1_ctrl,91,197,97.56666666666666,0.8057312369346619,-0.758797580794319
UBFC_PHYS_s14_T1_ctrl,91,198,97.6,0.621117353439331,-1.074674286679241
UBFC_PHYS_s14_T1_ctrl,91,199,97.63333333333334,0.3675866425037384,-1.2511735887367355
UBFC_PHYS_s14_T1_ctrl,91,200,97.66666666666667,0.1485847681760788,-1.2485046489247278
UBFC_PHYS_s14_T1_ctrl,91,201,97.7,0.03922465071082115,-1.056231554159904
UBFC_PHYS_s14_T1_ctrl,91,202,97.73333333333333,0.03781646117568016,-0.7016901954291832
UBFC_PHYS_s14_T1_ctrl,91,203,97.76666666666667,0.040689170360565186,-0.2470924960077063
UBFC_PHYS_s14_T1_ctrl,91,204,97.8,-0.026932165026664734,0.2255699349592058
UBFC_PHYS_s14_T1_ctrl,91,205,97.83333333333333,-0.09559556096792221,0.6367576587600837
UBFC_PHYS_s14_T1_ctrl,91,206,97.86666666666666,-0.12384387850761414,0.9289404241391385
UBFC_PHYS_s14_T1_ctrl,91,207,97.9,-0.21205297112464905,1.0746773252510151
UBFC_PHYS_s14_T1_ctrl,91,208,97.93333333333334,-0.394723504781723,1.0721702889931857
UBFC_PHYS_s14_T1_ctrl,91,209,97.96666666666667,-0.5090968012809753,0.9351922579433765
UBFC_PHYS_s14_T1_ctrl,91,210,98.0,-0.3958218991756439,0.6857158131164676
UBFC_PHYS_s14_T1_ctrl,91,211,98.03333333333333,-0.09672211855649948,0.3529811200817911
UBFC_PHYS_s14_T1_ctrl,91,212,98.06666666666666,0.19550569355487823,-0.023253148490150966
UBFC_PHYS_s14_T1_ctrl,91,213,98.1,0.34026774764060974,-0.3909101259872077
UBFC_PHYS_s14_T1_ctrl,91,214,98.13333333333334,0.3315087854862213,-0.689948084791083
UBFC_PHYS_s14_T1_ctrl,91,215,98.16666666666667,0.22927412390708923,-0.8637631357580637
UBFC_PHYS_s14_T1_ctrl,91,216,98.2,0.06888115406036377,-0.8745024664708482
UBFC_PHYS_s14_T1_ctrl,91,217,98.23333333333333,-0.1010030135512352,-0.7164850271970049
UBFC_PHYS_s14_T1_ctrl,91,218,98.26666666666667,-0.21424974501132965,-0.4214689298306429
UBFC_PHYS_s14_T1_ctrl,91,219,98.3,-0.2781252861022949,-0.05184951949391863
UBFC_PHYS_s14_T1_ctrl,91,220,98.33333333333333,-0.33653706312179565,0.31726116868634824
UBFC_PHYS_s14_T1_ctrl,91,221,98.36666666666666,-0.40148282051086426,0.6203804531636264
UBFC_PHYS_s14_T1_ctrl,91,222,98.4,-0.4892694652080536,0.8181593632990564
UBFC_PHYS_s14_T1_ctrl,91,223,98.43333333333334,-0.6446210741996765,0.9001886960349279
UBFC_PHYS_s14_T1_ctrl,91,224,98.46666666666667,-0.8976448774337769,0.8748541015038609
UBFC_PHYS_s14_T1_ctrl,91,225,98.5,-1.187506914138794,0.7552523495919912
UBFC_PHYS_s14_T1_ctrl,91,226,98.53333333333333,-1.3046120405197144,0.5514467250427443
UBFC_PHYS_s14_T1_ctrl,91,227,98.56666666666666,-1.0881167650222778,0.27353662939850343
UBFC_PHYS_s14_T1_ctrl,91,228,98.6,-0.6156687140464783,-0.05826383091638909
UBFC_PHYS_s14_T1_ctrl,91,229,98.63333333333334,-0.11666209995746613,-0.40547478758160665
UBFC_PHYS_s14_T1_ctrl,91,230,98.66666666666667,0.19097131490707397,-0.7128550418610713
UBFC_PHYS_s14_T1_ctrl,91,231,98.7,0.19866004586219788,-0.9215064674120165
UBFC_PHYS_s14_T1_ctrl,91,232,98.73333333333333,0.0345776192843914,-0.9891021722889705
UBFC_PHYS_s14_T1_ctrl,91,233,98.76666666666667,-0.04650602117180824,-0.9083845652820347
UBFC_PHYS_s14_T1_ctrl,91,234,98.8,-0.007583620026707649,-0.7143455920908677
UBFC_PHYS_s14_T1_ctrl,91,235,98.83333333333333,-0.012371469289064407,-0.47444943683585467
UBFC_PHYS_s14_T1_ctrl,91,236,98.86666666666666,-0.12682923674583435,-0.2639843591466364
UBFC_PHYS_s14_T1_ctrl,91,237,98.9,-0.30178290605545044,-0.13641318708928254
UBFC_PHYS_s14_T1_ctrl,91,238,98.93333333333334,-0.5320221185684204,-0.1020987033765659
UBFC_PHYS_s14_T1_ctrl,91,239,98.96666666666667,-0.8566946983337402,-0.1256046733237141
UBFC_PHYS_s14_T1_ctrl,92,0,92.0,-0.23866777122020721,0.07618159237243985
UBFC_PHYS_s14_T1_ctrl,92,1,92.03333333333333,-0.22661365568637848,0.2348554853023517
UBFC_PHYS_s14_T1_ctrl,92,2,92.06666666666666,-0.3264825642108917,0.41384516841204366
UBFC_PHYS_s14_T1_ctrl,92,3,92.1,-0.6799666881561279,0.624575902891228
UBFC_PHYS_s14_T1_ctrl,92,4,92.13333333333334,-1.2756315469741821,0.8576932317823578
UBFC_PHYS_s14_T1_ctrl,92,5,92.16666666666667,-1.843583106994629,1.0847040900009401
UBFC_PHYS_s14_T1_ctrl,92,6,92.2,-2.0180580615997314,1.2670852642787285
UBFC_PHYS_s14_T1_ctrl,92,7,92.23333333333333,-1.641395092010498,1.3680360137143355
UBFC_PHYS_s14_T1_ctrl,92,8,92.26666666666667,-0.9370179176330566,1.3618891525667283
UBFC_PHYS_s14_T1_ctrl,92,9,92.3,-0.3289046585559845,1.238535935727163
UBFC_PHYS_s14_T1_ctrl,92,10,92.33333333333333,-0.018285872414708138,1.0031396368369303
UBFC_PHYS_s14_T1_ctrl,92,11,92.36666666666666,0.05882667005062103,0.6731565002918014
UBFC_PHYS_s14_T1_ctrl,92,12,92.4,0.007540352176874876,0.2746670658060854
UBFC_PHYS_s14_T1_ctrl,92,13,92.43333333333334,-0.076021708548069,-0.16066754273403977
UBFC_PHYS_s14_T1_ctrl,92,14,92.46666666666667,-0.06695295870304108,-0.597085679895026
UBFC_PHYS_s14_T1_ctrl,92,15,92.5,0.07226081192493439,-0.9945229679664638
UBFC_PHYS_s14_T1_ctrl,92,16,92.53333333333333,0.21437545120716095,-1.3084404979140716
UBFC_PHYS_s14_T1_ctrl,92,17,92.56666666666666,0.20767246186733246,-1.4927346687537775
UBFC_PHYS_s14_T1_ctrl,92,18,92.6,0.03812626376748085,-1.5078642990751552
UBFC_PHYS_s14_T1_ctrl,92,19,92.63333333333334,-0.16597695648670197,-1.3331493753831087
UBFC_PHYS_s14_T1_ctrl,92,20,92.66666666666667,-0.2861238121986389,-0.9784494469948317
UBFC_PHYS_s14_T1_ctrl,92,21,92.7,-0.35433658957481384,-0.4888264290667419
UBFC_PHYS_s14_T1_ctrl,92,22,92.73333333333333,-0.5316278338432312,0.06193455506193432
UBFC_PHYS_s14_T1_ctrl,92,23,92.76666666666667,-0.8942089080810547,0.5878938255425092
UBFC_PHYS_s14_T1_ctrl,92,24,92.8,-1.1736502647399902,1.0113696151043392
UBFC_PHYS_s14_T1_ctrl,92,25,92.83333333333333,-0.9567043781280518,1.279105454576042
UBFC_PHYS_s14_T1_ctrl,92,26,92.86666666666666,-0.24196293950080872,1.3689534283612388
UBFC_PHYS_s14_T1_ctrl,92,27,92.9,0.5150805711746216,1.286904170770897
UBFC_PHYS_s14_T1_ctrl,92,28,92.93333333333334,0.9731369614601135,1.0581385439652573
UBFC_PHYS_s14_T1_ctrl,92,29,92.96666666666667,1.1635525226593018,0.7170786845464577
UBFC_PHYS_s14_T1_ctrl,92,30,93.0,1.2052913904190063,0.30048165816136924
UBFC_PHYS_s14_T1_ctrl,92,31,93.03333333333333,1.1164344549179077,-0.15472101223591345
UBFC_PHYS_s14_T1_ctrl,92,32,93.06666666666666,0.9150350093841553,-0.6097931000079037
UBFC_PHYS_s14_T1_ctrl,92,33,93.1,0.651196300983429,-1.0216057247272627
UBFC_PHYS_s14_T1_ctrl,92,34,93.13333333333334,0.35843339562416077,-1.3423330433210534
UBFC_PHYS_s14_T1_ctrl,92,35,93.16666666666667,0.06493821740150452,-1.5236206395851313
UBFC_PHYS_s14_T1_ctrl,92,36,93.2,-0.1625409722328186,-1.525434107723083
UBFC_PHYS_s14_T1_ctrl,92,37,93.23333333333333,-0.2761538326740265,-1.3276491825020795
UBFC_PHYS_s14_T1_ctrl,92,38,93.26666666666667,-0.4026375412940979,-0.9407574727976253
UBFC_PHYS_s14_T1_ctrl,92,39,93.3,-0.7955510020256042,-0.4110317250197647
UBFC_PHYS_s14_T1_ctrl,92,40,93.33333333333333,-1.4536550045013428,0.18421702721495808
UBFC_PHYS_s14_T1_ctrl,92,41,93.36666666666666,-1.9965126514434814,0.7523697839525709
UBFC_PHYS_s14_T1_ctrl,92,42,93.4,-2.0899603366851807,1.20733945497912
UBFC_PHYS_s14_T1_ctrl,92,43,93.43333333333334,-1.7939021587371826,1.4886527711175528
UBFC_PHYS_s14_T1_ctrl,92,44,93.46666666666667,-1.2875165939331055,1.570686455871344
UBFC_PHYS_s14_T1_ctrl,92,45,93.5,-0.5888848900794983,1.4605596038404685
UBFC_PHYS_s14_T1_ctrl,92,46,93.53333333333333,0.2152203768491745,1.188312655867176
UBFC_PHYS_s14_T1_ctrl,92,47,93.56666666666666,0.814799964427948,0.7953340424457678
UBFC_PHYS_s14_T1_ctrl,92,48,93.6,1.013918161392212,0.3261753599642114
UBFC_PHYS_s14_T1_ctrl,92,49,93.63333333333334,0.9102753400802612,-0.17414448004555855
UBFC_PHYS_s14_T1_ctrl,92,50,93.66666666666667,0.706932544708252,-0.6587798734727808
UBFC_PHYS_s14_T1_ctrl,92,51,93.7,0.5373018383979797,-1.0772401328651766
UBFC_PHYS_s14_T1_ctrl,92,52,93.73333333333333,0.5020688772201538,-1.3765801529747956
UBFC_PHYS_s14_T1_ctrl,92,53,93.76666666666667,0.6501542925834656,-1.5074067365873007
UBFC_PHYS_s14_T1_ctrl,92,54,93.8,0.8136734366416931,-1.4344490567264403
UBFC_PHYS_s14_T1_ctrl,92,55,93.83333333333333,0.7580498456954956,-1.1491763626901712
UBFC_PHYS_s14_T1_ctrl,92,56,93.86666666666666,0.4859028458595276,-0.6797374068169593
UBFC_PHYS_s14_T1_ctrl,92,57,93.9,0.1451769471168518,-0.09268279981315408
UBFC_PHYS_s14_T1_ctrl,92,58,93.93333333333334,-0.23652732372283936,0.5171329099588864
UBFC_PHYS_s14_T1_ctrl,92,59,93.96666666666667,-0.687063992023468,1.0472541329305662
UBFC_PHYS_s14_T1_ctrl,92,60,94.0,-1.1697636842727661,1.4119712405952523
UBFC_PHYS_s14_T1_ctrl,92,61,94.03333333333333,-1.6380717754364014,1.560798369556976
UBFC_PHYS_s14_T1_ctrl,92,62,94.06666666666666,-1.9553935527801514,1.4847067601387238
UBFC_PHYS_s14_T1_ctrl,92,63,94.1,-1.843160629272461,1.2101499318007942
UBFC_PHYS_s14_T1_ctrl,92,64,94.13333333333334,-1.2209092378616333,0.7862494095515682
UBFC_PHYS_s14_T1_ctrl,92,65,94.16666666666667,-0.4217326045036316,0.2721093657761571
UBFC_PHYS_s14_T1_ctrl,92,66,94.2,0.17018641531467438,-0.2711113927676241
UBFC_PHYS_s14_T1_ctrl,92,67,94.23333333333333,0.5017872452735901,-0.7829226109002395
UBFC_PHYS_s14_T1_ctrl,92,68,94.26666666666667,0.7060031294822693,-1.2039294540782455
UBFC_PHYS_s14_T1_ctrl,92,69,94.3,0.7977045178413391,-1.4779952984571922
UBFC_PHYS_s14_T1_ctrl,92,70,94.33333333333333,0.7289003133773804,-1.5589071554178786
UBFC_PHYS_s14_T1_ctrl,92,71,94.36666666666666,0.5898273587226868,-1.4213178397528927
UBFC_PHYS_s14_T1_ctrl,92,72,94.4,0.5440611243247986,-1.0723258397426092
UBFC_PHYS_s14_T1_ctrl,92,73,94.43333333333334,0.587602436542511,-0.5578421067639353
UBFC_PHYS_s14_T1_ctrl,92,74,94.46666666666667,0.5870391726493835,0.04162756426556905
UBFC_PHYS_s14_T1_ctrl,92,75,94.5,0.5027448534965515,0.6271474106483627
UBFC_PHYS_s14_T1_ctrl,92,76,94.53333333333333,0.3236510753631592,1.1045915867136316
UBFC_PHYS_s14_T1_ctrl,92,77,94.56666666666666,-0.042957380414009094,1.4058086579761588
UBFC_PHYS_s14_T1_ctrl,92,78,94.6,-0.5942078828811646,1.4996298755017914
UBFC_PHYS_s14_T1_ctrl,92,79,94.63333333333334,-1.1394312381744385,1.3901748322772605
UBFC_PHYS_s14_T1_ctrl,92,80,94.66666666666667,-1.4192951917648315,1.1063240863655421
UBFC_PHYS_s14_T1_ctrl,92,81,94.7,-1.233723759651184,0.6897463424775828
UBFC_PHYS_s14_T1_ctrl,92,82,94.73333333333333,-0.6347074508666992,0.18763360228952905
UBFC_PHYS_s14_T1_ctrl,92,83,94.76666666666667,0.05099712684750557,-0.3482023760820629
UBFC_PHYS_s14_T1_ctrl,92,84,94.8,0.5550450682640076,-0.8588930090333485
UBFC_PHYS_s14_T1_ctrl,92,85,94.83333333333333,0.8048018217086792,-1.2781271385650823
UBFC_PHYS_s14_T1_ctrl,92,86,94.86666666666666,0.764217734336853,-1.538245245495645
UBFC_PHYS_s14_T1_ctrl,92,87,94.9,0.4997876286506653,-1.5836701782554916
UBFC_PHYS_s14_T1_ctrl,92,88,94.93333333333334,0.23363950848579407,-1.388135107758052
UBFC_PHYS_s14_T1_ctrl,92,89,94.96666666666667,0.11509798467159271,-0.9688202290415453
UBFC_PHYS_s14_T1_ctrl,92,90,95.0,0.06761378049850464,-0.38986851138570977
UBFC_PHYS_s14_T1_ctrl,92,91,95.03333333333333,-0.06030629575252533,0.24904072218590248
UBFC_PHYS_s14_T1_ctrl,92,92,95.06666666666666,-0.2669442594051361,0.8369326202155973
UBFC_PHYS_s14_T1_ctrl,92,93,95.1,-0.4728781282901764,1.2798695664188406
UBFC_PHYS_s14_T1_ctrl,92,94,95.13333333333334,-0.7099329829216003,1.5218006570508433
UBFC_PHYS_s14_T1_ctrl,92,95,95.16666666666667,-1.059783935546875,1.5498117202415824
UBFC_PHYS_s14_T1_ctrl,92,96,95.2,-1.4316027164459229,1.3843187565632895
UBFC_PHYS_s14_T1_ctrl,92,97,95.23333333333333,-1.5433286428451538,1.0626937995003776
UBFC_PHYS_s14_T1_ctrl,92,98,95.26666666666667,-1.1745516061782837,0.6265281466917
UBFC_PHYS_s14_T1_ctrl,92,99,95.3,-0.43823662400245667,0.11816240320512525
UBFC_PHYS_s14_T1_ctrl,92,100,95.33333333333333,0.3246086537837982,-0.41501680758221104
UBFC_PHYS_s14_T1_ctrl,92,101,95.36666666666666,0.8406543731689453,-0.9151375165548996
UBFC_PHYS_s14_T1_ctrl,92,102,95.4,1.0138336420059204,-1.3142103769022444
UBFC_PHYS_s14_T1_ctrl,92,103,95.43333333333334,0.9138521552085876,-1.543620779477684
UBFC_PHYS_s14_T1_ctrl,92,104,95.46666666666667,0.740419328212738,-1.551088160694857
UBFC_PHYS_s14_T1_ctrl,92,105,95.5,0.6442680358886719,-1.3191593044256245
UBFC_PHYS_s14_T1_ctrl,92,106,95.53333333333333,0.5676624178886414,-0.877204316529553
UBFC_PHYS_s14_T1_ctrl,92,107,95.56666666666666,0.40619924664497375,-0.30012205873488373
UBFC_PHYS_s14_T1_ctrl,92,108,95.6,0.20525038242340088,0.30827907199503524
UBFC_PHYS_s14_T1_ctrl,92,109,95.63333333333334,0.03919648751616478,0.8422846752964753
UBFC_PHYS_s14_T1_ctrl,92,110,95.66666666666667,-0.15840087831020355,1.2207318283434427
UBFC_PHYS_s14_T1_ctrl,92,111,95.7,-0.49831005930900574,1.401713992978134
UBFC_PHYS_s14_T1_ctrl,92,112,95.73333333333333,-0.9259213209152222,1.3813585854952297
UBFC_PHYS_s14_T1_ctrl,92,113,95.76666666666667,-1.1712000370025635,1.1816554802957384
UBFC_PHYS_s14_T1_ctrl,92,114,95.8,-0.9683360457420349,0.8370084034650711
UBFC_PHYS_s14_T1_ctrl,92,115,95.83333333333333,-0.3507597744464874,0.38732546825570563
UBFC_PHYS_s14_T1_ctrl,92,116,95.86666666666666,0.3718957006931305,-0.12082527867848936
UBFC_PHYS_s14_T1_ctrl,92,117,95.9,0.8815200328826904,-0.6296722631499386
UBFC_PHYS_s14_T1_ctrl,92,118,95.93333333333334,1.0679082870483398,-1.0692662773605124
UBFC_PHYS_s14_T1_ctrl,92,119,95.96666666666667,0.9993293285369873,-1.364975510926007
UBFC_PHYS_s14_T1_ctrl,92,120,96.0,0.8166306018829346,-1.4537244491864907
UBFC_PHYS_s14_T1_ctrl,92,121,96.03333333333333,0.6687705516815186,-1.304103551206031
UBFC_PHYS_s14_T1_ctrl,92,122,96.06666666666666,0.6155127882957458,-0.9319120934331718
UBFC_PHYS_s14_T1_ctrl,92,123,96.1,0.5935731530189514,-0.40269168185752763
UBFC_PHYS_s14_T1_ctrl,92,124,96.13333333333334,0.5407941341400146,0.18277444051085268
UBFC_PHYS_s14_T1_ctrl,92,125,96.16666666666667,0.47035643458366394,0.7162325354724443
UBFC_PHYS_s14_T1_ctrl,92,126,96.2,0.36502373218536377,1.1116261121945508
UBFC_PHYS_s14_T1_ctrl,92,127,96.23333333333333,0.14272668957710266,1.323526169927816
UBFC_PHYS_s14_T1_ctrl,92,128,96.26666666666667,-0.19273258745670319,1.3477952699350046
UBFC_PHYS_s14_T1_ctrl,92,129,96.3,-0.4646824300289154,1.208025402126638
UBFC_PHYS_s14_T1_ctrl,92,130,96.33333333333333,-0.4403207302093506,0.9378409254283928
UBFC_PHYS_s14_T1_ctrl,92,131,96.36666666666666,-0.026002759113907814,0.5691850774864857
UBFC_PHYS_s14_T1_ctrl,92,132,96.4,0.6119077801704407,0.13128690511276794
UBFC_PHYS_s14_T1_ctrl,92,133,96.43333333333334,1.1576663255691528,-0.34204649940041837
UBFC_PHYS_s14_T1_ctrl,92,134,96.46666666666667,1.3819348812103271,-0.8038399865457923
UBFC_PHYS_s14_T1_ctrl,92,135,96.5,1.2162752151489258,-1.191644512192418
UBFC_PHYS_s14_T1_ctrl,92,136,96.53333333333333,0.7623870968818665,-1.4358805418989682
UBFC_PHYS_s14_T1_ctrl,92,137,96.56666666666666,0.3048658072948456,-1.4778019989655402
UBFC_PHYS_s14_T1_ctrl,92,138,96.6,0.05696785822510719,-1.2907253033414783
UBFC_PHYS_s14_T1_ctrl,92,139,96.63333333333334,-0.0018663642695173621,-0.8951006862271814
UBFC_PHYS_s14_T1_ctrl,92,140,96.66666666666667,-0.015610309317708015,-0.35894339207214093
UBFC_PHYS_s14_T1_ctrl,92,141,96.7,-0.048224013298749924,0.21902658475596729
UBFC_PHYS_s14_T1_ctrl,92,142,96.73333333333333,-0.07771153748035431,0.7373519641355746
UBFC_PHYS_s14_T1_ctrl,92,143,96.76666666666667,-0.15482407808303833,1.1185217162062298
UBFC_PHYS_s14_T1_ctrl,92,144,96.8,-0.4230281412601471,1.323055389022127
UBFC_PHYS_s14_T1_ctrl,92,145,96.83333333333333,-0.8434858322143555,1.3471968916514312
UBFC_PHYS_s14_T1_ctrl,92,146,96.86666666666666,-1.1156046390533447,1.2095994981482843
UBFC_PHYS_s14_T1_ctrl,92,147,96.9,-0.9816012382507324,0.9373490081495095
UBFC_PHYS_s14_T1_ctrl,92,148,96.93333333333334,-0.4613872766494751,0.5594440208615491
UBFC_PHYS_s14_T1_ctrl,92,149,96.96666666666667,0.22873900830745697,0.10918099655185037
UBFC_PHYS_s14_T1_ctrl,92,150,97.0,0.8263471126556396,-0.3692191974976362
UBFC_PHYS_s14_T1_ctrl,92,151,97.03333333333333,1.1223489046096802,-0.8168809650621507
UBFC_PHYS_s14_T1_ctrl,92,152,97.06666666666666,1.1367405652999878,-1.164810115305882
UBFC_PHYS_s14_T1_ctrl,92,153,97.1,1.0519393682479858,-1.3475507006958665
UBFC_PHYS_s14_T1_ctrl,92,154,97.13333333333334,1.0220856666564941,-1.3219375281317713
UBFC_PHYS_s14_T1_ctrl,92,155,97.16666666666667,1.0388431549072266,-1.0835791612360632
UBFC_PHYS_s14_T1_ctrl,92,156,97.2,1.0005685091018677,-0.6732474842546209
UBFC_PHYS_s14_T1_ctrl,92,157,97.23333333333333,0.8732117414474487,-0.1685944723185523
UBFC_PHYS_s14_T1_ctrl,92,158,97.26666666666667,0.7288157939910889,0.33709231272336165
UBFC_PHYS_s14_T1_ctrl,92,159,97.3,0.6461268663406372,0.7607758634483507
UBFC_PHYS_s14_T1_ctrl,92,160,97.33333333333333,0.6023039221763611,1.0487182257553072
UBFC_PHYS_s14_T1_ctrl,92,161,97.36666666666666,0.5116727352142334,1.180741305528293
UBFC_PHYS_s14_T1_ctrl,92,162,97.4,0.3973839581012726,1.1610691728819638
UBFC_PHYS_s14_T1_ctrl,92,163,97.43333333333334,0.4100576937198639,1.0050277220859525
UBFC_PHYS_s14_T1_ctrl,92,164,97.46666666666667,0.5855183005332947,0.7310980333740743
UBFC_PHYS_s14_T1_ctrl,92,165,97.5,0.7773420810699463,0.36189872053268407
UBFC_PHYS_s14_T1_ctrl,92,166,97.53333333333333,0.859326958656311,-0.06903893347143832
UBFC_PHYS_s14_T1_ctrl,92,167,97.56666666666666,0.8057312369346619,-0.5115378373639526
UBFC_PHYS_s14_T1_ctrl,92,168,97.6,0.621117353439331,-0.9002747474315272
UBFC_PHYS_s14_T1_ctrl,92,169,97.63333333333334,0.3675866425037384,-1.1657987715571634
UBFC_PHYS_s14_T1_ctrl,92,170,97.66666666666667,0.1485847681760788,-1.2524586373181328
UBFC_PHYS_s14_T1_ctrl,92,171,97.7,0.03922465071082115,-1.1367064981956494
UBFC_PHYS_s14_T1_ctrl,92,172,97.73333333333333,0.03781646117568016,-0.8378118181908645
UBFC_PHYS_s14_T1_ctrl,92,173,97.76666666666667,0.040689170360565186,-0.41511164858632243
UBFC_PHYS_s14_T1_ctrl,92,174,97.8,-0.026932165026664734,0.04866587613862611
UBFC_PHYS_s14_T1_ctrl,92,175,97.83333333333333,-0.09559556096792221,0.4717107732441008
UBFC_PHYS_s14_T1_ctrl,92,176,97.86666666666666,-0.12384387850761414,0.7941531745105311
UBFC_PHYS_s14_T1_ctrl,92,177,97.9,-0.21205297112464905,0.9864543116413876
UBFC_PHYS_s14_T1_ctrl,92,178,97.93333333333334,-0.394723504781723,1.043986233496524
UBFC_PHYS_s14_T1_ctrl,92,179,97.96666666666667,-0.5090968012809753,0.9750524415179405
UBFC_PHYS_s14_T1_ctrl,92,180,98.0,-0.3958218991756439,0.7917974753068311
UBFC_PHYS_s14_T1_ctrl,92,181,98.03333333333333,-0.09672211855649948,0.509298191966984
UBFC_PHYS_s14_T1_ctrl,92,182,98.06666666666666,0.19550569355487823,0.15155312652310698
UBFC_PHYS_s14_T1_ctrl,92,183,98.1,0.34026774764060974,-0.2417309369393303
UBFC_PHYS_s14_T1_ctrl,92,184,98.13333333333334,0.3315087854862213,-0.6142188053344424
UBFC_PHYS_s14_T1_ctrl,92,185,98.16666666666667,0.22927412390708923,-0.9012822677231634
UBFC_PHYS_s14_T1_ctrl,92,186,98.2,0.06888115406036377,-1.0460353871469878
UBFC_PHYS_s14_T1_ctrl,92,187,98.23333333333333,-0.1010030135512352,-1.0171488410216518
UBFC_PHYS_s14_T1_ctrl,92,188,98.26666666666667,-0.21424974501132965,-0.8206243616645178
UBFC_PHYS_s14_T1_ctrl,92,189,98.3,-0.2781252861022949,-0.4994817945216183
UBFC_PHYS_s14_T1_ctrl,92,190,98.33333333333333,-0.33653706312179565,-0.12046874157511374
UBFC_PHYS_s14_T1_ctrl,92,191,98.36666666666666,-0.40148282051086426,0.24675232917958811
UBFC_PHYS_s14_T1_ctrl,92,192,98.4,-0.4892694652080536,0.5483235517773128
UBFC_PHYS_s14_T1_ctrl,92,193,98.43333333333334,-0.6446210741996765,0.7545305429235383
UBFC_PHYS_s14_T1_ctrl,92,194,98.46666666666667,-0.8976448774337769,0.8563429639479365
UBFC_PHYS_s14_T1_ctrl,92,195,98.5,-1.187506914138794,0.8558685130526723
UBFC_PHYS_s14_T1_ctrl,92,196,98.53333333333333,-1.3046120405197144,0.7585048852803912
UBFC_PHYS_s14_T1_ctrl,92,197,98.56666666666666,-1.0881167650222778,0.5715160877451102
UBFC_PHYS_s14_T1_ctrl,92,198,98.6,-0.6156687140464783,0.3086729774390275
UBFC_PHYS_s14_T1_ctrl,92,199,98.63333333333334,-0.11666209995746613,-0.0034244478689125085
UBFC_PHYS_s14_T1_ctrl,92,200,98.66666666666667,0.19097131490707397,-0.32279754451744896
UBFC_PHYS_s14_T1_ctrl,92,201,98.7,0.19866004586219788,-0.5968767012302493
UBFC_PHYS_s14_T1_ctrl,92,202,98.73333333333333,0.0345776192843914,-0.7745373143921186
UBFC_PHYS_s14_T1_ctrl,92,203,98.76666666666667,-0.04650602117180824,-0.8213125374547152
UBFC_PHYS_s14_T1_ctrl,92,204,98.8,-0.007583620026707649,-0.7311071636130028
UBFC_PHYS_s14_T1_ctrl,92,205,98.83333333333333,-0.012371469289064407,-0.5284188645388247
UBFC_PHYS_s14_T1_ctrl,92,206,98.86666666666666,-0.12682923674583435,-0.2594660459299986
UBFC_PHYS_s14_T1_ctrl,92,207,98.9,-0.30178290605545044,0.02359814639811353
UBFC_PHYS_s14_T1_ctrl,92,208,98.93333333333334,-0.5320221185684204,0.27753807383499457
UBFC_PHYS_s14_T1_ctrl,92,209,98.96666666666667,-0.8566946983337402,0.47517900906543686
UBFC_PHYS_s14_T1_ctrl,92,210,99.0,-1.2365119457244873,0.6035663469888524
UBFC_PHYS_s14_T1_ctrl,92,211,99.03333333333333,-1.4936758279800415,0.6575004200904755
UBFC_PHYS_s14_T1_ctrl,92,212,99.06666666666666,-1.4259699583053589,0.6344034803754633
UBFC_PHYS_s14_T1_ctrl,92,213,99.1,-0.9671531915664673,0.5339903214811946
UBFC_PHYS_s14_T1_ctrl,92,214,99.13333333333334,-0.2727741599082947,0.3621863903829229
UBFC_PHYS_s14_T1_ctrl,92,215,99.16666666666667,0.3765709102153778,0.13581901334820418
UBFC_PHYS_s14_T1_ctrl,92,216,99.2,0.7819046378135681,-0.1157468889281228
UBFC_PHYS_s14_T1_ctrl,92,217,99.23333333333333,0.9004743099212646,-0.35418221785974896
UBFC_PHYS_s14_T1_ctrl,92,218,99.26666666666667,0.7699350118637085,-0.5407290537803535
UBFC_PHYS_s14_T1_ctrl,92,219,99.3,0.5011394619941711,-0.6469939914043087
UBFC_PHYS_s14_T1_ctrl,92,220,99.33333333333333,0.2513827085494995,-0.6634567446249776
UBFC_PHYS_s14_T1_ctrl,92,221,99.36666666666666,0.08597659319639206,-0.6012475074424396
UBFC_PHYS_s14_T1_ctrl,92,222,99.4,-0.0464496947824955,-0.485543380936144
UBFC_PHYS_s14_T1_ctrl,92,223,99.43333333333334,-0.20016783475875854,-0.3435227302212981
UBFC_PHYS_s14_T1_ctrl,92,224,99.46666666666667,-0.4078478515148163,-0.19365638067593735
UBFC_PHYS_s14_T1_ctrl,92,225,99.5,-0.7109750509262085,-0.04275040805319224
UBFC_PHYS_s14_T1_ctrl,92,226,99.53333333333333,-1.0680359601974487,0.10824368239457932
UBFC_PHYS_s14_T1_ctrl,92,227,99.56666666666666,-1.2572124004364014,0.2546613124759762
UBFC_PHYS_s14_T1_ctrl,92,228,99.6,-1.059248924255371,0.38165095279364414
UBFC_PHYS_s14_T1_ctrl,92,229,99.63333333333334,-0.5456534028053284,0.4650671367954827
UBFC_PHYS_s14_T1_ctrl,92,230,99.66666666666667,-0.018708329647779465,0.4795754123710742
UBFC_PHYS_s14_T1_ctrl,92,231,99.7,0.33105817437171936,0.41013750484490424
UBFC_PHYS_s14_T1_ctrl,92,232,99.73333333333333,0.4930564761161804,0.2616822100204546
UBFC_PHYS_s14_T1_ctrl,92,233,99.76666666666667,0.48773351311683655,0.0626442283384397
UBFC_PHYS_s14_T1_ctrl,92,234,99.8,0.3892727792263031,-0.13973002329794704
UBFC_PHYS_s14_T1_ctrl,92,235,99.83333333333333,0.2974305748939514,-0.29158316356118197
UBFC_PHYS_s14_T1_ctrl,92,236,99.86666666666666,0.21967025101184845,-0.34865667631989566
UBFC_PHYS_s14_T1_ctrl,92,237,99.9,0.15134482085704803,-0.29111439137317424
UBFC_PHYS_s14_T1_ctrl,92,238,99.93333333333334,0.12151933461427689,-0.13141622561841176
UBFC_PHYS_s14_T1_ctrl,92,239,99.96666666666667,0.05415147542953491,0.08810114018089774
UBFC_PHYS_s14_T1_ctrl,93,0,93.0,1.2052913904190063,-0.028354541495327068
UBFC_PHYS_s14_T1_ctrl,93,1,93.03333333333333,1.1164344549179077,0.14241085299797646
UBFC_PHYS_s14_T1_ctrl,93,2,93.06666666666666,0.9150350093841553,0.24281118639631305
UBFC_PHYS_s14_T1_ctrl,93,3,93.1,0.651196300983429,0.22507747147293092
UBFC_PHYS_s14_T1_ctrl,93,4,93.13333333333334,0.35843339562416077,0.08334777306325958
UBFC_PHYS_s14_T1_ctrl,93,5,93.16666666666667,0.06493821740150452,-0.143992578977129
UBFC_PHYS_s14_T1_ctrl,93,6,93.2,-0.1625409722328186,-0.38758345906742053
UBFC_PHYS_s14_T1_ctrl,93,7,93.23333333333333,-0.2761538326740265,-0.5710315004157619
UBFC_PHYS_s14_T1_ctrl,93,8,93.26666666666667,-0.4026375412940979,-0.6365842661643186
UBFC_PHYS_s14_T1_ctrl,93,9,93.3,-0.7955510020256042,-0.5631062591839701
UBFC_PHYS_s14_T1_ctrl,93,10,93.33333333333333,-1.4536550045013428,-0.36987111523712574
UBFC_PHYS_s14_T1_ctrl,93,11,93.36666666666666,-1.9965126514434814,-0.105363524496359
UBFC_PHYS_s14_T1_ctrl,93,12,93.4,-2.0899603366851807,0.173160523621007
UBFC_PHYS_s14_T1_ctrl,93,13,93.43333333333334,-1.7939021587371826,0.4193964691217033
UBFC_PHYS_s14_T1_ctrl,93,14,93.46666666666667,-1.2875165939331055,0.6078150193068502
UBFC_PHYS_s14_T1_ctrl,93,15,93.5,-0.5888848900794983,0.7303298746726906
UBFC_PHYS_s14_T1_ctrl,93,16,93.53333333333333,0.2152203768491745,0.7846929874294106
UBFC_PHYS_s14_T1_ctrl,93,17,93.56666666666666,0.814799964427948,0.7642880418126596
UBFC_PHYS_s14_T1_ctrl,93,18,93.6,1.013918161392212,0.6568490770570382
UBFC_PHYS_s14_T1_ctrl,93,19,93.63333333333334,0.9102753400802612,0.4529134558270239
UBFC_PHYS_s14_T1_ctrl,93,20,93.66666666666667,0.706932544708252,0.15851918977322982
UBFC_PHYS_s14_T1_ctrl,93,21,93.7,0.5373018383979797,-0.1957869254752037
UBFC_PHYS_s14_T1_ctrl,93,22,93.73333333333333,0.5020688772201538,-0.5553809909091089
UBFC_PHYS_s14_T1_ctrl,93,23,93.76666666666667,0.6501542925834656,-0.8523900538046325
UBFC_PHYS_s14_T1_ctrl,93,24,93.8,0.8136734366416931,-1.023348821599539
UBFC_PHYS_s14_T1_ctrl,93,25,93.83333333333333,0.7580498456954956,-1.027524474674406
UBFC_PHYS_s14_T1_ctrl,93,26,93.86666666666666,0.4859028458595276,-0.8595296441479012
UBFC_PHYS_s14_T1_ctrl,93,27,93.9,0.1451769471168518,-0.5516490974235962
UBFC_PHYS_s14_T1_ctrl,93,28,93.93333333333334,-0.23652732372283936,-0.16456867758355556
UBFC_PHYS_s14_T1_ctrl,93,29,93.96666666666667,-0.687063992023468,0.23042272273124423
UBFC_PHYS_s14_T1_ctrl,93,30,94.0,-1.1697636842727661,0.5705051162963779
UBFC_PHYS_s14_T1_ctrl,93,31,94.03333333333333,-1.6380717754364014,0.8135496206243014
UBFC_PHYS_s14_T1_ctrl,93,32,94.06666666666666,-1.9553935527801514,0.9394937772603142
UBFC_PHYS_s14_T1_ctrl,93,33,94.1,-1.843160629272461,0.9434172701018294
UBFC_PHYS_s14_T1_ctrl,93,34,94.13333333333334,-1.2209092378616333,0.8274399149572185
UBFC_PHYS_s14_T1_ctrl,93,35,94.16666666666667,-0.4217326045036316,0.5981179011274356
UBFC_PHYS_s14_T1_ctrl,93,36,94.2,0.17018641531467438,0.27079415394438655
UBFC_PHYS_s14_T1_ctrl,93,37,94.23333333333333,0.5017872452735901,-0.12333242477829466
UBFC_PHYS_s14_T1_ctrl,93,38,94.26666666666667,0.7060031294822693,-0.5335856034722608
UBFC_PHYS_s14_T1_ctrl,93,39,94.3,0.7977045178413391,-0.8938551334037325
UBFC_PHYS_s14_T1_ctrl,93,40,94.33333333333333,0.7289003133773804,-1.134828121960065
UBFC_PHYS_s14_T1_ctrl,93,41,94.36666666666666,0.5898273587226868,-1.2012731582732095
UBFC_PHYS_s14_T1_ctrl,93,42,94.4,0.5440611243247986,-1.0687700970675695
UBFC_PHYS_s14_T1_ctrl,93,43,94.43333333333334,0.587602436542511,-0.7535821774445955
UBFC_PHYS_s14_T1_ctrl,93,44,94.46666666666667,0.5870391726493835,-0.31085883961679944
UBFC_PHYS_s14_T1_ctrl,93,45,94.5,0.5027448534965515,0.1794574649046232
UBFC_PHYS_s14_T1_ctrl,93,46,94.53333333333333,0.3236510753631592,0.6338242733463597
UBFC_PHYS_s14_T1_ctrl,93,47,94.56666666666666,-0.042957380414009094,0.984477274007102
UBFC_PHYS_s14_T1_ctrl,93,48,94.6,-0.5942078828811646,1.1895207611986525
UBFC_PHYS_s14_T1_ctrl,93,49,94.63333333333334,-1.1394312381744385,1.2319762798444376
UBFC_PHYS_s14_T1_ctrl,93,50,94.66666666666667,-1.4192951917648315,1.1124099534803737
UBFC_PHYS_s14_T1_ctrl,93,51,94.7,-1.233723759651184,0.8426047748514164
UBFC_PHYS_s14_T1_ctrl,93,52,94.73333333333333,-0.6347074508666992,0.44516105883572693
UBFC_PHYS_s14_T1_ctrl,93,53,94.76666666666667,0.05099712684750557,-0.04170029454797968
UBFC_PHYS_s14_T1_ctrl,93,54,94.8,0.5550450682640076,-0.5594121288509855
UBFC_PHYS_s14_T1_ctrl,93,55,94.83333333333333,0.8048018217086792,-1.0306231461396431
UBFC_PHYS_s14_T1_ctrl,93,56,94.86666666666666,0.764217734336853,-1.3703033809175023
UBFC_PHYS_s14_T1_ctrl,93,57,94.9,0.4997876286506653,-1.504838394964923
UBFC_PHYS_s14_T1_ctrl,93,58,94.93333333333334,0.23363950848579407,-1.3934301229448185
UBFC_PHYS_s14_T1_ctrl,93,59,94.96666666666667,0.11509798467159271,-1.043879794953463
UBFC_PHYS_s14_T1_ctrl,93,60,95.0,0.06761378049850464,-0.5152301585071988
UBFC_PHYS_s14_T1_ctrl,93,61,95.03333333333333,-0.06030629575252533,0.09598881032420245
UBFC_PHYS_s14_T1_ctrl,93,62,95.06666666666666,-0.2669442594051361,0.6817091361097835
UBFC_PHYS_s14_T1_ctrl,93,63,95.1,-0.4728781282901764,1.1499761587139623
UBFC_PHYS_s14_T1_ctrl,93,64,95.13333333333334,-0.7099329829216003,1.4430829436025234
UBFC_PHYS_s14_T1_ctrl,93,65,95.16666666666667,-1.059783935546875,1.5404458604474771
UBFC_PHYS_s14_T1_ctrl,93,66,95.2,-1.4316027164459229,1.449054568085056
UBFC_PHYS_s14_T1_ctrl,93,67,95.23333333333333,-1.5433286428451538,1.1904624273122106
UBFC_PHYS_s14_T1_ctrl,93,68,95.26666666666667,-1.1745516061782837,0.7930248715964484
UBFC_PHYS_s14_T1_ctrl,93,69,95.3,-0.43823662400245667,0.2925308634547661
UBFC_PHYS_s14_T1_ctrl,93,70,95.33333333333333,0.3246086537837982,-0.26229349652353123
UBFC_PHYS_s14_T1_ctrl,93,71,95.36666666666666,0.8406543731689453,-0.8063747110558607
UBFC_PHYS_s14_T1_ctrl,93,72,95.4,1.0138336420059204,-1.2623283745847593
UBFC_PHYS_s14_T1_ctrl,93,73,95.43333333333334,0.9138521552085876,-1.5529228990861463
UBFC_PHYS_s14_T1_ctrl,93,74,95.46666666666667,0.740419328212738,-1.6190538349080466
UBFC_PHYS_s14_T1_ctrl,93,75,95.5,0.6442680358886719,-1.4376849840123522
UBFC_PHYS_s14_T1_ctrl,93,76,95.53333333333333,0.5676624178886414,-1.0328818322716309
UBFC_PHYS_s14_T1_ctrl,93,77,95.56666666666666,0.40619924664497375,-0.4742215361574804
UBFC_PHYS_s14_T1_ctrl,93,78,95.6,0.20525038242340088,0.13877373218533862
UBFC_PHYS_s14_T1_ctrl,93,79,95.63333333333334,0.03919648751616478,0.7014120170405741
UBFC_PHYS_s14_T1_ctrl,93,80,95.66666666666667,-0.15840087831020355,1.1282638544671986
UBFC_PHYS_s14_T1_ctrl,93,81,95.7,-0.49831005930900574,1.3678044551631665
UBFC_PHYS_s14_T1_ctrl,93,82,95.73333333333333,-0.9259213209152222,1.4036707084344306
UBFC_PHYS_s14_T1_ctrl,93,83,95.76666666666667,-1.1712000370025635,1.2464383524106535
UBFC_PHYS_s14_T1_ctrl,93,84,95.8,-0.9683360457420349,0.9237888285888627
UBFC_PHYS_s14_T1_ctrl,93,85,95.83333333333333,-0.3507597744464874,0.475352193617036
UBFC_PHYS_s14_T1_ctrl,93,86,95.86666666666666,0.3718957006931305,-0.046995281539479995
UBFC_PHYS_s14_T1_ctrl,93,87,95.9,0.8815200328826904,-0.577636466915597
UBFC_PHYS_s14_T1_ctrl,93,88,95.93333333333334,1.0679082870483398,-1.0398178738602177
UBFC_PHYS_s14_T1_ctrl,93,89,95.96666666666667,0.9993293285369873,-1.3552595612770724
UBFC_PHYS_s14_T1_ctrl,93,90,96.0,0.8166306018829346,-1.46015406445259
UBFC_PHYS_s14_T1_ctrl,93,91,96.03333333333333,0.6687705516815186,-1.3233948069137191
UBFC_PHYS_s14_T1_ctrl,93,92,96.06666666666666,0.6155127882957458,-0.9601754771384249
UBFC_PHYS_s14_T1_ctrl,93,93,96.1,0.5935731530189514,-0.43392699900020265
UBFC_PHYS_s14_T1_ctrl,93,94,96.13333333333334,0.5407941341400146,0.15691799985721708
UBFC_PHYS_s14_T1_ctrl,93,95,96.16666666666667,0.47035643458366394,0.7043007102680728
UBFC_PHYS_s14_T1_ctrl,93,96,96.2,0.36502373218536377,1.1184023159933207
UBFC_PHYS_s14_T1_ctrl,93,97,96.23333333333333,0.14272668957710266,1.3464098093237378
UBFC_PHYS_s14_T1_ctrl,93,98,96.26666666666667,-0.19273258745670319,1.3757006001576138
UBFC_PHYS_s14_T1_ctrl,93,99,96.3,-0.4646824300289154,1.223682258971199
UBFC_PHYS_s14_T1_ctrl,93,100,96.33333333333333,-0.4403207302093506,0.9230502960812025
UBFC_PHYS_s14_T1_ctrl,93,101,96.36666666666666,-0.026002759113907814,0.5117232926268491
UBFC_PHYS_s14_T1_ctrl,93,102,96.4,0.6119077801704407,0.03128539787201156
UBFC_PHYS_s14_T1_ctrl,93,103,96.43333333333334,1.1576663255691528,-0.46898569494586906
UBFC_PHYS_s14_T1_ctrl,93,104,96.46666666666667,1.3819348812103271,-0.928736869393864
UBFC_PHYS_s14_T1_ctrl,93,105,96.5,1.2162752151489258,-1.2792439989728794
UBFC_PHYS_s14_T1_ctrl,93,106,96.53333333333333,0.7623870968818665,-1.4544091512355672
UBFC_PHYS_s14_T1_ctrl,93,107,96.56666666666666,0.3048658072948456,-1.4079886676237756
UBFC_PHYS_s14_T1_ctrl,93,108,96.6,0.05696785822510719,-1.1310666955167143
UBFC_PHYS_s14_T1_ctrl,93,109,96.63333333333334,-0.0018663642695173621,-0.6619132650825278
UBFC_PHYS_s14_T1_ctrl,93,110,96.66666666666667,-0.015610309317708015,-0.08192111847623963
UBFC_PHYS_s14_T1_ctrl,93,111,96.7,-0.048224013298749924,0.503351873050563
UBFC_PHYS_s14_T1_ctrl,93,112,96.73333333333333,-0.07771153748035431,0.991728359443249
UBFC_PHYS_s14_T1_ctrl,93,113,96.76666666666667,-0.15482407808303833,1.3094259190004152
UBFC_PHYS_s14_T1_ctrl,93,114,96.8,-0.4230281412601471,1.4236524113323537
UBFC_PHYS_s14_T1_ctrl,93,115,96.83333333333333,-0.8434858322143555,1.3396511876521613
UBFC_PHYS_s14_T1_ctrl,93,116,96.86666666666666,-1.1156046390533447,1.0874050336257732
UBFC_PHYS_s14_T1_ctrl,93,117,96.9,-0.9816012382507324,0.7076367414243403
UBFC_PHYS_s14_T1_ctrl,93,118,96.93333333333334,-0.4613872766494751,0.24437115048426675
UBFC_PHYS_s14_T1_ctrl,93,119,96.96666666666667,0.22873900830745697,-0.25493989579928505
UBFC_PHYS_s14_T1_ctrl,93,120,97.0,0.8263471126556396,-0.7359624247872782
UBFC_PHYS_s14_T1_ctrl,93,121,97.03333333333333,1.1223489046096802,-1.1366302376790132
UBFC_PHYS_s14_T1_ctrl,93,122,97.06666666666666,1.1367405652999878,-1.3929809852325805
UBFC_PHYS_s14_T1_ctrl,93,123,97.1,1.0519393682479858,-1.4519298416703317
UBFC_PHYS_s14_T1_ctrl,93,124,97.13333333333334,1.0220856666564941,-1.2874169123466928
UBFC_PHYS_s14_T1_ctrl,93,125,97.16666666666667,1.0388431549072266,-0.9137687731692393
UBFC_PHYS_s14_T1_ctrl,93,126,97.2,1.0005685091018677,-0.3895859034371255
UBFC_PHYS_s14_T1_ctrl,93,127,97.23333333333333,0.8732117414474487,0.19203151183733194
UBFC_PHYS_s14_T1_ctrl,93,128,97.26666666666667,0.7288157939910889,0.7256742465340863
UBFC_PHYS_s14_T1_ctrl,93,129,97.3,0.6461268663406372,1.1207341891220723
UBFC_PHYS_s14_T1_ctrl,93,130,97.33333333333333,0.6023039221763611,1.3223442971980066
UBFC_PHYS_s14_T1_ctrl,93,131,97.36666666666666,0.5116727352142334,1.3176705813099885
UBFC_PHYS_s14_T1_ctrl,93,132,97.4,0.3973839581012726,1.1276633442441149
UBFC_PHYS_s14_T1_ctrl,93,133,97.43333333333334,0.4100576937198639,0.7923882730512369
UBFC_PHYS_s14_T1_ctrl,93,134,97.46666666666667,0.5855183005332947,0.3593087828019675
UBFC_PHYS_s14_T1_ctrl,93,135,97.5,0.7773420810699463,-0.12092200706264002
UBFC_PHYS_s14_T1_ctrl,93,136,97.53333333333333,0.859326958656311,-0.592940944151063
UBFC_PHYS_s14_T1_ctrl,93,137,97.56666666666666,0.8057312369346619,-0.9951167408935021
UBFC_PHYS_s14_T1_ctrl,93,138,97.6,0.621117353439331,-1.2633302525602328
UBFC_PHYS_s14_T1_ctrl,93,139,97.63333333333334,0.3675866425037384,-1.341993742622659
UBFC_PHYS_s14_T1_ctrl,93,140,97.66666666666667,0.1485847681760788,-1.1999027046821478
UBFC_PHYS_s14_T1_ctrl,93,141,97.7,0.03922465071082115,-0.8450581609183796
UBFC_PHYS_s14_T1_ctrl,93,142,97.73333333333333,0.03781646117568016,-0.33122415465930316
UBFC_PHYS_s14_T1_ctrl,93,143,97.76666666666667,0.040689170360565186,0.2491936438956449
UBFC_PHYS_s14_T1_ctrl,93,144,97.8,-0.026932165026664734,0.7862547449513551
UBFC_PHYS_s14_T1_ctrl,93,145,97.83333333333333,-0.09559556096792221,1.1811399108710545
UBFC_PHYS_s14_T1_ctrl,93,146,97.86666666666666,-0.12384387850761414,1.3709270208410147
UBFC_PHYS_s14_T1_ctrl,93,147,97.9,-0.21205297112464905,1.3391692248924816
UBFC_PHYS_s14_T1_ctrl,93,148,97.93333333333334,-0.394723504781723,1.109995253434061
UBFC_PHYS_s14_T1_ctrl,93,149,97.96666666666667,-0.5090968012809753,0.7323803888084104
UBFC_PHYS_s14_T1_ctrl,93,150,98.0,-0.3958218991756439,0.2644729235565438
UBFC_PHYS_s14_T1_ctrl,93,151,98.03333333333333,-0.09672211855649948,-0.23523731632747003
UBFC_PHYS_s14_T1_ctrl,93,152,98.06666666666666,0.19550569355487823,-0.7092172003045456
UBFC_PHYS_s14_T1_ctrl,93,153,98.1,0.34026774764060974,-1.0991131445695064
UBFC_PHYS_s14_T1_ctrl,93,154,98.13333333333334,0.3315087854862213,-1.3468789455361483
UBFC_PHYS_s14_T1_ctrl,93,155,98.16666666666667,0.22927412390708923,-1.4025589536449672
UBFC_PHYS_s14_T1_ctrl,93,156,98.2,0.06888115406036377,-1.2380995345952195
UBFC_PHYS_s14_T1_ctrl,93,157,98.23333333333333,-0.1010030135512352,-0.8620424396367915
UBFC_PHYS_s14_T1_ctrl,93,158,98.26666666666667,-0.21424974501132965,-0.3273879572954827
UBFC_PHYS_s14_T1_ctrl,93,159,98.3,-0.2781252861022949,0.27386027140206726
UBFC_PHYS_s14_T1_ctrl,93,160,98.33333333333333,-0.33653706312179565,0.830658070491917
UBFC_PHYS_s14_T1_ctrl,93,161,98.36666666666666,-0.40148282051086426,1.2413687606288655
UBFC_PHYS_s14_T1_ctrl,93,162,98.4,-0.4892694652080536,1.4394043998594022
UBFC_PHYS_s14_T1_ctrl,93,163,98.43333333333334,-0.6446210741996765,1.405537091104667
UBFC_PHYS_s14_T1_ctrl,93,164,98.46666666666667,-0.8976448774337769,1.1637681447131596
UBFC_PHYS_s14_T1_ctrl,93,165,98.5,-1.187506914138794,0.7662462985613044
UBFC_PHYS_s14_T1_ctrl,93,166,98.53333333333333,-1.3046120405197144,0.27649381214698304
UBFC_PHYS_s14_T1_ctrl,93,167,98.56666666666666,-1.0881167650222778,-0.2418347521947458
UBFC_PHYS_s14_T1_ctrl,93,168,98.6,-0.6156687140464783,-0.7286816842935064
UBFC_PHYS_s14_T1_ctrl,93,169,98.63333333333334,-0.11666209995746613,-1.1268859501932593
UBFC_PHYS_s14_T1_ctrl,93,170,98.66666666666667,0.19097131490707397,-1.382415931435734
UBFC_PHYS_s14_T1_ctrl,93,171,98.7,0.19866004586219788,-1.4497755879710097
UBFC_PHYS_s14_T1_ctrl,93,172,98.73333333333333,0.0345776192843914,-1.3032093921920638
UBFC_PHYS_s14_T1_ctrl,93,173,98.76666666666667,-0.04650602117180824,-0.9497651144658402
UBFC_PHYS_s14_T1_ctrl,93,174,98.8,-0.007583620026707649,-0.4369925144337523
UBFC_PHYS_s14_T1_ctrl,93,175,98.83333333333333,-0.012371469289064407,0.15121981082539984
UBFC_PHYS_s14_T1_ctrl,93,176,98.86666666666666,-0.12682923674583435,0.711790984460427
UBFC_PHYS_s14_T1_ctrl,93,177,98.9,-0.30178290605545044,1.1470015698654321
UBFC_PHYS_s14_T1_ctrl,93,178,98.93333333333334,-0.5320221185684204,1.3871802424587216
UBFC_PHYS_s14_T1_ctrl,93,179,98.96666666666667,-0.8566946983337402,1.4034908638968047
UBFC_PHYS_s14_T1_ctrl,93,180,99.0,-1.2365119457244873,1.2080017726918537
UBFC_PHYS_s14_T1_ctrl,93,181,99.03333333333333,-1.4936758279800415,0.8439929707514008
UBFC_PHYS_s14_T1_ctrl,93,182,99.06666666666666,-1.4259699583053589,0.37249440010042517
UBFC_PHYS_s14_T1_ctrl,93,183,99.1,-0.9671531915664673,-0.13940117055382176
UBFC_PHYS_s14_T1_ctrl,93,184,99.13333333333334,-0.2727741599082947,-0.6257125191430544
UBFC_PHYS_s14_T1_ctrl,93,185,99.16666666666667,0.3765709102153778,-1.0249147303608843
UBFC_PHYS_s14_T1_ctrl,93,186,99.2,0.7819046378135681,-1.282500182379149
UBFC_PHYS_s14_T1_ctrl,93,187,99.23333333333333,0.9004743099212646,-1.3560570900527746
UBFC_PHYS_s14_T1_ctrl,93,188,99.26666666666667,0.7699350118637085,-1.224121296354063
UBFC_PHYS_s14_T1_ctrl,93,189,99.3,0.5011394619941711,-0.8963743544828207
UBFC_PHYS_s14_T1_ctrl,93,190,99.33333333333333,0.2513827085494995,-0.41936194891788886
UBFC_PHYS_s14_T1_ctrl,93,191,99.36666666666666,0.08597659319639206,0.1281275100825928
UBFC_PHYS_s14_T1_ctrl,93,192,99.4,-0.0464496947824955,0.6512797442979094
UBFC_PHYS_s14_T1_ctrl,93,193,99.43333333333334,-0.20016783475875854,1.0619956617971114
UBFC_PHYS_s14_T1_ctrl,93,194,99.46666666666667,-0.4078478515148163,1.2993342089737951
UBFC_PHYS_s14_T1_ctrl,93,195,99.5,-0.7109750509262085,1.3399783735292026
UBFC_PHYS_s14_T1_ctrl,93,196,99.53333333333333,-1.0680359601974487,1.196382097362233
UBFC_PHYS_s14_T1_ctrl,93,197,99.56666666666666,-1.2572124004364014,0.9060721896171474
UBFC_PHYS_s14_T1_ctrl,93,198,99.6,-1.059248924255371,0.5183250316029102
UBFC_PHYS_s14_T1_ctrl,93,199,99.63333333333334,-0.5456534028053284,0.0837483827723377
UBFC_PHYS_s14_T1_ctrl,93,200,99.66666666666667,-0.018708329647779465,-0.3503772481554821
UBFC_PHYS_s14_T1_ctrl,93,201,99.7,0.33105817437171936,-0.7394947984305275
UBFC_PHYS_s14_T1_ctrl,93,202,99.73333333333333,0.4930564761161804,-1.0392678508722726
UBFC_PHYS_s14_T1_ctrl,93,203,99.76666666666667,0.48773351311683655,-1.2057590816242365
UBFC_PHYS_s14_T1_ctrl,93,204,99.8,0.3892727792263031,-1.2016898916738563
UBFC_PHYS_s14_T1_ctrl,93,205,99.83333333333333,0.2974305748939514,-1.008654231413506
UBFC_PHYS_s14_T1_ctrl,93,206,99.86666666666666,0.21967025101184845,-0.6405868499701015
UBFC_PHYS_s14_T1_ctrl,93,207,99.9,0.15134482085704803,-0.15076276041685013
UBFC_PHYS_s14_T1_ctrl,93,208,99.93333333333334,0.12151933461427689,0.37440771581974075
UBFC_PHYS_s14_T1_ctrl,93,209,99.96666666666667,0.05415147542953491,0.835736782647507
UBFC_PHYS_s14_T1_ctrl,93,210,100.0,-0.19557712972164154,1.1485397502084098
UBFC_PHYS_s14_T1_ctrl,93,211,100.03333333333333,-0.6260329484939575,1.264995981885127
UBFC_PHYS_s14_T1_ctrl,93,212,100.06666666666666,-1.0203546285629272,1.1826499010137244
UBFC_PHYS_s14_T1_ctrl,93,213,100.1,-1.1020015478134155,0.9375685506687672
UBFC_PHYS_s14_T1_ctrl,93,214,100.13333333333334,-0.7491370439529419,0.5872512951685152
UBFC_PHYS_s14_T1_ctrl,93,215,100.16666666666667,-0.13713720440864563,0.1914158530129658
UBFC_PHYS_s14_T1_ctrl,93,216,100.2,0.4845791459083557,-0.20194600415006975
UBFC_PHYS_s14_T1_ctrl,93,217,100.23333333333333,0.9984844326972961,-0.5612985529119325
UBFC_PHYS_s14_T1_ctrl,93,218,100.26666666666667,1.2756727933883667,-0.8675974015781192
UBFC_PHYS_s14_T1_ctrl,93,219,100.3,1.18813955783844,-1.105887915522497
UBFC_PHYS_s14_T1_ctrl,93,220,100.33333333333333,0.8787318468093872,-1.2583722629784813
UBFC_PHYS_s14_T1_ctrl,93,221,100.36666666666666,0.6272007822990417,-1.3037045514081849
UBFC_PHYS_s14_T1_ctrl,93,222,100.4,0.5226002931594849,-1.2237200899308431
UBFC_PHYS_s14_T1_ctrl,93,223,100.43333333333334,0.44875478744506836,-1.014480319038814
UBFC_PHYS_s14_T1_ctrl,93,224,100.46666666666667,0.31630033254623413,-0.6955694523852101
UBFC_PHYS_s14_T1_ctrl,93,225,100.5,0.1461908519268036,-0.31175151733870715
UBFC_PHYS_s14_T1_ctrl,93,226,100.53333333333333,-0.04599907249212265,0.07540378123509141
UBFC_PHYS_s14_T1_ctrl,93,227,100.56666666666666,-0.3248209059238434,0.4034693247376979
UBFC_PHYS_s14_T1_ctrl,93,228,100.6,-0.7326048612594604,0.6266512321352113
UBFC_PHYS_s14_T1_ctrl,93,229,100.63333333333334,-1.1412619352340698,0.7280211518798587
UBFC_PHYS_s14_T1_ctrl,93,230,100.66666666666667,-1.2569307088851929,0.7218671943658154
UBFC_PHYS_s14_T1_ctrl,93,231,100.7,-0.8761558532714844,0.645534177807357
UBFC_PHYS_s14_T1_ctrl,93,232,100.73333333333333,-0.1174788549542427,0.5442206672535592
UBFC_PHYS_s14_T1_ctrl,93,233,100.76666666666667,0.6857814788818359,0.45489424007344476
UBFC_PHYS_s14_T1_ctrl,93,234,100.8,1.2548878192901611,0.39572988541502696
UBFC_PHYS_s14_T1_ctrl,93,235,100.83333333333333,1.4938297271728516,0.3648499011260478
UBFC_PHYS_s14_T1_ctrl,93,236,100.86666666666666,1.4513022899627686,0.34756262803010235
UBFC_PHYS_s14_T1_ctrl,93,237,100.9,1.2759262323379517,0.32733857794851484
UBFC_PHYS_s14_T1_ctrl,93,238,100.93333333333334,1.1268832683563232,0.29472563810876895
UBFC_PHYS_s14_T1_ctrl,93,239,100.96666666666667,1.04498291015625,0.2504546392364984
UBFC_PHYS_s14_T1_ctrl,94,0,94.0,-1.1697636842727661,-0.0330157804016051
UBFC_PHYS_s14_T1_ctrl,94,1,94.03333333333333,-1.6380717754364014,-0.07827406988320525
UBFC_PHYS_s14_T1_ctrl,94,2,94.06666666666666,-1.9553935527801514,-0.14839140050946428
UBFC_PHYS_s14_T1_ctrl,94,3,94.1,-1.843160629272461,-0.2629025644331029
UBFC_PHYS_s14_T1_ctrl,94,4,94.13333333333334,-1.2209092378616333,-0.42875607985453645
UBFC_PHYS_s14_T1_ctrl,94,5,94.16666666666667,-0.4217326045036316,-0.6366360963406155
UBFC_PHYS_s14_T1_ctrl,94,6,94.2,0.17018641531467438,-0.8604463509899359
UBFC_PHYS_s14_T1_ctrl,94,7,94.23333333333333,0.5017872452735901,-1.0611000354151796
UBFC_PHYS_s14_T1_ctrl,94,8,94.26666666666667,0.7060031294822693,-1.1943813215162113
UBFC_PHYS_s14_T1_ctrl,94,9,94.3,0.7977045178413391,-1.220945363648632
UBFC_PHYS_s14_T1_ctrl,94,10,94.33333333333333,0.7289003133773804,-1.1158706731561299
UBFC_PHYS_s14_T1_ctrl,94,11,94.36666666666666,0.5898273587226868,-0.8756144764447793
UBFC_PHYS_s14_T1_ctrl,94,12,94.4,0.5440611243247986,-0.5210168508781561
UBFC_PHYS_s14_T1_ctrl,94,13,94.43333333333334,0.587602436542511,-0.095479912515499
UBFC_PHYS_s14_T1_ctrl,94,14,94.46666666666667,0.5870391726493835,0.34227059389246073
UBFC_PHYS_s14_T1_ctrl,94,15,94.5,0.5027448534965515,0.7301114351523086
UBFC_PHYS_s14_T1_ctrl,94,16,94.53333333333333,0.3236510753631592,1.0157703194187944
UBFC_PHYS_s14_T1_ctrl,94,17,94.56666666666666,-0.042957380414009094,1.1664704079330637
UBFC_PHYS_s14_T1_ctrl,94,18,94.6,-0.5942078828811646,1.171691845961
UBFC_PHYS_s14_T1_ctrl,94,19,94.63333333333334,-1.1394312381744385,1.0395969692528624
UBFC_PHYS_s14_T1_ctrl,94,20,94.66666666666667,-1.4192951917648315,0.7909445941864578
UBFC_PHYS_s14_T1_ctrl,94,21,94.7,-1.233723759651184,0.454752632431483
UBFC_PHYS_s14_T1_ctrl,94,22,94.73333333333333,-0.6347074508666992,0.06725051507459659
UBFC_PHYS_s14_T1_ctrl,94,23,94.76666666666667,0.05099712684750557,-0.3277042508130538
UBFC_PHYS_s14_T1_ctrl,94,24,94.8,0.5550450682640076,-0.6798737357330379
UBFC_PHYS_s14_T1_ctrl,94,25,94.83333333333333,0.8048018217086792,-0.9376270259555188
UBFC_PHYS_s14_T1_ctrl,94,26,94.86666666666666,0.764217734336853,-1.0565763349643122
UBFC_PHYS_s14_T1_ctrl,94,27,94.9,0.4997876286506653,-1.009816097730048
UBFC_PHYS_s14_T1_ctrl,94,28,94.93333333333334,0.23363950848579407,-0.7967236101517909
UBFC_PHYS_s14_T1_ctrl,94,29,94.96666666666667,0.11509798467159271,-0.4470289912879782
UBFC_PHYS_s14_T1_ctrl,94,30,95.0,0.06761378049850464,-0.017299451325980805
UBFC_PHYS_s14_T1_ctrl,94,31,95.03333333333333,-0.06030629575252533,0.4208502083014913
UBFC_PHYS_s14_T1_ctrl,94,32,95.06666666666666,-0.2669442594051361,0.79752601974888
UBFC_PHYS_s14_T1_ctrl,94,33,95.1,-0.4728781282901764,1.0598164890392956
UBFC_PHYS_s14_T1_ctrl,94,34,95.13333333333334,-0.7099329829216003,1.1794550654922231
UBFC_PHYS_s14_T1_ctrl,94,35,95.16666666666667,-1.059783935546875,1.151038046923762
UBFC_PHYS_s14_T1_ctrl,94,36,95.2,-1.4316027164459229,0.9846252454353307
UBFC_PHYS_s14_T1_ctrl,94,37,95.23333333333333,-1.5433286428451538,0.6993514656691049
UBFC_PHYS_s14_T1_ctrl,94,38,95.26666666666667,-1.1745516061782837,0.32219965490901126
UBFC_PHYS_s14_T1_ctrl,94,39,95.3,-0.43823662400245667,-0.10911242557647007
UBFC_PHYS_s14_T1_ctrl,94,40,95.33333333333333,0.3246086537837982,-0.543812256976923
UBFC_PHYS_s14_T1_ctrl,94,41,95.36666666666666,0.8406543731689453,-0.9208919969063019
UBFC_PHYS_s14_T1_ctrl,94,42,95.4,1.0138336420059204,-1.178345330190521
UBFC_PHYS_s14_T1_ctrl,94,43,95.43333333333334,0.9138521552085876,-1.2664658626509882
UBFC_PHYS_s14_T1_ctrl,94,44,95.46666666666667,0.740419328212738,-1.1612342060248368
UBFC_PHYS_s14_T1_ctrl,94,45,95.5,0.6442680358886719,-0.8735979310059587
UBFC_PHYS_s14_T1_ctrl,94,46,95.53333333333333,0.5676624178886414,-0.45061978516163564
UBFC_PHYS_s14_T1_ctrl,94,47,95.56666666666666,0.40619924664497375,0.03370410916022651
UBFC_PHYS_s14_T1_ctrl,94,48,95.6,0.20525038242340088,0.4959038238509722
UBFC_PHYS_s14_T1_ctrl,94,49,95.63333333333334,0.03919648751616478,0.8624501635505422
UBFC_PHYS_s14_T1_ctrl,94,50,95.66666666666667,-0.15840087831020355,1.0836811486470206
UBFC_PHYS_s14_T1_ctrl,94,51,95.7,-0.49831005930900574,1.1379411477821562
UBFC_PHYS_s14_T1_ctrl,94,52,95.73333333333333,-0.9259213209152222,1.0273813606701099
UBFC_PHYS_s14_T1_ctrl,94,53,95.76666666666667,-1.1712000370025635,0.7710665532493742
UBFC_PHYS_s14_T1_ctrl,94,54,95.8,-0.9683360457420349,0.4005907524101722
UBFC_PHYS_s14_T1_ctrl,94,55,95.83333333333333,-0.3507597744464874,-0.04053046510613856
UBFC_PHYS_s14_T1_ctrl,94,56,95.86666666666666,0.3718957006931305,-0.4964858362767755
UBFC_PHYS_s14_T1_ctrl,94,57,95.9,0.8815200328826904,-0.9020171119668285
UBFC_PHYS_s14_T1_ctrl,94,58,95.93333333333334,1.0679082870483398,-1.1907232394004343
UBFC_PHYS_s14_T1_ctrl,94,59,95.96666666666667,0.9993293285369873,-1.3076810274996633
UBFC_PHYS_s14_T1_ctrl,94,60,96.0,0.8166306018829346,-1.2228880496271657
UBFC_PHYS_s14_T1_ctrl,94,61,96.03333333333333,0.6687705516815186,-0.9411875519431583
UBFC_PHYS_s14_T1_ctrl,94,62,96.06666666666666,0.6155127882957458,-0.5046842561786042
UBFC_PHYS_s14_T1_ctrl,94,63,96.1,0.5935731530189514,0.01454745625332462
UBFC_PHYS_s14_T1_ctrl,94,64,96.13333333333334,0.5407941341400146,0.5303833320115515
UBFC_PHYS_s14_T1_ctrl,94,65,96.16666666666667,0.47035643458366394,0.962345369155499
UBFC_PHYS_s14_T1_ctrl,94,66,96.2,0.36502373218536377,1.2518679718996921
UBFC_PHYS_s14_T1_ctrl,94,67,96.23333333333333,0.14272668957710266,1.3692632474942072
UBFC_PHYS_s14_T1_ctrl,94,68,96.26666666666667,-0.19273258745670319,1.3107343731585142
UBFC_PHYS_s14_T1_ctrl,94,69,96.3,-0.4646824300289154,1.090251340107876
UBFC_PHYS_s14_T1_ctrl,94,70,96.33333333333333,-0.4403207302093506,0.7328247062549765
UBFC_PHYS_s14_T1_ctrl,94,71,96.36666666666666,-0.026002759113907814,0.27298714719390876
UBFC_PHYS_s14_T1_ctrl,94,72,96.4,0.6119077801704407,-0.24267842270857198
UBFC_PHYS_s14_T1_ctrl,94,73,96.43333333333334,1.1576663255691528,-0.7536689270674553
UBFC_PHYS_s14_T1_ctrl,94,74,96.46666666666667,1.3819348812103271,-1.1887930003740954
UBFC_PHYS_s14_T1_ctrl,94,75,96.5,1.2162752151489258,-1.4760310279056164
UBFC_PHYS_s14_T1_ctrl,94,76,96.53333333333333,0.7623870968818665,-1.55738691567554
UBFC_PHYS_s14_T1_ctrl,94,77,96.56666666666666,0.3048658072948456,-1.4047173592890174
UBFC_PHYS_s14_T1_ctrl,94,78,96.6,0.05696785822510719,-1.0312057687209624
UBFC_PHYS_s14_T1_ctrl,94,79,96.63333333333334,-0.0018663642695173621,-0.4933391825273286
UBFC_PHYS_s14_T1_ctrl,94,80,96.66666666666667,-0.015610309317708015,0.11948711059852084
UBFC_PHYS_s14_T1_ctrl,94,81,96.7,-0.048224013298749924,0.7058954886027986
UBFC_PHYS_s14_T1_ctrl,94,82,96.73333333333333,-0.07771153748035431,1.176502347469971
UBFC_PHYS_s14_T1_ctrl,94,83,96.76666666666667,-0.15482407808303833,1.471308991268822
UBFC_PHYS_s14_T1_ctrl,94,84,96.8,-0.4230281412601471,1.5648853998338996
UBFC_PHYS_s14_T1_ctrl,94,85,96.83333333333333,-0.8434858322143555,1.4608030678842538
UBFC_PHYS_s14_T1_ctrl,94,86,96.86666666666666,-1.1156046390533447,1.181773243793527
UBFC_PHYS_s14_T1_ctrl,94,87,96.9,-0.9816012382507324,0.7621857673280378
UBFC_PHYS_s14_T1_ctrl,94,88,96.93333333333334,-0.4613872766494751,0.24580558508576078
UBFC_PHYS_s14_T1_ctrl,94,89,96.96666666666667,0.22873900830745697,-0.3132832555016888
UBFC_PHYS_s14_T1_ctrl,94,90,97.0,0.8263471126556396,-0.8505085271846036
UBFC_PHYS_s14_T1_ctrl,94,91,97.03333333333333,1.1223489046096802,-1.2947264190267571
UBFC_PHYS_s14_T1_ctrl,94,92,97.06666666666666,1.1367405652999878,-1.5773966693242674
UBFC_PHYS_s14_T1_ctrl,94,93,97.1,1.0519393682479858,-1.6457631249988882
UBFC_PHYS_s14_T1_ctrl,94,94,97.13333333333334,1.0220856666564941,-1.4767588732530927
UBFC_PHYS_s14_T1_ctrl,94,95,97.16666666666667,1.0388431549072266,-1.0870388775915019
UBFC_PHYS_s14_T1_ctrl,94,96,97.2,1.0005685091018677,-0.5344141129860006
UBFC_PHYS_s14_T1_ctrl,94,97,97.23333333333333,0.8732117414474487,0.0919841552048201
UBFC_PHYS_s14_T1_ctrl,94,98,97.26666666666667,0.7288157939910889,0.6911272130354081
UBFC_PHYS_s14_T1_ctrl,94,99,97.3,0.6461268663406372,1.1727086966786588
UBFC_PHYS_s14_T1_ctrl,94,100,97.33333333333333,0.6023039221763611,1.4744187628266843
UBFC_PHYS_s14_T1_ctrl,94,101,97.36666666666666,0.5116727352142334,1.5680195096710234
UBFC_PHYS_s14_T1_ctrl,94,102,97.4,0.3973839581012726,1.4550805245608531
UBFC_PHYS_s14_T1_ctrl,94,103,97.43333333333334,0.4100576937198639,1.158662520662898
UBFC_PHYS_s14_T1_ctrl,94,104,97.46666666666667,0.5855183005332947,0.7170247389718265
UBFC_PHYS_s14_T1_ctrl,94,105,97.5,0.7773420810699463,0.18123069211857845
UBFC_PHYS_s14_T1_ctrl,94,106,97.53333333333333,0.859326958656311,-0.38549736780934024
UBFC_PHYS_s14_T1_ctrl,94,107,97.56666666666666,0.8057312369346619,-0.9103852937699426
UBFC_PHYS_s14_T1_ctrl,94,108,97.6,0.621117353439331,-1.3182748134218139
UBFC_PHYS_s14_T1_ctrl,94,109,97.63333333333334,0.3675866425037384,-1.5434032140039569
UBFC_PHYS_s14_T1_ctrl,94,110,97.66666666666667,0.1485847681760788,-1.5433947601372537
UBFC_PHYS_s14_T1_ctrl,94,111,97.7,0.03922465071082115,-1.3114079885696865
UBFC_PHYS_s14_T1_ctrl,94,112,97.73333333333333,0.03781646117568016,-0.8818297174065768
UBFC_PHYS_s14_T1_ctrl,94,113,97.76666666666667,0.040689170360565186,-0.32592888491138355
UBFC_PHYS_s14_T1_ctrl,94,114,97.8,-0.026932165026664734,0.2631627153099519
UBFC_PHYS_s14_T1_ctrl,94,115,97.83333333333333,-0.09559556096792221,0.7920575344420269
UBFC_PHYS_s14_T1_ctrl,94,116,97.86666666666666,-0.12384387850761414,1.18682095320739
UBFC_PHYS_s14_T1_ctrl,94,117,97.9,-0.21205297112464905,1.402765722266914
UBFC_PHYS_s14_T1_ctrl,94,118,97.93333333333334,-0.394723504781723,1.4231506042907878
UBFC_PHYS_s14_T1_ctrl,94,119,97.96666666666667,-0.5090968012809753,1.2527748333493478
UBFC_PHYS_s14_T1_ctrl,94,120,98.0,-0.3958218991756439,0.9135641937540135
UBFC_PHYS_s14_T1_ctrl,94,121,98.03333333333333,-0.09672211855649948,0.44478259306457685
UBFC_PHYS_s14_T1_ctrl,94,122,98.06666666666666,0.19550569355487823,-0.0950279919522352
UBFC_PHYS_s14_T1_ctrl,94,123,98.1,0.34026774764060974,-0.6298149226809646
UBFC_PHYS_s14_T1_ctrl,94,124,98.13333333333334,0.3315087854862213,-1.0749933638947922
UBFC_PHYS_s14_T1_ctrl,94,125,98.16666666666667,0.22927412390708923,-1.3529400249792867
UBFC_PHYS_s14_T1_ctrl,94,126,98.2,0.06888115406036377,-1.4109278959979314
UBFC_PHYS_s14_T1_ctrl,94,127,98.23333333333333,-0.1010030135512352,-1.2358248316960823
UBFC_PHYS_s14_T1_ctrl,94,128,98.26666666666667,-0.21424974501132965,-0.859978918034735
UBFC_PHYS_s14_T1_ctrl,94,129,98.3,-0.2781252861022949,-0.3548622985139812
UBFC_PHYS_s14_T1_ctrl,94,130,98.33333333333333,-0.33653706312179565,0.18675522706409897
UBFC_PHYS_s14_T1_ctrl,94,131,98.36666666666666,-0.40148282051086426,0.6742406398270541
UBFC_PHYS_s14_T1_ctrl,94,132,98.4,-0.4892694652080536,1.0388204816124342
UBFC_PHYS_s14_T1_ctrl,94,133,98.43333333333334,-0.6446210741996765,1.2419038477289004
UBFC_PHYS_s14_T1_ctrl,94,134,98.46666666666667,-0.8976448774337769,1.2714773269610677
UBFC_PHYS_s14_T1_ctrl,94,135,98.5,-1.187506914138794,1.1332355724077106
UBFC_PHYS_s14_T1_ctrl,94,136,98.53333333333333,-1.3046120405197144,0.8445826271918649
UBFC_PHYS_s14_T1_ctrl,94,137,98.56666666666666,-1.0881167650222778,0.4351869796256341
UBFC_PHYS_s14_T1_ctrl,94,138,98.6,-0.6156687140464783,-0.048737502453232606
UBFC_PHYS_s14_T1_ctrl,94,139,98.63333333333334,-0.11666209995746613,-0.5428813433588238
UBFC_PHYS_s14_T1_ctrl,94,140,98.66666666666667,0.19097131490707397,-0.9707371649833293
UBFC_PHYS_s14_T1_ctrl,94,141,98.7,0.19866004586219788,-1.257061677968402
UBFC_PHYS_s14_T1_ctrl,94,142,98.73333333333333,0.0345776192843914,-1.3453068917214117
UBFC_PHYS_s14_T1_ctrl,94,143,98.76666666666667,-0.04650602117180824,-1.2135045660949093
UBFC_PHYS_s14_T1_ctrl,94,144,98.8,-0.007583620026707649,-0.8826826870140048
UBFC_PHYS_s14_T1_ctrl,94,145,98.83333333333333,-0.012371469289064407,-0.41364548295099185
UBFC_PHYS_s14_T1_ctrl,94,146,98.86666666666666,-0.12682923674583435,0.10789335729076344
UBFC_PHYS_s14_T1_ctrl,94,147,98.9,-0.30178290605545044,0.5927728056474777
UBFC_PHYS_s14_T1_ctrl,94,148,98.93333333333334,-0.5320221185684204,0.9680738636921565
UBFC_PHYS_s14_T1_ctrl,94,149,98.96666666666667,-0.8566946983337402,1.1877743155896878
UBFC_PHYS_s14_T1_ctrl,94,150,99.0,-1.2365119457244873,1.2327836232810152
UBFC_PHYS_s14_T1_ctrl,94,151,99.03333333333333,-1.4936758279800415,1.104922098874056
UBFC_PHYS_s14_T1_ctrl,94,152,99.06666666666666,-1.4259699583053589,0.8215298233899082
UBFC_PHYS_s14_T1_ctrl,94,153,99.1,-0.9671531915664673,0.4145763813566809
UBFC_PHYS_s14_T1_ctrl,94,154,99.13333333333334,-0.2727741599082947,-0.06719603383637857
UBFC_PHYS_s14_T1_ctrl,94,155,99.16666666666667,0.3765709102153778,-0.5581914420173107
UBFC_PHYS_s14_T1_ctrl,94,156,99.2,0.7819046378135681,-0.9822309841402994
UBFC_PHYS_s14_T1_ctrl,94,157,99.23333333333333,0.9004743099212646,-1.2657336797932393
UBFC_PHYS_s14_T1_ctrl,94,158,99.26666666666667,0.7699350118637085,-1.354673502946965
UBFC_PHYS_s14_T1_ctrl,94,159,99.3,0.5011394619941711,-1.229737468332642
UBFC_PHYS_s14_T1_ctrl,94,160,99.33333333333333,0.2513827085494995,-0.9134263348068918
UBFC_PHYS_s14_T1_ctrl,94,161,99.36666666666666,0.08597659319639206,-0.46500992763674426
UBFC_PHYS_s14_T1_ctrl,94,162,99.4,-0.0464496947824955,0.03572248649359184
UBFC_PHYS_s14_T1_ctrl,94,163,99.43333333333334,-0.20016783475875854,0.5095980230231228
UBFC_PHYS_s14_T1_ctrl,94,164,99.46666666666667,-0.4078478515148163,0.8952875977825385
UBFC_PHYS_s14_T1_ctrl,94,165,99.5,-0.7109750509262085,1.1561210690451547
UBFC_PHYS_s14_T1_ctrl,94,166,99.53333333333333,-1.0680359601974487,1.2761707970892067
UBFC_PHYS_s14_T1_ctrl,94,167,99.56666666666666,-1.2572124004364014,1.2513210996535935
UBFC_PHYS_s14_T1_ctrl,94,168,99.6,-1.059248924255371,1.0829307828309889
UBFC_PHYS_s14_T1_ctrl,94,169,99.63333333333334,-0.5456534028053284,0.7786811814602453
UBFC_PHYS_s14_T1_ctrl,94,170,99.66666666666667,-0.018708329647779465,0.3594987080855484
UBFC_PHYS_s14_T1_ctrl,94,171,99.7,0.33105817437171936,-0.13306879230684757
UBFC_PHYS_s14_T1_ctrl,94,172,99.73333333333333,0.4930564761161804,-0.6351636037454478
UBFC_PHYS_s14_T1_ctrl,94,173,99.76666666666667,0.48773351311683655,-1.0678897701937815
UBFC_PHYS_s14_T1_ctrl,94,174,99.8,0.3892727792263031,-1.3528025562032095
UBFC_PHYS_s14_T1_ctrl,94,175,99.83333333333333,0.2974305748939514,-1.4313646413500756
UBFC_PHYS_s14_T1_ctrl,94,176,99.86666666666666,0.21967025101184845,-1.2820794292114783
UBFC_PHYS_s14_T1_ctrl,94,177,99.9,0.15134482085704803,-0.9289377245145843
UBFC_PHYS_s14_T1_ctrl,94,178,99.93333333333334,0.12151933461427689,-0.4369586262964694
UBFC_PHYS_s14_T1_ctrl,94,179,99.96666666666667,0.05415147542953491,0.10489276857576502
UBFC_PHYS_s14_T1_ctrl,94,180,100.0,-0.19557712972164154,0.6074762535655496
UBFC_PHYS_s14_T1_ctrl,94,181,100.03333333333333,-0.6260329484939575,1.0025302833095295
UBFC_PHYS_s14_T1_ctrl,94,182,100.06666666666666,-1.0203546285629272,1.2530249118839087
UBFC_PHYS_s14_T1_ctrl,94,183,100.1,-1.1020015478134155,1.3505691254610228
UBFC_PHYS_s14_T1_ctrl,94,184,100.13333333333334,-0.7491370439529419,1.3044397777759034
UBFC_PHYS_s14_T1_ctrl,94,185,100.16666666666667,-0.13713720440864563,1.1303229714314829
UBFC_PHYS_s14_T1_ctrl,94,186,100.2,0.4845791459083557,0.8448719825220766
UBFC_PHYS_s14_T1_ctrl,94,187,100.23333333333333,0.9984844326972961,0.4670863605521921
UBFC_PHYS_s14_T1_ctrl,94,188,100.26666666666667,1.2756727933883667,0.023285965725279374
UBFC_PHYS_s14_T1_ctrl,94,189,100.3,1.18813955783844,-0.4488705350466078
UBFC_PHYS_s14_T1_ctrl,94,190,100.33333333333333,0.8787318468093872,-0.9004433981516958
UBFC_PHYS_s14_T1_ctrl,94,191,100.36666666666666,0.6272007822990417,-1.276024979715063
UBFC_PHYS_s14_T1_ctrl,94,192,100.4,0.5226002931594849,-1.522237932385016
UBFC_PHYS_s14_T1_ctrl,94,193,100.43333333333334,0.44875478744506836,-1.5979639813481308
UBFC_PHYS_s14_T1_ctrl,94,194,100.46666666666667,0.31630033254623413,-1.483854088798467
UBFC_PHYS_s14_T1_ctrl,94,195,100.5,0.1461908519268036,-1.1885669668410466
UBFC_PHYS_s14_T1_ctrl,94,196,100.53333333333333,-0.04599907249212265,-0.7496995155047615
UBFC_PHYS_s14_T1_ctrl,94,197,100.56666666666666,-0.3248209059238434,-0.2285428982014445
UBFC_PHYS_s14_T1_ctrl,94,198,100.6,-0.7326048612594604,0.30057646454830267
UBFC_PHYS_s14_T1_ctrl,94,199,100.63333333333334,-1.1412619352340698,0.7639494194223768
UBFC_PHYS_s14_T1_ctrl,94,200,100.66666666666667,-1.2569307088851929,1.1016220308611413
UBFC_PHYS_s14_T1_ctrl,94,201,100.7,-0.8761558532714844,1.27667549449035
UBFC_PHYS_s14_T1_ctrl,94,202,100.73333333333333,-0.1174788549542427,1.2788578680434892
UBFC_PHYS_s14_T1_ctrl,94,203,100.76666666666667,0.6857814788818359,1.1228554223605116
UBFC_PHYS_s14_T1_ctrl,94,204,100.8,1.2548878192901611,0.8429283323726029
UBFC_PHYS_s14_T1_ctrl,94,205,100.83333333333333,1.4938297271728516,0.48575921801378685
UBFC_PHYS_s14_T1_ctrl,94,206,100.86666666666666,1.4513022899627686,0.10250461371157417
UBFC_PHYS_s14_T1_ctrl,94,207,100.9,1.2759262323379517,-0.25934680076876315
UBFC_PHYS_s14_T1_ctrl,94,208,100.93333333333334,1.1268832683563232,-0.5628438864328806
UBFC_PHYS_s14_T1_ctrl,94,209,100.96666666666667,1.04498291015625,-0.7849842690984293
UBFC_PHYS_s14_T1_ctrl,94,210,101.0,0.9336512684822083,-0.9154409653031906
UBFC_PHYS_s14_T1_ctrl,94,211,101.03333333333333,0.70411616563797,-0.9515981126413601
UBFC_PHYS_s14_T1_ctrl,94,212,101.06666666666666,0.3976656198501587,-0.8928937739166344
UBFC_PHYS_s14_T1_ctrl,94,213,101.1,0.06921911984682083,-0.7380588195049308
UBFC_PHYS_s14_T1_ctrl,94,214,101.13333333333334,-0.26621198654174805,-0.4875140277730545
UBFC_PHYS_s14_T1_ctrl,94,215,101.16666666666667,-0.5712825059890747,-0.15033807027788845
UBFC_PHYS_s14_T1_ctrl,94,216,101.2,-0.848358154296875,0.24791655490089923
UBFC_PHYS_s14_T1_ctrl,94,217,101.23333333333333,-1.1958152055740356,0.6619641712313424
UBFC_PHYS_s14_T1_ctrl,94,218,101.26666666666667,-1.6137945652008057,1.0323185529359715
UBFC_PHYS_s14_T1_ctrl,94,219,101.3,-1.848483681678772,1.2996114547728652
UBFC_PHYS_s14_T1_ctrl,94,220,101.33333333333333,-1.6485487222671509,1.422177176114369
UBFC_PHYS_s14_T1_ctrl,94,221,101.36666666666666,-1.0046392679214478,1.3885283207583827
UBFC_PHYS_s14_T1_ctrl,94,222,101.4,-0.13981276750564575,1.2187406380338561
UBFC_PHYS_s14_T1_ctrl,94,223,101.43333333333334,0.6003043055534363,0.954589028266807
UBFC_PHYS_s14_T1_ctrl,94,224,101.46666666666667,0.939115047454834,0.6436858277388562
UBFC_PHYS_s14_T1_ctrl,94,225,101.5,0.8960525989532471,0.32505842795206924
UBFC_PHYS_s14_T1_ctrl,94,226,101.53333333333333,0.7232393622398376,0.021821053473845064
UBFC_PHYS_s14_T1_ctrl,94,227,101.56666666666666,0.6141045689582825,-0.257549848308051
UBFC_PHYS_s14_T1_ctrl,94,228,101.6,0.6034586429595947,-0.5118623644051525
UBFC_PHYS_s14_T1_ctrl,94,229,101.63333333333334,0.6668835878372192,-0.7385583205495589
UBFC_PHYS_s14_T1_ctrl,94,230,101.66666666666667,0.7396025657653809,-0.9284103013037258
UBFC_PHYS_s14_T1_ctrl,94,231,101.7,0.7527550458908081,-1.0660303722036133
UBFC_PHYS_s14_T1_ctrl,94,232,101.73333333333333,0.6666582822799683,-1.1355321444126414
UBFC_PHYS_s14_T1_ctrl,94,233,101.76666666666667,0.44385427236557007,-1.128132194949159
UBFC_PHYS_s14_T1_ctrl,94,234,101.8,0.10555045306682587,-1.0476413003814615
UBFC_PHYS_s14_T1_ctrl,94,235,101.83333333333333,-0.24359644949436188,-0.9108508728807272
UBFC_PHYS_s14_T1_ctrl,94,236,101.86666666666666,-0.5504975914955139,-0.7421917674400088
UBFC_PHYS_s14_T1_ctrl,94,237,101.9,-0.8513998985290527,-0.5648337968181875
UBFC_PHYS_s14_T1_ctrl,94,238,101.93333333333334,-1.1568083763122559,-0.3924643020008785
UBFC_PHYS_s14_T1_ctrl,94,239,101.96666666666667,-1.3491672277450562,-0.22611317456173743
UBFC_PHYS_s14_T1_ctrl,95,0,95.0,0.06761378049850464,-0.10709236336138997
UBFC_PHYS_s14_T1_ctrl,95,1,95.03333333333333,-0.06030629575252533,0.42914409609131265
UBFC_PHYS_s14_T1_ctrl,95,2,95.06666666666666,-0.2669442594051361,0.8903319089865752
UBFC_PHYS_s14_T1_ctrl,95,3,95.1,-0.4728781282901764,1.2144876803993074
UBFC_PHYS_s14_T1_ctrl,95,4,95.13333333333334,-0.7099329829216003,1.3671604716344676
UBFC_PHYS_s14_T1_ctrl,95,5,95.16666666666667,-1.059783935546875,1.3456428335175996
UBFC_PHYS_s14_T1_ctrl,95,6,95.2,-1.4316027164459229,1.1739485147958282
UBFC_PHYS_s14_T1_ctrl,95,7,95.23333333333333,-1.5433286428451538,0.8914343129822245
UBFC_PHYS_s14_T1_ctrl,95,8,95.26666666666667,-1.1745516061782837,0.5406915922321773
UBFC_PHYS_s14_T1_ctrl,95,9,95.3,-0.43823662400245667,0.15992139095936445
UBFC_PHYS_s14_T1_ctrl,95,10,95.33333333333333,0.3246086537837982,-0.2179336369325054
UBFC_PHYS_s14_T1_ctrl,95,11,95.36666666666666,0.8406543731689453,-0.5609370181204018
UBFC_PHYS_s14_T1_ctrl,95,12,95.4,1.0138336420059204,-0.8334228218816944
UBFC_PHYS_s14_T1_ctrl,95,13,95.43333333333334,0.9138521552085876,-0.9959740908406024
UBFC_PHYS_s14_T1_ctrl,95,14,95.46666666666667,0.740419328212738,-1.0129150818653174
UBFC_PHYS_s14_T1_ctrl,95,15,95.5,0.6442680358886719,-0.8656502698781715
UBFC_PHYS_s14_T1_ctrl,95,16,95.53333333333333,0.5676624178886414,-0.565766213989681
UBFC_PHYS_s14_T1_ctrl,95,17,95.56666666666666,0.40619924664497375,-0.1601875920979683
UBFC_PHYS_s14_T1_ctrl,95,18,95.6,0.20525038242340088,0.27651559902593553
UBFC_PHYS_s14_T1_ctrl,95,19,95.63333333333334,0.03919648751616478,0.661260091063505
UBFC_PHYS_s14_T1_ctrl,95,20,95.66666666666667,-0.15840087831020355,0.9250885214767992
UBFC_PHYS_s14_T1_ctrl,95,21,95.7,-0.49831005930900574,1.029257302448498
UBFC_PHYS_s14_T1_ctrl,95,22,95.73333333333333,-0.9259213209152222,0.9689961361882771
UBFC_PHYS_s14_T1_ctrl,95,23,95.76666666666667,-1.1712000370025635,0.7662478330238921
UBFC_PHYS_s14_T1_ctrl,95,24,95.8,-0.9683360457420349,0.4575215615460355
UBFC_PHYS_s14_T1_ctrl,95,25,95.83333333333333,-0.3507597744464874,0.08363801445005307
UBFC_PHYS_s14_T1_ctrl,95,26,95.86666666666666,0.3718957006931305,-0.31465228412318147
UBFC_PHYS_s14_T1_ctrl,95,27,95.9,0.8815200328826904,-0.6954881099352742
UBFC_PHYS_s14_T1_ctrl,95,28,95.93333333333334,1.0679082870483398,-1.0130177633787056
UBFC_PHYS_s14_T1_ctrl,95,29,95.96666666666667,0.9993293285369873,-1.2178839333447367
UBFC_PHYS_s14_T1_ctrl,95,30,96.0,0.8166306018829346,-1.264436718228416
UBFC_PHYS_s14_T1_ctrl,95,31,96.03333333333333,0.6687705516815186,-1.1240999017362534
UBFC_PHYS_s14_T1_ctrl,95,32,96.06666666666666,0.6155127882957458,-0.7998864248314091
UBFC_PHYS_s14_T1_ctrl,95,33,96.1,0.5935731530189514,-0.3345182599032423
UBFC_PHYS_s14_T1_ctrl,95,34,96.13333333333334,0.5407941341400146,0.19413908619072728
UBFC_PHYS_s14_T1_ctrl,95,35,96.16666666666667,0.47035643458366394,0.69120337216151
UBFC_PHYS_s14_T1_ctrl,95,36,96.2,0.36502373218536377,1.070007119596003
UBFC_PHYS_s14_T1_ctrl,95,37,96.23333333333333,0.14272668957710266,1.2737046129590996
UBFC_PHYS_s14_T1_ctrl,95,38,96.26666666666667,-0.19273258745670319,1.2847435068114201
UBFC_PHYS_s14_T1_ctrl,95,39,96.3,-0.4646824300289154,1.1204689313034502
UBFC_PHYS_s14_T1_ctrl,95,40,96.33333333333333,-0.4403207302093506,0.8198750450851315
UBFC_PHYS_s14_T1_ctrl,95,41,96.36666666666666,-0.026002759113907814,0.4295788338501673
UBFC_PHYS_s14_T1_ctrl,95,42,96.4,0.6119077801704407,-0.004685224108633558
UBFC_PHYS_s14_T1_ctrl,95,43,96.43333333333334,1.1576663255691528,-0.43936295955820076
UBFC_PHYS_s14_T1_ctrl,95,44,96.46666666666667,1.3819348812103271,-0.8298776780297521
UBFC_PHYS_s14_T1_ctrl,95,45,96.5,1.2162752151489258,-1.1280323315849627
UBFC_PHYS_s14_T1_ctrl,95,46,96.53333333333333,0.7623870968818665,-1.2848685558670483
UBFC_PHYS_s14_T1_ctrl,95,47,96.56666666666666,0.3048658072948456,-1.2608524267408634
UBFC_PHYS_s14_T1_ctrl,95,48,96.6,0.05696785822510719,-1.0405786749433807
UBFC_PHYS_s14_T1_ctrl,95,49,96.63333333333334,-0.0018663642695173621,-0.6451898817808166
UBFC_PHYS_s14_T1_ctrl,95,50,96.66666666666667,-0.015610309317708015,-0.13492420948680475
UBFC_PHYS_s14_T1_ctrl,95,51,96.7,-0.048224013298749924,0.4020474249415083
UBFC_PHYS_s14_T1_ctrl,95,52,96.73333333333333,-0.07771153748035431,0.8713681146891001
UBFC_PHYS_s14_T1_ctrl,95,53,96.76666666666667,-0.15482407808303833,1.1959829093852736
UBFC_PHYS_s14_T1_ctrl,95,54,96.8,-0.4230281412601471,1.3320212310947084
UBFC_PHYS_s14_T1_ctrl,95,55,96.83333333333333,-0.8434858322143555,1.272353560876356
UBFC_PHYS_s14_T1_ctrl,95,56,96.86666666666666,-1.1156046390533447,1.039697323566828
UBFC_PHYS_s14_T1_ctrl,95,57,96.9,-0.9816012382507324,0.6754908099956229
UBFC_PHYS_s14_T1_ctrl,95,58,96.93333333333334,-0.4613872766494751,0.23044602158125188
UBFC_PHYS_s14_T1_ctrl,95,59,96.96666666666667,0.22873900830745697,-0.2406991388330283
UBFC_PHYS_s14_T1_ctrl,95,60,97.0,0.8263471126556396,-0.6811669724738583
UBFC_PHYS_s14_T1_ctrl,95,61,97.03333333333333,1.1223489046096802,-1.033812966520385
UBFC_PHYS_s14_T1_ctrl,95,62,97.06666666666666,1.1367405652999878,-1.24561460425397
UBFC_PHYS_s14_T1_ctrl,95,63,97.1,1.0519393682479858,-1.276384765734885
UBFC_PHYS_s14_T1_ctrl,95,64,97.13333333333334,1.0220856666564941,-1.1100857345592239
UBFC_PHYS_s14_T1_ctrl,95,65,97.16666666666667,1.0388431549072266,-0.7642232106160016
UBFC_PHYS_s14_T1_ctrl,95,66,97.2,1.0005685091018677,-0.2918035607435191
UBFC_PHYS_s14_T1_ctrl,95,67,97.23333333333333,0.8732117414474487,0.2274145762348992
UBFC_PHYS_s14_T1_ctrl,95,68,97.26666666666667,0.7288157939910889,0.7046335707627754
UBFC_PHYS_s14_T1_ctrl,95,69,97.3,0.6461268663406372,1.062287842543014
UBFC_PHYS_s14_T1_ctrl,95,70,97.33333333333333,0.6023039221763611,1.2493093682189693
UBFC_PHYS_s14_T1_ctrl,95,71,97.36666666666666,0.5116727352142334,1.2467678010793528
UBFC_PHYS_s14_T1_ctrl,95,72,97.4,0.3973839581012726,1.0644431332207451
UBFC_PHYS_s14_T1_ctrl,95,73,97.43333333333334,0.4100576937198639,0.7329447145570691
UBFC_PHYS_s14_T1_ctrl,95,74,97.46666666666667,0.5855183005332947,0.2964795411176912
UBFC_PHYS_s14_T1_ctrl,95,75,97.5,0.7773420810699463,-0.19120378516657166
UBFC_PHYS_s14_T1_ctrl,95,76,97.53333333333333,0.859326958656311,-0.6686169675248378
UBFC_PHYS_s14_T1_ctrl,95,77,97.56666666666666,0.8057312369346619,-1.069245081408826
UBFC_PHYS_s14_T1_ctrl,95,78,97.6,0.621117353439331,-1.3282283517692688
UBFC_PHYS_s14_T1_ctrl,95,79,97.63333333333334,0.3675866425037384,-1.393835725944677
UBFC_PHYS_s14_T1_ctrl,95,80,97.66666666666667,0.1485847681760788,-1.241370225575648
UBFC_PHYS_s14_T1_ctrl,95,81,97.7,0.03922465071082115,-0.8844513978073003
UBFC_PHYS_s14_T1_ctrl,95,82,97.73333333333333,0.03781646117568016,-0.37785013317468374
UBFC_PHYS_s14_T1_ctrl,95,83,97.76666666666667,0.040689170360565186,0.1916825876965083
UBFC_PHYS_s14_T1_ctrl,95,84,97.8,-0.026932165026664734,0.7251686966769952
UBFC_PHYS_s14_T1_ctrl,95,85,97.83333333333333,-0.09559556096792221,1.135054114417959
UBFC_PHYS_s14_T1_ctrl,95,86,97.86666666666666,-0.12384387850761414,1.3636820676772057
UBFC_PHYS_s14_T1_ctrl,95,87,97.9,-0.21205297112464905,1.3900657081728218
UBFC_PHYS_s14_T1_ctrl,95,88,97.93333333333334,-0.394723504781723,1.2250349462896548
UBFC_PHYS_s14_T1_ctrl,95,89,97.96666666666667,-0.5090968012809753,0.9007089832314827
UBFC_PHYS_s14_T1_ctrl,95,90,98.0,-0.3958218991756439,0.4612195808123828
UBFC_PHYS_s14_T1_ctrl,95,91,98.03333333333333,-0.09672211855649948,-0.04170407107430542
UBFC_PHYS_s14_T1_ctrl,95,92,98.06666666666666,0.19550569355487823,-0.5491459587414405
UBFC_PHYS_s14_T1_ctrl,95,93,98.1,0.34026774764060974,-0.9953757749242306
UBFC_PHYS_s14_T1_ctrl,95,94,98.13333333333334,0.3315087854862213,-1.3125604131665267
UBFC_PHYS_s14_T1_ctrl,95,95,98.16666666666667,0.22927412390708923,-1.4418056002289692
UBFC_PHYS_s14_T1_ctrl,95,96,98.2,0.06888115406036377,-1.3484780253953401
UBFC_PHYS_s14_T1_ctrl,95,97,98.23333333333333,-0.1010030135512352,-1.0360875641084972
UBFC_PHYS_s14_T1_ctrl,95,98,98.26666666666667,-0.21424974501132965,-0.5517914966701684
UBFC_PHYS_s14_T1_ctrl,95,99,98.3,-0.2781252861022949,0.020947947091428235
UBFC_PHYS_s14_T1_ctrl,95,100,98.33333333333333,-0.33653706312179565,0.5814863427754741
UBFC_PHYS_s14_T1_ctrl,95,101,98.36666666666666,-0.40148282051086426,1.0361457029626817
UBFC_PHYS_s14_T1_ctrl,95,102,98.4,-0.4892694652080536,1.3181657535336864
UBFC_PHYS_s14_T1_ctrl,95,103,98.43333333333334,-0.6446210741996765,1.3967503993128862
UBFC_PHYS_s14_T1_ctrl,95,104,98.46666666666667,-0.8976448774337769,1.2747805166207242
UBFC_PHYS_s14_T1_ctrl,95,105,98.5,-1.187506914138794,0.9802403658597034
UBFC_PHYS_s14_T1_ctrl,95,106,98.53333333333333,-1.3046120405197144,0.5573379524557714
UBFC_PHYS_s14_T1_ctrl,95,107,98.56666666666666,-1.0881167650222778,0.06058179440583807
UBFC_PHYS_s14_T1_ctrl,95,108,98.6,-0.6156687140464783,-0.44831722119938144
UBFC_PHYS_s14_T1_ctrl,95,109,98.63333333333334,-0.11666209995746613,-0.9031134081777871
UBFC_PHYS_s14_T1_ctrl,95,110,98.66666666666667,0.19097131490707397,-1.238137063405383
UBFC_PHYS_s14_T1_ctrl,95,111,98.7,0.19866004586219788,-1.397405475934395
UBFC_PHYS_s14_T1_ctrl,95,112,98.73333333333333,0.0345776192843914,-1.3467436368880332
UBFC_PHYS_s14_T1_ctrl,95,113,98.76666666666667,-0.04650602117180824,-1.0851133544086473
UBFC_PHYS_s14_T1_ctrl,95,114,98.8,-0.007583620026707649,-0.6497331930201639
UBFC_PHYS_s14_T1_ctrl,95,115,98.83333333333333,-0.012371469289064407,-0.11094516078193346
UBFC_PHYS_s14_T1_ctrl,95,116,98.86666666666666,-0.12682923674583435,0.4426661766835355
UBFC_PHYS_s14_T1_ctrl,95,117,98.9,-0.30178290605545044,0.9235203177363617
UBFC_PHYS_s14_T1_ctrl,95,118,98.93333333333334,-0.5320221185684204,1.2614507376594741
UBFC_PHYS_s14_T1_ctrl,95,119,98.96666666666667,-0.8566946983337402,1.4124678566145936
UBFC_PHYS_s14_T1_ctrl,95,120,99.0,-1.2365119457244873,1.3600609705156361
UBFC_PHYS_s14_T1_ctrl,95,121,99.03333333333333,-1.4936758279800415,1.1129045277587877
UBFC_PHYS_s14_T1_ctrl,95,122,99.06666666666666,-1.4259699583053589,0.7024739744099162
UBFC_PHYS_s14_T1_ctrl,95,123,99.1,-0.9671531915664673,0.1811586678400861
UBFC_PHYS_s14_T1_ctrl,95,124,99.13333333333334,-0.2727741599082947,-0.38093645778394913
UBFC_PHYS_s14_T1_ctrl,95,125,99.16666666666667,0.3765709102153778,-0.9026820707674028
UBFC_PHYS_s14_T1_ctrl,95,126,99.2,0.7819046378135681,-1.302824651792151
UBFC_PHYS_s14_T1_ctrl,95,127,99.23333333333333,0.9004743099212646,-1.5138036562684536
UBFC_PHYS_s14_T1_ctrl,95,128,99.26666666666667,0.7699350118637085,-1.4957847205128103
UBFC_PHYS_s14_T1_ctrl,95,129,99.3,0.5011394619941711,-1.2472588509110374
UBFC_PHYS_s14_T1_ctrl,95,130,99.33333333333333,0.2513827085494995,-0.8080531533089553
UBFC_PHYS_s14_T1_ctrl,95,131,99.36666666666666,0.08597659319639206,-0.2519262141383904
UBFC_PHYS_s14_T1_ctrl,95,132,99.4,-0.0464496947824955,0.3302014913811755
UBFC_PHYS_s14_T1_ctrl,95,133,99.43333333333334,-0.20016783475875854,0.8507823098793286
UBFC_PHYS_s14_T1_ctrl,95,134,99.46666666666667,-0.4078478515148163,1.2421314364600797
UBFC_PHYS_s14_T1_ctrl,95,135,99.5,-0.7109750509262085,1.4633382462404303
UBFC_PHYS_s14_T1_ctrl,95,136,99.53333333333333,-1.0680359601974487,1.4980599576460425
UBFC_PHYS_s14_T1_ctrl,95,137,99.56666666666666,-1.2572124004364014,1.3486892608475203
UBFC_PHYS_s14_T1_ctrl,95,138,99.6,-1.059248924255371,1.0324741715154602
UBFC_PHYS_s14_T1_ctrl,95,139,99.63333333333334,-0.5456534028053284,0.5813818350412915
UBFC_PHYS_s14_T1_ctrl,95,140,99.66666666666667,-0.018708329647779465,0.0434697543623596
UBFC_PHYS_s14_T1_ctrl,95,141,99.7,0.33105817437171936,-0.5179740117533315
UBFC_PHYS_s14_T1_ctrl,95,142,99.73333333333333,0.4930564761161804,-1.0297054896977251
UBFC_PHYS_s14_T1_ctrl,95,143,99.76666666666667,0.48773351311683655,-1.4179519172597994
UBFC_PHYS_s14_T1_ctrl,95,144,99.8,0.3892727792263031,-1.6205029333261882
UBFC_PHYS_s14_T1_ctrl,95,145,99.83333333333333,0.2974305748939514,-1.5994086156469514
UBFC_PHYS_s14_T1_ctrl,95,146,99.86666666666666,0.21967025101184845,-1.3512166760049638
UBFC_PHYS_s14_T1_ctrl,95,147,99.9,0.15134482085704803,-0.9109385831125728
UBFC_PHYS_s14_T1_ctrl,95,148,99.93333333333334,0.12151933461427689,-0.34684881037032567
UBFC_PHYS_s14_T1_ctrl,95,149,99.96666666666667,0.05415147542953491,0.25367233490056457
UBFC_PHYS_s14_T1_ctrl,95,150,100.0,-0.19557712972164154,0.8028727189703687
UBFC_PHYS_s14_T1_ctrl,95,151,100.03333333333333,-0.6260329484939575,1.2292869177440795
UBFC_PHYS_s14_T1_ctrl,95,152,100.06666666666666,-1.0203546285629272,1.4872974819145535
UBFC_PHYS_s14_T1_ctrl,95,153,100.1,-1.1020015478134155,1.5586692843462382
UBFC_PHYS_s14_T1_ctrl,95,154,100.13333333333334,-0.7491370439529419,1.44871336425978
UBFC_PHYS_s14_T1_ctrl,95,155,100.16666666666667,-0.13713720440864563,1.180774002172996
UBFC_PHYS_s14_T1_ctrl,95,156,100.2,0.4845791459083557,0.7911487619374973
UBFC_PHYS_s14_T1_ctrl,95,157,100.23333333333333,0.9984844326972961,0.3245165627865656
UBFC_PHYS_s14_T1_ctrl,95,158,100.26666666666667,1.2756727933883667,-0.1705287188430968
UBFC_PHYS_s14_T1_ctrl,95,159,100.3,1.18813955783844,-0.6455804857235872
UBFC_PHYS_s14_T1_ctrl,95,160,100.33333333333333,0.8787318468093872,-1.055505779970799
UBFC_PHYS_s14_T1_ctrl,95,161,100.36666666666666,0.6272007822990417,-1.360289741030549
UBFC_PHYS_s14_T1_ctrl,95,162,100.4,0.5226002931594849,-1.5263642004044673
UBFC_PHYS_s14_T1_ctrl,95,163,100.43333333333334,0.44875478744506836,-1.5288599793945936
UBFC_PHYS_s14_T1_ctrl,95,164,100.46666666666667,0.31630033254623413,-1.355957228906136
UBFC_PHYS_s14_T1_ctrl,95,165,100.5,0.1461908519268036,-1.0150587708304608
UBFC_PHYS_s14_T1_ctrl,95,166,100.53333333333333,-0.04599907249212265,-0.5384292463230872
UBFC_PHYS_s14_T1_ctrl,95,167,100.56666666666666,-0.3248209059238434,0.015517204087339273
UBFC_PHYS_s14_T1_ctrl,95,168,100.6,-0.7326048612594604,0.5686515688238356
UBFC_PHYS_s14_T1_ctrl,95,169,100.63333333333334,-1.1412619352340698,1.037755563829169
UBFC_PHYS_s14_T1_ctrl,95,170,100.66666666666667,-1.2569307088851929,1.353460586321719
UBFC_PHYS_s14_T1_ctrl,95,171,100.7,-0.8761558532714844,1.4766694214561076
UBFC_PHYS_s14_T1_ctrl,95,172,100.73333333333333,-0.1174788549542427,1.4063066710606025
UBFC_PHYS_s14_T1_ctrl,95,173,100.76666666666667,0.6857814788818359,1.1759125208998953
UBFC_PHYS_s14_T1_ctrl,95,174,100.8,1.2548878192901611,0.8410167476570474
UBFC_PHYS_s14_T1_ctrl,95,175,100.83333333333333,1.4938297271728516,0.4623491527985698
UBFC_PHYS_s14_T1_ctrl,95,176,100.86666666666666,1.4513022899627686,0.09069604625237954
UBFC_PHYS_s14_T1_ctrl,95,177,100.9,1.2759262323379517,-0.24204069314511048
UBFC_PHYS_s14_T1_ctrl,95,178,100.93333333333334,1.1268832683563232,-0.5234022033840475
UBFC_PHYS_s14_T1_ctrl,95,179,100.96666666666667,1.04498291015625,-0.7534036001988863
UBFC_PHYS_s14_T1_ctrl,95,180,101.0,0.9336512684822083,-0.9339044590069455
UBFC_PHYS_s14_T1_ctrl,95,181,101.03333333333333,0.70411616563797,-1.0596852782026824
UBFC_PHYS_s14_T1_ctrl,95,182,101.06666666666666,0.3976656198501587,-1.1155511575252646
UBFC_PHYS_s14_T1_ctrl,95,183,101.1,0.06921911984682083,-1.0808225460549534
UBFC_PHYS_s14_T1_ctrl,95,184,101.13333333333334,-0.26621198654174805,-0.9392128892385779
UBFC_PHYS_s14_T1_ctrl,95,185,101.16666666666667,-0.5712825059890747,-0.6897162808850228
UBFC_PHYS_s14_T1_ctrl,95,186,101.2,-0.848358154296875,-0.35354389715874446
UBFC_PHYS_s14_T1_ctrl,95,187,101.23333333333333,-1.1958152055740356,0.026651862467438305
UBFC_PHYS_s14_T1_ctrl,95,188,101.26666666666667,-1.6137945652008057,0.3963405698638632
UBFC_PHYS_s14_T1_ctrl,95,189,101.3,-1.848483681678772,0.704483266620237
UBFC_PHYS_s14_T1_ctrl,95,190,101.33333333333333,-1.6485487222671509,0.9177442837974635
UBFC_PHYS_s14_T1_ctrl,95,191,101.36666666666666,-1.0046392679214478,1.0263937697108652
UBFC_PHYS_s14_T1_ctrl,95,192,101.4,-0.13981276750564575,1.039930077028662
UBFC_PHYS_s14_T1_ctrl,95,193,101.43333333333334,0.6003043055534363,0.9767111122025168
UBFC_PHYS_s14_T1_ctrl,95,194,101.46666666666667,0.939115047454834,0.8541750658834973
UBFC_PHYS_s14_T1_ctrl,95,195,101.5,0.8960525989532471,0.6841318489363826
UBFC_PHYS_s14_T1_ctrl,95,196,101.53333333333333,0.7232393622398376,0.47366933544311834
UBFC_PHYS_s14_T1_ctrl,95,197,101.56666666666666,0.6141045689582825,0.22922330290081608
UBFC_PHYS_s14_T1_ctrl,95,198,101.6,0.6034586429595947,-0.03919455485094893
UBFC_PHYS_s14_T1_ctrl,95,199,101.63333333333334,0.6668835878372192,-0.3154364399170569
UBFC_PHYS_s14_T1_ctrl,95,200,101.66666666666667,0.7396025657653809,-0.5767986482950713
UBFC_PHYS_s14_T1_ctrl,95,201,101.7,0.7527550458908081,-0.7954909740348415
UBFC_PHYS_s14_T1_ctrl,95,202,101.73333333333333,0.6666582822799683,-0.9416791404771411
UBFC_PHYS_s14_T1_ctrl,95,203,101.76666666666667,0.44385427236557007,-0.9879638800443243
UBFC_PHYS_s14_T1_ctrl,95,204,101.8,0.10555045306682587,-0.9150864352851897
UBFC_PHYS_s14_T1_ctrl,95,205,101.83333333333333,-0.24359644949436188,-0.7181158445831829
UBFC_PHYS_s14_T1_ctrl,95,206,101.86666666666666,-0.5504975914955139,-0.4115453946684013
UBFC_PHYS_s14_T1_ctrl,95,207,101.9,-0.8513998985290527,-0.03107426678242425
UBFC_PHYS_s14_T1_ctrl,95,208,101.93333333333334,-1.1568083763122559,0.3699858885391672
UBFC_PHYS_s14_T1_ctrl,95,209,101.96666666666667,-1.3491672277450562,0.7302048672695685
UBFC_PHYS_s14_T1_ctrl,95,210,102.0,-1.2090522050857544,0.993292260067137
UBFC_PHYS_s14_T1_ctrl,95,211,102.03333333333333,-0.6288211941719055,1.1206851286146235
UBFC_PHYS_s14_T1_ctrl,95,212,102.06666666666666,0.14221975207328796,1.0987159275264866
UBFC_PHYS_s14_T1_ctrl,95,213,102.1,0.7552053332328796,0.9378079193507547
UBFC_PHYS_s14_T1_ctrl,95,214,102.13333333333334,1.0500805377960205,0.6649171375711148
UBFC_PHYS_s14_T1_ctrl,95,215,102.16666666666667,1.0463066101074219,0.313521318493858
UBFC_PHYS_s14_T1_ctrl,95,216,102.2,0.8460336327552795,-0.08401928175415652
UBFC_PHYS_s14_T1_ctrl,95,217,102.23333333333333,0.613766610622406,-0.4988088633839682
UBFC_PHYS_s14_T1_ctrl,95,218,102.26666666666667,0.5071665644645691,-0.9025646435827815
UBFC_PHYS_s14_T1_ctrl,95,219,102.3,0.5699155330657959,-1.2624344054149472
UBFC_PHYS_s14_T1_ctrl,95,220,102.33333333333333,0.6925689578056335,-1.537817438056676
UBFC_PHYS_s14_T1_ctrl,95,221,102.36666666666666,0.7004266977310181,-1.6830892693624597
UBFC_PHYS_s14_T1_ctrl,95,222,102.4,0.5132217407226562,-1.657742784621297
UBFC_PHYS_s14_T1_ctrl,95,223,102.43333333333334,0.19440731406211853,-1.441602382248937
UBFC_PHYS_s14_T1_ctrl,95,224,102.46666666666667,-0.13584166765213013,-1.0488625285442261
UBFC_PHYS_s14_T1_ctrl,95,225,102.5,-0.3814583420753479,-0.533155564574343
UBFC_PHYS_s14_T1_ctrl,95,226,102.53333333333333,-0.5541589260101318,0.021524779256411657
UBFC_PHYS_s14_T1_ctrl,95,227,102.56666666666666,-0.7898901104927063,0.5227610674849947
UBFC_PHYS_s14_T1_ctrl,95,228,102.6,-1.1143373250961304,0.895954809209758
UBFC_PHYS_s14_T1_ctrl,95,229,102.63333333333334,-1.283263921737671,1.1034690755368948
UBFC_PHYS_s14_T1_ctrl,95,230,102.66666666666667,-1.027536392211914,1.1495262787515617
UBFC_PHYS_s14_T1_ctrl,95,231,102.7,-0.40579187870025635,1.0712921384782357
UBFC_PHYS_s14_T1_ctrl,95,232,102.73333333333333,0.26084575057029724,0.9220007007305774
UBFC_PHYS_s14_T1_ctrl,95,233,102.76666666666667,0.7278019189834595,0.7534193913835009
UBFC_PHYS_s14_T1_ctrl,95,234,102.8,0.925455629825592,0.6032969642771157
UBFC_PHYS_s14_T1_ctrl,95,235,102.83333333333333,0.8909831047058105,0.4903365027563808
UBFC_PHYS_s14_T1_ctrl,95,236,102.86666666666666,0.7816793322563171,0.41620909130393713
UBFC_PHYS_s14_T1_ctrl,95,237,102.9,0.7812287211418152,0.37189001067657396
UBFC_PHYS_s14_T1_ctrl,95,238,102.93333333333334,0.8999110460281372,0.3445517699693784
UBFC_PHYS_s14_T1_ctrl,95,239,102.96666666666667,1.0224800109863281,0.3220208494817032
UBFC_PHYS_s14_T1_ctrl,96,0,96.0,0.8166306018829346,-0.059498457132649986
UBFC_PHYS_s14_T1_ctrl,96,1,96.03333333333333,0.6687705516815186,0.3115495018677507
UBFC_PHYS_s14_T1_ctrl,96,2,96.06666666666666,0.6155127882957458,0.6596237580684561
UBFC_PHYS_s14_T1_ctrl,96,3,96.1,0.5935731530189514,0.9586549778055233
UBFC_PHYS_s14_T1_ctrl,96,4,96.13333333333334,0.5407941341400146,1.1788757434205017
UBFC_PHYS_s14_T1_ctrl,96,5,96.16666666666667,0.47035643458366394,1.2924300800098794
UBFC_PHYS_s14_T1_ctrl,96,6,96.2,0.36502373218536377,1.2814863069923506
UBFC_PHYS_s14_T1_ctrl,96,7,96.23333333333333,0.14272668957710266,1.1441778273235166
UBFC_PHYS_s14_T1_ctrl,96,8,96.26666666666667,-0.19273258745670319,0.895186714244164
UBFC_PHYS_s14_T1_ctrl,96,9,96.3,-0.4646824300289154,0.5611561406285341
UBFC_PHYS_s14_T1_ctrl,96,10,96.33333333333333,-0.4403207302093506,0.1739741997497215
UBFC_PHYS_s14_T1_ctrl,96,11,96.36666666666666,-0.026002759113907814,-0.23429026323409216
UBFC_PHYS_s14_T1_ctrl,96,12,96.4,0.6119077801704407,-0.6326294505827981
UBFC_PHYS_s14_T1_ctrl,96,13,96.43333333333334,1.1576663255691528,-0.9890744690922902
UBFC_PHYS_s14_T1_ctrl,96,14,96.46666666666667,1.3819348812103271,-1.2681396784608143
UBFC_PHYS_s14_T1_ctrl,96,15,96.5,1.2162752151489258,-1.4310829622547558
UBFC_PHYS_s14_T1_ctrl,96,16,96.53333333333333,0.7623870968818665,-1.4411915216505062
UBFC_PHYS_s14_T1_ctrl,96,17,96.56666666666666,0.3048658072948456,-1.273852269056142
UBFC_PHYS_s14_T1_ctrl,96,18,96.6,0.05696785822510719,-0.9283448896605582
UBFC_PHYS_s14_T1_ctrl,96,19,96.63333333333334,-0.0018663642695173621,-0.4362570395089258
UBFC_PHYS_s14_T1_ctrl,96,20,96.66666666666667,-0.015610309317708015,0.13861948752732497
UBFC_PHYS_s14_T1_ctrl,96,21,96.7,-0.048224013298749924,0.7110968415858083
UBFC_PHYS_s14_T1_ctrl,96,22,96.73333333333333,-0.07771153748035431,1.1931112862358522
UBFC_PHYS_s14_T1_ctrl,96,23,96.76666666666667,-0.15482407808303833,1.5130620420640666
UBFC_PHYS_s14_T1_ctrl,96,24,96.8,-0.4230281412601471,1.629304031989327
UBFC_PHYS_s14_T1_ctrl,96,25,96.83333333333333,-0.8434858322143555,1.5345258000735584
UBFC_PHYS_s14_T1_ctrl,96,26,96.86666666666666,-1.1156046390533447,1.2516620226727908
UBFC_PHYS_s14_T1_ctrl,96,27,96.9,-0.9816012382507324,0.824767531421467
UBFC_PHYS_s14_T1_ctrl,96,28,96.93333333333334,-0.4613872766494751,0.30921000132451143
UBFC_PHYS_s14_T1_ctrl,96,29,96.96666666666667,0.22873900830745697,-0.23554400918820043
UBFC_PHYS_s14_T1_ctrl,96,30,97.0,0.8263471126556396,-0.7497609634178035
UBFC_PHYS_s14_T1_ctrl,96,31,97.03333333333333,1.1223489046096802,-1.1755565755923911
UBFC_PHYS_s14_T1_ctrl,96,32,97.06666666666666,1.1367405652999878,-1.4600152794475678
UBFC_PHYS_s14_T1_ctrl,96,33,97.1,1.0519393682479858,-1.5612248735911738
UBFC_PHYS_s14_T1_ctrl,96,34,97.13333333333334,1.0220856666564941,-1.4569463063196832
UBFC_PHYS_s14_T1_ctrl,96,35,97.16666666666667,1.0388431549072266,-1.153191537713944
UBFC_PHYS_s14_T1_ctrl,96,36,97.2,1.0005685091018677,-0.6885755925075878
UBFC_PHYS_s14_T1_ctrl,96,37,97.23333333333333,0.8732117414474487,-0.13084775558044234
UBFC_PHYS_s14_T1_ctrl,96,38,97.26666666666667,0.7288157939910889,0.43532580164114165
UBFC_PHYS_s14_T1_ctrl,96,39,97.3,0.6461268663406372,0.9261694044296173
UBFC_PHYS_s14_T1_ctrl,96,40,97.33333333333333,0.6023039221763611,1.2755416368886638
UBFC_PHYS_s14_T1_ctrl,96,41,97.36666666666666,0.5116727352142334,1.444235893191038
UBFC_PHYS_s14_T1_ctrl,96,42,97.4,0.3973839581012726,1.4203327761006894
UBFC_PHYS_s14_T1_ctrl,96,43,97.43333333333334,0.4100576937198639,1.2143674498674197
UBFC_PHYS_s14_T1_ctrl,96,44,97.46666666666667,0.5855183005332947,0.8543277984567544
UBFC_PHYS_s14_T1_ctrl,96,45,97.5,0.7773420810699463,0.38302014783355526
UBFC_PHYS_s14_T1_ctrl,96,46,97.53333333333333,0.859326958656311,-0.14305037713054305
UBFC_PHYS_s14_T1_ctrl,96,47,97.56666666666666,0.8057312369346619,-0.6561725042899892
UBFC_PHYS_s14_T1_ctrl,96,48,97.6,0.621117353439331,-1.0838942961540343
UBFC_PHYS_s14_T1_ctrl,96,49,97.63333333333334,0.3675866425037384,-1.35997760328753
UBFC_PHYS_s14_T1_ctrl,96,50,97.66666666666667,0.1485847681760788,-1.4377926151131748
UBFC_PHYS_s14_T1_ctrl,96,51,97.7,0.03922465071082115,-1.3022295272529036
UBFC_PHYS_s14_T1_ctrl,96,52,97.73333333333333,0.03781646117568016,-0.9757727502094664
UBFC_PHYS_s14_T1_ctrl,96,53,97.76666666666667,0.040689170360565186,-0.5155857888402021
UBFC_PHYS_s14_T1_ctrl,96,54,97.8,-0.026932165026664734,-0.0011243053378675472
UBFC_PHYS_s14_T1_ctrl,96,55,97.83333333333333,-0.09559556096792221,0.48439519434636297
UBFC_PHYS_s14_T1_ctrl,96,56,97.86666666666666,-0.12384387850761414,0.8718772284522901
UBFC_PHYS_s14_T1_ctrl,96,57,97.9,-0.21205297112464905,1.1168091385814458
UBFC_PHYS_s14_T1_ctrl,96,58,97.93333333333334,-0.394723504781723,1.2002342223746676
UBFC_PHYS_s14_T1_ctrl,96,59,97.96666666666667,-0.5090968012809753,1.1238056757847896
UBFC_PHYS_s14_T1_ctrl,96,60,98.0,-0.3958218991756439,0.9045775522978168
UBFC_PHYS_s14_T1_ctrl,96,61,98.03333333333333,-0.09672211855649948,0.572965442945403
UBFC_PHYS_s14_T1_ctrl,96,62,98.06666666666666,0.19550569355487823,0.17301822149982576
UBFC_PHYS_s14_T1_ctrl,96,63,98.1,0.34026774764060974,-0.2388231696846027
UBFC_PHYS_s14_T1_ctrl,96,64,98.13333333333334,0.3315087854862213,-0.5997806166488349
UBFC_PHYS_s14_T1_ctrl,96,65,98.16666666666667,0.22927412390708923,-0.851833937030543
UBFC_PHYS_s14_T1_ctrl,96,66,98.2,0.06888115406036377,-0.9548402488048652
UBFC_PHYS_s14_T1_ctrl,96,67,98.23333333333333,-0.1010030135512352,-0.89693211777738
UBFC_PHYS_s14_T1_ctrl,96,68,98.26666666666667,-0.21424974501132965,-0.6979265299541015
UBFC_PHYS_s14_T1_ctrl,96,69,98.3,-0.2781252861022949,-0.4039336889759206
UBFC_PHYS_s14_T1_ctrl,96,70,98.33333333333333,-0.33653706312179565,-0.07479280074596285
UBFC_PHYS_s14_T1_ctrl,96,71,98.36666666666666,-0.40148282051086426,0.23105250216486342
UBFC_PHYS_s14_T1_ctrl,96,72,98.4,-0.4892694652080536,0.4685531890562002
UBFC_PHYS_s14_T1_ctrl,96,73,98.43333333333334,-0.6446210741996765,0.6110878593296772
UBFC_PHYS_s14_T1_ctrl,96,74,98.46666666666667,-0.8976448774337769,0.6488421449669375
UBFC_PHYS_s14_T1_ctrl,96,75,98.5,-1.187506914138794,0.5844415558006656
UBFC_PHYS_s14_T1_ctrl,96,76,98.53333333333333,-1.3046120405197144,0.4301641720088498
UBFC_PHYS_s14_T1_ctrl,96,77,98.56666666666666,-1.0881167650222778,0.20836201626215733
UBFC_PHYS_s14_T1_ctrl,96,78,98.6,-0.6156687140464783,-0.04697444128568086
UBFC_PHYS_s14_T1_ctrl,96,79,98.63333333333334,-0.11666209995746613,-0.29145061804290723
UBFC_PHYS_s14_T1_ctrl,96,80,98.66666666666667,0.19097131490707397,-0.47682372695166086
UBFC_PHYS_s14_T1_ctrl,96,81,98.7,0.19866004586219788,-0.5620659636720636
UBFC_PHYS_s14_T1_ctrl,96,82,98.73333333333333,0.0345776192843914,-0.5252679830161933
UBFC_PHYS_s14_T1_ctrl,96,83,98.76666666666667,-0.04650602117180824,-0.37160623315772146
UBFC_PHYS_s14_T1_ctrl,96,84,98.8,-0.007583620026707649,-0.1335649223687779
UBFC_PHYS_s14_T1_ctrl,96,85,98.83333333333333,-0.012371469289064407,0.13743519184695316
UBFC_PHYS_s14_T1_ctrl,96,86,98.86666666666666,-0.12682923674583435,0.38495015671245447
UBFC_PHYS_s14_T1_ctrl,96,87,98.9,-0.30178290605545044,0.5613777453837099
UBFC_PHYS_s14_T1_ctrl,96,88,98.93333333333334,-0.5320221185684204,0.6367386626475569
UBFC_PHYS_s14_T1_ctrl,96,89,98.96666666666667,-0.8566946983337402,0.6005041202888328
UBFC_PHYS_s14_T1_ctrl,96,90,99.0,-1.2365119457244873,0.45836998185836286
UBFC_PHYS_s14_T1_ctrl,96,91,99.03333333333333,-1.4936758279800415,0.22793802381977876
UBFC_PHYS_s14_T1_ctrl,96,92,99.06666666666666,-1.4259699583053589,-0.06358116911541961
UBFC_PHYS_s14_T1_ctrl,96,93,99.1,-0.9671531915664673,-0.37934299224758267
UBFC_PHYS_s14_T1_ctrl,96,94,99.13333333333334,-0.2727741599082947,-0.6729534315389551
UBFC_PHYS_s14_T1_ctrl,96,95,99.16666666666667,0.3765709102153778,-0.8919851453026765
UBFC_PHYS_s14_T1_ctrl,96,96,99.2,0.7819046378135681,-0.986695178769999
UBFC_PHYS_s14_T1_ctrl,96,97,99.23333333333333,0.9004743099212646,-0.9227489154131773
UBFC_PHYS_s14_T1_ctrl,96,98,99.26666666666667,0.7699350118637085,-0.6939886572890084
UBFC_PHYS_s14_T1_ctrl,96,99,99.3,0.5011394619941711,-0.3297203633953524
UBFC_PHYS_s14_T1_ctrl,96,100,99.33333333333333,0.2513827085494995,0.10847678490861931
UBFC_PHYS_s14_T1_ctrl,96,101,99.36666666666666,0.08597659319639206,0.5415820825336402
UBFC_PHYS_s14_T1_ctrl,96,102,99.4,-0.0464496947824955,0.8945016693453934
UBFC_PHYS_s14_T1_ctrl,96,103,99.43333333333334,-0.20016783475875854,1.1147355279797608
UBFC_PHYS_s14_T1_ctrl,96,104,99.46666666666667,-0.4078478515148163,1.1807998384683205
UBFC_PHYS_s14_T1_ctrl,96,105,99.5,-0.7109750509262085,1.0988284967158042
UBFC_PHYS_s14_T1_ctrl,96,106,99.53333333333333,-1.0680359601974487,0.8917805031251425
UBFC_PHYS_s14_T1_ctrl,96,107,99.56666666666666,-1.2572124004364014,0.5883134901401887
UBFC_PHYS_s14_T1_ctrl,96,108,99.6,-1.059248924255371,0.216655183631369
UBFC_PHYS_s14_T1_ctrl,96,109,99.63333333333334,-0.5456534028053284,-0.19519815593544465
UBFC_PHYS_s14_T1_ctrl,96,110,99.66666666666667,-0.018708329647779465,-0.615077235338655
UBFC_PHYS_s14_T1_ctrl,96,111,99.7,0.33105817437171936,-1.0019549023020304
UBFC_PHYS_s14_T1_ctrl,96,112,99.73333333333333,0.4930564761161804,-1.3050759723395908
UBFC_PHYS_s14_T1_ctrl,96,113,99.76666666666667,0.48773351311683655,-1.4696030121409864
UBFC_PHYS_s14_T1_ctrl,96,114,99.8,0.3892727792263031,-1.4488186524754947
UBFC_PHYS_s14_T1_ctrl,96,115,99.83333333333333,0.2974305748939514,-1.2197361490276597
UBFC_PHYS_s14_T1_ctrl,96,116,99.86666666666666,0.21967025101184845,-0.7963709767434599
UBFC_PHYS_s14_T1_ctrl,96,117,99.9,0.15134482085704803,-0.234201705145028
UBFC_PHYS_s14_T1_ctrl,96,118,99.93333333333334,0.12151933461427689,0.37847263033850675
UBFC_PHYS_s14_T1_ctrl,96,119,99.96666666666667,0.05415147542953491,0.941222831565657
UBFC_PHYS_s14_T1_ctrl,96,120,100.0,-0.19557712972164154,1.366665764762628
UBFC_PHYS_s14_T1_ctrl,96,121,100.03333333333333,-0.6260329484939575,1.5998451761777936
UBFC_PHYS_s14_T1_ctrl,96,122,100.06666666666666,-1.0203546285629272,1.625402163162221
UBFC_PHYS_s14_T1_ctrl,96,123,100.1,-1.1020015478134155,1.4628617271969033
UBFC_PHYS_s14_T1_ctrl,96,124,100.13333333333334,-0.7491370439529419,1.1547433367695616
UBFC_PHYS_s14_T1_ctrl,96,125,100.16666666666667,-0.13713720440864563,0.7529323440511556
UBFC_PHYS_s14_T1_ctrl,96,126,100.2,0.4845791459083557,0.30724950982465093
UBFC_PHYS_s14_T1_ctrl,96,127,100.23333333333333,0.9984844326972961,-0.14169998625365507
UBFC_PHYS_s14_T1_ctrl,96,128,100.26666666666667,1.2756727933883667,-0.5645046929897503
UBFC_PHYS_s14_T1_ctrl,96,129,100.3,1.18813955783844,-0.9399929447160815
UBFC_PHYS_s14_T1_ctrl,96,130,100.33333333333333,0.8787318468093872,-1.2493141365182763
UBFC_PHYS_s14_T1_ctrl,96,131,100.36666666666666,0.6272007822990417,-1.470396956213814
UBFC_PHYS_s14_T1_ctrl,96,132,100.4,0.5226002931594849,-1.5760114941108985
UBFC_PHYS_s14_T1_ctrl,96,133,100.43333333333334,0.44875478744506836,-1.5372730971931785
UBFC_PHYS_s14_T1_ctrl,96,134,100.46666666666667,0.31630033254623413,-1.3324965963310011
UBFC_PHYS_s14_T1_ctrl,96,135,100.5,0.1461908519268036,-0.9591302776290624
UBFC_PHYS_s14_T1_ctrl,96,136,100.53333333333333,-0.04599907249212265,-0.4443972378118538
UBFC_PHYS_s14_T1_ctrl,96,137,100.56666666666666,-0.3248209059238434,0.1509017333860423
UBFC_PHYS_s14_T1_ctrl,96,138,100.6,-0.7326048612594604,0.7399840479954783
UBFC_PHYS_s14_T1_ctrl,96,139,100.63333333333334,-1.1412619352340698,1.2293458765246
UBFC_PHYS_s14_T1_ctrl,96,140,100.66666666666667,-1.2569307088851929,1.5434549170707783
UBFC_PHYS_s14_T1_ctrl,96,141,100.7,-0.8761558532714844,1.6446391998857695
UBFC_PHYS_s14_T1_ctrl,96,142,100.73333333333333,-0.1174788549542427,1.5400435091789701
UBFC_PHYS_s14_T1_ctrl,96,143,100.76666666666667,0.6857814788818359,1.2738889816134698
UBFC_PHYS_s14_T1_ctrl,96,144,100.8,1.2548878192901611,0.9095835982321906
UBFC_PHYS_s14_T1_ctrl,96,145,100.83333333333333,1.4938297271728516,0.5095723500695168
UBFC_PHYS_s14_T1_ctrl,96,146,100.86666666666666,1.4513022899627686,0.12032268935097655
UBFC_PHYS_s14_T1_ctrl,96,147,100.9,1.2759262323379517,-0.23338907923137744
UBFC_PHYS_s14_T1_ctrl,96,148,100.93333333333334,1.1268832683563232,-0.5447564233684768
UBFC_PHYS_s14_T1_ctrl,96,149,100.96666666666667,1.04498291015625,-0.8149613273416549
UBFC_PHYS_s14_T1_ctrl,96,150,101.0,0.9336512684822083,-1.0418432351898559
UBFC_PHYS_s14_T1_ctrl,96,151,101.03333333333333,0.70411616563797,-1.212086709436335
UBFC_PHYS_s14_T1_ctrl,96,152,101.06666666666666,0.3976656198501587,-1.300247930888206
UBFC_PHYS_s14_T1_ctrl,96,153,101.1,0.06921911984682083,-1.2754045401400969
UBFC_PHYS_s14_T1_ctrl,96,154,101.13333333333334,-0.26621198654174805,-1.1133743497612303
UBFC_PHYS_s14_T1_ctrl,96,155,101.16666666666667,-0.5712825059890747,-0.81009867722673
UBFC_PHYS_s14_T1_ctrl,96,156,101.2,-0.848358154296875,-0.3906965814145616
UBFC_PHYS_s14_T1_ctrl,96,157,101.23333333333333,-1.1958152055740356,0.09056237331577198
UBFC_PHYS_s14_T1_ctrl,96,158,101.26666666666667,-1.6137945652008057,0.5612716885724364
UBFC_PHYS_s14_T1_ctrl,96,159,101.3,-1.848483681678772,0.9500114949210597
UBFC_PHYS_s14_T1_ctrl,96,160,101.33333333333333,-1.6485487222671509,1.205821609390605
UBFC_PHYS_s14_T1_ctrl,96,161,101.36666666666666,-1.0046392679214478,1.3093037983402758
UBFC_PHYS_s14_T1_ctrl,96,162,101.4,-0.13981276750564575,1.2714553095320826
UBFC_PHYS_s14_T1_ctrl,96,163,101.43333333333334,0.6003043055534363,1.122970494540777
UBFC_PHYS_s14_T1_ctrl,96,164,101.46666666666667,0.939115047454834,0.9002508289007267
UBFC_PHYS_s14_T1_ctrl,96,165,101.5,0.8960525989532471,0.6339819430003549
UBFC_PHYS_s14_T1_ctrl,96,166,101.53333333333333,0.7232393622398376,0.3436358431226655
UBFC_PHYS_s14_T1_ctrl,96,167,101.56666666666666,0.6141045689582825,0.03834761769640857
UBFC_PHYS_s14_T1_ctrl,96,168,101.6,0.6034586429595947,-0.27755137386355977
UBFC_PHYS_s14_T1_ctrl,96,169,101.63333333333334,0.6668835878372192,-0.5970459270112701
UBFC_PHYS_s14_T1_ctrl,96,170,101.66666666666667,0.7396025657653809,-0.9037244970870233
UBFC_PHYS_s14_T1_ctrl,96,171,101.7,0.7527550458908081,-1.1682711034358013
UBFC_PHYS_s14_T1_ctrl,96,172,101.73333333333333,0.6666582822799683,-1.3502236537228072
UBFC_PHYS_s14_T1_ctrl,96,173,101.76666666666667,0.44385427236557007,-1.4059880787489094
UBFC_PHYS_s14_T1_ctrl,96,174,101.8,0.10555045306682587,-1.3018302658027718
UBFC_PHYS_s14_T1_ctrl,96,175,101.83333333333333,-0.24359644949436188,-1.027815013662463
UBFC_PHYS_s14_T1_ctrl,96,176,101.86666666666666,-0.5504975914955139,-0.6069323085256592
UBFC_PHYS_s14_T1_ctrl,96,177,101.9,-0.8513998985290527,-0.09447458777081898
UBFC_PHYS_s14_T1_ctrl,96,178,101.93333333333334,-1.1568083763122559,0.4335574273355106
UBFC_PHYS_s14_T1_ctrl,96,179,101.96666666666667,-1.3491672277450562,0.89935932375908
UBFC_PHYS_s14_T1_ctrl,96,180,102.0,-1.2090522050857544,1.2423965168953963
UBFC_PHYS_s14_T1_ctrl,96,181,102.03333333333333,-0.6288211941719055,1.431317587470163
UBFC_PHYS_s14_T1_ctrl,96,182,102.06666666666666,0.14221975207328796,1.4647751854580784
UBFC_PHYS_s14_T1_ctrl,96,183,102.1,0.7552053332328796,1.3624538806813093
UBFC_PHYS_s14_T1_ctrl,96,184,102.13333333333334,1.0500805377960205,1.1519474094495075
UBFC_PHYS_s14_T1_ctrl,96,185,102.16666666666667,1.0463066101074219,0.858260021509188
UBFC_PHYS_s14_T1_ctrl,96,186,102.2,0.8460336327552795,0.5001232367762448
UBFC_PHYS_s14_T1_ctrl,96,187,102.23333333333333,0.613766610622406,0.0931419886641509
UBFC_PHYS_s14_T1_ctrl,96,188,102.26666666666667,0.5071665644645691,-0.34333245939834744
UBFC_PHYS_s14_T1_ctrl,96,189,102.3,0.5699155330657959,-0.7797655343175507
UBFC_PHYS_s14_T1_ctrl,96,190,102.33333333333333,0.6925689578056335,-1.1739312434659985
UBFC_PHYS_s14_T1_ctrl,96,191,102.36666666666666,0.7004266977310181,-1.4742628594995781
UBFC_PHYS_s14_T1_ctrl,96,192,102.4,0.5132217407226562,-1.6291979272316546
UBFC_PHYS_s14_T1_ctrl,96,193,102.43333333333334,0.19440731406211853,-1.600629461295338
UBFC_PHYS_s14_T1_ctrl,96,194,102.46666666666667,-0.13584166765213013,-1.3774140621304758
UBFC_PHYS_s14_T1_ctrl,96,195,102.5,-0.3814583420753479,-0.9834950212404707
UBFC_PHYS_s14_T1_ctrl,96,196,102.53333333333333,-0.5541589260101318,-0.4758684242942713
UBFC_PHYS_s14_T1_ctrl,96,197,102.56666666666666,-0.7898901104927063,0.06869632885391752
UBFC_PHYS_s14_T1_ctrl,96,198,102.6,-1.1143373250961304,0.5735657657149699
UBFC_PHYS_s14_T1_ctrl,96,199,102.63333333333334,-1.283263921737671,0.9802783656350236
UBFC_PHYS_s14_T1_ctrl,96,200,102.66666666666667,-1.027536392211914,1.2573380802009055
UBFC_PHYS_s14_T1_ctrl,96,201,102.7,-0.40579187870025635,1.3977653097886322
UBFC_PHYS_s14_T1_ctrl,96,202,102.73333333333333,0.26084575057029724,1.4095197723687127
UBFC_PHYS_s14_T1_ctrl,96,203,102.76666666666667,0.7278019189834595,1.305819313168906
UBFC_PHYS_s14_T1_ctrl,96,204,102.8,0.925455629825592,1.1003811792412033
UBFC_PHYS_s14_T1_ctrl,96,205,102.83333333333333,0.8909831047058105,0.8081166254450471
UBFC_PHYS_s14_T1_ctrl,96,206,102.86666666666666,0.7816793322563171,0.44844368542780977
UBFC_PHYS_s14_T1_ctrl,96,207,102.9,0.7812287211418152,0.04773507571880838
UBFC_PHYS_s14_T1_ctrl,96,208,102.93333333333334,0.8999110460281372,-0.3609651638124581
UBFC_PHYS_s14_T1_ctrl,96,209,102.96666666666667,1.0224800109863281,-0.74064983689256
UBFC_PHYS_s14_T1_ctrl,96,210,103.0,1.0747520923614502,-1.0540809750730684
UBFC_PHYS_s14_T1_ctrl,96,211,103.03333333333333,1.0221701860427856,-1.267468060093381
UBFC_PHYS_s14_T1_ctrl,96,212,103.06666666666666,0.8553558588027954,-1.3540535037615349
UBFC_PHYS_s14_T1_ctrl,96,213,103.1,0.6171462535858154,-1.2982461162719108
UBFC_PHYS_s14_T1_ctrl,96,214,103.13333333333334,0.3528288006782532,-1.1004555033408114
UBFC_PHYS_s14_T1_ctrl,96,215,103.16666666666667,0.02846607193350792,-0.7811328936834886
UBFC_PHYS_s14_T1_ctrl,96,216,103.2,-0.4132271409034729,-0.380875490561809
UBFC_PHYS_s14_T1_ctrl,96,217,103.23333333333333,-0.9127970337867737,0.04604205107026802
UBFC_PHYS_s14_T1_ctrl,96,218,103.26666666666667,-1.246059536933899,0.44389136066943563
UBFC_PHYS_s14_T1_ctrl,96,219,103.3,-1.1817615032196045,0.7686945550688153
UBFC_PHYS_s14_T1_ctrl,96,220,103.33333333333333,-0.6998503804206848,0.9963995177149387
UBFC_PHYS_s14_T1_ctrl,96,221,103.36666666666666,0.001823096303269267,1.1226872225736115
UBFC_PHYS_s14_T1_ctrl,96,222,103.4,0.6631096005439758,1.1561171316786656
UBFC_PHYS_s14_T1_ctrl,96,223,103.43333333333334,1.1176173686981201,1.1098299935519602
UBFC_PHYS_s14_T1_ctrl,96,224,103.46666666666667,1.3073570728302002,0.9962907251809358
UBFC_PHYS_s14_T1_ctrl,96,225,103.5,1.2424676418304443,0.8261368834297036
UBFC_PHYS_s14_T1_ctrl,96,226,103.53333333333333,1.012819766998291,0.6093534291456436
UBFC_PHYS_s14_T1_ctrl,96,227,103.56666666666666,0.7803837656974792,0.35645904655591476
UBFC_PHYS_s14_T1_ctrl,96,228,103.6,0.6452819108963013,0.0788774488441464
UBFC_PHYS_s14_T1_ctrl,96,229,103.63333333333334,0.5937421321868896,-0.21080916242944797
UBFC_PHYS_s14_T1_ctrl,96,230,103.66666666666667,0.5606215000152588,-0.4980778594421766
UBFC_PHYS_s14_T1_ctrl,96,231,103.7,0.46996214985847473,-0.7654910055925495
UBFC_PHYS_s14_T1_ctrl,96,232,103.73333333333333,0.2607894241809845,-0.9924282593266568
UBFC_PHYS_s14_T1_ctrl,96,233,103.76666666666667,-0.028790976852178574,-1.1563051210677304
UBFC_PHYS_s14_T1_ctrl,96,234,103.8,-0.3079507648944855,-1.2355858277930274
UBFC_PHYS_s14_T1_ctrl,96,235,103.83333333333333,-0.6223998665809631,-1.2142134417964239
UBFC_PHYS_s14_T1_ctrl,96,236,103.86666666666666,-1.0833289623260498,-1.0863174814429601
UBFC_PHYS_s14_T1_ctrl,96,237,103.9,-1.6577019691467285,-0.8595428900776153
UBFC_PHYS_s14_T1_ctrl,96,238,103.93333333333334,-2.138430118560791,-0.5554851232141581
UBFC_PHYS_s14_T1_ctrl,96,239,103.96666666666667,-2.2638437747955322,-0.20683533176129804
UBFC_PHYS_s14_T1_ctrl,97,0,97.0,0.8263471126556396,0.0949816871440298
UBFC_PHYS_s14_T1_ctrl,97,1,97.03333333333333,1.1223489046096802,-0.3060390738660157
UBFC_PHYS_s14_T1_ctrl,97,2,97.06666666666666,1.1367405652999878,-0.6197464227679087
UBFC_PHYS_s14_T1_ctrl,97,3,97.1,1.0519393682479858,-0.7743468859833286
UBFC_PHYS_s14_T1_ctrl,97,4,97.13333333333334,1.0220856666564941,-0.7313844162951508
UBFC_PHYS_s14_T1_ctrl,97,5,97.16666666666667,1.0388431549072266,-0.49423940327996124
UBFC_PHYS_s14_T1_ctrl,97,6,97.2,1.0005685091018677,-0.10719929202945175
UBFC_PHYS_s14_T1_ctrl,97,7,97.23333333333333,0.8732117414474487,0.3553642482885099
UBFC_PHYS_s14_T1_ctrl,97,8,97.26666666666667,0.7288157939910889,0.8070122561871034
UBFC_PHYS_s14_T1_ctrl,97,9,97.3,0.6461268663406372,1.1690881152682604
UBFC_PHYS_s14_T1_ctrl,97,10,97.33333333333333,0.6023039221763611,1.3861382676367855
UBFC_PHYS_s14_T1_ctrl,97,11,97.36666666666666,0.5116727352142334,1.4325923219285688
UBFC_PHYS_s14_T1_ctrl,97,12,97.4,0.3973839581012726,1.3107239001146016
UBFC_PHYS_s14_T1_ctrl,97,13,97.43333333333334,0.4100576937198639,1.043720959891866
UBFC_PHYS_s14_T1_ctrl,97,14,97.46666666666667,0.5855183005332947,0.6683948682572831
UBFC_PHYS_s14_T1_ctrl,97,15,97.5,0.7773420810699463,0.23004420966010472
UBFC_PHYS_s14_T1_ctrl,97,16,97.53333333333333,0.859326958656311,-0.22072438761997448
UBFC_PHYS_s14_T1_ctrl,97,17,97.56666666666666,0.8057312369346619,-0.631109335714167
UBFC_PHYS_s14_T1_ctrl,97,18,97.6,0.621117353439331,-0.9509675072157293
UBFC_PHYS_s14_T1_ctrl,97,19,97.63333333333334,0.3675866425037384,-1.1398229193416105
UBFC_PHYS_s14_T1_ctrl,97,20,97.66666666666667,0.1485847681760788,-1.1747590994598691
UBFC_PHYS_s14_T1_ctrl,97,21,97.7,0.03922465071082115,-1.05666180363642
UBFC_PHYS_s14_T1_ctrl,97,22,97.73333333333333,0.03781646117568016,-0.8119468219858864
UBFC_PHYS_s14_T1_ctrl,97,23,97.76666666666667,0.040689170360565186,-0.4879352927343631
UBFC_PHYS_s14_T1_ctrl,97,24,97.8,-0.026932165026664734,-0.14236078517763315
UBFC_PHYS_s14_T1_ctrl,97,25,97.83333333333333,-0.09559556096792221,0.16976366965405054
UBFC_PHYS_s14_T1_ctrl,97,26,97.86666666666666,-0.12384387850761414,0.4070126166438088
UBFC_PHYS_s14_T1_ctrl,97,27,97.9,-0.21205297112464905,0.5462586405491371
UBFC_PHYS_s14_T1_ctrl,97,28,97.93333333333334,-0.394723504781723,0.5810404546354524
UBFC_PHYS_s14_T1_ctrl,97,29,97.96666666666667,-0.5090968012809753,0.5169555109970924
UBFC_PHYS_s14_T1_ctrl,97,30,98.0,-0.3958218991756439,0.3680639107148382
UBFC_PHYS_s14_T1_ctrl,97,31,98.03333333333333,-0.09672211855649948,0.15613723952355446
UBFC_PHYS_s14_T1_ctrl,97,32,98.06666666666666,0.19550569355487823,-0.08838212935226268
UBFC_PHYS_s14_T1_ctrl,97,33,98.1,0.34026774764060974,-0.32666448700533385
UBFC_PHYS_s14_T1_ctrl,97,34,98.13333333333334,0.3315087854862213,-0.5155876473030808
UBFC_PHYS_s14_T1_ctrl,97,35,98.16666666666667,0.22927412390708923,-0.6160365911928419
UBFC_PHYS_s14_T1_ctrl,97,36,98.2,0.06888115406036377,-0.6031658628893534
UBFC_PHYS_s14_T1_ctrl,97,37,98.23333333333333,-0.1010030135512352,-0.47469459214228915
UBFC_PHYS_s14_T1_ctrl,97,38,98.26666666666667,-0.21424974501132965,-0.25348405945088076
UBFC_PHYS_s14_T1_ctrl,97,39,98.3,-0.2781252861022949,0.017285384611477685
UBFC_PHYS_s14_T1_ctrl,97,40,98.33333333333333,-0.33653706312179565,0.2849466506049294
UBFC_PHYS_s14_T1_ctrl,97,41,98.36666666666666,-0.40148282051086426,0.5002230531783766
UBFC_PHYS_s14_T1_ctrl,97,42,98.4,-0.4892694652080536,0.6274933987002195
UBFC_PHYS_s14_T1_ctrl,97,43,98.43333333333334,-0.6446210741996765,0.6494748652062813
UBFC_PHYS_s14_T1_ctrl,97,44,98.46666666666667,-0.8976448774337769,0.5665537627801303
UBFC_PHYS_s14_T1_ctrl,97,45,98.5,-1.187506914138794,0.39344912531539866
UBFC_PHYS_s14_T1_ctrl,97,46,98.53333333333333,-1.3046120405197144,0.1559152501047469
UBFC_PHYS_s14_T1_ctrl,97,47,98.56666666666666,-1.0881167650222778,-0.11160372918966144
UBFC_PHYS_s14_T1_ctrl,97,48,98.6,-0.6156687140464783,-0.3683289301863658
UBFC_PHYS_s14_T1_ctrl,97,49,98.63333333333334,-0.11666209995746613,-0.5711702712267355
UBFC_PHYS_s14_T1_ctrl,97,50,98.66666666666667,0.19097131490707397,-0.6812583275835038
UBFC_PHYS_s14_T1_ctrl,97,51,98.7,0.19866004586219788,-0.6721559425382206
UBFC_PHYS_s14_T1_ctrl,97,52,98.73333333333333,0.0345776192843914,-0.5374457019695741
UBFC_PHYS_s14_T1_ctrl,97,53,98.76666666666667,-0.04650602117180824,-0.2947861402100249
UBFC_PHYS_s14_T1_ctrl,97,54,98.8,-0.007583620026707649,0.0158647059848034
UBFC_PHYS_s14_T1_ctrl,97,55,98.83333333333333,-0.012371469289064407,0.3402498824728445
UBFC_PHYS_s14_T1_ctrl,97,56,98.86666666666666,-0.12682923674583435,0.6218084830527217
UBFC_PHYS_s14_T1_ctrl,97,57,98.9,-0.30178290605545044,0.8136099517127625
UBFC_PHYS_s14_T1_ctrl,97,58,98.93333333333334,-0.5320221185684204,0.8863905450186956
UBFC_PHYS_s14_T1_ctrl,97,59,98.96666666666667,-0.8566946983337402,0.8309721426641332
UBFC_PHYS_s14_T1_ctrl,97,60,99.0,-1.2365119457244873,0.6560956950906094
UBFC_PHYS_s14_T1_ctrl,97,61,99.03333333333333,-1.4936758279800415,0.3843509254523343
UBFC_PHYS_s14_T1_ctrl,97,62,99.06666666666666,-1.4259699583053589,0.048491170889566074
UBFC_PHYS_s14_T1_ctrl,97,63,99.1,-0.9671531915664673,-0.31118919476229956
UBFC_PHYS_s14_T1_ctrl,97,64,99.13333333333334,-0.2727741599082947,-0.6491611543184929
UBFC_PHYS_s14_T1_ctrl,97,65,99.16666666666667,0.3765709102153778,-0.9179972719167137
UBFC_PHYS_s14_T1_ctrl,97,66,99.2,0.7819046378135681,-1.073815594314042
UBFC_PHYS_s14_T1_ctrl,97,67,99.23333333333333,0.9004743099212646,-1.0839182360002029
UBFC_PHYS_s14_T1_ctrl,97,68,99.26666666666667,0.7699350118637085,-0.9352990892276921
UBFC_PHYS_s14_T1_ctrl,97,69,99.3,0.5011394619941711,-0.6412791007914017
UBFC_PHYS_s14_T1_ctrl,97,70,99.33333333333333,0.2513827085494995,-0.2428345098939659
UBFC_PHYS_s14_T1_ctrl,97,71,99.36666666666666,0.08597659319639206,0.1977325534956569
UBFC_PHYS_s14_T1_ctrl,97,72,99.4,-0.0464496947824955,0.6100526164097106
UBFC_PHYS_s14_T1_ctrl,97,73,99.43333333333334,-0.20016783475875854,0.9316116255579734
UBFC_PHYS_s14_T1_ctrl,97,74,99.46666666666667,-0.4078478515148163,1.1203084305955213
UBFC_PHYS_s14_T1_ctrl,97,75,99.5,-0.7109750509262085,1.159156562464105
UBFC_PHYS_s14_T1_ctrl,97,76,99.53333333333333,-1.0680359601974487,1.0530042941908255
UBFC_PHYS_s14_T1_ctrl,97,77,99.56666666666666,-1.2572124004364014,0.8212307791254098
UBFC_PHYS_s14_T1_ctrl,97,78,99.6,-1.059248924255371,0.49130541450920406
UBFC_PHYS_s14_T1_ctrl,97,79,99.63333333333334,-0.5456534028053284,0.09599378964403502
UBFC_PHYS_s14_T1_ctrl,97,80,99.66666666666667,-0.018708329647779465,-0.3261795676006809
UBFC_PHYS_s14_T1_ctrl,97,81,99.7,0.33105817437171936,-0.7298326507064545
UBFC_PHYS_s14_T1_ctrl,97,82,99.73333333333333,0.4930564761161804,-1.0638737457741625
UBFC_PHYS_s14_T1_ctrl,97,83,99.76666666666667,0.48773351311683655,-1.276630511268486
UBFC_PHYS_s14_T1_ctrl,97,84,99.8,0.3892727792263031,-1.3251095001575692
UBFC_PHYS_s14_T1_ctrl,97,85,99.83333333333333,0.2974305748939514,-1.1866452457775913
UBFC_PHYS_s14_T1_ctrl,97,86,99.86666666666666,0.21967025101184845,-0.8691679799280783
UBFC_PHYS_s14_T1_ctrl,97,87,99.9,0.15134482085704803,-0.4152208976799925
UBFC_PHYS_s14_T1_ctrl,97,88,99.93333333333334,0.12151933461427689,0.10402553575392884
UBFC_PHYS_s14_T1_ctrl,97,89,99.96666666666667,0.05415147542953491,0.6046134030490873
UBFC_PHYS_s14_T1_ctrl,97,90,100.0,-0.19557712972164154,1.0100800866696225
UBFC_PHYS_s14_T1_ctrl,97,91,100.03333333333333,-0.6260329484939575,1.268094138273519
UBFC_PHYS_s14_T1_ctrl,97,92,100.06666666666666,-1.0203546285629272,1.357769580940978
UBFC_PHYS_s14_T1_ctrl,97,93,100.1,-1.1020015478134155,1.2870793025401548
UBFC_PHYS_s14_T1_ctrl,97,94,100.13333333333334,-0.7491370439529419,1.0836898346527484
UBFC_PHYS_s14_T1_ctrl,97,95,100.16666666666667,-0.13713720440864563,0.7838459155377836
UBFC_PHYS_s14_T1_ctrl,97,96,100.2,0.4845791459083557,0.4231857862290071
UBFC_PHYS_s14_T1_ctrl,97,97,100.23333333333333,0.9984844326972961,0.031775712846297335
UBFC_PHYS_s14_T1_ctrl,97,98,100.26666666666667,1.2756727933883667,-0.3658907977829164
UBFC_PHYS_s14_T1_ctrl,97,99,100.3,1.18813955783844,-0.7468051242819855
UBFC_PHYS_s14_T1_ctrl,97,100,100.33333333333333,0.8787318468093872,-1.083945170180085
UBFC_PHYS_s14_T1_ctrl,97,101,100.36666666666666,0.6272007822990417,-1.3430565933068057
UBFC_PHYS_s14_T1_ctrl,97,102,100.4,0.5226002931594849,-1.4846649114708577
UBFC_PHYS_s14_T1_ctrl,97,103,100.43333333333334,0.44875478744506836,-1.4720008199476935
UBFC_PHYS_s14_T1_ctrl,97,104,100.46666666666667,0.31630033254623413,-1.2827455695106886
UBFC_PHYS_s14_T1_ctrl,97,105,100.5,0.1461908519268036,-0.9204142580334077
UBFC_PHYS_s14_T1_ctrl,97,106,100.53333333333333,-0.04599907249212265,-0.42066861678127554
UBFC_PHYS_s14_T1_ctrl,97,107,100.56666666666666,-0.3248209059238434,0.15095328175218733
UBFC_PHYS_s14_T1_ctrl,97,108,100.6,-0.7326048612594604,0.7107762623661915
UBFC_PHYS_s14_T1_ctrl,97,109,100.63333333333334,-1.1412619352340698,1.1754611703230176
UBFC_PHYS_s14_T1_ctrl,97,110,100.66666666666667,-1.2569307088851929,1.4810963801089938
UBFC_PHYS_s14_T1_ctrl,97,111,100.7,-0.8761558532714844,1.5960196544348886
UBFC_PHYS_s14_T1_ctrl,97,112,100.73333333333333,-0.1174788549542427,1.5234536652363708
UBFC_PHYS_s14_T1_ctrl,97,113,100.76666666666667,0.6857814788818359,1.2946472236416862
UBFC_PHYS_s14_T1_ctrl,97,114,100.8,1.2548878192901611,0.9565162702928921
UBFC_PHYS_s14_T1_ctrl,97,115,100.83333333333333,1.4938297271728516,0.5586521921131394
UBFC_PHYS_s14_T1_ctrl,97,116,100.86666666666666,1.4513022899627686,0.14347872030495062
UBFC_PHYS_s14_T1_ctrl,97,117,100.9,1.2759262323379517,-0.2584549750874396
UBFC_PHYS_s14_T1_ctrl,97,118,100.93333333333334,1.1268832683563232,-0.6276067988473107
UBFC_PHYS_s14_T1_ctrl,97,119,100.96666666666667,1.04498291015625,-0.9500493985651516
UBFC_PHYS_s14_T1_ctrl,97,120,101.0,0.9336512684822083,-1.2102828271676591
UBFC_PHYS_s14_T1_ctrl,97,121,101.03333333333333,0.70411616563797,-1.3860831885407232
UBFC_PHYS_s14_T1_ctrl,97,122,101.06666666666666,0.3976656198501587,-1.4487742272206956
UBFC_PHYS_s14_T1_ctrl,97,123,101.1,0.06921911984682083,-1.3701654458434105
UBFC_PHYS_s14_T1_ctrl,97,124,101.13333333333334,-0.26621198654174805,-1.1342729492931243
UBFC_PHYS_s14_T1_ctrl,97,125,101.16666666666667,-0.5712825059890747,-0.749199376384344
UBFC_PHYS_s14_T1_ctrl,97,126,101.2,-0.848358154296875,-0.2535603687573183
UBFC_PHYS_s14_T1_ctrl,97,127,101.23333333333333,-1.1958152055740356,0.2867473249129711
UBFC_PHYS_s14_T1_ctrl,97,128,101.26666666666667,-1.6137945652008057,0.792061439685483
UBFC_PHYS_s14_T1_ctrl,97,129,101.3,-1.848483681678772,1.1886865110219849
UBFC_PHYS_s14_T1_ctrl,97,130,101.33333333333333,-1.6485487222671509,1.4270780599593007
UBFC_PHYS_s14_T1_ctrl,97,131,101.36666666666666,-1.0046392679214478,1.4909392279082572
UBFC_PHYS_s14_T1_ctrl,97,132,101.4,-0.13981276750564575,1.3946036491045115
UBFC_PHYS_s14_T1_ctrl,97,133,101.43333333333334,0.6003043055534363,1.1719981717957035
UBFC_PHYS_s14_T1_ctrl,97,134,101.46666666666667,0.939115047454834,0.8632842597503063
UBFC_PHYS_s14_T1_ctrl,97,135,101.5,0.8960525989532471,0.5045276134059427
UBFC_PHYS_s14_T1_ctrl,97,136,101.53333333333333,0.7232393622398376,0.12316559680674219
UBFC_PHYS_s14_T1_ctrl,97,137,101.56666666666666,0.6141045689582825,-0.2607511879735704
UBFC_PHYS_s14_T1_ctrl,97,138,101.6,0.6034586429595947,-0.6295662011258196
UBFC_PHYS_s14_T1_ctrl,97,139,101.63333333333334,0.6668835878372192,-0.9622486719943547
UBFC_PHYS_s14_T1_ctrl,97,140,101.66666666666667,0.7396025657653809,-1.2308651872461305
UBFC_PHYS_s14_T1_ctrl,97,141,101.7,0.7527550458908081,-1.4014994225692858
UBFC_PHYS_s14_T1_ctrl,97,142,101.73333333333333,0.6666582822799683,-1.4402873902939817
UBFC_PHYS_s14_T1_ctrl,97,143,101.76666666666667,0.44385427236557007,-1.3233144587969725
UBFC_PHYS_s14_T1_ctrl,97,144,101.8,0.10555045306682587,-1.047312310664445
UBFC_PHYS_s14_T1_ctrl,97,145,101.83333333333333,-0.24359644949436188,-0.6368990253188542
UBFC_PHYS_s14_T1_ctrl,97,146,101.86666666666666,-0.5504975914955139,-0.14423146042478285
UBFC_PHYS_s14_T1_ctrl,97,147,101.9,-0.8513998985290527,0.36068586653069584
UBFC_PHYS_s14_T1_ctrl,97,148,101.93333333333334,-1.1568083763122559,0.8064753865192703
UBFC_PHYS_s14_T1_ctrl,97,149,101.96666666666667,-1.3491672277450562,1.1374242757644688
UBFC_PHYS_s14_T1_ctrl,97,150,102.0,-1.2090522050857544,1.3244492420528777
UBFC_PHYS_s14_T1_ctrl,97,151,102.03333333333333,-0.6288211941719055,1.366389382569223
UBFC_PHYS_s14_T1_ctrl,97,152,102.06666666666666,0.14221975207328796,1.282718764472146
UBFC_PHYS_s14_T1_ctrl,97,153,102.1,0.7552053332328796,1.1023534748471362
UBFC_PHYS_s14_T1_ctrl,97,154,102.13333333333334,1.0500805377960205,0.8537864731262219
UBFC_PHYS_s14_T1_ctrl,97,155,102.16666666666667,1.0463066101074219,0.5597197051601502
UBFC_PHYS_s14_T1_ctrl,97,156,102.2,0.8460336327552795,0.2364751582829964
UBFC_PHYS_s14_T1_ctrl,97,157,102.23333333333333,0.613766610622406,-0.10341810474813924
UBFC_PHYS_s14_T1_ctrl,97,158,102.26666666666667,0.5071665644645691,-0.4472292251407321
UBFC_PHYS_s14_T1_ctrl,97,159,102.3,0.5699155330657959,-0.7778833743434681
UBFC_PHYS_s14_T1_ctrl,97,160,102.33333333333333,0.6925689578056335,-1.0709740845496747
UBFC_PHYS_s14_T1_ctrl,97,161,102.36666666666666,0.7004266977310181,-1.2946221404587022
UBFC_PHYS_s14_T1_ctrl,97,162,102.4,0.5132217407226562,-1.4136635174914944
UBFC_PHYS_s14_T1_ctrl,97,163,102.43333333333334,0.19440731406211853,-1.398188676550749
UBFC_PHYS_s14_T1_ctrl,97,164,102.46666666666667,-0.13584166765213013,-1.2340327061137313
UBFC_PHYS_s14_T1_ctrl,97,165,102.5,-0.3814583420753479,-0.9309360805518002
UBFC_PHYS_s14_T1_ctrl,97,166,102.53333333333333,-0.5541589260101318,-0.5242361988413903
UBFC_PHYS_s14_T1_ctrl,97,167,102.56666666666666,-0.7898901104927063,-0.06825926085744558
UBFC_PHYS_s14_T1_ctrl,97,168,102.6,-1.1143373250961304,0.37689567884783265
UBFC_PHYS_s14_T1_ctrl,97,169,102.63333333333334,-1.283263921737671,0.7602485151166796
UBFC_PHYS_s14_T1_ctrl,97,170,102.66666666666667,-1.027536392211914,1.05028241628225
UBFC_PHYS_s14_T1_ctrl,97,171,102.7,-0.40579187870025635,1.2365165372845344
UBFC_PHYS_s14_T1_ctrl,97,172,102.73333333333333,0.26084575057029724,1.3228680625421758
UBFC_PHYS_s14_T1_ctrl,97,173,102.76666666666667,0.7278019189834595,1.3176720743167967
UBFC_PHYS_s14_T1_ctrl,97,174,102.8,0.925455629825592,1.2260815851638822
UBFC_PHYS_s14_T1_ctrl,97,175,102.83333333333333,0.8909831047058105,1.048225569784625
UBFC_PHYS_s14_T1_ctrl,97,176,102.86666666666666,0.7816793322563171,0.7830562486896708
UBFC_PHYS_s14_T1_ctrl,97,177,102.9,0.7812287211418152,0.4351944955480842
UBFC_PHYS_s14_T1_ctrl,97,178,102.93333333333334,0.8999110460281372,0.021293026803920815
UBFC_PHYS_s14_T1_ctrl,97,179,102.96666666666667,1.0224800109863281,-0.4267733821547384
UBFC_PHYS_s14_T1_ctrl,97,180,103.0,1.0747520923614502,-0.8631361052190277
UBFC_PHYS_s14_T1_ctrl,97,181,103.03333333333333,1.0221701860427856,-1.2335451466623806
UBFC_PHYS_s14_T1_ctrl,97,182,103.06666666666666,0.8553558588027954,-1.4845108692048197
UBFC_PHYS_s14_T1_ctrl,97,183,103.1,0.6171462535858154,-1.5743641034283566
UBFC_PHYS_s14_T1_ctrl,97,184,103.13333333333334,0.3528288006782532,-1.4836325879037087
UBFC_PHYS_s14_T1_ctrl,97,185,103.16666666666667,0.02846607193350792,-1.2214164743722888
UBFC_PHYS_s14_T1_ctrl,97,186,103.2,-0.4132271409034729,-0.8248698414588588
UBFC_PHYS_s14_T1_ctrl,97,187,103.23333333333333,-0.9127970337867737,-0.35098574433624125
UBFC_PHYS_s14_T1_ctrl,97,188,103.26666666666667,-1.246059536933899,0.13687731334904224
UBFC_PHYS_s14_T1_ctrl,97,189,103.3,-1.1817615032196045,0.5827990517266141
UBFC_PHYS_s14_T1_ctrl,97,190,103.33333333333333,-0.6998503804206848,0.9474810904391292
UBFC_PHYS_s14_T1_ctrl,97,191,103.36666666666666,0.001823096303269267,1.2102885228800393
UBFC_PHYS_s14_T1_ctrl,97,192,103.4,0.6631096005439758,1.3651032749360892
UBFC_PHYS_s14_T1_ctrl,97,193,103.43333333333334,1.1176173686981201,1.413493827009623
UBFC_PHYS_s14_T1_ctrl,97,194,103.46666666666667,1.3073570728302002,1.3590328994991345
UBFC_PHYS_s14_T1_ctrl,97,195,103.5,1.2424676418304443,1.2050613947424083
UBFC_PHYS_s14_T1_ctrl,97,196,103.53333333333333,1.012819766998291,0.9560421903047631
UBFC_PHYS_s14_T1_ctrl,97,197,103.56666666666666,0.7803837656974792,0.6209446714934415
UBFC_PHYS_s14_T1_ctrl,97,198,103.6,0.6452819108963013,0.21649948357150545
UBFC_PHYS_s14_T1_ctrl,97,199,103.63333333333334,0.5937421321868896,-0.2311911289899423
UBFC_PHYS_s14_T1_ctrl,97,200,103.66666666666667,0.5606215000152588,-0.6868969029354555
UBFC_PHYS_s14_T1_ctrl,97,201,103.7,0.46996214985847473,-1.1079041711013105
UBFC_PHYS_s14_T1_ctrl,97,202,103.73333333333333,0.2607894241809845,-1.447203944000761
UBFC_PHYS_s14_T1_ctrl,97,203,103.76666666666667,-0.028790976852178574,-1.659044787294567
UBFC_PHYS_s14_T1_ctrl,97,204,103.8,-0.3079507648944855,-1.7070968933094917
UBFC_PHYS_s14_T1_ctrl,97,205,103.83333333333333,-0.6223998665809631,-1.5738476685231433
UBFC_PHYS_s14_T1_ctrl,97,206,103.86666666666666,-1.0833289623260498,-1.268235402413514
UBFC_PHYS_s14_T1_ctrl,97,207,103.9,-1.6577019691467285,-0.827822315886991
UBFC_PHYS_s14_T1_ctrl,97,208,103.93333333333334,-2.138430118560791,-0.31277100359074267
UBFC_PHYS_s14_T1_ctrl,97,209,103.96666666666667,-2.2638437747955322,0.20786384669325836
UBFC_PHYS_s14_T1_ctrl,97,210,104.0,-1.9327216148376465,0.6725336851513568
UBFC_PHYS_s14_T1_ctrl,97,211,104.03333333333333,-1.3418165445327759,1.0391775492208963
UBFC_PHYS_s14_T1_ctrl,97,212,104.06666666666666,-0.7574172019958496,1.2883214098633506
UBFC_PHYS_s14_T1_ctrl,97,213,104.1,-0.2358795553445816,1.4179839017998495
UBFC_PHYS_s14_T1_ctrl,97,214,104.13333333333334,0.18128296732902527,1.4349108611922274
UBFC_PHYS_s14_T1_ctrl,97,215,104.16666666666667,0.3667135536670685,1.3473460613364692
UBFC_PHYS_s14_T1_ctrl,97,216,104.2,0.325397253036499,1.1623912332570692
UBFC_PHYS_s14_T1_ctrl,97,217,104.23333333333333,0.24605976045131683,0.8878094878940387
UBFC_PHYS_s14_T1_ctrl,97,218,104.26666666666667,0.24972105026245117,0.5358790717389299
UBFC_PHYS_s14_T1_ctrl,97,219,104.3,0.2934594750404358,0.12653932104446022
UBFC_PHYS_s14_T1_ctrl,97,220,104.33333333333333,0.3360150158405304,-0.31170039934008953
UBFC_PHYS_s14_T1_ctrl,97,221,104.36666666666666,0.3684034049510956,-0.7430124663520921
UBFC_PHYS_s14_T1_ctrl,97,222,104.4,0.3346913158893585,-1.1267824469112246
UBFC_PHYS_s14_T1_ctrl,97,223,104.43333333333334,0.19080233573913574,-1.4207702856368207
UBFC_PHYS_s14_T1_ctrl,97,224,104.46666666666667,0.0027806663420051336,-1.5850103771811337
UBFC_PHYS_s14_T1_ctrl,97,225,104.5,-0.10348143428564072,-1.5870781728237346
UBFC_PHYS_s14_T1_ctrl,97,226,104.53333333333333,-0.09706008434295654,-1.4090158165772484
UBFC_PHYS_s14_T1_ctrl,97,227,104.56666666666666,-0.10981829464435577,-1.0549205375388246
UBFC_PHYS_s14_T1_ctrl,97,228,104.6,-0.27221089601516724,-0.5565291351924779
UBFC_PHYS_s14_T1_ctrl,97,229,104.63333333333334,-0.5154899954795837,0.02677587332482986
UBFC_PHYS_s14_T1_ctrl,97,230,104.66666666666667,-0.5829704999923706,0.6161660770404672
UBFC_PHYS_s14_T1_ctrl,97,231,104.7,-0.29020756483078003,1.1292480757583803
UBFC_PHYS_s14_T1_ctrl,97,232,104.73333333333333,0.2709565758705139,1.4989004438134246
UBFC_PHYS_s14_T1_ctrl,97,233,104.76666666666667,0.8408796787261963,1.6879675497315032
UBFC_PHYS_s14_T1_ctrl,97,234,104.8,1.2444953918457031,1.6942319043480478
UBFC_PHYS_s14_T1_ctrl,97,235,104.83333333333333,1.4351081848144531,1.5444611753275113
UBFC_PHYS_s14_T1_ctrl,97,236,104.86666666666666,1.3905248641967773,1.2809139094915896
UBFC_PHYS_s14_T1_ctrl,97,237,104.9,1.1536670923233032,0.9462882615406992
UBFC_PHYS_s14_T1_ctrl,97,238,104.93333333333334,0.8459491729736328,0.5728448838879212
UBFC_PHYS_s14_T1_ctrl,97,239,104.96666666666667,0.5855464339256287,0.17920672589721584
UBFC_PHYS_s14_T1_ctrl,98,0,98.0,-0.3958218991756439,0.05558570346847312
UBFC_PHYS_s14_T1_ctrl,98,1,98.03333333333333,-0.09672211855649948,0.23336765830713585
UBFC_PHYS_s14_T1_ctrl,98,2,98.06666666666666,0.19550569355487823,0.3881868753642371
UBFC_PHYS_s14_T1_ctrl,98,3,98.1,0.34026774764060974,0.5045895062732753
UBFC_PHYS_s14_T1_ctrl,98,4,98.13333333333334,0.3315087854862213,0.5777435429622203
UBFC_PHYS_s14_T1_ctrl,98,5,98.16666666666667,0.22927412390708923,0.6140075371702138
UBFC_PHYS_s14_T1_ctrl,98,6,98.2,0.06888115406036377,0.6269858377622747
UBFC_PHYS_s14_T1_ctrl,98,7,98.23333333333333,-0.1010030135512352,0.6306581959156599
UBFC_PHYS_s14_T1_ctrl,98,8,98.26666666666667,-0.21424974501132965,0.6326177254609084
UBFC_PHYS_s14_T1_ctrl,98,9,98.3,-0.2781252861022949,0.6303663866548286
UBFC_PHYS_s14_T1_ctrl,98,10,98.33333333333333,-0.33653706312179565,0.612178125455119
UBFC_PHYS_s14_T1_ctrl,98,11,98.36666666666666,-0.40148282051086426,0.5619911212108114
UBFC_PHYS_s14_T1_ctrl,98,12,98.4,-0.4892694652080536,0.4660989405186685
UBFC_PHYS_s14_T1_ctrl,98,13,98.43333333333334,-0.6446210741996765,0.3188711402029961
UBFC_PHYS_s14_T1_ctrl,98,14,98.46666666666667,-0.8976448774337769,0.12555760877634187
UBFC_PHYS_s14_T1_ctrl,98,15,98.5,-1.187506914138794,-0.09818944570151773
UBFC_PHYS_s14_T1_ctrl,98,16,98.53333333333333,-1.3046120405197144,-0.3290692513583377
UBFC_PHYS_s14_T1_ctrl,98,17,98.56666666666666,-1.0881167650222778,-0.5397450629765941
UBFC_PHYS_s14_T1_ctrl,98,18,98.6,-0.6156687140464783,-0.7025239897651417
UBFC_PHYS_s14_T1_ctrl,98,19,98.63333333333334,-0.11666209995746613,-0.7931475349768426
UBFC_PHYS_s14_T1_ctrl,98,20,98.66666666666667,0.19097131490707397,-0.7949165370635451
UBFC_PHYS_s14_T1_ctrl,98,21,98.7,0.19866004586219788,-0.7028508768671159
UBFC_PHYS_s14_T1_ctrl,98,22,98.73333333333333,0.0345776192843914,-0.5268252279314007
UBFC_PHYS_s14_T1_ctrl,98,23,98.76666666666667,-0.04650602117180824,-0.29211031244609864
UBFC_PHYS_s14_T1_ctrl,98,24,98.8,-0.007583620026707649,-0.03594965139568132
UBFC_PHYS_s14_T1_ctrl,98,25,98.83333333333333,-0.012371469289064407,0.19989314004015826
UBFC_PHYS_s14_T1_ctrl,98,26,98.86666666666666,-0.12682923674583435,0.37860632740882527
UBFC_PHYS_s14_T1_ctrl,98,27,98.9,-0.30178290605545044,0.47641516754036584
UBFC_PHYS_s14_T1_ctrl,98,28,98.93333333333334,-0.5320221185684204,0.48636623019452235
UBFC_PHYS_s14_T1_ctrl,98,29,98.96666666666667,-0.8566946983337402,0.4169376363258097
UBFC_PHYS_s14_T1_ctrl,98,30,99.0,-1.2365119457244873,0.28693968692600014
UBFC_PHYS_s14_T1_ctrl,98,31,99.03333333333333,-1.4936758279800415,0.11958848776205593
UBFC_PHYS_s14_T1_ctrl,98,32,99.06666666666666,-1.4259699583053589,-0.06155974700243535
UBFC_PHYS_s14_T1_ctrl,98,33,99.1,-0.9671531915664673,-0.23379170625627035
UBFC_PHYS_s14_T1_ctrl,98,34,99.13333333333334,-0.2727741599082947,-0.37470523330964106
UBFC_PHYS_s14_T1_ctrl,98,35,99.16666666666667,0.3765709102153778,-0.46238755056749326
UBFC_PHYS_s14_T1_ctrl,98,36,99.2,0.7819046378135681,-0.4781450622679487
UBFC_PHYS_s14_T1_ctrl,98,37,99.23333333333333,0.9004743099212646,-0.41171670127215065
UBFC_PHYS_s14_T1_ctrl,98,38,99.26666666666667,0.7699350118637085,-0.26689906929275464
UBFC_PHYS_s14_T1_ctrl,98,39,99.3,0.5011394619941711,-0.06442663573273053
UBFC_PHYS_s14_T1_ctrl,98,40,99.33333333333333,0.2513827085494995,0.16056195421048428
UBFC_PHYS_s14_T1_ctrl,98,41,99.36666666666666,0.08597659319639206,0.3668383569695204
UBFC_PHYS_s14_T1_ctrl,98,42,99.4,-0.0464496947824955,0.5182863356456487
UBFC_PHYS_s14_T1_ctrl,98,43,99.43333333333334,-0.20016783475875854,0.5931339634231612
UBFC_PHYS_s14_T1_ctrl,98,44,99.46666666666667,-0.4078478515148163,0.587325182123197
UBFC_PHYS_s14_T1_ctrl,98,45,99.5,-0.7109750509262085,0.5112046584860229
UBFC_PHYS_s14_T1_ctrl,98,46,99.53333333333333,-1.0680359601974487,0.3818636642082145
UBFC_PHYS_s14_T1_ctrl,98,47,99.56666666666666,-1.2572124004364014,0.21530930070604984
UBFC_PHYS_s14_T1_ctrl,98,48,99.6,-1.059248924255371,0.022396465355517772
UBFC_PHYS_s14_T1_ctrl,98,49,99.63333333333334,-0.5456534028053284,-0.1896880778584923
UBFC_PHYS_s14_T1_ctrl,98,50,99.66666666666667,-0.018708329647779465,-0.4116844683664157
UBFC_PHYS_s14_T1_ctrl,98,51,99.7,0.33105817437171936,-0.6258569414250638
UBFC_PHYS_s14_T1_ctrl,98,52,99.73333333333333,0.4930564761161804,-0.8028267950240335
UBFC_PHYS_s14_T1_ctrl,98,53,99.76666666666667,0.48773351311683655,-0.9041765999638453
UBFC_PHYS_s14_T1_ctrl,98,54,99.8,0.3892727792263031,-0.8912650417827526
UBFC_PHYS_s14_T1_ctrl,98,55,99.83333333333333,0.2974305748939514,-0.7383025026628531
UBFC_PHYS_s14_T1_ctrl,98,56,99.86666666666666,0.21967025101184845,-0.4454425792823164
UBFC_PHYS_s14_T1_ctrl,98,57,99.9,0.15134482085704803,-0.04627241851471946
UBFC_PHYS_s14_T1_ctrl,98,58,99.93333333333334,0.12151933461427689,0.39523882279994577
UBFC_PHYS_s14_T1_ctrl,98,59,99.96666666666667,0.05415147542953491,0.7995417050926165
UBFC_PHYS_s14_T1_ctrl,98,60,100.0,-0.19557712972164154,1.093377459162747
UBFC_PHYS_s14_T1_ctrl,98,61,100.03333333333333,-0.6260329484939575,1.2299102813812917
UBFC_PHYS_s14_T1_ctrl,98,62,100.06666666666666,-1.0203546285629272,1.1991761627105444
UBFC_PHYS_s14_T1_ctrl,98,63,100.1,-1.1020015478134155,1.0257419604369724
UBFC_PHYS_s14_T1_ctrl,98,64,100.13333333333334,-0.7491370439529419,0.7560390804617646
UBFC_PHYS_s14_T1_ctrl,98,65,100.16666666666667,-0.13713720440864563,0.44141339820286735
UBFC_PHYS_s14_T1_ctrl,98,66,100.2,0.4845791459083557,0.12335512710395992
UBFC_PHYS_s14_T1_ctrl,98,67,100.23333333333333,0.9984844326972961,-0.1745256908996275
UBFC_PHYS_s14_T1_ctrl,98,68,100.26666666666667,1.2756727933883667,-0.4459676660692904
UBFC_PHYS_s14_T1_ctrl,98,69,100.3,1.18813955783844,-0.6941134157662705
UBFC_PHYS_s14_T1_ctrl,98,70,100.33333333333333,0.8787318468093872,-0.9199809789687339
UBFC_PHYS_s14_T1_ctrl,98,71,100.36666666666666,0.6272007822990417,-1.1125860939064827
UBFC_PHYS_s14_T1_ctrl,98,72,100.4,0.5226002931594849,-1.2453021935714177
UBFC_PHYS_s14_T1_ctrl,98,73,100.43333333333334,0.44875478744506836,-1.280622303932588
UBFC_PHYS_s14_T1_ctrl,98,74,100.46666666666667,0.31630033254623413,-1.1822425515857629
UBFC_PHYS_s14_T1_ctrl,98,75,100.5,0.1461908519268036,-0.9304165590233568
UBFC_PHYS_s14_T1_ctrl,98,76,100.53333333333333,-0.04599907249212265,-0.5348123353659278
UBFC_PHYS_s14_T1_ctrl,98,77,100.56666666666666,-0.3248209059238434,-0.0392678068147982
UBFC_PHYS_s14_T1_ctrl,98,78,100.6,-0.7326048612594604,0.4848380632219281
UBFC_PHYS_s14_T1_ctrl,98,79,100.63333333333334,-1.1412619352340698,0.9555253998187518
UBFC_PHYS_s14_T1_ctrl,98,80,100.66666666666667,-1.2569307088851929,1.3014383658860116
UBFC_PHYS_s14_T1_ctrl,98,81,100.7,-0.8761558532714844,1.4789826160880148
UBFC_PHYS_s14_T1_ctrl,98,82,100.73333333333333,-0.1174788549542427,1.4792791821558324
UBFC_PHYS_s14_T1_ctrl,98,83,100.76666666666667,0.6857814788818359,1.3239386183237731
UBFC_PHYS_s14_T1_ctrl,98,84,100.8,1.2548878192901611,1.0532592828208083
UBFC_PHYS_s14_T1_ctrl,98,85,100.83333333333333,1.4938297271728516,0.7124806862949029
UBFC_PHYS_s14_T1_ctrl,98,86,100.86666666666666,1.4513022899627686,0.3409053745899513
UBFC_PHYS_s14_T1_ctrl,98,87,100.9,1.2759262323379517,-0.03355195655119339
UBFC_PHYS_s14_T1_ctrl,98,88,100.93333333333334,1.1268832683563232,-0.39393589564728193
UBFC_PHYS_s14_T1_ctrl,98,89,100.96666666666667,1.04498291015625,-0.7291075754946623
UBFC_PHYS_s14_T1_ctrl,98,90,101.0,0.9336512684822083,-1.0263837417781863
UBFC_PHYS_s14_T1_ctrl,98,91,101.03333333333333,0.70411616563797,-1.265299615453188
UBFC_PHYS_s14_T1_ctrl,98,92,101.06666666666666,0.3976656198501587,-1.415772184792137
UBFC_PHYS_s14_T1_ctrl,98,93,101.1,0.06921911984682083,-1.4426620098811027
UBFC_PHYS_s14_T1_ctrl,98,94,101.13333333333334,-0.26621198654174805,-1.316335911162519
UBFC_PHYS_s14_T1_ctrl,98,95,101.16666666666667,-0.5712825059890747,-1.0260157450369458
UBFC_PHYS_s14_T1_ctrl,98,96,101.2,-0.848358154296875,-0.5905844857104106
UBFC_PHYS_s14_T1_ctrl,98,97,101.23333333333333,-1.1958152055740356,-0.06130601241064057
UBFC_PHYS_s14_T1_ctrl,98,98,101.26666666666667,-1.6137945652008057,0.48666197161897334
UBFC_PHYS_s14_T1_ctrl,98,99,101.3,-1.848483681678772,0.9722476245435321
UBFC_PHYS_s14_T1_ctrl,98,100,101.33333333333333,-1.6485487222671509,1.3289788221341619
UBFC_PHYS_s14_T1_ctrl,98,101,101.36666666666666,-1.0046392679214478,1.519330116161676
UBFC_PHYS_s14_T1_ctrl,98,102,101.4,-0.13981276750564575,1.5379321081700372
UBFC_PHYS_s14_T1_ctrl,98,103,101.43333333333334,0.6003043055534363,1.4046933867889357
UBFC_PHYS_s14_T1_ctrl,98,104,101.46666666666667,0.939115047454834,1.1528293981089879
UBFC_PHYS_s14_T1_ctrl,98,105,101.5,0.8960525989532471,0.817445138849325
UBFC_PHYS_s14_T1_ctrl,98,106,101.53333333333333,0.7232393622398376,0.4286308857474489
UBFC_PHYS_s14_T1_ctrl,98,107,101.56666666666666,0.6141045689582825,0.010347904346185837
UBFC_PHYS_s14_T1_ctrl,98,108,101.6,0.6034586429595947,-0.4160832336057285
UBFC_PHYS_s14_T1_ctrl,98,109,101.63333333333334,0.6668835878372192,-0.8265807790254421
UBFC_PHYS_s14_T1_ctrl,98,110,101.66666666666667,0.7396025657653809,-1.1900148362517406
UBFC_PHYS_s14_T1_ctrl,98,111,101.7,0.7527550458908081,-1.4674779910533673
UBFC_PHYS_s14_T1_ctrl,98,112,101.73333333333333,0.6666582822799683,-1.616411852497884
UBFC_PHYS_s14_T1_ctrl,98,113,101.76666666666667,0.44385427236557007,-1.5994132444884288
UBFC_PHYS_s14_T1_ctrl,98,114,101.8,0.10555045306682587,-1.395873326159913
UBFC_PHYS_s14_T1_ctrl,98,115,101.83333333333333,-0.24359644949436188,-1.0129095897259563
UBFC_PHYS_s14_T1_ctrl,98,116,101.86666666666666,-0.5504975914955139,-0.4909447165150351
UBFC_PHYS_s14_T1_ctrl,98,117,101.9,-0.8513998985290527,0.10002583349212685
UBFC_PHYS_s14_T1_ctrl,98,118,101.93333333333334,-1.1568083763122559,0.6743059647048888
UBFC_PHYS_s14_T1_ctrl,98,119,101.96666666666667,-1.3491672277450562,1.1507441191065997
UBFC_PHYS_s14_T1_ctrl,98,120,102.0,-1.2090522050857544,1.4718223307381437
UBFC_PHYS_s14_T1_ctrl,98,121,102.03333333333333,-0.6288211941719055,1.6139006544408439
UBFC_PHYS_s14_T1_ctrl,98,122,102.06666666666666,0.14221975207328796,1.5852530573766084
UBFC_PHYS_s14_T1_ctrl,98,123,102.1,0.7552053332328796,1.4145622736812689
UBFC_PHYS_s14_T1_ctrl,98,124,102.13333333333334,1.0500805377960205,1.1365015802976566
UBFC_PHYS_s14_T1_ctrl,98,125,102.16666666666667,1.0463066101074219,0.7811372192181915
UBFC_PHYS_s14_T1_ctrl,98,126,102.2,0.8460336327552795,0.37069706596407387
UBFC_PHYS_s14_T1_ctrl,98,127,102.23333333333333,0.613766610622406,-0.07679047936321735
UBFC_PHYS_s14_T1_ctrl,98,128,102.26666666666667,0.5071665644645691,-0.5401039156214472
UBFC_PHYS_s14_T1_ctrl,98,129,102.3,0.5699155330657959,-0.9877415986880755
UBFC_PHYS_s14_T1_ctrl,98,130,102.33333333333333,0.6925689578056335,-1.375046146601575
UBFC_PHYS_s14_T1_ctrl,98,131,102.36666666666666,0.7004266977310181,-1.6481796910623394
UBFC_PHYS_s14_T1_ctrl,98,132,102.4,0.5132217407226562,-1.7551539592990124
UBFC_PHYS_s14_T1_ctrl,98,133,102.43333333333334,0.19440731406211853,-1.6611333769105712
UBFC_PHYS_s14_T1_ctrl,98,134,102.46666666666667,-0.13584166765213013,-1.3627360012100371
UBFC_PHYS_s14_T1_ctrl,98,135,102.5,-0.3814583420753479,-0.895104330917275
UBFC_PHYS_s14_T1_ctrl,98,136,102.53333333333333,-0.5541589260101318,-0.32705025233377183
UBFC_PHYS_s14_T1_ctrl,98,137,102.56666666666666,-0.7898901104927063,0.25580274927338614
UBFC_PHYS_s14_T1_ctrl,98,138,102.6,-1.1143373250961304,0.7736743412058275
UBFC_PHYS_s14_T1_ctrl,98,139,102.63333333333334,-1.283263921737671,1.1713222316107104
UBFC_PHYS_s14_T1_ctrl,98,140,102.66666666666667,-1.027536392211914,1.4253707163725635
UBFC_PHYS_s14_T1_ctrl,98,141,102.7,-0.40579187870025635,1.5392019347253787
UBFC_PHYS_s14_T1_ctrl,98,142,102.73333333333333,0.26084575057029724,1.5303439759539594
UBFC_PHYS_s14_T1_ctrl,98,143,102.76666666666667,0.7278019189834595,1.417761262538354
UBFC_PHYS_s14_T1_ctrl,98,144,102.8,0.925455629825592,1.214622252789772
UBFC_PHYS_s14_T1_ctrl,98,145,102.83333333333333,0.8909831047058105,0.9280728919554005
UBFC_PHYS_s14_T1_ctrl,98,146,102.86666666666666,0.7816793322563171,0.5641314295201127
UBFC_PHYS_s14_T1_ctrl,98,147,102.9,0.7812287211418152,0.13441642583431754
UBFC_PHYS_s14_T1_ctrl,98,148,102.93333333333334,0.8999110460281372,-0.3381542135970472
UBFC_PHYS_s14_T1_ctrl,98,149,102.96666666666667,1.0224800109863281,-0.8165035864546974
UBFC_PHYS_s14_T1_ctrl,98,150,103.0,1.0747520923614502,-1.2505316942456792
UBFC_PHYS_s14_T1_ctrl,98,151,103.03333333333333,1.0221701860427856,-1.5829564967124432
UBFC_PHYS_s14_T1_ctrl,98,152,103.06666666666666,0.8553558588027954,-1.7596611529732762
UBFC_PHYS_s14_T1_ctrl,98,153,103.1,0.6171462535858154,-1.7427994106877365
UBFC_PHYS_s14_T1_ctrl,98,154,103.13333333333334,0.3528288006782532,-1.523122744105957
UBFC_PHYS_s14_T1_ctrl,98,155,103.16666666666667,0.02846607193350792,-1.1267906488978543
UBFC_PHYS_s14_T1_ctrl,98,156,103.2,-0.4132271409034729,-0.6124284786479851
UBFC_PHYS_s14_T1_ctrl,98,157,103.23333333333333,-0.9127970337867737,-0.057452947221334975
UBFC_PHYS_s14_T1_ctrl,98,158,103.26666666666667,-1.246059536933899,0.46200598619252853
UBFC_PHYS_s14_T1_ctrl,98,159,103.3,-1.1817615032196045,0.889396933240602
UBFC_PHYS_s14_T1_ctrl,98,160,103.33333333333333,-0.6998503804206848,1.1967740438847516
UBFC_PHYS_s14_T1_ctrl,98,161,103.36666666666666,0.001823096303269267,1.3819669441561346
UBFC_PHYS_s14_T1_ctrl,98,162,103.4,0.6631096005439758,1.4573857668225432
UBFC_PHYS_s14_T1_ctrl,98,163,103.43333333333334,1.1176173686981201,1.4375229610368463
UBFC_PHYS_s14_T1_ctrl,98,164,103.46666666666667,1.3073570728302002,1.3312760285882363
UBFC_PHYS_s14_T1_ctrl,98,165,103.5,1.2424676418304443,1.1413165685971312
UBFC_PHYS_s14_T1_ctrl,98,166,103.53333333333333,1.012819766998291,0.8688291495495073
UBFC_PHYS_s14_T1_ctrl,98,167,103.56666666666666,0.7803837656974792,0.5198680987343384
UBFC_PHYS_s14_T1_ctrl,98,168,103.6,0.6452819108963013,0.10981730969562828
UBFC_PHYS_s14_T1_ctrl,98,169,103.63333333333334,0.5937421321868896,-0.335567647194912
UBFC_PHYS_s14_T1_ctrl,98,170,103.66666666666667,0.5606215000152588,-0.7817151351860852
UBFC_PHYS_s14_T1_ctrl,98,171,103.7,0.46996214985847473,-1.1877074848625868
UBFC_PHYS_s14_T1_ctrl,98,172,103.73333333333333,0.2607894241809845,-1.5092043817606795
UBFC_PHYS_s14_T1_ctrl,98,173,103.76666666666667,-0.028790976852178574,-1.7029186024673242
UBFC_PHYS_s14_T1_ctrl,98,174,103.8,-0.3079507648944855,-1.7336748867460798
UBFC_PHYS_s14_T1_ctrl,98,175,103.83333333333333,-0.6223998665809631,-1.5834172564912155
UBFC_PHYS_s14_T1_ctrl,98,176,103.86666666666666,-1.0833289623260498,-1.2594934886232272
UBFC_PHYS_s14_T1_ctrl,98,177,103.9,-1.6577019691467285,-0.7982908545287045
UBFC_PHYS_s14_T1_ctrl,98,178,103.93333333333334,-2.138430118560791,-0.2608197621026062
UBFC_PHYS_s14_T1_ctrl,98,179,103.96666666666667,-2.2638437747955322,0.2801169000487884
UBFC_PHYS_s14_T1_ctrl,98,180,104.0,-1.9327216148376465,0.7569230940208908
UBFC_PHYS_s14_T1_ctrl,98,181,104.03333333333333,-1.3418165445327759,1.121419770261097
UBFC_PHYS_s14_T1_ctrl,98,182,104.06666666666666,-0.7574172019958496,1.3510099751073072
UBFC_PHYS_s14_T1_ctrl,98,183,104.1,-0.2358795553445816,1.4460640081363447
UBFC_PHYS_s14_T1_ctrl,98,184,104.13333333333334,0.18128296732902527,1.4218118435593867
UBFC_PHYS_s14_T1_ctrl,98,185,104.16666666666667,0.3667135536670685,1.2995015604988853
UBFC_PHYS_s14_T1_ctrl,98,186,104.2,0.325397253036499,1.1002776838744364
UBFC_PHYS_s14_T1_ctrl,98,187,104.23333333333333,0.24605976045131683,0.8426215685625278
UBFC_PHYS_s14_T1_ctrl,98,188,104.26666666666667,0.24972105026245117,0.5421975366837508
UBFC_PHYS_s14_T1_ctrl,98,189,104.3,0.2934594750404358,0.2126025207707919
UBFC_PHYS_s14_T1_ctrl,98,190,104.33333333333333,0.3360150158405304,-0.13345445852708573
UBFC_PHYS_s14_T1_ctrl,98,191,104.36666666666666,0.3684034049510956,-0.48212053833776886
UBFC_PHYS_s14_T1_ctrl,98,192,104.4,0.3346913158893585,-0.8155013361321233
UBFC_PHYS_s14_T1_ctrl,98,193,104.43333333333334,0.19080233573913574,-1.1090372802455086
UBFC_PHYS_s14_T1_ctrl,98,194,104.46666666666667,0.0027806663420051336,-1.3309918059114507
UBFC_PHYS_s14_T1_ctrl,98,195,104.5,-0.10348143428564072,-1.4456459861462854
UBFC_PHYS_s14_T1_ctrl,98,196,104.53333333333333,-0.09706008434295654,-1.4206633332793674
UBFC_PHYS_s14_T1_ctrl,98,197,104.56666666666666,-0.10981829464435577,-1.2373065606607934
UBFC_PHYS_s14_T1_ctrl,98,198,104.6,-0.27221089601516724,-0.9003060023622949
UBFC_PHYS_s14_T1_ctrl,98,199,104.63333333333334,-0.5154899954795837,-0.44309556246867937
UBFC_PHYS_s14_T1_ctrl,98,200,104.66666666666667,-0.5829704999923706,0.07521346505327077
UBFC_PHYS_s14_T1_ctrl,98,201,104.7,-0.29020756483078003,0.5818022350847012
UBFC_PHYS_s14_T1_ctrl,98,202,104.73333333333333,0.2709565758705139,1.007393224271853
UBFC_PHYS_s14_T1_ctrl,98,203,104.76666666666667,0.8408796787261963,1.302265715053475
UBFC_PHYS_s14_T1_ctrl,98,204,104.8,1.2444953918457031,1.4453448005600111
UBFC_PHYS_s14_T1_ctrl,98,205,104.83333333333333,1.4351081848144531,1.4440825450844768
UBFC_PHYS_s14_T1_ctrl,98,206,104.86666666666666,1.3905248641967773,1.326457592244925
UBFC_PHYS_s14_T1_ctrl,98,207,104.9,1.1536670923233032,1.128831904847359
UBFC_PHYS_s14_T1_ctrl,98,208,104.93333333333334,0.8459491729736328,0.8841619183684027
UBFC_PHYS_s14_T1_ctrl,98,209,104.96666666666667,0.5855464339256287,0.6142019154490316
UBFC_PHYS_s14_T1_ctrl,98,210,105.0,0.42839235067367554,0.32741588554759804
UBFC_PHYS_s14_T1_ctrl,98,211,105.03333333333333,0.3362966477870941,0.022345704448781117
UBFC_PHYS_s14_T1_ctrl,98,212,105.06666666666666,0.19637878239154816,-0.3051057892578999
UBFC_PHYS_s14_T1_ctrl,98,213,105.1,-0.02904445119202137,-0.6527723776584194
UBFC_PHYS_s14_T1_ctrl,98,214,105.13333333333334,-0.2668316066265106,-1.0045544782080669
UBFC_PHYS_s14_T1_ctrl,98,215,105.16666666666667,-0.4732724130153656,-1.327004907136704
UBFC_PHYS_s14_T1_ctrl,98,216,105.2,-0.6789528131484985,-1.5725190790660897
UBFC_PHYS_s14_T1_ctrl,98,217,105.23333333333333,-0.8822392821311951,-1.6896695794594214
UBFC_PHYS_s14_T1_ctrl,98,218,105.26666666666667,-1.0687963962554932,-1.6385263433857395
UBFC_PHYS_s14_T1_ctrl,98,219,105.3,-1.2971768379211426,-1.4061948949632435
UBFC_PHYS_s14_T1_ctrl,98,220,105.33333333333333,-1.600388526916504,-1.0165498842992313
UBFC_PHYS_s14_T1_ctrl,98,221,105.36666666666666,-1.8844770193099976,-0.5291634093297616
UBFC_PHYS_s14_T1_ctrl,98,222,105.4,-1.9825716018676758,-0.025912493132725558
UBFC_PHYS_s14_T1_ctrl,98,223,105.43333333333334,-1.7334625720977783,0.411127161880171
UBFC_PHYS_s14_T1_ctrl,98,224,105.46666666666667,-1.1111266613006592,0.7222659181568881
UBFC_PHYS_s14_T1_ctrl,98,225,105.5,-0.31724482774734497,0.8841141563512052
UBFC_PHYS_s14_T1_ctrl,98,226,105.53333333333333,0.3830485939979553,0.9098744093171162
UBFC_PHYS_s14_T1_ctrl,98,227,105.56666666666666,0.8502019047737122,0.837582544500597
UBFC_PHYS_s14_T1_ctrl,98,228,105.6,1.0275212526321411,0.7126969335662995
UBFC_PHYS_s14_T1_ctrl,98,229,105.63333333333334,0.9566892981529236,0.5726679411274744
UBFC_PHYS_s14_T1_ctrl,98,230,105.66666666666667,0.7983241081237793,0.4389343667289036
UBFC_PHYS_s14_T1_ctrl,98,231,105.7,0.6875276565551758,0.31769971861166113
UBFC_PHYS_s14_T1_ctrl,98,232,105.73333333333333,0.6442680358886719,0.20688226123417172
UBFC_PHYS_s14_T1_ctrl,98,233,105.76666666666667,0.6261868476867676,0.10452138426816368
UBFC_PHYS_s14_T1_ctrl,98,234,105.8,0.5647615790367126,0.014322787852449163
UBFC_PHYS_s14_T1_ctrl,98,235,105.83333333333333,0.40698784589767456,-0.053812407134029926
UBFC_PHYS_s14_T1_ctrl,98,236,105.86666666666666,0.1472892314195633,-0.0878491172906698
UBFC_PHYS_s14_T1_ctrl,98,237,105.9,-0.16769494116306305,-0.07985657625234928
UBFC_PHYS_s14_T1_ctrl,98,238,105.93333333333334,-0.46172523498535156,-0.031199874594663467
UBFC_PHYS_s14_T1_ctrl,98,239,105.96666666666667,-0.6862190365791321,0.0459343971922318
UBFC_PHYS_s14_T1_ctrl,99,0,99.0,-1.2365119457244873,0.05542123177831687
UBFC_PHYS_s14_T1_ctrl,99,1,99.03333333333333,-1.4936758279800415,-0.1805446693129429
UBFC_PHYS_s14_T1_ctrl,99,2,99.06666666666666,-1.4259699583053589,-0.40707881229682097
UBFC_PHYS_s14_T1_ctrl,99,3,99.1,-0.9671531915664673,-0.6070827863783864
UBFC_PHYS_s14_T1_ctrl,99,4,99.13333333333334,-0.2727741599082947,-0.7531590001212771
UBFC_PHYS_s14_T1_ctrl,99,5,99.16666666666667,0.3765709102153778,-0.8112585362036245
UBFC_PHYS_s14_T1_ctrl,99,6,99.2,0.7819046378135681,-0.7505565434595436
UBFC_PHYS_s14_T1_ctrl,99,7,99.23333333333333,0.9004743099212646,-0.5565198790053184
UBFC_PHYS_s14_T1_ctrl,99,8,99.26666666666667,0.7699350118637085,-0.2420965734759701
UBFC_PHYS_s14_T1_ctrl,99,9,99.3,0.5011394619941711,0.1485862200114088
UBFC_PHYS_s14_T1_ctrl,99,10,99.33333333333333,0.2513827085494995,0.5477520521477599
UBFC_PHYS_s14_T1_ctrl,99,11,99.36666666666666,0.08597659319639206,0.8817779755159786
UBFC_PHYS_s14_T1_ctrl,99,12,99.4,-0.0464496947824955,1.0924461920467747
UBFC_PHYS_s14_T1_ctrl,99,13,99.43333333333334,-0.20016783475875854,1.1521643618906103
UBFC_PHYS_s14_T1_ctrl,99,14,99.46666666666667,-0.4078478515148163,1.0670059807057413
UBFC_PHYS_s14_T1_ctrl,99,15,99.5,-0.7109750509262085,0.8680185395780522
UBFC_PHYS_s14_T1_ctrl,99,16,99.53333333333333,-1.0680359601974487,0.5964746750000282
UBFC_PHYS_s14_T1_ctrl,99,17,99.56666666666666,-1.2572124004364014,0.29028921610536457
UBFC_PHYS_s14_T1_ctrl,99,18,99.6,-1.059248924255371,-0.023220730193879952
UBFC_PHYS_s14_T1_ctrl,99,19,99.63333333333334,-0.5456534028053284,-0.3270023664709082
UBFC_PHYS_s14_T1_ctrl,99,20,99.66666666666667,-0.018708329647779465,-0.6087503723987082
UBFC_PHYS_s14_T1_ctrl,99,21,99.7,0.33105817437171936,-0.8542605578185296
UBFC_PHYS_s14_T1_ctrl,99,22,99.73333333333333,0.4930564761161804,-1.0431351617585005
UBFC_PHYS_s14_T1_ctrl,99,23,99.76666666666667,0.48773351311683655,-1.1488268036734484
UBFC_PHYS_s14_T1_ctrl,99,24,99.8,0.3892727792263031,-1.1437688311043894
UBFC_PHYS_s14_T1_ctrl,99,25,99.83333333333333,0.2974305748939514,-1.0088417002473968
UBFC_PHYS_s14_T1_ctrl,99,26,99.86666666666666,0.21967025101184845,-0.7441263045165122
UBFC_PHYS_s14_T1_ctrl,99,27,99.9,0.15134482085704803,-0.37593226790794226
UBFC_PHYS_s14_T1_ctrl,99,28,99.93333333333334,0.12151933461427689,0.04470862068587152
UBFC_PHYS_s14_T1_ctrl,99,29,99.96666666666667,0.05415147542953491,0.453406643911719
UBFC_PHYS_s14_T1_ctrl,99,30,100.0,-0.19557712972164154,0.7893889201459907
UBFC_PHYS_s14_T1_ctrl,99,31,100.03333333333333,-0.6260329484939575,1.0104498107344249
UBFC_PHYS_s14_T1_ctrl,99,32,100.06666666666666,-1.0203546285629272,1.1000245638268937
UBFC_PHYS_s14_T1_ctrl,99,33,100.1,-1.1020015478134155,1.0652880906552578
UBFC_PHYS_s14_T1_ctrl,99,34,100.13333333333334,-0.7491370439529419,0.9290407408325144
UBFC_PHYS_s14_T1_ctrl,99,35,100.16666666666667,-0.13713720440864563,0.7196425158396889
UBFC_PHYS_s14_T1_ctrl,99,36,100.2,0.4845791459083557,0.46278397077540856
UBFC_PHYS_s14_T1_ctrl,99,37,100.23333333333333,0.9984844326972961,0.17740335520976544
UBFC_PHYS_s14_T1_ctrl,99,38,100.26666666666667,1.2756727933883667,-0.12357785337674337
UBFC_PHYS_s14_T1_ctrl,99,39,100.3,1.18813955783844,-0.4286130188375755
UBFC_PHYS_s14_T1_ctrl,99,40,100.33333333333333,0.8787318468093872,-0.7213543763604147
UBFC_PHYS_s14_T1_ctrl,99,41,100.36666666666666,0.6272007822990417,-0.9761559604516865
UBFC_PHYS_s14_T1_ctrl,99,42,100.4,0.5226002931594849,-1.1581518405906561
UBFC_PHYS_s14_T1_ctrl,99,43,100.43333333333334,0.44875478744506836,-1.2292341117675234
UBFC_PHYS_s14_T1_ctrl,99,44,100.46666666666667,0.31630033254623413,-1.1588442659854155
UBFC_PHYS_s14_T1_ctrl,99,45,100.5,0.1461908519268036,-0.9361182359891195
UBFC_PHYS_s14_T1_ctrl,99,46,100.53333333333333,-0.04599907249212265,-0.5785982705708083
UBFC_PHYS_s14_T1_ctrl,99,47,100.56666666666666,-0.3248209059238434,-0.13317721696053267
UBFC_PHYS_s14_T1_ctrl,99,48,100.6,-0.7326048612594604,0.3326202946897921
UBFC_PHYS_s14_T1_ctrl,99,49,100.63333333333334,-1.1412619352340698,0.7469876198911167
UBFC_PHYS_s14_T1_ctrl,99,50,100.66666666666667,-1.2569307088851929,1.051923673602696
UBFC_PHYS_s14_T1_ctrl,99,51,100.7,-0.8761558532714844,1.2159372637551842
UBFC_PHYS_s14_T1_ctrl,99,52,100.73333333333333,-0.1174788549542427,1.2369605340019443
UBFC_PHYS_s14_T1_ctrl,99,53,100.76666666666667,0.6857814788818359,1.1358655263901274
UBFC_PHYS_s14_T1_ctrl,99,54,100.8,1.2548878192901611,0.9448555049543464
UBFC_PHYS_s14_T1_ctrl,99,55,100.83333333333333,1.4938297271728516,0.696163900083814
UBFC_PHYS_s14_T1_ctrl,99,56,100.86666666666666,1.4513022899627686,0.4149110731558009
UBFC_PHYS_s14_T1_ctrl,99,57,100.9,1.2759262323379517,0.11728856753751016
UBFC_PHYS_s14_T1_ctrl,99,58,100.93333333333334,1.1268832683563232,-0.18677358941763908
UBFC_PHYS_s14_T1_ctrl,99,59,100.96666666666667,1.04498291015625,-0.4882518956148737
UBFC_PHYS_s14_T1_ctrl,99,60,101.0,0.9336512684822083,-0.7731187386362179
UBFC_PHYS_s14_T1_ctrl,99,61,101.03333333333333,0.70411616563797,-1.018167396656672
UBFC_PHYS_s14_T1_ctrl,99,62,101.06666666666666,0.3976656198501587,-1.1908403083541472
UBFC_PHYS_s14_T1_ctrl,99,63,101.1,0.06921911984682083,-1.2545062766793815
UBFC_PHYS_s14_T1_ctrl,99,64,101.13333333333334,-0.26621198654174805,-1.1786611367086037
UBFC_PHYS_s14_T1_ctrl,99,65,101.16666666666667,-0.5712825059890747,-0.9511463421639119
UBFC_PHYS_s14_T1_ctrl,99,66,101.2,-0.848358154296875,-0.587834948615224
UBFC_PHYS_s14_T1_ctrl,99,67,101.23333333333333,-1.1958152055740356,-0.13500960807444254
UBFC_PHYS_s14_T1_ctrl,99,68,101.26666666666667,-1.6137945652008057,0.33862731677816327
UBFC_PHYS_s14_T1_ctrl,99,69,101.3,-1.848483681678772,0.7591468559683133
UBFC_PHYS_s14_T1_ctrl,99,70,101.33333333333333,-1.6485487222671509,1.0671985622230735
UBFC_PHYS_s14_T1_ctrl,99,71,101.36666666666666,-1.0046392679214478,1.2315924411616754
UBFC_PHYS_s14_T1_ctrl,99,72,101.4,-0.13981276750564575,1.2514850630313656
UBFC_PHYS_s14_T1_ctrl,99,73,101.43333333333334,0.6003043055534363,1.1484124404344775
UBFC_PHYS_s14_T1_ctrl,99,74,101.46666666666667,0.939115047454834,0.9537461047773392
UBFC_PHYS_s14_T1_ctrl,99,75,101.5,0.8960525989532471,0.6976670813874455
UBFC_PHYS_s14_T1_ctrl,99,76,101.53333333333333,0.7232393622398376,0.4033470947862616
UBFC_PHYS_s14_T1_ctrl,99,77,101.56666666666666,0.6141045689582825,0.08676797153349301
UBFC_PHYS_s14_T1_ctrl,99,78,101.6,0.6034586429595947,-0.23962138741623615
UBFC_PHYS_s14_T1_ctrl,99,79,101.63333333333334,0.6668835878372192,-0.561889369770308
UBFC_PHYS_s14_T1_ctrl,99,80,101.66666666666667,0.7396025657653809,-0.8603592209580551
UBFC_PHYS_s14_T1_ctrl,99,81,101.7,0.7527550458908081,-1.1076421356837798
UBFC_PHYS_s14_T1_ctrl,99,82,101.73333333333333,0.6666582822799683,-1.270186520150788
UBFC_PHYS_s14_T1_ctrl,99,83,101.76666666666667,0.44385427236557007,-1.314059375526098
UBFC_PHYS_s14_T1_ctrl,99,84,101.8,0.10555045306682587,-1.2143851971486377
UBFC_PHYS_s14_T1_ctrl,99,85,101.83333333333333,-0.24359644949436188,-0.9658410799112828
UBFC_PHYS_s14_T1_ctrl,99,86,101.86666666666666,-0.5504975914955139,-0.5897942552288687
UBFC_PHYS_s14_T1_ctrl,99,87,101.9,-0.8513998985290527,-0.13376373061320715
UBFC_PHYS_s14_T1_ctrl,99,88,101.93333333333334,-1.1568083763122559,0.33821432808270196
UBFC_PHYS_s14_T1_ctrl,99,89,101.96666666666667,-1.3491672277450562,0.7612782226401251
UBFC_PHYS_s14_T1_ctrl,99,90,102.0,-1.2090522050857544,1.0849904787381346
UBFC_PHYS_s14_T1_ctrl,99,91,102.03333333333333,-0.6288211941719055,1.2817212574589147
UBFC_PHYS_s14_T1_ctrl,99,92,102.06666666666666,0.14221975207328796,1.345808862377208
UBFC_PHYS_s14_T1_ctrl,99,93,102.1,0.7552053332328796,1.286244079055697
UBFC_PHYS_s14_T1_ctrl,99,94,102.13333333333334,1.0500805377960205,1.1182501934609153
UBFC_PHYS_s14_T1_ctrl,99,95,102.16666666666667,1.0463066101074219,0.8582458309352482
UBFC_PHYS_s14_T1_ctrl,99,96,102.2,0.8460336327552795,0.5235032060489226
UBFC_PHYS_s14_T1_ctrl,99,97,102.23333333333333,0.613766610622406,0.13478317894315378
UBFC_PHYS_s14_T1_ctrl,99,98,102.26666666666667,0.5071665644645691,-0.28080416663596713
UBFC_PHYS_s14_T1_ctrl,99,99,102.3,0.5699155330657959,-0.6887147947607504
UBFC_PHYS_s14_T1_ctrl,99,100,102.33333333333333,0.6925689578056335,-1.0484173141598834
UBFC_PHYS_s14_T1_ctrl,99,101,102.36666666666666,0.7004266977310181,-1.3173692808625082
UBFC_PHYS_s14_T1_ctrl,99,102,102.4,0.5132217407226562,-1.4573710379887481
UBFC_PHYS_s14_T1_ctrl,99,103,102.43333333333334,0.19440731406211853,-1.44269823683591
UBFC_PHYS_s14_T1_ctrl,99,104,102.46666666666667,-0.13584166765213013,-1.2680739426943692
UBFC_PHYS_s14_T1_ctrl,99,105,102.5,-0.3814583420753479,-0.9532075358635528
UBFC_PHYS_s14_T1_ctrl,99,106,102.53333333333333,-0.5541589260101318,-0.5407456801055157
UBFC_PHYS_s14_T1_ctrl,99,107,102.56666666666666,-0.7898901104927063,-0.08678853829360919
UBFC_PHYS_s14_T1_ctrl,99,108,102.6,-1.1143373250961304,0.35308216610105986
UBFC_PHYS_s14_T1_ctrl,99,109,102.63333333333334,-1.283263921737671,0.7363951301534024
UBFC_PHYS_s14_T1_ctrl,99,110,102.66666666666667,-1.027536392211914,1.0393395135643209
UBFC_PHYS_s14_T1_ctrl,99,111,102.7,-0.40579187870025635,1.2532932862977457
UBFC_PHYS_s14_T1_ctrl,99,112,102.73333333333333,0.26084575057029724,1.3756297607153811
UBFC_PHYS_s14_T1_ctrl,99,113,102.76666666666667,0.7278019189834595,1.4013486037458578
UBFC_PHYS_s14_T1_ctrl,99,114,102.8,0.925455629825592,1.3208644808728975
UBFC_PHYS_s14_T1_ctrl,99,115,102.83333333333333,0.8909831047058105,1.1249332154667808
UBFC_PHYS_s14_T1_ctrl,99,116,102.86666666666666,0.7816793322563171,0.8133610710299123
UBFC_PHYS_s14_T1_ctrl,99,117,102.9,0.7812287211418152,0.40229259031332754
UBFC_PHYS_s14_T1_ctrl,99,118,102.93333333333334,0.8999110460281372,-0.07376390651620585
UBFC_PHYS_s14_T1_ctrl,99,119,102.96666666666667,1.0224800109863281,-0.5658350208124293
UBFC_PHYS_s14_T1_ctrl,99,120,103.0,1.0747520923614502,-1.018194543188755
UBFC_PHYS_s14_T1_ctrl,99,121,103.03333333333333,1.0221701860427856,-1.376921542480847
UBFC_PHYS_s14_T1_ctrl,99,122,103.06666666666666,0.8553558588027954,-1.5974570283147194
UBFC_PHYS_s14_T1_ctrl,99,123,103.1,0.6171462535858154,-1.6508513138771406
UBFC_PHYS_s14_T1_ctrl,99,124,103.13333333333334,0.3528288006782532,-1.5287490486861874
UBFC_PHYS_s14_T1_ctrl,99,125,103.16666666666667,0.02846607193350792,-1.2462276001809276
UBFC_PHYS_s14_T1_ctrl,99,126,103.2,-0.4132271409034729,-0.8405461608873787
UBFC_PHYS_s14_T1_ctrl,99,127,103.23333333333333,-0.9127970337867737,-0.3643189679461541
UBFC_PHYS_s14_T1_ctrl,99,128,103.26666666666667,-1.246059536933899,0.12581493341137676
UBFC_PHYS_s14_T1_ctrl,99,129,103.3,-1.1817615032196045,0.580896698281908
UBFC_PHYS_s14_T1_ctrl,99,130,103.33333333333333,-0.6998503804206848,0.9665003613089322
UBFC_PHYS_s14_T1_ctrl,99,131,103.36666666666666,0.001823096303269267,1.2619190921917296
UBFC_PHYS_s14_T1_ctrl,99,132,103.4,0.6631096005439758,1.4538896315682297
UBFC_PHYS_s14_T1_ctrl,99,133,103.43333333333334,1.1176173686981201,1.530677298238329
UBFC_PHYS_s14_T1_ctrl,99,134,103.46666666666667,1.3073570728302002,1.4813630222729182
UBFC_PHYS_s14_T1_ctrl,99,135,103.5,1.2424676418304443,1.300839216056196
UBFC_PHYS_s14_T1_ctrl,99,136,103.53333333333333,1.012819766998291,0.996807208971036
UBFC_PHYS_s14_T1_ctrl,99,137,103.56666666666666,0.7803837656974792,0.593650713704054
UBFC_PHYS_s14_T1_ctrl,99,138,103.6,0.6452819108963013,0.13016737910738285
UBFC_PHYS_s14_T1_ctrl,99,139,103.63333333333334,0.5937421321868896,-0.34786131261779085
UBFC_PHYS_s14_T1_ctrl,99,140,103.66666666666667,0.5606215000152588,-0.7961219711838772
UBFC_PHYS_s14_T1_ctrl,99,141,103.7,0.46996214985847473,-1.1769625721408326
UBFC_PHYS_s14_T1_ctrl,99,142,103.73333333333333,0.2607894241809845,-1.4600575065484556
UBFC_PHYS_s14_T1_ctrl,99,143,103.76666666666667,-0.028790976852178574,-1.6207781918573125
UBFC_PHYS_s14_T1_ctrl,99,144,103.8,-0.3079507648944855,-1.6397119061264651
UBFC_PHYS_s14_T1_ctrl,99,145,103.83333333333333,-0.6223998665809631,-1.5054448566243548
UBFC_PHYS_s14_T1_ctrl,99,146,103.86666666666666,-1.0833289623260498,-1.220154520987325
UBFC_PHYS_s14_T1_ctrl,99,147,103.9,-1.6577019691467285,-0.8050142315709379
UBFC_PHYS_s14_T1_ctrl,99,148,103.93333333333334,-2.138430118560791,-0.3012768526303362
UBFC_PHYS_s14_T1_ctrl,99,149,103.96666666666667,-2.2638437747955322,0.23528412229515963
UBFC_PHYS_s14_T1_ctrl,99,150,104.0,-1.9327216148376465,0.7446037898001177
UBFC_PHYS_s14_T1_ctrl,99,151,104.03333333333333,-1.3418165445327759,1.1723785501393937
UBFC_PHYS_s14_T1_ctrl,99,152,104.06666666666666,-0.7574172019958496,1.4765186069131206
UBFC_PHYS_s14_T1_ctrl,99,153,104.1,-0.2358795553445816,1.630077812725095
UBFC_PHYS_s14_T1_ctrl,99,154,104.13333333333334,0.18128296732902527,1.62263269754829
UBFC_PHYS_s14_T1_ctrl,99,155,104.16666666666667,0.3667135536670685,1.4613963967377892
UBFC_PHYS_s14_T1_ctrl,99,156,104.2,0.325397253036499,1.1713221649484487
UBFC_PHYS_s14_T1_ctrl,99,157,104.23333333333333,0.24605976045131683,0.7921188866385818
UBFC_PHYS_s14_T1_ctrl,99,158,104.26666666666667,0.24972105026245117,0.37091969340962966
UBFC_PHYS_s14_T1_ctrl,99,159,104.3,0.2934594750404358,-0.04798624172786658
UBFC_PHYS_s14_T1_ctrl,99,160,104.33333333333333,0.3360150158405304,-0.4322253652574957
UBFC_PHYS_s14_T1_ctrl,99,161,104.36666666666666,0.3684034049510956,-0.7647396115850993
UBFC_PHYS_s14_T1_ctrl,99,162,104.4,0.3346913158893585,-1.0399759485093818
UBFC_PHYS_s14_T1_ctrl,99,163,104.43333333333334,0.19080233573913574,-1.2552725359988433
UBFC_PHYS_s14_T1_ctrl,99,164,104.46666666666667,0.0027806663420051336,-1.4020143257131388
UBFC_PHYS_s14_T1_ctrl,99,165,104.5,-0.10348143428564072,-1.4610223270776583
UBFC_PHYS_s14_T1_ctrl,99,166,104.53333333333333,-0.09706008434295654,-1.4050105093740435
UBFC_PHYS_s14_T1_ctrl,99,167,104.56666666666666,-0.10981829464435577,-1.2083411272342737
UBFC_PHYS_s14_T1_ctrl,99,168,104.6,-0.27221089601516724,-0.8612395046788839
UBFC_PHYS_s14_T1_ctrl,99,169,104.63333333333334,-0.5154899954795837,-0.38285398530202025
UBFC_PHYS_s14_T1_ctrl,99,170,104.66666666666667,-0.5829704999923706,0.1736241848946862
UBFC_PHYS_s14_T1_ctrl,99,171,104.7,-0.29020756483078003,0.7283153050826858
UBFC_PHYS_s14_T1_ctrl,99,172,104.73333333333333,0.2709565758705139,1.1933007594956346
UBFC_PHYS_s14_T1_ctrl,99,173,104.76666666666667,0.8408796787261963,1.495675009642834
UBFC_PHYS_s14_T1_ctrl,99,174,104.8,1.2444953918457031,1.5961363641993973
UBFC_PHYS_s14_T1_ctrl,99,175,104.83333333333333,1.4351081848144531,1.496666781654503
UBFC_PHYS_s14_T1_ctrl,99,176,104.86666666666666,1.3905248641967773,1.2358013176681826
UBFC_PHYS_s14_T1_ctrl,99,177,104.9,1.1536670923233032,0.8745687977901767
UBFC_PHYS_s14_T1_ctrl,99,178,104.93333333333334,0.8459491729736328,0.4783938268215909
UBFC_PHYS_s14_T1_ctrl,99,179,104.96666666666667,0.5855464339256287,0.10049720256329021
UBFC_PHYS_s14_T1_ctrl,99,180,105.0,0.42839235067367554,-0.22837940402646037
UBFC_PHYS_s14_T1_ctrl,99,181,105.03333333333333,0.3362966477870941,-0.5010795927410742
UBFC_PHYS_s14_T1_ctrl,99,182,105.06666666666666,0.19637878239154816,-0.7265032075520528
UBFC_PHYS_s14_T1_ctrl,99,183,105.1,-0.02904445119202137,-0.917141250425451
UBFC_PHYS_s14_T1_ctrl,99,184,105.13333333333334,-0.2668316066265106,-1.0766858506962225
UBFC_PHYS_s14_T1_ctrl,99,185,105.16666666666667,-0.4732724130153656,-1.1922691045720892
UBFC_PHYS_s14_T1_ctrl,99,186,105.2,-0.6789528131484985,-1.2344178809687103
UBFC_PHYS_s14_T1_ctrl,99,187,105.23333333333333,-0.8822392821311951,-1.1655720384627115
UBFC_PHYS_s14_T1_ctrl,99,188,105.26666666666667,-1.0687963962554932,-0.9551580267365292
UBFC_PHYS_s14_T1_ctrl,99,189,105.3,-1.2971768379211426,-0.5963965354324853
UBFC_PHYS_s14_T1_ctrl,99,190,105.33333333333333,-1.600388526916504,-0.11827132777340066
UBFC_PHYS_s14_T1_ctrl,99,191,105.36666666666666,-1.8844770193099976,0.41356782556377414
UBFC_PHYS_s14_T1_ctrl,99,192,105.4,-1.9825716018676758,0.9100261755743764
UBFC_PHYS_s14_T1_ctrl,99,193,105.43333333333334,-1.7334625720977783,1.2829673354258324
UBFC_PHYS_s14_T1_ctrl,99,194,105.46666666666667,-1.1111266613006592,1.4712839778588733
UBFC_PHYS_s14_T1_ctrl,99,195,105.5,-0.31724482774734497,1.457145647704066
UBFC_PHYS_s14_T1_ctrl,99,196,105.53333333333333,0.3830485939979553,1.2662484283053148
UBFC_PHYS_s14_T1_ctrl,99,197,105.56666666666666,0.8502019047737122,0.9541095989384212
UBFC_PHYS_s14_T1_ctrl,99,198,105.6,1.0275212526321411,0.5856821102932143
UBFC_PHYS_s14_T1_ctrl,99,199,105.63333333333334,0.9566892981529236,0.21645850903342395
UBFC_PHYS_s14_T1_ctrl,99,200,105.66666666666667,0.7983241081237793,-0.11882368425707146
UBFC_PHYS_s14_T1_ctrl,99,201,105.7,0.6875276565551758,-0.40742840080416615
UBFC_PHYS_s14_T1_ctrl,99,202,105.73333333333333,0.6442680358886719,-0.6513394979401347
UBFC_PHYS_s14_T1_ctrl,99,203,105.76666666666667,0.6261868476867676,-0.8557556913367362
UBFC_PHYS_s14_T1_ctrl,99,204,105.8,0.5647615790367126,-1.0184254253441332
UBFC_PHYS_s14_T1_ctrl,99,205,105.83333333333333,0.40698784589767456,-1.1240270103221157
UBFC_PHYS_s14_T1_ctrl,99,206,105.86666666666666,0.1472892314195633,-1.1460466243197465
UBFC_PHYS_s14_T1_ctrl,99,207,105.9,-0.16769494116306305,-1.056084522689521
UBFC_PHYS_s14_T1_ctrl,99,208,105.93333333333334,-0.46172523498535156,-0.8375004112925447
UBFC_PHYS_s14_T1_ctrl,99,209,105.96666666666667,-0.6862190365791321,-0.49796956244914836
UBFC_PHYS_s14_T1_ctrl,99,210,106.0,-0.8575677275657654,-0.07516665444991949
UBFC_PHYS_s14_T1_ctrl,99,211,106.03333333333333,-1.0343801975250244,0.368072975460066
UBFC_PHYS_s14_T1_ctrl,99,212,106.06666666666666,-1.2899950742721558,0.7586553408156024
UBFC_PHYS_s14_T1_ctrl,99,213,106.1,-1.6048102378845215,1.0331275025931583
UBFC_PHYS_s14_T1_ctrl,99,214,106.13333333333334,-1.7301392555236816,1.1545846959889092
UBFC_PHYS_s14_T1_ctrl,99,215,106.16666666666667,-1.4076071977615356,1.119633311336645
UBFC_PHYS_s14_T1_ctrl,99,216,106.2,-0.7424903512001038,0.9535953765968777
UBFC_PHYS_s14_T1_ctrl,99,217,106.23333333333333,-0.05870095640420914,0.6978050312205895
UBFC_PHYS_s14_T1_ctrl,99,218,106.26666666666667,0.4786929190158844,0.3953526035792235
UBFC_PHYS_s14_T1_ctrl,99,219,106.3,0.8357256650924683,0.08076087101356212
UBFC_PHYS_s14_T1_ctrl,99,220,106.33333333333333,0.9547741413116455,-0.2235221964524053
UBFC_PHYS_s14_T1_ctrl,99,221,106.36666666666666,0.8835760354995728,-0.5039670669250252
UBFC_PHYS_s14_T1_ctrl,99,222,106.4,0.820010244846344,-0.7488695542217627
UBFC_PHYS_s14_T1_ctrl,99,223,106.43333333333334,0.8830690979957581,-0.9414212068150125
UBFC_PHYS_s14_T1_ctrl,99,224,106.46666666666667,1.0054690837860107,-1.056851904567016
UBFC_PHYS_s14_T1_ctrl,99,225,106.5,1.0933401584625244,-1.0659550197197554
UBFC_PHYS_s14_T1_ctrl,99,226,106.53333333333333,1.0879608392715454,-0.9447529284815683
UBFC_PHYS_s14_T1_ctrl,99,227,106.56666666666666,0.8776616454124451,-0.6870801152161512
UBFC_PHYS_s14_T1_ctrl,99,228,106.6,0.40110158920288086,-0.3144652226381602
UBFC_PHYS_s14_T1_ctrl,99,229,106.63333333333334,-0.19847799837589264,0.12242175867686814
UBFC_PHYS_s14_T1_ctrl,99,230,106.66666666666667,-0.7389980554580688,0.5534126755887142
UBFC_PHYS_s14_T1_ctrl,99,231,106.7,-1.2264574766159058,0.9071419748830919
UBFC_PHYS_s14_T1_ctrl,99,232,106.73333333333333,-1.7295197248458862,1.1310418983268675
UBFC_PHYS_s14_T1_ctrl,99,233,106.76666666666667,-2.0803563594818115,1.2048215932865762
UBFC_PHYS_s14_T1_ctrl,99,234,106.8,-1.9712496995925903,1.1422772494743823
UBFC_PHYS_s14_T1_ctrl,99,235,106.83333333333333,-1.382259726524353,0.9816323450852132
UBFC_PHYS_s14_T1_ctrl,99,236,106.86666666666666,-0.6146829724311829,0.7691933780065621
UBFC_PHYS_s14_T1_ctrl,99,237,106.9,0.043026767671108246,0.5430957079150902
UBFC_PHYS_s14_T1_ctrl,99,238,106.93333333333334,0.476073682308197,0.32300971777470966
UBFC_PHYS_s14_T1_ctrl,99,239,106.96666666666667,0.6361005306243896,0.10889999738127697
UBFC_PHYS_s14_T1_ctrl,100,0,100.0,-0.19557712972164154,-0.09340968355176843
UBFC_PHYS_s14_T1_ctrl,100,1,100.03333333333333,-0.6260329484939575,0.08867023506025265
UBFC_PHYS_s14_T1_ctrl,100,2,100.06666666666666,-1.0203546285629272,0.2341896240011616
UBFC_PHYS_s14_T1_ctrl,100,3,100.1,-1.1020015478134155,0.31065927483612216
UBFC_PHYS_s14_T1_ctrl,100,4,100.13333333333334,-0.7491370439529419,0.2968361992629776
UBFC_PHYS_s14_T1_ctrl,100,5,100.16666666666667,-0.13713720440864563,0.18678013686697123
UBFC_PHYS_s14_T1_ctrl,100,6,100.2,0.4845791459083557,-0.00874802815096759
UBFC_PHYS_s14_T1_ctrl,100,7,100.23333333333333,0.9984844326972961,-0.2642981036687916
UBFC_PHYS_s14_T1_ctrl,100,8,100.26666666666667,1.2756727933883667,-0.5446235840227914
UBFC_PHYS_s14_T1_ctrl,100,9,100.3,1.18813955783844,-0.8107818430265186
UBFC_PHYS_s14_T1_ctrl,100,10,100.33333333333333,0.8787318468093872,-1.025605930992865
UBFC_PHYS_s14_T1_ctrl,100,11,100.36666666666666,0.6272007822990417,-1.157562015187022
UBFC_PHYS_s14_T1_ctrl,100,12,100.4,0.5226002931594849,-1.1832546131499224
UBFC_PHYS_s14_T1_ctrl,100,13,100.43333333333334,0.44875478744506836,-1.0896382781523408
UBFC_PHYS_s14_T1_ctrl,100,14,100.46666666666667,0.31630033254623413,-0.8767466653226691
UBFC_PHYS_s14_T1_ctrl,100,15,100.5,0.1461908519268036,-0.5605268006474898
UBFC_PHYS_s14_T1_ctrl,100,16,100.53333333333333,-0.04599907249212265,-0.17389882363087347
UBFC_PHYS_s14_T1_ctrl,100,17,100.56666666666666,-0.3248209059238434,0.23640491359532687
UBFC_PHYS_s14_T1_ctrl,100,18,100.6,-0.7326048612594604,0.618427387541729
UBFC_PHYS_s14_T1_ctrl,100,19,100.63333333333334,-1.1412619352340698,0.9271242845655299
UBFC_PHYS_s14_T1_ctrl,100,20,100.66666666666667,-1.2569307088851929,1.1348497784885936
UBFC_PHYS_s14_T1_ctrl,100,21,100.7,-0.8761558532714844,1.2347543468448292
UBFC_PHYS_s14_T1_ctrl,100,22,100.73333333333333,-0.1174788549542427,1.2358893734540166
UBFC_PHYS_s14_T1_ctrl,100,23,100.76666666666667,0.6857814788818359,1.1539381372198763
UBFC_PHYS_s14_T1_ctrl,100,24,100.8,1.2548878192901611,1.003240386900728
UBFC_PHYS_s14_T1_ctrl,100,25,100.83333333333333,1.4938297271728516,0.7937002568619334
UBFC_PHYS_s14_T1_ctrl,100,26,100.86666666666666,1.4513022899627686,0.5324981134948178
UBFC_PHYS_s14_T1_ctrl,100,27,100.9,1.2759262323379517,0.2280372240506331
UBFC_PHYS_s14_T1_ctrl,100,28,100.93333333333334,1.1268832683563232,-0.10635522625121388
UBFC_PHYS_s14_T1_ctrl,100,29,100.96666666666667,1.04498291015625,-0.450063594505802
UBFC_PHYS_s14_T1_ctrl,100,30,101.0,0.9336512684822083,-0.7744524574708496
UBFC_PHYS_s14_T1_ctrl,100,31,101.03333333333333,0.70411616563797,-1.0441426905174778
UBFC_PHYS_s14_T1_ctrl,100,32,101.06666666666666,0.3976656198501587,-1.220887478964747
UBFC_PHYS_s14_T1_ctrl,100,33,101.1,0.06921911984682083,-1.270321946405435
UBFC_PHYS_s14_T1_ctrl,100,34,101.13333333333334,-0.26621198654174805,-1.170767271690017
UBFC_PHYS_s14_T1_ctrl,100,35,101.16666666666667,-0.5712825059890747,-0.9218197687358031
UBFC_PHYS_s14_T1_ctrl,100,36,101.2,-0.848358154296875,-0.549431217086261
UBFC_PHYS_s14_T1_ctrl,100,37,101.23333333333333,-1.1958152055740356,-0.10429097335238192
UBFC_PHYS_s14_T1_ctrl,100,38,101.26666666666667,-1.6137945652008057,0.34793461175545426
UBFC_PHYS_s14_T1_ctrl,100,39,101.3,-1.848483681678772,0.7423817298635992
UBFC_PHYS_s14_T1_ctrl,100,40,101.33333333333333,-1.6485487222671509,1.0306737713686447
UBFC_PHYS_s14_T1_ctrl,100,41,101.36666666666666,-1.0046392679214478,1.1895780923594466
UBFC_PHYS_s14_T1_ctrl,100,42,101.4,-0.13981276750564575,1.219818692789603
UBFC_PHYS_s14_T1_ctrl,100,43,101.43333333333334,0.6003043055534363,1.137811608600438
UBFC_PHYS_s14_T1_ctrl,100,44,101.46666666666667,0.939115047454834,0.9657413650718594
UBFC_PHYS_s14_T1_ctrl,100,45,101.5,0.8960525989532471,0.7244247628182321
UBFC_PHYS_s14_T1_ctrl,100,46,101.53333333333333,0.7232393622398376,0.4306346460333936
UBFC_PHYS_s14_T1_ctrl,100,47,101.56666666666666,0.6141045689582825,0.09819124504214659
UBFC_PHYS_s14_T1_ctrl,100,48,101.6,0.6034586429595947,-0.2586527128605561
UBFC_PHYS_s14_T1_ctrl,100,49,101.63333333333334,0.6668835878372192,-0.6209723605996547
UBFC_PHYS_s14_T1_ctrl,100,50,101.66666666666667,0.7396025657653809,-0.9617440350767685
UBFC_PHYS_s14_T1_ctrl,100,51,101.7,0.7527550458908081,-1.2450739540818465
UBFC_PHYS_s14_T1_ctrl,100,52,101.73333333333333,0.6666582822799683,-1.4293714418493002
UBFC_PHYS_s14_T1_ctrl,100,53,101.76666666666667,0.44385427236557007,-1.4746818024802544
UBFC_PHYS_s14_T1_ctrl,100,54,101.8,0.10555045306682587,-1.353184244797537
UBFC_PHYS_s14_T1_ctrl,100,55,101.83333333333333,-0.24359644949436188,-1.0603397963383852
UBFC_PHYS_s14_T1_ctrl,100,56,101.86666666666666,-0.5504975914955139,-0.62254853148537
UBFC_PHYS_s14_T1_ctrl,100,57,101.9,-0.8513998985290527,-0.09679644473264952
UBFC_PHYS_s14_T1_ctrl,100,58,101.93333333333334,-1.1568083763122559,0.4400640134863371
UBFC_PHYS_s14_T1_ctrl,100,59,101.96666666666667,-1.3491672277450562,0.9101298839476839
UBFC_PHYS_s14_T1_ctrl,100,60,102.0,-1.2090522050857544,1.2541026614975221
UBFC_PHYS_s14_T1_ctrl,100,61,102.03333333333333,-0.6288211941719055,1.4431313791787517
UBFC_PHYS_s14_T1_ctrl,100,62,102.06666666666666,0.14221975207328796,1.4784028317794546
UBFC_PHYS_s14_T1_ctrl,100,63,102.1,0.7552053332328796,1.3807371721045822
UBFC_PHYS_s14_T1_ctrl,100,64,102.13333333333334,1.0500805377960205,1.1769570781436614
UBFC_PHYS_s14_T1_ctrl,100,65,102.16666666666667,1.0463066101074219,0.8899856852429091
UBFC_PHYS_s14_T1_ctrl,100,66,102.2,0.8460336327552795,0.5361995932900975
UBFC_PHYS_s14_T1_ctrl,100,67,102.23333333333333,0.613766610622406,0.1293323616193575
UBFC_PHYS_s14_T1_ctrl,100,68,102.26666666666667,0.5071665644645691,-0.3122715217343364
UBFC_PHYS_s14_T1_ctrl,100,69,102.3,0.5699155330657959,-0.7588880096614892
UBFC_PHYS_s14_T1_ctrl,100,70,102.33333333333333,0.6925689578056335,-1.166627701865395
UBFC_PHYS_s14_T1_ctrl,100,71,102.36666666666666,0.7004266977310181,-1.4809798070008848
UBFC_PHYS_s14_T1_ctrl,100,72,102.4,0.5132217407226562,-1.6469932124083675
UBFC_PHYS_s14_T1_ctrl,100,73,102.43333333333334,0.19440731406211853,-1.6238686500928257
UBFC_PHYS_s14_T1_ctrl,100,74,102.46666666666667,-0.13584166765213013,-1.39943405534658
UBFC_PHYS_s14_T1_ctrl,100,75,102.5,-0.3814583420753479,-0.9986939462562312
UBFC_PHYS_s14_T1_ctrl,100,76,102.53333333333333,-0.5541589260101318,-0.48139430054827426
UBFC_PHYS_s14_T1_ctrl,100,77,102.56666666666666,-0.7898901104927063,0.07252692692018373
UBFC_PHYS_s14_T1_ctrl,100,78,102.6,-1.1143373250961304,0.5844969096855256
UBFC_PHYS_s14_T1_ctrl,100,79,102.63333333333334,-1.283263921737671,0.9965406225833313
UBFC_PHYS_s14_T1_ctrl,100,80,102.66666666666667,-1.027536392211914,1.2802457441656068
UBFC_PHYS_s14_T1_ctrl,100,81,102.7,-0.40579187870025635,1.43338711470551
UBFC_PHYS_s14_T1_ctrl,100,82,102.73333333333333,0.26084575057029724,1.468528909246449
UBFC_PHYS_s14_T1_ctrl,100,83,102.76666666666667,0.7278019189834595,1.4009469316641785
UBFC_PHYS_s14_T1_ctrl,100,84,102.8,0.925455629825592,1.2414421320466569
UBFC_PHYS_s14_T1_ctrl,100,85,102.83333333333333,0.8909831047058105,0.995523623025706
UBFC_PHYS_s14_T1_ctrl,100,86,102.86666666666666,0.7816793322563171,0.6673658306024177
UBFC_PHYS_s14_T1_ctrl,100,87,102.9,0.7812287211418152,0.2658668323320498
UBFC_PHYS_s14_T1_ctrl,100,88,102.93333333333334,0.8999110460281372,-0.18962302269431372
UBFC_PHYS_s14_T1_ctrl,100,89,102.96666666666667,1.0224800109863281,-0.6657264777532963
UBFC_PHYS_s14_T1_ctrl,100,90,103.0,1.0747520923614502,-1.1150442683299986
UBFC_PHYS_s14_T1_ctrl,100,91,103.03333333333333,1.0221701860427856,-1.480754823109642
UBFC_PHYS_s14_T1_ctrl,100,92,103.06666666666666,0.8553558588027954,-1.705921968001183
UBFC_PHYS_s14_T1_ctrl,100,93,103.1,0.6171462535858154,-1.7461659192088237
UBFC_PHYS_s14_T1_ctrl,100,94,103.13333333333334,0.3528288006782532,-1.5826563257302866
UBFC_PHYS_s14_T1_ctrl,100,95,103.16666666666667,0.02846607193350792,-1.2309687199818469
UBFC_PHYS_s14_T1_ctrl,100,96,103.2,-0.4132271409034729,-0.7411888231471533
UBFC_PHYS_s14_T1_ctrl,100,97,103.23333333333333,-0.9127970337867737,-0.1871701531568066
UBFC_PHYS_s14_T1_ctrl,100,98,103.26666666666667,-1.246059536933899,0.35210234619745495
UBFC_PHYS_s14_T1_ctrl,100,99,103.3,-1.1817615032196045,0.8117080298349942
UBFC_PHYS_s14_T1_ctrl,100,100,103.33333333333333,-0.6998503804206848,1.1527958726409675
UBFC_PHYS_s14_T1_ctrl,100,101,103.36666666666666,0.001823096303269267,1.3635400692841169
UBFC_PHYS_s14_T1_ctrl,100,102,103.4,0.6631096005439758,1.4510466957769699
UBFC_PHYS_s14_T1_ctrl,100,103,103.43333333333334,1.1176173686981201,1.4302555289322194
UBFC_PHYS_s14_T1_ctrl,100,104,103.46666666666667,1.3073570728302002,1.3156580603831758
UBFC_PHYS_s14_T1_ctrl,100,105,103.5,1.2424676418304443,1.118324136170802
UBFC_PHYS_s14_T1_ctrl,100,106,103.53333333333333,1.012819766998291,0.8471795322072666
UBFC_PHYS_s14_T1_ctrl,100,107,103.56666666666666,0.7803837656974792,0.5118586877844228
UBFC_PHYS_s14_T1_ctrl,100,108,103.6,0.6452819108963013,0.1252286003157219
UBFC_PHYS_s14_T1_ctrl,100,109,103.63333333333334,0.5937421321868896,-0.2946654131350592
UBFC_PHYS_s14_T1_ctrl,100,110,103.66666666666667,0.5606215000152588,-0.7227500652019171
UBFC_PHYS_s14_T1_ctrl,100,111,103.7,0.46996214985847473,-1.1252616334617105
UBFC_PHYS_s14_T1_ctrl,100,112,103.73333333333333,0.2607894241809845,-1.4595306916378032
UBFC_PHYS_s14_T1_ctrl,100,113,103.76666666666667,-0.028790976852178574,-1.677217632473903
UBFC_PHYS_s14_T1_ctrl,100,114,103.8,-0.3079507648944855,-1.7324714450784646
UBFC_PHYS_s14_T1_ctrl,100,115,103.83333333333333,-0.6223998665809631,-1.5944431561953285
UBFC_PHYS_s14_T1_ctrl,100,116,103.86666666666666,-1.0833289623260498,-1.2606595857845817
UBFC_PHYS_s14_T1_ctrl,100,117,103.9,-1.6577019691467285,-0.7653888472481954
UBFC_PHYS_s14_T1_ctrl,100,118,103.93333333333334,-2.138430118560791,-0.17717026699174937
UBFC_PHYS_s14_T1_ctrl,100,119,103.96666666666667,-2.2638437747955322,0.41625526931640827
UBFC_PHYS_s14_T1_ctrl,100,120,104.0,-1.9327216148376465,0.930423833849322
UBFC_PHYS_s14_T1_ctrl,100,121,104.03333333333333,-1.3418165445327759,1.3043368473038055
UBFC_PHYS_s14_T1_ctrl,100,122,104.06666666666666,-0.7574172019958496,1.5106115196512326
UBFC_PHYS_s14_T1_ctrl,100,123,104.1,-0.2358795553445816,1.553836531037628
UBFC_PHYS_s14_T1_ctrl,100,124,104.13333333333334,0.18128296732902527,1.4606090950652704
UBFC_PHYS_s14_T1_ctrl,100,125,104.16666666666667,0.3667135536670685,1.2668887605352113
UBFC_PHYS_s14_T1_ctrl,100,126,104.2,0.325397253036499,1.0074386068204175
UBFC_PHYS_s14_T1_ctrl,100,127,104.23333333333333,0.24605976045131683,0.7096118915642692
UBFC_PHYS_s14_T1_ctrl,100,128,104.26666666666667,0.24972105026245117,0.39136158034756624
UBFC_PHYS_s14_T1_ctrl,100,129,104.3,0.2934594750404358,0.062341818828865914
UBFC_PHYS_s14_T1_ctrl,100,130,104.33333333333333,0.3360150158405304,-0.2726574139874565
UBFC_PHYS_s14_T1_ctrl,100,131,104.36666666666666,0.3684034049510956,-0.6083516969983429
UBFC_PHYS_s14_T1_ctrl,100,132,104.4,0.3346913158893585,-0.9328537958907044
UBFC_PHYS_s14_T1_ctrl,100,133,104.43333333333334,0.19080233573913574,-1.223092695026763
UBFC_PHYS_s14_T1_ctrl,100,134,104.46666666666667,0.0027806663420051336,-1.4442002957588342
UBFC_PHYS_s14_T1_ctrl,100,135,104.5,-0.10348143428564072,-1.5543539585740642
UBFC_PHYS_s14_T1_ctrl,100,136,104.53333333333333,-0.09706008434295654,-1.514906777142264
UBFC_PHYS_s14_T1_ctrl,100,137,104.56666666666666,-0.10981829464435577,-1.3035731553497096
UBFC_PHYS_s14_T1_ctrl,100,138,104.6,-0.27221089601516724,-0.9264452136319726
UBFC_PHYS_s14_T1_ctrl,100,139,104.63333333333334,-0.5154899954795837,-0.42360138884263016
UBFC_PHYS_s14_T1_ctrl,100,140,104.66666666666667,-0.5829704999923706,0.135860310758896
UBFC_PHYS_s14_T1_ctrl,100,141,104.7,-0.29020756483078003,0.6695188793531305
UBFC_PHYS_s14_T1_ctrl,100,142,104.73333333333333,0.2709565758705139,1.102476527022947
UBFC_PHYS_s14_T1_ctrl,100,143,104.76666666666667,0.8408796787261963,1.3846625477916135
UBFC_PHYS_s14_T1_ctrl,100,144,104.8,1.2444953918457031,1.498359129391359
UBFC_PHYS_s14_T1_ctrl,100,145,104.83333333333333,1.4351081848144531,1.455203812027832
UBFC_PHYS_s14_T1_ctrl,100,146,104.86666666666666,1.3905248641967773,1.28620979090797
UBFC_PHYS_s14_T1_ctrl,100,147,104.9,1.1536670923233032,1.0298201776663953
UBFC_PHYS_s14_T1_ctrl,100,148,104.93333333333334,0.8459491729736328,0.7221330736343982
UBFC_PHYS_s14_T1_ctrl,100,149,104.96666666666667,0.5855464339256287,0.39136814554476174
UBFC_PHYS_s14_T1_ctrl,100,150,105.0,0.42839235067367554,0.05663776658525433
UBFC_PHYS_s14_T1_ctrl,100,151,105.03333333333333,0.3362966477870941,-0.2700702050418793
UBFC_PHYS_s14_T1_ctrl,100,152,105.06666666666666,0.19637878239154816,-0.5800096452473078
UBFC_PHYS_s14_T1_ctrl,100,153,105.1,-0.02904445119202137,-0.8630741683413401
UBFC_PHYS_s14_T1_ctrl,100,154,105.13333333333334,-0.2668316066265106,-1.103745497423415
UBFC_PHYS_s14_T1_ctrl,100,155,105.16666666666667,-0.4732724130153656,-1.2790803607526349
UBFC_PHYS_s14_T1_ctrl,100,156,105.2,-0.6789528131484985,-1.3601446790797116
UBFC_PHYS_s14_T1_ctrl,100,157,105.23333333333333,-0.8822392821311951,-1.3176537936871193
UBFC_PHYS_s14_T1_ctrl,100,158,105.26666666666667,-1.0687963962554932,-1.131288355870795
UBFC_PHYS_s14_T1_ctrl,100,159,105.3,-1.2971768379211426,-0.8003685864333373
UBFC_PHYS_s14_T1_ctrl,100,160,105.33333333333333,-1.600388526916504,-0.3518805746123635
UBFC_PHYS_s14_T1_ctrl,100,161,105.36666666666666,-1.8844770193099976,0.15864172825745637
UBFC_PHYS_s14_T1_ctrl,100,162,105.4,-1.9825716018676758,0.6561638631410313
UBFC_PHYS_s14_T1_ctrl,100,163,105.43333333333334,-1.7334625720977783,1.0637914287302046
UBFC_PHYS_s14_T1_ctrl,100,164,105.46666666666667,-1.1111266613006592,1.322726058571672
UBFC_PHYS_s14_T1_ctrl,100,165,105.5,-0.31724482774734497,1.406195165260814
UBFC_PHYS_s14_T1_ctrl,100,166,105.53333333333333,0.3830485939979553,1.3220469336357268
UBFC_PHYS_s14_T1_ctrl,100,167,105.56666666666666,0.8502019047737122,1.1044403831577687
UBFC_PHYS_s14_T1_ctrl,100,168,105.6,1.0275212526321411,0.799582505604266
UBFC_PHYS_s14_T1_ctrl,100,169,105.63333333333334,0.9566892981529236,0.4519067204525527
UBFC_PHYS_s14_T1_ctrl,100,170,105.66666666666667,0.7983241081237793,0.09557523940012706
UBFC_PHYS_s14_T1_ctrl,100,171,105.7,0.6875276565551758,-0.24694427490845283
UBFC_PHYS_s14_T1_ctrl,100,172,105.73333333333333,0.6442680358886719,-0.5605721122801082
UBFC_PHYS_s14_T1_ctrl,100,173,105.76666666666667,0.6261868476867676,-0.830862614044944
UBFC_PHYS_s14_T1_ctrl,100,174,105.8,0.5647615790367126,-1.0384995747131014
UBFC_PHYS_s14_T1_ctrl,100,175,105.83333333333333,0.40698784589767456,-1.1579483770393506
UBFC_PHYS_s14_T1_ctrl,100,176,105.86666666666666,0.1472892314195633,-1.1616657956310532
UBFC_PHYS_s14_T1_ctrl,100,177,105.9,-0.16769494116306305,-1.0292236552247729
UBFC_PHYS_s14_T1_ctrl,100,178,105.93333333333334,-0.46172523498535156,-0.7583959262430039
UBFC_PHYS_s14_T1_ctrl,100,179,105.96666666666667,-0.6862190365791321,-0.37347777364335144
UBFC_PHYS_s14_T1_ctrl,100,180,106.0,-0.8575677275657654,0.0740236894252875
UBFC_PHYS_s14_T1_ctrl,100,181,106.03333333333333,-1.0343801975250244,0.5146176776692375
UBFC_PHYS_s14_T1_ctrl,100,182,106.06666666666666,-1.2899950742721558,0.8775155716456652
UBFC_PHYS_s14_T1_ctrl,100,183,106.1,-1.6048102378845215,1.1084081006398478
UBFC_PHYS_s14_T1_ctrl,100,184,106.13333333333334,-1.7301392555236816,1.1816242165403847
UBFC_PHYS_s14_T1_ctrl,100,185,106.16666666666667,-1.4076071977615356,1.1028138227995912
UBFC_PHYS_s14_T1_ctrl,100,186,106.2,-0.7424903512001038,0.9023078700620513
UBFC_PHYS_s14_T1_ctrl,100,187,106.23333333333333,-0.05870095640420914,0.6227078827462295
UBFC_PHYS_s14_T1_ctrl,100,188,106.26666666666667,0.4786929190158844,0.305916761038486
UBFC_PHYS_s14_T1_ctrl,100,189,106.3,0.8357256650924683,-0.015632856648672408
UBFC_PHYS_s14_T1_ctrl,100,190,106.33333333333333,0.9547741413116455,-0.3210128811564711
UBFC_PHYS_s14_T1_ctrl,100,191,106.36666666666666,0.8835760354995728,-0.5966121276100524
UBFC_PHYS_s14_T1_ctrl,100,192,106.4,0.820010244846344,-0.8289495919517931
UBFC_PHYS_s14_T1_ctrl,100,193,106.43333333333334,0.8830690979957581,-0.9989644848722148
UBFC_PHYS_s14_T1_ctrl,100,194,106.46666666666667,1.0054690837860107,-1.0814959368765802
UBFC_PHYS_s14_T1_ctrl,100,195,106.5,1.0933401584625244,-1.051210181971545
UBFC_PHYS_s14_T1_ctrl,100,196,106.53333333333333,1.0879608392715454,-0.8930725003329667
UBFC_PHYS_s14_T1_ctrl,100,197,106.56666666666666,0.8776616454124451,-0.612862068823577
UBFC_PHYS_s14_T1_ctrl,100,198,106.6,0.40110158920288086,-0.24241854402055318
UBFC_PHYS_s14_T1_ctrl,100,199,106.63333333333334,-0.19847799837589264,0.16388582282205627
UBFC_PHYS_s14_T1_ctrl,100,200,106.66666666666667,-0.7389980554580688,0.5409938037458115
UBFC_PHYS_s14_T1_ctrl,100,201,106.7,-1.2264574766159058,0.828992854181157
UBFC_PHYS_s14_T1_ctrl,100,202,106.73333333333333,-1.7295197248458862,0.9870362782413957
UBFC_PHYS_s14_T1_ctrl,100,203,106.76666666666667,-2.0803563594818115,1.0007345195303514
UBFC_PHYS_s14_T1_ctrl,100,204,106.8,-1.9712496995925903,0.8814974098808758
UBFC_PHYS_s14_T1_ctrl,100,205,106.83333333333333,-1.382259726524353,0.6595181275410655
UBFC_PHYS_s14_T1_ctrl,100,206,106.86666666666666,-0.6146829724311829,0.37394679505186007
UBFC_PHYS_s14_T1_ctrl,100,207,106.9,0.043026767671108246,0.06395165471867298
UBFC_PHYS_s14_T1_ctrl,100,208,106.93333333333334,0.476073682308197,-0.23678849771241653
UBFC_PHYS_s14_T1_ctrl,100,209,106.96666666666667,0.6361005306243896,-0.5014730397328393
UBFC_PHYS_s14_T1_ctrl,100,210,107.0,0.5509049892425537,-0.7086189626893286
UBFC_PHYS_s14_T1_ctrl,100,211,107.03333333333333,0.39789092540740967,-0.8398473515569217
UBFC_PHYS_s14_T1_ctrl,100,212,107.06666666666666,0.3335084319114685,-0.879284090171232
UBFC_PHYS_s14_T1_ctrl,100,213,107.1,0.3368035852909088,-0.8157905051254623
UBFC_PHYS_s14_T1_ctrl,100,214,107.13333333333334,0.3152301013469696,-0.6476077139220402
UBFC_PHYS_s14_T1_ctrl,100,215,107.16666666666667,0.2356109768152237,-0.3872365862319938
UBFC_PHYS_s14_T1_ctrl,100,216,107.2,0.10969053208827972,-0.06325597640314698
UBFC_PHYS_s14_T1_ctrl,100,217,107.23333333333333,-0.06937504559755325,0.2834466811978076
UBFC_PHYS_s14_T1_ctrl,100,218,107.26666666666667,-0.3227367699146271,0.6086022635219602
UBFC_PHYS_s14_T1_ctrl,100,219,107.3,-0.6574919819831848,0.8748672245735225
UBFC_PHYS_s14_T1_ctrl,100,220,107.33333333333333,-1.0482368469238281,1.0584436669568198
UBFC_PHYS_s14_T1_ctrl,100,221,107.36666666666666,-1.3648263216018677,1.1490684765745698
UBFC_PHYS_s14_T1_ctrl,100,222,107.4,-1.3580951690673828,1.1449757496846087
UBFC_PHYS_s14_T1_ctrl,100,223,107.43333333333334,-0.9189367294311523,1.0476811013842005
UBFC_PHYS_s14_T1_ctrl,100,224,107.46666666666667,-0.2742668390274048,0.8605785928974145
UBFC_PHYS_s14_T1_ctrl,100,225,107.5,0.2813771963119507,0.5918263404431933
UBFC_PHYS_s14_T1_ctrl,100,226,107.53333333333333,0.6610255241394043,0.2589620908374118
UBFC_PHYS_s14_T1_ctrl,100,227,107.56666666666666,0.8402318954467773,-0.10819455960995387
UBFC_PHYS_s14_T1_ctrl,100,228,107.6,0.7580780386924744,-0.4686060234983638
UBFC_PHYS_s14_T1_ctrl,100,229,107.63333333333334,0.5383439064025879,-0.7754402561884187
UBFC_PHYS_s14_T1_ctrl,100,230,107.66666666666667,0.40459391474723816,-0.9849832876190484
UBFC_PHYS_s14_T1_ctrl,100,231,107.7,0.3821755051612854,-1.067299845551155
UBFC_PHYS_s14_T1_ctrl,100,232,107.73333333333333,0.3384370803833008,-1.0158848479904774
UBFC_PHYS_s14_T1_ctrl,100,233,107.76666666666667,0.19761797785758972,-0.8527649238808332
UBFC_PHYS_s14_T1_ctrl,100,234,107.8,-0.03132572025060654,-0.6258197051362796
UBFC_PHYS_s14_T1_ctrl,100,235,107.83333333333333,-0.32625725865364075,-0.3971113655757915
UBFC_PHYS_s14_T1_ctrl,100,236,107.86666666666666,-0.7111158967018127,-0.224520917455171
UBFC_PHYS_s14_T1_ctrl,100,237,107.9,-1.219444751739502,-0.14261036207293884
UBFC_PHYS_s14_T1_ctrl,100,238,107.93333333333334,-1.7284494638442993,-0.15037538461826155
UBFC_PHYS_s14_T1_ctrl,100,239,107.96666666666667,-1.948549747467041,-0.21171497205350678
UBFC_PHYS_s14_T1_ctrl,101,0,101.0,0.9336512684822083,0.10728018744657448
UBFC_PHYS_s14_T1_ctrl,101,1,101.03333333333333,0.70411616563797,0.007251274899485519
UBFC_PHYS_s14_T1_ctrl,101,2,101.06666666666666,0.3976656198501587,-0.04352013721319426
UBFC_PHYS_s14_T1_ctrl,101,3,101.1,0.06921911984682083,-0.007299960639800362
UBFC_PHYS_s14_T1_ctrl,101,4,101.13333333333334,-0.26621198654174805,0.13171546364685544
UBFC_PHYS_s14_T1_ctrl,101,5,101.16666666666667,-0.5712825059890747,0.36274274484594704
UBFC_PHYS_s14_T1_ctrl,101,6,101.2,-0.848358154296875,0.6502880709668456
UBFC_PHYS_s14_T1_ctrl,101,7,101.23333333333333,-1.1958152055740356,0.942765972385391
UBFC_PHYS_s14_T1_ctrl,101,8,101.26666666666667,-1.6137945652008057,1.1858341324750956
UBFC_PHYS_s14_T1_ctrl,101,9,101.3,-1.848483681678772,1.3362795361621744
UBFC_PHYS_s14_T1_ctrl,101,10,101.33333333333333,-1.6485487222671509,1.3715486177339578
UBFC_PHYS_s14_T1_ctrl,101,11,101.36666666666666,-1.0046392679214478,1.2916463148288944
UBFC_PHYS_s14_T1_ctrl,101,12,101.4,-0.13981276750564575,1.1137459970612646
UBFC_PHYS_s14_T1_ctrl,101,13,101.43333333333334,0.6003043055534363,0.8631032377913955
UBFC_PHYS_s14_T1_ctrl,101,14,101.46666666666667,0.939115047454834,0.5646424457668181
UBFC_PHYS_s14_T1_ctrl,101,15,101.5,0.8960525989532471,0.2381322103299547
UBFC_PHYS_s14_T1_ctrl,101,16,101.53333333333333,0.7232393622398376,-0.10233221164871587
UBFC_PHYS_s14_T1_ctrl,101,17,101.56666666666666,0.6141045689582825,-0.44556066625681845
UBFC_PHYS_s14_T1_ctrl,101,18,101.6,0.6034586429595947,-0.7790023881839181
UBFC_PHYS_s14_T1_ctrl,101,19,101.63333333333334,0.6668835878372192,-1.0848184485941046
UBFC_PHYS_s14_T1_ctrl,101,20,101.66666666666667,0.7396025657653809,-1.337926898849139
UBFC_PHYS_s14_T1_ctrl,101,21,101.7,0.7527550458908081,-1.5073092269011836
UBFC_PHYS_s14_T1_ctrl,101,22,101.73333333333333,0.6666582822799683,-1.561191705252605
UBFC_PHYS_s14_T1_ctrl,101,23,101.76666666666667,0.44385427236557007,-1.4754927958030624
UBFC_PHYS_s14_T1_ctrl,101,24,101.8,0.10555045306682587,-1.2432885281345352
UBFC_PHYS_s14_T1_ctrl,101,25,101.83333333333333,-0.24359644949436188,-0.8817271179832563
UBFC_PHYS_s14_T1_ctrl,101,26,101.86666666666666,-0.5504975914955139,-0.43276378411653504
UBFC_PHYS_s14_T1_ctrl,101,27,101.9,-0.8513998985290527,0.044117534694262106
UBFC_PHYS_s14_T1_ctrl,101,28,101.93333333333334,-1.1568083763122559,0.4856946279817512
UBFC_PHYS_s14_T1_ctrl,101,29,101.96666666666667,-1.3491672277450562,0.8404579946026115
UBFC_PHYS_s14_T1_ctrl,101,30,102.0,-1.2090522050857544,1.0794350872141547
UBFC_PHYS_s14_T1_ctrl,101,31,102.03333333333333,-0.6288211941719055,1.1979023413237937
UBFC_PHYS_s14_T1_ctrl,101,32,102.06666666666666,0.14221975207328796,1.2080923823104255
UBFC_PHYS_s14_T1_ctrl,101,33,102.1,0.7552053332328796,1.1275865671336482
UBFC_PHYS_s14_T1_ctrl,101,34,102.13333333333334,1.0500805377960205,0.9697689767084301
UBFC_PHYS_s14_T1_ctrl,101,35,102.16666666666667,1.0463066101074219,0.740850226556488
UBFC_PHYS_s14_T1_ctrl,101,36,102.2,0.8460336327552795,0.44392982570621103
UBFC_PHYS_s14_T1_ctrl,101,37,102.23333333333333,0.613766610622406,0.08689849121960322
UBFC_PHYS_s14_T1_ctrl,101,38,102.26666666666667,0.5071665644645691,-0.3103244102357356
UBFC_PHYS_s14_T1_ctrl,101,39,102.3,0.5699155330657959,-0.7126940677375015
UBFC_PHYS_s14_T1_ctrl,101,40,102.33333333333333,0.6925689578056335,-1.0724520563384174
UBFC_PHYS_s14_T1_ctrl,101,41,102.36666666666666,0.7004266977310181,-1.336540373363052
UBFC_PHYS_s14_T1_ctrl,101,42,102.4,0.5132217407226562,-1.4574611181947892
UBFC_PHYS_s14_T1_ctrl,101,43,102.43333333333334,0.19440731406211853,-1.4052561019183987
UBFC_PHYS_s14_T1_ctrl,101,44,102.46666666666667,-0.13584166765213013,-1.1773012238310598
UBFC_PHYS_s14_T1_ctrl,101,45,102.5,-0.3814583420753479,-0.8021021551520031
UBFC_PHYS_s14_T1_ctrl,101,46,102.53333333333333,-0.5541589260101318,-0.3343451291867947
UBFC_PHYS_s14_T1_ctrl,101,47,102.56666666666666,-0.7898901104927063,0.15841266618496094
UBFC_PHYS_s14_T1_ctrl,101,48,102.6,-1.1143373250961304,0.6128345845294162
UBFC_PHYS_s14_T1_ctrl,101,49,102.63333333333334,-1.283263921737671,0.9836380011557615
UBFC_PHYS_s14_T1_ctrl,101,50,102.66666666666667,-1.027536392211914,1.248595263352561
UBFC_PHYS_s14_T1_ctrl,101,51,102.7,-0.40579187870025635,1.4038322918948902
UBFC_PHYS_s14_T1_ctrl,101,52,102.73333333333333,0.26084575057029724,1.4537359740061844
UBFC_PHYS_s14_T1_ctrl,101,53,102.76666666666667,0.7278019189834595,1.4021452202473852
UBFC_PHYS_s14_T1_ctrl,101,54,102.8,0.925455629825592,1.2495229435250497
UBFC_PHYS_s14_T1_ctrl,101,55,102.83333333333333,0.8909831047058105,0.9964033439138723
UBFC_PHYS_s14_T1_ctrl,101,56,102.86666666666666,0.7816793322563171,0.6497859257234322
UBFC_PHYS_s14_T1_ctrl,101,57,102.9,0.7812287211418152,0.2282359161896904
UBFC_PHYS_s14_T1_ctrl,101,58,102.93333333333334,0.8999110460281372,-0.23677560629330155
UBFC_PHYS_s14_T1_ctrl,101,59,102.96666666666667,1.0224800109863281,-0.7032223431289786
UBFC_PHYS_s14_T1_ctrl,101,60,103.0,1.0747520923614502,-1.1231735433623755
UBFC_PHYS_s14_T1_ctrl,101,61,103.03333333333333,1.0221701860427856,-1.4484995374210679
UBFC_PHYS_s14_T1_ctrl,101,62,103.06666666666666,0.8553558588027954,-1.6371256497928388
UBFC_PHYS_s14_T1_ctrl,101,63,103.1,0.6171462535858154,-1.65970470176597
UBFC_PHYS_s14_T1_ctrl,101,64,103.13333333333334,0.3528288006782532,-1.5060997312650568
UBFC_PHYS_s14_T1_ctrl,101,65,103.16666666666667,0.02846607193350792,-1.190039830826668
UBFC_PHYS_s14_T1_ctrl,101,66,103.2,-0.4132271409034729,-0.7496054137819685
UBFC_PHYS_s14_T1_ctrl,101,67,103.23333333333333,-0.9127970337867737,-0.24177513132475528
UBFC_PHYS_s14_T1_ctrl,101,68,103.26666666666667,-1.246059536933899,0.2685924641983931
UBFC_PHYS_s14_T1_ctrl,101,69,103.3,-1.1817615032196045,0.7222088956847033
UBFC_PHYS_s14_T1_ctrl,101,70,103.33333333333333,-0.6998503804206848,1.0763674306580193
UBFC_PHYS_s14_T1_ctrl,101,71,103.36666666666666,0.001823096303269267,1.3094377097821506
UBFC_PHYS_s14_T1_ctrl,101,72,103.4,0.6631096005439758,1.4181174943382593
UBFC_PHYS_s14_T1_ctrl,101,73,103.43333333333334,1.1176173686981201,1.4103603763313413
UBFC_PHYS_s14_T1_ctrl,101,74,103.46666666666667,1.3073570728302002,1.2983565028600024
UBFC_PHYS_s14_T1_ctrl,101,75,103.5,1.2424676418304443,1.09469982423211
UBFC_PHYS_s14_T1_ctrl,101,76,103.53333333333333,1.012819766998291,0.8121503850304524
UBFC_PHYS_s14_T1_ctrl,101,77,103.56666666666666,0.7803837656974792,0.46530049212424285
UBFC_PHYS_s14_T1_ctrl,101,78,103.6,0.6452819108963013,0.0723274755903315
UBFC_PHYS_s14_T1_ctrl,101,79,103.63333333333334,0.5937421321868896,-0.3438516521817852
UBFC_PHYS_s14_T1_ctrl,101,80,103.66666666666667,0.5606215000152588,-0.7548287670040644
UBFC_PHYS_s14_T1_ctrl,101,81,103.7,0.46996214985847473,-1.1262925198736886
UBFC_PHYS_s14_T1_ctrl,101,82,103.73333333333333,0.2607894241809845,-1.4188093178881527
UBFC_PHYS_s14_T1_ctrl,101,83,103.76666666666667,-0.028790976852178574,-1.5913385296089193
UBFC_PHYS_s14_T1_ctrl,101,84,103.8,-0.3079507648944855,-1.608502193481298
UBFC_PHYS_s14_T1_ctrl,101,85,103.83333333333333,-0.6223998665809631,-1.450800290869901
UBFC_PHYS_s14_T1_ctrl,101,86,103.86666666666666,-1.0833289623260498,-1.1245772290063765
UBFC_PHYS_s14_T1_ctrl,101,87,103.9,-1.6577019691467285,-0.6668687288617263
UBFC_PHYS_s14_T1_ctrl,101,88,103.93333333333334,-2.138430118560791,-0.14076214015207097
UBFC_PHYS_s14_T1_ctrl,101,89,103.96666666666667,-2.2638437747955322,0.37924050337481924
UBFC_PHYS_s14_T1_ctrl,101,90,104.0,-1.9327216148376465,0.8263904104118163
UBFC_PHYS_s14_T1_ctrl,101,91,104.03333333333333,-1.3418165445327759,1.156658054427389
UBFC_PHYS_s14_T1_ctrl,101,92,104.06666666666666,-0.7574172019958496,1.3535573331565462
UBFC_PHYS_s14_T1_ctrl,101,93,104.1,-0.2358795553445816,1.4230057379368546
UBFC_PHYS_s14_T1_ctrl,101,94,104.13333333333334,0.18128296732902527,1.3830238467493785
UBFC_PHYS_s14_T1_ctrl,101,95,104.16666666666667,0.3667135536670685,1.2540439071542315
UBFC_PHYS_s14_T1_ctrl,101,96,104.2,0.325397253036499,1.0533924130215098
UBFC_PHYS_s14_T1_ctrl,101,97,104.23333333333333,0.24605976045131683,0.7942720577026746
UBFC_PHYS_s14_T1_ctrl,101,98,104.26666666666667,0.24972105026245117,0.48748427041954784
UBFC_PHYS_s14_T1_ctrl,101,99,104.3,0.2934594750404358,0.14394810557234436
UBFC_PHYS_s14_T1_ctrl,101,100,104.33333333333333,0.3360150158405304,-0.22286395834423312
UBFC_PHYS_s14_T1_ctrl,101,101,104.36666666666666,0.3684034049510956,-0.594588258140404
UBFC_PHYS_s14_T1_ctrl,101,102,104.4,0.3346913158893585,-0.9460305398746569
UBFC_PHYS_s14_T1_ctrl,101,103,104.43333333333334,0.19080233573913574,-1.2447550170025736
UBFC_PHYS_s14_T1_ctrl,101,104,104.46666666666667,0.0027806663420051336,-1.4535641499461476
UBFC_PHYS_s14_T1_ctrl,101,105,104.5,-0.10348143428564072,-1.5364355415831565
UBFC_PHYS_s14_T1_ctrl,101,106,104.53333333333333,-0.09706008434295654,-1.4669786606139328
UBFC_PHYS_s14_T1_ctrl,101,107,104.56666666666666,-0.10981829464435577,-1.2370857641455075
UBFC_PHYS_s14_T1_ctrl,101,108,104.6,-0.27221089601516724,-0.8629037710646953
UBFC_PHYS_s14_T1_ctrl,101,109,104.63333333333334,-0.5154899954795837,-0.38560794211787064
UBFC_PHYS_s14_T1_ctrl,101,110,104.66666666666667,-0.5829704999923706,0.1344014638234394
UBFC_PHYS_s14_T1_ctrl,101,111,104.7,-0.29020756483078003,0.629149781441021
UBFC_PHYS_s14_T1_ctrl,101,112,104.73333333333333,0.2709565758705139,1.0372135212843174
UBFC_PHYS_s14_T1_ctrl,101,113,104.76666666666667,0.8408796787261963,1.3155160394997918
UBFC_PHYS_s14_T1_ctrl,101,114,104.8,1.2444953918457031,1.4450803917869017
UBFC_PHYS_s14_T1_ctrl,101,115,104.83333333333333,1.4351081848144531,1.4298758853135138
UBFC_PHYS_s14_T1_ctrl,101,116,104.86666666666666,1.3905248641967773,1.2906741497171468
UBFC_PHYS_s14_T1_ctrl,101,117,104.9,1.1536670923233032,1.0570355869859167
UBFC_PHYS_s14_T1_ctrl,101,118,104.93333333333334,0.8459491729736328,0.7599006479574175
UBFC_PHYS_s14_T1_ctrl,101,119,104.96666666666667,0.5855464339256287,0.426135737126589
UBFC_PHYS_s14_T1_ctrl,101,120,105.0,0.42839235067367554,0.07598066596756592
UBFC_PHYS_s14_T1_ctrl,101,121,105.03333333333333,0.3362966477870941,-0.27597988061293627
UBFC_PHYS_s14_T1_ctrl,101,122,105.06666666666666,0.19637878239154816,-0.616842663747936
UBFC_PHYS_s14_T1_ctrl,101,123,105.1,-0.02904445119202137,-0.930327954094821
UBFC_PHYS_s14_T1_ctrl,101,124,105.13333333333334,-0.2668316066265106,-1.1931740734175316
UBFC_PHYS_s14_T1_ctrl,101,125,105.16666666666667,-0.4732724130153656,-1.3750973251395133
UBFC_PHYS_s14_T1_ctrl,101,126,105.2,-0.6789528131484985,-1.4432149304090782
UBFC_PHYS_s14_T1_ctrl,101,127,105.23333333333333,-0.8822392821311951,-1.3701867663893204
UBFC_PHYS_s14_T1_ctrl,101,128,105.26666666666667,-1.0687963962554932,-1.1437694215278205
UBFC_PHYS_s14_T1_ctrl,101,129,105.3,-1.2971768379211426,-0.7746403164401487
UBFC_PHYS_s14_T1_ctrl,101,130,105.33333333333333,-1.600388526916504,-0.29959031706814543
UBFC_PHYS_s14_T1_ctrl,101,131,105.36666666666666,-1.8844770193099976,0.2218140051955187
UBFC_PHYS_s14_T1_ctrl,101,132,105.4,-1.9825716018676758,0.7175094784170605
UBFC_PHYS_s14_T1_ctrl,101,133,105.43333333333334,-1.7334625720977783,1.1182449243010186
UBFC_PHYS_s14_T1_ctrl,101,134,105.46666666666667,-1.1111266613006592,1.3732257762536222
UBFC_PHYS_s14_T1_ctrl,101,135,105.5,-0.31724482774734497,1.4603183033699656
UBFC_PHYS_s14_T1_ctrl,101,136,105.53333333333333,0.3830485939979553,1.3872006716149976
UBFC_PHYS_s14_T1_ctrl,101,137,105.56666666666666,0.8502019047737122,1.1839304871033616
UBFC_PHYS_s14_T1_ctrl,101,138,105.6,1.0275212526321411,0.890859764158176
UBFC_PHYS_s14_T1_ctrl,101,139,105.63333333333334,0.9566892981529236,0.5470069353472032
UBFC_PHYS_s14_T1_ctrl,101,140,105.66666666666667,0.7983241081237793,0.18272414061720002
UBFC_PHYS_s14_T1_ctrl,101,141,105.7,0.6875276565551758,-0.18181978408163202
UBFC_PHYS_s14_T1_ctrl,101,142,105.73333333333333,0.6442680358886719,-0.5327755243501069
UBFC_PHYS_s14_T1_ctrl,101,143,105.76666666666667,0.6261868476867676,-0.8554239024773956
UBFC_PHYS_s14_T1_ctrl,101,144,105.8,0.5647615790367126,-1.1272304068505916
UBFC_PHYS_s14_T1_ctrl,101,145,105.83333333333333,0.40698784589767456,-1.3152460982260954
UBFC_PHYS_s14_T1_ctrl,101,146,105.86666666666666,0.1472892314195633,-1.3805961263603304
UBFC_PHYS_s14_T1_ctrl,101,147,105.9,-0.16769494116306305,-1.2897954602390906
UBFC_PHYS_s14_T1_ctrl,101,148,105.93333333333334,-0.46172523498535156,-1.0291946067772577
UBFC_PHYS_s14_T1_ctrl,101,149,105.96666666666667,-0.6862190365791321,-0.6166037116181613
UBFC_PHYS_s14_T1_ctrl,101,150,106.0,-0.8575677275657654,-0.10434248884524197
UBFC_PHYS_s14_T1_ctrl,101,151,106.03333333333333,-1.0343801975250244,0.42917527087566354
UBFC_PHYS_s14_T1_ctrl,101,152,106.06666666666666,-1.2899950742721558,0.8976373719631765
UBFC_PHYS_s14_T1_ctrl,101,153,106.1,-1.6048102378845215,1.228717021695474
UBFC_PHYS_s14_T1_ctrl,101,154,106.13333333333334,-1.7301392555236816,1.3814560789230648
UBFC_PHYS_s14_T1_ctrl,101,155,106.16666666666667,-1.4076071977615356,1.3527236108634904
UBFC_PHYS_s14_T1_ctrl,101,156,106.2,-0.7424903512001038,1.171485487263157
UBFC_PHYS_s14_T1_ctrl,101,157,106.23333333333333,-0.05870095640420914,0.8848964143246901
UBFC_PHYS_s14_T1_ctrl,101,158,106.26666666666667,0.4786929190158844,0.5425259193060968
UBFC_PHYS_s14_T1_ctrl,101,159,106.3,0.8357256650924683,0.1843337641336353
UBFC_PHYS_s14_T1_ctrl,101,160,106.33333333333333,0.9547741413116455,-0.16422103710575126
UBFC_PHYS_s14_T1_ctrl,101,161,106.36666666666666,0.8835760354995728,-0.48941393518701554
UBFC_PHYS_s14_T1_ctrl,101,162,106.4,0.820010244846344,-0.7811761977544647
UBFC_PHYS_s14_T1_ctrl,101,163,106.43333333333334,0.8830690979957581,-1.02408597954693
UBFC_PHYS_s14_T1_ctrl,101,164,106.46666666666667,1.0054690837860107,-1.192265571077206
UBFC_PHYS_s14_T1_ctrl,101,165,106.5,1.0933401584625244,-1.2515844175089261
UBFC_PHYS_s14_T1_ctrl,101,166,106.53333333333333,1.0879608392715454,-1.1695658357795473
UBFC_PHYS_s14_T1_ctrl,101,167,106.56666666666666,0.8776616454124451,-0.9298619530185736
UBFC_PHYS_s14_T1_ctrl,101,168,106.6,0.40110158920288086,-0.5454638702548258
UBFC_PHYS_s14_T1_ctrl,101,169,106.63333333333334,-0.19847799837589264,-0.0641608376039483
UBFC_PHYS_s14_T1_ctrl,101,170,106.66666666666667,-0.7389980554580688,0.43808958830805694
UBFC_PHYS_s14_T1_ctrl,101,171,106.7,-1.2264574766159058,0.8752543458245658
UBFC_PHYS_s14_T1_ctrl,101,172,106.73333333333333,-1.7295197248458862,1.174190723272953
UBFC_PHYS_s14_T1_ctrl,101,173,106.76666666666667,-2.0803563594818115,1.2930053087131834
UBFC_PHYS_s14_T1_ctrl,101,174,106.8,-1.9712496995925903,1.2280298098082014
UBFC_PHYS_s14_T1_ctrl,101,175,106.83333333333333,-1.382259726524353,1.0085645569890165
UBFC_PHYS_s14_T1_ctrl,101,176,106.86666666666666,-0.6146829724311829,0.6835967575666234
UBFC_PHYS_s14_T1_ctrl,101,177,106.9,0.043026767671108246,0.3067832207145752
UBFC_PHYS_s14_T1_ctrl,101,178,106.93333333333334,0.476073682308197,-0.0749605776745783
UBFC_PHYS_s14_T1_ctrl,101,179,106.96666666666667,0.6361005306243896,-0.4266174638836237
UBFC_PHYS_s14_T1_ctrl,101,180,107.0,0.5509049892425537,-0.7241871946803633
UBFC_PHYS_s14_T1_ctrl,101,181,107.03333333333333,0.39789092540740967,-0.9501409806256195
UBFC_PHYS_s14_T1_ctrl,101,182,107.06666666666666,0.3335084319114685,-1.0886635681465848
UBFC_PHYS_s14_T1_ctrl,101,183,107.1,0.3368035852909088,-1.1238527045397209
UBFC_PHYS_s14_T1_ctrl,101,184,107.13333333333334,0.3152301013469696,-1.042430622567398
UBFC_PHYS_s14_T1_ctrl,101,185,107.16666666666667,0.2356109768152237,-0.8401025737837267
UBFC_PHYS_s14_T1_ctrl,101,186,107.2,0.10969053208827972,-0.5284623538168537
UBFC_PHYS_s14_T1_ctrl,101,187,107.23333333333333,-0.06937504559755325,-0.13854568178544455
UBFC_PHYS_s14_T1_ctrl,101,188,107.26666666666667,-0.3227367699146271,0.28157409851914683
UBFC_PHYS_s14_T1_ctrl,101,189,107.3,-0.6574919819831848,0.6750097451493259
UBFC_PHYS_s14_T1_ctrl,101,190,107.33333333333333,-1.0482368469238281,0.9872563860491387
UBFC_PHYS_s14_T1_ctrl,101,191,107.36666666666666,-1.3648263216018677,1.1764256495852838
UBFC_PHYS_s14_T1_ctrl,101,192,107.4,-1.3580951690673828,1.2196896765373997
UBFC_PHYS_s14_T1_ctrl,101,193,107.43333333333334,-0.9189367294311523,1.115212254153501
UBFC_PHYS_s14_T1_ctrl,101,194,107.46666666666667,-0.2742668390274048,0.8803956652098823
UBFC_PHYS_s14_T1_ctrl,101,195,107.5,0.2813771963119507,0.5478447212130327
UBFC_PHYS_s14_T1_ctrl,101,196,107.53333333333333,0.6610255241394043,0.16035719066101953
UBFC_PHYS_s14_T1_ctrl,101,197,107.56666666666666,0.8402318954467773,-0.2341339327953241
UBFC_PHYS_s14_T1_ctrl,101,198,107.6,0.7580780386924744,-0.5871970627975222
UBFC_PHYS_s14_T1_ctrl,101,199,107.63333333333334,0.5383439064025879,-0.8542086322895421
UBFC_PHYS_s14_T1_ctrl,101,200,107.66666666666667,0.40459391474723816,-0.9989645636264274
UBFC_PHYS_s14_T1_ctrl,101,201,107.7,0.3821755051612854,-0.9991483490468764
UBFC_PHYS_s14_T1_ctrl,101,202,107.73333333333333,0.3384370803833008,-0.8521063533934663
UBFC_PHYS_s14_T1_ctrl,101,203,107.76666666666667,0.19761797785758972,-0.5787479153459963
UBFC_PHYS_s14_T1_ctrl,101,204,107.8,-0.03132572025060654,-0.22243258132626523
UBFC_PHYS_s14_T1_ctrl,101,205,107.83333333333333,-0.32625725865364075,0.1591238389788299
UBFC_PHYS_s14_T1_ctrl,101,206,107.86666666666666,-0.7111158967018127,0.5074311586463959
UBFC_PHYS_s14_T1_ctrl,101,207,107.9,-1.219444751739502,0.7772303598597411
UBFC_PHYS_s14_T1_ctrl,101,208,107.93333333333334,-1.7284494638442993,0.9448540108158502
UBFC_PHYS_s14_T1_ctrl,101,209,107.96666666666667,-1.948549747467041,1.00748820023144
UBFC_PHYS_s14_T1_ctrl,101,210,108.0,-1.6817820072174072,0.9748841789981323
UBFC_PHYS_s14_T1_ctrl,101,211,108.03333333333333,-1.0032873153686523,0.8590797530705653
UBFC_PHYS_s14_T1_ctrl,101,212,108.06666666666666,-0.2010127454996109,0.6679618589626652
UBFC_PHYS_s14_T1_ctrl,101,213,108.1,0.4850016236305237,0.4054507165893034
UBFC_PHYS_s14_T1_ctrl,101,214,108.13333333333334,0.9112892150878906,0.07706420492176518
UBFC_PHYS_s14_T1_ctrl,101,215,108.16666666666667,1.0168753862380981,-0.30297712241735064
UBFC_PHYS_s14_T1_ctrl,101,216,108.2,0.8848152160644531,-0.7069813199908499
UBFC_PHYS_s14_T1_ctrl,101,217,108.23333333333333,0.7370960116386414,-1.0936106519823936
UBFC_PHYS_s14_T1_ctrl,101,218,108.26666666666667,0.7061157822608948,-1.4127925888917507
UBFC_PHYS_s14_T1_ctrl,101,219,108.3,0.6956388354301453,-1.6148340442450182
UBFC_PHYS_s14_T1_ctrl,101,220,108.33333333333333,0.6137102842330933,-1.6617791120018788
UBFC_PHYS_s14_T1_ctrl,101,221,108.36666666666666,0.500491738319397,-1.5381573328724467
UBFC_PHYS_s14_T1_ctrl,101,222,108.4,0.3772749900817871,-1.257705931094588
UBFC_PHYS_s14_T1_ctrl,101,223,108.43333333333334,0.19206970930099487,-0.8629213637158644
UBFC_PHYS_s14_T1_ctrl,101,224,108.46666666666667,-0.10336877405643463,-0.41598061458136576
UBFC_PHYS_s14_T1_ctrl,101,225,108.5,-0.5466391444206238,0.017109361309972593
UBFC_PHYS_s14_T1_ctrl,101,226,108.53333333333333,-1.0474764108657837,0.38346086952031805
UBFC_PHYS_s14_T1_ctrl,101,227,108.56666666666666,-1.287967324256897,0.654313702881741
UBFC_PHYS_s14_T1_ctrl,101,228,108.6,-1.0739504098892212,0.8259785884637563
UBFC_PHYS_s14_T1_ctrl,101,229,108.63333333333334,-0.5468926429748535,0.9119021797854134
UBFC_PHYS_s14_T1_ctrl,101,230,108.66666666666667,0.08887746930122375,0.9312833271980738
UBFC_PHYS_s14_T1_ctrl,101,231,108.7,0.6996944546699524,0.9005294576951371
UBFC_PHYS_s14_T1_ctrl,101,232,108.73333333333333,1.0886086225509644,0.8310581421534331
UBFC_PHYS_s14_T1_ctrl,101,233,108.76666666666667,1.1315021514892578,0.7325202369864087
UBFC_PHYS_s14_T1_ctrl,101,234,108.8,0.9770799279212952,0.6172516971851736
UBFC_PHYS_s14_T1_ctrl,101,235,108.83333333333333,0.8229674696922302,0.5015710727952304
UBFC_PHYS_s14_T1_ctrl,101,236,108.86666666666666,0.7147902250289917,0.4023888529779312
UBFC_PHYS_s14_T1_ctrl,101,237,108.9,0.6190895438194275,0.3311120852731072
UBFC_PHYS_s14_T1_ctrl,101,238,108.93333333333334,0.469483345746994,0.28851752615513826
UBFC_PHYS_s14_T1_ctrl,101,239,108.96666666666667,0.2029409408569336,0.2637066323190561
UBFC_PHYS_s14_T1_ctrl,102,0,102.0,-1.2090522050857544,-0.0458696450686109
UBFC_PHYS_s14_T1_ctrl,102,1,102.03333333333333,-0.6288211941719055,-0.0017485733708064335
UBFC_PHYS_s14_T1_ctrl,102,2,102.06666666666666,0.14221975207328796,0.041055610004446574
UBFC_PHYS_s14_T1_ctrl,102,3,102.1,0.7552053332328796,0.0782626591791
UBFC_PHYS_s14_T1_ctrl,102,4,102.13333333333334,1.0500805377960205,0.10227903311606514
UBFC_PHYS_s14_T1_ctrl,102,5,102.16666666666667,1.0463066101074219,0.1035650555247875
UBFC_PHYS_s14_T1_ctrl,102,6,102.2,0.8460336327552795,0.07373825932147168
UBFC_PHYS_s14_T1_ctrl,102,7,102.23333333333333,0.613766610622406,0.009066328504611237
UBFC_PHYS_s14_T1_ctrl,102,8,102.26666666666667,0.5071665644645691,-0.08691384794444362
UBFC_PHYS_s14_T1_ctrl,102,9,102.3,0.5699155330657959,-0.2023230444683424
UBFC_PHYS_s14_T1_ctrl,102,10,102.33333333333333,0.6925689578056335,-0.31764432090058586
UBFC_PHYS_s14_T1_ctrl,102,11,102.36666666666666,0.7004266977310181,-0.4083748796294824
UBFC_PHYS_s14_T1_ctrl,102,12,102.4,0.5132217407226562,-0.4498226763583716
UBFC_PHYS_s14_T1_ctrl,102,13,102.43333333333334,0.19440731406211853,-0.42371559372486556
UBFC_PHYS_s14_T1_ctrl,102,14,102.46666666666667,-0.13584166765213013,-0.32496740911312644
UBFC_PHYS_s14_T1_ctrl,102,15,102.5,-0.3814583420753479,-0.16561490289296704
UBFC_PHYS_s14_T1_ctrl,102,16,102.53333333333333,-0.5541589260101318,0.02707632728732725
UBFC_PHYS_s14_T1_ctrl,102,17,102.56666666666666,-0.7898901104927063,0.21897401720199935
UBFC_PHYS_s14_T1_ctrl,102,18,102.6,-1.1143373250961304,0.38050182198283367
UBFC_PHYS_s14_T1_ctrl,102,19,102.63333333333334,-1.283263921737671,0.4953123618027066
UBFC_PHYS_s14_T1_ctrl,102,20,102.66666666666667,-1.027536392211914,0.5621106907121961
UBFC_PHYS_s14_T1_ctrl,102,21,102.7,-0.40579187870025635,0.589770582433606
UBFC_PHYS_s14_T1_ctrl,102,22,102.73333333333333,0.26084575057029724,0.5893702880060756
UBFC_PHYS_s14_T1_ctrl,102,23,102.76666666666667,0.7278019189834595,0.567465292875077
UBFC_PHYS_s14_T1_ctrl,102,24,102.8,0.925455629825592,0.5229263437531401
UBFC_PHYS_s14_T1_ctrl,102,25,102.83333333333333,0.8909831047058105,0.44732165964746906
UBFC_PHYS_s14_T1_ctrl,102,26,102.86666666666666,0.7816793322563171,0.3280887141765523
UBFC_PHYS_s14_T1_ctrl,102,27,102.9,0.7812287211418152,0.15393496729447712
UBFC_PHYS_s14_T1_ctrl,102,28,102.93333333333334,0.8999110460281372,-0.07843648824461226
UBFC_PHYS_s14_T1_ctrl,102,29,102.96666666666667,1.0224800109863281,-0.358102575976764
UBFC_PHYS_s14_T1_ctrl,102,30,103.0,1.0747520923614502,-0.656702313379521
UBFC_PHYS_s14_T1_ctrl,102,31,103.03333333333333,1.0221701860427856,-0.9304441108662934
UBFC_PHYS_s14_T1_ctrl,102,32,103.06666666666666,0.8553558588027954,-1.1280776462266218
UBFC_PHYS_s14_T1_ctrl,102,33,103.1,0.6171462535858154,-1.203406899068077
UBFC_PHYS_s14_T1_ctrl,102,34,103.13333333333334,0.3528288006782532,-1.128907008218743
UBFC_PHYS_s14_T1_ctrl,102,35,103.16666666666667,0.02846607193350792,-0.9057836644554776
UBFC_PHYS_s14_T1_ctrl,102,36,103.2,-0.4132271409034729,-0.5660429975610749
UBFC_PHYS_s14_T1_ctrl,102,37,103.23333333333333,-0.9127970337867737,-0.1646098267976268
UBFC_PHYS_s14_T1_ctrl,102,38,103.26666666666667,-1.246059536933899,0.23613313641844239
UBFC_PHYS_s14_T1_ctrl,102,39,103.3,-1.1817615032196045,0.5832752048722031
UBFC_PHYS_s14_T1_ctrl,102,40,103.33333333333333,-0.6998503804206848,0.845003228735749
UBFC_PHYS_s14_T1_ctrl,102,41,103.36666666666666,0.001823096303269267,1.0128966155509624
UBFC_PHYS_s14_T1_ctrl,102,42,103.4,0.6631096005439758,1.0954507941913876
UBFC_PHYS_s14_T1_ctrl,102,43,103.43333333333334,1.1176173686981201,1.1071833591451872
UBFC_PHYS_s14_T1_ctrl,102,44,103.46666666666667,1.3073570728302002,1.0587452751502484
UBFC_PHYS_s14_T1_ctrl,102,45,103.5,1.2424676418304443,0.9520137414092112
UBFC_PHYS_s14_T1_ctrl,102,46,103.53333333333333,1.012819766998291,0.7815049127107835
UBFC_PHYS_s14_T1_ctrl,102,47,103.56666666666666,0.7803837656974792,0.540697225728527
UBFC_PHYS_s14_T1_ctrl,102,48,103.6,0.6452819108963013,0.22991976032544736
UBFC_PHYS_s14_T1_ctrl,102,49,103.63333333333334,0.5937421321868896,-0.13772946024702276
UBFC_PHYS_s14_T1_ctrl,102,50,103.66666666666667,0.5606215000152588,-0.5343670186016779
UBFC_PHYS_s14_T1_ctrl,102,51,103.7,0.46996214985847473,-0.9192177570063718
UBFC_PHYS_s14_T1_ctrl,102,52,103.73333333333333,0.2607894241809845,-1.2435908941450413
UBFC_PHYS_s14_T1_ctrl,102,53,103.76666666666667,-0.028790976852178574,-1.458199050035585
UBFC_PHYS_s14_T1_ctrl,102,54,103.8,-0.3079507648944855,-1.5221757115293364
UBFC_PHYS_s14_T1_ctrl,102,55,103.83333333333333,-0.6223998665809631,-1.4126963511875068
UBFC_PHYS_s14_T1_ctrl,102,56,103.86666666666666,-1.0833289623260498,-1.1331148789168173
UBFC_PHYS_s14_T1_ctrl,102,57,103.9,-1.6577019691467285,-0.7164943978771873
UBFC_PHYS_s14_T1_ctrl,102,58,103.93333333333334,-2.138430118560791,-0.22140344768540984
UBFC_PHYS_s14_T1_ctrl,102,59,103.96666666666667,-2.2638437747955322,0.2807558766882677
UBFC_PHYS_s14_T1_ctrl,102,60,104.0,-1.9327216148376465,0.7231260482180925
UBFC_PHYS_s14_T1_ctrl,102,61,104.03333333333333,-1.3418165445327759,1.058469668606008
UBFC_PHYS_s14_T1_ctrl,102,62,104.06666666666666,-0.7574172019958496,1.265917092493513
UBFC_PHYS_s14_T1_ctrl,102,63,104.1,-0.2358795553445816,1.347822510651687
UBFC_PHYS_s14_T1_ctrl,102,64,104.13333333333334,0.18128296732902527,1.3201377087461037
UBFC_PHYS_s14_T1_ctrl,102,65,104.16666666666667,0.3667135536670685,1.2023186761074567
UBFC_PHYS_s14_T1_ctrl,102,66,104.2,0.325397253036499,1.0116533796257619
UBFC_PHYS_s14_T1_ctrl,102,67,104.23333333333333,0.24605976045131683,0.7630650238500081
UBFC_PHYS_s14_T1_ctrl,102,68,104.26666666666667,0.24972105026245117,0.4715587682158301
UBFC_PHYS_s14_T1_ctrl,102,69,104.3,0.2934594750404358,0.15350094676100706
UBFC_PHYS_s14_T1_ctrl,102,70,104.33333333333333,0.3360150158405304,-0.1744336720177918
UBFC_PHYS_s14_T1_ctrl,102,71,104.36666666666666,0.3684034049510956,-0.49673248535434394
UBFC_PHYS_s14_T1_ctrl,102,72,104.4,0.3346913158893585,-0.7987353007514042
UBFC_PHYS_s14_T1_ctrl,102,73,104.43333333333334,0.19080233573913574,-1.0642696911152179
UBFC_PHYS_s14_T1_ctrl,102,74,104.46666666666667,0.0027806663420051336,-1.2728456804430037
UBFC_PHYS_s14_T1_ctrl,102,75,104.5,-0.10348143428564072,-1.3987767885067273
UBFC_PHYS_s14_T1_ctrl,102,76,104.53333333333333,-0.09706008434295654,-1.4140729624778414
UBFC_PHYS_s14_T1_ctrl,102,77,104.56666666666666,-0.10981829464435577,-1.2954143146056902
UBFC_PHYS_s14_T1_ctrl,102,78,104.6,-0.27221089601516724,-1.0335287102563424
UBFC_PHYS_s14_T1_ctrl,102,79,104.63333333333334,-0.5154899954795837,-0.6415922993352533
UBFC_PHYS_s14_T1_ctrl,102,80,104.66666666666667,-0.5829704999923706,-0.1586639836651702
UBFC_PHYS_s14_T1_ctrl,102,81,104.7,-0.29020756483078003,0.35461542728790335
UBFC_PHYS_s14_T1_ctrl,102,82,104.73333333333333,0.2709565758705139,0.8278578390683885
UBFC_PHYS_s14_T1_ctrl,102,83,104.76666666666667,0.8408796787261963,1.1967637975746719
UBFC_PHYS_s14_T1_ctrl,102,84,104.8,1.2444953918457031,1.4175063071232399
UBFC_PHYS_s14_T1_ctrl,102,85,104.83333333333333,1.4351081848144531,1.474746580010115
UBFC_PHYS_s14_T1_ctrl,102,86,104.86666666666666,1.3905248641967773,1.3811499084655665
UBFC_PHYS_s14_T1_ctrl,102,87,104.9,1.1536670923233032,1.1696779716746604
UBFC_PHYS_s14_T1_ctrl,102,88,104.93333333333334,0.8459491729736328,0.8821850837345567
UBFC_PHYS_s14_T1_ctrl,102,89,104.96666666666667,0.5855464339256287,0.5582623055959833
UBFC_PHYS_s14_T1_ctrl,102,90,105.0,0.42839235067367554,0.2272633005579981
UBFC_PHYS_s14_T1_ctrl,102,91,105.03333333333333,0.3362966477870941,-0.09488314353504991
UBFC_PHYS_s14_T1_ctrl,102,92,105.06666666666666,0.19637878239154816,-0.40343708763149166
UBFC_PHYS_s14_T1_ctrl,102,93,105.1,-0.02904445119202137,-0.6977584793170849
UBFC_PHYS_s14_T1_ctrl,102,94,105.13333333333334,-0.2668316066265106,-0.9718561494350447
UBFC_PHYS_s14_T1_ctrl,102,95,105.16666666666667,-0.4732724130153656,-1.206678082547368
UBFC_PHYS_s14_T1_ctrl,102,96,105.2,-0.6789528131484985,-1.36822675010747
UBFC_PHYS_s14_T1_ctrl,102,97,105.23333333333333,-0.8822392821311951,-1.4136999587164827
UBFC_PHYS_s14_T1_ctrl,102,98,105.26666666666667,-1.0687963962554932,-1.3047653827340564
UBFC_PHYS_s14_T1_ctrl,102,99,105.3,-1.2971768379211426,-1.0238523426229462
UBFC_PHYS_s14_T1_ctrl,102,100,105.33333333333333,-1.600388526916504,-0.5872230151301433
UBFC_PHYS_s14_T1_ctrl,102,101,105.36666666666666,-1.8844770193099976,-0.0486226776102109
UBFC_PHYS_s14_T1_ctrl,102,102,105.4,-1.9825716018676758,0.5099416461210684
UBFC_PHYS_s14_T1_ctrl,102,103,105.43333333333334,-1.7334625720977783,0.9985395873106795
UBFC_PHYS_s14_T1_ctrl,102,104,105.46666666666667,-1.1111266613006592,1.3432977619393687
UBFC_PHYS_s14_T1_ctrl,102,105,105.5,-0.31724482774734497,1.5041825461763774
UBFC_PHYS_s14_T1_ctrl,102,106,105.53333333333333,0.3830485939979553,1.479996270456747
UBFC_PHYS_s14_T1_ctrl,102,107,105.56666666666666,0.8502019047737122,1.300436492597618
UBFC_PHYS_s14_T1_ctrl,102,108,105.6,1.0275212526321411,1.0105293190481215
UBFC_PHYS_s14_T1_ctrl,102,109,105.63333333333334,0.9566892981529236,0.6548339570334896
UBFC_PHYS_s14_T1_ctrl,102,110,105.66666666666667,0.7983241081237793,0.26733498350740326
UBFC_PHYS_s14_T1_ctrl,102,111,105.7,0.6875276565551758,-0.13045453483012664
UBFC_PHYS_s14_T1_ctrl,102,112,105.73333333333333,0.6442680358886719,-0.5240090205855447
UBFC_PHYS_s14_T1_ctrl,102,113,105.76666666666667,0.6261868476867676,-0.8962967621793632
UBFC_PHYS_s14_T1_ctrl,102,114,105.8,0.5647615790367126,-1.2191677777623897
UBFC_PHYS_s14_T1_ctrl,102,115,105.83333333333333,0.40698784589767456,-1.450532954057641
UBFC_PHYS_s14_T1_ctrl,102,116,105.86666666666666,0.1472892314195633,-1.5403991891149178
UBFC_PHYS_s14_T1_ctrl,102,117,105.9,-0.16769494116306305,-1.4453716169744648
UBFC_PHYS_s14_T1_ctrl,102,118,105.93333333333334,-0.46172523498535156,-1.1471449753009764
UBFC_PHYS_s14_T1_ctrl,102,119,105.96666666666667,-0.6862190365791321,-0.667371131247046
UBFC_PHYS_s14_T1_ctrl,102,120,106.0,-0.8575677275657654,-0.0709621751092749
UBFC_PHYS_s14_T1_ctrl,102,121,106.03333333333333,-1.0343801975250244,0.5461267939107315
UBFC_PHYS_s14_T1_ctrl,102,122,106.06666666666666,-1.2899950742721558,1.0811992751234154
UBFC_PHYS_s14_T1_ctrl,102,123,106.1,-1.6048102378845215,1.4515488093719808
UBFC_PHYS_s14_T1_ctrl,102,124,106.13333333333334,-1.7301392555236816,1.6131430664345252
UBFC_PHYS_s14_T1_ctrl,102,125,106.16666666666667,-1.4076071977615356,1.5652403587857147
UBFC_PHYS_s14_T1_ctrl,102,126,106.2,-0.7424903512001038,1.3415813698836052
UBFC_PHYS_s14_T1_ctrl,102,127,106.23333333333333,-0.05870095640420914,0.993991562202059
UBFC_PHYS_s14_T1_ctrl,102,128,106.26666666666667,0.4786929190158844,0.5757120040195951
UBFC_PHYS_s14_T1_ctrl,102,129,106.3,0.8357256650924683,0.13017453632027412
UBFC_PHYS_s14_T1_ctrl,102,130,106.33333333333333,0.9547741413116455,-0.3119846820809999
UBFC_PHYS_s14_T1_ctrl,102,131,106.36666666666666,0.8835760354995728,-0.7281990232705088
UBFC_PHYS_s14_T1_ctrl,102,132,106.4,0.820010244846344,-1.0951567778585825
UBFC_PHYS_s14_T1_ctrl,102,133,106.43333333333334,0.8830690979957581,-1.381327145906355
UBFC_PHYS_s14_T1_ctrl,102,134,106.46666666666667,1.0054690837860107,-1.5458625305025597
UBFC_PHYS_s14_T1_ctrl,102,135,106.5,1.0933401584625244,-1.5462631606750417
UBFC_PHYS_s14_T1_ctrl,102,136,106.53333333333333,1.0879608392715454,-1.3531191298226586
UBFC_PHYS_s14_T1_ctrl,102,137,106.56666666666666,0.8776616454124451,-0.9663079161450266
UBFC_PHYS_s14_T1_ctrl,102,138,106.6,0.40110158920288086,-0.4250531912678271
UBFC_PHYS_s14_T1_ctrl,102,139,106.63333333333334,-0.19847799837589264,0.19426396333532475
UBFC_PHYS_s14_T1_ctrl,102,140,106.66666666666667,-0.7389980554580688,0.7936988847142319
UBFC_PHYS_s14_T1_ctrl,102,141,106.7,-1.2264574766159058,1.2777090493208072
UBFC_PHYS_s14_T1_ctrl,102,142,106.73333333333333,-1.7295197248458862,1.5762771503212105
UBFC_PHYS_s14_T1_ctrl,102,143,106.76666666666667,-2.0803563594818115,1.6584504690337654
UBFC_PHYS_s14_T1_ctrl,102,144,106.8,-1.9712496995925903,1.532730395519715
UBFC_PHYS_s14_T1_ctrl,102,145,106.83333333333333,-1.382259726524353,1.236926289165164
UBFC_PHYS_s14_T1_ctrl,102,146,106.86666666666666,-0.6146829724311829,0.823417518442529
UBFC_PHYS_s14_T1_ctrl,102,147,106.9,0.043026767671108246,0.3457750284822513
UBFC_PHYS_s14_T1_ctrl,102,148,106.93333333333334,0.476073682308197,-0.1492386876220826
UBFC_PHYS_s14_T1_ctrl,102,149,106.96666666666667,0.6361005306243896,-0.6230534006795837
UBFC_PHYS_s14_T1_ctrl,102,150,107.0,0.5509049892425537,-1.0416317153553798
UBFC_PHYS_s14_T1_ctrl,102,151,107.03333333333333,0.39789092540740967,-1.3703630754880016
UBFC_PHYS_s14_T1_ctrl,102,152,107.06666666666666,0.3335084319114685,-1.5717106604374362
UBFC_PHYS_s14_T1_ctrl,102,153,107.1,0.3368035852909088,-1.608711769512218
UBFC_PHYS_s14_T1_ctrl,102,154,107.13333333333334,0.3152301013469696,-1.454801591251768
UBFC_PHYS_s14_T1_ctrl,102,155,107.16666666666667,0.2356109768152237,-1.1069393620551897
UBFC_PHYS_s14_T1_ctrl,102,156,107.2,0.10969053208827972,-0.596040297996836
UBFC_PHYS_s14_T1_ctrl,102,157,107.23333333333333,-0.06937504559755325,0.011746282104229646
UBFC_PHYS_s14_T1_ctrl,102,158,107.26666666666667,-0.3227367699146271,0.6261473109055661
UBFC_PHYS_s14_T1_ctrl,102,159,107.3,-0.6574919819831848,1.1535289404300617
UBFC_PHYS_s14_T1_ctrl,102,160,107.33333333333333,-1.0482368469238281,1.5189519216753329
UBFC_PHYS_s14_T1_ctrl,102,161,107.36666666666666,-1.3648263216018677,1.6803110601170272
UBFC_PHYS_s14_T1_ctrl,102,162,107.4,-1.3580951690673828,1.6307178472200043
UBFC_PHYS_s14_T1_ctrl,102,163,107.43333333333334,-0.9189367294311523,1.3920402442889404
UBFC_PHYS_s14_T1_ctrl,102,164,107.46666666666667,-0.2742668390274048,1.0052311188682435
UBFC_PHYS_s14_T1_ctrl,102,165,107.5,0.2813771963119507,0.5215592733399896
UBFC_PHYS_s14_T1_ctrl,102,166,107.53333333333333,0.6610255241394043,-0.004023133351882892
UBFC_PHYS_s14_T1_ctrl,102,167,107.56666666666666,0.8402318954467773,-0.5177661852504507
UBFC_PHYS_s14_T1_ctrl,102,168,107.6,0.7580780386924744,-0.9703199486514911
UBFC_PHYS_s14_T1_ctrl,102,169,107.63333333333334,0.5383439064025879,-1.3180185530598967
UBFC_PHYS_s14_T1_ctrl,102,170,107.66666666666667,0.40459391474723816,-1.5233975123801085
UBFC_PHYS_s14_T1_ctrl,102,171,107.7,0.3821755051612854,-1.5574631627852933
UBFC_PHYS_s14_T1_ctrl,102,172,107.73333333333333,0.3384370803833008,-1.4053864827408051
UBFC_PHYS_s14_T1_ctrl,102,173,107.76666666666667,0.19761797785758972,-1.0744616656806505
UBFC_PHYS_s14_T1_ctrl,102,174,107.8,-0.03132572025060654,-0.600247817719617
UBFC_PHYS_s14_T1_ctrl,102,175,107.83333333333333,-0.32625725865364075,-0.04589735505333898
UBFC_PHYS_s14_T1_ctrl,102,176,107.86666666666666,-0.7111158967018127,0.5080547959861219
UBFC_PHYS_s14_T1_ctrl,102,177,107.9,-1.219444751739502,0.9813119853645083
UBFC_PHYS_s14_T1_ctrl,102,178,107.93333333333334,-1.7284494638442993,1.311887491503399
UBFC_PHYS_s14_T1_ctrl,102,179,107.96666666666667,-1.948549747467041,1.4669240324482105
UBFC_PHYS_s14_T1_ctrl,102,180,108.0,-1.6817820072174072,1.4432957134467372
UBFC_PHYS_s14_T1_ctrl,102,181,108.03333333333333,-1.0032873153686523,1.2608170613558656
UBFC_PHYS_s14_T1_ctrl,102,182,108.06666666666666,-0.2010127454996109,0.9529531749693567
UBFC_PHYS_s14_T1_ctrl,102,183,108.1,0.4850016236305237,0.5586947297729467
UBFC_PHYS_s14_T1_ctrl,102,184,108.13333333333334,0.9112892150878906,0.11738343387845897
UBFC_PHYS_s14_T1_ctrl,102,185,108.16666666666667,1.0168753862380981,-0.33315397501223
UBFC_PHYS_s14_T1_ctrl,102,186,108.2,0.8848152160644531,-0.7558406377020691
UBFC_PHYS_s14_T1_ctrl,102,187,108.23333333333333,0.7370960116386414,-1.112517474810226
UBFC_PHYS_s14_T1_ctrl,102,188,108.26666666666667,0.7061157822608948,-1.3633351296841267
UBFC_PHYS_s14_T1_ctrl,102,189,108.3,0.6956388354301453,-1.469676822446903
UBFC_PHYS_s14_T1_ctrl,102,190,108.33333333333333,0.6137102842330933,-1.401692717528742
UBFC_PHYS_s14_T1_ctrl,102,191,108.36666666666666,0.500491738319397,-1.1491798748407709
UBFC_PHYS_s14_T1_ctrl,102,192,108.4,0.3772749900817871,-0.731888453029657
UBFC_PHYS_s14_T1_ctrl,102,193,108.43333333333334,0.19206970930099487,-0.20367036790738355
UBFC_PHYS_s14_T1_ctrl,102,194,108.46666666666667,-0.10336877405643463,0.35431053501185306
UBFC_PHYS_s14_T1_ctrl,102,195,108.5,-0.5466391444206238,0.8516740888729387
UBFC_PHYS_s14_T1_ctrl,102,196,108.53333333333333,-1.0474764108657837,1.2119508628461444
UBFC_PHYS_s14_T1_ctrl,102,197,108.56666666666666,-1.287967324256897,1.390750507303612
UBFC_PHYS_s14_T1_ctrl,102,198,108.6,-1.0739504098892212,1.3818379697935455
UBFC_PHYS_s14_T1_ctrl,102,199,108.63333333333334,-0.5468926429748535,1.2107409896235244
UBFC_PHYS_s14_T1_ctrl,102,200,108.66666666666667,0.08887746930122375,0.9210970771398634
UBFC_PHYS_s14_T1_ctrl,102,201,108.7,0.6996944546699524,0.5606439147145615
UBFC_PHYS_s14_T1_ctrl,102,202,108.73333333333333,1.0886086225509644,0.17169172614702657
UBFC_PHYS_s14_T1_ctrl,102,203,108.76666666666667,1.1315021514892578,-0.21253180484148
UBFC_PHYS_s14_T1_ctrl,102,204,108.8,0.9770799279212952,-0.5667110912753852
UBFC_PHYS_s14_T1_ctrl,102,205,108.83333333333333,0.8229674696922302,-0.869591096255672
UBFC_PHYS_s14_T1_ctrl,102,206,108.86666666666666,0.7147902250289917,-1.0999865473772534
UBFC_PHYS_s14_T1_ctrl,102,207,108.9,0.6190895438194275,-1.235035344052373
UBFC_PHYS_s14_T1_ctrl,102,208,108.93333333333334,0.469483345746994,-1.252245649566904
UBFC_PHYS_s14_T1_ctrl,102,209,108.96666666666667,0.2029409408569336,-1.135433436015015
UBFC_PHYS_s14_T1_ctrl,102,210,109.0,-0.12756149470806122,-0.8828642333166852
UBFC_PHYS_s14_T1_ctrl,102,211,109.03333333333333,-0.41286101937294006,-0.5143223833889625
UBFC_PHYS_s14_T1_ctrl,102,212,109.06666666666666,-0.7089472413063049,-0.07320405131318665
UBFC_PHYS_s14_T1_ctrl,102,213,109.1,-1.1621594429016113,0.37906066158950813
UBFC_PHYS_s14_T1_ctrl,102,214,109.13333333333334,-1.7425312995910645,0.775816503523177
UBFC_PHYS_s14_T1_ctrl,102,215,109.16666666666667,-2.181126594543457,1.0610933220856067
UBFC_PHYS_s14_T1_ctrl,102,216,109.2,-2.150456190109253,1.202354388863401
UBFC_PHYS_s14_T1_ctrl,102,217,109.23333333333333,-1.542230248451233,1.1950313364928817
UBFC_PHYS_s14_T1_ctrl,102,218,109.26666666666667,-0.6005728840827942,1.0581590413200266
UBFC_PHYS_s14_T1_ctrl,102,219,109.3,0.2911781966686249,0.8247773127983007
UBFC_PHYS_s14_T1_ctrl,102,220,109.33333333333333,0.9470291137695312,0.5320834875298193
UBFC_PHYS_s14_T1_ctrl,102,221,109.36666666666666,1.3750628232955933,0.21474831036879083
UBFC_PHYS_s14_T1_ctrl,102,222,109.4,1.6234396696090698,-0.09773983195492637
UBFC_PHYS_s14_T1_ctrl,102,223,109.43333333333334,1.7383761405944824,-0.38070246675254205
UBFC_PHYS_s14_T1_ctrl,102,224,109.46666666666667,1.7827622890472412,-0.612437954238645
UBFC_PHYS_s14_T1_ctrl,102,225,109.5,1.8170095682144165,-0.7724900255254592
UBFC_PHYS_s14_T1_ctrl,102,226,109.53333333333333,1.8468914031982422,-0.8416941676132442
UBFC_PHYS_s14_T1_ctrl,102,227,109.56666666666666,1.806110143661499,-0.8052790320129064
UBFC_PHYS_s14_T1_ctrl,102,228,109.6,1.605780839920044,-0.6587327667284716
UBFC_PHYS_s14_T1_ctrl,102,229,109.63333333333334,1.225343942642212,-0.41410366900474843
UBFC_PHYS_s14_T1_ctrl,102,230,109.66666666666667,0.7572049498558044,-0.10318281059039124
UBFC_PHYS_s14_T1_ctrl,102,231,109.7,0.30528828501701355,0.22552065630646015
UBFC_PHYS_s14_T1_ctrl,102,232,109.73333333333333,-0.12094300240278244,0.5167808033213719
UBFC_PHYS_s14_T1_ctrl,102,233,109.76666666666667,-0.5867162942886353,0.7228367123443638
UBFC_PHYS_s14_T1_ctrl,102,234,109.8,-1.0559537410736084,0.8158597290663248
UBFC_PHYS_s14_T1_ctrl,102,235,109.83333333333333,-1.2398916482925415,0.7928549567409519
UBFC_PHYS_s14_T1_ctrl,102,236,109.86666666666666,-0.8428380489349365,0.6712432260473711
UBFC_PHYS_s14_T1_ctrl,102,237,109.9,0.03297228366136551,0.4785206081663775
UBFC_PHYS_s14_T1_ctrl,102,238,109.93333333333334,0.9909646511077881,0.24191429831363748
UBFC_PHYS_s14_T1_ctrl,102,239,109.96666666666667,1.7557532787322998,-0.01704495962550627
UBFC_PHYS_s14_T1_ctrl,103,0,103.0,1.0747520923614502,0.09483239972878457
UBFC_PHYS_s14_T1_ctrl,103,1,103.03333333333333,1.0221701860427856,-0.061640375582764986
UBFC_PHYS_s14_T1_ctrl,103,2,103.06666666666666,0.8553558588027954,-0.16410336934287964
UBFC_PHYS_s14_T1_ctrl,103,3,103.1,0.6171462535858154,-0.1718740135998092
UBFC_PHYS_s14_T1_ctrl,103,4,103.13333333333334,0.3528288006782532,-0.0686314453749916
UBFC_PHYS_s14_T1_ctrl,103,5,103.16666666666667,0.02846607193350792,0.13317717686126443
UBFC_PHYS_s14_T1_ctrl,103,6,103.2,-0.4132271409034729,0.39636426016021364
UBFC_PHYS_s14_T1_ctrl,103,7,103.23333333333333,-0.9127970337867737,0.6709663674364958
UBFC_PHYS_s14_T1_ctrl,103,8,103.26666666666667,-1.246059536933899,0.9096102966289428
UBFC_PHYS_s14_T1_ctrl,103,9,103.3,-1.1817615032196045,1.0796155571516846
UBFC_PHYS_s14_T1_ctrl,103,10,103.33333333333333,-0.6998503804206848,1.1673017564977557
UBFC_PHYS_s14_T1_ctrl,103,11,103.36666666666666,0.001823096303269267,1.1745585685152573
UBFC_PHYS_s14_T1_ctrl,103,12,103.4,0.6631096005439758,1.1113774166596577
UBFC_PHYS_s14_T1_ctrl,103,13,103.43333333333334,1.1176173686981201,0.9888753060090308
UBFC_PHYS_s14_T1_ctrl,103,14,103.46666666666667,1.3073570728302002,0.8155092140474519
UBFC_PHYS_s14_T1_ctrl,103,15,103.5,1.2424676418304443,0.5965490993028331
UBFC_PHYS_s14_T1_ctrl,103,16,103.53333333333333,1.012819766998291,0.3354164855934382
UBFC_PHYS_s14_T1_ctrl,103,17,103.56666666666666,0.7803837656974792,0.03569901088409562
UBFC_PHYS_s14_T1_ctrl,103,18,103.6,0.6452819108963013,-0.2963228122087716
UBFC_PHYS_s14_T1_ctrl,103,19,103.63333333333334,0.5937421321868896,-0.6484650011179939
UBFC_PHYS_s14_T1_ctrl,103,20,103.66666666666667,0.5606215000152588,-0.9995883214215647
UBFC_PHYS_s14_T1_ctrl,103,21,103.7,0.46996214985847473,-1.318575233998154
UBFC_PHYS_s14_T1_ctrl,103,22,103.73333333333333,0.2607894241809845,-1.5668275667386382
UBFC_PHYS_s14_T1_ctrl,103,23,103.76666666666667,-0.028790976852178574,-1.704454386958176
UBFC_PHYS_s14_T1_ctrl,103,24,103.8,-0.3079507648944855,-1.6990988908066589
UBFC_PHYS_s14_T1_ctrl,103,25,103.83333333333333,-0.6223998665809631,-1.5353666672607122
UBFC_PHYS_s14_T1_ctrl,103,26,103.86666666666666,-1.0833289623260498,-1.2219565090858495
UBFC_PHYS_s14_T1_ctrl,103,27,103.9,-1.6577019691467285,-0.7932791538296723
UBFC_PHYS_s14_T1_ctrl,103,28,103.93333333333334,-2.138430118560791,-0.3033620275778299
UBFC_PHYS_s14_T1_ctrl,103,29,103.96666666666667,-2.2638437747955322,0.18710416293276347
UBFC_PHYS_s14_T1_ctrl,103,30,104.0,-1.9327216148376465,0.6255617186026488
UBFC_PHYS_s14_T1_ctrl,103,31,104.03333333333333,-1.3418165445327759,0.977486136259818
UBFC_PHYS_s14_T1_ctrl,103,32,104.06666666666666,-0.7574172019958496,1.227642596831916
UBFC_PHYS_s14_T1_ctrl,103,33,104.1,-0.2358795553445816,1.3742183523107905
UBFC_PHYS_s14_T1_ctrl,103,34,104.13333333333334,0.18128296732902527,1.4208822972925472
UBFC_PHYS_s14_T1_ctrl,103,35,104.16666666666667,0.3667135536670685,1.371762479589491
UBFC_PHYS_s14_T1_ctrl,103,36,104.2,0.325397253036499,1.2312669854474396
UBFC_PHYS_s14_T1_ctrl,103,37,104.23333333333333,0.24605976045131683,1.0070214170583116
UBFC_PHYS_s14_T1_ctrl,103,38,104.26666666666667,0.24972105026245117,0.7124579566156857
UBFC_PHYS_s14_T1_ctrl,103,39,104.3,0.2934594750404358,0.36662899965978735
UBFC_PHYS_s14_T1_ctrl,103,40,104.33333333333333,0.3360150158405304,-0.00838949594805773
UBFC_PHYS_s14_T1_ctrl,103,41,104.36666666666666,0.3684034049510956,-0.39004770076066386
UBFC_PHYS_s14_T1_ctrl,103,42,104.4,0.3346913158893585,-0.7557349958099999
UBFC_PHYS_s14_T1_ctrl,103,43,104.43333333333334,0.19080233573913574,-1.0810266117030272
UBFC_PHYS_s14_T1_ctrl,103,44,104.46666666666667,0.0027806663420051336,-1.3376395174871907
UBFC_PHYS_s14_T1_ctrl,103,45,104.5,-0.10348143428564072,-1.4936351728146253
UBFC_PHYS_s14_T1_ctrl,103,46,104.53333333333333,-0.09706008434295654,-1.5176078480097388
UBFC_PHYS_s14_T1_ctrl,103,47,104.56666666666666,-0.10981829464435577,-1.386781068789346
UBFC_PHYS_s14_T1_ctrl,103,48,104.6,-0.27221089601516724,-1.0968389865941663
UBFC_PHYS_s14_T1_ctrl,103,49,104.63333333333334,-0.5154899954795837,-0.669564681861327
UBFC_PHYS_s14_T1_ctrl,103,50,104.66666666666667,-0.5829704999923706,-0.15382142820332292
UBFC_PHYS_s14_T1_ctrl,103,51,104.7,-0.29020756483078003,0.38257768543921616
UBFC_PHYS_s14_T1_ctrl,103,52,104.73333333333333,0.2709565758705139,0.8681122504215371
UBFC_PHYS_s14_T1_ctrl,103,53,104.76666666666667,0.8408796787261963,1.2439404733989028
UBFC_PHYS_s14_T1_ctrl,103,54,104.8,1.2444953918457031,1.4749453187493793
UBFC_PHYS_s14_T1_ctrl,103,55,104.83333333333333,1.4351081848144531,1.5520359051861068
UBFC_PHYS_s14_T1_ctrl,103,56,104.86666666666666,1.3905248641967773,1.4868670096528616
UBFC_PHYS_s14_T1_ctrl,103,57,104.9,1.1536670923233032,1.3032280522642878
UBFC_PHYS_s14_T1_ctrl,103,58,104.93333333333334,0.8459491729736328,1.0292481753866174
UBFC_PHYS_s14_T1_ctrl,103,59,104.96666666666667,0.5855464339256287,0.6924182826893587
UBFC_PHYS_s14_T1_ctrl,103,60,105.0,0.42839235067367554,0.3174185126991883
UBFC_PHYS_s14_T1_ctrl,103,61,105.03333333333333,0.3362966477870941,-0.07409931364249576
UBFC_PHYS_s14_T1_ctrl,103,62,105.06666666666666,0.19637878239154816,-0.4624401766663043
UBFC_PHYS_s14_T1_ctrl,103,63,105.1,-0.02904445119202137,-0.8278477164741872
UBFC_PHYS_s14_T1_ctrl,103,64,105.13333333333334,-0.2668316066265106,-1.148125411445931
UBFC_PHYS_s14_T1_ctrl,103,65,105.16666666666667,-0.4732724130153656,-1.3970187342103981
UBFC_PHYS_s14_T1_ctrl,103,66,105.2,-0.6789528131484985,-1.544686754298136
UBFC_PHYS_s14_T1_ctrl,103,67,105.23333333333333,-0.8822392821311951,-1.5612923548077717
UBFC_PHYS_s14_T1_ctrl,103,68,105.26666666666667,-1.0687963962554932,-1.4239480034933087
UBFC_PHYS_s14_T1_ctrl,103,69,105.3,-1.2971768379211426,-1.1258756701910169
UBFC_PHYS_s14_T1_ctrl,103,70,105.33333333333333,-1.600388526916504,-0.684890542281273
UBFC_PHYS_s14_T1_ctrl,103,71,105.36666666666666,-1.8844770193099976,-0.147034581430614
UBFC_PHYS_s14_T1_ctrl,103,72,105.4,-1.9825716018676758,0.41839927242976255
UBFC_PHYS_s14_T1_ctrl,103,73,105.43333333333334,-1.7334625720977783,0.9329643229493001
UBFC_PHYS_s14_T1_ctrl,103,74,105.46666666666667,-1.1111266613006592,1.32759513295569
UBFC_PHYS_s14_T1_ctrl,103,75,105.5,-0.31724482774734497,1.5578112230034573
UBFC_PHYS_s14_T1_ctrl,103,76,105.53333333333333,0.3830485939979553,1.6098425344713776
UBFC_PHYS_s14_T1_ctrl,103,77,105.56666666666666,0.8502019047737122,1.4970806760425364
UBFC_PHYS_s14_T1_ctrl,103,78,105.6,1.0275212526321411,1.2505878408083697
UBFC_PHYS_s14_T1_ctrl,103,79,105.63333333333334,0.9566892981529236,0.9086738334251087
UBFC_PHYS_s14_T1_ctrl,103,80,105.66666666666667,0.7983241081237793,0.5089333335286069
UBFC_PHYS_s14_T1_ctrl,103,81,105.7,0.6875276565551758,0.08387405331417411
UBFC_PHYS_s14_T1_ctrl,103,82,105.73333333333333,0.6442680358886719,-0.3397614772462392
UBFC_PHYS_s14_T1_ctrl,103,83,105.76666666666667,0.6261868476867676,-0.7383678368409443
UBFC_PHYS_s14_T1_ctrl,103,84,105.8,0.5647615790367126,-1.0870734567055476
UBFC_PHYS_s14_T1_ctrl,103,85,105.83333333333333,0.40698784589767456,-1.3562923233359814
UBFC_PHYS_s14_T1_ctrl,103,86,105.86666666666666,0.1472892314195633,-1.5120231810757354
UBFC_PHYS_s14_T1_ctrl,103,87,105.9,-0.16769494116306305,-1.5213407550677591
UBFC_PHYS_s14_T1_ctrl,103,88,105.93333333333334,-0.46172523498535156,-1.3622388149424054
UBFC_PHYS_s14_T1_ctrl,103,89,105.96666666666667,-0.6862190365791321,-1.034575052917117
UBFC_PHYS_s14_T1_ctrl,103,90,106.0,-0.8575677275657654,-0.5673909660363917
UBFC_PHYS_s14_T1_ctrl,103,91,106.03333333333333,-1.0343801975250244,-0.018426974807711743
UBFC_PHYS_s14_T1_ctrl,103,92,106.06666666666666,-1.2899950742721558,0.5355143242105191
UBFC_PHYS_s14_T1_ctrl,103,93,106.1,-1.6048102378845215,1.0148057948798321
UBFC_PHYS_s14_T1_ctrl,103,94,106.13333333333334,-1.7301392555236816,1.3542906099613667
UBFC_PHYS_s14_T1_ctrl,103,95,106.16666666666667,-1.4076071977615356,1.5157101556543753
UBFC_PHYS_s14_T1_ctrl,103,96,106.2,-0.7424903512001038,1.4918700040427282
UBFC_PHYS_s14_T1_ctrl,103,97,106.23333333333333,-0.05870095640420914,1.3027802843829848
UBFC_PHYS_s14_T1_ctrl,103,98,106.26666666666667,0.4786929190158844,0.9866006551596936
UBFC_PHYS_s14_T1_ctrl,103,99,106.3,0.8357256650924683,0.5891221199447478
UBFC_PHYS_s14_T1_ctrl,103,100,106.33333333333333,0.9547741413116455,0.15509117082582224
UBFC_PHYS_s14_T1_ctrl,103,101,106.36666666666666,0.8835760354995728,-0.276513786068632
UBFC_PHYS_s14_T1_ctrl,103,102,106.4,0.820010244846344,-0.6727015980955082
UBFC_PHYS_s14_T1_ctrl,103,103,106.43333333333334,0.8830690979957581,-1.0034716131086163
UBFC_PHYS_s14_T1_ctrl,103,104,106.46666666666667,1.0054690837860107,-1.238634415618287
UBFC_PHYS_s14_T1_ctrl,103,105,106.5,1.0933401584625244,-1.3479544012226463
UBFC_PHYS_s14_T1_ctrl,103,106,106.53333333333333,1.0879608392715454,-1.306498465210267
UBFC_PHYS_s14_T1_ctrl,103,107,106.56666666666666,0.8776616454124451,-1.1040213947196567
UBFC_PHYS_s14_T1_ctrl,103,108,106.6,0.40110158920288086,-0.7543101224892877
UBFC_PHYS_s14_T1_ctrl,103,109,106.63333333333334,-0.19847799837589264,-0.2992597364190701
UBFC_PHYS_s14_T1_ctrl,103,110,106.66666666666667,-0.7389980554580688,0.19599157991362526
UBFC_PHYS_s14_T1_ctrl,103,111,106.7,-1.2264574766159058,0.6565590926995826
UBFC_PHYS_s14_T1_ctrl,103,112,106.73333333333333,-1.7295197248458862,1.0150478295092262
UBFC_PHYS_s14_T1_ctrl,103,113,106.76666666666667,-2.0803563594818115,1.2256124651640292
UBFC_PHYS_s14_T1_ctrl,103,114,106.8,-1.9712496995925903,1.2701597284705934
UBFC_PHYS_s14_T1_ctrl,103,115,106.83333333333333,-1.382259726524353,1.15645239765123
UBFC_PHYS_s14_T1_ctrl,103,116,106.86666666666666,-0.6146829724311829,0.9112471957233177
UBFC_PHYS_s14_T1_ctrl,103,117,106.9,0.043026767671108246,0.5723497538706028
UBFC_PHYS_s14_T1_ctrl,103,118,106.93333333333334,0.476073682308197,0.18202227188471784
UBFC_PHYS_s14_T1_ctrl,103,119,106.96666666666667,0.6361005306243896,-0.21756577927263632
UBFC_PHYS_s14_T1_ctrl,103,120,107.0,0.5509049892425537,-0.5868048221979796
UBFC_PHYS_s14_T1_ctrl,103,121,107.03333333333333,0.39789092540740967,-0.889338340565718
UBFC_PHYS_s14_T1_ctrl,103,122,107.06666666666666,0.3335084319114685,-1.0922936039613542
UBFC_PHYS_s14_T1_ctrl,103,123,107.1,0.3368035852909088,-1.1680790525203477
UBFC_PHYS_s14_T1_ctrl,103,124,107.13333333333334,0.3152301013469696,-1.0989810826968418
UBFC_PHYS_s14_T1_ctrl,103,125,107.16666666666667,0.2356109768152237,-0.8837701741845828
UBFC_PHYS_s14_T1_ctrl,103,126,107.2,0.10969053208827972,-0.5434811633830663
UBFC_PHYS_s14_T1_ctrl,103,127,107.23333333333333,-0.06937504559755325,-0.1226314448285248
UBFC_PHYS_s14_T1_ctrl,103,128,107.26666666666667,-0.3227367699146271,0.31680966884201295
UBFC_PHYS_s14_T1_ctrl,103,129,107.3,-0.6574919819831848,0.7082038354665408
UBFC_PHYS_s14_T1_ctrl,103,130,107.33333333333333,-1.0482368469238281,0.9952807806276666
UBFC_PHYS_s14_T1_ctrl,103,131,107.36666666666666,-1.3648263216018677,1.143239630943713
UBFC_PHYS_s14_T1_ctrl,103,132,107.4,-1.3580951690673828,1.1421604988242076
UBFC_PHYS_s14_T1_ctrl,103,133,107.43333333333334,-0.9189367294311523,1.0033576840420044
UBFC_PHYS_s14_T1_ctrl,103,134,107.46666666666667,-0.2742668390274048,0.7522680247994928
UBFC_PHYS_s14_T1_ctrl,103,135,107.5,0.2813771963119507,0.42165628114617126
UBFC_PHYS_s14_T1_ctrl,103,136,107.53333333333333,0.6610255241394043,0.04705431659683637
UBFC_PHYS_s14_T1_ctrl,103,137,107.56666666666666,0.8402318954467773,-0.3355238166587411
UBFC_PHYS_s14_T1_ctrl,103,138,107.6,0.7580780386924744,-0.6901038515989407
UBFC_PHYS_s14_T1_ctrl,103,139,107.63333333333334,0.5383439064025879,-0.9802931344516982
UBFC_PHYS_s14_T1_ctrl,103,140,107.66666666666667,0.40459391474723816,-1.1696530084140924
UBFC_PHYS_s14_T1_ctrl,103,141,107.7,0.3821755051612854,-1.225221623282708
UBFC_PHYS_s14_T1_ctrl,103,142,107.73333333333333,0.3384370803833008,-1.1250249682728484
UBFC_PHYS_s14_T1_ctrl,103,143,107.76666666666667,0.19761797785758972,-0.867560563164014
UBFC_PHYS_s14_T1_ctrl,103,144,107.8,-0.03132572025060654,-0.4788448524537137
UBFC_PHYS_s14_T1_ctrl,103,145,107.83333333333333,-0.32625725865364075,-0.012344601099656734
UBFC_PHYS_s14_T1_ctrl,103,146,107.86666666666666,-0.7111158967018127,0.46037479182613733
UBFC_PHYS_s14_T1_ctrl,103,147,107.9,-1.219444751739502,0.8660380725428292
UBFC_PHYS_s14_T1_ctrl,103,148,107.93333333333334,-1.7284494638442993,1.1468169367893273
UBFC_PHYS_s14_T1_ctrl,103,149,107.96666666666667,-1.948549747467041,1.271372796485262
UBFC_PHYS_s14_T1_ctrl,103,150,108.0,-1.6817820072174072,1.2366497422406837
UBFC_PHYS_s14_T1_ctrl,103,151,108.03333333333333,-1.0032873153686523,1.0621805336190757
UBFC_PHYS_s14_T1_ctrl,103,152,108.06666666666666,-0.2010127454996109,0.7810472930857378
UBFC_PHYS_s14_T1_ctrl,103,153,108.1,0.4850016236305237,0.431162988842911
UBFC_PHYS_s14_T1_ctrl,103,154,108.13333333333334,0.9112892150878906,0.048881098976128655
UBFC_PHYS_s14_T1_ctrl,103,155,108.16666666666667,1.0168753862380981,-0.3343058139598018
UBFC_PHYS_s14_T1_ctrl,103,156,108.2,0.8848152160644531,-0.6916130407331779
UBFC_PHYS_s14_T1_ctrl,103,157,108.23333333333333,0.7370960116386414,-0.9977491266660945
UBFC_PHYS_s14_T1_ctrl,103,158,108.26666666666667,0.7061157822608948,-1.2249125929838134
UBFC_PHYS_s14_T1_ctrl,103,159,108.3,0.6956388354301453,-1.3416657521991888
UBFC_PHYS_s14_T1_ctrl,103,160,108.33333333333333,0.6137102842330933,-1.3174425412917292
UBFC_PHYS_s14_T1_ctrl,103,161,108.36666666666666,0.500491738319397,-1.1325442197810138
UBFC_PHYS_s14_T1_ctrl,103,162,108.4,0.3772749900817871,-0.7901313759821565
UBFC_PHYS_s14_T1_ctrl,103,163,108.43333333333334,0.19206970930099487,-0.32440833951891745
UBFC_PHYS_s14_T1_ctrl,103,164,108.46666666666667,-0.10336877405643463,0.20071442683017582
UBFC_PHYS_s14_T1_ctrl,103,165,108.5,-0.5466391444206238,0.7045380455025805
UBFC_PHYS_s14_T1_ctrl,103,166,108.53333333333333,-1.0474764108657837,1.1099071644850156
UBFC_PHYS_s14_T1_ctrl,103,167,108.56666666666666,-1.287967324256897,1.3623684446872917
UBFC_PHYS_s14_T1_ctrl,103,168,108.6,-1.0739504098892212,1.4404898865286953
UBFC_PHYS_s14_T1_ctrl,103,169,108.63333333333334,-0.5468926429748535,1.354687392690447
UBFC_PHYS_s14_T1_ctrl,103,170,108.66666666666667,0.08887746930122375,1.1373238001032464
UBFC_PHYS_s14_T1_ctrl,103,171,108.7,0.6996944546699524,0.8297524641732883
UBFC_PHYS_s14_T1_ctrl,103,172,108.73333333333333,1.0886086225509644,0.47146356576814763
UBFC_PHYS_s14_T1_ctrl,103,173,108.76666666666667,1.1315021514892578,0.09410792964965346
UBFC_PHYS_s14_T1_ctrl,103,174,108.8,0.9770799279212952,-0.27906427843198905
UBFC_PHYS_s14_T1_ctrl,103,175,108.83333333333333,0.8229674696922302,-0.629449110607769
UBFC_PHYS_s14_T1_ctrl,103,176,108.86666666666666,0.7147902250289917,-0.9374169520723018
UBFC_PHYS_s14_T1_ctrl,103,177,108.9,0.6190895438194275,-1.1779004709191658
UBFC_PHYS_s14_T1_ctrl,103,178,108.93333333333334,0.469483345746994,-1.320226809582547
UBFC_PHYS_s14_T1_ctrl,103,179,108.96666666666667,0.2029409408569336,-1.3336770137000282
UBFC_PHYS_s14_T1_ctrl,103,180,109.0,-0.12756149470806122,-1.1976528232684507
UBFC_PHYS_s14_T1_ctrl,103,181,109.03333333333333,-0.41286101937294006,-0.9126656787194736
UBFC_PHYS_s14_T1_ctrl,103,182,109.06666666666666,-0.7089472413063049,-0.5070044783761084
UBFC_PHYS_s14_T1_ctrl,103,183,109.1,-1.1621594429016113,-0.03491042566455059
UBFC_PHYS_s14_T1_ctrl,103,184,109.13333333333334,-1.7425312995910645,0.4345689887535945
UBFC_PHYS_s14_T1_ctrl,103,185,109.16666666666667,-2.181126594543457,0.8344779055710798
UBFC_PHYS_s14_T1_ctrl,103,186,109.2,-2.150456190109253,1.1158277404674812
UBFC_PHYS_s14_T1_ctrl,103,187,109.23333333333333,-1.542230248451233,1.2560199043623186
UBFC_PHYS_s14_T1_ctrl,103,188,109.26666666666667,-0.6005728840827942,1.257594841127104
UBFC_PHYS_s14_T1_ctrl,103,189,109.3,0.2911781966686249,1.1399719353088391
UBFC_PHYS_s14_T1_ctrl,103,190,109.33333333333333,0.9470291137695312,0.9290705683629059
UBFC_PHYS_s14_T1_ctrl,103,191,109.36666666666666,1.3750628232955933,0.6491490866909843
UBFC_PHYS_s14_T1_ctrl,103,192,109.4,1.6234396696090698,0.3193719324789462
UBFC_PHYS_s14_T1_ctrl,103,193,109.43333333333334,1.7383761405944824,-0.044494997666551815
UBFC_PHYS_s14_T1_ctrl,103,194,109.46666666666667,1.7827622890472412,-0.4247615958352966
UBFC_PHYS_s14_T1_ctrl,103,195,109.5,1.8170095682144165,-0.7957338995148745
UBFC_PHYS_s14_T1_ctrl,103,196,109.53333333333333,1.8468914031982422,-1.1203098657678654
UBFC_PHYS_s14_T1_ctrl,103,197,109.56666666666666,1.806110143661499,-1.352116522300195
UBFC_PHYS_s14_T1_ctrl,103,198,109.6,1.605780839920044,-1.4442394724629382
UBFC_PHYS_s14_T1_ctrl,103,199,109.63333333333334,1.225343942642212,-1.3628799073511433
UBFC_PHYS_s14_T1_ctrl,103,200,109.66666666666667,0.7572049498558044,-1.1014933269808584
UBFC_PHYS_s14_T1_ctrl,103,201,109.7,0.30528828501701355,-0.6892988207265021
UBFC_PHYS_s14_T1_ctrl,103,202,109.73333333333333,-0.12094300240278244,-0.18876653904181806
UBFC_PHYS_s14_T1_ctrl,103,203,109.76666666666667,-0.5867162942886353,0.3192904655799682
UBFC_PHYS_s14_T1_ctrl,103,204,109.8,-1.0559537410736084,0.7581399586277543
UBFC_PHYS_s14_T1_ctrl,103,205,109.83333333333333,-1.2398916482925415,1.075686915959716
UBFC_PHYS_s14_T1_ctrl,103,206,109.86666666666666,-0.8428380489349365,1.2544615412457598
UBFC_PHYS_s14_T1_ctrl,103,207,109.9,0.03297228366136551,1.307698327691836
UBFC_PHYS_s14_T1_ctrl,103,208,109.93333333333334,0.9909646511077881,1.264976229883719
UBFC_PHYS_s14_T1_ctrl,103,209,109.96666666666667,1.7557532787322998,1.1553362074704874
UBFC_PHYS_s14_T1_ctrl,103,210,110.0,2.2149643898010254,0.9956585839896998
UBFC_PHYS_s14_T1_ctrl,103,211,110.03333333333333,2.2995965480804443,0.7883486763629229
UBFC_PHYS_s14_T1_ctrl,103,212,110.06666666666666,2.144385814666748,0.5276559839553511
UBFC_PHYS_s14_T1_ctrl,103,213,110.1,1.9719668626785278,0.21046065540759754
UBFC_PHYS_s14_T1_ctrl,103,214,110.13333333333334,1.8503555059432983,-0.1537569654519338
UBFC_PHYS_s14_T1_ctrl,103,215,110.16666666666667,1.7402631044387817,-0.5379745683731824
UBFC_PHYS_s14_T1_ctrl,103,216,110.2,1.632057785987854,-0.8996248673087452
UBFC_PHYS_s14_T1_ctrl,103,217,110.23333333333333,1.498955488204956,-1.1889562722877476
UBFC_PHYS_s14_T1_ctrl,103,218,110.26666666666667,1.2842345237731934,-1.3612455514994746
UBFC_PHYS_s14_T1_ctrl,103,219,110.3,0.9691377282142639,-1.389203728683249
UBFC_PHYS_s14_T1_ctrl,103,220,110.33333333333333,0.563860297203064,-1.271609173593224
UBFC_PHYS_s14_T1_ctrl,103,221,110.36666666666666,0.08079445362091064,-1.0349069587647872
UBFC_PHYS_s14_T1_ctrl,103,222,110.4,-0.4689915180206299,-0.7264197008765557
UBFC_PHYS_s14_T1_ctrl,103,223,110.43333333333334,-1.0585166215896606,-0.40088801760422316
UBFC_PHYS_s14_T1_ctrl,103,224,110.46666666666667,-1.535048484802246,-0.10531237376896102
UBFC_PHYS_s14_T1_ctrl,103,225,110.5,-1.6023600101470947,0.13178598376157222
UBFC_PHYS_s14_T1_ctrl,103,226,110.53333333333333,-1.1105915307998657,0.30287385260713434
UBFC_PHYS_s14_T1_ctrl,103,227,110.56666666666666,-0.35430842638015747,0.4160461715068365
UBFC_PHYS_s14_T1_ctrl,103,228,110.6,0.28053227066993713,0.48554522774331904
UBFC_PHYS_s14_T1_ctrl,103,229,110.63333333333334,0.6506330370903015,0.5230071149878504
UBFC_PHYS_s14_T1_ctrl,103,230,110.66666666666667,0.7546702027320862,0.5330236707862727
UBFC_PHYS_s14_T1_ctrl,103,231,110.7,0.549975574016571,0.5141086199217022
UBFC_PHYS_s14_T1_ctrl,103,232,110.73333333333333,0.13686862587928772,0.4637728773322058
UBFC_PHYS_s14_T1_ctrl,103,233,110.76666666666667,-0.15217667818069458,0.38479627369681213
UBFC_PHYS_s14_T1_ctrl,103,234,110.8,-0.15282444655895233,0.28921456236312704
UBFC_PHYS_s14_T1_ctrl,103,235,110.83333333333333,-0.08475249260663986,0.19738575509188297
UBFC_PHYS_s14_T1_ctrl,103,236,110.86666666666666,-0.17636939883232117,0.13174536968988784
UBFC_PHYS_s14_T1_ctrl,103,237,110.9,-0.41086137294769287,0.10769553336827664
UBFC_PHYS_s14_T1_ctrl,103,238,110.93333333333334,-0.6518310308456421,0.1261052737633757
UBFC_PHYS_s14_T1_ctrl,103,239,110.96666666666667,-0.7936640381813049,0.17161536626507673
UBFC_PHYS_s14_T1_ctrl,104,0,104.0,-1.9327216148376465,0.07117636691307633
UBFC_PHYS_s14_T1_ctrl,104,1,104.03333333333333,-1.3418165445327759,0.2856001290653762
UBFC_PHYS_s14_T1_ctrl,104,2,104.06666666666666,-0.7574172019958496,0.5054188576731543
UBFC_PHYS_s14_T1_ctrl,104,3,104.1,-0.2358795553445816,0.7342475922056406
UBFC_PHYS_s14_T1_ctrl,104,4,104.13333333333334,0.18128296732902527,0.9672395126235395
UBFC_PHYS_s14_T1_ctrl,104,5,104.16666666666667,0.3667135536670685,1.1908272702791352
UBFC_PHYS_s14_T1_ctrl,104,6,104.2,0.325397253036499,1.3843970560245977
UBFC_PHYS_s14_T1_ctrl,104,7,104.23333333333333,0.24605976045131683,1.5228575261294892
UBFC_PHYS_s14_T1_ctrl,104,8,104.26666666666667,0.24972105026245117,1.5797689840484574
UBFC_PHYS_s14_T1_ctrl,104,9,104.3,0.2934594750404358,1.5313689447159937
UBFC_PHYS_s14_T1_ctrl,104,10,104.33333333333333,0.3360150158405304,1.3617841103783463
UBFC_PHYS_s14_T1_ctrl,104,11,104.36666666666666,0.3684034049510956,1.0687406967943043
UBFC_PHYS_s14_T1_ctrl,104,12,104.4,0.3346913158893585,0.6677825083171524
UBFC_PHYS_s14_T1_ctrl,104,13,104.43333333333334,0.19080233573913574,0.19282259327365103
UBFC_PHYS_s14_T1_ctrl,104,14,104.46666666666667,0.0027806663420051336,-0.3075748800861021
UBFC_PHYS_s14_T1_ctrl,104,15,104.5,-0.10348143428564072,-0.776974446530573
UBFC_PHYS_s14_T1_ctrl,104,16,104.53333333333333,-0.09706008434295654,-1.1592582430650027
UBFC_PHYS_s14_T1_ctrl,104,17,104.56666666666666,-0.10981829464435577,-1.4071172245922627
UBFC_PHYS_s14_T1_ctrl,104,18,104.6,-0.27221089601516724,-1.4900726860822915
UBFC_PHYS_s14_T1_ctrl,104,19,104.63333333333334,-0.5154899954795837,-1.4008380914140928
UBFC_PHYS_s14_T1_ctrl,104,20,104.66666666666667,-0.5829704999923706,-1.1580365161116069
UBFC_PHYS_s14_T1_ctrl,104,21,104.7,-0.29020756483078003,-0.8032541739816094
UBFC_PHYS_s14_T1_ctrl,104,22,104.73333333333333,0.2709565758705139,-0.39199062349236885
UBFC_PHYS_s14_T1_ctrl,104,23,104.76666666666667,0.8408796787261963,0.01914630682697572
UBFC_PHYS_s14_T1_ctrl,104,24,104.8,1.2444953918457031,0.38421558035248093
UBFC_PHYS_s14_T1_ctrl,104,25,104.83333333333333,1.4351081848144531,0.673926031416855
UBFC_PHYS_s14_T1_ctrl,104,26,104.86666666666666,1.3905248641967773,0.8742523791262682
UBFC_PHYS_s14_T1_ctrl,104,27,104.9,1.1536670923233032,0.9802635466717452
UBFC_PHYS_s14_T1_ctrl,104,28,104.93333333333334,0.8459491729736328,0.9899388436052928
UBFC_PHYS_s14_T1_ctrl,104,29,104.96666666666667,0.5855464339256287,0.9017774052155942
UBFC_PHYS_s14_T1_ctrl,104,30,105.0,0.42839235067367554,0.7167700188562194
UBFC_PHYS_s14_T1_ctrl,104,31,105.03333333333333,0.3362966477870941,0.44242900603639806
UBFC_PHYS_s14_T1_ctrl,104,32,105.06666666666666,0.19637878239154816,0.09610849556152083
UBFC_PHYS_s14_T1_ctrl,104,33,105.1,-0.02904445119202137,-0.2937766506910888
UBFC_PHYS_s14_T1_ctrl,104,34,105.13333333333334,-0.2668316066265106,-0.6885754553364051
UBFC_PHYS_s14_T1_ctrl,104,35,105.16666666666667,-0.4732724130153656,-1.0417937561093533
UBFC_PHYS_s14_T1_ctrl,104,36,105.2,-0.6789528131484985,-1.303213675620179
UBFC_PHYS_s14_T1_ctrl,104,37,105.23333333333333,-0.8822392821311951,-1.4255562343976123
UBFC_PHYS_s14_T1_ctrl,104,38,105.26666666666667,-1.0687963962554932,-1.374059351457867
UBFC_PHYS_s14_T1_ctrl,104,39,105.3,-1.2971768379211426,-1.1375605576189518
UBFC_PHYS_s14_T1_ctrl,104,40,105.33333333333333,-1.600388526916504,-0.7373466569462808
UBFC_PHYS_s14_T1_ctrl,104,41,105.36666666666666,-1.8844770193099976,-0.22871550603398913
UBFC_PHYS_s14_T1_ctrl,104,42,105.4,-1.9825716018676758,0.3084903739362313
UBFC_PHYS_s14_T1_ctrl,104,43,105.43333333333334,-1.7334625720977783,0.7893343137378049
UBFC_PHYS_s14_T1_ctrl,104,44,105.46666666666667,-1.1111266613006592,1.145790593022836
UBFC_PHYS_s14_T1_ctrl,104,45,105.5,-0.31724482774734497,1.3413249832282585
UBFC_PHYS_s14_T1_ctrl,104,46,105.53333333333333,0.3830485939979553,1.3725893237651599
UBFC_PHYS_s14_T1_ctrl,104,47,105.56666666666666,0.8502019047737122,1.2603423704498844
UBFC_PHYS_s14_T1_ctrl,104,48,105.6,1.0275212526321411,1.03636746054866
UBFC_PHYS_s14_T1_ctrl,104,49,105.63333333333334,0.9566892981529236,0.7329489736547419
UBFC_PHYS_s14_T1_ctrl,104,50,105.66666666666667,0.7983241081237793,0.37796678932163913
UBFC_PHYS_s14_T1_ctrl,104,51,105.7,0.6875276565551758,-0.004864319762738465
UBFC_PHYS_s14_T1_ctrl,104,52,105.73333333333333,0.6442680358886719,-0.3924277889833578
UBFC_PHYS_s14_T1_ctrl,104,53,105.76666666666667,0.6261868476867676,-0.7572806023964431
UBFC_PHYS_s14_T1_ctrl,104,54,105.8,0.5647615790367126,-1.0639328395999168
UBFC_PHYS_s14_T1_ctrl,104,55,105.83333333333333,0.40698784589767456,-1.269409245534256
UBFC_PHYS_s14_T1_ctrl,104,56,105.86666666666666,0.1472892314195633,-1.33026908849815
UBFC_PHYS_s14_T1_ctrl,104,57,105.9,-0.16769494116306305,-1.2155550832151687
UBFC_PHYS_s14_T1_ctrl,104,58,105.93333333333334,-0.46172523498535156,-0.9214755721351525
UBFC_PHYS_s14_T1_ctrl,104,59,105.96666666666667,-0.6862190365791321,-0.4808861105061505
UBFC_PHYS_s14_T1_ctrl,104,60,106.0,-0.8575677275657654,0.038998629334462645
UBFC_PHYS_s14_T1_ctrl,104,61,106.03333333333333,-1.0343801975250244,0.5523347128817452
UBFC_PHYS_s14_T1_ctrl,104,62,106.06666666666666,-1.2899950742721558,0.9777625584826731
UBFC_PHYS_s14_T1_ctrl,104,63,106.1,-1.6048102378845215,1.2583327422719777
UBFC_PHYS_s14_T1_ctrl,104,64,106.13333333333334,-1.7301392555236816,1.370527115791319
UBFC_PHYS_s14_T1_ctrl,104,65,106.16666666666667,-1.4076071977615356,1.3215316397408734
UBFC_PHYS_s14_T1_ctrl,104,66,106.2,-0.7424903512001038,1.1390966845706383
UBFC_PHYS_s14_T1_ctrl,104,67,106.23333333333333,-0.05870095640420914,0.859669687797498
UBFC_PHYS_s14_T1_ctrl,104,68,106.26666666666667,0.4786929190158844,0.5189150563625624
UBFC_PHYS_s14_T1_ctrl,104,69,106.3,0.8357256650924683,0.146474190248953
UBFC_PHYS_s14_T1_ctrl,104,70,106.33333333333333,0.9547741413116455,-0.23453816290984
UBFC_PHYS_s14_T1_ctrl,104,71,106.36666666666666,0.8835760354995728,-0.6038094928988627
UBFC_PHYS_s14_T1_ctrl,104,72,106.4,0.820010244846344,-0.937944343089562
UBFC_PHYS_s14_T1_ctrl,104,73,106.43333333333334,0.8830690979957581,-1.2059077717025697
UBFC_PHYS_s14_T1_ctrl,104,74,106.46666666666667,1.0054690837860107,-1.3693397408065726
UBFC_PHYS_s14_T1_ctrl,104,75,106.5,1.0933401584625244,-1.3895596749814592
UBFC_PHYS_s14_T1_ctrl,104,76,106.53333333333333,1.0879608392715454,-1.2400612858469355
UBFC_PHYS_s14_T1_ctrl,104,77,106.56666666666666,0.8776616454124451,-0.9201376525152776
UBFC_PHYS_s14_T1_ctrl,104,78,106.6,0.40110158920288086,-0.46345803702600125
UBFC_PHYS_s14_T1_ctrl,104,79,106.63333333333334,-0.19847799837589264,0.06376294934630748
UBFC_PHYS_s14_T1_ctrl,104,80,106.66666666666667,-0.7389980554580688,0.5765582325494361
UBFC_PHYS_s14_T1_ctrl,104,81,106.7,-1.2264574766159058,0.9928862281134798
UBFC_PHYS_s14_T1_ctrl,104,82,106.73333333333333,-1.7295197248458862,1.2544022119624545
UBFC_PHYS_s14_T1_ctrl,104,83,106.76666666666667,-2.0803563594818115,1.3374906636414468
UBFC_PHYS_s14_T1_ctrl,104,84,106.8,-1.9712496995925903,1.2514071867892327
UBFC_PHYS_s14_T1_ctrl,104,85,106.83333333333333,-1.382259726524353,1.0273087854146967
UBFC_PHYS_s14_T1_ctrl,104,86,106.86666666666666,-0.6146829724311829,0.7050849147875482
UBFC_PHYS_s14_T1_ctrl,104,87,106.9,0.043026767671108246,0.32372638085342387
UBFC_PHYS_s14_T1_ctrl,104,88,106.93333333333334,0.476073682308197,-0.08230742112255221
UBFC_PHYS_s14_T1_ctrl,104,89,106.96666666666667,0.6361005306243896,-0.48149208226975115
UBFC_PHYS_s14_T1_ctrl,104,90,107.0,0.5509049892425537,-0.8411366358888498
UBFC_PHYS_s14_T1_ctrl,104,91,107.03333333333333,0.39789092540740967,-1.1242386046910187
UBFC_PHYS_s14_T1_ctrl,104,92,107.06666666666666,0.3335084319114685,-1.2905928256962604
UBFC_PHYS_s14_T1_ctrl,104,93,107.1,0.3368035852909088,-1.303929246727379
UBFC_PHYS_s14_T1_ctrl,104,94,107.13333333333334,0.3152301013469696,-1.1438131107098102
UBFC_PHYS_s14_T1_ctrl,104,95,107.16666666666667,0.2356109768152237,-0.817671325077541
UBFC_PHYS_s14_T1_ctrl,104,96,107.2,0.10969053208827972,-0.3665612825292174
UBFC_PHYS_s14_T1_ctrl,104,97,107.23333333333333,-0.06937504559755325,0.14009083180424725
UBFC_PHYS_s14_T1_ctrl,104,98,107.26666666666667,-0.3227367699146271,0.6205741466824196
UBFC_PHYS_s14_T1_ctrl,104,99,107.3,-0.6574919819831848,1.0019243161182285
UBFC_PHYS_s14_T1_ctrl,104,100,107.33333333333333,-1.0482368469238281,1.23714171428368
UBFC_PHYS_s14_T1_ctrl,104,101,107.36666666666666,-1.3648263216018677,1.311727362641807
UBFC_PHYS_s14_T1_ctrl,104,102,107.4,-1.3580951690673828,1.238528649565403
UBFC_PHYS_s14_T1_ctrl,104,103,107.43333333333334,-0.9189367294311523,1.0457403500838336
UBFC_PHYS_s14_T1_ctrl,104,104,107.46666666666667,-0.2742668390274048,0.7649957824656684
UBFC_PHYS_s14_T1_ctrl,104,105,107.5,0.2813771963119507,0.42454571321513834
UBFC_PHYS_s14_T1_ctrl,104,106,107.53333333333333,0.6610255241394043,0.04868463028930563
UBFC_PHYS_s14_T1_ctrl,104,107,107.56666666666666,0.8402318954467773,-0.3385658119183056
UBFC_PHYS_s14_T1_ctrl,104,108,107.6,0.7580780386924744,-0.7085688835077678
UBFC_PHYS_s14_T1_ctrl,104,109,107.63333333333334,0.5383439064025879,-1.024885509034904
UBFC_PHYS_s14_T1_ctrl,104,110,107.66666666666667,0.40459391474723816,-1.2444482989352217
UBFC_PHYS_s14_T1_ctrl,104,111,107.7,0.3821755051612854,-1.3247377184978528
UBFC_PHYS_s14_T1_ctrl,104,112,107.73333333333333,0.3384370803833008,-1.236028241115285
UBFC_PHYS_s14_T1_ctrl,104,113,107.76666666666667,0.19761797785758972,-0.9746050485350598
UBFC_PHYS_s14_T1_ctrl,104,114,107.8,-0.03132572025060654,-0.5709325229702303
UBFC_PHYS_s14_T1_ctrl,104,115,107.83333333333333,-0.32625725865364075,-0.0875437605468091
UBFC_PHYS_s14_T1_ctrl,104,116,107.86666666666666,-0.7111158967018127,0.3947582717587715
UBFC_PHYS_s14_T1_ctrl,104,117,107.9,-1.219444751739502,0.7982064560715145
UBFC_PHYS_s14_T1_ctrl,104,118,107.93333333333334,-1.7284494638442993,1.0681347762484512
UBFC_PHYS_s14_T1_ctrl,104,119,107.96666666666667,-1.948549747467041,1.1831562355427596
UBFC_PHYS_s14_T1_ctrl,104,120,108.0,-1.6817820072174072,1.1524920654814839
UBFC_PHYS_s14_T1_ctrl,104,121,108.03333333333333,-1.0032873153686523,1.004307676262201
UBFC_PHYS_s14_T1_ctrl,104,122,108.06666666666666,-0.2010127454996109,0.7719582398191971
UBFC_PHYS_s14_T1_ctrl,104,123,108.1,0.4850016236305237,0.4840073183767129
UBFC_PHYS_s14_T1_ctrl,104,124,108.13333333333334,0.9112892150878906,0.16093193703639
UBFC_PHYS_s14_T1_ctrl,104,125,108.16666666666667,1.0168753862380981,-0.18172154020371084
UBFC_PHYS_s14_T1_ctrl,104,126,108.2,0.8848152160644531,-0.5263578830954859
UBFC_PHYS_s14_T1_ctrl,104,127,108.23333333333333,0.7370960116386414,-0.846444102012609
UBFC_PHYS_s14_T1_ctrl,104,128,108.26666666666667,0.7061157822608948,-1.103722442292985
UBFC_PHYS_s14_T1_ctrl,104,129,108.3,0.6956388354301453,-1.2522564806091754
UBFC_PHYS_s14_T1_ctrl,104,130,108.33333333333333,0.6137102842330933,-1.2494704272416721
UBFC_PHYS_s14_T1_ctrl,104,131,108.36666666666666,0.500491738319397,-1.0712266895168416
UBFC_PHYS_s14_T1_ctrl,104,132,108.4,0.3772749900817871,-0.7254460675672714
UBFC_PHYS_s14_T1_ctrl,104,133,108.43333333333334,0.19206970930099487,-0.25786651813090455
UBFC_PHYS_s14_T1_ctrl,104,134,108.46666666666667,-0.10336877405643463,0.2547738050234798
UBFC_PHYS_s14_T1_ctrl,104,135,108.5,-0.5466391444206238,0.7238591276095008
UBFC_PHYS_s14_T1_ctrl,104,136,108.53333333333333,-1.0474764108657837,1.073323232195414
UBFC_PHYS_s14_T1_ctrl,104,137,108.56666666666666,-1.287967324256897,1.258840838315276
UBFC_PHYS_s14_T1_ctrl,104,138,108.6,-1.0739504098892212,1.2742601968491802
UBFC_PHYS_s14_T1_ctrl,104,139,108.63333333333334,-0.5468926429748535,1.1446280862365685
UBFC_PHYS_s14_T1_ctrl,104,140,108.66666666666667,0.08887746930122375,0.9109975808886217
UBFC_PHYS_s14_T1_ctrl,104,141,108.7,0.6996944546699524,0.6145307492808147
UBFC_PHYS_s14_T1_ctrl,104,142,108.73333333333333,1.0886086225509644,0.28613623611913225
UBFC_PHYS_s14_T1_ctrl,104,143,108.76666666666667,1.1315021514892578,-0.055548731038315674
UBFC_PHYS_s14_T1_ctrl,104,144,108.8,0.9770799279212952,-0.3987420098522567
UBFC_PHYS_s14_T1_ctrl,104,145,108.83333333333333,0.8229674696922302,-0.7293391577315729
UBFC_PHYS_s14_T1_ctrl,104,146,108.86666666666666,0.7147902250289917,-1.0228612486833193
UBFC_PHYS_s14_T1_ctrl,104,147,108.9,0.6190895438194275,-1.2419197141085818
UBFC_PHYS_s14_T1_ctrl,104,148,108.93333333333334,0.469483345746994,-1.3415892446191653
UBFC_PHYS_s14_T1_ctrl,104,149,108.96666666666667,0.2029409408569336,-1.2820614467907328
UBFC_PHYS_s14_T1_ctrl,104,150,109.0,-0.12756149470806122,-1.044701531227588
UBFC_PHYS_s14_T1_ctrl,104,151,109.03333333333333,-0.41286101937294006,-0.6451963853693132
UBFC_PHYS_s14_T1_ctrl,104,152,109.06666666666666,-0.7089472413063049,-0.13713928002740017
UBFC_PHYS_s14_T1_ctrl,104,153,109.1,-1.1621594429016113,0.39761629089945993
UBFC_PHYS_s14_T1_ctrl,104,154,109.13333333333334,-1.7425312995910645,0.8696128297032205
UBFC_PHYS_s14_T1_ctrl,104,155,109.16666666666667,-2.181126594543457,1.2056664131092405
UBFC_PHYS_s14_T1_ctrl,104,156,109.2,-2.150456190109253,1.3664183436932373
UBFC_PHYS_s14_T1_ctrl,104,157,109.23333333333333,-1.542230248451233,1.3511088398166655
UBFC_PHYS_s14_T1_ctrl,104,158,109.26666666666667,-0.6005728840827942,1.18939234045243
UBFC_PHYS_s14_T1_ctrl,104,159,109.3,0.2911781966686249,0.9256810864590234
UBFC_PHYS_s14_T1_ctrl,104,160,109.33333333333333,0.9470291137695312,0.6034700310570936
UBFC_PHYS_s14_T1_ctrl,104,161,109.36666666666666,1.3750628232955933,0.255435360148054
UBFC_PHYS_s14_T1_ctrl,104,162,109.4,1.6234396696090698,-0.0983347896219165
UBFC_PHYS_s14_T1_ctrl,104,163,109.43333333333334,1.7383761405944824,-0.4451148441299964
UBFC_PHYS_s14_T1_ctrl,104,164,109.46666666666667,1.7827622890472412,-0.7708903641704284
UBFC_PHYS_s14_T1_ctrl,104,165,109.5,1.8170095682144165,-1.052784686532643
UBFC_PHYS_s14_T1_ctrl,104,166,109.53333333333333,1.8468914031982422,-1.2565421120684228
UBFC_PHYS_s14_T1_ctrl,104,167,109.56666666666666,1.806110143661499,-1.3412562022784607
UBFC_PHYS_s14_T1_ctrl,104,168,109.6,1.605780839920044,-1.2708563649777551
UBFC_PHYS_s14_T1_ctrl,104,169,109.63333333333334,1.225343942642212,-1.028939328417054
UBFC_PHYS_s14_T1_ctrl,104,170,109.66666666666667,0.7572049498558044,-0.6312788815679626
UBFC_PHYS_s14_T1_ctrl,104,171,109.7,0.30528828501701355,-0.12988566945411012
UBFC_PHYS_s14_T1_ctrl,104,172,109.73333333333333,-0.12094300240278244,0.3952895557937011
UBFC_PHYS_s14_T1_ctrl,104,173,109.76666666666667,-0.5867162942886353,0.8558582094484414
UBFC_PHYS_s14_T1_ctrl,104,174,109.8,-1.0559537410736084,1.1785175776655703
UBFC_PHYS_s14_T1_ctrl,104,175,109.83333333333333,-1.2398916482925415,1.3227936276201222
UBFC_PHYS_s14_T1_ctrl,104,176,109.86666666666666,-0.8428380489349365,1.2865728301195822
UBFC_PHYS_s14_T1_ctrl,104,177,109.9,0.03297228366136551,1.099346533478684
UBFC_PHYS_s14_T1_ctrl,104,178,109.93333333333334,0.9909646511077881,0.8078831392468693
UBFC_PHYS_s14_T1_ctrl,104,179,109.96666666666667,1.7557532787322998,0.4607200665549342
UBFC_PHYS_s14_T1_ctrl,104,180,110.0,2.2149643898010254,0.09696833035215109
UBFC_PHYS_s14_T1_ctrl,104,181,110.03333333333333,2.2995965480804443,-0.25758645078518916
UBFC_PHYS_s14_T1_ctrl,104,182,110.06666666666666,2.144385814666748,-0.5871685237236866
UBFC_PHYS_s14_T1_ctrl,104,183,110.1,1.9719668626785278,-0.8782393998007745
UBFC_PHYS_s14_T1_ctrl,104,184,110.13333333333334,1.8503555059432983,-1.1115935556630727
UBFC_PHYS_s14_T1_ctrl,104,185,110.16666666666667,1.7402631044387817,-1.2586607063479016
UBFC_PHYS_s14_T1_ctrl,104,186,110.2,1.632057785987854,-1.2847599959438725
UBFC_PHYS_s14_T1_ctrl,104,187,110.23333333333333,1.498955488204956,-1.1592939639656092
UBFC_PHYS_s14_T1_ctrl,104,188,110.26666666666667,1.2842345237731934,-0.8697710039101726
UBFC_PHYS_s14_T1_ctrl,104,189,110.3,0.9691377282142639,-0.4341277167544744
UBFC_PHYS_s14_T1_ctrl,104,190,110.33333333333333,0.563860297203064,0.09479669753876226
UBFC_PHYS_s14_T1_ctrl,104,191,110.36666666666666,0.08079445362091064,0.6366368732725682
UBFC_PHYS_s14_T1_ctrl,104,192,110.4,-0.4689915180206299,1.1019876762683416
UBFC_PHYS_s14_T1_ctrl,104,193,110.43333333333334,-1.0585166215896606,1.4159094342702072
UBFC_PHYS_s14_T1_ctrl,104,194,110.46666666666667,-1.535048484802246,1.5372521541745325
UBFC_PHYS_s14_T1_ctrl,104,195,110.5,-1.6023600101470947,1.466068178398888
UBFC_PHYS_s14_T1_ctrl,104,196,110.53333333333333,-1.1105915307998657,1.237228698242874
UBFC_PHYS_s14_T1_ctrl,104,197,110.56666666666666,-0.35430842638015747,0.9046454544393396
UBFC_PHYS_s14_T1_ctrl,104,198,110.6,0.28053227066993713,0.5233545485825428
UBFC_PHYS_s14_T1_ctrl,104,199,110.63333333333334,0.6506330370903015,0.13605184099379997
UBFC_PHYS_s14_T1_ctrl,104,200,110.66666666666667,0.7546702027320862,-0.23185821346896626
UBFC_PHYS_s14_T1_ctrl,104,201,110.7,0.549975574016571,-0.5681632152892291
UBFC_PHYS_s14_T1_ctrl,104,202,110.73333333333333,0.13686862587928772,-0.8639097139388429
UBFC_PHYS_s14_T1_ctrl,104,203,110.76666666666667,-0.15217667818069458,-1.1032842351676975
UBFC_PHYS_s14_T1_ctrl,104,204,110.8,-0.15282444655895233,-1.2588490440526754
UBFC_PHYS_s14_T1_ctrl,104,205,110.83333333333333,-0.08475249260663986,-1.295239366111229
UBFC_PHYS_s14_T1_ctrl,104,206,110.86666666666666,-0.17636939883232117,-1.1807888459856037
UBFC_PHYS_s14_T1_ctrl,104,207,110.9,-0.41086137294769287,-0.9029970829621131
UBFC_PHYS_s14_T1_ctrl,104,208,110.93333333333334,-0.6518310308456421,-0.4814906350013027
UBFC_PHYS_s14_T1_ctrl,104,209,110.96666666666667,-0.7936640381813049,0.027956179490933583
UBFC_PHYS_s14_T1_ctrl,104,210,111.0,-0.8060279488563538,0.5421873158121843
UBFC_PHYS_s14_T1_ctrl,104,211,111.03333333333333,-0.795128583908081,0.9708249990445353
UBFC_PHYS_s14_T1_ctrl,104,212,111.06666666666666,-0.943861722946167,1.2403818760405452
UBFC_PHYS_s14_T1_ctrl,104,213,111.1,-1.2317804098129272,1.3123239246008445
UBFC_PHYS_s14_T1_ctrl,104,214,111.13333333333334,-1.340070366859436,1.1885237659636663
UBFC_PHYS_s14_T1_ctrl,104,215,111.16666666666667,-1.0004991292953491,0.9040175314530793
UBFC_PHYS_s14_T1_ctrl,104,216,111.2,-0.35061895847320557,0.5119762177036459
UBFC_PHYS_s14_T1_ctrl,104,217,111.23333333333333,0.2613527178764343,0.06768710518102286
UBFC_PHYS_s14_T1_ctrl,104,218,111.26666666666667,0.7038626670837402,-0.3825378026209289
UBFC_PHYS_s14_T1_ctrl,104,219,111.3,1.0406174659729004,-0.804508275430723
UBFC_PHYS_s14_T1_ctrl,104,220,111.33333333333333,1.2288081645965576,-1.172131626978925
UBFC_PHYS_s14_T1_ctrl,104,221,111.36666666666666,1.2073472738265991,-1.4601429645664996
UBFC_PHYS_s14_T1_ctrl,104,222,111.4,1.097987174987793,-1.6387590849675104
UBFC_PHYS_s14_T1_ctrl,104,223,111.43333333333334,1.056304693222046,-1.67436905481261
UBFC_PHYS_s14_T1_ctrl,104,224,111.46666666666667,1.0723581314086914,-1.53750678046182
UBFC_PHYS_s14_T1_ctrl,104,225,111.5,1.0536291599273682,-1.2158428573880404
UBFC_PHYS_s14_T1_ctrl,104,226,111.53333333333333,0.9107259511947632,-0.7270807927657805
UBFC_PHYS_s14_T1_ctrl,104,227,111.56666666666666,0.5120670795440674,-0.12531336407761423
UBFC_PHYS_s14_T1_ctrl,104,228,111.6,-0.2625788450241089,0.5045571146987615
UBFC_PHYS_s14_T1_ctrl,104,229,111.63333333333334,-1.3445202112197876,1.0652217122936742
UBFC_PHYS_s14_T1_ctrl,104,230,111.66666666666667,-2.517965793609619,1.4722374004389063
UBFC_PHYS_s14_T1_ctrl,104,231,111.7,-3.5803050994873047,1.6760355600644443
UBFC_PHYS_s14_T1_ctrl,104,232,111.73333333333333,-4.237085342407227,1.6726138176339522
UBFC_PHYS_s14_T1_ctrl,104,233,111.76666666666667,-4.085930347442627,1.5005876853629196
UBFC_PHYS_s14_T1_ctrl,104,234,111.8,-3.163001775741577,1.2271407472296474
UBFC_PHYS_s14_T1_ctrl,104,235,111.83333333333333,-2.046081066131592,0.9278940479076364
UBFC_PHYS_s14_T1_ctrl,104,236,111.86666666666666,-1.1583573818206787,0.6663330011327425
UBFC_PHYS_s14_T1_ctrl,104,237,111.9,-0.5142789483070374,0.4779383286412037
UBFC_PHYS_s14_T1_ctrl,104,238,111.93333333333334,-0.0824148952960968,0.3630106957030166
UBFC_PHYS_s14_T1_ctrl,104,239,111.96666666666667,0.07611925899982452,0.29024994739867205
UBFC_PHYS_s14_T1_ctrl,105,0,105.0,0.42839235067367554,-0.037688959100156266
UBFC_PHYS_s14_T1_ctrl,105,1,105.03333333333333,0.3362966477870941,-0.0753221824636855
UBFC_PHYS_s14_T1_ctrl,105,2,105.06666666666666,0.19637878239154816,-0.16302050789373096
UBFC_PHYS_s14_T1_ctrl,105,3,105.1,-0.02904445119202137,-0.33232990448783806
UBFC_PHYS_s14_T1_ctrl,105,4,105.13333333333334,-0.2668316066265106,-0.5803335661091411
UBFC_PHYS_s14_T1_ctrl,105,5,105.16666666666667,-0.4732724130153656,-0.8663412843097418
UBFC_PHYS_s14_T1_ctrl,105,6,105.2,-0.6789528131484985,-1.1208574274841263
UBFC_PHYS_s14_T1_ctrl,105,7,105.23333333333333,-0.8822392821311951,-1.2649321236140154
UBFC_PHYS_s14_T1_ctrl,105,8,105.26666666666667,-1.0687963962554932,-1.234739343575185
UBFC_PHYS_s14_T1_ctrl,105,9,105.3,-1.2971768379211426,-1.0039238954806848
UBFC_PHYS_s14_T1_ctrl,105,10,105.33333333333333,-1.600388526916504,-0.5957779977922315
UBFC_PHYS_s14_T1_ctrl,105,11,105.36666666666666,-1.8844770193099976,-0.07965547418324002
UBFC_PHYS_s14_T1_ctrl,105,12,105.4,-1.9825716018676758,0.4486021029713319
UBFC_PHYS_s14_T1_ctrl,105,13,105.43333333333334,-1.7334625720977783,0.8955583074769661
UBFC_PHYS_s14_T1_ctrl,105,14,105.46666666666667,-1.1111266613006592,1.1965207399865534
UBFC_PHYS_s14_T1_ctrl,105,15,105.5,-0.31724482774734497,1.3281763324762335
UBFC_PHYS_s14_T1_ctrl,105,16,105.53333333333333,0.3830485939979553,1.3040099564506196
UBFC_PHYS_s14_T1_ctrl,105,17,105.56666666666666,0.8502019047737122,1.1580626874879816
UBFC_PHYS_s14_T1_ctrl,105,18,105.6,1.0275212526321411,0.9268592696659123
UBFC_PHYS_s14_T1_ctrl,105,19,105.63333333333334,0.9566892981529236,0.6377793034343704
UBFC_PHYS_s14_T1_ctrl,105,20,105.66666666666667,0.7983241081237793,0.30724118944694384
UBFC_PHYS_s14_T1_ctrl,105,21,105.7,0.6875276565551758,-0.05310384160656946
UBFC_PHYS_s14_T1_ctrl,105,22,105.73333333333333,0.6442680358886719,-0.4270575030570547
UBFC_PHYS_s14_T1_ctrl,105,23,105.76666666666667,0.6261868476867676,-0.7866224889273463
UBFC_PHYS_s14_T1_ctrl,105,24,105.8,0.5647615790367126,-1.0902501025259288
UBFC_PHYS_s14_T1_ctrl,105,25,105.83333333333333,0.40698784589767456,-1.2878241877928494
UBFC_PHYS_s14_T1_ctrl,105,26,105.86666666666666,0.1472892314195633,-1.3319332264401915
UBFC_PHYS_s14_T1_ctrl,105,27,105.9,-0.16769494116306305,-1.1931231691898234
UBFC_PHYS_s14_T1_ctrl,105,28,105.93333333333334,-0.46172523498535156,-0.8743133141936427
UBFC_PHYS_s14_T1_ctrl,105,29,105.96666666666667,-0.6862190365791321,-0.4179096933593617
UBFC_PHYS_s14_T1_ctrl,105,30,106.0,-0.8575677275657654,0.0996123389858073
UBFC_PHYS_s14_T1_ctrl,105,31,106.03333333333333,-1.0343801975250244,0.5860935143518855
UBFC_PHYS_s14_T1_ctrl,105,32,106.06666666666666,-1.2899950742721558,0.9588724087788565
UBFC_PHYS_s14_T1_ctrl,105,33,106.1,-1.6048102378845215,1.1664720153470896
UBFC_PHYS_s14_T1_ctrl,105,34,106.13333333333334,-1.7301392555236816,1.1980978802562277
UBFC_PHYS_s14_T1_ctrl,105,35,106.16666666666667,-1.4076071977615356,1.0783584388782743
UBFC_PHYS_s14_T1_ctrl,105,36,106.2,-0.7424903512001038,0.8514605532022874
UBFC_PHYS_s14_T1_ctrl,105,37,106.23333333333333,-0.05870095640420914,0.5631270752346965
UBFC_PHYS_s14_T1_ctrl,105,38,106.26666666666667,0.4786929190158844,0.24795910027679724
UBFC_PHYS_s14_T1_ctrl,105,39,106.3,0.8357256650924683,-0.07379536687723187
UBFC_PHYS_s14_T1_ctrl,105,40,106.33333333333333,0.9547741413116455,-0.3906315935575892
UBFC_PHYS_s14_T1_ctrl,105,41,106.36666666666666,0.8835760354995728,-0.6895566158335462
UBFC_PHYS_s14_T1_ctrl,105,42,106.4,0.820010244846344,-0.9472656314765798
UBFC_PHYS_s14_T1_ctrl,105,43,106.43333333333334,0.8830690979957581,-1.1279908058505654
UBFC_PHYS_s14_T1_ctrl,105,44,106.46666666666667,1.0054690837860107,-1.1901113922257813
UBFC_PHYS_s14_T1_ctrl,105,45,106.5,1.0933401584625244,-1.0995609228219723
UBFC_PHYS_s14_T1_ctrl,105,46,106.53333333333333,1.0879608392715454,-0.8449602524014805
UBFC_PHYS_s14_T1_ctrl,105,47,106.56666666666666,0.8776616454124451,-0.4482258869610125
UBFC_PHYS_s14_T1_ctrl,105,48,106.6,0.40110158920288086,0.034537085373582264
UBFC_PHYS_s14_T1_ctrl,105,49,106.63333333333334,-0.19847799837589264,0.5238029010687455
UBFC_PHYS_s14_T1_ctrl,105,50,106.66666666666667,-0.7389980554580688,0.9363687083930861
UBFC_PHYS_s14_T1_ctrl,105,51,106.7,-1.2264574766159058,1.2071531126491133
UBFC_PHYS_s14_T1_ctrl,105,52,106.73333333333333,-1.7295197248458862,1.304451509837404
UBFC_PHYS_s14_T1_ctrl,105,53,106.76666666666667,-2.0803563594818115,1.2326208287815297
UBFC_PHYS_s14_T1_ctrl,105,54,106.8,-1.9712496995925903,1.0224150202511466
UBFC_PHYS_s14_T1_ctrl,105,55,106.83333333333333,-1.382259726524353,0.7152195526873107
UBFC_PHYS_s14_T1_ctrl,105,56,106.86666666666666,-0.6146829724311829,0.3494173095217452
UBFC_PHYS_s14_T1_ctrl,105,57,106.9,0.043026767671108246,-0.04529382987456193
UBFC_PHYS_s14_T1_ctrl,105,58,106.93333333333334,0.476073682308197,-0.4446202154461556
UBFC_PHYS_s14_T1_ctrl,105,59,106.96666666666667,0.6361005306243896,-0.8211405801721139
UBFC_PHYS_s14_T1_ctrl,105,60,107.0,0.5509049892425537,-1.13684368024745
UBFC_PHYS_s14_T1_ctrl,105,61,107.03333333333333,0.39789092540740967,-1.3426679815429778
UBFC_PHYS_s14_T1_ctrl,105,62,107.06666666666666,0.3335084319114685,-1.387839441393749
UBFC_PHYS_s14_T1_ctrl,105,63,107.1,0.3368035852909088,-1.2370132308219646
UBFC_PHYS_s14_T1_ctrl,105,64,107.13333333333334,0.3152301013469696,-0.8885916045021257
UBFC_PHYS_s14_T1_ctrl,105,65,107.16666666666667,0.2356109768152237,-0.3853091985044028
UBFC_PHYS_s14_T1_ctrl,105,66,107.2,0.10969053208827972,0.1900463513872986
UBFC_PHYS_s14_T1_ctrl,105,67,107.23333333333333,-0.06937504559755325,0.7347541316009011
UBFC_PHYS_s14_T1_ctrl,105,68,107.26666666666667,-0.3227367699146271,1.154869901621988
UBFC_PHYS_s14_T1_ctrl,105,69,107.3,-0.6574919819831848,1.3902622110996303
UBFC_PHYS_s14_T1_ctrl,105,70,107.33333333333333,-1.0482368469238281,1.425725263131982
UBFC_PHYS_s14_T1_ctrl,105,71,107.36666666666666,-1.3648263216018677,1.2852889224670396
UBFC_PHYS_s14_T1_ctrl,105,72,107.4,-1.3580951690673828,1.014873531543759
UBFC_PHYS_s14_T1_ctrl,105,73,107.43333333333334,-0.9189367294311523,0.6628672273075921
UBFC_PHYS_s14_T1_ctrl,105,74,107.46666666666667,-0.2742668390274048,0.2672266814856335
UBFC_PHYS_s14_T1_ctrl,105,75,107.5,0.2813771963119507,-0.1469469570279513
UBFC_PHYS_s14_T1_ctrl,105,76,107.53333333333333,0.6610255241394043,-0.5606220831681202
UBFC_PHYS_s14_T1_ctrl,105,77,107.56666666666666,0.8402318954467773,-0.9498970297737814
UBFC_PHYS_s14_T1_ctrl,105,78,107.6,0.7580780386924744,-1.2774656683602932
UBFC_PHYS_s14_T1_ctrl,105,79,107.63333333333334,0.5383439064025879,-1.492098994579662
UBFC_PHYS_s14_T1_ctrl,105,80,107.66666666666667,0.40459391474723816,-1.5386916565968656
UBFC_PHYS_s14_T1_ctrl,105,81,107.7,0.3821755051612854,-1.3768957204772363
UBFC_PHYS_s14_T1_ctrl,105,82,107.73333333333333,0.3384370803833008,-1.0016524622735348
UBFC_PHYS_s14_T1_ctrl,105,83,107.76666666666667,0.19761797785758972,-0.4560928135365694
UBFC_PHYS_s14_T1_ctrl,105,84,107.8,-0.03132572025060654,0.17158096991760755
UBFC_PHYS_s14_T1_ctrl,105,85,107.83333333333333,-0.32625725865364075,0.7693063156461081
UBFC_PHYS_s14_T1_ctrl,105,86,107.86666666666666,-0.7111158967018127,1.233047998758004
UBFC_PHYS_s14_T1_ctrl,105,87,107.9,-1.219444751739502,1.495605806917205
UBFC_PHYS_s14_T1_ctrl,105,88,107.93333333333334,-1.7284494638442993,1.5403542268730357
UBFC_PHYS_s14_T1_ctrl,105,89,107.96666666666667,-1.948549747467041,1.3960647175435712
UBFC_PHYS_s14_T1_ctrl,105,90,108.0,-1.6817820072174072,1.1180060513961452
UBFC_PHYS_s14_T1_ctrl,105,91,108.03333333333333,-1.0032873153686523,0.7655170472321181
UBFC_PHYS_s14_T1_ctrl,105,92,108.06666666666666,-0.2010127454996109,0.3852466478284654
UBFC_PHYS_s14_T1_ctrl,105,93,108.1,0.4850016236305237,0.004645179679170379
UBFC_PHYS_s14_T1_ctrl,105,94,108.13333333333334,0.9112892150878906,-0.3643707280920344
UBFC_PHYS_s14_T1_ctrl,105,95,108.16666666666667,1.0168753862380981,-0.7150025025251465
UBFC_PHYS_s14_T1_ctrl,105,96,108.2,0.8848152160644531,-1.0337557868117075
UBFC_PHYS_s14_T1_ctrl,105,97,108.23333333333333,0.7370960116386414,-1.2927947639846131
UBFC_PHYS_s14_T1_ctrl,105,98,108.26666666666667,0.7061157822608948,-1.4503926419025153
UBFC_PHYS_s14_T1_ctrl,105,99,108.3,0.6956388354301453,-1.4604202498966175
UBFC_PHYS_s14_T1_ctrl,105,100,108.33333333333333,0.6137102842330933,-1.2883633501853766
UBFC_PHYS_s14_T1_ctrl,105,101,108.36666666666666,0.500491738319397,-0.9283956469267629
UBFC_PHYS_s14_T1_ctrl,105,102,108.4,0.3772749900817871,-0.4145624643594993
UBFC_PHYS_s14_T1_ctrl,105,103,108.43333333333334,0.19206970930099487,0.17990553979882132
UBFC_PHYS_s14_T1_ctrl,105,104,108.46666666666667,-0.10336877405643463,0.757343319048967
UBFC_PHYS_s14_T1_ctrl,105,105,108.5,-0.5466391444206238,1.2207166914342318
UBFC_PHYS_s14_T1_ctrl,105,106,108.53333333333333,-1.0474764108657837,1.499570342225353
UBFC_PHYS_s14_T1_ctrl,105,107,108.56666666666666,-1.287967324256897,1.566203670595442
UBFC_PHYS_s14_T1_ctrl,105,108,108.6,-1.0739504098892212,1.43652113593995
UBFC_PHYS_s14_T1_ctrl,105,109,108.63333333333334,-0.5468926429748535,1.1575999570826867
UBFC_PHYS_s14_T1_ctrl,105,110,108.66666666666667,0.08887746930122375,0.7889964460653911
UBFC_PHYS_s14_T1_ctrl,105,111,108.7,0.6996944546699524,0.385588266885562
UBFC_PHYS_s14_T1_ctrl,105,112,108.73333333333333,1.0886086225509644,-0.012625326532594329
UBFC_PHYS_s14_T1_ctrl,105,113,108.76666666666667,1.1315021514892578,-0.38200666015076634
UBFC_PHYS_s14_T1_ctrl,105,114,108.8,0.9770799279212952,-0.7095911616946149
UBFC_PHYS_s14_T1_ctrl,105,115,108.83333333333333,0.8229674696922302,-0.9840356623953146
UBFC_PHYS_s14_T1_ctrl,105,116,108.86666666666666,0.7147902250289917,-1.1880031241072286
UBFC_PHYS_s14_T1_ctrl,105,117,108.9,0.6190895438194275,-1.2960733125862898
UBFC_PHYS_s14_T1_ctrl,105,118,108.93333333333334,0.469483345746994,-1.2798336702880182
UBFC_PHYS_s14_T1_ctrl,105,119,108.96666666666667,0.2029409408569336,-1.1186096087861974
UBFC_PHYS_s14_T1_ctrl,105,120,109.0,-0.12756149470806122,-0.8116502331827582
UBFC_PHYS_s14_T1_ctrl,105,121,109.03333333333333,-0.41286101937294006,-0.3864107262162736
UBFC_PHYS_s14_T1_ctrl,105,122,109.06666666666666,-0.7089472413063049,0.1016004899119531
UBFC_PHYS_s14_T1_ctrl,105,123,109.1,-1.1621594429016113,0.5789196219750814
UBFC_PHYS_s14_T1_ctrl,105,124,109.13333333333334,-1.7425312995910645,0.971328673773516
UBFC_PHYS_s14_T1_ctrl,105,125,109.16666666666667,-2.181126594543457,1.2219668297097714
UBFC_PHYS_s14_T1_ctrl,105,126,109.2,-2.150456190109253,1.303814102764268
UBFC_PHYS_s14_T1_ctrl,105,127,109.23333333333333,-1.542230248451233,1.2226199326552736
UBFC_PHYS_s14_T1_ctrl,105,128,109.26666666666667,-0.6005728840827942,1.0103780975980607
UBFC_PHYS_s14_T1_ctrl,105,129,109.3,0.2911781966686249,0.7128939432951921
UBFC_PHYS_s14_T1_ctrl,105,130,109.33333333333333,0.9470291137695312,0.3764235480582773
UBFC_PHYS_s14_T1_ctrl,105,131,109.36666666666666,1.3750628232955933,0.037729581939018174
UBFC_PHYS_s14_T1_ctrl,105,132,109.4,1.6234396696090698,-0.2800052308032042
UBFC_PHYS_s14_T1_ctrl,105,133,109.43333333333334,1.7383761405944824,-0.5652123362619333
UBFC_PHYS_s14_T1_ctrl,105,134,109.46666666666667,1.7827622890472412,-0.8116190593411793
UBFC_PHYS_s14_T1_ctrl,105,135,109.5,1.8170095682144165,-1.0105471667060013
UBFC_PHYS_s14_T1_ctrl,105,136,109.53333333333333,1.8468914031982422,-1.1453115893400192
UBFC_PHYS_s14_T1_ctrl,105,137,109.56666666666666,1.806110143661499,-1.1906902934693944
UBFC_PHYS_s14_T1_ctrl,105,138,109.6,1.605780839920044,-1.1187767480754676
UBFC_PHYS_s14_T1_ctrl,105,139,109.63333333333334,1.225343942642212,-0.910080054275222
UBFC_PHYS_s14_T1_ctrl,105,140,109.66666666666667,0.7572049498558044,-0.5662239608112796
UBFC_PHYS_s14_T1_ctrl,105,141,109.7,0.30528828501701355,-0.11886677950615251
UBFC_PHYS_s14_T1_ctrl,105,142,109.73333333333333,-0.12094300240278244,0.3704610019638966
UBFC_PHYS_s14_T1_ctrl,105,143,109.76666666666667,-0.5867162942886353,0.8219919997475096
UBFC_PHYS_s14_T1_ctrl,105,144,109.8,-1.0559537410736084,1.1579494339365863
UBFC_PHYS_s14_T1_ctrl,105,145,109.83333333333333,-1.2398916482925415,1.3238902466007283
UBFC_PHYS_s14_T1_ctrl,105,146,109.86666666666666,-0.8428380489349365,1.3027923919471351
UBFC_PHYS_s14_T1_ctrl,105,147,109.9,0.03297228366136551,1.1166948086709243
UBFC_PHYS_s14_T1_ctrl,105,148,109.93333333333334,0.9909646511077881,0.8161244700839848
UBFC_PHYS_s14_T1_ctrl,105,149,109.96666666666667,1.7557532787322998,0.46234162849349153
UBFC_PHYS_s14_T1_ctrl,105,150,110.0,2.2149643898010254,0.10941396964542947
UBFC_PHYS_s14_T1_ctrl,105,151,110.03333333333333,2.2995965480804443,-0.20777362701519908
UBFC_PHYS_s14_T1_ctrl,105,152,110.06666666666666,2.144385814666748,-0.47615864145185754
UBFC_PHYS_s14_T1_ctrl,105,153,110.1,1.9719668626785278,-0.6978396585622214
UBFC_PHYS_s14_T1_ctrl,105,154,110.13333333333334,1.8503555059432983,-0.8775219318422184
UBFC_PHYS_s14_T1_ctrl,105,155,110.16666666666667,1.7402631044387817,-1.0098648446954752
UBFC_PHYS_s14_T1_ctrl,105,156,110.2,1.632057785987854,-1.0730729473748266
UBFC_PHYS_s14_T1_ctrl,105,157,110.23333333333333,1.498955488204956,-1.0329940052790658
UBFC_PHYS_s14_T1_ctrl,105,158,110.26666666666667,1.2842345237731934,-0.8574655753618371
UBFC_PHYS_s14_T1_ctrl,105,159,110.3,0.9691377282142639,-0.5354985872071396
UBFC_PHYS_s14_T1_ctrl,105,160,110.33333333333333,0.563860297203064,-0.09254163808421015
UBFC_PHYS_s14_T1_ctrl,105,161,110.36666666666666,0.08079445362091064,0.4066744450576376
UBFC_PHYS_s14_T1_ctrl,105,162,110.4,-0.4689915180206299,0.8717797125830641
UBFC_PHYS_s14_T1_ctrl,105,163,110.43333333333334,-1.0585166215896606,1.2133312586949243
UBFC_PHYS_s14_T1_ctrl,105,164,110.46666666666667,-1.535048484802246,1.371188486799873
UBFC_PHYS_s14_T1_ctrl,105,165,110.5,-1.6023600101470947,1.3315852740197902
UBFC_PHYS_s14_T1_ctrl,105,166,110.53333333333333,-1.1105915307998657,1.12585998707258
UBFC_PHYS_s14_T1_ctrl,105,167,110.56666666666666,-0.35430842638015747,0.8133261471843901
UBFC_PHYS_s14_T1_ctrl,105,168,110.6,0.28053227066993713,0.45733888214172697
UBFC_PHYS_s14_T1_ctrl,105,169,110.63333333333334,0.6506330370903015,0.10498075601268678
UBFC_PHYS_s14_T1_ctrl,105,170,110.66666666666667,0.7546702027320862,-0.22214682851723883
UBFC_PHYS_s14_T1_ctrl,105,171,110.7,0.549975574016571,-0.5238176382878933
UBFC_PHYS_s14_T1_ctrl,105,172,110.73333333333333,0.13686862587928772,-0.8069998646507028
UBFC_PHYS_s14_T1_ctrl,105,173,110.76666666666667,-0.15217667818069458,-1.0687864943133027
UBFC_PHYS_s14_T1_ctrl,105,174,110.8,-0.15282444655895233,-1.2848968298752657
UBFC_PHYS_s14_T1_ctrl,105,175,110.83333333333333,-0.08475249260663986,-1.410060618967274
UBFC_PHYS_s14_T1_ctrl,105,176,110.86666666666666,-0.17636939883232117,-1.3914896663761467
UBFC_PHYS_s14_T1_ctrl,105,177,110.9,-0.41086137294769287,-1.190801679772378
UBFC_PHYS_s14_T1_ctrl,105,178,110.93333333333334,-0.6518310308456421,-0.8056807409479251
UBFC_PHYS_s14_T1_ctrl,105,179,110.96666666666667,-0.7936640381813049,-0.2814470333458968
UBFC_PHYS_s14_T1_ctrl,105,180,111.0,-0.8060279488563538,0.29477894426835066
UBFC_PHYS_s14_T1_ctrl,105,181,111.03333333333333,-0.795128583908081,0.8177156755178397
UBFC_PHYS_s14_T1_ctrl,105,182,111.06666666666666,-0.943861722946167,1.1963194257830558
UBFC_PHYS_s14_T1_ctrl,105,183,111.1,-1.2317804098129272,1.3803292294621574
UBFC_PHYS_s14_T1_ctrl,105,184,111.13333333333334,-1.340070366859436,1.3694657631457747
UBFC_PHYS_s14_T1_ctrl,105,185,111.16666666666667,-1.0004991292953491,1.203135574615906
UBFC_PHYS_s14_T1_ctrl,105,186,111.2,-0.35061895847320557,0.9379210266938391
UBFC_PHYS_s14_T1_ctrl,105,187,111.23333333333333,0.2613527178764343,0.6247067499541539
UBFC_PHYS_s14_T1_ctrl,105,188,111.26666666666667,0.7038626670837402,0.29531971442549504
UBFC_PHYS_s14_T1_ctrl,105,189,111.3,1.0406174659729004,-0.037515634138519174
UBFC_PHYS_s14_T1_ctrl,105,190,111.33333333333333,1.2288081645965576,-0.36942017018378975
UBFC_PHYS_s14_T1_ctrl,105,191,111.36666666666666,1.2073472738265991,-0.6895733198481234
UBFC_PHYS_s14_T1_ctrl,105,192,111.4,1.097987174987793,-0.9699566469989431
UBFC_PHYS_s14_T1_ctrl,105,193,111.43333333333334,1.056304693222046,-1.16476147054375
UBFC_PHYS_s14_T1_ctrl,105,194,111.46666666666667,1.0723581314086914,-1.2216365047848894
UBFC_PHYS_s14_T1_ctrl,105,195,111.5,1.0536291599273682,-1.101194017189514
UBFC_PHYS_s14_T1_ctrl,105,196,111.53333333333333,0.9107259511947632,-0.7971259499281798
UBFC_PHYS_s14_T1_ctrl,105,197,111.56666666666666,0.5120670795440674,-0.3478146722731338
UBFC_PHYS_s14_T1_ctrl,105,198,111.6,-0.2625788450241089,0.16759922516184325
UBFC_PHYS_s14_T1_ctrl,105,199,111.63333333333334,-1.3445202112197876,0.6495715991781028
UBFC_PHYS_s14_T1_ctrl,105,200,111.66666666666667,-2.517965793609619,1.007460542826985
UBFC_PHYS_s14_T1_ctrl,105,201,111.7,-3.5803050994873047,1.1852617969507155
UBFC_PHYS_s14_T1_ctrl,105,202,111.73333333333333,-4.237085342407227,1.1734832680935159
UBFC_PHYS_s14_T1_ctrl,105,203,111.76666666666667,-4.085930347442627,1.0041537507749065
UBFC_PHYS_s14_T1_ctrl,105,204,111.8,-3.163001775741577,0.7333423364179371
UBFC_PHYS_s14_T1_ctrl,105,205,111.83333333333333,-2.046081066131592,0.4197030954315732
UBFC_PHYS_s14_T1_ctrl,105,206,111.86666666666666,-1.1583573818206787,0.1074661245935031
UBFC_PHYS_s14_T1_ctrl,105,207,111.9,-0.5142789483070374,-0.18082848360845236
UBFC_PHYS_s14_T1_ctrl,105,208,111.93333333333334,-0.0824148952960968,-0.44076240586825927
UBFC_PHYS_s14_T1_ctrl,105,209,111.96666666666667,0.07611925899982452,-0.6746146977756382
UBFC_PHYS_s14_T1_ctrl,105,210,112.0,0.07099343836307526,-0.8780630732189204
UBFC_PHYS_s14_T1_ctrl,105,211,112.03333333333333,0.18046621978282928,-1.0316949719385837
UBFC_PHYS_s14_T1_ctrl,105,212,112.06666666666666,0.44591024518013,-1.1018449162820765
UBFC_PHYS_s14_T1_ctrl,105,213,112.1,0.6054864525794983,-1.051218968761168
UBFC_PHYS_s14_T1_ctrl,105,214,112.13333333333334,0.4628085196018219,-0.855519449696424
UBFC_PHYS_s14_T1_ctrl,105,215,112.16666666666667,0.1152106449007988,-0.519253967011239
UBFC_PHYS_s14_T1_ctrl,105,216,112.2,-0.14268547296524048,-0.08321330348237282
UBFC_PHYS_s14_T1_ctrl,105,217,112.23333333333333,-0.11967562884092331,0.3814545218929836
UBFC_PHYS_s14_T1_ctrl,105,218,112.26666666666667,-0.07948585599660873,0.7922932591018789
UBFC_PHYS_s14_T1_ctrl,105,219,112.3,-0.46282362937927246,1.0809925020898492
UBFC_PHYS_s14_T1_ctrl,105,220,112.33333333333333,-1.0862579345703125,1.2141453957961856
UBFC_PHYS_s14_T1_ctrl,105,221,112.36666666666666,-1.3311986923217773,1.1994565148660938
UBFC_PHYS_s14_T1_ctrl,105,222,112.4,-0.9929230809211731,1.0750263109113605
UBFC_PHYS_s14_T1_ctrl,105,223,112.43333333333334,-0.35650521516799927,0.8882012338192797
UBFC_PHYS_s14_T1_ctrl,105,224,112.46666666666667,0.3580109477043152,0.6750175652180704
UBFC_PHYS_s14_T1_ctrl,105,225,112.5,1.0570088624954224,0.44981004277757314
UBFC_PHYS_s14_T1_ctrl,105,226,112.53333333333333,1.5146145820617676,0.20873759308809475
UBFC_PHYS_s14_T1_ctrl,105,227,112.56666666666666,1.6300299167633057,-0.056073798074367784
UBFC_PHYS_s14_T1_ctrl,105,228,112.6,1.6568137407302856,-0.3400858950889866
UBFC_PHYS_s14_T1_ctrl,105,229,112.63333333333334,1.929298758506775,-0.6167608027519833
UBFC_PHYS_s14_T1_ctrl,105,230,112.66666666666667,2.4916739463806152,-0.8404572338046364
UBFC_PHYS_s14_T1_ctrl,105,231,112.7,3.02329421043396,-0.9614663339189293
UBFC_PHYS_s14_T1_ctrl,105,232,112.73333333333333,3.105701446533203,-0.9471802438421975
UBFC_PHYS_s14_T1_ctrl,105,233,112.76666666666667,2.6379003524780273,-0.8000718110311492
UBFC_PHYS_s14_T1_ctrl,105,234,112.8,1.9484782218933105,-0.5634375517367093
UBFC_PHYS_s14_T1_ctrl,105,235,112.83333333333333,1.3918766975402832,-0.3102144647136149
UBFC_PHYS_s14_T1_ctrl,105,236,112.86666666666666,1.039828896522522,-0.11753199401703515
UBFC_PHYS_s14_T1_ctrl,105,237,112.9,0.7054398655891418,-0.03685681987396301
UBFC_PHYS_s14_T1_ctrl,105,238,112.93333333333334,0.15875190496444702,-0.0729005613342141
UBFC_PHYS_s14_T1_ctrl,105,239,112.96666666666667,-0.5259669423103333,-0.1813863093897581
UBFC_PHYS_s14_T1_ctrl,106,0,106.0,-0.8575677275657654,-0.1279390651456916
UBFC_PHYS_s14_T1_ctrl,106,1,106.03333333333333,-1.0343801975250244,0.2701645217479639
UBFC_PHYS_s14_T1_ctrl,106,2,106.06666666666666,-1.2899950742721558,0.6248223788527153
UBFC_PHYS_s14_T1_ctrl,106,3,106.1,-1.6048102378845215,0.8954022425695478
UBFC_PHYS_s14_T1_ctrl,106,4,106.13333333333334,-1.7301392555236816,1.0518260277074791
UBFC_PHYS_s14_T1_ctrl,106,5,106.16666666666667,-1.4076071977615356,1.0783800862626816
UBFC_PHYS_s14_T1_ctrl,106,6,106.2,-0.7424903512001038,0.9746850488048519
UBFC_PHYS_s14_T1_ctrl,106,7,106.23333333333333,-0.05870095640420914,0.7538411730016416
UBFC_PHYS_s14_T1_ctrl,106,8,106.26666666666667,0.4786929190158844,0.4391816998380818
UBFC_PHYS_s14_T1_ctrl,106,9,106.3,0.8357256650924683,0.06149833198677779
UBFC_PHYS_s14_T1_ctrl,106,10,106.33333333333333,0.9547741413116455,-0.34211414759439607
UBFC_PHYS_s14_T1_ctrl,106,11,106.36666666666666,0.8835760354995728,-0.7281901185007797
UBFC_PHYS_s14_T1_ctrl,106,12,106.4,0.820010244846344,-1.0475905749868253
UBFC_PHYS_s14_T1_ctrl,106,13,106.43333333333334,0.8830690979957581,-1.2495475542741608
UBFC_PHYS_s14_T1_ctrl,106,14,106.46666666666667,1.0054690837860107,-1.2905198080232683
UBFC_PHYS_s14_T1_ctrl,106,15,106.5,1.0933401584625244,-1.146659717571573
UBFC_PHYS_s14_T1_ctrl,106,16,106.53333333333333,1.0879608392715454,-0.8255855741981517
UBFC_PHYS_s14_T1_ctrl,106,17,106.56666666666666,0.8776616454124451,-0.3713817071561983
UBFC_PHYS_s14_T1_ctrl,106,18,106.6,0.40110158920288086,0.14201981668818262
UBFC_PHYS_s14_T1_ctrl,106,19,106.63333333333334,-0.19847799837589264,0.6290066001590152
UBFC_PHYS_s14_T1_ctrl,106,20,106.66666666666667,-0.7389980554580688,1.0152425351473897
UBFC_PHYS_s14_T1_ctrl,106,21,106.7,-1.2264574766159058,1.2553195069680068
UBFC_PHYS_s14_T1_ctrl,106,22,106.73333333333333,-1.7295197248458862,1.33828501562043
UBFC_PHYS_s14_T1_ctrl,106,23,106.76666666666667,-2.0803563594818115,1.2810010447830151
UBFC_PHYS_s14_T1_ctrl,106,24,106.8,-1.9712496995925903,1.1145023441136714
UBFC_PHYS_s14_T1_ctrl,106,25,106.83333333333333,-1.382259726524353,0.8702119154603042
UBFC_PHYS_s14_T1_ctrl,106,26,106.86666666666666,-0.6146829724311829,0.5714755523741404
UBFC_PHYS_s14_T1_ctrl,106,27,106.9,0.043026767671108246,0.2326462057520515
UBFC_PHYS_s14_T1_ctrl,106,28,106.93333333333334,0.476073682308197,-0.13553021065553236
UBFC_PHYS_s14_T1_ctrl,106,29,106.96666666666667,0.6361005306243896,-0.5177189862027974
UBFC_PHYS_s14_T1_ctrl,106,30,107.0,0.5509049892425537,-0.8869058286273155
UBFC_PHYS_s14_T1_ctrl,106,31,107.03333333333333,0.39789092540740967,-1.2017009572980974
UBFC_PHYS_s14_T1_ctrl,106,32,107.06666666666666,0.3335084319114685,-1.4104037022034581
UBFC_PHYS_s14_T1_ctrl,106,33,107.1,0.3368035852909088,-1.4624617594126
UBFC_PHYS_s14_T1_ctrl,106,34,107.13333333333334,0.3152301013469696,-1.3249677465142211
UBFC_PHYS_s14_T1_ctrl,106,35,107.16666666666667,0.2356109768152237,-0.9985642297361081
UBFC_PHYS_s14_T1_ctrl,106,36,107.2,0.10969053208827972,-0.5254511393250743
UBFC_PHYS_s14_T1_ctrl,106,37,107.23333333333333,-0.06937504559755325,0.016121961112039736
UBFC_PHYS_s14_T1_ctrl,106,38,107.26666666666667,-0.3227367699146271,0.5311452903908492
UBFC_PHYS_s14_T1_ctrl,106,39,107.3,-0.6574919819831848,0.9343230424032417
UBFC_PHYS_s14_T1_ctrl,106,40,107.33333333333333,-1.0482368469238281,1.1725180707730563
UBFC_PHYS_s14_T1_ctrl,106,41,107.36666666666666,-1.3648263216018677,1.2334129186087106
UBFC_PHYS_s14_T1_ctrl,106,42,107.4,-1.3580951690673828,1.1384207830670061
UBFC_PHYS_s14_T1_ctrl,106,43,107.43333333333334,-0.9189367294311523,0.9262277507366619
UBFC_PHYS_s14_T1_ctrl,106,44,107.46666666666667,-0.2742668390274048,0.6363790279066476
UBFC_PHYS_s14_T1_ctrl,106,45,107.5,0.2813771963119507,0.29994943720944495
UBFC_PHYS_s14_T1_ctrl,106,46,107.53333333333333,0.6610255241394043,-0.060387724058302554
UBFC_PHYS_s14_T1_ctrl,106,47,107.56666666666666,0.8402318954467773,-0.42318630112451644
UBFC_PHYS_s14_T1_ctrl,106,48,107.6,0.7580780386924744,-0.7592297799658178
UBFC_PHYS_s14_T1_ctrl,106,49,107.63333333333334,0.5383439064025879,-1.0267229804490514
UBFC_PHYS_s14_T1_ctrl,106,50,107.66666666666667,0.40459391474723816,-1.1751014168428786
UBFC_PHYS_s14_T1_ctrl,106,51,107.7,0.3821755051612854,-1.1581993852583117
UBFC_PHYS_s14_T1_ctrl,106,52,107.73333333333333,0.3384370803833008,-0.9526997531057783
UBFC_PHYS_s14_T1_ctrl,106,53,107.76666666666667,0.19761797785758972,-0.5739046078435585
UBFC_PHYS_s14_T1_ctrl,106,54,107.8,-0.03132572025060654,-0.08020651266378909
UBFC_PHYS_s14_T1_ctrl,106,55,107.83333333333333,-0.32625725865364075,0.43838255962914063
UBFC_PHYS_s14_T1_ctrl,106,56,107.86666666666666,-0.7111158967018127,0.8847221876285939
UBFC_PHYS_s14_T1_ctrl,106,57,107.9,-1.219444751739502,1.1822841760214113
UBFC_PHYS_s14_T1_ctrl,106,58,107.93333333333334,-1.7284494638442993,1.29456100853357
UBFC_PHYS_s14_T1_ctrl,106,59,107.96666666666667,-1.948549747467041,1.228774870480474
UBFC_PHYS_s14_T1_ctrl,106,60,108.0,-1.6817820072174072,1.0243574342129111
UBFC_PHYS_s14_T1_ctrl,106,61,108.03333333333333,-1.0032873153686523,0.7333884936249366
UBFC_PHYS_s14_T1_ctrl,106,62,108.06666666666666,-0.2010127454996109,0.4021455965308113
UBFC_PHYS_s14_T1_ctrl,106,63,108.1,0.4850016236305237,0.060575444152050795
UBFC_PHYS_s14_T1_ctrl,106,64,108.13333333333334,0.9112892150878906,-0.2777216631301474
UBFC_PHYS_s14_T1_ctrl,106,65,108.16666666666667,1.0168753862380981,-0.6067606783411948
UBFC_PHYS_s14_T1_ctrl,106,66,108.2,0.8848152160644531,-0.9157955179051093
UBFC_PHYS_s14_T1_ctrl,106,67,108.23333333333333,0.7370960116386414,-1.1796879429918412
UBFC_PHYS_s14_T1_ctrl,106,68,108.26666666666667,0.7061157822608948,-1.3572199500018178
UBFC_PHYS_s14_T1_ctrl,106,69,108.3,0.6956388354301453,-1.3994048600800129
UBFC_PHYS_s14_T1_ctrl,106,70,108.33333333333333,0.6137102842330933,-1.2658654250235595
UBFC_PHYS_s14_T1_ctrl,106,71,108.36666666666666,0.500491738319397,-0.9437337182494148
UBFC_PHYS_s14_T1_ctrl,106,72,108.4,0.3772749900817871,-0.46146528788801533
UBFC_PHYS_s14_T1_ctrl,106,73,108.43333333333334,0.19206970930099487,0.10958901425505577
UBFC_PHYS_s14_T1_ctrl,106,74,108.46666666666667,-0.10336877405643463,0.6694622622300198
UBFC_PHYS_s14_T1_ctrl,106,75,108.5,-0.5466391444206238,1.116717199212921
UBFC_PHYS_s14_T1_ctrl,106,76,108.53333333333333,-1.0474764108657837,1.3781740042157928
UBFC_PHYS_s14_T1_ctrl,106,77,108.56666666666666,-1.287967324256897,1.4283233006173364
UBFC_PHYS_s14_T1_ctrl,106,78,108.6,-1.0739504098892212,1.290698710427399
UBFC_PHYS_s14_T1_ctrl,106,79,108.63333333333334,-0.5468926429748535,1.0225656992416101
UBFC_PHYS_s14_T1_ctrl,106,80,108.66666666666667,0.08887746930122375,0.6912064152288523
UBFC_PHYS_s14_T1_ctrl,106,81,108.7,0.6996944546699524,0.35206787729966044
UBFC_PHYS_s14_T1_ctrl,106,82,108.73333333333333,1.0886086225509644,0.036457808844250934
UBFC_PHYS_s14_T1_ctrl,106,83,108.76666666666667,1.1315021514892578,-0.24844889148559485
UBFC_PHYS_s14_T1_ctrl,106,84,108.8,0.9770799279212952,-0.5093146710162881
UBFC_PHYS_s14_T1_ctrl,106,85,108.83333333333333,0.8229674696922302,-0.7514822834175418
UBFC_PHYS_s14_T1_ctrl,106,86,108.86666666666666,0.7147902250289917,-0.9658978966041268
UBFC_PHYS_s14_T1_ctrl,106,87,108.9,0.6190895438194275,-1.1241552426604553
UBFC_PHYS_s14_T1_ctrl,106,88,108.93333333333334,0.469483345746994,-1.1844265668469527
UBFC_PHYS_s14_T1_ctrl,106,89,108.96666666666667,0.2029409408569336,-1.1065582816651687
UBFC_PHYS_s14_T1_ctrl,106,90,109.0,-0.12756149470806122,-0.8705945901458421
UBFC_PHYS_s14_T1_ctrl,106,91,109.03333333333333,-0.41286101937294006,-0.49092400800118985
UBFC_PHYS_s14_T1_ctrl,106,92,109.06666666666666,-0.7089472413063049,-0.019149366982479887
UBFC_PHYS_s14_T1_ctrl,106,93,109.1,-1.1621594429016113,0.4669807597903267
UBFC_PHYS_s14_T1_ctrl,106,94,109.13333333333334,-1.7425312995910645,0.8849498944621871
UBFC_PHYS_s14_T1_ctrl,106,95,109.16666666666667,-2.181126594543457,1.1705729912370215
UBFC_PHYS_s14_T1_ctrl,106,96,109.2,-2.150456190109253,1.2935808626567415
UBFC_PHYS_s14_T1_ctrl,106,97,109.23333333333333,-1.542230248451233,1.2602236335547585
UBFC_PHYS_s14_T1_ctrl,106,98,109.26666666666667,-0.6005728840827942,1.1034477664700342
UBFC_PHYS_s14_T1_ctrl,106,99,109.3,0.2911781966686249,0.8663225322416503
UBFC_PHYS_s14_T1_ctrl,106,100,109.33333333333333,0.9470291137695312,0.5862474202340268
UBFC_PHYS_s14_T1_ctrl,106,101,109.36666666666666,1.3750628232955933,0.2859212752186529
UBFC_PHYS_s14_T1_ctrl,106,102,109.4,1.6234396696090698,-0.0265403265081995
UBFC_PHYS_s14_T1_ctrl,106,103,109.43333333333334,1.7383761405944824,-0.349857666532996
UBFC_PHYS_s14_T1_ctrl,106,104,109.46666666666667,1.7827622890472412,-0.678498447392998
UBFC_PHYS_s14_T1_ctrl,106,105,109.5,1.8170095682144165,-0.9934804026721002
UBFC_PHYS_s14_T1_ctrl,106,106,109.53333333333333,1.8468914031982422,-1.2593977816868742
UBFC_PHYS_s14_T1_ctrl,106,107,109.56666666666666,1.806110143661499,-1.4297038640771083
UBFC_PHYS_s14_T1_ctrl,106,108,109.6,1.605780839920044,-1.4592835550333942
UBFC_PHYS_s14_T1_ctrl,106,109,109.63333333333334,1.225343942642212,-1.320453843952565
UBFC_PHYS_s14_T1_ctrl,106,110,109.66666666666667,0.7572049498558044,-1.016563832414362
UBFC_PHYS_s14_T1_ctrl,106,111,109.7,0.30528828501701355,-0.587089922119132
UBFC_PHYS_s14_T1_ctrl,106,112,109.73333333333333,-0.12094300240278244,-0.10024310646200575
UBFC_PHYS_s14_T1_ctrl,106,113,109.76666666666667,-0.5867162942886353,0.36587894231465035
UBFC_PHYS_s14_T1_ctrl,106,114,109.8,-1.0559537410736084,0.7462058939151412
UBFC_PHYS_s14_T1_ctrl,106,115,109.83333333333333,-1.2398916482925415,1.0052621669008759
UBFC_PHYS_s14_T1_ctrl,106,116,109.86666666666666,-0.8428380489349365,1.1404132635456168
UBFC_PHYS_s14_T1_ctrl,106,117,109.9,0.03297228366136551,1.1720768301732856
UBFC_PHYS_s14_T1_ctrl,106,118,109.93333333333334,0.9909646511077881,1.1273409868031323
UBFC_PHYS_s14_T1_ctrl,106,119,109.96666666666667,1.7557532787322998,1.0255420181042143
UBFC_PHYS_s14_T1_ctrl,106,120,110.0,2.2149643898010254,0.872047370546349
UBFC_PHYS_s14_T1_ctrl,106,121,110.03333333333333,2.2995965480804443,0.6616490601018967
UBFC_PHYS_s14_T1_ctrl,106,122,110.06666666666666,2.144385814666748,0.38839420919233203
UBFC_PHYS_s14_T1_ctrl,106,123,110.1,1.9719668626785278,0.05654840578491927
UBFC_PHYS_s14_T1_ctrl,106,124,110.13333333333334,1.8503555059432983,-0.31181387428946644
UBFC_PHYS_s14_T1_ctrl,106,125,110.16666666666667,1.7402631044387817,-0.6750440631449185
UBFC_PHYS_s14_T1_ctrl,106,126,110.2,1.632057785987854,-0.9768594026637865
UBFC_PHYS_s14_T1_ctrl,106,127,110.23333333333333,1.498955488204956,-1.1575961481332087
UBFC_PHYS_s14_T1_ctrl,106,128,110.26666666666667,1.2842345237731934,-1.1696544961753297
UBFC_PHYS_s14_T1_ctrl,106,129,110.3,0.9691377282142639,-0.993105548626502
UBFC_PHYS_s14_T1_ctrl,106,130,110.33333333333333,0.563860297203064,-0.6462549032509418
UBFC_PHYS_s14_T1_ctrl,106,131,110.36666666666666,0.08079445362091064,-0.18632012721146562
UBFC_PHYS_s14_T1_ctrl,106,132,110.4,-0.4689915180206299,0.3021793525852912
UBFC_PHYS_s14_T1_ctrl,106,133,110.43333333333334,-1.0585166215896606,0.7291314405813989
UBFC_PHYS_s14_T1_ctrl,106,134,110.46666666666667,-1.535048484802246,1.023206593782555
UBFC_PHYS_s14_T1_ctrl,106,135,110.5,-1.6023600101470947,1.1491214898985855
UBFC_PHYS_s14_T1_ctrl,106,136,110.53333333333333,-1.1105915307998657,1.1109943593249871
UBFC_PHYS_s14_T1_ctrl,106,137,110.56666666666666,-0.35430842638015747,0.9416702750744221
UBFC_PHYS_s14_T1_ctrl,106,138,110.6,0.28053227066993713,0.684403470160466
UBFC_PHYS_s14_T1_ctrl,106,139,110.63333333333334,0.6506330370903015,0.3761306545541818
UBFC_PHYS_s14_T1_ctrl,106,140,110.66666666666667,0.7546702027320862,0.03945611100278068
UBFC_PHYS_s14_T1_ctrl,106,141,110.7,0.549975574016571,-0.31463119922601807
UBFC_PHYS_s14_T1_ctrl,106,142,110.73333333333333,0.13686862587928772,-0.6762901612776897
UBFC_PHYS_s14_T1_ctrl,106,143,110.76666666666667,-0.15217667818069458,-1.0247013686861879
UBFC_PHYS_s14_T1_ctrl,106,144,110.8,-0.15282444655895233,-1.3209621649915908
UBFC_PHYS_s14_T1_ctrl,106,145,110.83333333333333,-0.08475249260663986,-1.510742835579356
UBFC_PHYS_s14_T1_ctrl,106,146,110.86666666666666,-0.17636939883232117,-1.5375685837751503
UBFC_PHYS_s14_T1_ctrl,106,147,110.9,-0.41086137294769287,-1.3629197048655584
UBFC_PHYS_s14_T1_ctrl,106,148,110.93333333333334,-0.6518310308456421,-0.9854676368489586
UBFC_PHYS_s14_T1_ctrl,106,149,110.96666666666667,-0.7936640381813049,-0.45048997093182236
UBFC_PHYS_s14_T1_ctrl,106,150,111.0,-0.8060279488563538,0.15682406650929284
UBFC_PHYS_s14_T1_ctrl,106,151,111.03333333333333,-0.795128583908081,0.7337009138698117
UBFC_PHYS_s14_T1_ctrl,106,152,111.06666666666666,-0.943861722946167,1.1889613628699232
UBFC_PHYS_s14_T1_ctrl,106,153,111.1,-1.2317804098129272,1.46622903299499
UBFC_PHYS_s14_T1_ctrl,106,154,111.13333333333334,-1.340070366859436,1.5521665123887767
UBFC_PHYS_s14_T1_ctrl,106,155,111.16666666666667,-1.0004991292953491,1.469036276021468
UBFC_PHYS_s14_T1_ctrl,106,156,111.2,-0.35061895847320557,1.257821687999755
UBFC_PHYS_s14_T1_ctrl,106,157,111.23333333333333,0.2613527178764343,0.9607320306347863
UBFC_PHYS_s14_T1_ctrl,106,158,111.26666666666667,0.7038626670837402,0.6101280385906241
UBFC_PHYS_s14_T1_ctrl,106,159,111.3,1.0406174659729004,0.2266913984663633
UBFC_PHYS_s14_T1_ctrl,106,160,111.33333333333333,1.2288081645965576,-0.1745634423835094
UBFC_PHYS_s14_T1_ctrl,106,161,111.36666666666666,1.2073472738265991,-0.5746737811069709
UBFC_PHYS_s14_T1_ctrl,106,162,111.4,1.097987174987793,-0.9427390456409509
UBFC_PHYS_s14_T1_ctrl,106,163,111.43333333333334,1.056304693222046,-1.23399368644046
UBFC_PHYS_s14_T1_ctrl,106,164,111.46666666666667,1.0723581314086914,-1.3961740755104666
UBFC_PHYS_s14_T1_ctrl,106,165,111.5,1.0536291599273682,-1.3833071637610932
UBFC_PHYS_s14_T1_ctrl,106,166,111.53333333333333,0.9107259511947632,-1.172797089792995
UBFC_PHYS_s14_T1_ctrl,106,167,111.56666666666666,0.5120670795440674,-0.779345757335983
UBFC_PHYS_s14_T1_ctrl,106,168,111.6,-0.2625788450241089,-0.2590212096467844
UBFC_PHYS_s14_T1_ctrl,106,169,111.63333333333334,-1.3445202112197876,0.3003163394309603
UBFC_PHYS_s14_T1_ctrl,106,170,111.66666666666667,-2.517965793609619,0.8004323753361006
UBFC_PHYS_s14_T1_ctrl,106,171,111.7,-3.5803050994873047,1.158567876570197
UBFC_PHYS_s14_T1_ctrl,106,172,111.73333333333333,-4.237085342407227,1.3278369421622587
UBFC_PHYS_s14_T1_ctrl,106,173,111.76666666666667,-4.085930347442627,1.3046070679753776
UBFC_PHYS_s14_T1_ctrl,106,174,111.8,-3.163001775741577,1.1214838891907322
UBFC_PHYS_s14_T1_ctrl,106,175,111.83333333333333,-2.046081066131592,0.8308475481517625
UBFC_PHYS_s14_T1_ctrl,106,176,111.86666666666666,-1.1583573818206787,0.4867589109388204
UBFC_PHYS_s14_T1_ctrl,106,177,111.9,-0.5142789483070374,0.1318640675315459
UBFC_PHYS_s14_T1_ctrl,106,178,111.93333333333334,-0.0824148952960968,-0.20768275938351968
UBFC_PHYS_s14_T1_ctrl,106,179,111.96666666666667,0.07611925899982452,-0.5198674825329563
UBFC_PHYS_s14_T1_ctrl,106,180,112.0,0.07099343836307526,-0.7996243129600529
UBFC_PHYS_s14_T1_ctrl,106,181,112.03333333333333,0.18046621978282928,-1.040111029863957
UBFC_PHYS_s14_T1_ctrl,106,182,112.06666666666666,0.44591024518013,-1.226007373140206
UBFC_PHYS_s14_T1_ctrl,106,183,112.1,0.6054864525794983,-1.331890435959504
UBFC_PHYS_s14_T1_ctrl,106,184,112.13333333333334,0.4628085196018219,-1.3270301666738404
UBFC_PHYS_s14_T1_ctrl,106,185,112.16666666666667,0.1152106449007988,-1.1854975244897543
UBFC_PHYS_s14_T1_ctrl,106,186,112.2,-0.14268547296524048,-0.8982251025888532
UBFC_PHYS_s14_T1_ctrl,106,187,112.23333333333333,-0.11967562884092331,-0.48238728590610047
UBFC_PHYS_s14_T1_ctrl,106,188,112.26666666666667,-0.07948585599660873,0.016247016187282345
UBFC_PHYS_s14_T1_ctrl,106,189,112.3,-0.46282362937927246,0.5301735545526464
UBFC_PHYS_s14_T1_ctrl,106,190,112.33333333333333,-1.0862579345703125,0.9848393127158702
UBFC_PHYS_s14_T1_ctrl,106,191,112.36666666666666,-1.3311986923217773,1.316376827136031
UBFC_PHYS_s14_T1_ctrl,106,192,112.4,-0.9929230809211731,1.4861267396041402
UBFC_PHYS_s14_T1_ctrl,106,193,112.43333333333334,-0.35650521516799927,1.4869657951865702
UBFC_PHYS_s14_T1_ctrl,106,194,112.46666666666667,0.3580109477043152,1.340003950057509
UBFC_PHYS_s14_T1_ctrl,106,195,112.5,1.0570088624954224,1.0841758597318105
UBFC_PHYS_s14_T1_ctrl,106,196,112.53333333333333,1.5146145820617676,0.7636285725687496
UBFC_PHYS_s14_T1_ctrl,106,197,112.56666666666666,1.6300299167633057,0.4177013433403423
UBFC_PHYS_s14_T1_ctrl,106,198,112.6,1.6568137407302856,0.07613840041945302
UBFC_PHYS_s14_T1_ctrl,106,199,112.63333333333334,1.929298758506775,-0.24046346675747457
UBFC_PHYS_s14_T1_ctrl,106,200,112.66666666666667,2.4916739463806152,-0.5167001460651434
UBFC_PHYS_s14_T1_ctrl,106,201,112.7,3.02329421043396,-0.7373736786712207
UBFC_PHYS_s14_T1_ctrl,106,202,112.73333333333333,3.105701446533203,-0.8841375934518447
UBFC_PHYS_s14_T1_ctrl,106,203,112.76666666666667,2.6379003524780273,-0.9360021155650797
UBFC_PHYS_s14_T1_ctrl,106,204,112.8,1.9484782218933105,-0.8746165886882239
UBFC_PHYS_s14_T1_ctrl,106,205,112.83333333333333,1.3918766975402832,-0.6930968581281144
UBFC_PHYS_s14_T1_ctrl,106,206,112.86666666666666,1.039828896522522,-0.40483450012528344
UBFC_PHYS_s14_T1_ctrl,106,207,112.9,0.7054398655891418,-0.04758629960146839
UBFC_PHYS_s14_T1_ctrl,106,208,112.93333333333334,0.15875190496444702,0.32067072586532464
UBFC_PHYS_s14_T1_ctrl,106,209,112.96666666666667,-0.5259669423103333,0.6341976047329194
UBFC_PHYS_s14_T1_ctrl,106,210,113.0,-0.9222037196159363,0.836116777183437
UBFC_PHYS_s14_T1_ctrl,106,211,113.03333333333333,-0.6613785624504089,0.8925598299843134
UBFC_PHYS_s14_T1_ctrl,106,212,113.06666666666666,0.08623006939888,0.7987415434039513
UBFC_PHYS_s14_T1_ctrl,106,213,113.1,0.8527084589004517,0.5754068826528063
UBFC_PHYS_s14_T1_ctrl,106,214,113.13333333333334,1.2790242433547974,0.25882050023257824
UBFC_PHYS_s14_T1_ctrl,106,215,113.16666666666667,1.3109056949615479,-0.11008947690792005
UBFC_PHYS_s14_T1_ctrl,106,216,113.2,1.1316993236541748,-0.4930244758470655
UBFC_PHYS_s14_T1_ctrl,106,217,113.23333333333333,0.9649976491928101,-0.8566208658457202
UBFC_PHYS_s14_T1_ctrl,106,218,113.26666666666667,0.9116553664207458,-1.1706856728930968
UBFC_PHYS_s14_T1_ctrl,106,219,113.3,0.9404950737953186,-1.4047572540483282
UBFC_PHYS_s14_T1_ctrl,106,220,113.33333333333333,0.9819522500038147,-1.5263907235014045
UBFC_PHYS_s14_T1_ctrl,106,221,113.36666666666666,0.9326373934745789,-1.5042960244133534
UBFC_PHYS_s14_T1_ctrl,106,222,113.4,0.6824581623077393,-1.3171998245093601
UBFC_PHYS_s14_T1_ctrl,106,223,113.43333333333334,0.2271054983139038,-0.9658420657103944
UBFC_PHYS_s14_T1_ctrl,106,224,113.46666666666667,-0.3219200372695923,-0.48259369231604204
UBFC_PHYS_s14_T1_ctrl,106,225,113.5,-0.8850274682044983,0.06742030971936304
UBFC_PHYS_s14_T1_ctrl,106,226,113.53333333333333,-1.4682438373565674,0.597127415462942
UBFC_PHYS_s14_T1_ctrl,106,227,113.56666666666666,-2.1010005474090576,1.018275516597813
UBFC_PHYS_s14_T1_ctrl,106,228,113.6,-2.7593016624450684,1.2645713377032148
UBFC_PHYS_s14_T1_ctrl,106,229,113.63333333333334,-3.2143163681030273,1.307880986271853
UBFC_PHYS_s14_T1_ctrl,106,230,113.66666666666667,-3.078566789627075,1.1622085979498455
UBFC_PHYS_s14_T1_ctrl,106,231,113.7,-2.2578446865081787,0.8763416114138772
UBFC_PHYS_s14_T1_ctrl,106,232,113.73333333333333,-1.1555973291397095,0.519784093042839
UBFC_PHYS_s14_T1_ctrl,106,233,113.76666666666667,-0.24227274954319,0.16702394355178293
UBFC_PHYS_s14_T1_ctrl,106,234,113.8,0.31568071246147156,-0.1162664231200904
UBFC_PHYS_s14_T1_ctrl,106,235,113.83333333333333,0.5417517423629761,-0.28334181794077773
UBFC_PHYS_s14_T1_ctrl,106,236,113.86666666666666,0.5197557806968689,-0.31233921834325284
UBFC_PHYS_s14_T1_ctrl,106,237,113.9,0.4080298840999603,-0.20809569365842895
UBFC_PHYS_s14_T1_ctrl,106,238,113.93333333333334,0.35195571184158325,9.594433842580533e-05
UBFC_PHYS_s14_T1_ctrl,106,239,113.96666666666667,0.3763737678527832,0.2645066160083609
UBFC_PHYS_s14_T1_ctrl,107,0,107.0,0.5509049892425537,0.13103678556555026
UBFC_PHYS_s14_T1_ctrl,107,1,107.03333333333333,0.39789092540740967,-0.0599425258811538
UBFC_PHYS_s14_T1_ctrl,107,2,107.06666666666666,0.3335084319114685,-0.18357097046680998
UBFC_PHYS_s14_T1_ctrl,107,3,107.1,0.3368035852909088,-0.18865719083580185
UBFC_PHYS_s14_T1_ctrl,107,4,107.13333333333334,0.3152301013469696,-0.05659116642911316
UBFC_PHYS_s14_T1_ctrl,107,5,107.16666666666667,0.2356109768152237,0.19373875697789972
UBFC_PHYS_s14_T1_ctrl,107,6,107.2,0.10969053208827972,0.5121168092577352
UBFC_PHYS_s14_T1_ctrl,107,7,107.23333333333333,-0.06937504559755325,0.8328218386978044
UBFC_PHYS_s14_T1_ctrl,107,8,107.26666666666667,-0.3227367699146271,1.094058428286861
UBFC_PHYS_s14_T1_ctrl,107,9,107.3,-0.6574919819831848,1.2529813418999962
UBFC_PHYS_s14_T1_ctrl,107,10,107.33333333333333,-1.0482368469238281,1.2911398293601999
UBFC_PHYS_s14_T1_ctrl,107,11,107.36666666666666,-1.3648263216018677,1.2106046677069184
UBFC_PHYS_s14_T1_ctrl,107,12,107.4,-1.3580951690673828,1.025273612098024
UBFC_PHYS_s14_T1_ctrl,107,13,107.43333333333334,-0.9189367294311523,0.7528792799045608
UBFC_PHYS_s14_T1_ctrl,107,14,107.46666666666667,-0.2742668390274048,0.4112323869656715
UBFC_PHYS_s14_T1_ctrl,107,15,107.5,0.2813771963119507,0.019172986705854062
UBFC_PHYS_s14_T1_ctrl,107,16,107.53333333333333,0.6610255241394043,-0.39947181530084386
UBFC_PHYS_s14_T1_ctrl,107,17,107.56666666666666,0.8402318954467773,-0.8115896439596024
UBFC_PHYS_s14_T1_ctrl,107,18,107.6,0.7580780386924744,-1.173025698565936
UBFC_PHYS_s14_T1_ctrl,107,19,107.63333333333334,0.5383439064025879,-1.4318290500362778
UBFC_PHYS_s14_T1_ctrl,107,20,107.66666666666667,0.40459391474723816,-1.537675792572704
UBFC_PHYS_s14_T1_ctrl,107,21,107.7,0.3821755051612854,-1.4561594745247217
UBFC_PHYS_s14_T1_ctrl,107,22,107.73333333333333,0.3384370803833008,-1.183430301293699
UBFC_PHYS_s14_T1_ctrl,107,23,107.76666666666667,0.19761797785758972,-0.7545775289452535
UBFC_PHYS_s14_T1_ctrl,107,24,107.8,-0.03132572025060654,-0.24011181640089177
UBFC_PHYS_s14_T1_ctrl,107,25,107.83333333333333,-0.32625725865364075,0.27055710042464937
UBFC_PHYS_s14_T1_ctrl,107,26,107.86666666666666,-0.7111158967018127,0.6933119112271379
UBFC_PHYS_s14_T1_ctrl,107,27,107.9,-1.219444751739502,0.9714151279155365
UBFC_PHYS_s14_T1_ctrl,107,28,107.93333333333334,-1.7284494638442993,1.086451812943145
UBFC_PHYS_s14_T1_ctrl,107,29,107.96666666666667,-1.948549747467041,1.0546143736398526
UBFC_PHYS_s14_T1_ctrl,107,30,108.0,-1.6817820072174072,0.9119853859589989
UBFC_PHYS_s14_T1_ctrl,107,31,108.03333333333333,-1.0032873153686523,0.6970574314850566
UBFC_PHYS_s14_T1_ctrl,107,32,108.06666666666666,-0.2010127454996109,0.43829578155073545
UBFC_PHYS_s14_T1_ctrl,107,33,108.1,0.4850016236305237,0.15067132385473
UBFC_PHYS_s14_T1_ctrl,107,34,108.13333333333334,0.9112892150878906,-0.15920399780335648
UBFC_PHYS_s14_T1_ctrl,107,35,108.16666666666667,1.0168753862380981,-0.48285656859249
UBFC_PHYS_s14_T1_ctrl,107,36,108.2,0.8848152160644531,-0.7997443778487584
UBFC_PHYS_s14_T1_ctrl,107,37,108.23333333333333,0.7370960116386414,-1.0720822779740637
UBFC_PHYS_s14_T1_ctrl,107,38,108.26666666666667,0.7061157822608948,-1.2480948852502658
UBFC_PHYS_s14_T1_ctrl,107,39,108.3,0.6956388354301453,-1.2742343422734563
UBFC_PHYS_s14_T1_ctrl,107,40,108.33333333333333,0.6137102842330933,-1.1133895522957815
UBFC_PHYS_s14_T1_ctrl,107,41,108.36666666666666,0.500491738319397,-0.7629012828726713
UBFC_PHYS_s14_T1_ctrl,107,42,108.4,0.3772749900817871,-0.2646143557574968
UBFC_PHYS_s14_T1_ctrl,107,43,108.43333333333334,0.19206970930099487,0.2992798542715917
UBFC_PHYS_s14_T1_ctrl,107,44,108.46666666666667,-0.10336877405643463,0.8257900327532421
UBFC_PHYS_s14_T1_ctrl,107,45,108.5,-0.5466391444206238,1.2202121438623081
UBFC_PHYS_s14_T1_ctrl,107,46,108.53333333333333,-1.0474764108657837,1.4232729024641892
UBFC_PHYS_s14_T1_ctrl,107,47,108.56666666666666,-1.287967324256897,1.4247330795272588
UBFC_PHYS_s14_T1_ctrl,107,48,108.6,-1.0739504098892212,1.2585103011726662
UBFC_PHYS_s14_T1_ctrl,107,49,108.63333333333334,-0.5468926429748535,0.9834013581415243
UBFC_PHYS_s14_T1_ctrl,107,50,108.66666666666667,0.08887746930122375,0.6592156621677269
UBFC_PHYS_s14_T1_ctrl,107,51,108.7,0.6996944546699524,0.32846527512057927
UBFC_PHYS_s14_T1_ctrl,107,52,108.73333333333333,1.0886086225509644,0.0097364612893827
UBFC_PHYS_s14_T1_ctrl,107,53,108.76666666666667,1.1315021514892578,-0.2967715121047966
UBFC_PHYS_s14_T1_ctrl,107,54,108.8,0.9770799279212952,-0.5956555855971978
UBFC_PHYS_s14_T1_ctrl,107,55,108.83333333333333,0.8229674696922302,-0.8812974408695132
UBFC_PHYS_s14_T1_ctrl,107,56,108.86666666666666,0.7147902250289917,-1.1283722906408749
UBFC_PHYS_s14_T1_ctrl,107,57,108.9,0.6190895438194275,-1.2927829205120906
UBFC_PHYS_s14_T1_ctrl,107,58,108.93333333333334,0.469483345746994,-1.3238567610117873
UBFC_PHYS_s14_T1_ctrl,107,59,108.96666666666667,0.2029409408569336,-1.183817057739142
UBFC_PHYS_s14_T1_ctrl,107,60,109.0,-0.12756149470806122,-0.8667973174739392
UBFC_PHYS_s14_T1_ctrl,107,61,109.03333333333333,-0.41286101937294006,-0.40882065728673933
UBFC_PHYS_s14_T1_ctrl,107,62,109.06666666666666,-0.7089472413063049,0.11687668342994022
UBFC_PHYS_s14_T1_ctrl,107,63,109.1,-1.1621594429016113,0.6187460877587766
UBFC_PHYS_s14_T1_ctrl,107,64,109.13333333333334,-1.7425312995910645,1.0129288168099009
UBFC_PHYS_s14_T1_ctrl,107,65,109.16666666666667,-2.181126594543457,1.2456515617755497
UBFC_PHYS_s14_T1_ctrl,107,66,109.2,-2.150456190109253,1.3032351407346248
UBFC_PHYS_s14_T1_ctrl,107,67,109.23333333333333,-1.542230248451233,1.2071771064323475
UBFC_PHYS_s14_T1_ctrl,107,68,109.26666666666667,-0.6005728840827942,0.9987630248384401
UBFC_PHYS_s14_T1_ctrl,107,69,109.3,0.2911781966686249,0.7215021131231686
UBFC_PHYS_s14_T1_ctrl,107,70,109.33333333333333,0.9470291137695312,0.4086129241218617
UBFC_PHYS_s14_T1_ctrl,107,71,109.36666666666666,1.3750628232955933,0.07889438507360495
UBFC_PHYS_s14_T1_ctrl,107,72,109.4,1.6234396696090698,-0.25934081021921357
UBFC_PHYS_s14_T1_ctrl,107,73,109.43333333333334,1.7383761405944824,-0.5990768283557358
UBFC_PHYS_s14_T1_ctrl,107,74,109.46666666666667,1.7827622890472412,-0.9244515804388878
UBFC_PHYS_s14_T1_ctrl,107,75,109.5,1.8170095682144165,-1.2043308982188299
UBFC_PHYS_s14_T1_ctrl,107,76,109.53333333333333,1.8468914031982422,-1.3932392293431437
UBFC_PHYS_s14_T1_ctrl,107,77,109.56666666666666,1.806110143661499,-1.440845724499469
UBFC_PHYS_s14_T1_ctrl,107,78,109.6,1.605780839920044,-1.3078643290338625
UBFC_PHYS_s14_T1_ctrl,107,79,109.63333333333334,1.225343942642212,-0.9831497108589422
UBFC_PHYS_s14_T1_ctrl,107,80,109.66666666666667,0.7572049498558044,-0.49525240501974516
UBFC_PHYS_s14_T1_ctrl,107,81,109.7,0.30528828501701355,0.08746889954310495
UBFC_PHYS_s14_T1_ctrl,107,82,109.73333333333333,-0.12094300240278244,0.6706222881248902
UBFC_PHYS_s14_T1_ctrl,107,83,109.76666666666667,-0.5867162942886353,1.1580835987021803
UBFC_PHYS_s14_T1_ctrl,107,84,109.8,-1.0559537410736084,1.477506390924743
UBFC_PHYS_s14_T1_ctrl,107,85,109.83333333333333,-1.2398916482925415,1.5963464181073055
UBFC_PHYS_s14_T1_ctrl,107,86,109.86666666666666,-0.8428380489349365,1.5231207538798432
UBFC_PHYS_s14_T1_ctrl,107,87,109.9,0.03297228366136551,1.2962959323699597
UBFC_PHYS_s14_T1_ctrl,107,88,109.93333333333334,0.9909646511077881,0.9674860917235798
UBFC_PHYS_s14_T1_ctrl,107,89,109.96666666666667,1.7557532787322998,0.5857421638239791
UBFC_PHYS_s14_T1_ctrl,107,90,110.0,2.2149643898010254,0.18758498653629843
UBFC_PHYS_s14_T1_ctrl,107,91,110.03333333333333,2.2995965480804443,-0.20529614126618306
UBFC_PHYS_s14_T1_ctrl,107,92,110.06666666666666,2.144385814666748,-0.5812328423536913
UBFC_PHYS_s14_T1_ctrl,107,93,110.1,1.9719668626785278,-0.9292733511815405
UBFC_PHYS_s14_T1_ctrl,107,94,110.13333333333334,1.8503555059432983,-1.2296045262491486
UBFC_PHYS_s14_T1_ctrl,107,95,110.16666666666667,1.7402631044387817,-1.4484893715776106
UBFC_PHYS_s14_T1_ctrl,107,96,110.2,1.632057785987854,-1.5413872105404611
UBFC_PHYS_s14_T1_ctrl,107,97,110.23333333333333,1.498955488204956,-1.4649609006786568
UBFC_PHYS_s14_T1_ctrl,107,98,110.26666666666667,1.2842345237731934,-1.1946289840557942
UBFC_PHYS_s14_T1_ctrl,107,99,110.3,0.9691377282142639,-0.7409760574702536
UBFC_PHYS_s14_T1_ctrl,107,100,110.33333333333333,0.563860297203064,-0.157474812334518
UBFC_PHYS_s14_T1_ctrl,107,101,110.36666666666666,0.08079445362091064,0.4657409623379848
UBFC_PHYS_s14_T1_ctrl,107,102,110.4,-0.4689915180206299,1.0223342925969525
UBFC_PHYS_s14_T1_ctrl,107,103,110.43333333333334,-1.0585166215896606,1.4183908924641266
UBFC_PHYS_s14_T1_ctrl,107,104,110.46666666666667,-1.535048484802246,1.598127411185191
UBFC_PHYS_s14_T1_ctrl,107,105,110.5,-1.6023600101470947,1.555850558421183
UBFC_PHYS_s14_T1_ctrl,107,106,110.53333333333333,-1.1105915307998657,1.3300799748368988
UBFC_PHYS_s14_T1_ctrl,107,107,110.56666666666666,-0.35430842638015747,0.9843027347443202
UBFC_PHYS_s14_T1_ctrl,107,108,110.6,0.28053227066993713,0.5836571420196732
UBFC_PHYS_s14_T1_ctrl,107,109,110.63333333333334,0.6506330370903015,0.17683945842707915
UBFC_PHYS_s14_T1_ctrl,107,110,110.66666666666667,0.7546702027320862,-0.21075099776762787
UBFC_PHYS_s14_T1_ctrl,107,111,110.7,0.549975574016571,-0.5715696147185056
UBFC_PHYS_s14_T1_ctrl,107,112,110.73333333333333,0.13686862587928772,-0.902170244996894
UBFC_PHYS_s14_T1_ctrl,107,113,110.76666666666667,-0.15217667818069458,-1.1884888705128878
UBFC_PHYS_s14_T1_ctrl,107,114,110.8,-0.15282444655895233,-1.3979295865201244
UBFC_PHYS_s14_T1_ctrl,107,115,110.83333333333333,-0.08475249260663986,-1.4832065789012774
UBFC_PHYS_s14_T1_ctrl,107,116,110.86666666666666,-0.17636939883232117,-1.3977828584914682
UBFC_PHYS_s14_T1_ctrl,107,117,110.9,-0.41086137294769287,-1.1172895763463557
UBFC_PHYS_s14_T1_ctrl,107,118,110.93333333333334,-0.6518310308456421,-0.6577471641228821
UBFC_PHYS_s14_T1_ctrl,107,119,110.96666666666667,-0.7936640381813049,-0.08137517553935855
UBFC_PHYS_s14_T1_ctrl,107,120,111.0,-0.8060279488563538,0.5150789345540834
UBFC_PHYS_s14_T1_ctrl,107,121,111.03333333333333,-0.795128583908081,1.0268405000459333
UBFC_PHYS_s14_T1_ctrl,107,122,111.06666666666666,-0.943861722946167,1.371591065715023
UBFC_PHYS_s14_T1_ctrl,107,123,111.1,-1.2317804098129272,1.5103459230140508
UBFC_PHYS_s14_T1_ctrl,107,124,111.13333333333334,-1.340070366859436,1.450847628023538
UBFC_PHYS_s14_T1_ctrl,107,125,111.16666666666667,-1.0004991292953491,1.2350182044265325
UBFC_PHYS_s14_T1_ctrl,107,126,111.2,-0.35061895847320557,0.9184890156679293
UBFC_PHYS_s14_T1_ctrl,107,127,111.23333333333333,0.2613527178764343,0.5516124537200808
UBFC_PHYS_s14_T1_ctrl,107,128,111.26666666666667,0.7038626670837402,0.16879878673487927
UBFC_PHYS_s14_T1_ctrl,107,129,111.3,1.0406174659729004,-0.21144917108998804
UBFC_PHYS_s14_T1_ctrl,107,130,111.33333333333333,1.2288081645965576,-0.5778552587205007
UBFC_PHYS_s14_T1_ctrl,107,131,111.36666666666666,1.2073472738265991,-0.9142948883565317
UBFC_PHYS_s14_T1_ctrl,107,132,111.4,1.097987174987793,-1.1908872890614441
UBFC_PHYS_s14_T1_ctrl,107,133,111.43333333333334,1.056304693222046,-1.3636775744596925
UBFC_PHYS_s14_T1_ctrl,107,134,111.46666666666667,1.0723581314086914,-1.38481220374713
UBFC_PHYS_s14_T1_ctrl,107,135,111.5,1.0536291599273682,-1.2203775962819114
UBFC_PHYS_s14_T1_ctrl,107,136,111.53333333333333,0.9107259511947632,-0.8689223861336999
UBFC_PHYS_s14_T1_ctrl,107,137,111.56666666666666,0.5120670795440674,-0.37188777560417696
UBFC_PHYS_s14_T1_ctrl,107,138,111.6,-0.2625788450241089,0.19087894086980406
UBFC_PHYS_s14_T1_ctrl,107,139,111.63333333333334,-1.3445202112197876,0.7210589115847412
UBFC_PHYS_s14_T1_ctrl,107,140,111.66666666666667,-2.517965793609619,1.1293850303383979
UBFC_PHYS_s14_T1_ctrl,107,141,111.7,-3.5803050994873047,1.3585133661476263
UBFC_PHYS_s14_T1_ctrl,107,142,111.73333333333333,-4.237085342407227,1.3925328598155249
UBFC_PHYS_s14_T1_ctrl,107,143,111.76666666666667,-4.085930347442627,1.2521996529239205
UBFC_PHYS_s14_T1_ctrl,107,144,111.8,-3.163001775741577,0.9810503491868534
UBFC_PHYS_s14_T1_ctrl,107,145,111.83333333333333,-2.046081066131592,0.6295117931026875
UBFC_PHYS_s14_T1_ctrl,107,146,111.86666666666666,-1.1583573818206787,0.2426565666474652
UBFC_PHYS_s14_T1_ctrl,107,147,111.9,-0.5142789483070374,-0.1456635837123027
UBFC_PHYS_s14_T1_ctrl,107,148,111.93333333333334,-0.0824148952960968,-0.5121694416058276
UBFC_PHYS_s14_T1_ctrl,107,149,111.96666666666667,0.07611925899982452,-0.8388034226776167
UBFC_PHYS_s14_T1_ctrl,107,150,112.0,0.07099343836307526,-1.1059809267823617
UBFC_PHYS_s14_T1_ctrl,107,151,112.03333333333333,0.18046621978282928,-1.2883470336924963
UBFC_PHYS_s14_T1_ctrl,107,152,112.06666666666666,0.44591024518013,-1.3560826702242301
UBFC_PHYS_s14_T1_ctrl,107,153,112.1,0.6054864525794983,-1.2824742648136844
UBFC_PHYS_s14_T1_ctrl,107,154,112.13333333333334,0.4628085196018219,-1.0553638316374023
UBFC_PHYS_s14_T1_ctrl,107,155,112.16666666666667,0.1152106449007988,-0.6876078048640962
UBFC_PHYS_s14_T1_ctrl,107,156,112.2,-0.14268547296524048,-0.2211593247436476
UBFC_PHYS_s14_T1_ctrl,107,157,112.23333333333333,-0.11967562884092331,0.27854213666674027
UBFC_PHYS_s14_T1_ctrl,107,158,112.26666666666667,-0.07948585599660873,0.7371146840552216
UBFC_PHYS_s14_T1_ctrl,107,159,112.3,-0.46282362937927246,1.0897210789321543
UBFC_PHYS_s14_T1_ctrl,107,160,112.33333333333333,-1.0862579345703125,1.2963410345657598
UBFC_PHYS_s14_T1_ctrl,107,161,112.36666666666666,-1.3311986923217773,1.348067333898912
UBFC_PHYS_s14_T1_ctrl,107,162,112.4,-0.9929230809211731,1.2631682458529148
UBFC_PHYS_s14_T1_ctrl,107,163,112.43333333333334,-0.35650521516799927,1.076252642526953
UBFC_PHYS_s14_T1_ctrl,107,164,112.46666666666667,0.3580109477043152,0.8257436186990071
UBFC_PHYS_s14_T1_ctrl,107,165,112.5,1.0570088624954224,0.5440385450572924
UBFC_PHYS_s14_T1_ctrl,107,166,112.53333333333333,1.5146145820617676,0.25272178536174245
UBFC_PHYS_s14_T1_ctrl,107,167,112.56666666666666,1.6300299167633057,-0.03684075478410393
UBFC_PHYS_s14_T1_ctrl,107,168,112.6,1.6568137407302856,-0.3187245588170166
UBFC_PHYS_s14_T1_ctrl,107,169,112.63333333333334,1.929298758506775,-0.5857200665051185
UBFC_PHYS_s14_T1_ctrl,107,170,112.66666666666667,2.4916739463806152,-0.823503165537504
UBFC_PHYS_s14_T1_ctrl,107,171,112.7,3.02329421043396,-1.0084111870824062
UBFC_PHYS_s14_T1_ctrl,107,172,112.73333333333333,3.105701446533203,-1.1103761710721214
UBFC_PHYS_s14_T1_ctrl,107,173,112.76666666666667,2.6379003524780273,-1.1007083261063608
UBFC_PHYS_s14_T1_ctrl,107,174,112.8,1.9484782218933105,-0.962492346590143
UBFC_PHYS_s14_T1_ctrl,107,175,112.83333333333333,1.3918766975402832,-0.6999427385381084
UBFC_PHYS_s14_T1_ctrl,107,176,112.86666666666666,1.039828896522522,-0.3427408149662775
UBFC_PHYS_s14_T1_ctrl,107,177,112.9,0.7054398655891418,0.05730272286791146
UBFC_PHYS_s14_T1_ctrl,107,178,112.93333333333334,0.15875190496444702,0.4370713667706712
UBFC_PHYS_s14_T1_ctrl,107,179,112.96666666666667,-0.5259669423103333,0.7371691094357834
UBFC_PHYS_s14_T1_ctrl,107,180,113.0,-0.9222037196159363,0.9160478701325264
UBFC_PHYS_s14_T1_ctrl,107,181,113.03333333333333,-0.6613785624504089,0.9583702086943945
UBFC_PHYS_s14_T1_ctrl,107,182,113.06666666666666,0.08623006939888,0.8749413344443139
UBFC_PHYS_s14_T1_ctrl,107,183,113.1,0.8527084589004517,0.6948580127006821
UBFC_PHYS_s14_T1_ctrl,107,184,113.13333333333334,1.2790242433547974,0.4536078658801247
UBFC_PHYS_s14_T1_ctrl,107,185,113.16666666666667,1.3109056949615479,0.18227930073930843
UBFC_PHYS_s14_T1_ctrl,107,186,113.2,1.1316993236541748,-0.09788953894929081
UBFC_PHYS_s14_T1_ctrl,107,187,113.23333333333333,0.9649976491928101,-0.37402997053818837
UBFC_PHYS_s14_T1_ctrl,107,188,113.26666666666667,0.9116553664207458,-0.6347063079909461
UBFC_PHYS_s14_T1_ctrl,107,189,113.3,0.9404950737953186,-0.8614856563043913
UBFC_PHYS_s14_T1_ctrl,107,190,113.33333333333333,0.9819522500038147,-1.0240706518656386
UBFC_PHYS_s14_T1_ctrl,107,191,113.36666666666666,0.9326373934745789,-1.0830675378147623
UBFC_PHYS_s14_T1_ctrl,107,192,113.4,0.6824581623077393,-1.0013377695314414
UBFC_PHYS_s14_T1_ctrl,107,193,113.43333333333334,0.2271054983139038,-0.7605952838711785
UBFC_PHYS_s14_T1_ctrl,107,194,113.46666666666667,-0.3219200372695923,-0.3762414968514922
UBFC_PHYS_s14_T1_ctrl,107,195,113.5,-0.8850274682044983,0.09758673223749259
UBFC_PHYS_s14_T1_ctrl,107,196,113.53333333333333,-1.4682438373565674,0.5777978032565873
UBFC_PHYS_s14_T1_ctrl,107,197,113.56666666666666,-2.1010005474090576,0.9752476343042638
UBFC_PHYS_s14_T1_ctrl,107,198,113.6,-2.7593016624450684,1.2214422011894495
UBFC_PHYS_s14_T1_ctrl,107,199,113.63333333333334,-3.2143163681030273,1.286886979428198
UBFC_PHYS_s14_T1_ctrl,107,200,113.66666666666667,-3.078566789627075,1.1838706334276254
UBFC_PHYS_s14_T1_ctrl,107,201,113.7,-2.2578446865081787,0.9549840320918587
UBFC_PHYS_s14_T1_ctrl,107,202,113.73333333333333,-1.1555973291397095,0.6545979151471881
UBFC_PHYS_s14_T1_ctrl,107,203,113.76666666666667,-0.24227274954319,0.33158808407058793
UBFC_PHYS_s14_T1_ctrl,107,204,113.8,0.31568071246147156,0.01888285244708672
UBFC_PHYS_s14_T1_ctrl,107,205,113.83333333333333,0.5417517423629761,-0.2684625641303261
UBFC_PHYS_s14_T1_ctrl,107,206,113.86666666666666,0.5197557806968689,-0.5278227038368072
UBFC_PHYS_s14_T1_ctrl,107,207,113.9,0.4080298840999603,-0.7591163761827249
UBFC_PHYS_s14_T1_ctrl,107,208,113.93333333333334,0.35195571184158325,-0.9546644343842297
UBFC_PHYS_s14_T1_ctrl,107,209,113.96666666666667,0.3763737678527832,-1.0933327640424169
UBFC_PHYS_s14_T1_ctrl,107,210,114.0,0.4068470001220703,-1.1422907108450422
UBFC_PHYS_s14_T1_ctrl,107,211,114.03333333333333,0.3435065746307373,-1.0669525743157804
UBFC_PHYS_s14_T1_ctrl,107,212,114.06666666666666,0.10856398195028305,-0.8461332981353882
UBFC_PHYS_s14_T1_ctrl,107,213,114.1,-0.30566951632499695,-0.48652331466694454
UBFC_PHYS_s14_T1_ctrl,107,214,114.13333333333334,-0.7738085389137268,-0.02974263590262924
UBFC_PHYS_s14_T1_ctrl,107,215,114.16666666666667,-1.1485000848770142,0.45261572756811763
UBFC_PHYS_s14_T1_ctrl,107,216,114.2,-1.45771062374115,0.8757477258441658
UBFC_PHYS_s14_T1_ctrl,107,217,114.23333333333333,-1.8571299314498901,1.1645489211622766
UBFC_PHYS_s14_T1_ctrl,107,218,114.26666666666667,-2.3435473442077637,1.2736865942408226
UBFC_PHYS_s14_T1_ctrl,107,219,114.3,-2.5870234966278076,1.1969971924988971
UBFC_PHYS_s14_T1_ctrl,107,220,114.33333333333333,-2.2318215370178223,0.9638949958035713
UBFC_PHYS_s14_T1_ctrl,107,221,114.36666666666666,-1.3220173120498657,0.6265372221711982
UBFC_PHYS_s14_T1_ctrl,107,222,114.4,-0.2889401912689209,0.24423938542797666
UBFC_PHYS_s14_T1_ctrl,107,223,114.43333333333334,0.48004478216171265,-0.1291423228632061
UBFC_PHYS_s14_T1_ctrl,107,224,114.46666666666667,0.8699447512626648,-0.4517297716005993
UBFC_PHYS_s14_T1_ctrl,107,225,114.5,0.9121059775352478,-0.6939848749090421
UBFC_PHYS_s14_T1_ctrl,107,226,114.53333333333333,0.7253516912460327,-0.8354773358039345
UBFC_PHYS_s14_T1_ctrl,107,227,114.56666666666666,0.5331898927688599,-0.8619314056360048
UBFC_PHYS_s14_T1_ctrl,107,228,114.6,0.470891535282135,-0.7658705035480031
UBFC_PHYS_s14_T1_ctrl,107,229,114.63333333333334,0.48232606053352356,-0.5517028598020061
UBFC_PHYS_s14_T1_ctrl,107,230,114.66666666666667,0.44205179810523987,-0.24255182662546465
UBFC_PHYS_s14_T1_ctrl,107,231,114.7,0.31069573760032654,0.11655613343880732
UBFC_PHYS_s14_T1_ctrl,107,232,114.73333333333333,0.1268986314535141,0.46424886054372677
UBFC_PHYS_s14_T1_ctrl,107,233,114.76666666666667,-0.08892073482275009,0.7376723747578273
UBFC_PHYS_s14_T1_ctrl,107,234,114.8,-0.3667568266391754,0.8903119266176283
UBFC_PHYS_s14_T1_ctrl,107,235,114.83333333333333,-0.753220796585083,0.9033145572689003
UBFC_PHYS_s14_T1_ctrl,107,236,114.86666666666666,-1.2090522050857544,0.785317939669453
UBFC_PHYS_s14_T1_ctrl,107,237,114.9,-1.503758430480957,0.563332988900386
UBFC_PHYS_s14_T1_ctrl,107,238,114.93333333333334,-1.355391502380371,0.2713938923698313
UBFC_PHYS_s14_T1_ctrl,107,239,114.96666666666667,-0.740040123462677,-0.05697671757049889
UBFC_PHYS_s14_T1_ctrl,108,0,108.0,-1.6817820072174072,-0.06165566684856833
UBFC_PHYS_s14_T1_ctrl,108,1,108.03333333333333,-1.0032873153686523,0.09984010251050988
UBFC_PHYS_s14_T1_ctrl,108,2,108.06666666666666,-0.2010127454996109,0.1840538199087418
UBFC_PHYS_s14_T1_ctrl,108,3,108.1,0.4850016236305237,0.13335490823561863
UBFC_PHYS_s14_T1_ctrl,108,4,108.13333333333334,0.9112892150878906,-0.07178575802113447
UBFC_PHYS_s14_T1_ctrl,108,5,108.16666666666667,1.0168753862380981,-0.4043538073099636
UBFC_PHYS_s14_T1_ctrl,108,6,108.2,0.8848152160644531,-0.7937166455802434
UBFC_PHYS_s14_T1_ctrl,108,7,108.23333333333333,0.7370960116386414,-1.1405591319907078
UBFC_PHYS_s14_T1_ctrl,108,8,108.26666666666667,0.7061157822608948,-1.3414673933882415
UBFC_PHYS_s14_T1_ctrl,108,9,108.3,0.6956388354301453,-1.3177388321352053
UBFC_PHYS_s14_T1_ctrl,108,10,108.33333333333333,0.6137102842330933,-1.0406148951188443
UBFC_PHYS_s14_T1_ctrl,108,11,108.36666666666666,0.500491738319397,-0.5444512728670432
UBFC_PHYS_s14_T1_ctrl,108,12,108.4,0.3772749900817871,0.07853906221815099
UBFC_PHYS_s14_T1_ctrl,108,13,108.43333333333334,0.19206970930099487,0.7026930346494822
UBFC_PHYS_s14_T1_ctrl,108,14,108.46666666666667,-0.10336877405643463,1.205261481868252
UBFC_PHYS_s14_T1_ctrl,108,15,108.5,-0.5466391444206238,1.501486329491919
UBFC_PHYS_s14_T1_ctrl,108,16,108.53333333333333,-1.0474764108657837,1.564971208481246
UBFC_PHYS_s14_T1_ctrl,108,17,108.56666666666666,-1.287967324256897,1.4263125098355576
UBFC_PHYS_s14_T1_ctrl,108,18,108.6,-1.0739504098892212,1.1529230617514445
UBFC_PHYS_s14_T1_ctrl,108,19,108.63333333333334,-0.5468926429748535,0.8207187777829612
UBFC_PHYS_s14_T1_ctrl,108,20,108.66666666666667,0.08887746930122375,0.48960369170084034
UBFC_PHYS_s14_T1_ctrl,108,21,108.7,0.6996944546699524,0.1905894740105936
UBFC_PHYS_s14_T1_ctrl,108,22,108.73333333333333,1.0886086225509644,-0.07347094222461889
UBFC_PHYS_s14_T1_ctrl,108,23,108.76666666666667,1.1315021514892578,-0.31663479527954896
UBFC_PHYS_s14_T1_ctrl,108,24,108.8,0.9770799279212952,-0.554193132993426
UBFC_PHYS_s14_T1_ctrl,108,25,108.83333333333333,0.8229674696922302,-0.7890292512518423
UBFC_PHYS_s14_T1_ctrl,108,26,108.86666666666666,0.7147902250289917,-1.0046465283469423
UBFC_PHYS_s14_T1_ctrl,108,27,108.9,0.6190895438194275,-1.166751261396741
UBFC_PHYS_s14_T1_ctrl,108,28,108.93333333333334,0.469483345746994,-1.2327405785235253
UBFC_PHYS_s14_T1_ctrl,108,29,108.96666666666667,0.2029409408569336,-1.1662840010785285
UBFC_PHYS_s14_T1_ctrl,108,30,109.0,-0.12756149470806122,-0.9523456212860104
UBFC_PHYS_s14_T1_ctrl,108,31,109.03333333333333,-0.41286101937294006,-0.607034701772953
UBFC_PHYS_s14_T1_ctrl,108,32,109.06666666666666,-0.7089472413063049,-0.17754534635349023
UBFC_PHYS_s14_T1_ctrl,108,33,109.1,-1.1621594429016113,0.2690613913479696
UBFC_PHYS_s14_T1_ctrl,108,34,109.13333333333334,-1.7425312995910645,0.6641866024289623
UBFC_PHYS_s14_T1_ctrl,108,35,109.16666666666667,-2.181126594543457,0.9553072465497813
UBFC_PHYS_s14_T1_ctrl,108,36,109.2,-2.150456190109253,1.1156549373119367
UBFC_PHYS_s14_T1_ctrl,108,37,109.23333333333333,-1.542230248451233,1.1432950245207798
UBFC_PHYS_s14_T1_ctrl,108,38,109.26666666666667,-0.6005728840827942,1.0525781058560697
UBFC_PHYS_s14_T1_ctrl,108,39,109.3,0.2911781966686249,0.864094975469141
UBFC_PHYS_s14_T1_ctrl,108,40,109.33333333333333,0.9470291137695312,0.5981849414199576
UBFC_PHYS_s14_T1_ctrl,108,41,109.36666666666666,1.3750628232955933,0.2735694841882505
UBFC_PHYS_s14_T1_ctrl,108,42,109.4,1.6234396696090698,-0.09024376857779283
UBFC_PHYS_s14_T1_ctrl,108,43,109.43333333333334,1.7383761405944824,-0.46928083371859436
UBFC_PHYS_s14_T1_ctrl,108,44,109.46666666666667,1.7827622890472412,-0.8322842707453746
UBFC_PHYS_s14_T1_ctrl,108,45,109.5,1.8170095682144165,-1.1400734209722523
UBFC_PHYS_s14_T1_ctrl,108,46,109.53333333333333,1.8468914031982422,-1.3479504449762691
UBFC_PHYS_s14_T1_ctrl,108,47,109.56666666666666,1.806110143661499,-1.4118767295749788
UBFC_PHYS_s14_T1_ctrl,108,48,109.6,1.605780839920044,-1.2986145047066966
UBFC_PHYS_s14_T1_ctrl,108,49,109.63333333333334,1.225343942642212,-0.9984267424256197
UBFC_PHYS_s14_T1_ctrl,108,50,109.66666666666667,0.7572049498558044,-0.5363526549088777
UBFC_PHYS_s14_T1_ctrl,108,51,109.7,0.30528828501701355,0.024115016808061225
UBFC_PHYS_s14_T1_ctrl,108,52,109.73333333333333,-0.12094300240278244,0.5906812580967516
UBFC_PHYS_s14_T1_ctrl,108,53,109.76666666666667,-0.5867162942886353,1.0656404921555485
UBFC_PHYS_s14_T1_ctrl,108,54,109.8,-1.0559537410736084,1.3746228619857546
UBFC_PHYS_s14_T1_ctrl,108,55,109.83333333333333,-1.2398916482925415,1.4872890927573408
UBFC_PHYS_s14_T1_ctrl,108,56,109.86666666666666,-0.8428380489349365,1.4206487368521064
UBFC_PHYS_s14_T1_ctrl,108,57,109.9,0.03297228366136551,1.2250465450206718
UBFC_PHYS_s14_T1_ctrl,108,58,109.93333333333334,0.9909646511077881,0.9605587489463067
UBFC_PHYS_s14_T1_ctrl,108,59,109.96666666666667,1.7557532787322998,0.6745177097115514
UBFC_PHYS_s14_T1_ctrl,108,60,110.0,2.2149643898010254,0.3891472655151884
UBFC_PHYS_s14_T1_ctrl,108,61,110.03333333333333,2.2995965480804443,0.10294802523131126
UBFC_PHYS_s14_T1_ctrl,108,62,110.06666666666666,2.144385814666748,-0.19705160026887839
UBFC_PHYS_s14_T1_ctrl,108,63,110.1,1.9719668626785278,-0.5190820543246761
UBFC_PHYS_s14_T1_ctrl,108,64,110.13333333333334,1.8503555059432983,-0.8530177814524761
UBFC_PHYS_s14_T1_ctrl,108,65,110.16666666666667,1.7402631044387817,-1.1635735052997511
UBFC_PHYS_s14_T1_ctrl,108,66,110.2,1.632057785987854,-1.392919486984167
UBFC_PHYS_s14_T1_ctrl,108,67,110.23333333333333,1.498955488204956,-1.4738115899096067
UBFC_PHYS_s14_T1_ctrl,108,68,110.26666666666667,1.2842345237731934,-1.3512996713040242
UBFC_PHYS_s14_T1_ctrl,108,69,110.3,0.9691377282142639,-1.0068990874913555
UBFC_PHYS_s14_T1_ctrl,108,70,110.33333333333333,0.563860297203064,-0.47575608142038595
UBFC_PHYS_s14_T1_ctrl,108,71,110.36666666666666,0.08079445362091064,0.15275271488445977
UBFC_PHYS_s14_T1_ctrl,108,72,110.4,-0.4689915180206299,0.755662155520258
UBFC_PHYS_s14_T1_ctrl,108,73,110.43333333333334,-1.0585166215896606,1.2133254582646686
UBFC_PHYS_s14_T1_ctrl,108,74,110.46666666666667,-1.535048484802246,1.4472891600669915
UBFC_PHYS_s14_T1_ctrl,108,75,110.5,-1.6023600101470947,1.4412613903732547
UBFC_PHYS_s14_T1_ctrl,108,76,110.53333333333333,-1.1105915307998657,1.2365806041157017
UBFC_PHYS_s14_T1_ctrl,108,77,110.56666666666666,-0.35430842638015747,0.9073540968138321
UBFC_PHYS_s14_T1_ctrl,108,78,110.6,0.28053227066993713,0.5287984584183555
UBFC_PHYS_s14_T1_ctrl,108,79,110.63333333333334,0.6506330370903015,0.15271594062889846
UBFC_PHYS_s14_T1_ctrl,108,80,110.66666666666667,0.7546702027320862,-0.20115140314923644
UBFC_PHYS_s14_T1_ctrl,108,81,110.7,0.549975574016571,-0.5367574331292746
UBFC_PHYS_s14_T1_ctrl,108,82,110.73333333333333,0.13686862587928772,-0.8622474526623651
UBFC_PHYS_s14_T1_ctrl,108,83,110.76666666666667,-0.15217667818069458,-1.1692953631181309
UBFC_PHYS_s14_T1_ctrl,108,84,110.8,-0.15282444655895233,-1.4213839882145611
UBFC_PHYS_s14_T1_ctrl,108,85,110.83333333333333,-0.08475249260663986,-1.557475426493148
UBFC_PHYS_s14_T1_ctrl,108,86,110.86666666666666,-0.17636939883232117,-1.5113488794310408
UBFC_PHYS_s14_T1_ctrl,108,87,110.9,-0.41086137294769287,-1.2401059188899486
UBFC_PHYS_s14_T1_ctrl,108,88,110.93333333333334,-0.6518310308456421,-0.7502534289074272
UBFC_PHYS_s14_T1_ctrl,108,89,110.96666666666667,-0.7936640381813049,-0.10865590821532391
UBFC_PHYS_s14_T1_ctrl,108,90,111.0,-0.8060279488563538,0.5698886401848845
UBFC_PHYS_s14_T1_ctrl,108,91,111.03333333333333,-0.795128583908081,1.1564833567822672
UBFC_PHYS_s14_T1_ctrl,108,92,111.06666666666666,-0.943861722946167,1.5492622635675033
UBFC_PHYS_s14_T1_ctrl,108,93,111.1,-1.2317804098129272,1.7024595637549746
UBFC_PHYS_s14_T1_ctrl,108,94,111.13333333333334,-1.340070366859436,1.631065344415166
UBFC_PHYS_s14_T1_ctrl,108,95,111.16666666666667,-1.0004991292953491,1.3923101598994059
UBFC_PHYS_s14_T1_ctrl,108,96,111.2,-0.35061895847320557,1.0559307709765935
UBFC_PHYS_s14_T1_ctrl,108,97,111.23333333333333,0.2613527178764343,0.6781277231802548
UBFC_PHYS_s14_T1_ctrl,108,98,111.26666666666667,0.7038626670837402,0.2895328662510572
UBFC_PHYS_s14_T1_ctrl,108,99,111.3,1.0406174659729004,-0.10075261908370398
UBFC_PHYS_s14_T1_ctrl,108,100,111.33333333333333,1.2288081645965576,-0.490246629755138
UBFC_PHYS_s14_T1_ctrl,108,101,111.36666666666666,1.2073472738265991,-0.866203942076791
UBFC_PHYS_s14_T1_ctrl,108,102,111.4,1.097987174987793,-1.195363532129197
UBFC_PHYS_s14_T1_ctrl,108,103,111.43333333333334,1.056304693222046,-1.4255091234183812
UBFC_PHYS_s14_T1_ctrl,108,104,111.46666666666667,1.0723581314086914,-1.4990811674750066
UBFC_PHYS_s14_T1_ctrl,108,105,111.5,1.0536291599273682,-1.374208313571084
UBFC_PHYS_s14_T1_ctrl,108,106,111.53333333333333,0.9107259511947632,-1.0451141571904607
UBFC_PHYS_s14_T1_ctrl,108,107,111.56666666666666,0.5120670795440674,-0.5529292718541648
UBFC_PHYS_s14_T1_ctrl,108,108,111.6,-0.2625788450241089,0.0196509558321533
UBFC_PHYS_s14_T1_ctrl,108,109,111.63333333333334,-1.3445202112197876,0.5700291638374559
UBFC_PHYS_s14_T1_ctrl,108,110,111.66666666666667,-2.517965793609619,1.005384836995879
UBFC_PHYS_s14_T1_ctrl,108,111,111.7,-3.5803050994873047,1.267404789797736
UBFC_PHYS_s14_T1_ctrl,108,112,111.73333333333333,-4.237085342407227,1.3423437824683684
UBFC_PHYS_s14_T1_ctrl,108,113,111.76666666666667,-4.085930347442627,1.2548669945136648
UBFC_PHYS_s14_T1_ctrl,108,114,111.8,-3.163001775741577,1.051423784277014
UBFC_PHYS_s14_T1_ctrl,108,115,111.83333333333333,-2.046081066131592,0.7818599427686889
UBFC_PHYS_s14_T1_ctrl,108,116,111.86666666666666,-1.1583573818206787,0.4862189545173029
UBFC_PHYS_s14_T1_ctrl,108,117,111.9,-0.5142789483070374,0.18950958041265387
UBFC_PHYS_s14_T1_ctrl,108,118,111.93333333333334,-0.0824148952960968,-0.09651459943907448
UBFC_PHYS_s14_T1_ctrl,108,119,111.96666666666667,0.07611925899982452,-0.3675167196255354
UBFC_PHYS_s14_T1_ctrl,108,120,112.0,0.07099343836307526,-0.6199275691555004
UBFC_PHYS_s14_T1_ctrl,108,121,112.03333333333333,0.18046621978282928,-0.8459119418571464
UBFC_PHYS_s14_T1_ctrl,108,122,112.06666666666666,0.44591024518013,-1.0311917138113602
UBFC_PHYS_s14_T1_ctrl,108,123,112.1,0.6054864525794983,-1.1559976387413928
UBFC_PHYS_s14_T1_ctrl,108,124,112.13333333333334,0.4628085196018219,-1.1988171240478986
UBFC_PHYS_s14_T1_ctrl,108,125,112.16666666666667,0.1152106449007988,-1.142046024836448
UBFC_PHYS_s14_T1_ctrl,108,126,112.2,-0.14268547296524048,-0.9779573967773547
UBFC_PHYS_s14_T1_ctrl,108,127,112.23333333333333,-0.11967562884092331,-0.7130523705034257
UBFC_PHYS_s14_T1_ctrl,108,128,112.26666666666667,-0.07948585599660873,-0.3693227334545362
UBFC_PHYS_s14_T1_ctrl,108,129,112.3,-0.46282362937927246,0.018038993211245653
UBFC_PHYS_s14_T1_ctrl,108,130,112.33333333333333,-1.0862579345703125,0.4059442512551326
UBFC_PHYS_s14_T1_ctrl,108,131,112.36666666666666,-1.3311986923217773,0.7504714872615394
UBFC_PHYS_s14_T1_ctrl,108,132,112.4,-0.9929230809211731,1.0140789451592724
UBFC_PHYS_s14_T1_ctrl,108,133,112.43333333333334,-0.35650521516799927,1.1714034669659161
UBFC_PHYS_s14_T1_ctrl,108,134,112.46666666666667,0.3580109477043152,1.212480861423643
UBFC_PHYS_s14_T1_ctrl,108,135,112.5,1.0570088624954224,1.1428301774789535
UBFC_PHYS_s14_T1_ctrl,108,136,112.53333333333333,1.5146145820617676,0.9805293180739173
UBFC_PHYS_s14_T1_ctrl,108,137,112.56666666666666,1.6300299167633057,0.7511462035997479
UBFC_PHYS_s14_T1_ctrl,108,138,112.6,1.6568137407302856,0.48207567891756253
UBFC_PHYS_s14_T1_ctrl,108,139,112.63333333333334,1.929298758506775,0.1981460733517062
UBFC_PHYS_s14_T1_ctrl,108,140,112.66666666666667,2.4916739463806152,-0.08004277713623828
UBFC_PHYS_s14_T1_ctrl,108,141,112.7,3.02329421043396,-0.3348169708545775
UBFC_PHYS_s14_T1_ctrl,108,142,112.73333333333333,3.105701446533203,-0.5485881956697783
UBFC_PHYS_s14_T1_ctrl,108,143,112.76666666666667,2.6379003524780273,-0.701993371012518
UBFC_PHYS_s14_T1_ctrl,108,144,112.8,1.9484782218933105,-0.7752123651269265
UBFC_PHYS_s14_T1_ctrl,108,145,112.83333333333333,1.3918766975402832,-0.7529904862669647
UBFC_PHYS_s14_T1_ctrl,108,146,112.86666666666666,1.039828896522522,-0.631673388118456
UBFC_PHYS_s14_T1_ctrl,108,147,112.9,0.7054398655891418,-0.42494207088577113
UBFC_PHYS_s14_T1_ctrl,108,148,112.93333333333334,0.15875190496444702,-0.1648647779519905
UBFC_PHYS_s14_T1_ctrl,108,149,112.96666666666667,-0.5259669423103333,0.1033913582786233
UBFC_PHYS_s14_T1_ctrl,108,150,113.0,-0.9222037196159363,0.33196383289959713
UBFC_PHYS_s14_T1_ctrl,108,151,113.03333333333333,-0.6613785624504089,0.4819952702809893
UBFC_PHYS_s14_T1_ctrl,108,152,113.06666666666666,0.08623006939888,0.5319816204556931
UBFC_PHYS_s14_T1_ctrl,108,153,113.1,0.8527084589004517,0.47972165244602427
UBFC_PHYS_s14_T1_ctrl,108,154,113.13333333333334,1.2790242433547974,0.3381669797869257
UBFC_PHYS_s14_T1_ctrl,108,155,113.16666666666667,1.3109056949615479,0.12839219791883624
UBFC_PHYS_s14_T1_ctrl,108,156,113.2,1.1316993236541748,-0.12640586112469948
UBFC_PHYS_s14_T1_ctrl,108,157,113.23333333333333,0.9649976491928101,-0.403264381392752
UBFC_PHYS_s14_T1_ctrl,108,158,113.26666666666667,0.9116553664207458,-0.6776798499565453
UBFC_PHYS_s14_T1_ctrl,108,159,113.3,0.9404950737953186,-0.9195408856084869
UBFC_PHYS_s14_T1_ctrl,108,160,113.33333333333333,0.9819522500038147,-1.0904834254630755
UBFC_PHYS_s14_T1_ctrl,108,161,113.36666666666666,0.9326373934745789,-1.1466259644486396
UBFC_PHYS_s14_T1_ctrl,108,162,113.4,0.6824581623077393,-1.0485355773836764
UBFC_PHYS_s14_T1_ctrl,108,163,113.43333333333334,0.2271054983139038,-0.7765142998252906
UBFC_PHYS_s14_T1_ctrl,108,164,113.46666666666667,-0.3219200372695923,-0.3454898032920286
UBFC_PHYS_s14_T1_ctrl,108,165,113.5,-0.8850274682044983,0.18833792882124256
UBFC_PHYS_s14_T1_ctrl,108,166,113.53333333333333,-1.4682438373565674,0.7356701425547834
UBFC_PHYS_s14_T1_ctrl,108,167,113.56666666666666,-2.1010005474090576,1.197561196540553
UBFC_PHYS_s14_T1_ctrl,108,168,113.6,-2.7593016624450684,1.495482355969938
UBFC_PHYS_s14_T1_ctrl,108,169,113.63333333333334,-3.2143163681030273,1.5941014917385212
UBFC_PHYS_s14_T1_ctrl,108,170,113.66666666666667,-3.078566789627075,1.5065927945783744
UBFC_PHYS_s14_T1_ctrl,108,171,113.7,-2.2578446865081787,1.2817498099523907
UBFC_PHYS_s14_T1_ctrl,108,172,113.73333333333333,-1.1555973291397095,0.980706984490164
UBFC_PHYS_s14_T1_ctrl,108,173,113.76666666666667,-0.24227274954319,0.654473439021348
UBFC_PHYS_s14_T1_ctrl,108,174,113.8,0.31568071246147156,0.33106516501378735
UBFC_PHYS_s14_T1_ctrl,108,175,113.83333333333333,0.5417517423629761,0.015378874273770951
UBFC_PHYS_s14_T1_ctrl,108,176,113.86666666666666,0.5197557806968689,-0.30045036266229663
UBFC_PHYS_s14_T1_ctrl,108,177,113.9,0.4080298840999603,-0.6217673763878621
UBFC_PHYS_s14_T1_ctrl,108,178,113.93333333333334,0.35195571184158325,-0.9376548392320846
UBFC_PHYS_s14_T1_ctrl,108,179,113.96666666666667,0.3763737678527832,-1.214309617721949
UBFC_PHYS_s14_T1_ctrl,108,180,114.0,0.4068470001220703,-1.3990573302508449
UBFC_PHYS_s14_T1_ctrl,108,181,114.03333333333333,0.3435065746307373,-1.4352243042821966
UBFC_PHYS_s14_T1_ctrl,108,182,114.06666666666666,0.10856398195028305,-1.2837660325060352
UBFC_PHYS_s14_T1_ctrl,108,183,114.1,-0.30566951632499695,-0.9436865591333197
UBFC_PHYS_s14_T1_ctrl,108,184,114.13333333333334,-0.7738085389137268,-0.4619350039429048
UBFC_PHYS_s14_T1_ctrl,108,185,114.16666666666667,-1.1485000848770142,0.0737642249414516
UBFC_PHYS_s14_T1_ctrl,108,186,114.2,-1.45771062374115,0.558889431820551
UBFC_PHYS_s14_T1_ctrl,108,187,114.23333333333333,-1.8571299314498901,0.9043969618301263
UBFC_PHYS_s14_T1_ctrl,108,188,114.26666666666667,-2.3435473442077637,1.0633592568490744
UBFC_PHYS_s14_T1_ctrl,108,189,114.3,-2.5870234966278076,1.0398697957339889
UBFC_PHYS_s14_T1_ctrl,108,190,114.33333333333333,-2.2318215370178223,0.8776176825907295
UBFC_PHYS_s14_T1_ctrl,108,191,114.36666666666666,-1.3220173120498657,0.636189548816933
UBFC_PHYS_s14_T1_ctrl,108,192,114.4,-0.2889401912689209,0.36782777899917124
UBFC_PHYS_s14_T1_ctrl,108,193,114.43333333333334,0.48004478216171265,0.10475474524976781
UBFC_PHYS_s14_T1_ctrl,108,194,114.46666666666667,0.8699447512626648,-0.13980155962311258
UBFC_PHYS_s14_T1_ctrl,108,195,114.5,0.9121059775352478,-0.360924715605641
UBFC_PHYS_s14_T1_ctrl,108,196,114.53333333333333,0.7253516912460327,-0.5496735153771874
UBFC_PHYS_s14_T1_ctrl,108,197,114.56666666666666,0.5331898927688599,-0.6866496809332193
UBFC_PHYS_s14_T1_ctrl,108,198,114.6,0.470891535282135,-0.745086098102015
UBFC_PHYS_s14_T1_ctrl,108,199,114.63333333333334,0.48232606053352356,-0.7018743607523229
UBFC_PHYS_s14_T1_ctrl,108,200,114.66666666666667,0.44205179810523987,-0.5508981911592998
UBFC_PHYS_s14_T1_ctrl,108,201,114.7,0.31069573760032654,-0.31159105010294397
UBFC_PHYS_s14_T1_ctrl,108,202,114.73333333333333,0.1268986314535141,-0.02738020611575808
UBFC_PHYS_s14_T1_ctrl,108,203,114.76666666666667,-0.08892073482275009,0.24642649399521235
UBFC_PHYS_s14_T1_ctrl,108,204,114.8,-0.3667568266391754,0.4596569908414598
UBFC_PHYS_s14_T1_ctrl,108,205,114.83333333333333,-0.753220796585083,0.5807011120052143
UBFC_PHYS_s14_T1_ctrl,108,206,114.86666666666666,-1.2090522050857544,0.6008737798414145
UBFC_PHYS_s14_T1_ctrl,108,207,114.9,-1.503758430480957,0.5301094166461257
UBFC_PHYS_s14_T1_ctrl,108,208,114.93333333333334,-1.355391502380371,0.38850601141696217
UBFC_PHYS_s14_T1_ctrl,108,209,114.96666666666667,-0.740040123462677,0.19901258091029833
UBFC_PHYS_s14_T1_ctrl,108,210,115.0,0.058742180466651917,-0.015394590284342579
UBFC_PHYS_s14_T1_ctrl,108,211,115.03333333333333,0.7099460363388062,-0.23008369566647827
UBFC_PHYS_s14_T1_ctrl,108,212,115.06666666666666,1.0516576766967773,-0.4158418333968777
UBFC_PHYS_s14_T1_ctrl,108,213,115.1,1.0741605758666992,-0.5388631914684735
UBFC_PHYS_s14_T1_ctrl,108,214,115.13333333333334,0.8876034617424011,-0.5661466535479567
UBFC_PHYS_s14_T1_ctrl,108,215,115.16666666666667,0.6884852051734924,-0.47552345829365555
UBFC_PHYS_s14_T1_ctrl,108,216,115.2,0.6007549166679382,-0.26658089728168505
UBFC_PHYS_s14_T1_ctrl,108,217,115.23333333333333,0.5495530962944031,0.032776886597430485
UBFC_PHYS_s14_T1_ctrl,108,218,115.26666666666667,0.42149218916893005,0.36879743433000634
UBFC_PHYS_s14_T1_ctrl,108,219,115.3,0.2573816180229187,0.6746614441319386
UBFC_PHYS_s14_T1_ctrl,108,220,115.33333333333333,0.09521432965993881,0.8895113742039146
UBFC_PHYS_s14_T1_ctrl,108,221,115.36666666666666,-0.17476406693458557,0.9756625749058411
UBFC_PHYS_s14_T1_ctrl,108,222,115.4,-0.6438888311386108,0.926368193082068
UBFC_PHYS_s14_T1_ctrl,108,223,115.43333333333334,-1.18711256980896,0.7614673156682894
UBFC_PHYS_s14_T1_ctrl,108,224,115.46666666666667,-1.4844380617141724,0.5149416857115005
UBFC_PHYS_s14_T1_ctrl,108,225,115.5,-1.255100131034851,0.22232612267437088
UBFC_PHYS_s14_T1_ctrl,108,226,115.53333333333333,-0.5655652284622192,-0.08564782807083116
UBFC_PHYS_s14_T1_ctrl,108,227,115.56666666666666,0.15545673668384552,-0.38187122642378657
UBFC_PHYS_s14_T1_ctrl,108,228,115.6,0.6069228053092957,-0.6376217416487913
UBFC_PHYS_s14_T1_ctrl,108,229,115.63333333333334,0.7787221074104309,-0.8190590493036606
UBFC_PHYS_s14_T1_ctrl,108,230,115.66666666666667,0.7397434115409851,-0.89041822579671
UBFC_PHYS_s14_T1_ctrl,108,231,115.7,0.5451595187187195,-0.8252087001224365
UBFC_PHYS_s14_T1_ctrl,108,232,115.73333333333333,0.3313398063182831,-0.6216478506954576
UBFC_PHYS_s14_T1_ctrl,108,233,115.76666666666667,0.22124743461608887,-0.31452783194373407
UBFC_PHYS_s14_T1_ctrl,108,234,115.8,0.1543865203857422,0.024833631322864095
UBFC_PHYS_s14_T1_ctrl,108,235,115.83333333333333,0.03269064426422119,0.30476083264201587
UBFC_PHYS_s14_T1_ctrl,108,236,115.86666666666666,-0.11364857107400894,0.4420205234675027
UBFC_PHYS_s14_T1_ctrl,108,237,115.9,-0.246272012591362,0.3924701940943779
UBFC_PHYS_s14_T1_ctrl,108,238,115.93333333333334,-0.46392202377319336,0.17017571753048538
UBFC_PHYS_s14_T1_ctrl,108,239,115.96666666666667,-0.8854217529296875,-0.1542147256301486
UBFC_PHYS_s14_T1_ctrl,109,0,109.0,-0.12756149470806122,0.06086360146429211
UBFC_PHYS_s14_T1_ctrl,109,1,109.03333333333333,-0.41286101937294006,0.4363046974379011
UBFC_PHYS_s14_T1_ctrl,109,2,109.06666666666666,-0.7089472413063049,0.773547879055495
UBFC_PHYS_s14_T1_ctrl,109,3,109.1,-1.1621594429016113,1.0411972959826998
UBFC_PHYS_s14_T1_ctrl,109,4,109.13333333333334,-1.7425312995910645,1.2136316937069054
UBFC_PHYS_s14_T1_ctrl,109,5,109.16666666666667,-2.181126594543457,1.2761204165744315
UBFC_PHYS_s14_T1_ctrl,109,6,109.2,-2.150456190109253,1.2285018061942516
UBFC_PHYS_s14_T1_ctrl,109,7,109.23333333333333,-1.542230248451233,1.0847255807421758
UBFC_PHYS_s14_T1_ctrl,109,8,109.26666666666667,-0.6005728840827942,0.8679718510842859
UBFC_PHYS_s14_T1_ctrl,109,9,109.3,0.2911781966686249,0.6036595331232383
UBFC_PHYS_s14_T1_ctrl,109,10,109.33333333333333,0.9470291137695312,0.3134797089321481
UBFC_PHYS_s14_T1_ctrl,109,11,109.36666666666666,1.3750628232955933,0.01269876133317898
UBFC_PHYS_s14_T1_ctrl,109,12,109.4,1.6234396696090698,-0.2885760509556018
UBFC_PHYS_s14_T1_ctrl,109,13,109.43333333333334,1.7383761405944824,-0.581023262285255
UBFC_PHYS_s14_T1_ctrl,109,14,109.46666666666667,1.7827622890472412,-0.8506754465299423
UBFC_PHYS_s14_T1_ctrl,109,15,109.5,1.8170095682144165,-1.0750514098077775
UBFC_PHYS_s14_T1_ctrl,109,16,109.53333333333333,1.8468914031982422,-1.2232260641805255
UBFC_PHYS_s14_T1_ctrl,109,17,109.56666666666666,1.806110143661499,-1.261037046783411
UBFC_PHYS_s14_T1_ctrl,109,18,109.6,1.605780839920044,-1.1607277065855124
UBFC_PHYS_s14_T1_ctrl,109,19,109.63333333333334,1.225343942642212,-0.9123623734759073
UBFC_PHYS_s14_T1_ctrl,109,20,109.66666666666667,0.7572049498558044,-0.5330257814336278
UBFC_PHYS_s14_T1_ctrl,109,21,109.7,0.30528828501701355,-0.06944475445513044
UBFC_PHYS_s14_T1_ctrl,109,22,109.73333333333333,-0.12094300240278244,0.4092140696154716
UBFC_PHYS_s14_T1_ctrl,109,23,109.76666666666667,-0.5867162942886353,0.8278606662308059
UBFC_PHYS_s14_T1_ctrl,109,24,109.8,-1.0559537410736084,1.1252696328611222
UBFC_PHYS_s14_T1_ctrl,109,25,109.83333333333333,-1.2398916482925415,1.2685103476255402
UBFC_PHYS_s14_T1_ctrl,109,26,109.86666666666666,-0.8428380489349365,1.2568119772190127
UBFC_PHYS_s14_T1_ctrl,109,27,109.9,0.03297228366136551,1.1155184363358448
UBFC_PHYS_s14_T1_ctrl,109,28,109.93333333333334,0.9909646511077881,0.8842262866377014
UBFC_PHYS_s14_T1_ctrl,109,29,109.96666666666667,1.7557532787322998,0.6037965672690254
UBFC_PHYS_s14_T1_ctrl,109,30,110.0,2.2149643898010254,0.3063067198006232
UBFC_PHYS_s14_T1_ctrl,109,31,110.03333333333333,2.2995965480804443,0.010627261360738457
UBFC_PHYS_s14_T1_ctrl,109,32,110.06666666666666,2.144385814666748,-0.2757646818499132
UBFC_PHYS_s14_T1_ctrl,109,33,110.1,1.9719668626785278,-0.5501603678286623
UBFC_PHYS_s14_T1_ctrl,109,34,110.13333333333334,1.8503555059432983,-0.805936369025343
UBFC_PHYS_s14_T1_ctrl,109,35,110.16666666666667,1.7402631044387817,-1.0252470556100566
UBFC_PHYS_s14_T1_ctrl,109,36,110.2,1.632057785987854,-1.176623355656565
UBFC_PHYS_s14_T1_ctrl,109,37,110.23333333333333,1.498955488204956,-1.2199349114772406
UBFC_PHYS_s14_T1_ctrl,109,38,110.26666666666667,1.2842345237731934,-1.118583566029293
UBFC_PHYS_s14_T1_ctrl,109,39,110.3,0.9691377282142639,-0.8554921678730718
UBFC_PHYS_s14_T1_ctrl,109,40,110.33333333333333,0.563860297203064,-0.44682425323349545
UBFC_PHYS_s14_T1_ctrl,109,41,110.36666666666666,0.08079445362091064,0.05340003006626624
UBFC_PHYS_s14_T1_ctrl,109,42,110.4,-0.4689915180206299,0.5625112196939869
UBFC_PHYS_s14_T1_ctrl,109,43,110.43333333333334,-1.0585166215896606,0.9911546928560012
UBFC_PHYS_s14_T1_ctrl,109,44,110.46666666666667,-1.535048484802246,1.269364229538113
UBFC_PHYS_s14_T1_ctrl,109,45,110.5,-1.6023600101470947,1.364664540739146
UBFC_PHYS_s14_T1_ctrl,109,46,110.53333333333333,-1.1105915307998657,1.2846624135219502
UBFC_PHYS_s14_T1_ctrl,109,47,110.56666666666666,-0.35430842638015747,1.065273025514308
UBFC_PHYS_s14_T1_ctrl,109,48,110.6,0.28053227066993713,0.7522510380616032
UBFC_PHYS_s14_T1_ctrl,109,49,110.63333333333334,0.6506330370903015,0.38528018475462916
UBFC_PHYS_s14_T1_ctrl,109,50,110.66666666666667,0.7546702027320862,-0.009004930806811084
UBFC_PHYS_s14_T1_ctrl,109,51,110.7,0.549975574016571,-0.4137754551765975
UBFC_PHYS_s14_T1_ctrl,109,52,110.73333333333333,0.13686862587928772,-0.8119496859822828
UBFC_PHYS_s14_T1_ctrl,109,53,110.76666666666667,-0.15217667818069458,-1.175477377991329
UBFC_PHYS_s14_T1_ctrl,109,54,110.8,-0.15282444655895233,-1.460351541290368
UBFC_PHYS_s14_T1_ctrl,109,55,110.83333333333333,-0.08475249260663986,-1.6114610132852403
UBFC_PHYS_s14_T1_ctrl,109,56,110.86666666666666,-0.17636939883232117,-1.5773096365468797
UBFC_PHYS_s14_T1_ctrl,109,57,110.9,-0.41086137294769287,-1.3300438091087368
UBFC_PHYS_s14_T1_ctrl,109,58,110.93333333333334,-0.6518310308456421,-0.8827997441684731
UBFC_PHYS_s14_T1_ctrl,109,59,110.96666666666667,-0.7936640381813049,-0.2956529287209779
UBFC_PHYS_s14_T1_ctrl,109,60,111.0,-0.8060279488563538,0.3354080551657857
UBFC_PHYS_s14_T1_ctrl,109,61,111.03333333333333,-0.795128583908081,0.9046603879031907
UBFC_PHYS_s14_T1_ctrl,109,62,111.06666666666666,-0.943861722946167,1.3272120270245704
UBFC_PHYS_s14_T1_ctrl,109,63,111.1,-1.2317804098129272,1.5596802624255632
UBFC_PHYS_s14_T1_ctrl,109,64,111.13333333333334,-1.340070366859436,1.602708919419585
UBFC_PHYS_s14_T1_ctrl,109,65,111.16666666666667,-1.0004991292953491,1.4874597108874505
UBFC_PHYS_s14_T1_ctrl,109,66,111.2,-0.35061895847320557,1.2553634239979157
UBFC_PHYS_s14_T1_ctrl,109,67,111.23333333333333,0.2613527178764343,0.9415011118546747
UBFC_PHYS_s14_T1_ctrl,109,68,111.26666666666667,0.7038626670837402,0.5681792504799833
UBFC_PHYS_s14_T1_ctrl,109,69,111.3,1.0406174659729004,0.14939103975114876
UBFC_PHYS_s14_T1_ctrl,109,70,111.33333333333333,1.2288081645965576,-0.29813019073393154
UBFC_PHYS_s14_T1_ctrl,109,71,111.36666666666666,1.2073472738265991,-0.7439297310798841
UBFC_PHYS_s14_T1_ctrl,109,72,111.4,1.097987174987793,-1.1390318497493745
UBFC_PHYS_s14_T1_ctrl,109,73,111.43333333333334,1.056304693222046,-1.420798968839989
UBFC_PHYS_s14_T1_ctrl,109,74,111.46666666666667,1.0723581314086914,-1.527365229249921
UBFC_PHYS_s14_T1_ctrl,109,75,111.5,1.0536291599273682,-1.4177429212550026
UBFC_PHYS_s14_T1_ctrl,109,76,111.53333333333333,0.9107259511947632,-1.0904294065753317
UBFC_PHYS_s14_T1_ctrl,109,77,111.56666666666666,0.5120670795440674,-0.5921052213704193
UBFC_PHYS_s14_T1_ctrl,109,78,111.6,-0.2625788450241089,-0.01031870648165359
UBFC_PHYS_s14_T1_ctrl,109,79,111.63333333333334,-1.3445202112197876,0.5494946053111656
UBFC_PHYS_s14_T1_ctrl,109,80,111.66666666666667,-2.517965793609619,0.9939414089132855
UBFC_PHYS_s14_T1_ctrl,109,81,111.7,-3.5803050994873047,1.2655093231925842
UBFC_PHYS_s14_T1_ctrl,109,82,111.73333333333333,-4.237085342407227,1.3509491419481612
UBFC_PHYS_s14_T1_ctrl,109,83,111.76666666666667,-4.085930347442627,1.273317725909247
UBFC_PHYS_s14_T1_ctrl,109,84,111.8,-3.163001775741577,1.0741635282727964
UBFC_PHYS_s14_T1_ctrl,109,85,111.83333333333333,-2.046081066131592,0.79522903673167
UBFC_PHYS_s14_T1_ctrl,109,86,111.86666666666666,-1.1583573818206787,0.46712284117745806
UBFC_PHYS_s14_T1_ctrl,109,87,111.9,-0.5142789483070374,0.10768407442984677
UBFC_PHYS_s14_T1_ctrl,109,88,111.93333333333334,-0.0824148952960968,-0.27194002385444455
UBFC_PHYS_s14_T1_ctrl,109,89,111.96666666666667,0.07611925899982452,-0.6581208247431477
UBFC_PHYS_s14_T1_ctrl,109,90,112.0,0.07099343836307526,-1.0271361491927689
UBFC_PHYS_s14_T1_ctrl,109,91,112.03333333333333,0.18046621978282928,-1.3423079503649438
UBFC_PHYS_s14_T1_ctrl,109,92,112.06666666666666,0.44591024518013,-1.5573909055646473
UBFC_PHYS_s14_T1_ctrl,109,93,112.1,0.6054864525794983,-1.6259332625683571
UBFC_PHYS_s14_T1_ctrl,109,94,112.13333333333334,0.4628085196018219,-1.5143070321984986
UBFC_PHYS_s14_T1_ctrl,109,95,112.16666666666667,0.1152106449007988,-1.2144480738871388
UBFC_PHYS_s14_T1_ctrl,109,96,112.2,-0.14268547296524048,-0.751803261335055
UBFC_PHYS_s14_T1_ctrl,109,97,112.23333333333333,-0.11967562884092331,-0.18467836818687267
UBFC_PHYS_s14_T1_ctrl,109,98,112.26666666666667,-0.07948585599660873,0.4067542290682842
UBFC_PHYS_s14_T1_ctrl,109,99,112.3,-0.46282362937927246,0.9394923591970911
UBFC_PHYS_s14_T1_ctrl,109,100,112.33333333333333,-1.0862579345703125,1.3475988959970455
UBFC_PHYS_s14_T1_ctrl,109,101,112.36666666666666,-1.3311986923217773,1.5943496987146486
UBFC_PHYS_s14_T1_ctrl,109,102,112.4,-0.9929230809211731,1.6726187697337878
UBFC_PHYS_s14_T1_ctrl,109,103,112.43333333333334,-0.35650521516799927,1.5963801687924088
UBFC_PHYS_s14_T1_ctrl,109,104,112.46666666666667,0.3580109477043152,1.3900258129263117
UBFC_PHYS_s14_T1_ctrl,109,105,112.5,1.0570088624954224,1.0810668764886822
UBFC_PHYS_s14_T1_ctrl,109,106,112.53333333333333,1.5146145820617676,0.6974796717613116
UBFC_PHYS_s14_T1_ctrl,109,107,112.56666666666666,1.6300299167633057,0.26764927248961207
UBFC_PHYS_s14_T1_ctrl,109,108,112.6,1.6568137407302856,-0.1788811385430585
UBFC_PHYS_s14_T1_ctrl,109,109,112.63333333333334,1.929298758506775,-0.6101307745301255
UBFC_PHYS_s14_T1_ctrl,109,110,112.66666666666667,2.4916739463806152,-0.9903436896593231
UBFC_PHYS_s14_T1_ctrl,109,111,112.7,3.02329421043396,-1.2802135260742928
UBFC_PHYS_s14_T1_ctrl,109,112,112.73333333333333,3.105701446533203,-1.440373778574035
UBFC_PHYS_s14_T1_ctrl,109,113,112.76666666666667,2.6379003524780273,-1.4386499313030916
UBFC_PHYS_s14_T1_ctrl,109,114,112.8,1.9484782218933105,-1.2598142407441533
UBFC_PHYS_s14_T1_ctrl,109,115,112.83333333333333,1.3918766975402832,-0.9147858139276996
UBFC_PHYS_s14_T1_ctrl,109,116,112.86666666666666,1.039828896522522,-0.4450544611159537
UBFC_PHYS_s14_T1_ctrl,109,117,112.9,0.7054398655891418,0.08126460103821283
UBFC_PHYS_s14_T1_ctrl,109,118,112.93333333333334,0.15875190496444702,0.5824009423018582
UBFC_PHYS_s14_T1_ctrl,109,119,112.96666666666667,-0.5259669423103333,0.9814501874505032
UBFC_PHYS_s14_T1_ctrl,109,120,113.0,-0.9222037196159363,1.2238272648093556
UBFC_PHYS_s14_T1_ctrl,109,121,113.03333333333333,-0.6613785624504089,1.2870990551902972
UBFC_PHYS_s14_T1_ctrl,109,122,113.06666666666666,0.08623006939888,1.180383120298821
UBFC_PHYS_s14_T1_ctrl,109,123,113.1,0.8527084589004517,0.9353606046527483
UBFC_PHYS_s14_T1_ctrl,109,124,113.13333333333334,1.2790242433547974,0.5939073064835947
UBFC_PHYS_s14_T1_ctrl,109,125,113.16666666666667,1.3109056949615479,0.19754935932394335
UBFC_PHYS_s14_T1_ctrl,109,126,113.2,1.1316993236541748,-0.21788095016830758
UBFC_PHYS_s14_T1_ctrl,109,127,113.23333333333333,0.9649976491928101,-0.6217262370631731
UBFC_PHYS_s14_T1_ctrl,109,128,113.26666666666667,0.9116553664207458,-0.9839811569849684
UBFC_PHYS_s14_T1_ctrl,109,129,113.3,0.9404950737953186,-1.2703259414093664
UBFC_PHYS_s14_T1_ctrl,109,130,113.33333333333333,0.9819522500038147,-1.4407624859438117
UBFC_PHYS_s14_T1_ctrl,109,131,113.36666666666666,0.9326373934745789,-1.4547737144080415
UBFC_PHYS_s14_T1_ctrl,109,132,113.4,0.6824581623077393,-1.2831644929823784
UBFC_PHYS_s14_T1_ctrl,109,133,113.43333333333334,0.2271054983139038,-0.9230461615887725
UBFC_PHYS_s14_T1_ctrl,109,134,113.46666666666667,-0.3219200372695923,-0.4093002387976591
UBFC_PHYS_s14_T1_ctrl,109,135,113.5,-0.8850274682044983,0.1846541601391415
UBFC_PHYS_s14_T1_ctrl,109,136,113.53333333333333,-1.4682438373565674,0.7605589583434161
UBFC_PHYS_s14_T1_ctrl,109,137,113.56666666666666,-2.1010005474090576,1.2205655221954061
UBFC_PHYS_s14_T1_ctrl,109,138,113.6,-2.7593016624450684,1.4942333202583136
UBFC_PHYS_s14_T1_ctrl,109,139,113.63333333333334,-3.2143163681030273,1.5554942948975174
UBFC_PHYS_s14_T1_ctrl,109,140,113.66666666666667,-3.078566789627075,1.4231164416456772
UBFC_PHYS_s14_T1_ctrl,109,141,113.7,-2.2578446865081787,1.1467061356594537
UBFC_PHYS_s14_T1_ctrl,109,142,113.73333333333333,-1.1555973291397095,0.7861701290291072
UBFC_PHYS_s14_T1_ctrl,109,143,113.76666666666667,-0.24227274954319,0.39366637716110425
UBFC_PHYS_s14_T1_ctrl,109,144,113.8,0.31568071246147156,0.0042653008629021435
UBFC_PHYS_s14_T1_ctrl,109,145,113.83333333333333,0.5417517423629761,-0.36304057873477985
UBFC_PHYS_s14_T1_ctrl,109,146,113.86666666666666,0.5197557806968689,-0.6965502755147284
UBFC_PHYS_s14_T1_ctrl,109,147,113.9,0.4080298840999603,-0.9806013000091444
UBFC_PHYS_s14_T1_ctrl,109,148,113.93333333333334,0.35195571184158325,-1.1879893909206753
UBFC_PHYS_s14_T1_ctrl,109,149,113.96666666666667,0.3763737678527832,-1.2807605876905588
UBFC_PHYS_s14_T1_ctrl,109,150,114.0,0.4068470001220703,-1.2205693942437912
UBFC_PHYS_s14_T1_ctrl,109,151,114.03333333333333,0.3435065746307373,-0.9854400146106665
UBFC_PHYS_s14_T1_ctrl,109,152,114.06666666666666,0.10856398195028305,-0.5862051283311062
UBFC_PHYS_s14_T1_ctrl,109,153,114.1,-0.30566951632499695,-0.07448631588261052
UBFC_PHYS_s14_T1_ctrl,109,154,114.13333333333334,-0.7738085389137268,0.46402508917193563
UBFC_PHYS_s14_T1_ctrl,109,155,114.16666666666667,-1.1485000848770142,0.9311431652825055
UBFC_PHYS_s14_T1_ctrl,109,156,114.2,-1.45771062374115,1.2444116655364532
UBFC_PHYS_s14_T1_ctrl,109,157,114.23333333333333,-1.8571299314498901,1.3593422181132648
UBFC_PHYS_s14_T1_ctrl,109,158,114.26666666666667,-2.3435473442077637,1.2767249000442213
UBFC_PHYS_s14_T1_ctrl,109,159,114.3,-2.5870234966278076,1.034344180740696
UBFC_PHYS_s14_T1_ctrl,109,160,114.33333333333333,-2.2318215370178223,0.6891753460848973
UBFC_PHYS_s14_T1_ctrl,109,161,114.36666666666666,-1.3220173120498657,0.29866332703276
UBFC_PHYS_s14_T1_ctrl,109,162,114.4,-0.2889401912689209,-0.0917877940319581
UBFC_PHYS_s14_T1_ctrl,109,163,114.43333333333334,0.48004478216171265,-0.4519554169014711
UBFC_PHYS_s14_T1_ctrl,109,164,114.46666666666667,0.8699447512626648,-0.761886041757647
UBFC_PHYS_s14_T1_ctrl,109,165,114.5,0.9121059775352478,-1.003528945316113
UBFC_PHYS_s14_T1_ctrl,109,166,114.53333333333333,0.7253516912460327,-1.1545765013218479
UBFC_PHYS_s14_T1_ctrl,109,167,114.56666666666666,0.5331898927688599,-1.1888151363603723
UBFC_PHYS_s14_T1_ctrl,109,168,114.6,0.470891535282135,-1.0840755554742971
UBFC_PHYS_s14_T1_ctrl,109,169,114.63333333333334,0.48232606053352356,-0.8349124550590284
UBFC_PHYS_s14_T1_ctrl,109,170,114.66666666666667,0.44205179810523987,-0.46395567105289276
UBFC_PHYS_s14_T1_ctrl,109,171,114.7,0.31069573760032654,-0.025078357298019126
UBFC_PHYS_s14_T1_ctrl,109,172,114.73333333333333,0.1268986314535141,0.4058265770112053
UBFC_PHYS_s14_T1_ctrl,109,173,114.76666666666667,-0.08892073482275009,0.750756283658012
UBFC_PHYS_s14_T1_ctrl,109,174,114.8,-0.3667568266391754,0.9518742866890971
UBFC_PHYS_s14_T1_ctrl,109,175,114.83333333333333,-0.753220796585083,0.9857396605063845
UBFC_PHYS_s14_T1_ctrl,109,176,114.86666666666666,-1.2090522050857544,0.8641036173945701
UBFC_PHYS_s14_T1_ctrl,109,177,114.9,-1.503758430480957,0.6236324294543701
UBFC_PHYS_s14_T1_ctrl,109,178,114.93333333333334,-1.355391502380371,0.31145935946439646
UBFC_PHYS_s14_T1_ctrl,109,179,114.96666666666667,-0.740040123462677,-0.02662562077269401
UBFC_PHYS_s14_T1_ctrl,109,180,115.0,0.058742180466651917,-0.3516549035554673
UBFC_PHYS_s14_T1_ctrl,109,181,115.03333333333333,0.7099460363388062,-0.6309411992671412
UBFC_PHYS_s14_T1_ctrl,109,182,115.06666666666666,1.0516576766967773,-0.8348462966057544
UBFC_PHYS_s14_T1_ctrl,109,183,115.1,1.0741605758666992,-0.9351569509774617
UBFC_PHYS_s14_T1_ctrl,109,184,115.13333333333334,0.8876034617424011,-0.9081002668492438
UBFC_PHYS_s14_T1_ctrl,109,185,115.16666666666667,0.6884852051734924,-0.7421286480531231
UBFC_PHYS_s14_T1_ctrl,109,186,115.2,0.6007549166679382,-0.4472753507958426
UBFC_PHYS_s14_T1_ctrl,109,187,115.23333333333333,0.5495530962944031,-0.060671077381941135
UBFC_PHYS_s14_T1_ctrl,109,188,115.26666666666667,0.42149218916893005,0.3568190557861328
UBFC_PHYS_s14_T1_ctrl,109,189,115.3,0.2573816180229187,0.7340573188702345
UBFC_PHYS_s14_T1_ctrl,109,190,115.33333333333333,0.09521432965993881,1.0084839842001223
UBFC_PHYS_s14_T1_ctrl,109,191,115.36666666666666,-0.17476406693458557,1.1420053750534915
UBFC_PHYS_s14_T1_ctrl,109,192,115.4,-0.6438888311386108,1.1274037625811877
UBFC_PHYS_s14_T1_ctrl,109,193,115.43333333333334,-1.18711256980896,0.9841740422240465
UBFC_PHYS_s14_T1_ctrl,109,194,115.46666666666667,-1.4844380617141724,0.747651349135934
UBFC_PHYS_s14_T1_ctrl,109,195,115.5,-1.255100131034851,0.4572610969158623
UBFC_PHYS_s14_T1_ctrl,109,196,115.53333333333333,-0.5655652284622192,0.14838358183385933
UBFC_PHYS_s14_T1_ctrl,109,197,115.56666666666666,0.15545673668384552,-0.1505685989521224
UBFC_PHYS_s14_T1_ctrl,109,198,115.6,0.6069228053092957,-0.4166961248854385
UBFC_PHYS_s14_T1_ctrl,109,199,115.63333333333334,0.7787221074104309,-0.6290765380327753
UBFC_PHYS_s14_T1_ctrl,109,200,115.66666666666667,0.7397434115409851,-0.766113069869677
UBFC_PHYS_s14_T1_ctrl,109,201,115.7,0.5451595187187195,-0.806445370071311
UBFC_PHYS_s14_T1_ctrl,109,202,115.73333333333333,0.3313398063182831,-0.7345868440263008
UBFC_PHYS_s14_T1_ctrl,109,203,115.76666666666667,0.22124743461608887,-0.5498147548829231
UBFC_PHYS_s14_T1_ctrl,109,204,115.8,0.1543865203857422,-0.27398042118343124
UBFC_PHYS_s14_T1_ctrl,109,205,115.83333333333333,0.03269064426422119,0.0473060140812103
UBFC_PHYS_s14_T1_ctrl,109,206,115.86666666666666,-0.11364857107400894,0.35361639729635147
UBFC_PHYS_s14_T1_ctrl,109,207,115.9,-0.246272012591362,0.5868781743498969
UBFC_PHYS_s14_T1_ctrl,109,208,115.93333333333334,-0.46392202377319336,0.7087996970600045
UBFC_PHYS_s14_T1_ctrl,109,209,115.96666666666667,-0.8854217529296875,0.7093009134029311
UBFC_PHYS_s14_T1_ctrl,109,210,116.0,-1.4215482473373413,0.6026867021730642
UBFC_PHYS_s14_T1_ctrl,109,211,116.03333333333333,-1.7036089897155762,0.41601060196612755
UBFC_PHYS_s14_T1_ctrl,109,212,116.06666666666666,-1.4216327667236328,0.1770405402853742
UBFC_PHYS_s14_T1_ctrl,109,213,116.1,-0.6645047664642334,-0.0926636379241146
UBFC_PHYS_s14_T1_ctrl,109,214,116.13333333333334,0.21338972449302673,-0.37771582590363967
UBFC_PHYS_s14_T1_ctrl,109,215,116.16666666666667,0.9450576305389404,-0.6634765025042512
UBFC_PHYS_s14_T1_ctrl,109,216,116.2,1.3792592287063599,-0.9290092218624314
UBFC_PHYS_s14_T1_ctrl,109,217,116.23333333333333,1.4287149906158447,-1.14278959780319
UBFC_PHYS_s14_T1_ctrl,109,218,116.26666666666667,1.2123605012893677,-1.2645221231558295
UBFC_PHYS_s14_T1_ctrl,109,219,116.3,0.9953300356864929,-1.2541240478637157
UBFC_PHYS_s14_T1_ctrl,109,220,116.33333333333333,0.8664805889129639,-1.0859027950224376
UBFC_PHYS_s14_T1_ctrl,109,221,116.36666666666666,0.7189021706581116,-0.7628942469345641
UBFC_PHYS_s14_T1_ctrl,109,222,116.4,0.4926903545856476,-0.3245170655281862
UBFC_PHYS_s14_T1_ctrl,109,223,116.43333333333334,0.2730407118797302,0.15793814893565905
UBFC_PHYS_s14_T1_ctrl,109,224,116.46666666666667,0.12002665549516678,0.5983949959085858
UBFC_PHYS_s14_T1_ctrl,109,225,116.5,-0.10686109215021133,0.9198210959715055
UBFC_PHYS_s14_T1_ctrl,109,226,116.53333333333333,-0.6010516881942749,1.0752460218259703
UBFC_PHYS_s14_T1_ctrl,109,227,116.56666666666666,-1.228710651397705,1.057639216955499
UBFC_PHYS_s14_T1_ctrl,109,228,116.6,-1.5619730949401855,0.8960860124091728
UBFC_PHYS_s14_T1_ctrl,109,229,116.63333333333334,-1.292755126953125,0.6421064407190642
UBFC_PHYS_s14_T1_ctrl,109,230,116.66666666666667,-0.5367818474769592,0.3530591801055507
UBFC_PHYS_s14_T1_ctrl,109,231,116.7,0.34466129541397095,0.07874364335309116
UBFC_PHYS_s14_T1_ctrl,109,232,116.73333333333333,1.0895098447799683,-0.14578203710692347
UBFC_PHYS_s14_T1_ctrl,109,233,116.76666666666667,1.5445245504379272,-0.3013937989562238
UBFC_PHYS_s14_T1_ctrl,109,234,116.8,1.5933606624603271,-0.38221807916867484
UBFC_PHYS_s14_T1_ctrl,109,235,116.83333333333333,1.329493761062622,-0.3915249380093333
UBFC_PHYS_s14_T1_ctrl,109,236,116.86666666666666,1.0266200304031372,-0.3380386649529198
UBFC_PHYS_s14_T1_ctrl,109,237,116.9,0.8473010063171387,-0.23353131540848376
UBFC_PHYS_s14_T1_ctrl,109,238,116.93333333333334,0.7418838143348694,-0.091676254145863
UBFC_PHYS_s14_T1_ctrl,109,239,116.96666666666667,0.6313689947128296,0.07236769832989265
UBFC_PHYS_s14_T1_ctrl,110,0,110.0,2.2149643898010254,0.05710252846070281
UBFC_PHYS_s14_T1_ctrl,110,1,110.03333333333333,2.2995965480804443,0.050859499653819154
UBFC_PHYS_s14_T1_ctrl,110,2,110.06666666666666,2.144385814666748,-0.004911103023222424
UBFC_PHYS_s14_T1_ctrl,110,3,110.1,1.9719668626785278,-0.1389322638651686
UBFC_PHYS_s14_T1_ctrl,110,4,110.13333333333334,1.8503555059432983,-0.3461058053981257
UBFC_PHYS_s14_T1_ctrl,110,5,110.16666666666667,1.7402631044387817,-0.5846828279538462
UBFC_PHYS_s14_T1_ctrl,110,6,110.2,1.632057785987854,-0.7855889771319378
UBFC_PHYS_s14_T1_ctrl,110,7,110.23333333333333,1.498955488204956,-0.871717712631288
UBFC_PHYS_s14_T1_ctrl,110,8,110.26666666666667,1.2842345237731934,-0.782226792601616
UBFC_PHYS_s14_T1_ctrl,110,9,110.3,0.9691377282142639,-0.49520745258054333
UBFC_PHYS_s14_T1_ctrl,110,10,110.33333333333333,0.563860297203064,-0.041521123423079245
UBFC_PHYS_s14_T1_ctrl,110,11,110.36666666666666,0.08079445362091064,0.49649732492538934
UBFC_PHYS_s14_T1_ctrl,110,12,110.4,-0.4689915180206299,1.004456195536744
UBFC_PHYS_s14_T1_ctrl,110,13,110.43333333333334,-1.0585166215896606,1.3695705164668615
UBFC_PHYS_s14_T1_ctrl,110,14,110.46666666666667,-1.535048484802246,1.5161828063271985
UBFC_PHYS_s14_T1_ctrl,110,15,110.5,-1.6023600101470947,1.4274849414252728
UBFC_PHYS_s14_T1_ctrl,110,16,110.53333333333333,-1.1105915307998657,1.1442792499569245
UBFC_PHYS_s14_T1_ctrl,110,17,110.56666666666666,-0.35430842638015747,0.7432349129972654
UBFC_PHYS_s14_T1_ctrl,110,18,110.6,0.28053227066993713,0.3060339114015412
UBFC_PHYS_s14_T1_ctrl,110,19,110.63333333333334,0.6506330370903015,-0.10682439635852567
UBFC_PHYS_s14_T1_ctrl,110,20,110.66666666666667,0.7546702027320862,-0.46778280439607794
UBFC_PHYS_s14_T1_ctrl,110,21,110.7,0.549975574016571,-0.7771281644359692
UBFC_PHYS_s14_T1_ctrl,110,22,110.73333333333333,0.13686862587928772,-1.0456686137393578
UBFC_PHYS_s14_T1_ctrl,110,23,110.76666666666667,-0.15217667818069458,-1.2743480327626837
UBFC_PHYS_s14_T1_ctrl,110,24,110.8,-0.15282444655895233,-1.4409545715281853
UBFC_PHYS_s14_T1_ctrl,110,25,110.83333333333333,-0.08475249260663986,-1.5011611663977125
UBFC_PHYS_s14_T1_ctrl,110,26,110.86666666666666,-0.17636939883232117,-1.4049914261192538
UBFC_PHYS_s14_T1_ctrl,110,27,110.9,-0.41086137294769287,-1.12251316512486
UBFC_PHYS_s14_T1_ctrl,110,28,110.93333333333334,-0.6518310308456421,-0.6670463798728312
UBFC_PHYS_s14_T1_ctrl,110,29,110.96666666666667,-0.7936640381813049,-0.1033255296622972
UBFC_PHYS_s14_T1_ctrl,110,30,111.0,-0.8060279488563538,0.4665469238658584
UBFC_PHYS_s14_T1_ctrl,110,31,111.03333333333333,-0.795128583908081,0.9357452355084601
UBFC_PHYS_s14_T1_ctrl,110,32,111.06666666666666,-0.943861722946167,1.228975922242796
UBFC_PHYS_s14_T1_ctrl,110,33,111.1,-1.2317804098129272,1.3240323198140875
UBFC_PHYS_s14_T1_ctrl,110,34,111.13333333333334,-1.340070366859436,1.2492379939700884
UBFC_PHYS_s14_T1_ctrl,110,35,111.16666666666667,-1.0004991292953491,1.0612972605456739
UBFC_PHYS_s14_T1_ctrl,110,36,111.2,-0.35061895847320557,0.8169875892312526
UBFC_PHYS_s14_T1_ctrl,110,37,111.23333333333333,0.2613527178764343,0.5526307275168241
UBFC_PHYS_s14_T1_ctrl,110,38,111.26666666666667,0.7038626670837402,0.2792555981009733
UBFC_PHYS_s14_T1_ctrl,110,39,111.3,1.0406174659729004,-0.007225187703304516
UBFC_PHYS_s14_T1_ctrl,110,40,111.33333333333333,1.2288081645965576,-0.30844770306384545
UBFC_PHYS_s14_T1_ctrl,110,41,111.36666666666666,1.2073472738265991,-0.608734646259304
UBFC_PHYS_s14_T1_ctrl,110,42,111.4,1.097987174987793,-0.8705617837292117
UBFC_PHYS_s14_T1_ctrl,110,43,111.43333333333334,1.056304693222046,-1.0426274397529254
UBFC_PHYS_s14_T1_ctrl,110,44,111.46666666666667,1.0723581314086914,-1.077369107576764
UBFC_PHYS_s14_T1_ctrl,110,45,111.5,1.0536291599273682,-0.9508880264028617
UBFC_PHYS_s14_T1_ctrl,110,46,111.53333333333333,0.9107259511947632,-0.67674172248622
UBFC_PHYS_s14_T1_ctrl,110,47,111.56666666666666,0.5120670795440674,-0.3066022977160495
UBFC_PHYS_s14_T1_ctrl,110,48,111.6,-0.2625788450241089,0.08447329727778555
UBFC_PHYS_s14_T1_ctrl,110,49,111.63333333333334,-1.3445202112197876,0.4231698165302203
UBFC_PHYS_s14_T1_ctrl,110,50,111.66666666666667,-2.517965793609619,0.6617587374020425
UBFC_PHYS_s14_T1_ctrl,110,51,111.7,-3.5803050994873047,0.7887282701819767
UBFC_PHYS_s14_T1_ctrl,110,52,111.73333333333333,-4.237085342407227,0.8225551884097391
UBFC_PHYS_s14_T1_ctrl,110,53,111.76666666666667,-4.085930347442627,0.7948580937385009
UBFC_PHYS_s14_T1_ctrl,110,54,111.8,-3.163001775741577,0.7329175984250695
UBFC_PHYS_s14_T1_ctrl,110,55,111.83333333333333,-2.046081066131592,0.6491711080983216
UBFC_PHYS_s14_T1_ctrl,110,56,111.86666666666666,-1.1583573818206787,0.540599143538503
UBFC_PHYS_s14_T1_ctrl,110,57,111.9,-0.5142789483070374,0.39624318146632886
UBFC_PHYS_s14_T1_ctrl,110,58,111.93333333333334,-0.0824148952960968,0.20778181943565324
UBFC_PHYS_s14_T1_ctrl,110,59,111.96666666666667,0.07611925899982452,-0.022445603144981324
UBFC_PHYS_s14_T1_ctrl,110,60,112.0,0.07099343836307526,-0.2791546960791411
UBFC_PHYS_s14_T1_ctrl,110,61,112.03333333333333,0.18046621978282928,-0.5373574417770537
UBFC_PHYS_s14_T1_ctrl,110,62,112.06666666666666,0.44591024518013,-0.7687055406280776
UBFC_PHYS_s14_T1_ctrl,110,63,112.1,0.6054864525794983,-0.9478677220872976
UBFC_PHYS_s14_T1_ctrl,110,64,112.13333333333334,0.4628085196018219,-1.0563324624872512
UBFC_PHYS_s14_T1_ctrl,110,65,112.16666666666667,0.1152106449007988,-1.0825137370317657
UBFC_PHYS_s14_T1_ctrl,110,66,112.2,-0.14268547296524048,-1.0192461656062881
UBFC_PHYS_s14_T1_ctrl,110,67,112.23333333333333,-0.11967562884092331,-0.8615444874621219
UBFC_PHYS_s14_T1_ctrl,110,68,112.26666666666667,-0.07948585599660873,-0.6076429235956995
UBFC_PHYS_s14_T1_ctrl,110,69,112.3,-0.46282362937927246,-0.26435548435574435
UBFC_PHYS_s14_T1_ctrl,110,70,112.33333333333333,-1.0862579345703125,0.14554382693384416
UBFC_PHYS_s14_T1_ctrl,110,71,112.36666666666666,-1.3311986923217773,0.5789286464096903
UBFC_PHYS_s14_T1_ctrl,110,72,112.4,-0.9929230809211731,0.9758967439879331
UBFC_PHYS_s14_T1_ctrl,110,73,112.43333333333334,-0.35650521516799927,1.2726306168544221
UBFC_PHYS_s14_T1_ctrl,110,74,112.46666666666667,0.3580109477043152,1.4190639757195014
UBFC_PHYS_s14_T1_ctrl,110,75,112.5,1.0570088624954224,1.3932232809767964
UBFC_PHYS_s14_T1_ctrl,110,76,112.53333333333333,1.5146145820617676,1.2057168132018146
UBFC_PHYS_s14_T1_ctrl,110,77,112.56666666666666,1.6300299167633057,0.8931227782360673
UBFC_PHYS_s14_T1_ctrl,110,78,112.6,1.6568137407302856,0.5042779186018664
UBFC_PHYS_s14_T1_ctrl,110,79,112.63333333333334,1.929298758506775,0.08614690253065879
UBFC_PHYS_s14_T1_ctrl,110,80,112.66666666666667,2.4916739463806152,-0.32476472587724914
UBFC_PHYS_s14_T1_ctrl,110,81,112.7,3.02329421043396,-0.7027858229044267
UBFC_PHYS_s14_T1_ctrl,110,82,112.73333333333333,3.105701446533203,-1.0267307427321752
UBFC_PHYS_s14_T1_ctrl,110,83,112.76666666666667,2.6379003524780273,-1.271647261208588
UBFC_PHYS_s14_T1_ctrl,110,84,112.8,1.9484782218933105,-1.4046655444963518
UBFC_PHYS_s14_T1_ctrl,110,85,112.83333333333333,1.3918766975402832,-1.3892385204716031
UBFC_PHYS_s14_T1_ctrl,110,86,112.86666666666666,1.039828896522522,-1.1978450436760901
UBFC_PHYS_s14_T1_ctrl,110,87,112.9,0.7054398655891418,-0.8283127153553607
UBFC_PHYS_s14_T1_ctrl,110,88,112.93333333333334,0.15875190496444702,-0.3157503946044744
UBFC_PHYS_s14_T1_ctrl,110,89,112.96666666666667,-0.5259669423103333,0.26731107647665553
UBFC_PHYS_s14_T1_ctrl,110,90,113.0,-0.9222037196159363,0.8251878069025493
UBFC_PHYS_s14_T1_ctrl,110,91,113.03333333333333,-0.6613785624504089,1.2633841666843315
UBFC_PHYS_s14_T1_ctrl,110,92,113.06666666666666,0.08623006939888,1.5131302958215225
UBFC_PHYS_s14_T1_ctrl,110,93,113.1,0.8527084589004517,1.5458641905420496
UBFC_PHYS_s14_T1_ctrl,110,94,113.13333333333334,1.2790242433547974,1.3730742628917643
UBFC_PHYS_s14_T1_ctrl,110,95,113.16666666666667,1.3109056949615479,1.0345533677474366
UBFC_PHYS_s14_T1_ctrl,110,96,113.2,1.1316993236541748,0.5827289906118045
UBFC_PHYS_s14_T1_ctrl,110,97,113.23333333333333,0.9649976491928101,0.07072314546207698
UBFC_PHYS_s14_T1_ctrl,110,98,113.26666666666667,0.9116553664207458,-0.4517821810557446
UBFC_PHYS_s14_T1_ctrl,110,99,113.3,0.9404950737953186,-0.9358462753255286
UBFC_PHYS_s14_T1_ctrl,110,100,113.33333333333333,0.9819522500038147,-1.3288368631142462
UBFC_PHYS_s14_T1_ctrl,110,101,113.36666666666666,0.9326373934745789,-1.574608812127612
UBFC_PHYS_s14_T1_ctrl,110,102,113.4,0.6824581623077393,-1.6222836130309393
UBFC_PHYS_s14_T1_ctrl,110,103,113.43333333333334,0.2271054983139038,-1.4426416627336505
UBFC_PHYS_s14_T1_ctrl,110,104,113.46666666666667,-0.3219200372695923,-1.0457409477674597
UBFC_PHYS_s14_T1_ctrl,110,105,113.5,-0.8850274682044983,-0.49012695157119923
UBFC_PHYS_s14_T1_ctrl,110,106,113.53333333333333,-1.4682438373565674,0.12477430311268609
UBFC_PHYS_s14_T1_ctrl,110,107,113.56666666666666,-2.1010005474090576,0.6844421262830067
UBFC_PHYS_s14_T1_ctrl,110,108,113.6,-2.7593016624450684,1.0940285233150668
UBFC_PHYS_s14_T1_ctrl,110,109,113.63333333333334,-3.2143163681030273,1.3061584844737457
UBFC_PHYS_s14_T1_ctrl,110,110,113.66666666666667,-3.078566789627075,1.3286581849452312
UBFC_PHYS_s14_T1_ctrl,110,111,113.7,-2.2578446865081787,1.2096192977202191
UBFC_PHYS_s14_T1_ctrl,110,112,113.73333333333333,-1.1555973291397095,1.008813615376368
UBFC_PHYS_s14_T1_ctrl,110,113,113.76666666666667,-0.24227274954319,0.7706148278461974
UBFC_PHYS_s14_T1_ctrl,110,114,113.8,0.31568071246147156,0.5111258972670529
UBFC_PHYS_s14_T1_ctrl,110,115,113.83333333333333,0.5417517423629761,0.22362114796698254
UBFC_PHYS_s14_T1_ctrl,110,116,113.86666666666666,0.5197557806968689,-0.10296248682883528
UBFC_PHYS_s14_T1_ctrl,110,117,113.9,0.4080298840999603,-0.4632549308154487
UBFC_PHYS_s14_T1_ctrl,110,118,113.93333333333334,0.35195571184158325,-0.8228492530554751
UBFC_PHYS_s14_T1_ctrl,110,119,113.96666666666667,0.3763737678527832,-1.1198990110563518
UBFC_PHYS_s14_T1_ctrl,110,120,114.0,0.4068470001220703,-1.281323542669681
UBFC_PHYS_s14_T1_ctrl,110,121,114.03333333333333,0.3435065746307373,-1.2484940026611144
UBFC_PHYS_s14_T1_ctrl,110,122,114.06666666666666,0.10856398195028305,-1.0027674482809428
UBFC_PHYS_s14_T1_ctrl,110,123,114.1,-0.30566951632499695,-0.579700848933098
UBFC_PHYS_s14_T1_ctrl,110,124,114.13333333333334,-0.7738085389137268,-0.06392800983005012
UBFC_PHYS_s14_T1_ctrl,110,125,114.16666666666667,-1.1485000848770142,0.43545273040347915
UBFC_PHYS_s14_T1_ctrl,110,126,114.2,-1.45771062374115,0.8194240751274505
UBFC_PHYS_s14_T1_ctrl,110,127,114.23333333333333,-1.8571299314498901,1.028384395232529
UBFC_PHYS_s14_T1_ctrl,110,128,114.26666666666667,-2.3435473442077637,1.0538894741806817
UBFC_PHYS_s14_T1_ctrl,110,129,114.3,-2.5870234966278076,0.9296531897392326
UBFC_PHYS_s14_T1_ctrl,110,130,114.33333333333333,-2.2318215370178223,0.7088461742376577
UBFC_PHYS_s14_T1_ctrl,110,131,114.36666666666666,-1.3220173120498657,0.4403885796075426
UBFC_PHYS_s14_T1_ctrl,110,132,114.4,-0.2889401912689209,0.1553802882045826
UBFC_PHYS_s14_T1_ctrl,110,133,114.43333333333334,0.48004478216171265,-0.1320457173330697
UBFC_PHYS_s14_T1_ctrl,110,134,114.46666666666667,0.8699447512626648,-0.413028574226712
UBFC_PHYS_s14_T1_ctrl,110,135,114.5,0.9121059775352478,-0.6700801771650267
UBFC_PHYS_s14_T1_ctrl,110,136,114.53333333333333,0.7253516912460327,-0.8699064097968371
UBFC_PHYS_s14_T1_ctrl,110,137,114.56666666666666,0.5331898927688599,-0.9680183199313513
UBFC_PHYS_s14_T1_ctrl,110,138,114.6,0.470891535282135,-0.9243401605580684
UBFC_PHYS_s14_T1_ctrl,110,139,114.63333333333334,0.48232606053352356,-0.7234060615563835
UBFC_PHYS_s14_T1_ctrl,110,140,114.66666666666667,0.44205179810523987,-0.38943772288406553
UBFC_PHYS_s14_T1_ctrl,110,141,114.7,0.31069573760032654,0.012738707776287495
UBFC_PHYS_s14_T1_ctrl,110,142,114.73333333333333,0.1268986314535141,0.39470996327002816
UBFC_PHYS_s14_T1_ctrl,110,143,114.76666666666667,-0.08892073482275009,0.6742137808692568
UBFC_PHYS_s14_T1_ctrl,110,144,114.8,-0.3667568266391754,0.8036626448137099
UBFC_PHYS_s14_T1_ctrl,110,145,114.83333333333333,-0.753220796585083,0.7824766366947644
UBFC_PHYS_s14_T1_ctrl,110,146,114.86666666666666,-1.2090522050857544,0.6479480823948838
UBFC_PHYS_s14_T1_ctrl,110,147,114.9,-1.503758430480957,0.4521690015133849
UBFC_PHYS_s14_T1_ctrl,110,148,114.93333333333334,-1.355391502380371,0.23884203651778108
UBFC_PHYS_s14_T1_ctrl,110,149,114.96666666666667,-0.740040123462677,0.03134981461923072
UBFC_PHYS_s14_T1_ctrl,110,150,115.0,0.058742180466651917,-0.1643843396170134
UBFC_PHYS_s14_T1_ctrl,110,151,115.03333333333333,0.7099460363388062,-0.34689184980990473
UBFC_PHYS_s14_T1_ctrl,110,152,115.06666666666666,1.0516576766967773,-0.505064089565048
UBFC_PHYS_s14_T1_ctrl,110,153,115.1,1.0741605758666992,-0.6115951955110372
UBFC_PHYS_s14_T1_ctrl,110,154,115.13333333333334,0.8876034617424011,-0.6284841910131568
UBFC_PHYS_s14_T1_ctrl,110,155,115.16666666666667,0.6884852051734924,-0.5232124593400738
UBFC_PHYS_s14_T1_ctrl,110,156,115.2,0.6007549166679382,-0.2886642592519271
UBFC_PHYS_s14_T1_ctrl,110,157,115.23333333333333,0.5495530962944031,0.04329520061565099
UBFC_PHYS_s14_T1_ctrl,110,158,115.26666666666667,0.42149218916893005,0.40361471256586934
UBFC_PHYS_s14_T1_ctrl,110,159,115.3,0.2573816180229187,0.7056710511932514
UBFC_PHYS_s14_T1_ctrl,110,160,115.33333333333333,0.09521432965993881,0.8750290069054354
UBFC_PHYS_s14_T1_ctrl,110,161,115.36666666666666,-0.17476406693458557,0.8750107521600938
UBFC_PHYS_s14_T1_ctrl,110,162,115.4,-0.6438888311386108,0.7160137444027924
UBFC_PHYS_s14_T1_ctrl,110,163,115.43333333333334,-1.18711256980896,0.44561586479370635
UBFC_PHYS_s14_T1_ctrl,110,164,115.46666666666667,-1.4844380617141724,0.1262589197153128
UBFC_PHYS_s14_T1_ctrl,110,165,115.5,-1.255100131034851,-0.18758330916947344
UBFC_PHYS_s14_T1_ctrl,110,166,115.53333333333333,-0.5655652284622192,-0.46250910528734607
UBFC_PHYS_s14_T1_ctrl,110,167,115.56666666666666,0.15545673668384552,-0.6856449401871421
UBFC_PHYS_s14_T1_ctrl,110,168,115.6,0.6069228053092957,-0.8535411039948185
UBFC_PHYS_s14_T1_ctrl,110,169,115.63333333333334,0.7787221074104309,-0.9583057051547665
UBFC_PHYS_s14_T1_ctrl,110,170,115.66666666666667,0.7397434115409851,-0.9796390521866484
UBFC_PHYS_s14_T1_ctrl,110,171,115.7,0.5451595187187195,-0.8882441246953089
UBFC_PHYS_s14_T1_ctrl,110,172,115.73333333333333,0.3313398063182831,-0.6601710606704723
UBFC_PHYS_s14_T1_ctrl,110,173,115.76666666666667,0.22124743461608887,-0.2956597545375259
UBFC_PHYS_s14_T1_ctrl,110,174,115.8,0.1543865203857422,0.16724594663236744
UBFC_PHYS_s14_T1_ctrl,110,175,115.83333333333333,0.03269064426422119,0.65299764338279
UBFC_PHYS_s14_T1_ctrl,110,176,115.86666666666666,-0.11364857107400894,1.065948446291116
UBFC_PHYS_s14_T1_ctrl,110,177,115.9,-0.246272012591362,1.3195567329567153
UBFC_PHYS_s14_T1_ctrl,110,178,115.93333333333334,-0.46392202377319336,1.3644183875889844
UBFC_PHYS_s14_T1_ctrl,110,179,115.96666666666667,-0.8854217529296875,1.2014979397730607
UBFC_PHYS_s14_T1_ctrl,110,180,116.0,-1.4215482473373413,0.8754841773848364
UBFC_PHYS_s14_T1_ctrl,110,181,116.03333333333333,-1.7036089897155762,0.454297235527248
UBFC_PHYS_s14_T1_ctrl,110,182,116.06666666666666,-1.4216327667236328,0.006312423918010422
UBFC_PHYS_s14_T1_ctrl,110,183,116.1,-0.6645047664642334,-0.4147876698901571
UBFC_PHYS_s14_T1_ctrl,110,184,116.13333333333334,0.21338972449302673,-0.773575069136706
UBFC_PHYS_s14_T1_ctrl,110,185,116.16666666666667,0.9450576305389404,-1.0472976459733105
UBFC_PHYS_s14_T1_ctrl,110,186,116.2,1.3792592287063599,-1.2173967037857938
UBFC_PHYS_s14_T1_ctrl,110,187,116.23333333333333,1.4287149906158447,-1.2645303003556179
UBFC_PHYS_s14_T1_ctrl,110,188,116.26666666666667,1.2123605012893677,-1.1707560511552064
UBFC_PHYS_s14_T1_ctrl,110,189,116.3,0.9953300356864929,-0.9283780929240489
UBFC_PHYS_s14_T1_ctrl,110,190,116.33333333333333,0.8664805889129639,-0.551172659048962
UBFC_PHYS_s14_T1_ctrl,110,191,116.36666666666666,0.7189021706581116,-0.08166290416513365
UBFC_PHYS_s14_T1_ctrl,110,192,116.4,0.4926903545856476,0.41122661797371146
UBFC_PHYS_s14_T1_ctrl,110,193,116.43333333333334,0.2730407118797302,0.8459527585337077
UBFC_PHYS_s14_T1_ctrl,110,194,116.46666666666667,0.12002665549516678,1.1494863668386532
UBFC_PHYS_s14_T1_ctrl,110,195,116.5,-0.10686109215021133,1.2771744558355862
UBFC_PHYS_s14_T1_ctrl,110,196,116.53333333333333,-0.6010516881942749,1.2226876358419576
UBFC_PHYS_s14_T1_ctrl,110,197,116.56666666666666,-1.228710651397705,1.014163775089705
UBFC_PHYS_s14_T1_ctrl,110,198,116.6,-1.5619730949401855,0.6996582178032491
UBFC_PHYS_s14_T1_ctrl,110,199,116.63333333333334,-1.292755126953125,0.32992672684343716
UBFC_PHYS_s14_T1_ctrl,110,200,116.66666666666667,-0.5367818474769592,-0.05353695881321433
UBFC_PHYS_s14_T1_ctrl,110,201,116.7,0.34466129541397095,-0.42128262194747756
UBFC_PHYS_s14_T1_ctrl,110,202,116.73333333333333,1.0895098447799683,-0.750510598292626
UBFC_PHYS_s14_T1_ctrl,110,203,116.76666666666667,1.5445245504379272,-1.0163709124161413
UBFC_PHYS_s14_T1_ctrl,110,204,116.8,1.5933606624603271,-1.1864302954947321
UBFC_PHYS_s14_T1_ctrl,110,205,116.83333333333333,1.329493761062622,-1.223354768936285
UBFC_PHYS_s14_T1_ctrl,110,206,116.86666666666666,1.0266200304031372,-1.0966669654519143
UBFC_PHYS_s14_T1_ctrl,110,207,116.9,0.8473010063171387,-0.7992773423305504
UBFC_PHYS_s14_T1_ctrl,110,208,116.93333333333334,0.7418838143348694,-0.3608041395124606
UBFC_PHYS_s14_T1_ctrl,110,209,116.96666666666667,0.6313689947128296,0.15050638186458778
UBFC_PHYS_s14_T1_ctrl,110,210,117.0,0.49133849143981934,0.6414142245036681
UBFC_PHYS_s14_T1_ctrl,110,211,117.03333333333333,0.29821914434432983,1.0197926930714203
UBFC_PHYS_s14_T1_ctrl,110,212,117.06666666666666,0.015792351216077805,1.2228825492340838
UBFC_PHYS_s14_T1_ctrl,110,213,117.1,-0.41677579283714294,1.2350463523350186
UBFC_PHYS_s14_T1_ctrl,110,214,117.13333333333334,-1.0110324621200562,1.087403994650851
UBFC_PHYS_s14_T1_ctrl,110,215,117.16666666666667,-1.5215297937393188,0.840563054684492
UBFC_PHYS_s14_T1_ctrl,110,216,117.2,-1.5264866352081299,0.5588475187773485
UBFC_PHYS_s14_T1_ctrl,110,217,117.23333333333333,-0.8846331834793091,0.2872739432682436
UBFC_PHYS_s14_T1_ctrl,110,218,117.26666666666667,0.088229700922966,0.040655076218362646
UBFC_PHYS_s14_T1_ctrl,110,219,117.3,0.9522393941879272,-0.19157435756942617
UBFC_PHYS_s14_T1_ctrl,110,220,117.33333333333333,1.499603271484375,-0.42861210903001146
UBFC_PHYS_s14_T1_ctrl,110,221,117.36666666666666,1.710381269454956,-0.6786359288514621
UBFC_PHYS_s14_T1_ctrl,110,222,117.4,1.642957091331482,-0.9256269890090686
UBFC_PHYS_s14_T1_ctrl,110,223,117.43333333333334,1.4220119714736938,-1.1283463669653784
UBFC_PHYS_s14_T1_ctrl,110,224,117.46666666666667,1.2101918458938599,-1.231860813749098
UBFC_PHYS_s14_T1_ctrl,110,225,117.5,1.0658804178237915,-1.1872539576957764
UBFC_PHYS_s14_T1_ctrl,110,226,117.53333333333333,0.9195693731307983,-0.9722186303659844
UBFC_PHYS_s14_T1_ctrl,110,227,117.56666666666666,0.7434046864509583,-0.604583732005776
UBFC_PHYS_s14_T1_ctrl,110,228,117.6,0.5500600337982178,-0.14263564545661017
UBFC_PHYS_s14_T1_ctrl,110,229,117.63333333333334,0.26225394010543823,0.32943359306296144
UBFC_PHYS_s14_T1_ctrl,110,230,117.66666666666667,-0.13178607821464539,0.7263769871424333
UBFC_PHYS_s14_T1_ctrl,110,231,117.7,-0.4422077238559723,0.9873558223292469
UBFC_PHYS_s14_T1_ctrl,110,232,117.73333333333333,-0.5789148807525635,1.0914536836097513
UBFC_PHYS_s14_T1_ctrl,110,233,117.76666666666667,-0.6914575099945068,1.0573054615798718
UBFC_PHYS_s14_T1_ctrl,110,234,117.8,-0.7356465458869934,0.9290634666891066
UBFC_PHYS_s14_T1_ctrl,110,235,117.83333333333333,-0.47172340750694275,0.7571120743195046
UBFC_PHYS_s14_T1_ctrl,110,236,117.86666666666666,0.03066284954547882,0.5820710075975746
UBFC_PHYS_s14_T1_ctrl,110,237,117.9,0.45027562975883484,0.4264167691173321
UBFC_PHYS_s14_T1_ctrl,110,238,117.93333333333334,0.6426063776016235,0.29363663884857305
UBFC_PHYS_s14_T1_ctrl,110,239,117.96666666666667,0.6289469003677368,0.17256683643198165
UBFC_PHYS_s14_T1_ctrl,111,0,111.0,-0.8060279488563538,-0.1074242266696644
UBFC_PHYS_s14_T1_ctrl,111,1,111.03333333333333,-0.795128583908081,-0.014494096337286466
UBFC_PHYS_s14_T1_ctrl,111,2,111.06666666666666,-0.943861722946167,0.07640014835296631
UBFC_PHYS_s14_T1_ctrl,111,3,111.1,-1.2317804098129272,0.1610956743812463
UBFC_PHYS_s14_T1_ctrl,111,4,111.13333333333334,-1.340070366859436,0.23573371602560347
UBFC_PHYS_s14_T1_ctrl,111,5,111.16666666666667,-1.0004991292953491,0.294636323312148
UBFC_PHYS_s14_T1_ctrl,111,6,111.2,-0.35061895847320557,0.3274664154753382
UBFC_PHYS_s14_T1_ctrl,111,7,111.23333333333333,0.2613527178764343,0.3181435507039542
UBFC_PHYS_s14_T1_ctrl,111,8,111.26666666666667,0.7038626670837402,0.2476897080850084
UBFC_PHYS_s14_T1_ctrl,111,9,111.3,1.0406174659729004,0.10132157591111113
UBFC_PHYS_s14_T1_ctrl,111,10,111.33333333333333,1.2288081645965576,-0.12218634156332463
UBFC_PHYS_s14_T1_ctrl,111,11,111.36666666666666,1.2073472738265991,-0.4026242395245236
UBFC_PHYS_s14_T1_ctrl,111,12,111.4,1.097987174987793,-0.6962040582033439
UBFC_PHYS_s14_T1_ctrl,111,13,111.43333333333334,1.056304693222046,-0.9419590673779722
UBFC_PHYS_s14_T1_ctrl,111,14,111.46666666666667,1.0723581314086914,-1.0762858686587355
UBFC_PHYS_s14_T1_ctrl,111,15,111.5,1.0536291599273682,-1.0516985469013431
UBFC_PHYS_s14_T1_ctrl,111,16,111.53333333333333,0.9107259511947632,-0.8536308135323715
UBFC_PHYS_s14_T1_ctrl,111,17,111.56666666666666,0.5120670795440674,-0.5088071208588404
UBFC_PHYS_s14_T1_ctrl,111,18,111.6,-0.2625788450241089,-0.0805568554418882
UBFC_PHYS_s14_T1_ctrl,111,19,111.63333333333334,-1.3445202112197876,0.3490666715721416
UBFC_PHYS_s14_T1_ctrl,111,20,111.66666666666667,-2.517965793609619,0.704345627760308
UBFC_PHYS_s14_T1_ctrl,111,21,111.7,-3.5803050994873047,0.9378805955002165
UBFC_PHYS_s14_T1_ctrl,111,22,111.73333333333333,-4.237085342407227,1.0401684603182404
UBFC_PHYS_s14_T1_ctrl,111,23,111.76666666666667,-4.085930347442627,1.0334438398077932
UBFC_PHYS_s14_T1_ctrl,111,24,111.8,-3.163001775741577,0.9544046746640085
UBFC_PHYS_s14_T1_ctrl,111,25,111.83333333333333,-2.046081066131592,0.8355636455246436
UBFC_PHYS_s14_T1_ctrl,111,26,111.86666666666666,-1.1583573818206787,0.6941374720005193
UBFC_PHYS_s14_T1_ctrl,111,27,111.9,-0.5142789483070374,0.5319173026093518
UBFC_PHYS_s14_T1_ctrl,111,28,111.93333333333334,-0.0824148952960968,0.3432852567595646
UBFC_PHYS_s14_T1_ctrl,111,29,111.96666666666667,0.07611925899982452,0.1250755742925251
UBFC_PHYS_s14_T1_ctrl,111,30,112.0,0.07099343836307526,-0.11716062907497861
UBFC_PHYS_s14_T1_ctrl,111,31,112.03333333333333,0.18046621978282928,-0.36841131983871517
UBFC_PHYS_s14_T1_ctrl,111,32,112.06666666666666,0.44591024518013,-0.6075652975243264
UBFC_PHYS_s14_T1_ctrl,111,33,112.1,0.6054864525794983,-0.811957385350764
UBFC_PHYS_s14_T1_ctrl,111,34,112.13333333333334,0.4628085196018219,-0.9607187674504275
UBFC_PHYS_s14_T1_ctrl,111,35,112.16666666666667,0.1152106449007988,-1.036245197529518
UBFC_PHYS_s14_T1_ctrl,111,36,112.2,-0.14268547296524048,-1.0246398200798625
UBFC_PHYS_s14_T1_ctrl,111,37,112.23333333333333,-0.11967562884092331,-0.9165131219681265
UBFC_PHYS_s14_T1_ctrl,111,38,112.26666666666667,-0.07948585599660873,-0.7089565561499812
UBFC_PHYS_s14_T1_ctrl,111,39,112.3,-0.46282362937927246,-0.40863287029129747
UBFC_PHYS_s14_T1_ctrl,111,40,112.33333333333333,-1.0862579345703125,-0.035336398373878794
UBFC_PHYS_s14_T1_ctrl,111,41,112.36666666666666,-1.3311986923217773,0.3754452178864312
UBFC_PHYS_s14_T1_ctrl,111,42,112.4,-0.9929230809211731,0.7735603031902217
UBFC_PHYS_s14_T1_ctrl,111,43,112.43333333333334,-0.35650521516799927,1.1011194713966088
UBFC_PHYS_s14_T1_ctrl,111,44,112.46666666666667,0.3580109477043152,1.3048267042953756
UBFC_PHYS_s14_T1_ctrl,111,45,112.5,1.0570088624954224,1.3496472673907645
UBFC_PHYS_s14_T1_ctrl,111,46,112.53333333333333,1.5146145820617676,1.2280909569173784
UBFC_PHYS_s14_T1_ctrl,111,47,112.56666666666666,1.6300299167633057,0.9610141052981362
UBFC_PHYS_s14_T1_ctrl,111,48,112.6,1.6568137407302856,0.5900241346775937
UBFC_PHYS_s14_T1_ctrl,111,49,112.63333333333334,1.929298758506775,0.1655035289467712
UBFC_PHYS_s14_T1_ctrl,111,50,112.66666666666667,2.4916739463806152,-0.26451427365690067
UBFC_PHYS_s14_T1_ctrl,111,51,112.7,3.02329421043396,-0.6607627998155204
UBFC_PHYS_s14_T1_ctrl,111,52,112.73333333333333,3.105701446533203,-0.9931956691869656
UBFC_PHYS_s14_T1_ctrl,111,53,112.76666666666667,2.6379003524780273,-1.2371128374764135
UBFC_PHYS_s14_T1_ctrl,111,54,112.8,1.9484782218933105,-1.3688952311509572
UBFC_PHYS_s14_T1_ctrl,111,55,112.83333333333333,1.3918766975402832,-1.3656072897755362
UBFC_PHYS_s14_T1_ctrl,111,56,112.86666666666666,1.039828896522522,-1.2104638534035865
UBFC_PHYS_s14_T1_ctrl,111,57,112.9,0.7054398655891418,-0.9025037992066147
UBFC_PHYS_s14_T1_ctrl,111,58,112.93333333333334,0.15875190496444702,-0.46578396465736344
UBFC_PHYS_s14_T1_ctrl,111,59,112.96666666666667,-0.5259669423103333,0.047435135376609545
UBFC_PHYS_s14_T1_ctrl,111,60,113.0,-0.9222037196159363,0.5630727140294483
UBFC_PHYS_s14_T1_ctrl,111,61,113.03333333333333,-0.6613785624504089,1.0005140289807315
UBFC_PHYS_s14_T1_ctrl,111,62,113.06666666666666,0.08623006939888,1.2915344258779946
UBFC_PHYS_s14_T1_ctrl,111,63,113.1,0.8527084589004517,1.3955539987257874
UBFC_PHYS_s14_T1_ctrl,111,64,113.13333333333334,1.2790242433547974,1.3059883733454254
UBFC_PHYS_s14_T1_ctrl,111,65,113.16666666666667,1.3109056949615479,1.0468585643758734
UBFC_PHYS_s14_T1_ctrl,111,66,113.2,1.1316993236541748,0.66268496110756
UBFC_PHYS_s14_T1_ctrl,111,67,113.23333333333333,0.9649976491928101,0.20666477415755574
UBFC_PHYS_s14_T1_ctrl,111,68,113.26666666666667,0.9116553664207458,-0.2680571004045635
UBFC_PHYS_s14_T1_ctrl,111,69,113.3,0.9404950737953186,-0.7115602705800955
UBFC_PHYS_s14_T1_ctrl,111,70,113.33333333333333,0.9819522500038147,-1.0759842861379376
UBFC_PHYS_s14_T1_ctrl,111,71,113.36666666666666,0.9326373934745789,-1.3142902516775516
UBFC_PHYS_s14_T1_ctrl,111,72,113.4,0.6824581623077393,-1.3836832971658721
UBFC_PHYS_s14_T1_ctrl,111,73,113.43333333333334,0.2271054983139038,-1.2556998923472191
UBFC_PHYS_s14_T1_ctrl,111,74,113.46666666666667,-0.3219200372695923,-0.9301156105458261
UBFC_PHYS_s14_T1_ctrl,111,75,113.5,-0.8850274682044983,-0.44552059217911616
UBFC_PHYS_s14_T1_ctrl,111,76,113.53333333333333,-1.4682438373565674,0.12142277725448222
UBFC_PHYS_s14_T1_ctrl,111,77,113.56666666666666,-2.1010005474090576,0.6716818484543184
UBFC_PHYS_s14_T1_ctrl,111,78,113.6,-2.7593016624450684,1.1100748350363612
UBFC_PHYS_s14_T1_ctrl,111,79,113.63333333333334,-3.2143163681030273,1.3711339102033318
UBFC_PHYS_s14_T1_ctrl,111,80,113.66666666666667,-3.078566789627075,1.433658193074702
UBFC_PHYS_s14_T1_ctrl,111,81,113.7,-2.2578446865081787,1.3188847669780923
UBFC_PHYS_s14_T1_ctrl,111,82,113.73333333333333,-1.1555973291397095,1.0751493730071384
UBFC_PHYS_s14_T1_ctrl,111,83,113.76666666666667,-0.24227274954319,0.7573563820164071
UBFC_PHYS_s14_T1_ctrl,111,84,113.8,0.31568071246147156,0.4099931461894161
UBFC_PHYS_s14_T1_ctrl,111,85,113.83333333333333,0.5417517423629761,0.059178155861215186
UBFC_PHYS_s14_T1_ctrl,111,86,113.86666666666666,0.5197557806968689,-0.28493111212166716
UBFC_PHYS_s14_T1_ctrl,111,87,113.9,0.4080298840999603,-0.6178555208676683
UBFC_PHYS_s14_T1_ctrl,111,88,113.93333333333334,0.35195571184158325,-0.9280231730725387
UBFC_PHYS_s14_T1_ctrl,111,89,113.96666666666667,0.3763737678527832,-1.1879378336689128
UBFC_PHYS_s14_T1_ctrl,111,90,114.0,0.4068470001220703,-1.3542597591034753
UBFC_PHYS_s14_T1_ctrl,111,91,114.03333333333333,0.3435065746307373,-1.3782552364853644
UBFC_PHYS_s14_T1_ctrl,111,92,114.06666666666666,0.10856398195028305,-1.2236930144118126
UBFC_PHYS_s14_T1_ctrl,111,93,114.1,-0.30566951632499695,-0.8855130777339171
UBFC_PHYS_s14_T1_ctrl,111,94,114.13333333333334,-0.7738085389137268,-0.40099363037309094
UBFC_PHYS_s14_T1_ctrl,111,95,114.16666666666667,-1.1485000848770142,0.15308284214314732
UBFC_PHYS_s14_T1_ctrl,111,96,114.2,-1.45771062374115,0.678501089850729
UBFC_PHYS_s14_T1_ctrl,111,97,114.23333333333333,-1.8571299314498901,1.0830059961348677
UBFC_PHYS_s14_T1_ctrl,111,98,114.26666666666667,-2.3435473442077637,1.305485257104416
UBFC_PHYS_s14_T1_ctrl,111,99,114.3,-2.5870234966278076,1.3279400338533078
UBFC_PHYS_s14_T1_ctrl,111,100,114.33333333333333,-2.2318215370178223,1.17098952841581
UBFC_PHYS_s14_T1_ctrl,111,101,114.36666666666666,-1.3220173120498657,0.8786289692886082
UBFC_PHYS_s14_T1_ctrl,111,102,114.4,-0.2889401912689209,0.5016179195051707
UBFC_PHYS_s14_T1_ctrl,111,103,114.43333333333334,0.48004478216171265,0.08678843972219692
UBFC_PHYS_s14_T1_ctrl,111,104,114.46666666666667,0.8699447512626648,-0.3252337843082809
UBFC_PHYS_s14_T1_ctrl,111,105,114.5,0.9121059775352478,-0.6962581510235704
UBFC_PHYS_s14_T1_ctrl,111,106,114.53333333333333,0.7253516912460327,-0.9861121033225956
UBFC_PHYS_s14_T1_ctrl,111,107,114.56666666666666,0.5331898927688599,-1.153070539288687
UBFC_PHYS_s14_T1_ctrl,111,108,114.6,0.470891535282135,-1.1617593488996585
UBFC_PHYS_s14_T1_ctrl,111,109,114.63333333333334,0.48232606053352356,-0.9966148254704741
UBFC_PHYS_s14_T1_ctrl,111,110,114.66666666666667,0.44205179810523987,-0.67480647537473
UBFC_PHYS_s14_T1_ctrl,111,111,114.7,0.31069573760032654,-0.2508447143582764
UBFC_PHYS_s14_T1_ctrl,111,112,114.73333333333333,0.1268986314535141,0.1926416977852471
UBFC_PHYS_s14_T1_ctrl,111,113,114.76666666666667,-0.08892073482275009,0.5671113411495671
UBFC_PHYS_s14_T1_ctrl,111,114,114.8,-0.3667568266391754,0.8046104561362011
UBFC_PHYS_s14_T1_ctrl,111,115,114.83333333333333,-0.753220796585083,0.8763837216157763
UBFC_PHYS_s14_T1_ctrl,111,116,114.86666666666666,-1.2090522050857544,0.7957453913352642
UBFC_PHYS_s14_T1_ctrl,111,117,114.9,-1.503758430480957,0.6058729289666007
UBFC_PHYS_s14_T1_ctrl,111,118,114.93333333333334,-1.355391502380371,0.3599355921769477
UBFC_PHYS_s14_T1_ctrl,111,119,114.96666666666667,-0.740040123462677,0.1033218299743564
UBFC_PHYS_s14_T1_ctrl,111,120,115.0,0.058742180466651917,-0.1343997407060411
UBFC_PHYS_s14_T1_ctrl,111,121,115.03333333333333,0.7099460363388062,-0.3359022759715065
UBFC_PHYS_s14_T1_ctrl,111,122,115.06666666666666,1.0516576766967773,-0.48594176225116503
UBFC_PHYS_s14_T1_ctrl,111,123,115.1,1.0741605758666992,-0.563472643040639
UBFC_PHYS_s14_T1_ctrl,111,124,115.13333333333334,0.8876034617424011,-0.5428977565360603
UBFC_PHYS_s14_T1_ctrl,111,125,115.16666666666667,0.6884852051734924,-0.4052272631860545
UBFC_PHYS_s14_T1_ctrl,111,126,115.2,0.6007549166679382,-0.15359091251166787
UBFC_PHYS_s14_T1_ctrl,111,127,115.23333333333333,0.5495530962944031,0.17605870223643286
UBFC_PHYS_s14_T1_ctrl,111,128,115.26666666666667,0.42149218916893005,0.5172802635344947
UBFC_PHYS_s14_T1_ctrl,111,129,115.3,0.2573816180229187,0.7905764023053207
UBFC_PHYS_s14_T1_ctrl,111,130,115.33333333333333,0.09521432965993881,0.929012009591012
UBFC_PHYS_s14_T1_ctrl,111,131,115.36666666666666,-0.17476406693458557,0.8997857916364046
UBFC_PHYS_s14_T1_ctrl,111,132,115.4,-0.6438888311386108,0.712254108745979
UBFC_PHYS_s14_T1_ctrl,111,133,115.43333333333334,-1.18711256980896,0.41060311904262103
UBFC_PHYS_s14_T1_ctrl,111,134,115.46666666666667,-1.4844380617141724,0.05625554403875449
UBFC_PHYS_s14_T1_ctrl,111,135,115.5,-1.255100131034851,-0.29161525167816155
UBFC_PHYS_s14_T1_ctrl,111,136,115.53333333333333,-0.5655652284622192,-0.5896967955900895
UBFC_PHYS_s14_T1_ctrl,111,137,115.56666666666666,0.15545673668384552,-0.814185757798406
UBFC_PHYS_s14_T1_ctrl,111,138,115.6,0.6069228053092957,-0.9554176699759752
UBFC_PHYS_s14_T1_ctrl,111,139,115.63333333333334,0.7787221074104309,-1.0085288199944853
UBFC_PHYS_s14_T1_ctrl,111,140,115.66666666666667,0.7397434115409851,-0.9665579662731063
UBFC_PHYS_s14_T1_ctrl,111,141,115.7,0.5451595187187195,-0.8205248916914902
UBFC_PHYS_s14_T1_ctrl,111,142,115.73333333333333,0.3313398063182831,-0.5668696562449016
UBFC_PHYS_s14_T1_ctrl,111,143,115.76666666666667,0.22124743461608887,-0.2182560113127191
UBFC_PHYS_s14_T1_ctrl,111,144,115.8,0.1543865203857422,0.18871913059393836
UBFC_PHYS_s14_T1_ctrl,111,145,115.83333333333333,0.03269064426422119,0.5947169821937613
UBFC_PHYS_s14_T1_ctrl,111,146,115.86666666666666,-0.11364857107400894,0.9297785601495483
UBFC_PHYS_s14_T1_ctrl,111,147,115.9,-0.246272012591362,1.132624166598931
UBFC_PHYS_s14_T1_ctrl,111,148,115.93333333333334,-0.46392202377319336,1.1683792443048193
UBFC_PHYS_s14_T1_ctrl,111,149,115.96666666666667,-0.8854217529296875,1.0360795087680443
UBFC_PHYS_s14_T1_ctrl,111,150,116.0,-1.4215482473373413,0.7637168685463369
UBFC_PHYS_s14_T1_ctrl,111,151,116.03333333333333,-1.7036089897155762,0.3958181966098137
UBFC_PHYS_s14_T1_ctrl,111,152,116.06666666666666,-1.4216327667236328,-0.019170833393903193
UBFC_PHYS_s14_T1_ctrl,111,153,116.1,-0.6645047664642334,-0.4367064699711197
UBFC_PHYS_s14_T1_ctrl,111,154,116.13333333333334,0.21338972449302673,-0.8177916800511731
UBFC_PHYS_s14_T1_ctrl,111,155,116.16666666666667,0.9450576305389404,-1.1262432224305123
UBFC_PHYS_s14_T1_ctrl,111,156,116.2,1.3792592287063599,-1.3254282796089512
UBFC_PHYS_s14_T1_ctrl,111,157,116.23333333333333,1.4287149906158447,-1.3786597765438284
UBFC_PHYS_s14_T1_ctrl,111,158,116.26666666666667,1.2123605012893677,-1.2558141277740262
UBFC_PHYS_s14_T1_ctrl,111,159,116.3,0.9953300356864929,-0.9454199560387939
UBFC_PHYS_s14_T1_ctrl,111,160,116.33333333333333,0.8664805889129639,-0.4675776569680982
UBFC_PHYS_s14_T1_ctrl,111,161,116.36666666666666,0.7189021706581116,0.11939677514045936
UBFC_PHYS_s14_T1_ctrl,111,162,116.4,0.4926903545856476,0.7248042197154109
UBFC_PHYS_s14_T1_ctrl,111,163,116.43333333333334,0.2730407118797302,1.2449579709556544
UBFC_PHYS_s14_T1_ctrl,111,164,116.46666666666667,0.12002665549516678,1.589794587715995
UBFC_PHYS_s14_T1_ctrl,111,165,116.5,-0.10686109215021133,1.7058308555945831
UBFC_PHYS_s14_T1_ctrl,111,166,116.53333333333333,-0.6010516881942749,1.5866805897893046
UBFC_PHYS_s14_T1_ctrl,111,167,116.56666666666666,-1.228710651397705,1.2687766366492688
UBFC_PHYS_s14_T1_ctrl,111,168,116.6,-1.5619730949401855,0.8161123708800204
UBFC_PHYS_s14_T1_ctrl,111,169,116.63333333333334,-1.292755126953125,0.30110461927899024
UBFC_PHYS_s14_T1_ctrl,111,170,116.66666666666667,-0.5367818474769592,-0.21142030015972857
UBFC_PHYS_s14_T1_ctrl,111,171,116.7,0.34466129541397095,-0.6726851389017804
UBFC_PHYS_s14_T1_ctrl,111,172,116.73333333333333,1.0895098447799683,-1.0500021905644752
UBFC_PHYS_s14_T1_ctrl,111,173,116.76666666666667,1.5445245504379272,-1.3209614984988858
UBFC_PHYS_s14_T1_ctrl,111,174,116.8,1.5933606624603271,-1.4666285946919286
UBFC_PHYS_s14_T1_ctrl,111,175,116.83333333333333,1.329493761062622,-1.4686859391550404
UBFC_PHYS_s14_T1_ctrl,111,176,116.86666666666666,1.0266200304031372,-1.3130194166715279
UBFC_PHYS_s14_T1_ctrl,111,177,116.9,0.8473010063171387,-0.9985706232903565
UBFC_PHYS_s14_T1_ctrl,111,178,116.93333333333334,0.7418838143348694,-0.5471486782327696
UBFC_PHYS_s14_T1_ctrl,111,179,116.96666666666667,0.6313689947128296,-0.008523277775506937
UBFC_PHYS_s14_T1_ctrl,111,180,117.0,0.49133849143981934,0.5438219674970693
UBFC_PHYS_s14_T1_ctrl,111,181,117.03333333333333,0.29821914434432983,1.0271109623333747
UBFC_PHYS_s14_T1_ctrl,111,182,117.06666666666666,0.015792351216077805,1.369387556521495
UBFC_PHYS_s14_T1_ctrl,111,183,117.1,-0.41677579283714294,1.5273022854090859
UBFC_PHYS_s14_T1_ctrl,111,184,117.13333333333334,-1.0110324621200562,1.4944255751949043
UBFC_PHYS_s14_T1_ctrl,111,185,117.16666666666667,-1.5215297937393188,1.297462511030881
UBFC_PHYS_s14_T1_ctrl,111,186,117.2,-1.5264866352081299,0.9831532491894323
UBFC_PHYS_s14_T1_ctrl,111,187,117.23333333333333,-0.8846331834793091,0.6021525569672899
UBFC_PHYS_s14_T1_ctrl,111,188,117.26666666666667,0.088229700922966,0.19633991109829702
UBFC_PHYS_s14_T1_ctrl,111,189,117.3,0.9522393941879272,-0.20644763892262435
UBFC_PHYS_s14_T1_ctrl,111,190,117.33333333333333,1.499603271484375,-0.5896572491183733
UBFC_PHYS_s14_T1_ctrl,111,191,117.36666666666666,1.710381269454956,-0.9397527052969723
UBFC_PHYS_s14_T1_ctrl,111,192,117.4,1.642957091331482,-1.2370051400405158
UBFC_PHYS_s14_T1_ctrl,111,193,117.43333333333334,1.4220119714736938,-1.4502327798133392
UBFC_PHYS_s14_T1_ctrl,111,194,117.46666666666667,1.2101918458938599,-1.538832776669775
UBFC_PHYS_s14_T1_ctrl,111,195,117.5,1.0658804178237915,-1.462714893514848
UBFC_PHYS_s14_T1_ctrl,111,196,117.53333333333333,0.9195693731307983,-1.197737173560585
UBFC_PHYS_s14_T1_ctrl,111,197,117.56666666666666,0.7434046864509583,-0.751505440425012
UBFC_PHYS_s14_T1_ctrl,111,198,117.6,0.5500600337982178,-0.1726893205353263
UBFC_PHYS_s14_T1_ctrl,111,199,117.63333333333334,0.26225394010543823,0.4522850275910406
UBFC_PHYS_s14_T1_ctrl,111,200,117.66666666666667,-0.13178607821464539,1.0172299854477733
UBFC_PHYS_s14_T1_ctrl,111,201,117.7,-0.4422077238559723,1.4241019562922421
UBFC_PHYS_s14_T1_ctrl,111,202,117.73333333333333,-0.5789148807525635,1.6095530101156281
UBFC_PHYS_s14_T1_ctrl,111,203,117.76666666666667,-0.6914575099945068,1.558298887067404
UBFC_PHYS_s14_T1_ctrl,111,204,117.8,-0.7356465458869934,1.298962543992852
UBFC_PHYS_s14_T1_ctrl,111,205,117.83333333333333,-0.47172340750694275,0.8875733149517558
UBFC_PHYS_s14_T1_ctrl,111,206,117.86666666666666,0.03066284954547882,0.3883535040228232
UBFC_PHYS_s14_T1_ctrl,111,207,117.9,0.45027562975883484,-0.13995521856297483
UBFC_PHYS_s14_T1_ctrl,111,208,117.93333333333334,0.6426063776016235,-0.6483965363855891
UBFC_PHYS_s14_T1_ctrl,111,209,117.96666666666667,0.6289469003677368,-1.0940628571665414
UBFC_PHYS_s14_T1_ctrl,111,210,118.0,0.4288147985935211,-1.433702209939995
UBFC_PHYS_s14_T1_ctrl,111,211,118.03333333333333,0.1611739993095398,-1.6213090305739923
UBFC_PHYS_s14_T1_ctrl,111,212,118.06666666666666,0.04604029655456543,-1.614102289400231
UBFC_PHYS_s14_T1_ctrl,111,213,118.1,0.12861661612987518,-1.3865427018089103
UBFC_PHYS_s14_T1_ctrl,111,214,118.13333333333334,0.23544199764728546,-0.9468471927523543
UBFC_PHYS_s14_T1_ctrl,111,215,118.16666666666667,0.23392115533351898,-0.3471150732822565
UBFC_PHYS_s14_T1_ctrl,111,216,118.2,0.15861108899116516,0.3211406034520259
UBFC_PHYS_s14_T1_ctrl,111,217,118.23333333333333,0.04913831502199173,0.947999261826139
UBFC_PHYS_s14_T1_ctrl,111,218,118.26666666666667,-0.1670471727848053,1.4348592910462095
UBFC_PHYS_s14_T1_ctrl,111,219,118.3,-0.5725780725479126,1.7192662385436952
UBFC_PHYS_s14_T1_ctrl,111,220,118.33333333333333,-1.1006215810775757,1.7846619075476495
UBFC_PHYS_s14_T1_ctrl,111,221,118.36666666666666,-1.46768057346344,1.6538200907256406
UBFC_PHYS_s14_T1_ctrl,111,222,118.4,-1.329452633857727,1.3722538137825067
UBFC_PHYS_s14_T1_ctrl,111,223,118.43333333333334,-0.6253007054328918,0.9907151981982915
UBFC_PHYS_s14_T1_ctrl,111,224,118.46666666666667,0.3076540231704712,0.5541300349372148
UBFC_PHYS_s14_T1_ctrl,111,225,118.5,1.044335126876831,0.09969645977145465
UBFC_PHYS_s14_T1_ctrl,111,226,118.53333333333333,1.3844413757324219,-0.3380864982508668
UBFC_PHYS_s14_T1_ctrl,111,227,118.56666666666666,1.3641635179519653,-0.7208826329618155
UBFC_PHYS_s14_T1_ctrl,111,228,118.6,1.0942695140838623,-1.004221685215119
UBFC_PHYS_s14_T1_ctrl,111,229,118.63333333333334,0.7787221074104309,-1.142926473329041
UBFC_PHYS_s14_T1_ctrl,111,230,118.66666666666667,0.6184981465339661,-1.1039939849298719
UBFC_PHYS_s14_T1_ctrl,111,231,118.7,0.5918833017349243,-0.882642493860202
UBFC_PHYS_s14_T1_ctrl,111,232,118.73333333333333,0.5244591236114502,-0.5143539057333613
UBFC_PHYS_s14_T1_ctrl,111,233,118.76666666666667,0.370374858379364,-0.07553049246637203
UBFC_PHYS_s14_T1_ctrl,111,234,118.8,0.2048279196023941,0.33119407660110345
UBFC_PHYS_s14_T1_ctrl,111,235,118.83333333333333,-0.003640684997662902,0.6042406715735955
UBFC_PHYS_s14_T1_ctrl,111,236,118.86666666666666,-0.37360063195228577,0.6730313681904974
UBFC_PHYS_s14_T1_ctrl,111,237,118.9,-0.9147684574127197,0.5184831089182209
UBFC_PHYS_s14_T1_ctrl,111,238,118.93333333333334,-1.4169576168060303,0.1773162143538159
UBFC_PHYS_s14_T1_ctrl,111,239,118.96666666666667,-1.5436947345733643,-0.2686309347322441
UBFC_PHYS_s14_T1_ctrl,112,0,112.0,0.07099343836307526,-0.05320683340296388
UBFC_PHYS_s14_T1_ctrl,112,1,112.03333333333333,0.18046621978282928,-0.3609448249034919
UBFC_PHYS_s14_T1_ctrl,112,2,112.06666666666666,0.44591024518013,-0.5957902744035284
UBFC_PHYS_s14_T1_ctrl,112,3,112.1,0.6054864525794983,-0.7030324037292083
UBFC_PHYS_s14_T1_ctrl,112,4,112.13333333333334,0.4628085196018219,-0.6581611095412108
UBFC_PHYS_s14_T1_ctrl,112,5,112.16666666666667,0.1152106449007988,-0.473449870761804
UBFC_PHYS_s14_T1_ctrl,112,6,112.2,-0.14268547296524048,-0.19414448581477003
UBFC_PHYS_s14_T1_ctrl,112,7,112.23333333333333,-0.11967562884092331,0.11606343788158555
UBFC_PHYS_s14_T1_ctrl,112,8,112.26666666666667,-0.07948585599660873,0.39559152867993935
UBFC_PHYS_s14_T1_ctrl,112,9,112.3,-0.46282362937927246,0.6032499554581382
UBFC_PHYS_s14_T1_ctrl,112,10,112.33333333333333,-1.0862579345703125,0.7266426340327489
UBFC_PHYS_s14_T1_ctrl,112,11,112.36666666666666,-1.3311986923217773,0.777894590792849
UBFC_PHYS_s14_T1_ctrl,112,12,112.4,-0.9929230809211731,0.7802440732030368
UBFC_PHYS_s14_T1_ctrl,112,13,112.43333333333334,-0.35650521516799927,0.753294690889106
UBFC_PHYS_s14_T1_ctrl,112,14,112.46666666666667,0.3580109477043152,0.7044614516837777
UBFC_PHYS_s14_T1_ctrl,112,15,112.5,1.0570088624954224,0.6297948526674358
UBFC_PHYS_s14_T1_ctrl,112,16,112.53333333333333,1.5146145820617676,0.5216668930879799
UBFC_PHYS_s14_T1_ctrl,112,17,112.56666666666666,1.6300299167633057,0.3774640420193624
UBFC_PHYS_s14_T1_ctrl,112,18,112.6,1.6568137407302856,0.20440026119013321
UBFC_PHYS_s14_T1_ctrl,112,19,112.63333333333334,1.929298758506775,0.01895867668831197
UBFC_PHYS_s14_T1_ctrl,112,20,112.66666666666667,2.4916739463806152,-0.1576952314717059
UBFC_PHYS_s14_T1_ctrl,112,21,112.7,3.02329421043396,-0.3057793401246018
UBFC_PHYS_s14_T1_ctrl,112,22,112.73333333333333,3.105701446533203,-0.41197761720317627
UBFC_PHYS_s14_T1_ctrl,112,23,112.76666666666667,2.6379003524780273,-0.4718184996922681
UBFC_PHYS_s14_T1_ctrl,112,24,112.8,1.9484782218933105,-0.4886160852898688
UBFC_PHYS_s14_T1_ctrl,112,25,112.83333333333333,1.3918766975402832,-0.4696508953162417
UBFC_PHYS_s14_T1_ctrl,112,26,112.86666666666666,1.039828896522522,-0.421888448868335
UBFC_PHYS_s14_T1_ctrl,112,27,112.9,0.7054398655891418,-0.34997165921116175
UBFC_PHYS_s14_T1_ctrl,112,28,112.93333333333334,0.15875190496444702,-0.25761032171640397
UBFC_PHYS_s14_T1_ctrl,112,29,112.96666666666667,-0.5259669423103333,-0.1510569758557426
UBFC_PHYS_s14_T1_ctrl,112,30,113.0,-0.9222037196159363,-0.04196800700408284
UBFC_PHYS_s14_T1_ctrl,112,31,113.03333333333333,-0.6613785624504089,0.0526052638017155
UBFC_PHYS_s14_T1_ctrl,112,32,113.06666666666666,0.08623006939888,0.11349551104481456
UBFC_PHYS_s14_T1_ctrl,112,33,113.1,0.8527084589004517,0.12445259549275234
UBFC_PHYS_s14_T1_ctrl,112,34,113.13333333333334,1.2790242433547974,0.07666609053543616
UBFC_PHYS_s14_T1_ctrl,112,35,113.16666666666667,1.3109056949615479,-0.028936335366246346
UBFC_PHYS_s14_T1_ctrl,112,36,113.2,1.1316993236541748,-0.18206086492004914
UBFC_PHYS_s14_T1_ctrl,112,37,113.23333333333333,0.9649976491928101,-0.36524603311760595
UBFC_PHYS_s14_T1_ctrl,112,38,113.26666666666667,0.9116553664207458,-0.5563461180348452
UBFC_PHYS_s14_T1_ctrl,112,39,113.3,0.9404950737953186,-0.7300479408540288
UBFC_PHYS_s14_T1_ctrl,112,40,113.33333333333333,0.9819522500038147,-0.8583663409434681
UBFC_PHYS_s14_T1_ctrl,112,41,113.36666666666666,0.9326373934745789,-0.9114933534108512
UBFC_PHYS_s14_T1_ctrl,112,42,113.4,0.6824581623077393,-0.8610760850888625
UBFC_PHYS_s14_T1_ctrl,112,43,113.43333333333334,0.2271054983139038,-0.6871473002258046
UBFC_PHYS_s14_T1_ctrl,112,44,113.46666666666667,-0.3219200372695923,-0.3875184950408941
UBFC_PHYS_s14_T1_ctrl,112,45,113.5,-0.8850274682044983,0.014329672682440663
UBFC_PHYS_s14_T1_ctrl,112,46,113.53333333333333,-1.4682438373565674,0.46809775782593355
UBFC_PHYS_s14_T1_ctrl,112,47,113.56666666666666,-2.1010005474090576,0.9056199419683842
UBFC_PHYS_s14_T1_ctrl,112,48,113.6,-2.7593016624450684,1.2583374050140277
UBFC_PHYS_s14_T1_ctrl,112,49,113.63333333333334,-3.2143163681030273,1.4764689797528414
UBFC_PHYS_s14_T1_ctrl,112,50,113.66666666666667,-3.078566789627075,1.5410638791072118
UBFC_PHYS_s14_T1_ctrl,112,51,113.7,-2.2578446865081787,1.4634287763862426
UBFC_PHYS_s14_T1_ctrl,112,52,113.73333333333333,-1.1555973291397095,1.2736772493346833
UBFC_PHYS_s14_T1_ctrl,112,53,113.76666666666667,-0.24227274954319,1.005922012952723
UBFC_PHYS_s14_T1_ctrl,112,54,113.8,0.31568071246147156,0.6876457942523192
UBFC_PHYS_s14_T1_ctrl,112,55,113.83333333333333,0.5417517423629761,0.3367141252080887
UBFC_PHYS_s14_T1_ctrl,112,56,113.86666666666666,0.5197557806968689,-0.034721988446538274
UBFC_PHYS_s14_T1_ctrl,112,57,113.9,0.4080298840999603,-0.4127388326391858
UBFC_PHYS_s14_T1_ctrl,112,58,113.93333333333334,0.35195571184158325,-0.774650351605338
UBFC_PHYS_s14_T1_ctrl,112,59,113.96666666666667,0.3763737678527832,-1.086002207859377
UBFC_PHYS_s14_T1_ctrl,112,60,114.0,0.4068470001220703,-1.3035659480238708
UBFC_PHYS_s14_T1_ctrl,112,61,114.03333333333333,0.3435065746307373,-1.3842885090636903
UBFC_PHYS_s14_T1_ctrl,112,62,114.06666666666666,0.10856398195028305,-1.297872027878776
UBFC_PHYS_s14_T1_ctrl,112,63,114.1,-0.30566951632499695,-1.0389511055520628
UBFC_PHYS_s14_T1_ctrl,112,64,114.13333333333334,-0.7738085389137268,-0.6344145288865876
UBFC_PHYS_s14_T1_ctrl,112,65,114.16666666666667,-1.1485000848770142,-0.14239853255689894
UBFC_PHYS_s14_T1_ctrl,112,66,114.2,-1.45771062374115,0.35825689966005025
UBFC_PHYS_s14_T1_ctrl,112,67,114.23333333333333,-1.8571299314498901,0.7857634274137643
UBFC_PHYS_s14_T1_ctrl,112,68,114.26666666666667,-2.3435473442077637,1.0742897247001795
UBFC_PHYS_s14_T1_ctrl,112,69,114.3,-2.5870234966278076,1.186864727980457
UBFC_PHYS_s14_T1_ctrl,112,70,114.33333333333333,-2.2318215370178223,1.1183132986101447
UBFC_PHYS_s14_T1_ctrl,112,71,114.36666666666666,-1.3220173120498657,0.8894781101940511
UBFC_PHYS_s14_T1_ctrl,112,72,114.4,-0.2889401912689209,0.5376660900717574
UBFC_PHYS_s14_T1_ctrl,112,73,114.43333333333334,0.48004478216171265,0.10854052061449712
UBFC_PHYS_s14_T1_ctrl,112,74,114.46666666666667,0.8699447512626648,-0.34807415312897
UBFC_PHYS_s14_T1_ctrl,112,75,114.5,0.9121059775352478,-0.7794814484889939
UBFC_PHYS_s14_T1_ctrl,112,76,114.53333333333333,0.7253516912460327,-1.131403447666374
UBFC_PHYS_s14_T1_ctrl,112,77,114.56666666666666,0.5331898927688599,-1.3521179181277851
UBFC_PHYS_s14_T1_ctrl,112,78,114.6,0.470891535282135,-1.4008237711461853
UBFC_PHYS_s14_T1_ctrl,112,79,114.63333333333334,0.48232606053352356,-1.2590277369152112
UBFC_PHYS_s14_T1_ctrl,112,80,114.66666666666667,0.44205179810523987,-0.9407209792177371
UBFC_PHYS_s14_T1_ctrl,112,81,114.7,0.31069573760032654,-0.4953636199582178
UBFC_PHYS_s14_T1_ctrl,112,82,114.73333333333333,0.1268986314535141,0.0009438151653980362
UBFC_PHYS_s14_T1_ctrl,112,83,114.76666666666667,-0.08892073482275009,0.46539112943009464
UBFC_PHYS_s14_T1_ctrl,112,84,114.8,-0.3667568266391754,0.831554427340046
UBFC_PHYS_s14_T1_ctrl,112,85,114.83333333333333,-0.753220796585083,1.0644416724483114
UBFC_PHYS_s14_T1_ctrl,112,86,114.86666666666666,-1.2090522050857544,1.1607731009737672
UBFC_PHYS_s14_T1_ctrl,112,87,114.9,-1.503758430480957,1.136730858182415
UBFC_PHYS_s14_T1_ctrl,112,88,114.93333333333334,-1.355391502380371,1.012388602994043
UBFC_PHYS_s14_T1_ctrl,112,89,114.96666666666667,-0.740040123462677,0.8027460293114634
UBFC_PHYS_s14_T1_ctrl,112,90,115.0,0.058742180466651917,0.5196148095013369
UBFC_PHYS_s14_T1_ctrl,112,91,115.03333333333333,0.7099460363388062,0.1810689377879239
UBFC_PHYS_s14_T1_ctrl,112,92,115.06666666666666,1.0516576766967773,-0.17910257039727046
UBFC_PHYS_s14_T1_ctrl,112,93,115.1,1.0741605758666992,-0.5090157717202027
UBFC_PHYS_s14_T1_ctrl,112,94,115.13333333333334,0.8876034617424011,-0.7465635680479229
UBFC_PHYS_s14_T1_ctrl,112,95,115.16666666666667,0.6884852051734924,-0.8358764459450392
UBFC_PHYS_s14_T1_ctrl,112,96,115.2,0.6007549166679382,-0.7469769332633516
UBFC_PHYS_s14_T1_ctrl,112,97,115.23333333333333,0.5495530962944031,-0.4910598038718573
UBFC_PHYS_s14_T1_ctrl,112,98,115.26666666666667,0.42149218916893005,-0.12364632830861884
UBFC_PHYS_s14_T1_ctrl,112,99,115.3,0.2573816180229187,0.2685206369496192
UBFC_PHYS_s14_T1_ctrl,112,100,115.33333333333333,0.09521432965993881,0.5934509991877649
UBFC_PHYS_s14_T1_ctrl,112,101,115.36666666666666,-0.17476406693458557,0.7821587466362959
UBFC_PHYS_s14_T1_ctrl,112,102,115.4,-0.6438888311386108,0.8067129442854936
UBFC_PHYS_s14_T1_ctrl,112,103,115.43333333333334,-1.18711256980896,0.6808005373574932
UBFC_PHYS_s14_T1_ctrl,112,104,115.46666666666667,-1.4844380617141724,0.44517317570826687
UBFC_PHYS_s14_T1_ctrl,112,105,115.5,-1.255100131034851,0.1479212837277872
UBFC_PHYS_s14_T1_ctrl,112,106,115.53333333333333,-0.5655652284622192,-0.17001569315596804
UBFC_PHYS_s14_T1_ctrl,112,107,115.56666666666666,0.15545673668384552,-0.47890062249293597
UBFC_PHYS_s14_T1_ctrl,112,108,115.6,0.6069228053092957,-0.7550259898993313
UBFC_PHYS_s14_T1_ctrl,112,109,115.63333333333334,0.7787221074104309,-0.9720590104588245
UBFC_PHYS_s14_T1_ctrl,112,110,115.66666666666667,0.7397434115409851,-1.0959007121585473
UBFC_PHYS_s14_T1_ctrl,112,111,115.7,0.5451595187187195,-1.0880082543540575
UBFC_PHYS_s14_T1_ctrl,112,112,115.73333333333333,0.3313398063182831,-0.9178303130079457
UBFC_PHYS_s14_T1_ctrl,112,113,115.76666666666667,0.22124743461608887,-0.5800990462006589
UBFC_PHYS_s14_T1_ctrl,112,114,115.8,0.1543865203857422,-0.1090632621991515
UBFC_PHYS_s14_T1_ctrl,112,115,115.83333333333333,0.03269064426422119,0.41903636328268745
UBFC_PHYS_s14_T1_ctrl,112,116,115.86666666666666,-0.11364857107400894,0.9006297447340587
UBFC_PHYS_s14_T1_ctrl,112,117,115.9,-0.246272012591362,1.2340405419022877
UBFC_PHYS_s14_T1_ctrl,112,118,115.93333333333334,-0.46392202377319336,1.3511322238380687
UBFC_PHYS_s14_T1_ctrl,112,119,115.96666666666667,-0.8854217529296875,1.23615689720137
UBFC_PHYS_s14_T1_ctrl,112,120,116.0,-1.4215482473373413,0.9243321533301075
UBFC_PHYS_s14_T1_ctrl,112,121,116.03333333333333,-1.7036089897155762,0.4843300284879703
UBFC_PHYS_s14_T1_ctrl,112,122,116.06666666666666,-1.4216327667236328,-0.00476371269497348
UBFC_PHYS_s14_T1_ctrl,112,123,116.1,-0.6645047664642334,-0.472103938054628
UBFC_PHYS_s14_T1_ctrl,112,124,116.13333333333334,0.21338972449302673,-0.8641373526629591
UBFC_PHYS_s14_T1_ctrl,112,125,116.16666666666667,0.9450576305389404,-1.144430949123797
UBFC_PHYS_s14_T1_ctrl,112,126,116.2,1.3792592287063599,-1.2886982253899752
UBFC_PHYS_s14_T1_ctrl,112,127,116.23333333333333,1.4287149906158447,-1.2805866039369922
UBFC_PHYS_s14_T1_ctrl,112,128,116.26666666666667,1.2123605012893677,-1.1120548897166844
UBFC_PHYS_s14_T1_ctrl,112,129,116.3,0.9953300356864929,-0.7887767236941832
UBFC_PHYS_s14_T1_ctrl,112,130,116.33333333333333,0.8664805889129639,-0.33759691638074035
UBFC_PHYS_s14_T1_ctrl,112,131,116.36666666666666,0.7189021706581116,0.18910686325314385
UBFC_PHYS_s14_T1_ctrl,112,132,116.4,0.4926903545856476,0.7172057346037979
UBFC_PHYS_s14_T1_ctrl,112,133,116.43333333333334,0.2730407118797302,1.1644442266493302
UBFC_PHYS_s14_T1_ctrl,112,134,116.46666666666667,0.12002665549516678,1.459925805707159
UBFC_PHYS_s14_T1_ctrl,112,135,116.5,-0.10686109215021133,1.5614596687705522
UBFC_PHYS_s14_T1_ctrl,112,136,116.53333333333333,-0.6010516881942749,1.463688194839829
UBFC_PHYS_s14_T1_ctrl,112,137,116.56666666666666,-1.228710651397705,1.1947060284053248
UBFC_PHYS_s14_T1_ctrl,112,138,116.6,-1.5619730949401855,0.8041709373506011
UBFC_PHYS_s14_T1_ctrl,112,139,116.63333333333334,-1.292755126953125,0.34882449274530514
UBFC_PHYS_s14_T1_ctrl,112,140,116.66666666666667,-0.5367818474769592,-0.1191574333648943
UBFC_PHYS_s14_T1_ctrl,112,141,116.7,0.34466129541397095,-0.5580903068326998
UBFC_PHYS_s14_T1_ctrl,112,142,116.73333333333333,1.0895098447799683,-0.9367049586750829
UBFC_PHYS_s14_T1_ctrl,112,143,116.76666666666667,1.5445245504379272,-1.2299509166870872
UBFC_PHYS_s14_T1_ctrl,112,144,116.8,1.5933606624603271,-1.4142045276671091
UBFC_PHYS_s14_T1_ctrl,112,145,116.83333333333333,1.329493761062622,-1.46585796140069
UBFC_PHYS_s14_T1_ctrl,112,146,116.86666666666666,1.0266200304031372,-1.3658217117934184
UBFC_PHYS_s14_T1_ctrl,112,147,116.9,0.8473010063171387,-1.1091668141268731
UBFC_PHYS_s14_T1_ctrl,112,148,116.93333333333334,0.7418838143348694,-0.7152593331952992
UBFC_PHYS_s14_T1_ctrl,112,149,116.96666666666667,0.6313689947128296,-0.2319241684265104
UBFC_PHYS_s14_T1_ctrl,112,150,117.0,0.49133849143981934,0.27077424457510113
UBFC_PHYS_s14_T1_ctrl,112,151,117.03333333333333,0.29821914434432983,0.7165872619259113
UBFC_PHYS_s14_T1_ctrl,112,152,117.06666666666666,0.015792351216077805,1.0432331737216614
UBFC_PHYS_s14_T1_ctrl,112,153,117.1,-0.41677579283714294,1.2182317288142748
UBFC_PHYS_s14_T1_ctrl,112,154,117.13333333333334,-1.0110324621200562,1.2434785376603517
UBFC_PHYS_s14_T1_ctrl,112,155,117.16666666666667,-1.5215297937393188,1.1468111773253602
UBFC_PHYS_s14_T1_ctrl,112,156,117.2,-1.5264866352081299,0.9653086697597639
UBFC_PHYS_s14_T1_ctrl,112,157,117.23333333333333,-0.8846331834793091,0.7290710664103127
UBFC_PHYS_s14_T1_ctrl,112,158,117.26666666666667,0.088229700922966,0.4532511373282588
UBFC_PHYS_s14_T1_ctrl,112,159,117.3,0.9522393941879272,0.14117351469081088
UBFC_PHYS_s14_T1_ctrl,112,160,117.33333333333333,1.499603271484375,-0.20444038652720678
UBFC_PHYS_s14_T1_ctrl,112,161,117.36666666666666,1.710381269454956,-0.5687741412661705
UBFC_PHYS_s14_T1_ctrl,112,162,117.4,1.642957091331482,-0.9173490802582676
UBFC_PHYS_s14_T1_ctrl,112,163,117.43333333333334,1.4220119714736938,-1.19742842504701
UBFC_PHYS_s14_T1_ctrl,112,164,117.46666666666667,1.2101918458938599,-1.3486451672555895
UBFC_PHYS_s14_T1_ctrl,112,165,117.5,1.0658804178237915,-1.3198850707479401
UBFC_PHYS_s14_T1_ctrl,112,166,117.53333333333333,0.9195693731307983,-1.0872050296639788
UBFC_PHYS_s14_T1_ctrl,112,167,117.56666666666666,0.7434046864509583,-0.6667064461740363
UBFC_PHYS_s14_T1_ctrl,112,168,117.6,0.5500600337982178,-0.11711364651935004
UBFC_PHYS_s14_T1_ctrl,112,169,117.63333333333334,0.26225394010543823,0.47053535699609395
UBFC_PHYS_s14_T1_ctrl,112,170,117.66666666666667,-0.13178607821464539,0.9944444476541328
UBFC_PHYS_s14_T1_ctrl,112,171,117.7,-0.4422077238559723,1.3682761416864462
UBFC_PHYS_s14_T1_ctrl,112,172,117.73333333333333,-0.5789148807525635,1.5419810284301945
UBFC_PHYS_s14_T1_ctrl,112,173,117.76666666666667,-0.6914575099945068,1.508791517665477
UBFC_PHYS_s14_T1_ctrl,112,174,117.8,-0.7356465458869934,1.297285982622103
UBFC_PHYS_s14_T1_ctrl,112,175,117.83333333333333,-0.47172340750694275,0.9550156161382427
UBFC_PHYS_s14_T1_ctrl,112,176,117.86666666666666,0.03066284954547882,0.5324020783592527
UBFC_PHYS_s14_T1_ctrl,112,177,117.9,0.45027562975883484,0.07292288958787825
UBFC_PHYS_s14_T1_ctrl,112,178,117.93333333333334,0.6426063776016235,-0.3886496050102572
UBFC_PHYS_s14_T1_ctrl,112,179,117.96666666666667,0.6289469003677368,-0.8219359721327989
UBFC_PHYS_s14_T1_ctrl,112,180,118.0,0.4288147985935211,-1.1948458455171183
UBFC_PHYS_s14_T1_ctrl,112,181,118.03333333333333,0.1611739993095398,-1.4702954803726063
UBFC_PHYS_s14_T1_ctrl,112,182,118.06666666666666,0.04604029655456543,-1.6087742017391937
UBFC_PHYS_s14_T1_ctrl,112,183,118.1,0.12861661612987518,-1.5769961469237284
UBFC_PHYS_s14_T1_ctrl,112,184,118.13333333333334,0.23544199764728546,-1.3599188511033056
UBFC_PHYS_s14_T1_ctrl,112,185,118.16666666666667,0.23392115533351898,-0.9712983718542927
UBFC_PHYS_s14_T1_ctrl,112,186,118.2,0.15861108899116516,-0.4575632691515502
UBFC_PHYS_s14_T1_ctrl,112,187,118.23333333333333,0.04913831502199173,0.10824132695548308
UBFC_PHYS_s14_T1_ctrl,112,188,118.26666666666667,-0.1670471727848053,0.6416831627020995
UBFC_PHYS_s14_T1_ctrl,112,189,118.3,-0.5725780725479126,1.0662844395154456
UBFC_PHYS_s14_T1_ctrl,112,190,118.33333333333333,-1.1006215810775757,1.3296112488078855
UBFC_PHYS_s14_T1_ctrl,112,191,118.36666666666666,-1.46768057346344,1.410188103336819
UBFC_PHYS_s14_T1_ctrl,112,192,118.4,-1.329452633857727,1.314229487007317
UBFC_PHYS_s14_T1_ctrl,112,193,118.43333333333334,-0.6253007054328918,1.0664743496028573
UBFC_PHYS_s14_T1_ctrl,112,194,118.46666666666667,0.3076540231704712,0.7016341159303809
UBFC_PHYS_s14_T1_ctrl,112,195,118.5,1.044335126876831,0.2609263558278227
UBFC_PHYS_s14_T1_ctrl,112,196,118.53333333333333,1.3844413757324219,-0.2066712437460004
UBFC_PHYS_s14_T1_ctrl,112,197,118.56666666666666,1.3641635179519653,-0.6428645967134866
UBFC_PHYS_s14_T1_ctrl,112,198,118.6,1.0942695140838623,-0.9830479621017105
UBFC_PHYS_s14_T1_ctrl,112,199,118.63333333333334,0.7787221074104309,-1.1660688291729668
UBFC_PHYS_s14_T1_ctrl,112,200,118.66666666666667,0.6184981465339661,-1.149248214875101
UBFC_PHYS_s14_T1_ctrl,112,201,118.7,0.5918833017349243,-0.9238085947730361
UBFC_PHYS_s14_T1_ctrl,112,202,118.73333333333333,0.5244591236114502,-0.5239798525562741
UBFC_PHYS_s14_T1_ctrl,112,203,118.76666666666667,0.370374858379364,-0.023915012633386495
UBFC_PHYS_s14_T1_ctrl,112,204,118.8,0.2048279196023941,0.4793066980203731
UBFC_PHYS_s14_T1_ctrl,112,205,118.83333333333333,-0.003640684997662902,0.8919257608916462
UBFC_PHYS_s14_T1_ctrl,112,206,118.86666666666666,-0.37360063195228577,1.1486680935620623
UBFC_PHYS_s14_T1_ctrl,112,207,118.9,-0.9147684574127197,1.2259869386000628
UBFC_PHYS_s14_T1_ctrl,112,208,118.93333333333334,-1.4169576168060303,1.1388446486091257
UBFC_PHYS_s14_T1_ctrl,112,209,118.96666666666667,-1.5436947345733643,0.9251916686100743
UBFC_PHYS_s14_T1_ctrl,112,210,119.0,-1.103015422821045,0.6275219709441191
UBFC_PHYS_s14_T1_ctrl,112,211,119.03333333333333,-0.27052104473114014,0.28052395125612356
UBFC_PHYS_s14_T1_ctrl,112,212,119.06666666666666,0.542230486869812,-0.0908602884734747
UBFC_PHYS_s14_T1_ctrl,112,213,119.1,1.0622472763061523,-0.4646796685120898
UBFC_PHYS_s14_T1_ctrl,112,214,119.13333333333334,1.2195141315460205,-0.8124944828817424
UBFC_PHYS_s14_T1_ctrl,112,215,119.16666666666667,1.0792582035064697,-1.0940982665009853
UBFC_PHYS_s14_T1_ctrl,112,216,119.2,0.815025269985199,-1.2610596911442136
UBFC_PHYS_s14_T1_ctrl,112,217,119.23333333333333,0.6170899271965027,-1.2693222238414075
UBFC_PHYS_s14_T1_ctrl,112,218,119.26666666666667,0.5276697874069214,-1.0964503522407263
UBFC_PHYS_s14_T1_ctrl,112,219,119.3,0.4214640259742737,-0.7559942304059375
UBFC_PHYS_s14_T1_ctrl,112,220,119.33333333333333,0.22983738780021667,-0.3013052871153499
UBFC_PHYS_s14_T1_ctrl,112,221,119.36666666666666,0.011511450633406639,0.18527621410349332
UBFC_PHYS_s14_T1_ctrl,112,222,119.4,-0.20402628183364868,0.6154405257312023
UBFC_PHYS_s14_T1_ctrl,112,223,119.43333333333334,-0.5139127969741821,0.9211436578511241
UBFC_PHYS_s14_T1_ctrl,112,224,119.46666666666667,-1.0090609788894653,1.0721638601038006
UBFC_PHYS_s14_T1_ctrl,112,225,119.5,-1.578279972076416,1.0768653239405197
UBFC_PHYS_s14_T1_ctrl,112,226,119.53333333333333,-1.8453574180603027,0.9675577937478371
UBFC_PHYS_s14_T1_ctrl,112,227,119.56666666666666,-1.5186853408813477,0.7802252364686745
UBFC_PHYS_s14_T1_ctrl,112,228,119.6,-0.7017654776573181,0.5395792940733608
UBFC_PHYS_s14_T1_ctrl,112,229,119.63333333333334,0.23085129261016846,0.2554009846978383
UBFC_PHYS_s14_T1_ctrl,112,230,119.66666666666667,0.9605477452278137,-0.07042003302414729
UBFC_PHYS_s14_T1_ctrl,112,231,119.7,1.326029658317566,-0.43139550425490875
UBFC_PHYS_s14_T1_ctrl,112,232,119.73333333333333,1.3035831451416016,-0.8051139658805545
UBFC_PHYS_s14_T1_ctrl,112,233,119.76666666666667,1.029492735862732,-1.1484784691481194
UBFC_PHYS_s14_T1_ctrl,112,234,119.8,0.7482770085334778,-1.4024252424760069
UBFC_PHYS_s14_T1_ctrl,112,235,119.83333333333333,0.6034305095672607,-1.5057679091992937
UBFC_PHYS_s14_T1_ctrl,112,236,119.86666666666666,0.5235579013824463,-1.4141480700892135
UBFC_PHYS_s14_T1_ctrl,112,237,119.9,0.3778664469718933,-1.117299484647818
UBFC_PHYS_s14_T1_ctrl,112,238,119.93333333333334,0.18057887256145477,-0.6475348755456658
UBFC_PHYS_s14_T1_ctrl,112,239,119.96666666666667,-0.012568616308271885,-0.07558826703969251
UBFC_PHYS_s14_T1_ctrl,113,0,113.0,-0.9222037196159363,-0.07406394340172884
UBFC_PHYS_s14_T1_ctrl,113,1,113.03333333333333,-0.6613785624504089,0.25074749763373444
UBFC_PHYS_s14_T1_ctrl,113,2,113.06666666666666,0.08623006939888,0.5283711049087368
UBFC_PHYS_s14_T1_ctrl,113,3,113.1,0.8527084589004517,0.718844930991853
UBFC_PHYS_s14_T1_ctrl,113,4,113.13333333333334,1.2790242433547974,0.7977658054927357
UBFC_PHYS_s14_T1_ctrl,113,5,113.16666666666667,1.3109056949615479,0.7594343788670745
UBFC_PHYS_s14_T1_ctrl,113,6,113.2,1.1316993236541748,0.6152115750539774
UBFC_PHYS_s14_T1_ctrl,113,7,113.23333333333333,0.9649976491928101,0.3883871255550703
UBFC_PHYS_s14_T1_ctrl,113,8,113.26666666666667,0.9116553664207458,0.1085559632566468
UBFC_PHYS_s14_T1_ctrl,113,9,113.3,0.9404950737953186,-0.1917707771284773
UBFC_PHYS_s14_T1_ctrl,113,10,113.33333333333333,0.9819522500038147,-0.47773788148942786
UBFC_PHYS_s14_T1_ctrl,113,11,113.36666666666666,0.9326373934745789,-0.7118451875689574
UBFC_PHYS_s14_T1_ctrl,113,12,113.4,0.6824581623077393,-0.8558740484979895
UBFC_PHYS_s14_T1_ctrl,113,13,113.43333333333334,0.2271054983139038,-0.8771596891466457
UBFC_PHYS_s14_T1_ctrl,113,14,113.46666666666667,-0.3219200372695923,-0.758565365476704
UBFC_PHYS_s14_T1_ctrl,113,15,113.5,-0.8850274682044983,-0.5082323531733156
UBFC_PHYS_s14_T1_ctrl,113,16,113.53333333333333,-1.4682438373565674,-0.16332417170545419
UBFC_PHYS_s14_T1_ctrl,113,17,113.56666666666666,-2.1010005474090576,0.21635085065661114
UBFC_PHYS_s14_T1_ctrl,113,18,113.6,-2.7593016624450684,0.5637262998051252
UBFC_PHYS_s14_T1_ctrl,113,19,113.63333333333334,-3.2143163681030273,0.8224871395990998
UBFC_PHYS_s14_T1_ctrl,113,20,113.66666666666667,-3.078566789627075,0.9598586409586441
UBFC_PHYS_s14_T1_ctrl,113,21,113.7,-2.2578446865081787,0.9695051810202149
UBFC_PHYS_s14_T1_ctrl,113,22,113.73333333333333,-1.1555973291397095,0.8654941329773639
UBFC_PHYS_s14_T1_ctrl,113,23,113.76666666666667,-0.24227274954319,0.6723137583804499
UBFC_PHYS_s14_T1_ctrl,113,24,113.8,0.31568071246147156,0.41591548469210726
UBFC_PHYS_s14_T1_ctrl,113,25,113.83333333333333,0.5417517423629761,0.11857291062113373
UBFC_PHYS_s14_T1_ctrl,113,26,113.86666666666666,0.5197557806968689,-0.20131779508807632
UBFC_PHYS_s14_T1_ctrl,113,27,113.9,0.4080298840999603,-0.5248249498078255
UBFC_PHYS_s14_T1_ctrl,113,28,113.93333333333334,0.35195571184158325,-0.825960482166733
UBFC_PHYS_s14_T1_ctrl,113,29,113.96666666666667,0.3763737678527832,-1.0673811844916805
UBFC_PHYS_s14_T1_ctrl,113,30,114.0,0.4068470001220703,-1.2025170683558373
UBFC_PHYS_s14_T1_ctrl,113,31,114.03333333333333,0.3435065746307373,-1.185936059769946
UBFC_PHYS_s14_T1_ctrl,113,32,114.06666666666666,0.10856398195028305,-0.9898587663634676
UBFC_PHYS_s14_T1_ctrl,113,33,114.1,-0.30566951632499695,-0.6206877796001935
UBFC_PHYS_s14_T1_ctrl,113,34,114.13333333333334,-0.7738085389137268,-0.12719887456369222
UBFC_PHYS_s14_T1_ctrl,113,35,114.16666666666667,-1.1485000848770142,0.4059877573773329
UBFC_PHYS_s14_T1_ctrl,113,36,114.2,-1.45771062374115,0.8795302400578475
UBFC_PHYS_s14_T1_ctrl,113,37,114.23333333333333,-1.8571299314498901,1.2073509878853967
UBFC_PHYS_s14_T1_ctrl,113,38,114.26666666666667,-2.3435473442077637,1.33971758458427
UBFC_PHYS_s14_T1_ctrl,113,39,114.3,-2.5870234966278076,1.2719630854850115
UBFC_PHYS_s14_T1_ctrl,113,40,114.33333333333333,-2.2318215370178223,1.0371125346647858
UBFC_PHYS_s14_T1_ctrl,113,41,114.36666666666666,-1.3220173120498657,0.6885676191684805
UBFC_PHYS_s14_T1_ctrl,113,42,114.4,-0.2889401912689209,0.2820983293173492
UBFC_PHYS_s14_T1_ctrl,113,43,114.43333333333334,0.48004478216171265,-0.135538959162333
UBFC_PHYS_s14_T1_ctrl,113,44,114.46666666666667,0.8699447512626648,-0.528563898949035
UBFC_PHYS_s14_T1_ctrl,113,45,114.5,0.9121059775352478,-0.8668465634980297
UBFC_PHYS_s14_T1_ctrl,113,46,114.53333333333333,0.7253516912460327,-1.1189533405286833
UBFC_PHYS_s14_T1_ctrl,113,47,114.56666666666666,0.5331898927688599,-1.2498672094612144
UBFC_PHYS_s14_T1_ctrl,113,48,114.6,0.470891535282135,-1.2270168093743594
UBFC_PHYS_s14_T1_ctrl,113,49,114.63333333333334,0.48232606053352356,-1.033414932538684
UBFC_PHYS_s14_T1_ctrl,113,50,114.66666666666667,0.44205179810523987,-0.6818855332737462
UBFC_PHYS_s14_T1_ctrl,113,51,114.7,0.31069573760032654,-0.22190623423201697
UBFC_PHYS_s14_T1_ctrl,113,52,114.73333333333333,0.1268986314535141,0.2676006034802584
UBFC_PHYS_s14_T1_ctrl,113,53,114.76666666666667,-0.08892073482275009,0.6993829278832426
UBFC_PHYS_s14_T1_ctrl,113,54,114.8,-0.3667568266391754,1.0037084174586655
UBFC_PHYS_s14_T1_ctrl,113,55,114.83333333333333,-0.753220796585083,1.1459352938862266
UBFC_PHYS_s14_T1_ctrl,113,56,114.86666666666666,-1.2090522050857544,1.1284305052272854
UBFC_PHYS_s14_T1_ctrl,113,57,114.9,-1.503758430480957,0.9791262618864395
UBFC_PHYS_s14_T1_ctrl,113,58,114.93333333333334,-1.355391502380371,0.7349606628834333
UBFC_PHYS_s14_T1_ctrl,113,59,114.96666666666667,-0.740040123462677,0.42890017783826817
UBFC_PHYS_s14_T1_ctrl,113,60,115.0,0.058742180466651917,0.0859908983913216
UBFC_PHYS_s14_T1_ctrl,113,61,115.03333333333333,0.7099460363388062,-0.2713280677000675
UBFC_PHYS_s14_T1_ctrl,113,62,115.06666666666666,1.0516576766967773,-0.613611468299373
UBFC_PHYS_s14_T1_ctrl,113,63,115.1,1.0741605758666992,-0.8980139182548508
UBFC_PHYS_s14_T1_ctrl,113,64,115.13333333333334,0.8876034617424011,-1.0710539499377936
UBFC_PHYS_s14_T1_ctrl,113,65,115.16666666666667,0.6884852051734924,-1.0818483667637462
UBFC_PHYS_s14_T1_ctrl,113,66,115.2,0.6007549166679382,-0.901800505698544
UBFC_PHYS_s14_T1_ctrl,113,67,115.23333333333333,0.5495530962944031,-0.5426363990873091
UBFC_PHYS_s14_T1_ctrl,113,68,115.26666666666667,0.42149218916893005,-0.06346463243375769
UBFC_PHYS_s14_T1_ctrl,113,69,115.3,0.2573816180229187,0.4393769711601214
UBFC_PHYS_s14_T1_ctrl,113,70,115.33333333333333,0.09521432965993881,0.858696489894535
UBFC_PHYS_s14_T1_ctrl,113,71,115.36666666666666,-0.17476406693458557,1.1094874791467306
UBFC_PHYS_s14_T1_ctrl,113,72,115.4,-0.6438888311386108,1.1538719683831355
UBFC_PHYS_s14_T1_ctrl,113,73,115.43333333333334,-1.18711256980896,1.0063253689991594
UBFC_PHYS_s14_T1_ctrl,113,74,115.46666666666667,-1.4844380617141724,0.7189231003503147
UBFC_PHYS_s14_T1_ctrl,113,75,115.5,-1.255100131034851,0.35710000140507164
UBFC_PHYS_s14_T1_ctrl,113,76,115.53333333333333,-0.5655652284622192,-0.021538840569504378
UBFC_PHYS_s14_T1_ctrl,113,77,115.56666666666666,0.15545673668384552,-0.3777115687790408
UBFC_PHYS_s14_T1_ctrl,113,78,115.6,0.6069228053092957,-0.6888044242942838
UBFC_PHYS_s14_T1_ctrl,113,79,115.63333333333334,0.7787221074104309,-0.9388324977232145
UBFC_PHYS_s14_T1_ctrl,113,80,115.66666666666667,0.7397434115409851,-1.107366279670631
UBFC_PHYS_s14_T1_ctrl,113,81,115.7,0.5451595187187195,-1.1651570354793297
UBFC_PHYS_s14_T1_ctrl,113,82,115.73333333333333,0.3313398063182831,-1.0805939200485841
UBFC_PHYS_s14_T1_ctrl,113,83,115.76666666666667,0.22124743461608887,-0.8351957815795878
UBFC_PHYS_s14_T1_ctrl,113,84,115.8,0.1543865203857422,-0.4409014347936323
UBFC_PHYS_s14_T1_ctrl,113,85,115.83333333333333,0.03269064426422119,0.050666483695891947
UBFC_PHYS_s14_T1_ctrl,113,86,115.86666666666666,-0.11364857107400894,0.5548097851080752
UBFC_PHYS_s14_T1_ctrl,113,87,115.9,-0.246272012591362,0.9766271938791528
UBFC_PHYS_s14_T1_ctrl,113,88,115.93333333333334,-0.46392202377319336,1.2403964390121844
UBFC_PHYS_s14_T1_ctrl,113,89,115.96666666666667,-0.8854217529296875,1.31086196031298
UBFC_PHYS_s14_T1_ctrl,113,90,116.0,-1.4215482473373413,1.1972395511214897
UBFC_PHYS_s14_T1_ctrl,113,91,116.03333333333333,-1.7036089897155762,0.9411520683656962
UBFC_PHYS_s14_T1_ctrl,113,92,116.06666666666666,-1.4216327667236328,0.5969373081861802
UBFC_PHYS_s14_T1_ctrl,113,93,116.1,-0.6645047664642334,0.21410141591843368
UBFC_PHYS_s14_T1_ctrl,113,94,116.13333333333334,0.21338972449302673,-0.17149229978708433
UBFC_PHYS_s14_T1_ctrl,113,95,116.16666666666667,0.9450576305389404,-0.5362054535398929
UBFC_PHYS_s14_T1_ctrl,113,96,116.2,1.3792592287063599,-0.8600573833733302
UBFC_PHYS_s14_T1_ctrl,113,97,116.23333333333333,1.4287149906158447,-1.1169456651941367
UBFC_PHYS_s14_T1_ctrl,113,98,116.26666666666667,1.2123605012893677,-1.2702188579033418
UBFC_PHYS_s14_T1_ctrl,113,99,116.3,0.9953300356864929,-1.277997933643977
UBFC_PHYS_s14_T1_ctrl,113,100,116.33333333333333,0.8664805889129639,-1.107951412641449
UBFC_PHYS_s14_T1_ctrl,113,101,116.36666666666666,0.7189021706581116,-0.7558875075638599
UBFC_PHYS_s14_T1_ctrl,113,102,116.4,0.4926903545856476,-0.2591293664072183
UBFC_PHYS_s14_T1_ctrl,113,103,116.43333333333334,0.2730407118797302,0.30369454449376554
UBFC_PHYS_s14_T1_ctrl,113,104,116.46666666666667,0.12002665549516678,0.8295388451528364
UBFC_PHYS_s14_T1_ctrl,113,105,116.5,-0.10686109215021133,1.2194731657821343
UBFC_PHYS_s14_T1_ctrl,113,106,116.53333333333333,-0.6010516881942749,1.406848640276882
UBFC_PHYS_s14_T1_ctrl,113,107,116.56666666666666,-1.228710651397705,1.372609654156711
UBFC_PHYS_s14_T1_ctrl,113,108,116.6,-1.5619730949401855,1.1428191626286621
UBFC_PHYS_s14_T1_ctrl,113,109,116.63333333333334,-1.292755126953125,0.772976208670578
UBFC_PHYS_s14_T1_ctrl,113,110,116.66666666666667,-0.5367818474769592,0.328300421596342
UBFC_PHYS_s14_T1_ctrl,113,111,116.7,0.34466129541397095,-0.1317718016067372
UBFC_PHYS_s14_T1_ctrl,113,112,116.73333333333333,1.0895098447799683,-0.5603917600303574
UBFC_PHYS_s14_T1_ctrl,113,113,116.76666666666667,1.5445245504379272,-0.921576611310945
UBFC_PHYS_s14_T1_ctrl,113,114,116.8,1.5933606624603271,-1.184222569928881
UBFC_PHYS_s14_T1_ctrl,113,115,116.83333333333333,1.329493761062622,-1.3179190366446014
UBFC_PHYS_s14_T1_ctrl,113,116,116.86666666666666,1.0266200304031372,-1.295192733727453
UBFC_PHYS_s14_T1_ctrl,113,117,116.9,0.8473010063171387,-1.1007701170587
UBFC_PHYS_s14_T1_ctrl,113,118,116.93333333333334,0.7418838143348694,-0.7437176580551804
UBFC_PHYS_s14_T1_ctrl,113,119,116.96666666666667,0.6313689947128296,-0.2653911480899443
UBFC_PHYS_s14_T1_ctrl,113,120,117.0,0.49133849143981934,0.263124883653186
UBFC_PHYS_s14_T1_ctrl,113,121,117.03333333333333,0.29821914434432983,0.7557737849828514
UBFC_PHYS_s14_T1_ctrl,113,122,117.06666666666666,0.015792351216077805,1.1336663598170904
UBFC_PHYS_s14_T1_ctrl,113,123,117.1,-0.41677579283714294,1.3454594135485254
UBFC_PHYS_s14_T1_ctrl,113,124,117.13333333333334,-1.0110324621200562,1.3776282139208604
UBFC_PHYS_s14_T1_ctrl,113,125,117.16666666666667,-1.5215297937393188,1.251334308835625
UBFC_PHYS_s14_T1_ctrl,113,126,117.2,-1.5264866352081299,1.0087361818958933
UBFC_PHYS_s14_T1_ctrl,113,127,117.23333333333333,-0.8846331834793091,0.6957232013419442
UBFC_PHYS_s14_T1_ctrl,113,128,117.26666666666667,0.088229700922966,0.34848271205718884
UBFC_PHYS_s14_T1_ctrl,113,129,117.3,0.9522393941879272,-0.011379829696770002
UBFC_PHYS_s14_T1_ctrl,113,130,117.33333333333333,1.499603271484375,-0.37250804483652167
UBFC_PHYS_s14_T1_ctrl,113,131,117.36666666666666,1.710381269454956,-0.7234771075959059
UBFC_PHYS_s14_T1_ctrl,113,132,117.4,1.642957091331482,-1.042209535294918
UBFC_PHYS_s14_T1_ctrl,113,133,117.43333333333334,1.4220119714736938,-1.2909850274572459
UBFC_PHYS_s14_T1_ctrl,113,134,117.46666666666667,1.2101918458938599,-1.4205812074665793
UBFC_PHYS_s14_T1_ctrl,113,135,117.5,1.0658804178237915,-1.38338550911515
UBFC_PHYS_s14_T1_ctrl,113,136,117.53333333333333,0.9195693731307983,-1.1516658090889427
UBFC_PHYS_s14_T1_ctrl,113,137,117.56666666666666,0.7434046864509583,-0.7344133100243557
UBFC_PHYS_s14_T1_ctrl,113,138,117.6,0.5500600337982178,-0.18511395140723938
UBFC_PHYS_s14_T1_ctrl,113,139,117.63333333333334,0.26225394010543823,0.40521961285560837
UBFC_PHYS_s14_T1_ctrl,113,140,117.66666666666667,-0.13178607821464539,0.9299748140047277
UBFC_PHYS_s14_T1_ctrl,113,141,117.7,-0.4422077238559723,1.2967968782807642
UBFC_PHYS_s14_T1_ctrl,113,142,117.73333333333333,-0.5789148807525635,1.4529752175183148
UBFC_PHYS_s14_T1_ctrl,113,143,117.76666666666667,-0.6914575099945068,1.3951316115306855
UBFC_PHYS_s14_T1_ctrl,113,144,117.8,-0.7356465458869934,1.1605898358349487
UBFC_PHYS_s14_T1_ctrl,113,145,117.83333333333333,-0.47172340750694275,0.8074064081200201
UBFC_PHYS_s14_T1_ctrl,113,146,117.86666666666666,0.03066284954547882,0.3937844998269596
UBFC_PHYS_s14_T1_ctrl,113,147,117.9,0.45027562975883484,-0.03477829630748185
UBFC_PHYS_s14_T1_ctrl,113,148,117.93333333333334,0.6426063776016235,-0.4474200360144966
UBFC_PHYS_s14_T1_ctrl,113,149,117.96666666666667,0.6289469003677368,-0.821019866764784
UBFC_PHYS_s14_T1_ctrl,113,150,118.0,0.4288147985935211,-1.1302307274013859
UBFC_PHYS_s14_T1_ctrl,113,151,118.03333333333333,0.1611739993095398,-1.3411157050339513
UBFC_PHYS_s14_T1_ctrl,113,152,118.06666666666666,0.04604029655456543,-1.4131195082813037
UBFC_PHYS_s14_T1_ctrl,113,153,118.1,0.12861661612987518,-1.3102107563205905
UBFC_PHYS_s14_T1_ctrl,113,154,118.13333333333334,0.23544199764728546,-1.0175999666995876
UBFC_PHYS_s14_T1_ctrl,113,155,118.16666666666667,0.23392115533351898,-0.5567815423024416
UBFC_PHYS_s14_T1_ctrl,113,156,118.2,0.15861108899116516,0.009608286365374294
UBFC_PHYS_s14_T1_ctrl,113,157,118.23333333333333,0.04913831502199173,0.5883813592005834
UBFC_PHYS_s14_T1_ctrl,113,158,118.26666666666667,-0.1670471727848053,1.079540169383092
UBFC_PHYS_s14_T1_ctrl,113,159,118.3,-0.5725780725479126,1.4035276228561269
UBFC_PHYS_s14_T1_ctrl,113,160,118.33333333333333,-1.1006215810775757,1.5202146397592378
UBFC_PHYS_s14_T1_ctrl,113,161,118.36666666666666,-1.46768057346344,1.4323320033373752
UBFC_PHYS_s14_T1_ctrl,113,162,118.4,-1.329452633857727,1.1745221725687303
UBFC_PHYS_s14_T1_ctrl,113,163,118.43333333333334,-0.6253007054328918,0.7961027962984212
UBFC_PHYS_s14_T1_ctrl,113,164,118.46666666666667,0.3076540231704712,0.34676655854861954
UBFC_PHYS_s14_T1_ctrl,113,165,118.5,1.044335126876831,-0.12939806271111584
UBFC_PHYS_s14_T1_ctrl,113,166,118.53333333333333,1.3844413757324219,-0.5916346312258748
UBFC_PHYS_s14_T1_ctrl,113,167,118.56666666666666,1.3641635179519653,-0.9965125389488848
UBFC_PHYS_s14_T1_ctrl,113,168,118.6,1.0942695140838623,-1.2945615892122435
UBFC_PHYS_s14_T1_ctrl,113,169,118.63333333333334,0.7787221074104309,-1.4344913671956587
UBFC_PHYS_s14_T1_ctrl,113,170,118.66666666666667,0.6184981465339661,-1.3758086184646565
UBFC_PHYS_s14_T1_ctrl,113,171,118.7,0.5918833017349243,-1.1057736267098766
UBFC_PHYS_s14_T1_ctrl,113,172,118.73333333333333,0.5244591236114502,-0.6532320995841447
UBFC_PHYS_s14_T1_ctrl,113,173,118.76666666666667,0.370374858379364,-0.09120785679093986
UBFC_PHYS_s14_T1_ctrl,113,174,118.8,0.2048279196023941,0.4769260367858394
UBFC_PHYS_s14_T1_ctrl,113,175,118.83333333333333,-0.003640684997662902,0.9455981811711488
UBFC_PHYS_s14_T1_ctrl,113,176,118.86666666666666,-0.37360063195228577,1.2382082288916783
UBFC_PHYS_s14_T1_ctrl,113,177,118.9,-0.9147684574127197,1.3264114486483374
UBFC_PHYS_s14_T1_ctrl,113,178,118.93333333333334,-1.4169576168060303,1.229233375524418
UBFC_PHYS_s14_T1_ctrl,113,179,118.96666666666667,-1.5436947345733643,0.995165743931528
UBFC_PHYS_s14_T1_ctrl,113,180,119.0,-1.103015422821045,0.6782582103843348
UBFC_PHYS_s14_T1_ctrl,113,181,119.03333333333333,-0.27052104473114014,0.3201996486018167
UBFC_PHYS_s14_T1_ctrl,113,182,119.06666666666666,0.542230486869812,-0.054475816530163854
UBFC_PHYS_s14_T1_ctrl,113,183,119.1,1.0622472763061523,-0.43048918467404157
UBFC_PHYS_s14_T1_ctrl,113,184,119.13333333333334,1.2195141315460205,-0.7881263133372112
UBFC_PHYS_s14_T1_ctrl,113,185,119.16666666666667,1.0792582035064697,-1.093017772706324
UBFC_PHYS_s14_T1_ctrl,113,186,119.2,0.815025269985199,-1.296082403161748
UBFC_PHYS_s14_T1_ctrl,113,187,119.23333333333333,0.6170899271965027,-1.3449421202357728
UBFC_PHYS_s14_T1_ctrl,113,188,119.26666666666667,0.5276697874069214,-1.2028463726909309
UBFC_PHYS_s14_T1_ctrl,113,189,119.3,0.4214640259742737,-0.8675499202782453
UBFC_PHYS_s14_T1_ctrl,113,190,119.33333333333333,0.22983738780021667,-0.38148429065882694
UBFC_PHYS_s14_T1_ctrl,113,191,119.36666666666666,0.011511450633406639,0.1731340522289533
UBFC_PHYS_s14_T1_ctrl,113,192,119.4,-0.20402628183364868,0.6948378491368143
UBFC_PHYS_s14_T1_ctrl,113,193,119.43333333333334,-0.5139127969741821,1.0920734285804015
UBFC_PHYS_s14_T1_ctrl,113,194,119.46666666666667,-1.0090609788894653,1.3082735572082678
UBFC_PHYS_s14_T1_ctrl,113,195,119.5,-1.578279972076416,1.331426521530021
UBFC_PHYS_s14_T1_ctrl,113,196,119.53333333333333,-1.8453574180603027,1.1860342193769982
UBFC_PHYS_s14_T1_ctrl,113,197,119.56666666666666,-1.5186853408813477,0.9152836704587576
UBFC_PHYS_s14_T1_ctrl,113,198,119.6,-0.7017654776573181,0.5642160704571367
UBFC_PHYS_s14_T1_ctrl,113,199,119.63333333333334,0.23085129261016846,0.17099764046427052
UBFC_PHYS_s14_T1_ctrl,113,200,119.66666666666667,0.9605477452278137,-0.23247992603022816
UBFC_PHYS_s14_T1_ctrl,113,201,119.7,1.326029658317566,-0.6142269963474795
UBFC_PHYS_s14_T1_ctrl,113,202,119.73333333333333,1.3035831451416016,-0.9357436557422274
UBFC_PHYS_s14_T1_ctrl,113,203,119.76666666666667,1.029492735862732,-1.1508915870721805
UBFC_PHYS_s14_T1_ctrl,113,204,119.8,0.7482770085334778,-1.2130755248739509
UBFC_PHYS_s14_T1_ctrl,113,205,119.83333333333333,0.6034305095672607,-1.0899799119835463
UBFC_PHYS_s14_T1_ctrl,113,206,119.86666666666666,0.5235579013824463,-0.7806530783461092
UBFC_PHYS_s14_T1_ctrl,113,207,119.9,0.3778664469718933,-0.32644276629528585
UBFC_PHYS_s14_T1_ctrl,113,208,119.93333333333334,0.18057887256145477,0.1924381450203526
UBFC_PHYS_s14_T1_ctrl,113,209,119.96666666666667,-0.012568616308271885,0.6770524802693709
UBFC_PHYS_s14_T1_ctrl,113,210,120.0,-0.28978511691093445,1.0390978223913812
UBFC_PHYS_s14_T1_ctrl,113,211,120.03333333333333,-0.7667112350463867,1.2256197169032275
UBFC_PHYS_s14_T1_ctrl,113,212,120.06666666666666,-1.35567307472229,1.2280374279006219
UBFC_PHYS_s14_T1_ctrl,113,213,120.1,-1.7598520517349243,1.0736833467930262
UBFC_PHYS_s14_T1_ctrl,113,214,120.13333333333334,-1.6400150060653687,0.8069402327844829
UBFC_PHYS_s14_T1_ctrl,113,215,120.16666666666667,-0.9579717516899109,0.47073368223774
UBFC_PHYS_s14_T1_ctrl,113,216,120.2,-0.06748806685209274,0.09649538191446173
UBFC_PHYS_s14_T1_ctrl,113,217,120.23333333333333,0.6649402976036072,-0.29520619097394696
UBFC_PHYS_s14_T1_ctrl,113,218,120.26666666666667,1.0987757444381714,-0.686370964783473
UBFC_PHYS_s14_T1_ctrl,113,219,120.3,1.1948144435882568,-1.0514559618568946
UBFC_PHYS_s14_T1_ctrl,113,220,120.33333333333333,1.0143406391143799,-1.3516800784225234
UBFC_PHYS_s14_T1_ctrl,113,221,120.36666666666666,0.7718219757080078,-1.5379495056557844
UBFC_PHYS_s14_T1_ctrl,113,222,120.4,0.6306648850440979,-1.5627718728996751
UBFC_PHYS_s14_T1_ctrl,113,223,120.43333333333334,0.5514400601387024,-1.3974338217666145
UBFC_PHYS_s14_T1_ctrl,113,224,120.46666666666667,0.4287584722042084,-1.0479327480085805
UBFC_PHYS_s14_T1_ctrl,113,225,120.5,0.24293357133865356,-0.5623465035272203
UBFC_PHYS_s14_T1_ctrl,113,226,120.53333333333333,0.03753482177853584,-0.02406761257287924
UBFC_PHYS_s14_T1_ctrl,113,227,120.56666666666666,-0.19084560871124268,0.46928219078972094
UBFC_PHYS_s14_T1_ctrl,113,228,120.6,-0.5204468369483948,0.8336990361415307
UBFC_PHYS_s14_T1_ctrl,113,229,120.63333333333334,-0.9956831336021423,1.021483523782621
UBFC_PHYS_s14_T1_ctrl,113,230,120.66666666666667,-1.4805514812469482,1.0299979267226906
UBFC_PHYS_s14_T1_ctrl,113,231,120.7,-1.658715844154358,0.8953699457736342
UBFC_PHYS_s14_T1_ctrl,113,232,120.73333333333333,-1.2853761911392212,0.6764750594705214
UBFC_PHYS_s14_T1_ctrl,113,233,120.76666666666667,-0.473300576210022,0.43687168458518116
UBFC_PHYS_s14_T1_ctrl,113,234,120.8,0.38124608993530273,0.23063692978387987
UBFC_PHYS_s14_T1_ctrl,113,235,120.83333333333333,0.976037859916687,0.09435938270301666
UBFC_PHYS_s14_T1_ctrl,113,236,120.86666666666666,1.2141348123550415,0.044445068361944604
UBFC_PHYS_s14_T1_ctrl,113,237,120.9,1.1358393430709839,0.07777828000648086
UBFC_PHYS_s14_T1_ctrl,113,238,120.93333333333334,0.896475076675415,0.17448541219007338
UBFC_PHYS_s14_T1_ctrl,113,239,120.96666666666667,0.6856688261032104,0.30257536280713704
UBFC_PHYS_s14_T1_ctrl,114,0,114.0,0.4068470001220703,0.10628545438771705
UBFC_PHYS_s14_T1_ctrl,114,1,114.03333333333333,0.3435065746307373,0.07831295931970819
UBFC_PHYS_s14_T1_ctrl,114,2,114.06666666666666,0.10856398195028305,0.1107057841180782
UBFC_PHYS_s14_T1_ctrl,114,3,114.1,-0.30566951632499695,0.24652043693421952
UBFC_PHYS_s14_T1_ctrl,114,4,114.13333333333334,-0.7738085389137268,0.49126487001653396
UBFC_PHYS_s14_T1_ctrl,114,5,114.16666666666667,-1.1485000848770142,0.8112073901911455
UBFC_PHYS_s14_T1_ctrl,114,6,114.2,-1.45771062374115,1.1449258684834707
UBFC_PHYS_s14_T1_ctrl,114,7,114.23333333333333,-1.8571299314498901,1.4228523779136344
UBFC_PHYS_s14_T1_ctrl,114,8,114.26666666666667,-2.3435473442077637,1.586616129729935
UBFC_PHYS_s14_T1_ctrl,114,9,114.3,-2.5870234966278076,1.6011130651963705
UBFC_PHYS_s14_T1_ctrl,114,10,114.33333333333333,-2.2318215370178223,1.456992387468001
UBFC_PHYS_s14_T1_ctrl,114,11,114.36666666666666,-1.3220173120498657,1.166361440490414
UBFC_PHYS_s14_T1_ctrl,114,12,114.4,-0.2889401912689209,0.7566793932226427
UBFC_PHYS_s14_T1_ctrl,114,13,114.43333333333334,0.48004478216171265,0.2665361892898583
UBFC_PHYS_s14_T1_ctrl,114,14,114.46666666666667,0.8699447512626648,-0.25609257688107284
UBFC_PHYS_s14_T1_ctrl,114,15,114.5,0.9121059775352478,-0.7551603933391785
UBFC_PHYS_s14_T1_ctrl,114,16,114.53333333333333,0.7253516912460327,-1.1701051268317972
UBFC_PHYS_s14_T1_ctrl,114,17,114.56666666666666,0.5331898927688599,-1.4432416422296581
UBFC_PHYS_s14_T1_ctrl,114,18,114.6,0.470891535282135,-1.5308027932166157
UBFC_PHYS_s14_T1_ctrl,114,19,114.63333333333334,0.48232606053352356,-1.4152580623834836
UBFC_PHYS_s14_T1_ctrl,114,20,114.66666666666667,0.44205179810523987,-1.1144120262407995
UBFC_PHYS_s14_T1_ctrl,114,21,114.7,0.31069573760032654,-0.6820715921795628
UBFC_PHYS_s14_T1_ctrl,114,22,114.73333333333333,0.1268986314535141,-0.19715202730854556
UBFC_PHYS_s14_T1_ctrl,114,23,114.76666666666667,-0.08892073482275009,0.25669763172329635
UBFC_PHYS_s14_T1_ctrl,114,24,114.8,-0.3667568266391754,0.612729736615107
UBFC_PHYS_s14_T1_ctrl,114,25,114.83333333333333,-0.753220796585083,0.8339235219507337
UBFC_PHYS_s14_T1_ctrl,114,26,114.86666666666666,-1.2090522050857544,0.9122273212044258
UBFC_PHYS_s14_T1_ctrl,114,27,114.9,-1.503758430480957,0.857774991841409
UBFC_PHYS_s14_T1_ctrl,114,28,114.93333333333334,-1.355391502380371,0.6867736893763645
UBFC_PHYS_s14_T1_ctrl,114,29,114.96666666666667,-0.740040123462677,0.41600834341811244
UBFC_PHYS_s14_T1_ctrl,114,30,115.0,0.058742180466651917,0.06637787794183533
UBFC_PHYS_s14_T1_ctrl,114,31,115.03333333333333,0.7099460363388062,-0.32859372678522547
UBFC_PHYS_s14_T1_ctrl,114,32,115.06666666666666,1.0516576766967773,-0.7167817704357593
UBFC_PHYS_s14_T1_ctrl,114,33,115.1,1.0741605758666992,-1.030439299910491
UBFC_PHYS_s14_T1_ctrl,114,34,115.13333333333334,0.8876034617424011,-1.199867974754733
UBFC_PHYS_s14_T1_ctrl,114,35,115.16666666666667,0.6884852051734924,-1.1739211503174876
UBFC_PHYS_s14_T1_ctrl,114,36,115.2,0.6007549166679382,-0.939660382683093
UBFC_PHYS_s14_T1_ctrl,114,37,115.23333333333333,0.5495530962944031,-0.5325696672095483
UBFC_PHYS_s14_T1_ctrl,114,38,115.26666666666667,0.42149218916893005,-0.03106327275031206
UBFC_PHYS_s14_T1_ctrl,114,39,115.3,0.2573816180229187,0.4649504579618555
UBFC_PHYS_s14_T1_ctrl,114,40,115.33333333333333,0.09521432965993881,0.8636340042970713
UBFC_PHYS_s14_T1_ctrl,114,41,115.36666666666666,-0.17476406693458557,1.1063057552823339
UBFC_PHYS_s14_T1_ctrl,114,42,115.4,-0.6438888311386108,1.1779039457785627
UBFC_PHYS_s14_T1_ctrl,114,43,115.43333333333334,-1.18711256980896,1.1005337569238034
UBFC_PHYS_s14_T1_ctrl,114,44,115.46666666666667,-1.4844380617141724,0.9159628202135215
UBFC_PHYS_s14_T1_ctrl,114,45,115.5,-1.255100131034851,0.6669455995736785
UBFC_PHYS_s14_T1_ctrl,114,46,115.53333333333333,-0.5655652284622192,0.38549560771920494
UBFC_PHYS_s14_T1_ctrl,114,47,115.56666666666666,0.15545673668384552,0.09106506908158188
UBFC_PHYS_s14_T1_ctrl,114,48,115.6,0.6069228053092957,-0.20336063845831176
UBFC_PHYS_s14_T1_ctrl,114,49,115.63333333333334,0.7787221074104309,-0.48220613147432057
UBFC_PHYS_s14_T1_ctrl,114,50,115.66666666666667,0.7397434115409851,-0.7208541969019481
UBFC_PHYS_s14_T1_ctrl,114,51,115.7,0.5451595187187195,-0.8857850811716319
UBFC_PHYS_s14_T1_ctrl,114,52,115.73333333333333,0.3313398063182831,-0.942178575043612
UBFC_PHYS_s14_T1_ctrl,114,53,115.76666666666667,0.22124743461608887,-0.8663741141762464
UBFC_PHYS_s14_T1_ctrl,114,54,115.8,0.1543865203857422,-0.6580161274782597
UBFC_PHYS_s14_T1_ctrl,114,55,115.83333333333333,0.03269064426422119,-0.3460019067833644
UBFC_PHYS_s14_T1_ctrl,114,56,115.86666666666666,-0.11364857107400894,0.01586485634864135
UBFC_PHYS_s14_T1_ctrl,114,57,115.9,-0.246272012591362,0.36304555982953984
UBFC_PHYS_s14_T1_ctrl,114,58,115.93333333333334,-0.46392202377319336,0.6381135869329312
UBFC_PHYS_s14_T1_ctrl,114,59,115.96666666666667,-0.8854217529296875,0.8038172841748584
UBFC_PHYS_s14_T1_ctrl,114,60,116.0,-1.4215482473373413,0.8465397323655897
UBFC_PHYS_s14_T1_ctrl,114,61,116.03333333333333,-1.7036089897155762,0.7715081722622787
UBFC_PHYS_s14_T1_ctrl,114,62,116.06666666666666,-1.4216327667236328,0.5948731384439925
UBFC_PHYS_s14_T1_ctrl,114,63,116.1,-0.6645047664642334,0.33768086054779084
UBFC_PHYS_s14_T1_ctrl,114,64,116.13333333333334,0.21338972449302673,0.024072988071175118
UBFC_PHYS_s14_T1_ctrl,114,65,116.16666666666667,0.9450576305389404,-0.3170104692101029
UBFC_PHYS_s14_T1_ctrl,114,66,116.2,1.3792592287063599,-0.6490899899053898
UBFC_PHYS_s14_T1_ctrl,114,67,116.23333333333333,1.4287149906158447,-0.9272659208637066
UBFC_PHYS_s14_T1_ctrl,114,68,116.26666666666667,1.2123605012893677,-1.1017671321302482
UBFC_PHYS_s14_T1_ctrl,114,69,116.3,0.9953300356864929,-1.1271799071068187
UBFC_PHYS_s14_T1_ctrl,114,70,116.33333333333333,0.8664805889129639,-0.9760690508655385
UBFC_PHYS_s14_T1_ctrl,114,71,116.36666666666666,0.7189021706581116,-0.6525747279313588
UBFC_PHYS_s14_T1_ctrl,114,72,116.4,0.4926903545856476,-0.19943113665766204
UBFC_PHYS_s14_T1_ctrl,114,73,116.43333333333334,0.2730407118797302,0.30713057613391126
UBFC_PHYS_s14_T1_ctrl,114,74,116.46666666666667,0.12002665549516678,0.775229347670349
UBFC_PHYS_s14_T1_ctrl,114,75,116.5,-0.10686109215021133,1.1220799292769912
UBFC_PHYS_s14_T1_ctrl,114,76,116.53333333333333,-0.6010516881942749,1.295549043096452
UBFC_PHYS_s14_T1_ctrl,114,77,116.56666666666666,-1.228710651397705,1.2836428970839049
UBFC_PHYS_s14_T1_ctrl,114,78,116.6,-1.5619730949401855,1.1096439344831683
UBFC_PHYS_s14_T1_ctrl,114,79,116.63333333333334,-1.292755126953125,0.8177766356506946
UBFC_PHYS_s14_T1_ctrl,114,80,116.66666666666667,-0.5367818474769592,0.45719242791582443
UBFC_PHYS_s14_T1_ctrl,114,81,116.7,0.34466129541397095,0.07060785780751348
UBFC_PHYS_s14_T1_ctrl,114,82,116.73333333333333,1.0895098447799683,-0.3095119181775672
UBFC_PHYS_s14_T1_ctrl,114,83,116.76666666666667,1.5445245504379272,-0.657930676425544
UBFC_PHYS_s14_T1_ctrl,114,84,116.8,1.5933606624603271,-0.9501732444807706
UBFC_PHYS_s14_T1_ctrl,114,85,116.83333333333333,1.329493761062622,-1.1572533433099141
UBFC_PHYS_s14_T1_ctrl,114,86,116.86666666666666,1.0266200304031372,-1.2458127366414966
UBFC_PHYS_s14_T1_ctrl,114,87,116.9,0.8473010063171387,-1.18561114974678
UBFC_PHYS_s14_T1_ctrl,114,88,116.93333333333334,0.7418838143348694,-0.9625734917741519
UBFC_PHYS_s14_T1_ctrl,114,89,116.96666666666667,0.6313689947128296,-0.5917966731581743
UBFC_PHYS_s14_T1_ctrl,114,90,117.0,0.49133849143981934,-0.12307513795872475
UBFC_PHYS_s14_T1_ctrl,114,91,117.03333333333333,0.29821914434432983,0.36638846507841505
UBFC_PHYS_s14_T1_ctrl,114,92,117.06666666666666,0.015792351216077805,0.7913608310181548
UBFC_PHYS_s14_T1_ctrl,114,93,117.1,-0.41677579283714294,1.082620127297826
UBFC_PHYS_s14_T1_ctrl,114,94,117.13333333333334,-1.0110324621200562,1.205127885274336
UBFC_PHYS_s14_T1_ctrl,114,95,117.16666666666667,-1.5215297937393188,1.16256697223115
UBFC_PHYS_s14_T1_ctrl,114,96,117.2,-1.5264866352081299,0.9879060903230346
UBFC_PHYS_s14_T1_ctrl,114,97,117.23333333333333,-0.8846331834793091,0.7265857130406894
UBFC_PHYS_s14_T1_ctrl,114,98,117.26666666666667,0.088229700922966,0.42085751264025584
UBFC_PHYS_s14_T1_ctrl,114,99,117.3,0.9522393941879272,0.10113571343296782
UBFC_PHYS_s14_T1_ctrl,114,100,117.33333333333333,1.499603271484375,-0.21413527236927013
UBFC_PHYS_s14_T1_ctrl,114,101,117.36666666666666,1.710381269454956,-0.5123371361230369
UBFC_PHYS_s14_T1_ctrl,114,102,117.4,1.642957091331482,-0.7784689014485029
UBFC_PHYS_s14_T1_ctrl,114,103,117.43333333333334,1.4220119714736938,-0.9891854149983783
UBFC_PHYS_s14_T1_ctrl,114,104,117.46666666666667,1.2101918458938599,-1.1121881635901043
UBFC_PHYS_s14_T1_ctrl,114,105,117.5,1.0658804178237915,-1.1122260747334332
UBFC_PHYS_s14_T1_ctrl,114,106,117.53333333333333,0.9195693731307983,-0.9628341921005809
UBFC_PHYS_s14_T1_ctrl,114,107,117.56666666666666,0.7434046864509583,-0.6603989867348793
UBFC_PHYS_s14_T1_ctrl,114,108,117.6,0.5500600337982178,-0.23467232378530173
UBFC_PHYS_s14_T1_ctrl,114,109,117.63333333333334,0.26225394010543823,0.2506399835990651
UBFC_PHYS_s14_T1_ctrl,114,110,117.66666666666667,-0.13178607821464539,0.7104851652456341
UBFC_PHYS_s14_T1_ctrl,114,111,117.7,-0.4422077238559723,1.0612454062216952
UBFC_PHYS_s14_T1_ctrl,114,112,117.73333333333333,-0.5789148807525635,1.2442695549321743
UBFC_PHYS_s14_T1_ctrl,114,113,117.76666666666667,-0.6914575099945068,1.2394931363195594
UBFC_PHYS_s14_T1_ctrl,114,114,117.8,-0.7356465458869934,1.0645391980587786
UBFC_PHYS_s14_T1_ctrl,114,115,117.83333333333333,-0.47172340750694275,0.7627276480813092
UBFC_PHYS_s14_T1_ctrl,114,116,117.86666666666666,0.03066284954547882,0.38722662013371884
UBFC_PHYS_s14_T1_ctrl,114,117,117.9,0.45027562975883484,-0.012174801911045747
UBFC_PHYS_s14_T1_ctrl,114,118,117.93333333333334,0.6426063776016235,-0.39591913326003425
UBFC_PHYS_s14_T1_ctrl,114,119,117.96666666666667,0.6289469003677368,-0.7346001439248958
UBFC_PHYS_s14_T1_ctrl,114,120,118.0,0.4288147985935211,-1.004276616662946
UBFC_PHYS_s14_T1_ctrl,114,121,118.03333333333333,0.1611739993095398,-1.1812127173327511
UBFC_PHYS_s14_T1_ctrl,114,122,118.06666666666666,0.04604029655456543,-1.2400426666874445
UBFC_PHYS_s14_T1_ctrl,114,123,118.1,0.12861661612987518,-1.1576962551699463
UBFC_PHYS_s14_T1_ctrl,114,124,118.13333333333334,0.23544199764728546,-0.9226859327273879
UBFC_PHYS_s14_T1_ctrl,114,125,118.16666666666667,0.23392115533351898,-0.5462503460365999
UBFC_PHYS_s14_T1_ctrl,114,126,118.2,0.15861108899116516,-0.06956755754355855
UBFC_PHYS_s14_T1_ctrl,114,127,118.23333333333333,0.04913831502199173,0.4384099370215494
UBFC_PHYS_s14_T1_ctrl,114,128,118.26666666666667,-0.1670471727848053,0.894197980024656
UBFC_PHYS_s14_T1_ctrl,114,129,118.3,-0.5725780725479126,1.2202336575650363
UBFC_PHYS_s14_T1_ctrl,114,130,118.33333333333333,-1.1006215810775757,1.3643866536371265
UBFC_PHYS_s14_T1_ctrl,114,131,118.36666666666666,-1.46768057346344,1.3105145653248318
UBFC_PHYS_s14_T1_ctrl,114,132,118.4,-1.329452633857727,1.0771305227267767
UBFC_PHYS_s14_T1_ctrl,114,133,118.43333333333334,-0.6253007054328918,0.7074309813362256
UBFC_PHYS_s14_T1_ctrl,114,134,118.46666666666667,0.3076540231704712,0.25689698001738037
UBFC_PHYS_s14_T1_ctrl,114,135,118.5,1.044335126876831,-0.21631152485319177
UBFC_PHYS_s14_T1_ctrl,114,136,118.53333333333333,1.3844413757324219,-0.6562126718690692
UBFC_PHYS_s14_T1_ctrl,114,137,118.56666666666666,1.3641635179519653,-1.010553182767359
UBFC_PHYS_s14_T1_ctrl,114,138,118.6,1.0942695140838623,-1.232335637165463
UBFC_PHYS_s14_T1_ctrl,114,139,118.63333333333334,0.7787221074104309,-1.284279308626787
UBFC_PHYS_s14_T1_ctrl,114,140,118.66666666666667,0.6184981465339661,-1.1470169811010267
UBFC_PHYS_s14_T1_ctrl,114,141,118.7,0.5918833017349243,-0.8287421070476332
UBFC_PHYS_s14_T1_ctrl,114,142,118.73333333333333,0.5244591236114502,-0.3713975425699376
UBFC_PHYS_s14_T1_ctrl,114,143,118.76666666666667,0.370374858379364,0.15197758892005656
UBFC_PHYS_s14_T1_ctrl,114,144,118.8,0.2048279196023941,0.6513595583020286
UBFC_PHYS_s14_T1_ctrl,114,145,118.83333333333333,-0.003640684997662902,1.0422225745299298
UBFC_PHYS_s14_T1_ctrl,114,146,118.86666666666666,-0.37360063195228577,1.2673747562419941
UBFC_PHYS_s14_T1_ctrl,114,147,118.9,-0.9147684574127197,1.3081413405389257
UBFC_PHYS_s14_T1_ctrl,114,148,118.93333333333334,-1.4169576168060303,1.181035868986275
UBFC_PHYS_s14_T1_ctrl,114,149,118.96666666666667,-1.5436947345733643,0.9241606353536573
UBFC_PHYS_s14_T1_ctrl,114,150,119.0,-1.103015422821045,0.5813958917091436
UBFC_PHYS_s14_T1_ctrl,114,151,119.03333333333333,-0.27052104473114014,0.19134372735425118
UBFC_PHYS_s14_T1_ctrl,114,152,119.06666666666666,0.542230486869812,-0.2155843360855233
UBFC_PHYS_s14_T1_ctrl,114,153,119.1,1.0622472763061523,-0.6127473523634511
UBFC_PHYS_s14_T1_ctrl,114,154,119.13333333333334,1.2195141315460205,-0.9697879496963581
UBFC_PHYS_s14_T1_ctrl,114,155,119.16666666666667,1.0792582035064697,-1.2477517859234986
UBFC_PHYS_s14_T1_ctrl,114,156,119.2,0.815025269985199,-1.401238623978796
UBFC_PHYS_s14_T1_ctrl,114,157,119.23333333333333,0.6170899271965027,-1.3886669404371677
UBFC_PHYS_s14_T1_ctrl,114,158,119.26666666666667,0.5276697874069214,-1.1876391119180325
UBFC_PHYS_s14_T1_ctrl,114,159,119.3,0.4214640259742737,-0.8091028730521217
UBFC_PHYS_s14_T1_ctrl,114,160,119.33333333333333,0.22983738780021667,-0.3030435968645572
UBFC_PHYS_s14_T1_ctrl,114,161,119.36666666666666,0.011511450633406639,0.24901415552418993
UBFC_PHYS_s14_T1_ctrl,114,162,119.4,-0.20402628183364868,0.7537197156701667
UBFC_PHYS_s14_T1_ctrl,114,163,119.43333333333334,-0.5139127969741821,1.1306339051590424
UBFC_PHYS_s14_T1_ctrl,114,164,119.46666666666667,-1.0090609788894653,1.3316193285841955
UBFC_PHYS_s14_T1_ctrl,114,165,119.5,-1.578279972076416,1.3470107281389125
UBFC_PHYS_s14_T1_ctrl,114,166,119.53333333333333,-1.8453574180603027,1.198144646494334
UBFC_PHYS_s14_T1_ctrl,114,167,119.56666666666666,-1.5186853408813477,0.9228047939152633
UBFC_PHYS_s14_T1_ctrl,114,168,119.6,-0.7017654776573181,0.5617771787670378
UBFC_PHYS_s14_T1_ctrl,114,169,119.63333333333334,0.23085129261016846,0.15171362389693868
UBFC_PHYS_s14_T1_ctrl,114,170,119.66666666666667,0.9605477452278137,-0.2747928126549048
UBFC_PHYS_s14_T1_ctrl,114,171,119.7,1.326029658317566,-0.6844730941997382
UBFC_PHYS_s14_T1_ctrl,114,172,119.73333333333333,1.3035831451416016,-1.0382897794286845
UBFC_PHYS_s14_T1_ctrl,114,173,119.76666666666667,1.029492735862732,-1.290216042421608
UBFC_PHYS_s14_T1_ctrl,114,174,119.8,0.7482770085334778,-1.3925369494039441
UBFC_PHYS_s14_T1_ctrl,114,175,119.83333333333333,0.6034305095672607,-1.3076399696747114
UBFC_PHYS_s14_T1_ctrl,114,176,119.86666666666666,0.5235579013824463,-1.0230633471723993
UBFC_PHYS_s14_T1_ctrl,114,177,119.9,0.3778664469718933,-0.5637688770794
UBFC_PHYS_s14_T1_ctrl,114,178,119.93333333333334,0.18057887256145477,0.0053249144713508785
UBFC_PHYS_s14_T1_ctrl,114,179,119.96666666666667,-0.012568616308271885,0.5906445169197209
UBFC_PHYS_s14_T1_ctrl,114,180,120.0,-0.28978511691093445,1.092646226794109
UBFC_PHYS_s14_T1_ctrl,114,181,120.03333333333333,-0.7667112350463867,1.4312135708655256
UBFC_PHYS_s14_T1_ctrl,114,182,120.06666666666666,-1.35567307472229,1.5635402546099337
UBFC_PHYS_s14_T1_ctrl,114,183,120.1,-1.7598520517349243,1.4882546271001527
UBFC_PHYS_s14_T1_ctrl,114,184,120.13333333333334,-1.6400150060653687,1.2366206814566536
UBFC_PHYS_s14_T1_ctrl,114,185,120.16666666666667,-0.9579717516899109,0.8573332385665519
UBFC_PHYS_s14_T1_ctrl,114,186,120.2,-0.06748806685209274,0.4024736286728083
UBFC_PHYS_s14_T1_ctrl,114,187,120.23333333333333,0.6649402976036072,-0.08059224706969807
UBFC_PHYS_s14_T1_ctrl,114,188,120.26666666666667,1.0987757444381714,-0.5505051683183763
UBFC_PHYS_s14_T1_ctrl,114,189,120.3,1.1948144435882568,-0.9686745182363735
UBFC_PHYS_s14_T1_ctrl,114,190,120.33333333333333,1.0143406391143799,-1.295362725561769
UBFC_PHYS_s14_T1_ctrl,114,191,120.36666666666666,0.7718219757080078,-1.4889659273699074
UBFC_PHYS_s14_T1_ctrl,114,192,120.4,0.6306648850440979,-1.5111131170488943
UBFC_PHYS_s14_T1_ctrl,114,193,120.43333333333334,0.5514400601387024,-1.3376456614216197
UBFC_PHYS_s14_T1_ctrl,114,194,120.46666666666667,0.4287584722042084,-0.9720632176911094
UBFC_PHYS_s14_T1_ctrl,114,195,120.5,0.24293357133865356,-0.45511081182420016
UBFC_PHYS_s14_T1_ctrl,114,196,120.53333333333333,0.03753482177853584,0.13619802332977826
UBFC_PHYS_s14_T1_ctrl,114,197,120.56666666666666,-0.19084560871124268,0.7031550834150846
UBFC_PHYS_s14_T1_ctrl,114,198,120.6,-0.5204468369483948,1.149695285781571
UBFC_PHYS_s14_T1_ctrl,114,199,120.63333333333334,-0.9956831336021423,1.4069604306145835
UBFC_PHYS_s14_T1_ctrl,114,200,120.66666666666667,-1.4805514812469482,1.448117028898462
UBFC_PHYS_s14_T1_ctrl,114,201,120.7,-1.658715844154358,1.2884058326487817
UBFC_PHYS_s14_T1_ctrl,114,202,120.73333333333333,-1.2853761911392212,0.9726675945397936
UBFC_PHYS_s14_T1_ctrl,114,203,120.76666666666667,-0.473300576210022,0.5578297831181234
UBFC_PHYS_s14_T1_ctrl,114,204,120.8,0.38124608993530273,0.09829228387772809
UBFC_PHYS_s14_T1_ctrl,114,205,120.83333333333333,0.976037859916687,-0.3611200369765639
UBFC_PHYS_s14_T1_ctrl,114,206,120.86666666666666,1.2141348123550415,-0.784239326061121
UBFC_PHYS_s14_T1_ctrl,114,207,120.9,1.1358393430709839,-1.1377779868361397
UBFC_PHYS_s14_T1_ctrl,114,208,120.93333333333334,0.896475076675415,-1.3856911764600477
UBFC_PHYS_s14_T1_ctrl,114,209,120.96666666666667,0.6856688261032104,-1.4885596586817431
UBFC_PHYS_s14_T1_ctrl,114,210,121.0,0.5825892686843872,-1.4107539670976568
UBFC_PHYS_s14_T1_ctrl,114,211,121.03333333333333,0.513700544834137,-1.1343811045083174
UBFC_PHYS_s14_T1_ctrl,114,212,121.06666666666666,0.3874984681606293,-0.6747183438611565
UBFC_PHYS_s14_T1_ctrl,114,213,121.1,0.2147134244441986,-0.08901488498981071
UBFC_PHYS_s14_T1_ctrl,114,214,121.13333333333334,0.03443680331110954,0.5286904188915541
UBFC_PHYS_s14_T1_ctrl,114,215,121.16666666666667,-0.19994251430034637,1.0685344609633072
UBFC_PHYS_s14_T1_ctrl,114,216,121.2,-0.5706347227096558,1.4348155618846186
UBFC_PHYS_s14_T1_ctrl,114,217,121.23333333333333,-1.0733871459960938,1.5724062444696438
UBFC_PHYS_s14_T1_ctrl,114,218,121.26666666666667,-1.5502569675445557,1.4785160762442797
UBFC_PHYS_s14_T1_ctrl,114,219,121.3,-1.695300579071045,1.1962678501399246
UBFC_PHYS_s14_T1_ctrl,114,220,121.33333333333333,-1.3084704875946045,0.7952059641950311
UBFC_PHYS_s14_T1_ctrl,114,221,121.36666666666666,-0.5371198058128357,0.34870883445960676
UBFC_PHYS_s14_T1_ctrl,114,222,121.4,0.26481685042381287,-0.08283961503506655
UBFC_PHYS_s14_T1_ctrl,114,223,121.43333333333334,0.8380351066589355,-0.45905103054788393
UBFC_PHYS_s14_T1_ctrl,114,224,121.46666666666667,1.0850600004196167,-0.7573787497523083
UBFC_PHYS_s14_T1_ctrl,114,225,121.5,1.0329288244247437,-0.9654253641971928
UBFC_PHYS_s14_T1_ctrl,114,226,121.53333333333333,0.8357256650924683,-1.0723888717825139
UBFC_PHYS_s14_T1_ctrl,114,227,121.56666666666666,0.6696999669075012,-1.0640835525450834
UBFC_PHYS_s14_T1_ctrl,114,228,121.6,0.5892640948295593,-0.9247721064337975
UBFC_PHYS_s14_T1_ctrl,114,229,121.63333333333334,0.5404561758041382,-0.6463669154796892
UBFC_PHYS_s14_T1_ctrl,114,230,121.66666666666667,0.4367006719112396,-0.2414620421132986
UBFC_PHYS_s14_T1_ctrl,114,231,121.7,0.2512982189655304,0.2469089907571752
UBFC_PHYS_s14_T1_ctrl,114,232,121.73333333333333,0.041167955845594406,0.7462661733582076
UBFC_PHYS_s14_T1_ctrl,114,233,121.76666666666667,-0.1754399985074997,1.1693160799852362
UBFC_PHYS_s14_T1_ctrl,114,234,121.8,-0.4730471074581146,1.437085965684308
UBFC_PHYS_s14_T1_ctrl,114,235,121.83333333333333,-0.875170111656189,1.499933370818938
UBFC_PHYS_s14_T1_ctrl,114,236,121.86666666666666,-1.2656052112579346,1.347521609098853
UBFC_PHYS_s14_T1_ctrl,114,237,121.9,-1.4125076532363892,1.0057320515716954
UBFC_PHYS_s14_T1_ctrl,114,238,121.93333333333334,-1.1063106060028076,0.5252655541082702
UBFC_PHYS_s14_T1_ctrl,114,239,121.96666666666667,-0.39739906787872314,-0.030515696491984677
UBFC_PHYS_s14_T1_ctrl,115,0,115.0,0.058742180466651917,0.0757155340403771
UBFC_PHYS_s14_T1_ctrl,115,1,115.03333333333333,0.7099460363388062,0.0065061559084230326
UBFC_PHYS_s14_T1_ctrl,115,2,115.06666666666666,1.0516576766967773,-0.032016744716601285
UBFC_PHYS_s14_T1_ctrl,115,3,115.1,1.0741605758666992,-0.011520428158949289
UBFC_PHYS_s14_T1_ctrl,115,4,115.13333333333334,0.8876034617424011,0.08787517354734786
UBFC_PHYS_s14_T1_ctrl,115,5,115.16666666666667,0.6884852051734924,0.2699593204806924
UBFC_PHYS_s14_T1_ctrl,115,6,115.2,0.6007549166679382,0.5151650084589172
UBFC_PHYS_s14_T1_ctrl,115,7,115.23333333333333,0.5495530962944031,0.7790420365127446
UBFC_PHYS_s14_T1_ctrl,115,8,115.26666666666667,0.42149218916893005,1.000709482511803
UBFC_PHYS_s14_T1_ctrl,115,9,115.3,0.2573816180229187,1.1205820050986657
UBFC_PHYS_s14_T1_ctrl,115,10,115.33333333333333,0.09521432965993881,1.1004109204122627
UBFC_PHYS_s14_T1_ctrl,115,11,115.36666666666666,-0.17476406693458557,0.9359622035563826
UBFC_PHYS_s14_T1_ctrl,115,12,115.4,-0.6438888311386108,0.6563135985204657
UBFC_PHYS_s14_T1_ctrl,115,13,115.43333333333334,-1.18711256980896,0.3109742535453429
UBFC_PHYS_s14_T1_ctrl,115,14,115.46666666666667,-1.4844380617141724,-0.048142178980612314
UBFC_PHYS_s14_T1_ctrl,115,15,115.5,-1.255100131034851,-0.3812568072131877
UBFC_PHYS_s14_T1_ctrl,115,16,115.53333333333333,-0.5655652284622192,-0.6659777305543336
UBFC_PHYS_s14_T1_ctrl,115,17,115.56666666666666,0.15545673668384552,-0.8927623817442966
UBFC_PHYS_s14_T1_ctrl,115,18,115.6,0.6069228053092957,-1.0549788734363734
UBFC_PHYS_s14_T1_ctrl,115,19,115.63333333333334,0.7787221074104309,-1.1401750585468837
UBFC_PHYS_s14_T1_ctrl,115,20,115.66666666666667,0.7397434115409851,-1.1279401779724727
UBFC_PHYS_s14_T1_ctrl,115,21,115.7,0.5451595187187195,-0.9961974370869384
UBFC_PHYS_s14_T1_ctrl,115,22,115.73333333333333,0.3313398063182831,-0.7337316254975322
UBFC_PHYS_s14_T1_ctrl,115,23,115.76666666666667,0.22124743461608887,-0.3534889084511797
UBFC_PHYS_s14_T1_ctrl,115,24,115.8,0.1543865203857422,0.10028321602811155
UBFC_PHYS_s14_T1_ctrl,115,25,115.83333333333333,0.03269064426422119,0.5564680391694143
UBFC_PHYS_s14_T1_ctrl,115,26,115.86666666666666,-0.11364857107400894,0.9337401278272587
UBFC_PHYS_s14_T1_ctrl,115,27,115.9,-0.246272012591362,1.1637584181534302
UBFC_PHYS_s14_T1_ctrl,115,28,115.93333333333334,-0.46392202377319336,1.2105896714286108
UBFC_PHYS_s14_T1_ctrl,115,29,115.96666666666667,-0.8854217529296875,1.0773198061537714
UBFC_PHYS_s14_T1_ctrl,115,30,116.0,-1.4215482473373413,0.7984629873855521
UBFC_PHYS_s14_T1_ctrl,115,31,116.03333333333333,-1.7036089897155762,0.4246333274985621
UBFC_PHYS_s14_T1_ctrl,115,32,116.06666666666666,-1.4216327667236328,0.007945431605103222
UBFC_PHYS_s14_T1_ctrl,115,33,116.1,-0.6645047664642334,-0.4064142650861534
UBFC_PHYS_s14_T1_ctrl,115,34,116.13333333333334,0.21338972449302673,-0.7812403716922905
UBFC_PHYS_s14_T1_ctrl,115,35,116.16666666666667,0.9450576305389404,-1.0833566828854124
UBFC_PHYS_s14_T1_ctrl,115,36,116.2,1.3792592287063599,-1.2792692950679818
UBFC_PHYS_s14_T1_ctrl,115,37,116.23333333333333,1.4287149906158447,-1.335139607253208
UBFC_PHYS_s14_T1_ctrl,115,38,116.26666666666667,1.2123605012893677,-1.2234937522390759
UBFC_PHYS_s14_T1_ctrl,115,39,116.3,0.9953300356864929,-0.93524431894842
UBFC_PHYS_s14_T1_ctrl,115,40,116.33333333333333,0.8664805889129639,-0.491842794365959
UBFC_PHYS_s14_T1_ctrl,115,41,116.36666666666666,0.7189021706581116,0.049507274836481374
UBFC_PHYS_s14_T1_ctrl,115,42,116.4,0.4926903545856476,0.6031827827027352
UBFC_PHYS_s14_T1_ctrl,115,43,116.43333333333334,0.2730407118797302,1.0751491081736944
UBFC_PHYS_s14_T1_ctrl,115,44,116.46666666666667,0.12002665549516678,1.3883064032304004
UBFC_PHYS_s14_T1_ctrl,115,45,116.5,-0.10686109215021133,1.5019601811991696
UBFC_PHYS_s14_T1_ctrl,115,46,116.53333333333333,-0.6010516881942749,1.417571323055236
UBFC_PHYS_s14_T1_ctrl,115,47,116.56666666666666,-1.228710651397705,1.1704138476686694
UBFC_PHYS_s14_T1_ctrl,115,48,116.6,-1.5619730949401855,0.812903698634465
UBFC_PHYS_s14_T1_ctrl,115,49,116.63333333333334,-1.292755126953125,0.39766913715636754
UBFC_PHYS_s14_T1_ctrl,115,50,116.66666666666667,-0.5367818474769592,-0.03301995131984294
UBFC_PHYS_s14_T1_ctrl,115,51,116.7,0.34466129541397095,-0.44876915473192613
UBFC_PHYS_s14_T1_ctrl,115,52,116.73333333333333,1.0895098447799683,-0.8253054646927829
UBFC_PHYS_s14_T1_ctrl,115,53,116.76666666666667,1.5445245504379272,-1.1363724718382218
UBFC_PHYS_s14_T1_ctrl,115,54,116.8,1.5933606624603271,-1.3488452966722753
UBFC_PHYS_s14_T1_ctrl,115,55,116.83333333333333,1.329493761062622,-1.424866609850992
UBFC_PHYS_s14_T1_ctrl,115,56,116.86666666666666,1.0266200304031372,-1.3315281343082954
UBFC_PHYS_s14_T1_ctrl,115,57,116.9,0.8473010063171387,-1.0550424246709682
UBFC_PHYS_s14_T1_ctrl,115,58,116.93333333333334,0.7418838143348694,-0.6136860516889946
UBFC_PHYS_s14_T1_ctrl,115,59,116.96666666666667,0.6313689947128296,-0.06302404093211701
UBFC_PHYS_s14_T1_ctrl,115,60,117.0,0.49133849143981934,0.5112351152608483
UBFC_PHYS_s14_T1_ctrl,115,61,117.03333333333333,0.29821914434432983,1.0125954048381431
UBFC_PHYS_s14_T1_ctrl,115,62,117.06666666666666,0.015792351216077805,1.3588850631454814
UBFC_PHYS_s14_T1_ctrl,115,63,117.1,-0.41677579283714294,1.5030397679258518
UBFC_PHYS_s14_T1_ctrl,115,64,117.13333333333334,-1.0110324621200562,1.4415177852658656
UBFC_PHYS_s14_T1_ctrl,115,65,117.16666666666667,-1.5215297937393188,1.2083654155592898
UBFC_PHYS_s14_T1_ctrl,115,66,117.2,-1.5264866352081299,0.8591616499235796
UBFC_PHYS_s14_T1_ctrl,115,67,117.23333333333333,-0.8846331834793091,0.45255686861162653
UBFC_PHYS_s14_T1_ctrl,115,68,117.26666666666667,0.088229700922966,0.03675415619365173
UBFC_PHYS_s14_T1_ctrl,115,69,117.3,0.9522393941879272,-0.35517530261376823
UBFC_PHYS_s14_T1_ctrl,115,70,117.33333333333333,1.499603271484375,-0.7018237567864002
UBFC_PHYS_s14_T1_ctrl,115,71,117.36666666666666,1.710381269454956,-0.9859688392288897
UBFC_PHYS_s14_T1_ctrl,115,72,117.4,1.642957091331482,-1.1881734724192297
UBFC_PHYS_s14_T1_ctrl,115,73,117.43333333333334,1.4220119714736938,-1.2851344916686833
UBFC_PHYS_s14_T1_ctrl,115,74,117.46666666666667,1.2101918458938599,-1.2538022246378562
UBFC_PHYS_s14_T1_ctrl,115,75,117.5,1.0658804178237915,-1.0796693698220265
UBFC_PHYS_s14_T1_ctrl,115,76,117.53333333333333,0.9195693731307983,-0.7659446243807322
UBFC_PHYS_s14_T1_ctrl,115,77,117.56666666666666,0.7434046864509583,-0.3398753983275604
UBFC_PHYS_s14_T1_ctrl,115,78,117.6,0.5500600337982178,0.14684987403708177
UBFC_PHYS_s14_T1_ctrl,115,79,117.63333333333334,0.26225394010543823,0.6251329830742108
UBFC_PHYS_s14_T1_ctrl,115,80,117.66666666666667,-0.13178607821464539,1.0221655824995135
UBFC_PHYS_s14_T1_ctrl,115,81,117.7,-0.4422077238559723,1.2781061792477537
UBFC_PHYS_s14_T1_ctrl,115,82,117.73333333333333,-0.5789148807525635,1.3595374614965197
UBFC_PHYS_s14_T1_ctrl,115,83,117.76666666666667,-0.6914575099945068,1.2641027858981109
UBFC_PHYS_s14_T1_ctrl,115,84,117.8,-0.7356465458869934,1.0153770132601918
UBFC_PHYS_s14_T1_ctrl,115,85,117.83333333333333,-0.47172340750694275,0.6522047208460406
UBFC_PHYS_s14_T1_ctrl,115,86,117.86666666666666,0.03066284954547882,0.21847051909917958
UBFC_PHYS_s14_T1_ctrl,115,87,117.9,0.45027562975883484,-0.2426074955755393
UBFC_PHYS_s14_T1_ctrl,115,88,117.93333333333334,0.6426063776016235,-0.6889771635359219
UBFC_PHYS_s14_T1_ctrl,115,89,117.96666666666667,0.6289469003677368,-1.077358578683772
UBFC_PHYS_s14_T1_ctrl,115,90,118.0,0.4288147985935211,-1.3616780237564272
UBFC_PHYS_s14_T1_ctrl,115,91,118.03333333333333,0.1611739993095398,-1.4957082154474814
UBFC_PHYS_s14_T1_ctrl,115,92,118.06666666666666,0.04604029655456543,-1.4415414693557174
UBFC_PHYS_s14_T1_ctrl,115,93,118.1,0.12861661612987518,-1.1825983428331446
UBFC_PHYS_s14_T1_ctrl,115,94,118.13333333333334,0.23544199764728546,-0.736499050179248
UBFC_PHYS_s14_T1_ctrl,115,95,118.16666666666667,0.23392115533351898,-0.16095520007368666
UBFC_PHYS_s14_T1_ctrl,115,96,118.2,0.15861108899116516,0.45321458040627816
UBFC_PHYS_s14_T1_ctrl,115,97,118.23333333333333,0.04913831502199173,1.0025799423388142
UBFC_PHYS_s14_T1_ctrl,115,98,118.26666666666667,-0.1670471727848053,1.3979447935888663
UBFC_PHYS_s14_T1_ctrl,115,99,118.3,-0.5725780725479126,1.585980514309531
UBFC_PHYS_s14_T1_ctrl,115,100,118.33333333333333,-1.1006215810775757,1.5571943201364453
UBFC_PHYS_s14_T1_ctrl,115,101,118.36666666666666,-1.46768057346344,1.3393511462271765
UBFC_PHYS_s14_T1_ctrl,115,102,118.4,-1.329452633857727,0.9818866031079434
UBFC_PHYS_s14_T1_ctrl,115,103,118.43333333333334,-0.6253007054328918,0.5394274856810122
UBFC_PHYS_s14_T1_ctrl,115,104,118.46666666666667,0.3076540231704712,0.06116303098515512
UBFC_PHYS_s14_T1_ctrl,115,105,118.5,1.044335126876831,-0.4113409118660069
UBFC_PHYS_s14_T1_ctrl,115,106,118.53333333333333,1.3844413757324219,-0.8401078961906292
UBFC_PHYS_s14_T1_ctrl,115,107,118.56666666666666,1.3641635179519653,-1.1856736047457592
UBFC_PHYS_s14_T1_ctrl,115,108,118.6,1.0942695140838623,-1.4058876583286943
UBFC_PHYS_s14_T1_ctrl,115,109,118.63333333333334,0.7787221074104309,-1.4610563717511673
UBFC_PHYS_s14_T1_ctrl,115,110,118.66666666666667,0.6184981465339661,-1.3248924507856414
UBFC_PHYS_s14_T1_ctrl,115,111,118.7,0.5918833017349243,-0.9977623562156048
UBFC_PHYS_s14_T1_ctrl,115,112,118.73333333333333,0.5244591236114502,-0.5162705843430707
UBFC_PHYS_s14_T1_ctrl,115,113,118.76666666666667,0.370374858379364,0.04717322796086975
UBFC_PHYS_s14_T1_ctrl,115,114,118.8,0.2048279196023941,0.5981097103685574
UBFC_PHYS_s14_T1_ctrl,115,115,118.83333333333333,-0.003640684997662902,1.0440303898235586
UBFC_PHYS_s14_T1_ctrl,115,116,118.86666666666666,-0.37360063195228577,1.3187238401880836
UBFC_PHYS_s14_T1_ctrl,115,117,118.9,-0.9147684574127197,1.3956587234124365
UBFC_PHYS_s14_T1_ctrl,115,118,118.93333333333334,-1.4169576168060303,1.2857639929312163
UBFC_PHYS_s14_T1_ctrl,115,119,118.96666666666667,-1.5436947345733643,1.0241247435468648
UBFC_PHYS_s14_T1_ctrl,115,120,119.0,-1.103015422821045,0.6546331551371393
UBFC_PHYS_s14_T1_ctrl,115,121,119.03333333333333,-0.27052104473114014,0.22010298662849367
UBFC_PHYS_s14_T1_ctrl,115,122,119.06666666666666,0.542230486869812,-0.23962606618962878
UBFC_PHYS_s14_T1_ctrl,115,123,119.1,1.0622472763061523,-0.6840455212764947
UBFC_PHYS_s14_T1_ctrl,115,124,119.13333333333334,1.2195141315460205,-1.0677238802981524
UBFC_PHYS_s14_T1_ctrl,115,125,119.16666666666667,1.0792582035064697,-1.3400946323841425
UBFC_PHYS_s14_T1_ctrl,115,126,119.2,0.815025269985199,-1.4518599650771264
UBFC_PHYS_s14_T1_ctrl,115,127,119.23333333333333,0.6170899271965027,-1.3674417557217948
UBFC_PHYS_s14_T1_ctrl,115,128,119.26666666666667,0.5276697874069214,-1.0795243021420577
UBFC_PHYS_s14_T1_ctrl,115,129,119.3,0.4214640259742737,-0.6193392766636366
UBFC_PHYS_s14_T1_ctrl,115,130,119.33333333333333,0.22983738780021667,-0.05635835325150796
UBFC_PHYS_s14_T1_ctrl,115,131,119.36666666666666,0.011511450633406639,0.5153845890372117
UBFC_PHYS_s14_T1_ctrl,115,132,119.4,-0.20402628183364868,1.0007777817093342
UBFC_PHYS_s14_T1_ctrl,115,133,119.43333333333334,-0.5139127969741821,1.3278729856827964
UBFC_PHYS_s14_T1_ctrl,115,134,119.46666666666667,-1.0090609788894653,1.4629366557671688
UBFC_PHYS_s14_T1_ctrl,115,135,119.5,-1.578279972076416,1.4109215722864916
UBFC_PHYS_s14_T1_ctrl,115,136,119.53333333333333,-1.8453574180603027,1.2035861034649897
UBFC_PHYS_s14_T1_ctrl,115,137,119.56666666666666,-1.5186853408813477,0.8832163731630879
UBFC_PHYS_s14_T1_ctrl,115,138,119.6,-0.7017654776573181,0.4901584512625369
UBFC_PHYS_s14_T1_ctrl,115,139,119.63333333333334,0.23085129261016846,0.05830465965400945
UBFC_PHYS_s14_T1_ctrl,115,140,119.66666666666667,0.9605477452278137,-0.38223690048649545
UBFC_PHYS_s14_T1_ctrl,115,141,119.7,1.326029658317566,-0.799248150716748
UBFC_PHYS_s14_T1_ctrl,115,142,119.73333333333333,1.3035831451416016,-1.1538119425516722
UBFC_PHYS_s14_T1_ctrl,115,143,119.76666666666667,1.029492735862732,-1.400403927530463
UBFC_PHYS_s14_T1_ctrl,115,144,119.8,0.7482770085334778,-1.493332523970543
UBFC_PHYS_s14_T1_ctrl,115,145,119.83333333333333,0.6034305095672607,-1.398927510135543
UBFC_PHYS_s14_T1_ctrl,115,146,119.86666666666666,0.5235579013824463,-1.1099558691485332
UBFC_PHYS_s14_T1_ctrl,115,147,119.9,0.3778664469718933,-0.6561669584833667
UBFC_PHYS_s14_T1_ctrl,115,148,119.93333333333334,0.18057887256145477,-0.10441397882871625
UBFC_PHYS_s14_T1_ctrl,115,149,119.96666666666667,-0.012568616308271885,0.45477043689987784
UBFC_PHYS_s14_T1_ctrl,115,150,120.0,-0.28978511691093445,0.9304707077991592
UBFC_PHYS_s14_T1_ctrl,115,151,120.03333333333333,-0.7667112350463867,1.2550203011032728
UBFC_PHYS_s14_T1_ctrl,115,152,120.06666666666666,-1.35567307472229,1.3978447870977326
UBFC_PHYS_s14_T1_ctrl,115,153,120.1,-1.7598520517349243,1.364590590534653
UBFC_PHYS_s14_T1_ctrl,115,154,120.13333333333334,-1.6400150060653687,1.1845310880028403
UBFC_PHYS_s14_T1_ctrl,115,155,120.16666666666667,-0.9579717516899109,0.8947276824053128
UBFC_PHYS_s14_T1_ctrl,115,156,120.2,-0.06748806685209274,0.5290991786455957
UBFC_PHYS_s14_T1_ctrl,115,157,120.23333333333333,0.6649402976036072,0.11598259970274553
UBFC_PHYS_s14_T1_ctrl,115,158,120.26666666666667,1.0987757444381714,-0.3173042355818404
UBFC_PHYS_s14_T1_ctrl,115,159,120.3,1.1948144435882568,-0.737486008979584
UBFC_PHYS_s14_T1_ctrl,115,160,120.33333333333333,1.0143406391143799,-1.1009361950944947
UBFC_PHYS_s14_T1_ctrl,115,161,120.36666666666666,0.7718219757080078,-1.355406492887325
UBFC_PHYS_s14_T1_ctrl,115,162,120.4,0.6306648850440979,-1.4491722284909123
UBFC_PHYS_s14_T1_ctrl,115,163,120.43333333333334,0.5514400601387024,-1.3459765364200307
UBFC_PHYS_s14_T1_ctrl,115,164,120.46666666666667,0.4287584722042084,-1.0408813693587053
UBFC_PHYS_s14_T1_ctrl,115,165,120.5,0.24293357133865356,-0.5700629222776322
UBFC_PHYS_s14_T1_ctrl,115,166,120.53333333333333,0.03753482177853584,-0.008441828626195143
UBFC_PHYS_s14_T1_ctrl,115,167,120.56666666666666,-0.19084560871124268,0.5466654996397486
UBFC_PHYS_s14_T1_ctrl,115,168,120.6,-0.5204468369483948,1.0012826305131033
UBFC_PHYS_s14_T1_ctrl,115,169,120.63333333333334,-0.9956831336021423,1.290031713560844
UBFC_PHYS_s14_T1_ctrl,115,170,120.66666666666667,-1.4805514812469482,1.3902416746555668
UBFC_PHYS_s14_T1_ctrl,115,171,120.7,-1.658715844154358,1.3192986461249478
UBFC_PHYS_s14_T1_ctrl,115,172,120.73333333333333,-1.2853761911392212,1.118466087246715
UBFC_PHYS_s14_T1_ctrl,115,173,120.76666666666667,-0.473300576210022,0.8329917743346669
UBFC_PHYS_s14_T1_ctrl,115,174,120.8,0.38124608993530273,0.4981463796898754
UBFC_PHYS_s14_T1_ctrl,115,175,120.83333333333333,0.976037859916687,0.13573984936104636
UBFC_PHYS_s14_T1_ctrl,115,176,120.86666666666666,1.2141348123550415,-0.23997153242808655
UBFC_PHYS_s14_T1_ctrl,115,177,120.9,1.1358393430709839,-0.6118961879949357
UBFC_PHYS_s14_T1_ctrl,115,178,120.93333333333334,0.896475076675415,-0.9514757247427478
UBFC_PHYS_s14_T1_ctrl,115,179,120.96666666666667,0.6856688261032104,-1.2168053879536245
UBFC_PHYS_s14_T1_ctrl,115,180,121.0,0.5825892686843872,-1.3593410045750294
UBFC_PHYS_s14_T1_ctrl,115,181,121.03333333333333,0.513700544834137,-1.3374032380044292
UBFC_PHYS_s14_T1_ctrl,115,182,121.06666666666666,0.3874984681606293,-1.1319622575924781
UBFC_PHYS_s14_T1_ctrl,115,183,121.1,0.2147134244441986,-0.7588421021308042
UBFC_PHYS_s14_T1_ctrl,115,184,121.13333333333334,0.03443680331110954,-0.27172992147352265
UBFC_PHYS_s14_T1_ctrl,115,185,121.16666666666667,-0.19994251430034637,0.24729090817967145
UBFC_PHYS_s14_T1_ctrl,115,186,121.2,-0.5706347227096558,0.70844622421429
UBFC_PHYS_s14_T1_ctrl,115,187,121.23333333333333,-1.0733871459960938,1.039300868563937
UBFC_PHYS_s14_T1_ctrl,115,188,121.26666666666667,-1.5502569675445557,1.2032024784745965
UBFC_PHYS_s14_T1_ctrl,115,189,121.3,-1.695300579071045,1.202402782143664
UBFC_PHYS_s14_T1_ctrl,115,190,121.33333333333333,-1.3084704875946045,1.0661520266049256
UBFC_PHYS_s14_T1_ctrl,115,191,121.36666666666666,-0.5371198058128357,0.8327140241294065
UBFC_PHYS_s14_T1_ctrl,115,192,121.4,0.26481685042381287,0.5355010137373589
UBFC_PHYS_s14_T1_ctrl,115,193,121.43333333333334,0.8380351066589355,0.1986462869467495
UBFC_PHYS_s14_T1_ctrl,115,194,121.46666666666667,1.0850600004196167,-0.15863496803068858
UBFC_PHYS_s14_T1_ctrl,115,195,121.5,1.0329288244247437,-0.5136059620817779
UBFC_PHYS_s14_T1_ctrl,115,196,121.53333333333333,0.8357256650924683,-0.8334266436089542
UBFC_PHYS_s14_T1_ctrl,115,197,121.56666666666666,0.6696999669075012,-1.0750243619659192
UBFC_PHYS_s14_T1_ctrl,115,198,121.6,0.5892640948295593,-1.193022677313133
UBFC_PHYS_s14_T1_ctrl,115,199,121.63333333333334,0.5404561758041382,-1.1537014776445442
UBFC_PHYS_s14_T1_ctrl,115,200,121.66666666666667,0.4367006719112396,-0.9497520511205155
UBFC_PHYS_s14_T1_ctrl,115,201,121.7,0.2512982189655304,-0.6089631875338569
UBFC_PHYS_s14_T1_ctrl,115,202,121.73333333333333,0.041167955845594406,-0.1910842082872443
UBFC_PHYS_s14_T1_ctrl,115,203,121.76666666666667,-0.1754399985074997,0.22817111150039537
UBFC_PHYS_s14_T1_ctrl,115,204,121.8,-0.4730471074581146,0.5800226185042341
UBFC_PHYS_s14_T1_ctrl,115,205,121.83333333333333,-0.875170111656189,0.821884373138993
UBFC_PHYS_s14_T1_ctrl,115,206,121.86666666666666,-1.2656052112579346,0.9441226419573067
UBFC_PHYS_s14_T1_ctrl,115,207,121.9,-1.4125076532363892,0.9623582504530794
UBFC_PHYS_s14_T1_ctrl,115,208,121.93333333333334,-1.1063106060028076,0.9012181442551782
UBFC_PHYS_s14_T1_ctrl,115,209,121.96666666666667,-0.39739906787872314,0.7794248396963529
UBFC_PHYS_s14_T1_ctrl,115,210,122.0,0.37854236364364624,0.6038967771543897
UBFC_PHYS_s14_T1_ctrl,115,211,122.03333333333333,0.9053184986114502,0.374411753032257
UBFC_PHYS_s14_T1_ctrl,115,212,122.06666666666666,1.0913968086242676,0.09459660796778994
UBFC_PHYS_s14_T1_ctrl,115,213,122.1,0.9539292454719543,-0.21754018464074182
UBFC_PHYS_s14_T1_ctrl,115,214,122.13333333333334,0.6203005909919739,-0.5250751107353726
UBFC_PHYS_s14_T1_ctrl,115,215,122.16666666666667,0.32798832654953003,-0.776106092345076
UBFC_PHYS_s14_T1_ctrl,115,216,122.2,0.2075316458940506,-0.9158141851521762
UBFC_PHYS_s14_T1_ctrl,115,217,122.23333333333333,0.17181992530822754,-0.9037315131598485
UBFC_PHYS_s14_T1_ctrl,115,218,122.26666666666667,0.08831419050693512,-0.7305623521904449
UBFC_PHYS_s14_T1_ctrl,115,219,122.3,-0.058954428881406784,-0.4271154924076992
UBFC_PHYS_s14_T1_ctrl,115,220,122.33333333333333,-0.22993698716163635,-0.05903712492671926
UBFC_PHYS_s14_T1_ctrl,115,221,122.36666666666666,-0.43674394488334656,0.2932940697817433
UBFC_PHYS_s14_T1_ctrl,115,222,122.4,-0.7453631162643433,0.5617511005123382
UBFC_PHYS_s14_T1_ctrl,115,223,122.43333333333334,-1.1629480123519897,0.7113623662476076
UBFC_PHYS_s14_T1_ctrl,115,224,122.46666666666667,-1.52983820438385,0.7455864432832338
UBFC_PHYS_s14_T1_ctrl,115,225,122.5,-1.5630714893341064,0.6952344996086323
UBFC_PHYS_s14_T1_ctrl,115,226,122.53333333333333,-1.0881450176239014,0.5982650527942773
UBFC_PHYS_s14_T1_ctrl,115,227,122.56666666666666,-0.30319109559059143,0.48083069882116036
UBFC_PHYS_s14_T1_ctrl,115,228,122.6,0.42949071526527405,0.34770021790143485
UBFC_PHYS_s14_T1_ctrl,115,229,122.63333333333334,0.8821396827697754,0.18489531816984114
UBFC_PHYS_s14_T1_ctrl,115,230,122.66666666666667,1.0336328744888306,-0.027794343222709114
UBFC_PHYS_s14_T1_ctrl,115,231,122.7,0.9393967390060425,-0.3002284304046386
UBFC_PHYS_s14_T1_ctrl,115,232,122.73333333333333,0.7081435918807983,-0.6183505406076821
UBFC_PHYS_s14_T1_ctrl,115,233,122.76666666666667,0.5310776233673096,-0.9395528206815059
UBFC_PHYS_s14_T1_ctrl,115,234,122.8,0.4955630600452423,-1.1995937505489795
UBFC_PHYS_s14_T1_ctrl,115,235,122.83333333333333,0.4521907567977905,-1.3294973810984496
UBFC_PHYS_s14_T1_ctrl,115,236,122.86666666666666,0.26684466004371643,-1.27719606047799
UBFC_PHYS_s14_T1_ctrl,115,237,122.9,0.013708229176700115,-1.0265244427310831
UBFC_PHYS_s14_T1_ctrl,115,238,122.93333333333334,-0.230274960398674,-0.6063653760778762
UBFC_PHYS_s14_T1_ctrl,115,239,122.96666666666667,-0.5512580275535583,-0.08617317594377032
UBFC_PHYS_s14_T1_ctrl,116,0,116.0,-1.4215482473373413,0.08825409871135467
UBFC_PHYS_s14_T1_ctrl,116,1,116.03333333333333,-1.7036089897155762,-0.11421508318540592
UBFC_PHYS_s14_T1_ctrl,116,2,116.06666666666666,-1.4216327667236328,-0.3008941183526523
UBFC_PHYS_s14_T1_ctrl,116,3,116.1,-0.6645047664642334,-0.4493441621208944
UBFC_PHYS_s14_T1_ctrl,116,4,116.13333333333334,0.21338972449302673,-0.5304470991219107
UBFC_PHYS_s14_T1_ctrl,116,5,116.16666666666667,0.9450576305389404,-0.5138452150035324
UBFC_PHYS_s14_T1_ctrl,116,6,116.2,1.3792592287063599,-0.3787773705763404
UBFC_PHYS_s14_T1_ctrl,116,7,116.23333333333333,1.4287149906158447,-0.12583320751201518
UBFC_PHYS_s14_T1_ctrl,116,8,116.26666666666667,1.2123605012893677,0.2163172774954926
UBFC_PHYS_s14_T1_ctrl,116,9,116.3,0.9953300356864929,0.5935856864248412
UBFC_PHYS_s14_T1_ctrl,116,10,116.33333333333333,0.8664805889129639,0.9385800322846409
UBFC_PHYS_s14_T1_ctrl,116,11,116.36666666666666,0.7189021706581116,1.1877213868208822
UBFC_PHYS_s14_T1_ctrl,116,12,116.4,0.4926903545856476,1.2968675137769172
UBFC_PHYS_s14_T1_ctrl,116,13,116.43333333333334,0.2730407118797302,1.2500799758019867
UBFC_PHYS_s14_T1_ctrl,116,14,116.46666666666667,0.12002665549516678,1.059484790773207
UBFC_PHYS_s14_T1_ctrl,116,15,116.5,-0.10686109215021133,0.7577908963184667
UBFC_PHYS_s14_T1_ctrl,116,16,116.53333333333333,-0.6010516881942749,0.38729084362538324
UBFC_PHYS_s14_T1_ctrl,116,17,116.56666666666666,-1.228710651397705,-0.01040009941968868
UBFC_PHYS_s14_T1_ctrl,116,18,116.6,-1.5619730949401855,-0.4006718832633076
UBFC_PHYS_s14_T1_ctrl,116,19,116.63333333333334,-1.292755126953125,-0.7571245772532097
UBFC_PHYS_s14_T1_ctrl,116,20,116.66666666666667,-0.5367818474769592,-1.0586762890718349
UBFC_PHYS_s14_T1_ctrl,116,21,116.7,0.34466129541397095,-1.2851334931662708
UBFC_PHYS_s14_T1_ctrl,116,22,116.73333333333333,1.0895098447799683,-1.4141114657717984
UBFC_PHYS_s14_T1_ctrl,116,23,116.76666666666667,1.5445245504379272,-1.4215775137796363
UBFC_PHYS_s14_T1_ctrl,116,24,116.8,1.5933606624603271,-1.2871168665367765
UBFC_PHYS_s14_T1_ctrl,116,25,116.83333333333333,1.329493761062622,-1.0031833557028922
UBFC_PHYS_s14_T1_ctrl,116,26,116.86666666666666,1.0266200304031372,-0.585217637792631
UBFC_PHYS_s14_T1_ctrl,116,27,116.9,0.8473010063171387,-0.07762183004617093
UBFC_PHYS_s14_T1_ctrl,116,28,116.93333333333334,0.7418838143348694,0.4493347409166472
UBFC_PHYS_s14_T1_ctrl,116,29,116.96666666666667,0.6313689947128296,0.9133265743560156
UBFC_PHYS_s14_T1_ctrl,116,30,117.0,0.49133849143981934,1.2405156496706384
UBFC_PHYS_s14_T1_ctrl,116,31,117.03333333333333,0.29821914434432983,1.3847731523086357
UBFC_PHYS_s14_T1_ctrl,116,32,117.06666666666666,0.015792351216077805,1.3381888902914518
UBFC_PHYS_s14_T1_ctrl,116,33,117.1,-0.41677579283714294,1.129695565118308
UBFC_PHYS_s14_T1_ctrl,116,34,117.13333333333334,-1.0110324621200562,0.8133467509417581
UBFC_PHYS_s14_T1_ctrl,116,35,117.16666666666667,-1.5215297937393188,0.4511251413865735
UBFC_PHYS_s14_T1_ctrl,116,36,117.2,-1.5264866352081299,0.09641269131408607
UBFC_PHYS_s14_T1_ctrl,116,37,117.23333333333333,-0.8846331834793091,-0.21662044317451906
UBFC_PHYS_s14_T1_ctrl,116,38,117.26666666666667,0.088229700922966,-0.4749584584491802
UBFC_PHYS_s14_T1_ctrl,116,39,117.3,0.9522393941879272,-0.6805181331237677
UBFC_PHYS_s14_T1_ctrl,116,40,117.33333333333333,1.499603271484375,-0.8392297901385661
UBFC_PHYS_s14_T1_ctrl,116,41,117.36666666666666,1.710381269454956,-0.9505957396760328
UBFC_PHYS_s14_T1_ctrl,116,42,117.4,1.642957091331482,-1.0026524463454225
UBFC_PHYS_s14_T1_ctrl,116,43,117.43333333333334,1.4220119714736938,-0.9748149234846423
UBFC_PHYS_s14_T1_ctrl,116,44,117.46666666666667,1.2101918458938599,-0.8472496298375384
UBFC_PHYS_s14_T1_ctrl,116,45,117.5,1.0658804178237915,-0.6123664523964514
UBFC_PHYS_s14_T1_ctrl,116,46,117.53333333333333,0.9195693731307983,-0.2834467367878128
UBFC_PHYS_s14_T1_ctrl,116,47,117.56666666666666,0.7434046864509583,0.1030638850203268
UBFC_PHYS_s14_T1_ctrl,116,48,117.6,0.5500600337982178,0.49275638419334433
UBFC_PHYS_s14_T1_ctrl,116,49,117.63333333333334,0.26225394010543823,0.8247233039220261
UBFC_PHYS_s14_T1_ctrl,116,50,117.66666666666667,-0.13178607821464539,1.0459788934844145
UBFC_PHYS_s14_T1_ctrl,116,51,117.7,-0.4422077238559723,1.1242095791720936
UBFC_PHYS_s14_T1_ctrl,116,52,117.73333333333333,-0.5789148807525635,1.0543064706816176
UBFC_PHYS_s14_T1_ctrl,116,53,117.76666666666667,-0.6914575099945068,0.8563203866852471
UBFC_PHYS_s14_T1_ctrl,116,54,117.8,-0.7356465458869934,0.5663771548149897
UBFC_PHYS_s14_T1_ctrl,116,55,117.83333333333333,-0.47172340750694275,0.2253103252483309
UBFC_PHYS_s14_T1_ctrl,116,56,117.86666666666666,0.03066284954547882,-0.12986562699051346
UBFC_PHYS_s14_T1_ctrl,116,57,117.9,0.45027562975883484,-0.46881278327729775
UBFC_PHYS_s14_T1_ctrl,116,58,117.93333333333334,0.6426063776016235,-0.765539067237256
UBFC_PHYS_s14_T1_ctrl,116,59,117.96666666666667,0.6289469003677368,-0.993978925258169
UBFC_PHYS_s14_T1_ctrl,116,60,118.0,0.4288147985935211,-1.1254146107175211
UBFC_PHYS_s14_T1_ctrl,116,61,118.03333333333333,0.1611739993095398,-1.13064160030596
UBFC_PHYS_s14_T1_ctrl,116,62,118.06666666666666,0.04604029655456543,-0.9875209639318531
UBFC_PHYS_s14_T1_ctrl,116,63,118.1,0.12861661612987518,-0.6918721186370625
UBFC_PHYS_s14_T1_ctrl,116,64,118.13333333333334,0.23544199764728546,-0.26738556948170417
UBFC_PHYS_s14_T1_ctrl,116,65,118.16666666666667,0.23392115533351898,0.2308634131085115
UBFC_PHYS_s14_T1_ctrl,116,66,118.2,0.15861108899116516,0.723696474480853
UBFC_PHYS_s14_T1_ctrl,116,67,118.23333333333333,0.04913831502199173,1.1259978204656227
UBFC_PHYS_s14_T1_ctrl,116,68,118.26666666666667,-0.1670471727848053,1.3693852037451317
UBFC_PHYS_s14_T1_ctrl,116,69,118.3,-0.5725780725479126,1.4194451139983466
UBFC_PHYS_s14_T1_ctrl,116,70,118.33333333333333,-1.1006215810775757,1.280568109900684
UBFC_PHYS_s14_T1_ctrl,116,71,118.36666666666666,-1.46768057346344,0.9882005737591554
UBFC_PHYS_s14_T1_ctrl,116,72,118.4,-1.329452633857727,0.5938970733200282
UBFC_PHYS_s14_T1_ctrl,116,73,118.43333333333334,-0.6253007054328918,0.1504919615410051
UBFC_PHYS_s14_T1_ctrl,116,74,118.46666666666667,0.3076540231704712,-0.29694283847080394
UBFC_PHYS_s14_T1_ctrl,116,75,118.5,1.044335126876831,-0.7124454189371405
UBFC_PHYS_s14_T1_ctrl,116,76,118.53333333333333,1.3844413757324219,-1.0648019300767426
UBFC_PHYS_s14_T1_ctrl,116,77,118.56666666666666,1.3641635179519653,-1.3219803138402133
UBFC_PHYS_s14_T1_ctrl,116,78,118.6,1.0942695140838623,-1.4492182218658307
UBFC_PHYS_s14_T1_ctrl,116,79,118.63333333333334,0.7787221074104309,-1.4137524451875176
UBFC_PHYS_s14_T1_ctrl,116,80,118.66666666666667,0.6184981465339661,-1.1957934566652006
UBFC_PHYS_s14_T1_ctrl,116,81,118.7,0.5918833017349243,-0.8018086524563125
UBFC_PHYS_s14_T1_ctrl,116,82,118.73333333333333,0.5244591236114502,-0.2739229415632301
UBFC_PHYS_s14_T1_ctrl,116,83,118.76666666666667,0.370374858379364,0.31078968612056895
UBFC_PHYS_s14_T1_ctrl,116,84,118.8,0.2048279196023941,0.8545373295598394
UBFC_PHYS_s14_T1_ctrl,116,85,118.83333333333333,-0.003640684997662902,1.263892047705802
UBFC_PHYS_s14_T1_ctrl,116,86,118.86666666666666,-0.37360063195228577,1.4758438592343042
UBFC_PHYS_s14_T1_ctrl,116,87,118.9,-0.9147684574127197,1.4727105009965322
UBFC_PHYS_s14_T1_ctrl,116,88,118.93333333333334,-1.4169576168060303,1.279919236810263
UBFC_PHYS_s14_T1_ctrl,116,89,118.96666666666667,-1.5436947345733643,0.9501333931207895
UBFC_PHYS_s14_T1_ctrl,116,90,119.0,-1.103015422821045,0.5429063673064852
UBFC_PHYS_s14_T1_ctrl,116,91,119.03333333333333,-0.27052104473114014,0.10904205381482875
UBFC_PHYS_s14_T1_ctrl,116,92,119.06666666666666,0.542230486869812,-0.31517416805775333
UBFC_PHYS_s14_T1_ctrl,116,93,119.1,1.0622472763061523,-0.7041091470094094
UBFC_PHYS_s14_T1_ctrl,116,94,119.13333333333334,1.2195141315460205,-1.0338473538814126
UBFC_PHYS_s14_T1_ctrl,116,95,119.16666666666667,1.0792582035064697,-1.2745775668598291
UBFC_PHYS_s14_T1_ctrl,116,96,119.2,0.815025269985199,-1.38967321965151
UBFC_PHYS_s14_T1_ctrl,116,97,119.23333333333333,0.6170899271965027,-1.3435499947056346
UBFC_PHYS_s14_T1_ctrl,116,98,119.26666666666667,0.5276697874069214,-1.1160628709152125
UBFC_PHYS_s14_T1_ctrl,116,99,119.3,0.4214640259742737,-0.7174336066973134
UBFC_PHYS_s14_T1_ctrl,116,100,119.33333333333333,0.22983738780021667,-0.19608371900050459
UBFC_PHYS_s14_T1_ctrl,116,101,119.36666666666666,0.011511450633406639,0.3664864054429379
UBFC_PHYS_s14_T1_ctrl,116,102,119.4,-0.20402628183364868,0.8744485975495272
UBFC_PHYS_s14_T1_ctrl,116,103,119.43333333333334,-0.5139127969741821,1.2438221300740675
UBFC_PHYS_s14_T1_ctrl,116,104,119.46666666666667,-1.0090609788894653,1.4247668365723636
UBFC_PHYS_s14_T1_ctrl,116,105,119.5,-1.578279972076416,1.4098654637969465
UBFC_PHYS_s14_T1_ctrl,116,106,119.53333333333333,-1.8453574180603027,1.2264651477644544
UBFC_PHYS_s14_T1_ctrl,116,107,119.56666666666666,-1.5186853408813477,0.9198796377721656
UBFC_PHYS_s14_T1_ctrl,116,108,119.6,-0.7017654776573181,0.5369389093016483
UBFC_PHYS_s14_T1_ctrl,116,109,119.63333333333334,0.23085129261016846,0.11646107288850566
UBFC_PHYS_s14_T1_ctrl,116,110,119.66666666666667,0.9605477452278137,-0.31147019023611383
UBFC_PHYS_s14_T1_ctrl,116,111,119.7,1.326029658317566,-0.7196549840068258
UBFC_PHYS_s14_T1_ctrl,116,112,119.73333333333333,1.3035831451416016,-1.0761339620395514
UBFC_PHYS_s14_T1_ctrl,116,113,119.76666666666667,1.029492735862732,-1.3401174110514522
UBFC_PHYS_s14_T1_ctrl,116,114,119.8,0.7482770085334778,-1.465450787433914
UBFC_PHYS_s14_T1_ctrl,116,115,119.83333333333333,0.6034305095672607,-1.412354367803328
UBFC_PHYS_s14_T1_ctrl,116,116,119.86666666666666,0.5235579013824463,-1.1638824389401108
UBFC_PHYS_s14_T1_ctrl,116,117,119.9,0.3778664469718933,-0.7398562219630334
UBFC_PHYS_s14_T1_ctrl,116,118,119.93333333333334,0.18057887256145477,-0.20011802178733465
UBFC_PHYS_s14_T1_ctrl,116,119,119.96666666666667,-0.012568616308271885,0.36721168632433115
UBFC_PHYS_s14_T1_ctrl,116,120,120.0,-0.28978511691093445,0.8690116020252407
UBFC_PHYS_s14_T1_ctrl,116,121,120.03333333333333,-0.7667112350463867,1.231917053839914
UBFC_PHYS_s14_T1_ctrl,116,122,120.06666666666666,-1.35567307472229,1.417936082416066
UBFC_PHYS_s14_T1_ctrl,116,123,120.1,-1.7598520517349243,1.425671157849103
UBFC_PHYS_s14_T1_ctrl,116,124,120.13333333333334,-1.6400150060653687,1.2795415220878694
UBFC_PHYS_s14_T1_ctrl,116,125,120.16666666666667,-0.9579717516899109,1.0146901610259846
UBFC_PHYS_s14_T1_ctrl,116,126,120.2,-0.06748806685209274,0.6654075245200429
UBFC_PHYS_s14_T1_ctrl,116,127,120.23333333333333,0.6649402976036072,0.2610927708490607
UBFC_PHYS_s14_T1_ctrl,116,128,120.26666666666667,1.0987757444381714,-0.17089222918438382
UBFC_PHYS_s14_T1_ctrl,116,129,120.3,1.1948144435882568,-0.5992268156743598
UBFC_PHYS_s14_T1_ctrl,116,130,120.33333333333333,1.0143406391143799,-0.9838987769028463
UBFC_PHYS_s14_T1_ctrl,116,131,120.36666666666666,0.7718219757080078,-1.2761603044020222
UBFC_PHYS_s14_T1_ctrl,116,132,120.4,0.6306648850440979,-1.4250316775140903
UBFC_PHYS_s14_T1_ctrl,116,133,120.43333333333334,0.5514400601387024,-1.3899266765487746
UBFC_PHYS_s14_T1_ctrl,116,134,120.46666666666667,0.4287584722042084,-1.155889796222963
UBFC_PHYS_s14_T1_ctrl,116,135,120.5,0.24293357133865356,-0.7453096391404042
UBFC_PHYS_s14_T1_ctrl,116,136,120.53333333333333,0.03753482177853584,-0.21961433458298574
UBFC_PHYS_s14_T1_ctrl,116,137,120.56666666666666,-0.19084560871124268,0.3324191985523772
UBFC_PHYS_s14_T1_ctrl,116,138,120.6,-0.5204468369483948,0.8171044885424089
UBFC_PHYS_s14_T1_ctrl,116,139,120.63333333333334,-0.9956831336021423,1.160589896104378
UBFC_PHYS_s14_T1_ctrl,116,140,120.66666666666667,-1.4805514812469482,1.3254976541155483
UBFC_PHYS_s14_T1_ctrl,116,141,120.7,-1.658715844154358,1.3128671144256918
UBFC_PHYS_s14_T1_ctrl,116,142,120.73333333333333,-1.2853761911392212,1.1508671030791477
UBFC_PHYS_s14_T1_ctrl,116,143,120.76666666666667,-0.473300576210022,0.8783784671129659
UBFC_PHYS_s14_T1_ctrl,116,144,120.8,0.38124608993530273,0.5321655290506396
UBFC_PHYS_s14_T1_ctrl,116,145,120.83333333333333,0.976037859916687,0.1421594687992865
UBFC_PHYS_s14_T1_ctrl,116,146,120.86666666666666,1.2141348123550415,-0.2657159271935322
UBFC_PHYS_s14_T1_ctrl,116,147,120.9,1.1358393430709839,-0.6631018777970119
UBFC_PHYS_s14_T1_ctrl,116,148,120.93333333333334,0.896475076675415,-1.013860548121439
UBFC_PHYS_s14_T1_ctrl,116,149,120.96666666666667,0.6856688261032104,-1.2734825740589242
UBFC_PHYS_s14_T1_ctrl,116,150,121.0,0.5825892686843872,-1.3950550707280818
UBFC_PHYS_s14_T1_ctrl,116,151,121.03333333333333,0.513700544834137,-1.3412225325646339
UBFC_PHYS_s14_T1_ctrl,116,152,121.06666666666666,0.3874984681606293,-1.0987675772376746
UBFC_PHYS_s14_T1_ctrl,116,153,121.1,0.2147134244441986,-0.6899699141572333
UBFC_PHYS_s14_T1_ctrl,116,154,121.13333333333334,0.03443680331110954,-0.17424441511839575
UBFC_PHYS_s14_T1_ctrl,116,155,121.16666666666667,-0.19994251430034637,0.36348643393981117
UBFC_PHYS_s14_T1_ctrl,116,156,121.2,-0.5706347227096558,0.8348194374403425
UBFC_PHYS_s14_T1_ctrl,116,157,121.23333333333333,-1.0733871459960938,1.1713223425354242
UBFC_PHYS_s14_T1_ctrl,116,158,121.26666666666667,-1.5502569675445557,1.33898432996505
UBFC_PHYS_s14_T1_ctrl,116,159,121.3,-1.695300579071045,1.3380239070204845
UBFC_PHYS_s14_T1_ctrl,116,160,121.33333333333333,-1.3084704875946045,1.190995057899602
UBFC_PHYS_s14_T1_ctrl,116,161,121.36666666666666,-0.5371198058128357,0.9282533150053451
UBFC_PHYS_s14_T1_ctrl,116,162,121.4,0.26481685042381287,0.5790283179158602
UBFC_PHYS_s14_T1_ctrl,116,163,121.43333333333334,0.8380351066589355,0.17083411818317404
UBFC_PHYS_s14_T1_ctrl,116,164,121.46666666666667,1.0850600004196167,-0.26539150417237345
UBFC_PHYS_s14_T1_ctrl,116,165,121.5,1.0329288244247437,-0.6896243084413425
UBFC_PHYS_s14_T1_ctrl,116,166,121.53333333333333,0.8357256650924683,-1.0513670046792976
UBFC_PHYS_s14_T1_ctrl,116,167,121.56666666666666,0.6696999669075012,-1.295047445312915
UBFC_PHYS_s14_T1_ctrl,116,168,121.6,0.5892640948295593,-1.3718886505703485
UBFC_PHYS_s14_T1_ctrl,116,169,121.63333333333334,0.5404561758041382,-1.2551234359380983
UBFC_PHYS_s14_T1_ctrl,116,170,121.66666666666667,0.4367006719112396,-0.9530263660003104
UBFC_PHYS_s14_T1_ctrl,116,171,121.7,0.2512982189655304,-0.5132762368962208
UBFC_PHYS_s14_T1_ctrl,116,172,121.73333333333333,0.041167955845594406,-0.01399016382640297
UBFC_PHYS_s14_T1_ctrl,116,173,121.76666666666667,-0.1754399985074997,0.45759091535639207
UBFC_PHYS_s14_T1_ctrl,116,174,121.8,-0.4730471074581146,0.8301945986452146
UBFC_PHYS_s14_T1_ctrl,116,175,121.83333333333333,-0.875170111656189,1.0654580385158217
UBFC_PHYS_s14_T1_ctrl,116,176,121.86666666666666,-1.2656052112579346,1.1596352249966686
UBFC_PHYS_s14_T1_ctrl,116,177,121.9,-1.4125076532363892,1.1319582313443464
UBFC_PHYS_s14_T1_ctrl,116,178,121.93333333333334,-1.1063106060028076,1.0079540842071786
UBFC_PHYS_s14_T1_ctrl,116,179,121.96666666666667,-0.39739906787872314,0.8069747252990563
UBFC_PHYS_s14_T1_ctrl,116,180,122.0,0.37854236364364624,0.5393567901319123
UBFC_PHYS_s14_T1_ctrl,116,181,122.03333333333333,0.9053184986114502,0.2127125163187219
UBFC_PHYS_s14_T1_ctrl,116,182,122.06666666666666,1.0913968086242676,-0.15787576748626772
UBFC_PHYS_s14_T1_ctrl,116,183,122.1,0.9539292454719543,-0.5422943391166758
UBFC_PHYS_s14_T1_ctrl,116,184,122.13333333333334,0.6203005909919739,-0.8947360023648516
UBFC_PHYS_s14_T1_ctrl,116,185,122.16666666666667,0.32798832654953003,-1.1605862936576201
UBFC_PHYS_s14_T1_ctrl,116,186,122.2,0.2075316458940506,-1.2888534813396173
UBFC_PHYS_s14_T1_ctrl,116,187,122.23333333333333,0.17181992530822754,-1.2466322323078272
UBFC_PHYS_s14_T1_ctrl,116,188,122.26666666666667,0.08831419050693512,-1.0310948762305712
UBFC_PHYS_s14_T1_ctrl,116,189,122.3,-0.058954428881406784,-0.6741664669429989
UBFC_PHYS_s14_T1_ctrl,116,190,122.33333333333333,-0.22993698716163635,-0.23631361558554653
UBFC_PHYS_s14_T1_ctrl,116,191,122.36666666666666,-0.43674394488334656,0.20997850430582382
UBFC_PHYS_s14_T1_ctrl,116,192,122.4,-0.7453631162643433,0.6004587750896635
UBFC_PHYS_s14_T1_ctrl,116,193,122.43333333333334,-1.1629480123519897,0.8935953395388564
UBFC_PHYS_s14_T1_ctrl,116,194,122.46666666666667,-1.52983820438385,1.073418625769261
UBFC_PHYS_s14_T1_ctrl,116,195,122.5,-1.5630714893341064,1.1419283878435513
UBFC_PHYS_s14_T1_ctrl,116,196,122.53333333333333,-1.0881450176239014,1.1074815053241012
UBFC_PHYS_s14_T1_ctrl,116,197,122.56666666666666,-0.30319109559059143,0.9764172662065649
UBFC_PHYS_s14_T1_ctrl,116,198,122.6,0.42949071526527405,0.7520511790099423
UBFC_PHYS_s14_T1_ctrl,116,199,122.63333333333334,0.8821396827697754,0.4404014968238012
UBFC_PHYS_s14_T1_ctrl,116,200,122.66666666666667,1.0336328744888306,0.058391616632322264
UBFC_PHYS_s14_T1_ctrl,116,201,122.7,0.9393967390060425,-0.36046828263001346
UBFC_PHYS_s14_T1_ctrl,116,202,122.73333333333333,0.7081435918807983,-0.7659334465396224
UBFC_PHYS_s14_T1_ctrl,116,203,122.76666666666667,0.5310776233673096,-1.0969217862179044
UBFC_PHYS_s14_T1_ctrl,116,204,122.8,0.4955630600452423,-1.2927047696474132
UBFC_PHYS_s14_T1_ctrl,116,205,122.83333333333333,0.4521907567977905,-1.3077365272653583
UBFC_PHYS_s14_T1_ctrl,116,206,122.86666666666666,0.26684466004371643,-1.1266132767140928
UBFC_PHYS_s14_T1_ctrl,116,207,122.9,0.013708229176700115,-0.7735170476584938
UBFC_PHYS_s14_T1_ctrl,116,208,122.93333333333334,-0.230274960398674,-0.31019892729268816
UBFC_PHYS_s14_T1_ctrl,116,209,122.96666666666667,-0.5512580275535583,0.1795867434540328
UBFC_PHYS_s14_T1_ctrl,116,210,123.0,-1.0379570722579956,0.6138928126335955
UBFC_PHYS_s14_T1_ctrl,116,211,123.03333333333333,-1.5823073387145996,0.9339767487005052
UBFC_PHYS_s14_T1_ctrl,116,212,123.06666666666666,-1.9173442125320435,1.1141336152777928
UBFC_PHYS_s14_T1_ctrl,116,213,123.1,-1.8293040990829468,1.1576910622924494
UBFC_PHYS_s14_T1_ctrl,116,214,123.13333333333334,-1.340774416923523,1.0841903377079978
UBFC_PHYS_s14_T1_ctrl,116,215,123.16666666666667,-0.7194241881370544,0.916159523999759
UBFC_PHYS_s14_T1_ctrl,116,216,123.2,-0.18864883482456207,0.6718553352503548
UBFC_PHYS_s14_T1_ctrl,116,217,123.23333333333333,0.28509482741355896,0.3653906737127542
UBFC_PHYS_s14_T1_ctrl,116,218,123.26666666666667,0.7567261457443237,0.011535753205974447
UBFC_PHYS_s14_T1_ctrl,116,219,123.3,1.0433212518692017,-0.3688321800407938
UBFC_PHYS_s14_T1_ctrl,116,220,123.33333333333333,0.9930769801139832,-0.7454214903656714
UBFC_PHYS_s14_T1_ctrl,116,221,123.36666666666666,0.7557122707366943,-1.0784875967935288
UBFC_PHYS_s14_T1_ctrl,116,222,123.4,0.5768438577651978,-1.3226894405106218
UBFC_PHYS_s14_T1_ctrl,116,223,123.43333333333334,0.48221340775489807,-1.4351696671016811
UBFC_PHYS_s14_T1_ctrl,116,224,123.46666666666667,0.3531104326248169,-1.3866884383821911
UBFC_PHYS_s14_T1_ctrl,116,225,123.5,0.17069336771965027,-1.1724240190444035
UBFC_PHYS_s14_T1_ctrl,116,226,123.53333333333333,-0.033043716102838516,-0.8177128477353114
UBFC_PHYS_s14_T1_ctrl,116,227,123.56666666666666,-0.32054001092910767,-0.3749449159860356
UBFC_PHYS_s14_T1_ctrl,116,228,123.6,-0.735055148601532,0.08870210220736068
UBFC_PHYS_s14_T1_ctrl,116,229,123.63333333333334,-1.2168254852294922,0.5085583441028504
UBFC_PHYS_s14_T1_ctrl,116,230,123.66666666666667,-1.6448873281478882,0.8377551727915982
UBFC_PHYS_s14_T1_ctrl,116,231,123.7,-1.817221760749817,1.0544253643043806
UBFC_PHYS_s14_T1_ctrl,116,232,123.73333333333333,-1.5235857963562012,1.15946707177522
UBFC_PHYS_s14_T1_ctrl,116,233,123.76666666666667,-0.7790470123291016,1.16843895388767
UBFC_PHYS_s14_T1_ctrl,116,234,123.8,0.10994400829076767,1.1026693029500578
UBFC_PHYS_s14_T1_ctrl,116,235,123.83333333333333,0.7893117070198059,0.9829427061160549
UBFC_PHYS_s14_T1_ctrl,116,236,123.86666666666666,1.0859893560409546,0.8264184226580089
UBFC_PHYS_s14_T1_ctrl,116,237,123.9,1.0726397037506104,0.6456831593145876
UBFC_PHYS_s14_T1_ctrl,116,238,123.93333333333334,0.931285560131073,0.44881757670290146
UBFC_PHYS_s14_T1_ctrl,116,239,123.96666666666667,0.7979016900062561,0.2403026024780938
UBFC_PHYS_s14_T1_ctrl,117,0,117.0,0.49133849143981934,-0.0847841200722644
UBFC_PHYS_s14_T1_ctrl,117,1,117.03333333333333,0.29821914434432983,0.17884976082392043
UBFC_PHYS_s14_T1_ctrl,117,2,117.06666666666666,0.015792351216077805,0.40659065053797694
UBFC_PHYS_s14_T1_ctrl,117,3,117.1,-0.41677579283714294,0.5714890468828757
UBFC_PHYS_s14_T1_ctrl,117,4,117.13333333333334,-1.0110324621200562,0.6630400229422414
UBFC_PHYS_s14_T1_ctrl,117,5,117.16666666666667,-1.5215297937393188,0.6866811506668103
UBFC_PHYS_s14_T1_ctrl,117,6,117.2,-1.5264866352081299,0.6566071798199362
UBFC_PHYS_s14_T1_ctrl,117,7,117.23333333333333,-0.8846331834793091,0.5858030685969327
UBFC_PHYS_s14_T1_ctrl,117,8,117.26666666666667,0.088229700922966,0.47888673131683956
UBFC_PHYS_s14_T1_ctrl,117,9,117.3,0.9522393941879272,0.3317277361818995
UBFC_PHYS_s14_T1_ctrl,117,10,117.33333333333333,1.499603271484375,0.13784862185797225
UBFC_PHYS_s14_T1_ctrl,117,11,117.36666666666666,1.710381269454956,-0.10204974003109202
UBFC_PHYS_s14_T1_ctrl,117,12,117.4,1.642957091331482,-0.3722647679284956
UBFC_PHYS_s14_T1_ctrl,117,13,117.43333333333334,1.4220119714736938,-0.6395667888263411
UBFC_PHYS_s14_T1_ctrl,117,14,117.46666666666667,1.2101918458938599,-0.8573000562305546
UBFC_PHYS_s14_T1_ctrl,117,15,117.5,1.0658804178237915,-0.9753102911254815
UBFC_PHYS_s14_T1_ctrl,117,16,117.53333333333333,0.9195693731307983,-0.9534050462352597
UBFC_PHYS_s14_T1_ctrl,117,17,117.56666666666666,0.7434046864509583,-0.774860891180336
UBFC_PHYS_s14_T1_ctrl,117,18,117.6,0.5500600337982178,-0.4554954929316869
UBFC_PHYS_s14_T1_ctrl,117,19,117.63333333333334,0.26225394010543823,-0.04403728096055511
UBFC_PHYS_s14_T1_ctrl,117,20,117.66666666666667,-0.13178607821464539,0.3880591337770966
UBFC_PHYS_s14_T1_ctrl,117,21,117.7,-0.4422077238559723,0.7648982430263261
UBFC_PHYS_s14_T1_ctrl,117,22,117.73333333333333,-0.5789148807525635,1.025773719805183
UBFC_PHYS_s14_T1_ctrl,117,23,117.76666666666667,-0.6914575099945068,1.1382073767635295
UBFC_PHYS_s14_T1_ctrl,117,24,117.8,-0.7356465458869934,1.0999361866367348
UBFC_PHYS_s14_T1_ctrl,117,25,117.83333333333333,-0.47172340750694275,0.9311357594649579
UBFC_PHYS_s14_T1_ctrl,117,26,117.86666666666666,0.03066284954547882,0.662468331933725
UBFC_PHYS_s14_T1_ctrl,117,27,117.9,0.45027562975883484,0.32535277790271666
UBFC_PHYS_s14_T1_ctrl,117,28,117.93333333333334,0.6426063776016235,-0.05170059671657935
UBFC_PHYS_s14_T1_ctrl,117,29,117.96666666666667,0.6289469003677368,-0.44075461795321164
UBFC_PHYS_s14_T1_ctrl,117,30,118.0,0.4288147985935211,-0.8092039791851112
UBFC_PHYS_s14_T1_ctrl,117,31,118.03333333333333,0.1611739993095398,-1.1160591707135885
UBFC_PHYS_s14_T1_ctrl,117,32,118.06666666666666,0.04604029655456543,-1.3137811301432472
UBFC_PHYS_s14_T1_ctrl,117,33,118.1,0.12861661612987518,-1.357407958671791
UBFC_PHYS_s14_T1_ctrl,117,34,118.13333333333334,0.23544199764728546,-1.2189605938948775
UBFC_PHYS_s14_T1_ctrl,117,35,118.16666666666667,0.23392115533351898,-0.9013995673233631
UBFC_PHYS_s14_T1_ctrl,117,36,118.2,0.15861108899116516,-0.44484469622589606
UBFC_PHYS_s14_T1_ctrl,117,37,118.23333333333333,0.04913831502199173,0.07974929857036955
UBFC_PHYS_s14_T1_ctrl,117,38,118.26666666666667,-0.1670471727848053,0.5881126475173363
UBFC_PHYS_s14_T1_ctrl,117,39,118.3,-0.5725780725479126,1.0040995655257772
UBFC_PHYS_s14_T1_ctrl,117,40,118.33333333333333,-1.1006215810775757,1.276111184054022
UBFC_PHYS_s14_T1_ctrl,117,41,118.36666666666666,-1.46768057346344,1.3828543826581168
UBFC_PHYS_s14_T1_ctrl,117,42,118.4,-1.329452633857727,1.3287537067362094
UBFC_PHYS_s14_T1_ctrl,117,43,118.43333333333334,-0.6253007054328918,1.134188059639583
UBFC_PHYS_s14_T1_ctrl,117,44,118.46666666666667,0.3076540231704712,0.8267291125527425
UBFC_PHYS_s14_T1_ctrl,117,45,118.5,1.044335126876831,0.43715293911063524
UBFC_PHYS_s14_T1_ctrl,117,46,118.53333333333333,1.3844413757324219,0.0003479000219856949
UBFC_PHYS_s14_T1_ctrl,117,47,118.56666666666666,1.3641635179519653,-0.44173838529569137
UBFC_PHYS_s14_T1_ctrl,117,48,118.6,1.0942695140838623,-0.8391153317444763
UBFC_PHYS_s14_T1_ctrl,117,49,118.63333333333334,0.7787221074104309,-1.1377800315904556
UBFC_PHYS_s14_T1_ctrl,117,50,118.66666666666667,0.6184981465339661,-1.2893085396406447
UBFC_PHYS_s14_T1_ctrl,117,51,118.7,0.5918833017349243,-1.2635480809704984
UBFC_PHYS_s14_T1_ctrl,117,52,118.73333333333333,0.5244591236114502,-1.0596768548782765
UBFC_PHYS_s14_T1_ctrl,117,53,118.76666666666667,0.370374858379364,-0.7103995434517343
UBFC_PHYS_s14_T1_ctrl,117,54,118.8,0.2048279196023941,-0.2759329433750101
UBFC_PHYS_s14_T1_ctrl,117,55,118.83333333333333,-0.003640684997662902,0.17133415420864842
UBFC_PHYS_s14_T1_ctrl,117,56,118.86666666666666,-0.37360063195228577,0.5656133733110108
UBFC_PHYS_s14_T1_ctrl,117,57,118.9,-0.9147684574127197,0.8616454437770587
UBFC_PHYS_s14_T1_ctrl,117,58,118.93333333333334,-1.4169576168060303,1.0380903923584142
UBFC_PHYS_s14_T1_ctrl,117,59,118.96666666666667,-1.5436947345733643,1.0908520940945383
UBFC_PHYS_s14_T1_ctrl,117,60,119.0,-1.103015422821045,1.0227488704242524
UBFC_PHYS_s14_T1_ctrl,117,61,119.03333333333333,-0.27052104473114014,0.8375697160184999
UBFC_PHYS_s14_T1_ctrl,117,62,119.06666666666666,0.542230486869812,0.5425052542205987
UBFC_PHYS_s14_T1_ctrl,117,63,119.1,1.0622472763061523,0.15657517899996268
UBFC_PHYS_s14_T1_ctrl,117,64,119.13333333333334,1.2195141315460205,-0.2814034819014435
UBFC_PHYS_s14_T1_ctrl,117,65,119.16666666666667,1.0792582035064697,-0.7115856864796606
UBFC_PHYS_s14_T1_ctrl,117,66,119.2,0.815025269985199,-1.0612518847247465
UBFC_PHYS_s14_T1_ctrl,117,67,119.23333333333333,0.6170899271965027,-1.260595090849277
UBFC_PHYS_s14_T1_ctrl,117,68,119.26666666666667,0.5276697874069214,-1.2615402257631174
UBFC_PHYS_s14_T1_ctrl,117,69,119.3,0.4214640259742737,-1.0536478463924928
UBFC_PHYS_s14_T1_ctrl,117,70,119.33333333333333,0.22983738780021667,-0.6708928200545908
UBFC_PHYS_s14_T1_ctrl,117,71,119.36666666666666,0.011511450633406639,-0.18513476481924832
UBFC_PHYS_s14_T1_ctrl,117,72,119.4,-0.20402628183364868,0.31294339047134656
UBFC_PHYS_s14_T1_ctrl,117,73,119.43333333333334,-0.5139127969741821,0.7388209496222308
UBFC_PHYS_s14_T1_ctrl,117,74,119.46666666666667,-1.0090609788894653,1.0350647781761109
UBFC_PHYS_s14_T1_ctrl,117,75,119.5,-1.578279972076416,1.1798530348356921
UBFC_PHYS_s14_T1_ctrl,117,76,119.53333333333333,-1.8453574180603027,1.1812167140865248
UBFC_PHYS_s14_T1_ctrl,117,77,119.56666666666666,-1.5186853408813477,1.062325659872277
UBFC_PHYS_s14_T1_ctrl,117,78,119.6,-0.7017654776573181,0.8466623062105205
UBFC_PHYS_s14_T1_ctrl,117,79,119.63333333333334,0.23085129261016846,0.5505594891081232
UBFC_PHYS_s14_T1_ctrl,117,80,119.66666666666667,0.9605477452278137,0.18579264767855813
UBFC_PHYS_s14_T1_ctrl,117,81,119.7,1.326029658317566,-0.23061931405196964
UBFC_PHYS_s14_T1_ctrl,117,82,119.73333333333333,1.3035831451416016,-0.6659103040256951
UBFC_PHYS_s14_T1_ctrl,117,83,119.76666666666667,1.029492735862732,-1.0672020621645768
UBFC_PHYS_s14_T1_ctrl,117,84,119.8,0.7482770085334778,-1.3672546194835635
UBFC_PHYS_s14_T1_ctrl,117,85,119.83333333333333,0.6034305095672607,-1.499870718115867
UBFC_PHYS_s14_T1_ctrl,117,86,119.86666666666666,0.5235579013824463,-1.4203595481942137
UBFC_PHYS_s14_T1_ctrl,117,87,119.9,0.3778664469718933,-1.1235586025409214
UBFC_PHYS_s14_T1_ctrl,117,88,119.93333333333334,0.18057887256145477,-0.6511813530396833
UBFC_PHYS_s14_T1_ctrl,117,89,119.96666666666667,-0.012568616308271885,-0.08349837680906935
UBFC_PHYS_s14_T1_ctrl,117,90,120.0,-0.28978511691093445,0.4825066156443275
UBFC_PHYS_s14_T1_ctrl,117,91,120.03333333333333,-0.7667112350463867,0.9594612728543487
UBFC_PHYS_s14_T1_ctrl,117,92,120.06666666666666,-1.35567307472229,1.289292014505259
UBFC_PHYS_s14_T1_ctrl,117,93,120.1,-1.7598520517349243,1.4491285101305573
UBFC_PHYS_s14_T1_ctrl,117,94,120.13333333333334,-1.6400150060653687,1.4439503825930549
UBFC_PHYS_s14_T1_ctrl,117,95,120.16666666666667,-0.9579717516899109,1.2930009528133672
UBFC_PHYS_s14_T1_ctrl,117,96,120.2,-0.06748806685209274,1.0184641103213494
UBFC_PHYS_s14_T1_ctrl,117,97,120.23333333333333,0.6649402976036072,0.6416215807310799
UBFC_PHYS_s14_T1_ctrl,117,98,120.26666666666667,1.0987757444381714,0.18652203868296857
UBFC_PHYS_s14_T1_ctrl,117,99,120.3,1.1948144435882568,-0.312894054573997
UBFC_PHYS_s14_T1_ctrl,117,100,120.33333333333333,1.0143406391143799,-0.8075265062208258
UBFC_PHYS_s14_T1_ctrl,117,101,120.36666666666666,0.7718219757080078,-1.2338541673592078
UBFC_PHYS_s14_T1_ctrl,117,102,120.4,0.6306648850440979,-1.5224973684232646
UBFC_PHYS_s14_T1_ctrl,117,103,120.43333333333334,0.5514400601387024,-1.6135254734056845
UBFC_PHYS_s14_T1_ctrl,117,104,120.46666666666667,0.4287584722042084,-1.4743970902067973
UBFC_PHYS_s14_T1_ctrl,117,105,120.5,0.24293357133865356,-1.114108377274912
UBFC_PHYS_s14_T1_ctrl,117,106,120.53333333333333,0.03753482177853584,-0.5868210964827764
UBFC_PHYS_s14_T1_ctrl,117,107,120.56666666666666,-0.19084560871124268,0.018672483923528663
UBFC_PHYS_s14_T1_ctrl,117,108,120.6,-0.5204468369483948,0.6011422175841122
UBFC_PHYS_s14_T1_ctrl,117,109,120.63333333333334,-0.9956831336021423,1.072363814427671
UBFC_PHYS_s14_T1_ctrl,117,110,120.66666666666667,-1.4805514812469482,1.3755660036426265
UBFC_PHYS_s14_T1_ctrl,117,111,120.7,-1.658715844154358,1.490376363956098
UBFC_PHYS_s14_T1_ctrl,117,112,120.73333333333333,-1.2853761911392212,1.4252559687878275
UBFC_PHYS_s14_T1_ctrl,117,113,120.76666666666667,-0.473300576210022,1.2045551363701765
UBFC_PHYS_s14_T1_ctrl,117,114,120.8,0.38124608993530273,0.8580862233864166
UBFC_PHYS_s14_T1_ctrl,117,115,120.83333333333333,0.976037859916687,0.4174686278672025
UBFC_PHYS_s14_T1_ctrl,117,116,120.86666666666666,1.2141348123550415,-0.08119943315204534
UBFC_PHYS_s14_T1_ctrl,117,117,120.9,1.1358393430709839,-0.5922295571591506
UBFC_PHYS_s14_T1_ctrl,117,118,120.93333333333334,0.896475076675415,-1.0578262993497116
UBFC_PHYS_s14_T1_ctrl,117,119,120.96666666666667,0.6856688261032104,-1.412004790680661
UBFC_PHYS_s14_T1_ctrl,117,120,121.0,0.5825892686843872,-1.5919224055167296
UBFC_PHYS_s14_T1_ctrl,117,121,121.03333333333333,0.513700544834137,-1.5540842932667769
UBFC_PHYS_s14_T1_ctrl,117,122,121.06666666666666,0.3874984681606293,-1.2899199284252603
UBFC_PHYS_s14_T1_ctrl,117,123,121.1,0.2147134244441986,-0.8340843900807137
UBFC_PHYS_s14_T1_ctrl,117,124,121.13333333333334,0.03443680331110954,-0.26042860760121006
UBFC_PHYS_s14_T1_ctrl,117,125,121.16666666666667,-0.19994251430034637,0.3349489934074362
UBFC_PHYS_s14_T1_ctrl,117,126,121.2,-0.5706347227096558,0.8582112299599195
UBFC_PHYS_s14_T1_ctrl,117,127,121.23333333333333,-1.0733871459960938,1.2402874313911036
UBFC_PHYS_s14_T1_ctrl,117,128,121.26666666666667,-1.5502569675445557,1.4482641240930183
UBFC_PHYS_s14_T1_ctrl,117,129,121.3,-1.695300579071045,1.482114870181303
UBFC_PHYS_s14_T1_ctrl,117,130,121.33333333333333,-1.3084704875946045,1.361223559621139
UBFC_PHYS_s14_T1_ctrl,117,131,121.36666666666666,-0.5371198058128357,1.1102072338458868
UBFC_PHYS_s14_T1_ctrl,117,132,121.4,0.26481685042381287,0.7520396758002231
UBFC_PHYS_s14_T1_ctrl,117,133,121.43333333333334,0.8380351066589355,0.3104495829926095
UBFC_PHYS_s14_T1_ctrl,117,134,121.46666666666667,1.0850600004196167,-0.18237687281835638
UBFC_PHYS_s14_T1_ctrl,117,135,121.5,1.0329288244247437,-0.6793727296712173
UBFC_PHYS_s14_T1_ctrl,117,136,121.53333333333333,0.8357256650924683,-1.1185957012212826
UBFC_PHYS_s14_T1_ctrl,117,137,121.56666666666666,0.6696999669075012,-1.4313335757816386
UBFC_PHYS_s14_T1_ctrl,117,138,121.6,0.5892640948295593,-1.5568245517291128
UBFC_PHYS_s14_T1_ctrl,117,139,121.63333333333334,0.5404561758041382,-1.4596862431015982
UBFC_PHYS_s14_T1_ctrl,117,140,121.66666666666667,0.4367006719112396,-1.144262878338485
UBFC_PHYS_s14_T1_ctrl,117,141,121.7,0.2512982189655304,-0.6595267502219079
UBFC_PHYS_s14_T1_ctrl,117,142,121.73333333333333,0.041167955845594406,-0.09016597711290489
UBFC_PHYS_s14_T1_ctrl,117,143,121.76666666666667,-0.1754399985074997,0.46510749418626746
UBFC_PHYS_s14_T1_ctrl,117,144,121.8,-0.4730471074581146,0.9198972607067761
UBFC_PHYS_s14_T1_ctrl,117,145,121.83333333333333,-0.875170111656189,1.2195807988468002
UBFC_PHYS_s14_T1_ctrl,117,146,121.86666666666666,-1.2656052112579346,1.3463044630527374
UBFC_PHYS_s14_T1_ctrl,117,147,121.9,-1.4125076532363892,1.3101635235369846
UBFC_PHYS_s14_T1_ctrl,117,148,121.93333333333334,-1.1063106060028076,1.134001843041132
UBFC_PHYS_s14_T1_ctrl,117,149,121.96666666666667,-0.39739906787872314,0.8411699133518443
UBFC_PHYS_s14_T1_ctrl,117,150,122.0,0.37854236364364624,0.45226934656648116
UBFC_PHYS_s14_T1_ctrl,117,151,122.03333333333333,0.9053184986114502,-0.00913803551940504
UBFC_PHYS_s14_T1_ctrl,117,152,122.06666666666666,1.0913968086242676,-0.5071254325990545
UBFC_PHYS_s14_T1_ctrl,117,153,122.1,0.9539292454719543,-0.9874012838504233
UBFC_PHYS_s14_T1_ctrl,117,154,122.13333333333334,0.6203005909919739,-1.3797146857804292
UBFC_PHYS_s14_T1_ctrl,117,155,122.16666666666667,0.32798832654953003,-1.6096417405869357
UBFC_PHYS_s14_T1_ctrl,117,156,122.2,0.2075316458940506,-1.617128260409461
UBFC_PHYS_s14_T1_ctrl,117,157,122.23333333333333,0.17181992530822754,-1.376529981661892
UBFC_PHYS_s14_T1_ctrl,117,158,122.26666666666667,0.08831419050693512,-0.9111480720416018
UBFC_PHYS_s14_T1_ctrl,117,159,122.3,-0.058954428881406784,-0.29511512269226425
UBFC_PHYS_s14_T1_ctrl,117,160,122.33333333333333,-0.22993698716163635,0.36173634813249417
UBFC_PHYS_s14_T1_ctrl,117,161,122.36666666666666,-0.43674394488334656,0.9434653474928596
UBFC_PHYS_s14_T1_ctrl,117,162,122.4,-0.7453631162643433,1.3606018822691515
UBFC_PHYS_s14_T1_ctrl,117,163,122.43333333333334,-1.1629480123519897,1.5708368472156935
UBFC_PHYS_s14_T1_ctrl,117,164,122.46666666666667,-1.52983820438385,1.5796952430019446
UBFC_PHYS_s14_T1_ctrl,117,165,122.5,-1.5630714893341064,1.4244686631860946
UBFC_PHYS_s14_T1_ctrl,117,166,122.53333333333333,-1.0881450176239014,1.1522179792517953
UBFC_PHYS_s14_T1_ctrl,117,167,122.56666666666666,-0.30319109559059143,0.8030007244971529
UBFC_PHYS_s14_T1_ctrl,117,168,122.6,0.42949071526527405,0.4041471335726447
UBFC_PHYS_s14_T1_ctrl,117,169,122.63333333333334,0.8821396827697754,-0.025370723725317415
UBFC_PHYS_s14_T1_ctrl,117,170,122.66666666666667,1.0336328744888306,-0.465683305020327
UBFC_PHYS_s14_T1_ctrl,117,171,122.7,0.9393967390060425,-0.887727212265385
UBFC_PHYS_s14_T1_ctrl,117,172,122.73333333333333,0.7081435918807983,-1.2499064406800227
UBFC_PHYS_s14_T1_ctrl,117,173,122.76666666666667,0.5310776233673096,-1.5012478918538588
UBFC_PHYS_s14_T1_ctrl,117,174,122.8,0.4955630600452423,-1.5907752109441975
UBFC_PHYS_s14_T1_ctrl,117,175,122.83333333333333,0.4521907567977905,-1.4813642782549
UBFC_PHYS_s14_T1_ctrl,117,176,122.86666666666666,0.26684466004371643,-1.1645711971106258
UBFC_PHYS_s14_T1_ctrl,117,177,122.9,0.013708229176700115,-0.6711591900305851
UBFC_PHYS_s14_T1_ctrl,117,178,122.93333333333334,-0.230274960398674,-0.0716020028701611
UBFC_PHYS_s14_T1_ctrl,117,179,122.96666666666667,-0.5512580275535583,0.5365346616766833
UBFC_PHYS_s14_T1_ctrl,117,180,123.0,-1.0379570722579956,1.0517132146097885
UBFC_PHYS_s14_T1_ctrl,117,181,123.03333333333333,-1.5823073387145996,1.393931375486024
UBFC_PHYS_s14_T1_ctrl,117,182,123.06666666666666,-1.9173442125320435,1.5229559830592694
UBFC_PHYS_s14_T1_ctrl,117,183,123.1,-1.8293040990829468,1.442958855831715
UBFC_PHYS_s14_T1_ctrl,117,184,123.13333333333334,-1.340774416923523,1.1935672338793217
UBFC_PHYS_s14_T1_ctrl,117,185,123.16666666666667,-0.7194241881370544,0.8328983022580739
UBFC_PHYS_s14_T1_ctrl,117,186,123.2,-0.18864883482456207,0.4199925976152785
UBFC_PHYS_s14_T1_ctrl,117,187,123.23333333333333,0.28509482741355896,0.002491284946380643
UBFC_PHYS_s14_T1_ctrl,117,188,123.26666666666667,0.7567261457443237,-0.3876959019339614
UBFC_PHYS_s14_T1_ctrl,117,189,123.3,1.0433212518692017,-0.7312286679452203
UBFC_PHYS_s14_T1_ctrl,117,190,123.33333333333333,0.9930769801139832,-1.0137296811523684
UBFC_PHYS_s14_T1_ctrl,117,191,123.36666666666666,0.7557122707366943,-1.2180812398199439
UBFC_PHYS_s14_T1_ctrl,117,192,123.4,0.5768438577651978,-1.3207774887674495
UBFC_PHYS_s14_T1_ctrl,117,193,123.43333333333334,0.48221340775489807,-1.2949075709605562
UBFC_PHYS_s14_T1_ctrl,117,194,123.46666666666667,0.3531104326248169,-1.1197433428240509
UBFC_PHYS_s14_T1_ctrl,117,195,123.5,0.17069336771965027,-0.793807597329118
UBFC_PHYS_s14_T1_ctrl,117,196,123.53333333333333,-0.033043716102838516,-0.34569203449988584
UBFC_PHYS_s14_T1_ctrl,117,197,123.56666666666666,-0.32054001092910767,0.16368285385749717
UBFC_PHYS_s14_T1_ctrl,117,198,123.6,-0.735055148601532,0.6511158793173688
UBFC_PHYS_s14_T1_ctrl,117,199,123.63333333333334,-1.2168254852294922,1.031857208887388
UBFC_PHYS_s14_T1_ctrl,117,200,123.66666666666667,-1.6448873281478882,1.2434786579899588
UBFC_PHYS_s14_T1_ctrl,117,201,123.7,-1.817221760749817,1.2628815555767856
UBFC_PHYS_s14_T1_ctrl,117,202,123.73333333333333,-1.5235857963562012,1.1097096012398426
UBFC_PHYS_s14_T1_ctrl,117,203,123.76666666666667,-0.7790470123291016,0.8359562007810042
UBFC_PHYS_s14_T1_ctrl,117,204,123.8,0.10994400829076767,0.5071608141776159
UBFC_PHYS_s14_T1_ctrl,117,205,123.83333333333333,0.7893117070198059,0.18296149971851078
UBFC_PHYS_s14_T1_ctrl,117,206,123.86666666666666,1.0859893560409546,-0.09636957364074784
UBFC_PHYS_s14_T1_ctrl,117,207,123.9,1.0726397037506104,-0.3142214393728069
UBFC_PHYS_s14_T1_ctrl,117,208,123.93333333333334,0.931285560131073,-0.47343791243009054
UBFC_PHYS_s14_T1_ctrl,117,209,123.96666666666667,0.7979016900062561,-0.5868891779458362
UBFC_PHYS_s14_T1_ctrl,117,210,124.0,0.7511497139930725,-0.6668148944375877
UBFC_PHYS_s14_T1_ctrl,117,211,124.03333333333333,0.78322833776474,-0.7164526590580257
UBFC_PHYS_s14_T1_ctrl,117,212,124.06666666666666,0.7596270442008972,-0.726656994730162
UBFC_PHYS_s14_T1_ctrl,117,213,124.1,0.5700000524520874,-0.6789539068690922
UBFC_PHYS_s14_T1_ctrl,117,214,124.13333333333334,0.23882165551185608,-0.5544276266051377
UBFC_PHYS_s14_T1_ctrl,117,215,124.16666666666667,-0.13981276750564575,-0.34539369509097806
UBFC_PHYS_s14_T1_ctrl,117,216,124.2,-0.5082800388336182,-0.06496632562384208
UBFC_PHYS_s14_T1_ctrl,117,217,124.23333333333333,-0.8944060206413269,0.25044921110226953
UBFC_PHYS_s14_T1_ctrl,117,218,124.26666666666667,-1.362178921699524,0.5483543775737938
UBFC_PHYS_s14_T1_ctrl,117,219,124.3,-1.8345425128936768,0.7753512497910504
UBFC_PHYS_s14_T1_ctrl,117,220,124.33333333333333,-2.0093271732330322,0.8942132902522537
UBFC_PHYS_s14_T1_ctrl,117,221,124.36666666666666,-1.6284396648406982,0.8950909464278367
UBFC_PHYS_s14_T1_ctrl,117,222,124.4,-0.8023948073387146,0.7959093159334064
UBFC_PHYS_s14_T1_ctrl,117,223,124.43333333333334,0.08949707448482513,0.6325514080676122
UBFC_PHYS_s14_T1_ctrl,117,224,124.46666666666667,0.7423344254493713,0.444320263279844
UBFC_PHYS_s14_T1_ctrl,117,225,124.5,1.0405329465866089,0.2615806470929317
UBFC_PHYS_s14_T1_ctrl,117,226,124.53333333333333,1.0273804664611816,0.09983985028814055
UBFC_PHYS_s14_T1_ctrl,117,227,124.56666666666666,0.9009812474250793,-0.039471733017451965
UBFC_PHYS_s14_T1_ctrl,117,228,124.6,0.8188273906707764,-0.16367682151087073
UBFC_PHYS_s14_T1_ctrl,117,229,124.63333333333334,0.7901002764701843,-0.28175851592700046
UBFC_PHYS_s14_T1_ctrl,117,230,124.66666666666667,0.762274444103241,-0.39811404963375374
UBFC_PHYS_s14_T1_ctrl,117,231,124.7,0.7220001816749573,-0.5091552894258349
UBFC_PHYS_s14_T1_ctrl,117,232,124.73333333333333,0.6440427303314209,-0.6036713245439813
UBFC_PHYS_s14_T1_ctrl,117,233,124.76666666666667,0.45275405049324036,-0.6665722047684123
UBFC_PHYS_s14_T1_ctrl,117,234,124.8,0.1357983946800232,-0.6844745055454234
UBFC_PHYS_s14_T1_ctrl,117,235,124.83333333333333,-0.22810634970664978,-0.650806318334271
UBFC_PHYS_s14_T1_ctrl,117,236,124.86666666666666,-0.596939742565155,-0.5680646276681203
UBFC_PHYS_s14_T1_ctrl,117,237,124.9,-0.9986684918403625,-0.4461658618753872
UBFC_PHYS_s14_T1_ctrl,117,238,124.93333333333334,-1.4523595571517944,-0.29825441328887164
UBFC_PHYS_s14_T1_ctrl,117,239,124.96666666666667,-1.8338665962219238,-0.13698646894882005
UBFC_PHYS_s14_T1_ctrl,118,0,118.0,0.4288147985935211,0.07896076663897665
UBFC_PHYS_s14_T1_ctrl,118,1,118.03333333333333,0.1611739993095398,0.19705557565232826
UBFC_PHYS_s14_T1_ctrl,118,2,118.06666666666666,0.04604029655456543,0.3481187992622433
UBFC_PHYS_s14_T1_ctrl,118,3,118.1,0.12861661612987518,0.5545094188343493
UBFC_PHYS_s14_T1_ctrl,118,4,118.13333333333334,0.23544199764728546,0.8147512598663286
UBFC_PHYS_s14_T1_ctrl,118,5,118.16666666666667,0.23392115533351898,1.1016463271695658
UBFC_PHYS_s14_T1_ctrl,118,6,118.2,0.15861108899116516,1.3686959840463924
UBFC_PHYS_s14_T1_ctrl,118,7,118.23333333333333,0.04913831502199173,1.562887620373351
UBFC_PHYS_s14_T1_ctrl,118,8,118.26666666666667,-0.1670471727848053,1.639173724631545
UBFC_PHYS_s14_T1_ctrl,118,9,118.3,-0.5725780725479126,1.5712701656034467
UBFC_PHYS_s14_T1_ctrl,118,10,118.33333333333333,-1.1006215810775757,1.3559303135951626
UBFC_PHYS_s14_T1_ctrl,118,11,118.36666666666666,-1.46768057346344,1.0112811261058918
UBFC_PHYS_s14_T1_ctrl,118,12,118.4,-1.329452633857727,0.5714710771904343
UBFC_PHYS_s14_T1_ctrl,118,13,118.43333333333334,-0.6253007054328918,0.080041291223823
UBFC_PHYS_s14_T1_ctrl,118,14,118.46666666666667,0.3076540231704712,-0.41577739439054673
UBFC_PHYS_s14_T1_ctrl,118,15,118.5,1.044335126876831,-0.8685733446457728
UBFC_PHYS_s14_T1_ctrl,118,16,118.53333333333333,1.3844413757324219,-1.2327207898798556
UBFC_PHYS_s14_T1_ctrl,118,17,118.56666666666666,1.3641635179519653,-1.4669044408327172
UBFC_PHYS_s14_T1_ctrl,118,18,118.6,1.0942695140838623,-1.5388872774023905
UBFC_PHYS_s14_T1_ctrl,118,19,118.63333333333334,0.7787221074104309,-1.4323967715464982
UBFC_PHYS_s14_T1_ctrl,118,20,118.66666666666667,0.6184981465339661,-1.1541166975030401
UBFC_PHYS_s14_T1_ctrl,118,21,118.7,0.5918833017349243,-0.7376579153388039
UBFC_PHYS_s14_T1_ctrl,118,22,118.73333333333333,0.5244591236114502,-0.24152293371242575
UBFC_PHYS_s14_T1_ctrl,118,23,118.76666666666667,0.370374858379364,0.26021570194805255
UBFC_PHYS_s14_T1_ctrl,118,24,118.8,0.2048279196023941,0.6928626653765136
UBFC_PHYS_s14_T1_ctrl,118,25,118.83333333333333,-0.003640684997662902,0.9971037601129348
UBFC_PHYS_s14_T1_ctrl,118,26,118.86666666666666,-0.37360063195228577,1.140279325234471
UBFC_PHYS_s14_T1_ctrl,118,27,118.9,-0.9147684574127197,1.118892997466747
UBFC_PHYS_s14_T1_ctrl,118,28,118.93333333333334,-1.4169576168060303,0.9526229628160724
UBFC_PHYS_s14_T1_ctrl,118,29,118.96666666666667,-1.5436947345733643,0.6740670847217433
UBFC_PHYS_s14_T1_ctrl,118,30,119.0,-1.103015422821045,0.3194511632710728
UBFC_PHYS_s14_T1_ctrl,118,31,119.03333333333333,-0.27052104473114014,-0.07619528802423155
UBFC_PHYS_s14_T1_ctrl,118,32,119.06666666666666,0.542230486869812,-0.47869447289080785
UBFC_PHYS_s14_T1_ctrl,118,33,119.1,1.0622472763061523,-0.8512516464043652
UBFC_PHYS_s14_T1_ctrl,118,34,119.13333333333334,1.2195141315460205,-1.151738428759441
UBFC_PHYS_s14_T1_ctrl,118,35,119.16666666666667,1.0792582035064697,-1.3345640916575447
UBFC_PHYS_s14_T1_ctrl,118,36,119.2,0.815025269985199,-1.3587729753826026
UBFC_PHYS_s14_T1_ctrl,118,37,119.23333333333333,0.6170899271965027,-1.2006580965897198
UBFC_PHYS_s14_T1_ctrl,118,38,119.26666666666667,0.5276697874069214,-0.8662174735964507
UBFC_PHYS_s14_T1_ctrl,118,39,119.3,0.4214640259742737,-0.3973409177006812
UBFC_PHYS_s14_T1_ctrl,118,40,119.33333333333333,0.22983738780021667,0.13332528031308533
UBFC_PHYS_s14_T1_ctrl,118,41,119.36666666666666,0.011511450633406639,0.6393864671413816
UBFC_PHYS_s14_T1_ctrl,118,42,119.4,-0.20402628183364868,1.0434775479166334
UBFC_PHYS_s14_T1_ctrl,118,43,119.43333333333334,-0.5139127969741821,1.2958234070656796
UBFC_PHYS_s14_T1_ctrl,118,44,119.46666666666667,-1.0090609788894653,1.3810974560175928
UBFC_PHYS_s14_T1_ctrl,118,45,119.5,-1.578279972076416,1.3127393675048922
UBFC_PHYS_s14_T1_ctrl,118,46,119.53333333333333,-1.8453574180603027,1.1199069203874448
UBFC_PHYS_s14_T1_ctrl,118,47,119.56666666666666,-1.5186853408813477,0.8345262531277281
UBFC_PHYS_s14_T1_ctrl,118,48,119.6,-0.7017654776573181,0.4839925767710483
UBFC_PHYS_s14_T1_ctrl,118,49,119.63333333333334,0.23085129261016846,0.09105245006099524
UBFC_PHYS_s14_T1_ctrl,118,50,119.66666666666667,0.9605477452278137,-0.32108612165444705
UBFC_PHYS_s14_T1_ctrl,118,51,119.7,1.326029658317566,-0.722188781471078
UBFC_PHYS_s14_T1_ctrl,118,52,119.73333333333333,1.3035831451416016,-1.0709785632395121
UBFC_PHYS_s14_T1_ctrl,118,53,119.76666666666667,1.029492735862732,-1.3168269234945797
UBFC_PHYS_s14_T1_ctrl,118,54,119.8,0.7482770085334778,-1.4086940950712787
UBFC_PHYS_s14_T1_ctrl,118,55,119.83333333333333,0.6034305095672607,-1.3101578742332196
UBFC_PHYS_s14_T1_ctrl,118,56,119.86666666666666,0.5235579013824463,-1.015786073383633
UBFC_PHYS_s14_T1_ctrl,118,57,119.9,0.3778664469718933,-0.5613476211301653
UBFC_PHYS_s14_T1_ctrl,118,58,119.93333333333334,0.18057887256145477,-0.020773077410210887
UBFC_PHYS_s14_T1_ctrl,118,59,119.96666666666667,-0.012568616308271885,0.5119359492388119
UBFC_PHYS_s14_T1_ctrl,118,60,120.0,-0.28978511691093445,0.949123271248902
UBFC_PHYS_s14_T1_ctrl,118,61,120.03333333333333,-0.7667112350463867,1.2321458791964006
UBFC_PHYS_s14_T1_ctrl,118,62,120.06666666666666,-1.35567307472229,1.340841354718859
UBFC_PHYS_s14_T1_ctrl,118,63,120.1,-1.7598520517349243,1.2882193451742385
UBFC_PHYS_s14_T1_ctrl,118,64,120.13333333333334,-1.6400150060653687,1.1060212658697832
UBFC_PHYS_s14_T1_ctrl,118,65,120.16666666666667,-0.9579717516899109,0.8296854448484409
UBFC_PHYS_s14_T1_ctrl,118,66,120.2,-0.06748806685209274,0.48928462653630544
UBFC_PHYS_s14_T1_ctrl,118,67,120.23333333333333,0.6649402976036072,0.10847006039627698
UBFC_PHYS_s14_T1_ctrl,118,68,120.26666666666667,1.0987757444381714,-0.290612097693989
UBFC_PHYS_s14_T1_ctrl,118,69,120.3,1.1948144435882568,-0.6805200991396482
UBFC_PHYS_s14_T1_ctrl,118,70,120.33333333333333,1.0143406391143799,-1.0239285106326688
UBFC_PHYS_s14_T1_ctrl,118,71,120.36666666666666,0.7718219757080078,-1.2742575873182485
UBFC_PHYS_s14_T1_ctrl,118,72,120.4,0.6306648850440979,-1.3830595119734024
UBFC_PHYS_s14_T1_ctrl,118,73,120.43333333333334,0.5514400601387024,-1.3134276144078116
UBFC_PHYS_s14_T1_ctrl,118,74,120.46666666666667,0.4287584722042084,-1.0554500989993276
UBFC_PHYS_s14_T1_ctrl,118,75,120.5,0.24293357133865356,-0.6369989672393077
UBFC_PHYS_s14_T1_ctrl,118,76,120.53333333333333,0.03753482177853584,-0.12312204588194359
UBFC_PHYS_s14_T1_ctrl,118,77,120.56666666666666,-0.19084560871124268,0.39849325532050783
UBFC_PHYS_s14_T1_ctrl,118,78,120.6,-0.5204468369483948,0.8412516370556303
UBFC_PHYS_s14_T1_ctrl,118,79,120.63333333333334,-0.9956831336021423,1.1423960190435118
UBFC_PHYS_s14_T1_ctrl,118,80,120.66666666666667,-1.4805514812469482,1.2751741267751495
UBFC_PHYS_s14_T1_ctrl,118,81,120.7,-1.658715844154358,1.2467724707528538
UBFC_PHYS_s14_T1_ctrl,118,82,120.73333333333333,-1.2853761911392212,1.0857251210907934
UBFC_PHYS_s14_T1_ctrl,118,83,120.76666666666667,-0.473300576210022,0.8268723939808138
UBFC_PHYS_s14_T1_ctrl,118,84,120.8,0.38124608993530273,0.501110753144191
UBFC_PHYS_s14_T1_ctrl,118,85,120.83333333333333,0.976037859916687,0.13297233834832117
UBFC_PHYS_s14_T1_ctrl,118,86,120.86666666666666,1.2141348123550415,-0.2552227158613999
UBFC_PHYS_s14_T1_ctrl,118,87,120.9,1.1358393430709839,-0.6365462632063478
UBFC_PHYS_s14_T1_ctrl,118,88,120.93333333333334,0.896475076675415,-0.9745306394996494
UBFC_PHYS_s14_T1_ctrl,118,89,120.96666666666667,0.6856688261032104,-1.223664309243808
UBFC_PHYS_s14_T1_ctrl,118,90,121.0,0.5825892686843872,-1.3367473474713685
UBFC_PHYS_s14_T1_ctrl,118,91,121.03333333333333,0.513700544834137,-1.277808401529572
UBFC_PHYS_s14_T1_ctrl,118,92,121.06666666666666,0.3874984681606293,-1.0365087235148196
UBFC_PHYS_s14_T1_ctrl,118,93,121.1,0.2147134244441986,-0.6380757394842755
UBFC_PHYS_s14_T1_ctrl,118,94,121.13333333333334,0.03443680331110954,-0.1430132204264055
UBFC_PHYS_s14_T1_ctrl,118,95,121.16666666666667,-0.19994251430034637,0.36577039413115964
UBFC_PHYS_s14_T1_ctrl,118,96,121.2,-0.5706347227096558,0.8048010434396492
UBFC_PHYS_s14_T1_ctrl,118,97,121.23333333333333,-1.0733871459960938,1.1120722069123763
UBFC_PHYS_s14_T1_ctrl,118,98,121.26666666666667,-1.5502569675445557,1.2597616482751715
UBFC_PHYS_s14_T1_ctrl,118,99,121.3,-1.695300579071045,1.2528446065234538
UBFC_PHYS_s14_T1_ctrl,118,100,121.33333333333333,-1.3084704875946045,1.1166363436153701
UBFC_PHYS_s14_T1_ctrl,118,101,121.36666666666666,-0.5371198058128357,0.8818067630276776
UBFC_PHYS_s14_T1_ctrl,118,102,121.4,0.26481685042381287,0.5748009513456809
UBFC_PHYS_s14_T1_ctrl,118,103,121.43333333333334,0.8380351066589355,0.21670639770206104
UBFC_PHYS_s14_T1_ctrl,118,104,121.46666666666667,1.0850600004196167,-0.17141603451029608
UBFC_PHYS_s14_T1_ctrl,118,105,121.5,1.0329288244247437,-0.5614766786028051
UBFC_PHYS_s14_T1_ctrl,118,106,121.53333333333333,0.8357256650924683,-0.9143490383269941
UBFC_PHYS_s14_T1_ctrl,118,107,121.56666666666666,0.6696999669075012,-1.181872470814699
UBFC_PHYS_s14_T1_ctrl,118,108,121.6,0.5892640948295593,-1.3153883946073845
UBFC_PHYS_s14_T1_ctrl,118,109,121.63333333333334,0.5404561758041382,-1.2788206169182235
UBFC_PHYS_s14_T1_ctrl,118,110,121.66666666666667,0.4367006719112396,-1.0620791338346265
UBFC_PHYS_s14_T1_ctrl,118,111,121.7,0.2512982189655304,-0.6893213155977624
UBFC_PHYS_s14_T1_ctrl,118,112,121.73333333333333,0.041167955845594406,-0.21730566591059755
UBFC_PHYS_s14_T1_ctrl,118,113,121.76666666666667,-0.1754399985074997,0.2774159986302047
UBFC_PHYS_s14_T1_ctrl,118,114,121.8,-0.4730471074581146,0.7182261010566973
UBFC_PHYS_s14_T1_ctrl,118,115,121.83333333333333,-0.875170111656189,1.0468817240530612
UBFC_PHYS_s14_T1_ctrl,118,116,121.86666666666666,-1.2656052112579346,1.2331348493740697
UBFC_PHYS_s14_T1_ctrl,118,117,121.9,-1.4125076532363892,1.2729479820029295
UBFC_PHYS_s14_T1_ctrl,118,118,121.93333333333334,-1.1063106060028076,1.178905538123472
UBFC_PHYS_s14_T1_ctrl,118,119,121.96666666666667,-0.39739906787872314,0.9698669449433079
UBFC_PHYS_s14_T1_ctrl,118,120,122.0,0.37854236364364624,0.6655184073156776
UBFC_PHYS_s14_T1_ctrl,118,121,122.03333333333333,0.9053184986114502,0.287158870926822
UBFC_PHYS_s14_T1_ctrl,118,122,122.06666666666666,1.0913968086242676,-0.13782063248282056
UBFC_PHYS_s14_T1_ctrl,118,123,122.1,0.9539292454719543,-0.5718595951451001
UBFC_PHYS_s14_T1_ctrl,118,124,122.13333333333334,0.6203005909919739,-0.9668060297110441
UBFC_PHYS_s14_T1_ctrl,118,125,122.16666666666667,0.32798832654953003,-1.2684882772133887
UBFC_PHYS_s14_T1_ctrl,118,126,122.2,0.2075316458940506,-1.4259379322057104
UBFC_PHYS_s14_T1_ctrl,118,127,122.23333333333333,0.17181992530822754,-1.4034830308826276
UBFC_PHYS_s14_T1_ctrl,118,128,122.26666666666667,0.08831419050693512,-1.1924109902515052
UBFC_PHYS_s14_T1_ctrl,118,129,122.3,-0.058954428881406784,-0.8177542459380158
UBFC_PHYS_s14_T1_ctrl,118,130,122.33333333333333,-0.22993698716163635,-0.3360601885402425
UBFC_PHYS_s14_T1_ctrl,118,131,122.36666666666666,-0.43674394488334656,0.17705932751289497
UBFC_PHYS_s14_T1_ctrl,118,132,122.4,-0.7453631162643433,0.6457504947034104
UBFC_PHYS_s14_T1_ctrl,118,133,122.43333333333334,-1.1629480123519897,1.0114364339692299
UBFC_PHYS_s14_T1_ctrl,118,134,122.46666666666667,-1.52983820438385,1.2418956327905408
UBFC_PHYS_s14_T1_ctrl,118,135,122.5,-1.5630714893341064,1.3295208225497166
UBFC_PHYS_s14_T1_ctrl,118,136,122.53333333333333,-1.0881450176239014,1.2824219901721483
UBFC_PHYS_s14_T1_ctrl,118,137,122.56666666666666,-0.30319109559059143,1.1151530972949995
UBFC_PHYS_s14_T1_ctrl,118,138,122.6,0.42949071526527405,0.8439589548497558
UBFC_PHYS_s14_T1_ctrl,118,139,122.63333333333334,0.8821396827697754,0.4872249701514859
UBFC_PHYS_s14_T1_ctrl,118,140,122.66666666666667,1.0336328744888306,0.06898356090704032
UBFC_PHYS_s14_T1_ctrl,118,141,122.7,0.9393967390060425,-0.37733662962421166
UBFC_PHYS_s14_T1_ctrl,118,142,122.73333333333333,0.7081435918807983,-0.8072494448243195
UBFC_PHYS_s14_T1_ctrl,118,143,122.76666666666667,0.5310776233673096,-1.1672643602159538
UBFC_PHYS_s14_T1_ctrl,118,144,122.8,0.4955630600452423,-1.4016302231229953
UBFC_PHYS_s14_T1_ctrl,118,145,122.83333333333333,0.4521907567977905,-1.4635749817711912
UBFC_PHYS_s14_T1_ctrl,118,146,122.86666666666666,0.26684466004371643,-1.3287492219148846
UBFC_PHYS_s14_T1_ctrl,118,147,122.9,0.013708229176700115,-1.0063027374806464
UBFC_PHYS_s14_T1_ctrl,118,148,122.93333333333334,-0.230274960398674,-0.5421070409259968
UBFC_PHYS_s14_T1_ctrl,118,149,122.96666666666667,-0.5512580275535583,-0.010651927254720198
UBFC_PHYS_s14_T1_ctrl,118,150,123.0,-1.0379570722579956,0.5029349509471125
UBFC_PHYS_s14_T1_ctrl,118,151,123.03333333333333,-1.5823073387145996,0.9241943766540495
UBFC_PHYS_s14_T1_ctrl,118,152,123.06666666666666,-1.9173442125320435,1.2054408699872916
UBFC_PHYS_s14_T1_ctrl,118,153,123.1,-1.8293040990829468,1.3307678462605221
UBFC_PHYS_s14_T1_ctrl,118,154,123.13333333333334,-1.340774416923523,1.309994259382466
UBFC_PHYS_s14_T1_ctrl,118,155,123.16666666666667,-0.7194241881370544,1.1668046313194351
UBFC_PHYS_s14_T1_ctrl,118,156,123.2,-0.18864883482456207,0.9275303649542835
UBFC_PHYS_s14_T1_ctrl,118,157,123.23333333333333,0.28509482741355896,0.6148617303074474
UBFC_PHYS_s14_T1_ctrl,118,158,123.26666666666667,0.7567261457443237,0.24768150327925564
UBFC_PHYS_s14_T1_ctrl,118,159,123.3,1.0433212518692017,-0.15440145440108352
UBFC_PHYS_s14_T1_ctrl,118,160,123.33333333333333,0.9930769801139832,-0.564852679005166
UBFC_PHYS_s14_T1_ctrl,118,161,123.36666666666666,0.7557122707366943,-0.9458714015081332
UBFC_PHYS_s14_T1_ctrl,118,162,123.4,0.5768438577651978,-1.2488898831535882
UBFC_PHYS_s14_T1_ctrl,118,163,123.43333333333334,0.48221340775489807,-1.4214449433945826
UBFC_PHYS_s14_T1_ctrl,118,164,123.46666666666667,0.3531104326248169,-1.4197724855343161
UBFC_PHYS_s14_T1_ctrl,118,165,123.5,0.17069336771965027,-1.223865203474991
UBFC_PHYS_s14_T1_ctrl,118,166,123.53333333333333,-0.033043716102838516,-0.8494687672691852
UBFC_PHYS_s14_T1_ctrl,118,167,123.56666666666666,-0.32054001092910767,-0.3509510341722079
UBFC_PHYS_s14_T1_ctrl,118,168,123.6,-0.735055148601532,0.18865194774364083
UBFC_PHYS_s14_T1_ctrl,118,169,123.63333333333334,-1.2168254852294922,0.6787352512644117
UBFC_PHYS_s14_T1_ctrl,118,170,123.66666666666667,-1.6448873281478882,1.0454458618274298
UBFC_PHYS_s14_T1_ctrl,118,171,123.7,-1.817221760749817,1.2488259226946192
UBFC_PHYS_s14_T1_ctrl,118,172,123.73333333333333,-1.5235857963562012,1.2863409801795427
UBFC_PHYS_s14_T1_ctrl,118,173,123.76666666666667,-0.7790470123291016,1.1835776762902825
UBFC_PHYS_s14_T1_ctrl,118,174,123.8,0.10994400829076767,0.9783571401063329
UBFC_PHYS_s14_T1_ctrl,118,175,123.83333333333333,0.7893117070198059,0.7059557466904626
UBFC_PHYS_s14_T1_ctrl,118,176,123.86666666666666,1.0859893560409546,0.3909381472907987
UBFC_PHYS_s14_T1_ctrl,118,177,123.9,1.0726397037506104,0.047231733381113736
UBFC_PHYS_s14_T1_ctrl,118,178,123.93333333333334,0.931285560131073,-0.3153766132301982
UBFC_PHYS_s14_T1_ctrl,118,179,123.96666666666667,0.7979016900062561,-0.6821489165813295
UBFC_PHYS_s14_T1_ctrl,118,180,124.0,0.7511497139930725,-1.0260206929630238
UBFC_PHYS_s14_T1_ctrl,118,181,124.03333333333333,0.78322833776474,-1.305542900327009
UBFC_PHYS_s14_T1_ctrl,118,182,124.06666666666666,0.7596270442008972,-1.470170712905977
UBFC_PHYS_s14_T1_ctrl,118,183,124.1,0.5700000524520874,-1.4725537813107659
UBFC_PHYS_s14_T1_ctrl,118,184,124.13333333333334,0.23882165551185608,-1.284589180237136
UBFC_PHYS_s14_T1_ctrl,118,185,124.16666666666667,-0.13981276750564575,-0.9115661565549118
UBFC_PHYS_s14_T1_ctrl,118,186,124.2,-0.5082800388336182,-0.39807986480652496
UBFC_PHYS_s14_T1_ctrl,118,187,124.23333333333333,-0.8944060206413269,0.17842362401487616
UBFC_PHYS_s14_T1_ctrl,118,188,124.26666666666667,-1.362178921699524,0.7257850835554212
UBFC_PHYS_s14_T1_ctrl,118,189,124.3,-1.8345425128936768,1.1609082838509077
UBFC_PHYS_s14_T1_ctrl,118,190,124.33333333333333,-2.0093271732330322,1.4300716410214185
UBFC_PHYS_s14_T1_ctrl,118,191,124.36666666666666,-1.6284396648406982,1.5179676088468728
UBFC_PHYS_s14_T1_ctrl,118,192,124.4,-0.8023948073387146,1.443108252708579
UBFC_PHYS_s14_T1_ctrl,118,193,124.43333333333334,0.08949707448482513,1.2436011160248923
UBFC_PHYS_s14_T1_ctrl,118,194,124.46666666666667,0.7423344254493713,0.9609050677225024
UBFC_PHYS_s14_T1_ctrl,118,195,124.5,1.0405329465866089,0.6286047195017802
UBFC_PHYS_s14_T1_ctrl,118,196,124.53333333333333,1.0273804664611816,0.2694587184643745
UBFC_PHYS_s14_T1_ctrl,118,197,124.56666666666666,0.9009812474250793,-0.10035139128955356
UBFC_PHYS_s14_T1_ctrl,118,198,124.6,0.8188273906707764,-0.46341743104812544
UBFC_PHYS_s14_T1_ctrl,118,199,124.63333333333334,0.7901002764701843,-0.7940728529841619
UBFC_PHYS_s14_T1_ctrl,118,200,124.66666666666667,0.762274444103241,-1.0559825477434834
UBFC_PHYS_s14_T1_ctrl,118,201,124.7,0.7220001816749573,-1.2066196904674367
UBFC_PHYS_s14_T1_ctrl,118,202,124.73333333333333,0.6440427303314209,-1.2082200161950907
UBFC_PHYS_s14_T1_ctrl,118,203,124.76666666666667,0.45275405049324036,-1.0418118661907156
UBFC_PHYS_s14_T1_ctrl,118,204,124.8,0.1357983946800232,-0.7188105549591549
UBFC_PHYS_s14_T1_ctrl,118,205,124.83333333333333,-0.22810634970664978,-0.2845330536356113
UBFC_PHYS_s14_T1_ctrl,118,206,124.86666666666666,-0.596939742565155,0.18959060344745648
UBFC_PHYS_s14_T1_ctrl,118,207,124.9,-0.9986684918403625,0.6236727942302346
UBFC_PHYS_s14_T1_ctrl,118,208,124.93333333333334,-1.4523595571517944,0.9503542307274626
UBFC_PHYS_s14_T1_ctrl,118,209,124.96666666666667,-1.8338665962219238,1.1303834895207854
UBFC_PHYS_s14_T1_ctrl,118,210,125.0,-1.8583691120147705,1.156781837182032
UBFC_PHYS_s14_T1_ctrl,118,211,125.03333333333333,-1.3402111530303955,1.0474744068742539
UBFC_PHYS_s14_T1_ctrl,118,212,125.06666666666666,-0.4789896607398987,0.831719865335782
UBFC_PHYS_s14_T1_ctrl,118,213,125.1,0.3708536624908447,0.5378348850320248
UBFC_PHYS_s14_T1_ctrl,118,214,125.13333333333334,0.9491132497787476,0.18772658829417135
UBFC_PHYS_s14_T1_ctrl,118,215,125.16666666666667,1.183323621749878,-0.2007105306881972
UBFC_PHYS_s14_T1_ctrl,118,216,125.2,1.1516392230987549,-0.6065013071926915
UBFC_PHYS_s14_T1_ctrl,118,217,125.23333333333333,0.9782909750938416,-0.9989920978697543
UBFC_PHYS_s14_T1_ctrl,118,218,125.26666666666667,0.7809752225875854,-1.3361807398242405
UBFC_PHYS_s14_T1_ctrl,118,219,125.3,0.6552519202232361,-1.5698220790889263
UBFC_PHYS_s14_T1_ctrl,118,220,125.33333333333333,0.5972344279289246,-1.6562414852438978
UBFC_PHYS_s14_T1_ctrl,118,221,125.36666666666666,0.5322323441505432,-1.5694897025355217
UBFC_PHYS_s14_T1_ctrl,118,222,125.4,0.41140955686569214,-1.3122288682807992
UBFC_PHYS_s14_T1_ctrl,118,223,125.43333333333334,0.21578365564346313,-0.9197209246940815
UBFC_PHYS_s14_T1_ctrl,118,224,125.46666666666667,-0.06405208259820938,-0.4538000682206113
UBFC_PHYS_s14_T1_ctrl,118,225,125.5,-0.40469351410865784,0.012626382013117556
UBFC_PHYS_s14_T1_ctrl,118,226,125.53333333333333,-0.788031280040741,0.41503846767809616
UBFC_PHYS_s14_T1_ctrl,118,227,125.56666666666666,-1.2273024320602417,0.7125145776453645
UBFC_PHYS_s14_T1_ctrl,118,228,125.6,-1.6379308700561523,0.8927290301067322
UBFC_PHYS_s14_T1_ctrl,118,229,125.63333333333334,-1.7549797296524048,0.9663668515104027
UBFC_PHYS_s14_T1_ctrl,118,230,125.66666666666667,-1.362122654914856,0.9558029424314334
UBFC_PHYS_s14_T1_ctrl,118,231,125.7,-0.5793373584747314,0.8847896380010009
UBFC_PHYS_s14_T1_ctrl,118,232,125.73333333333333,0.2261197715997696,0.7736758010733712
UBFC_PHYS_s14_T1_ctrl,118,233,125.76666666666667,0.765090823173523,0.6402751643341662
UBFC_PHYS_s14_T1_ctrl,118,234,125.8,0.9630542993545532,0.5028913736129738
UBFC_PHYS_s14_T1_ctrl,118,235,125.83333333333333,0.8901382088661194,0.3812259394935383
UBFC_PHYS_s14_T1_ctrl,118,236,125.86666666666666,0.6938645243644714,0.29314190758705705
UBFC_PHYS_s14_T1_ctrl,118,237,125.9,0.5393296480178833,0.24867221738162407
UBFC_PHYS_s14_T1_ctrl,118,238,125.93333333333334,0.4966614544391632,0.24489944988446277
UBFC_PHYS_s14_T1_ctrl,118,239,125.96666666666667,0.49271851778030396,0.2652537508881776
UBFC_PHYS_s14_T1_ctrl,119,0,119.0,-1.103015422821045,0.07648332234104036
UBFC_PHYS_s14_T1_ctrl,119,1,119.03333333333333,-0.27052104473114014,-0.2790864500687165
UBFC_PHYS_s14_T1_ctrl,119,2,119.06666666666666,0.542230486869812,-0.6160355613812152
UBFC_PHYS_s14_T1_ctrl,119,3,119.1,1.0622472763061523,-0.9083160316153063
UBFC_PHYS_s14_T1_ctrl,119,4,119.13333333333334,1.2195141315460205,-1.1203258822888884
UBFC_PHYS_s14_T1_ctrl,119,5,119.16666666666667,1.0792582035064697,-1.2117770348384962
UBFC_PHYS_s14_T1_ctrl,119,6,119.2,0.815025269985199,-1.1487632182838476
UBFC_PHYS_s14_T1_ctrl,119,7,119.23333333333333,0.6170899271965027,-0.9174209475667434
UBFC_PHYS_s14_T1_ctrl,119,8,119.26666666666667,0.5276697874069214,-0.5349433206430539
UBFC_PHYS_s14_T1_ctrl,119,9,119.3,0.4214640259742737,-0.05257816624907502
UBFC_PHYS_s14_T1_ctrl,119,10,119.33333333333333,0.22983738780021667,0.45272187513960604
UBFC_PHYS_s14_T1_ctrl,119,11,119.36666666666666,0.011511450633406639,0.8967899621664671
UBFC_PHYS_s14_T1_ctrl,119,12,119.4,-0.20402628183364868,1.2101080043243975
UBFC_PHYS_s14_T1_ctrl,119,13,119.43333333333334,-0.5139127969741821,1.3538046978446432
UBFC_PHYS_s14_T1_ctrl,119,14,119.46666666666667,-1.0090609788894653,1.3237962061950461
UBFC_PHYS_s14_T1_ctrl,119,15,119.5,-1.578279972076416,1.1434818546634942
UBFC_PHYS_s14_T1_ctrl,119,16,119.53333333333333,-1.8453574180603027,0.8505169917855632
UBFC_PHYS_s14_T1_ctrl,119,17,119.56666666666666,-1.5186853408813477,0.4845701905818384
UBFC_PHYS_s14_T1_ctrl,119,18,119.6,-0.7017654776573181,0.0806867720451854
UBFC_PHYS_s14_T1_ctrl,119,19,119.63333333333334,0.23085129261016846,-0.3309856021178775
UBFC_PHYS_s14_T1_ctrl,119,20,119.66666666666667,0.9605477452278137,-0.7214049310700537
UBFC_PHYS_s14_T1_ctrl,119,21,119.7,1.326029658317566,-1.0583113670122832
UBFC_PHYS_s14_T1_ctrl,119,22,119.73333333333333,1.3035831451416016,-1.304550776478011
UBFC_PHYS_s14_T1_ctrl,119,23,119.76666666666667,1.029492735862732,-1.421070156612341
UBFC_PHYS_s14_T1_ctrl,119,24,119.8,0.7482770085334778,-1.3751671822314202
UBFC_PHYS_s14_T1_ctrl,119,25,119.83333333333333,0.6034305095672607,-1.1524422002270787
UBFC_PHYS_s14_T1_ctrl,119,26,119.86666666666666,0.5235579013824463,-0.7681171614448681
UBFC_PHYS_s14_T1_ctrl,119,27,119.9,0.3778664469718933,-0.27163077814768477
UBFC_PHYS_s14_T1_ctrl,119,28,119.93333333333334,0.18057887256145477,0.2603072203255844
UBFC_PHYS_s14_T1_ctrl,119,29,119.96666666666667,-0.012568616308271885,0.7420083447971162
UBFC_PHYS_s14_T1_ctrl,119,30,120.0,-0.28978511691093445,1.1015304591892872
UBFC_PHYS_s14_T1_ctrl,119,31,120.03333333333333,-0.7667112350463867,1.297666726294794
UBFC_PHYS_s14_T1_ctrl,119,32,120.06666666666666,-1.35567307472229,1.3244821838060943
UBFC_PHYS_s14_T1_ctrl,119,33,120.1,-1.7598520517349243,1.2037214197925543
UBFC_PHYS_s14_T1_ctrl,119,34,120.13333333333334,-1.6400150060653687,0.9708359856729684
UBFC_PHYS_s14_T1_ctrl,119,35,120.16666666666667,-0.9579717516899109,0.6618950260806794
UBFC_PHYS_s14_T1_ctrl,119,36,120.2,-0.06748806685209274,0.3065692052063044
UBFC_PHYS_s14_T1_ctrl,119,37,120.23333333333333,0.6649402976036072,-0.07159055040579529
UBFC_PHYS_s14_T1_ctrl,119,38,120.26666666666667,1.0987757444381714,-0.4500453214578391
UBFC_PHYS_s14_T1_ctrl,119,39,120.3,1.1948144435882568,-0.8014675236710482
UBFC_PHYS_s14_T1_ctrl,119,40,120.33333333333333,1.0143406391143799,-1.090708565625157
UBFC_PHYS_s14_T1_ctrl,119,41,120.36666666666666,0.7718219757080078,-1.2764954269995252
UBFC_PHYS_s14_T1_ctrl,119,42,120.4,0.6306648850440979,-1.3187188555633615
UBFC_PHYS_s14_T1_ctrl,119,43,120.43333333333334,0.5514400601387024,-1.190535489108712
UBFC_PHYS_s14_T1_ctrl,119,44,120.46666666666667,0.4287584722042084,-0.8915708101703538
UBFC_PHYS_s14_T1_ctrl,119,45,120.5,0.24293357133865356,-0.45604268460302805
UBFC_PHYS_s14_T1_ctrl,119,46,120.53333333333333,0.03753482177853584,0.04990178984521024
UBFC_PHYS_s14_T1_ctrl,119,47,120.56666666666666,-0.19084560871124268,0.5429992652345749
UBFC_PHYS_s14_T1_ctrl,119,48,120.6,-0.5204468369483948,0.9446940196485452
UBFC_PHYS_s14_T1_ctrl,119,49,120.63333333333334,-0.9956831336021423,1.2006573244785992
UBFC_PHYS_s14_T1_ctrl,119,50,120.66666666666667,-1.4805514812469482,1.2901544594086112
UBFC_PHYS_s14_T1_ctrl,119,51,120.7,-1.658715844154358,1.2230931535285774
UBFC_PHYS_s14_T1_ctrl,119,52,120.73333333333333,-1.2853761911392212,1.0285884546630613
UBFC_PHYS_s14_T1_ctrl,119,53,120.76666666666667,-0.473300576210022,0.7419584996342231
UBFC_PHYS_s14_T1_ctrl,119,54,120.8,0.38124608993530273,0.3960338921040537
UBFC_PHYS_s14_T1_ctrl,119,55,120.83333333333333,0.976037859916687,0.019011148279680465
UBFC_PHYS_s14_T1_ctrl,119,56,120.86666666666666,1.2141348123550415,-0.3626227988797497
UBFC_PHYS_s14_T1_ctrl,119,57,120.9,1.1358393430709839,-0.7195507542028808
UBFC_PHYS_s14_T1_ctrl,119,58,120.93333333333334,0.896475076675415,-1.0168157963674263
UBFC_PHYS_s14_T1_ctrl,119,59,120.96666666666667,0.6856688261032104,-1.2149563838809825
UBFC_PHYS_s14_T1_ctrl,119,60,121.0,0.5825892686843872,-1.2761287446498681
UBFC_PHYS_s14_T1_ctrl,119,61,121.03333333333333,0.513700544834137,-1.1745738804166392
UBFC_PHYS_s14_T1_ctrl,119,62,121.06666666666666,0.3874984681606293,-0.9082481405907519
UBFC_PHYS_s14_T1_ctrl,119,63,121.1,0.2147134244441986,-0.5064158673465178
UBFC_PHYS_s14_T1_ctrl,119,64,121.13333333333334,0.03443680331110954,-0.028287128800338325
UBFC_PHYS_s14_T1_ctrl,119,65,121.16666666666667,-0.19994251430034637,0.44900750571843095
UBFC_PHYS_s14_T1_ctrl,119,66,121.2,-0.5706347227096558,0.8497621493406908
UBFC_PHYS_s14_T1_ctrl,119,67,121.23333333333333,-1.0733871459960938,1.1188641792851624
UBFC_PHYS_s14_T1_ctrl,119,68,121.26666666666667,-1.5502569675445557,1.232740707926946
UBFC_PHYS_s14_T1_ctrl,119,69,121.3,-1.695300579071045,1.1979852337001098
UBFC_PHYS_s14_T1_ctrl,119,70,121.33333333333333,-1.3084704875946045,1.0401922682540328
UBFC_PHYS_s14_T1_ctrl,119,71,121.36666666666666,-0.5371198058128357,0.7903392282696281
UBFC_PHYS_s14_T1_ctrl,119,72,121.4,0.26481685042381287,0.4757488279468662
UBFC_PHYS_s14_T1_ctrl,119,73,121.43333333333334,0.8380351066589355,0.11855455592894017
UBFC_PHYS_s14_T1_ctrl,119,74,121.46666666666667,1.0850600004196167,-0.2598950990646545
UBFC_PHYS_s14_T1_ctrl,119,75,121.5,1.0329288244247437,-0.6327753519294933
UBFC_PHYS_s14_T1_ctrl,119,76,121.53333333333333,0.8357256650924683,-0.9637386952555872
UBFC_PHYS_s14_T1_ctrl,119,77,121.56666666666666,0.6696999669075012,-1.207815891965017
UBFC_PHYS_s14_T1_ctrl,119,78,121.6,0.5892640948295593,-1.3185215711122384
UBFC_PHYS_s14_T1_ctrl,119,79,121.63333333333334,0.5404561758041382,-1.2603980154388064
UBFC_PHYS_s14_T1_ctrl,119,80,121.66666666666667,0.4367006719112396,-1.023296400020365
UBFC_PHYS_s14_T1_ctrl,119,81,121.7,0.2512982189655304,-0.6322268891472258
UBFC_PHYS_s14_T1_ctrl,119,82,121.73333333333333,0.041167955845594406,-0.14669035466834193
UBFC_PHYS_s14_T1_ctrl,119,83,121.76666666666667,-0.1754399985074997,0.3526516557916372
UBFC_PHYS_s14_T1_ctrl,119,84,121.8,-0.4730471074581146,0.785492698903083
UBFC_PHYS_s14_T1_ctrl,119,85,121.83333333333333,-0.875170111656189,1.0923304891829948
UBFC_PHYS_s14_T1_ctrl,119,86,121.86666666666666,-1.2656052112579346,1.245398644632573
UBFC_PHYS_s14_T1_ctrl,119,87,121.9,-1.4125076532363892,1.2470515623574498
UBFC_PHYS_s14_T1_ctrl,119,88,121.93333333333334,-1.1063106060028076,1.1189224427995574
UBFC_PHYS_s14_T1_ctrl,119,89,121.96666666666667,-0.39739906787872314,0.8889247985592811
UBFC_PHYS_s14_T1_ctrl,119,90,122.0,0.37854236364364624,0.5826188498595108
UBFC_PHYS_s14_T1_ctrl,119,91,122.03333333333333,0.9053184986114502,0.22172152572720727
UBFC_PHYS_s14_T1_ctrl,119,92,122.06666666666666,1.0913968086242676,-0.17176739888555262
UBFC_PHYS_s14_T1_ctrl,119,93,122.1,0.9539292454719543,-0.5697949819691838
UBFC_PHYS_s14_T1_ctrl,119,94,122.13333333333334,0.6203005909919739,-0.9345602492694387
UBFC_PHYS_s14_T1_ctrl,119,95,122.16666666666667,0.32798832654953003,-1.2191601256039304
UBFC_PHYS_s14_T1_ctrl,119,96,122.2,0.2075316458940506,-1.3737463837579367
UBFC_PHYS_s14_T1_ctrl,119,97,122.23333333333333,0.17181992530822754,-1.3570963600267962
UBFC_PHYS_s14_T1_ctrl,119,98,122.26666666666667,0.08831419050693512,-1.1511249824045855
UBFC_PHYS_s14_T1_ctrl,119,99,122.3,-0.058954428881406784,-0.7729679150977418
UBFC_PHYS_s14_T1_ctrl,119,100,122.33333333333333,-0.22993698716163635,-0.27782425150449785
UBFC_PHYS_s14_T1_ctrl,119,101,122.36666666666666,-0.43674394488334656,0.25169038189465526
UBFC_PHYS_s14_T1_ctrl,119,102,122.4,-0.7453631162643433,0.7272226037723027
UBFC_PHYS_s14_T1_ctrl,119,103,122.43333333333334,-1.1629480123519897,1.078492478427255
UBFC_PHYS_s14_T1_ctrl,119,104,122.46666666666667,-1.52983820438385,1.2689683580326678
UBFC_PHYS_s14_T1_ctrl,119,105,122.5,-1.5630714893341064,1.2976409153419213
UBFC_PHYS_s14_T1_ctrl,119,106,122.53333333333333,-1.0881450176239014,1.1886389875473744
UBFC_PHYS_s14_T1_ctrl,119,107,122.56666666666666,-0.30319109559059143,0.9760223084484296
UBFC_PHYS_s14_T1_ctrl,119,108,122.6,0.42949071526527405,0.6914523691671929
UBFC_PHYS_s14_T1_ctrl,119,109,122.63333333333334,0.8821396827697754,0.3588810157212562
UBFC_PHYS_s14_T1_ctrl,119,110,122.66666666666667,1.0336328744888306,-0.0037781469510629233
UBFC_PHYS_s14_T1_ctrl,119,111,122.7,0.9393967390060425,-0.37870891496186676
UBFC_PHYS_s14_T1_ctrl,119,112,122.73333333333333,0.7081435918807983,-0.7414408092170373
UBFC_PHYS_s14_T1_ctrl,119,113,122.76666666666667,0.5310776233673096,-1.0565245805084502
UBFC_PHYS_s14_T1_ctrl,119,114,122.8,0.4955630600452423,-1.2785162736577158
UBFC_PHYS_s14_T1_ctrl,119,115,122.83333333333333,0.4521907567977905,-1.3599959248543854
UBFC_PHYS_s14_T1_ctrl,119,116,122.86666666666666,0.26684466004371643,-1.2656489260937884
UBFC_PHYS_s14_T1_ctrl,119,117,122.9,0.013708229176700115,-0.9879201592911192
UBFC_PHYS_s14_T1_ctrl,119,118,122.93333333333334,-0.230274960398674,-0.5572505587679412
UBFC_PHYS_s14_T1_ctrl,119,119,122.96666666666667,-0.5512580275535583,-0.040509704340943004
UBFC_PHYS_s14_T1_ctrl,119,120,123.0,-1.0379570722579956,0.47426357746392966
UBFC_PHYS_s14_T1_ctrl,119,121,123.03333333333333,-1.5823073387145996,0.9020263698676082
UBFC_PHYS_s14_T1_ctrl,119,122,123.06666666666666,-1.9173442125320435,1.18371796472975
UBFC_PHYS_s14_T1_ctrl,119,123,123.1,-1.8293040990829468,1.2980292801337112
UBFC_PHYS_s14_T1_ctrl,119,124,123.13333333333334,-1.340774416923523,1.2581968760446771
UBFC_PHYS_s14_T1_ctrl,119,125,123.16666666666667,-0.7194241881370544,1.0979174468987691
UBFC_PHYS_s14_T1_ctrl,119,126,123.2,-0.18864883482456207,0.8545610605398215
UBFC_PHYS_s14_T1_ctrl,119,127,123.23333333333333,0.28509482741355896,0.5571766859444648
UBFC_PHYS_s14_T1_ctrl,119,128,123.26666666666667,0.7567261457443237,0.22317721559641887
UBFC_PHYS_s14_T1_ctrl,119,129,123.3,1.0433212518692017,-0.13673910820271334
UBFC_PHYS_s14_T1_ctrl,119,130,123.33333333333333,0.9930769801139832,-0.5091634289978495
UBFC_PHYS_s14_T1_ctrl,119,131,123.36666666666666,0.7557122707366943,-0.869158278083876
UBFC_PHYS_s14_T1_ctrl,119,132,123.4,0.5768438577651978,-1.1766009255913243
UBFC_PHYS_s14_T1_ctrl,119,133,123.43333333333334,0.48221340775489807,-1.3802862203660893
UBFC_PHYS_s14_T1_ctrl,119,134,123.46666666666667,0.3531104326248169,-1.4297058712721067
UBFC_PHYS_s14_T1_ctrl,119,135,123.5,0.17069336771965027,-1.2914927446635467
UBFC_PHYS_s14_T1_ctrl,119,136,123.53333333333333,-0.033043716102838516,-0.964956218183996
UBFC_PHYS_s14_T1_ctrl,119,137,123.56666666666666,-0.32054001092910767,-0.48996854528562644
UBFC_PHYS_s14_T1_ctrl,119,138,123.6,-0.735055148601532,0.05810360862970419
UBFC_PHYS_s14_T1_ctrl,119,139,123.63333333333334,-1.2168254852294922,0.5868241350422273
UBFC_PHYS_s14_T1_ctrl,119,140,123.66666666666667,-1.6448873281478882,1.0119211942159045
UBFC_PHYS_s14_T1_ctrl,119,141,123.7,-1.817221760749817,1.2786315560164918
UBFC_PHYS_s14_T1_ctrl,119,142,123.73333333333333,-1.5235857963562012,1.3707038775337896
UBFC_PHYS_s14_T1_ctrl,119,143,123.76666666666667,-0.7790470123291016,1.3052769671744116
UBFC_PHYS_s14_T1_ctrl,119,144,123.8,0.10994400829076767,1.1183817191918832
UBFC_PHYS_s14_T1_ctrl,119,145,123.83333333333333,0.7893117070198059,0.8489389036241114
UBFC_PHYS_s14_T1_ctrl,119,146,123.86666666666666,1.0859893560409546,0.5279376784423415
UBFC_PHYS_s14_T1_ctrl,119,147,123.9,1.0726397037506104,0.17565648118620253
UBFC_PHYS_s14_T1_ctrl,119,148,123.93333333333334,0.931285560131073,-0.19410200431688027
UBFC_PHYS_s14_T1_ctrl,119,149,123.96666666666667,0.7979016900062561,-0.5661365803291192
UBFC_PHYS_s14_T1_ctrl,119,150,124.0,0.7511497139930725,-0.9162257729590239
UBFC_PHYS_s14_T1_ctrl,119,151,124.03333333333333,0.78322833776474,-1.2072021119682965
UBFC_PHYS_s14_T1_ctrl,119,152,124.06666666666666,0.7596270442008972,-1.3914458307488584
UBFC_PHYS_s14_T1_ctrl,119,153,124.1,0.5700000524520874,-1.4209383473857617
UBFC_PHYS_s14_T1_ctrl,119,154,124.13333333333334,0.23882165551185608,-1.2630368942780559
UBFC_PHYS_s14_T1_ctrl,119,155,124.16666666666667,-0.13981276750564575,-0.9166932916212426
UBFC_PHYS_s14_T1_ctrl,119,156,124.2,-0.5082800388336182,-0.421819262490364
UBFC_PHYS_s14_T1_ctrl,119,157,124.23333333333333,-0.8944060206413269,0.14427520090152593
UBFC_PHYS_s14_T1_ctrl,119,158,124.26666666666667,-1.362178921699524,0.6845301086094765
UBFC_PHYS_s14_T1_ctrl,119,159,124.3,-1.8345425128936768,1.1083313824724415
UBFC_PHYS_s14_T1_ctrl,119,160,124.33333333333333,-2.0093271732330322,1.3557281851558443
UBFC_PHYS_s14_T1_ctrl,119,161,124.36666666666666,-1.6284396648406982,1.4095430672758282
UBFC_PHYS_s14_T1_ctrl,119,162,124.4,-0.8023948073387146,1.2916753203493996
UBFC_PHYS_s14_T1_ctrl,119,163,124.43333333333334,0.08949707448482513,1.0477724804560504
UBFC_PHYS_s14_T1_ctrl,119,164,124.46666666666667,0.7423344254493713,0.728586576534534
UBFC_PHYS_s14_T1_ctrl,119,165,124.5,1.0405329465866089,0.37575507088493837
UBFC_PHYS_s14_T1_ctrl,119,166,124.53333333333333,1.0273804664611816,0.016239469586929074
UBFC_PHYS_s14_T1_ctrl,119,167,124.56666666666666,0.9009812474250793,-0.33458677755116156
UBFC_PHYS_s14_T1_ctrl,119,168,124.6,0.8188273906707764,-0.6644648637823549
UBFC_PHYS_s14_T1_ctrl,119,169,124.63333333333334,0.7901002764701843,-0.9552145267655995
UBFC_PHYS_s14_T1_ctrl,119,170,124.66666666666667,0.762274444103241,-1.1778110215034332
UBFC_PHYS_s14_T1_ctrl,119,171,124.7,0.7220001816749573,-1.2945962262329072
UBFC_PHYS_s14_T1_ctrl,119,172,124.73333333333333,0.6440427303314209,-1.268889064722687
UBFC_PHYS_s14_T1_ctrl,119,173,124.76666666666667,0.45275405049324036,-1.0790832405403927
UBFC_PHYS_s14_T1_ctrl,119,174,124.8,0.1357983946800232,-0.7317513626675901
UBFC_PHYS_s14_T1_ctrl,119,175,124.83333333333333,-0.22810634970664978,-0.26762763776090853
UBFC_PHYS_s14_T1_ctrl,119,176,124.86666666666666,-0.596939742565155,0.24355694035185274
UBFC_PHYS_s14_T1_ctrl,119,177,124.9,-0.9986684918403625,0.7189603094655656
UBFC_PHYS_s14_T1_ctrl,119,178,124.93333333333334,-1.4523595571517944,1.083779635222217
UBFC_PHYS_s14_T1_ctrl,119,179,124.96666666666667,-1.8338665962219238,1.289435354951665
UBFC_PHYS_s14_T1_ctrl,119,180,125.0,-1.8583691120147705,1.3219373722094874
UBFC_PHYS_s14_T1_ctrl,119,181,125.03333333333333,-1.3402111530303955,1.1983224480570402
UBFC_PHYS_s14_T1_ctrl,119,182,125.06666666666666,-0.4789896607398987,0.9545479784663943
UBFC_PHYS_s14_T1_ctrl,119,183,125.1,0.3708536624908447,0.6315178688021565
UBFC_PHYS_s14_T1_ctrl,119,184,125.13333333333334,0.9491132497787476,0.265397414454227
UBFC_PHYS_s14_T1_ctrl,119,185,125.16666666666667,1.183323621749878,-0.11496545064232193
UBFC_PHYS_s14_T1_ctrl,119,186,125.2,1.1516392230987549,-0.48459942118400345
UBFC_PHYS_s14_T1_ctrl,119,187,125.23333333333333,0.9782909750938416,-0.8166588239596143
UBFC_PHYS_s14_T1_ctrl,119,188,125.26666666666667,0.7809752225875854,-1.0785894233913556
UBFC_PHYS_s14_T1_ctrl,119,189,125.3,0.6552519202232361,-1.233260008193656
UBFC_PHYS_s14_T1_ctrl,119,190,125.33333333333333,0.5972344279289246,-1.246049636594317
UBFC_PHYS_s14_T1_ctrl,119,191,125.36666666666666,0.5322323441505432,-1.0963140517263315
UBFC_PHYS_s14_T1_ctrl,119,192,125.4,0.41140955686569214,-0.7890783950493743
UBFC_PHYS_s14_T1_ctrl,119,193,125.43333333333334,0.21578365564346313,-0.36139225691180843
UBFC_PHYS_s14_T1_ctrl,119,194,125.46666666666667,-0.06405208259820938,0.1212456485975499
UBFC_PHYS_s14_T1_ctrl,119,195,125.5,-0.40469351410865784,0.5791721988031031
UBFC_PHYS_s14_T1_ctrl,119,196,125.53333333333333,-0.788031280040741,0.9389354410453685
UBFC_PHYS_s14_T1_ctrl,119,197,125.56666666666666,-1.2273024320602417,1.1515023810367195
UBFC_PHYS_s14_T1_ctrl,119,198,125.6,-1.6379308700561523,1.2008898466042501
UBFC_PHYS_s14_T1_ctrl,119,199,125.63333333333334,-1.7549797296524048,1.1006982570932082
UBFC_PHYS_s14_T1_ctrl,119,200,125.66666666666667,-1.362122654914856,0.8821112005224815
UBFC_PHYS_s14_T1_ctrl,119,201,125.7,-0.5793373584747314,0.5805648849318253
UBFC_PHYS_s14_T1_ctrl,119,202,125.73333333333333,0.2261197715997696,0.22742986908023208
UBFC_PHYS_s14_T1_ctrl,119,203,125.76666666666667,0.765090823173523,-0.1510051485187325
UBFC_PHYS_s14_T1_ctrl,119,204,125.8,0.9630542993545532,-0.5292611346266077
UBFC_PHYS_s14_T1_ctrl,119,205,125.83333333333333,0.8901382088661194,-0.8773566928040795
UBFC_PHYS_s14_T1_ctrl,119,206,125.86666666666666,0.6938645243644714,-1.1582400286764696
UBFC_PHYS_s14_T1_ctrl,119,207,125.9,0.5393296480178833,-1.3300345452147375
UBFC_PHYS_s14_T1_ctrl,119,208,125.93333333333334,0.4966614544391632,-1.3536651487593303
UBFC_PHYS_s14_T1_ctrl,119,209,125.96666666666667,0.49271851778030396,-1.2046817874218627
UBFC_PHYS_s14_T1_ctrl,119,210,126.0,0.40473473072052,-0.8855668934882653
UBFC_PHYS_s14_T1_ctrl,119,211,126.03333333333333,0.20767246186733246,-0.43281493544598204
UBFC_PHYS_s14_T1_ctrl,119,212,126.06666666666666,-0.01628624089062214,0.08643069452956176
UBFC_PHYS_s14_T1_ctrl,119,213,126.1,-0.25345379114151,0.5893962877833451
UBFC_PHYS_s14_T1_ctrl,119,214,126.13333333333334,-0.5960948467254639,0.9993816239393463
UBFC_PHYS_s14_T1_ctrl,119,215,126.16666666666667,-1.0794986486434937,1.2649972969837056
UBFC_PHYS_s14_T1_ctrl,119,216,126.2,-1.5544533729553223,1.3689566460121891
UBFC_PHYS_s14_T1_ctrl,119,217,126.23333333333333,-1.752304196357727,1.3240112858908517
UBFC_PHYS_s14_T1_ctrl,119,218,126.26666666666667,-1.4536268711090088,1.16001122618916
UBFC_PHYS_s14_T1_ctrl,119,219,126.3,-0.7070039510726929,0.9096956338072851
UBFC_PHYS_s14_T1_ctrl,119,220,126.33333333333333,0.15351343154907227,0.5999349400442665
UBFC_PHYS_s14_T1_ctrl,119,221,126.36666666666666,0.799450695514679,0.2510435502892836
UBFC_PHYS_s14_T1_ctrl,119,222,126.4,1.113533616065979,-0.11774463000807033
UBFC_PHYS_s14_T1_ctrl,119,223,126.43333333333334,1.1266860961914062,-0.481183593362523
UBFC_PHYS_s14_T1_ctrl,119,224,126.46666666666667,0.9310601949691772,-0.8037737453163304
UBFC_PHYS_s14_T1_ctrl,119,225,126.5,0.6780645847320557,-1.0411341469953528
UBFC_PHYS_s14_T1_ctrl,119,226,126.53333333333333,0.49333810806274414,-1.147786129518149
UBFC_PHYS_s14_T1_ctrl,119,227,126.56666666666666,0.3598979115486145,-1.0899767025490816
UBFC_PHYS_s14_T1_ctrl,119,228,126.6,0.1938440352678299,-0.859681388308098
UBFC_PHYS_s14_T1_ctrl,119,229,126.63333333333334,-0.026453379541635513,-0.48408855265057876
UBFC_PHYS_s14_T1_ctrl,119,230,126.66666666666667,-0.2603539228439331,-0.025089408278549982
UBFC_PHYS_s14_T1_ctrl,119,231,126.7,-0.5121666193008423,0.43354119438731226
UBFC_PHYS_s14_T1_ctrl,119,232,126.73333333333333,-0.8674250841140747,0.8081603985907555
UBFC_PHYS_s14_T1_ctrl,119,233,126.76666666666667,-1.3755567073822021,1.0384128832476107
UBFC_PHYS_s14_T1_ctrl,119,234,126.8,-1.8925037384033203,1.102037972355555
UBFC_PHYS_s14_T1_ctrl,119,235,126.83333333333333,-2.0929737091064453,1.0152103046869736
UBFC_PHYS_s14_T1_ctrl,119,236,126.86666666666666,-1.7142548561096191,0.8191705869026635
UBFC_PHYS_s14_T1_ctrl,119,237,126.9,-0.8486116528511047,0.5603759857052221
UBFC_PHYS_s14_T1_ctrl,119,238,126.93333333333334,0.11019748449325562,0.2737804510852447
UBFC_PHYS_s14_T1_ctrl,119,239,126.96666666666667,0.8338668942451477,-0.023579624213745064
UBFC_PHYS_s14_T1_ctrl,120,0,120.0,-0.28978511691093445,-0.049850470173837
UBFC_PHYS_s14_T1_ctrl,120,1,120.03333333333333,-0.7667112350463867,0.23664697452399674
UBFC_PHYS_s14_T1_ctrl,120,2,120.06666666666666,-1.35567307472229,0.4836165052942217
UBFC_PHYS_s14_T1_ctrl,120,3,120.1,-1.7598520517349243,0.6533397973042879
UBFC_PHYS_s14_T1_ctrl,120,4,120.13333333333334,-1.6400150060653687,0.7133324953308423
UBFC_PHYS_s14_T1_ctrl,120,5,120.16666666666667,-0.9579717516899109,0.6428006654173153
UBFC_PHYS_s14_T1_ctrl,120,6,120.2,-0.06748806685209274,0.4396588102989242
UBFC_PHYS_s14_T1_ctrl,120,7,120.23333333333333,0.6649402976036072,0.12475778438669449
UBFC_PHYS_s14_T1_ctrl,120,8,120.26666666666667,1.0987757444381714,-0.25903048441320065
UBFC_PHYS_s14_T1_ctrl,120,9,120.3,1.1948144435882568,-0.653002894703543
UBFC_PHYS_s14_T1_ctrl,120,10,120.33333333333333,1.0143406391143799,-0.9923487857475238
UBFC_PHYS_s14_T1_ctrl,120,11,120.36666666666666,0.7718219757080078,-1.2171907227213414
UBFC_PHYS_s14_T1_ctrl,120,12,120.4,0.6306648850440979,-1.2834853015260321
UBFC_PHYS_s14_T1_ctrl,120,13,120.43333333333334,0.5514400601387024,-1.1727535400045326
UBFC_PHYS_s14_T1_ctrl,120,14,120.46666666666667,0.4287584722042084,-0.8986117842282956
UBFC_PHYS_s14_T1_ctrl,120,15,120.5,0.24293357133865356,-0.5066862474521009
UBFC_PHYS_s14_T1_ctrl,120,16,120.53333333333333,0.03753482177853584,-0.064896538019881
UBFC_PHYS_s14_T1_ctrl,120,17,120.56666666666666,-0.19084560871124268,0.35495486432874107
UBFC_PHYS_s14_T1_ctrl,120,18,120.6,-0.5204468369483948,0.697145078575356
UBFC_PHYS_s14_T1_ctrl,120,19,120.63333333333334,-0.9956831336021423,0.9336894615526425
UBFC_PHYS_s14_T1_ctrl,120,20,120.66666666666667,-1.4805514812469482,1.062500613575866
UBFC_PHYS_s14_T1_ctrl,120,21,120.7,-1.658715844154358,1.0951854956195215
UBFC_PHYS_s14_T1_ctrl,120,22,120.73333333333333,-1.2853761911392212,1.0432128768468263
UBFC_PHYS_s14_T1_ctrl,120,23,120.76666666666667,-0.473300576210022,0.9108170264169558
UBFC_PHYS_s14_T1_ctrl,120,24,120.8,0.38124608993530273,0.6975443124309291
UBFC_PHYS_s14_T1_ctrl,120,25,120.83333333333333,0.976037859916687,0.40713847341147325
UBFC_PHYS_s14_T1_ctrl,120,26,120.86666666666666,1.2141348123550415,0.05664260059832741
UBFC_PHYS_s14_T1_ctrl,120,27,120.9,1.1358393430709839,-0.31935496966782745
UBFC_PHYS_s14_T1_ctrl,120,28,120.93333333333334,0.896475076675415,-0.6713681509686643
UBFC_PHYS_s14_T1_ctrl,120,29,120.96666666666667,0.6856688261032104,-0.9436653787871547
UBFC_PHYS_s14_T1_ctrl,120,30,121.0,0.5825892686843872,-1.0864532415681298
UBFC_PHYS_s14_T1_ctrl,120,31,121.03333333333333,0.513700544834137,-1.068617048096596
UBFC_PHYS_s14_T1_ctrl,120,32,121.06666666666666,0.3874984681606293,-0.8877944714619291
UBFC_PHYS_s14_T1_ctrl,120,33,121.1,0.2147134244441986,-0.5742472105929127
UBFC_PHYS_s14_T1_ctrl,120,34,121.13333333333334,0.03443680331110954,-0.1853730664356445
UBFC_PHYS_s14_T1_ctrl,120,35,121.16666666666667,-0.19994251430034637,0.20944822115391984
UBFC_PHYS_s14_T1_ctrl,120,36,121.2,-0.5706347227096558,0.5486531562642446
UBFC_PHYS_s14_T1_ctrl,120,37,121.23333333333333,-1.0733871459960938,0.7940238129902535
UBFC_PHYS_s14_T1_ctrl,120,38,121.26666666666667,-1.5502569675445557,0.9344907441559136
UBFC_PHYS_s14_T1_ctrl,120,39,121.3,-1.695300579071045,0.9773547884581177
UBFC_PHYS_s14_T1_ctrl,120,40,121.33333333333333,-1.3084704875946045,0.9338758743342217
UBFC_PHYS_s14_T1_ctrl,120,41,121.36666666666666,-0.5371198058128357,0.809260851279563
UBFC_PHYS_s14_T1_ctrl,120,42,121.4,0.26481685042381287,0.6027061411239011
UBFC_PHYS_s14_T1_ctrl,120,43,121.43333333333334,0.8380351066589355,0.315731654623971
UBFC_PHYS_s14_T1_ctrl,120,44,121.46666666666667,1.0850600004196167,-0.03741295445762845
UBFC_PHYS_s14_T1_ctrl,120,45,121.5,1.0329288244247437,-0.4234547827960856
UBFC_PHYS_s14_T1_ctrl,120,46,121.53333333333333,0.8357256650924683,-0.7912320747899607
UBFC_PHYS_s14_T1_ctrl,120,47,121.56666666666666,0.6696999669075012,-1.0801992653405492
UBFC_PHYS_s14_T1_ctrl,120,48,121.6,0.5892640948295593,-1.2339955660241744
UBFC_PHYS_s14_T1_ctrl,120,49,121.63333333333334,0.5404561758041382,-1.2156119426890797
UBFC_PHYS_s14_T1_ctrl,120,50,121.66666666666667,0.4367006719112396,-1.0199378334242655
UBFC_PHYS_s14_T1_ctrl,120,51,121.7,0.2512982189655304,-0.6789985944935182
UBFC_PHYS_s14_T1_ctrl,120,52,121.73333333333333,0.041167955845594406,-0.25591421758041494
UBFC_PHYS_s14_T1_ctrl,120,53,121.76666666666667,-0.1754399985074997,0.1726789626201201
UBFC_PHYS_s14_T1_ctrl,120,54,121.8,-0.4730471074581146,0.5396085854916653
UBFC_PHYS_s14_T1_ctrl,120,55,121.83333333333333,-0.875170111656189,0.8049722576270386
UBFC_PHYS_s14_T1_ctrl,120,56,121.86666666666666,-1.2656052112579346,0.9600922085860742
UBFC_PHYS_s14_T1_ctrl,120,57,121.9,-1.4125076532363892,1.0166541525725885
UBFC_PHYS_s14_T1_ctrl,120,58,121.93333333333334,-1.1063106060028076,0.9889937712620861
UBFC_PHYS_s14_T1_ctrl,120,59,121.96666666666667,-0.39739906787872314,0.8813321096623765
UBFC_PHYS_s14_T1_ctrl,120,60,122.0,0.37854236364364624,0.6874285438526568
UBFC_PHYS_s14_T1_ctrl,120,61,122.03333333333333,0.9053184986114502,0.4015435506834494
UBFC_PHYS_s14_T1_ctrl,120,62,122.06666666666666,1.0913968086242676,0.033088638369822135
UBFC_PHYS_s14_T1_ctrl,120,63,122.1,0.9539292454719543,-0.38384674908197286
UBFC_PHYS_s14_T1_ctrl,120,64,122.13333333333334,0.6203005909919739,-0.7911846463094392
UBFC_PHYS_s14_T1_ctrl,120,65,122.16666666666667,0.32798832654953003,-1.1176248390114012
UBFC_PHYS_s14_T1_ctrl,120,66,122.2,0.2075316458940506,-1.2958817909961362
UBFC_PHYS_s14_T1_ctrl,120,67,122.23333333333333,0.17181992530822754,-1.2814233012027891
UBFC_PHYS_s14_T1_ctrl,120,68,122.26666666666667,0.08831419050693512,-1.0673627692534766
UBFC_PHYS_s14_T1_ctrl,120,69,122.3,-0.058954428881406784,-0.6902053268828533
UBFC_PHYS_s14_T1_ctrl,120,70,122.33333333333333,-0.22993698716163635,-0.22233543418372442
UBFC_PHYS_s14_T1_ctrl,120,71,122.36666666666666,-0.43674394488334656,0.2486015641535944
UBFC_PHYS_s14_T1_ctrl,120,72,122.4,-0.7453631162643433,0.6462172525551707
UBFC_PHYS_s14_T1_ctrl,120,73,122.43333333333334,-1.1629480123519897,0.9258717225908932
UBFC_PHYS_s14_T1_ctrl,120,74,122.46666666666667,-1.52983820438385,1.079579687296352
UBFC_PHYS_s14_T1_ctrl,120,75,122.5,-1.5630714893341064,1.124310864138393
UBFC_PHYS_s14_T1_ctrl,120,76,122.53333333333333,-1.0881450176239014,1.0821773086707482
UBFC_PHYS_s14_T1_ctrl,120,77,122.56666666666666,-0.30319109559059143,0.9649697888194857
UBFC_PHYS_s14_T1_ctrl,120,78,122.6,0.42949071526527405,0.7710486720651595
UBFC_PHYS_s14_T1_ctrl,120,79,122.63333333333334,0.8821396827697754,0.4941006202867496
UBFC_PHYS_s14_T1_ctrl,120,80,122.66666666666667,1.0336328744888306,0.13711737067142063
UBFC_PHYS_s14_T1_ctrl,120,81,122.7,0.9393967390060425,-0.27638169472670376
UBFC_PHYS_s14_T1_ctrl,120,82,122.73333333333333,0.7081435918807983,-0.6992622128142115
UBFC_PHYS_s14_T1_ctrl,120,83,122.76666666666667,0.5310776233673096,-1.0671367140674275
UBFC_PHYS_s14_T1_ctrl,120,84,122.8,0.4955630600452423,-1.3122272579745358
UBFC_PHYS_s14_T1_ctrl,120,85,122.83333333333333,0.4521907567977905,-1.3808891649219424
UBFC_PHYS_s14_T1_ctrl,120,86,122.86666666666666,0.26684466004371643,-1.249981080202139
UBFC_PHYS_s14_T1_ctrl,120,87,122.9,0.013708229176700115,-0.9367956238075325
UBFC_PHYS_s14_T1_ctrl,120,88,122.93333333333334,-0.230274960398674,-0.49774122727964765
UBFC_PHYS_s14_T1_ctrl,120,89,122.96666666666667,-0.5512580275535583,-0.013970136858232838
UBFC_PHYS_s14_T1_ctrl,120,90,123.0,-1.0379570722579956,0.43208478242154497
UBFC_PHYS_s14_T1_ctrl,120,91,123.03333333333333,-1.5823073387145996,0.7799338857237674
UBFC_PHYS_s14_T1_ctrl,120,92,123.06666666666666,-1.9173442125320435,1.003669394189424
UBFC_PHYS_s14_T1_ctrl,120,93,123.1,-1.8293040990829468,1.1086645929428602
UBFC_PHYS_s14_T1_ctrl,120,94,123.13333333333334,-1.340774416923523,1.1158499531942607
UBFC_PHYS_s14_T1_ctrl,120,95,123.16666666666667,-0.7194241881370544,1.0437751673426563
UBFC_PHYS_s14_T1_ctrl,120,96,123.2,-0.18864883482456207,0.898427493893391
UBFC_PHYS_s14_T1_ctrl,120,97,123.23333333333333,0.28509482741355896,0.674938760730034
UBFC_PHYS_s14_T1_ctrl,120,98,123.26666666666667,0.7567261457443237,0.36842139768869514
UBFC_PHYS_s14_T1_ctrl,120,99,123.3,1.0433212518692017,-0.012964854572556268
UBFC_PHYS_s14_T1_ctrl,120,100,123.33333333333333,0.9930769801139832,-0.43946755023866174
UBFC_PHYS_s14_T1_ctrl,120,101,123.36666666666666,0.7557122707366943,-0.8594080975843785
UBFC_PHYS_s14_T1_ctrl,120,102,123.4,0.5768438577651978,-1.2072262241116751
UBFC_PHYS_s14_T1_ctrl,120,103,123.43333333333334,0.48221340775489807,-1.4175509306437075
UBFC_PHYS_s14_T1_ctrl,120,104,123.46666666666667,0.3531104326248169,-1.441703968477016
UBFC_PHYS_s14_T1_ctrl,120,105,123.5,0.17069336771965027,-1.2624500072204081
UBFC_PHYS_s14_T1_ctrl,120,106,123.53333333333333,-0.033043716102838516,-0.9024145378568095
UBFC_PHYS_s14_T1_ctrl,120,107,123.56666666666666,-0.32054001092910767,-0.42200308574152445
UBFC_PHYS_s14_T1_ctrl,120,108,123.6,-0.735055148601532,0.09498219129409073
UBFC_PHYS_s14_T1_ctrl,120,109,123.63333333333334,-1.2168254852294922,0.5647504283730843
UBFC_PHYS_s14_T1_ctrl,120,110,123.66666666666667,-1.6448873281478882,0.926631735307992
UBFC_PHYS_s14_T1_ctrl,120,111,123.7,-1.817221760749817,1.1549414607658026
UBFC_PHYS_s14_T1_ctrl,120,112,123.73333333333333,-1.5235857963562012,1.2546468094133991
UBFC_PHYS_s14_T1_ctrl,120,113,123.76666666666667,-0.7790470123291016,1.2453599889463722
UBFC_PHYS_s14_T1_ctrl,120,114,123.8,0.10994400829076767,1.1443438766237508
UBFC_PHYS_s14_T1_ctrl,120,115,123.83333333333333,0.7893117070198059,0.9583138108403383
UBFC_PHYS_s14_T1_ctrl,120,116,123.86666666666666,1.0859893560409546,0.6868421231819953
UBFC_PHYS_s14_T1_ctrl,120,117,123.9,1.0726397037506104,0.33280572480399995
UBFC_PHYS_s14_T1_ctrl,120,118,123.93333333333334,0.931285560131073,-0.08726175690143263
UBFC_PHYS_s14_T1_ctrl,120,119,123.96666666666667,0.7979016900062561,-0.5380558108058224
UBFC_PHYS_s14_T1_ctrl,120,120,124.0,0.7511497139930725,-0.9672601463914594
UBFC_PHYS_s14_T1_ctrl,120,121,124.03333333333333,0.78322833776474,-1.313164107232352
UBFC_PHYS_s14_T1_ctrl,120,122,124.06666666666666,0.7596270442008972,-1.5161525284648203
UBFC_PHYS_s14_T1_ctrl,120,123,124.1,0.5700000524520874,-1.5319550441956813
UBFC_PHYS_s14_T1_ctrl,120,124,124.13333333333334,0.23882165551185608,-1.3440729961579108
UBFC_PHYS_s14_T1_ctrl,120,125,124.16666666666667,-0.13981276750564575,-0.9718517228311513
UBFC_PHYS_s14_T1_ctrl,120,126,124.2,-0.5082800388336182,-0.4702204709237308
UBFC_PHYS_s14_T1_ctrl,120,127,124.23333333333333,-0.8944060206413269,0.08118715727906906
UBFC_PHYS_s14_T1_ctrl,120,128,124.26666666666667,-1.362178921699524,0.5975095291493809
UBFC_PHYS_s14_T1_ctrl,120,129,124.3,-1.8345425128936768,1.0098676430058986
UBFC_PHYS_s14_T1_ctrl,120,130,124.33333333333333,-2.0093271732330322,1.2793583894873493
UBFC_PHYS_s14_T1_ctrl,120,131,124.36666666666666,-1.6284396648406982,1.3980423558337365
UBFC_PHYS_s14_T1_ctrl,120,132,124.4,-0.8023948073387146,1.378666393388565
UBFC_PHYS_s14_T1_ctrl,120,133,124.43333333333334,0.08949707448482513,1.241074317257936
UBFC_PHYS_s14_T1_ctrl,120,134,124.46666666666667,0.7423344254493713,1.00331420685662
UBFC_PHYS_s14_T1_ctrl,120,135,124.5,1.0405329465866089,0.6806680186355446
UBFC_PHYS_s14_T1_ctrl,120,136,124.53333333333333,1.0273804664611816,0.2905405991774833
UBFC_PHYS_s14_T1_ctrl,120,137,124.56666666666666,0.9009812474250793,-0.14151834183961928
UBFC_PHYS_s14_T1_ctrl,120,138,124.6,0.8188273906707764,-0.5786520910749952
UBFC_PHYS_s14_T1_ctrl,120,139,124.63333333333334,0.7901002764701843,-0.9740295391465964
UBFC_PHYS_s14_T1_ctrl,120,140,124.66666666666667,0.762274444103241,-1.276485597896901
UBFC_PHYS_s14_T1_ctrl,120,141,124.7,0.7220001816749573,-1.4393659364195066
UBFC_PHYS_s14_T1_ctrl,120,142,124.73333333333333,0.6440427303314209,-1.4308441174075528
UBFC_PHYS_s14_T1_ctrl,120,143,124.76666666666667,0.45275405049324036,-1.243267251732537
UBFC_PHYS_s14_T1_ctrl,120,144,124.8,0.1357983946800232,-0.898458155205952
UBFC_PHYS_s14_T1_ctrl,120,145,124.83333333333333,-0.22810634970664978,-0.44607067263893774
UBFC_PHYS_s14_T1_ctrl,120,146,124.86666666666666,-0.596939742565155,0.04620147102694227
UBFC_PHYS_s14_T1_ctrl,120,147,124.9,-0.9986684918403625,0.5083908602522339
UBFC_PHYS_s14_T1_ctrl,120,148,124.93333333333334,-1.4523595571517944,0.8841371759799943
UBFC_PHYS_s14_T1_ctrl,120,149,124.96666666666667,-1.8338665962219238,1.1399132088887587
UBFC_PHYS_s14_T1_ctrl,120,150,125.0,-1.8583691120147705,1.2644171923333483
UBFC_PHYS_s14_T1_ctrl,120,151,125.03333333333333,-1.3402111530303955,1.260671014557497
UBFC_PHYS_s14_T1_ctrl,120,152,125.06666666666666,-0.4789896607398987,1.1372048571668942
UBFC_PHYS_s14_T1_ctrl,120,153,125.1,0.3708536624908447,0.9041198783723116
UBFC_PHYS_s14_T1_ctrl,120,154,125.13333333333334,0.9491132497787476,0.5752833483585028
UBFC_PHYS_s14_T1_ctrl,120,155,125.16666666666667,1.183323621749878,0.17339804792182023
UBFC_PHYS_s14_T1_ctrl,120,156,125.2,1.1516392230987549,-0.26632835782215103
UBFC_PHYS_s14_T1_ctrl,120,157,125.23333333333333,0.9782909750938416,-0.6964601475645436
UBFC_PHYS_s14_T1_ctrl,120,158,125.26666666666667,0.7809752225875854,-1.0620730775398475
UBFC_PHYS_s14_T1_ctrl,120,159,125.3,0.6552519202232361,-1.3091464292525397
UBFC_PHYS_s14_T1_ctrl,120,160,125.33333333333333,0.5972344279289246,-1.3950546102534858
UBFC_PHYS_s14_T1_ctrl,120,161,125.36666666666666,0.5322323441505432,-1.2990425015455223
UBFC_PHYS_s14_T1_ctrl,120,162,125.4,0.41140955686569214,-1.029921228016141
UBFC_PHYS_s14_T1_ctrl,120,163,125.43333333333334,0.21578365564346313,-0.6276863248938019
UBFC_PHYS_s14_T1_ctrl,120,164,125.46666666666667,-0.06405208259820938,-0.15628304338379145
UBFC_PHYS_s14_T1_ctrl,120,165,125.5,-0.40469351410865784,0.31212121039144963
UBFC_PHYS_s14_T1_ctrl,120,166,125.53333333333333,-0.788031280040741,0.7157328782608934
UBFC_PHYS_s14_T1_ctrl,120,167,125.56666666666666,-1.2273024320602417,1.0159496366913587
UBFC_PHYS_s14_T1_ctrl,120,168,125.6,-1.6379308700561523,1.1985772634803196
UBFC_PHYS_s14_T1_ctrl,120,169,125.63333333333334,-1.7549797296524048,1.26463192418345
UBFC_PHYS_s14_T1_ctrl,120,170,125.66666666666667,-1.362122654914856,1.218281394370855
UBFC_PHYS_s14_T1_ctrl,120,171,125.7,-0.5793373584747314,1.0605530211238297
UBFC_PHYS_s14_T1_ctrl,120,172,125.73333333333333,0.2261197715997696,0.792231864682548
UBFC_PHYS_s14_T1_ctrl,120,173,125.76666666666667,0.765090823173523,0.4227038054972232
UBFC_PHYS_s14_T1_ctrl,120,174,125.8,0.9630542993545532,-0.021394041925066307
UBFC_PHYS_s14_T1_ctrl,120,175,125.83333333333333,0.8901382088661194,-0.49273588689048664
UBFC_PHYS_s14_T1_ctrl,120,176,125.86666666666666,0.6938645243644714,-0.9273466903979705
UBFC_PHYS_s14_T1_ctrl,120,177,125.9,0.5393296480178833,-1.2556198614981864
UBFC_PHYS_s14_T1_ctrl,120,178,125.93333333333334,0.4966614544391632,-1.4177261443912503
UBFC_PHYS_s14_T1_ctrl,120,179,125.96666666666667,0.49271851778030396,-1.3794395661575347
UBFC_PHYS_s14_T1_ctrl,120,180,126.0,0.40473473072052,-1.1436108413888746
UBFC_PHYS_s14_T1_ctrl,120,181,126.03333333333333,0.20767246186733246,-0.7525692523027203
UBFC_PHYS_s14_T1_ctrl,120,182,126.06666666666666,-0.01628624089062214,-0.2784378408813109
UBFC_PHYS_s14_T1_ctrl,120,183,126.1,-0.25345379114151,0.19715243320022102
UBFC_PHYS_s14_T1_ctrl,120,184,126.13333333333334,-0.5960948467254639,0.6062278949361667
UBFC_PHYS_s14_T1_ctrl,120,185,126.16666666666667,-1.0794986486434937,0.9097658349369154
UBFC_PHYS_s14_T1_ctrl,120,186,126.2,-1.5544533729553223,1.098278380086007
UBFC_PHYS_s14_T1_ctrl,120,187,126.23333333333333,-1.752304196357727,1.1794149932869165
UBFC_PHYS_s14_T1_ctrl,120,188,126.26666666666667,-1.4536268711090088,1.161844304163341
UBFC_PHYS_s14_T1_ctrl,120,189,126.3,-0.7070039510726929,1.0459959054442567
UBFC_PHYS_s14_T1_ctrl,120,190,126.33333333333333,0.15351343154907227,0.8263268148826574
UBFC_PHYS_s14_T1_ctrl,120,191,126.36666666666666,0.799450695514679,0.5018788250469884
UBFC_PHYS_s14_T1_ctrl,120,192,126.4,1.113533616065979,0.08792660956303912
UBFC_PHYS_s14_T1_ctrl,120,193,126.43333333333334,1.1266860961914062,-0.37768214854661597
UBFC_PHYS_s14_T1_ctrl,120,194,126.46666666666667,0.9310601949691772,-0.836576717223716
UBFC_PHYS_s14_T1_ctrl,120,195,126.5,0.6780645847320557,-1.2197901555416337
UBFC_PHYS_s14_T1_ctrl,120,196,126.53333333333333,0.49333810806274414,-1.4625868084119433
UBFC_PHYS_s14_T1_ctrl,120,197,126.56666666666666,0.3598979115486145,-1.5201391445515653
UBFC_PHYS_s14_T1_ctrl,120,198,126.6,0.1938440352678299,-1.3798516340006417
UBFC_PHYS_s14_T1_ctrl,120,199,126.63333333333334,-0.026453379541635513,-1.0663777173610796
UBFC_PHYS_s14_T1_ctrl,120,200,126.66666666666667,-0.2603539228439331,-0.6362891629689031
UBFC_PHYS_s14_T1_ctrl,120,201,126.7,-0.5121666193008423,-0.16236063970778095
UBFC_PHYS_s14_T1_ctrl,120,202,126.73333333333333,-0.8674250841140747,0.28740926561938196
UBFC_PHYS_s14_T1_ctrl,120,203,126.76666666666667,-1.3755567073822021,0.6669312047128662
UBFC_PHYS_s14_T1_ctrl,120,204,126.8,-1.8925037384033203,0.9570806376413845
UBFC_PHYS_s14_T1_ctrl,120,205,126.83333333333333,-2.0929737091064453,1.1568916776499478
UBFC_PHYS_s14_T1_ctrl,120,206,126.86666666666666,-1.7142548561096191,1.2678676436182497
UBFC_PHYS_s14_T1_ctrl,120,207,126.9,-0.8486116528511047,1.2827673046021093
UBFC_PHYS_s14_T1_ctrl,120,208,126.93333333333334,0.11019748449325562,1.186200903933558
UBFC_PHYS_s14_T1_ctrl,120,209,126.96666666666667,0.8338668942451477,0.9657701042427852
UBFC_PHYS_s14_T1_ctrl,120,210,127.0,1.2412002086639404,0.6260262035006988
UBFC_PHYS_s14_T1_ctrl,120,211,127.03333333333333,1.3443361520767212,0.19680746164722457
UBFC_PHYS_s14_T1_ctrl,120,212,127.06666666666666,1.1954339742660522,-0.2680196625226368
UBFC_PHYS_s14_T1_ctrl,120,213,127.1,0.9420159459114075,-0.6999728526439047
UBFC_PHYS_s14_T1_ctrl,120,214,127.13333333333334,0.7597960233688354,-1.029603800681931
UBFC_PHYS_s14_T1_ctrl,120,215,127.16666666666667,0.6673623323440552,-1.2008204272381582
UBFC_PHYS_s14_T1_ctrl,120,216,127.2,0.5342601537704468,-1.1833349343450623
UBFC_PHYS_s14_T1_ctrl,120,217,127.23333333333333,0.2850666344165802,-0.9809336635099946
UBFC_PHYS_s14_T1_ctrl,120,218,127.26666666666667,-0.007273817900568247,-0.6327658926625672
UBFC_PHYS_s14_T1_ctrl,120,219,127.3,-0.2795616388320923,-0.20516975972552834
UBFC_PHYS_s14_T1_ctrl,120,220,127.33333333333333,-0.6129649877548218,0.22574742893846333
UBFC_PHYS_s14_T1_ctrl,120,221,127.36666666666666,-1.1061416864395142,0.595551456272556
UBFC_PHYS_s14_T1_ctrl,120,222,127.4,-1.6714739799499512,0.8672086810973055
UBFC_PHYS_s14_T1_ctrl,120,223,127.43333333333334,-2.0059194564819336,1.032750488373429
UBFC_PHYS_s14_T1_ctrl,120,224,127.46666666666667,-1.8034778833389282,1.1013604160776669
UBFC_PHYS_s14_T1_ctrl,120,225,127.5,-1.048518419265747,1.083232368069767
UBFC_PHYS_s14_T1_ctrl,120,226,127.53333333333333,-0.07503597438335419,0.9796708153689438
UBFC_PHYS_s14_T1_ctrl,120,227,127.56666666666666,0.7314068675041199,0.7839544128861633
UBFC_PHYS_s14_T1_ctrl,120,228,127.6,1.2223585844039917,0.49004927407390486
UBFC_PHYS_s14_T1_ctrl,120,229,127.63333333333334,1.393679141998291,0.1024914864758111
UBFC_PHYS_s14_T1_ctrl,120,230,127.66666666666667,1.3009074926376343,-0.3575727524687271
UBFC_PHYS_s14_T1_ctrl,120,231,127.7,1.0924952030181885,-0.8512674885260603
UBFC_PHYS_s14_T1_ctrl,120,232,127.73333333333333,0.9326373934745789,-1.3246971342394516
UBFC_PHYS_s14_T1_ctrl,120,233,127.76666666666667,0.8523423671722412,-1.7146020110217133
UBFC_PHYS_s14_T1_ctrl,120,234,127.8,0.7586694955825806,-1.957031848095144
UBFC_PHYS_s14_T1_ctrl,120,235,127.83333333333333,0.5755482912063599,-1.9990760246985746
UBFC_PHYS_s14_T1_ctrl,120,236,127.86666666666666,0.30548542737960815,-1.8119936093506206
UBFC_PHYS_s14_T1_ctrl,120,237,127.9,-0.0064852312207221985,-1.401846523634136
UBFC_PHYS_s14_T1_ctrl,120,238,127.93333333333334,-0.35802605748176575,-0.8129690087431551
UBFC_PHYS_s14_T1_ctrl,120,239,127.96666666666667,-0.8030144572257996,-0.12189201559940535
UBFC_PHYS_s14_T1_ctrl,121,0,121.0,0.5825892686843872,0.11445370267146049
UBFC_PHYS_s14_T1_ctrl,121,1,121.03333333333333,0.513700544834137,0.27136034190193403
UBFC_PHYS_s14_T1_ctrl,121,2,121.06666666666666,0.3874984681606293,0.4628955501929678
UBFC_PHYS_s14_T1_ctrl,121,3,121.1,0.2147134244441986,0.7081097107296198
UBFC_PHYS_s14_T1_ctrl,121,4,121.13333333333334,0.03443680331110954,0.9944491573932159
UBFC_PHYS_s14_T1_ctrl,121,5,121.16666666666667,-0.19994251430034637,1.2823484987739744
UBFC_PHYS_s14_T1_ctrl,121,6,121.2,-0.5706347227096558,1.5218198987416147
UBFC_PHYS_s14_T1_ctrl,121,7,121.23333333333333,-1.0733871459960938,1.6713532044259702
UBFC_PHYS_s14_T1_ctrl,121,8,121.26666666666667,-1.5502569675445557,1.709203399573054
UBFC_PHYS_s14_T1_ctrl,121,9,121.3,-1.695300579071045,1.6328733571815985
UBFC_PHYS_s14_T1_ctrl,121,10,121.33333333333333,-1.3084704875946045,1.450478898828964
UBFC_PHYS_s14_T1_ctrl,121,11,121.36666666666666,-0.5371198058128357,1.1721493909587408
UBFC_PHYS_s14_T1_ctrl,121,12,121.4,0.26481685042381287,0.8076322485708096
UBFC_PHYS_s14_T1_ctrl,121,13,121.43333333333334,0.8380351066589355,0.3706083413579336
UBFC_PHYS_s14_T1_ctrl,121,14,121.46666666666667,1.0850600004196167,-0.11433720491082192
UBFC_PHYS_s14_T1_ctrl,121,15,121.5,1.0329288244247437,-0.6072983668124616
UBFC_PHYS_s14_T1_ctrl,121,16,121.53333333333333,0.8357256650924683,-1.0544723270121164
UBFC_PHYS_s14_T1_ctrl,121,17,121.56666666666666,0.6696999669075012,-1.3958279392430941
UBFC_PHYS_s14_T1_ctrl,121,18,121.6,0.5892640948295593,-1.5774450507966375
UBFC_PHYS_s14_T1_ctrl,121,19,121.63333333333334,0.5404561758041382,-1.5657037206910018
UBFC_PHYS_s14_T1_ctrl,121,20,121.66666666666667,0.4367006719112396,-1.359259732309778
UBFC_PHYS_s14_T1_ctrl,121,21,121.7,0.2512982189655304,-0.9939310750318917
UBFC_PHYS_s14_T1_ctrl,121,22,121.73333333333333,0.041167955845594406,-0.5365230778037289
UBFC_PHYS_s14_T1_ctrl,121,23,121.76666666666667,-0.1754399985074997,-0.06756616659469258
UBFC_PHYS_s14_T1_ctrl,121,24,121.8,-0.4730471074581146,0.3409518385481432
UBFC_PHYS_s14_T1_ctrl,121,25,121.83333333333333,-0.875170111656189,0.6430137982606793
UBFC_PHYS_s14_T1_ctrl,121,26,121.86666666666666,-1.2656052112579346,0.8235805952200391
UBFC_PHYS_s14_T1_ctrl,121,27,121.9,-1.4125076532363892,0.8904623778028171
UBFC_PHYS_s14_T1_ctrl,121,28,121.93333333333334,-1.1063106060028076,0.8593862404609822
UBFC_PHYS_s14_T1_ctrl,121,29,121.96666666666667,-0.39739906787872314,0.7415988853440585
UBFC_PHYS_s14_T1_ctrl,121,30,122.0,0.37854236364364624,0.5406312739128835
UBFC_PHYS_s14_T1_ctrl,121,31,122.03333333333333,0.9053184986114502,0.2587421122660646
UBFC_PHYS_s14_T1_ctrl,121,32,122.06666666666666,1.0913968086242676,-0.09194713303614438
UBFC_PHYS_s14_T1_ctrl,121,33,122.1,0.9539292454719543,-0.48064255588041466
UBFC_PHYS_s14_T1_ctrl,121,34,122.13333333333334,0.6203005909919739,-0.856452472017259
UBFC_PHYS_s14_T1_ctrl,121,35,122.16666666666667,0.32798832654953003,-1.1556540651750544
UBFC_PHYS_s14_T1_ctrl,121,36,122.2,0.2075316458940506,-1.3158791556562848
UBFC_PHYS_s14_T1_ctrl,121,37,122.23333333333333,0.17181992530822754,-1.2933986287097745
UBFC_PHYS_s14_T1_ctrl,121,38,122.26666666666667,0.08831419050693512,-1.0782139594742965
UBFC_PHYS_s14_T1_ctrl,121,39,122.3,-0.058954428881406784,-0.7010960005944304
UBFC_PHYS_s14_T1_ctrl,121,40,122.33333333333333,-0.22993698716163635,-0.22807346266817655
UBFC_PHYS_s14_T1_ctrl,121,41,122.36666666666666,-0.43674394488334656,0.2576773284399504
UBFC_PHYS_s14_T1_ctrl,121,42,122.4,-0.7453631162643433,0.6800332149331894
UBFC_PHYS_s14_T1_ctrl,121,43,122.43333333333334,-1.1629480123519897,0.9896293650648413
UBFC_PHYS_s14_T1_ctrl,121,44,122.46666666666667,-1.52983820438385,1.170631560946174
UBFC_PHYS_s14_T1_ctrl,121,45,122.5,-1.5630714893341064,1.2331369986640555
UBFC_PHYS_s14_T1_ctrl,121,46,122.53333333333333,-1.0881450176239014,1.1972049747279438
UBFC_PHYS_s14_T1_ctrl,121,47,122.56666666666666,-0.30319109559059143,1.078121188339829
UBFC_PHYS_s14_T1_ctrl,121,48,122.6,0.42949071526527405,0.8804171490066416
UBFC_PHYS_s14_T1_ctrl,121,49,122.63333333333334,0.8821396827697754,0.6024195800990958
UBFC_PHYS_s14_T1_ctrl,121,50,122.66666666666667,1.0336328744888306,0.24743863364425842
UBFC_PHYS_s14_T1_ctrl,121,51,122.7,0.9393967390060425,-0.16505682376533898
UBFC_PHYS_s14_T1_ctrl,121,52,122.73333333333333,0.7081435918807983,-0.594000583679501
UBFC_PHYS_s14_T1_ctrl,121,53,122.76666666666667,0.5310776233673096,-0.9797494816290172
UBFC_PHYS_s14_T1_ctrl,121,54,122.8,0.4955630600452423,-1.2552838217330362
UBFC_PHYS_s14_T1_ctrl,121,55,122.83333333333333,0.4521907567977905,-1.3628956120061544
UBFC_PHYS_s14_T1_ctrl,121,56,122.86666666666666,0.26684466004371643,-1.2717103087572843
UBFC_PHYS_s14_T1_ctrl,121,57,122.9,0.013708229176700115,-0.9900963399067704
UBFC_PHYS_s14_T1_ctrl,121,58,122.93333333333334,-0.230274960398674,-0.5672560277912051
UBFC_PHYS_s14_T1_ctrl,121,59,122.96666666666667,-0.5512580275535583,-0.08141421483395231
UBFC_PHYS_s14_T1_ctrl,121,60,123.0,-1.0379570722579956,0.3821502585580173
UBFC_PHYS_s14_T1_ctrl,121,61,123.03333333333333,-1.5823073387145996,0.7546921942160605
UBFC_PHYS_s14_T1_ctrl,121,62,123.06666666666666,-1.9173442125320435,0.9994921239828863
UBFC_PHYS_s14_T1_ctrl,121,63,123.1,-1.8293040990829468,1.1134181571143273
UBFC_PHYS_s14_T1_ctrl,121,64,123.13333333333334,-1.340774416923523,1.1157216244975598
UBFC_PHYS_s14_T1_ctrl,121,65,123.16666666666667,-0.7194241881370544,1.031251092528822
UBFC_PHYS_s14_T1_ctrl,121,66,123.2,-0.18864883482456207,0.8769075892094917
UBFC_PHYS_s14_T1_ctrl,121,67,123.23333333333333,0.28509482741355896,0.6572978212538324
UBFC_PHYS_s14_T1_ctrl,121,68,123.26666666666667,0.7567261457443237,0.37034299198159626
UBFC_PHYS_s14_T1_ctrl,121,69,123.3,1.0433212518692017,0.018833406388042158
UBFC_PHYS_s14_T1_ctrl,121,70,123.33333333333333,0.9930769801139832,-0.3783441823744111
UBFC_PHYS_s14_T1_ctrl,121,71,123.36666666666666,0.7557122707366943,-0.7809178139816777
UBFC_PHYS_s14_T1_ctrl,121,72,123.4,0.5768438577651978,-1.1307564902054457
UBFC_PHYS_s14_T1_ctrl,121,73,123.43333333333334,0.48221340775489807,-1.3636795316058687
UBFC_PHYS_s14_T1_ctrl,121,74,123.46666666666667,0.3531104326248169,-1.4261807232522208
UBFC_PHYS_s14_T1_ctrl,121,75,123.5,0.17069336771965027,-1.2919825066396908
UBFC_PHYS_s14_T1_ctrl,121,76,123.53333333333333,-0.033043716102838516,-0.9729056833128626
UBFC_PHYS_s14_T1_ctrl,121,77,123.56666666666666,-0.32054001092910767,-0.5195633259374687
UBFC_PHYS_s14_T1_ctrl,121,78,123.6,-0.735055148601532,-0.010069569000442952
UBFC_PHYS_s14_T1_ctrl,121,79,123.63333333333334,-1.2168254852294922,0.4706190637036595
UBFC_PHYS_s14_T1_ctrl,121,80,123.66666666666667,-1.6448873281478882,0.8532746682581024
UBFC_PHYS_s14_T1_ctrl,121,81,123.7,-1.817221760749817,1.0996691207104958
UBFC_PHYS_s14_T1_ctrl,121,82,123.73333333333333,-1.5235857963562012,1.2048500416546657
UBFC_PHYS_s14_T1_ctrl,121,83,123.76666666666667,-0.7790470123291016,1.1872928208867126
UBFC_PHYS_s14_T1_ctrl,121,84,123.8,0.10994400829076767,1.0733383237791505
UBFC_PHYS_s14_T1_ctrl,121,85,123.83333333333333,0.7893117070198059,0.8841080105469785
UBFC_PHYS_s14_T1_ctrl,121,86,123.86666666666666,1.0859893560409546,0.6306115790568625
UBFC_PHYS_s14_T1_ctrl,121,87,123.9,1.0726397037506104,0.31786147145854465
UBFC_PHYS_s14_T1_ctrl,121,88,123.93333333333334,0.931285560131073,-0.04571363843488699
UBFC_PHYS_s14_T1_ctrl,121,89,123.96666666666667,0.7979016900062561,-0.43924251712463774
UBFC_PHYS_s14_T1_ctrl,121,90,124.0,0.7511497139930725,-0.8253456534861829
UBFC_PHYS_s14_T1_ctrl,121,91,124.03333333333333,0.78322833776474,-1.1528730408106522
UBFC_PHYS_s14_T1_ctrl,121,92,124.06666666666666,0.7596270442008972,-1.3658163126877887
UBFC_PHYS_s14_T1_ctrl,121,93,124.1,0.5700000524520874,-1.4161889329806743
UBFC_PHYS_s14_T1_ctrl,121,94,124.13333333333334,0.23882165551185608,-1.2777395149101722
UBFC_PHYS_s14_T1_ctrl,121,95,124.16666666666667,-0.13981276750564575,-0.9566830492478955
UBFC_PHYS_s14_T1_ctrl,121,96,124.2,-0.5082800388336182,-0.49533752224909566
UBFC_PHYS_s14_T1_ctrl,121,97,124.23333333333333,-0.8944060206413269,0.03432832162385725
UBFC_PHYS_s14_T1_ctrl,121,98,124.26666666666667,-1.362178921699524,0.5469976382411588
UBFC_PHYS_s14_T1_ctrl,121,99,124.3,-1.8345425128936768,0.9654283631225543
UBFC_PHYS_s14_T1_ctrl,121,100,124.33333333333333,-2.0093271732330322,1.2388194968198363
UBFC_PHYS_s14_T1_ctrl,121,101,124.36666666666666,-1.6284396648406982,1.3505492231058849
UBFC_PHYS_s14_T1_ctrl,121,102,124.4,-0.8023948073387146,1.313154299651152
UBFC_PHYS_s14_T1_ctrl,121,103,124.43333333333334,0.08949707448482513,1.1550533054278918
UBFC_PHYS_s14_T1_ctrl,121,104,124.46666666666667,0.7423344254493713,0.9068529296965048
UBFC_PHYS_s14_T1_ctrl,121,105,124.5,1.0405329465866089,0.5936788220065217
UBFC_PHYS_s14_T1_ctrl,121,106,124.53333333333333,1.0273804664611816,0.23534585047699313
UBFC_PHYS_s14_T1_ctrl,121,107,124.56666666666666,0.9009812474250793,-0.1483692957753254
UBFC_PHYS_s14_T1_ctrl,121,108,124.6,0.8188273906707764,-0.5318886010908965
UBFC_PHYS_s14_T1_ctrl,121,109,124.63333333333334,0.7901002764701843,-0.8810430858070586
UBFC_PHYS_s14_T1_ctrl,121,110,124.66666666666667,0.762274444103241,-1.1548731699518273
UBFC_PHYS_s14_T1_ctrl,121,111,124.7,0.7220001816749573,-1.31170600670395
UBFC_PHYS_s14_T1_ctrl,121,112,124.73333333333333,0.6440427303314209,-1.3181501870215346
UBFC_PHYS_s14_T1_ctrl,121,113,124.76666666666667,0.45275405049324036,-1.1589786159009081
UBFC_PHYS_s14_T1_ctrl,121,114,124.8,0.1357983946800232,-0.8450763241873448
UBFC_PHYS_s14_T1_ctrl,121,115,124.83333333333333,-0.22810634970664978,-0.4160708508015854
UBFC_PHYS_s14_T1_ctrl,121,116,124.86666666666666,-0.596939742565155,0.06510531448290256
UBFC_PHYS_s14_T1_ctrl,121,117,124.9,-0.9986684918403625,0.5257137994898909
UBFC_PHYS_s14_T1_ctrl,121,118,124.93333333333334,-1.4523595571517944,0.900481459572208
UBFC_PHYS_s14_T1_ctrl,121,119,124.96666666666667,-1.8338665962219238,1.1456063413182551
UBFC_PHYS_s14_T1_ctrl,121,120,125.0,-1.8583691120147705,1.2438672736275516
UBFC_PHYS_s14_T1_ctrl,121,121,125.03333333333333,-1.3402111530303955,1.200090085170293
UBFC_PHYS_s14_T1_ctrl,121,122,125.06666666666666,-0.4789896607398987,1.0315258866518038
UBFC_PHYS_s14_T1_ctrl,121,123,125.1,0.3708536624908447,0.7597597524262109
UBFC_PHYS_s14_T1_ctrl,121,124,125.13333333333334,0.9491132497787476,0.4081337553252327
UBFC_PHYS_s14_T1_ctrl,121,125,125.16666666666667,1.183323621749878,0.0040638018833460115
UBFC_PHYS_s14_T1_ctrl,121,126,125.2,1.1516392230987549,-0.41728318111808765
UBFC_PHYS_s14_T1_ctrl,121,127,125.23333333333333,0.9782909750938416,-0.8116343000825097
UBFC_PHYS_s14_T1_ctrl,121,128,125.26666666666667,0.7809752225875854,-1.1285629875259786
UBFC_PHYS_s14_T1_ctrl,121,129,125.3,0.6552519202232361,-1.3187400701273706
UBFC_PHYS_s14_T1_ctrl,121,130,125.33333333333333,0.5972344279289246,-1.3441870804791478
UBFC_PHYS_s14_T1_ctrl,121,131,125.36666666666666,0.5322323441505432,-1.189250101716625
UBFC_PHYS_s14_T1_ctrl,121,132,125.4,0.41140955686569214,-0.8688268279961441
UBFC_PHYS_s14_T1_ctrl,121,133,125.43333333333334,0.21578365564346313,-0.4297066122782612
UBFC_PHYS_s14_T1_ctrl,121,134,125.46666666666667,-0.06405208259820938,0.05794093337027634
UBFC_PHYS_s14_T1_ctrl,121,135,125.5,-0.40469351410865784,0.5179036144802541
UBFC_PHYS_s14_T1_ctrl,121,136,125.53333333333333,-0.788031280040741,0.8875653109399824
UBFC_PHYS_s14_T1_ctrl,121,137,125.56666666666666,-1.2273024320602417,1.1308787957593427
UBFC_PHYS_s14_T1_ctrl,121,138,125.6,-1.6379308700561523,1.2393772036381834
UBFC_PHYS_s14_T1_ctrl,121,139,125.63333333333334,-1.7549797296524048,1.2229270353423738
UBFC_PHYS_s14_T1_ctrl,121,140,125.66666666666667,-1.362122654914856,1.097198155279063
UBFC_PHYS_s14_T1_ctrl,121,141,125.7,-0.5793373584747314,0.8754584240226396
UBFC_PHYS_s14_T1_ctrl,121,142,125.73333333333333,0.2261197715997696,0.5684407691813499
UBFC_PHYS_s14_T1_ctrl,121,143,125.76666666666667,0.765090823173523,0.1906998377737588
UBFC_PHYS_s14_T1_ctrl,121,144,125.8,0.9630542993545532,-0.2315233701516157
UBFC_PHYS_s14_T1_ctrl,121,145,125.83333333333333,0.8901382088661194,-0.6561175226107475
UBFC_PHYS_s14_T1_ctrl,121,146,125.86666666666666,0.6938645243644714,-1.027519997230455
UBFC_PHYS_s14_T1_ctrl,121,147,125.9,0.5393296480178833,-1.2857557306406113
UBFC_PHYS_s14_T1_ctrl,121,148,125.93333333333334,0.4966614544391632,-1.380016265638154
UBFC_PHYS_s14_T1_ctrl,121,149,125.96666666666667,0.49271851778030396,-1.2832563330672244
UBFC_PHYS_s14_T1_ctrl,121,150,126.0,0.40473473072052,-1.0030812516018395
UBFC_PHYS_s14_T1_ctrl,121,151,126.03333333333333,0.20767246186733246,-0.583964421144926
UBFC_PHYS_s14_T1_ctrl,121,152,126.06666666666666,-0.01628624089062214,-0.09778622786962023
UBFC_PHYS_s14_T1_ctrl,121,153,126.1,-0.25345379114151,0.37551622383931954
UBFC_PHYS_s14_T1_ctrl,121,154,126.13333333333334,-0.5960948467254639,0.7694627288679088
UBFC_PHYS_s14_T1_ctrl,121,155,126.16666666666667,-1.0794986486434937,1.044844785805468
UBFC_PHYS_s14_T1_ctrl,121,156,126.2,-1.5544533729553223,1.190578673748375
UBFC_PHYS_s14_T1_ctrl,121,157,126.23333333333333,-1.752304196357727,1.2140003944467765
UBFC_PHYS_s14_T1_ctrl,121,158,126.26666666666667,-1.4536268711090088,1.1280628662899226
UBFC_PHYS_s14_T1_ctrl,121,159,126.3,-0.7070039510726929,0.9429748388444339
UBFC_PHYS_s14_T1_ctrl,121,160,126.33333333333333,0.15351343154907227,0.6658504393597191
UBFC_PHYS_s14_T1_ctrl,121,161,126.36666666666666,0.799450695514679,0.3069278603510906
UBFC_PHYS_s14_T1_ctrl,121,162,126.4,1.113533616065979,-0.11220073528447075
UBFC_PHYS_s14_T1_ctrl,121,163,126.43333333333334,1.1266860961914062,-0.5532642403893739
UBFC_PHYS_s14_T1_ctrl,121,164,126.46666666666667,0.9310601949691772,-0.9621223646958739
UBFC_PHYS_s14_T1_ctrl,121,165,126.5,0.6780645847320557,-1.2764768148596128
UBFC_PHYS_s14_T1_ctrl,121,166,126.53333333333333,0.49333810806274414,-1.4390124229240375
UBFC_PHYS_s14_T1_ctrl,121,167,126.56666666666666,0.3598979115486145,-1.4126337703160081
UBFC_PHYS_s14_T1_ctrl,121,168,126.6,0.1938440352678299,-1.193019574507172
UBFC_PHYS_s14_T1_ctrl,121,169,126.63333333333334,-0.026453379541635513,-0.8133867738547045
UBFC_PHYS_s14_T1_ctrl,121,170,126.66666666666667,-0.2603539228439331,-0.33805392731251505
UBFC_PHYS_s14_T1_ctrl,121,171,126.7,-0.5121666193008423,0.15442695525575265
UBFC_PHYS_s14_T1_ctrl,121,172,126.73333333333333,-0.8674250841140747,0.5924417549237875
UBFC_PHYS_s14_T1_ctrl,121,173,126.76666666666667,-1.3755567073822021,0.9278141221383543
UBFC_PHYS_s14_T1_ctrl,121,174,126.8,-1.8925037384033203,1.1410111611443559
UBFC_PHYS_s14_T1_ctrl,121,175,126.83333333333333,-2.0929737091064453,1.2345061381770066
UBFC_PHYS_s14_T1_ctrl,121,176,126.86666666666666,-1.7142548561096191,1.219771600884099
UBFC_PHYS_s14_T1_ctrl,121,177,126.9,-0.8486116528511047,1.1059405356523424
UBFC_PHYS_s14_T1_ctrl,121,178,126.93333333333334,0.11019748449325562,0.8960216269305799
UBFC_PHYS_s14_T1_ctrl,121,179,126.96666666666667,0.8338668942451477,0.5915996363851675
UBFC_PHYS_s14_T1_ctrl,121,180,127.0,1.2412002086639404,0.20237356068908297
UBFC_PHYS_s14_T1_ctrl,121,181,127.03333333333333,1.3443361520767212,-0.24512699056372675
UBFC_PHYS_s14_T1_ctrl,121,182,127.06666666666666,1.1954339742660522,-0.7042882133848914
UBFC_PHYS_s14_T1_ctrl,121,183,127.1,0.9420159459114075,-1.1125737809428626
UBFC_PHYS_s14_T1_ctrl,121,184,127.13333333333334,0.7597960233688354,-1.4024245523255885
UBFC_PHYS_s14_T1_ctrl,121,185,127.16666666666667,0.6673623323440552,-1.5162857704665127
UBFC_PHYS_s14_T1_ctrl,121,186,127.2,0.5342601537704468,-1.421899146163182
UBFC_PHYS_s14_T1_ctrl,121,187,127.23333333333333,0.2850666344165802,-1.1234670032087422
UBFC_PHYS_s14_T1_ctrl,121,188,127.26666666666667,-0.007273817900568247,-0.6646756605920431
UBFC_PHYS_s14_T1_ctrl,121,189,127.3,-0.2795616388320923,-0.12111088385765793
UBFC_PHYS_s14_T1_ctrl,121,190,127.33333333333333,-0.6129649877548218,0.41745347156743184
UBFC_PHYS_s14_T1_ctrl,121,191,127.36666666666666,-1.1061416864395142,0.8700584554459545
UBFC_PHYS_s14_T1_ctrl,121,192,127.4,-1.6714739799499512,1.1839713708168262
UBFC_PHYS_s14_T1_ctrl,121,193,127.43333333333334,-2.0059194564819336,1.3420190895926205
UBFC_PHYS_s14_T1_ctrl,121,194,127.46666666666667,-1.8034778833389282,1.3558717872379777
UBFC_PHYS_s14_T1_ctrl,121,195,127.5,-1.048518419265747,1.251057127029454
UBFC_PHYS_s14_T1_ctrl,121,196,127.53333333333333,-0.07503597438335419,1.0526430255114194
UBFC_PHYS_s14_T1_ctrl,121,197,127.56666666666666,0.7314068675041199,0.778282270235528
UBFC_PHYS_s14_T1_ctrl,121,198,127.6,1.2223585844039917,0.4402337333466539
UBFC_PHYS_s14_T1_ctrl,121,199,127.63333333333334,1.393679141998291,0.053175129169068476
UBFC_PHYS_s14_T1_ctrl,121,200,127.66666666666667,1.3009074926376343,-0.35764445541524714
UBFC_PHYS_s14_T1_ctrl,121,201,127.7,1.0924952030181885,-0.7526678628920054
UBFC_PHYS_s14_T1_ctrl,121,202,127.73333333333333,0.9326373934745789,-1.0808651490848855
UBFC_PHYS_s14_T1_ctrl,121,203,127.76666666666667,0.8523423671722412,-1.2885479622117424
UBFC_PHYS_s14_T1_ctrl,121,204,127.8,0.7586694955825806,-1.3318827475085855
UBFC_PHYS_s14_T1_ctrl,121,205,127.83333333333333,0.5755482912063599,-1.1899406953097214
UBFC_PHYS_s14_T1_ctrl,121,206,127.86666666666666,0.30548542737960815,-0.8744359103318066
UBFC_PHYS_s14_T1_ctrl,121,207,127.9,-0.0064852312207221985,-0.4320535578641143
UBFC_PHYS_s14_T1_ctrl,121,208,127.93333333333334,-0.35802605748176575,0.06357425634507131
UBFC_PHYS_s14_T1_ctrl,121,209,127.96666666666667,-0.8030144572257996,0.529502655011577
UBFC_PHYS_s14_T1_ctrl,121,210,128.0,-1.3636716604232788,0.8946295434211873
UBFC_PHYS_s14_T1_ctrl,121,211,128.03333333333333,-1.896305799484253,1.1154927923802946
UBFC_PHYS_s14_T1_ctrl,121,212,128.06666666666666,-2.0810322761535645,1.1806636320657533
UBFC_PHYS_s14_T1_ctrl,121,213,128.1,-1.6739243268966675,1.1038897376428587
UBFC_PHYS_s14_T1_ctrl,121,214,128.13333333333333,-0.7781457901000977,0.9113415446835358
UBFC_PHYS_s14_T1_ctrl,121,215,128.16666666666666,0.22913329303264618,0.6300168224129324
UBFC_PHYS_s14_T1_ctrl,121,216,128.2,1.0159460306167603,0.28232577031143
UBFC_PHYS_s14_T1_ctrl,121,217,128.23333333333332,1.458089828491211,-0.11227553211006858
UBFC_PHYS_s14_T1_ctrl,121,218,128.26666666666668,1.557986855506897,-0.5315777176482219
UBFC_PHYS_s14_T1_ctrl,121,219,128.3,1.4089157581329346,-0.945305951350184
UBFC_PHYS_s14_T1_ctrl,121,220,128.33333333333334,1.1893787384033203,-1.3134003212611522
UBFC_PHYS_s14_T1_ctrl,121,221,128.36666666666667,1.0436592102050781,-1.588859581756473
UBFC_PHYS_s14_T1_ctrl,121,222,128.4,0.9786007404327393,-1.7247822787332314
UBFC_PHYS_s14_T1_ctrl,121,223,128.43333333333334,0.9114018678665161,-1.684565725726899
UBFC_PHYS_s14_T1_ctrl,121,224,128.46666666666667,0.7877345085144043,-1.4532433525178727
UBFC_PHYS_s14_T1_ctrl,121,225,128.5,0.5863913893699646,-1.0465926116184958
UBFC_PHYS_s14_T1_ctrl,121,226,128.53333333333333,0.2665630280971527,-0.5137951761586842
UBFC_PHYS_s14_T1_ctrl,121,227,128.56666666666666,-0.15592247247695923,0.06957141148079383
UBFC_PHYS_s14_T1_ctrl,121,228,128.6,-0.6199777722358704,0.6179966197011343
UBFC_PHYS_s14_T1_ctrl,121,229,128.63333333333333,-1.1470918655395508,1.057090016524705
UBFC_PHYS_s14_T1_ctrl,121,230,128.66666666666666,-1.7355748414993286,1.3411074316244709
UBFC_PHYS_s14_T1_ctrl,121,231,128.7,-2.1027183532714844,1.4599455812249404
UBFC_PHYS_s14_T1_ctrl,121,232,128.73333333333332,-1.875126600265503,1.4343614322768163
UBFC_PHYS_s14_T1_ctrl,121,233,128.76666666666668,-1.0579814910888672,1.3040734944011616
UBFC_PHYS_s14_T1_ctrl,121,234,128.8,-0.062080614268779755,1.1149624829400018
UBFC_PHYS_s14_T1_ctrl,121,235,128.83333333333334,0.7550926804542542,0.909137904901824
UBFC_PHYS_s14_T1_ctrl,121,236,128.86666666666667,1.2570000886917114,0.7182771071201758
UBFC_PHYS_s14_T1_ctrl,121,237,128.9,1.4292782545089722,0.5591839578970993
UBFC_PHYS_s14_T1_ctrl,121,238,128.93333333333334,1.345687985420227,0.4316711254394626
UBFC_PHYS_s14_T1_ctrl,121,239,128.96666666666667,1.1648199558258057,0.32038122739984737
UBFC_PHYS_s14_T1_ctrl,122,0,122.0,0.37854236364364624,0.02874558691934933
UBFC_PHYS_s14_T1_ctrl,122,1,122.03333333333333,0.9053184986114502,-0.3083287011082427
UBFC_PHYS_s14_T1_ctrl,122,2,122.06666666666666,1.0913968086242676,-0.6432222944456181
UBFC_PHYS_s14_T1_ctrl,122,3,122.1,0.9539292454719543,-0.9634345144022255
UBFC_PHYS_s14_T1_ctrl,122,4,122.13333333333334,0.6203005909919739,-1.2401467932390486
UBFC_PHYS_s14_T1_ctrl,122,5,122.16666666666667,0.32798832654953003,-1.4311337421499857
UBFC_PHYS_s14_T1_ctrl,122,6,122.2,0.2075316458940506,-1.4915176393172045
UBFC_PHYS_s14_T1_ctrl,122,7,122.23333333333333,0.17181992530822754,-1.389270311678803
UBFC_PHYS_s14_T1_ctrl,122,8,122.26666666666667,0.08831419050693512,-1.1200804257011239
UBFC_PHYS_s14_T1_ctrl,122,9,122.3,-0.058954428881406784,-0.7150644008425907
UBFC_PHYS_s14_T1_ctrl,122,10,122.33333333333333,-0.22993698716163635,-0.23616658948342184
UBFC_PHYS_s14_T1_ctrl,122,11,122.36666666666666,-0.43674394488334656,0.2408389105498612
UBFC_PHYS_s14_T1_ctrl,122,12,122.4,-0.7453631162643433,0.6485778487820167
UBFC_PHYS_s14_T1_ctrl,122,13,122.43333333333334,-1.1629480123519897,0.9446482236589765
UBFC_PHYS_s14_T1_ctrl,122,14,122.46666666666667,-1.52983820438385,1.1154006730744832
UBFC_PHYS_s14_T1_ctrl,122,15,122.5,-1.5630714893341064,1.1677417171901963
UBFC_PHYS_s14_T1_ctrl,122,16,122.53333333333333,-1.0881450176239014,1.1159487055925186
UBFC_PHYS_s14_T1_ctrl,122,17,122.56666666666666,-0.30319109559059143,0.9717099242696121
UBFC_PHYS_s14_T1_ctrl,122,18,122.6,0.42949071526527405,0.7420749823939377
UBFC_PHYS_s14_T1_ctrl,122,19,122.63333333333334,0.8821396827697754,0.4346123158696171
UBFC_PHYS_s14_T1_ctrl,122,20,122.66666666666667,1.0336328744888306,0.06525915198451146
UBFC_PHYS_s14_T1_ctrl,122,21,122.7,0.9393967390060425,-0.3361326627655833
UBFC_PHYS_s14_T1_ctrl,122,22,122.73333333333333,0.7081435918807983,-0.725235475900234
UBFC_PHYS_s14_T1_ctrl,122,23,122.76666666666667,0.5310776233673096,-1.0478039602499292
UBFC_PHYS_s14_T1_ctrl,122,24,122.8,0.4955630600452423,-1.248616298578332
UBFC_PHYS_s14_T1_ctrl,122,25,122.83333333333333,0.4521907567977905,-1.2837935591769463
UBFC_PHYS_s14_T1_ctrl,122,26,122.86666666666666,0.26684466004371643,-1.1341293960300745
UBFC_PHYS_s14_T1_ctrl,122,27,122.9,0.013708229176700115,-0.8149005753050966
UBFC_PHYS_s14_T1_ctrl,122,28,122.93333333333334,-0.230274960398674,-0.37660551951235427
UBFC_PHYS_s14_T1_ctrl,122,29,122.96666666666667,-0.5512580275535583,0.10638099042874052
UBFC_PHYS_s14_T1_ctrl,122,30,123.0,-1.0379570722579956,0.556085899820026
UBFC_PHYS_s14_T1_ctrl,122,31,123.03333333333333,-1.5823073387145996,0.9115180896063196
UBFC_PHYS_s14_T1_ctrl,122,32,123.06666666666666,-1.9173442125320435,1.140551261331632
UBFC_PHYS_s14_T1_ctrl,122,33,123.1,-1.8293040990829468,1.239009573559431
UBFC_PHYS_s14_T1_ctrl,122,34,123.13333333333334,-1.340774416923523,1.2198444490788614
UBFC_PHYS_s14_T1_ctrl,122,35,123.16666666666667,-0.7194241881370544,1.0999672271538328
UBFC_PHYS_s14_T1_ctrl,122,36,123.2,-0.18864883482456207,0.8919532168276992
UBFC_PHYS_s14_T1_ctrl,122,37,123.23333333333333,0.28509482741355896,0.6036968364289808
UBFC_PHYS_s14_T1_ctrl,122,38,123.26666666666667,0.7567261457443237,0.24437779626613615
UBFC_PHYS_s14_T1_ctrl,122,39,123.3,1.0433212518692017,-0.16764381701181846
UBFC_PHYS_s14_T1_ctrl,122,40,123.33333333333333,0.9930769801139832,-0.5992905334420521
UBFC_PHYS_s14_T1_ctrl,122,41,123.36666666666666,0.7557122707366943,-1.002154274374213
UBFC_PHYS_s14_T1_ctrl,122,42,123.4,0.5768438577651978,-1.31767323999705
UBFC_PHYS_s14_T1_ctrl,122,43,123.43333333333334,0.48221340775489807,-1.4876937935329058
UBFC_PHYS_s14_T1_ctrl,122,44,123.46666666666667,0.3531104326248169,-1.4687386691695665
UBFC_PHYS_s14_T1_ctrl,122,45,123.5,0.17069336771965027,-1.2465687380062684
UBFC_PHYS_s14_T1_ctrl,122,46,123.53333333333333,-0.033043716102838516,-0.8458104355361951
UBFC_PHYS_s14_T1_ctrl,122,47,123.56666666666666,-0.32054001092910767,-0.3292017355979532
UBFC_PHYS_s14_T1_ctrl,122,48,123.6,-0.735055148601532,0.21608614978749346
UBFC_PHYS_s14_T1_ctrl,122,49,123.63333333333334,-1.2168254852294922,0.7017456976869201
UBFC_PHYS_s14_T1_ctrl,122,50,123.66666666666667,-1.6448873281478882,1.0618724844907677
UBFC_PHYS_s14_T1_ctrl,122,51,123.7,-1.817221760749817,1.2661448752468176
UBFC_PHYS_s14_T1_ctrl,122,52,123.73333333333333,-1.5235857963562012,1.3179715708045194
UBFC_PHYS_s14_T1_ctrl,122,53,123.76666666666667,-0.7790470123291016,1.241392713344035
UBFC_PHYS_s14_T1_ctrl,122,54,123.8,0.10994400829076767,1.06530645384773
UBFC_PHYS_s14_T1_ctrl,122,55,123.83333333333333,0.7893117070198059,0.8128498619988652
UBFC_PHYS_s14_T1_ctrl,122,56,123.86666666666666,1.0859893560409546,0.4992525677283364
UBFC_PHYS_s14_T1_ctrl,122,57,123.9,1.0726397037506104,0.13655045255162057
UBFC_PHYS_s14_T1_ctrl,122,58,123.93333333333334,0.931285560131073,-0.25904157846361525
UBFC_PHYS_s14_T1_ctrl,122,59,123.96666666666667,0.7979016900062561,-0.6611639734157628
UBFC_PHYS_s14_T1_ctrl,122,60,124.0,0.7511497139930725,-1.031196497294908
UBFC_PHYS_s14_T1_ctrl,122,61,124.03333333333333,0.78322833776474,-1.3208439283024038
UBFC_PHYS_s14_T1_ctrl,122,62,124.06666666666666,0.7596270442008972,-1.479462471366417
UBFC_PHYS_s14_T1_ctrl,122,63,124.1,0.5700000524520874,-1.4654471537816194
UBFC_PHYS_s14_T1_ctrl,122,64,124.13333333333334,0.23882165551185608,-1.259503517275467
UBFC_PHYS_s14_T1_ctrl,122,65,124.16666666666667,-0.13981276750564575,-0.8756151642411967
UBFC_PHYS_s14_T1_ctrl,122,66,124.2,-0.5082800388336182,-0.36435428608021103
UBFC_PHYS_s14_T1_ctrl,122,67,124.23333333333333,-0.8944060206413269,0.19525277870516042
UBFC_PHYS_s14_T1_ctrl,122,68,124.26666666666667,-1.362178921699524,0.7143485714147638
UBFC_PHYS_s14_T1_ctrl,122,69,124.3,-1.8345425128936768,1.1169568712875002
UBFC_PHYS_s14_T1_ctrl,122,70,124.33333333333333,-2.0093271732330322,1.3576991003003642
UBFC_PHYS_s14_T1_ctrl,122,71,124.36666666666666,-1.6284396648406982,1.4275226161149215
UBFC_PHYS_s14_T1_ctrl,122,72,124.4,-0.8023948073387146,1.3465692304941472
UBFC_PHYS_s14_T1_ctrl,122,73,124.43333333333334,0.08949707448482513,1.1495268446229991
UBFC_PHYS_s14_T1_ctrl,122,74,124.46666666666667,0.7423344254493713,0.8712666101361128
UBFC_PHYS_s14_T1_ctrl,122,75,124.5,1.0405329465866089,0.5387133052063806
UBFC_PHYS_s14_T1_ctrl,122,76,124.53333333333333,1.0273804664611816,0.17063671004487768
UBFC_PHYS_s14_T1_ctrl,122,77,124.56666666666666,0.9009812474250793,-0.21688552281134008
UBFC_PHYS_s14_T1_ctrl,122,78,124.6,0.8188273906707764,-0.6033068872419585
UBFC_PHYS_s14_T1_ctrl,122,79,124.63333333333334,0.7901002764701843,-0.9584191390700291
UBFC_PHYS_s14_T1_ctrl,122,80,124.66666666666667,0.762274444103241,-1.2416174044977242
UBFC_PHYS_s14_T1_ctrl,122,81,124.7,0.7220001816749573,-1.4068228870928308
UBFC_PHYS_s14_T1_ctrl,122,82,124.73333333333333,0.6440427303314209,-1.412901270201214
UBFC_PHYS_s14_T1_ctrl,122,83,124.76666666666667,0.45275405049324036,-1.2374069417790179
UBFC_PHYS_s14_T1_ctrl,122,84,124.8,0.1357983946800232,-0.8889348642748746
UBFC_PHYS_s14_T1_ctrl,122,85,124.83333333333333,-0.22810634970664978,-0.4120632290051876
UBFC_PHYS_s14_T1_ctrl,122,86,124.86666666666666,-0.596939742565155,0.11935445695007911
UBFC_PHYS_s14_T1_ctrl,122,87,124.9,-0.9986684918403625,0.6198997034178079
UBFC_PHYS_s14_T1_ctrl,122,88,124.93333333333334,-1.4523595571517944,1.0148097905389188
UBFC_PHYS_s14_T1_ctrl,122,89,124.96666666666667,-1.8338665962219238,1.257366164167176
UBFC_PHYS_s14_T1_ctrl,122,90,125.0,-1.8583691120147705,1.3347055679601294
UBFC_PHYS_s14_T1_ctrl,122,91,125.03333333333333,-1.3402111530303955,1.2614899253738843
UBFC_PHYS_s14_T1_ctrl,122,92,125.06666666666666,-0.4789896607398987,1.0666881083914643
UBFC_PHYS_s14_T1_ctrl,122,93,125.1,0.3708536624908447,0.7810886322107963
UBFC_PHYS_s14_T1_ctrl,122,94,125.13333333333334,0.9491132497787476,0.4311666608870407
UBFC_PHYS_s14_T1_ctrl,122,95,125.16666666666667,1.183323621749878,0.04038045312038285
UBFC_PHYS_s14_T1_ctrl,122,96,125.2,1.1516392230987549,-0.3652045216554654
UBFC_PHYS_s14_T1_ctrl,122,97,125.23333333333333,0.9782909750938416,-0.7517380146041536
UBFC_PHYS_s14_T1_ctrl,122,98,125.26666666666667,0.7809752225875854,-1.0764462047280643
UBFC_PHYS_s14_T1_ctrl,122,99,125.3,0.6552519202232361,-1.2918384356878658
UBFC_PHYS_s14_T1_ctrl,122,100,125.33333333333333,0.5972344279289246,-1.3548893364836267
UBFC_PHYS_s14_T1_ctrl,122,101,125.36666666666666,0.5322323441505432,-1.2394405494930405
UBFC_PHYS_s14_T1_ctrl,122,102,125.4,0.41140955686569214,-0.9482157938027084
UBFC_PHYS_s14_T1_ctrl,122,103,125.43333333333334,0.21578365564346313,-0.519122496385193
UBFC_PHYS_s14_T1_ctrl,122,104,125.46666666666667,-0.06405208259820938,-0.020662569266562972
UBFC_PHYS_s14_T1_ctrl,122,105,125.5,-0.40469351410865784,0.46466559034891597
UBFC_PHYS_s14_T1_ctrl,122,106,125.53333333333333,-0.788031280040741,0.8629364698241618
UBFC_PHYS_s14_T1_ctrl,122,107,125.56666666666666,-1.2273024320602417,1.1267862996464255
UBFC_PHYS_s14_T1_ctrl,122,108,125.6,-1.6379308700561523,1.2409639333614775
UBFC_PHYS_s14_T1_ctrl,122,109,125.63333333333334,-1.7549797296524048,1.2151153977026061
UBFC_PHYS_s14_T1_ctrl,122,110,125.66666666666667,-1.362122654914856,1.0702599475503054
UBFC_PHYS_s14_T1_ctrl,122,111,125.7,-0.5793373584747314,0.8275781559895317
UBFC_PHYS_s14_T1_ctrl,122,112,125.73333333333333,0.2261197715997696,0.5049832778125022
UBFC_PHYS_s14_T1_ctrl,122,113,125.76666666666667,0.765090823173523,0.12129684547002459
UBFC_PHYS_s14_T1_ctrl,122,114,125.8,0.9630542993545532,-0.29649269022624636
UBFC_PHYS_s14_T1_ctrl,122,115,125.83333333333333,0.8901382088661194,-0.7083835943744512
UBFC_PHYS_s14_T1_ctrl,122,116,125.86666666666666,0.6938645243644714,-1.0622991896754854
UBFC_PHYS_s14_T1_ctrl,122,117,125.9,0.5393296480178833,-1.301277870919984
UBFC_PHYS_s14_T1_ctrl,122,118,125.93333333333334,0.4966614544391632,-1.3756038284908523
UBFC_PHYS_s14_T1_ctrl,122,119,125.96666666666667,0.49271851778030396,-1.257284079191489
UBFC_PHYS_s14_T1_ctrl,122,120,126.0,0.40473473072052,-0.9524899372441552
UBFC_PHYS_s14_T1_ctrl,122,121,126.03333333333333,0.20767246186733246,-0.5062379769405803
UBFC_PHYS_s14_T1_ctrl,122,122,126.06666666666666,-0.01628624089062214,0.005345946333318943
UBFC_PHYS_s14_T1_ctrl,122,123,126.1,-0.25345379114151,0.4949058337298478
UBFC_PHYS_s14_T1_ctrl,122,124,126.13333333333334,-0.5960948467254639,0.8883358744527304
UBFC_PHYS_s14_T1_ctrl,122,125,126.16666666666667,-1.0794986486434937,1.142510055498988
UBFC_PHYS_s14_T1_ctrl,122,126,126.2,-1.5544533729553223,1.2486850112399144
UBFC_PHYS_s14_T1_ctrl,122,127,126.23333333333333,-1.752304196357727,1.2223708539157028
UBFC_PHYS_s14_T1_ctrl,122,128,126.26666666666667,-1.4536268711090088,1.0874172054756994
UBFC_PHYS_s14_T1_ctrl,122,129,126.3,-0.7070039510726929,0.8637482569004235
UBFC_PHYS_s14_T1_ctrl,122,130,126.33333333333333,0.15351343154907227,0.5642930697524163
UBFC_PHYS_s14_T1_ctrl,122,131,126.36666666666666,0.799450695514679,0.2005007387423604
UBFC_PHYS_s14_T1_ctrl,122,132,126.4,1.113533616065979,-0.2085570123905586
UBFC_PHYS_s14_T1_ctrl,122,133,126.43333333333334,1.1266860961914062,-0.6293481027489037
UBFC_PHYS_s14_T1_ctrl,122,134,126.46666666666667,0.9310601949691772,-1.013060414540805
UBFC_PHYS_s14_T1_ctrl,122,135,126.5,0.6780645847320557,-1.3016290957284204
UBFC_PHYS_s14_T1_ctrl,122,136,126.53333333333333,0.49333810806274414,-1.4394347293176435
UBFC_PHYS_s14_T1_ctrl,122,137,126.56666666666666,0.3598979115486145,-1.3881399510339785
UBFC_PHYS_s14_T1_ctrl,122,138,126.6,0.1938440352678299,-1.1406185590668867
UBFC_PHYS_s14_T1_ctrl,122,139,126.63333333333334,-0.026453379541635513,-0.7286079091173746
UBFC_PHYS_s14_T1_ctrl,122,140,126.66666666666667,-0.2603539228439331,-0.2190209839498603
UBFC_PHYS_s14_T1_ctrl,122,141,126.7,-0.5121666193008423,0.30236252800528685
UBFC_PHYS_s14_T1_ctrl,122,142,126.73333333333333,-0.8674250841140747,0.7543997084426198
UBFC_PHYS_s14_T1_ctrl,122,143,126.76666666666667,-1.3755567073822021,1.0810993816275427
UBFC_PHYS_s14_T1_ctrl,122,144,126.8,-1.8925037384033203,1.2604294144706154
UBFC_PHYS_s14_T1_ctrl,122,145,126.83333333333333,-2.0929737091064453,1.2992132760037998
UBFC_PHYS_s14_T1_ctrl,122,146,126.86666666666666,-1.7142548561096191,1.2191127734263396
UBFC_PHYS_s14_T1_ctrl,122,147,126.9,-0.8486116528511047,1.0423810451012439
UBFC_PHYS_s14_T1_ctrl,122,148,126.93333333333334,0.11019748449325562,0.7844422331802301
UBFC_PHYS_s14_T1_ctrl,122,149,126.96666666666667,0.8338668942451477,0.4553416049147894
UBFC_PHYS_s14_T1_ctrl,122,150,127.0,1.2412002086639404,0.06721250815968606
UBFC_PHYS_s14_T1_ctrl,122,151,127.03333333333333,1.3443361520767212,-0.3574172264699215
UBFC_PHYS_s14_T1_ctrl,122,152,127.06666666666666,1.1954339742660522,-0.780901962441653
UBFC_PHYS_s14_T1_ctrl,122,153,127.1,0.9420159459114075,-1.1515286387735941
UBFC_PHYS_s14_T1_ctrl,122,154,127.13333333333334,0.7597960233688354,-1.4106418426696354
UBFC_PHYS_s14_T1_ctrl,122,155,127.16666666666667,0.6673623323440552,-1.5048016259796633
UBFC_PHYS_s14_T1_ctrl,122,156,127.2,0.5342601537704468,-1.400544847189353
UBFC_PHYS_s14_T1_ctrl,122,157,127.23333333333333,0.2850666344165802,-1.0976873031184564
UBFC_PHYS_s14_T1_ctrl,122,158,127.26666666666667,-0.007273817900568247,-0.6358723608812064
UBFC_PHYS_s14_T1_ctrl,122,159,127.3,-0.2795616388320923,-0.08976279781803678
UBFC_PHYS_s14_T1_ctrl,122,160,127.33333333333333,-0.6129649877548218,0.4480943749129256
UBFC_PHYS_s14_T1_ctrl,122,161,127.36666666666666,-1.1061416864395142,0.8919379962582092
UBFC_PHYS_s14_T1_ctrl,122,162,127.4,-1.6714739799499512,1.1851713438379412
UBFC_PHYS_s14_T1_ctrl,122,163,127.43333333333334,-2.0059194564819336,1.3105686841322213
UBFC_PHYS_s14_T1_ctrl,122,164,127.46666666666667,-1.8034778833389282,1.2848413906184053
UBFC_PHYS_s14_T1_ctrl,122,165,127.5,-1.048518419265747,1.1424381243736164
UBFC_PHYS_s14_T1_ctrl,122,166,127.53333333333333,-0.07503597438335419,0.9179610146603506
UBFC_PHYS_s14_T1_ctrl,122,167,127.56666666666666,0.7314068675041199,0.6354815986603762
UBFC_PHYS_s14_T1_ctrl,122,168,127.6,1.2223585844039917,0.30802299036250175
UBFC_PHYS_s14_T1_ctrl,122,169,127.63333333333334,1.393679141998291,-0.05506964650602999
UBFC_PHYS_s14_T1_ctrl,122,170,127.66666666666667,1.3009074926376343,-0.4382442474585477
UBFC_PHYS_s14_T1_ctrl,122,171,127.7,1.0924952030181885,-0.8126357500025657
UBFC_PHYS_s14_T1_ctrl,122,172,127.73333333333333,0.9326373934745789,-1.1348600353802185
UBFC_PHYS_s14_T1_ctrl,122,173,127.76666666666667,0.8523423671722412,-1.3524226229766216
UBFC_PHYS_s14_T1_ctrl,122,174,127.8,0.7586694955825806,-1.414932685838898
UBFC_PHYS_s14_T1_ctrl,122,175,127.83333333333333,0.5755482912063599,-1.2889691139563548
UBFC_PHYS_s14_T1_ctrl,122,176,127.86666666666666,0.30548542737960815,-0.9724913100722424
UBFC_PHYS_s14_T1_ctrl,122,177,127.9,-0.0064852312207221985,-0.502998093426005
UBFC_PHYS_s14_T1_ctrl,122,178,127.93333333333334,-0.35802605748176575,0.04598089099731991
UBFC_PHYS_s14_T1_ctrl,122,179,127.96666666666667,-0.8030144572257996,0.5815654318330705
UBFC_PHYS_s14_T1_ctrl,122,180,128.0,-1.3636716604232788,1.0163032418554598
UBFC_PHYS_s14_T1_ctrl,122,181,128.03333333333333,-1.896305799484253,1.2910528188126569
UBFC_PHYS_s14_T1_ctrl,122,182,128.06666666666666,-2.0810322761535645,1.386580159156475
UBFC_PHYS_s14_T1_ctrl,122,183,128.1,-1.6739243268966675,1.3201452326286913
UBFC_PHYS_s14_T1_ctrl,122,184,128.13333333333333,-0.7781457901000977,1.1306349377338338
UBFC_PHYS_s14_T1_ctrl,122,185,128.16666666666666,0.22913329303264618,0.8606134408621705
UBFC_PHYS_s14_T1_ctrl,122,186,128.2,1.0159460306167603,0.5435644606797634
UBFC_PHYS_s14_T1_ctrl,122,187,128.23333333333332,1.458089828491211,0.20045740757061067
UBFC_PHYS_s14_T1_ctrl,122,188,128.26666666666668,1.557986855506897,-0.15552651799812864
UBFC_PHYS_s14_T1_ctrl,122,189,128.3,1.4089157581329346,-0.5106978090060197
UBFC_PHYS_s14_T1_ctrl,122,190,128.33333333333334,1.1893787384033203,-0.8437449348434369
UBFC_PHYS_s14_T1_ctrl,122,191,128.36666666666667,1.0436592102050781,-1.122791281241927
UBFC_PHYS_s14_T1_ctrl,122,192,128.4,0.9786007404327393,-1.3078892992718139
UBFC_PHYS_s14_T1_ctrl,122,193,128.43333333333334,0.9114018678665161,-1.358950262911393
UBFC_PHYS_s14_T1_ctrl,122,194,128.46666666666667,0.7877345085144043,-1.2477498914598342
UBFC_PHYS_s14_T1_ctrl,122,195,128.5,0.5863913893699646,-0.9707815110242657
UBFC_PHYS_s14_T1_ctrl,122,196,128.53333333333333,0.2665630280971527,-0.5578411181656373
UBFC_PHYS_s14_T1_ctrl,122,197,128.56666666666666,-0.15592247247695923,-0.07107729478962554
UBFC_PHYS_s14_T1_ctrl,122,198,128.6,-0.6199777722358704,0.4077883569984105
UBFC_PHYS_s14_T1_ctrl,122,199,128.63333333333333,-1.1470918655395508,0.7988841570448433
UBFC_PHYS_s14_T1_ctrl,122,200,128.66666666666666,-1.7355748414993286,1.0457864046585408
UBFC_PHYS_s14_T1_ctrl,122,201,128.7,-2.1027183532714844,1.1277806274743742
UBFC_PHYS_s14_T1_ctrl,122,202,128.73333333333332,-1.875126600265503,1.058211880964729
UBFC_PHYS_s14_T1_ctrl,122,203,128.76666666666668,-1.0579814910888672,0.871822963190639
UBFC_PHYS_s14_T1_ctrl,122,204,128.8,-0.062080614268779755,0.6089345789946468
UBFC_PHYS_s14_T1_ctrl,122,205,128.83333333333334,0.7550926804542542,0.3042489429376729
UBFC_PHYS_s14_T1_ctrl,122,206,128.86666666666667,1.2570000886917114,-0.016287563572891316
UBFC_PHYS_s14_T1_ctrl,122,207,128.9,1.4292782545089722,-0.3321831282541806
UBFC_PHYS_s14_T1_ctrl,122,208,128.93333333333334,1.345687985420227,-0.6227503403799447
UBFC_PHYS_s14_T1_ctrl,122,209,128.96666666666667,1.1648199558258057,-0.8628917715872948
UBFC_PHYS_s14_T1_ctrl,122,210,129.0,1.024057149887085,-1.0225591597443124
UBFC_PHYS_s14_T1_ctrl,122,211,129.03333333333333,0.9484091401100159,-1.0705899628933297
UBFC_PHYS_s14_T1_ctrl,122,212,129.06666666666666,0.8786473274230957,-0.9824867757874535
UBFC_PHYS_s14_T1_ctrl,122,213,129.1,0.7590919137001038,-0.750351053576362
UBFC_PHYS_s14_T1_ctrl,122,214,129.13333333333333,0.5618043541908264,-0.3913563828148904
UBFC_PHYS_s14_T1_ctrl,122,215,129.16666666666666,0.3016551434993744,0.04987229444282033
UBFC_PHYS_s14_T1_ctrl,122,216,129.2,0.018946699798107147,0.5082454926819338
UBFC_PHYS_s14_T1_ctrl,122,217,129.23333333333332,-0.29139044880867004,0.9137238427510734
UBFC_PHYS_s14_T1_ctrl,122,218,129.26666666666668,-0.687739908695221,1.2094179674321661
UBFC_PHYS_s14_T1_ctrl,122,219,129.3,-1.1691722869873047,1.3641985087759652
UBFC_PHYS_s14_T1_ctrl,122,220,129.33333333333334,-1.5236421823501587,1.3749214699104029
UBFC_PHYS_s14_T1_ctrl,122,221,129.36666666666667,-1.4258291721343994,1.2592705630706806
UBFC_PHYS_s14_T1_ctrl,122,222,129.4,-0.8056899905204773,1.0445684035875136
UBFC_PHYS_s14_T1_ctrl,122,223,129.43333333333334,0.031338781118392944,0.7586329706640123
UBFC_PHYS_s14_T1_ctrl,122,224,129.46666666666667,0.7318012118339539,0.42618238076305165
UBFC_PHYS_s14_T1_ctrl,122,225,129.5,1.1406553983688354,0.07049893651144552
UBFC_PHYS_s14_T1_ctrl,122,226,129.53333333333333,1.2330608367919922,-0.28263749608653427
UBFC_PHYS_s14_T1_ctrl,122,227,129.56666666666666,1.0937626361846924,-0.6023066801082906
UBFC_PHYS_s14_T1_ctrl,122,228,129.6,0.8769575357437134,-0.8534029086356555
UBFC_PHYS_s14_T1_ctrl,122,229,129.63333333333333,0.7238590121269226,-1.0016707800311355
UBFC_PHYS_s14_T1_ctrl,122,230,129.66666666666666,0.6814442873001099,-1.0219332362052584
UBFC_PHYS_s14_T1_ctrl,122,231,129.7,0.6805993318557739,-0.9075165751492255
UBFC_PHYS_s14_T1_ctrl,122,232,129.73333333333332,0.616808295249939,-0.6776878958263933
UBFC_PHYS_s14_T1_ctrl,122,233,129.76666666666668,0.4517119824886322,-0.37924253093550897
UBFC_PHYS_s14_T1_ctrl,122,234,129.8,0.1998429298400879,-0.07924629541135149
UBFC_PHYS_s14_T1_ctrl,122,235,129.83333333333334,-0.1327718049287796,0.15097936666805323
UBFC_PHYS_s14_T1_ctrl,122,236,129.86666666666667,-0.5497653484344482,0.2560906627919526
UBFC_PHYS_s14_T1_ctrl,122,237,129.9,-1.0433645248413086,0.21377602106095323
UBFC_PHYS_s14_T1_ctrl,122,238,129.93333333333334,-1.4884936809539795,0.0422479044900512
UBFC_PHYS_s14_T1_ctrl,122,239,129.96666666666667,-1.5848703384399414,-0.20434640581203273
UBFC_PHYS_s14_T1_ctrl,123,0,123.0,-1.0379570722579956,-0.08723464660632663
UBFC_PHYS_s14_T1_ctrl,123,1,123.03333333333333,-1.5823073387145996,0.22376847954668294
UBFC_PHYS_s14_T1_ctrl,123,2,123.06666666666666,-1.9173442125320435,0.5047900184245235
UBFC_PHYS_s14_T1_ctrl,123,3,123.1,-1.8293040990829468,0.7292220178114452
UBFC_PHYS_s14_T1_ctrl,123,4,123.13333333333334,-1.340774416923523,0.8792795429399604
UBFC_PHYS_s14_T1_ctrl,123,5,123.16666666666667,-0.7194241881370544,0.9461302602472584
UBFC_PHYS_s14_T1_ctrl,123,6,123.2,-0.18864883482456207,0.9268679251917653
UBFC_PHYS_s14_T1_ctrl,123,7,123.23333333333333,0.28509482741355896,0.821018907405986
UBFC_PHYS_s14_T1_ctrl,123,8,123.26666666666667,0.7567261457443237,0.6296260698208982
UBFC_PHYS_s14_T1_ctrl,123,9,123.3,1.0433212518692017,0.3581182769491357
UBFC_PHYS_s14_T1_ctrl,123,10,123.33333333333333,0.9930769801139832,0.021624427540446835
UBFC_PHYS_s14_T1_ctrl,123,11,123.36666666666666,0.7557122707366943,-0.3503714224764543
UBFC_PHYS_s14_T1_ctrl,123,12,123.4,0.5768438577651978,-0.7132487844596225
UBFC_PHYS_s14_T1_ctrl,123,13,123.43333333333334,0.48221340775489807,-1.0122007483992481
UBFC_PHYS_s14_T1_ctrl,123,14,123.46666666666667,0.3531104326248169,-1.1926795255275804
UBFC_PHYS_s14_T1_ctrl,123,15,123.5,0.17069336771965027,-1.2139365539372204
UBFC_PHYS_s14_T1_ctrl,123,16,123.53333333333333,-0.033043716102838516,-1.0616088435395845
UBFC_PHYS_s14_T1_ctrl,123,17,123.56666666666666,-0.32054001092910767,-0.7547291400814005
UBFC_PHYS_s14_T1_ctrl,123,18,123.6,-0.735055148601532,-0.34355482583854974
UBFC_PHYS_s14_T1_ctrl,123,19,123.63333333333334,-1.2168254852294922,0.10241409590782996
UBFC_PHYS_s14_T1_ctrl,123,20,123.66666666666667,-1.6448873281478882,0.512604149671261
UBFC_PHYS_s14_T1_ctrl,123,21,123.7,-1.817221760749817,0.8328552051189453
UBFC_PHYS_s14_T1_ctrl,123,22,123.73333333333333,-1.5235857963562012,1.0353363253856882
UBFC_PHYS_s14_T1_ctrl,123,23,123.76666666666667,-0.7790470123291016,1.117601595252671
UBFC_PHYS_s14_T1_ctrl,123,24,123.8,0.10994400829076767,1.09299652096384
UBFC_PHYS_s14_T1_ctrl,123,25,123.83333333333333,0.7893117070198059,0.9786234998828308
UBFC_PHYS_s14_T1_ctrl,123,26,123.86666666666666,1.0859893560409546,0.7871276048885619
UBFC_PHYS_s14_T1_ctrl,123,27,123.9,1.0726397037506104,0.5254834432064155
UBFC_PHYS_s14_T1_ctrl,123,28,123.93333333333334,0.931285560131073,0.20014480256396228
UBFC_PHYS_s14_T1_ctrl,123,29,123.96666666666667,0.7979016900062561,-0.1748214337512689
UBFC_PHYS_s14_T1_ctrl,123,30,124.0,0.7511497139930725,-0.5708757627792049
UBFC_PHYS_s14_T1_ctrl,123,31,124.03333333333333,0.78322833776474,-0.9429775605442071
UBFC_PHYS_s14_T1_ctrl,123,32,124.06666666666666,0.7596270442008972,-1.2343401185361929
UBFC_PHYS_s14_T1_ctrl,123,33,124.1,0.5700000524520874,-1.387809656988528
UBFC_PHYS_s14_T1_ctrl,123,34,124.13333333333334,0.23882165551185608,-1.3613491361249654
UBFC_PHYS_s14_T1_ctrl,123,35,124.16666666666667,-0.13981276750564575,-1.142910379707175
UBFC_PHYS_s14_T1_ctrl,123,36,124.2,-0.5082800388336182,-0.7587888204462837
UBFC_PHYS_s14_T1_ctrl,123,37,124.23333333333333,-0.8944060206413269,-0.27068073988543623
UBFC_PHYS_s14_T1_ctrl,123,38,124.26666666666667,-1.362178921699524,0.23934888381345337
UBFC_PHYS_s14_T1_ctrl,123,39,124.3,-1.8345425128936768,0.691224102654418
UBFC_PHYS_s14_T1_ctrl,123,40,124.33333333333333,-2.0093271732330322,1.0274686237531947
UBFC_PHYS_s14_T1_ctrl,123,41,124.36666666666666,-1.6284396648406982,1.223302624136614
UBFC_PHYS_s14_T1_ctrl,123,42,124.4,-0.8023948073387146,1.2831950720466965
UBFC_PHYS_s14_T1_ctrl,123,43,124.43333333333334,0.08949707448482513,1.227996586579933
UBFC_PHYS_s14_T1_ctrl,123,44,124.46666666666667,0.7423344254493713,1.0805521523673165
UBFC_PHYS_s14_T1_ctrl,123,45,124.5,1.0405329465866089,0.856785800989415
UBFC_PHYS_s14_T1_ctrl,123,46,124.53333333333333,1.0273804664611816,0.5651905494299956
UBFC_PHYS_s14_T1_ctrl,123,47,124.56666666666666,0.9009812474250793,0.21315307821526144
UBFC_PHYS_s14_T1_ctrl,123,48,124.6,0.8188273906707764,-0.18414768445160853
UBFC_PHYS_s14_T1_ctrl,123,49,124.63333333333334,0.7901002764701843,-0.5969225903459812
UBFC_PHYS_s14_T1_ctrl,123,50,124.66666666666667,0.762274444103241,-0.9794462101100173
UBFC_PHYS_s14_T1_ctrl,123,51,124.7,0.7220001816749573,-1.2755737513741807
UBFC_PHYS_s14_T1_ctrl,123,52,124.73333333333333,0.6440427303314209,-1.4302424190801017
UBFC_PHYS_s14_T1_ctrl,123,53,124.76666666666667,0.45275405049324036,-1.4041224946890865
UBFC_PHYS_s14_T1_ctrl,123,54,124.8,0.1357983946800232,-1.1871115950235742
UBFC_PHYS_s14_T1_ctrl,123,55,124.83333333333333,-0.22810634970664978,-0.8057598328163481
UBFC_PHYS_s14_T1_ctrl,123,56,124.86666666666666,-0.596939742565155,-0.3205821078034202
UBFC_PHYS_s14_T1_ctrl,123,57,124.9,-0.9986684918403625,0.18767479765577702
UBFC_PHYS_s14_T1_ctrl,123,58,124.93333333333334,-1.4523595571517944,0.6388548625822552
UBFC_PHYS_s14_T1_ctrl,123,59,124.96666666666667,-1.8338665962219238,0.9733783289687061
UBFC_PHYS_s14_T1_ctrl,123,60,125.0,-1.8583691120147705,1.1632525496303592
UBFC_PHYS_s14_T1_ctrl,123,61,125.03333333333333,-1.3402111530303955,1.2102474598087818
UBFC_PHYS_s14_T1_ctrl,123,62,125.06666666666666,-0.4789896607398987,1.1341364956063327
UBFC_PHYS_s14_T1_ctrl,123,63,125.1,0.3708536624908447,0.9587512680142091
UBFC_PHYS_s14_T1_ctrl,123,64,125.13333333333334,0.9491132497787476,0.7033145248532043
UBFC_PHYS_s14_T1_ctrl,123,65,125.16666666666667,1.183323621749878,0.3822257390651069
UBFC_PHYS_s14_T1_ctrl,123,66,125.2,1.1516392230987549,0.011471418061525445
UBFC_PHYS_s14_T1_ctrl,123,67,125.23333333333333,0.9782909750938416,-0.38329360716978583
UBFC_PHYS_s14_T1_ctrl,123,68,125.26666666666667,0.7809752225875854,-0.76215263347466
UBFC_PHYS_s14_T1_ctrl,123,69,125.3,0.6552519202232361,-1.0729839534260268
UBFC_PHYS_s14_T1_ctrl,123,70,125.33333333333333,0.5972344279289246,-1.2605647366824497
UBFC_PHYS_s14_T1_ctrl,123,71,125.36666666666666,0.5322323441505432,-1.2805437410549303
UBFC_PHYS_s14_T1_ctrl,123,72,125.4,0.41140955686569214,-1.1141631772861178
UBFC_PHYS_s14_T1_ctrl,123,73,125.43333333333334,0.21578365564346313,-0.7784305436747582
UBFC_PHYS_s14_T1_ctrl,123,74,125.46666666666667,-0.06405208259820938,-0.3265610125466884
UBFC_PHYS_s14_T1_ctrl,123,75,125.5,-0.40469351410865784,0.16371821295949912
UBFC_PHYS_s14_T1_ctrl,123,76,125.53333333333333,-0.788031280040741,0.6109474188413798
UBFC_PHYS_s14_T1_ctrl,123,77,125.56666666666666,-1.2273024320602417,0.9515868928050182
UBFC_PHYS_s14_T1_ctrl,123,78,125.6,-1.6379308700561523,1.1531287313081855
UBFC_PHYS_s14_T1_ctrl,123,79,125.63333333333334,-1.7549797296524048,1.213522385840301
UBFC_PHYS_s14_T1_ctrl,123,80,125.66666666666667,-1.362122654914856,1.1495553194198074
UBFC_PHYS_s14_T1_ctrl,123,81,125.7,-0.5793373584747314,0.9826059087329841
UBFC_PHYS_s14_T1_ctrl,123,82,125.73333333333333,0.2261197715997696,0.7298127384461596
UBFC_PHYS_s14_T1_ctrl,123,83,125.76666666666667,0.765090823173523,0.40388711124460697
UBFC_PHYS_s14_T1_ctrl,123,84,125.8,0.9630542993545532,0.019687813579229663
UBFC_PHYS_s14_T1_ctrl,123,85,125.83333333333333,0.8901382088661194,-0.39731407803895014
UBFC_PHYS_s14_T1_ctrl,123,86,125.86666666666666,0.6938645243644714,-0.805875813324812
UBFC_PHYS_s14_T1_ctrl,123,87,125.9,0.5393296480178833,-1.1506344899453114
UBFC_PHYS_s14_T1_ctrl,123,88,125.93333333333334,0.4966614544391632,-1.371444507026758
UBFC_PHYS_s14_T1_ctrl,123,89,125.96666666666667,0.49271851778030396,-1.4184161269274058
UBFC_PHYS_s14_T1_ctrl,123,90,126.0,0.40473473072052,-1.2681274350296656
UBFC_PHYS_s14_T1_ctrl,123,91,126.03333333333333,0.20767246186733246,-0.9349477595002942
UBFC_PHYS_s14_T1_ctrl,123,92,126.06666666666666,-0.01628624089062214,-0.4718122814435885
UBFC_PHYS_s14_T1_ctrl,123,93,126.1,-0.25345379114151,0.041873580291083706
UBFC_PHYS_s14_T1_ctrl,123,94,126.13333333333334,-0.5960948467254639,0.5217552970883151
UBFC_PHYS_s14_T1_ctrl,123,95,126.16666666666667,-1.0794986486434937,0.9009720587408918
UBFC_PHYS_s14_T1_ctrl,123,96,126.2,-1.5544533729553223,1.1440646878795675
UBFC_PHYS_s14_T1_ctrl,123,97,126.23333333333333,-1.752304196357727,1.2471192469521506
UBFC_PHYS_s14_T1_ctrl,123,98,126.26666666666667,-1.4536268711090088,1.2263145911997217
UBFC_PHYS_s14_T1_ctrl,123,99,126.3,-0.7070039510726929,1.1028143597741655
UBFC_PHYS_s14_T1_ctrl,123,100,126.33333333333333,0.15351343154907227,0.8923716481060047
UBFC_PHYS_s14_T1_ctrl,123,101,126.36666666666666,0.799450695514679,0.6039234891148987
UBFC_PHYS_s14_T1_ctrl,123,102,126.4,1.113533616065979,0.24611458476734233
UBFC_PHYS_s14_T1_ctrl,123,103,126.43333333333334,1.1266860961914062,-0.16306667423046337
UBFC_PHYS_s14_T1_ctrl,123,104,126.46666666666667,0.9310601949691772,-0.5891768389150492
UBFC_PHYS_s14_T1_ctrl,123,105,126.5,0.6780645847320557,-0.9807832520570579
UBFC_PHYS_s14_T1_ctrl,123,106,126.53333333333333,0.49333810806274414,-1.2768914066079335
UBFC_PHYS_s14_T1_ctrl,123,107,126.56666666666666,0.3598979115486145,-1.420830712985567
UBFC_PHYS_s14_T1_ctrl,123,108,126.6,0.1938440352678299,-1.3765443251382714
UBFC_PHYS_s14_T1_ctrl,123,109,126.63333333333334,-0.026453379541635513,-1.1415969049588937
UBFC_PHYS_s14_T1_ctrl,123,110,126.66666666666667,-0.2603539228439331,-0.7512818853793
UBFC_PHYS_s14_T1_ctrl,123,111,126.7,-0.5121666193008423,-0.27090233558186844
UBFC_PHYS_s14_T1_ctrl,123,112,126.73333333333333,-0.8674250841140747,0.22170391134839426
UBFC_PHYS_s14_T1_ctrl,123,113,126.76666666666667,-1.3755567073822021,0.6566190028289696
UBFC_PHYS_s14_T1_ctrl,123,114,126.8,-1.8925037384033203,0.986994066215438
UBFC_PHYS_s14_T1_ctrl,123,115,126.83333333333333,-2.0929737091064453,1.1933351579742384
UBFC_PHYS_s14_T1_ctrl,123,116,126.86666666666666,-1.7142548561096191,1.2770342090008446
UBFC_PHYS_s14_T1_ctrl,123,117,126.9,-0.8486116528511047,1.2484939441134364
UBFC_PHYS_s14_T1_ctrl,123,118,126.93333333333334,0.11019748449325562,1.116988649714357
UBFC_PHYS_s14_T1_ctrl,123,119,126.96666666666667,0.8338668942451477,0.8873232630072416
UBFC_PHYS_s14_T1_ctrl,123,120,127.0,1.2412002086639404,0.5640536651607765
UBFC_PHYS_s14_T1_ctrl,123,121,127.03333333333333,1.3443361520767212,0.16004724974639561
UBFC_PHYS_s14_T1_ctrl,123,122,127.06666666666666,1.1954339742660522,-0.29557302523858114
UBFC_PHYS_s14_T1_ctrl,123,123,127.1,0.9420159459114075,-0.7544137685061425
UBFC_PHYS_s14_T1_ctrl,123,124,127.13333333333334,0.7597960233688354,-1.1529779670491627
UBFC_PHYS_s14_T1_ctrl,123,125,127.16666666666667,0.6673623323440552,-1.4238320016368329
UBFC_PHYS_s14_T1_ctrl,123,126,127.2,0.5342601537704468,-1.511437521180876
UBFC_PHYS_s14_T1_ctrl,123,127,127.23333333333333,0.2850666344165802,-1.3884913828840608
UBFC_PHYS_s14_T1_ctrl,123,128,127.26666666666667,-0.007273817900568247,-1.0673130890064806
UBFC_PHYS_s14_T1_ctrl,123,129,127.3,-0.2795616388320923,-0.6009678799674508
UBFC_PHYS_s14_T1_ctrl,123,130,127.33333333333333,-0.6129649877548218,-0.07143617927540882
UBFC_PHYS_s14_T1_ctrl,123,131,127.36666666666666,-1.1061416864395142,0.43254146011046146
UBFC_PHYS_s14_T1_ctrl,123,132,127.4,-1.6714739799499512,0.8393209887946578
UBFC_PHYS_s14_T1_ctrl,123,133,127.43333333333334,-2.0059194564819336,1.1094282377146754
UBFC_PHYS_s14_T1_ctrl,123,134,127.46666666666667,-1.8034778833389282,1.2362983272678636
UBFC_PHYS_s14_T1_ctrl,123,135,127.5,-1.048518419265747,1.235120281273421
UBFC_PHYS_s14_T1_ctrl,123,136,127.53333333333333,-0.07503597438335419,1.1276109160000072
UBFC_PHYS_s14_T1_ctrl,123,137,127.56666666666666,0.7314068675041199,0.9309001156021032
UBFC_PHYS_s14_T1_ctrl,123,138,127.6,1.2223585844039917,0.654889290744146
UBFC_PHYS_s14_T1_ctrl,123,139,127.63333333333334,1.393679141998291,0.30741568795331103
UBFC_PHYS_s14_T1_ctrl,123,140,127.66666666666667,1.3009074926376343,-0.0967950996201014
UBFC_PHYS_s14_T1_ctrl,123,141,127.7,1.0924952030181885,-0.5282861303906476
UBFC_PHYS_s14_T1_ctrl,123,142,127.73333333333333,0.9326373934745789,-0.9400826367239442
UBFC_PHYS_s14_T1_ctrl,123,143,127.76666666666667,0.8523423671722412,-1.2720465319272716
UBFC_PHYS_s14_T1_ctrl,123,144,127.8,0.7586694955825806,-1.4623237038497234
UBFC_PHYS_s14_T1_ctrl,123,145,127.83333333333333,0.5755482912063599,-1.4634993629629693
UBFC_PHYS_s14_T1_ctrl,123,146,127.86666666666666,0.30548542737960815,-1.258712983864584
UBFC_PHYS_s14_T1_ctrl,123,147,127.9,-0.0064852312207221985,-0.8715269336018863
UBFC_PHYS_s14_T1_ctrl,123,148,127.93333333333334,-0.35802605748176575,-0.36410826913579775
UBFC_PHYS_s14_T1_ctrl,123,149,127.96666666666667,-0.8030144572257996,0.17772316896315693
UBFC_PHYS_s14_T1_ctrl,123,150,128.0,-1.3636716604232788,0.6677599020666951
UBFC_PHYS_s14_T1_ctrl,123,151,128.03333333333333,-1.896305799484253,1.0415059060936982
UBFC_PHYS_s14_T1_ctrl,123,152,128.06666666666666,-2.0810322761535645,1.2680732072705663
UBFC_PHYS_s14_T1_ctrl,123,153,128.1,-1.6739243268966675,1.3481876915516033
UBFC_PHYS_s14_T1_ctrl,123,154,128.13333333333333,-0.7781457901000977,1.3017341188697267
UBFC_PHYS_s14_T1_ctrl,123,155,128.16666666666666,0.22913329303264618,1.1528438145967361
UBFC_PHYS_s14_T1_ctrl,123,156,128.2,1.0159460306167603,0.9199995652862244
UBFC_PHYS_s14_T1_ctrl,123,157,128.23333333333332,1.458089828491211,0.6144823974379723
UBFC_PHYS_s14_T1_ctrl,123,158,128.26666666666668,1.557986855506897,0.24592739993212398
UBFC_PHYS_s14_T1_ctrl,123,159,128.3,1.4089157581329346,-0.16908226634542348
UBFC_PHYS_s14_T1_ctrl,123,160,128.33333333333334,1.1893787384033203,-0.5999615044728969
UBFC_PHYS_s14_T1_ctrl,123,161,128.36666666666667,1.0436592102050781,-1.0000781664790483
UBFC_PHYS_s14_T1_ctrl,123,162,128.4,0.9786007404327393,-1.3114733408958996
UBFC_PHYS_s14_T1_ctrl,123,163,128.43333333333334,0.9114018678665161,-1.4761105727309556
UBFC_PHYS_s14_T1_ctrl,123,164,128.46666666666667,0.7877345085144043,-1.4512050222219028
UBFC_PHYS_s14_T1_ctrl,123,165,128.5,0.5863913893699646,-1.2241619813619284
UBFC_PHYS_s14_T1_ctrl,123,166,128.53333333333333,0.2665630280971527,-0.8215768739855626
UBFC_PHYS_s14_T1_ctrl,123,167,128.56666666666666,-0.15592247247695923,-0.3074917918182474
UBFC_PHYS_s14_T1_ctrl,123,168,128.6,-0.6199777722358704,0.23076241182738436
UBFC_PHYS_s14_T1_ctrl,123,169,128.63333333333333,-1.1470918655395508,0.7054991230032919
UBFC_PHYS_s14_T1_ctrl,123,170,128.66666666666666,-1.7355748414993286,1.0514118912330201
UBFC_PHYS_s14_T1_ctrl,123,171,128.7,-2.1027183532714844,1.2382350761835417
UBFC_PHYS_s14_T1_ctrl,123,172,128.73333333333332,-1.875126600265503,1.2690449251684481
UBFC_PHYS_s14_T1_ctrl,123,173,128.76666666666668,-1.0579814910888672,1.1677955528733612
UBFC_PHYS_s14_T1_ctrl,123,174,128.8,-0.062080614268779755,0.9641955327263976
UBFC_PHYS_s14_T1_ctrl,123,175,128.83333333333334,0.7550926804542542,0.6834403382794899
UBFC_PHYS_s14_T1_ctrl,123,176,128.86666666666667,1.2570000886917114,0.3441617191633649
UBFC_PHYS_s14_T1_ctrl,123,177,128.9,1.4292782545089722,-0.036770953852427735
UBFC_PHYS_s14_T1_ctrl,123,178,128.93333333333334,1.345687985420227,-0.43673999281605824
UBFC_PHYS_s14_T1_ctrl,123,179,128.96666666666667,1.1648199558258057,-0.821682265404571
UBFC_PHYS_s14_T1_ctrl,123,180,129.0,1.024057149887085,-1.1455228928057983
UBFC_PHYS_s14_T1_ctrl,123,181,129.03333333333333,0.9484091401100159,-1.3561229047115917
UBFC_PHYS_s14_T1_ctrl,123,182,129.06666666666666,0.8786473274230957,-1.4069902346623506
UBFC_PHYS_s14_T1_ctrl,123,183,129.1,0.7590919137001038,-1.2717587927082454
UBFC_PHYS_s14_T1_ctrl,123,184,129.13333333333333,0.5618043541908264,-0.9564261832764462
UBFC_PHYS_s14_T1_ctrl,123,185,129.16666666666666,0.3016551434993744,-0.5037159983461343
UBFC_PHYS_s14_T1_ctrl,123,186,129.2,0.018946699798107147,0.014147323001577124
UBFC_PHYS_s14_T1_ctrl,123,187,129.23333333333332,-0.29139044880867004,0.5133252889929936
UBFC_PHYS_s14_T1_ctrl,123,188,129.26666666666668,-0.687739908695221,0.9203771694548323
UBFC_PHYS_s14_T1_ctrl,123,189,129.3,-1.1691722869873047,1.1891369962894707
UBFC_PHYS_s14_T1_ctrl,123,190,129.33333333333334,-1.5236421823501587,1.3058981609618288
UBFC_PHYS_s14_T1_ctrl,123,191,129.36666666666667,-1.4258291721343994,1.2826209591985958
UBFC_PHYS_s14_T1_ctrl,123,192,129.4,-0.8056899905204773,1.1436993023919355
UBFC_PHYS_s14_T1_ctrl,123,193,129.43333333333334,0.031338781118392944,0.9139742713508574
UBFC_PHYS_s14_T1_ctrl,123,194,129.46666666666667,0.7318012118339539,0.6133348374045386
UBFC_PHYS_s14_T1_ctrl,123,195,129.5,1.1406553983688354,0.25867747237156413
UBFC_PHYS_s14_T1_ctrl,123,196,129.53333333333333,1.2330608367919922,-0.1297221151267279
UBFC_PHYS_s14_T1_ctrl,123,197,129.56666666666666,1.0937626361846924,-0.5218550356154056
UBFC_PHYS_s14_T1_ctrl,123,198,129.6,0.8769575357437134,-0.8754729639935088
UBFC_PHYS_s14_T1_ctrl,123,199,129.63333333333333,0.7238590121269226,-1.139544720538236
UBFC_PHYS_s14_T1_ctrl,123,200,129.66666666666666,0.6814442873001099,-1.2638245941779729
UBFC_PHYS_s14_T1_ctrl,123,201,129.7,0.6805993318557739,-1.212487206959108
UBFC_PHYS_s14_T1_ctrl,123,202,129.73333333333332,0.616808295249939,-0.9775039678027602
UBFC_PHYS_s14_T1_ctrl,123,203,129.76666666666668,0.4517119824886322,-0.5862493428428088
UBFC_PHYS_s14_T1_ctrl,123,204,129.8,0.1998429298400879,-0.09897764124922523
UBFC_PHYS_s14_T1_ctrl,123,205,129.83333333333334,-0.1327718049287796,0.4045217724376035
UBFC_PHYS_s14_T1_ctrl,123,206,129.86666666666667,-0.5497653484344482,0.844892084268881
UBFC_PHYS_s14_T1_ctrl,123,207,129.9,-1.0433645248413086,1.1621411874647412
UBFC_PHYS_s14_T1_ctrl,123,208,129.93333333333334,-1.4884936809539795,1.3261316369805964
UBFC_PHYS_s14_T1_ctrl,123,209,129.96666666666667,-1.5848703384399414,1.335379591307218
UBFC_PHYS_s14_T1_ctrl,123,210,130.0,-1.123715877532959,1.2069191805917938
UBFC_PHYS_s14_T1_ctrl,123,211,130.03333333333333,-0.2691410183906555,0.9641135276484366
UBFC_PHYS_s14_T1_ctrl,123,212,130.06666666666666,0.5773226022720337,0.6289513737548901
UBFC_PHYS_s14_T1_ctrl,123,213,130.1,1.1404863595962524,0.22152324655453268
UBFC_PHYS_s14_T1_ctrl,123,214,130.13333333333333,1.3376331329345703,-0.23509953907870532
UBFC_PHYS_s14_T1_ctrl,123,215,130.16666666666666,1.2710539102554321,-0.7089273179353315
UBFC_PHYS_s14_T1_ctrl,123,216,130.2,1.1376136541366577,-1.1561353515252595
UBFC_PHYS_s14_T1_ctrl,123,217,130.23333333333332,1.0382798910140991,-1.523426321541997
UBFC_PHYS_s14_T1_ctrl,123,218,130.26666666666668,0.9292577505111694,-1.75612692328399
UBFC_PHYS_s14_T1_ctrl,123,219,130.3,0.7502202987670898,-1.8106705562569572
UBFC_PHYS_s14_T1_ctrl,123,220,130.33333333333334,0.5013366341590881,-1.6680044816968091
UBFC_PHYS_s14_T1_ctrl,123,221,130.36666666666667,0.2106296718120575,-1.3428822099409223
UBFC_PHYS_s14_T1_ctrl,123,222,130.4,-0.08278102427721024,-0.8842822777474045
UBFC_PHYS_s14_T1_ctrl,123,223,130.43333333333334,-0.384556382894516,-0.3651222846471602
UBFC_PHYS_s14_T1_ctrl,123,224,130.46666666666667,-0.7673026919364929,0.13575449882691598
UBFC_PHYS_s14_T1_ctrl,123,225,130.5,-1.2686187028884888,0.5524692001970433
UBFC_PHYS_s14_T1_ctrl,123,226,130.53333333333333,-1.779792070388794,0.8447060725413905
UBFC_PHYS_s14_T1_ctrl,123,227,130.56666666666666,-2.0363364219665527,1.0002648787987092
UBFC_PHYS_s14_T1_ctrl,123,228,130.6,-1.7781022787094116,1.0289644808255924
UBFC_PHYS_s14_T1_ctrl,123,229,130.63333333333333,-1.032718539237976,0.9530414353135782
UBFC_PHYS_s14_T1_ctrl,123,230,130.66666666666666,-0.14938846230506897,0.7993636160322118
UBFC_PHYS_s14_T1_ctrl,123,231,130.7,0.563156247138977,0.5959693513976099
UBFC_PHYS_s14_T1_ctrl,123,232,130.73333333333332,1.0263384580612183,0.37191685148662207
UBFC_PHYS_s14_T1_ctrl,123,233,130.76666666666668,1.2227247953414917,0.1575176624587172
UBFC_PHYS_s14_T1_ctrl,123,234,130.8,1.1588211059570312,-0.017317503492373036
UBFC_PHYS_s14_T1_ctrl,123,235,130.83333333333334,0.9697009921073914,-0.12697982222355406
UBFC_PHYS_s14_T1_ctrl,123,236,130.86666666666667,0.8189400434494019,-0.1552522460500701
UBFC_PHYS_s14_T1_ctrl,123,237,130.9,0.7353498339653015,-0.09989425210124382
UBFC_PHYS_s14_T1_ctrl,123,238,130.93333333333334,0.6469998955726624,0.025149978792696873
UBFC_PHYS_s14_T1_ctrl,123,239,130.96666666666667,0.50826495885849,0.19134882100083414
UBFC_PHYS_s14_T1_ctrl,124,0,124.0,0.7511497139930725,0.08590412295019569
UBFC_PHYS_s14_T1_ctrl,124,1,124.03333333333333,0.78322833776474,-0.28245343435048853
UBFC_PHYS_s14_T1_ctrl,124,2,124.06666666666666,0.7596270442008972,-0.57388057476839
UBFC_PHYS_s14_T1_ctrl,124,3,124.1,0.5700000524520874,-0.7242736206869014
UBFC_PHYS_s14_T1_ctrl,124,4,124.13333333333334,0.23882165551185608,-0.695053046064533
UBFC_PHYS_s14_T1_ctrl,124,5,124.16666666666667,-0.13981276750564575,-0.48243287056256
UBFC_PHYS_s14_T1_ctrl,124,6,124.2,-0.5082800388336182,-0.1204469404732932
UBFC_PHYS_s14_T1_ctrl,124,7,124.23333333333333,-0.8944060206413269,0.32489154981401736
UBFC_PHYS_s14_T1_ctrl,124,8,124.26666666666667,-1.362178921699524,0.7704189391622136
UBFC_PHYS_s14_T1_ctrl,124,9,124.3,-1.8345425128936768,1.1361052379426355
UBFC_PHYS_s14_T1_ctrl,124,10,124.33333333333333,-2.0093271732330322,1.3640757305115114
UBFC_PHYS_s14_T1_ctrl,124,11,124.36666666666666,-1.6284396648406982,1.4294274377204768
UBFC_PHYS_s14_T1_ctrl,124,12,124.4,-0.8023948073387146,1.3396371388989265
UBFC_PHYS_s14_T1_ctrl,124,13,124.43333333333334,0.08949707448482513,1.1246758552687672
UBFC_PHYS_s14_T1_ctrl,124,14,124.46666666666667,0.7423344254493713,0.8234895227482433
UBFC_PHYS_s14_T1_ctrl,124,15,124.5,1.0405329465866089,0.4727130585748369
UBFC_PHYS_s14_T1_ctrl,124,16,124.53333333333333,1.0273804664611816,0.10091361804715279
UBFC_PHYS_s14_T1_ctrl,124,17,124.56666666666666,0.9009812474250793,-0.27143188932271717
UBFC_PHYS_s14_T1_ctrl,124,18,124.6,0.8188273906707764,-0.6277859671854102
UBFC_PHYS_s14_T1_ctrl,124,19,124.63333333333334,0.7901002764701843,-0.949626219832867
UBFC_PHYS_s14_T1_ctrl,124,20,124.66666666666667,0.762274444103241,-1.2118753196586276
UBFC_PHYS_s14_T1_ctrl,124,21,124.7,0.7220001816749573,-1.3827211295865125
UBFC_PHYS_s14_T1_ctrl,124,22,124.73333333333333,0.6440427303314209,-1.42915531087861
UBFC_PHYS_s14_T1_ctrl,124,23,124.76666666666667,0.45275405049324036,-1.3269348901532134
UBFC_PHYS_s14_T1_ctrl,124,24,124.8,0.1357983946800232,-1.0714635173341607
UBFC_PHYS_s14_T1_ctrl,124,25,124.83333333333333,-0.22810634970664978,-0.6851647740647269
UBFC_PHYS_s14_T1_ctrl,124,26,124.86666666666666,-0.596939742565155,-0.2176388330571276
UBFC_PHYS_s14_T1_ctrl,124,27,124.9,-0.9986684918403625,0.2628138894425825
UBFC_PHYS_s14_T1_ctrl,124,28,124.93333333333334,-1.4523595571517944,0.684433658616974
UBFC_PHYS_s14_T1_ctrl,124,29,124.96666666666667,-1.8338665962219238,0.9889428098929567
UBFC_PHYS_s14_T1_ctrl,124,30,125.0,-1.8583691120147705,1.143610982760221
UBFC_PHYS_s14_T1_ctrl,124,31,125.03333333333333,-1.3402111530303955,1.1438654840912323
UBFC_PHYS_s14_T1_ctrl,124,32,125.06666666666666,-0.4789896607398987,1.0070900113769452
UBFC_PHYS_s14_T1_ctrl,124,33,125.1,0.3708536624908447,0.7626805435722959
UBFC_PHYS_s14_T1_ctrl,124,34,125.13333333333334,0.9491132497787476,0.4436453916347579
UBFC_PHYS_s14_T1_ctrl,124,35,125.16666666666667,1.183323621749878,0.08234943257292758
UBFC_PHYS_s14_T1_ctrl,124,36,125.2,1.1516392230987549,-0.28965724184673736
UBFC_PHYS_s14_T1_ctrl,124,37,125.23333333333333,0.9782909750938416,-0.6394798150929393
UBFC_PHYS_s14_T1_ctrl,124,38,125.26666666666667,0.7809752225875854,-0.9310199208254029
UBFC_PHYS_s14_T1_ctrl,124,39,125.3,0.6552519202232361,-1.125967069843866
UBFC_PHYS_s14_T1_ctrl,124,40,125.33333333333333,0.5972344279289246,-1.1890141862576473
UBFC_PHYS_s14_T1_ctrl,124,41,125.36666666666666,0.5322323441505432,-1.096687051746263
UBFC_PHYS_s14_T1_ctrl,124,42,125.4,0.41140955686569214,-0.8470399210696803
UBFC_PHYS_s14_T1_ctrl,124,43,125.43333333333334,0.21578365564346313,-0.46604525520504136
UBFC_PHYS_s14_T1_ctrl,124,44,125.46666666666667,-0.06405208259820938,-0.006689038131753524
UBFC_PHYS_s14_T1_ctrl,124,45,125.5,-0.40469351410865784,0.4607889857418156
UBFC_PHYS_s14_T1_ctrl,124,46,125.53333333333333,-0.788031280040741,0.8649658482614906
UBFC_PHYS_s14_T1_ctrl,124,47,125.56666666666666,-1.2273024320602417,1.1496181231734997
UBFC_PHYS_s14_T1_ctrl,124,48,125.6,-1.6379308700561523,1.2839843415196224
UBFC_PHYS_s14_T1_ctrl,124,49,125.63333333333334,-1.7549797296524048,1.2636500050660502
UBFC_PHYS_s14_T1_ctrl,124,50,125.66666666666667,-1.362122654914856,1.1039158286512034
UBFC_PHYS_s14_T1_ctrl,124,51,125.7,-0.5793373584747314,0.8309614305193949
UBFC_PHYS_s14_T1_ctrl,124,52,125.73333333333333,0.2261197715997696,0.4755208198347171
UBFC_PHYS_s14_T1_ctrl,124,53,125.76666666666667,0.765090823173523,0.07068414928750963
UBFC_PHYS_s14_T1_ctrl,124,54,125.8,0.9630542993545532,-0.3473219772458523
UBFC_PHYS_s14_T1_ctrl,124,55,125.83333333333333,0.8901382088661194,-0.737825846085562
UBFC_PHYS_s14_T1_ctrl,124,56,125.86666666666666,0.6938645243644714,-1.0563165615442174
UBFC_PHYS_s14_T1_ctrl,124,57,125.9,0.5393296480178833,-1.258535436135771
UBFC_PHYS_s14_T1_ctrl,124,58,125.93333333333334,0.4966614544391632,-1.3082609330526096
UBFC_PHYS_s14_T1_ctrl,124,59,125.96666666666667,0.49271851778030396,-1.1872150595062307
UBFC_PHYS_s14_T1_ctrl,124,60,126.0,0.40473473072052,-0.903666043277558
UBFC_PHYS_s14_T1_ctrl,124,61,126.03333333333333,0.20767246186733246,-0.49546210311197647
UBFC_PHYS_s14_T1_ctrl,124,62,126.06666666666666,-0.01628624089062214,-0.024459234668939428
UBFC_PHYS_s14_T1_ctrl,124,63,126.1,-0.25345379114151,0.4372507069052597
UBFC_PHYS_s14_T1_ctrl,124,64,126.13333333333334,-0.5960948467254639,0.8245967841568065
UBFC_PHYS_s14_T1_ctrl,124,65,126.16666666666667,-1.0794986486434937,1.093266172401502
UBFC_PHYS_s14_T1_ctrl,124,66,126.2,-1.5544533729553223,1.2246641381189958
UBFC_PHYS_s14_T1_ctrl,124,67,126.23333333333333,-1.752304196357727,1.2215998537574808
UBFC_PHYS_s14_T1_ctrl,124,68,126.26666666666667,-1.4536268711090088,1.099013520295556
UBFC_PHYS_s14_T1_ctrl,124,69,126.3,-0.7070039510726929,0.8758144306377663
UBFC_PHYS_s14_T1_ctrl,124,70,126.33333333333333,0.15351343154907227,0.5715528833708013
UBFC_PHYS_s14_T1_ctrl,124,71,126.36666666666666,0.799450695514679,0.20767899057122988
UBFC_PHYS_s14_T1_ctrl,124,72,126.4,1.113533616065979,-0.18931202342572995
UBFC_PHYS_s14_T1_ctrl,124,73,126.43333333333334,1.1266860961914062,-0.5857087964506591
UBFC_PHYS_s14_T1_ctrl,124,74,126.46666666666667,0.9310601949691772,-0.9410358225605576
UBFC_PHYS_s14_T1_ctrl,124,75,126.5,0.6780645847320557,-1.2114931494392118
UBFC_PHYS_s14_T1_ctrl,124,76,126.53333333333333,0.49333810806274414,-1.3561266993373182
UBFC_PHYS_s14_T1_ctrl,124,77,126.56666666666666,0.3598979115486145,-1.345049345504211
UBFC_PHYS_s14_T1_ctrl,124,78,126.6,0.1938440352678299,-1.1681282036408382
UBFC_PHYS_s14_T1_ctrl,124,79,126.63333333333334,-0.026453379541635513,-0.8413408486189056
UBFC_PHYS_s14_T1_ctrl,124,80,126.66666666666667,-0.2603539228439331,-0.40741993628619994
UBFC_PHYS_s14_T1_ctrl,124,81,126.7,-0.5121666193008423,0.07131947024581263
UBFC_PHYS_s14_T1_ctrl,124,82,126.73333333333333,-0.8674250841140747,0.5267366041778777
UBFC_PHYS_s14_T1_ctrl,124,83,126.76666666666667,-1.3755567073822021,0.90036417879533
UBFC_PHYS_s14_T1_ctrl,124,84,126.8,-1.8925037384033203,1.1543789891948109
UBFC_PHYS_s14_T1_ctrl,124,85,126.83333333333333,-2.0929737091064453,1.2739499447450746
UBFC_PHYS_s14_T1_ctrl,124,86,126.86666666666666,-1.7142548561096191,1.2618128490965883
UBFC_PHYS_s14_T1_ctrl,124,87,126.9,-0.8486116528511047,1.1300741939634529
UBFC_PHYS_s14_T1_ctrl,124,88,126.93333333333334,0.11019748449325562,0.8945477304889357
UBFC_PHYS_s14_T1_ctrl,124,89,126.96666666666667,0.8338668942451477,0.5738448336437377
UBFC_PHYS_s14_T1_ctrl,124,90,127.0,1.2412002086639404,0.19165274313474212
UBFC_PHYS_s14_T1_ctrl,124,91,127.03333333333333,1.3443361520767212,-0.2210793081289012
UBFC_PHYS_s14_T1_ctrl,124,92,127.06666666666666,1.1954339742660522,-0.6260794876920094
UBFC_PHYS_s14_T1_ctrl,124,93,127.1,0.9420159459114075,-0.9798505286026417
UBFC_PHYS_s14_T1_ctrl,124,94,127.13333333333334,0.7597960233688354,-1.2375140143041994
UBFC_PHYS_s14_T1_ctrl,124,95,127.16666666666667,0.6673623323440552,-1.3585685045539349
UBFC_PHYS_s14_T1_ctrl,124,96,127.2,0.5342601537704468,-1.3146893038854894
UBFC_PHYS_s14_T1_ctrl,124,97,127.23333333333333,0.2850666344165802,-1.0985334561536937
UBFC_PHYS_s14_T1_ctrl,124,98,127.26666666666667,-0.007273817900568247,-0.730768925908259
UBFC_PHYS_s14_T1_ctrl,124,99,127.3,-0.2795616388320923,-0.26130299007508473
UBFC_PHYS_s14_T1_ctrl,124,100,127.33333333333333,-0.6129649877548218,0.23864688232744366
UBFC_PHYS_s14_T1_ctrl,124,101,127.36666666666666,-1.1061416864395142,0.693120379155974
UBFC_PHYS_s14_T1_ctrl,124,102,127.4,-1.6714739799499512,1.040285039316338
UBFC_PHYS_s14_T1_ctrl,124,103,127.43333333333334,-2.0059194564819336,1.2447854591377319
UBFC_PHYS_s14_T1_ctrl,124,104,127.46666666666667,-1.8034778833389282,1.2989301930556134
UBFC_PHYS_s14_T1_ctrl,124,105,127.5,-1.048518419265747,1.2150929167266054
UBFC_PHYS_s14_T1_ctrl,124,106,127.53333333333333,-0.07503597438335419,1.015706233889938
UBFC_PHYS_s14_T1_ctrl,124,107,127.56666666666666,0.7314068675041199,0.7262854590151772
UBFC_PHYS_s14_T1_ctrl,124,108,127.6,1.2223585844039917,0.37286620395843056
UBFC_PHYS_s14_T1_ctrl,124,109,127.63333333333334,1.393679141998291,-0.017956667639140115
UBFC_PHYS_s14_T1_ctrl,124,110,127.66666666666667,1.3009074926376343,-0.41809947332971087
UBFC_PHYS_s14_T1_ctrl,124,111,127.7,1.0924952030181885,-0.796507617139206
UBFC_PHYS_s14_T1_ctrl,124,112,127.73333333333333,0.9326373934745789,-1.117610664158509
UBFC_PHYS_s14_T1_ctrl,124,113,127.76666666666667,0.8523423671722412,-1.3414748708150424
UBFC_PHYS_s14_T1_ctrl,124,114,127.8,0.7586694955825806,-1.4279048462335824
UBFC_PHYS_s14_T1_ctrl,124,115,127.83333333333333,0.5755482912063599,-1.3454522338440034
UBFC_PHYS_s14_T1_ctrl,124,116,127.86666666666666,0.30548542737960815,-1.0834687153471463
UBFC_PHYS_s14_T1_ctrl,124,117,127.9,-0.0064852312207221985,-0.6624104378108535
UBFC_PHYS_s14_T1_ctrl,124,118,127.93333333333334,-0.35802605748176575,-0.1365055235793522
UBFC_PHYS_s14_T1_ctrl,124,119,127.96666666666667,-0.8030144572257996,0.4148027777291179
UBFC_PHYS_s14_T1_ctrl,124,120,128.0,-1.3636716604232788,0.9049365803075342
UBFC_PHYS_s14_T1_ctrl,124,121,128.03333333333333,-1.896305799484253,1.26111131726761
UBFC_PHYS_s14_T1_ctrl,124,122,128.06666666666666,-2.0810322761535645,1.4401288023077283
UBFC_PHYS_s14_T1_ctrl,124,123,128.1,-1.6739243268966675,1.4339229168660548
UBFC_PHYS_s14_T1_ctrl,124,124,128.13333333333333,-0.7781457901000977,1.2648077451501818
UBFC_PHYS_s14_T1_ctrl,124,125,128.16666666666666,0.22913329303264618,0.9743685083964454
UBFC_PHYS_s14_T1_ctrl,124,126,128.2,1.0159460306167603,0.6107941870431195
UBFC_PHYS_s14_T1_ctrl,124,127,128.23333333333332,1.458089828491211,0.21827571880125005
UBFC_PHYS_s14_T1_ctrl,124,128,128.26666666666668,1.557986855506897,-0.16919818645232357
UBFC_PHYS_s14_T1_ctrl,124,129,128.3,1.4089157581329346,-0.5285312679365355
UBFC_PHYS_s14_T1_ctrl,124,130,128.33333333333334,1.1893787384033203,-0.8432316927507909
UBFC_PHYS_s14_T1_ctrl,124,131,128.36666666666667,1.0436592102050781,-1.0965910519468733
UBFC_PHYS_s14_T1_ctrl,124,132,128.4,0.9786007404327393,-1.2661796090728783
UBFC_PHYS_s14_T1_ctrl,124,133,128.43333333333334,0.9114018678665161,-1.3234499423422235
UBFC_PHYS_s14_T1_ctrl,124,134,128.46666666666667,0.7877345085144043,-1.240263357715668
UBFC_PHYS_s14_T1_ctrl,124,135,128.5,0.5863913893699646,-1.0008841797432741
UBFC_PHYS_s14_T1_ctrl,124,136,128.53333333333333,0.2665630280971527,-0.6147803964271661
UBFC_PHYS_s14_T1_ctrl,124,137,128.56666666666666,-0.15592247247695923,-0.12389660828325445
UBFC_PHYS_s14_T1_ctrl,124,138,128.6,-0.6199777722358704,0.4008627210775938
UBFC_PHYS_s14_T1_ctrl,124,139,128.63333333333333,-1.1470918655395508,0.8748559753938792
UBFC_PHYS_s14_T1_ctrl,124,140,128.66666666666666,-1.7355748414993286,1.2214302268741577
UBFC_PHYS_s14_T1_ctrl,124,141,128.7,-2.1027183532714844,1.3912176458929604
UBFC_PHYS_s14_T1_ctrl,124,142,128.73333333333332,-1.875126600265503,1.371683318007572
UBFC_PHYS_s14_T1_ctrl,124,143,128.76666666666668,-1.0579814910888672,1.1848037002166742
UBFC_PHYS_s14_T1_ctrl,124,144,128.8,-0.062080614268779755,0.8758047098179365
UBFC_PHYS_s14_T1_ctrl,124,145,128.83333333333334,0.7550926804542542,0.4984586794878653
UBFC_PHYS_s14_T1_ctrl,124,146,128.86666666666667,1.2570000886917114,0.10214426732425888
UBFC_PHYS_s14_T1_ctrl,124,147,128.9,1.4292782545089722,-0.27594870309146946
UBFC_PHYS_s14_T1_ctrl,124,148,128.93333333333334,1.345687985420227,-0.6120277089822282
UBFC_PHYS_s14_T1_ctrl,124,149,128.96666666666667,1.1648199558258057,-0.8909649005664726
UBFC_PHYS_s14_T1_ctrl,124,150,129.0,1.024057149887085,-1.0986591783950235
UBFC_PHYS_s14_T1_ctrl,124,151,129.03333333333333,0.9484091401100159,-1.2161020242701406
UBFC_PHYS_s14_T1_ctrl,124,152,129.06666666666666,0.8786473274230957,-1.2192543458125322
UBFC_PHYS_s14_T1_ctrl,124,153,129.1,0.7590919137001038,-1.0861758391346523
UBFC_PHYS_s14_T1_ctrl,124,154,129.13333333333333,0.5618043541908264,-0.8090533372465046
UBFC_PHYS_s14_T1_ctrl,124,155,129.16666666666666,0.3016551434993744,-0.4056083542359105
UBFC_PHYS_s14_T1_ctrl,124,156,129.2,0.018946699798107147,0.076440298909003
UBFC_PHYS_s14_T1_ctrl,124,157,129.23333333333332,-0.29139044880867004,0.5657285713031569
UBFC_PHYS_s14_T1_ctrl,124,158,129.26666666666668,-0.687739908695221,0.9833165044282995
UBFC_PHYS_s14_T1_ctrl,124,159,129.3,-1.1691722869873047,1.262586414587799
UBFC_PHYS_s14_T1_ctrl,124,160,129.33333333333334,-1.5236421823501587,1.365235639454641
UBFC_PHYS_s14_T1_ctrl,124,161,129.36666666666667,-1.4258291721343994,1.2876478163711704
UBFC_PHYS_s14_T1_ctrl,124,162,129.4,-0.8056899905204773,1.0566011553745587
UBFC_PHYS_s14_T1_ctrl,124,163,129.43333333333334,0.031338781118392944,0.7176828354562169
UBFC_PHYS_s14_T1_ctrl,124,164,129.46666666666667,0.7318012118339539,0.3216051454190923
UBFC_PHYS_s14_T1_ctrl,124,165,129.5,1.1406553983688354,-0.08684447417873555
UBFC_PHYS_s14_T1_ctrl,124,166,129.53333333333333,1.2330608367919922,-0.4740113360038918
UBFC_PHYS_s14_T1_ctrl,124,167,129.56666666666666,1.0937626361846924,-0.8158658492042666
UBFC_PHYS_s14_T1_ctrl,124,168,129.6,0.8769575357437134,-1.0918409792497228
UBFC_PHYS_s14_T1_ctrl,124,169,129.63333333333333,0.7238590121269226,-1.2783756424697534
UBFC_PHYS_s14_T1_ctrl,124,170,129.66666666666666,0.6814442873001099,-1.3468715831115192
UBFC_PHYS_s14_T1_ctrl,124,171,129.7,0.6805993318557739,-1.2688149535511548
UBFC_PHYS_s14_T1_ctrl,124,172,129.73333333333332,0.616808295249939,-1.027238863455757
UBFC_PHYS_s14_T1_ctrl,124,173,129.76666666666668,0.4517119824886322,-0.6300018135152404
UBFC_PHYS_s14_T1_ctrl,124,174,129.8,0.1998429298400879,-0.11828371765084762
UBFC_PHYS_s14_T1_ctrl,124,175,129.83333333333334,-0.1327718049287796,0.4354034950645264
UBFC_PHYS_s14_T1_ctrl,124,176,129.86666666666667,-0.5497653484344482,0.9413625592149002
UBFC_PHYS_s14_T1_ctrl,124,177,129.9,-1.0433645248413086,1.314998714003246
UBFC_PHYS_s14_T1_ctrl,124,178,129.93333333333334,-1.4884936809539795,1.4986674879705233
UBFC_PHYS_s14_T1_ctrl,124,179,129.96666666666667,-1.5848703384399414,1.4742805776392203
UBFC_PHYS_s14_T1_ctrl,124,180,130.0,-1.123715877532959,1.2627698229169284
UBFC_PHYS_s14_T1_ctrl,124,181,130.03333333333333,-0.2691410183906555,0.9127880290654873
UBFC_PHYS_s14_T1_ctrl,124,182,130.06666666666666,0.5773226022720337,0.4845201753446863
UBFC_PHYS_s14_T1_ctrl,124,183,130.1,1.1404863595962524,0.03477984311398717
UBFC_PHYS_s14_T1_ctrl,124,184,130.13333333333333,1.3376331329345703,-0.39196447369885834
UBFC_PHYS_s14_T1_ctrl,124,185,130.16666666666666,1.2710539102554321,-0.7647791263946178
UBFC_PHYS_s14_T1_ctrl,124,186,130.2,1.1376136541366577,-1.0613001229076597
UBFC_PHYS_s14_T1_ctrl,124,187,130.23333333333332,1.0382798910140991,-1.2609094224583728
UBFC_PHYS_s14_T1_ctrl,124,188,130.26666666666668,0.9292577505111694,-1.3408706087014728
UBFC_PHYS_s14_T1_ctrl,124,189,130.3,0.7502202987670898,-1.278577518278817
UBFC_PHYS_s14_T1_ctrl,124,190,130.33333333333334,0.5013366341590881,-1.0600413681139687
UBFC_PHYS_s14_T1_ctrl,124,191,130.36666666666667,0.2106296718120575,-0.6913943869204624
UBFC_PHYS_s14_T1_ctrl,124,192,130.4,-0.08278102427721024,-0.2077632439199883
UBFC_PHYS_s14_T1_ctrl,124,193,130.43333333333334,-0.384556382894516,0.3262922768875583
UBFC_PHYS_s14_T1_ctrl,124,194,130.46666666666667,-0.7673026919364929,0.8277348411114763
UBFC_PHYS_s14_T1_ctrl,124,195,130.5,-1.2686187028884888,1.2150298296064699
UBFC_PHYS_s14_T1_ctrl,124,196,130.53333333333333,-1.779792070388794,1.429359722034669
UBFC_PHYS_s14_T1_ctrl,124,197,130.56666666666666,-2.0363364219665527,1.4479265723415646
UBFC_PHYS_s14_T1_ctrl,124,198,130.6,-1.7781022787094116,1.284721008863388
UBFC_PHYS_s14_T1_ctrl,124,199,130.63333333333333,-1.032718539237976,0.9806874268248821
UBFC_PHYS_s14_T1_ctrl,124,200,130.66666666666666,-0.14938846230506897,0.5889967455763119
UBFC_PHYS_s14_T1_ctrl,124,201,130.7,0.563156247138977,0.16140299728557458
UBFC_PHYS_s14_T1_ctrl,124,202,130.73333333333332,1.0263384580612183,-0.26010669671662867
UBFC_PHYS_s14_T1_ctrl,124,203,130.76666666666668,1.2227247953414917,-0.6448512827861788
UBFC_PHYS_s14_T1_ctrl,124,204,130.8,1.1588211059570312,-0.9694934458083349
UBFC_PHYS_s14_T1_ctrl,124,205,130.83333333333334,0.9697009921073914,-1.212024623232295
UBFC_PHYS_s14_T1_ctrl,124,206,130.86666666666667,0.8189400434494019,-1.3479064518047448
UBFC_PHYS_s14_T1_ctrl,124,207,130.9,0.7353498339653015,-1.3515653940754597
UBFC_PHYS_s14_T1_ctrl,124,208,130.93333333333334,0.6469998955726624,-1.2038673821304795
UBFC_PHYS_s14_T1_ctrl,124,209,130.96666666666667,0.50826495885849,-0.9030834195894799
UBFC_PHYS_s14_T1_ctrl,124,210,131.0,0.3257352113723755,-0.4744786500170477
UBFC_PHYS_s14_T1_ctrl,124,211,131.03333333333333,0.07057098299264908,0.027038854113834068
UBFC_PHYS_s14_T1_ctrl,124,212,131.06666666666666,-0.32377883791923523,0.5250503964971506
UBFC_PHYS_s14_T1_ctrl,124,213,131.1,-0.8799579739570618,0.9396644018356699
UBFC_PHYS_s14_T1_ctrl,124,214,131.13333333333333,-1.4895356893539429,1.2084874855113206
UBFC_PHYS_s14_T1_ctrl,124,215,131.16666666666666,-1.8870962858200073,1.301071676696487
UBFC_PHYS_s14_T1_ctrl,124,216,131.2,-1.7959299087524414,1.2214498206792066
UBFC_PHYS_s14_T1_ctrl,124,217,131.23333333333332,-1.1840990781784058,1.0001419471659148
UBFC_PHYS_s14_T1_ctrl,124,218,131.26666666666668,-0.32237064838409424,0.6811162160677016
UBFC_PHYS_s14_T1_ctrl,124,219,131.3,0.4478253722190857,0.3095054056421229
UBFC_PHYS_s14_T1_ctrl,124,220,131.33333333333334,0.9394248723983765,-0.07605900932094412
UBFC_PHYS_s14_T1_ctrl,124,221,131.36666666666667,1.1187721490859985,-0.4452629816061794
UBFC_PHYS_s14_T1_ctrl,124,222,131.4,1.0635991096496582,-0.7731354809650861
UBFC_PHYS_s14_T1_ctrl,124,223,131.43333333333334,0.9135423302650452,-1.0350021791970752
UBFC_PHYS_s14_T1_ctrl,124,224,131.46666666666667,0.7758212089538574,-1.2029749242671988
UBFC_PHYS_s14_T1_ctrl,124,225,131.5,0.6696154475212097,-1.2471267040388299
UBFC_PHYS_s14_T1_ctrl,124,226,131.53333333333333,0.5693804025650024,-1.142425779200816
UBFC_PHYS_s14_T1_ctrl,124,227,131.56666666666666,0.44545960426330566,-0.8795795913236553
UBFC_PHYS_s14_T1_ctrl,124,228,131.6,0.2589024603366852,-0.4754257679362584
UBFC_PHYS_s14_T1_ctrl,124,229,131.63333333333333,-0.0021198387257754803,0.022575891106363873
UBFC_PHYS_s14_T1_ctrl,124,230,131.66666666666666,-0.29358723759651184,0.5420301981168629
UBFC_PHYS_s14_T1_ctrl,124,231,131.7,-0.6171895265579224,1.00174110540275
UBFC_PHYS_s14_T1_ctrl,124,232,131.73333333333332,-1.0518136024475098,1.3328945030953312
UBFC_PHYS_s14_T1_ctrl,124,233,131.76666666666668,-1.5356117486953735,1.496455049388976
UBFC_PHYS_s14_T1_ctrl,124,234,131.8,-1.7502200603485107,1.4896728182117365
UBFC_PHYS_s14_T1_ctrl,124,235,131.83333333333334,-1.446050763130188,1.340047983138193
UBFC_PHYS_s14_T1_ctrl,124,236,131.86666666666667,-0.7088064551353455,1.0906999859801512
UBFC_PHYS_s14_T1_ctrl,124,237,131.9,0.14416305720806122,0.7840733641747423
UBFC_PHYS_s14_T1_ctrl,124,238,131.93333333333334,0.8178698420524597,0.45038056329310217
UBFC_PHYS_s14_T1_ctrl,124,239,131.96666666666667,1.1728748083114624,0.10442022887428846
UBFC_PHYS_s14_T1_ctrl,125,0,125.0,-1.8583691120147705,-0.023107222126345396
UBFC_PHYS_s14_T1_ctrl,125,1,125.03333333333333,-1.3402111530303955,0.29125894750434583
UBFC_PHYS_s14_T1_ctrl,125,2,125.06666666666666,-0.4789896607398987,0.5523741050919189
UBFC_PHYS_s14_T1_ctrl,125,3,125.1,0.3708536624908447,0.7092328750242057
UBFC_PHYS_s14_T1_ctrl,125,4,125.13333333333334,0.9491132497787476,0.7170478409986802
UBFC_PHYS_s14_T1_ctrl,125,5,125.16666666666667,1.183323621749878,0.551090189397155
UBFC_PHYS_s14_T1_ctrl,125,6,125.2,1.1516392230987549,0.22201115905163518
UBFC_PHYS_s14_T1_ctrl,125,7,125.23333333333333,0.9782909750938416,-0.21749796875364466
UBFC_PHYS_s14_T1_ctrl,125,8,125.26666666666667,0.7809752225875854,-0.6806698138838619
UBFC_PHYS_s14_T1_ctrl,125,9,125.3,0.6552519202232361,-1.0673033033259811
UBFC_PHYS_s14_T1_ctrl,125,10,125.33333333333333,0.5972344279289246,-1.2898653314025081
UBFC_PHYS_s14_T1_ctrl,125,11,125.36666666666666,0.5322323441505432,-1.296842067468837
UBFC_PHYS_s14_T1_ctrl,125,12,125.4,0.41140955686569214,-1.0868657475785153
UBFC_PHYS_s14_T1_ctrl,125,13,125.43333333333334,0.21578365564346313,-0.7095682305341213
UBFC_PHYS_s14_T1_ctrl,125,14,125.46666666666667,-0.06405208259820938,-0.2515148961712369
UBFC_PHYS_s14_T1_ctrl,125,15,125.5,-0.40469351410865784,0.19044348990927815
UBFC_PHYS_s14_T1_ctrl,125,16,125.53333333333333,-0.788031280040741,0.5400438298413831
UBFC_PHYS_s14_T1_ctrl,125,17,125.56666666666666,-1.2273024320602417,0.764023272403992
UBFC_PHYS_s14_T1_ctrl,125,18,125.6,-1.6379308700561523,0.875135222645242
UBFC_PHYS_s14_T1_ctrl,125,19,125.63333333333334,-1.7549797296524048,0.9136193101277399
UBFC_PHYS_s14_T1_ctrl,125,20,125.66666666666667,-1.362122654914856,0.9170221815726421
UBFC_PHYS_s14_T1_ctrl,125,21,125.7,-0.5793373584747314,0.895480214894187
UBFC_PHYS_s14_T1_ctrl,125,22,125.73333333333333,0.2261197715997696,0.8262094435621022
UBFC_PHYS_s14_T1_ctrl,125,23,125.76666666666667,0.765090823173523,0.6695566307438292
UBFC_PHYS_s14_T1_ctrl,125,24,125.8,0.9630542993545532,0.3968994236264173
UBFC_PHYS_s14_T1_ctrl,125,25,125.83333333333333,0.8901382088661194,0.014931724822041706
UBFC_PHYS_s14_T1_ctrl,125,26,125.86666666666666,0.6938645243644714,-0.425773157004478
UBFC_PHYS_s14_T1_ctrl,125,27,125.9,0.5393296480178833,-0.8412694445679024
UBFC_PHYS_s14_T1_ctrl,125,28,125.93333333333334,0.4966614544391632,-1.1388817478717888
UBFC_PHYS_s14_T1_ctrl,125,29,125.96666666666667,0.49271851778030396,-1.2464371050054748
UBFC_PHYS_s14_T1_ctrl,125,30,126.0,0.40473473072052,-1.1360105972809091
UBFC_PHYS_s14_T1_ctrl,125,31,126.03333333333333,0.20767246186733246,-0.8342814574577823
UBFC_PHYS_s14_T1_ctrl,125,32,126.06666666666666,-0.01628624089062214,-0.4151976654388253
UBFC_PHYS_s14_T1_ctrl,125,33,126.1,-0.25345379114151,0.023966509146361753
UBFC_PHYS_s14_T1_ctrl,125,34,126.13333333333334,-0.5960948467254639,0.3952228627162637
UBFC_PHYS_s14_T1_ctrl,125,35,126.16666666666667,-1.0794986486434937,0.6480424153534278
UBFC_PHYS_s14_T1_ctrl,125,36,126.2,-1.5544533729553223,0.7802532528652213
UBFC_PHYS_s14_T1_ctrl,125,37,126.23333333333333,-1.752304196357727,0.8261762850240464
UBFC_PHYS_s14_T1_ctrl,125,38,126.26666666666667,-1.4536268711090088,0.8284378775782881
UBFC_PHYS_s14_T1_ctrl,125,39,126.3,-0.7070039510726929,0.8091699430444259
UBFC_PHYS_s14_T1_ctrl,125,40,126.33333333333333,0.15351343154907227,0.7565461285968901
UBFC_PHYS_s14_T1_ctrl,125,41,126.36666666666666,0.799450695514679,0.6337114719985014
UBFC_PHYS_s14_T1_ctrl,125,42,126.4,1.113533616065979,0.4043761884444076
UBFC_PHYS_s14_T1_ctrl,125,43,126.43333333333334,1.1266860961914062,0.060460265067036854
UBFC_PHYS_s14_T1_ctrl,125,44,126.46666666666667,0.9310601949691772,-0.3626623555168543
UBFC_PHYS_s14_T1_ctrl,125,45,126.5,0.6780645847320557,-0.7903144873217349
UBFC_PHYS_s14_T1_ctrl,125,46,126.53333333333333,0.49333810806274414,-1.1296949593187602
UBFC_PHYS_s14_T1_ctrl,125,47,126.56666666666666,0.3598979115486145,-1.29911795286331
UBFC_PHYS_s14_T1_ctrl,125,48,126.6,0.1938440352678299,-1.2545978297789089
UBFC_PHYS_s14_T1_ctrl,125,49,126.63333333333334,-0.026453379541635513,-1.0049324398061972
UBFC_PHYS_s14_T1_ctrl,125,50,126.66666666666667,-0.2603539228439331,-0.6099234421116287
UBFC_PHYS_s14_T1_ctrl,125,51,126.7,-0.5121666193008423,-0.16128763068824975
UBFC_PHYS_s14_T1_ctrl,125,52,126.73333333333333,-0.8674250841140747,0.24793667587484325
UBFC_PHYS_s14_T1_ctrl,125,53,126.76666666666667,-1.3755567073822021,0.5540393682189876
UBFC_PHYS_s14_T1_ctrl,125,54,126.8,-1.8925037384033203,0.7399861973680925
UBFC_PHYS_s14_T1_ctrl,125,55,126.83333333333333,-2.0929737091064453,0.8308757162144843
UBFC_PHYS_s14_T1_ctrl,125,56,126.86666666666666,-1.7142548561096191,0.8698190882175887
UBFC_PHYS_s14_T1_ctrl,125,57,126.9,-0.8486116528511047,0.8873493348349216
UBFC_PHYS_s14_T1_ctrl,125,58,126.93333333333334,0.11019748449325562,0.8811518071509885
UBFC_PHYS_s14_T1_ctrl,125,59,126.96666666666667,0.8338668942451477,0.8170908111879611
UBFC_PHYS_s14_T1_ctrl,125,60,127.0,1.2412002086639404,0.6503111040113579
UBFC_PHYS_s14_T1_ctrl,125,61,127.03333333333333,1.3443361520767212,0.35430156614607283
UBFC_PHYS_s14_T1_ctrl,125,62,127.06666666666666,1.1954339742660522,-0.05721590304742087
UBFC_PHYS_s14_T1_ctrl,125,63,127.1,0.9420159459114075,-0.5256543553901761
UBFC_PHYS_s14_T1_ctrl,125,64,127.13333333333334,0.7597960233688354,-0.9613320965499003
UBFC_PHYS_s14_T1_ctrl,125,65,127.16666666666667,0.6673623323440552,-1.269203121390786
UBFC_PHYS_s14_T1_ctrl,125,66,127.2,0.5342601537704468,-1.3771083178666823
UBFC_PHYS_s14_T1_ctrl,125,67,127.23333333333333,0.2850666344165802,-1.257851555713977
UBFC_PHYS_s14_T1_ctrl,125,68,127.26666666666667,-0.007273817900568247,-0.9385927224655937
UBFC_PHYS_s14_T1_ctrl,125,69,127.3,-0.2795616388320923,-0.4939198344138285
UBFC_PHYS_s14_T1_ctrl,125,70,127.33333333333333,-0.6129649877548218,-0.023017246933160127
UBFC_PHYS_s14_T1_ctrl,125,71,127.36666666666666,-1.1061416864395142,0.3826876975332346
UBFC_PHYS_s14_T1_ctrl,125,72,127.4,-1.6714739799499512,0.6687360319685755
UBFC_PHYS_s14_T1_ctrl,125,73,127.43333333333334,-2.0059194564819336,0.8298672738080126
UBFC_PHYS_s14_T1_ctrl,125,74,127.46666666666667,-1.8034778833389282,0.8989000382887934
UBFC_PHYS_s14_T1_ctrl,125,75,127.5,-1.048518419265747,0.9183761253888248
UBFC_PHYS_s14_T1_ctrl,125,76,127.53333333333333,-0.07503597438335419,0.9110212083369191
UBFC_PHYS_s14_T1_ctrl,125,77,127.56666666666666,0.7314068675041199,0.865799756081393
UBFC_PHYS_s14_T1_ctrl,125,78,127.6,1.2223585844039917,0.746598010853287
UBFC_PHYS_s14_T1_ctrl,125,79,127.63333333333334,1.393679141998291,0.5172201414144482
UBFC_PHYS_s14_T1_ctrl,125,80,127.66666666666667,1.3009074926376343,0.16817097957020544
UBFC_PHYS_s14_T1_ctrl,125,81,127.7,1.0924952030181885,-0.2685850025556428
UBFC_PHYS_s14_T1_ctrl,125,82,127.73333333333333,0.9326373934745789,-0.7228597438098457
UBFC_PHYS_s14_T1_ctrl,125,83,127.76666666666667,0.8523423671722412,-1.1045486052412996
UBFC_PHYS_s14_T1_ctrl,125,84,127.8,0.7586694955825806,-1.3293806920166038
UBFC_PHYS_s14_T1_ctrl,125,85,127.83333333333333,0.5755482912063599,-1.3438927678889432
UBFC_PHYS_s14_T1_ctrl,125,86,127.86666666666666,0.30548542737960815,-1.1424633100422883
UBFC_PHYS_s14_T1_ctrl,125,87,127.9,-0.0064852312207221985,-0.7708495266041786
UBFC_PHYS_s14_T1_ctrl,125,88,127.93333333333334,-0.35802605748176575,-0.3133467863609012
UBFC_PHYS_s14_T1_ctrl,125,89,127.96666666666667,-0.8030144572257996,0.1341209344463622
UBFC_PHYS_s14_T1_ctrl,125,90,128.0,-1.3636716604232788,0.4955329616638134
UBFC_PHYS_s14_T1_ctrl,125,91,128.03333333333333,-1.896305799484253,0.7370985468547256
UBFC_PHYS_s14_T1_ctrl,125,92,128.06666666666666,-2.0810322761535645,0.8694449081463218
UBFC_PHYS_s14_T1_ctrl,125,93,128.1,-1.6739243268966675,0.9286734236360398
UBFC_PHYS_s14_T1_ctrl,125,94,128.13333333333333,-0.7781457901000977,0.9472700131850035
UBFC_PHYS_s14_T1_ctrl,125,95,128.16666666666666,0.22913329303264618,0.9318164896744159
UBFC_PHYS_s14_T1_ctrl,125,96,128.2,1.0159460306167603,0.859654452598482
UBFC_PHYS_s14_T1_ctrl,125,97,128.23333333333332,1.458089828491211,0.6949668064116518
UBFC_PHYS_s14_T1_ctrl,125,98,128.26666666666668,1.557986855506897,0.4140443578379826
UBFC_PHYS_s14_T1_ctrl,125,99,128.3,1.4089157581329346,0.025742650060940845
UBFC_PHYS_s14_T1_ctrl,125,100,128.33333333333334,1.1893787384033203,-0.42242719145427815
UBFC_PHYS_s14_T1_ctrl,125,101,128.36666666666667,1.0436592102050781,-0.8539328461825995
UBFC_PHYS_s14_T1_ctrl,125,102,128.4,0.9786007404327393,-1.1835800100273135
UBFC_PHYS_s14_T1_ctrl,125,103,128.43333333333334,0.9114018678665161,-1.3410876875261437
UBFC_PHYS_s14_T1_ctrl,125,104,128.46666666666667,0.7877345085144043,-1.2908966313709294
UBFC_PHYS_s14_T1_ctrl,125,105,128.5,0.5863913893699646,-1.0429698288900102
UBFC_PHYS_s14_T1_ctrl,125,106,128.53333333333333,0.2665630280971527,-0.6511545525445683
UBFC_PHYS_s14_T1_ctrl,125,107,128.56666666666666,-0.15592247247695923,-0.1982343918828731
UBFC_PHYS_s14_T1_ctrl,125,108,128.6,-0.6199777722358704,0.22901128057026213
UBFC_PHYS_s14_T1_ctrl,125,109,128.63333333333333,-1.1470918655395508,0.5663453977565623
UBFC_PHYS_s14_T1_ctrl,125,110,128.66666666666666,-1.7355748414993286,0.7886342582983908
UBFC_PHYS_s14_T1_ctrl,125,111,128.7,-2.1027183532714844,0.9078184751435096
UBFC_PHYS_s14_T1_ctrl,125,112,128.73333333333332,-1.875126600265503,0.9535668515214943
UBFC_PHYS_s14_T1_ctrl,125,113,128.76666666666668,-1.0579814910888672,0.948250385682702
UBFC_PHYS_s14_T1_ctrl,125,114,128.8,-0.062080614268779755,0.8911215909718457
UBFC_PHYS_s14_T1_ctrl,125,115,128.83333333333334,0.7550926804542542,0.7606206963000167
UBFC_PHYS_s14_T1_ctrl,125,116,128.86666666666667,1.2570000886917114,0.5323067657616358
UBFC_PHYS_s14_T1_ctrl,125,117,128.9,1.4292782545089722,0.2008930635638637
UBFC_PHYS_s14_T1_ctrl,125,118,128.93333333333334,1.345687985420227,-0.20591284821499015
UBFC_PHYS_s14_T1_ctrl,125,119,128.96666666666667,1.1648199558258057,-0.6281229852951269
UBFC_PHYS_s14_T1_ctrl,125,120,129.0,1.024057149887085,-0.9876306413534918
UBFC_PHYS_s14_T1_ctrl,125,121,129.03333333333333,0.9484091401100159,-1.20971621718679
UBFC_PHYS_s14_T1_ctrl,125,122,129.06666666666666,0.8786473274230957,-1.2446178536115737
UBFC_PHYS_s14_T1_ctrl,125,123,129.1,0.7590919137001038,-1.0829567355063001
UBFC_PHYS_s14_T1_ctrl,125,124,129.13333333333333,0.5618043541908264,-0.7602293633196594
UBFC_PHYS_s14_T1_ctrl,125,125,129.16666666666666,0.3016551434993744,-0.3476652904788626
UBFC_PHYS_s14_T1_ctrl,125,126,129.2,0.018946699798107147,0.06940408562430256
UBFC_PHYS_s14_T1_ctrl,125,127,129.23333333333332,-0.29139044880867004,0.4189529986769894
UBFC_PHYS_s14_T1_ctrl,125,128,129.26666666666668,-0.687739908695221,0.6638418967620286
UBFC_PHYS_s14_T1_ctrl,125,129,129.3,-1.1691722869873047,0.8066458356740778
UBFC_PHYS_s14_T1_ctrl,125,130,129.33333333333334,-1.5236421823501587,0.8752012603507977
UBFC_PHYS_s14_T1_ctrl,125,131,129.36666666666667,-1.4258291721343994,0.897450253854711
UBFC_PHYS_s14_T1_ctrl,125,132,129.4,-0.8056899905204773,0.8804858506866852
UBFC_PHYS_s14_T1_ctrl,125,133,129.43333333333334,0.031338781118392944,0.8059469763757426
UBFC_PHYS_s14_T1_ctrl,125,134,129.46666666666667,0.7318012118339539,0.6434488348604872
UBFC_PHYS_s14_T1_ctrl,125,135,129.5,1.1406553983688354,0.37306900165407536
UBFC_PHYS_s14_T1_ctrl,125,136,129.53333333333333,1.2330608367919922,0.004170961490134275
UBFC_PHYS_s14_T1_ctrl,125,137,129.56666666666666,1.0937626361846924,-0.41849016941983747
UBFC_PHYS_s14_T1_ctrl,125,138,129.6,0.8769575357437134,-0.8232661883794946
UBFC_PHYS_s14_T1_ctrl,125,139,129.63333333333333,0.7238590121269226,-1.130415551867758
UBFC_PHYS_s14_T1_ctrl,125,140,129.66666666666666,0.6814442873001099,-1.2743186528535144
UBFC_PHYS_s14_T1_ctrl,125,141,129.7,0.6805993318557739,-1.2224626467015343
UBFC_PHYS_s14_T1_ctrl,125,142,129.73333333333332,0.616808295249939,-0.9857345433113837
UBFC_PHYS_s14_T1_ctrl,125,143,129.76666666666668,0.4517119824886322,-0.616295162957947
UBFC_PHYS_s14_T1_ctrl,125,144,129.8,0.1998429298400879,-0.1922336615752464
UBFC_PHYS_s14_T1_ctrl,125,145,129.83333333333334,-0.1327718049287796,0.20707017816584425
UBFC_PHYS_s14_T1_ctrl,125,146,129.86666666666667,-0.5497653484344482,0.5256088633165859
UBFC_PHYS_s14_T1_ctrl,125,147,129.9,-1.0433645248413086,0.7441946391836834
UBFC_PHYS_s14_T1_ctrl,125,148,129.93333333333334,-1.4884936809539795,0.8758960085665649
UBFC_PHYS_s14_T1_ctrl,125,149,129.96666666666667,-1.5848703384399414,0.946041465956787
UBFC_PHYS_s14_T1_ctrl,125,150,130.0,-1.123715877532959,0.9685647337978605
UBFC_PHYS_s14_T1_ctrl,125,151,130.03333333333333,-0.2691410183906555,0.9330670275304993
UBFC_PHYS_s14_T1_ctrl,125,152,130.06666666666666,0.5773226022720337,0.8102657021359692
UBFC_PHYS_s14_T1_ctrl,125,153,130.1,1.1404863595962524,0.5722629146694779
UBFC_PHYS_s14_T1_ctrl,125,154,130.13333333333333,1.3376331329345703,0.2157744035170694
UBFC_PHYS_s14_T1_ctrl,125,155,130.16666666666666,1.2710539102554321,-0.22445017227782837
UBFC_PHYS_s14_T1_ctrl,125,156,130.2,1.1376136541366577,-0.6785644165933534
UBFC_PHYS_s14_T1_ctrl,125,157,130.23333333333332,1.0382798910140991,-1.0590721311434528
UBFC_PHYS_s14_T1_ctrl,125,158,130.26666666666668,0.9292577505111694,-1.2855489088080319
UBFC_PHYS_s14_T1_ctrl,125,159,130.3,0.7502202987670898,-1.308119565919103
UBFC_PHYS_s14_T1_ctrl,125,160,130.33333333333334,0.5013366341590881,-1.1225474993957576
UBFC_PHYS_s14_T1_ctrl,125,161,130.36666666666667,0.2106296718120575,-0.7722831408791216
UBFC_PHYS_s14_T1_ctrl,125,162,130.4,-0.08278102427721024,-0.3358532740255929
UBFC_PHYS_s14_T1_ctrl,125,163,130.43333333333334,-0.384556382894516,0.09764925413869782
UBFC_PHYS_s14_T1_ctrl,125,164,130.46666666666667,-0.7673026919364929,0.4567025205237618
UBFC_PHYS_s14_T1_ctrl,125,165,130.5,-1.2686187028884888,0.7074035226570138
UBFC_PHYS_s14_T1_ctrl,125,166,130.53333333333333,-1.779792070388794,0.8558064605656088
UBFC_PHYS_s14_T1_ctrl,125,167,130.56666666666666,-2.0363364219665527,0.9311613977913731
UBFC_PHYS_s14_T1_ctrl,125,168,130.6,-1.7781022787094116,0.9595213387173142
UBFC_PHYS_s14_T1_ctrl,125,169,130.63333333333333,-1.032718539237976,0.9433162186570023
UBFC_PHYS_s14_T1_ctrl,125,170,130.66666666666666,-0.14938846230506897,0.8588054650743846
UBFC_PHYS_s14_T1_ctrl,125,171,130.7,0.563156247138977,0.672431691926326
UBFC_PHYS_s14_T1_ctrl,125,172,130.73333333333332,1.0263384580612183,0.36607825898590984
UBFC_PHYS_s14_T1_ctrl,125,173,130.76666666666668,1.2227247953414917,-0.04320328659543252
UBFC_PHYS_s14_T1_ctrl,125,174,130.8,1.1588211059570312,-0.4989723208945843
UBFC_PHYS_s14_T1_ctrl,125,175,130.83333333333334,0.9697009921073914,-0.917836204096371
UBFC_PHYS_s14_T1_ctrl,125,176,130.86666666666667,0.8189400434494019,-1.2127162649566392
UBFC_PHYS_s14_T1_ctrl,125,177,130.9,0.7353498339653015,-1.3183249723874964
UBFC_PHYS_s14_T1_ctrl,125,178,130.93333333333334,0.6469998955726624,-1.210878130341586
UBFC_PHYS_s14_T1_ctrl,125,179,130.96666666666667,0.50826495885849,-0.9162117772118445
UBFC_PHYS_s14_T1_ctrl,125,180,131.0,0.3257352113723755,-0.5029853676853719
UBFC_PHYS_s14_T1_ctrl,125,181,131.03333333333333,0.07057098299264908,-0.061520476757977796
UBFC_PHYS_s14_T1_ctrl,125,182,131.06666666666666,-0.32377883791923523,0.32544346325088186
UBFC_PHYS_s14_T1_ctrl,125,183,131.1,-0.8799579739570618,0.6086794984430377
UBFC_PHYS_s14_T1_ctrl,125,184,131.13333333333333,-1.4895356893539429,0.7829715323142215
UBFC_PHYS_s14_T1_ctrl,125,185,131.16666666666666,-1.8870962858200073,0.8763327856841886
UBFC_PHYS_s14_T1_ctrl,125,186,131.2,-1.7959299087524414,0.9236854557340854
UBFC_PHYS_s14_T1_ctrl,125,187,131.23333333333332,-1.1840990781784058,0.9401056946035201
UBFC_PHYS_s14_T1_ctrl,125,188,131.26666666666668,-0.32237064838409424,0.9089493608926378
UBFC_PHYS_s14_T1_ctrl,125,189,131.3,0.4478253722190857,0.7913466669863984
UBFC_PHYS_s14_T1_ctrl,125,190,131.33333333333334,0.9394248723983765,0.5512378399570084
UBFC_PHYS_s14_T1_ctrl,125,191,131.36666666666667,1.1187721490859985,0.18182196754937197
UBFC_PHYS_s14_T1_ctrl,125,192,131.4,1.0635991096496582,-0.2802779979300679
UBFC_PHYS_s14_T1_ctrl,125,193,131.43333333333334,0.9135423302650452,-0.7594513204259064
UBFC_PHYS_s14_T1_ctrl,125,194,131.46666666666667,0.7758212089538574,-1.1614174464276596
UBFC_PHYS_s14_T1_ctrl,125,195,131.5,0.6696154475212097,-1.4007487548685589
UBFC_PHYS_s14_T1_ctrl,125,196,131.53333333333333,0.5693804025650024,-1.4260005456780174
UBFC_PHYS_s14_T1_ctrl,125,197,131.56666666666666,0.44545960426330566,-1.23507215513968
UBFC_PHYS_s14_T1_ctrl,125,198,131.6,0.2589024603366852,-0.8762143021383367
UBFC_PHYS_s14_T1_ctrl,125,199,131.63333333333333,-0.0021198387257754803,-0.4333759422605996
UBFC_PHYS_s14_T1_ctrl,125,200,131.66666666666666,-0.29358723759651184,0.0007884369812703618
UBFC_PHYS_s14_T1_ctrl,125,201,131.7,-0.6171895265579224,0.35526326353343246
UBFC_PHYS_s14_T1_ctrl,125,202,131.73333333333332,-1.0518136024475098,0.6012786932442811
UBFC_PHYS_s14_T1_ctrl,125,203,131.76666666666668,-1.5356117486953735,0.7524482285478659
UBFC_PHYS_s14_T1_ctrl,125,204,131.8,-1.7502200603485107,0.8441027208771421
UBFC_PHYS_s14_T1_ctrl,125,205,131.83333333333334,-1.446050763130188,0.9036135729415005
UBFC_PHYS_s14_T1_ctrl,125,206,131.86666666666667,-0.7088064551353455,0.928998093055007
UBFC_PHYS_s14_T1_ctrl,125,207,131.9,0.14416305720806122,0.8883137848068279
UBFC_PHYS_s14_T1_ctrl,125,208,131.93333333333334,0.8178698420524597,0.7398480779861905
UBFC_PHYS_s14_T1_ctrl,125,209,131.96666666666667,1.1728748083114624,0.46106823900176774
UBFC_PHYS_s14_T1_ctrl,125,210,132.0,1.2238794565200806,0.07028917522546832
UBFC_PHYS_s14_T1_ctrl,125,211,132.03333333333333,1.0775121450424194,-0.3699034711740423
UBFC_PHYS_s14_T1_ctrl,125,212,132.06666666666666,0.8795204162597656,-0.7684386175604632
UBFC_PHYS_s14_T1_ctrl,125,213,132.1,0.7183670401573181,-1.0331241198923045
UBFC_PHYS_s14_T1_ctrl,125,214,132.13333333333333,0.5927000641822815,-1.098997797655785
UBFC_PHYS_s14_T1_ctrl,125,215,132.16666666666666,0.4514866769313812,-0.948575653761015
UBFC_PHYS_s14_T1_ctrl,125,216,132.2,0.26684466004371643,-0.6178763308524576
UBFC_PHYS_s14_T1_ctrl,125,217,132.23333333333332,0.047223176807165146,-0.18571016741226856
UBFC_PHYS_s14_T1_ctrl,125,218,132.26666666666668,-0.19445057213306427,0.2515783415971543
UBFC_PHYS_s14_T1_ctrl,125,219,132.3,-0.4761732816696167,0.6118823601449008
UBFC_PHYS_s14_T1_ctrl,125,220,132.33333333333334,-0.8516533374786377,0.8526384239417559
UBFC_PHYS_s14_T1_ctrl,125,221,132.36666666666667,-1.3094844818115234,0.9774523093418832
UBFC_PHYS_s14_T1_ctrl,125,222,132.4,-1.656941533088684,1.0206387616989423
UBFC_PHYS_s14_T1_ctrl,125,223,132.43333333333334,-1.6084433794021606,1.0183465951359285
UBFC_PHYS_s14_T1_ctrl,125,224,132.46666666666667,-1.0765414237976074,0.9826785281466731
UBFC_PHYS_s14_T1_ctrl,125,225,132.5,-0.2855605483055115,0.8935709938897608
UBFC_PHYS_s14_T1_ctrl,125,226,132.53333333333333,0.4455159306526184,0.7125710543264935
UBFC_PHYS_s14_T1_ctrl,125,227,132.56666666666666,0.9330598711967468,0.40990320914744605
UBFC_PHYS_s14_T1_ctrl,125,228,132.6,1.1012823581695557,-0.010682758709143422
UBFC_PHYS_s14_T1_ctrl,125,229,132.63333333333333,0.9565766453742981,-0.5025204400615313
UBFC_PHYS_s14_T1_ctrl,125,230,132.66666666666666,0.658490777015686,-0.9860586140350031
UBFC_PHYS_s14_T1_ctrl,125,231,132.7,0.43827784061431885,-1.3726632831499477
UBFC_PHYS_s14_T1_ctrl,125,232,132.73333333333332,0.36784011125564575,-1.5921537755329338
UBFC_PHYS_s14_T1_ctrl,125,233,132.76666666666668,0.3309173583984375,-1.6144847497875972
UBFC_PHYS_s14_T1_ctrl,125,234,132.8,0.23347052931785583,-1.4584559901112621
UBFC_PHYS_s14_T1_ctrl,125,235,132.83333333333334,0.08718764036893845,-1.1839255930763755
UBFC_PHYS_s14_T1_ctrl,125,236,132.86666666666667,-0.10956481844186783,-0.8689642211439315
UBFC_PHYS_s14_T1_ctrl,125,237,132.9,-0.38390859961509705,-0.5795821649750694
UBFC_PHYS_s14_T1_ctrl,125,238,132.93333333333334,-0.7437013983726501,-0.34492860587145996
UBFC_PHYS_s14_T1_ctrl,125,239,132.96666666666667,-1.1673979759216309,-0.1503350389086852
UBFC_PHYS_s14_T1_ctrl,126,0,126.0,0.40473473072052,0.03563569846233071
UBFC_PHYS_s14_T1_ctrl,126,1,126.03333333333333,0.20767246186733246,0.5875385839428272
UBFC_PHYS_s14_T1_ctrl,126,2,126.06666666666666,-0.01628624089062214,1.0858755458693745
UBFC_PHYS_s14_T1_ctrl,126,3,126.1,-0.25345379114151,1.4864836008107531
UBFC_PHYS_s14_T1_ctrl,126,4,126.13333333333334,-0.5960948467254639,1.7578832373485012
UBFC_PHYS_s14_T1_ctrl,126,5,126.16666666666667,-1.0794986486434937,1.8874313047153486
UBFC_PHYS_s14_T1_ctrl,126,6,126.2,-1.5544533729553223,1.882908048653247
UBFC_PHYS_s14_T1_ctrl,126,7,126.23333333333333,-1.752304196357727,1.7671736804198868
UBFC_PHYS_s14_T1_ctrl,126,8,126.26666666666667,-1.4536268711090088,1.5675966638384617
UBFC_PHYS_s14_T1_ctrl,126,9,126.3,-0.7070039510726929,1.305398788587623
UBFC_PHYS_s14_T1_ctrl,126,10,126.33333333333333,0.15351343154907227,0.990312708173075
UBFC_PHYS_s14_T1_ctrl,126,11,126.36666666666666,0.799450695514679,0.623153479041718
UBFC_PHYS_s14_T1_ctrl,126,12,126.4,1.113533616065979,0.2049405665647825
UBFC_PHYS_s14_T1_ctrl,126,13,126.43333333333334,1.1266860961914062,-0.25189474980785675
UBFC_PHYS_s14_T1_ctrl,126,14,126.46666666666667,0.9310601949691772,-0.7156036228313848
UBFC_PHYS_s14_T1_ctrl,126,15,126.5,0.6780645847320557,-1.134641027276293
UBFC_PHYS_s14_T1_ctrl,126,16,126.53333333333333,0.49333810806274414,-1.4460785844510011
UBFC_PHYS_s14_T1_ctrl,126,17,126.56666666666666,0.3598979115486145,-1.5911921237849787
UBFC_PHYS_s14_T1_ctrl,126,18,126.6,0.1938440352678299,-1.53365850731716
UBFC_PHYS_s14_T1_ctrl,126,19,126.63333333333334,-0.026453379541635513,-1.2740538765312366
UBFC_PHYS_s14_T1_ctrl,126,20,126.66666666666667,-0.2603539228439331,-0.8545014275389068
UBFC_PHYS_s14_T1_ctrl,126,21,126.7,-0.5121666193008423,-0.3501295424573013
UBFC_PHYS_s14_T1_ctrl,126,22,126.73333333333333,-0.8674250841140747,0.15083937108815249
UBFC_PHYS_s14_T1_ctrl,126,23,126.76666666666667,-1.3755567073822021,0.5711928048253484
UBFC_PHYS_s14_T1_ctrl,126,24,126.8,-1.8925037384033203,0.8632219243291699
UBFC_PHYS_s14_T1_ctrl,126,25,126.83333333333333,-2.0929737091064453,1.0141433283224097
UBFC_PHYS_s14_T1_ctrl,126,26,126.86666666666666,-1.7142548561096191,1.037800398961661
UBFC_PHYS_s14_T1_ctrl,126,27,126.9,-0.8486116528511047,0.9588993240151584
UBFC_PHYS_s14_T1_ctrl,126,28,126.93333333333334,0.11019748449325562,0.7986244707508434
UBFC_PHYS_s14_T1_ctrl,126,29,126.96666666666667,0.8338668942451477,0.5681914070434401
UBFC_PHYS_s14_T1_ctrl,126,30,127.0,1.2412002086639404,0.2719292308218141
UBFC_PHYS_s14_T1_ctrl,126,31,127.03333333333333,1.3443361520767212,-0.0832125365167854
UBFC_PHYS_s14_T1_ctrl,126,32,127.06666666666666,1.1954339742660522,-0.4771538045838157
UBFC_PHYS_s14_T1_ctrl,126,33,127.1,0.9420159459114075,-0.8704293833806482
UBFC_PHYS_s14_T1_ctrl,126,34,127.13333333333334,0.7597960233688354,-1.2057207689641707
UBFC_PHYS_s14_T1_ctrl,126,35,127.16666666666667,0.6673623323440552,-1.4180819005095033
UBFC_PHYS_s14_T1_ctrl,126,36,127.2,0.5342601537704468,-1.4517534138034893
UBFC_PHYS_s14_T1_ctrl,126,37,127.23333333333333,0.2850666344165802,-1.2786672017926286
UBFC_PHYS_s14_T1_ctrl,126,38,127.26666666666667,-0.007273817900568247,-0.911989953557654
UBFC_PHYS_s14_T1_ctrl,126,39,127.3,-0.2795616388320923,-0.40832637501014624
UBFC_PHYS_s14_T1_ctrl,126,40,127.33333333333333,-0.6129649877548218,0.14469721157199808
UBFC_PHYS_s14_T1_ctrl,126,41,127.36666666666666,-1.1061416864395142,0.6526936827627631
UBFC_PHYS_s14_T1_ctrl,126,42,127.4,-1.6714739799499512,1.0410531108225671
UBFC_PHYS_s14_T1_ctrl,126,43,127.43333333333334,-2.0059194564819336,1.2719652089100155
UBFC_PHYS_s14_T1_ctrl,126,44,127.46666666666667,-1.8034778833389282,1.3454434194596356
UBFC_PHYS_s14_T1_ctrl,126,45,127.5,-1.048518419265747,1.2866454476955134
UBFC_PHYS_s14_T1_ctrl,126,46,127.53333333333333,-0.07503597438335419,1.127867379272963
UBFC_PHYS_s14_T1_ctrl,126,47,127.56666666666666,0.7314068675041199,0.8943801061985618
UBFC_PHYS_s14_T1_ctrl,126,48,127.6,1.2223585844039917,0.5996038657993087
UBFC_PHYS_s14_T1_ctrl,126,49,127.63333333333334,1.393679141998291,0.24985035781340123
UBFC_PHYS_s14_T1_ctrl,126,50,127.66666666666667,1.3009074926376343,-0.1451539588848933
UBFC_PHYS_s14_T1_ctrl,126,51,127.7,1.0924952030181885,-0.5615656537027254
UBFC_PHYS_s14_T1_ctrl,126,52,127.73333333333333,0.9326373934745789,-0.9559749490285606
UBFC_PHYS_s14_T1_ctrl,126,53,127.76666666666667,0.8523423671722412,-1.2687562567466375
UBFC_PHYS_s14_T1_ctrl,126,54,127.8,0.7586694955825806,-1.4366057140218713
UBFC_PHYS_s14_T1_ctrl,126,55,127.83333333333333,0.5755482912063599,-1.4110435214696544
UBFC_PHYS_s14_T1_ctrl,126,56,127.86666666666666,0.30548542737960815,-1.1766863284813598
UBFC_PHYS_s14_T1_ctrl,126,57,127.9,-0.0064852312207221985,-0.7618864471641222
UBFC_PHYS_s14_T1_ctrl,126,58,127.93333333333334,-0.35802605748176575,-0.23589613667329198
UBFC_PHYS_s14_T1_ctrl,126,59,127.96666666666667,-0.8030144572257996,0.3083799477311865
UBFC_PHYS_s14_T1_ctrl,126,60,128.0,-1.3636716604232788,0.7801268058266447
UBFC_PHYS_s14_T1_ctrl,126,61,128.03333333333333,-1.896305799484253,1.1143597080822365
UBFC_PHYS_s14_T1_ctrl,126,62,128.06666666666666,-2.0810322761535645,1.2842645976151752
UBFC_PHYS_s14_T1_ctrl,126,63,128.1,-1.6739243268966675,1.2986049661300316
UBFC_PHYS_s14_T1_ctrl,126,64,128.13333333333333,-0.7781457901000977,1.1877206376967833
UBFC_PHYS_s14_T1_ctrl,126,65,128.16666666666666,0.22913329303264618,0.9861701107209855
UBFC_PHYS_s14_T1_ctrl,126,66,128.2,1.0159460306167603,0.7200683889899786
UBFC_PHYS_s14_T1_ctrl,126,67,128.23333333333332,1.458089828491211,0.4036260580762314
UBFC_PHYS_s14_T1_ctrl,126,68,128.26666666666668,1.557986855506897,0.04471955608072661
UBFC_PHYS_s14_T1_ctrl,126,69,128.3,1.4089157581329346,-0.34452311884761067
UBFC_PHYS_s14_T1_ctrl,126,70,128.33333333333334,1.1893787384033203,-0.7379686279890545
UBFC_PHYS_s14_T1_ctrl,126,71,128.36666666666667,1.0436592102050781,-1.0918056531792748
UBFC_PHYS_s14_T1_ctrl,126,72,128.4,0.9786007404327393,-1.3495998650901246
UBFC_PHYS_s14_T1_ctrl,126,73,128.43333333333334,0.9114018678665161,-1.4552848022905924
UBFC_PHYS_s14_T1_ctrl,126,74,128.46666666666667,0.7877345085144043,-1.3702676078603082
UBFC_PHYS_s14_T1_ctrl,126,75,128.5,0.5863913893699646,-1.0889155047495285
UBFC_PHYS_s14_T1_ctrl,126,76,128.53333333333333,0.2665630280971527,-0.6463413341334143
UBFC_PHYS_s14_T1_ctrl,126,77,128.56666666666666,-0.15592247247695923,-0.11409626413576092
UBFC_PHYS_s14_T1_ctrl,126,78,128.6,-0.6199777722358704,0.41675170666776085
UBFC_PHYS_s14_T1_ctrl,126,79,128.63333333333333,-1.1470918655395508,0.860224630391553
UBFC_PHYS_s14_T1_ctrl,126,80,128.66666666666666,-1.7355748414993286,1.158006751245088
UBFC_PHYS_s14_T1_ctrl,126,81,128.7,-2.1027183532714844,1.290194029680589
UBFC_PHYS_s14_T1_ctrl,126,82,128.73333333333332,-1.875126600265503,1.2706723928593662
UBFC_PHYS_s14_T1_ctrl,126,83,128.76666666666668,-1.0579814910888672,1.1316983032591785
UBFC_PHYS_s14_T1_ctrl,126,84,128.8,-0.062080614268779755,0.9066684903929652
UBFC_PHYS_s14_T1_ctrl,126,85,128.83333333333334,0.7550926804542542,0.6192560110010301
UBFC_PHYS_s14_T1_ctrl,126,86,128.86666666666667,1.2570000886917114,0.282663770240613
UBFC_PHYS_s14_T1_ctrl,126,87,128.9,1.4292782545089722,-0.09260134847805959
UBFC_PHYS_s14_T1_ctrl,126,88,128.93333333333334,1.345687985420227,-0.4877977442252158
UBFC_PHYS_s14_T1_ctrl,126,89,128.96666666666667,1.1648199558258057,-0.8681653696443821
UBFC_PHYS_s14_T1_ctrl,126,90,129.0,1.024057149887085,-1.1828280328094647
UBFC_PHYS_s14_T1_ctrl,126,91,129.03333333333333,0.9484091401100159,-1.373647867106584
UBFC_PHYS_s14_T1_ctrl,126,92,129.06666666666666,0.8786473274230957,-1.390891049226488
UBFC_PHYS_s14_T1_ctrl,126,93,129.1,0.7590919137001038,-1.2107610745548332
UBFC_PHYS_s14_T1_ctrl,126,94,129.13333333333333,0.5618043541908264,-0.8482262820187647
UBFC_PHYS_s14_T1_ctrl,126,95,129.16666666666666,0.3016551434993744,-0.35899315999405734
UBFC_PHYS_s14_T1_ctrl,126,96,129.2,0.018946699798107147,0.1723513172023231
UBFC_PHYS_s14_T1_ctrl,126,97,129.23333333333332,-0.29139044880867004,0.6552275640839497
UBFC_PHYS_s14_T1_ctrl,126,98,129.26666666666668,-0.687739908695221,1.0179985806135734
UBFC_PHYS_s14_T1_ctrl,126,99,129.3,-1.1691722869873047,1.2240597361770242
UBFC_PHYS_s14_T1_ctrl,126,100,129.33333333333334,-1.5236421823501587,1.273063773766557
UBFC_PHYS_s14_T1_ctrl,126,101,129.36666666666667,-1.4258291721343994,1.1892856109219234
UBFC_PHYS_s14_T1_ctrl,126,102,129.4,-0.8056899905204773,1.004822788857554
UBFC_PHYS_s14_T1_ctrl,126,103,129.43333333333334,0.031338781118392944,0.7462715384187595
UBFC_PHYS_s14_T1_ctrl,126,104,129.46666666666667,0.7318012118339539,0.4302611180517543
UBFC_PHYS_s14_T1_ctrl,126,105,129.5,1.1406553983688354,0.06812212636896213
UBFC_PHYS_s14_T1_ctrl,126,106,129.53333333333333,1.2330608367919922,-0.32432026833535427
UBFC_PHYS_s14_T1_ctrl,126,107,129.56666666666666,1.0937626361846924,-0.717747385289141
UBFC_PHYS_s14_T1_ctrl,126,108,129.6,0.8769575357437134,-1.0663292300750824
UBFC_PHYS_s14_T1_ctrl,126,109,129.63333333333333,0.7238590121269226,-1.3132627409322
UBFC_PHYS_s14_T1_ctrl,126,110,129.66666666666666,0.6814442873001099,-1.4041002542373142
UBFC_PHYS_s14_T1_ctrl,126,111,129.7,0.6805993318557739,-1.3039394411162555
UBFC_PHYS_s14_T1_ctrl,126,112,129.73333333333332,0.616808295249939,-1.0123541905001492
UBFC_PHYS_s14_T1_ctrl,126,113,129.76666666666668,0.4517119824886322,-0.5695727380083079
UBFC_PHYS_s14_T1_ctrl,126,114,129.8,0.1998429298400879,-0.04959886044878412
UBFC_PHYS_s14_T1_ctrl,126,115,129.83333333333334,-0.1327718049287796,0.4589550487619406
UBFC_PHYS_s14_T1_ctrl,126,116,129.86666666666667,-0.5497653484344482,0.877212489962588
UBFC_PHYS_s14_T1_ctrl,126,117,129.9,-1.0433645248413086,1.155186859031367
UBFC_PHYS_s14_T1_ctrl,126,118,129.93333333333334,-1.4884936809539795,1.278200467321793
UBFC_PHYS_s14_T1_ctrl,126,119,129.96666666666667,-1.5848703384399414,1.2598420410176174
UBFC_PHYS_s14_T1_ctrl,126,120,130.0,-1.123715877532959,1.1271198053429736
UBFC_PHYS_s14_T1_ctrl,126,121,130.03333333333333,-0.2691410183906555,0.9061811350589383
UBFC_PHYS_s14_T1_ctrl,126,122,130.06666666666666,0.5773226022720337,0.6151329443900401
UBFC_PHYS_s14_T1_ctrl,126,123,130.1,1.1404863595962524,0.26589927250724577
UBFC_PHYS_s14_T1_ctrl,126,124,130.13333333333333,1.3376331329345703,-0.12752556984377353
UBFC_PHYS_s14_T1_ctrl,126,125,130.16666666666666,1.2710539102554321,-0.539747179853397
UBFC_PHYS_s14_T1_ctrl,126,126,130.2,1.1376136541366577,-0.9289930075425246
UBFC_PHYS_s14_T1_ctrl,126,127,130.23333333333332,1.0382798910140991,-1.2398821418282981
UBFC_PHYS_s14_T1_ctrl,126,128,130.26666666666668,0.9292577505111694,-1.414207064886997
UBFC_PHYS_s14_T1_ctrl,126,129,130.3,0.7502202987670898,-1.406860471545949
UBFC_PHYS_s14_T1_ctrl,126,130,130.33333333333334,0.5013366341590881,-1.2017803209452982
UBFC_PHYS_s14_T1_ctrl,126,131,130.36666666666667,0.2106296718120575,-0.8218703384480296
UBFC_PHYS_s14_T1_ctrl,126,132,130.4,-0.08278102427721024,-0.32777792923145205
UBFC_PHYS_s14_T1_ctrl,126,133,130.43333333333334,-0.384556382894516,0.1960580335856961
UBFC_PHYS_s14_T1_ctrl,126,134,130.46666666666667,-0.7673026919364929,0.6640582270373635
UBFC_PHYS_s14_T1_ctrl,126,135,130.5,-1.2686187028884888,1.012077213332536
UBFC_PHYS_s14_T1_ctrl,126,136,130.53333333333333,-1.779792070388794,1.210476578277926
UBFC_PHYS_s14_T1_ctrl,126,137,130.56666666666666,-2.0363364219665527,1.262760812679736
UBFC_PHYS_s14_T1_ctrl,126,138,130.6,-1.7781022787094116,1.1924436977443533
UBFC_PHYS_s14_T1_ctrl,126,139,130.63333333333333,-1.032718539237976,1.0266086142664992
UBFC_PHYS_s14_T1_ctrl,126,140,130.66666666666666,-0.14938846230506897,0.784831109084914
UBFC_PHYS_s14_T1_ctrl,126,141,130.7,0.563156247138977,0.4777392163690778
UBFC_PHYS_s14_T1_ctrl,126,142,130.73333333333332,1.0263384580612183,0.11396456316291241
UBFC_PHYS_s14_T1_ctrl,126,143,130.76666666666668,1.2227247953414917,-0.2895704029951035
UBFC_PHYS_s14_T1_ctrl,126,144,130.8,1.1588211059570312,-0.699891702744184
UBFC_PHYS_s14_T1_ctrl,126,145,130.83333333333334,0.9697009921073914,-1.0669755343446166
UBFC_PHYS_s14_T1_ctrl,126,146,130.86666666666667,0.8189400434494019,-1.3310138144448644
UBFC_PHYS_s14_T1_ctrl,126,147,130.9,0.7353498339653015,-1.4364766955518902
UBFC_PHYS_s14_T1_ctrl,126,148,130.93333333333334,0.6469998955726624,-1.3488797763529132
UBFC_PHYS_s14_T1_ctrl,126,149,130.96666666666667,0.50826495885849,-1.068503120874585
UBFC_PHYS_s14_T1_ctrl,126,150,131.0,0.3257352113723755,-0.6353085369247974
UBFC_PHYS_s14_T1_ctrl,126,151,131.03333333333333,0.07057098299264908,-0.12159775612062683
UBFC_PHYS_s14_T1_ctrl,126,152,131.06666666666666,-0.32377883791923523,0.38655495085060193
UBFC_PHYS_s14_T1_ctrl,126,153,131.1,-0.8799579739570618,0.8127710053944482
UBFC_PHYS_s14_T1_ctrl,126,154,131.13333333333333,-1.4895356893539429,1.108965717255724
UBFC_PHYS_s14_T1_ctrl,126,155,131.16666666666666,-1.8870962858200073,1.2609722792483877
UBFC_PHYS_s14_T1_ctrl,126,156,131.2,-1.7959299087524414,1.2802493905256074
UBFC_PHYS_s14_T1_ctrl,126,157,131.23333333333332,-1.1840990781784058,1.1883319810868638
UBFC_PHYS_s14_T1_ctrl,126,158,131.26666666666668,-0.32237064838409424,1.0033509278493709
UBFC_PHYS_s14_T1_ctrl,126,159,131.3,0.4478253722190857,0.7352212602485668
UBFC_PHYS_s14_T1_ctrl,126,160,131.33333333333334,0.9394248723983765,0.3906458257979891
UBFC_PHYS_s14_T1_ctrl,126,161,131.36666666666667,1.1187721490859985,-0.016157574282879464
UBFC_PHYS_s14_T1_ctrl,126,162,131.4,1.0635991096496582,-0.4538330674831097
UBFC_PHYS_s14_T1_ctrl,126,163,131.43333333333334,0.9135423302650452,-0.8713814411926563
UBFC_PHYS_s14_T1_ctrl,126,164,131.46666666666667,0.7758212089538574,-1.2050837025398793
UBFC_PHYS_s14_T1_ctrl,126,165,131.5,0.6696154475212097,-1.3928914404479478
UBFC_PHYS_s14_T1_ctrl,126,166,131.53333333333333,0.5693804025650024,-1.3916168871801586
UBFC_PHYS_s14_T1_ctrl,126,167,131.56666666666666,0.44545960426330566,-1.1913992466010428
UBFC_PHYS_s14_T1_ctrl,126,168,131.6,0.2589024603366852,-0.8223750167933277
UBFC_PHYS_s14_T1_ctrl,126,169,131.63333333333333,-0.0021198387257754803,-0.35013229593238515
UBFC_PHYS_s14_T1_ctrl,126,170,131.66666666666666,-0.29358723759651184,0.14038405613924523
UBFC_PHYS_s14_T1_ctrl,126,171,131.7,-0.6171895265579224,0.5681781922983271
UBFC_PHYS_s14_T1_ctrl,126,172,131.73333333333332,-1.0518136024475098,0.8776919518106987
UBFC_PHYS_s14_T1_ctrl,126,173,131.76666666666668,-1.5356117486953735,1.0489076747252721
UBFC_PHYS_s14_T1_ctrl,126,174,131.8,-1.7502200603485107,1.0922656278506024
UBFC_PHYS_s14_T1_ctrl,126,175,131.83333333333334,-1.446050763130188,1.0328135628649528
UBFC_PHYS_s14_T1_ctrl,126,176,131.86666666666667,-0.7088064551353455,0.8930854886517412
UBFC_PHYS_s14_T1_ctrl,126,177,131.9,0.14416305720806122,0.683782059205852
UBFC_PHYS_s14_T1_ctrl,126,178,131.93333333333334,0.8178698420524597,0.40625891571520145
UBFC_PHYS_s14_T1_ctrl,126,179,131.96666666666667,1.1728748083114624,0.0641235858600851
UBFC_PHYS_s14_T1_ctrl,126,180,132.0,1.2238794565200806,-0.3235594332043846
UBFC_PHYS_s14_T1_ctrl,126,181,132.03333333333333,1.0775121450424194,-0.7154606995125606
UBFC_PHYS_s14_T1_ctrl,126,182,132.06666666666666,0.8795204162597656,-1.051790273571858
UBFC_PHYS_s14_T1_ctrl,126,183,132.1,0.7183670401573181,-1.267686018664163
UBFC_PHYS_s14_T1_ctrl,126,184,132.13333333333333,0.5927000641822815,-1.3114873184390654
UBFC_PHYS_s14_T1_ctrl,126,185,132.16666666666666,0.4514866769313812,-1.1617307654914497
UBFC_PHYS_s14_T1_ctrl,126,186,132.2,0.26684466004371643,-0.8368890889048604
UBFC_PHYS_s14_T1_ctrl,126,187,132.23333333333332,0.047223176807165146,-0.39355704099167127
UBFC_PHYS_s14_T1_ctrl,126,188,132.26666666666668,-0.19445057213306427,0.0878818598293097
UBFC_PHYS_s14_T1_ctrl,126,189,132.3,-0.4761732816696167,0.5260887079289387
UBFC_PHYS_s14_T1_ctrl,126,190,132.33333333333334,-0.8516533374786377,0.8611023338841257
UBFC_PHYS_s14_T1_ctrl,126,191,132.36666666666667,-1.3094844818115234,1.0663328664272107
UBFC_PHYS_s14_T1_ctrl,126,192,132.4,-1.656941533088684,1.1458275282319033
UBFC_PHYS_s14_T1_ctrl,126,193,132.43333333333334,-1.6084433794021606,1.1204320138312203
UBFC_PHYS_s14_T1_ctrl,126,194,132.46666666666667,-1.0765414237976074,1.0116011540951737
UBFC_PHYS_s14_T1_ctrl,126,195,132.5,-0.2855605483055115,0.8314947025232039
UBFC_PHYS_s14_T1_ctrl,126,196,132.53333333333333,0.4455159306526184,0.5834580795969655
UBFC_PHYS_s14_T1_ctrl,126,197,132.56666666666666,0.9330598711967468,0.2710688360431942
UBFC_PHYS_s14_T1_ctrl,126,198,132.6,1.1012823581695557,-0.09015113064091121
UBFC_PHYS_s14_T1_ctrl,126,199,132.63333333333333,0.9565766453742981,-0.46504760547039203
UBFC_PHYS_s14_T1_ctrl,126,200,132.66666666666666,0.658490777015686,-0.7996758265001984
UBFC_PHYS_s14_T1_ctrl,126,201,132.7,0.43827784061431885,-1.0315304264337626
UBFC_PHYS_s14_T1_ctrl,126,202,132.73333333333332,0.36784011125564575,-1.1064925963637218
UBFC_PHYS_s14_T1_ctrl,126,203,132.76666666666668,0.3309173583984375,-0.9970668748013833
UBFC_PHYS_s14_T1_ctrl,126,204,132.8,0.23347052931785583,-0.7149903006520117
UBFC_PHYS_s14_T1_ctrl,126,205,132.83333333333334,0.08718764036893845,-0.3121631822614328
UBFC_PHYS_s14_T1_ctrl,126,206,132.86666666666667,-0.10956481844186783,0.13227541758362274
UBFC_PHYS_s14_T1_ctrl,126,207,132.9,-0.38390859961509705,0.5348870896220448
UBFC_PHYS_s14_T1_ctrl,126,208,132.93333333333334,-0.7437013983726501,0.8315540532088017
UBFC_PHYS_s14_T1_ctrl,126,209,132.96666666666667,-1.1673979759216309,0.9915066459382943
UBFC_PHYS_s14_T1_ctrl,126,210,133.0,-1.4912537336349487,1.0167597035424052
UBFC_PHYS_s14_T1_ctrl,126,211,133.03333333333333,-1.3998057842254639,0.9297356983413445
UBFC_PHYS_s14_T1_ctrl,126,212,133.06666666666666,-0.8168147206306458,0.7570060969760005
UBFC_PHYS_s14_T1_ctrl,126,213,133.1,-0.013835988007485867,0.5174959670718278
UBFC_PHYS_s14_T1_ctrl,126,214,133.13333333333333,0.6693901419639587,0.21991859941793876
UBFC_PHYS_s14_T1_ctrl,126,215,133.16666666666666,1.0382798910140991,-0.13088711145862034
UBFC_PHYS_s14_T1_ctrl,126,216,133.2,1.0365618467330933,-0.5230521386555301
UBFC_PHYS_s14_T1_ctrl,126,217,133.23333333333332,0.7770322561264038,-0.9282273280669343
UBFC_PHYS_s14_T1_ctrl,126,218,133.26666666666668,0.5084057450294495,-1.2988761113842946
UBFC_PHYS_s14_T1_ctrl,126,219,133.3,0.379556268453598,-1.574916035669989
UBFC_PHYS_s14_T1_ctrl,126,220,133.33333333333334,0.3112308382987976,-1.6985768244360706
UBFC_PHYS_s14_T1_ctrl,126,221,133.36666666666667,0.18511325120925903,-1.632715124112048
UBFC_PHYS_s14_T1_ctrl,126,222,133.4,0.003822727594524622,-1.3756183087805383
UBFC_PHYS_s14_T1_ctrl,126,223,133.43333333333334,-0.18050947785377502,-0.9657656772816006
UBFC_PHYS_s14_T1_ctrl,126,224,133.46666666666667,-0.40207427740097046,-0.4734677019086116
UBFC_PHYS_s14_T1_ctrl,126,225,133.5,-0.7477288246154785,0.01832724951992946
UBFC_PHYS_s14_T1_ctrl,126,226,133.53333333333333,-1.209136724472046,0.4368078096244655
UBFC_PHYS_s14_T1_ctrl,126,227,133.56666666666666,-1.5888413190841675,0.7367122874016994
UBFC_PHYS_s14_T1_ctrl,126,228,133.6,-1.598811388015747,0.9063391716271343
UBFC_PHYS_s14_T1_ctrl,126,229,133.63333333333333,-1.1022549867630005,0.9617810069939631
UBFC_PHYS_s14_T1_ctrl,126,230,133.66666666666666,-0.2992199957370758,0.9341358744392607
UBFC_PHYS_s14_T1_ctrl,126,231,133.7,0.4260265827178955,0.8564419291264727
UBFC_PHYS_s14_T1_ctrl,126,232,133.73333333333332,0.8354722261428833,0.7552990078941613
UBFC_PHYS_s14_T1_ctrl,126,233,133.76666666666668,0.951816976070404,0.6484874307316643
UBFC_PHYS_s14_T1_ctrl,126,234,133.8,0.9379603862762451,0.546871578827171
UBFC_PHYS_s14_T1_ctrl,126,235,133.83333333333334,0.92027348279953,0.4575573548643306
UBFC_PHYS_s14_T1_ctrl,126,236,133.86666666666667,0.9065295457839966,0.3856375857299419
UBFC_PHYS_s14_T1_ctrl,126,237,133.9,0.8202637434005737,0.33352966966414754
UBFC_PHYS_s14_T1_ctrl,126,238,133.93333333333334,0.6262995004653931,0.2990276942832047
UBFC_PHYS_s14_T1_ctrl,126,239,133.96666666666667,0.3802603781223297,0.2744061934770696
UBFC_PHYS_s14_T1_ctrl,127,0,127.0,1.2412002086639404,0.05526625350158585
UBFC_PHYS_s14_T1_ctrl,127,1,127.03333333333333,1.3443361520767212,-0.37149901856563117
UBFC_PHYS_s14_T1_ctrl,127,2,127.06666666666666,1.1954339742660522,-0.7684597089749073
UBFC_PHYS_s14_T1_ctrl,127,3,127.1,0.9420159459114075,-1.1017190859245238
UBFC_PHYS_s14_T1_ctrl,127,4,127.13333333333334,0.7597960233688354,-1.3332704658200463
UBFC_PHYS_s14_T1_ctrl,127,5,127.16666666666667,0.6673623323440552,-1.4262298079534619
UBFC_PHYS_s14_T1_ctrl,127,6,127.2,0.5342601537704468,-1.354352557500482
UBFC_PHYS_s14_T1_ctrl,127,7,127.23333333333333,0.2850666344165802,-1.1129959193496688
UBFC_PHYS_s14_T1_ctrl,127,8,127.26666666666667,-0.007273817900568247,-0.7270210678876281
UBFC_PHYS_s14_T1_ctrl,127,9,127.3,-0.2795616388320923,-0.25077515018162005
UBFC_PHYS_s14_T1_ctrl,127,10,127.33333333333333,-0.6129649877548218,0.24234927725738514
UBFC_PHYS_s14_T1_ctrl,127,11,127.36666666666666,-1.1061416864395142,0.6783536088392289
UBFC_PHYS_s14_T1_ctrl,127,12,127.4,-1.6714739799499512,1.0014967067932372
UBFC_PHYS_s14_T1_ctrl,127,13,127.43333333333334,-2.0059194564819336,1.1849391206653266
UBFC_PHYS_s14_T1_ctrl,127,14,127.46666666666667,-1.8034778833389282,1.2294442620627564
UBFC_PHYS_s14_T1_ctrl,127,15,127.5,-1.048518419265747,1.1532785311592824
UBFC_PHYS_s14_T1_ctrl,127,16,127.53333333333333,-0.07503597438335419,0.9800783274638797
UBFC_PHYS_s14_T1_ctrl,127,17,127.56666666666666,0.7314068675041199,0.7307010943562707
UBFC_PHYS_s14_T1_ctrl,127,18,127.6,1.2223585844039917,0.4216443270470239
UBFC_PHYS_s14_T1_ctrl,127,19,127.63333333333334,1.393679141998291,0.06878921645675326
UBFC_PHYS_s14_T1_ctrl,127,20,127.66666666666667,1.3009074926376343,-0.30708292879477905
UBFC_PHYS_s14_T1_ctrl,127,21,127.7,1.0924952030181885,-0.6765233076653684
UBFC_PHYS_s14_T1_ctrl,127,22,127.73333333333333,0.9326373934745789,-1.0011642269076713
UBFC_PHYS_s14_T1_ctrl,127,23,127.76666666666667,0.8523423671722412,-1.2371551178842954
UBFC_PHYS_s14_T1_ctrl,127,24,127.8,0.7586694955825806,-1.3421436847562935
UBFC_PHYS_s14_T1_ctrl,127,25,127.83333333333333,0.5755482912063599,-1.2853506314754546
UBFC_PHYS_s14_T1_ctrl,127,26,127.86666666666666,0.30548542737960815,-1.0586234263622714
UBFC_PHYS_s14_T1_ctrl,127,27,127.9,-0.0064852312207221985,-0.6842578893900507
UBFC_PHYS_s14_T1_ctrl,127,28,127.93333333333334,-0.35802605748176575,-0.21487819405703912
UBFC_PHYS_s14_T1_ctrl,127,29,127.96666666666667,-0.8030144572257996,0.2768119324104739
UBFC_PHYS_s14_T1_ctrl,127,30,128.0,-1.3636716604232788,0.7156535025455286
UBFC_PHYS_s14_T1_ctrl,127,31,128.03333333333333,-1.896305799484253,1.0422193878590913
UBFC_PHYS_s14_T1_ctrl,127,32,128.06666666666666,-2.0810322761535645,1.2245577866517996
UBFC_PHYS_s14_T1_ctrl,127,33,128.1,-1.6739243268966675,1.2598757310514312
UBFC_PHYS_s14_T1_ctrl,127,34,128.13333333333333,-0.7781457901000977,1.1672212371623731
UBFC_PHYS_s14_T1_ctrl,127,35,128.16666666666666,0.22913329303264618,0.9757794663841268
UBFC_PHYS_s14_T1_ctrl,127,36,128.2,1.0159460306167603,0.7143238600646157
UBFC_PHYS_s14_T1_ctrl,127,37,128.23333333333332,1.458089828491211,0.4056750318801299
UBFC_PHYS_s14_T1_ctrl,127,38,128.26666666666668,1.557986855506897,0.06697329258945597
UBFC_PHYS_s14_T1_ctrl,127,39,128.3,1.4089157581329346,-0.2859959371612612
UBFC_PHYS_s14_T1_ctrl,127,40,128.33333333333334,1.1893787384033203,-0.6331445823507156
UBFC_PHYS_s14_T1_ctrl,127,41,128.36666666666667,1.0436592102050781,-0.9457163272968658
UBFC_PHYS_s14_T1_ctrl,127,42,128.4,0.9786007404327393,-1.1855641689362788
UBFC_PHYS_s14_T1_ctrl,127,43,128.43333333333334,0.9114018678665161,-1.3097837768839076
UBFC_PHYS_s14_T1_ctrl,127,44,128.46666666666667,0.7877345085144043,-1.2808625764886012
UBFC_PHYS_s14_T1_ctrl,127,45,128.5,0.5863913893699646,-1.0800782058133438
UBFC_PHYS_s14_T1_ctrl,127,46,128.53333333333333,0.2665630280971527,-0.7193961214693888
UBFC_PHYS_s14_T1_ctrl,127,47,128.56666666666666,-0.15592247247695923,-0.24602973680555743
UBFC_PHYS_s14_T1_ctrl,127,48,128.6,-0.6199777722358704,0.2645452566516927
UBFC_PHYS_s14_T1_ctrl,127,49,128.63333333333333,-1.1470918655395508,0.7266796712985335
UBFC_PHYS_s14_T1_ctrl,127,50,128.66666666666666,-1.7355748414993286,1.0673684496374123
UBFC_PHYS_s14_T1_ctrl,127,51,128.7,-2.1027183532714844,1.2442879435382275
UBFC_PHYS_s14_T1_ctrl,127,52,128.73333333333332,-1.875126600265503,1.2519714675324254
UBFC_PHYS_s14_T1_ctrl,127,53,128.76666666666668,-1.0579814910888672,1.115216631448678
UBFC_PHYS_s14_T1_ctrl,127,54,128.8,-0.062080614268779755,0.8747063446243828
UBFC_PHYS_s14_T1_ctrl,127,55,128.83333333333334,0.7550926804542542,0.5722945003338695
UBFC_PHYS_s14_T1_ctrl,127,56,128.86666666666667,1.2570000886917114,0.24166004226476506
UBFC_PHYS_s14_T1_ctrl,127,57,128.9,1.4292782545089722,-0.09382100401097386
UBFC_PHYS_s14_T1_ctrl,127,58,128.93333333333334,1.345687985420227,-0.4173814202443269
UBFC_PHYS_s14_T1_ctrl,127,59,128.96666666666667,1.1648199558258057,-0.7124354796398393
UBFC_PHYS_s14_T1_ctrl,127,60,129.0,1.024057149887085,-0.9569125387172038
UBFC_PHYS_s14_T1_ctrl,127,61,129.03333333333333,0.9484091401100159,-1.1213974668859112
UBFC_PHYS_s14_T1_ctrl,127,62,129.06666666666666,0.8786473274230957,-1.1730068915741514
UBFC_PHYS_s14_T1_ctrl,127,63,129.1,0.7590919137001038,-1.0848956746129228
UBFC_PHYS_s14_T1_ctrl,127,64,129.13333333333333,0.5618043541908264,-0.8484885087016072
UBFC_PHYS_s14_T1_ctrl,127,65,129.16666666666666,0.3016551434993744,-0.4832457181720437
UBFC_PHYS_s14_T1_ctrl,127,66,129.2,0.018946699798107147,-0.03854878834248338
UBFC_PHYS_s14_T1_ctrl,127,67,129.23333333333332,-0.29139044880867004,0.41511837373448407
UBFC_PHYS_s14_T1_ctrl,127,68,129.26666666666668,-0.687739908695221,0.8037671056648644
UBFC_PHYS_s14_T1_ctrl,127,69,129.3,-1.1691722869873047,1.0696883175676042
UBFC_PHYS_s14_T1_ctrl,127,70,129.33333333333334,-1.5236421823501587,1.184974623342672
UBFC_PHYS_s14_T1_ctrl,127,71,129.36666666666667,-1.4258291721343994,1.153123098810327
UBFC_PHYS_s14_T1_ctrl,127,72,129.4,-0.8056899905204773,0.9995819717065743
UBFC_PHYS_s14_T1_ctrl,127,73,129.43333333333334,0.031338781118392944,0.7577513792112749
UBFC_PHYS_s14_T1_ctrl,127,74,129.46666666666667,0.7318012118339539,0.4577737908357267
UBFC_PHYS_s14_T1_ctrl,127,75,129.5,1.1406553983688354,0.12224418537871744
UBFC_PHYS_s14_T1_ctrl,127,76,129.53333333333333,1.2330608367919922,-0.2311841733587072
UBFC_PHYS_s14_T1_ctrl,127,77,129.56666666666666,1.0937626361846924,-0.5832633814873757
UBFC_PHYS_s14_T1_ctrl,127,78,129.6,0.8769575357437134,-0.9066520794253711
UBFC_PHYS_s14_T1_ctrl,127,79,129.63333333333333,0.7238590121269226,-1.163080318691203
UBFC_PHYS_s14_T1_ctrl,127,80,129.66666666666666,0.6814442873001099,-1.3068141471499173
UBFC_PHYS_s14_T1_ctrl,127,81,129.7,0.6805993318557739,-1.2951066918741285
UBFC_PHYS_s14_T1_ctrl,127,82,129.73333333333332,0.616808295249939,-1.103237001333989
UBFC_PHYS_s14_T1_ctrl,127,83,129.76666666666668,0.4517119824886322,-0.7386532950342706
UBFC_PHYS_s14_T1_ctrl,127,84,129.8,0.1998429298400879,-0.24742429072518188
UBFC_PHYS_s14_T1_ctrl,127,85,129.83333333333334,-0.1327718049287796,0.29196423420245143
UBFC_PHYS_s14_T1_ctrl,127,86,129.86666666666667,-0.5497653484344482,0.7874214319583457
UBFC_PHYS_s14_T1_ctrl,127,87,129.9,-1.0433645248413086,1.1583500561606699
UBFC_PHYS_s14_T1_ctrl,127,88,129.93333333333334,-1.4884936809539795,1.3564961605190893
UBFC_PHYS_s14_T1_ctrl,127,89,129.96666666666667,-1.5848703384399414,1.3734673899473722
UBFC_PHYS_s14_T1_ctrl,127,90,130.0,-1.123715877532959,1.2332659862728395
UBFC_PHYS_s14_T1_ctrl,127,91,130.03333333333333,-0.2691410183906555,0.9761371306665942
UBFC_PHYS_s14_T1_ctrl,127,92,130.06666666666666,0.5773226022720337,0.6428568340389256
UBFC_PHYS_s14_T1_ctrl,127,93,130.1,1.1404863595962524,0.2660085178094864
UBFC_PHYS_s14_T1_ctrl,127,94,130.13333333333333,1.3376331329345703,-0.13014342199689916
UBFC_PHYS_s14_T1_ctrl,127,95,130.16666666666666,1.2710539102554321,-0.5237879574876044
UBFC_PHYS_s14_T1_ctrl,127,96,130.2,1.1376136541366577,-0.8881093566997684
UBFC_PHYS_s14_T1_ctrl,127,97,130.23333333333332,1.0382798910140991,-1.1865103820090463
UBFC_PHYS_s14_T1_ctrl,127,98,130.26666666666668,0.9292577505111694,-1.3738279687095218
UBFC_PHYS_s14_T1_ctrl,127,99,130.3,0.7502202987670898,-1.4050286819696631
UBFC_PHYS_s14_T1_ctrl,127,100,130.33333333333334,0.5013366341590881,-1.2499146933947567
UBFC_PHYS_s14_T1_ctrl,127,101,130.36666666666667,0.2106296718120575,-0.9088603985944821
UBFC_PHYS_s14_T1_ctrl,127,102,130.4,-0.08278102427721024,-0.4221414361258905
UBFC_PHYS_s14_T1_ctrl,127,103,130.43333333333334,-0.384556382894516,0.13367249475475304
UBFC_PHYS_s14_T1_ctrl,127,104,130.46666666666667,-0.7673026919364929,0.6635814038352944
UBFC_PHYS_s14_T1_ctrl,127,105,130.5,-1.2686187028884888,1.0802856016845215
UBFC_PHYS_s14_T1_ctrl,127,106,130.53333333333333,-1.779792070388794,1.327346022345467
UBFC_PHYS_s14_T1_ctrl,127,107,130.56666666666666,-2.0363364219665527,1.3891038542653602
UBFC_PHYS_s14_T1_ctrl,127,108,130.6,-1.7781022787094116,1.2847127806799734
UBFC_PHYS_s14_T1_ctrl,127,109,130.63333333333333,-1.032718539237976,1.0522294147999913
UBFC_PHYS_s14_T1_ctrl,127,110,130.66666666666666,-0.14938846230506897,0.732193601292755
UBFC_PHYS_s14_T1_ctrl,127,111,130.7,0.563156247138977,0.35788512136456585
UBFC_PHYS_s14_T1_ctrl,127,112,130.73333333333332,1.0263384580612183,-0.04560010299252187
UBFC_PHYS_s14_T1_ctrl,127,113,130.76666666666668,1.2227247953414917,-0.45580644237938955
UBFC_PHYS_s14_T1_ctrl,127,114,130.8,1.1588211059570312,-0.8452549405748475
UBFC_PHYS_s14_T1_ctrl,127,115,130.83333333333334,0.9697009921073914,-1.1760588605744093
UBFC_PHYS_s14_T1_ctrl,127,116,130.86666666666667,0.8189400434494019,-1.4004824574212968
UBFC_PHYS_s14_T1_ctrl,127,117,130.9,0.7353498339653015,-1.4693322256461256
UBFC_PHYS_s14_T1_ctrl,127,118,130.93333333333334,0.6469998955726624,-1.346872822522043
UBFC_PHYS_s14_T1_ctrl,127,119,130.96666666666667,0.50826495885849,-1.0272981411181366
UBFC_PHYS_s14_T1_ctrl,127,120,131.0,0.3257352113723755,-0.5454491888380415
UBFC_PHYS_s14_T1_ctrl,127,121,131.03333333333333,0.07057098299264908,0.024837976687043423
UBFC_PHYS_s14_T1_ctrl,127,122,131.06666666666666,-0.32377883791923523,0.586986067756369
UBFC_PHYS_s14_T1_ctrl,127,123,131.1,-0.8799579739570618,1.0478247490896777
UBFC_PHYS_s14_T1_ctrl,127,124,131.13333333333333,-1.4895356893539429,1.3427546326798652
UBFC_PHYS_s14_T1_ctrl,127,125,131.16666666666666,-1.8870962858200073,1.4486465356329548
UBFC_PHYS_s14_T1_ctrl,127,126,131.2,-1.7959299087524414,1.380262267534062
UBFC_PHYS_s14_T1_ctrl,127,127,131.23333333333332,-1.1840990781784058,1.175039634520153
UBFC_PHYS_s14_T1_ctrl,127,128,131.26666666666668,-0.32237064838409424,0.8755507077543482
UBFC_PHYS_s14_T1_ctrl,127,129,131.3,0.4478253722190857,0.5175737767409336
UBFC_PHYS_s14_T1_ctrl,127,130,131.33333333333334,0.9394248723983765,0.12701797175575094
UBFC_PHYS_s14_T1_ctrl,127,131,131.36666666666667,1.1187721490859985,-0.27577585027519896
UBFC_PHYS_s14_T1_ctrl,127,132,131.4,1.0635991096496582,-0.6683377118258688
UBFC_PHYS_s14_T1_ctrl,127,133,131.43333333333334,0.9135423302650452,-1.019424745913294
UBFC_PHYS_s14_T1_ctrl,127,134,131.46666666666667,0.7758212089538574,-1.2873022970932586
UBFC_PHYS_s14_T1_ctrl,127,135,131.5,0.6696154475212097,-1.4251807390362103
UBFC_PHYS_s14_T1_ctrl,127,136,131.53333333333333,0.5693804025650024,-1.39323470666529
UBFC_PHYS_s14_T1_ctrl,127,137,131.56666666666666,0.44545960426330566,-1.1735508540148714
UBFC_PHYS_s14_T1_ctrl,127,138,131.6,0.2589024603366852,-0.7822572117701052
UBFC_PHYS_s14_T1_ctrl,127,139,131.63333333333333,-0.0021198387257754803,-0.27283412268456647
UBFC_PHYS_s14_T1_ctrl,127,140,131.66666666666666,-0.29358723759651184,0.27316795384641096
UBFC_PHYS_s14_T1_ctrl,127,141,131.7,-0.6171895265579224,0.7665563085166153
UBFC_PHYS_s14_T1_ctrl,127,142,131.73333333333332,-1.0518136024475098,1.1341145485940405
UBFC_PHYS_s14_T1_ctrl,127,143,131.76666666666668,-1.5356117486953735,1.3348583849825577
UBFC_PHYS_s14_T1_ctrl,127,144,131.8,-1.7502200603485107,1.362844832026307
UBFC_PHYS_s14_T1_ctrl,127,145,131.83333333333334,-1.446050763130188,1.238231836266252
UBFC_PHYS_s14_T1_ctrl,127,146,131.86666666666667,-0.7088064551353455,0.9935488860730031
UBFC_PHYS_s14_T1_ctrl,127,147,131.9,0.14416305720806122,0.6625568972929833
UBFC_PHYS_s14_T1_ctrl,127,148,131.93333333333334,0.8178698420524597,0.27564352811348225
UBFC_PHYS_s14_T1_ctrl,127,149,131.96666666666667,1.1728748083114624,-0.1386693446375443
UBFC_PHYS_s14_T1_ctrl,127,150,132.0,1.2238794565200806,-0.549218905668256
UBFC_PHYS_s14_T1_ctrl,127,151,132.03333333333333,1.0775121450424194,-0.9184365059340261
UBFC_PHYS_s14_T1_ctrl,127,152,132.06666666666666,0.8795204162597656,-1.2023973791716818
UBFC_PHYS_s14_T1_ctrl,127,153,132.1,0.7183670401573181,-1.3562335596145854
UBFC_PHYS_s14_T1_ctrl,127,154,132.13333333333333,0.5927000641822815,-1.344346427129932
UBFC_PHYS_s14_T1_ctrl,127,155,132.16666666666666,0.4514866769313812,-1.1525946739901176
UBFC_PHYS_s14_T1_ctrl,127,156,132.2,0.26684466004371643,-0.7978862776135034
UBFC_PHYS_s14_T1_ctrl,127,157,132.23333333333332,0.047223176807165146,-0.33019751142499537
UBFC_PHYS_s14_T1_ctrl,127,158,132.26666666666668,-0.19445057213306427,0.17617498018321656
UBFC_PHYS_s14_T1_ctrl,127,159,132.3,-0.4761732816696167,0.6408038019759111
UBFC_PHYS_s14_T1_ctrl,127,160,132.33333333333334,-0.8516533374786377,0.9977388443065711
UBFC_PHYS_s14_T1_ctrl,127,161,132.36666666666667,-1.3094844818115234,1.209281466003197
UBFC_PHYS_s14_T1_ctrl,127,162,132.4,-1.656941533088684,1.2677413504530903
UBFC_PHYS_s14_T1_ctrl,127,163,132.43333333333334,-1.6084433794021606,1.1870314198302918
UBFC_PHYS_s14_T1_ctrl,127,164,132.46666666666667,-1.0765414237976074,0.990710690766152
UBFC_PHYS_s14_T1_ctrl,127,165,132.5,-0.2855605483055115,0.7032931104642219
UBFC_PHYS_s14_T1_ctrl,127,166,132.53333333333333,0.4455159306526184,0.348108285442583
UBFC_PHYS_s14_T1_ctrl,127,167,132.56666666666666,0.9330598711967468,-0.04945142338689917
UBFC_PHYS_s14_T1_ctrl,127,168,132.6,1.1012823581695557,-0.45710399303021454
UBFC_PHYS_s14_T1_ctrl,127,169,132.63333333333333,0.9565766453742981,-0.8332169468781697
UBFC_PHYS_s14_T1_ctrl,127,170,132.66666666666666,0.658490777015686,-1.1290921190878747
UBFC_PHYS_s14_T1_ctrl,127,171,132.7,0.43827784061431885,-1.2963199939650338
UBFC_PHYS_s14_T1_ctrl,127,172,132.73333333333332,0.36784011125564575,-1.2978133164615844
UBFC_PHYS_s14_T1_ctrl,127,173,132.76666666666668,0.3309173583984375,-1.1196562936084422
UBFC_PHYS_s14_T1_ctrl,127,174,132.8,0.23347052931785583,-0.7796037211734176
UBFC_PHYS_s14_T1_ctrl,127,175,132.83333333333334,0.08718764036893845,-0.3278062743375145
UBFC_PHYS_s14_T1_ctrl,127,176,132.86666666666667,-0.10956481844186783,0.16277556285825975
UBFC_PHYS_s14_T1_ctrl,127,177,132.9,-0.38390859961509705,0.6144103623046058
UBFC_PHYS_s14_T1_ctrl,127,178,132.93333333333334,-0.7437013983726501,0.9640549030700921
UBFC_PHYS_s14_T1_ctrl,127,179,132.96666666666667,-1.1673979759216309,1.175598679417187
UBFC_PHYS_s14_T1_ctrl,127,180,133.0,-1.4912537336349487,1.2406123562850968
UBFC_PHYS_s14_T1_ctrl,127,181,133.03333333333333,-1.3998057842254639,1.1701044020756597
UBFC_PHYS_s14_T1_ctrl,127,182,133.06666666666666,-0.8168147206306458,0.9838808478769445
UBFC_PHYS_s14_T1_ctrl,127,183,133.1,-0.013835988007485867,0.7036511040954562
UBFC_PHYS_s14_T1_ctrl,127,184,133.13333333333333,0.6693901419639587,0.35223733693672066
UBFC_PHYS_s14_T1_ctrl,127,185,133.16666666666666,1.0382798910140991,-0.042952997368913524
UBFC_PHYS_s14_T1_ctrl,127,186,133.2,1.0365618467330933,-0.4461047972783176
UBFC_PHYS_s14_T1_ctrl,127,187,133.23333333333332,0.7770322561264038,-0.8123682327343256
UBFC_PHYS_s14_T1_ctrl,127,188,133.26666666666668,0.5084057450294495,-1.0921876174445364
UBFC_PHYS_s14_T1_ctrl,127,189,133.3,0.379556268453598,-1.2401896138840802
UBFC_PHYS_s14_T1_ctrl,127,190,133.33333333333334,0.3112308382987976,-1.22638666931061
UBFC_PHYS_s14_T1_ctrl,127,191,133.36666666666667,0.18511325120925903,-1.0460932214871232
UBFC_PHYS_s14_T1_ctrl,127,192,133.4,0.003822727594524622,-0.7244138132287511
UBFC_PHYS_s14_T1_ctrl,127,193,133.43333333333334,-0.18050947785377502,-0.3124382577735262
UBFC_PHYS_s14_T1_ctrl,127,194,133.46666666666667,-0.40207427740097046,0.12440662905532562
UBFC_PHYS_s14_T1_ctrl,127,195,133.5,-0.7477288246154785,0.5218253171822249
UBFC_PHYS_s14_T1_ctrl,127,196,133.53333333333333,-1.209136724472046,0.830252066197608
UBFC_PHYS_s14_T1_ctrl,127,197,133.56666666666666,-1.5888413190841675,1.0218893658909254
UBFC_PHYS_s14_T1_ctrl,127,198,133.6,-1.598811388015747,1.0895882850509013
UBFC_PHYS_s14_T1_ctrl,127,199,133.63333333333333,-1.1022549867630005,1.0397328237509131
UBFC_PHYS_s14_T1_ctrl,127,200,133.66666666666666,-0.2992199957370758,0.8839449649941916
UBFC_PHYS_s14_T1_ctrl,127,201,133.7,0.4260265827178955,0.6344640784406435
UBFC_PHYS_s14_T1_ctrl,127,202,133.73333333333332,0.8354722261428833,0.30529930085176626
UBFC_PHYS_s14_T1_ctrl,127,203,133.76666666666668,0.951816976070404,-0.0824716797432973
UBFC_PHYS_s14_T1_ctrl,127,204,133.8,0.9379603862762451,-0.49530962054308325
UBFC_PHYS_s14_T1_ctrl,127,205,133.83333333333334,0.92027348279953,-0.8858628991449087
UBFC_PHYS_s14_T1_ctrl,127,206,133.86666666666667,0.9065295457839966,-1.1978321373319378
UBFC_PHYS_s14_T1_ctrl,127,207,133.9,0.8202637434005737,-1.3765016278859648
UBFC_PHYS_s14_T1_ctrl,127,208,133.93333333333334,0.6262995004653931,-1.38217563395064
UBFC_PHYS_s14_T1_ctrl,127,209,133.96666666666667,0.3802603781223297,-1.202381401156742
UBFC_PHYS_s14_T1_ctrl,127,210,134.0,0.1292925477027893,-0.8582897758916823
UBFC_PHYS_s14_T1_ctrl,127,211,134.03333333333333,-0.15400733053684235,-0.40203054279154776
UBFC_PHYS_s14_T1_ctrl,127,212,134.06666666666666,-0.5276286005973816,0.09530490061005328
UBFC_PHYS_s14_T1_ctrl,127,213,134.1,-1.022326111793518,0.5612755053329477
UBFC_PHYS_s14_T1_ctrl,127,214,134.13333333333333,-1.5488206148147583,0.9388355677584668
UBFC_PHYS_s14_T1_ctrl,127,215,134.16666666666666,-1.8066885471343994,1.1959050895112062
UBFC_PHYS_s14_T1_ctrl,127,216,134.2,-1.5099263191223145,1.3249708847192647
UBFC_PHYS_s14_T1_ctrl,127,217,134.23333333333332,-0.7501227855682373,1.334759607815306
UBFC_PHYS_s14_T1_ctrl,127,218,134.26666666666668,0.09707313776016235,1.2394341315115869
UBFC_PHYS_s14_T1_ctrl,127,219,134.3,0.7642459273338318,1.0511722382783224
UBFC_PHYS_s14_T1_ctrl,127,220,134.33333333333334,1.1527658700942993,0.7794286288655622
UBFC_PHYS_s14_T1_ctrl,127,221,134.36666666666667,1.1992080211639404,0.43623063496680614
UBFC_PHYS_s14_T1_ctrl,127,222,134.4,0.9783473014831543,0.043628640328135036
UBFC_PHYS_s14_T1_ctrl,127,223,134.43333333333334,0.7113823890686035,-0.36155337731808546
UBFC_PHYS_s14_T1_ctrl,127,224,134.46666666666667,0.5596075654029846,-0.7289865740004211
UBFC_PHYS_s14_T1_ctrl,127,225,134.5,0.49894270300865173,-1.002684504095232
UBFC_PHYS_s14_T1_ctrl,127,226,134.53333333333333,0.41019850969314575,-1.1335373724045774
UBFC_PHYS_s14_T1_ctrl,127,227,134.56666666666666,0.2476932555437088,-1.0929968986997207
UBFC_PHYS_s14_T1_ctrl,127,228,134.6,0.056714385747909546,-0.8835332704075821
UBFC_PHYS_s14_T1_ctrl,127,229,134.63333333333333,-0.14341773092746735,-0.5416518757115458
UBFC_PHYS_s14_T1_ctrl,127,230,134.66666666666666,-0.4099038243293762,-0.13090024778445905
UBFC_PHYS_s14_T1_ctrl,127,231,134.7,-0.8153220415115356,0.27406591690228155
UBFC_PHYS_s14_T1_ctrl,127,232,134.73333333333332,-1.3408589363098145,0.6066663618570889
UBFC_PHYS_s14_T1_ctrl,127,233,134.76666666666668,-1.7441929578781128,0.8230615688037397
UBFC_PHYS_s14_T1_ctrl,127,234,134.8,-1.6600676774978638,0.907291832329881
UBFC_PHYS_s14_T1_ctrl,127,235,134.83333333333334,-1.0071176290512085,0.8671395719701337
UBFC_PHYS_s14_T1_ctrl,127,236,134.86666666666667,-0.09706008434295654,0.7248697778509766
UBFC_PHYS_s14_T1_ctrl,127,237,134.9,0.6909918189048767,0.5078354114309155
UBFC_PHYS_s14_T1_ctrl,127,238,134.93333333333334,1.187407374382019,0.24218788711820413
UBFC_PHYS_s14_T1_ctrl,127,239,134.96666666666667,1.363234043121338,-0.04943291179445551
UBFC_PHYS_s14_T1_ctrl,128,0,128.0,-1.3636716604232788,-0.12393916394251095
UBFC_PHYS_s14_T1_ctrl,128,1,128.03333333333333,-1.896305799484253,0.1970652149735157
UBFC_PHYS_s14_T1_ctrl,128,2,128.06666666666666,-2.0810322761535645,0.4594782786557037
UBFC_PHYS_s14_T1_ctrl,128,3,128.1,-1.6739243268966675,0.614805240291706
UBFC_PHYS_s14_T1_ctrl,128,4,128.13333333333333,-0.7781457901000977,0.6366959725472809
UBFC_PHYS_s14_T1_ctrl,128,5,128.16666666666666,0.22913329303264618,0.5243553902665797
UBFC_PHYS_s14_T1_ctrl,128,6,128.2,1.0159460306167603,0.29948808552709666
UBFC_PHYS_s14_T1_ctrl,128,7,128.23333333333332,1.458089828491211,-0.0010590226323257783
UBFC_PHYS_s14_T1_ctrl,128,8,128.26666666666668,1.557986855506897,-0.33396518104999373
UBFC_PHYS_s14_T1_ctrl,128,9,128.3,1.4089157581329346,-0.6569434070240601
UBFC_PHYS_s14_T1_ctrl,128,10,128.33333333333334,1.1893787384033203,-0.9332747154965505
UBFC_PHYS_s14_T1_ctrl,128,11,128.36666666666667,1.0436592102050781,-1.1327116664963102
UBFC_PHYS_s14_T1_ctrl,128,12,128.4,0.9786007404327393,-1.2301132917888509
UBFC_PHYS_s14_T1_ctrl,128,13,128.43333333333334,0.9114018678665161,-1.2048241381118343
UBFC_PHYS_s14_T1_ctrl,128,14,128.46666666666667,0.7877345085144043,-1.043579289830299
UBFC_PHYS_s14_T1_ctrl,128,15,128.5,0.5863913893699646,-0.7473240408353213
UBFC_PHYS_s14_T1_ctrl,128,16,128.53333333333333,0.2665630280971527,-0.33889390946982645
UBFC_PHYS_s14_T1_ctrl,128,17,128.56666666666666,-0.15592247247695923,0.13382964686128046
UBFC_PHYS_s14_T1_ctrl,128,18,128.6,-0.6199777722358704,0.6038963760848904
UBFC_PHYS_s14_T1_ctrl,128,19,128.63333333333333,-1.1470918655395508,1.0005562590470427
UBFC_PHYS_s14_T1_ctrl,128,20,128.66666666666666,-1.7355748414993286,1.2679098837718943
UBFC_PHYS_s14_T1_ctrl,128,21,128.7,-2.1027183532714844,1.3782164870658855
UBFC_PHYS_s14_T1_ctrl,128,22,128.73333333333332,-1.875126600265503,1.3344547610953175
UBFC_PHYS_s14_T1_ctrl,128,23,128.76666666666668,-1.0579814910888672,1.1629286491839763
UBFC_PHYS_s14_T1_ctrl,128,24,128.8,-0.062080614268779755,0.9009059810114859
UBFC_PHYS_s14_T1_ctrl,128,25,128.83333333333334,0.7550926804542542,0.5850076459495253
UBFC_PHYS_s14_T1_ctrl,128,26,128.86666666666667,1.2570000886917114,0.24431436827366687
UBFC_PHYS_s14_T1_ctrl,128,27,128.9,1.4292782545089722,-0.1005229831450763
UBFC_PHYS_s14_T1_ctrl,128,28,128.93333333333334,1.345687985420227,-0.4332172656225115
UBFC_PHYS_s14_T1_ctrl,128,29,128.96666666666667,1.1648199558258057,-0.735428186513722
UBFC_PHYS_s14_T1_ctrl,128,30,129.0,1.024057149887085,-0.9814011620093375
UBFC_PHYS_s14_T1_ctrl,128,31,129.03333333333333,0.9484091401100159,-1.1370289225833214
UBFC_PHYS_s14_T1_ctrl,128,32,129.06666666666666,0.8786473274230957,-1.1655686280058388
UBFC_PHYS_s14_T1_ctrl,128,33,129.1,0.7590919137001038,-1.0397226251654201
UBFC_PHYS_s14_T1_ctrl,128,34,129.13333333333333,0.5618043541908264,-0.7562482278791632
UBFC_PHYS_s14_T1_ctrl,128,35,129.16666666666666,0.3016551434993744,-0.3462489848563355
UBFC_PHYS_s14_T1_ctrl,128,36,129.2,0.018946699798107147,0.1259513161156292
UBFC_PHYS_s14_T1_ctrl,128,37,129.23333333333332,-0.29139044880867004,0.5779523263313395
UBFC_PHYS_s14_T1_ctrl,128,38,129.26666666666668,-0.687739908695221,0.9329586544702742
UBFC_PHYS_s14_T1_ctrl,128,39,129.3,-1.1691722869873047,1.1409403832567884
UBFC_PHYS_s14_T1_ctrl,128,40,129.33333333333334,-1.5236421823501587,1.1879902465349703
UBFC_PHYS_s14_T1_ctrl,128,41,129.36666666666667,-1.4258291721343994,1.0915744384809192
UBFC_PHYS_s14_T1_ctrl,128,42,129.4,-0.8056899905204773,0.886298449106257
UBFC_PHYS_s14_T1_ctrl,128,43,129.43333333333334,0.031338781118392944,0.6082832190693098
UBFC_PHYS_s14_T1_ctrl,128,44,129.46666666666667,0.7318012118339539,0.2853385254406036
UBFC_PHYS_s14_T1_ctrl,128,45,129.5,1.1406553983688354,-0.06396672041284403
UBFC_PHYS_s14_T1_ctrl,128,46,129.53333333333333,1.2330608367919922,-0.4240705198059197
UBFC_PHYS_s14_T1_ctrl,128,47,129.56666666666666,1.0937626361846924,-0.7738652958462954
UBFC_PHYS_s14_T1_ctrl,128,48,129.6,0.8769575357437134,-1.0808914649301657
UBFC_PHYS_s14_T1_ctrl,128,49,129.63333333333333,0.7238590121269226,-1.301619403560437
UBFC_PHYS_s14_T1_ctrl,128,50,129.66666666666666,0.6814442873001099,-1.3889549363668516
UBFC_PHYS_s14_T1_ctrl,128,51,129.7,0.6805993318557739,-1.305712426771207
UBFC_PHYS_s14_T1_ctrl,128,52,129.73333333333332,0.616808295249939,-1.0401608904431172
UBFC_PHYS_s14_T1_ctrl,128,53,129.76666666666668,0.4517119824886322,-0.6174406283384507
UBFC_PHYS_s14_T1_ctrl,128,54,129.8,0.1998429298400879,-0.10015213421276714
UBFC_PHYS_s14_T1_ctrl,128,55,129.83333333333334,-0.1327718049287796,0.4251514784397934
UBFC_PHYS_s14_T1_ctrl,128,56,129.86666666666667,-0.5497653484344482,0.8716962583156306
UBFC_PHYS_s14_T1_ctrl,128,57,129.9,-1.0433645248413086,1.1764189413003339
UBFC_PHYS_s14_T1_ctrl,128,58,129.93333333333334,-1.4884936809539795,1.3136358441998455
UBFC_PHYS_s14_T1_ctrl,128,59,129.96666666666667,-1.5848703384399414,1.2934168746559647
UBFC_PHYS_s14_T1_ctrl,128,60,130.0,-1.123715877532959,1.147561067535277
UBFC_PHYS_s14_T1_ctrl,128,61,130.03333333333333,-0.2691410183906555,0.9118655668054133
UBFC_PHYS_s14_T1_ctrl,128,62,130.06666666666666,0.5773226022720337,0.6138562582116724
UBFC_PHYS_s14_T1_ctrl,128,63,130.1,1.1404863595962524,0.27073809151478107
UBFC_PHYS_s14_T1_ctrl,128,64,130.13333333333333,1.3376331329345703,-0.10391919228409564
UBFC_PHYS_s14_T1_ctrl,128,65,130.16666666666666,1.2710539102554321,-0.49048387428898416
UBFC_PHYS_s14_T1_ctrl,128,66,130.2,1.1376136541366577,-0.8564352071638318
UBFC_PHYS_s14_T1_ctrl,128,67,130.23333333333332,1.0382798910140991,-1.155857125422733
UBFC_PHYS_s14_T1_ctrl,128,68,130.26666666666668,0.9292577505111694,-1.336151974032747
UBFC_PHYS_s14_T1_ctrl,128,69,130.3,0.7502202987670898,-1.350822773583202
UBFC_PHYS_s14_T1_ctrl,128,70,130.33333333333334,0.5013366341590881,-1.1751914220198618
UBFC_PHYS_s14_T1_ctrl,128,71,130.36666666666667,0.2106296718120575,-0.8198297834873637
UBFC_PHYS_s14_T1_ctrl,128,72,130.4,-0.08278102427721024,-0.33520023717315184
UBFC_PHYS_s14_T1_ctrl,128,73,130.43333333333334,-0.384556382894516,0.1971913273830322
UBFC_PHYS_s14_T1_ctrl,128,74,130.46666666666667,-0.7673026919364929,0.6860577500595629
UBFC_PHYS_s14_T1_ctrl,128,75,130.5,-1.2686187028884888,1.0560917619336407
UBFC_PHYS_s14_T1_ctrl,128,76,130.53333333333333,-1.779792070388794,1.2668411293246356
UBFC_PHYS_s14_T1_ctrl,128,77,130.56666666666666,-2.0363364219665527,1.3163045736894696
UBFC_PHYS_s14_T1_ctrl,128,78,130.6,-1.7781022787094116,1.2294315712878494
UBFC_PHYS_s14_T1_ctrl,128,79,130.63333333333333,-1.032718539237976,1.0398169090928087
UBFC_PHYS_s14_T1_ctrl,128,80,130.66666666666666,-0.14938846230506897,0.7748788519561732
UBFC_PHYS_s14_T1_ctrl,128,81,130.7,0.563156247138977,0.4508868498557027
UBFC_PHYS_s14_T1_ctrl,128,82,130.73333333333332,1.0263384580612183,0.07801825237936263
UBFC_PHYS_s14_T1_ctrl,128,83,130.76666666666668,1.2227247953414917,-0.32924368616023697
UBFC_PHYS_s14_T1_ctrl,128,84,130.8,1.1588211059570312,-0.7426299465979542
UBFC_PHYS_s14_T1_ctrl,128,85,130.83333333333334,0.9697009921073914,-1.1165044715519958
UBFC_PHYS_s14_T1_ctrl,128,86,130.86666666666667,0.8189400434494019,-1.3925688868912405
UBFC_PHYS_s14_T1_ctrl,128,87,130.9,0.7353498339653015,-1.5123758854054699
UBFC_PHYS_s14_T1_ctrl,128,88,130.93333333333334,0.6469998955726624,-1.434527533451595
UBFC_PHYS_s14_T1_ctrl,128,89,130.96666666666667,0.50826495885849,-1.1512168479048908
UBFC_PHYS_s14_T1_ctrl,128,90,131.0,0.3257352113723755,-0.6975237322575251
UBFC_PHYS_s14_T1_ctrl,128,91,131.03333333333333,0.07057098299264908,-0.14784920565654325
UBFC_PHYS_s14_T1_ctrl,128,92,131.06666666666666,-0.32377883791923523,0.4020214873889285
UBFC_PHYS_s14_T1_ctrl,128,93,131.1,-0.8799579739570618,0.8620431688616869
UBFC_PHYS_s14_T1_ctrl,128,94,131.13333333333333,-1.4895356893539429,1.1727928541948356
UBFC_PHYS_s14_T1_ctrl,128,95,131.16666666666666,-1.8870962858200073,1.3163807652989217
UBFC_PHYS_s14_T1_ctrl,128,96,131.2,-1.7959299087524414,1.3094964239689642
UBFC_PHYS_s14_T1_ctrl,128,97,131.23333333333332,-1.1840990781784058,1.1848533553996305
UBFC_PHYS_s14_T1_ctrl,128,98,131.26666666666668,-0.32237064838409424,0.9723950292035837
UBFC_PHYS_s14_T1_ctrl,128,99,131.3,0.4478253722190857,0.6897214068142972
UBFC_PHYS_s14_T1_ctrl,128,100,131.33333333333334,0.9394248723983765,0.34474250359793945
UBFC_PHYS_s14_T1_ctrl,128,101,131.36666666666667,1.1187721490859985,-0.05318504275701762
UBFC_PHYS_s14_T1_ctrl,128,102,131.4,1.0635991096496582,-0.4809149938668628
UBFC_PHYS_s14_T1_ctrl,128,103,131.43333333333334,0.9135423302650452,-0.8948754976634563
UBFC_PHYS_s14_T1_ctrl,128,104,131.46666666666667,0.7758212089538574,-1.2340525152745032
UBFC_PHYS_s14_T1_ctrl,128,105,131.5,0.6696154475212097,-1.4325671262150168
UBFC_PHYS_s14_T1_ctrl,128,106,131.53333333333333,0.5693804025650024,-1.438326772974701
UBFC_PHYS_s14_T1_ctrl,128,107,131.56666666666666,0.44545960426330566,-1.2317613370352358
UBFC_PHYS_s14_T1_ctrl,128,108,131.6,0.2589024603366852,-0.8375790169452647
UBFC_PHYS_s14_T1_ctrl,128,109,131.63333333333333,-0.0021198387257754803,-0.32352380587830476
UBFC_PHYS_s14_T1_ctrl,128,110,131.66666666666666,-0.29358723759651184,0.21605868466791683
UBFC_PHYS_s14_T1_ctrl,128,111,131.7,-0.6171895265579224,0.6875050093354911
UBFC_PHYS_s14_T1_ctrl,128,112,131.73333333333332,-1.0518136024475098,1.0248388382754534
UBFC_PHYS_s14_T1_ctrl,128,113,131.76666666666668,-1.5356117486953735,1.2038704106726026
UBFC_PHYS_s14_T1_ctrl,128,114,131.8,-1.7502200603485107,1.2375235630615515
UBFC_PHYS_s14_T1_ctrl,128,115,131.83333333333334,-1.446050763130188,1.1570551112589866
UBFC_PHYS_s14_T1_ctrl,128,116,131.86666666666667,-0.7088064551353455,0.9910042831527118
UBFC_PHYS_s14_T1_ctrl,128,117,131.9,0.14416305720806122,0.7535437985247099
UBFC_PHYS_s14_T1_ctrl,128,118,131.93333333333334,0.8178698420524597,0.44702482924525516
UBFC_PHYS_s14_T1_ctrl,128,119,131.96666666666667,1.1728748083114624,0.07497070682301055
UBFC_PHYS_s14_T1_ctrl,128,120,132.0,1.2238794565200806,-0.34312723106281134
UBFC_PHYS_s14_T1_ctrl,128,121,132.03333333333333,1.0775121450424194,-0.7637150170861162
UBFC_PHYS_s14_T1_ctrl,128,122,132.06666666666666,0.8795204162597656,-1.1225254622652396
UBFC_PHYS_s14_T1_ctrl,128,123,132.1,0.7183670401573181,-1.3490063531140353
UBFC_PHYS_s14_T1_ctrl,128,124,132.13333333333333,0.5927000641822815,-1.387073541725301
UBFC_PHYS_s14_T1_ctrl,128,125,132.16666666666666,0.4514866769313812,-1.2148513477438725
UBFC_PHYS_s14_T1_ctrl,128,126,132.2,0.26684466004371643,-0.8557499162303341
UBFC_PHYS_s14_T1_ctrl,128,127,132.23333333333332,0.047223176807165146,-0.37551376863158586
UBFC_PHYS_s14_T1_ctrl,128,128,132.26666666666668,-0.19445057213306427,0.13536861403115702
UBFC_PHYS_s14_T1_ctrl,128,129,132.3,-0.4761732816696167,0.5882345838302708
UBFC_PHYS_s14_T1_ctrl,128,130,132.33333333333334,-0.8516533374786377,0.9208848903239271
UBFC_PHYS_s14_T1_ctrl,128,131,132.36666666666667,-1.3094844818115234,1.1093173588335108
UBFC_PHYS_s14_T1_ctrl,128,132,132.4,-1.656941533088684,1.1623741665616427
UBFC_PHYS_s14_T1_ctrl,128,133,132.43333333333334,-1.6084433794021606,1.1044859867008907
UBFC_PHYS_s14_T1_ctrl,128,134,132.46666666666667,-1.0765414237976074,0.9575239425491654
UBFC_PHYS_s14_T1_ctrl,128,135,132.5,-0.2855605483055115,0.7318802051016717
UBFC_PHYS_s14_T1_ctrl,128,136,132.53333333333333,0.4455159306526184,0.43022804179483926
UBFC_PHYS_s14_T1_ctrl,128,137,132.56666666666666,0.9330598711967468,0.0597590827561546
UBFC_PHYS_s14_T1_ctrl,128,138,132.6,1.1012823581695557,-0.35520324830060274
UBFC_PHYS_s14_T1_ctrl,128,139,132.63333333333333,0.9565766453742981,-0.7675515067001992
UBFC_PHYS_s14_T1_ctrl,128,140,132.66666666666666,0.658490777015686,-1.112306836514408
UBFC_PHYS_s14_T1_ctrl,128,141,132.7,0.43827784061431885,-1.3211991383809416
UBFC_PHYS_s14_T1_ctrl,128,142,132.73333333333332,0.36784011125564575,-1.3424242990599236
UBFC_PHYS_s14_T1_ctrl,128,143,132.76666666666668,0.3309173583984375,-1.1588850209624477
UBFC_PHYS_s14_T1_ctrl,128,144,132.8,0.23347052931785583,-0.7976754288969677
UBFC_PHYS_s14_T1_ctrl,128,145,132.83333333333334,0.08718764036893845,-0.3256545639745246
UBFC_PHYS_s14_T1_ctrl,128,146,132.86666666666667,-0.10956481844186783,0.1689723840234172
UBFC_PHYS_s14_T1_ctrl,128,147,132.9,-0.38390859961509705,0.6026475758006005
UBFC_PHYS_s14_T1_ctrl,128,148,132.93333333333334,-0.7437013983726501,0.9189259747093357
UBFC_PHYS_s14_T1_ctrl,128,149,132.96666666666667,-1.1673979759216309,1.0973623974129916
UBFC_PHYS_s14_T1_ctrl,128,150,133.0,-1.4912537336349487,1.1463514657444651
UBFC_PHYS_s14_T1_ctrl,128,151,133.03333333333333,-1.3998057842254639,1.0864189167531149
UBFC_PHYS_s14_T1_ctrl,128,152,133.06666666666666,-0.8168147206306458,0.9346893899772107
UBFC_PHYS_s14_T1_ctrl,128,153,133.1,-0.013835988007485867,0.6989512238469947
UBFC_PHYS_s14_T1_ctrl,128,154,133.13333333333333,0.6693901419639587,0.3830861522193659
UBFC_PHYS_s14_T1_ctrl,128,155,133.16666666666666,1.0382798910140991,-0.0009583979109375675
UBFC_PHYS_s14_T1_ctrl,128,156,133.2,1.0365618467330933,-0.42234137528089716
UBFC_PHYS_s14_T1_ctrl,128,157,133.23333333333332,0.7770322561264038,-0.8281312195407042
UBFC_PHYS_s14_T1_ctrl,128,158,133.26666666666668,0.5084057450294495,-1.1506071655871661
UBFC_PHYS_s14_T1_ctrl,128,159,133.3,0.379556268453598,-1.323580216347592
UBFC_PHYS_s14_T1_ctrl,128,160,133.33333333333334,0.3112308382987976,-1.3025291969696475
UBFC_PHYS_s14_T1_ctrl,128,161,133.36666666666667,0.18511325120925903,-1.0811148715271202
UBFC_PHYS_s14_T1_ctrl,128,162,133.4,0.003822727594524622,-0.6967440197387189
UBFC_PHYS_s14_T1_ctrl,128,163,133.43333333333334,-0.18050947785377502,-0.2214061369961814
UBFC_PHYS_s14_T1_ctrl,128,164,133.46666666666667,-0.40207427740097046,0.2594848787739493
UBFC_PHYS_s14_T1_ctrl,128,165,133.5,-0.7477288246154785,0.6714956038684862
UBFC_PHYS_s14_T1_ctrl,128,166,133.53333333333333,-1.209136724472046,0.9683639932305551
UBFC_PHYS_s14_T1_ctrl,128,167,133.56666666666666,-1.5888413190841675,1.1354096476210518
UBFC_PHYS_s14_T1_ctrl,128,168,133.6,-1.598811388015747,1.1801630164040087
UBFC_PHYS_s14_T1_ctrl,128,169,133.63333333333333,-1.1022549867630005,1.1176425409290833
UBFC_PHYS_s14_T1_ctrl,128,170,133.66666666666666,-0.2992199957370758,0.9590615602431329
UBFC_PHYS_s14_T1_ctrl,128,171,133.7,0.4260265827178955,0.7093561991063164
UBFC_PHYS_s14_T1_ctrl,128,172,133.73333333333332,0.8354722261428833,0.37360123266783607
UBFC_PHYS_s14_T1_ctrl,128,173,133.76666666666668,0.951816976070404,-0.03217138028692166
UBFC_PHYS_s14_T1_ctrl,128,174,133.8,0.9379603862762451,-0.4722293811121007
UBFC_PHYS_s14_T1_ctrl,128,175,133.83333333333334,0.92027348279953,-0.8899200238100674
UBFC_PHYS_s14_T1_ctrl,128,176,133.86666666666667,0.9065295457839966,-1.2161256997248961
UBFC_PHYS_s14_T1_ctrl,128,177,133.9,0.8202637434005737,-1.385563325453167
UBFC_PHYS_s14_T1_ctrl,128,178,133.93333333333334,0.6262995004653931,-1.355917695258144
UBFC_PHYS_s14_T1_ctrl,128,179,133.96666666666667,0.3802603781223297,-1.1230786127097758
UBFC_PHYS_s14_T1_ctrl,128,180,134.0,0.1292925477027893,-0.7259761496799317
UBFC_PHYS_s14_T1_ctrl,128,181,134.03333333333333,-0.15400733053684235,-0.23759803594159587
UBFC_PHYS_s14_T1_ctrl,128,182,134.06666666666666,-0.5276286005973816,0.25552898882020886
UBFC_PHYS_s14_T1_ctrl,128,183,134.1,-1.022326111793518,0.6775521267499343
UBFC_PHYS_s14_T1_ctrl,128,184,134.13333333333333,-1.5488206148147583,0.9812379190639998
UBFC_PHYS_s14_T1_ctrl,128,185,134.16666666666666,-1.8066885471343994,1.1526112738493919
UBFC_PHYS_s14_T1_ctrl,128,186,134.2,-1.5099263191223145,1.2020849464208483
UBFC_PHYS_s14_T1_ctrl,128,187,134.23333333333332,-0.7501227855682373,1.1486058061695525
UBFC_PHYS_s14_T1_ctrl,128,188,134.26666666666668,0.09707313776016235,1.0060129730602854
UBFC_PHYS_s14_T1_ctrl,128,189,134.3,0.7642459273338318,0.778446654225037
UBFC_PHYS_s14_T1_ctrl,128,190,134.33333333333334,1.1527658700942993,0.46602847901935235
UBFC_PHYS_s14_T1_ctrl,128,191,134.36666666666667,1.1992080211639404,0.07649576477992492
UBFC_PHYS_s14_T1_ctrl,128,192,134.4,0.9783473014831543,-0.3641216331655489
UBFC_PHYS_s14_T1_ctrl,128,193,134.43333333333334,0.7113823890686035,-0.807758224584808
UBFC_PHYS_s14_T1_ctrl,128,194,134.46666666666667,0.5596075654029846,-1.190138627770952
UBFC_PHYS_s14_T1_ctrl,128,195,134.5,0.49894270300865173,-1.4448049949552886
UBFC_PHYS_s14_T1_ctrl,128,196,134.53333333333333,0.41019850969314575,-1.5208774242240068
UBFC_PHYS_s14_T1_ctrl,128,197,134.56666666666666,0.2476932555437088,-1.398626009415867
UBFC_PHYS_s14_T1_ctrl,128,198,134.6,0.056714385747909546,-1.0972689921720595
UBFC_PHYS_s14_T1_ctrl,128,199,134.63333333333333,-0.14341773092746735,-0.6714018016820569
UBFC_PHYS_s14_T1_ctrl,128,200,134.66666666666666,-0.4099038243293762,-0.1959283219946267
UBFC_PHYS_s14_T1_ctrl,128,201,134.7,-0.8153220415115356,0.25585909055106637
UBFC_PHYS_s14_T1_ctrl,128,202,134.73333333333332,-1.3408589363098145,0.6319760496917944
UBFC_PHYS_s14_T1_ctrl,128,203,134.76666666666668,-1.7441929578781128,0.9100507473852502
UBFC_PHYS_s14_T1_ctrl,128,204,134.8,-1.6600676774978638,1.0911992400899102
UBFC_PHYS_s14_T1_ctrl,128,205,134.83333333333334,-1.0071176290512085,1.1847715191873869
UBFC_PHYS_s14_T1_ctrl,128,206,134.86666666666667,-0.09706008434295654,1.1940285193959532
UBFC_PHYS_s14_T1_ctrl,128,207,134.9,0.6909918189048767,1.1112754534789082
UBFC_PHYS_s14_T1_ctrl,128,208,134.93333333333334,1.187407374382019,0.9244080275906461
UBFC_PHYS_s14_T1_ctrl,128,209,134.96666666666667,1.363234043121338,0.6299599283075299
UBFC_PHYS_s14_T1_ctrl,128,210,135.0,1.2530289888381958,0.24493119738476646
UBFC_PHYS_s14_T1_ctrl,128,211,135.03333333333333,1.0045677423477173,-0.18870032708721496
UBFC_PHYS_s14_T1_ctrl,128,212,135.06666666666666,0.8129693269729614,-0.6089553261142464
UBFC_PHYS_s14_T1_ctrl,128,213,135.1,0.7321391701698303,-0.9465614578214355
UBFC_PHYS_s14_T1_ctrl,128,214,135.13333333333333,0.6843451261520386,-1.1412398041885008
UBFC_PHYS_s14_T1_ctrl,128,215,135.16666666666666,0.6000508069992065,-1.1567598079276298
UBFC_PHYS_s14_T1_ctrl,128,216,135.2,0.4479943513870239,-0.9905328819724939
UBFC_PHYS_s14_T1_ctrl,128,217,135.23333333333332,0.20536303520202637,-0.674869162656651
UBFC_PHYS_s14_T1_ctrl,128,218,135.26666666666668,-0.11170526593923569,-0.26898604341266835
UBFC_PHYS_s14_T1_ctrl,128,219,135.3,-0.47363853454589844,0.1564480748614014
UBFC_PHYS_s14_T1_ctrl,128,220,135.33333333333334,-0.9331876039505005,0.5374367556826439
UBFC_PHYS_s14_T1_ctrl,128,221,135.36666666666667,-1.4688634872436523,0.8308698648885499
UBFC_PHYS_s14_T1_ctrl,128,222,135.4,-1.7912828922271729,1.0193276582156439
UBFC_PHYS_s14_T1_ctrl,128,223,135.43333333333334,-1.5676058530807495,1.1052965267859562
UBFC_PHYS_s14_T1_ctrl,128,224,135.46666666666667,-0.8091822862625122,1.0993752488054982
UBFC_PHYS_s14_T1_ctrl,128,225,135.5,0.12337815016508102,1.0100213576206483
UBFC_PHYS_s14_T1_ctrl,128,226,135.53333333333333,0.8375563621520996,0.8400288260780424
UBFC_PHYS_s14_T1_ctrl,128,227,135.56666666666666,1.1950116157531738,0.5898724028381503
UBFC_PHYS_s14_T1_ctrl,128,228,135.6,1.251930594444275,0.2644263979660695
UBFC_PHYS_s14_T1_ctrl,128,229,135.63333333333333,1.1177864074707031,-0.12118428922843001
UBFC_PHYS_s14_T1_ctrl,128,230,135.66666666666666,0.9125284552574158,-0.5393732534672407
UBFC_PHYS_s14_T1_ctrl,128,231,135.7,0.756895124912262,-0.9519942900552499
UBFC_PHYS_s14_T1_ctrl,128,232,135.73333333333332,0.6948220729827881,-1.3150753138220825
UBFC_PHYS_s14_T1_ctrl,128,233,135.76666666666668,0.6798389554023743,-1.5846219658325156
UBFC_PHYS_s14_T1_ctrl,128,234,135.8,0.6357343792915344,-1.7223912433564867
UBFC_PHYS_s14_T1_ctrl,128,235,135.83333333333334,0.4938732087612152,-1.7014841451535923
UBFC_PHYS_s14_T1_ctrl,128,236,135.86666666666667,0.2327101081609726,-1.5118474866184484
UBFC_PHYS_s14_T1_ctrl,128,237,135.9,-0.09038525819778442,-1.164815753845987
UBFC_PHYS_s14_T1_ctrl,128,238,135.93333333333334,-0.4443199932575226,-0.694428825392701
UBFC_PHYS_s14_T1_ctrl,128,239,135.96666666666667,-0.8800706267356873,-0.15366566257619557
UBFC_PHYS_s14_T1_ctrl,129,0,129.0,1.024057149887085,0.1244476951416606
UBFC_PHYS_s14_T1_ctrl,129,1,129.03333333333333,0.9484091401100159,0.09067346796662759
UBFC_PHYS_s14_T1_ctrl,129,2,129.06666666666666,0.8786473274230957,0.12569690549432333
UBFC_PHYS_s14_T1_ctrl,129,3,129.1,0.7590919137001038,0.27550358997585195
UBFC_PHYS_s14_T1_ctrl,129,4,129.13333333333333,0.5618043541908264,0.5426923659647883
UBFC_PHYS_s14_T1_ctrl,129,5,129.16666666666666,0.3016551434993744,0.88501057871255
UBFC_PHYS_s14_T1_ctrl,129,6,129.2,0.018946699798107147,1.2301873781442088
UBFC_PHYS_s14_T1_ctrl,129,7,129.23333333333332,-0.29139044880867004,1.5012874461360248
UBFC_PHYS_s14_T1_ctrl,129,8,129.26666666666668,-0.687739908695221,1.6414860162530516
UBFC_PHYS_s14_T1_ctrl,129,9,129.3,-1.1691722869873047,1.6274963051064955
UBFC_PHYS_s14_T1_ctrl,129,10,129.33333333333334,-1.5236421823501587,1.468033852370031
UBFC_PHYS_s14_T1_ctrl,129,11,129.36666666666667,-1.4258291721343994,1.192039959151752
UBFC_PHYS_s14_T1_ctrl,129,12,129.4,-0.8056899905204773,0.8347719976875868
UBFC_PHYS_s14_T1_ctrl,129,13,129.43333333333334,0.031338781118392944,0.4281028831379918
UBFC_PHYS_s14_T1_ctrl,129,14,129.46666666666667,0.7318012118339539,-0.002479434438372773
UBFC_PHYS_s14_T1_ctrl,129,15,129.5,1.1406553983688354,-0.4351267238119032
UBFC_PHYS_s14_T1_ctrl,129,16,129.53333333333333,1.2330608367919922,-0.8459708587408872
UBFC_PHYS_s14_T1_ctrl,129,17,129.56666666666666,1.0937626361846924,-1.2039409361453213
UBFC_PHYS_s14_T1_ctrl,129,18,129.6,0.8769575357437134,-1.4693144011652963
UBFC_PHYS_s14_T1_ctrl,129,19,129.63333333333333,0.7238590121269226,-1.598339905480258
UBFC_PHYS_s14_T1_ctrl,129,20,129.66666666666666,0.6814442873001099,-1.5542269474714987
UBFC_PHYS_s14_T1_ctrl,129,21,129.7,0.6805993318557739,-1.321744274908394
UBFC_PHYS_s14_T1_ctrl,129,22,129.73333333333332,0.616808295249939,-0.9196284217148142
UBFC_PHYS_s14_T1_ctrl,129,23,129.76666666666668,0.4517119824886322,-0.403989768302126
UBFC_PHYS_s14_T1_ctrl,129,24,129.8,0.1998429298400879,0.14148593493104702
UBFC_PHYS_s14_T1_ctrl,129,25,129.83333333333334,-0.1327718049287796,0.6267494269003886
UBFC_PHYS_s14_T1_ctrl,129,26,129.86666666666667,-0.5497653484344482,0.9796012758796007
UBFC_PHYS_s14_T1_ctrl,129,27,129.9,-1.0433645248413086,1.1622226705002072
UBFC_PHYS_s14_T1_ctrl,129,28,129.93333333333334,-1.4884936809539795,1.173920335388921
UBFC_PHYS_s14_T1_ctrl,129,29,129.96666666666667,-1.5848703384399414,1.041576185417782
UBFC_PHYS_s14_T1_ctrl,129,30,130.0,-1.123715877532959,0.804409329730953
UBFC_PHYS_s14_T1_ctrl,129,31,130.03333333333333,-0.2691410183906555,0.5003847070684858
UBFC_PHYS_s14_T1_ctrl,129,32,130.06666666666666,0.5773226022720337,0.15896867858078284
UBFC_PHYS_s14_T1_ctrl,129,33,130.1,1.1404863595962524,-0.1988017439961714
UBFC_PHYS_s14_T1_ctrl,129,34,130.13333333333333,1.3376331329345703,-0.5548335706118862
UBFC_PHYS_s14_T1_ctrl,129,35,130.16666666666666,1.2710539102554321,-0.8865235026118837
UBFC_PHYS_s14_T1_ctrl,129,36,130.2,1.1376136541366577,-1.1613169043632838
UBFC_PHYS_s14_T1_ctrl,129,37,130.23333333333332,1.0382798910140991,-1.3367983166634
UBFC_PHYS_s14_T1_ctrl,129,38,130.26666666666668,0.9292577505111694,-1.3681930697598996
UBFC_PHYS_s14_T1_ctrl,129,39,130.3,0.7502202987670898,-1.2222964302399273
UBFC_PHYS_s14_T1_ctrl,129,40,130.33333333333334,0.5013366341590881,-0.8933640793025811
UBFC_PHYS_s14_T1_ctrl,129,41,130.36666666666667,0.2106296718120575,-0.41397068356117556
UBFC_PHYS_s14_T1_ctrl,129,42,130.4,-0.08278102427721024,0.14586605982071166
UBFC_PHYS_s14_T1_ctrl,129,43,130.43333333333334,-0.384556382894516,0.6936971555673034
UBFC_PHYS_s14_T1_ctrl,129,44,130.46666666666667,-0.7673026919364929,1.139093368992851
UBFC_PHYS_s14_T1_ctrl,129,45,130.5,-1.2686187028884888,1.4174729823470067
UBFC_PHYS_s14_T1_ctrl,129,46,130.53333333333333,-1.779792070388794,1.5035413584163126
UBFC_PHYS_s14_T1_ctrl,129,47,130.56666666666666,-2.0363364219665527,1.4100802590801034
UBFC_PHYS_s14_T1_ctrl,129,48,130.6,-1.7781022787094116,1.1750393814731457
UBFC_PHYS_s14_T1_ctrl,129,49,130.63333333333333,-1.032718539237976,0.8446620626268365
UBFC_PHYS_s14_T1_ctrl,129,50,130.66666666666666,-0.14938846230506897,0.4603749767670908
UBFC_PHYS_s14_T1_ctrl,129,51,130.7,0.563156247138977,0.05360357008976292
UBFC_PHYS_s14_T1_ctrl,129,52,130.73333333333332,1.0263384580612183,-0.35166953874079
UBFC_PHYS_s14_T1_ctrl,129,53,130.76666666666668,1.2227247953414917,-0.7319624779658456
UBFC_PHYS_s14_T1_ctrl,129,54,130.8,1.1588211059570312,-1.0575770832951297
UBFC_PHYS_s14_T1_ctrl,129,55,130.83333333333334,0.9697009921073914,-1.2902955527723563
UBFC_PHYS_s14_T1_ctrl,129,56,130.86666666666667,0.8189400434494019,-1.3880887273757323
UBFC_PHYS_s14_T1_ctrl,129,57,130.9,0.7353498339653015,-1.316701177700726
UBFC_PHYS_s14_T1_ctrl,129,58,130.93333333333334,0.6469998955726624,-1.064468764277089
UBFC_PHYS_s14_T1_ctrl,129,59,130.96666666666667,0.50826495885849,-0.6538965796039954
UBFC_PHYS_s14_T1_ctrl,129,60,131.0,0.3257352113723755,-0.14325272193971428
UBFC_PHYS_s14_T1_ctrl,129,61,131.03333333333333,0.07057098299264908,0.3849818219733167
UBFC_PHYS_s14_T1_ctrl,129,62,131.06666666666666,-0.32377883791923523,0.8454449725734529
UBFC_PHYS_s14_T1_ctrl,129,63,131.1,-0.8799579739570618,1.1722288906569722
UBFC_PHYS_s14_T1_ctrl,129,64,131.13333333333333,-1.4895356893539429,1.3329112562203798
UBFC_PHYS_s14_T1_ctrl,129,65,131.16666666666666,-1.8870962858200073,1.3294718988935357
UBFC_PHYS_s14_T1_ctrl,129,66,131.2,-1.7959299087524414,1.1880022871215665
UBFC_PHYS_s14_T1_ctrl,129,67,131.23333333333332,-1.1840990781784058,0.943997287494416
UBFC_PHYS_s14_T1_ctrl,129,68,131.26666666666668,-0.32237064838409424,0.630439104174081
UBFC_PHYS_s14_T1_ctrl,129,69,131.3,0.4478253722190857,0.2727705975880384
UBFC_PHYS_s14_T1_ctrl,129,70,131.33333333333334,0.9394248723983765,-0.1091566675144319
UBFC_PHYS_s14_T1_ctrl,129,71,131.36666666666667,1.1187721490859985,-0.49499954334261015
UBFC_PHYS_s14_T1_ctrl,129,72,131.4,1.0635991096496582,-0.8575918044498078
UBFC_PHYS_s14_T1_ctrl,129,73,131.43333333333334,0.9135423302650452,-1.1598413227130913
UBFC_PHYS_s14_T1_ctrl,129,74,131.46666666666667,0.7758212089538574,-1.357194718529608
UBFC_PHYS_s14_T1_ctrl,129,75,131.5,0.6696154475212097,-1.4062606148154155
UBFC_PHYS_s14_T1_ctrl,129,76,131.53333333333333,0.5693804025650024,-1.2778526953313298
UBFC_PHYS_s14_T1_ctrl,129,77,131.56666666666666,0.44545960426330566,-0.9703688453982744
UBFC_PHYS_s14_T1_ctrl,129,78,131.6,0.2589024603366852,-0.5180129619165891
UBFC_PHYS_s14_T1_ctrl,129,79,131.63333333333333,-0.0021198387257754803,0.011143657628552735
UBFC_PHYS_s14_T1_ctrl,129,80,131.66666666666666,-0.29358723759651184,0.529256017267512
UBFC_PHYS_s14_T1_ctrl,129,81,131.7,-0.6171895265579224,0.9515502917837646
UBFC_PHYS_s14_T1_ctrl,129,82,131.73333333333332,-1.0518136024475098,1.21890410579098
UBFC_PHYS_s14_T1_ctrl,129,83,131.76666666666668,-1.5356117486953735,1.3100178799013928
UBFC_PHYS_s14_T1_ctrl,129,84,131.8,-1.7502200603485107,1.2386857439738879
UBFC_PHYS_s14_T1_ctrl,129,85,131.83333333333334,-1.446050763130188,1.0398560603825804
UBFC_PHYS_s14_T1_ctrl,129,86,131.86666666666667,-0.7088064551353455,0.7530202536252186
UBFC_PHYS_s14_T1_ctrl,129,87,131.9,0.14416305720806122,0.4110257059981345
UBFC_PHYS_s14_T1_ctrl,129,88,131.93333333333334,0.8178698420524597,0.03805722197006334
UBFC_PHYS_s14_T1_ctrl,129,89,131.96666666666667,1.1728748083114624,-0.34475127558957447
UBFC_PHYS_s14_T1_ctrl,129,90,132.0,1.2238794565200806,-0.7110621274040291
UBFC_PHYS_s14_T1_ctrl,129,91,132.03333333333333,1.0775121450424194,-1.0240628155447855
UBFC_PHYS_s14_T1_ctrl,129,92,132.06666666666666,0.8795204162597656,-1.2380577507432045
UBFC_PHYS_s14_T1_ctrl,129,93,132.1,0.7183670401573181,-1.3076719574664055
UBFC_PHYS_s14_T1_ctrl,129,94,132.13333333333333,0.5927000641822815,-1.2020710167177784
UBFC_PHYS_s14_T1_ctrl,129,95,132.16666666666666,0.4514866769313812,-0.9190366690249914
UBFC_PHYS_s14_T1_ctrl,129,96,132.2,0.26684466004371643,-0.49278067305086926
UBFC_PHYS_s14_T1_ctrl,129,97,132.23333333333332,0.047223176807165146,0.009302276026817134
UBFC_PHYS_s14_T1_ctrl,129,98,132.26666666666668,-0.19445057213306427,0.5019819054091675
UBFC_PHYS_s14_T1_ctrl,129,99,132.3,-0.4761732816696167,0.9051480793785717
UBFC_PHYS_s14_T1_ctrl,129,100,132.33333333333334,-0.8516533374786377,1.1649541915885162
UBFC_PHYS_s14_T1_ctrl,129,101,132.36666666666667,-1.3094844818115234,1.2636281111091516
UBFC_PHYS_s14_T1_ctrl,129,102,132.4,-1.656941533088684,1.2147439524859223
UBFC_PHYS_s14_T1_ctrl,129,103,132.43333333333334,-1.6084433794021606,1.0487760449436232
UBFC_PHYS_s14_T1_ctrl,129,104,132.46666666666667,-1.0765414237976074,0.7977251870265448
UBFC_PHYS_s14_T1_ctrl,129,105,132.5,-0.2855605483055115,0.4862492795776151
UBFC_PHYS_s14_T1_ctrl,129,106,132.53333333333333,0.4455159306526184,0.13204221087946505
UBFC_PHYS_s14_T1_ctrl,129,107,132.56666666666666,0.9330598711967468,-0.24693768179473674
UBFC_PHYS_s14_T1_ctrl,129,108,132.6,1.1012823581695557,-0.623929001317956
UBFC_PHYS_s14_T1_ctrl,129,109,132.63333333333333,0.9565766453742981,-0.9591766151369153
UBFC_PHYS_s14_T1_ctrl,129,110,132.66666666666666,0.658490777015686,-1.2032977906462379
UBFC_PHYS_s14_T1_ctrl,129,111,132.7,0.43827784061431885,-1.307918253635492
UBFC_PHYS_s14_T1_ctrl,129,112,132.73333333333332,0.36784011125564575,-1.240290087805903
UBFC_PHYS_s14_T1_ctrl,129,113,132.76666666666668,0.3309173583984375,-0.9967210361603734
UBFC_PHYS_s14_T1_ctrl,129,114,132.8,0.23347052931785583,-0.6091843402985365
UBFC_PHYS_s14_T1_ctrl,129,115,132.83333333333334,0.08718764036893845,-0.14105559222757807
UBFC_PHYS_s14_T1_ctrl,129,116,132.86666666666667,-0.10956481844186783,0.328248153713665
UBFC_PHYS_s14_T1_ctrl,129,117,132.9,-0.38390859961509705,0.724798431160996
UBFC_PHYS_s14_T1_ctrl,129,118,132.93333333333334,-0.7437013983726501,0.9988718130921865
UBFC_PHYS_s14_T1_ctrl,129,119,132.96666666666667,-1.1673979759216309,1.1325343244590098
UBFC_PHYS_s14_T1_ctrl,129,120,133.0,-1.4912537336349487,1.134113819594775
UBFC_PHYS_s14_T1_ctrl,129,121,133.03333333333333,-1.3998057842254639,1.0249076979838065
UBFC_PHYS_s14_T1_ctrl,129,122,133.06666666666666,-0.8168147206306458,0.8264669453007837
UBFC_PHYS_s14_T1_ctrl,129,123,133.1,-0.013835988007485867,0.5547255884638687
UBFC_PHYS_s14_T1_ctrl,129,124,133.13333333333333,0.6693901419639587,0.22248065338717357
UBFC_PHYS_s14_T1_ctrl,129,125,133.16666666666666,1.0382798910140991,-0.15282204158101198
UBFC_PHYS_s14_T1_ctrl,129,126,133.2,1.0365618467330933,-0.541295104046205
UBFC_PHYS_s14_T1_ctrl,129,127,133.23333333333332,0.7770322561264038,-0.8977458630549762
UBFC_PHYS_s14_T1_ctrl,129,128,133.26666666666668,0.5084057450294495,-1.1664817049468663
UBFC_PHYS_s14_T1_ctrl,129,129,133.3,0.379556268453598,-1.293435891958604
UBFC_PHYS_s14_T1_ctrl,129,130,133.33333333333334,0.3112308382987976,-1.2421900036553457
UBFC_PHYS_s14_T1_ctrl,129,131,133.36666666666667,0.18511325120925903,-1.0082065686003583
UBFC_PHYS_s14_T1_ctrl,129,132,133.4,0.003822727594524622,-0.6250246608564785
UBFC_PHYS_s14_T1_ctrl,129,133,133.43333333333334,-0.18050947785377502,-0.15833753737799414
UBFC_PHYS_s14_T1_ctrl,129,134,133.46666666666667,-0.40207427740097046,0.31127570520273556
UBFC_PHYS_s14_T1_ctrl,129,135,133.5,-0.7477288246154785,0.7107069321737673
UBFC_PHYS_s14_T1_ctrl,129,136,133.53333333333333,-1.209136724472046,0.9924097383870177
UBFC_PHYS_s14_T1_ctrl,129,137,133.56666666666666,-1.5888413190841675,1.140651006552054
UBFC_PHYS_s14_T1_ctrl,129,138,133.6,-1.598811388015747,1.1647697490929139
UBFC_PHYS_s14_T1_ctrl,129,139,133.63333333333333,-1.1022549867630005,1.0850790625730495
UBFC_PHYS_s14_T1_ctrl,129,140,133.66666666666666,-0.2992199957370758,0.9197791286309452
UBFC_PHYS_s14_T1_ctrl,129,141,133.7,0.4260265827178955,0.6792481279011343
UBFC_PHYS_s14_T1_ctrl,129,142,133.73333333333332,0.8354722261428833,0.36935057225587287
UBFC_PHYS_s14_T1_ctrl,129,143,133.76666666666668,0.951816976070404,0.0006739311986505895
UBFC_PHYS_s14_T1_ctrl,129,144,133.8,0.9379603862762451,-0.4019643647442573
UBFC_PHYS_s14_T1_ctrl,129,145,133.83333333333334,0.92027348279953,-0.7951840559479421
UBFC_PHYS_s14_T1_ctrl,129,146,133.86666666666667,0.9065295457839966,-1.120952630236265
UBFC_PHYS_s14_T1_ctrl,129,147,133.9,0.8202637434005737,-1.3184919531310584
UBFC_PHYS_s14_T1_ctrl,129,148,133.93333333333334,0.6262995004653931,-1.3408727301557497
UBFC_PHYS_s14_T1_ctrl,129,149,133.96666666666667,0.3802603781223297,-1.170857172814182
UBFC_PHYS_s14_T1_ctrl,129,150,134.0,0.1292925477027893,-0.8298791028823049
UBFC_PHYS_s14_T1_ctrl,129,151,134.03333333333333,-0.15400733053684235,-0.3755717234228135
UBFC_PHYS_s14_T1_ctrl,129,152,134.06666666666666,-0.5276286005973816,0.11282370350870834
UBFC_PHYS_s14_T1_ctrl,129,153,134.1,-1.022326111793518,0.5565237527683436
UBFC_PHYS_s14_T1_ctrl,129,154,134.13333333333333,-1.5488206148147583,0.8977969839340794
UBFC_PHYS_s14_T1_ctrl,129,155,134.16666666666666,-1.8066885471343994,1.110201214578237
UBFC_PHYS_s14_T1_ctrl,129,156,134.2,-1.5099263191223145,1.1951176287077003
UBFC_PHYS_s14_T1_ctrl,129,157,134.23333333333332,-0.7501227855682373,1.16862686591584
UBFC_PHYS_s14_T1_ctrl,129,158,134.26666666666668,0.09707313776016235,1.0471827821196036
UBFC_PHYS_s14_T1_ctrl,129,159,134.3,0.7642459273338318,0.8398908732689342
UBFC_PHYS_s14_T1_ctrl,129,160,134.33333333333334,1.1527658700942993,0.5504460531164153
UBFC_PHYS_s14_T1_ctrl,129,161,134.36666666666667,1.1992080211639404,0.18614802496556568
UBFC_PHYS_s14_T1_ctrl,129,162,134.4,0.9783473014831543,-0.2318978813966564
UBFC_PHYS_s14_T1_ctrl,129,163,134.43333333333334,0.7113823890686035,-0.6632323764867956
UBFC_PHYS_s14_T1_ctrl,129,164,134.46666666666667,0.5596075654029846,-1.0504054988281406
UBFC_PHYS_s14_T1_ctrl,129,165,134.5,0.49894270300865173,-1.329209041760398
UBFC_PHYS_s14_T1_ctrl,129,166,134.53333333333333,0.41019850969314575,-1.4441698465193293
UBFC_PHYS_s14_T1_ctrl,129,167,134.56666666666666,0.2476932555437088,-1.3649457085930645
UBFC_PHYS_s14_T1_ctrl,129,168,134.6,0.056714385747909546,-1.0981309445813368
UBFC_PHYS_s14_T1_ctrl,129,169,134.63333333333333,-0.14341773092746735,-0.6891268422748396
UBFC_PHYS_s14_T1_ctrl,129,170,134.66666666666666,-0.4099038243293762,-0.21119608007904825
UBFC_PHYS_s14_T1_ctrl,129,171,134.7,-0.8153220415115356,0.25585799791411085
UBFC_PHYS_s14_T1_ctrl,129,172,134.73333333333332,-1.3408589363098145,0.6486209890219321
UBFC_PHYS_s14_T1_ctrl,129,173,134.76666666666668,-1.7441929578781128,0.9337042792913177
UBFC_PHYS_s14_T1_ctrl,129,174,134.8,-1.6600676774978638,1.1063703844446733
UBFC_PHYS_s14_T1_ctrl,129,175,134.83333333333334,-1.0071176290512085,1.1772084308986641
UBFC_PHYS_s14_T1_ctrl,129,176,134.86666666666667,-0.09706008434295654,1.1561272210939844
UBFC_PHYS_s14_T1_ctrl,129,177,134.9,0.6909918189048767,1.0432394950866604
UBFC_PHYS_s14_T1_ctrl,129,178,134.93333333333334,1.187407374382019,0.8310485990612696
UBFC_PHYS_s14_T1_ctrl,129,179,134.96666666666667,1.363234043121338,0.5154721280460145
UBFC_PHYS_s14_T1_ctrl,129,180,135.0,1.2530289888381958,0.10884086971788628
UBFC_PHYS_s14_T1_ctrl,129,181,135.03333333333333,1.0045677423477173,-0.35218894347770846
UBFC_PHYS_s14_T1_ctrl,129,182,135.06666666666666,0.8129693269729614,-0.8076998552907796
UBFC_PHYS_s14_T1_ctrl,129,183,135.1,0.7321391701698303,-1.1844386845483599
UBFC_PHYS_s14_T1_ctrl,129,184,135.13333333333333,0.6843451261520386,-1.4118182980060148
UBFC_PHYS_s14_T1_ctrl,129,185,135.16666666666666,0.6000508069992065,-1.4398839139930713
UBFC_PHYS_s14_T1_ctrl,129,186,135.2,0.4479943513870239,-1.2543621925230923
UBFC_PHYS_s14_T1_ctrl,129,187,135.23333333333332,0.20536303520202637,-0.883750942686417
UBFC_PHYS_s14_T1_ctrl,129,188,135.26666666666668,-0.11170526593923569,-0.3946264193180557
UBFC_PHYS_s14_T1_ctrl,129,189,135.3,-0.47363853454589844,0.125159030919321
UBFC_PHYS_s14_T1_ctrl,129,190,135.33333333333334,-0.9331876039505005,0.5904401558137021
UBFC_PHYS_s14_T1_ctrl,129,191,135.36666666666667,-1.4688634872436523,0.9407817126127646
UBFC_PHYS_s14_T1_ctrl,129,192,135.4,-1.7912828922271729,1.1516031024499258
UBFC_PHYS_s14_T1_ctrl,129,193,135.43333333333334,-1.5676058530807495,1.2304029474344673
UBFC_PHYS_s14_T1_ctrl,129,194,135.46666666666667,-0.8091822862625122,1.2017688058943476
UBFC_PHYS_s14_T1_ctrl,129,195,135.5,0.12337815016508102,1.090284164725554
UBFC_PHYS_s14_T1_ctrl,129,196,135.53333333333333,0.8375563621520996,0.9100590830222964
UBFC_PHYS_s14_T1_ctrl,129,197,135.56666666666666,1.1950116157531738,0.6646319617766856
UBFC_PHYS_s14_T1_ctrl,129,198,135.6,1.251930594444275,0.3551574046525843
UBFC_PHYS_s14_T1_ctrl,129,199,135.63333333333333,1.1177864074707031,-0.008725952589649257
UBFC_PHYS_s14_T1_ctrl,129,200,135.66666666666666,0.9125284552574158,-0.40095036856904154
UBFC_PHYS_s14_T1_ctrl,129,201,135.7,0.756895124912262,-0.7773999109821907
UBFC_PHYS_s14_T1_ctrl,129,202,135.73333333333332,0.6948220729827881,-1.0815871927217895
UBFC_PHYS_s14_T1_ctrl,129,203,135.76666666666668,0.6798389554023743,-1.256532438379655
UBFC_PHYS_s14_T1_ctrl,129,204,135.8,0.6357343792915344,-1.2599301110863368
UBFC_PHYS_s14_T1_ctrl,129,205,135.83333333333334,0.4938732087612152,-1.0782286265933219
UBFC_PHYS_s14_T1_ctrl,129,206,135.86666666666667,0.2327101081609726,-0.7346259978149847
UBFC_PHYS_s14_T1_ctrl,129,207,135.9,-0.09038525819778442,-0.2868969422294244
UBFC_PHYS_s14_T1_ctrl,129,208,135.93333333333334,-0.4443199932575226,0.18607812340626895
UBFC_PHYS_s14_T1_ctrl,129,209,135.96666666666667,-0.8800706267356873,0.6053949191353931
UBFC_PHYS_s14_T1_ctrl,129,210,136.0,-1.362404227256775,0.9124064401033637
UBFC_PHYS_s14_T1_ctrl,129,211,136.03333333333333,-1.6117666959762573,1.079231819189172
UBFC_PHYS_s14_T1_ctrl,129,212,136.06666666666666,-1.361305832862854,1.1060030980240165
UBFC_PHYS_s14_T1_ctrl,129,213,136.1,-0.6778544187545776,1.0089492013704995
UBFC_PHYS_s14_T1_ctrl,129,214,136.13333333333333,0.10149486362934113,0.8076445468394139
UBFC_PHYS_s14_T1_ctrl,129,215,136.16666666666666,0.695667028427124,0.518470806201283
UBFC_PHYS_s14_T1_ctrl,129,216,136.2,1.0088486671447754,0.15608301390410115
UBFC_PHYS_s14_T1_ctrl,129,217,136.23333333333332,1.039575457572937,-0.26035201091043
UBFC_PHYS_s14_T1_ctrl,129,218,136.26666666666668,0.8618053793907166,-0.7008833501886532
UBFC_PHYS_s14_T1_ctrl,129,219,136.3,0.6469717621803284,-1.1219806495784708
UBFC_PHYS_s14_T1_ctrl,129,220,136.33333333333334,0.5265432596206665,-1.4690569140946315
UBFC_PHYS_s14_T1_ctrl,129,221,136.36666666666667,0.4963516294956207,-1.6847851433854335
UBFC_PHYS_s14_T1_ctrl,129,222,136.4,0.4735107719898224,-1.7222158988425298
UBFC_PHYS_s14_T1_ctrl,129,223,136.43333333333334,0.3862592577934265,-1.5595488040718357
UBFC_PHYS_s14_T1_ctrl,129,224,136.46666666666667,0.20820757746696472,-1.2110303098864488
UBFC_PHYS_s14_T1_ctrl,129,225,136.5,-0.051519181579351425,-0.7280708710189828
UBFC_PHYS_s14_T1_ctrl,129,226,136.53333333333333,-0.38058528304100037,-0.18796397635297948
UBFC_PHYS_s14_T1_ctrl,129,227,136.56666666666666,-0.7731607556343079,0.32661268339282645
UBFC_PHYS_s14_T1_ctrl,129,228,136.6,-1.2104041576385498,0.7490445672890627
UBFC_PHYS_s14_T1_ctrl,129,229,136.63333333333333,-1.562536358833313,1.0422105463516198
UBFC_PHYS_s14_T1_ctrl,129,230,136.66666666666666,-1.5646204948425293,1.1997516415941196
UBFC_PHYS_s14_T1_ctrl,129,231,136.7,-1.07124662399292,1.2377751989129109
UBFC_PHYS_s14_T1_ctrl,129,232,136.73333333333332,-0.29499542713165283,1.1835394643773718
UBFC_PHYS_s14_T1_ctrl,129,233,136.76666666666668,0.4008762836456299,1.0669659774773126
UBFC_PHYS_s14_T1_ctrl,129,234,136.8,0.8454421758651733,0.9167494204320101
UBFC_PHYS_s14_T1_ctrl,129,235,136.83333333333334,1.02293062210083,0.7588707420449102
UBFC_PHYS_s14_T1_ctrl,129,236,136.86666666666667,0.9564639925956726,0.6144214660421051
UBFC_PHYS_s14_T1_ctrl,129,237,136.9,0.7711741924285889,0.49573931646597785
UBFC_PHYS_s14_T1_ctrl,129,238,136.93333333333334,0.6358188986778259,0.4027978687454474
UBFC_PHYS_s14_T1_ctrl,129,239,136.96666666666667,0.5824766159057617,0.32311991714304933
UBFC_PHYS_s14_T1_ctrl,130,0,130.0,-1.123715877532959,-0.03986884929916563
UBFC_PHYS_s14_T1_ctrl,130,1,130.03333333333333,-0.2691410183906555,-0.1225405425273213
UBFC_PHYS_s14_T1_ctrl,130,2,130.06666666666666,0.5773226022720337,-0.24423343002003023
UBFC_PHYS_s14_T1_ctrl,130,3,130.1,1.1404863595962524,-0.43025582908318494
UBFC_PHYS_s14_T1_ctrl,130,4,130.13333333333333,1.3376331329345703,-0.680206553012225
UBFC_PHYS_s14_T1_ctrl,130,5,130.16666666666666,1.2710539102554321,-0.965708879623301
UBFC_PHYS_s14_T1_ctrl,130,6,130.2,1.1376136541366577,-1.2361457838130776
UBFC_PHYS_s14_T1_ctrl,130,7,130.23333333333332,1.0382798910140991,-1.430279695123816
UBFC_PHYS_s14_T1_ctrl,130,8,130.26666666666668,0.9292577505111694,-1.490982293730575
UBFC_PHYS_s14_T1_ctrl,130,9,130.3,0.7502202987670898,-1.3803291392375532
UBFC_PHYS_s14_T1_ctrl,130,10,130.33333333333334,0.5013366341590881,-1.0919700039142175
UBFC_PHYS_s14_T1_ctrl,130,11,130.36666666666667,0.2106296718120575,-0.657021018487759
UBFC_PHYS_s14_T1_ctrl,130,12,130.4,-0.08278102427721024,-0.13990175464597415
UBFC_PHYS_s14_T1_ctrl,130,13,130.43333333333334,-0.384556382894516,0.3767430470153389
UBFC_PHYS_s14_T1_ctrl,130,14,130.46666666666667,-0.7673026919364929,0.8137358417858266
UBFC_PHYS_s14_T1_ctrl,130,15,130.5,-1.2686187028884888,1.115307767291711
UBFC_PHYS_s14_T1_ctrl,130,16,130.53333333333333,-1.779792070388794,1.2594117600196981
UBFC_PHYS_s14_T1_ctrl,130,17,130.56666666666666,-2.0363364219665527,1.2553068720435643
UBFC_PHYS_s14_T1_ctrl,130,18,130.6,-1.7781022787094116,1.1314840193841067
UBFC_PHYS_s14_T1_ctrl,130,19,130.63333333333333,-1.032718539237976,0.9210335412560138
UBFC_PHYS_s14_T1_ctrl,130,20,130.66666666666666,-0.14938846230506897,0.6513513859998933
UBFC_PHYS_s14_T1_ctrl,130,21,130.7,0.563156247138977,0.3415397184476708
UBFC_PHYS_s14_T1_ctrl,130,22,130.73333333333332,1.0263384580612183,0.006513105022405716
UBFC_PHYS_s14_T1_ctrl,130,23,130.76666666666668,1.2227247953414917,-0.33599918442465343
UBFC_PHYS_s14_T1_ctrl,130,24,130.8,1.1588211059570312,-0.659683671694892
UBFC_PHYS_s14_T1_ctrl,130,25,130.83333333333334,0.9697009921073914,-0.9280151573277929
UBFC_PHYS_s14_T1_ctrl,130,26,130.86666666666667,0.8189400434494019,-1.0982347664102352
UBFC_PHYS_s14_T1_ctrl,130,27,130.9,0.7353498339653015,-1.1307926961839747
UBFC_PHYS_s14_T1_ctrl,130,28,130.93333333333334,0.6469998955726624,-1.002044161738412
UBFC_PHYS_s14_T1_ctrl,130,29,130.96666666666667,0.50826495885849,-0.715860373269258
UBFC_PHYS_s14_T1_ctrl,130,30,131.0,0.3257352113723755,-0.3087769577342202
UBFC_PHYS_s14_T1_ctrl,130,31,131.03333333333333,0.07057098299264908,0.15515280880799792
UBFC_PHYS_s14_T1_ctrl,130,32,131.06666666666666,-0.32377883791923523,0.5992917537528288
UBFC_PHYS_s14_T1_ctrl,130,33,131.1,-0.8799579739570618,0.9538182115720819
UBFC_PHYS_s14_T1_ctrl,130,34,131.13333333333333,-1.4895356893539429,1.171950677729887
UBFC_PHYS_s14_T1_ctrl,130,35,131.16666666666666,-1.8870962858200073,1.236953236048928
UBFC_PHYS_s14_T1_ctrl,130,36,131.2,-1.7959299087524414,1.1586074094061636
UBFC_PHYS_s14_T1_ctrl,130,37,131.23333333333332,-1.1840990781784058,0.9627878809346841
UBFC_PHYS_s14_T1_ctrl,130,38,131.26666666666668,-0.32237064838409424,0.6801149307067065
UBFC_PHYS_s14_T1_ctrl,130,39,131.3,0.4478253722190857,0.33874777020610003
UBFC_PHYS_s14_T1_ctrl,130,40,131.33333333333334,0.9394248723983765,-0.03665437233283313
UBFC_PHYS_s14_T1_ctrl,130,41,131.36666666666667,1.1187721490859985,-0.4211140481651401
UBFC_PHYS_s14_T1_ctrl,130,42,131.4,1.0635991096496582,-0.7840754090539852
UBFC_PHYS_s14_T1_ctrl,130,43,131.43333333333334,0.9135423302650452,-1.086561588359407
UBFC_PHYS_s14_T1_ctrl,130,44,131.46666666666667,0.7758212089538574,-1.283642361690207
UBFC_PHYS_s14_T1_ctrl,130,45,131.5,0.6696154475212097,-1.3330487926430756
UBFC_PHYS_s14_T1_ctrl,130,46,131.53333333333333,0.5693804025650024,-1.2080930351267751
UBFC_PHYS_s14_T1_ctrl,130,47,131.56666666666666,0.44545960426330566,-0.9104805129578752
UBFC_PHYS_s14_T1_ctrl,130,48,131.6,0.2589024603366852,-0.4771964249047444
UBFC_PHYS_s14_T1_ctrl,130,49,131.63333333333333,-0.0021198387257754803,0.023335576213204274
UBFC_PHYS_s14_T1_ctrl,130,50,131.66666666666666,-0.29358723759651184,0.5067382104152377
UBFC_PHYS_s14_T1_ctrl,130,51,131.7,-0.6171895265579224,0.8951771706735935
UBFC_PHYS_s14_T1_ctrl,130,52,131.73333333333332,-1.0518136024475098,1.1377635930189087
UBFC_PHYS_s14_T1_ctrl,130,53,131.76666666666668,-1.5356117486953735,1.219845235145038
UBFC_PHYS_s14_T1_ctrl,130,54,131.8,-1.7502200603485107,1.1579049573815532
UBFC_PHYS_s14_T1_ctrl,130,55,131.83333333333334,-1.446050763130188,0.9844459943290857
UBFC_PHYS_s14_T1_ctrl,130,56,131.86666666666667,-0.7088064551353455,0.7318305861156004
UBFC_PHYS_s14_T1_ctrl,130,57,131.9,0.14416305720806122,0.4232665170999247
UBFC_PHYS_s14_T1_ctrl,130,58,131.93333333333334,0.8178698420524597,0.07397624320088203
UBFC_PHYS_s14_T1_ctrl,130,59,131.96666666666667,1.1728748083114624,-0.30032702125365485
UBFC_PHYS_s14_T1_ctrl,130,60,132.0,1.2238794565200806,-0.6737323748830942
UBFC_PHYS_s14_T1_ctrl,130,61,132.03333333333333,1.0775121450424194,-1.0051341564838432
UBFC_PHYS_s14_T1_ctrl,130,62,132.06666666666666,0.8795204162597656,-1.2415284040231533
UBFC_PHYS_s14_T1_ctrl,130,63,132.1,0.7183670401573181,-1.3298165604335725
UBFC_PHYS_s14_T1_ctrl,130,64,132.13333333333333,0.5927000641822815,-1.2339083619779871
UBFC_PHYS_s14_T1_ctrl,130,65,132.16666666666666,0.4514866769313812,-0.9510645277327231
UBFC_PHYS_s14_T1_ctrl,130,66,132.2,0.26684466004371643,-0.5200694538396711
UBFC_PHYS_s14_T1_ctrl,130,67,132.23333333333332,0.047223176807165146,-0.015621384128657828
UBFC_PHYS_s14_T1_ctrl,130,68,132.26666666666668,-0.19445057213306427,0.4711890800235039
UBFC_PHYS_s14_T1_ctrl,130,69,132.3,-0.4761732816696167,0.8594379230390397
UBFC_PHYS_s14_T1_ctrl,130,70,132.33333333333334,-0.8516533374786377,1.1004342550816126
UBFC_PHYS_s14_T1_ctrl,130,71,132.36666666666667,-1.3094844818115234,1.185276069335372
UBFC_PHYS_s14_T1_ctrl,130,72,132.4,-1.656941533088684,1.1358645712752398
UBFC_PHYS_s14_T1_ctrl,130,73,132.43333333333334,-1.6084433794021606,0.9863170536559648
UBFC_PHYS_s14_T1_ctrl,130,74,132.46666666666667,-1.0765414237976074,0.7655965405236228
UBFC_PHYS_s14_T1_ctrl,130,75,132.5,-0.2855605483055115,0.4897218358935488
UBFC_PHYS_s14_T1_ctrl,130,76,132.53333333333333,0.4455159306526184,0.16563973459184453
UBFC_PHYS_s14_T1_ctrl,130,77,132.56666666666666,0.9330598711967468,-0.19738908286077747
UBFC_PHYS_s14_T1_ctrl,130,78,132.6,1.1012823581695557,-0.5761037824682512
UBFC_PHYS_s14_T1_ctrl,130,79,132.63333333333333,0.9565766453742981,-0.9277485563383495
UBFC_PHYS_s14_T1_ctrl,130,80,132.66666666666666,0.658490777015686,-1.1940309742692587
UBFC_PHYS_s14_T1_ctrl,130,81,132.7,0.43827784061431885,-1.3140544676354602
UBFC_PHYS_s14_T1_ctrl,130,82,132.73333333333332,0.36784011125564575,-1.2428435830587916
UBFC_PHYS_s14_T1_ctrl,130,83,132.76666666666668,0.3309173583984375,-0.9697582316225323
UBFC_PHYS_s14_T1_ctrl,130,84,132.8,0.23347052931785583,-0.5293754211064495
UBFC_PHYS_s14_T1_ctrl,130,85,132.83333333333334,0.08718764036893845,0.0017247833248768014
UBFC_PHYS_s14_T1_ctrl,130,86,132.86666666666667,-0.10956481844186783,0.5239044575761843
UBFC_PHYS_s14_T1_ctrl,130,87,132.9,-0.38390859961509705,0.9432380500403326
UBFC_PHYS_s14_T1_ctrl,130,88,132.93333333333334,-0.7437013983726501,1.1980205129882506
UBFC_PHYS_s14_T1_ctrl,130,89,132.96666666666667,-1.1673979759216309,1.2711067349988483
UBFC_PHYS_s14_T1_ctrl,130,90,133.0,-1.4912537336349487,1.1840620716427326
UBFC_PHYS_s14_T1_ctrl,130,91,133.03333333333333,-1.3998057842254639,0.9789245487367337
UBFC_PHYS_s14_T1_ctrl,130,92,133.06666666666666,-0.8168147206306458,0.698300133136217
UBFC_PHYS_s14_T1_ctrl,130,93,133.1,-0.013835988007485867,0.3730324423159958
UBFC_PHYS_s14_T1_ctrl,130,94,133.13333333333333,0.6693901419639587,0.021196324609502857
UBFC_PHYS_s14_T1_ctrl,130,95,133.16666666666666,1.0382798910140991,-0.3438575654250835
UBFC_PHYS_s14_T1_ctrl,130,96,133.2,1.0365618467330933,-0.7023985354871529
UBFC_PHYS_s14_T1_ctrl,130,97,133.23333333333332,0.7770322561264038,-1.0206943889000144
UBFC_PHYS_s14_T1_ctrl,130,98,133.26666666666668,0.5084057450294495,-1.251411638350773
UBFC_PHYS_s14_T1_ctrl,130,99,133.3,0.379556268453598,-1.3431828684442972
UBFC_PHYS_s14_T1_ctrl,130,100,133.33333333333334,0.3112308382987976,-1.2568458490686427
UBFC_PHYS_s14_T1_ctrl,130,101,133.36666666666667,0.18511325120925903,-0.9826916204642389
UBFC_PHYS_s14_T1_ctrl,130,102,133.4,0.003822727594524622,-0.5512739344999954
UBFC_PHYS_s14_T1_ctrl,130,103,133.43333333333334,-0.18050947785377502,-0.0314754330659681
UBFC_PHYS_s14_T1_ctrl,130,104,133.46666666666667,-0.40207427740097046,0.48572817490549863
UBFC_PHYS_s14_T1_ctrl,130,105,133.5,-0.7477288246154785,0.9125930847749113
UBFC_PHYS_s14_T1_ctrl,130,106,133.53333333333333,-1.209136724472046,1.1884297993573327
UBFC_PHYS_s14_T1_ctrl,130,107,133.56666666666666,-1.5888413190841675,1.2914321602427628
UBFC_PHYS_s14_T1_ctrl,130,108,133.6,-1.598811388015747,1.234667021899111
UBFC_PHYS_s14_T1_ctrl,130,109,133.63333333333333,-1.1022549867630005,1.050903543248505
UBFC_PHYS_s14_T1_ctrl,130,110,133.66666666666666,-0.2992199957370758,0.7756451867694811
UBFC_PHYS_s14_T1_ctrl,130,111,133.7,0.4260265827178955,0.43681009460062403
UBFC_PHYS_s14_T1_ctrl,130,112,133.73333333333332,0.8354722261428833,0.05457534769398233
UBFC_PHYS_s14_T1_ctrl,130,113,133.76666666666668,0.951816976070404,-0.3508708583816539
UBFC_PHYS_s14_T1_ctrl,130,114,133.8,0.9379603862762451,-0.7496098901347206
UBFC_PHYS_s14_T1_ctrl,130,115,133.83333333333334,0.92027348279953,-1.0967536310871373
UBFC_PHYS_s14_T1_ctrl,130,116,133.86666666666667,0.9065295457839966,-1.3358906753904392
UBFC_PHYS_s14_T1_ctrl,130,117,133.9,0.8202637434005737,-1.4116118762543777
UBFC_PHYS_s14_T1_ctrl,130,118,133.93333333333334,0.6262995004653931,-1.287514480609156
UBFC_PHYS_s14_T1_ctrl,130,119,133.96666666666667,0.3802603781223297,-0.9630161574482887
UBFC_PHYS_s14_T1_ctrl,130,120,134.0,0.1292925477027893,-0.4812965459294567
UBFC_PHYS_s14_T1_ctrl,130,121,134.03333333333333,-0.15400733053684235,0.07696508716465116
UBFC_PHYS_s14_T1_ctrl,130,122,134.06666666666666,-0.5276286005973816,0.6136735613966843
UBFC_PHYS_s14_T1_ctrl,130,123,134.1,-1.022326111793518,1.0402595796283194
UBFC_PHYS_s14_T1_ctrl,130,124,134.13333333333333,-1.5488206148147583,1.3006256016338973
UBFC_PHYS_s14_T1_ctrl,130,125,134.16666666666666,-1.8066885471343994,1.3807483915350052
UBFC_PHYS_s14_T1_ctrl,130,126,134.2,-1.5099263191223145,1.302314418684337
UBFC_PHYS_s14_T1_ctrl,130,127,134.23333333333332,-0.7501227855682373,1.105520676912258
UBFC_PHYS_s14_T1_ctrl,130,128,134.26666666666668,0.09707313776016235,0.8303312453223746
UBFC_PHYS_s14_T1_ctrl,130,129,134.3,0.7642459273338318,0.504633514771066
UBFC_PHYS_s14_T1_ctrl,130,130,134.33333333333334,1.1527658700942993,0.14321286124600063
UBFC_PHYS_s14_T1_ctrl,130,131,134.36666666666667,1.1992080211639404,-0.24406731144256597
UBFC_PHYS_s14_T1_ctrl,130,132,134.4,0.9783473014831543,-0.640431673278762
UBFC_PHYS_s14_T1_ctrl,130,133,134.43333333333334,0.7113823890686035,-1.0133307928497
UBFC_PHYS_s14_T1_ctrl,130,134,134.46666666666667,0.5596075654029846,-1.313490598610357
UBFC_PHYS_s14_T1_ctrl,130,135,134.5,0.49894270300865173,-1.48348497485728
UBFC_PHYS_s14_T1_ctrl,130,136,134.53333333333333,0.41019850969314575,-1.4738126610176792
UBFC_PHYS_s14_T1_ctrl,130,137,134.56666666666666,0.2476932555437088,-1.2613757675545978
UBFC_PHYS_s14_T1_ctrl,130,138,134.6,0.056714385747909546,-0.8633880732735228
UBFC_PHYS_s14_T1_ctrl,130,139,134.63333333333333,-0.14341773092746735,-0.3399153920510565
UBFC_PHYS_s14_T1_ctrl,130,140,134.66666666666666,-0.4099038243293762,0.2187018385538019
UBFC_PHYS_s14_T1_ctrl,130,141,134.7,-0.8153220415115356,0.7169431400518624
UBFC_PHYS_s14_T1_ctrl,130,142,134.73333333333332,-1.3408589363098145,1.0816467382306165
UBFC_PHYS_s14_T1_ctrl,130,143,134.76666666666668,-1.7441929578781128,1.2792961059358492
UBFC_PHYS_s14_T1_ctrl,130,144,134.8,-1.6600676774978638,1.316092546151069
UBFC_PHYS_s14_T1_ctrl,130,145,134.83333333333334,-1.0071176290512085,1.223495597081467
UBFC_PHYS_s14_T1_ctrl,130,146,134.86666666666667,-0.09706008434295654,1.0385610554213152
UBFC_PHYS_s14_T1_ctrl,130,147,134.9,0.6909918189048767,0.7890662679911054
UBFC_PHYS_s14_T1_ctrl,130,148,134.93333333333334,1.187407374382019,0.48901959064903233
UBFC_PHYS_s14_T1_ctrl,130,149,134.96666666666667,1.363234043121338,0.14416246526767798
UBFC_PHYS_s14_T1_ctrl,130,150,135.0,1.2530289888381958,-0.23708385076304075
UBFC_PHYS_s14_T1_ctrl,130,151,135.03333333333333,1.0045677423477173,-0.6330444564655067
UBFC_PHYS_s14_T1_ctrl,130,152,135.06666666666666,0.8129693269729614,-1.0034481985877388
UBFC_PHYS_s14_T1_ctrl,130,153,135.1,0.7321391701698303,-1.2921066983005174
UBFC_PHYS_s14_T1_ctrl,130,154,135.13333333333333,0.6843451261520386,-1.4380413572852175
UBFC_PHYS_s14_T1_ctrl,130,155,135.16666666666666,0.6000508069992065,-1.3928584767600924
UBFC_PHYS_s14_T1_ctrl,130,156,135.2,0.4479943513870239,-1.139349389672184
UBFC_PHYS_s14_T1_ctrl,130,157,135.23333333333332,0.20536303520202637,-0.7041888352266721
UBFC_PHYS_s14_T1_ctrl,130,158,135.26666666666668,-0.11170526593923569,-0.1577885319693298
UBFC_PHYS_s14_T1_ctrl,130,159,135.3,-0.47363853454589844,0.4015917756134799
UBFC_PHYS_s14_T1_ctrl,130,160,135.33333333333334,-0.9331876039505005,0.8750693043205352
UBFC_PHYS_s14_T1_ctrl,130,161,135.36666666666667,-1.4688634872436523,1.1909683403459739
UBFC_PHYS_s14_T1_ctrl,130,162,135.4,-1.7912828922271729,1.3215724343239155
UBFC_PHYS_s14_T1_ctrl,130,163,135.43333333333334,-1.5676058530807495,1.2823945520830704
UBFC_PHYS_s14_T1_ctrl,130,164,135.46666666666667,-0.8091822862625122,1.1162981373390561
UBFC_PHYS_s14_T1_ctrl,130,165,135.5,0.12337815016508102,0.8717216062991501
UBFC_PHYS_s14_T1_ctrl,130,166,135.53333333333333,0.8375563621520996,0.5853859260236955
UBFC_PHYS_s14_T1_ctrl,130,167,135.56666666666666,1.1950116157531738,0.2758362625987971
UBFC_PHYS_s14_T1_ctrl,130,168,135.6,1.251930594444275,-0.05176332386330078
UBFC_PHYS_s14_T1_ctrl,130,169,135.63333333333333,1.1177864074707031,-0.39393276584346426
UBFC_PHYS_s14_T1_ctrl,130,170,135.66666666666666,0.9125284552574158,-0.7365519718504446
UBFC_PHYS_s14_T1_ctrl,130,171,135.7,0.756895124912262,-1.0475463063444694
UBFC_PHYS_s14_T1_ctrl,130,172,135.73333333333332,0.6948220729827881,-1.2781327851197148
UBFC_PHYS_s14_T1_ctrl,130,173,135.76666666666668,0.6798389554023743,-1.3733249006966777
UBFC_PHYS_s14_T1_ctrl,130,174,135.8,0.6357343792915344,-1.2891851669270071
UBFC_PHYS_s14_T1_ctrl,130,175,135.83333333333334,0.4938732087612152,-1.0113074341296453
UBFC_PHYS_s14_T1_ctrl,130,176,135.86666666666667,0.2327101081609726,-0.5671798677461699
UBFC_PHYS_s14_T1_ctrl,130,177,135.9,-0.09038525819778442,-0.025832130819728717
UBFC_PHYS_s14_T1_ctrl,130,178,135.93333333333334,-0.4443199932575226,0.517672461873739
UBFC_PHYS_s14_T1_ctrl,130,179,135.96666666666667,-0.8800706267356873,0.9685547207958145
UBFC_PHYS_s14_T1_ctrl,130,180,136.0,-1.362404227256775,1.2587217656827818
UBFC_PHYS_s14_T1_ctrl,130,181,136.03333333333333,-1.6117666959762573,1.3615772710287175
UBFC_PHYS_s14_T1_ctrl,130,182,136.06666666666666,-1.361305832862854,1.2900959231079907
UBFC_PHYS_s14_T1_ctrl,130,183,136.1,-0.6778544187545776,1.0821129688128985
UBFC_PHYS_s14_T1_ctrl,130,184,136.13333333333333,0.10149486362934113,0.7820359966807079
UBFC_PHYS_s14_T1_ctrl,130,185,136.16666666666666,0.695667028427124,0.4277130336125826
UBFC_PHYS_s14_T1_ctrl,130,186,136.2,1.0088486671447754,0.04670874910052568
UBFC_PHYS_s14_T1_ctrl,130,187,136.23333333333332,1.039575457572937,-0.33910104858440876
UBFC_PHYS_s14_T1_ctrl,130,188,136.26666666666668,0.8618053793907166,-0.7052058889093611
UBFC_PHYS_s14_T1_ctrl,130,189,136.3,0.6469717621803284,-1.0179325016077594
UBFC_PHYS_s14_T1_ctrl,130,190,136.33333333333334,0.5265432596206665,-1.2341351874515636
UBFC_PHYS_s14_T1_ctrl,130,191,136.36666666666667,0.4963516294956207,-1.3090594953197958
UBFC_PHYS_s14_T1_ctrl,130,192,136.4,0.4735107719898224,-1.211006665679706
UBFC_PHYS_s14_T1_ctrl,130,193,136.43333333333334,0.3862592577934265,-0.9375288821424439
UBFC_PHYS_s14_T1_ctrl,130,194,136.46666666666667,0.20820757746696472,-0.5248462022924384
UBFC_PHYS_s14_T1_ctrl,130,195,136.5,-0.051519181579351425,-0.0433680816782125
UBFC_PHYS_s14_T1_ctrl,130,196,136.53333333333333,-0.38058528304100037,0.42106541919706864
UBFC_PHYS_s14_T1_ctrl,130,197,136.56666666666666,-0.7731607556343079,0.7924794392547766
UBFC_PHYS_s14_T1_ctrl,130,198,136.6,-1.2104041576385498,1.0249680397900651
UBFC_PHYS_s14_T1_ctrl,130,199,136.63333333333333,-1.562536358833313,1.1090592758815248
UBFC_PHYS_s14_T1_ctrl,130,200,136.66666666666666,-1.5646204948425293,1.0634654964657706
UBFC_PHYS_s14_T1_ctrl,130,201,136.7,-1.07124662399292,0.9189975674426543
UBFC_PHYS_s14_T1_ctrl,130,202,136.73333333333332,-0.29499542713165283,0.7037522798604628
UBFC_PHYS_s14_T1_ctrl,130,203,136.76666666666668,0.4008762836456299,0.43586205634005604
UBFC_PHYS_s14_T1_ctrl,130,204,136.8,0.8454421758651733,0.12512096099208056
UBFC_PHYS_s14_T1_ctrl,130,205,136.83333333333334,1.02293062210083,-0.21934760018739016
UBFC_PHYS_s14_T1_ctrl,130,206,136.86666666666667,0.9564639925956726,-0.579935719649788
UBFC_PHYS_s14_T1_ctrl,130,207,136.9,0.7711741924285889,-0.9242413064597836
UBFC_PHYS_s14_T1_ctrl,130,208,136.93333333333334,0.6358188986778259,-1.2048945039789416
UBFC_PHYS_s14_T1_ctrl,130,209,136.96666666666667,0.5824766159057617,-1.3671256803612648
UBFC_PHYS_s14_T1_ctrl,130,210,137.0,0.5183757543563843,-1.3631497696128436
UBFC_PHYS_s14_T1_ctrl,130,211,137.03333333333333,0.36902299523353577,-1.1693250134305637
UBFC_PHYS_s14_T1_ctrl,130,212,137.06666666666666,0.1433744579553604,-0.7994133484540185
UBFC_PHYS_s14_T1_ctrl,130,213,137.1,-0.1148877814412117,-0.3069830329830891
UBFC_PHYS_s14_T1_ctrl,130,214,137.13333333333333,-0.39218875765800476,0.22659772014030607
UBFC_PHYS_s14_T1_ctrl,130,215,137.16666666666666,-0.7246345281600952,0.7154796562081425
UBFC_PHYS_s14_T1_ctrl,130,216,137.2,-1.1497392654418945,1.0940243624732415
UBFC_PHYS_s14_T1_ctrl,130,217,137.23333333333332,-1.588700532913208,1.3312833441108367
UBFC_PHYS_s14_T1_ctrl,130,218,137.26666666666668,-1.7699347734451294,1.4297196223769335
UBFC_PHYS_s14_T1_ctrl,130,219,137.3,-1.4337995052337646,1.4116486926576701
UBFC_PHYS_s14_T1_ctrl,130,220,137.33333333333334,-0.6843602657318115,1.3023907569095845
UBFC_PHYS_s14_T1_ctrl,130,221,137.36666666666667,0.10346632450819016,1.1188943851771005
UBFC_PHYS_s14_T1_ctrl,130,222,137.4,0.6600679159164429,0.8680643373998334
UBFC_PHYS_s14_T1_ctrl,130,223,137.43333333333334,0.9465503096580505,0.5534668144525047
UBFC_PHYS_s14_T1_ctrl,130,224,137.46666666666667,0.9969072341918945,0.1855156452377024
UBFC_PHYS_s14_T1_ctrl,130,225,137.5,0.8631009459495544,-0.21035679289273337
UBFC_PHYS_s14_T1_ctrl,130,226,137.53333333333333,0.6722910404205322,-0.5913883200828259
UBFC_PHYS_s14_T1_ctrl,130,227,137.56666666666666,0.550454318523407,-0.902478582905972
UBFC_PHYS_s14_T1_ctrl,130,228,137.6,0.489479660987854,-1.0878700318785144
UBFC_PHYS_s14_T1_ctrl,130,229,137.63333333333333,0.4085368514060974,-1.1069965472619177
UBFC_PHYS_s14_T1_ctrl,130,230,137.66666666666666,0.27391377091407776,-0.9498930225319405
UBFC_PHYS_s14_T1_ctrl,130,231,137.7,0.09338367730379105,-0.6460513935730596
UBFC_PHYS_s14_T1_ctrl,130,232,137.73333333333332,-0.14800843596458435,-0.26122676026901914
UBFC_PHYS_s14_T1_ctrl,130,233,137.76666666666668,-0.470258891582489,0.11900368537400127
UBFC_PHYS_s14_T1_ctrl,130,234,137.8,-0.8746350407600403,0.4131637114185626
UBFC_PHYS_s14_T1_ctrl,130,235,137.83333333333334,-1.3222707509994507,0.5651009980749707
UBFC_PHYS_s14_T1_ctrl,130,236,137.86666666666667,-1.6349737644195557,0.5544811535316789
UBFC_PHYS_s14_T1_ctrl,130,237,137.9,-1.5265711545944214,0.39504768834803716
UBFC_PHYS_s14_T1_ctrl,130,238,137.93333333333334,-0.9176411628723145,0.12506758203451385
UBFC_PHYS_s14_T1_ctrl,130,239,137.96666666666667,-0.08576638996601105,-0.20359935174753557
UBFC_PHYS_s14_T1_ctrl,131,0,131.0,0.3257352113723755,-0.07173917656331658
UBFC_PHYS_s14_T1_ctrl,131,1,131.03333333333333,0.07057098299264908,0.10042866231630669
UBFC_PHYS_s14_T1_ctrl,131,2,131.06666666666666,-0.32377883791923523,0.28369518397132076
UBFC_PHYS_s14_T1_ctrl,131,3,131.1,-0.8799579739570618,0.48174766991289797
UBFC_PHYS_s14_T1_ctrl,131,4,131.13333333333333,-1.4895356893539429,0.6875767484000842
UBFC_PHYS_s14_T1_ctrl,131,5,131.16666666666666,-1.8870962858200073,0.8798766446524137
UBFC_PHYS_s14_T1_ctrl,131,6,131.2,-1.7959299087524414,1.0231534067833352
UBFC_PHYS_s14_T1_ctrl,131,7,131.23333333333332,-1.1840990781784058,1.0741266590234382
UBFC_PHYS_s14_T1_ctrl,131,8,131.26666666666668,-0.32237064838409424,0.9941267451010112
UBFC_PHYS_s14_T1_ctrl,131,9,131.3,0.4478253722190857,0.7634084260437743
UBFC_PHYS_s14_T1_ctrl,131,10,131.33333333333334,0.9394248723983765,0.3918258156332765
UBFC_PHYS_s14_T1_ctrl,131,11,131.36666666666667,1.1187721490859985,-0.07834401143600897
UBFC_PHYS_s14_T1_ctrl,131,12,131.4,1.0635991096496582,-0.5787259790383128
UBFC_PHYS_s14_T1_ctrl,131,13,131.43333333333334,0.9135423302650452,-1.028597565685666
UBFC_PHYS_s14_T1_ctrl,131,14,131.46666666666667,0.7758212089538574,-1.3522950199508368
UBFC_PHYS_s14_T1_ctrl,131,15,131.5,0.6696154475212097,-1.4957327878949547
UBFC_PHYS_s14_T1_ctrl,131,16,131.53333333333333,0.5693804025650024,-1.4378573232620961
UBFC_PHYS_s14_T1_ctrl,131,17,131.56666666666666,0.44545960426330566,-1.1941973210871502
UBFC_PHYS_s14_T1_ctrl,131,18,131.6,0.2589024603366852,-0.8116986106589237
UBFC_PHYS_s14_T1_ctrl,131,19,131.63333333333333,-0.0021198387257754803,-0.35615358691353227
UBFC_PHYS_s14_T1_ctrl,131,20,131.66666666666666,-0.29358723759651184,0.10459197589118274
UBFC_PHYS_s14_T1_ctrl,131,21,131.7,-0.6171895265579224,0.5165471514143533
UBFC_PHYS_s14_T1_ctrl,131,22,131.73333333333332,-1.0518136024475098,0.8482492297936369
UBFC_PHYS_s14_T1_ctrl,131,23,131.76666666666668,-1.5356117486953735,1.0881808080807642
UBFC_PHYS_s14_T1_ctrl,131,24,131.8,-1.7502200603485107,1.2334835837878468
UBFC_PHYS_s14_T1_ctrl,131,25,131.83333333333334,-1.446050763130188,1.2782104985533589
UBFC_PHYS_s14_T1_ctrl,131,26,131.86666666666667,-0.7088064551353455,1.209108946282737
UBFC_PHYS_s14_T1_ctrl,131,27,131.9,0.14416305720806122,1.0117149066298359
UBFC_PHYS_s14_T1_ctrl,131,28,131.93333333333334,0.8178698420524597,0.6834345506152467
UBFC_PHYS_s14_T1_ctrl,131,29,131.96666666666667,1.1728748083114624,0.24644749406668381
UBFC_PHYS_s14_T1_ctrl,131,30,132.0,1.2238794565200806,-0.24685428253444988
UBFC_PHYS_s14_T1_ctrl,131,31,132.03333333333333,1.0775121450424194,-0.719925117507945
UBFC_PHYS_s14_T1_ctrl,131,32,132.06666666666666,0.8795204162597656,-1.0887176393725022
UBFC_PHYS_s14_T1_ctrl,131,33,132.1,0.7183670401573181,-1.2836267115440632
UBFC_PHYS_s14_T1_ctrl,131,34,132.13333333333333,0.5927000641822815,-1.2692931685550513
UBFC_PHYS_s14_T1_ctrl,131,35,132.16666666666666,0.4514866769313812,-1.055361554494238
UBFC_PHYS_s14_T1_ctrl,131,36,132.2,0.26684466004371643,-0.6940075285049224
UBFC_PHYS_s14_T1_ctrl,131,37,132.23333333333332,0.047223176807165146,-0.2642743014119582
UBFC_PHYS_s14_T1_ctrl,131,38,132.26666666666668,-0.19445057213306427,0.15197566980541682
UBFC_PHYS_s14_T1_ctrl,131,39,132.3,-0.4761732816696167,0.4936724212970735
UBFC_PHYS_s14_T1_ctrl,131,40,132.33333333333334,-0.8516533374786377,0.7336435790454687
UBFC_PHYS_s14_T1_ctrl,131,41,132.36666666666667,-1.3094844818115234,0.8752951272385189
UBFC_PHYS_s14_T1_ctrl,131,42,132.4,-1.656941533088684,0.9360059470982885
UBFC_PHYS_s14_T1_ctrl,131,43,132.43333333333334,-1.6084433794021606,0.9280055322740698
UBFC_PHYS_s14_T1_ctrl,131,44,132.46666666666667,-1.0765414237976074,0.8478914822532334
UBFC_PHYS_s14_T1_ctrl,131,45,132.5,-0.2855605483055115,0.6800036721208966
UBFC_PHYS_s14_T1_ctrl,131,46,132.53333333333333,0.4455159306526184,0.4111313954468527
UBFC_PHYS_s14_T1_ctrl,131,47,132.56666666666666,0.9330598711967468,0.04828462787083944
UBFC_PHYS_s14_T1_ctrl,131,48,132.6,1.1012823581695557,-0.37024821960060667
UBFC_PHYS_s14_T1_ctrl,131,49,132.63333333333333,0.9565766453742981,-0.7771387934709731
UBFC_PHYS_s14_T1_ctrl,131,50,132.66666666666666,0.658490777015686,-1.0918347705027585
UBFC_PHYS_s14_T1_ctrl,131,51,132.7,0.43827784061431885,-1.2442133385864684
UBFC_PHYS_s14_T1_ctrl,131,52,132.73333333333332,0.36784011125564575,-1.1973953346625792
UBFC_PHYS_s14_T1_ctrl,131,53,132.76666666666668,0.3309173583984375,-0.9613187223533135
UBFC_PHYS_s14_T1_ctrl,131,54,132.8,0.23347052931785583,-0.5912811048916674
UBFC_PHYS_s14_T1_ctrl,131,55,132.83333333333334,0.08718764036893845,-0.17055587404237174
UBFC_PHYS_s14_T1_ctrl,131,56,132.86666666666667,-0.10956481844186783,0.21727402526995607
UBFC_PHYS_s14_T1_ctrl,131,57,132.9,-0.38390859961509705,0.5150286418426149
UBFC_PHYS_s14_T1_ctrl,131,58,132.93333333333334,-0.7437013983726501,0.7052710902662478
UBFC_PHYS_s14_T1_ctrl,131,59,132.96666666666667,-1.1673979759216309,0.8037465513419432
UBFC_PHYS_s14_T1_ctrl,131,60,133.0,-1.4912537336349487,0.8377190465874272
UBFC_PHYS_s14_T1_ctrl,131,61,133.03333333333333,-1.3998057842254639,0.8228252416191304
UBFC_PHYS_s14_T1_ctrl,131,62,133.06666666666666,-0.8168147206306458,0.7517034233097074
UBFC_PHYS_s14_T1_ctrl,131,63,133.1,-0.013835988007485867,0.5998928099809321
UBFC_PHYS_s14_T1_ctrl,131,64,133.13333333333333,0.6693901419639587,0.3452135960298042
UBFC_PHYS_s14_T1_ctrl,131,65,133.16666666666666,1.0382798910140991,-0.009692026501791797
UBFC_PHYS_s14_T1_ctrl,131,66,133.2,1.0365618467330933,-0.4235455288638402
UBFC_PHYS_s14_T1_ctrl,131,67,133.23333333333332,0.7770322561264038,-0.8193681983244742
UBFC_PHYS_s14_T1_ctrl,131,68,133.26666666666668,0.5084057450294495,-1.104587868067184
UBFC_PHYS_s14_T1_ctrl,131,69,133.3,0.379556268453598,-1.2011373211685068
UBFC_PHYS_s14_T1_ctrl,131,70,133.33333333333334,0.3112308382987976,-1.0741353239616775
UBFC_PHYS_s14_T1_ctrl,131,71,133.36666666666667,0.18511325120925903,-0.7476314960328452
UBFC_PHYS_s14_T1_ctrl,131,72,133.4,0.003822727594524622,-0.299588018731702
UBFC_PHYS_s14_T1_ctrl,131,73,133.43333333333334,-0.18050947785377502,0.16399497424085127
UBFC_PHYS_s14_T1_ctrl,131,74,133.46666666666667,-0.40207427740097046,0.545955714970381
UBFC_PHYS_s14_T1_ctrl,131,75,133.5,-0.7477288246154785,0.7897136290394112
UBFC_PHYS_s14_T1_ctrl,131,76,133.53333333333333,-1.209136724472046,0.8919413686628294
UBFC_PHYS_s14_T1_ctrl,131,77,133.56666666666666,-1.5888413190841675,0.89166530037974
UBFC_PHYS_s14_T1_ctrl,131,78,133.6,-1.598811388015747,0.8426897998430952
UBFC_PHYS_s14_T1_ctrl,131,79,133.63333333333333,-1.1022549867630005,0.78361861752768
UBFC_PHYS_s14_T1_ctrl,131,80,133.66666666666666,-0.2992199957370758,0.7195617671385343
UBFC_PHYS_s14_T1_ctrl,131,81,133.7,0.4260265827178955,0.6230443950754774
UBFC_PHYS_s14_T1_ctrl,131,82,133.73333333333332,0.8354722261428833,0.4525479330624584
UBFC_PHYS_s14_T1_ctrl,131,83,133.76666666666668,0.951816976070404,0.17935546156938828
UBFC_PHYS_s14_T1_ctrl,131,84,133.8,0.9379603862762451,-0.19009779448714983
UBFC_PHYS_s14_T1_ctrl,131,85,133.83333333333334,0.92027348279953,-0.606801513001257
UBFC_PHYS_s14_T1_ctrl,131,86,133.86666666666667,0.9065295457839966,-0.9899497699204138
UBFC_PHYS_s14_T1_ctrl,131,87,133.9,0.8202637434005737,-1.2513621129838146
UBFC_PHYS_s14_T1_ctrl,131,88,133.93333333333334,0.6262995004653931,-1.3243131952649085
UBFC_PHYS_s14_T1_ctrl,131,89,133.96666666666667,0.3802603781223297,-1.1864889145803696
UBFC_PHYS_s14_T1_ctrl,131,90,134.0,0.1292925477027893,-0.8684897675083835
UBFC_PHYS_s14_T1_ctrl,131,91,134.03333333333333,-0.15400733053684235,-0.44389328706289394
UBFC_PHYS_s14_T1_ctrl,131,92,134.06666666666666,-0.5276286005973816,-0.003941749551891519
UBFC_PHYS_s14_T1_ctrl,131,93,134.1,-1.022326111793518,0.3731594007893739
UBFC_PHYS_s14_T1_ctrl,131,94,134.13333333333333,-1.5488206148147583,0.6451071796239041
UBFC_PHYS_s14_T1_ctrl,131,95,134.16666666666666,-1.8066885471343994,0.8104785383897651
UBFC_PHYS_s14_T1_ctrl,131,96,134.2,-1.5099263191223145,0.8948100780531587
UBFC_PHYS_s14_T1_ctrl,131,97,134.23333333333332,-0.7501227855682373,0.926410397503573
UBFC_PHYS_s14_T1_ctrl,131,98,134.26666666666668,0.09707313776016235,0.9150658910731863
UBFC_PHYS_s14_T1_ctrl,131,99,134.3,0.7642459273338318,0.8445365124309784
UBFC_PHYS_s14_T1_ctrl,131,100,134.33333333333334,1.1527658700942993,0.6824371888879401
UBFC_PHYS_s14_T1_ctrl,131,101,134.36666666666667,1.1992080211639404,0.40232111451507835
UBFC_PHYS_s14_T1_ctrl,131,102,134.4,0.9783473014831543,0.006595037257303961
UBFC_PHYS_s14_T1_ctrl,131,103,134.43333333333334,0.7113823890686035,-0.4614994080001071
UBFC_PHYS_s14_T1_ctrl,131,104,134.46666666666667,0.5596075654029846,-0.9229596438920015
UBFC_PHYS_s14_T1_ctrl,131,105,134.5,0.49894270300865173,-1.2834409937067188
UBFC_PHYS_s14_T1_ctrl,131,106,134.53333333333333,0.41019850969314575,-1.461601873940164
UBFC_PHYS_s14_T1_ctrl,131,107,134.56666666666666,0.2476932555437088,-1.4155030375435995
UBFC_PHYS_s14_T1_ctrl,131,108,134.6,0.056714385747909546,-1.1575094555253918
UBFC_PHYS_s14_T1_ctrl,131,109,134.63333333333333,-0.14341773092746735,-0.7511995426956765
UBFC_PHYS_s14_T1_ctrl,131,110,134.66666666666666,-0.4099038243293762,-0.289612819576286
UBFC_PHYS_s14_T1_ctrl,131,111,134.7,-0.8153220415115356,0.13786048745522633
UBFC_PHYS_s14_T1_ctrl,131,112,134.73333333333332,-1.3408589363098145,0.47551284374398656
UBFC_PHYS_s14_T1_ctrl,131,113,134.76666666666668,-1.7441929578781128,0.7135737782114778
UBFC_PHYS_s14_T1_ctrl,131,114,134.8,-1.6600676774978638,0.8772640705425353
UBFC_PHYS_s14_T1_ctrl,131,115,134.83333333333334,-1.0071176290512085,1.0000174356014104
UBFC_PHYS_s14_T1_ctrl,131,116,134.86666666666667,-0.09706008434295654,1.096099345567987
UBFC_PHYS_s14_T1_ctrl,131,117,134.9,0.6909918189048767,1.1471675740837255
UBFC_PHYS_s14_T1_ctrl,131,118,134.93333333333334,1.187407374382019,1.1093636887224532
UBFC_PHYS_s14_T1_ctrl,131,119,134.96666666666667,1.363234043121338,0.9369090334827403
UBFC_PHYS_s14_T1_ctrl,131,120,135.0,1.2530289888381958,0.6102923375514612
UBFC_PHYS_s14_T1_ctrl,131,121,135.03333333333333,1.0045677423477173,0.15548569019660302
UBFC_PHYS_s14_T1_ctrl,131,122,135.06666666666666,0.8129693269729614,-0.3545499921878511
UBFC_PHYS_s14_T1_ctrl,131,123,135.1,0.7321391701698303,-0.8168896676724339
UBFC_PHYS_s14_T1_ctrl,131,124,135.13333333333333,0.6843451261520386,-1.128122671274333
UBFC_PHYS_s14_T1_ctrl,131,125,135.16666666666666,0.6000508069992065,-1.216278955528019
UBFC_PHYS_s14_T1_ctrl,131,126,135.2,0.4479943513870239,-1.0645031321682752
UBFC_PHYS_s14_T1_ctrl,131,127,135.23333333333332,0.20536303520202637,-0.7179664876872343
UBFC_PHYS_s14_T1_ctrl,131,128,135.26666666666668,-0.11170526593923569,-0.27024200531152237
UBFC_PHYS_s14_T1_ctrl,131,129,135.3,-0.47363853454589844,0.16740229859074843
UBFC_PHYS_s14_T1_ctrl,131,130,135.33333333333334,-0.9331876039505005,0.5024121809706015
UBFC_PHYS_s14_T1_ctrl,131,131,135.36666666666667,-1.4688634872436523,0.6880018506552725
UBFC_PHYS_s14_T1_ctrl,131,132,135.4,-1.7912828922271729,0.7299094443591969
UBFC_PHYS_s14_T1_ctrl,131,133,135.43333333333334,-1.5676058530807495,0.6716552542101097
UBFC_PHYS_s14_T1_ctrl,131,134,135.46666666666667,-0.8091822862625122,0.5670788122886624
UBFC_PHYS_s14_T1_ctrl,131,135,135.5,0.12337815016508102,0.4539951128448491
UBFC_PHYS_s14_T1_ctrl,131,136,135.53333333333333,0.8375563621520996,0.34062688488301684
UBFC_PHYS_s14_T1_ctrl,131,137,135.56666666666666,1.1950116157531738,0.20909030936188427
UBFC_PHYS_s14_T1_ctrl,131,138,135.6,1.251930594444275,0.031986003290732576
UBFC_PHYS_s14_T1_ctrl,131,139,135.63333333333333,1.1177864074707031,-0.20699411547268767
UBFC_PHYS_s14_T1_ctrl,131,140,135.66666666666666,0.9125284552574158,-0.497790041224946
UBFC_PHYS_s14_T1_ctrl,131,141,135.7,0.756895124912262,-0.7999909448830279
UBFC_PHYS_s14_T1_ctrl,131,142,135.73333333333332,0.6948220729827881,-1.0514992295936123
UBFC_PHYS_s14_T1_ctrl,131,143,135.76666666666668,0.6798389554023743,-1.1868446795439842
UBFC_PHYS_s14_T1_ctrl,131,144,135.8,0.6357343792915344,-1.158902159086338
UBFC_PHYS_s14_T1_ctrl,131,145,135.83333333333334,0.4938732087612152,-0.956390891152798
UBFC_PHYS_s14_T1_ctrl,131,146,135.86666666666667,0.2327101081609726,-0.610512392326714
UBFC_PHYS_s14_T1_ctrl,131,147,135.9,-0.09038525819778442,-0.1873037301767687
UBFC_PHYS_s14_T1_ctrl,131,148,135.93333333333334,-0.4443199932575226,0.23280154937122782
UBFC_PHYS_s14_T1_ctrl,131,149,135.96666666666667,-0.8800706267356873,0.5809469098163219
UBFC_PHYS_s14_T1_ctrl,131,150,136.0,-1.362404227256775,0.8198653532940312
UBFC_PHYS_s14_T1_ctrl,131,151,136.03333333333333,-1.6117666959762573,0.9481336705190958
UBFC_PHYS_s14_T1_ctrl,131,152,136.06666666666666,-1.361305832862854,0.9876711550934218
UBFC_PHYS_s14_T1_ctrl,131,153,136.1,-0.6778544187545776,0.9630944912401134
UBFC_PHYS_s14_T1_ctrl,131,154,136.13333333333333,0.10149486362934113,0.8849342628884743
UBFC_PHYS_s14_T1_ctrl,131,155,136.16666666666666,0.695667028427124,0.7451686790559002
UBFC_PHYS_s14_T1_ctrl,131,156,136.2,1.0088486671447754,0.5264151958431492
UBFC_PHYS_s14_T1_ctrl,131,157,136.23333333333332,1.039575457572937,0.21933028386287143
UBFC_PHYS_s14_T1_ctrl,131,158,136.26666666666668,0.8618053793907166,-0.16079433321656342
UBFC_PHYS_s14_T1_ctrl,131,159,136.3,0.6469717621803284,-0.5666666034102276
UBFC_PHYS_s14_T1_ctrl,131,160,136.33333333333334,0.5265432596206665,-0.925349630517659
UBFC_PHYS_s14_T1_ctrl,131,161,136.36666666666667,0.4963516294956207,-1.1573207446714362
UBFC_PHYS_s14_T1_ctrl,131,162,136.4,0.4735107719898224,-1.202096700015535
UBFC_PHYS_s14_T1_ctrl,131,163,136.43333333333334,0.3862592577934265,-1.0409405676482268
UBFC_PHYS_s14_T1_ctrl,131,164,136.46666666666667,0.20820757746696472,-0.7067921863763857
UBFC_PHYS_s14_T1_ctrl,131,165,136.5,-0.051519181579351425,-0.2754401906784157
UBFC_PHYS_s14_T1_ctrl,131,166,136.53333333333333,-0.38058528304100037,0.16023866539198048
UBFC_PHYS_s14_T1_ctrl,131,167,136.56666666666666,-0.7731607556343079,0.5226321568845894
UBFC_PHYS_s14_T1_ctrl,131,168,136.6,-1.2104041576385498,0.7734259202932079
UBFC_PHYS_s14_T1_ctrl,131,169,136.63333333333333,-1.562536358833313,0.9176873855735279
UBFC_PHYS_s14_T1_ctrl,131,170,136.66666666666666,-1.5646204948425293,0.987105654857385
UBFC_PHYS_s14_T1_ctrl,131,171,136.7,-1.07124662399292,1.0128218977906984
UBFC_PHYS_s14_T1_ctrl,131,172,136.73333333333332,-0.29499542713165283,1.0029071203830786
UBFC_PHYS_s14_T1_ctrl,131,173,136.76666666666668,0.4008762836456299,0.9359078816024523
UBFC_PHYS_s14_T1_ctrl,131,174,136.8,0.8454421758651733,0.7730092891873664
UBFC_PHYS_s14_T1_ctrl,131,175,136.83333333333334,1.02293062210083,0.48217795186751267
UBFC_PHYS_s14_T1_ctrl,131,176,136.86666666666667,0.9564639925956726,0.06247712630705444
UBFC_PHYS_s14_T1_ctrl,131,177,136.9,0.7711741924285889,-0.44279214050275706
UBFC_PHYS_s14_T1_ctrl,131,178,136.93333333333334,0.6358188986778259,-0.9503507373641709
UBFC_PHYS_s14_T1_ctrl,131,179,136.96666666666667,0.5824766159057617,-1.3577525024984565
UBFC_PHYS_s14_T1_ctrl,131,180,137.0,0.5183757543563843,-1.5737642049379372
UBFC_PHYS_s14_T1_ctrl,131,181,137.03333333333333,0.36902299523353577,-1.5478414786046168
UBFC_PHYS_s14_T1_ctrl,131,182,137.06666666666666,0.1433744579553604,-1.288028502033998
UBFC_PHYS_s14_T1_ctrl,131,183,137.1,-0.1148877814412117,-0.859704700815846
UBFC_PHYS_s14_T1_ctrl,131,184,137.13333333333333,-0.39218875765800476,-0.3637065248353988
UBFC_PHYS_s14_T1_ctrl,131,185,137.16666666666666,-0.7246345281600952,0.09898835178896934
UBFC_PHYS_s14_T1_ctrl,131,186,137.2,-1.1497392654418945,0.46066509241306175
UBFC_PHYS_s14_T1_ctrl,131,187,137.23333333333332,-1.588700532913208,0.7023192382077313
UBFC_PHYS_s14_T1_ctrl,131,188,137.26666666666668,-1.7699347734451294,0.8450322768794417
UBFC_PHYS_s14_T1_ctrl,131,189,137.3,-1.4337995052337646,0.924510861574095
UBFC_PHYS_s14_T1_ctrl,131,190,137.33333333333334,-0.6843602657318115,0.9635003475004702
UBFC_PHYS_s14_T1_ctrl,131,191,137.36666666666667,0.10346632450819016,0.9559840999403363
UBFC_PHYS_s14_T1_ctrl,131,192,137.4,0.6600679159164429,0.8703576703222778
UBFC_PHYS_s14_T1_ctrl,131,193,137.43333333333334,0.9465503096580505,0.6694734920933438
UBFC_PHYS_s14_T1_ctrl,131,194,137.46666666666667,0.9969072341918945,0.3373666206669507
UBFC_PHYS_s14_T1_ctrl,131,195,137.5,0.8631009459495544,-0.10069976117817794
UBFC_PHYS_s14_T1_ctrl,131,196,137.53333333333333,0.6722910404205322,-0.5749439242918509
UBFC_PHYS_s14_T1_ctrl,131,197,137.56666666666666,0.550454318523407,-0.9869697587360844
UBFC_PHYS_s14_T1_ctrl,131,198,137.6,0.489479660987854,-1.2391939592905554
UBFC_PHYS_s14_T1_ctrl,131,199,137.63333333333333,0.4085368514060974,-1.2668435760393693
UBFC_PHYS_s14_T1_ctrl,131,200,137.66666666666666,0.27391377091407776,-1.0607463878788943
UBFC_PHYS_s14_T1_ctrl,131,201,137.7,0.09338367730379105,-0.6721730853118765
UBFC_PHYS_s14_T1_ctrl,131,202,137.73333333333332,-0.14800843596458435,-0.19666697348071396
UBFC_PHYS_s14_T1_ctrl,131,203,137.76666666666668,-0.470258891582489,0.2582623095396061
UBFC_PHYS_s14_T1_ctrl,131,204,137.8,-0.8746350407600403,0.6085777152672369
UBFC_PHYS_s14_T1_ctrl,131,205,137.83333333333334,-1.3222707509994507,0.8166420569634969
UBFC_PHYS_s14_T1_ctrl,131,206,137.86666666666667,-1.6349737644195557,0.8923093407480169
UBFC_PHYS_s14_T1_ctrl,131,207,137.9,-1.5265711545944214,0.8741607876611375
UBFC_PHYS_s14_T1_ctrl,131,208,137.93333333333334,-0.9176411628723145,0.8022133337493207
UBFC_PHYS_s14_T1_ctrl,131,209,137.96666666666667,-0.08576638996601105,0.6964063008461306
UBFC_PHYS_s14_T1_ctrl,131,210,138.0,0.5889261364936829,0.5509737902498518
UBFC_PHYS_s14_T1_ctrl,131,211,138.03333333333333,0.9299899935722351,0.34610397792544134
UBFC_PHYS_s14_T1_ctrl,131,212,138.06666666666666,0.9960060119628906,0.06954037231314836
UBFC_PHYS_s14_T1_ctrl,131,213,138.1,0.8712121248245239,-0.2638533240602508
UBFC_PHYS_s14_T1_ctrl,131,214,138.13333333333333,0.6544070243835449,-0.605079186967396
UBFC_PHYS_s14_T1_ctrl,131,215,138.16666666666666,0.498661071062088,-0.8808376174033161
UBFC_PHYS_s14_T1_ctrl,131,216,138.2,0.4757920503616333,-1.0168074254129529
UBFC_PHYS_s14_T1_ctrl,131,217,138.23333333333332,0.47103235125541687,-0.9651383649713914
UBFC_PHYS_s14_T1_ctrl,131,218,138.26666666666668,0.36493924260139465,-0.725050821528201
UBFC_PHYS_s14_T1_ctrl,131,219,138.3,0.19037988781929016,-0.3475705992910124
UBFC_PHYS_s14_T1_ctrl,131,220,138.33333333333334,-0.018989967182278633,0.07925214193948144
UBFC_PHYS_s14_T1_ctrl,131,221,138.36666666666667,-0.313020259141922,0.46024765496725517
UBFC_PHYS_s14_T1_ctrl,131,222,138.4,-0.7113975286483765,0.7254891391344649
UBFC_PHYS_s14_T1_ctrl,131,223,138.43333333333334,-1.1674542427062988,0.8500574691921321
UBFC_PHYS_s14_T1_ctrl,131,224,138.46666666666667,-1.5320067405700684,0.8529975108520486
UBFC_PHYS_s14_T1_ctrl,131,225,138.5,-1.5233604907989502,0.7783315193171877
UBFC_PHYS_s14_T1_ctrl,131,226,138.53333333333333,-0.9971758127212524,0.6689207808118774
UBFC_PHYS_s14_T1_ctrl,131,227,138.56666666666666,-0.23565424978733063,0.5457429084141084
UBFC_PHYS_s14_T1_ctrl,131,228,138.6,0.4220554828643799,0.40138897156812686
UBFC_PHYS_s14_T1_ctrl,131,229,138.63333333333333,0.8421188592910767,0.2094968604407838
UBFC_PHYS_s14_T1_ctrl,131,230,138.66666666666666,0.9887115359306335,-0.05543946424916059
UBFC_PHYS_s14_T1_ctrl,131,231,138.7,0.8806751370429993,-0.39764295070206435
UBFC_PHYS_s14_T1_ctrl,131,232,138.73333333333332,0.6795573234558105,-0.788176370637938
UBFC_PHYS_s14_T1_ctrl,131,233,138.76666666666668,0.5491024851799011,-1.1664615065945174
UBFC_PHYS_s14_T1_ctrl,131,234,138.8,0.4857620298862457,-1.4544859323437733
UBFC_PHYS_s14_T1_ctrl,131,235,138.83333333333334,0.4164227247238159,-1.578474865067265
UBFC_PHYS_s14_T1_ctrl,131,236,138.86666666666667,0.31348395347595215,-1.4906994989013824
UBFC_PHYS_s14_T1_ctrl,131,237,138.9,0.16900354623794556,-1.1845376959595426
UBFC_PHYS_s14_T1_ctrl,131,238,138.93333333333334,-0.02949507348239422,-0.6983797314119778
UBFC_PHYS_s14_T1_ctrl,131,239,138.96666666666667,-0.3063172698020935,-0.10791554389267234
UBFC_PHYS_s14_T1_ctrl,132,0,132.0,1.2238794565200806,0.10991002348975776
UBFC_PHYS_s14_T1_ctrl,132,1,132.03333333333333,1.0775121450424194,-0.056379633274936496
UBFC_PHYS_s14_T1_ctrl,132,2,132.06666666666666,0.8795204162597656,-0.14985049029655437
UBFC_PHYS_s14_T1_ctrl,132,3,132.1,0.7183670401573181,-0.11610537417385629
UBFC_PHYS_s14_T1_ctrl,132,4,132.13333333333333,0.5927000641822815,0.06390692247141831
UBFC_PHYS_s14_T1_ctrl,132,5,132.16666666666666,0.4514866769313812,0.36798454005681014
UBFC_PHYS_s14_T1_ctrl,132,6,132.2,0.26684466004371643,0.7386590753942575
UBFC_PHYS_s14_T1_ctrl,132,7,132.23333333333332,0.047223176807165146,1.1002358221775688
UBFC_PHYS_s14_T1_ctrl,132,8,132.26666666666668,-0.19445057213306427,1.3809415003612129
UBFC_PHYS_s14_T1_ctrl,132,9,132.3,-0.4761732816696167,1.531397220522988
UBFC_PHYS_s14_T1_ctrl,132,10,132.33333333333334,-0.8516533374786377,1.5328873917195074
UBFC_PHYS_s14_T1_ctrl,132,11,132.36666666666667,-1.3094844818115234,1.3943887506655606
UBFC_PHYS_s14_T1_ctrl,132,12,132.4,-1.656941533088684,1.1422739056669433
UBFC_PHYS_s14_T1_ctrl,132,13,132.43333333333334,-1.6084433794021606,0.8086827047408057
UBFC_PHYS_s14_T1_ctrl,132,14,132.46666666666667,-1.0765414237976074,0.4234360357013684
UBFC_PHYS_s14_T1_ctrl,132,15,132.5,-0.2855605483055115,0.011522724489766675
UBFC_PHYS_s14_T1_ctrl,132,16,132.53333333333333,0.4455159306526184,-0.4045288579265578
UBFC_PHYS_s14_T1_ctrl,132,17,132.56666666666666,0.9330598711967468,-0.799869664829335
UBFC_PHYS_s14_T1_ctrl,132,18,132.6,1.1012823581695557,-1.1433654246282428
UBFC_PHYS_s14_T1_ctrl,132,19,132.63333333333333,0.9565766453742981,-1.397375851809451
UBFC_PHYS_s14_T1_ctrl,132,20,132.66666666666666,0.658490777015686,-1.5229039114032015
UBFC_PHYS_s14_T1_ctrl,132,21,132.7,0.43827784061431885,-1.4896095263424152
UBFC_PHYS_s14_T1_ctrl,132,22,132.73333333333332,0.36784011125564575,-1.287699401310237
UBFC_PHYS_s14_T1_ctrl,132,23,132.76666666666668,0.3309173583984375,-0.9367745616710955
UBFC_PHYS_s14_T1_ctrl,132,24,132.8,0.23347052931785583,-0.4865463504351834
UBFC_PHYS_s14_T1_ctrl,132,25,132.83333333333334,0.08718764036893845,-0.007076856411623611
UBFC_PHYS_s14_T1_ctrl,132,26,132.86666666666667,-0.10956481844186783,0.4286522480875575
UBFC_PHYS_s14_T1_ctrl,132,27,132.9,-0.38390859961509705,0.7627300592328768
UBFC_PHYS_s14_T1_ctrl,132,28,132.93333333333334,-0.7437013983726501,0.963418971781713
UBFC_PHYS_s14_T1_ctrl,132,29,132.96666666666667,-1.1673979759216309,1.0257066981242735
UBFC_PHYS_s14_T1_ctrl,132,30,133.0,-1.4912537336349487,0.9632148686823347
UBFC_PHYS_s14_T1_ctrl,132,31,133.03333333333333,-1.3998057842254639,0.7972781823176136
UBFC_PHYS_s14_T1_ctrl,132,32,133.06666666666666,-0.8168147206306458,0.5490521803079121
UBFC_PHYS_s14_T1_ctrl,132,33,133.1,-0.013835988007485867,0.23761777420090885
UBFC_PHYS_s14_T1_ctrl,132,34,133.13333333333333,0.6693901419639587,-0.11645616732936019
UBFC_PHYS_s14_T1_ctrl,132,35,133.16666666666666,1.0382798910140991,-0.4851959819225677
UBFC_PHYS_s14_T1_ctrl,132,36,133.2,1.0365618467330933,-0.829028368901529
UBFC_PHYS_s14_T1_ctrl,132,37,133.23333333333332,0.7770322561264038,-1.0977866750518848
UBFC_PHYS_s14_T1_ctrl,132,38,133.26666666666668,0.5084057450294495,-1.238577998817811
UBFC_PHYS_s14_T1_ctrl,132,39,133.3,0.379556268453598,-1.2094575134737853
UBFC_PHYS_s14_T1_ctrl,132,40,133.33333333333334,0.3112308382987976,-0.9948413235679726
UBFC_PHYS_s14_T1_ctrl,132,41,133.36666666666667,0.18511325120925903,-0.6163681571835862
UBFC_PHYS_s14_T1_ctrl,132,42,133.4,0.003822727594524622,-0.13295845884784288
UBFC_PHYS_s14_T1_ctrl,132,43,133.43333333333334,-0.18050947785377502,0.37248123606694344
UBFC_PHYS_s14_T1_ctrl,132,44,133.46666666666667,-0.40207427740097046,0.8156301048187813
UBFC_PHYS_s14_T1_ctrl,132,45,133.5,-0.7477288246154785,1.133165737879912
UBFC_PHYS_s14_T1_ctrl,132,46,133.53333333333333,-1.209136724472046,1.295498534021701
UBFC_PHYS_s14_T1_ctrl,132,47,133.56666666666666,-1.5888413190841675,1.3055653190912804
UBFC_PHYS_s14_T1_ctrl,132,48,133.6,-1.598811388015747,1.1868134585217731
UBFC_PHYS_s14_T1_ctrl,132,49,133.63333333333333,-1.1022549867630005,0.9683596790716046
UBFC_PHYS_s14_T1_ctrl,132,50,133.66666666666666,-0.2992199957370758,0.6748141424214888
UBFC_PHYS_s14_T1_ctrl,132,51,133.7,0.4260265827178955,0.32411449774668094
UBFC_PHYS_s14_T1_ctrl,132,52,133.73333333333332,0.8354722261428833,-0.06766361597422339
UBFC_PHYS_s14_T1_ctrl,132,53,133.76666666666668,0.951816976070404,-0.4782976215510611
UBFC_PHYS_s14_T1_ctrl,132,54,133.8,0.9379603862762451,-0.8727656461613182
UBFC_PHYS_s14_T1_ctrl,132,55,133.83333333333334,0.92027348279953,-1.201852904666355
UBFC_PHYS_s14_T1_ctrl,132,56,133.86666666666667,0.9065295457839966,-1.408384886082544
UBFC_PHYS_s14_T1_ctrl,132,57,133.9,0.8202637434005737,-1.4409013746750567
UBFC_PHYS_s14_T1_ctrl,132,58,133.93333333333334,0.6262995004653931,-1.2711363797394948
UBFC_PHYS_s14_T1_ctrl,132,59,133.96666666666667,0.3802603781223297,-0.9086396103587372
UBFC_PHYS_s14_T1_ctrl,132,60,134.0,0.1292925477027893,-0.405180494263458
UBFC_PHYS_s14_T1_ctrl,132,61,134.03333333333333,-0.15400733053684235,0.15523714167188926
UBFC_PHYS_s14_T1_ctrl,132,62,134.06666666666666,-0.5276286005973816,0.6783825186909482
UBFC_PHYS_s14_T1_ctrl,132,63,134.1,-1.022326111793518,1.085217482887302
UBFC_PHYS_s14_T1_ctrl,132,64,134.13333333333333,-1.5488206148147583,1.33016550350317
UBFC_PHYS_s14_T1_ctrl,132,65,134.16666666666666,-1.8066885471343994,1.4053444735059164
UBFC_PHYS_s14_T1_ctrl,132,66,134.2,-1.5099263191223145,1.3312674739663541
UBFC_PHYS_s14_T1_ctrl,132,67,134.23333333333332,-0.7501227855682373,1.1409364686027195
UBFC_PHYS_s14_T1_ctrl,132,68,134.26666666666668,0.09707313776016235,0.8658450545463438
UBFC_PHYS_s14_T1_ctrl,132,69,134.3,0.7642459273338318,0.5293788210562163
UBFC_PHYS_s14_T1_ctrl,132,70,134.33333333333334,1.1527658700942993,0.14824037097260487
UBFC_PHYS_s14_T1_ctrl,132,71,134.36666666666667,1.1992080211639404,-0.261157657142454
UBFC_PHYS_s14_T1_ctrl,132,72,134.4,0.9783473014831543,-0.6753762685300405
UBFC_PHYS_s14_T1_ctrl,132,73,134.43333333333334,0.7113823890686035,-1.0590693770880024
UBFC_PHYS_s14_T1_ctrl,132,74,134.46666666666667,0.5596075654029846,-1.3650695538622897
UBFC_PHYS_s14_T1_ctrl,132,75,134.5,0.49894270300865173,-1.5409325967128795
UBFC_PHYS_s14_T1_ctrl,132,76,134.53333333333333,0.41019850969314575,-1.5415162003138831
UBFC_PHYS_s14_T1_ctrl,132,77,134.56666666666666,0.2476932555437088,-1.3444557372075754
UBFC_PHYS_s14_T1_ctrl,132,78,134.6,0.056714385747909546,-0.9628594537055029
UBFC_PHYS_s14_T1_ctrl,132,79,134.63333333333333,-0.14341773092746735,-0.448768611856772
UBFC_PHYS_s14_T1_ctrl,132,80,134.66666666666666,-0.4099038243293762,0.11666365015820948
UBFC_PHYS_s14_T1_ctrl,132,81,134.7,-0.8153220415115356,0.6443933620517727
UBFC_PHYS_s14_T1_ctrl,132,82,134.73333333333332,-1.3408589363098145,1.0612283357714987
UBFC_PHYS_s14_T1_ctrl,132,83,134.76666666666668,-1.7441929578781128,1.3249839843902784
UBFC_PHYS_s14_T1_ctrl,132,84,134.8,-1.6600676774978638,1.4255744530687289
UBFC_PHYS_s14_T1_ctrl,132,85,134.83333333333334,-1.0071176290512085,1.3751936752466005
UBFC_PHYS_s14_T1_ctrl,132,86,134.86666666666667,-0.09706008434295654,1.195598837603282
UBFC_PHYS_s14_T1_ctrl,132,87,134.9,0.6909918189048767,0.9096109422042171
UBFC_PHYS_s14_T1_ctrl,132,88,134.93333333333334,1.187407374382019,0.539366339369065
UBFC_PHYS_s14_T1_ctrl,132,89,134.96666666666667,1.363234043121338,0.10945315277662535
UBFC_PHYS_s14_T1_ctrl,132,90,135.0,1.2530289888381958,-0.3484563707395064
UBFC_PHYS_s14_T1_ctrl,132,91,135.03333333333333,1.0045677423477173,-0.7923299856675182
UBFC_PHYS_s14_T1_ctrl,132,92,135.06666666666666,0.8129693269729614,-1.170022898941325
UBFC_PHYS_s14_T1_ctrl,132,93,135.1,0.7321391701698303,-1.4246105621796474
UBFC_PHYS_s14_T1_ctrl,132,94,135.13333333333333,0.6843451261520386,-1.5051598314143282
UBFC_PHYS_s14_T1_ctrl,132,95,135.16666666666666,0.6000508069992065,-1.381130149270957
UBFC_PHYS_s14_T1_ctrl,132,96,135.2,0.4479943513870239,-1.0559428314383845
UBFC_PHYS_s14_T1_ctrl,132,97,135.23333333333332,0.20536303520202637,-0.573520087629826
UBFC_PHYS_s14_T1_ctrl,132,98,135.26666666666668,-0.11170526593923569,-0.01250356481537112
UBFC_PHYS_s14_T1_ctrl,132,99,135.3,-0.47363853454589844,0.5324557821199429
UBFC_PHYS_s14_T1_ctrl,132,100,135.33333333333334,-0.9331876039505005,0.9759330713348331
UBFC_PHYS_s14_T1_ctrl,132,101,135.36666666666667,-1.4688634872436523,1.2627866317493366
UBFC_PHYS_s14_T1_ctrl,132,102,135.4,-1.7912828922271729,1.3765697983777072
UBFC_PHYS_s14_T1_ctrl,132,103,135.43333333333334,-1.5676058530807495,1.333731857960728
UBFC_PHYS_s14_T1_ctrl,132,104,135.46666666666667,-0.8091822862625122,1.16886661888044
UBFC_PHYS_s14_T1_ctrl,132,105,135.5,0.12337815016508102,0.9192237693904848
UBFC_PHYS_s14_T1_ctrl,132,106,135.53333333333333,0.8375563621520996,0.6147675738641052
UBFC_PHYS_s14_T1_ctrl,132,107,135.56666666666666,1.1950116157531738,0.27576899681920264
UBFC_PHYS_s14_T1_ctrl,132,108,135.6,1.251930594444275,-0.08351895671977554
UBFC_PHYS_s14_T1_ctrl,132,109,135.63333333333333,1.1177864074707031,-0.44811807045727403
UBFC_PHYS_s14_T1_ctrl,132,110,135.66666666666666,0.9125284552574158,-0.7957469953122318
UBFC_PHYS_s14_T1_ctrl,132,111,135.7,0.756895124912262,-1.0932652454827017
UBFC_PHYS_s14_T1_ctrl,132,112,135.73333333333332,0.6948220729827881,-1.2983729708977547
UBFC_PHYS_s14_T1_ctrl,132,113,135.76666666666668,0.6798389554023743,-1.3675283019762468
UBFC_PHYS_s14_T1_ctrl,132,114,135.8,0.6357343792915344,-1.2687860207607056
UBFC_PHYS_s14_T1_ctrl,132,115,135.83333333333334,0.4938732087612152,-0.9956045857035535
UBFC_PHYS_s14_T1_ctrl,132,116,135.86666666666667,0.2327101081609726,-0.5758926223279964
UBFC_PHYS_s14_T1_ctrl,132,117,135.9,-0.09038525819778442,-0.07107737027067584
UBFC_PHYS_s14_T1_ctrl,132,118,135.93333333333334,-0.4443199932575226,0.43659798832883945
UBFC_PHYS_s14_T1_ctrl,132,119,135.96666666666667,-0.8800706267356873,0.8649155295056576
UBFC_PHYS_s14_T1_ctrl,132,120,136.0,-1.362404227256775,1.1522393087194691
UBFC_PHYS_s14_T1_ctrl,132,121,136.03333333333333,-1.6117666959762573,1.2690565254273516
UBFC_PHYS_s14_T1_ctrl,132,122,136.06666666666666,-1.361305832862854,1.2171930505682547
UBFC_PHYS_s14_T1_ctrl,132,123,136.1,-0.6778544187545776,1.0202540094870929
UBFC_PHYS_s14_T1_ctrl,132,124,136.13333333333333,0.10149486362934113,0.7120861386665562
UBFC_PHYS_s14_T1_ctrl,132,125,136.16666666666666,0.695667028427124,0.3288806198004514
UBFC_PHYS_s14_T1_ctrl,132,126,136.2,1.0088486671447754,-0.09304392130906955
UBFC_PHYS_s14_T1_ctrl,132,127,136.23333333333332,1.039575457572937,-0.5152914161792725
UBFC_PHYS_s14_T1_ctrl,132,128,136.26666666666668,0.8618053793907166,-0.8946676921102159
UBFC_PHYS_s14_T1_ctrl,132,129,136.3,0.6469717621803284,-1.1832034599725436
UBFC_PHYS_s14_T1_ctrl,132,130,136.33333333333334,0.5265432596206665,-1.333340578925929
UBFC_PHYS_s14_T1_ctrl,132,131,136.36666666666667,0.4963516294956207,-1.308546365352013
UBFC_PHYS_s14_T1_ctrl,132,132,136.4,0.4735107719898224,-1.0966398660679135
UBFC_PHYS_s14_T1_ctrl,132,133,136.43333333333334,0.3862592577934265,-0.7201796468393958
UBFC_PHYS_s14_T1_ctrl,132,134,136.46666666666667,0.20820757746696472,-0.23714851971015719
UBFC_PHYS_s14_T1_ctrl,132,135,136.5,-0.051519181579351425,0.27168200794934755
UBFC_PHYS_s14_T1_ctrl,132,136,136.53333333333333,-0.38058528304100037,0.7250618310228258
UBFC_PHYS_s14_T1_ctrl,132,137,136.56666666666666,-0.7731607556343079,1.0633085391152797
UBFC_PHYS_s14_T1_ctrl,132,138,136.6,-1.2104041576385498,1.2599488461203399
UBFC_PHYS_s14_T1_ctrl,132,139,136.63333333333333,-1.562536358833313,1.3188113560847063
UBFC_PHYS_s14_T1_ctrl,132,140,136.66666666666666,-1.5646204948425293,1.2606723622572855
UBFC_PHYS_s14_T1_ctrl,132,141,136.7,-1.07124662399292,1.1084500351748214
UBFC_PHYS_s14_T1_ctrl,132,142,136.73333333333332,-0.29499542713165283,0.8784307043273235
UBFC_PHYS_s14_T1_ctrl,132,143,136.76666666666668,0.4008762836456299,0.5797948715043154
UBFC_PHYS_s14_T1_ctrl,132,144,136.8,0.8454421758651733,0.2202903036464692
UBFC_PHYS_s14_T1_ctrl,132,145,136.83333333333334,1.02293062210083,-0.18591797866992033
UBFC_PHYS_s14_T1_ctrl,132,146,136.86666666666667,0.9564639925956726,-0.6118413350746098
UBFC_PHYS_s14_T1_ctrl,132,147,136.9,0.7711741924285889,-1.015124254554468
UBFC_PHYS_s14_T1_ctrl,132,148,136.93333333333334,0.6358188986778259,-1.3408029392111906
UBFC_PHYS_s14_T1_ctrl,132,149,136.96666666666667,0.5824766159057617,-1.5299803219174624
UBFC_PHYS_s14_T1_ctrl,132,150,137.0,0.5183757543563843,-1.533704586079951
UBFC_PHYS_s14_T1_ctrl,132,151,137.03333333333333,0.36902299523353577,-1.3290950997644186
UBFC_PHYS_s14_T1_ctrl,132,152,137.06666666666666,0.1433744579553604,-0.9321697822692498
UBFC_PHYS_s14_T1_ctrl,132,153,137.1,-0.1148877814412117,-0.4007432988695163
UBFC_PHYS_s14_T1_ctrl,132,154,137.13333333333333,-0.39218875765800476,0.17688505662727824
UBFC_PHYS_s14_T1_ctrl,132,155,137.16666666666666,-0.7246345281600952,0.705375250640307
UBFC_PHYS_s14_T1_ctrl,132,156,137.2,-1.1497392654418945,1.10818379964344
UBFC_PHYS_s14_T1_ctrl,132,157,137.23333333333332,-1.588700532913208,1.3437155688588653
UBFC_PHYS_s14_T1_ctrl,132,158,137.26666666666668,-1.7699347734451294,1.4061069823948482
UBFC_PHYS_s14_T1_ctrl,132,159,137.3,-1.4337995052337646,1.3142945568009867
UBFC_PHYS_s14_T1_ctrl,132,160,137.33333333333334,-0.6843602657318115,1.0977502087562105
UBFC_PHYS_s14_T1_ctrl,132,161,137.36666666666667,0.10346632450819016,0.7861319482350471
UBFC_PHYS_s14_T1_ctrl,132,162,137.4,0.6600679159164429,0.4059094928745923
UBFC_PHYS_s14_T1_ctrl,132,163,137.43333333333334,0.9465503096580505,-0.017115089176564964
UBFC_PHYS_s14_T1_ctrl,132,164,137.46666666666667,0.9969072341918945,-0.45264003485647497
UBFC_PHYS_s14_T1_ctrl,132,165,137.5,0.8631009459495544,-0.861607047884699
UBFC_PHYS_s14_T1_ctrl,132,166,137.53333333333333,0.6722910404205322,-1.195821686526799
UBFC_PHYS_s14_T1_ctrl,132,167,137.56666666666666,0.550454318523407,-1.4033079032205675
UBFC_PHYS_s14_T1_ctrl,132,168,137.6,0.489479660987854,-1.439506365138969
UBFC_PHYS_s14_T1_ctrl,132,169,137.63333333333333,0.4085368514060974,-1.2818364310225299
UBFC_PHYS_s14_T1_ctrl,132,170,137.66666666666666,0.27391377091407776,-0.9422605964664713
UBFC_PHYS_s14_T1_ctrl,132,171,137.7,0.09338367730379105,-0.47115250595346597
UBFC_PHYS_s14_T1_ctrl,132,172,137.73333333333332,-0.14800843596458435,0.05212484860232142
UBFC_PHYS_s14_T1_ctrl,132,173,137.76666666666668,-0.470258891582489,0.5404481370979811
UBFC_PHYS_s14_T1_ctrl,132,174,137.8,-0.8746350407600403,0.9230318934757458
UBFC_PHYS_s14_T1_ctrl,132,175,137.83333333333334,-1.3222707509994507,1.1608539960779976
UBFC_PHYS_s14_T1_ctrl,132,176,137.86666666666667,-1.6349737644195557,1.2475085755575788
UBFC_PHYS_s14_T1_ctrl,132,177,137.9,-1.5265711545944214,1.1985164793954732
UBFC_PHYS_s14_T1_ctrl,132,178,137.93333333333334,-0.9176411628723145,1.0373375821331798
UBFC_PHYS_s14_T1_ctrl,132,179,137.96666666666667,-0.08576638996601105,0.7858012288926541
UBFC_PHYS_s14_T1_ctrl,132,180,138.0,0.5889261364936829,0.4623062002526218
UBFC_PHYS_s14_T1_ctrl,132,181,138.03333333333333,0.9299899935722351,0.08627495274108431
UBFC_PHYS_s14_T1_ctrl,132,182,138.06666666666666,0.9960060119628906,-0.31533287267065957
UBFC_PHYS_s14_T1_ctrl,132,183,138.1,0.8712121248245239,-0.7037593351390057
UBFC_PHYS_s14_T1_ctrl,132,184,138.13333333333333,0.6544070243835449,-1.0293234793758421
UBFC_PHYS_s14_T1_ctrl,132,185,138.16666666666666,0.498661071062088,-1.2383842205573623
UBFC_PHYS_s14_T1_ctrl,132,186,138.2,0.4757920503616333,-1.285450047736876
UBFC_PHYS_s14_T1_ctrl,132,187,138.23333333333332,0.47103235125541687,-1.1475081402064742
UBFC_PHYS_s14_T1_ctrl,132,188,138.26666666666668,0.36493924260139465,-0.8356591891140431
UBFC_PHYS_s14_T1_ctrl,132,189,138.3,0.19037988781929016,-0.39827686523372147
UBFC_PHYS_s14_T1_ctrl,132,190,138.33333333333334,-0.018989967182278633,0.08832766387976966
UBFC_PHYS_s14_T1_ctrl,132,191,138.36666666666667,-0.313020259141922,0.5404435762925295
UBFC_PHYS_s14_T1_ctrl,132,192,138.4,-0.7113975286483765,0.8904410537718416
UBFC_PHYS_s14_T1_ctrl,132,193,138.43333333333334,-1.1674542427062988,1.1021466985147086
UBFC_PHYS_s14_T1_ctrl,132,194,138.46666666666667,-1.5320067405700684,1.172003883210081
UBFC_PHYS_s14_T1_ctrl,132,195,138.5,-1.5233604907989502,1.118354844326998
UBFC_PHYS_s14_T1_ctrl,132,196,138.53333333333333,-0.9971758127212524,0.9666807285608571
UBFC_PHYS_s14_T1_ctrl,132,197,138.56666666666666,-0.23565424978733063,0.7388186718658565
UBFC_PHYS_s14_T1_ctrl,132,198,138.6,0.4220554828643799,0.45027426460205927
UBFC_PHYS_s14_T1_ctrl,132,199,138.63333333333333,0.8421188592910767,0.1147876259881602
UBFC_PHYS_s14_T1_ctrl,132,200,138.66666666666666,0.9887115359306335,-0.24792359441624753
UBFC_PHYS_s14_T1_ctrl,132,201,138.7,0.8806751370429993,-0.6060605088761891
UBFC_PHYS_s14_T1_ctrl,132,202,138.73333333333332,0.6795573234558105,-0.9149535495774599
UBFC_PHYS_s14_T1_ctrl,132,203,138.76666666666668,0.5491024851799011,-1.123150481080743
UBFC_PHYS_s14_T1_ctrl,132,204,138.8,0.4857620298862457,-1.1845584056515528
UBFC_PHYS_s14_T1_ctrl,132,205,138.83333333333334,0.4164227247238159,-1.0733550148936075
UBFC_PHYS_s14_T1_ctrl,132,206,138.86666666666667,0.31348395347595215,-0.7962770171524836
UBFC_PHYS_s14_T1_ctrl,132,207,138.9,0.16900354623794556,-0.39640212775983497
UBFC_PHYS_s14_T1_ctrl,132,208,138.93333333333334,-0.02949507348239422,0.05515794879225243
UBFC_PHYS_s14_T1_ctrl,132,209,138.96666666666667,-0.3063172698020935,0.47811660637666326
UBFC_PHYS_s14_T1_ctrl,132,210,139.0,-0.687317430973053,0.8050299774158202
UBFC_PHYS_s14_T1_ctrl,132,211,139.03333333333333,-1.1103943586349487,0.9968200261748855
UBFC_PHYS_s14_T1_ctrl,132,212,139.06666666666666,-1.386596918106079,1.0459571950679523
UBFC_PHYS_s14_T1_ctrl,132,213,139.1,-1.318722128868103,0.9684006484156191
UBFC_PHYS_s14_T1_ctrl,132,214,139.13333333333333,-0.848330020904541,0.7906251073956949
UBFC_PHYS_s14_T1_ctrl,132,215,139.16666666666666,-0.15403549373149872,0.5389572411764241
UBFC_PHYS_s14_T1_ctrl,132,216,139.2,0.4610905349254608,0.23528539606724172
UBFC_PHYS_s14_T1_ctrl,132,217,139.23333333333332,0.8066887855529785,-0.10119879462272878
UBFC_PHYS_s14_T1_ctrl,132,218,139.26666666666668,0.8424850106239319,-0.4493341319693028
UBFC_PHYS_s14_T1_ctrl,132,219,139.3,0.6257643699645996,-0.7820068528019241
UBFC_PHYS_s14_T1_ctrl,132,220,139.33333333333334,0.3384089171886444,-1.0654703929541682
UBFC_PHYS_s14_T1_ctrl,132,221,139.36666666666667,0.17159460484981537,-1.2629316952366776
UBFC_PHYS_s14_T1_ctrl,132,222,139.4,0.12025196850299835,-1.3416773068494618
UBFC_PHYS_s14_T1_ctrl,132,223,139.43333333333334,0.04415332153439522,-1.2816744336634094
UBFC_PHYS_s14_T1_ctrl,132,224,139.46666666666667,-0.08689294010400772,-1.0828074150047522
UBFC_PHYS_s14_T1_ctrl,132,225,139.5,-0.2095182240009308,-0.7678547045854739
UBFC_PHYS_s14_T1_ctrl,132,226,139.53333333333333,-0.3801628053188324,-0.37923285949551816
UBFC_PHYS_s14_T1_ctrl,132,227,139.56666666666666,-0.7198748588562012,0.030194264070019648
UBFC_PHYS_s14_T1_ctrl,132,228,139.6,-1.155738115310669,0.4089516263058298
UBFC_PHYS_s14_T1_ctrl,132,229,139.63333333333333,-1.4262235164642334,0.7168047461799484
UBFC_PHYS_s14_T1_ctrl,132,230,139.66666666666666,-1.3190319538116455,0.9297633579155041
UBFC_PHYS_s14_T1_ctrl,132,231,139.7,-0.8313754200935364,1.0404280166071753
UBFC_PHYS_s14_T1_ctrl,132,232,139.73333333333332,-0.1498672515153885,1.055616375246938
UBFC_PHYS_s14_T1_ctrl,132,233,139.76666666666668,0.46376609802246094,0.993022114440119
UBFC_PHYS_s14_T1_ctrl,132,234,139.8,0.8050552606582642,0.8774374710886949
UBFC_PHYS_s14_T1_ctrl,132,235,139.83333333333334,0.8209959864616394,0.736151971633468
UBFC_PHYS_s14_T1_ctrl,132,236,139.86666666666667,0.6188079118728638,0.5933913383056023
UBFC_PHYS_s14_T1_ctrl,132,237,139.9,0.38623109459877014,0.4647690925299033
UBFC_PHYS_s14_T1_ctrl,132,238,139.93333333333334,0.223922997713089,0.35371422394964347
UBFC_PHYS_s14_T1_ctrl,132,239,139.96666666666667,0.09825602173805237,0.2518540363952767
UBFC_PHYS_s14_T1_ctrl,133,0,133.0,-1.4912537336349487,-0.018619540554111517
UBFC_PHYS_s14_T1_ctrl,133,1,133.03333333333333,-1.3998057842254639,0.08255651016212644
UBFC_PHYS_s14_T1_ctrl,133,2,133.06666666666666,-0.8168147206306458,0.16697776754126864
UBFC_PHYS_s14_T1_ctrl,133,3,133.1,-0.013835988007485867,0.2193208266444797
UBFC_PHYS_s14_T1_ctrl,133,4,133.13333333333333,0.6693901419639587,0.2286948791777862
UBFC_PHYS_s14_T1_ctrl,133,5,133.16666666666666,1.0382798910140991,0.19085789042936424
UBFC_PHYS_s14_T1_ctrl,133,6,133.2,1.0365618467330933,0.11021458031991756
UBFC_PHYS_s14_T1_ctrl,133,7,133.23333333333332,0.7770322561264038,0.0011303087944059102
UBFC_PHYS_s14_T1_ctrl,133,8,133.26666666666668,0.5084057450294495,-0.112597505704817
UBFC_PHYS_s14_T1_ctrl,133,9,133.3,0.379556268453598,-0.20152786801567923
UBFC_PHYS_s14_T1_ctrl,133,10,133.33333333333334,0.3112308382987976,-0.23790551851719738
UBFC_PHYS_s14_T1_ctrl,133,11,133.36666666666667,0.18511325120925903,-0.20460128885738138
UBFC_PHYS_s14_T1_ctrl,133,12,133.4,0.003822727594524622,-0.10185267196044785
UBFC_PHYS_s14_T1_ctrl,133,13,133.43333333333334,-0.18050947785377502,0.051735529922716496
UBFC_PHYS_s14_T1_ctrl,133,14,133.46666666666667,-0.40207427740097046,0.22459969075324007
UBFC_PHYS_s14_T1_ctrl,133,15,133.5,-0.7477288246154785,0.3814619079240113
UBFC_PHYS_s14_T1_ctrl,133,16,133.53333333333333,-1.209136724472046,0.49259778091757295
UBFC_PHYS_s14_T1_ctrl,133,17,133.56666666666666,-1.5888413190841675,0.5400283935069911
UBFC_PHYS_s14_T1_ctrl,133,18,133.6,-1.598811388015747,0.5190748542606748
UBFC_PHYS_s14_T1_ctrl,133,19,133.63333333333333,-1.1022549867630005,0.4355587810936912
UBFC_PHYS_s14_T1_ctrl,133,20,133.66666666666666,-0.2992199957370758,0.30068658742010607
UBFC_PHYS_s14_T1_ctrl,133,21,133.7,0.4260265827178955,0.12643995707470146
UBFC_PHYS_s14_T1_ctrl,133,22,133.73333333333332,0.8354722261428833,-0.07639993444101634
UBFC_PHYS_s14_T1_ctrl,133,23,133.76666666666668,0.951816976070404,-0.2970168127696092
UBFC_PHYS_s14_T1_ctrl,133,24,133.8,0.9379603862762451,-0.5210476323234978
UBFC_PHYS_s14_T1_ctrl,133,25,133.83333333333334,0.92027348279953,-0.7269562868561334
UBFC_PHYS_s14_T1_ctrl,133,26,133.86666666666667,0.9065295457839966,-0.8851606683747069
UBFC_PHYS_s14_T1_ctrl,133,27,133.9,0.8202637434005737,-0.9621515101541755
UBFC_PHYS_s14_T1_ctrl,133,28,133.93333333333334,0.6262995004653931,-0.9295119064249536
UBFC_PHYS_s14_T1_ctrl,133,29,133.96666666666667,0.3802603781223297,-0.7747515532811796
UBFC_PHYS_s14_T1_ctrl,133,30,134.0,0.1292925477027893,-0.5089696106417576
UBFC_PHYS_s14_T1_ctrl,133,31,134.03333333333333,-0.15400733053684235,-0.16704882114517489
UBFC_PHYS_s14_T1_ctrl,133,32,134.06666666666666,-0.5276286005973816,0.2005278206514356
UBFC_PHYS_s14_T1_ctrl,133,33,134.1,-1.022326111793518,0.5410046005887112
UBFC_PHYS_s14_T1_ctrl,133,34,134.13333333333333,-1.5488206148147583,0.8121663909392296
UBFC_PHYS_s14_T1_ctrl,133,35,134.16666666666666,-1.8066885471343994,0.9895340768172438
UBFC_PHYS_s14_T1_ctrl,133,36,134.2,-1.5099263191223145,1.066002600003201
UBFC_PHYS_s14_T1_ctrl,133,37,134.23333333333332,-0.7501227855682373,1.0458560699338593
UBFC_PHYS_s14_T1_ctrl,133,38,134.26666666666668,0.09707313776016235,0.9374962143066022
UBFC_PHYS_s14_T1_ctrl,133,39,134.3,0.7642459273338318,0.7489986549516823
UBFC_PHYS_s14_T1_ctrl,133,40,134.33333333333334,1.1527658700942993,0.48817312353614073
UBFC_PHYS_s14_T1_ctrl,133,41,134.36666666666667,1.1992080211639404,0.16610566302547244
UBFC_PHYS_s14_T1_ctrl,133,42,134.4,0.9783473014831543,-0.19811747465245075
UBFC_PHYS_s14_T1_ctrl,133,43,134.43333333333334,0.7113823890686035,-0.5739068316386455
UBFC_PHYS_s14_T1_ctrl,133,44,134.46666666666667,0.5596075654029846,-0.9190327178563095
UBFC_PHYS_s14_T1_ctrl,133,45,134.5,0.49894270300865173,-1.1842478289264753
UBFC_PHYS_s14_T1_ctrl,133,46,134.53333333333333,0.41019850969314575,-1.3225064797855564
UBFC_PHYS_s14_T1_ctrl,133,47,134.56666666666666,0.2476932555437088,-1.3006933848229278
UBFC_PHYS_s14_T1_ctrl,133,48,134.6,0.056714385747909546,-1.1102656270382363
UBFC_PHYS_s14_T1_ctrl,133,49,134.63333333333333,-0.14341773092746735,-0.7726908450575568
UBFC_PHYS_s14_T1_ctrl,133,50,134.66666666666666,-0.4099038243293762,-0.3365591426904714
UBFC_PHYS_s14_T1_ctrl,133,51,134.7,-0.8153220415115356,0.1336996067637743
UBFC_PHYS_s14_T1_ctrl,133,52,134.73333333333332,-1.3408589363098145,0.5733005668544315
UBFC_PHYS_s14_T1_ctrl,133,53,134.76666666666668,-1.7441929578781128,0.9302832340586102
UBFC_PHYS_s14_T1_ctrl,133,54,134.8,-1.6600676774978638,1.171731267471105
UBFC_PHYS_s14_T1_ctrl,133,55,134.83333333333334,-1.0071176290512085,1.2827379693763235
UBFC_PHYS_s14_T1_ctrl,133,56,134.86666666666667,-0.09706008434295654,1.2614474448856365
UBFC_PHYS_s14_T1_ctrl,133,57,134.9,0.6909918189048767,1.1144405995899085
UBFC_PHYS_s14_T1_ctrl,133,58,134.93333333333334,1.187407374382019,0.8549675945678386
UBFC_PHYS_s14_T1_ctrl,133,59,134.96666666666667,1.363234043121338,0.5038734561135949
UBFC_PHYS_s14_T1_ctrl,133,60,135.0,1.2530289888381958,0.09145264332168644
UBFC_PHYS_s14_T1_ctrl,133,61,135.03333333333333,1.0045677423477173,-0.3417398550478558
UBFC_PHYS_s14_T1_ctrl,133,62,135.06666666666666,0.8129693269729614,-0.7465196984947312
UBFC_PHYS_s14_T1_ctrl,133,63,135.1,0.7321391701698303,-1.0698295813258103
UBFC_PHYS_s14_T1_ctrl,133,64,135.13333333333333,0.6843451261520386,-1.2626604564513155
UBFC_PHYS_s14_T1_ctrl,133,65,135.16666666666666,0.6000508069992065,-1.2901977522953565
UBFC_PHYS_s14_T1_ctrl,133,66,135.2,0.4479943513870239,-1.1417513613748098
UBFC_PHYS_s14_T1_ctrl,133,67,135.23333333333332,0.20536303520202637,-0.8368031591240724
UBFC_PHYS_s14_T1_ctrl,133,68,135.26666666666668,-0.11170526593923569,-0.4236982765669783
UBFC_PHYS_s14_T1_ctrl,133,69,135.3,-0.47363853454589844,0.030264120283918807
UBFC_PHYS_s14_T1_ctrl,133,70,135.33333333333334,-0.9331876039505005,0.4548731534474223
UBFC_PHYS_s14_T1_ctrl,133,71,135.36666666666667,-1.4688634872436523,0.7935062101232333
UBFC_PHYS_s14_T1_ctrl,133,72,135.4,-1.7912828922271729,1.013782747490616
UBFC_PHYS_s14_T1_ctrl,133,73,135.43333333333334,-1.5676058530807495,1.1087324765976851
UBFC_PHYS_s14_T1_ctrl,133,74,135.46666666666667,-0.8091822862625122,1.0895904271070636
UBFC_PHYS_s14_T1_ctrl,133,75,135.5,0.12337815016508102,0.9751386149060317
UBFC_PHYS_s14_T1_ctrl,133,76,135.53333333333333,0.8375563621520996,0.7830288639096743
UBFC_PHYS_s14_T1_ctrl,133,77,135.56666666666666,1.1950116157531738,0.5263307115951229
UBFC_PHYS_s14_T1_ctrl,133,78,135.6,1.251930594444275,0.2156204430560826
UBFC_PHYS_s14_T1_ctrl,133,79,135.63333333333333,1.1177864074707031,-0.1353701449360512
UBFC_PHYS_s14_T1_ctrl,133,80,135.66666666666666,0.9125284552574158,-0.5036417237084827
UBFC_PHYS_s14_T1_ctrl,133,81,135.7,0.756895124912262,-0.8534907770993098
UBFC_PHYS_s14_T1_ctrl,133,82,135.73333333333332,0.6948220729827881,-1.1381340987453141
UBFC_PHYS_s14_T1_ctrl,133,83,135.76666666666668,0.6798389554023743,-1.3072210018420944
UBFC_PHYS_s14_T1_ctrl,133,84,135.8,0.6357343792915344,-1.3188609751171763
UBFC_PHYS_s14_T1_ctrl,133,85,135.83333333333334,0.4938732087612152,-1.152767213923665
UBFC_PHYS_s14_T1_ctrl,133,86,135.86666666666667,0.2327101081609726,-0.8201111337468062
UBFC_PHYS_s14_T1_ctrl,133,87,135.9,-0.09038525819778442,-0.36593781474851134
UBFC_PHYS_s14_T1_ctrl,133,88,135.93333333333334,-0.4443199932575226,0.13834931307624235
UBFC_PHYS_s14_T1_ctrl,133,89,135.96666666666667,-0.8800706267356873,0.6113997657798903
UBFC_PHYS_s14_T1_ctrl,133,90,136.0,-1.362404227256775,0.9816503842143778
UBFC_PHYS_s14_T1_ctrl,133,91,136.03333333333333,-1.6117666959762573,1.2025829379629769
UBFC_PHYS_s14_T1_ctrl,133,92,136.06666666666666,-1.361305832862854,1.2581380771284345
UBFC_PHYS_s14_T1_ctrl,133,93,136.1,-0.6778544187545776,1.158196155978919
UBFC_PHYS_s14_T1_ctrl,133,94,136.13333333333333,0.10149486362934113,0.9285825318973165
UBFC_PHYS_s14_T1_ctrl,133,95,136.16666666666666,0.695667028427124,0.6015550827781802
UBFC_PHYS_s14_T1_ctrl,133,96,136.2,1.0088486671447754,0.21086863776933415
UBFC_PHYS_s14_T1_ctrl,133,97,136.23333333333332,1.039575457572937,-0.2080162763290228
UBFC_PHYS_s14_T1_ctrl,133,98,136.26666666666668,0.8618053793907166,-0.6150027282951178
UBFC_PHYS_s14_T1_ctrl,133,99,136.3,0.6469717621803284,-0.9634626610388161
UBFC_PHYS_s14_T1_ctrl,133,100,136.33333333333334,0.5265432596206665,-1.202688211750055
UBFC_PHYS_s14_T1_ctrl,133,101,136.36666666666667,0.4963516294956207,-1.2861842329191988
UBFC_PHYS_s14_T1_ctrl,133,102,136.4,0.4735107719898224,-1.184650087313747
UBFC_PHYS_s14_T1_ctrl,133,103,136.43333333333334,0.3862592577934265,-0.8993363406638811
UBFC_PHYS_s14_T1_ctrl,133,104,136.46666666666667,0.20820757746696472,-0.46900036529677924
UBFC_PHYS_s14_T1_ctrl,133,105,136.5,-0.051519181579351425,0.035274122640325534
UBFC_PHYS_s14_T1_ctrl,133,106,136.53333333333333,-0.38058528304100037,0.5275168840162854
UBFC_PHYS_s14_T1_ctrl,133,107,136.56666666666666,-0.7731607556343079,0.9299696140200542
UBFC_PHYS_s14_T1_ctrl,133,108,136.6,-1.2104041576385498,1.1920348398524676
UBFC_PHYS_s14_T1_ctrl,133,109,136.63333333333333,-1.562536358833313,1.2975123852703843
UBFC_PHYS_s14_T1_ctrl,133,110,136.66666666666666,-1.5646204948425293,1.2588946059457813
UBFC_PHYS_s14_T1_ctrl,133,111,136.7,-1.07124662399292,1.1037824764126656
UBFC_PHYS_s14_T1_ctrl,133,112,136.73333333333332,-0.29499542713165283,0.8610180029778907
UBFC_PHYS_s14_T1_ctrl,133,113,136.76666666666668,0.4008762836456299,0.5525687445073357
UBFC_PHYS_s14_T1_ctrl,133,114,136.8,0.8454421758651733,0.19340589765041052
UBFC_PHYS_s14_T1_ctrl,133,115,136.83333333333334,1.02293062210083,-0.2022502734712947
UBFC_PHYS_s14_T1_ctrl,133,116,136.86666666666667,0.9564639925956726,-0.6123440397909966
UBFC_PHYS_s14_T1_ctrl,133,117,136.9,0.7711741924285889,-1.0006709062110644
UBFC_PHYS_s14_T1_ctrl,133,118,136.93333333333334,0.6358188986778259,-1.3165794358354483
UBFC_PHYS_s14_T1_ctrl,133,119,136.96666666666667,0.5824766159057617,-1.5024852250773353
UBFC_PHYS_s14_T1_ctrl,133,120,137.0,0.5183757543563843,-1.5083162133545474
UBFC_PHYS_s14_T1_ctrl,133,121,137.03333333333333,0.36902299523353577,-1.3089619672603154
UBFC_PHYS_s14_T1_ctrl,133,122,137.06666666666666,0.1433744579553604,-0.918241424401847
UBFC_PHYS_s14_T1_ctrl,133,123,137.1,-0.1148877814412117,-0.3924234141630896
UBFC_PHYS_s14_T1_ctrl,133,124,137.13333333333333,-0.39218875765800476,0.18074111979982993
UBFC_PHYS_s14_T1_ctrl,133,125,137.16666666666666,-0.7246345281600952,0.705224489696703
UBFC_PHYS_s14_T1_ctrl,133,126,137.2,-1.1497392654418945,1.102870825052175
UBFC_PHYS_s14_T1_ctrl,133,127,137.23333333333332,-1.588700532913208,1.3308020597902817
UBFC_PHYS_s14_T1_ctrl,133,128,137.26666666666668,-1.7699347734451294,1.3835654919856375
UBFC_PHYS_s14_T1_ctrl,133,129,137.3,-1.4337995052337646,1.2821656519617022
UBFC_PHYS_s14_T1_ctrl,133,130,137.33333333333334,-0.6843602657318115,1.058093070826828
UBFC_PHYS_s14_T1_ctrl,133,131,137.36666666666667,0.10346632450819016,0.7410619705595098
UBFC_PHYS_s14_T1_ctrl,133,132,137.4,0.6600679159164429,0.35525476892632063
UBFC_PHYS_s14_T1_ctrl,133,133,137.43333333333334,0.9465503096580505,-0.07640462497603562
UBFC_PHYS_s14_T1_ctrl,133,134,137.46666666666667,0.9969072341918945,-0.5240457832645157
UBFC_PHYS_s14_T1_ctrl,133,135,137.5,0.8631009459495544,-0.9440828553745411
UBFC_PHYS_s14_T1_ctrl,133,136,137.53333333333333,0.6722910404205322,-1.2786839479219339
UBFC_PHYS_s14_T1_ctrl,133,137,137.56666666666666,0.550454318523407,-1.4640909896447998
UBFC_PHYS_s14_T1_ctrl,133,138,137.6,0.489479660987854,-1.4468930266748385
UBFC_PHYS_s14_T1_ctrl,133,139,137.63333333333333,0.4085368514060974,-1.2034556708775705
UBFC_PHYS_s14_T1_ctrl,133,140,137.66666666666666,0.27391377091407776,-0.7548828251994527
UBFC_PHYS_s14_T1_ctrl,133,141,137.7,0.09338367730379105,-0.16979695211960893
UBFC_PHYS_s14_T1_ctrl,133,142,137.73333333333332,-0.14800843596458435,0.4491010810171268
UBFC_PHYS_s14_T1_ctrl,133,143,137.76666666666668,-0.470258891582489,0.9917151959477384
UBFC_PHYS_s14_T1_ctrl,133,144,137.8,-0.8746350407600403,1.3700955507447004
UBFC_PHYS_s14_T1_ctrl,133,145,137.83333333333334,-1.3222707509994507,1.5382311351307267
UBFC_PHYS_s14_T1_ctrl,133,146,137.86666666666667,-1.6349737644195557,1.495198045895175
UBFC_PHYS_s14_T1_ctrl,133,147,137.9,-1.5265711545944214,1.273795738112557
UBFC_PHYS_s14_T1_ctrl,133,148,137.93333333333334,-0.9176411628723145,0.9227317423761536
UBFC_PHYS_s14_T1_ctrl,133,149,137.96666666666667,-0.08576638996601105,0.49117574314589685
UBFC_PHYS_s14_T1_ctrl,133,150,138.0,0.5889261364936829,0.021305123102006527
UBFC_PHYS_s14_T1_ctrl,133,151,138.03333333333333,0.9299899935722351,-0.4504478753820007
UBFC_PHYS_s14_T1_ctrl,133,152,138.06666666666666,0.9960060119628906,-0.8870523763753483
UBFC_PHYS_s14_T1_ctrl,133,153,138.1,0.8712121248245239,-1.2451913656969487
UBFC_PHYS_s14_T1_ctrl,133,154,138.13333333333333,0.6544070243835449,-1.4753985897844395
UBFC_PHYS_s14_T1_ctrl,133,155,138.16666666666666,0.498661071062088,-1.5302807915371086
UBFC_PHYS_s14_T1_ctrl,133,156,138.2,0.4757920503616333,-1.3790386631361697
UBFC_PHYS_s14_T1_ctrl,133,157,138.23333333333332,0.47103235125541687,-1.0229138651032263
UBFC_PHYS_s14_T1_ctrl,133,158,138.26666666666668,0.36493924260139465,-0.5045388758652454
UBFC_PHYS_s14_T1_ctrl,133,159,138.3,0.19037988781929016,0.09474031395628608
UBFC_PHYS_s14_T1_ctrl,133,160,138.33333333333334,-0.018989967182278633,0.6715499210475052
UBFC_PHYS_s14_T1_ctrl,133,161,138.36666666666667,-0.313020259141922,1.1269220922895002
UBFC_PHYS_s14_T1_ctrl,133,162,138.4,-0.7113975286483765,1.3921777729238987
UBFC_PHYS_s14_T1_ctrl,133,163,138.43333333333334,-1.1674542427062988,1.443031942260601
UBFC_PHYS_s14_T1_ctrl,133,164,138.46666666666667,-1.5320067405700684,1.2970774903411442
UBFC_PHYS_s14_T1_ctrl,133,165,138.5,-1.5233604907989502,0.9987312522372827
UBFC_PHYS_s14_T1_ctrl,133,166,138.53333333333333,-0.9971758127212524,0.6008738526267968
UBFC_PHYS_s14_T1_ctrl,133,167,138.56666666666666,-0.23565424978733063,0.15185316246004668
UBFC_PHYS_s14_T1_ctrl,133,168,138.6,0.4220554828643799,-0.30811743413878756
UBFC_PHYS_s14_T1_ctrl,133,169,138.63333333333333,0.8421188592910767,-0.7427401585084333
UBFC_PHYS_s14_T1_ctrl,133,170,138.66666666666666,0.9887115359306335,-1.1128692218518887
UBFC_PHYS_s14_T1_ctrl,133,171,138.7,0.8806751370429993,-1.3731144524797436
UBFC_PHYS_s14_T1_ctrl,133,172,138.73333333333332,0.6795573234558105,-1.4756551665753883
UBFC_PHYS_s14_T1_ctrl,133,173,138.76666666666668,0.5491024851799011,-1.3815605356817933
UBFC_PHYS_s14_T1_ctrl,133,174,138.8,0.4857620298862457,-1.0762904153170565
UBFC_PHYS_s14_T1_ctrl,133,175,138.83333333333334,0.4164227247238159,-0.5833129140984155
UBFC_PHYS_s14_T1_ctrl,133,176,138.86666666666667,0.31348395347595215,0.03113158659199369
UBFC_PHYS_s14_T1_ctrl,133,177,138.9,0.16900354623794556,0.6669054497823054
UBFC_PHYS_s14_T1_ctrl,133,178,138.93333333333334,-0.02949507348239422,1.2119065511849951
UBFC_PHYS_s14_T1_ctrl,133,179,138.96666666666667,-0.3063172698020935,1.5702216444646204
UBFC_PHYS_s14_T1_ctrl,133,180,139.0,-0.687317430973053,1.6859082461406814
UBFC_PHYS_s14_T1_ctrl,133,181,139.03333333333333,-1.1103943586349487,1.553264192930372
UBFC_PHYS_s14_T1_ctrl,133,182,139.06666666666666,-1.386596918106079,1.2110026688881135
UBFC_PHYS_s14_T1_ctrl,133,183,139.1,-1.318722128868103,0.7252921578308835
UBFC_PHYS_s14_T1_ctrl,133,184,139.13333333333333,-0.848330020904541,0.1705429896499888
UBFC_PHYS_s14_T1_ctrl,133,185,139.16666666666666,-0.15403549373149872,-0.38427017930592455
UBFC_PHYS_s14_T1_ctrl,133,186,139.2,0.4610905349254608,-0.8806209195478655
UBFC_PHYS_s14_T1_ctrl,133,187,139.23333333333332,0.8066887855529785,-1.2689037293747072
UBFC_PHYS_s14_T1_ctrl,133,188,139.26666666666668,0.8424850106239319,-1.5055839885716866
UBFC_PHYS_s14_T1_ctrl,133,189,139.3,0.6257643699645996,-1.5541855642493563
UBFC_PHYS_s14_T1_ctrl,133,190,139.33333333333334,0.3384089171886444,-1.392539028370897
UBFC_PHYS_s14_T1_ctrl,133,191,139.36666666666667,0.17159460484981537,-1.0244765451530142
UBFC_PHYS_s14_T1_ctrl,133,192,139.4,0.12025196850299835,-0.4901934949385952
UBFC_PHYS_s14_T1_ctrl,133,193,139.43333333333334,0.04415332153439522,0.13211193052471892
UBFC_PHYS_s14_T1_ctrl,133,194,139.46666666666667,-0.08689294010400772,0.7383904796917263
UBFC_PHYS_s14_T1_ctrl,133,195,139.5,-0.2095182240009308,1.2232782167990366
UBFC_PHYS_s14_T1_ctrl,133,196,139.53333333333333,-0.3801628053188324,1.5077337431190865
UBFC_PHYS_s14_T1_ctrl,133,197,139.56666666666666,-0.7198748588562012,1.5574619685700821
UBFC_PHYS_s14_T1_ctrl,133,198,139.6,-1.155738115310669,1.3850980219678601
UBFC_PHYS_s14_T1_ctrl,133,199,139.63333333333333,-1.4262235164642334,1.038085421310079
UBFC_PHYS_s14_T1_ctrl,133,200,139.66666666666666,-1.3190319538116455,0.5800893439356412
UBFC_PHYS_s14_T1_ctrl,133,201,139.7,-0.8313754200935364,0.0745580623913948
UBFC_PHYS_s14_T1_ctrl,133,202,139.73333333333332,-0.1498672515153885,-0.42403273838314953
UBFC_PHYS_s14_T1_ctrl,133,203,139.76666666666668,0.46376609802246094,-0.870498665998571
UBFC_PHYS_s14_T1_ctrl,133,204,139.8,0.8050552606582642,-1.2243463088542696
UBFC_PHYS_s14_T1_ctrl,133,205,139.83333333333334,0.8209959864616394,-1.4458937988656204
UBFC_PHYS_s14_T1_ctrl,133,206,139.86666666666667,0.6188079118728638,-1.4980108742024254
UBFC_PHYS_s14_T1_ctrl,133,207,139.9,0.38623109459877014,-1.3550897924244076
UBFC_PHYS_s14_T1_ctrl,133,208,139.93333333333334,0.223922997713089,-1.0163429999305138
UBFC_PHYS_s14_T1_ctrl,133,209,139.96666666666667,0.09825602173805237,-0.5168205748447267
UBFC_PHYS_s14_T1_ctrl,133,210,140.0,-0.040957748889923096,0.07126797488532555
UBFC_PHYS_s14_T1_ctrl,133,211,140.03333333333333,-0.18338219821453094,0.650935775305697
UBFC_PHYS_s14_T1_ctrl,133,212,140.06666666666666,-0.3270176947116852,1.123793432020348
UBFC_PHYS_s14_T1_ctrl,133,213,140.1,-0.5429215431213379,1.4155545176157953
UBFC_PHYS_s14_T1_ctrl,133,214,140.13333333333333,-0.9078965187072754,1.4931992142279142
UBFC_PHYS_s14_T1_ctrl,133,215,140.16666666666666,-1.351138710975647,1.3673110408094293
UBFC_PHYS_s14_T1_ctrl,133,216,140.2,-1.6130903959274292,1.080519250205029
UBFC_PHYS_s14_T1_ctrl,133,217,140.23333333333332,-1.440220832824707,0.6892075808129418
UBFC_PHYS_s14_T1_ctrl,133,218,140.26666666666668,-0.8230107426643372,0.24711069174613662
UBFC_PHYS_s14_T1_ctrl,133,219,140.3,-0.04923791065812111,-0.2033560346436509
UBFC_PHYS_s14_T1_ctrl,133,220,140.33333333333334,0.5628745555877686,-0.630632431317335
UBFC_PHYS_s14_T1_ctrl,133,221,140.36666666666667,0.8736905455589294,-1.0072004840532294
UBFC_PHYS_s14_T1_ctrl,133,222,140.4,0.8846462368965149,-1.3018879303111948
UBFC_PHYS_s14_T1_ctrl,133,223,140.43333333333334,0.6974694728851318,-1.4770608662959699
UBFC_PHYS_s14_T1_ctrl,133,224,140.46666666666667,0.5059555172920227,-1.4941918872617903
UBFC_PHYS_s14_T1_ctrl,133,225,140.5,0.42670249938964844,-1.3270360215064168
UBFC_PHYS_s14_T1_ctrl,133,226,140.53333333333333,0.3755851686000824,-0.9770626939042275
UBFC_PHYS_s14_T1_ctrl,133,227,140.56666666666666,0.2563113868236542,-0.483382417273935
UBFC_PHYS_s14_T1_ctrl,133,228,140.6,0.09879113733768463,0.07913011631597001
UBFC_PHYS_s14_T1_ctrl,133,229,140.63333333333333,-0.07159998267889023,0.615081588149874
UBFC_PHYS_s14_T1_ctrl,133,230,140.66666666666666,-0.31654074788093567,1.0329326037884958
UBFC_PHYS_s14_T1_ctrl,133,231,140.7,-0.7012585401535034,1.2699811070322968
UBFC_PHYS_s14_T1_ctrl,133,232,140.73333333333332,-1.155907154083252,1.3087113713663339
UBFC_PHYS_s14_T1_ctrl,133,233,140.76666666666668,-1.4066777229309082,1.1786325307097831
UBFC_PHYS_s14_T1_ctrl,133,234,140.8,-1.1709465980529785,0.9437425507582352
UBFC_PHYS_s14_T1_ctrl,133,235,140.83333333333334,-0.505097508430481,0.6809921272602082
UBFC_PHYS_s14_T1_ctrl,133,236,140.86666666666667,0.24853816628456116,0.4570238282780751
UBFC_PHYS_s14_T1_ctrl,133,237,140.9,0.8030275106430054,0.3097526695765557
UBFC_PHYS_s14_T1_ctrl,133,238,140.93333333333334,1.0684151649475098,0.23970545596221005
UBFC_PHYS_s14_T1_ctrl,133,239,140.96666666666667,1.0516014099121094,0.2135162712500593
UBFC_PHYS_s14_T1_ctrl,134,0,134.0,0.1292925477027893,0.05116158039996824
UBFC_PHYS_s14_T1_ctrl,134,1,134.03333333333333,-0.15400733053684235,0.23674196905013786
UBFC_PHYS_s14_T1_ctrl,134,2,134.06666666666666,-0.5276286005973816,0.3899417087480472
UBFC_PHYS_s14_T1_ctrl,134,3,134.1,-1.022326111793518,0.48924201331054296
UBFC_PHYS_s14_T1_ctrl,134,4,134.13333333333333,-1.5488206148147583,0.527632808039126
UBFC_PHYS_s14_T1_ctrl,134,5,134.16666666666666,-1.8066885471343994,0.5145807542119282
UBFC_PHYS_s14_T1_ctrl,134,6,134.2,-1.5099263191223145,0.4717854714203924
UBFC_PHYS_s14_T1_ctrl,134,7,134.23333333333332,-0.7501227855682373,0.4232792595251387
UBFC_PHYS_s14_T1_ctrl,134,8,134.26666666666668,0.09707313776016235,0.38390563927492455
UBFC_PHYS_s14_T1_ctrl,134,9,134.3,0.7642459273338318,0.35190157035810044
UBFC_PHYS_s14_T1_ctrl,134,10,134.33333333333334,1.1527658700942993,0.3093414933727091
UBFC_PHYS_s14_T1_ctrl,134,11,134.36666666666667,1.1992080211639404,0.23018290229853058
UBFC_PHYS_s14_T1_ctrl,134,12,134.4,0.9783473014831543,0.09237093349866768
UBFC_PHYS_s14_T1_ctrl,134,13,134.43333333333334,0.7113823890686035,-0.11080052948561814
UBFC_PHYS_s14_T1_ctrl,134,14,134.46666666666667,0.5596075654029846,-0.3641752154792587
UBFC_PHYS_s14_T1_ctrl,134,15,134.5,0.49894270300865173,-0.6312864267651423
UBFC_PHYS_s14_T1_ctrl,134,16,134.53333333333333,0.41019850969314575,-0.8619955146035182
UBFC_PHYS_s14_T1_ctrl,134,17,134.56666666666666,0.2476932555437088,-1.0051939477881076
UBFC_PHYS_s14_T1_ctrl,134,18,134.6,0.056714385747909546,-1.0229216774979528
UBFC_PHYS_s14_T1_ctrl,134,19,134.63333333333333,-0.14341773092746735,-0.9014186487621307
UBFC_PHYS_s14_T1_ctrl,134,20,134.66666666666666,-0.4099038243293762,-0.6550915766885947
UBFC_PHYS_s14_T1_ctrl,134,21,134.7,-0.8153220415115356,-0.32166514732756607
UBFC_PHYS_s14_T1_ctrl,134,22,134.73333333333332,-1.3408589363098145,0.04948584161049635
UBFC_PHYS_s14_T1_ctrl,134,23,134.76666666666668,-1.7441929578781128,0.41058253695716956
UBFC_PHYS_s14_T1_ctrl,134,24,134.8,-1.6600676774978638,0.7243782205950068
UBFC_PHYS_s14_T1_ctrl,134,25,134.83333333333334,-1.0071176290512085,0.9656402692769377
UBFC_PHYS_s14_T1_ctrl,134,26,134.86666666666667,-0.09706008434295654,1.1168647305908173
UBFC_PHYS_s14_T1_ctrl,134,27,134.9,0.6909918189048767,1.1633858155387926
UBFC_PHYS_s14_T1_ctrl,134,28,134.93333333333334,1.187407374382019,1.0925697452325247
UBFC_PHYS_s14_T1_ctrl,134,29,134.96666666666667,1.363234043121338,0.8983045456803178
UBFC_PHYS_s14_T1_ctrl,134,30,135.0,1.2530289888381958,0.5882652124187947
UBFC_PHYS_s14_T1_ctrl,134,31,135.03333333333333,1.0045677423477173,0.18964812618634488
UBFC_PHYS_s14_T1_ctrl,134,32,135.06666666666666,0.8129693269729614,-0.2500774423151262
UBFC_PHYS_s14_T1_ctrl,134,33,135.1,0.7321391701698303,-0.668546203389262
UBFC_PHYS_s14_T1_ctrl,134,34,135.13333333333333,0.6843451261520386,-0.9990383785174187
UBFC_PHYS_s14_T1_ctrl,134,35,135.16666666666666,0.6000508069992065,-1.1839273414948268
UBFC_PHYS_s14_T1_ctrl,134,36,135.2,0.4479943513870239,-1.188107473520847
UBFC_PHYS_s14_T1_ctrl,134,37,135.23333333333332,0.20536303520202637,-1.0090112511759346
UBFC_PHYS_s14_T1_ctrl,134,38,135.26666666666668,-0.11170526593923569,-0.6796215960576758
UBFC_PHYS_s14_T1_ctrl,134,39,135.3,-0.47363853454589844,-0.2619187613794852
UBFC_PHYS_s14_T1_ctrl,134,40,135.33333333333334,-0.9331876039505005,0.1687764207524901
UBFC_PHYS_s14_T1_ctrl,134,41,135.36666666666667,-1.4688634872436523,0.5437206233282185
UBFC_PHYS_s14_T1_ctrl,134,42,135.4,-1.7912828922271729,0.8167000058515231
UBFC_PHYS_s14_T1_ctrl,134,43,135.43333333333334,-1.5676058530807495,0.9690349793126517
UBFC_PHYS_s14_T1_ctrl,134,44,135.46666666666667,-0.8091822862625122,1.0032557799618065
UBFC_PHYS_s14_T1_ctrl,134,45,135.5,0.12337815016508102,0.9316556955760597
UBFC_PHYS_s14_T1_ctrl,134,46,135.53333333333333,0.8375563621520996,0.7671539491537313
UBFC_PHYS_s14_T1_ctrl,134,47,135.56666666666666,1.1950116157531738,0.5205046526421897
UBFC_PHYS_s14_T1_ctrl,134,48,135.6,1.251930594444275,0.20355229595398375
UBFC_PHYS_s14_T1_ctrl,134,49,135.63333333333333,1.1177864074707031,-0.16463060868142246
UBFC_PHYS_s14_T1_ctrl,134,50,135.66666666666666,0.9125284552574158,-0.5525668956531611
UBFC_PHYS_s14_T1_ctrl,134,51,135.7,0.756895124912262,-0.9151570236093131
UBFC_PHYS_s14_T1_ctrl,134,52,135.73333333333332,0.6948220729827881,-1.1980351689724824
UBFC_PHYS_s14_T1_ctrl,134,53,135.76666666666668,0.6798389554023743,-1.3474534259708273
UBFC_PHYS_s14_T1_ctrl,134,54,135.8,0.6357343792915344,-1.32370352687667
UBFC_PHYS_s14_T1_ctrl,134,55,135.83333333333334,0.4938732087612152,-1.1142184268227195
UBFC_PHYS_s14_T1_ctrl,134,56,135.86666666666667,0.2327101081609726,-0.7414521995372211
UBFC_PHYS_s14_T1_ctrl,134,57,135.9,-0.09038525819778442,-0.26133673261163437
UBFC_PHYS_s14_T1_ctrl,134,58,135.93333333333334,-0.4443199932575226,0.24894969240066794
UBFC_PHYS_s14_T1_ctrl,134,59,135.96666666666667,-0.8800706267356873,0.7105093868421068
UBFC_PHYS_s14_T1_ctrl,134,60,136.0,-1.362404227256775,1.0618595140023943
UBFC_PHYS_s14_T1_ctrl,134,61,136.03333333333333,-1.6117666959762573,1.2696107738502975
UBFC_PHYS_s14_T1_ctrl,134,62,136.06666666666666,-1.361305832862854,1.3275502773949843
UBFC_PHYS_s14_T1_ctrl,134,63,136.1,-0.6778544187545776,1.2474559251455024
UBFC_PHYS_s14_T1_ctrl,134,64,136.13333333333333,0.10149486362934113,1.0483095560637996
UBFC_PHYS_s14_T1_ctrl,134,65,136.16666666666666,0.695667028427124,0.7497154559349978
UBFC_PHYS_s14_T1_ctrl,134,66,136.2,1.0088486671447754,0.37181957158403167
UBFC_PHYS_s14_T1_ctrl,134,67,136.23333333333332,1.039575457572937,-0.05986849078997947
UBFC_PHYS_s14_T1_ctrl,134,68,136.26666666666668,0.8618053793907166,-0.5087446555213408
UBFC_PHYS_s14_T1_ctrl,134,69,136.3,0.6469717621803284,-0.9247245655079517
UBFC_PHYS_s14_T1_ctrl,134,70,136.33333333333334,0.5265432596206665,-1.2479910379592247
UBFC_PHYS_s14_T1_ctrl,134,71,136.36666666666667,0.4963516294956207,-1.4194230401538521
UBFC_PHYS_s14_T1_ctrl,134,72,136.4,0.4735107719898224,-1.3959173171799877
UBFC_PHYS_s14_T1_ctrl,134,73,136.43333333333334,0.3862592577934265,-1.1662055332668857
UBFC_PHYS_s14_T1_ctrl,134,74,136.46666666666667,0.20820757746696472,-0.7604340361176121
UBFC_PHYS_s14_T1_ctrl,134,75,136.5,-0.051519181579351425,-0.2471774876828417
UBFC_PHYS_s14_T1_ctrl,134,76,136.53333333333333,-0.38058528304100037,0.2836796169751042
UBFC_PHYS_s14_T1_ctrl,134,77,136.56666666666666,-0.7731607556343079,0.7465048025176352
UBFC_PHYS_s14_T1_ctrl,134,78,136.6,-1.2104041576385498,1.0827300720429054
UBFC_PHYS_s14_T1_ctrl,134,79,136.63333333333333,-1.562536358833313,1.2704806595856788
UBFC_PHYS_s14_T1_ctrl,134,80,136.66666666666666,-1.5646204948425293,1.3183261151658874
UBFC_PHYS_s14_T1_ctrl,134,81,136.7,-1.07124662399292,1.249358701627533
UBFC_PHYS_s14_T1_ctrl,134,82,136.73333333333332,-0.29499542713165283,1.0854867798169718
UBFC_PHYS_s14_T1_ctrl,134,83,136.76666666666668,0.4008762836456299,0.8395206705000325
UBFC_PHYS_s14_T1_ctrl,134,84,136.8,0.8454421758651733,0.5172013069433126
UBFC_PHYS_s14_T1_ctrl,134,85,136.83333333333334,1.02293062210083,0.1260867391481194
UBFC_PHYS_s14_T1_ctrl,134,86,136.86666666666667,0.9564639925956726,-0.3144453343252706
UBFC_PHYS_s14_T1_ctrl,134,87,136.9,0.7711741924285889,-0.7673108887431651
UBFC_PHYS_s14_T1_ctrl,134,88,136.93333333333334,0.6358188986778259,-1.1785672556033686
UBFC_PHYS_s14_T1_ctrl,134,89,136.96666666666667,0.5824766159057617,-1.4849423884134352
UBFC_PHYS_s14_T1_ctrl,134,90,137.0,0.5183757543563843,-1.6265584590910351
UBFC_PHYS_s14_T1_ctrl,134,91,137.03333333333333,0.36902299523353577,-1.562390998725511
UBFC_PHYS_s14_T1_ctrl,134,92,137.06666666666666,0.1433744579553604,-1.2845091005812732
UBFC_PHYS_s14_T1_ctrl,134,93,137.1,-0.1148877814412117,-0.8258338530127017
UBFC_PHYS_s14_T1_ctrl,134,94,137.13333333333333,-0.39218875765800476,-0.25667906943336255
UBFC_PHYS_s14_T1_ctrl,134,95,137.16666666666666,-0.7246345281600952,0.33101362175925436
UBFC_PHYS_s14_T1_ctrl,134,96,137.2,-1.1497392654418945,0.8468874939677173
UBFC_PHYS_s14_T1_ctrl,134,97,137.23333333333332,-1.588700532913208,1.2236347031844546
UBFC_PHYS_s14_T1_ctrl,134,98,137.26666666666668,-1.7699347734451294,1.428262078834788
UBFC_PHYS_s14_T1_ctrl,134,99,137.3,-1.4337995052337646,1.460122700588439
UBFC_PHYS_s14_T1_ctrl,134,100,137.33333333333334,-0.6843602657318115,1.3394675566334462
UBFC_PHYS_s14_T1_ctrl,134,101,137.36666666666667,0.10346632450819016,1.0943063646850886
UBFC_PHYS_s14_T1_ctrl,134,102,137.4,0.6600679159164429,0.752360529252948
UBFC_PHYS_s14_T1_ctrl,134,103,137.43333333333334,0.9465503096580505,0.3404160768477188
UBFC_PHYS_s14_T1_ctrl,134,104,137.46666666666667,0.9969072341918945,-0.11123304271951227
UBFC_PHYS_s14_T1_ctrl,134,105,137.5,0.8631009459495544,-0.5638829984025668
UBFC_PHYS_s14_T1_ctrl,134,106,137.53333333333333,0.6722910404205322,-0.9690792131100355
UBFC_PHYS_s14_T1_ctrl,134,107,137.56666666666666,0.550454318523407,-1.2726724698339262
UBFC_PHYS_s14_T1_ctrl,134,108,137.6,0.489479660987854,-1.424013654834313
UBFC_PHYS_s14_T1_ctrl,134,109,137.63333333333333,0.4085368514060974,-1.3883038245001
UBFC_PHYS_s14_T1_ctrl,134,110,137.66666666666666,0.27391377091407776,-1.1585503512062163
UBFC_PHYS_s14_T1_ctrl,134,111,137.7,0.09338367730379105,-0.7625837357386137
UBFC_PHYS_s14_T1_ctrl,134,112,137.73333333333332,-0.14800843596458435,-0.26104389801180683
UBFC_PHYS_s14_T1_ctrl,134,113,137.76666666666668,-0.470258891582489,0.2649769674359364
UBFC_PHYS_s14_T1_ctrl,134,114,137.8,-0.8746350407600403,0.733286903066403
UBFC_PHYS_s14_T1_ctrl,134,115,137.83333333333334,-1.3222707509994507,1.0796757128679948
UBFC_PHYS_s14_T1_ctrl,134,116,137.86666666666667,-1.6349737644195557,1.2691035424194939
UBFC_PHYS_s14_T1_ctrl,134,117,137.9,-1.5265711545944214,1.2954093812399825
UBFC_PHYS_s14_T1_ctrl,134,118,137.93333333333334,-0.9176411628723145,1.1724051284459054
UBFC_PHYS_s14_T1_ctrl,134,119,137.96666666666667,-0.08576638996601105,0.9235052472800058
UBFC_PHYS_s14_T1_ctrl,134,120,138.0,0.5889261364936829,0.575982262446956
UBFC_PHYS_s14_T1_ctrl,134,121,138.03333333333333,0.9299899935722351,0.1612805404395333
UBFC_PHYS_s14_T1_ctrl,134,122,138.06666666666666,0.9960060119628906,-0.28156446021641884
UBFC_PHYS_s14_T1_ctrl,134,123,138.1,0.8712121248245239,-0.7039969355617672
UBFC_PHYS_s14_T1_ctrl,134,124,138.13333333333333,0.6544070243835449,-1.050682575206216
UBFC_PHYS_s14_T1_ctrl,134,125,138.16666666666666,0.498661071062088,-1.2673791772460838
UBFC_PHYS_s14_T1_ctrl,134,126,138.2,0.4757920503616333,-1.3122735702498192
UBFC_PHYS_s14_T1_ctrl,134,127,138.23333333333332,0.47103235125541687,-1.1678441976582685
UBFC_PHYS_s14_T1_ctrl,134,128,138.26666666666668,0.36493924260139465,-0.8494589629661473
UBFC_PHYS_s14_T1_ctrl,134,129,138.3,0.19037988781929016,-0.4067011711167684
UBFC_PHYS_s14_T1_ctrl,134,130,138.33333333333334,-0.018989967182278633,0.08535683136103586
UBFC_PHYS_s14_T1_ctrl,134,131,138.36666666666667,-0.313020259141922,0.5440433863559736
UBFC_PHYS_s14_T1_ctrl,134,132,138.4,-0.7113975286483765,0.9000208392943815
UBFC_PHYS_s14_T1_ctrl,134,133,138.43333333333334,-1.1674542427062988,1.1124465448472145
UBFC_PHYS_s14_T1_ctrl,134,134,138.46666666666667,-1.5320067405700684,1.1724109241396319
UBFC_PHYS_s14_T1_ctrl,134,135,138.5,-1.5233604907989502,1.0950757140837577
UBFC_PHYS_s14_T1_ctrl,134,136,138.53333333333333,-0.9971758127212524,0.9064838712300701
UBFC_PHYS_s14_T1_ctrl,134,137,138.56666666666666,-0.23565424978733063,0.6327367204577251
UBFC_PHYS_s14_T1_ctrl,134,138,138.6,0.4220554828643799,0.29654909574143534
UBFC_PHYS_s14_T1_ctrl,134,139,138.63333333333333,0.8421188592910767,-0.07885202572836879
UBFC_PHYS_s14_T1_ctrl,134,140,138.66666666666666,0.9887115359306335,-0.46285725473516803
UBFC_PHYS_s14_T1_ctrl,134,141,138.7,0.8806751370429993,-0.8134335170795142
UBFC_PHYS_s14_T1_ctrl,134,142,138.73333333333332,0.6795573234558105,-1.0797968663770072
UBFC_PHYS_s14_T1_ctrl,134,143,138.76666666666668,0.5491024851799011,-1.2120338710783225
UBFC_PHYS_s14_T1_ctrl,134,144,138.8,0.4857620298862457,-1.1746545773983028
UBFC_PHYS_s14_T1_ctrl,134,145,138.83333333333334,0.4164227247238159,-0.9592632399313119
UBFC_PHYS_s14_T1_ctrl,134,146,138.86666666666667,0.31348395347595215,-0.5914549335103635
UBFC_PHYS_s14_T1_ctrl,134,147,138.9,0.16900354623794556,-0.12870034503253366
UBFC_PHYS_s14_T1_ctrl,134,148,138.93333333333334,-0.02949507348239422,0.3510155838873037
UBFC_PHYS_s14_T1_ctrl,134,149,138.96666666666667,-0.3063172698020935,0.7666005573587804
UBFC_PHYS_s14_T1_ctrl,134,150,139.0,-0.687317430973053,1.0515779044326448
UBFC_PHYS_s14_T1_ctrl,134,151,139.03333333333333,-1.1103943586349487,1.1662382993202531
UBFC_PHYS_s14_T1_ctrl,134,152,139.06666666666666,-1.386596918106079,1.1010469179489781
UBFC_PHYS_s14_T1_ctrl,134,153,139.1,-1.318722128868103,0.8724017524371873
UBFC_PHYS_s14_T1_ctrl,134,154,139.13333333333333,-0.848330020904541,0.5152718102179653
UBFC_PHYS_s14_T1_ctrl,134,155,139.16666666666666,-0.15403549373149872,0.07751112340511916
UBFC_PHYS_s14_T1_ctrl,134,156,139.2,0.4610905349254608,-0.3826339254777011
UBFC_PHYS_s14_T1_ctrl,134,157,139.23333333333332,0.8066887855529785,-0.7983596454093974
UBFC_PHYS_s14_T1_ctrl,134,158,139.26666666666668,0.8424850106239319,-1.0996289336615417
UBFC_PHYS_s14_T1_ctrl,134,159,139.3,0.6257643699645996,-1.2244880249317858
UBFC_PHYS_s14_T1_ctrl,134,160,139.33333333333334,0.3384089171886444,-1.1350856810937726
UBFC_PHYS_s14_T1_ctrl,134,161,139.36666666666667,0.17159460484981537,-0.8330145832181535
UBFC_PHYS_s14_T1_ctrl,134,162,139.4,0.12025196850299835,-0.3664181403484409
UBFC_PHYS_s14_T1_ctrl,134,163,139.43333333333334,0.04415332153439522,0.17696506154133831
UBFC_PHYS_s14_T1_ctrl,134,164,139.46666666666667,-0.08689294010400772,0.6908927006445812
UBFC_PHYS_s14_T1_ctrl,134,165,139.5,-0.2095182240009308,1.078994539530089
UBFC_PHYS_s14_T1_ctrl,134,166,139.53333333333333,-0.3801628053188324,1.2794424159930684
UBFC_PHYS_s14_T1_ctrl,134,167,139.56666666666666,-0.7198748588562012,1.2762940594289232
UBFC_PHYS_s14_T1_ctrl,134,168,139.6,-1.155738115310669,1.094475038171232
UBFC_PHYS_s14_T1_ctrl,134,169,139.63333333333333,-1.4262235164642334,0.783048694807678
UBFC_PHYS_s14_T1_ctrl,134,170,139.66666666666666,-1.3190319538116455,0.3957342868936601
UBFC_PHYS_s14_T1_ctrl,134,171,139.7,-0.8313754200935364,-0.022749660610937524
UBFC_PHYS_s14_T1_ctrl,134,172,139.73333333333332,-0.1498672515153885,-0.43989365236860256
UBFC_PHYS_s14_T1_ctrl,134,173,139.76666666666668,0.46376609802246094,-0.8289801861359136
UBFC_PHYS_s14_T1_ctrl,134,174,139.8,0.8050552606582642,-1.158554399149636
UBFC_PHYS_s14_T1_ctrl,134,175,139.83333333333334,0.8209959864616394,-1.3855093278870871
UBFC_PHYS_s14_T1_ctrl,134,176,139.86666666666667,0.6188079118728638,-1.458287549571596
UBFC_PHYS_s14_T1_ctrl,134,177,139.9,0.38623109459877014,-1.3319360628183912
UBFC_PHYS_s14_T1_ctrl,134,178,139.93333333333334,0.223922997713089,-0.9899480981436657
UBFC_PHYS_s14_T1_ctrl,134,179,139.96666666666667,0.09825602173805237,-0.46237056939740573
UBFC_PHYS_s14_T1_ctrl,134,180,140.0,-0.040957748889923096,0.1709241699363206
UBFC_PHYS_s14_T1_ctrl,134,181,140.03333333333333,-0.18338219821453094,0.7969247643878296
UBFC_PHYS_s14_T1_ctrl,134,182,140.06666666666666,-0.3270176947116852,1.3008492625600556
UBFC_PHYS_s14_T1_ctrl,134,183,140.1,-0.5429215431213379,1.598742337588685
UBFC_PHYS_s14_T1_ctrl,134,184,140.13333333333333,-0.9078965187072754,1.6575296748022326
UBFC_PHYS_s14_T1_ctrl,134,185,140.16666666666666,-1.351138710975647,1.4956982934018197
UBFC_PHYS_s14_T1_ctrl,134,186,140.2,-1.6130903959274292,1.167286894589577
UBFC_PHYS_s14_T1_ctrl,134,187,140.23333333333332,-1.440220832824707,0.7386943592106315
UBFC_PHYS_s14_T1_ctrl,134,188,140.26666666666668,-0.8230107426643372,0.26885981905463224
UBFC_PHYS_s14_T1_ctrl,134,189,140.3,-0.04923791065812111,-0.20038057665830378
UBFC_PHYS_s14_T1_ctrl,134,190,140.33333333333334,0.5628745555877686,-0.6424973404764476
UBFC_PHYS_s14_T1_ctrl,134,191,140.36666666666667,0.8736905455589294,-1.036673275937367
UBFC_PHYS_s14_T1_ctrl,134,192,140.4,0.8846462368965149,-1.356862367931148
UBFC_PHYS_s14_T1_ctrl,134,193,140.43333333333334,0.6974694728851318,-1.566134970219664
UBFC_PHYS_s14_T1_ctrl,134,194,140.46666666666667,0.5059555172920227,-1.620649719716825
UBFC_PHYS_s14_T1_ctrl,134,195,140.5,0.42670249938964844,-1.4833651143288225
UBFC_PHYS_s14_T1_ctrl,134,196,140.53333333333333,0.3755851686000824,-1.1426661039832735
UBFC_PHYS_s14_T1_ctrl,134,197,140.56666666666666,0.2563113868236542,-0.6274976059920485
UBFC_PHYS_s14_T1_ctrl,134,198,140.6,0.09879113733768463,-0.010434095095448192
UBFC_PHYS_s14_T1_ctrl,134,199,140.63333333333333,-0.07159998267889023,0.6055602693486835
UBFC_PHYS_s14_T1_ctrl,134,200,140.66666666666666,-0.31654074788093567,1.1133548357939134
UBFC_PHYS_s14_T1_ctrl,134,201,140.7,-0.7012585401535034,1.4308528261644686
UBFC_PHYS_s14_T1_ctrl,134,202,140.73333333333332,-1.155907154083252,1.5214273235888285
UBFC_PHYS_s14_T1_ctrl,134,203,140.76666666666668,-1.4066777229309082,1.3979820057390786
UBFC_PHYS_s14_T1_ctrl,134,204,140.8,-1.1709465980529785,1.1107842827155008
UBFC_PHYS_s14_T1_ctrl,134,205,140.83333333333334,-0.505097508430481,0.7261920402585893
UBFC_PHYS_s14_T1_ctrl,134,206,140.86666666666667,0.24853816628456116,0.3059625532601961
UBFC_PHYS_s14_T1_ctrl,134,207,140.9,0.8030275106430054,-0.10520959259428708
UBFC_PHYS_s14_T1_ctrl,134,208,140.93333333333334,1.0684151649475098,-0.48096838006111153
UBFC_PHYS_s14_T1_ctrl,134,209,140.96666666666667,1.0516014099121094,-0.8055218833858963
UBFC_PHYS_s14_T1_ctrl,134,210,141.0,0.848737359046936,-1.062555389696667
UBFC_PHYS_s14_T1_ctrl,134,211,141.03333333333333,0.6489995718002319,-1.2275274910783536
UBFC_PHYS_s14_T1_ctrl,134,212,141.06666666666666,0.5545099377632141,-1.268171661151381
UBFC_PHYS_s14_T1_ctrl,134,213,141.1,0.4987737238407135,-1.154116857074619
UBFC_PHYS_s14_T1_ctrl,134,214,141.13333333333333,0.4020310044288635,-0.872087124305406
UBFC_PHYS_s14_T1_ctrl,134,215,141.16666666666666,0.27813833951950073,-0.43990966953635285
UBFC_PHYS_s14_T1_ctrl,134,216,141.2,0.1587800681591034,0.08799517842350481
UBFC_PHYS_s14_T1_ctrl,134,217,141.23333333333332,-0.008963647298514843,0.6282829080142082
UBFC_PHYS_s14_T1_ctrl,134,218,141.26666666666668,-0.33183369040489197,1.0888328260757347
UBFC_PHYS_s14_T1_ctrl,134,219,141.3,-0.8174343109130859,1.3945564726561333
UBFC_PHYS_s14_T1_ctrl,134,220,141.33333333333334,-1.260591983795166,1.5080309390931805
UBFC_PHYS_s14_T1_ctrl,134,221,141.36666666666667,-1.3291709423065186,1.435687395484644
UBFC_PHYS_s14_T1_ctrl,134,222,141.4,-0.8650875091552734,1.2178567719418767
UBFC_PHYS_s14_T1_ctrl,134,223,141.43333333333334,-0.0745290219783783,0.9093619277307959
UBFC_PHYS_s14_T1_ctrl,134,224,141.46666666666667,0.6844296455383301,0.5608232907152546
UBFC_PHYS_s14_T1_ctrl,134,225,141.5,1.191772699356079,0.20842039683356725
UBFC_PHYS_s14_T1_ctrl,134,226,141.53333333333333,1.3874831199645996,-0.12591494470851597
UBFC_PHYS_s14_T1_ctrl,134,227,141.56666666666666,1.3336338996887207,-0.4273026746199609
UBFC_PHYS_s14_T1_ctrl,134,228,141.6,1.1460628509521484,-0.6795185677364115
UBFC_PHYS_s14_T1_ctrl,134,229,141.63333333333333,0.9611110091209412,-0.86056954291987
UBFC_PHYS_s14_T1_ctrl,134,230,141.66666666666666,0.864509105682373,-0.9450958682893311
UBFC_PHYS_s14_T1_ctrl,134,231,141.7,0.8198412656784058,-0.9133270771256613
UBFC_PHYS_s14_T1_ctrl,134,232,141.73333333333332,0.7189303040504456,-0.7631386117996556
UBFC_PHYS_s14_T1_ctrl,134,233,141.76666666666668,0.5162071585655212,-0.5196764739776749
UBFC_PHYS_s14_T1_ctrl,134,234,141.8,0.2447078973054886,-0.23696325475937888
UBFC_PHYS_s14_T1_ctrl,134,235,141.83333333333334,-0.04842115938663483,0.012052608696727501
UBFC_PHYS_s14_T1_ctrl,134,236,141.86666666666667,-0.3521116375923157,0.15661872242839506
UBFC_PHYS_s14_T1_ctrl,134,237,141.9,-0.7251695990562439,0.15435243325577996
UBFC_PHYS_s14_T1_ctrl,134,238,141.93333333333334,-1.1841835975646973,0.010922034837493055
UBFC_PHYS_s14_T1_ctrl,134,239,141.96666666666667,-1.5207130908966064,-0.21794491597804821
UBFC_PHYS_s14_T1_ctrl,135,0,135.0,1.2530289888381958,0.09510931041046525
UBFC_PHYS_s14_T1_ctrl,135,1,135.03333333333333,1.0045677423477173,-0.06780884849886729
UBFC_PHYS_s14_T1_ctrl,135,2,135.06666666666666,0.8129693269729614,-0.19542721448037031
UBFC_PHYS_s14_T1_ctrl,135,3,135.1,0.7321391701698303,-0.2520713703830409
UBFC_PHYS_s14_T1_ctrl,135,4,135.13333333333333,0.6843451261520386,-0.20549812100019504
UBFC_PHYS_s14_T1_ctrl,135,5,135.16666666666666,0.6000508069992065,-0.03538196249143004
UBFC_PHYS_s14_T1_ctrl,135,6,135.2,0.4479943513870239,0.2555279100940354
UBFC_PHYS_s14_T1_ctrl,135,7,135.23333333333332,0.20536303520202637,0.6333808267034063
UBFC_PHYS_s14_T1_ctrl,135,8,135.26666666666668,-0.11170526593923569,1.0346819315480538
UBFC_PHYS_s14_T1_ctrl,135,9,135.3,-0.47363853454589844,1.3799286076451966
UBFC_PHYS_s14_T1_ctrl,135,10,135.33333333333334,-0.9331876039505005,1.5955219943074872
UBFC_PHYS_s14_T1_ctrl,135,11,135.36666666666667,-1.4688634872436523,1.6350106856106033
UBFC_PHYS_s14_T1_ctrl,135,12,135.4,-1.7912828922271729,1.4909553694076847
UBFC_PHYS_s14_T1_ctrl,135,13,135.43333333333334,-1.5676058530807495,1.1933434953511608
UBFC_PHYS_s14_T1_ctrl,135,14,135.46666666666667,-0.8091822862625122,0.7963049891880503
UBFC_PHYS_s14_T1_ctrl,135,15,135.5,0.12337815016508102,0.3592554433226333
UBFC_PHYS_s14_T1_ctrl,135,16,135.53333333333333,0.8375563621520996,-0.06992302526566095
UBFC_PHYS_s14_T1_ctrl,135,17,135.56666666666666,1.1950116157531738,-0.46360964927650733
UBFC_PHYS_s14_T1_ctrl,135,18,135.6,1.251930594444275,-0.8127453577834896
UBFC_PHYS_s14_T1_ctrl,135,19,135.63333333333333,1.1177864074707031,-1.1168029262767232
UBFC_PHYS_s14_T1_ctrl,135,20,135.66666666666666,0.9125284552574158,-1.3709980588547581
UBFC_PHYS_s14_T1_ctrl,135,21,135.7,0.756895124912262,-1.5572889833032144
UBFC_PHYS_s14_T1_ctrl,135,22,135.73333333333332,0.6948220729827881,-1.6437215936089282
UBFC_PHYS_s14_T1_ctrl,135,23,135.76666666666668,0.6798389554023743,-1.592963502280263
UBFC_PHYS_s14_T1_ctrl,135,24,135.8,0.6357343792915344,-1.3772068287909411
UBFC_PHYS_s14_T1_ctrl,135,25,135.83333333333334,0.4938732087612152,-0.9940420684354557
UBFC_PHYS_s14_T1_ctrl,135,26,135.86666666666667,0.2327101081609726,-0.47691493971352417
UBFC_PHYS_s14_T1_ctrl,135,27,135.9,-0.09038525819778442,0.1052991740961628
UBFC_PHYS_s14_T1_ctrl,135,28,135.93333333333334,-0.4443199932575226,0.6619390563791351
UBFC_PHYS_s14_T1_ctrl,135,29,135.96666666666667,-0.8800706267356873,1.1042260494150424
UBFC_PHYS_s14_T1_ctrl,135,30,136.0,-1.362404227256775,1.3696670129382058
UBFC_PHYS_s14_T1_ctrl,135,31,136.03333333333333,-1.6117666959762573,1.4362073621709217
UBFC_PHYS_s14_T1_ctrl,135,32,136.06666666666666,-1.361305832862854,1.3206395897556893
UBFC_PHYS_s14_T1_ctrl,135,33,136.1,-0.6778544187545776,1.064382469852224
UBFC_PHYS_s14_T1_ctrl,135,34,136.13333333333333,0.10149486362934113,0.7153969003297227
UBFC_PHYS_s14_T1_ctrl,135,35,136.16666666666666,0.695667028427124,0.31515443447181246
UBFC_PHYS_s14_T1_ctrl,135,36,136.2,1.0088486671447754,-0.10480980309115481
UBFC_PHYS_s14_T1_ctrl,135,37,136.23333333333332,1.039575457572937,-0.5179553309710945
UBFC_PHYS_s14_T1_ctrl,135,38,136.26666666666668,0.8618053793907166,-0.8944857472371427
UBFC_PHYS_s14_T1_ctrl,135,39,136.3,0.6469717621803284,-1.1957995369282715
UBFC_PHYS_s14_T1_ctrl,135,40,136.33333333333334,0.5265432596206665,-1.3760404524057923
UBFC_PHYS_s14_T1_ctrl,135,41,136.36666666666667,0.4963516294956207,-1.3918971757436995
UBFC_PHYS_s14_T1_ctrl,135,42,136.4,0.4735107719898224,-1.217990590807825
UBFC_PHYS_s14_T1_ctrl,135,43,136.43333333333334,0.3862592577934265,-0.8618277293054032
UBFC_PHYS_s14_T1_ctrl,135,44,136.46666666666667,0.20820757746696472,-0.3706993773584213
UBFC_PHYS_s14_T1_ctrl,135,45,136.5,-0.051519181579351425,0.1752168646655581
UBFC_PHYS_s14_T1_ctrl,135,46,136.53333333333333,-0.38058528304100037,0.6834947733462697
UBFC_PHYS_s14_T1_ctrl,135,47,136.56666666666666,-0.7731607556343079,1.076412112338973
UBFC_PHYS_s14_T1_ctrl,135,48,136.6,-1.2104041576385498,1.311975547057136
UBFC_PHYS_s14_T1_ctrl,135,49,136.63333333333333,-1.562536358833313,1.3887439283832412
UBFC_PHYS_s14_T1_ctrl,135,50,136.66666666666666,-1.5646204948425293,1.3332500195728774
UBFC_PHYS_s14_T1_ctrl,135,51,136.7,-1.07124662399292,1.1787437295167709
UBFC_PHYS_s14_T1_ctrl,135,52,136.73333333333332,-0.29499542713165283,0.9478112595211517
UBFC_PHYS_s14_T1_ctrl,135,53,136.76666666666668,0.4008762836456299,0.6477033809114144
UBFC_PHYS_s14_T1_ctrl,135,54,136.8,0.8454421758651733,0.2790437031945794
UBFC_PHYS_s14_T1_ctrl,135,55,136.83333333333334,1.02293062210083,-0.148827778499677
UBFC_PHYS_s14_T1_ctrl,135,56,136.86666666666667,0.9564639925956726,-0.6052536338761482
UBFC_PHYS_s14_T1_ctrl,135,57,136.9,0.7711741924285889,-1.0354362857405197
UBFC_PHYS_s14_T1_ctrl,135,58,136.93333333333334,0.6358188986778259,-1.369420268730265
UBFC_PHYS_s14_T1_ctrl,135,59,136.96666666666667,0.5824766159057617,-1.5399240108738872
UBFC_PHYS_s14_T1_ctrl,135,60,137.0,0.5183757543563843,-1.5029578405228625
UBFC_PHYS_s14_T1_ctrl,135,61,137.03333333333333,0.36902299523353577,-1.2541514214436145
UBFC_PHYS_s14_T1_ctrl,135,62,137.06666666666666,0.1433744579553604,-0.8344526599298222
UBFC_PHYS_s14_T1_ctrl,135,63,137.1,-0.1148877814412117,-0.3215641557522987
UBFC_PHYS_s14_T1_ctrl,135,64,137.13333333333333,-0.39218875765800476,0.1917455116468568
UBFC_PHYS_s14_T1_ctrl,135,65,137.16666666666666,-0.7246345281600952,0.6253285432433355
UBFC_PHYS_s14_T1_ctrl,135,66,137.2,-1.1497392654418945,0.9336392871755678
UBFC_PHYS_s14_T1_ctrl,135,67,137.23333333333332,-1.588700532913208,1.111565637801425
UBFC_PHYS_s14_T1_ctrl,135,68,137.26666666666668,-1.7699347734451294,1.1821138899907426
UBFC_PHYS_s14_T1_ctrl,135,69,137.3,-1.4337995052337646,1.1739851983527498
UBFC_PHYS_s14_T1_ctrl,135,70,137.33333333333334,-0.6843602657318115,1.1018137832113035
UBFC_PHYS_s14_T1_ctrl,135,71,137.36666666666667,0.10346632450819016,0.9592672062757669
UBFC_PHYS_s14_T1_ctrl,135,72,137.4,0.6600679159164429,0.7275987531826043
UBFC_PHYS_s14_T1_ctrl,135,73,137.43333333333334,0.9465503096580505,0.394035311767502
UBFC_PHYS_s14_T1_ctrl,135,74,137.46666666666667,0.9969072341918945,-0.03018773592892243
UBFC_PHYS_s14_T1_ctrl,135,75,137.5,0.8631009459495544,-0.5014610061503684
UBFC_PHYS_s14_T1_ctrl,135,76,137.53333333333333,0.6722910404205322,-0.9491481367549255
UBFC_PHYS_s14_T1_ctrl,135,77,137.56666666666666,0.550454318523407,-1.292434622738291
UBFC_PHYS_s14_T1_ctrl,135,78,137.6,0.489479660987854,-1.462446452251868
UBFC_PHYS_s14_T1_ctrl,135,79,137.63333333333333,0.4085368514060974,-1.4222673660544327
UBFC_PHYS_s14_T1_ctrl,135,80,137.66666666666666,0.27391377091407776,-1.178447419542053
UBFC_PHYS_s14_T1_ctrl,135,81,137.7,0.09338367730379105,-0.780019175895649
UBFC_PHYS_s14_T1_ctrl,135,82,137.73333333333332,-0.14800843596458435,-0.3046133257216732
UBFC_PHYS_s14_T1_ctrl,135,83,137.76666666666668,-0.470258891582489,0.1641405226262107
UBFC_PHYS_s14_T1_ctrl,135,84,137.8,-0.8746350407600403,0.5593841841162159
UBFC_PHYS_s14_T1_ctrl,135,85,137.83333333333334,-1.3222707509994507,0.8444903554225818
UBFC_PHYS_s14_T1_ctrl,135,86,137.86666666666667,-1.6349737644195557,1.0121521706493601
UBFC_PHYS_s14_T1_ctrl,135,87,137.9,-1.5265711545944214,1.0716210802245865
UBFC_PHYS_s14_T1_ctrl,135,88,137.93333333333334,-0.9176411628723145,1.03291255240724
UBFC_PHYS_s14_T1_ctrl,135,89,137.96666666666667,-0.08576638996601105,0.8979244965540324
UBFC_PHYS_s14_T1_ctrl,135,90,138.0,0.5889261364936829,0.6634183640123406
UBFC_PHYS_s14_T1_ctrl,135,91,138.03333333333333,0.9299899935722351,0.33313939323804065
UBFC_PHYS_s14_T1_ctrl,135,92,138.06666666666666,0.9960060119628906,-0.06910618832845682
UBFC_PHYS_s14_T1_ctrl,135,93,138.1,0.8712121248245239,-0.4939036316567367
UBFC_PHYS_s14_T1_ctrl,135,94,138.13333333333333,0.6544070243835449,-0.8721451947586676
UBFC_PHYS_s14_T1_ctrl,135,95,138.16666666666666,0.498661071062088,-1.1305979352704283
UBFC_PHYS_s14_T1_ctrl,135,96,138.2,0.4757920503616333,-1.21188638523534
UBFC_PHYS_s14_T1_ctrl,135,97,138.23333333333332,0.47103235125541687,-1.092588856632626
UBFC_PHYS_s14_T1_ctrl,135,98,138.26666666666668,0.36493924260139465,-0.7932465431704498
UBFC_PHYS_s14_T1_ctrl,135,99,138.3,0.19037988781929016,-0.37551651402233055
UBFC_PHYS_s14_T1_ctrl,135,100,138.33333333333334,-0.018989967182278633,0.07473490043961789
UBFC_PHYS_s14_T1_ctrl,135,101,138.36666666666667,-0.313020259141922,0.47370123622481564
UBFC_PHYS_s14_T1_ctrl,135,102,138.4,-0.7113975286483765,0.7644983648993045
UBFC_PHYS_s14_T1_ctrl,135,103,138.43333333333334,-1.1674542427062988,0.9288927782204245
UBFC_PHYS_s14_T1_ctrl,135,104,138.46666666666667,-1.5320067405700684,0.9810979344533189
UBFC_PHYS_s14_T1_ctrl,135,105,138.5,-1.5233604907989502,0.9490420917486614
UBFC_PHYS_s14_T1_ctrl,135,106,138.53333333333333,-0.9971758127212524,0.854915347700897
UBFC_PHYS_s14_T1_ctrl,135,107,138.56666666666666,-0.23565424978733063,0.7057693071780399
UBFC_PHYS_s14_T1_ctrl,135,108,138.6,0.4220554828643799,0.49757325146521136
UBFC_PHYS_s14_T1_ctrl,135,109,138.63333333333333,0.8421188592910767,0.2278973193844993
UBFC_PHYS_s14_T1_ctrl,135,110,138.66666666666666,0.9887115359306335,-0.09137352323673753
UBFC_PHYS_s14_T1_ctrl,135,111,138.7,0.8806751370429993,-0.4283304529164039
UBFC_PHYS_s14_T1_ctrl,135,112,138.73333333333332,0.6795573234558105,-0.73479718177633
UBFC_PHYS_s14_T1_ctrl,135,113,138.76666666666668,0.5491024851799011,-0.9575165562610172
UBFC_PHYS_s14_T1_ctrl,135,114,138.8,0.4857620298862457,-1.0524185553220435
UBFC_PHYS_s14_T1_ctrl,135,115,138.83333333333334,0.4164227247238159,-0.9973549788240906
UBFC_PHYS_s14_T1_ctrl,135,116,138.86666666666667,0.31348395347595215,-0.7994456487420499
UBFC_PHYS_s14_T1_ctrl,135,117,138.9,0.16900354623794556,-0.494643182591836
UBFC_PHYS_s14_T1_ctrl,135,118,138.93333333333334,-0.02949507348239422,-0.13930552353622822
UBFC_PHYS_s14_T1_ctrl,135,119,138.96666666666667,-0.3063172698020935,0.2038069240282211
UBFC_PHYS_s14_T1_ctrl,135,120,139.0,-0.687317430973053,0.4804268496943794
UBFC_PHYS_s14_T1_ctrl,135,121,139.03333333333333,-1.1103943586349487,0.6553274498095556
UBFC_PHYS_s14_T1_ctrl,135,122,139.06666666666666,-1.386596918106079,0.7152514110743873
UBFC_PHYS_s14_T1_ctrl,135,123,139.1,-1.318722128868103,0.6647616390603078
UBFC_PHYS_s14_T1_ctrl,135,124,139.13333333333333,-0.848330020904541,0.519223722235872
UBFC_PHYS_s14_T1_ctrl,135,125,139.16666666666666,-0.15403549373149872,0.3000827194681043
UBFC_PHYS_s14_T1_ctrl,135,126,139.2,0.4610905349254608,0.03481305109200965
UBFC_PHYS_s14_T1_ctrl,135,127,139.23333333333332,0.8066887855529785,-0.24043596838065315
UBFC_PHYS_s14_T1_ctrl,135,128,139.26666666666668,0.8424850106239319,-0.480204136837218
UBFC_PHYS_s14_T1_ctrl,135,129,139.3,0.6257643699645996,-0.6351827611424457
UBFC_PHYS_s14_T1_ctrl,135,130,139.33333333333334,0.3384089171886444,-0.6642329102035407
UBFC_PHYS_s14_T1_ctrl,135,131,139.36666666666667,0.17159460484981537,-0.5489832012467826
UBFC_PHYS_s14_T1_ctrl,135,132,139.4,0.12025196850299835,-0.3043994907050213
UBFC_PHYS_s14_T1_ctrl,135,133,139.43333333333334,0.04415332153439522,0.020729866329365597
UBFC_PHYS_s14_T1_ctrl,135,134,139.46666666666667,-0.08689294010400772,0.3557096810988513
UBFC_PHYS_s14_T1_ctrl,135,135,139.5,-0.2095182240009308,0.6287912790907262
UBFC_PHYS_s14_T1_ctrl,135,136,139.53333333333333,-0.3801628053188324,0.7883083005340892
UBFC_PHYS_s14_T1_ctrl,135,137,139.56666666666666,-0.7198748588562012,0.8147020348195566
UBFC_PHYS_s14_T1_ctrl,135,138,139.6,-1.155738115310669,0.7192047801523529
UBFC_PHYS_s14_T1_ctrl,135,139,139.63333333333333,-1.4262235164642334,0.5321552638014553
UBFC_PHYS_s14_T1_ctrl,135,140,139.66666666666666,-1.3190319538116455,0.2882274342419769
UBFC_PHYS_s14_T1_ctrl,135,141,139.7,-0.8313754200935364,0.015789836228691193
UBFC_PHYS_s14_T1_ctrl,135,142,139.73333333333332,-0.1498672515153885,-0.2656587209668416
UBFC_PHYS_s14_T1_ctrl,135,143,139.76666666666668,0.46376609802246094,-0.540456238319718
UBFC_PHYS_s14_T1_ctrl,135,144,139.8,0.8050552606582642,-0.7882361333063344
UBFC_PHYS_s14_T1_ctrl,135,145,139.83333333333334,0.8209959864616394,-0.977671104713186
UBFC_PHYS_s14_T1_ctrl,135,146,139.86666666666667,0.6188079118728638,-1.0676477441239443
UBFC_PHYS_s14_T1_ctrl,135,147,139.9,0.38623109459877014,-1.0178456821866104
UBFC_PHYS_s14_T1_ctrl,135,148,139.93333333333334,0.223922997713089,-0.8057731559650648
UBFC_PHYS_s14_T1_ctrl,135,149,139.96666666666667,0.09825602173805237,-0.4428027947840824
UBFC_PHYS_s14_T1_ctrl,135,150,140.0,-0.040957748889923096,0.019727630805309634
UBFC_PHYS_s14_T1_ctrl,135,151,140.03333333333333,-0.18338219821453094,0.49990491248185726
UBFC_PHYS_s14_T1_ctrl,135,152,140.06666666666666,-0.3270176947116852,0.9081531341122561
UBFC_PHYS_s14_T1_ctrl,135,153,140.1,-0.5429215431213379,1.174250331393938
UBFC_PHYS_s14_T1_ctrl,135,154,140.13333333333333,-0.9078965187072754,1.266361857993946
UBFC_PHYS_s14_T1_ctrl,135,155,140.16666666666666,-1.351138710975647,1.1940465209765385
UBFC_PHYS_s14_T1_ctrl,135,156,140.2,-1.6130903959274292,0.9958992046982348
UBFC_PHYS_s14_T1_ctrl,135,157,140.23333333333332,-1.440220832824707,0.720010992180593
UBFC_PHYS_s14_T1_ctrl,135,158,140.26666666666668,-0.8230107426643372,0.40702605875034537
UBFC_PHYS_s14_T1_ctrl,135,159,140.3,-0.04923791065812111,0.08211233294185748
UBFC_PHYS_s14_T1_ctrl,135,160,140.33333333333334,0.5628745555877686,-0.2428735658207582
UBFC_PHYS_s14_T1_ctrl,135,161,140.36666666666667,0.8736905455589294,-0.5600284682504094
UBFC_PHYS_s14_T1_ctrl,135,162,140.4,0.8846462368965149,-0.8543395958682802
UBFC_PHYS_s14_T1_ctrl,135,163,140.43333333333334,0.6974694728851318,-1.0968597982634998
UBFC_PHYS_s14_T1_ctrl,135,164,140.46666666666667,0.5059555172920227,-1.246550368326852
UBFC_PHYS_s14_T1_ctrl,135,165,140.5,0.42670249938964844,-1.2616594424858532
UBFC_PHYS_s14_T1_ctrl,135,166,140.53333333333333,0.3755851686000824,-1.1166681589763117
UBFC_PHYS_s14_T1_ctrl,135,167,140.56666666666666,0.2563113868236542,-0.8171155684249863
UBFC_PHYS_s14_T1_ctrl,135,168,140.6,0.09879113733768463,-0.4044360372803733
UBFC_PHYS_s14_T1_ctrl,135,169,140.63333333333333,-0.07159998267889023,0.052953284708787844
UBFC_PHYS_s14_T1_ctrl,135,170,140.66666666666666,-0.31654074788093567,0.47931168568021193
UBFC_PHYS_s14_T1_ctrl,135,171,140.7,-0.7012585401535034,0.8134182298201462
UBFC_PHYS_s14_T1_ctrl,135,172,140.73333333333332,-1.155907154083252,1.0230858105861254
UBFC_PHYS_s14_T1_ctrl,135,173,140.76666666666668,-1.4066777229309082,1.106818916257217
UBFC_PHYS_s14_T1_ctrl,135,174,140.8,-1.1709465980529785,1.083677729961637
UBFC_PHYS_s14_T1_ctrl,135,175,140.83333333333334,-0.505097508430481,0.9778751372955409
UBFC_PHYS_s14_T1_ctrl,135,176,140.86666666666667,0.24853816628456116,0.8061440079101541
UBFC_PHYS_s14_T1_ctrl,135,177,140.9,0.8030275106430054,0.5734816999727926
UBFC_PHYS_s14_T1_ctrl,135,178,140.93333333333334,1.0684151649475098,0.2783635248840281
UBFC_PHYS_s14_T1_ctrl,135,179,140.96666666666667,1.0516014099121094,-0.07591189411209429
UBFC_PHYS_s14_T1_ctrl,135,180,141.0,0.848737359046936,-0.46969737381391863
UBFC_PHYS_s14_T1_ctrl,135,181,141.03333333333333,0.6489995718002319,-0.8612881001093323
UBFC_PHYS_s14_T1_ctrl,135,182,141.06666666666666,0.5545099377632141,-1.1907125178789424
UBFC_PHYS_s14_T1_ctrl,135,183,141.1,0.4987737238407135,-1.3930023912958123
UBFC_PHYS_s14_T1_ctrl,135,184,141.13333333333333,0.4020310044288635,-1.4170962188256173
UBFC_PHYS_s14_T1_ctrl,135,185,141.16666666666666,0.27813833951950073,-1.2437187994160592
UBFC_PHYS_s14_T1_ctrl,135,186,141.2,0.1587800681591034,-0.8948620742436626
UBFC_PHYS_s14_T1_ctrl,135,187,141.23333333333332,-0.008963647298514843,-0.4298826773825673
UBFC_PHYS_s14_T1_ctrl,135,188,141.26666666666668,-0.33183369040489197,0.0714368518051932
UBFC_PHYS_s14_T1_ctrl,135,189,141.3,-0.8174343109130859,0.5324360631231548
UBFC_PHYS_s14_T1_ctrl,135,190,141.33333333333334,-1.260591983795166,0.8996506773400943
UBFC_PHYS_s14_T1_ctrl,135,191,141.36666666666667,-1.3291709423065186,1.150760548740988
UBFC_PHYS_s14_T1_ctrl,135,192,141.4,-0.8650875091552734,1.288269432222856
UBFC_PHYS_s14_T1_ctrl,135,193,141.43333333333334,-0.0745290219783783,1.3243684936567928
UBFC_PHYS_s14_T1_ctrl,135,194,141.46666666666667,0.6844296455383301,1.2664485349854466
UBFC_PHYS_s14_T1_ctrl,135,195,141.5,1.191772699356079,1.1113731577406252
UBFC_PHYS_s14_T1_ctrl,135,196,141.53333333333333,1.3874831199645996,0.8511044765104315
UBFC_PHYS_s14_T1_ctrl,135,197,141.56666666666666,1.3336338996887207,0.48588211569308426
UBFC_PHYS_s14_T1_ctrl,135,198,141.6,1.1460628509521484,0.03732534767557354
UBFC_PHYS_s14_T1_ctrl,135,199,141.63333333333333,0.9611110091209412,-0.44581548639824287
UBFC_PHYS_s14_T1_ctrl,135,200,141.66666666666666,0.864509105682373,-0.8926687365180114
UBFC_PHYS_s14_T1_ctrl,135,201,141.7,0.8198412656784058,-1.2247867102820955
UBFC_PHYS_s14_T1_ctrl,135,202,141.73333333333332,0.7189303040504456,-1.3759720339130384
UBFC_PHYS_s14_T1_ctrl,135,203,141.76666666666668,0.5162071585655212,-1.3116085976890335
UBFC_PHYS_s14_T1_ctrl,135,204,141.8,0.2447078973054886,-1.0410369017341718
UBFC_PHYS_s14_T1_ctrl,135,205,141.83333333333334,-0.04842115938663483,-0.6174696489925283
UBFC_PHYS_s14_T1_ctrl,135,206,141.86666666666667,-0.3521116375923157,-0.12359674526718245
UBFC_PHYS_s14_T1_ctrl,135,207,141.9,-0.7251695990562439,0.35285671493282533
UBFC_PHYS_s14_T1_ctrl,135,208,141.93333333333334,-1.1841835975646973,0.7433769680426418
UBFC_PHYS_s14_T1_ctrl,135,209,141.96666666666667,-1.5207130908966064,1.0116604495139527
UBFC_PHYS_s14_T1_ctrl,135,210,142.0,-1.4042274951934814,1.1509191704723827
UBFC_PHYS_s14_T1_ctrl,135,211,142.03333333333333,-0.75017911195755,1.1701997240066229
UBFC_PHYS_s14_T1_ctrl,135,212,142.06666666666666,0.11087341606616974,1.0795434368025743
UBFC_PHYS_s14_T1_ctrl,135,213,142.1,0.7987184524536133,0.8826411957064734
UBFC_PHYS_s14_T1_ctrl,135,214,142.13333333333333,1.1477807760238647,0.5799050620557457
UBFC_PHYS_s14_T1_ctrl,135,215,142.16666666666666,1.1958564519882202,0.17857949097597273
UBFC_PHYS_s14_T1_ctrl,135,216,142.2,1.0541361570358276,-0.2967691559214387
UBFC_PHYS_s14_T1_ctrl,135,217,142.23333333333332,0.8640866279602051,-0.7995099329935272
UBFC_PHYS_s14_T1_ctrl,135,218,142.26666666666668,0.769625186920166,-1.2649867968452297
UBFC_PHYS_s14_T1_ctrl,135,219,142.3,0.8102092742919922,-1.622689819268311
UBFC_PHYS_s14_T1_ctrl,135,220,142.33333333333334,0.8722541928291321,-1.8131115435374259
UBFC_PHYS_s14_T1_ctrl,135,221,142.36666666666667,0.8367114067077637,-1.8041101882292998
UBFC_PHYS_s14_T1_ctrl,135,222,142.4,0.7045104503631592,-1.6009229955150814
UBFC_PHYS_s14_T1_ctrl,135,223,142.43333333333334,0.5142356753349304,-1.2452465149785488
UBFC_PHYS_s14_T1_ctrl,135,224,142.46666666666667,0.25135454535484314,-0.8025791131034267
UBFC_PHYS_s14_T1_ctrl,135,225,142.5,-0.07771153748035431,-0.3422102474425091
UBFC_PHYS_s14_T1_ctrl,135,226,142.53333333333333,-0.45806393027305603,0.08168416668264414
UBFC_PHYS_s14_T1_ctrl,135,227,142.56666666666666,-0.9340324997901917,0.4395503674855392
UBFC_PHYS_s14_T1_ctrl,135,228,142.6,-1.382682204246521,0.7235957183552854
UBFC_PHYS_s14_T1_ctrl,135,229,142.63333333333333,-1.4552885293960571,0.9365942491561491
UBFC_PHYS_s14_T1_ctrl,135,230,142.66666666666666,-1.023171067237854,1.0804754247976562
UBFC_PHYS_s14_T1_ctrl,135,231,142.7,-0.36861565709114075,1.1517878436559033
UBFC_PHYS_s14_T1_ctrl,135,232,142.73333333333332,0.19342157244682312,1.1458885611377743
UBFC_PHYS_s14_T1_ctrl,135,233,142.76666666666668,0.5125458240509033,1.065762181503116
UBFC_PHYS_s14_T1_ctrl,135,234,142.8,0.5393296480178833,0.928464298149934
UBFC_PHYS_s14_T1_ctrl,135,235,142.83333333333334,0.3972713053226471,0.7638553816154618
UBFC_PHYS_s14_T1_ctrl,135,236,142.86666666666667,0.3127516806125641,0.6053572915819537
UBFC_PHYS_s14_T1_ctrl,135,237,142.9,0.35623663663864136,0.47742050338764686
UBFC_PHYS_s14_T1_ctrl,135,238,142.93333333333334,0.40208733081817627,0.38612162885116563
UBFC_PHYS_s14_T1_ctrl,135,239,142.96666666666667,0.34894219040870667,0.317606909542527
UBFC_PHYS_s14_T1_ctrl,136,0,136.0,-1.362404227256775,-0.05096651992382774
UBFC_PHYS_s14_T1_ctrl,136,1,136.03333333333333,-1.6117666959762573,0.18110475218990266
UBFC_PHYS_s14_T1_ctrl,136,2,136.06666666666666,-1.361305832862854,0.39173632619794313
UBFC_PHYS_s14_T1_ctrl,136,3,136.1,-0.6778544187545776,0.5577715623826655
UBFC_PHYS_s14_T1_ctrl,136,4,136.13333333333333,0.10149486362934113,0.6560743314982469
UBFC_PHYS_s14_T1_ctrl,136,5,136.16666666666666,0.695667028427124,0.6679244685494684
UBFC_PHYS_s14_T1_ctrl,136,6,136.2,1.0088486671447754,0.5848791896730062
UBFC_PHYS_s14_T1_ctrl,136,7,136.23333333333332,1.039575457572937,0.41329360013883093
UBFC_PHYS_s14_T1_ctrl,136,8,136.26666666666668,0.8618053793907166,0.1752819857606167
UBFC_PHYS_s14_T1_ctrl,136,9,136.3,0.6469717621803284,-0.09438786557376341
UBFC_PHYS_s14_T1_ctrl,136,10,136.33333333333334,0.5265432596206665,-0.3542568593919925
UBFC_PHYS_s14_T1_ctrl,136,11,136.36666666666667,0.4963516294956207,-0.563199653271297
UBFC_PHYS_s14_T1_ctrl,136,12,136.4,0.4735107719898224,-0.6874229519675302
UBFC_PHYS_s14_T1_ctrl,136,13,136.43333333333334,0.3862592577934265,-0.7068833465500934
UBFC_PHYS_s14_T1_ctrl,136,14,136.46666666666667,0.20820757746696472,-0.6198622314833743
UBFC_PHYS_s14_T1_ctrl,136,15,136.5,-0.051519181579351425,-0.44357999802840975
UBFC_PHYS_s14_T1_ctrl,136,16,136.53333333333333,-0.38058528304100037,-0.20941941242704598
UBFC_PHYS_s14_T1_ctrl,136,17,136.56666666666666,-0.7731607556343079,0.04604914874452004
UBFC_PHYS_s14_T1_ctrl,136,18,136.6,-1.2104041576385498,0.28999820032595225
UBFC_PHYS_s14_T1_ctrl,136,19,136.63333333333333,-1.562536358833313,0.4977194352152609
UBFC_PHYS_s14_T1_ctrl,136,20,136.66666666666666,-1.5646204948425293,0.6516606097314368
UBFC_PHYS_s14_T1_ctrl,136,21,136.7,-1.07124662399292,0.7383186497163571
UBFC_PHYS_s14_T1_ctrl,136,22,136.73333333333332,-0.29499542713165283,0.7465761936750323
UBFC_PHYS_s14_T1_ctrl,136,23,136.76666666666668,0.4008762836456299,0.6687807593479697
UBFC_PHYS_s14_T1_ctrl,136,24,136.8,0.8454421758651733,0.5037250327023984
UBFC_PHYS_s14_T1_ctrl,136,25,136.83333333333334,1.02293062210083,0.25987522113277317
UBFC_PHYS_s14_T1_ctrl,136,26,136.86666666666667,0.9564639925956726,-0.042497860339440544
UBFC_PHYS_s14_T1_ctrl,136,27,136.9,0.7711741924285889,-0.37095475466335737
UBFC_PHYS_s14_T1_ctrl,136,28,136.93333333333334,0.6358188986778259,-0.6826438482687511
UBFC_PHYS_s14_T1_ctrl,136,29,136.96666666666667,0.5824766159057617,-0.9287685142516817
UBFC_PHYS_s14_T1_ctrl,136,30,137.0,0.5183757543563843,-1.0625521936101427
UBFC_PHYS_s14_T1_ctrl,136,31,137.03333333333333,0.36902299523353577,-1.0503751092629077
UBFC_PHYS_s14_T1_ctrl,136,32,137.06666666666666,0.1433744579553604,-0.8830688338367353
UBFC_PHYS_s14_T1_ctrl,136,33,137.1,-0.1148877814412117,-0.5821274827115831
UBFC_PHYS_s14_T1_ctrl,136,34,137.13333333333333,-0.39218875765800476,-0.19629229684760613
UBFC_PHYS_s14_T1_ctrl,136,35,137.16666666666666,-0.7246345281600952,0.21167078603351777
UBFC_PHYS_s14_T1_ctrl,136,36,137.2,-1.1497392654418945,0.5822348293210191
UBFC_PHYS_s14_T1_ctrl,136,37,137.23333333333332,-1.588700532913208,0.8720220142987745
UBFC_PHYS_s14_T1_ctrl,136,38,137.26666666666668,-1.7699347734451294,1.0574599396203723
UBFC_PHYS_s14_T1_ctrl,136,39,137.3,-1.4337995052337646,1.1304430115637798
UBFC_PHYS_s14_T1_ctrl,136,40,137.33333333333334,-0.6843602657318115,1.0910458919308113
UBFC_PHYS_s14_T1_ctrl,136,41,137.36666666666667,0.10346632450819016,0.9423669784540025
UBFC_PHYS_s14_T1_ctrl,136,42,137.4,0.6600679159164429,0.6901091374782125
UBFC_PHYS_s14_T1_ctrl,136,43,137.43333333333334,0.9465503096580505,0.34642895725777156
UBFC_PHYS_s14_T1_ctrl,136,44,137.46666666666667,0.9969072341918945,-0.06454312831931967
UBFC_PHYS_s14_T1_ctrl,136,45,137.5,0.8631009459495544,-0.5028125847703154
UBFC_PHYS_s14_T1_ctrl,136,46,137.53333333333333,0.6722910404205322,-0.9130774242941869
UBFC_PHYS_s14_T1_ctrl,136,47,137.56666666666666,0.550454318523407,-1.2312575743796326
UBFC_PHYS_s14_T1_ctrl,136,48,137.6,0.489479660987854,-1.3967220034750916
UBFC_PHYS_s14_T1_ctrl,136,49,137.63333333333333,0.4085368514060974,-1.3677611941859125
UBFC_PHYS_s14_T1_ctrl,136,50,137.66666666666666,0.27391377091407776,-1.1357048908334488
UBFC_PHYS_s14_T1_ctrl,136,51,137.7,0.09338367730379105,-0.7319758209712236
UBFC_PHYS_s14_T1_ctrl,136,52,137.73333333333332,-0.14800843596458435,-0.22353991393878592
UBFC_PHYS_s14_T1_ctrl,136,53,137.76666666666668,-0.470258891582489,0.3034887249693254
UBFC_PHYS_s14_T1_ctrl,136,54,137.8,-0.8746350407600403,0.7662049857513751
UBFC_PHYS_s14_T1_ctrl,136,55,137.83333333333334,-1.3222707509994507,1.1038089250470982
UBFC_PHYS_s14_T1_ctrl,136,56,137.86666666666667,-1.6349737644195557,1.2859005297262214
UBFC_PHYS_s14_T1_ctrl,136,57,137.9,-1.5265711545944214,1.309243903063099
UBFC_PHYS_s14_T1_ctrl,136,58,137.93333333333334,-0.9176411628723145,1.187861373780237
UBFC_PHYS_s14_T1_ctrl,136,59,137.96666666666667,-0.08576638996601105,0.9434181587258168
UBFC_PHYS_s14_T1_ctrl,136,60,138.0,0.5889261364936829,0.600582797006694
UBFC_PHYS_s14_T1_ctrl,136,61,138.03333333333333,0.9299899935722351,0.18782514160086955
UBFC_PHYS_s14_T1_ctrl,136,62,138.06666666666666,0.9960060119628906,-0.2590233778759008
UBFC_PHYS_s14_T1_ctrl,136,63,138.1,0.8712121248245239,-0.6941380042815417
UBFC_PHYS_s14_T1_ctrl,136,64,138.13333333333333,0.6544070243835449,-1.0629925459825604
UBFC_PHYS_s14_T1_ctrl,136,65,138.16666666666666,0.498661071062088,-1.3089289031761289
UBFC_PHYS_s14_T1_ctrl,136,66,138.2,0.4757920503616333,-1.3844080872224533
UBFC_PHYS_s14_T1_ctrl,136,67,138.23333333333332,0.47103235125541687,-1.2642881166824662
UBFC_PHYS_s14_T1_ctrl,136,68,138.26666666666668,0.36493924260139465,-0.9566489450405055
UBFC_PHYS_s14_T1_ctrl,136,69,138.3,0.19037988781929016,-0.506083320856182
UBFC_PHYS_s14_T1_ctrl,136,70,138.33333333333334,-0.018989967182278633,0.01392147381212291
UBFC_PHYS_s14_T1_ctrl,136,71,138.36666666666667,-0.313020259141922,0.5184507752045717
UBFC_PHYS_s14_T1_ctrl,136,72,138.4,-0.7113975286483765,0.9319050404335049
UBFC_PHYS_s14_T1_ctrl,136,73,138.43333333333334,-1.1674542427062988,1.2031859104806155
UBFC_PHYS_s14_T1_ctrl,136,74,138.46666666666667,-1.5320067405700684,1.3100956666805288
UBFC_PHYS_s14_T1_ctrl,136,75,138.5,-1.5233604907989502,1.2541959441693948
UBFC_PHYS_s14_T1_ctrl,136,76,138.53333333333333,-0.9971758127212524,1.0518803874645068
UBFC_PHYS_s14_T1_ctrl,136,77,138.56666666666666,-0.23565424978733063,0.7276549408359547
UBFC_PHYS_s14_T1_ctrl,136,78,138.6,0.4220554828643799,0.31227120428601607
UBFC_PHYS_s14_T1_ctrl,136,79,138.63333333333333,0.8421188592910767,-0.1555813850038973
UBFC_PHYS_s14_T1_ctrl,136,80,138.66666666666666,0.9887115359306335,-0.6271819578089262
UBFC_PHYS_s14_T1_ctrl,136,81,138.7,0.8806751370429993,-1.0442812670768657
UBFC_PHYS_s14_T1_ctrl,136,82,138.73333333333332,0.6795573234558105,-1.3442056386135612
UBFC_PHYS_s14_T1_ctrl,136,83,138.76666666666668,0.5491024851799011,-1.470092079830831
UBFC_PHYS_s14_T1_ctrl,136,84,138.8,0.4857620298862457,-1.3847719840999422
UBFC_PHYS_s14_T1_ctrl,136,85,138.83333333333334,0.4164227247238159,-1.0844934105513386
UBFC_PHYS_s14_T1_ctrl,136,86,138.86666666666667,0.31348395347595215,-0.6069017413896772
UBFC_PHYS_s14_T1_ctrl,136,87,138.9,0.16900354623794556,-0.02804953891928788
UBFC_PHYS_s14_T1_ctrl,136,88,138.93333333333334,-0.02949507348239422,0.5533070176317317
UBFC_PHYS_s14_T1_ctrl,136,89,138.96666666666667,-0.3063172698020935,1.0399764880049618
UBFC_PHYS_s14_T1_ctrl,136,90,139.0,-0.687317430973053,1.3596405197815074
UBFC_PHYS_s14_T1_ctrl,136,91,139.03333333333333,-1.1103943586349487,1.4774620991843594
UBFC_PHYS_s14_T1_ctrl,136,92,139.06666666666666,-1.386596918106079,1.39476643863966
UBFC_PHYS_s14_T1_ctrl,136,93,139.1,-1.318722128868103,1.13854527009578
UBFC_PHYS_s14_T1_ctrl,136,94,139.13333333333333,-0.848330020904541,0.7498044699716877
UBFC_PHYS_s14_T1_ctrl,136,95,139.16666666666666,-0.15403549373149872,0.2764830632089179
UBFC_PHYS_s14_T1_ctrl,136,96,139.2,0.4610905349254608,-0.2283090930596333
UBFC_PHYS_s14_T1_ctrl,136,97,139.23333333333332,0.8066887855529785,-0.7060240081623652
UBFC_PHYS_s14_T1_ctrl,136,98,139.26666666666668,0.8424850106239319,-1.0945276210362158
UBFC_PHYS_s14_T1_ctrl,136,99,139.3,0.6257643699645996,-1.3345841406804244
UBFC_PHYS_s14_T1_ctrl,136,100,139.33333333333334,0.3384089171886444,-1.38104756385831
UBFC_PHYS_s14_T1_ctrl,136,101,139.36666666666667,0.17159460484981537,-1.2161397804435699
UBFC_PHYS_s14_T1_ctrl,136,102,139.4,0.12025196850299835,-0.8597195263328629
UBFC_PHYS_s14_T1_ctrl,136,103,139.43333333333334,0.04415332153439522,-0.37074488001876765
UBFC_PHYS_s14_T1_ctrl,136,104,139.46666666666667,-0.08689294010400772,0.16345275902994486
UBFC_PHYS_s14_T1_ctrl,136,105,139.5,-0.2095182240009308,0.6481817867882033
UBFC_PHYS_s14_T1_ctrl,136,106,139.53333333333333,-0.3801628053188324,1.0050280096989592
UBFC_PHYS_s14_T1_ctrl,136,107,139.56666666666666,-0.7198748588562012,1.1884719773263874
UBFC_PHYS_s14_T1_ctrl,136,108,139.6,-1.155738115310669,1.1898263346479636
UBFC_PHYS_s14_T1_ctrl,136,109,139.63333333333333,-1.4262235164642334,1.0296399170833963
UBFC_PHYS_s14_T1_ctrl,136,110,139.66666666666666,-1.3190319538116455,0.7446029151738547
UBFC_PHYS_s14_T1_ctrl,136,111,139.7,-0.8313754200935364,0.375887280856339
UBFC_PHYS_s14_T1_ctrl,136,112,139.73333333333332,-0.1498672515153885,-0.03672122806681892
UBFC_PHYS_s14_T1_ctrl,136,113,139.76666666666668,0.46376609802246094,-0.4545311103942953
UBFC_PHYS_s14_T1_ctrl,136,114,139.8,0.8050552606582642,-0.8363428854242475
UBFC_PHYS_s14_T1_ctrl,136,115,139.83333333333334,0.8209959864616394,-1.1358768950645237
UBFC_PHYS_s14_T1_ctrl,136,116,139.86666666666667,0.6188079118728638,-1.3042071330634468
UBFC_PHYS_s14_T1_ctrl,136,117,139.9,0.38623109459877014,-1.2990128479918046
UBFC_PHYS_s14_T1_ctrl,136,118,139.93333333333334,0.223922997713089,-1.098931008678531
UBFC_PHYS_s14_T1_ctrl,136,119,139.96666666666667,0.09825602173805237,-0.7174121757446346
UBFC_PHYS_s14_T1_ctrl,136,120,140.0,-0.040957748889923096,-0.20820833672707986
UBFC_PHYS_s14_T1_ctrl,136,121,140.03333333333333,-0.18338219821453094,0.34324811228850916
UBFC_PHYS_s14_T1_ctrl,136,122,140.06666666666666,-0.3270176947116852,0.8413631475791676
UBFC_PHYS_s14_T1_ctrl,136,123,140.1,-0.5429215431213379,1.2062266118397131
UBFC_PHYS_s14_T1_ctrl,136,124,140.13333333333333,-0.9078965187072754,1.392647271619266
UBFC_PHYS_s14_T1_ctrl,136,125,140.16666666666666,-1.351138710975647,1.3950333512136737
UBFC_PHYS_s14_T1_ctrl,136,126,140.2,-1.6130903959274292,1.2385407282690255
UBFC_PHYS_s14_T1_ctrl,136,127,140.23333333333332,-1.440220832824707,0.9633839510138649
UBFC_PHYS_s14_T1_ctrl,136,128,140.26666666666668,-0.8230107426643372,0.6104609698267723
UBFC_PHYS_s14_T1_ctrl,136,129,140.3,-0.04923791065812111,0.21354409750302472
UBFC_PHYS_s14_T1_ctrl,136,130,140.33333333333334,0.5628745555877686,-0.20065715270844367
UBFC_PHYS_s14_T1_ctrl,136,131,140.36666666666667,0.8736905455589294,-0.6066645435982193
UBFC_PHYS_s14_T1_ctrl,136,132,140.4,0.8846462368965149,-0.973024661706866
UBFC_PHYS_s14_T1_ctrl,136,133,140.43333333333334,0.6974694728851318,-1.2587210527704615
UBFC_PHYS_s14_T1_ctrl,136,134,140.46666666666667,0.5059555172920227,-1.416793177655291
UBFC_PHYS_s14_T1_ctrl,136,135,140.5,0.42670249938964844,-1.4055906380030572
UBFC_PHYS_s14_T1_ctrl,136,136,140.53333333333333,0.3755851686000824,-1.204177101282426
UBFC_PHYS_s14_T1_ctrl,136,137,140.56666666666666,0.2563113868236542,-0.8254630932462833
UBFC_PHYS_s14_T1_ctrl,136,138,140.6,0.09879113733768463,-0.32035623050450585
UBFC_PHYS_s14_T1_ctrl,136,139,140.63333333333333,-0.07159998267889023,0.23071236221256106
UBFC_PHYS_s14_T1_ctrl,136,140,140.66666666666666,-0.31654074788093567,0.7370184010906348
UBFC_PHYS_s14_T1_ctrl,136,141,140.7,-0.7012585401535034,1.1204769909938717
UBFC_PHYS_s14_T1_ctrl,136,142,140.73333333333332,-1.155907154083252,1.3332913851209862
UBFC_PHYS_s14_T1_ctrl,136,143,140.76666666666668,-1.4066777229309082,1.363971324710944
UBFC_PHYS_s14_T1_ctrl,136,144,140.8,-1.1709465980529785,1.2313480051101362
UBFC_PHYS_s14_T1_ctrl,136,145,140.83333333333334,-0.505097508430481,0.9716399333230048
UBFC_PHYS_s14_T1_ctrl,136,146,140.86666666666667,0.24853816628456116,0.625262510426732
UBFC_PHYS_s14_T1_ctrl,136,147,140.9,0.8030275106430054,0.22831745672140483
UBFC_PHYS_s14_T1_ctrl,136,148,140.93333333333334,1.0684151649475098,-0.18933812914743584
UBFC_PHYS_s14_T1_ctrl,136,149,140.96666666666667,1.0516014099121094,-0.6004668358099372
UBFC_PHYS_s14_T1_ctrl,136,150,141.0,0.848737359046936,-0.9744182319665663
UBFC_PHYS_s14_T1_ctrl,136,151,141.03333333333333,0.6489995718002319,-1.2727909438606486
UBFC_PHYS_s14_T1_ctrl,136,152,141.06666666666666,0.5545099377632141,-1.4504785192616665
UBFC_PHYS_s14_T1_ctrl,136,153,141.1,0.4987737238407135,-1.4638797861825126
UBFC_PHYS_s14_T1_ctrl,136,154,141.13333333333333,0.4020310044288635,-1.2848995099537954
UBFC_PHYS_s14_T1_ctrl,136,155,141.16666666666666,0.27813833951950073,-0.9158606544049872
UBFC_PHYS_s14_T1_ctrl,136,156,141.2,0.1587800681591034,-0.3982065764956193
UBFC_PHYS_s14_T1_ctrl,136,157,141.23333333333332,-0.008963647298514843,0.1910701993938212
UBFC_PHYS_s14_T1_ctrl,136,158,141.26666666666668,-0.33183369040489197,0.7563550926031464
UBFC_PHYS_s14_T1_ctrl,136,159,141.3,-0.8174343109130859,1.2081392958139334
UBFC_PHYS_s14_T1_ctrl,136,160,141.33333333333334,-1.260591983795166,1.485458053576179
UBFC_PHYS_s14_T1_ctrl,136,161,141.36666666666667,-1.3291709423065186,1.566757675012581
UBFC_PHYS_s14_T1_ctrl,136,162,141.4,-0.8650875091552734,1.4662421075965295
UBFC_PHYS_s14_T1_ctrl,136,163,141.43333333333334,-0.0745290219783783,1.2202059733510722
UBFC_PHYS_s14_T1_ctrl,136,164,141.46666666666667,0.6844296455383301,0.871539500552305
UBFC_PHYS_s14_T1_ctrl,136,165,141.5,1.191772699356079,0.4593040636507629
UBFC_PHYS_s14_T1_ctrl,136,166,141.53333333333333,1.3874831199645996,0.015908927597649867
UBFC_PHYS_s14_T1_ctrl,136,167,141.56666666666666,1.3336338996887207,-0.4297954726900946
UBFC_PHYS_s14_T1_ctrl,136,168,141.6,1.1460628509521484,-0.847014208289896
UBFC_PHYS_s14_T1_ctrl,136,169,141.63333333333333,0.9611110091209412,-1.198602190173705
UBFC_PHYS_s14_T1_ctrl,136,170,141.66666666666666,0.864509105682373,-1.4407927524855626
UBFC_PHYS_s14_T1_ctrl,136,171,141.7,0.8198412656784058,-1.5290303903822735
UBFC_PHYS_s14_T1_ctrl,136,172,141.73333333333332,0.7189303040504456,-1.4296472983851185
UBFC_PHYS_s14_T1_ctrl,136,173,141.76666666666668,0.5162071585655212,-1.1340531510964764
UBFC_PHYS_s14_T1_ctrl,136,174,141.8,0.2447078973054886,-0.6694839335873102
UBFC_PHYS_s14_T1_ctrl,136,175,141.83333333333334,-0.04842115938663483,-0.100072325283876
UBFC_PHYS_s14_T1_ctrl,136,176,141.86666666666667,-0.3521116375923157,0.4847799726825007
UBFC_PHYS_s14_T1_ctrl,136,177,141.9,-0.7251695990562439,0.9918216307347322
UBFC_PHYS_s14_T1_ctrl,136,178,141.93333333333334,-1.1841835975646973,1.3465838041218219
UBFC_PHYS_s14_T1_ctrl,136,179,141.96666666666667,-1.5207130908966064,1.5077124136862594
UBFC_PHYS_s14_T1_ctrl,136,180,142.0,-1.4042274951934814,1.4688888321506017
UBFC_PHYS_s14_T1_ctrl,136,181,142.03333333333333,-0.75017911195755,1.2512537059731808
UBFC_PHYS_s14_T1_ctrl,136,182,142.06666666666666,0.11087341606616974,0.8924698671446568
UBFC_PHYS_s14_T1_ctrl,136,183,142.1,0.7987184524536133,0.43759812805645776
UBFC_PHYS_s14_T1_ctrl,136,184,142.13333333333333,1.1477807760238647,-0.0658068229112332
UBFC_PHYS_s14_T1_ctrl,136,185,142.16666666666666,1.1958564519882202,-0.5687074374383833
UBFC_PHYS_s14_T1_ctrl,136,186,142.2,1.0541361570358276,-1.0198107652645483
UBFC_PHYS_s14_T1_ctrl,136,187,142.23333333333332,0.8640866279602051,-1.3658304383909796
UBFC_PHYS_s14_T1_ctrl,136,188,142.26666666666668,0.769625186920166,-1.5553595020054582
UBFC_PHYS_s14_T1_ctrl,136,189,142.3,0.8102092742919922,-1.5475443229946375
UBFC_PHYS_s14_T1_ctrl,136,190,142.33333333333334,0.8722541928291321,-1.3242340728816187
UBFC_PHYS_s14_T1_ctrl,136,191,142.36666666666667,0.8367114067077637,-0.9014010140270351
UBFC_PHYS_s14_T1_ctrl,136,192,142.4,0.7045104503631592,-0.3338750694384918
UBFC_PHYS_s14_T1_ctrl,136,193,142.43333333333334,0.5142356753349304,0.29135368417456575
UBFC_PHYS_s14_T1_ctrl,136,194,142.46666666666667,0.25135454535484314,0.8733510790520289
UBFC_PHYS_s14_T1_ctrl,136,195,142.5,-0.07771153748035431,1.3211179297101667
UBFC_PHYS_s14_T1_ctrl,136,196,142.53333333333333,-0.45806393027305603,1.573628448128634
UBFC_PHYS_s14_T1_ctrl,136,197,142.56666666666666,-0.9340324997901917,1.6082909754292183
UBFC_PHYS_s14_T1_ctrl,136,198,142.6,-1.382682204246521,1.436979029479625
UBFC_PHYS_s14_T1_ctrl,136,199,142.63333333333333,-1.4552885293960571,1.0953149030152216
UBFC_PHYS_s14_T1_ctrl,136,200,142.66666666666666,-1.023171067237854,0.6320993006047126
UBFC_PHYS_s14_T1_ctrl,136,201,142.7,-0.36861565709114075,0.1026292960789766
UBFC_PHYS_s14_T1_ctrl,136,202,142.73333333333332,0.19342157244682312,-0.43419200627004995
UBFC_PHYS_s14_T1_ctrl,136,203,142.76666666666668,0.5125458240509033,-0.9173648899999116
UBFC_PHYS_s14_T1_ctrl,136,204,142.8,0.5393296480178833,-1.286636303963068
UBFC_PHYS_s14_T1_ctrl,136,205,142.83333333333334,0.3972713053226471,-1.4884314009752022
UBFC_PHYS_s14_T1_ctrl,136,206,142.86666666666667,0.3127516806125641,-1.4852284959594204
UBFC_PHYS_s14_T1_ctrl,136,207,142.9,0.35623663663864136,-1.266745519789467
UBFC_PHYS_s14_T1_ctrl,136,208,142.93333333333334,0.40208733081817627,-0.858856278549277
UBFC_PHYS_s14_T1_ctrl,136,209,142.96666666666667,0.34894219040870667,-0.3248042489943853
UBFC_PHYS_s14_T1_ctrl,136,210,143.0,0.223922997713089,0.24517505533622547
UBFC_PHYS_s14_T1_ctrl,136,211,143.03333333333333,0.07868216186761856,0.7547079221770702
UBFC_PHYS_s14_T1_ctrl,136,212,143.06666666666666,-0.1194784864783287,1.1251183003524086
UBFC_PHYS_s14_T1_ctrl,136,213,143.1,-0.43925049901008606,1.31212848166676
UBFC_PHYS_s14_T1_ctrl,136,214,143.13333333333333,-0.8685798048973083,1.3094503989852997
UBFC_PHYS_s14_T1_ctrl,136,215,143.16666666666666,-1.2390466928482056,1.140625993281486
UBFC_PHYS_s14_T1_ctrl,136,216,143.2,-1.2643941640853882,0.8454737975425906
UBFC_PHYS_s14_T1_ctrl,136,217,143.23333333333332,-0.7990996837615967,0.4680052454100883
UBFC_PHYS_s14_T1_ctrl,136,218,143.26666666666668,-0.05746174976229668,0.049685665009372916
UBFC_PHYS_s14_T1_ctrl,136,219,143.3,0.5857999324798584,-0.3718066488953504
UBFC_PHYS_s14_T1_ctrl,136,220,143.33333333333334,0.9488597512245178,-0.7603644865742637
UBFC_PHYS_s14_T1_ctrl,136,221,143.36666666666667,1.0075249671936035,-1.0786350007589764
UBFC_PHYS_s14_T1_ctrl,136,222,143.4,0.8159546852111816,-1.287714186088877
UBFC_PHYS_s14_T1_ctrl,136,223,143.43333333333334,0.5459199547767639,-1.3517139834293728
UBFC_PHYS_s14_T1_ctrl,136,224,143.46666666666667,0.3662911057472229,-1.2472816747937703
UBFC_PHYS_s14_T1_ctrl,136,225,143.5,0.28560176491737366,-0.9750837804093468
UBFC_PHYS_s14_T1_ctrl,136,226,143.53333333333333,0.2031380981206894,-0.5679457871963053
UBFC_PHYS_s14_T1_ctrl,136,227,143.56666666666666,0.07755561172962189,-0.09026275182537248
UBFC_PHYS_s14_T1_ctrl,136,228,143.6,-0.048730961978435516,0.3738680626998027
UBFC_PHYS_s14_T1_ctrl,136,229,143.63333333333333,-0.18709981441497803,0.7413670415012884
UBFC_PHYS_s14_T1_ctrl,136,230,143.66666666666666,-0.4465167820453644,0.9525030813763022
UBFC_PHYS_s14_T1_ctrl,136,231,143.7,-0.8758178949356079,0.9862582552959783
UBFC_PHYS_s14_T1_ctrl,136,232,143.73333333333332,-1.31979238986969,0.8636414931098576
UBFC_PHYS_s14_T1_ctrl,136,233,143.76666666666668,-1.4837621450424194,0.63921262981671
UBFC_PHYS_s14_T1_ctrl,136,234,143.8,-1.1799026727676392,0.3846298801210456
UBFC_PHYS_s14_T1_ctrl,136,235,143.83333333333334,-0.5135466456413269,0.1692584902381964
UBFC_PHYS_s14_T1_ctrl,136,236,143.86666666666667,0.21674121916294098,0.042803547740599183
UBFC_PHYS_s14_T1_ctrl,136,237,143.9,0.7496289014816284,0.02401928221649365
UBFC_PHYS_s14_T1_ctrl,136,238,143.93333333333334,0.9782346487045288,0.09790151407738651
UBFC_PHYS_s14_T1_ctrl,136,239,143.96666666666667,0.9308067560195923,0.22163348639156663
UBFC_PHYS_s14_T1_ctrl,137,0,137.0,0.5183757543563843,0.0864514138633052
UBFC_PHYS_s14_T1_ctrl,137,1,137.03333333333333,0.36902299523353577,0.19249609613225155
UBFC_PHYS_s14_T1_ctrl,137,2,137.06666666666666,0.1433744579553604,0.30924229531370506
UBFC_PHYS_s14_T1_ctrl,137,3,137.1,-0.1148877814412117,0.4436472133802107
UBFC_PHYS_s14_T1_ctrl,137,4,137.13333333333333,-0.39218875765800476,0.5903299007316553
UBFC_PHYS_s14_T1_ctrl,137,5,137.16666666666666,-0.7246345281600952,0.7346144050407116
UBFC_PHYS_s14_T1_ctrl,137,6,137.2,-1.1497392654418945,0.8598090897773683
UBFC_PHYS_s14_T1_ctrl,137,7,137.23333333333332,-1.588700532913208,0.9533644315800878
UBFC_PHYS_s14_T1_ctrl,137,8,137.26666666666668,-1.7699347734451294,1.0078057744406583
UBFC_PHYS_s14_T1_ctrl,137,9,137.3,-1.4337995052337646,1.0165545671019445
UBFC_PHYS_s14_T1_ctrl,137,10,137.33333333333334,-0.6843602657318115,0.968848737120522
UBFC_PHYS_s14_T1_ctrl,137,11,137.36666666666667,0.10346632450819016,0.8489532270426764
UBFC_PHYS_s14_T1_ctrl,137,12,137.4,0.6600679159164429,0.6418442713992931
UBFC_PHYS_s14_T1_ctrl,137,13,137.43333333333334,0.9465503096580505,0.34306272378161096
UBFC_PHYS_s14_T1_ctrl,137,14,137.46666666666667,0.9969072341918945,-0.032241742304967166
UBFC_PHYS_s14_T1_ctrl,137,15,137.5,0.8631009459495544,-0.44567451521065427
UBFC_PHYS_s14_T1_ctrl,137,16,137.53333333333333,0.6722910404205322,-0.8393432931690403
UBFC_PHYS_s14_T1_ctrl,137,17,137.56666666666666,0.550454318523407,-1.1461921569200253
UBFC_PHYS_s14_T1_ctrl,137,18,137.6,0.489479660987854,-1.3046896365700273
UBFC_PHYS_s14_T1_ctrl,137,19,137.63333333333333,0.4085368514060974,-1.2748560044159334
UBFC_PHYS_s14_T1_ctrl,137,20,137.66666666666666,0.27391377091407776,-1.0514966610927334
UBFC_PHYS_s14_T1_ctrl,137,21,137.7,0.09338367730379105,-0.6696925092593303
UBFC_PHYS_s14_T1_ctrl,137,22,137.73333333333332,-0.14800843596458435,-0.198637518661123
UBFC_PHYS_s14_T1_ctrl,137,23,137.76666666666668,-0.470258891582489,0.27597772749471977
UBFC_PHYS_s14_T1_ctrl,137,24,137.8,-0.8746350407600403,0.6747951592461311
UBFC_PHYS_s14_T1_ctrl,137,25,137.83333333333334,-1.3222707509994507,0.9431969042777304
UBFC_PHYS_s14_T1_ctrl,137,26,137.86666666666667,-1.6349737644195557,1.0583090530092687
UBFC_PHYS_s14_T1_ctrl,137,27,137.9,-1.5265711545944214,1.0242092658972572
UBFC_PHYS_s14_T1_ctrl,137,28,137.93333333333334,-0.9176411628723145,0.8608140850930701
UBFC_PHYS_s14_T1_ctrl,137,29,137.96666666666667,-0.08576638996601105,0.5937112908065563
UBFC_PHYS_s14_T1_ctrl,137,30,138.0,0.5889261364936829,0.249457297651323
UBFC_PHYS_s14_T1_ctrl,137,31,138.03333333333333,0.9299899935722351,-0.14347448029208873
UBFC_PHYS_s14_T1_ctrl,137,32,138.06666666666666,0.9960060119628906,-0.5506667398459106
UBFC_PHYS_s14_T1_ctrl,137,33,138.1,0.8712121248245239,-0.9281401724480676
UBFC_PHYS_s14_T1_ctrl,137,34,138.13333333333333,0.6544070243835449,-1.2226136732423944
UBFC_PHYS_s14_T1_ctrl,137,35,138.16666666666666,0.498661071062088,-1.378109282997764
UBFC_PHYS_s14_T1_ctrl,137,36,138.2,0.4757920503616333,-1.3490368559802368
UBFC_PHYS_s14_T1_ctrl,137,37,138.23333333333332,0.47103235125541687,-1.116543608003586
UBFC_PHYS_s14_T1_ctrl,137,38,138.26666666666668,0.36493924260139465,-0.7017421504659408
UBFC_PHYS_s14_T1_ctrl,137,39,138.3,0.19037988781929016,-0.1683880009776026
UBFC_PHYS_s14_T1_ctrl,137,40,138.33333333333334,-0.018989967182278633,0.38963633145958587
UBFC_PHYS_s14_T1_ctrl,137,41,138.36666666666667,-0.313020259141922,0.8737317460270957
UBFC_PHYS_s14_T1_ctrl,137,42,138.4,-0.7113975286483765,1.2084252875817094
UBFC_PHYS_s14_T1_ctrl,137,43,138.43333333333334,-1.1674542427062988,1.3586018245381866
UBFC_PHYS_s14_T1_ctrl,137,44,138.46666666666667,-1.5320067405700684,1.3296497294055598
UBFC_PHYS_s14_T1_ctrl,137,45,138.5,-1.5233604907989502,1.1540804664632476
UBFC_PHYS_s14_T1_ctrl,137,46,138.53333333333333,-0.9971758127212524,0.8739057453671397
UBFC_PHYS_s14_T1_ctrl,137,47,138.56666666666666,-0.23565424978733063,0.5274745378326154
UBFC_PHYS_s14_T1_ctrl,137,48,138.6,0.4220554828643799,0.14489569751169443
UBFC_PHYS_s14_T1_ctrl,137,49,138.63333333333333,0.8421188592910767,-0.24885569126723261
UBFC_PHYS_s14_T1_ctrl,137,50,138.66666666666666,0.9887115359306335,-0.6269601735896021
UBFC_PHYS_s14_T1_ctrl,137,51,138.7,0.8806751370429993,-0.9545409541309245
UBFC_PHYS_s14_T1_ctrl,137,52,138.73333333333332,0.6795573234558105,-1.1875133325713791
UBFC_PHYS_s14_T1_ctrl,137,53,138.76666666666668,0.5491024851799011,-1.2791440266847947
UBFC_PHYS_s14_T1_ctrl,137,54,138.8,0.4857620298862457,-1.1937423592668306
UBFC_PHYS_s14_T1_ctrl,137,55,138.83333333333334,0.4164227247238159,-0.9228798571178601
UBFC_PHYS_s14_T1_ctrl,137,56,138.86666666666667,0.31348395347595215,-0.496573673568636
UBFC_PHYS_s14_T1_ctrl,137,57,138.9,0.16900354623794556,0.01752729735065986
UBFC_PHYS_s14_T1_ctrl,137,58,138.93333333333334,-0.02949507348239422,0.5288670131268446
UBFC_PHYS_s14_T1_ctrl,137,59,138.96666666666667,-0.3063172698020935,0.9475802894435835
UBFC_PHYS_s14_T1_ctrl,137,60,139.0,-0.687317430973053,1.2071923685776933
UBFC_PHYS_s14_T1_ctrl,137,61,139.03333333333333,-1.1103943586349487,1.2773502612899295
UBFC_PHYS_s14_T1_ctrl,137,62,139.06666666666666,-1.386596918106079,1.1635635744020725
UBFC_PHYS_s14_T1_ctrl,137,63,139.1,-1.318722128868103,0.8976571098628903
UBFC_PHYS_s14_T1_ctrl,137,64,139.13333333333333,-0.848330020904541,0.5254286653325119
UBFC_PHYS_s14_T1_ctrl,137,65,139.16666666666666,-0.15403549373149872,0.09682835658097408
UBFC_PHYS_s14_T1_ctrl,137,66,139.2,0.4610905349254608,-0.3388991004575552
UBFC_PHYS_s14_T1_ctrl,137,67,139.23333333333332,0.8066887855529785,-0.7337190592400855
UBFC_PHYS_s14_T1_ctrl,137,68,139.26666666666668,0.8424850106239319,-1.039910365165734
UBFC_PHYS_s14_T1_ctrl,137,69,139.3,0.6257643699645996,-1.211619252771959
UBFC_PHYS_s14_T1_ctrl,137,70,139.33333333333334,0.3384089171886444,-1.2116795073727633
UBFC_PHYS_s14_T1_ctrl,137,71,139.36666666666667,0.17159460484981537,-1.0234056116469097
UBFC_PHYS_s14_T1_ctrl,137,72,139.4,0.12025196850299835,-0.6628676370318659
UBFC_PHYS_s14_T1_ctrl,137,73,139.43333333333334,0.04415332153439522,-0.18436973849930388
UBFC_PHYS_s14_T1_ctrl,137,74,139.46666666666667,-0.08689294010400772,0.3270246091487944
UBFC_PHYS_s14_T1_ctrl,137,75,139.5,-0.2095182240009308,0.7762380089489954
UBFC_PHYS_s14_T1_ctrl,137,76,139.53333333333333,-0.3801628053188324,1.084451151352962
UBFC_PHYS_s14_T1_ctrl,137,77,139.56666666666666,-0.7198748588562012,1.209055845476226
UBFC_PHYS_s14_T1_ctrl,137,78,139.6,-1.155738115310669,1.1492252068008975
UBFC_PHYS_s14_T1_ctrl,137,79,139.63333333333333,-1.4262235164642334,0.9371740739650926
UBFC_PHYS_s14_T1_ctrl,137,80,139.66666666666666,-1.3190319538116455,0.6216109026103988
UBFC_PHYS_s14_T1_ctrl,137,81,139.7,-0.8313754200935364,0.25177347262882244
UBFC_PHYS_s14_T1_ctrl,137,82,139.73333333333332,-0.1498672515153885,-0.1318832656283286
UBFC_PHYS_s14_T1_ctrl,137,83,139.76666666666668,0.46376609802246094,-0.4986046009782622
UBFC_PHYS_s14_T1_ctrl,137,84,139.8,0.8050552606582642,-0.822028375998115
UBFC_PHYS_s14_T1_ctrl,137,85,139.83333333333334,0.8209959864616394,-1.0732645290914415
UBFC_PHYS_s14_T1_ctrl,137,86,139.86666666666667,0.6188079118728638,-1.217638972017834
UBFC_PHYS_s14_T1_ctrl,137,87,139.9,0.38623109459877014,-1.2188569306468786
UBFC_PHYS_s14_T1_ctrl,137,88,139.93333333333334,0.223922997713089,-1.0507548255419568
UBFC_PHYS_s14_T1_ctrl,137,89,139.96666666666667,0.09825602173805237,-0.7124119023715806
UBFC_PHYS_s14_T1_ctrl,137,90,140.0,-0.040957748889923096,-0.23920535779100718
UBFC_PHYS_s14_T1_ctrl,137,91,140.03333333333333,-0.18338219821453094,0.2974771150247835
UBFC_PHYS_s14_T1_ctrl,137,92,140.06666666666666,-0.3270176947116852,0.8048343835394614
UBFC_PHYS_s14_T1_ctrl,137,93,140.1,-0.5429215431213379,1.19342448993247
UBFC_PHYS_s14_T1_ctrl,137,94,140.13333333333333,-0.9078965187072754,1.4016999731389055
UBFC_PHYS_s14_T1_ctrl,137,95,140.16666666666666,-1.351138710975647,1.4092909343893902
UBFC_PHYS_s14_T1_ctrl,137,96,140.2,-1.6130903959274292,1.2346245162509493
UBFC_PHYS_s14_T1_ctrl,137,97,140.23333333333332,-1.440220832824707,0.9210342746101555
UBFC_PHYS_s14_T1_ctrl,137,98,140.26666666666668,-0.8230107426643372,0.5198501932346994
UBFC_PHYS_s14_T1_ctrl,137,99,140.3,-0.04923791065812111,0.07804236278159912
UBFC_PHYS_s14_T1_ctrl,137,100,140.33333333333334,0.5628745555877686,-0.3659523037577729
UBFC_PHYS_s14_T1_ctrl,137,101,140.36666666666667,0.8736905455589294,-0.779125838424203
UBFC_PHYS_s14_T1_ctrl,137,102,140.4,0.8846462368965149,-1.1276934475770977
UBFC_PHYS_s14_T1_ctrl,137,103,140.43333333333334,0.6974694728851318,-1.3730897160363382
UBFC_PHYS_s14_T1_ctrl,137,104,140.46666666666667,0.5059555172920227,-1.4743454921532138
UBFC_PHYS_s14_T1_ctrl,137,105,140.5,0.42670249938964844,-1.3979287089161705
UBFC_PHYS_s14_T1_ctrl,137,106,140.53333333333333,0.3755851686000824,-1.1320008307416614
UBFC_PHYS_s14_T1_ctrl,137,107,140.56666666666666,0.2563113868236542,-0.6985961905228885
UBFC_PHYS_s14_T1_ctrl,137,108,140.6,0.09879113733768463,-0.15646803897298336
UBFC_PHYS_s14_T1_ctrl,137,109,140.63333333333333,-0.07159998267889023,0.4092207918712405
UBFC_PHYS_s14_T1_ctrl,137,110,140.66666666666666,-0.31654074788093567,0.9074796865914343
UBFC_PHYS_s14_T1_ctrl,137,111,140.7,-0.7012585401535034,1.2639914218006314
UBFC_PHYS_s14_T1_ctrl,137,112,140.73333333333332,-1.155907154083252,1.4368274564221335
UBFC_PHYS_s14_T1_ctrl,137,113,140.76666666666668,-1.4066777229309082,1.4206837732377793
UBFC_PHYS_s14_T1_ctrl,137,114,140.8,-1.1709465980529785,1.2401937718069553
UBFC_PHYS_s14_T1_ctrl,137,115,140.83333333333334,-0.505097508430481,0.9368965936173417
UBFC_PHYS_s14_T1_ctrl,137,116,140.86666666666667,0.24853816628456116,0.5559302161934726
UBFC_PHYS_s14_T1_ctrl,137,117,140.9,0.8030275106430054,0.1373548697345081
UBFC_PHYS_s14_T1_ctrl,137,118,140.93333333333334,1.0684151649475098,-0.285914668662763
UBFC_PHYS_s14_T1_ctrl,137,119,140.96666666666667,1.0516014099121094,-0.6847726075133039
UBFC_PHYS_s14_T1_ctrl,137,120,141.0,0.848737359046936,-1.0285202238818745
UBFC_PHYS_s14_T1_ctrl,137,121,141.03333333333333,0.6489995718002319,-1.2813908538551244
UBFC_PHYS_s14_T1_ctrl,137,122,141.06666666666666,0.5545099377632141,-1.404246658992031
UBFC_PHYS_s14_T1_ctrl,137,123,141.1,0.4987737238407135,-1.36266468854179
UBFC_PHYS_s14_T1_ctrl,137,124,141.13333333333333,0.4020310044288635,-1.1396647493730856
UBFC_PHYS_s14_T1_ctrl,137,125,141.16666666666666,0.27813833951950073,-0.7481991225853442
UBFC_PHYS_s14_T1_ctrl,137,126,141.2,0.1587800681591034,-0.2367265917186802
UBFC_PHYS_s14_T1_ctrl,137,127,141.23333333333332,-0.008963647298514843,0.31711113931109147
UBFC_PHYS_s14_T1_ctrl,137,128,141.26666666666668,-0.33183369040489197,0.8241657500163962
UBFC_PHYS_s14_T1_ctrl,137,129,141.3,-0.8174343109130859,1.2062925522842327
UBFC_PHYS_s14_T1_ctrl,137,130,141.33333333333334,-1.260591983795166,1.4147274064328756
UBFC_PHYS_s14_T1_ctrl,137,131,141.36666666666667,-1.3291709423065186,1.4375965660632821
UBFC_PHYS_s14_T1_ctrl,137,132,141.4,-0.8650875091552734,1.2952209061308646
UBFC_PHYS_s14_T1_ctrl,137,133,141.43333333333334,-0.0745290219783783,1.0272669005562867
UBFC_PHYS_s14_T1_ctrl,137,134,141.46666666666667,0.6844296455383301,0.6783621927879876
UBFC_PHYS_s14_T1_ctrl,137,135,141.5,1.191772699356079,0.2878572393865725
UBFC_PHYS_s14_T1_ctrl,137,136,141.53333333333333,1.3874831199645996,-0.11379448653496908
UBFC_PHYS_s14_T1_ctrl,137,137,141.56666666666666,1.3336338996887207,-0.5027699005547172
UBFC_PHYS_s14_T1_ctrl,137,138,141.6,1.1460628509521484,-0.8561337930721153
UBFC_PHYS_s14_T1_ctrl,137,139,141.63333333333333,0.9611110091209412,-1.1458056552656743
UBFC_PHYS_s14_T1_ctrl,137,140,141.66666666666666,0.864509105682373,-1.336049066046266
UBFC_PHYS_s14_T1_ctrl,137,141,141.7,0.8198412656784058,-1.3876893785206394
UBFC_PHYS_s14_T1_ctrl,137,142,141.73333333333332,0.7189303040504456,-1.2694308562836616
UBFC_PHYS_s14_T1_ctrl,137,143,141.76666666666668,0.5162071585655212,-0.9727224315745627
UBFC_PHYS_s14_T1_ctrl,137,144,141.8,0.2447078973054886,-0.5237277775180453
UBFC_PHYS_s14_T1_ctrl,137,145,141.83333333333334,-0.04842115938663483,0.014378013870201097
UBFC_PHYS_s14_T1_ctrl,137,146,141.86666666666667,-0.3521116375923157,0.5526148780136046
UBFC_PHYS_s14_T1_ctrl,137,147,141.9,-0.7251695990562439,0.9986873394749798
UBFC_PHYS_s14_T1_ctrl,137,148,141.93333333333334,-1.1841835975646973,1.2818456385904526
UBFC_PHYS_s14_T1_ctrl,137,149,141.96666666666667,-1.5207130908966064,1.3691200779151131
UBFC_PHYS_s14_T1_ctrl,137,150,142.0,-1.4042274951934814,1.2671149342010222
UBFC_PHYS_s14_T1_ctrl,137,151,142.03333333333333,-0.75017911195755,1.011574325535373
UBFC_PHYS_s14_T1_ctrl,137,152,142.06666666666666,0.11087341606616974,0.6518052145518551
UBFC_PHYS_s14_T1_ctrl,137,153,142.1,0.7987184524536133,0.2372429868045705
UBFC_PHYS_s14_T1_ctrl,137,154,142.13333333333333,1.1477807760238647,-0.18946316678298805
UBFC_PHYS_s14_T1_ctrl,137,155,142.16666666666666,1.1958564519882202,-0.5923503360073986
UBFC_PHYS_s14_T1_ctrl,137,156,142.2,1.0541361570358276,-0.9376777166423688
UBFC_PHYS_s14_T1_ctrl,137,157,142.23333333333332,0.8640866279602051,-1.1895128067089766
UBFC_PHYS_s14_T1_ctrl,137,158,142.26666666666668,0.769625186920166,-1.3099210145997175
UBFC_PHYS_s14_T1_ctrl,137,159,142.3,0.8102092742919922,-1.2662471534683135
UBFC_PHYS_s14_T1_ctrl,137,160,142.33333333333334,0.8722541928291321,-1.0439080578376991
UBFC_PHYS_s14_T1_ctrl,137,161,142.36666666666667,0.8367114067077637,-0.6589570945962251
UBFC_PHYS_s14_T1_ctrl,137,162,142.4,0.7045104503631592,-0.16299463149924132
UBFC_PHYS_s14_T1_ctrl,137,163,142.43333333333334,0.5142356753349304,0.36442333735149546
UBFC_PHYS_s14_T1_ctrl,137,164,142.46666666666667,0.25135454535484314,0.8345101680451397
UBFC_PHYS_s14_T1_ctrl,137,165,142.5,-0.07771153748035431,1.1717744122823208
UBFC_PHYS_s14_T1_ctrl,137,166,142.53333333333333,-0.45806393027305603,1.3312315413690354
UBFC_PHYS_s14_T1_ctrl,137,167,142.56666666666666,-0.9340324997901917,1.3042809272386315
UBFC_PHYS_s14_T1_ctrl,137,168,142.6,-1.382682204246521,1.1130759460274047
UBFC_PHYS_s14_T1_ctrl,137,169,142.63333333333333,-1.4552885293960571,0.7982437294524963
UBFC_PHYS_s14_T1_ctrl,137,170,142.66666666666666,-1.023171067237854,0.4063488634438398
UBFC_PHYS_s14_T1_ctrl,137,171,142.7,-0.36861565709114075,-0.018268621778594465
UBFC_PHYS_s14_T1_ctrl,137,172,142.73333333333332,0.19342157244682312,-0.4358733370132772
UBFC_PHYS_s14_T1_ctrl,137,173,142.76666666666668,0.5125458240509033,-0.8094230925204723
UBFC_PHYS_s14_T1_ctrl,137,174,142.8,0.5393296480178833,-1.1014436466347315
UBFC_PHYS_s14_T1_ctrl,137,175,142.83333333333334,0.3972713053226471,-1.2731955123743264
UBFC_PHYS_s14_T1_ctrl,137,176,142.86666666666667,0.3127516806125641,-1.2890874219020882
UBFC_PHYS_s14_T1_ctrl,137,177,142.9,0.35623663663864136,-1.1269753791881507
UBFC_PHYS_s14_T1_ctrl,137,178,142.93333333333334,0.40208733081817627,-0.7909569101835154
UBFC_PHYS_s14_T1_ctrl,137,179,142.96666666666667,0.34894219040870667,-0.3199643515586453
UBFC_PHYS_s14_T1_ctrl,137,180,143.0,0.223922997713089,0.21434476689046608
UBFC_PHYS_s14_T1_ctrl,137,181,143.03333333333333,0.07868216186761856,0.7224107734604239
UBFC_PHYS_s14_T1_ctrl,137,182,143.06666666666666,-0.1194784864783287,1.1195116578871265
UBFC_PHYS_s14_T1_ctrl,137,183,143.1,-0.43925049901008606,1.3470579688582187
UBFC_PHYS_s14_T1_ctrl,137,184,143.13333333333333,-0.8685798048973083,1.3840805964702732
UBFC_PHYS_s14_T1_ctrl,137,185,143.16666666666666,-1.2390466928482056,1.2457864477067764
UBFC_PHYS_s14_T1_ctrl,137,186,143.2,-1.2643941640853882,0.9719014175856564
UBFC_PHYS_s14_T1_ctrl,137,187,143.23333333333332,-0.7990996837615967,0.6111255689985452
UBFC_PHYS_s14_T1_ctrl,137,188,143.26666666666668,-0.05746174976229668,0.2082461690600742
UBFC_PHYS_s14_T1_ctrl,137,189,143.3,0.5857999324798584,-0.20189923162965873
UBFC_PHYS_s14_T1_ctrl,137,190,143.33333333333334,0.9488597512245178,-0.5927677553278564
UBFC_PHYS_s14_T1_ctrl,137,191,143.36666666666667,1.0075249671936035,-0.9392249205053039
UBFC_PHYS_s14_T1_ctrl,137,192,143.4,0.8159546852111816,-1.2103168439230694
UBFC_PHYS_s14_T1_ctrl,137,193,143.43333333333334,0.5459199547767639,-1.3671071128025687
UBFC_PHYS_s14_T1_ctrl,137,194,143.46666666666667,0.3662911057472229,-1.368991245110944
UBFC_PHYS_s14_T1_ctrl,137,195,143.5,0.28560176491737366,-1.1878810016599537
UBFC_PHYS_s14_T1_ctrl,137,196,143.53333333333333,0.2031380981206894,-0.8250660948976966
UBFC_PHYS_s14_T1_ctrl,137,197,143.56666666666666,0.07755561172962189,-0.32246046057372324
UBFC_PHYS_s14_T1_ctrl,137,198,143.6,-0.048730961978435516,0.23958839306829055
UBFC_PHYS_s14_T1_ctrl,137,199,143.63333333333333,-0.18709981441497803,0.7603239102106457
UBFC_PHYS_s14_T1_ctrl,137,200,143.66666666666666,-0.4465167820453644,1.1461750446273016
UBFC_PHYS_s14_T1_ctrl,137,201,143.7,-0.8758178949356079,1.3358705477712847
UBFC_PHYS_s14_T1_ctrl,137,202,143.73333333333332,-1.31979238986969,1.3128065418229546
UBFC_PHYS_s14_T1_ctrl,137,203,143.76666666666668,-1.4837621450424194,1.1016502763570788
UBFC_PHYS_s14_T1_ctrl,137,204,143.8,-1.1799026727676392,0.7535933607046225
UBFC_PHYS_s14_T1_ctrl,137,205,143.83333333333334,-0.5135466456413269,0.3285085858188412
UBFC_PHYS_s14_T1_ctrl,137,206,143.86666666666667,0.21674121916294098,-0.11857895450277306
UBFC_PHYS_s14_T1_ctrl,137,207,143.9,0.7496289014816284,-0.5431098249691254
UBFC_PHYS_s14_T1_ctrl,137,208,143.93333333333334,0.9782346487045288,-0.9092765711554814
UBFC_PHYS_s14_T1_ctrl,137,209,143.96666666666667,0.9308067560195923,-1.1846370436872644
UBFC_PHYS_s14_T1_ctrl,137,210,144.0,0.7321391701698303,-1.3360890434254262
UBFC_PHYS_s14_T1_ctrl,137,211,144.03333333333333,0.5337250232696533,-1.331519081358069
UBFC_PHYS_s14_T1_ctrl,137,212,144.06666666666666,0.4005383253097534,-1.1486629114968336
UBFC_PHYS_s14_T1_ctrl,137,213,144.1,0.29658564925193787,-0.7885960340974065
UBFC_PHYS_s14_T1_ctrl,137,214,144.13333333333333,0.1777624934911728,-0.28737602514567634
UBFC_PHYS_s14_T1_ctrl,137,215,144.16666666666666,0.04789910838007927,0.28200763285275254
UBFC_PHYS_s14_T1_ctrl,137,216,144.2,-0.0809222087264061,0.8223314914136637
UBFC_PHYS_s14_T1_ctrl,137,217,144.23333333333332,-0.2627760171890259,1.2374554257692112
UBFC_PHYS_s14_T1_ctrl,137,218,144.26666666666668,-0.607332170009613,1.4602855029327306
UBFC_PHYS_s14_T1_ctrl,137,219,144.3,-1.0911866426467896,1.4705602291080644
UBFC_PHYS_s14_T1_ctrl,137,220,144.33333333333334,-1.4477406740188599,1.295094219861348
UBFC_PHYS_s14_T1_ctrl,137,221,144.36666666666667,-1.3756976127624512,0.9923918246232565
UBFC_PHYS_s14_T1_ctrl,137,222,144.4,-0.8502169847488403,0.6300613145506032
UBFC_PHYS_s14_T1_ctrl,137,223,144.43333333333334,-0.1470508575439453,0.2648086792275872
UBFC_PHYS_s14_T1_ctrl,137,224,144.46666666666667,0.44588208198547363,-0.06810494683219731
UBFC_PHYS_s14_T1_ctrl,137,225,144.5,0.8208552002906799,-0.35396952911901514
UBFC_PHYS_s14_T1_ctrl,137,226,144.53333333333333,0.9665747880935669,-0.5889683646221402
UBFC_PHYS_s14_T1_ctrl,137,227,144.56666666666666,0.9167529940605164,-0.7675023836134586
UBFC_PHYS_s14_T1_ctrl,137,228,144.6,0.7618801593780518,-0.8731835104049641
UBFC_PHYS_s14_T1_ctrl,137,229,144.63333333333333,0.6131470203399658,-0.8787177855036814
UBFC_PHYS_s14_T1_ctrl,137,230,144.66666666666666,0.5076735019683838,-0.7562418437765632
UBFC_PHYS_s14_T1_ctrl,137,231,144.7,0.4066780209541321,-0.49475654217094406
UBFC_PHYS_s14_T1_ctrl,137,232,144.73333333333332,0.26152169704437256,-0.1168766374327203
UBFC_PHYS_s14_T1_ctrl,137,233,144.76666666666668,0.07471106946468353,0.31441316912005973
UBFC_PHYS_s14_T1_ctrl,137,234,144.8,-0.14674106240272522,0.7052825605432087
UBFC_PHYS_s14_T1_ctrl,137,235,144.83333333333334,-0.4629926085472107,0.9559926256513942
UBFC_PHYS_s14_T1_ctrl,137,236,144.86666666666667,-0.9106847047805786,0.9921917492197674
UBFC_PHYS_s14_T1_ctrl,137,237,144.9,-1.3744020462036133,0.7897145735052595
UBFC_PHYS_s14_T1_ctrl,137,238,144.93333333333334,-1.6118793487548828,0.3836051678183592
UBFC_PHYS_s14_T1_ctrl,137,239,144.96666666666667,-1.4280540943145752,-0.1403359269127273
UBFC_PHYS_s14_T1_ctrl,138,0,138.0,0.5889261364936829,0.08922473481614157
UBFC_PHYS_s14_T1_ctrl,138,1,138.03333333333333,0.9299899935722351,-0.0259868508005224
UBFC_PHYS_s14_T1_ctrl,138,2,138.06666666666666,0.9960060119628906,-0.09917006455357358
UBFC_PHYS_s14_T1_ctrl,138,3,138.1,0.8712121248245239,-0.09428525155109728
UBFC_PHYS_s14_T1_ctrl,138,4,138.13333333333333,0.6544070243835449,0.010502850553499836
UBFC_PHYS_s14_T1_ctrl,138,5,138.16666666666666,0.498661071062088,0.21626857539672553
UBFC_PHYS_s14_T1_ctrl,138,6,138.2,0.4757920503616333,0.4996111031264139
UBFC_PHYS_s14_T1_ctrl,138,7,138.23333333333332,0.47103235125541687,0.8146083912769199
UBFC_PHYS_s14_T1_ctrl,138,8,138.26666666666668,0.36493924260139465,1.1014311184595325
UBFC_PHYS_s14_T1_ctrl,138,9,138.3,0.19037988781929016,1.2998648302998956
UBFC_PHYS_s14_T1_ctrl,138,10,138.33333333333334,-0.018989967182278633,1.3641550359180152
UBFC_PHYS_s14_T1_ctrl,138,11,138.36666666666667,-0.313020259141922,1.2748116439823576
UBFC_PHYS_s14_T1_ctrl,138,12,138.4,-0.7113975286483765,1.043135736231076
UBFC_PHYS_s14_T1_ctrl,138,13,138.43333333333334,-1.1674542427062988,0.7062267244436693
UBFC_PHYS_s14_T1_ctrl,138,14,138.46666666666667,-1.5320067405700684,0.3142686023084651
UBFC_PHYS_s14_T1_ctrl,138,15,138.5,-1.5233604907989502,-0.08432577400438833
UBFC_PHYS_s14_T1_ctrl,138,16,138.53333333333333,-0.9971758127212524,-0.4534319034831633
UBFC_PHYS_s14_T1_ctrl,138,17,138.56666666666666,-0.23565424978733063,-0.7714475765107792
UBFC_PHYS_s14_T1_ctrl,138,18,138.6,0.4220554828643799,-1.0258699069623536
UBFC_PHYS_s14_T1_ctrl,138,19,138.63333333333333,0.8421188592910767,-1.2048396767047918
UBFC_PHYS_s14_T1_ctrl,138,20,138.66666666666666,0.9887115359306335,-1.2914937944942384
UBFC_PHYS_s14_T1_ctrl,138,21,138.7,0.8806751370429993,-1.2650506533852066
UBFC_PHYS_s14_T1_ctrl,138,22,138.73333333333332,0.6795573234558105,-1.1087351683516022
UBFC_PHYS_s14_T1_ctrl,138,23,138.76666666666668,0.5491024851799011,-0.8209781032619992
UBFC_PHYS_s14_T1_ctrl,138,24,138.8,0.4857620298862457,-0.42452366969684147
UBFC_PHYS_s14_T1_ctrl,138,25,138.83333333333334,0.4164227247238159,0.031429903377475386
UBFC_PHYS_s14_T1_ctrl,138,26,138.86666666666667,0.31348395347595215,0.47851621958485685
UBFC_PHYS_s14_T1_ctrl,138,27,138.9,0.16900354623794556,0.8445078312737788
UBFC_PHYS_s14_T1_ctrl,138,28,138.93333333333334,-0.02949507348239422,1.0712237148038402
UBFC_PHYS_s14_T1_ctrl,138,29,138.96666666666667,-0.3063172698020935,1.12800228299597
UBFC_PHYS_s14_T1_ctrl,138,30,139.0,-0.687317430973053,1.0159641407313968
UBFC_PHYS_s14_T1_ctrl,138,31,139.03333333333333,-1.1103943586349487,0.762771285211702
UBFC_PHYS_s14_T1_ctrl,138,32,139.06666666666666,-1.386596918106079,0.411531454256647
UBFC_PHYS_s14_T1_ctrl,138,33,139.1,-1.318722128868103,0.009363152777547326
UBFC_PHYS_s14_T1_ctrl,138,34,139.13333333333333,-0.848330020904541,-0.3995279822363129
UBFC_PHYS_s14_T1_ctrl,138,35,139.16666666666666,-0.15403549373149872,-0.7744784670060849
UBFC_PHYS_s14_T1_ctrl,138,36,139.2,0.4610905349254608,-1.0751246316440475
UBFC_PHYS_s14_T1_ctrl,138,37,139.23333333333332,0.8066887855529785,-1.2594354313449803
UBFC_PHYS_s14_T1_ctrl,138,38,139.26666666666668,0.8424850106239319,-1.2874750843013827
UBFC_PHYS_s14_T1_ctrl,138,39,139.3,0.6257643699645996,-1.1318313428112166
UBFC_PHYS_s14_T1_ctrl,138,40,139.33333333333334,0.3384089171886444,-0.7913376602231907
UBFC_PHYS_s14_T1_ctrl,138,41,139.36666666666667,0.17159460484981537,-0.3015741226296504
UBFC_PHYS_s14_T1_ctrl,138,42,139.4,0.12025196850299835,0.2647422503565197
UBFC_PHYS_s14_T1_ctrl,138,43,139.43333333333334,0.04415332153439522,0.8109303977026026
UBFC_PHYS_s14_T1_ctrl,138,44,139.46666666666667,-0.08689294010400772,1.24014177310522
UBFC_PHYS_s14_T1_ctrl,138,45,139.5,-0.2095182240009308,1.4809996557363043
UBFC_PHYS_s14_T1_ctrl,138,46,139.53333333333333,-0.3801628053188324,1.504689286456696
UBFC_PHYS_s14_T1_ctrl,138,47,139.56666666666666,-0.7198748588562012,1.3269376884527306
UBFC_PHYS_s14_T1_ctrl,138,48,139.6,-1.155738115310669,0.9957272554123766
UBFC_PHYS_s14_T1_ctrl,138,49,139.63333333333333,-1.4262235164642334,0.5720305937671427
UBFC_PHYS_s14_T1_ctrl,138,50,139.66666666666666,-1.3190319538116455,0.11260283103201009
UBFC_PHYS_s14_T1_ctrl,138,51,139.7,-0.8313754200935364,-0.33885989420500146
UBFC_PHYS_s14_T1_ctrl,138,52,139.73333333333332,-0.1498672515153885,-0.7506857207622217
UBFC_PHYS_s14_T1_ctrl,138,53,139.76666666666668,0.46376609802246094,-1.095504415783429
UBFC_PHYS_s14_T1_ctrl,138,54,139.8,0.8050552606582642,-1.341988505821133
UBFC_PHYS_s14_T1_ctrl,138,55,139.83333333333334,0.8209959864616394,-1.4523607716211968
UBFC_PHYS_s14_T1_ctrl,138,56,139.86666666666667,0.6188079118728638,-1.3891809288740862
UBFC_PHYS_s14_T1_ctrl,138,57,139.9,0.38623109459877014,-1.1302207398623993
UBFC_PHYS_s14_T1_ctrl,138,58,139.93333333333334,0.223922997713089,-0.6854469515034186
UBFC_PHYS_s14_T1_ctrl,138,59,139.96666666666667,0.09825602173805237,-0.10731649978729561
UBFC_PHYS_s14_T1_ctrl,138,60,140.0,-0.040957748889923096,0.5134052718834697
UBFC_PHYS_s14_T1_ctrl,138,61,140.03333333333333,-0.18338219821453094,1.0682000467311092
UBFC_PHYS_s14_T1_ctrl,138,62,140.06666666666666,-0.3270176947116852,1.460726415826662
UBFC_PHYS_s14_T1_ctrl,138,63,140.1,-0.5429215431213379,1.6331985693419426
UBFC_PHYS_s14_T1_ctrl,138,64,140.13333333333333,-0.9078965187072754,1.5780253228348293
UBFC_PHYS_s14_T1_ctrl,138,65,140.16666666666666,-1.351138710975647,1.3313054893836804
UBFC_PHYS_s14_T1_ctrl,138,66,140.2,-1.6130903959274292,0.9534668583736385
UBFC_PHYS_s14_T1_ctrl,138,67,140.23333333333332,-1.440220832824707,0.5072463112339383
UBFC_PHYS_s14_T1_ctrl,138,68,140.26666666666668,-0.8230107426643372,0.04232605563028561
UBFC_PHYS_s14_T1_ctrl,138,69,140.3,-0.04923791065812111,-0.4088528849580597
UBFC_PHYS_s14_T1_ctrl,138,70,140.33333333333334,0.5628745555877686,-0.8249999558078854
UBFC_PHYS_s14_T1_ctrl,138,71,140.36666666666667,0.8736905455589294,-1.1846561237981978
UBFC_PHYS_s14_T1_ctrl,138,72,140.4,0.8846462368965149,-1.4567041599800346
UBFC_PHYS_s14_T1_ctrl,138,73,140.43333333333334,0.6974694728851318,-1.5990296200171372
UBFC_PHYS_s14_T1_ctrl,138,74,140.46666666666667,0.5059555172920227,-1.5681543206589255
UBFC_PHYS_s14_T1_ctrl,138,75,140.5,0.42670249938964844,-1.3372903132510658
UBFC_PHYS_s14_T1_ctrl,138,76,140.53333333333333,0.3755851686000824,-0.9150078236048775
UBFC_PHYS_s14_T1_ctrl,138,77,140.56666666666666,0.2563113868236542,-0.3544870251231701
UBFC_PHYS_s14_T1_ctrl,138,78,140.6,0.09879113733768463,0.2537773093140936
UBFC_PHYS_s14_T1_ctrl,138,79,140.63333333333333,-0.07159998267889023,0.8053078785455422
UBFC_PHYS_s14_T1_ctrl,138,80,140.66666666666666,-0.31654074788093567,1.211615173542095
UBFC_PHYS_s14_T1_ctrl,138,81,140.7,-0.7012585401535034,1.423394308639394
UBFC_PHYS_s14_T1_ctrl,138,82,140.73333333333332,-1.155907154083252,1.4377747343411664
UBFC_PHYS_s14_T1_ctrl,138,83,140.76666666666668,-1.4066777229309082,1.289106130325835
UBFC_PHYS_s14_T1_ctrl,138,84,140.8,-1.1709465980529785,1.02976744682301
UBFC_PHYS_s14_T1_ctrl,138,85,140.83333333333334,-0.505097508430481,0.7101815748751172
UBFC_PHYS_s14_T1_ctrl,138,86,140.86666666666667,0.24853816628456116,0.36581455642488786
UBFC_PHYS_s14_T1_ctrl,138,87,140.9,0.8030275106430054,0.01491019472049655
UBFC_PHYS_s14_T1_ctrl,138,88,140.93333333333334,1.0684151649475098,-0.33403849412647646
UBFC_PHYS_s14_T1_ctrl,138,89,140.96666666666667,1.0516014099121094,-0.6699750444543616
UBFC_PHYS_s14_T1_ctrl,138,90,141.0,0.848737359046936,-0.9689046981648151
UBFC_PHYS_s14_T1_ctrl,138,91,141.03333333333333,0.6489995718002319,-1.1913517108690417
UBFC_PHYS_s14_T1_ctrl,138,92,141.06666666666666,0.5545099377632141,-1.2900427162065682
UBFC_PHYS_s14_T1_ctrl,138,93,141.1,0.4987737238407135,-1.2255822370208105
UBFC_PHYS_s14_T1_ctrl,138,94,141.13333333333333,0.4020310044288635,-0.9840749286879544
UBFC_PHYS_s14_T1_ctrl,138,95,141.16666666666666,0.27813833951950073,-0.5890964434288414
UBFC_PHYS_s14_T1_ctrl,138,96,141.2,0.1587800681591034,-0.10183636236307868
UBFC_PHYS_s14_T1_ctrl,138,97,141.23333333333332,-0.008963647298514843,0.392479731497443
UBFC_PHYS_s14_T1_ctrl,138,98,141.26666666666668,-0.33183369040489197,0.807930567124494
UBFC_PHYS_s14_T1_ctrl,138,99,141.3,-0.8174343109130859,1.0821517632513424
UBFC_PHYS_s14_T1_ctrl,138,100,141.33333333333334,-1.260591983795166,1.1913832340341324
UBFC_PHYS_s14_T1_ctrl,138,101,141.36666666666667,-1.3291709423065186,1.1500645772454052
UBFC_PHYS_s14_T1_ctrl,138,102,141.4,-0.8650875091552734,0.9964730852038883
UBFC_PHYS_s14_T1_ctrl,138,103,141.43333333333334,-0.0745290219783783,0.7727299654068409
UBFC_PHYS_s14_T1_ctrl,138,104,141.46666666666667,0.6844296455383301,0.5091372586809463
UBFC_PHYS_s14_T1_ctrl,138,105,141.5,1.191772699356079,0.21931321854589553
UBFC_PHYS_s14_T1_ctrl,138,106,141.53333333333333,1.3874831199645996,-0.09330851440672207
UBFC_PHYS_s14_T1_ctrl,138,107,141.56666666666666,1.3336338996887207,-0.42249548617112886
UBFC_PHYS_s14_T1_ctrl,138,108,141.6,1.1460628509521484,-0.7474042399880214
UBFC_PHYS_s14_T1_ctrl,138,109,141.63333333333333,0.9611110091209412,-1.0286362581672912
UBFC_PHYS_s14_T1_ctrl,138,110,141.66666666666666,0.864509105682373,-1.2147734854432914
UBFC_PHYS_s14_T1_ctrl,138,111,141.7,0.8198412656784058,-1.257133247235616
UBFC_PHYS_s14_T1_ctrl,138,112,141.73333333333332,0.7189303040504456,-1.1271624977995043
UBFC_PHYS_s14_T1_ctrl,138,113,141.76666666666668,0.5162071585655212,-0.829816218480191
UBFC_PHYS_s14_T1_ctrl,138,114,141.8,0.2447078973054886,-0.4072699275696771
UBFC_PHYS_s14_T1_ctrl,138,115,141.83333333333334,-0.04842115938663483,0.06963675340613451
UBFC_PHYS_s14_T1_ctrl,138,116,141.86666666666667,-0.3521116375923157,0.5201975057178624
UBFC_PHYS_s14_T1_ctrl,138,117,141.9,-0.7251695990562439,0.8760721478039405
UBFC_PHYS_s14_T1_ctrl,138,118,141.93333333333334,-1.1841835975646973,1.0975800202714288
UBFC_PHYS_s14_T1_ctrl,138,119,141.96666666666667,-1.5207130908966064,1.1770456000017397
UBFC_PHYS_s14_T1_ctrl,138,120,142.0,-1.4042274951934814,1.1294300456493618
UBFC_PHYS_s14_T1_ctrl,138,121,142.03333333333333,-0.75017911195755,0.9775144905351407
UBFC_PHYS_s14_T1_ctrl,138,122,142.06666666666666,0.11087341606616974,0.740641384938732
UBFC_PHYS_s14_T1_ctrl,138,123,142.1,0.7987184524536133,0.43243858256016077
UBFC_PHYS_s14_T1_ctrl,138,124,142.13333333333333,1.1477807760238647,0.0671525241695928
UBFC_PHYS_s14_T1_ctrl,138,125,142.16666666666666,1.1958564519882202,-0.330545572608168
UBFC_PHYS_s14_T1_ctrl,138,126,142.2,1.0541361570358276,-0.7190218021513357
UBFC_PHYS_s14_T1_ctrl,138,127,142.23333333333332,0.8640866279602051,-1.0413954808631298
UBFC_PHYS_s14_T1_ctrl,138,128,142.26666666666668,0.769625186920166,-1.236605711511377
UBFC_PHYS_s14_T1_ctrl,138,129,142.3,0.8102092742919922,-1.256694300443264
UBFC_PHYS_s14_T1_ctrl,138,130,142.33333333333334,0.8722541928291321,-1.0841668205647754
UBFC_PHYS_s14_T1_ctrl,138,131,142.36666666666667,0.8367114067077637,-0.7422377167737461
UBFC_PHYS_s14_T1_ctrl,138,132,142.4,0.7045104503631592,-0.2921971658619324
UBFC_PHYS_s14_T1_ctrl,138,133,142.43333333333334,0.5142356753349304,0.18305161061978847
UBFC_PHYS_s14_T1_ctrl,138,134,142.46666666666667,0.25135454535484314,0.6031442020132535
UBFC_PHYS_s14_T1_ctrl,138,135,142.5,-0.07771153748035431,0.9113332219409848
UBFC_PHYS_s14_T1_ctrl,138,136,142.53333333333333,-0.45806393027305603,1.0834960605797919
UBFC_PHYS_s14_T1_ctrl,138,137,142.56666666666666,-0.9340324997901917,1.1229916958228696
UBFC_PHYS_s14_T1_ctrl,138,138,142.6,-1.382682204246521,1.0468957158536603
UBFC_PHYS_s14_T1_ctrl,138,139,142.63333333333333,-1.4552885293960571,0.8728398966240623
UBFC_PHYS_s14_T1_ctrl,138,140,142.66666666666666,-1.023171067237854,0.6134807848279019
UBFC_PHYS_s14_T1_ctrl,138,141,142.7,-0.36861565709114075,0.27995929486073823
UBFC_PHYS_s14_T1_ctrl,138,142,142.73333333333332,0.19342157244682312,-0.10940133538212939
UBFC_PHYS_s14_T1_ctrl,138,143,142.76666666666668,0.5125458240509033,-0.5211994087203154
UBFC_PHYS_s14_T1_ctrl,138,144,142.8,0.5393296480178833,-0.9050470440667027
UBFC_PHYS_s14_T1_ctrl,138,145,142.83333333333334,0.3972713053226471,-1.199996230806851
UBFC_PHYS_s14_T1_ctrl,138,146,142.86666666666667,0.3127516806125641,-1.3483106272653897
UBFC_PHYS_s14_T1_ctrl,138,147,142.9,0.35623663663864136,-1.3125274007540384
UBFC_PHYS_s14_T1_ctrl,138,148,142.93333333333334,0.40208733081817627,-1.089556166061457
UBFC_PHYS_s14_T1_ctrl,138,149,142.96666666666667,0.34894219040870667,-0.7153183682510188
UBFC_PHYS_s14_T1_ctrl,138,150,143.0,0.223922997713089,-0.2561255765567101
UBFC_PHYS_s14_T1_ctrl,138,151,143.03333333333333,0.07868216186761856,0.21123955223683583
UBFC_PHYS_s14_T1_ctrl,138,152,143.06666666666666,-0.1194784864783287,0.6221629513586744
UBFC_PHYS_s14_T1_ctrl,138,153,143.1,-0.43925049901008606,0.9386840646275392
UBFC_PHYS_s14_T1_ctrl,138,154,143.13333333333333,-0.8685798048973083,1.1498871215902824
UBFC_PHYS_s14_T1_ctrl,138,155,143.16666666666666,-1.2390466928482056,1.2606337317618994
UBFC_PHYS_s14_T1_ctrl,138,156,143.2,-1.2643941640853882,1.2769160228485343
UBFC_PHYS_s14_T1_ctrl,138,157,143.23333333333332,-0.7990996837615967,1.1966045413891366
UBFC_PHYS_s14_T1_ctrl,138,158,143.26666666666668,-0.05746174976229668,1.0101516675276132
UBFC_PHYS_s14_T1_ctrl,138,159,143.3,0.5857999324798584,0.7100572800560225
UBFC_PHYS_s14_T1_ctrl,138,160,143.33333333333334,0.9488597512245178,0.3038618130987497
UBFC_PHYS_s14_T1_ctrl,138,161,143.36666666666667,1.0075249671936035,-0.17586687167660342
UBFC_PHYS_s14_T1_ctrl,138,162,143.4,0.8159546852111816,-0.6699761968269762
UBFC_PHYS_s14_T1_ctrl,138,163,143.43333333333334,0.5459199547767639,-1.1019292014723607
UBFC_PHYS_s14_T1_ctrl,138,164,143.46666666666667,0.3662911057472229,-1.3958494089786873
UBFC_PHYS_s14_T1_ctrl,138,165,143.5,0.28560176491737366,-1.4976996582476503
UBFC_PHYS_s14_T1_ctrl,138,166,143.53333333333333,0.2031380981206894,-1.3920518657329317
UBFC_PHYS_s14_T1_ctrl,138,167,143.56666666666666,0.07755561172962189,-1.107651997110629
UBFC_PHYS_s14_T1_ctrl,138,168,143.6,-0.048730961978435516,-0.70836417130837
UBFC_PHYS_s14_T1_ctrl,138,169,143.63333333333333,-0.18709981441497803,-0.271919785178794
UBFC_PHYS_s14_T1_ctrl,138,170,143.66666666666666,-0.4465167820453644,0.13468698183929362
UBFC_PHYS_s14_T1_ctrl,138,171,143.7,-0.8758178949356079,0.47178926365996365
UBFC_PHYS_s14_T1_ctrl,138,172,143.73333333333332,-1.31979238986969,0.7284633480782858
UBFC_PHYS_s14_T1_ctrl,138,173,143.76666666666668,-1.4837621450424194,0.9100070236917573
UBFC_PHYS_s14_T1_ctrl,138,174,143.8,-1.1799026727676392,1.020136412802391
UBFC_PHYS_s14_T1_ctrl,138,175,143.83333333333334,-0.5135466456413269,1.0489088576394965
UBFC_PHYS_s14_T1_ctrl,138,176,143.86666666666667,0.21674121916294098,0.9735035552381699
UBFC_PHYS_s14_T1_ctrl,138,177,143.9,0.7496289014816284,0.7715207090117252
UBFC_PHYS_s14_T1_ctrl,138,178,143.93333333333334,0.9782346487045288,0.43965359723709
UBFC_PHYS_s14_T1_ctrl,138,179,143.96666666666667,0.9308067560195923,0.007707980933882334
UBFC_PHYS_s14_T1_ctrl,138,180,144.0,0.7321391701698303,-0.4598849530026683
UBFC_PHYS_s14_T1_ctrl,138,181,144.03333333333333,0.5337250232696533,-0.8771472380707201
UBFC_PHYS_s14_T1_ctrl,138,182,144.06666666666666,0.4005383253097534,-1.1598551834640594
UBFC_PHYS_s14_T1_ctrl,138,183,144.1,0.29658564925193787,-1.2504315128871595
UBFC_PHYS_s14_T1_ctrl,138,184,144.13333333333333,0.1777624934911728,-1.135297152245716
UBFC_PHYS_s14_T1_ctrl,138,185,144.16666666666666,0.04789910838007927,-0.848245838888106
UBFC_PHYS_s14_T1_ctrl,138,186,144.2,-0.0809222087264061,-0.45802200819282657
UBFC_PHYS_s14_T1_ctrl,138,187,144.23333333333332,-0.2627760171890259,-0.044277852071628085
UBFC_PHYS_s14_T1_ctrl,138,188,144.26666666666668,-0.607332170009613,0.3281218231091496
UBFC_PHYS_s14_T1_ctrl,138,189,144.3,-1.0911866426467896,0.6248706610767822
UBFC_PHYS_s14_T1_ctrl,138,190,144.33333333333334,-1.4477406740188599,0.841511043262675
UBFC_PHYS_s14_T1_ctrl,138,191,144.36666666666667,-1.3756976127624512,0.9886313729195626
UBFC_PHYS_s14_T1_ctrl,138,192,144.4,-0.8502169847488403,1.0729072648946645
UBFC_PHYS_s14_T1_ctrl,138,193,144.43333333333334,-0.1470508575439453,1.0856170156305571
UBFC_PHYS_s14_T1_ctrl,138,194,144.46666666666667,0.44588208198547363,1.0050213621677844
UBFC_PHYS_s14_T1_ctrl,138,195,144.5,0.8208552002906799,0.8105043897874524
UBFC_PHYS_s14_T1_ctrl,138,196,144.53333333333333,0.9665747880935669,0.49993607294192244
UBFC_PHYS_s14_T1_ctrl,138,197,144.56666666666666,0.9167529940605164,0.10064561222744815
UBFC_PHYS_s14_T1_ctrl,138,198,144.6,0.7618801593780518,-0.33136428692821573
UBFC_PHYS_s14_T1_ctrl,138,199,144.63333333333333,0.6131470203399658,-0.7233624686818668
UBFC_PHYS_s14_T1_ctrl,138,200,144.66666666666666,0.5076735019683838,-1.0044060687761693
UBFC_PHYS_s14_T1_ctrl,138,201,144.7,0.4066780209541321,-1.1244026736257053
UBFC_PHYS_s14_T1_ctrl,138,202,144.73333333333332,0.26152169704437256,-1.067806230481706
UBFC_PHYS_s14_T1_ctrl,138,203,144.76666666666668,0.07471106946468353,-0.857265454702287
UBFC_PHYS_s14_T1_ctrl,138,204,144.8,-0.14674106240272522,-0.5451275530742371
UBFC_PHYS_s14_T1_ctrl,138,205,144.83333333333334,-0.4629926085472107,-0.19516500886360824
UBFC_PHYS_s14_T1_ctrl,138,206,144.86666666666667,-0.9106847047805786,0.13786343826617184
UBFC_PHYS_s14_T1_ctrl,138,207,144.9,-1.3744020462036133,0.42117549860141124
UBFC_PHYS_s14_T1_ctrl,138,208,144.93333333333334,-1.6118793487548828,0.64376440590546
UBFC_PHYS_s14_T1_ctrl,138,209,144.96666666666667,-1.4280540943145752,0.8050156155051141
UBFC_PHYS_s14_T1_ctrl,138,210,145.0,-0.8432042002677917,0.9005930820421797
UBFC_PHYS_s14_T1_ctrl,138,211,145.03333333333333,-0.10001727938652039,0.9151632166163389
UBFC_PHYS_s14_T1_ctrl,138,212,145.06666666666666,0.5296131372451782,0.8264648906580196
UBFC_PHYS_s14_T1_ctrl,138,213,145.1,0.9124439358711243,0.6179136232437715
UBFC_PHYS_s14_T1_ctrl,138,214,145.13333333333333,1.0230432748794556,0.292305203233277
UBFC_PHYS_s14_T1_ctrl,138,215,145.16666666666666,0.926328718662262,-0.12073506023975974
UBFC_PHYS_s14_T1_ctrl,138,216,145.2,0.7614576816558838,-0.5670996306569104
UBFC_PHYS_s14_T1_ctrl,138,217,145.23333333333332,0.647901177406311,-0.9792627965386168
UBFC_PHYS_s14_T1_ctrl,138,218,145.26666666666668,0.5981357097625732,-1.2921150603112666
UBFC_PHYS_s14_T1_ctrl,138,219,145.3,0.540259063243866,-1.4587064576379745
UBFC_PHYS_s14_T1_ctrl,138,220,145.33333333333334,0.4150145351886749,-1.4612302328213969
UBFC_PHYS_s14_T1_ctrl,138,221,145.36666666666667,0.21595263481140137,-1.313654471432118
UBFC_PHYS_s14_T1_ctrl,138,222,145.4,-0.04661867767572403,-1.054629195325665
UBFC_PHYS_s14_T1_ctrl,138,223,145.43333333333334,-0.38359880447387695,-0.7328990714404088
UBFC_PHYS_s14_T1_ctrl,138,224,145.46666666666667,-0.8339383006095886,-0.39141299852227673
UBFC_PHYS_s14_T1_ctrl,138,225,145.5,-1.3670512437820435,-0.057632361021108344
UBFC_PHYS_s14_T1_ctrl,138,226,145.53333333333333,-1.74264395236969,0.2557686575890697
UBFC_PHYS_s14_T1_ctrl,138,227,145.56666666666666,-1.6590256690979004,0.5416958470866801
UBFC_PHYS_s14_T1_ctrl,138,228,145.6,-1.0882294178009033,0.7878359915696165
UBFC_PHYS_s14_T1_ctrl,138,229,145.63333333333333,-0.31020388007164,0.9719596886136292
UBFC_PHYS_s14_T1_ctrl,138,230,145.66666666666666,0.3786831796169281,1.0668937023760037
UBFC_PHYS_s14_T1_ctrl,138,231,145.7,0.8404572010040283,1.0526499596765815
UBFC_PHYS_s14_T1_ctrl,138,232,145.73333333333332,1.0414624214172363,0.9290674258111075
UBFC_PHYS_s14_T1_ctrl,138,233,145.76666666666668,0.9929361343383789,0.7220656283818998
UBFC_PHYS_s14_T1_ctrl,138,234,145.8,0.7789474129676819,0.47986488415412715
UBFC_PHYS_s14_T1_ctrl,138,235,145.83333333333334,0.5618888735771179,0.26013363775696563
UBFC_PHYS_s14_T1_ctrl,138,236,145.86666666666667,0.4678780138492584,0.11261502645789484
UBFC_PHYS_s14_T1_ctrl,138,237,145.9,0.4620199501514435,0.06335910231495032
UBFC_PHYS_s14_T1_ctrl,138,238,145.93333333333334,0.40822702646255493,0.10618132076009427
UBFC_PHYS_s14_T1_ctrl,138,239,145.96666666666667,0.25352317094802856,0.2045741517125435
UBFC_PHYS_s14_T1_ctrl,139,0,139.0,-0.687317430973053,0.016690276421967295
UBFC_PHYS_s14_T1_ctrl,139,1,139.03333333333333,-1.1103943586349487,0.0043639928580492884
UBFC_PHYS_s14_T1_ctrl,139,2,139.06666666666666,-1.386596918106079,-0.040431787248396765
UBFC_PHYS_s14_T1_ctrl,139,3,139.1,-1.318722128868103,-0.1395029095756766
UBFC_PHYS_s14_T1_ctrl,139,4,139.13333333333333,-0.848330020904541,-0.29580692803530884
UBFC_PHYS_s14_T1_ctrl,139,5,139.16666666666666,-0.15403549373149872,-0.49019798013182975
UBFC_PHYS_s14_T1_ctrl,139,6,139.2,0.4610905349254608,-0.6837662903499865
UBFC_PHYS_s14_T1_ctrl,139,7,139.23333333333332,0.8066887855529785,-0.825547190708611
UBFC_PHYS_s14_T1_ctrl,139,8,139.26666666666668,0.8424850106239319,-0.864495103856216
UBFC_PHYS_s14_T1_ctrl,139,9,139.3,0.6257643699645996,-0.7637542153927218
UBFC_PHYS_s14_T1_ctrl,139,10,139.33333333333334,0.3384089171886444,-0.5141173853904343
UBFC_PHYS_s14_T1_ctrl,139,11,139.36666666666667,0.17159460484981537,-0.14232728592894656
UBFC_PHYS_s14_T1_ctrl,139,12,139.4,0.12025196850299835,0.2904351473096461
UBFC_PHYS_s14_T1_ctrl,139,13,139.43333333333334,0.04415332153439522,0.7021173418899344
UBFC_PHYS_s14_T1_ctrl,139,14,139.46666666666667,-0.08689294010400772,1.01228319976596
UBFC_PHYS_s14_T1_ctrl,139,15,139.5,-0.2095182240009308,1.165155765657007
UBFC_PHYS_s14_T1_ctrl,139,16,139.53333333333333,-0.3801628053188324,1.143548972806968
UBFC_PHYS_s14_T1_ctrl,139,17,139.56666666666666,-0.7198748588562012,0.9680798896066085
UBFC_PHYS_s14_T1_ctrl,139,18,139.6,-1.155738115310669,0.6835986728953377
UBFC_PHYS_s14_T1_ctrl,139,19,139.63333333333333,-1.4262235164642334,0.34088217356058287
UBFC_PHYS_s14_T1_ctrl,139,20,139.66666666666666,-1.3190319538116455,-0.017606336001406438
UBFC_PHYS_s14_T1_ctrl,139,21,139.7,-0.8313754200935364,-0.36289896630843227
UBFC_PHYS_s14_T1_ctrl,139,22,139.73333333333332,-0.1498672515153885,-0.6758303192073531
UBFC_PHYS_s14_T1_ctrl,139,23,139.76666666666668,0.46376609802246094,-0.9386341412666603
UBFC_PHYS_s14_T1_ctrl,139,24,139.8,0.8050552606582642,-1.1275041522023725
UBFC_PHYS_s14_T1_ctrl,139,25,139.83333333333334,0.8209959864616394,-1.2109347060121323
UBFC_PHYS_s14_T1_ctrl,139,26,139.86666666666667,0.6188079118728638,-1.156159378644484
UBFC_PHYS_s14_T1_ctrl,139,27,139.9,0.38623109459877014,-0.942419829827957
UBFC_PHYS_s14_T1_ctrl,139,28,139.93333333333334,0.223922997713089,-0.5759834391162796
UBFC_PHYS_s14_T1_ctrl,139,29,139.96666666666667,0.09825602173805237,-0.09940330298746919
UBFC_PHYS_s14_T1_ctrl,139,30,140.0,-0.040957748889923096,0.4117616804741616
UBFC_PHYS_s14_T1_ctrl,139,31,140.03333333333333,-0.18338219821453094,0.866629610535954
UBFC_PHYS_s14_T1_ctrl,139,32,140.06666666666666,-0.3270176947116852,1.1852709118027707
UBFC_PHYS_s14_T1_ctrl,139,33,140.1,-0.5429215431213379,1.322183914760338
UBFC_PHYS_s14_T1_ctrl,139,34,140.13333333333333,-0.9078965187072754,1.2763358498177246
UBFC_PHYS_s14_T1_ctrl,139,35,140.16666666666666,-1.351138710975647,1.0839517843618893
UBFC_PHYS_s14_T1_ctrl,139,36,140.2,-1.6130903959274292,0.7991387844876773
UBFC_PHYS_s14_T1_ctrl,139,37,140.23333333333332,-1.440220832824707,0.47287572936396477
UBFC_PHYS_s14_T1_ctrl,139,38,140.26666666666668,-0.8230107426643372,0.1397077086735235
UBFC_PHYS_s14_T1_ctrl,139,39,140.3,-0.04923791065812111,-0.18406693488045878
UBFC_PHYS_s14_T1_ctrl,139,40,140.33333333333334,0.5628745555877686,-0.49257921185213954
UBFC_PHYS_s14_T1_ctrl,139,41,140.36666666666667,0.8736905455589294,-0.778331669901311
UBFC_PHYS_s14_T1_ctrl,139,42,140.4,0.8846462368965149,-1.0222482989896355
UBFC_PHYS_s14_T1_ctrl,139,43,140.43333333333334,0.6974694728851318,-1.1909201214354943
UBFC_PHYS_s14_T1_ctrl,139,44,140.46666666666667,0.5059555172920227,-1.243305864417693
UBFC_PHYS_s14_T1_ctrl,139,45,140.5,0.42670249938964844,-1.1452989602438457
UBFC_PHYS_s14_T1_ctrl,139,46,140.53333333333333,0.3755851686000824,-0.8866495327822008
UBFC_PHYS_s14_T1_ctrl,139,47,140.56666666666666,0.2563113868236542,-0.4924765080138612
UBFC_PHYS_s14_T1_ctrl,139,48,140.6,0.09879113733768463,-0.02267874401034122
UBFC_PHYS_s14_T1_ctrl,139,49,140.63333333333333,-0.07159998267889023,0.4425088310985359
UBFC_PHYS_s14_T1_ctrl,139,50,140.66666666666666,-0.31654074788093567,0.8255151375134726
UBFC_PHYS_s14_T1_ctrl,139,51,140.7,-0.7012585401535034,1.0729316272382687
UBFC_PHYS_s14_T1_ctrl,139,52,140.73333333333332,-1.155907154083252,1.166421443182352
UBFC_PHYS_s14_T1_ctrl,139,53,140.76666666666668,-1.4066777229309082,1.119717212970119
UBFC_PHYS_s14_T1_ctrl,139,54,140.8,-1.1709465980529785,0.9652889518501241
UBFC_PHYS_s14_T1_ctrl,139,55,140.83333333333334,-0.505097508430481,0.7384538124817278
UBFC_PHYS_s14_T1_ctrl,139,56,140.86666666666667,0.24853816628456116,0.4662494903430292
UBFC_PHYS_s14_T1_ctrl,139,57,140.9,0.8030275106430054,0.16468627879320225
UBFC_PHYS_s14_T1_ctrl,139,58,140.93333333333334,1.0684151649475098,-0.15626787473348236
UBFC_PHYS_s14_T1_ctrl,139,59,140.96666666666667,1.0516014099121094,-0.48372702326778616
UBFC_PHYS_s14_T1_ctrl,139,60,141.0,0.848737359046936,-0.7939773620670827
UBFC_PHYS_s14_T1_ctrl,139,61,141.03333333333333,0.6489995718002319,-1.0499719334215016
UBFC_PHYS_s14_T1_ctrl,139,62,141.06666666666666,0.5545099377632141,-1.2063764301692954
UBFC_PHYS_s14_T1_ctrl,139,63,141.1,0.4987737238407135,-1.2213301921120103
UBFC_PHYS_s14_T1_ctrl,139,64,141.13333333333333,0.4020310044288635,-1.0712300261548693
UBFC_PHYS_s14_T1_ctrl,139,65,141.16666666666666,0.27813833951950073,-0.7629521721754853
UBFC_PHYS_s14_T1_ctrl,139,66,141.2,0.1587800681591034,-0.33783390327835
UBFC_PHYS_s14_T1_ctrl,139,67,141.23333333333332,-0.008963647298514843,0.135785558321777
UBFC_PHYS_s14_T1_ctrl,139,68,141.26666666666668,-0.33183369040489197,0.5799306562101932
UBFC_PHYS_s14_T1_ctrl,139,69,141.3,-0.8174343109130859,0.9278844890787443
UBFC_PHYS_s14_T1_ctrl,139,70,141.33333333333334,-1.260591983795166,1.1400350108208808
UBFC_PHYS_s14_T1_ctrl,139,71,141.36666666666667,-1.3291709423065186,1.2083423755303244
UBFC_PHYS_s14_T1_ctrl,139,72,141.4,-0.8650875091552734,1.1491000382561867
UBFC_PHYS_s14_T1_ctrl,139,73,141.43333333333334,-0.0745290219783783,0.9894911200154711
UBFC_PHYS_s14_T1_ctrl,139,74,141.46666666666667,0.6844296455383301,0.7553619031387587
UBFC_PHYS_s14_T1_ctrl,139,75,141.5,1.191772699356079,0.46544459630992424
UBFC_PHYS_s14_T1_ctrl,139,76,141.53333333333333,1.3874831199645996,0.13309983381086507
UBFC_PHYS_s14_T1_ctrl,139,77,141.56666666666666,1.3336338996887207,-0.22698277856676985
UBFC_PHYS_s14_T1_ctrl,139,78,141.6,1.1460628509521484,-0.5912715215313405
UBFC_PHYS_s14_T1_ctrl,139,79,141.63333333333333,0.9611110091209412,-0.923085057263191
UBFC_PHYS_s14_T1_ctrl,139,80,141.66666666666666,0.864509105682373,-1.1744833867795044
UBFC_PHYS_s14_T1_ctrl,139,81,141.7,0.8198412656784058,-1.295276348365136
UBFC_PHYS_s14_T1_ctrl,139,82,141.73333333333332,0.7189303040504456,-1.2469958260704184
UBFC_PHYS_s14_T1_ctrl,139,83,141.76666666666668,0.5162071585655212,-1.0170314316770264
UBFC_PHYS_s14_T1_ctrl,139,84,141.8,0.2447078973054886,-0.6274154706188951
UBFC_PHYS_s14_T1_ctrl,139,85,141.83333333333334,-0.04842115938663483,-0.13415329983305804
UBFC_PHYS_s14_T1_ctrl,139,86,141.86666666666667,-0.3521116375923157,0.38398653652465015
UBFC_PHYS_s14_T1_ctrl,139,87,141.9,-0.7251695990562439,0.8441701579007506
UBFC_PHYS_s14_T1_ctrl,139,88,141.93333333333334,-1.1841835975646973,1.1788003090282217
UBFC_PHYS_s14_T1_ctrl,139,89,141.96666666666667,-1.5207130908966064,1.3479640617841833
UBFC_PHYS_s14_T1_ctrl,139,90,142.0,-1.4042274951934814,1.3415549241691116
UBFC_PHYS_s14_T1_ctrl,139,91,142.03333333333333,-0.75017911195755,1.1731357217876348
UBFC_PHYS_s14_T1_ctrl,139,92,142.06666666666666,0.11087341606616974,0.8707769002556847
UBFC_PHYS_s14_T1_ctrl,139,93,142.1,0.7987184524536133,0.4697841393738394
UBFC_PHYS_s14_T1_ctrl,139,94,142.13333333333333,1.1477807760238647,0.00955736891788676
UBFC_PHYS_s14_T1_ctrl,139,95,142.16666666666666,1.1958564519882202,-0.46616135031839717
UBFC_PHYS_s14_T1_ctrl,139,96,142.2,1.0541361570358276,-0.9081108475057644
UBFC_PHYS_s14_T1_ctrl,139,97,142.23333333333332,0.8640866279602051,-1.2622640684894864
UBFC_PHYS_s14_T1_ctrl,139,98,142.26666666666668,0.769625186920166,-1.4748709305239682
UBFC_PHYS_s14_T1_ctrl,139,99,142.3,0.8102092742919922,-1.5024730709531213
UBFC_PHYS_s14_T1_ctrl,139,100,142.33333333333334,0.8722541928291321,-1.3247319754846012
UBFC_PHYS_s14_T1_ctrl,139,101,142.36666666666667,0.8367114067077637,-0.9551754411682245
UBFC_PHYS_s14_T1_ctrl,139,102,142.4,0.7045104503631592,-0.44414442970634366
UBFC_PHYS_s14_T1_ctrl,139,103,142.43333333333334,0.5142356753349304,0.12935872051047656
UBFC_PHYS_s14_T1_ctrl,139,104,142.46666666666667,0.25135454535484314,0.6750952817926804
UBFC_PHYS_s14_T1_ctrl,139,105,142.5,-0.07771153748035431,1.1117889757209334
UBFC_PHYS_s14_T1_ctrl,139,106,142.53333333333333,-0.45806393027305603,1.3825336798852224
UBFC_PHYS_s14_T1_ctrl,139,107,142.56666666666666,-0.9340324997901917,1.4608709733129632
UBFC_PHYS_s14_T1_ctrl,139,108,142.6,-1.382682204246521,1.3481303053452716
UBFC_PHYS_s14_T1_ctrl,139,109,142.63333333333333,-1.4552885293960571,1.0664621964311631
UBFC_PHYS_s14_T1_ctrl,139,110,142.66666666666666,-1.023171067237854,0.6522665708693246
UBFC_PHYS_s14_T1_ctrl,139,111,142.7,-0.36861565709114075,0.152358377331264
UBFC_PHYS_s14_T1_ctrl,139,112,142.73333333333332,0.19342157244682312,-0.3775176905627091
UBFC_PHYS_s14_T1_ctrl,139,113,142.76666666666668,0.5125458240509033,-0.8740145492487548
UBFC_PHYS_s14_T1_ctrl,139,114,142.8,0.5393296480178833,-1.2700015148295813
UBFC_PHYS_s14_T1_ctrl,139,115,142.83333333333334,0.3972713053226471,-1.5026458643921976
UBFC_PHYS_s14_T1_ctrl,139,116,142.86666666666667,0.3127516806125641,-1.5255861551835397
UBFC_PHYS_s14_T1_ctrl,139,117,142.9,0.35623663663864136,-1.322399259524992
UBFC_PHYS_s14_T1_ctrl,139,118,142.93333333333334,0.40208733081817627,-0.9161792517850866
UBFC_PHYS_s14_T1_ctrl,139,119,142.96666666666667,0.34894219040870667,-0.3695982443806051
UBFC_PHYS_s14_T1_ctrl,139,120,143.0,0.223922997713089,0.22743694094393938
UBFC_PHYS_s14_T1_ctrl,139,121,143.03333333333333,0.07868216186761856,0.7798577918892617
UBFC_PHYS_s14_T1_ctrl,139,122,143.06666666666666,-0.1194784864783287,1.2107850141189826
UBFC_PHYS_s14_T1_ctrl,139,123,143.1,-0.43925049901008606,1.476252860359199
UBFC_PHYS_s14_T1_ctrl,139,124,143.13333333333333,-0.8685798048973083,1.5663859979228079
UBFC_PHYS_s14_T1_ctrl,139,125,143.16666666666666,-1.2390466928482056,1.495639116869829
UBFC_PHYS_s14_T1_ctrl,139,126,143.2,-1.2643941640853882,1.2893723172515124
UBFC_PHYS_s14_T1_ctrl,139,127,143.23333333333332,-0.7990996837615967,0.9738822417841485
UBFC_PHYS_s14_T1_ctrl,139,128,143.26666666666668,-0.05746174976229668,0.5732775558777342
UBFC_PHYS_s14_T1_ctrl,139,129,143.3,0.5857999324798584,0.11225774507768818
UBFC_PHYS_s14_T1_ctrl,139,130,143.33333333333334,0.9488597512245178,-0.37853899879705677
UBFC_PHYS_s14_T1_ctrl,139,131,143.36666666666667,1.0075249671936035,-0.8581939689518989
UBFC_PHYS_s14_T1_ctrl,139,132,143.4,0.8159546852111816,-1.274888904657067
UBFC_PHYS_s14_T1_ctrl,139,133,143.43333333333334,0.5459199547767639,-1.5706031117526869
UBFC_PHYS_s14_T1_ctrl,139,134,143.46666666666667,0.3662911057472229,-1.6914784667789764
UBFC_PHYS_s14_T1_ctrl,139,135,143.5,0.28560176491737366,-1.6022356281512924
UBFC_PHYS_s14_T1_ctrl,139,136,143.53333333333333,0.2031380981206894,-1.3002919527851349
UBFC_PHYS_s14_T1_ctrl,139,137,143.56666666666666,0.07755561172962189,-0.8233647046383112
UBFC_PHYS_s14_T1_ctrl,139,138,143.6,-0.048730961978435516,-0.24531196338501116
UBFC_PHYS_s14_T1_ctrl,139,139,143.63333333333333,-0.18709981441497803,0.3405421134126152
UBFC_PHYS_s14_T1_ctrl,139,140,143.66666666666666,-0.4465167820453644,0.844976091004268
UBFC_PHYS_s14_T1_ctrl,139,141,143.7,-0.8758178949356079,1.2036398268659751
UBFC_PHYS_s14_T1_ctrl,139,142,143.73333333333332,-1.31979238986969,1.386794772460415
UBFC_PHYS_s14_T1_ctrl,139,143,143.76666666666668,-1.4837621450424194,1.395845466267258
UBFC_PHYS_s14_T1_ctrl,139,144,143.8,-1.1799026727676392,1.2513455449770556
UBFC_PHYS_s14_T1_ctrl,139,145,143.83333333333334,-0.5135466456413269,0.9806325564611165
UBFC_PHYS_s14_T1_ctrl,139,146,143.86666666666667,0.21674121916294098,0.6113979981560091
UBFC_PHYS_s14_T1_ctrl,139,147,143.9,0.7496289014816284,0.17257637102105927
UBFC_PHYS_s14_T1_ctrl,139,148,143.93333333333334,0.9782346487045288,-0.3004224920089054
UBFC_PHYS_s14_T1_ctrl,139,149,143.96666666666667,0.9308067560195923,-0.7610473005655185
UBFC_PHYS_s14_T1_ctrl,139,150,144.0,0.7321391701698303,-1.15180517639631
UBFC_PHYS_s14_T1_ctrl,139,151,144.03333333333333,0.5337250232696533,-1.4114084103907594
UBFC_PHYS_s14_T1_ctrl,139,152,144.06666666666666,0.4005383253097534,-1.4881833816484116
UBFC_PHYS_s14_T1_ctrl,139,153,144.1,0.29658564925193787,-1.3561272842033638
UBFC_PHYS_s14_T1_ctrl,139,154,144.13333333333333,0.1777624934911728,-1.0274898204859206
UBFC_PHYS_s14_T1_ctrl,139,155,144.16666666666666,0.04789910838007927,-0.5552435667182581
UBFC_PHYS_s14_T1_ctrl,139,156,144.2,-0.0809222087264061,-0.021685265052720788
UBFC_PHYS_s14_T1_ctrl,139,157,144.23333333333332,-0.2627760171890259,0.48440612185558757
UBFC_PHYS_s14_T1_ctrl,139,158,144.26666666666668,-0.607332170009613,0.8927636879158205
UBFC_PHYS_s14_T1_ctrl,139,159,144.3,-1.0911866426467896,1.167166405081279
UBFC_PHYS_s14_T1_ctrl,139,160,144.33333333333334,-1.4477406740188599,1.305048333038335
UBFC_PHYS_s14_T1_ctrl,139,161,144.36666666666667,-1.3756976127624512,1.3237742076200658
UBFC_PHYS_s14_T1_ctrl,139,162,144.4,-0.8502169847488403,1.2430102755710055
UBFC_PHYS_s14_T1_ctrl,139,163,144.43333333333334,-0.1470508575439453,1.0734104859319116
UBFC_PHYS_s14_T1_ctrl,139,164,144.46666666666667,0.44588208198547363,0.8166155655413155
UBFC_PHYS_s14_T1_ctrl,139,165,144.5,0.8208552002906799,0.4744068015597623
UBFC_PHYS_s14_T1_ctrl,139,166,144.53333333333333,0.9665747880935669,0.060405883029333196
UBFC_PHYS_s14_T1_ctrl,139,167,144.56666666666666,0.9167529940605164,-0.39240030260337755
UBFC_PHYS_s14_T1_ctrl,139,168,144.6,0.7618801593780518,-0.8319142494400532
UBFC_PHYS_s14_T1_ctrl,139,169,144.63333333333333,0.6131470203399658,-1.1948297464946054
UBFC_PHYS_s14_T1_ctrl,139,170,144.66666666666666,0.5076735019683838,-1.419757615370865
UBFC_PHYS_s14_T1_ctrl,139,171,144.7,0.4066780209541321,-1.4621473338769129
UBFC_PHYS_s14_T1_ctrl,139,172,144.73333333333332,0.26152169704437256,-1.306975641123413
UBFC_PHYS_s14_T1_ctrl,139,173,144.76666666666668,0.07471106946468353,-0.9751022868467341
UBFC_PHYS_s14_T1_ctrl,139,174,144.8,-0.14674106240272522,-0.5203298467543014
UBFC_PHYS_s14_T1_ctrl,139,175,144.83333333333334,-0.4629926085472107,-0.016951204454967513
UBFC_PHYS_s14_T1_ctrl,139,176,144.86666666666667,-0.9106847047805786,0.45860024132715943
UBFC_PHYS_s14_T1_ctrl,139,177,144.9,-1.3744020462036133,0.8452591851449219
UBFC_PHYS_s14_T1_ctrl,139,178,144.93333333333334,-1.6118793487548828,1.1069818667735931
UBFC_PHYS_s14_T1_ctrl,139,179,144.96666666666667,-1.4280540943145752,1.2313934803833009
UBFC_PHYS_s14_T1_ctrl,139,180,145.0,-0.8432042002677917,1.2208352143037007
UBFC_PHYS_s14_T1_ctrl,139,181,145.03333333333333,-0.10001727938652039,1.0833881382539599
UBFC_PHYS_s14_T1_ctrl,139,182,145.06666666666666,0.5296131372451782,0.8296565598567982
UBFC_PHYS_s14_T1_ctrl,139,183,145.1,0.9124439358711243,0.47584532688937825
UBFC_PHYS_s14_T1_ctrl,139,184,145.13333333333333,1.0230432748794556,0.049547508715375554
UBFC_PHYS_s14_T1_ctrl,139,185,145.16666666666666,0.926328718662262,-0.40641309240159734
UBFC_PHYS_s14_T1_ctrl,139,186,145.2,0.7614576816558838,-0.8352414605419372
UBFC_PHYS_s14_T1_ctrl,139,187,145.23333333333332,0.647901177406311,-1.1732724791924305
UBFC_PHYS_s14_T1_ctrl,139,188,145.26666666666668,0.5981357097625732,-1.3617417758901569
UBFC_PHYS_s14_T1_ctrl,139,189,145.3,0.540259063243866,-1.3606698145497482
UBFC_PHYS_s14_T1_ctrl,139,190,145.33333333333334,0.4150145351886749,-1.1610636952256006
UBFC_PHYS_s14_T1_ctrl,139,191,145.36666666666667,0.21595263481140137,-0.7909167361497934
UBFC_PHYS_s14_T1_ctrl,139,192,145.4,-0.04661867767572403,-0.31125793779503136
UBFC_PHYS_s14_T1_ctrl,139,193,145.43333333333334,-0.38359880447387695,0.1981689414443162
UBFC_PHYS_s14_T1_ctrl,139,194,145.46666666666667,-0.8339383006095886,0.6588457912458079
UBFC_PHYS_s14_T1_ctrl,139,195,145.5,-1.3670512437820435,1.0109479321528991
UBFC_PHYS_s14_T1_ctrl,139,196,145.53333333333333,-1.74264395236969,1.2217422474342234
UBFC_PHYS_s14_T1_ctrl,139,197,145.56666666666666,-1.6590256690979004,1.2835015030422339
UBFC_PHYS_s14_T1_ctrl,139,198,145.6,-1.0882294178009033,1.2049011182513276
UBFC_PHYS_s14_T1_ctrl,139,199,145.63333333333333,-0.31020388007164,1.0022521030769527
UBFC_PHYS_s14_T1_ctrl,139,200,145.66666666666666,0.3786831796169281,0.6951928133578038
UBFC_PHYS_s14_T1_ctrl,139,201,145.7,0.8404572010040283,0.30754727907415913
UBFC_PHYS_s14_T1_ctrl,139,202,145.73333333333332,1.0414624214172363,-0.12916712673912328
UBFC_PHYS_s14_T1_ctrl,139,203,145.76666666666668,0.9929361343383789,-0.5731950089961017
UBFC_PHYS_s14_T1_ctrl,139,204,145.8,0.7789474129676819,-0.97363786951755
UBFC_PHYS_s14_T1_ctrl,139,205,145.83333333333334,0.5618888735771179,-1.2760560701262635
UBFC_PHYS_s14_T1_ctrl,139,206,145.86666666666667,0.4678780138492584,-1.431874243224487
UBFC_PHYS_s14_T1_ctrl,139,207,145.9,0.4620199501514435,-1.4096401468578563
UBFC_PHYS_s14_T1_ctrl,139,208,145.93333333333334,0.40822702646255493,-1.2050241573279432
UBFC_PHYS_s14_T1_ctrl,139,209,145.96666666666667,0.25352317094802856,-0.8456312347980397
UBFC_PHYS_s14_T1_ctrl,139,210,146.0,0.05198286101222038,-0.38713485964793176
UBFC_PHYS_s14_T1_ctrl,139,211,146.03333333333333,-0.16031602025032043,0.09977474792833754
UBFC_PHYS_s14_T1_ctrl,139,212,146.06666666666666,-0.4536985456943512,0.5471237347003192
UBFC_PHYS_s14_T1_ctrl,139,213,146.1,-0.9136700630187988,0.904361341448249
UBFC_PHYS_s14_T1_ctrl,139,214,146.13333333333333,-1.425519347190857,1.1441141311381149
UBFC_PHYS_s14_T1_ctrl,139,215,146.16666666666666,-1.656716227531433,1.2585001959375277
UBFC_PHYS_s14_T1_ctrl,139,216,146.2,-1.3702619075775146,1.2507882254941574
UBFC_PHYS_s14_T1_ctrl,139,217,146.23333333333332,-0.6695179343223572,1.1288993066724595
UBFC_PHYS_s14_T1_ctrl,139,218,146.26666666666668,0.12475817650556564,0.9044315894846513
UBFC_PHYS_s14_T1_ctrl,139,219,146.3,0.7340824604034424,0.5960852170252059
UBFC_PHYS_s14_T1_ctrl,139,220,146.33333333333334,1.033492088317871,0.23319332179000435
UBFC_PHYS_s14_T1_ctrl,139,221,146.36666666666667,1.0220293998718262,-0.14458171145018628
UBFC_PHYS_s14_T1_ctrl,139,222,146.4,0.8249952793121338,-0.49212896917585747
UBFC_PHYS_s14_T1_ctrl,139,223,146.43333333333334,0.6362413167953491,-0.7661676007258734
UBFC_PHYS_s14_T1_ctrl,139,224,146.46666666666667,0.5560026168823242,-0.9324849537489512
UBFC_PHYS_s14_T1_ctrl,139,225,146.5,0.5065469145774841,-0.9719310744687588
UBFC_PHYS_s14_T1_ctrl,139,226,146.53333333333333,0.37524721026420593,-0.8845040766811093
UBFC_PHYS_s14_T1_ctrl,139,227,146.56666666666666,0.18866188824176788,-0.690390219355903
UBFC_PHYS_s14_T1_ctrl,139,228,146.6,0.0050056083127856255,-0.42643527968086054
UBFC_PHYS_s14_T1_ctrl,139,229,146.63333333333333,-0.19529548287391663,-0.1375921419778341
UBFC_PHYS_s14_T1_ctrl,139,230,146.66666666666666,-0.45961296558380127,0.134394921923197
UBFC_PHYS_s14_T1_ctrl,139,231,146.7,-0.8100835680961609,0.3604266302442644
UBFC_PHYS_s14_T1_ctrl,139,232,146.73333333333332,-1.1720168590545654,0.5271959985988381
UBFC_PHYS_s14_T1_ctrl,139,233,146.76666666666668,-1.2839962244033813,0.6329907364717932
UBFC_PHYS_s14_T1_ctrl,139,234,146.8,-0.9320892095565796,0.6797787894559528
UBFC_PHYS_s14_T1_ctrl,139,235,146.83333333333334,-0.2727459967136383,0.6674847480227907
UBFC_PHYS_s14_T1_ctrl,139,236,146.86666666666667,0.37482476234436035,0.5940447656611003
UBFC_PHYS_s14_T1_ctrl,139,237,146.9,0.8159546852111816,0.46018093619098355
UBFC_PHYS_s14_T1_ctrl,139,238,146.93333333333334,0.9633923172950745,0.27468163540699236
UBFC_PHYS_s14_T1_ctrl,139,239,146.96666666666667,0.8061255216598511,0.056190541095778396
UBFC_PHYS_s14_T1_ctrl,140,0,140.0,-0.040957748889923096,-0.06551748451620157
UBFC_PHYS_s14_T1_ctrl,140,1,140.03333333333333,-0.18338219821453094,0.1402141485669001
UBFC_PHYS_s14_T1_ctrl,140,2,140.06666666666666,-0.3270176947116852,0.30050680420046455
UBFC_PHYS_s14_T1_ctrl,140,3,140.1,-0.5429215431213379,0.38408145010902367
UBFC_PHYS_s14_T1_ctrl,140,4,140.13333333333333,-0.9078965187072754,0.38394977889396925
UBFC_PHYS_s14_T1_ctrl,140,5,140.16666666666666,-1.351138710975647,0.3161110925762335
UBFC_PHYS_s14_T1_ctrl,140,6,140.2,-1.6130903959274292,0.20889860915656194
UBFC_PHYS_s14_T1_ctrl,140,7,140.23333333333332,-1.440220832824707,0.08881283875000984
UBFC_PHYS_s14_T1_ctrl,140,8,140.26666666666668,-0.8230107426643372,-0.030130697922288664
UBFC_PHYS_s14_T1_ctrl,140,9,140.3,-0.04923791065812111,-0.1490110740705935
UBFC_PHYS_s14_T1_ctrl,140,10,140.33333333333334,0.5628745555877686,-0.27809030325232115
UBFC_PHYS_s14_T1_ctrl,140,11,140.36666666666667,0.8736905455589294,-0.42559906598074143
UBFC_PHYS_s14_T1_ctrl,140,12,140.4,0.8846462368965149,-0.5865468161318045
UBFC_PHYS_s14_T1_ctrl,140,13,140.43333333333334,0.6974694728851318,-0.7369461281620331
UBFC_PHYS_s14_T1_ctrl,140,14,140.46666666666667,0.5059555172920227,-0.836953009317776
UBFC_PHYS_s14_T1_ctrl,140,15,140.5,0.42670249938964844,-0.8429460212572462
UBFC_PHYS_s14_T1_ctrl,140,16,140.53333333333333,0.3755851686000824,-0.7244592157699208
UBFC_PHYS_s14_T1_ctrl,140,17,140.56666666666666,0.2563113868236542,-0.478906753134613
UBFC_PHYS_s14_T1_ctrl,140,18,140.6,0.09879113733768463,-0.13698621902549277
UBFC_PHYS_s14_T1_ctrl,140,19,140.63333333333333,-0.07159998267889023,0.24456319558472778
UBFC_PHYS_s14_T1_ctrl,140,20,140.66666666666666,-0.31654074788093567,0.5998554638315691
UBFC_PHYS_s14_T1_ctrl,140,21,140.7,-0.7012585401535034,0.8727038911470404
UBFC_PHYS_s14_T1_ctrl,140,22,140.73333333333332,-1.155907154083252,1.0298083253470562
UBFC_PHYS_s14_T1_ctrl,140,23,140.76666666666668,-1.4066777229309082,1.0643770706835392
UBFC_PHYS_s14_T1_ctrl,140,24,140.8,-1.1709465980529785,0.9906026069357522
UBFC_PHYS_s14_T1_ctrl,140,25,140.83333333333334,-0.505097508430481,0.83268695989824
UBFC_PHYS_s14_T1_ctrl,140,26,140.86666666666667,0.24853816628456116,0.6137085947806602
UBFC_PHYS_s14_T1_ctrl,140,27,140.9,0.8030275106430054,0.3492189380863698
UBFC_PHYS_s14_T1_ctrl,140,28,140.93333333333334,1.0684151649475098,0.04818179751171988
UBFC_PHYS_s14_T1_ctrl,140,29,140.96666666666667,1.0516014099121094,-0.2795726657199642
UBFC_PHYS_s14_T1_ctrl,140,30,141.0,0.848737359046936,-0.6135720692533742
UBFC_PHYS_s14_T1_ctrl,140,31,141.03333333333333,0.6489995718002319,-0.9164890934578465
UBFC_PHYS_s14_T1_ctrl,140,32,141.06666666666666,0.5545099377632141,-1.136344051476986
UBFC_PHYS_s14_T1_ctrl,140,33,141.1,0.4987737238407135,-1.218500167732613
UBFC_PHYS_s14_T1_ctrl,140,34,141.13333333333333,0.4020310044288635,-1.124224994015564
UBFC_PHYS_s14_T1_ctrl,140,35,141.16666666666666,0.27813833951950073,-0.8486187870829972
UBFC_PHYS_s14_T1_ctrl,140,36,141.2,0.1587800681591034,-0.42929641612075936
UBFC_PHYS_s14_T1_ctrl,140,37,141.23333333333332,-0.008963647298514843,0.060005148273115906
UBFC_PHYS_s14_T1_ctrl,140,38,141.26666666666668,-0.33183369040489197,0.5300239682632562
UBFC_PHYS_s14_T1_ctrl,140,39,141.3,-0.8174343109130859,0.902605397953369
UBFC_PHYS_s14_T1_ctrl,140,40,141.33333333333334,-1.260591983795166,1.1315918716753566
UBFC_PHYS_s14_T1_ctrl,140,41,141.36666666666667,-1.3291709423065186,1.2090485736440144
UBFC_PHYS_s14_T1_ctrl,140,42,141.4,-0.8650875091552734,1.1561765326174436
UBFC_PHYS_s14_T1_ctrl,140,43,141.43333333333334,-0.0745290219783783,1.0060930200282554
UBFC_PHYS_s14_T1_ctrl,140,44,141.46666666666667,0.6844296455383301,0.7878495058316972
UBFC_PHYS_s14_T1_ctrl,140,45,141.5,1.191772699356079,0.5182563506598895
UBFC_PHYS_s14_T1_ctrl,140,46,141.53333333333333,1.3874831199645996,0.20359121378554473
UBFC_PHYS_s14_T1_ctrl,140,47,141.56666666666666,1.3336338996887207,-0.1509963270404175
UBFC_PHYS_s14_T1_ctrl,140,48,141.6,1.1460628509521484,-0.5296498340074083
UBFC_PHYS_s14_T1_ctrl,140,49,141.63333333333333,0.9611110091209412,-0.8977836698133767
UBFC_PHYS_s14_T1_ctrl,140,50,141.66666666666666,0.864509105682373,-1.202603395572827
UBFC_PHYS_s14_T1_ctrl,140,51,141.7,0.8198412656784058,-1.383479281608384
UBFC_PHYS_s14_T1_ctrl,140,52,141.73333333333332,0.7189303040504456,-1.3893943816274488
UBFC_PHYS_s14_T1_ctrl,140,53,141.76666666666668,0.5162071585655212,-1.1973768740263147
UBFC_PHYS_s14_T1_ctrl,140,54,141.8,0.2447078973054886,-0.8245851301315059
UBFC_PHYS_s14_T1_ctrl,140,55,141.83333333333334,-0.04842115938663483,-0.3283083923018294
UBFC_PHYS_s14_T1_ctrl,140,56,141.86666666666667,-0.3521116375923157,0.20752438380535268
UBFC_PHYS_s14_T1_ctrl,140,57,141.9,-0.7251695990562439,0.6948421586100157
UBFC_PHYS_s14_T1_ctrl,140,58,141.93333333333334,-1.1841835975646973,1.0636121148922795
UBFC_PHYS_s14_T1_ctrl,140,59,141.96666666666667,-1.5207130908966064,1.2744319829087758
UBFC_PHYS_s14_T1_ctrl,140,60,142.0,-1.4042274951934814,1.318287642978629
UBFC_PHYS_s14_T1_ctrl,140,61,142.03333333333333,-0.75017911195755,1.2074802606431618
UBFC_PHYS_s14_T1_ctrl,140,62,142.06666666666666,0.11087341606616974,0.9648794484158123
UBFC_PHYS_s14_T1_ctrl,140,63,142.1,0.7987184524536133,0.6172096537837086
UBFC_PHYS_s14_T1_ctrl,140,64,142.13333333333333,1.1477807760238647,0.1943735697824676
UBFC_PHYS_s14_T1_ctrl,140,65,142.16666666666666,1.1958564519882202,-0.26692179785299525
UBFC_PHYS_s14_T1_ctrl,140,66,142.2,1.0541361570358276,-0.7192576745511157
UBFC_PHYS_s14_T1_ctrl,140,67,142.23333333333332,0.8640866279602051,-1.104621794487111
UBFC_PHYS_s14_T1_ctrl,140,68,142.26666666666668,0.769625186920166,-1.3612786248454116
UBFC_PHYS_s14_T1_ctrl,140,69,142.3,0.8102092742919922,-1.437096451569198
UBFC_PHYS_s14_T1_ctrl,140,70,142.33333333333334,0.8722541928291321,-1.3055013301890552
UBFC_PHYS_s14_T1_ctrl,140,71,142.36666666666667,0.8367114067077637,-0.97770796716815
UBFC_PHYS_s14_T1_ctrl,140,72,142.4,0.7045104503631592,-0.5049122274841866
UBFC_PHYS_s14_T1_ctrl,140,73,142.43333333333334,0.5142356753349304,0.03245135752496899
UBFC_PHYS_s14_T1_ctrl,140,74,142.46666666666667,0.25135454535484314,0.5454112732058328
UBFC_PHYS_s14_T1_ctrl,140,75,142.5,-0.07771153748035431,0.9590028305262575
UBFC_PHYS_s14_T1_ctrl,140,76,142.53333333333333,-0.45806393027305603,1.2274026041053292
UBFC_PHYS_s14_T1_ctrl,140,77,142.56666666666666,-0.9340324997901917,1.336337705622462
UBFC_PHYS_s14_T1_ctrl,140,78,142.6,-1.382682204246521,1.2945120081949337
UBFC_PHYS_s14_T1_ctrl,140,79,142.63333333333333,-1.4552885293960571,1.1212420497689704
UBFC_PHYS_s14_T1_ctrl,140,80,142.66666666666666,-1.023171067237854,0.8377543750497943
UBFC_PHYS_s14_T1_ctrl,140,81,142.7,-0.36861565709114075,0.4657154963215869
UBFC_PHYS_s14_T1_ctrl,140,82,142.73333333333332,0.19342157244682312,0.03181927847996732
UBFC_PHYS_s14_T1_ctrl,140,83,142.76666666666668,0.5125458240509033,-0.4259919300104929
UBFC_PHYS_s14_T1_ctrl,140,84,142.8,0.5393296480178833,-0.8558033037722125
UBFC_PHYS_s14_T1_ctrl,140,85,142.83333333333334,0.3972713053226471,-1.1959432697892918
UBFC_PHYS_s14_T1_ctrl,140,86,142.86666666666667,0.3127516806125641,-1.3864528271198893
UBFC_PHYS_s14_T1_ctrl,140,87,142.9,0.35623663663864136,-1.3847773098823468
UBFC_PHYS_s14_T1_ctrl,140,88,142.93333333333334,0.40208733081817627,-1.180259081688866
UBFC_PHYS_s14_T1_ctrl,140,89,142.96666666666667,0.34894219040870667,-0.8014190804593271
UBFC_PHYS_s14_T1_ctrl,140,90,143.0,0.223922997713089,-0.311757302949023
UBFC_PHYS_s14_T1_ctrl,140,91,143.03333333333333,0.07868216186761856,0.20593526438198603
UBFC_PHYS_s14_T1_ctrl,140,92,143.06666666666666,-0.1194784864783287,0.6712594307606065
UBFC_PHYS_s14_T1_ctrl,140,93,143.1,-0.43925049901008606,1.0250253703481096
UBFC_PHYS_s14_T1_ctrl,140,94,143.13333333333333,-0.8685798048973083,1.2377775099070187
UBFC_PHYS_s14_T1_ctrl,140,95,143.16666666666666,-1.2390466928482056,1.3061085497097764
UBFC_PHYS_s14_T1_ctrl,140,96,143.2,-1.2643941640853882,1.241241984135956
UBFC_PHYS_s14_T1_ctrl,140,97,143.23333333333332,-0.7990996837615967,1.0577621815652143
UBFC_PHYS_s14_T1_ctrl,140,98,143.26666666666668,-0.05746174976229668,0.768774020146794
UBFC_PHYS_s14_T1_ctrl,140,99,143.3,0.5857999324798584,0.38898060302956894
UBFC_PHYS_s14_T1_ctrl,140,100,143.33333333333334,0.9488597512245178,-0.05749704499615332
UBFC_PHYS_s14_T1_ctrl,140,101,143.36666666666667,1.0075249671936035,-0.5301447141458313
UBFC_PHYS_s14_T1_ctrl,140,102,143.4,0.8159546852111816,-0.9710428179282792
UBFC_PHYS_s14_T1_ctrl,140,103,143.43333333333334,0.5459199547767639,-1.312219690084989
UBFC_PHYS_s14_T1_ctrl,140,104,143.46666666666667,0.3662911057472229,-1.4901601495484125
UBFC_PHYS_s14_T1_ctrl,140,105,143.5,0.28560176491737366,-1.4631640303458853
UBFC_PHYS_s14_T1_ctrl,140,106,143.53333333333333,0.2031380981206894,-1.2256679568391806
UBFC_PHYS_s14_T1_ctrl,140,107,143.56666666666666,0.07755561172962189,-0.813834594217538
UBFC_PHYS_s14_T1_ctrl,140,108,143.6,-0.048730961978435516,-0.29880792215477214
UBFC_PHYS_s14_T1_ctrl,140,109,143.63333333333333,-0.18709981441497803,0.23150037176444527
UBFC_PHYS_s14_T1_ctrl,140,110,143.66666666666666,-0.4465167820453644,0.695484328718651
UBFC_PHYS_s14_T1_ctrl,140,111,143.7,-0.8758178949356079,1.0361385135359837
UBFC_PHYS_s14_T1_ctrl,140,112,143.73333333333332,-1.31979238986969,1.2275706095989938
UBFC_PHYS_s14_T1_ctrl,140,113,143.76666666666668,-1.4837621450424194,1.2692359646734834
UBFC_PHYS_s14_T1_ctrl,140,114,143.8,-1.1799026727676392,1.173610674872667
UBFC_PHYS_s14_T1_ctrl,140,115,143.83333333333334,-0.5135466456413269,0.9555830162825729
UBFC_PHYS_s14_T1_ctrl,140,116,143.86666666666667,0.21674121916294098,0.6295822992398098
UBFC_PHYS_s14_T1_ctrl,140,117,143.9,0.7496289014816284,0.21499419704660006
UBFC_PHYS_s14_T1_ctrl,140,118,143.93333333333334,0.9782346487045288,-0.2550055904225177
UBFC_PHYS_s14_T1_ctrl,140,119,143.96666666666667,0.9308067560195923,-0.7281794657352951
UBFC_PHYS_s14_T1_ctrl,140,120,144.0,0.7321391701698303,-1.136210127138716
UBFC_PHYS_s14_T1_ctrl,140,121,144.03333333333333,0.5337250232696533,-1.4063703210938312
UBFC_PHYS_s14_T1_ctrl,140,122,144.06666666666666,0.4005383253097534,-1.4789772893103847
UBFC_PHYS_s14_T1_ctrl,140,123,144.1,0.29658564925193787,-1.3255900436491648
UBFC_PHYS_s14_T1_ctrl,140,124,144.13333333333333,0.1777624934911728,-0.9615364645096841
UBFC_PHYS_s14_T1_ctrl,140,125,144.16666666666666,0.04789910838007927,-0.44676797910415655
UBFC_PHYS_s14_T1_ctrl,140,126,144.2,-0.0809222087264061,0.127609832541097
UBFC_PHYS_s14_T1_ctrl,140,127,144.23333333333332,-0.2627760171890259,0.6637811186766759
UBFC_PHYS_s14_T1_ctrl,140,128,144.26666666666668,-0.607332170009613,1.0831639647973088
UBFC_PHYS_s14_T1_ctrl,140,129,144.3,-1.0911866426467896,1.3427869705393485
UBFC_PHYS_s14_T1_ctrl,140,130,144.33333333333334,-1.4477406740188599,1.4362905243815598
UBFC_PHYS_s14_T1_ctrl,140,131,144.36666666666667,-1.3756976127624512,1.3821166792224444
UBFC_PHYS_s14_T1_ctrl,140,132,144.4,-0.8502169847488403,1.2072727875053861
UBFC_PHYS_s14_T1_ctrl,140,133,144.43333333333334,-0.1470508575439453,0.9355590863362949
UBFC_PHYS_s14_T1_ctrl,140,134,144.46666666666667,0.44588208198547363,0.5849125786999638
UBFC_PHYS_s14_T1_ctrl,140,135,144.5,0.8208552002906799,0.17270994584805233
UBFC_PHYS_s14_T1_ctrl,140,136,144.53333333333333,0.9665747880935669,-0.27603105988842525
UBFC_PHYS_s14_T1_ctrl,140,137,144.56666666666666,0.9167529940605164,-0.7230935412997116
UBFC_PHYS_s14_T1_ctrl,140,138,144.6,0.7618801593780518,-1.1173857468563952
UBFC_PHYS_s14_T1_ctrl,140,139,144.63333333333333,0.6131470203399658,-1.4015159555893388
UBFC_PHYS_s14_T1_ctrl,140,140,144.66666666666666,0.5076735019683838,-1.52325780304113
UBFC_PHYS_s14_T1_ctrl,140,141,144.7,0.4066780209541321,-1.4494217153102922
UBFC_PHYS_s14_T1_ctrl,140,142,144.73333333333332,0.26152169704437256,-1.1782167937464698
UBFC_PHYS_s14_T1_ctrl,140,143,144.76666666666668,0.07471106946468353,-0.745167559600134
UBFC_PHYS_s14_T1_ctrl,140,144,144.8,-0.14674106240272522,-0.21851784736065127
UBFC_PHYS_s14_T1_ctrl,140,145,144.83333333333334,-0.4629926085472107,0.31629188337753283
UBFC_PHYS_s14_T1_ctrl,140,146,144.86666666666667,-0.9106847047805786,0.7780668938926419
UBFC_PHYS_s14_T1_ctrl,140,147,144.9,-1.3744020462036133,1.1085914740389973
UBFC_PHYS_s14_T1_ctrl,140,148,144.93333333333334,-1.6118793487548828,1.2812081007200555
UBFC_PHYS_s14_T1_ctrl,140,149,144.96666666666667,-1.4280540943145752,1.2972141466772835
UBFC_PHYS_s14_T1_ctrl,140,150,145.0,-0.8432042002677917,1.1744506042771352
UBFC_PHYS_s14_T1_ctrl,140,151,145.03333333333333,-0.10001727938652039,0.9357722105920082
UBFC_PHYS_s14_T1_ctrl,140,152,145.06666666666666,0.5296131372451782,0.603312228341963
UBFC_PHYS_s14_T1_ctrl,140,153,145.1,0.9124439358711243,0.19979136807561795
UBFC_PHYS_s14_T1_ctrl,140,154,145.13333333333333,1.0230432748794556,-0.2458895331100414
UBFC_PHYS_s14_T1_ctrl,140,155,145.16666666666666,0.926328718662262,-0.6932628315298217
UBFC_PHYS_s14_T1_ctrl,140,156,145.2,0.7614576816558838,-1.0891145655181453
UBFC_PHYS_s14_T1_ctrl,140,157,145.23333333333332,0.647901177406311,-1.372683624605656
UBFC_PHYS_s14_T1_ctrl,140,158,145.26666666666668,0.5981357097625732,-1.487155218414211
UBFC_PHYS_s14_T1_ctrl,140,159,145.3,0.540259063243866,-1.394993339811087
UBFC_PHYS_s14_T1_ctrl,140,160,145.33333333333334,0.4150145351886749,-1.0924417009628602
UBFC_PHYS_s14_T1_ctrl,140,161,145.36666666666667,0.21595263481140137,-0.6172871238143004
UBFC_PHYS_s14_T1_ctrl,140,162,145.4,-0.04661867767572403,-0.044882953927155904
UBFC_PHYS_s14_T1_ctrl,140,163,145.43333333333334,-0.38359880447387695,0.52855272685694
UBFC_PHYS_s14_T1_ctrl,140,164,145.46666666666667,-0.8339383006095886,1.0101859002812907
UBFC_PHYS_s14_T1_ctrl,140,165,145.5,-1.3670512437820435,1.3328550550673437
UBFC_PHYS_s14_T1_ctrl,140,166,145.53333333333333,-1.74264395236969,1.4668128211995435
UBFC_PHYS_s14_T1_ctrl,140,167,145.56666666666666,-1.6590256690979004,1.4178627434245594
UBFC_PHYS_s14_T1_ctrl,140,168,145.6,-1.0882294178009033,1.215524377061573
UBFC_PHYS_s14_T1_ctrl,140,169,145.63333333333333,-0.31020388007164,0.8986918411096504
UBFC_PHYS_s14_T1_ctrl,140,170,145.66666666666666,0.3786831796169281,0.5052811121750246
UBFC_PHYS_s14_T1_ctrl,140,171,145.7,0.8404572010040283,0.06859092317301921
UBFC_PHYS_s14_T1_ctrl,140,172,145.73333333333332,1.0414624214172363,-0.3803962429531456
UBFC_PHYS_s14_T1_ctrl,140,173,145.76666666666668,0.9929361343383789,-0.8077501721852917
UBFC_PHYS_s14_T1_ctrl,140,174,145.8,0.7789474129676819,-1.1723576349315883
UBFC_PHYS_s14_T1_ctrl,140,175,145.83333333333334,0.5618888735771179,-1.4263828599812722
UBFC_PHYS_s14_T1_ctrl,140,176,145.86666666666667,0.4678780138492584,-1.522319139921878
UBFC_PHYS_s14_T1_ctrl,140,177,145.9,0.4620199501514435,-1.42567306056042
UBFC_PHYS_s14_T1_ctrl,140,178,145.93333333333334,0.40822702646255493,-1.129254329055943
UBFC_PHYS_s14_T1_ctrl,140,179,145.96666666666667,0.25352317094802856,-0.6630129673990248
UBFC_PHYS_s14_T1_ctrl,140,180,146.0,0.05198286101222038,-0.09366276704389052
UBFC_PHYS_s14_T1_ctrl,140,181,146.03333333333333,-0.16031602025032043,0.4882075433936374
UBFC_PHYS_s14_T1_ctrl,140,182,146.06666666666666,-0.4536985456943512,0.9900657061286022
UBFC_PHYS_s14_T1_ctrl,140,183,146.1,-0.9136700630187988,1.3401185143602863
UBFC_PHYS_s14_T1_ctrl,140,184,146.13333333333333,-1.425519347190857,1.5017954710068948
UBFC_PHYS_s14_T1_ctrl,140,185,146.16666666666666,-1.656716227531433,1.4752429187496665
UBFC_PHYS_s14_T1_ctrl,140,186,146.2,-1.3702619075775146,1.2877859406098247
UBFC_PHYS_s14_T1_ctrl,140,187,146.23333333333332,-0.6695179343223572,0.9802020709828613
UBFC_PHYS_s14_T1_ctrl,140,188,146.26666666666668,0.12475817650556564,0.5956061123226164
UBFC_PHYS_s14_T1_ctrl,140,189,146.3,0.7340824604034424,0.17414492123710654
UBFC_PHYS_s14_T1_ctrl,140,190,146.33333333333334,1.033492088317871,-0.24719978834300307
UBFC_PHYS_s14_T1_ctrl,140,191,146.36666666666667,1.0220293998718262,-0.632633763814315
UBFC_PHYS_s14_T1_ctrl,140,192,146.4,0.8249952793121338,-0.9464747502896742
UBFC_PHYS_s14_T1_ctrl,140,193,146.43333333333334,0.6362413167953491,-1.154865096959428
UBFC_PHYS_s14_T1_ctrl,140,194,146.46666666666667,0.5560026168823242,-1.2306364402956815
UBFC_PHYS_s14_T1_ctrl,140,195,146.5,0.5065469145774841,-1.160193982501585
UBFC_PHYS_s14_T1_ctrl,140,196,146.53333333333333,0.37524721026420593,-0.9499557275301498
UBFC_PHYS_s14_T1_ctrl,140,197,146.56666666666666,0.18866188824176788,-0.629180534471199
UBFC_PHYS_s14_T1_ctrl,140,198,146.6,0.0050056083127856255,-0.24657634515460652
UBFC_PHYS_s14_T1_ctrl,140,199,146.63333333333333,-0.19529548287391663,0.13964132806691876
UBFC_PHYS_s14_T1_ctrl,140,200,146.66666666666666,-0.45961296558380127,0.4751666186866013
UBFC_PHYS_s14_T1_ctrl,140,201,146.7,-0.8100835680961609,0.7210670323771683
UBFC_PHYS_s14_T1_ctrl,140,202,146.73333333333332,-1.1720168590545654,0.858529829296162
UBFC_PHYS_s14_T1_ctrl,140,203,146.76666666666668,-1.2839962244033813,0.8857854448922584
UBFC_PHYS_s14_T1_ctrl,140,204,146.8,-0.9320892095565796,0.8106972675573938
UBFC_PHYS_s14_T1_ctrl,140,205,146.83333333333334,-0.2727459967136383,0.6446681259154585
UBFC_PHYS_s14_T1_ctrl,140,206,146.86666666666667,0.37482476234436035,0.4014623489499597
UBFC_PHYS_s14_T1_ctrl,140,207,146.9,0.8159546852111816,0.10041966406378729
UBFC_PHYS_s14_T1_ctrl,140,208,146.93333333333334,0.9633923172950745,-0.22936730437221256
UBFC_PHYS_s14_T1_ctrl,140,209,146.96666666666667,0.8061255216598511,-0.5477404463356823
UBFC_PHYS_s14_T1_ctrl,140,210,147.0,0.5006325244903564,-0.8072202910068869
UBFC_PHYS_s14_T1_ctrl,140,211,147.03333333333333,0.28441888093948364,-0.9616390983781992
UBFC_PHYS_s14_T1_ctrl,140,212,147.06666666666666,0.2238103300333023,-0.9775767119889288
UBFC_PHYS_s14_T1_ctrl,140,213,147.1,0.1895349621772766,-0.8452148104892927
UBFC_PHYS_s14_T1_ctrl,140,214,147.13333333333333,0.06367085129022598,-0.5845257252763998
UBFC_PHYS_s14_T1_ctrl,140,215,147.16666666666666,-0.11995726823806763,-0.24320373372771645
UBFC_PHYS_s14_T1_ctrl,140,216,147.2,-0.29569950699806213,0.11493545193673202
UBFC_PHYS_s14_T1_ctrl,140,217,147.23333333333332,-0.5183627009391785,0.4282768622292711
UBFC_PHYS_s14_T1_ctrl,140,218,147.26666666666668,-0.8867736458778381,0.6553592840369636
UBFC_PHYS_s14_T1_ctrl,140,219,147.3,-1.350490927696228,0.7841747588654309
UBFC_PHYS_s14_T1_ctrl,140,220,147.33333333333334,-1.6815003156661987,0.8283938629228885
UBFC_PHYS_s14_T1_ctrl,140,221,147.36666666666667,-1.6192301511764526,0.8129904147409774
UBFC_PHYS_s14_T1_ctrl,140,222,147.4,-1.0719225406646729,0.7575171484944294
UBFC_PHYS_s14_T1_ctrl,140,223,147.43333333333334,-0.2500459551811218,0.6663437504266247
UBFC_PHYS_s14_T1_ctrl,140,224,147.46666666666667,0.48604369163513184,0.5306416100995157
UBFC_PHYS_s14_T1_ctrl,140,225,147.5,0.9209775924682617,0.3399118929809209
UBFC_PHYS_s14_T1_ctrl,140,226,147.53333333333333,1.0274085998535156,0.09582681192236715
UBFC_PHYS_s14_T1_ctrl,140,227,147.56666666666666,0.8886736631393433,-0.17930496976968333
UBFC_PHYS_s14_T1_ctrl,140,228,147.6,0.658293604850769,-0.4433699160646965
UBFC_PHYS_s14_T1_ctrl,140,229,147.63333333333333,0.5071102380752563,-0.6438665307106406
UBFC_PHYS_s14_T1_ctrl,140,230,147.66666666666666,0.4588092565536499,-0.7326859823595465
UBFC_PHYS_s14_T1_ctrl,140,231,147.7,0.3986513316631317,-0.682170143556424
UBFC_PHYS_s14_T1_ctrl,140,232,147.73333333333332,0.2565930187702179,-0.4976754948346727
UBFC_PHYS_s14_T1_ctrl,140,233,147.76666666666668,0.0643467828631401,-0.22172587330893673
UBFC_PHYS_s14_T1_ctrl,140,234,147.8,-0.14040420949459076,0.07359831457295725
UBFC_PHYS_s14_T1_ctrl,140,235,147.83333333333334,-0.4034261405467987,0.305656689865145
UBFC_PHYS_s14_T1_ctrl,140,236,147.86666666666667,-0.8160260915756226,0.4063393710759236
UBFC_PHYS_s14_T1_ctrl,140,237,147.9,-1.3765143156051636,0.3444768092843962
UBFC_PHYS_s14_T1_ctrl,140,238,147.93333333333334,-1.8562287092208862,0.13707996400151173
UBFC_PHYS_s14_T1_ctrl,140,239,147.96666666666667,-1.9196817874908447,-0.1549083834779888
UBFC_PHYS_s14_T1_ctrl,141,0,141.0,0.848737359046936,0.07906663730296262
UBFC_PHYS_s14_T1_ctrl,141,1,141.03333333333333,0.6489995718002319,-0.10116607215812459
UBFC_PHYS_s14_T1_ctrl,141,2,141.06666666666666,0.5545099377632141,-0.21461056371383042
UBFC_PHYS_s14_T1_ctrl,141,3,141.1,0.4987737238407135,-0.20970557354578614
UBFC_PHYS_s14_T1_ctrl,141,4,141.13333333333333,0.4020310044288635,-0.06375740667459459
UBFC_PHYS_s14_T1_ctrl,141,5,141.16666666666666,0.27813833951950073,0.21063960521100825
UBFC_PHYS_s14_T1_ctrl,141,6,141.2,0.1587800681591034,0.5679074696294621
UBFC_PHYS_s14_T1_ctrl,141,7,141.23333333333332,-0.008963647298514843,0.9408588787101496
UBFC_PHYS_s14_T1_ctrl,141,8,141.26666666666668,-0.33183369040489197,1.2580299843087048
UBFC_PHYS_s14_T1_ctrl,141,9,141.3,-0.8174343109130859,1.4611990139598647
UBFC_PHYS_s14_T1_ctrl,141,10,141.33333333333334,-1.260591983795166,1.5174025789847667
UBFC_PHYS_s14_T1_ctrl,141,11,141.36666666666667,-1.3291709423065186,1.4223675202837063
UBFC_PHYS_s14_T1_ctrl,141,12,141.4,-0.8650875091552734,1.1958269058968654
UBFC_PHYS_s14_T1_ctrl,141,13,141.43333333333334,-0.0745290219783783,0.8720037478734295
UBFC_PHYS_s14_T1_ctrl,141,14,141.46666666666667,0.6844296455383301,0.48953849664856885
UBFC_PHYS_s14_T1_ctrl,141,15,141.5,1.191772699356079,0.0842726722223026
UBFC_PHYS_s14_T1_ctrl,141,16,141.53333333333333,1.3874831199645996,-0.31366318148379374
UBFC_PHYS_s14_T1_ctrl,141,17,141.56666666666666,1.3336338996887207,-0.6789992467561365
UBFC_PHYS_s14_T1_ctrl,141,18,141.6,1.1460628509521484,-0.9884939270221844
UBFC_PHYS_s14_T1_ctrl,141,19,141.63333333333333,0.9611110091209412,-1.218349911986838
UBFC_PHYS_s14_T1_ctrl,141,20,141.66666666666666,0.864509105682373,-1.3439738830458294
UBFC_PHYS_s14_T1_ctrl,141,21,141.7,0.8198412656784058,-1.3433444739143894
UBFC_PHYS_s14_T1_ctrl,141,22,141.73333333333332,0.7189303040504456,-1.2036930410461029
UBFC_PHYS_s14_T1_ctrl,141,23,141.76666666666668,0.5162071585655212,-0.9293738671322649
UBFC_PHYS_s14_T1_ctrl,141,24,141.8,0.2447078973054886,-0.5474815754045936
UBFC_PHYS_s14_T1_ctrl,141,25,141.83333333333334,-0.04842115938663483,-0.10773270109279612
UBFC_PHYS_s14_T1_ctrl,141,26,141.86666666666667,-0.3521116375923157,0.3251933183050379
UBFC_PHYS_s14_T1_ctrl,141,27,141.9,-0.7251695990562439,0.6854415046452479
UBFC_PHYS_s14_T1_ctrl,141,28,141.93333333333334,-1.1841835975646973,0.9210451417035251
UBFC_PHYS_s14_T1_ctrl,141,29,141.96666666666667,-1.5207130908966064,1.0042806165499483
UBFC_PHYS_s14_T1_ctrl,141,30,142.0,-1.4042274951934814,0.9338459588384942
UBFC_PHYS_s14_T1_ctrl,141,31,142.03333333333333,-0.75017911195755,0.729696001369597
UBFC_PHYS_s14_T1_ctrl,141,32,142.06666666666666,0.11087341606616974,0.4245241330785559
UBFC_PHYS_s14_T1_ctrl,141,33,142.1,0.7987184524536133,0.05642995075956732
UBFC_PHYS_s14_T1_ctrl,141,34,142.13333333333333,1.1477807760238647,-0.33459440028708337
UBFC_PHYS_s14_T1_ctrl,141,35,142.16666666666666,1.1958564519882202,-0.7067356526799663
UBFC_PHYS_s14_T1_ctrl,141,36,142.2,1.0541361570358276,-1.0157323358012136
UBFC_PHYS_s14_T1_ctrl,141,37,142.23333333333332,0.8640866279602051,-1.2167723902022536
UBFC_PHYS_s14_T1_ctrl,141,38,142.26666666666668,0.769625186920166,-1.2705567519098915
UBFC_PHYS_s14_T1_ctrl,141,39,142.3,0.8102092742919922,-1.1526353096121815
UBFC_PHYS_s14_T1_ctrl,141,40,142.33333333333334,0.8722541928291321,-0.8630124318774135
UBFC_PHYS_s14_T1_ctrl,141,41,142.36666666666667,0.8367114067077637,-0.43193279853313643
UBFC_PHYS_s14_T1_ctrl,141,42,142.4,0.7045104503631592,0.08192333219479915
UBFC_PHYS_s14_T1_ctrl,141,43,142.43333333333334,0.5142356753349304,0.6021560492571396
UBFC_PHYS_s14_T1_ctrl,141,44,142.46666666666667,0.25135454535484314,1.0514084466280011
UBFC_PHYS_s14_T1_ctrl,141,45,142.5,-0.07771153748035431,1.3680221806738442
UBFC_PHYS_s14_T1_ctrl,141,46,142.53333333333333,-0.45806393027305603,1.5165035034869214
UBFC_PHYS_s14_T1_ctrl,141,47,142.56666666666666,-0.9340324997901917,1.4890300292875762
UBFC_PHYS_s14_T1_ctrl,141,48,142.6,-1.382682204246521,1.2997078208374153
UBFC_PHYS_s14_T1_ctrl,141,49,142.63333333333333,-1.4552885293960571,0.9762059681170898
UBFC_PHYS_s14_T1_ctrl,141,50,142.66666666666666,-1.023171067237854,0.5531828343092584
UBFC_PHYS_s14_T1_ctrl,141,51,142.7,-0.36861565709114075,0.06953080544828101
UBFC_PHYS_s14_T1_ctrl,141,52,142.73333333333332,0.19342157244682312,-0.4311629868365205
UBFC_PHYS_s14_T1_ctrl,141,53,142.76666666666668,0.5125458240509033,-0.8993276239029726
UBFC_PHYS_s14_T1_ctrl,141,54,142.8,0.5393296480178833,-1.280246891943472
UBFC_PHYS_s14_T1_ctrl,141,55,142.83333333333334,0.3972713053226471,-1.5192508387246055
UBFC_PHYS_s14_T1_ctrl,141,56,142.86666666666667,0.3127516806125641,-1.5716438359424565
UBFC_PHYS_s14_T1_ctrl,141,57,142.9,0.35623663663864136,-1.4152339478541296
UBFC_PHYS_s14_T1_ctrl,141,58,142.93333333333334,0.40208733081817627,-1.0609909483478386
UBFC_PHYS_s14_T1_ctrl,141,59,142.96666666666667,0.34894219040870667,-0.5565033690120653
UBFC_PHYS_s14_T1_ctrl,141,60,143.0,0.223922997713089,0.021386623808198692
UBFC_PHYS_s14_T1_ctrl,141,61,143.03333333333333,0.07868216186761856,0.5839644324600607
UBFC_PHYS_s14_T1_ctrl,141,62,143.06666666666666,-0.1194784864783287,1.051830402653201
UBFC_PHYS_s14_T1_ctrl,141,63,143.1,-0.43925049901008606,1.371196601515112
UBFC_PHYS_s14_T1_ctrl,141,64,143.13333333333333,-0.8685798048973083,1.5194338274352495
UBFC_PHYS_s14_T1_ctrl,141,65,143.16666666666666,-1.2390466928482056,1.499912178488524
UBFC_PHYS_s14_T1_ctrl,141,66,143.2,-1.2643941640853882,1.331106219578924
UBFC_PHYS_s14_T1_ctrl,141,67,143.23333333333332,-0.7990996837615967,1.0365541096529012
UBFC_PHYS_s14_T1_ctrl,141,68,143.26666666666668,-0.05746174976229668,0.6403648052111006
UBFC_PHYS_s14_T1_ctrl,141,69,143.3,0.5857999324798584,0.16914319869128092
UBFC_PHYS_s14_T1_ctrl,141,70,143.33333333333334,0.9488597512245178,-0.342367076160314
UBFC_PHYS_s14_T1_ctrl,141,71,143.36666666666667,1.0075249671936035,-0.8464445471722248
UBFC_PHYS_s14_T1_ctrl,141,72,143.4,0.8159546852111816,-1.28249522946473
UBFC_PHYS_s14_T1_ctrl,141,73,143.43333333333334,0.5459199547767639,-1.584242869924057
UBFC_PHYS_s14_T1_ctrl,141,74,143.46666666666667,0.3662911057472229,-1.693447334815188
UBFC_PHYS_s14_T1_ctrl,141,75,143.5,0.28560176491737366,-1.5767717206621616
UBFC_PHYS_s14_T1_ctrl,141,76,143.53333333333333,0.2031380981206894,-1.2400825123439903
UBFC_PHYS_s14_T1_ctrl,141,77,143.56666666666666,0.07755561172962189,-0.7336465870827175
UBFC_PHYS_s14_T1_ctrl,141,78,143.6,-0.048730961978435516,-0.1435640137942274
UBFC_PHYS_s14_T1_ctrl,141,79,143.63333333333333,-0.18709981441497803,0.4298542647316764
UBFC_PHYS_s14_T1_ctrl,141,80,143.66666666666666,-0.4465167820453644,0.8988756679530883
UBFC_PHYS_s14_T1_ctrl,141,81,143.7,-0.8758178949356079,1.2087649819654194
UBFC_PHYS_s14_T1_ctrl,141,82,143.73333333333332,-1.31979238986969,1.3438427147606904
UBFC_PHYS_s14_T1_ctrl,141,83,143.76666666666668,-1.4837621450424194,1.3190843101989893
UBFC_PHYS_s14_T1_ctrl,141,84,143.8,-1.1799026727676392,1.1639460700291353
UBFC_PHYS_s14_T1_ctrl,141,85,143.83333333333334,-0.5135466456413269,0.9075312997647681
UBFC_PHYS_s14_T1_ctrl,141,86,143.86666666666667,0.21674121916294098,0.5718573937536627
UBFC_PHYS_s14_T1_ctrl,141,87,143.9,0.7496289014816284,0.1748548602354497
UBFC_PHYS_s14_T1_ctrl,141,88,143.93333333333334,0.9782346487045288,-0.26030776038400866
UBFC_PHYS_s14_T1_ctrl,141,89,143.96666666666667,0.9308067560195923,-0.6958904748911428
UBFC_PHYS_s14_T1_ctrl,141,90,144.0,0.7321391701698303,-1.0765107235417015
UBFC_PHYS_s14_T1_ctrl,141,91,144.03333333333333,0.5337250232696533,-1.3359305276281737
UBFC_PHYS_s14_T1_ctrl,141,92,144.06666666666666,0.4005383253097534,-1.413106690656217
UBFC_PHYS_s14_T1_ctrl,141,93,144.1,0.29658564925193787,-1.2725992236880763
UBFC_PHYS_s14_T1_ctrl,141,94,144.13333333333333,0.1777624934911728,-0.9215017771610778
UBFC_PHYS_s14_T1_ctrl,141,95,144.16666666666666,0.04789910838007927,-0.4148679359448975
UBFC_PHYS_s14_T1_ctrl,141,96,144.2,-0.0809222087264061,0.1550386106319338
UBFC_PHYS_s14_T1_ctrl,141,97,144.23333333333332,-0.2627760171890259,0.6836520646743389
UBFC_PHYS_s14_T1_ctrl,141,98,144.26666666666668,-0.607332170009613,1.0836295674451162
UBFC_PHYS_s14_T1_ctrl,141,99,144.3,-1.0911866426467896,1.3063240616154357
UBFC_PHYS_s14_T1_ctrl,141,100,144.33333333333334,-1.4477406740188599,1.3469132749441628
UBFC_PHYS_s14_T1_ctrl,141,101,144.36666666666667,-1.3756976127624512,1.23354895902329
UBFC_PHYS_s14_T1_ctrl,141,102,144.4,-0.8502169847488403,1.0081430172687655
UBFC_PHYS_s14_T1_ctrl,141,103,144.43333333333334,-0.1470508575439453,0.708823553557336
UBFC_PHYS_s14_T1_ctrl,141,104,144.46666666666667,0.44588208198547363,0.3613299580230019
UBFC_PHYS_s14_T1_ctrl,141,105,144.5,0.8208552002906799,-0.01884907346232821
UBFC_PHYS_s14_T1_ctrl,141,106,144.53333333333333,0.9665747880935669,-0.4167881195875515
UBFC_PHYS_s14_T1_ctrl,141,107,144.56666666666666,0.9167529940605164,-0.8069382695142004
UBFC_PHYS_s14_T1_ctrl,141,108,144.6,0.7618801593780518,-1.1468228845300061
UBFC_PHYS_s14_T1_ctrl,141,109,144.63333333333333,0.6131470203399658,-1.3800540478709467
UBFC_PHYS_s14_T1_ctrl,141,110,144.66666666666666,0.5076735019683838,-1.4495100151881815
UBFC_PHYS_s14_T1_ctrl,141,111,144.7,0.4066780209541321,-1.3170599494502073
UBFC_PHYS_s14_T1_ctrl,141,112,144.73333333333332,0.26152169704437256,-0.982255347010237
UBFC_PHYS_s14_T1_ctrl,141,113,144.76666666666668,0.07471106946468353,-0.4909864585552519
UBFC_PHYS_s14_T1_ctrl,141,114,144.8,-0.14674106240272522,0.07211629219566537
UBFC_PHYS_s14_T1_ctrl,141,115,144.83333333333334,-0.4629926085472107,0.606718791447636
UBFC_PHYS_s14_T1_ctrl,141,116,144.86666666666667,-0.9106847047805786,1.0259778045295174
UBFC_PHYS_s14_T1_ctrl,141,117,144.9,-1.3744020462036133,1.2786539549605693
UBFC_PHYS_s14_T1_ctrl,141,118,144.93333333333334,-1.6118793487548828,1.355108368935451
UBFC_PHYS_s14_T1_ctrl,141,119,144.96666666666667,-1.4280540943145752,1.2772405069631243
UBFC_PHYS_s14_T1_ctrl,141,120,145.0,-0.8432042002677917,1.0802260552285494
UBFC_PHYS_s14_T1_ctrl,141,121,145.03333333333333,-0.10001727938652039,0.7963737807939592
UBFC_PHYS_s14_T1_ctrl,141,122,145.06666666666666,0.5296131372451782,0.44806450558187655
UBFC_PHYS_s14_T1_ctrl,141,123,145.1,0.9124439358711243,0.05080281922901513
UBFC_PHYS_s14_T1_ctrl,141,124,145.13333333333333,1.0230432748794556,-0.3772777999468719
UBFC_PHYS_s14_T1_ctrl,141,125,145.16666666666666,0.926328718662262,-0.8053058487439694
UBFC_PHYS_s14_T1_ctrl,141,126,145.2,0.7614576816558838,-1.184794826755159
UBFC_PHYS_s14_T1_ctrl,141,127,145.23333333333332,0.647901177406311,-1.4539098563213233
UBFC_PHYS_s14_T1_ctrl,141,128,145.26666666666668,0.5981357097625732,-1.551354153902847
UBFC_PHYS_s14_T1_ctrl,141,129,145.3,0.540259063243866,-1.4361951968366542
UBFC_PHYS_s14_T1_ctrl,141,130,145.33333333333334,0.4150145351886749,-1.1063601518846045
UBFC_PHYS_s14_T1_ctrl,141,131,145.36666666666667,0.21595263481140137,-0.6072120513519716
UBFC_PHYS_s14_T1_ctrl,141,132,145.4,-0.04661867767572403,-0.024059538767651337
UBFC_PHYS_s14_T1_ctrl,141,133,145.43333333333334,-0.38359880447387695,0.540868806053625
UBFC_PHYS_s14_T1_ctrl,141,134,145.46666666666667,-0.8339383006095886,0.9979479095382058
UBFC_PHYS_s14_T1_ctrl,141,135,145.5,-1.3670512437820435,1.2929092578948773
UBFC_PHYS_s14_T1_ctrl,141,136,145.53333333333333,-1.74264395236969,1.4135777710000819
UBFC_PHYS_s14_T1_ctrl,141,137,145.56666666666666,-1.6590256690979004,1.3802899829865085
UBFC_PHYS_s14_T1_ctrl,141,138,145.6,-1.0882294178009033,1.2273714222429435
UBFC_PHYS_s14_T1_ctrl,141,139,145.63333333333333,-0.31020388007164,0.9858494306867803
UBFC_PHYS_s14_T1_ctrl,141,140,145.66666666666666,0.3786831796169281,0.6750742194799569
UBFC_PHYS_s14_T1_ctrl,141,141,145.7,0.8404572010040283,0.3053698554076067
UBFC_PHYS_s14_T1_ctrl,141,142,145.73333333333332,1.0414624214172363,-0.11159887162252914
UBFC_PHYS_s14_T1_ctrl,141,143,145.76666666666668,0.9929361343383789,-0.5512029135252215
UBFC_PHYS_s14_T1_ctrl,141,144,145.8,0.7789474129676819,-0.9695057114981073
UBFC_PHYS_s14_T1_ctrl,141,145,145.83333333333334,0.5618888735771179,-1.306288397320016
UBFC_PHYS_s14_T1_ctrl,141,146,145.86666666666667,0.4678780138492584,-1.4977609430226777
UBFC_PHYS_s14_T1_ctrl,141,147,145.9,0.4620199501514435,-1.4953358602245583
UBFC_PHYS_s14_T1_ctrl,141,148,145.93333333333334,0.40822702646255493,-1.2838356326351197
UBFC_PHYS_s14_T1_ctrl,141,149,145.96666666666667,0.25352317094802856,-0.8915434105503877
UBFC_PHYS_s14_T1_ctrl,141,150,146.0,0.05198286101222038,-0.3864706106954165
UBFC_PHYS_s14_T1_ctrl,141,151,146.03333333333333,-0.16031602025032043,0.14159125409947118
UBFC_PHYS_s14_T1_ctrl,141,152,146.06666666666666,-0.4536985456943512,0.6068113986760314
UBFC_PHYS_s14_T1_ctrl,141,153,146.1,-0.9136700630187988,0.9500106309609148
UBFC_PHYS_s14_T1_ctrl,141,154,146.13333333333333,-1.425519347190857,1.1488079317908122
UBFC_PHYS_s14_T1_ctrl,141,155,146.16666666666666,-1.656716227531433,1.2122349443788818
UBFC_PHYS_s14_T1_ctrl,141,156,146.2,-1.3702619075775146,1.1648426454746927
UBFC_PHYS_s14_T1_ctrl,141,157,146.23333333333332,-0.6695179343223572,1.0300797156951504
UBFC_PHYS_s14_T1_ctrl,141,158,146.26666666666668,0.12475817650556564,0.8214905159312299
UBFC_PHYS_s14_T1_ctrl,141,159,146.3,0.7340824604034424,0.5447862914764031
UBFC_PHYS_s14_T1_ctrl,141,160,146.33333333333334,1.033492088317871,0.20785469016895494
UBFC_PHYS_s14_T1_ctrl,141,161,146.36666666666667,1.0220293998718262,-0.16791233433293795
UBFC_PHYS_s14_T1_ctrl,141,162,146.4,0.8249952793121338,-0.5417925945404083
UBFC_PHYS_s14_T1_ctrl,141,163,146.43333333333334,0.6362413167953491,-0.8574203733921535
UBFC_PHYS_s14_T1_ctrl,141,164,146.46666666666667,0.5560026168823242,-1.0557084552238103
UBFC_PHYS_s14_T1_ctrl,141,165,146.5,0.5065469145774841,-1.0927329611329086
UBFC_PHYS_s14_T1_ctrl,141,166,146.53333333333333,0.37524721026420593,-0.9559738526046244
UBFC_PHYS_s14_T1_ctrl,141,167,146.56666666666666,0.18866188824176788,-0.6721330173624777
UBFC_PHYS_s14_T1_ctrl,141,168,146.6,0.0050056083127856255,-0.3019622903525939
UBFC_PHYS_s14_T1_ctrl,141,169,146.63333333333333,-0.19529548287391663,0.0774663852618732
UBFC_PHYS_s14_T1_ctrl,141,170,146.66666666666666,-0.45961296558380127,0.3961762111549129
UBFC_PHYS_s14_T1_ctrl,141,171,146.7,-0.8100835680961609,0.6100633741972669
UBFC_PHYS_s14_T1_ctrl,141,172,146.73333333333332,-1.1720168590545654,0.7074186538378205
UBFC_PHYS_s14_T1_ctrl,141,173,146.76666666666668,-1.2839962244033813,0.7023135632584292
UBFC_PHYS_s14_T1_ctrl,141,174,146.8,-0.9320892095565796,0.6202496412227826
UBFC_PHYS_s14_T1_ctrl,141,175,146.83333333333334,-0.2727459967136383,0.48412250704336124
UBFC_PHYS_s14_T1_ctrl,141,176,146.86666666666667,0.37482476234436035,0.3068239939534728
UBFC_PHYS_s14_T1_ctrl,141,177,146.9,0.8159546852111816,0.09254012502859744
UBFC_PHYS_s14_T1_ctrl,141,178,146.93333333333334,0.9633923172950745,-0.15535884573176614
UBFC_PHYS_s14_T1_ctrl,141,179,146.96666666666667,0.8061255216598511,-0.424493985467852
UBFC_PHYS_s14_T1_ctrl,141,180,147.0,0.5006325244903564,-0.6869052757828642
UBFC_PHYS_s14_T1_ctrl,141,181,147.03333333333333,0.28441888093948364,-0.8996374393453657
UBFC_PHYS_s14_T1_ctrl,141,182,147.06666666666666,0.2238103300333023,-1.0137803858178984
UBFC_PHYS_s14_T1_ctrl,141,183,147.1,0.1895349621772766,-0.9897641004103858
UBFC_PHYS_s14_T1_ctrl,141,184,147.13333333333333,0.06367085129022598,-0.8132706236447104
UBFC_PHYS_s14_T1_ctrl,141,185,147.16666666666666,-0.11995726823806763,-0.504566723260329
UBFC_PHYS_s14_T1_ctrl,141,186,147.2,-0.29569950699806213,-0.11587528757457102
UBFC_PHYS_s14_T1_ctrl,141,187,147.23333333333332,-0.5183627009391785,0.2834821496858028
UBFC_PHYS_s14_T1_ctrl,141,188,147.26666666666668,-0.8867736458778381,0.6281767370863204
UBFC_PHYS_s14_T1_ctrl,141,189,147.3,-1.350490927696228,0.874793943581515
UBFC_PHYS_s14_T1_ctrl,141,190,147.33333333333334,-1.6815003156661987,1.0092031186257973
UBFC_PHYS_s14_T1_ctrl,141,191,147.36666666666667,-1.6192301511764526,1.0417481865986784
UBFC_PHYS_s14_T1_ctrl,141,192,147.4,-1.0719225406646729,0.9944162882660543
UBFC_PHYS_s14_T1_ctrl,141,193,147.43333333333334,-0.2500459551811218,0.8871403044887372
UBFC_PHYS_s14_T1_ctrl,141,194,147.46666666666667,0.48604369163513184,0.7296212267307094
UBFC_PHYS_s14_T1_ctrl,141,195,147.5,0.9209775924682617,0.5216304470636046
UBFC_PHYS_s14_T1_ctrl,141,196,147.53333333333333,1.0274085998535156,0.2606905934879577
UBFC_PHYS_s14_T1_ctrl,141,197,147.56666666666666,0.8886736631393433,-0.04710402332709689
UBFC_PHYS_s14_T1_ctrl,141,198,147.6,0.658293604850769,-0.3786500213279
UBFC_PHYS_s14_T1_ctrl,141,199,147.63333333333333,0.5071102380752563,-0.6923674172515534
UBFC_PHYS_s14_T1_ctrl,141,200,147.66666666666666,0.4588092565536499,-0.9354689033250195
UBFC_PHYS_s14_T1_ctrl,141,201,147.7,0.3986513316631317,-1.0580852341527076
UBFC_PHYS_s14_T1_ctrl,141,202,147.73333333333332,0.2565930187702179,-1.0292759310447543
UBFC_PHYS_s14_T1_ctrl,141,203,147.76666666666668,0.0643467828631401,-0.8486629282861087
UBFC_PHYS_s14_T1_ctrl,141,204,147.8,-0.14040420949459076,-0.548619116702506
UBFC_PHYS_s14_T1_ctrl,141,205,147.83333333333334,-0.4034261405467987,-0.1854323004521956
UBFC_PHYS_s14_T1_ctrl,141,206,147.86666666666667,-0.8160260915756226,0.17753560452369968
UBFC_PHYS_s14_T1_ctrl,141,207,147.9,-1.3765143156051636,0.4879869489308446
UBFC_PHYS_s14_T1_ctrl,141,208,147.93333333333334,-1.8562287092208862,0.7165810306821754
UBFC_PHYS_s14_T1_ctrl,141,209,147.96666666666667,-1.9196817874908447,0.8579215648123488
UBFC_PHYS_s14_T1_ctrl,141,210,148.0,-1.446895718574524,0.921526380095405
UBFC_PHYS_s14_T1_ctrl,141,211,148.03333333333333,-0.6495497822761536,0.9186413407402254
UBFC_PHYS_s14_T1_ctrl,141,212,148.06666666666666,0.12715210020542145,0.8522038984817478
UBFC_PHYS_s14_T1_ctrl,141,213,148.1,0.6778956055641174,0.7148628680624425
UBFC_PHYS_s14_T1_ctrl,141,214,148.13333333333333,0.9563794732093811,0.49541032678721647
UBFC_PHYS_s14_T1_ctrl,141,215,148.16666666666666,1.0164529085159302,0.18969277456431166
UBFC_PHYS_s14_T1_ctrl,141,216,148.2,0.954858660697937,-0.18988393727431419
UBFC_PHYS_s14_T1_ctrl,141,217,148.23333333333332,0.865382194519043,-0.610931522382497
UBFC_PHYS_s14_T1_ctrl,141,218,148.26666666666668,0.8025205135345459,-1.0249281261317356
UBFC_PHYS_s14_T1_ctrl,141,219,148.3,0.7482770085334778,-1.3762784060066309
UBFC_PHYS_s14_T1_ctrl,141,220,148.33333333333334,0.626947283744812,-1.6134238209798202
UBFC_PHYS_s14_T1_ctrl,141,221,148.36666666666667,0.4091282784938812,-1.69929230475152
UBFC_PHYS_s14_T1_ctrl,141,222,148.4,0.13765721023082733,-1.6189452723362798
UBFC_PHYS_s14_T1_ctrl,141,223,148.43333333333334,-0.1738346517086029,-1.3826532398127347
UBFC_PHYS_s14_T1_ctrl,141,224,148.46666666666667,-0.5706629157066345,-1.0232908425231957
UBFC_PHYS_s14_T1_ctrl,141,225,148.5,-1.076400637626648,-0.588429328002819
UBFC_PHYS_s14_T1_ctrl,141,226,148.53333333333333,-1.6457322835922241,-0.1296354676991015
UBFC_PHYS_s14_T1_ctrl,141,227,148.56666666666666,-2.0808351039886475,0.30714180366427224
UBFC_PHYS_s14_T1_ctrl,141,228,148.6,-2.0490663051605225,0.6868828069072752
UBFC_PHYS_s14_T1_ctrl,141,229,148.63333333333333,-1.4160000085830688,0.985793218038128
UBFC_PHYS_s14_T1_ctrl,141,230,148.66666666666666,-0.46594980359077454,1.1887795536178385
UBFC_PHYS_s14_T1_ctrl,141,231,148.7,0.3941732943058014,1.2876741766898399
UBFC_PHYS_s14_T1_ctrl,141,232,148.73333333333332,0.9746015071868896,1.2825229796019737
UBFC_PHYS_s14_T1_ctrl,141,233,148.76666666666668,1.256239652633667,1.1851743189371136
UBFC_PHYS_s14_T1_ctrl,141,234,148.8,1.2791368961334229,1.0215785897277752
UBFC_PHYS_s14_T1_ctrl,141,235,148.83333333333334,1.1641721725463867,0.8288045260020429
UBFC_PHYS_s14_T1_ctrl,141,236,148.86666666666667,1.0576847791671753,0.6455696429452435
UBFC_PHYS_s14_T1_ctrl,141,237,148.9,1.0181427001953125,0.49937891771325893
UBFC_PHYS_s14_T1_ctrl,141,238,148.93333333333334,0.9915279746055603,0.3963830233438696
UBFC_PHYS_s14_T1_ctrl,141,239,148.96666666666667,0.8972917795181274,0.3197092059736197
UBFC_PHYS_s14_T1_ctrl,142,0,142.0,-1.4042274951934814,-0.006587276482196725
UBFC_PHYS_s14_T1_ctrl,142,1,142.03333333333333,-0.75017911195755,-0.13860024293511478
UBFC_PHYS_s14_T1_ctrl,142,2,142.06666666666666,0.11087341606616974,-0.30371773341521063
UBFC_PHYS_s14_T1_ctrl,142,3,142.1,0.7987184524536133,-0.522293630630955
UBFC_PHYS_s14_T1_ctrl,142,4,142.13333333333333,1.1477807760238647,-0.790232100154442
UBFC_PHYS_s14_T1_ctrl,142,5,142.16666666666666,1.1958564519882202,-1.0763928650827836
UBFC_PHYS_s14_T1_ctrl,142,6,142.2,1.0541361570358276,-1.3279164204464442
UBFC_PHYS_s14_T1_ctrl,142,7,142.23333333333332,0.8640866279602051,-1.4822972560172296
UBFC_PHYS_s14_T1_ctrl,142,8,142.26666666666668,0.769625186920166,-1.4837254235670077
UBFC_PHYS_s14_T1_ctrl,142,9,142.3,0.8102092742919922,-1.3000453380842742
UBFC_PHYS_s14_T1_ctrl,142,10,142.33333333333334,0.8722541928291321,-0.9356214980104752
UBFC_PHYS_s14_T1_ctrl,142,11,142.36666666666667,0.8367114067077637,-0.4352311845731361
UBFC_PHYS_s14_T1_ctrl,142,12,142.4,0.7045104503631592,0.1241085115377991
UBFC_PHYS_s14_T1_ctrl,142,13,142.43333333333334,0.5142356753349304,0.6521517408373316
UBFC_PHYS_s14_T1_ctrl,142,14,142.46666666666667,0.25135454535484314,1.068576767699325
UBFC_PHYS_s14_T1_ctrl,142,15,142.5,-0.07771153748035431,1.3210176033590213
UBFC_PHYS_s14_T1_ctrl,142,16,142.53333333333333,-0.45806393027305603,1.391707589344092
UBFC_PHYS_s14_T1_ctrl,142,17,142.56666666666666,-0.9340324997901917,1.2926487953249144
UBFC_PHYS_s14_T1_ctrl,142,18,142.6,-1.382682204246521,1.0543070989975796
UBFC_PHYS_s14_T1_ctrl,142,19,142.63333333333333,-1.4552885293960571,0.7144314786846039
UBFC_PHYS_s14_T1_ctrl,142,20,142.66666666666666,-1.023171067237854,0.3115949339555337
UBFC_PHYS_s14_T1_ctrl,142,21,142.7,-0.36861565709114075,-0.1158129108210033
UBFC_PHYS_s14_T1_ctrl,142,22,142.73333333333332,0.19342157244682312,-0.5277460612206156
UBFC_PHYS_s14_T1_ctrl,142,23,142.76666666666668,0.5125458240509033,-0.8814761810071301
UBFC_PHYS_s14_T1_ctrl,142,24,142.8,0.5393296480178833,-1.1336701912389253
UBFC_PHYS_s14_T1_ctrl,142,25,142.83333333333334,0.3972713053226471,-1.2458506190895737
UBFC_PHYS_s14_T1_ctrl,142,26,142.86666666666667,0.3127516806125641,-1.1923992110819674
UBFC_PHYS_s14_T1_ctrl,142,27,142.9,0.35623663663864136,-0.9693290978565695
UBFC_PHYS_s14_T1_ctrl,142,28,142.93333333333334,0.40208733081817627,-0.6005391467133794
UBFC_PHYS_s14_T1_ctrl,142,29,142.96666666666667,0.34894219040870667,-0.13755626271070118
UBFC_PHYS_s14_T1_ctrl,142,30,143.0,0.223922997713089,0.3494743837588929
UBFC_PHYS_s14_T1_ctrl,142,31,143.03333333333333,0.07868216186761856,0.7877464806013758
UBFC_PHYS_s14_T1_ctrl,142,32,143.06666666666666,-0.1194784864783287,1.1186613122841833
UBFC_PHYS_s14_T1_ctrl,142,33,143.1,-0.43925049901008606,1.308515151151827
UBFC_PHYS_s14_T1_ctrl,142,34,143.13333333333333,-0.8685798048973083,1.349510954533274
UBFC_PHYS_s14_T1_ctrl,142,35,143.16666666666666,-1.2390466928482056,1.252963279888685
UBFC_PHYS_s14_T1_ctrl,142,36,143.2,-1.2643941640853882,1.0398026438033026
UBFC_PHYS_s14_T1_ctrl,142,37,143.23333333333332,-0.7990996837615967,0.7334106611736984
UBFC_PHYS_s14_T1_ctrl,142,38,143.26666666666668,-0.05746174976229668,0.35737119917432847
UBFC_PHYS_s14_T1_ctrl,142,39,143.3,0.5857999324798584,-0.06236718148581091
UBFC_PHYS_s14_T1_ctrl,142,40,143.33333333333334,0.9488597512245178,-0.49357290587995534
UBFC_PHYS_s14_T1_ctrl,142,41,143.36666666666667,1.0075249671936035,-0.8952603364816573
UBFC_PHYS_s14_T1_ctrl,142,42,143.4,0.8159546852111816,-1.2190331715322271
UBFC_PHYS_s14_T1_ctrl,142,43,143.43333333333334,0.5459199547767639,-1.4151634220064646
UBFC_PHYS_s14_T1_ctrl,142,44,143.46666666666667,0.3662911057472229,-1.4428693002039819
UBFC_PHYS_s14_T1_ctrl,142,45,143.5,0.28560176491737366,-1.2826440622963844
UBFC_PHYS_s14_T1_ctrl,142,46,143.53333333333333,0.2031380981206894,-0.9466896443855206
UBFC_PHYS_s14_T1_ctrl,142,47,143.56666666666666,0.07755561172962189,-0.48240105389422355
UBFC_PHYS_s14_T1_ctrl,142,48,143.6,-0.048730961978435516,0.03514093148851899
UBFC_PHYS_s14_T1_ctrl,142,49,143.63333333333333,-0.18709981441497803,0.5213411558788742
UBFC_PHYS_s14_T1_ctrl,142,50,143.66666666666666,-0.4465167820453644,0.9041880487780364
UBFC_PHYS_s14_T1_ctrl,142,51,143.7,-0.8758178949356079,1.1403422089908914
UBFC_PHYS_s14_T1_ctrl,142,52,143.73333333333332,-1.31979238986969,1.218871434490276
UBFC_PHYS_s14_T1_ctrl,142,53,143.76666666666668,-1.4837621450424194,1.1534930728149149
UBFC_PHYS_s14_T1_ctrl,142,54,143.8,-1.1799026727676392,0.9695621583317233
UBFC_PHYS_s14_T1_ctrl,142,55,143.83333333333334,-0.5135466456413269,0.6931775649490665
UBFC_PHYS_s14_T1_ctrl,142,56,143.86666666666667,0.21674121916294098,0.3471001265180328
UBFC_PHYS_s14_T1_ctrl,142,57,143.9,0.7496289014816284,-0.04625502958166299
UBFC_PHYS_s14_T1_ctrl,142,58,143.93333333333334,0.9782346487045288,-0.45823445299939797
UBFC_PHYS_s14_T1_ctrl,142,59,143.96666666666667,0.9308067560195923,-0.848733416493386
UBFC_PHYS_s14_T1_ctrl,142,60,144.0,0.7321391701698303,-1.1663010668110234
UBFC_PHYS_s14_T1_ctrl,142,61,144.03333333333333,0.5337250232696533,-1.355131290588136
UBFC_PHYS_s14_T1_ctrl,142,62,144.06666666666666,0.4005383253097534,-1.3680079552142348
UBFC_PHYS_s14_T1_ctrl,142,63,144.1,0.29658564925193787,-1.1818563340491097
UBFC_PHYS_s14_T1_ctrl,142,64,144.13333333333333,0.1777624934911728,-0.8103944561469516
UBFC_PHYS_s14_T1_ctrl,142,65,144.16666666666666,0.04789910838007927,-0.30764650368164864
UBFC_PHYS_s14_T1_ctrl,142,66,144.2,-0.0809222087264061,0.24183004165778682
UBFC_PHYS_s14_T1_ctrl,142,67,144.23333333333332,-0.2627760171890259,0.7446773450725748
UBFC_PHYS_s14_T1_ctrl,142,68,144.26666666666668,-0.607332170009613,1.1242278507211785
UBFC_PHYS_s14_T1_ctrl,142,69,144.3,-1.0911866426467896,1.3385342705444565
UBFC_PHYS_s14_T1_ctrl,142,70,144.33333333333334,-1.4477406740188599,1.3838603651281967
UBFC_PHYS_s14_T1_ctrl,142,71,144.36666666666667,-1.3756976127624512,1.2845366039737967
UBFC_PHYS_s14_T1_ctrl,142,72,144.4,-0.8502169847488403,1.0762941171105285
UBFC_PHYS_s14_T1_ctrl,142,73,144.43333333333334,-0.1470508575439453,0.7918015803372012
UBFC_PHYS_s14_T1_ctrl,142,74,144.46666666666667,0.44588208198547363,0.45428964887151313
UBFC_PHYS_s14_T1_ctrl,142,75,144.5,0.8208552002906799,0.08008515965657208
UBFC_PHYS_s14_T1_ctrl,142,76,144.53333333333333,0.9665747880935669,-0.31353709924433326
UBFC_PHYS_s14_T1_ctrl,142,77,144.56666666666666,0.9167529940605164,-0.7005554720297498
UBFC_PHYS_s14_T1_ctrl,142,78,144.6,0.7618801593780518,-1.0427114439783476
UBFC_PHYS_s14_T1_ctrl,142,79,144.63333333333333,0.6131470203399658,-1.2922717176956426
UBFC_PHYS_s14_T1_ctrl,142,80,144.66666666666666,0.5076735019683838,-1.4010811355884814
UBFC_PHYS_s14_T1_ctrl,142,81,144.7,0.4066780209541321,-1.3341206442624887
UBFC_PHYS_s14_T1_ctrl,142,82,144.73333333333332,0.26152169704437256,-1.0834930330079293
UBFC_PHYS_s14_T1_ctrl,142,83,144.76666666666668,0.07471106946468353,-0.6770603843786235
UBFC_PHYS_s14_T1_ctrl,142,84,144.8,-0.14674106240272522,-0.17654842731736314
UBFC_PHYS_s14_T1_ctrl,142,85,144.83333333333334,-0.4629926085472107,0.3362385161608538
UBFC_PHYS_s14_T1_ctrl,142,86,144.86666666666667,-0.9106847047805786,0.7805295504365463
UBFC_PHYS_s14_T1_ctrl,142,87,144.9,-1.3744020462036133,1.096287047367883
UBFC_PHYS_s14_T1_ctrl,142,88,144.93333333333334,-1.6118793487548828,1.2545423136291547
UBFC_PHYS_s14_T1_ctrl,142,89,144.96666666666667,-1.4280540943145752,1.2556027524700077
UBFC_PHYS_s14_T1_ctrl,142,90,145.0,-0.8432042002677917,1.1187051679882638
UBFC_PHYS_s14_T1_ctrl,142,91,145.03333333333333,-0.10001727938652039,0.8702757103938309
UBFC_PHYS_s14_T1_ctrl,142,92,145.06666666666666,0.5296131372451782,0.5368012158870366
UBFC_PHYS_s14_T1_ctrl,142,93,145.1,0.9124439358711243,0.14420077717039137
UBFC_PHYS_s14_T1_ctrl,142,94,145.13333333333333,1.0230432748794556,-0.278302999809251
UBFC_PHYS_s14_T1_ctrl,142,95,145.16666666666666,0.926328718662262,-0.6936612990106827
UBFC_PHYS_s14_T1_ctrl,142,96,145.2,0.7614576816558838,-1.0553280106359249
UBFC_PHYS_s14_T1_ctrl,142,97,145.23333333333332,0.647901177406311,-1.3105464183116067
UBFC_PHYS_s14_T1_ctrl,142,98,145.26666666666668,0.5981357097625732,-1.4092555894647358
UBFC_PHYS_s14_T1_ctrl,142,99,145.3,0.540259063243866,-1.3174205167283666
UBFC_PHYS_s14_T1_ctrl,142,100,145.33333333333334,0.4150145351886749,-1.0309885327146224
UBFC_PHYS_s14_T1_ctrl,142,101,145.36666666666667,0.21595263481140137,-0.584467057064788
UBFC_PHYS_s14_T1_ctrl,142,102,145.4,-0.04661867767572403,-0.0482315231742163
UBFC_PHYS_s14_T1_ctrl,142,103,145.43333333333334,-0.38359880447387695,0.48733256365790145
UBFC_PHYS_s14_T1_ctrl,142,104,145.46666666666667,-0.8339383006095886,0.9358419624972625
UBFC_PHYS_s14_T1_ctrl,142,105,145.5,-1.3670512437820435,1.2369964820843424
UBFC_PHYS_s14_T1_ctrl,142,106,145.53333333333333,-1.74264395236969,1.3675085871778132
UBFC_PHYS_s14_T1_ctrl,142,107,145.56666666666666,-1.6590256690979004,1.3376486493699578
UBFC_PHYS_s14_T1_ctrl,142,108,145.6,-1.0882294178009033,1.1773740840717377
UBFC_PHYS_s14_T1_ctrl,142,109,145.63333333333333,-0.31020388007164,0.9203438037074069
UBFC_PHYS_s14_T1_ctrl,142,110,145.66666666666666,0.3786831796169281,0.5935009180337079
UBFC_PHYS_s14_T1_ctrl,142,111,145.7,0.8404572010040283,0.21568275368790832
UBFC_PHYS_s14_T1_ctrl,142,112,145.73333333333332,1.0414624214172363,-0.19617044732770428
UBFC_PHYS_s14_T1_ctrl,142,113,145.76666666666668,0.9929361343383789,-0.6179245684367519
UBFC_PHYS_s14_T1_ctrl,142,114,145.8,0.7789474129676819,-1.0117189051781035
UBFC_PHYS_s14_T1_ctrl,142,115,145.83333333333334,0.5618888735771179,-1.3260322120110375
UBFC_PHYS_s14_T1_ctrl,142,116,145.86666666666667,0.4678780138492584,-1.5038512668706532
UBFC_PHYS_s14_T1_ctrl,142,117,145.9,0.4620199501514435,-1.4974039262933194
UBFC_PHYS_s14_T1_ctrl,142,118,145.93333333333334,0.40822702646255493,-1.2849710493250344
UBFC_PHYS_s14_T1_ctrl,142,119,145.96666666666667,0.25352317094802856,-0.8834025238217331
UBFC_PHYS_s14_T1_ctrl,142,120,146.0,0.05198286101222038,-0.3502332247797349
UBFC_PHYS_s14_T1_ctrl,142,121,146.03333333333333,-0.16031602025032043,0.22746894343391127
UBFC_PHYS_s14_T1_ctrl,142,122,146.06666666666666,-0.4536985456943512,0.7548045615863327
UBFC_PHYS_s14_T1_ctrl,142,123,146.1,-0.9136700630187988,1.1533837850825537
UBFC_PHYS_s14_T1_ctrl,142,124,146.13333333333333,-1.425519347190857,1.3786994475964054
UBFC_PHYS_s14_T1_ctrl,142,125,146.16666666666666,-1.656716227531433,1.4241583648028378
UBFC_PHYS_s14_T1_ctrl,142,126,146.2,-1.3702619075775146,1.3122185811223412
UBFC_PHYS_s14_T1_ctrl,142,127,146.23333333333332,-0.6695179343223572,1.079165593655275
UBFC_PHYS_s14_T1_ctrl,142,128,146.26666666666668,0.12475817650556564,0.7616404053651533
UBFC_PHYS_s14_T1_ctrl,142,129,146.3,0.7340824604034424,0.3902094991840157
UBFC_PHYS_s14_T1_ctrl,142,130,146.33333333333334,1.033492088317871,-0.009423735772748815
UBFC_PHYS_s14_T1_ctrl,142,131,146.36666666666667,1.0220293998718262,-0.41079663330581206
UBFC_PHYS_s14_T1_ctrl,142,132,146.4,0.8249952793121338,-0.7812426962848342
UBFC_PHYS_s14_T1_ctrl,142,133,146.43333333333334,0.6362413167953491,-1.0804085444769735
UBFC_PHYS_s14_T1_ctrl,142,134,146.46666666666667,0.5560026168823242,-1.2646481678092039
UBFC_PHYS_s14_T1_ctrl,142,135,146.5,0.5065469145774841,-1.2968670614417086
UBFC_PHYS_s14_T1_ctrl,142,136,146.53333333333333,0.37524721026420593,-1.15892609825156
UBFC_PHYS_s14_T1_ctrl,142,137,146.56666666666666,0.18866188824176788,-0.8617176271110362
UBFC_PHYS_s14_T1_ctrl,142,138,146.6,0.0050056083127856255,-0.4475548667687564
UBFC_PHYS_s14_T1_ctrl,142,139,146.63333333333333,-0.19529548287391663,0.017961604605634916
UBFC_PHYS_s14_T1_ctrl,142,140,146.66666666666666,-0.45961296558380127,0.46218886868286224
UBFC_PHYS_s14_T1_ctrl,142,141,146.7,-0.8100835680961609,0.8229783578078088
UBFC_PHYS_s14_T1_ctrl,142,142,146.73333333333332,-1.1720168590545654,1.0604665369011266
UBFC_PHYS_s14_T1_ctrl,142,143,146.76666666666668,-1.2839962244033813,1.1596998497697464
UBFC_PHYS_s14_T1_ctrl,142,144,146.8,-0.9320892095565796,1.1254669340621024
UBFC_PHYS_s14_T1_ctrl,142,145,146.83333333333334,-0.2727459967136383,0.9739041859427492
UBFC_PHYS_s14_T1_ctrl,142,146,146.86666666666667,0.37482476234436035,0.7255778325717547
UBFC_PHYS_s14_T1_ctrl,142,147,146.9,0.8159546852111816,0.4025904999019297
UBFC_PHYS_s14_T1_ctrl,142,148,146.93333333333334,0.9633923172950745,0.029595711899720864
UBFC_PHYS_s14_T1_ctrl,142,149,146.96666666666667,0.8061255216598511,-0.3632519009447607
UBFC_PHYS_s14_T1_ctrl,142,150,147.0,0.5006325244903564,-0.7379675775784224
UBFC_PHYS_s14_T1_ctrl,142,151,147.03333333333333,0.28441888093948364,-1.049313952536453
UBFC_PHYS_s14_T1_ctrl,142,152,147.06666666666666,0.2238103300333023,-1.2498652603632463
UBFC_PHYS_s14_T1_ctrl,142,153,147.1,0.1895349621772766,-1.2996549985227863
UBFC_PHYS_s14_T1_ctrl,142,154,147.13333333333333,0.06367085129022598,-1.178117019975947
UBFC_PHYS_s14_T1_ctrl,142,155,147.16666666666666,-0.11995726823806763,-0.8937889472895497
UBFC_PHYS_s14_T1_ctrl,142,156,147.2,-0.29569950699806213,-0.48672245499497335
UBFC_PHYS_s14_T1_ctrl,142,157,147.23333333333332,-0.5183627009391785,-0.020873487605677737
UBFC_PHYS_s14_T1_ctrl,142,158,147.26666666666668,-0.8867736458778381,0.4315819365115475
UBFC_PHYS_s14_T1_ctrl,142,159,147.3,-1.350490927696228,0.8078533188327748
UBFC_PHYS_s14_T1_ctrl,142,160,147.33333333333334,-1.6815003156661987,1.067008338514361
UBFC_PHYS_s14_T1_ctrl,142,161,147.36666666666667,-1.6192301511764526,1.1931913005302295
UBFC_PHYS_s14_T1_ctrl,142,162,147.4,-1.0719225406646729,1.1904649725466157
UBFC_PHYS_s14_T1_ctrl,142,163,147.43333333333334,-0.2500459551811218,1.0739561184970994
UBFC_PHYS_s14_T1_ctrl,142,164,147.46666666666667,0.48604369163513184,0.862337933822988
UBFC_PHYS_s14_T1_ctrl,142,165,147.5,0.9209775924682617,0.5744330294622456
UBFC_PHYS_s14_T1_ctrl,142,166,147.53333333333333,1.0274085998535156,0.23002408897228513
UBFC_PHYS_s14_T1_ctrl,142,167,147.56666666666666,0.8886736631393433,-0.1469158588208291
UBFC_PHYS_s14_T1_ctrl,142,168,147.6,0.658293604850769,-0.525083611385888
UBFC_PHYS_s14_T1_ctrl,142,169,147.63333333333333,0.5071102380752563,-0.8651161306547738
UBFC_PHYS_s14_T1_ctrl,142,170,147.66666666666666,0.4588092565536499,-1.1228246646693225
UBFC_PHYS_s14_T1_ctrl,142,171,147.7,0.3986513316631317,-1.256613555830766
UBFC_PHYS_s14_T1_ctrl,142,172,147.73333333333332,0.2565930187702179,-1.237502328979103
UBFC_PHYS_s14_T1_ctrl,142,173,147.76666666666668,0.0643467828631401,-1.0585154768839766
UBFC_PHYS_s14_T1_ctrl,142,174,147.8,-0.14040420949459076,-0.7395818393507979
UBFC_PHYS_s14_T1_ctrl,142,175,147.83333333333334,-0.4034261405467987,-0.32522395279181665
UBFC_PHYS_s14_T1_ctrl,142,176,147.86666666666667,-0.8160260915756226,0.12488799483699924
UBFC_PHYS_s14_T1_ctrl,142,177,147.9,-1.3765143156051636,0.5493706938496674
UBFC_PHYS_s14_T1_ctrl,142,178,147.93333333333334,-1.8562287092208862,0.8977222838152565
UBFC_PHYS_s14_T1_ctrl,142,179,147.96666666666667,-1.9196817874908447,1.1378092212576243
UBFC_PHYS_s14_T1_ctrl,142,180,148.0,-1.446895718574524,1.2565140325212374
UBFC_PHYS_s14_T1_ctrl,142,181,148.03333333333333,-0.6495497822761536,1.2549765664637014
UBFC_PHYS_s14_T1_ctrl,142,182,148.06666666666666,0.12715210020542145,1.1420205796891811
UBFC_PHYS_s14_T1_ctrl,142,183,148.1,0.6778956055641174,0.9294680180876949
UBFC_PHYS_s14_T1_ctrl,142,184,148.13333333333333,0.9563794732093811,0.6311770672843287
UBFC_PHYS_s14_T1_ctrl,142,185,148.16666666666666,1.0164529085159302,0.2651470340007398
UBFC_PHYS_s14_T1_ctrl,142,186,148.2,0.954858660697937,-0.14353342193748123
UBFC_PHYS_s14_T1_ctrl,142,187,148.23333333333332,0.865382194519043,-0.5611115782676489
UBFC_PHYS_s14_T1_ctrl,142,188,148.26666666666668,0.8025205135345459,-0.9460384751107399
UBFC_PHYS_s14_T1_ctrl,142,189,148.3,0.7482770085334778,-1.2523415779693048
UBFC_PHYS_s14_T1_ctrl,142,190,148.33333333333334,0.626947283744812,-1.4354612977171932
UBFC_PHYS_s14_T1_ctrl,142,191,148.36666666666667,0.4091282784938812,-1.460447224716438
UBFC_PHYS_s14_T1_ctrl,142,192,148.4,0.13765721023082733,-1.3113694056391225
UBFC_PHYS_s14_T1_ctrl,142,193,148.43333333333334,-0.1738346517086029,-0.9991575867981195
UBFC_PHYS_s14_T1_ctrl,142,194,148.46666666666667,-0.5706629157066345,-0.5641066218372354
UBFC_PHYS_s14_T1_ctrl,142,195,148.5,-1.076400637626648,-0.07022483634601433
UBFC_PHYS_s14_T1_ctrl,142,196,148.53333333333333,-1.6457322835922241,0.40829884734793037
UBFC_PHYS_s14_T1_ctrl,142,197,148.56666666666666,-2.0808351039886475,0.8043853314357291
UBFC_PHYS_s14_T1_ctrl,142,198,148.6,-2.0490663051605225,1.0726218613376572
UBFC_PHYS_s14_T1_ctrl,142,199,148.63333333333333,-1.4160000085830688,1.195551733525074
UBFC_PHYS_s14_T1_ctrl,142,200,148.66666666666666,-0.46594980359077454,1.1803904116787243
UBFC_PHYS_s14_T1_ctrl,142,201,148.7,0.3941732943058014,1.0495041852932774
UBFC_PHYS_s14_T1_ctrl,142,202,148.73333333333332,0.9746015071868896,0.8300298335086019
UBFC_PHYS_s14_T1_ctrl,142,203,148.76666666666668,1.256239652633667,0.5469348079959381
UBFC_PHYS_s14_T1_ctrl,142,204,148.8,1.2791368961334229,0.2210041188397602
UBFC_PHYS_s14_T1_ctrl,142,205,148.83333333333334,1.1641721725463867,-0.12926718601827455
UBFC_PHYS_s14_T1_ctrl,142,206,148.86666666666667,1.0576847791671753,-0.4838358348441512
UBFC_PHYS_s14_T1_ctrl,142,207,148.9,1.0181427001953125,-0.8172146887324414
UBFC_PHYS_s14_T1_ctrl,142,208,148.93333333333334,0.9915279746055603,-1.0963432984577637
UBFC_PHYS_s14_T1_ctrl,142,209,148.96666666666667,0.8972917795181274,-1.2819751744203614
UBFC_PHYS_s14_T1_ctrl,142,210,149.0,0.6987650394439697,-1.3346989136476715
UBFC_PHYS_s14_T1_ctrl,142,211,149.03333333333333,0.4334336519241333,-1.225218710353646
UBFC_PHYS_s14_T1_ctrl,142,212,149.06666666666666,0.1550624519586563,-0.9463410819465196
UBFC_PHYS_s14_T1_ctrl,142,213,149.1,-0.14564266800880432,-0.5219482958151
UBFC_PHYS_s14_T1_ctrl,142,214,149.13333333333333,-0.5240799188613892,-0.007507138388368846
UBFC_PHYS_s14_T1_ctrl,142,215,149.16666666666666,-1.0313385725021362,0.5206940142330103
UBFC_PHYS_s14_T1_ctrl,142,216,149.2,-1.616132140159607,0.9845578376217212
UBFC_PHYS_s14_T1_ctrl,142,217,149.23333333333332,-1.9982588291168213,1.323623815614596
UBFC_PHYS_s14_T1_ctrl,142,218,149.26666666666668,-1.817165493965149,1.5072126019383436
UBFC_PHYS_s14_T1_ctrl,142,219,149.3,-1.07547128200531,1.5356315159368326
UBFC_PHYS_s14_T1_ctrl,142,220,149.33333333333334,-0.13389836251735687,1.4317701995032996
UBFC_PHYS_s14_T1_ctrl,142,221,149.36666666666667,0.688344419002533,1.228001503958424
UBFC_PHYS_s14_T1_ctrl,142,222,149.4,1.2232035398483276,0.954406218002549
UBFC_PHYS_s14_T1_ctrl,142,223,149.43333333333334,1.4184069633483887,0.6327979534150229
UBFC_PHYS_s14_T1_ctrl,142,224,149.46666666666667,1.367965579032898,0.27775859102396355
UBFC_PHYS_s14_T1_ctrl,142,225,149.5,1.2433124780654907,-0.0972148827881209
UBFC_PHYS_s14_T1_ctrl,142,226,149.53333333333333,1.150090217590332,-0.47190539845536045
UBFC_PHYS_s14_T1_ctrl,142,227,149.56666666666666,1.1054224967956543,-0.813639366466919
UBFC_PHYS_s14_T1_ctrl,142,228,149.6,1.0891156196594238,-1.0770140172127527
UBFC_PHYS_s14_T1_ctrl,142,229,149.63333333333333,1.0538544654846191,-1.2112855484025373
UBFC_PHYS_s14_T1_ctrl,142,230,149.66666666666666,0.92027348279953,-1.1750908361668062
UBFC_PHYS_s14_T1_ctrl,142,231,149.7,0.6338755488395691,-0.9546169859287821
UBFC_PHYS_s14_T1_ctrl,142,232,149.73333333333332,0.26222577691078186,-0.5780665847932899
UBFC_PHYS_s14_T1_ctrl,142,233,149.76666666666668,-0.056954797357320786,-0.11849058215918121
UBFC_PHYS_s14_T1_ctrl,142,234,149.8,-0.33633992075920105,0.3196608535081585
UBFC_PHYS_s14_T1_ctrl,142,235,149.83333333333334,-0.7343510389328003,0.6281180857452051
UBFC_PHYS_s14_T1_ctrl,142,236,149.86666666666667,-1.2477493286132812,0.7270238394824666
UBFC_PHYS_s14_T1_ctrl,142,237,149.9,-1.5965300798416138,0.5893916499867679
UBFC_PHYS_s14_T1_ctrl,142,238,149.93333333333334,-1.4585837125778198,0.2492837688212699
UBFC_PHYS_s14_T1_ctrl,142,239,149.96666666666667,-0.7685137391090393,-0.20749784718358918
UBFC_PHYS_s14_T1_ctrl,143,0,143.0,0.223922997713089,-0.02817065295282031
UBFC_PHYS_s14_T1_ctrl,143,1,143.03333333333333,0.07868216186761856,0.3052251617890059
UBFC_PHYS_s14_T1_ctrl,143,2,143.06666666666666,-0.1194784864783287,0.6212160705673386
UBFC_PHYS_s14_T1_ctrl,143,3,143.1,-0.43925049901008606,0.9001390220458023
UBFC_PHYS_s14_T1_ctrl,143,4,143.13333333333333,-0.8685798048973083,1.1197017247421015
UBFC_PHYS_s14_T1_ctrl,143,5,143.16666666666666,-1.2390466928482056,1.257173431904683
UBFC_PHYS_s14_T1_ctrl,143,6,143.2,-1.2643941640853882,1.2928543315672618
UBFC_PHYS_s14_T1_ctrl,143,7,143.23333333333332,-0.7990996837615967,1.2135861939613468
UBFC_PHYS_s14_T1_ctrl,143,8,143.26666666666668,-0.05746174976229668,1.015801835057525
UBFC_PHYS_s14_T1_ctrl,143,9,143.3,0.5857999324798584,0.7083116699979107
UBFC_PHYS_s14_T1_ctrl,143,10,143.33333333333334,0.9488597512245178,0.31499937089635416
UBFC_PHYS_s14_T1_ctrl,143,11,143.36666666666667,1.0075249671936035,-0.12352632851442928
UBFC_PHYS_s14_T1_ctrl,143,12,143.4,0.8159546852111816,-0.5518017432913378
UBFC_PHYS_s14_T1_ctrl,143,13,143.43333333333334,0.5459199547767639,-0.9072393682890578
UBFC_PHYS_s14_T1_ctrl,143,14,143.46666666666667,0.3662911057472229,-1.1332268269367924
UBFC_PHYS_s14_T1_ctrl,143,15,143.5,0.28560176491737366,-1.1936140045634926
UBFC_PHYS_s14_T1_ctrl,143,16,143.53333333333333,0.2031380981206894,-1.0831333511214234
UBFC_PHYS_s14_T1_ctrl,143,17,143.56666666666666,0.07755561172962189,-0.8294134523292251
UBFC_PHYS_s14_T1_ctrl,143,18,143.6,-0.048730961978435516,-0.4852208164962212
UBFC_PHYS_s14_T1_ctrl,143,19,143.63333333333333,-0.18709981441497803,-0.1135345437890212
UBFC_PHYS_s14_T1_ctrl,143,20,143.66666666666666,-0.4465167820453644,0.22852072214780839
UBFC_PHYS_s14_T1_ctrl,143,21,143.7,-0.8758178949356079,0.5005030011541783
UBFC_PHYS_s14_T1_ctrl,143,22,143.73333333333332,-1.31979238986969,0.681382089694522
UBFC_PHYS_s14_T1_ctrl,143,23,143.76666666666668,-1.4837621450424194,0.7656883438208925
UBFC_PHYS_s14_T1_ctrl,143,24,143.8,-1.1799026727676392,0.7566713373068332
UBFC_PHYS_s14_T1_ctrl,143,25,143.83333333333334,-0.5135466456413269,0.6601591400782163
UBFC_PHYS_s14_T1_ctrl,143,26,143.86666666666667,0.21674121916294098,0.4822557670339433
UBFC_PHYS_s14_T1_ctrl,143,27,143.9,0.7496289014816284,0.23228105630256726
UBFC_PHYS_s14_T1_ctrl,143,28,143.93333333333334,0.9782346487045288,-0.0708539666185002
UBFC_PHYS_s14_T1_ctrl,143,29,143.96666666666667,0.9308067560195923,-0.3933147901637948
UBFC_PHYS_s14_T1_ctrl,143,30,144.0,0.7321391701698303,-0.68656866421626
UBFC_PHYS_s14_T1_ctrl,143,31,144.03333333333333,0.5337250232696533,-0.895249251594601
UBFC_PHYS_s14_T1_ctrl,143,32,144.06666666666666,0.4005383253097534,-0.9712472615816279
UBFC_PHYS_s14_T1_ctrl,143,33,144.1,0.29658564925193787,-0.8892928193743808
UBFC_PHYS_s14_T1_ctrl,143,34,144.13333333333333,0.1777624934911728,-0.6574456194811887
UBFC_PHYS_s14_T1_ctrl,143,35,144.16666666666666,0.04789910838007927,-0.3170568276132328
UBFC_PHYS_s14_T1_ctrl,143,36,144.2,-0.0809222087264061,0.06882316179446216
UBFC_PHYS_s14_T1_ctrl,143,37,144.23333333333332,-0.2627760171890259,0.4341052722118504
UBFC_PHYS_s14_T1_ctrl,143,38,144.26666666666668,-0.607332170009613,0.727386224478706
UBFC_PHYS_s14_T1_ctrl,143,39,144.3,-1.0911866426467896,0.9213675740301572
UBFC_PHYS_s14_T1_ctrl,143,40,144.33333333333334,-1.4477406740188599,1.0112730761439646
UBFC_PHYS_s14_T1_ctrl,143,41,144.36666666666667,-1.3756976127624512,1.0052869585129456
UBFC_PHYS_s14_T1_ctrl,143,42,144.4,-0.8502169847488403,0.9134026007798063
UBFC_PHYS_s14_T1_ctrl,143,43,144.43333333333334,-0.1470508575439453,0.7408482401926407
UBFC_PHYS_s14_T1_ctrl,143,44,144.46666666666667,0.44588208198547363,0.48914359091211596
UBFC_PHYS_s14_T1_ctrl,143,45,144.5,0.8208552002906799,0.16362572187959332
UBFC_PHYS_s14_T1_ctrl,143,46,144.53333333333333,0.9665747880935669,-0.21701647132192498
UBFC_PHYS_s14_T1_ctrl,143,47,144.56666666666666,0.9167529940605164,-0.6146409979518571
UBFC_PHYS_s14_T1_ctrl,143,48,144.6,0.7618801593780518,-0.9728765442890148
UBFC_PHYS_s14_T1_ctrl,143,49,144.63333333333333,0.6131470203399658,-1.226656171790322
UBFC_PHYS_s14_T1_ctrl,143,50,144.66666666666666,0.5076735019683838,-1.3181456888857035
UBFC_PHYS_s14_T1_ctrl,143,51,144.7,0.4066780209541321,-1.2146699101081262
UBFC_PHYS_s14_T1_ctrl,143,52,144.73333333333332,0.26152169704437256,-0.9224537924454315
UBFC_PHYS_s14_T1_ctrl,143,53,144.76666666666668,0.07471106946468353,-0.4898805085407829
UBFC_PHYS_s14_T1_ctrl,143,54,144.8,-0.14674106240272522,0.003348072997636983
UBFC_PHYS_s14_T1_ctrl,143,55,144.83333333333334,-0.4629926085472107,0.4688341821951196
UBFC_PHYS_s14_T1_ctrl,143,56,144.86666666666667,-0.9106847047805786,0.834586699660447
UBFC_PHYS_s14_T1_ctrl,143,57,144.9,-1.3744020462036133,1.0609748358464894
UBFC_PHYS_s14_T1_ctrl,143,58,144.93333333333334,-1.6118793487548828,1.141486354923786
UBFC_PHYS_s14_T1_ctrl,143,59,144.96666666666667,-1.4280540943145752,1.0912636160089662
UBFC_PHYS_s14_T1_ctrl,143,60,145.0,-0.8432042002677917,0.93214167450346
UBFC_PHYS_s14_T1_ctrl,143,61,145.03333333333333,-0.10001727938652039,0.6827274256685182
UBFC_PHYS_s14_T1_ctrl,143,62,145.06666666666666,0.5296131372451782,0.3572878918005993
UBFC_PHYS_s14_T1_ctrl,143,63,145.1,0.9124439358711243,-0.02827329435617346
UBFC_PHYS_s14_T1_ctrl,143,64,145.13333333333333,1.0230432748794556,-0.4479734876617513
UBFC_PHYS_s14_T1_ctrl,143,65,145.16666666666666,0.926328718662262,-0.8597231204639779
UBFC_PHYS_s14_T1_ctrl,143,66,145.2,0.7614576816558838,-1.2055386363698781
UBFC_PHYS_s14_T1_ctrl,143,67,145.23333333333332,0.647901177406311,-1.4198675485542411
UBFC_PHYS_s14_T1_ctrl,143,68,145.26666666666668,0.5981357097625732,-1.445090316293341
UBFC_PHYS_s14_T1_ctrl,143,69,145.3,0.540259063243866,-1.2501521493455552
UBFC_PHYS_s14_T1_ctrl,143,70,145.33333333333334,0.4150145351886749,-0.8458445472525175
UBFC_PHYS_s14_T1_ctrl,143,71,145.36666666666667,0.21595263481140137,-0.28965421326374036
UBFC_PHYS_s14_T1_ctrl,143,72,145.4,-0.04661867767572403,0.3245416017948498
UBFC_PHYS_s14_T1_ctrl,143,73,145.43333333333334,-0.38359880447387695,0.8906168616055201
UBFC_PHYS_s14_T1_ctrl,143,74,145.46666666666667,-0.8339383006095886,1.3191242191942798
UBFC_PHYS_s14_T1_ctrl,143,75,145.5,-1.3670512437820435,1.5584375341614025
UBFC_PHYS_s14_T1_ctrl,143,76,145.53333333333333,-1.74264395236969,1.6000325522626782
UBFC_PHYS_s14_T1_ctrl,143,77,145.56666666666666,-1.6590256690979004,1.4686094443575255
UBFC_PHYS_s14_T1_ctrl,143,78,145.6,-1.0882294178009033,1.2045286275741092
UBFC_PHYS_s14_T1_ctrl,143,79,145.63333333333333,-0.31020388007164,0.8477459360321729
UBFC_PHYS_s14_T1_ctrl,143,80,145.66666666666666,0.3786831796169281,0.4294811551729433
UBFC_PHYS_s14_T1_ctrl,143,81,145.7,0.8404572010040283,-0.02704737949387299
UBFC_PHYS_s14_T1_ctrl,143,82,145.73333333333332,1.0414624214172363,-0.4994747295855567
UBFC_PHYS_s14_T1_ctrl,143,83,145.76666666666668,0.9929361343383789,-0.9574675473254164
UBFC_PHYS_s14_T1_ctrl,143,84,145.8,0.7789474129676819,-1.3573025429861234
UBFC_PHYS_s14_T1_ctrl,143,85,145.83333333333334,0.5618888735771179,-1.6436271017826742
UBFC_PHYS_s14_T1_ctrl,143,86,145.86666666666667,0.4678780138492584,-1.7595312613466403
UBFC_PHYS_s14_T1_ctrl,143,87,145.9,0.4620199501514435,-1.6627271424242915
UBFC_PHYS_s14_T1_ctrl,143,88,145.93333333333334,0.40822702646255493,-1.342600109883778
UBFC_PHYS_s14_T1_ctrl,143,89,145.96666666666667,0.25352317094802856,-0.8312500043466625
UBFC_PHYS_s14_T1_ctrl,143,90,146.0,0.05198286101222038,-0.20245061434289627
UBFC_PHYS_s14_T1_ctrl,143,91,146.03333333333333,-0.16031602025032043,0.4435021506117499
UBFC_PHYS_s14_T1_ctrl,143,92,146.06666666666666,-0.4536985456943512,1.004731991865587
UBFC_PHYS_s14_T1_ctrl,143,93,146.1,-0.9136700630187988,1.403024017607009
UBFC_PHYS_s14_T1_ctrl,143,94,146.13333333333333,-1.425519347190857,1.599347749822099
UBFC_PHYS_s14_T1_ctrl,143,95,146.16666666666666,-1.656716227531433,1.5944479350405631
UBFC_PHYS_s14_T1_ctrl,143,96,146.2,-1.3702619075775146,1.416987588417572
UBFC_PHYS_s14_T1_ctrl,143,97,146.23333333333332,-0.6695179343223572,1.1074277003629365
UBFC_PHYS_s14_T1_ctrl,143,98,146.26666666666668,0.12475817650556564,0.7059889231880508
UBFC_PHYS_s14_T1_ctrl,143,99,146.3,0.7340824604034424,0.24876727564764853
UBFC_PHYS_s14_T1_ctrl,143,100,146.33333333333334,1.033492088317871,-0.22915052396553295
UBFC_PHYS_s14_T1_ctrl,143,101,146.36666666666667,1.0220293998718262,-0.6880831562981277
UBFC_PHYS_s14_T1_ctrl,143,102,146.4,0.8249952793121338,-1.0805512092921432
UBFC_PHYS_s14_T1_ctrl,143,103,146.43333333333334,0.6362413167953491,-1.3537103082381752
UBFC_PHYS_s14_T1_ctrl,143,104,146.46666666666667,0.5560026168823242,-1.4583755210699458
UBFC_PHYS_s14_T1_ctrl,143,105,146.5,0.5065469145774841,-1.3629228290889395
UBFC_PHYS_s14_T1_ctrl,143,106,146.53333333333333,0.37524721026420593,-1.0674529915717237
UBFC_PHYS_s14_T1_ctrl,143,107,146.56666666666666,0.18866188824176788,-0.6117032779296524
UBFC_PHYS_s14_T1_ctrl,143,108,146.6,0.0050056083127856255,-0.07095661701739167
UBFC_PHYS_s14_T1_ctrl,143,109,146.63333333333333,-0.19529548287391663,0.4612796330966875
UBFC_PHYS_s14_T1_ctrl,143,110,146.66666666666666,-0.45961296558380127,0.8980834444011988
UBFC_PHYS_s14_T1_ctrl,143,111,146.7,-0.8100835680961609,1.180950565940432
UBFC_PHYS_s14_T1_ctrl,143,112,146.73333333333332,-1.1720168590545654,1.2895669185796481
UBFC_PHYS_s14_T1_ctrl,143,113,146.76666666666668,-1.2839962244033813,1.2369265049191986
UBFC_PHYS_s14_T1_ctrl,143,114,146.8,-0.9320892095565796,1.0546509685862253
UBFC_PHYS_s14_T1_ctrl,143,115,146.83333333333334,-0.2727459967136383,0.7773127747364958
UBFC_PHYS_s14_T1_ctrl,143,116,146.86666666666667,0.37482476234436035,0.43300028422873776
UBFC_PHYS_s14_T1_ctrl,143,117,146.9,0.8159546852111816,0.04261015153356896
UBFC_PHYS_s14_T1_ctrl,143,118,146.93333333333334,0.9633923172950745,-0.3739942161324175
UBFC_PHYS_s14_T1_ctrl,143,119,146.96666666666667,0.8061255216598511,-0.7892534368145104
UBFC_PHYS_s14_T1_ctrl,143,120,147.0,0.5006325244903564,-1.1615226937422893
UBFC_PHYS_s14_T1_ctrl,143,121,147.03333333333333,0.28441888093948364,-1.435290624708056
UBFC_PHYS_s14_T1_ctrl,143,122,147.06666666666666,0.2238103300333023,-1.5505642998635392
UBFC_PHYS_s14_T1_ctrl,143,123,147.1,0.1895349621772766,-1.4605207166035032
UBFC_PHYS_s14_T1_ctrl,143,124,147.13333333333333,0.06367085129022598,-1.1516429974070184
UBFC_PHYS_s14_T1_ctrl,143,125,147.16666666666666,-0.11995726823806763,-0.6570977546271598
UBFC_PHYS_s14_T1_ctrl,143,126,147.2,-0.29569950699806213,-0.05511064168348786
UBFC_PHYS_s14_T1_ctrl,143,127,147.23333333333332,-0.5183627009391785,0.5498086743185427
UBFC_PHYS_s14_T1_ctrl,143,128,147.26666666666668,-0.8867736458778381,1.0562743033810058
UBFC_PHYS_s14_T1_ctrl,143,129,147.3,-1.350490927696228,1.3936152890656992
UBFC_PHYS_s14_T1_ctrl,143,130,147.33333333333334,-1.6815003156661987,1.5361350067483037
UBFC_PHYS_s14_T1_ctrl,143,131,147.36666666666667,-1.6192301511764526,1.4996247971434884
UBFC_PHYS_s14_T1_ctrl,143,132,147.4,-1.0719225406646729,1.3246802088399952
UBFC_PHYS_s14_T1_ctrl,143,133,147.43333333333334,-0.2500459551811218,1.0567235816353495
UBFC_PHYS_s14_T1_ctrl,143,134,147.46666666666667,0.48604369163513184,0.7315663090851715
UBFC_PHYS_s14_T1_ctrl,143,135,147.5,0.9209775924682617,0.37047756259860287
UBFC_PHYS_s14_T1_ctrl,143,136,147.53333333333333,1.0274085998535156,-0.015782001284375822
UBFC_PHYS_s14_T1_ctrl,143,137,147.56666666666666,0.8886736631393433,-0.4172726825805196
UBFC_PHYS_s14_T1_ctrl,143,138,147.6,0.658293604850769,-0.814223355632589
UBFC_PHYS_s14_T1_ctrl,143,139,147.63333333333333,0.5071102380752563,-1.1703808167891645
UBFC_PHYS_s14_T1_ctrl,143,140,147.66666666666666,0.4588092565536499,-1.434410132281829
UBFC_PHYS_s14_T1_ctrl,143,141,147.7,0.3986513316631317,-1.5508113581072203
UBFC_PHYS_s14_T1_ctrl,143,142,147.73333333333332,0.2565930187702179,-1.477729882546624
UBFC_PHYS_s14_T1_ctrl,143,143,147.76666666666668,0.0643467828631401,-1.2051065765175277
UBFC_PHYS_s14_T1_ctrl,143,144,147.8,-0.14040420949459076,-0.7650150157045461
UBFC_PHYS_s14_T1_ctrl,143,145,147.83333333333334,-0.4034261405467987,-0.22816773476005556
UBFC_PHYS_s14_T1_ctrl,143,146,147.86666666666667,-0.8160260915756226,0.31383457826134553
UBFC_PHYS_s14_T1_ctrl,143,147,147.9,-1.3765143156051636,0.7742799672632578
UBFC_PHYS_s14_T1_ctrl,143,148,147.93333333333334,-1.8562287092208862,1.094593523814859
UBFC_PHYS_s14_T1_ctrl,143,149,147.96666666666667,-1.9196817874908447,1.2553846084217735
UBFC_PHYS_s14_T1_ctrl,143,150,148.0,-1.446895718574524,1.2718720889410753
UBFC_PHYS_s14_T1_ctrl,143,151,148.03333333333333,-0.6495497822761536,1.1780086684169737
UBFC_PHYS_s14_T1_ctrl,143,152,148.06666666666666,0.12715210020542145,1.0082089434019017
UBFC_PHYS_s14_T1_ctrl,143,153,148.1,0.6778956055641174,0.7851028936751979
UBFC_PHYS_s14_T1_ctrl,143,154,148.13333333333333,0.9563794732093811,0.51724901939805
UBFC_PHYS_s14_T1_ctrl,143,155,148.16666666666666,1.0164529085159302,0.2054992701375385
UBFC_PHYS_s14_T1_ctrl,143,156,148.2,0.954858660697937,-0.14637767114391287
UBFC_PHYS_s14_T1_ctrl,143,157,148.23333333333332,0.865382194519043,-0.5218151763652622
UBFC_PHYS_s14_T1_ctrl,143,158,148.26666666666668,0.8025205135345459,-0.8864494044994478
UBFC_PHYS_s14_T1_ctrl,143,159,148.3,0.7482770085334778,-1.190470297225826
UBFC_PHYS_s14_T1_ctrl,143,160,148.33333333333334,0.626947283744812,-1.3785800542664073
UBFC_PHYS_s14_T1_ctrl,143,161,148.36666666666667,0.4091282784938812,-1.405227949351405
UBFC_PHYS_s14_T1_ctrl,143,162,148.4,0.13765721023082733,-1.2503128404448947
UBFC_PHYS_s14_T1_ctrl,143,163,148.43333333333334,-0.1738346517086029,-0.9292930591706215
UBFC_PHYS_s14_T1_ctrl,143,164,148.46666666666667,-0.5706629157066345,-0.4927130706184056
UBFC_PHYS_s14_T1_ctrl,143,165,148.5,-1.076400637626648,-0.013837236696863677
UBFC_PHYS_s14_T1_ctrl,143,166,148.53333333333333,-1.6457322835922241,0.43172695050721477
UBFC_PHYS_s14_T1_ctrl,143,167,148.56666666666666,-2.0808351039886475,0.7864607046896916
UBFC_PHYS_s14_T1_ctrl,143,168,148.6,-2.0490663051605225,1.0230353072101666
UBFC_PHYS_s14_T1_ctrl,143,169,148.63333333333333,-1.4160000085830688,1.143613943754525
UBFC_PHYS_s14_T1_ctrl,143,170,148.66666666666666,-0.46594980359077454,1.168382254183527
UBFC_PHYS_s14_T1_ctrl,143,171,148.7,0.3941732943058014,1.1203504217044378
UBFC_PHYS_s14_T1_ctrl,143,172,148.73333333333332,0.9746015071868896,1.0139255612772413
UBFC_PHYS_s14_T1_ctrl,143,173,148.76666666666668,1.256239652633667,0.8514847683236239
UBFC_PHYS_s14_T1_ctrl,143,174,148.8,1.2791368961334229,0.6279034030472325
UBFC_PHYS_s14_T1_ctrl,143,175,148.83333333333334,1.1641721725463867,0.33970261330983875
UBFC_PHYS_s14_T1_ctrl,143,176,148.86666666666667,1.0576847791671753,-0.005845193072780761
UBFC_PHYS_s14_T1_ctrl,143,177,148.9,1.0181427001953125,-0.38555899069011795
UBFC_PHYS_s14_T1_ctrl,143,178,148.93333333333334,0.9915279746055603,-0.7609250499827851
UBFC_PHYS_s14_T1_ctrl,143,179,148.96666666666667,0.8972917795181274,-1.0840106052738958
UBFC_PHYS_s14_T1_ctrl,143,180,149.0,0.6987650394439697,-1.307005880074385
UBFC_PHYS_s14_T1_ctrl,143,181,149.03333333333333,0.4334336519241333,-1.3930302299618031
UBFC_PHYS_s14_T1_ctrl,143,182,149.06666666666666,0.1550624519586563,-1.3253788179983446
UBFC_PHYS_s14_T1_ctrl,143,183,149.1,-0.14564266800880432,-1.1123403939661842
UBFC_PHYS_s14_T1_ctrl,143,184,149.13333333333333,-0.5240799188613892,-0.7855962471112474
UBFC_PHYS_s14_T1_ctrl,143,185,149.16666666666666,-1.0313385725021362,-0.39222017185158203
UBFC_PHYS_s14_T1_ctrl,143,186,149.2,-1.616132140159607,0.017088673582804876
UBFC_PHYS_s14_T1_ctrl,143,187,149.23333333333332,-1.9982588291168213,0.3991184369646488
UBFC_PHYS_s14_T1_ctrl,143,188,149.26666666666668,-1.817165493965149,0.7244550739164027
UBFC_PHYS_s14_T1_ctrl,143,189,149.3,-1.07547128200531,0.9771578075819009
UBFC_PHYS_s14_T1_ctrl,143,190,149.33333333333334,-0.13389836251735687,1.1492132611601547
UBFC_PHYS_s14_T1_ctrl,143,191,149.36666666666667,0.688344419002533,1.2336871080842835
UBFC_PHYS_s14_T1_ctrl,143,192,149.4,1.2232035398483276,1.2209208735310444
UBFC_PHYS_s14_T1_ctrl,143,193,149.43333333333334,1.4184069633483887,1.1002822333961715
UBFC_PHYS_s14_T1_ctrl,143,194,149.46666666666667,1.367965579032898,0.866828118972645
UBFC_PHYS_s14_T1_ctrl,143,195,149.5,1.2433124780654907,0.5295398375824549
UBFC_PHYS_s14_T1_ctrl,143,196,149.53333333333333,1.150090217590332,0.11694884090684537
UBFC_PHYS_s14_T1_ctrl,143,197,149.56666666666666,1.1054224967956543,-0.32296032939017044
UBFC_PHYS_s14_T1_ctrl,143,198,149.6,1.0891156196594238,-0.7295063028525254
UBFC_PHYS_s14_T1_ctrl,143,199,149.63333333333333,1.0538544654846191,-1.041276756547048
UBFC_PHYS_s14_T1_ctrl,143,200,149.66666666666666,0.92027348279953,-1.2100170697113837
UBFC_PHYS_s14_T1_ctrl,143,201,149.7,0.6338755488395691,-1.2123379601680628
UBFC_PHYS_s14_T1_ctrl,143,202,149.73333333333332,0.26222577691078186,-1.0555120235996425
UBFC_PHYS_s14_T1_ctrl,143,203,149.76666666666668,-0.056954797357320786,-0.7750849102075029
UBFC_PHYS_s14_T1_ctrl,143,204,149.8,-0.33633992075920105,-0.4243955382841528
UBFC_PHYS_s14_T1_ctrl,143,205,149.83333333333334,-0.7343510389328003,-0.059271506610576376
UBFC_PHYS_s14_T1_ctrl,143,206,149.86666666666667,-1.2477493286132812,0.27595376559842405
UBFC_PHYS_s14_T1_ctrl,143,207,149.9,-1.5965300798416138,0.5550499829268262
UBFC_PHYS_s14_T1_ctrl,143,208,149.93333333333334,-1.4585837125778198,0.7672589623220543
UBFC_PHYS_s14_T1_ctrl,143,209,149.96666666666667,-0.7685137391090393,0.9087253848921933
UBFC_PHYS_s14_T1_ctrl,143,210,150.0,0.19857555627822876,0.9737445638572307
UBFC_PHYS_s14_T1_ctrl,143,211,150.03333333333333,1.0478274822235107,0.9508811009822579
UBFC_PHYS_s14_T1_ctrl,143,212,150.06666666666666,1.5875871181488037,0.8264235021427124
UBFC_PHYS_s14_T1_ctrl,143,213,150.1,1.8256276845932007,0.5940372777075946
UBFC_PHYS_s14_T1_ctrl,143,214,150.13333333333333,1.8352034091949463,0.2659148652258022
UBFC_PHYS_s14_T1_ctrl,143,215,150.16666666666666,1.763075828552246,-0.12098148876658639
UBFC_PHYS_s14_T1_ctrl,143,216,150.2,1.7824525833129883,-0.508449569126928
UBFC_PHYS_s14_T1_ctrl,143,217,150.23333333333332,1.8780686855316162,-0.8306980442437089
UBFC_PHYS_s14_T1_ctrl,143,218,150.26666666666668,1.8030121326446533,-1.0330193774173244
UBFC_PHYS_s14_T1_ctrl,143,219,150.3,1.3959040641784668,-1.0873751870324595
UBFC_PHYS_s14_T1_ctrl,143,220,150.33333333333334,0.8043793439865112,-0.9983540015048925
UBFC_PHYS_s14_T1_ctrl,143,221,150.36666666666667,0.24845367670059204,-0.7978639215120055
UBFC_PHYS_s14_T1_ctrl,143,222,150.4,-0.21703796088695526,-0.5321041084264592
UBFC_PHYS_s14_T1_ctrl,143,223,150.43333333333334,-0.6561964154243469,-0.2471248696329997
UBFC_PHYS_s14_T1_ctrl,143,224,150.46666666666667,-1.1060007810592651,0.02142922358273898
UBFC_PHYS_s14_T1_ctrl,143,225,150.5,-1.5351892709732056,0.2517615874529741
UBFC_PHYS_s14_T1_ctrl,143,226,150.53333333333333,-1.811307430267334,0.43310823235207324
UBFC_PHYS_s14_T1_ctrl,143,227,150.56666666666666,-1.7246472835540771,0.5594964657061711
UBFC_PHYS_s14_T1_ctrl,143,228,150.6,-1.2022929191589355,0.6238817009144584
UBFC_PHYS_s14_T1_ctrl,143,229,150.63333333333333,-0.46654126048088074,0.6160641014608337
UBFC_PHYS_s14_T1_ctrl,143,230,150.66666666666666,0.16139930486679077,0.5261302025710265
UBFC_PHYS_s14_T1_ctrl,143,231,150.7,0.5235297083854675,0.35249824495771415
UBFC_PHYS_s14_T1_ctrl,143,232,150.73333333333332,0.592559278011322,0.11078727028345779
UBFC_PHYS_s14_T1_ctrl,143,233,150.76666666666668,0.3933846950531006,-0.1616738153850259
UBFC_PHYS_s14_T1_ctrl,143,234,150.8,0.09321469813585281,-0.40963606374816186
UBFC_PHYS_s14_T1_ctrl,143,235,150.83333333333334,-0.07264205068349838,-0.5725332674917942
UBFC_PHYS_s14_T1_ctrl,143,236,150.86666666666667,-0.09046974778175354,-0.6023726723824443
UBFC_PHYS_s14_T1_ctrl,143,237,150.9,-0.1707366406917572,-0.480490913400425
UBFC_PHYS_s14_T1_ctrl,143,238,150.93333333333334,-0.4088335931301117,-0.226408995186465
UBFC_PHYS_s14_T1_ctrl,143,239,150.96666666666667,-0.6885848045349121,0.1051871021943545
UBFC_PHYS_s14_T1_ctrl,144,0,144.0,0.7321391701698303,0.13011797059434363
UBFC_PHYS_s14_T1_ctrl,144,1,144.03333333333333,0.5337250232696533,0.03354664028177809
UBFC_PHYS_s14_T1_ctrl,144,2,144.06666666666666,0.4005383253097534,0.018006147877641834
UBFC_PHYS_s14_T1_ctrl,144,3,144.1,0.29658564925193787,0.13854809207364144
UBFC_PHYS_s14_T1_ctrl,144,4,144.13333333333333,0.1777624934911728,0.4019165794564888
UBFC_PHYS_s14_T1_ctrl,144,5,144.16666666666666,0.04789910838007927,0.7645342891221102
UBFC_PHYS_s14_T1_ctrl,144,6,144.2,-0.0809222087264061,1.148679864756001
UBFC_PHYS_s14_T1_ctrl,144,7,144.23333333333332,-0.2627760171890259,1.4705940562739095
UBFC_PHYS_s14_T1_ctrl,144,8,144.26666666666668,-0.607332170009613,1.6679474418757982
UBFC_PHYS_s14_T1_ctrl,144,9,144.3,-1.0911866426467896,1.7142375680688213
UBFC_PHYS_s14_T1_ctrl,144,10,144.33333333333334,-1.4477406740188599,1.6159173898842292
UBFC_PHYS_s14_T1_ctrl,144,11,144.36666666666667,-1.3756976127624512,1.3980952275852863
UBFC_PHYS_s14_T1_ctrl,144,12,144.4,-0.8502169847488403,1.0891034027740705
UBFC_PHYS_s14_T1_ctrl,144,13,144.43333333333334,-0.1470508575439453,0.7118652627754584
UBFC_PHYS_s14_T1_ctrl,144,14,144.46666666666667,0.44588208198547363,0.2840389162409789
UBFC_PHYS_s14_T1_ctrl,144,15,144.5,0.8208552002906799,-0.17618238987761495
UBFC_PHYS_s14_T1_ctrl,144,16,144.53333333333333,0.9665747880935669,-0.6432339306718781
UBFC_PHYS_s14_T1_ctrl,144,17,144.56666666666666,0.9167529940605164,-1.0798475732096884
UBFC_PHYS_s14_T1_ctrl,144,18,144.6,0.7618801593780518,-1.4373925982318643
UBFC_PHYS_s14_T1_ctrl,144,19,144.63333333333333,0.6131470203399658,-1.662077643834617
UBFC_PHYS_s14_T1_ctrl,144,20,144.66666666666666,0.5076735019683838,-1.7070229578665415
UBFC_PHYS_s14_T1_ctrl,144,21,144.7,0.4066780209541321,-1.5479419783679653
UBFC_PHYS_s14_T1_ctrl,144,22,144.73333333333332,0.26152169704437256,-1.1969990684308058
UBFC_PHYS_s14_T1_ctrl,144,23,144.76666666666668,0.07471106946468353,-0.7075244220685691
UBFC_PHYS_s14_T1_ctrl,144,24,144.8,-0.14674106240272522,-0.16419246001895957
UBFC_PHYS_s14_T1_ctrl,144,25,144.83333333333334,-0.4629926085472107,0.3401330056212818
UBFC_PHYS_s14_T1_ctrl,144,26,144.86666666666667,-0.9106847047805786,0.731202889232935
UBFC_PHYS_s14_T1_ctrl,144,27,144.9,-1.3744020462036133,0.9707795078534542
UBFC_PHYS_s14_T1_ctrl,144,28,144.93333333333334,-1.6118793487548828,1.0574033556974811
UBFC_PHYS_s14_T1_ctrl,144,29,144.96666666666667,-1.4280540943145752,1.0134194208927059
UBFC_PHYS_s14_T1_ctrl,144,30,145.0,-0.8432042002677917,0.8678224551489899
UBFC_PHYS_s14_T1_ctrl,144,31,145.03333333333333,-0.10001727938652039,0.6444401845152109
UBFC_PHYS_s14_T1_ctrl,144,32,145.06666666666666,0.5296131372451782,0.35962114804640266
UBFC_PHYS_s14_T1_ctrl,144,33,145.1,0.9124439358711243,0.027471165973694617
UBFC_PHYS_s14_T1_ctrl,144,34,145.13333333333333,1.0230432748794556,-0.3322557493613705
UBFC_PHYS_s14_T1_ctrl,144,35,145.16666666666666,0.926328718662262,-0.6882107218019518
UBFC_PHYS_s14_T1_ctrl,144,36,145.2,0.7614576816558838,-0.9964263546920992
UBFC_PHYS_s14_T1_ctrl,144,37,145.23333333333332,0.647901177406311,-1.2054873800690873
UBFC_PHYS_s14_T1_ctrl,144,38,145.26666666666668,0.5981357097625732,-1.267590046601135
UBFC_PHYS_s14_T1_ctrl,144,39,145.3,0.540259063243866,-1.1531535005649878
UBFC_PHYS_s14_T1_ctrl,144,40,145.33333333333334,0.4150145351886749,-0.8641165643749792
UBFC_PHYS_s14_T1_ctrl,144,41,145.36666666666667,0.21595263481140137,-0.4396218627227664
UBFC_PHYS_s14_T1_ctrl,144,42,145.4,-0.04661867767572403,0.05061264661247401
UBFC_PHYS_s14_T1_ctrl,144,43,145.43333333333334,-0.38359880447387695,0.5246632859420298
UBFC_PHYS_s14_T1_ctrl,144,44,145.46666666666667,-0.8339383006095886,0.9111205406363057
UBFC_PHYS_s14_T1_ctrl,144,45,145.5,-1.3670512437820435,1.1657082338238078
UBFC_PHYS_s14_T1_ctrl,144,46,145.53333333333333,-1.74264395236969,1.2752843140476757
UBFC_PHYS_s14_T1_ctrl,144,47,145.56666666666666,-1.6590256690979004,1.2502133986591044
UBFC_PHYS_s14_T1_ctrl,144,48,145.6,-1.0882294178009033,1.1115917935992878
UBFC_PHYS_s14_T1_ctrl,144,49,145.63333333333333,-0.31020388007164,0.880745798603887
UBFC_PHYS_s14_T1_ctrl,144,50,145.66666666666666,0.3786831796169281,0.5753845113071763
UBFC_PHYS_s14_T1_ctrl,144,51,145.7,0.8404572010040283,0.21234126310010312
UBFC_PHYS_s14_T1_ctrl,144,52,145.73333333333332,1.0414624214172363,-0.18633594581960983
UBFC_PHYS_s14_T1_ctrl,144,53,145.76666666666668,0.9929361343383789,-0.5880803916000772
UBFC_PHYS_s14_T1_ctrl,144,54,145.8,0.7789474129676819,-0.9484852818183912
UBFC_PHYS_s14_T1_ctrl,144,55,145.83333333333334,0.5618888735771179,-1.2155315811474494
UBFC_PHYS_s14_T1_ctrl,144,56,145.86666666666667,0.4678780138492584,-1.3393866168073905
UBFC_PHYS_s14_T1_ctrl,144,57,145.9,0.4620199501514435,-1.285953850833899
UBFC_PHYS_s14_T1_ctrl,144,58,145.93333333333334,0.40822702646255493,-1.0500149477619252
UBFC_PHYS_s14_T1_ctrl,144,59,145.96666666666667,0.25352317094802856,-0.6622165415354535
UBFC_PHYS_s14_T1_ctrl,144,60,146.0,0.05198286101222038,-0.18507014555001822
UBFC_PHYS_s14_T1_ctrl,144,61,146.03333333333333,-0.16031602025032043,0.30249650210940515
UBFC_PHYS_s14_T1_ctrl,144,62,146.06666666666666,-0.4536985456943512,0.7261967477321025
UBFC_PHYS_s14_T1_ctrl,144,63,146.1,-0.9136700630187988,1.0337044703623486
UBFC_PHYS_s14_T1_ctrl,144,64,146.13333333333333,-1.425519347190857,1.2014620657035937
UBFC_PHYS_s14_T1_ctrl,144,65,146.16666666666666,-1.656716227531433,1.2304987303956143
UBFC_PHYS_s14_T1_ctrl,144,66,146.2,-1.3702619075775146,1.136160001569919
UBFC_PHYS_s14_T1_ctrl,144,67,146.23333333333332,-0.6695179343223572,0.9383447115181048
UBFC_PHYS_s14_T1_ctrl,144,68,146.26666666666668,0.12475817650556564,0.6566850277377948
UBFC_PHYS_s14_T1_ctrl,144,69,146.3,0.7340824604034424,0.31126300358738573
UBFC_PHYS_s14_T1_ctrl,144,70,146.33333333333334,1.033492088317871,-0.07347182841143281
UBFC_PHYS_s14_T1_ctrl,144,71,146.36666666666667,1.0220293998718262,-0.4648723617875053
UBFC_PHYS_s14_T1_ctrl,144,72,146.4,0.8249952793121338,-0.8209827652119918
UBFC_PHYS_s14_T1_ctrl,144,73,146.43333333333334,0.6362413167953491,-1.0936558131603575
UBFC_PHYS_s14_T1_ctrl,144,74,146.46666666666667,0.5560026168823242,-1.2364896636601284
UBFC_PHYS_s14_T1_ctrl,144,75,146.5,0.5065469145774841,-1.2167054495405234
UBFC_PHYS_s14_T1_ctrl,144,76,146.53333333333333,0.37524721026420593,-1.0275660189744849
UBFC_PHYS_s14_T1_ctrl,144,77,146.56666666666666,0.18866188824176788,-0.69571681755796
UBFC_PHYS_s14_T1_ctrl,144,78,146.6,0.0050056083127856255,-0.27808588775595805
UBFC_PHYS_s14_T1_ctrl,144,79,146.63333333333333,-0.19529548287391663,0.15281088142374386
UBFC_PHYS_s14_T1_ctrl,144,80,146.66666666666666,-0.45961296558380127,0.5295138419199334
UBFC_PHYS_s14_T1_ctrl,144,81,146.7,-0.8100835680961609,0.8064527540782541
UBFC_PHYS_s14_T1_ctrl,144,82,146.73333333333332,-1.1720168590545654,0.9656991799175001
UBFC_PHYS_s14_T1_ctrl,144,83,146.76666666666668,-1.2839962244033813,1.0111789858060771
UBFC_PHYS_s14_T1_ctrl,144,84,146.8,-0.9320892095565796,0.9569510174617851
UBFC_PHYS_s14_T1_ctrl,144,85,146.83333333333334,-0.2727459967136383,0.8170492095573121
UBFC_PHYS_s14_T1_ctrl,144,86,146.86666666666667,0.37482476234436035,0.6016553700708778
UBFC_PHYS_s14_T1_ctrl,144,87,146.9,0.8159546852111816,0.31977037353743193
UBFC_PHYS_s14_T1_ctrl,144,88,146.93333333333334,0.9633923172950745,-0.0146578619394221
UBFC_PHYS_s14_T1_ctrl,144,89,146.96666666666667,0.8061255216598511,-0.37698851469703326
UBFC_PHYS_s14_T1_ctrl,144,90,147.0,0.5006325244903564,-0.7294502280356235
UBFC_PHYS_s14_T1_ctrl,144,91,147.03333333333333,0.28441888093948364,-1.023575092826061
UBFC_PHYS_s14_T1_ctrl,144,92,147.06666666666666,0.2238103300333023,-1.2079723468162948
UBFC_PHYS_s14_T1_ctrl,144,93,147.1,0.1895349621772766,-1.2405025642347227
UBFC_PHYS_s14_T1_ctrl,144,94,147.13333333333333,0.06367085129022598,-1.1017123772967352
UBFC_PHYS_s14_T1_ctrl,144,95,147.16666666666666,-0.11995726823806763,-0.8043881161446285
UBFC_PHYS_s14_T1_ctrl,144,96,147.2,-0.29569950699806213,-0.3940124084177694
UBFC_PHYS_s14_T1_ctrl,144,97,147.23333333333332,-0.5183627009391785,0.06194024178066336
UBFC_PHYS_s14_T1_ctrl,144,98,147.26666666666668,-0.8867736458778381,0.49232965416110147
UBFC_PHYS_s14_T1_ctrl,144,99,147.3,-1.350490927696228,0.8404554637941385
UBFC_PHYS_s14_T1_ctrl,144,100,147.33333333333334,-1.6815003156661987,1.0744165176596978
UBFC_PHYS_s14_T1_ctrl,144,101,147.36666666666667,-1.6192301511764526,1.1866954421091835
UBFC_PHYS_s14_T1_ctrl,144,102,147.4,-1.0719225406646729,1.1856337859893205
UBFC_PHYS_s14_T1_ctrl,144,103,147.43333333333334,-0.2500459551811218,1.0849311477851933
UBFC_PHYS_s14_T1_ctrl,144,104,147.46666666666667,0.48604369163513184,0.8967552894087506
UBFC_PHYS_s14_T1_ctrl,144,105,147.5,0.9209775924682617,0.630786514943734
UBFC_PHYS_s14_T1_ctrl,144,106,147.53333333333333,1.0274085998535156,0.2981063526436703
UBFC_PHYS_s14_T1_ctrl,144,107,147.56666666666666,0.8886736631393433,-0.08306639608685046
UBFC_PHYS_s14_T1_ctrl,144,108,147.6,0.658293604850769,-0.4828680457941085
UBFC_PHYS_s14_T1_ctrl,144,109,147.63333333333333,0.5071102380752563,-0.8587238991055408
UBFC_PHYS_s14_T1_ctrl,144,110,147.66666666666666,0.4588092565536499,-1.1590567684108128
UBFC_PHYS_s14_T1_ctrl,144,111,147.7,0.3986513316631317,-1.3320889789093142
UBFC_PHYS_s14_T1_ctrl,144,112,147.73333333333332,0.2565930187702179,-1.3384432250859326
UBFC_PHYS_s14_T1_ctrl,144,113,147.76666666666668,0.0643467828631401,-1.1641204555422666
UBFC_PHYS_s14_T1_ctrl,144,114,147.8,-0.14040420949459076,-0.828730601487932
UBFC_PHYS_s14_T1_ctrl,144,115,147.83333333333334,-0.4034261405467987,-0.38426200312746367
UBFC_PHYS_s14_T1_ctrl,144,116,147.86666666666667,-0.8160260915756226,0.09691932609649827
UBFC_PHYS_s14_T1_ctrl,144,117,147.9,-1.3765143156051636,0.5410403445688218
UBFC_PHYS_s14_T1_ctrl,144,118,147.93333333333334,-1.8562287092208862,0.8910649527624381
UBFC_PHYS_s14_T1_ctrl,144,119,147.96666666666667,-1.9196817874908447,1.116395934124975
UBFC_PHYS_s14_T1_ctrl,144,120,148.0,-1.446895718574524,1.2114862458225135
UBFC_PHYS_s14_T1_ctrl,144,121,148.03333333333333,-0.6495497822761536,1.1867433411469441
UBFC_PHYS_s14_T1_ctrl,144,122,148.06666666666666,0.12715210020542145,1.057988281625038
UBFC_PHYS_s14_T1_ctrl,144,123,148.1,0.6778956055641174,0.839704584598025
UBFC_PHYS_s14_T1_ctrl,144,124,148.13333333333333,0.9563794732093811,0.5440760219634847
UBFC_PHYS_s14_T1_ctrl,144,125,148.16666666666666,1.0164529085159302,0.18462137542635498
UBFC_PHYS_s14_T1_ctrl,144,126,148.2,0.954858660697937,-0.21836456053236386
UBFC_PHYS_s14_T1_ctrl,144,127,148.23333333333332,0.865382194519043,-0.6334019220677403
UBFC_PHYS_s14_T1_ctrl,144,128,148.26666666666668,0.8025205135345459,-1.0166231059204673
UBFC_PHYS_s14_T1_ctrl,144,129,148.3,0.7482770085334778,-1.3151727669464752
UBFC_PHYS_s14_T1_ctrl,144,130,148.33333333333334,0.626947283744812,-1.4757415518001575
UBFC_PHYS_s14_T1_ctrl,144,131,148.36666666666667,0.4091282784938812,-1.4572667475187662
UBFC_PHYS_s14_T1_ctrl,144,132,148.4,0.13765721023082733,-1.2445656602581439
UBFC_PHYS_s14_T1_ctrl,144,133,148.43333333333334,-0.1738346517086029,-0.857733638650405
UBFC_PHYS_s14_T1_ctrl,144,134,148.46666666666667,-0.5706629157066345,-0.35215579564937494
UBFC_PHYS_s14_T1_ctrl,144,135,148.5,-1.076400637626648,0.1929673067757219
UBFC_PHYS_s14_T1_ctrl,144,136,148.53333333333333,-1.6457322835922241,0.694339369502671
UBFC_PHYS_s14_T1_ctrl,144,137,148.56666666666666,-2.0808351039886475,1.0848970000981026
UBFC_PHYS_s14_T1_ctrl,144,138,148.6,-2.0490663051605225,1.3267445854681226
UBFC_PHYS_s14_T1_ctrl,144,139,148.63333333333333,-1.4160000085830688,1.4126194496076425
UBFC_PHYS_s14_T1_ctrl,144,140,148.66666666666666,-0.46594980359077454,1.357715747511687
UBFC_PHYS_s14_T1_ctrl,144,141,148.7,0.3941732943058014,1.187811576926586
UBFC_PHYS_s14_T1_ctrl,144,142,148.73333333333332,0.9746015071868896,0.9295859161640457
UBFC_PHYS_s14_T1_ctrl,144,143,148.76666666666668,1.256239652633667,0.6060654002859692
UBFC_PHYS_s14_T1_ctrl,144,144,148.8,1.2791368961334229,0.2370249512870041
UBFC_PHYS_s14_T1_ctrl,144,145,148.83333333333334,1.1641721725463867,-0.15763750266802729
UBFC_PHYS_s14_T1_ctrl,144,146,148.86666666666667,1.0576847791671753,-0.5538747229870759
UBFC_PHYS_s14_T1_ctrl,144,147,148.9,1.0181427001953125,-0.9207237137481673
UBFC_PHYS_s14_T1_ctrl,144,148,148.93333333333334,0.9915279746055603,-1.2202671612607698
UBFC_PHYS_s14_T1_ctrl,144,149,148.96666666666667,0.8972917795181274,-1.4112888641307266
UBFC_PHYS_s14_T1_ctrl,144,150,149.0,0.6987650394439697,-1.4566875779134352
UBFC_PHYS_s14_T1_ctrl,144,151,149.03333333333333,0.4334336519241333,-1.3333674766814714
UBFC_PHYS_s14_T1_ctrl,144,152,149.06666666666666,0.1550624519586563,-1.0418508403598645
UBFC_PHYS_s14_T1_ctrl,144,153,149.1,-0.14564266800880432,-0.6118595474748326
UBFC_PHYS_s14_T1_ctrl,144,154,149.13333333333333,-0.5240799188613892,-0.10039080157803701
UBFC_PHYS_s14_T1_ctrl,144,155,149.16666666666666,-1.0313385725021362,0.4188706559403021
UBFC_PHYS_s14_T1_ctrl,144,156,149.2,-1.616132140159607,0.8720269235998853
UBFC_PHYS_s14_T1_ctrl,144,157,149.23333333333332,-1.9982588291168213,1.2013349772335948
UBFC_PHYS_s14_T1_ctrl,144,158,149.26666666666668,-1.817165493965149,1.3753002627687603
UBFC_PHYS_s14_T1_ctrl,144,159,149.3,-1.07547128200531,1.3894892524375206
UBFC_PHYS_s14_T1_ctrl,144,160,149.33333333333334,-0.13389836251735687,1.2598055804042863
UBFC_PHYS_s14_T1_ctrl,144,161,149.36666666666667,0.688344419002533,1.0132173154959527
UBFC_PHYS_s14_T1_ctrl,144,162,149.4,1.2232035398483276,0.680613685876114
UBFC_PHYS_s14_T1_ctrl,144,163,149.43333333333334,1.4184069633483887,0.29362649222596027
UBFC_PHYS_s14_T1_ctrl,144,164,149.46666666666667,1.367965579032898,-0.11564175818793693
UBFC_PHYS_s14_T1_ctrl,144,165,149.5,1.2433124780654907,-0.5141261127205492
UBFC_PHYS_s14_T1_ctrl,144,166,149.53333333333333,1.150090217590332,-0.8677740326338519
UBFC_PHYS_s14_T1_ctrl,144,167,149.56666666666666,1.1054224967956543,-1.1421322516386374
UBFC_PHYS_s14_T1_ctrl,144,168,149.6,1.0891156196594238,-1.3039613311974507
UBFC_PHYS_s14_T1_ctrl,144,169,149.63333333333333,1.0538544654846191,-1.3250121150991157
UBFC_PHYS_s14_T1_ctrl,144,170,149.66666666666666,0.92027348279953,-1.1886453017414444
UBFC_PHYS_s14_T1_ctrl,144,171,149.7,0.6338755488395691,-0.8980717242158116
UBFC_PHYS_s14_T1_ctrl,144,172,149.73333333333332,0.26222577691078186,-0.48268051664081596
UBFC_PHYS_s14_T1_ctrl,144,173,149.76666666666668,-0.056954797357320786,0.001995705600744754
UBFC_PHYS_s14_T1_ctrl,144,174,149.8,-0.33633992075920105,0.48330938470493684
UBFC_PHYS_s14_T1_ctrl,144,175,149.83333333333334,-0.7343510389328003,0.8878286148846306
UBFC_PHYS_s14_T1_ctrl,144,176,149.86666666666667,-1.2477493286132812,1.1586653951474981
UBFC_PHYS_s14_T1_ctrl,144,177,149.9,-1.5965300798416138,1.266397090868919
UBFC_PHYS_s14_T1_ctrl,144,178,149.93333333333334,-1.4585837125778198,1.210198637542414
UBFC_PHYS_s14_T1_ctrl,144,179,149.96666666666667,-0.7685137391090393,1.0113475817513036
UBFC_PHYS_s14_T1_ctrl,144,180,150.0,0.19857555627822876,0.7039492005597019
UBFC_PHYS_s14_T1_ctrl,144,181,150.03333333333333,1.0478274822235107,0.3270567370569484
UBFC_PHYS_s14_T1_ctrl,144,182,150.06666666666666,1.5875871181488037,-0.07986710282959865
UBFC_PHYS_s14_T1_ctrl,144,183,150.1,1.8256276845932007,-0.4783240335489033
UBFC_PHYS_s14_T1_ctrl,144,184,150.13333333333333,1.8352034091949463,-0.8303456902932059
UBFC_PHYS_s14_T1_ctrl,144,185,150.16666666666666,1.763075828552246,-1.0980827905743864
UBFC_PHYS_s14_T1_ctrl,144,186,150.2,1.7824525833129883,-1.2454099871234212
UBFC_PHYS_s14_T1_ctrl,144,187,150.23333333333332,1.8780686855316162,-1.2429893792721174
UBFC_PHYS_s14_T1_ctrl,144,188,150.26666666666668,1.8030121326446533,-1.076551358005226
UBFC_PHYS_s14_T1_ctrl,144,189,150.3,1.3959040641784668,-0.7557188130006626
UBFC_PHYS_s14_T1_ctrl,144,190,150.33333333333334,0.8043793439865112,-0.3187644797736927
UBFC_PHYS_s14_T1_ctrl,144,191,150.36666666666667,0.24845367670059204,0.17098149530039156
UBFC_PHYS_s14_T1_ctrl,144,192,150.4,-0.21703796088695526,0.6380020889385755
UBFC_PHYS_s14_T1_ctrl,144,193,150.43333333333334,-0.6561964154243469,1.0127764726294264
UBFC_PHYS_s14_T1_ctrl,144,194,150.46666666666667,-1.1060007810592651,1.247786630129891
UBFC_PHYS_s14_T1_ctrl,144,195,150.5,-1.5351892709732056,1.3246142071304938
UBFC_PHYS_s14_T1_ctrl,144,196,150.53333333333333,-1.811307430267334,1.2506681242268893
UBFC_PHYS_s14_T1_ctrl,144,197,150.56666666666666,-1.7246472835540771,1.0497139400458002
UBFC_PHYS_s14_T1_ctrl,144,198,150.6,-1.2022929191589355,0.7521807172323781
UBFC_PHYS_s14_T1_ctrl,144,199,150.63333333333333,-0.46654126048088074,0.3893427152875307
UBFC_PHYS_s14_T1_ctrl,144,200,150.66666666666666,0.16139930486679077,-0.007676019342899715
UBFC_PHYS_s14_T1_ctrl,144,201,150.7,0.5235297083854675,-0.4057155770565424
UBFC_PHYS_s14_T1_ctrl,144,202,150.73333333333332,0.592559278011322,-0.7670558501049518
UBFC_PHYS_s14_T1_ctrl,144,203,150.76666666666668,0.3933846950531006,-1.049327565954528
UBFC_PHYS_s14_T1_ctrl,144,204,150.8,0.09321469813585281,-1.2097366125174422
UBFC_PHYS_s14_T1_ctrl,144,205,150.83333333333334,-0.07264205068349838,-1.2138850362751072
UBFC_PHYS_s14_T1_ctrl,144,206,150.86666666666667,-0.09046974778175354,-1.0472674636252834
UBFC_PHYS_s14_T1_ctrl,144,207,150.9,-0.1707366406917572,-0.7251359412002324
UBFC_PHYS_s14_T1_ctrl,144,208,150.93333333333334,-0.4088335931301117,-0.29510342016945423
UBFC_PHYS_s14_T1_ctrl,144,209,150.96666666666667,-0.6885848045349121,0.1712934355379381
UBFC_PHYS_s14_T1_ctrl,144,210,151.0,-0.9555778503417969,0.5964472746304891
UBFC_PHYS_s14_T1_ctrl,144,211,151.03333333333333,-1.34097158908844,0.9167472129249937
UBFC_PHYS_s14_T1_ctrl,144,212,151.06666666666666,-1.9416214227676392,1.0959980416404174
UBFC_PHYS_s14_T1_ctrl,144,213,151.1,-2.6290156841278076,1.1269625732491224
UBFC_PHYS_s14_T1_ctrl,144,214,151.13333333333333,-2.9786977767944336,1.0227055897110446
UBFC_PHYS_s14_T1_ctrl,144,215,151.16666666666666,-2.551762342453003,0.8047116956309441
UBFC_PHYS_s14_T1_ctrl,144,216,151.2,-1.3956938982009888,0.49477873531246247
UBFC_PHYS_s14_T1_ctrl,144,217,151.23333333333332,-0.054927002638578415,0.11366105068171649
UBFC_PHYS_s14_T1_ctrl,144,218,151.26666666666668,0.95229572057724,-0.3150758970512223
UBFC_PHYS_s14_T1_ctrl,144,219,151.3,1.4430503845214844,-0.7598893373241781
UBFC_PHYS_s14_T1_ctrl,144,220,151.33333333333334,1.4653842449188232,-1.1782820896924424
UBFC_PHYS_s14_T1_ctrl,144,221,151.36666666666667,1.2057138681411743,-1.5180203562241859
UBFC_PHYS_s14_T1_ctrl,144,222,151.4,0.9443817138671875,-1.7235761126383273
UBFC_PHYS_s14_T1_ctrl,144,223,151.43333333333334,0.8568767309188843,-1.7477610414270417
UBFC_PHYS_s14_T1_ctrl,144,224,151.46666666666667,0.8952077031135559,-1.5663130487153367
UBFC_PHYS_s14_T1_ctrl,144,225,151.5,0.9290042519569397,-1.1903595893763705
UBFC_PHYS_s14_T1_ctrl,144,226,151.53333333333333,0.899319589138031,-0.6701268318803145
UBFC_PHYS_s14_T1_ctrl,144,227,151.56666666666666,0.7704137563705444,-0.08544480492152828
UBFC_PHYS_s14_T1_ctrl,144,228,151.6,0.4649771451950073,0.4751579664889314
UBFC_PHYS_s14_T1_ctrl,144,229,151.63333333333333,-0.015497653745114803,0.9384320975433229
UBFC_PHYS_s14_T1_ctrl,144,230,151.66666666666666,-0.5494555234909058,1.2629259483672735
UBFC_PHYS_s14_T1_ctrl,144,231,151.7,-0.9995979070663452,1.4415706713729863
UBFC_PHYS_s14_T1_ctrl,144,232,151.73333333333332,-1.24541175365448,1.4920202539332337
UBFC_PHYS_s14_T1_ctrl,144,233,151.76666666666668,-1.1473453044891357,1.4426798776688998
UBFC_PHYS_s14_T1_ctrl,144,234,151.8,-0.6639978289604187,1.3221320131476957
UBFC_PHYS_s14_T1_ctrl,144,235,151.83333333333334,0.03719685599207878,1.154678401314026
UBFC_PHYS_s14_T1_ctrl,144,236,151.86666666666667,0.7094109654426575,0.9597332824312917
UBFC_PHYS_s14_T1_ctrl,144,237,151.9,1.1764798164367676,0.7513994447338115
UBFC_PHYS_s14_T1_ctrl,144,238,151.93333333333334,1.3484480381011963,0.537133006151705
UBFC_PHYS_s14_T1_ctrl,144,239,151.96666666666667,1.2446361780166626,0.31752127998069435
UBFC_PHYS_s14_T1_ctrl,145,0,145.0,-0.8432042002677917,-0.02400228679182575
UBFC_PHYS_s14_T1_ctrl,145,1,145.03333333333333,-0.10001727938652039,-0.11747078547491266
UBFC_PHYS_s14_T1_ctrl,145,2,145.06666666666666,0.5296131372451782,-0.25427033888431744
UBFC_PHYS_s14_T1_ctrl,145,3,145.1,0.9124439358711243,-0.4595584447009155
UBFC_PHYS_s14_T1_ctrl,145,4,145.13333333333333,1.0230432748794556,-0.7262299615079036
UBFC_PHYS_s14_T1_ctrl,145,5,145.16666666666666,0.926328718662262,-1.0130818886400799
UBFC_PHYS_s14_T1_ctrl,145,6,145.2,0.7614576816558838,-1.2543771475549164
UBFC_PHYS_s14_T1_ctrl,145,7,145.23333333333332,0.647901177406311,-1.3779041863091461
UBFC_PHYS_s14_T1_ctrl,145,8,145.26666666666668,0.5981357097625732,-1.3264948560973713
UBFC_PHYS_s14_T1_ctrl,145,9,145.3,0.540259063243866,-1.0771138335959518
UBFC_PHYS_s14_T1_ctrl,145,10,145.33333333333334,0.4150145351886749,-0.6517267798620602
UBFC_PHYS_s14_T1_ctrl,145,11,145.36666666666667,0.21595263481140137,-0.11547857253094178
UBFC_PHYS_s14_T1_ctrl,145,12,145.4,-0.04661867767572403,0.4391151281034262
UBFC_PHYS_s14_T1_ctrl,145,13,145.43333333333334,-0.38359880447387695,0.9179222410294073
UBFC_PHYS_s14_T1_ctrl,145,14,145.46666666666667,-0.8339383006095886,1.2511506017932366
UBFC_PHYS_s14_T1_ctrl,145,15,145.5,-1.3670512437820435,1.408534300481168
UBFC_PHYS_s14_T1_ctrl,145,16,145.53333333333333,-1.74264395236969,1.3985664844899475
UBFC_PHYS_s14_T1_ctrl,145,17,145.56666666666666,-1.6590256690979004,1.2550110205618412
UBFC_PHYS_s14_T1_ctrl,145,18,145.6,-1.0882294178009033,1.0189666409032914
UBFC_PHYS_s14_T1_ctrl,145,19,145.63333333333333,-0.31020388007164,0.7246834361328047
UBFC_PHYS_s14_T1_ctrl,145,20,145.66666666666666,0.3786831796169281,0.3937118708916975
UBFC_PHYS_s14_T1_ctrl,145,21,145.7,0.8404572010040283,0.03753491830933572
UBFC_PHYS_s14_T1_ctrl,145,22,145.73333333333332,1.0414624214172363,-0.334218855985054
UBFC_PHYS_s14_T1_ctrl,145,23,145.76666666666668,0.9929361343383789,-0.704241055398041
UBFC_PHYS_s14_T1_ctrl,145,24,145.8,0.7789474129676819,-1.0411402428920133
UBFC_PHYS_s14_T1_ctrl,145,25,145.83333333333334,0.5618888735771179,-1.2997443337597578
UBFC_PHYS_s14_T1_ctrl,145,26,145.86666666666667,0.4678780138492584,-1.4296077463879804
UBFC_PHYS_s14_T1_ctrl,145,27,145.9,0.4620199501514435,-1.390058366053832
UBFC_PHYS_s14_T1_ctrl,145,28,145.93333333333334,0.40822702646255493,-1.166676584891469
UBFC_PHYS_s14_T1_ctrl,145,29,145.96666666666667,0.25352317094802856,-0.7820982804929276
UBFC_PHYS_s14_T1_ctrl,145,30,146.0,0.05198286101222038,-0.2951183644021042
UBFC_PHYS_s14_T1_ctrl,145,31,146.03333333333333,-0.16031602025032043,0.21331565053494847
UBFC_PHYS_s14_T1_ctrl,145,32,146.06666666666666,-0.4536985456943512,0.6621679259416107
UBFC_PHYS_s14_T1_ctrl,145,33,146.1,-0.9136700630187988,0.9910590247734766
UBFC_PHYS_s14_T1_ctrl,145,34,146.13333333333333,-1.425519347190857,1.1712372153507207
UBFC_PHYS_s14_T1_ctrl,145,35,146.16666666666666,-1.656716227531433,1.2037641022755488
UBFC_PHYS_s14_T1_ctrl,145,36,146.2,-1.3702619075775146,1.1085136284806199
UBFC_PHYS_s14_T1_ctrl,145,37,146.23333333333332,-0.6695179343223572,0.9115033059503318
UBFC_PHYS_s14_T1_ctrl,145,38,146.26666666666668,0.12475817650556564,0.6372181194028098
UBFC_PHYS_s14_T1_ctrl,145,39,146.3,0.7340824604034424,0.3082772003940569
UBFC_PHYS_s14_T1_ctrl,145,40,146.33333333333334,1.033492088317871,-0.04987623953634678
UBFC_PHYS_s14_T1_ctrl,145,41,146.36666666666667,1.0220293998718262,-0.4039477323958544
UBFC_PHYS_s14_T1_ctrl,145,42,146.4,0.8249952793121338,-0.7113704225291191
UBFC_PHYS_s14_T1_ctrl,145,43,146.43333333333334,0.6362413167953491,-0.924319813294868
UBFC_PHYS_s14_T1_ctrl,145,44,146.46666666666667,0.5560026168823242,-0.999290132221555
UBFC_PHYS_s14_T1_ctrl,145,45,146.5,0.5065469145774841,-0.9105175550360722
UBFC_PHYS_s14_T1_ctrl,145,46,146.53333333333333,0.37524721026420593,-0.6628791642892177
UBFC_PHYS_s14_T1_ctrl,145,47,146.56666666666666,0.18866188824176788,-0.29788691859065525
UBFC_PHYS_s14_T1_ctrl,145,48,146.6,0.0050056083127856255,0.11267263133091707
UBFC_PHYS_s14_T1_ctrl,145,49,146.63333333333333,-0.19529548287391663,0.485743189641736
UBFC_PHYS_s14_T1_ctrl,145,50,146.66666666666666,-0.45961296558380127,0.7514161211326649
UBFC_PHYS_s14_T1_ctrl,145,51,146.7,-0.8100835680961609,0.8715894220398502
UBFC_PHYS_s14_T1_ctrl,145,52,146.73333333333332,-1.1720168590545654,0.8452893955814584
UBFC_PHYS_s14_T1_ctrl,145,53,146.76666666666668,-1.2839962244033813,0.7007215986431171
UBFC_PHYS_s14_T1_ctrl,145,54,146.8,-0.9320892095565796,0.479941288025157
UBFC_PHYS_s14_T1_ctrl,145,55,146.83333333333334,-0.2727459967136383,0.22360770415978332
UBFC_PHYS_s14_T1_ctrl,145,56,146.86666666666667,0.37482476234436035,-0.03875206409644311
UBFC_PHYS_s14_T1_ctrl,145,57,146.9,0.8159546852111816,-0.2910367090038354
UBFC_PHYS_s14_T1_ctrl,145,58,146.93333333333334,0.9633923172950745,-0.5263648196247085
UBFC_PHYS_s14_T1_ctrl,145,59,146.96666666666667,0.8061255216598511,-0.7389741755591476
UBFC_PHYS_s14_T1_ctrl,145,60,147.0,0.5006325244903564,-0.9156795155640662
UBFC_PHYS_s14_T1_ctrl,145,61,147.03333333333333,0.28441888093948364,-1.030900554867774
UBFC_PHYS_s14_T1_ctrl,145,62,147.06666666666666,0.2238103300333023,-1.0491882036610354
UBFC_PHYS_s14_T1_ctrl,145,63,147.1,0.1895349621772766,-0.936735704071484
UBFC_PHYS_s14_T1_ctrl,145,64,147.13333333333333,0.06367085129022598,-0.6782141834910701
UBFC_PHYS_s14_T1_ctrl,145,65,147.16666666666666,-0.11995726823806763,-0.2907020258601414
UBFC_PHYS_s14_T1_ctrl,145,66,147.2,-0.29569950699806213,0.17367167069759062
UBFC_PHYS_s14_T1_ctrl,145,67,147.23333333333332,-0.5183627009391785,0.639518662960608
UBFC_PHYS_s14_T1_ctrl,145,68,147.26666666666668,-0.8867736458778381,1.0295842965444126
UBFC_PHYS_s14_T1_ctrl,145,69,147.3,-1.350490927696228,1.2857784690225926
UBFC_PHYS_s14_T1_ctrl,145,70,147.33333333333334,-1.6815003156661987,1.3813316365802275
UBFC_PHYS_s14_T1_ctrl,145,71,147.36666666666667,-1.6192301511764526,1.3212542033648378
UBFC_PHYS_s14_T1_ctrl,145,72,147.4,-1.0719225406646729,1.1336040701262473
UBFC_PHYS_s14_T1_ctrl,145,73,147.43333333333334,-0.2500459551811218,0.856668747183528
UBFC_PHYS_s14_T1_ctrl,145,74,147.46666666666667,0.48604369163513184,0.527012147693518
UBFC_PHYS_s14_T1_ctrl,145,75,147.5,0.9209775924682617,0.17185240930679208
UBFC_PHYS_s14_T1_ctrl,145,76,147.53333333333333,1.0274085998535156,-0.19228711007433605
UBFC_PHYS_s14_T1_ctrl,145,77,147.56666666666666,0.8886736631393433,-0.5545031219970756
UBFC_PHYS_s14_T1_ctrl,145,78,147.6,0.658293604850769,-0.9003614063203927
UBFC_PHYS_s14_T1_ctrl,145,79,147.63333333333333,0.5071102380752563,-1.203420143429517
UBFC_PHYS_s14_T1_ctrl,145,80,147.66666666666666,0.4588092565536499,-1.4229527913969113
UBFC_PHYS_s14_T1_ctrl,145,81,147.7,0.3986513316631317,-1.5111908780059655
UBFC_PHYS_s14_T1_ctrl,145,82,147.73333333333332,0.2565930187702179,-1.4285230735190977
UBFC_PHYS_s14_T1_ctrl,145,83,147.76666666666668,0.0643467828631401,-1.1603993192673498
UBFC_PHYS_s14_T1_ctrl,145,84,147.8,-0.14040420949459076,-0.728229882218697
UBFC_PHYS_s14_T1_ctrl,145,85,147.83333333333334,-0.4034261405467987,-0.18899732681662762
UBFC_PHYS_s14_T1_ctrl,145,86,147.86666666666667,-0.8160260915756226,0.37681286416451204
UBFC_PHYS_s14_T1_ctrl,145,87,147.9,-1.3765143156051636,0.8845661859399021
UBFC_PHYS_s14_T1_ctrl,145,88,147.93333333333334,-1.8562287092208862,1.2652300211355336
UBFC_PHYS_s14_T1_ctrl,145,89,147.96666666666667,-1.9196817874908447,1.4789918786593976
UBFC_PHYS_s14_T1_ctrl,145,90,148.0,-1.446895718574524,1.5188341213825738
UBFC_PHYS_s14_T1_ctrl,145,91,148.03333333333333,-0.6495497822761536,1.404105630310545
UBFC_PHYS_s14_T1_ctrl,145,92,148.06666666666666,0.12715210020542145,1.168032551242315
UBFC_PHYS_s14_T1_ctrl,145,93,148.1,0.6778956055641174,0.8450972775834366
UBFC_PHYS_s14_T1_ctrl,145,94,148.13333333333333,0.9563794732093811,0.4632867243136754
UBFC_PHYS_s14_T1_ctrl,145,95,148.16666666666666,1.0164529085159302,0.04333621387939643
UBFC_PHYS_s14_T1_ctrl,145,96,148.2,0.954858660697937,-0.3960304862078489
UBFC_PHYS_s14_T1_ctrl,145,97,148.23333333333332,0.865382194519043,-0.8302213251199853
UBFC_PHYS_s14_T1_ctrl,145,98,148.26666666666668,0.8025205135345459,-1.2226975769475572
UBFC_PHYS_s14_T1_ctrl,145,99,148.3,0.7482770085334778,-1.5246147145922504
UBFC_PHYS_s14_T1_ctrl,145,100,148.33333333333334,0.626947283744812,-1.6820307634055272
UBFC_PHYS_s14_T1_ctrl,145,101,148.36666666666667,0.4091282784938812,-1.6495808850661993
UBFC_PHYS_s14_T1_ctrl,145,102,148.4,0.13765721023082733,-1.4066239846589168
UBFC_PHYS_s14_T1_ctrl,145,103,148.43333333333334,-0.1738346517086029,-0.9698574357551665
UBFC_PHYS_s14_T1_ctrl,145,104,148.46666666666667,-0.5706629157066345,-0.3962289998468595
UBFC_PHYS_s14_T1_ctrl,145,105,148.5,-1.076400637626648,0.2271965969216719
UBFC_PHYS_s14_T1_ctrl,145,106,148.53333333333333,-1.6457322835922241,0.8042175277006212
UBFC_PHYS_s14_T1_ctrl,145,107,148.56666666666666,-2.0808351039886475,1.2537902028302113
UBFC_PHYS_s14_T1_ctrl,145,108,148.6,-2.0490663051605225,1.5282737050367687
UBFC_PHYS_s14_T1_ctrl,145,109,148.63333333333333,-1.4160000085830688,1.6190678164226802
UBFC_PHYS_s14_T1_ctrl,145,110,148.66666666666666,-0.46594980359077454,1.5491241480745312
UBFC_PHYS_s14_T1_ctrl,145,111,148.7,0.3941732943058014,1.357479621166886
UBFC_PHYS_s14_T1_ctrl,145,112,148.73333333333332,0.9746015071868896,1.0831982679608416
UBFC_PHYS_s14_T1_ctrl,145,113,148.76666666666668,1.256239652633667,0.7548108703836238
UBFC_PHYS_s14_T1_ctrl,145,114,148.8,1.2791368961334229,0.388119490564934
UBFC_PHYS_s14_T1_ctrl,145,115,148.83333333333334,1.1641721725463867,-0.008366828164829775
UBFC_PHYS_s14_T1_ctrl,145,116,148.86666666666667,1.0576847791671753,-0.4238981617058473
UBFC_PHYS_s14_T1_ctrl,145,117,148.9,1.0181427001953125,-0.8366300022305492
UBFC_PHYS_s14_T1_ctrl,145,118,148.93333333333334,0.9915279746055603,-1.2096991215505957
UBFC_PHYS_s14_T1_ctrl,145,119,148.96666666666667,0.8972917795181274,-1.4944838993247094
UBFC_PHYS_s14_T1_ctrl,145,120,149.0,0.6987650394439697,-1.6405920168522152
UBFC_PHYS_s14_T1_ctrl,145,121,149.03333333333333,0.4334336519241333,-1.609722473938974
UBFC_PHYS_s14_T1_ctrl,145,122,149.06666666666666,0.1550624519586563,-1.3891798062872338
UBFC_PHYS_s14_T1_ctrl,145,123,149.1,-0.14564266800880432,-1.0003911046486065
UBFC_PHYS_s14_T1_ctrl,145,124,149.13333333333333,-0.5240799188613892,-0.4983326140855133
UBFC_PHYS_s14_T1_ctrl,145,125,149.16666666666666,-1.0313385725021362,0.039782060153036855
UBFC_PHYS_s14_T1_ctrl,145,126,149.2,-1.616132140159607,0.5337890876943007
UBFC_PHYS_s14_T1_ctrl,145,127,149.23333333333332,-1.9982588291168213,0.9209164293160407
UBFC_PHYS_s14_T1_ctrl,145,128,149.26666666666668,-1.817165493965149,1.169083086490554
UBFC_PHYS_s14_T1_ctrl,145,129,149.3,-1.07547128200531,1.2779961863503233
UBFC_PHYS_s14_T1_ctrl,145,130,149.33333333333334,-0.13389836251735687,1.2687854960277634
UBFC_PHYS_s14_T1_ctrl,145,131,149.36666666666667,0.688344419002533,1.1683818630557088
UBFC_PHYS_s14_T1_ctrl,145,132,149.4,1.2232035398483276,0.9966995655627603
UBFC_PHYS_s14_T1_ctrl,145,133,149.43333333333334,1.4184069633483887,0.7623370422123913
UBFC_PHYS_s14_T1_ctrl,145,134,149.46666666666667,1.367965579032898,0.46761680719030085
UBFC_PHYS_s14_T1_ctrl,145,135,149.5,1.2433124780654907,0.11915589608285293
UBFC_PHYS_s14_T1_ctrl,145,136,149.53333333333333,1.150090217590332,-0.26195837211901013
UBFC_PHYS_s14_T1_ctrl,145,137,149.56666666666666,1.1054224967956543,-0.6356801603922559
UBFC_PHYS_s14_T1_ctrl,145,138,149.6,1.0891156196594238,-0.9470596280328983
UBFC_PHYS_s14_T1_ctrl,145,139,149.63333333333333,1.0538544654846191,-1.138427544556676
UBFC_PHYS_s14_T1_ctrl,145,140,149.66666666666666,0.92027348279953,-1.1661332551441923
UBFC_PHYS_s14_T1_ctrl,145,141,149.7,0.6338755488395691,-1.016139021666816
UBFC_PHYS_s14_T1_ctrl,145,142,149.73333333333332,0.26222577691078186,-0.7124433684473603
UBFC_PHYS_s14_T1_ctrl,145,143,149.76666666666668,-0.056954797357320786,-0.3140941365422615
UBFC_PHYS_s14_T1_ctrl,145,144,149.8,-0.33633992075920105,0.09972027828154077
UBFC_PHYS_s14_T1_ctrl,145,145,149.83333333333334,-0.7343510389328003,0.45210008065722995
UBFC_PHYS_s14_T1_ctrl,145,146,149.86666666666667,-1.2477493286132812,0.6897808352721236
UBFC_PHYS_s14_T1_ctrl,145,147,149.9,-1.5965300798416138,0.7944285152412276
UBFC_PHYS_s14_T1_ctrl,145,148,149.93333333333334,-1.4585837125778198,0.779739290588106
UBFC_PHYS_s14_T1_ctrl,145,149,149.96666666666667,-0.7685137391090393,0.6773167681887179
UBFC_PHYS_s14_T1_ctrl,145,150,150.0,0.19857555627822876,0.5193652709713205
UBFC_PHYS_s14_T1_ctrl,145,151,150.03333333333333,1.0478274822235107,0.3267994625002422
UBFC_PHYS_s14_T1_ctrl,145,152,150.06666666666666,1.5875871181488037,0.10756236947919745
UBFC_PHYS_s14_T1_ctrl,145,153,150.1,1.8256276845932007,-0.13568254751510272
UBFC_PHYS_s14_T1_ctrl,145,154,150.13333333333333,1.8352034091949463,-0.39371518302095304
UBFC_PHYS_s14_T1_ctrl,145,155,150.16666666666666,1.763075828552246,-0.6416005680913822
UBFC_PHYS_s14_T1_ctrl,145,156,150.2,1.7824525833129883,-0.8376548174126255
UBFC_PHYS_s14_T1_ctrl,145,157,150.23333333333332,1.8780686855316162,-0.9323769107885638
UBFC_PHYS_s14_T1_ctrl,145,158,150.26666666666668,1.8030121326446533,-0.8847288853750109
UBFC_PHYS_s14_T1_ctrl,145,159,150.3,1.3959040641784668,-0.679488818309144
UBFC_PHYS_s14_T1_ctrl,145,160,150.33333333333334,0.8043793439865112,-0.3380878822453749
UBFC_PHYS_s14_T1_ctrl,145,161,150.36666666666667,0.24845367670059204,0.08262230289893202
UBFC_PHYS_s14_T1_ctrl,145,162,150.4,-0.21703796088695526,0.50426685513625
UBFC_PHYS_s14_T1_ctrl,145,163,150.43333333333334,-0.6561964154243469,0.8485823511843378
UBFC_PHYS_s14_T1_ctrl,145,164,150.46666666666667,-1.1060007810592651,1.0585298749398255
UBFC_PHYS_s14_T1_ctrl,145,165,150.5,-1.5351892709732056,1.110935172957058
UBFC_PHYS_s14_T1_ctrl,145,166,150.53333333333333,-1.811307430267334,1.0164881668496741
UBFC_PHYS_s14_T1_ctrl,145,167,150.56666666666666,-1.7246472835540771,0.808540438551531
UBFC_PHYS_s14_T1_ctrl,145,168,150.6,-1.2022929191589355,0.5270398972503854
UBFC_PHYS_s14_T1_ctrl,145,169,150.63333333333333,-0.46654126048088074,0.20559901001149988
UBFC_PHYS_s14_T1_ctrl,145,170,150.66666666666666,0.16139930486679077,-0.13284278557302057
UBFC_PHYS_s14_T1_ctrl,145,171,150.7,0.5235297083854675,-0.4712738348416426
UBFC_PHYS_s14_T1_ctrl,145,172,150.73333333333332,0.592559278011322,-0.7889264427018027
UBFC_PHYS_s14_T1_ctrl,145,173,150.76666666666668,0.3933846950531006,-1.0532493117321435
UBFC_PHYS_s14_T1_ctrl,145,174,150.8,0.09321469813585281,-1.2195968237279824
UBFC_PHYS_s14_T1_ctrl,145,175,150.83333333333334,-0.07264205068349838,-1.2412143105592564
UBFC_PHYS_s14_T1_ctrl,145,176,150.86666666666667,-0.09046974778175354,-1.0868194794462092
UBFC_PHYS_s14_T1_ctrl,145,177,150.9,-0.1707366406917572,-0.7582774528736745
UBFC_PHYS_s14_T1_ctrl,145,178,150.93333333333334,-0.4088335931301117,-0.29911661088949754
UBFC_PHYS_s14_T1_ctrl,145,179,150.96666666666667,-0.6885848045349121,0.21223230600745158
UBFC_PHYS_s14_T1_ctrl,145,180,151.0,-0.9555778503417969,0.6832792570044376
UBFC_PHYS_s14_T1_ctrl,145,181,151.03333333333333,-1.34097158908844,1.033964597580784
UBFC_PHYS_s14_T1_ctrl,145,182,151.06666666666666,-1.9416214227676392,1.2176496003625035
UBFC_PHYS_s14_T1_ctrl,145,183,151.1,-2.6290156841278076,1.2284987464233537
UBFC_PHYS_s14_T1_ctrl,145,184,151.13333333333333,-2.9786977767944336,1.0939931493446078
UBFC_PHYS_s14_T1_ctrl,145,185,151.16666666666666,-2.551762342453003,0.8580034568208179
UBFC_PHYS_s14_T1_ctrl,145,186,151.2,-1.3956938982009888,0.5629533288416139
UBFC_PHYS_s14_T1_ctrl,145,187,151.23333333333332,-0.054927002638578415,0.23853884092250718
UBFC_PHYS_s14_T1_ctrl,145,188,151.26666666666668,0.95229572057724,-0.09938248024983194
UBFC_PHYS_s14_T1_ctrl,145,189,151.3,1.4430503845214844,-0.4408615589859317
UBFC_PHYS_s14_T1_ctrl,145,190,151.33333333333334,1.4653842449188232,-0.7698762390361957
UBFC_PHYS_s14_T1_ctrl,145,191,151.36666666666667,1.2057138681411743,-1.0550801723051766
UBFC_PHYS_s14_T1_ctrl,145,192,151.4,0.9443817138671875,-1.249227973689886
UBFC_PHYS_s14_T1_ctrl,145,193,151.43333333333334,0.8568767309188843,-1.2997729352609897
UBFC_PHYS_s14_T1_ctrl,145,194,151.46666666666667,0.8952077031135559,-1.167972329620322
UBFC_PHYS_s14_T1_ctrl,145,195,151.5,0.9290042519569397,-0.8488894255875377
UBFC_PHYS_s14_T1_ctrl,145,196,151.53333333333333,0.899319589138031,-0.38242626623043674
UBFC_PHYS_s14_T1_ctrl,145,197,151.56666666666666,0.7704137563705444,0.15182286105160042
UBFC_PHYS_s14_T1_ctrl,145,198,151.6,0.4649771451950073,0.6557204995831967
UBFC_PHYS_s14_T1_ctrl,145,199,151.63333333333333,-0.015497653745114803,1.0414475980661633
UBFC_PHYS_s14_T1_ctrl,145,200,151.66666666666666,-0.5494555234909058,1.2557788086163206
UBFC_PHYS_s14_T1_ctrl,145,201,151.7,-0.9995979070663452,1.2898621920942275
UBFC_PHYS_s14_T1_ctrl,145,202,151.73333333333332,-1.24541175365448,1.1721195012383265
UBFC_PHYS_s14_T1_ctrl,145,203,151.76666666666668,-1.1473453044891357,0.9498747128672858
UBFC_PHYS_s14_T1_ctrl,145,204,151.8,-0.6639978289604187,0.6692387897763684
UBFC_PHYS_s14_T1_ctrl,145,205,151.83333333333334,0.03719685599207878,0.36163271652133544
UBFC_PHYS_s14_T1_ctrl,145,206,151.86666666666667,0.7094109654426575,0.040872295344522164
UBFC_PHYS_s14_T1_ctrl,145,207,151.9,1.1764798164367676,-0.29021512006235745
UBFC_PHYS_s14_T1_ctrl,145,208,151.93333333333334,1.3484480381011963,-0.6279138194333714
UBFC_PHYS_s14_T1_ctrl,145,209,151.96666666666667,1.2446361780166626,-0.9559724439394304
UBFC_PHYS_s14_T1_ctrl,145,210,152.0,1.0122283697128296,-1.239401042506304
UBFC_PHYS_s14_T1_ctrl,145,211,152.03333333333333,0.7734555006027222,-1.4272683847085081
UBFC_PHYS_s14_T1_ctrl,145,212,152.06666666666666,0.5003227591514587,-1.4650551372720964
UBFC_PHYS_s14_T1_ctrl,145,213,152.1,0.19460445642471313,-1.3133131948734142
UBFC_PHYS_s14_T1_ctrl,145,214,152.13333333333333,-0.012230650521814823,-0.965953348697694
UBFC_PHYS_s14_T1_ctrl,145,215,152.16666666666666,-0.07278286665678024,-0.46015471173105255
UBFC_PHYS_s14_T1_ctrl,145,216,152.2,-0.16161155700683594,0.1279857649417517
UBFC_PHYS_s14_T1_ctrl,145,217,152.23333333333332,-0.44575634598731995,0.7023417287618214
UBFC_PHYS_s14_T1_ctrl,145,218,152.26666666666668,-0.8731141686439514,1.17343509978168
UBFC_PHYS_s14_T1_ctrl,145,219,152.3,-1.2600005865097046,1.4818741956063295
UBFC_PHYS_s14_T1_ctrl,145,220,152.33333333333334,-1.3916946649551392,1.6090601303855745
UBFC_PHYS_s14_T1_ctrl,145,221,152.36666666666667,-1.0839203596115112,1.572045320526152
UBFC_PHYS_s14_T1_ctrl,145,222,152.4,-0.3934561312198639,1.4070381053334566
UBFC_PHYS_s14_T1_ctrl,145,223,152.43333333333334,0.350801020860672,1.1509260941026787
UBFC_PHYS_s14_T1_ctrl,145,224,152.46666666666667,0.8739439845085144,0.8299396072067567
UBFC_PHYS_s14_T1_ctrl,145,225,152.5,1.14614737033844,0.4597625337823251
UBFC_PHYS_s14_T1_ctrl,145,226,152.53333333333333,1.2600418329238892,0.05483377112462942
UBFC_PHYS_s14_T1_ctrl,145,227,152.56666666666666,1.3192421197891235,-0.36007102924967493
UBFC_PHYS_s14_T1_ctrl,145,228,152.6,1.3660786151885986,-0.7433589398811522
UBFC_PHYS_s14_T1_ctrl,145,229,152.63333333333333,1.3579673767089844,-1.03973572418594
UBFC_PHYS_s14_T1_ctrl,145,230,152.66666666666666,1.2434533834457397,-1.1932686909073649
UBFC_PHYS_s14_T1_ctrl,145,231,152.7,1.0408709049224854,-1.1665974628337912
UBFC_PHYS_s14_T1_ctrl,145,232,152.73333333333332,0.796211838722229,-0.9592653991520793
UBFC_PHYS_s14_T1_ctrl,145,233,152.76666666666668,0.5362879633903503,-0.6171248199971381
UBFC_PHYS_s14_T1_ctrl,145,234,152.8,0.26574626564979553,-0.22686140287435413
UBFC_PHYS_s14_T1_ctrl,145,235,152.83333333333334,-0.04490068182349205,0.10539836175920297
UBFC_PHYS_s14_T1_ctrl,145,236,152.86666666666667,-0.4442073404788971,0.28612094228140594
UBFC_PHYS_s14_T1_ctrl,145,237,152.9,-0.9552398920059204,0.26630825819675635
UBFC_PHYS_s14_T1_ctrl,145,238,152.93333333333334,-1.4747215509414673,0.06065753618073981
UBFC_PHYS_s14_T1_ctrl,145,239,152.96666666666667,-1.6962019205093384,-0.2549227788977024
UBFC_PHYS_s14_T1_ctrl,146,0,146.0,0.05198286101222038,-0.050493050238800644
UBFC_PHYS_s14_T1_ctrl,146,1,146.03333333333333,-0.16031602025032043,0.4797812030092997
UBFC_PHYS_s14_T1_ctrl,146,2,146.06666666666666,-0.4536985456943512,0.9545859113780353
UBFC_PHYS_s14_T1_ctrl,146,3,146.1,-0.9136700630187988,1.326002295863306
UBFC_PHYS_s14_T1_ctrl,146,4,146.13333333333333,-1.425519347190857,1.5627117510529334
UBFC_PHYS_s14_T1_ctrl,146,5,146.16666666666666,-1.656716227531433,1.654524164841465
UBFC_PHYS_s14_T1_ctrl,146,6,146.2,-1.3702619075775146,1.6111704371414888
UBFC_PHYS_s14_T1_ctrl,146,7,146.23333333333332,-0.6695179343223572,1.4556178128702515
UBFC_PHYS_s14_T1_ctrl,146,8,146.26666666666668,0.12475817650556564,1.2150606851779808
UBFC_PHYS_s14_T1_ctrl,146,9,146.3,0.7340824604034424,0.9138991179933524
UBFC_PHYS_s14_T1_ctrl,146,10,146.33333333333334,1.033492088317871,0.5717243882728709
UBFC_PHYS_s14_T1_ctrl,146,11,146.36666666666667,1.0220293998718262,0.20643776970682887
UBFC_PHYS_s14_T1_ctrl,146,12,146.4,0.8249952793121338,-0.16020121003945714
UBFC_PHYS_s14_T1_ctrl,146,13,146.43333333333334,0.6362413167953491,-0.4986035800519723
UBFC_PHYS_s14_T1_ctrl,146,14,146.46666666666667,0.5560026168823242,-0.7721504471282855
UBFC_PHYS_s14_T1_ctrl,146,15,146.5,0.5065469145774841,-0.9436967480857953
UBFC_PHYS_s14_T1_ctrl,146,16,146.53333333333333,0.37524721026420593,-0.9861089523100298
UBFC_PHYS_s14_T1_ctrl,146,17,146.56666666666666,0.18866188824176788,-0.8928679661151232
UBFC_PHYS_s14_T1_ctrl,146,18,146.6,0.0050056083127856255,-0.6835995996397993
UBFC_PHYS_s14_T1_ctrl,146,19,146.63333333333333,-0.19529548287391663,-0.4008516198652596
UBFC_PHYS_s14_T1_ctrl,146,20,146.66666666666666,-0.45961296558380127,-0.0987023794361372
UBFC_PHYS_s14_T1_ctrl,146,21,146.7,-0.8100835680961609,0.17185017278944284
UBFC_PHYS_s14_T1_ctrl,146,22,146.73333333333332,-1.1720168590545654,0.3743648625333367
UBFC_PHYS_s14_T1_ctrl,146,23,146.76666666666668,-1.2839962244033813,0.491172118029968
UBFC_PHYS_s14_T1_ctrl,146,24,146.8,-0.9320892095565796,0.5204711260143031
UBFC_PHYS_s14_T1_ctrl,146,25,146.83333333333334,-0.2727459967136383,0.4698278177945484
UBFC_PHYS_s14_T1_ctrl,146,26,146.86666666666667,0.37482476234436035,0.3500840719530052
UBFC_PHYS_s14_T1_ctrl,146,27,146.9,0.8159546852111816,0.1721537461504157
UBFC_PHYS_s14_T1_ctrl,146,28,146.93333333333334,0.9633923172950745,-0.05258420975517317
UBFC_PHYS_s14_T1_ctrl,146,29,146.96666666666667,0.8061255216598511,-0.30901944529352743
UBFC_PHYS_s14_T1_ctrl,146,30,147.0,0.5006325244903564,-0.5740826394401538
UBFC_PHYS_s14_T1_ctrl,146,31,147.03333333333333,0.28441888093948364,-0.8142428679847442
UBFC_PHYS_s14_T1_ctrl,146,32,147.06666666666666,0.2238103300333023,-0.9873780560698495
UBFC_PHYS_s14_T1_ctrl,146,33,147.1,0.1895349621772766,-1.0503820531105075
UBFC_PHYS_s14_T1_ctrl,146,34,147.13333333333333,0.06367085129022598,-0.9713705218669024
UBFC_PHYS_s14_T1_ctrl,146,35,147.16666666666666,-0.11995726823806763,-0.7425166219242589
UBFC_PHYS_s14_T1_ctrl,146,36,147.2,-0.29569950699806213,-0.38784527315221196
UBFC_PHYS_s14_T1_ctrl,146,37,147.23333333333332,-0.5183627009391785,0.038788828310783154
UBFC_PHYS_s14_T1_ctrl,146,38,147.26666666666668,-0.8867736458778381,0.46647832095544844
UBFC_PHYS_s14_T1_ctrl,146,39,147.3,-1.350490927696228,0.8265820901593071
UBFC_PHYS_s14_T1_ctrl,146,40,147.33333333333334,-1.6815003156661987,1.0706897688812735
UBFC_PHYS_s14_T1_ctrl,146,41,147.36666666666667,-1.6192301511764526,1.1797904539819388
UBFC_PHYS_s14_T1_ctrl,146,42,147.4,-1.0719225406646729,1.1620681145838831
UBFC_PHYS_s14_T1_ctrl,146,43,147.43333333333334,-0.2500459551811218,1.042419190012782
UBFC_PHYS_s14_T1_ctrl,146,44,147.46666666666667,0.48604369163513184,0.8495259780493521
UBFC_PHYS_s14_T1_ctrl,146,45,147.5,0.9209775924682617,0.6059406084578791
UBFC_PHYS_s14_T1_ctrl,146,46,147.53333333333333,1.0274085998535156,0.32465531403550985
UBFC_PHYS_s14_T1_ctrl,146,47,147.56666666666666,0.8886736631393433,0.012854421203182987
UBFC_PHYS_s14_T1_ctrl,146,48,147.6,0.658293604850769,-0.31948298954473575
UBFC_PHYS_s14_T1_ctrl,146,49,147.63333333333333,0.5071102380752563,-0.6507201564556847
UBFC_PHYS_s14_T1_ctrl,146,50,147.66666666666666,0.4588092565536499,-0.9435243236783283
UBFC_PHYS_s14_T1_ctrl,146,51,147.7,0.3986513316631317,-1.149040075557981
UBFC_PHYS_s14_T1_ctrl,146,52,147.73333333333332,0.2565930187702179,-1.219194863999358
UBFC_PHYS_s14_T1_ctrl,146,53,147.76666666666668,0.0643467828631401,-1.1231750358627866
UBFC_PHYS_s14_T1_ctrl,146,54,147.8,-0.14040420949459076,-0.8615174708953207
UBFC_PHYS_s14_T1_ctrl,146,55,147.83333333333334,-0.4034261405467987,-0.4712916418971456
UBFC_PHYS_s14_T1_ctrl,146,56,147.86666666666667,-0.8160260915756226,-0.018900827071155177
UBFC_PHYS_s14_T1_ctrl,146,57,147.9,-1.3765143156051636,0.4177909164124411
UBFC_PHYS_s14_T1_ctrl,146,58,147.93333333333334,-1.8562287092208862,0.7711805451689295
UBFC_PHYS_s14_T1_ctrl,146,59,147.96666666666667,-1.9196817874908447,1.000612547439324
UBFC_PHYS_s14_T1_ctrl,146,60,148.0,-1.446895718574524,1.097729153331387
UBFC_PHYS_s14_T1_ctrl,146,61,148.03333333333333,-0.6495497822761536,1.0797347794193346
UBFC_PHYS_s14_T1_ctrl,146,62,148.06666666666666,0.12715210020542145,0.9751515201611434
UBFC_PHYS_s14_T1_ctrl,146,63,148.1,0.6778956055641174,0.8092315362588717
UBFC_PHYS_s14_T1_ctrl,146,64,148.13333333333333,0.9563794732093811,0.5951964381051437
UBFC_PHYS_s14_T1_ctrl,146,65,148.16666666666666,1.0164529085159302,0.3341126047520328
UBFC_PHYS_s14_T1_ctrl,146,66,148.2,0.954858660697937,0.02246796638019992
UBFC_PHYS_s14_T1_ctrl,146,67,148.23333333333332,0.865382194519043,-0.336298214164377
UBFC_PHYS_s14_T1_ctrl,146,68,148.26666666666668,0.8025205135345459,-0.7213625048616008
UBFC_PHYS_s14_T1_ctrl,146,69,148.3,0.7482770085334778,-1.0899362910153632
UBFC_PHYS_s14_T1_ctrl,146,70,148.33333333333334,0.626947283744812,-1.3815844749822677
UBFC_PHYS_s14_T1_ctrl,146,71,148.36666666666667,0.4091282784938812,-1.5316410822017392
UBFC_PHYS_s14_T1_ctrl,146,72,148.4,0.13765721023082733,-1.4904646709051892
UBFC_PHYS_s14_T1_ctrl,146,73,148.43333333333334,-0.1738346517086029,-1.242205627277021
UBFC_PHYS_s14_T1_ctrl,146,74,148.46666666666667,-0.5706629157066345,-0.8154174973404874
UBFC_PHYS_s14_T1_ctrl,146,75,148.5,-1.076400637626648,-0.27960880511358155
UBFC_PHYS_s14_T1_ctrl,146,76,148.53333333333333,-1.6457322835922241,0.27302339448759566
UBFC_PHYS_s14_T1_ctrl,146,77,148.56666666666666,-2.0808351039886475,0.7546305245679135
UBFC_PHYS_s14_T1_ctrl,146,78,148.6,-2.0490663051605225,1.106313696208274
UBFC_PHYS_s14_T1_ctrl,146,79,148.63333333333333,-1.4160000085830688,1.3093976811329033
UBFC_PHYS_s14_T1_ctrl,146,80,148.66666666666666,-0.46594980359077454,1.3792986591421885
UBFC_PHYS_s14_T1_ctrl,146,81,148.7,0.3941732943058014,1.34698784288601
UBFC_PHYS_s14_T1_ctrl,146,82,148.73333333333332,0.9746015071868896,1.2387424085102656
UBFC_PHYS_s14_T1_ctrl,146,83,148.76666666666668,1.256239652633667,1.0644066589437502
UBFC_PHYS_s14_T1_ctrl,146,84,148.8,1.2791368961334229,0.8186119911398916
UBFC_PHYS_s14_T1_ctrl,146,85,148.83333333333334,1.1641721725463867,0.49228314883429974
UBFC_PHYS_s14_T1_ctrl,146,86,148.86666666666667,1.0576847791671753,0.0873979536488565
UBFC_PHYS_s14_T1_ctrl,146,87,148.9,1.0181427001953125,-0.3722531880315584
UBFC_PHYS_s14_T1_ctrl,146,88,148.93333333333334,0.9915279746055603,-0.8386736943101212
UBFC_PHYS_s14_T1_ctrl,146,89,148.96666666666667,0.8972917795181274,-1.2463030622992022
UBFC_PHYS_s14_T1_ctrl,146,90,149.0,0.6987650394439697,-1.5257222526122483
UBFC_PHYS_s14_T1_ctrl,146,91,149.03333333333333,0.4334336519241333,-1.6209062239060847
UBFC_PHYS_s14_T1_ctrl,146,92,149.06666666666666,0.1550624519586563,-1.5054408359027527
UBFC_PHYS_s14_T1_ctrl,146,93,149.1,-0.14564266800880432,-1.1926151849961486
UBFC_PHYS_s14_T1_ctrl,146,94,149.13333333333333,-0.5240799188613892,-0.7350420987683512
UBFC_PHYS_s14_T1_ctrl,146,95,149.16666666666666,-1.0313385725021362,-0.2122340664229229
UBFC_PHYS_s14_T1_ctrl,146,96,149.2,-1.616132140159607,0.29080490254813385
UBFC_PHYS_s14_T1_ctrl,146,97,149.23333333333332,-1.9982588291168213,0.706331561943028
UBFC_PHYS_s14_T1_ctrl,146,98,149.26666666666668,-1.817165493965149,0.9985407720239331
UBFC_PHYS_s14_T1_ctrl,146,99,149.3,-1.07547128200531,1.1639826666928794
UBFC_PHYS_s14_T1_ctrl,146,100,149.33333333333334,-0.13389836251735687,1.2190794713797029
UBFC_PHYS_s14_T1_ctrl,146,101,149.36666666666667,0.688344419002533,1.1829437688682505
UBFC_PHYS_s14_T1_ctrl,146,102,149.4,1.2232035398483276,1.065102130515062
UBFC_PHYS_s14_T1_ctrl,146,103,149.43333333333334,1.4184069633483887,0.8637512589112049
UBFC_PHYS_s14_T1_ctrl,146,104,149.46666666666667,1.367965579032898,0.5739909262475212
UBFC_PHYS_s14_T1_ctrl,146,105,149.5,1.2433124780654907,0.20063637524021044
UBFC_PHYS_s14_T1_ctrl,146,106,149.53333333333333,1.150090217590332,-0.2311446366617242
UBFC_PHYS_s14_T1_ctrl,146,107,149.56666666666666,1.1054224967956543,-0.672434539930212
UBFC_PHYS_s14_T1_ctrl,146,108,149.6,1.0891156196594238,-1.0564182684338634
UBFC_PHYS_s14_T1_ctrl,146,109,149.63333333333333,1.0538544654846191,-1.312359812697382
UBFC_PHYS_s14_T1_ctrl,146,110,149.66666666666666,0.92027348279953,-1.3840453798475276
UBFC_PHYS_s14_T1_ctrl,146,111,149.7,0.6338755488395691,-1.2473253617771025
UBFC_PHYS_s14_T1_ctrl,146,112,149.73333333333332,0.26222577691078186,-0.9207438511350654
UBFC_PHYS_s14_T1_ctrl,146,113,149.76666666666668,-0.056954797357320786,-0.46431044342682415
UBFC_PHYS_s14_T1_ctrl,146,114,149.8,-0.33633992075920105,0.03518173848797572
UBFC_PHYS_s14_T1_ctrl,146,115,149.83333333333334,-0.7343510389328003,0.4883870300627333
UBFC_PHYS_s14_T1_ctrl,146,116,149.86666666666667,-1.2477493286132812,0.8277403062830213
UBFC_PHYS_s14_T1_ctrl,146,117,149.9,-1.5965300798416138,1.021403306286726
UBFC_PHYS_s14_T1_ctrl,146,118,149.93333333333334,-1.4585837125778198,1.0720025146527883
UBFC_PHYS_s14_T1_ctrl,146,119,149.96666666666667,-0.7685137391090393,1.003552263868708
UBFC_PHYS_s14_T1_ctrl,146,120,150.0,0.19857555627822876,0.8450035990523408
UBFC_PHYS_s14_T1_ctrl,146,121,150.03333333333333,1.0478274822235107,0.6188170413204435
UBFC_PHYS_s14_T1_ctrl,146,122,150.06666666666666,1.5875871181488037,0.3390058164111304
UBFC_PHYS_s14_T1_ctrl,146,123,150.1,1.8256276845932007,0.017739915522260893
UBFC_PHYS_s14_T1_ctrl,146,124,150.13333333333333,1.8352034091949463,-0.3245816001697768
UBFC_PHYS_s14_T1_ctrl,146,125,150.16666666666666,1.763075828552246,-0.6523649343596329
UBFC_PHYS_s14_T1_ctrl,146,126,150.2,1.7824525833129883,-0.916001854240112
UBFC_PHYS_s14_T1_ctrl,146,127,150.23333333333332,1.8780686855316162,-1.062393519224743
UBFC_PHYS_s14_T1_ctrl,146,128,150.26666666666668,1.8030121326446533,-1.051434476695781
UBFC_PHYS_s14_T1_ctrl,146,129,150.3,1.3959040641784668,-0.871808079821733
UBFC_PHYS_s14_T1_ctrl,146,130,150.33333333333334,0.8043793439865112,-0.5490674080268279
UBFC_PHYS_s14_T1_ctrl,146,131,150.36666666666667,0.24845367670059204,-0.1417103785107505
UBFC_PHYS_s14_T1_ctrl,146,132,150.4,-0.21703796088695526,0.2742337655031639
UBFC_PHYS_s14_T1_ctrl,146,133,150.43333333333334,-0.6561964154243469,0.6266038266833582
UBFC_PHYS_s14_T1_ctrl,146,134,150.46666666666667,-1.1060007810592651,0.8660394954782884
UBFC_PHYS_s14_T1_ctrl,146,135,150.5,-1.5351892709732056,0.9749152671033698
UBFC_PHYS_s14_T1_ctrl,146,136,150.53333333333333,-1.811307430267334,0.9635748691145936
UBFC_PHYS_s14_T1_ctrl,146,137,150.56666666666666,-1.7246472835540771,0.8572577229989075
UBFC_PHYS_s14_T1_ctrl,146,138,150.6,-1.2022929191589355,0.6811222480261595
UBFC_PHYS_s14_T1_ctrl,146,139,150.63333333333333,-0.46654126048088074,0.4509054473187014
UBFC_PHYS_s14_T1_ctrl,146,140,150.66666666666666,0.16139930486679077,0.17319853203105176
UBFC_PHYS_s14_T1_ctrl,146,141,150.7,0.5235297083854675,-0.14594069905029083
UBFC_PHYS_s14_T1_ctrl,146,142,150.73333333333332,0.592559278011322,-0.4896163940773562
UBFC_PHYS_s14_T1_ctrl,146,143,150.76666666666668,0.3933846950531006,-0.822858577656207
UBFC_PHYS_s14_T1_ctrl,146,144,150.8,0.09321469813585281,-1.0942666820461782
UBFC_PHYS_s14_T1_ctrl,146,145,150.83333333333334,-0.07264205068349838,-1.2471238141364427
UBFC_PHYS_s14_T1_ctrl,146,146,150.86666666666667,-0.09046974778175354,-1.2364939896991394
UBFC_PHYS_s14_T1_ctrl,146,147,150.9,-0.1707366406917572,-1.0460645428697497
UBFC_PHYS_s14_T1_ctrl,146,148,150.93333333333334,-0.4088335931301117,-0.6978101306639807
UBFC_PHYS_s14_T1_ctrl,146,149,150.96666666666667,-0.6885848045349121,-0.24957266202497294
UBFC_PHYS_s14_T1_ctrl,146,150,151.0,-0.9555778503417969,0.21981837315510042
UBFC_PHYS_s14_T1_ctrl,146,151,151.03333333333333,-1.34097158908844,0.6328468827406454
UBFC_PHYS_s14_T1_ctrl,146,152,151.06666666666666,-1.9416214227676392,0.9341924680218667
UBFC_PHYS_s14_T1_ctrl,146,153,151.1,-2.6290156841278076,1.1015896538324246
UBFC_PHYS_s14_T1_ctrl,146,154,151.13333333333333,-2.9786977767944336,1.1428630583037218
UBFC_PHYS_s14_T1_ctrl,146,155,151.16666666666666,-2.551762342453003,1.082065812481799
UBFC_PHYS_s14_T1_ctrl,146,156,151.2,-1.3956938982009888,0.9426230441421979
UBFC_PHYS_s14_T1_ctrl,146,157,151.23333333333332,-0.054927002638578415,0.7363572548510765
UBFC_PHYS_s14_T1_ctrl,146,158,151.26666666666668,0.95229572057724,0.46389814440098753
UBFC_PHYS_s14_T1_ctrl,146,159,151.3,1.4430503845214844,0.12570772695332158
UBFC_PHYS_s14_T1_ctrl,146,160,151.33333333333334,1.4653842449188232,-0.2631959142065802
UBFC_PHYS_s14_T1_ctrl,146,161,151.36666666666667,1.2057138681411743,-0.6639046721614111
UBFC_PHYS_s14_T1_ctrl,146,162,151.4,0.9443817138671875,-1.0154160341297684
UBFC_PHYS_s14_T1_ctrl,146,163,151.43333333333334,0.8568767309188843,-1.2475454475100467
UBFC_PHYS_s14_T1_ctrl,146,164,151.46666666666667,0.8952077031135559,-1.3006679217940982
UBFC_PHYS_s14_T1_ctrl,146,165,151.5,0.9290042519569397,-1.1458229094106145
UBFC_PHYS_s14_T1_ctrl,146,166,151.53333333333333,0.899319589138031,-0.7979950387258168
UBFC_PHYS_s14_T1_ctrl,146,167,151.56666666666666,0.7704137563705444,-0.3166566285322604
UBFC_PHYS_s14_T1_ctrl,146,168,151.6,0.4649771451950073,0.2084246158926959
UBFC_PHYS_s14_T1_ctrl,146,169,151.63333333333333,-0.015497653745114803,0.6821523924158067
UBFC_PHYS_s14_T1_ctrl,146,170,151.66666666666666,-0.5494555234909058,1.0302793700234276
UBFC_PHYS_s14_T1_ctrl,146,171,151.7,-0.9995979070663452,1.2159681423150075
UBFC_PHYS_s14_T1_ctrl,146,172,151.73333333333332,-1.24541175365448,1.2408607015657778
UBFC_PHYS_s14_T1_ctrl,146,173,151.76666666666668,-1.1473453044891357,1.1326389256362321
UBFC_PHYS_s14_T1_ctrl,146,174,151.8,-0.6639978289604187,0.9268629049323179
UBFC_PHYS_s14_T1_ctrl,146,175,151.83333333333334,0.03719685599207878,0.6521063430638322
UBFC_PHYS_s14_T1_ctrl,146,176,151.86666666666667,0.7094109654426575,0.32429600093153893
UBFC_PHYS_s14_T1_ctrl,146,177,151.9,1.1764798164367676,-0.04896380793496224
UBFC_PHYS_s14_T1_ctrl,146,178,151.93333333333334,1.3484480381011963,-0.45770761591946246
UBFC_PHYS_s14_T1_ctrl,146,179,151.96666666666667,1.2446361780166626,-0.8784248548326542
UBFC_PHYS_s14_T1_ctrl,146,180,152.0,1.0122283697128296,-1.268062278704976
UBFC_PHYS_s14_T1_ctrl,146,181,152.03333333333333,0.7734555006027222,-1.5668537848242292
UBFC_PHYS_s14_T1_ctrl,146,182,152.06666666666666,0.5003227591514587,-1.7105135019967432
UBFC_PHYS_s14_T1_ctrl,146,183,152.1,0.19460445642471313,-1.6488498854124898
UBFC_PHYS_s14_T1_ctrl,146,184,152.13333333333333,-0.012230650521814823,-1.3647943418353377
UBFC_PHYS_s14_T1_ctrl,146,185,152.16666666666666,-0.07278286665678024,-0.8862888460712769
UBFC_PHYS_s14_T1_ctrl,146,186,152.2,-0.16161155700683594,-0.2846444722489638
UBFC_PHYS_s14_T1_ctrl,146,187,152.23333333333332,-0.44575634598731995,0.34228500437737763
UBFC_PHYS_s14_T1_ctrl,146,188,152.26666666666668,-0.8731141686439514,0.8966594049662355
UBFC_PHYS_s14_T1_ctrl,146,189,152.3,-1.2600005865097046,1.3062139323521968
UBFC_PHYS_s14_T1_ctrl,146,190,152.33333333333334,-1.3916946649551392,1.5384351711781088
UBFC_PHYS_s14_T1_ctrl,146,191,152.36666666666667,-1.0839203596115112,1.5987306539968058
UBFC_PHYS_s14_T1_ctrl,146,192,152.4,-0.3934561312198639,1.5159073390899802
UBFC_PHYS_s14_T1_ctrl,146,193,152.43333333333334,0.350801020860672,1.3238516480296783
UBFC_PHYS_s14_T1_ctrl,146,194,152.46666666666667,0.8739439845085144,1.0485432051436823
UBFC_PHYS_s14_T1_ctrl,146,195,152.5,1.14614737033844,0.705236466485187
UBFC_PHYS_s14_T1_ctrl,146,196,152.53333333333333,1.2600418329238892,0.3048753497912373
UBFC_PHYS_s14_T1_ctrl,146,197,152.56666666666666,1.3192421197891235,-0.1353067690373617
UBFC_PHYS_s14_T1_ctrl,146,198,152.6,1.3660786151885986,-0.5829059182085541
UBFC_PHYS_s14_T1_ctrl,146,199,152.63333333333333,1.3579673767089844,-0.9875704067005054
UBFC_PHYS_s14_T1_ctrl,146,200,152.66666666666666,1.2434533834457397,-1.2864473270567733
UBFC_PHYS_s14_T1_ctrl,146,201,152.7,1.0408709049224854,-1.4174806961570587
UBFC_PHYS_s14_T1_ctrl,146,202,152.73333333333332,0.796211838722229,-1.3374937699404523
UBFC_PHYS_s14_T1_ctrl,146,203,152.76666666666668,0.5362879633903503,-1.0395188854411768
UBFC_PHYS_s14_T1_ctrl,146,204,152.8,0.26574626564979553,-0.562517519932612
UBFC_PHYS_s14_T1_ctrl,146,205,152.83333333333334,-0.04490068182349205,0.012341130159099831
UBFC_PHYS_s14_T1_ctrl,146,206,152.86666666666667,-0.4442073404788971,0.5805351740579212
UBFC_PHYS_s14_T1_ctrl,146,207,152.9,-0.9552398920059204,1.0430318364154758
UBFC_PHYS_s14_T1_ctrl,146,208,152.93333333333334,-1.4747215509414673,1.3333732734343033
UBFC_PHYS_s14_T1_ctrl,146,209,152.96666666666667,-1.6962019205093384,1.4306701867645637
UBFC_PHYS_s14_T1_ctrl,146,210,153.0,-1.3336771726608276,1.3539900882431475
UBFC_PHYS_s14_T1_ctrl,146,211,153.03333333333333,-0.4858897924423218,1.1438701355529663
UBFC_PHYS_s14_T1_ctrl,146,212,153.06666666666666,0.3874703049659729,0.8418489926868773
UBFC_PHYS_s14_T1_ctrl,146,213,153.1,0.9371999502182007,0.47742992831256814
UBFC_PHYS_s14_T1_ctrl,146,214,153.13333333333333,1.1008598804473877,0.0663981684617664
UBFC_PHYS_s14_T1_ctrl,146,215,153.16666666666666,1.0140589475631714,-0.38145110420675016
UBFC_PHYS_s14_T1_ctrl,146,216,153.2,0.8421470522880554,-0.850619881748509
UBFC_PHYS_s14_T1_ctrl,146,217,153.23333333333332,0.6983707547187805,-1.3103271516992008
UBFC_PHYS_s14_T1_ctrl,146,218,153.26666666666668,0.6407475471496582,-1.7117142289918617
UBFC_PHYS_s14_T1_ctrl,146,219,153.3,0.6409728527069092,-1.9939542504746897
UBFC_PHYS_s14_T1_ctrl,146,220,153.33333333333334,0.6073734164237976,-2.098365788822941
UBFC_PHYS_s14_T1_ctrl,146,221,153.36666666666667,0.4908596873283386,-1.9866209151024021
UBFC_PHYS_s14_T1_ctrl,146,222,153.4,0.29717710614204407,-1.6567933705941602
UBFC_PHYS_s14_T1_ctrl,146,223,153.43333333333334,0.02677624300122261,-1.1504411556163192
UBFC_PHYS_s14_T1_ctrl,146,224,153.46666666666667,-0.31347090005874634,-0.5461541285978186
UBFC_PHYS_s14_T1_ctrl,146,225,153.5,-0.6818255186080933,0.05986943447769385
UBFC_PHYS_s14_T1_ctrl,146,226,153.53333333333333,-1.0697540044784546,0.5793922827659611
UBFC_PHYS_s14_T1_ctrl,146,227,153.56666666666666,-1.4967738389968872,0.9536049565964946
UBFC_PHYS_s14_T1_ctrl,146,228,153.6,-1.806153416633606,1.1624377613965016
UBFC_PHYS_s14_T1_ctrl,146,229,153.63333333333333,-1.6892735958099365,1.2200050382907968
UBFC_PHYS_s14_T1_ctrl,146,230,153.66666666666666,-1.0656983852386475,1.1610384645776806
UBFC_PHYS_s14_T1_ctrl,146,231,153.7,-0.2161085605621338,1.0262687809914928
UBFC_PHYS_s14_T1_ctrl,146,232,153.73333333333332,0.521276593208313,0.8529027307514293
UBFC_PHYS_s14_T1_ctrl,146,233,153.76666666666668,0.9649694561958313,0.6716352042965015
UBFC_PHYS_s14_T1_ctrl,146,234,153.8,1.0719637870788574,0.5074689275624354
UBFC_PHYS_s14_T1_ctrl,146,235,153.83333333333334,0.9375942349433899,0.38035310923404964
UBFC_PHYS_s14_T1_ctrl,146,236,153.86666666666667,0.7673439383506775,0.30353760223528736
UBFC_PHYS_s14_T1_ctrl,146,237,153.9,0.7382225394248962,0.28043773628045565
UBFC_PHYS_s14_T1_ctrl,146,238,153.93333333333334,0.859749436378479,0.302364389152294
UBFC_PHYS_s14_T1_ctrl,146,239,153.96666666666667,1.0009909868240356,0.3492774251994351
UBFC_PHYS_s14_T1_ctrl,147,0,147.0,0.5006325244903564,0.1044736815385962
UBFC_PHYS_s14_T1_ctrl,147,1,147.03333333333333,0.28441888093948364,-0.20781806353570173
UBFC_PHYS_s14_T1_ctrl,147,2,147.06666666666666,0.2238103300333023,-0.44499921465020575
UBFC_PHYS_s14_T1_ctrl,147,3,147.1,0.1895349621772766,-0.5496724140684007
UBFC_PHYS_s14_T1_ctrl,147,4,147.13333333333333,0.06367085129022598,-0.4971803932970023
UBFC_PHYS_s14_T1_ctrl,147,5,147.16666666666666,-0.11995726823806763,-0.30116473618672385
UBFC_PHYS_s14_T1_ctrl,147,6,147.2,-0.29569950699806213,-0.007672710115247288
UBFC_PHYS_s14_T1_ctrl,147,7,147.23333333333332,-0.5183627009391785,0.3209523280461405
UBFC_PHYS_s14_T1_ctrl,147,8,147.26666666666668,-0.8867736458778381,0.6257417170539301
UBFC_PHYS_s14_T1_ctrl,147,9,147.3,-1.350490927696228,0.8654360786872082
UBFC_PHYS_s14_T1_ctrl,147,10,147.33333333333334,-1.6815003156661987,1.0201795778282254
UBFC_PHYS_s14_T1_ctrl,147,11,147.36666666666667,-1.6192301511764526,1.0857782349118084
UBFC_PHYS_s14_T1_ctrl,147,12,147.4,-1.0719225406646729,1.0643536364238608
UBFC_PHYS_s14_T1_ctrl,147,13,147.43333333333334,-0.2500459551811218,0.9576645462789244
UBFC_PHYS_s14_T1_ctrl,147,14,147.46666666666667,0.48604369163513184,0.7661864644761225
UBFC_PHYS_s14_T1_ctrl,147,15,147.5,0.9209775924682617,0.49297248782236913
UBFC_PHYS_s14_T1_ctrl,147,16,147.53333333333333,1.0274085998535156,0.14907979970898505
UBFC_PHYS_s14_T1_ctrl,147,17,147.56666666666666,0.8886736631393433,-0.24246581300383824
UBFC_PHYS_s14_T1_ctrl,147,18,147.6,0.658293604850769,-0.6456530995600874
UBFC_PHYS_s14_T1_ctrl,147,19,147.63333333333333,0.5071102380752563,-1.0136900609393014
UBFC_PHYS_s14_T1_ctrl,147,20,147.66666666666666,0.4588092565536499,-1.2946257424411145
UBFC_PHYS_s14_T1_ctrl,147,21,147.7,0.3986513316631317,-1.4405096529246026
UBFC_PHYS_s14_T1_ctrl,147,22,147.73333333333332,0.2565930187702179,-1.418896029480671
UBFC_PHYS_s14_T1_ctrl,147,23,147.76666666666668,0.0643467828631401,-1.2234741697296563
UBFC_PHYS_s14_T1_ctrl,147,24,147.8,-0.14040420949459076,-0.8793966965448146
UBFC_PHYS_s14_T1_ctrl,147,25,147.83333333333334,-0.4034261405467987,-0.43978762386355363
UBFC_PHYS_s14_T1_ctrl,147,26,147.86666666666667,-0.8160260915756226,0.02681131591048524
UBFC_PHYS_s14_T1_ctrl,147,27,147.9,-1.3765143156051636,0.45397183922862167
UBFC_PHYS_s14_T1_ctrl,147,28,147.93333333333334,-1.8562287092208862,0.7927893521912714
UBFC_PHYS_s14_T1_ctrl,147,29,147.96666666666667,-1.9196817874908447,1.0188092483881979
UBFC_PHYS_s14_T1_ctrl,147,30,148.0,-1.446895718574524,1.1288741841327115
UBFC_PHYS_s14_T1_ctrl,147,31,148.03333333333333,-0.6495497822761536,1.1317147687164746
UBFC_PHYS_s14_T1_ctrl,147,32,148.06666666666666,0.12715210020542145,1.0384254510445252
UBFC_PHYS_s14_T1_ctrl,147,33,148.1,0.6778956055641174,0.8574945194373058
UBFC_PHYS_s14_T1_ctrl,147,34,148.13333333333333,0.9563794732093811,0.5954991134367361
UBFC_PHYS_s14_T1_ctrl,147,35,148.16666666666666,1.0164529085159302,0.2615340062342066
UBFC_PHYS_s14_T1_ctrl,147,36,148.2,0.954858660697937,-0.12742103413637587
UBFC_PHYS_s14_T1_ctrl,147,37,148.23333333333332,0.865382194519043,-0.5423353169993986
UBFC_PHYS_s14_T1_ctrl,147,38,148.26666666666668,0.8025205135345459,-0.9406093532361627
UBFC_PHYS_s14_T1_ctrl,147,39,148.3,0.7482770085334778,-1.2684567290470738
UBFC_PHYS_s14_T1_ctrl,147,40,148.33333333333334,0.626947283744812,-1.468291073631348
UBFC_PHYS_s14_T1_ctrl,147,41,148.36666666666667,0.4091282784938812,-1.491124624088501
UBFC_PHYS_s14_T1_ctrl,147,42,148.4,0.13765721023082733,-1.3115259862107784
UBFC_PHYS_s14_T1_ctrl,147,43,148.43333333333334,-0.1738346517086029,-0.9399830343450171
UBFC_PHYS_s14_T1_ctrl,147,44,148.46666666666667,-0.5706629157066345,-0.42651605296627065
UBFC_PHYS_s14_T1_ctrl,147,45,148.5,-1.076400637626648,0.14826927347950156
UBFC_PHYS_s14_T1_ctrl,147,46,148.53333333333333,-1.6457322835922241,0.6930145290391279
UBFC_PHYS_s14_T1_ctrl,147,47,148.56666666666666,-2.0808351039886475,1.1290252177007007
UBFC_PHYS_s14_T1_ctrl,147,48,148.6,-2.0490663051605225,1.4077984247942565
UBFC_PHYS_s14_T1_ctrl,147,49,148.63333333333333,-1.4160000085830688,1.5161651595298795
UBFC_PHYS_s14_T1_ctrl,147,50,148.66666666666666,-0.46594980359077454,1.469246554249636
UBFC_PHYS_s14_T1_ctrl,147,51,148.7,0.3941732943058014,1.2971499633971197
UBFC_PHYS_s14_T1_ctrl,147,52,148.73333333333332,0.9746015071868896,1.032358424240601
UBFC_PHYS_s14_T1_ctrl,147,53,148.76666666666668,1.256239652633667,0.7021274543637406
UBFC_PHYS_s14_T1_ctrl,147,54,148.8,1.2791368961334229,0.32692848933114205
UBFC_PHYS_s14_T1_ctrl,147,55,148.83333333333334,1.1641721725463867,-0.07631470393296115
UBFC_PHYS_s14_T1_ctrl,147,56,148.86666666666667,1.0576847791671753,-0.48851859066267456
UBFC_PHYS_s14_T1_ctrl,147,57,148.9,1.0181427001953125,-0.8828835635961254
UBFC_PHYS_s14_T1_ctrl,147,58,148.93333333333334,0.9915279746055603,-1.2221095204211583
UBFC_PHYS_s14_T1_ctrl,147,59,148.96666666666667,0.8972917795181274,-1.4605715190558348
UBFC_PHYS_s14_T1_ctrl,147,60,149.0,0.6987650394439697,-1.5524008260385915
UBFC_PHYS_s14_T1_ctrl,147,61,149.03333333333333,0.4334336519241333,-1.4642691305962579
UBFC_PHYS_s14_T1_ctrl,147,62,149.06666666666666,0.1550624519586563,-1.1890920219342567
UBFC_PHYS_s14_T1_ctrl,147,63,149.1,-0.14564266800880432,-0.754964165105318
UBFC_PHYS_s14_T1_ctrl,147,64,149.13333333333333,-0.5240799188613892,-0.2238778415541878
UBFC_PHYS_s14_T1_ctrl,147,65,149.16666666666666,-1.0313385725021362,0.32158854569391776
UBFC_PHYS_s14_T1_ctrl,147,66,149.2,-1.616132140159607,0.7992945388450083
UBFC_PHYS_s14_T1_ctrl,147,67,149.23333333333332,-1.9982588291168213,1.1475565360179698
UBFC_PHYS_s14_T1_ctrl,147,68,149.26666666666668,-1.817165493965149,1.3362787438829942
UBFC_PHYS_s14_T1_ctrl,147,69,149.3,-1.07547128200531,1.3662999113681957
UBFC_PHYS_s14_T1_ctrl,147,70,149.33333333333334,-0.13389836251735687,1.2596886175029627
UBFC_PHYS_s14_T1_ctrl,147,71,149.36666666666667,0.688344419002533,1.0470386557110376
UBFC_PHYS_s14_T1_ctrl,147,72,149.4,1.2232035398483276,0.7575894414344765
UBFC_PHYS_s14_T1_ctrl,147,73,149.43333333333334,1.4184069633483887,0.4152067426795722
UBFC_PHYS_s14_T1_ctrl,147,74,149.46666666666667,1.367965579032898,0.03994782589012013
UBFC_PHYS_s14_T1_ctrl,147,75,149.5,1.2433124780654907,-0.34722566082680617
UBFC_PHYS_s14_T1_ctrl,147,76,149.53333333333333,1.150090217590332,-0.7194722045115152
UBFC_PHYS_s14_T1_ctrl,147,77,149.56666666666666,1.1054224967956543,-1.0412726679640483
UBFC_PHYS_s14_T1_ctrl,147,78,149.6,1.0891156196594238,-1.2697940544427304
UBFC_PHYS_s14_T1_ctrl,147,79,149.63333333333333,1.0538544654846191,-1.3616272787785417
UBFC_PHYS_s14_T1_ctrl,147,80,149.66666666666666,0.92027348279953,-1.284392527573006
UBFC_PHYS_s14_T1_ctrl,147,81,149.7,0.6338755488395691,-1.030146946626731
UBFC_PHYS_s14_T1_ctrl,147,82,149.73333333333332,0.26222577691078186,-0.6251724239670925
UBFC_PHYS_s14_T1_ctrl,147,83,149.76666666666668,-0.056954797357320786,-0.1303231788715608
UBFC_PHYS_s14_T1_ctrl,147,84,149.8,-0.33633992075920105,0.37105320333139835
UBFC_PHYS_s14_T1_ctrl,147,85,149.83333333333334,-0.7343510389328003,0.794922931595541
UBFC_PHYS_s14_T1_ctrl,147,86,149.86666666666667,-1.2477493286132812,1.0794932569493003
UBFC_PHYS_s14_T1_ctrl,147,87,149.9,-1.5965300798416138,1.1990936026427974
UBFC_PHYS_s14_T1_ctrl,147,88,149.93333333333334,-1.4585837125778198,1.1637976353338833
UBFC_PHYS_s14_T1_ctrl,147,89,149.96666666666667,-0.7685137391090393,1.007203518073941
UBFC_PHYS_s14_T1_ctrl,147,90,150.0,0.19857555627822876,0.7697597445427334
UBFC_PHYS_s14_T1_ctrl,147,91,150.03333333333333,1.0478274822235107,0.48548101062808674
UBFC_PHYS_s14_T1_ctrl,147,92,150.06666666666666,1.5875871181488037,0.1768167186237859
UBFC_PHYS_s14_T1_ctrl,147,93,150.1,1.8256276845932007,-0.1420413480224121
UBFC_PHYS_s14_T1_ctrl,147,94,150.13333333333333,1.8352034091949463,-0.4568280629564398
UBFC_PHYS_s14_T1_ctrl,147,95,150.16666666666666,1.763075828552246,-0.7449971893044871
UBFC_PHYS_s14_T1_ctrl,147,96,150.2,1.7824525833129883,-0.9723409469392998
UBFC_PHYS_s14_T1_ctrl,147,97,150.23333333333332,1.8780686855316162,-1.0970382166070185
UBFC_PHYS_s14_T1_ctrl,147,98,150.26666666666668,1.8030121326446533,-1.0807830027113399
UBFC_PHYS_s14_T1_ctrl,147,99,150.3,1.3959040641784668,-0.9035827524989045
UBFC_PHYS_s14_T1_ctrl,147,100,150.33333333333334,0.8043793439865112,-0.5764941666126592
UBFC_PHYS_s14_T1_ctrl,147,101,150.36666666666667,0.24845367670059204,-0.14609572903096377
UBFC_PHYS_s14_T1_ctrl,147,102,150.4,-0.21703796088695526,0.3132411904594823
UBFC_PHYS_s14_T1_ctrl,147,103,150.43333333333334,-0.6561964154243469,0.7181761525989776
UBFC_PHYS_s14_T1_ctrl,147,104,150.46666666666667,-1.1060007810592651,0.999255865697538
UBFC_PHYS_s14_T1_ctrl,147,105,150.5,-1.5351892709732056,1.1180456200664606
UBFC_PHYS_s14_T1_ctrl,147,106,150.53333333333333,-1.811307430267334,1.0719339867050985
UBFC_PHYS_s14_T1_ctrl,147,107,150.56666666666666,-1.7246472835540771,0.8866010444429763
UBFC_PHYS_s14_T1_ctrl,147,108,150.6,-1.2022929191589355,0.6017813301894922
UBFC_PHYS_s14_T1_ctrl,147,109,150.63333333333333,-0.46654126048088074,0.2579651176742639
UBFC_PHYS_s14_T1_ctrl,147,110,150.66666666666666,0.16139930486679077,-0.11034473353730033
UBFC_PHYS_s14_T1_ctrl,147,111,150.7,0.5235297083854675,-0.47365856535663364
UBFC_PHYS_s14_T1_ctrl,147,112,150.73333333333332,0.592559278011322,-0.8020124705357792
UBFC_PHYS_s14_T1_ctrl,147,113,150.76666666666668,0.3933846950531006,-1.0603362354387993
UBFC_PHYS_s14_T1_ctrl,147,114,150.8,0.09321469813585281,-1.2091755591944036
UBFC_PHYS_s14_T1_ctrl,147,115,150.83333333333334,-0.07264205068349838,-1.2122434766949637
UBFC_PHYS_s14_T1_ctrl,147,116,150.86666666666667,-0.09046974778175354,-1.0487036521016837
UBFC_PHYS_s14_T1_ctrl,147,117,150.9,-0.1707366406917572,-0.7251682899453702
UBFC_PHYS_s14_T1_ctrl,147,118,150.93333333333334,-0.4088335931301117,-0.28123666522793034
UBFC_PHYS_s14_T1_ctrl,147,119,150.96666666666667,-0.6885848045349121,0.21568763298093194
UBFC_PHYS_s14_T1_ctrl,147,120,151.0,-0.9555778503417969,0.6857032031149879
UBFC_PHYS_s14_T1_ctrl,147,121,151.03333333333333,-1.34097158908844,1.056195564979677
UBFC_PHYS_s14_T1_ctrl,147,122,151.06666666666666,-1.9416214227676392,1.2783554640253776
UBFC_PHYS_s14_T1_ctrl,147,123,151.1,-2.6290156841278076,1.3346070684240618
UBFC_PHYS_s14_T1_ctrl,147,124,151.13333333333333,-2.9786977767944336,1.2358169938570358
UBFC_PHYS_s14_T1_ctrl,147,125,151.16666666666666,-2.551762342453003,1.0115836285483146
UBFC_PHYS_s14_T1_ctrl,147,126,151.2,-1.3956938982009888,0.6986569351276792
UBFC_PHYS_s14_T1_ctrl,147,127,151.23333333333332,-0.054927002638578415,0.33193642556757624
UBFC_PHYS_s14_T1_ctrl,147,128,151.26666666666668,0.95229572057724,-0.059155213409429766
UBFC_PHYS_s14_T1_ctrl,147,129,151.3,1.4430503845214844,-0.4485469805901837
UBFC_PHYS_s14_T1_ctrl,147,130,151.33333333333334,1.4653842449188232,-0.8081436206069375
UBFC_PHYS_s14_T1_ctrl,147,131,151.36666666666667,1.2057138681411743,-1.103533094665661
UBFC_PHYS_s14_T1_ctrl,147,132,151.4,0.9443817138671875,-1.2946444459812978
UBFC_PHYS_s14_T1_ctrl,147,133,151.43333333333334,0.8568767309188843,-1.3428499461991097
UBFC_PHYS_s14_T1_ctrl,147,134,151.46666666666667,0.8952077031135559,-1.2229326242246843
UBFC_PHYS_s14_T1_ctrl,147,135,151.5,0.9290042519569397,-0.935526626036799
UBFC_PHYS_s14_T1_ctrl,147,136,151.53333333333333,0.899319589138031,-0.5141099610999725
UBFC_PHYS_s14_T1_ctrl,147,137,151.56666666666666,0.7704137563705444,-0.021725349202240774
UBFC_PHYS_s14_T1_ctrl,147,138,151.6,0.4649771451950073,0.4632816142149127
UBFC_PHYS_s14_T1_ctrl,147,139,151.63333333333333,-0.015497653745114803,0.867692409937934
UBFC_PHYS_s14_T1_ctrl,147,140,151.66666666666666,-0.5494555234909058,1.1413012366589412
UBFC_PHYS_s14_T1_ctrl,147,141,151.7,-0.9995979070663452,1.2645687371125904
UBFC_PHYS_s14_T1_ctrl,147,142,151.73333333333332,-1.24541175365448,1.244566426030632
UBFC_PHYS_s14_T1_ctrl,147,143,151.76666666666668,-1.1473453044891357,1.1041299912416649
UBFC_PHYS_s14_T1_ctrl,147,144,151.8,-0.6639978289604187,0.870857633440603
UBFC_PHYS_s14_T1_ctrl,147,145,151.83333333333334,0.03719685599207878,0.5702038466183721
UBFC_PHYS_s14_T1_ctrl,147,146,151.86666666666667,0.7094109654426575,0.22362060489940105
UBFC_PHYS_s14_T1_ctrl,147,147,151.9,1.1764798164367676,-0.1494586775495818
UBFC_PHYS_s14_T1_ctrl,147,148,151.93333333333334,1.3484480381011963,-0.5275989211162605
UBFC_PHYS_s14_T1_ctrl,147,149,151.96666666666667,1.2446361780166626,-0.8831361299608844
UBFC_PHYS_s14_T1_ctrl,147,150,152.0,1.0122283697128296,-1.179918889126184
UBFC_PHYS_s14_T1_ctrl,147,151,152.03333333333333,0.7734555006027222,-1.375339570121444
UBFC_PHYS_s14_T1_ctrl,147,152,152.06666666666666,0.5003227591514587,-1.42793858234898
UBFC_PHYS_s14_T1_ctrl,147,153,152.1,0.19460445642471313,-1.3094503389392167
UBFC_PHYS_s14_T1_ctrl,147,154,152.13333333333333,-0.012230650521814823,-1.0172384120922648
UBFC_PHYS_s14_T1_ctrl,147,155,152.16666666666666,-0.07278286665678024,-0.5814342597637364
UBFC_PHYS_s14_T1_ctrl,147,156,152.2,-0.16161155700683594,-0.06227097838686354
UBFC_PHYS_s14_T1_ctrl,147,157,152.23333333333332,-0.44575634598731995,0.462864693712443
UBFC_PHYS_s14_T1_ctrl,147,158,152.26666666666668,-0.8731141686439514,0.9180495672633875
UBFC_PHYS_s14_T1_ctrl,147,159,152.3,-1.2600005865097046,1.2456922168969544
UBFC_PHYS_s14_T1_ctrl,147,160,152.33333333333334,-1.3916946649551392,1.4157619242103971
UBFC_PHYS_s14_T1_ctrl,147,161,152.36666666666667,-1.0839203596115112,1.4256982665185127
UBFC_PHYS_s14_T1_ctrl,147,162,152.4,-0.3934561312198639,1.2932336506234625
UBFC_PHYS_s14_T1_ctrl,147,163,152.43333333333334,0.350801020860672,1.0464369137183451
UBFC_PHYS_s14_T1_ctrl,147,164,152.46666666666667,0.8739439845085144,0.7152892802951492
UBFC_PHYS_s14_T1_ctrl,147,165,152.5,1.14614737033844,0.3274697165850444
UBFC_PHYS_s14_T1_ctrl,147,166,152.53333333333333,1.2600418329238892,-0.09131430713579984
UBFC_PHYS_s14_T1_ctrl,147,167,152.56666666666666,1.3192421197891235,-0.5139860838539809
UBFC_PHYS_s14_T1_ctrl,147,168,152.6,1.3660786151885986,-0.9080602062462136
UBFC_PHYS_s14_T1_ctrl,147,169,152.63333333333333,1.3579673767089844,-1.233370059492972
UBFC_PHYS_s14_T1_ctrl,147,170,152.66666666666666,1.2434533834457397,-1.443989632305122
UBFC_PHYS_s14_T1_ctrl,147,171,152.7,1.0408709049224854,-1.4958804896833686
UBFC_PHYS_s14_T1_ctrl,147,172,152.73333333333332,0.796211838722229,-1.359461644062233
UBFC_PHYS_s14_T1_ctrl,147,173,152.76666666666668,0.5362879633903503,-1.03327197577299
UBFC_PHYS_s14_T1_ctrl,147,174,152.8,0.26574626564979553,-0.5527598108438516
UBFC_PHYS_s14_T1_ctrl,147,175,152.83333333333334,-0.04490068182349205,0.011429577927966079
UBFC_PHYS_s14_T1_ctrl,147,176,152.86666666666667,-0.4442073404788971,0.567791820958735
UBFC_PHYS_s14_T1_ctrl,147,177,152.9,-0.9552398920059204,1.0272413648498966
UBFC_PHYS_s14_T1_ctrl,147,178,152.93333333333334,-1.4747215509414673,1.3262642228013444
UBFC_PHYS_s14_T1_ctrl,147,179,152.96666666666667,-1.6962019205093384,1.4400795545846141
UBFC_PHYS_s14_T1_ctrl,147,180,153.0,-1.3336771726608276,1.3813227765528975
UBFC_PHYS_s14_T1_ctrl,147,181,153.03333333333333,-0.4858897924423218,1.187237234906594
UBFC_PHYS_s14_T1_ctrl,147,182,153.06666666666666,0.3874703049659729,0.9027423314169649
UBFC_PHYS_s14_T1_ctrl,147,183,153.1,0.9371999502182007,0.5666652943797883
UBFC_PHYS_s14_T1_ctrl,147,184,153.13333333333333,1.1008598804473877,0.2053569941245367
UBFC_PHYS_s14_T1_ctrl,147,185,153.16666666666666,1.0140589475631714,-0.1658131154617395
UBFC_PHYS_s14_T1_ctrl,147,186,153.2,0.8421470522880554,-0.5352358516845673
UBFC_PHYS_s14_T1_ctrl,147,187,153.23333333333332,0.6983707547187805,-0.8857357115330892
UBFC_PHYS_s14_T1_ctrl,147,188,153.26666666666668,0.6407475471496582,-1.1874842551874765
UBFC_PHYS_s14_T1_ctrl,147,189,153.3,0.6409728527069092,-1.397208326223924
UBFC_PHYS_s14_T1_ctrl,147,190,153.33333333333334,0.6073734164237976,-1.4659505645738746
UBFC_PHYS_s14_T1_ctrl,147,191,153.36666666666667,0.4908596873283386,-1.354354041886107
UBFC_PHYS_s14_T1_ctrl,147,192,153.4,0.29717710614204407,-1.050545543817345
UBFC_PHYS_s14_T1_ctrl,147,193,153.43333333333334,0.02677624300122261,-0.5829727294812369
UBFC_PHYS_s14_T1_ctrl,147,194,153.46666666666667,-0.31347090005874634,-0.02091065721283735
UBFC_PHYS_s14_T1_ctrl,147,195,153.5,-0.6818255186080933,0.5401999491872974
UBFC_PHYS_s14_T1_ctrl,147,196,153.53333333333333,-1.0697540044784546,1.0042008049379614
UBFC_PHYS_s14_T1_ctrl,147,197,153.56666666666666,-1.4967738389968872,1.3003621584610647
UBFC_PHYS_s14_T1_ctrl,147,198,153.6,-1.806153416633606,1.3997552164461928
UBFC_PHYS_s14_T1_ctrl,147,199,153.63333333333333,-1.6892735958099365,1.3162802873840507
UBFC_PHYS_s14_T1_ctrl,147,200,153.66666666666666,-1.0656983852386475,1.0939972733133172
UBFC_PHYS_s14_T1_ctrl,147,201,153.7,-0.2161085605621338,0.7879183144593808
UBFC_PHYS_s14_T1_ctrl,147,202,153.73333333333332,0.521276593208313,0.44658545240967096
UBFC_PHYS_s14_T1_ctrl,147,203,153.76666666666668,0.9649694561958313,0.10217699461025599
UBFC_PHYS_s14_T1_ctrl,147,204,153.8,1.0719637870788574,-0.2301339478023646
UBFC_PHYS_s14_T1_ctrl,147,205,153.83333333333334,0.9375942349433899,-0.5453450733646115
UBFC_PHYS_s14_T1_ctrl,147,206,153.86666666666667,0.7673439383506775,-0.8380978198997671
UBFC_PHYS_s14_T1_ctrl,147,207,153.9,0.7382225394248962,-1.0929396550298023
UBFC_PHYS_s14_T1_ctrl,147,208,153.93333333333334,0.859749436378479,-1.2796768169872215
UBFC_PHYS_s14_T1_ctrl,147,209,153.96666666666667,1.0009909868240356,-1.35683722109501
UBFC_PHYS_s14_T1_ctrl,147,210,154.0,1.0215224027633667,-1.2836058935640027
UBFC_PHYS_s14_T1_ctrl,147,211,154.03333333333333,0.867325484752655,-1.036987139484716
UBFC_PHYS_s14_T1_ctrl,147,212,154.06666666666666,0.6017406582832336,-0.6276182651040668
UBFC_PHYS_s14_T1_ctrl,147,213,154.1,0.3050347864627838,-0.10641871900690514
UBFC_PHYS_s14_T1_ctrl,147,214,154.13333333333333,-0.022594936192035675,0.44336757693337586
UBFC_PHYS_s14_T1_ctrl,147,215,154.16666666666666,-0.4611619710922241,0.9279068830006719
UBFC_PHYS_s14_T1_ctrl,147,216,154.2,-1.0145529508590698,1.2697483936600964
UBFC_PHYS_s14_T1_ctrl,147,217,154.23333333333332,-1.477988600730896,1.4280278205333263
UBFC_PHYS_s14_T1_ctrl,147,218,154.26666666666668,-1.5169672966003418,1.4040416027099476
UBFC_PHYS_s14_T1_ctrl,147,219,154.3,-0.996387243270874,1.2323883665225244
UBFC_PHYS_s14_T1_ctrl,147,220,154.33333333333334,-0.1585417091846466,0.9639635429008391
UBFC_PHYS_s14_T1_ctrl,147,221,154.36666666666667,0.6234549880027771,0.6487844779757205
UBFC_PHYS_s14_T1_ctrl,147,222,154.4,1.1174201965332031,0.32456240634558725
UBFC_PHYS_s14_T1_ctrl,147,223,154.43333333333334,1.2824602127075195,0.013325242897451075
UBFC_PHYS_s14_T1_ctrl,147,224,154.46666666666667,1.2014046907424927,-0.27469114123618904
UBFC_PHYS_s14_T1_ctrl,147,225,154.5,1.024057149887085,-0.5326960376042432
UBFC_PHYS_s14_T1_ctrl,147,226,154.53333333333333,0.8957991003990173,-0.74853235519859
UBFC_PHYS_s14_T1_ctrl,147,227,154.56666666666666,0.8514974117279053,-0.8995602691894026
UBFC_PHYS_s14_T1_ctrl,147,228,154.6,0.8016756176948547,-0.9542890369238463
UBFC_PHYS_s14_T1_ctrl,147,229,154.63333333333333,0.6414234638214111,-0.8814805119549504
UBFC_PHYS_s14_T1_ctrl,147,230,154.66666666666666,0.37910565733909607,-0.6643662334128629
UBFC_PHYS_s14_T1_ctrl,147,231,154.7,0.07251428812742233,-0.31468891303313107
UBFC_PHYS_s14_T1_ctrl,147,232,154.73333333333332,-0.27021124958992004,0.12015210605487459
UBFC_PHYS_s14_T1_ctrl,147,233,154.76666666666668,-0.6420300006866455,0.5619580368754598
UBFC_PHYS_s14_T1_ctrl,147,234,154.8,-1.054601788520813,0.9188657094807388
UBFC_PHYS_s14_T1_ctrl,147,235,154.83333333333334,-1.5641980171203613,1.1093729614868622
UBFC_PHYS_s14_T1_ctrl,147,236,154.86666666666667,-2.0152416229248047,1.0845638199181786
UBFC_PHYS_s14_T1_ctrl,147,237,154.9,-2.0101158618927,0.840799997341231
UBFC_PHYS_s14_T1_ctrl,147,238,154.93333333333334,-1.4016083478927612,0.41984777159849496
UBFC_PHYS_s14_T1_ctrl,147,239,154.96666666666667,-0.5137720108032227,-0.10139843980375744
UBFC_PHYS_s14_T1_ctrl,148,0,148.0,-1.446895718574524,-0.08404641897955704
UBFC_PHYS_s14_T1_ctrl,148,1,148.03333333333333,-0.6495497822761536,0.3187672460364345
UBFC_PHYS_s14_T1_ctrl,148,2,148.06666666666666,0.12715210020542145,0.6582858286923869
UBFC_PHYS_s14_T1_ctrl,148,3,148.1,0.6778956055641174,0.8797210209517684
UBFC_PHYS_s14_T1_ctrl,148,4,148.13333333333333,0.9563794732093811,0.9465677542393292
UBFC_PHYS_s14_T1_ctrl,148,5,148.16666666666666,1.0164529085159302,0.847950336926799
UBFC_PHYS_s14_T1_ctrl,148,6,148.2,0.954858660697937,0.6017473819552345
UBFC_PHYS_s14_T1_ctrl,148,7,148.23333333333332,0.865382194519043,0.25199423177059505
UBFC_PHYS_s14_T1_ctrl,148,8,148.26666666666668,0.8025205135345459,-0.13909160090570544
UBFC_PHYS_s14_T1_ctrl,148,9,148.3,0.7482770085334778,-0.5026673319671016
UBFC_PHYS_s14_T1_ctrl,148,10,148.33333333333334,0.626947283744812,-0.7761097243467376
UBFC_PHYS_s14_T1_ctrl,148,11,148.36666666666667,0.4091282784938812,-0.914899947266229
UBFC_PHYS_s14_T1_ctrl,148,12,148.4,0.13765721023082733,-0.9012946277483619
UBFC_PHYS_s14_T1_ctrl,148,13,148.43333333333334,-0.1738346517086029,-0.7474689289175841
UBFC_PHYS_s14_T1_ctrl,148,14,148.46666666666667,-0.5706629157066345,-0.4913033029475082
UBFC_PHYS_s14_T1_ctrl,148,15,148.5,-1.076400637626648,-0.1848987955202178
UBFC_PHYS_s14_T1_ctrl,148,16,148.53333333333333,-1.6457322835922241,0.12084725583350378
UBFC_PHYS_s14_T1_ctrl,148,17,148.56666666666666,-2.0808351039886475,0.38965603216915173
UBFC_PHYS_s14_T1_ctrl,148,18,148.6,-2.0490663051605225,0.60552599224575
UBFC_PHYS_s14_T1_ctrl,148,19,148.63333333333333,-1.4160000085830688,0.7684829157615143
UBFC_PHYS_s14_T1_ctrl,148,20,148.66666666666666,-0.46594980359077454,0.8836396512408837
UBFC_PHYS_s14_T1_ctrl,148,21,148.7,0.3941732943058014,0.9503463481408367
UBFC_PHYS_s14_T1_ctrl,148,22,148.73333333333332,0.9746015071868896,0.9574134809856102
UBFC_PHYS_s14_T1_ctrl,148,23,148.76666666666668,1.256239652633667,0.8863702430915443
UBFC_PHYS_s14_T1_ctrl,148,24,148.8,1.2791368961334229,0.7204215086495862
UBFC_PHYS_s14_T1_ctrl,148,25,148.83333333333334,1.1641721725463867,0.4544455742190536
UBFC_PHYS_s14_T1_ctrl,148,26,148.86666666666667,1.0576847791671753,0.10177117176783987
UBFC_PHYS_s14_T1_ctrl,148,27,148.9,1.0181427001953125,-0.30443944431478226
UBFC_PHYS_s14_T1_ctrl,148,28,148.93333333333334,0.9915279746055603,-0.7152012860319995
UBFC_PHYS_s14_T1_ctrl,148,29,148.96666666666667,0.8972917795181274,-1.0737458489012959
UBFC_PHYS_s14_T1_ctrl,148,30,149.0,0.6987650394439697,-1.3257564557369015
UBFC_PHYS_s14_T1_ctrl,148,31,149.03333333333333,0.4334336519241333,-1.429941708828462
UBFC_PHYS_s14_T1_ctrl,148,32,149.06666666666666,0.1550624519586563,-1.3669945067375706
UBFC_PHYS_s14_T1_ctrl,148,33,149.1,-0.14564266800880432,-1.1447260570458124
UBFC_PHYS_s14_T1_ctrl,148,34,149.13333333333333,-0.5240799188613892,-0.797211116139236
UBFC_PHYS_s14_T1_ctrl,148,35,149.16666666666666,-1.0313385725021362,-0.37701861410443327
UBFC_PHYS_s14_T1_ctrl,148,36,149.2,-1.616132140159607,0.05772350412577358
UBFC_PHYS_s14_T1_ctrl,148,37,149.23333333333332,-1.9982588291168213,0.45681651581846183
UBFC_PHYS_s14_T1_ctrl,148,38,149.26666666666668,-1.817165493965149,0.7863624092843248
UBFC_PHYS_s14_T1_ctrl,148,39,149.3,-1.07547128200531,1.028711459115226
UBFC_PHYS_s14_T1_ctrl,148,40,149.33333333333334,-0.13389836251735687,1.1758143687225446
UBFC_PHYS_s14_T1_ctrl,148,41,149.36666666666667,0.688344419002533,1.221750394457984
UBFC_PHYS_s14_T1_ctrl,148,42,149.4,1.2232035398483276,1.159684605980683
UBFC_PHYS_s14_T1_ctrl,148,43,149.43333333333334,1.4184069633483887,0.984733071186449
UBFC_PHYS_s14_T1_ctrl,148,44,149.46666666666667,1.367965579032898,0.7004380051670637
UBFC_PHYS_s14_T1_ctrl,148,45,149.5,1.2433124780654907,0.32492603275950954
UBFC_PHYS_s14_T1_ctrl,148,46,149.53333333333333,1.150090217590332,-0.10631686177032099
UBFC_PHYS_s14_T1_ctrl,148,47,149.56666666666666,1.1054224967956543,-0.5422160593563714
UBFC_PHYS_s14_T1_ctrl,148,48,149.6,1.0891156196594238,-0.9222430654073467
UBFC_PHYS_s14_T1_ctrl,148,49,149.63333333333333,1.0538544654846191,-1.186119023896999
UBFC_PHYS_s14_T1_ctrl,148,50,149.66666666666666,0.92027348279953,-1.285784800235121
UBFC_PHYS_s14_T1_ctrl,148,51,149.7,0.6338755488395691,-1.1975005348796244
UBFC_PHYS_s14_T1_ctrl,148,52,149.73333333333332,0.26222577691078186,-0.930837737647441
UBFC_PHYS_s14_T1_ctrl,148,53,149.76666666666668,-0.056954797357320786,-0.5305934978421146
UBFC_PHYS_s14_T1_ctrl,148,54,149.8,-0.33633992075920105,-0.06847448115228683
UBFC_PHYS_s14_T1_ctrl,148,55,149.83333333333334,-0.7343510389328003,0.37485507723853034
UBFC_PHYS_s14_T1_ctrl,148,56,149.86666666666667,-1.2477493286132812,0.7310109898407263
UBFC_PHYS_s14_T1_ctrl,148,57,149.9,-1.5965300798416138,0.95909622691518
UBFC_PHYS_s14_T1_ctrl,148,58,149.93333333333334,-1.4585837125778198,1.0488795038562606
UBFC_PHYS_s14_T1_ctrl,148,59,149.96666666666667,-0.7685137391090393,1.012921236795001
UBFC_PHYS_s14_T1_ctrl,148,60,150.0,0.19857555627822876,0.8741160016920966
UBFC_PHYS_s14_T1_ctrl,148,61,150.03333333333333,1.0478274822235107,0.656024426525303
UBFC_PHYS_s14_T1_ctrl,148,62,150.06666666666666,1.5875871181488037,0.3797797029455476
UBFC_PHYS_s14_T1_ctrl,148,63,150.1,1.8256276845932007,0.06655970383442902
UBFC_PHYS_s14_T1_ctrl,148,64,150.13333333333333,1.8352034091949463,-0.2580200048452339
UBFC_PHYS_s14_T1_ctrl,148,65,150.16666666666666,1.763075828552246,-0.561276413318843
UBFC_PHYS_s14_T1_ctrl,148,66,150.2,1.7824525833129883,-0.8048914518377345
UBFC_PHYS_s14_T1_ctrl,148,67,150.23333333333332,1.8780686855316162,-0.9507879535128388
UBFC_PHYS_s14_T1_ctrl,148,68,150.26666666666668,1.8030121326446533,-0.9699689735365237
UBFC_PHYS_s14_T1_ctrl,148,69,150.3,1.3959040641784668,-0.851517363481214
UBFC_PHYS_s14_T1_ctrl,148,70,150.33333333333334,0.8043793439865112,-0.6084935507348254
UBFC_PHYS_s14_T1_ctrl,148,71,150.36666666666667,0.24845367670059204,-0.278008640247831
UBFC_PHYS_s14_T1_ctrl,148,72,150.4,-0.21703796088695526,0.08567472407600743
UBFC_PHYS_s14_T1_ctrl,148,73,150.43333333333334,-0.6561964154243469,0.4235808081962069
UBFC_PHYS_s14_T1_ctrl,148,74,150.46666666666667,-1.1060007810592651,0.6857715793813156
UBFC_PHYS_s14_T1_ctrl,148,75,150.5,-1.5351892709732056,0.8411240919172897
UBFC_PHYS_s14_T1_ctrl,148,76,150.53333333333333,-1.811307430267334,0.8797782503885239
UBFC_PHYS_s14_T1_ctrl,148,77,150.56666666666666,-1.7246472835540771,0.8086896742731426
UBFC_PHYS_s14_T1_ctrl,148,78,150.6,-1.2022929191589355,0.6440415351593273
UBFC_PHYS_s14_T1_ctrl,148,79,150.63333333333333,-0.46654126048088074,0.40518122077715674
UBFC_PHYS_s14_T1_ctrl,148,80,150.66666666666666,0.16139930486679077,0.11282017570942293
UBFC_PHYS_s14_T1_ctrl,148,81,150.7,0.5235297083854675,-0.20888827462074877
UBFC_PHYS_s14_T1_ctrl,148,82,150.73333333333332,0.592559278011322,-0.5290430031621742
UBFC_PHYS_s14_T1_ctrl,148,83,150.76666666666668,0.3933846950531006,-0.8087966939971655
UBFC_PHYS_s14_T1_ctrl,148,84,150.8,0.09321469813585281,-1.0048181840189776
UBFC_PHYS_s14_T1_ctrl,148,85,150.83333333333334,-0.07264205068349838,-1.0778889955572921
UBFC_PHYS_s14_T1_ctrl,148,86,150.86666666666667,-0.09046974778175354,-1.0043185632878073
UBFC_PHYS_s14_T1_ctrl,148,87,150.9,-0.1707366406917572,-0.7856493924342658
UBFC_PHYS_s14_T1_ctrl,148,88,150.93333333333334,-0.4088335931301117,-0.45182189085651653
UBFC_PHYS_s14_T1_ctrl,148,89,150.96666666666667,-0.6885848045349121,-0.05522171021032733
UBFC_PHYS_s14_T1_ctrl,148,90,151.0,-0.9555778503417969,0.3428349449164361
UBFC_PHYS_s14_T1_ctrl,148,91,151.03333333333333,-1.34097158908844,0.6878151879533149
UBFC_PHYS_s14_T1_ctrl,148,92,151.06666666666666,-1.9416214227676392,0.9433205304178646
UBFC_PHYS_s14_T1_ctrl,148,93,151.1,-2.6290156841278076,1.0937490129584075
UBFC_PHYS_s14_T1_ctrl,148,94,151.13333333333333,-2.9786977767944336,1.1385723002257184
UBFC_PHYS_s14_T1_ctrl,148,95,151.16666666666666,-2.551762342453003,1.082841096138146
UBFC_PHYS_s14_T1_ctrl,148,96,151.2,-1.3956938982009888,0.9300060789622526
UBFC_PHYS_s14_T1_ctrl,148,97,151.23333333333332,-0.054927002638578415,0.6812658179490354
UBFC_PHYS_s14_T1_ctrl,148,98,151.26666666666668,0.95229572057724,0.34166658787226994
UBFC_PHYS_s14_T1_ctrl,148,99,151.3,1.4430503845214844,-0.07073187148822613
UBFC_PHYS_s14_T1_ctrl,148,100,151.33333333333334,1.4653842449188232,-0.5181363328068501
UBFC_PHYS_s14_T1_ctrl,148,101,151.36666666666667,1.2057138681411743,-0.9432034211129305
UBFC_PHYS_s14_T1_ctrl,148,102,151.4,0.9443817138671875,-1.2773906959421462
UBFC_PHYS_s14_T1_ctrl,148,103,151.43333333333334,0.8568767309188843,-1.4555112061517563
UBFC_PHYS_s14_T1_ctrl,148,104,151.46666666666667,0.8952077031135559,-1.432783504126414
UBFC_PHYS_s14_T1_ctrl,148,105,151.5,0.9290042519569397,-1.1997174609312784
UBFC_PHYS_s14_T1_ctrl,148,106,151.53333333333333,0.899319589138031,-0.7893655276132752
UBFC_PHYS_s14_T1_ctrl,148,107,151.56666666666666,0.7704137563705444,-0.27232124125965584
UBFC_PHYS_s14_T1_ctrl,148,108,151.6,0.4649771451950073,0.26116713650161943
UBFC_PHYS_s14_T1_ctrl,148,109,151.63333333333333,-0.015497653745114803,0.7264546003854863
UBFC_PHYS_s14_T1_ctrl,148,110,151.66666666666666,-0.5494555234909058,1.0665928392950708
UBFC_PHYS_s14_T1_ctrl,148,111,151.7,-0.9995979070663452,1.2612732918438463
UBFC_PHYS_s14_T1_ctrl,148,112,151.73333333333332,-1.24541175365448,1.3199858354531808
UBFC_PHYS_s14_T1_ctrl,148,113,151.76666666666668,-1.1473453044891357,1.2656096656135902
UBFC_PHYS_s14_T1_ctrl,148,114,151.8,-0.6639978289604187,1.118647486143587
UBFC_PHYS_s14_T1_ctrl,148,115,151.83333333333334,0.03719685599207878,0.8899146253800659
UBFC_PHYS_s14_T1_ctrl,148,116,151.86666666666667,0.7094109654426575,0.583284051761767
UBFC_PHYS_s14_T1_ctrl,148,117,151.9,1.1764798164367676,0.20459545623450914
UBFC_PHYS_s14_T1_ctrl,148,118,151.93333333333334,1.3484480381011963,-0.22879771720039227
UBFC_PHYS_s14_T1_ctrl,148,119,151.96666666666667,1.2446361780166626,-0.6820568355810147
UBFC_PHYS_s14_T1_ctrl,148,120,152.0,1.0122283697128296,-1.1028181726587951
UBFC_PHYS_s14_T1_ctrl,148,121,152.03333333333333,0.7734555006027222,-1.4279062238166385
UBFC_PHYS_s14_T1_ctrl,148,122,152.06666666666666,0.5003227591514587,-1.5961463335668298
UBFC_PHYS_s14_T1_ctrl,148,123,152.1,0.19460445642471313,-1.5647858190156823
UBFC_PHYS_s14_T1_ctrl,148,124,152.13333333333333,-0.012230650521814823,-1.3248915588877526
UBFC_PHYS_s14_T1_ctrl,148,125,152.16666666666666,-0.07278286665678024,-0.9095920798716111
UBFC_PHYS_s14_T1_ctrl,148,126,152.2,-0.16161155700683594,-0.3897162127800991
UBFC_PHYS_s14_T1_ctrl,148,127,152.23333333333332,-0.44575634598731995,0.1443092704409634
UBFC_PHYS_s14_T1_ctrl,148,128,152.26666666666668,-0.8731141686439514,0.6084010892489101
UBFC_PHYS_s14_T1_ctrl,148,129,152.3,-1.2600005865097046,0.9475631367473156
UBFC_PHYS_s14_T1_ctrl,148,130,152.33333333333334,-1.3916946649551392,1.145383209542206
UBFC_PHYS_s14_T1_ctrl,148,131,152.36666666666667,-1.0839203596115112,1.2169873650564424
UBFC_PHYS_s14_T1_ctrl,148,132,152.4,-0.3934561312198639,1.1907804928264105
UBFC_PHYS_s14_T1_ctrl,148,133,152.43333333333334,0.350801020860672,1.0896286488780806
UBFC_PHYS_s14_T1_ctrl,148,134,152.46666666666667,0.8739439845085144,0.9210506044318016
UBFC_PHYS_s14_T1_ctrl,148,135,152.5,1.14614737033844,0.6800115343645378
UBFC_PHYS_s14_T1_ctrl,148,136,152.53333333333333,1.2600418329238892,0.361075376316133
UBFC_PHYS_s14_T1_ctrl,148,137,152.56666666666666,1.3192421197891235,-0.0274313462006816
UBFC_PHYS_s14_T1_ctrl,148,138,152.6,1.3660786151885986,-0.45438925063430896
UBFC_PHYS_s14_T1_ctrl,148,139,152.63333333333333,1.3579673767089844,-0.865889811692005
UBFC_PHYS_s14_T1_ctrl,148,140,152.66666666666666,1.2434533834457397,-1.194320376689595
UBFC_PHYS_s14_T1_ctrl,148,141,152.7,1.0408709049224854,-1.3737793775063545
UBFC_PHYS_s14_T1_ctrl,148,142,152.73333333333332,0.796211838722229,-1.357756149193098
UBFC_PHYS_s14_T1_ctrl,148,143,152.76666666666668,0.5362879633903503,-1.1344554394283026
UBFC_PHYS_s14_T1_ctrl,148,144,152.8,0.26574626564979553,-0.7348100613148433
UBFC_PHYS_s14_T1_ctrl,148,145,152.83333333333334,-0.04490068182349205,-0.22888373401769943
UBFC_PHYS_s14_T1_ctrl,148,146,152.86666666666667,-0.4442073404788971,0.29076602576273775
UBFC_PHYS_s14_T1_ctrl,148,147,152.9,-0.9552398920059204,0.7347095300485178
UBFC_PHYS_s14_T1_ctrl,148,148,152.93333333333334,-1.4747215509414673,1.0412350418684886
UBFC_PHYS_s14_T1_ctrl,148,149,152.96666666666667,-1.6962019205093384,1.1888177356947143
UBFC_PHYS_s14_T1_ctrl,148,150,153.0,-1.3336771726608276,1.1919002201601343
UBFC_PHYS_s14_T1_ctrl,148,151,153.03333333333333,-0.4858897924423218,1.0845735595005401
UBFC_PHYS_s14_T1_ctrl,148,152,153.06666666666666,0.3874703049659729,0.9018264443774144
UBFC_PHYS_s14_T1_ctrl,148,153,153.1,0.9371999502182007,0.6671258451430058
UBFC_PHYS_s14_T1_ctrl,148,154,153.13333333333333,1.1008598804473877,0.3901776295978102
UBFC_PHYS_s14_T1_ctrl,148,155,153.16666666666666,1.0140589475631714,0.0733178398630779
UBFC_PHYS_s14_T1_ctrl,148,156,153.2,0.8421470522880554,-0.2780649103389037
UBFC_PHYS_s14_T1_ctrl,148,157,153.23333333333332,0.6983707547187805,-0.6460585492568923
UBFC_PHYS_s14_T1_ctrl,148,158,153.26666666666668,0.6407475471496582,-0.995511090938971
UBFC_PHYS_s14_T1_ctrl,148,159,153.3,0.6409728527069092,-1.2761107570661965
UBFC_PHYS_s14_T1_ctrl,148,160,153.33333333333334,0.6073734164237976,-1.431480151223711
UBFC_PHYS_s14_T1_ctrl,148,161,153.36666666666667,0.4908596873283386,-1.413647342082874
UBFC_PHYS_s14_T1_ctrl,148,162,153.4,0.29717710614204407,-1.1993009762856541
UBFC_PHYS_s14_T1_ctrl,148,163,153.43333333333334,0.02677624300122261,-0.8024399811529201
UBFC_PHYS_s14_T1_ctrl,148,164,153.46666666666667,-0.31347090005874634,-0.2774236457050612
UBFC_PHYS_s14_T1_ctrl,148,165,153.5,-0.6818255186080933,0.29118385230138744
UBFC_PHYS_s14_T1_ctrl,148,166,153.53333333333333,-1.0697540044784546,0.8099264815645492
UBFC_PHYS_s14_T1_ctrl,148,167,153.56666666666666,-1.4967738389968872,1.2010390264132844
UBFC_PHYS_s14_T1_ctrl,148,168,153.6,-1.806153416633606,1.420276830273417
UBFC_PHYS_s14_T1_ctrl,148,169,153.63333333333333,-1.6892735958099365,1.4612805583900756
UBFC_PHYS_s14_T1_ctrl,148,170,153.66666666666666,-1.0656983852386475,1.346933280374272
UBFC_PHYS_s14_T1_ctrl,148,171,153.7,-0.2161085605621338,1.1142616109825159
UBFC_PHYS_s14_T1_ctrl,148,172,153.73333333333332,0.521276593208313,0.8005290988927
UBFC_PHYS_s14_T1_ctrl,148,173,153.76666666666668,0.9649694561958313,0.4352894843111573
UBFC_PHYS_s14_T1_ctrl,148,174,153.8,1.0719637870788574,0.039472529375441094
UBFC_PHYS_s14_T1_ctrl,148,175,153.83333333333334,0.9375942349433899,-0.37012217110005935
UBFC_PHYS_s14_T1_ctrl,148,176,153.86666666666667,0.7673439383506775,-0.7738427165899112
UBFC_PHYS_s14_T1_ctrl,148,177,153.9,0.7382225394248962,-1.1429340445319711
UBFC_PHYS_s14_T1_ctrl,148,178,153.93333333333334,0.859749436378479,-1.4370606796167307
UBFC_PHYS_s14_T1_ctrl,148,179,153.96666666666667,1.0009909868240356,-1.6079586209958867
UBFC_PHYS_s14_T1_ctrl,148,180,154.0,1.0215224027633667,-1.609993095064109
UBFC_PHYS_s14_T1_ctrl,148,181,154.03333333333333,0.867325484752655,-1.4156302902906
UBFC_PHYS_s14_T1_ctrl,148,182,154.06666666666666,0.6017406582832336,-1.0304675454965981
UBFC_PHYS_s14_T1_ctrl,148,183,154.1,0.3050347864627838,-0.5004519075053107
UBFC_PHYS_s14_T1_ctrl,148,184,154.13333333333333,-0.022594936192035675,0.09460923015609904
UBFC_PHYS_s14_T1_ctrl,148,185,154.16666666666666,-0.4611619710922241,0.661267999464676
UBFC_PHYS_s14_T1_ctrl,148,186,154.2,-1.0145529508590698,1.1183895478795525
UBFC_PHYS_s14_T1_ctrl,148,187,154.23333333333332,-1.477988600730896,1.416836175383268
UBFC_PHYS_s14_T1_ctrl,148,188,154.26666666666668,-1.5169672966003418,1.5448703059611875
UBFC_PHYS_s14_T1_ctrl,148,189,154.3,-0.996387243270874,1.5196813868380197
UBFC_PHYS_s14_T1_ctrl,148,190,154.33333333333334,-0.1585417091846466,1.371985800033172
UBFC_PHYS_s14_T1_ctrl,148,191,154.36666666666667,0.6234549880027771,1.1320728072991748
UBFC_PHYS_s14_T1_ctrl,148,192,154.4,1.1174201965332031,0.8224234153264128
UBFC_PHYS_s14_T1_ctrl,148,193,154.43333333333334,1.2824602127075195,0.45750405474840156
UBFC_PHYS_s14_T1_ctrl,148,194,154.46666666666667,1.2014046907424927,0.04870351797784994
UBFC_PHYS_s14_T1_ctrl,148,195,154.5,1.024057149887085,-0.3882992612761584
UBFC_PHYS_s14_T1_ctrl,148,196,154.53333333333333,0.8957991003990173,-0.8265296230401293
UBFC_PHYS_s14_T1_ctrl,148,197,154.56666666666666,0.8514974117279053,-1.2238772927288541
UBFC_PHYS_s14_T1_ctrl,148,198,154.6,0.8016756176948547,-1.524934391032921
UBFC_PHYS_s14_T1_ctrl,148,199,154.63333333333333,0.6414234638214111,-1.669921354873589
UBFC_PHYS_s14_T1_ctrl,148,200,154.66666666666666,0.37910565733909607,-1.6098811101883272
UBFC_PHYS_s14_T1_ctrl,148,201,154.7,0.07251428812742233,-1.3243026327285563
UBFC_PHYS_s14_T1_ctrl,148,202,154.73333333333332,-0.27021124958992004,-0.8347102359361738
UBFC_PHYS_s14_T1_ctrl,148,203,154.76666666666668,-0.6420300006866455,-0.207372732151594
UBFC_PHYS_s14_T1_ctrl,148,204,154.8,-1.054601788520813,0.4585919052420015
UBFC_PHYS_s14_T1_ctrl,148,205,154.83333333333334,-1.5641980171203613,1.0553443959916695
UBFC_PHYS_s14_T1_ctrl,148,206,154.86666666666667,-2.0152416229248047,1.4939457864370456
UBFC_PHYS_s14_T1_ctrl,148,207,154.9,-2.0101158618927,1.7245319511543271
UBFC_PHYS_s14_T1_ctrl,148,208,154.93333333333334,-1.4016083478927612,1.7422245281343567
UBFC_PHYS_s14_T1_ctrl,148,209,154.96666666666667,-0.5137720108032227,1.5790310103611571
UBFC_PHYS_s14_T1_ctrl,148,210,155.0,0.2695483863353729,1.287195448400625
UBFC_PHYS_s14_T1_ctrl,148,211,155.03333333333333,0.7822989225387573,0.9211188460134656
UBFC_PHYS_s14_T1_ctrl,148,212,155.06666666666666,0.9829943180084229,0.5237437931973941
UBFC_PHYS_s14_T1_ctrl,148,213,155.1,0.9197102189064026,0.1206045874145949
UBFC_PHYS_s14_T1_ctrl,148,214,155.13333333333333,0.7829467058181763,-0.27808541469250864
UBFC_PHYS_s14_T1_ctrl,148,215,155.16666666666666,0.7062284350395203,-0.6692533905836213
UBFC_PHYS_s14_T1_ctrl,148,216,155.2,0.6454508900642395,-1.0462386834742923
UBFC_PHYS_s14_T1_ctrl,148,217,155.23333333333332,0.5612128973007202,-1.3897719145402252
UBFC_PHYS_s14_T1_ctrl,148,218,155.26666666666668,0.4802137613296509,-1.6645620380618869
UBFC_PHYS_s14_T1_ctrl,148,219,155.3,0.35175856947898865,-1.8238799323270143
UBFC_PHYS_s14_T1_ctrl,148,220,155.33333333333334,0.12056177109479904,-1.8219704327787976
UBFC_PHYS_s14_T1_ctrl,148,221,155.36666666666667,-0.15420447289943695,-1.6309885144576932
UBFC_PHYS_s14_T1_ctrl,148,222,155.4,-0.41846561431884766,-1.2564189546150886
UBFC_PHYS_s14_T1_ctrl,148,223,155.43333333333334,-0.7293378710746765,-0.7440416102827488
UBFC_PHYS_s14_T1_ctrl,148,224,155.46666666666667,-1.1757344007492065,-0.1736201273650259
UBFC_PHYS_s14_T1_ctrl,148,225,155.5,-1.7029048204421997,0.36027528956267946
UBFC_PHYS_s14_T1_ctrl,148,226,155.53333333333333,-1.970855474472046,0.7735073273466939
UBFC_PHYS_s14_T1_ctrl,148,227,155.56666666666666,-1.6749663352966309,1.0135759160592115
UBFC_PHYS_s14_T1_ctrl,148,228,155.6,-0.9298924207687378,1.0691909272238118
UBFC_PHYS_s14_T1_ctrl,148,229,155.63333333333333,-0.11536656320095062,0.9666501175286768
UBFC_PHYS_s14_T1_ctrl,148,230,155.66666666666666,0.5290780067443848,0.756876880555068
UBFC_PHYS_s14_T1_ctrl,148,231,155.7,0.944719672203064,0.4994069857349297
UBFC_PHYS_s14_T1_ctrl,148,232,155.73333333333332,1.1269114017486572,0.24879858279532935
UBFC_PHYS_s14_T1_ctrl,148,233,155.76666666666668,1.1366561651229858,0.046239710644452585
UBFC_PHYS_s14_T1_ctrl,148,234,155.8,1.082187294960022,-0.08358822690645347
UBFC_PHYS_s14_T1_ctrl,148,235,155.83333333333334,1.0158896446228027,-0.13186164144854262
UBFC_PHYS_s14_T1_ctrl,148,236,155.86666666666667,0.9504369497299194,-0.10281700611412092
UBFC_PHYS_s14_T1_ctrl,148,237,155.9,0.8930953741073608,-0.010026378160404277
UBFC_PHYS_s14_T1_ctrl,148,238,155.93333333333334,0.8097586631774902,0.12726614522833463
UBFC_PHYS_s14_T1_ctrl,148,239,155.96666666666667,0.6467745900154114,0.2869835660220901
UBFC_PHYS_s14_T1_ctrl,149,0,149.0,0.6987650394439697,0.0995964653005982
UBFC_PHYS_s14_T1_ctrl,149,1,149.03333333333333,0.4334336519241333,0.17346200426079034
UBFC_PHYS_s14_T1_ctrl,149,2,149.06666666666666,0.1550624519586563,0.285043513539596
UBFC_PHYS_s14_T1_ctrl,149,3,149.1,-0.14564266800880432,0.4540435076931013
UBFC_PHYS_s14_T1_ctrl,149,4,149.13333333333333,-0.5240799188613892,0.6684756676894597
UBFC_PHYS_s14_T1_ctrl,149,5,149.16666666666666,-1.0313385725021362,0.8892975572175229
UBFC_PHYS_s14_T1_ctrl,149,6,149.2,-1.616132140159607,1.0674900698215957
UBFC_PHYS_s14_T1_ctrl,149,7,149.23333333333332,-1.9982588291168213,1.1643193086218866
UBFC_PHYS_s14_T1_ctrl,149,8,149.26666666666668,-1.817165493965149,1.164835032098769
UBFC_PHYS_s14_T1_ctrl,149,9,149.3,-1.07547128200531,1.079273531238106
UBFC_PHYS_s14_T1_ctrl,149,10,149.33333333333334,-0.13389836251735687,0.9335327128982612
UBFC_PHYS_s14_T1_ctrl,149,11,149.36666666666667,0.688344419002533,0.7547514706437265
UBFC_PHYS_s14_T1_ctrl,149,12,149.4,1.2232035398483276,0.5592153857819213
UBFC_PHYS_s14_T1_ctrl,149,13,149.43333333333334,1.4184069633483887,0.34775313489377624
UBFC_PHYS_s14_T1_ctrl,149,14,149.46666666666667,1.367965579032898,0.11015710300632223
UBFC_PHYS_s14_T1_ctrl,149,15,149.5,1.2433124780654907,-0.16363158475373463
UBFC_PHYS_s14_T1_ctrl,149,16,149.53333333333333,1.150090217590332,-0.4706551309919338
UBFC_PHYS_s14_T1_ctrl,149,17,149.56666666666666,1.1054224967956543,-0.7863054176919113
UBFC_PHYS_s14_T1_ctrl,149,18,149.6,1.0891156196594238,-1.0643210926835027
UBFC_PHYS_s14_T1_ctrl,149,19,149.63333333333333,1.0538544654846191,-1.2466200743882137
UBFC_PHYS_s14_T1_ctrl,149,20,149.66666666666666,0.92027348279953,-1.2805069812876784
UBFC_PHYS_s14_T1_ctrl,149,21,149.7,0.6338755488395691,-1.1377431869581835
UBFC_PHYS_s14_T1_ctrl,149,22,149.73333333333332,0.26222577691078186,-0.8284543458784097
UBFC_PHYS_s14_T1_ctrl,149,23,149.76666666666668,-0.056954797357320786,-0.4035994885827177
UBFC_PHYS_s14_T1_ctrl,149,24,149.8,-0.33633992075920105,0.05686746800044167
UBFC_PHYS_s14_T1_ctrl,149,25,149.83333333333334,-0.7343510389328003,0.4671000048190858
UBFC_PHYS_s14_T1_ctrl,149,26,149.86666666666667,-1.2477493286132812,0.7604301423939872
UBFC_PHYS_s14_T1_ctrl,149,27,149.9,-1.5965300798416138,0.9053805188634745
UBFC_PHYS_s14_T1_ctrl,149,28,149.93333333333334,-1.4585837125778198,0.9068511237450295
UBFC_PHYS_s14_T1_ctrl,149,29,149.96666666666667,-0.7685137391090393,0.794749883047952
UBFC_PHYS_s14_T1_ctrl,149,30,150.0,0.19857555627822876,0.6073972056244537
UBFC_PHYS_s14_T1_ctrl,149,31,150.03333333333333,1.0478274822235107,0.37750978031735744
UBFC_PHYS_s14_T1_ctrl,149,32,150.06666666666666,1.5875871181488037,0.12576848704937443
UBFC_PHYS_s14_T1_ctrl,149,33,150.1,1.8256276845932007,-0.13712834261675044
UBFC_PHYS_s14_T1_ctrl,149,34,150.13333333333333,1.8352034091949463,-0.40262438389407496
UBFC_PHYS_s14_T1_ctrl,149,35,150.16666666666666,1.763075828552246,-0.6554090328214739
UBFC_PHYS_s14_T1_ctrl,149,36,150.2,1.7824525833129883,-0.8683065810899419
UBFC_PHYS_s14_T1_ctrl,149,37,150.23333333333332,1.8780686855316162,-1.004080686246742
UBFC_PHYS_s14_T1_ctrl,149,38,150.26666666666668,1.8030121326446533,-1.0243514527418225
UBFC_PHYS_s14_T1_ctrl,149,39,150.3,1.3959040641784668,-0.9027477222872311
UBFC_PHYS_s14_T1_ctrl,149,40,150.33333333333334,0.8043793439865112,-0.6373408374589461
UBFC_PHYS_s14_T1_ctrl,149,41,150.36666666666667,0.24845367670059204,-0.2570947774066505
UBFC_PHYS_s14_T1_ctrl,149,42,150.4,-0.21703796088695526,0.1811908737484942
UBFC_PHYS_s14_T1_ctrl,149,43,150.43333333333334,-0.6561964154243469,0.6054215807505683
UBFC_PHYS_s14_T1_ctrl,149,44,150.46666666666667,-1.1060007810592651,0.9460573578020659
UBFC_PHYS_s14_T1_ctrl,149,45,150.5,-1.5351892709732056,1.152611312740008
UBFC_PHYS_s14_T1_ctrl,149,46,150.53333333333333,-1.811307430267334,1.2029452427415763
UBFC_PHYS_s14_T1_ctrl,149,47,150.56666666666666,-1.7246472835540771,1.1030296346197634
UBFC_PHYS_s14_T1_ctrl,149,48,150.6,-1.2022929191589355,0.8790877103738244
UBFC_PHYS_s14_T1_ctrl,149,49,150.63333333333333,-0.46654126048088074,0.5668951716064041
UBFC_PHYS_s14_T1_ctrl,149,50,150.66666666666666,0.16139930486679077,0.20320023110687035
UBFC_PHYS_s14_T1_ctrl,149,51,150.7,0.5235297083854675,-0.17790477556931697
UBFC_PHYS_s14_T1_ctrl,149,52,150.73333333333332,0.592559278011322,-0.5439339276348175
UBFC_PHYS_s14_T1_ctrl,149,53,150.76666666666668,0.3933846950531006,-0.8611032901327608
UBFC_PHYS_s14_T1_ctrl,149,54,150.8,0.09321469813585281,-1.0932658994150704
UBFC_PHYS_s14_T1_ctrl,149,55,150.83333333333334,-0.07264205068349838,-1.20527901897665
UBFC_PHYS_s14_T1_ctrl,149,56,150.86666666666667,-0.09046974778175354,-1.1708696900903326
UBFC_PHYS_s14_T1_ctrl,149,57,150.9,-0.1707366406917572,-0.982291359501311
UBFC_PHYS_s14_T1_ctrl,149,58,150.93333333333334,-0.4088335931301117,-0.6573653311140323
UBFC_PHYS_s14_T1_ctrl,149,59,150.96666666666667,-0.6885848045349121,-0.23979788207287406
UBFC_PHYS_s14_T1_ctrl,149,60,151.0,-0.9555778503417969,0.20888549557667854
UBFC_PHYS_s14_T1_ctrl,149,61,151.03333333333333,-1.34097158908844,0.6236373005759652
UBFC_PHYS_s14_T1_ctrl,149,62,151.06666666666666,-1.9416214227676392,0.9508601079475159
UBFC_PHYS_s14_T1_ctrl,149,63,151.1,-2.6290156841278076,1.1578817158418313
UBFC_PHYS_s14_T1_ctrl,149,64,151.13333333333333,-2.9786977767944336,1.233861427028007
UBFC_PHYS_s14_T1_ctrl,149,65,151.16666666666666,-2.551762342453003,1.1837142921713006
UBFC_PHYS_s14_T1_ctrl,149,66,151.2,-1.3956938982009888,1.019811243821
UBFC_PHYS_s14_T1_ctrl,149,67,151.23333333333332,-0.054927002638578415,0.7564464318839089
UBFC_PHYS_s14_T1_ctrl,149,68,151.26666666666668,0.95229572057724,0.4096581032389991
UBFC_PHYS_s14_T1_ctrl,149,69,151.3,1.4430503845214844,0.0015439842989000588
UBFC_PHYS_s14_T1_ctrl,149,70,151.33333333333334,1.4653842449188232,-0.43439152720239893
UBFC_PHYS_s14_T1_ctrl,149,71,151.36666666666667,1.2057138681411743,-0.8509624267008457
UBFC_PHYS_s14_T1_ctrl,149,72,151.4,0.9443817138671875,-1.1908328784298174
UBFC_PHYS_s14_T1_ctrl,149,73,151.43333333333334,0.8568767309188843,-1.3961919186172058
UBFC_PHYS_s14_T1_ctrl,149,74,151.46666666666667,0.8952077031135559,-1.4225673429725336
UBFC_PHYS_s14_T1_ctrl,149,75,151.5,0.9290042519569397,-1.252819714757908
UBFC_PHYS_s14_T1_ctrl,149,76,151.53333333333333,0.899319589138031,-0.9061077804146317
UBFC_PHYS_s14_T1_ctrl,149,77,151.56666666666666,0.7704137563705444,-0.4370952556217821
UBFC_PHYS_s14_T1_ctrl,149,78,151.6,0.4649771451950073,0.07633833671805862
UBFC_PHYS_s14_T1_ctrl,149,79,151.63333333333333,-0.015497653745114803,0.5535809644476654
UBFC_PHYS_s14_T1_ctrl,149,80,151.66666666666666,-0.5494555234909058,0.9318346633208189
UBFC_PHYS_s14_T1_ctrl,149,81,151.7,-0.9995979070663452,1.1778258678754159
UBFC_PHYS_s14_T1_ctrl,149,82,151.73333333333332,-1.24541175365448,1.286728226213802
UBFC_PHYS_s14_T1_ctrl,149,83,151.76666666666668,-1.1473453044891357,1.271391879645606
UBFC_PHYS_s14_T1_ctrl,149,84,151.8,-0.6639978289604187,1.1492046893202226
UBFC_PHYS_s14_T1_ctrl,149,85,151.83333333333334,0.03719685599207878,0.9335607027760439
UBFC_PHYS_s14_T1_ctrl,149,86,151.86666666666667,0.7094109654426575,0.6331133850091442
UBFC_PHYS_s14_T1_ctrl,149,87,151.9,1.1764798164367676,0.25750762994101944
UBFC_PHYS_s14_T1_ctrl,149,88,151.93333333333334,1.3484480381011963,-0.17441239311208548
UBFC_PHYS_s14_T1_ctrl,149,89,151.96666666666667,1.2446361780166626,-0.6283281830701818
UBFC_PHYS_s14_T1_ctrl,149,90,152.0,1.0122283697128296,-1.0533782137094412
UBFC_PHYS_s14_T1_ctrl,149,91,152.03333333333333,0.7734555006027222,-1.3877753950270755
UBFC_PHYS_s14_T1_ctrl,149,92,152.06666666666666,0.5003227591514587,-1.5706804391451425
UBFC_PHYS_s14_T1_ctrl,149,93,152.1,0.19460445642471313,-1.5578684992611864
UBFC_PHYS_s14_T1_ctrl,149,94,152.13333333333333,-0.012230650521814823,-1.3366702039108094
UBFC_PHYS_s14_T1_ctrl,149,95,152.16666666666666,-0.07278286665678024,-0.9343974444240221
UBFC_PHYS_s14_T1_ctrl,149,96,152.2,-0.16161155700683594,-0.41524821942273943
UBFC_PHYS_s14_T1_ctrl,149,97,152.23333333333332,-0.44575634598731995,0.13534607502005377
UBFC_PHYS_s14_T1_ctrl,149,98,152.26666666666668,-0.8731141686439514,0.6337395956243813
UBFC_PHYS_s14_T1_ctrl,149,99,152.3,-1.2600005865097046,1.0189410045237886
UBFC_PHYS_s14_T1_ctrl,149,100,152.33333333333334,-1.3916946649551392,1.2628981241347956
UBFC_PHYS_s14_T1_ctrl,149,101,152.36666666666667,-1.0839203596115112,1.3673318457222379
UBFC_PHYS_s14_T1_ctrl,149,102,152.4,-0.3934561312198639,1.3507795062992387
UBFC_PHYS_s14_T1_ctrl,149,103,152.43333333333334,0.350801020860672,1.233556898713374
UBFC_PHYS_s14_T1_ctrl,149,104,152.46666666666667,0.8739439845085144,1.0281220465628158
UBFC_PHYS_s14_T1_ctrl,149,105,152.5,1.14614737033844,0.7386152374900142
UBFC_PHYS_s14_T1_ctrl,149,106,152.53333333333333,1.2600418329238892,0.3684822590581287
UBFC_PHYS_s14_T1_ctrl,149,107,152.56666666666666,1.3192421197891235,-0.0685603159987037
UBFC_PHYS_s14_T1_ctrl,149,108,152.6,1.3660786151885986,-0.5399735519405182
UBFC_PHYS_s14_T1_ctrl,149,109,152.63333333333333,1.3579673767089844,-0.9925833454864584
UBFC_PHYS_s14_T1_ctrl,149,110,152.66666666666666,1.2434533834457397,-1.3590983727775316
UBFC_PHYS_s14_T1_ctrl,149,111,152.7,1.0408709049224854,-1.5717371960851407
UBFC_PHYS_s14_T1_ctrl,149,112,152.73333333333332,0.796211838722229,-1.579603573757422
UBFC_PHYS_s14_T1_ctrl,149,113,152.76666666666668,0.5362879633903503,-1.3649870481441815
UBFC_PHYS_s14_T1_ctrl,149,114,152.8,0.26574626564979553,-0.9530373640287833
UBFC_PHYS_s14_T1_ctrl,149,115,152.83333333333334,-0.04490068182349205,-0.41006369481740196
UBFC_PHYS_s14_T1_ctrl,149,116,152.86666666666667,-0.4442073404788971,0.17117346139279788
UBFC_PHYS_s14_T1_ctrl,149,117,152.9,-0.9552398920059204,0.6955420869744114
UBFC_PHYS_s14_T1_ctrl,149,118,152.93333333333334,-1.4747215509414673,1.090034735994781
UBFC_PHYS_s14_T1_ctrl,149,119,152.96666666666667,-1.6962019205093384,1.3185779013616679
UBFC_PHYS_s14_T1_ctrl,149,120,153.0,-1.3336771726608276,1.3821366987560317
UBFC_PHYS_s14_T1_ctrl,149,121,153.03333333333333,-0.4858897924423218,1.3066951291029334
UBFC_PHYS_s14_T1_ctrl,149,122,153.06666666666666,0.3874703049659729,1.1266032293203536
UBFC_PHYS_s14_T1_ctrl,149,123,153.1,0.9371999502182007,0.8711246865709851
UBFC_PHYS_s14_T1_ctrl,149,124,153.13333333333333,1.1008598804473877,0.558815717678517
UBFC_PHYS_s14_T1_ctrl,149,125,153.16666666666666,1.0140589475631714,0.20009835833190576
UBFC_PHYS_s14_T1_ctrl,149,126,153.2,0.8421470522880554,-0.19472250387078985
UBFC_PHYS_s14_T1_ctrl,149,127,153.23333333333332,0.6983707547187805,-0.6061986100215143
UBFC_PHYS_s14_T1_ctrl,149,128,153.26666666666668,0.6407475471496582,-0.9995811557729269
UBFC_PHYS_s14_T1_ctrl,149,129,153.3,0.6409728527069092,-1.3250745253034817
UBFC_PHYS_s14_T1_ctrl,149,130,153.33333333333334,0.6073734164237976,-1.5256969637285116
UBFC_PHYS_s14_T1_ctrl,149,131,153.36666666666667,0.4908596873283386,-1.551254412657956
UBFC_PHYS_s14_T1_ctrl,149,132,153.4,0.29717710614204407,-1.3744148288629767
UBFC_PHYS_s14_T1_ctrl,149,133,153.43333333333334,0.02677624300122261,-1.0033299041437982
UBFC_PHYS_s14_T1_ctrl,149,134,153.46666666666667,-0.31347090005874634,-0.4854475261736745
UBFC_PHYS_s14_T1_ctrl,149,135,153.5,-0.6818255186080933,0.10040227328154179
UBFC_PHYS_s14_T1_ctrl,149,136,153.53333333333333,-1.0697540044784546,0.6622522404900772
UBFC_PHYS_s14_T1_ctrl,149,137,153.56666666666666,-1.4967738389968872,1.117652712146672
UBFC_PHYS_s14_T1_ctrl,149,138,153.6,-1.806153416633606,1.4123527445533335
UBFC_PHYS_s14_T1_ctrl,149,139,153.63333333333333,-1.6892735958099365,1.5281241504806118
UBFC_PHYS_s14_T1_ctrl,149,140,153.66666666666666,-1.0656983852386475,1.4781298578319697
UBFC_PHYS_s14_T1_ctrl,149,141,153.7,-0.2161085605621338,1.2940001556827558
UBFC_PHYS_s14_T1_ctrl,149,142,153.73333333333332,0.521276593208313,1.0115205067192263
UBFC_PHYS_s14_T1_ctrl,149,143,153.76666666666668,0.9649694561958313,0.6608417500899482
UBFC_PHYS_s14_T1_ctrl,149,144,153.8,1.0719637870788574,0.26382509380056096
UBFC_PHYS_s14_T1_ctrl,149,145,153.83333333333334,0.9375942349433899,-0.16227129208558852
UBFC_PHYS_s14_T1_ctrl,149,146,153.86666666666667,0.7673439383506775,-0.5975496910464434
UBFC_PHYS_s14_T1_ctrl,149,147,153.9,0.7382225394248962,-1.0122620880757438
UBFC_PHYS_s14_T1_ctrl,149,148,153.93333333333334,0.859749436378479,-1.363434991592008
UBFC_PHYS_s14_T1_ctrl,149,149,153.96666666666667,1.0009909868240356,-1.5983182984518582
UBFC_PHYS_s14_T1_ctrl,149,150,154.0,1.0215224027633667,-1.6653066504833822
UBFC_PHYS_s14_T1_ctrl,149,151,154.03333333333333,0.867325484752655,-1.529723541355093
UBFC_PHYS_s14_T1_ctrl,149,152,154.06666666666666,0.6017406582832336,-1.188999163161887
UBFC_PHYS_s14_T1_ctrl,149,153,154.1,0.3050347864627838,-0.6806698225806022
UBFC_PHYS_s14_T1_ctrl,149,154,154.13333333333333,-0.022594936192035675,-0.07827201050555943
UBFC_PHYS_s14_T1_ctrl,149,155,154.16666666666666,-0.4611619710922241,0.5251940854599207
UBFC_PHYS_s14_T1_ctrl,149,156,154.2,-1.0145529508590698,1.0405759202745393
UBFC_PHYS_s14_T1_ctrl,149,157,154.23333333333332,-1.477988600730896,1.40338312228075
UBFC_PHYS_s14_T1_ctrl,149,158,154.26666666666668,-1.5169672966003418,1.5843253593394386
UBFC_PHYS_s14_T1_ctrl,149,159,154.3,-0.996387243270874,1.5872250814688085
UBFC_PHYS_s14_T1_ctrl,149,160,154.33333333333334,-0.1585417091846466,1.437892115431185
UBFC_PHYS_s14_T1_ctrl,149,161,154.36666666666667,0.6234549880027771,1.170684658419074
UBFC_PHYS_s14_T1_ctrl,149,162,154.4,1.1174201965332031,0.8185129709966028
UBFC_PHYS_s14_T1_ctrl,149,163,154.43333333333334,1.2824602127075195,0.40876051804370783
UBFC_PHYS_s14_T1_ctrl,149,164,154.46666666666667,1.2014046907424927,-0.03537007792138047
UBFC_PHYS_s14_T1_ctrl,149,165,154.5,1.024057149887085,-0.4902122914278099
UBFC_PHYS_s14_T1_ctrl,149,166,154.53333333333333,0.8957991003990173,-0.9263381171450378
UBFC_PHYS_s14_T1_ctrl,149,167,154.56666666666666,0.8514974117279053,-1.3052345414387483
UBFC_PHYS_s14_T1_ctrl,149,168,154.6,0.8016756176948547,-1.5803149384545605
UBFC_PHYS_s14_T1_ctrl,149,169,154.63333333333333,0.6414234638214111,-1.7037033889514352
UBFC_PHYS_s14_T1_ctrl,149,170,154.66666666666666,0.37910565733909607,-1.638229003403225
UBFC_PHYS_s14_T1_ctrl,149,171,154.7,0.07251428812742233,-1.3713301827899262
UBFC_PHYS_s14_T1_ctrl,149,172,154.73333333333332,-0.27021124958992004,-0.9252792551079327
UBFC_PHYS_s14_T1_ctrl,149,173,154.76666666666668,-0.6420300006866455,-0.35802629758773485
UBFC_PHYS_s14_T1_ctrl,149,174,154.8,-1.054601788520813,0.2479304312024085
UBFC_PHYS_s14_T1_ctrl,149,175,154.83333333333334,-1.5641980171203613,0.8056774430263469
UBFC_PHYS_s14_T1_ctrl,149,176,154.86666666666667,-2.0152416229248047,1.244823218323087
UBFC_PHYS_s14_T1_ctrl,149,177,154.9,-2.0101158618927,1.524358054977792
UBFC_PHYS_s14_T1_ctrl,149,178,154.93333333333334,-1.4016083478927612,1.6338542794708375
UBFC_PHYS_s14_T1_ctrl,149,179,154.96666666666667,-0.5137720108032227,1.5861227153884931
UBFC_PHYS_s14_T1_ctrl,149,180,155.0,0.2695483863353729,1.4072692969329155
UBFC_PHYS_s14_T1_ctrl,149,181,155.03333333333333,0.7822989225387573,1.1286307718447124
UBFC_PHYS_s14_T1_ctrl,149,182,155.06666666666666,0.9829943180084229,0.781885005393694
UBFC_PHYS_s14_T1_ctrl,149,183,155.1,0.9197102189064026,0.3963319775668506
UBFC_PHYS_s14_T1_ctrl,149,184,155.13333333333333,0.7829467058181763,-0.002815835021560241
UBFC_PHYS_s14_T1_ctrl,149,185,155.16666666666666,0.7062284350395203,-0.3951402653861721
UBFC_PHYS_s14_T1_ctrl,149,186,155.2,0.6454508900642395,-0.7639134100283363
UBFC_PHYS_s14_T1_ctrl,149,187,155.23333333333332,0.5612128973007202,-1.0928124304556128
UBFC_PHYS_s14_T1_ctrl,149,188,155.26666666666668,0.4802137613296509,-1.3615982253041834
UBFC_PHYS_s14_T1_ctrl,149,189,155.3,0.35175856947898865,-1.543330255821755
UBFC_PHYS_s14_T1_ctrl,149,190,155.33333333333334,0.12056177109479904,-1.6058223446943094
UBFC_PHYS_s14_T1_ctrl,149,191,155.36666666666667,-0.15420447289943695,-1.5186203072726638
UBFC_PHYS_s14_T1_ctrl,149,192,155.4,-0.41846561431884766,-1.2643267131926075
UBFC_PHYS_s14_T1_ctrl,149,193,155.43333333333334,-0.7293378710746765,-0.8505192355252279
UBFC_PHYS_s14_T1_ctrl,149,194,155.46666666666667,-1.1757344007492065,-0.3169580157966596
UBFC_PHYS_s14_T1_ctrl,149,195,155.5,-1.7029048204421997,0.2666154262972077
UBFC_PHYS_s14_T1_ctrl,149,196,155.53333333333333,-1.970855474472046,0.8136192701365241
UBFC_PHYS_s14_T1_ctrl,149,197,155.56666666666666,-1.6749663352966309,1.2414175687332023
UBFC_PHYS_s14_T1_ctrl,149,198,155.6,-0.9298924207687378,1.492199286428747
UBFC_PHYS_s14_T1_ctrl,149,199,155.63333333333333,-0.11536656320095062,1.5457732309370156
UBFC_PHYS_s14_T1_ctrl,149,200,155.66666666666666,0.5290780067443848,1.4201714385799564
UBFC_PHYS_s14_T1_ctrl,149,201,155.7,0.944719672203064,1.1615906161315752
UBFC_PHYS_s14_T1_ctrl,149,202,155.73333333333332,1.1269114017486572,0.82864826403871
UBFC_PHYS_s14_T1_ctrl,149,203,155.76666666666668,1.1366561651229858,0.47650845563032684
UBFC_PHYS_s14_T1_ctrl,149,204,155.8,1.082187294960022,0.14526432707420495
UBFC_PHYS_s14_T1_ctrl,149,205,155.83333333333334,1.0158896446228027,-0.144939984492147
UBFC_PHYS_s14_T1_ctrl,149,206,155.86666666666667,0.9504369497299194,-0.39160035914971086
UBFC_PHYS_s14_T1_ctrl,149,207,155.9,0.8930953741073608,-0.6018526814945445
UBFC_PHYS_s14_T1_ctrl,149,208,155.93333333333334,0.8097586631774902,-0.781950150956306
UBFC_PHYS_s14_T1_ctrl,149,209,155.96666666666667,0.6467745900154114,-0.9282929152502083
UBFC_PHYS_s14_T1_ctrl,149,210,156.0,0.39163854718208313,-1.0237362983159004
UBFC_PHYS_s14_T1_ctrl,149,211,156.03333333333333,0.06341737508773804,-1.0412253540286418
UBFC_PHYS_s14_T1_ctrl,149,212,156.06666666666666,-0.30037471652030945,-0.9541667770269742
UBFC_PHYS_s14_T1_ctrl,149,213,156.1,-0.6645047664642334,-0.7501209847496632
UBFC_PHYS_s14_T1_ctrl,149,214,156.13333333333333,-1.045026183128357,-0.44236585506598003
UBFC_PHYS_s14_T1_ctrl,149,215,156.16666666666666,-1.5028009414672852,-0.07358506653815367
UBFC_PHYS_s14_T1_ctrl,149,216,156.2,-1.9335665702819824,0.29194357354072864
UBFC_PHYS_s14_T1_ctrl,149,217,156.23333333333332,-1.9896970987319946,0.586568826700915
UBFC_PHYS_s14_T1_ctrl,149,218,156.26666666666668,-1.4326448440551758,0.7610644360149603
UBFC_PHYS_s14_T1_ctrl,149,219,156.3,-0.5259387493133545,0.800302824508103
UBFC_PHYS_s14_T1_ctrl,149,220,156.33333333333334,0.2789832651615143,0.7257690473222663
UBFC_PHYS_s14_T1_ctrl,149,221,156.36666666666667,0.8126031756401062,0.5843006050902647
UBFC_PHYS_s14_T1_ctrl,149,222,156.4,1.1205464601516724,0.42867203505400076
UBFC_PHYS_s14_T1_ctrl,149,223,156.43333333333334,1.2184157371520996,0.29861492656589883
UBFC_PHYS_s14_T1_ctrl,149,224,156.46666666666667,1.1215322017669678,0.2095575832415555
UBFC_PHYS_s14_T1_ctrl,149,225,156.5,0.9547741413116455,0.15228808111041317
UBFC_PHYS_s14_T1_ctrl,149,226,156.53333333333333,0.8515819311141968,0.10228893179731229
UBFC_PHYS_s14_T1_ctrl,149,227,156.56666666666666,0.8048018217086792,0.034175800471352887
UBFC_PHYS_s14_T1_ctrl,149,228,156.6,0.7606127858161926,-0.06478936615688369
UBFC_PHYS_s14_T1_ctrl,149,229,156.63333333333333,0.7002858519554138,-0.1874505464710671
UBFC_PHYS_s14_T1_ctrl,149,230,156.66666666666666,0.5738584995269775,-0.30853434753707704
UBFC_PHYS_s14_T1_ctrl,149,231,156.7,0.3235384225845337,-0.39465760995475246
UBFC_PHYS_s14_T1_ctrl,149,232,156.73333333333332,-0.011611046269536018,-0.41851395019454746
UBFC_PHYS_s14_T1_ctrl,149,233,156.76666666666668,-0.3315238952636719,-0.37145764582952845
UBFC_PHYS_s14_T1_ctrl,149,234,156.8,-0.6078109741210938,-0.26917699992959987
UBFC_PHYS_s14_T1_ctrl,149,235,156.83333333333334,-0.9231894612312317,-0.14753396476894268
UBFC_PHYS_s14_T1_ctrl,149,236,156.86666666666667,-1.3490545749664307,-0.04921745940571018
UBFC_PHYS_s14_T1_ctrl,149,237,156.9,-1.8173907995224,-0.005999077972616573
UBFC_PHYS_s14_T1_ctrl,149,238,156.93333333333334,-2.106295347213745,-0.024595384027310423
UBFC_PHYS_s14_T1_ctrl,149,239,156.96666666666667,-1.9633357524871826,-0.08347488192340359
UBFC_PHYS_s14_T1_ctrl,150,0,150.0,0.19857555627822876,0.06672561051588413
UBFC_PHYS_s14_T1_ctrl,150,1,150.03333333333333,1.0478274822235107,0.07294983039069439
UBFC_PHYS_s14_T1_ctrl,150,2,150.06666666666666,1.5875871181488037,0.07559539604363548
UBFC_PHYS_s14_T1_ctrl,150,3,150.1,1.8256276845932007,0.07339937860509314
UBFC_PHYS_s14_T1_ctrl,150,4,150.13333333333333,1.8352034091949463,0.06868191926926498
UBFC_PHYS_s14_T1_ctrl,150,5,150.16666666666666,1.763075828552246,0.06912583885726788
UBFC_PHYS_s14_T1_ctrl,150,6,150.2,1.7824525833129883,0.08791691231267465
UBFC_PHYS_s14_T1_ctrl,150,7,150.23333333333332,1.8780686855316162,0.1406789228826178
UBFC_PHYS_s14_T1_ctrl,150,8,150.26666666666668,1.8030121326446533,0.2391666592688511
UBFC_PHYS_s14_T1_ctrl,150,9,150.3,1.3959040641784668,0.38385151284156543
UBFC_PHYS_s14_T1_ctrl,150,10,150.33333333333334,0.8043793439865112,0.5588557447179259
UBFC_PHYS_s14_T1_ctrl,150,11,150.36666666666667,0.24845367670059204,0.7323280948317655
UBFC_PHYS_s14_T1_ctrl,150,12,150.4,-0.21703796088695526,0.8633218540851815
UBFC_PHYS_s14_T1_ctrl,150,13,150.43333333333334,-0.6561964154243469,0.9133370116319185
UBFC_PHYS_s14_T1_ctrl,150,14,150.46666666666667,-1.1060007810592651,0.8582404186129269
UBFC_PHYS_s14_T1_ctrl,150,15,150.5,-1.5351892709732056,0.6956756464097845
UBFC_PHYS_s14_T1_ctrl,150,16,150.53333333333333,-1.811307430267334,0.44492639030155406
UBFC_PHYS_s14_T1_ctrl,150,17,150.56666666666666,-1.7246472835540771,0.13967459345604072
UBFC_PHYS_s14_T1_ctrl,150,18,150.6,-1.2022929191589355,-0.18258987059993673
UBFC_PHYS_s14_T1_ctrl,150,19,150.63333333333333,-0.46654126048088074,-0.489535404094092
UBFC_PHYS_s14_T1_ctrl,150,20,150.66666666666666,0.16139930486679077,-0.7579755324055485
UBFC_PHYS_s14_T1_ctrl,150,21,150.7,0.5235297083854675,-0.9725477772422463
UBFC_PHYS_s14_T1_ctrl,150,22,150.73333333333332,0.592559278011322,-1.121231711012845
UBFC_PHYS_s14_T1_ctrl,150,23,150.76666666666668,0.3933846950531006,-1.1910245561905846
UBFC_PHYS_s14_T1_ctrl,150,24,150.8,0.09321469813585281,-1.16692343306022
UBFC_PHYS_s14_T1_ctrl,150,25,150.83333333333334,-0.07264205068349838,-1.035809401498854
UBFC_PHYS_s14_T1_ctrl,150,26,150.86666666666667,-0.09046974778175354,-0.7942212728575228
UBFC_PHYS_s14_T1_ctrl,150,27,150.9,-0.1707366406917572,-0.456395147734028
UBFC_PHYS_s14_T1_ctrl,150,28,150.93333333333334,-0.4088335931301117,-0.05776452602005775
UBFC_PHYS_s14_T1_ctrl,150,29,150.96666666666667,-0.6885848045349121,0.3493508988668826
UBFC_PHYS_s14_T1_ctrl,150,30,151.0,-0.9555778503417969,0.7071448319903679
UBFC_PHYS_s14_T1_ctrl,150,31,151.03333333333333,-1.34097158908844,0.9662932161089814
UBFC_PHYS_s14_T1_ctrl,150,32,151.06666666666666,-1.9416214227676392,1.0969527521676785
UBFC_PHYS_s14_T1_ctrl,150,33,151.1,-2.6290156841278076,1.093027703415016
UBFC_PHYS_s14_T1_ctrl,150,34,151.13333333333333,-2.9786977767944336,0.969034010453079
UBFC_PHYS_s14_T1_ctrl,150,35,151.16666666666666,-2.551762342453003,0.751826697450845
UBFC_PHYS_s14_T1_ctrl,150,36,151.2,-1.3956938982009888,0.47118496735934506
UBFC_PHYS_s14_T1_ctrl,150,37,151.23333333333332,-0.054927002638578415,0.15330876659977405
UBFC_PHYS_s14_T1_ctrl,150,38,151.26666666666668,0.95229572057724,-0.18028449245321485
UBFC_PHYS_s14_T1_ctrl,150,39,151.3,1.4430503845214844,-0.5087810536090941
UBFC_PHYS_s14_T1_ctrl,150,40,151.33333333333334,1.4653842449188232,-0.8063036526870268
UBFC_PHYS_s14_T1_ctrl,150,41,151.36666666666667,1.2057138681411743,-1.038907216287113
UBFC_PHYS_s14_T1_ctrl,150,42,151.4,0.9443817138671875,-1.1674079211991033
UBFC_PHYS_s14_T1_ctrl,150,43,151.43333333333334,0.8568767309188843,-1.1561610567365717
UBFC_PHYS_s14_T1_ctrl,150,44,151.46666666666667,0.8952077031135559,-0.9852714838353182
UBFC_PHYS_s14_T1_ctrl,150,45,151.5,0.9290042519569397,-0.6618771284233405
UBFC_PHYS_s14_T1_ctrl,150,46,151.53333333333333,0.899319589138031,-0.22530984191825543
UBFC_PHYS_s14_T1_ctrl,150,47,151.56666666666666,0.7704137563705444,0.2577947300455189
UBFC_PHYS_s14_T1_ctrl,150,48,151.6,0.4649771451950073,0.7085210985067697
UBFC_PHYS_s14_T1_ctrl,150,49,151.63333333333333,-0.015497653745114803,1.0560475225038481
UBFC_PHYS_s14_T1_ctrl,150,50,151.66666666666666,-0.5494555234909058,1.2553657056154186
UBFC_PHYS_s14_T1_ctrl,150,51,151.7,-0.9995979070663452,1.2951478468171218
UBFC_PHYS_s14_T1_ctrl,150,52,151.73333333333332,-1.24541175365448,1.1935366203820488
UBFC_PHYS_s14_T1_ctrl,150,53,151.76666666666668,-1.1473453044891357,0.9854822742127826
UBFC_PHYS_s14_T1_ctrl,150,54,151.8,-0.6639978289604187,0.7083100612343245
UBFC_PHYS_s14_T1_ctrl,150,55,151.83333333333334,0.03719685599207878,0.39160370522976007
UBFC_PHYS_s14_T1_ctrl,150,56,151.86666666666667,0.7094109654426575,0.05444642409489642
UBFC_PHYS_s14_T1_ctrl,150,57,151.9,1.1764798164367676,-0.2905565187344173
UBFC_PHYS_s14_T1_ctrl,150,58,151.93333333333334,1.3484480381011963,-0.6296402716540236
UBFC_PHYS_s14_T1_ctrl,150,59,151.96666666666667,1.2446361780166626,-0.9407475863057578
UBFC_PHYS_s14_T1_ctrl,150,60,152.0,1.0122283697128296,-1.190502250861843
UBFC_PHYS_s14_T1_ctrl,150,61,152.03333333333333,0.7734555006027222,-1.3373996991768107
UBFC_PHYS_s14_T1_ctrl,150,62,152.06666666666666,0.5003227591514587,-1.341324788934509
UBFC_PHYS_s14_T1_ctrl,150,63,152.1,0.19460445642471313,-1.177185831707955
UBFC_PHYS_s14_T1_ctrl,150,64,152.13333333333333,-0.012230650521814823,-0.8481646964645871
UBFC_PHYS_s14_T1_ctrl,150,65,152.16666666666666,-0.07278286665678024,-0.3927175750653634
UBFC_PHYS_s14_T1_ctrl,150,66,152.2,-0.16161155700683594,0.119706007331333
UBFC_PHYS_s14_T1_ctrl,150,67,152.23333333333332,-0.44575634598731995,0.6050497804420018
UBFC_PHYS_s14_T1_ctrl,150,68,152.26666666666668,-0.8731141686439514,0.9874675641471478
UBFC_PHYS_s14_T1_ctrl,150,69,152.3,-1.2600005865097046,1.2187889531039835
UBFC_PHYS_s14_T1_ctrl,150,70,152.33333333333334,-1.3916946649551392,1.286746105441398
UBFC_PHYS_s14_T1_ctrl,150,71,152.36666666666667,-1.0839203596115112,1.2101166480771972
UBFC_PHYS_s14_T1_ctrl,150,72,152.4,-0.3934561312198639,1.0248804545322518
UBFC_PHYS_s14_T1_ctrl,150,73,152.43333333333334,0.350801020860672,0.7685472464915227
UBFC_PHYS_s14_T1_ctrl,150,74,152.46666666666667,0.8739439845085144,0.4692337972031464
UBFC_PHYS_s14_T1_ctrl,150,75,152.5,1.14614737033844,0.14293307624889545
UBFC_PHYS_s14_T1_ctrl,150,76,152.53333333333333,1.2600418329238892,-0.20141578456017004
UBFC_PHYS_s14_T1_ctrl,150,77,152.56666666666666,1.3192421197891235,-0.552505479420611
UBFC_PHYS_s14_T1_ctrl,150,78,152.6,1.3660786151885986,-0.8877786991223279
UBFC_PHYS_s14_T1_ctrl,150,79,152.63333333333333,1.3579673767089844,-1.1695943774398225
UBFC_PHYS_s14_T1_ctrl,150,80,152.66666666666666,1.2434533834457397,-1.3490604394896626
UBFC_PHYS_s14_T1_ctrl,150,81,152.7,1.0408709049224854,-1.3774531439910687
UBFC_PHYS_s14_T1_ctrl,150,82,152.73333333333332,0.796211838722229,-1.2223575033680565
UBFC_PHYS_s14_T1_ctrl,150,83,152.76666666666668,0.5362879633903503,-0.8832699067837477
UBFC_PHYS_s14_T1_ctrl,150,84,152.8,0.26574626564979553,-0.4001190485339239
UBFC_PHYS_s14_T1_ctrl,150,85,152.83333333333334,-0.04490068182349205,0.1507649133975536
UBFC_PHYS_s14_T1_ctrl,150,86,152.86666666666667,-0.4442073404788971,0.6745212559017965
UBFC_PHYS_s14_T1_ctrl,150,87,152.9,-0.9552398920059204,1.0842645570626406
UBFC_PHYS_s14_T1_ctrl,150,88,152.93333333333334,-1.4747215509414673,1.3252507294740314
UBFC_PHYS_s14_T1_ctrl,150,89,152.96666666666667,-1.6962019205093384,1.3857051868164811
UBFC_PHYS_s14_T1_ctrl,150,90,153.0,-1.3336771726608276,1.2907477271525492
UBFC_PHYS_s14_T1_ctrl,150,91,153.03333333333333,-0.4858897924423218,1.0849432840703865
UBFC_PHYS_s14_T1_ctrl,150,92,153.06666666666666,0.3874703049659729,0.8130774285486482
UBFC_PHYS_s14_T1_ctrl,150,93,153.1,0.9371999502182007,0.5071150098288569
UBFC_PHYS_s14_T1_ctrl,150,94,153.13333333333333,1.1008598804473877,0.18284314714241137
UBFC_PHYS_s14_T1_ctrl,150,95,153.16666666666666,1.0140589475631714,-0.15478861930498408
UBFC_PHYS_s14_T1_ctrl,150,96,153.2,0.8421470522880554,-0.5014398082108139
UBFC_PHYS_s14_T1_ctrl,150,97,153.23333333333332,0.6983707547187805,-0.8429968611663218
UBFC_PHYS_s14_T1_ctrl,150,98,153.26666666666668,0.6407475471496582,-1.149359187453121
UBFC_PHYS_s14_T1_ctrl,150,99,153.3,0.6409728527069092,-1.375417572992802
UBFC_PHYS_s14_T1_ctrl,150,100,153.33333333333334,0.6073734164237976,-1.4702289523456227
UBFC_PHYS_s14_T1_ctrl,150,101,153.36666666666667,0.4908596873283386,-1.3925946389214638
UBFC_PHYS_s14_T1_ctrl,150,102,153.4,0.29717710614204407,-1.1280991073200242
UBFC_PHYS_s14_T1_ctrl,150,103,153.43333333333334,0.02677624300122261,-0.7005890060424396
UBFC_PHYS_s14_T1_ctrl,150,104,153.46666666666667,-0.31347090005874634,-0.17175576662053388
UBFC_PHYS_s14_T1_ctrl,150,105,153.5,-0.6818255186080933,0.37313224800319883
UBFC_PHYS_s14_T1_ctrl,150,106,153.53333333333333,-1.0697540044784546,0.8485166519806764
UBFC_PHYS_s14_T1_ctrl,150,107,153.56666666666666,-1.4967738389968872,1.191074350043749
UBFC_PHYS_s14_T1_ctrl,150,108,153.6,-1.806153416633606,1.3722017955666952
UBFC_PHYS_s14_T1_ctrl,150,109,153.63333333333333,-1.6892735958099365,1.3966696118987545
UBFC_PHYS_s14_T1_ctrl,150,110,153.66666666666666,-1.0656983852386475,1.290712722441237
UBFC_PHYS_s14_T1_ctrl,150,111,153.7,-0.2161085605621338,1.0871667474513886
UBFC_PHYS_s14_T1_ctrl,150,112,153.73333333333332,0.521276593208313,0.8146003725503668
UBFC_PHYS_s14_T1_ctrl,150,113,153.76666666666668,0.9649694561958313,0.4934630337145939
UBFC_PHYS_s14_T1_ctrl,150,114,153.8,1.0719637870788574,0.1383482226922072
UBFC_PHYS_s14_T1_ctrl,150,115,153.83333333333334,0.9375942349433899,-0.23655243574807142
UBFC_PHYS_s14_T1_ctrl,150,116,153.86666666666667,0.7673439383506775,-0.6117239308452183
UBFC_PHYS_s14_T1_ctrl,150,117,153.9,0.7382225394248962,-0.9584451801750483
UBFC_PHYS_s14_T1_ctrl,150,118,153.93333333333334,0.859749436378479,-1.2384018148836762
UBFC_PHYS_s14_T1_ctrl,150,119,153.96666666666667,1.0009909868240356,-1.4080823868908683
UBFC_PHYS_s14_T1_ctrl,150,120,154.0,1.0215224027633667,-1.4281719831838158
UBFC_PHYS_s14_T1_ctrl,150,121,154.03333333333333,0.867325484752655,-1.2761442598761938
UBFC_PHYS_s14_T1_ctrl,150,122,154.06666666666666,0.6017406582832336,-0.9578912795002897
UBFC_PHYS_s14_T1_ctrl,150,123,154.1,0.3050347864627838,-0.5128378421321758
UBFC_PHYS_s14_T1_ctrl,150,124,154.13333333333333,-0.022594936192035675,-0.008077337662978329
UBFC_PHYS_s14_T1_ctrl,150,125,154.16666666666666,-0.4611619710922241,0.4784051402074689
UBFC_PHYS_s14_T1_ctrl,150,126,154.2,-1.0145529508590698,0.8789396530897781
UBFC_PHYS_s14_T1_ctrl,150,127,154.23333333333332,-1.477988600730896,1.1520682693498394
UBFC_PHYS_s14_T1_ctrl,150,128,154.26666666666668,-1.5169672966003418,1.2866775624098814
UBFC_PHYS_s14_T1_ctrl,150,129,154.3,-0.996387243270874,1.29482098727337
UBFC_PHYS_s14_T1_ctrl,150,130,154.33333333333334,-0.1585417091846466,1.1990353881577633
UBFC_PHYS_s14_T1_ctrl,150,131,154.36666666666667,0.6234549880027771,1.0211396242907973
UBFC_PHYS_s14_T1_ctrl,150,132,154.4,1.1174201965332031,0.7768426568885128
UBFC_PHYS_s14_T1_ctrl,150,133,154.43333333333334,1.2824602127075195,0.4764928703536252
UBFC_PHYS_s14_T1_ctrl,150,134,154.46666666666667,1.2014046907424927,0.1296141670157876
UBFC_PHYS_s14_T1_ctrl,150,135,154.5,1.024057149887085,-0.24968936485028326
UBFC_PHYS_s14_T1_ctrl,150,136,154.53333333333333,0.8957991003990173,-0.6385293732898509
UBFC_PHYS_s14_T1_ctrl,150,137,154.56666666666666,0.8514974117279053,-1.0033828649088339
UBFC_PHYS_s14_T1_ctrl,150,138,154.6,0.8016756176948547,-1.30156341396036
UBFC_PHYS_s14_T1_ctrl,150,139,154.63333333333333,0.6414234638214111,-1.4869001527049133
UBFC_PHYS_s14_T1_ctrl,150,140,154.66666666666666,0.37910565733909607,-1.5195446349123625
UBFC_PHYS_s14_T1_ctrl,150,141,154.7,0.07251428812742233,-1.3778754388573633
UBFC_PHYS_s14_T1_ctrl,150,142,154.73333333333332,-0.27021124958992004,-1.068401672031259
UBFC_PHYS_s14_T1_ctrl,150,143,154.76666666666668,-0.6420300006866455,-0.6288751562457919
UBFC_PHYS_s14_T1_ctrl,150,144,154.8,-1.054601788520813,-0.12165617366262858
UBFC_PHYS_s14_T1_ctrl,150,145,154.83333333333334,-1.5641980171203613,0.38141345904111745
UBFC_PHYS_s14_T1_ctrl,150,146,154.86666666666667,-2.0152416229248047,0.8167213676119387
UBFC_PHYS_s14_T1_ctrl,150,147,154.9,-2.0101158618927,1.1416630777123067
UBFC_PHYS_s14_T1_ctrl,150,148,154.93333333333334,-1.4016083478927612,1.3381756622968415
UBFC_PHYS_s14_T1_ctrl,150,149,154.96666666666667,-0.5137720108032227,1.408048745925424
UBFC_PHYS_s14_T1_ctrl,150,150,155.0,0.2695483863353729,1.3645639017877964
UBFC_PHYS_s14_T1_ctrl,150,151,155.03333333333333,0.7822989225387573,1.2251641626808043
UBFC_PHYS_s14_T1_ctrl,150,152,155.06666666666666,0.9829943180084229,1.0074233208460959
UBFC_PHYS_s14_T1_ctrl,150,153,155.1,0.9197102189064026,0.7278509812668446
UBFC_PHYS_s14_T1_ctrl,150,154,155.13333333333333,0.7829467058181763,0.4020006150378511
UBFC_PHYS_s14_T1_ctrl,150,155,155.16666666666666,0.7062284350395203,0.04500536308255657
UBFC_PHYS_s14_T1_ctrl,150,156,155.2,0.6454508900642395,-0.3271791076007661
UBFC_PHYS_s14_T1_ctrl,150,157,155.23333333333332,0.5612128973007202,-0.6952981899400127
UBFC_PHYS_s14_T1_ctrl,150,158,155.26666666666668,0.4802137613296509,-1.0337272695856734
UBFC_PHYS_s14_T1_ctrl,150,159,155.3,0.35175856947898865,-1.3089364366574936
UBFC_PHYS_s14_T1_ctrl,150,160,155.33333333333334,0.12056177109479904,-1.4819432204765808
UBFC_PHYS_s14_T1_ctrl,150,161,155.36666666666667,-0.15420447289943695,-1.5158212115821663
UBFC_PHYS_s14_T1_ctrl,150,162,155.4,-0.41846561431884766,-1.386766654917471
UBFC_PHYS_s14_T1_ctrl,150,163,155.43333333333334,-0.7293378710746765,-1.0947893852161852
UBFC_PHYS_s14_T1_ctrl,150,164,155.46666666666667,-1.1757344007492065,-0.6692072495071677
UBFC_PHYS_s14_T1_ctrl,150,165,155.5,-1.7029048204421997,-0.16555151214645877
UBFC_PHYS_s14_T1_ctrl,150,166,155.53333333333333,-1.970855474472046,0.3461031431122245
UBFC_PHYS_s14_T1_ctrl,150,167,155.56666666666666,-1.6749663352966309,0.7975585866344942
UBFC_PHYS_s14_T1_ctrl,150,168,155.6,-0.9298924207687378,1.1375804152019557
UBFC_PHYS_s14_T1_ctrl,150,169,155.63333333333333,-0.11536656320095062,1.3402036282998644
UBFC_PHYS_s14_T1_ctrl,150,170,155.66666666666666,0.5290780067443848,1.4041802195312048
UBFC_PHYS_s14_T1_ctrl,150,171,155.7,0.944719672203064,1.3455532396530194
UBFC_PHYS_s14_T1_ctrl,150,172,155.73333333333332,1.1269114017486572,1.1877731515300285
UBFC_PHYS_s14_T1_ctrl,150,173,155.76666666666668,1.1366561651229858,0.9536713175186492
UBFC_PHYS_s14_T1_ctrl,150,174,155.8,1.082187294960022,0.6615606411479955
UBFC_PHYS_s14_T1_ctrl,150,175,155.83333333333334,1.0158896446228027,0.3253888752279759
UBFC_PHYS_s14_T1_ctrl,150,176,155.86666666666667,0.9504369497299194,-0.042389036268544816
UBFC_PHYS_s14_T1_ctrl,150,177,155.9,0.8930953741073608,-0.4267361725735569
UBFC_PHYS_s14_T1_ctrl,150,178,155.93333333333334,0.8097586631774902,-0.8061023406174201
UBFC_PHYS_s14_T1_ctrl,150,179,155.96666666666667,0.6467745900154114,-1.1499512173517303
UBFC_PHYS_s14_T1_ctrl,150,180,156.0,0.39163854718208313,-1.4191905600665626
UBFC_PHYS_s14_T1_ctrl,150,181,156.03333333333333,0.06341737508773804,-1.570788312253295
UBFC_PHYS_s14_T1_ctrl,150,182,156.06666666666666,-0.30037471652030945,-1.566883349008943
UBFC_PHYS_s14_T1_ctrl,150,183,156.1,-0.6645047664642334,-1.386800784638504
UBFC_PHYS_s14_T1_ctrl,150,184,156.13333333333333,-1.045026183128357,-1.0381074901757115
UBFC_PHYS_s14_T1_ctrl,150,185,156.16666666666666,-1.5028009414672852,-0.5614025456967179
UBFC_PHYS_s14_T1_ctrl,150,186,156.2,-1.9335665702819824,-0.024424024789349044
UBFC_PHYS_s14_T1_ctrl,150,187,156.23333333333332,-1.9896970987319946,0.4945830624745533
UBFC_PHYS_s14_T1_ctrl,150,188,156.26666666666668,-1.4326448440551758,0.9278507991248425
UBFC_PHYS_s14_T1_ctrl,150,189,156.3,-0.5259387493133545,1.2336919959108854
UBFC_PHYS_s14_T1_ctrl,150,190,156.33333333333334,0.2789832651615143,1.4002899664099209
UBFC_PHYS_s14_T1_ctrl,150,191,156.36666666666667,0.8126031756401062,1.4382127331179022
UBFC_PHYS_s14_T1_ctrl,150,192,156.4,1.1205464601516724,1.3675560695625375
UBFC_PHYS_s14_T1_ctrl,150,193,156.43333333333334,1.2184157371520996,1.206820338263208
UBFC_PHYS_s14_T1_ctrl,150,194,156.46666666666667,1.1215322017669678,0.9680165112561699
UBFC_PHYS_s14_T1_ctrl,150,195,156.5,0.9547741413116455,0.658454585381949
UBFC_PHYS_s14_T1_ctrl,150,196,156.53333333333333,0.8515819311141968,0.286732478388705
UBFC_PHYS_s14_T1_ctrl,150,197,156.56666666666666,0.8048018217086792,-0.13045979434729088
UBFC_PHYS_s14_T1_ctrl,150,198,156.6,0.7606127858161926,-0.5634604655925068
UBFC_PHYS_s14_T1_ctrl,150,199,156.63333333333333,0.7002858519554138,-0.9683846507838569
UBFC_PHYS_s14_T1_ctrl,150,200,156.66666666666666,0.5738584995269775,-1.2905803251702217
UBFC_PHYS_s14_T1_ctrl,150,201,156.7,0.3235384225845337,-1.4733136704623582
UBFC_PHYS_s14_T1_ctrl,150,202,156.73333333333332,-0.011611046269536018,-1.470971477335438
UBFC_PHYS_s14_T1_ctrl,150,203,156.76666666666668,-0.3315238952636719,-1.263964214719286
UBFC_PHYS_s14_T1_ctrl,150,204,156.8,-0.6078109741210938,-0.8702484651966022
UBFC_PHYS_s14_T1_ctrl,150,205,156.83333333333334,-0.9231894612312317,-0.3475269538214946
UBFC_PHYS_s14_T1_ctrl,150,206,156.86666666666667,-1.3490545749664307,0.21770906393242534
UBFC_PHYS_s14_T1_ctrl,150,207,156.9,-1.8173907995224,0.7325243118389902
UBFC_PHYS_s14_T1_ctrl,150,208,156.93333333333334,-2.106295347213745,1.1226037544137433
UBFC_PHYS_s14_T1_ctrl,150,209,156.96666666666667,-1.9633357524871826,1.3487681372673392
UBFC_PHYS_s14_T1_ctrl,150,210,157.0,-1.3239606618881226,1.4086209777623502
UBFC_PHYS_s14_T1_ctrl,150,211,157.03333333333333,-0.43175894021987915,1.325473307726897
UBFC_PHYS_s14_T1_ctrl,150,212,157.06666666666666,0.341619610786438,1.1324055075029318
UBFC_PHYS_s14_T1_ctrl,150,213,157.1,0.810040295124054,0.8596187642615438
UBFC_PHYS_s14_T1_ctrl,150,214,157.13333333333333,0.9687715768814087,0.5291776607299393
UBFC_PHYS_s14_T1_ctrl,150,215,157.16666666666666,0.917457103729248,0.1564166271915782
UBFC_PHYS_s14_T1_ctrl,150,216,157.2,0.8172220587730408,-0.24515111558739142
UBFC_PHYS_s14_T1_ctrl,150,217,157.23333333333332,0.7758212089538574,-0.6584201971078765
UBFC_PHYS_s14_T1_ctrl,150,218,157.26666666666668,0.7787221074104309,-1.0585716828362763
UBFC_PHYS_s14_T1_ctrl,150,219,157.3,0.7763282060623169,-1.4112596531702937
UBFC_PHYS_s14_T1_ctrl,150,220,157.33333333333334,0.7456578016281128,-1.6742250097916027
UBFC_PHYS_s14_T1_ctrl,150,221,157.36666666666667,0.6372270584106445,-1.8035017359833079
UBFC_PHYS_s14_T1_ctrl,150,222,157.4,0.4051571786403656,-1.7642067942266177
UBFC_PHYS_s14_T1_ctrl,150,223,157.43333333333334,0.10138220340013504,-1.5434345038375208
UBFC_PHYS_s14_T1_ctrl,150,224,157.46666666666667,-0.17068031430244446,-1.1601784145583942
UBFC_PHYS_s14_T1_ctrl,150,225,157.5,-0.3958218991756439,-0.6665226563853991
UBFC_PHYS_s14_T1_ctrl,150,226,157.53333333333333,-0.6825859546661377,-0.1370507286580649
UBFC_PHYS_s14_T1_ctrl,150,227,157.56666666666666,-1.1105070114135742,0.35095829878395174
UBFC_PHYS_s14_T1_ctrl,150,228,157.6,-1.5538618564605713,0.73826001288927
UBFC_PHYS_s14_T1_ctrl,150,229,157.63333333333333,-1.693526268005371,0.9958542416688192
UBFC_PHYS_s14_T1_ctrl,150,230,157.66666666666666,-1.3174829483032227,1.1245612361005
UBFC_PHYS_s14_T1_ctrl,150,231,157.7,-0.5752817988395691,1.1453011153329067
UBFC_PHYS_s14_T1_ctrl,150,232,157.73333333333332,0.17421384155750275,1.0872514760807874
UBFC_PHYS_s14_T1_ctrl,150,233,157.76666666666668,0.671699583530426,0.9796612385977047
UBFC_PHYS_s14_T1_ctrl,150,234,157.8,0.8716345429420471,0.8485375966053212
UBFC_PHYS_s14_T1_ctrl,150,235,157.83333333333334,0.8419780731201172,0.7156680591239435
UBFC_PHYS_s14_T1_ctrl,150,236,157.86666666666667,0.6662358045578003,0.5972123375647939
UBFC_PHYS_s14_T1_ctrl,150,237,157.9,0.46286484599113464,0.5013085459006662
UBFC_PHYS_s14_T1_ctrl,150,238,157.93333333333334,0.37344470620155334,0.426169336205007
UBFC_PHYS_s14_T1_ctrl,150,239,157.96666666666667,0.4197178781032562,0.36068952878966415
UBFC_PHYS_s14_T1_ctrl,151,0,151.0,-0.9555778503417969,-0.07962482299862787
UBFC_PHYS_s14_T1_ctrl,151,1,151.03333333333333,-1.34097158908844,0.13858648832530804
UBFC_PHYS_s14_T1_ctrl,151,2,151.06666666666666,-1.9416214227676392,0.34649787196861925
UBFC_PHYS_s14_T1_ctrl,151,3,151.1,-2.6290156841278076,0.5264537167327424
UBFC_PHYS_s14_T1_ctrl,151,4,151.13333333333333,-2.9786977767944336,0.6537744783708436
UBFC_PHYS_s14_T1_ctrl,151,5,151.16666666666666,-2.551762342453003,0.7000340293233253
UBFC_PHYS_s14_T1_ctrl,151,6,151.2,-1.3956938982009888,0.6408124381016101
UBFC_PHYS_s14_T1_ctrl,151,7,151.23333333333332,-0.054927002638578415,0.46565873104850286
UBFC_PHYS_s14_T1_ctrl,151,8,151.26666666666668,0.95229572057724,0.18682542942389335
UBFC_PHYS_s14_T1_ctrl,151,9,151.3,1.4430503845214844,-0.15707381927557812
UBFC_PHYS_s14_T1_ctrl,151,10,151.33333333333334,1.4653842449188232,-0.5055366795461083
UBFC_PHYS_s14_T1_ctrl,151,11,151.36666666666667,1.2057138681411743,-0.7891611387943998
UBFC_PHYS_s14_T1_ctrl,151,12,151.4,0.9443817138671875,-0.9475234395322054
UBFC_PHYS_s14_T1_ctrl,151,13,151.43333333333334,0.8568767309188843,-0.9456539642457705
UBFC_PHYS_s14_T1_ctrl,151,14,151.46666666666667,0.8952077031135559,-0.7835499030921952
UBFC_PHYS_s14_T1_ctrl,151,15,151.5,0.9290042519569397,-0.49603136293054445
UBFC_PHYS_s14_T1_ctrl,151,16,151.53333333333333,0.899319589138031,-0.1430886927043924
UBFC_PHYS_s14_T1_ctrl,151,17,151.56666666666666,0.7704137563705444,0.20676928209786066
UBFC_PHYS_s14_T1_ctrl,151,18,151.6,0.4649771451950073,0.4955236312980106
UBFC_PHYS_s14_T1_ctrl,151,19,151.63333333333333,-0.015497653745114803,0.6908435784651593
UBFC_PHYS_s14_T1_ctrl,151,20,151.66666666666666,-0.5494555234909058,0.791464433170092
UBFC_PHYS_s14_T1_ctrl,151,21,151.7,-0.9995979070663452,0.8199466737261818
UBFC_PHYS_s14_T1_ctrl,151,22,151.73333333333332,-1.24541175365448,0.8059418274216903
UBFC_PHYS_s14_T1_ctrl,151,23,151.76666666666668,-1.1473453044891357,0.7682142574366503
UBFC_PHYS_s14_T1_ctrl,151,24,151.8,-0.6639978289604187,0.7043885831133314
UBFC_PHYS_s14_T1_ctrl,151,25,151.83333333333334,0.03719685599207878,0.5932447165317258
UBFC_PHYS_s14_T1_ctrl,151,26,151.86666666666667,0.7094109654426575,0.40776322409803833
UBFC_PHYS_s14_T1_ctrl,151,27,151.9,1.1764798164367676,0.13204388574293005
UBFC_PHYS_s14_T1_ctrl,151,28,151.93333333333334,1.3484480381011963,-0.22552927003776105
UBFC_PHYS_s14_T1_ctrl,151,29,151.96666666666667,1.2446361780166626,-0.6277062333418683
UBFC_PHYS_s14_T1_ctrl,151,30,152.0,1.0122283697128296,-1.0133986340408716
UBFC_PHYS_s14_T1_ctrl,151,31,152.03333333333333,0.7734555006027222,-1.3104800644057868
UBFC_PHYS_s14_T1_ctrl,151,32,152.06666666666666,0.5003227591514587,-1.4531893821848245
UBFC_PHYS_s14_T1_ctrl,151,33,152.1,0.19460445642471313,-1.4002542715287714
UBFC_PHYS_s14_T1_ctrl,151,34,152.13333333333333,-0.012230650521814823,-1.148915487618576
UBFC_PHYS_s14_T1_ctrl,151,35,152.16666666666666,-0.07278286665678024,-0.7395414924883956
UBFC_PHYS_s14_T1_ctrl,151,36,152.2,-0.16161155700683594,-0.24699871646938898
UBFC_PHYS_s14_T1_ctrl,151,37,152.23333333333332,-0.44575634598731995,0.24043053117602675
UBFC_PHYS_s14_T1_ctrl,151,38,152.26666666666668,-0.8731141686439514,0.6472122747170745
UBFC_PHYS_s14_T1_ctrl,151,39,152.3,-1.2600005865097046,0.9306196613540838
UBFC_PHYS_s14_T1_ctrl,151,40,152.33333333333334,-1.3916946649551392,1.0861164807569512
UBFC_PHYS_s14_T1_ctrl,151,41,152.36666666666667,-1.0839203596115112,1.136863163159448
UBFC_PHYS_s14_T1_ctrl,151,42,152.4,-0.3934561312198639,1.1137587565216986
UBFC_PHYS_s14_T1_ctrl,151,43,152.43333333333334,0.350801020860672,1.0364826671481757
UBFC_PHYS_s14_T1_ctrl,151,44,152.46666666666667,0.8739439845085144,0.9047013981861609
UBFC_PHYS_s14_T1_ctrl,151,45,152.5,1.14614737033844,0.7028671561416855
UBFC_PHYS_s14_T1_ctrl,151,46,152.53333333333333,1.2600418329238892,0.4149276700582887
UBFC_PHYS_s14_T1_ctrl,151,47,152.56666666666666,1.3192421197891235,0.040845708015152
UBFC_PHYS_s14_T1_ctrl,151,48,152.6,1.3660786151885986,-0.392670023207601
UBFC_PHYS_s14_T1_ctrl,151,49,152.63333333333333,1.3579673767089844,-0.8311078702500047
UBFC_PHYS_s14_T1_ctrl,151,50,152.66666666666666,1.2434533834457397,-1.2008177386078775
UBFC_PHYS_s14_T1_ctrl,151,51,152.7,1.0408709049224854,-1.4249972644930589
UBFC_PHYS_s14_T1_ctrl,151,52,152.73333333333332,0.796211838722229,-1.4434461228713173
UBFC_PHYS_s14_T1_ctrl,151,53,152.76666666666668,0.5362879633903503,-1.2316368842428551
UBFC_PHYS_s14_T1_ctrl,151,54,152.8,0.26574626564979553,-0.8134632042691856
UBFC_PHYS_s14_T1_ctrl,151,55,152.83333333333334,-0.04490068182349205,-0.2616244680398546
UBFC_PHYS_s14_T1_ctrl,151,56,152.86666666666667,-0.4442073404788971,0.31811893614955433
UBFC_PHYS_s14_T1_ctrl,151,57,152.9,-0.9552398920059204,0.8162748194044438
UBFC_PHYS_s14_T1_ctrl,151,58,152.93333333333334,-1.4747215509414673,1.1516657755374409
UBFC_PHYS_s14_T1_ctrl,151,59,152.96666666666667,-1.6962019205093384,1.291889124178642
UBFC_PHYS_s14_T1_ctrl,151,60,153.0,-1.3336771726608276,1.2537839791844205
UBFC_PHYS_s14_T1_ctrl,151,61,153.03333333333333,-0.4858897924423218,1.086154369843308
UBFC_PHYS_s14_T1_ctrl,151,62,153.06666666666666,0.3874703049659729,0.8448550267692753
UBFC_PHYS_s14_T1_ctrl,151,63,153.1,0.9371999502182007,0.5719705564779255
UBFC_PHYS_s14_T1_ctrl,151,64,153.13333333333333,1.1008598804473877,0.2867976681664965
UBFC_PHYS_s14_T1_ctrl,151,65,153.16666666666666,1.0140589475631714,-0.010252346847894526
UBFC_PHYS_s14_T1_ctrl,151,66,153.2,0.8421470522880554,-0.3252684893725909
UBFC_PHYS_s14_T1_ctrl,151,67,153.23333333333332,0.6983707547187805,-0.6567141300737197
UBFC_PHYS_s14_T1_ctrl,151,68,153.26666666666668,0.6407475471496582,-0.9852529732531351
UBFC_PHYS_s14_T1_ctrl,151,69,153.3,0.6409728527069092,-1.2707737472164518
UBFC_PHYS_s14_T1_ctrl,151,70,153.33333333333334,0.6073734164237976,-1.4578734149772212
UBFC_PHYS_s14_T1_ctrl,151,71,153.36666666666667,0.4908596873283386,-1.4893477111251154
UBFC_PHYS_s14_T1_ctrl,151,72,153.4,0.29717710614204407,-1.3249066066881785
UBFC_PHYS_s14_T1_ctrl,151,73,153.43333333333334,0.02677624300122261,-0.9594508117257847
UBFC_PHYS_s14_T1_ctrl,151,74,153.46666666666667,-0.31347090005874634,-0.43321628408489654
UBFC_PHYS_s14_T1_ctrl,151,75,153.5,-0.6818255186080933,0.17264599308841821
UBFC_PHYS_s14_T1_ctrl,151,76,153.53333333333333,-1.0697540044784546,0.7558925637580327
UBFC_PHYS_s14_T1_ctrl,151,77,153.56666666666666,-1.4967738389968872,1.2217302329251767
UBFC_PHYS_s14_T1_ctrl,151,78,153.6,-1.806153416633606,1.508258030416399
UBFC_PHYS_s14_T1_ctrl,151,79,153.63333333333333,-1.6892735958099365,1.5980658752800379
UBFC_PHYS_s14_T1_ctrl,151,80,153.66666666666666,-1.0656983852386475,1.5127580927336308
UBFC_PHYS_s14_T1_ctrl,151,81,153.7,-0.2161085605621338,1.2957764300664223
UBFC_PHYS_s14_T1_ctrl,151,82,153.73333333333332,0.521276593208313,0.9929363238371052
UBFC_PHYS_s14_T1_ctrl,151,83,153.76666666666668,0.9649694561958313,0.6388398417293307
UBFC_PHYS_s14_T1_ctrl,151,84,153.8,1.0719637870788574,0.2531290062910602
UBFC_PHYS_s14_T1_ctrl,151,85,153.83333333333334,0.9375942349433899,-0.15411774276010362
UBFC_PHYS_s14_T1_ctrl,151,86,153.86666666666667,0.7673439383506775,-0.5718603148798252
UBFC_PHYS_s14_T1_ctrl,151,87,153.9,0.7382225394248962,-0.9777103514330866
UBFC_PHYS_s14_T1_ctrl,151,88,153.93333333333334,0.859749436378479,-1.3323666124193234
UBFC_PHYS_s14_T1_ctrl,151,89,153.96666666666667,1.0009909868240356,-1.581899746287585
UBFC_PHYS_s14_T1_ctrl,151,90,154.0,1.0215224027633667,-1.6687444105784013
UBFC_PHYS_s14_T1_ctrl,151,91,154.03333333333333,0.867325484752655,-1.549422536893002
UBFC_PHYS_s14_T1_ctrl,151,92,154.06666666666666,0.6017406582832336,-1.2136558249072804
UBFC_PHYS_s14_T1_ctrl,151,93,154.1,0.3050347864627838,-0.696960717200767
UBFC_PHYS_s14_T1_ctrl,151,94,154.13333333333333,-0.022594936192035675,-0.07910615845919428
UBFC_PHYS_s14_T1_ctrl,151,95,154.16666666666666,-0.4611619710922241,0.5342477172534412
UBFC_PHYS_s14_T1_ctrl,151,96,154.2,-1.0145529508590698,1.0409157925428247
UBFC_PHYS_s14_T1_ctrl,151,97,154.23333333333332,-1.477988600730896,1.3702952544303637
UBFC_PHYS_s14_T1_ctrl,151,98,154.26666666666668,-1.5169672966003418,1.4985013755368515
UBFC_PHYS_s14_T1_ctrl,151,99,154.3,-0.996387243270874,1.445617715087849
UBFC_PHYS_s14_T1_ctrl,151,100,154.33333333333334,-0.1585417091846466,1.258761977159502
UBFC_PHYS_s14_T1_ctrl,151,101,154.36666666666667,0.6234549880027771,0.9902732302923312
UBFC_PHYS_s14_T1_ctrl,151,102,154.4,1.1174201965332031,0.6803869973422145
UBFC_PHYS_s14_T1_ctrl,151,103,154.43333333333334,1.2824602127075195,0.3498453202884958
UBFC_PHYS_s14_T1_ctrl,151,104,154.46666666666667,1.2014046907424927,0.003148018094289219
UBFC_PHYS_s14_T1_ctrl,151,105,154.5,1.024057149887085,-0.36054912394670613
UBFC_PHYS_s14_T1_ctrl,151,106,154.53333333333333,0.8957991003990173,-0.7339546463275649
UBFC_PHYS_s14_T1_ctrl,151,107,154.56666666666666,0.8514974117279053,-1.0911750941284448
UBFC_PHYS_s14_T1_ctrl,151,108,154.6,0.8016756176948547,-1.3850511614877319
UBFC_PHYS_s14_T1_ctrl,151,109,154.63333333333333,0.6414234638214111,-1.554830325826448
UBFC_PHYS_s14_T1_ctrl,151,110,154.66666666666666,0.37910565733909607,-1.543126963863965
UBFC_PHYS_s14_T1_ctrl,151,111,154.7,0.07251428812742233,-1.317168046797429
UBFC_PHYS_s14_T1_ctrl,151,112,154.73333333333332,-0.27021124958992004,-0.8865002926912681
UBFC_PHYS_s14_T1_ctrl,151,113,154.76666666666668,-0.6420300006866455,-0.3091355694523787
UBFC_PHYS_s14_T1_ctrl,151,114,154.8,-1.054601788520813,0.31858450964952495
UBFC_PHYS_s14_T1_ctrl,151,115,154.83333333333334,-1.5641980171203613,0.8866366410919609
UBFC_PHYS_s14_T1_ctrl,151,116,154.86666666666667,-2.0152416229248047,1.3015200594685046
UBFC_PHYS_s14_T1_ctrl,151,117,154.9,-2.0101158618927,1.5099791638961901
UBFC_PHYS_s14_T1_ctrl,151,118,154.93333333333334,-1.4016083478927612,1.5079307379679394
UBFC_PHYS_s14_T1_ctrl,151,119,154.96666666666667,-0.5137720108032227,1.3336143362459743
UBFC_PHYS_s14_T1_ctrl,151,120,155.0,0.2695483863353729,1.0499233210521364
UBFC_PHYS_s14_T1_ctrl,151,121,155.03333333333333,0.7822989225387573,0.7232463848579267
UBFC_PHYS_s14_T1_ctrl,151,122,155.06666666666666,0.9829943180084229,0.4053492189353281
UBFC_PHYS_s14_T1_ctrl,151,123,155.1,0.9197102189064026,0.12258179980575984
UBFC_PHYS_s14_T1_ctrl,151,124,155.13333333333333,0.7829467058181763,-0.12549118087229746
UBFC_PHYS_s14_T1_ctrl,151,125,155.16666666666666,0.7062284350395203,-0.3580590775964241
UBFC_PHYS_s14_T1_ctrl,151,126,155.2,0.6454508900642395,-0.5981413899001908
UBFC_PHYS_s14_T1_ctrl,151,127,155.23333333333332,0.5612128973007202,-0.8557273862531459
UBFC_PHYS_s14_T1_ctrl,151,128,155.26666666666668,0.4802137613296509,-1.115319242243772
UBFC_PHYS_s14_T1_ctrl,151,129,155.3,0.35175856947898865,-1.3334500978834531
UBFC_PHYS_s14_T1_ctrl,151,130,155.33333333333334,0.12056177109479904,-1.4485114979348714
UBFC_PHYS_s14_T1_ctrl,151,131,155.36666666666667,-0.15420447289943695,-1.400652237946311
UBFC_PHYS_s14_T1_ctrl,151,132,155.4,-0.41846561431884766,-1.1553594562509768
UBFC_PHYS_s14_T1_ctrl,151,133,155.43333333333334,-0.7293378710746765,-0.7219756550019243
UBFC_PHYS_s14_T1_ctrl,151,134,155.46666666666667,-1.1757344007492065,-0.1589335544315036
UBFC_PHYS_s14_T1_ctrl,151,135,155.5,-1.7029048204421997,0.43825068240075765
UBFC_PHYS_s14_T1_ctrl,151,136,155.53333333333333,-1.970855474472046,0.9630613533284477
UBFC_PHYS_s14_T1_ctrl,151,137,155.56666666666666,-1.6749663352966309,1.328546173279753
UBFC_PHYS_s14_T1_ctrl,151,138,155.6,-0.9298924207687378,1.49066568123754
UBFC_PHYS_s14_T1_ctrl,151,139,155.63333333333333,-0.11536656320095062,1.4559878348978694
UBFC_PHYS_s14_T1_ctrl,151,140,155.66666666666666,0.5290780067443848,1.2721783918970189
UBFC_PHYS_s14_T1_ctrl,151,141,155.7,0.944719672203064,1.0066120387881443
UBFC_PHYS_s14_T1_ctrl,151,142,155.73333333333332,1.1269114017486572,0.7220561222183892
UBFC_PHYS_s14_T1_ctrl,151,143,155.76666666666668,1.1366561651229858,0.4581032243048117
UBFC_PHYS_s14_T1_ctrl,151,144,155.8,1.082187294960022,0.22393119089709018
UBFC_PHYS_s14_T1_ctrl,151,145,155.83333333333334,1.0158896446228027,0.003551034236150755
UBFC_PHYS_s14_T1_ctrl,151,146,155.86666666666667,0.9504369497299194,-0.22956243502792403
UBFC_PHYS_s14_T1_ctrl,151,147,155.9,0.8930953741073608,-0.4945004800146982
UBFC_PHYS_s14_T1_ctrl,151,148,155.93333333333334,0.8097586631774902,-0.788483170112252
UBFC_PHYS_s14_T1_ctrl,151,149,155.96666666666667,0.6467745900154114,-1.0811966577927579
UBFC_PHYS_s14_T1_ctrl,151,150,156.0,0.39163854718208313,-1.3196737182252236
UBFC_PHYS_s14_T1_ctrl,151,151,156.03333333333333,0.06341737508773804,-1.4420674865814609
UBFC_PHYS_s14_T1_ctrl,151,152,156.06666666666666,-0.30037471652030945,-1.3966766586719381
UBFC_PHYS_s14_T1_ctrl,151,153,156.1,-0.6645047664642334,-1.1613430824212019
UBFC_PHYS_s14_T1_ctrl,151,154,156.13333333333333,-1.045026183128357,-0.7570715852443867
UBFC_PHYS_s14_T1_ctrl,151,155,156.16666666666666,-1.5028009414672852,-0.2494088289128161
UBFC_PHYS_s14_T1_ctrl,151,156,156.2,-1.9335665702819824,0.2663936585073511
UBFC_PHYS_s14_T1_ctrl,151,157,156.23333333333332,-1.9896970987319946,0.6939311699392661
UBFC_PHYS_s14_T1_ctrl,151,158,156.26666666666668,-1.4326448440551758,0.9670248718818398
UBFC_PHYS_s14_T1_ctrl,151,159,156.3,-0.5259387493133545,1.0693891236613653
UBFC_PHYS_s14_T1_ctrl,151,160,156.33333333333334,0.2789832651615143,1.033533713010649
UBFC_PHYS_s14_T1_ctrl,151,161,156.36666666666667,0.8126031756401062,0.9204703587640549
UBFC_PHYS_s14_T1_ctrl,151,162,156.4,1.1205464601516724,0.7904802864551023
UBFC_PHYS_s14_T1_ctrl,151,163,156.43333333333334,1.2184157371520996,0.6781956693289293
UBFC_PHYS_s14_T1_ctrl,151,164,156.46666666666667,1.1215322017669678,0.5821883756095656
UBFC_PHYS_s14_T1_ctrl,151,165,156.5,0.9547741413116455,0.47208559337155814
UBFC_PHYS_s14_T1_ctrl,151,166,156.53333333333333,0.8515819311141968,0.30835380083200414
UBFC_PHYS_s14_T1_ctrl,151,167,156.56666666666666,0.8048018217086792,0.06504858657633081
UBFC_PHYS_s14_T1_ctrl,151,168,156.6,0.7606127858161926,-0.2539607183257727
UBFC_PHYS_s14_T1_ctrl,151,169,156.63333333333333,0.7002858519554138,-0.6106812862811141
UBFC_PHYS_s14_T1_ctrl,151,170,156.66666666666666,0.5738584995269775,-0.9408340208547273
UBFC_PHYS_s14_T1_ctrl,151,171,156.7,0.3235384225845337,-1.1704006057202163
UBFC_PHYS_s14_T1_ctrl,151,172,156.73333333333332,-0.011611046269536018,-1.236168888226222
UBFC_PHYS_s14_T1_ctrl,151,173,156.76666666666668,-0.3315238952636719,-1.1053219681051194
UBFC_PHYS_s14_T1_ctrl,151,174,156.8,-0.6078109741210938,-0.7886061482703225
UBFC_PHYS_s14_T1_ctrl,151,175,156.83333333333334,-0.9231894612312317,-0.34177376311434443
UBFC_PHYS_s14_T1_ctrl,151,176,156.86666666666667,-1.3490545749664307,0.1474789261643652
UBFC_PHYS_s14_T1_ctrl,151,177,156.9,-1.8173907995224,0.5845037405860952
UBFC_PHYS_s14_T1_ctrl,151,178,156.93333333333334,-2.106295347213745,0.8957525816140307
UBFC_PHYS_s14_T1_ctrl,151,179,156.96666666666667,-1.9633357524871826,1.048220035848489
UBFC_PHYS_s14_T1_ctrl,151,180,157.0,-1.3239606618881226,1.0522995654951808
UBFC_PHYS_s14_T1_ctrl,151,181,157.03333333333333,-0.43175894021987915,0.9481928495325732
UBFC_PHYS_s14_T1_ctrl,151,182,157.06666666666666,0.341619610786438,0.7837486043528749
UBFC_PHYS_s14_T1_ctrl,151,183,157.1,0.810040295124054,0.5947069794271677
UBFC_PHYS_s14_T1_ctrl,151,184,157.13333333333333,0.9687715768814087,0.39536618518940897
UBFC_PHYS_s14_T1_ctrl,151,185,157.16666666666666,0.917457103729248,0.18138116386971362
UBFC_PHYS_s14_T1_ctrl,151,186,157.2,0.8172220587730408,-0.05912973288564259
UBFC_PHYS_s14_T1_ctrl,151,187,157.23333333333332,0.7758212089538574,-0.33231471207848684
UBFC_PHYS_s14_T1_ctrl,151,188,157.26666666666668,0.7787221074104309,-0.6283176330544532
UBFC_PHYS_s14_T1_ctrl,151,189,157.3,0.7763282060623169,-0.9169168774184884
UBFC_PHYS_s14_T1_ctrl,151,190,157.33333333333334,0.7456578016281128,-1.150387032835116
UBFC_PHYS_s14_T1_ctrl,151,191,157.36666666666667,0.6372270584106445,-1.2737486222574528
UBFC_PHYS_s14_T1_ctrl,151,192,157.4,0.4051571786403656,-1.2407944407139297
UBFC_PHYS_s14_T1_ctrl,151,193,157.43333333333334,0.10138220340013504,-1.0315996501192999
UBFC_PHYS_s14_T1_ctrl,151,194,157.46666666666667,-0.17068031430244446,-0.664743187134265
UBFC_PHYS_s14_T1_ctrl,151,195,157.5,-0.3958218991756439,-0.19760997316876794
UBFC_PHYS_s14_T1_ctrl,151,196,157.53333333333333,-0.6825859546661377,0.28763702496408067
UBFC_PHYS_s14_T1_ctrl,151,197,157.56666666666666,-1.1105070114135742,0.7081048965003691
UBFC_PHYS_s14_T1_ctrl,151,198,157.6,-1.5538618564605713,1.0042982252845896
UBFC_PHYS_s14_T1_ctrl,151,199,157.63333333333333,-1.693526268005371,1.1536335575127654
UBFC_PHYS_s14_T1_ctrl,151,200,157.66666666666666,-1.3174829483032227,1.1680375432729149
UBFC_PHYS_s14_T1_ctrl,151,201,157.7,-0.5752817988395691,1.078651134891622
UBFC_PHYS_s14_T1_ctrl,151,202,157.73333333333332,0.17421384155750275,0.9169222311054315
UBFC_PHYS_s14_T1_ctrl,151,203,157.76666666666668,0.671699583530426,0.7020526585938905
UBFC_PHYS_s14_T1_ctrl,151,204,157.8,0.8716345429420471,0.43974047348898815
UBFC_PHYS_s14_T1_ctrl,151,205,157.83333333333334,0.8419780731201172,0.1303849683477208
UBFC_PHYS_s14_T1_ctrl,151,206,157.86666666666667,0.6662358045578003,-0.21918271384559612
UBFC_PHYS_s14_T1_ctrl,151,207,157.9,0.46286484599113464,-0.5866125843464008
UBFC_PHYS_s14_T1_ctrl,151,208,157.93333333333334,0.37344470620155334,-0.9314049078437386
UBFC_PHYS_s14_T1_ctrl,151,209,157.96666666666667,0.4197178781032562,-1.1997518930141573
UBFC_PHYS_s14_T1_ctrl,151,210,158.0,0.4495151937007904,-1.3360072583389322
UBFC_PHYS_s14_T1_ctrl,151,211,158.03333333333333,0.3415914475917816,-1.2984425787860558
UBFC_PHYS_s14_T1_ctrl,151,212,158.06666666666666,0.13362978398799896,-1.0749994012440274
UBFC_PHYS_s14_T1_ctrl,151,213,158.1,-0.12519574165344238,-0.69306001636694
UBFC_PHYS_s14_T1_ctrl,151,214,158.13333333333333,-0.4192260205745697,-0.21750620164014364
UBFC_PHYS_s14_T1_ctrl,151,215,158.16666666666666,-0.7535024285316467,0.2650033386046762
UBFC_PHYS_s14_T1_ctrl,151,216,158.2,-1.1885207891464233,0.6711092425215718
UBFC_PHYS_s14_T1_ctrl,151,217,158.23333333333332,-1.7026795148849487,0.9452237640256947
UBFC_PHYS_s14_T1_ctrl,151,218,158.26666666666668,-1.9875847101211548,1.0727991420518215
UBFC_PHYS_s14_T1_ctrl,151,219,158.3,-1.6969059705734253,1.076788798218528
UBFC_PHYS_s14_T1_ctrl,151,220,158.33333333333334,-0.9175567030906677,0.999892903499423
UBFC_PHYS_s14_T1_ctrl,151,221,158.36666666666667,-0.05256124213337898,0.8819789862594468
UBFC_PHYS_s14_T1_ctrl,151,222,158.4,0.5934886336326599,0.7436466120179956
UBFC_PHYS_s14_T1_ctrl,151,223,158.43333333333334,0.9413681626319885,0.5828758673785323
UBFC_PHYS_s14_T1_ctrl,151,224,158.46666666666667,0.9927108287811279,0.3846136831473124
UBFC_PHYS_s14_T1_ctrl,151,225,158.5,0.8009997010231018,0.13707086548044853
UBFC_PHYS_s14_T1_ctrl,151,226,158.53333333333333,0.526430606842041,-0.15354265251350258
UBFC_PHYS_s14_T1_ctrl,151,227,158.56666666666666,0.32646745443344116,-0.45622149437592935
UBFC_PHYS_s14_T1_ctrl,151,228,158.6,0.21986740827560425,-0.7188525923512337
UBFC_PHYS_s14_T1_ctrl,151,229,158.63333333333333,0.16784882545471191,-0.8812908505053965
UBFC_PHYS_s14_T1_ctrl,151,230,158.66666666666666,0.13534776866436005,-0.8943067324583027
UBFC_PHYS_s14_T1_ctrl,151,231,158.7,0.04708235710859299,-0.7389784146412741
UBFC_PHYS_s14_T1_ctrl,151,232,158.73333333333332,-0.16608960926532745,-0.439420305154506
UBFC_PHYS_s14_T1_ctrl,151,233,158.76666666666668,-0.4849604070186615,-0.06232408765321433
UBFC_PHYS_s14_T1_ctrl,151,234,158.8,-0.8724382519721985,0.2987890368604744
UBFC_PHYS_s14_T1_ctrl,151,235,158.83333333333334,-1.3569122552871704,0.5501316246552208
UBFC_PHYS_s14_T1_ctrl,151,236,158.86666666666667,-1.8764221668243408,0.6253801010688743
UBFC_PHYS_s14_T1_ctrl,151,237,158.9,-2.1226584911346436,0.5044106693898844
UBFC_PHYS_s14_T1_ctrl,151,238,158.93333333333334,-1.795535683631897,0.2175901128905814
UBFC_PHYS_s14_T1_ctrl,151,239,158.96666666666667,-0.9934582114219666,-0.1635534734660649
UBFC_PHYS_s14_T1_ctrl,152,0,152.0,1.0122283697128296,0.1173903926701908
UBFC_PHYS_s14_T1_ctrl,152,1,152.03333333333333,0.7734555006027222,0.1177369827781532
UBFC_PHYS_s14_T1_ctrl,152,2,152.06666666666666,0.5003227591514587,0.17749623449350116
UBFC_PHYS_s14_T1_ctrl,152,3,152.1,0.19460445642471313,0.33617522382763143
UBFC_PHYS_s14_T1_ctrl,152,4,152.13333333333333,-0.012230650521814823,0.5971492780981409
UBFC_PHYS_s14_T1_ctrl,152,5,152.16666666666666,-0.07278286665678024,0.9254547691395746
UBFC_PHYS_s14_T1_ctrl,152,6,152.2,-0.16161155700683594,1.2588553237752549
UBFC_PHYS_s14_T1_ctrl,152,7,152.23333333333332,-0.44575634598731995,1.5285082895297326
UBFC_PHYS_s14_T1_ctrl,152,8,152.26666666666668,-0.8731141686439514,1.680791580038351
UBFC_PHYS_s14_T1_ctrl,152,9,152.3,-1.2600005865097046,1.6909662678873867
UBFC_PHYS_s14_T1_ctrl,152,10,152.33333333333334,-1.3916946649551392,1.5641667456793467
UBFC_PHYS_s14_T1_ctrl,152,11,152.36666666666667,-1.0839203596115112,1.3260050572232662
UBFC_PHYS_s14_T1_ctrl,152,12,152.4,-0.3934561312198639,1.009074940181151
UBFC_PHYS_s14_T1_ctrl,152,13,152.43333333333334,0.350801020860672,0.6418400976976866
UBFC_PHYS_s14_T1_ctrl,152,14,152.46666666666667,0.8739439845085144,0.24406632526285096
UBFC_PHYS_s14_T1_ctrl,152,15,152.5,1.14614737033844,-0.17061441225092674
UBFC_PHYS_s14_T1_ctrl,152,16,152.53333333333333,1.2600418329238892,-0.5878469925850696
UBFC_PHYS_s14_T1_ctrl,152,17,152.56666666666666,1.3192421197891235,-0.9858194989869731
UBFC_PHYS_s14_T1_ctrl,152,18,152.6,1.3660786151885986,-1.3321392372859686
UBFC_PHYS_s14_T1_ctrl,152,19,152.63333333333333,1.3579673767089844,-1.585768430206412
UBFC_PHYS_s14_T1_ctrl,152,20,152.66666666666666,1.2434533834457397,-1.7039293302586027
UBFC_PHYS_s14_T1_ctrl,152,21,152.7,1.0408709049224854,-1.6528138240490882
UBFC_PHYS_s14_T1_ctrl,152,22,152.73333333333332,0.796211838722229,-1.4196792207249411
UBFC_PHYS_s14_T1_ctrl,152,23,152.76666666666668,0.5362879633903503,-1.0225161769362263
UBFC_PHYS_s14_T1_ctrl,152,24,152.8,0.26574626564979553,-0.512743182147478
UBFC_PHYS_s14_T1_ctrl,152,25,152.83333333333334,-0.04490068182349205,0.03242542201571574
UBFC_PHYS_s14_T1_ctrl,152,26,152.86666666666667,-0.4442073404788971,0.5276194343650594
UBFC_PHYS_s14_T1_ctrl,152,27,152.9,-0.9552398920059204,0.901646088374718
UBFC_PHYS_s14_T1_ctrl,152,28,152.93333333333334,-1.4747215509414673,1.1155352826479206
UBFC_PHYS_s14_T1_ctrl,152,29,152.96666666666667,-1.6962019205093384,1.1682617376038553
UBFC_PHYS_s14_T1_ctrl,152,30,153.0,-1.3336771726608276,1.0883467493900874
UBFC_PHYS_s14_T1_ctrl,152,31,153.03333333333333,-0.4858897924423218,0.9167721909082895
UBFC_PHYS_s14_T1_ctrl,152,32,153.06666666666666,0.3874703049659729,0.6899438629653863
UBFC_PHYS_s14_T1_ctrl,152,33,153.1,0.9371999502182007,0.4298585215643888
UBFC_PHYS_s14_T1_ctrl,152,34,153.13333333333333,1.1008598804473877,0.14411258170132007
UBFC_PHYS_s14_T1_ctrl,152,35,153.16666666666666,1.0140589475631714,-0.16623226656935647
UBFC_PHYS_s14_T1_ctrl,152,36,153.2,0.8421470522880554,-0.495526377997873
UBFC_PHYS_s14_T1_ctrl,152,37,153.23333333333332,0.6983707547187805,-0.8241425044304622
UBFC_PHYS_s14_T1_ctrl,152,38,153.26666666666668,0.6407475471496582,-1.1147781601782534
UBFC_PHYS_s14_T1_ctrl,152,39,153.3,0.6409728527069092,-1.3166131695504508
UBFC_PHYS_s14_T1_ctrl,152,40,153.33333333333334,0.6073734164237976,-1.3772211617010885
UBFC_PHYS_s14_T1_ctrl,152,41,153.36666666666667,0.4908596873283386,-1.2594104496065082
UBFC_PHYS_s14_T1_ctrl,152,42,153.4,0.29717710614204407,-0.9574320511250258
UBFC_PHYS_s14_T1_ctrl,152,43,153.43333333333334,0.02677624300122261,-0.5056562670082481
UBFC_PHYS_s14_T1_ctrl,152,44,153.46666666666667,-0.31347090005874634,0.025626416605529875
UBFC_PHYS_s14_T1_ctrl,152,45,153.5,-0.6818255186080933,0.5477245297170713
UBFC_PHYS_s14_T1_ctrl,152,46,153.53333333333333,-1.0697540044784546,0.9782612004827167
UBFC_PHYS_s14_T1_ctrl,152,47,153.56666666666666,-1.4967738389968872,1.2628710572930002
UBFC_PHYS_s14_T1_ctrl,152,48,153.6,-1.806153416633606,1.3851683603249019
UBFC_PHYS_s14_T1_ctrl,152,49,153.63333333333333,-1.6892735958099365,1.3622357154900684
UBFC_PHYS_s14_T1_ctrl,152,50,153.66666666666666,-1.0656983852386475,1.229650749664057
UBFC_PHYS_s14_T1_ctrl,152,51,153.7,-0.2161085605621338,1.0240780126729767
UBFC_PHYS_s14_T1_ctrl,152,52,153.73333333333332,0.521276593208313,0.7709953592060727
UBFC_PHYS_s14_T1_ctrl,152,53,153.76666666666668,0.9649694561958313,0.4814404521271329
UBFC_PHYS_s14_T1_ctrl,152,54,153.8,1.0719637870788574,0.1573016435606749
UBFC_PHYS_s14_T1_ctrl,152,55,153.83333333333334,0.9375942349433899,-0.19847878042555814
UBFC_PHYS_s14_T1_ctrl,152,56,153.86666666666667,0.7673439383506775,-0.5715994006029843
UBFC_PHYS_s14_T1_ctrl,152,57,153.9,0.7382225394248962,-0.9303227661072083
UBFC_PHYS_s14_T1_ctrl,152,58,153.93333333333334,0.859749436378479,-1.2265096352902218
UBFC_PHYS_s14_T1_ctrl,152,59,153.96666666666667,1.0009909868240356,-1.404571271814567
UBFC_PHYS_s14_T1_ctrl,152,60,154.0,1.0215224027633667,-1.4166198881601386
UBFC_PHYS_s14_T1_ctrl,152,61,154.03333333333333,0.867325484752655,-1.2394903269122424
UBFC_PHYS_s14_T1_ctrl,152,62,154.06666666666666,0.6017406582832336,-0.8874134589252346
UBFC_PHYS_s14_T1_ctrl,152,63,154.1,0.3050347864627838,-0.41416664137968495
UBFC_PHYS_s14_T1_ctrl,152,64,154.13333333333333,-0.022594936192035675,0.09852345664216176
UBFC_PHYS_s14_T1_ctrl,152,65,154.16666666666666,-0.4611619710922241,0.5637614740248936
UBFC_PHYS_s14_T1_ctrl,152,66,154.2,-1.0145529508590698,0.9145166946215844
UBFC_PHYS_s14_T1_ctrl,152,67,154.23333333333332,-1.477988600730896,1.119794497593144
UBFC_PHYS_s14_T1_ctrl,152,68,154.26666666666668,-1.5169672966003418,1.1854924171350003
UBFC_PHYS_s14_T1_ctrl,152,69,154.3,-0.996387243270874,1.1415982586006703
UBFC_PHYS_s14_T1_ctrl,152,70,154.33333333333334,-0.1585417091846466,1.023503382995703
UBFC_PHYS_s14_T1_ctrl,152,71,154.36666666666667,0.6234549880027771,0.8565365853124823
UBFC_PHYS_s14_T1_ctrl,152,72,154.4,1.1174201965332031,0.6496238463942864
UBFC_PHYS_s14_T1_ctrl,152,73,154.43333333333334,1.2824602127075195,0.39883567775446827
UBFC_PHYS_s14_T1_ctrl,152,74,154.46666666666667,1.2014046907424927,0.09746038483977715
UBFC_PHYS_s14_T1_ctrl,152,75,154.5,1.024057149887085,-0.25245704859926893
UBFC_PHYS_s14_T1_ctrl,152,76,154.53333333333333,0.8957991003990173,-0.6316110207815011
UBFC_PHYS_s14_T1_ctrl,152,77,154.56666666666666,0.8514974117279053,-1.0008301670245379
UBFC_PHYS_s14_T1_ctrl,152,78,154.6,0.8016756176948547,-1.305589752186728
UBFC_PHYS_s14_T1_ctrl,152,79,154.63333333333333,0.6414234638214111,-1.487226721458032
UBFC_PHYS_s14_T1_ctrl,152,80,154.66666666666666,0.37910565733909607,-1.4984979678357764
UBFC_PHYS_s14_T1_ctrl,152,81,154.7,0.07251428812742233,-1.31909395239008
UBFC_PHYS_s14_T1_ctrl,152,82,154.73333333333332,-0.27021124958992004,-0.9654794170549614
UBFC_PHYS_s14_T1_ctrl,152,83,154.76666666666668,-0.6420300006866455,-0.49024651525655716
UBFC_PHYS_s14_T1_ctrl,152,84,154.8,-1.054601788520813,0.0303645601268814
UBFC_PHYS_s14_T1_ctrl,152,85,154.83333333333334,-1.5641980171203613,0.5170031965222741
UBFC_PHYS_s14_T1_ctrl,152,86,154.86666666666667,-2.0152416229248047,0.9077246594828999
UBFC_PHYS_s14_T1_ctrl,152,87,154.9,-2.0101158618927,1.1700847154821123
UBFC_PHYS_s14_T1_ctrl,152,88,154.93333333333334,-1.4016083478927612,1.3010668876381315
UBFC_PHYS_s14_T1_ctrl,152,89,154.96666666666667,-0.5137720108032227,1.3173562580545541
UBFC_PHYS_s14_T1_ctrl,152,90,155.0,0.2695483863353729,1.2421659929381803
UBFC_PHYS_s14_T1_ctrl,152,91,155.03333333333333,0.7822989225387573,1.0947735583921792
UBFC_PHYS_s14_T1_ctrl,152,92,155.06666666666666,0.9829943180084229,0.8862355980665393
UBFC_PHYS_s14_T1_ctrl,152,93,155.1,0.9197102189064026,0.6212884182633792
UBFC_PHYS_s14_T1_ctrl,152,94,155.13333333333333,0.7829467058181763,0.30393577144707007
UBFC_PHYS_s14_T1_ctrl,152,95,155.16666666666666,0.7062284350395203,-0.05645424307676614
UBFC_PHYS_s14_T1_ctrl,152,96,155.2,0.6454508900642395,-0.4408135609581976
UBFC_PHYS_s14_T1_ctrl,152,97,155.23333333333332,0.5612128973007202,-0.8187753841898952
UBFC_PHYS_s14_T1_ctrl,152,98,155.26666666666668,0.4802137613296509,-1.1501387755937673
UBFC_PHYS_s14_T1_ctrl,152,99,155.3,0.35175856947898865,-1.3895936634160624
UBFC_PHYS_s14_T1_ctrl,152,100,155.33333333333334,0.12056177109479904,-1.4946011922953835
UBFC_PHYS_s14_T1_ctrl,152,101,155.36666666666667,-0.15420447289943695,-1.4354321408785333
UBFC_PHYS_s14_T1_ctrl,152,102,155.4,-0.41846561431884766,-1.2050058821256908
UBFC_PHYS_s14_T1_ctrl,152,103,155.43333333333334,-0.7293378710746765,-0.8250432860864847
UBFC_PHYS_s14_T1_ctrl,152,104,155.46666666666667,-1.1757344007492065,-0.34513084558958146
UBFC_PHYS_s14_T1_ctrl,152,105,155.5,-1.7029048204421997,0.16662625526583766
UBFC_PHYS_s14_T1_ctrl,152,106,155.53333333333333,-1.970855474472046,0.6390103268826589
UBFC_PHYS_s14_T1_ctrl,152,107,155.56666666666666,-1.6749663352966309,1.013707397553486
UBFC_PHYS_s14_T1_ctrl,152,108,155.6,-0.9298924207687378,1.2560936998585661
UBFC_PHYS_s14_T1_ctrl,152,109,155.63333333333333,-0.11536656320095062,1.357500702731501
UBFC_PHYS_s14_T1_ctrl,152,110,155.66666666666666,0.5290780067443848,1.329697797125939
UBFC_PHYS_s14_T1_ctrl,152,111,155.7,0.944719672203064,1.19547538124373
UBFC_PHYS_s14_T1_ctrl,152,112,155.73333333333332,1.1269114017486572,0.9798041418604878
UBFC_PHYS_s14_T1_ctrl,152,113,155.76666666666668,1.1366561651229858,0.7044715395392029
UBFC_PHYS_s14_T1_ctrl,152,114,155.8,1.082187294960022,0.3868267621082193
UBFC_PHYS_s14_T1_ctrl,152,115,155.83333333333334,1.0158896446228027,0.04157418647846024
UBFC_PHYS_s14_T1_ctrl,152,116,155.86666666666667,0.9504369497299194,-0.3160065388659908
UBFC_PHYS_s14_T1_ctrl,152,117,155.9,0.8930953741073608,-0.6668359096001649
UBFC_PHYS_s14_T1_ctrl,152,118,155.93333333333334,0.8097586631774902,-0.9859090767210094
UBFC_PHYS_s14_T1_ctrl,152,119,155.96666666666667,0.6467745900154114,-1.2421504564125496
UBFC_PHYS_s14_T1_ctrl,152,120,156.0,0.39163854718208313,-1.4009171826234357
UBFC_PHYS_s14_T1_ctrl,152,121,156.03333333333333,0.06341737508773804,-1.4295145504872067
UBFC_PHYS_s14_T1_ctrl,152,122,156.06666666666666,-0.30037471652030945,-1.305461885360381
UBFC_PHYS_s14_T1_ctrl,152,123,156.1,-0.6645047664642334,-1.02592819128785
UBFC_PHYS_s14_T1_ctrl,152,124,156.13333333333333,-1.045026183128357,-0.6149705399431575
UBFC_PHYS_s14_T1_ctrl,152,125,156.16666666666666,-1.5028009414672852,-0.1242851924400045
UBFC_PHYS_s14_T1_ctrl,152,126,156.2,-1.9335665702819824,0.3754344104506725
UBFC_PHYS_s14_T1_ctrl,152,127,156.23333333333332,-1.9896970987319946,0.8113467369646613
UBFC_PHYS_s14_T1_ctrl,152,128,156.26666666666668,-1.4326448440551758,1.1272379524782907
UBFC_PHYS_s14_T1_ctrl,152,129,156.3,-0.5259387493133545,1.295896339483772
UBFC_PHYS_s14_T1_ctrl,152,130,156.33333333333334,0.2789832651615143,1.3201501107605336
UBFC_PHYS_s14_T1_ctrl,152,131,156.36666666666667,0.8126031756401062,1.223739036836663
UBFC_PHYS_s14_T1_ctrl,152,132,156.4,1.1205464601516724,1.0376696835772465
UBFC_PHYS_s14_T1_ctrl,152,133,156.43333333333334,1.2184157371520996,0.7886671426102335
UBFC_PHYS_s14_T1_ctrl,152,134,156.46666666666667,1.1215322017669678,0.4941483538334449
UBFC_PHYS_s14_T1_ctrl,152,135,156.5,0.9547741413116455,0.164422987094971
UBFC_PHYS_s14_T1_ctrl,152,136,156.53333333333333,0.8515819311141968,-0.1904669862854139
UBFC_PHYS_s14_T1_ctrl,152,137,156.56666666666666,0.8048018217086792,-0.5533537021517909
UBFC_PHYS_s14_T1_ctrl,152,138,156.6,0.7606127858161926,-0.8955109048033202
UBFC_PHYS_s14_T1_ctrl,152,139,156.63333333333333,0.7002858519554138,-1.177041311856338
UBFC_PHYS_s14_T1_ctrl,152,140,156.66666666666666,0.5738584995269775,-1.3523662713646165
UBFC_PHYS_s14_T1_ctrl,152,141,156.7,0.3235384225845337,-1.3799301092874037
UBFC_PHYS_s14_T1_ctrl,152,142,156.73333333333332,-0.011611046269536018,-1.2342148520485847
UBFC_PHYS_s14_T1_ctrl,152,143,156.76666666666668,-0.3315238952636719,-0.9169920231023687
UBFC_PHYS_s14_T1_ctrl,152,144,156.8,-0.6078109741210938,-0.4636497309567959
UBFC_PHYS_s14_T1_ctrl,152,145,156.83333333333334,-0.9231894612312317,0.05949285753491022
UBFC_PHYS_s14_T1_ctrl,152,146,156.86666666666667,-1.3490545749664307,0.5686443240571787
UBFC_PHYS_s14_T1_ctrl,152,147,156.9,-1.8173907995224,0.9838375962708178
UBFC_PHYS_s14_T1_ctrl,152,148,156.93333333333334,-2.106295347213745,1.2500246551396823
UBFC_PHYS_s14_T1_ctrl,152,149,156.96666666666667,-1.9633357524871826,1.3487054344078442
UBFC_PHYS_s14_T1_ctrl,152,150,157.0,-1.3239606618881226,1.295674667786077
UBFC_PHYS_s14_T1_ctrl,152,151,157.03333333333333,-0.43175894021987915,1.127734525708195
UBFC_PHYS_s14_T1_ctrl,152,152,157.06666666666666,0.341619610786438,0.8857702977880775
UBFC_PHYS_s14_T1_ctrl,152,153,157.1,0.810040295124054,0.6016975818109067
UBFC_PHYS_s14_T1_ctrl,152,154,157.13333333333333,0.9687715768814087,0.2935612248079912
UBFC_PHYS_s14_T1_ctrl,152,155,157.16666666666666,0.917457103729248,-0.03117023322806207
UBFC_PHYS_s14_T1_ctrl,152,156,157.2,0.8172220587730408,-0.36718330817645933
UBFC_PHYS_s14_T1_ctrl,152,157,157.23333333333332,0.7758212089538574,-0.7020957522058267
UBFC_PHYS_s14_T1_ctrl,152,158,157.26666666666668,0.7787221074104309,-1.0104340712306465
UBFC_PHYS_s14_T1_ctrl,152,159,157.3,0.7763282060623169,-1.253496524892687
UBFC_PHYS_s14_T1_ctrl,152,160,157.33333333333334,0.7456578016281128,-1.3859599933711515
UBFC_PHYS_s14_T1_ctrl,152,161,157.36666666666667,0.6372270584106445,-1.367954493700658
UBFC_PHYS_s14_T1_ctrl,152,162,157.4,0.4051571786403656,-1.1791557689222907
UBFC_PHYS_s14_T1_ctrl,152,163,157.43333333333334,0.10138220340013504,-0.8299426796437379
UBFC_PHYS_s14_T1_ctrl,152,164,157.46666666666667,-0.17068031430244446,-0.3646875169820422
UBFC_PHYS_s14_T1_ctrl,152,165,157.5,-0.3958218991756439,0.14565946512350622
UBFC_PHYS_s14_T1_ctrl,152,166,157.53333333333333,-0.6825859546661377,0.6205909126932819
UBFC_PHYS_s14_T1_ctrl,152,167,157.56666666666666,-1.1105070114135742,0.9910728036216486
UBFC_PHYS_s14_T1_ctrl,152,168,157.6,-1.5538618564605713,1.2161714267874866
UBFC_PHYS_s14_T1_ctrl,152,169,157.63333333333333,-1.693526268005371,1.2883355406372936
UBFC_PHYS_s14_T1_ctrl,152,170,157.66666666666666,-1.3174829483032227,1.226357826852173
UBFC_PHYS_s14_T1_ctrl,152,171,157.7,-0.5752817988395691,1.0613090713974649
UBFC_PHYS_s14_T1_ctrl,152,172,157.73333333333332,0.17421384155750275,0.8229830063219452
UBFC_PHYS_s14_T1_ctrl,152,173,157.76666666666668,0.671699583530426,0.5324346783597668
UBFC_PHYS_s14_T1_ctrl,152,174,157.8,0.8716345429420471,0.20232037228598884
UBFC_PHYS_s14_T1_ctrl,152,175,157.83333333333334,0.8419780731201172,-0.1568462267693241
UBFC_PHYS_s14_T1_ctrl,152,176,157.86666666666667,0.6662358045578003,-0.528397507053026
UBFC_PHYS_s14_T1_ctrl,152,177,157.9,0.46286484599113464,-0.883352305429078
UBFC_PHYS_s14_T1_ctrl,152,178,157.93333333333334,0.37344470620155334,-1.179674364212361
UBFC_PHYS_s14_T1_ctrl,152,179,157.96666666666667,0.4197178781032562,-1.3684341801246187
UBFC_PHYS_s14_T1_ctrl,152,180,158.0,0.4495151937007904,-1.4059347469019157
UBFC_PHYS_s14_T1_ctrl,152,181,158.03333333333333,0.3415914475917816,-1.2683403071700272
UBFC_PHYS_s14_T1_ctrl,152,182,158.06666666666666,0.13362978398799896,-0.963504170050153
UBFC_PHYS_s14_T1_ctrl,152,183,158.1,-0.12519574165344238,-0.5344009850729282
UBFC_PHYS_s14_T1_ctrl,152,184,158.13333333333333,-0.4192260205745697,-0.05064887904211321
UBFC_PHYS_s14_T1_ctrl,152,185,158.16666666666666,-0.7535024285316467,0.4104909717957484
UBFC_PHYS_s14_T1_ctrl,152,186,158.2,-1.1885207891464233,0.7861638180512227
UBFC_PHYS_s14_T1_ctrl,152,187,158.23333333333332,-1.7026795148849487,1.0429261981245268
UBFC_PHYS_s14_T1_ctrl,152,188,158.26666666666668,-1.9875847101211548,1.178432973117016
UBFC_PHYS_s14_T1_ctrl,152,189,158.3,-1.6969059705734253,1.2109027415390046
UBFC_PHYS_s14_T1_ctrl,152,190,158.33333333333334,-0.9175567030906677,1.1632927278184815
UBFC_PHYS_s14_T1_ctrl,152,191,158.36666666666667,-0.05256124213337898,1.050579542319583
UBFC_PHYS_s14_T1_ctrl,152,192,158.4,0.5934886336326599,0.8756008357786755
UBFC_PHYS_s14_T1_ctrl,152,193,158.43333333333334,0.9413681626319885,0.6338734659374066
UBFC_PHYS_s14_T1_ctrl,152,194,158.46666666666667,0.9927108287811279,0.32361817711714613
UBFC_PHYS_s14_T1_ctrl,152,195,158.5,0.8009997010231018,-0.044317666594681074
UBFC_PHYS_s14_T1_ctrl,152,196,158.53333333333333,0.526430606842041,-0.4407912355056905
UBFC_PHYS_s14_T1_ctrl,152,197,158.56666666666666,0.32646745443344116,-0.8188989010742835
UBFC_PHYS_s14_T1_ctrl,152,198,158.6,0.21986740827560425,-1.1209750431160426
UBFC_PHYS_s14_T1_ctrl,152,199,158.63333333333333,0.16784882545471191,-1.290996527501173
UBFC_PHYS_s14_T1_ctrl,152,200,158.66666666666666,0.13534776866436005,-1.2896997411561237
UBFC_PHYS_s14_T1_ctrl,152,201,158.7,0.04708235710859299,-1.1079493830040912
UBFC_PHYS_s14_T1_ctrl,152,202,158.73333333333332,-0.16608960926532745,-0.7730087833229878
UBFC_PHYS_s14_T1_ctrl,152,203,158.76666666666668,-0.4849604070186615,-0.343711179500284
UBFC_PHYS_s14_T1_ctrl,152,204,158.8,-0.8724382519721985,0.10540444567445709
UBFC_PHYS_s14_T1_ctrl,152,205,158.83333333333334,-1.3569122552871704,0.5055826503251998
UBFC_PHYS_s14_T1_ctrl,152,206,158.86666666666667,-1.8764221668243408,0.8118089309605111
UBFC_PHYS_s14_T1_ctrl,152,207,158.9,-2.1226584911346436,1.0091694236443345
UBFC_PHYS_s14_T1_ctrl,152,208,158.93333333333334,-1.795535683631897,1.1059506497650884
UBFC_PHYS_s14_T1_ctrl,152,209,158.96666666666667,-0.9934582114219666,1.1190473606823719
UBFC_PHYS_s14_T1_ctrl,152,210,159.0,-0.10981829464435577,1.0603014116632083
UBFC_PHYS_s14_T1_ctrl,152,211,159.03333333333333,0.5573826432228088,0.9303781311877286
UBFC_PHYS_s14_T1_ctrl,152,212,159.06666666666666,0.9483528137207031,0.7218632111484374
UBFC_PHYS_s14_T1_ctrl,152,213,159.1,1.0836236476898193,0.42855091746514656
UBFC_PHYS_s14_T1_ctrl,152,214,159.13333333333333,1.0034130811691284,0.055725352471991875
UBFC_PHYS_s14_T1_ctrl,152,215,159.16666666666666,0.8159264922142029,-0.3731804143356937
UBFC_PHYS_s14_T1_ctrl,152,216,159.2,0.661335289478302,-0.8160110631281404
UBFC_PHYS_s14_T1_ctrl,152,217,159.23333333333332,0.5804488062858582,-1.2175609150217268
UBFC_PHYS_s14_T1_ctrl,152,218,159.26666666666668,0.5013648271560669,-1.5200612179358572
UBFC_PHYS_s14_T1_ctrl,152,219,159.3,0.3711071312427521,-1.676038333890262
UBFC_PHYS_s14_T1_ctrl,152,220,159.33333333333334,0.17308729887008667,-1.6602756576417996
UBFC_PHYS_s14_T1_ctrl,152,221,159.36666666666667,-0.10491778701543808,-1.4771861996324087
UBFC_PHYS_s14_T1_ctrl,152,222,159.4,-0.4356173872947693,-1.1605061656235482
UBFC_PHYS_s14_T1_ctrl,152,223,159.43333333333334,-0.8019441962242126,-0.7644687970099094
UBFC_PHYS_s14_T1_ctrl,152,224,159.46666666666667,-1.239609956741333,-0.34914694461641654
UBFC_PHYS_s14_T1_ctrl,152,225,159.5,-1.669108271598816,0.03451382203654305
UBFC_PHYS_s14_T1_ctrl,152,226,159.53333333333333,-1.747065782546997,0.35428307450601865
UBFC_PHYS_s14_T1_ctrl,152,227,159.56666666666666,-1.2550718784332275,0.5979323874131436
UBFC_PHYS_s14_T1_ctrl,152,228,159.6,-0.422943651676178,0.7675422816626841
UBFC_PHYS_s14_T1_ctrl,152,229,159.63333333333333,0.34077468514442444,0.8712538874187865
UBFC_PHYS_s14_T1_ctrl,152,230,159.66666666666666,0.8664805889129639,0.9170214988359797
UBFC_PHYS_s14_T1_ctrl,152,231,159.7,1.1605108976364136,0.910682048064012
UBFC_PHYS_s14_T1_ctrl,152,232,159.73333333333332,1.2143601179122925,0.8578613804283396
UBFC_PHYS_s14_T1_ctrl,152,233,159.76666666666668,1.081933856010437,0.7673195223992173
UBFC_PHYS_s14_T1_ctrl,152,234,159.8,0.9178513884544373,0.6529675995754383
UBFC_PHYS_s14_T1_ctrl,152,235,159.83333333333334,0.8155040740966797,0.532802737227571
UBFC_PHYS_s14_T1_ctrl,152,236,159.86666666666667,0.7483052015304565,0.4247272995840995
UBFC_PHYS_s14_T1_ctrl,152,237,159.9,0.638184666633606,0.3408962175330131
UBFC_PHYS_s14_T1_ctrl,152,238,159.93333333333334,0.44345998764038086,0.2832162444861182
UBFC_PHYS_s14_T1_ctrl,152,239,159.96666666666667,0.1864369511604309,0.24246471786998813
UBFC_PHYS_s14_T1_ctrl,153,0,153.0,-1.3336771726608276,-0.09718740486150602
UBFC_PHYS_s14_T1_ctrl,153,1,153.03333333333333,-0.4858897924423218,0.014727536587525744
UBFC_PHYS_s14_T1_ctrl,153,2,153.06666666666666,0.3874703049659729,0.09191033657287892
UBFC_PHYS_s14_T1_ctrl,153,3,153.1,0.9371999502182007,0.1047975994318869
UBFC_PHYS_s14_T1_ctrl,153,4,153.13333333333333,1.1008598804473877,0.03811453398188465
UBFC_PHYS_s14_T1_ctrl,153,5,153.16666666666666,1.0140589475631714,-0.10532414123472413
UBFC_PHYS_s14_T1_ctrl,153,6,153.2,0.8421470522880554,-0.3043782384683884
UBFC_PHYS_s14_T1_ctrl,153,7,153.23333333333332,0.6983707547187805,-0.5228114365135589
UBFC_PHYS_s14_T1_ctrl,153,8,153.26666666666668,0.6407475471496582,-0.7150269112502162
UBFC_PHYS_s14_T1_ctrl,153,9,153.3,0.6409728527069092,-0.8333789055085017
UBFC_PHYS_s14_T1_ctrl,153,10,153.33333333333334,0.6073734164237976,-0.8368828680317589
UBFC_PHYS_s14_T1_ctrl,153,11,153.36666666666667,0.4908596873283386,-0.7012210440984834
UBFC_PHYS_s14_T1_ctrl,153,12,153.4,0.29717710614204407,-0.4283422867715099
UBFC_PHYS_s14_T1_ctrl,153,13,153.43333333333334,0.02677624300122261,-0.05159851998299414
UBFC_PHYS_s14_T1_ctrl,153,14,153.46666666666667,-0.31347090005874634,0.3684465015577619
UBFC_PHYS_s14_T1_ctrl,153,15,153.5,-0.6818255186080933,0.7591412108439056
UBFC_PHYS_s14_T1_ctrl,153,16,153.53333333333333,-1.0697540044784546,1.0566427331184247
UBFC_PHYS_s14_T1_ctrl,153,17,153.56666666666666,-1.4967738389968872,1.2228856041725007
UBFC_PHYS_s14_T1_ctrl,153,18,153.6,-1.806153416633606,1.2512309552754222
UBFC_PHYS_s14_T1_ctrl,153,19,153.63333333333333,-1.6892735958099365,1.1601286680958005
UBFC_PHYS_s14_T1_ctrl,153,20,153.66666666666666,-1.0656983852386475,0.9799422168963315
UBFC_PHYS_s14_T1_ctrl,153,21,153.7,-0.2161085605621338,0.7399904004729957
UBFC_PHYS_s14_T1_ctrl,153,22,153.73333333333332,0.521276593208313,0.4607854852143418
UBFC_PHYS_s14_T1_ctrl,153,23,153.76666666666668,0.9649694561958313,0.15275634660392604
UBFC_PHYS_s14_T1_ctrl,153,24,153.8,1.0719637870788574,-0.1799224146519135
UBFC_PHYS_s14_T1_ctrl,153,25,153.83333333333334,0.9375942349433899,-0.5326113889515488
UBFC_PHYS_s14_T1_ctrl,153,26,153.86666666666667,0.7673439383506775,-0.8925605555290131
UBFC_PHYS_s14_T1_ctrl,153,27,153.9,0.7382225394248962,-1.2323360525302345
UBFC_PHYS_s14_T1_ctrl,153,28,153.93333333333334,0.859749436378479,-1.5072058368163943
UBFC_PHYS_s14_T1_ctrl,153,29,153.96666666666667,1.0009909868240356,-1.6598126486643239
UBFC_PHYS_s14_T1_ctrl,153,30,154.0,1.0215224027633667,-1.6338032445982658
UBFC_PHYS_s14_T1_ctrl,153,31,154.03333333333333,0.867325484752655,-1.3940517503101817
UBFC_PHYS_s14_T1_ctrl,153,32,154.06666666666666,0.6017406582832336,-0.9462644505351533
UBFC_PHYS_s14_T1_ctrl,153,33,154.1,0.3050347864627838,-0.34617755930770344
UBFC_PHYS_s14_T1_ctrl,153,34,154.13333333333333,-0.022594936192035675,0.30902406778027053
UBFC_PHYS_s14_T1_ctrl,153,35,154.16666666666666,-0.4611619710922241,0.9066786981129589
UBFC_PHYS_s14_T1_ctrl,153,36,154.2,-1.0145529508590698,1.351848664835483
UBFC_PHYS_s14_T1_ctrl,153,37,154.23333333333332,-1.477988600730896,1.5927699142506855
UBFC_PHYS_s14_T1_ctrl,153,38,154.26666666666668,-1.5169672966003418,1.628028391575961
UBFC_PHYS_s14_T1_ctrl,153,39,154.3,-0.996387243270874,1.4949276458209342
UBFC_PHYS_s14_T1_ctrl,153,40,154.33333333333334,-0.1585417091846466,1.2471440077808325
UBFC_PHYS_s14_T1_ctrl,153,41,154.36666666666667,0.6234549880027771,0.9330147698027202
UBFC_PHYS_s14_T1_ctrl,153,42,154.4,1.1174201965332031,0.5831927578396884
UBFC_PHYS_s14_T1_ctrl,153,43,154.43333333333334,1.2824602127075195,0.2104064874380197
UBFC_PHYS_s14_T1_ctrl,153,44,154.46666666666667,1.2014046907424927,-0.18170266088599563
UBFC_PHYS_s14_T1_ctrl,153,45,154.5,1.024057149887085,-0.5865339174541077
UBFC_PHYS_s14_T1_ctrl,153,46,154.53333333333333,0.8957991003990173,-0.9845119218421553
UBFC_PHYS_s14_T1_ctrl,153,47,154.56666666666666,0.8514974117279053,-1.3383027012378614
UBFC_PHYS_s14_T1_ctrl,153,48,154.6,0.8016756176948547,-1.5950755838788477
UBFC_PHYS_s14_T1_ctrl,153,49,154.63333333333333,0.6414234638214111,-1.696571120464962
UBFC_PHYS_s14_T1_ctrl,153,50,154.66666666666666,0.37910565733909607,-1.5957607958024003
UBFC_PHYS_s14_T1_ctrl,153,51,154.7,0.07251428812742233,-1.2757497545430894
UBFC_PHYS_s14_T1_ctrl,153,52,154.73333333333332,-0.27021124958992004,-0.7635719221691071
UBFC_PHYS_s14_T1_ctrl,153,53,154.76666666666668,-0.6420300006866455,-0.13130750537469277
UBFC_PHYS_s14_T1_ctrl,153,54,154.8,-1.054601788520813,0.5187940445401713
UBFC_PHYS_s14_T1_ctrl,153,55,154.83333333333334,-1.5641980171203613,1.081176310285127
UBFC_PHYS_s14_T1_ctrl,153,56,154.86666666666667,-2.0152416229248047,1.4752433132648715
UBFC_PHYS_s14_T1_ctrl,153,57,154.9,-2.0101158618927,1.6632766013192037
UBFC_PHYS_s14_T1_ctrl,153,58,154.93333333333334,-1.4016083478927612,1.6520426693880916
UBFC_PHYS_s14_T1_ctrl,153,59,154.96666666666667,-0.5137720108032227,1.4805513870355211
UBFC_PHYS_s14_T1_ctrl,153,60,155.0,0.2695483863353729,1.2017742125300799
UBFC_PHYS_s14_T1_ctrl,153,61,155.03333333333333,0.7822989225387573,0.8663522567742727
UBFC_PHYS_s14_T1_ctrl,153,62,155.06666666666666,0.9829943180084229,0.5127453614362274
UBFC_PHYS_s14_T1_ctrl,153,63,155.1,0.9197102189064026,0.1641143915304893
UBFC_PHYS_s14_T1_ctrl,153,64,155.13333333333333,0.7829467058181763,-0.16985147698333286
UBFC_PHYS_s14_T1_ctrl,153,65,155.16666666666666,0.7062284350395203,-0.4879301027000097
UBFC_PHYS_s14_T1_ctrl,153,66,155.2,0.6454508900642395,-0.7903434074002005
UBFC_PHYS_s14_T1_ctrl,153,67,155.23333333333332,0.5612128973007202,-1.0710352224527107
UBFC_PHYS_s14_T1_ctrl,153,68,155.26666666666668,0.4802137613296509,-1.3116977496591835
UBFC_PHYS_s14_T1_ctrl,153,69,155.3,0.35175856947898865,-1.4806740114901376
UBFC_PHYS_s14_T1_ctrl,153,70,155.33333333333334,0.12056177109479904,-1.5386910752483287
UBFC_PHYS_s14_T1_ctrl,153,71,155.36666666666667,-0.15420447289943695,-1.45064818362692
UBFC_PHYS_s14_T1_ctrl,153,72,155.4,-0.41846561431884766,-1.1997539906173247
UBFC_PHYS_s14_T1_ctrl,153,73,155.43333333333334,-0.7293378710746765,-0.798573359148723
UBFC_PHYS_s14_T1_ctrl,153,74,155.46666666666667,-1.1757344007492065,-0.2919655371130771
UBFC_PHYS_s14_T1_ctrl,153,75,155.5,-1.7029048204421997,0.25038932322469937
UBFC_PHYS_s14_T1_ctrl,153,76,155.53333333333333,-1.970855474472046,0.7500717254034863
UBFC_PHYS_s14_T1_ctrl,153,77,155.56666666666666,-1.6749663352966309,1.1391831452244618
UBFC_PHYS_s14_T1_ctrl,153,78,155.6,-0.9298924207687378,1.3760058282551204
UBFC_PHYS_s14_T1_ctrl,153,79,155.63333333333333,-0.11536656320095062,1.451860379702769
UBFC_PHYS_s14_T1_ctrl,153,80,155.66666666666666,0.5290780067443848,1.3877049546093652
UBFC_PHYS_s14_T1_ctrl,153,81,155.7,0.944719672203064,1.2229068989823952
UBFC_PHYS_s14_T1_ctrl,153,82,155.73333333333332,1.1269114017486572,1.0008298121390977
UBFC_PHYS_s14_T1_ctrl,153,83,155.76666666666668,1.1366561651229858,0.7561522800583418
UBFC_PHYS_s14_T1_ctrl,153,84,155.8,1.082187294960022,0.5077007221686322
UBFC_PHYS_s14_T1_ctrl,153,85,155.83333333333334,1.0158896446228027,0.25840868998085564
UBFC_PHYS_s14_T1_ctrl,153,86,155.86666666666667,0.9504369497299194,0.0013675082790199286
UBFC_PHYS_s14_T1_ctrl,153,87,155.9,0.8930953741073608,-0.27106909021567194
UBFC_PHYS_s14_T1_ctrl,153,88,155.93333333333334,0.8097586631774902,-0.5586617883586734
UBFC_PHYS_s14_T1_ctrl,153,89,155.96666666666667,0.6467745900154114,-0.8478360985898699
UBFC_PHYS_s14_T1_ctrl,153,90,156.0,0.39163854718208313,-1.1107068654734182
UBFC_PHYS_s14_T1_ctrl,153,91,156.03333333333333,0.06341737508773804,-1.3087906167260417
UBFC_PHYS_s14_T1_ctrl,153,92,156.06666666666666,-0.30037471652030945,-1.4010724022344079
UBFC_PHYS_s14_T1_ctrl,153,93,156.1,-0.6645047664642334,-1.3553269620683777
UBFC_PHYS_s14_T1_ctrl,153,94,156.13333333333333,-1.045026183128357,-1.1600307388839894
UBFC_PHYS_s14_T1_ctrl,153,95,156.16666666666666,-1.5028009414672852,-0.8325469042346142
UBFC_PHYS_s14_T1_ctrl,153,96,156.2,-1.9335665702819824,-0.41900809262759575
UBFC_PHYS_s14_T1_ctrl,153,97,156.23333333333332,-1.9896970987319946,0.016188135742124445
UBFC_PHYS_s14_T1_ctrl,153,98,156.26666666666668,-1.4326448440551758,0.40844088673630197
UBFC_PHYS_s14_T1_ctrl,153,99,156.3,-0.5259387493133545,0.7113450241722759
UBFC_PHYS_s14_T1_ctrl,153,100,156.33333333333334,0.2789832651615143,0.9074373855894721
UBFC_PHYS_s14_T1_ctrl,153,101,156.36666666666667,0.8126031756401062,1.0067521647465076
UBFC_PHYS_s14_T1_ctrl,153,102,156.4,1.1205464601516724,1.0345641732981548
UBFC_PHYS_s14_T1_ctrl,153,103,156.43333333333334,1.2184157371520996,1.014860595939738
UBFC_PHYS_s14_T1_ctrl,153,104,156.46666666666667,1.1215322017669678,0.9576949547377077
UBFC_PHYS_s14_T1_ctrl,153,105,156.5,0.9547741413116455,0.8560155889312289
UBFC_PHYS_s14_T1_ctrl,153,106,156.53333333333333,0.8515819311141968,0.6924142293579622
UBFC_PHYS_s14_T1_ctrl,153,107,156.56666666666666,0.8048018217086792,0.4516529069489763
UBFC_PHYS_s14_T1_ctrl,153,108,156.6,0.7606127858161926,0.13322331364536938
UBFC_PHYS_s14_T1_ctrl,153,109,156.63333333333333,0.7002858519554138,-0.24067471991714026
UBFC_PHYS_s14_T1_ctrl,153,110,156.66666666666666,0.5738584995269775,-0.6241486708810949
UBFC_PHYS_s14_T1_ctrl,153,111,156.7,0.3235384225845337,-0.9541659200203874
UBFC_PHYS_s14_T1_ctrl,153,112,156.73333333333332,-0.011611046269536018,-1.1639683529756493
UBFC_PHYS_s14_T1_ctrl,153,113,156.76666666666668,-0.3315238952636719,-1.2010924018946403
UBFC_PHYS_s14_T1_ctrl,153,114,156.8,-0.6078109741210938,-1.0452236624748708
UBFC_PHYS_s14_T1_ctrl,153,115,156.83333333333334,-0.9231894612312317,-0.7191197209299305
UBFC_PHYS_s14_T1_ctrl,153,116,156.86666666666667,-1.3490545749664307,-0.28650849278344476
UBFC_PHYS_s14_T1_ctrl,153,117,156.9,-1.8173907995224,0.16470997272800236
UBFC_PHYS_s14_T1_ctrl,153,118,156.93333333333334,-2.106295347213745,0.5487131875308675
UBFC_PHYS_s14_T1_ctrl,153,119,156.96666666666667,-1.9633357524871826,0.8068137341180496
UBFC_PHYS_s14_T1_ctrl,153,120,157.0,-1.3239606618881226,0.9206028816903802
UBFC_PHYS_s14_T1_ctrl,153,121,157.03333333333333,-0.43175894021987915,0.9082435672873516
UBFC_PHYS_s14_T1_ctrl,153,122,157.06666666666666,0.341619610786438,0.807671202666108
UBFC_PHYS_s14_T1_ctrl,153,123,157.1,0.810040295124054,0.6565798392313613
UBFC_PHYS_s14_T1_ctrl,153,124,157.13333333333333,0.9687715768814087,0.47878612011363214
UBFC_PHYS_s14_T1_ctrl,153,125,157.16666666666666,0.917457103729248,0.28129894155198804
UBFC_PHYS_s14_T1_ctrl,153,126,157.2,0.8172220587730408,0.06036262060708994
UBFC_PHYS_s14_T1_ctrl,153,127,157.23333333333332,0.7758212089538574,-0.18856991342216692
UBFC_PHYS_s14_T1_ctrl,153,128,157.26666666666668,0.7787221074104309,-0.4614842560158462
UBFC_PHYS_s14_T1_ctrl,153,129,157.3,0.7763282060623169,-0.7395780952192065
UBFC_PHYS_s14_T1_ctrl,153,130,157.33333333333334,0.7456578016281128,-0.9876330589362756
UBFC_PHYS_s14_T1_ctrl,153,131,157.36666666666667,0.6372270584106445,-1.1583179225096738
UBFC_PHYS_s14_T1_ctrl,153,132,157.4,0.4051571786403656,-1.2030001252019136
UBFC_PHYS_s14_T1_ctrl,153,133,157.43333333333334,0.10138220340013504,-1.0872910658080386
UBFC_PHYS_s14_T1_ctrl,153,134,157.46666666666667,-0.17068031430244446,-0.8061887946668137
UBFC_PHYS_s14_T1_ctrl,153,135,157.5,-0.3958218991756439,-0.3918225117789603
UBFC_PHYS_s14_T1_ctrl,153,136,157.53333333333333,-0.6825859546661377,0.09129033413653223
UBFC_PHYS_s14_T1_ctrl,153,137,157.56666666666666,-1.1105070114135742,0.563104496996036
UBFC_PHYS_s14_T1_ctrl,153,138,157.6,-1.5538618564605713,0.9503145674663754
UBFC_PHYS_s14_T1_ctrl,153,139,157.63333333333333,-1.693526268005371,1.204295579320716
UBFC_PHYS_s14_T1_ctrl,153,140,157.66666666666666,-1.3174829483032227,1.3077044872114976
UBFC_PHYS_s14_T1_ctrl,153,141,157.7,-0.5752817988395691,1.2691263178644074
UBFC_PHYS_s14_T1_ctrl,153,142,157.73333333333332,0.17421384155750275,1.111027555313982
UBFC_PHYS_s14_T1_ctrl,153,143,157.76666666666668,0.671699583530426,0.8584239306250452
UBFC_PHYS_s14_T1_ctrl,153,144,157.8,0.8716345429420471,0.5333687267192414
UBFC_PHYS_s14_T1_ctrl,153,145,157.83333333333334,0.8419780731201172,0.15602580195102222
UBFC_PHYS_s14_T1_ctrl,153,146,157.86666666666667,0.6662358045578003,-0.2502539742396736
UBFC_PHYS_s14_T1_ctrl,153,147,157.9,0.46286484599113464,-0.6536986749176787
UBFC_PHYS_s14_T1_ctrl,153,148,157.93333333333334,0.37344470620155334,-1.0121199192839005
UBFC_PHYS_s14_T1_ctrl,153,149,157.96666666666667,0.4197178781032562,-1.2761619798834116
UBFC_PHYS_s14_T1_ctrl,153,150,158.0,0.4495151937007904,-1.3980774368011597
UBFC_PHYS_s14_T1_ctrl,153,151,158.03333333333333,0.3415914475917816,-1.3443232023720726
UBFC_PHYS_s14_T1_ctrl,153,152,158.06666666666666,0.13362978398799896,-1.1081627548038846
UBFC_PHYS_s14_T1_ctrl,153,153,158.1,-0.12519574165344238,-0.7170537863491135
UBFC_PHYS_s14_T1_ctrl,153,154,158.13333333333333,-0.4192260205745697,-0.230136908199355
UBFC_PHYS_s14_T1_ctrl,153,155,158.16666666666666,-0.7535024285316467,0.27528742325595396
UBFC_PHYS_s14_T1_ctrl,153,156,158.2,-1.1885207891464233,0.7236965903034079
UBFC_PHYS_s14_T1_ctrl,153,157,158.23333333333332,-1.7026795148849487,1.0592564287519501
UBFC_PHYS_s14_T1_ctrl,153,158,158.26666666666668,-1.9875847101211548,1.2545243249605698
UBFC_PHYS_s14_T1_ctrl,153,159,158.3,-1.6969059705734253,1.3079263235289167
UBFC_PHYS_s14_T1_ctrl,153,160,158.33333333333334,-0.9175567030906677,1.2335391127631277
UBFC_PHYS_s14_T1_ctrl,153,161,158.36666666666667,-0.05256124213337898,1.0497460177740094
UBFC_PHYS_s14_T1_ctrl,153,162,158.4,0.5934886336326599,0.7726556277979016
UBFC_PHYS_s14_T1_ctrl,153,163,158.43333333333334,0.9413681626319885,0.4167084120592676
UBFC_PHYS_s14_T1_ctrl,153,164,158.46666666666667,0.9927108287811279,0.0007861581427389735
UBFC_PHYS_s14_T1_ctrl,153,165,158.5,0.8009997010231018,-0.44454993129352793
UBFC_PHYS_s14_T1_ctrl,153,166,158.53333333333333,0.526430606842041,-0.8733145320176589
UBFC_PHYS_s14_T1_ctrl,153,167,158.56666666666666,0.32646745443344116,-1.2268849757539224
UBFC_PHYS_s14_T1_ctrl,153,168,158.6,0.21986740827560425,-1.4440423337111858
UBFC_PHYS_s14_T1_ctrl,153,169,158.63333333333333,0.16784882545471191,-1.4763455239655712
UBFC_PHYS_s14_T1_ctrl,153,170,158.66666666666666,0.13534776866436005,-1.3042621912359167
UBFC_PHYS_s14_T1_ctrl,153,171,158.7,0.04708235710859299,-0.9477412814796196
UBFC_PHYS_s14_T1_ctrl,153,172,158.73333333333332,-0.16608960926532745,-0.4654038734086402
UBFC_PHYS_s14_T1_ctrl,153,173,158.76666666666668,-0.4849604070186615,0.05959207771774408
UBFC_PHYS_s14_T1_ctrl,153,174,158.8,-0.8724382519721985,0.5425179723774889
UBFC_PHYS_s14_T1_ctrl,153,175,158.83333333333334,-1.3569122552871704,0.9193389178613055
UBFC_PHYS_s14_T1_ctrl,153,176,158.86666666666667,-1.8764221668243408,1.1588385231799812
UBFC_PHYS_s14_T1_ctrl,153,177,158.9,-2.1226584911346436,1.260484326203723
UBFC_PHYS_s14_T1_ctrl,153,178,158.93333333333334,-1.795535683631897,1.2414273432121898
UBFC_PHYS_s14_T1_ctrl,153,179,158.96666666666667,-0.9934582114219666,1.121186580897911
UBFC_PHYS_s14_T1_ctrl,153,180,159.0,-0.10981829464435577,0.9123279219054302
UBFC_PHYS_s14_T1_ctrl,153,181,159.03333333333333,0.5573826432228088,0.6207621057899163
UBFC_PHYS_s14_T1_ctrl,153,182,159.06666666666666,0.9483528137207031,0.25353047902134934
UBFC_PHYS_s14_T1_ctrl,153,183,159.1,1.0836236476898193,-0.17145891752132103
UBFC_PHYS_s14_T1_ctrl,153,184,159.13333333333333,1.0034130811691284,-0.6188990971015349
UBFC_PHYS_s14_T1_ctrl,153,185,159.16666666666666,0.8159264922142029,-1.0355116049459687
UBFC_PHYS_s14_T1_ctrl,153,186,159.2,0.661335289478302,-1.3561804534328112
UBFC_PHYS_s14_T1_ctrl,153,187,159.23333333333332,0.5804488062858582,-1.5162660061169342
UBFC_PHYS_s14_T1_ctrl,153,188,159.26666666666668,0.5013648271560669,-1.4682131697773737
UBFC_PHYS_s14_T1_ctrl,153,189,159.3,0.3711071312427521,-1.1985670516646338
UBFC_PHYS_s14_T1_ctrl,153,190,159.33333333333334,0.17308729887008667,-0.7393472860023645
UBFC_PHYS_s14_T1_ctrl,153,191,159.36666666666667,-0.10491778701543808,-0.16720499327464186
UBFC_PHYS_s14_T1_ctrl,153,192,159.4,-0.4356173872947693,0.4132318635362522
UBFC_PHYS_s14_T1_ctrl,153,193,159.43333333333334,-0.8019441962242126,0.8984498637089823
UBFC_PHYS_s14_T1_ctrl,153,194,159.46666666666667,-1.239609956741333,1.2160935270464608
UBFC_PHYS_s14_T1_ctrl,153,195,159.5,-1.669108271598816,1.3419882731560362
UBFC_PHYS_s14_T1_ctrl,153,196,159.53333333333333,-1.747065782546997,1.2970654099509404
UBFC_PHYS_s14_T1_ctrl,153,197,159.56666666666666,-1.2550718784332275,1.1281846762319716
UBFC_PHYS_s14_T1_ctrl,153,198,159.6,-0.422943651676178,0.8842210142414493
UBFC_PHYS_s14_T1_ctrl,153,199,159.63333333333333,0.34077468514442444,0.5991384368332052
UBFC_PHYS_s14_T1_ctrl,153,200,159.66666666666666,0.8664805889129639,0.2882675575454553
UBFC_PHYS_s14_T1_ctrl,153,201,159.7,1.1605108976364136,-0.04344133976830309
UBFC_PHYS_s14_T1_ctrl,153,202,159.73333333333332,1.2143601179122925,-0.38769863264815013
UBFC_PHYS_s14_T1_ctrl,153,203,159.76666666666668,1.081933856010437,-0.7214924225669522
UBFC_PHYS_s14_T1_ctrl,153,204,159.8,0.9178513884544373,-1.003623982458128
UBFC_PHYS_s14_T1_ctrl,153,205,159.83333333333334,0.8155040740966797,-1.181005836742364
UBFC_PHYS_s14_T1_ctrl,153,206,159.86666666666667,0.7483052015304565,-1.2032047151686214
UBFC_PHYS_s14_T1_ctrl,153,207,159.9,0.638184666633606,-1.0411065456697797
UBFC_PHYS_s14_T1_ctrl,153,208,159.93333333333334,0.44345998764038086,-0.7035234179412775
UBFC_PHYS_s14_T1_ctrl,153,209,159.96666666666667,0.1864369511604309,-0.2443989809474984
UBFC_PHYS_s14_T1_ctrl,153,210,160.0,-0.12206955254077911,0.24560786952455543
UBFC_PHYS_s14_T1_ctrl,153,211,160.03333333333333,-0.5052383542060852,0.6637157321178265
UBFC_PHYS_s14_T1_ctrl,153,212,160.06666666666666,-0.9612388014793396,0.9270876002892028
UBFC_PHYS_s14_T1_ctrl,153,213,160.1,-1.46244215965271,0.9978409012569458
UBFC_PHYS_s14_T1_ctrl,153,214,160.13333333333333,-1.8443999290466309,0.8897741081762
UBFC_PHYS_s14_T1_ctrl,153,215,160.16666666666666,-1.7876780033111572,0.6553276294549746
UBFC_PHYS_s14_T1_ctrl,153,216,160.2,-1.1643562316894531,0.3608068090662375
UBFC_PHYS_s14_T1_ctrl,153,217,160.23333333333332,-0.2481871396303177,0.06232674220486584
UBFC_PHYS_s14_T1_ctrl,153,218,160.26666666666668,0.577266275882721,-0.2072731667759683
UBFC_PHYS_s14_T1_ctrl,153,219,160.3,1.0951144695281982,-0.4371684752097714
UBFC_PHYS_s14_T1_ctrl,153,220,160.33333333333334,1.2426084280014038,-0.6270977237703522
UBFC_PHYS_s14_T1_ctrl,153,221,160.36666666666667,1.0756250619888306,-0.7741222709250912
UBFC_PHYS_s14_T1_ctrl,153,222,160.4,0.8004927635192871,-0.865145921841884
UBFC_PHYS_s14_T1_ctrl,153,223,160.43333333333334,0.6564629673957825,-0.878383197212864
UBFC_PHYS_s14_T1_ctrl,153,224,160.46666666666667,0.6893019676208496,-0.7922104582215759
UBFC_PHYS_s14_T1_ctrl,153,225,160.5,0.7300268411636353,-0.5969867863347806
UBFC_PHYS_s14_T1_ctrl,153,226,160.53333333333333,0.6255672574043274,-0.30505898630873285
UBFC_PHYS_s14_T1_ctrl,153,227,160.56666666666666,0.41400063037872314,0.04511402762215721
UBFC_PHYS_s14_T1_ctrl,153,228,160.6,0.17719921469688416,0.3938962546422025
UBFC_PHYS_s14_T1_ctrl,153,229,160.63333333333333,-0.08649864792823792,0.6750454684433713
UBFC_PHYS_s14_T1_ctrl,153,230,160.66666666666666,-0.41905704140663147,0.8355686847798005
UBFC_PHYS_s14_T1_ctrl,153,231,160.7,-0.8273198008537292,0.8527046013324182
UBFC_PHYS_s14_T1_ctrl,153,232,160.73333333333332,-1.2552690505981445,0.7406882643003366
UBFC_PHYS_s14_T1_ctrl,153,233,160.76666666666668,-1.5057299137115479,0.5447657868017697
UBFC_PHYS_s14_T1_ctrl,153,234,160.8,-1.3035136461257935,0.32562515971293016
UBFC_PHYS_s14_T1_ctrl,153,235,160.83333333333334,-0.6362001299858093,0.14088282443037836
UBFC_PHYS_s14_T1_ctrl,153,236,160.86666666666667,0.17900170385837555,0.030036309927177807
UBFC_PHYS_s14_T1_ctrl,153,237,160.9,0.820432722568512,0.006521534403831655
UBFC_PHYS_s14_T1_ctrl,153,238,160.93333333333334,1.1597223281860352,0.05740512980075188
UBFC_PHYS_s14_T1_ctrl,153,239,160.96666666666667,1.1661999225616455,0.14919442653067425
UBFC_PHYS_s14_T1_ctrl,154,0,154.0,1.0215224027633667,0.15619519092960787
UBFC_PHYS_s14_T1_ctrl,154,1,154.03333333333333,0.867325484752655,0.3270422799059208
UBFC_PHYS_s14_T1_ctrl,154,2,154.06666666666666,0.6017406582832336,0.5304710044149921
UBFC_PHYS_s14_T1_ctrl,154,3,154.1,0.3050347864627838,0.7833678547560438
UBFC_PHYS_s14_T1_ctrl,154,4,154.13333333333333,-0.022594936192035675,1.0713771088153317
UBFC_PHYS_s14_T1_ctrl,154,5,154.16666666666666,-0.4611619710922241,1.352969276709389
UBFC_PHYS_s14_T1_ctrl,154,6,154.2,-1.0145529508590698,1.5753557272067302
UBFC_PHYS_s14_T1_ctrl,154,7,154.23333333333332,-1.477988600730896,1.6937635250048884
UBFC_PHYS_s14_T1_ctrl,154,8,154.26666666666668,-1.5169672966003418,1.6851340367066467
UBFC_PHYS_s14_T1_ctrl,154,9,154.3,-0.996387243270874,1.5514602477311996
UBFC_PHYS_s14_T1_ctrl,154,10,154.33333333333334,-0.1585417091846466,1.3135898615548554
UBFC_PHYS_s14_T1_ctrl,154,11,154.36666666666667,0.6234549880027771,1.0002848007694072
UBFC_PHYS_s14_T1_ctrl,154,12,154.4,1.1174201965332031,0.6380667430106677
UBFC_PHYS_s14_T1_ctrl,154,13,154.43333333333334,1.2824602127075195,0.24571118566239977
UBFC_PHYS_s14_T1_ctrl,154,14,154.46666666666667,1.2014046907424927,-0.1651459039106482
UBFC_PHYS_s14_T1_ctrl,154,15,154.5,1.024057149887085,-0.5841419416984924
UBFC_PHYS_s14_T1_ctrl,154,16,154.53333333333333,0.8957991003990173,-0.993862502934183
UBFC_PHYS_s14_T1_ctrl,154,17,154.56666666666666,0.8514974117279053,-1.3630557622122792
UBFC_PHYS_s14_T1_ctrl,154,18,154.6,0.8016756176948547,-1.6454220578385883
UBFC_PHYS_s14_T1_ctrl,154,19,154.63333333333333,0.6414234638214111,-1.78660785539943
UBFC_PHYS_s14_T1_ctrl,154,20,154.66666666666666,0.37910565733909607,-1.739162449916737
UBFC_PHYS_s14_T1_ctrl,154,21,154.7,0.07251428812742233,-1.4812745282004618
UBFC_PHYS_s14_T1_ctrl,154,22,154.73333333333332,-0.27021124958992004,-1.031584530179867
UBFC_PHYS_s14_T1_ctrl,154,23,154.76666666666668,-0.6420300006866455,-0.4520594350053767
UBFC_PHYS_s14_T1_ctrl,154,24,154.8,-1.054601788520813,0.16462079300404592
UBFC_PHYS_s14_T1_ctrl,154,25,154.83333333333334,-1.5641980171203613,0.7194013121085181
UBFC_PHYS_s14_T1_ctrl,154,26,154.86666666666667,-2.0152416229248047,1.133051602412643
UBFC_PHYS_s14_T1_ctrl,154,27,154.9,-2.0101158618927,1.3635289510772923
UBFC_PHYS_s14_T1_ctrl,154,28,154.93333333333334,-1.4016083478927612,1.409149656428637
UBFC_PHYS_s14_T1_ctrl,154,29,154.96666666666667,-0.5137720108032227,1.2994354027497317
UBFC_PHYS_s14_T1_ctrl,154,30,155.0,0.2695483863353729,1.079684815104102
UBFC_PHYS_s14_T1_ctrl,154,31,155.03333333333333,0.7822989225387573,0.7955776281160761
UBFC_PHYS_s14_T1_ctrl,154,32,155.06666666666666,0.9829943180084229,0.4821294591718359
UBFC_PHYS_s14_T1_ctrl,154,33,155.1,0.9197102189064026,0.15891320389880356
UBFC_PHYS_s14_T1_ctrl,154,34,155.13333333333333,0.7829467058181763,-0.16827479909221518
UBFC_PHYS_s14_T1_ctrl,154,35,155.16666666666666,0.7062284350395203,-0.5003282646992051
UBFC_PHYS_s14_T1_ctrl,154,36,155.2,0.6454508900642395,-0.8345705187956783
UBFC_PHYS_s14_T1_ctrl,154,37,155.23333333333332,0.5612128973007202,-1.1548360949443075
UBFC_PHYS_s14_T1_ctrl,154,38,155.26666666666668,0.4802137613296509,-1.4261538652033878
UBFC_PHYS_s14_T1_ctrl,154,39,155.3,0.35175856947898865,-1.5975823997798007
UBFC_PHYS_s14_T1_ctrl,154,40,155.33333333333334,0.12056177109479904,-1.6141391930196207
UBFC_PHYS_s14_T1_ctrl,154,41,155.36666666666667,-0.15420447289943695,-1.435033165460887
UBFC_PHYS_s14_T1_ctrl,154,42,155.4,-0.41846561431884766,-1.0520706169399046
UBFC_PHYS_s14_T1_ctrl,154,43,155.43333333333334,-0.7293378710746765,-0.5006546814653546
UBFC_PHYS_s14_T1_ctrl,154,44,155.46666666666667,-1.1757344007492065,0.14264233723690276
UBFC_PHYS_s14_T1_ctrl,154,45,155.5,-1.7029048204421997,0.7770225802498079
UBFC_PHYS_s14_T1_ctrl,154,46,155.53333333333333,-1.970855474472046,1.3033233729602518
UBFC_PHYS_s14_T1_ctrl,154,47,155.56666666666666,-1.6749663352966309,1.6488970259178573
UBFC_PHYS_s14_T1_ctrl,154,48,155.6,-0.9298924207687378,1.7826843144870659
UBFC_PHYS_s14_T1_ctrl,154,49,155.63333333333333,-0.11536656320095062,1.7165760117610216
UBFC_PHYS_s14_T1_ctrl,154,50,155.66666666666666,0.5290780067443848,1.494540027006186
UBFC_PHYS_s14_T1_ctrl,154,51,155.7,0.944719672203064,1.1747904617934521
UBFC_PHYS_s14_T1_ctrl,154,52,155.73333333333332,1.1269114017486572,0.8117241747375682
UBFC_PHYS_s14_T1_ctrl,154,53,155.76666666666668,1.1366561651229858,0.4434036218205599
UBFC_PHYS_s14_T1_ctrl,154,54,155.8,1.082187294960022,0.0876519537003404
UBFC_PHYS_s14_T1_ctrl,154,55,155.83333333333334,1.0158896446228027,-0.25346639392946996
UBFC_PHYS_s14_T1_ctrl,154,56,155.86666666666667,0.9504369497299194,-0.5836964167836557
UBFC_PHYS_s14_T1_ctrl,154,57,155.9,0.8930953741073608,-0.9014807080819197
UBFC_PHYS_s14_T1_ctrl,154,58,155.93333333333334,0.8097586631774902,-1.1918875474398412
UBFC_PHYS_s14_T1_ctrl,154,59,155.96666666666667,0.6467745900154114,-1.4243978260595458
UBFC_PHYS_s14_T1_ctrl,154,60,156.0,0.39163854718208313,-1.5573119208333093
UBFC_PHYS_s14_T1_ctrl,154,61,156.03333333333333,0.06341737508773804,-1.5477345914711809
UBFC_PHYS_s14_T1_ctrl,154,62,156.06666666666666,-0.30037471652030945,-1.365002508569086
UBFC_PHYS_s14_T1_ctrl,154,63,156.1,-0.6645047664642334,-1.0044466190897794
UBFC_PHYS_s14_T1_ctrl,154,64,156.13333333333333,-1.045026183128357,-0.497127169986356
UBFC_PHYS_s14_T1_ctrl,154,65,156.16666666666666,-1.5028009414672852,0.08946828657184834
UBFC_PHYS_s14_T1_ctrl,154,66,156.2,-1.9335665702819824,0.6632588530259268
UBFC_PHYS_s14_T1_ctrl,154,67,156.23333333333332,-1.9896970987319946,1.1305952209291696
UBFC_PHYS_s14_T1_ctrl,154,68,156.26666666666668,-1.4326448440551758,1.4224400286476824
UBFC_PHYS_s14_T1_ctrl,154,69,156.3,-0.5259387493133545,1.512391212020443
UBFC_PHYS_s14_T1_ctrl,154,70,156.33333333333334,0.2789832651615143,1.4190116508977884
UBFC_PHYS_s14_T1_ctrl,154,71,156.36666666666667,0.8126031756401062,1.1927732046767394
UBFC_PHYS_s14_T1_ctrl,154,72,156.4,1.1205464601516724,0.8944616849380062
UBFC_PHYS_s14_T1_ctrl,154,73,156.43333333333334,1.2184157371520996,0.5743929444359832
UBFC_PHYS_s14_T1_ctrl,154,74,156.46666666666667,1.1215322017669678,0.26013864908857964
UBFC_PHYS_s14_T1_ctrl,154,75,156.5,0.9547741413116455,-0.04383279589781191
UBFC_PHYS_s14_T1_ctrl,154,76,156.53333333333333,0.8515819311141968,-0.3460436830303485
UBFC_PHYS_s14_T1_ctrl,154,77,156.56666666666666,0.8048018217086792,-0.6526695722464337
UBFC_PHYS_s14_T1_ctrl,154,78,156.6,0.7606127858161926,-0.9539332876750606
UBFC_PHYS_s14_T1_ctrl,154,79,156.63333333333333,0.7002858519554138,-1.2181976649341366
UBFC_PHYS_s14_T1_ctrl,154,80,156.66666666666666,0.5738584995269775,-1.3964020706018858
UBFC_PHYS_s14_T1_ctrl,154,81,156.7,0.3235384225845337,-1.435489981021289
UBFC_PHYS_s14_T1_ctrl,154,82,156.73333333333332,-0.011611046269536018,-1.2964717968553305
UBFC_PHYS_s14_T1_ctrl,154,83,156.76666666666668,-0.3315238952636719,-0.9712352791895658
UBFC_PHYS_s14_T1_ctrl,154,84,156.8,-0.6078109741210938,-0.49208829023223244
UBFC_PHYS_s14_T1_ctrl,154,85,156.83333333333334,-0.9231894612312317,0.07055170097263173
UBFC_PHYS_s14_T1_ctrl,154,86,156.86666666666667,-1.3490545749664307,0.6236490466672012
UBFC_PHYS_s14_T1_ctrl,154,87,156.9,-1.8173907995224,1.0764314675071025
UBFC_PHYS_s14_T1_ctrl,154,88,156.93333333333334,-2.106295347213745,1.3655391818150722
UBFC_PHYS_s14_T1_ctrl,154,89,156.96666666666667,-1.9633357524871826,1.4698496025093553
UBFC_PHYS_s14_T1_ctrl,154,90,157.0,-1.3239606618881226,1.4091405727565842
UBFC_PHYS_s14_T1_ctrl,154,91,157.03333333333333,-0.43175894021987915,1.228707702276342
UBFC_PHYS_s14_T1_ctrl,154,92,157.06666666666666,0.341619610786438,0.9781882877827508
UBFC_PHYS_s14_T1_ctrl,154,93,157.1,0.810040295124054,0.694263360216061
UBFC_PHYS_s14_T1_ctrl,154,94,157.13333333333333,0.9687715768814087,0.39357195364363884
UBFC_PHYS_s14_T1_ctrl,154,95,157.16666666666666,0.917457103729248,0.07666135152804175
UBFC_PHYS_s14_T1_ctrl,154,96,157.2,0.8172220587730408,-0.2607571195744199
UBFC_PHYS_s14_T1_ctrl,154,97,157.23333333333332,0.7758212089538574,-0.6150119689807655
UBFC_PHYS_s14_T1_ctrl,154,98,157.26666666666668,0.7787221074104309,-0.9654299590726853
UBFC_PHYS_s14_T1_ctrl,154,99,157.3,0.7763282060623169,-1.2724114922583112
UBFC_PHYS_s14_T1_ctrl,154,100,157.33333333333334,0.7456578016281128,-1.483693049680504
UBFC_PHYS_s14_T1_ctrl,154,101,157.36666666666667,0.6372270584106445,-1.5475499335573473
UBFC_PHYS_s14_T1_ctrl,154,102,157.4,0.4051571786403656,-1.4294071196540636
UBFC_PHYS_s14_T1_ctrl,154,103,157.43333333333334,0.10138220340013504,-1.126490525255364
UBFC_PHYS_s14_T1_ctrl,154,104,157.46666666666667,-0.17068031430244446,-0.6745915874671271
UBFC_PHYS_s14_T1_ctrl,154,105,157.5,-0.3958218991756439,-0.14273290262927726
UBFC_PHYS_s14_T1_ctrl,154,106,157.53333333333333,-0.6825859546661377,0.38421062287602
UBFC_PHYS_s14_T1_ctrl,154,107,157.56666666666666,-1.1105070114135742,0.8292784824566294
UBFC_PHYS_s14_T1_ctrl,154,108,157.6,-1.5538618564605713,1.1437063514266426
UBFC_PHYS_s14_T1_ctrl,154,109,157.63333333333333,-1.693526268005371,1.3145959289025608
UBFC_PHYS_s14_T1_ctrl,154,110,157.66666666666666,-1.3174829483032227,1.357453599432612
UBFC_PHYS_s14_T1_ctrl,154,111,157.7,-0.5752817988395691,1.2991019382185207
UBFC_PHYS_s14_T1_ctrl,154,112,157.73333333333332,0.17421384155750275,1.1605802053898444
UBFC_PHYS_s14_T1_ctrl,154,113,157.76666666666668,0.671699583530426,0.9484182293420484
UBFC_PHYS_s14_T1_ctrl,154,114,157.8,0.8716345429420471,0.6576866626947032
UBFC_PHYS_s14_T1_ctrl,154,115,157.83333333333334,0.8419780731201172,0.2842396314973284
UBFC_PHYS_s14_T1_ctrl,154,116,157.86666666666667,0.6662358045578003,-0.16065994216334747
UBFC_PHYS_s14_T1_ctrl,154,117,157.9,0.46286484599113464,-0.6408366829894655
UBFC_PHYS_s14_T1_ctrl,154,118,157.93333333333334,0.37344470620155334,-1.095523784819324
UBFC_PHYS_s14_T1_ctrl,154,119,157.96666666666667,0.4197178781032562,-1.4500009964226341
UBFC_PHYS_s14_T1_ctrl,154,120,158.0,0.4495151937007904,-1.6336065986208086
UBFC_PHYS_s14_T1_ctrl,154,121,158.03333333333333,0.3415914475917816,-1.5999648598434641
UBFC_PHYS_s14_T1_ctrl,154,122,158.06666666666666,0.13362978398799896,-1.3430551363709184
UBFC_PHYS_s14_T1_ctrl,154,123,158.1,-0.12519574165344238,-0.9029379247766929
UBFC_PHYS_s14_T1_ctrl,154,124,158.13333333333333,-0.4192260205745697,-0.3573225288301223
UBFC_PHYS_s14_T1_ctrl,154,125,158.16666666666666,-0.7535024285316467,0.19976783536926296
UBFC_PHYS_s14_T1_ctrl,154,126,158.2,-1.1885207891464233,0.6845962608629721
UBFC_PHYS_s14_T1_ctrl,154,127,158.23333333333332,-1.7026795148849487,1.0444940782058143
UBFC_PHYS_s14_T1_ctrl,154,128,158.26666666666668,-1.9875847101211548,1.2644029143592772
UBFC_PHYS_s14_T1_ctrl,154,129,158.3,-1.6969059705734253,1.3579299411773504
UBFC_PHYS_s14_T1_ctrl,154,130,158.33333333333334,-0.9175567030906677,1.3491182953298908
UBFC_PHYS_s14_T1_ctrl,154,131,158.36666666666667,-0.05256124213337898,1.2549984982886926
UBFC_PHYS_s14_T1_ctrl,154,132,158.4,0.5934886336326599,1.0774885212284988
UBFC_PHYS_s14_T1_ctrl,154,133,158.43333333333334,0.9413681626319885,0.8076517806869428
UBFC_PHYS_s14_T1_ctrl,154,134,158.46666666666667,0.9927108287811279,0.4388950226425383
UBFC_PHYS_s14_T1_ctrl,154,135,158.5,0.8009997010231018,-0.018260616489659928
UBFC_PHYS_s14_T1_ctrl,154,136,158.53333333333333,0.526430606842041,-0.5270059995509456
UBFC_PHYS_s14_T1_ctrl,154,137,158.56666666666666,0.32646745443344116,-1.0247303561547179
UBFC_PHYS_s14_T1_ctrl,154,138,158.6,0.21986740827560425,-1.4334997725813707
UBFC_PHYS_s14_T1_ctrl,154,139,158.63333333333333,0.16784882545471191,-1.6777847264016497
UBFC_PHYS_s14_T1_ctrl,154,140,158.66666666666666,0.13534776866436005,-1.7046160798677357
UBFC_PHYS_s14_T1_ctrl,154,141,158.7,0.04708235710859299,-1.5001825687441657
UBFC_PHYS_s14_T1_ctrl,154,142,158.73333333333332,-0.16608960926532745,-1.09685024789593
UBFC_PHYS_s14_T1_ctrl,154,143,158.76666666666668,-0.4849604070186615,-0.5666731367099861
UBFC_PHYS_s14_T1_ctrl,154,144,158.8,-0.8724382519721985,-0.002086999424619997
UBFC_PHYS_s14_T1_ctrl,154,145,158.83333333333334,-1.3569122552871704,0.5098107318224632
UBFC_PHYS_s14_T1_ctrl,154,146,158.86666666666667,-1.8764221668243408,0.9090976774754829
UBFC_PHYS_s14_T1_ctrl,154,147,158.9,-2.1226584911346436,1.1719056931292782
UBFC_PHYS_s14_T1_ctrl,154,148,158.93333333333334,-1.795535683631897,1.3041088810861716
UBFC_PHYS_s14_T1_ctrl,154,149,158.96666666666667,-0.9934582114219666,1.3254567956538101
UBFC_PHYS_s14_T1_ctrl,154,150,159.0,-0.10981829464435577,1.2534967799561372
UBFC_PHYS_s14_T1_ctrl,154,151,159.03333333333333,0.5573826432228088,1.09506492993787
UBFC_PHYS_s14_T1_ctrl,154,152,159.06666666666666,0.9483528137207031,0.8482191695913719
UBFC_PHYS_s14_T1_ctrl,154,153,159.1,1.0836236476898193,0.5121426477155915
UBFC_PHYS_s14_T1_ctrl,154,154,159.13333333333333,1.0034130811691284,0.09922962037160107
UBFC_PHYS_s14_T1_ctrl,154,155,159.16666666666666,0.8159264922142029,-0.35680268460160675
UBFC_PHYS_s14_T1_ctrl,154,156,159.2,0.661335289478302,-0.8008371182768946
UBFC_PHYS_s14_T1_ctrl,154,157,159.23333333333332,0.5804488062858582,-1.165137919559256
UBFC_PHYS_s14_T1_ctrl,154,158,159.26666666666668,0.5013648271560669,-1.384754623306107
UBFC_PHYS_s14_T1_ctrl,154,159,159.3,0.3711071312427521,-1.4150466674608588
UBFC_PHYS_s14_T1_ctrl,154,160,159.33333333333334,0.17308729887008667,-1.2456686204212624
UBFC_PHYS_s14_T1_ctrl,154,161,159.36666666666667,-0.10491778701543808,-0.9057942048199117
UBFC_PHYS_s14_T1_ctrl,154,162,159.4,-0.4356173872947693,-0.457752304635061
UBFC_PHYS_s14_T1_ctrl,154,163,159.43333333333334,-0.8019441962242126,0.01959376098093337
UBFC_PHYS_s14_T1_ctrl,154,164,159.46666666666667,-1.239609956741333,0.45181977357806125
UBFC_PHYS_s14_T1_ctrl,154,165,159.5,-1.669108271598816,0.786062776217287
UBFC_PHYS_s14_T1_ctrl,154,166,159.53333333333333,-1.747065782546997,0.99796069307564
UBFC_PHYS_s14_T1_ctrl,154,167,159.56666666666666,-1.2550718784332275,1.0872683302715267
UBFC_PHYS_s14_T1_ctrl,154,168,159.6,-0.422943651676178,1.0666510136729663
UBFC_PHYS_s14_T1_ctrl,154,169,159.63333333333333,0.34077468514442444,0.9508181779614594
UBFC_PHYS_s14_T1_ctrl,154,170,159.66666666666666,0.8664805889129639,0.7512970945300534
UBFC_PHYS_s14_T1_ctrl,154,171,159.7,1.1605108976364136,0.4778952045146627
UBFC_PHYS_s14_T1_ctrl,154,172,159.73333333333332,1.2143601179122925,0.14441772850616216
UBFC_PHYS_s14_T1_ctrl,154,173,159.76666666666668,1.081933856010437,-0.2252418957363924
UBFC_PHYS_s14_T1_ctrl,154,174,159.8,0.9178513884544373,-0.5941625197634928
UBFC_PHYS_s14_T1_ctrl,154,175,159.83333333333334,0.8155040740966797,-0.9146985032911555
UBFC_PHYS_s14_T1_ctrl,154,176,159.86666666666667,0.7483052015304565,-1.1363206280961937
UBFC_PHYS_s14_T1_ctrl,154,177,159.9,0.638184666633606,-1.217414849890463
UBFC_PHYS_s14_T1_ctrl,154,178,159.93333333333334,0.44345998764038086,-1.1376941883177694
UBFC_PHYS_s14_T1_ctrl,154,179,159.96666666666667,0.1864369511604309,-0.9066969411494605
UBFC_PHYS_s14_T1_ctrl,154,180,160.0,-0.12206955254077911,-0.5640630331511479
UBFC_PHYS_s14_T1_ctrl,154,181,160.03333333333333,-0.5052383542060852,-0.16986341426396948
UBFC_PHYS_s14_T1_ctrl,154,182,160.06666666666666,-0.9612388014793396,0.2121310475660115
UBFC_PHYS_s14_T1_ctrl,154,183,160.1,-1.46244215965271,0.5313708911476717
UBFC_PHYS_s14_T1_ctrl,154,184,160.13333333333333,-1.8443999290466309,0.76028853518586
UBFC_PHYS_s14_T1_ctrl,154,185,160.16666666666666,-1.7876780033111572,0.8933672665225886
UBFC_PHYS_s14_T1_ctrl,154,186,160.2,-1.1643562316894531,0.9381648956340337
UBFC_PHYS_s14_T1_ctrl,154,187,160.23333333333332,-0.2481871396303177,0.9050929370956261
UBFC_PHYS_s14_T1_ctrl,154,188,160.26666666666668,0.577266275882721,0.8018915669814553
UBFC_PHYS_s14_T1_ctrl,154,189,160.3,1.0951144695281982,0.6345601338316698
UBFC_PHYS_s14_T1_ctrl,154,190,160.33333333333334,1.2426084280014038,0.41252397100371063
UBFC_PHYS_s14_T1_ctrl,154,191,160.36666666666667,1.0756250619888306,0.15392635338037958
UBFC_PHYS_s14_T1_ctrl,154,192,160.4,0.8004927635192871,-0.11260548161597404
UBFC_PHYS_s14_T1_ctrl,154,193,160.43333333333334,0.6564629673957825,-0.3512656090058514
UBFC_PHYS_s14_T1_ctrl,154,194,160.46666666666667,0.6893019676208496,-0.526488339063531
UBFC_PHYS_s14_T1_ctrl,154,195,160.5,0.7300268411636353,-0.6118821021108664
UBFC_PHYS_s14_T1_ctrl,154,196,160.53333333333333,0.6255672574043274,-0.5978037868232705
UBFC_PHYS_s14_T1_ctrl,154,197,160.56666666666666,0.41400063037872314,-0.49507519046610454
UBFC_PHYS_s14_T1_ctrl,154,198,160.6,0.17719921469688416,-0.33284348837094224
UBFC_PHYS_s14_T1_ctrl,154,199,160.63333333333333,-0.08649864792823792,-0.15009152302837533
UBFC_PHYS_s14_T1_ctrl,154,200,160.66666666666666,-0.41905704140663147,0.016716532341008963
UBFC_PHYS_s14_T1_ctrl,154,201,160.7,-0.8273198008537292,0.14455962375510675
UBFC_PHYS_s14_T1_ctrl,154,202,160.73333333333332,-1.2552690505981445,0.22776790800943353
UBFC_PHYS_s14_T1_ctrl,154,203,160.76666666666668,-1.5057299137115479,0.2727784387330093
UBFC_PHYS_s14_T1_ctrl,154,204,160.8,-1.3035136461257935,0.28741322701532507
UBFC_PHYS_s14_T1_ctrl,154,205,160.83333333333334,-0.6362001299858093,0.2720198613644546
UBFC_PHYS_s14_T1_ctrl,154,206,160.86666666666667,0.17900170385837555,0.21811890019067248
UBFC_PHYS_s14_T1_ctrl,154,207,160.9,0.820432722568512,0.1151859009114922
UBFC_PHYS_s14_T1_ctrl,154,208,160.93333333333334,1.1597223281860352,-0.038250340160024286
UBFC_PHYS_s14_T1_ctrl,154,209,160.96666666666667,1.1661999225616455,-0.2251684121411356
UBFC_PHYS_s14_T1_ctrl,154,210,161.0,0.9057691097259521,-0.4078927631425208
UBFC_PHYS_s14_T1_ctrl,154,211,161.03333333333333,0.6157662272453308,-0.5360192146786219
UBFC_PHYS_s14_T1_ctrl,154,212,161.06666666666666,0.4899866282939911,-0.5627814971264447
UBFC_PHYS_s14_T1_ctrl,154,213,161.1,0.45627450942993164,-0.4640174316396527
UBFC_PHYS_s14_T1_ctrl,154,214,161.13333333333333,0.3656996786594391,-0.25189053514213133
UBFC_PHYS_s14_T1_ctrl,154,215,161.16666666666666,0.21913515031337738,0.023447832405111845
UBFC_PHYS_s14_T1_ctrl,154,216,161.2,0.07302124053239822,0.28707915847967286
UBFC_PHYS_s14_T1_ctrl,154,217,161.23333333333332,-0.12012624740600586,0.4639550960158848
UBFC_PHYS_s14_T1_ctrl,154,218,161.26666666666668,-0.4571627080440521,0.5052198987879849
UBFC_PHYS_s14_T1_ctrl,154,219,161.3,-0.9576056599617004,0.4046598774024364
UBFC_PHYS_s14_T1_ctrl,154,220,161.33333333333334,-1.4554857015609741,0.19860483162505896
UBFC_PHYS_s14_T1_ctrl,154,221,161.36666666666667,-1.6199060678482056,-0.04927749424894106
UBFC_PHYS_s14_T1_ctrl,154,222,161.4,-1.2407366037368774,-0.2707212367494488
UBFC_PHYS_s14_T1_ctrl,154,223,161.43333333333334,-0.46431630849838257,-0.41381094935194657
UBFC_PHYS_s14_T1_ctrl,154,224,161.46666666666667,0.3658968210220337,-0.455129177525871
UBFC_PHYS_s14_T1_ctrl,154,225,161.5,0.9822338819503784,-0.40052942161487115
UBFC_PHYS_s14_T1_ctrl,154,226,161.53333333333333,1.2424393892288208,-0.2763540344863203
UBFC_PHYS_s14_T1_ctrl,154,227,161.56666666666666,1.16608726978302,-0.1161741250836876
UBFC_PHYS_s14_T1_ctrl,154,228,161.6,0.9151476621627808,0.05053157784607761
UBFC_PHYS_s14_T1_ctrl,154,229,161.63333333333333,0.6807401776313782,0.2031910257270914
UBFC_PHYS_s14_T1_ctrl,154,230,161.66666666666666,0.5164042711257935,0.32859370300476176
UBFC_PHYS_s14_T1_ctrl,154,231,161.7,0.35623663663864136,0.41720105534386315
UBFC_PHYS_s14_T1_ctrl,154,232,161.73333333333332,0.17308729887008667,0.4617397477635705
UBFC_PHYS_s14_T1_ctrl,154,233,161.76666666666668,0.014215177856385708,0.45936062828671015
UBFC_PHYS_s14_T1_ctrl,154,234,161.8,-0.11446532607078552,0.41494532338199813
UBFC_PHYS_s14_T1_ctrl,154,235,161.83333333333334,-0.33794525265693665,0.34172566944850213
UBFC_PHYS_s14_T1_ctrl,154,236,161.86666666666667,-0.8030144572257996,0.25732173851301227
UBFC_PHYS_s14_T1_ctrl,154,237,161.9,-1.440643310546875,0.1767897177369425
UBFC_PHYS_s14_T1_ctrl,154,238,161.93333333333334,-1.8889551162719727,0.10656541431960267
UBFC_PHYS_s14_T1_ctrl,154,239,161.96666666666667,-1.7874808311462402,0.04291742070248168
UBFC_PHYS_s14_T1_ctrl,155,0,155.0,0.2695483863353729,-0.1231251028343081
UBFC_PHYS_s14_T1_ctrl,155,1,155.03333333333333,0.7822989225387573,-0.001116998749880145
UBFC_PHYS_s14_T1_ctrl,155,2,155.06666666666666,0.9829943180084229,0.08159106470954797
UBFC_PHYS_s14_T1_ctrl,155,3,155.1,0.9197102189064026,0.09200085407795415
UBFC_PHYS_s14_T1_ctrl,155,4,155.13333333333333,0.7829467058181763,0.013865353935194131
UBFC_PHYS_s14_T1_ctrl,155,5,155.16666666666666,0.7062284350395203,-0.14919691372942684
UBFC_PHYS_s14_T1_ctrl,155,6,155.2,0.6454508900642395,-0.37507141687150497
UBFC_PHYS_s14_T1_ctrl,155,7,155.23333333333332,0.5612128973007202,-0.6276589362600248
UBFC_PHYS_s14_T1_ctrl,155,8,155.26666666666668,0.4802137613296509,-0.8627481936816283
UBFC_PHYS_s14_T1_ctrl,155,9,155.3,0.35175856947898865,-1.034354107625438
UBFC_PHYS_s14_T1_ctrl,155,10,155.33333333333334,0.12056177109479904,-1.1018203663769102
UBFC_PHYS_s14_T1_ctrl,155,11,155.36666666666667,-0.15420447289943695,-1.0381370474808185
UBFC_PHYS_s14_T1_ctrl,155,12,155.4,-0.41846561431884766,-0.8383959651919979
UBFC_PHYS_s14_T1_ctrl,155,13,155.43333333333334,-0.7293378710746765,-0.5249547237742485
UBFC_PHYS_s14_T1_ctrl,155,14,155.46666666666667,-1.1757344007492065,-0.14480208776607117
UBFC_PHYS_s14_T1_ctrl,155,15,155.5,-1.7029048204421997,0.2426836980123192
UBFC_PHYS_s14_T1_ctrl,155,16,155.53333333333333,-1.970855474472046,0.5832712833297161
UBFC_PHYS_s14_T1_ctrl,155,17,155.56666666666666,-1.6749663352966309,0.8422282779782315
UBFC_PHYS_s14_T1_ctrl,155,18,155.6,-0.9298924207687378,1.0091602344188544
UBFC_PHYS_s14_T1_ctrl,155,19,155.63333333333333,-0.11536656320095062,1.0931056570508535
UBFC_PHYS_s14_T1_ctrl,155,20,155.66666666666666,0.5290780067443848,1.1125880355268805
UBFC_PHYS_s14_T1_ctrl,155,21,155.7,0.944719672203064,1.0862387656574821
UBFC_PHYS_s14_T1_ctrl,155,22,155.73333333333332,1.1269114017486572,1.0268480486478784
UBFC_PHYS_s14_T1_ctrl,155,23,155.76666666666668,1.1366561651229858,0.9385054328733875
UBFC_PHYS_s14_T1_ctrl,155,24,155.8,1.082187294960022,0.8157320771614536
UBFC_PHYS_s14_T1_ctrl,155,25,155.83333333333334,1.0158896446228027,0.6447116022048259
UBFC_PHYS_s14_T1_ctrl,155,26,155.86666666666667,0.9504369497299194,0.40778197121962817
UBFC_PHYS_s14_T1_ctrl,155,27,155.9,0.8930953741073608,0.09186934198103996
UBFC_PHYS_s14_T1_ctrl,155,28,155.93333333333334,0.8097586631774902,-0.30056668805937253
UBFC_PHYS_s14_T1_ctrl,155,29,155.96666666666667,0.6467745900154114,-0.7420011394926195
UBFC_PHYS_s14_T1_ctrl,155,30,156.0,0.39163854718208313,-1.176837967521152
UBFC_PHYS_s14_T1_ctrl,155,31,156.03333333333333,0.06341737508773804,-1.528898331723642
UBFC_PHYS_s14_T1_ctrl,155,32,156.06666666666666,-0.30037471652030945,-1.7198608292751907
UBFC_PHYS_s14_T1_ctrl,155,33,156.1,-0.6645047664642334,-1.694274719171299
UBFC_PHYS_s14_T1_ctrl,155,34,156.13333333333333,-1.045026183128357,-1.442453510715359
UBFC_PHYS_s14_T1_ctrl,155,35,156.16666666666666,-1.5028009414672852,-1.0108805355655999
UBFC_PHYS_s14_T1_ctrl,155,36,156.2,-1.9335665702819824,-0.4925641473148522
UBFC_PHYS_s14_T1_ctrl,155,37,156.23333333333332,-1.9896970987319946,0.0020646479086212843
UBFC_PHYS_s14_T1_ctrl,155,38,156.26666666666668,-1.4326448440551758,0.38238284782797627
UBFC_PHYS_s14_T1_ctrl,155,39,156.3,-0.5259387493133545,0.6060071342609589
UBFC_PHYS_s14_T1_ctrl,155,40,156.33333333333334,0.2789832651615143,0.6862198840036323
UBFC_PHYS_s14_T1_ctrl,155,41,156.36666666666667,0.8126031756401062,0.6771321735001138
UBFC_PHYS_s14_T1_ctrl,155,42,156.4,1.1205464601516724,0.6450056488721548
UBFC_PHYS_s14_T1_ctrl,155,43,156.43333333333334,1.2184157371520996,0.6386235654183433
UBFC_PHYS_s14_T1_ctrl,155,44,156.46666666666667,1.1215322017669678,0.6703754130251737
UBFC_PHYS_s14_T1_ctrl,155,45,156.5,0.9547741413116455,0.714414652883197
UBFC_PHYS_s14_T1_ctrl,155,46,156.53333333333333,0.8515819311141968,0.7213805807389744
UBFC_PHYS_s14_T1_ctrl,155,47,156.56666666666666,0.8048018217086792,0.6429591002378677
UBFC_PHYS_s14_T1_ctrl,155,48,156.6,0.7606127858161926,0.4558997702512875
UBFC_PHYS_s14_T1_ctrl,155,49,156.63333333333333,0.7002858519554138,0.17569033260434364
UBFC_PHYS_s14_T1_ctrl,155,50,156.66666666666666,0.5738584995269775,-0.1450752405254067
UBFC_PHYS_s14_T1_ctrl,155,51,156.7,0.3235384225845337,-0.4322243538736111
UBFC_PHYS_s14_T1_ctrl,155,52,156.73333333333332,-0.011611046269536018,-0.6132556318239721
UBFC_PHYS_s14_T1_ctrl,155,53,156.76666666666668,-0.3315238952636719,-0.6402494391013571
UBFC_PHYS_s14_T1_ctrl,155,54,156.8,-0.6078109741210938,-0.5051492370222269
UBFC_PHYS_s14_T1_ctrl,155,55,156.83333333333334,-0.9231894612312317,-0.2427339537348176
UBFC_PHYS_s14_T1_ctrl,155,56,156.86666666666667,-1.3490545749664307,0.07977953935323112
UBFC_PHYS_s14_T1_ctrl,155,57,156.9,-1.8173907995224,0.38339667359664803
UBFC_PHYS_s14_T1_ctrl,155,58,156.93333333333334,-2.106295347213745,0.6012901078423455
UBFC_PHYS_s14_T1_ctrl,155,59,156.96666666666667,-1.9633357524871826,0.6973239210099892
UBFC_PHYS_s14_T1_ctrl,155,60,157.0,-1.3239606618881226,0.6723189986018157
UBFC_PHYS_s14_T1_ctrl,155,61,157.03333333333333,-0.43175894021987915,0.556298807675068
UBFC_PHYS_s14_T1_ctrl,155,62,157.06666666666666,0.341619610786438,0.39109623244480507
UBFC_PHYS_s14_T1_ctrl,155,63,157.1,0.810040295124054,0.21164516265641303
UBFC_PHYS_s14_T1_ctrl,155,64,157.13333333333333,0.9687715768814087,0.03390615509595418
UBFC_PHYS_s14_T1_ctrl,155,65,157.16666666666666,0.917457103729248,-0.14639089678720132
UBFC_PHYS_s14_T1_ctrl,155,66,157.2,0.8172220587730408,-0.34478364176474247
UBFC_PHYS_s14_T1_ctrl,155,67,157.23333333333332,0.7758212089538574,-0.573424564517964
UBFC_PHYS_s14_T1_ctrl,155,68,157.26666666666668,0.7787221074104309,-0.8272316148058626
UBFC_PHYS_s14_T1_ctrl,155,69,157.3,0.7763282060623169,-1.0768411505106648
UBFC_PHYS_s14_T1_ctrl,155,70,157.33333333333334,0.7456578016281128,-1.2717250992501454
UBFC_PHYS_s14_T1_ctrl,155,71,157.36666666666667,0.6372270584106445,-1.3531777380259167
UBFC_PHYS_s14_T1_ctrl,155,72,157.4,0.4051571786403656,-1.2734324756222104
UBFC_PHYS_s14_T1_ctrl,155,73,157.43333333333334,0.10138220340013504,-1.0146333182755323
UBFC_PHYS_s14_T1_ctrl,155,74,157.46666666666667,-0.17068031430244446,-0.6003872664070256
UBFC_PHYS_s14_T1_ctrl,155,75,157.5,-0.3958218991756439,-0.0941083936126451
UBFC_PHYS_s14_T1_ctrl,155,76,157.53333333333333,-0.6825859546661377,0.41725242249511935
UBFC_PHYS_s14_T1_ctrl,155,77,157.56666666666666,-1.1105070114135742,0.8491878920833
UBFC_PHYS_s14_T1_ctrl,155,78,157.6,-1.5538618564605713,1.1448659289878242
UBFC_PHYS_s14_T1_ctrl,155,79,157.63333333333333,-1.693526268005371,1.2883685317270415
UBFC_PHYS_s14_T1_ctrl,155,80,157.66666666666666,-1.3174829483032227,1.3004320599172043
UBFC_PHYS_s14_T1_ctrl,155,81,157.7,-0.5752817988395691,1.2200017754669852
UBFC_PHYS_s14_T1_ctrl,155,82,157.73333333333332,0.17421384155750275,1.0815479487059187
UBFC_PHYS_s14_T1_ctrl,155,83,157.76666666666668,0.671699583530426,0.8994488398339539
UBFC_PHYS_s14_T1_ctrl,155,84,157.8,0.8716345429420471,0.6665781759515992
UBFC_PHYS_s14_T1_ctrl,155,85,157.83333333333334,0.8419780731201172,0.36688718113637514
UBFC_PHYS_s14_T1_ctrl,155,86,157.86666666666667,0.6662358045578003,-0.005098343226101514
UBFC_PHYS_s14_T1_ctrl,155,87,157.9,0.46286484599113464,-0.427984513877023
UBFC_PHYS_s14_T1_ctrl,155,88,157.93333333333334,0.37344470620155334,-0.8484754585875168
UBFC_PHYS_s14_T1_ctrl,155,89,157.96666666666667,0.4197178781032562,-1.1904000908537358
UBFC_PHYS_s14_T1_ctrl,155,90,158.0,0.4495151937007904,-1.375116800068038
UBFC_PHYS_s14_T1_ctrl,155,91,158.03333333333333,0.3415914475917816,-1.3465981308139678
UBFC_PHYS_s14_T1_ctrl,155,92,158.06666666666666,0.13362978398799896,-1.0926190898135681
UBFC_PHYS_s14_T1_ctrl,155,93,158.1,-0.12519574165344238,-0.6539859337674955
UBFC_PHYS_s14_T1_ctrl,155,94,158.13333333333333,-0.4192260205745697,-0.11682172667328804
UBFC_PHYS_s14_T1_ctrl,155,95,158.16666666666666,-0.7535024285316467,0.4112483591608557
UBFC_PHYS_s14_T1_ctrl,155,96,158.2,-1.1885207891464233,0.8329774816936065
UBFC_PHYS_s14_T1_ctrl,155,97,158.23333333333332,-1.7026795148849487,1.0888453090505974
UBFC_PHYS_s14_T1_ctrl,155,98,158.26666666666668,-1.9875847101211548,1.1687277629236579
UBFC_PHYS_s14_T1_ctrl,155,99,158.3,-1.6969059705734253,1.103785096778419
UBFC_PHYS_s14_T1_ctrl,155,100,158.33333333333334,-0.9175567030906677,0.9436690934485091
UBFC_PHYS_s14_T1_ctrl,155,101,158.36666666666667,-0.05256124213337898,0.7308479669758923
UBFC_PHYS_s14_T1_ctrl,155,102,158.4,0.5934886336326599,0.4845364771543441
UBFC_PHYS_s14_T1_ctrl,155,103,158.43333333333334,0.9413681626319885,0.2011260128371608
UBFC_PHYS_s14_T1_ctrl,155,104,158.46666666666667,0.9927108287811279,-0.1309206347367213
UBFC_PHYS_s14_T1_ctrl,155,105,158.5,0.8009997010231018,-0.5108634297046101
UBFC_PHYS_s14_T1_ctrl,155,106,158.53333333333333,0.526430606842041,-0.9108233985372235
UBFC_PHYS_s14_T1_ctrl,155,107,158.56666666666666,0.32646745443344116,-1.273375162963595
UBFC_PHYS_s14_T1_ctrl,155,108,158.6,0.21986740827560425,-1.5230410779229662
UBFC_PHYS_s14_T1_ctrl,155,109,158.63333333333333,0.16784882545471191,-1.5879444537277791
UBFC_PHYS_s14_T1_ctrl,155,110,158.66666666666666,0.13534776866436005,-1.4245880474510697
UBFC_PHYS_s14_T1_ctrl,155,111,158.7,0.04708235710859299,-1.037340975407043
UBFC_PHYS_s14_T1_ctrl,155,112,158.73333333333332,-0.16608960926532745,-0.48467072625946817
UBFC_PHYS_s14_T1_ctrl,155,113,158.76666666666668,-0.4849604070186615,0.13255962349944853
UBFC_PHYS_s14_T1_ctrl,155,114,158.8,-0.8724382519721985,0.6989462446385651
UBFC_PHYS_s14_T1_ctrl,155,115,158.83333333333334,-1.3569122552871704,1.1191185500570047
UBFC_PHYS_s14_T1_ctrl,155,116,158.86666666666667,-1.8764221668243408,1.3446624065480854
UBFC_PHYS_s14_T1_ctrl,155,117,158.9,-2.1226584911346436,1.3812757352131255
UBFC_PHYS_s14_T1_ctrl,155,118,158.93333333333334,-1.795535683631897,1.274070440230301
UBFC_PHYS_s14_T1_ctrl,155,119,158.96666666666667,-0.9934582114219666,1.0802265071518504
UBFC_PHYS_s14_T1_ctrl,155,120,159.0,-0.10981829464435577,0.8433380485878278
UBFC_PHYS_s14_T1_ctrl,155,121,159.03333333333333,0.5573826432228088,0.5809839923405693
UBFC_PHYS_s14_T1_ctrl,155,122,159.06666666666666,0.9483528137207031,0.2891085996628481
UBFC_PHYS_s14_T1_ctrl,155,123,159.1,1.0836236476898193,-0.04150432636856358
UBFC_PHYS_s14_T1_ctrl,155,124,159.13333333333333,1.0034130811691284,-0.4060092666182544
UBFC_PHYS_s14_T1_ctrl,155,125,159.16666666666666,0.8159264922142029,-0.7728569231023253
UBFC_PHYS_s14_T1_ctrl,155,126,159.2,0.661335289478302,-1.083620172033668
UBFC_PHYS_s14_T1_ctrl,155,127,159.23333333333332,0.5804488062858582,-1.2662430526671296
UBFC_PHYS_s14_T1_ctrl,155,128,159.26666666666668,0.5013648271560669,-1.2579303091852188
UBFC_PHYS_s14_T1_ctrl,155,129,159.3,0.3711071312427521,-1.0301607309805392
UBFC_PHYS_s14_T1_ctrl,155,130,159.33333333333334,0.17308729887008667,-0.6062812132777505
UBFC_PHYS_s14_T1_ctrl,155,131,159.36666666666667,-0.10491778701543808,-0.06313059386703927
UBFC_PHYS_s14_T1_ctrl,155,132,159.4,-0.4356173872947693,0.48694080065264495
UBFC_PHYS_s14_T1_ctrl,155,133,159.43333333333334,-0.8019441962242126,0.9290987754939084
UBFC_PHYS_s14_T1_ctrl,155,134,159.46666666666667,-1.239609956741333,1.1813135582752803
UBFC_PHYS_s14_T1_ctrl,155,135,159.5,-1.669108271598816,1.2166873408684376
UBFC_PHYS_s14_T1_ctrl,155,136,159.53333333333333,-1.747065782546997,1.0639705445587264
UBFC_PHYS_s14_T1_ctrl,155,137,159.56666666666666,-1.2550718784332275,0.7882014881346552
UBFC_PHYS_s14_T1_ctrl,155,138,159.6,-0.422943651676178,0.46180766290666353
UBFC_PHYS_s14_T1_ctrl,155,139,159.63333333333333,0.34077468514442444,0.1391030335870871
UBFC_PHYS_s14_T1_ctrl,155,140,159.66666666666666,0.8664805889129639,-0.15610385480282027
UBFC_PHYS_s14_T1_ctrl,155,141,159.7,1.1605108976364136,-0.42682176103080516
UBFC_PHYS_s14_T1_ctrl,155,142,159.73333333333332,1.2143601179122925,-0.6871349450005573
UBFC_PHYS_s14_T1_ctrl,155,143,159.76666666666668,1.081933856010437,-0.9428422031289082
UBFC_PHYS_s14_T1_ctrl,155,144,159.8,0.9178513884544373,-1.1773779308569385
UBFC_PHYS_s14_T1_ctrl,155,145,159.83333333333334,0.8155040740966797,-1.3491122958567359
UBFC_PHYS_s14_T1_ctrl,155,146,159.86666666666667,0.7483052015304565,-1.4016598558998705
UBFC_PHYS_s14_T1_ctrl,155,147,159.9,0.638184666633606,-1.2840309392744758
UBFC_PHYS_s14_T1_ctrl,155,148,159.93333333333334,0.44345998764038086,-0.9734845298053816
UBFC_PHYS_s14_T1_ctrl,155,149,159.96666666666667,0.1864369511604309,-0.49196453127409584
UBFC_PHYS_s14_T1_ctrl,155,150,160.0,-0.12206955254077911,0.09186364014995775
UBFC_PHYS_s14_T1_ctrl,155,151,160.03333333333333,-0.5052383542060852,0.6779691622232559
UBFC_PHYS_s14_T1_ctrl,155,152,160.06666666666666,-0.9612388014793396,1.1630116976675713
UBFC_PHYS_s14_T1_ctrl,155,153,160.1,-1.46244215965271,1.4700412398492833
UBFC_PHYS_s14_T1_ctrl,155,154,160.13333333333333,-1.8443999290466309,1.5677168488616262
UBFC_PHYS_s14_T1_ctrl,155,155,160.16666666666666,-1.7876780033111572,1.4720231856167452
UBFC_PHYS_s14_T1_ctrl,155,156,160.2,-1.1643562316894531,1.2321486679955096
UBFC_PHYS_s14_T1_ctrl,155,157,160.23333333333332,-0.2481871396303177,0.9091557136886058
UBFC_PHYS_s14_T1_ctrl,155,158,160.26666666666668,0.577266275882721,0.5573279180973196
UBFC_PHYS_s14_T1_ctrl,155,159,160.3,1.0951144695281982,0.21443569311296878
UBFC_PHYS_s14_T1_ctrl,155,160,160.33333333333334,1.2426084280014038,-0.09810668105904997
UBFC_PHYS_s14_T1_ctrl,155,161,160.36666666666667,1.0756250619888306,-0.3684853908874133
UBFC_PHYS_s14_T1_ctrl,155,162,160.4,0.8004927635192871,-0.5863062927763246
UBFC_PHYS_s14_T1_ctrl,155,163,160.43333333333334,0.6564629673957825,-0.7375589361147203
UBFC_PHYS_s14_T1_ctrl,155,164,160.46666666666667,0.6893019676208496,-0.8050497555111704
UBFC_PHYS_s14_T1_ctrl,155,165,160.5,0.7300268411636353,-0.7739619142178581
UBFC_PHYS_s14_T1_ctrl,155,166,160.53333333333333,0.6255672574043274,-0.6400833408431407
UBFC_PHYS_s14_T1_ctrl,155,167,160.56666666666666,0.41400063037872314,-0.416961237020229
UBFC_PHYS_s14_T1_ctrl,155,168,160.6,0.17719921469688416,-0.1380245567700355
UBFC_PHYS_s14_T1_ctrl,155,169,160.63333333333333,-0.08649864792823792,0.14867774352868815
UBFC_PHYS_s14_T1_ctrl,155,170,160.66666666666666,-0.41905704140663147,0.3920296919413675
UBFC_PHYS_s14_T1_ctrl,155,171,160.7,-0.8273198008537292,0.5511169447380114
UBFC_PHYS_s14_T1_ctrl,155,172,160.73333333333332,-1.2552690505981445,0.6043715476932064
UBFC_PHYS_s14_T1_ctrl,155,173,160.76666666666668,-1.5057299137115479,0.5508123555177653
UBFC_PHYS_s14_T1_ctrl,155,174,160.8,-1.3035136461257935,0.4040790991879657
UBFC_PHYS_s14_T1_ctrl,155,175,160.83333333333334,-0.6362001299858093,0.18378164686976345
UBFC_PHYS_s14_T1_ctrl,155,176,160.86666666666667,0.17900170385837555,-0.09071569731302943
UBFC_PHYS_s14_T1_ctrl,155,177,160.9,0.820432722568512,-0.40117152357990343
UBFC_PHYS_s14_T1_ctrl,155,178,160.93333333333334,1.1597223281860352,-0.7262688248344401
UBFC_PHYS_s14_T1_ctrl,155,179,160.96666666666667,1.1661999225616455,-1.0353819667167123
UBFC_PHYS_s14_T1_ctrl,155,180,161.0,0.9057691097259521,-1.284861339189287
UBFC_PHYS_s14_T1_ctrl,155,181,161.03333333333333,0.6157662272453308,-1.4209320695362246
UBFC_PHYS_s14_T1_ctrl,155,182,161.06666666666666,0.4899866282939911,-1.390791441506425
UBFC_PHYS_s14_T1_ctrl,155,183,161.1,0.45627450942993164,-1.1597697453416285
UBFC_PHYS_s14_T1_ctrl,155,184,161.13333333333333,0.3656996786594391,-0.7288518864370097
UBFC_PHYS_s14_T1_ctrl,155,185,161.16666666666666,0.21913515031337738,-0.14474950317093763
UBFC_PHYS_s14_T1_ctrl,155,186,161.2,0.07302124053239822,0.504474426497185
UBFC_PHYS_s14_T1_ctrl,155,187,161.23333333333332,-0.12012624740600586,1.10993538535974
UBFC_PHYS_s14_T1_ctrl,155,188,161.26666666666668,-0.4571627080440521,1.5717972910279128
UBFC_PHYS_s14_T1_ctrl,155,189,161.3,-0.9576056599617004,1.8258855669988256
UBFC_PHYS_s14_T1_ctrl,155,190,161.33333333333334,-1.4554857015609741,1.8562610747193202
UBFC_PHYS_s14_T1_ctrl,155,191,161.36666666666667,-1.6199060678482056,1.6905785387374064
UBFC_PHYS_s14_T1_ctrl,155,192,161.4,-1.2407366037368774,1.383164109244174
UBFC_PHYS_s14_T1_ctrl,155,193,161.43333333333334,-0.46431630849838257,0.9949795377734397
UBFC_PHYS_s14_T1_ctrl,155,194,161.46666666666667,0.3658968210220337,0.5784768372600503
UBFC_PHYS_s14_T1_ctrl,155,195,161.5,0.9822338819503784,0.17099874052032557
UBFC_PHYS_s14_T1_ctrl,155,196,161.53333333333333,1.2424393892288208,-0.20389908578175633
UBFC_PHYS_s14_T1_ctrl,155,197,161.56666666666666,1.16608726978302,-0.5306143559971502
UBFC_PHYS_s14_T1_ctrl,155,198,161.6,0.9151476621627808,-0.7955881932649321
UBFC_PHYS_s14_T1_ctrl,155,199,161.63333333333333,0.6807401776313782,-0.9847719601715773
UBFC_PHYS_s14_T1_ctrl,155,200,161.66666666666666,0.5164042711257935,-1.0853307442718567
UBFC_PHYS_s14_T1_ctrl,155,201,161.7,0.35623663663864136,-1.089781048904699
UBFC_PHYS_s14_T1_ctrl,155,202,161.73333333333332,0.17308729887008667,-0.9996128977431762
UBFC_PHYS_s14_T1_ctrl,155,203,161.76666666666668,0.014215177856385708,-0.8263245424086288
UBFC_PHYS_s14_T1_ctrl,155,204,161.8,-0.11446532607078552,-0.5899197195935018
UBFC_PHYS_s14_T1_ctrl,155,205,161.83333333333334,-0.33794525265693665,-0.3164541925128092
UBFC_PHYS_s14_T1_ctrl,155,206,161.86666666666667,-0.8030144572257996,-0.035943931116744925
UBFC_PHYS_s14_T1_ctrl,155,207,161.9,-1.440643310546875,0.21937106065649747
UBFC_PHYS_s14_T1_ctrl,155,208,161.93333333333334,-1.8889551162719727,0.4173218419921347
UBFC_PHYS_s14_T1_ctrl,155,209,161.96666666666667,-1.7874808311462402,0.5294944938285103
UBFC_PHYS_s14_T1_ctrl,155,210,162.0,-1.1101971864700317,0.536275332959326
UBFC_PHYS_s14_T1_ctrl,155,211,162.03333333333333,-0.17006070911884308,0.43223601325649613
UBFC_PHYS_s14_T1_ctrl,155,212,162.06666666666666,0.656350314617157,0.23029152960297364
UBFC_PHYS_s14_T1_ctrl,155,213,162.1,1.1681996583938599,-0.03692994071475708
UBFC_PHYS_s14_T1_ctrl,155,214,162.13333333333333,1.310004472732544,-0.3196981349093189
UBFC_PHYS_s14_T1_ctrl,155,215,162.16666666666666,1.1545964479446411,-0.5584379721357889
UBFC_PHYS_s14_T1_ctrl,155,216,162.2,0.9082193374633789,-0.6955134730776351
UBFC_PHYS_s14_T1_ctrl,155,217,162.23333333333332,0.7426442503929138,-0.689843417442987
UBFC_PHYS_s14_T1_ctrl,155,218,162.26666666666668,0.6363539695739746,-0.5303501353235491
UBFC_PHYS_s14_T1_ctrl,155,219,162.3,0.5107715129852295,-0.2426627386798557
UBFC_PHYS_s14_T1_ctrl,155,220,162.33333333333334,0.37474024295806885,0.11554259000471452
UBFC_PHYS_s14_T1_ctrl,155,221,162.36666666666667,0.19936414062976837,0.4708092928737178
UBFC_PHYS_s14_T1_ctrl,155,222,162.4,-0.1055937185883522,0.755822822113593
UBFC_PHYS_s14_T1_ctrl,155,223,162.43333333333334,-0.5793092250823975,0.9276524455227521
UBFC_PHYS_s14_T1_ctrl,155,224,162.46666666666667,-1.1640464067459106,0.9754404549371422
UBFC_PHYS_s14_T1_ctrl,155,225,162.5,-1.6450282335281372,0.9163155273703132
UBFC_PHYS_s14_T1_ctrl,155,226,162.53333333333333,-1.6431694030761719,0.7828751029933885
UBFC_PHYS_s14_T1_ctrl,155,227,162.56666666666666,-1.0477017164230347,0.6077930249969871
UBFC_PHYS_s14_T1_ctrl,155,228,162.6,-0.1559506356716156,0.41145153712812427
UBFC_PHYS_s14_T1_ctrl,155,229,162.63333333333333,0.6671370267868042,0.19732080315589015
UBFC_PHYS_s14_T1_ctrl,155,230,162.66666666666666,1.240214467048645,-0.0428269880190277
UBFC_PHYS_s14_T1_ctrl,155,231,162.7,1.4879997968673706,-0.31592431185938374
UBFC_PHYS_s14_T1_ctrl,155,232,162.73333333333332,1.4227160215377808,-0.6133405799765252
UBFC_PHYS_s14_T1_ctrl,155,233,162.76666666666668,1.2072064876556396,-0.9033009509958388
UBFC_PHYS_s14_T1_ctrl,155,234,162.8,1.044081687927246,-1.1345393854919292
UBFC_PHYS_s14_T1_ctrl,155,235,162.83333333333334,0.9480148553848267,-1.2501069537136857
UBFC_PHYS_s14_T1_ctrl,155,236,162.86666666666667,0.7951979637145996,-1.2061225851822772
UBFC_PHYS_s14_T1_ctrl,155,237,162.9,0.555636465549469,-0.98857889711224
UBFC_PHYS_s14_T1_ctrl,155,238,162.93333333333334,0.31390640139579773,-0.6218079180252443
UBFC_PHYS_s14_T1_ctrl,155,239,162.96666666666667,0.06890931725502014,-0.16518817369533975
UBFC_PHYS_s14_T1_ctrl,156,0,156.0,0.39163854718208313,0.11623791412336257
UBFC_PHYS_s14_T1_ctrl,156,1,156.03333333333333,0.06341737508773804,-0.08080249479949866
UBFC_PHYS_s14_T1_ctrl,156,2,156.06666666666666,-0.30037471652030945,-0.19242563335611007
UBFC_PHYS_s14_T1_ctrl,156,3,156.1,-0.6645047664642334,-0.15666335593799294
UBFC_PHYS_s14_T1_ctrl,156,4,156.13333333333333,-1.045026183128357,0.046007948723785046
UBFC_PHYS_s14_T1_ctrl,156,5,156.16666666666666,-1.5028009414672852,0.38625421398777443
UBFC_PHYS_s14_T1_ctrl,156,6,156.2,-1.9335665702819824,0.7944153130012105
UBFC_PHYS_s14_T1_ctrl,156,7,156.23333333333332,-1.9896970987319946,1.1825487920587319
UBFC_PHYS_s14_T1_ctrl,156,8,156.26666666666668,-1.4326448440551758,1.4718147531300225
UBFC_PHYS_s14_T1_ctrl,156,9,156.3,-0.5259387493133545,1.613686499500767
UBFC_PHYS_s14_T1_ctrl,156,10,156.33333333333334,0.2789832651615143,1.5972277606260767
UBFC_PHYS_s14_T1_ctrl,156,11,156.36666666666667,0.8126031756401062,1.4423905846512626
UBFC_PHYS_s14_T1_ctrl,156,12,156.4,1.1205464601516724,1.1853641550513245
UBFC_PHYS_s14_T1_ctrl,156,13,156.43333333333334,1.2184157371520996,0.8636513632669492
UBFC_PHYS_s14_T1_ctrl,156,14,156.46666666666667,1.1215322017669678,0.5061788657566001
UBFC_PHYS_s14_T1_ctrl,156,15,156.5,0.9547741413116455,0.1301604878895267
UBFC_PHYS_s14_T1_ctrl,156,16,156.53333333333333,0.8515819311141968,-0.2558746936213967
UBFC_PHYS_s14_T1_ctrl,156,17,156.56666666666666,0.8048018217086792,-0.6447144875689841
UBFC_PHYS_s14_T1_ctrl,156,18,156.6,0.7606127858161926,-1.0217691598510843
UBFC_PHYS_s14_T1_ctrl,156,19,156.63333333333333,0.7002858519554138,-1.3588477123154226
UBFC_PHYS_s14_T1_ctrl,156,20,156.66666666666666,0.5738584995269775,-1.6137604352269066
UBFC_PHYS_s14_T1_ctrl,156,21,156.7,0.3235384225845337,-1.7373665929211721
UBFC_PHYS_s14_T1_ctrl,156,22,156.73333333333332,-0.011611046269536018,-1.6871084409307386
UBFC_PHYS_s14_T1_ctrl,156,23,156.76666666666668,-0.3315238952636719,-1.4432732776546757
UBFC_PHYS_s14_T1_ctrl,156,24,156.8,-0.6078109741210938,-1.0220759295595419
UBFC_PHYS_s14_T1_ctrl,156,25,156.83333333333334,-0.9231894612312317,-0.479250494059744
UBFC_PHYS_s14_T1_ctrl,156,26,156.86666666666667,-1.3490545749664307,0.09982672123295085
UBFC_PHYS_s14_T1_ctrl,156,27,156.9,-1.8173907995224,0.6219862047609248
UBFC_PHYS_s14_T1_ctrl,156,28,156.93333333333334,-2.106295347213745,1.0118734854766414
UBFC_PHYS_s14_T1_ctrl,156,29,156.96666666666667,-1.9633357524871826,1.2301926995466135
UBFC_PHYS_s14_T1_ctrl,156,30,157.0,-1.3239606618881226,1.2774917524145852
UBFC_PHYS_s14_T1_ctrl,156,31,157.03333333333333,-0.43175894021987915,1.1841207910800575
UBFC_PHYS_s14_T1_ctrl,156,32,157.06666666666666,0.341619610786438,0.9929975452217532
UBFC_PHYS_s14_T1_ctrl,156,33,157.1,0.810040295124054,0.743446133408344
UBFC_PHYS_s14_T1_ctrl,156,34,157.13333333333333,0.9687715768814087,0.46192958010403307
UBFC_PHYS_s14_T1_ctrl,156,35,157.16666666666666,0.917457103729248,0.1612800507304344
UBFC_PHYS_s14_T1_ctrl,156,36,157.2,0.8172220587730408,-0.15343053890613467
UBFC_PHYS_s14_T1_ctrl,156,37,157.23333333333332,0.7758212089538574,-0.47591153219664456
UBFC_PHYS_s14_T1_ctrl,156,38,157.26666666666668,0.7787221074104309,-0.790238481791493
UBFC_PHYS_s14_T1_ctrl,156,39,157.3,0.7763282060623169,-1.0661188490375995
UBFC_PHYS_s14_T1_ctrl,156,40,157.33333333333334,0.7456578016281128,-1.2602327367086792
UBFC_PHYS_s14_T1_ctrl,156,41,157.36666666666667,0.6372270584106445,-1.3247294323404508
UBFC_PHYS_s14_T1_ctrl,156,42,157.4,0.4051571786403656,-1.2215873375039108
UBFC_PHYS_s14_T1_ctrl,156,43,157.43333333333334,0.10138220340013504,-0.9386016402704531
UBFC_PHYS_s14_T1_ctrl,156,44,157.46666666666667,-0.17068031430244446,-0.500603613259063
UBFC_PHYS_s14_T1_ctrl,156,45,157.5,-0.3958218991756439,0.030148238001010467
UBFC_PHYS_s14_T1_ctrl,156,46,157.53333333333333,-0.6825859546661377,0.5667923687981614
UBFC_PHYS_s14_T1_ctrl,156,47,157.56666666666666,-1.1105070114135742,1.0203775962393116
UBFC_PHYS_s14_T1_ctrl,156,48,157.6,-1.5538618564605713,1.3232587776183404
UBFC_PHYS_s14_T1_ctrl,156,49,157.63333333333333,-1.693526268005371,1.4437117490996867
UBFC_PHYS_s14_T1_ctrl,156,50,157.66666666666666,-1.3174829483032227,1.387001177713048
UBFC_PHYS_s14_T1_ctrl,156,51,157.7,-0.5752817988395691,1.1850724726123505
UBFC_PHYS_s14_T1_ctrl,156,52,157.73333333333332,0.17421384155750275,0.881332510450892
UBFC_PHYS_s14_T1_ctrl,156,53,157.76666666666668,0.671699583530426,0.5173244774938827
UBFC_PHYS_s14_T1_ctrl,156,54,157.8,0.8716345429420471,0.12565080971266393
UBFC_PHYS_s14_T1_ctrl,156,55,157.83333333333334,0.8419780731201172,-0.26989164047268116
UBFC_PHYS_s14_T1_ctrl,156,56,157.86666666666667,0.6662358045578003,-0.6487981462870572
UBFC_PHYS_s14_T1_ctrl,156,57,157.9,0.46286484599113464,-0.9865230073362196
UBFC_PHYS_s14_T1_ctrl,156,58,157.93333333333334,0.37344470620155334,-1.2495469966956843
UBFC_PHYS_s14_T1_ctrl,156,59,157.96666666666667,0.4197178781032562,-1.3964656939822606
UBFC_PHYS_s14_T1_ctrl,156,60,158.0,0.4495151937007904,-1.386680390326119
UBFC_PHYS_s14_T1_ctrl,156,61,158.03333333333333,0.3415914475917816,-1.1950054490111601
UBFC_PHYS_s14_T1_ctrl,156,62,158.06666666666666,0.13362978398799896,-0.8269115163475076
UBFC_PHYS_s14_T1_ctrl,156,63,158.1,-0.12519574165344238,-0.32686900189441137
UBFC_PHYS_s14_T1_ctrl,156,64,158.13333333333333,-0.4192260205745697,0.226729530987678
UBFC_PHYS_s14_T1_ctrl,156,65,158.16666666666666,-0.7535024285316467,0.7409163881004375
UBFC_PHYS_s14_T1_ctrl,156,66,158.2,-1.1885207891464233,1.1341825727638908
UBFC_PHYS_s14_T1_ctrl,156,67,158.23333333333332,-1.7026795148849487,1.3571335169934229
UBFC_PHYS_s14_T1_ctrl,156,68,158.26666666666668,-1.9875847101211548,1.3995891949804184
UBFC_PHYS_s14_T1_ctrl,156,69,158.3,-1.6969059705734253,1.284020018664085
UBFC_PHYS_s14_T1_ctrl,156,70,158.33333333333334,-0.9175567030906677,1.05091958624789
UBFC_PHYS_s14_T1_ctrl,156,71,158.36666666666667,-0.05256124213337898,0.7432051512102964
UBFC_PHYS_s14_T1_ctrl,156,72,158.4,0.5934886336326599,0.39525762868742925
UBFC_PHYS_s14_T1_ctrl,156,73,158.43333333333334,0.9413681626319885,0.029369233599104864
UBFC_PHYS_s14_T1_ctrl,156,74,158.46666666666667,0.9927108287811279,-0.340554981125741
UBFC_PHYS_s14_T1_ctrl,156,75,158.5,0.8009997010231018,-0.7005610099148515
UBFC_PHYS_s14_T1_ctrl,156,76,158.53333333333333,0.526430606842041,-1.027581576874956
UBFC_PHYS_s14_T1_ctrl,156,77,158.56666666666666,0.32646745443344116,-1.284446347333962
UBFC_PHYS_s14_T1_ctrl,156,78,158.6,0.21986740827560425,-1.422889192937486
UBFC_PHYS_s14_T1_ctrl,156,79,158.63333333333333,0.16784882545471191,-1.3957870095544462
UBFC_PHYS_s14_T1_ctrl,156,80,158.66666666666666,0.13534776866436005,-1.1755434111239986
UBFC_PHYS_s14_T1_ctrl,156,81,158.7,0.04708235710859299,-0.7713942842483014
UBFC_PHYS_s14_T1_ctrl,156,82,158.73333333333332,-0.16608960926532745,-0.23689720025652505
UBFC_PHYS_s14_T1_ctrl,156,83,158.76666666666668,-0.4849604070186615,0.33825967160459725
UBFC_PHYS_s14_T1_ctrl,156,84,158.8,-0.8724382519721985,0.8511381357650651
UBFC_PHYS_s14_T1_ctrl,156,85,158.83333333333334,-1.3569122552871704,1.2147181736913122
UBFC_PHYS_s14_T1_ctrl,156,86,158.86666666666667,-1.8764221668243408,1.3812668414664688
UBFC_PHYS_s14_T1_ctrl,156,87,158.9,-2.1226584911346436,1.3504305823260854
UBFC_PHYS_s14_T1_ctrl,156,88,158.93333333333334,-1.795535683631897,1.1604638368127072
UBFC_PHYS_s14_T1_ctrl,156,89,158.96666666666667,-0.9934582114219666,0.8689013089313717
UBFC_PHYS_s14_T1_ctrl,156,90,159.0,-0.10981829464435577,0.5320199929954765
UBFC_PHYS_s14_T1_ctrl,156,91,159.03333333333333,0.5573826432228088,0.19062412404763315
UBFC_PHYS_s14_T1_ctrl,156,92,159.06666666666666,0.9483528137207031,-0.13433595927146794
UBFC_PHYS_s14_T1_ctrl,156,93,159.1,1.0836236476898193,-0.43683122659884904
UBFC_PHYS_s14_T1_ctrl,156,94,159.13333333333333,1.0034130811691284,-0.7149023203049355
UBFC_PHYS_s14_T1_ctrl,156,95,159.16666666666666,0.8159264922142029,-0.9588947851687994
UBFC_PHYS_s14_T1_ctrl,156,96,159.2,0.661335289478302,-1.1442194182315255
UBFC_PHYS_s14_T1_ctrl,156,97,159.23333333333332,0.5804488062858582,-1.2327801060550856
UBFC_PHYS_s14_T1_ctrl,156,98,159.26666666666668,0.5013648271560669,-1.1839464948591825
UBFC_PHYS_s14_T1_ctrl,156,99,159.3,0.3711071312427521,-0.9717635037378525
UBFC_PHYS_s14_T1_ctrl,156,100,159.33333333333334,0.17308729887008667,-0.601681146703283
UBFC_PHYS_s14_T1_ctrl,156,101,159.36666666666667,-0.10491778701543808,-0.11891456113766836
UBFC_PHYS_s14_T1_ctrl,156,102,159.4,-0.4356173872947693,0.3973568697433457
UBFC_PHYS_s14_T1_ctrl,156,103,159.43333333333334,-0.8019441962242126,0.8539749847925866
UBFC_PHYS_s14_T1_ctrl,156,104,159.46666666666667,-1.239609956741333,1.170518136422729
UBFC_PHYS_s14_T1_ctrl,156,105,159.5,-1.669108271598816,1.301280701900536
UBFC_PHYS_s14_T1_ctrl,156,106,159.53333333333333,-1.747065782546997,1.243940011003609
UBFC_PHYS_s14_T1_ctrl,156,107,159.56666666666666,-1.2550718784332275,1.0333716759801201
UBFC_PHYS_s14_T1_ctrl,156,108,159.6,-0.422943651676178,0.7252916294888982
UBFC_PHYS_s14_T1_ctrl,156,109,159.63333333333333,0.34077468514442444,0.37728241081810976
UBFC_PHYS_s14_T1_ctrl,156,110,159.66666666666666,0.8664805889129639,0.034154002192978795
UBFC_PHYS_s14_T1_ctrl,156,111,159.7,1.1605108976364136,-0.27825712653729745
UBFC_PHYS_s14_T1_ctrl,156,112,159.73333333333332,1.2143601179122925,-0.5502450599737054
UBFC_PHYS_s14_T1_ctrl,156,113,159.76666666666668,1.081933856010437,-0.7789326549766864
UBFC_PHYS_s14_T1_ctrl,156,114,159.8,0.9178513884544373,-0.9573699958437671
UBFC_PHYS_s14_T1_ctrl,156,115,159.83333333333334,0.8155040740966797,-1.0675497608142337
UBFC_PHYS_s14_T1_ctrl,156,116,159.86666666666667,0.7483052015304565,-1.0814368316880518
UBFC_PHYS_s14_T1_ctrl,156,117,159.9,0.638184666633606,-0.9707817797892278
UBFC_PHYS_s14_T1_ctrl,156,118,159.93333333333334,0.44345998764038086,-0.7222589465823879
UBFC_PHYS_s14_T1_ctrl,156,119,159.96666666666667,0.1864369511604309,-0.35116511470129375
UBFC_PHYS_s14_T1_ctrl,156,120,160.0,-0.12206955254077911,0.09364228495961956
UBFC_PHYS_s14_T1_ctrl,156,121,160.03333333333333,-0.5052383542060852,0.537807398573341
UBFC_PHYS_s14_T1_ctrl,156,122,160.06666666666666,-0.9612388014793396,0.9009044952425471
UBFC_PHYS_s14_T1_ctrl,156,123,160.1,-1.46244215965271,1.1198033356586776
UBFC_PHYS_s14_T1_ctrl,156,124,160.13333333333333,-1.8443999290466309,1.166098829652155
UBFC_PHYS_s14_T1_ctrl,156,125,160.16666666666666,-1.7876780033111572,1.0504621692600504
UBFC_PHYS_s14_T1_ctrl,156,126,160.2,-1.1643562316894531,0.8135580549878959
UBFC_PHYS_s14_T1_ctrl,156,127,160.23333333333332,-0.2481871396303177,0.5094604886567016
UBFC_PHYS_s14_T1_ctrl,156,128,160.26666666666668,0.577266275882721,0.18934445550843007
UBFC_PHYS_s14_T1_ctrl,156,129,160.3,1.0951144695281982,-0.10891763336031
UBFC_PHYS_s14_T1_ctrl,156,130,160.33333333333334,1.2426084280014038,-0.36321845283918813
UBFC_PHYS_s14_T1_ctrl,156,131,160.36666666666667,1.0756250619888306,-0.5630474925751858
UBFC_PHYS_s14_T1_ctrl,156,132,160.4,0.8004927635192871,-0.7022586623072422
UBFC_PHYS_s14_T1_ctrl,156,133,160.43333333333334,0.6564629673957825,-0.7730609429156421
UBFC_PHYS_s14_T1_ctrl,156,134,160.46666666666667,0.6893019676208496,-0.7646111364234088
UBFC_PHYS_s14_T1_ctrl,156,135,160.5,0.7300268411636353,-0.6672520718085742
UBFC_PHYS_s14_T1_ctrl,156,136,160.53333333333333,0.6255672574043274,-0.4804228495678007
UBFC_PHYS_s14_T1_ctrl,156,137,160.56666666666666,0.41400063037872314,-0.2199864176156727
UBFC_PHYS_s14_T1_ctrl,156,138,160.6,0.17719921469688416,0.07953314425063569
UBFC_PHYS_s14_T1_ctrl,156,139,160.63333333333333,-0.08649864792823792,0.37017964092468597
UBFC_PHYS_s14_T1_ctrl,156,140,160.66666666666666,-0.41905704140663147,0.6019627656963761
UBFC_PHYS_s14_T1_ctrl,156,141,160.7,-0.8273198008537292,0.7358470860032058
UBFC_PHYS_s14_T1_ctrl,156,142,160.73333333333332,-1.2552690505981445,0.7527799573649938
UBFC_PHYS_s14_T1_ctrl,156,143,160.76666666666668,-1.5057299137115479,0.6552838397267634
UBFC_PHYS_s14_T1_ctrl,156,144,160.8,-1.3035136461257935,0.46225318962232687
UBFC_PHYS_s14_T1_ctrl,156,145,160.83333333333334,-0.6362001299858093,0.20097521796172127
UBFC_PHYS_s14_T1_ctrl,156,146,160.86666666666667,0.17900170385837555,-0.09917007994850938
UBFC_PHYS_s14_T1_ctrl,156,147,160.9,0.820432722568512,-0.40892255498976293
UBFC_PHYS_s14_T1_ctrl,156,148,160.93333333333334,1.1597223281860352,-0.6976358202662593
UBFC_PHYS_s14_T1_ctrl,156,149,160.96666666666667,1.1661999225616455,-0.9306607446992414
UBFC_PHYS_s14_T1_ctrl,156,150,161.0,0.9057691097259521,-1.0691630869278341
UBFC_PHYS_s14_T1_ctrl,156,151,161.03333333333333,0.6157662272453308,-1.0750893211952368
UBFC_PHYS_s14_T1_ctrl,156,152,161.06666666666666,0.4899866282939911,-0.9215314250003158
UBFC_PHYS_s14_T1_ctrl,156,153,161.1,0.45627450942993164,-0.6055508132674567
UBFC_PHYS_s14_T1_ctrl,156,154,161.13333333333333,0.3656996786594391,-0.15797872390957787
UBFC_PHYS_s14_T1_ctrl,156,155,161.16666666666666,0.21913515031337738,0.35581705755974447
UBFC_PHYS_s14_T1_ctrl,156,156,161.2,0.07302124053239822,0.8477352957155855
UBFC_PHYS_s14_T1_ctrl,156,157,161.23333333333332,-0.12012624740600586,1.229176944160438
UBFC_PHYS_s14_T1_ctrl,156,158,161.26666666666668,-0.4571627080440521,1.434997627303533
UBFC_PHYS_s14_T1_ctrl,156,159,161.3,-0.9576056599617004,1.4384925183521193
UBFC_PHYS_s14_T1_ctrl,156,160,161.33333333333334,-1.4554857015609741,1.252197139839241
UBFC_PHYS_s14_T1_ctrl,156,161,161.36666666666667,-1.6199060678482056,0.9173307295566832
UBFC_PHYS_s14_T1_ctrl,156,162,161.4,-1.2407366037368774,0.4889964957474206
UBFC_PHYS_s14_T1_ctrl,156,163,161.43333333333334,-0.46431630849838257,0.023692321959535117
UBFC_PHYS_s14_T1_ctrl,156,164,161.46666666666667,0.3658968210220337,-0.42753328708424243
UBFC_PHYS_s14_T1_ctrl,156,165,161.5,0.9822338819503784,-0.8205111364640656
UBFC_PHYS_s14_T1_ctrl,156,166,161.53333333333333,1.2424393892288208,-1.1165756664653566
UBFC_PHYS_s14_T1_ctrl,156,167,161.56666666666666,1.16608726978302,-1.2818519534979576
UBFC_PHYS_s14_T1_ctrl,156,168,161.6,0.9151476621627808,-1.290137361853448
UBFC_PHYS_s14_T1_ctrl,156,169,161.63333333333333,0.6807401776313782,-1.130120593946546
UBFC_PHYS_s14_T1_ctrl,156,170,161.66666666666666,0.5164042711257935,-0.8142637139383321
UBFC_PHYS_s14_T1_ctrl,156,171,161.7,0.35623663663864136,-0.3840147839251911
UBFC_PHYS_s14_T1_ctrl,156,172,161.73333333333332,0.17308729887008667,0.09375104122752961
UBFC_PHYS_s14_T1_ctrl,156,173,161.76666666666668,0.014215177856385708,0.5403620669899776
UBFC_PHYS_s14_T1_ctrl,156,174,161.8,-0.11446532607078552,0.8846267912851595
UBFC_PHYS_s14_T1_ctrl,156,175,161.83333333333334,-0.33794525265693665,1.0797031721374972
UBFC_PHYS_s14_T1_ctrl,156,176,161.86666666666667,-0.8030144572257996,1.110868190131928
UBFC_PHYS_s14_T1_ctrl,156,177,161.9,-1.440643310546875,0.9924678801921392
UBFC_PHYS_s14_T1_ctrl,156,178,161.93333333333334,-1.8889551162719727,0.7574195436719316
UBFC_PHYS_s14_T1_ctrl,156,179,161.96666666666667,-1.7874808311462402,0.44511592861558064
UBFC_PHYS_s14_T1_ctrl,156,180,162.0,-1.1101971864700317,0.09264518468815731
UBFC_PHYS_s14_T1_ctrl,156,181,162.03333333333333,-0.17006070911884308,-0.26854597616627285
UBFC_PHYS_s14_T1_ctrl,156,182,162.06666666666666,0.656350314617157,-0.6110151774957534
UBFC_PHYS_s14_T1_ctrl,156,183,162.1,1.1681996583938599,-0.9069993298089345
UBFC_PHYS_s14_T1_ctrl,156,184,162.13333333333333,1.310004472732544,-1.124779476292256
UBFC_PHYS_s14_T1_ctrl,156,185,162.16666666666666,1.1545964479446411,-1.229115116219497
UBFC_PHYS_s14_T1_ctrl,156,186,162.2,0.9082193374633789,-1.1876495444546427
UBFC_PHYS_s14_T1_ctrl,156,187,162.23333333333332,0.7426442503929138,-0.9823508334986143
UBFC_PHYS_s14_T1_ctrl,156,188,162.26666666666668,0.6363539695739746,-0.6217387627645302
UBFC_PHYS_s14_T1_ctrl,156,189,162.3,0.5107715129852295,-0.14749223281583262
UBFC_PHYS_s14_T1_ctrl,156,190,162.33333333333334,0.37474024295806885,0.37016346874364064
UBFC_PHYS_s14_T1_ctrl,156,191,162.36666666666667,0.19936414062976837,0.8489730707136934
UBFC_PHYS_s14_T1_ctrl,156,192,162.4,-0.1055937185883522,1.2165053743522534
UBFC_PHYS_s14_T1_ctrl,156,193,162.43333333333334,-0.5793092250823975,1.4270839432398754
UBFC_PHYS_s14_T1_ctrl,156,194,162.46666666666667,-1.1640464067459106,1.467184705641438
UBFC_PHYS_s14_T1_ctrl,156,195,162.5,-1.6450282335281372,1.3498946965480016
UBFC_PHYS_s14_T1_ctrl,156,196,162.53333333333333,-1.6431694030761719,1.1038729290078217
UBFC_PHYS_s14_T1_ctrl,156,197,162.56666666666666,-1.0477017164230347,0.7629102715932385
UBFC_PHYS_s14_T1_ctrl,156,198,162.6,-0.1559506356716156,0.35988758291415024
UBFC_PHYS_s14_T1_ctrl,156,199,162.63333333333333,0.6671370267868042,-0.07418897229061759
UBFC_PHYS_s14_T1_ctrl,156,200,162.66666666666666,1.240214467048645,-0.5076357389322836
UBFC_PHYS_s14_T1_ctrl,156,201,162.7,1.4879997968673706,-0.904655205641956
UBFC_PHYS_s14_T1_ctrl,156,202,162.73333333333332,1.4227160215377808,-1.2239095786509357
UBFC_PHYS_s14_T1_ctrl,156,203,162.76666666666668,1.2072064876556396,-1.421456017784942
UBFC_PHYS_s14_T1_ctrl,156,204,162.8,1.044081687927246,-1.4588921701190927
UBFC_PHYS_s14_T1_ctrl,156,205,162.83333333333334,0.9480148553848267,-1.3151423251239018
UBFC_PHYS_s14_T1_ctrl,156,206,162.86666666666667,0.7951979637145996,-0.9976584290083178
UBFC_PHYS_s14_T1_ctrl,156,207,162.9,0.555636465549469,-0.5474168465840272
UBFC_PHYS_s14_T1_ctrl,156,208,162.93333333333334,0.31390640139579773,-0.03340583583507931
UBFC_PHYS_s14_T1_ctrl,156,209,162.96666666666667,0.06890931725502014,0.46329094433108486
UBFC_PHYS_s14_T1_ctrl,156,210,163.0,-0.29020756483078003,0.8699707477284148
UBFC_PHYS_s14_T1_ctrl,156,211,163.03333333333333,-0.8128999471664429,1.1386563818915054
UBFC_PHYS_s14_T1_ctrl,156,212,163.06666666666666,-1.3393099308013916,1.252296346746094
UBFC_PHYS_s14_T1_ctrl,156,213,163.1,-1.5531015396118164,1.2205372469008724
UBFC_PHYS_s14_T1_ctrl,156,214,163.13333333333333,-1.2321466207504272,1.0693153956834494
UBFC_PHYS_s14_T1_ctrl,156,215,163.16666666666666,-0.4921421706676483,0.8297506048898337
UBFC_PHYS_s14_T1_ctrl,156,216,163.2,0.3515895903110504,0.5301277301962197
UBFC_PHYS_s14_T1_ctrl,156,217,163.23333333333332,1.055769681930542,0.1922921249118394
UBFC_PHYS_s14_T1_ctrl,156,218,163.26666666666668,1.4650744199752808,-0.16761486847241747
UBFC_PHYS_s14_T1_ctrl,156,219,163.3,1.5021098852157593,-0.5349020870368213
UBFC_PHYS_s14_T1_ctrl,156,220,163.33333333333334,1.2688007354736328,-0.890430445245276
UBFC_PHYS_s14_T1_ctrl,156,221,163.36666666666667,0.979107677936554,-1.2059038902186185
UBFC_PHYS_s14_T1_ctrl,156,222,163.4,0.7677945494651794,-1.443169221084707
UBFC_PHYS_s14_T1_ctrl,156,223,163.43333333333334,0.6362413167953491,-1.5591422916867455
UBFC_PHYS_s14_T1_ctrl,156,224,163.46666666666667,0.5409631133079529,-1.5159450927335978
UBFC_PHYS_s14_T1_ctrl,156,225,163.5,0.4364190399646759,-1.2936472418986877
UBFC_PHYS_s14_T1_ctrl,156,226,163.53333333333333,0.2845596969127655,-0.901412072959689
UBFC_PHYS_s14_T1_ctrl,156,227,163.56666666666666,0.0480680912733078,-0.3824271757845274
UBFC_PHYS_s14_T1_ctrl,156,228,163.6,-0.33405864238739014,0.19080774039609677
UBFC_PHYS_s14_T1_ctrl,156,229,163.63333333333333,-0.8853936195373535,0.7311759255970217
UBFC_PHYS_s14_T1_ctrl,156,230,163.66666666666666,-1.4274626970291138,1.157731493239213
UBFC_PHYS_s14_T1_ctrl,156,231,163.7,-1.5956852436065674,1.4156319539176807
UBFC_PHYS_s14_T1_ctrl,156,232,163.73333333333332,-1.1781002283096313,1.488374364104285
UBFC_PHYS_s14_T1_ctrl,156,233,163.76666666666668,-0.36940422654151917,1.3985778146136305
UBFC_PHYS_s14_T1_ctrl,156,234,163.8,0.4184223413467407,1.197885155959774
UBFC_PHYS_s14_T1_ctrl,156,235,163.83333333333334,0.9394248723983765,0.9499783835178514
UBFC_PHYS_s14_T1_ctrl,156,236,163.86666666666667,1.135107159614563,0.7119692188035968
UBFC_PHYS_s14_T1_ctrl,156,237,163.9,1.0428987741470337,0.5191507985960253
UBFC_PHYS_s14_T1_ctrl,156,238,163.93333333333334,0.8052805662155151,0.3772292665829351
UBFC_PHYS_s14_T1_ctrl,156,239,163.96666666666667,0.6005296111106873,0.264474062064424
UBFC_PHYS_s14_T1_ctrl,157,0,157.0,-1.3239606618881226,-0.03798221594798127
UBFC_PHYS_s14_T1_ctrl,157,1,157.03333333333333,-0.43175894021987915,0.09452493161083957
UBFC_PHYS_s14_T1_ctrl,157,2,157.06666666666666,0.341619610786438,0.2366673867058587
UBFC_PHYS_s14_T1_ctrl,157,3,157.1,0.810040295124054,0.38950800277326664
UBFC_PHYS_s14_T1_ctrl,157,4,157.13333333333333,0.9687715768814087,0.5409556181963456
UBFC_PHYS_s14_T1_ctrl,157,5,157.16666666666666,0.917457103729248,0.6661796830273277
UBFC_PHYS_s14_T1_ctrl,157,6,157.2,0.8172220587730408,0.7334562454011417
UBFC_PHYS_s14_T1_ctrl,157,7,157.23333333333332,0.7758212089538574,0.7140075032506275
UBFC_PHYS_s14_T1_ctrl,157,8,157.26666666666668,0.7787221074104309,0.5930715953585097
UBFC_PHYS_s14_T1_ctrl,157,9,157.3,0.7763282060623169,0.3786510807807466
UBFC_PHYS_s14_T1_ctrl,157,10,157.33333333333334,0.7456578016281128,0.10456126966588186
UBFC_PHYS_s14_T1_ctrl,157,11,157.36666666666667,0.6372270584106445,-0.1744902514706406
UBFC_PHYS_s14_T1_ctrl,157,12,157.4,0.4051571786403656,-0.39604996565379624
UBFC_PHYS_s14_T1_ctrl,157,13,157.43333333333334,0.10138220340013504,-0.5083547570649016
UBFC_PHYS_s14_T1_ctrl,157,14,157.46666666666667,-0.17068031430244446,-0.487529461931655
UBFC_PHYS_s14_T1_ctrl,157,15,157.5,-0.3958218991756439,-0.34580291106458744
UBFC_PHYS_s14_T1_ctrl,157,16,157.53333333333333,-0.6825859546661377,-0.126249323214275
UBFC_PHYS_s14_T1_ctrl,157,17,157.56666666666666,-1.1105070114135742,0.11393566155297064
UBFC_PHYS_s14_T1_ctrl,157,18,157.6,-1.5538618564605713,0.3234842504007265
UBFC_PHYS_s14_T1_ctrl,157,19,157.63333333333333,-1.693526268005371,0.4707655173782972
UBFC_PHYS_s14_T1_ctrl,157,20,157.66666666666666,-1.3174829483032227,0.5460514264456752
UBFC_PHYS_s14_T1_ctrl,157,21,157.7,-0.5752817988395691,0.5542061562359815
UBFC_PHYS_s14_T1_ctrl,157,22,157.73333333333332,0.17421384155750275,0.5040986592491111
UBFC_PHYS_s14_T1_ctrl,157,23,157.76666666666668,0.671699583530426,0.4010353509860701
UBFC_PHYS_s14_T1_ctrl,157,24,157.8,0.8716345429420471,0.2451997405098284
UBFC_PHYS_s14_T1_ctrl,157,25,157.83333333333334,0.8419780731201172,0.035497634118210136
UBFC_PHYS_s14_T1_ctrl,157,26,157.86666666666667,0.6662358045578003,-0.223450361725925
UBFC_PHYS_s14_T1_ctrl,157,27,157.9,0.46286484599113464,-0.5140051894953344
UBFC_PHYS_s14_T1_ctrl,157,28,157.93333333333334,0.37344470620155334,-0.8014847918871886
UBFC_PHYS_s14_T1_ctrl,157,29,157.96666666666667,0.4197178781032562,-1.0368466855067549
UBFC_PHYS_s14_T1_ctrl,157,30,158.0,0.4495151937007904,-1.1671631577253754
UBFC_PHYS_s14_T1_ctrl,157,31,158.03333333333333,0.3415914475917816,-1.1513939239938118
UBFC_PHYS_s14_T1_ctrl,157,32,158.06666666666666,0.13362978398799896,-0.9759930503626222
UBFC_PHYS_s14_T1_ctrl,157,33,158.1,-0.12519574165344238,-0.6636426532046439
UBFC_PHYS_s14_T1_ctrl,157,34,158.13333333333333,-0.4192260205745697,-0.2696898221632436
UBFC_PHYS_s14_T1_ctrl,157,35,158.16666666666666,-0.7535024285316467,0.13443560443379488
UBFC_PHYS_s14_T1_ctrl,157,36,158.2,-1.1885207891464233,0.48458986430534334
UBFC_PHYS_s14_T1_ctrl,157,37,158.23333333333332,-1.7026795148849487,0.74327153813752
UBFC_PHYS_s14_T1_ctrl,157,38,158.26666666666668,-1.9875847101211548,0.9058468006188801
UBFC_PHYS_s14_T1_ctrl,157,39,158.3,-1.6969059705734253,0.9914062675998562
UBFC_PHYS_s14_T1_ctrl,157,40,158.33333333333334,-0.9175567030906677,1.0239718567198264
UBFC_PHYS_s14_T1_ctrl,157,41,158.36666666666667,-0.05256124213337898,1.014478367284757
UBFC_PHYS_s14_T1_ctrl,157,42,158.4,0.5934886336326599,0.9529603570251659
UBFC_PHYS_s14_T1_ctrl,157,43,158.43333333333334,0.9413681626319885,0.8145422374036919
UBFC_PHYS_s14_T1_ctrl,157,44,158.46666666666667,0.9927108287811279,0.5754753950606779
UBFC_PHYS_s14_T1_ctrl,157,45,158.5,0.8009997010231018,0.230745759639606
UBFC_PHYS_s14_T1_ctrl,157,46,158.53333333333333,0.526430606842041,-0.1949474095184267
UBFC_PHYS_s14_T1_ctrl,157,47,158.56666666666666,0.32646745443344116,-0.6471614033438736
UBFC_PHYS_s14_T1_ctrl,157,48,158.6,0.21986740827560425,-1.0523992260269375
UBFC_PHYS_s14_T1_ctrl,157,49,158.63333333333333,0.16784882545471191,-1.335909299469322
UBFC_PHYS_s14_T1_ctrl,157,50,158.66666666666666,0.13534776866436005,-1.4413098670719218
UBFC_PHYS_s14_T1_ctrl,157,51,158.7,0.04708235710859299,-1.346357843355271
UBFC_PHYS_s14_T1_ctrl,157,52,158.73333333333332,-0.16608960926532745,-1.069737215075959
UBFC_PHYS_s14_T1_ctrl,157,53,158.76666666666668,-0.4849604070186615,-0.6658345582265702
UBFC_PHYS_s14_T1_ctrl,157,54,158.8,-0.8724382519721985,-0.20844804888230012
UBFC_PHYS_s14_T1_ctrl,157,55,158.83333333333334,-1.3569122552871704,0.23086342263869702
UBFC_PHYS_s14_T1_ctrl,157,56,158.86666666666667,-1.8764221668243408,0.6008909745481656
UBFC_PHYS_s14_T1_ctrl,157,57,158.9,-2.1226584911346436,0.8776165767040961
UBFC_PHYS_s14_T1_ctrl,157,58,158.93333333333334,-1.795535683631897,1.0580955594220676
UBFC_PHYS_s14_T1_ctrl,157,59,158.96666666666667,-0.9934582114219666,1.146804281295303
UBFC_PHYS_s14_T1_ctrl,157,60,159.0,-0.10981829464435577,1.1434071449784888
UBFC_PHYS_s14_T1_ctrl,157,61,159.03333333333333,0.5573826432228088,1.0391300681972326
UBFC_PHYS_s14_T1_ctrl,157,62,159.06666666666666,0.9483528137207031,0.823307653673554
UBFC_PHYS_s14_T1_ctrl,157,63,159.1,1.0836236476898193,0.49594117464367465
UBFC_PHYS_s14_T1_ctrl,157,64,159.13333333333333,1.0034130811691284,0.07951237858428453
UBFC_PHYS_s14_T1_ctrl,157,65,159.16666666666666,0.8159264922142029,-0.3759133372814226
UBFC_PHYS_s14_T1_ctrl,157,66,159.2,0.661335289478302,-0.7975106286447684
UBFC_PHYS_s14_T1_ctrl,157,67,159.23333333333332,0.5804488062858582,-1.104184276659085
UBFC_PHYS_s14_T1_ctrl,157,68,159.26666666666668,0.5013648271560669,-1.2271780052753394
UBFC_PHYS_s14_T1_ctrl,157,69,159.3,0.3711071312427521,-1.1308766005884114
UBFC_PHYS_s14_T1_ctrl,157,70,159.33333333333334,0.17308729887008667,-0.8269553285551777
UBFC_PHYS_s14_T1_ctrl,157,71,159.36666666666667,-0.10491778701543808,-0.37594646818013255
UBFC_PHYS_s14_T1_ctrl,157,72,159.4,-0.4356173872947693,0.126592034646545
UBFC_PHYS_s14_T1_ctrl,157,73,159.43333333333334,-0.8019441962242126,0.5765212869188506
UBFC_PHYS_s14_T1_ctrl,157,74,159.46666666666667,-1.239609956741333,0.8909062299600912
UBFC_PHYS_s14_T1_ctrl,157,75,159.5,-1.669108271598816,1.0290372738520108
UBFC_PHYS_s14_T1_ctrl,157,76,159.53333333333333,-1.747065782546997,0.9965193933793687
UBFC_PHYS_s14_T1_ctrl,157,77,159.56666666666666,-1.2550718784332275,0.8325636517511661
UBFC_PHYS_s14_T1_ctrl,157,78,159.6,-0.422943651676178,0.5882555780807769
UBFC_PHYS_s14_T1_ctrl,157,79,159.63333333333333,0.34077468514442444,0.30663735115114593
UBFC_PHYS_s14_T1_ctrl,157,80,159.66666666666666,0.8664805889129639,0.012798952468016819
UBFC_PHYS_s14_T1_ctrl,157,81,159.7,1.1605108976364136,-0.2838236462600919
UBFC_PHYS_s14_T1_ctrl,157,82,159.73333333333332,1.2143601179122925,-0.5785067913537232
UBFC_PHYS_s14_T1_ctrl,157,83,159.76666666666668,1.081933856010437,-0.8584189133711677
UBFC_PHYS_s14_T1_ctrl,157,84,159.8,0.9178513884544373,-1.0946580215287929
UBFC_PHYS_s14_T1_ctrl,157,85,159.83333333333334,0.8155040740966797,-1.2433991022022042
UBFC_PHYS_s14_T1_ctrl,157,86,159.86666666666667,0.7483052015304565,-1.256776880674479
UBFC_PHYS_s14_T1_ctrl,157,87,159.9,0.638184666633606,-1.1003021177094647
UBFC_PHYS_s14_T1_ctrl,157,88,159.93333333333334,0.44345998764038086,-0.7704391370055882
UBFC_PHYS_s14_T1_ctrl,157,89,159.96666666666667,0.1864369511604309,-0.30458460006354676
UBFC_PHYS_s14_T1_ctrl,157,90,160.0,-0.12206955254077911,0.222758012602284
UBFC_PHYS_s14_T1_ctrl,157,91,160.03333333333333,-0.5052383542060852,0.7185918848273078
UBFC_PHYS_s14_T1_ctrl,157,92,160.06666666666666,-0.9612388014793396,1.098372914154898
UBFC_PHYS_s14_T1_ctrl,157,93,160.1,-1.46244215965271,1.3097965995729814
UBFC_PHYS_s14_T1_ctrl,157,94,160.13333333333333,-1.8443999290466309,1.3431745885643533
UBFC_PHYS_s14_T1_ctrl,157,95,160.16666666666666,-1.7876780033111572,1.2249956188149944
UBFC_PHYS_s14_T1_ctrl,157,96,160.2,-1.1643562316894531,0.9997552570389647
UBFC_PHYS_s14_T1_ctrl,157,97,160.23333333333332,-0.2481871396303177,0.7103930802457592
UBFC_PHYS_s14_T1_ctrl,157,98,160.26666666666668,0.577266275882721,0.3868046651261607
UBFC_PHYS_s14_T1_ctrl,157,99,160.3,1.0951144695281982,0.04620580845619791
UBFC_PHYS_s14_T1_ctrl,157,100,160.33333333333334,1.2426084280014038,-0.297641580921685
UBFC_PHYS_s14_T1_ctrl,157,101,160.36666666666667,1.0756250619888306,-0.6235165811521637
UBFC_PHYS_s14_T1_ctrl,157,102,160.4,0.8004927635192871,-0.8971207311233145
UBFC_PHYS_s14_T1_ctrl,157,103,160.43333333333334,0.6564629673957825,-1.0743170450372312
UBFC_PHYS_s14_T1_ctrl,157,104,160.46666666666667,0.6893019676208496,-1.1125332152578842
UBFC_PHYS_s14_T1_ctrl,157,105,160.5,0.7300268411636353,-0.9861586461320675
UBFC_PHYS_s14_T1_ctrl,157,106,160.53333333333333,0.6255672574043274,-0.6999066331280255
UBFC_PHYS_s14_T1_ctrl,157,107,160.56666666666666,0.41400063037872314,-0.2942519716957469
UBFC_PHYS_s14_T1_ctrl,157,108,160.6,0.17719921469688416,0.1606794998815443
UBFC_PHYS_s14_T1_ctrl,157,109,160.63333333333333,-0.08649864792823792,0.5820092087994657
UBFC_PHYS_s14_T1_ctrl,157,110,160.66666666666666,-0.41905704140663147,0.8958200814663919
UBFC_PHYS_s14_T1_ctrl,157,111,160.7,-0.8273198008537292,1.054940161345781
UBFC_PHYS_s14_T1_ctrl,157,112,160.73333333333332,-1.2552690505981445,1.046055869915713
UBFC_PHYS_s14_T1_ctrl,157,113,160.76666666666668,-1.5057299137115479,0.8849377724704681
UBFC_PHYS_s14_T1_ctrl,157,114,160.8,-1.3035136461257935,0.6042835782899955
UBFC_PHYS_s14_T1_ctrl,157,115,160.83333333333334,-0.6362001299858093,0.24148723289952462
UBFC_PHYS_s14_T1_ctrl,157,116,160.86666666666667,0.17900170385837555,-0.16780305931764683
UBFC_PHYS_s14_T1_ctrl,157,117,160.9,0.820432722568512,-0.588760112902797
UBFC_PHYS_s14_T1_ctrl,157,118,160.93333333333334,1.1597223281860352,-0.9819659172865371
UBFC_PHYS_s14_T1_ctrl,157,119,160.96666666666667,1.1661999225616455,-1.2989329192802246
UBFC_PHYS_s14_T1_ctrl,157,120,161.0,0.9057691097259521,-1.4836660054459454
UBFC_PHYS_s14_T1_ctrl,157,121,161.03333333333333,0.6157662272453308,-1.482594768989943
UBFC_PHYS_s14_T1_ctrl,157,122,161.06666666666666,0.4899866282939911,-1.2611688081007808
UBFC_PHYS_s14_T1_ctrl,157,123,161.1,0.45627450942993164,-0.8214727362736278
UBFC_PHYS_s14_T1_ctrl,157,124,161.13333333333333,0.3656996786594391,-0.21291808253130937
UBFC_PHYS_s14_T1_ctrl,157,125,161.16666666666666,0.21913515031337738,0.47097294390139227
UBFC_PHYS_s14_T1_ctrl,157,126,161.2,0.07302124053239822,1.1118636065876373
UBFC_PHYS_s14_T1_ctrl,157,127,161.23333333333332,-0.12012624740600586,1.596844691884832
UBFC_PHYS_s14_T1_ctrl,157,128,161.26666666666668,-0.4571627080440521,1.8481228693583833
UBFC_PHYS_s14_T1_ctrl,157,129,161.3,-0.9576056599617004,1.8400089123690233
UBFC_PHYS_s14_T1_ctrl,157,130,161.33333333333334,-1.4554857015609741,1.597760318603611
UBFC_PHYS_s14_T1_ctrl,157,131,161.36666666666667,-1.6199060678482056,1.1818898983640056
UBFC_PHYS_s14_T1_ctrl,157,132,161.4,-1.2407366037368774,0.6668306366590074
UBFC_PHYS_s14_T1_ctrl,157,133,161.43333333333334,-0.46431630849838257,0.12288405087122739
UBFC_PHYS_s14_T1_ctrl,157,134,161.46666666666667,0.3658968210220337,-0.39314821526540783
UBFC_PHYS_s14_T1_ctrl,157,135,161.5,0.9822338819503784,-0.8381372845812467
UBFC_PHYS_s14_T1_ctrl,157,136,161.53333333333333,1.2424393892288208,-1.1773024145816717
UBFC_PHYS_s14_T1_ctrl,157,137,161.56666666666666,1.16608726978302,-1.3791875769837005
UBFC_PHYS_s14_T1_ctrl,157,138,161.6,0.9151476621627808,-1.4160715879621033
UBFC_PHYS_s14_T1_ctrl,157,139,161.63333333333333,0.6807401776313782,-1.2716179711660938
UBFC_PHYS_s14_T1_ctrl,157,140,161.66666666666666,0.5164042711257935,-0.9528112494238113
UBFC_PHYS_s14_T1_ctrl,157,141,161.7,0.35623663663864136,-0.4994352183394547
UBFC_PHYS_s14_T1_ctrl,157,142,161.73333333333332,0.17308729887008667,0.016100622009707157
UBFC_PHYS_s14_T1_ctrl,157,143,161.76666666666668,0.014215177856385708,0.5018453572570417
UBFC_PHYS_s14_T1_ctrl,157,144,161.8,-0.11446532607078552,0.8687571432517064
UBFC_PHYS_s14_T1_ctrl,157,145,161.83333333333334,-0.33794525265693665,1.0537323128827865
UBFC_PHYS_s14_T1_ctrl,157,146,161.86666666666667,-0.8030144572257996,1.0343306882945562
UBFC_PHYS_s14_T1_ctrl,157,147,161.9,-1.440643310546875,0.8306265969872926
UBFC_PHYS_s14_T1_ctrl,157,148,161.93333333333334,-1.8889551162719727,0.4952131935557444
UBFC_PHYS_s14_T1_ctrl,157,149,161.96666666666667,-1.7874808311462402,0.09648575033186631
UBFC_PHYS_s14_T1_ctrl,157,150,162.0,-1.1101971864700317,-0.29848448189228244
UBFC_PHYS_s14_T1_ctrl,157,151,162.03333333333333,-0.17006070911884308,-0.6364688151166593
UBFC_PHYS_s14_T1_ctrl,157,152,162.06666666666666,0.656350314617157,-0.8834873487860413
UBFC_PHYS_s14_T1_ctrl,157,153,162.1,1.1681996583938599,-1.023400892737925
UBFC_PHYS_s14_T1_ctrl,157,154,162.13333333333333,1.310004472732544,-1.0523515851043892
UBFC_PHYS_s14_T1_ctrl,157,155,162.16666666666666,1.1545964479446411,-0.9728271301442311
UBFC_PHYS_s14_T1_ctrl,157,156,162.2,0.9082193374633789,-0.7905383782516371
UBFC_PHYS_s14_T1_ctrl,157,157,162.23333333333332,0.7426442503929138,-0.5153458255365048
UBFC_PHYS_s14_T1_ctrl,157,158,162.26666666666668,0.6363539695739746,-0.1650322067735165
UBFC_PHYS_s14_T1_ctrl,157,159,162.3,0.5107715129852295,0.2311185108608325
UBFC_PHYS_s14_T1_ctrl,157,160,162.33333333333334,0.37474024295806885,0.6322707878098954
UBFC_PHYS_s14_T1_ctrl,157,161,162.36666666666667,0.19936414062976837,0.9911471350785076
UBFC_PHYS_s14_T1_ctrl,157,162,162.4,-0.1055937185883522,1.2629120326805603
UBFC_PHYS_s14_T1_ctrl,157,163,162.43333333333334,-0.5793092250823975,1.4142187216974027
UBFC_PHYS_s14_T1_ctrl,157,164,162.46666666666667,-1.1640464067459106,1.4289775472303354
UBFC_PHYS_s14_T1_ctrl,157,165,162.5,-1.6450282335281372,1.3093326460464378
UBFC_PHYS_s14_T1_ctrl,157,166,162.53333333333333,-1.6431694030761719,1.0724312954465531
UBFC_PHYS_s14_T1_ctrl,157,167,162.56666666666666,-1.0477017164230347,0.7448953476482421
UBFC_PHYS_s14_T1_ctrl,157,168,162.6,-0.1559506356716156,0.3572216045172825
UBFC_PHYS_s14_T1_ctrl,157,169,162.63333333333333,0.6671370267868042,-0.060114128593482585
UBFC_PHYS_s14_T1_ctrl,157,170,162.66666666666666,1.240214467048645,-0.4779508317409054
UBFC_PHYS_s14_T1_ctrl,157,171,162.7,1.4879997968673706,-0.8674162155344838
UBFC_PHYS_s14_T1_ctrl,157,172,162.73333333333332,1.4227160215377808,-1.198101670441128
UBFC_PHYS_s14_T1_ctrl,157,173,162.76666666666668,1.2072064876556396,-1.4375595180972511
UBFC_PHYS_s14_T1_ctrl,157,174,162.8,1.044081687927246,-1.5537353404354899
UBFC_PHYS_s14_T1_ctrl,157,175,162.83333333333334,0.9480148553848267,-1.5207111165944802
UBFC_PHYS_s14_T1_ctrl,157,176,162.86666666666667,0.7951979637145996,-1.3267413819842575
UBFC_PHYS_s14_T1_ctrl,157,177,162.9,0.555636465549469,-0.9820981907179684
UBFC_PHYS_s14_T1_ctrl,157,178,162.93333333333334,0.31390640139579773,-0.5230769778202106
UBFC_PHYS_s14_T1_ctrl,157,179,162.96666666666667,0.06890931725502014,-0.008949529031823915
UBFC_PHYS_s14_T1_ctrl,157,180,163.0,-0.29020756483078003,0.48865291687836776
UBFC_PHYS_s14_T1_ctrl,157,181,163.03333333333333,-0.8128999471664429,0.9008463333400047
UBFC_PHYS_s14_T1_ctrl,157,182,163.06666666666666,-1.3393099308013916,1.1757311872481762
UBFC_PHYS_s14_T1_ctrl,157,183,163.1,-1.5531015396118164,1.2869826226278973
UBFC_PHYS_s14_T1_ctrl,157,184,163.13333333333333,-1.2321466207504272,1.2352131993630526
UBFC_PHYS_s14_T1_ctrl,157,185,163.16666666666666,-0.4921421706676483,1.043823824743052
UBFC_PHYS_s14_T1_ctrl,157,186,163.2,0.3515895903110504,0.7521761244727287
UBFC_PHYS_s14_T1_ctrl,157,187,163.23333333333332,1.055769681930542,0.4081881301041259
UBFC_PHYS_s14_T1_ctrl,157,188,163.26666666666668,1.4650744199752808,0.061370276152466395
UBFC_PHYS_s14_T1_ctrl,157,189,163.3,1.5021098852157593,-0.24331329482913464
UBFC_PHYS_s14_T1_ctrl,157,190,163.33333333333334,1.2688007354736328,-0.47046596527252565
UBFC_PHYS_s14_T1_ctrl,157,191,163.36666666666667,0.979107677936554,-0.597747204481716
UBFC_PHYS_s14_T1_ctrl,157,192,163.4,0.7677945494651794,-0.6174600500356175
UBFC_PHYS_s14_T1_ctrl,157,193,163.43333333333334,0.6362413167953491,-0.5361724131590839
UBFC_PHYS_s14_T1_ctrl,157,194,163.46666666666667,0.5409631133079529,-0.3727035351219186
UBFC_PHYS_s14_T1_ctrl,157,195,163.5,0.4364190399646759,-0.15503491501984693
UBFC_PHYS_s14_T1_ctrl,157,196,163.53333333333333,0.2845596969127655,0.08333899817916476
UBFC_PHYS_s14_T1_ctrl,157,197,163.56666666666666,0.0480680912733078,0.30717575034532263
UBFC_PHYS_s14_T1_ctrl,157,198,163.6,-0.33405864238739014,0.48287694496127836
UBFC_PHYS_s14_T1_ctrl,157,199,163.63333333333333,-0.8853936195373535,0.581214961778469
UBFC_PHYS_s14_T1_ctrl,157,200,163.66666666666666,-1.4274626970291138,0.5797331115104767
UBFC_PHYS_s14_T1_ctrl,157,201,163.7,-1.5956852436065674,0.4656609580347262
UBFC_PHYS_s14_T1_ctrl,157,202,163.73333333333332,-1.1781002283096313,0.23988529313241758
UBFC_PHYS_s14_T1_ctrl,157,203,163.76666666666668,-0.36940422654151917,-0.07865769289210138
UBFC_PHYS_s14_T1_ctrl,157,204,163.8,0.4184223413467407,-0.45024036237065124
UBFC_PHYS_s14_T1_ctrl,157,205,163.83333333333334,0.9394248723983765,-0.8159240335014915
UBFC_PHYS_s14_T1_ctrl,157,206,163.86666666666667,1.135107159614563,-1.105203458008166
UBFC_PHYS_s14_T1_ctrl,157,207,163.9,1.0428987741470337,-1.2494709166827918
UBFC_PHYS_s14_T1_ctrl,157,208,163.93333333333334,0.8052805662155151,-1.1989031308357971
UBFC_PHYS_s14_T1_ctrl,157,209,163.96666666666667,0.6005296111106873,-0.9384935666562182
UBFC_PHYS_s14_T1_ctrl,157,210,164.0,0.4900711178779602,-0.4978058213352689
UBFC_PHYS_s14_T1_ctrl,157,211,164.03333333333333,0.4061710834503174,0.050483441638630486
UBFC_PHYS_s14_T1_ctrl,157,212,164.06666666666666,0.28422173857688904,0.6053087813547681
UBFC_PHYS_s14_T1_ctrl,157,213,164.1,0.1178017109632492,1.0621456644376495
UBFC_PHYS_s14_T1_ctrl,157,214,164.13333333333333,-0.10657945275306702,1.339666060883388
UBFC_PHYS_s14_T1_ctrl,157,215,164.16666666666666,-0.43313896656036377,1.3978826678981817
UBFC_PHYS_s14_T1_ctrl,157,216,164.2,-0.858497142791748,1.2416695004951397
UBFC_PHYS_s14_T1_ctrl,157,217,164.23333333333332,-1.2461721897125244,0.9107916176817091
UBFC_PHYS_s14_T1_ctrl,157,218,164.26666666666668,-1.3482941389083862,0.46332541102714253
UBFC_PHYS_s14_T1_ctrl,157,219,164.3,-1.00247061252594,-0.03910499194938435
UBFC_PHYS_s14_T1_ctrl,157,220,164.33333333333334,-0.3103446960449219,-0.5387452408631109
UBFC_PHYS_s14_T1_ctrl,157,221,164.36666666666667,0.46903273463249207,-0.9816320534013316
UBFC_PHYS_s14_T1_ctrl,157,222,164.4,1.0941851139068604,-1.3147151284256984
UBFC_PHYS_s14_T1_ctrl,157,223,164.43333333333334,1.3873704671859741,-1.4865202553088395
UBFC_PHYS_s14_T1_ctrl,157,224,164.46666666666667,1.292880892753601,-1.4552164293545609
UBFC_PHYS_s14_T1_ctrl,157,225,164.5,0.9644906520843506,-1.2030090086001417
UBFC_PHYS_s14_T1_ctrl,157,226,164.53333333333333,0.6628279685974121,-0.7510747146208215
UBFC_PHYS_s14_T1_ctrl,157,227,164.56666666666666,0.48722654581069946,-0.16669899013966705
UBFC_PHYS_s14_T1_ctrl,157,228,164.6,0.34145063161849976,0.4446937747379512
UBFC_PHYS_s14_T1_ctrl,157,229,164.63333333333333,0.1361926943063736,0.9640539090577261
UBFC_PHYS_s14_T1_ctrl,157,230,164.66666666666666,-0.10193242132663727,1.2921621582307805
UBFC_PHYS_s14_T1_ctrl,157,231,164.7,-0.3310169577598572,1.3785640658476808
UBFC_PHYS_s14_T1_ctrl,157,232,164.73333333333332,-0.6273285150527954,1.2346425152141296
UBFC_PHYS_s14_T1_ctrl,157,233,164.76666666666668,-1.0721479654312134,0.9271114998433235
UBFC_PHYS_s14_T1_ctrl,157,234,164.8,-1.4780731201171875,0.5558403678623001
UBFC_PHYS_s14_T1_ctrl,157,235,164.83333333333334,-1.4980130195617676,0.22428570289780161
UBFC_PHYS_s14_T1_ctrl,157,236,164.86666666666667,-1.0328311920166016,0.011340859095942707
UBFC_PHYS_s14_T1_ctrl,157,237,164.9,-0.29857221245765686,-0.048403635752811765
UBFC_PHYS_s14_T1_ctrl,157,238,164.93333333333334,0.43748924136161804,0.028493310888047223
UBFC_PHYS_s14_T1_ctrl,157,239,164.96666666666667,0.973446786403656,0.18177695976392838
UBFC_PHYS_s14_T1_ctrl,158,0,158.0,0.4495151937007904,0.12174384514345962
UBFC_PHYS_s14_T1_ctrl,158,1,158.03333333333333,0.3415914475917816,0.06185261391451962
UBFC_PHYS_s14_T1_ctrl,158,2,158.06666666666666,0.13362978398799896,0.03545264297786857
UBFC_PHYS_s14_T1_ctrl,158,3,158.1,-0.12519574165344238,0.06643547153432777
UBFC_PHYS_s14_T1_ctrl,158,4,158.13333333333333,-0.4192260205745697,0.15679080068649615
UBFC_PHYS_s14_T1_ctrl,158,5,158.16666666666666,-0.7535024285316467,0.2885429508639287
UBFC_PHYS_s14_T1_ctrl,158,6,158.2,-1.1885207891464233,0.4342414018986723
UBFC_PHYS_s14_T1_ctrl,158,7,158.23333333333332,-1.7026795148849487,0.5700152089108812
UBFC_PHYS_s14_T1_ctrl,158,8,158.26666666666668,-1.9875847101211548,0.6835664176588543
UBFC_PHYS_s14_T1_ctrl,158,9,158.3,-1.6969059705734253,0.7725450226687116
UBFC_PHYS_s14_T1_ctrl,158,10,158.33333333333334,-0.9175567030906677,0.8352160117278496
UBFC_PHYS_s14_T1_ctrl,158,11,158.36666666666667,-0.05256124213337898,0.860652458910272
UBFC_PHYS_s14_T1_ctrl,158,12,158.4,0.5934886336326599,0.8259372450273088
UBFC_PHYS_s14_T1_ctrl,158,13,158.43333333333334,0.9413681626319885,0.7033729749218656
UBFC_PHYS_s14_T1_ctrl,158,14,158.46666666666667,0.9927108287811279,0.47464974801538884
UBFC_PHYS_s14_T1_ctrl,158,15,158.5,0.8009997010231018,0.14486282065583944
UBFC_PHYS_s14_T1_ctrl,158,16,158.53333333333333,0.526430606842041,-0.250708030368579
UBFC_PHYS_s14_T1_ctrl,158,17,158.56666666666666,0.32646745443344116,-0.6507450139539622
UBFC_PHYS_s14_T1_ctrl,158,18,158.6,0.21986740827560425,-0.9820846499407547
UBFC_PHYS_s14_T1_ctrl,158,19,158.63333333333333,0.16784882545471191,-1.179384845759716
UBFC_PHYS_s14_T1_ctrl,158,20,158.66666666666666,0.13534776866436005,-1.2039834690816933
UBFC_PHYS_s14_T1_ctrl,158,21,158.7,0.04708235710859299,-1.055724670088055
UBFC_PHYS_s14_T1_ctrl,158,22,158.73333333333332,-0.16608960926532745,-0.7730510412845975
UBFC_PHYS_s14_T1_ctrl,158,23,158.76666666666668,-0.4849604070186615,-0.4202794200400772
UBFC_PHYS_s14_T1_ctrl,158,24,158.8,-0.8724382519721985,-0.06640927395933907
UBFC_PHYS_s14_T1_ctrl,158,25,158.83333333333334,-1.3569122552871704,0.23577054708617023
UBFC_PHYS_s14_T1_ctrl,158,26,158.86666666666667,-1.8764221668243408,0.46120086573195457
UBFC_PHYS_s14_T1_ctrl,158,27,158.9,-2.1226584911346436,0.6102376198190912
UBFC_PHYS_s14_T1_ctrl,158,28,158.93333333333334,-1.795535683631897,0.6954856014639046
UBFC_PHYS_s14_T1_ctrl,158,29,158.96666666666667,-0.9934582114219666,0.7263548901832276
UBFC_PHYS_s14_T1_ctrl,158,30,159.0,-0.10981829464435577,0.7000439955322664
UBFC_PHYS_s14_T1_ctrl,158,31,159.03333333333333,0.5573826432228088,0.6030391584123281
UBFC_PHYS_s14_T1_ctrl,158,32,159.06666666666666,0.9483528137207031,0.4212285596664139
UBFC_PHYS_s14_T1_ctrl,158,33,159.1,1.0836236476898193,0.15282140152267826
UBFC_PHYS_s14_T1_ctrl,158,34,159.13333333333333,1.0034130811691284,-0.18193159003239667
UBFC_PHYS_s14_T1_ctrl,158,35,159.16666666666666,0.8159264922142029,-0.5380594086411672
UBFC_PHYS_s14_T1_ctrl,158,36,159.2,0.661335289478302,-0.8516766328110049
UBFC_PHYS_s14_T1_ctrl,158,37,159.23333333333332,0.5804488062858582,-1.0535707415174955
UBFC_PHYS_s14_T1_ctrl,158,38,159.26666666666668,0.5013648271560669,-1.0876717904537718
UBFC_PHYS_s14_T1_ctrl,158,39,159.3,0.3711071312427521,-0.9293807950575002
UBFC_PHYS_s14_T1_ctrl,158,40,159.33333333333334,0.17308729887008667,-0.5974072423039809
UBFC_PHYS_s14_T1_ctrl,158,41,159.36666666666667,-0.10491778701543808,-0.15340829257903388
UBFC_PHYS_s14_T1_ctrl,158,42,159.4,-0.4356173872947693,0.3128184352180297
UBFC_PHYS_s14_T1_ctrl,158,43,159.43333333333334,-0.8019441962242126,0.7088579102486394
UBFC_PHYS_s14_T1_ctrl,158,44,159.46666666666667,-1.239609956741333,0.9661291438619212
UBFC_PHYS_s14_T1_ctrl,158,45,159.5,-1.669108271598816,1.0560561715497685
UBFC_PHYS_s14_T1_ctrl,158,46,159.53333333333333,-1.747065782546997,0.9902335221984794
UBFC_PHYS_s14_T1_ctrl,158,47,159.56666666666666,-1.2550718784332275,0.8071303588559016
UBFC_PHYS_s14_T1_ctrl,158,48,159.6,-0.422943651676178,0.5532691563280208
UBFC_PHYS_s14_T1_ctrl,158,49,159.63333333333333,0.34077468514442444,0.26747189083501827
UBFC_PHYS_s14_T1_ctrl,158,50,159.66666666666666,0.8664805889129639,-0.026237772015683725
UBFC_PHYS_s14_T1_ctrl,158,51,159.7,1.1605108976364136,-0.31605621262337047
UBFC_PHYS_s14_T1_ctrl,158,52,159.73333333333332,1.2143601179122925,-0.5931815621483879
UBFC_PHYS_s14_T1_ctrl,158,53,159.76666666666668,1.081933856010437,-0.8413269335545768
UBFC_PHYS_s14_T1_ctrl,158,54,159.8,0.9178513884544373,-1.0305641185245096
UBFC_PHYS_s14_T1_ctrl,158,55,159.83333333333334,0.8155040740966797,-1.1193569884552872
UBFC_PHYS_s14_T1_ctrl,158,56,159.86666666666667,0.7483052015304565,-1.065498355806095
UBFC_PHYS_s14_T1_ctrl,158,57,159.9,0.638184666633606,-0.8429906257679187
UBFC_PHYS_s14_T1_ctrl,158,58,159.93333333333334,0.44345998764038086,-0.4587515788002608
UBFC_PHYS_s14_T1_ctrl,158,59,159.96666666666667,0.1864369511604309,0.03859390731522459
UBFC_PHYS_s14_T1_ctrl,158,60,160.0,-0.12206955254077911,0.5643794440508668
UBFC_PHYS_s14_T1_ctrl,158,61,160.03333333333333,-0.5052383542060852,1.0190691699020242
UBFC_PHYS_s14_T1_ctrl,158,62,160.06666666666666,-0.9612388014793396,1.317497120956721
UBFC_PHYS_s14_T1_ctrl,158,63,160.1,-1.46244215965271,1.4133266528881927
UBFC_PHYS_s14_T1_ctrl,158,64,160.13333333333333,-1.8443999290466309,1.3083525410584256
UBFC_PHYS_s14_T1_ctrl,158,65,160.16666666666666,-1.7876780033111572,1.0444135884795105
UBFC_PHYS_s14_T1_ctrl,158,66,160.2,-1.1643562316894531,0.6838722532008825
UBFC_PHYS_s14_T1_ctrl,158,67,160.23333333333332,-0.2481871396303177,0.28854358089080795
UBFC_PHYS_s14_T1_ctrl,158,68,160.26666666666668,0.577266275882721,-0.0946523463788328
UBFC_PHYS_s14_T1_ctrl,158,69,160.3,1.0951144695281982,-0.43785088844945563
UBFC_PHYS_s14_T1_ctrl,158,70,160.33333333333334,1.2426084280014038,-0.7274471415694833
UBFC_PHYS_s14_T1_ctrl,158,71,160.36666666666667,1.0756250619888306,-0.9546150583321499
UBFC_PHYS_s14_T1_ctrl,158,72,160.4,0.8004927635192871,-1.106540555976532
UBFC_PHYS_s14_T1_ctrl,158,73,160.43333333333334,0.6564629673957825,-1.1630017001948623
UBFC_PHYS_s14_T1_ctrl,158,74,160.46666666666667,0.6893019676208496,-1.1005616999844983
UBFC_PHYS_s14_T1_ctrl,158,75,160.5,0.7300268411636353,-0.9033128148674664
UBFC_PHYS_s14_T1_ctrl,158,76,160.53333333333333,0.6255672574043274,-0.575814758410138
UBFC_PHYS_s14_T1_ctrl,158,77,160.56666666666666,0.41400063037872314,-0.15188185419140712
UBFC_PHYS_s14_T1_ctrl,158,78,160.6,0.17719921469688416,0.30656381647750763
UBFC_PHYS_s14_T1_ctrl,158,79,160.63333333333333,-0.08649864792823792,0.7224639539814769
UBFC_PHYS_s14_T1_ctrl,158,80,160.66666666666666,-0.41905704140663147,1.024208828979685
UBFC_PHYS_s14_T1_ctrl,158,81,160.7,-0.8273198008537292,1.1651160004392846
UBFC_PHYS_s14_T1_ctrl,158,82,160.73333333333332,-1.2552690505981445,1.1334664069335036
UBFC_PHYS_s14_T1_ctrl,158,83,160.76666666666668,-1.5057299137115479,0.949713696660066
UBFC_PHYS_s14_T1_ctrl,158,84,160.8,-1.3035136461257935,0.6540011267892513
UBFC_PHYS_s14_T1_ctrl,158,85,160.83333333333334,-0.6362001299858093,0.2913642597592705
UBFC_PHYS_s14_T1_ctrl,158,86,160.86666666666667,0.17900170385837555,-0.09831853521758614
UBFC_PHYS_s14_T1_ctrl,158,87,160.9,0.820432722568512,-0.4823572275651392
UBFC_PHYS_s14_T1_ctrl,158,88,160.93333333333334,1.1597223281860352,-0.8305826388760369
UBFC_PHYS_s14_T1_ctrl,158,89,160.96666666666667,1.1661999225616455,-1.1086524614282602
UBFC_PHYS_s14_T1_ctrl,158,90,161.0,0.9057691097259521,-1.2750279666728408
UBFC_PHYS_s14_T1_ctrl,158,91,161.03333333333333,0.6157662272453308,-1.285810892641323
UBFC_PHYS_s14_T1_ctrl,158,92,161.06666666666666,0.4899866282939911,-1.1080743888927327
UBFC_PHYS_s14_T1_ctrl,158,93,161.1,0.45627450942993164,-0.7376185235068528
UBFC_PHYS_s14_T1_ctrl,158,94,161.13333333333333,0.3656996786594391,-0.21297498346371424
UBFC_PHYS_s14_T1_ctrl,158,95,161.16666666666666,0.21913515031337738,0.3833316070942121
UBFC_PHYS_s14_T1_ctrl,158,96,161.2,0.07302124053239822,0.9410031845454592
UBFC_PHYS_s14_T1_ctrl,158,97,161.23333333333332,-0.12012624740600586,1.3519517829087049
UBFC_PHYS_s14_T1_ctrl,158,98,161.26666666666668,-0.4571627080440521,1.5417893005044716
UBFC_PHYS_s14_T1_ctrl,158,99,161.3,-0.9576056599617004,1.488605905432464
UBFC_PHYS_s14_T1_ctrl,158,100,161.33333333333334,-1.4554857015609741,1.2222265670191432
UBFC_PHYS_s14_T1_ctrl,158,101,161.36666666666667,-1.6199060678482056,0.807694047631829
UBFC_PHYS_s14_T1_ctrl,158,102,161.4,-1.2407366037368774,0.3226634661501378
UBFC_PHYS_s14_T1_ctrl,158,103,161.43333333333334,-0.46431630849838257,-0.1617149135925033
UBFC_PHYS_s14_T1_ctrl,158,104,161.46666666666667,0.3658968210220337,-0.5906329831060201
UBFC_PHYS_s14_T1_ctrl,158,105,161.5,0.9822338819503784,-0.9255928733629818
UBFC_PHYS_s14_T1_ctrl,158,106,161.53333333333333,1.2424393892288208,-1.1385935539872858
UBFC_PHYS_s14_T1_ctrl,158,107,161.56666666666666,1.16608726978302,-1.2070120673332831
UBFC_PHYS_s14_T1_ctrl,158,108,161.6,0.9151476621627808,-1.1147033461628777
UBFC_PHYS_s14_T1_ctrl,158,109,161.63333333333333,0.6807401776313782,-0.860615411859259
UBFC_PHYS_s14_T1_ctrl,158,110,161.66666666666666,0.5164042711257935,-0.47044179201631897
UBFC_PHYS_s14_T1_ctrl,158,111,161.7,0.35623663663864136,-0.002922932135516733
UBFC_PHYS_s14_T1_ctrl,158,112,161.73333333333332,0.17308729887008667,0.45664067796899743
UBFC_PHYS_s14_T1_ctrl,158,113,161.76666666666668,0.014215177856385708,0.816803468789345
UBFC_PHYS_s14_T1_ctrl,158,114,161.8,-0.11446532607078552,1.0068302146107118
UBFC_PHYS_s14_T1_ctrl,158,115,161.83333333333334,-0.33794525265693665,0.9977829017116938
UBFC_PHYS_s14_T1_ctrl,158,116,161.86666666666667,-0.8030144572257996,0.8087299207668729
UBFC_PHYS_s14_T1_ctrl,158,117,161.9,-1.440643310546875,0.4967339812657112
UBFC_PHYS_s14_T1_ctrl,158,118,161.93333333333334,-1.8889551162719727,0.1360926142972619
UBFC_PHYS_s14_T1_ctrl,158,119,161.96666666666667,-1.7874808311462402,-0.20450585969894902
UBFC_PHYS_s14_T1_ctrl,158,120,162.0,-1.1101971864700317,-0.47880724231225663
UBFC_PHYS_s14_T1_ctrl,158,121,162.03333333333333,-0.17006070911884308,-0.6688907910385185
UBFC_PHYS_s14_T1_ctrl,158,122,162.06666666666666,0.656350314617157,-0.7795581176473665
UBFC_PHYS_s14_T1_ctrl,158,123,162.1,1.1681996583938599,-0.8248846262091859
UBFC_PHYS_s14_T1_ctrl,158,124,162.13333333333333,1.310004472732544,-0.8136694852697625
UBFC_PHYS_s14_T1_ctrl,158,125,162.16666666666666,1.1545964479446411,-0.7410177499854241
UBFC_PHYS_s14_T1_ctrl,158,126,162.2,0.9082193374633789,-0.5905439371440637
UBFC_PHYS_s14_T1_ctrl,158,127,162.23333333333332,0.7426442503929138,-0.3465781210093003
UBFC_PHYS_s14_T1_ctrl,158,128,162.26666666666668,0.6363539695739746,-0.0104443991449373
UBFC_PHYS_s14_T1_ctrl,158,129,162.3,0.5107715129852295,0.38787627925900325
UBFC_PHYS_s14_T1_ctrl,158,130,162.33333333333334,0.37474024295806885,0.789793847507515
UBFC_PHYS_s14_T1_ctrl,158,131,162.36666666666667,0.19936414062976837,1.1215158671250391
UBFC_PHYS_s14_T1_ctrl,158,132,162.4,-0.1055937185883522,1.3157308300417299
UBFC_PHYS_s14_T1_ctrl,158,133,162.43333333333334,-0.5793092250823975,1.3322178098598745
UBFC_PHYS_s14_T1_ctrl,158,134,162.46666666666667,-1.1640464067459106,1.1687395856141898
UBFC_PHYS_s14_T1_ctrl,158,135,162.5,-1.6450282335281372,0.8584968694350157
UBFC_PHYS_s14_T1_ctrl,158,136,162.53333333333333,-1.6431694030761719,0.4566684534113974
UBFC_PHYS_s14_T1_ctrl,158,137,162.56666666666666,-1.0477017164230347,0.02292457676703078
UBFC_PHYS_s14_T1_ctrl,158,138,162.6,-0.1559506356716156,-0.39263840753104146
UBFC_PHYS_s14_T1_ctrl,158,139,162.63333333333333,0.6671370267868042,-0.7554193464491578
UBFC_PHYS_s14_T1_ctrl,158,140,162.66666666666666,1.240214467048645,-1.0435703824135165
UBFC_PHYS_s14_T1_ctrl,158,141,162.7,1.4879997968673706,-1.2401050715984752
UBFC_PHYS_s14_T1_ctrl,158,142,162.73333333333332,1.4227160215377808,-1.3258045488998396
UBFC_PHYS_s14_T1_ctrl,158,143,162.76666666666668,1.2072064876556396,-1.278462066769602
UBFC_PHYS_s14_T1_ctrl,158,144,162.8,1.044081687927246,-1.0805760542804328
UBFC_PHYS_s14_T1_ctrl,158,145,162.83333333333334,0.9480148553848267,-0.7326710508877636
UBFC_PHYS_s14_T1_ctrl,158,146,162.86666666666667,0.7951979637145996,-0.26539734677103677
UBFC_PHYS_s14_T1_ctrl,158,147,162.9,0.555636465549469,0.2574069448139059
UBFC_PHYS_s14_T1_ctrl,158,148,162.93333333333334,0.31390640139579773,0.7493482161638276
UBFC_PHYS_s14_T1_ctrl,158,149,162.96666666666667,0.06890931725502014,1.1238211168223924
UBFC_PHYS_s14_T1_ctrl,158,150,163.0,-0.29020756483078003,1.3190042435709424
UBFC_PHYS_s14_T1_ctrl,158,151,163.03333333333333,-0.8128999471664429,1.314169460979172
UBFC_PHYS_s14_T1_ctrl,158,152,163.06666666666666,-1.3393099308013916,1.1309633605148914
UBFC_PHYS_s14_T1_ctrl,158,153,163.1,-1.5531015396118164,0.8212887396455467
UBFC_PHYS_s14_T1_ctrl,158,154,163.13333333333333,-1.2321466207504272,0.4486007316113237
UBFC_PHYS_s14_T1_ctrl,158,155,163.16666666666666,-0.4921421706676483,0.07039042917991167
UBFC_PHYS_s14_T1_ctrl,158,156,163.2,0.3515895903110504,-0.27239210098062433
UBFC_PHYS_s14_T1_ctrl,158,157,163.23333333333332,1.055769681930542,-0.55685450390469
UBFC_PHYS_s14_T1_ctrl,158,158,163.26666666666668,1.4650744199752808,-0.7723745389944999
UBFC_PHYS_s14_T1_ctrl,158,159,163.3,1.5021098852157593,-0.911955419912803
UBFC_PHYS_s14_T1_ctrl,158,160,163.33333333333334,1.2688007354736328,-0.9657761913152595
UBFC_PHYS_s14_T1_ctrl,158,161,163.36666666666667,0.979107677936554,-0.9205836092287866
UBFC_PHYS_s14_T1_ctrl,158,162,163.4,0.7677945494651794,-0.7657866780204985
UBFC_PHYS_s14_T1_ctrl,158,163,163.43333333333334,0.6362413167953491,-0.503649660426404
UBFC_PHYS_s14_T1_ctrl,158,164,163.46666666666667,0.5409631133079529,-0.15808249089341136
UBFC_PHYS_s14_T1_ctrl,158,165,163.5,0.4364190399646759,0.22374090381872452
UBFC_PHYS_s14_T1_ctrl,158,166,163.53333333333333,0.2845596969127655,0.579422339296126
UBFC_PHYS_s14_T1_ctrl,158,167,163.56666666666666,0.0480680912733078,0.8465421087076597
UBFC_PHYS_s14_T1_ctrl,158,168,163.6,-0.33405864238739014,0.978828507567773
UBFC_PHYS_s14_T1_ctrl,158,169,163.63333333333333,-0.8853936195373535,0.9567115760480552
UBFC_PHYS_s14_T1_ctrl,158,170,163.66666666666666,-1.4274626970291138,0.7887794364629948
UBFC_PHYS_s14_T1_ctrl,158,171,163.7,-1.5956852436065674,0.5052492935251482
UBFC_PHYS_s14_T1_ctrl,158,172,163.73333333333332,-1.1781002283096313,0.1479860734751698
UBFC_PHYS_s14_T1_ctrl,158,173,163.76666666666668,-0.36940422654151917,-0.23780650305804724
UBFC_PHYS_s14_T1_ctrl,158,174,163.8,0.4184223413467407,-0.6073816413635834
UBFC_PHYS_s14_T1_ctrl,158,175,163.83333333333334,0.9394248723983765,-0.9164293168895676
UBFC_PHYS_s14_T1_ctrl,158,176,163.86666666666667,1.135107159614563,-1.1206083013223394
UBFC_PHYS_s14_T1_ctrl,158,177,163.9,1.0428987741470337,-1.1784706191681236
UBFC_PHYS_s14_T1_ctrl,158,178,163.93333333333334,0.8052805662155151,-1.059697600631902
UBFC_PHYS_s14_T1_ctrl,158,179,163.96666666666667,0.6005296111106873,-0.7571769742134852
UBFC_PHYS_s14_T1_ctrl,158,180,164.0,0.4900711178779602,-0.29814900368635944
UBFC_PHYS_s14_T1_ctrl,158,181,164.03333333333333,0.4061710834503174,0.2520390012100314
UBFC_PHYS_s14_T1_ctrl,158,182,164.06666666666666,0.28422173857688904,0.7987784190984578
UBFC_PHYS_s14_T1_ctrl,158,183,164.1,0.1178017109632492,1.2397787983905273
UBFC_PHYS_s14_T1_ctrl,158,184,164.13333333333333,-0.10657945275306702,1.492251292120357
UBFC_PHYS_s14_T1_ctrl,158,185,164.16666666666666,-0.43313896656036377,1.5144198886125966
UBFC_PHYS_s14_T1_ctrl,158,186,164.2,-0.858497142791748,1.3128567236109898
UBFC_PHYS_s14_T1_ctrl,158,187,164.23333333333332,-1.2461721897125244,0.9343934732650964
UBFC_PHYS_s14_T1_ctrl,158,188,164.26666666666668,-1.3482941389083862,0.44809986564331133
UBFC_PHYS_s14_T1_ctrl,158,189,164.3,-1.00247061252594,-0.07399318832867136
UBFC_PHYS_s14_T1_ctrl,158,190,164.33333333333334,-0.3103446960449219,-0.5698826920723027
UBFC_PHYS_s14_T1_ctrl,158,191,164.36666666666667,0.46903273463249207,-0.9912152804426057
UBFC_PHYS_s14_T1_ctrl,158,192,164.4,1.0941851139068604,-1.2999157277157416
UBFC_PHYS_s14_T1_ctrl,158,193,164.43333333333334,1.3873704671859741,-1.463700852178436
UBFC_PHYS_s14_T1_ctrl,158,194,164.46666666666667,1.292880892753601,-1.4560749836170086
UBFC_PHYS_s14_T1_ctrl,158,195,164.5,0.9644906520843506,-1.2629252735653242
UBFC_PHYS_s14_T1_ctrl,158,196,164.53333333333333,0.6628279685974121,-0.8932170382669076
UBFC_PHYS_s14_T1_ctrl,158,197,164.56666666666666,0.48722654581069946,-0.38766136779434623
UBFC_PHYS_s14_T1_ctrl,158,198,164.6,0.34145063161849976,0.18151699147762862
UBFC_PHYS_s14_T1_ctrl,158,199,164.63333333333333,0.1361926943063736,0.723087856083215
UBFC_PHYS_s14_T1_ctrl,158,200,164.66666666666666,-0.10193242132663727,1.148299661357079
UBFC_PHYS_s14_T1_ctrl,158,201,164.7,-0.3310169577598572,1.3927194458010805
UBFC_PHYS_s14_T1_ctrl,158,202,164.73333333333332,-0.6273285150527954,1.4297473074871305
UBFC_PHYS_s14_T1_ctrl,158,203,164.76666666666668,-1.0721479654312134,1.2716481412243241
UBFC_PHYS_s14_T1_ctrl,158,204,164.8,-1.4780731201171875,0.959745806311086
UBFC_PHYS_s14_T1_ctrl,158,205,164.83333333333334,-1.4980130195617676,0.5493819134537963
UBFC_PHYS_s14_T1_ctrl,158,206,164.86666666666667,-1.0328311920166016,0.09585520410788251
UBFC_PHYS_s14_T1_ctrl,158,207,164.9,-0.29857221245765686,-0.3542687679967378
UBFC_PHYS_s14_T1_ctrl,158,208,164.93333333333334,0.43748924136161804,-0.7647420801296682
UBFC_PHYS_s14_T1_ctrl,158,209,164.96666666666667,0.973446786403656,-1.1053251584879715
UBFC_PHYS_s14_T1_ctrl,158,210,165.0,1.1664252281188965,-1.3456003978293944
UBFC_PHYS_s14_T1_ctrl,158,211,165.03333333333333,1.012622594833374,-1.45217466891408
UBFC_PHYS_s14_T1_ctrl,158,212,165.06666666666666,0.7093546390533447,-1.39308256487372
UBFC_PHYS_s14_T1_ctrl,158,213,165.1,0.4648926556110382,-1.1494352086915118
UBFC_PHYS_s14_T1_ctrl,158,214,165.13333333333333,0.34435150027275085,-0.7298802289991435
UBFC_PHYS_s14_T1_ctrl,158,215,165.16666666666666,0.2603951394557953,-0.18034160610882438
UBFC_PHYS_s14_T1_ctrl,158,216,165.2,0.13681229948997498,0.4182230394124072
UBFC_PHYS_s14_T1_ctrl,158,217,165.23333333333332,0.014102522283792496,0.9665127717845319
UBFC_PHYS_s14_T1_ctrl,158,218,165.26666666666668,-0.1015944555401802,1.3727257740824972
UBFC_PHYS_s14_T1_ctrl,158,219,165.3,-0.35112592577934265,1.5767878006799694
UBFC_PHYS_s14_T1_ctrl,158,220,165.33333333333334,-0.8139138221740723,1.5631899855365496
UBFC_PHYS_s14_T1_ctrl,158,221,165.36666666666667,-1.277011513710022,1.3587355775969852
UBFC_PHYS_s14_T1_ctrl,158,222,165.4,-1.350490927696228,1.0184040816986129
UBFC_PHYS_s14_T1_ctrl,158,223,165.43333333333334,-0.8707202672958374,0.6067653905448063
UBFC_PHYS_s14_T1_ctrl,158,224,165.46666666666667,-0.08748438209295273,0.18244679225526622
UBFC_PHYS_s14_T1_ctrl,158,225,165.5,0.6244125366210938,-0.20983217344870556
UBFC_PHYS_s14_T1_ctrl,158,226,165.53333333333333,1.0570088624954224,-0.5390558074073846
UBFC_PHYS_s14_T1_ctrl,158,227,165.56666666666666,1.1579480171203613,-0.7823347472647715
UBFC_PHYS_s14_T1_ctrl,158,228,165.6,0.9682083129882812,-0.9188021368854117
UBFC_PHYS_s14_T1_ctrl,158,229,165.63333333333333,0.685077428817749,-0.9279726497244574
UBFC_PHYS_s14_T1_ctrl,158,230,165.66666666666666,0.505702018737793,-0.7954930661552817
UBFC_PHYS_s14_T1_ctrl,158,231,165.7,0.4214640259742737,-0.5250125823204053
UBFC_PHYS_s14_T1_ctrl,158,232,165.73333333333332,0.3104422390460968,-0.15000555701619256
UBFC_PHYS_s14_T1_ctrl,158,233,165.76666666666668,0.1438814103603363,0.26285572188540673
UBFC_PHYS_s14_T1_ctrl,158,234,165.8,-0.018905475735664368,0.624280521372688
UBFC_PHYS_s14_T1_ctrl,158,235,165.83333333333334,-0.19487303495407104,0.8453898278808707
UBFC_PHYS_s14_T1_ctrl,158,236,165.86666666666667,-0.48822739720344543,0.8644682770598011
UBFC_PHYS_s14_T1_ctrl,158,237,165.9,-0.9561693072319031,0.6662642437995808
UBFC_PHYS_s14_T1_ctrl,158,238,165.93333333333334,-1.4625548124313354,0.28699930165664816
UBFC_PHYS_s14_T1_ctrl,158,239,165.96666666666667,-1.6765153408050537,-0.19472639989216864
UBFC_PHYS_s14_T1_ctrl,159,0,159.0,-0.10981829464435577,-0.026900983674710888
UBFC_PHYS_s14_T1_ctrl,159,1,159.03333333333333,0.5573826432228088,0.06644738049772476
UBFC_PHYS_s14_T1_ctrl,159,2,159.06666666666666,0.9483528137207031,0.10846071587097066
UBFC_PHYS_s14_T1_ctrl,159,3,159.1,1.0836236476898193,0.06070123409058529
UBFC_PHYS_s14_T1_ctrl,159,4,159.13333333333333,1.0034130811691284,-0.08998090777494651
UBFC_PHYS_s14_T1_ctrl,159,5,159.16666666666666,0.8159264922142029,-0.3253116938546616
UBFC_PHYS_s14_T1_ctrl,159,6,159.2,0.661335289478302,-0.5967589356488436
UBFC_PHYS_s14_T1_ctrl,159,7,159.23333333333332,0.5804488062858582,-0.8350209881891565
UBFC_PHYS_s14_T1_ctrl,159,8,159.26666666666668,0.5013648271560669,-0.9667687255555861
UBFC_PHYS_s14_T1_ctrl,159,9,159.3,0.3711071312427521,-0.9351495361732066
UBFC_PHYS_s14_T1_ctrl,159,10,159.33333333333334,0.17308729887008667,-0.7186121977907511
UBFC_PHYS_s14_T1_ctrl,159,11,159.36666666666667,-0.10491778701543808,-0.3416455431318774
UBFC_PHYS_s14_T1_ctrl,159,12,159.4,-0.4356173872947693,0.12810470645010472
UBFC_PHYS_s14_T1_ctrl,159,13,159.43333333333334,-0.8019441962242126,0.5976535013578231
UBFC_PHYS_s14_T1_ctrl,159,14,159.46666666666667,-1.239609956741333,0.9757397972990908
UBFC_PHYS_s14_T1_ctrl,159,15,159.5,-1.669108271598816,1.1983420656751276
UBFC_PHYS_s14_T1_ctrl,159,16,159.53333333333333,-1.747065782546997,1.2427686122541073
UBFC_PHYS_s14_T1_ctrl,159,17,159.56666666666666,-1.2550718784332275,1.126375321643766
UBFC_PHYS_s14_T1_ctrl,159,18,159.6,-0.422943651676178,0.8929761092523846
UBFC_PHYS_s14_T1_ctrl,159,19,159.63333333333333,0.34077468514442444,0.5944454192744918
UBFC_PHYS_s14_T1_ctrl,159,20,159.66666666666666,0.8664805889129639,0.2751657818442416
UBFC_PHYS_s14_T1_ctrl,159,21,159.7,1.1605108976364136,-0.03596638525893083
UBFC_PHYS_s14_T1_ctrl,159,22,159.73333333333332,1.2143601179122925,-0.32499869460424685
UBFC_PHYS_s14_T1_ctrl,159,23,159.76666666666668,1.081933856010437,-0.5859986330162222
UBFC_PHYS_s14_T1_ctrl,159,24,159.8,0.9178513884544373,-0.811849745492533
UBFC_PHYS_s14_T1_ctrl,159,25,159.83333333333334,0.8155040740966797,-0.987410308758269
UBFC_PHYS_s14_T1_ctrl,159,26,159.86666666666667,0.7483052015304565,-1.0887272156888042
UBFC_PHYS_s14_T1_ctrl,159,27,159.9,0.638184666633606,-1.0894961119236135
UBFC_PHYS_s14_T1_ctrl,159,28,159.93333333333334,0.44345998764038086,-0.9724520432168007
UBFC_PHYS_s14_T1_ctrl,159,29,159.96666666666667,0.1864369511604309,-0.7404659970294062
UBFC_PHYS_s14_T1_ctrl,159,30,160.0,-0.12206955254077911,-0.4214984363949763
UBFC_PHYS_s14_T1_ctrl,159,31,160.03333333333333,-0.5052383542060852,-0.0639023440762279
UBFC_PHYS_s14_T1_ctrl,159,32,160.06666666666666,-0.9612388014793396,0.2768678400115468
UBFC_PHYS_s14_T1_ctrl,159,33,160.1,-1.46244215965271,0.5544626093694316
UBFC_PHYS_s14_T1_ctrl,159,34,160.13333333333333,-1.8443999290466309,0.7430330572040215
UBFC_PHYS_s14_T1_ctrl,159,35,160.16666666666666,-1.7876780033111572,0.8385213259850957
UBFC_PHYS_s14_T1_ctrl,159,36,160.2,-1.1643562316894531,0.8506914645859093
UBFC_PHYS_s14_T1_ctrl,159,37,160.23333333333332,-0.2481871396303177,0.792125974518259
UBFC_PHYS_s14_T1_ctrl,159,38,160.26666666666668,0.577266275882721,0.6710916848084608
UBFC_PHYS_s14_T1_ctrl,159,39,160.3,1.0951144695281982,0.49177099820664916
UBFC_PHYS_s14_T1_ctrl,159,40,160.33333333333334,1.2426084280014038,0.2608112576126286
UBFC_PHYS_s14_T1_ctrl,159,41,160.36666666666667,1.0756250619888306,-0.004255622781192699
UBFC_PHYS_s14_T1_ctrl,159,42,160.4,0.8004927635192871,-0.2702000762507295
UBFC_PHYS_s14_T1_ctrl,159,43,160.43333333333334,0.6564629673957825,-0.49078626891251786
UBFC_PHYS_s14_T1_ctrl,159,44,160.46666666666667,0.6893019676208496,-0.6174539989080015
UBFC_PHYS_s14_T1_ctrl,159,45,160.5,0.7300268411636353,-0.6147934980512428
UBFC_PHYS_s14_T1_ctrl,159,46,160.53333333333333,0.6255672574043274,-0.47515034097413134
UBFC_PHYS_s14_T1_ctrl,159,47,160.56666666666666,0.41400063037872314,-0.2260792173940083
UBFC_PHYS_s14_T1_ctrl,159,48,160.6,0.17719921469688416,0.074042100049593
UBFC_PHYS_s14_T1_ctrl,159,49,160.63333333333333,-0.08649864792823792,0.35250328511678336
UBFC_PHYS_s14_T1_ctrl,159,50,160.66666666666666,-0.41905704140663147,0.5449205470888558
UBFC_PHYS_s14_T1_ctrl,159,51,160.7,-0.8273198008537292,0.6142370763653265
UBFC_PHYS_s14_T1_ctrl,159,52,160.73333333333332,-1.2552690505981445,0.5579410932705797
UBFC_PHYS_s14_T1_ctrl,159,53,160.76666666666668,-1.5057299137115479,0.40148577544511077
UBFC_PHYS_s14_T1_ctrl,159,54,160.8,-1.3035136461257935,0.18265406547762925
UBFC_PHYS_s14_T1_ctrl,159,55,160.83333333333334,-0.6362001299858093,-0.06451925066240136
UBFC_PHYS_s14_T1_ctrl,159,56,160.86666666666667,0.17900170385837555,-0.31844903859710294
UBFC_PHYS_s14_T1_ctrl,159,57,160.9,0.820432722568512,-0.5680332974812659
UBFC_PHYS_s14_T1_ctrl,159,58,160.93333333333334,1.1597223281860352,-0.8024484677812793
UBFC_PHYS_s14_T1_ctrl,159,59,160.96666666666667,1.1661999225616455,-0.9994217819818685
UBFC_PHYS_s14_T1_ctrl,159,60,161.0,0.9057691097259521,-1.1197477745927698
UBFC_PHYS_s14_T1_ctrl,159,61,161.03333333333333,0.6157662272453308,-1.1133079671034651
UBFC_PHYS_s14_T1_ctrl,159,62,161.06666666666666,0.4899866282939911,-0.9366875641594395
UBFC_PHYS_s14_T1_ctrl,159,63,161.1,0.45627450942993164,-0.576300667321661
UBFC_PHYS_s14_T1_ctrl,159,64,161.13333333333333,0.3656996786594391,-0.06622691715776644
UBFC_PHYS_s14_T1_ctrl,159,65,161.16666666666666,0.21913515031337738,0.5101645558224834
UBFC_PHYS_s14_T1_ctrl,159,66,161.2,0.07302124053239822,1.039654961414042
UBFC_PHYS_s14_T1_ctrl,159,67,161.23333333333332,-0.12012624740600586,1.4139677932716816
UBFC_PHYS_s14_T1_ctrl,159,68,161.26666666666668,-0.4571627080440521,1.5644526651380448
UBFC_PHYS_s14_T1_ctrl,159,69,161.3,-0.9576056599617004,1.4800063659145437
UBFC_PHYS_s14_T1_ctrl,159,70,161.33333333333334,-1.4554857015609741,1.20163954514073
UBFC_PHYS_s14_T1_ctrl,159,71,161.36666666666667,-1.6199060678482056,0.8003266997473211
UBFC_PHYS_s14_T1_ctrl,159,72,161.4,-1.2407366037368774,0.35138055033436055
UBFC_PHYS_s14_T1_ctrl,159,73,161.43333333333334,-0.46431630849838257,-0.08328662060578908
UBFC_PHYS_s14_T1_ctrl,159,74,161.46666666666667,0.3658968210220337,-0.46043454366134284
UBFC_PHYS_s14_T1_ctrl,159,75,161.5,0.9822338819503784,-0.7508413471732545
UBFC_PHYS_s14_T1_ctrl,159,76,161.53333333333333,1.2424393892288208,-0.9313668429585754
UBFC_PHYS_s14_T1_ctrl,159,77,161.56666666666666,1.16608726978302,-0.9807869196759835
UBFC_PHYS_s14_T1_ctrl,159,78,161.6,0.9151476621627808,-0.8838721812454862
UBFC_PHYS_s14_T1_ctrl,159,79,161.63333333333333,0.6807401776313782,-0.6430175843124134
UBFC_PHYS_s14_T1_ctrl,159,80,161.66666666666666,0.5164042711257935,-0.2906424614166595
UBFC_PHYS_s14_T1_ctrl,159,81,161.7,0.35623663663864136,0.10734469891974525
UBFC_PHYS_s14_T1_ctrl,159,82,161.73333333333332,0.17308729887008667,0.4634044517072197
UBFC_PHYS_s14_T1_ctrl,159,83,161.76666666666668,0.014215177856385708,0.6935435362257155
UBFC_PHYS_s14_T1_ctrl,159,84,161.8,-0.11446532607078552,0.7451142307514208
UBFC_PHYS_s14_T1_ctrl,159,85,161.83333333333334,-0.33794525265693665,0.6139154393241072
UBFC_PHYS_s14_T1_ctrl,159,86,161.86666666666667,-0.8030144572257996,0.3432659222164368
UBFC_PHYS_s14_T1_ctrl,159,87,161.9,-1.440643310546875,0.0069760724362316374
UBFC_PHYS_s14_T1_ctrl,159,88,161.93333333333334,-1.8889551162719727,-0.3159631542830034
UBFC_PHYS_s14_T1_ctrl,159,89,161.96666666666667,-1.7874808311462402,-0.5656127063728446
UBFC_PHYS_s14_T1_ctrl,159,90,162.0,-1.1101971864700317,-0.7159923906295277
UBFC_PHYS_s14_T1_ctrl,159,91,162.03333333333333,-0.17006070911884308,-0.7757175663246338
UBFC_PHYS_s14_T1_ctrl,159,92,162.06666666666666,0.656350314617157,-0.7746736306632297
UBFC_PHYS_s14_T1_ctrl,159,93,162.1,1.1681996583938599,-0.7428564998736211
UBFC_PHYS_s14_T1_ctrl,159,94,162.13333333333333,1.310004472732544,-0.6915290071673349
UBFC_PHYS_s14_T1_ctrl,159,95,162.16666666666666,1.1545964479446411,-0.6063447162242098
UBFC_PHYS_s14_T1_ctrl,159,96,162.2,0.9082193374633789,-0.4562794080189469
UBFC_PHYS_s14_T1_ctrl,159,97,162.23333333333332,0.7426442503929138,-0.2139978149263295
UBFC_PHYS_s14_T1_ctrl,159,98,162.26666666666668,0.6363539695739746,0.12286366782322561
UBFC_PHYS_s14_T1_ctrl,159,99,162.3,0.5107715129852295,0.5207830377743958
UBFC_PHYS_s14_T1_ctrl,159,100,162.33333333333334,0.37474024295806885,0.9158618668145699
UBFC_PHYS_s14_T1_ctrl,159,101,162.36666666666667,0.19936414062976837,1.2333928671515475
UBFC_PHYS_s14_T1_ctrl,159,102,162.4,-0.1055937185883522,1.4120700320562982
UBFC_PHYS_s14_T1_ctrl,159,103,162.43333333333334,-0.5793092250823975,1.4218054683890113
UBFC_PHYS_s14_T1_ctrl,159,104,162.46666666666667,-1.1640464067459106,1.2687581120777025
UBFC_PHYS_s14_T1_ctrl,159,105,162.5,-1.6450282335281372,0.9880495799669895
UBFC_PHYS_s14_T1_ctrl,159,106,162.53333333333333,-1.6431694030761719,0.6291720470284805
UBFC_PHYS_s14_T1_ctrl,159,107,162.56666666666666,-1.0477017164230347,0.2405243801105216
UBFC_PHYS_s14_T1_ctrl,159,108,162.6,-0.1559506356716156,-0.14112618840894225
UBFC_PHYS_s14_T1_ctrl,159,109,162.63333333333333,0.6671370267868042,-0.49298559608553577
UBFC_PHYS_s14_T1_ctrl,159,110,162.66666666666666,1.240214467048645,-0.801083415320323
UBFC_PHYS_s14_T1_ctrl,159,111,162.7,1.4879997968673706,-1.0518906970274704
UBFC_PHYS_s14_T1_ctrl,159,112,162.73333333333332,1.4227160215377808,-1.2262086155996028
UBFC_PHYS_s14_T1_ctrl,159,113,162.76666666666668,1.2072064876556396,-1.2993572879513684
UBFC_PHYS_s14_T1_ctrl,159,114,162.8,1.044081687927246,-1.2483492740395474
UBFC_PHYS_s14_T1_ctrl,159,115,162.83333333333334,0.9480148553848267,-1.0630481235476243
UBFC_PHYS_s14_T1_ctrl,159,116,162.86666666666667,0.7951979637145996,-0.7559246836924309
UBFC_PHYS_s14_T1_ctrl,159,117,162.9,0.555636465549469,-0.3650758102140943
UBFC_PHYS_s14_T1_ctrl,159,118,162.93333333333334,0.31390640139579773,0.052146364514724694
UBFC_PHYS_s14_T1_ctrl,159,119,162.96666666666667,0.06890931725502014,0.43322108717417845
UBFC_PHYS_s14_T1_ctrl,159,120,163.0,-0.29020756483078003,0.7266014194976252
UBFC_PHYS_s14_T1_ctrl,159,121,163.03333333333333,-0.8128999471664429,0.9030403349163303
UBFC_PHYS_s14_T1_ctrl,159,122,163.06666666666666,-1.3393099308013916,0.9578798626963725
UBFC_PHYS_s14_T1_ctrl,159,123,163.1,-1.5531015396118164,0.9049375345571805
UBFC_PHYS_s14_T1_ctrl,159,124,163.13333333333333,-1.2321466207504272,0.7667365777586977
UBFC_PHYS_s14_T1_ctrl,159,125,163.16666666666666,-0.4921421706676483,0.5668604843038291
UBFC_PHYS_s14_T1_ctrl,159,126,163.2,0.3515895903110504,0.3277114175973305
UBFC_PHYS_s14_T1_ctrl,159,127,163.23333333333332,1.055769681930542,0.07294590247759039
UBFC_PHYS_s14_T1_ctrl,159,128,163.26666666666668,1.4650744199752808,-0.1689960262724844
UBFC_PHYS_s14_T1_ctrl,159,129,163.3,1.5021098852157593,-0.3643081448576815
UBFC_PHYS_s14_T1_ctrl,159,130,163.33333333333334,1.2688007354736328,-0.4784347657085357
UBFC_PHYS_s14_T1_ctrl,159,131,163.36666666666667,0.979107677936554,-0.4852021126171642
UBFC_PHYS_s14_T1_ctrl,159,132,163.4,0.7677945494651794,-0.37711143706149375
UBFC_PHYS_s14_T1_ctrl,159,133,163.43333333333334,0.6362413167953491,-0.1721373178691943
UBFC_PHYS_s14_T1_ctrl,159,134,163.46666666666667,0.5409631133079529,0.08697456138401856
UBFC_PHYS_s14_T1_ctrl,159,135,163.5,0.4364190399646759,0.3422946461618636
UBFC_PHYS_s14_T1_ctrl,159,136,163.53333333333333,0.2845596969127655,0.5367151117164923
UBFC_PHYS_s14_T1_ctrl,159,137,163.56666666666666,0.0480680912733078,0.6303253534441896
UBFC_PHYS_s14_T1_ctrl,159,138,163.6,-0.33405864238739014,0.6098159168790724
UBFC_PHYS_s14_T1_ctrl,159,139,163.63333333333333,-0.8853936195373535,0.486550015061047
UBFC_PHYS_s14_T1_ctrl,159,140,163.66666666666666,-1.4274626970291138,0.2855419473823934
UBFC_PHYS_s14_T1_ctrl,159,141,163.7,-1.5956852436065674,0.03282792580658624
UBFC_PHYS_s14_T1_ctrl,159,142,163.73333333333332,-1.1781002283096313,-0.2515997955374054
UBFC_PHYS_s14_T1_ctrl,159,143,163.76666666666668,-0.36940422654151917,-0.5526115719308522
UBFC_PHYS_s14_T1_ctrl,159,144,163.8,0.4184223413467407,-0.8527005733375224
UBFC_PHYS_s14_T1_ctrl,159,145,163.83333333333334,0.9394248723983765,-1.1239523498780994
UBFC_PHYS_s14_T1_ctrl,159,146,163.86666666666667,1.135107159614563,-1.3250170590259087
UBFC_PHYS_s14_T1_ctrl,159,147,163.9,1.0428987741470337,-1.4067626615415103
UBFC_PHYS_s14_T1_ctrl,159,148,163.93333333333334,0.8052805662155151,-1.3262604055623295
UBFC_PHYS_s14_T1_ctrl,159,149,163.96666666666667,0.6005296111106873,-1.0643663180846816
UBFC_PHYS_s14_T1_ctrl,159,150,164.0,0.4900711178779602,-0.6393238750740873
UBFC_PHYS_s14_T1_ctrl,159,151,164.03333333333333,0.4061710834503174,-0.10917043936687121
UBFC_PHYS_s14_T1_ctrl,159,152,164.06666666666666,0.28422173857688904,0.44020439447575466
UBFC_PHYS_s14_T1_ctrl,159,153,164.1,0.1178017109632492,0.9179851530556681
UBFC_PHYS_s14_T1_ctrl,159,154,164.13333333333333,-0.10657945275306702,1.2530278022631336
UBFC_PHYS_s14_T1_ctrl,159,155,164.16666666666666,-0.43313896656036377,1.409520156458672
UBFC_PHYS_s14_T1_ctrl,159,156,164.2,-0.858497142791748,1.3881673546843105
UBFC_PHYS_s14_T1_ctrl,159,157,164.23333333333332,-1.2461721897125244,1.2154006037748488
UBFC_PHYS_s14_T1_ctrl,159,158,164.26666666666668,-1.3482941389083862,0.9288508716453578
UBFC_PHYS_s14_T1_ctrl,159,159,164.3,-1.00247061252594,0.5675562884734608
UBFC_PHYS_s14_T1_ctrl,159,160,164.33333333333334,-0.3103446960449219,0.17037600258905114
UBFC_PHYS_s14_T1_ctrl,159,161,164.36666666666667,0.46903273463249207,-0.2201034346756774
UBFC_PHYS_s14_T1_ctrl,159,162,164.4,1.0941851139068604,-0.5540910329522081
UBFC_PHYS_s14_T1_ctrl,159,163,164.43333333333334,1.3873704671859741,-0.7769231414792245
UBFC_PHYS_s14_T1_ctrl,159,164,164.46666666666667,1.292880892753601,-0.8395060401470978
UBFC_PHYS_s14_T1_ctrl,159,165,164.5,0.9644906520843506,-0.7147077170516665
UBFC_PHYS_s14_T1_ctrl,159,166,164.53333333333333,0.6628279685974121,-0.4131786507377504
UBFC_PHYS_s14_T1_ctrl,159,167,164.56666666666666,0.48722654581069946,0.009960711411336965
UBFC_PHYS_s14_T1_ctrl,159,168,164.6,0.34145063161849976,0.46400533934272986
UBFC_PHYS_s14_T1_ctrl,159,169,164.63333333333333,0.1361926943063736,0.8469511177198509
UBFC_PHYS_s14_T1_ctrl,159,170,164.66666666666666,-0.10193242132663727,1.0764430510402971
UBFC_PHYS_s14_T1_ctrl,159,171,164.7,-0.3310169577598572,1.1138424386383254
UBFC_PHYS_s14_T1_ctrl,159,172,164.73333333333332,-0.6273285150527954,0.9708797228984185
UBFC_PHYS_s14_T1_ctrl,159,173,164.76666666666668,-1.0721479654312134,0.6972126155815764
UBFC_PHYS_s14_T1_ctrl,159,174,164.8,-1.4780731201171875,0.3564729368710875
UBFC_PHYS_s14_T1_ctrl,159,175,164.83333333333334,-1.4980130195617676,0.0029270192523010987
UBFC_PHYS_s14_T1_ctrl,159,176,164.86666666666667,-1.0328311920166016,-0.3314034154526284
UBFC_PHYS_s14_T1_ctrl,159,177,164.9,-0.29857221245765686,-0.6358212247167147
UBFC_PHYS_s14_T1_ctrl,159,178,164.93333333333334,0.43748924136161804,-0.9094089497698074
UBFC_PHYS_s14_T1_ctrl,159,179,164.96666666666667,0.973446786403656,-1.1461231502011027
UBFC_PHYS_s14_T1_ctrl,159,180,165.0,1.1664252281188965,-1.3246279182253666
UBFC_PHYS_s14_T1_ctrl,159,181,165.03333333333333,1.012622594833374,-1.4085310732254206
UBFC_PHYS_s14_T1_ctrl,159,182,165.06666666666666,0.7093546390533447,-1.3579027614934127
UBFC_PHYS_s14_T1_ctrl,159,183,165.1,0.4648926556110382,-1.1476977132924948
UBFC_PHYS_s14_T1_ctrl,159,184,165.13333333333333,0.34435150027275085,-0.7850195302059784
UBFC_PHYS_s14_T1_ctrl,159,185,165.16666666666666,0.2603951394557953,-0.3164739721686752
UBFC_PHYS_s14_T1_ctrl,159,186,165.2,0.13681229948997498,0.18009403156208903
UBFC_PHYS_s14_T1_ctrl,159,187,165.23333333333332,0.014102522283792496,0.618344126951845
UBFC_PHYS_s14_T1_ctrl,159,188,165.26666666666668,-0.1015944555401802,0.9312595964041608
UBFC_PHYS_s14_T1_ctrl,159,189,165.3,-0.35112592577934265,1.0905774251459062
UBFC_PHYS_s14_T1_ctrl,159,190,165.33333333333334,-0.8139138221740723,1.108438461615413
UBFC_PHYS_s14_T1_ctrl,159,191,165.36666666666667,-1.277011513710022,1.0217114978316817
UBFC_PHYS_s14_T1_ctrl,159,192,165.4,-1.350490927696228,0.8689643965964938
UBFC_PHYS_s14_T1_ctrl,159,193,165.43333333333334,-0.8707202672958374,0.673304055258312
UBFC_PHYS_s14_T1_ctrl,159,194,165.46666666666667,-0.08748438209295273,0.4392909696412882
UBFC_PHYS_s14_T1_ctrl,159,195,165.5,0.6244125366210938,0.16320686366769918
UBFC_PHYS_s14_T1_ctrl,159,196,165.53333333333333,1.0570088624954224,-0.15083548145902978
UBFC_PHYS_s14_T1_ctrl,159,197,165.56666666666666,1.1579480171203613,-0.47846647523602176
UBFC_PHYS_s14_T1_ctrl,159,198,165.6,0.9682083129882812,-0.7733605638982591
UBFC_PHYS_s14_T1_ctrl,159,199,165.63333333333333,0.685077428817749,-0.97798849796421
UBFC_PHYS_s14_T1_ctrl,159,200,165.66666666666666,0.505702018737793,-1.0427444983511667
UBFC_PHYS_s14_T1_ctrl,159,201,165.7,0.4214640259742737,-0.9453771141154911
UBFC_PHYS_s14_T1_ctrl,159,202,165.73333333333332,0.3104422390460968,-0.7020408031406238
UBFC_PHYS_s14_T1_ctrl,159,203,165.76666666666668,0.1438814103603363,-0.364436791359302
UBFC_PHYS_s14_T1_ctrl,159,204,165.8,-0.018905475735664368,-0.003407534066231961
UBFC_PHYS_s14_T1_ctrl,159,205,165.83333333333334,-0.19487303495407104,0.31431970558188244
UBFC_PHYS_s14_T1_ctrl,159,206,165.86666666666667,-0.48822739720344543,0.5457721371099882
UBFC_PHYS_s14_T1_ctrl,159,207,165.9,-0.9561693072319031,0.678825860446254
UBFC_PHYS_s14_T1_ctrl,159,208,165.93333333333334,-1.4625548124313354,0.7247537329781802
UBFC_PHYS_s14_T1_ctrl,159,209,165.96666666666667,-1.6765153408050537,0.7023112231865407
UBFC_PHYS_s14_T1_ctrl,159,210,166.0,-1.3307199478149414,0.6236092055894028
UBFC_PHYS_s14_T1_ctrl,159,211,166.03333333333333,-0.5183908343315125,0.4900923513429244
UBFC_PHYS_s14_T1_ctrl,159,212,166.06666666666666,0.36795276403427124,0.3002608536975056
UBFC_PHYS_s14_T1_ctrl,159,213,166.1,1.0579382181167603,0.06362040869368747
UBFC_PHYS_s14_T1_ctrl,159,214,166.13333333333333,1.4529922008514404,-0.18811927519409566
UBFC_PHYS_s14_T1_ctrl,159,215,166.16666666666666,1.5355122089385986,-0.40024606878128377
UBFC_PHYS_s14_T1_ctrl,159,216,166.2,1.3957351446151733,-0.5074324675372596
UBFC_PHYS_s14_T1_ctrl,159,217,166.23333333333332,1.197856068611145,-0.45592842867263045
UBFC_PHYS_s14_T1_ctrl,159,218,166.26666666666668,1.0143687725067139,-0.22713825905046167
UBFC_PHYS_s14_T1_ctrl,159,219,166.3,0.7895933389663696,0.1478712674255107
UBFC_PHYS_s14_T1_ctrl,159,220,166.33333333333334,0.4935915768146515,0.5911700053448166
UBFC_PHYS_s14_T1_ctrl,159,221,166.36666666666667,0.184747114777565,0.9993903461197313
UBFC_PHYS_s14_T1_ctrl,159,222,166.4,-0.09418737143278122,1.2757264790578555
UBFC_PHYS_s14_T1_ctrl,159,223,166.43333333333334,-0.41077688336372375,1.3586058223997863
UBFC_PHYS_s14_T1_ctrl,159,224,166.46666666666667,-0.8523855805397034,1.2352892283872805
UBFC_PHYS_s14_T1_ctrl,159,225,166.5,-1.3763453960418701,0.936963745711732
UBFC_PHYS_s14_T1_ctrl,159,226,166.53333333333333,-1.752782940864563,0.5209352315916322
UBFC_PHYS_s14_T1_ctrl,159,227,166.56666666666666,-1.709326148033142,0.050311960085020535
UBFC_PHYS_s14_T1_ctrl,159,228,166.6,-1.1839582920074463,-0.41999476292399407
UBFC_PHYS_s14_T1_ctrl,159,229,166.63333333333333,-0.3950614631175995,-0.8478120371963057
UBFC_PHYS_s14_T1_ctrl,159,230,166.66666666666666,0.349392831325531,-1.2013905813236754
UBFC_PHYS_s14_T1_ctrl,159,231,166.7,0.8345428109169006,-1.4557302501392957
UBFC_PHYS_s14_T1_ctrl,159,232,166.73333333333332,0.9804595708847046,-1.5921684264163545
UBFC_PHYS_s14_T1_ctrl,159,233,166.76666666666668,0.8615237474441528,-1.6023526138093331
UBFC_PHYS_s14_T1_ctrl,159,234,166.8,0.6675031781196594,-1.4938093256456004
UBFC_PHYS_s14_T1_ctrl,159,235,166.83333333333334,0.5385128855705261,-1.2920354214779273
UBFC_PHYS_s14_T1_ctrl,159,236,166.86666666666667,0.47325730323791504,-1.0348442830009317
UBFC_PHYS_s14_T1_ctrl,159,237,166.9,0.3943422734737396,-0.7592478476975961
UBFC_PHYS_s14_T1_ctrl,159,238,166.93333333333334,0.28103920817375183,-0.48745074196625326
UBFC_PHYS_s14_T1_ctrl,159,239,166.96666666666667,0.16863740980625153,-0.22110448882413616
UBFC_PHYS_s14_T1_ctrl,160,0,160.0,-0.12206955254077911,-0.11274276058314094
UBFC_PHYS_s14_T1_ctrl,160,1,160.03333333333333,-0.5052383542060852,0.2943920426873541
UBFC_PHYS_s14_T1_ctrl,160,2,160.06666666666666,-0.9612388014793396,0.626798142807874
UBFC_PHYS_s14_T1_ctrl,160,3,160.1,-1.46244215965271,0.8268054188340559
UBFC_PHYS_s14_T1_ctrl,160,4,160.13333333333333,-1.8443999290466309,0.8707730649588523
UBFC_PHYS_s14_T1_ctrl,160,5,160.16666666666666,-1.7876780033111572,0.7705124592284136
UBFC_PHYS_s14_T1_ctrl,160,6,160.2,-1.1643562316894531,0.5628574856807735
UBFC_PHYS_s14_T1_ctrl,160,7,160.23333333333332,-0.2481871396303177,0.293535428123337
UBFC_PHYS_s14_T1_ctrl,160,8,160.26666666666668,0.577266275882721,0.0031443419453795404
UBFC_PHYS_s14_T1_ctrl,160,9,160.3,1.0951144695281982,-0.279601484408197
UBFC_PHYS_s14_T1_ctrl,160,10,160.33333333333334,1.2426084280014038,-0.536447308399026
UBFC_PHYS_s14_T1_ctrl,160,11,160.36666666666667,1.0756250619888306,-0.75275249769863
UBFC_PHYS_s14_T1_ctrl,160,12,160.4,0.8004927635192871,-0.9099178944514752
UBFC_PHYS_s14_T1_ctrl,160,13,160.43333333333334,0.6564629673957825,-0.9819177263349281
UBFC_PHYS_s14_T1_ctrl,160,14,160.46666666666667,0.6893019676208496,-0.9393218784203081
UBFC_PHYS_s14_T1_ctrl,160,15,160.5,0.7300268411636353,-0.7609178912119762
UBFC_PHYS_s14_T1_ctrl,160,16,160.53333333333333,0.6255672574043274,-0.4485037768896963
UBFC_PHYS_s14_T1_ctrl,160,17,160.56666666666666,0.41400063037872314,-0.03705489936888204
UBFC_PHYS_s14_T1_ctrl,160,18,160.6,0.17719921469688416,0.4070715738732145
UBFC_PHYS_s14_T1_ctrl,160,19,160.63333333333333,-0.08649864792823792,0.8019591453495262
UBFC_PHYS_s14_T1_ctrl,160,20,160.66666666666666,-0.41905704140663147,1.0740955223974373
UBFC_PHYS_s14_T1_ctrl,160,21,160.7,-0.8273198008537292,1.1795320207382318
UBFC_PHYS_s14_T1_ctrl,160,22,160.73333333333332,-1.2552690505981445,1.113142606112797
UBFC_PHYS_s14_T1_ctrl,160,23,160.76666666666668,-1.5057299137115479,0.90361617706838
UBFC_PHYS_s14_T1_ctrl,160,24,160.8,-1.3035136461257935,0.5986180745676726
UBFC_PHYS_s14_T1_ctrl,160,25,160.83333333333334,-0.6362001299858093,0.24803356699942622
UBFC_PHYS_s14_T1_ctrl,160,26,160.86666666666667,0.17900170385837555,-0.1076435709005817
UBFC_PHYS_s14_T1_ctrl,160,27,160.9,0.820432722568512,-0.44041520267365125
UBFC_PHYS_s14_T1_ctrl,160,28,160.93333333333334,1.1597223281860352,-0.7302289867121353
UBFC_PHYS_s14_T1_ctrl,160,29,160.96666666666667,1.1661999225616455,-0.9569028423339483
UBFC_PHYS_s14_T1_ctrl,160,30,161.0,0.9057691097259521,-1.0941944476318664
UBFC_PHYS_s14_T1_ctrl,160,31,161.03333333333333,0.6157662272453308,-1.110895688597357
UBFC_PHYS_s14_T1_ctrl,160,32,161.06666666666666,0.4899866282939911,-0.9806457736012534
UBFC_PHYS_s14_T1_ctrl,160,33,161.1,0.45627450942993164,-0.6973777148134301
UBFC_PHYS_s14_T1_ctrl,160,34,161.13333333333333,0.3656996786594391,-0.28886669274103494
UBFC_PHYS_s14_T1_ctrl,160,35,161.16666666666666,0.21913515031337738,0.18038246604291644
UBFC_PHYS_s14_T1_ctrl,160,36,161.2,0.07302124053239822,0.621853190781021
UBFC_PHYS_s14_T1_ctrl,160,37,161.23333333333332,-0.12012624740600586,0.9484445967578831
UBFC_PHYS_s14_T1_ctrl,160,38,161.26666666666668,-0.4571627080440521,1.1018204332048283
UBFC_PHYS_s14_T1_ctrl,160,39,161.3,-0.9576056599617004,1.0688162069811395
UBFC_PHYS_s14_T1_ctrl,160,40,161.33333333333334,-1.4554857015609741,0.8802514783280996
UBFC_PHYS_s14_T1_ctrl,160,41,161.36666666666667,-1.6199060678482056,0.5949118113683741
UBFC_PHYS_s14_T1_ctrl,160,42,161.4,-1.2407366037368774,0.277430909138987
UBFC_PHYS_s14_T1_ctrl,160,43,161.43333333333334,-0.46431630849838257,-0.02047852101628793
UBFC_PHYS_s14_T1_ctrl,160,44,161.46666666666667,0.3658968210220337,-0.26906877073929525
UBFC_PHYS_s14_T1_ctrl,160,45,161.5,0.9822338819503784,-0.4584010998852188
UBFC_PHYS_s14_T1_ctrl,160,46,161.53333333333333,1.2424393892288208,-0.5883291240933285
UBFC_PHYS_s14_T1_ctrl,160,47,161.56666666666666,1.16608726978302,-0.6571195675359768
UBFC_PHYS_s14_T1_ctrl,160,48,161.6,0.9151476621627808,-0.6555901002954626
UBFC_PHYS_s14_T1_ctrl,160,49,161.63333333333333,0.6807401776313782,-0.5706227986027123
UBFC_PHYS_s14_T1_ctrl,160,50,161.66666666666666,0.5164042711257935,-0.39637931063740317
UBFC_PHYS_s14_T1_ctrl,160,51,161.7,0.35623663663864136,-0.1465096700751457
UBFC_PHYS_s14_T1_ctrl,160,52,161.73333333333332,0.17308729887008667,0.14074167682797517
UBFC_PHYS_s14_T1_ctrl,160,53,161.76666666666668,0.014215177856385708,0.4091985720537634
UBFC_PHYS_s14_T1_ctrl,160,54,161.8,-0.11446532607078552,0.6012144718996749
UBFC_PHYS_s14_T1_ctrl,160,55,161.83333333333334,-0.33794525265693665,0.6763881089791758
UBFC_PHYS_s14_T1_ctrl,160,56,161.86666666666667,-0.8030144572257996,0.6240580306346741
UBFC_PHYS_s14_T1_ctrl,160,57,161.9,-1.440643310546875,0.464610736356486
UBFC_PHYS_s14_T1_ctrl,160,58,161.93333333333334,-1.8889551162719727,0.24000730040660653
UBFC_PHYS_s14_T1_ctrl,160,59,161.96666666666667,-1.7874808311462402,-0.0016309921480059698
UBFC_PHYS_s14_T1_ctrl,160,60,162.0,-1.1101971864700317,-0.22083106083366835
UBFC_PHYS_s14_T1_ctrl,160,61,162.03333333333333,-0.17006070911884308,-0.3954607368178003
UBFC_PHYS_s14_T1_ctrl,160,62,162.06666666666666,0.656350314617157,-0.5206220726443282
UBFC_PHYS_s14_T1_ctrl,160,63,162.1,1.1681996583938599,-0.6007639317817252
UBFC_PHYS_s14_T1_ctrl,160,64,162.13333333333333,1.310004472732544,-0.6385417174067745
UBFC_PHYS_s14_T1_ctrl,160,65,162.16666666666666,1.1545964479446411,-0.6268218310094998
UBFC_PHYS_s14_T1_ctrl,160,66,162.2,0.9082193374633789,-0.5492018010080788
UBFC_PHYS_s14_T1_ctrl,160,67,162.23333333333332,0.7426442503929138,-0.39008111571511717
UBFC_PHYS_s14_T1_ctrl,160,68,162.26666666666668,0.6363539695739746,-0.14923502919904652
UBFC_PHYS_s14_T1_ctrl,160,69,162.3,0.5107715129852295,0.14799913582991925
UBFC_PHYS_s14_T1_ctrl,160,70,162.33333333333334,0.37474024295806885,0.4522158076052779
UBFC_PHYS_s14_T1_ctrl,160,71,162.36666666666667,0.19936414062976837,0.7040031002167468
UBFC_PHYS_s14_T1_ctrl,160,72,162.4,-0.1055937185883522,0.8539863379895251
UBFC_PHYS_s14_T1_ctrl,160,73,162.43333333333334,-0.5793092250823975,0.878713717867418
UBFC_PHYS_s14_T1_ctrl,160,74,162.46666666666667,-1.1640464067459106,0.7851487883572831
UBFC_PHYS_s14_T1_ctrl,160,75,162.5,-1.6450282335281372,0.6031308289812803
UBFC_PHYS_s14_T1_ctrl,160,76,162.53333333333333,-1.6431694030761719,0.370846450178948
UBFC_PHYS_s14_T1_ctrl,160,77,162.56666666666666,-1.0477017164230347,0.12069563669586175
UBFC_PHYS_s14_T1_ctrl,160,78,162.6,-0.1559506356716156,-0.12829339579110358
UBFC_PHYS_s14_T1_ctrl,160,79,162.63333333333333,0.6671370267868042,-0.3689450160702863
UBFC_PHYS_s14_T1_ctrl,160,80,162.66666666666666,1.240214467048645,-0.5969921336610596
UBFC_PHYS_s14_T1_ctrl,160,81,162.7,1.4879997968673706,-0.7998893273224569
UBFC_PHYS_s14_T1_ctrl,160,82,162.73333333333332,1.4227160215377808,-0.9501441283888672
UBFC_PHYS_s14_T1_ctrl,160,83,162.76666666666668,1.2072064876556396,-1.0083693435620862
UBFC_PHYS_s14_T1_ctrl,160,84,162.8,1.044081687927246,-0.9365740879485073
UBFC_PHYS_s14_T1_ctrl,160,85,162.83333333333334,0.9480148553848267,-0.7165825559207116
UBFC_PHYS_s14_T1_ctrl,160,86,162.86666666666667,0.7951979637145996,-0.36485554801713455
UBFC_PHYS_s14_T1_ctrl,160,87,162.9,0.555636465549469,0.06458880476738568
UBFC_PHYS_s14_T1_ctrl,160,88,162.93333333333334,0.31390640139579773,0.4926623948065132
UBFC_PHYS_s14_T1_ctrl,160,89,162.96666666666667,0.06890931725502014,0.8390901561288614
UBFC_PHYS_s14_T1_ctrl,160,90,163.0,-0.29020756483078003,1.0470617405269191
UBFC_PHYS_s14_T1_ctrl,160,91,163.03333333333333,-0.8128999471664429,1.0971546064891937
UBFC_PHYS_s14_T1_ctrl,160,92,163.06666666666666,-1.3393099308013916,1.0055102882429814
UBFC_PHYS_s14_T1_ctrl,160,93,163.1,-1.5531015396118164,0.8100709090274841
UBFC_PHYS_s14_T1_ctrl,160,94,163.13333333333333,-1.2321466207504272,0.5536048718230103
UBFC_PHYS_s14_T1_ctrl,160,95,163.16666666666666,-0.4921421706676483,0.27152793653825735
UBFC_PHYS_s14_T1_ctrl,160,96,163.2,0.3515895903110504,-0.011922442842390694
UBFC_PHYS_s14_T1_ctrl,160,97,163.23333333333332,1.055769681930542,-0.2803638930722452
UBFC_PHYS_s14_T1_ctrl,160,98,163.26666666666668,1.4650744199752808,-0.5185422140346153
UBFC_PHYS_s14_T1_ctrl,160,99,163.3,1.5021098852157593,-0.7064606314563904
UBFC_PHYS_s14_T1_ctrl,160,100,163.33333333333334,1.2688007354736328,-0.8181234177846457
UBFC_PHYS_s14_T1_ctrl,160,101,163.36666666666667,0.979107677936554,-0.8268355399033118
UBFC_PHYS_s14_T1_ctrl,160,102,163.4,0.7677945494651794,-0.7157090484419992
UBFC_PHYS_s14_T1_ctrl,160,103,163.43333333333334,0.6362413167953491,-0.4887668311804731
UBFC_PHYS_s14_T1_ctrl,160,104,163.46666666666667,0.5409631133079529,-0.17677087663184493
UBFC_PHYS_s14_T1_ctrl,160,105,163.5,0.4364190399646759,0.16639702829065342
UBFC_PHYS_s14_T1_ctrl,160,106,163.53333333333333,0.2845596969127655,0.4767781634724247
UBFC_PHYS_s14_T1_ctrl,160,107,163.56666666666666,0.0480680912733078,0.6980027760539187
UBFC_PHYS_s14_T1_ctrl,160,108,163.6,-0.33405864238739014,0.7959881688100565
UBFC_PHYS_s14_T1_ctrl,160,109,163.63333333333333,-0.8853936195373535,0.7644111690619907
UBFC_PHYS_s14_T1_ctrl,160,110,163.66666666666666,-1.4274626970291138,0.6199349717438801
UBFC_PHYS_s14_T1_ctrl,160,111,163.7,-1.5956852436065674,0.3915994618492718
UBFC_PHYS_s14_T1_ctrl,160,112,163.73333333333332,-1.1781002283096313,0.11070612727199196
UBFC_PHYS_s14_T1_ctrl,160,113,163.76666666666668,-0.36940422654151917,-0.19426382765556943
UBFC_PHYS_s14_T1_ctrl,160,114,163.8,0.4184223413467407,-0.49676122622079116
UBFC_PHYS_s14_T1_ctrl,160,115,163.83333333333334,0.9394248723983765,-0.7678530079305775
UBFC_PHYS_s14_T1_ctrl,160,116,163.86666666666667,1.135107159614563,-0.9729201907329622
UBFC_PHYS_s14_T1_ctrl,160,117,163.9,1.0428987741470337,-1.0734004546336182
UBFC_PHYS_s14_T1_ctrl,160,118,163.93333333333334,0.8052805662155151,-1.0350581044359224
UBFC_PHYS_s14_T1_ctrl,160,119,163.96666666666667,0.6005296111106873,-0.8406053709298628
UBFC_PHYS_s14_T1_ctrl,160,120,164.0,0.4900711178779602,-0.5013735149000823
UBFC_PHYS_s14_T1_ctrl,160,121,164.03333333333333,0.4061710834503174,-0.061957535654538466
UBFC_PHYS_s14_T1_ctrl,160,122,164.06666666666666,0.28422173857688904,0.4058487111928659
UBFC_PHYS_s14_T1_ctrl,160,123,164.1,0.1178017109632492,0.8190446487448096
UBFC_PHYS_s14_T1_ctrl,160,124,164.13333333333333,-0.10657945275306702,1.1041652875196655
UBFC_PHYS_s14_T1_ctrl,160,125,164.16666666666666,-0.43313896656036377,1.2152743163055122
UBFC_PHYS_s14_T1_ctrl,160,126,164.2,-0.858497142791748,1.1426632354999564
UBFC_PHYS_s14_T1_ctrl,160,127,164.23333333333332,-1.2461721897125244,0.90987788035948
UBFC_PHYS_s14_T1_ctrl,160,128,164.26666666666668,-1.3482941389083862,0.5622488780395432
UBFC_PHYS_s14_T1_ctrl,160,129,164.3,-1.00247061252594,0.1535486098187265
UBFC_PHYS_s14_T1_ctrl,160,130,164.33333333333334,-0.3103446960449219,-0.26350517450921224
UBFC_PHYS_s14_T1_ctrl,160,131,164.36666666666667,0.46903273463249207,-0.640911771303722
UBFC_PHYS_s14_T1_ctrl,160,132,164.4,1.0941851139068604,-0.9349051477303228
UBFC_PHYS_s14_T1_ctrl,160,133,164.43333333333334,1.3873704671859741,-1.1051756695071986
UBFC_PHYS_s14_T1_ctrl,160,134,164.46666666666667,1.292880892753601,-1.1177837166453417
UBFC_PHYS_s14_T1_ctrl,160,135,164.5,0.9644906520843506,-0.9535076653734919
UBFC_PHYS_s14_T1_ctrl,160,136,164.53333333333333,0.6628279685974121,-0.6193207894767877
UBFC_PHYS_s14_T1_ctrl,160,137,164.56666666666666,0.48722654581069946,-0.15693222429490872
UBFC_PHYS_s14_T1_ctrl,160,138,164.6,0.34145063161849976,0.35859973177599697
UBFC_PHYS_s14_T1_ctrl,160,139,164.63333333333333,0.1361926943063736,0.8336096034564909
UBFC_PHYS_s14_T1_ctrl,160,140,164.66666666666666,-0.10193242132663727,1.1802726553050398
UBFC_PHYS_s14_T1_ctrl,160,141,164.7,-0.3310169577598572,1.3409808435608368
UBFC_PHYS_s14_T1_ctrl,160,142,164.73333333333332,-0.6273285150527954,1.3020609803698797
UBFC_PHYS_s14_T1_ctrl,160,143,164.76666666666668,-1.0721479654312134,1.0914020964514344
UBFC_PHYS_s14_T1_ctrl,160,144,164.8,-1.4780731201171875,0.7627262857026601
UBFC_PHYS_s14_T1_ctrl,160,145,164.83333333333334,-1.4980130195617676,0.37526784400491886
UBFC_PHYS_s14_T1_ctrl,160,146,164.86666666666667,-1.0328311920166016,-0.022010591197401484
UBFC_PHYS_s14_T1_ctrl,160,147,164.9,-0.29857221245765686,-0.3965487169345565
UBFC_PHYS_s14_T1_ctrl,160,148,164.93333333333334,0.43748924136161804,-0.7285959413915634
UBFC_PHYS_s14_T1_ctrl,160,149,164.96666666666667,0.973446786403656,-1.0018707205866224
UBFC_PHYS_s14_T1_ctrl,160,150,165.0,1.1664252281188965,-1.1945786141163839
UBFC_PHYS_s14_T1_ctrl,160,151,165.03333333333333,1.012622594833374,-1.2766399946219698
UBFC_PHYS_s14_T1_ctrl,160,152,165.06666666666666,0.7093546390533447,-1.216338098635853
UBFC_PHYS_s14_T1_ctrl,160,153,165.1,0.4648926556110382,-0.9951092003535406
UBFC_PHYS_s14_T1_ctrl,160,154,165.13333333333333,0.34435150027275085,-0.6242647782478263
UBFC_PHYS_s14_T1_ctrl,160,155,165.16666666666666,0.2603951394557953,-0.15441598693236344
UBFC_PHYS_s14_T1_ctrl,160,156,165.2,0.13681229948997498,0.33036858788509466
UBFC_PHYS_s14_T1_ctrl,160,157,165.23333333333332,0.014102522283792496,0.7348897109734835
UBFC_PHYS_s14_T1_ctrl,160,158,165.26666666666668,-0.1015944555401802,0.9830181684985008
UBFC_PHYS_s14_T1_ctrl,160,159,165.3,-0.35112592577934265,1.0414355833901925
UBFC_PHYS_s14_T1_ctrl,160,160,165.33333333333334,-0.8139138221740723,0.9260682919191111
UBFC_PHYS_s14_T1_ctrl,160,161,165.36666666666667,-1.277011513710022,0.6898784968390733
UBFC_PHYS_s14_T1_ctrl,160,162,165.4,-1.350490927696228,0.39950937471251785
UBFC_PHYS_s14_T1_ctrl,160,163,165.43333333333334,-0.8707202672958374,0.11217628027159009
UBFC_PHYS_s14_T1_ctrl,160,164,165.46666666666667,-0.08748438209295273,-0.13779292418967598
UBFC_PHYS_s14_T1_ctrl,160,165,165.5,0.6244125366210938,-0.3392227860547134
UBFC_PHYS_s14_T1_ctrl,160,166,165.53333333333333,1.0570088624954224,-0.49402283750586046
UBFC_PHYS_s14_T1_ctrl,160,167,165.56666666666666,1.1579480171203613,-0.6038982972681677
UBFC_PHYS_s14_T1_ctrl,160,168,165.6,0.9682083129882812,-0.6615615099794111
UBFC_PHYS_s14_T1_ctrl,160,169,165.63333333333333,0.685077428817749,-0.6511085735703284
UBFC_PHYS_s14_T1_ctrl,160,170,165.66666666666666,0.505702018737793,-0.5569771583257567
UBFC_PHYS_s14_T1_ctrl,160,171,165.7,0.4214640259742737,-0.3761401703742376
UBFC_PHYS_s14_T1_ctrl,160,172,165.73333333333332,0.3104422390460968,-0.12638367968075526
UBFC_PHYS_s14_T1_ctrl,160,173,165.76666666666668,0.1438814103603363,0.15442349942632477
UBFC_PHYS_s14_T1_ctrl,160,174,165.8,-0.018905475735664368,0.41826930030168513
UBFC_PHYS_s14_T1_ctrl,160,175,165.83333333333334,-0.19487303495407104,0.6213830369344238
UBFC_PHYS_s14_T1_ctrl,160,176,165.86666666666667,-0.48822739720344543,0.7360930876634564
UBFC_PHYS_s14_T1_ctrl,160,177,165.9,-0.9561693072319031,0.7549445658317566
UBFC_PHYS_s14_T1_ctrl,160,178,165.93333333333334,-1.4625548124313354,0.6865488068410175
UBFC_PHYS_s14_T1_ctrl,160,179,165.96666666666667,-1.6765153408050537,0.5470725064626168
UBFC_PHYS_s14_T1_ctrl,160,180,166.0,-1.3307199478149414,0.35271398782412783
UBFC_PHYS_s14_T1_ctrl,160,181,166.03333333333333,-0.5183908343315125,0.11699342625588363
UBFC_PHYS_s14_T1_ctrl,160,182,166.06666666666666,0.36795276403427124,-0.14628075880549793
UBFC_PHYS_s14_T1_ctrl,160,183,166.1,1.0579382181167603,-0.41667804457135893
UBFC_PHYS_s14_T1_ctrl,160,184,166.13333333333333,1.4529922008514404,-0.6620123448946432
UBFC_PHYS_s14_T1_ctrl,160,185,166.16666666666666,1.5355122089385986,-0.8390778092058856
UBFC_PHYS_s14_T1_ctrl,160,186,166.2,1.3957351446151733,-0.9024109539441314
UBFC_PHYS_s14_T1_ctrl,160,187,166.23333333333332,1.197856068611145,-0.8191914732291011
UBFC_PHYS_s14_T1_ctrl,160,188,166.26666666666668,1.0143687725067139,-0.5846928790449599
UBFC_PHYS_s14_T1_ctrl,160,189,166.3,0.7895933389663696,-0.23101537972772873
UBFC_PHYS_s14_T1_ctrl,160,190,166.33333333333334,0.4935915768146515,0.1766495926932415
UBFC_PHYS_s14_T1_ctrl,160,191,166.36666666666667,0.184747114777565,0.5568691314670025
UBFC_PHYS_s14_T1_ctrl,160,192,166.4,-0.09418737143278122,0.8356961052107759
UBFC_PHYS_s14_T1_ctrl,160,193,166.43333333333334,-0.41077688336372375,0.9670362666870326
UBFC_PHYS_s14_T1_ctrl,160,194,166.46666666666667,-0.8523855805397034,0.9415471139298633
UBFC_PHYS_s14_T1_ctrl,160,195,166.5,-1.3763453960418701,0.7822162831990852
UBFC_PHYS_s14_T1_ctrl,160,196,166.53333333333333,-1.752782940864563,0.5308499333396786
UBFC_PHYS_s14_T1_ctrl,160,197,166.56666666666666,-1.709326148033142,0.2327250673588715
UBFC_PHYS_s14_T1_ctrl,160,198,166.6,-1.1839582920074463,-0.07414501696188207
UBFC_PHYS_s14_T1_ctrl,160,199,166.63333333333333,-0.3950614631175995,-0.3620534197651344
UBFC_PHYS_s14_T1_ctrl,160,200,166.66666666666666,0.349392831325531,-0.6097889925538914
UBFC_PHYS_s14_T1_ctrl,160,201,166.7,0.8345428109169006,-0.7958805889897733
UBFC_PHYS_s14_T1_ctrl,160,202,166.73333333333332,0.9804595708847046,-0.8941646678415387
UBFC_PHYS_s14_T1_ctrl,160,203,166.76666666666668,0.8615237474441528,-0.8759805078781329
UBFC_PHYS_s14_T1_ctrl,160,204,166.8,0.6675031781196594,-0.7200385392409541
UBFC_PHYS_s14_T1_ctrl,160,205,166.83333333333334,0.5385128855705261,-0.4264463998690573
UBFC_PHYS_s14_T1_ctrl,160,206,166.86666666666667,0.47325730323791504,-0.0275592568105242
UBFC_PHYS_s14_T1_ctrl,160,207,166.9,0.3943422734737396,0.41198723571796514
UBFC_PHYS_s14_T1_ctrl,160,208,166.93333333333334,0.28103920817375183,0.8091998237180119
UBFC_PHYS_s14_T1_ctrl,160,209,166.96666666666667,0.16863740980625153,1.0864008975093584
UBFC_PHYS_s14_T1_ctrl,160,210,167.0,0.03001508116722107,1.1943868202536727
UBFC_PHYS_s14_T1_ctrl,160,211,167.03333333333333,-0.2417657971382141,1.1243556530393193
UBFC_PHYS_s14_T1_ctrl,160,212,167.06666666666666,-0.6678280830383301,0.9041071158259988
UBFC_PHYS_s14_T1_ctrl,160,213,167.1,-1.0850187540054321,0.5823368576999548
UBFC_PHYS_s14_T1_ctrl,160,214,167.13333333333333,-1.2155580520629883,0.20971454919582702
UBFC_PHYS_s14_T1_ctrl,160,215,167.16666666666666,-0.8895336985588074,-0.1747592383950453
UBFC_PHYS_s14_T1_ctrl,160,216,167.2,-0.2248956710100174,-0.5474660282118982
UBFC_PHYS_s14_T1_ctrl,160,217,167.23333333333332,0.47486263513565063,-0.8943178830482211
UBFC_PHYS_s14_T1_ctrl,160,218,167.26666666666668,0.9648568034172058,-1.1997039403862333
UBFC_PHYS_s14_T1_ctrl,160,219,167.3,1.151554822921753,-1.4367162194272347
UBFC_PHYS_s14_T1_ctrl,160,220,167.33333333333334,1.0465881824493408,-1.565063046804529
UBFC_PHYS_s14_T1_ctrl,160,221,167.36666666666667,0.7722725868225098,-1.5401814074653564
UBFC_PHYS_s14_T1_ctrl,160,222,167.4,0.5135597586631775,-1.33163519460289
UBFC_PHYS_s14_T1_ctrl,160,223,167.43333333333334,0.3420983850955963,-0.9432371369648338
UBFC_PHYS_s14_T1_ctrl,160,224,167.46666666666667,0.18880270421504974,-0.4245175986626937
UBFC_PHYS_s14_T1_ctrl,160,225,167.5,0.021565934643149376,0.13463704282845387
UBFC_PHYS_s14_T1_ctrl,160,226,167.53333333333333,-0.10184793174266815,0.627176781985561
UBFC_PHYS_s14_T1_ctrl,160,227,167.56666666666666,-0.21582691371440887,0.9617357339592336
UBFC_PHYS_s14_T1_ctrl,160,228,167.6,-0.4722021818161011,1.0907175851024253
UBFC_PHYS_s14_T1_ctrl,160,229,167.63333333333333,-0.9327087998390198,1.0209620597908353
UBFC_PHYS_s14_T1_ctrl,160,230,167.66666666666666,-1.4025377035140991,0.8043274194012583
UBFC_PHYS_s14_T1_ctrl,160,231,167.7,-1.5477784872055054,0.515824749691255
UBFC_PHYS_s14_T1_ctrl,160,232,167.73333333333332,-1.1935057640075684,0.2300272597938068
UBFC_PHYS_s14_T1_ctrl,160,233,167.76666666666668,-0.48659390211105347,0.0035199055564724565
UBFC_PHYS_s14_T1_ctrl,160,234,167.8,0.24825653433799744,-0.1331474190152379
UBFC_PHYS_s14_T1_ctrl,160,235,167.83333333333334,0.7688929438591003,-0.17430794251932752
UBFC_PHYS_s14_T1_ctrl,160,236,167.86666666666667,0.9802342653274536,-0.13203321382056837
UBFC_PHYS_s14_T1_ctrl,160,237,167.9,0.8986718058586121,-0.02738598413274885
UBFC_PHYS_s14_T1_ctrl,160,238,167.93333333333334,0.6573923826217651,0.11645776136700964
UBFC_PHYS_s14_T1_ctrl,160,239,167.96666666666667,0.44455838203430176,0.27777115703203137
UBFC_PHYS_s14_T1_ctrl,161,0,161.0,0.9057691097259521,0.09753277721702253
UBFC_PHYS_s14_T1_ctrl,161,1,161.03333333333333,0.6157662272453308,-0.04483577422676065
UBFC_PHYS_s14_T1_ctrl,161,2,161.06666666666666,0.4899866282939911,-0.092670546486545
UBFC_PHYS_s14_T1_ctrl,161,3,161.1,0.45627450942993164,0.021831804718093234
UBFC_PHYS_s14_T1_ctrl,161,4,161.13333333333333,0.3656996786594391,0.31199129969920575
UBFC_PHYS_s14_T1_ctrl,161,5,161.16666666666666,0.21913515031337738,0.7304332435171127
UBFC_PHYS_s14_T1_ctrl,161,6,161.2,0.07302124053239822,1.183079935870442
UBFC_PHYS_s14_T1_ctrl,161,7,161.23333333333332,-0.12012624740600586,1.5598831950565686
UBFC_PHYS_s14_T1_ctrl,161,8,161.26666666666668,-0.4571627080440521,1.7702546401448387
UBFC_PHYS_s14_T1_ctrl,161,9,161.3,-0.9576056599617004,1.7679802141020615
UBFC_PHYS_s14_T1_ctrl,161,10,161.33333333333334,-1.4554857015609741,1.556859554908335
UBFC_PHYS_s14_T1_ctrl,161,11,161.36666666666667,-1.6199060678482056,1.1791182776461546
UBFC_PHYS_s14_T1_ctrl,161,12,161.4,-1.2407366037368774,0.6958628263785062
UBFC_PHYS_s14_T1_ctrl,161,13,161.43333333333334,-0.46431630849838257,0.169615254423395
UBFC_PHYS_s14_T1_ctrl,161,14,161.46666666666667,0.3658968210220337,-0.34522361240190275
UBFC_PHYS_s14_T1_ctrl,161,15,161.5,0.9822338819503784,-0.8037313399118299
UBFC_PHYS_s14_T1_ctrl,161,16,161.53333333333333,1.2424393892288208,-1.1672276268535529
UBFC_PHYS_s14_T1_ctrl,161,17,161.56666666666666,1.16608726978302,-1.4003770666651878
UBFC_PHYS_s14_T1_ctrl,161,18,161.6,0.9151476621627808,-1.4728511868465262
UBFC_PHYS_s14_T1_ctrl,161,19,161.63333333333333,0.6807401776313782,-1.366978237208375
UBFC_PHYS_s14_T1_ctrl,161,20,161.66666666666666,0.5164042711257935,-1.088567426622486
UBFC_PHYS_s14_T1_ctrl,161,21,161.7,0.35623663663864136,-0.6746741750364279
UBFC_PHYS_s14_T1_ctrl,161,22,161.73333333333332,0.17308729887008667,-0.1919085872209048
UBFC_PHYS_s14_T1_ctrl,161,23,161.76666666666668,0.014215177856385708,0.2770868166542631
UBFC_PHYS_s14_T1_ctrl,161,24,161.8,-0.11446532607078552,0.6547888881956134
UBFC_PHYS_s14_T1_ctrl,161,25,161.83333333333334,-0.33794525265693665,0.8886185422442233
UBFC_PHYS_s14_T1_ctrl,161,26,161.86666666666667,-0.8030144572257996,0.9610535446353857
UBFC_PHYS_s14_T1_ctrl,161,27,161.9,-1.440643310546875,0.886837591578271
UBFC_PHYS_s14_T1_ctrl,161,28,161.93333333333334,-1.8889551162719727,0.7004968875983296
UBFC_PHYS_s14_T1_ctrl,161,29,161.96666666666667,-1.7874808311462402,0.4412973684472631
UBFC_PHYS_s14_T1_ctrl,161,30,162.0,-1.1101971864700317,0.1423664446336716
UBFC_PHYS_s14_T1_ctrl,161,31,162.03333333333333,-0.17006070911884308,-0.17263222056493793
UBFC_PHYS_s14_T1_ctrl,161,32,162.06666666666666,0.656350314617157,-0.4856191572976708
UBFC_PHYS_s14_T1_ctrl,161,33,162.1,1.1681996583938599,-0.7762529041654708
UBFC_PHYS_s14_T1_ctrl,161,34,162.13333333333333,1.310004472732544,-1.0149787569837847
UBFC_PHYS_s14_T1_ctrl,161,35,162.16666666666666,1.1545964479446411,-1.1618005004518899
UBFC_PHYS_s14_T1_ctrl,161,36,162.2,0.9082193374633789,-1.1736306983599258
UBFC_PHYS_s14_T1_ctrl,161,37,162.23333333333332,0.7426442503929138,-1.0192037297336687
UBFC_PHYS_s14_T1_ctrl,161,38,162.26666666666668,0.6363539695739746,-0.6958979734912263
UBFC_PHYS_s14_T1_ctrl,161,39,162.3,0.5107715129852295,-0.2400327684544666
UBFC_PHYS_s14_T1_ctrl,161,40,162.33333333333334,0.37474024295806885,0.2763282190624912
UBFC_PHYS_s14_T1_ctrl,161,41,162.36666666666667,0.19936414062976837,0.7629860603367585
UBFC_PHYS_s14_T1_ctrl,161,42,162.4,-0.1055937185883522,1.1366287686436873
UBFC_PHYS_s14_T1_ctrl,161,43,162.43333333333334,-0.5793092250823975,1.3421316704310113
UBFC_PHYS_s14_T1_ctrl,161,44,162.46666666666667,-1.1640464067459106,1.3620417599668788
UBFC_PHYS_s14_T1_ctrl,161,45,162.5,-1.6450282335281372,1.2130851839596022
UBFC_PHYS_s14_T1_ctrl,161,46,162.53333333333333,-1.6431694030761719,0.9340593497442153
UBFC_PHYS_s14_T1_ctrl,161,47,162.56666666666666,-1.0477017164230347,0.5715473040191555
UBFC_PHYS_s14_T1_ctrl,161,48,162.6,-0.1559506356716156,0.16900004126576887
UBFC_PHYS_s14_T1_ctrl,161,49,162.63333333333333,0.6671370267868042,-0.2378501048249969
UBFC_PHYS_s14_T1_ctrl,161,50,162.66666666666666,1.240214467048645,-0.6192592826840422
UBFC_PHYS_s14_T1_ctrl,161,51,162.7,1.4879997968673706,-0.9460886649956024
UBFC_PHYS_s14_T1_ctrl,161,52,162.73333333333332,1.4227160215377808,-1.1851687097616048
UBFC_PHYS_s14_T1_ctrl,161,53,162.76666666666668,1.2072064876556396,-1.299719403935769
UBFC_PHYS_s14_T1_ctrl,161,54,162.8,1.044081687927246,-1.2567893766836973
UBFC_PHYS_s14_T1_ctrl,161,55,162.83333333333334,0.9480148553848267,-1.0399274554591342
UBFC_PHYS_s14_T1_ctrl,161,56,162.86666666666667,0.7951979637145996,-0.6618065228258186
UBFC_PHYS_s14_T1_ctrl,161,57,162.9,0.555636465549469,-0.17001370805703958
UBFC_PHYS_s14_T1_ctrl,161,58,162.93333333333334,0.31390640139579773,0.359029209958559
UBFC_PHYS_s14_T1_ctrl,161,59,162.96666666666667,0.06890931725502014,0.8377636017859137
UBFC_PHYS_s14_T1_ctrl,161,60,163.0,-0.29020756483078003,1.1898858601487337
UBFC_PHYS_s14_T1_ctrl,161,61,163.03333333333333,-0.8128999471664429,1.367585347319406
UBFC_PHYS_s14_T1_ctrl,161,62,163.06666666666666,-1.3393099308013916,1.3575302394986322
UBFC_PHYS_s14_T1_ctrl,161,63,163.1,-1.5531015396118164,1.176204378379792
UBFC_PHYS_s14_T1_ctrl,161,64,163.13333333333333,-1.2321466207504272,0.8595356896907215
UBFC_PHYS_s14_T1_ctrl,161,65,163.16666666666666,-0.4921421706676483,0.45238578723693834
UBFC_PHYS_s14_T1_ctrl,161,66,163.2,0.3515895903110504,0.0016393486595575445
UBFC_PHYS_s14_T1_ctrl,161,67,163.23333333333332,1.055769681930542,-0.4461671515775102
UBFC_PHYS_s14_T1_ctrl,161,68,163.26666666666668,1.4650744199752808,-0.8442712707312595
UBFC_PHYS_s14_T1_ctrl,161,69,163.3,1.5021098852157593,-1.1452993407801044
UBFC_PHYS_s14_T1_ctrl,161,70,163.33333333333334,1.2688007354736328,-1.3043235127115478
UBFC_PHYS_s14_T1_ctrl,161,71,163.36666666666667,0.979107677936554,-1.2869250514480897
UBFC_PHYS_s14_T1_ctrl,161,72,163.4,0.7677945494651794,-1.0806563246727139
UBFC_PHYS_s14_T1_ctrl,161,73,163.43333333333334,0.6362413167953491,-0.7051727919562777
UBFC_PHYS_s14_T1_ctrl,161,74,163.46666666666667,0.5409631133079529,-0.21514018592270803
UBFC_PHYS_s14_T1_ctrl,161,75,163.5,0.4364190399646759,0.3079577486219471
UBFC_PHYS_s14_T1_ctrl,161,76,163.53333333333333,0.2845596969127655,0.7741375244971318
UBFC_PHYS_s14_T1_ctrl,161,77,163.56666666666666,0.0480680912733078,1.1070876411777724
UBFC_PHYS_s14_T1_ctrl,161,78,163.6,-0.33405864238739014,1.2613000760162592
UBFC_PHYS_s14_T1_ctrl,161,79,163.63333333333333,-0.8853936195373535,1.2275803217221537
UBFC_PHYS_s14_T1_ctrl,161,80,163.66666666666666,-1.4274626970291138,1.026854996845726
UBFC_PHYS_s14_T1_ctrl,161,81,163.7,-1.5956852436065674,0.6980474171258122
UBFC_PHYS_s14_T1_ctrl,161,82,163.73333333333332,-1.1781002283096313,0.28682729452579625
UBFC_PHYS_s14_T1_ctrl,161,83,163.76666666666668,-0.36940422654151917,-0.1607659730459357
UBFC_PHYS_s14_T1_ctrl,161,84,163.8,0.4184223413467407,-0.5993789399411864
UBFC_PHYS_s14_T1_ctrl,161,85,163.83333333333334,0.9394248723983765,-0.9824216703538566
UBFC_PHYS_s14_T1_ctrl,161,86,163.86666666666667,1.135107159614563,-1.2610401941545435
UBFC_PHYS_s14_T1_ctrl,161,87,163.9,1.0428987741470337,-1.3875926030822048
UBFC_PHYS_s14_T1_ctrl,161,88,163.93333333333334,0.8052805662155151,-1.3250586690439967
UBFC_PHYS_s14_T1_ctrl,161,89,163.96666666666667,0.6005296111106873,-1.0604412555676215
UBFC_PHYS_s14_T1_ctrl,161,90,164.0,0.4900711178779602,-0.6169833409235097
UBFC_PHYS_s14_T1_ctrl,161,91,164.03333333333333,0.4061710834503174,-0.058435410356841105
UBFC_PHYS_s14_T1_ctrl,161,92,164.06666666666666,0.28422173857688904,0.5199291510979916
UBFC_PHYS_s14_T1_ctrl,161,93,164.1,0.1178017109632492,1.013453974701795
UBFC_PHYS_s14_T1_ctrl,161,94,164.13333333333333,-0.10657945275306702,1.3357621998650167
UBFC_PHYS_s14_T1_ctrl,161,95,164.16666666666666,-0.43313896656036377,1.4402850948214694
UBFC_PHYS_s14_T1_ctrl,161,96,164.2,-0.858497142791748,1.3273486977504318
UBFC_PHYS_s14_T1_ctrl,161,97,164.23333333333332,-1.2461721897125244,1.0362093220292468
UBFC_PHYS_s14_T1_ctrl,161,98,164.26666666666668,-1.3482941389083862,0.6279371002082912
UBFC_PHYS_s14_T1_ctrl,161,99,164.3,-1.00247061252594,0.1675110885465741
UBFC_PHYS_s14_T1_ctrl,161,100,164.33333333333334,-0.3103446960449219,-0.2882057505500314
UBFC_PHYS_s14_T1_ctrl,161,101,164.36666666666667,0.46903273463249207,-0.6941343798034232
UBFC_PHYS_s14_T1_ctrl,161,102,164.4,1.0941851139068604,-1.0141897089918972
UBFC_PHYS_s14_T1_ctrl,161,103,164.43333333333334,1.3873704671859741,-1.216723665486079
UBFC_PHYS_s14_T1_ctrl,161,104,164.46666666666667,1.292880892753601,-1.2731993064276534
UBFC_PHYS_s14_T1_ctrl,161,105,164.5,0.9644906520843506,-1.1629287862294992
UBFC_PHYS_s14_T1_ctrl,161,106,164.53333333333333,0.6628279685974121,-0.8829628407294456
UBFC_PHYS_s14_T1_ctrl,161,107,164.56666666666666,0.48722654581069946,-0.45844473564754284
UBFC_PHYS_s14_T1_ctrl,161,108,164.6,0.34145063161849976,0.05322356056353648
UBFC_PHYS_s14_T1_ctrl,161,109,164.63333333333333,0.1361926943063736,0.5696077554926282
UBFC_PHYS_s14_T1_ctrl,161,110,164.66666666666666,-0.10193242132663727,1.002044252550849
UBFC_PHYS_s14_T1_ctrl,161,111,164.7,-0.3310169577598572,1.2797152318687506
UBFC_PHYS_s14_T1_ctrl,161,112,164.73333333333332,-0.6273285150527954,1.3684139179877257
UBFC_PHYS_s14_T1_ctrl,161,113,164.76666666666668,-1.0721479654312134,1.275228798215095
UBFC_PHYS_s14_T1_ctrl,161,114,164.8,-1.4780731201171875,1.038386014673534
UBFC_PHYS_s14_T1_ctrl,161,115,164.83333333333334,-1.4980130195617676,0.7094020539667472
UBFC_PHYS_s14_T1_ctrl,161,116,164.86666666666667,-1.0328311920166016,0.33657363104777055
UBFC_PHYS_s14_T1_ctrl,161,117,164.9,-0.29857221245765686,-0.04433322309392542
UBFC_PHYS_s14_T1_ctrl,161,118,164.93333333333334,0.43748924136161804,-0.4106105801917872
UBFC_PHYS_s14_T1_ctrl,161,119,164.96666666666667,0.973446786403656,-0.7463051847161191
UBFC_PHYS_s14_T1_ctrl,161,120,165.0,1.1664252281188965,-1.0333802073559497
UBFC_PHYS_s14_T1_ctrl,161,121,165.03333333333333,1.012622594833374,-1.245388229231055
UBFC_PHYS_s14_T1_ctrl,161,122,165.06666666666666,0.7093546390533447,-1.3476473614338844
UBFC_PHYS_s14_T1_ctrl,161,123,165.1,0.4648926556110382,-1.3052509885029486
UBFC_PHYS_s14_T1_ctrl,161,124,165.13333333333333,0.34435150027275085,-1.096707950794952
UBFC_PHYS_s14_T1_ctrl,161,125,165.16666666666666,0.2603951394557953,-0.7279051837710523
UBFC_PHYS_s14_T1_ctrl,161,126,165.2,0.13681229948997498,-0.2398327957170709
UBFC_PHYS_s14_T1_ctrl,161,127,165.23333333333332,0.014102522283792496,0.29490505214608964
UBFC_PHYS_s14_T1_ctrl,161,128,165.26666666666668,-0.1015944555401802,0.7874347776815601
UBFC_PHYS_s14_T1_ctrl,161,129,165.3,-0.35112592577934265,1.1548997164455286
UBFC_PHYS_s14_T1_ctrl,161,130,165.33333333333334,-0.8139138221740723,1.3407722170898495
UBFC_PHYS_s14_T1_ctrl,161,131,165.36666666666667,-1.277011513710022,1.3251009353589285
UBFC_PHYS_s14_T1_ctrl,161,132,165.4,-1.350490927696228,1.1226442199856093
UBFC_PHYS_s14_T1_ctrl,161,133,165.43333333333334,-0.8707202672958374,0.7732013191314376
UBFC_PHYS_s14_T1_ctrl,161,134,165.46666666666667,-0.08748438209295273,0.33034081756192657
UBFC_PHYS_s14_T1_ctrl,161,135,165.5,0.6244125366210938,-0.14725897002382585
UBFC_PHYS_s14_T1_ctrl,161,136,165.53333333333333,1.0570088624954224,-0.6005967259712341
UBFC_PHYS_s14_T1_ctrl,161,137,165.56666666666666,1.1579480171203613,-0.9726025425588827
UBFC_PHYS_s14_T1_ctrl,161,138,165.6,0.9682083129882812,-1.2108918246007727
UBFC_PHYS_s14_T1_ctrl,161,139,165.63333333333333,0.685077428817749,-1.2738419628055024
UBFC_PHYS_s14_T1_ctrl,161,140,165.66666666666666,0.505702018737793,-1.1403385210326278
UBFC_PHYS_s14_T1_ctrl,161,141,165.7,0.4214640259742737,-0.8199760028135138
UBFC_PHYS_s14_T1_ctrl,161,142,165.73333333333332,0.3104422390460968,-0.35800237155310255
UBFC_PHYS_s14_T1_ctrl,161,143,165.76666666666668,0.1438814103603363,0.1700001695187603
UBFC_PHYS_s14_T1_ctrl,161,144,165.8,-0.018905475735664368,0.6743062316320382
UBFC_PHYS_s14_T1_ctrl,161,145,165.83333333333334,-0.19487303495407104,1.0728701191017873
UBFC_PHYS_s14_T1_ctrl,161,146,165.86666666666667,-0.48822739720344543,1.3098689183355505
UBFC_PHYS_s14_T1_ctrl,161,147,165.9,-0.9561693072319031,1.3636149517914453
UBFC_PHYS_s14_T1_ctrl,161,148,165.93333333333334,-1.4625548124313354,1.242949180802227
UBFC_PHYS_s14_T1_ctrl,161,149,165.96666666666667,-1.6765153408050537,0.9772688345076808
UBFC_PHYS_s14_T1_ctrl,161,150,166.0,-1.3307199478149414,0.6063409404053828
UBFC_PHYS_s14_T1_ctrl,161,151,166.03333333333333,-0.5183908343315125,0.17344307283754296
UBFC_PHYS_s14_T1_ctrl,161,152,166.06666666666666,0.36795276403427124,-0.2773433933779589
UBFC_PHYS_s14_T1_ctrl,161,153,166.1,1.0579382181167603,-0.7007976899508946
UBFC_PHYS_s14_T1_ctrl,161,154,166.13333333333333,1.4529922008514404,-1.0497549900460141
UBFC_PHYS_s14_T1_ctrl,161,155,166.16666666666666,1.5355122089385986,-1.2769186046321785
UBFC_PHYS_s14_T1_ctrl,161,156,166.2,1.3957351446151733,-1.341343760734529
UBFC_PHYS_s14_T1_ctrl,161,157,166.23333333333332,1.197856068611145,-1.2192032439270353
UBFC_PHYS_s14_T1_ctrl,161,158,166.26666666666668,1.0143687725067139,-0.9154450135436185
UBFC_PHYS_s14_T1_ctrl,161,159,166.3,0.7895933389663696,-0.4707502401706671
UBFC_PHYS_s14_T1_ctrl,161,160,166.33333333333334,0.4935915768146515,0.04167807152929754
UBFC_PHYS_s14_T1_ctrl,161,161,166.36666666666667,0.184747114777565,0.5313410378410219
UBFC_PHYS_s14_T1_ctrl,161,162,166.4,-0.09418737143278122,0.9133027974658257
UBFC_PHYS_s14_T1_ctrl,161,163,166.43333333333334,-0.41077688336372375,1.129470492572613
UBFC_PHYS_s14_T1_ctrl,161,164,166.46666666666667,-0.8523855805397034,1.1593868538148202
UBFC_PHYS_s14_T1_ctrl,161,165,166.5,-1.3763453960418701,1.0171516427947893
UBFC_PHYS_s14_T1_ctrl,161,166,166.53333333333333,-1.752782940864563,0.7386030351747296
UBFC_PHYS_s14_T1_ctrl,161,167,166.56666666666666,-1.709326148033142,0.3673528504427726
UBFC_PHYS_s14_T1_ctrl,161,168,166.6,-1.1839582920074463,-0.05328730689970185
UBFC_PHYS_s14_T1_ctrl,161,169,166.63333333333333,-0.3950614631175995,-0.4808042328337074
UBFC_PHYS_s14_T1_ctrl,161,170,166.66666666666666,0.349392831325531,-0.8696891139307428
UBFC_PHYS_s14_T1_ctrl,161,171,166.7,0.8345428109169006,-1.168933080044843
UBFC_PHYS_s14_T1_ctrl,161,172,166.73333333333332,0.9804595708847046,-1.325567831157482
UBFC_PHYS_s14_T1_ctrl,161,173,166.76666666666668,0.8615237474441528,-1.2956873311192758
UBFC_PHYS_s14_T1_ctrl,161,174,166.8,0.6675031781196594,-1.0600180643498969
UBFC_PHYS_s14_T1_ctrl,161,175,166.83333333333334,0.5385128855705261,-0.6375172926663488
UBFC_PHYS_s14_T1_ctrl,161,176,166.86666666666667,0.47325730323791504,-0.08947581787324724
UBFC_PHYS_s14_T1_ctrl,161,177,166.9,0.3943422734737396,0.49052898821304225
UBFC_PHYS_s14_T1_ctrl,161,178,166.93333333333334,0.28103920817375183,0.9992833348917293
UBFC_PHYS_s14_T1_ctrl,161,179,166.96666666666667,0.16863740980625153,1.3512544480880482
UBFC_PHYS_s14_T1_ctrl,161,180,167.0,0.03001508116722107,1.4997762479800438
UBFC_PHYS_s14_T1_ctrl,161,181,167.03333333333333,-0.2417657971382141,1.4439296245646613
UBFC_PHYS_s14_T1_ctrl,161,182,167.06666666666666,-0.6678280830383301,1.2199867770032173
UBFC_PHYS_s14_T1_ctrl,161,183,167.1,-1.0850187540054321,0.8833544867144825
UBFC_PHYS_s14_T1_ctrl,161,184,167.13333333333333,-1.2155580520629883,0.48987890521751626
UBFC_PHYS_s14_T1_ctrl,161,185,167.16666666666666,-0.8895336985588074,0.08366572477906514
UBFC_PHYS_s14_T1_ctrl,161,186,167.2,-0.2248956710100174,-0.30576405470597656
UBFC_PHYS_s14_T1_ctrl,161,187,167.23333333333332,0.47486263513565063,-0.658562032251555
UBFC_PHYS_s14_T1_ctrl,161,188,167.26666666666668,0.9648568034172058,-0.9561196029872208
UBFC_PHYS_s14_T1_ctrl,161,189,167.3,1.151554822921753,-1.1740825416557752
UBFC_PHYS_s14_T1_ctrl,161,190,167.33333333333334,1.0465881824493408,-1.2810564517328584
UBFC_PHYS_s14_T1_ctrl,161,191,167.36666666666667,0.7722725868225098,-1.245071138322954
UBFC_PHYS_s14_T1_ctrl,161,192,167.4,0.5135597586631775,-1.0464386502407674
UBFC_PHYS_s14_T1_ctrl,161,193,167.43333333333334,0.3420983850955963,-0.692044037521005
UBFC_PHYS_s14_T1_ctrl,161,194,167.46666666666667,0.18880270421504974,-0.22399697976777438
UBFC_PHYS_s14_T1_ctrl,161,195,167.5,0.021565934643149376,0.2834887420226882
UBFC_PHYS_s14_T1_ctrl,161,196,167.53333333333333,-0.10184793174266815,0.7406279947987779
UBFC_PHYS_s14_T1_ctrl,161,197,167.56666666666666,-0.21582691371440887,1.0669211238352048
UBFC_PHYS_s14_T1_ctrl,161,198,167.6,-0.4722021818161011,1.213661220832216
UBFC_PHYS_s14_T1_ctrl,161,199,167.63333333333333,-0.9327087998390198,1.1737922582980236
UBFC_PHYS_s14_T1_ctrl,161,200,167.66666666666666,-1.4025377035140991,0.9763264887151543
UBFC_PHYS_s14_T1_ctrl,161,201,167.7,-1.5477784872055054,0.6708869362943024
UBFC_PHYS_s14_T1_ctrl,161,202,167.73333333333332,-1.1935057640075684,0.3107282836946364
UBFC_PHYS_s14_T1_ctrl,161,203,167.76666666666668,-0.48659390211105347,-0.05945429086423959
UBFC_PHYS_s14_T1_ctrl,161,204,167.8,0.24825653433799744,-0.407898976898156
UBFC_PHYS_s14_T1_ctrl,161,205,167.83333333333334,0.7688929438591003,-0.7126500884080835
UBFC_PHYS_s14_T1_ctrl,161,206,167.86666666666667,0.9802342653274536,-0.9544253464854896
UBFC_PHYS_s14_T1_ctrl,161,207,167.9,0.8986718058586121,-1.1106899752036496
UBFC_PHYS_s14_T1_ctrl,161,208,167.93333333333334,0.6573923826217651,-1.155300873082487
UBFC_PHYS_s14_T1_ctrl,161,209,167.96666666666667,0.44455838203430176,-1.0650816868051076
UBFC_PHYS_s14_T1_ctrl,161,210,168.0,0.335029274225235,-0.8309725058439316
UBFC_PHYS_s14_T1_ctrl,161,211,168.03333333333333,0.24253927171230316,-0.4686389800159828
UBFC_PHYS_s14_T1_ctrl,161,212,168.06666666666666,0.09605924040079117,-0.02289063763421999
UBFC_PHYS_s14_T1_ctrl,161,213,168.1,-0.08320347964763641,0.4377301535406627
UBFC_PHYS_s14_T1_ctrl,161,214,168.13333333333333,-0.3100912272930145,0.835905707560589
UBFC_PHYS_s14_T1_ctrl,161,215,168.16666666666666,-0.6515493988990784,1.1053257866323458
UBFC_PHYS_s14_T1_ctrl,161,216,168.2,-1.1011565923690796,1.2076277605919397
UBFC_PHYS_s14_T1_ctrl,161,217,168.23333333333332,-1.5168827772140503,1.1395794296892376
UBFC_PHYS_s14_T1_ctrl,161,218,168.26666666666668,-1.6394517421722412,0.9283771804722881
UBFC_PHYS_s14_T1_ctrl,161,219,168.3,-1.261605978012085,0.6187163517056568
UBFC_PHYS_s14_T1_ctrl,161,220,168.33333333333334,-0.49031153321266174,0.2584513269794772
UBFC_PHYS_s14_T1_ctrl,161,221,168.36666666666667,0.321623295545578,-0.1110191738079114
UBFC_PHYS_s14_T1_ctrl,161,222,168.4,0.9139648079872131,-0.4570538948728006
UBFC_PHYS_s14_T1_ctrl,161,223,168.43333333333334,1.2362433671951294,-0.7523524296888859
UBFC_PHYS_s14_T1_ctrl,161,224,168.46666666666667,1.2807422876358032,-0.9700575819701193
UBFC_PHYS_s14_T1_ctrl,161,225,168.5,1.0793991088867188,-1.0818037300477126
UBFC_PHYS_s14_T1_ctrl,161,226,168.53333333333333,0.8129974603652954,-1.0611895243910163
UBFC_PHYS_s14_T1_ctrl,161,227,168.56666666666666,0.6571670770645142,-0.8921979340856265
UBFC_PHYS_s14_T1_ctrl,161,228,168.6,0.563409686088562,-0.5794066491899691
UBFC_PHYS_s14_T1_ctrl,161,229,168.63333333333333,0.4123671352863312,-0.1552266357347315
UBFC_PHYS_s14_T1_ctrl,161,230,168.66666666666666,0.2146289348602295,0.3205430324285058
UBFC_PHYS_s14_T1_ctrl,161,231,168.7,0.027818303555250168,0.7712344504165201
UBFC_PHYS_s14_T1_ctrl,161,232,168.73333333333332,-0.1929297298192978,1.1219622548075334
UBFC_PHYS_s14_T1_ctrl,161,233,168.76666666666668,-0.5346131920814514,1.3199592111683067
UBFC_PHYS_s14_T1_ctrl,161,234,168.8,-0.9718002080917358,1.348031116034385
UBFC_PHYS_s14_T1_ctrl,161,235,168.83333333333334,-1.3207217454910278,1.2248950466389321
UBFC_PHYS_s14_T1_ctrl,161,236,168.86666666666667,-1.3148919343948364,0.992559105669209
UBFC_PHYS_s14_T1_ctrl,161,237,168.9,-0.8297700881958008,0.6974026105168272
UBFC_PHYS_s14_T1_ctrl,161,238,168.93333333333334,-0.04397127777338028,0.374138798150821
UBFC_PHYS_s14_T1_ctrl,161,239,168.96666666666667,0.722704291343689,0.03968502963436196
UBFC_PHYS_s14_T1_ctrl,162,0,162.0,-1.1101971864700317,-0.0303863150509722
UBFC_PHYS_s14_T1_ctrl,162,1,162.03333333333333,-0.17006070911884308,-0.07957593230000946
UBFC_PHYS_s14_T1_ctrl,162,2,162.06666666666666,0.656350314617157,-0.15537344108266987
UBFC_PHYS_s14_T1_ctrl,162,3,162.1,1.1681996583938599,-0.27019508083625154
UBFC_PHYS_s14_T1_ctrl,162,4,162.13333333333333,1.310004472732544,-0.4096720335898318
UBFC_PHYS_s14_T1_ctrl,162,5,162.16666666666666,1.1545964479446411,-0.533725145626967
UBFC_PHYS_s14_T1_ctrl,162,6,162.2,0.9082193374633789,-0.5896622914823743
UBFC_PHYS_s14_T1_ctrl,162,7,162.23333333333332,0.7426442503929138,-0.533152525242154
UBFC_PHYS_s14_T1_ctrl,162,8,162.26666666666668,0.6363539695739746,-0.3487308418140868
UBFC_PHYS_s14_T1_ctrl,162,9,162.3,0.5107715129852295,-0.06035974279127476
UBFC_PHYS_s14_T1_ctrl,162,10,162.33333333333334,0.37474024295806885,0.2740311577358234
UBFC_PHYS_s14_T1_ctrl,162,11,162.36666666666667,0.19936414062976837,0.582741630591308
UBFC_PHYS_s14_T1_ctrl,162,12,162.4,-0.1055937185883522,0.8058539978124525
UBFC_PHYS_s14_T1_ctrl,162,13,162.43333333333334,-0.5793092250823975,0.9135661385040854
UBFC_PHYS_s14_T1_ctrl,162,14,162.46666666666667,-1.1640464067459106,0.9094131258887412
UBFC_PHYS_s14_T1_ctrl,162,15,162.5,-1.6450282335281372,0.8192304085859557
UBFC_PHYS_s14_T1_ctrl,162,16,162.53333333333333,-1.6431694030761719,0.6734745258842887
UBFC_PHYS_s14_T1_ctrl,162,17,162.56666666666666,-1.0477017164230347,0.49235923092563044
UBFC_PHYS_s14_T1_ctrl,162,18,162.6,-0.1559506356716156,0.28043993134285955
UBFC_PHYS_s14_T1_ctrl,162,19,162.63333333333333,0.6671370267868042,0.032179079380587
UBFC_PHYS_s14_T1_ctrl,162,20,162.66666666666666,1.240214467048645,-0.2547491298536486
UBFC_PHYS_s14_T1_ctrl,162,21,162.7,1.4879997968673706,-0.5650667862659349
UBFC_PHYS_s14_T1_ctrl,162,22,162.73333333333332,1.4227160215377808,-0.8584225775853
UBFC_PHYS_s14_T1_ctrl,162,23,162.76666666666668,1.2072064876556396,-1.0745741614237916
UBFC_PHYS_s14_T1_ctrl,162,24,162.8,1.044081687927246,-1.1509458434645212
UBFC_PHYS_s14_T1_ctrl,162,25,162.83333333333334,0.9480148553848267,-1.0459657421609747
UBFC_PHYS_s14_T1_ctrl,162,26,162.86666666666667,0.7951979637145996,-0.7586297543439349
UBFC_PHYS_s14_T1_ctrl,162,27,162.9,0.555636465549469,-0.33572807954699435
UBFC_PHYS_s14_T1_ctrl,162,28,162.93333333333334,0.31390640139579773,0.13781558597588953
UBFC_PHYS_s14_T1_ctrl,162,29,162.96666666666667,0.06890931725502014,0.5634903537717585
UBFC_PHYS_s14_T1_ctrl,162,30,163.0,-0.29020756483078003,0.859381196014901
UBFC_PHYS_s14_T1_ctrl,162,31,163.03333333333333,-0.8128999471664429,0.9833425065293783
UBFC_PHYS_s14_T1_ctrl,162,32,163.06666666666666,-1.3393099308013916,0.939995131811059
UBFC_PHYS_s14_T1_ctrl,162,33,163.1,-1.5531015396118164,0.7703881521192276
UBFC_PHYS_s14_T1_ctrl,162,34,163.13333333333333,-1.2321466207504272,0.5308742875510547
UBFC_PHYS_s14_T1_ctrl,162,35,163.16666666666666,-0.4921421706676483,0.2715395809195455
UBFC_PHYS_s14_T1_ctrl,162,36,163.2,0.3515895903110504,0.023159900900705695
UBFC_PHYS_s14_T1_ctrl,162,37,163.23333333333332,1.055769681930542,-0.20341194697220563
UBFC_PHYS_s14_T1_ctrl,162,38,163.26666666666668,1.4650744199752808,-0.40750878980587846
UBFC_PHYS_s14_T1_ctrl,162,39,163.3,1.5021098852157593,-0.5850855715770026
UBFC_PHYS_s14_T1_ctrl,162,40,163.33333333333334,1.2688007354736328,-0.7191730575407903
UBFC_PHYS_s14_T1_ctrl,162,41,163.36666666666667,0.979107677936554,-0.7799179730080391
UBFC_PHYS_s14_T1_ctrl,162,42,163.4,0.7677945494651794,-0.7348751297661615
UBFC_PHYS_s14_T1_ctrl,162,43,163.43333333333334,0.6362413167953491,-0.5650409614770987
UBFC_PHYS_s14_T1_ctrl,162,44,163.46666666666667,0.5409631133079529,-0.2790968598548837
UBFC_PHYS_s14_T1_ctrl,162,45,163.5,0.4364190399646759,0.08136717639133319
UBFC_PHYS_s14_T1_ctrl,162,46,163.53333333333333,0.2845596969127655,0.44934091534127024
UBFC_PHYS_s14_T1_ctrl,162,47,163.56666666666666,0.0480680912733078,0.7505670738235312
UBFC_PHYS_s14_T1_ctrl,162,48,163.6,-0.33405864238739014,0.9248576907731435
UBFC_PHYS_s14_T1_ctrl,162,49,163.63333333333333,-0.8853936195373535,0.9413291101385389
UBFC_PHYS_s14_T1_ctrl,162,50,163.66666666666666,-1.4274626970291138,0.8021284939878215
UBFC_PHYS_s14_T1_ctrl,162,51,163.7,-1.5956852436065674,0.5355751724479678
UBFC_PHYS_s14_T1_ctrl,162,52,163.73333333333332,-1.1781002283096313,0.18424157972648658
UBFC_PHYS_s14_T1_ctrl,162,53,163.76666666666668,-0.36940422654151917,-0.20568440983033667
UBFC_PHYS_s14_T1_ctrl,162,54,163.8,0.4184223413467407,-0.5899890349081571
UBFC_PHYS_s14_T1_ctrl,162,55,163.83333333333334,0.9394248723983765,-0.9270661527257442
UBFC_PHYS_s14_T1_ctrl,162,56,163.86666666666667,1.135107159614563,-1.1765504152437412
UBFC_PHYS_s14_T1_ctrl,162,57,163.9,1.0428987741470337,-1.299810567103963
UBFC_PHYS_s14_T1_ctrl,162,58,163.93333333333334,0.8052805662155151,-1.2650711076104642
UBFC_PHYS_s14_T1_ctrl,162,59,163.96666666666667,0.6005296111106873,-1.057062101035826
UBFC_PHYS_s14_T1_ctrl,162,60,164.0,0.4900711178779602,-0.6874914032460819
UBFC_PHYS_s14_T1_ctrl,162,61,164.03333333333333,0.4061710834503174,-0.20046786730107743
UBFC_PHYS_s14_T1_ctrl,162,62,164.06666666666666,0.28422173857688904,0.33194225394918264
UBFC_PHYS_s14_T1_ctrl,162,63,164.1,0.1178017109632492,0.8246791279251425
UBFC_PHYS_s14_T1_ctrl,162,64,164.13333333333333,-0.10657945275306702,1.200483406439835
UBFC_PHYS_s14_T1_ctrl,162,65,164.16666666666666,-0.43313896656036377,1.4083727210513641
UBFC_PHYS_s14_T1_ctrl,162,66,164.2,-0.858497142791748,1.4324000708428355
UBFC_PHYS_s14_T1_ctrl,162,67,164.23333333333332,-1.2461721897125244,1.2881188317544083
UBFC_PHYS_s14_T1_ctrl,162,68,164.26666666666668,-1.3482941389083862,1.0105392280110794
UBFC_PHYS_s14_T1_ctrl,162,69,164.3,-1.00247061252594,0.6411514941367067
UBFC_PHYS_s14_T1_ctrl,162,70,164.33333333333334,-0.3103446960449219,0.22033107675420172
UBFC_PHYS_s14_T1_ctrl,162,71,164.36666666666667,0.46903273463249207,-0.21312005456684893
UBFC_PHYS_s14_T1_ctrl,162,72,164.4,1.0941851139068604,-0.6179988068307471
UBFC_PHYS_s14_T1_ctrl,162,73,164.43333333333334,1.3873704671859741,-0.9473666019029674
UBFC_PHYS_s14_T1_ctrl,162,74,164.46666666666667,1.292880892753601,-1.1506365208250815
UBFC_PHYS_s14_T1_ctrl,162,75,164.5,0.9644906520843506,-1.1831974312514126
UBFC_PHYS_s14_T1_ctrl,162,76,164.53333333333333,0.6628279685974121,-1.0216305196231172
UBFC_PHYS_s14_T1_ctrl,162,77,164.56666666666666,0.48722654581069946,-0.6785102601838028
UBFC_PHYS_s14_T1_ctrl,162,78,164.6,0.34145063161849976,-0.20860944887384555
UBFC_PHYS_s14_T1_ctrl,162,79,164.63333333333333,0.1361926943063736,0.29974160046531984
UBFC_PHYS_s14_T1_ctrl,162,80,164.66666666666666,-0.10193242132663727,0.7479057653259503
UBFC_PHYS_s14_T1_ctrl,162,81,164.7,-0.3310169577598572,1.056434064080729
UBFC_PHYS_s14_T1_ctrl,162,82,164.73333333333332,-0.6273285150527954,1.1874491838560997
UBFC_PHYS_s14_T1_ctrl,162,83,164.76666666666668,-1.0721479654312134,1.1490487893824026
UBFC_PHYS_s14_T1_ctrl,162,84,164.8,-1.4780731201171875,0.9807803050150244
UBFC_PHYS_s14_T1_ctrl,162,85,164.83333333333334,-1.4980130195617676,0.7297231105276678
UBFC_PHYS_s14_T1_ctrl,162,86,164.86666666666667,-1.0328311920166016,0.4304914087804661
UBFC_PHYS_s14_T1_ctrl,162,87,164.9,-0.29857221245765686,0.09844435008321983
UBFC_PHYS_s14_T1_ctrl,162,88,164.93333333333334,0.43748924136161804,-0.26286538187644
UBFC_PHYS_s14_T1_ctrl,162,89,164.96666666666667,0.973446786403656,-0.6463224819185815
UBFC_PHYS_s14_T1_ctrl,162,90,165.0,1.1664252281188965,-1.0270770535406792
UBFC_PHYS_s14_T1_ctrl,162,91,165.03333333333333,1.012622594833374,-1.3571336288616347
UBFC_PHYS_s14_T1_ctrl,162,92,165.06666666666666,0.7093546390533447,-1.5723742773116058
UBFC_PHYS_s14_T1_ctrl,162,93,165.1,0.4648926556110382,-1.6108031564478187
UBFC_PHYS_s14_T1_ctrl,162,94,165.13333333333333,0.34435150027275085,-1.435997639888251
UBFC_PHYS_s14_T1_ctrl,162,95,165.16666666666666,0.2603951394557953,-1.0565158340232192
UBFC_PHYS_s14_T1_ctrl,162,96,165.2,0.13681229948997498,-0.5319099082529212
UBFC_PHYS_s14_T1_ctrl,162,97,165.23333333333332,0.014102522283792496,0.03987434134255339
UBFC_PHYS_s14_T1_ctrl,162,98,165.26666666666668,-0.1015944555401802,0.5511510949461962
UBFC_PHYS_s14_T1_ctrl,162,99,165.3,-0.35112592577934265,0.9182688730310441
UBFC_PHYS_s14_T1_ctrl,162,100,165.33333333333334,-0.8139138221740723,1.1052123807359822
UBFC_PHYS_s14_T1_ctrl,162,101,165.36666666666667,-1.277011513710022,1.1258334958624994
UBFC_PHYS_s14_T1_ctrl,162,102,165.4,-1.350490927696228,1.0255442012383453
UBFC_PHYS_s14_T1_ctrl,162,103,165.43333333333334,-0.8707202672958374,0.8546679101662851
UBFC_PHYS_s14_T1_ctrl,162,104,165.46666666666667,-0.08748438209295273,0.6481067758707975
UBFC_PHYS_s14_T1_ctrl,162,105,165.5,0.6244125366210938,0.42000303625865354
UBFC_PHYS_s14_T1_ctrl,162,106,165.53333333333333,1.0570088624954224,0.17301332974876846
UBFC_PHYS_s14_T1_ctrl,162,107,165.56666666666666,1.1579480171203613,-0.0855207240073522
UBFC_PHYS_s14_T1_ctrl,162,108,165.6,0.9682083129882812,-0.33091877107527967
UBFC_PHYS_s14_T1_ctrl,162,109,165.63333333333333,0.685077428817749,-0.5199725723729929
UBFC_PHYS_s14_T1_ctrl,162,110,165.66666666666666,0.505702018737793,-0.6031098226613284
UBFC_PHYS_s14_T1_ctrl,162,111,165.7,0.4214640259742737,-0.5449704200082732
UBFC_PHYS_s14_T1_ctrl,162,112,165.73333333333332,0.3104422390460968,-0.3438239810548698
UBFC_PHYS_s14_T1_ctrl,162,113,165.76666666666668,0.1438814103603363,-0.039832475259674
UBFC_PHYS_s14_T1_ctrl,162,114,165.8,-0.018905475735664368,0.29355044381203516
UBFC_PHYS_s14_T1_ctrl,162,115,165.83333333333334,-0.19487303495407104,0.5729686301487209
UBFC_PHYS_s14_T1_ctrl,162,116,165.86666666666667,-0.48822739720344543,0.7333175142969005
UBFC_PHYS_s14_T1_ctrl,162,117,165.9,-0.9561693072319031,0.7476216508427009
UBFC_PHYS_s14_T1_ctrl,162,118,165.93333333333334,-1.4625548124313354,0.6301764506306355
UBFC_PHYS_s14_T1_ctrl,162,119,165.96666666666667,-1.6765153408050537,0.4234532492128463
UBFC_PHYS_s14_T1_ctrl,162,120,166.0,-1.3307199478149414,0.1769722151940746
UBFC_PHYS_s14_T1_ctrl,162,121,166.03333333333333,-0.5183908343315125,-0.07096551794426265
UBFC_PHYS_s14_T1_ctrl,162,122,166.06666666666666,0.36795276403427124,-0.3008405082377069
UBFC_PHYS_s14_T1_ctrl,162,123,166.1,1.0579382181167603,-0.5072422910343027
UBFC_PHYS_s14_T1_ctrl,162,124,166.13333333333333,1.4529922008514404,-0.6864778633102918
UBFC_PHYS_s14_T1_ctrl,162,125,166.16666666666666,1.5355122089385986,-0.824433197777458
UBFC_PHYS_s14_T1_ctrl,162,126,166.2,1.3957351446151733,-0.8924695370486101
UBFC_PHYS_s14_T1_ctrl,162,127,166.23333333333332,1.197856068611145,-0.8551804587720209
UBFC_PHYS_s14_T1_ctrl,162,128,166.26666666666668,1.0143687725067139,-0.687473068371834
UBFC_PHYS_s14_T1_ctrl,162,129,166.3,0.7895933389663696,-0.39268907614771587
UBFC_PHYS_s14_T1_ctrl,162,130,166.33333333333334,0.4935915768146515,-0.011573344432211531
UBFC_PHYS_s14_T1_ctrl,162,131,166.36666666666667,0.184747114777565,0.38438850686207865
UBFC_PHYS_s14_T1_ctrl,162,132,166.4,-0.09418737143278122,0.7136626499813661
UBFC_PHYS_s14_T1_ctrl,162,133,166.43333333333334,-0.41077688336372375,0.9102539377714951
UBFC_PHYS_s14_T1_ctrl,162,134,166.46666666666667,-0.8523855805397034,0.9427933622488327
UBFC_PHYS_s14_T1_ctrl,162,135,166.5,-1.3763453960418701,0.8195075245081067
UBFC_PHYS_s14_T1_ctrl,162,136,166.53333333333333,-1.752782940864563,0.5787153007599252
UBFC_PHYS_s14_T1_ctrl,162,137,166.56666666666666,-1.709326148033142,0.2711533885111426
UBFC_PHYS_s14_T1_ctrl,162,138,166.6,-1.1839582920074463,-0.056850671779326935
UBFC_PHYS_s14_T1_ctrl,162,139,166.63333333333333,-0.3950614631175995,-0.37216177912783505
UBFC_PHYS_s14_T1_ctrl,162,140,166.66666666666666,0.349392831325531,-0.6532479157494429
UBFC_PHYS_s14_T1_ctrl,162,141,166.7,0.8345428109169006,-0.8814519583928153
UBFC_PHYS_s14_T1_ctrl,162,142,166.73333333333332,0.9804595708847046,-1.0321275696630658
UBFC_PHYS_s14_T1_ctrl,162,143,166.76666666666668,0.8615237474441528,-1.0726940360446857
UBFC_PHYS_s14_T1_ctrl,162,144,166.8,0.6675031781196594,-0.9707538736032753
UBFC_PHYS_s14_T1_ctrl,162,145,166.83333333333334,0.5385128855705261,-0.7096106608569721
UBFC_PHYS_s14_T1_ctrl,162,146,166.86666666666667,0.47325730323791504,-0.3038218899522801
UBFC_PHYS_s14_T1_ctrl,162,147,166.9,0.3943422734737396,0.19391487037845268
UBFC_PHYS_s14_T1_ctrl,162,148,166.93333333333334,0.28103920817375183,0.7002916807207904
UBFC_PHYS_s14_T1_ctrl,162,149,166.96666666666667,0.16863740980625153,1.1225345158778168
UBFC_PHYS_s14_T1_ctrl,162,150,167.0,0.03001508116722107,1.3850156657706174
UBFC_PHYS_s14_T1_ctrl,162,151,167.03333333333333,-0.2417657971382141,1.4497376333244865
UBFC_PHYS_s14_T1_ctrl,162,152,167.06666666666666,-0.6678280830383301,1.322313451364334
UBFC_PHYS_s14_T1_ctrl,162,153,167.1,-1.0850187540054321,1.0425982841273023
UBFC_PHYS_s14_T1_ctrl,162,154,167.13333333333333,-1.2155580520629883,0.666226971085141
UBFC_PHYS_s14_T1_ctrl,162,155,167.16666666666666,-0.8895336985588074,0.24640713408972173
UBFC_PHYS_s14_T1_ctrl,162,156,167.2,-0.2248956710100174,-0.1765963729655482
UBFC_PHYS_s14_T1_ctrl,162,157,167.23333333333332,0.47486263513565063,-0.575721024300272
UBFC_PHYS_s14_T1_ctrl,162,158,167.26666666666668,0.9648568034172058,-0.9294297303775073
UBFC_PHYS_s14_T1_ctrl,162,159,167.3,1.151554822921753,-1.211772926664978
UBFC_PHYS_s14_T1_ctrl,162,160,167.33333333333334,1.0465881824493408,-1.3869820247715434
UBFC_PHYS_s14_T1_ctrl,162,161,167.36666666666667,0.7722725868225098,-1.4135382406376888
UBFC_PHYS_s14_T1_ctrl,162,162,167.4,0.5135597586631775,-1.2580499772904967
UBFC_PHYS_s14_T1_ctrl,162,163,167.43333333333334,0.3420983850955963,-0.9138179596683391
UBFC_PHYS_s14_T1_ctrl,162,164,167.46666666666667,0.18880270421504974,-0.4152652001774971
UBFC_PHYS_s14_T1_ctrl,162,165,167.5,0.021565934643149376,0.16058292312728994
UBFC_PHYS_s14_T1_ctrl,162,166,167.53333333333333,-0.10184793174266815,0.7098953844638184
UBFC_PHYS_s14_T1_ctrl,162,167,167.56666666666666,-0.21582691371440887,1.1312340161684666
UBFC_PHYS_s14_T1_ctrl,162,168,167.6,-0.4722021818161011,1.3559216285112758
UBFC_PHYS_s14_T1_ctrl,162,169,167.63333333333333,-0.9327087998390198,1.365365542313695
UBFC_PHYS_s14_T1_ctrl,162,170,167.66666666666666,-1.4025377035140991,1.1884979200543095
UBFC_PHYS_s14_T1_ctrl,162,171,167.7,-1.5477784872055054,0.8833072058988248
UBFC_PHYS_s14_T1_ctrl,162,172,167.73333333333332,-1.1935057640075684,0.5129302247489959
UBFC_PHYS_s14_T1_ctrl,162,173,167.76666666666668,-0.48659390211105347,0.12701514249491008
UBFC_PHYS_s14_T1_ctrl,162,174,167.8,0.24825653433799744,-0.24504562060050533
UBFC_PHYS_s14_T1_ctrl,162,175,167.83333333333334,0.7688929438591003,-0.588455084395671
UBFC_PHYS_s14_T1_ctrl,162,176,167.86666666666667,0.9802342653274536,-0.8899641365410748
UBFC_PHYS_s14_T1_ctrl,162,177,167.9,0.8986718058586121,-1.1256111322330522
UBFC_PHYS_s14_T1_ctrl,162,178,167.93333333333334,0.6573923826217651,-1.2569492425011584
UBFC_PHYS_s14_T1_ctrl,162,179,167.96666666666667,0.44455838203430176,-1.239439924345416
UBFC_PHYS_s14_T1_ctrl,162,180,168.0,0.335029274225235,-1.0405919408692084
UBFC_PHYS_s14_T1_ctrl,162,181,168.03333333333333,0.24253927171230316,-0.6599910959732762
UBFC_PHYS_s14_T1_ctrl,162,182,168.06666666666666,0.09605924040079117,-0.14127672905284758
UBFC_PHYS_s14_T1_ctrl,162,183,168.1,-0.08320347964763641,0.43138290265582324
UBFC_PHYS_s14_T1_ctrl,162,184,168.13333333333333,-0.3100912272930145,0.9533435266157515
UBFC_PHYS_s14_T1_ctrl,162,185,168.16666666666666,-0.6515493988990784,1.329280267453068
UBFC_PHYS_s14_T1_ctrl,162,186,168.2,-1.1011565923690796,1.5004612829465633
UBFC_PHYS_s14_T1_ctrl,162,187,168.23333333333332,-1.5168827772140503,1.4578477533071212
UBFC_PHYS_s14_T1_ctrl,162,188,168.26666666666668,-1.6394517421722412,1.2366288686498255
UBFC_PHYS_s14_T1_ctrl,162,189,168.3,-1.261605978012085,0.896846758966275
UBFC_PHYS_s14_T1_ctrl,162,190,168.33333333333334,-0.49031153321266174,0.5000032173545615
UBFC_PHYS_s14_T1_ctrl,162,191,168.36666666666667,0.321623295545578,0.09150852155881398
UBFC_PHYS_s14_T1_ctrl,162,192,168.4,0.9139648079872131,-0.3050411909163939
UBFC_PHYS_s14_T1_ctrl,162,193,168.43333333333334,1.2362433671951294,-0.6813679767690786
UBFC_PHYS_s14_T1_ctrl,162,194,168.46666666666667,1.2807422876358032,-1.0305474152549803
UBFC_PHYS_s14_T1_ctrl,162,195,168.5,1.0793991088867188,-1.3332283517602035
UBFC_PHYS_s14_T1_ctrl,162,196,168.53333333333333,0.8129974603652954,-1.5514586088133502
UBFC_PHYS_s14_T1_ctrl,162,197,168.56666666666666,0.6571670770645142,-1.6344211662965522
UBFC_PHYS_s14_T1_ctrl,162,198,168.6,0.563409686088562,-1.5354446305039917
UBFC_PHYS_s14_T1_ctrl,162,199,168.63333333333333,0.4123671352863312,-1.2343261675106516
UBFC_PHYS_s14_T1_ctrl,162,200,168.66666666666666,0.2146289348602295,-0.755187450500557
UBFC_PHYS_s14_T1_ctrl,162,201,168.7,0.027818303555250168,-0.16999383990155684
UBFC_PHYS_s14_T1_ctrl,162,202,168.73333333333332,-0.1929297298192978,0.41723071584683
UBFC_PHYS_s14_T1_ctrl,162,203,168.76666666666668,-0.5346131920814514,0.9014589399919257
UBFC_PHYS_s14_T1_ctrl,162,204,168.8,-0.9718002080917358,1.2098186871808951
UBFC_PHYS_s14_T1_ctrl,162,205,168.83333333333334,-1.3207217454910278,1.3211964764895112
UBFC_PHYS_s14_T1_ctrl,162,206,168.86666666666667,-1.3148919343948364,1.264011339111982
UBFC_PHYS_s14_T1_ctrl,162,207,168.9,-0.8297700881958008,1.0956190498874985
UBFC_PHYS_s14_T1_ctrl,162,208,168.93333333333334,-0.04397127777338028,0.8749308692710018
UBFC_PHYS_s14_T1_ctrl,162,209,168.96666666666667,0.722704291343689,0.6410642387173521
UBFC_PHYS_s14_T1_ctrl,162,210,169.0,1.2631679773330688,0.4061432560348441
UBFC_PHYS_s14_T1_ctrl,162,211,169.03333333333333,1.511488437652588,0.1630021325597774
UBFC_PHYS_s14_T1_ctrl,162,212,169.06666666666666,1.5223596096038818,-0.09785368622860796
UBFC_PHYS_s14_T1_ctrl,162,213,169.1,1.4176183938980103,-0.37093777979493187
UBFC_PHYS_s14_T1_ctrl,162,214,169.13333333333333,1.2538175582885742,-0.6265207555750005
UBFC_PHYS_s14_T1_ctrl,162,215,169.16666666666666,0.9763194918632507,-0.8140118710314874
UBFC_PHYS_s14_T1_ctrl,162,216,169.2,0.568817138671875,-0.877073846294451
UBFC_PHYS_s14_T1_ctrl,162,217,169.23333333333332,0.10540962964296341,-0.7747842801795152
UBFC_PHYS_s14_T1_ctrl,162,218,169.26666666666668,-0.34163472056388855,-0.5009163125553817
UBFC_PHYS_s14_T1_ctrl,162,219,169.3,-0.7382658123970032,-0.09364958872371673
UBFC_PHYS_s14_T1_ctrl,162,220,169.33333333333334,-1.0807660818099976,0.36963390622106196
UBFC_PHYS_s14_T1_ctrl,162,221,169.36666666666667,-1.4061427116394043,0.7926394401439385
UBFC_PHYS_s14_T1_ctrl,162,222,169.4,-1.7712584733963013,1.0885115868910835
UBFC_PHYS_s14_T1_ctrl,162,223,169.43333333333334,-2.14031720161438,1.2045083267368946
UBFC_PHYS_s14_T1_ctrl,162,224,169.46666666666667,-2.2604920864105225,1.1329281486871992
UBFC_PHYS_s14_T1_ctrl,162,225,169.5,-1.8516098260879517,0.9053697754590303
UBFC_PHYS_s14_T1_ctrl,162,226,169.53333333333333,-0.9732084274291992,0.5756919204587011
UBFC_PHYS_s14_T1_ctrl,162,227,169.56666666666666,-0.020707961171865463,0.201303498900017
UBFC_PHYS_s14_T1_ctrl,162,228,169.6,0.7053553462028503,-0.16969098890196732
UBFC_PHYS_s14_T1_ctrl,162,229,169.63333333333333,1.0903548002243042,-0.5033755742044175
UBFC_PHYS_s14_T1_ctrl,162,230,169.66666666666666,1.1582577228546143,-0.7790045077991755
UBFC_PHYS_s14_T1_ctrl,162,231,169.7,1.0407865047454834,-0.9854566261899957
UBFC_PHYS_s14_T1_ctrl,162,232,169.73333333333332,0.8597212433815002,-1.117676408684868
UBFC_PHYS_s14_T1_ctrl,162,233,169.76666666666668,0.6697281002998352,-1.1741854738023374
UBFC_PHYS_s14_T1_ctrl,162,234,169.8,0.5140666961669922,-1.1559452053962689
UBFC_PHYS_s14_T1_ctrl,162,235,169.83333333333334,0.3993836045265198,-1.0664584502652499
UBFC_PHYS_s14_T1_ctrl,162,236,169.86666666666667,0.271688848733902,-0.912473834988569
UBFC_PHYS_s14_T1_ctrl,162,237,169.9,0.09904460608959198,-0.7043530111011125
UBFC_PHYS_s14_T1_ctrl,162,238,169.93333333333334,-0.10663577914237976,-0.45558060102030074
UBFC_PHYS_s14_T1_ctrl,162,239,169.96666666666667,-0.35720929503440857,-0.18183904949144764
UBFC_PHYS_s14_T1_ctrl,163,0,163.0,-0.29020756483078003,-0.013748405859787635
UBFC_PHYS_s14_T1_ctrl,163,1,163.03333333333333,-0.8128999471664429,0.4174358111103419
UBFC_PHYS_s14_T1_ctrl,163,2,163.06666666666666,-1.3393099308013916,0.7729457429651339
UBFC_PHYS_s14_T1_ctrl,163,3,163.1,-1.5531015396118164,0.9893281424386743
UBFC_PHYS_s14_T1_ctrl,163,4,163.13333333333333,-1.2321466207504272,1.0283642953852028
UBFC_PHYS_s14_T1_ctrl,163,5,163.16666666666666,-0.4921421706676483,0.8869657463643212
UBFC_PHYS_s14_T1_ctrl,163,6,163.2,0.3515895903110504,0.6008500852941101
UBFC_PHYS_s14_T1_ctrl,163,7,163.23333333333332,1.055769681930542,0.23891396549659266
UBFC_PHYS_s14_T1_ctrl,163,8,163.26666666666668,1.4650744199752808,-0.11203345974443019
UBFC_PHYS_s14_T1_ctrl,163,9,163.3,1.5021098852157593,-0.3689827736761515
UBFC_PHYS_s14_T1_ctrl,163,10,163.33333333333334,1.2688007354736328,-0.4748804088214486
UBFC_PHYS_s14_T1_ctrl,163,11,163.36666666666667,0.979107677936554,-0.41424727869230316
UBFC_PHYS_s14_T1_ctrl,163,12,163.4,0.7677945494651794,-0.21666315364748787
UBFC_PHYS_s14_T1_ctrl,163,13,163.43333333333334,0.6362413167953491,0.05385086152444344
UBFC_PHYS_s14_T1_ctrl,163,14,163.46666666666667,0.5409631133079529,0.3205131086719754
UBFC_PHYS_s14_T1_ctrl,163,15,163.5,0.4364190399646759,0.518673872891548
UBFC_PHYS_s14_T1_ctrl,163,16,163.53333333333333,0.2845596969127655,0.6137465326931264
UBFC_PHYS_s14_T1_ctrl,163,17,163.56666666666666,0.0480680912733078,0.6048031025766847
UBFC_PHYS_s14_T1_ctrl,163,18,163.6,-0.33405864238739014,0.5141490725137652
UBFC_PHYS_s14_T1_ctrl,163,19,163.63333333333333,-0.8853936195373535,0.37043180236747625
UBFC_PHYS_s14_T1_ctrl,163,20,163.66666666666666,-1.4274626970291138,0.19455299460914838
UBFC_PHYS_s14_T1_ctrl,163,21,163.7,-1.5956852436065674,-0.005675945535118531
UBFC_PHYS_s14_T1_ctrl,163,22,163.73333333333332,-1.1781002283096313,-0.2312611383917772
UBFC_PHYS_s14_T1_ctrl,163,23,163.76666666666668,-0.36940422654151917,-0.48155396862322275
UBFC_PHYS_s14_T1_ctrl,163,24,163.8,0.4184223413467407,-0.7432334467469538
UBFC_PHYS_s14_T1_ctrl,163,25,163.83333333333334,0.9394248723983765,-0.9843496654374587
UBFC_PHYS_s14_T1_ctrl,163,26,163.86666666666667,1.135107159614563,-1.1571070988224763
UBFC_PHYS_s14_T1_ctrl,163,27,163.9,1.0428987741470337,-1.2097943244222202
UBFC_PHYS_s14_T1_ctrl,163,28,163.93333333333334,0.8052805662155151,-1.1044661436158403
UBFC_PHYS_s14_T1_ctrl,163,29,163.96666666666667,0.6005296111106873,-0.8339056010134325
UBFC_PHYS_s14_T1_ctrl,163,30,164.0,0.4900711178779602,-0.430419948412237
UBFC_PHYS_s14_T1_ctrl,163,31,164.03333333333333,0.4061710834503174,0.03879277787031645
UBFC_PHYS_s14_T1_ctrl,163,32,164.06666666666666,0.28422173857688904,0.4897161427109796
UBFC_PHYS_s14_T1_ctrl,163,33,164.1,0.1178017109632492,0.846494765686252
UBFC_PHYS_s14_T1_ctrl,163,34,164.13333333333333,-0.10657945275306702,1.062257446756649
UBFC_PHYS_s14_T1_ctrl,163,35,164.16666666666666,-0.43313896656036377,1.1261554995520036
UBFC_PHYS_s14_T1_ctrl,163,36,164.2,-0.858497142791748,1.0549906449044184
UBFC_PHYS_s14_T1_ctrl,163,37,164.23333333333332,-1.2461721897125244,0.8767207580541223
UBFC_PHYS_s14_T1_ctrl,163,38,164.26666666666668,-1.3482941389083862,0.6165752391302465
UBFC_PHYS_s14_T1_ctrl,163,39,164.3,-1.00247061252594,0.29319263224462117
UBFC_PHYS_s14_T1_ctrl,163,40,164.33333333333334,-0.3103446960449219,-0.07496220362540026
UBFC_PHYS_s14_T1_ctrl,163,41,164.36666666666667,0.46903273463249207,-0.45885252615215494
UBFC_PHYS_s14_T1_ctrl,163,42,164.4,1.0941851139068604,-0.8115734164472577
UBFC_PHYS_s14_T1_ctrl,163,43,164.43333333333334,1.3873704671859741,-1.0702252136148247
UBFC_PHYS_s14_T1_ctrl,163,44,164.46666666666667,1.292880892753601,-1.1688426134494447
UBFC_PHYS_s14_T1_ctrl,163,45,164.5,0.9644906520843506,-1.059624649325877
UBFC_PHYS_s14_T1_ctrl,163,46,164.53333333333333,0.6628279685974121,-0.7350725625791276
UBFC_PHYS_s14_T1_ctrl,163,47,164.56666666666666,0.48722654581069946,-0.24080145612766102
UBFC_PHYS_s14_T1_ctrl,163,48,164.6,0.34145063161849976,0.3299185433275643
UBFC_PHYS_s14_T1_ctrl,163,49,164.63333333333333,0.1361926943063736,0.86149605892921
UBFC_PHYS_s14_T1_ctrl,163,50,164.66666666666666,-0.10193242132663727,1.2515878924277437
UBFC_PHYS_s14_T1_ctrl,163,51,164.7,-0.3310169577598572,1.4404873468429236
UBFC_PHYS_s14_T1_ctrl,163,52,164.73333333333332,-0.6273285150527954,1.4217755765115414
UBFC_PHYS_s14_T1_ctrl,163,53,164.76666666666668,-1.0721479654312134,1.2323889788604518
UBFC_PHYS_s14_T1_ctrl,163,54,164.8,-1.4780731201171875,0.9299614053366353
UBFC_PHYS_s14_T1_ctrl,163,55,164.83333333333334,-1.4980130195617676,0.5693788592902546
UBFC_PHYS_s14_T1_ctrl,163,56,164.86666666666667,-1.0328311920166016,0.18827748020672103
UBFC_PHYS_s14_T1_ctrl,163,57,164.9,-0.29857221245765686,-0.19472071709651076
UBFC_PHYS_s14_T1_ctrl,163,58,164.93333333333334,0.43748924136161804,-0.571298876505833
UBFC_PHYS_s14_T1_ctrl,163,59,164.96666666666667,0.973446786403656,-0.9303429009957971
UBFC_PHYS_s14_T1_ctrl,163,60,165.0,1.1664252281188965,-1.247326182622912
UBFC_PHYS_s14_T1_ctrl,163,61,165.03333333333333,1.012622594833374,-1.481422304591152
UBFC_PHYS_s14_T1_ctrl,163,62,165.06666666666666,0.7093546390533447,-1.5825647772212634
UBFC_PHYS_s14_T1_ctrl,163,63,165.1,0.4648926556110382,-1.506976852845708
UBFC_PHYS_s14_T1_ctrl,163,64,165.13333333333333,0.34435150027275085,-1.2360208955102934
UBFC_PHYS_s14_T1_ctrl,163,65,165.16666666666666,0.2603951394557953,-0.7906751896863391
UBFC_PHYS_s14_T1_ctrl,163,66,165.2,0.13681229948997498,-0.23398248874682775
UBFC_PHYS_s14_T1_ctrl,163,67,165.23333333333332,0.014102522283792496,0.34218501560869535
UBFC_PHYS_s14_T1_ctrl,163,68,165.26666666666668,-0.1015944555401802,0.8423429790450225
UBFC_PHYS_s14_T1_ctrl,163,69,165.3,-0.35112592577934265,1.194102123945104
UBFC_PHYS_s14_T1_ctrl,163,70,165.33333333333334,-0.8139138221740723,1.364208831349103
UBFC_PHYS_s14_T1_ctrl,163,71,165.36666666666667,-1.277011513710022,1.3573340398738654
UBFC_PHYS_s14_T1_ctrl,163,72,165.4,-1.350490927696228,1.2013294146089426
UBFC_PHYS_s14_T1_ctrl,163,73,165.43333333333334,-0.8707202672958374,0.930071850795631
UBFC_PHYS_s14_T1_ctrl,163,74,165.46666666666667,-0.08748438209295273,0.573858497753108
UBFC_PHYS_s14_T1_ctrl,163,75,165.5,0.6244125366210938,0.16028446306285687
UBFC_PHYS_s14_T1_ctrl,163,76,165.53333333333333,1.0570088624954224,-0.2782603215433998
UBFC_PHYS_s14_T1_ctrl,163,77,165.56666666666666,1.1579480171203613,-0.697472093305856
UBFC_PHYS_s14_T1_ctrl,163,78,165.6,0.9682083129882812,-1.0403956661703593
UBFC_PHYS_s14_T1_ctrl,163,79,165.63333333333333,0.685077428817749,-1.245557381555778
UBFC_PHYS_s14_T1_ctrl,163,80,165.66666666666666,0.505702018737793,-1.2625009236585283
UBFC_PHYS_s14_T1_ctrl,163,81,165.7,0.4214640259742737,-1.069846626770036
UBFC_PHYS_s14_T1_ctrl,163,82,165.73333333333332,0.3104422390460968,-0.6887505822430408
UBFC_PHYS_s14_T1_ctrl,163,83,165.76666666666668,0.1438814103603363,-0.18467400620753052
UBFC_PHYS_s14_T1_ctrl,163,84,165.8,-0.018905475735664368,0.3463281827625573
UBFC_PHYS_s14_T1_ctrl,163,85,165.83333333333334,-0.19487303495407104,0.8039837666936609
UBFC_PHYS_s14_T1_ctrl,163,86,165.86666666666667,-0.48822739720344543,1.112599774065516
UBFC_PHYS_s14_T1_ctrl,163,87,165.9,-0.9561693072319031,1.2394033075982849
UBFC_PHYS_s14_T1_ctrl,163,88,165.93333333333334,-1.4625548124313354,1.1949900320905242
UBFC_PHYS_s14_T1_ctrl,163,89,165.96666666666667,-1.6765153408050537,1.0180956873327889
UBFC_PHYS_s14_T1_ctrl,163,90,166.0,-1.3307199478149414,0.7543012106913515
UBFC_PHYS_s14_T1_ctrl,163,91,166.03333333333333,-0.5183908343315125,0.4397706938444823
UBFC_PHYS_s14_T1_ctrl,163,92,166.06666666666666,0.36795276403427124,0.09671367675472743
UBFC_PHYS_s14_T1_ctrl,163,93,166.1,1.0579382181167603,-0.25981841447503934
UBFC_PHYS_s14_T1_ctrl,163,94,166.13333333333333,1.4529922008514404,-0.609902553278516
UBFC_PHYS_s14_T1_ctrl,163,95,166.16666666666666,1.5355122089385986,-0.9195720190968638
UBFC_PHYS_s14_T1_ctrl,163,96,166.2,1.3957351446151733,-1.1406020622284745
UBFC_PHYS_s14_T1_ctrl,163,97,166.23333333333332,1.197856068611145,-1.220907300432126
UBFC_PHYS_s14_T1_ctrl,163,98,166.26666666666668,1.0143687725067139,-1.122408236003695
UBFC_PHYS_s14_T1_ctrl,163,99,166.3,0.7895933389663696,-0.839527996370384
UBFC_PHYS_s14_T1_ctrl,163,100,166.33333333333334,0.4935915768146515,-0.40998767059032254
UBFC_PHYS_s14_T1_ctrl,163,101,166.36666666666667,0.184747114777565,0.08860337728065219
UBFC_PHYS_s14_T1_ctrl,163,102,166.4,-0.09418737143278122,0.5575580021078522
UBFC_PHYS_s14_T1_ctrl,163,103,166.43333333333334,-0.41077688336372375,0.9053750449158571
UBFC_PHYS_s14_T1_ctrl,163,104,166.46666666666667,-0.8523855805397034,1.0738789802616047
UBFC_PHYS_s14_T1_ctrl,163,105,166.5,-1.3763453960418701,1.050785400634
UBFC_PHYS_s14_T1_ctrl,163,106,166.53333333333333,-1.752782940864563,0.8643677668898453
UBFC_PHYS_s14_T1_ctrl,163,107,166.56666666666666,-1.709326148033142,0.5653071937897647
UBFC_PHYS_s14_T1_ctrl,163,108,166.6,-1.1839582920074463,0.20638547372806101
UBFC_PHYS_s14_T1_ctrl,163,109,166.63333333333333,-0.3950614631175995,-0.17002111538390796
UBFC_PHYS_s14_T1_ctrl,163,110,166.66666666666666,0.349392831325531,-0.5324776324733487
UBFC_PHYS_s14_T1_ctrl,163,111,166.7,0.8345428109169006,-0.8521599212391302
UBFC_PHYS_s14_T1_ctrl,163,112,166.73333333333332,0.9804595708847046,-1.0935924377959703
UBFC_PHYS_s14_T1_ctrl,163,113,166.76666666666668,0.8615237474441528,-1.2125951297572732
UBFC_PHYS_s14_T1_ctrl,163,114,166.8,0.6675031781196594,-1.1653148421996709
UBFC_PHYS_s14_T1_ctrl,163,115,166.83333333333334,0.5385128855705261,-0.9258313060778605
UBFC_PHYS_s14_T1_ctrl,163,116,166.86666666666667,0.47325730323791504,-0.5044801593355693
UBFC_PHYS_s14_T1_ctrl,163,117,166.9,0.3943422734737396,0.042893130118986676
UBFC_PHYS_s14_T1_ctrl,163,118,166.93333333333334,0.28103920817375183,0.6218918244365345
UBFC_PHYS_s14_T1_ctrl,163,119,166.96666666666667,0.16863740980625153,1.1229350381762446
UBFC_PHYS_s14_T1_ctrl,163,120,167.0,0.03001508116722107,1.452656247586288
UBFC_PHYS_s14_T1_ctrl,163,121,167.03333333333333,-0.2417657971382141,1.5600363474885919
UBFC_PHYS_s14_T1_ctrl,163,122,167.06666666666666,-0.6678280830383301,1.4463947020895886
UBFC_PHYS_s14_T1_ctrl,163,123,167.1,-1.0850187540054321,1.1564471429647558
UBFC_PHYS_s14_T1_ctrl,163,124,167.13333333333333,-1.2155580520629883,0.7565523543426391
UBFC_PHYS_s14_T1_ctrl,163,125,167.16666666666666,-0.8895336985588074,0.31124384219825657
UBFC_PHYS_s14_T1_ctrl,163,126,167.2,-0.2248956710100174,-0.13201904350667912
UBFC_PHYS_s14_T1_ctrl,163,127,167.23333333333332,0.47486263513565063,-0.5453307671797231
UBFC_PHYS_s14_T1_ctrl,163,128,167.26666666666668,0.9648568034172058,-0.911631320041788
UBFC_PHYS_s14_T1_ctrl,163,129,167.3,1.151554822921753,-1.211161123832556
UBFC_PHYS_s14_T1_ctrl,163,130,167.33333333333334,1.0465881824493408,-1.411623582251206
UBFC_PHYS_s14_T1_ctrl,163,131,167.36666666666667,0.7722725868225098,-1.4691032886524924
UBFC_PHYS_s14_T1_ctrl,163,132,167.4,0.5135597586631775,-1.3416733364288327
UBFC_PHYS_s14_T1_ctrl,163,133,167.43333333333334,0.3420983850955963,-1.0110222784517668
UBFC_PHYS_s14_T1_ctrl,163,134,167.46666666666667,0.18880270421504974,-0.502305259263124
UBFC_PHYS_s14_T1_ctrl,163,135,167.5,0.021565934643149376,0.10892961881143809
UBFC_PHYS_s14_T1_ctrl,163,136,167.53333333333333,-0.10184793174266815,0.7100775921240035
UBFC_PHYS_s14_T1_ctrl,163,137,167.56666666666666,-0.21582691371440887,1.1831400223965993
UBFC_PHYS_s14_T1_ctrl,163,138,167.6,-0.4722021818161011,1.441590880373263
UBFC_PHYS_s14_T1_ctrl,163,139,167.63333333333333,-0.9327087998390198,1.4549340142719058
UBFC_PHYS_s14_T1_ctrl,163,140,167.66666666666666,-1.4025377035140991,1.2507696849637477
UBFC_PHYS_s14_T1_ctrl,163,141,167.7,-1.5477784872055054,0.8966820220126676
UBFC_PHYS_s14_T1_ctrl,163,142,167.73333333333332,-1.1935057640075684,0.47257155101197007
UBFC_PHYS_s14_T1_ctrl,163,143,167.76666666666668,-0.48659390211105347,0.04565955422252413
UBFC_PHYS_s14_T1_ctrl,163,144,167.8,0.24825653433799744,-0.3428768381164158
UBFC_PHYS_s14_T1_ctrl,163,145,167.83333333333334,0.7688929438591003,-0.676630617555388
UBFC_PHYS_s14_T1_ctrl,163,146,167.86666666666667,0.9802342653274536,-0.9514195768473017
UBFC_PHYS_s14_T1_ctrl,163,147,167.9,0.8986718058586121,-1.1593057211208264
UBFC_PHYS_s14_T1_ctrl,163,148,167.93333333333334,0.6573923826217651,-1.2780012048646576
UBFC_PHYS_s14_T1_ctrl,163,149,167.96666666666667,0.44455838203430176,-1.2718090566019173
UBFC_PHYS_s14_T1_ctrl,163,150,168.0,0.335029274225235,-1.1049825232967647
UBFC_PHYS_s14_T1_ctrl,163,151,168.03333333333333,0.24253927171230316,-0.7624480141320766
UBFC_PHYS_s14_T1_ctrl,163,152,168.06666666666666,0.09605924040079117,-0.268458156853475
UBFC_PHYS_s14_T1_ctrl,163,153,168.1,-0.08320347964763641,0.3071492683031889
UBFC_PHYS_s14_T1_ctrl,163,154,168.13333333333333,-0.3100912272930145,0.8615915073622239
UBFC_PHYS_s14_T1_ctrl,163,155,168.16666666666666,-0.6515493988990784,1.28856576185426
UBFC_PHYS_s14_T1_ctrl,163,156,168.2,-1.1011565923690796,1.5122100130763672
UBFC_PHYS_s14_T1_ctrl,163,157,168.23333333333332,-1.5168827772140503,1.5093376204582742
UBFC_PHYS_s14_T1_ctrl,163,158,168.26666666666668,-1.6394517421722412,1.310215396452155
UBFC_PHYS_s14_T1_ctrl,163,159,168.3,-1.261605978012085,0.9798922326893221
UBFC_PHYS_s14_T1_ctrl,163,160,168.33333333333334,-0.49031153321266174,0.5907362005006481
UBFC_PHYS_s14_T1_ctrl,163,161,168.36666666666667,0.321623295545578,0.19895068302527624
UBFC_PHYS_s14_T1_ctrl,163,162,168.4,0.9139648079872131,-0.1659064817579493
UBFC_PHYS_s14_T1_ctrl,163,163,168.43333333333334,1.2362433671951294,-0.4963496629422048
UBFC_PHYS_s14_T1_ctrl,163,164,168.46666666666667,1.2807422876358032,-0.7921584665671629
UBFC_PHYS_s14_T1_ctrl,163,165,168.5,1.0793991088867188,-1.0441584593716093
UBFC_PHYS_s14_T1_ctrl,163,166,168.53333333333333,0.8129974603652954,-1.2252635870899826
UBFC_PHYS_s14_T1_ctrl,163,167,168.56666666666666,0.6571670770645142,-1.2938349800382634
UBFC_PHYS_s14_T1_ctrl,163,168,168.6,0.563409686088562,-1.2090104644050406
UBFC_PHYS_s14_T1_ctrl,163,169,168.63333333333333,0.4123671352863312,-0.9521036925858486
UBFC_PHYS_s14_T1_ctrl,163,170,168.66666666666666,0.2146289348602295,-0.544274512750712
UBFC_PHYS_s14_T1_ctrl,163,171,168.7,0.027818303555250168,-0.0505995363105902
UBFC_PHYS_s14_T1_ctrl,163,172,168.73333333333332,-0.1929297298192978,0.4344078623380548
UBFC_PHYS_s14_T1_ctrl,163,173,168.76666666666668,-0.5346131920814514,0.8159577457635415
UBFC_PHYS_s14_T1_ctrl,163,174,168.8,-0.9718002080917358,1.0301979147354092
UBFC_PHYS_s14_T1_ctrl,163,175,168.83333333333334,-1.3207217454910278,1.0625195275229304
UBFC_PHYS_s14_T1_ctrl,163,176,168.86666666666667,-1.3148919343948364,0.9449960847829879
UBFC_PHYS_s14_T1_ctrl,163,177,168.9,-0.8297700881958008,0.7361139063962027
UBFC_PHYS_s14_T1_ctrl,163,178,168.93333333333334,-0.04397127777338028,0.4937706649079274
UBFC_PHYS_s14_T1_ctrl,163,179,168.96666666666667,0.722704291343689,0.2541189926608878
UBFC_PHYS_s14_T1_ctrl,163,180,169.0,1.2631679773330688,0.024910768231313482
UBFC_PHYS_s14_T1_ctrl,163,181,169.03333333333333,1.511488437652588,-0.2052308585409797
UBFC_PHYS_s14_T1_ctrl,163,182,169.06666666666666,1.5223596096038818,-0.447602500327906
UBFC_PHYS_s14_T1_ctrl,163,183,169.1,1.4176183938980103,-0.6945637759818254
UBFC_PHYS_s14_T1_ctrl,163,184,169.13333333333333,1.2538175582885742,-0.910676732041185
UBFC_PHYS_s14_T1_ctrl,163,185,169.16666666666666,0.9763194918632507,-1.0387942462647528
UBFC_PHYS_s14_T1_ctrl,163,186,169.2,0.568817138671875,-1.019667161213192
UBFC_PHYS_s14_T1_ctrl,163,187,169.23333333333332,0.10540962964296341,-0.8177990052292409
UBFC_PHYS_s14_T1_ctrl,163,188,169.26666666666668,-0.34163472056388855,-0.4428434220350869
UBFC_PHYS_s14_T1_ctrl,163,189,169.3,-0.7382658123970032,0.04380835251710479
UBFC_PHYS_s14_T1_ctrl,163,190,169.33333333333334,-1.0807660818099976,0.5428227390434021
UBFC_PHYS_s14_T1_ctrl,163,191,169.36666666666667,-1.4061427116394043,0.947863406560136
UBFC_PHYS_s14_T1_ctrl,163,192,169.4,-1.7712584733963013,1.180844898656153
UBFC_PHYS_s14_T1_ctrl,163,193,169.43333333333334,-2.14031720161438,1.2151447103458213
UBFC_PHYS_s14_T1_ctrl,163,194,169.46666666666667,-2.2604920864105225,1.0768597686326795
UBFC_PHYS_s14_T1_ctrl,163,195,169.5,-1.8516098260879517,0.8258857453898887
UBFC_PHYS_s14_T1_ctrl,163,196,169.53333333333333,-0.9732084274291992,0.5278181035956595
UBFC_PHYS_s14_T1_ctrl,163,197,169.56666666666666,-0.020707961171865463,0.23030637520665248
UBFC_PHYS_s14_T1_ctrl,163,198,169.6,0.7053553462028503,-0.04655675613822429
UBFC_PHYS_s14_T1_ctrl,163,199,169.63333333333333,1.0903548002243042,-0.30402429090916366
UBFC_PHYS_s14_T1_ctrl,163,200,169.66666666666666,1.1582577228546143,-0.5483109653850335
UBFC_PHYS_s14_T1_ctrl,163,201,169.7,1.0407865047454834,-0.7735527592242352
UBFC_PHYS_s14_T1_ctrl,163,202,169.73333333333332,0.8597212433815002,-0.9527833205820055
UBFC_PHYS_s14_T1_ctrl,163,203,169.76666666666668,0.6697281002998352,-1.0414555886077332
UBFC_PHYS_s14_T1_ctrl,163,204,169.8,0.5140666961669922,-0.9928420192852134
UBFC_PHYS_s14_T1_ctrl,163,205,169.83333333333334,0.3993836045265198,-0.779729615416592
UBFC_PHYS_s14_T1_ctrl,163,206,169.86666666666667,0.271688848733902,-0.41331299926131193
UBFC_PHYS_s14_T1_ctrl,163,207,169.9,0.09904460608959198,0.050195835423308445
UBFC_PHYS_s14_T1_ctrl,163,208,169.93333333333334,-0.10663577914237976,0.5207469622675959
UBFC_PHYS_s14_T1_ctrl,163,209,169.96666666666667,-0.35720929503440857,0.9010462798678418
UBFC_PHYS_s14_T1_ctrl,163,210,170.0,-0.7016810178756714,1.117612262785129
UBFC_PHYS_s14_T1_ctrl,163,211,170.03333333333333,-1.1344462633132935,1.1420707957219274
UBFC_PHYS_s14_T1_ctrl,163,212,170.06666666666666,-1.462470293045044,0.993797698443394
UBFC_PHYS_s14_T1_ctrl,163,213,170.1,-1.4220552444458008,0.7249191194774072
UBFC_PHYS_s14_T1_ctrl,163,214,170.13333333333333,-0.9407918453216553,0.3965970022752899
UBFC_PHYS_s14_T1_ctrl,163,215,170.16666666666666,-0.22866961359977722,0.05805862050518687
UBFC_PHYS_s14_T1_ctrl,163,216,170.2,0.43050462007522583,-0.26313351544650404
UBFC_PHYS_s14_T1_ctrl,163,217,170.23333333333332,0.8551868796348572,-0.5573543595219542
UBFC_PHYS_s14_T1_ctrl,163,218,170.26666666666668,0.9644906520843506,-0.81995429337007
UBFC_PHYS_s14_T1_ctrl,163,219,170.3,0.8138424158096313,-1.037195536348799
UBFC_PHYS_s14_T1_ctrl,163,220,170.33333333333334,0.5879403948783875,-1.1792529459730334
UBFC_PHYS_s14_T1_ctrl,163,221,170.36666666666667,0.4422207772731781,-1.2050341248898921
UBFC_PHYS_s14_T1_ctrl,163,222,170.4,0.38082364201545715,-1.0782314815294165
UBFC_PHYS_s14_T1_ctrl,163,223,170.43333333333334,0.2998526692390442,-0.7884517263917461
UBFC_PHYS_s14_T1_ctrl,163,224,170.46666666666667,0.18362055718898773,-0.36746913336334613
UBFC_PHYS_s14_T1_ctrl,163,225,170.5,0.19688571989536285,0.10914270490098123
UBFC_PHYS_s14_T1_ctrl,163,226,170.53333333333333,0.40380531549453735,0.5394297591990325
UBFC_PHYS_s14_T1_ctrl,163,227,170.56666666666666,0.4965769350528717,0.8268126531535478
UBFC_PHYS_s14_T1_ctrl,163,228,170.6,0.20744715631008148,0.9127377203491636
UBFC_PHYS_s14_T1_ctrl,163,229,170.63333333333333,-0.34431028366088867,0.7951107415462038
UBFC_PHYS_s14_T1_ctrl,163,230,170.66666666666666,-0.8460205793380737,0.525346745677187
UBFC_PHYS_s14_T1_ctrl,163,231,170.7,-1.0567985773086548,0.18784156437159719
UBFC_PHYS_s14_T1_ctrl,163,232,170.73333333333332,-0.8620739579200745,-0.12817876529103336
UBFC_PHYS_s14_T1_ctrl,163,233,170.76666666666668,-0.3678552210330963,-0.35402166192323614
UBFC_PHYS_s14_T1_ctrl,163,234,170.8,0.11112688481807709,-0.4563522695074675
UBFC_PHYS_s14_T1_ctrl,163,235,170.83333333333334,0.3464356064796448,-0.4381516034956122
UBFC_PHYS_s14_T1_ctrl,163,236,170.86666666666667,0.31179410219192505,-0.3277421545587397
UBFC_PHYS_s14_T1_ctrl,163,237,170.9,0.10732477158308029,-0.16210281882978875
UBFC_PHYS_s14_T1_ctrl,163,238,170.93333333333334,-0.10784682631492615,0.027745047170498943
UBFC_PHYS_s14_T1_ctrl,163,239,170.96666666666667,-0.21633386611938477,0.22337031382096567
UBFC_PHYS_s14_T1_ctrl,164,0,164.0,0.4900711178779602,-0.10740510261495038
UBFC_PHYS_s14_T1_ctrl,164,1,164.03333333333333,0.4061710834503174,0.19673001917449764
UBFC_PHYS_s14_T1_ctrl,164,2,164.06666666666666,0.28422173857688904,0.5123601680739353
UBFC_PHYS_s14_T1_ctrl,164,3,164.1,0.1178017109632492,0.8370921908514832
UBFC_PHYS_s14_T1_ctrl,164,4,164.13333333333333,-0.10657945275306702,1.1499624321539037
UBFC_PHYS_s14_T1_ctrl,164,5,164.16666666666666,-0.43313896656036377,1.4122641903388777
UBFC_PHYS_s14_T1_ctrl,164,6,164.2,-0.858497142791748,1.5755755345514375
UBFC_PHYS_s14_T1_ctrl,164,7,164.23333333333332,-1.2461721897125244,1.5946379546668585
UBFC_PHYS_s14_T1_ctrl,164,8,164.26666666666668,-1.3482941389083862,1.4413532807305403
UBFC_PHYS_s14_T1_ctrl,164,9,164.3,-1.00247061252594,1.1155673780959172
UBFC_PHYS_s14_T1_ctrl,164,10,164.33333333333334,-0.3103446960449219,0.6489940266602628
UBFC_PHYS_s14_T1_ctrl,164,11,164.36666666666667,0.46903273463249207,0.10095000924725205
UBFC_PHYS_s14_T1_ctrl,164,12,164.4,1.0941851139068604,-0.4522009353592152
UBFC_PHYS_s14_T1_ctrl,164,13,164.43333333333334,1.3873704671859741,-0.9301979115897395
UBFC_PHYS_s14_T1_ctrl,164,14,164.46666666666667,1.292880892753601,-1.2618819145373414
UBFC_PHYS_s14_T1_ctrl,164,15,164.5,0.9644906520843506,-1.3970772269124454
UBFC_PHYS_s14_T1_ctrl,164,16,164.53333333333333,0.6628279685974121,-1.3165712320086098
UBFC_PHYS_s14_T1_ctrl,164,17,164.56666666666666,0.48722654581069946,-1.0380080758027268
UBFC_PHYS_s14_T1_ctrl,164,18,164.6,0.34145063161849976,-0.6143528260197311
UBFC_PHYS_s14_T1_ctrl,164,19,164.63333333333333,0.1361926943063736,-0.12288392434926806
UBFC_PHYS_s14_T1_ctrl,164,20,164.66666666666666,-0.10193242132663727,0.3531265120419141
UBFC_PHYS_s14_T1_ctrl,164,21,164.7,-0.3310169577598572,0.74361647738588
UBFC_PHYS_s14_T1_ctrl,164,22,164.73333333333332,-0.6273285150527954,1.004451991871437
UBFC_PHYS_s14_T1_ctrl,164,23,164.76666666666668,-1.0721479654312134,1.1196096697449844
UBFC_PHYS_s14_T1_ctrl,164,24,164.8,-1.4780731201171875,1.0944909135227985
UBFC_PHYS_s14_T1_ctrl,164,25,164.83333333333334,-1.4980130195617676,0.9461432989062736
UBFC_PHYS_s14_T1_ctrl,164,26,164.86666666666667,-1.0328311920166016,0.6958964167336122
UBFC_PHYS_s14_T1_ctrl,164,27,164.9,-0.29857221245765686,0.3666288193072109
UBFC_PHYS_s14_T1_ctrl,164,28,164.93333333333334,0.43748924136161804,-0.016338226557921203
UBFC_PHYS_s14_T1_ctrl,164,29,164.96666666666667,0.973446786403656,-0.4230170426918955
UBFC_PHYS_s14_T1_ctrl,164,30,165.0,1.1664252281188965,-0.8169061014450104
UBFC_PHYS_s14_T1_ctrl,164,31,165.03333333333333,1.012622594833374,-1.1545635856036167
UBFC_PHYS_s14_T1_ctrl,164,32,165.06666666666666,0.7093546390533447,-1.388113088777723
UBFC_PHYS_s14_T1_ctrl,164,33,165.1,0.4648926556110382,-1.4723301102202757
UBFC_PHYS_s14_T1_ctrl,164,34,165.13333333333333,0.34435150027275085,-1.3761037839166144
UBFC_PHYS_s14_T1_ctrl,164,35,165.16666666666666,0.2603951394557953,-1.0949511745901266
UBFC_PHYS_s14_T1_ctrl,164,36,165.2,0.13681229948997498,-0.6589774242541689
UBFC_PHYS_s14_T1_ctrl,164,37,165.23333333333332,0.014102522283792496,-0.13106495621705208
UBFC_PHYS_s14_T1_ctrl,164,38,165.26666666666668,-0.1015944555401802,0.4062690012861823
UBFC_PHYS_s14_T1_ctrl,164,39,165.3,-0.35112592577934265,0.871275631866655
UBFC_PHYS_s14_T1_ctrl,164,40,165.33333333333334,-0.8139138221740723,1.2019969677944926
UBFC_PHYS_s14_T1_ctrl,164,41,165.36666666666667,-1.277011513710022,1.3656866690882246
UBFC_PHYS_s14_T1_ctrl,164,42,165.4,-1.350490927696228,1.3566782700620752
UBFC_PHYS_s14_T1_ctrl,164,43,165.43333333333334,-0.8707202672958374,1.18776206307623
UBFC_PHYS_s14_T1_ctrl,164,44,165.46666666666667,-0.08748438209295273,0.8823442651153465
UBFC_PHYS_s14_T1_ctrl,164,45,165.5,0.6244125366210938,0.4717724340807609
UBFC_PHYS_s14_T1_ctrl,164,46,165.53333333333333,1.0570088624954224,-0.0026929104981857624
UBFC_PHYS_s14_T1_ctrl,164,47,165.56666666666666,1.1579480171203613,-0.48730884945191016
UBFC_PHYS_s14_T1_ctrl,164,48,165.6,0.9682083129882812,-0.9170502007239357
UBFC_PHYS_s14_T1_ctrl,164,49,165.63333333333333,0.685077428817749,-1.222955395800053
UBFC_PHYS_s14_T1_ctrl,164,50,165.66666666666666,0.505702018737793,-1.3454103050522255
UBFC_PHYS_s14_T1_ctrl,164,51,165.7,0.4214640259742737,-1.2504288032964457
UBFC_PHYS_s14_T1_ctrl,164,52,165.73333333333332,0.3104422390460968,-0.9434095434163501
UBFC_PHYS_s14_T1_ctrl,164,53,165.76666666666668,0.1438814103603363,-0.4738069546410236
UBFC_PHYS_s14_T1_ctrl,164,54,165.8,-0.018905475735664368,0.0738079279636695
UBFC_PHYS_s14_T1_ctrl,164,55,165.83333333333334,-0.19487303495407104,0.6011983070186933
UBFC_PHYS_s14_T1_ctrl,164,56,165.86666666666667,-0.48822739720344543,1.0222884642349548
UBFC_PHYS_s14_T1_ctrl,164,57,165.9,-0.9561693072319031,1.2822400036081238
UBFC_PHYS_s14_T1_ctrl,164,58,165.93333333333334,-1.4625548124313354,1.3629537738922257
UBFC_PHYS_s14_T1_ctrl,164,59,165.96666666666667,-1.6765153408050537,1.2760182848112065
UBFC_PHYS_s14_T1_ctrl,164,60,166.0,-1.3307199478149414,1.0496755335664993
UBFC_PHYS_s14_T1_ctrl,164,61,166.03333333333333,-0.5183908343315125,0.7173317656775502
UBFC_PHYS_s14_T1_ctrl,164,62,166.06666666666666,0.36795276403427124,0.3122840562581855
UBFC_PHYS_s14_T1_ctrl,164,63,166.1,1.0579382181167603,-0.13106509655121673
UBFC_PHYS_s14_T1_ctrl,164,64,166.13333333333333,1.4529922008514404,-0.5727820782637401
UBFC_PHYS_s14_T1_ctrl,164,65,166.16666666666666,1.5355122089385986,-0.9644828135753991
UBFC_PHYS_s14_T1_ctrl,164,66,166.2,1.3957351446151733,-1.2518040696774468
UBFC_PHYS_s14_T1_ctrl,164,67,166.23333333333332,1.197856068611145,-1.3835832636499528
UBFC_PHYS_s14_T1_ctrl,164,68,166.26666666666668,1.0143687725067139,-1.32575029157347
UBFC_PHYS_s14_T1_ctrl,164,69,166.3,0.7895933389663696,-1.0750006927017035
UBFC_PHYS_s14_T1_ctrl,164,70,166.33333333333334,0.4935915768146515,-0.6660059890659796
UBFC_PHYS_s14_T1_ctrl,164,71,166.36666666666667,0.184747114777565,-0.16743716196635006
UBFC_PHYS_s14_T1_ctrl,164,72,166.4,-0.09418737143278122,0.3335176331128989
UBFC_PHYS_s14_T1_ctrl,164,73,166.43333333333334,-0.41077688336372375,0.7531192488652391
UBFC_PHYS_s14_T1_ctrl,164,74,166.46666666666667,-0.8523855805397034,1.031077771203524
UBFC_PHYS_s14_T1_ctrl,164,75,166.5,-1.3763453960418701,1.1408868854857037
UBFC_PHYS_s14_T1_ctrl,164,76,166.53333333333333,-1.752782940864563,1.0877867644852726
UBFC_PHYS_s14_T1_ctrl,164,77,166.56666666666666,-1.709326148033142,0.8978338417046885
UBFC_PHYS_s14_T1_ctrl,164,78,166.6,-1.1839582920074463,0.60521046274462
UBFC_PHYS_s14_T1_ctrl,164,79,166.63333333333333,-0.3950614631175995,0.24432051628206625
UBFC_PHYS_s14_T1_ctrl,164,80,166.66666666666666,0.349392831325531,-0.15087597757695084
UBFC_PHYS_s14_T1_ctrl,164,81,166.7,0.8345428109169006,-0.5426407597916394
UBFC_PHYS_s14_T1_ctrl,164,82,166.73333333333332,0.9804595708847046,-0.8854255468029405
UBFC_PHYS_s14_T1_ctrl,164,83,166.76666666666668,0.8615237474441528,-1.126949524255669
UBFC_PHYS_s14_T1_ctrl,164,84,166.8,0.6675031781196594,-1.216818855975298
UBFC_PHYS_s14_T1_ctrl,164,85,166.83333333333334,0.5385128855705261,-1.1212082791986353
UBFC_PHYS_s14_T1_ctrl,164,86,166.86666666666667,0.47325730323791504,-0.838172843918381
UBFC_PHYS_s14_T1_ctrl,164,87,166.9,0.3943422734737396,-0.40608097619420835
UBFC_PHYS_s14_T1_ctrl,164,88,166.93333333333334,0.28103920817375183,0.10092251731827888
UBFC_PHYS_s14_T1_ctrl,164,89,166.96666666666667,0.16863740980625153,0.5911652685099777
UBFC_PHYS_s14_T1_ctrl,164,90,167.0,0.03001508116722107,0.9808589775049636
UBFC_PHYS_s14_T1_ctrl,164,91,167.03333333333333,-0.2417657971382141,1.215705133948505
UBFC_PHYS_s14_T1_ctrl,164,92,167.06666666666666,-0.6678280830383301,1.2797195445608345
UBFC_PHYS_s14_T1_ctrl,164,93,167.1,-1.0850187540054321,1.1892322469409657
UBFC_PHYS_s14_T1_ctrl,164,94,167.13333333333333,-1.2155580520629883,0.977481773272752
UBFC_PHYS_s14_T1_ctrl,164,95,167.16666666666666,-0.8895336985588074,0.6789603211438787
UBFC_PHYS_s14_T1_ctrl,164,96,167.2,-0.2248956710100174,0.3209343498760297
UBFC_PHYS_s14_T1_ctrl,164,97,167.23333333333332,0.47486263513565063,-0.07543668946917546
UBFC_PHYS_s14_T1_ctrl,164,98,167.26666666666668,0.9648568034172058,-0.4868424706154296
UBFC_PHYS_s14_T1_ctrl,164,99,167.3,1.151554822921753,-0.87807933618872
UBFC_PHYS_s14_T1_ctrl,164,100,167.33333333333334,1.0465881824493408,-1.1974971996933157
UBFC_PHYS_s14_T1_ctrl,164,101,167.36666666666667,0.7722725868225098,-1.3826036228727063
UBFC_PHYS_s14_T1_ctrl,164,102,167.4,0.5135597586631775,-1.3764622957271824
UBFC_PHYS_s14_T1_ctrl,164,103,167.43333333333334,0.3420983850955963,-1.149993368717389
UBFC_PHYS_s14_T1_ctrl,164,104,167.46666666666667,0.18880270421504974,-0.7208770738835288
UBFC_PHYS_s14_T1_ctrl,164,105,167.5,0.021565934643149376,-0.1589218998908502
UBFC_PHYS_s14_T1_ctrl,164,106,167.53333333333333,-0.10184793174266815,0.4280137549923738
UBFC_PHYS_s14_T1_ctrl,164,107,167.56666666666666,-0.21582691371440887,0.9245727797140589
UBFC_PHYS_s14_T1_ctrl,164,108,167.6,-0.4722021818161011,1.2422452258708845
UBFC_PHYS_s14_T1_ctrl,164,109,167.63333333333333,-0.9327087998390198,1.3417730970871486
UBFC_PHYS_s14_T1_ctrl,164,110,167.66666666666666,-1.4025377035140991,1.2351706931174558
UBFC_PHYS_s14_T1_ctrl,164,111,167.7,-1.5477784872055054,0.970354762400678
UBFC_PHYS_s14_T1_ctrl,164,112,167.73333333333332,-1.1935057640075684,0.6085271496310962
UBFC_PHYS_s14_T1_ctrl,164,113,167.76666666666668,-0.48659390211105347,0.2050391162735667
UBFC_PHYS_s14_T1_ctrl,164,114,167.8,0.24825653433799744,-0.19954171153541686
UBFC_PHYS_s14_T1_ctrl,164,115,167.83333333333334,0.7688929438591003,-0.5772839720599229
UBFC_PHYS_s14_T1_ctrl,164,116,167.86666666666667,0.9802342653274536,-0.903912129614327
UBFC_PHYS_s14_T1_ctrl,164,117,167.9,0.8986718058586121,-1.149968930184137
UBFC_PHYS_s14_T1_ctrl,164,118,167.93333333333334,0.6573923826217651,-1.278691948883001
UBFC_PHYS_s14_T1_ctrl,164,119,167.96666666666667,0.44455838203430176,-1.2536742926871542
UBFC_PHYS_s14_T1_ctrl,164,120,168.0,0.335029274225235,-1.0539817924572963
UBFC_PHYS_s14_T1_ctrl,164,121,168.03333333333333,0.24253927171230316,-0.6895870460238072
UBFC_PHYS_s14_T1_ctrl,164,122,168.06666666666666,0.09605924040079117,-0.20836830360371725
UBFC_PHYS_s14_T1_ctrl,164,123,168.1,-0.08320347964763641,0.3110393089912124
UBFC_PHYS_s14_T1_ctrl,164,124,168.13333333333333,-0.3100912272930145,0.7794411099824666
UBFC_PHYS_s14_T1_ctrl,164,125,168.16666666666666,-0.6515493988990784,1.1223110868099462
UBFC_PHYS_s14_T1_ctrl,164,126,168.2,-1.1011565923690796,1.299084256915849
UBFC_PHYS_s14_T1_ctrl,164,127,168.23333333333332,-1.5168827772140503,1.3084655425941336
UBFC_PHYS_s14_T1_ctrl,164,128,168.26666666666668,-1.6394517421722412,1.1791073557590406
UBFC_PHYS_s14_T1_ctrl,164,129,168.3,-1.261605978012085,0.9521900124601044
UBFC_PHYS_s14_T1_ctrl,164,130,168.33333333333334,-0.49031153321266174,0.6650767057391508
UBFC_PHYS_s14_T1_ctrl,164,131,168.36666666666667,0.321623295545578,0.34285757034955333
UBFC_PHYS_s14_T1_ctrl,164,132,168.4,0.9139648079872131,-0.00044635522460565667
UBFC_PHYS_s14_T1_ctrl,164,133,168.43333333333334,1.2362433671951294,-0.35393419107704843
UBFC_PHYS_s14_T1_ctrl,164,134,168.46666666666667,1.2807422876358032,-0.7002661073070781
UBFC_PHYS_s14_T1_ctrl,164,135,168.5,1.0793991088867188,-1.0094154406543838
UBFC_PHYS_s14_T1_ctrl,164,136,168.53333333333333,0.8129974603652954,-1.2390535826549314
UBFC_PHYS_s14_T1_ctrl,164,137,168.56666666666666,0.6571670770645142,-1.342573587203062
UBFC_PHYS_s14_T1_ctrl,164,138,168.6,0.563409686088562,-1.2830778271908403
UBFC_PHYS_s14_T1_ctrl,164,139,168.63333333333333,0.4123671352863312,-1.048954047892678
UBFC_PHYS_s14_T1_ctrl,164,140,168.66666666666666,0.2146289348602295,-0.664712183335916
UBFC_PHYS_s14_T1_ctrl,164,141,168.7,0.027818303555250168,-0.19094394373780774
UBFC_PHYS_s14_T1_ctrl,164,142,168.73333333333332,-0.1929297298192978,0.28933982206587516
UBFC_PHYS_s14_T1_ctrl,164,143,168.76666666666668,-0.5346131920814514,0.6944412698124475
UBFC_PHYS_s14_T1_ctrl,164,144,168.8,-0.9718002080917358,0.9677782761148376
UBFC_PHYS_s14_T1_ctrl,164,145,168.83333333333334,-1.3207217454910278,1.0904828021711561
UBFC_PHYS_s14_T1_ctrl,164,146,168.86666666666667,-1.3148919343948364,1.0778659153433063
UBFC_PHYS_s14_T1_ctrl,164,147,168.9,-0.8297700881958008,0.9638823467630202
UBFC_PHYS_s14_T1_ctrl,164,148,168.93333333333334,-0.04397127777338028,0.7829488486750651
UBFC_PHYS_s14_T1_ctrl,164,149,168.96666666666667,0.722704291343689,0.5579226544275808
UBFC_PHYS_s14_T1_ctrl,164,150,169.0,1.2631679773330688,0.29844697707380724
UBFC_PHYS_s14_T1_ctrl,164,151,169.03333333333333,1.511488437652588,0.008307597338068195
UBFC_PHYS_s14_T1_ctrl,164,152,169.06666666666666,1.5223596096038818,-0.3033171919614874
UBFC_PHYS_s14_T1_ctrl,164,153,169.1,1.4176183938980103,-0.612752431089889
UBFC_PHYS_s14_T1_ctrl,164,154,169.13333333333333,1.2538175582885742,-0.8794111668451698
UBFC_PHYS_s14_T1_ctrl,164,155,169.16666666666666,0.9763194918632507,-1.051859392730919
UBFC_PHYS_s14_T1_ctrl,164,156,169.2,0.568817138671875,-1.081234097034889
UBFC_PHYS_s14_T1_ctrl,164,157,169.23333333333332,0.10540962964296341,-0.9381923547389417
UBFC_PHYS_s14_T1_ctrl,164,158,169.26666666666668,-0.34163472056388855,-0.6274691146444414
UBFC_PHYS_s14_T1_ctrl,164,159,169.3,-0.7382658123970032,-0.19362552823039625
UBFC_PHYS_s14_T1_ctrl,164,160,169.33333333333334,-1.0807660818099976,0.28627777902555057
UBFC_PHYS_s14_T1_ctrl,164,161,169.36666666666667,-1.4061427116394043,0.7222864424968323
UBFC_PHYS_s14_T1_ctrl,164,162,169.4,-1.7712584733963013,1.0363984869077856
UBFC_PHYS_s14_T1_ctrl,164,163,169.43333333333334,-2.14031720161438,1.1823760524219944
UBFC_PHYS_s14_T1_ctrl,164,164,169.46666666666667,-2.2604920864105225,1.1528714635624755
UBFC_PHYS_s14_T1_ctrl,164,165,169.5,-1.8516098260879517,0.9727884539842073
UBFC_PHYS_s14_T1_ctrl,164,166,169.53333333333333,-0.9732084274291992,0.6841354330576983
UBFC_PHYS_s14_T1_ctrl,164,167,169.56666666666666,-0.020707961171865463,0.33052159868656417
UBFC_PHYS_s14_T1_ctrl,164,168,169.6,0.7053553462028503,-0.05209079498498714
UBFC_PHYS_s14_T1_ctrl,164,169,169.63333333333333,1.0903548002243042,-0.43606495840612564
UBFC_PHYS_s14_T1_ctrl,164,170,169.66666666666666,1.1582577228546143,-0.7962935714596527
UBFC_PHYS_s14_T1_ctrl,164,171,169.7,1.0407865047454834,-1.1027746006553876
UBFC_PHYS_s14_T1_ctrl,164,172,169.73333333333332,0.8597212433815002,-1.316835870231535
UBFC_PHYS_s14_T1_ctrl,164,173,169.76666666666668,0.6697281002998352,-1.3946318315582988
UBFC_PHYS_s14_T1_ctrl,164,174,169.8,0.5140666961669922,-1.298496787865792
UBFC_PHYS_s14_T1_ctrl,164,175,169.83333333333334,0.3993836045265198,-1.0130260982728894
UBFC_PHYS_s14_T1_ctrl,164,176,169.86666666666667,0.271688848733902,-0.5594390674394782
UBFC_PHYS_s14_T1_ctrl,164,177,169.9,0.09904460608959198,-0.0005030491266924363
UBFC_PHYS_s14_T1_ctrl,164,178,169.93333333333334,-0.10663577914237976,0.569400403372944
UBFC_PHYS_s14_T1_ctrl,164,179,169.96666666666667,-0.35720929503440857,1.0480712643447294
UBFC_PHYS_s14_T1_ctrl,164,180,170.0,-0.7016810178756714,1.3540421778651675
UBFC_PHYS_s14_T1_ctrl,164,181,170.03333333333333,-1.1344462633132935,1.4471923739343626
UBFC_PHYS_s14_T1_ctrl,164,182,170.06666666666666,-1.462470293045044,1.3334384217460162
UBFC_PHYS_s14_T1_ctrl,164,183,170.1,-1.4220552444458008,1.0543701853602212
UBFC_PHYS_s14_T1_ctrl,164,184,170.13333333333333,-0.9407918453216553,0.6691581602838379
UBFC_PHYS_s14_T1_ctrl,164,185,170.16666666666666,-0.22866961359977722,0.23749677172086772
UBFC_PHYS_s14_T1_ctrl,164,186,170.2,0.43050462007522583,-0.19045696816760288
UBFC_PHYS_s14_T1_ctrl,164,187,170.23333333333332,0.8551868796348572,-0.5758383125166788
UBFC_PHYS_s14_T1_ctrl,164,188,170.26666666666668,0.9644906520843506,-0.887180019472166
UBFC_PHYS_s14_T1_ctrl,164,189,170.3,0.8138424158096313,-1.095513977696799
UBFC_PHYS_s14_T1_ctrl,164,190,170.33333333333334,0.5879403948783875,-1.1728973074218654
UBFC_PHYS_s14_T1_ctrl,164,191,170.36666666666667,0.4422207772731781,-1.096700189658436
UBFC_PHYS_s14_T1_ctrl,164,192,170.4,0.38082364201545715,-0.858827200714139
UBFC_PHYS_s14_T1_ctrl,164,193,170.43333333333334,0.2998526692390442,-0.4759334374639755
UBFC_PHYS_s14_T1_ctrl,164,194,170.46666666666667,0.18362055718898773,0.005046448425247233
UBFC_PHYS_s14_T1_ctrl,164,195,170.5,0.19688571989536285,0.5108750061536981
UBFC_PHYS_s14_T1_ctrl,164,196,170.53333333333333,0.40380531549453735,0.95656192509124
UBFC_PHYS_s14_T1_ctrl,164,197,170.56666666666666,0.4965769350528717,1.2662613990667424
UBFC_PHYS_s14_T1_ctrl,164,198,170.6,0.20744715631008148,1.3921975163240379
UBFC_PHYS_s14_T1_ctrl,164,199,170.63333333333333,-0.34431028366088867,1.3237294790253986
UBFC_PHYS_s14_T1_ctrl,164,200,170.66666666666666,-0.8460205793380737,1.0842376631943476
UBFC_PHYS_s14_T1_ctrl,164,201,170.7,-1.0567985773086548,0.7197541171389537
UBFC_PHYS_s14_T1_ctrl,164,202,170.73333333333332,-0.8620739579200745,0.2855887312753522
UBFC_PHYS_s14_T1_ctrl,164,203,170.76666666666668,-0.3678552210330963,-0.1641593827584983
UBFC_PHYS_s14_T1_ctrl,164,204,170.8,0.11112688481807709,-0.5819417533372593
UBFC_PHYS_s14_T1_ctrl,164,205,170.83333333333334,0.3464356064796448,-0.927325354122381
UBFC_PHYS_s14_T1_ctrl,164,206,170.86666666666667,0.31179410219192505,-1.165295660646355
UBFC_PHYS_s14_T1_ctrl,164,207,170.9,0.10732477158308029,-1.2658520686199801
UBFC_PHYS_s14_T1_ctrl,164,208,170.93333333333334,-0.10784682631492615,-1.2078124743932566
UBFC_PHYS_s14_T1_ctrl,164,209,170.96666666666667,-0.21633386611938477,-0.9870956101189127
UBFC_PHYS_s14_T1_ctrl,164,210,171.0,-0.22726142406463623,-0.625913720487095
UBFC_PHYS_s14_T1_ctrl,164,211,171.03333333333333,-0.225092813372612,-0.17677845866504094
UBFC_PHYS_s14_T1_ctrl,164,212,171.06666666666666,-0.2707463800907135,0.28371993127572737
UBFC_PHYS_s14_T1_ctrl,164,213,171.1,-0.3646445572376251,0.6716117025105214
UBFC_PHYS_s14_T1_ctrl,164,214,171.13333333333333,-0.5054354667663574,0.9168352666721143
UBFC_PHYS_s14_T1_ctrl,164,215,171.16666666666666,-0.7450532913208008,0.9800853192494453
UBFC_PHYS_s14_T1_ctrl,164,216,171.2,-1.1112111806869507,0.858726118848896
UBFC_PHYS_s14_T1_ctrl,164,217,171.23333333333332,-1.4654837846755981,0.5813499667708468
UBFC_PHYS_s14_T1_ctrl,164,218,171.26666666666668,-1.5481728315353394,0.1959126992828295
UBFC_PHYS_s14_T1_ctrl,164,219,171.3,-1.2193602323532104,-0.24200222371679633
UBFC_PHYS_s14_T1_ctrl,164,220,171.33333333333334,-0.5890257358551025,-0.6767077279081205
UBFC_PHYS_s14_T1_ctrl,164,221,171.36666666666667,0.09788989275693893,-1.0555072184260672
UBFC_PHYS_s14_T1_ctrl,164,222,171.4,0.6032052040100098,-1.329530197209601
UBFC_PHYS_s14_T1_ctrl,164,223,171.43333333333334,0.7946065068244934,-1.4551370241027515
UBFC_PHYS_s14_T1_ctrl,164,224,171.46666666666667,0.7125934362411499,-1.3984019723844339
UBFC_PHYS_s14_T1_ctrl,164,225,171.5,0.534429132938385,-1.1437127300215852
UBFC_PHYS_s14_T1_ctrl,164,226,171.53333333333333,0.41138139367103577,-0.7046929771145631
UBFC_PHYS_s14_T1_ctrl,164,227,171.56666666666666,0.35733500123023987,-0.13227431127148873
UBFC_PHYS_s14_T1_ctrl,164,228,171.6,0.3060486912727356,0.4871141121065465
UBFC_PHYS_s14_T1_ctrl,164,229,171.63333333333333,0.18218420445919037,1.0476554357241228
UBFC_PHYS_s14_T1_ctrl,164,230,171.66666666666666,-0.02110225521028042,1.4515600285675376
UBFC_PHYS_s14_T1_ctrl,164,231,171.7,-0.24382175505161285,1.637485595965816
UBFC_PHYS_s14_T1_ctrl,164,232,171.73333333333332,-0.5122792720794678,1.5979267554653935
UBFC_PHYS_s14_T1_ctrl,164,233,171.76666666666668,-0.9331312775611877,1.3784018117520829
UBFC_PHYS_s14_T1_ctrl,164,234,171.8,-1.397975206375122,1.0597153642451855
UBFC_PHYS_s14_T1_ctrl,164,235,171.83333333333334,-1.5708165168762207,0.7313570096145422
UBFC_PHYS_s14_T1_ctrl,164,236,171.86666666666667,-1.2644786834716797,0.46561555925815473
UBFC_PHYS_s14_T1_ctrl,164,237,171.9,-0.6042623519897461,0.29951970708282194
UBFC_PHYS_s14_T1_ctrl,164,238,171.93333333333334,0.14286752045154572,0.22832577968720766
UBFC_PHYS_s14_T1_ctrl,164,239,171.96666666666667,0.7367016673088074,0.21124994295105584
UBFC_PHYS_s14_T1_ctrl,165,0,165.0,1.1664252281188965,0.10980939939055258
UBFC_PHYS_s14_T1_ctrl,165,1,165.03333333333333,1.012622594833374,-0.18754686270244952
UBFC_PHYS_s14_T1_ctrl,165,2,165.06666666666666,0.7093546390533447,-0.39688966040149287
UBFC_PHYS_s14_T1_ctrl,165,3,165.1,0.4648926556110382,-0.452707866969571
UBFC_PHYS_s14_T1_ctrl,165,4,165.13333333333333,0.34435150027275085,-0.33322601991593076
UBFC_PHYS_s14_T1_ctrl,165,5,165.16666666666666,0.2603951394557953,-0.06572319368011119
UBFC_PHYS_s14_T1_ctrl,165,6,165.2,0.13681229948997498,0.28416211103072386
UBFC_PHYS_s14_T1_ctrl,165,7,165.23333333333332,0.014102522283792496,0.6361699207277768
UBFC_PHYS_s14_T1_ctrl,165,8,165.26666666666668,-0.1015944555401802,0.9222586756188595
UBFC_PHYS_s14_T1_ctrl,165,9,165.3,-0.35112592577934265,1.1042453267105536
UBFC_PHYS_s14_T1_ctrl,165,10,165.33333333333334,-0.8139138221740723,1.1753805751322173
UBFC_PHYS_s14_T1_ctrl,165,11,165.36666666666667,-1.277011513710022,1.1482944875760754
UBFC_PHYS_s14_T1_ctrl,165,12,165.4,-1.350490927696228,1.0384940016317266
UBFC_PHYS_s14_T1_ctrl,165,13,165.43333333333334,-0.8707202672958374,0.853407475347261
UBFC_PHYS_s14_T1_ctrl,165,14,165.46666666666667,-0.08748438209295273,0.5922532139989055
UBFC_PHYS_s14_T1_ctrl,165,15,165.5,0.6244125366210938,0.2553274441273732
UBFC_PHYS_s14_T1_ctrl,165,16,165.53333333333333,1.0570088624954224,-0.1433954458092014
UBFC_PHYS_s14_T1_ctrl,165,17,165.56666666666666,1.1579480171203613,-0.5676317620511347
UBFC_PHYS_s14_T1_ctrl,165,18,165.6,0.9682083129882812,-0.9594009119504504
UBFC_PHYS_s14_T1_ctrl,165,19,165.63333333333333,0.685077428817749,-1.2501022472627075
UBFC_PHYS_s14_T1_ctrl,165,20,165.66666666666666,0.505702018737793,-1.3787974798270943
UBFC_PHYS_s14_T1_ctrl,165,21,165.7,0.4214640259742737,-1.3113155065668907
UBFC_PHYS_s14_T1_ctrl,165,22,165.73333333333332,0.3104422390460968,-1.0531676798253091
UBFC_PHYS_s14_T1_ctrl,165,23,165.76666666666668,0.1438814103603363,-0.6510072210940732
UBFC_PHYS_s14_T1_ctrl,165,24,165.8,-0.018905475735664368,-0.18093625824128617
UBFC_PHYS_s14_T1_ctrl,165,25,165.83333333333334,-0.19487303495407104,0.27284139256772827
UBFC_PHYS_s14_T1_ctrl,165,26,165.86666666666667,-0.48822739720344543,0.6403360124509008
UBFC_PHYS_s14_T1_ctrl,165,27,165.9,-0.9561693072319031,0.87945387208115
UBFC_PHYS_s14_T1_ctrl,165,28,165.93333333333334,-1.4625548124313354,0.9768660897812828
UBFC_PHYS_s14_T1_ctrl,165,29,165.96666666666667,-1.6765153408050537,0.9393783866554052
UBFC_PHYS_s14_T1_ctrl,165,30,166.0,-1.3307199478149414,0.7831118268107169
UBFC_PHYS_s14_T1_ctrl,165,31,166.03333333333333,-0.5183908343315125,0.5269361833760852
UBFC_PHYS_s14_T1_ctrl,165,32,166.06666666666666,0.36795276403427124,0.19262535698018501
UBFC_PHYS_s14_T1_ctrl,165,33,166.1,1.0579382181167603,-0.19017824322714852
UBFC_PHYS_s14_T1_ctrl,165,34,166.13333333333333,1.4529922008514404,-0.5787156602219244
UBFC_PHYS_s14_T1_ctrl,165,35,166.16666666666666,1.5355122089385986,-0.9163986662283659
UBFC_PHYS_s14_T1_ctrl,165,36,166.2,1.3957351446151733,-1.1398016984261956
UBFC_PHYS_s14_T1_ctrl,165,37,166.23333333333332,1.197856068611145,-1.1932931761753205
UBFC_PHYS_s14_T1_ctrl,165,38,166.26666666666668,1.0143687725067139,-1.0472400661881995
UBFC_PHYS_s14_T1_ctrl,165,39,166.3,0.7895933389663696,-0.7126401809591375
UBFC_PHYS_s14_T1_ctrl,165,40,166.33333333333334,0.4935915768146515,-0.2447304072800853
UBFC_PHYS_s14_T1_ctrl,165,41,166.36666666666667,0.184747114777565,0.2683067781621441
UBFC_PHYS_s14_T1_ctrl,165,42,166.4,-0.09418737143278122,0.7288086381579352
UBFC_PHYS_s14_T1_ctrl,165,43,166.43333333333334,-0.41077688336372375,1.056308827133281
UBFC_PHYS_s14_T1_ctrl,165,44,166.46666666666667,-0.8523855805397034,1.2064122760418055
UBFC_PHYS_s14_T1_ctrl,165,45,166.5,-1.3763453960418701,1.1747399002305001
UBFC_PHYS_s14_T1_ctrl,165,46,166.53333333333333,-1.752782940864563,0.9869262366153376
UBFC_PHYS_s14_T1_ctrl,165,47,166.56666666666666,-1.709326148033142,0.6825576448447939
UBFC_PHYS_s14_T1_ctrl,165,48,166.6,-1.1839582920074463,0.3021221194728119
UBFC_PHYS_s14_T1_ctrl,165,49,166.63333333333333,-0.3950614631175995,-0.11780835348824785
UBFC_PHYS_s14_T1_ctrl,165,50,166.66666666666666,0.349392831325531,-0.5414248379948441
UBFC_PHYS_s14_T1_ctrl,165,51,166.7,0.8345428109169006,-0.9271881784492306
UBFC_PHYS_s14_T1_ctrl,165,52,166.73333333333332,0.9804595708847046,-1.2242958383249731
UBFC_PHYS_s14_T1_ctrl,165,53,166.76666666666668,0.8615237474441528,-1.376968419518624
UBFC_PHYS_s14_T1_ctrl,165,54,166.8,0.6675031781196594,-1.3375562922019828
UBFC_PHYS_s14_T1_ctrl,165,55,166.83333333333334,0.5385128855705261,-1.0846827866427982
UBFC_PHYS_s14_T1_ctrl,165,56,166.86666666666667,0.47325730323791504,-0.6388416998867117
UBFC_PHYS_s14_T1_ctrl,165,57,166.9,0.3943422734737396,-0.0668725104198176
UBFC_PHYS_s14_T1_ctrl,165,58,166.93333333333334,0.28103920817375183,0.5301989983340135
UBFC_PHYS_s14_T1_ctrl,165,59,166.96666666666667,0.16863740980625153,1.0441538489587108
UBFC_PHYS_s14_T1_ctrl,165,60,167.0,0.03001508116722107,1.390842539431304
UBFC_PHYS_s14_T1_ctrl,165,61,167.03333333333333,-0.2417657971382141,1.5315287297641924
UBFC_PHYS_s14_T1_ctrl,165,62,167.06666666666666,-0.6678280830383301,1.4755797607058698
UBFC_PHYS_s14_T1_ctrl,165,63,167.1,-1.0850187540054321,1.2659765819466735
UBFC_PHYS_s14_T1_ctrl,165,64,167.13333333333333,-1.2155580520629883,0.9569143708721577
UBFC_PHYS_s14_T1_ctrl,165,65,167.16666666666666,-0.8895336985588074,0.5945631404199324
UBFC_PHYS_s14_T1_ctrl,165,66,167.2,-0.2248956710100174,0.20824915874843727
UBFC_PHYS_s14_T1_ctrl,165,67,167.23333333333332,0.47486263513565063,-0.18675018691985187
UBFC_PHYS_s14_T1_ctrl,165,68,167.26666666666668,0.9648568034172058,-0.5784515238717783
UBFC_PHYS_s14_T1_ctrl,165,69,167.3,1.151554822921753,-0.9457322889218549
UBFC_PHYS_s14_T1_ctrl,165,70,167.33333333333334,1.0465881824493408,-1.2510541964010222
UBFC_PHYS_s14_T1_ctrl,165,71,167.36666666666667,0.7722725868225098,-1.4432312809975885
UBFC_PHYS_s14_T1_ctrl,165,72,167.4,0.5135597586631775,-1.4707836923911648
UBFC_PHYS_s14_T1_ctrl,165,73,167.43333333333334,0.3420983850955963,-1.3014031688743564
UBFC_PHYS_s14_T1_ctrl,165,74,167.46666666666667,0.18880270421504974,-0.9396197999026105
UBFC_PHYS_s14_T1_ctrl,165,75,167.5,0.021565934643149376,-0.434348321853994
UBFC_PHYS_s14_T1_ctrl,165,76,167.53333333333333,-0.10184793174266815,0.12886817646622048
UBFC_PHYS_s14_T1_ctrl,165,77,167.56666666666666,-0.21582691371440887,0.6497828202023419
UBFC_PHYS_s14_T1_ctrl,165,78,167.6,-0.4722021818161011,1.041236205327859
UBFC_PHYS_s14_T1_ctrl,165,79,167.63333333333333,-0.9327087998390198,1.2511397992930584
UBFC_PHYS_s14_T1_ctrl,165,80,167.66666666666666,-1.4025377035140991,1.270253705240855
UBFC_PHYS_s14_T1_ctrl,165,81,167.7,-1.5477784872055054,1.124761341676649
UBFC_PHYS_s14_T1_ctrl,165,82,167.73333333333332,-1.1935057640075684,0.8594099740604128
UBFC_PHYS_s14_T1_ctrl,165,83,167.76666666666668,-0.48659390211105347,0.5199964638240576
UBFC_PHYS_s14_T1_ctrl,165,84,167.8,0.24825653433799744,0.1425448558206358
UBFC_PHYS_s14_T1_ctrl,165,85,167.83333333333334,0.7688929438591003,-0.247685055936208
UBFC_PHYS_s14_T1_ctrl,165,86,167.86666666666667,0.9802342653274536,-0.6288490001056241
UBFC_PHYS_s14_T1_ctrl,165,87,167.9,0.8986718058586121,-0.9720500105771637
UBFC_PHYS_s14_T1_ctrl,165,88,167.93333333333334,0.6573923826217651,-1.2348517614110204
UBFC_PHYS_s14_T1_ctrl,165,89,167.96666666666667,0.44455838203430176,-1.364572727479783
UBFC_PHYS_s14_T1_ctrl,165,90,168.0,0.335029274225235,-1.3124618154982943
UBFC_PHYS_s14_T1_ctrl,165,91,168.03333333333333,0.24253927171230316,-1.0539310332433998
UBFC_PHYS_s14_T1_ctrl,165,92,168.06666666666666,0.09605924040079117,-0.6059067678017899
UBFC_PHYS_s14_T1_ctrl,165,93,168.1,-0.08320347964763641,-0.032114665054780334
UBFC_PHYS_s14_T1_ctrl,165,94,168.13333333333333,-0.3100912272930145,0.5686760300708085
UBFC_PHYS_s14_T1_ctrl,165,95,168.16666666666666,-0.6515493988990784,1.088779380431831
UBFC_PHYS_s14_T1_ctrl,165,96,168.2,-1.1011565923690796,1.4416389602748794
UBFC_PHYS_s14_T1_ctrl,165,97,168.23333333333332,-1.5168827772140503,1.5828075248694633
UBFC_PHYS_s14_T1_ctrl,165,98,168.26666666666668,-1.6394517421722412,1.514181284539996
UBFC_PHYS_s14_T1_ctrl,165,99,168.3,-1.261605978012085,1.2727534512480474
UBFC_PHYS_s14_T1_ctrl,165,100,168.33333333333334,-0.49031153321266174,0.9116254379722509
UBFC_PHYS_s14_T1_ctrl,165,101,168.36666666666667,0.321623295545578,0.48249922513826315
UBFC_PHYS_s14_T1_ctrl,165,102,168.4,0.9139648079872131,0.026080627320958366
UBFC_PHYS_s14_T1_ctrl,165,103,168.43333333333334,1.2362433671951294,-0.4278334408746418
UBFC_PHYS_s14_T1_ctrl,165,104,168.46666666666667,1.2807422876358032,-0.85295661779086
UBFC_PHYS_s14_T1_ctrl,165,105,168.5,1.0793991088867188,-1.2169843848290813
UBFC_PHYS_s14_T1_ctrl,165,106,168.53333333333333,0.8129974603652954,-1.4762958450347696
UBFC_PHYS_s14_T1_ctrl,165,107,168.56666666666666,0.6571670770645142,-1.5799018434715513
UBFC_PHYS_s14_T1_ctrl,165,108,168.6,0.563409686088562,-1.4835326727021079
UBFC_PHYS_s14_T1_ctrl,165,109,168.63333333333333,0.4123671352863312,-1.1694494095689958
UBFC_PHYS_s14_T1_ctrl,165,110,168.66666666666666,0.2146289348602295,-0.6634988523510572
UBFC_PHYS_s14_T1_ctrl,165,111,168.7,0.027818303555250168,-0.04006132643538902
UBFC_PHYS_s14_T1_ctrl,165,112,168.73333333333332,-0.1929297298192978,0.590997496467863
UBFC_PHYS_s14_T1_ctrl,165,113,168.76666666666668,-0.5346131920814514,1.11340080007737
UBFC_PHYS_s14_T1_ctrl,165,114,168.8,-0.9718002080917358,1.4383047095153718
UBFC_PHYS_s14_T1_ctrl,165,115,168.83333333333334,-1.3207217454910278,1.5277750924447935
UBFC_PHYS_s14_T1_ctrl,165,116,168.86666666666667,-1.3148919343948364,1.3983503528647896
UBFC_PHYS_s14_T1_ctrl,165,117,168.9,-0.8297700881958008,1.1057306734460624
UBFC_PHYS_s14_T1_ctrl,165,118,168.93333333333334,-0.04397127777338028,0.7198878243672745
UBFC_PHYS_s14_T1_ctrl,165,119,168.96666666666667,0.722704291343689,0.3022619515091357
UBFC_PHYS_s14_T1_ctrl,165,120,169.0,1.2631679773330688,-0.10650377512728273
UBFC_PHYS_s14_T1_ctrl,165,121,169.03333333333333,1.511488437652588,-0.48583722165216725
UBFC_PHYS_s14_T1_ctrl,165,122,169.06666666666666,1.5223596096038818,-0.824656474599715
UBFC_PHYS_s14_T1_ctrl,165,123,169.1,1.4176183938980103,-1.107683945556569
UBFC_PHYS_s14_T1_ctrl,165,124,169.13333333333333,1.2538175582885742,-1.3064341507263633
UBFC_PHYS_s14_T1_ctrl,165,125,169.16666666666666,0.9763194918632507,-1.3804982961389405
UBFC_PHYS_s14_T1_ctrl,165,126,169.2,0.568817138671875,-1.289830754428385
UBFC_PHYS_s14_T1_ctrl,165,127,169.23333333333332,0.10540962964296341,-1.0133417004541154
UBFC_PHYS_s14_T1_ctrl,165,128,169.26666666666668,-0.34163472056388855,-0.5657479727212718
UBFC_PHYS_s14_T1_ctrl,165,129,169.3,-0.7382658123970032,-0.004426392200518602
UBFC_PHYS_s14_T1_ctrl,165,130,169.33333333333334,-1.0807660818099976,0.5789159033109325
UBFC_PHYS_s14_T1_ctrl,165,131,169.36666666666667,-1.4061427116394043,1.0807974264714086
UBFC_PHYS_s14_T1_ctrl,165,132,169.4,-1.7712584733963013,1.4145633601938947
UBFC_PHYS_s14_T1_ctrl,165,133,169.43333333333334,-2.14031720161438,1.5331525757142275
UBFC_PHYS_s14_T1_ctrl,165,134,169.46666666666667,-2.2604920864105225,1.4370870355357832
UBFC_PHYS_s14_T1_ctrl,165,135,169.5,-1.8516098260879517,1.1661824341142888
UBFC_PHYS_s14_T1_ctrl,165,136,169.53333333333333,-0.9732084274291992,0.7807878765495417
UBFC_PHYS_s14_T1_ctrl,165,137,169.56666666666666,-0.020707961171865463,0.3419259867406439
UBFC_PHYS_s14_T1_ctrl,165,138,169.6,0.7053553462028503,-0.10168232124073995
UBFC_PHYS_s14_T1_ctrl,165,139,169.63333333333333,1.0903548002243042,-0.5163471721916973
UBFC_PHYS_s14_T1_ctrl,165,140,169.66666666666666,1.1582577228546143,-0.8775818199082369
UBFC_PHYS_s14_T1_ctrl,165,141,169.7,1.0407865047454834,-1.1610143047036445
UBFC_PHYS_s14_T1_ctrl,165,142,169.73333333333332,0.8597212433815002,-1.336509279863461
UBFC_PHYS_s14_T1_ctrl,165,143,169.76666666666668,0.6697281002998352,-1.3702188085826155
UBFC_PHYS_s14_T1_ctrl,165,144,169.8,0.5140666961669922,-1.2351285233496925
UBFC_PHYS_s14_T1_ctrl,165,145,169.83333333333334,0.3993836045265198,-0.9259592234563271
UBFC_PHYS_s14_T1_ctrl,165,146,169.86666666666667,0.271688848733902,-0.4712326126780521
UBFC_PHYS_s14_T1_ctrl,165,147,169.9,0.09904460608959198,0.06460874380262135
UBFC_PHYS_s14_T1_ctrl,165,148,169.93333333333334,-0.10663577914237976,0.5925764178416347
UBFC_PHYS_s14_T1_ctrl,165,149,169.96666666666667,-0.35720929503440857,1.0214563329008517
UBFC_PHYS_s14_T1_ctrl,165,150,170.0,-0.7016810178756714,1.2825048396497891
UBFC_PHYS_s14_T1_ctrl,165,151,170.03333333333333,-1.1344462633132935,1.3460806298149623
UBFC_PHYS_s14_T1_ctrl,165,152,170.06666666666666,-1.462470293045044,1.2239968270384518
UBFC_PHYS_s14_T1_ctrl,165,153,170.1,-1.4220552444458008,0.9585997039148598
UBFC_PHYS_s14_T1_ctrl,165,154,170.13333333333333,-0.9407918453216553,0.6051294569896694
UBFC_PHYS_s14_T1_ctrl,165,155,170.16666666666666,-0.22866961359977722,0.21551411883383886
UBFC_PHYS_s14_T1_ctrl,165,156,170.2,0.43050462007522583,-0.17047351255168205
UBFC_PHYS_s14_T1_ctrl,165,157,170.23333333333332,0.8551868796348572,-0.5250688193395949
UBFC_PHYS_s14_T1_ctrl,165,158,170.26666666666668,0.9644906520843506,-0.8259671250786147
UBFC_PHYS_s14_T1_ctrl,165,159,170.3,0.8138424158096313,-1.0486429273129658
UBFC_PHYS_s14_T1_ctrl,165,160,170.33333333333334,0.5879403948783875,-1.1631768401638745
UBFC_PHYS_s14_T1_ctrl,165,161,170.36666666666667,0.4422207772731781,-1.1389678764643072
UBFC_PHYS_s14_T1_ctrl,165,162,170.4,0.38082364201545715,-0.9564808067601962
UBFC_PHYS_s14_T1_ctrl,165,163,170.43333333333334,0.2998526692390442,-0.6209664572208673
UBFC_PHYS_s14_T1_ctrl,165,164,170.46666666666667,0.18362055718898773,-0.17107420851563354
UBFC_PHYS_s14_T1_ctrl,165,165,170.5,0.19688571989536285,0.3234032125886244
UBFC_PHYS_s14_T1_ctrl,165,166,170.53333333333333,0.40380531549453735,0.7760046142717202
UBFC_PHYS_s14_T1_ctrl,165,167,170.56666666666666,0.4965769350528717,1.1058053152265495
UBFC_PHYS_s14_T1_ctrl,165,168,170.6,0.20744715631008148,1.2584125504640007
UBFC_PHYS_s14_T1_ctrl,165,169,170.63333333333333,-0.34431028366088867,1.2170509325733876
UBFC_PHYS_s14_T1_ctrl,165,170,170.66666666666666,-0.8460205793380737,1.0006327569343099
UBFC_PHYS_s14_T1_ctrl,165,171,170.7,-1.0567985773086548,0.6524576473661845
UBFC_PHYS_s14_T1_ctrl,165,172,170.73333333333332,-0.8620739579200745,0.22641100396570235
UBFC_PHYS_s14_T1_ctrl,165,173,170.76666666666668,-0.3678552210330963,-0.22341857629773237
UBFC_PHYS_s14_T1_ctrl,165,174,170.8,0.11112688481807709,-0.6470845912093312
UBFC_PHYS_s14_T1_ctrl,165,175,170.83333333333334,0.3464356064796448,-0.9982410174819695
UBFC_PHYS_s14_T1_ctrl,165,176,170.86666666666667,0.31179410219192505,-1.2325615560190342
UBFC_PHYS_s14_T1_ctrl,165,177,170.9,0.10732477158308029,-1.309567975080399
UBFC_PHYS_s14_T1_ctrl,165,178,170.93333333333334,-0.10784682631492615,-1.2004675049613776
UBFC_PHYS_s14_T1_ctrl,165,179,170.96666666666667,-0.21633386611938477,-0.9006589676807761
UBFC_PHYS_s14_T1_ctrl,165,180,171.0,-0.22726142406463623,-0.4411538016091067
UBFC_PHYS_s14_T1_ctrl,165,181,171.03333333333333,-0.225092813372612,0.10873871502839778
UBFC_PHYS_s14_T1_ctrl,165,182,171.06666666666666,-0.2707463800907135,0.652399966494491
UBFC_PHYS_s14_T1_ctrl,165,183,171.1,-0.3646445572376251,1.089062821891208
UBFC_PHYS_s14_T1_ctrl,165,184,171.13333333333333,-0.5054354667663574,1.3408426245311011
UBFC_PHYS_s14_T1_ctrl,165,185,171.16666666666666,-0.7450532913208008,1.3726158343881885
UBFC_PHYS_s14_T1_ctrl,165,186,171.2,-1.1112111806869507,1.197252316124956
UBFC_PHYS_s14_T1_ctrl,165,187,171.23333333333332,-1.4654837846755981,0.865772742133746
UBFC_PHYS_s14_T1_ctrl,165,188,171.26666666666668,-1.5481728315353394,0.4481339317999822
UBFC_PHYS_s14_T1_ctrl,165,189,171.3,-1.2193602323532104,0.012964083938782092
UBFC_PHYS_s14_T1_ctrl,165,190,171.33333333333334,-0.5890257358551025,-0.3866559830459095
UBFC_PHYS_s14_T1_ctrl,165,191,171.36666666666667,0.09788989275693893,-0.7178776221967899
UBFC_PHYS_s14_T1_ctrl,165,192,171.4,0.6032052040100098,-0.9638156404902418
UBFC_PHYS_s14_T1_ctrl,165,193,171.43333333333334,0.7946065068244934,-1.1143527501730974
UBFC_PHYS_s14_T1_ctrl,165,194,171.46666666666667,0.7125934362411499,-1.158067610909253
UBFC_PHYS_s14_T1_ctrl,165,195,171.5,0.534429132938385,-1.0807773187370464
UBFC_PHYS_s14_T1_ctrl,165,196,171.53333333333333,0.41138139367103577,-0.8726359366972526
UBFC_PHYS_s14_T1_ctrl,165,197,171.56666666666666,0.35733500123023987,-0.5405473790918166
UBFC_PHYS_s14_T1_ctrl,165,198,171.6,0.3060486912727356,-0.11847658355303674
UBFC_PHYS_s14_T1_ctrl,165,199,171.63333333333333,0.18218420445919037,0.33197292235641485
UBFC_PHYS_s14_T1_ctrl,165,200,171.66666666666666,-0.02110225521028042,0.7336657233372418
UBFC_PHYS_s14_T1_ctrl,165,201,171.7,-0.24382175505161285,1.014863504020673
UBFC_PHYS_s14_T1_ctrl,165,202,171.73333333333332,-0.5122792720794678,1.1302827894099767
UBFC_PHYS_s14_T1_ctrl,165,203,171.76666666666668,-0.9331312775611877,1.0733567203834913
UBFC_PHYS_s14_T1_ctrl,165,204,171.8,-1.397975206375122,0.8751352775971054
UBFC_PHYS_s14_T1_ctrl,165,205,171.83333333333334,-1.5708165168762207,0.5913099329340277
UBFC_PHYS_s14_T1_ctrl,165,206,171.86666666666667,-1.2644786834716797,0.2832460270168028
UBFC_PHYS_s14_T1_ctrl,165,207,171.9,-0.6042623519897461,0.00033404683448083877
UBFC_PHYS_s14_T1_ctrl,165,208,171.93333333333334,0.14286752045154572,-0.23034414289546926
UBFC_PHYS_s14_T1_ctrl,165,209,171.96666666666667,0.7367016673088074,-0.4043011779157669
UBFC_PHYS_s14_T1_ctrl,165,210,172.0,1.0274368524551392,-0.5311614801103537
UBFC_PHYS_s14_T1_ctrl,165,211,172.03333333333333,0.9942880272865295,-0.6219961476206725
UBFC_PHYS_s14_T1_ctrl,165,212,172.06666666666666,0.7709207534790039,-0.6784629328075418
UBFC_PHYS_s14_T1_ctrl,165,213,172.1,0.5132217407226562,-0.6887407309043388
UBFC_PHYS_s14_T1_ctrl,165,214,172.13333333333333,0.31756770610809326,-0.6322225694054341
UBFC_PHYS_s14_T1_ctrl,165,215,172.16666666666666,0.1819588989019394,-0.49109092621937417
UBFC_PHYS_s14_T1_ctrl,165,216,172.2,0.03702787309885025,-0.2637801606559862
UBFC_PHYS_s14_T1_ctrl,165,217,172.23333333333332,-0.14130544662475586,0.025803889277542083
UBFC_PHYS_s14_T1_ctrl,165,218,172.26666666666668,-0.3032474219799042,0.32813385368336645
UBFC_PHYS_s14_T1_ctrl,165,219,172.3,-0.4673861563205719,0.5787571198784883
UBFC_PHYS_s14_T1_ctrl,165,220,172.33333333333334,-0.7506860494613647,0.7177642971464678
UBFC_PHYS_s14_T1_ctrl,165,221,172.36666666666667,-1.1745516061782837,0.7116799341144079
UBFC_PHYS_s14_T1_ctrl,165,222,172.4,-1.5461732149124146,0.5681882629359644
UBFC_PHYS_s14_T1_ctrl,165,223,172.43333333333334,-1.5817440748214722,0.3355702748754421
UBFC_PHYS_s14_T1_ctrl,165,224,172.46666666666667,-1.1622439622879028,0.08607355842326649
UBFC_PHYS_s14_T1_ctrl,165,225,172.5,-0.43088585138320923,-0.10953289898062721
UBFC_PHYS_s14_T1_ctrl,165,226,172.53333333333333,0.34085917472839355,-0.20583916824926368
UBFC_PHYS_s14_T1_ctrl,165,227,172.56666666666666,0.9111765623092651,-0.19636908474237783
UBFC_PHYS_s14_T1_ctrl,165,228,172.6,1.1651579141616821,-0.11207195141339184
UBFC_PHYS_s14_T1_ctrl,165,229,172.63333333333333,1.1640876531600952,-0.005598467174647432
UBFC_PHYS_s14_T1_ctrl,165,230,172.66666666666666,1.0378574132919312,0.07150571414845386
UBFC_PHYS_s14_T1_ctrl,165,231,172.7,0.8663960695266724,0.08833017513368101
UBFC_PHYS_s14_T1_ctrl,165,232,172.73333333333332,0.722478985786438,0.04292410820270464
UBFC_PHYS_s14_T1_ctrl,165,233,172.76666666666668,0.6404095888137817,-0.04231118714849094
UBFC_PHYS_s14_T1_ctrl,165,234,172.8,0.5303735136985779,-0.13384353820570313
UBFC_PHYS_s14_T1_ctrl,165,235,172.83333333333334,0.32179227471351624,-0.20152877808112651
UBFC_PHYS_s14_T1_ctrl,165,236,172.86666666666667,0.06423412263393402,-0.22811926330478255
UBFC_PHYS_s14_T1_ctrl,165,237,172.9,-0.18907128274440765,-0.2113092138543142
UBFC_PHYS_s14_T1_ctrl,165,238,172.93333333333334,-0.48560816049575806,-0.1601346022676843
UBFC_PHYS_s14_T1_ctrl,165,239,172.96666666666667,-0.9046013355255127,-0.08972380215045941
UBFC_PHYS_s14_T1_ctrl,166,0,166.0,-1.3307199478149414,0.11978383550247765
UBFC_PHYS_s14_T1_ctrl,166,1,166.03333333333333,-0.5183908343315125,0.08492717346729789
UBFC_PHYS_s14_T1_ctrl,166,2,166.06666666666666,0.36795276403427124,0.05019326322440021
UBFC_PHYS_s14_T1_ctrl,166,3,166.1,1.0579382181167603,0.02327523765866173
UBFC_PHYS_s14_T1_ctrl,166,4,166.13333333333333,1.4529922008514404,0.021216610050355193
UBFC_PHYS_s14_T1_ctrl,166,5,166.16666666666666,1.5355122089385986,0.06870055824282066
UBFC_PHYS_s14_T1_ctrl,166,6,166.2,1.3957351446151733,0.19016441602149242
UBFC_PHYS_s14_T1_ctrl,166,7,166.23333333333332,1.197856068611145,0.39736790832833
UBFC_PHYS_s14_T1_ctrl,166,8,166.26666666666668,1.0143687725067139,0.6773350897844438
UBFC_PHYS_s14_T1_ctrl,166,9,166.3,0.7895933389663696,0.9873545221755333
UBFC_PHYS_s14_T1_ctrl,166,10,166.33333333333334,0.4935915768146515,1.261924810843993
UBFC_PHYS_s14_T1_ctrl,166,11,166.36666666666667,0.184747114777565,1.430954404991592
UBFC_PHYS_s14_T1_ctrl,166,12,166.4,-0.09418737143278122,1.4417399817615495
UBFC_PHYS_s14_T1_ctrl,166,13,166.43333333333334,-0.41077688336372375,1.274531471611667
UBFC_PHYS_s14_T1_ctrl,166,14,166.46666666666667,-0.8523855805397034,0.9456629048371277
UBFC_PHYS_s14_T1_ctrl,166,15,166.5,-1.3763453960418701,0.49934033330744626
UBFC_PHYS_s14_T1_ctrl,166,16,166.53333333333333,-1.752782940864563,-0.0062796292429447495
UBFC_PHYS_s14_T1_ctrl,166,17,166.56666666666666,-1.709326148033142,-0.5124919605065822
UBFC_PHYS_s14_T1_ctrl,166,18,166.6,-1.1839582920074463,-0.9687331213460827
UBFC_PHYS_s14_T1_ctrl,166,19,166.63333333333333,-0.3950614631175995,-1.3354579684781713
UBFC_PHYS_s14_T1_ctrl,166,20,166.66666666666666,0.349392831325531,-1.5828574126295296
UBFC_PHYS_s14_T1_ctrl,166,21,166.7,0.8345428109169006,-1.6884856161507558
UBFC_PHYS_s14_T1_ctrl,166,22,166.73333333333332,0.9804595708847046,-1.636655182192398
UBFC_PHYS_s14_T1_ctrl,166,23,166.76666666666668,0.8615237474441528,-1.421139226109907
UBFC_PHYS_s14_T1_ctrl,166,24,166.8,0.6675031781196594,-1.0509385675046976
UBFC_PHYS_s14_T1_ctrl,166,25,166.83333333333334,0.5385128855705261,-0.5567959520440685
UBFC_PHYS_s14_T1_ctrl,166,26,166.86666666666667,0.47325730323791504,0.005706784155755578
UBFC_PHYS_s14_T1_ctrl,166,27,166.9,0.3943422734737396,0.5606810042409773
UBFC_PHYS_s14_T1_ctrl,166,28,166.93333333333334,0.28103920817375183,1.025516655114609
UBFC_PHYS_s14_T1_ctrl,166,29,166.96666666666667,0.16863740980625153,1.3303001303371509
UBFC_PHYS_s14_T1_ctrl,166,30,167.0,0.03001508116722107,1.4358292757675746
UBFC_PHYS_s14_T1_ctrl,166,31,167.03333333333333,-0.2417657971382141,1.3424741423148319
UBFC_PHYS_s14_T1_ctrl,166,32,167.06666666666666,-0.6678280830383301,1.0861499595479573
UBFC_PHYS_s14_T1_ctrl,166,33,167.1,-1.0850187540054321,0.7237798500962525
UBFC_PHYS_s14_T1_ctrl,166,34,167.13333333333333,-1.2155580520629883,0.3151621411184834
UBFC_PHYS_s14_T1_ctrl,166,35,167.16666666666666,-0.8895336985588074,-0.09110626718550852
UBFC_PHYS_s14_T1_ctrl,166,36,167.2,-0.2248956710100174,-0.46306069810087164
UBFC_PHYS_s14_T1_ctrl,166,37,167.23333333333332,0.47486263513565063,-0.7821599111347773
UBFC_PHYS_s14_T1_ctrl,166,38,167.26666666666668,0.9648568034172058,-1.0349886572590756
UBFC_PHYS_s14_T1_ctrl,166,39,167.3,1.151554822921753,-1.2049374265299746
UBFC_PHYS_s14_T1_ctrl,166,40,167.33333333333334,1.0465881824493408,-1.2685200045203116
UBFC_PHYS_s14_T1_ctrl,166,41,167.36666666666667,0.7722725868225098,-1.1989894949603102
UBFC_PHYS_s14_T1_ctrl,166,42,167.4,0.5135597586631775,-0.976865216037933
UBFC_PHYS_s14_T1_ctrl,166,43,167.43333333333334,0.3420983850955963,-0.6037265778782513
UBFC_PHYS_s14_T1_ctrl,166,44,167.46666666666667,0.18880270421504974,-0.11322332979700889
UBFC_PHYS_s14_T1_ctrl,166,45,167.5,0.021565934643149376,0.42720345840103513
UBFC_PHYS_s14_T1_ctrl,166,46,167.53333333333333,-0.10184793174266815,0.9279242966739707
UBFC_PHYS_s14_T1_ctrl,166,47,167.56666666666666,-0.21582691371440887,1.3001728480033043
UBFC_PHYS_s14_T1_ctrl,166,48,167.6,-0.4722021818161011,1.481442360025594
UBFC_PHYS_s14_T1_ctrl,166,49,167.63333333333333,-0.9327087998390198,1.4514750438437936
UBFC_PHYS_s14_T1_ctrl,166,50,167.66666666666666,-1.4025377035140991,1.2324346613306265
UBFC_PHYS_s14_T1_ctrl,166,51,167.7,-1.5477784872055054,0.8756395820261911
UBFC_PHYS_s14_T1_ctrl,166,52,167.73333333333332,-1.1935057640075684,0.4428689599859674
UBFC_PHYS_s14_T1_ctrl,166,53,167.76666666666668,-0.48659390211105347,-0.009303927280917054
UBFC_PHYS_s14_T1_ctrl,166,54,167.8,0.24825653433799744,-0.43707409839200545
UBFC_PHYS_s14_T1_ctrl,166,55,167.83333333333334,0.7688929438591003,-0.8085637091430604
UBFC_PHYS_s14_T1_ctrl,166,56,167.86666666666667,0.9802342653274536,-1.098120730786242
UBFC_PHYS_s14_T1_ctrl,166,57,167.9,0.8986718058586121,-1.2808651487773715
UBFC_PHYS_s14_T1_ctrl,166,58,167.93333333333334,0.6573923826217651,-1.331679595440919
UBFC_PHYS_s14_T1_ctrl,166,59,167.96666666666667,0.44455838203430176,-1.2302013461605177
UBFC_PHYS_s14_T1_ctrl,166,60,168.0,0.335029274225235,-0.9702177453439739
UBFC_PHYS_s14_T1_ctrl,166,61,168.03333333333333,0.24253927171230316,-0.5693538131336423
UBFC_PHYS_s14_T1_ctrl,166,62,168.06666666666666,0.09605924040079117,-0.07394611909648395
UBFC_PHYS_s14_T1_ctrl,166,63,168.1,-0.08320347964763641,0.44502876234496264
UBFC_PHYS_s14_T1_ctrl,166,64,168.13333333333333,-0.3100912272930145,0.9060961814110103
UBFC_PHYS_s14_T1_ctrl,166,65,168.16666666666666,-0.6515493988990784,1.2378853382888968
UBFC_PHYS_s14_T1_ctrl,166,66,168.2,-1.1011565923690796,1.3979740027129788
UBFC_PHYS_s14_T1_ctrl,166,67,168.23333333333332,-1.5168827772140503,1.38123459078288
UBFC_PHYS_s14_T1_ctrl,166,68,168.26666666666668,-1.6394517421722412,1.214330188288531
UBFC_PHYS_s14_T1_ctrl,166,69,168.3,-1.261605978012085,0.9404677670201658
UBFC_PHYS_s14_T1_ctrl,166,70,168.33333333333334,-0.49031153321266174,0.6027846713104222
UBFC_PHYS_s14_T1_ctrl,166,71,168.36666666666667,0.321623295545578,0.23393591405518002
UBFC_PHYS_s14_T1_ctrl,166,72,168.4,0.9139648079872131,-0.14508393528771366
UBFC_PHYS_s14_T1_ctrl,166,73,168.43333333333334,1.2362433671951294,-0.5188043851439744
UBFC_PHYS_s14_T1_ctrl,166,74,168.46666666666667,1.2807422876358032,-0.868383561982613
UBFC_PHYS_s14_T1_ctrl,166,75,168.5,1.0793991088867188,-1.1648134909709775
UBFC_PHYS_s14_T1_ctrl,166,76,168.53333333333333,0.8129974603652954,-1.3681251338310512
UBFC_PHYS_s14_T1_ctrl,166,77,168.56666666666666,0.6571670770645142,-1.434449196452481
UBFC_PHYS_s14_T1_ctrl,166,78,168.6,0.563409686088562,-1.329706022451198
UBFC_PHYS_s14_T1_ctrl,166,79,168.63333333333333,0.4123671352863312,-1.045422147993917
UBFC_PHYS_s14_T1_ctrl,166,80,168.66666666666666,0.2146289348602295,-0.6100119337174479
UBFC_PHYS_s14_T1_ctrl,166,81,168.7,0.027818303555250168,-0.08901888535793173
UBFC_PHYS_s14_T1_ctrl,166,82,168.73333333333332,-0.1929297298192978,0.42889924364221116
UBFC_PHYS_s14_T1_ctrl,166,83,168.76666666666668,-0.5346131920814514,0.8569357456662973
UBFC_PHYS_s14_T1_ctrl,166,84,168.8,-0.9718002080917358,1.135543422410698
UBFC_PHYS_s14_T1_ctrl,166,85,168.83333333333334,-1.3207217454910278,1.2459751671964776
UBFC_PHYS_s14_T1_ctrl,166,86,168.86666666666667,-1.3148919343948364,1.2063834056014668
UBFC_PHYS_s14_T1_ctrl,166,87,168.9,-0.8297700881958008,1.0548854366668863
UBFC_PHYS_s14_T1_ctrl,166,88,168.93333333333334,-0.04397127777338028,0.8298487257645125
UBFC_PHYS_s14_T1_ctrl,166,89,168.96666666666667,0.722704291343689,0.557017321984358
UBFC_PHYS_s14_T1_ctrl,166,90,169.0,1.2631679773330688,0.2478614246273275
UBFC_PHYS_s14_T1_ctrl,166,91,169.03333333333333,1.511488437652588,-0.09255121466187617
UBFC_PHYS_s14_T1_ctrl,166,92,169.06666666666666,1.5223596096038818,-0.4535805968957096
UBFC_PHYS_s14_T1_ctrl,166,93,169.1,1.4176183938980103,-0.8090869750111049
UBFC_PHYS_s14_T1_ctrl,166,94,169.13333333333333,1.2538175582885742,-1.1143520720401803
UBFC_PHYS_s14_T1_ctrl,166,95,169.16666666666666,0.9763194918632507,-1.3121050899381355
UBFC_PHYS_s14_T1_ctrl,166,96,169.2,0.568817138671875,-1.3468469476455567
UBFC_PHYS_s14_T1_ctrl,166,97,169.23333333333332,0.10540962964296341,-1.1836286875366284
UBFC_PHYS_s14_T1_ctrl,166,98,169.26666666666668,-0.34163472056388855,-0.8250098282113943
UBFC_PHYS_s14_T1_ctrl,166,99,169.3,-0.7382658123970032,-0.3188694069114367
UBFC_PHYS_s14_T1_ctrl,166,100,169.33333333333334,-1.0807660818099976,0.24871320301582342
UBFC_PHYS_s14_T1_ctrl,166,101,169.36666666666667,-1.4061427116394043,0.7756268278490656
UBFC_PHYS_s14_T1_ctrl,166,102,169.4,-1.7712584733963013,1.1726773417350271
UBFC_PHYS_s14_T1_ctrl,166,103,169.43333333333334,-2.14031720161438,1.386370345490042
UBFC_PHYS_s14_T1_ctrl,166,104,169.46666666666667,-2.2604920864105225,1.4063209187588896
UBFC_PHYS_s14_T1_ctrl,166,105,169.5,-1.8516098260879517,1.2569428609526563
UBFC_PHYS_s14_T1_ctrl,166,106,169.53333333333333,-0.9732084274291992,0.9805455418035521
UBFC_PHYS_s14_T1_ctrl,166,107,169.56666666666666,-0.020707961171865463,0.6212760223091833
UBFC_PHYS_s14_T1_ctrl,166,108,169.6,0.7053553462028503,0.21634924493097685
UBFC_PHYS_s14_T1_ctrl,166,109,169.63333333333333,1.0903548002243042,-0.20422811690941678
UBFC_PHYS_s14_T1_ctrl,166,110,169.66666666666666,1.1582577228546143,-0.6122584423074736
UBFC_PHYS_s14_T1_ctrl,166,111,169.7,1.0407865047454834,-0.9748116099174824
UBFC_PHYS_s14_T1_ctrl,166,112,169.73333333333332,0.8597212433815002,-1.2509285800222476
UBFC_PHYS_s14_T1_ctrl,166,113,169.76666666666668,0.6697281002998352,-1.3945601472729947
UBFC_PHYS_s14_T1_ctrl,166,114,169.8,0.5140666961669922,-1.364514420689309
UBFC_PHYS_s14_T1_ctrl,166,115,169.83333333333334,0.3993836045265198,-1.1393135776157155
UBFC_PHYS_s14_T1_ctrl,166,116,169.86666666666667,0.271688848733902,-0.7317893617855925
UBFC_PHYS_s14_T1_ctrl,166,117,169.9,0.09904460608959198,-0.19621080336604688
UBFC_PHYS_s14_T1_ctrl,166,118,169.93333333333334,-0.10663577914237976,0.378438154613079
UBFC_PHYS_s14_T1_ctrl,166,119,169.96666666666667,-0.35720929503440857,0.8899402372326882
UBFC_PHYS_s14_T1_ctrl,166,120,170.0,-0.7016810178756714,1.2513454506310178
UBFC_PHYS_s14_T1_ctrl,166,121,170.03333333333333,-1.1344462633132935,1.4136630338979805
UBFC_PHYS_s14_T1_ctrl,166,122,170.06666666666666,-1.462470293045044,1.3733332966925988
UBFC_PHYS_s14_T1_ctrl,166,123,170.1,-1.4220552444458008,1.1636196186239893
UBFC_PHYS_s14_T1_ctrl,166,124,170.13333333333333,-0.9407918453216553,0.8363468220341549
UBFC_PHYS_s14_T1_ctrl,166,125,170.16666666666666,-0.22866961359977722,0.4433079601797915
UBFC_PHYS_s14_T1_ctrl,166,126,170.2,0.43050462007522583,0.025034027444543146
UBFC_PHYS_s14_T1_ctrl,166,127,170.23333333333332,0.8551868796348572,-0.39006263964855326
UBFC_PHYS_s14_T1_ctrl,166,128,170.26666666666668,0.9644906520843506,-0.7785197588386062
UBFC_PHYS_s14_T1_ctrl,166,129,170.3,0.8138424158096313,-1.1125397617782131
UBFC_PHYS_s14_T1_ctrl,166,130,170.33333333333334,0.5879403948783875,-1.3548735552249864
UBFC_PHYS_s14_T1_ctrl,166,131,170.36666666666667,0.4422207772731781,-1.4618633068506988
UBFC_PHYS_s14_T1_ctrl,166,132,170.4,0.38082364201545715,-1.394995499449954
UBFC_PHYS_s14_T1_ctrl,166,133,170.43333333333334,0.2998526692390442,-1.1372815832247156
UBFC_PHYS_s14_T1_ctrl,166,134,170.46666666666667,0.18362055718898773,-0.7074790894635359
UBFC_PHYS_s14_T1_ctrl,166,135,170.5,0.19688571989536285,-0.16439991574258567
UBFC_PHYS_s14_T1_ctrl,166,136,170.53333333333333,0.40380531549453735,0.4033512375988625
UBFC_PHYS_s14_T1_ctrl,166,137,170.56666666666666,0.4965769350528717,0.9002737938672078
UBFC_PHYS_s14_T1_ctrl,166,138,170.6,0.20744715631008148,1.2503758767227038
UBFC_PHYS_s14_T1_ctrl,166,139,170.63333333333333,-0.34431028366088867,1.4154595446796898
UBFC_PHYS_s14_T1_ctrl,166,140,170.66666666666666,-0.8460205793380737,1.3985075520128607
UBFC_PHYS_s14_T1_ctrl,166,141,170.7,-1.0567985773086548,1.2334260748145056
UBFC_PHYS_s14_T1_ctrl,166,142,170.73333333333332,-0.8620739579200745,0.9678430017512115
UBFC_PHYS_s14_T1_ctrl,166,143,170.76666666666668,-0.3678552210330963,0.6468263477323313
UBFC_PHYS_s14_T1_ctrl,166,144,170.8,0.11112688481807709,0.3033318537199544
UBFC_PHYS_s14_T1_ctrl,166,145,170.83333333333334,0.3464356064796448,-0.04259391112710433
UBFC_PHYS_s14_T1_ctrl,166,146,170.86666666666667,0.31179410219192505,-0.37775048417536666
UBFC_PHYS_s14_T1_ctrl,166,147,170.9,0.10732477158308029,-0.6873163276014621
UBFC_PHYS_s14_T1_ctrl,166,148,170.93333333333334,-0.10784682631492615,-0.9487993970631119
UBFC_PHYS_s14_T1_ctrl,166,149,170.96666666666667,-0.21633386611938477,-1.1316080487110205
UBFC_PHYS_s14_T1_ctrl,166,150,171.0,-0.22726142406463623,-1.2027756055869268
UBFC_PHYS_s14_T1_ctrl,166,151,171.03333333333333,-0.225092813372612,-1.1368396910890344
UBFC_PHYS_s14_T1_ctrl,166,152,171.06666666666666,-0.2707463800907135,-0.9263492650487221
UBFC_PHYS_s14_T1_ctrl,166,153,171.1,-0.3646445572376251,-0.5890806450988834
UBFC_PHYS_s14_T1_ctrl,166,154,171.13333333333333,-0.5054354667663574,-0.16870990140782485
UBFC_PHYS_s14_T1_ctrl,166,155,171.16666666666666,-0.7450532913208008,0.2723761430024724
UBFC_PHYS_s14_T1_ctrl,166,156,171.2,-1.1112111806869507,0.666474806251301
UBFC_PHYS_s14_T1_ctrl,166,157,171.23333333333332,-1.4654837846755981,0.9558156834514202
UBFC_PHYS_s14_T1_ctrl,166,158,171.26666666666668,-1.5481728315353394,1.1043911811073097
UBFC_PHYS_s14_T1_ctrl,166,159,171.3,-1.2193602323532104,1.1026171629497452
UBFC_PHYS_s14_T1_ctrl,166,160,171.33333333333334,-0.5890257358551025,0.9644000485252489
UBFC_PHYS_s14_T1_ctrl,166,161,171.36666666666667,0.09788989275693893,0.7193781705009267
UBFC_PHYS_s14_T1_ctrl,166,162,171.4,0.6032052040100098,0.4043659562150372
UBFC_PHYS_s14_T1_ctrl,166,163,171.43333333333334,0.7946065068244934,0.05712308808806159
UBFC_PHYS_s14_T1_ctrl,166,164,171.46666666666667,0.7125934362411499,-0.2865644627403956
UBFC_PHYS_s14_T1_ctrl,166,165,171.5,0.534429132938385,-0.5935187064373955
UBFC_PHYS_s14_T1_ctrl,166,166,171.53333333333333,0.41138139367103577,-0.8334299904127899
UBFC_PHYS_s14_T1_ctrl,166,167,171.56666666666666,0.35733500123023987,-0.9803169946645667
UBFC_PHYS_s14_T1_ctrl,166,168,171.6,0.3060486912727356,-1.0156785263607657
UBFC_PHYS_s14_T1_ctrl,166,169,171.63333333333333,0.18218420445919037,-0.9325277337020185
UBFC_PHYS_s14_T1_ctrl,166,170,171.66666666666666,-0.02110225521028042,-0.7385211480095661
UBFC_PHYS_s14_T1_ctrl,166,171,171.7,-0.24382175505161285,-0.4562885435389261
UBFC_PHYS_s14_T1_ctrl,166,172,171.73333333333332,-0.5122792720794678,-0.1200747125284589
UBFC_PHYS_s14_T1_ctrl,166,173,171.76666666666668,-0.9331312775611877,0.2303966591044524
UBFC_PHYS_s14_T1_ctrl,166,174,171.8,-1.397975206375122,0.5563055795653962
UBFC_PHYS_s14_T1_ctrl,166,175,171.83333333333334,-1.5708165168762207,0.8238515964567046
UBFC_PHYS_s14_T1_ctrl,166,176,171.86666666666667,-1.2644786834716797,1.0056130078887315
UBFC_PHYS_s14_T1_ctrl,166,177,171.9,-0.6042623519897461,1.0807711438055725
UBFC_PHYS_s14_T1_ctrl,166,178,171.93333333333334,0.14286752045154572,1.036083288084847
UBFC_PHYS_s14_T1_ctrl,166,179,171.96666666666667,0.7367016673088074,0.8682004097708456
UBFC_PHYS_s14_T1_ctrl,166,180,172.0,1.0274368524551392,0.5865008521643544
UBFC_PHYS_s14_T1_ctrl,166,181,172.03333333333333,0.9942880272865295,0.21502182369135708
UBFC_PHYS_s14_T1_ctrl,166,182,172.06666666666666,0.7709207534790039,-0.2075498560019901
UBFC_PHYS_s14_T1_ctrl,166,183,172.1,0.5132217407226562,-0.6302717380642535
UBFC_PHYS_s14_T1_ctrl,166,184,172.13333333333333,0.31756770610809326,-0.9950189704768263
UBFC_PHYS_s14_T1_ctrl,166,185,172.16666666666666,0.1819588989019394,-1.2444884127265663
UBFC_PHYS_s14_T1_ctrl,166,186,172.2,0.03702787309885025,-1.3327717216807031
UBFC_PHYS_s14_T1_ctrl,166,187,172.23333333333332,-0.14130544662475586,-1.2367631262624805
UBFC_PHYS_s14_T1_ctrl,166,188,172.26666666666668,-0.3032474219799042,-0.9650214028095243
UBFC_PHYS_s14_T1_ctrl,166,189,172.3,-0.4673861563205719,-0.5598445416669455
UBFC_PHYS_s14_T1_ctrl,166,190,172.33333333333334,-0.7506860494613647,-0.08943015150280026
UBFC_PHYS_s14_T1_ctrl,166,191,172.36666666666667,-1.1745516061782837,0.36920396141937306
UBFC_PHYS_s14_T1_ctrl,166,192,172.4,-1.5461732149124146,0.7506196532869307
UBFC_PHYS_s14_T1_ctrl,166,193,172.43333333333334,-1.5817440748214722,1.0159982536740466
UBFC_PHYS_s14_T1_ctrl,166,194,172.46666666666667,-1.1622439622879028,1.1566684937581138
UBFC_PHYS_s14_T1_ctrl,166,195,172.5,-0.43088585138320923,1.1859769037397245
UBFC_PHYS_s14_T1_ctrl,166,196,172.53333333333333,0.34085917472839355,1.1249283827729653
UBFC_PHYS_s14_T1_ctrl,166,197,172.56666666666666,0.9111765623092651,0.9894003110582283
UBFC_PHYS_s14_T1_ctrl,166,198,172.6,1.1651579141616821,0.78504357474152
UBFC_PHYS_s14_T1_ctrl,166,199,172.63333333333333,1.1640876531600952,0.5113566552052214
UBFC_PHYS_s14_T1_ctrl,166,200,172.66666666666666,1.0378574132919312,0.17142584416805723
UBFC_PHYS_s14_T1_ctrl,166,201,172.7,0.8663960695266724,-0.21850734398578542
UBFC_PHYS_s14_T1_ctrl,166,202,172.73333333333332,0.722478985786438,-0.6240406993901931
UBFC_PHYS_s14_T1_ctrl,166,203,172.76666666666668,0.6404095888137817,-0.9937521588344594
UBFC_PHYS_s14_T1_ctrl,166,204,172.8,0.5303735136985779,-1.2665226366705598
UBFC_PHYS_s14_T1_ctrl,166,205,172.83333333333334,0.32179227471351624,-1.3842777369810029
UBFC_PHYS_s14_T1_ctrl,166,206,172.86666666666667,0.06423412263393402,-1.30787615650185
UBFC_PHYS_s14_T1_ctrl,166,207,172.9,-0.18907128274440765,-1.0318293434701529
UBFC_PHYS_s14_T1_ctrl,166,208,172.93333333333334,-0.48560816049575806,-0.5922496514554622
UBFC_PHYS_s14_T1_ctrl,166,209,172.96666666666667,-0.9046013355255127,-0.06322589113655024
UBFC_PHYS_s14_T1_ctrl,166,210,173.0,-1.392398715019226,0.45964584350192395
UBFC_PHYS_s14_T1_ctrl,166,211,173.03333333333333,-1.66826331615448,0.8842601497378152
UBFC_PHYS_s14_T1_ctrl,166,212,173.06666666666666,-1.4521623849868774,1.1460807661328232
UBFC_PHYS_s14_T1_ctrl,166,213,173.1,-0.7610784769058228,1.2213129836172079
UBFC_PHYS_s14_T1_ctrl,166,214,173.13333333333333,0.08510351926088333,1.124876245156927
UBFC_PHYS_s14_T1_ctrl,166,215,173.16666666666666,0.7579090595245361,0.8966222464899277
UBFC_PHYS_s14_T1_ctrl,166,216,173.2,1.1202929019927979,0.5837151171326485
UBFC_PHYS_s14_T1_ctrl,166,217,173.23333333333332,1.182675838470459,0.2269075438709916
UBFC_PHYS_s14_T1_ctrl,166,218,173.26666666666668,1.0434901714324951,-0.14492790359383495
UBFC_PHYS_s14_T1_ctrl,166,219,173.3,0.8630164265632629,-0.511983045324108
UBFC_PHYS_s14_T1_ctrl,166,220,173.33333333333334,0.7370678186416626,-0.8557358784323044
UBFC_PHYS_s14_T1_ctrl,166,221,173.36666666666667,0.6567445993423462,-1.1510676098383152
UBFC_PHYS_s14_T1_ctrl,166,222,173.4,0.5900245308876038,-1.362854704437793
UBFC_PHYS_s14_T1_ctrl,166,223,173.43333333333334,0.5167985558509827,-1.449859819127794
UBFC_PHYS_s14_T1_ctrl,166,224,173.46666666666667,0.3972713053226471,-1.3759592910484786
UBFC_PHYS_s14_T1_ctrl,166,225,173.5,0.18716920912265778,-1.1253781302190888
UBFC_PHYS_s14_T1_ctrl,166,226,173.53333333333333,-0.11046606302261353,-0.7156549247782275
UBFC_PHYS_s14_T1_ctrl,166,227,173.56666666666666,-0.4399264454841614,-0.20139064375912566
UBFC_PHYS_s14_T1_ctrl,166,228,173.6,-0.7842291593551636,0.33525118964883505
UBFC_PHYS_s14_T1_ctrl,166,229,173.63333333333333,-1.1964911222457886,0.8054795825848311
UBFC_PHYS_s14_T1_ctrl,166,230,173.66666666666666,-1.6278482675552368,1.1383657711476591
UBFC_PHYS_s14_T1_ctrl,166,231,173.7,-1.7932262420654297,1.2988275185393963
UBFC_PHYS_s14_T1_ctrl,166,232,173.73333333333332,-1.4322504997253418,1.2927134107015457
UBFC_PHYS_s14_T1_ctrl,166,233,173.76666666666668,-0.6513240933418274,1.1590579682079452
UBFC_PHYS_s14_T1_ctrl,166,234,173.8,0.17998743057250977,0.9544125159511132
UBFC_PHYS_s14_T1_ctrl,166,235,173.83333333333334,0.796634316444397,0.7355716327122835
UBFC_PHYS_s14_T1_ctrl,166,236,173.86666666666667,1.103197455406189,0.5455988920853322
UBFC_PHYS_s14_T1_ctrl,166,237,173.9,1.1113368272781372,0.4056211170673707
UBFC_PHYS_s14_T1_ctrl,166,238,173.93333333333334,0.944269061088562,0.3130235139770703
UBFC_PHYS_s14_T1_ctrl,166,239,173.96666666666667,0.7788347601890564,0.24567178215975524
UBFC_PHYS_s14_T1_ctrl,167,0,167.0,0.03001508116722107,-0.04874944386941395
UBFC_PHYS_s14_T1_ctrl,167,1,167.03333333333333,-0.2417657971382141,-0.030236637263134386
UBFC_PHYS_s14_T1_ctrl,167,2,167.06666666666666,-0.6678280830383301,-0.04237855013284529
UBFC_PHYS_s14_T1_ctrl,167,3,167.1,-1.0850187540054321,-0.10992941466440473
UBFC_PHYS_s14_T1_ctrl,167,4,167.13333333333333,-1.2155580520629883,-0.2446687960277771
UBFC_PHYS_s14_T1_ctrl,167,5,167.16666666666666,-0.8895336985588074,-0.443154976098952
UBFC_PHYS_s14_T1_ctrl,167,6,167.2,-0.2248956710100174,-0.6872300487259371
UBFC_PHYS_s14_T1_ctrl,167,7,167.23333333333332,0.47486263513565063,-0.9460818101377758
UBFC_PHYS_s14_T1_ctrl,167,8,167.26666666666668,0.9648568034172058,-1.1791792599049575
UBFC_PHYS_s14_T1_ctrl,167,9,167.3,1.151554822921753,-1.3404397629080422
UBFC_PHYS_s14_T1_ctrl,167,10,167.33333333333334,1.0465881824493408,-1.3844157738804446
UBFC_PHYS_s14_T1_ctrl,167,11,167.36666666666667,0.7722725868225098,-1.2749189673215113
UBFC_PHYS_s14_T1_ctrl,167,12,167.4,0.5135597586631775,-0.9955256749571723
UBFC_PHYS_s14_T1_ctrl,167,13,167.43333333333334,0.3420983850955963,-0.5597221122354217
UBFC_PHYS_s14_T1_ctrl,167,14,167.46666666666667,0.18880270421504974,-0.01644997921701104
UBFC_PHYS_s14_T1_ctrl,167,15,167.5,0.021565934643149376,0.553981890044529
UBFC_PHYS_s14_T1_ctrl,167,16,167.53333333333333,-0.10184793174266815,1.056466886388307
UBFC_PHYS_s14_T1_ctrl,167,17,167.56666666666666,-0.21582691371440887,1.4069224428713911
UBFC_PHYS_s14_T1_ctrl,167,18,167.6,-0.4722021818161011,1.5567179642307256
UBFC_PHYS_s14_T1_ctrl,167,19,167.63333333333333,-0.9327087998390198,1.5034611003660276
UBFC_PHYS_s14_T1_ctrl,167,20,167.66666666666666,-1.4025377035140991,1.2837416465203195
UBFC_PHYS_s14_T1_ctrl,167,21,167.7,-1.5477784872055054,0.9539127652717624
UBFC_PHYS_s14_T1_ctrl,167,22,167.73333333333332,-1.1935057640075684,0.5695859535235105
UBFC_PHYS_s14_T1_ctrl,167,23,167.76666666666668,-0.48659390211105347,0.17236459812958693
UBFC_PHYS_s14_T1_ctrl,167,24,167.8,0.24825653433799744,-0.21290954361054026
UBFC_PHYS_s14_T1_ctrl,167,25,167.83333333333334,0.7688929438591003,-0.5720953281900201
UBFC_PHYS_s14_T1_ctrl,167,26,167.86666666666667,0.9802342653274536,-0.8914255207155631
UBFC_PHYS_s14_T1_ctrl,167,27,167.9,0.8986718058586121,-1.1483378119536307
UBFC_PHYS_s14_T1_ctrl,167,28,167.93333333333334,0.6573923826217651,-1.3084519868195161
UBFC_PHYS_s14_T1_ctrl,167,29,167.96666666666667,0.44455838203430176,-1.3316001454445008
UBFC_PHYS_s14_T1_ctrl,167,30,168.0,0.335029274225235,-1.1859638849875254
UBFC_PHYS_s14_T1_ctrl,167,31,168.03333333333333,0.24253927171230316,-0.8651295991077789
UBFC_PHYS_s14_T1_ctrl,167,32,168.06666666666666,0.09605924040079117,-0.400273149561209
UBFC_PHYS_s14_T1_ctrl,167,33,168.1,-0.08320347964763641,0.13975455708002568
UBFC_PHYS_s14_T1_ctrl,167,34,168.13333333333333,-0.3100912272930145,0.6634336915777577
UBFC_PHYS_s14_T1_ctrl,167,35,168.16666666666666,-0.6515493988990784,1.0825584951768656
UBFC_PHYS_s14_T1_ctrl,167,36,168.2,-1.1011565923690796,1.3381788377358415
UBFC_PHYS_s14_T1_ctrl,167,37,168.23333333333332,-1.5168827772140503,1.4141854691665867
UBFC_PHYS_s14_T1_ctrl,167,38,168.26666666666668,-1.6394517421722412,1.3329687671452006
UBFC_PHYS_s14_T1_ctrl,167,39,168.3,-1.261605978012085,1.1374791426519124
UBFC_PHYS_s14_T1_ctrl,167,40,168.33333333333334,-0.49031153321266174,0.8702239624298106
UBFC_PHYS_s14_T1_ctrl,167,41,168.36666666666667,0.321623295545578,0.559497492183544
UBFC_PHYS_s14_T1_ctrl,167,42,168.4,0.9139648079872131,0.21774732430629112
UBFC_PHYS_s14_T1_ctrl,167,43,168.43333333333334,1.2362433671951294,-0.14971237910594154
UBFC_PHYS_s14_T1_ctrl,167,44,168.46666666666667,1.2807422876358032,-0.5317283086428994
UBFC_PHYS_s14_T1_ctrl,167,45,168.5,1.0793991088867188,-0.9010110183119047
UBFC_PHYS_s14_T1_ctrl,167,46,168.53333333333333,0.8129974603652954,-1.211648257047389
UBFC_PHYS_s14_T1_ctrl,167,47,168.56666666666666,0.6571670770645142,-1.4063911652488994
UBFC_PHYS_s14_T1_ctrl,167,48,168.6,0.563409686088562,-1.432230426180478
UBFC_PHYS_s14_T1_ctrl,167,49,168.63333333333333,0.4123671352863312,-1.2595906684352574
UBFC_PHYS_s14_T1_ctrl,167,50,168.66666666666666,0.2146289348602295,-0.898116853722413
UBFC_PHYS_s14_T1_ctrl,167,51,168.7,0.027818303555250168,-0.40168749430930856
UBFC_PHYS_s14_T1_ctrl,167,52,168.73333333333332,-0.1929297298192978,0.1418746840364864
UBFC_PHYS_s14_T1_ctrl,167,53,168.76666666666668,-0.5346131920814514,0.6346331245663878
UBFC_PHYS_s14_T1_ctrl,167,54,168.8,-0.9718002080917358,0.9966584394628589
UBFC_PHYS_s14_T1_ctrl,167,55,168.83333333333334,-1.3207217454910278,1.1859870744068215
UBFC_PHYS_s14_T1_ctrl,167,56,168.86666666666667,-1.3148919343948364,1.2024493248113979
UBFC_PHYS_s14_T1_ctrl,167,57,168.9,-0.8297700881958008,1.0761940096578495
UBFC_PHYS_s14_T1_ctrl,167,58,168.93333333333334,-0.04397127777338028,0.8488742631965718
UBFC_PHYS_s14_T1_ctrl,167,59,168.96666666666667,0.722704291343689,0.5574499563183061
UBFC_PHYS_s14_T1_ctrl,167,60,169.0,1.2631679773330688,0.22724154113889808
UBFC_PHYS_s14_T1_ctrl,167,61,169.03333333333333,1.511488437652588,-0.12496106759969984
UBFC_PHYS_s14_T1_ctrl,167,62,169.06666666666666,1.5223596096038818,-0.4817911118966987
UBFC_PHYS_s14_T1_ctrl,167,63,169.1,1.4176183938980103,-0.8163401009423671
UBFC_PHYS_s14_T1_ctrl,167,64,169.13333333333333,1.2538175582885742,-1.088674977093801
UBFC_PHYS_s14_T1_ctrl,167,65,169.16666666666666,0.9763194918632507,-1.2504963901041783
UBFC_PHYS_s14_T1_ctrl,167,66,169.2,0.568817138671875,-1.25731081401466
UBFC_PHYS_s14_T1_ctrl,167,67,169.23333333333332,0.10540962964296341,-1.084361967128452
UBFC_PHYS_s14_T1_ctrl,167,68,169.26666666666668,-0.34163472056388855,-0.7402753875529284
UBFC_PHYS_s14_T1_ctrl,167,69,169.3,-0.7382658123970032,-0.2719486098193682
UBFC_PHYS_s14_T1_ctrl,167,70,169.33333333333334,-1.0807660818099976,0.24343249924259694
UBFC_PHYS_s14_T1_ctrl,167,71,169.36666666666667,-1.4061427116394043,0.7181321706363102
UBFC_PHYS_s14_T1_ctrl,167,72,169.4,-1.7712584733963013,1.0779623650047139
UBFC_PHYS_s14_T1_ctrl,167,73,169.43333333333334,-2.14031720161438,1.280320054068246
UBFC_PHYS_s14_T1_ctrl,167,74,169.46666666666667,-2.2604920864105225,1.3188366938422975
UBFC_PHYS_s14_T1_ctrl,167,75,169.5,-1.8516098260879517,1.2144772139077185
UBFC_PHYS_s14_T1_ctrl,167,76,169.53333333333333,-0.9732084274291992,0.9996366534276611
UBFC_PHYS_s14_T1_ctrl,167,77,169.56666666666666,-0.020707961171865463,0.7043139836518186
UBFC_PHYS_s14_T1_ctrl,167,78,169.6,0.7053553462028503,0.3507018123869125
UBFC_PHYS_s14_T1_ctrl,167,79,169.63333333333333,1.0903548002243042,-0.04304733382072349
UBFC_PHYS_s14_T1_ctrl,167,80,169.66666666666666,1.1582577228546143,-0.453950644207265
UBFC_PHYS_s14_T1_ctrl,167,81,169.7,1.0407865047454834,-0.8463195886563671
UBFC_PHYS_s14_T1_ctrl,167,82,169.73333333333332,0.8597212433815002,-1.1699657213151378
UBFC_PHYS_s14_T1_ctrl,167,83,169.76666666666668,0.6697281002998352,-1.3667648939751857
UBFC_PHYS_s14_T1_ctrl,167,84,169.8,0.5140666961669922,-1.3847189388873267
UBFC_PHYS_s14_T1_ctrl,167,85,169.83333333333334,0.3993836045265198,-1.1957160387803236
UBFC_PHYS_s14_T1_ctrl,167,86,169.86666666666667,0.271688848733902,-0.8108063200021641
UBFC_PHYS_s14_T1_ctrl,167,87,169.9,0.09904460608959198,-0.28598280947232085
UBFC_PHYS_s14_T1_ctrl,167,88,169.93333333333334,-0.10663577914237976,0.2865592146553574
UBFC_PHYS_s14_T1_ctrl,167,89,169.96666666666667,-0.35720929503440857,0.8011498946677984
UBFC_PHYS_s14_T1_ctrl,167,90,170.0,-0.7016810178756714,1.1674000758255032
UBFC_PHYS_s14_T1_ctrl,167,91,170.03333333333333,-1.1344462633132935,1.3330135202171518
UBFC_PHYS_s14_T1_ctrl,167,92,170.06666666666666,-1.462470293045044,1.291813003470204
UBFC_PHYS_s14_T1_ctrl,167,93,170.1,-1.4220552444458008,1.075895607088501
UBFC_PHYS_s14_T1_ctrl,167,94,170.13333333333333,-0.9407918453216553,0.7380009501293784
UBFC_PHYS_s14_T1_ctrl,167,95,170.16666666666666,-0.22866961359977722,0.3332595464099819
UBFC_PHYS_s14_T1_ctrl,167,96,170.2,0.43050462007522583,-0.09227914662627927
UBFC_PHYS_s14_T1_ctrl,167,97,170.23333333333332,0.8551868796348572,-0.5035908195018604
UBFC_PHYS_s14_T1_ctrl,167,98,170.26666666666668,0.9644906520843506,-0.871075307556609
UBFC_PHYS_s14_T1_ctrl,167,99,170.3,0.8138424158096313,-1.1625699166188865
UBFC_PHYS_s14_T1_ctrl,167,100,170.33333333333334,0.5879403948783875,-1.3390712069138166
UBFC_PHYS_s14_T1_ctrl,167,101,170.36666666666667,0.4422207772731781,-1.3586515898063836
UBFC_PHYS_s14_T1_ctrl,167,102,170.4,0.38082364201545715,-1.1892495304706245
UBFC_PHYS_s14_T1_ctrl,167,103,170.43333333333334,0.2998526692390442,-0.826193527858593
UBFC_PHYS_s14_T1_ctrl,167,104,170.46666666666667,0.18362055718898773,-0.30637595188209993
UBFC_PHYS_s14_T1_ctrl,167,105,170.5,0.19688571989536285,0.28990740114856445
UBFC_PHYS_s14_T1_ctrl,167,106,170.53333333333333,0.40380531549453735,0.8546912745438743
UBFC_PHYS_s14_T1_ctrl,167,107,170.56666666666666,0.4965769350528717,1.282366603296391
UBFC_PHYS_s14_T1_ctrl,167,108,170.6,0.20744715631008148,1.5010992155033873
UBFC_PHYS_s14_T1_ctrl,167,109,170.63333333333333,-0.34431028366088867,1.4903568043765756
UBFC_PHYS_s14_T1_ctrl,167,110,170.66666666666666,-0.8460205793380737,1.2780301476338232
UBFC_PHYS_s14_T1_ctrl,167,111,170.7,-1.0567985773086548,0.9225672106443003
UBFC_PHYS_s14_T1_ctrl,167,112,170.73333333333332,-0.8620739579200745,0.4909674365282931
UBFC_PHYS_s14_T1_ctrl,167,113,170.76666666666668,-0.3678552210330963,0.04184929187001745
UBFC_PHYS_s14_T1_ctrl,167,114,170.8,0.11112688481807709,-0.38177459325547963
UBFC_PHYS_s14_T1_ctrl,167,115,170.83333333333334,0.3464356064796448,-0.7502396425888808
UBFC_PHYS_s14_T1_ctrl,167,116,170.86666666666667,0.31179410219192505,-1.039531905846659
UBFC_PHYS_s14_T1_ctrl,167,117,170.9,0.10732477158308029,-1.224114297826579
UBFC_PHYS_s14_T1_ctrl,167,118,170.93333333333334,-0.10784682631492615,-1.2757460378679495
UBFC_PHYS_s14_T1_ctrl,167,119,170.96666666666667,-0.21633386611938477,-1.1705869901939034
UBFC_PHYS_s14_T1_ctrl,167,120,171.0,-0.22726142406463623,-0.9019415225186725
UBFC_PHYS_s14_T1_ctrl,167,121,171.03333333333333,-0.225092813372612,-0.4920345850131367
UBFC_PHYS_s14_T1_ctrl,167,122,171.06666666666666,-0.2707463800907135,0.0042620036621754806
UBFC_PHYS_s14_T1_ctrl,167,123,171.1,-0.3646445572376251,0.5075604700237704
UBFC_PHYS_s14_T1_ctrl,167,124,171.13333333333333,-0.5054354667663574,0.9323245239525303
UBFC_PHYS_s14_T1_ctrl,167,125,171.16666666666666,-0.7450532913208008,1.2087662766548413
UBFC_PHYS_s14_T1_ctrl,167,126,171.2,-1.1112111806869507,1.2993920127955436
UBFC_PHYS_s14_T1_ctrl,167,127,171.23333333333332,-1.4654837846755981,1.2037937701126482
UBFC_PHYS_s14_T1_ctrl,167,128,171.26666666666668,-1.5481728315353394,0.9515514540068885
UBFC_PHYS_s14_T1_ctrl,167,129,171.3,-1.2193602323532104,0.5887964763971661
UBFC_PHYS_s14_T1_ctrl,167,130,171.33333333333334,-0.5890257358551025,0.16532029718642124
UBFC_PHYS_s14_T1_ctrl,167,131,171.36666666666667,0.09788989275693893,-0.2732332925306392
UBFC_PHYS_s14_T1_ctrl,167,132,171.4,0.6032052040100098,-0.6869406924820514
UBFC_PHYS_s14_T1_ctrl,167,133,171.43333333333334,0.7946065068244934,-1.0387422246433078
UBFC_PHYS_s14_T1_ctrl,167,134,171.46666666666667,0.7125934362411499,-1.2908828132871568
UBFC_PHYS_s14_T1_ctrl,167,135,171.5,0.534429132938385,-1.4047913896680966
UBFC_PHYS_s14_T1_ctrl,167,136,171.53333333333333,0.41138139367103577,-1.3471596992893489
UBFC_PHYS_s14_T1_ctrl,167,137,171.56666666666666,0.35733500123023987,-1.1017859103089702
UBFC_PHYS_s14_T1_ctrl,167,138,171.6,0.3060486912727356,-0.682671902672811
UBFC_PHYS_s14_T1_ctrl,167,139,171.63333333333333,0.18218420445919037,-0.14115537214154655
UBFC_PHYS_s14_T1_ctrl,167,140,171.66666666666666,-0.02110225521028042,0.43925300152904667
UBFC_PHYS_s14_T1_ctrl,167,141,171.7,-0.24382175505161285,0.9614550808060093
UBFC_PHYS_s14_T1_ctrl,167,142,171.73333333333332,-0.5122792720794678,1.3404732153750696
UBFC_PHYS_s14_T1_ctrl,167,143,171.76666666666668,-0.9331312775611877,1.5254927903442035
UBFC_PHYS_s14_T1_ctrl,167,144,171.8,-1.397975206375122,1.5094932049248593
UBFC_PHYS_s14_T1_ctrl,167,145,171.83333333333334,-1.5708165168762207,1.3241466867469813
UBFC_PHYS_s14_T1_ctrl,167,146,171.86666666666667,-1.2644786834716797,1.023948728689467
UBFC_PHYS_s14_T1_ctrl,167,147,171.9,-0.6042623519897461,0.6669032827127462
UBFC_PHYS_s14_T1_ctrl,167,148,171.93333333333334,0.14286752045154572,0.2988768035639467
UBFC_PHYS_s14_T1_ctrl,167,149,171.96666666666667,0.7367016673088074,-0.05396140840383448
UBFC_PHYS_s14_T1_ctrl,167,150,172.0,1.0274368524551392,-0.38363954075479284
UBFC_PHYS_s14_T1_ctrl,167,151,172.03333333333333,0.9942880272865295,-0.6917680804096469
UBFC_PHYS_s14_T1_ctrl,167,152,172.06666666666666,0.7709207534790039,-0.9776039647714181
UBFC_PHYS_s14_T1_ctrl,167,153,172.1,0.5132217407226562,-1.2275033554208885
UBFC_PHYS_s14_T1_ctrl,167,154,172.13333333333333,0.31756770610809326,-1.41048304443907
UBFC_PHYS_s14_T1_ctrl,167,155,172.16666666666666,0.1819588989019394,-1.483055544104276
UBFC_PHYS_s14_T1_ctrl,167,156,172.2,0.03702787309885025,-1.403089292344787
UBFC_PHYS_s14_T1_ctrl,167,157,172.23333333333332,-0.14130544662475586,-1.148300483174791
UBFC_PHYS_s14_T1_ctrl,167,158,172.26666666666668,-0.3032474219799042,-0.7319656775429726
UBFC_PHYS_s14_T1_ctrl,167,159,172.3,-0.4673861563205719,-0.20814140974915468
UBFC_PHYS_s14_T1_ctrl,167,160,172.33333333333334,-0.7506860494613647,0.3381289273491155
UBFC_PHYS_s14_T1_ctrl,167,161,172.36666666666667,-1.1745516061782837,0.8138920752462201
UBFC_PHYS_s14_T1_ctrl,167,162,172.4,-1.5461732149124146,1.1459951832344488
UBFC_PHYS_s14_T1_ctrl,167,163,172.43333333333334,-1.5817440748214722,1.3015244066157075
UBFC_PHYS_s14_T1_ctrl,167,164,172.46666666666667,-1.1622439622879028,1.2922465662863092
UBFC_PHYS_s14_T1_ctrl,167,165,172.5,-0.43088585138320923,1.1620159864893234
UBFC_PHYS_s14_T1_ctrl,167,166,172.53333333333333,0.34085917472839355,0.963954877246149
UBFC_PHYS_s14_T1_ctrl,167,167,172.56666666666666,0.9111765623092651,0.7384976325820857
UBFC_PHYS_s14_T1_ctrl,167,168,172.6,1.1651579141616821,0.5022135111684264
UBFC_PHYS_s14_T1_ctrl,167,169,172.63333333333333,1.1640876531600952,0.25125668333893897
UBFC_PHYS_s14_T1_ctrl,167,170,172.66666666666666,1.0378574132919312,-0.024574316392042092
UBFC_PHYS_s14_T1_ctrl,167,171,172.7,0.8663960695266724,-0.3259734237307501
UBFC_PHYS_s14_T1_ctrl,167,172,172.73333333333332,0.722478985786438,-0.6342027318039055
UBFC_PHYS_s14_T1_ctrl,167,173,172.76666666666668,0.6404095888137817,-0.91039129189015
UBFC_PHYS_s14_T1_ctrl,167,174,172.8,0.5303735136985779,-1.1034221959051667
UBFC_PHYS_s14_T1_ctrl,167,175,172.83333333333334,0.32179227471351624,-1.1636592436331739
UBFC_PHYS_s14_T1_ctrl,167,176,172.86666666666667,0.06423412263393402,-1.0588354065325147
UBFC_PHYS_s14_T1_ctrl,167,177,172.9,-0.18907128274440765,-0.7877667546020207
UBFC_PHYS_s14_T1_ctrl,167,178,172.93333333333334,-0.48560816049575806,-0.38697304233605506
UBFC_PHYS_s14_T1_ctrl,167,179,172.96666666666667,-0.9046013355255127,0.07410953914638005
UBFC_PHYS_s14_T1_ctrl,167,180,173.0,-1.392398715019226,0.5105075539754529
UBFC_PHYS_s14_T1_ctrl,167,181,173.03333333333333,-1.66826331615448,0.8469850231645618
UBFC_PHYS_s14_T1_ctrl,167,182,173.06666666666666,-1.4521623849868774,1.040437190580834
UBFC_PHYS_s14_T1_ctrl,167,183,173.1,-0.7610784769058228,1.0881486749329219
UBFC_PHYS_s14_T1_ctrl,167,184,173.13333333333333,0.08510351926088333,1.0184435870048738
UBFC_PHYS_s14_T1_ctrl,167,185,173.16666666666666,0.7579090595245361,0.8704578398908335
UBFC_PHYS_s14_T1_ctrl,167,186,173.2,1.1202929019927979,0.6747554106984489
UBFC_PHYS_s14_T1_ctrl,167,187,173.23333333333332,1.182675838470459,0.44425819047471665
UBFC_PHYS_s14_T1_ctrl,167,188,173.26666666666668,1.0434901714324951,0.1780443909257538
UBFC_PHYS_s14_T1_ctrl,167,189,173.3,0.8630164265632629,-0.12644285523396143
UBFC_PHYS_s14_T1_ctrl,167,190,173.33333333333334,0.7370678186416626,-0.460525408926893
UBFC_PHYS_s14_T1_ctrl,167,191,173.36666666666667,0.6567445993423462,-0.7973036480052038
UBFC_PHYS_s14_T1_ctrl,167,192,173.4,0.5900245308876038,-1.0931585469355067
UBFC_PHYS_s14_T1_ctrl,167,193,173.43333333333334,0.5167985558509827,-1.2965918629769504
UBFC_PHYS_s14_T1_ctrl,167,194,173.46666666666667,0.3972713053226471,-1.3615381400694873
UBFC_PHYS_s14_T1_ctrl,167,195,173.5,0.18716920912265778,-1.261721891945244
UBFC_PHYS_s14_T1_ctrl,167,196,173.53333333333333,-0.11046606302261353,-1.0018686073425678
UBFC_PHYS_s14_T1_ctrl,167,197,173.56666666666666,-0.4399264454841614,-0.6211551914388691
UBFC_PHYS_s14_T1_ctrl,167,198,173.6,-0.7842291593551636,-0.18564690776847134
UBFC_PHYS_s14_T1_ctrl,167,199,173.63333333333333,-1.1964911222457886,0.22958725064278845
UBFC_PHYS_s14_T1_ctrl,167,200,173.66666666666666,-1.6278482675552368,0.5625514416672123
UBFC_PHYS_s14_T1_ctrl,167,201,173.7,-1.7932262420654297,0.7810383539215857
UBFC_PHYS_s14_T1_ctrl,167,202,173.73333333333332,-1.4322504997253418,0.8861246272085112
UBFC_PHYS_s14_T1_ctrl,167,203,173.76666666666668,-0.6513240933418274,0.9012712187948917
UBFC_PHYS_s14_T1_ctrl,167,204,173.8,0.17998743057250977,0.8540424582519155
UBFC_PHYS_s14_T1_ctrl,167,205,173.83333333333334,0.796634316444397,0.7614304097876747
UBFC_PHYS_s14_T1_ctrl,167,206,173.86666666666667,1.103197455406189,0.626304517960335
UBFC_PHYS_s14_T1_ctrl,167,207,173.9,1.1113368272781372,0.4447533106395558
UBFC_PHYS_s14_T1_ctrl,167,208,173.93333333333334,0.944269061088562,0.21780768990730243
UBFC_PHYS_s14_T1_ctrl,167,209,173.96666666666667,0.7788347601890564,-0.04006748654626684
UBFC_PHYS_s14_T1_ctrl,167,210,174.0,0.7173531651496887,-0.2994233490538199
UBFC_PHYS_s14_T1_ctrl,167,211,174.03333333333333,0.730083167552948,-0.5203680229606262
UBFC_PHYS_s14_T1_ctrl,167,212,174.06666666666666,0.6955543756484985,-0.6609053766518019
UBFC_PHYS_s14_T1_ctrl,167,213,174.1,0.5231072902679443,-0.6872844279255098
UBFC_PHYS_s14_T1_ctrl,167,214,174.13333333333333,0.2662813663482666,-0.5843590082793023
UBFC_PHYS_s14_T1_ctrl,167,215,174.16666666666666,0.0694444328546524,-0.3628807153546815
UBFC_PHYS_s14_T1_ctrl,167,216,174.2,-0.06909340620040894,-0.06017439444805139
UBFC_PHYS_s14_T1_ctrl,167,217,174.23333333333332,-0.3136962056159973,0.2678403213350177
UBFC_PHYS_s14_T1_ctrl,167,218,174.26666666666668,-0.7500945925712585,0.5616575820545937
UBFC_PHYS_s14_T1_ctrl,167,219,174.3,-1.2635492086410522,0.7745807833527822
UBFC_PHYS_s14_T1_ctrl,167,220,174.33333333333334,-1.6078519821166992,0.8831709249521892
UBFC_PHYS_s14_T1_ctrl,167,221,174.36666666666667,-1.5106867551803589,0.8871467261448752
UBFC_PHYS_s14_T1_ctrl,167,222,174.4,-0.9114733338356018,0.8005094586474844
UBFC_PHYS_s14_T1_ctrl,167,223,174.43333333333334,-0.0870056003332138,0.6407703472667606
UBFC_PHYS_s14_T1_ctrl,167,224,174.46666666666667,0.6041627526283264,0.42286105552891584
UBFC_PHYS_s14_T1_ctrl,167,225,174.5,0.9944851398468018,0.15988361524337366
UBFC_PHYS_s14_T1_ctrl,167,226,174.53333333333333,1.0764418840408325,-0.1317769429110986
UBFC_PHYS_s14_T1_ctrl,167,227,174.56666666666666,0.9414244890213013,-0.42744729882387517
UBFC_PHYS_s14_T1_ctrl,167,228,174.6,0.7277455925941467,-0.6926054676272471
UBFC_PHYS_s14_T1_ctrl,167,229,174.63333333333333,0.5570446848869324,-0.8860449167932507
UBFC_PHYS_s14_T1_ctrl,167,230,174.66666666666666,0.445713073015213,-0.9679931137640648
UBFC_PHYS_s14_T1_ctrl,167,231,174.7,0.34119713306427,-0.9123388363588245
UBFC_PHYS_s14_T1_ctrl,167,232,174.73333333333332,0.22026169300079346,-0.7197171565986391
UBFC_PHYS_s14_T1_ctrl,167,233,174.76666666666668,0.08527249842882156,-0.425735812907199
UBFC_PHYS_s14_T1_ctrl,167,234,174.8,-0.07923237979412079,-0.09842206620945061
UBFC_PHYS_s14_T1_ctrl,167,235,174.83333333333334,-0.30147311091423035,0.17769489234545424
UBFC_PHYS_s14_T1_ctrl,167,236,174.86666666666667,-0.6096416115760803,0.3273537856782924
UBFC_PHYS_s14_T1_ctrl,167,237,174.9,-1.0084694623947144,0.3109699227876419
UBFC_PHYS_s14_T1_ctrl,167,238,174.93333333333334,-1.38893461227417,0.14064574981875894
UBFC_PHYS_s14_T1_ctrl,167,239,174.96666666666667,-1.4855928421020508,-0.12167828493408424
UBFC_PHYS_s14_T1_ctrl,168,0,168.0,0.335029274225235,0.065351486277506
UBFC_PHYS_s14_T1_ctrl,168,1,168.03333333333333,0.24253927171230316,0.6829824405319055
UBFC_PHYS_s14_T1_ctrl,168,2,168.06666666666666,0.09605924040079117,1.2353926098539583
UBFC_PHYS_s14_T1_ctrl,168,3,168.1,-0.08320347964763641,1.6693232744501416
UBFC_PHYS_s14_T1_ctrl,168,4,168.13333333333333,-0.3100912272930145,1.9454080187089884
UBFC_PHYS_s14_T1_ctrl,168,5,168.16666666666666,-0.6515493988990784,2.045130665571591
UBFC_PHYS_s14_T1_ctrl,168,6,168.2,-1.1011565923690796,1.974108320989969
UBFC_PHYS_s14_T1_ctrl,168,7,168.23333333333332,-1.5168827772140503,1.7594418053652192
UBFC_PHYS_s14_T1_ctrl,168,8,168.26666666666668,-1.6394517421722412,1.4412643554249982
UBFC_PHYS_s14_T1_ctrl,168,9,168.3,-1.261605978012085,1.0611803209504973
UBFC_PHYS_s14_T1_ctrl,168,10,168.33333333333334,-0.49031153321266174,0.6520342883277839
UBFC_PHYS_s14_T1_ctrl,168,11,168.36666666666667,0.321623295545578,0.23327002526184445
UBFC_PHYS_s14_T1_ctrl,168,12,168.4,0.9139648079872131,-0.18627068770428706
UBFC_PHYS_s14_T1_ctrl,168,13,168.43333333333334,1.2362433671951294,-0.5996376606051285
UBFC_PHYS_s14_T1_ctrl,168,14,168.46666666666667,1.2807422876358032,-0.9913125656482555
UBFC_PHYS_s14_T1_ctrl,168,15,168.5,1.0793991088867188,-1.3301191490658621
UBFC_PHYS_s14_T1_ctrl,168,16,168.53333333333333,0.8129974603652954,-1.5696770816386831
UBFC_PHYS_s14_T1_ctrl,168,17,168.56666666666666,0.6571670770645142,-1.657948706761314
UBFC_PHYS_s14_T1_ctrl,168,18,168.6,0.563409686088562,-1.5538400675204687
UBFC_PHYS_s14_T1_ctrl,168,19,168.63333333333333,0.4123671352863312,-1.245446400833265
UBFC_PHYS_s14_T1_ctrl,168,20,168.66666666666666,0.2146289348602295,-0.7626818922973289
UBFC_PHYS_s14_T1_ctrl,168,21,168.7,0.027818303555250168,-0.17769202293702663
UBFC_PHYS_s14_T1_ctrl,168,22,168.73333333333332,-0.1929297298192978,0.40990353085356335
UBFC_PHYS_s14_T1_ctrl,168,23,168.76666666666668,-0.5346131920814514,0.8994876280928283
UBFC_PHYS_s14_T1_ctrl,168,24,168.8,-0.9718002080917358,1.2174425360849814
UBFC_PHYS_s14_T1_ctrl,168,25,168.83333333333334,-1.3207217454910278,1.3345320719976292
UBFC_PHYS_s14_T1_ctrl,168,26,168.86666666666667,-1.3148919343948364,1.2661228946352097
UBFC_PHYS_s14_T1_ctrl,168,27,168.9,-0.8297700881958008,1.0576132892076968
UBFC_PHYS_s14_T1_ctrl,168,28,168.93333333333334,-0.04397127777338028,0.7635662075238147
UBFC_PHYS_s14_T1_ctrl,168,29,168.96666666666667,0.722704291343689,0.4299948046469927
UBFC_PHYS_s14_T1_ctrl,168,30,169.0,1.2631679773330688,0.08592740050480324
UBFC_PHYS_s14_T1_ctrl,168,31,169.03333333333333,1.511488437652588,-0.25461639143221343
UBFC_PHYS_s14_T1_ctrl,168,32,169.06666666666666,1.5223596096038818,-0.5832494466343099
UBFC_PHYS_s14_T1_ctrl,168,33,169.1,1.4176183938980103,-0.8858151114788779
UBFC_PHYS_s14_T1_ctrl,168,34,169.13333333333333,1.2538175582885742,-1.13483093292771
UBFC_PHYS_s14_T1_ctrl,168,35,169.16666666666666,0.9763194918632507,-1.2900274914460426
UBFC_PHYS_s14_T1_ctrl,168,36,169.2,0.568817138671875,-1.3077656115894056
UBFC_PHYS_s14_T1_ctrl,168,37,169.23333333333332,0.10540962964296341,-1.1562702802321994
UBFC_PHYS_s14_T1_ctrl,168,38,169.26666666666668,-0.34163472056388855,-0.8310136965989214
UBFC_PHYS_s14_T1_ctrl,168,39,169.3,-0.7382658123970032,-0.3639077597978946
UBFC_PHYS_s14_T1_ctrl,168,40,169.33333333333334,-1.0807660818099976,0.17854912560142086
UBFC_PHYS_s14_T1_ctrl,168,41,169.36666666666667,-1.4061427116394043,0.70915891257438
UBFC_PHYS_s14_T1_ctrl,168,42,169.4,-1.7712584733963013,1.1416254637900942
UBFC_PHYS_s14_T1_ctrl,168,43,169.43333333333334,-2.14031720161438,1.4117361408420528
UBFC_PHYS_s14_T1_ctrl,168,44,169.46666666666667,-2.2604920864105225,1.4902155090673463
UBFC_PHYS_s14_T1_ctrl,168,45,169.5,-1.8516098260879517,1.3834407188783944
UBFC_PHYS_s14_T1_ctrl,168,46,169.53333333333333,-0.9732084274291992,1.1238735282890477
UBFC_PHYS_s14_T1_ctrl,168,47,169.56666666666666,-0.020707961171865463,0.7561466069478538
UBFC_PHYS_s14_T1_ctrl,168,48,169.6,0.7053553462028503,0.3252239803293071
UBFC_PHYS_s14_T1_ctrl,168,49,169.63333333333333,1.0903548002243042,-0.12939745894978796
UBFC_PHYS_s14_T1_ctrl,168,50,169.66666666666666,1.1582577228546143,-0.5729405199757559
UBFC_PHYS_s14_T1_ctrl,168,51,169.7,1.0407865047454834,-0.9705921524113795
UBFC_PHYS_s14_T1_ctrl,168,52,169.73333333333332,0.8597212433815002,-1.2830463917766215
UBFC_PHYS_s14_T1_ctrl,168,53,169.76666666666668,0.6697281002998352,-1.4666787273310167
UBFC_PHYS_s14_T1_ctrl,168,54,169.8,0.5140666961669922,-1.4808503686998369
UBFC_PHYS_s14_T1_ctrl,168,55,169.83333333333334,0.3993836045265198,-1.3013546630821546
UBFC_PHYS_s14_T1_ctrl,168,56,169.86666666666667,0.271688848733902,-0.9349456517144445
UBFC_PHYS_s14_T1_ctrl,168,57,169.9,0.09904460608959198,-0.4274081972273678
UBFC_PHYS_s14_T1_ctrl,168,58,169.93333333333334,-0.10663577914237976,0.14119064719782637
UBFC_PHYS_s14_T1_ctrl,168,59,169.96666666666667,-0.35720929503440857,0.6749794397583389
UBFC_PHYS_s14_T1_ctrl,168,60,170.0,-0.7016810178756714,1.0878499503122312
UBFC_PHYS_s14_T1_ctrl,168,61,170.03333333333333,-1.1344462633132935,1.3250874914082282
UBFC_PHYS_s14_T1_ctrl,168,62,170.06666666666666,-1.462470293045044,1.3724260782404303
UBFC_PHYS_s14_T1_ctrl,168,63,170.1,-1.4220552444458008,1.2507988884654766
UBFC_PHYS_s14_T1_ctrl,168,64,170.13333333333333,-0.9407918453216553,1.0016605334412156
UBFC_PHYS_s14_T1_ctrl,168,65,170.16666666666666,-0.22866961359977722,0.6708355790944648
UBFC_PHYS_s14_T1_ctrl,168,66,170.2,0.43050462007522583,0.29763234582287446
UBFC_PHYS_s14_T1_ctrl,168,67,170.23333333333332,0.8551868796348572,-0.08790720573446321
UBFC_PHYS_s14_T1_ctrl,168,68,170.26666666666668,0.9644906520843506,-0.46083784330248245
UBFC_PHYS_s14_T1_ctrl,168,69,170.3,0.8138424158096313,-0.7942442932891387
UBFC_PHYS_s14_T1_ctrl,168,70,170.33333333333334,0.5879403948783875,-1.054236982040956
UBFC_PHYS_s14_T1_ctrl,168,71,170.36666666666667,0.4422207772731781,-1.200990742377848
UBFC_PHYS_s14_T1_ctrl,168,72,170.4,0.38082364201545715,-1.197249128650278
UBFC_PHYS_s14_T1_ctrl,168,73,170.43333333333334,0.2998526692390442,-1.0221607717887484
UBFC_PHYS_s14_T1_ctrl,168,74,170.46666666666667,0.18362055718898773,-0.6848804712645803
UBFC_PHYS_s14_T1_ctrl,168,75,170.5,0.19688571989536285,-0.23083731444875685
UBFC_PHYS_s14_T1_ctrl,168,76,170.53333333333333,0.40380531549453735,0.26454753568944456
UBFC_PHYS_s14_T1_ctrl,168,77,170.56666666666666,0.4965769350528717,0.7143967887294035
UBFC_PHYS_s14_T1_ctrl,168,78,170.6,0.20744715631008148,1.0439913224187316
UBFC_PHYS_s14_T1_ctrl,168,79,170.63333333333333,-0.34431028366088867,1.2090876312278531
UBFC_PHYS_s14_T1_ctrl,168,80,170.66666666666666,-0.8460205793380737,1.2020234213703027
UBFC_PHYS_s14_T1_ctrl,168,81,170.7,-1.0567985773086548,1.0455758560872508
UBFC_PHYS_s14_T1_ctrl,168,82,170.73333333333332,-0.8620739579200745,0.7797293553621936
UBFC_PHYS_s14_T1_ctrl,168,83,170.76666666666668,-0.3678552210330963,0.44800138351463104
UBFC_PHYS_s14_T1_ctrl,168,84,170.8,0.11112688481807709,0.08833519862515903
UBFC_PHYS_s14_T1_ctrl,168,85,170.83333333333334,0.3464356064796448,-0.269523007152545
UBFC_PHYS_s14_T1_ctrl,168,86,170.86666666666667,0.31179410219192505,-0.6011448081465879
UBFC_PHYS_s14_T1_ctrl,168,87,170.9,0.10732477158308029,-0.8820705057051745
UBFC_PHYS_s14_T1_ctrl,168,88,170.93333333333334,-0.10784682631492615,-1.0839831898027392
UBFC_PHYS_s14_T1_ctrl,168,89,170.96666666666667,-0.21633386611938477,-1.1757464000046465
UBFC_PHYS_s14_T1_ctrl,168,90,171.0,-0.22726142406463623,-1.130297392353768
UBFC_PHYS_s14_T1_ctrl,168,91,171.03333333333333,-0.225092813372612,-0.9353718415944277
UBFC_PHYS_s14_T1_ctrl,168,92,171.06666666666666,-0.2707463800907135,-0.6037175795498262
UBFC_PHYS_s14_T1_ctrl,168,93,171.1,-0.3646445572376251,-0.17765615650178423
UBFC_PHYS_s14_T1_ctrl,168,94,171.13333333333333,-0.5054354667663574,0.2759127566799034
UBFC_PHYS_s14_T1_ctrl,168,95,171.16666666666666,-0.7450532913208008,0.6802647773516609
UBFC_PHYS_s14_T1_ctrl,168,96,171.2,-1.1112111806869507,0.9684636560188752
UBFC_PHYS_s14_T1_ctrl,168,97,171.23333333333332,-1.4654837846755981,1.0999178220002372
UBFC_PHYS_s14_T1_ctrl,168,98,171.26666666666668,-1.5481728315353394,1.0675779712771507
UBFC_PHYS_s14_T1_ctrl,168,99,171.3,-1.2193602323532104,0.8942594958928071
UBFC_PHYS_s14_T1_ctrl,168,100,171.33333333333334,-0.5890257358551025,0.6213064748141167
UBFC_PHYS_s14_T1_ctrl,168,101,171.36666666666667,0.09788989275693893,0.2953125671459555
UBFC_PHYS_s14_T1_ctrl,168,102,171.4,0.6032052040100098,-0.04181377016481133
UBFC_PHYS_s14_T1_ctrl,168,103,171.43333333333334,0.7946065068244934,-0.35681294194472996
UBFC_PHYS_s14_T1_ctrl,168,104,171.46666666666667,0.7125934362411499,-0.6237999957924498
UBFC_PHYS_s14_T1_ctrl,168,105,171.5,0.534429132938385,-0.82090837268217
UBFC_PHYS_s14_T1_ctrl,168,106,171.53333333333333,0.41138139367103577,-0.9284472481436878
UBFC_PHYS_s14_T1_ctrl,168,107,171.56666666666666,0.35733500123023987,-0.9306504946393643
UBFC_PHYS_s14_T1_ctrl,168,108,171.6,0.3060486912727356,-0.8205407701425502
UBFC_PHYS_s14_T1_ctrl,168,109,171.63333333333333,0.18218420445919037,-0.6052225083144015
UBFC_PHYS_s14_T1_ctrl,168,110,171.66666666666666,-0.02110225521028042,-0.3082565219520557
UBFC_PHYS_s14_T1_ctrl,168,111,171.7,-0.24382175505161285,0.032900694616503176
UBFC_PHYS_s14_T1_ctrl,168,112,171.73333333333332,-0.5122792720794678,0.3737936948159796
UBFC_PHYS_s14_T1_ctrl,168,113,171.76666666666668,-0.9331312775611877,0.6715523822556368
UBFC_PHYS_s14_T1_ctrl,168,114,171.8,-1.397975206375122,0.8923314659455213
UBFC_PHYS_s14_T1_ctrl,168,115,171.83333333333334,-1.5708165168762207,1.0157277474117574
UBFC_PHYS_s14_T1_ctrl,168,116,171.86666666666667,-1.2644786834716797,1.0352771945522627
UBFC_PHYS_s14_T1_ctrl,168,117,171.9,-0.6042623519897461,0.9553435667327639
UBFC_PHYS_s14_T1_ctrl,168,118,171.93333333333334,0.14286752045154572,0.7863256594528129
UBFC_PHYS_s14_T1_ctrl,168,119,171.96666666666667,0.7367016673088074,0.5409096410653289
UBFC_PHYS_s14_T1_ctrl,168,120,172.0,1.0274368524551392,0.23314387296853592
UBFC_PHYS_s14_T1_ctrl,168,121,172.03333333333333,0.9942880272865295,-0.11960319355803953
UBFC_PHYS_s14_T1_ctrl,168,122,172.06666666666666,0.7709207534790039,-0.49295275263109084
UBFC_PHYS_s14_T1_ctrl,168,123,172.1,0.5132217407226562,-0.8520725581616372
UBFC_PHYS_s14_T1_ctrl,168,124,172.13333333333333,0.31756770610809326,-1.1511900252930138
UBFC_PHYS_s14_T1_ctrl,168,125,172.16666666666666,0.1819588989019394,-1.3385669949184116
UBFC_PHYS_s14_T1_ctrl,168,126,172.2,0.03702787309885025,-1.3675461188623257
UBFC_PHYS_s14_T1_ctrl,168,127,172.23333333333332,-0.14130544662475586,-1.211266088481994
UBFC_PHYS_s14_T1_ctrl,168,128,172.26666666666668,-0.3032474219799042,-0.8759008782620236
UBFC_PHYS_s14_T1_ctrl,168,129,172.3,-0.4673861563205719,-0.4061718888884671
UBFC_PHYS_s14_T1_ctrl,168,130,172.33333333333334,-0.7506860494613647,0.1214871948084306
UBFC_PHYS_s14_T1_ctrl,168,131,172.36666666666667,-1.1745516061782837,0.6178219961834912
UBFC_PHYS_s14_T1_ctrl,168,132,172.4,-1.5461732149124146,1.0048951537171522
UBFC_PHYS_s14_T1_ctrl,168,133,172.43333333333334,-1.5817440748214722,1.2352582830683716
UBFC_PHYS_s14_T1_ctrl,168,134,172.46666666666667,-1.1622439622879028,1.2988100205236153
UBFC_PHYS_s14_T1_ctrl,168,135,172.5,-0.43088585138320923,1.216536783718366
UBFC_PHYS_s14_T1_ctrl,168,136,172.53333333333333,0.34085917472839355,1.025937214579351
UBFC_PHYS_s14_T1_ctrl,168,137,172.56666666666666,0.9111765623092651,0.7652943737751303
UBFC_PHYS_s14_T1_ctrl,168,138,172.6,1.1651579141616821,0.4629926662548167
UBFC_PHYS_s14_T1_ctrl,168,139,172.63333333333333,1.1640876531600952,0.1349756172409442
UBFC_PHYS_s14_T1_ctrl,168,140,172.66666666666666,1.0378574132919312,-0.21014924852995362
UBFC_PHYS_s14_T1_ctrl,168,141,172.7,0.8663960695266724,-0.5616631432209102
UBFC_PHYS_s14_T1_ctrl,168,142,172.73333333333332,0.722478985786438,-0.8976044572119306
UBFC_PHYS_s14_T1_ctrl,168,143,172.76666666666668,0.6404095888137817,-1.180398692275769
UBFC_PHYS_s14_T1_ctrl,168,144,172.8,0.5303735136985779,-1.360156606416799
UBFC_PHYS_s14_T1_ctrl,168,145,172.83333333333334,0.32179227471351624,-1.3860419326763749
UBFC_PHYS_s14_T1_ctrl,168,146,172.86666666666667,0.06423412263393402,-1.2231123819051297
UBFC_PHYS_s14_T1_ctrl,168,147,172.9,-0.18907128274440765,-0.8691788491179647
UBFC_PHYS_s14_T1_ctrl,168,148,172.93333333333334,-0.48560816049575806,-0.36457309203797694
UBFC_PHYS_s14_T1_ctrl,168,149,172.96666666666667,-0.9046013355255127,0.21121831997660356
UBFC_PHYS_s14_T1_ctrl,168,150,173.0,-1.392398715019226,0.7575853186404525
UBFC_PHYS_s14_T1_ctrl,168,151,173.03333333333333,-1.66826331615448,1.1802862681915098
UBFC_PHYS_s14_T1_ctrl,168,152,173.06666666666666,-1.4521623849868774,1.417467710623312
UBFC_PHYS_s14_T1_ctrl,168,153,173.1,-0.7610784769058228,1.453051399639962
UBFC_PHYS_s14_T1_ctrl,168,154,173.13333333333333,0.08510351926088333,1.3130174037549387
UBFC_PHYS_s14_T1_ctrl,168,155,173.16666666666666,0.7579090595245361,1.0487347963910525
UBFC_PHYS_s14_T1_ctrl,168,156,173.2,1.1202929019927979,0.7161646549372319
UBFC_PHYS_s14_T1_ctrl,168,157,173.23333333333332,1.182675838470459,0.3594570991474615
UBFC_PHYS_s14_T1_ctrl,168,158,173.26666666666668,1.0434901714324951,0.004102586534698833
UBFC_PHYS_s14_T1_ctrl,168,159,173.3,0.8630164265632629,-0.3396795510172124
UBFC_PHYS_s14_T1_ctrl,168,160,173.33333333333334,0.7370678186416626,-0.6666180885940078
UBFC_PHYS_s14_T1_ctrl,168,161,173.36666666666667,0.6567445993423462,-0.9646998714537427
UBFC_PHYS_s14_T1_ctrl,168,162,173.4,0.5900245308876038,-1.2077294265415488
UBFC_PHYS_s14_T1_ctrl,168,163,173.43333333333334,0.5167985558509827,-1.3559882342509058
UBFC_PHYS_s14_T1_ctrl,168,164,173.46666666666667,0.3972713053226471,-1.3659511946854286
UBFC_PHYS_s14_T1_ctrl,168,165,173.5,0.18716920912265778,-1.2064346806661739
UBFC_PHYS_s14_T1_ctrl,168,166,173.53333333333333,-0.11046606302261353,-0.8751233885943871
UBFC_PHYS_s14_T1_ctrl,168,167,173.56666666666666,-0.4399264454841614,-0.4079328776277142
UBFC_PHYS_s14_T1_ctrl,168,168,173.6,-0.7842291593551636,0.12441197228729646
UBFC_PHYS_s14_T1_ctrl,168,169,173.63333333333333,-1.1964911222457886,0.6329985409957992
UBFC_PHYS_s14_T1_ctrl,168,170,173.66666666666666,-1.6278482675552368,1.0345959019918225
UBFC_PHYS_s14_T1_ctrl,168,171,173.7,-1.7932262420654297,1.2730718239146903
UBFC_PHYS_s14_T1_ctrl,168,172,173.73333333333332,-1.4322504997253418,1.330103601606298
UBFC_PHYS_s14_T1_ctrl,168,173,173.76666666666668,-0.6513240933418274,1.2223987602929138
UBFC_PHYS_s14_T1_ctrl,168,174,173.8,0.17998743057250977,0.9888148097638403
UBFC_PHYS_s14_T1_ctrl,168,175,173.83333333333334,0.796634316444397,0.6744567416590843
UBFC_PHYS_s14_T1_ctrl,168,176,173.86666666666667,1.103197455406189,0.31854882234185594
UBFC_PHYS_s14_T1_ctrl,168,177,173.9,1.1113368272781372,-0.050230009020095785
UBFC_PHYS_s14_T1_ctrl,168,178,173.93333333333334,0.944269061088562,-0.4109999524093509
UBFC_PHYS_s14_T1_ctrl,168,179,173.96666666666667,0.7788347601890564,-0.7435401911332598
UBFC_PHYS_s14_T1_ctrl,168,180,174.0,0.7173531651496887,-1.02130576223026
UBFC_PHYS_s14_T1_ctrl,168,181,174.03333333333333,0.730083167552948,-1.2090255803421017
UBFC_PHYS_s14_T1_ctrl,168,182,174.06666666666666,0.6955543756484985,-1.2675858467615888
UBFC_PHYS_s14_T1_ctrl,168,183,174.1,0.5231072902679443,-1.1658681894307805
UBFC_PHYS_s14_T1_ctrl,168,184,174.13333333333333,0.2662813663482666,-0.8956281867832965
UBFC_PHYS_s14_T1_ctrl,168,185,174.16666666666666,0.0694444328546524,-0.48278768063679156
UBFC_PHYS_s14_T1_ctrl,168,186,174.2,-0.06909340620040894,0.011642274481365563
UBFC_PHYS_s14_T1_ctrl,168,187,174.23333333333332,-0.3136962056159973,0.5040826677516335
UBFC_PHYS_s14_T1_ctrl,168,188,174.26666666666668,-0.7500945925712585,0.9107415816513692
UBFC_PHYS_s14_T1_ctrl,168,189,174.3,-1.2635492086410522,1.1707017127368848
UBFC_PHYS_s14_T1_ctrl,168,190,174.33333333333334,-1.6078519821166992,1.2601845890619305
UBFC_PHYS_s14_T1_ctrl,168,191,174.36666666666667,-1.5106867551803589,1.192950660523295
UBFC_PHYS_s14_T1_ctrl,168,192,174.4,-0.9114733338356018,1.0083947856760773
UBFC_PHYS_s14_T1_ctrl,168,193,174.43333333333334,-0.0870056003332138,0.7539085596897949
UBFC_PHYS_s14_T1_ctrl,168,194,174.46666666666667,0.6041627526283264,0.46916729368486887
UBFC_PHYS_s14_T1_ctrl,168,195,174.5,0.9944851398468018,0.17774753159499848
UBFC_PHYS_s14_T1_ctrl,168,196,174.53333333333333,1.0764418840408325,-0.1121208733808138
UBFC_PHYS_s14_T1_ctrl,168,197,174.56666666666666,0.9414244890213013,-0.3993122589260561
UBFC_PHYS_s14_T1_ctrl,168,198,174.6,0.7277455925941467,-0.6781752997404034
UBFC_PHYS_s14_T1_ctrl,168,199,174.63333333333333,0.5570446848869324,-0.928756513586982
UBFC_PHYS_s14_T1_ctrl,168,200,174.66666666666666,0.445713073015213,-1.1137683724128877
UBFC_PHYS_s14_T1_ctrl,168,201,174.7,0.34119713306427,-1.1850863271273135
UBFC_PHYS_s14_T1_ctrl,168,202,174.73333333333332,0.22026169300079346,-1.09889857857547
UBFC_PHYS_s14_T1_ctrl,168,203,174.76666666666668,0.08527249842882156,-0.8346270391028623
UBFC_PHYS_s14_T1_ctrl,168,204,174.8,-0.07923237979412079,-0.4100749160528342
UBFC_PHYS_s14_T1_ctrl,168,205,174.83333333333334,-0.30147311091423035,0.11464814251218593
UBFC_PHYS_s14_T1_ctrl,168,206,174.86666666666667,-0.6096416115760803,0.6483899311569914
UBFC_PHYS_s14_T1_ctrl,168,207,174.9,-1.0084694623947144,1.0930843213043204
UBFC_PHYS_s14_T1_ctrl,168,208,174.93333333333334,-1.38893461227417,1.3717607263661704
UBFC_PHYS_s14_T1_ctrl,168,209,174.96666666666667,-1.4855928421020508,1.448696838881264
UBFC_PHYS_s14_T1_ctrl,168,210,175.0,-1.0916091203689575,1.333674695651177
UBFC_PHYS_s14_T1_ctrl,168,211,175.03333333333333,-0.3229057788848877,1.070170191764903
UBFC_PHYS_s14_T1_ctrl,168,212,175.06666666666666,0.4437134563922882,0.7146596601577465
UBFC_PHYS_s14_T1_ctrl,168,213,175.1,0.9649976491928101,0.31718711584256204
UBFC_PHYS_s14_T1_ctrl,168,214,175.13333333333333,1.2062771320343018,-0.08919268148213588
UBFC_PHYS_s14_T1_ctrl,168,215,175.16666666666666,1.209938406944275,-0.4878295142856435
UBFC_PHYS_s14_T1_ctrl,168,216,175.2,1.0533757209777832,-0.8692144691912921
UBFC_PHYS_s14_T1_ctrl,168,217,175.23333333333332,0.8640866279602051,-1.2184665809305522
UBFC_PHYS_s14_T1_ctrl,168,218,175.26666666666668,0.7281398773193359,-1.5061725179844172
UBFC_PHYS_s14_T1_ctrl,168,219,175.3,0.6312563419342041,-1.6880744803537853
UBFC_PHYS_s14_T1_ctrl,168,220,175.33333333333334,0.5226002931594849,-1.7155608135339886
UBFC_PHYS_s14_T1_ctrl,168,221,175.36666666666667,0.3709944784641266,-1.5540236874992985
UBFC_PHYS_s14_T1_ctrl,168,222,175.4,0.1637650728225708,-1.201827561576562
UBFC_PHYS_s14_T1_ctrl,168,223,175.43333333333334,-0.09655313193798065,-0.7009421557203093
UBFC_PHYS_s14_T1_ctrl,168,224,175.46666666666667,-0.40390491485595703,-0.13258946981614045
UBFC_PHYS_s14_T1_ctrl,168,225,175.5,-0.7815254330635071,0.4025942192190304
UBFC_PHYS_s14_T1_ctrl,168,226,175.53333333333333,-1.2632112503051758,0.8127786064184639
UBFC_PHYS_s14_T1_ctrl,168,227,175.56666666666666,-1.716451644897461,1.0400773498156057
UBFC_PHYS_s14_T1_ctrl,168,228,175.6,-1.8191651105880737,1.073111664191347
UBFC_PHYS_s14_T1_ctrl,168,229,175.63333333333333,-1.371867299079895,0.9439061191219809
UBFC_PHYS_s14_T1_ctrl,168,230,175.66666666666666,-0.5410063862800598,0.7126453159243554
UBFC_PHYS_s14_T1_ctrl,168,231,175.7,0.3351137638092041,0.4475875010381285
UBFC_PHYS_s14_T1_ctrl,168,232,175.73333333333332,1.0099470615386963,0.2073571280543565
UBFC_PHYS_s14_T1_ctrl,168,233,175.76666666666668,1.3578547239303589,0.03019458654842168
UBFC_PHYS_s14_T1_ctrl,168,234,175.8,1.3873704671859741,-0.06851008328695311
UBFC_PHYS_s14_T1_ctrl,168,235,175.83333333333334,1.2585209608078003,-0.09191263179997139
UBFC_PHYS_s14_T1_ctrl,168,236,175.86666666666667,1.124348521232605,-0.054065680075235836
UBFC_PHYS_s14_T1_ctrl,168,237,175.9,1.0145940780639648,0.02734569255997385
UBFC_PHYS_s14_T1_ctrl,168,238,175.93333333333334,0.9215408563613892,0.13555836205757893
UBFC_PHYS_s14_T1_ctrl,168,239,175.96666666666667,0.8339513540267944,0.25623778174551803
