recording_id,measurement_id,sample_index,time_seconds,gt_signal,predicted_signal
UBFC_PHYS_s09_T3_test,0,0,0.0,-2.1884477138519287,-0.004307674726744601
UBFC_PHYS_s09_T3_test,0,1,0.03333333333333333,-1.3716157674789429,0.03449583861705203
UBFC_PHYS_s09_T3_test,0,2,0.06666666666666667,-0.6555864810943604,0.07102591914523484
UBFC_PHYS_s09_T3_test,0,3,0.1,-0.18034406006336212,0.1030895037536089
UBFC_PHYS_s09_T3_test,0,4,0.13333333333333333,0.03536383807659149,0.12922246213475308
UBFC_PHYS_s09_T3_test,0,5,0.16666666666666666,0.09610223025083542,0.14922114292661626
UBFC_PHYS_s09_T3_test,0,6,0.2,0.28711387515068054,0.16382119335309964
UBFC_PHYS_s09_T3_test,0,7,0.23333333333333334,0.6895389556884766,0.17354811579375803
UBFC_PHYS_s09_T3_test,0,8,0.26666666666666666,0.9104365110397339,0.17755602633733908
UBFC_PHYS_s09_T3_test,0,9,0.3,0.6945145726203918,0.17385200694588618
UBFC_PHYS_s09_T3_test,0,10,0.3333333333333333,0.3379400372505188,0.16084470900879275
UBFC_PHYS_s09_T3_test,0,11,0.36666666666666664,0.1966387778520584,0.13870600318760776
UBFC_PHYS_s09_T3_test,0,12,0.4,0.38585999608039856,0.10971025055705659
UBFC_PHYS_s09_T3_test,0,13,0.43333333333333335,0.8589032888412476,0.07759755061234343
UBFC_PHYS_s09_T3_test,0,14,0.4666666666666667,1.4195154905319214,0.04635120697152201
UBFC_PHYS_s09_T3_test,0,15,0.5,1.787766695022583,0.0190250144927989
UBFC_PHYS_s09_T3_test,0,16,0.5333333333333333,1.8554333448410034,-0.0028238838900581913
UBFC_PHYS_s09_T3_test,0,17,0.5666666666666667,1.7739946842193604,-0.018746745193906487
UBFC_PHYS_s09_T3_test,0,18,0.6,1.6449604034423828,-0.028576800482956438
UBFC_PHYS_s09_T3_test,0,19,0.6333333333333333,1.4260739088058472,-0.03239877312420432
UBFC_PHYS_s09_T3_test,0,20,0.6666666666666666,1.1007864475250244,-0.03137154699532292
UBFC_PHYS_s09_T3_test,0,21,0.7,0.7152796387672424,-0.028266314321982847
UBFC_PHYS_s09_T3_test,0,22,0.7333333333333333,0.27497008442878723,-0.026958689401648563
UBFC_PHYS_s09_T3_test,0,23,0.7666666666666667,-0.19206619262695312,-0.030713004150448316
UBFC_PHYS_s09_T3_test,0,24,0.8,-0.5981565117835999,-0.040292742947887414
UBFC_PHYS_s09_T3_test,0,25,0.8333333333333334,-0.9631707072257996,-0.05386974593318753
UBFC_PHYS_s09_T3_test,0,26,0.8666666666666667,-1.3314932584762573,-0.06867237416110387
UBFC_PHYS_s09_T3_test,0,27,0.9,-1.5321382284164429,-0.08230422867913012
UBFC_PHYS_s09_T3_test,0,28,0.9333333333333333,-1.3313181400299072,-0.09296983642352576
UBFC_PHYS_s09_T3_test,0,29,0.9666666666666667,-0.7922495007514954,-0.09933456959155963
UBFC_PHYS_s09_T3_test,0,30,1.0,-0.2032109647989273,-0.10046398404942994
UBFC_PHYS_s09_T3_test,0,31,1.0333333333333334,0.26407182216644287,-0.09586633038052282
UBFC_PHYS_s09_T3_test,0,32,1.0666666666666667,0.5850193500518799,-0.08558922513957552
UBFC_PHYS_s09_T3_test,0,33,1.1,0.7235506772994995,-0.0702646109768766
UBFC_PHYS_s09_T3_test,0,34,1.1333333333333333,0.7229019403457642,-0.0510817758597534
UBFC_PHYS_s09_T3_test,0,35,1.1666666666666667,0.7489604949951172,-0.029758130786605316
UBFC_PHYS_s09_T3_test,0,36,1.2,0.9242150783538818,-0.008386486606635586
UBFC_PHYS_s09_T3_test,0,37,1.2333333333333334,1.260277509689331,0.011112442827441555
UBFC_PHYS_s09_T3_test,0,38,1.2666666666666666,1.7213650941848755,0.027660240824533524
UBFC_PHYS_s09_T3_test,0,39,1.3,2.1186654567718506,0.04106164622865142
UBFC_PHYS_s09_T3_test,0,40,1.3333333333333333,2.093599319458008,0.05140109913240267
UBFC_PHYS_s09_T3_test,0,41,1.3666666666666667,1.5766841173171997,0.05852124008506456
UBFC_PHYS_s09_T3_test,0,42,1.4,1.076751947402954,0.06195167151941585
UBFC_PHYS_s09_T3_test,0,43,1.4333333333333333,1.0847179889678955,0.061203648286426035
UBFC_PHYS_s09_T3_test,0,44,1.4666666666666666,1.4553046226501465,0.05624470029851983
UBFC_PHYS_s09_T3_test,0,45,1.5,1.7587695121765137,0.047911787538539696
UBFC_PHYS_s09_T3_test,0,46,1.5333333333333334,1.8023496866226196,0.03807389500092603
UBFC_PHYS_s09_T3_test,0,47,1.5666666666666667,1.572850227355957,0.02944689513859454
UBFC_PHYS_s09_T3_test,0,48,1.6,1.1305232048034668,0.024993880591850065
UBFC_PHYS_s09_T3_test,0,49,1.6333333333333333,0.674586296081543,0.026904462369614
UBFC_PHYS_s09_T3_test,0,50,1.6666666666666667,0.32032763957977295,0.035518819023835586
UBFC_PHYS_s09_T3_test,0,51,1.7,-0.02543294057250023,0.04886511569758393
UBFC_PHYS_s09_T3_test,0,52,1.7333333333333334,-0.43718644976615906,0.06303884151548422
UBFC_PHYS_s09_T3_test,0,53,1.7666666666666666,-0.8616610765457153,0.073161742457327
UBFC_PHYS_s09_T3_test,0,54,1.8,-1.2496395111083984,0.07469024020874122
UBFC_PHYS_s09_T3_test,0,55,1.8333333333333333,-1.5740901231765747,0.06490443057014891
UBFC_PHYS_s09_T3_test,0,56,1.8666666666666667,-1.7285211086273193,0.0440275000429063
UBFC_PHYS_s09_T3_test,0,57,1.9,-1.575809121131897,0.015151700165570008
UBFC_PHYS_s09_T3_test,0,58,1.9333333333333333,-1.1537346839904785,-0.01695466139819024
UBFC_PHYS_s09_T3_test,0,59,1.9666666666666666,-0.7077878713607788,-0.0472073359617444
UBFC_PHYS_s09_T3_test,0,60,2.0,-0.42506861686706543,-0.07134112137744984
UBFC_PHYS_s09_T3_test,0,61,2.033333333333333,-0.3191932141780853,-0.08704840965995501
UBFC_PHYS_s09_T3_test,0,62,2.066666666666667,-0.39614278078079224,-0.0948020398917169
UBFC_PHYS_s09_T3_test,0,63,2.1,-0.655430793762207,-0.09754380500348689
UBFC_PHYS_s09_T3_test,0,64,2.1333333333333333,-0.9246504902839661,-0.09924527584835555
UBFC_PHYS_s09_T3_test,0,65,2.1666666666666665,-0.9725444912910461,-0.10318747644617363
UBFC_PHYS_s09_T3_test,0,66,2.2,-0.7697847485542297,-0.11064265783198136
UBFC_PHYS_s09_T3_test,0,67,2.2333333333333334,-0.5255986452102661,-0.12033990854504964
UBFC_PHYS_s09_T3_test,0,68,2.2666666666666666,-0.4967961013317108,-0.12876251945344402
UBFC_PHYS_s09_T3_test,0,69,2.3,-0.7700377702713013,-0.1310038168695137
UBFC_PHYS_s09_T3_test,0,70,2.3333333333333335,-1.1520415544509888,-0.12198165951242032
UBFC_PHYS_s09_T3_test,0,71,2.3666666666666667,-1.307419776916504,-0.09790943528821319
UBFC_PHYS_s09_T3_test,0,72,2.4,-1.1038167476654053,-0.05767498954389568
UBFC_PHYS_s09_T3_test,0,73,2.433333333333333,-0.7499019503593445,-0.0035742867082690743
UBFC_PHYS_s09_T3_test,0,74,2.466666666666667,-0.4815385043621063,0.05884525127616425
UBFC_PHYS_s09_T3_test,0,75,2.5,-0.3202700614929199,0.12172566857761842
UBFC_PHYS_s09_T3_test,0,76,2.533333333333333,-0.21709328889846802,0.17641955954350486
UBFC_PHYS_s09_T3_test,0,77,2.566666666666667,-0.17301367223262787,0.21531221257373653
UBFC_PHYS_s09_T3_test,0,78,2.6,-0.15646517276763916,0.23346177806069765
UBFC_PHYS_s09_T3_test,0,79,2.6333333333333333,-0.08125413954257965,0.22944213974999922
UBFC_PHYS_s09_T3_test,0,80,2.6666666666666665,0.08400385081768036,0.20528945732136644
UBFC_PHYS_s09_T3_test,0,81,2.7,0.2658233344554901,0.16596221154440063
UBFC_PHYS_s09_T3_test,0,82,2.7333333333333334,0.3531132638454437,0.11851341839766545
UBFC_PHYS_s09_T3_test,0,83,2.7666666666666666,0.2752295732498169,0.07092293634387423
UBFC_PHYS_s09_T3_test,0,84,2.8,0.1089271605014801,0.030557688259564182
UBFC_PHYS_s09_T3_test,0,85,2.8333333333333335,0.12626709043979645,0.002314159940180983
UBFC_PHYS_s09_T3_test,0,86,2.8666666666666667,0.5489253401756287,-0.01278926875976897
UBFC_PHYS_s09_T3_test,0,87,2.9,1.2503652572631836,-0.01725336328920184
UBFC_PHYS_s09_T3_test,0,88,2.933333333333333,1.8739863634109497,-0.015305107912426008
UBFC_PHYS_s09_T3_test,0,89,2.966666666666667,2.1932926177978516,-0.0115624348157213
UBFC_PHYS_s09_T3_test,0,90,3.0,2.1927542686462402,-0.010544447719200097
UBFC_PHYS_s09_T3_test,0,91,3.033333333333333,1.9248318672180176,-0.015849594117858475
UBFC_PHYS_s09_T3_test,0,92,3.066666666666667,1.5192216634750366,-0.02902694450849338
UBFC_PHYS_s09_T3_test,0,93,3.1,1.1449049711227417,-0.04939900437195996
UBFC_PHYS_s09_T3_test,0,94,3.1333333333333333,0.8660779595375061,-0.07487197334342904
UBFC_PHYS_s09_T3_test,0,95,3.1666666666666665,0.6191543340682983,-0.1025415144701008
UBFC_PHYS_s09_T3_test,0,96,3.2,0.4028301537036896,-0.1287999932267771
UBFC_PHYS_s09_T3_test,0,97,3.2333333333333334,0.29727908968925476,-0.14961643385315077
UBFC_PHYS_s09_T3_test,0,98,3.2666666666666666,0.25492504239082336,-0.16122582503127755
UBFC_PHYS_s09_T3_test,0,99,3.3,0.13903363049030304,-0.16093956943120621
UBFC_PHYS_s09_T3_test,0,100,3.3333333333333335,0.007099693175405264,-0.14785354532554174
UBFC_PHYS_s09_T3_test,0,101,3.3666666666666667,0.043680254369974136,-0.12332988986924684
UBFC_PHYS_s09_T3_test,0,102,3.4,0.26364368200302124,-0.09107360719602818
UBFC_PHYS_s09_T3_test,0,103,3.433333333333333,0.47886502742767334,-0.05660409046438247
UBFC_PHYS_s09_T3_test,0,104,3.466666666666667,0.5373653769493103,-0.026108391626076356
UBFC_PHYS_s09_T3_test,0,105,3.5,0.4516582787036896,-0.0048786620467631304
UBFC_PHYS_s09_T3_test,0,106,3.533333333333333,0.2836886942386627,0.0042996427617296865
UBFC_PHYS_s09_T3_test,0,107,3.566666666666667,0.03504597023129463,0.00232144272545163
UBFC_PHYS_s09_T3_test,0,108,3.6,-0.3068613111972809,-0.006094320964347143
UBFC_PHYS_s09_T3_test,0,109,3.6333333333333333,-0.6921929717063904,-0.013851461545670244
UBFC_PHYS_s09_T3_test,0,110,3.6666666666666665,-1.0274574756622314,-0.014050640193745205
UBFC_PHYS_s09_T3_test,0,111,3.7,-1.2630871534347534,-0.002285480668171298
UBFC_PHYS_s09_T3_test,0,112,3.7333333333333334,-1.444400668144226,0.022127550063806057
UBFC_PHYS_s09_T3_test,0,113,3.7666666666666666,-1.660238265991211,0.05601113838383737
UBFC_PHYS_s09_T3_test,0,114,3.8,-1.9521108865737915,0.09323994509432451
UBFC_PHYS_s09_T3_test,0,115,3.8333333333333335,-2.2233805656433105,0.12661659863914437
UBFC_PHYS_s09_T3_test,0,116,3.8666666666666667,-2.2578980922698975,0.15006151054144595
UBFC_PHYS_s09_T3_test,0,117,3.9,-1.9507291316986084,0.16002602639247535
UBFC_PHYS_s09_T3_test,0,118,3.933333333333333,-1.4423701763153076,0.15585158847921105
UBFC_PHYS_s09_T3_test,0,119,3.966666666666667,-0.9007391929626465,0.1396325923348875
UBFC_PHYS_s09_T3_test,0,120,4.0,-0.38011324405670166,0.11576545909672312
UBFC_PHYS_s09_T3_test,0,121,4.033333333333333,0.027196621522307396,0.08993853756763069
UBFC_PHYS_s09_T3_test,0,122,4.066666666666666,0.226492241024971,0.06765781610003069
UBFC_PHYS_s09_T3_test,0,123,4.1,0.28094467520713806,0.052762757632463325
UBFC_PHYS_s09_T3_test,0,124,4.133333333333334,0.30414891242980957,0.046328630853272525
UBFC_PHYS_s09_T3_test,0,125,4.166666666666667,0.30443432927131653,0.0462366961864576
UBFC_PHYS_s09_T3_test,0,126,4.2,0.2637799084186554,0.047842809489590264
UBFC_PHYS_s09_T3_test,0,127,4.233333333333333,0.2116822749376297,0.046201997870772296
UBFC_PHYS_s09_T3_test,0,128,4.266666666666667,0.12782397866249084,0.03871884976534543
UBFC_PHYS_s09_T3_test,0,129,4.3,-0.07500060647726059,0.025767049000672063
UBFC_PHYS_s09_T3_test,0,130,4.333333333333333,-0.3585437536239624,0.009255303515036829
UBFC_PHYS_s09_T3_test,0,131,4.366666666666666,-0.4921708106994629,-0.00847253502184776
UBFC_PHYS_s09_T3_test,0,132,4.4,-0.2902219891548157,-0.024803616900542436
UBFC_PHYS_s09_T3_test,0,133,4.433333333333334,0.14094731211662292,-0.03741871981761347
UBFC_PHYS_s09_T3_test,0,134,4.466666666666667,0.5264995694160461,-0.045552315705201414
UBFC_PHYS_s09_T3_test,0,135,4.5,0.7244069576263428,-0.05109105799160867
UBFC_PHYS_s09_T3_test,0,136,4.533333333333333,0.7562389969825745,-0.058561286572816826
UBFC_PHYS_s09_T3_test,0,137,4.566666666666666,0.6664125919342041,-0.07322356577800616
UBFC_PHYS_s09_T3_test,0,138,4.6,0.49966904520988464,-0.09833367384836575
UBFC_PHYS_s09_T3_test,0,139,4.633333333333334,0.3435448408126831,-0.13421462357067881
UBFC_PHYS_s09_T3_test,0,140,4.666666666666667,0.24138006567955017,-0.17917778714888905
UBFC_PHYS_s09_T3_test,0,141,4.7,0.1458839774131775,-0.22975920324046206
UBFC_PHYS_s09_T3_test,0,142,4.733333333333333,0.023784425109624863,-0.2798887423891184
UBFC_PHYS_s09_T3_test,0,143,4.766666666666667,-0.09749126434326172,-0.32087921028437716
UBFC_PHYS_s09_T3_test,0,144,4.8,-0.24386540055274963,-0.34287385162705736
UBFC_PHYS_s09_T3_test,0,145,4.833333333333333,-0.4635693430900574,-0.33693732620249595
UBFC_PHYS_s09_T3_test,0,146,4.866666666666666,-0.6286975741386414,-0.29728798351687047
UBFC_PHYS_s09_T3_test,0,147,4.9,-0.527492880821228,-0.22354784226122698
UBFC_PHYS_s09_T3_test,0,148,4.933333333333334,-0.17070429027080536,-0.1221361620610017
UBFC_PHYS_s09_T3_test,0,149,4.966666666666667,0.21505555510520935,-0.005357569832749997
UBFC_PHYS_s09_T3_test,0,150,5.0,0.4398842751979828,0.11160241842123303
UBFC_PHYS_s09_T3_test,0,151,5.033333333333333,0.4431602358818054,0.21392855530679744
UBFC_PHYS_s09_T3_test,0,152,5.066666666666666,0.3012816309928894,0.2897397825243687
UBFC_PHYS_s09_T3_test,0,153,5.1,0.15800829231739044,0.33209554882643644
UBFC_PHYS_s09_T3_test,0,154,5.133333333333334,0.09700392931699753,0.34028173124134
UBFC_PHYS_s09_T3_test,0,155,5.166666666666667,0.09353984147310257,0.3198783143366123
UBFC_PHYS_s09_T3_test,0,156,5.2,0.11315023899078369,0.2813603894065778
UBFC_PHYS_s09_T3_test,0,157,5.233333333333333,0.1549074798822403,0.23731337626380763
UBFC_PHYS_s09_T3_test,0,158,5.266666666666667,0.20719970762729645,0.1989488333441808
UBFC_PHYS_s09_T3_test,0,159,5.3,0.21458199620246887,0.17312343830882201
UBFC_PHYS_s09_T3_test,0,160,5.333333333333333,0.09736721217632294,0.1607081820387603
UBFC_PHYS_s09_T3_test,0,161,5.366666666666666,-0.1382495015859604,0.15666665394371648
UBFC_PHYS_s09_T3_test,0,162,5.4,-0.30195707082748413,0.1518004927987111
UBFC_PHYS_s09_T3_test,0,163,5.433333333333334,-0.20994454622268677,0.13572806810694205
UBFC_PHYS_s09_T3_test,0,164,5.466666666666667,0.037465646862983704,0.10047867308719419
UBFC_PHYS_s09_T3_test,0,165,5.5,0.19107286632061005,0.043953343472428595
UBFC_PHYS_s09_T3_test,0,166,5.533333333333333,0.18228289484977722,-0.02821378475193266
UBFC_PHYS_s09_T3_test,0,167,5.566666666666666,0.10003339499235153,-0.10426726179066369
UBFC_PHYS_s09_T3_test,0,168,5.6,-0.022260764613747597,-0.17065862292693595
UBFC_PHYS_s09_T3_test,0,169,5.633333333333334,-0.16026011109352112,-0.21587486225349847
UBFC_PHYS_s09_T3_test,0,170,5.666666666666667,-0.25676169991493225,-0.23240430652454458
UBFC_PHYS_s09_T3_test,0,171,5.7,-0.2779419720172882,-0.2175915182157463
UBFC_PHYS_s09_T3_test,0,172,5.733333333333333,-0.22688226401805878,-0.17383659336587637
UBFC_PHYS_s09_T3_test,0,173,5.766666666666667,-0.14867420494556427,-0.10810709975970577
UBFC_PHYS_s09_T3_test,0,174,5.8,-0.11738709360361099,-0.030818053690569034
UBFC_PHYS_s09_T3_test,0,175,5.833333333333333,-0.16850516200065613,0.04577187293214069
UBFC_PHYS_s09_T3_test,0,176,5.866666666666666,-0.29035821557044983,0.1095628620072897
UBFC_PHYS_s09_T3_test,0,177,5.9,-0.3896881639957428,0.15094670041206829
UBFC_PHYS_s09_T3_test,0,178,5.933333333333334,-0.28085464239120483,0.16477890538113021
UBFC_PHYS_s09_T3_test,0,179,5.966666666666667,0.08809070289134979,0.15079579560819295
UBFC_PHYS_s09_T3_test,0,180,6.0,0.47929319739341736,0.11252393033597205
UBFC_PHYS_s09_T3_test,0,181,6.033333333333333,0.6463740468025208,0.055939830674104685
UBFC_PHYS_s09_T3_test,0,182,6.066666666666666,0.6281388998031616,-0.011465887386516382
UBFC_PHYS_s09_T3_test,0,183,6.1,0.5153742432594299,-0.08131889104116044
UBFC_PHYS_s09_T3_test,0,184,6.133333333333334,0.30654263496398926,-0.144950781640735
UBFC_PHYS_s09_T3_test,0,185,6.166666666666667,0.055849988013505936,-0.19426530939214048
UBFC_PHYS_s09_T3_test,0,186,6.2,-0.12347844988107681,-0.22293079708880081
UBFC_PHYS_s09_T3_test,0,187,6.233333333333333,-0.23969422280788422,-0.22762843337751154
UBFC_PHYS_s09_T3_test,0,188,6.266666666666667,-0.3762599229812622,-0.20885172299699714
UBFC_PHYS_s09_T3_test,0,189,6.3,-0.5268312096595764,-0.17062672319077485
UBFC_PHYS_s09_T3_test,0,190,6.333333333333333,-0.6719014644622803,-0.11924308356053964
UBFC_PHYS_s09_T3_test,0,191,6.366666666666666,-0.8352392911911011,-0.06179112296286904
UBFC_PHYS_s09_T3_test,0,192,6.4,-0.9123380184173584,-0.005035002537417784
UBFC_PHYS_s09_T3_test,0,193,6.433333333333334,-0.7158513069152832,0.0452180359174011
UBFC_PHYS_s09_T3_test,0,194,6.466666666666667,-0.3229881525039673,0.08446554367222173
UBFC_PHYS_s09_T3_test,0,195,6.5,-0.05705738440155983,0.11006367726164129
UBFC_PHYS_s09_T3_test,0,196,6.533333333333333,-0.0238500963896513,0.12178873993702988
UBFC_PHYS_s09_T3_test,0,197,6.566666666666666,-0.002741185249760747,0.12156320598307266
UBFC_PHYS_s09_T3_test,0,198,6.6,0.09978039562702179,0.11239451063468643
UBFC_PHYS_s09_T3_test,0,199,6.633333333333334,0.1565616875886917,0.09746571108528543
UBFC_PHYS_s09_T3_test,0,200,6.666666666666667,0.10554090887308121,0.07974761539042337
UBFC_PHYS_s09_T3_test,0,201,6.7,0.08349137753248215,0.061854571268873525
UBFC_PHYS_s09_T3_test,0,202,6.733333333333333,0.22812050580978394,0.045878890173983895
UBFC_PHYS_s09_T3_test,0,203,6.766666666666667,0.44589129090309143,0.03304425624350012
UBFC_PHYS_s09_T3_test,0,204,6.8,0.5151990652084351,0.0233706603909761
UBFC_PHYS_s09_T3_test,0,205,6.833333333333333,0.3861713707447052,0.015847057261697307
UBFC_PHYS_s09_T3_test,0,206,6.866666666666666,0.15051573514938354,0.009078195051434439
UBFC_PHYS_s09_T3_test,0,207,6.9,-0.09376119822263718,0.00184394482022739
UBFC_PHYS_s09_T3_test,0,208,6.933333333333334,-0.18904970586299896,-0.006646158135006328
UBFC_PHYS_s09_T3_test,0,209,6.966666666666667,0.006399089936167002,-0.01663222800757284
UBFC_PHYS_s09_T3_test,0,210,7.0,0.36690476536750793,-0.027718419335195536
UBFC_PHYS_s09_T3_test,0,211,7.033333333333333,0.6195954084396362,-0.038834399685438954
UBFC_PHYS_s09_T3_test,0,212,7.066666666666666,0.7554086446762085,-0.04834205649241585
UBFC_PHYS_s09_T3_test,0,213,7.1,0.9181820750236511,-0.054441146553506035
UBFC_PHYS_s09_T3_test,0,214,7.133333333333334,1.0927295684814453,-0.05570336417678165
UBFC_PHYS_s09_T3_test,0,215,7.166666666666667,1.1865779161453247,-0.05127689372156731
UBFC_PHYS_s09_T3_test,0,216,7.2,1.217456340789795,-0.040831223899026534
UBFC_PHYS_s09_T3_test,0,217,7.233333333333333,1.219376564025879,-0.024806735104122627
UBFC_PHYS_s09_T3_test,0,218,7.266666666666667,1.1466500759124756,-0.004844241887094283
UBFC_PHYS_s09_T3_test,0,219,7.3,1.0063996315002441,0.016391247203287294
UBFC_PHYS_s09_T3_test,0,220,7.333333333333333,0.8890811204910278,0.03595639318459852
UBFC_PHYS_s09_T3_test,0,221,7.366666666666666,0.7904128432273865,0.05109165177513487
UBFC_PHYS_s09_T3_test,0,222,7.4,0.6035140156745911,0.059326606772275914
UBFC_PHYS_s09_T3_test,0,223,7.433333333333334,0.33744052052497864,0.05893859425323911
UBFC_PHYS_s09_T3_test,0,224,7.466666666666667,0.15861807763576508,0.0496971506905315
UBFC_PHYS_s09_T3_test,0,225,7.5,0.15244239568710327,0.03304962725693274
UBFC_PHYS_s09_T3_test,0,226,7.533333333333333,0.2258305698633194,0.011582831471234865
UBFC_PHYS_s09_T3_test,0,227,7.566666666666666,0.272388219833374,-0.01167941682438489
UBFC_PHYS_s09_T3_test,0,228,7.6,0.2579610049724579,-0.033818767136577936
UBFC_PHYS_s09_T3_test,0,229,7.633333333333334,0.20393672585487366,-0.0523897335861884
UBFC_PHYS_s09_T3_test,0,230,7.666666666666667,0.2047605812549591,-0.06564905823469223
UBFC_PHYS_s09_T3_test,0,231,7.7,0.2987906038761139,-0.07270723355760388
UBFC_PHYS_s09_T3_test,0,232,7.733333333333333,0.3419620096683502,-0.07355018219141256
UBFC_PHYS_s09_T3_test,0,233,7.766666666666667,0.18181583285331726,-0.06877856105470108
UBFC_PHYS_s09_T3_test,0,234,7.8,-0.15210586786270142,-0.05920930945901033
UBFC_PHYS_s09_T3_test,0,235,7.833333333333333,-0.5732980370521545,-0.045747399300098926
UBFC_PHYS_s09_T3_test,0,236,7.866666666666666,-1.0307788848876953,-0.029460561625175512
UBFC_PHYS_s09_T3_test,0,237,7.9,-1.4579715728759766,-0.01134344735045356
UBFC_PHYS_s09_T3_test,0,238,7.933333333333334,-1.801721215248108,0.008068265627574045
UBFC_PHYS_s09_T3_test,0,239,7.966666666666667,-2.047600507736206,0.02844142892231981
UBFC_PHYS_s09_T3_test,0,240,8.0,-2.1762843132019043,0.04886216681588402
UBFC_PHYS_s09_T3_test,0,241,8.033333333333333,-2.1488375663757324,0.06752571219066728
UBFC_PHYS_s09_T3_test,0,242,8.066666666666666,-1.930067777633667,0.0821980022588941
UBFC_PHYS_s09_T3_test,0,243,8.1,-1.510925531387329,0.09096471535301075
UBFC_PHYS_s09_T3_test,0,244,8.133333333333333,-0.9863229990005493,0.09281920590576215
UBFC_PHYS_s09_T3_test,0,245,8.166666666666666,-0.5113141536712646,0.08778824659895455
UBFC_PHYS_s09_T3_test,0,246,8.2,-0.17621828615665436,0.07675445416014862
UBFC_PHYS_s09_T3_test,0,247,8.233333333333333,0.005270340479910374,0.06153465323427625
UBFC_PHYS_s09_T3_test,0,248,8.266666666666667,0.05042031779885292,0.0450424534283969
UBFC_PHYS_s09_T3_test,0,249,8.3,0.009402601048350334,0.03068419575980572
UBFC_PHYS_s09_T3_test,0,250,8.333333333333334,-0.07700511068105698,0.021127582478063397
UBFC_PHYS_s09_T3_test,0,251,8.366666666666667,-0.21841664612293243,0.01755540856332622
UBFC_PHYS_s09_T3_test,0,252,8.4,-0.44925886392593384,0.019684342792049496
UBFC_PHYS_s09_T3_test,0,253,8.433333333333334,-0.7440700531005859,0.025940452010536935
UBFC_PHYS_s09_T3_test,0,254,8.466666666666667,-0.9137651920318604,0.03359795787130151
UBFC_PHYS_s09_T3_test,0,255,8.5,-0.7250629663467407,0.03915851968353935
UBFC_PHYS_s09_T3_test,0,256,8.533333333333333,-0.2178393006324768,0.038987033764539936
UBFC_PHYS_s09_T3_test,0,257,8.566666666666666,0.2953200042247772,0.029936392327906975
UBFC_PHYS_s09_T3_test,0,258,8.6,0.6408405900001526,0.009972816778586602
UBFC_PHYS_s09_T3_test,0,259,8.633333333333333,0.8216739892959595,-0.02094079457689706
UBFC_PHYS_s09_T3_test,0,260,8.666666666666666,0.8476936221122742,-0.06005305009006042
UBFC_PHYS_s09_T3_test,0,261,8.7,0.7506795525550842,-0.10200943025711791
UBFC_PHYS_s09_T3_test,0,262,8.733333333333333,0.6277301907539368,-0.14003864544063022
UBFC_PHYS_s09_T3_test,0,263,8.766666666666667,0.5263049602508545,-0.1672875552933456
UBFC_PHYS_s09_T3_test,0,264,8.8,0.40635260939598083,-0.17801913305721934
UBFC_PHYS_s09_T3_test,0,265,8.833333333333334,0.26307928562164307,-0.16898533003703872
UBFC_PHYS_s09_T3_test,0,266,8.866666666666667,0.1386573761701584,-0.14071433675692696
UBFC_PHYS_s09_T3_test,0,267,8.9,0.015552339144051075,-0.09789743256840704
UBFC_PHYS_s09_T3_test,0,268,8.933333333333334,-0.18592293560504913,-0.048529275133609814
UBFC_PHYS_s09_T3_test,0,269,8.966666666666667,-0.4621940851211548,-0.002017765423901364
UBFC_PHYS_s09_T3_test,0,270,9.0,-0.6334007382392883,0.03313677215133938
UBFC_PHYS_s09_T3_test,0,271,9.033333333333333,-0.4909188151359558,0.05121641989980653
UBFC_PHYS_s09_T3_test,0,272,9.066666666666666,-0.10247981548309326,0.050260899326148
UBFC_PHYS_s09_T3_test,0,273,9.1,0.2784925699234009,0.0321716065293225
UBFC_PHYS_s09_T3_test,0,274,9.133333333333333,0.5074599981307983,0.0020738392244456913
UBFC_PHYS_s09_T3_test,0,275,9.166666666666666,0.6036826372146606,-0.03287897498852167
UBFC_PHYS_s09_T3_test,0,276,9.2,0.5916231870651245,-0.06491577077677851
UBFC_PHYS_s09_T3_test,0,277,9.233333333333333,0.4949529767036438,-0.0868260955189854
UBFC_PHYS_s09_T3_test,0,278,9.266666666666667,0.3954543471336365,-0.09291245433922225
UBFC_PHYS_s09_T3_test,0,279,9.3,0.3290722072124481,-0.08011970419275115
UBFC_PHYS_s09_T3_test,0,280,9.333333333333334,0.24280720949172974,-0.04916290047926302
UBFC_PHYS_s09_T3_test,0,281,9.366666666666667,0.13006851077079773,-0.004898404961174788
UBFC_PHYS_s09_T3_test,0,282,9.4,0.04713786020874977,0.04450263678482095
UBFC_PHYS_s09_T3_test,0,283,9.433333333333334,-0.01480063982307911,0.08957855813591502
UBFC_PHYS_s09_T3_test,0,284,9.466666666666667,-0.14122705161571503,0.12223398301681733
UBFC_PHYS_s09_T3_test,0,285,9.5,-0.3643496632575989,0.13798594967545952
UBFC_PHYS_s09_T3_test,0,286,9.533333333333333,-0.5710859894752502,0.13707483549350646
UBFC_PHYS_s09_T3_test,0,287,9.566666666666666,-0.5677840709686279,0.12416217307877345
UBFC_PHYS_s09_T3_test,0,288,9.6,-0.2914285659790039,0.10669331761181554
UBFC_PHYS_s09_T3_test,0,289,9.633333333333333,0.09670552611351013,0.09234911228240127
UBFC_PHYS_s09_T3_test,0,290,9.666666666666666,0.4030701816082001,0.08645207805683759
UBFC_PHYS_s09_T3_test,0,291,9.7,0.5829629898071289,0.09047631245809486
UBFC_PHYS_s09_T3_test,0,292,9.733333333333333,0.6423001885414124,0.10201190999739891
UBFC_PHYS_s09_T3_test,0,293,9.766666666666667,0.5632293224334717,0.1156949715539887
UBFC_PHYS_s09_T3_test,0,294,9.8,0.41871047019958496,0.12474771349637263
UBFC_PHYS_s09_T3_test,0,295,9.833333333333334,0.3114403784275055,0.12297697994605279
UBFC_PHYS_s09_T3_test,0,296,9.866666666666667,0.22287246584892273,0.10668759551526694
UBFC_PHYS_s09_T3_test,0,297,9.9,0.09869056940078735,0.07565486606120755
UBFC_PHYS_s09_T3_test,0,298,9.933333333333334,-0.0205676406621933,0.03293130907701495
UBFC_PHYS_s09_T3_test,0,299,9.966666666666667,-0.08650866150856018,-0.01607988218074762
UBFC_PHYS_s09_T3_test,1,0,10.0,-0.1620505452156067,-0.10639978061874805
UBFC_PHYS_s09_T3_test,1,1,10.033333333333333,-0.35067492723464966,-0.162178842942861
UBFC_PHYS_s09_T3_test,1,2,10.066666666666666,-0.6265373826026917,-0.20080649244849424
UBFC_PHYS_s09_T3_test,1,3,10.1,-0.8116652965545654,-0.20996440215637005
UBFC_PHYS_s09_T3_test,1,4,10.133333333333333,-0.7222864627838135,-0.18388317763456127
UBFC_PHYS_s09_T3_test,1,5,10.166666666666666,-0.38316217064857483,-0.1250139796094023
UBFC_PHYS_s09_T3_test,1,6,10.2,-0.010506202466785908,-0.04334104003088242
UBFC_PHYS_s09_T3_test,1,7,10.233333333333333,0.24101029336452484,0.047131908852355194
UBFC_PHYS_s09_T3_test,1,8,10.266666666666667,0.36375856399536133,0.1332855155174714
UBFC_PHYS_s09_T3_test,1,9,10.3,0.36373260617256165,0.20613767817399006
UBFC_PHYS_s09_T3_test,1,10,10.333333333333334,0.25750041007995605,0.26152093150763145
UBFC_PHYS_s09_T3_test,1,11,10.366666666666667,0.14265340566635132,0.29952153647839813
UBFC_PHYS_s09_T3_test,1,12,10.4,0.0902833342552185,0.323311422298833
UBFC_PHYS_s09_T3_test,1,13,10.433333333333334,0.04342725872993469,0.3371233465831726
UBFC_PHYS_s09_T3_test,1,14,10.466666666666667,-0.06765724718570709,0.34388656969197057
UBFC_PHYS_s09_T3_test,1,15,10.5,-0.2023352086544037,0.34374374091111737
UBFC_PHYS_s09_T3_test,1,16,10.533333333333333,-0.30246955156326294,0.3342783114660273
UBFC_PHYS_s09_T3_test,1,17,10.566666666666666,-0.426314115524292,0.312690254901746
UBFC_PHYS_s09_T3_test,1,18,10.6,-0.6624951958656311,0.2785579834043556
UBFC_PHYS_s09_T3_test,1,19,10.633333333333333,-0.9770400524139404,0.23456230434869982
UBFC_PHYS_s09_T3_test,1,20,10.666666666666666,-1.1858067512512207,0.18492129526398116
UBFC_PHYS_s09_T3_test,1,21,10.7,-1.115006923675537,0.13370195352097486
UBFC_PHYS_s09_T3_test,1,22,10.733333333333333,-0.8064626455307007,0.08399773369018432
UBFC_PHYS_s09_T3_test,1,23,10.766666666666667,-0.47755545377731323,0.03754199232793133
UBFC_PHYS_s09_T3_test,1,24,10.8,-0.2555226683616638,-0.005489153180171243
UBFC_PHYS_s09_T3_test,1,25,10.833333333333334,-0.10966748744249344,-0.04644536503838121
UBFC_PHYS_s09_T3_test,1,26,10.866666666666667,-0.028572680428624153,-0.08781551087286125
UBFC_PHYS_s09_T3_test,1,27,10.9,-0.020703868940472603,-0.13231519838300723
UBFC_PHYS_s09_T3_test,1,28,10.933333333333334,-0.020937403663992882,-0.18184232156366129
UBFC_PHYS_s09_T3_test,1,29,10.966666666666667,0.021183112636208534,-0.23717249225520692
UBFC_PHYS_s09_T3_test,1,30,11.0,0.042486634105443954,-0.298169186621186
UBFC_PHYS_s09_T3_test,1,31,11.033333333333333,-0.02183910645544529,-0.3632746875334116
UBFC_PHYS_s09_T3_test,1,32,11.066666666666666,-0.12576837837696075,-0.42838489920857453
UBFC_PHYS_s09_T3_test,1,33,11.1,-0.23898065090179443,-0.48654126611987536
UBFC_PHYS_s09_T3_test,1,34,11.133333333333333,-0.4241863787174225,-0.5289836336845712
UBFC_PHYS_s09_T3_test,1,35,11.166666666666666,-0.7376478314399719,-0.5470584969847231
UBFC_PHYS_s09_T3_test,1,36,11.2,-1.1056265830993652,-0.5343079511709058
UBFC_PHYS_s09_T3_test,1,37,11.233333333333333,-1.3154183626174927,-0.48802756474938086
UBFC_PHYS_s09_T3_test,1,38,11.266666666666667,-1.1644319295883179,-0.40990983791862956
UBFC_PHYS_s09_T3_test,1,39,11.3,-0.6835522055625916,-0.3057690980866923
UBFC_PHYS_s09_T3_test,1,40,11.333333333333334,-0.1083052009344101,-0.18450724720348027
UBFC_PHYS_s09_T3_test,1,41,11.366666666666667,0.36322662234306335,-0.05660399967766483
UBFC_PHYS_s09_T3_test,1,42,11.4,0.6738078594207764,0.06752691313531593
UBFC_PHYS_s09_T3_test,1,43,11.433333333333334,0.8494516015052795,0.1789571726063103
UBFC_PHYS_s09_T3_test,1,44,11.466666666666667,0.949268102645874,0.2713610027904466
UBFC_PHYS_s09_T3_test,1,45,11.5,1.0398730039596558,0.34199167665926095
UBFC_PHYS_s09_T3_test,1,46,11.533333333333333,1.13120436668396,0.39204820905400434
UBFC_PHYS_s09_T3_test,1,47,11.566666666666666,1.1635812520980835,0.42544217473364665
UBFC_PHYS_s09_T3_test,1,48,11.6,1.1245875358581543,0.4464927161912704
UBFC_PHYS_s09_T3_test,1,49,11.633333333333333,1.1031413078308105,0.4584843680832535
UBFC_PHYS_s09_T3_test,1,50,11.666666666666666,1.1561859846115112,0.46346735398501565
UBFC_PHYS_s09_T3_test,1,51,11.7,1.198111891746521,0.46207105063508835
UBFC_PHYS_s09_T3_test,1,52,11.733333333333333,1.1092326641082764,0.45291372085515846
UBFC_PHYS_s09_T3_test,1,53,11.766666666666667,0.9299107193946838,0.4321515218021893
UBFC_PHYS_s09_T3_test,1,54,11.8,0.8869857788085938,0.39397693407357015
UBFC_PHYS_s09_T3_test,1,55,11.833333333333334,1.142855167388916,0.33289899451564553
UBFC_PHYS_s09_T3_test,1,56,11.866666666666667,1.5888798236846924,0.24695440256703707
UBFC_PHYS_s09_T3_test,1,57,11.9,1.924851417541504,0.13948192080005997
UBFC_PHYS_s09_T3_test,1,58,11.933333333333334,1.9137845039367676,0.01855238863572291
UBFC_PHYS_s09_T3_test,1,59,11.966666666666667,1.5267661809921265,-0.10518406097119243
UBFC_PHYS_s09_T3_test,1,60,12.0,0.9289441108703613,-0.22116172553248323
UBFC_PHYS_s09_T3_test,1,61,12.033333333333333,0.3845820426940918,-0.3209402871354841
UBFC_PHYS_s09_T3_test,1,62,12.066666666666666,0.07250877469778061,-0.3990695099104643
UBFC_PHYS_s09_T3_test,1,63,12.1,-0.023759277537465096,-0.45288839959406313
UBFC_PHYS_s09_T3_test,1,64,12.133333333333333,-0.056168656796216965,-0.4816971476385867
UBFC_PHYS_s09_T3_test,1,65,12.166666666666666,-0.18251723051071167,-0.48593862044992175
UBFC_PHYS_s09_T3_test,1,66,12.2,-0.4604296088218689,-0.4666442017714338
UBFC_PHYS_s09_T3_test,1,67,12.233333333333333,-0.8251778483390808,-0.42497832473267505
UBFC_PHYS_s09_T3_test,1,68,12.266666666666667,-1.1819404363632202,-0.3619526950361502
UBFC_PHYS_s09_T3_test,1,69,12.3,-1.522290825843811,-0.2786184644525543
UBFC_PHYS_s09_T3_test,1,70,12.333333333333334,-1.891988754272461,-0.17682158896493888
UBFC_PHYS_s09_T3_test,1,71,12.366666666666667,-2.22371768951416,-0.060342821758646206
UBFC_PHYS_s09_T3_test,1,72,12.4,-2.304630994796753,0.06415902674485087
UBFC_PHYS_s09_T3_test,1,73,12.433333333333334,-1.9992977380752563,0.18725578718665142
UBFC_PHYS_s09_T3_test,1,74,12.466666666666667,-1.4265093803405762,0.2979125232946588
UBFC_PHYS_s09_T3_test,1,75,12.5,-0.8070918917655945,0.3848550907235939
UBFC_PHYS_s09_T3_test,1,76,12.533333333333333,-0.2659214437007904,0.43812244564941694
UBFC_PHYS_s09_T3_test,1,77,12.566666666666666,0.12366577237844467,0.4515564690568061
UBFC_PHYS_s09_T3_test,1,78,12.6,0.28456446528434753,0.42529344035209093
UBFC_PHYS_s09_T3_test,1,79,12.633333333333333,0.2459729015827179,0.3658199805911766
UBFC_PHYS_s09_T3_test,1,80,12.666666666666666,0.1529289186000824,0.28349003389378696
UBFC_PHYS_s09_T3_test,1,81,12.7,0.11976704746484756,0.189764041971297
UBFC_PHYS_s09_T3_test,1,82,12.733333333333333,0.1397731602191925,0.09531214278757363
UBFC_PHYS_s09_T3_test,1,83,12.766666666666667,0.1373729407787323,0.00876069170644959
UBFC_PHYS_s09_T3_test,1,84,12.8,0.050037577748298645,-0.06405624088002597
UBFC_PHYS_s09_T3_test,1,85,12.833333333333334,-0.1344480812549591,-0.12029419151555854
UBFC_PHYS_s09_T3_test,1,86,12.866666666666667,-0.32381200790405273,-0.15979623004673016
UBFC_PHYS_s09_T3_test,1,87,12.9,-0.32774317264556885,-0.18442100751183713
UBFC_PHYS_s09_T3_test,1,88,12.933333333333334,-0.07721269875764847,-0.1972691386358448
UBFC_PHYS_s09_T3_test,1,89,12.966666666666667,0.24898938834667206,-0.20216166530041227
UBFC_PHYS_s09_T3_test,1,90,13.0,0.4522421360015869,-0.20334274149020248
UBFC_PHYS_s09_T3_test,1,91,13.033333333333333,0.5106062293052673,-0.2050295673911711
UBFC_PHYS_s09_T3_test,1,92,13.066666666666666,0.4789493680000305,-0.21060899575695166
UBFC_PHYS_s09_T3_test,1,93,13.1,0.3764602243900299,-0.22154182760992633
UBFC_PHYS_s09_T3_test,1,94,13.133333333333333,0.24064701795578003,-0.23646750141546768
UBFC_PHYS_s09_T3_test,1,95,13.166666666666666,0.10706537216901779,-0.25132407116850575
UBFC_PHYS_s09_T3_test,1,96,13.2,-0.028624575585126877,-0.2602758952060829
UBFC_PHYS_s09_T3_test,1,97,13.233333333333333,-0.16146670281887054,-0.2562848391393208
UBFC_PHYS_s09_T3_test,1,98,13.266666666666667,-0.27105268836021423,-0.23151538534720537
UBFC_PHYS_s09_T3_test,1,99,13.3,-0.3825264275074005,-0.1790323168207902
UBFC_PHYS_s09_T3_test,1,100,13.333333333333334,-0.523574709892273,-0.09573428018824774
UBFC_PHYS_s09_T3_test,1,101,13.366666666666667,-0.6358788013458252,0.015113194794009258
UBFC_PHYS_s09_T3_test,1,102,13.4,-0.6112344264984131,0.1430266902987206
UBFC_PHYS_s09_T3_test,1,103,13.433333333333334,-0.42060551047325134,0.2717693308197344
UBFC_PHYS_s09_T3_test,1,104,13.466666666666667,-0.16373717784881592,0.3827483290430304
UBFC_PHYS_s09_T3_test,1,105,13.5,0.050076503306627274,0.4590083253601293
UBFC_PHYS_s09_T3_test,1,106,13.533333333333333,0.21822123229503632,0.4889919576313183
UBFC_PHYS_s09_T3_test,1,107,13.566666666666666,0.3590489327907562,0.46982640254084246
UBFC_PHYS_s09_T3_test,1,108,13.6,0.4166475832462311,0.4086909332381213
UBFC_PHYS_s09_T3_test,1,109,13.633333333333333,0.36502352356910706,0.3199334699215437
UBFC_PHYS_s09_T3_test,1,110,13.666666666666666,0.27092865109443665,0.21919067999060673
UBFC_PHYS_s09_T3_test,1,111,13.7,0.19506241381168365,0.11908389062671357
UBFC_PHYS_s09_T3_test,1,112,13.733333333333333,0.12638385593891144,0.028121923991733813
UBFC_PHYS_s09_T3_test,1,113,13.766666666666667,0.03531842678785324,-0.04882681481547383
UBFC_PHYS_s09_T3_test,1,114,13.8,-0.09376119822263718,-0.1097018177784646
UBFC_PHYS_s09_T3_test,1,115,13.833333333333334,-0.28199636936187744,-0.15446984191524787
UBFC_PHYS_s09_T3_test,1,116,13.866666666666667,-0.48220667243003845,-0.18445118571340724
UBFC_PHYS_s09_T3_test,1,117,13.9,-0.5387219786643982,-0.20147962549072299
UBFC_PHYS_s09_T3_test,1,118,13.933333333333334,-0.37840715050697327,-0.20705702944404467
UBFC_PHYS_s09_T3_test,1,119,13.966666666666667,-0.14312128722667694,-0.20208841324016003
UBFC_PHYS_s09_T3_test,1,120,14.0,0.01047296728938818,-0.18731441635139623
UBFC_PHYS_s09_T3_test,1,121,14.033333333333333,0.08432820439338684,-0.16406133854729665
UBFC_PHYS_s09_T3_test,1,122,14.066666666666666,0.12110986560583115,-0.13479432370696243
UBFC_PHYS_s09_T3_test,1,123,14.1,0.10729242116212845,-0.10295310269641093
UBFC_PHYS_s09_T3_test,1,124,14.133333333333333,0.054578524082899094,-0.07212928358669833
UBFC_PHYS_s09_T3_test,1,125,14.166666666666666,0.021533412858843803,-0.04520907312723723
UBFC_PHYS_s09_T3_test,1,126,14.2,0.03923661634325981,-0.023852136258887952
UBFC_PHYS_s09_T3_test,1,127,14.233333333333333,0.08216153085231781,-0.008342894393609508
UBFC_PHYS_s09_T3_test,1,128,14.266666666666667,0.11706842482089996,0.0022331215528688473
UBFC_PHYS_s09_T3_test,1,129,14.3,0.11063974350690842,0.009596446449985006
UBFC_PHYS_s09_T3_test,1,130,14.333333333333334,0.01290561631321907,0.015704156500371474
UBFC_PHYS_s09_T3_test,1,131,14.366666666666667,-0.1434067189693451,0.021981796291877062
UBFC_PHYS_s09_T3_test,1,132,14.4,-0.19879327714443207,0.028662774520083634
UBFC_PHYS_s09_T3_test,1,133,14.433333333333334,-0.06207837164402008,0.034806370753333295
UBFC_PHYS_s09_T3_test,1,134,14.466666666666667,0.15728174149990082,0.038935181806509137
UBFC_PHYS_s09_T3_test,1,135,14.5,0.31251072883605957,0.03962071622563666
UBFC_PHYS_s09_T3_test,1,136,14.533333333333333,0.36690476536750793,0.03580113074702951
UBFC_PHYS_s09_T3_test,1,137,14.566666666666666,0.33337312936782837,0.027111767106507777
UBFC_PHYS_s09_T3_test,1,138,14.6,0.21376462280750275,0.014244721675169318
UBFC_PHYS_s09_T3_test,1,139,14.633333333333333,0.04471169784665108,-0.0009336476652786309
UBFC_PHYS_s09_T3_test,1,140,14.666666666666666,-0.12163612246513367,-0.015650561996098863
UBFC_PHYS_s09_T3_test,1,141,14.7,-0.26671284437179565,-0.02685501691928478
UBFC_PHYS_s09_T3_test,1,142,14.733333333333333,-0.3894740641117096,-0.0320208601396206
UBFC_PHYS_s09_T3_test,1,143,14.766666666666667,-0.4853334426879883,-0.029809762799735327
UBFC_PHYS_s09_T3_test,1,144,14.8,-0.5827821493148804,-0.02033832396597203
UBFC_PHYS_s09_T3_test,1,145,14.833333333333334,-0.7269117832183838,-0.00490515342012079
UBFC_PHYS_s09_T3_test,1,146,14.866666666666667,-0.8630622625350952,0.014464872501580366
UBFC_PHYS_s09_T3_test,1,147,14.9,-0.8288300633430481,0.034905749532799304
UBFC_PHYS_s09_T3_test,1,148,14.933333333333334,-0.5402659177780151,0.052526156752583854
UBFC_PHYS_s09_T3_test,1,149,14.966666666666667,-0.10455567389726639,0.063752462139582
UBFC_PHYS_s09_T3_test,1,150,15.0,0.29976364970207214,0.06757190870357062
UBFC_PHYS_s09_T3_test,1,151,15.033333333333333,0.5638326406478882,0.06596585263223646
UBFC_PHYS_s09_T3_test,1,152,15.066666666666666,0.6745084524154663,0.06216587787374848
UBFC_PHYS_s09_T3_test,1,153,15.1,0.6593092679977417,0.058809083780820094
UBFC_PHYS_s09_T3_test,1,154,15.133333333333333,0.5650262236595154,0.05699945771349545
UBFC_PHYS_s09_T3_test,1,155,15.166666666666666,0.43858686089515686,0.0559740611486336
UBFC_PHYS_s09_T3_test,1,156,15.2,0.3174733519554138,0.05338120168638264
UBFC_PHYS_s09_T3_test,1,157,15.233333333333333,0.22350171208381653,0.04650138903284158
UBFC_PHYS_s09_T3_test,1,158,15.266666666666667,0.1481349766254425,0.033864907073539306
UBFC_PHYS_s09_T3_test,1,159,15.3,0.04667079076170921,0.01596066696363737
UBFC_PHYS_s09_T3_test,1,160,15.333333333333334,-0.12912867963314056,-0.00521433562873801
UBFC_PHYS_s09_T3_test,1,161,15.366666666666667,-0.3553326427936554,-0.026914605489627354
UBFC_PHYS_s09_T3_test,1,162,15.4,-0.4881034195423126,-0.046296887659219875
UBFC_PHYS_s09_T3_test,1,163,15.433333333333334,-0.38733983039855957,-0.06107678104916801
UBFC_PHYS_s09_T3_test,1,164,15.466666666666667,-0.1072867289185524,-0.07008870911925548
UBFC_PHYS_s09_T3_test,1,165,15.5,0.16304874420166016,-0.07343045593585634
UBFC_PHYS_s09_T3_test,1,166,15.533333333333333,0.3305707275867462,-0.07215579690021533
UBFC_PHYS_s09_T3_test,1,167,15.566666666666666,0.4243607223033905,-0.06776675647227479
UBFC_PHYS_s09_T3_test,1,168,15.6,0.45228105783462524,-0.061748848041651726
UBFC_PHYS_s09_T3_test,1,169,15.633333333333333,0.4236341714859009,-0.055329671185943445
UBFC_PHYS_s09_T3_test,1,170,15.666666666666666,0.37812739610671997,-0.049472733495472626
UBFC_PHYS_s09_T3_test,1,171,15.7,0.32183265686035156,-0.044957110734248316
UBFC_PHYS_s09_T3_test,1,172,15.733333333333333,0.2388371378183365,-0.04230411534659173
UBFC_PHYS_s09_T3_test,1,173,15.766666666666667,0.1552123725414276,-0.04129714575224307
UBFC_PHYS_s09_T3_test,1,174,15.8,0.09043902158737183,-0.040483041269659334
UBFC_PHYS_s09_T3_test,1,175,15.833333333333334,-0.0015605392400175333,-0.037581318987933966
UBFC_PHYS_s09_T3_test,1,176,15.866666666666667,-0.1698739379644394,-0.03065099539403262
UBFC_PHYS_s09_T3_test,1,177,15.9,-0.3733212947845459,-0.0188179107070501
UBFC_PHYS_s09_T3_test,1,178,15.933333333333334,-0.46320605278015137,-0.0022332425496716544
UBFC_PHYS_s09_T3_test,1,179,15.966666666666667,-0.32159343361854553,0.018125495269323152
UBFC_PHYS_s09_T3_test,1,180,16.0,-0.020762253552675247,0.04055064613756485
UBFC_PHYS_s09_T3_test,1,181,16.033333333333335,0.2644350826740265,0.06276471944213055
UBFC_PHYS_s09_T3_test,1,182,16.066666666666666,0.46537843346595764,0.08223273598125981
UBFC_PHYS_s09_T3_test,1,183,16.1,0.5808417201042175,0.09659900161523599
UBFC_PHYS_s09_T3_test,1,184,16.133333333333333,0.5876271724700928,0.10408105709587591
UBFC_PHYS_s09_T3_test,1,185,16.166666666666668,0.5071226954460144,0.10354926384615422
UBFC_PHYS_s09_T3_test,1,186,16.2,0.4171925187110901,0.09445292485182598
UBFC_PHYS_s09_T3_test,1,187,16.233333333333334,0.3478003740310669,0.07713024807400412
UBFC_PHYS_s09_T3_test,1,188,16.266666666666666,0.2632025480270386,0.053319164671588704
UBFC_PHYS_s09_T3_test,1,189,16.3,0.15695738792419434,0.026010582937182183
UBFC_PHYS_s09_T3_test,1,190,16.333333333333332,0.06502918899059296,-0.0013470818547994309
UBFC_PHYS_s09_T3_test,1,191,16.366666666666667,-0.02076873928308487,-0.025413343101367003
UBFC_PHYS_s09_T3_test,1,192,16.4,-0.1620505452156067,-0.04311402678998423
UBFC_PHYS_s09_T3_test,1,193,16.433333333333334,-0.3797110319137573,-0.05195013058872932
UBFC_PHYS_s09_T3_test,1,194,16.466666666666665,-0.5707810521125793,-0.0506311137302396
UBFC_PHYS_s09_T3_test,1,195,16.5,-0.5658703446388245,-0.03975129639473388
UBFC_PHYS_s09_T3_test,1,196,16.533333333333335,-0.31881046295166016,-0.022153829208363045
UBFC_PHYS_s09_T3_test,1,197,16.566666666666666,0.0063861156813800335,-0.0026352510075883127
UBFC_PHYS_s09_T3_test,1,198,16.6,0.2626122236251831,0.013103677746844225
UBFC_PHYS_s09_T3_test,1,199,16.633333333333333,0.42200592160224915,0.020058735617723627
UBFC_PHYS_s09_T3_test,1,200,16.666666666666668,0.47968241572380066,0.015572391533195553
UBFC_PHYS_s09_T3_test,1,201,16.7,0.4320608675479889,0.0003178364963482877
UBFC_PHYS_s09_T3_test,1,202,16.733333333333334,0.34425193071365356,-0.021804192469313012
UBFC_PHYS_s09_T3_test,1,203,16.766666666666666,0.2903119921684265,-0.04489265017289228
UBFC_PHYS_s09_T3_test,1,204,16.8,0.2496316134929657,-0.06276227962340795
UBFC_PHYS_s09_T3_test,1,205,16.833333333333332,0.17242255806922913,-0.06999168719601054
UBFC_PHYS_s09_T3_test,1,206,16.866666666666667,0.07585609704256058,-0.0623698242376126
UBFC_PHYS_s09_T3_test,1,207,16.9,-0.002021120861172676,-0.03795828875422056
UBFC_PHYS_s09_T3_test,1,208,16.933333333333334,-0.0831872820854187,0.0012497024167309688
UBFC_PHYS_s09_T3_test,1,209,16.966666666666665,-0.22450800240039825,0.04837721251684242
UBFC_PHYS_s09_T3_test,1,210,17.0,-0.42477670311927795,0.09259369136260466
UBFC_PHYS_s09_T3_test,1,211,17.033333333333335,-0.5641253590583801,0.12263566520890676
UBFC_PHYS_s09_T3_test,1,212,17.066666666666666,-0.5017262697219849,0.13125011196726621
UBFC_PHYS_s09_T3_test,1,213,17.1,-0.24923670291900635,0.11689438955321192
UBFC_PHYS_s09_T3_test,1,214,17.133333333333333,0.041020557284355164,0.08236448269755009
UBFC_PHYS_s09_T3_test,1,215,17.166666666666668,0.25860321521759033,0.03338601938572838
UBFC_PHYS_s09_T3_test,1,216,17.2,0.3852177560329437,-0.02214013972868323
UBFC_PHYS_s09_T3_test,1,217,17.233333333333334,0.4099918603897095,-0.07604487201855159
UBFC_PHYS_s09_T3_test,1,218,17.266666666666666,0.34766414761543274,-0.12256080037254996
UBFC_PHYS_s09_T3_test,1,219,17.3,0.2818593382835388,-0.15920295868740755
UBFC_PHYS_s09_T3_test,1,220,17.333333333333332,0.24994298815727234,-0.18562899765627697
UBFC_PHYS_s09_T3_test,1,221,17.366666666666667,0.20136135816574097,-0.2026053923801882
UBFC_PHYS_s09_T3_test,1,222,17.4,0.114862821996212,-0.21161224426738898
UBFC_PHYS_s09_T3_test,1,223,17.433333333333334,0.03664827719330788,-0.21390543764806016
UBFC_PHYS_s09_T3_test,1,224,17.466666666666665,-0.020632511004805565,-0.2090962878241555
UBFC_PHYS_s09_T3_test,1,225,17.5,-0.11495444178581238,-0.19458169615022106
UBFC_PHYS_s09_T3_test,1,226,17.533333333333335,-0.28991708159446716,-0.16639812607893026
UBFC_PHYS_s09_T3_test,1,227,17.566666666666666,-0.48334190249443054,-0.12115320416164581
UBFC_PHYS_s09_T3_test,1,228,17.6,-0.5520139932632446,-0.058206566853388805
UBFC_PHYS_s09_T3_test,1,229,17.633333333333333,-0.4032266438007355,0.01903521230552487
UBFC_PHYS_s09_T3_test,1,230,17.666666666666668,-0.11654377728700638,0.1033832026196916
UBFC_PHYS_s09_T3_test,1,231,17.7,0.14605912566184998,0.18574737548337716
UBFC_PHYS_s09_T3_test,1,232,17.733333333333334,0.31196582317352295,0.25773907791005995
UBFC_PHYS_s09_T3_test,1,233,17.766666666666666,0.3832651674747467,0.31335079403200444
UBFC_PHYS_s09_T3_test,1,234,17.8,0.35890623927116394,0.3492544199206088
UBFC_PHYS_s09_T3_test,1,235,17.833333333333332,0.276183158159256,0.3645148617516453
UBFC_PHYS_s09_T3_test,1,236,17.866666666666667,0.20777057111263275,0.36002070811834186
UBFC_PHYS_s09_T3_test,1,237,17.9,0.16927632689476013,0.3373582531978645
UBFC_PHYS_s09_T3_test,1,238,17.933333333333334,0.11738628894090652,0.2976734420770884
UBFC_PHYS_s09_T3_test,1,239,17.966666666666665,0.03950907289981842,0.2417643051767032
UBFC_PHYS_s09_T3_test,1,240,18.0,-0.03253627568483353,0.17126841309678126
UBFC_PHYS_s09_T3_test,1,241,18.033333333333335,-0.10155865550041199,0.08947078606495894
UBFC_PHYS_s09_T3_test,1,242,18.066666666666666,-0.22341817617416382,0.0011960831788192074
UBFC_PHYS_s09_T3_test,1,243,18.1,-0.4108424782752991,-0.08768005661350098
UBFC_PHYS_s09_T3_test,1,244,18.133333333333333,-0.5591238141059875,-0.17080535465797836
UBFC_PHYS_s09_T3_test,1,245,18.166666666666668,-0.5206555128097534,-0.24203351679021748
UBFC_PHYS_s09_T3_test,1,246,18.2,-0.2828851044178009,-0.2961368910957653
UBFC_PHYS_s09_T3_test,1,247,18.233333333333334,0.005996891763061285,-0.3293660028595427
UBFC_PHYS_s09_T3_test,1,248,18.266666666666666,0.21393977105617523,-0.339769399393363
UBFC_PHYS_s09_T3_test,1,249,18.3,0.31685057282447815,-0.3272882404937246
UBFC_PHYS_s09_T3_test,1,250,18.333333333333332,0.31997084617614746,-0.2936981518209879
UBFC_PHYS_s09_T3_test,1,251,18.366666666666667,0.25061115622520447,-0.2425015193066853
UBFC_PHYS_s09_T3_test,1,252,18.4,0.1811087429523468,-0.17875134141916776
UBFC_PHYS_s09_T3_test,1,253,18.433333333333334,0.142796128988266,-0.10867512245098784
UBFC_PHYS_s09_T3_test,1,254,18.466666666666665,0.09581679850816727,-0.03900410990423221
UBFC_PHYS_s09_T3_test,1,255,18.5,0.02302543818950653,0.024004378786105885
UBFC_PHYS_s09_T3_test,1,256,18.533333333333335,-0.039016854017972946,0.07570642496355019
UBFC_PHYS_s09_T3_test,1,257,18.566666666666666,-0.08677463233470917,0.11407303175514313
UBFC_PHYS_s09_T3_test,1,258,18.6,-0.17399971187114716,0.14005098769864632
UBFC_PHYS_s09_T3_test,1,259,18.633333333333333,-0.3325176537036896,0.156695728376172
UBFC_PHYS_s09_T3_test,1,260,18.666666666666668,-0.49237191677093506,0.16733666387342236
UBFC_PHYS_s09_T3_test,1,261,18.7,-0.5072532296180725,0.17384272575702703
UBFC_PHYS_s09_T3_test,1,262,18.733333333333334,-0.31216123700141907,0.17587919810487967
UBFC_PHYS_s09_T3_test,1,263,18.766666666666666,-0.020087597891688347,0.17166307923809437
UBFC_PHYS_s09_T3_test,1,264,18.8,0.20664182305335999,0.1596826509214171
UBFC_PHYS_s09_T3_test,1,265,18.833333333333332,0.3172787129878998,0.13994206807225948
UBFC_PHYS_s09_T3_test,1,266,18.866666666666667,0.32324033975601196,0.11409330534035345
UBFC_PHYS_s09_T3_test,1,267,18.9,0.2507992684841156,0.08476502418144638
UBFC_PHYS_s09_T3_test,1,268,18.933333333333334,0.16203676164150238,0.05459016659606505
UBFC_PHYS_s09_T3_test,1,269,18.966666666666665,0.10740918666124344,0.025493272479528716
UBFC_PHYS_s09_T3_test,1,270,19.0,0.06817541271448135,-0.0015499647438473579
UBFC_PHYS_s09_T3_test,1,271,19.033333333333335,0.01053135097026825,-0.026450995701176445
UBFC_PHYS_s09_T3_test,1,272,19.066666666666666,-0.05370357260107994,-0.049822991220820755
UBFC_PHYS_s09_T3_test,1,273,19.1,-0.11258018016815186,-0.07280241566752464
UBFC_PHYS_s09_T3_test,1,274,19.133333333333333,-0.1918196827173233,-0.0967958933047418
UBFC_PHYS_s09_T3_test,1,275,19.166666666666668,-0.32756802439689636,-0.12289410016658597
UBFC_PHYS_s09_T3_test,1,276,19.2,-0.48720821738243103,-0.15108005771281757
UBFC_PHYS_s09_T3_test,1,277,19.233333333333334,-0.5325787663459778,-0.17973239259131749
UBFC_PHYS_s09_T3_test,1,278,19.266666666666666,-0.361871600151062,-0.2056808222252509
UBFC_PHYS_s09_T3_test,1,279,19.3,-0.07873715460300446,-0.22476899404170952
UBFC_PHYS_s09_T3_test,1,280,19.333333333333332,0.14770683646202087,-0.23266811501514895
UBFC_PHYS_s09_T3_test,1,281,19.366666666666667,0.2710583806037903,-0.22553239030123298
UBFC_PHYS_s09_T3_test,1,282,19.4,0.30953317880630493,-0.20052443882807086
UBFC_PHYS_s09_T3_test,1,283,19.433333333333334,0.26694560050964355,-0.156636136614778
UBFC_PHYS_s09_T3_test,1,284,19.466666666666665,0.18034975230693817,-0.09577787106520624
UBFC_PHYS_s09_T3_test,1,285,19.5,0.11595264822244644,-0.023623566603577013
UBFC_PHYS_s09_T3_test,1,286,19.533333333333335,0.07940452545881271,0.05079221921662097
UBFC_PHYS_s09_T3_test,1,287,19.566666666666666,0.02827347442507744,0.11793191146079969
UBFC_PHYS_s09_T3_test,1,288,19.6,-0.032808732241392136,0.1717094611452595
UBFC_PHYS_s09_T3_test,1,289,19.633333333333333,-0.0832456648349762,0.2109266403395063
UBFC_PHYS_s09_T3_test,1,290,19.666666666666668,-0.15838535130023956,0.23752344339709705
UBFC_PHYS_s09_T3_test,1,291,19.7,-0.30310529470443726,0.25407388956674687
UBFC_PHYS_s09_T3_test,1,292,19.733333333333334,-0.4686811566352844,0.26200278164044466
UBFC_PHYS_s09_T3_test,1,293,19.766666666666666,-0.5101983547210693,0.260685759398928
UBFC_PHYS_s09_T3_test,1,294,19.8,-0.34128814935684204,0.24774786081319194
UBFC_PHYS_s09_T3_test,1,295,19.833333333333332,-0.06172807142138481,0.22097146736237155
UBFC_PHYS_s09_T3_test,1,296,19.866666666666667,0.16727182269096375,0.1806626759515764
UBFC_PHYS_s09_T3_test,1,297,19.9,0.287639319896698,0.13004543321477116
UBFC_PHYS_s09_T3_test,1,298,19.933333333333334,0.31867343187332153,0.07359387298564733
UBFC_PHYS_s09_T3_test,1,299,19.966666666666665,0.27221956849098206,0.015561810695519212
UBFC_PHYS_s09_T3_test,2,0,20.0,0.1837749183177948,-0.1422359834510334
UBFC_PHYS_s09_T3_test,2,1,20.033333333333335,0.1176782101392746,-0.36657136003229196
UBFC_PHYS_s09_T3_test,2,2,20.066666666666666,0.08060463517904282,-0.5549677963254417
UBFC_PHYS_s09_T3_test,2,3,20.1,0.03633689880371094,-0.6811548324716015
UBFC_PHYS_s09_T3_test,2,4,20.133333333333333,-0.01377568393945694,-0.7306829062368819
UBFC_PHYS_s09_T3_test,2,5,20.166666666666668,-0.054267946630716324,-0.7025947241127033
UBFC_PHYS_s09_T3_test,2,6,20.2,-0.11906075477600098,-0.6058388211378585
UBFC_PHYS_s09_T3_test,2,7,20.233333333333334,-0.25820180773735046,-0.4552245402890538
UBFC_PHYS_s09_T3_test,2,8,20.266666666666666,-0.44248637557029724,-0.2686709497958434
UBFC_PHYS_s09_T3_test,2,9,20.3,-0.5260138511657715,-0.06408342281560733
UBFC_PHYS_s09_T3_test,2,10,20.333333333333332,-0.3928278982639313,0.14332442800648115
UBFC_PHYS_s09_T3_test,2,11,20.366666666666667,-0.1147209107875824,0.3400861038550626
UBFC_PHYS_s09_T3_test,2,12,20.4,0.13185244798660278,0.5115434768378955
UBFC_PHYS_s09_T3_test,2,13,20.433333333333334,0.27155789732933044,0.6428768559933002
UBFC_PHYS_s09_T3_test,2,14,20.466666666666665,0.3267822861671448,0.7240315218749465
UBFC_PHYS_s09_T3_test,2,15,20.5,0.30569931864738464,0.7524200130727036
UBFC_PHYS_s09_T3_test,2,16,20.533333333333335,0.23181812465190887,0.7316736918612818
UBFC_PHYS_s09_T3_test,2,17,20.566666666666666,0.17111866176128387,0.6695525240449299
UBFC_PHYS_s09_T3_test,2,18,20.6,0.13019824028015137,0.5762887049317292
UBFC_PHYS_s09_T3_test,2,19,20.633333333333333,0.06755265593528748,0.4624888113011551
UBFC_PHYS_s09_T3_test,2,20,20.666666666666668,-0.009377453476190567,0.336799798853385
UBFC_PHYS_s09_T3_test,2,21,20.7,-0.06659337133169174,0.20466030300975696
UBFC_PHYS_s09_T3_test,2,22,20.733333333333334,-0.12862269580364227,0.068313584122818
UBFC_PHYS_s09_T3_test,2,23,20.766666666666666,-0.2484712302684784,-0.07288608900594382
UBFC_PHYS_s09_T3_test,2,24,20.8,-0.405899316072464,-0.22169011628323934
UBFC_PHYS_s09_T3_test,2,25,20.833333333333332,-0.48517125844955444,-0.38043960486497547
UBFC_PHYS_s09_T3_test,2,26,20.866666666666667,-0.37915316224098206,-0.5475518593220102
UBFC_PHYS_s09_T3_test,2,27,20.9,-0.12264161556959152,-0.7156232318652945
UBFC_PHYS_s09_T3_test,2,28,20.933333333333334,0.13361044228076935,-0.8718065917342432
UBFC_PHYS_s09_T3_test,2,29,20.966666666666665,0.29116830229759216,-0.9990521031913184
UBFC_PHYS_s09_T3_test,2,30,21.0,0.34715166687965393,-1.0777587307265348
UBFC_PHYS_s09_T3_test,2,31,21.033333333333335,0.31106412410736084,-1.0884432368359074
UBFC_PHYS_s09_T3_test,2,32,21.066666666666666,0.21824069321155548,-1.015398102820362
UBFC_PHYS_s09_T3_test,2,33,21.1,0.1344018578529358,-0.8505629100718042
UBFC_PHYS_s09_T3_test,2,34,21.133333333333333,0.07979375123977661,-0.5969148939381763
UBFC_PHYS_s09_T3_test,2,35,21.166666666666668,0.02088470757007599,-0.2708048000631682
UBFC_PHYS_s09_T3_test,2,36,21.2,-0.04612019285559654,0.09730681858576659
UBFC_PHYS_s09_T3_test,2,37,21.233333333333334,-0.09393635392189026,0.46418236633663534
UBFC_PHYS_s09_T3_test,2,38,21.266666666666666,-0.13929390907287598,0.7794257978690062
UBFC_PHYS_s09_T3_test,2,39,21.3,-0.24246419966220856,0.9985723233578478
UBFC_PHYS_s09_T3_test,2,40,21.333333333333332,-0.40936991572380066,1.0985757541868044
UBFC_PHYS_s09_T3_test,2,41,21.366666666666667,-0.5267403721809387,1.0833978678344267
UBFC_PHYS_s09_T3_test,2,42,21.4,-0.4496091604232788,0.9770959953475941
UBFC_PHYS_s09_T3_test,2,43,21.433333333333334,-0.19321440160274506,0.8120885157738482
UBFC_PHYS_s09_T3_test,2,44,21.466666666666665,0.07030966132879257,0.6183992319982635
UBFC_PHYS_s09_T3_test,2,45,21.5,0.22717338800430298,0.41648129949972756
UBFC_PHYS_s09_T3_test,2,46,21.533333333333335,0.29307547211647034,0.21542371876875224
UBFC_PHYS_s09_T3_test,2,47,21.566666666666666,0.2908115088939667,0.017302515251098396
UBFC_PHYS_s09_T3_test,2,48,21.6,0.22330060601234436,-0.17543800374795493
UBFC_PHYS_s09_T3_test,2,49,21.633333333333333,0.1434902399778366,-0.35577899934750123
UBFC_PHYS_s09_T3_test,2,50,21.666666666666668,0.09665363281965256,-0.5123846566131338
UBFC_PHYS_s09_T3_test,2,51,21.7,0.05377412959933281,-0.6305061723647276
UBFC_PHYS_s09_T3_test,2,52,21.733333333333334,-0.01614346168935299,-0.6928512119204867
UBFC_PHYS_s09_T3_test,2,53,21.766666666666666,-0.08598320931196213,-0.683068579864141
UBFC_PHYS_s09_T3_test,2,54,21.8,-0.15196964144706726,-0.5916726984034446
UBFC_PHYS_s09_T3_test,2,55,21.833333333333332,-0.26574626564979553,-0.42129210879323004
UBFC_PHYS_s09_T3_test,2,56,21.866666666666667,-0.42379066348075867,-0.188436304501953
UBFC_PHYS_s09_T3_test,2,57,21.9,-0.5121185183525085,0.0800540329796097
UBFC_PHYS_s09_T3_test,2,58,21.933333333333334,-0.41389787197113037,0.35327604332933654
UBFC_PHYS_s09_T3_test,2,59,21.966666666666665,-0.15523912012577057,0.5989221987202105
UBFC_PHYS_s09_T3_test,2,60,22.0,0.11780146509408951,0.7834676248127395
UBFC_PHYS_s09_T3_test,2,61,22.033333333333335,0.29374364018440247,0.8780114540712017
UBFC_PHYS_s09_T3_test,2,62,22.066666666666666,0.36248061060905457,0.8681029493193795
UBFC_PHYS_s09_T3_test,2,63,22.1,0.3386665880680084,0.7563713632846404
UBFC_PHYS_s09_T3_test,2,64,22.133333333333333,0.2594011425971985,0.5569202734883903
UBFC_PHYS_s09_T3_test,2,65,22.166666666666668,0.1889645755290985,0.2908127158444585
UBFC_PHYS_s09_T3_test,2,66,22.2,0.1475965529680252,-0.014773178169223512
UBFC_PHYS_s09_T3_test,2,67,22.233333333333334,0.09976742416620255,-0.3285174933521651
UBFC_PHYS_s09_T3_test,2,68,22.266666666666666,0.03646015003323555,-0.6192853752849717
UBFC_PHYS_s09_T3_test,2,69,22.3,-0.013250230811536312,-0.8599723222746416
UBFC_PHYS_s09_T3_test,2,70,22.333333333333332,-0.06334983557462692,-1.0297432644861326
UBFC_PHYS_s09_T3_test,2,71,22.366666666666667,-0.1668444722890854,-1.1154587507906253
UBFC_PHYS_s09_T3_test,2,72,22.4,-0.32789885997772217,-1.1127631332112389
UBFC_PHYS_s09_T3_test,2,73,22.433333333333334,-0.44974541664123535,-1.0267805031280297
UBFC_PHYS_s09_T3_test,2,74,22.466666666666665,-0.4012610614299774,-0.871060997049944
UBFC_PHYS_s09_T3_test,2,75,22.5,-0.17217035591602325,-0.6625419945093545
UBFC_PHYS_s09_T3_test,2,76,22.533333333333335,0.08873941004276276,-0.41485996571536016
UBFC_PHYS_s09_T3_test,2,77,22.566666666666666,0.25494450330734253,-0.13640159468031046
UBFC_PHYS_s09_T3_test,2,78,22.6,0.3235841691493988,0.16526982830945064
UBFC_PHYS_s09_T3_test,2,79,22.633333333333333,0.31666895747184753,0.47618932854995116
UBFC_PHYS_s09_T3_test,2,80,22.666666666666668,0.24828878045082092,0.7714774144139662
UBFC_PHYS_s09_T3_test,2,81,22.7,0.17077484726905823,1.0195497404716483
UBFC_PHYS_s09_T3_test,2,82,22.733333333333334,0.12639033794403076,1.1928078993657498
UBFC_PHYS_s09_T3_test,2,83,22.766666666666666,0.08805827051401138,1.2748692823311731
UBFC_PHYS_s09_T3_test,2,84,22.8,0.027598820626735687,1.2613033477039435
UBFC_PHYS_s09_T3_test,2,85,22.833333333333332,-0.03357420861721039,1.1583991623046963
UBFC_PHYS_s09_T3_test,2,86,22.866666666666667,-0.09248324483633041,0.9816115187690425
UBFC_PHYS_s09_T3_test,2,87,22.9,-0.19441451132297516,0.7519759523617444
UBFC_PHYS_s09_T3_test,2,88,22.933333333333334,-0.35634464025497437,0.4911158512546411
UBFC_PHYS_s09_T3_test,2,89,22.966666666666665,-0.4882526099681854,0.21777036172302544
UBFC_PHYS_s09_T3_test,2,90,23.0,-0.4486166536808014,-0.05315781463812104
UBFC_PHYS_s09_T3_test,2,91,23.033333333333335,-0.21546503901481628,-0.31013495800870766
UBFC_PHYS_s09_T3_test,2,92,23.066666666666666,0.05282052978873253,-0.5442585639611776
UBFC_PHYS_s09_T3_test,2,93,23.1,0.22645331919193268,-0.7491063715651152
UBFC_PHYS_s09_T3_test,2,94,23.133333333333333,0.2994522750377655,-0.9206514386720276
UBFC_PHYS_s09_T3_test,2,95,23.166666666666668,0.3034612834453583,-1.0555385743876602
UBFC_PHYS_s09_T3_test,2,96,23.2,0.2526286244392395,-1.1483081479871093
UBFC_PHYS_s09_T3_test,2,97,23.233333333333334,0.17840363085269928,-1.1903475949662559
UBFC_PHYS_s09_T3_test,2,98,23.266666666666666,0.11802851408720016,-1.1711795205198712
UBFC_PHYS_s09_T3_test,2,99,23.3,0.06864248216152191,-1.0803858469664733
UBFC_PHYS_s09_T3_test,2,100,23.333333333333332,0.011737944558262825,-0.9098518142934693
UBFC_PHYS_s09_T3_test,2,101,23.366666666666667,-0.04914965108036995,-0.6574120114799793
UBFC_PHYS_s09_T3_test,2,102,23.4,-0.11715355515480042,-0.3310531380647822
UBFC_PHYS_s09_T3_test,2,103,23.433333333333334,-0.22725851833820343,0.04900768942874947
UBFC_PHYS_s09_T3_test,2,104,23.466666666666665,-0.38874751329421997,0.4513679689325951
UBFC_PHYS_s09_T3_test,2,105,23.5,-0.49824270606040955,0.8367160983349821
UBFC_PHYS_s09_T3_test,2,106,23.533333333333335,-0.4019162654876709,1.1628632950630815
UBFC_PHYS_s09_T3_test,2,107,23.566666666666666,-0.13050393760204315,1.391490732607624
UBFC_PHYS_s09_T3_test,2,108,23.6,0.1319497525691986,1.4952056397322564
UBFC_PHYS_s09_T3_test,2,109,23.633333333333333,0.27002695202827454,1.4622855882695442
UBFC_PHYS_s09_T3_test,2,110,23.666666666666668,0.30258551239967346,1.2977486903223876
UBFC_PHYS_s09_T3_test,2,111,23.7,0.26702991127967834,1.0208759540489998
UBFC_PHYS_s09_T3_test,2,112,23.733333333333334,0.18857534229755402,0.6604870751296456
UBFC_PHYS_s09_T3_test,2,113,23.766666666666666,0.11494066566228867,0.25014249311867515
UBFC_PHYS_s09_T3_test,2,114,23.8,0.07027722150087357,-0.17543546157623444
UBFC_PHYS_s09_T3_test,2,115,23.833333333333332,0.028150221332907677,-0.5825137267314991
UBFC_PHYS_s09_T3_test,2,116,23.866666666666667,-0.024550698697566986,-0.9396204306734538
UBFC_PHYS_s09_T3_test,2,117,23.9,-0.0764407366514206,-1.2189874828726524
UBFC_PHYS_s09_T3_test,2,118,23.933333333333334,-0.14707189798355103,-1.3982693934753583
UBFC_PHYS_s09_T3_test,2,119,23.966666666666665,-0.2815033495426178,-1.4616294510378853
UBFC_PHYS_s09_T3_test,2,120,24.0,-0.4549415409564972,-1.4006886374293508
UBFC_PHYS_s09_T3_test,2,121,24.033333333333335,-0.5193710923194885,-1.2170411680476956
UBFC_PHYS_s09_T3_test,2,122,24.066666666666666,-0.36529678106307983,-0.9254460479306077
UBFC_PHYS_s09_T3_test,2,123,24.1,-0.08340784162282944,-0.554377488896415
UBFC_PHYS_s09_T3_test,2,124,24.133333333333333,0.14470981061458588,-0.14283594383560327
UBFC_PHYS_s09_T3_test,2,125,24.166666666666668,0.25626787543296814,0.2651443341306338
UBFC_PHYS_s09_T3_test,2,126,24.2,0.29110342264175415,0.6268408423490772
UBFC_PHYS_s09_T3_test,2,127,24.233333333333334,0.2741851508617401,0.906811416201134
UBFC_PHYS_s09_T3_test,2,128,24.266666666666666,0.22129610180854797,1.081780353405215
UBFC_PHYS_s09_T3_test,2,129,24.3,0.1614140123128891,1.1442212451787312
UBFC_PHYS_s09_T3_test,2,130,24.333333333333332,0.09853488206863403,1.1032143396720386
UBFC_PHYS_s09_T3_test,2,131,24.366666666666667,0.03032987378537655,0.9802630267772283
UBFC_PHYS_s09_T3_test,2,132,24.4,-0.02685360796749592,0.8018245316804922
UBFC_PHYS_s09_T3_test,2,133,24.433333333333334,-0.07607097178697586,0.5940112171389068
UBFC_PHYS_s09_T3_test,2,134,24.466666666666665,-0.1621997356414795,0.3802652038590413
UBFC_PHYS_s09_T3_test,2,135,24.5,-0.3174481987953186,0.17814557732593916
UBFC_PHYS_s09_T3_test,2,136,24.533333333333335,-0.47572609782218933,-0.004090100921662079
UBFC_PHYS_s09_T3_test,2,137,24.566666666666666,-0.4825440049171448,-0.1659683916007962
UBFC_PHYS_s09_T3_test,2,138,24.6,-0.27580124139785767,-0.3088381275971969
UBFC_PHYS_s09_T3_test,2,139,24.633333333333333,0.013320788741111755,-0.43152162120310067
UBFC_PHYS_s09_T3_test,2,140,24.666666666666668,0.22143232822418213,-0.5294761999397879
UBFC_PHYS_s09_T3_test,2,141,24.7,0.3237398564815521,-0.5948083185130559
UBFC_PHYS_s09_T3_test,2,142,24.733333333333334,0.36316823959350586,-0.6167508084114703
UBFC_PHYS_s09_T3_test,2,143,24.766666666666666,0.34691813588142395,-0.5846180287948681
UBFC_PHYS_s09_T3_test,2,144,24.8,0.2888653874397278,-0.49271501464466866
UBFC_PHYS_s09_T3_test,2,145,24.833333333333332,0.22276218235492706,-0.3441605317652614
UBFC_PHYS_s09_T3_test,2,146,24.866666666666667,0.15209858119487762,-0.1523130160021262
UBFC_PHYS_s09_T3_test,2,147,24.9,0.0699269250035286,0.0595516189487491
UBFC_PHYS_s09_T3_test,2,148,24.933333333333334,-0.004680817946791649,0.2611667731671348
UBFC_PHYS_s09_T3_test,2,149,24.966666666666665,-0.06077447161078453,0.4228816439853217
UBFC_PHYS_s09_T3_test,2,150,25.0,-0.14327047765254974,0.524830106932908
UBFC_PHYS_s09_T3_test,2,151,25.033333333333335,-0.3073802590370178,0.5600143593819258
UBFC_PHYS_s09_T3_test,2,152,25.066666666666666,-0.4807535707950592,0.5307944233346744
UBFC_PHYS_s09_T3_test,2,153,25.1,-0.4849507212638855,0.44543905686774954
UBFC_PHYS_s09_T3_test,2,154,25.133333333333333,-0.25781258940696716,0.3167514538703892
UBFC_PHYS_s09_T3_test,2,155,25.166666666666668,0.04294072836637497,0.15965658983194764
UBFC_PHYS_s09_T3_test,2,156,25.2,0.24803578853607178,-0.012431624386624651
UBFC_PHYS_s09_T3_test,2,157,25.233333333333334,0.3457309901714325,-0.1895328825385435
UBFC_PHYS_s09_T3_test,2,158,25.266666666666666,0.3782247006893158,-0.3645262994080792
UBFC_PHYS_s09_T3_test,2,159,25.3,0.34703490138053894,-0.5316121635967245
UBFC_PHYS_s09_T3_test,2,160,25.333333333333332,0.2686581611633301,-0.6843662579038385
UBFC_PHYS_s09_T3_test,2,161,25.366666666666667,0.18250346183776855,-0.8128781042915177
UBFC_PHYS_s09_T3_test,2,162,25.4,0.11211879551410675,-0.9014165205864406
UBFC_PHYS_s09_T3_test,2,163,25.433333333333334,0.07396187633275986,-0.9297056086372976
UBFC_PHYS_s09_T3_test,2,164,25.466666666666665,0.07839903235435486,-0.8779651276862461
UBFC_PHYS_s09_T3_test,2,165,25.5,0.09756182134151459,-0.7328409842827392
UBFC_PHYS_s09_T3_test,2,166,25.533333333333335,0.06762401014566422,-0.49267380910340797
UBFC_PHYS_s09_T3_test,2,167,25.566666666666666,-0.03825138136744499,-0.17209157064808686
UBFC_PHYS_s09_T3_test,2,168,25.6,-0.1342988759279251,0.19606425210211254
UBFC_PHYS_s09_T3_test,2,169,25.633333333333333,-0.06723558902740479,0.5650340623977406
UBFC_PHYS_s09_T3_test,2,170,25.666666666666668,0.1850074678659439,0.8842260014191546
UBFC_PHYS_s09_T3_test,2,171,25.7,0.46280956268310547,1.11062367480046
UBFC_PHYS_s09_T3_test,2,172,25.733333333333334,0.6232151985168457,1.2177350106043594
UBFC_PHYS_s09_T3_test,2,173,25.766666666666666,0.6349373459815979,1.1996879622041845
UBFC_PHYS_s09_T3_test,2,174,25.8,0.5000582933425903,1.0703855673995502
UBFC_PHYS_s09_T3_test,2,175,25.833333333333332,0.26463618874549866,0.8597737723830274
UBFC_PHYS_s09_T3_test,2,176,25.866666666666667,0.03657691925764084,0.6078257894851772
UBFC_PHYS_s09_T3_test,2,177,25.9,-0.12873296439647675,0.3553846927632522
UBFC_PHYS_s09_T3_test,2,178,25.933333333333334,-0.26776376366615295,0.13425046369387098
UBFC_PHYS_s09_T3_test,2,179,25.966666666666665,-0.39761534333229065,-0.03820089698783548
UBFC_PHYS_s09_T3_test,2,180,26.0,-0.48919326066970825,-0.15876062219871773
UBFC_PHYS_s09_T3_test,2,181,26.033333333333335,-0.5605250000953674,-0.23568293831170228
UBFC_PHYS_s09_T3_test,2,182,26.066666666666666,-0.672517716884613,-0.28495698382667894
UBFC_PHYS_s09_T3_test,2,183,26.1,-0.8256384134292603,-0.3248895463162879
UBFC_PHYS_s09_T3_test,2,184,26.133333333333333,-0.9314554333686829,-0.3700799101715093
UBFC_PHYS_s09_T3_test,2,185,26.166666666666668,-0.8728058338165283,-0.4275317826923777
UBFC_PHYS_s09_T3_test,2,186,26.2,-0.629489004611969,-0.4958212219668893
UBFC_PHYS_s09_T3_test,2,187,26.233333333333334,-0.32351359724998474,-0.566299082565172
UBFC_PHYS_s09_T3_test,2,188,26.266666666666666,-0.07886040955781937,-0.6253959272174298
UBFC_PHYS_s09_T3_test,2,189,26.3,0.08586563915014267,-0.6574318794958041
UBFC_PHYS_s09_T3_test,2,190,26.333333333333332,0.17719054222106934,-0.64763583736423
UBFC_PHYS_s09_T3_test,2,191,26.366666666666667,0.19730694591999054,-0.5853401371320432
UBFC_PHYS_s09_T3_test,2,192,26.4,0.19716422259807587,-0.4668755924552458
UBFC_PHYS_s09_T3_test,2,193,26.433333333333334,0.21775417029857635,-0.29725282825260585
UBFC_PHYS_s09_T3_test,2,194,26.466666666666665,0.2238520085811615,-0.09068771252659037
UBFC_PHYS_s09_T3_test,2,195,26.5,0.1822180300951004,0.12910835726966577
UBFC_PHYS_s09_T3_test,2,196,26.533333333333335,0.13163188099861145,0.33075565179188365
UBFC_PHYS_s09_T3_test,2,197,26.566666666666666,0.10124647617340088,0.4832386848567668
UBFC_PHYS_s09_T3_test,2,198,26.6,0.047351934015750885,0.5668593050065658
UBFC_PHYS_s09_T3_test,2,199,26.633333333333333,-0.07688834518194199,0.5771482968938395
UBFC_PHYS_s09_T3_test,2,200,26.666666666666668,-0.23512732982635498,0.5206274928418588
UBFC_PHYS_s09_T3_test,2,201,26.7,-0.3010813295841217,0.4103480808927011
UBFC_PHYS_s09_T3_test,2,202,26.733333333333334,-0.17265689373016357,0.26414980128735255
UBFC_PHYS_s09_T3_test,2,203,26.766666666666666,0.09045848250389099,0.10285650789068926
UBFC_PHYS_s09_T3_test,2,204,26.8,0.3235257565975189,-0.05243019310645432
UBFC_PHYS_s09_T3_test,2,205,26.833333333333332,0.45558297634124756,-0.182473924781298
UBFC_PHYS_s09_T3_test,2,206,26.866666666666667,0.5034704804420471,-0.2712321945480302
UBFC_PHYS_s09_T3_test,2,207,26.9,0.4799354076385498,-0.30733129441520335
UBFC_PHYS_s09_T3_test,2,208,26.933333333333334,0.4186650812625885,-0.2860329352858151
UBFC_PHYS_s09_T3_test,2,209,26.966666666666665,0.3775046467781067,-0.21124768639695005
UBFC_PHYS_s09_T3_test,2,210,27.0,0.3474435806274414,-0.0967836190483688
UBFC_PHYS_s09_T3_test,2,211,27.033333333333335,0.27200549840927124,0.034183916889532345
UBFC_PHYS_s09_T3_test,2,212,27.066666666666666,0.17750193178653717,0.15292912315734072
UBFC_PHYS_s09_T3_test,2,213,27.1,0.12182993441820145,0.23376468930840943
UBFC_PHYS_s09_T3_test,2,214,27.133333333333333,0.07509711384773254,0.26375132449732636
UBFC_PHYS_s09_T3_test,2,215,27.166666666666668,-0.03367151319980621,0.245524352289447
UBFC_PHYS_s09_T3_test,2,216,27.2,-0.1991046518087387,0.19234495643385813
UBFC_PHYS_s09_T3_test,2,217,27.233333333333334,-0.32549864053726196,0.12175422159883842
UBFC_PHYS_s09_T3_test,2,218,27.266666666666666,-0.29543107748031616,0.051183130659513264
UBFC_PHYS_s09_T3_test,2,219,27.3,-0.08440036326646805,-0.004941448486161553
UBFC_PHYS_s09_T3_test,2,220,27.333333333333332,0.20502005517482758,-0.03716845430907678
UBFC_PHYS_s09_T3_test,2,221,27.366666666666667,0.45375362038612366,-0.04242766600558263
UBFC_PHYS_s09_T3_test,2,222,27.4,0.5839555263519287,-0.024417690439395887
UBFC_PHYS_s09_T3_test,2,223,27.433333333333334,0.5582537651062012,0.008191927077617608
UBFC_PHYS_s09_T3_test,2,224,27.466666666666665,0.44395166635513306,0.045011157435781296
UBFC_PHYS_s09_T3_test,2,225,27.5,0.40212953090667725,0.07614714340634922
UBFC_PHYS_s09_T3_test,2,226,27.533333333333335,0.49226731061935425,0.0934726141489709
UBFC_PHYS_s09_T3_test,2,227,27.566666666666666,0.5450915098190308,0.09345854098036023
UBFC_PHYS_s09_T3_test,2,228,27.6,0.35768017172813416,0.08022042918009913
UBFC_PHYS_s09_T3_test,2,229,27.633333333333333,-0.045776378363370895,0.06386964687801067
UBFC_PHYS_s09_T3_test,2,230,27.666666666666668,-0.42782559990882874,0.05454757766180297
UBFC_PHYS_s09_T3_test,2,231,27.7,-0.6820926070213318,0.05776776622300233
UBFC_PHYS_s09_T3_test,2,232,27.733333333333334,-0.9032626152038574,0.07296980619147347
UBFC_PHYS_s09_T3_test,2,233,27.766666666666666,-0.9741208553314209,0.09307726531638319
UBFC_PHYS_s09_T3_test,2,234,27.8,-0.5396755933761597,0.1049842273492587
UBFC_PHYS_s09_T3_test,2,235,27.833333333333332,0.3956100344657898,0.09308044682657798
UBFC_PHYS_s09_T3_test,2,236,27.866666666666667,1.3225274085998535,0.04510224485096471
UBFC_PHYS_s09_T3_test,2,237,27.9,1.7130941152572632,-0.04316665134856722
UBFC_PHYS_s09_T3_test,2,238,27.933333333333334,1.5162051916122437,-0.1661042734131768
UBFC_PHYS_s09_T3_test,2,239,27.966666666666665,1.106255054473877,-0.3090689384624673
UBFC_PHYS_s09_T3_test,2,240,28.0,0.7932996153831482,-0.4512544744605677
UBFC_PHYS_s09_T3_test,2,241,28.033333333333335,0.6178115010261536,-0.5698915144369787
UBFC_PHYS_s09_T3_test,2,242,28.066666666666666,0.5514488220214844,-0.6447607631017662
UBFC_PHYS_s09_T3_test,2,243,28.1,0.49529027938842773,-0.6617808908743976
UBFC_PHYS_s09_T3_test,2,244,28.133333333333333,0.23689749836921692,-0.6151547907691185
UBFC_PHYS_s09_T3_test,2,245,28.166666666666668,-0.25708603858947754,-0.5082799024301182
UBFC_PHYS_s09_T3_test,2,246,28.2,-0.808804452419281,-0.35381280252401487
UBFC_PHYS_s09_T3_test,2,247,28.233333333333334,-1.3155999183654785,-0.17328815977968187
UBFC_PHYS_s09_T3_test,2,248,28.266666666666666,-1.7292542457580566,0.0053100046452699695
UBFC_PHYS_s09_T3_test,2,249,28.3,-1.933330774307251,0.15508586847652026
UBFC_PHYS_s09_T3_test,2,250,28.333333333333332,-1.8765819072723389,0.25970634672181875
UBFC_PHYS_s09_T3_test,2,251,28.366666666666667,-1.5731624364852905,0.316088844919312
UBFC_PHYS_s09_T3_test,2,252,28.4,-1.0615276098251343,0.3305295173157482
UBFC_PHYS_s09_T3_test,2,253,28.433333333333334,-0.4907695949077606,0.3172424355723164
UBFC_PHYS_s09_T3_test,2,254,28.466666666666665,-0.03579927235841751,0.2985315034324619
UBFC_PHYS_s09_T3_test,2,255,28.5,0.2616197168827057,0.29640304204224277
UBFC_PHYS_s09_T3_test,2,256,28.533333333333335,0.40888258814811707,0.3188152162200427
UBFC_PHYS_s09_T3_test,2,257,28.566666666666666,0.43217113614082336,0.3565152571602671
UBFC_PHYS_s09_T3_test,2,258,28.6,0.427215039730072,0.3920052545557707
UBFC_PHYS_s09_T3_test,2,259,28.633333333333333,0.4383857548236847,0.407415214699339
UBFC_PHYS_s09_T3_test,2,260,28.666666666666668,0.3988860249519348,0.3874370870374247
UBFC_PHYS_s09_T3_test,2,261,28.7,0.3023909032344818,0.3237214078837667
UBFC_PHYS_s09_T3_test,2,262,28.733333333333334,0.21588589251041412,0.22053221507231247
UBFC_PHYS_s09_T3_test,2,263,28.766666666666666,0.13511544466018677,0.09469030342109754
UBFC_PHYS_s09_T3_test,2,264,28.8,0.005218443926423788,-0.030631391805191806
UBFC_PHYS_s09_T3_test,2,265,28.833333333333332,-0.18712304532527924,-0.13201794318134374
UBFC_PHYS_s09_T3_test,2,266,28.866666666666667,-0.37782979011535645,-0.189563225448154
UBFC_PHYS_s09_T3_test,2,267,28.9,-0.4157272279262543,-0.1904240336654673
UBFC_PHYS_s09_T3_test,2,268,28.933333333333334,-0.21961675584316254,-0.13250325721180278
UBFC_PHYS_s09_T3_test,2,269,28.966666666666665,0.0627652034163475,-0.026468058925679085
UBFC_PHYS_s09_T3_test,2,270,29.0,0.22474074363708496,0.10528959242966945
UBFC_PHYS_s09_T3_test,2,271,29.033333333333335,0.24060161411762238,0.23338442604149498
UBFC_PHYS_s09_T3_test,2,272,29.066666666666666,0.20711538195610046,0.3286746720755778
UBFC_PHYS_s09_T3_test,2,273,29.1,0.16783620417118073,0.36916194310542055
UBFC_PHYS_s09_T3_test,2,274,29.133333333333333,0.1389947086572647,0.3445937479476944
UBFC_PHYS_s09_T3_test,2,275,29.166666666666668,0.1336299031972885,0.2580028731023726
UBFC_PHYS_s09_T3_test,2,276,29.2,0.11235232651233673,0.12417492913792091
UBFC_PHYS_s09_T3_test,2,277,29.233333333333334,0.021228522062301636,-0.03427540115105764
UBFC_PHYS_s09_T3_test,2,278,29.266666666666666,-0.10361505299806595,-0.19202059216811596
UBFC_PHYS_s09_T3_test,2,279,29.3,-0.17540091276168823,-0.325813662899564
UBFC_PHYS_s09_T3_test,2,280,29.333333333333332,-0.1928965300321579,-0.4180260401100192
UBFC_PHYS_s09_T3_test,2,281,29.366666666666667,-0.20046044886112213,-0.45865972538602895
UBFC_PHYS_s09_T3_test,2,282,29.4,-0.16833651065826416,-0.44624628488534795
UBFC_PHYS_s09_T3_test,2,283,29.433333333333334,-0.022915959358215332,-0.38850107470454054
UBFC_PHYS_s09_T3_test,2,284,29.466666666666665,0.22291138768196106,-0.3024391593995749
UBFC_PHYS_s09_T3_test,2,285,29.5,0.4575939476490021,-0.21255940129043416
UBFC_PHYS_s09_T3_test,2,286,29.533333333333335,0.5904555320739746,-0.14537409458892675
UBFC_PHYS_s09_T3_test,2,287,29.566666666666666,0.627581000328064,-0.1188900832199903
UBFC_PHYS_s09_T3_test,2,288,29.6,0.6160470247268677,-0.13250928048415925
UBFC_PHYS_s09_T3_test,2,289,29.633333333333333,0.598285436630249,-0.16839526606192184
UBFC_PHYS_s09_T3_test,2,290,29.666666666666668,0.5876595973968506,-0.20337506571475364
UBFC_PHYS_s09_T3_test,2,291,29.7,0.5706635117530823,-0.2187045861851774
UBFC_PHYS_s09_T3_test,2,292,29.733333333333334,0.5499892234802246,-0.20363543759389094
UBFC_PHYS_s09_T3_test,2,293,29.766666666666666,0.5559897422790527,-0.15817618031804484
UBFC_PHYS_s09_T3_test,2,294,29.8,0.5751979351043701,-0.09470031763390366
UBFC_PHYS_s09_T3_test,2,295,29.833333333333332,0.5203887224197388,-0.032289166637296696
UBFC_PHYS_s09_T3_test,2,296,29.866666666666667,0.3362663686275482,0.013941662214468116
UBFC_PHYS_s09_T3_test,2,297,29.9,0.12354251742362976,0.038373958142429374
UBFC_PHYS_s09_T3_test,2,298,29.933333333333334,0.08690357208251953,0.043155205139072325
UBFC_PHYS_s09_T3_test,2,299,29.966666666666665,0.2863159775733948,0.0355393813357715
UBFC_PHYS_s09_T3_test,3,0,30.0,0.4858126938343048,-0.15195447382950453
UBFC_PHYS_s09_T3_test,3,1,30.033333333333335,0.37853607535362244,-0.061469984989274626
UBFC_PHYS_s09_T3_test,3,2,30.066666666666666,0.028266986832022667,0.033428923956313625
UBFC_PHYS_s09_T3_test,3,3,30.1,-0.2454417645931244,0.13002726973337395
UBFC_PHYS_s09_T3_test,3,4,30.133333333333333,-0.3362347185611725,0.22239175778890782
UBFC_PHYS_s09_T3_test,3,5,30.166666666666668,-0.4497518837451935,0.30362804352335815
UBFC_PHYS_s09_T3_test,3,6,30.2,-0.733567476272583,0.3698860465362034
UBFC_PHYS_s09_T3_test,3,7,30.233333333333334,-1.1165767908096313,0.42178008265683226
UBFC_PHYS_s09_T3_test,3,8,30.266666666666666,-1.4987882375717163,0.46218428969559383
UBFC_PHYS_s09_T3_test,3,9,30.3,-1.8109198808670044,0.4929304636735845
UBFC_PHYS_s09_T3_test,3,10,30.333333333333332,-1.9659087657928467,0.512919147216446
UBFC_PHYS_s09_T3_test,3,11,30.366666666666667,-1.9429835081100464,0.5194745915770795
UBFC_PHYS_s09_T3_test,3,12,30.4,-1.7789645195007324,0.5115473426757204
UBFC_PHYS_s09_T3_test,3,13,30.433333333333334,-1.4517505168914795,0.49053540864151557
UBFC_PHYS_s09_T3_test,3,14,30.466666666666665,-0.9599595665931702,0.45835613917362295
UBFC_PHYS_s09_T3_test,3,15,30.5,-0.4600987732410431,0.4163399937564434
UBFC_PHYS_s09_T3_test,3,16,30.533333333333335,-0.14663077890872955,0.36572071904720427
UBFC_PHYS_s09_T3_test,3,17,30.566666666666666,-0.028300223872065544,0.30749962729752006
UBFC_PHYS_s09_T3_test,3,18,30.6,-0.017025703564286232,0.24151555264883984
UBFC_PHYS_s09_T3_test,3,19,30.633333333333333,-0.07186735421419144,0.1666704090756321
UBFC_PHYS_s09_T3_test,3,20,30.666666666666668,-0.17846281826496124,0.08247305868652424
UBFC_PHYS_s09_T3_test,3,21,30.7,-0.28490906953811646,-0.009788659256457062
UBFC_PHYS_s09_T3_test,3,22,30.733333333333334,-0.3461858928203583,-0.10717039188644098
UBFC_PHYS_s09_T3_test,3,23,30.766666666666666,-0.36629578471183777,-0.20639561098367085
UBFC_PHYS_s09_T3_test,3,24,30.8,-0.36884522438049316,-0.3054505720866708
UBFC_PHYS_s09_T3_test,3,25,30.833333333333332,-0.4007745385169983,-0.403919350006744
UBFC_PHYS_s09_T3_test,3,26,30.866666666666667,-0.49756157398223877,-0.5021708554322059
UBFC_PHYS_s09_T3_test,3,27,30.9,-0.5710275769233704,-0.6010940968919419
UBFC_PHYS_s09_T3_test,3,28,30.933333333333334,-0.46527543663978577,-0.7020639043000008
UBFC_PHYS_s09_T3_test,3,29,30.966666666666665,-0.18024027347564697,-0.8049235714347436
UBFC_PHYS_s09_T3_test,3,30,31.0,0.10807086527347565,-0.904538438578851
UBFC_PHYS_s09_T3_test,3,31,31.033333333333335,0.2659919857978821,-0.9891667712368751
UBFC_PHYS_s09_T3_test,3,32,31.066666666666666,0.3137173354625702,-1.041826865124446
UBFC_PHYS_s09_T3_test,3,33,31.1,0.28822314739227295,-1.043475788504839
UBFC_PHYS_s09_T3_test,3,34,31.133333333333333,0.20357993245124817,-0.9772704081089146
UBFC_PHYS_s09_T3_test,3,35,31.166666666666668,0.13109995424747467,-0.8337285466076755
UBFC_PHYS_s09_T3_test,3,36,31.2,0.17015208303928375,-0.6151596390725683
UBFC_PHYS_s09_T3_test,3,37,31.233333333333334,0.3128740191459656,-0.33656879549846436
UBFC_PHYS_s09_T3_test,3,38,31.266666666666666,0.4553169906139374,-0.022600722289829945
UBFC_PHYS_s09_T3_test,3,39,31.3,0.5283548831939697,0.29745286533344645
UBFC_PHYS_s09_T3_test,3,40,31.333333333333332,0.5098797082901001,0.5950870289907814
UBFC_PHYS_s09_T3_test,3,41,31.366666666666667,0.41547343134880066,0.8477434445726526
UBFC_PHYS_s09_T3_test,3,42,31.4,0.3609107434749603,1.041856108173929
UBFC_PHYS_s09_T3_test,3,43,31.433333333333334,0.459903359413147,1.171183383168537
UBFC_PHYS_s09_T3_test,3,44,31.466666666666665,0.6615018844604492,1.2325679006758388
UBFC_PHYS_s09_T3_test,3,45,31.5,0.8362115025520325,1.2253983378323765
UBFC_PHYS_s09_T3_test,3,46,31.533333333333335,0.9360345005989075,1.154876520059997
UBFC_PHYS_s09_T3_test,3,47,31.566666666666666,0.9663939476013184,1.0330208547647601
UBFC_PHYS_s09_T3_test,3,48,31.6,0.9034110307693481,0.8759403065731692
UBFC_PHYS_s09_T3_test,3,49,31.633333333333333,0.7307318449020386,0.7009425889914471
UBFC_PHYS_s09_T3_test,3,50,31.666666666666668,0.4782552421092987,0.5245907228021092
UBFC_PHYS_s09_T3_test,3,51,31.7,0.20720620453357697,0.3601365413802663
UBFC_PHYS_s09_T3_test,3,52,31.733333333333334,-0.01970486156642437,0.21489698733110224
UBFC_PHYS_s09_T3_test,3,53,31.766666666666666,-0.1712232530117035,0.09020841230489694
UBFC_PHYS_s09_T3_test,3,54,31.8,-0.3048568069934845,-0.015968041124425084
UBFC_PHYS_s09_T3_test,3,55,31.833333333333332,-0.5156928896903992,-0.10630993825378826
UBFC_PHYS_s09_T3_test,3,56,31.866666666666667,-0.7554937601089478,-0.1829590717183805
UBFC_PHYS_s09_T3_test,3,57,31.9,-0.8358360528945923,-0.2483536605705834
UBFC_PHYS_s09_T3_test,3,58,31.933333333333334,-0.6929195523262024,-0.30690407429752475
UBFC_PHYS_s09_T3_test,3,59,31.966666666666665,-0.47216469049453735,-0.3650772257078148
UBFC_PHYS_s09_T3_test,3,60,32.0,-0.3011980950832367,-0.42950374810379
UBFC_PHYS_s09_T3_test,3,61,32.03333333333333,-0.18098628520965576,-0.5048840246861053
UBFC_PHYS_s09_T3_test,3,62,32.06666666666667,-0.10087750852108002,-0.5923527138955419
UBFC_PHYS_s09_T3_test,3,63,32.1,-0.0804886668920517,-0.6877285397104707
UBFC_PHYS_s09_T3_test,3,64,32.13333333333333,-0.1083960235118866,-0.7802532796437482
UBFC_PHYS_s09_T3_test,3,65,32.166666666666664,-0.1561473160982132,-0.8534945463685567
UBFC_PHYS_s09_T3_test,3,66,32.2,-0.21574397385120392,-0.8886206482839375
UBFC_PHYS_s09_T3_test,3,67,32.233333333333334,-0.2762683033943176,-0.8686846441842563
UBFC_PHYS_s09_T3_test,3,68,32.266666666666666,-0.31661784648895264,-0.783245521641461
UBFC_PHYS_s09_T3_test,3,69,32.3,-0.36619848012924194,-0.6333564113468895
UBFC_PHYS_s09_T3_test,3,70,32.333333333333336,-0.48676058650016785,-0.4350117464027286
UBFC_PHYS_s09_T3_test,3,71,32.36666666666667,-0.6300274133682251,-0.21758140215079963
UBFC_PHYS_s09_T3_test,3,72,32.4,-0.6313183903694153,-0.016068342246423298
UBFC_PHYS_s09_T3_test,3,73,32.43333333333333,-0.42824727296829224,0.1412057220690513
UBFC_PHYS_s09_T3_test,3,74,32.46666666666667,-0.1586059033870697,0.2437035597383211
UBFC_PHYS_s09_T3_test,3,75,32.5,0.027793431654572487,0.2998989644128998
UBFC_PHYS_s09_T3_test,3,76,32.53333333333333,0.11230043321847916,0.3286785556854982
UBFC_PHYS_s09_T3_test,3,77,32.56666666666667,0.13398019969463348,0.34961378001345444
UBFC_PHYS_s09_T3_test,3,78,32.6,0.109316386282444,0.3764092252735187
UBFC_PHYS_s09_T3_test,3,79,32.63333333333333,0.06014442816376686,0.4125188423047219
UBFC_PHYS_s09_T3_test,3,80,32.666666666666664,0.005380620714277029,0.4498758856855803
UBFC_PHYS_s09_T3_test,3,81,32.7,-0.058030445128679276,0.47354563337643096
UBFC_PHYS_s09_T3_test,3,82,32.733333333333334,-0.1364850103855133,0.47069749781782394
UBFC_PHYS_s09_T3_test,3,83,32.766666666666666,-0.23011931777000427,0.4381634758879799
UBFC_PHYS_s09_T3_test,3,84,32.8,-0.34771034121513367,0.3843617884626179
UBFC_PHYS_s09_T3_test,3,85,32.833333333333336,-0.5032052993774414,0.3238855980232436
UBFC_PHYS_s09_T3_test,3,86,32.86666666666667,-0.6606658697128296,0.2684889516592228
UBFC_PHYS_s09_T3_test,3,87,32.9,-0.6811974048614502,0.22267327334825449
UBFC_PHYS_s09_T3_test,3,88,32.93333333333333,-0.43556466698646545,0.18574550315597843
UBFC_PHYS_s09_T3_test,3,89,32.96666666666667,-0.0012556471629068255,0.1554916246429211
UBFC_PHYS_s09_T3_test,3,90,33.0,0.39775076508522034,0.13043675095629886
UBFC_PHYS_s09_T3_test,3,91,33.03333333333333,0.6371105313301086,0.1103027743226365
UBFC_PHYS_s09_T3_test,3,92,33.06666666666667,0.7388277053833008,0.09527981905193161
UBFC_PHYS_s09_T3_test,3,93,33.1,0.7302647829055786,0.08550115488472863
UBFC_PHYS_s09_T3_test,3,94,33.13333333333333,0.6616121530532837,0.080698963634396
UBFC_PHYS_s09_T3_test,3,95,33.166666666666664,0.6006985902786255,0.07864564799510365
UBFC_PHYS_s09_T3_test,3,96,33.2,0.5434762239456177,0.07357705978776836
UBFC_PHYS_s09_T3_test,3,97,33.233333333333334,0.4441462755203247,0.05807376598629409
UBFC_PHYS_s09_T3_test,3,98,33.266666666666666,0.32119691371917725,0.02749613053899074
UBFC_PHYS_s09_T3_test,3,99,33.3,0.22098472714424133,-0.018103722522569983
UBFC_PHYS_s09_T3_test,3,100,33.333333333333336,0.11533638089895248,-0.07566652852737843
UBFC_PHYS_s09_T3_test,3,101,33.36666666666667,-0.05468311905860901,-0.14121573687226352
UBFC_PHYS_s09_T3_test,3,102,33.4,-0.26443588733673096,-0.21057459355828734
UBFC_PHYS_s09_T3_test,3,103,33.43333333333333,-0.37219902873039246,-0.2788292706435535
UBFC_PHYS_s09_T3_test,3,104,33.46666666666667,-0.2524283230304718,-0.3398016369081324
UBFC_PHYS_s09_T3_test,3,105,33.5,0.03538329899311066,-0.3875495141307306
UBFC_PHYS_s09_T3_test,3,106,33.53333333333333,0.3012491762638092,-0.4187994961827349
UBFC_PHYS_s09_T3_test,3,107,33.56666666666667,0.45387038588523865,-0.4323974371043603
UBFC_PHYS_s09_T3_test,3,108,33.6,0.505818784236908,-0.426609739647906
UBFC_PHYS_s09_T3_test,3,109,33.63333333333333,0.4547590911388397,-0.3996117581394365
UBFC_PHYS_s09_T3_test,3,110,33.666666666666664,0.33216655254364014,-0.35291029128863294
UBFC_PHYS_s09_T3_test,3,111,33.7,0.23945340514183044,-0.29191778647039207
UBFC_PHYS_s09_T3_test,3,112,33.733333333333334,0.21118277311325073,-0.2228011760617481
UBFC_PHYS_s09_T3_test,3,113,33.766666666666666,0.169023334980011,-0.14989486624367984
UBFC_PHYS_s09_T3_test,3,114,33.8,0.07771140336990356,-0.07547237937086684
UBFC_PHYS_s09_T3_test,3,115,33.833333333333336,-0.0035390942357480526,-0.0007104698863588336
UBFC_PHYS_s09_T3_test,3,116,33.86666666666667,-0.053638700395822525,0.07334240864614594
UBFC_PHYS_s09_T3_test,3,117,33.9,-0.13496054708957672,0.1456593474404023
UBFC_PHYS_s09_T3_test,3,118,33.93333333333333,-0.30549901723861694,0.21585033219519026
UBFC_PHYS_s09_T3_test,3,119,33.96666666666667,-0.516802191734314,0.28440708246250485
UBFC_PHYS_s09_T3_test,3,120,34.0,-0.5994409322738647,0.3517534502127332
UBFC_PHYS_s09_T3_test,3,121,34.03333333333333,-0.41463741660118103,0.41580872442492206
UBFC_PHYS_s09_T3_test,3,122,34.06666666666667,-0.07080996036529541,0.4699093976715904
UBFC_PHYS_s09_T3_test,3,123,34.1,0.21940837800502777,0.5045880931165108
UBFC_PHYS_s09_T3_test,3,124,34.13333333333333,0.36667773127555847,0.5121936499575738
UBFC_PHYS_s09_T3_test,3,125,34.166666666666664,0.40618395805358887,0.4890723056057476
UBFC_PHYS_s09_T3_test,3,126,34.2,0.3789512515068054,0.4344229996058957
UBFC_PHYS_s09_T3_test,3,127,34.233333333333334,0.32137855887413025,0.34951930381620977
UBFC_PHYS_s09_T3_test,3,128,34.266666666666666,0.27647507190704346,0.23815676744987602
UBFC_PHYS_s09_T3_test,3,129,34.3,0.25558674335479736,0.1061085821866967
UBFC_PHYS_s09_T3_test,3,130,34.333333333333336,0.23933663964271545,-0.040196761266782476
UBFC_PHYS_s09_T3_test,3,131,34.36666666666667,0.21634647250175476,-0.19317599731043517
UBFC_PHYS_s09_T3_test,3,132,34.4,0.18352192640304565,-0.3421040571659526
UBFC_PHYS_s09_T3_test,3,133,34.43333333333333,0.1110224798321724,-0.47283255640224003
UBFC_PHYS_s09_T3_test,3,134,34.46666666666667,-0.04787169769406319,-0.5699846144333205
UBFC_PHYS_s09_T3_test,3,135,34.5,-0.25196126103401184,-0.6197467565470709
UBFC_PHYS_s09_T3_test,3,136,34.53333333333333,-0.3259267807006836,-0.6126882723579997
UBFC_PHYS_s09_T3_test,3,137,34.56666666666667,-0.15937787294387817,-0.5474031268025629
UBFC_PHYS_s09_T3_test,3,138,34.6,0.15894243121147156,-0.4339198733088069
UBFC_PHYS_s09_T3_test,3,139,34.63333333333333,0.458177775144577,-0.2941346735868667
UBFC_PHYS_s09_T3_test,3,140,34.666666666666664,0.6476325392723083,-0.15703649728754046
UBFC_PHYS_s09_T3_test,3,141,34.7,0.7194638252258301,-0.04771947111871496
UBFC_PHYS_s09_T3_test,3,142,34.733333333333334,0.6946637630462646,0.023948911797583065
UBFC_PHYS_s09_T3_test,3,143,34.766666666666666,0.6370391845703125,0.06365579873225087
UBFC_PHYS_s09_T3_test,3,144,34.8,0.6009451150894165,0.08273713734934876
UBFC_PHYS_s09_T3_test,3,145,34.833333333333336,0.5191562175750732,0.0906619488064187
UBFC_PHYS_s09_T3_test,3,146,34.86666666666667,0.31582561135292053,0.094369003193742
UBFC_PHYS_s09_T3_test,3,147,34.9,0.09131477773189545,0.09966338484289015
UBFC_PHYS_s09_T3_test,3,148,34.93333333333333,-0.00010094955359818414,0.11158271593364791
UBFC_PHYS_s09_T3_test,3,149,34.96666666666667,0.0034669365268200636,0.13329470856853354
UBFC_PHYS_s09_T3_test,3,150,35.0,-0.03720696270465851,0.1644029431820838
UBFC_PHYS_s09_T3_test,3,151,35.03333333333333,-0.0725160613656044,0.20060959404244944
UBFC_PHYS_s09_T3_test,3,152,35.06666666666667,0.07239200919866562,0.23502539339775722
UBFC_PHYS_s09_T3_test,3,153,35.1,0.38342732191085815,0.25968018542685306
UBFC_PHYS_s09_T3_test,3,154,35.13333333333333,0.6986014246940613,0.2669585840616937
UBFC_PHYS_s09_T3_test,3,155,35.166666666666664,0.9375070333480835,0.25187350286684795
UBFC_PHYS_s09_T3_test,3,156,35.2,1.067157506942749,0.2144742929040112
UBFC_PHYS_s09_T3_test,3,157,35.233333333333334,1.0266847610473633,0.16018908634940646
UBFC_PHYS_s09_T3_test,3,158,35.266666666666666,0.8347713947296143,0.09785957356650674
UBFC_PHYS_s09_T3_test,3,159,35.3,0.5840333700180054,0.0372472817194494
UBFC_PHYS_s09_T3_test,3,160,35.333333333333336,0.308586061000824,-0.012916474172922715
UBFC_PHYS_s09_T3_test,3,161,35.36666666666667,0.017037877812981606,-0.046204050650960324
UBFC_PHYS_s09_T3_test,3,162,35.4,-0.27603477239608765,-0.0591758744451401
UBFC_PHYS_s09_T3_test,3,163,35.43333333333333,-0.5944134593009949,-0.05169479145494499
UBFC_PHYS_s09_T3_test,3,164,35.46666666666667,-0.9751133918762207,-0.026856098260557057
UBFC_PHYS_s09_T3_test,3,165,35.5,-1.4240118265151978,0.009722032169649068
UBFC_PHYS_s09_T3_test,3,166,35.53333333333333,-1.874220609664917,0.05120796133223342
UBFC_PHYS_s09_T3_test,3,167,35.56666666666667,-2.123758554458618,0.09110872955307289
UBFC_PHYS_s09_T3_test,3,168,35.6,-1.9871798753738403,0.12439468387773249
UBFC_PHYS_s09_T3_test,3,169,35.63333333333333,-1.5535001754760742,0.1473616658208214
UBFC_PHYS_s09_T3_test,3,170,35.666666666666664,-1.1098432540893555,0.15687733409129967
UBFC_PHYS_s09_T3_test,3,171,35.7,-0.8182237148284912,0.15093790485262318
UBFC_PHYS_s09_T3_test,3,172,35.733333333333334,-0.6514672040939331,0.1301814629116289
UBFC_PHYS_s09_T3_test,3,173,35.766666666666666,-0.5557181239128113,0.0978167104688032
UBFC_PHYS_s09_T3_test,3,174,35.8,-0.4906139075756073,0.05791342428953368
UBFC_PHYS_s09_T3_test,3,175,35.833333333333336,-0.39824458956718445,0.014509633048884418
UBFC_PHYS_s09_T3_test,3,176,35.86666666666667,-0.24586990475654602,-0.02815192852752044
UBFC_PHYS_s09_T3_test,3,177,35.9,-0.05382682383060455,-0.06614840408496876
UBFC_PHYS_s09_T3_test,3,178,35.93333333333333,0.14482657611370087,-0.09744783840077274
UBFC_PHYS_s09_T3_test,3,179,35.96666666666667,0.3272753059864044,-0.12308642578276528
UBFC_PHYS_s09_T3_test,3,180,36.0,0.450879842042923,-0.14723509832487305
UBFC_PHYS_s09_T3_test,3,181,36.03333333333333,0.45527157187461853,-0.17633772556463528
UBFC_PHYS_s09_T3_test,3,182,36.06666666666667,0.3544560968875885,-0.21722693922421382
UBFC_PHYS_s09_T3_test,3,183,36.1,0.2547498941421509,-0.27392015528116054
UBFC_PHYS_s09_T3_test,3,184,36.13333333333333,0.264675110578537,-0.3444345239417334
UBFC_PHYS_s09_T3_test,3,185,36.166666666666664,0.3757920563220978,-0.42031593611028195
UBFC_PHYS_s09_T3_test,3,186,36.2,0.4811614751815796,-0.48929843273206775
UBFC_PHYS_s09_T3_test,3,187,36.233333333333334,0.5306707620620728,-0.53912021341207
UBFC_PHYS_s09_T3_test,3,188,36.266666666666666,0.5720387697219849,-0.560659365969821
UBFC_PHYS_s09_T3_test,3,189,36.3,0.6157550811767578,-0.5491090174644444
UBFC_PHYS_s09_T3_test,3,190,36.333333333333336,0.6174027919769287,-0.5031130947488065
UBFC_PHYS_s09_T3_test,3,191,36.36666666666667,0.5894824862480164,-0.4229601321715599
UBFC_PHYS_s09_T3_test,3,192,36.4,0.5773581266403198,-0.30970727003734744
UBFC_PHYS_s09_T3_test,3,193,36.43333333333333,0.571746826171875,-0.16735726030167863
UBFC_PHYS_s09_T3_test,3,194,36.46666666666667,0.5571249723434448,-0.005458394813134579
UBFC_PHYS_s09_T3_test,3,195,36.5,0.583994448184967,0.16449150996542716
UBFC_PHYS_s09_T3_test,3,196,36.53333333333333,0.6764675378799438,0.33591902761830966
UBFC_PHYS_s09_T3_test,3,197,36.56666666666667,0.7105441093444824,0.5056626014507558
UBFC_PHYS_s09_T3_test,3,198,36.6,0.5331228375434875,0.6651753293120108
UBFC_PHYS_s09_T3_test,3,199,36.63333333333333,0.14347077906131744,0.7980341315172996
UBFC_PHYS_s09_T3_test,3,200,36.666666666666664,-0.2775527238845825,0.8864036367186532
UBFC_PHYS_s09_T3_test,3,201,36.7,-0.5031469464302063,0.9174215174378593
UBFC_PHYS_s09_T3_test,3,202,36.733333333333334,-0.4494664669036865,0.8856769944413725
UBFC_PHYS_s09_T3_test,3,203,36.766666666666666,-0.24317128956317902,0.7941112737076487
UBFC_PHYS_s09_T3_test,3,204,36.8,-0.07398862391710281,0.654012361970038
UBFC_PHYS_s09_T3_test,3,205,36.833333333333336,-0.02598434127867222,0.48284904565570164
UBFC_PHYS_s09_T3_test,3,206,36.86666666666667,-0.10338152199983597,0.3003954701033887
UBFC_PHYS_s09_T3_test,3,207,36.9,-0.2640272080898285,0.12525942019285852
UBFC_PHYS_s09_T3_test,3,208,36.93333333333333,-0.41271722316741943,-0.02734982294696745
UBFC_PHYS_s09_T3_test,3,209,36.96666666666667,-0.4758298993110657,-0.14716828651470806
UBFC_PHYS_s09_T3_test,3,210,37.0,-0.4885120987892151,-0.23026322888540915
UBFC_PHYS_s09_T3_test,3,211,37.03333333333333,-0.5285178422927856,-0.28050849537515476
UBFC_PHYS_s09_T3_test,3,212,37.06666666666667,-0.5791364312171936,-0.310012959403705
UBFC_PHYS_s09_T3_test,3,213,37.1,-0.5702685713768005,-0.3362799301331249
UBFC_PHYS_s09_T3_test,3,214,37.13333333333333,-0.499001681804657,-0.37592490612198176
UBFC_PHYS_s09_T3_test,3,215,37.166666666666664,-0.41958704590797424,-0.43702728362316934
UBFC_PHYS_s09_T3_test,3,216,37.2,-0.36287063360214233,-0.5139301022962083
UBFC_PHYS_s09_T3_test,3,217,37.233333333333334,-0.3068613111972809,-0.5891639620918409
UBFC_PHYS_s09_T3_test,3,218,37.266666666666666,-0.16060392558574677,-0.6411140061970864
UBFC_PHYS_s09_T3_test,3,219,37.3,0.1573076993227005,-0.6503554180742641
UBFC_PHYS_s09_T3_test,3,220,37.333333333333336,0.5483155846595764,-0.602951125344599
UBFC_PHYS_s09_T3_test,3,221,37.36666666666667,0.8245023488998413,-0.49461950981013497
UBFC_PHYS_s09_T3_test,3,222,37.4,0.9493394494056702,-0.3352230605066772
UBFC_PHYS_s09_T3_test,3,223,37.43333333333333,0.9903506636619568,-0.1485403586710996
UBFC_PHYS_s09_T3_test,3,224,37.46666666666667,0.9305204749107361,0.033993588203095254
UBFC_PHYS_s09_T3_test,3,225,37.5,0.7490253448486328,0.18272815764949668
UBFC_PHYS_s09_T3_test,3,226,37.53333333333333,0.5369307398796082,0.27841867104103535
UBFC_PHYS_s09_T3_test,3,227,37.56666666666667,0.357479065656662,0.31573444398520495
UBFC_PHYS_s09_T3_test,3,228,37.6,0.17943507432937622,0.3013390252838216
UBFC_PHYS_s09_T3_test,3,229,37.63333333333333,0.009577752090990543,0.25014177672675314
UBFC_PHYS_s09_T3_test,3,230,37.666666666666664,-0.10256414860486984,0.18128767398510368
UBFC_PHYS_s09_T3_test,3,231,37.7,-0.18205665051937103,0.11309525656753293
UBFC_PHYS_s09_T3_test,3,232,37.733333333333334,-0.3069196939468384,0.05779009461910756
UBFC_PHYS_s09_T3_test,3,233,37.766666666666666,-0.48906999826431274,0.01849266046144725
UBFC_PHYS_s09_T3_test,3,234,37.8,-0.6479966044425964,-0.009551698994954389
UBFC_PHYS_s09_T3_test,3,235,37.833333333333336,-0.6697607040405273,-0.03250334075400328
UBFC_PHYS_s09_T3_test,3,236,37.86666666666667,-0.4872211813926697,-0.04997317770900882
UBFC_PHYS_s09_T3_test,3,237,37.9,-0.1704188585281372,-0.053186330734343756
UBFC_PHYS_s09_T3_test,3,238,37.93333333333333,0.12275109440088272,-0.030515184005744614
UBFC_PHYS_s09_T3_test,3,239,37.96666666666667,0.2981678247451782,0.025036490665340527
UBFC_PHYS_s09_T3_test,3,240,38.0,0.34841662645339966,0.11028199660971287
UBFC_PHYS_s09_T3_test,3,241,38.03333333333333,0.2910515069961548,0.20968449455959165
UBFC_PHYS_s09_T3_test,3,242,38.06666666666667,0.206109881401062,0.2985253035998961
UBFC_PHYS_s09_T3_test,3,243,38.1,0.18889321386814117,0.353330091083872
UBFC_PHYS_s09_T3_test,3,244,38.13333333333333,0.21286292374134064,0.3641639617857296
UBFC_PHYS_s09_T3_test,3,245,38.166666666666664,0.16097287833690643,0.3373525798248856
UBFC_PHYS_s09_T3_test,3,246,38.2,0.026878755539655685,0.2877305870477868
UBFC_PHYS_s09_T3_test,3,247,38.233333333333334,-0.07730351388454437,0.2302250405546956
UBFC_PHYS_s09_T3_test,3,248,38.266666666666666,-0.12592406570911407,0.17565075865060883
UBFC_PHYS_s09_T3_test,3,249,38.3,-0.21021699905395508,0.12947879541475787
UBFC_PHYS_s09_T3_test,3,250,38.333333333333336,-0.3554299473762512,0.09230843147642005
UBFC_PHYS_s09_T3_test,3,251,38.36666666666667,-0.4718208909034729,0.06122514963565531
UBFC_PHYS_s09_T3_test,3,252,38.4,-0.4450552463531494,0.03178760153261661
UBFC_PHYS_s09_T3_test,3,253,38.43333333333333,-0.24939239025115967,0.0009540048198894736
UBFC_PHYS_s09_T3_test,3,254,38.46666666666667,0.012276371009647846,-0.03061678315209046
UBFC_PHYS_s09_T3_test,3,255,38.5,0.21676164865493774,-0.059961678950326
UBFC_PHYS_s09_T3_test,3,256,38.53333333333333,0.3274828791618347,-0.08588205542413566
UBFC_PHYS_s09_T3_test,3,257,38.56666666666667,0.35570162534713745,-0.11082673912043774
UBFC_PHYS_s09_T3_test,3,258,38.6,0.3143206238746643,-0.1390470800228293
UBFC_PHYS_s09_T3_test,3,259,38.63333333333333,0.26409775018692017,-0.173209937276327
UBFC_PHYS_s09_T3_test,3,260,38.666666666666664,0.2549704611301422,-0.21181030724991382
UBFC_PHYS_s09_T3_test,3,261,38.7,0.24266450107097626,-0.2492778909194918
UBFC_PHYS_s09_T3_test,3,262,38.733333333333334,0.17665861546993256,-0.27840711976175886
UBFC_PHYS_s09_T3_test,3,263,38.766666666666666,0.10208330303430557,-0.2925965849883331
UBFC_PHYS_s09_T3_test,3,264,38.8,0.06613198667764664,-0.2870511680706542
UBFC_PHYS_s09_T3_test,3,265,38.833333333333336,0.015208524651825428,-0.2599356306035683
UBFC_PHYS_s09_T3_test,3,266,38.86666666666667,-0.14617019891738892,-0.2135039047388641
UBFC_PHYS_s09_T3_test,3,267,38.9,-0.44659268856048584,-0.1541967863946871
UBFC_PHYS_s09_T3_test,3,268,38.93333333333333,-0.7368239760398865,-0.09133761125042777
UBFC_PHYS_s09_T3_test,3,269,38.96666666666667,-0.7637907266616821,-0.03480846827996918
UBFC_PHYS_s09_T3_test,3,270,39.0,-0.4786842167377472,0.007446623502023044
UBFC_PHYS_s09_T3_test,3,271,39.03333333333333,-0.11167199164628983,0.03094800498326706
UBFC_PHYS_s09_T3_test,3,272,39.06666666666667,0.14755114912986755,0.03486809494530709
UBFC_PHYS_s09_T3_test,3,273,39.1,0.2796602249145508,0.02133702995619343
UBFC_PHYS_s09_T3_test,3,274,39.13333333333333,0.28843075037002563,-0.005481706585283656
UBFC_PHYS_s09_T3_test,3,275,39.166666666666664,0.2019062638282776,-0.039877126561647866
UBFC_PHYS_s09_T3_test,3,276,39.2,0.10421755164861679,-0.07452153845261911
UBFC_PHYS_s09_T3_test,3,277,39.233333333333334,0.03819868341088295,-0.1003010937991
UBFC_PHYS_s09_T3_test,3,278,39.266666666666666,-0.024583134800195694,-0.10677495790840191
UBFC_PHYS_s09_T3_test,3,279,39.3,-0.09827619791030884,-0.0840436681415505
UBFC_PHYS_s09_T3_test,3,280,39.333333333333336,-0.17184600234031677,-0.026104407176482394
UBFC_PHYS_s09_T3_test,3,281,39.36666666666667,-0.27021586894989014,0.06504763098026736
UBFC_PHYS_s09_T3_test,3,282,39.4,-0.44293397665023804,0.17647129646587906
UBFC_PHYS_s09_T3_test,3,283,39.43333333333333,-0.6571109294891357,0.2851288211063353
UBFC_PHYS_s09_T3_test,3,284,39.46666666666667,-0.7441154718399048,0.36331739726643963
UBFC_PHYS_s09_T3_test,3,285,39.5,-0.5698599219322205,0.387316734172901
UBFC_PHYS_s09_T3_test,3,286,39.53333333333333,-0.24197767674922943,0.3464050832181794
UBFC_PHYS_s09_T3_test,3,287,39.56666666666667,0.009623161517083645,0.24842225512855268
UBFC_PHYS_s09_T3_test,3,288,39.6,0.12050656974315643,0.11884984786469188
UBFC_PHYS_s09_T3_test,3,289,39.63333333333333,0.14952321350574493,-0.008110238080422365
UBFC_PHYS_s09_T3_test,3,290,39.666666666666664,0.12205049395561218,-0.10244992588822896
UBFC_PHYS_s09_T3_test,3,291,39.7,0.03686235100030899,-0.14660539232328282
UBFC_PHYS_s09_T3_test,3,292,39.733333333333334,-0.07047263532876968,-0.1371499923629367
UBFC_PHYS_s09_T3_test,3,293,39.766666666666666,-0.16403557360172272,-0.08500998429673279
UBFC_PHYS_s09_T3_test,3,294,39.8,-0.24935346841812134,-0.014273209672218947
UBFC_PHYS_s09_T3_test,3,295,39.833333333333336,-0.33661746978759766,0.04538031145957073
UBFC_PHYS_s09_T3_test,3,296,39.86666666666667,-0.43226274847984314,0.07063106289289477
UBFC_PHYS_s09_T3_test,3,297,39.9,-0.5729347467422485,0.052172051831396164
UBFC_PHYS_s09_T3_test,3,298,39.93333333333333,-0.7717828154563904,-0.004893241943168307
UBFC_PHYS_s09_T3_test,3,299,39.96666666666667,-0.9110860228538513,-0.08453474013084869
UBFC_PHYS_s09_T3_test,4,0,40.0,-0.8244123458862305,-0.04431034193236068
UBFC_PHYS_s09_T3_test,4,1,40.03333333333333,-0.5296011567115784,-0.10079418277733666
UBFC_PHYS_s09_T3_test,4,2,40.06666666666667,-0.2385524958372116,-0.1422151789269879
UBFC_PHYS_s09_T3_test,4,3,40.1,-0.07192573696374893,-0.15782426021790377
UBFC_PHYS_s09_T3_test,4,4,40.13333333333333,-0.0006458630668930709,-0.14464250641577442
UBFC_PHYS_s09_T3_test,4,5,40.166666666666664,0.03243168443441391,-0.10790541897328002
UBFC_PHYS_s09_T3_test,4,6,40.2,0.05669330805540085,-0.05779393240778066
UBFC_PHYS_s09_T3_test,4,7,40.233333333333334,0.08679977804422379,-0.005236658561968652
UBFC_PHYS_s09_T3_test,4,8,40.266666666666666,0.12400958687067032,0.04124503996235357
UBFC_PHYS_s09_T3_test,4,9,40.3,0.1565876305103302,0.07693014860277647
UBFC_PHYS_s09_T3_test,4,10,40.333333333333336,0.16434615850448608,0.10055890634097388
UBFC_PHYS_s09_T3_test,4,11,40.36666666666667,0.1285635083913803,0.11296322862321645
UBFC_PHYS_s09_T3_test,4,12,40.4,0.03598659485578537,0.11563174614300024
UBFC_PHYS_s09_T3_test,4,13,40.43333333333333,-0.1058790385723114,0.11019333157815578
UBFC_PHYS_s09_T3_test,4,14,40.46666666666667,-0.20433323085308075,0.09864003318180435
UBFC_PHYS_s09_T3_test,4,15,40.5,-0.11135412007570267,0.08303510740820277
UBFC_PHYS_s09_T3_test,4,16,40.53333333333333,0.1765223741531372,0.0648261481394473
UBFC_PHYS_s09_T3_test,4,17,40.56666666666667,0.4580480456352234,0.045230091447081976
UBFC_PHYS_s09_T3_test,4,18,40.6,0.5982400178909302,0.026462603525359903
UBFC_PHYS_s09_T3_test,4,19,40.63333333333333,0.6207890510559082,0.011941776360408765
UBFC_PHYS_s09_T3_test,4,20,40.666666666666664,0.5772478580474854,0.005175886693246005
UBFC_PHYS_s09_T3_test,4,21,40.7,0.48363304138183594,0.008707085966941898
UBFC_PHYS_s09_T3_test,4,22,40.733333333333334,0.3670539855957031,0.023246983761652868
UBFC_PHYS_s09_T3_test,4,23,40.766666666666666,0.2658687233924866,0.04591391923763975
UBFC_PHYS_s09_T3_test,4,24,40.8,0.18947705626487732,0.06873194901351995
UBFC_PHYS_s09_T3_test,4,25,40.833333333333336,0.11754198372364044,0.08051157330504283
UBFC_PHYS_s09_T3_test,4,26,40.86666666666667,0.022740008309483528,0.07164204322529104
UBFC_PHYS_s09_T3_test,4,27,40.9,-0.12264161556959152,0.03779904900774019
UBFC_PHYS_s09_T3_test,4,28,40.93333333333333,-0.32438933849334717,-0.019006729584788176
UBFC_PHYS_s09_T3_test,4,29,40.96666666666667,-0.49168428778648376,-0.09085898604712896
UBFC_PHYS_s09_T3_test,4,30,41.0,-0.4577634036540985,-0.16538577007005617
UBFC_PHYS_s09_T3_test,4,31,41.03333333333333,-0.18970489501953125,-0.22862926865596167
UBFC_PHYS_s09_T3_test,4,32,41.06666666666667,0.10816168785095215,-0.26863856854896484
UBFC_PHYS_s09_T3_test,4,33,41.1,0.2732769548892975,-0.2780821825589852
UBFC_PHYS_s09_T3_test,4,34,41.13333333333333,0.32285112142562866,-0.25529757214664855
UBFC_PHYS_s09_T3_test,4,35,41.166666666666664,0.31958162784576416,-0.2043810498543856
UBFC_PHYS_s09_T3_test,4,36,41.2,0.2731601893901825,-0.13423827377953354
UBFC_PHYS_s09_T3_test,4,37,41.233333333333334,0.19093015789985657,-0.055857394497503106
UBFC_PHYS_s09_T3_test,4,38,41.266666666666666,0.10388021916151047,0.021098726237144653
UBFC_PHYS_s09_T3_test,4,39,41.3,0.028922181576490402,0.08967740512500932
UBFC_PHYS_s09_T3_test,4,40,41.333333333333336,-0.04434273764491081,0.14501679918894936
UBFC_PHYS_s09_T3_test,4,41,41.36666666666667,-0.13154835999011993,0.18439251541737564
UBFC_PHYS_s09_T3_test,4,42,41.4,-0.25223371386528015,0.20791891627493872
UBFC_PHYS_s09_T3_test,4,43,41.43333333333333,-0.4265541434288025,0.217221237064965
UBFC_PHYS_s09_T3_test,4,44,41.46666666666667,-0.5942058563232422,0.212866867745201
UBFC_PHYS_s09_T3_test,4,45,41.5,-0.5853315591812134,0.1946260177072218
UBFC_PHYS_s09_T3_test,4,46,41.53333333333333,-0.3171432912349701,0.16428476518734056
UBFC_PHYS_s09_T3_test,4,47,41.56666666666667,0.025419166311621666,0.12646302457351047
UBFC_PHYS_s09_T3_test,4,48,41.6,0.24361810088157654,0.08657600969917664
UBFC_PHYS_s09_T3_test,4,49,41.63333333333333,0.3229289650917053,0.04900419880574068
UBFC_PHYS_s09_T3_test,4,50,41.666666666666664,0.3281121253967285,0.01672011717420409
UBFC_PHYS_s09_T3_test,4,51,41.7,0.279329389333725,-0.00852129747328394
UBFC_PHYS_s09_T3_test,4,52,41.733333333333334,0.1951078176498413,-0.02606545182546778
UBFC_PHYS_s09_T3_test,4,53,41.766666666666666,0.11466821283102036,-0.036494325766145544
UBFC_PHYS_s09_T3_test,4,54,41.8,0.047157321125268936,-0.04171617923136546
UBFC_PHYS_s09_T3_test,4,55,41.833333333333336,-0.023681432008743286,-0.044322401385942435
UBFC_PHYS_s09_T3_test,4,56,41.86666666666667,-0.10575578361749649,-0.04648091404221614
UBFC_PHYS_s09_T3_test,4,57,41.9,-0.21615266799926758,-0.04953347751051876
UBFC_PHYS_s09_T3_test,4,58,41.93333333333333,-0.3912126123905182,-0.05444509426244138
UBFC_PHYS_s09_T3_test,4,59,41.96666666666667,-0.6015297770500183,-0.0622033025484904
UBFC_PHYS_s09_T3_test,4,60,42.0,-0.6821510195732117,-0.07386362291167527
UBFC_PHYS_s09_T3_test,4,61,42.03333333333333,-0.48613783717155457,-0.09061282833775774
UBFC_PHYS_s09_T3_test,4,62,42.06666666666667,-0.13560277223587036,-0.11374630858318775
UBFC_PHYS_s09_T3_test,4,63,42.1,0.1563151776790619,-0.1440090939647024
UBFC_PHYS_s09_T3_test,4,64,42.13333333333333,0.33878985047340393,-0.18039369854874482
UBFC_PHYS_s09_T3_test,4,65,42.166666666666664,0.45746421813964844,-0.21913559197592364
UBFC_PHYS_s09_T3_test,4,66,42.2,0.49355825781822205,-0.25362277446338055
UBFC_PHYS_s09_T3_test,4,67,42.233333333333334,0.43749701976776123,-0.27572925384774344
UBFC_PHYS_s09_T3_test,4,68,42.266666666666666,0.3561621904373169,-0.277869877284891
UBFC_PHYS_s09_T3_test,4,69,42.3,0.28195664286613464,-0.2540335327429403
UBFC_PHYS_s09_T3_test,4,70,42.333333333333336,0.19065120816230774,-0.19984309937599182
UBFC_PHYS_s09_T3_test,4,71,42.36666666666667,0.09571949392557144,-0.11341978318765118
UBFC_PHYS_s09_T3_test,4,72,42.4,0.016330787912011147,0.002477508433027494
UBFC_PHYS_s09_T3_test,4,73,42.43333333333333,-0.09936602413654327,0.13807454078090758
UBFC_PHYS_s09_T3_test,4,74,42.46666666666667,-0.3102864623069763,0.2761591387083415
UBFC_PHYS_s09_T3_test,4,75,42.5,-0.5473822355270386,0.39636302868874024
UBFC_PHYS_s09_T3_test,4,76,42.53333333333333,-0.6040661931037903,0.48231427770941593
UBFC_PHYS_s09_T3_test,4,77,42.56666666666667,-0.38316217064857483,0.5256423252449619
UBFC_PHYS_s09_T3_test,4,78,42.6,-0.02159908413887024,0.5253515422885835
UBFC_PHYS_s09_T3_test,4,79,42.63333333333333,0.30063292384147644,0.48590896151165613
UBFC_PHYS_s09_T3_test,4,80,42.666666666666664,0.5453315377235413,0.41583461255138
UBFC_PHYS_s09_T3_test,4,81,42.7,0.7208845019340515,0.326533044955153
UBFC_PHYS_s09_T3_test,4,82,42.733333333333334,0.7867217063903809,0.23089405472879101
UBFC_PHYS_s09_T3_test,4,83,42.766666666666666,0.7530732750892639,0.1411927599428233
UBFC_PHYS_s09_T3_test,4,84,42.8,0.7177706956863403,0.06665062516671652
UBFC_PHYS_s09_T3_test,4,85,42.833333333333336,0.7208715081214905,0.011828336027176107
UBFC_PHYS_s09_T3_test,4,86,42.86666666666667,0.7179068922996521,-0.023590786175272542
UBFC_PHYS_s09_T3_test,4,87,42.9,0.6860684156417847,-0.04379057836871497
UBFC_PHYS_s09_T3_test,4,88,42.93333333333333,0.6480347514152527,-0.05526636759692599
UBFC_PHYS_s09_T3_test,4,89,42.96666666666667,0.610377311706543,-0.06574855555893874
UBFC_PHYS_s09_T3_test,4,90,43.0,0.5534403324127197,-0.08356323041576746
UBFC_PHYS_s09_T3_test,4,91,43.03333333333333,0.4716319739818573,-0.11638372700293036
UBFC_PHYS_s09_T3_test,4,92,43.06666666666667,0.3889608085155487,-0.16941987883511564
UBFC_PHYS_s09_T3_test,4,93,43.1,0.32272785902023315,-0.24422401883288938
UBFC_PHYS_s09_T3_test,4,94,43.13333333333333,0.2584734857082367,-0.3385624315472951
UBFC_PHYS_s09_T3_test,4,95,43.166666666666664,0.18169905245304108,-0.4469763665835025
UBFC_PHYS_s09_T3_test,4,96,43.2,0.11167118698358536,-0.5614362950162569
UBFC_PHYS_s09_T3_test,4,97,43.233333333333334,0.06610604375600815,-0.6714431284882978
UBFC_PHYS_s09_T3_test,4,98,43.266666666666666,0.018627207726240158,-0.763929375362739
UBFC_PHYS_s09_T3_test,4,99,43.3,-0.06571761518716812,-0.8241996295596913
UBFC_PHYS_s09_T3_test,4,100,43.333333333333336,-0.17067833244800568,-0.8378812414845922
UBFC_PHYS_s09_T3_test,4,101,43.36666666666667,-0.2559378445148468,-0.7925654869851231
UBFC_PHYS_s09_T3_test,4,102,43.4,-0.32163235545158386,-0.6790780513916247
UBFC_PHYS_s09_T3_test,4,103,43.43333333333333,-0.4090260863304138,-0.4935284178212015
UBFC_PHYS_s09_T3_test,4,104,43.46666666666667,-0.5324100852012634,-0.240293061949295
UBFC_PHYS_s09_T3_test,4,105,43.5,-0.6518888473510742,0.0650596075281794
UBFC_PHYS_s09_T3_test,4,106,43.53333333333333,-0.739976704120636,0.3950965087927114
UBFC_PHYS_s09_T3_test,4,107,43.56666666666667,-0.8322163224220276,0.7149263857921767
UBFC_PHYS_s09_T3_test,4,108,43.6,-0.9850645065307617,0.9902221544025772
UBFC_PHYS_s09_T3_test,4,109,43.63333333333333,-1.2089136838912964,1.1933863393206743
UBFC_PHYS_s09_T3_test,4,110,43.666666666666664,-1.3818458318710327,1.306434799086125
UBFC_PHYS_s09_T3_test,4,111,43.7,-1.2892625331878662,1.323399604368518
UBFC_PHYS_s09_T3_test,4,112,43.733333333333334,-0.8784171938896179,1.2517526972112238
UBFC_PHYS_s09_T3_test,4,113,43.766666666666666,-0.3667563796043396,1.1091093805174328
UBFC_PHYS_s09_T3_test,4,114,43.8,0.021293392404913902,0.9161498247188086
UBFC_PHYS_s09_T3_test,4,115,43.833333333333336,0.25714361667633057,0.6912367863173904
UBFC_PHYS_s09_T3_test,4,116,43.86666666666667,0.38291484117507935,0.4487603143293674
UBFC_PHYS_s09_T3_test,4,117,43.9,0.43914473056793213,0.19938507080027773
UBFC_PHYS_s09_T3_test,4,118,43.93333333333333,0.48378223180770874,-0.04908745614926091
UBFC_PHYS_s09_T3_test,4,119,43.96666666666667,0.5409333109855652,-0.29059248924630254
UBFC_PHYS_s09_T3_test,4,120,44.0,0.571150004863739,-0.5195989934560413
UBFC_PHYS_s09_T3_test,4,121,44.03333333333333,0.5506314635276794,-0.7298645969670297
UBFC_PHYS_s09_T3_test,4,122,44.06666666666667,0.5122539401054382,-0.9131807677308463
UBFC_PHYS_s09_T3_test,4,123,44.1,0.46103858947753906,-1.0582032188987802
UBFC_PHYS_s09_T3_test,4,124,44.13333333333333,0.3612545430660248,-1.1500314880984899
UBFC_PHYS_s09_T3_test,4,125,44.166666666666664,0.2075175791978836,-1.1716238088129887
UBFC_PHYS_s09_T3_test,4,126,44.2,0.06533408164978027,-1.1075471133599188
UBFC_PHYS_s09_T3_test,4,127,44.233333333333334,0.05124417319893837,-0.949748312345983
UBFC_PHYS_s09_T3_test,4,128,44.266666666666666,0.24248285591602325,-0.7039004315775412
UBFC_PHYS_s09_T3_test,4,129,44.3,0.5763656497001648,-0.3939245450139626
UBFC_PHYS_s09_T3_test,4,130,44.333333333333336,0.943442702293396,-0.06116849901579648
UBFC_PHYS_s09_T3_test,4,131,44.36666666666667,1.3060826063156128,0.24547753730964833
UBFC_PHYS_s09_T3_test,4,132,44.4,1.6152431964874268,0.4848788311210646
UBFC_PHYS_s09_T3_test,4,133,44.43333333333333,1.7503688335418701,0.6340745777246763
UBFC_PHYS_s09_T3_test,4,134,44.46666666666667,1.656345248222351,0.6899248299465833
UBFC_PHYS_s09_T3_test,4,135,44.5,1.416057825088501,0.6652710317991387
UBFC_PHYS_s09_T3_test,4,136,44.53333333333333,1.1029596328735352,0.5824114822626084
UBFC_PHYS_s09_T3_test,4,137,44.56666666666667,0.7149942517280579,0.4654877820999249
UBFC_PHYS_s09_T3_test,4,138,44.6,0.28806746006011963,0.33428844431150095
UBFC_PHYS_s09_T3_test,4,139,44.63333333333333,-0.10487354546785355,0.2024410525159233
UBFC_PHYS_s09_T3_test,4,140,44.666666666666664,-0.4961344003677368,0.07944666143416435
UBFC_PHYS_s09_T3_test,4,141,44.7,-0.9730375409126282,-0.027253201100280067
UBFC_PHYS_s09_T3_test,4,142,44.733333333333334,-1.4341446161270142,-0.11176164492589453
UBFC_PHYS_s09_T3_test,4,143,44.766666666666666,-1.603002905845642,-0.1697242325731189
UBFC_PHYS_s09_T3_test,4,144,44.8,-1.3813139200210571,-0.1986284268195241
UBFC_PHYS_s09_T3_test,4,145,44.833333333333336,-0.8951862454414368,-0.19910203982558822
UBFC_PHYS_s09_T3_test,4,146,44.86666666666667,-0.22363874316215515,-0.1760943116500195
UBFC_PHYS_s09_T3_test,4,147,44.9,0.5516888499259949,-0.1373138639085578
UBFC_PHYS_s09_T3_test,4,148,44.93333333333333,1.2132657766342163,-0.08951106360880645
UBFC_PHYS_s09_T3_test,4,149,44.96666666666667,1.5739920139312744,-0.036288336317579134
UBFC_PHYS_s09_T3_test,4,150,45.0,1.6320770978927612,0.021596722954949445
UBFC_PHYS_s09_T3_test,4,151,45.03333333333333,1.474772334098816,0.08539938480906457
UBFC_PHYS_s09_T3_test,4,152,45.06666666666667,1.202581524848938,0.15714181597047386
UBFC_PHYS_s09_T3_test,4,153,45.1,0.9085487723350525,0.23622881664586698
UBFC_PHYS_s09_T3_test,4,154,45.13333333333333,0.6489688754081726,0.31558588488401035
UBFC_PHYS_s09_T3_test,4,155,45.166666666666664,0.38513344526290894,0.381996095580333
UBFC_PHYS_s09_T3_test,4,156,45.2,0.0016375839477404952,0.4209005987168385
UBFC_PHYS_s09_T3_test,4,157,45.233333333333334,-0.5624646544456482,0.42141808795715513
UBFC_PHYS_s09_T3_test,4,158,45.266666666666666,-1.2004740238189697,0.3793300530390031
UBFC_PHYS_s09_T3_test,4,159,45.3,-1.7049731016159058,0.2982647653191297
UBFC_PHYS_s09_T3_test,4,160,45.333333333333336,-1.9634437561035156,0.1891791567210489
UBFC_PHYS_s09_T3_test,4,161,45.36666666666667,-2.026932716369629,0.06800902846079612
UBFC_PHYS_s09_T3_test,4,162,45.4,-2.049027681350708,-0.048118865997912964
UBFC_PHYS_s09_T3_test,4,163,45.43333333333333,-2.1233370304107666,-0.14521030720218817
UBFC_PHYS_s09_T3_test,4,164,45.46666666666667,-2.129518985748291,-0.215969432238066
UBFC_PHYS_s09_T3_test,4,165,45.5,-1.8657809495925903,-0.2611365984354015
UBFC_PHYS_s09_T3_test,4,166,45.53333333333333,-1.3962082862854004,-0.28839537173517277
UBFC_PHYS_s09_T3_test,4,167,45.56666666666667,-1.0435324907302856,-0.3099139599176461
UBFC_PHYS_s09_T3_test,4,168,45.6,-0.9132137894630432,-0.3389176495671337
UBFC_PHYS_s09_T3_test,4,169,45.63333333333333,-0.7347935438156128,-0.38501292583813373
UBFC_PHYS_s09_T3_test,4,170,45.666666666666664,-0.20733025670051575,-0.44963878773907673
UBFC_PHYS_s09_T3_test,4,171,45.7,0.5914674997329712,-0.524457266338682
UBFC_PHYS_s09_T3_test,4,172,45.733333333333334,1.2971564531326294,-0.5935207361433166
UBFC_PHYS_s09_T3_test,4,173,45.766666666666666,1.6728094816207886,-0.6378856377321418
UBFC_PHYS_s09_T3_test,4,174,45.8,1.7542545795440674,-0.6408486464866535
UBFC_PHYS_s09_T3_test,4,175,45.833333333333336,1.7314265966415405,-0.5918636831459307
UBFC_PHYS_s09_T3_test,4,176,45.86666666666667,1.7309335470199585,-0.48831181338406227
UBFC_PHYS_s09_T3_test,4,177,45.9,1.5304312705993652,-0.33549230439036226
UBFC_PHYS_s09_T3_test,4,178,45.93333333333333,0.8350697755813599,-0.14502450629199068
UBFC_PHYS_s09_T3_test,4,179,45.96666666666667,-0.08393329381942749,0.06838405023985795
UBFC_PHYS_s09_T3_test,4,180,46.0,-0.6312599778175354,0.2900629423930375
UBFC_PHYS_s09_T3_test,4,181,46.03333333333333,-0.598578155040741,0.5052888938991605
UBFC_PHYS_s09_T3_test,4,182,46.06666666666667,-0.19684715569019318,0.6970442779580901
UBFC_PHYS_s09_T3_test,4,183,46.1,0.3037921190261841,0.8465275309300903
UBFC_PHYS_s09_T3_test,4,184,46.13333333333333,0.6404967904090881,0.937344403317822
UBFC_PHYS_s09_T3_test,4,185,46.166666666666664,0.7525283694267273,0.9600169216680332
UBFC_PHYS_s09_T3_test,4,186,46.2,0.7621227502822876,0.9143102039462017
UBFC_PHYS_s09_T3_test,4,187,46.233333333333334,0.7362717986106873,0.8083497284703396
UBFC_PHYS_s09_T3_test,4,188,46.266666666666666,0.7185491323471069,0.6555797600348592
UBFC_PHYS_s09_T3_test,4,189,46.3,0.7969777584075928,0.4723872702354589
UBFC_PHYS_s09_T3_test,4,190,46.333333333333336,0.9401991963386536,0.27678062765594186
UBFC_PHYS_s09_T3_test,4,191,46.36666666666667,1.0105514526367188,0.0860617518755355
UBFC_PHYS_s09_T3_test,4,192,46.4,0.930345356464386,-0.08638518252601343
UBFC_PHYS_s09_T3_test,4,193,46.43333333333333,0.7332553267478943,-0.23281573778621073
UBFC_PHYS_s09_T3_test,4,194,46.46666666666667,0.5236127972602844,-0.3506262121946255
UBFC_PHYS_s09_T3_test,4,195,46.5,0.39629119634628296,-0.4407097938381265
UBFC_PHYS_s09_T3_test,4,196,46.53333333333333,0.3278656303882599,-0.505545704307962
UBFC_PHYS_s09_T3_test,4,197,46.56666666666667,0.18217261135578156,-0.5475001306395387
UBFC_PHYS_s09_T3_test,4,198,46.6,-0.11036159843206406,-0.5679410294193087
UBFC_PHYS_s09_T3_test,4,199,46.63333333333333,-0.44098785519599915,-0.5677795312760605
UBFC_PHYS_s09_T3_test,4,200,46.666666666666664,-0.6409581303596497,-0.5487767231404367
UBFC_PHYS_s09_T3_test,4,201,46.7,-0.7010478377342224,-0.513867721752104
UBFC_PHYS_s09_T3_test,4,202,46.733333333333334,-0.7648481130599976,-0.4661567261717607
UBFC_PHYS_s09_T3_test,4,203,46.766666666666666,-0.9122277498245239,-0.40773275295837913
UBFC_PHYS_s09_T3_test,4,204,46.8,-1.0587835311889648,-0.33923619480315104
UBFC_PHYS_s09_T3_test,4,205,46.833333333333336,-1.1064375638961792,-0.2606364149015597
UBFC_PHYS_s09_T3_test,4,206,46.86666666666667,-1.0773495435714722,-0.1726917960092166
UBFC_PHYS_s09_T3_test,4,207,46.9,-1.0642715692520142,-0.07770912214185355
UBFC_PHYS_s09_T3_test,4,208,46.93333333333333,-1.1064894199371338,0.020798954650876642
UBFC_PHYS_s09_T3_test,4,209,46.96666666666667,-1.1354281902313232,0.11888494923824056
UBFC_PHYS_s09_T3_test,4,210,47.0,-1.0028715133666992,0.2127172653608141
UBFC_PHYS_s09_T3_test,4,211,47.03333333333333,-0.6581878066062927,0.2984640677265527
UBFC_PHYS_s09_T3_test,4,212,47.06666666666667,-0.319206178188324,0.3719290456012599
UBFC_PHYS_s09_T3_test,4,213,47.1,-0.176412895321846,0.42909194010851115
UBFC_PHYS_s09_T3_test,4,214,47.13333333333333,-0.15480448305606842,0.4673982522979329
UBFC_PHYS_s09_T3_test,4,215,47.166666666666664,-0.13898901641368866,0.48636007471520687
UBFC_PHYS_s09_T3_test,4,216,47.2,-0.14990675449371338,0.48705082142501355
UBFC_PHYS_s09_T3_test,4,217,47.233333333333334,-0.1857672482728958,0.4712062947904983
UBFC_PHYS_s09_T3_test,4,218,47.266666666666666,-0.22439123690128326,0.44044137133969324
UBFC_PHYS_s09_T3_test,4,219,47.3,-0.3563900589942932,0.39576595841407936
UBFC_PHYS_s09_T3_test,4,220,47.333333333333336,-0.6251945495605469,0.33761987893207196
UBFC_PHYS_s09_T3_test,4,221,47.36666666666667,-0.9074922204017639,0.26663380196469116
UBFC_PHYS_s09_T3_test,4,222,47.4,-1.1016955375671387,0.18445200520019076
UBFC_PHYS_s09_T3_test,4,223,47.43333333333333,-1.2296268939971924,0.09326252867401241
UBFC_PHYS_s09_T3_test,4,224,47.46666666666667,-1.2816271781921387,-0.005415010805816892
UBFC_PHYS_s09_T3_test,4,225,47.5,-1.1978727579116821,-0.11038809592466459
UBFC_PHYS_s09_T3_test,4,226,47.53333333333333,-1.029650092124939,-0.21902032837509242
UBFC_PHYS_s09_T3_test,4,227,47.56666666666667,-0.8939861059188843,-0.32655187672974134
UBFC_PHYS_s09_T3_test,4,228,47.6,-0.8062356114387512,-0.42704535388305004
UBFC_PHYS_s09_T3_test,4,229,47.63333333333333,-0.7209241986274719,-0.5143644208801335
UBFC_PHYS_s09_T3_test,4,230,47.666666666666664,-0.5973650813102722,-0.5823411812889923
UBFC_PHYS_s09_T3_test,4,231,47.7,-0.40768975019454956,-0.6242735910446738
UBFC_PHYS_s09_T3_test,4,232,47.733333333333334,-0.17543983459472656,-0.6325286346502589
UBFC_PHYS_s09_T3_test,4,233,47.766666666666666,0.03804299607872963,-0.5994380561514012
UBFC_PHYS_s09_T3_test,4,234,47.8,0.21226611733436584,-0.5199366389360066
UBFC_PHYS_s09_T3_test,4,235,47.833333333333336,0.34805986285209656,-0.39546518744676473
UBFC_PHYS_s09_T3_test,4,236,47.86666666666667,0.40938207507133484,-0.2369351985593842
UBFC_PHYS_s09_T3_test,4,237,47.9,0.3766353726387024,-0.06335464669022395
UBFC_PHYS_s09_T3_test,4,238,47.93333333333333,0.3007951080799103,0.10368708082443398
UBFC_PHYS_s09_T3_test,4,239,47.96666666666667,0.20599311590194702,0.24588234859328023
UBFC_PHYS_s09_T3_test,4,240,48.0,0.008818765170872211,0.35187732891982687
UBFC_PHYS_s09_T3_test,4,241,48.03333333333333,-0.3474443852901459,0.41801948656774723
UBFC_PHYS_s09_T3_test,4,242,48.06666666666667,-0.7592368125915527,0.44670697383081853
UBFC_PHYS_s09_T3_test,4,243,48.1,-1.1421552896499634,0.4439219231899036
UBFC_PHYS_s09_T3_test,4,244,48.13333333333333,-1.543458104133606,0.4171633839776998
UBFC_PHYS_s09_T3_test,4,245,48.166666666666664,-2.0196216106414795,0.3743556082381949
UBFC_PHYS_s09_T3_test,4,246,48.2,-2.490427017211914,0.32350870614923616
UBFC_PHYS_s09_T3_test,4,247,48.233333333333334,-2.726478338241577,0.27223417812640843
UBFC_PHYS_s09_T3_test,4,248,48.266666666666666,-2.5036799907684326,0.22683555481293127
UBFC_PHYS_s09_T3_test,4,249,48.3,-1.8590474128723145,0.19141997494741717
UBFC_PHYS_s09_T3_test,4,250,48.333333333333336,-1.0401396751403809,0.1673514685066332
UBFC_PHYS_s09_T3_test,4,251,48.36666666666667,-0.1974245011806488,0.15317403103725766
UBFC_PHYS_s09_T3_test,4,252,48.4,0.6572074294090271,0.14480845671727213
UBFC_PHYS_s09_T3_test,4,253,48.43333333333333,1.4280978441238403,0.1355725001912423
UBFC_PHYS_s09_T3_test,4,254,48.46666666666667,1.9180983304977417,0.11654935741667467
UBFC_PHYS_s09_T3_test,4,255,48.5,2.0874691009521484,0.07863529520311546
UBFC_PHYS_s09_T3_test,4,256,48.53333333333333,2.0953054428100586,0.01587654790275069
UBFC_PHYS_s09_T3_test,4,257,48.56666666666667,2.045348644256592,-0.07198459777649323
UBFC_PHYS_s09_T3_test,4,258,48.6,1.9378514289855957,-0.17888907200282506
UBFC_PHYS_s09_T3_test,4,259,48.63333333333333,1.8351936340332031,-0.29370646487254126
UBFC_PHYS_s09_T3_test,4,260,48.666666666666664,1.774565577507019,-0.4027281338205145
UBFC_PHYS_s09_T3_test,4,261,48.7,1.6508572101593018,-0.4923752464443985
UBFC_PHYS_s09_T3_test,4,262,48.733333333333334,1.385146975517273,-0.5513951204639521
UBFC_PHYS_s09_T3_test,4,263,48.766666666666666,1.0888956785202026,-0.572235708179449
UBFC_PHYS_s09_T3_test,4,264,48.8,0.959770679473877,-0.5516656803918218
UBFC_PHYS_s09_T3_test,4,265,48.833333333333336,1.0796711444854736,-0.49100131524702245
UBFC_PHYS_s09_T3_test,4,266,48.86666666666667,1.3618584871292114,-0.39606470943517125
UBFC_PHYS_s09_T3_test,4,267,48.9,1.6337313652038574,-0.276711620973778
UBFC_PHYS_s09_T3_test,4,268,48.93333333333333,1.768934726715088,-0.14525361222102204
UBFC_PHYS_s09_T3_test,4,269,48.96666666666667,1.7147353887557983,-0.012832704676571945
UBFC_PHYS_s09_T3_test,4,270,49.0,1.4560506343841553,0.11415999332301384
UBFC_PHYS_s09_T3_test,4,271,49.03333333333333,1.057906985282898,0.23301252834283348
UBFC_PHYS_s09_T3_test,4,272,49.06666666666667,0.6594778895378113,0.33984825183528095
UBFC_PHYS_s09_T3_test,4,273,49.1,0.30953317880630493,0.4271542977645583
UBFC_PHYS_s09_T3_test,4,274,49.13333333333333,-0.027463391423225403,0.48602752259339854
UBFC_PHYS_s09_T3_test,4,275,49.166666666666664,-0.34404516220092773,0.5110385220904082
UBFC_PHYS_s09_T3_test,4,276,49.2,-0.6020487546920776,0.5040982842030148
UBFC_PHYS_s09_T3_test,4,277,49.233333333333334,-0.8280127048492432,0.4731486913488006
UBFC_PHYS_s09_T3_test,4,278,49.266666666666666,-1.088513731956482,0.4267200329052642
UBFC_PHYS_s09_T3_test,4,279,49.3,-1.3672629594802856,0.3703392860668871
UBFC_PHYS_s09_T3_test,4,280,49.333333333333336,-1.4966344833374023,0.3066531559864733
UBFC_PHYS_s09_T3_test,4,281,49.36666666666667,-1.268730878829956,0.23657416268348963
UBFC_PHYS_s09_T3_test,4,282,49.4,-0.676857590675354,0.1602965109015168
UBFC_PHYS_s09_T3_test,4,283,49.43333333333333,0.0326976515352726,0.07888661372541789
UBFC_PHYS_s09_T3_test,4,284,49.46666666666667,0.616085946559906,-0.004242586086101787
UBFC_PHYS_s09_T3_test,4,285,49.5,1.0152544975280762,-0.08391776835001652
UBFC_PHYS_s09_T3_test,4,286,49.53333333333333,1.26885986328125,-0.1555764644698278
UBFC_PHYS_s09_T3_test,4,287,49.56666666666667,1.4015527963638306,-0.21699066441500833
UBFC_PHYS_s09_T3_test,4,288,49.6,1.3985233306884766,-0.2682144799626742
UBFC_PHYS_s09_T3_test,4,289,49.63333333333333,1.225818157196045,-0.3102185371582421
UBFC_PHYS_s09_T3_test,4,290,49.666666666666664,0.819961428642273,-0.34332479196471183
UBFC_PHYS_s09_T3_test,4,291,49.7,0.1386054903268814,-0.3669070313749377
UBFC_PHYS_s09_T3_test,4,292,49.733333333333334,-0.6861146092414856,-0.38004800847906556
UBFC_PHYS_s09_T3_test,4,293,49.766666666666666,-1.3841228485107422,-0.3811899804895831
UBFC_PHYS_s09_T3_test,4,294,49.8,-1.8689531087875366,-0.36715316754180494
UBFC_PHYS_s09_T3_test,4,295,49.833333333333336,-2.219066619873047,-0.33412910899413617
UBFC_PHYS_s09_T3_test,4,296,49.86666666666667,-2.307394504547119,-0.28047663573600856
UBFC_PHYS_s09_T3_test,4,297,49.9,-1.9422245025634766,-0.20837515543111518
UBFC_PHYS_s09_T3_test,4,298,49.93333333333333,-1.2727398872375488,-0.12333085724852635
UBFC_PHYS_s09_T3_test,4,299,49.96666666666667,-0.6328946948051453,-0.03271976339179809
UBFC_PHYS_s09_T3_test,5,0,50.0,-0.13937824964523315,-0.06179612692988088
UBFC_PHYS_s09_T3_test,5,1,50.03333333333333,0.2435726821422577,-0.04775958755856321
UBFC_PHYS_s09_T3_test,5,2,50.06666666666667,0.4845801591873169,-0.02492887886629941
UBFC_PHYS_s09_T3_test,5,3,50.1,0.5533430576324463,0.009996952489136002
UBFC_PHYS_s09_T3_test,5,4,50.13333333333333,0.5209012031555176,0.05175760415060742
UBFC_PHYS_s09_T3_test,5,5,50.166666666666664,0.47287100553512573,0.08941205457677842
UBFC_PHYS_s09_T3_test,5,6,50.2,0.40413403511047363,0.113530736386148
UBFC_PHYS_s09_T3_test,5,7,50.233333333333334,0.2583177983760834,0.1205037433672041
UBFC_PHYS_s09_T3_test,5,8,50.266666666666666,0.030050931498408318,0.11183868608948673
UBFC_PHYS_s09_T3_test,5,9,50.3,-0.2651754319667816,0.09187494238574023
UBFC_PHYS_s09_T3_test,5,10,50.333333333333336,-0.610858142375946,0.06600301926680019
UBFC_PHYS_s09_T3_test,5,11,50.36666666666667,-0.8406494855880737,0.03956350218161164
UBFC_PHYS_s09_T3_test,5,12,50.4,-0.7270090579986572,0.017513689490938154
UBFC_PHYS_s09_T3_test,5,13,50.43333333333333,-0.3408600091934204,0.0048883053900637295
UBFC_PHYS_s09_T3_test,5,14,50.46666666666667,-0.016831090673804283,0.007050030331605766
UBFC_PHYS_s09_T3_test,5,15,50.5,0.09065309911966324,0.02799839393287544
UBFC_PHYS_s09_T3_test,5,16,50.53333333333333,0.10033828765153885,0.06751876011854224
UBFC_PHYS_s09_T3_test,5,17,50.56666666666667,0.09697798639535904,0.12029049889441173
UBFC_PHYS_s09_T3_test,5,18,50.6,0.04797469079494476,0.17770828726303664
UBFC_PHYS_s09_T3_test,5,19,50.63333333333333,-0.05235426127910614,0.23060218232720892
UBFC_PHYS_s09_T3_test,5,20,50.666666666666664,-0.17742487788200378,0.2715304759304295
UBFC_PHYS_s09_T3_test,5,21,50.7,-0.3119017481803894,0.2961122420135039
UBFC_PHYS_s09_T3_test,5,22,50.733333333333334,-0.4237971305847168,0.3031921467688908
UBFC_PHYS_s09_T3_test,5,23,50.766666666666666,-0.4743119180202484,0.2939608430884594
UBFC_PHYS_s09_T3_test,5,24,50.8,-0.506533145904541,0.27056655362658094
UBFC_PHYS_s09_T3_test,5,25,50.833333333333336,-0.6111500859260559,0.2350379228805095
UBFC_PHYS_s09_T3_test,5,26,50.86666666666667,-0.732211709022522,0.18885838515195444
UBFC_PHYS_s09_T3_test,5,27,50.9,-0.6392195820808411,0.1329969110463444
UBFC_PHYS_s09_T3_test,5,28,50.93333333333333,-0.22528645396232605,0.06820163990374323
UBFC_PHYS_s09_T3_test,5,29,50.96666666666667,0.3132372796535492,-0.004573288750612439
UBFC_PHYS_s09_T3_test,5,30,51.0,0.7315102815628052,-0.08376208209090912
UBFC_PHYS_s09_T3_test,5,31,51.03333333333333,0.9747687578201294,-0.16695407110249386
UBFC_PHYS_s09_T3_test,5,32,51.06666666666667,1.0718671083450317,-0.25078713023497406
UBFC_PHYS_s09_T3_test,5,33,51.1,1.0184266567230225,-0.3307545341353631
UBFC_PHYS_s09_T3_test,5,34,51.13333333333333,0.8709432482719421,-0.40122969604963077
UBFC_PHYS_s09_T3_test,5,35,51.166666666666664,0.7149682641029358,-0.45644277410827233
UBFC_PHYS_s09_T3_test,5,36,51.2,0.5603879690170288,-0.49197820979844037
UBFC_PHYS_s09_T3_test,5,37,51.233333333333334,0.38798773288726807,-0.5052942308220121
UBFC_PHYS_s09_T3_test,5,38,51.266666666666666,0.21283048391342163,-0.4953585535851192
UBFC_PHYS_s09_T3_test,5,39,51.3,0.01417059451341629,-0.4630320667683921
UBFC_PHYS_s09_T3_test,5,40,51.333333333333336,-0.25708603858947754,-0.4121426527648548
UBFC_PHYS_s09_T3_test,5,41,51.36666666666667,-0.544216513633728,-0.3495000942022642
UBFC_PHYS_s09_T3_test,5,42,51.4,-0.6610355973243713,-0.28302416897745386
UBFC_PHYS_s09_T3_test,5,43,51.43333333333333,-0.4441211223602295,-0.21835223857200722
UBFC_PHYS_s09_T3_test,5,44,51.46666666666667,0.05163988471031189,-0.1556770278832559
UBFC_PHYS_s09_T3_test,5,45,51.5,0.5613221526145935,-0.08954315235816507
UBFC_PHYS_s09_T3_test,5,46,51.53333333333333,0.8622052073478699,-0.011657281659675205
UBFC_PHYS_s09_T3_test,5,47,51.56666666666667,0.9416912198066711,0.08591073830662141
UBFC_PHYS_s09_T3_test,5,48,51.6,0.8448912501335144,0.20763278069444577
UBFC_PHYS_s09_T3_test,5,49,51.63333333333333,0.6433315873146057,0.3499054385740862
UBFC_PHYS_s09_T3_test,5,50,51.666666666666664,0.47089242935180664,0.49765037030130566
UBFC_PHYS_s09_T3_test,5,51,51.7,0.3878255784511566,0.6285697429021446
UBFC_PHYS_s09_T3_test,5,52,51.733333333333334,0.322474867105484,0.7230043942694356
UBFC_PHYS_s09_T3_test,5,53,51.766666666666666,0.24036158621311188,0.7693220016630021
UBFC_PHYS_s09_T3_test,5,54,51.8,0.1908782571554184,0.762818199364897
UBFC_PHYS_s09_T3_test,5,55,51.833333333333336,0.15085306763648987,0.704570211475544
UBFC_PHYS_s09_T3_test,5,56,51.86666666666667,0.015247447416186333,0.6021658666235118
UBFC_PHYS_s09_T3_test,5,57,51.9,-0.2715003192424774,0.4691383312029874
UBFC_PHYS_s09_T3_test,5,58,51.93333333333333,-0.6068426966667175,0.3218975664872243
UBFC_PHYS_s09_T3_test,5,59,51.96666666666667,-0.7453285455703735,0.17534000929799143
UBFC_PHYS_s09_T3_test,5,60,52.0,-0.5392085313796997,0.03909412943156093
UBFC_PHYS_s09_T3_test,5,61,52.03333333333333,-0.15976060926914215,-0.08329734113107215
UBFC_PHYS_s09_T3_test,5,62,52.06666666666667,0.11595264822244644,-0.19257812366633548
UBFC_PHYS_s09_T3_test,5,63,52.1,0.24749088287353516,-0.2921595808380646
UBFC_PHYS_s09_T3_test,5,64,52.13333333333333,0.30585500597953796,-0.3873244177159739
UBFC_PHYS_s09_T3_test,5,65,52.166666666666664,0.296130895614624,-0.4836108527423094
UBFC_PHYS_s09_T3_test,5,66,52.2,0.2463621348142624,-0.583966791908398
UBFC_PHYS_s09_T3_test,5,67,52.233333333333334,0.23668991029262543,-0.6857144842146825
UBFC_PHYS_s09_T3_test,5,68,52.266666666666666,0.26115262508392334,-0.77868397062089
UBFC_PHYS_s09_T3_test,5,69,52.3,0.24283964931964874,-0.8459006129302914
UBFC_PHYS_s09_T3_test,5,70,52.333333333333336,0.18802395462989807,-0.8669726033110955
UBFC_PHYS_s09_T3_test,5,71,52.36666666666667,0.14920534193515778,-0.8230125293109872
UBFC_PHYS_s09_T3_test,5,72,52.4,0.09952740371227264,-0.7018212649534517
UBFC_PHYS_s09_T3_test,5,73,52.43333333333333,-0.045899633318185806,-0.5021370940369873
UBFC_PHYS_s09_T3_test,5,74,52.46666666666667,-0.28125685453414917,-0.23603541727580696
UBFC_PHYS_s09_T3_test,5,75,52.5,-0.4390806555747986,0.07106704102989399
UBFC_PHYS_s09_T3_test,5,76,52.53333333333333,-0.3309023678302765,0.3831149583501566
UBFC_PHYS_s09_T3_test,5,77,52.56666666666667,-0.005018145311623812,0.6588132866599707
UBFC_PHYS_s09_T3_test,5,78,52.6,0.3230392336845398,0.8589406914147778
UBFC_PHYS_s09_T3_test,5,79,52.63333333333333,0.5170608758926392,0.9540348234783022
UBFC_PHYS_s09_T3_test,5,80,52.666666666666664,0.6035853624343872,0.9308155502248129
UBFC_PHYS_s09_T3_test,5,81,52.7,0.6309542655944824,0.7957920790704943
UBFC_PHYS_s09_T3_test,5,82,52.733333333333334,0.5937315225601196,0.5747328086063321
UBFC_PHYS_s09_T3_test,5,83,52.766666666666666,0.4926695227622986,0.3071680963975924
UBFC_PHYS_s09_T3_test,5,84,52.8,0.3543717563152313,0.03744146231293365
UBFC_PHYS_s09_T3_test,5,85,52.833333333333336,0.17764464020729065,-0.1940676821161619
UBFC_PHYS_s09_T3_test,5,86,52.86666666666667,-0.059009991586208344,-0.35733594401448726
UBFC_PHYS_s09_T3_test,5,87,52.9,-0.3585502505302429,-0.43621241614771483
UBFC_PHYS_s09_T3_test,5,88,52.93333333333333,-0.7104086875915527,-0.4296211738948186
UBFC_PHYS_s09_T3_test,5,89,52.96666666666667,-1.0723739862442017,-0.35171895060019437
UBFC_PHYS_s09_T3_test,5,90,53.0,-1.3247597217559814,-0.22972154188695934
UBFC_PHYS_s09_T3_test,5,91,53.03333333333333,-1.3922251462936401,-0.09598294745268643
UBFC_PHYS_s09_T3_test,5,92,53.06666666666667,-1.4442968368530273,0.02269120092300385
UBFC_PHYS_s09_T3_test,5,93,53.1,-1.6815223693847656,0.10971337412207471
UBFC_PHYS_s09_T3_test,5,94,53.13333333333333,-2.0072507858276367,0.15693372914139073
UBFC_PHYS_s09_T3_test,5,95,53.166666666666664,-2.1356430053710938,0.16424767935649193
UBFC_PHYS_s09_T3_test,5,96,53.2,-2.0015616416931152,0.14127069809482837
UBFC_PHYS_s09_T3_test,5,97,53.233333333333334,-1.8132033348083496,0.10440787855554516
UBFC_PHYS_s09_T3_test,5,98,53.266666666666666,-1.6781750917434692,0.06949623112709875
UBFC_PHYS_s09_T3_test,5,99,53.3,-1.4413906335830688,0.04714084783895359
UBFC_PHYS_s09_T3_test,5,100,53.333333333333336,-1.0223326683044434,0.04269857078016977
UBFC_PHYS_s09_T3_test,5,101,53.36666666666667,-0.5789093375205994,0.05727682141861377
UBFC_PHYS_s09_T3_test,5,102,53.4,-0.24297019839286804,0.08814909297151945
UBFC_PHYS_s09_T3_test,5,103,53.43333333333333,0.07342993468046188,0.12949439935000723
UBFC_PHYS_s09_T3_test,5,104,53.46666666666667,0.6051487326622009,0.17374582547434098
UBFC_PHYS_s09_T3_test,5,105,53.5,1.5765154361724854,0.21307565109515894
UBFC_PHYS_s09_T3_test,5,106,53.53333333333333,2.859579086303711,0.2406249056210228
UBFC_PHYS_s09_T3_test,5,107,53.56666666666667,3.824958324432373,0.2512250974565541
UBFC_PHYS_s09_T3_test,5,108,53.6,4.096273422241211,0.24177439403161738
UBFC_PHYS_s09_T3_test,5,109,53.63333333333333,3.9821529388427734,0.2117604643084953
UBFC_PHYS_s09_T3_test,5,110,53.666666666666664,3.886397361755371,0.16364160017504717
UBFC_PHYS_s09_T3_test,5,111,53.7,3.8125483989715576,0.10209028892923094
UBFC_PHYS_s09_T3_test,5,112,53.733333333333334,3.6463887691497803,0.032176534049572006
UBFC_PHYS_s09_T3_test,5,113,53.766666666666666,3.343449354171753,-0.042343834598415946
UBFC_PHYS_s09_T3_test,5,114,53.8,2.8139166831970215,-0.11973388056673659
UBFC_PHYS_s09_T3_test,5,115,53.833333333333336,2.0350537300109863,-0.1995470684152129
UBFC_PHYS_s09_T3_test,5,116,53.86666666666667,1.1211494207382202,-0.28109311118444485
UBFC_PHYS_s09_T3_test,5,117,53.9,0.1910923272371292,-0.3626104401443103
UBFC_PHYS_s09_T3_test,5,118,53.93333333333333,-0.6515190601348877,-0.4412621398398153
UBFC_PHYS_s09_T3_test,5,119,53.96666666666667,-1.2479593753814697,-0.5126843777815054
UBFC_PHYS_s09_T3_test,5,120,54.0,-1.48093581199646,-0.5704080011297462
UBFC_PHYS_s09_T3_test,5,121,54.03333333333333,-1.4091694355010986,-0.6069863356519547
UBFC_PHYS_s09_T3_test,5,122,54.06666666666667,-1.2206228971481323,-0.6166270840500189
UBFC_PHYS_s09_T3_test,5,123,54.1,-1.0407041311264038,-0.5971035490128996
UBFC_PHYS_s09_T3_test,5,124,54.13333333333333,-0.8908788561820984,-0.5500809518569446
UBFC_PHYS_s09_T3_test,5,125,54.166666666666664,-0.6644088625907898,-0.4805446904065991
UBFC_PHYS_s09_T3_test,5,126,54.2,-0.21533529460430145,-0.3951902583120847
UBFC_PHYS_s09_T3_test,5,127,54.233333333333334,0.3567330539226532,-0.2988863701711257
UBFC_PHYS_s09_T3_test,5,128,54.266666666666666,0.723193883895874,-0.19141382148330258
UBFC_PHYS_s09_T3_test,5,129,54.3,0.7949732542037964,-0.06922538457468848
UBFC_PHYS_s09_T3_test,5,130,54.333333333333336,0.7375432848930359,0.06870729249997301
UBFC_PHYS_s09_T3_test,5,131,54.36666666666667,0.6010748744010925,0.21735625578551607
UBFC_PHYS_s09_T3_test,5,132,54.4,0.4177374243736267,0.36682540684712034
UBFC_PHYS_s09_T3_test,5,133,54.43333333333333,0.3082033097743988,0.5060831857435221
UBFC_PHYS_s09_T3_test,5,134,54.46666666666667,0.24359215795993805,0.6264839105200816
UBFC_PHYS_s09_T3_test,5,135,54.5,0.10505437850952148,0.7224750004007057
UBFC_PHYS_s09_T3_test,5,136,54.53333333333333,-0.03574737533926964,0.7902225016688845
UBFC_PHYS_s09_T3_test,5,137,54.56666666666667,-0.06677500903606415,0.8279446208372564
UBFC_PHYS_s09_T3_test,5,138,54.6,-0.04742409288883209,0.8372919705382754
UBFC_PHYS_s09_T3_test,5,139,54.63333333333333,-0.06946065276861191,0.8208709703796442
UBFC_PHYS_s09_T3_test,5,140,54.666666666666664,-0.13574548065662384,0.7771134895457861
UBFC_PHYS_s09_T3_test,5,141,54.7,-0.21132628619670868,0.6995365566849483
UBFC_PHYS_s09_T3_test,5,142,54.733333333333334,-0.2793496549129486,0.5816397306507001
UBFC_PHYS_s09_T3_test,5,143,54.766666666666666,-0.37522849440574646,0.422516493345394
UBFC_PHYS_s09_T3_test,5,144,54.8,-0.5752896070480347,0.22976605404696307
UBFC_PHYS_s09_T3_test,5,145,54.833333333333336,-0.8655728101730347,0.018643773156531363
UBFC_PHYS_s09_T3_test,5,146,54.86666666666667,-1.1213836669921875,-0.19155673559127365
UBFC_PHYS_s09_T3_test,5,147,54.9,-1.2652084827423096,-0.3811379853141958
UBFC_PHYS_s09_T3_test,5,148,54.93333333333333,-1.3274778127670288,-0.532605426728694
UBFC_PHYS_s09_T3_test,5,149,54.96666666666667,-1.3454015254974365,-0.6330813213706082
UBFC_PHYS_s09_T3_test,5,150,55.0,-1.341399073600769,-0.676519510707897
UBFC_PHYS_s09_T3_test,5,151,55.03333333333333,-1.3570653200149536,-0.6647625533291888
UBFC_PHYS_s09_T3_test,5,152,55.06666666666667,-1.3996464014053345,-0.6072582593696751
UBFC_PHYS_s09_T3_test,5,153,55.1,-1.4485329389572144,-0.5200360979569407
UBFC_PHYS_s09_T3_test,5,154,55.13333333333333,-1.503309726715088,-0.4236129691193475
UBFC_PHYS_s09_T3_test,5,155,55.166666666666664,-1.5664677619934082,-0.33871948001874025
UBFC_PHYS_s09_T3_test,5,156,55.2,-1.6645522117614746,-0.2808348775271943
UBFC_PHYS_s09_T3_test,5,157,55.233333333333334,-1.8522684574127197,-0.25649356708424953
UBFC_PHYS_s09_T3_test,5,158,55.266666666666666,-2.0668022632598877,-0.262429507449467
UBFC_PHYS_s09_T3_test,5,159,55.3,-2.098536968231201,-0.28655593614437047
UBFC_PHYS_s09_T3_test,5,160,55.333333333333336,-1.8784631490707397,-0.31061229435952087
UBFC_PHYS_s09_T3_test,5,161,55.36666666666667,-1.5931684970855713,-0.3151516560359051
UBFC_PHYS_s09_T3_test,5,162,55.4,-1.4740270376205444,-0.28573423868932224
UBFC_PHYS_s09_T3_test,5,163,55.43333333333333,-1.565566062927246,-0.21751194155252607
UBFC_PHYS_s09_T3_test,5,164,55.46666666666667,-1.7475411891937256,-0.11615193710764071
UBFC_PHYS_s09_T3_test,5,165,55.5,-1.9589028358459473,0.005734612032492965
UBFC_PHYS_s09_T3_test,5,166,55.53333333333333,-2.3126230239868164,0.13422515614049899
UBFC_PHYS_s09_T3_test,5,167,55.56666666666667,-2.8517630100250244,0.25670097367519107
UBFC_PHYS_s09_T3_test,5,168,55.6,-3.3614907264709473,0.36132749261336994
UBFC_PHYS_s09_T3_test,5,169,55.63333333333333,-3.5879411697387695,0.43815271985222826
UBFC_PHYS_s09_T3_test,5,170,55.666666666666664,-3.5167715549468994,0.48216079242648296
UBFC_PHYS_s09_T3_test,5,171,55.7,-3.2585604190826416,0.4940425884874878
UBFC_PHYS_s09_T3_test,5,172,55.733333333333334,-2.812976837158203,0.47798693608898074
UBFC_PHYS_s09_T3_test,5,173,55.766666666666666,-2.138627052307129,0.4395356684228588
UBFC_PHYS_s09_T3_test,5,174,55.8,-1.3058629035949707,0.3850434563175006
UBFC_PHYS_s09_T3_test,5,175,55.833333333333336,-0.3902330696582794,0.32237610077137746
UBFC_PHYS_s09_T3_test,5,176,55.86666666666667,0.5727523565292358,0.26118200373893874
UBFC_PHYS_s09_T3_test,5,177,55.9,1.444432258605957,0.21028364872361047
UBFC_PHYS_s09_T3_test,5,178,55.93333333333333,2.01134991645813,0.17337862299403967
UBFC_PHYS_s09_T3_test,5,179,55.96666666666667,2.2274599075317383,0.14761564791370343
UBFC_PHYS_s09_T3_test,5,180,56.0,2.26865291595459,0.12611513612788844
UBFC_PHYS_s09_T3_test,5,181,56.03333333333333,2.3120319843292236,0.10172389589650643
UBFC_PHYS_s09_T3_test,5,182,56.06666666666667,2.425224781036377,0.06984992295222574
UBFC_PHYS_s09_T3_test,5,183,56.1,2.58355450630188,0.029303129810433145
UBFC_PHYS_s09_T3_test,5,184,56.13333333333333,2.6084389686584473,-0.01863345864440123
UBFC_PHYS_s09_T3_test,5,185,56.166666666666664,2.3629748821258545,-0.07149381901882172
UBFC_PHYS_s09_T3_test,5,186,56.2,2.005751609802246,-0.12643116563206133
UBFC_PHYS_s09_T3_test,5,187,56.233333333333334,1.7316277027130127,-0.18045435335096402
UBFC_PHYS_s09_T3_test,5,188,56.266666666666666,1.5180085897445679,-0.23043865176269165
UBFC_PHYS_s09_T3_test,5,189,56.3,1.3839858770370483,-0.2735435900929771
UBFC_PHYS_s09_T3_test,5,190,56.333333333333336,1.4220908880233765,-0.3077970270185036
UBFC_PHYS_s09_T3_test,5,191,56.36666666666667,1.5330132246017456,-0.33179237314559723
UBFC_PHYS_s09_T3_test,5,192,56.4,1.5936412811279297,-0.3437748223007009
UBFC_PHYS_s09_T3_test,5,193,56.43333333333333,1.7059063911437988,-0.3416482581259571
UBFC_PHYS_s09_T3_test,5,194,56.46666666666667,1.9863487482070923,-0.32394931971772034
UBFC_PHYS_s09_T3_test,5,195,56.5,2.282470226287842,-0.29033657062946316
UBFC_PHYS_s09_T3_test,5,196,56.53333333333333,2.3118956089019775,-0.2413067895023739
UBFC_PHYS_s09_T3_test,5,197,56.56666666666667,2.026808500289917,-0.17808640296885844
UBFC_PHYS_s09_T3_test,5,198,56.6,1.5460586547851562,-0.10298359806020946
UBFC_PHYS_s09_T3_test,5,199,56.63333333333333,0.9288403391838074,-0.019734165968838847
UBFC_PHYS_s09_T3_test,5,200,56.666666666666664,0.2363525927066803,0.06633202579476279
UBFC_PHYS_s09_T3_test,5,201,56.7,-0.28206774592399597,0.1481473498428553
UBFC_PHYS_s09_T3_test,5,202,56.733333333333334,-0.37435272336006165,0.21705334679207855
UBFC_PHYS_s09_T3_test,5,203,56.766666666666666,-0.12907029688358307,0.263856291202923
UBFC_PHYS_s09_T3_test,5,204,56.8,0.13763242959976196,0.28104097739779726
UBFC_PHYS_s09_T3_test,5,205,56.833333333333336,0.3068021237850189,0.26589175490047495
UBFC_PHYS_s09_T3_test,5,206,56.86666666666667,0.42284923791885376,0.2228834035849963
UBFC_PHYS_s09_T3_test,5,207,56.9,0.4698350429534912,0.16270211757602865
UBFC_PHYS_s09_T3_test,5,208,56.93333333333333,0.424185574054718,0.09809621535752401
UBFC_PHYS_s09_T3_test,5,209,56.96666666666667,0.3411186933517456,0.03957690312919466
UBFC_PHYS_s09_T3_test,5,210,57.0,0.25558674335479736,-0.007125933190486892
UBFC_PHYS_s09_T3_test,5,211,57.03333333333333,0.13309796154499054,-0.04147899602887196
UBFC_PHYS_s09_T3_test,5,212,57.06666666666667,-0.03068746253848076,-0.06676011236053206
UBFC_PHYS_s09_T3_test,5,213,57.1,-0.17633505165576935,-0.08777631481153204
UBFC_PHYS_s09_T3_test,5,214,57.13333333333333,-0.2681010961532593,-0.10869473075876795
UBFC_PHYS_s09_T3_test,5,215,57.166666666666664,-0.35361358523368835,-0.13188528062234292
UBFC_PHYS_s09_T3_test,5,216,57.2,-0.49857354164123535,-0.15769629069816132
UBFC_PHYS_s09_T3_test,5,217,57.233333333333334,-0.6701823472976685,-0.18419180456303294
UBFC_PHYS_s09_T3_test,5,218,57.266666666666666,-0.6885148286819458,-0.20683256820118937
UBFC_PHYS_s09_T3_test,5,219,57.3,-0.39387232065200806,-0.21905580792007281
UBFC_PHYS_s09_T3_test,5,220,57.333333333333336,0.08831775188446045,-0.21380430853885155
UBFC_PHYS_s09_T3_test,5,221,57.36666666666667,0.46050015091896057,-0.18510788832692837
UBFC_PHYS_s09_T3_test,5,222,57.4,0.5804525017738342,-0.12924260951490563
UBFC_PHYS_s09_T3_test,5,223,57.43333333333333,0.49095043540000916,-0.045497268739907316
UBFC_PHYS_s09_T3_test,5,224,57.46666666666667,0.23634609580039978,0.06313465569610222
UBFC_PHYS_s09_T3_test,5,225,57.5,-0.13334527611732483,0.1888748842152164
UBFC_PHYS_s09_T3_test,5,226,57.53333333333333,-0.5237044095993042,0.31852600816949084
UBFC_PHYS_s09_T3_test,5,227,57.56666666666667,-0.8991174101829529,0.43519787378573127
UBFC_PHYS_s09_T3_test,5,228,57.6,-1.2619973421096802,0.5221285511593178
UBFC_PHYS_s09_T3_test,5,229,57.63333333333333,-1.5396631956100464,0.5661637755186455
UBFC_PHYS_s09_T3_test,5,230,57.666666666666664,-1.6416852474212646,0.5600386692734686
UBFC_PHYS_s09_T3_test,5,231,57.7,-1.5722867250442505,0.5043005460218457
UBFC_PHYS_s09_T3_test,5,232,57.733333333333334,-1.4071000814437866,0.4081601698004632
UBFC_PHYS_s09_T3_test,5,233,57.766666666666666,-1.2221083641052246,0.2871487542636919
UBFC_PHYS_s09_T3_test,5,234,57.8,-1.0212428569793701,0.15828397229650137
UBFC_PHYS_s09_T3_test,5,235,57.833333333333336,-0.675534188747406,0.03615733986024702
UBFC_PHYS_s09_T3_test,5,236,57.86666666666667,-0.07317125797271729,-0.06878351281832182
UBFC_PHYS_s09_T3_test,5,237,57.9,0.6553391814231873,-0.15085425347984724
UBFC_PHYS_s09_T3_test,5,238,57.93333333333333,1.2273037433624268,-0.20947817495894822
UBFC_PHYS_s09_T3_test,5,239,57.96666666666667,1.4941362142562866,-0.2495066970127676
UBFC_PHYS_s09_T3_test,5,240,58.0,1.5199806690216064,-0.2808961365689323
UBFC_PHYS_s09_T3_test,5,241,58.03333333333333,1.4643410444259644,-0.3164384490917088
UBFC_PHYS_s09_T3_test,5,242,58.06666666666667,1.4183088541030884,-0.36784544788087126
UBFC_PHYS_s09_T3_test,5,243,58.1,1.2752366065979004,-0.44209744861621136
UBFC_PHYS_s09_T3_test,5,244,58.13333333333333,0.8746408820152283,-0.5390171138818682
UBFC_PHYS_s09_T3_test,5,245,58.166666666666664,0.26852843165397644,-0.6499430916251042
UBFC_PHYS_s09_T3_test,5,246,58.2,-0.29843461513519287,-0.7578300804739451
UBFC_PHYS_s09_T3_test,5,247,58.233333333333334,-0.6564622521400452,-0.8395193113178847
UBFC_PHYS_s09_T3_test,5,248,58.266666666666666,-0.8077859878540039,-0.8702591028623989
UBFC_PHYS_s09_T3_test,5,249,58.3,-0.7965244650840759,-0.8297613342656972
UBFC_PHYS_s09_T3_test,5,250,58.333333333333336,-0.6038521528244019,-0.7076543432319997
UBFC_PHYS_s09_T3_test,5,251,58.36666666666667,-0.20265308022499084,-0.5051837807043278
UBFC_PHYS_s09_T3_test,5,252,58.4,0.3542744517326355,-0.23414099649470593
UBFC_PHYS_s09_T3_test,5,253,58.43333333333333,0.9257525205612183,0.08228236247936449
UBFC_PHYS_s09_T3_test,5,254,58.46666666666667,1.282346487045288,0.4086835759195103
UBFC_PHYS_s09_T3_test,5,255,58.5,1.1724036931991577,0.7047200672699406
UBFC_PHYS_s09_T3_test,5,256,58.53333333333333,0.5826061964035034,0.9381738442845037
UBFC_PHYS_s09_T3_test,5,257,58.56666666666667,-0.05064167454838753,1.0916009696738531
UBFC_PHYS_s09_T3_test,5,258,58.6,-0.2288413643836975,1.1602993800524943
UBFC_PHYS_s09_T3_test,5,259,58.63333333333333,0.11673758924007416,1.1497008302839753
UBFC_PHYS_s09_T3_test,5,260,58.666666666666664,0.4718979299068451,1.0744261362607253
UBFC_PHYS_s09_T3_test,5,261,58.7,0.28643274307250977,0.9547754307845188
UBFC_PHYS_s09_T3_test,5,262,58.733333333333334,-0.17217035591602325,0.8105546486588604
UBFC_PHYS_s09_T3_test,5,263,58.766666666666666,0.03346961364150047,0.6564797810515786
UBFC_PHYS_s09_T3_test,5,264,58.8,1.0126856565475464,0.501067654190966
UBFC_PHYS_s09_T3_test,5,265,58.833333333333336,1.6098265647888184,0.3481767946456569
UBFC_PHYS_s09_T3_test,5,266,58.86666666666667,0.9837468266487122,0.19969309945593952
UBFC_PHYS_s09_T3_test,5,267,58.9,-0.4508352279663086,0.0575931066970409
UBFC_PHYS_s09_T3_test,5,268,58.93333333333333,-1.735877513885498,-0.07536084117010587
UBFC_PHYS_s09_T3_test,5,269,58.96666666666667,-2.254206895828247,-0.1958850267910373
UBFC_PHYS_s09_T3_test,5,270,59.0,-1.9117094278335571,-0.300929876455791
UBFC_PHYS_s09_T3_test,5,271,59.03333333333333,-1.042040467262268,-0.38854093259887384
UBFC_PHYS_s09_T3_test,5,272,59.06666666666667,-0.17591989040374756,-0.4585790438445568
UBFC_PHYS_s09_T3_test,5,273,59.1,0.3760710060596466,-0.5132263416337726
UBFC_PHYS_s09_T3_test,5,274,59.13333333333333,0.5800243616104126,-0.5570221222325543
UBFC_PHYS_s09_T3_test,5,275,59.166666666666664,0.5252540707588196,-0.5960431722118409
UBFC_PHYS_s09_T3_test,5,276,59.2,0.32887759804725647,-0.6364024246086555
UBFC_PHYS_s09_T3_test,5,277,59.233333333333334,0.20653153955936432,-0.6827763645145051
UBFC_PHYS_s09_T3_test,5,278,59.266666666666666,0.37102407217025757,-0.7372310763456028
UBFC_PHYS_s09_T3_test,5,279,59.3,0.6966552734375,-0.7981570871781689
UBFC_PHYS_s09_T3_test,5,280,59.333333333333336,0.8267728686332703,-0.8591591537750422
UBFC_PHYS_s09_T3_test,5,281,59.36666666666667,0.6442268490791321,-0.9078922019861119
UBFC_PHYS_s09_T3_test,5,282,59.4,0.34964269399642944,-0.9259234675396288
UBFC_PHYS_s09_T3_test,5,283,59.43333333333333,0.1917799562215805,-0.8915042024319286
UBFC_PHYS_s09_T3_test,5,284,59.46666666666667,0.2861343324184418,-0.7850628387675476
UBFC_PHYS_s09_T3_test,5,285,59.5,0.5956711173057556,-0.5950975150126752
UBFC_PHYS_s09_T3_test,5,286,59.53333333333333,0.9492940306663513,-0.3228144552713128
UBFC_PHYS_s09_T3_test,5,287,59.56666666666667,1.1428486108779907,0.015217815682402266
UBFC_PHYS_s09_T3_test,5,288,59.6,1.1594619750976562,0.3876754703154371
UBFC_PHYS_s09_T3_test,5,289,59.63333333333333,1.199084997177124,0.753890621218149
UBFC_PHYS_s09_T3_test,5,290,59.666666666666664,1.3796329498291016,1.0729417449869023
UBFC_PHYS_s09_T3_test,5,291,59.7,1.5454747676849365,1.3127435416684958
UBFC_PHYS_s09_T3_test,5,292,59.733333333333334,1.5622828006744385,1.4557106642987834
UBFC_PHYS_s09_T3_test,5,293,59.766666666666666,1.5626071691513062,1.4985188105795508
UBFC_PHYS_s09_T3_test,5,294,59.8,1.6807690858840942,1.447493947405428
UBFC_PHYS_s09_T3_test,5,295,59.833333333333336,1.8316841125488281,1.3146907824672434
UBFC_PHYS_s09_T3_test,5,296,59.86666666666667,1.8027323484420776,1.1162688858059782
UBFC_PHYS_s09_T3_test,5,297,59.9,1.334729552268982,0.8709942255020267
UBFC_PHYS_s09_T3_test,5,298,59.93333333333333,0.5496454238891602,0.5980442367285637
UBFC_PHYS_s09_T3_test,5,299,59.96666666666667,0.17857877910137177,0.3149832314658265
UBFC_PHYS_s09_T3_test,6,0,60.0,0.49349984526634216,-0.10149733638205909
UBFC_PHYS_s09_T3_test,6,1,60.03333333333333,0.6135624647140503,-0.25175934605878486
UBFC_PHYS_s09_T3_test,6,2,60.06666666666667,-0.024557186290621758,-0.38524877384960704
UBFC_PHYS_s09_T3_test,6,3,60.1,-0.9141868352890015,-0.4872049262471743
UBFC_PHYS_s09_T3_test,6,4,60.13333333333333,-1.655191421508789,-0.544284790153733
UBFC_PHYS_s09_T3_test,6,5,60.166666666666664,-2.318059206008911,-0.5459749690332405
UBFC_PHYS_s09_T3_test,6,6,60.2,-2.7311813831329346,-0.48564708537132173
UBFC_PHYS_s09_T3_test,6,7,60.233333333333334,-2.630794048309326,-0.3624645171517892
UBFC_PHYS_s09_T3_test,6,8,60.266666666666666,-2.2349014282226562,-0.18393385209316593
UBFC_PHYS_s09_T3_test,6,9,60.3,-1.9000132083892822,0.03254898529707241
UBFC_PHYS_s09_T3_test,6,10,60.333333333333336,-1.574479341506958,0.26029445150139174
UBFC_PHYS_s09_T3_test,6,11,60.36666666666667,-1.1323728561401367,0.46639767958501627
UBFC_PHYS_s09_T3_test,6,12,60.4,-0.7306483387947083,0.6173233587740118
UBFC_PHYS_s09_T3_test,6,13,60.43333333333333,-0.5235098004341125,0.6865624282385364
UBFC_PHYS_s09_T3_test,6,14,60.46666666666667,-0.397835910320282,0.6621544174887243
UBFC_PHYS_s09_T3_test,6,15,60.5,-0.21050891280174255,0.5504552354907638
UBFC_PHYS_s09_T3_test,6,16,60.53333333333333,0.0008526490419171751,0.37457113461763425
UBFC_PHYS_s09_T3_test,6,17,60.56666666666667,0.1641126275062561,0.16825520397032312
UBFC_PHYS_s09_T3_test,6,18,60.6,0.3049403429031372,-0.03246554121356133
UBFC_PHYS_s09_T3_test,6,19,60.63333333333333,0.4624008536338806,-0.19664478857086198
UBFC_PHYS_s09_T3_test,6,20,60.666666666666664,0.6008931994438171,-0.3032806317501572
UBFC_PHYS_s09_T3_test,6,21,60.7,0.6594843864440918,-0.34416274830070853
UBFC_PHYS_s09_T3_test,6,22,60.733333333333334,0.6515247821807861,-0.3245335432596605
UBFC_PHYS_s09_T3_test,6,23,60.766666666666666,0.6194202899932861,-0.2606769177582073
UBFC_PHYS_s09_T3_test,6,24,60.8,0.5092634558677673,-0.1749330481157874
UBFC_PHYS_s09_T3_test,6,25,60.833333333333336,0.25665709376335144,-0.08998346977578826
UBFC_PHYS_s09_T3_test,6,26,60.86666666666667,-0.0845041573047638,-0.02394915482443114
UBFC_PHYS_s09_T3_test,6,27,60.9,-0.40909096598625183,0.01268689652458547
UBFC_PHYS_s09_T3_test,6,28,60.93333333333333,-0.6673150658607483,0.018082437937359138
UBFC_PHYS_s09_T3_test,6,29,60.96666666666667,-0.862348735332489,-0.0015866919293419223
UBFC_PHYS_s09_T3_test,6,30,61.0,-1.0179539918899536,-0.03427646114275809
UBFC_PHYS_s09_T3_test,6,31,61.03333333333333,-1.1271636486053467,-0.06599817179601819
UBFC_PHYS_s09_T3_test,6,32,61.06666666666667,-1.1027982234954834,-0.08535129535295438
UBFC_PHYS_s09_T3_test,6,33,61.1,-0.8640742897987366,-0.08627757463863851
UBFC_PHYS_s09_T3_test,6,34,61.13333333333333,-0.45703038573265076,-0.0684929476871272
UBFC_PHYS_s09_T3_test,6,35,61.166666666666664,-0.023648997768759727,-0.03694256410531966
UBFC_PHYS_s09_T3_test,6,36,61.2,0.2969028651714325,-0.0005076123832099986
UBFC_PHYS_s09_T3_test,6,37,61.233333333333334,0.44913482666015625,0.030968358414487696
UBFC_PHYS_s09_T3_test,6,38,61.266666666666666,0.5132594704627991,0.050598024914697684
UBFC_PHYS_s09_T3_test,6,39,61.3,0.5840722918510437,0.057000835098827474
UBFC_PHYS_s09_T3_test,6,40,61.333333333333336,0.6000823378562927,0.05427221441700651
UBFC_PHYS_s09_T3_test,6,41,61.36666666666667,0.47506362199783325,0.04953131319235149
UBFC_PHYS_s09_T3_test,6,42,61.4,0.2702215611934662,0.049506152528765585
UBFC_PHYS_s09_T3_test,6,43,61.43333333333333,0.09981931746006012,0.0585557630050627
UBFC_PHYS_s09_T3_test,6,44,61.46666666666667,-0.0013205178547650576,0.07845300300895738
UBFC_PHYS_s09_T3_test,6,45,61.5,-0.04246148839592934,0.10816920533775999
UBFC_PHYS_s09_T3_test,6,46,61.53333333333333,-0.030278777703642845,0.1432269832633467
UBFC_PHYS_s09_T3_test,6,47,61.56666666666667,0.024043908342719078,0.17566838595486337
UBFC_PHYS_s09_T3_test,6,48,61.6,0.1491534560918808,0.19524705445274995
UBFC_PHYS_s09_T3_test,6,49,61.63333333333333,0.3790031671524048,0.1918184714326052
UBFC_PHYS_s09_T3_test,6,50,61.666666666666664,0.6156837344169617,0.15823608225669036
UBFC_PHYS_s09_T3_test,6,51,61.7,0.6830713748931885,0.09250848394503942
UBFC_PHYS_s09_T3_test,6,52,61.733333333333334,0.5772024393081665,-0.0014195357483281525
UBFC_PHYS_s09_T3_test,6,53,61.766666666666666,0.47788548469543457,-0.11418806629237044
UBFC_PHYS_s09_T3_test,6,54,61.8,0.48933514952659607,-0.23254802204849054
UBFC_PHYS_s09_T3_test,6,55,61.833333333333336,0.5559054017066956,-0.3414471516189019
UBFC_PHYS_s09_T3_test,6,56,61.86666666666667,0.5936796069145203,-0.4264250351438584
UBFC_PHYS_s09_T3_test,6,57,61.9,0.5705467462539673,-0.476244920694898
UBFC_PHYS_s09_T3_test,6,58,61.93333333333333,0.5121631622314453,-0.4851767830614175
UBFC_PHYS_s09_T3_test,6,59,61.96666666666667,0.44895318150520325,-0.45390156376271873
UBFC_PHYS_s09_T3_test,6,60,62.0,0.3678778409957886,-0.38859184269577973
UBFC_PHYS_s09_T3_test,6,61,62.03333333333333,0.21951864659786224,-0.29841702242472357
UBFC_PHYS_s09_T3_test,6,62,62.06666666666667,-0.04998648166656494,-0.1926007508152896
UBFC_PHYS_s09_T3_test,6,63,62.1,-0.43915849924087524,-0.0787917430151029
UBFC_PHYS_s09_T3_test,6,64,62.13333333333333,-0.8513855934143066,0.03690220527125771
UBFC_PHYS_s09_T3_test,6,65,62.166666666666664,-1.2130849361419678,0.1493165659658427
UBFC_PHYS_s09_T3_test,6,66,62.2,-1.5566787719726562,0.25354826308623973
UBFC_PHYS_s09_T3_test,6,67,62.233333333333334,-1.898851990699768,0.34393049450830954
UBFC_PHYS_s09_T3_test,6,68,62.266666666666666,-2.1730148792266846,0.4133059455374032
UBFC_PHYS_s09_T3_test,6,69,62.3,-2.3525638580322266,0.45399031415603086
UBFC_PHYS_s09_T3_test,6,70,62.333333333333336,-2.469888925552368,0.46012866300454586
UBFC_PHYS_s09_T3_test,6,71,62.36666666666667,-2.511762857437134,0.4295130393451701
UBFC_PHYS_s09_T3_test,6,72,62.4,-2.455610990524292,0.3642020314392986
UBFC_PHYS_s09_T3_test,6,73,62.43333333333333,-2.3466670513153076,0.2706816690491065
UBFC_PHYS_s09_T3_test,6,74,62.46666666666667,-2.2225630283355713,0.1598294943254135
UBFC_PHYS_s09_T3_test,6,75,62.5,-2.0407371520996094,0.04636433589232683
UBFC_PHYS_s09_T3_test,6,76,62.53333333333333,-1.7938588857650757,-0.052872417114730175
UBFC_PHYS_s09_T3_test,6,77,62.56666666666667,-1.5854164361953735,-0.12256016294643829
UBFC_PHYS_s09_T3_test,6,78,62.6,-1.4235057830810547,-0.15338525294035715
UBFC_PHYS_s09_T3_test,6,79,62.63333333333333,-1.1193013191223145,-0.14463244098029984
UBFC_PHYS_s09_T3_test,6,80,62.666666666666664,-0.5034648180007935,-0.10392173540959465
UBFC_PHYS_s09_T3_test,6,81,62.7,0.3619227111339569,-0.045097168178340453
UBFC_PHYS_s09_T3_test,6,82,62.733333333333334,1.228419542312622,0.014915044761170233
UBFC_PHYS_s09_T3_test,6,83,62.766666666666666,1.820117712020874,0.059818633015333994
UBFC_PHYS_s09_T3_test,6,84,62.8,2.0096633434295654,0.07747231331610864
UBFC_PHYS_s09_T3_test,6,85,62.833333333333336,1.889029860496521,0.062243988748929946
UBFC_PHYS_s09_T3_test,6,86,62.86666666666667,1.6359953880310059,0.01576269231972586
UBFC_PHYS_s09_T3_test,6,87,62.9,1.3821759223937988,-0.05377975933372809
UBFC_PHYS_s09_T3_test,6,88,62.93333333333333,1.1675708293914795,-0.13349071158553769
UBFC_PHYS_s09_T3_test,6,89,62.96666666666667,0.9545550346374512,-0.2084393580721853
UBFC_PHYS_s09_T3_test,6,90,63.0,0.7006642818450928,-0.26460736705226817
UBFC_PHYS_s09_T3_test,6,91,63.03333333333333,0.415810763835907,-0.2915054854820404
UBFC_PHYS_s09_T3_test,6,92,63.06666666666667,0.12705202400684357,-0.28395230213912337
UBFC_PHYS_s09_T3_test,6,93,63.1,-0.13562223315238953,-0.2426722632239004
UBFC_PHYS_s09_T3_test,6,94,63.13333333333333,-0.29410773515701294,-0.17354385421771046
UBFC_PHYS_s09_T3_test,6,95,63.166666666666664,-0.27563905715942383,-0.08553476818402814
UBFC_PHYS_s09_T3_test,6,96,63.2,-0.11547989398241043,0.011502254945594807
UBFC_PHYS_s09_T3_test,6,97,63.233333333333334,0.07396836578845978,0.1071487467735384
UBFC_PHYS_s09_T3_test,6,98,63.266666666666666,0.21766334772109985,0.18964068244623916
UBFC_PHYS_s09_T3_test,6,99,63.3,0.3045510947704315,0.24731735902314542
UBFC_PHYS_s09_T3_test,6,100,63.333333333333336,0.3344045877456665,0.27258171920972213
UBFC_PHYS_s09_T3_test,6,101,63.36666666666667,0.2985246181488037,0.26544923128289916
UBFC_PHYS_s09_T3_test,6,102,63.4,0.20740081369876862,0.2343367932791838
UBFC_PHYS_s09_T3_test,6,103,63.43333333333333,0.11128196120262146,0.19291712934283056
UBFC_PHYS_s09_T3_test,6,104,63.46666666666667,0.05546725168824196,0.15444695211790146
UBFC_PHYS_s09_T3_test,6,105,63.5,0.020203566178679466,0.12725123118709214
UBFC_PHYS_s09_T3_test,6,106,63.53333333333333,-0.04587368294596672,0.11288844509454345
UBFC_PHYS_s09_T3_test,6,107,63.56666666666667,-0.16207000613212585,0.10608847395402717
UBFC_PHYS_s09_T3_test,6,108,63.6,-0.32657548785209656,0.09628051841426447
UBFC_PHYS_s09_T3_test,6,109,63.63333333333333,-0.4740654230117798,0.07131761935974568
UBFC_PHYS_s09_T3_test,6,110,63.666666666666664,-0.4653532803058624,0.022351001110657184
UBFC_PHYS_s09_T3_test,6,111,63.7,-0.26692691445350647,-0.05268896546160034
UBFC_PHYS_s09_T3_test,6,112,63.733333333333334,-0.024706387892365456,-0.14819536096135727
UBFC_PHYS_s09_T3_test,6,113,63.766666666666666,0.15565349161624908,-0.2521909071782164
UBFC_PHYS_s09_T3_test,6,114,63.8,0.302176833152771,-0.34912521654169704
UBFC_PHYS_s09_T3_test,6,115,63.833333333333336,0.39972934126853943,-0.4232909834222195
UBFC_PHYS_s09_T3_test,6,116,63.86666666666667,0.3879358470439911,-0.46187963709704644
UBFC_PHYS_s09_T3_test,6,117,63.9,0.27563175559043884,-0.4567481796128488
UBFC_PHYS_s09_T3_test,6,118,63.93333333333333,0.10593662410974503,-0.4048010787525263
UBFC_PHYS_s09_T3_test,6,119,63.96666666666667,-0.11234015226364136,-0.30767568929216754
UBFC_PHYS_s09_T3_test,6,120,64.0,-0.3822539746761322,-0.17158219191363988
UBFC_PHYS_s09_T3_test,6,121,64.03333333333333,-0.6569876670837402,-0.008048670626982847
UBFC_PHYS_s09_T3_test,6,122,64.06666666666666,-0.8441395163536072,0.16513241750932173
UBFC_PHYS_s09_T3_test,6,123,64.1,-0.9296390414237976,0.3247295783643718
UBFC_PHYS_s09_T3_test,6,124,64.13333333333334,-0.9873414635658264,0.4457474861041099
UBFC_PHYS_s09_T3_test,6,125,64.16666666666667,-1.0037797689437866,0.507752156956789
UBFC_PHYS_s09_T3_test,6,126,64.2,-0.8637629151344299,0.5017769217066474
UBFC_PHYS_s09_T3_test,6,127,64.23333333333333,-0.5421017408370972,0.4342441114990331
UBFC_PHYS_s09_T3_test,6,128,64.26666666666667,-0.12075387686491013,0.32569629703416025
UBFC_PHYS_s09_T3_test,6,129,64.3,0.34493309259414673,0.20402176330399674
UBFC_PHYS_s09_T3_test,6,130,64.33333333333333,0.8073116540908813,0.09518704005314062
UBFC_PHYS_s09_T3_test,6,131,64.36666666666666,1.1478890180587769,0.017156341058108943
UBFC_PHYS_s09_T3_test,6,132,64.4,1.262158751487732,-0.021476514162447922
UBFC_PHYS_s09_T3_test,6,133,64.43333333333334,1.172766923904419,-0.020979783779583996
UBFC_PHYS_s09_T3_test,6,134,64.46666666666667,0.9657711982727051,0.01027880925502208
UBFC_PHYS_s09_T3_test,6,135,64.5,0.6821761727333069,0.05694544482546178
UBFC_PHYS_s09_T3_test,6,136,64.53333333333333,0.3611377775669098,0.09874910841243034
UBFC_PHYS_s09_T3_test,6,137,64.56666666666666,0.06549625843763351,0.11438611545887724
UBFC_PHYS_s09_T3_test,6,138,64.6,-0.21837124228477478,0.08670814966439622
UBFC_PHYS_s09_T3_test,6,139,64.63333333333334,-0.5327279567718506,0.0073147297710848685
UBFC_PHYS_s09_T3_test,6,140,64.66666666666667,-0.7983343601226807,-0.120910158987868
UBFC_PHYS_s09_T3_test,6,141,64.7,-0.8424139618873596,-0.2840795084627329
UBFC_PHYS_s09_T3_test,6,142,64.73333333333333,-0.598941445350647,-0.4598760060423822
UBFC_PHYS_s09_T3_test,6,143,64.76666666666667,-0.21416112780570984,-0.6207650108780416
UBFC_PHYS_s09_T3_test,6,144,64.8,0.08781176060438156,-0.7374542158772049
UBFC_PHYS_s09_T3_test,6,145,64.83333333333333,0.23813652992248535,-0.7834481628175434
UBFC_PHYS_s09_T3_test,6,146,64.86666666666666,0.31999680399894714,-0.7407593001366745
UBFC_PHYS_s09_T3_test,6,147,64.9,0.39596033096313477,-0.60581618967205
UBFC_PHYS_s09_T3_test,6,148,64.93333333333334,0.41978734731674194,-0.3933396613470703
UBFC_PHYS_s09_T3_test,6,149,64.96666666666667,0.33096644282341003,-0.13513000409908466
UBFC_PHYS_s09_T3_test,6,150,65.0,0.14923129975795746,0.12679162787104803
UBFC_PHYS_s09_T3_test,6,151,65.03333333333333,-0.06664526462554932,0.350509702365218
UBFC_PHYS_s09_T3_test,6,152,65.06666666666666,-0.27702727913856506,0.5047280299306474
UBFC_PHYS_s09_T3_test,6,153,65.1,-0.47738030552864075,0.575666579980439
UBFC_PHYS_s09_T3_test,6,154,65.13333333333334,-0.7042654156684875,0.5686079412665979
UBFC_PHYS_s09_T3_test,6,155,65.16666666666667,-0.9608677625656128,0.5046670966097936
UBFC_PHYS_s09_T3_test,6,156,65.2,-1.1329890489578247,0.41415643317090123
UBFC_PHYS_s09_T3_test,6,157,65.23333333333333,-1.099905014038086,0.32842824668547266
UBFC_PHYS_s09_T3_test,6,158,65.26666666666667,-0.925934910774231,0.2720835068422914
UBFC_PHYS_s09_T3_test,6,159,65.3,-0.8401175141334534,0.2572231151384911
UBFC_PHYS_s09_T3_test,6,160,65.33333333333333,-0.977571964263916,0.2810094006507785
UBFC_PHYS_s09_T3_test,6,161,65.36666666666666,-1.2644883394241333,0.3272588346690493
UBFC_PHYS_s09_T3_test,6,162,65.4,-1.5433284044265747,0.37184669857345454
UBFC_PHYS_s09_T3_test,6,163,65.43333333333334,-1.764693021774292,0.39075053844341456
UBFC_PHYS_s09_T3_test,6,164,65.46666666666667,-2.0609378814697266,0.3680553233607542
UBFC_PHYS_s09_T3_test,6,165,65.5,-2.5899322032928467,0.3002196700558437
UBFC_PHYS_s09_T3_test,6,166,65.53333333333333,-3.2142796516418457,0.19555308019407955
UBFC_PHYS_s09_T3_test,6,167,65.56666666666666,-3.5371928215026855,0.07064122969307454
UBFC_PHYS_s09_T3_test,6,168,65.6,-3.44303297996521,-0.05449480194649622
UBFC_PHYS_s09_T3_test,6,169,65.63333333333334,-3.1951558589935303,-0.1610788507184643
UBFC_PHYS_s09_T3_test,6,170,65.66666666666667,-2.9781830310821533,-0.23561708890629976
UBFC_PHYS_s09_T3_test,6,171,65.7,-2.716644048690796,-0.27367755699300333
UBFC_PHYS_s09_T3_test,6,172,65.73333333333333,-2.3246304988861084,-0.282336457953081
UBFC_PHYS_s09_T3_test,6,173,65.76666666666667,-1.796142339706421,-0.2789201539579551
UBFC_PHYS_s09_T3_test,6,174,65.8,-1.1246986389160156,-0.28589406980340704
UBFC_PHYS_s09_T3_test,6,175,65.83333333333333,-0.3577977418899536,-0.32407994833142606
UBFC_PHYS_s09_T3_test,6,176,65.86666666666666,0.3479495644569397,-0.4062952385888053
UBFC_PHYS_s09_T3_test,6,177,65.9,0.8352190256118774,-0.533064800573267
UBFC_PHYS_s09_T3_test,6,178,65.93333333333334,1.095616340637207,-0.6909535071693603
UBFC_PHYS_s09_T3_test,6,179,65.96666666666667,1.2602709531784058,-0.8530060912955866
UBFC_PHYS_s09_T3_test,6,180,66.0,1.4361028671264648,-0.9814635700906744
UBFC_PHYS_s09_T3_test,6,181,66.03333333333333,1.608723759651184,-1.0335491581574834
UBFC_PHYS_s09_T3_test,6,182,66.06666666666666,1.7478582859039307,-0.9703237763487472
UBFC_PHYS_s09_T3_test,6,183,66.1,1.917144775390625,-0.7675501912886945
UBFC_PHYS_s09_T3_test,6,184,66.13333333333334,2.222640037536621,-0.4259909083529372
UBFC_PHYS_s09_T3_test,6,185,66.16666666666667,2.6989076137542725,0.02263876103893541
UBFC_PHYS_s09_T3_test,6,186,66.2,3.1520743370056152,0.5174477577828129
UBFC_PHYS_s09_T3_test,6,187,66.23333333333333,3.1836793422698975,0.9800672525309742
UBFC_PHYS_s09_T3_test,6,188,66.26666666666667,2.643864631652832,1.3338969396048097
UBFC_PHYS_s09_T3_test,6,189,66.3,1.9731346368789673,1.5241863632699946
UBFC_PHYS_s09_T3_test,6,190,66.33333333333333,1.6598742008209229,1.5323035348453162
UBFC_PHYS_s09_T3_test,6,191,66.36666666666666,1.7047063112258911,1.3788164609795968
UBFC_PHYS_s09_T3_test,6,192,66.4,1.8397865295410156,1.1148208690107693
UBFC_PHYS_s09_T3_test,6,193,66.43333333333334,1.908932089805603,0.8057964456520001
UBFC_PHYS_s09_T3_test,6,194,66.46666666666667,1.8741354942321777,0.5134648530968414
UBFC_PHYS_s09_T3_test,6,195,66.5,1.721695899963379,0.2813124019525951
UBFC_PHYS_s09_T3_test,6,196,66.53333333333333,1.4992674589157104,0.1270725751339437
UBFC_PHYS_s09_T3_test,6,197,66.56666666666666,1.285856008529663,0.042717712299990565
UBFC_PHYS_s09_T3_test,6,198,66.6,1.0632847547531128,0.0005721159417872157
UBFC_PHYS_s09_T3_test,6,199,66.63333333333334,0.7855475544929504,-0.03733574600757734
UBFC_PHYS_s09_T3_test,6,200,66.66666666666667,0.5097823739051819,-0.10857036458501389
UBFC_PHYS_s09_T3_test,6,201,66.7,0.3146125376224518,-0.2389816660192485
UBFC_PHYS_s09_T3_test,6,202,66.73333333333333,0.15255916118621826,-0.43358442818123843
UBFC_PHYS_s09_T3_test,6,203,66.76666666666667,-0.09581111371517181,-0.6741034141381673
UBFC_PHYS_s09_T3_test,6,204,66.8,-0.42123475670814514,-0.9237038623270787
UBFC_PHYS_s09_T3_test,6,205,66.83333333333333,-0.6131610870361328,-1.1354207583454015
UBFC_PHYS_s09_T3_test,6,206,66.86666666666666,-0.4687006175518036,-1.2617508935014456
UBFC_PHYS_s09_T3_test,6,207,66.9,-0.03236112743616104,-1.2642512975862434
UBFC_PHYS_s09_T3_test,6,208,66.93333333333334,0.47128814458847046,-1.1223963580561371
UBFC_PHYS_s09_T3_test,6,209,66.96666666666667,0.8751728534698486,-0.8411320765487225
UBFC_PHYS_s09_T3_test,6,210,67.0,1.1093493700027466,-0.4551647156119063
UBFC_PHYS_s09_T3_test,6,211,67.03333333333333,1.1429524421691895,-0.02688091086492863
UBFC_PHYS_s09_T3_test,6,212,67.06666666666666,1.0328928232192993,0.36407106073884116
UBFC_PHYS_s09_T3_test,6,213,67.1,0.8555559515953064,0.6396484746588472
UBFC_PHYS_s09_T3_test,6,214,67.13333333333334,0.6231244206428528,0.7457601550605728
UBFC_PHYS_s09_T3_test,6,215,67.16666666666667,0.317376047372818,0.6687614946932892
UBFC_PHYS_s09_T3_test,6,216,67.2,-0.035105153918266296,0.44036872909861935
UBFC_PHYS_s09_T3_test,6,217,67.23333333333333,-0.36628931760787964,0.1299311943879875
UBFC_PHYS_s09_T3_test,6,218,67.26666666666667,-0.637150228023529,-0.17364897735198945
UBFC_PHYS_s09_T3_test,6,219,67.3,-0.8514439463615417,-0.3850928505728335
UBFC_PHYS_s09_T3_test,6,220,67.33333333333333,-0.9217507839202881,-0.44478527212918406
UBFC_PHYS_s09_T3_test,6,221,67.36666666666666,-0.6718301177024841,-0.3333909766226775
UBFC_PHYS_s09_T3_test,6,222,67.4,-0.10302472859621048,-0.07569443723828566
UBFC_PHYS_s09_T3_test,6,223,67.43333333333334,0.5215434432029724,0.26636210327864945
UBFC_PHYS_s09_T3_test,6,224,67.46666666666667,0.9538609385490417,0.6098053669005395
UBFC_PHYS_s09_T3_test,6,225,67.5,1.1493421792984009,0.8728132392832456
UBFC_PHYS_s09_T3_test,6,226,67.53333333333333,1.1671751737594604,0.9965445608252811
UBFC_PHYS_s09_T3_test,6,227,67.56666666666666,1.0872479677200317,0.9579308780954641
UBFC_PHYS_s09_T3_test,6,228,67.6,0.9737632870674133,0.7706965151837496
UBFC_PHYS_s09_T3_test,6,229,67.63333333333334,0.8310802578926086,0.4781092539125688
UBFC_PHYS_s09_T3_test,6,230,67.66666666666667,0.605044960975647,0.14131933687477044
UBFC_PHYS_s09_T3_test,6,231,67.7,0.28795069456100464,-0.1734056132889085
UBFC_PHYS_s09_T3_test,6,232,67.73333333333333,-0.03738211467862129,-0.40663054492972817
UBFC_PHYS_s09_T3_test,6,233,67.76666666666667,-0.3094172179698944,-0.516369840692938
UBFC_PHYS_s09_T3_test,6,234,67.8,-0.5865381360054016,-0.4866812406852716
UBFC_PHYS_s09_T3_test,6,235,67.83333333333333,-0.932357132434845,-0.333094085719254
UBFC_PHYS_s09_T3_test,6,236,67.86666666666666,-1.2324098348617554,-0.1022574863365783
UBFC_PHYS_s09_T3_test,6,237,67.9,-1.2338954210281372,0.13768366101064847
UBFC_PHYS_s09_T3_test,6,238,67.93333333333334,-0.8548950552940369,0.31530596063166944
UBFC_PHYS_s09_T3_test,6,239,67.96666666666667,-0.33110347390174866,0.377621626968962
UBFC_PHYS_s09_T3_test,6,240,68.0,0.06515892595052719,0.3072010709817275
UBFC_PHYS_s09_T3_test,6,241,68.03333333333333,0.27554744482040405,0.12522175774822442
UBFC_PHYS_s09_T3_test,6,242,68.06666666666666,0.35368412733078003,-0.11941469968897969
UBFC_PHYS_s09_T3_test,6,243,68.1,0.32527726888656616,-0.3653250947782411
UBFC_PHYS_s09_T3_test,6,244,68.13333333333334,0.24572639167308807,-0.5527494938171673
UBFC_PHYS_s09_T3_test,6,245,68.16666666666667,0.1671680361032486,-0.6361529460646836
UBFC_PHYS_s09_T3_test,6,246,68.2,0.08547642081975937,-0.5942159210112355
UBFC_PHYS_s09_T3_test,6,247,68.23333333333333,0.003259350312873721,-0.4351090343211416
UBFC_PHYS_s09_T3_test,6,248,68.26666666666667,-0.050946567207574844,-0.19552848330774067
UBFC_PHYS_s09_T3_test,6,249,68.3,-0.10172083228826523,0.06720435684728042
UBFC_PHYS_s09_T3_test,6,250,68.33333333333333,-0.22740772366523743,0.2884985527421708
UBFC_PHYS_s09_T3_test,6,251,68.36666666666666,-0.4651327133178711,0.411752455475871
UBFC_PHYS_s09_T3_test,6,252,68.4,-0.698693037033081,0.4023923080878063
UBFC_PHYS_s09_T3_test,6,253,68.43333333333334,-0.685932993888855,0.25827750859449905
UBFC_PHYS_s09_T3_test,6,254,68.46666666666667,-0.3530556857585907,0.013109673764379548
UBFC_PHYS_s09_T3_test,6,255,68.5,0.060001712292432785,-0.2708751066947982
UBFC_PHYS_s09_T3_test,6,256,68.53333333333333,0.32009410858154297,-0.5192518944060861
UBFC_PHYS_s09_T3_test,6,257,68.56666666666666,0.4570036232471466,-0.663914423625149
UBFC_PHYS_s09_T3_test,6,258,68.6,0.5191302299499512,-0.6590458396481746
UBFC_PHYS_s09_T3_test,6,259,68.63333333333334,0.482037216424942,-0.49267488171790175
UBFC_PHYS_s09_T3_test,6,260,68.66666666666667,0.39856165647506714,-0.19185392972418824
UBFC_PHYS_s09_T3_test,6,261,68.7,0.35341817140579224,0.1805179545736566
UBFC_PHYS_s09_T3_test,6,262,68.73333333333333,0.31433358788490295,0.5385753160739185
UBFC_PHYS_s09_T3_test,6,263,68.76666666666667,0.21019025146961212,0.7961953283148173
UBFC_PHYS_s09_T3_test,6,264,68.8,0.06755265593528748,0.8927841913340898
UBFC_PHYS_s09_T3_test,6,265,68.83333333333333,-0.06464724987745285,0.8096238292216008
UBFC_PHYS_s09_T3_test,6,266,68.86666666666666,-0.22619463503360748,0.5717617798353374
UBFC_PHYS_s09_T3_test,6,267,68.9,-0.49651065468788147,0.2387780374084512
UBFC_PHYS_s09_T3_test,6,268,68.93333333333334,-0.8386125564575195,-0.11119135466240708
UBFC_PHYS_s09_T3_test,6,269,68.96666666666667,-1.0323551893234253,-0.3997357964178915
UBFC_PHYS_s09_T3_test,6,270,69.0,-0.8999217748641968,-0.5650142878353336
UBFC_PHYS_s09_T3_test,6,271,69.03333333333333,-0.5595325231552124,-0.5744541322208601
UBFC_PHYS_s09_T3_test,6,272,69.06666666666666,-0.2619902789592743,-0.4317223749176713
UBFC_PHYS_s09_T3_test,6,273,69.1,-0.08260993659496307,-0.17741851585960772
UBFC_PHYS_s09_T3_test,6,274,69.13333333333334,0.0005542440339922905,0.11869923099938118
UBFC_PHYS_s09_T3_test,6,275,69.16666666666667,0.007326740305870771,0.3770855271396795
UBFC_PHYS_s09_T3_test,6,276,69.2,-0.01387298945337534,0.5333866037085191
UBFC_PHYS_s09_T3_test,6,277,69.23333333333333,-0.02255268394947052,0.5549346484383237
UBFC_PHYS_s09_T3_test,6,278,69.26666666666667,-0.035144075751304626,0.44395938695498005
UBFC_PHYS_s09_T3_test,6,279,69.3,-0.04392107576131821,0.2327875682878645
UBFC_PHYS_s09_T3_test,6,280,69.33333333333333,0.05315785855054855,-0.025402084249066547
UBFC_PHYS_s09_T3_test,6,281,69.36666666666666,0.31163498759269714,-0.2693343264495144
UBFC_PHYS_s09_T3_test,6,282,69.4,0.5717533230781555,-0.44378817366045437
UBFC_PHYS_s09_T3_test,6,283,69.43333333333334,0.6007375121116638,-0.5119127588110715
UBFC_PHYS_s09_T3_test,6,284,69.46666666666667,0.3983670473098755,-0.46339784378350146
UBFC_PHYS_s09_T3_test,6,285,69.5,0.20527954399585724,-0.31726982037633616
UBFC_PHYS_s09_T3_test,6,286,69.53333333333333,0.22583705186843872,-0.11777827810229965
UBFC_PHYS_s09_T3_test,6,287,69.56666666666666,0.4209420382976532,0.07809349032814555
UBFC_PHYS_s09_T3_test,6,288,69.6,0.6432732343673706,0.21810023298737818
UBFC_PHYS_s09_T3_test,6,289,69.63333333333334,0.8015316724777222,0.26943316285176155
UBFC_PHYS_s09_T3_test,6,290,69.66666666666667,0.8609921336174011,0.22577524140183458
UBFC_PHYS_s09_T3_test,6,291,69.7,0.8024657964706421,0.10561270981268574
UBFC_PHYS_s09_T3_test,6,292,69.73333333333333,0.6728153228759766,-0.05625780140933353
UBFC_PHYS_s09_T3_test,6,293,69.76666666666667,0.5591035485267639,-0.21959293826239223
UBFC_PHYS_s09_T3_test,6,294,69.8,0.4686284363269806,-0.34854810033877553
UBFC_PHYS_s09_T3_test,6,295,69.83333333333333,0.35438475012779236,-0.4187345544047217
UBFC_PHYS_s09_T3_test,6,296,69.86666666666666,0.22392337024211884,-0.42047416753849337
UBFC_PHYS_s09_T3_test,6,297,69.9,0.123853899538517,-0.3579895764523398
UBFC_PHYS_s09_T3_test,6,298,69.93333333333334,0.06038444861769676,-0.24560775067294482
UBFC_PHYS_s09_T3_test,6,299,69.96666666666667,-0.030168497934937477,-0.10309602959257279
UBFC_PHYS_s09_T3_test,7,0,70.0,-0.23814381659030914,-0.011443893484302742
UBFC_PHYS_s09_T3_test,7,1,70.03333333333333,-0.5444695353507996,0.17529566484591702
UBFC_PHYS_s09_T3_test,7,2,70.06666666666666,-0.7256467938423157,0.3377894317160672
UBFC_PHYS_s09_T3_test,7,3,70.1,-0.602496325969696,0.45564562306157674
UBFC_PHYS_s09_T3_test,7,4,70.13333333333334,-0.27198684215545654,0.5154036854619762
UBFC_PHYS_s09_T3_test,7,5,70.16666666666667,0.05377412959933281,0.5127659527789519
UBFC_PHYS_s09_T3_test,7,6,70.2,0.29349714517593384,0.45212876625603377
UBFC_PHYS_s09_T3_test,7,7,70.23333333333333,0.4379121959209442,0.3454766216260228
UBFC_PHYS_s09_T3_test,7,8,70.26666666666667,0.45611488819122314,0.21142061809803148
UBFC_PHYS_s09_T3_test,7,9,70.3,0.3960381746292114,0.07367126956199141
UBFC_PHYS_s09_T3_test,7,10,70.33333333333333,0.3585040271282196,-0.04189248666455567
UBFC_PHYS_s09_T3_test,7,11,70.36666666666666,0.34455034136772156,-0.11218563406178048
UBFC_PHYS_s09_T3_test,7,12,70.4,0.2906947433948517,-0.12320343908019123
UBFC_PHYS_s09_T3_test,7,13,70.43333333333334,0.206525057554245,-0.07558509151304275
UBFC_PHYS_s09_T3_test,7,14,70.46666666666667,0.1460915505886078,0.013215926453393336
UBFC_PHYS_s09_T3_test,7,15,70.5,0.08588510006666183,0.11284668793675268
UBFC_PHYS_s09_T3_test,7,16,70.53333333333333,-0.06715774536132812,0.18921229959224553
UBFC_PHYS_s09_T3_test,7,17,70.56666666666666,-0.3294687271118164,0.21458809716418312
UBFC_PHYS_s09_T3_test,7,18,70.6,-0.5574047565460205,0.17524524378063236
UBFC_PHYS_s09_T3_test,7,19,70.63333333333334,-0.5477001070976257,0.07463117350533487
UBFC_PHYS_s09_T3_test,7,20,70.66666666666667,-0.28131523728370667,-0.0681412826472873
UBFC_PHYS_s09_T3_test,7,21,70.7,0.04069620370864868,-0.2231065954378518
UBFC_PHYS_s09_T3_test,7,22,70.73333333333333,0.25834372639656067,-0.3560519728051307
UBFC_PHYS_s09_T3_test,7,23,70.76666666666667,0.3750265836715698,-0.43554993785226476
UBFC_PHYS_s09_T3_test,7,24,70.8,0.4119769036769867,-0.4395953932445329
UBFC_PHYS_s09_T3_test,7,25,70.83333333333333,0.36703452467918396,-0.36149634637908484
UBFC_PHYS_s09_T3_test,7,26,70.86666666666666,0.293866902589798,-0.21358390698954374
UBFC_PHYS_s09_T3_test,7,27,70.9,0.23740997910499573,-0.026404415209178328
UBFC_PHYS_s09_T3_test,7,28,70.93333333333334,0.1653970628976822,0.15765791147897865
UBFC_PHYS_s09_T3_test,7,29,70.96666666666667,0.060715287923812866,0.295712759741737
UBFC_PHYS_s09_T3_test,7,30,71.0,-0.01871882751584053,0.35674124700305926
UBFC_PHYS_s09_T3_test,7,31,71.03333333333333,-0.054352276027202606,0.32855342122871645
UBFC_PHYS_s09_T3_test,7,32,71.06666666666666,-0.1351357102394104,0.21778549955412244
UBFC_PHYS_s09_T3_test,7,33,71.1,-0.3314797282218933,0.04649272382291611
UBFC_PHYS_s09_T3_test,7,34,71.13333333333334,-0.5952762365341187,-0.1524763109767858
UBFC_PHYS_s09_T3_test,7,35,71.16666666666667,-0.75996333360672,-0.34106011590271623
UBFC_PHYS_s09_T3_test,7,36,71.2,-0.6599262952804565,-0.4821465934704826
UBFC_PHYS_s09_T3_test,7,37,71.23333333333333,-0.3233838677406311,-0.5456941361242308
UBFC_PHYS_s09_T3_test,7,38,71.26666666666667,0.03941825404763222,-0.5142465404819966
UBFC_PHYS_s09_T3_test,7,39,71.3,0.29680556058883667,-0.3872356110659487
UBFC_PHYS_s09_T3_test,7,40,71.33333333333333,0.4621348977088928,-0.18287041067925414
UBFC_PHYS_s09_T3_test,7,41,71.36666666666666,0.5283094644546509,0.06399581399587864
UBFC_PHYS_s09_T3_test,7,42,71.4,0.4866105914115906,0.30883980877408984
UBFC_PHYS_s09_T3_test,7,43,71.43333333333334,0.4103032350540161,0.5089418581713481
UBFC_PHYS_s09_T3_test,7,44,71.46666666666667,0.36421263217926025,0.6352278376468117
UBFC_PHYS_s09_T3_test,7,45,71.5,0.314164936542511,0.6773653145540541
UBFC_PHYS_s09_T3_test,7,46,71.53333333333333,0.21493878960609436,0.6410319389246474
UBFC_PHYS_s09_T3_test,7,47,71.56666666666666,0.10810978710651398,0.5424259574312594
UBFC_PHYS_s09_T3_test,7,48,71.6,0.025029942393302917,0.4031343775662401
UBFC_PHYS_s09_T3_test,7,49,71.63333333333334,-0.0908614844083786,0.2457756229041507
UBFC_PHYS_s09_T3_test,7,50,71.66666666666667,-0.2905268669128418,0.0907917444654763
UBFC_PHYS_s09_T3_test,7,51,71.7,-0.5277653336524963,-0.045187510257638584
UBFC_PHYS_s09_T3_test,7,52,71.73333333333333,-0.6810352206230164,-0.14980738011200367
UBFC_PHYS_s09_T3_test,7,53,71.76666666666667,-0.616858720779419,-0.2153026937218369
UBFC_PHYS_s09_T3_test,7,54,71.8,-0.33346474170684814,-0.23915560922951257
UBFC_PHYS_s09_T3_test,7,55,71.83333333333333,-0.009572065435349941,-0.22488969839809547
UBFC_PHYS_s09_T3_test,7,56,71.86666666666666,0.21345973014831543,-0.18219958105170245
UBFC_PHYS_s09_T3_test,7,57,71.9,0.34973999857902527,-0.12524834068971968
UBFC_PHYS_s09_T3_test,7,58,71.93333333333334,0.4149544835090637,-0.06931467323665431
UBFC_PHYS_s09_T3_test,7,59,71.96666666666667,0.37433895468711853,-0.02734023910977661
UBFC_PHYS_s09_T3_test,7,60,72.0,0.2806916832923889,-0.0076123451658961965
UBFC_PHYS_s09_T3_test,7,61,72.03333333333333,0.23390696942806244,-0.013256989050767795
UBFC_PHYS_s09_T3_test,7,62,72.06666666666666,0.209405317902565,-0.04316423673311146
UBFC_PHYS_s09_T3_test,7,63,72.1,0.13280604779720306,-0.09305675502362022
UBFC_PHYS_s09_T3_test,7,64,72.13333333333334,0.027358798310160637,-0.15623735353252782
UBFC_PHYS_s09_T3_test,7,65,72.16666666666667,-0.049175601452589035,-0.22447237793716418
UBFC_PHYS_s09_T3_test,7,66,72.2,-0.12672846019268036,-0.2888234402328482
UBFC_PHYS_s09_T3_test,7,67,72.23333333333333,-0.2799724042415619,-0.339619249092669
UBFC_PHYS_s09_T3_test,7,68,72.26666666666667,-0.515621542930603,-0.36616235458302354
UBFC_PHYS_s09_T3_test,7,69,72.3,-0.7159356474876404,-0.3579853873101116
UBFC_PHYS_s09_T3_test,7,70,72.33333333333333,-0.7079046368598938,-0.30769757390047725
UBFC_PHYS_s09_T3_test,7,71,72.36666666666666,-0.44937562942504883,-0.21362133289039603
UBFC_PHYS_s09_T3_test,7,72,72.4,-0.10582714527845383,-0.08156985952881761
UBFC_PHYS_s09_T3_test,7,73,72.43333333333334,0.15084008872509003,0.07365245780199954
UBFC_PHYS_s09_T3_test,7,74,72.46666666666667,0.30342236161231995,0.22800504347165812
UBFC_PHYS_s09_T3_test,7,75,72.5,0.3775111436843872,0.3515261915776117
UBFC_PHYS_s09_T3_test,7,76,72.53333333333333,0.35746610164642334,0.41542947300922567
UBFC_PHYS_s09_T3_test,7,77,72.56666666666666,0.29206350445747375,0.40089317111485123
UBFC_PHYS_s09_T3_test,7,78,72.6,0.2631182074546814,0.3061991506622061
UBFC_PHYS_s09_T3_test,7,79,72.63333333333334,0.26181432604789734,0.14829124966791885
UBFC_PHYS_s09_T3_test,7,80,72.66666666666667,0.21413438022136688,-0.04162436485181373
UBFC_PHYS_s09_T3_test,7,81,72.7,0.11690624803304672,-0.2252224873929015
UBFC_PHYS_s09_T3_test,7,82,72.73333333333333,0.03448159620165825,-0.36467485355376095
UBFC_PHYS_s09_T3_test,7,83,72.76666666666667,-0.031569704413414,-0.4298183208386526
UBFC_PHYS_s09_T3_test,7,84,72.8,-0.15525858104228973,-0.40405007062744014
UBFC_PHYS_s09_T3_test,7,85,72.83333333333333,-0.35549482703208923,-0.28814841708049344
UBFC_PHYS_s09_T3_test,7,86,72.86666666666666,-0.5450144410133362,-0.10138559371681832
UBFC_PHYS_s09_T3_test,7,87,72.9,-0.5797072649002075,0.12051217058967849
UBFC_PHYS_s09_T3_test,7,88,72.93333333333334,-0.3836292326450348,0.3317762000765693
UBFC_PHYS_s09_T3_test,7,89,72.96666666666667,-0.05959382653236389,0.4888740088627254
UBFC_PHYS_s09_T3_test,7,90,73.0,0.20878255367279053,0.5646860941313645
UBFC_PHYS_s09_T3_test,7,91,73.03333333333333,0.36181890964508057,0.5558539817290166
UBFC_PHYS_s09_T3_test,7,92,73.06666666666666,0.44901156425476074,0.4806458793301651
UBFC_PHYS_s09_T3_test,7,93,73.1,0.4628484845161438,0.3712751004339106
UBFC_PHYS_s09_T3_test,7,94,73.13333333333334,0.38683953881263733,0.2637813450646659
UBFC_PHYS_s09_T3_test,7,95,73.16666666666667,0.2826053500175476,0.18712231423556194
UBFC_PHYS_s09_T3_test,7,96,73.2,0.2115655094385147,0.15437264241806115
UBFC_PHYS_s09_T3_test,7,97,73.23333333333333,0.1472916603088379,0.15976891940096258
UBFC_PHYS_s09_T3_test,7,98,73.26666666666667,0.05315785855054855,0.18257780793288422
UBFC_PHYS_s09_T3_test,7,99,73.3,-0.03397640585899353,0.1958215174185372
UBFC_PHYS_s09_T3_test,7,100,73.33333333333333,-0.09059551358222961,0.1758755738814706
UBFC_PHYS_s09_T3_test,7,101,73.36666666666666,-0.16873221099376678,0.1078124073580839
UBFC_PHYS_s09_T3_test,7,102,73.4,-0.31604698300361633,-0.013858887374144521
UBFC_PHYS_s09_T3_test,7,103,73.43333333333334,-0.507376492023468,-0.18477744168263663
UBFC_PHYS_s09_T3_test,7,104,73.46666666666667,-0.6407570242881775,-0.3896533554744148
UBFC_PHYS_s09_T3_test,7,105,73.5,-0.5783255100250244,-0.6031781356449193
UBFC_PHYS_s09_T3_test,7,106,73.53333333333333,-0.2915842533111572,-0.7935091285310484
UBFC_PHYS_s09_T3_test,7,107,73.56666666666666,0.03978801518678665,-0.9266237461485557
UBFC_PHYS_s09_T3_test,7,108,73.6,0.2693847119808197,-0.9712671039441125
UBFC_PHYS_s09_T3_test,7,109,73.63333333333334,0.4096415638923645,-0.9055399330587048
UBFC_PHYS_s09_T3_test,7,110,73.66666666666667,0.4722547233104706,-0.7242388815332076
UBFC_PHYS_s09_T3_test,7,111,73.7,0.407150536775589,-0.44409853222597806
UBFC_PHYS_s09_T3_test,7,112,73.73333333333333,0.2556580901145935,-0.10428960575038973
UBFC_PHYS_s09_T3_test,7,113,73.76666666666667,0.1411808431148529,0.23966740013720741
UBFC_PHYS_s09_T3_test,7,114,73.8,0.08302430808544159,0.5277354367874084
UBFC_PHYS_s09_T3_test,7,115,73.83333333333333,0.005737409461289644,0.7094207372125294
UBFC_PHYS_s09_T3_test,7,116,73.86666666666666,-0.10259009897708893,0.7559596659746356
UBFC_PHYS_s09_T3_test,7,117,73.9,-0.1880701631307602,0.6666244709388264
UBFC_PHYS_s09_T3_test,7,118,73.93333333333334,-0.23667125403881073,0.46773139934588526
UBFC_PHYS_s09_T3_test,7,119,73.96666666666667,-0.29216811060905457,0.2056866370063784
UBFC_PHYS_s09_T3_test,7,120,74.0,-0.391011506319046,-0.06351813521124933
UBFC_PHYS_s09_T3_test,7,121,74.03333333333333,-0.5330652594566345,-0.2853307693022211
UBFC_PHYS_s09_T3_test,7,122,74.06666666666666,-0.6452915072441101,-0.416279790984972
UBFC_PHYS_s09_T3_test,7,123,74.1,-0.5913061499595642,-0.4315541589376595
UBFC_PHYS_s09_T3_test,7,124,74.13333333333334,-0.3321413993835449,-0.329733323409756
UBFC_PHYS_s09_T3_test,7,125,74.16666666666667,-0.020827123895287514,-0.1336707242909455
UBFC_PHYS_s09_T3_test,7,126,74.2,0.18753093481063843,0.11349916931776761
UBFC_PHYS_s09_T3_test,7,127,74.23333333333333,0.29742181301116943,0.35799388929459897
UBFC_PHYS_s09_T3_test,7,128,74.26666666666667,0.3569406569004059,0.5484995008861256
UBFC_PHYS_s09_T3_test,7,129,74.3,0.3511022925376892,0.6479384116097135
UBFC_PHYS_s09_T3_test,7,130,74.33333333333333,0.2897411286830902,0.6407305154584622
UBFC_PHYS_s09_T3_test,7,131,74.36666666666666,0.2347048670053482,0.5345370882346282
UBFC_PHYS_s09_T3_test,7,132,74.4,0.2068558931350708,0.3567917820626415
UBFC_PHYS_s09_T3_test,7,133,74.43333333333334,0.16166700422763824,0.14746093918683095
UBFC_PHYS_s09_T3_test,7,134,74.46666666666667,0.07324829697608948,-0.05028186241023961
UBFC_PHYS_s09_T3_test,7,135,74.5,-0.027476366609334946,-0.1997356612453553
UBFC_PHYS_s09_T3_test,7,136,74.53333333333333,-0.11584965884685516,-0.278525301061077
UBFC_PHYS_s09_T3_test,7,137,74.56666666666666,-0.2125912606716156,-0.2822467124867429
UBFC_PHYS_s09_T3_test,7,138,74.6,-0.3412103056907654,-0.22349141203375178
UBFC_PHYS_s09_T3_test,7,139,74.63333333333334,-0.5034648180007935,-0.12777149388106668
UBFC_PHYS_s09_T3_test,7,140,74.66666666666667,-0.6548080444335938,-0.02708571377790302
UBFC_PHYS_s09_T3_test,7,141,74.7,-0.6690731048583984,0.048949860488757234
UBFC_PHYS_s09_T3_test,7,142,74.73333333333333,-0.4501994848251343,0.08173657656812644
UBFC_PHYS_s09_T3_test,7,143,74.76666666666667,-0.10585957765579224,0.06712072548625955
UBFC_PHYS_s09_T3_test,7,144,74.8,0.15746338665485382,0.01299299400867515
UBFC_PHYS_s09_T3_test,7,145,74.83333333333333,0.30028262734413147,-0.06516501715267982
UBFC_PHYS_s09_T3_test,7,146,74.86666666666666,0.38741686940193176,-0.14865845037234363
UBFC_PHYS_s09_T3_test,7,147,74.9,0.42231079936027527,-0.21987229063726552
UBFC_PHYS_s09_T3_test,7,148,74.93333333333334,0.3886234760284424,-0.2656862150313671
UBFC_PHYS_s09_T3_test,7,149,74.96666666666667,0.32752180099487305,-0.27848391889576096
UBFC_PHYS_s09_T3_test,7,150,75.0,0.2810809016227722,-0.2553642053326473
UBFC_PHYS_s09_T3_test,7,151,75.03333333333333,0.23499679565429688,-0.19805545005437927
UBFC_PHYS_s09_T3_test,7,152,75.06666666666666,0.15653572976589203,-0.11391833755762537
UBFC_PHYS_s09_T3_test,7,153,75.1,0.04536689072847366,-0.016185434771174928
UBFC_PHYS_s09_T3_test,7,154,75.13333333333334,-0.07044020295143127,0.07771897920336326
UBFC_PHYS_s09_T3_test,7,155,75.16666666666667,-0.17126217484474182,0.14987614951179684
UBFC_PHYS_s09_T3_test,7,156,75.2,-0.26671284437179565,0.18662962165482633
UBFC_PHYS_s09_T3_test,7,157,75.23333333333333,-0.38071006536483765,0.18252801305470262
UBFC_PHYS_s09_T3_test,7,158,75.26666666666667,-0.5383327603340149,0.1419388722737718
UBFC_PHYS_s09_T3_test,7,159,75.3,-0.7039670348167419,0.07748343608616565
UBFC_PHYS_s09_T3_test,7,160,75.33333333333333,-0.7268144488334656,0.006066777594806233
UBFC_PHYS_s09_T3_test,7,161,75.36666666666666,-0.5063450336456299,-0.05527651801541397
UBFC_PHYS_s09_T3_test,7,162,75.4,-0.17067185044288635,-0.09254166350596499
UBFC_PHYS_s09_T3_test,7,163,75.43333333333334,0.08135712891817093,-0.09696637577690245
UBFC_PHYS_s09_T3_test,7,164,75.46666666666667,0.21399815380573273,-0.06650633615024928
UBFC_PHYS_s09_T3_test,7,165,75.5,0.28039976954460144,-0.006769107108611139
UBFC_PHYS_s09_T3_test,7,166,75.53333333333333,0.28228750824928284,0.06895215509875983
UBFC_PHYS_s09_T3_test,7,167,75.56666666666666,0.2337123453617096,0.14138786535965356
UBFC_PHYS_s09_T3_test,7,168,75.6,0.19371959567070007,0.18914322864814948
UBFC_PHYS_s09_T3_test,7,169,75.63333333333334,0.19174103438854218,0.19443671121941578
UBFC_PHYS_s09_T3_test,7,170,75.66666666666667,0.20252254605293274,0.14888703312170098
UBFC_PHYS_s09_T3_test,7,171,75.7,0.1985265016555786,0.05625214901083263
UBFC_PHYS_s09_T3_test,7,172,75.73333333333333,0.17829984426498413,-0.0688013908219846
UBFC_PHYS_s09_T3_test,7,173,75.76666666666667,0.1443595141172409,-0.20447755240023802
UBFC_PHYS_s09_T3_test,7,174,75.8,0.08931027352809906,-0.3265367974139985
UBFC_PHYS_s09_T3_test,7,175,75.83333333333333,-0.000522608810570091,-0.41238706066926994
UBFC_PHYS_s09_T3_test,7,176,75.86666666666666,-0.1500624418258667,-0.4441006204385843
UBFC_PHYS_s09_T3_test,7,177,75.9,-0.36553680896759033,-0.4108669948291092
UBFC_PHYS_s09_T3_test,7,178,75.93333333333334,-0.5602720379829407,-0.31100757315849514
UBFC_PHYS_s09_T3_test,7,179,75.96666666666667,-0.5677451491355896,-0.15314040458283593
UBFC_PHYS_s09_T3_test,7,180,76.0,-0.32425960898399353,0.0439344206987945
UBFC_PHYS_s09_T3_test,7,181,76.03333333333333,0.01422897819429636,0.2529947963928175
UBFC_PHYS_s09_T3_test,7,182,76.06666666666666,0.2569100856781006,0.4421118303735566
UBFC_PHYS_s09_T3_test,7,183,76.1,0.38624921441078186,0.5803985400726984
UBFC_PHYS_s09_T3_test,7,184,76.13333333333334,0.46340635418891907,0.6445703418516673
UBFC_PHYS_s09_T3_test,7,185,76.16666666666667,0.49735966324806213,0.6239291406974622
UBFC_PHYS_s09_T3_test,7,186,76.2,0.46732455492019653,0.5222826076933449
UBFC_PHYS_s09_T3_test,7,187,76.23333333333333,0.3871249556541443,0.35646348664683813
UBFC_PHYS_s09_T3_test,7,188,76.26666666666667,0.29478806257247925,0.15211194832578007
UBFC_PHYS_s09_T3_test,7,189,76.3,0.20082293450832367,-0.0617620301934067
UBFC_PHYS_s09_T3_test,7,190,76.33333333333333,0.08244695514440536,-0.25784633509879074
UBFC_PHYS_s09_T3_test,7,191,76.36666666666666,-0.0655294880270958,-0.41382641851224694
UBFC_PHYS_s09_T3_test,7,192,76.4,-0.214478999376297,-0.5139605375341786
UBFC_PHYS_s09_T3_test,7,193,76.43333333333334,-0.3360660672187805,-0.5502551773894532
UBFC_PHYS_s09_T3_test,7,194,76.46666666666667,-0.4280332028865814,-0.5234435471598511
UBFC_PHYS_s09_T3_test,7,195,76.5,-0.5178012251853943,-0.4427373638609151
UBFC_PHYS_s09_T3_test,7,196,76.53333333333333,-0.6451163291931152,-0.3240028351224449
UBFC_PHYS_s09_T3_test,7,197,76.56666666666666,-0.7660028338432312,-0.18682244653373445
UBFC_PHYS_s09_T3_test,7,198,76.6,-0.7278069853782654,-0.05097751729045663
UBFC_PHYS_s09_T3_test,7,199,76.63333333333334,-0.460552841424942,0.06707817257361519
UBFC_PHYS_s09_T3_test,7,200,76.66666666666667,-0.11634916067123413,0.15686922705445874
UBFC_PHYS_s09_T3_test,7,201,76.7,0.11877452582120895,0.214603050983356
UBFC_PHYS_s09_T3_test,7,202,76.73333333333333,0.23237600922584534,0.24201680094504638
UBFC_PHYS_s09_T3_test,7,203,76.76666666666667,0.29251760244369507,0.24456150439691862
UBFC_PHYS_s09_T3_test,7,204,76.8,0.30381157994270325,0.2295177814053803
UBFC_PHYS_s09_T3_test,7,205,76.83333333333333,0.264441579580307,0.2039375157101197
UBFC_PHYS_s09_T3_test,7,206,76.86666666666666,0.2236119955778122,0.17280751900395988
UBFC_PHYS_s09_T3_test,7,207,76.9,0.21526314318180084,0.1383049597400813
UBFC_PHYS_s09_T3_test,7,208,76.93333333333334,0.21309645473957062,0.10053407009406609
UBFC_PHYS_s09_T3_test,7,209,76.96666666666667,0.17914316058158875,0.05955560485059833
UBFC_PHYS_s09_T3_test,7,210,77.0,0.1122550219297409,0.01757065383572738
UBFC_PHYS_s09_T3_test,7,211,77.03333333333333,0.030712611973285675,-0.020562900572903477
UBFC_PHYS_s09_T3_test,7,212,77.06666666666666,-0.05406035855412483,-0.0488909493568344
UBFC_PHYS_s09_T3_test,7,213,77.1,-0.14593666791915894,-0.0628932132728503
UBFC_PHYS_s09_T3_test,7,214,77.13333333333334,-0.2654932737350464,-0.06169494726830453
UBFC_PHYS_s09_T3_test,7,215,77.16666666666667,-0.4224413335323334,-0.04878978965579816
UBFC_PHYS_s09_T3_test,7,216,77.2,-0.5421666502952576,-0.030873897515608272
UBFC_PHYS_s09_T3_test,7,217,77.23333333333333,-0.4786193370819092,-0.015256023084050985
UBFC_PHYS_s09_T3_test,7,218,77.26666666666667,-0.20399589836597443,-0.006955624908880932
UBFC_PHYS_s09_T3_test,7,219,77.3,0.09771750867366791,-0.007011293263781826
UBFC_PHYS_s09_T3_test,7,220,77.33333333333333,0.27527499198913574,-0.012651335734961288
UBFC_PHYS_s09_T3_test,7,221,77.36666666666666,0.35503992438316345,-0.018977148337138292
UBFC_PHYS_s09_T3_test,7,222,77.4,0.3937222957611084,-0.021365195483811338
UBFC_PHYS_s09_T3_test,7,223,77.43333333333334,0.38033950328826904,-0.017523876714138124
UBFC_PHYS_s09_T3_test,7,224,77.46666666666667,0.3190561830997467,-0.008431232504654978
UBFC_PHYS_s09_T3_test,7,225,77.5,0.26298198103904724,0.0021808998295414495
UBFC_PHYS_s09_T3_test,7,226,77.53333333333333,0.23617742955684662,0.009440971677658037
UBFC_PHYS_s09_T3_test,7,227,77.56666666666666,0.20249010622501373,0.009096863950608512
UBFC_PHYS_s09_T3_test,7,228,77.6,0.1315021514892578,-0.0011137797644681091
UBFC_PHYS_s09_T3_test,7,229,77.63333333333334,0.03228248283267021,-0.020509971017108053
UBFC_PHYS_s09_T3_test,7,230,77.66666666666667,-0.07246416807174683,-0.04499787281388261
UBFC_PHYS_s09_T3_test,7,231,77.7,-0.17495331168174744,-0.06722109988789021
UBFC_PHYS_s09_T3_test,7,232,77.73333333333333,-0.2788306772708893,-0.07779449560481777
UBFC_PHYS_s09_T3_test,7,233,77.76666666666667,-0.3978683352470398,-0.06825493544447109
UBFC_PHYS_s09_T3_test,7,234,77.8,-0.5460588932037354,-0.034827355679531796
UBFC_PHYS_s09_T3_test,7,235,77.83333333333333,-0.658343493938446,0.019281223407961134
UBFC_PHYS_s09_T3_test,7,236,77.86666666666666,-0.5881599187850952,0.08403545110790517
UBFC_PHYS_s09_T3_test,7,237,77.9,-0.30837926268577576,0.1446343678166992
UBFC_PHYS_s09_T3_test,7,238,77.93333333333334,3.527882290654816e-05,0.18506435714555727
UBFC_PHYS_s09_T3_test,7,239,77.96666666666667,0.1844366043806076,0.1928826433303728
UBFC_PHYS_s09_T3_test,7,240,78.0,0.2777724862098694,0.16361646416238806
UBFC_PHYS_s09_T3_test,7,241,78.03333333333333,0.33954882621765137,0.10210349078689496
UBFC_PHYS_s09_T3_test,7,242,78.06666666666666,0.34691163897514343,0.020353290585122714
UBFC_PHYS_s09_T3_test,7,243,78.1,0.2972920835018158,-0.06616388174154064
UBFC_PHYS_s09_T3_test,7,244,78.13333333333334,0.23950530588626862,-0.14215377480925737
UBFC_PHYS_s09_T3_test,7,245,78.16666666666667,0.20333342254161835,-0.19503382942855274
UBFC_PHYS_s09_T3_test,7,246,78.2,0.17853985726833344,-0.2163296135700273
UBFC_PHYS_s09_T3_test,7,247,78.23333333333333,0.1436070054769516,-0.20277387146833706
UBFC_PHYS_s09_T3_test,7,248,78.26666666666667,0.07939803600311279,-0.15712367539826888
UBFC_PHYS_s09_T3_test,7,249,78.3,-0.024654492735862732,-0.08783048492852785
UBFC_PHYS_s09_T3_test,7,250,78.33333333333333,-0.1525469869375229,-0.007426346767130438
UBFC_PHYS_s09_T3_test,7,251,78.36666666666666,-0.27486708760261536,0.06972153750618587
UBFC_PHYS_s09_T3_test,7,252,78.4,-0.39698609709739685,0.1298318411043284
UBFC_PHYS_s09_T3_test,7,253,78.43333333333334,-0.5563668012619019,0.16209153855163044
UBFC_PHYS_s09_T3_test,7,254,78.46666666666667,-0.7112195491790771,0.16074833556817203
UBFC_PHYS_s09_T3_test,7,255,78.5,-0.6993741393089294,0.12659494828682422
UBFC_PHYS_s09_T3_test,7,256,78.53333333333333,-0.43424132466316223,0.06738940363440357
UBFC_PHYS_s09_T3_test,7,257,78.56666666666666,-0.08881805837154388,-0.003304634957581336
UBFC_PHYS_s09_T3_test,7,258,78.6,0.14267286658287048,-0.0688633489879059
UBFC_PHYS_s09_T3_test,7,259,78.63333333333334,0.24701732397079468,-0.11337433120592488
UBFC_PHYS_s09_T3_test,7,260,78.66666666666667,0.2981418967247009,-0.1255097813518929
UBFC_PHYS_s09_T3_test,7,261,78.7,0.3147293031215668,-0.1013347598918613
UBFC_PHYS_s09_T3_test,7,262,78.73333333333333,0.2923813760280609,-0.04534099750461874
UBFC_PHYS_s09_T3_test,7,263,78.76666666666667,0.25504830479621887,0.030449675374454664
UBFC_PHYS_s09_T3_test,7,264,78.8,0.21925267577171326,0.10904240264383894
UBFC_PHYS_s09_T3_test,7,265,78.83333333333333,0.1785852611064911,0.1720382271317606
UBFC_PHYS_s09_T3_test,7,266,78.86666666666666,0.12997768819332123,0.20375403449318255
UBFC_PHYS_s09_T3_test,7,267,78.9,0.06539246439933777,0.19559844094452927
UBFC_PHYS_s09_T3_test,7,268,78.93333333333334,-0.030564209446310997,0.14925585954310924
UBFC_PHYS_s09_T3_test,7,269,78.96666666666667,-0.1478438675403595,0.07634068793077031
UBFC_PHYS_s09_T3_test,7,270,79.0,-0.25235047936439514,-0.0055080751881866
UBFC_PHYS_s09_T3_test,7,271,79.03333333333333,-0.33814841508865356,-0.0777857835670111
UBFC_PHYS_s09_T3_test,7,272,79.06666666666666,-0.44575586915016174,-0.1257788893083478
UBFC_PHYS_s09_T3_test,7,273,79.1,-0.5847088098526001,-0.14183804067555938
UBFC_PHYS_s09_T3_test,7,274,79.13333333333334,-0.6473479270935059,-0.12687399300353272
UBFC_PHYS_s09_T3_test,7,275,79.16666666666667,-0.49584248661994934,-0.09013848718034843
UBFC_PHYS_s09_T3_test,7,276,79.2,-0.17884555459022522,-0.04731300991784319
UBFC_PHYS_s09_T3_test,7,277,79.23333333333333,0.09943658113479614,-0.016891626139269464
UBFC_PHYS_s09_T3_test,7,278,79.26666666666667,0.2483147382736206,-0.015426446769182344
UBFC_PHYS_s09_T3_test,7,279,79.3,0.3391336500644684,-0.0527761857614244
UBFC_PHYS_s09_T3_test,7,280,79.33333333333333,0.40144839882850647,-0.12876443837921922
UBFC_PHYS_s09_T3_test,7,281,79.36666666666666,0.3989119529724121,-0.23269102563833546
UBFC_PHYS_s09_T3_test,7,282,79.4,0.34115761518478394,-0.3456637272438626
UBFC_PHYS_s09_T3_test,7,283,79.43333333333334,0.2839287221431732,-0.4442806559266298
UBFC_PHYS_s09_T3_test,7,284,79.46666666666667,0.24905425310134888,-0.5047852048616109
UBFC_PHYS_s09_T3_test,7,285,79.5,0.20527954399585724,-0.5075229415515633
UBFC_PHYS_s09_T3_test,7,286,79.53333333333333,0.12938088178634644,-0.4410127743166224
UBFC_PHYS_s09_T3_test,7,287,79.56666666666666,0.04353105276823044,-0.304443719967869
UBFC_PHYS_s09_T3_test,7,288,79.6,-0.03617551922798157,-0.108276024432624
UBFC_PHYS_s09_T3_test,7,289,79.63333333333334,-0.12960872054100037,0.12652159421720838
UBFC_PHYS_s09_T3_test,7,290,79.66666666666667,-0.26302170753479004,0.370791745488891
UBFC_PHYS_s09_T3_test,7,291,79.7,-0.4276958703994751,0.5918893620112349
UBFC_PHYS_s09_T3_test,7,292,79.73333333333333,-0.5418552160263062,0.7602539217298021
UBFC_PHYS_s09_T3_test,7,293,79.76666666666667,-0.4704650938510895,0.8559557714224105
UBFC_PHYS_s09_T3_test,7,294,79.8,-0.1933441460132599,0.8729070300619232
UBFC_PHYS_s09_T3_test,7,295,79.83333333333333,0.12166126817464828,0.818464308810723
UBFC_PHYS_s09_T3_test,7,296,79.86666666666666,0.31690895557403564,0.7087520112846015
UBFC_PHYS_s09_T3_test,7,297,79.9,0.3891294598579407,0.5625578962141707
UBFC_PHYS_s09_T3_test,7,298,79.93333333333334,0.392496258020401,0.39633257053641674
UBFC_PHYS_s09_T3_test,7,299,79.96666666666667,0.3400677740573883,0.22197610431210701
UBFC_PHYS_s09_T3_test,8,0,80.0,0.25821399688720703,-0.01154859468441215
UBFC_PHYS_s09_T3_test,8,1,80.03333333333333,0.2076992243528366,-0.0723314360218835
UBFC_PHYS_s09_T3_test,8,2,80.06666666666666,0.18552643060684204,-0.1058575232567081
UBFC_PHYS_s09_T3_test,8,3,80.1,0.1275126039981842,-0.09381371984182275
UBFC_PHYS_s09_T3_test,8,4,80.13333333333334,0.022487012669444084,-0.02942872164667958
UBFC_PHYS_s09_T3_test,8,5,80.16666666666667,-0.07664832472801208,0.08040587761881193
UBFC_PHYS_s09_T3_test,8,6,80.2,-0.15570618212223053,0.21752919766916493
UBFC_PHYS_s09_T3_test,8,7,80.23333333333333,-0.25675520300865173,0.3570352605910067
UBFC_PHYS_s09_T3_test,8,8,80.26666666666667,-0.40602907538414,0.47268118424401473
UBFC_PHYS_s09_T3_test,8,9,80.3,-0.5867716670036316,0.5432589703746802
UBFC_PHYS_s09_T3_test,8,10,80.33333333333333,-0.7104994654655457,0.5580838374174183
UBFC_PHYS_s09_T3_test,8,11,80.36666666666666,-0.6294500827789307,0.5181243146313674
UBFC_PHYS_s09_T3_test,8,12,80.4,-0.32280001044273376,0.43329844268848416
UBFC_PHYS_s09_T3_test,8,13,80.43333333333334,0.01824447140097618,0.32023480384570835
UBFC_PHYS_s09_T3_test,8,14,80.46666666666667,0.23267441987991333,0.2004814878378383
UBFC_PHYS_s09_T3_test,8,15,80.5,0.35123851895332336,0.09494952780228774
UBFC_PHYS_s09_T3_test,8,16,80.53333333333333,0.4276885688304901,0.015721079670131456
UBFC_PHYS_s09_T3_test,8,17,80.56666666666666,0.4335010051727295,-0.038398587819080725
UBFC_PHYS_s09_T3_test,8,18,80.6,0.3712056875228882,-0.08028645161466301
UBFC_PHYS_s09_T3_test,8,19,80.63333333333334,0.30410999059677124,-0.12918274847657743
UBFC_PHYS_s09_T3_test,8,20,80.66666666666667,0.253283828496933,-0.20426776000700542
UBFC_PHYS_s09_T3_test,8,21,80.7,0.18013568222522736,-0.3194531328631219
UBFC_PHYS_s09_T3_test,8,22,80.73333333333333,0.08000782132148743,-0.4798545450693645
UBFC_PHYS_s09_T3_test,8,23,80.76666666666667,-0.0013399790041148663,-0.6786678738815373
UBFC_PHYS_s09_T3_test,8,24,80.8,-0.06324604153633118,-0.8952594924692354
UBFC_PHYS_s09_T3_test,8,25,80.83333333333333,-0.1597151905298233,-1.097264388283581
UBFC_PHYS_s09_T3_test,8,26,80.86666666666666,-0.3199392259120941,-1.2462243209675012
UBFC_PHYS_s09_T3_test,8,27,80.9,-0.5123131275177002,-1.303107418158779
UBFC_PHYS_s09_T3_test,8,28,80.93333333333334,-0.6270758509635925,-1.2333963601601596
UBFC_PHYS_s09_T3_test,8,29,80.96666666666667,-0.5332793593406677,-1.014631663805068
UBFC_PHYS_s09_T3_test,8,30,81.0,-0.24719327688217163,-0.6459499074146764
UBFC_PHYS_s09_T3_test,8,31,81.03333333333333,0.048337969928979874,-0.15559063321749564
UBFC_PHYS_s09_T3_test,8,32,81.06666666666666,0.2347373068332672,0.3982521505639952
UBFC_PHYS_s09_T3_test,8,33,81.1,0.3399510085582733,0.9373224366738997
UBFC_PHYS_s09_T3_test,8,34,81.13333333333334,0.39134156703948975,1.380691471696384
UBFC_PHYS_s09_T3_test,8,35,81.16666666666667,0.3691428005695343,1.6596803498436585
UBFC_PHYS_s09_T3_test,8,36,81.2,0.28616026043891907,1.7283977155310213
UBFC_PHYS_s09_T3_test,8,37,81.23333333333333,0.19514673948287964,1.5759362579878124
UBFC_PHYS_s09_T3_test,8,38,81.26666666666667,0.10940071195363998,1.235955930396459
UBFC_PHYS_s09_T3_test,8,39,81.3,-0.008307087235152721,0.7798779363127284
UBFC_PHYS_s09_T3_test,8,40,81.33333333333333,-0.1577690690755844,0.2949585033241671
UBFC_PHYS_s09_T3_test,8,41,81.36666666666666,-0.3004196584224701,-0.13653639266757814
UBFC_PHYS_s09_T3_test,8,42,81.4,-0.43832167983055115,-0.4500965334937723
UBFC_PHYS_s09_T3_test,8,43,81.43333333333334,-0.6105856895446777,-0.6072699949482312
UBFC_PHYS_s09_T3_test,8,44,81.46666666666667,-0.8340715765953064,-0.6011866844108605
UBFC_PHYS_s09_T3_test,8,45,81.5,-1.0788675546646118,-0.4581314576466623
UBFC_PHYS_s09_T3_test,8,46,81.53333333333333,-1.2160170078277588,-0.23229044404955268
UBFC_PHYS_s09_T3_test,8,47,81.56666666666666,-1.0784912109375,0.010020108898476411
UBFC_PHYS_s09_T3_test,8,48,81.6,-0.6755147576332092,0.2107361420577991
UBFC_PHYS_s09_T3_test,8,49,81.63333333333334,-0.2067204713821411,0.3307139538834065
UBFC_PHYS_s09_T3_test,8,50,81.66666666666667,0.18714819848537445,0.34956346801898325
UBFC_PHYS_s09_T3_test,8,51,81.7,0.5044370293617249,0.2665928659198132
UBFC_PHYS_s09_T3_test,8,52,81.73333333333333,0.7342024445533752,0.10407233435382311
UBFC_PHYS_s09_T3_test,8,53,81.76666666666667,0.8287254571914673,-0.0971399470124723
UBFC_PHYS_s09_T3_test,8,54,81.8,0.8138895630836487,-0.29047368173349186
UBFC_PHYS_s09_T3_test,8,55,81.83333333333333,0.768875777721405,-0.4362871142840672
UBFC_PHYS_s09_T3_test,8,56,81.86666666666666,0.7191394567489624,-0.5093782526095895
UBFC_PHYS_s09_T3_test,8,57,81.9,0.6341069936752319,-0.5013169783347643
UBFC_PHYS_s09_T3_test,8,58,81.93333333333334,0.5091336965560913,-0.41960560163040206
UBFC_PHYS_s09_T3_test,8,59,81.96666666666667,0.38571077585220337,-0.28696175302870613
UBFC_PHYS_s09_T3_test,8,60,82.0,0.2842920124530792,-0.1395641574790901
UBFC_PHYS_s09_T3_test,8,61,82.03333333333333,0.17368105053901672,-0.01906842812340387
UBFC_PHYS_s09_T3_test,8,62,82.06666666666666,0.010810294188559055,0.040011459997869626
UBFC_PHYS_s09_T3_test,8,63,82.1,-0.21759279072284698,0.019311746592439567
UBFC_PHYS_s09_T3_test,8,64,82.13333333333334,-0.44015103578567505,-0.08045092833778433
UBFC_PHYS_s09_T3_test,8,65,82.16666666666667,-0.5024917125701904,-0.23894853484665593
UBFC_PHYS_s09_T3_test,8,66,82.2,-0.333756685256958,-0.41787460617660704
UBFC_PHYS_s09_T3_test,8,67,82.23333333333333,-0.06693718582391739,-0.5680620681147754
UBFC_PHYS_s09_T3_test,8,68,82.26666666666667,0.11949458718299866,-0.6418674800987405
UBFC_PHYS_s09_T3_test,8,69,82.3,0.20035585761070251,-0.6067915695671714
UBFC_PHYS_s09_T3_test,8,70,82.33333333333333,0.2280815839767456,-0.45540437342750334
UBFC_PHYS_s09_T3_test,8,71,82.36666666666666,0.2082376480102539,-0.2067023648631373
UBFC_PHYS_s09_T3_test,8,72,82.4,0.15468043088912964,0.100361521116509
UBFC_PHYS_s09_T3_test,8,73,82.43333333333334,0.128226175904274,0.415134768627764
UBFC_PHYS_s09_T3_test,8,74,82.46666666666667,0.14173224568367004,0.6840969614442726
UBFC_PHYS_s09_T3_test,8,75,82.5,0.12743476033210754,0.8638765047473472
UBFC_PHYS_s09_T3_test,8,76,82.53333333333333,0.05481205880641937,0.9351016356636181
UBFC_PHYS_s09_T3_test,8,77,82.56666666666666,-0.019601067528128624,0.9072395754393713
UBFC_PHYS_s09_T3_test,8,78,82.6,-0.07245118916034698,0.8114395749973448
UBFC_PHYS_s09_T3_test,8,79,82.63333333333334,-0.14849257469177246,0.6860167005617978
UBFC_PHYS_s09_T3_test,8,80,82.66666666666667,-0.2881591022014618,0.5615356495220816
UBFC_PHYS_s09_T3_test,8,81,82.7,-0.46772754192352295,0.4532123509776941
UBFC_PHYS_s09_T3_test,8,82,82.73333333333333,-0.569139838218689,0.36191017610033005
UBFC_PHYS_s09_T3_test,8,83,82.76666666666667,-0.4531705677509308,0.2785242340825113
UBFC_PHYS_s09_T3_test,8,84,82.8,-0.15568672120571136,0.18866309012817456
UBFC_PHYS_s09_T3_test,8,85,82.83333333333333,0.13541384041309357,0.07744342875729858
UBFC_PHYS_s09_T3_test,8,86,82.86666666666666,0.319627046585083,-0.06565677247650284
UBFC_PHYS_s09_T3_test,8,87,82.9,0.41799041628837585,-0.24204268541953847
UBFC_PHYS_s09_T3_test,8,88,82.93333333333334,0.439138263463974,-0.44061021016302804
UBFC_PHYS_s09_T3_test,8,89,82.96666666666667,0.38007351756095886,-0.6379172828066961
UBFC_PHYS_s09_T3_test,8,90,83.0,0.29781752824783325,-0.8021775540343162
UBFC_PHYS_s09_T3_test,8,91,83.03333333333333,0.2496316134929657,-0.8993118954200114
UBFC_PHYS_s09_T3_test,8,92,83.06666666666666,0.20422863960266113,-0.9001519322218536
UBFC_PHYS_s09_T3_test,8,93,83.1,0.11756793409585953,-0.7887568513396189
UBFC_PHYS_s09_T3_test,8,94,83.13333333333334,0.013379172421991825,-0.5701333266694575
UBFC_PHYS_s09_T3_test,8,95,83.16666666666667,-0.07350209355354309,-0.2741217673188655
UBFC_PHYS_s09_T3_test,8,96,83.2,-0.17405809462070465,0.047656628520757395
UBFC_PHYS_s09_T3_test,8,97,83.23333333333333,-0.3459588289260864,0.3339503137173753
UBFC_PHYS_s09_T3_test,8,98,83.26666666666667,-0.5871998071670532,0.5308179451696855
UBFC_PHYS_s09_T3_test,8,99,83.3,-0.7796515822410583,0.603424702970598
UBFC_PHYS_s09_T3_test,8,100,83.33333333333333,-0.7594119310379028,0.5400178941429137
UBFC_PHYS_s09_T3_test,8,101,83.36666666666666,-0.5069742798805237,0.35297512110352125
UBFC_PHYS_s09_T3_test,8,102,83.4,-0.1988905817270279,0.0779200347521331
UBFC_PHYS_s09_T3_test,8,103,83.43333333333334,0.013898137956857681,-0.23237489666353892
UBFC_PHYS_s09_T3_test,8,104,83.46666666666667,0.14463844895362854,-0.5187177149837947
UBFC_PHYS_s09_T3_test,8,105,83.5,0.2232811450958252,-0.726320446139154
UBFC_PHYS_s09_T3_test,8,106,83.53333333333333,0.20570120215415955,-0.8133159042903606
UBFC_PHYS_s09_T3_test,8,107,83.56666666666666,0.10327044129371643,-0.7569912999056417
UBFC_PHYS_s09_T3_test,8,108,83.6,-0.0075286393985152245,-0.5580341496130002
UBFC_PHYS_s09_T3_test,8,109,83.63333333333334,-0.09921033680438995,-0.24296984682142314
UBFC_PHYS_s09_T3_test,8,110,83.66666666666667,-0.20444351434707642,0.13762093822080732
UBFC_PHYS_s09_T3_test,8,111,83.7,-0.32797670364379883,0.5194338694777297
UBFC_PHYS_s09_T3_test,8,112,83.73333333333333,-0.43136104941368103,0.8403156256962594
UBFC_PHYS_s09_T3_test,8,113,83.76666666666667,-0.49826866388320923,1.0518432848711246
UBFC_PHYS_s09_T3_test,8,114,83.8,-0.5583972334861755,1.1245788862235142
UBFC_PHYS_s09_T3_test,8,115,83.83333333333333,-0.6362550258636475,1.0528977675794151
UBFC_PHYS_s09_T3_test,8,116,83.86666666666666,-0.7152285575866699,0.8587914904585421
UBFC_PHYS_s09_T3_test,8,117,83.9,-0.7125883102416992,0.5875197386131218
UBFC_PHYS_s09_T3_test,8,118,83.93333333333334,-0.5038215517997742,0.29481107290331854
UBFC_PHYS_s09_T3_test,8,119,83.96666666666667,-0.08030702918767929,0.032453429518252974
UBFC_PHYS_s09_T3_test,8,120,84.0,0.37099161744117737,-0.16273542504347407
UBFC_PHYS_s09_T3_test,8,121,84.03333333333333,0.6724715232849121,-0.274363876507633
UBFC_PHYS_s09_T3_test,8,122,84.06666666666666,0.8431007862091064,-0.30652136514104866
UBFC_PHYS_s09_T3_test,8,123,84.1,0.9265309572219849,-0.28065692344480725
UBFC_PHYS_s09_T3_test,8,124,84.13333333333334,0.9077638387680054,-0.23035067878751853
UBFC_PHYS_s09_T3_test,8,125,84.16666666666667,0.8215507864952087,-0.1937013694807262
UBFC_PHYS_s09_T3_test,8,126,84.2,0.74501633644104,-0.2037421340524483
UBFC_PHYS_s09_T3_test,8,127,84.23333333333333,0.6799057126045227,-0.278226545437925
UBFC_PHYS_s09_T3_test,8,128,84.26666666666667,0.5745103359222412,-0.41244155681040884
UBFC_PHYS_s09_T3_test,8,129,84.3,0.4374516010284424,-0.5803149977177683
UBFC_PHYS_s09_T3_test,8,130,84.33333333333333,0.31163498759269714,-0.7428709311349232
UBFC_PHYS_s09_T3_test,8,131,84.36666666666666,0.18783582746982574,-0.8571342077101191
UBFC_PHYS_s09_T3_test,8,132,84.4,0.03701803833246231,-0.8831257513769145
UBFC_PHYS_s09_T3_test,8,133,84.43333333333334,-0.13712073862552643,-0.7914788444732384
UBFC_PHYS_s09_T3_test,8,134,84.46666666666667,-0.3151063621044159,-0.5721251358653202
UBFC_PHYS_s09_T3_test,8,135,84.5,-0.4308096468448639,-0.24189483767233236
UBFC_PHYS_s09_T3_test,8,136,84.53333333333333,-0.3555726706981659,0.1535845962161675
UBFC_PHYS_s09_T3_test,8,137,84.56666666666666,-0.09343036264181137,0.5496274623883647
UBFC_PHYS_s09_T3_test,8,138,84.6,0.19274653494358063,0.880454015548369
UBFC_PHYS_s09_T3_test,8,139,84.63333333333334,0.3918670117855072,1.0932827395630291
UBFC_PHYS_s09_T3_test,8,140,84.66666666666667,0.512604296207428,1.1554672692699612
UBFC_PHYS_s09_T3_test,8,141,84.7,0.5465511083602905,1.0609426952506584
UBFC_PHYS_s09_T3_test,8,142,84.73333333333333,0.4642237424850464,0.8345668965767068
UBFC_PHYS_s09_T3_test,8,143,84.76666666666667,0.3189653754234314,0.5254220348002324
UBFC_PHYS_s09_T3_test,8,144,84.8,0.19521810114383698,0.19032715780390694
UBFC_PHYS_s09_T3_test,8,145,84.83333333333333,0.09152884781360626,-0.12107731482241235
UBFC_PHYS_s09_T3_test,8,146,84.86666666666666,-0.02840401604771614,-0.3740689812874308
UBFC_PHYS_s09_T3_test,8,147,84.9,-0.1436207890510559,-0.5506838487485854
UBFC_PHYS_s09_T3_test,8,148,84.93333333333334,-0.20901040732860565,-0.6476268908619387
UBFC_PHYS_s09_T3_test,8,149,84.96666666666667,-0.23648960888385773,-0.6721992328033937
UBFC_PHYS_s09_T3_test,8,150,85.0,-0.28913214802742004,-0.6374399740834286
UBFC_PHYS_s09_T3_test,8,151,85.03333333333333,-0.4184907078742981,-0.5567680875610085
UBFC_PHYS_s09_T3_test,8,152,85.06666666666666,-0.5927916765213013,-0.44053095194856784
UBFC_PHYS_s09_T3_test,8,153,85.1,-0.6713111400604248,-0.298459880063121
UBFC_PHYS_s09_T3_test,8,154,85.13333333333334,-0.5162702798843384,-0.1446431659415794
UBFC_PHYS_s09_T3_test,8,155,85.16666666666667,-0.18848532438278198,0.00477829174286346
UBFC_PHYS_s09_T3_test,8,156,85.2,0.1045483872294426,0.1397532802323943
UBFC_PHYS_s09_T3_test,8,157,85.23333333333333,0.2694755494594574,0.25800262416350245
UBFC_PHYS_s09_T3_test,8,158,85.26666666666667,0.3668269217014313,0.35847269182080177
UBFC_PHYS_s09_T3_test,8,159,85.3,0.41820448637008667,0.4358357635990868
UBFC_PHYS_s09_T3_test,8,160,85.33333333333333,0.38513344526290894,0.48088557019566813
UBFC_PHYS_s09_T3_test,8,161,85.36666666666666,0.2960854768753052,0.48592851177885577
UBFC_PHYS_s09_T3_test,8,162,85.4,0.21907752752304077,0.4508725079312884
UBFC_PHYS_s09_T3_test,8,163,85.43333333333334,0.15658114850521088,0.3834709501531818
UBFC_PHYS_s09_T3_test,8,164,85.46666666666667,0.07669942080974579,0.2941956458128792
UBFC_PHYS_s09_T3_test,8,165,85.5,-0.004609460011124611,0.19305357918905852
UBFC_PHYS_s09_T3_test,8,166,85.53333333333333,-0.058426156640052795,0.08992631139080946
UBFC_PHYS_s09_T3_test,8,167,85.56666666666666,-0.1130731925368309,-0.006091376324812137
UBFC_PHYS_s09_T3_test,8,168,85.6,-0.2223607897758484,-0.08902308923592442
UBFC_PHYS_s09_T3_test,8,169,85.63333333333334,-0.3972066640853882,-0.15657902046930286
UBFC_PHYS_s09_T3_test,8,170,85.66666666666667,-0.554615318775177,-0.20826330358240688
UBFC_PHYS_s09_T3_test,8,171,85.7,-0.5513328313827515,-0.24327109453629817
UBFC_PHYS_s09_T3_test,8,172,85.73333333333333,-0.3293389678001404,-0.2598417775885014
UBFC_PHYS_s09_T3_test,8,173,85.76666666666667,0.003538294229656458,-0.2567084341341227
UBFC_PHYS_s09_T3_test,8,174,85.8,0.2737829387187958,-0.23534421820753781
UBFC_PHYS_s09_T3_test,8,175,85.83333333333333,0.3813709318637848,-0.20012361555473732
UBFC_PHYS_s09_T3_test,8,176,85.86666666666666,0.3217223584651947,-0.15592018552003437
UBFC_PHYS_s09_T3_test,8,177,85.9,0.1766715794801712,-0.10521560616369882
UBFC_PHYS_s09_T3_test,8,178,85.93333333333334,0.06980367004871368,-0.04704637899867515
UBFC_PHYS_s09_T3_test,8,179,85.96666666666667,0.06773429363965988,0.020260253534487592
UBFC_PHYS_s09_T3_test,8,180,86.0,0.12899164855480194,0.09406881809900347
UBFC_PHYS_s09_T3_test,8,181,86.03333333333333,0.18201692402362823,0.16475052554759148
UBFC_PHYS_s09_T3_test,8,182,86.06666666666666,0.21903212368488312,0.21724085513478197
UBFC_PHYS_s09_T3_test,8,183,86.1,0.24634267389774323,0.23556111632511648
UBFC_PHYS_s09_T3_test,8,184,86.13333333333334,0.21766984462738037,0.2082388082848656
UBFC_PHYS_s09_T3_test,8,185,86.16666666666667,0.08270644396543503,0.1322366508530221
UBFC_PHYS_s09_T3_test,8,186,86.2,-0.12532725930213928,0.014381155162235907
UBFC_PHYS_s09_T3_test,8,187,86.23333333333333,-0.26092639565467834,-0.12920461633922103
UBFC_PHYS_s09_T3_test,8,188,86.26666666666667,-0.1757187843322754,-0.2751785990551775
UBFC_PHYS_s09_T3_test,8,189,86.3,0.08018296957015991,-0.3962439943570866
UBFC_PHYS_s09_T3_test,8,190,86.33333333333333,0.31358110904693604,-0.4654583205171852
UBFC_PHYS_s09_T3_test,8,191,86.36666666666666,0.43066614866256714,-0.46152598758755525
UBFC_PHYS_s09_T3_test,8,192,86.4,0.44550853967666626,-0.3744378841794963
UBFC_PHYS_s09_T3_test,8,193,86.43333333333334,0.3603009581565857,-0.210201087328765
UBFC_PHYS_s09_T3_test,8,194,86.46666666666667,0.194802924990654,0.007459535556315437
UBFC_PHYS_s09_T3_test,8,195,86.5,0.03645366430282593,0.24094820795629693
UBFC_PHYS_s09_T3_test,8,196,86.53333333333333,-0.05396953970193863,0.4466379324665581
UBFC_PHYS_s09_T3_test,8,197,86.56666666666666,-0.10519140958786011,0.5814153046827601
UBFC_PHYS_s09_T3_test,8,198,86.6,-0.10444539785385132,0.6083716896017463
UBFC_PHYS_s09_T3_test,8,199,86.63333333333334,0.0306153055280447,0.5073574406381332
UBFC_PHYS_s09_T3_test,8,200,86.66666666666667,0.27524253726005554,0.28683475281985715
UBFC_PHYS_s09_T3_test,8,201,86.7,0.4554142951965332,-0.015160111068807235
UBFC_PHYS_s09_T3_test,8,202,86.73333333333333,0.4926435649394989,-0.3424230235599096
UBFC_PHYS_s09_T3_test,8,203,86.76666666666667,0.5229771137237549,-0.634693143706456
UBFC_PHYS_s09_T3_test,8,204,86.8,0.6806776523590088,-0.8386953086885
UBFC_PHYS_s09_T3_test,8,205,86.83333333333333,0.9366961717605591,-0.9154591160334539
UBFC_PHYS_s09_T3_test,8,206,86.86666666666666,1.225130558013916,-0.8446703306414142
UBFC_PHYS_s09_T3_test,8,207,86.9,1.5352966785430908,-0.6276329588273389
UBFC_PHYS_s09_T3_test,8,208,86.93333333333334,1.7962647676467896,-0.28932408629255524
UBFC_PHYS_s09_T3_test,8,209,86.96666666666667,1.759612798690796,0.12137114550993257
UBFC_PHYS_s09_T3_test,8,210,87.0,1.1915730237960815,0.5356488605799832
UBFC_PHYS_s09_T3_test,8,211,87.03333333333333,0.3114663064479828,0.8761402600099899
UBFC_PHYS_s09_T3_test,8,212,87.06666666666666,-0.08078707009553909,1.0750774717089904
UBFC_PHYS_s09_T3_test,8,213,87.1,0.5690093040466309,1.0946713044723753
UBFC_PHYS_s09_T3_test,8,214,87.13333333333334,1.7131201028823853,0.9411756671151855
UBFC_PHYS_s09_T3_test,8,215,87.16666666666667,2.2104640007019043,0.662001573195524
UBFC_PHYS_s09_T3_test,8,216,87.2,1.7288771867752075,0.327439754165918
UBFC_PHYS_s09_T3_test,8,217,87.23333333333333,0.8352773785591125,0.010375205687951666
UBFC_PHYS_s09_T3_test,8,218,87.26666666666667,-0.0705050677061081,-0.22884697656483688
UBFC_PHYS_s09_T3_test,8,219,87.3,-0.9830794930458069,-0.3528327098452907
UBFC_PHYS_s09_T3_test,8,220,87.33333333333333,-1.861953616142273,-0.3528687157129845
UBFC_PHYS_s09_T3_test,8,221,87.36666666666666,-2.655282735824585,-0.24911109637741102
UBFC_PHYS_s09_T3_test,8,222,87.4,-3.273623466491699,-0.0847150782559718
UBFC_PHYS_s09_T3_test,8,223,87.43333333333334,-3.455455780029297,0.08609110869215977
UBFC_PHYS_s09_T3_test,8,224,87.46666666666667,-3.0381104946136475,0.21292695922097174
UBFC_PHYS_s09_T3_test,8,225,87.5,-2.255199432373047,0.2614744440796056
UBFC_PHYS_s09_T3_test,8,226,87.53333333333333,-1.5385345220565796,0.2198237728903978
UBFC_PHYS_s09_T3_test,8,227,87.56666666666666,-1.0747092962265015,0.09877414223980198
UBFC_PHYS_s09_T3_test,8,228,87.6,-0.7604239583015442,-0.07303363694152872
UBFC_PHYS_s09_T3_test,8,229,87.63333333333334,-0.49290385842323303,-0.2575139098321318
UBFC_PHYS_s09_T3_test,8,230,87.66666666666667,-0.3060309588909149,-0.4167618728437829
UBFC_PHYS_s09_T3_test,8,231,87.7,-0.2326168417930603,-0.5212840607575273
UBFC_PHYS_s09_T3_test,8,232,87.73333333333333,-0.2185853123664856,-0.5551056824393746
UBFC_PHYS_s09_T3_test,8,233,87.76666666666667,-0.23307742178440094,-0.5170946315040194
UBFC_PHYS_s09_T3_test,8,234,87.8,-0.3308764100074768,-0.41909999338232024
UBFC_PHYS_s09_T3_test,8,235,87.83333333333333,-0.5409275889396667,-0.28250991984215357
UBFC_PHYS_s09_T3_test,8,236,87.86666666666666,-0.7536773681640625,-0.13413089480083568
UBFC_PHYS_s09_T3_test,8,237,87.9,-0.7535346746444702,-0.0014621143178769835
UBFC_PHYS_s09_T3_test,8,238,87.93333333333334,-0.43346935510635376,0.09196607544022621
UBFC_PHYS_s09_T3_test,8,239,87.96666666666667,0.0527816079556942,0.12992425405669794
UBFC_PHYS_s09_T3_test,8,240,88.0,0.46138888597488403,0.10603786221493675
UBFC_PHYS_s09_T3_test,8,241,88.03333333333333,0.6974661946296692,0.027591664178408748
UBFC_PHYS_s09_T3_test,8,242,88.06666666666666,0.7964328527450562,-0.08196714910005055
UBFC_PHYS_s09_T3_test,8,243,88.1,0.7824207544326782,-0.18830808830470555
UBFC_PHYS_s09_T3_test,8,244,88.13333333333334,0.6920819282531738,-0.25839993329318023
UBFC_PHYS_s09_T3_test,8,245,88.16666666666667,0.5740367770195007,-0.27139032216314557
UBFC_PHYS_s09_T3_test,8,246,88.2,0.43636178970336914,-0.2232743714447664
UBFC_PHYS_s09_T3_test,8,247,88.23333333333333,0.2804451584815979,-0.1248282654639675
UBFC_PHYS_s09_T3_test,8,248,88.26666666666667,0.14526769518852234,0.004440888271471455
UBFC_PHYS_s09_T3_test,8,249,88.3,0.045736655592918396,0.14110439571174144
UBFC_PHYS_s09_T3_test,8,250,88.33333333333333,-0.07739433646202087,0.26094287945328803
UBFC_PHYS_s09_T3_test,8,251,88.36666666666666,-0.2861870229244232,0.34464857873069027
UBFC_PHYS_s09_T3_test,8,252,88.4,-0.5253132581710815,0.3843491707967643
UBFC_PHYS_s09_T3_test,8,253,88.43333333333334,-0.6024444103240967,0.38350503080622156
UBFC_PHYS_s09_T3_test,8,254,88.46666666666667,-0.3898892402648926,0.35109116299872695
UBFC_PHYS_s09_T3_test,8,255,88.5,-0.016870014369487762,0.299044983799094
UBFC_PHYS_s09_T3_test,8,256,88.53333333333333,0.27376997470855713,0.24375997316893322
UBFC_PHYS_s09_T3_test,8,257,88.56666666666666,0.4063461422920227,0.20407157935966166
UBFC_PHYS_s09_T3_test,8,258,88.6,0.42859676480293274,0.19413558136416942
UBFC_PHYS_s09_T3_test,8,259,88.63333333333334,0.3785555362701416,0.21618188012676923
UBFC_PHYS_s09_T3_test,8,260,88.66666666666667,0.29116830229759216,0.25772462268123447
UBFC_PHYS_s09_T3_test,8,261,88.7,0.2035864144563675,0.2962553347969437
UBFC_PHYS_s09_T3_test,8,262,88.73333333333333,0.11624456942081451,0.30921364845268273
UBFC_PHYS_s09_T3_test,8,263,88.76666666666667,0.01926294155418873,0.2822934717054853
UBFC_PHYS_s09_T3_test,8,264,88.8,-0.06491971015930176,0.21285043941858003
UBFC_PHYS_s09_T3_test,8,265,88.83333333333333,-0.1269230842590332,0.10953509008473379
UBFC_PHYS_s09_T3_test,8,266,88.86666666666666,-0.21242259442806244,-0.010703747430240142
UBFC_PHYS_s09_T3_test,8,267,88.9,-0.37489762902259827,-0.1274402356686288
UBFC_PHYS_s09_T3_test,8,268,88.93333333333334,-0.5637166500091553,-0.22202444623554923
UBFC_PHYS_s09_T3_test,8,269,88.96666666666667,-0.5915266871452332,-0.2815041475897061
UBFC_PHYS_s09_T3_test,8,270,89.0,-0.33389291167259216,-0.3006728464396268
UBFC_PHYS_s09_T3_test,8,271,89.03333333333333,0.06017037481069565,-0.28290805137190417
UBFC_PHYS_s09_T3_test,8,272,89.06666666666666,0.3353646695613861,-0.23961524120045544
UBFC_PHYS_s09_T3_test,8,273,89.1,0.43823006749153137,-0.18726604378143136
UBFC_PHYS_s09_T3_test,8,274,89.13333333333334,0.44077298045158386,-0.14286610221888218
UBFC_PHYS_s09_T3_test,8,275,89.16666666666667,0.37926262617111206,-0.12040357070736796
UBFC_PHYS_s09_T3_test,8,276,89.2,0.2751646935939789,-0.12904308898688976
UBFC_PHYS_s09_T3_test,8,277,89.23333333333333,0.16905577480793,-0.1719606937196635
UBFC_PHYS_s09_T3_test,8,278,89.26666666666667,0.07537605613470078,-0.2455956528506603
UBFC_PHYS_s09_T3_test,8,279,89.3,-0.012783162295818329,-0.3401018077489036
UBFC_PHYS_s09_T3_test,8,280,89.33333333333333,-0.08903861790895462,-0.4411020735851261
UBFC_PHYS_s09_T3_test,8,281,89.36666666666666,-0.16179105639457703,-0.5321146804607421
UBFC_PHYS_s09_T3_test,8,282,89.4,-0.28341054916381836,-0.5968549424024847
UBFC_PHYS_s09_T3_test,8,283,89.43333333333334,-0.49368879199028015,-0.6206048497245948
UBFC_PHYS_s09_T3_test,8,284,89.46666666666667,-0.6875936388969421,-0.5909374504868006
UBFC_PHYS_s09_T3_test,8,285,89.5,-0.6367090940475464,-0.499030843413988
UBFC_PHYS_s09_T3_test,8,286,89.53333333333333,-0.27660563588142395,-0.3418907729208661
UBFC_PHYS_s09_T3_test,8,287,89.56666666666666,0.130808025598526,-0.1247250618553553
UBFC_PHYS_s09_T3_test,8,288,89.6,0.357427179813385,0.13698716891335028
UBFC_PHYS_s09_T3_test,8,289,89.63333333333334,0.41023188829421997,0.4158645376965269
UBFC_PHYS_s09_T3_test,8,290,89.66666666666667,0.37251609563827515,0.674300376031209
UBFC_PHYS_s09_T3_test,8,291,89.7,0.275534451007843,0.8742019801277304
UBFC_PHYS_s09_T3_test,8,292,89.73333333333333,0.15536805987358093,0.9909901198691323
UBFC_PHYS_s09_T3_test,8,293,89.76666666666667,0.05935300514101982,1.0202808928916822
UBFC_PHYS_s09_T3_test,8,294,89.8,-0.009572065435349941,0.9740416018544127
UBFC_PHYS_s09_T3_test,8,295,89.83333333333333,-0.07025856524705887,0.8721178698591352
UBFC_PHYS_s09_T3_test,8,296,89.86666666666666,-0.12510021030902863,0.7343088694821528
UBFC_PHYS_s09_T3_test,8,297,89.9,-0.19684715569019318,0.5761677407059481
UBFC_PHYS_s09_T3_test,8,298,89.93333333333334,-0.3462248146533966,0.4086596101017118
UBFC_PHYS_s09_T3_test,8,299,89.96666666666667,-0.5585464835166931,0.23893110281960844
UBFC_PHYS_s09_T3_test,9,0,90.0,-0.6396282911300659,0.07819356020359423
UBFC_PHYS_s09_T3_test,9,1,90.03333333333333,-0.4031423330307007,0.1939842217898919
UBFC_PHYS_s09_T3_test,9,2,90.06666666666666,0.0017478640656918287,0.2993862302209493
UBFC_PHYS_s09_T3_test,9,3,90.1,0.2931273877620697,0.38400417011132737
UBFC_PHYS_s09_T3_test,9,4,90.13333333333334,0.39304766058921814,0.4339958495017186
UBFC_PHYS_s09_T3_test,9,5,90.16666666666667,0.3872741758823395,0.43550086836069735
UBFC_PHYS_s09_T3_test,9,6,90.2,0.3162083625793457,0.3810524899651989
UBFC_PHYS_s09_T3_test,9,7,90.23333333333333,0.19166967272758484,0.27320861754711356
UBFC_PHYS_s09_T3_test,9,8,90.26666666666667,0.06827271729707718,0.12359569712507305
UBFC_PHYS_s09_T3_test,9,9,90.3,-0.017551155760884285,-0.0500696754977067
UBFC_PHYS_s09_T3_test,9,10,90.33333333333333,-0.08339487016201019,-0.227346899914006
UBFC_PHYS_s09_T3_test,9,11,90.36666666666666,-0.15140525996685028,-0.3885190490893364
UBFC_PHYS_s09_T3_test,9,12,90.4,-0.2411603033542633,-0.5176802864711677
UBFC_PHYS_s09_T3_test,9,13,90.43333333333334,-0.39045363664627075,-0.6048675786939757
UBFC_PHYS_s09_T3_test,9,14,90.46666666666667,-0.5917472839355469,-0.6466586525514446
UBFC_PHYS_s09_T3_test,9,15,90.5,-0.6882812976837158,-0.6447727213802271
UBFC_PHYS_s09_T3_test,9,16,90.53333333333333,-0.48721468448638916,-0.6037715060223271
UBFC_PHYS_s09_T3_test,9,17,90.56666666666666,-0.08248668164014816,-0.5302337549019174
UBFC_PHYS_s09_T3_test,9,18,90.6,0.2507019639015198,-0.43274387497813854
UBFC_PHYS_s09_T3_test,9,19,90.63333333333334,0.3880915343761444,-0.31926568129140054
UBFC_PHYS_s09_T3_test,9,20,90.66666666666667,0.39940497279167175,-0.1933826491473072
UBFC_PHYS_s09_T3_test,9,21,90.7,0.34491363167762756,-0.05543454756620636
UBFC_PHYS_s09_T3_test,9,22,90.73333333333333,0.2346400022506714,0.09243641328823975
UBFC_PHYS_s09_T3_test,9,23,90.76666666666667,0.11041918396949768,0.24506922525481656
UBFC_PHYS_s09_T3_test,9,24,90.8,0.02072901837527752,0.39733040007179843
UBFC_PHYS_s09_T3_test,9,25,90.83333333333333,-0.041942521929740906,0.5444735624952386
UBFC_PHYS_s09_T3_test,9,26,90.86666666666666,-0.10410158336162567,0.6784025678176894
UBFC_PHYS_s09_T3_test,9,27,90.9,-0.17826171219348907,0.784429598363921
UBFC_PHYS_s09_T3_test,9,28,90.93333333333334,-0.3035334348678589,0.842291040928552
UBFC_PHYS_s09_T3_test,9,29,90.96666666666667,-0.5055211782455444,0.8332830121773485
UBFC_PHYS_s09_T3_test,9,30,91.0,-0.6445909142494202,0.7497681255038633
UBFC_PHYS_s09_T3_test,9,31,91.03333333333333,-0.48987439274787903,0.5985816503034697
UBFC_PHYS_s09_T3_test,9,32,91.06666666666666,-0.09614195674657822,0.39719815357433563
UBFC_PHYS_s09_T3_test,9,33,91.1,0.2476271092891693,0.1690533744439064
UBFC_PHYS_s09_T3_test,9,34,91.13333333333334,0.38995981216430664,-0.059370863853282205
UBFC_PHYS_s09_T3_test,9,35,91.16666666666667,0.4082273840904236,-0.26151592618462377
UBFC_PHYS_s09_T3_test,9,36,91.2,0.3787955641746521,-0.4145540759311125
UBFC_PHYS_s09_T3_test,9,37,91.23333333333333,0.29656553268432617,-0.5033912765213476
UBFC_PHYS_s09_T3_test,9,38,91.26666666666667,0.17441408336162567,-0.5236356129538601
UBFC_PHYS_s09_T3_test,9,39,91.3,0.060040634125471115,-0.48193594336317225
UBFC_PHYS_s09_T3_test,9,40,91.33333333333333,-0.028189942240715027,-0.3939491103072101
UBFC_PHYS_s09_T3_test,9,41,91.36666666666666,-0.09945684671401978,-0.2819455869776063
UBFC_PHYS_s09_T3_test,9,42,91.4,-0.173415869474411,-0.17177652734781082
UBFC_PHYS_s09_T3_test,9,43,91.43333333333334,-0.2984994649887085,-0.0868420793717655
UBFC_PHYS_s09_T3_test,9,44,91.46666666666667,-0.4992741346359253,-0.04070698000802591
UBFC_PHYS_s09_T3_test,9,45,91.5,-0.6431313157081604,-0.03376422962701884
UBFC_PHYS_s09_T3_test,9,46,91.53333333333333,-0.4980805218219757,-0.055433764100171014
UBFC_PHYS_s09_T3_test,9,47,91.56666666666666,-0.09174372255802155,-0.08913714637829735
UBFC_PHYS_s09_T3_test,9,48,91.6,0.29343876242637634,-0.11779577161130864
UBFC_PHYS_s09_T3_test,9,49,91.63333333333334,0.4769318997859955,-0.12859812068247178
UBFC_PHYS_s09_T3_test,9,50,91.66666666666667,0.5213293433189392,-0.11616142425229525
UBFC_PHYS_s09_T3_test,9,51,91.7,0.5142844319343567,-0.0836418791482963
UBFC_PHYS_s09_T3_test,9,52,91.73333333333333,0.4504906237125397,-0.04144202759958833
UBFC_PHYS_s09_T3_test,9,53,91.76666666666667,0.3395812511444092,-0.0033229482771311653
UBFC_PHYS_s09_T3_test,9,54,91.8,0.2356584668159485,0.018784598167447205
UBFC_PHYS_s09_T3_test,9,55,91.83333333333333,0.1458580195903778,0.018718367978829975
UBFC_PHYS_s09_T3_test,9,56,91.86666666666666,0.042376354336738586,-0.0023963243398369208
UBFC_PHYS_s09_T3_test,9,57,91.9,-0.08251263201236725,-0.0366455714792141
UBFC_PHYS_s09_T3_test,9,58,91.93333333333334,-0.24858799576759338,-0.07128588167583175
UBFC_PHYS_s09_T3_test,9,59,91.96666666666667,-0.47584936022758484,-0.09161058592928628
UBFC_PHYS_s09_T3_test,9,60,92.0,-0.6476073861122131,-0.08428673684060932
UBFC_PHYS_s09_T3_test,9,61,92.03333333333333,-0.5370872616767883,-0.04084547660132563
UBFC_PHYS_s09_T3_test,9,62,92.06666666666666,-0.15450608730316162,0.03938903252994687
UBFC_PHYS_s09_T3_test,9,63,92.1,0.2313770055770874,0.1479816926150529
UBFC_PHYS_s09_T3_test,9,64,92.13333333333334,0.43011474609375,0.2681885196737025
UBFC_PHYS_s09_T3_test,9,65,92.16666666666667,0.48046085238456726,0.3777494132842053
UBFC_PHYS_s09_T3_test,9,66,92.2,0.4661957919597626,0.4534811815608272
UBFC_PHYS_s09_T3_test,9,67,92.23333333333333,0.40192195773124695,0.47734957602525585
UBFC_PHYS_s09_T3_test,9,68,92.26666666666667,0.2930041253566742,0.4423766139536818
UBFC_PHYS_s09_T3_test,9,69,92.3,0.17377185821533203,0.35565928341308894
UBFC_PHYS_s09_T3_test,9,70,92.33333333333333,0.08779878914356232,0.23700417452292089
UBFC_PHYS_s09_T3_test,9,71,92.36666666666666,0.05930759757757187,0.11325292872017112
UBFC_PHYS_s09_T3_test,9,72,92.4,0.061461299657821655,0.009994620238379229
UBFC_PHYS_s09_T3_test,9,73,92.43333333333334,0.02022302709519863,-0.056294883068864536
UBFC_PHYS_s09_T3_test,9,74,92.46666666666667,-0.12549592554569244,-0.08291873972186739
UBFC_PHYS_s09_T3_test,9,75,92.5,-0.3079122006893158,-0.08045629251186089
UBFC_PHYS_s09_T3_test,9,76,92.53333333333333,-0.2889959216117859,-0.06794566243760763
UBFC_PHYS_s09_T3_test,9,77,92.56666666666666,0.049408335238695145,-0.06717690720252907
UBFC_PHYS_s09_T3_test,9,78,92.6,0.511773943901062,-0.0977969536828306
UBFC_PHYS_s09_T3_test,9,79,92.63333333333334,0.8307493925094604,-0.17292431652543575
UBFC_PHYS_s09_T3_test,9,80,92.66666666666667,0.9457131624221802,-0.29549371992605855
UBFC_PHYS_s09_T3_test,9,81,92.7,0.9276207685470581,-0.4562159466498376
UBFC_PHYS_s09_T3_test,9,82,92.73333333333333,0.8209474682807922,-0.6338001283826058
UBFC_PHYS_s09_T3_test,9,83,92.76666666666667,0.6382781863212585,-0.7977396707045218
UBFC_PHYS_s09_T3_test,9,84,92.8,0.38870131969451904,-0.9133332377878075
UBFC_PHYS_s09_T3_test,9,85,92.83333333333333,0.09279382973909378,-0.9479680032828682
UBFC_PHYS_s09_T3_test,9,86,92.86666666666666,-0.2156466692686081,-0.8778103046851654
UBFC_PHYS_s09_T3_test,9,87,92.9,-0.5244179964065552,-0.6941520547224147
UBFC_PHYS_s09_T3_test,9,88,92.93333333333334,-0.8624784350395203,-0.4079567524175695
UBFC_PHYS_s09_T3_test,9,89,92.96666666666667,-1.2626914978027344,-0.05061160067398991
UBFC_PHYS_s09_T3_test,9,90,93.0,-1.7009446620941162,0.33048023601510607
UBFC_PHYS_s09_T3_test,9,91,93.03333333333333,-2.0010037422180176,0.6818030495625946
UBFC_PHYS_s09_T3_test,9,92,93.06666666666666,-1.901018738746643,0.9562096427986915
UBFC_PHYS_s09_T3_test,9,93,93.1,-1.3655892610549927,1.1222971063175715
UBFC_PHYS_s09_T3_test,9,94,93.13333333333334,-0.7113428115844727,1.168471345995329
UBFC_PHYS_s09_T3_test,9,95,93.16666666666667,-0.2509557604789734,1.1032498126439263
UBFC_PHYS_s09_T3_test,9,96,93.2,0.021663155406713486,0.9521923698419211
UBFC_PHYS_s09_T3_test,9,97,93.23333333333333,0.24028374254703522,0.7505586440536866
UBFC_PHYS_s09_T3_test,9,98,93.26666666666667,0.3766742944717407,0.533595045848917
UBFC_PHYS_s09_T3_test,9,99,93.3,0.3384525179862976,0.32889762798334754
UBFC_PHYS_s09_T3_test,9,100,93.33333333333333,0.18886727094650269,0.15300729985567185
UBFC_PHYS_s09_T3_test,9,101,93.36666666666666,0.08174635469913483,0.01175852826477266
UBFC_PHYS_s09_T3_test,9,102,93.4,0.09756182134151459,-0.09690520751909357
UBFC_PHYS_s09_T3_test,9,103,93.43333333333334,0.1908523142337799,-0.17935555249018506
UBFC_PHYS_s09_T3_test,9,104,93.46666666666667,0.20851658284664154,-0.24301653860596129
UBFC_PHYS_s09_T3_test,9,105,93.5,-0.02144339494407177,-0.29369372727962245
UBFC_PHYS_s09_T3_test,9,106,93.53333333333333,-0.4465213418006897,-0.3339591478845774
UBFC_PHYS_s09_T3_test,9,107,93.56666666666666,-0.7232919931411743,-0.36322266171042816
UBFC_PHYS_s09_T3_test,9,108,93.6,-0.7107005715370178,-0.379086210540719
UBFC_PHYS_s09_T3_test,9,109,93.63333333333334,-0.6680546402931213,-0.3786678176113711
UBFC_PHYS_s09_T3_test,9,110,93.66666666666667,-0.7812085151672363,-0.35957559357380664
UBFC_PHYS_s09_T3_test,9,111,93.7,-0.9010310769081116,-0.3212388565111951
UBFC_PHYS_s09_T3_test,9,112,93.73333333333333,-0.9120266437530518,-0.26640371308589883
UBFC_PHYS_s09_T3_test,9,113,93.76666666666667,-0.8550248146057129,-0.20169195294393452
UBFC_PHYS_s09_T3_test,9,114,93.8,-0.6581164598464966,-0.1368541550274492
UBFC_PHYS_s09_T3_test,9,115,93.83333333333333,-0.2383059859275818,-0.08316745436497616
UBFC_PHYS_s09_T3_test,9,116,93.86666666666666,0.3243236839771271,-0.05121929380829118
UBFC_PHYS_s09_T3_test,9,117,93.9,0.9707467555999756,-0.048104226482925186
UBFC_PHYS_s09_T3_test,9,118,93.93333333333334,1.667094349861145,-0.07482492824974307
UBFC_PHYS_s09_T3_test,9,119,93.96666666666667,2.1715805530548096,-0.12533024702023637
UBFC_PHYS_s09_T3_test,9,120,94.0,2.2051119804382324,-0.1874959234732654
UBFC_PHYS_s09_T3_test,9,121,94.03333333333333,1.8068127632141113,-0.24517803699796192
UBFC_PHYS_s09_T3_test,9,122,94.06666666666666,1.251584768295288,-0.2808821211618668
UBFC_PHYS_s09_T3_test,9,123,94.1,0.7253410816192627,-0.2790611993817015
UBFC_PHYS_s09_T3_test,9,124,94.13333333333334,0.33846548199653625,-0.22961924335818198
UBFC_PHYS_s09_T3_test,9,125,94.16666666666667,0.11163875460624695,-0.13074322328412172
UBFC_PHYS_s09_T3_test,9,126,94.2,-0.049019910395145416,0.009508604916342436
UBFC_PHYS_s09_T3_test,9,127,94.23333333333333,-0.21242909133434296,0.17308215639912466
UBFC_PHYS_s09_T3_test,9,128,94.26666666666667,-0.3432796895503998,0.333452073489561
UBFC_PHYS_s09_T3_test,9,129,94.3,-0.4130415916442871,0.4589041792254789
UBFC_PHYS_s09_T3_test,9,130,94.33333333333333,-0.45043304562568665,0.5189269217363455
UBFC_PHYS_s09_T3_test,9,131,94.36666666666666,-0.472904235124588,0.4957025215939766
UBFC_PHYS_s09_T3_test,9,132,94.4,-0.4838998019695282,0.39524252077885436
UBFC_PHYS_s09_T3_test,9,133,94.43333333333334,-0.5022127628326416,0.24649461223957758
UBFC_PHYS_s09_T3_test,9,134,94.46666666666667,-0.5525783896446228,0.08837747439500568
UBFC_PHYS_s09_T3_test,9,135,94.5,-0.6489696502685547,-0.043614216781580444
UBFC_PHYS_s09_T3_test,9,136,94.53333333333333,-0.7886621356010437,-0.12516912523439502
UBFC_PHYS_s09_T3_test,9,137,94.56666666666666,-0.9518377780914307,-0.1461335911632369
UBFC_PHYS_s09_T3_test,9,138,94.6,-1.109966516494751,-0.1104561447169406
UBFC_PHYS_s09_T3_test,9,139,94.63333333333334,-1.179014801979065,-0.03503694349250107
UBFC_PHYS_s09_T3_test,9,140,94.66666666666667,-1.040561318397522,0.053048883207883514
UBFC_PHYS_s09_T3_test,9,141,94.7,-0.6981286406517029,0.12371161092080012
UBFC_PHYS_s09_T3_test,9,142,94.73333333333333,-0.30414971709251404,0.15373434222951443
UBFC_PHYS_s09_T3_test,9,143,94.76666666666667,0.030796943232417107,0.133508508624507
UBFC_PHYS_s09_T3_test,9,144,94.8,0.3070032298564911,0.0682382569024297
UBFC_PHYS_s09_T3_test,9,145,94.83333333333333,0.5232106447219849,-0.024811491898914545
UBFC_PHYS_s09_T3_test,9,146,94.86666666666666,0.6765259504318237,-0.12144095946387988
UBFC_PHYS_s09_T3_test,9,147,94.9,0.7812725901603699,-0.19680900161433734
UBFC_PHYS_s09_T3_test,9,148,94.93333333333334,0.8134873509407043,-0.23149842244594712
UBFC_PHYS_s09_T3_test,9,149,94.96666666666667,0.7512893676757812,-0.21591594731645808
UBFC_PHYS_s09_T3_test,9,150,95.0,0.6254467964172363,-0.15199178423088552
UBFC_PHYS_s09_T3_test,9,151,95.03333333333333,0.4394107162952423,-0.05167448903887416
UBFC_PHYS_s09_T3_test,9,152,95.06666666666666,0.1414792537689209,0.06659540406999764
UBFC_PHYS_s09_T3_test,9,153,95.1,-0.2816784977912903,0.18087722307015774
UBFC_PHYS_s09_T3_test,9,154,95.13333333333334,-0.7073662281036377,0.26827179175881855
UBFC_PHYS_s09_T3_test,9,155,95.16666666666667,-0.8928833603858948,0.3095667291724138
UBFC_PHYS_s09_T3_test,9,156,95.2,-0.7102140784263611,0.295181419451285
UBFC_PHYS_s09_T3_test,9,157,95.23333333333333,-0.33834952116012573,0.22829140913013507
UBFC_PHYS_s09_T3_test,9,158,95.26666666666667,-0.06290222704410553,0.12348407395030403
UBFC_PHYS_s09_T3_test,9,159,95.3,0.033553946763277054,0.0021619572317836226
UBFC_PHYS_s09_T3_test,9,160,95.33333333333333,0.012451522052288055,-0.11338837533518809
UBFC_PHYS_s09_T3_test,9,161,95.36666666666666,-0.09583057463169098,-0.20504881565512836
UBFC_PHYS_s09_T3_test,9,162,95.4,-0.25451067090034485,-0.2621310091169012
UBFC_PHYS_s09_T3_test,9,163,95.43333333333334,-0.3955264985561371,-0.2832870006756358
UBFC_PHYS_s09_T3_test,9,164,95.46666666666667,-0.5251834988594055,-0.27671185755303795
UBFC_PHYS_s09_T3_test,9,165,95.5,-0.7201976776123047,-0.2575099473542818
UBFC_PHYS_s09_T3_test,9,166,95.53333333333333,-0.9543482661247253,-0.2427372996524376
UBFC_PHYS_s09_T3_test,9,167,95.56666666666666,-1.1093567609786987,-0.24623720594209403
UBFC_PHYS_s09_T3_test,9,168,95.6,-1.2070584297180176,-0.27430168014882
UBFC_PHYS_s09_T3_test,9,169,95.63333333333334,-1.3723877668380737,-0.32202739214123816
UBFC_PHYS_s09_T3_test,9,170,95.66666666666667,-1.571365475654602,-0.37179027724127517
UBFC_PHYS_s09_T3_test,9,171,95.7,-1.5882643461227417,-0.39653854520741577
UBFC_PHYS_s09_T3_test,9,172,95.73333333333333,-1.2930704355239868,-0.3678065401569979
UBFC_PHYS_s09_T3_test,9,173,95.76666666666667,-0.787215530872345,-0.2654284478436411
UBFC_PHYS_s09_T3_test,9,174,95.8,-0.26389098167419434,-0.08595618027207426
UBFC_PHYS_s09_T3_test,9,175,95.83333333333333,0.1932460367679596,0.15268941175956255
UBFC_PHYS_s09_T3_test,9,176,95.86666666666666,0.6451674699783325,0.41286823415575835
UBFC_PHYS_s09_T3_test,9,177,95.9,1.22996985912323,0.6471742604230583
UBFC_PHYS_s09_T3_test,9,178,95.93333333333334,1.9379876852035522,0.8130116097457784
UBFC_PHYS_s09_T3_test,9,179,95.96666666666667,2.468188524246216,0.8831574764655662
UBFC_PHYS_s09_T3_test,9,180,96.0,2.5709824562072754,0.849408280904716
UBFC_PHYS_s09_T3_test,9,181,96.03333333333333,2.452146053314209,0.7225772717293095
UBFC_PHYS_s09_T3_test,9,182,96.06666666666666,2.4359607696533203,0.5298559412567504
UBFC_PHYS_s09_T3_test,9,183,96.1,2.398906707763672,0.3079674282423978
UBFC_PHYS_s09_T3_test,9,184,96.13333333333334,2.0401134490966797,0.09367911719074391
UBFC_PHYS_s09_T3_test,9,185,96.16666666666667,1.4141117334365845,-0.08379758270968028
UBFC_PHYS_s09_T3_test,9,186,96.2,0.956987738609314,-0.20690898293998206
UBFC_PHYS_s09_T3_test,9,187,96.23333333333333,1.1216423511505127,-0.2718331171453153
UBFC_PHYS_s09_T3_test,9,188,96.26666666666667,1.9231841564178467,-0.2883795407850533
UBFC_PHYS_s09_T3_test,9,189,96.3,2.7221765518188477,-0.27590834994932895
UBFC_PHYS_s09_T3_test,9,190,96.33333333333333,2.8870325088500977,-0.2563814446669283
UBFC_PHYS_s09_T3_test,9,191,96.36666666666666,2.4479165077209473,-0.24841956253744535
UBFC_PHYS_s09_T3_test,9,192,96.4,1.8264555931091309,-0.26375388133022803
UBFC_PHYS_s09_T3_test,9,193,96.43333333333334,1.2943799495697021,-0.30481103076207017
UBFC_PHYS_s09_T3_test,9,194,96.46666666666667,0.9067259430885315,-0.3634696570821725
UBFC_PHYS_s09_T3_test,9,195,96.5,0.5820482969284058,-0.42243129423214004
UBFC_PHYS_s09_T3_test,9,196,96.53333333333333,0.0854569599032402,-0.4594496044094034
UBFC_PHYS_s09_T3_test,9,197,96.56666666666666,-0.7242650389671326,-0.45331497121710196
UBFC_PHYS_s09_T3_test,9,198,96.6,-1.5658060312271118,-0.3900936673600571
UBFC_PHYS_s09_T3_test,9,199,96.63333333333334,-1.926571249961853,-0.2679222941943956
UBFC_PHYS_s09_T3_test,9,200,96.66666666666667,-1.7103832960128784,-0.09932793428583908
UBFC_PHYS_s09_T3_test,9,201,96.7,-1.3342761993408203,0.08919110787667671
UBFC_PHYS_s09_T3_test,9,202,96.73333333333333,-1.1114001274108887,0.2614760133221489
UBFC_PHYS_s09_T3_test,9,203,96.76666666666667,-0.9990960359573364,0.38155493896086323
UBFC_PHYS_s09_T3_test,9,204,96.8,-0.9244234561920166,0.4254591812411546
UBFC_PHYS_s09_T3_test,9,205,96.83333333333333,-0.8781576752662659,0.38692199335841626
UBFC_PHYS_s09_T3_test,9,206,96.86666666666666,-0.7917824387550354,0.27583903616156996
UBFC_PHYS_s09_T3_test,9,207,96.9,-0.6583110690116882,0.11542287226571821
UBFC_PHYS_s09_T3_test,9,208,96.93333333333334,-0.6028531193733215,-0.06044462663121401
UBFC_PHYS_s09_T3_test,9,209,96.96666666666667,-0.67493736743927,-0.21294762393651256
UBFC_PHYS_s09_T3_test,9,210,97.0,-0.7604823112487793,-0.3070021271608095
UBFC_PHYS_s09_T3_test,9,211,97.03333333333333,-0.8086552619934082,-0.319031554708453
UBFC_PHYS_s09_T3_test,9,212,97.06666666666666,-0.9279783368110657,-0.24170009823239122
UBFC_PHYS_s09_T3_test,9,213,97.1,-1.1875193119049072,-0.08545850734158876
UBFC_PHYS_s09_T3_test,9,214,97.13333333333334,-1.579591155052185,0.12317552413338398
UBFC_PHYS_s09_T3_test,9,215,97.16666666666667,-2.107780933380127,0.34666262554583516
UBFC_PHYS_s09_T3_test,9,216,97.2,-2.6983892917633057,0.5443864430036565
UBFC_PHYS_s09_T3_test,9,217,97.23333333333333,-3.08719801902771,0.682480722788526
UBFC_PHYS_s09_T3_test,9,218,97.26666666666667,-3.0058438777923584,0.7424357110877027
UBFC_PHYS_s09_T3_test,9,219,97.3,-2.532482624053955,0.7238420562422285
UBFC_PHYS_s09_T3_test,9,220,97.33333333333333,-1.999155044555664,0.64068560382961
UBFC_PHYS_s09_T3_test,9,221,97.36666666666666,-1.5939793586730957,0.5147321256159074
UBFC_PHYS_s09_T3_test,9,222,97.4,-1.2928239107131958,0.36872667659322356
UBFC_PHYS_s09_T3_test,9,223,97.43333333333334,-1.0276975631713867,0.22075761089093818
UBFC_PHYS_s09_T3_test,9,224,97.46666666666667,-0.7049919962882996,0.08067330950714294
UBFC_PHYS_s09_T3_test,9,225,97.5,-0.19309113919734955,-0.05103237216380798
UBFC_PHYS_s09_T3_test,9,226,97.53333333333333,0.5211866497993469,-0.1816981778658546
UBFC_PHYS_s09_T3_test,9,227,97.56666666666666,1.2593368291854858,-0.3224231843590811
UBFC_PHYS_s09_T3_test,9,228,97.6,1.8329750299453735,-0.4823955785798607
UBFC_PHYS_s09_T3_test,9,229,97.63333333333334,2.126631498336792,-0.6633368131521781
UBFC_PHYS_s09_T3_test,9,230,97.66666666666667,2.1117632389068604,-0.8559652148830755
UBFC_PHYS_s09_T3_test,9,231,97.7,1.875264286994934,-1.0402312160917149
UBFC_PHYS_s09_T3_test,9,232,97.73333333333333,1.6170985698699951,-1.1891520384678722
UBFC_PHYS_s09_T3_test,9,233,97.76666666666667,1.5392407178878784,-1.2742062000932124
UBFC_PHYS_s09_T3_test,9,234,97.8,1.6597120761871338,-1.2709096323299132
UBFC_PHYS_s09_T3_test,9,235,97.83333333333333,1.8394361734390259,-1.1640543380707404
UBFC_PHYS_s09_T3_test,9,236,97.86666666666666,1.9919081926345825,-0.9514071477595617
UBFC_PHYS_s09_T3_test,9,237,97.9,2.0818254947662354,-0.6441291128105527
UBFC_PHYS_s09_T3_test,9,238,97.93333333333334,2.005420684814453,-0.26461603016654844
UBFC_PHYS_s09_T3_test,9,239,97.96666666666667,1.671550989151001,0.1553523178982344
UBFC_PHYS_s09_T3_test,9,240,98.0,1.1318271160125732,0.5759516697734369
UBFC_PHYS_s09_T3_test,9,241,98.03333333333333,0.5219196677207947,0.952618357896928
UBFC_PHYS_s09_T3_test,9,242,98.06666666666666,-0.01468387246131897,1.2425271404672338
UBFC_PHYS_s09_T3_test,9,243,98.1,-0.3530037999153137,1.413642203257168
UBFC_PHYS_s09_T3_test,9,244,98.13333333333334,-0.4657360315322876,1.4531932806564627
UBFC_PHYS_s09_T3_test,9,245,98.16666666666667,-0.46077990531921387,1.3704871731251913
UBFC_PHYS_s09_T3_test,9,246,98.2,-0.4604685306549072,1.1927949959606166
UBFC_PHYS_s09_T3_test,9,247,98.23333333333333,-0.4574390649795532,0.9571659831180761
UBFC_PHYS_s09_T3_test,9,248,98.26666666666667,-0.3286902606487274,0.7010977903145454
UBFC_PHYS_s09_T3_test,9,249,98.3,-0.027184447273612022,0.4545092971760534
UBFC_PHYS_s09_T3_test,9,250,98.33333333333333,0.3218521177768707,0.23489577223717806
UBFC_PHYS_s09_T3_test,9,251,98.36666666666666,0.5928557515144348,0.0467481229434331
UBFC_PHYS_s09_T3_test,9,252,98.4,0.7745000720024109,-0.11480647048120453
UBFC_PHYS_s09_T3_test,9,253,98.43333333333334,0.8541417717933655,-0.257288398316275
UBFC_PHYS_s09_T3_test,9,254,98.46666666666667,0.7832705974578857,-0.38392652686385464
UBFC_PHYS_s09_T3_test,9,255,98.5,0.6539574265480042,-0.49046867997048
UBFC_PHYS_s09_T3_test,9,256,98.53333333333333,0.7041543126106262,-0.5665532831532913
UBFC_PHYS_s09_T3_test,9,257,98.56666666666666,0.9664069414138794,-0.5991940030951923
UBFC_PHYS_s09_T3_test,9,258,98.6,1.1743109226226807,-0.5770256513120735
UBFC_PHYS_s09_T3_test,9,259,98.63333333333334,1.1196573972702026,-0.4953250982256446
UBFC_PHYS_s09_T3_test,9,260,98.66666666666667,0.8967682719230652,-0.3604102929633584
UBFC_PHYS_s09_T3_test,9,261,98.7,0.6646026968955994,-0.19080810763520123
UBFC_PHYS_s09_T3_test,9,262,98.73333333333333,0.39421531558036804,-0.01427486666606141
UBFC_PHYS_s09_T3_test,9,263,98.76666666666667,0.012600724585354328,0.13832264085210766
UBFC_PHYS_s09_T3_test,9,264,98.8,-0.3372596800327301,0.23979027510193326
UBFC_PHYS_s09_T3_test,9,265,98.83333333333333,-0.44375136494636536,0.270640133328465
UBFC_PHYS_s09_T3_test,9,266,98.86666666666666,-0.34587451815605164,0.22061866650213918
UBFC_PHYS_s09_T3_test,9,267,98.9,-0.2541992962360382,0.09136136052845092
UBFC_PHYS_s09_T3_test,9,268,98.93333333333334,-0.23501704633235931,-0.10066705952572202
UBFC_PHYS_s09_T3_test,9,269,98.96666666666667,-0.2378000020980835,-0.3261124760054239
UBFC_PHYS_s09_T3_test,9,270,99.0,-0.29934927821159363,-0.5495531249764354
UBFC_PHYS_s09_T3_test,9,271,99.03333333333333,-0.4318540692329407,-0.7359558947369208
UBFC_PHYS_s09_T3_test,9,272,99.06666666666666,-0.511599600315094,-0.8548467106035406
UBFC_PHYS_s09_T3_test,9,273,99.1,-0.5259554386138916,-0.883936878758564
UBFC_PHYS_s09_T3_test,9,274,99.13333333333334,-0.6339845657348633,-0.8128200197450783
UBFC_PHYS_s09_T3_test,9,275,99.16666666666667,-0.9084198474884033,-0.6458616005560469
UBFC_PHYS_s09_T3_test,9,276,99.2,-1.2372232675552368,-0.40264067148685606
UBFC_PHYS_s09_T3_test,9,277,99.23333333333333,-1.5255603790283203,-0.11394731240997971
UBFC_PHYS_s09_T3_test,9,278,99.26666666666667,-1.7932101488113403,0.185440866218199
UBFC_PHYS_s09_T3_test,9,279,99.3,-2.01168155670166,0.4629724415453891
UBFC_PHYS_s09_T3_test,9,280,99.33333333333333,-2.023967981338501,0.6916646840682599
UBFC_PHYS_s09_T3_test,9,281,99.36666666666666,-1.7292931079864502,0.8514082323334428
UBFC_PHYS_s09_T3_test,9,282,99.4,-1.2538626194000244,0.9297600981737607
UBFC_PHYS_s09_T3_test,9,283,99.43333333333334,-0.8361214995384216,0.9238957479088691
UBFC_PHYS_s09_T3_test,9,284,99.46666666666667,-0.569749653339386,0.8427053275696579
UBFC_PHYS_s09_T3_test,9,285,99.5,-0.37456679344177246,0.7055819198614491
UBFC_PHYS_s09_T3_test,9,286,99.53333333333333,-0.18720737099647522,0.5374275688851603
UBFC_PHYS_s09_T3_test,9,287,99.56666666666666,-0.01714247092604637,0.3625943167487949
UBFC_PHYS_s09_T3_test,9,288,99.6,0.14518336951732635,0.2000348854940196
UBFC_PHYS_s09_T3_test,9,289,99.63333333333334,0.29988041520118713,0.06103518050036358
UBFC_PHYS_s09_T3_test,9,290,99.66666666666667,0.40407565236091614,-0.050323477548546935
UBFC_PHYS_s09_T3_test,9,291,99.7,0.46175864338874817,-0.13499802667834412
UBFC_PHYS_s09_T3_test,9,292,99.73333333333333,0.552240252494812,-0.19622752948131134
UBFC_PHYS_s09_T3_test,9,293,99.76666666666667,0.7104078531265259,-0.23714406725752654
UBFC_PHYS_s09_T3_test,9,294,99.8,0.8446576595306396,-0.2596155440523613
UBFC_PHYS_s09_T3_test,9,295,99.83333333333333,0.8388388156890869,-0.26493124520318667
UBFC_PHYS_s09_T3_test,9,296,99.86666666666666,0.7005799412727356,-0.25535964950443046
UBFC_PHYS_s09_T3_test,9,297,99.9,0.6020544171333313,-0.2343090374197877
UBFC_PHYS_s09_T3_test,9,298,99.93333333333334,0.7159283757209778,-0.20508767332488162
UBFC_PHYS_s09_T3_test,9,299,99.96666666666667,0.9818720817565918,-0.17051271507825386
UBFC_PHYS_s09_T3_test,10,0,100.0,1.1519694328308105,-0.057524978423043896
UBFC_PHYS_s09_T3_test,10,1,100.03333333333333,1.0898817777633667,-0.05847283404137327
UBFC_PHYS_s09_T3_test,10,2,100.06666666666666,0.8844752907752991,-0.05400270774386283
UBFC_PHYS_s09_T3_test,10,3,100.1,0.627606987953186,-0.04122928960393131
UBFC_PHYS_s09_T3_test,10,4,100.13333333333334,0.377478688955307,-0.020825705353353593
UBFC_PHYS_s09_T3_test,10,5,100.16666666666667,0.20527954399585724,0.003590006097334509
UBFC_PHYS_s09_T3_test,10,6,100.2,0.09542109072208405,0.027795024994899737
UBFC_PHYS_s09_T3_test,10,7,100.23333333333333,-0.07718674838542938,0.0489077319273533
UBFC_PHYS_s09_T3_test,10,8,100.26666666666667,-0.338907390832901,0.06598706579357345
UBFC_PHYS_s09_T3_test,10,9,100.3,-0.5313267111778259,0.07971651308820604
UBFC_PHYS_s09_T3_test,10,10,100.33333333333333,-0.5900346636772156,0.09168015904860961
UBFC_PHYS_s09_T3_test,10,11,100.36666666666666,-0.6661344170570374,0.10366216576569998
UBFC_PHYS_s09_T3_test,10,12,100.4,-0.8431923985481262,0.11717259384785646
UBFC_PHYS_s09_T3_test,10,13,100.43333333333334,-0.983877420425415,0.1331428029956849
UBFC_PHYS_s09_T3_test,10,14,100.46666666666667,-1.0090082883834839,0.15150562521421748
UBFC_PHYS_s09_T3_test,10,15,100.5,-1.050843358039856,0.17025839153507127
UBFC_PHYS_s09_T3_test,10,16,100.53333333333333,-1.2055209875106812,0.18478867041531666
UBFC_PHYS_s09_T3_test,10,17,100.56666666666666,-1.4086049795150757,0.18921500493468835
UBFC_PHYS_s09_T3_test,10,18,100.6,-1.6209591627120972,0.17924123399395372
UBFC_PHYS_s09_T3_test,10,19,100.63333333333334,-1.8477145433425903,0.15386890130117722
UBFC_PHYS_s09_T3_test,10,20,100.66666666666667,-2.0665557384490967,0.11518479560467525
UBFC_PHYS_s09_T3_test,10,21,100.7,-2.2514824867248535,0.06748614815184412
UBFC_PHYS_s09_T3_test,10,22,100.73333333333333,-2.366835355758667,0.016336375789231968
UBFC_PHYS_s09_T3_test,10,23,100.76666666666667,-2.334646701812744,-0.032677898816505374
UBFC_PHYS_s09_T3_test,10,24,100.8,-2.1217150688171387,-0.075254969311123
UBFC_PHYS_s09_T3_test,10,25,100.83333333333333,-1.7950071096420288,-0.10907021381824918
UBFC_PHYS_s09_T3_test,10,26,100.86666666666666,-1.4132627248764038,-0.1336994719064521
UBFC_PHYS_s09_T3_test,10,27,100.9,-0.931176483631134,-0.15016698567968859
UBFC_PHYS_s09_T3_test,10,28,100.93333333333334,-0.24647320806980133,-0.16029978359245534
UBFC_PHYS_s09_T3_test,10,29,100.96666666666667,0.6130175590515137,-0.16582356014218438
UBFC_PHYS_s09_T3_test,10,30,101.0,1.4345459938049316,-0.16754065030144455
UBFC_PHYS_s09_T3_test,10,31,101.03333333333333,2.057952880859375,-0.16526976175085734
UBFC_PHYS_s09_T3_test,10,32,101.06666666666666,2.514986276626587,-0.158403234722393
UBFC_PHYS_s09_T3_test,10,33,101.1,2.8032712936401367,-0.14616420641877795
UBFC_PHYS_s09_T3_test,10,34,101.13333333333334,2.8601369857788086,-0.12751433472160634
UBFC_PHYS_s09_T3_test,10,35,101.16666666666667,2.705686569213867,-0.10153387272423901
UBFC_PHYS_s09_T3_test,10,36,101.2,2.3967854976654053,-0.06833785815839111
UBFC_PHYS_s09_T3_test,10,37,101.23333333333333,1.9571828842163086,-0.029792704280978927
UBFC_PHYS_s09_T3_test,10,38,101.26666666666667,1.4634977579116821,0.010460210690186874
UBFC_PHYS_s09_T3_test,10,39,101.3,1.0159162282943726,0.04779941849566748
UBFC_PHYS_s09_T3_test,10,40,101.33333333333333,0.5597003698348999,0.0779356677246435
UBFC_PHYS_s09_T3_test,10,41,101.36666666666666,-0.035423021763563156,0.09807524009434099
UBFC_PHYS_s09_T3_test,10,42,101.4,-0.6529397368431091,0.10745591492279376
UBFC_PHYS_s09_T3_test,10,43,101.43333333333334,-0.8949527144432068,0.10706608559129703
UBFC_PHYS_s09_T3_test,10,44,101.46666666666667,-0.5701063871383667,0.0988269657049906
UBFC_PHYS_s09_T3_test,10,45,101.5,0.0007423689821735024,0.0849097877160618
UBFC_PHYS_s09_T3_test,10,46,101.53333333333333,0.38395926356315613,0.06743635841275217
UBFC_PHYS_s09_T3_test,10,47,101.56666666666666,0.5159839987754822,0.048339974537783006
UBFC_PHYS_s09_T3_test,10,48,101.6,0.5274791121482849,0.02927450789728537
UBFC_PHYS_s09_T3_test,10,49,101.63333333333334,0.43662774562835693,0.011612541133418636
UBFC_PHYS_s09_T3_test,10,50,101.66666666666667,0.12493723630905151,-0.0035336138838385936
UBFC_PHYS_s09_T3_test,10,51,101.7,-0.4077870547771454,-0.0154214950778672
UBFC_PHYS_s09_T3_test,10,52,101.73333333333333,-0.8741616606712341,-0.023826104637949628
UBFC_PHYS_s09_T3_test,10,53,101.76666666666667,-0.9799851775169373,-0.028913513733179453
UBFC_PHYS_s09_T3_test,10,54,101.8,-0.7731904983520508,-0.030888746434760653
UBFC_PHYS_s09_T3_test,10,55,101.83333333333333,-0.5174444317817688,-0.02981767946531855
UBFC_PHYS_s09_T3_test,10,56,101.86666666666666,-0.4516525864601135,-0.025762068712086993
UBFC_PHYS_s09_T3_test,10,57,101.9,-0.6101056337356567,-0.019068906431153852
UBFC_PHYS_s09_T3_test,10,58,101.93333333333334,-0.6585446000099182,-0.010579201765904215
UBFC_PHYS_s09_T3_test,10,59,101.96666666666667,-0.18688951432704926,-0.0015075322294737545
UBFC_PHYS_s09_T3_test,10,60,102.0,0.7166224718093872,0.006870374838415278
UBFC_PHYS_s09_T3_test,10,61,102.03333333333333,1.4738186597824097,0.01323984260510154
UBFC_PHYS_s09_T3_test,10,62,102.06666666666666,1.748052954673767,0.016101166846805272
UBFC_PHYS_s09_T3_test,10,63,102.1,1.7190297842025757,0.014141056738229685
UBFC_PHYS_s09_T3_test,10,64,102.13333333333334,1.6023858785629272,0.0070337029432846875
UBFC_PHYS_s09_T3_test,10,65,102.16666666666667,1.3620530366897583,-0.004179383310974634
UBFC_PHYS_s09_T3_test,10,66,102.2,0.9684114456176758,-0.017367285103016456
UBFC_PHYS_s09_T3_test,10,67,102.23333333333333,0.531760573387146,-0.029809119180750857
UBFC_PHYS_s09_T3_test,10,68,102.26666666666667,0.1527797281742096,-0.038602955594199836
UBFC_PHYS_s09_T3_test,10,69,102.3,-0.09372227638959885,-0.04087672512534381
UBFC_PHYS_s09_T3_test,10,70,102.33333333333333,-0.20337314903736115,-0.03406198074130391
UBFC_PHYS_s09_T3_test,10,71,102.36666666666666,-0.35762906074523926,-0.01676453390398916
UBFC_PHYS_s09_T3_test,10,72,102.4,-0.7360974550247192,0.009919277269474936
UBFC_PHYS_s09_T3_test,10,73,102.43333333333334,-1.2863433361053467,0.041472196773291246
UBFC_PHYS_s09_T3_test,10,74,102.46666666666667,-1.7919970750808716,0.07031978663087948
UBFC_PHYS_s09_T3_test,10,75,102.5,-1.9629896879196167,0.08822220986024676
UBFC_PHYS_s09_T3_test,10,76,102.53333333333333,-1.531625747680664,0.08964261424718643
UBFC_PHYS_s09_T3_test,10,77,102.56666666666666,-0.6324665546417236,0.07348492003805271
UBFC_PHYS_s09_T3_test,10,78,102.6,0.276546448469162,0.04262884887977687
UBFC_PHYS_s09_T3_test,10,79,102.63333333333334,0.8688349723815918,0.002827099309069334
UBFC_PHYS_s09_T3_test,10,80,102.66666666666667,1.1476880311965942,-0.03835899735710151
UBFC_PHYS_s09_T3_test,10,81,102.7,1.2172422409057617,-0.0729670148272782
UBFC_PHYS_s09_T3_test,10,82,102.73333333333333,1.1409285068511963,-0.09433905570417077
UBFC_PHYS_s09_T3_test,10,83,102.76666666666667,1.0032340288162231,-0.09859995681289828
UBFC_PHYS_s09_T3_test,10,84,102.8,0.8881145119667053,-0.08548587615831929
UBFC_PHYS_s09_T3_test,10,85,102.83333333333333,0.7837960124015808,-0.0582727502865326
UBFC_PHYS_s09_T3_test,10,86,102.86666666666666,0.6443630456924438,-0.022860685951090944
UBFC_PHYS_s09_T3_test,10,87,102.9,0.48493692278862,0.013637436308959272
UBFC_PHYS_s09_T3_test,10,88,102.93333333333334,0.32604923844337463,0.04447470715913478
UBFC_PHYS_s09_T3_test,10,89,102.96666666666667,0.104730024933815,0.06474686404188261
UBFC_PHYS_s09_T3_test,10,90,103.0,-0.22461828589439392,0.07236711596215044
UBFC_PHYS_s09_T3_test,10,91,103.03333333333333,-0.5050346851348877,0.06806994993280613
UBFC_PHYS_s09_T3_test,10,92,103.06666666666666,-0.5188456177711487,0.05460671440225524
UBFC_PHYS_s09_T3_test,10,93,103.1,-0.2973642349243164,0.03587600199236981
UBFC_PHYS_s09_T3_test,10,94,103.13333333333334,-0.053002968430519104,0.016214791520362207
UBFC_PHYS_s09_T3_test,10,95,103.16666666666667,0.08766904473304749,-0.0004714947760547935
UBFC_PHYS_s09_T3_test,10,96,103.2,0.0989435687661171,-0.011596597358177672
UBFC_PHYS_s09_T3_test,10,97,103.23333333333333,-0.008216268382966518,-0.016195604035557684
UBFC_PHYS_s09_T3_test,10,98,103.26666666666667,-0.1350708305835724,-0.014645972359820465
UBFC_PHYS_s09_T3_test,10,99,103.3,-0.20786219835281372,-0.008404539011153673
UBFC_PHYS_s09_T3_test,10,100,103.33333333333333,-0.3138802945613861,0.0001515291719382261
UBFC_PHYS_s09_T3_test,10,101,103.36666666666666,-0.5024268627166748,0.008216290280350726
UBFC_PHYS_s09_T3_test,10,102,103.4,-0.6694623231887817,0.013350971649657902
UBFC_PHYS_s09_T3_test,10,103,103.43333333333334,-0.7538655400276184,0.014076857884624256
UBFC_PHYS_s09_T3_test,10,104,103.46666666666667,-0.820805549621582,0.010070972301601706
UBFC_PHYS_s09_T3_test,10,105,103.5,-0.8867855072021484,0.0021192964620902984
UBFC_PHYS_s09_T3_test,10,106,103.53333333333333,-0.8547717928886414,-0.008113637926534042
UBFC_PHYS_s09_T3_test,10,107,103.56666666666666,-0.6935487985610962,-0.018552344807462318
UBFC_PHYS_s09_T3_test,10,108,103.6,-0.5145317316055298,-0.02731736872718224
UBFC_PHYS_s09_T3_test,10,109,103.63333333333334,-0.44899940490722656,-0.03323114032030271
UBFC_PHYS_s09_T3_test,10,110,103.66666666666667,-0.4629855155944824,-0.03606570233313677
UBFC_PHYS_s09_T3_test,10,111,103.7,-0.36113858222961426,-0.036485643216059786
UBFC_PHYS_s09_T3_test,10,112,103.73333333333333,-0.024907488375902176,-0.03571080745488354
UBFC_PHYS_s09_T3_test,10,113,103.76666666666667,0.4423688054084778,-0.03498989160481319
UBFC_PHYS_s09_T3_test,10,114,103.8,0.8644497394561768,-0.03504584358112064
UBFC_PHYS_s09_T3_test,10,115,103.83333333333333,1.1740254163742065,-0.03569785150415657
UBFC_PHYS_s09_T3_test,10,116,103.86666666666666,1.3794513940811157,-0.035810211280803396
UBFC_PHYS_s09_T3_test,10,117,103.9,1.5068832635879517,-0.033633838260542157
UBFC_PHYS_s09_T3_test,10,118,103.93333333333334,1.5766581296920776,-0.027403279807217486
UBFC_PHYS_s09_T3_test,10,119,103.96666666666667,1.578007459640503,-0.0158778549990175
UBFC_PHYS_s09_T3_test,10,120,104.0,1.486312747001648,0.001275190570269293
UBFC_PHYS_s09_T3_test,10,121,104.03333333333333,1.3114279508590698,0.023141958491356272
UBFC_PHYS_s09_T3_test,10,122,104.06666666666666,1.1144417524337769,0.04737408544832362
UBFC_PHYS_s09_T3_test,10,123,104.1,0.9363004565238953,0.07046117852620892
UBFC_PHYS_s09_T3_test,10,124,104.13333333333334,0.7452693581581116,0.08847226479753839
UBFC_PHYS_s09_T3_test,10,125,104.16666666666667,0.5022898316383362,0.09795947236080185
UBFC_PHYS_s09_T3_test,10,126,104.2,0.2543606758117676,0.09679530364117472
UBFC_PHYS_s09_T3_test,10,127,104.23333333333333,0.07047832012176514,0.08482440407376482
UBFC_PHYS_s09_T3_test,10,128,104.26666666666667,-0.06627550721168518,0.0640885302977548
UBFC_PHYS_s09_T3_test,10,129,104.3,-0.2210763394832611,0.038308541971337526
UBFC_PHYS_s09_T3_test,10,130,104.33333333333333,-0.41170525550842285,0.01181831013470743
UBFC_PHYS_s09_T3_test,10,131,104.36666666666666,-0.5921300053596497,-0.011382746513003781
UBFC_PHYS_s09_T3_test,10,132,104.4,-0.6947229504585266,-0.028222335385942626
UBFC_PHYS_s09_T3_test,10,133,104.43333333333334,-0.7109081745147705,-0.03701967962072371
UBFC_PHYS_s09_T3_test,10,134,104.46666666666667,-0.7044275999069214,-0.03781371596955481
UBFC_PHYS_s09_T3_test,10,135,104.5,-0.7287606000900269,-0.032293555514098536
UBFC_PHYS_s09_T3_test,10,136,104.53333333333333,-0.7919251322746277,-0.023331087984326773
UBFC_PHYS_s09_T3_test,10,137,104.56666666666666,-0.8717873692512512,-0.01438073560241871
UBFC_PHYS_s09_T3_test,10,138,104.6,-0.9033469557762146,-0.008884034273661013
UBFC_PHYS_s09_T3_test,10,139,104.63333333333334,-0.8099461793899536,-0.009672309128223868
UBFC_PHYS_s09_T3_test,10,140,104.66666666666667,-0.6228916645050049,-0.018405735608612313
UBFC_PHYS_s09_T3_test,10,141,104.7,-0.5046065449714661,-0.035147460411331315
UBFC_PHYS_s09_T3_test,10,142,104.73333333333333,-0.5723963379859924,-0.05821053592802653
UBFC_PHYS_s09_T3_test,10,143,104.76666666666667,-0.7486628890037537,-0.08442940914179392
UBFC_PHYS_s09_T3_test,10,144,104.8,-0.878942608833313,-0.10975453133079417
UBFC_PHYS_s09_T3_test,10,145,104.83333333333333,-0.9358601570129395,-0.12983671295201235
UBFC_PHYS_s09_T3_test,10,146,104.86666666666666,-0.9481401443481445,-0.14054608264842816
UBFC_PHYS_s09_T3_test,10,147,104.9,-0.8545382618904114,-0.13864044635808348
UBFC_PHYS_s09_T3_test,10,148,104.93333333333334,-0.5814328193664551,-0.1223679753480421
UBFC_PHYS_s09_T3_test,10,149,104.96666666666667,-0.19732719659805298,-0.0914007270089693
UBFC_PHYS_s09_T3_test,10,150,105.0,0.12899164855480194,-0.046401859747513076
UBFC_PHYS_s09_T3_test,10,151,105.03333333333333,0.25018301606178284,0.010659047476851173
UBFC_PHYS_s09_T3_test,10,152,105.06666666666666,0.17041157186031342,0.07541681299514529
UBFC_PHYS_s09_T3_test,10,153,105.1,0.091781847178936,0.14033814180152382
UBFC_PHYS_s09_T3_test,10,154,105.13333333333334,0.2325771152973175,0.19530592603960875
UBFC_PHYS_s09_T3_test,10,155,105.16666666666667,0.5298274159431458,0.2302503349211768
UBFC_PHYS_s09_T3_test,10,156,105.2,0.7384384870529175,0.23884202595807194
UBFC_PHYS_s09_T3_test,10,157,105.23333333333333,0.766559898853302,0.2207849836270965
UBFC_PHYS_s09_T3_test,10,158,105.26666666666667,0.6824097037315369,0.1816044582209878
UBFC_PHYS_s09_T3_test,10,159,105.3,0.5385720133781433,0.13043402991392872
UBFC_PHYS_s09_T3_test,10,160,105.33333333333333,0.371834933757782,0.07693738222290336
UBFC_PHYS_s09_T3_test,10,161,105.36666666666666,0.22711500525474548,0.028867050312059533
UBFC_PHYS_s09_T3_test,10,162,105.4,0.10844063013792038,-0.009053315616661117
UBFC_PHYS_s09_T3_test,10,163,105.43333333333334,-0.0010415740543976426,-0.035158931361886886
UBFC_PHYS_s09_T3_test,10,164,105.46666666666667,-0.08818881213665009,-0.050304071837542416
UBFC_PHYS_s09_T3_test,10,165,105.5,-0.1633155196905136,-0.057383424480899906
UBFC_PHYS_s09_T3_test,10,166,105.53333333333333,-0.31216123700141907,-0.060781599442027524
UBFC_PHYS_s09_T3_test,10,167,105.56666666666666,-0.5440868139266968,-0.06492445650496055
UBFC_PHYS_s09_T3_test,10,168,105.6,-0.6811390519142151,-0.07237827805362913
UBFC_PHYS_s09_T3_test,10,169,105.63333333333334,-0.5593184232711792,-0.08314012975281473
UBFC_PHYS_s09_T3_test,10,170,105.66666666666667,-0.2660057544708252,-0.09538821287242219
UBFC_PHYS_s09_T3_test,10,171,105.7,-0.01899128407239914,-0.10653165276040369
UBFC_PHYS_s09_T3_test,10,172,105.73333333333333,0.10180436074733734,-0.11399115967839955
UBFC_PHYS_s09_T3_test,10,173,105.76666666666667,0.15612705051898956,-0.11586787799121906
UBFC_PHYS_s09_T3_test,10,174,105.8,0.1706775277853012,-0.11141516725141289
UBFC_PHYS_s09_T3_test,10,175,105.83333333333333,0.12227754294872284,-0.10097975295368447
UBFC_PHYS_s09_T3_test,10,176,105.86666666666666,0.041857387870550156,-0.08547095137748716
UBFC_PHYS_s09_T3_test,10,177,105.9,-0.005991205107420683,-0.06579412162783803
UBFC_PHYS_s09_T3_test,10,178,105.93333333333334,-0.026827659457921982,-0.042555020929916816
UBFC_PHYS_s09_T3_test,10,179,105.96666666666667,-0.08208448439836502,-0.01614044350982231
UBFC_PHYS_s09_T3_test,10,180,106.0,-0.20583823323249817,0.012859147173866877
UBFC_PHYS_s09_T3_test,10,181,106.03333333333333,-0.4046408236026764,0.04305258051524055
UBFC_PHYS_s09_T3_test,10,182,106.06666666666666,-0.610741376876831,0.07190113055036114
UBFC_PHYS_s09_T3_test,10,183,106.1,-0.614250898361206,0.09619509654536063
UBFC_PHYS_s09_T3_test,10,184,106.13333333333334,-0.24561691284179688,0.11318681219141102
UBFC_PHYS_s09_T3_test,10,185,106.16666666666667,0.34922751784324646,0.12150537251904844
UBFC_PHYS_s09_T3_test,10,186,106.2,0.8343432545661926,0.12143578895371264
UBFC_PHYS_s09_T3_test,10,187,106.23333333333333,1.0491883754730225,0.11469476440645636
UBFC_PHYS_s09_T3_test,10,188,106.26666666666667,1.0593860149383545,0.10388944410629873
UBFC_PHYS_s09_T3_test,10,189,106.3,0.9554697275161743,0.09184876745484398
UBFC_PHYS_s09_T3_test,10,190,106.33333333333333,0.7751033902168274,0.08100628726363769
UBFC_PHYS_s09_T3_test,10,191,106.36666666666666,0.5516953468322754,0.07297623892201305
UBFC_PHYS_s09_T3_test,10,192,106.4,0.31513798236846924,0.06838588711973662
UBFC_PHYS_s09_T3_test,10,193,106.43333333333334,0.08180473744869232,0.06694743716187705
UBFC_PHYS_s09_T3_test,10,194,106.46666666666667,-0.12867458164691925,0.06766718945849781
UBFC_PHYS_s09_T3_test,10,195,106.5,-0.31413978338241577,0.06903340694895488
UBFC_PHYS_s09_T3_test,10,196,106.53333333333333,-0.5503208637237549,0.06917854310501348
UBFC_PHYS_s09_T3_test,10,197,106.56666666666666,-0.9132202863693237,0.06615821260427576
UBFC_PHYS_s09_T3_test,10,198,106.6,-1.2743163108825684,0.058292310627454
UBFC_PHYS_s09_T3_test,10,199,106.63333333333334,-1.351324200630188,0.04432271706987488
UBFC_PHYS_s09_T3_test,10,200,106.66666666666667,-1.0716019868850708,0.023307626300604886
UBFC_PHYS_s09_T3_test,10,201,106.7,-0.6777527928352356,-0.005640206874216834
UBFC_PHYS_s09_T3_test,10,202,106.73333333333333,-0.39369717240333557,-0.04356123618370308
UBFC_PHYS_s09_T3_test,10,203,106.76666666666667,-0.23071612417697906,-0.09154296243796939
UBFC_PHYS_s09_T3_test,10,204,106.8,-0.14095459878444672,-0.1501136172426104
UBFC_PHYS_s09_T3_test,10,205,106.83333333333333,-0.11615455150604248,-0.21808906144211934
UBFC_PHYS_s09_T3_test,10,206,106.86666666666666,-0.13718561828136444,-0.29134041837016206
UBFC_PHYS_s09_T3_test,10,207,106.9,-0.173980250954628,-0.362370881257032
UBFC_PHYS_s09_T3_test,10,208,106.93333333333334,-0.19654874503612518,-0.42091663338138685
UBFC_PHYS_s09_T3_test,10,209,106.96666666666667,-0.1751544177532196,-0.45507177743229305
UBFC_PHYS_s09_T3_test,10,210,107.0,-0.12439312040805817,-0.45304855044984343
UBFC_PHYS_s09_T3_test,10,211,107.03333333333333,-0.11855476349592209,-0.40621029800085756
UBFC_PHYS_s09_T3_test,10,212,107.06666666666666,-0.22097903490066528,-0.3126677051565544
UBFC_PHYS_s09_T3_test,10,213,107.1,-0.38694411516189575,-0.17946639265860198
UBFC_PHYS_s09_T3_test,10,214,107.13333333333334,-0.3984456956386566,-0.02213496946636582
UBFC_PHYS_s09_T3_test,10,215,107.16666666666667,-0.05070006102323532,0.13860280228836658
UBFC_PHYS_s09_T3_test,10,216,107.2,0.5314491987228394,0.28185596147584124
UBFC_PHYS_s09_T3_test,10,217,107.23333333333333,1.0156437158584595,0.3911508459200077
UBFC_PHYS_s09_T3_test,10,218,107.26666666666667,1.2692426443099976,0.457235043987304
UBFC_PHYS_s09_T3_test,10,219,107.3,1.357265591621399,0.47882973881101903
UBFC_PHYS_s09_T3_test,10,220,107.33333333333333,1.2968580722808838,0.4615429104855659
UBFC_PHYS_s09_T3_test,10,221,107.36666666666666,1.1139487028121948,0.415538059604729
UBFC_PHYS_s09_T3_test,10,222,107.4,0.9128691554069519,0.35265594006484435
UBFC_PHYS_s09_T3_test,10,223,107.43333333333334,0.7643088698387146,0.2836785011362436
UBFC_PHYS_s09_T3_test,10,224,107.46666666666667,0.6632469296455383,0.2163715961604089
UBFC_PHYS_s09_T3_test,10,225,107.5,0.5910977721214294,0.1548132385408591
UBFC_PHYS_s09_T3_test,10,226,107.53333333333333,0.5461294054985046,0.09998715279419686
UBFC_PHYS_s09_T3_test,10,227,107.56666666666666,0.5032888650894165,0.05112706792489903
UBFC_PHYS_s09_T3_test,10,228,107.6,0.3951040506362915,0.00713930330758609
UBFC_PHYS_s09_T3_test,10,229,107.63333333333334,0.20599311590194702,-0.03257809783835037
UBFC_PHYS_s09_T3_test,10,230,107.66666666666667,0.040637820959091187,-0.06807835741577271
UBFC_PHYS_s09_T3_test,10,231,107.7,-0.021891001611948013,-0.09919701517849287
UBFC_PHYS_s09_T3_test,10,232,107.73333333333333,-0.049765922129154205,-0.1259691049187712
UBFC_PHYS_s09_T3_test,10,233,107.76666666666667,-0.09747180342674255,-0.1489833851225318
UBFC_PHYS_s09_T3_test,10,234,107.8,-0.09263245016336441,-0.16943854208945397
UBFC_PHYS_s09_T3_test,10,235,107.83333333333333,-0.023324644193053246,-0.18863738235756025
UBFC_PHYS_s09_T3_test,10,236,107.86666666666666,0.0035512682516127825,-0.20708691443686866
UBFC_PHYS_s09_T3_test,10,237,107.9,-0.07669372856616974,-0.2237735586394873
UBFC_PHYS_s09_T3_test,10,238,107.93333333333334,-0.24969728291034698,-0.23595161863160802
UBFC_PHYS_s09_T3_test,10,239,107.96666666666667,-0.5025825500488281,-0.23947852877171302
UBFC_PHYS_s09_T3_test,10,240,108.0,-0.8012535572052002,-0.22968227050077988
UBFC_PHYS_s09_T3_test,10,241,108.03333333333333,-1.0680276155471802,-0.20268856428584917
UBFC_PHYS_s09_T3_test,10,242,108.06666666666666,-1.2959246635437012,-0.15701098935845623
UBFC_PHYS_s09_T3_test,10,243,108.1,-1.57929265499115,-0.09508060729846134
UBFC_PHYS_s09_T3_test,10,244,108.13333333333334,-1.985739827156067,-0.023835943570062197
UBFC_PHYS_s09_T3_test,10,245,108.16666666666667,-2.451465606689453,0.04684988831196285
UBFC_PHYS_s09_T3_test,10,246,108.2,-2.8037912845611572,0.107433904992369
UBFC_PHYS_s09_T3_test,10,247,108.23333333333333,-2.851970672607422,0.1515732281682732
UBFC_PHYS_s09_T3_test,10,248,108.26666666666667,-2.4682347774505615,0.17740291506237188
UBFC_PHYS_s09_T3_test,10,249,108.3,-1.671246886253357,0.18716663116587146
UBFC_PHYS_s09_T3_test,10,250,108.33333333333333,-0.6545161008834839,0.18561935604077176
UBFC_PHYS_s09_T3_test,10,251,108.36666666666666,0.3004383146762848,0.17797742698210503
UBFC_PHYS_s09_T3_test,10,252,108.4,0.9889040589332581,0.16815486336434052
UBFC_PHYS_s09_T3_test,10,253,108.43333333333334,1.3948192596435547,0.15784902819940666
UBFC_PHYS_s09_T3_test,10,254,108.46666666666667,1.5968718528747559,0.14662309529967807
UBFC_PHYS_s09_T3_test,10,255,108.5,1.63966703414917,0.1327133160164861
UBFC_PHYS_s09_T3_test,10,256,108.53333333333333,1.5607129335403442,0.11418869507601064
UBFC_PHYS_s09_T3_test,10,257,108.56666666666666,1.4362196922302246,0.0900699442989041
UBFC_PHYS_s09_T3_test,10,258,108.6,1.2959433794021606,0.060991420639000614
UBFC_PHYS_s09_T3_test,10,259,108.63333333333334,1.1075655221939087,0.029046048672600203
UBFC_PHYS_s09_T3_test,10,260,108.66666666666667,0.8607001900672913,-0.0030886144901096967
UBFC_PHYS_s09_T3_test,10,261,108.7,0.6566236019134521,-0.03321121884378092
UBFC_PHYS_s09_T3_test,10,262,108.73333333333333,0.649662971496582,-0.06030477715157358
UBFC_PHYS_s09_T3_test,10,263,108.76666666666667,0.8436456918716431,-0.08446924590404203
UBFC_PHYS_s09_T3_test,10,264,108.8,1.0494673252105713,-0.10628214709577224
UBFC_PHYS_s09_T3_test,10,265,108.83333333333333,1.1426604986190796,-0.12635314734521286
UBFC_PHYS_s09_T3_test,10,266,108.86666666666666,1.128395438194275,-0.14526062221279842
UBFC_PHYS_s09_T3_test,10,267,108.9,0.9862184524536133,-0.16344070470089214
UBFC_PHYS_s09_T3_test,10,268,108.93333333333334,0.69642174243927,-0.1807880884146582
UBFC_PHYS_s09_T3_test,10,269,108.96666666666667,0.35854944586753845,-0.19600274370207343
UBFC_PHYS_s09_T3_test,10,270,109.0,0.0932803601026535,-0.20603328155891135
UBFC_PHYS_s09_T3_test,10,271,109.03333333333333,-0.08850018680095673,-0.20620363799705163
UBFC_PHYS_s09_T3_test,10,272,109.06666666666666,-0.2168792188167572,-0.19130878758669628
UBFC_PHYS_s09_T3_test,10,273,109.1,-0.2850452959537506,-0.15756583373259836
UBFC_PHYS_s09_T3_test,10,274,109.13333333333334,-0.3134261965751648,-0.10461056106364156
UBFC_PHYS_s09_T3_test,10,275,109.16666666666667,-0.35945194959640503,-0.03620335030450526
UBFC_PHYS_s09_T3_test,10,276,109.2,-0.46377691626548767,0.04064293535220088
UBFC_PHYS_s09_T3_test,10,277,109.23333333333333,-0.6093466877937317,0.11729400356666249
UBFC_PHYS_s09_T3_test,10,278,109.26666666666667,-0.6932763457298279,0.18516777871757484
UBFC_PHYS_s09_T3_test,10,279,109.3,-0.606485903263092,0.23699536945233154
UBFC_PHYS_s09_T3_test,10,280,109.33333333333333,-0.3916926681995392,0.2675879309046049
UBFC_PHYS_s09_T3_test,10,281,109.36666666666666,-0.19084662199020386,0.27436989621688795
UBFC_PHYS_s09_T3_test,10,282,109.4,-0.07556498050689697,0.2577188679541898
UBFC_PHYS_s09_T3_test,10,283,109.43333333333334,-0.03586414083838463,0.22089601110184126
UBFC_PHYS_s09_T3_test,10,284,109.46666666666667,-0.07692726701498032,0.1695359248104513
UBFC_PHYS_s09_T3_test,10,285,109.5,-0.20720051229000092,0.1108636305443106
UBFC_PHYS_s09_T3_test,10,286,109.53333333333333,-0.3727893531322479,0.05250765654731897
UBFC_PHYS_s09_T3_test,10,287,109.56666666666666,-0.5088750123977661,0.0005598301955876722
UBFC_PHYS_s09_T3_test,10,288,109.6,-0.6342764496803284,-0.04217282505181161
UBFC_PHYS_s09_T3_test,10,289,109.63333333333334,-0.8030115365982056,-0.07570336447111581
UBFC_PHYS_s09_T3_test,10,290,109.66666666666667,-0.9997252821922302,-0.1006512082420924
UBFC_PHYS_s09_T3_test,10,291,109.7,-1.1536179780960083,-0.11710205358100931
UBFC_PHYS_s09_T3_test,10,292,109.73333333333333,-1.2226078510284424,-0.1251589176233373
UBFC_PHYS_s09_T3_test,10,293,109.76666666666667,-1.1809868812561035,-0.12545224720909562
UBFC_PHYS_s09_T3_test,10,294,109.8,-0.9987068176269531,-0.11899875139847252
UBFC_PHYS_s09_T3_test,10,295,109.83333333333333,-0.7057963609695435,-0.10709605252323769
UBFC_PHYS_s09_T3_test,10,296,109.86666666666666,-0.373859703540802,-0.09137458682082582
UBFC_PHYS_s09_T3_test,10,297,109.9,-0.024615569040179253,-0.07352528904711042
UBFC_PHYS_s09_T3_test,10,298,109.93333333333334,0.3561881482601166,-0.05477486037933817
UBFC_PHYS_s09_T3_test,10,299,109.96666666666667,0.7324119806289673,-0.03572246303998285
UBFC_PHYS_s09_T3_test,11,0,110.0,1.0240120887756348,-0.05906991085563281
UBFC_PHYS_s09_T3_test,11,1,110.03333333333333,1.172105312347412,0.016262259950586194
UBFC_PHYS_s09_T3_test,11,2,110.06666666666666,1.1770873069763184,0.09991385075264711
UBFC_PHYS_s09_T3_test,11,3,110.1,1.048805594444275,0.19418393365115805
UBFC_PHYS_s09_T3_test,11,4,110.13333333333334,0.7967636585235596,0.292096358494685
UBFC_PHYS_s09_T3_test,11,5,110.16666666666667,0.4552586078643799,0.37891527450908485
UBFC_PHYS_s09_T3_test,11,6,110.2,0.06512000411748886,0.43864306929447294
UBFC_PHYS_s09_T3_test,11,7,110.23333333333333,-0.3407627046108246,0.45967464005145947
UBFC_PHYS_s09_T3_test,11,8,110.26666666666667,-0.6287689208984375,0.4373996563225557
UBFC_PHYS_s09_T3_test,11,9,110.3,-0.5842611789703369,0.37560602566919854
UBFC_PHYS_s09_T3_test,11,10,110.33333333333333,-0.23094317317008972,0.28649465905602406
UBFC_PHYS_s09_T3_test,11,11,110.36666666666666,0.13924121856689453,0.1870625276033156
UBFC_PHYS_s09_T3_test,11,12,110.4,0.3209374248981476,0.09294242108161453
UBFC_PHYS_s09_T3_test,11,13,110.43333333333334,0.3498697578907013,0.01394126923473376
UBFC_PHYS_s09_T3_test,11,14,110.46666666666667,0.30837199091911316,-0.047021628356850885
UBFC_PHYS_s09_T3_test,11,15,110.5,0.2268814742565155,-0.09275718220580279
UBFC_PHYS_s09_T3_test,11,16,110.53333333333333,0.14108353853225708,-0.12913636372060971
UBFC_PHYS_s09_T3_test,11,17,110.56666666666666,0.07933316379785538,-0.16097176419682882
UBFC_PHYS_s09_T3_test,11,18,110.6,0.04929805546998978,-0.18831178226173073
UBFC_PHYS_s09_T3_test,11,19,110.63333333333334,0.0748441144824028,-0.20640384638918016
UBFC_PHYS_s09_T3_test,11,20,110.66666666666667,0.1758282631635666,-0.20923949368886866
UBFC_PHYS_s09_T3_test,11,21,110.7,0.299744188785553,-0.1932807439155562
UBFC_PHYS_s09_T3_test,11,22,110.73333333333333,0.31109654903411865,-0.15908552384936386
UBFC_PHYS_s09_T3_test,11,23,110.76666666666667,0.15154069662094116,-0.11023300985273957
UBFC_PHYS_s09_T3_test,11,24,110.8,0.03705696016550064,-0.051245597223421695
UBFC_PHYS_s09_T3_test,11,25,110.83333333333333,0.2169238179922104,0.012012249999411893
UBFC_PHYS_s09_T3_test,11,26,110.86666666666666,0.5955349206924438,0.07028876034022162
UBFC_PHYS_s09_T3_test,11,27,110.9,0.8706772923469543,0.11214427630067718
UBFC_PHYS_s09_T3_test,11,28,110.93333333333334,0.9371891617774963,0.12815185755727648
UBFC_PHYS_s09_T3_test,11,29,110.96666666666667,0.8810566067695618,0.11274994041571287
UBFC_PHYS_s09_T3_test,11,30,111.0,0.7347213625907898,0.06290076005448675
UBFC_PHYS_s09_T3_test,11,31,111.03333333333333,0.46850520372390747,-0.02259304663371795
UBFC_PHYS_s09_T3_test,11,32,111.06666666666666,0.12114878743886948,-0.141571037000557
UBFC_PHYS_s09_T3_test,11,33,111.1,-0.21994759142398834,-0.2860392268943512
UBFC_PHYS_s09_T3_test,11,34,111.13333333333334,-0.48310837149620056,-0.440408716392613
UBFC_PHYS_s09_T3_test,11,35,111.16666666666667,-0.6535430550575256,-0.5821325765026336
UBFC_PHYS_s09_T3_test,11,36,111.2,-0.7823761701583862,-0.6850532859601464
UBFC_PHYS_s09_T3_test,11,37,111.23333333333333,-0.9462524056434631,-0.7242857158654435
UBFC_PHYS_s09_T3_test,11,38,111.26666666666667,-1.1449772119522095,-0.6816316546321962
UBFC_PHYS_s09_T3_test,11,39,111.3,-1.1958487033843994,-0.5507942403401135
UBFC_PHYS_s09_T3_test,11,40,111.33333333333333,-0.9060845375061035,-0.3406372861569079
UBFC_PHYS_s09_T3_test,11,41,111.36666666666666,-0.3815079629421234,-0.07403446874831883
UBFC_PHYS_s09_T3_test,11,42,111.4,0.07282663881778717,0.21691921519808158
UBFC_PHYS_s09_T3_test,11,43,111.43333333333334,0.3589516282081604,0.49554121122841743
UBFC_PHYS_s09_T3_test,11,44,111.46666666666667,0.5884899497032166,0.724715715858741
UBFC_PHYS_s09_T3_test,11,45,111.5,0.7796767354011536,0.8736049165859684
UBFC_PHYS_s09_T3_test,11,46,111.53333333333333,0.8779687881469727,0.9261747921040605
UBFC_PHYS_s09_T3_test,11,47,111.56666666666666,0.9389342069625854,0.8869359714599168
UBFC_PHYS_s09_T3_test,11,48,111.6,1.0129386186599731,0.7800907141398088
UBFC_PHYS_s09_T3_test,11,49,111.63333333333334,1.0621106624603271,0.6400468348584328
UBFC_PHYS_s09_T3_test,11,50,111.66666666666667,1.0521334409713745,0.49770843216953753
UBFC_PHYS_s09_T3_test,11,51,111.7,0.97471684217453,0.37241941455917416
UBFC_PHYS_s09_T3_test,11,52,111.73333333333333,0.7941299080848694,0.271816010112062
UBFC_PHYS_s09_T3_test,11,53,111.76666666666667,0.4879988133907318,0.19387703317455257
UBFC_PHYS_s09_T3_test,11,54,111.8,0.12971171736717224,0.1290669588767589
UBFC_PHYS_s09_T3_test,11,55,111.83333333333333,-0.1284475326538086,0.06465383490674037
UBFC_PHYS_s09_T3_test,11,56,111.86666666666666,-0.1646323949098587,-0.00949081855326277
UBFC_PHYS_s09_T3_test,11,57,111.9,-0.015429885126650333,-0.09707555550749525
UBFC_PHYS_s09_T3_test,11,58,111.93333333333334,0.15450528264045715,-0.194847799651046
UBFC_PHYS_s09_T3_test,11,59,111.96666666666667,0.23857764899730682,-0.2942097618333074
UBFC_PHYS_s09_T3_test,11,60,112.0,0.2288275957107544,-0.38378935402319614
UBFC_PHYS_s09_T3_test,11,61,112.03333333333333,0.0948696881532669,-0.4519947648624427
UBFC_PHYS_s09_T3_test,11,62,112.06666666666666,-0.17354561388492584,-0.48938924427188446
UBFC_PHYS_s09_T3_test,11,63,112.1,-0.48088333010673523,-0.4914543583821184
UBFC_PHYS_s09_T3_test,11,64,112.13333333333334,-0.7197694778442383,-0.46070181906394636
UBFC_PHYS_s09_T3_test,11,65,112.16666666666667,-0.8955430388450623,-0.40569182186557357
UBFC_PHYS_s09_T3_test,11,66,112.2,-1.0692731142044067,-0.3374375794945913
UBFC_PHYS_s09_T3_test,11,67,112.23333333333333,-1.2538042068481445,-0.26648755348226616
UBFC_PHYS_s09_T3_test,11,68,112.26666666666667,-1.4256659746170044,-0.20171154460799876
UBFC_PHYS_s09_T3_test,11,69,112.3,-1.5733181238174438,-0.1493552052322008
UBFC_PHYS_s09_T3_test,11,70,112.33333333333333,-1.6900138854980469,-0.11224449123093716
UBFC_PHYS_s09_T3_test,11,71,112.36666666666666,-1.7654714584350586,-0.09041856818669507
UBFC_PHYS_s09_T3_test,11,72,112.4,-1.8124183416366577,-0.0826569705922844
UBFC_PHYS_s09_T3_test,11,73,112.43333333333334,-1.844010353088379,-0.08669369808527252
UBFC_PHYS_s09_T3_test,11,74,112.46666666666667,-1.7487802505493164,-0.09759581962030711
UBFC_PHYS_s09_T3_test,11,75,112.5,-1.2775663137435913,-0.1056373683182398
UBFC_PHYS_s09_T3_test,11,76,112.53333333333333,-0.3496629595756531,-0.09594817056284434
UBFC_PHYS_s09_T3_test,11,77,112.56666666666666,0.6312527060508728,-0.05253019068528878
UBFC_PHYS_s09_T3_test,11,78,112.6,1.181239128112793,0.034348934960074795
UBFC_PHYS_s09_T3_test,11,79,112.63333333333334,1.2270832061767578,0.1618290915521886
UBFC_PHYS_s09_T3_test,11,80,112.66666666666667,1.0363374948501587,0.3122640195396902
UBFC_PHYS_s09_T3_test,11,81,112.7,0.8077982068061829,0.45616283217694403
UBFC_PHYS_s09_T3_test,11,82,112.73333333333333,0.5811401009559631,0.5594101897093117
UBFC_PHYS_s09_T3_test,11,83,112.76666666666667,0.3879163861274719,0.5921988505973002
UBFC_PHYS_s09_T3_test,11,84,112.8,0.24970945715904236,0.5371030064114091
UBFC_PHYS_s09_T3_test,11,85,112.83333333333333,0.13680855929851532,0.39412487602890095
UBFC_PHYS_s09_T3_test,11,86,112.86666666666666,0.01678488217294216,0.18175810418015212
UBFC_PHYS_s09_T3_test,11,87,112.9,-0.12034519761800766,-0.06561656098519163
UBFC_PHYS_s09_T3_test,11,88,112.93333333333334,-0.22799155116081238,-0.3036355549530088
UBFC_PHYS_s09_T3_test,11,89,112.96666666666667,-0.1924748718738556,-0.48674093800148277
UBFC_PHYS_s09_T3_test,11,90,113.0,0.05066033825278282,-0.5780358129168288
UBFC_PHYS_s09_T3_test,11,91,113.03333333333333,0.4301731288433075,-0.5571683297039648
UBFC_PHYS_s09_T3_test,11,92,113.06666666666666,0.8075256943702698,-0.4250161407892428
UBFC_PHYS_s09_T3_test,11,93,113.1,1.0731710195541382,-0.20577382750021253
UBFC_PHYS_s09_T3_test,11,94,113.13333333333334,1.1571850776672363,0.05497265310751684
UBFC_PHYS_s09_T3_test,11,95,113.16666666666667,1.0810657739639282,0.29926397842309993
UBFC_PHYS_s09_T3_test,11,96,113.2,0.9584083557128906,0.4718124000283827
UBFC_PHYS_s09_T3_test,11,97,113.23333333333333,0.8834438323974609,0.5357784098535597
UBFC_PHYS_s09_T3_test,11,98,113.26666666666667,0.8697236776351929,0.4837786909112119
UBFC_PHYS_s09_T3_test,11,99,113.3,0.8835995197296143,0.3394573850143912
UBFC_PHYS_s09_T3_test,11,100,113.33333333333333,0.8515210151672363,0.14943443632869327
UBFC_PHYS_s09_T3_test,11,101,113.36666666666666,0.6893314123153687,-0.030090516018352192
UBFC_PHYS_s09_T3_test,11,102,113.4,0.38115036487579346,-0.14840056122473747
UBFC_PHYS_s09_T3_test,11,103,113.43333333333334,-0.013860015198588371,-0.1744589142387064
UBFC_PHYS_s09_T3_test,11,104,113.46666666666667,-0.39381393790245056,-0.10676434930929532
UBFC_PHYS_s09_T3_test,11,105,113.5,-0.6070308089256287,0.025120002821750174
UBFC_PHYS_s09_T3_test,11,106,113.53333333333333,-0.5239963531494141,0.16904147270090322
UBFC_PHYS_s09_T3_test,11,107,113.56666666666666,-0.2220364362001419,0.26762545427783174
UBFC_PHYS_s09_T3_test,11,108,113.6,0.10462623834609985,0.27791908186035463
UBFC_PHYS_s09_T3_test,11,109,113.63333333333334,0.32688605785369873,0.1825081569821768
UBFC_PHYS_s09_T3_test,11,110,113.66666666666667,0.40728676319122314,-0.010090971097792936
UBFC_PHYS_s09_T3_test,11,111,113.7,0.3222997188568115,-0.2691841976419806
UBFC_PHYS_s09_T3_test,11,112,113.73333333333333,0.09277436882257462,-0.5472061634579799
UBFC_PHYS_s09_T3_test,11,113,113.76666666666667,-0.1813884824514389,-0.788648984149428
UBFC_PHYS_s09_T3_test,11,114,113.8,-0.4309653341770172,-0.9415751627127704
UBFC_PHYS_s09_T3_test,11,115,113.83333333333333,-0.6701823472976685,-0.9674840152003299
UBFC_PHYS_s09_T3_test,11,116,113.86666666666666,-0.9058898687362671,-0.8481182853869265
UBFC_PHYS_s09_T3_test,11,117,113.9,-1.1100832223892212,-0.5906109456096622
UBFC_PHYS_s09_T3_test,11,118,113.93333333333334,-1.2797070741653442,-0.22940676642994984
UBFC_PHYS_s09_T3_test,11,119,113.96666666666667,-1.469310998916626,0.17930838126927398
UBFC_PHYS_s09_T3_test,11,120,114.0,-1.7031826972961426,0.5700023389044149
UBFC_PHYS_s09_T3_test,11,121,114.03333333333333,-1.8658393621444702,0.8813717951287621
UBFC_PHYS_s09_T3_test,11,122,114.06666666666666,-1.8094732761383057,1.0676217643729424
UBFC_PHYS_s09_T3_test,11,123,114.1,-1.512793779373169,1.1066386722549053
UBFC_PHYS_s09_T3_test,11,124,114.13333333333334,-1.0511417388916016,1.0038604757211171
UBFC_PHYS_s09_T3_test,11,125,114.16666666666667,-0.5163740515708923,0.79026790055989
UBFC_PHYS_s09_T3_test,11,126,114.2,0.034546468406915665,0.5145056200937012
UBFC_PHYS_s09_T3_test,11,127,114.23333333333333,0.6304223537445068,0.23082991558507848
UBFC_PHYS_s09_T3_test,11,128,114.26666666666667,1.28488290309906,-0.013807602122026464
UBFC_PHYS_s09_T3_test,11,129,114.3,1.8472206592559814,-0.18912056486554238
UBFC_PHYS_s09_T3_test,11,130,114.33333333333333,2.15649151802063,-0.2854106252085691
UBFC_PHYS_s09_T3_test,11,131,114.36666666666666,2.2074475288391113,-0.31288005242451544
UBFC_PHYS_s09_T3_test,11,132,114.4,2.070615768432617,-0.2969072098484489
UBFC_PHYS_s09_T3_test,11,133,114.43333333333334,1.8420310020446777,-0.26946365050877774
UBFC_PHYS_s09_T3_test,11,134,114.46666666666667,1.6816902160644531,-0.2589044738441985
UBFC_PHYS_s09_T3_test,11,135,114.5,1.6728483438491821,-0.28211333000796684
UBFC_PHYS_s09_T3_test,11,136,114.53333333333333,1.6413341760635376,-0.34083120282175156
UBFC_PHYS_s09_T3_test,11,137,114.56666666666666,1.3305842876434326,-0.4216316824440883
UBFC_PHYS_s09_T3_test,11,138,114.6,0.7365312576293945,-0.4990826894848875
UBFC_PHYS_s09_T3_test,11,139,114.63333333333334,0.14943888783454895,-0.5418645131684227
UBFC_PHYS_s09_T3_test,11,140,114.66666666666667,-0.12228482961654663,-0.5208089931676199
UBFC_PHYS_s09_T3_test,11,141,114.7,-0.054507967084646225,-0.4170589996056626
UBFC_PHYS_s09_T3_test,11,142,114.73333333333333,0.12299111485481262,-0.22889735495514332
UBFC_PHYS_s09_T3_test,11,143,114.76666666666667,0.2106897532939911,0.023786998023667946
UBFC_PHYS_s09_T3_test,11,144,114.8,0.1716311275959015,0.3006285564408233
UBFC_PHYS_s09_T3_test,11,145,114.83333333333333,0.04611939191818237,0.5521049528351456
UBFC_PHYS_s09_T3_test,11,146,114.86666666666666,-0.08866236358880997,0.7363615049674284
UBFC_PHYS_s09_T3_test,11,147,114.9,-0.15191125869750977,0.8285689595680824
UBFC_PHYS_s09_T3_test,11,148,114.93333333333334,-0.1565689742565155,0.8201396472857786
UBFC_PHYS_s09_T3_test,11,149,114.96666666666667,-0.19663308560848236,0.715855577380887
UBFC_PHYS_s09_T3_test,11,150,115.0,-0.3327252268791199,0.5325389305962246
UBFC_PHYS_s09_T3_test,11,151,115.03333333333333,-0.5733045339584351,0.2974265373339848
UBFC_PHYS_s09_T3_test,11,152,115.06666666666666,-0.9341086149215698,0.044767030530104654
UBFC_PHYS_s09_T3_test,11,153,115.1,-1.4143590927124023,-0.18991656579111618
UBFC_PHYS_s09_T3_test,11,154,115.13333333333334,-1.8825695514678955,-0.37674691113382125
UBFC_PHYS_s09_T3_test,11,155,115.16666666666667,-2.1138787269592285,-0.4968484553524583
UBFC_PHYS_s09_T3_test,11,156,115.2,-2.015904664993286,-0.5451175765278027
UBFC_PHYS_s09_T3_test,11,157,115.23333333333333,-1.7565453052520752,-0.531192649530377
UBFC_PHYS_s09_T3_test,11,158,115.26666666666667,-1.5644243955612183,-0.47796497117741493
UBFC_PHYS_s09_T3_test,11,159,115.3,-1.4542739391326904,-0.4156981780982785
UBFC_PHYS_s09_T3_test,11,160,115.33333333333333,-1.3418207168579102,-0.37282868046339435
UBFC_PHYS_s09_T3_test,11,161,115.36666666666666,-1.2589614391326904,-0.36746090608043186
UBFC_PHYS_s09_T3_test,11,162,115.4,-1.196685552597046,-0.4023098590618523
UBFC_PHYS_s09_T3_test,11,163,115.43333333333334,-0.9984343647956848,-0.46409483946935487
UBFC_PHYS_s09_T3_test,11,164,115.46666666666667,-0.6161256432533264,-0.5269982789101423
UBFC_PHYS_s09_T3_test,11,165,115.5,-0.17645181715488434,-0.5585751730464007
UBFC_PHYS_s09_T3_test,11,166,115.53333333333333,0.20570120215415955,-0.5274745163436303
UBFC_PHYS_s09_T3_test,11,167,115.56666666666666,0.3995411992073059,-0.4132290153742729
UBFC_PHYS_s09_T3_test,11,168,115.6,0.3576996326446533,-0.2147892773085592
UBFC_PHYS_s09_T3_test,11,169,115.63333333333334,0.38672277331352234,0.04848888823736669
UBFC_PHYS_s09_T3_test,11,170,115.66666666666667,0.7992677092552185,0.3432966504821629
UBFC_PHYS_s09_T3_test,11,171,115.7,1.3538599014282227,0.6298454329038413
UBFC_PHYS_s09_T3_test,11,172,115.73333333333333,1.5147391557693481,0.8679817862685034
UBFC_PHYS_s09_T3_test,11,173,115.76666666666667,1.1776841878890991,1.0240272548020823
UBFC_PHYS_s09_T3_test,11,174,115.8,0.90127032995224,1.0775341172790887
UBFC_PHYS_s09_T3_test,11,175,115.83333333333333,1.2617629766464233,1.0241984431854587
UBFC_PHYS_s09_T3_test,11,176,115.86666666666666,2.147416114807129,0.8750318962229247
UBFC_PHYS_s09_T3_test,11,177,115.9,2.894427537918091,0.6555840020310734
UBFC_PHYS_s09_T3_test,11,178,115.93333333333334,3.0800161361694336,0.404630551518471
UBFC_PHYS_s09_T3_test,11,179,115.96666666666667,2.7855746746063232,0.16759028544071983
UBFC_PHYS_s09_T3_test,11,180,116.0,2.223794937133789,-0.015083252804735783
UBFC_PHYS_s09_T3_test,11,181,116.03333333333333,1.618279218673706,-0.1190706225732023
UBFC_PHYS_s09_T3_test,11,182,116.06666666666666,1.1825300455093384,-0.14220253340001354
UBFC_PHYS_s09_T3_test,11,183,116.1,0.8333507180213928,-0.10237274082617065
UBFC_PHYS_s09_T3_test,11,184,116.13333333333334,0.27539175748825073,-0.02937551714293797
UBFC_PHYS_s09_T3_test,11,185,116.16666666666667,-0.5200716853141785,0.04289016349632973
UBFC_PHYS_s09_T3_test,11,186,116.2,-1.23807954788208,0.08214111869698547
UBFC_PHYS_s09_T3_test,11,187,116.23333333333333,-1.6049555540084839,0.06455950668121135
UBFC_PHYS_s09_T3_test,11,188,116.26666666666667,-1.5943427085876465,-0.01806031382496489
UBFC_PHYS_s09_T3_test,11,189,116.3,-1.3329334259033203,-0.1557930620422476
UBFC_PHYS_s09_T3_test,11,190,116.33333333333333,-0.968717098236084,-0.32383900469317706
UBFC_PHYS_s09_T3_test,11,191,116.36666666666666,-0.6330698728561401,-0.48866607877026313
UBFC_PHYS_s09_T3_test,11,192,116.4,-0.4226554036140442,-0.614886472053847
UBFC_PHYS_s09_T3_test,11,193,116.43333333333334,-0.368280827999115,-0.6718675221955832
UBFC_PHYS_s09_T3_test,11,194,116.46666666666667,-0.4063599109649658,-0.6398879461689141
UBFC_PHYS_s09_T3_test,11,195,116.5,-0.4031747579574585,-0.516202723574646
UBFC_PHYS_s09_T3_test,11,196,116.53333333333333,-0.2728496193885803,-0.3196850749577611
UBFC_PHYS_s09_T3_test,11,197,116.56666666666666,-0.0992816910147667,-0.09115049093726853
UBFC_PHYS_s09_T3_test,11,198,116.6,-0.058263979852199554,0.1136617457370463
UBFC_PHYS_s09_T3_test,11,199,116.63333333333334,-0.2276412546634674,0.2406329599658761
UBFC_PHYS_s09_T3_test,11,200,116.66666666666667,-0.44284316897392273,0.25702954666849015
UBFC_PHYS_s09_T3_test,11,201,116.7,-0.42950576543807983,0.16095937195480153
UBFC_PHYS_s09_T3_test,11,202,116.73333333333333,-0.12044250220060349,-0.022339708495517585
UBFC_PHYS_s09_T3_test,11,203,116.76666666666667,0.28154149651527405,-0.2490971305734983
UBFC_PHYS_s09_T3_test,11,204,116.8,0.5736799836158752,-0.4661971080272913
UBFC_PHYS_s09_T3_test,11,205,116.83333333333333,0.7302452921867371,-0.6216441278927901
UBFC_PHYS_s09_T3_test,11,206,116.86666666666666,0.7952976226806641,-0.6757976089587155
UBFC_PHYS_s09_T3_test,11,207,116.9,0.8055990934371948,-0.6113266895789754
UBFC_PHYS_s09_T3_test,11,208,116.93333333333334,0.7923200130462646,-0.438041964285218
UBFC_PHYS_s09_T3_test,11,209,116.96666666666667,0.7652754783630371,-0.18775872627208529
UBFC_PHYS_s09_T3_test,11,210,117.0,0.6997885704040527,0.09763814272630504
UBFC_PHYS_s09_T3_test,11,211,117.03333333333333,0.5629114508628845,0.3745302569176194
UBFC_PHYS_s09_T3_test,11,212,117.06666666666666,0.36532193422317505,0.6007360082234866
UBFC_PHYS_s09_T3_test,11,213,117.1,0.11377299576997757,0.740895331057949
UBFC_PHYS_s09_T3_test,11,214,117.13333333333334,-0.2619383633136749,0.775250295224942
UBFC_PHYS_s09_T3_test,11,215,117.16666666666667,-0.8020968437194824,0.7061632494373403
UBFC_PHYS_s09_T3_test,11,216,117.2,-1.314406394958496,0.5587261809197202
UBFC_PHYS_s09_T3_test,11,217,117.23333333333333,-1.4785226583480835,0.37471324433510805
UBFC_PHYS_s09_T3_test,11,218,117.26666666666667,-1.2195589542388916,0.20166457333503277
UBFC_PHYS_s09_T3_test,11,219,117.3,-0.8152461051940918,0.08112668576796518
UBFC_PHYS_s09_T3_test,11,220,117.33333333333333,-0.5274020433425903,0.038511204265950436
UBFC_PHYS_s09_T3_test,11,221,117.36666666666666,-0.4034472107887268,0.07523850026617751
UBFC_PHYS_s09_T3_test,11,222,117.4,-0.42321979999542236,0.16637479522448154
UBFC_PHYS_s09_T3_test,11,223,117.43333333333334,-0.5550175309181213,0.26884177647554425
UBFC_PHYS_s09_T3_test,11,224,117.46666666666667,-0.6823650598526001,0.33742723352415893
UBFC_PHYS_s09_T3_test,11,225,117.5,-0.7251602411270142,0.3384794180153176
UBFC_PHYS_s09_T3_test,11,226,117.53333333333333,-0.7751041650772095,0.2568791975884193
UBFC_PHYS_s09_T3_test,11,227,117.56666666666666,-0.8690109252929688,0.098369921389915
UBFC_PHYS_s09_T3_test,11,228,117.6,-0.8479993343353271,-0.11185848872125953
UBFC_PHYS_s09_T3_test,11,229,117.63333333333334,-0.6379481554031372,-0.3350276759644359
UBFC_PHYS_s09_T3_test,11,230,117.66666666666667,-0.41887345910072327,-0.5277044826849288
UBFC_PHYS_s09_T3_test,11,231,117.7,-0.39515674114227295,-0.6505434472105436
UBFC_PHYS_s09_T3_test,11,232,117.73333333333333,-0.5359909534454346,-0.6752778926583485
UBFC_PHYS_s09_T3_test,11,233,117.76666666666667,-0.5959963202476501,-0.5902004155752193
UBFC_PHYS_s09_T3_test,11,234,117.8,-0.4232587218284607,-0.4041791016580561
UBFC_PHYS_s09_T3_test,11,235,117.83333333333333,-0.1897503137588501,-0.1487760527383432
UBFC_PHYS_s09_T3_test,11,236,117.86666666666666,-0.11542151123285294,0.12499934636277721
UBFC_PHYS_s09_T3_test,11,237,117.9,-0.1591119021177292,0.36076958853041574
UBFC_PHYS_s09_T3_test,11,238,117.93333333333334,-0.20232224464416504,0.5162613285793636
UBFC_PHYS_s09_T3_test,11,239,117.96666666666667,-0.28205475211143494,0.5729332551169504
UBFC_PHYS_s09_T3_test,11,240,118.0,-0.4119322896003723,0.5329768944170592
UBFC_PHYS_s09_T3_test,11,241,118.03333333333333,-0.47905397415161133,0.4138161573434282
UBFC_PHYS_s09_T3_test,11,242,118.06666666666666,-0.4600793123245239,0.24413926401525268
UBFC_PHYS_s09_T3_test,11,243,118.1,-0.4395088255405426,0.05835627720664492
UBFC_PHYS_s09_T3_test,11,244,118.13333333333334,-0.44702082872390747,-0.11087854931972763
UBFC_PHYS_s09_T3_test,11,245,118.16666666666667,-0.4181598722934723,-0.23929982576921577
UBFC_PHYS_s09_T3_test,11,246,118.2,-0.2771829664707184,-0.31490842415834625
UBFC_PHYS_s09_T3_test,11,247,118.23333333333333,-0.046366699039936066,-0.3383681934138953
UBFC_PHYS_s09_T3_test,11,248,118.26666666666667,0.1326698213815689,-0.3206237603965789
UBFC_PHYS_s09_T3_test,11,249,118.3,0.1594678908586502,-0.2796270907782671
UBFC_PHYS_s09_T3_test,11,250,118.33333333333333,0.1303863674402237,-0.23692150198873868
UBFC_PHYS_s09_T3_test,11,251,118.36666666666666,0.24908021092414856,-0.21360853574770816
UBFC_PHYS_s09_T3_test,11,252,118.4,0.5769689083099365,-0.22579587707890378
UBFC_PHYS_s09_T3_test,11,253,118.43333333333334,0.9089379906654358,-0.2803583377564779
UBFC_PHYS_s09_T3_test,11,254,118.46666666666667,0.9944115877151489,-0.3718223924464352
UBFC_PHYS_s09_T3_test,11,255,118.5,0.8061439990997314,-0.4811061896131514
UBFC_PHYS_s09_T3_test,11,256,118.53333333333333,0.4944794178009033,-0.5772458461467378
UBFC_PHYS_s09_T3_test,11,257,118.56666666666666,0.22536998987197876,-0.623338916623902
UBFC_PHYS_s09_T3_test,11,258,118.6,0.08255723863840103,-0.5857834582585508
UBFC_PHYS_s09_T3_test,11,259,118.63333333333334,0.04748167470097542,-0.4437610049768324
UBFC_PHYS_s09_T3_test,11,260,118.66666666666667,0.0703161433339119,-0.19705348889222937
UBFC_PHYS_s09_T3_test,11,261,118.7,0.12875811755657196,0.1284188528970565
UBFC_PHYS_s09_T3_test,11,262,118.73333333333333,0.168608158826828,0.4811824376355973
UBFC_PHYS_s09_T3_test,11,263,118.76666666666667,0.15130066871643066,0.7970118161530306
UBFC_PHYS_s09_T3_test,11,264,118.8,0.1994801014661789,1.0195551237517495
UBFC_PHYS_s09_T3_test,11,265,118.83333333333333,0.42311519384384155,1.1147317742126788
UBFC_PHYS_s09_T3_test,11,266,118.86666666666666,0.7124512791633606,1.0743913122946347
UBFC_PHYS_s09_T3_test,11,267,118.9,0.9022822976112366,0.9150463003811715
UBFC_PHYS_s09_T3_test,11,268,118.93333333333334,0.9602506756782532,0.6737814960233433
UBFC_PHYS_s09_T3_test,11,269,118.96666666666667,0.9109295606613159,0.3991069324545114
UBFC_PHYS_s09_T3_test,11,270,119.0,0.7709192037582397,0.13854448329762437
UBFC_PHYS_s09_T3_test,11,271,119.03333333333333,0.5991741418838501,-0.07137760382229744
UBFC_PHYS_s09_T3_test,11,272,119.06666666666666,0.44901806116104126,-0.21015229732268784
UBFC_PHYS_s09_T3_test,11,273,119.1,0.3089493215084076,-0.2742469766719601
UBFC_PHYS_s09_T3_test,11,274,119.13333333333334,0.15911757946014404,-0.27533760139630326
UBFC_PHYS_s09_T3_test,11,275,119.16666666666667,-0.0005874794442206621,-0.23715045707421262
UBFC_PHYS_s09_T3_test,11,276,119.2,-0.1720925122499466,-0.19019506868739308
UBFC_PHYS_s09_T3_test,11,277,119.23333333333333,-0.38517314195632935,-0.16203150797003618
UBFC_PHYS_s09_T3_test,11,278,119.26666666666667,-0.7248034477233887,-0.16631968534323494
UBFC_PHYS_s09_T3_test,11,279,119.3,-1.1940388679504395,-0.19891472799679158
UBFC_PHYS_s09_T3_test,11,280,119.33333333333333,-1.558618426322937,-0.24266514515773552
UBFC_PHYS_s09_T3_test,11,281,119.36666666666666,-1.5791499614715576,-0.2756045296178183
UBFC_PHYS_s09_T3_test,11,282,119.4,-1.2749779224395752,-0.27878944217163376
UBFC_PHYS_s09_T3_test,11,283,119.43333333333334,-0.7957849502563477,-0.24241779047891537
UBFC_PHYS_s09_T3_test,11,284,119.46666666666667,-0.27052074670791626,-0.16941101203962186
UBFC_PHYS_s09_T3_test,11,285,119.5,0.12636439502239227,-0.07614514839782562
UBFC_PHYS_s09_T3_test,11,286,119.53333333333333,0.2929457426071167,0.011208520560792311
UBFC_PHYS_s09_T3_test,11,287,119.56666666666666,0.424055814743042,0.06702303396427312
UBFC_PHYS_s09_T3_test,11,288,119.6,0.7692844867706299,0.07861161526804152
UBFC_PHYS_s09_T3_test,11,289,119.63333333333334,1.354424238204956,0.05014880576995975
UBFC_PHYS_s09_T3_test,11,290,119.66666666666667,1.9991153478622437,-0.003230990442931205
UBFC_PHYS_s09_T3_test,11,291,119.7,2.4543709754943848,-0.06307298364231126
UBFC_PHYS_s09_T3_test,11,292,119.73333333333333,2.5012075901031494,-0.11281668607838376
UBFC_PHYS_s09_T3_test,11,293,119.76666666666667,2.069967031478882,-0.14133420758279616
UBFC_PHYS_s09_T3_test,11,294,119.8,1.337278962135315,-0.1451052373499719
UBFC_PHYS_s09_T3_test,11,295,119.83333333333333,0.6070559620857239,-0.12862327183216543
UBFC_PHYS_s09_T3_test,11,296,119.86666666666666,0.1053008884191513,-0.10232743109727682
UBFC_PHYS_s09_T3_test,11,297,119.9,-0.14083783328533173,-0.07727587313294866
UBFC_PHYS_s09_T3_test,11,298,119.93333333333334,-0.25484800338745117,-0.05893679961117098
UBFC_PHYS_s09_T3_test,11,299,119.96666666666667,-0.3341199457645416,-0.04512197529969917
UBFC_PHYS_s09_T3_test,12,0,120.0,-0.39120611548423767,0.002411635449635734
UBFC_PHYS_s09_T3_test,12,1,120.03333333333333,-0.45199641585350037,0.14321498716167105
UBFC_PHYS_s09_T3_test,12,2,120.06666666666666,-0.5579366683959961,0.27702459284497866
UBFC_PHYS_s09_T3_test,12,3,120.1,-0.6750087738037109,0.3946688609102536
UBFC_PHYS_s09_T3_test,12,4,120.13333333333334,-0.7200354933738708,0.47979274771167946
UBFC_PHYS_s09_T3_test,12,5,120.16666666666667,-0.667392909526825,0.5126758061573381
UBFC_PHYS_s09_T3_test,12,6,120.2,-0.5841639041900635,0.4787600042706011
UBFC_PHYS_s09_T3_test,12,7,120.23333333333333,-0.558228611946106,0.3758722954879818
UBFC_PHYS_s09_T3_test,12,8,120.26666666666667,-0.6395958662033081,0.2170991484017254
UBFC_PHYS_s09_T3_test,12,9,120.3,-0.8623227477073669,0.02987510865068566
UBFC_PHYS_s09_T3_test,12,10,120.33333333333333,-1.1875582933425903,-0.1486705373846957
UBFC_PHYS_s09_T3_test,12,11,120.36666666666666,-1.392270565032959,-0.2805681177987293
UBFC_PHYS_s09_T3_test,12,12,120.4,-1.2333309650421143,-0.3380945667867558
UBFC_PHYS_s09_T3_test,12,13,120.43333333333334,-0.7730283141136169,-0.3129112177612497
UBFC_PHYS_s09_T3_test,12,14,120.46666666666667,-0.3039940297603607,-0.21978269156882582
UBFC_PHYS_s09_T3_test,12,15,120.5,0.00920798908919096,-0.09280747175506127
UBFC_PHYS_s09_T3_test,12,16,120.53333333333333,0.17388863861560822,0.025190080420959354
UBFC_PHYS_s09_T3_test,12,17,120.56666666666666,0.20930151641368866,0.09676477635555047
UBFC_PHYS_s09_T3_test,12,18,120.6,0.14551420509815216,0.1022144101123168
UBFC_PHYS_s09_T3_test,12,19,120.63333333333334,0.052366435527801514,0.04409320731271156
UBFC_PHYS_s09_T3_test,12,20,120.66666666666667,-0.04700243100523949,-0.05677923609944639
UBFC_PHYS_s09_T3_test,12,21,120.7,-0.1664293110370636,-0.16901928749824083
UBFC_PHYS_s09_T3_test,12,22,120.73333333333333,-0.2718895375728607,-0.25888169736582334
UBFC_PHYS_s09_T3_test,12,23,120.76666666666667,-0.3132835030555725,-0.2980124177527433
UBFC_PHYS_s09_T3_test,12,24,120.8,-0.3189661502838135,-0.26956467554561414
UBFC_PHYS_s09_T3_test,12,25,120.83333333333333,-0.37930235266685486,-0.17126522515598627
UBFC_PHYS_s09_T3_test,12,26,120.86666666666666,-0.516581654548645,-0.015684880378867328
UBFC_PHYS_s09_T3_test,12,27,120.9,-0.5892238020896912,0.17059876121939185
UBFC_PHYS_s09_T3_test,12,28,120.93333333333334,-0.423479288816452,0.35041226114574775
UBFC_PHYS_s09_T3_test,12,29,120.96666666666667,-0.056914668530225754,0.4860666634554959
UBFC_PHYS_s09_T3_test,12,30,121.0,0.3056020140647888,0.5526090112521187
UBFC_PHYS_s09_T3_test,12,31,121.03333333333333,0.5484712719917297,0.5438132410517353
UBFC_PHYS_s09_T3_test,12,32,121.06666666666666,0.6825588941574097,0.46878846935298135
UBFC_PHYS_s09_T3_test,12,33,121.1,0.7022017240524292,0.3458047914998435
UBFC_PHYS_s09_T3_test,12,34,121.13333333333334,0.6235071420669556,0.1971666199273982
UBFC_PHYS_s09_T3_test,12,35,121.16666666666667,0.519902229309082,0.04524211347776389
UBFC_PHYS_s09_T3_test,12,36,121.2,0.43114617466926575,-0.09059986194700596
UBFC_PHYS_s09_T3_test,12,37,121.23333333333333,0.3331136405467987,-0.1964737859687224
UBFC_PHYS_s09_T3_test,12,38,121.26666666666667,0.22143882513046265,-0.2656419020217387
UBFC_PHYS_s09_T3_test,12,39,121.3,0.12416527420282364,-0.2985189803463408
UBFC_PHYS_s09_T3_test,12,40,121.33333333333333,0.0136191938072443,-0.3011075291289282
UBFC_PHYS_s09_T3_test,12,41,121.36666666666666,-0.18232910335063934,-0.2828630599313343
UBFC_PHYS_s09_T3_test,12,42,121.4,-0.44380974769592285,-0.25455592567635077
UBFC_PHYS_s09_T3_test,12,43,121.43333333333334,-0.5938944816589355,-0.22618335272524925
UBFC_PHYS_s09_T3_test,12,44,121.46666666666667,-0.46388721466064453,-0.20500805387990267
UBFC_PHYS_s09_T3_test,12,45,121.5,-0.11232718080282211,-0.19389799961292195
UBFC_PHYS_s09_T3_test,12,46,121.53333333333333,0.23711156845092773,-0.19036636302064702
UBFC_PHYS_s09_T3_test,12,47,121.56666666666666,0.45870324969291687,-0.18688380350852707
UBFC_PHYS_s09_T3_test,12,48,121.6,0.5533819794654846,-0.1727339671036788
UBFC_PHYS_s09_T3_test,12,49,121.63333333333334,0.5336872339248657,-0.13727729414231443
UBFC_PHYS_s09_T3_test,12,50,121.66666666666667,0.44131141901016235,-0.07382926255909723
UBFC_PHYS_s09_T3_test,12,51,121.7,0.3558118939399719,0.017200994919500258
UBFC_PHYS_s09_T3_test,12,52,121.73333333333333,0.2965201139450073,0.12695903826869498
UBFC_PHYS_s09_T3_test,12,53,121.76666666666667,0.21350513398647308,0.23913634155179575
UBFC_PHYS_s09_T3_test,12,54,121.8,0.10032530874013901,0.33324592891254873
UBFC_PHYS_s09_T3_test,12,55,121.83333333333333,0.00032070971792563796,0.38948592152517253
UBFC_PHYS_s09_T3_test,12,56,121.86666666666666,-0.09839296340942383,0.3937092253619691
UBFC_PHYS_s09_T3_test,12,57,121.9,-0.269729346036911,0.3404856572845793
UBFC_PHYS_s09_T3_test,12,58,121.93333333333334,-0.5162767171859741,0.23372893942991077
UBFC_PHYS_s09_T3_test,12,59,121.96666666666667,-0.6748530864715576,0.0858724937340686
UBFC_PHYS_s09_T3_test,12,60,122.0,-0.5578912496566772,-0.08395823560792028
UBFC_PHYS_s09_T3_test,12,61,122.03333333333333,-0.1976385861635208,-0.2529744911583974
UBFC_PHYS_s09_T3_test,12,62,122.06666666666666,0.16275034844875336,-0.39838464310836863
UBFC_PHYS_s09_T3_test,12,63,122.1,0.37899017333984375,-0.5003986874432741
UBFC_PHYS_s09_T3_test,12,64,122.13333333333334,0.46310147643089294,-0.5442831474838536
UBFC_PHYS_s09_T3_test,12,65,122.16666666666667,0.4548693895339966,-0.5221303736780204
UBFC_PHYS_s09_T3_test,12,66,122.2,0.3814617395401001,-0.4345174607685599
UBFC_PHYS_s09_T3_test,12,67,122.23333333333333,0.29175859689712524,-0.2916044573842232
UBFC_PHYS_s09_T3_test,12,68,122.26666666666667,0.22156207263469696,-0.11289629522665545
UBFC_PHYS_s09_T3_test,12,69,122.3,0.1583002209663391,0.0752349850151276
UBFC_PHYS_s09_T3_test,12,70,122.33333333333333,0.08478230237960815,0.24474393654811444
UBFC_PHYS_s09_T3_test,12,71,122.36666666666666,-0.00030204857466742396,0.3735979219701646
UBFC_PHYS_s09_T3_test,12,72,122.4,-0.12188263237476349,0.45252543954015867
UBFC_PHYS_s09_T3_test,12,73,122.43333333333334,-0.32660791277885437,0.4849488494250892
UBFC_PHYS_s09_T3_test,12,74,122.46666666666667,-0.5709367394447327,0.4808046754826677
UBFC_PHYS_s09_T3_test,12,75,122.5,-0.6529592275619507,0.45131573985528284
UBFC_PHYS_s09_T3_test,12,76,122.53333333333333,-0.41706356406211853,0.4070256056331336
UBFC_PHYS_s09_T3_test,12,77,122.56666666666666,-0.028144532814621925,0.35615616557901597
UBFC_PHYS_s09_T3_test,12,78,122.6,0.26699098944664,0.3029141617728973
UBFC_PHYS_s09_T3_test,12,79,122.63333333333334,0.4109973609447479,0.24814017274033756
UBFC_PHYS_s09_T3_test,12,80,122.66666666666667,0.4537017047405243,0.19185540419534391
UBFC_PHYS_s09_T3_test,12,81,122.7,0.4109065532684326,0.13452848393851388
UBFC_PHYS_s09_T3_test,12,82,122.73333333333333,0.31604617834091187,0.07646513480184468
UBFC_PHYS_s09_T3_test,12,83,122.76666666666667,0.22308005392551422,0.01743378734656058
UBFC_PHYS_s09_T3_test,12,84,122.8,0.13270874321460724,-0.042764839862937526
UBFC_PHYS_s09_T3_test,12,85,122.83333333333333,0.03249655291438103,-0.10369720972859559
UBFC_PHYS_s09_T3_test,12,86,122.86666666666666,-0.06048903986811638,-0.1640441721711781
UBFC_PHYS_s09_T3_test,12,87,122.9,-0.15136633813381195,-0.22144439490530526
UBFC_PHYS_s09_T3_test,12,88,122.93333333333334,-0.29510024189949036,-0.27267680486189827
UBFC_PHYS_s09_T3_test,12,89,122.96666666666667,-0.5302368998527527,-0.3148461939299996
UBFC_PHYS_s09_T3_test,12,90,123.0,-0.7571738958358765,-0.3468146470529884
UBFC_PHYS_s09_T3_test,12,91,123.03333333333333,-0.7443684339523315,-0.36889079589724577
UBFC_PHYS_s09_T3_test,12,92,123.06666666666666,-0.43718644976615906,-0.38094468362791123
UBFC_PHYS_s09_T3_test,12,93,123.1,-0.048980988562107086,-0.3812340190746236
UBFC_PHYS_s09_T3_test,12,94,123.13333333333334,0.2226843386888504,-0.36702828690945666
UBFC_PHYS_s09_T3_test,12,95,123.16666666666667,0.3734242916107178,-0.33661843896041854
UBFC_PHYS_s09_T3_test,12,96,123.2,0.44062379002571106,-0.29150517106623486
UBFC_PHYS_s09_T3_test,12,97,123.23333333333333,0.420559287071228,-0.23705986637571025
UBFC_PHYS_s09_T3_test,12,98,123.26666666666667,0.34982433915138245,-0.18090514878268793
UBFC_PHYS_s09_T3_test,12,99,123.3,0.2769745886325836,-0.12942903974061043
UBFC_PHYS_s09_T3_test,12,100,123.33333333333333,0.19061876833438873,-0.08417458219019296
UBFC_PHYS_s09_T3_test,12,101,123.36666666666666,0.0876755341887474,-0.04077700008394048
UBFC_PHYS_s09_T3_test,12,102,123.4,0.0021435751114040613,0.008831329108585115
UBFC_PHYS_s09_T3_test,12,103,123.43333333333334,-0.08430954813957214,0.07236169263705108
UBFC_PHYS_s09_T3_test,12,104,123.46666666666667,-0.25954464077949524,0.15301384750688082
UBFC_PHYS_s09_T3_test,12,105,123.5,-0.54903644323349,0.24695309682437794
UBFC_PHYS_s09_T3_test,12,106,123.53333333333333,-0.7951037883758545,0.34319580980015557
UBFC_PHYS_s09_T3_test,12,107,123.56666666666666,-0.7817988395690918,0.42560454688988875
UBFC_PHYS_s09_T3_test,12,108,123.6,-0.50044184923172,0.47652994958357714
UBFC_PHYS_s09_T3_test,12,109,123.63333333333334,-0.1544671654701233,0.48153082746858683
UBFC_PHYS_s09_T3_test,12,110,123.66666666666667,0.10220007598400116,0.43401823268583445
UBFC_PHYS_s09_T3_test,12,111,123.7,0.2659011781215668,0.3382293692746107
UBFC_PHYS_s09_T3_test,12,112,123.73333333333333,0.33361315727233887,0.20928257858618665
UBFC_PHYS_s09_T3_test,12,113,123.76666666666667,0.28078898787498474,0.06967086490781568
UBFC_PHYS_s09_T3_test,12,114,123.8,0.17593206465244293,-0.05653879849500376
UBFC_PHYS_s09_T3_test,12,115,123.83333333333333,0.09895654022693634,-0.14887363473186857
UBFC_PHYS_s09_T3_test,12,116,123.86666666666666,0.017783889546990395,-0.19387277742710052
UBFC_PHYS_s09_T3_test,12,117,123.9,-0.12427635490894318,-0.18756383671527435
UBFC_PHYS_s09_T3_test,12,118,123.93333333333334,-0.2773321866989136,-0.13708021003808551
UBFC_PHYS_s09_T3_test,12,119,123.96666666666667,-0.32749664783477783,-0.060623855358951026
UBFC_PHYS_s09_T3_test,12,120,124.0,-0.22958089411258698,0.01544590956441394
UBFC_PHYS_s09_T3_test,12,121,124.03333333333333,-0.061306413263082504,0.06364074766194197
UBFC_PHYS_s09_T3_test,12,122,124.06666666666666,0.0375240296125412,0.06467453363138705
UBFC_PHYS_s09_T3_test,12,123,124.1,0.03513030335307121,0.014477545824811533
UBFC_PHYS_s09_T3_test,12,124,124.13333333333334,0.03734239190816879,-0.07412488515104268
UBFC_PHYS_s09_T3_test,12,125,124.16666666666667,0.07991700619459152,-0.1758395666931838
UBFC_PHYS_s09_T3_test,12,126,124.2,0.08827883005142212,-0.2615306982608838
UBFC_PHYS_s09_T3_test,12,127,124.23333333333333,0.10037720948457718,-0.30686699842648024
UBFC_PHYS_s09_T3_test,12,128,124.26666666666667,0.20575958490371704,-0.29816189593718334
UBFC_PHYS_s09_T3_test,12,129,124.3,0.30147624015808105,-0.23442986187560896
UBFC_PHYS_s09_T3_test,12,130,124.33333333333333,0.3058615028858185,-0.12621642116493179
UBFC_PHYS_s09_T3_test,12,131,124.36666666666666,0.3408137857913971,0.006989588370801155
UBFC_PHYS_s09_T3_test,12,132,124.4,0.4600849747657776,0.14047515785749304
UBFC_PHYS_s09_T3_test,12,133,124.43333333333334,0.5396164059638977,0.2503528822789828
UBFC_PHYS_s09_T3_test,12,134,124.46666666666667,0.505468487739563,0.32031051513248027
UBFC_PHYS_s09_T3_test,12,135,124.5,0.39230164885520935,0.3448409658429818
UBFC_PHYS_s09_T3_test,12,136,124.53333333333333,0.19248704612255096,0.3278343723537933
UBFC_PHYS_s09_T3_test,12,137,124.56666666666666,-0.13481783866882324,0.27873313436569847
UBFC_PHYS_s09_T3_test,12,138,124.6,-0.5550304651260376,0.20832655139843975
UBFC_PHYS_s09_T3_test,12,139,124.63333333333334,-0.935140073299408,0.12565234455125587
UBFC_PHYS_s09_T3_test,12,140,124.66666666666667,-1.1071511507034302,0.03693188347606075
UBFC_PHYS_s09_T3_test,12,141,124.7,-0.9890151619911194,-0.05322602117058561
UBFC_PHYS_s09_T3_test,12,142,124.73333333333333,-0.6818850636482239,-0.13953059492837297
UBFC_PHYS_s09_T3_test,12,143,124.76666666666667,-0.3733212947845459,-0.21489662624851177
UBFC_PHYS_s09_T3_test,12,144,124.8,-0.14936183393001556,-0.27132244172528475
UBFC_PHYS_s09_T3_test,12,145,124.83333333333333,-0.03720696270465851,-0.3019021123538175
UBFC_PHYS_s09_T3_test,12,146,124.86666666666666,-0.1198197454214096,-0.3028253437267493
UBFC_PHYS_s09_T3_test,12,147,124.9,-0.3992435932159424,-0.2742116797816204
UBFC_PHYS_s09_T3_test,12,148,124.93333333333334,-0.7151312232017517,-0.21953627041823603
UBFC_PHYS_s09_T3_test,12,149,124.96666666666667,-0.9518961906433105,-0.14435479420217512
UBFC_PHYS_s09_T3_test,12,150,125.0,-1.1601179838180542,-0.05510312844802592
UBFC_PHYS_s09_T3_test,12,151,125.03333333333333,-1.3830718994140625,0.04137824134686682
UBFC_PHYS_s09_T3_test,12,152,125.06666666666666,-1.543224573135376,0.1375408868407541
UBFC_PHYS_s09_T3_test,12,153,125.1,-1.5884978771209717,0.2245887719926602
UBFC_PHYS_s09_T3_test,12,154,125.13333333333334,-1.539741039276123,0.29261464677432136
UBFC_PHYS_s09_T3_test,12,155,125.16666666666667,-1.3704286813735962,0.33242970645638675
UBFC_PHYS_s09_T3_test,12,156,125.2,-1.0204060077667236,0.33845389380070606
UBFC_PHYS_s09_T3_test,12,157,125.23333333333333,-0.4823493957519531,0.3105080881124798
UBFC_PHYS_s09_T3_test,12,158,125.26666666666667,0.22589543461799622,0.2535436137381588
UBFC_PHYS_s09_T3_test,12,159,125.3,0.9971556067466736,0.17576976363460337
UBFC_PHYS_s09_T3_test,12,160,125.33333333333333,1.5909491777420044,0.0863237316948991
UBFC_PHYS_s09_T3_test,12,161,125.36666666666666,1.869905948638916,-0.0059754145579675195
UBFC_PHYS_s09_T3_test,12,162,125.4,1.9336867332458496,-0.09278907535527578
UBFC_PHYS_s09_T3_test,12,163,125.43333333333334,1.9125064611434937,-0.1668225001990552
UBFC_PHYS_s09_T3_test,12,164,125.46666666666667,1.8450216054916382,-0.22295856393002159
UBFC_PHYS_s09_T3_test,12,165,125.5,1.7742412090301514,-0.2587392510007657
UBFC_PHYS_s09_T3_test,12,166,125.53333333333333,1.7397884130477905,-0.2739299380056246
UBFC_PHYS_s09_T3_test,12,167,125.56666666666666,1.676591396331787,-0.2699285831299094
UBFC_PHYS_s09_T3_test,12,168,125.6,1.5043144226074219,-0.24945782087724255
UBFC_PHYS_s09_T3_test,12,169,125.63333333333334,1.2620160579681396,-0.21653932676928586
UBFC_PHYS_s09_T3_test,12,170,125.66666666666667,1.0452572107315063,-0.17655241671407979
UBFC_PHYS_s09_T3_test,12,171,125.7,0.8817507028579712,-0.13604426019537078
UBFC_PHYS_s09_T3_test,12,172,125.73333333333333,0.7840555310249329,-0.10205256255453699
UBFC_PHYS_s09_T3_test,12,173,125.76666666666667,0.8262993097305298,-0.08087698820385666
UBFC_PHYS_s09_T3_test,12,174,125.8,1.0575437545776367,-0.0763683309435276
UBFC_PHYS_s09_T3_test,12,175,125.83333333333333,1.429875373840332,-0.08797319243837465
UBFC_PHYS_s09_T3_test,12,176,125.86666666666666,1.7736314535140991,-0.1092723354557837
UBFC_PHYS_s09_T3_test,12,177,125.9,1.8114705085754395,-0.12810984408913473
UBFC_PHYS_s09_T3_test,12,178,125.93333333333334,1.481869101524353,-0.12869617806962835
UBFC_PHYS_s09_T3_test,12,179,125.96666666666667,1.168628215789795,-0.0952303137572719
UBFC_PHYS_s09_T3_test,12,180,126.0,1.227186918258667,-0.016470529174102955
UBFC_PHYS_s09_T3_test,12,181,126.03333333333333,1.5024980306625366,0.10942034560258894
UBFC_PHYS_s09_T3_test,12,182,126.06666666666666,1.6593682765960693,0.27114341253237867
UBFC_PHYS_s09_T3_test,12,183,126.1,1.5958209037780762,0.44353953205132596
UBFC_PHYS_s09_T3_test,12,184,126.13333333333334,1.266719102859497,0.5918097449600938
UBFC_PHYS_s09_T3_test,12,185,126.16666666666667,0.6323879361152649,0.6820663969195699
UBFC_PHYS_s09_T3_test,12,186,126.2,-0.17254012823104858,0.6938744884435943
UBFC_PHYS_s09_T3_test,12,187,126.23333333333333,-0.8889002799987793,0.6256295674190021
UBFC_PHYS_s09_T3_test,12,188,126.26666666666667,-1.3373056650161743,0.4912806703888609
UBFC_PHYS_s09_T3_test,12,189,126.3,-1.514233946800232,0.31479581081506064
UBFC_PHYS_s09_T3_test,12,190,126.33333333333333,-1.540000557899475,0.12523396679040705
UBFC_PHYS_s09_T3_test,12,191,126.36666666666666,-1.5167185068130493,-0.04891580574546274
UBFC_PHYS_s09_T3_test,12,192,126.4,-1.4535149335861206,-0.18588777091519126
UBFC_PHYS_s09_T3_test,12,193,126.43333333333334,-1.343948483467102,-0.27526589378114963
UBFC_PHYS_s09_T3_test,12,194,126.46666666666667,-1.2273824214935303,-0.3196905815870945
UBFC_PHYS_s09_T3_test,12,195,126.5,-1.11691415309906,-0.3331173081031063
UBFC_PHYS_s09_T3_test,12,196,126.53333333333333,-1.010461449623108,-0.33622474663485186
UBFC_PHYS_s09_T3_test,12,197,126.56666666666666,-0.9761383533477783,-0.35058721009762694
UBFC_PHYS_s09_T3_test,12,198,126.6,-1.0352743864059448,-0.3926195743282075
UBFC_PHYS_s09_T3_test,12,199,126.63333333333334,-1.0711413621902466,-0.4676550104119197
UBFC_PHYS_s09_T3_test,12,200,126.66666666666667,-1.0011849403381348,-0.5660765509453637
UBFC_PHYS_s09_T3_test,12,201,126.7,-0.8888678550720215,-0.6646483121178077
UBFC_PHYS_s09_T3_test,12,202,126.73333333333333,-0.8076108694076538,-0.7329201042417013
UBFC_PHYS_s09_T3_test,12,203,126.76666666666667,-0.7473265528678894,-0.7412885623771553
UBFC_PHYS_s09_T3_test,12,204,126.8,-0.6933996081352234,-0.6683643737861681
UBFC_PHYS_s09_T3_test,12,205,126.83333333333333,-0.6959360241889954,-0.5067418492948916
UBFC_PHYS_s09_T3_test,12,206,126.86666666666666,-0.8162192106246948,-0.2664830482115588
UBFC_PHYS_s09_T3_test,12,207,126.9,-1.0122712850570679,0.024218855379893312
UBFC_PHYS_s09_T3_test,12,208,126.93333333333334,-1.1144295930862427,0.322911657411471
UBFC_PHYS_s09_T3_test,12,209,126.96666666666667,-0.9839876890182495,0.583658414483817
UBFC_PHYS_s09_T3_test,12,210,127.0,-0.675534188747406,0.7709926410222474
UBFC_PHYS_s09_T3_test,12,211,127.03333333333333,-0.36679530143737793,0.8679466390862726
UBFC_PHYS_s09_T3_test,12,212,127.06666666666666,-0.15115875005722046,0.8754965238513504
UBFC_PHYS_s09_T3_test,12,213,127.1,-0.03681774064898491,0.807708670083915
UBFC_PHYS_s09_T3_test,12,214,127.13333333333334,-0.07418972253799438,0.6855603855968787
UBFC_PHYS_s09_T3_test,12,215,127.16666666666667,-0.3110908567905426,0.5303698087665049
UBFC_PHYS_s09_T3_test,12,216,127.2,-0.6680221557617188,0.3590887388279244
UBFC_PHYS_s09_T3_test,12,217,127.23333333333333,-0.9772670865058899,0.1846142344002783
UBFC_PHYS_s09_T3_test,12,218,127.26666666666667,-1.093392014503479,0.019445833076429962
UBFC_PHYS_s09_T3_test,12,219,127.3,-0.968717098236084,-0.12329532120995079
UBFC_PHYS_s09_T3_test,12,220,127.33333333333333,-0.7333015203475952,-0.2325475645217135
UBFC_PHYS_s09_T3_test,12,221,127.36666666666666,-0.6401796936988831,-0.3015509103092841
UBFC_PHYS_s09_T3_test,12,222,127.4,-0.8110424876213074,-0.32805834017186375
UBFC_PHYS_s09_T3_test,12,223,127.43333333333334,-1.0741838216781616,-0.3138960047671654
UBFC_PHYS_s09_T3_test,12,224,127.46666666666667,-1.1419477462768555,-0.264335203188053
UBFC_PHYS_s09_T3_test,12,225,127.5,-0.8050484657287598,-0.1866930579856046
UBFC_PHYS_s09_T3_test,12,226,127.53333333333333,0.12476208806037903,-0.08920744292920532
UBFC_PHYS_s09_T3_test,12,227,127.56666666666666,1.565857172012329,0.017422181901496907
UBFC_PHYS_s09_T3_test,12,228,127.6,2.9701900482177734,0.11785012534148225
UBFC_PHYS_s09_T3_test,12,229,127.63333333333334,3.725355863571167,0.1951124161444187
UBFC_PHYS_s09_T3_test,12,230,127.66666666666667,3.6697940826416016,0.23771361327333124
UBFC_PHYS_s09_T3_test,12,231,127.7,3.023552656173706,0.24284893510232364
UBFC_PHYS_s09_T3_test,12,232,127.73333333333333,2.3523101806640625,0.21410917354386413
UBFC_PHYS_s09_T3_test,12,233,127.76666666666667,2.39963960647583,0.15867762574877214
UBFC_PHYS_s09_T3_test,12,234,127.8,3.0870351791381836,0.08594101936755898
UBFC_PHYS_s09_T3_test,12,235,127.83333333333333,3.4194259643554688,0.0058558507396490305
UBFC_PHYS_s09_T3_test,12,236,127.86666666666666,2.8902759552001953,-0.07299097089160227
UBFC_PHYS_s09_T3_test,12,237,127.9,1.9040279388427734,-0.14399100571934964
UBFC_PHYS_s09_T3_test,12,238,127.93333333333334,0.920906662940979,-0.2019864671164049
UBFC_PHYS_s09_T3_test,12,239,127.96666666666667,0.050472211092710495,-0.24354287306653855
UBFC_PHYS_s09_T3_test,12,240,128.0,-0.7152350544929504,-0.26827289260241727
UBFC_PHYS_s09_T3_test,12,241,128.03333333333333,-1.3845510482788086,-0.27968258102953436
UBFC_PHYS_s09_T3_test,12,242,128.06666666666666,-1.9146934747695923,-0.2842411121226516
UBFC_PHYS_s09_T3_test,12,243,128.1,-2.197594404220581,-0.28799434940787355
UBFC_PHYS_s09_T3_test,12,244,128.13333333333333,-2.195369243621826,-0.292609347720088
UBFC_PHYS_s09_T3_test,12,245,128.16666666666666,-1.9931221008300781,-0.29485025182945757
UBFC_PHYS_s09_T3_test,12,246,128.2,-1.7372592687606812,-0.28939130915219935
UBFC_PHYS_s09_T3_test,12,247,128.23333333333332,-1.528557300567627,-0.2708373593858324
UBFC_PHYS_s09_T3_test,12,248,128.26666666666668,-1.3403611183166504,-0.23384182470821258
UBFC_PHYS_s09_T3_test,12,249,128.3,-1.1236282587051392,-0.1734998556373026
UBFC_PHYS_s09_T3_test,12,250,128.33333333333334,-0.9336221218109131,-0.08695431696748959
UBFC_PHYS_s09_T3_test,12,251,128.36666666666667,-0.8503411412239075,0.024416584139660642
UBFC_PHYS_s09_T3_test,12,252,128.4,-0.8946478366851807,0.15311070733584883
UBFC_PHYS_s09_T3_test,12,253,128.43333333333334,-1.0370519161224365,0.2848650940173953
UBFC_PHYS_s09_T3_test,12,254,128.46666666666667,-1.2333050966262817,0.40072209278452026
UBFC_PHYS_s09_T3_test,12,255,128.5,-1.4533982276916504,0.4833055225239785
UBFC_PHYS_s09_T3_test,12,256,128.53333333333333,-1.6266158819198608,0.5242451067837502
UBFC_PHYS_s09_T3_test,12,257,128.56666666666666,-1.610502004623413,0.525819563539079
UBFC_PHYS_s09_T3_test,12,258,128.6,-1.3464200496673584,0.4963669111056501
UBFC_PHYS_s09_T3_test,12,259,128.63333333333333,-0.9348611235618591,0.445558810145284
UBFC_PHYS_s09_T3_test,12,260,128.66666666666666,-0.48646867275238037,0.3821968250199464
UBFC_PHYS_s09_T3_test,12,261,128.7,-0.0223969928920269,0.3131107837272859
UBFC_PHYS_s09_T3_test,12,262,128.73333333333332,0.5016865134239197,0.24247751643374416
UBFC_PHYS_s09_T3_test,12,263,128.76666666666668,1.1340457201004028,0.17189615127722438
UBFC_PHYS_s09_T3_test,12,264,128.8,1.7500509023666382,0.10102968485065142
UBFC_PHYS_s09_T3_test,12,265,128.83333333333334,2.064375162124634,0.02814998705766757
UBFC_PHYS_s09_T3_test,12,266,128.86666666666667,1.9666410684585571,-0.04955634789562423
UBFC_PHYS_s09_T3_test,12,267,128.9,1.625596523284912,-0.1355237593765029
UBFC_PHYS_s09_T3_test,12,268,128.93333333333334,1.1996299028396606,-0.2328467390255364
UBFC_PHYS_s09_T3_test,12,269,128.96666666666667,0.6921662092208862,-0.34267583532544915
UBFC_PHYS_s09_T3_test,12,270,129.0,0.11692570894956589,-0.4624078418643701
UBFC_PHYS_s09_T3_test,12,271,129.03333333333333,-0.40954506397247314,-0.5846272985291597
UBFC_PHYS_s09_T3_test,12,272,129.06666666666666,-0.7579588294029236,-0.6970264465548974
UBFC_PHYS_s09_T3_test,12,273,129.1,-0.8376265168190002,-0.7827876858852798
UBFC_PHYS_s09_T3_test,12,274,129.13333333333333,-0.6385514140129089,-0.8219596169376991
UBFC_PHYS_s09_T3_test,12,275,129.16666666666666,-0.2807638347148895,-0.795223673733515
UBFC_PHYS_s09_T3_test,12,276,129.2,0.06595683842897415,-0.6898810977593797
UBFC_PHYS_s09_T3_test,12,277,129.23333333333332,0.32329872250556946,-0.506196413316912
UBFC_PHYS_s09_T3_test,12,278,129.26666666666668,0.5293538570404053,-0.2611299670655793
UBFC_PHYS_s09_T3_test,12,279,129.3,0.7528592348098755,0.013953329754171335
UBFC_PHYS_s09_T3_test,12,280,129.33333333333334,0.9819110035896301,0.2806191013199453
UBFC_PHYS_s09_T3_test,12,281,129.36666666666667,1.1156678199768066,0.5005950944385347
UBFC_PHYS_s09_T3_test,12,282,129.4,1.0772968530654907,0.6415798970071075
UBFC_PHYS_s09_T3_test,12,283,129.43333333333334,0.8814393281936646,0.6842269721219773
UBFC_PHYS_s09_T3_test,12,284,129.46666666666667,0.5773192048072815,0.6291290139184448
UBFC_PHYS_s09_T3_test,12,285,129.5,0.20527954399585724,0.49889852841058074
UBFC_PHYS_s09_T3_test,12,286,129.53333333333333,-0.1569841355085373,0.33322727885907244
UBFC_PHYS_s09_T3_test,12,287,129.56666666666666,-0.38050246238708496,0.17818512739284217
UBFC_PHYS_s09_T3_test,12,288,129.6,-0.37495601177215576,0.07320052813550958
UBFC_PHYS_s09_T3_test,12,289,129.63333333333333,-0.16803810000419617,0.04073418356485881
UBFC_PHYS_s09_T3_test,12,290,129.66666666666666,0.13541384041309357,0.08152789311638627
UBFC_PHYS_s09_T3_test,12,291,129.7,0.45648467540740967,0.17573820874969345
UBFC_PHYS_s09_T3_test,12,292,129.73333333333332,0.7563233375549316,0.28971706877529935
UBFC_PHYS_s09_T3_test,12,293,129.76666666666668,0.9729005098342896,0.3876669731278736
UBFC_PHYS_s09_T3_test,12,294,129.8,1.0171422958374023,0.4436316900295984
UBFC_PHYS_s09_T3_test,12,295,129.83333333333334,0.8525264859199524,0.44643275872336957
UBFC_PHYS_s09_T3_test,12,296,129.86666666666667,0.5402197241783142,0.3968772782877308
UBFC_PHYS_s09_T3_test,12,297,129.9,0.19539324939250946,0.3032656049225931
UBFC_PHYS_s09_T3_test,12,298,129.93333333333334,-0.10977128148078918,0.17824314782418088
UBFC_PHYS_s09_T3_test,12,299,129.96666666666667,-0.3908039331436157,0.036289072246743895
UBFC_PHYS_s09_T3_test,13,0,130.0,-0.7051151990890503,-0.02816311627756006
UBFC_PHYS_s09_T3_test,13,1,130.03333333333333,-1.0274899005889893,-0.01274934616337604
UBFC_PHYS_s09_T3_test,13,2,130.06666666666666,-1.1750966310501099,0.0015934357506868979
UBFC_PHYS_s09_T3_test,13,3,130.1,-0.9867576360702515,0.01286931656189615
UBFC_PHYS_s09_T3_test,13,4,130.13333333333333,-0.5489521026611328,0.01753845549753542
UBFC_PHYS_s09_T3_test,13,5,130.16666666666666,-0.11508418619632721,0.01108618642708826
UBFC_PHYS_s09_T3_test,13,6,130.2,0.16193945705890656,-0.00992226570388576
UBFC_PHYS_s09_T3_test,13,7,130.23333333333332,0.2810419797897339,-0.0449337013261891
UBFC_PHYS_s09_T3_test,13,8,130.26666666666668,0.27293962240219116,-0.0871554880594668
UBFC_PHYS_s09_T3_test,13,9,130.3,0.17953237891197205,-0.12400159149283474
UBFC_PHYS_s09_T3_test,13,10,130.33333333333334,0.06554815173149109,-0.14063854650251378
UBFC_PHYS_s09_T3_test,13,11,130.36666666666667,-0.04579583927989006,-0.12524580285974105
UBFC_PHYS_s09_T3_test,13,12,130.4,-0.19060011208057404,-0.07411417385850712
UBFC_PHYS_s09_T3_test,13,13,130.43333333333334,-0.39066770672798157,0.005430269743704761
UBFC_PHYS_s09_T3_test,13,14,130.46666666666667,-0.6238777041435242,0.09580700896283835
UBFC_PHYS_s09_T3_test,13,15,130.5,-0.865962028503418,0.17436042196326723
UBFC_PHYS_s09_T3_test,13,16,130.53333333333333,-1.0476387739181519,0.22088297862658415
UBFC_PHYS_s09_T3_test,13,17,130.56666666666666,-1.0331920385360718,0.22310300601805974
UBFC_PHYS_s09_T3_test,13,18,130.6,-0.7966217398643494,0.17860552539075003
UBFC_PHYS_s09_T3_test,13,19,130.63333333333333,-0.510639488697052,0.094736290711263
UBFC_PHYS_s09_T3_test,13,20,130.66666666666666,-0.33337393403053284,-0.01267629228660301
UBFC_PHYS_s09_T3_test,13,21,130.7,-0.2489253133535385,-0.12193442459245593
UBFC_PHYS_s09_T3_test,13,22,130.73333333333332,-0.19420044124126434,-0.20937496114812534
UBFC_PHYS_s09_T3_test,13,23,130.76666666666668,-0.1788714975118637,-0.25421307437067975
UBFC_PHYS_s09_T3_test,13,24,130.8,-0.22354792058467865,-0.24354044635067798
UBFC_PHYS_s09_T3_test,13,25,130.83333333333334,-0.3066796660423279,-0.1762842894754189
UBFC_PHYS_s09_T3_test,13,26,130.86666666666667,-0.39686933159828186,-0.0650063765738438
UBFC_PHYS_s09_T3_test,13,27,130.9,-0.47564825415611267,0.0653349458245715
UBFC_PHYS_s09_T3_test,13,28,130.93333333333334,-0.5467140674591064,0.1825662810226797
UBFC_PHYS_s09_T3_test,13,29,130.96666666666667,-0.6403353810310364,0.25700369994889344
UBFC_PHYS_s09_T3_test,13,30,131.0,-0.7920094728469849,0.2719870092702366
UBFC_PHYS_s09_T3_test,13,31,131.03333333333333,-0.9834687113761902,0.22801811221083362
UBFC_PHYS_s09_T3_test,13,32,131.06666666666666,-1.0912448167800903,0.1392366795028622
UBFC_PHYS_s09_T3_test,13,33,131.1,-0.994775652885437,0.027142043101504927
UBFC_PHYS_s09_T3_test,13,34,131.13333333333333,-0.728715181350708,-0.08512509106865922
UBFC_PHYS_s09_T3_test,13,35,131.16666666666666,-0.4351235628128052,-0.1770023818521082
UBFC_PHYS_s09_T3_test,13,36,131.2,-0.20219898223876953,-0.23308596016855923
UBFC_PHYS_s09_T3_test,13,37,131.23333333333332,-0.05978843942284584,-0.24457011878530874
UBFC_PHYS_s09_T3_test,13,38,131.26666666666668,-0.04489413648843765,-0.21012760368076966
UBFC_PHYS_s09_T3_test,13,39,131.3,-0.14716272056102753,-0.13664047970977702
UBFC_PHYS_s09_T3_test,13,40,131.33333333333334,-0.2513774335384369,-0.03914363147033429
UBFC_PHYS_s09_T3_test,13,41,131.36666666666667,-0.20982128381729126,0.06152960209136574
UBFC_PHYS_s09_T3_test,13,42,131.4,-0.006536118686199188,0.14360621994738548
UBFC_PHYS_s09_T3_test,13,43,131.43333333333334,0.1808362752199173,0.19045903478967266
UBFC_PHYS_s09_T3_test,13,44,131.46666666666667,0.17588016390800476,0.19567495081974026
UBFC_PHYS_s09_T3_test,13,45,131.5,-0.010642430745065212,0.16433849411583473
UBFC_PHYS_s09_T3_test,13,46,131.53333333333333,-0.25903216004371643,0.11010056623362645
UBFC_PHYS_s09_T3_test,13,47,131.56666666666666,-0.45570701360702515,0.0500214654555147
UBFC_PHYS_s09_T3_test,13,48,131.6,-0.4872666001319885,-0.0006949854621825244
UBFC_PHYS_s09_T3_test,13,49,131.63333333333333,-0.28900888562202454,-0.03227132757219659
UBFC_PHYS_s09_T3_test,13,50,131.66666666666666,0.07125677168369293,-0.04158864424028561
UBFC_PHYS_s09_T3_test,13,51,131.7,0.46609848737716675,-0.031638438726646706
UBFC_PHYS_s09_T3_test,13,52,131.73333333333332,0.8220502734184265,-0.009789262042464358
UBFC_PHYS_s09_T3_test,13,53,131.76666666666668,1.0951557159423828,0.014662913644044961
UBFC_PHYS_s09_T3_test,13,54,131.8,1.2263306379318237,0.03293075443731156
UBFC_PHYS_s09_T3_test,13,55,131.83333333333334,1.2175211906433105,0.03828492417808701
UBFC_PHYS_s09_T3_test,13,56,131.86666666666667,1.1636266708374023,0.026908405650475597
UBFC_PHYS_s09_T3_test,13,57,131.9,1.1390471458435059,-0.0008267529989643278
UBFC_PHYS_s09_T3_test,13,58,131.93333333333334,1.1142860651016235,-0.03935772002121095
UBFC_PHYS_s09_T3_test,13,59,131.96666666666667,1.0370056629180908,-0.07954773315295136
UBFC_PHYS_s09_T3_test,13,60,132.0,0.9153212904930115,-0.11247299203031759
UBFC_PHYS_s09_T3_test,13,61,132.03333333333333,0.7749412059783936,-0.13220587405205264
UBFC_PHYS_s09_T3_test,13,62,132.06666666666666,0.596216082572937,-0.1365164051865197
UBFC_PHYS_s09_T3_test,13,63,132.1,0.3150017559528351,-0.12672746507105315
UBFC_PHYS_s09_T3_test,13,64,132.13333333333333,-0.0785425454378128,-0.10719757332041445
UBFC_PHYS_s09_T3_test,13,65,132.16666666666666,-0.43181514739990234,-0.08399536729483258
UBFC_PHYS_s09_T3_test,13,66,132.2,-0.5507100820541382,-0.06290300028345794
UBFC_PHYS_s09_T3_test,13,67,132.23333333333332,-0.4297327995300293,-0.04748206672117129
UBFC_PHYS_s09_T3_test,13,68,132.26666666666668,-0.21700246632099152,-0.03786773381997412
UBFC_PHYS_s09_T3_test,13,69,132.3,-0.03551384061574936,-0.03076647422314659
UBFC_PHYS_s09_T3_test,13,70,132.33333333333334,0.042097412049770355,-0.020662837458502715
UBFC_PHYS_s09_T3_test,13,71,132.36666666666667,-0.010071569122374058,-0.0017694435061295392
UBFC_PHYS_s09_T3_test,13,72,132.4,-0.11279425024986267,0.02966369918907738
UBFC_PHYS_s09_T3_test,13,73,132.43333333333334,-0.15736687183380127,0.07295597385274578
UBFC_PHYS_s09_T3_test,13,74,132.46666666666667,-0.14389324188232422,0.12175801389939699
UBFC_PHYS_s09_T3_test,13,75,132.5,-0.14833039045333862,0.1658842516705632
UBFC_PHYS_s09_T3_test,13,76,132.53333333333333,-0.18589699268341064,0.1954609383186454
UBFC_PHYS_s09_T3_test,13,77,132.56666666666666,-0.20926988124847412,0.20412274908288422
UBFC_PHYS_s09_T3_test,13,78,132.6,-0.22642818093299866,0.18994816949734897
UBFC_PHYS_s09_T3_test,13,79,132.63333333333333,-0.304798424243927,0.15505476378681005
UBFC_PHYS_s09_T3_test,13,80,132.66666666666666,-0.4657749533653259,0.1046392946651314
UBFC_PHYS_s09_T3_test,13,81,132.7,-0.6103975772857666,0.04587316063940831
UBFC_PHYS_s09_T3_test,13,82,132.73333333333332,-0.5813874006271362,-0.013259714332405637
UBFC_PHYS_s09_T3_test,13,83,132.76666666666668,-0.33382153511047363,-0.06539239415203353
UBFC_PHYS_s09_T3_test,13,84,132.8,-0.00972775463014841,-0.10515577813000919
UBFC_PHYS_s09_T3_test,13,85,132.83333333333334,0.24238555133342743,-0.1297059170569265
UBFC_PHYS_s09_T3_test,13,86,132.86666666666667,0.39790645241737366,-0.13844617695060094
UBFC_PHYS_s09_T3_test,13,87,132.9,0.47248175740242004,-0.1328076090559072
UBFC_PHYS_s09_T3_test,13,88,132.93333333333334,0.4537017047405243,-0.11620861123419303
UBFC_PHYS_s09_T3_test,13,89,132.96666666666667,0.36876657605171204,-0.09354491243200004
UBFC_PHYS_s09_T3_test,13,90,133.0,0.29392528533935547,-0.07007598117377636
UBFC_PHYS_s09_T3_test,13,91,133.03333333333333,0.24464954435825348,-0.05015752316773769
UBFC_PHYS_s09_T3_test,13,92,133.06666666666666,0.16555924713611603,-0.03610643256437353
UBFC_PHYS_s09_T3_test,13,93,133.1,0.05840589478611946,-0.027288993905970352
UBFC_PHYS_s09_T3_test,13,94,133.13333333333333,-0.0238955058157444,-0.020004283462338627
UBFC_PHYS_s09_T3_test,13,95,133.16666666666666,-0.08864939212799072,-0.009071898231555495
UBFC_PHYS_s09_T3_test,13,96,133.2,-0.20480678975582123,0.009461250746734639
UBFC_PHYS_s09_T3_test,13,97,133.23333333333332,-0.4002685546875,0.036462180059161735
UBFC_PHYS_s09_T3_test,13,98,133.26666666666668,-0.5971055626869202,0.06944020153292947
UBFC_PHYS_s09_T3_test,13,99,133.3,-0.6422944664955139,0.10322425051696515
UBFC_PHYS_s09_T3_test,13,100,133.33333333333334,-0.46587225794792175,0.1312078165807784
UBFC_PHYS_s09_T3_test,13,101,133.36666666666667,-0.1744927316904068,0.14713026874544932
UBFC_PHYS_s09_T3_test,13,102,133.4,0.07911260426044464,0.14687615050132669
UBFC_PHYS_s09_T3_test,13,103,133.43333333333334,0.25159069895744324,0.12936966275308923
UBFC_PHYS_s09_T3_test,13,104,133.46666666666667,0.3512839376926422,0.09648507789408854
UBFC_PHYS_s09_T3_test,13,105,133.5,0.3585364520549774,0.052719338110333545
UBFC_PHYS_s09_T3_test,13,106,133.53333333333333,0.28595268726348877,0.0047498007477024574
UBFC_PHYS_s09_T3_test,13,107,133.56666666666666,0.2036512941122055,-0.03964878329764266
UBFC_PHYS_s09_T3_test,13,108,133.6,0.1413884311914444,-0.07334868708173846
UBFC_PHYS_s09_T3_test,13,109,133.63333333333333,0.08173338323831558,-0.09173164948859343
UBFC_PHYS_s09_T3_test,13,110,133.66666666666666,0.03658340498805046,-0.09402310331163696
UBFC_PHYS_s09_T3_test,13,111,133.7,0.04544473811984062,-0.08347116759696184
UBFC_PHYS_s09_T3_test,13,112,133.73333333333332,0.08997195214033127,-0.06638980442488804
UBFC_PHYS_s09_T3_test,13,113,133.76666666666668,0.08080573379993439,-0.050715570191773085
UBFC_PHYS_s09_T3_test,13,114,133.8,-0.05382682383060455,-0.04439013651345957
UBFC_PHYS_s09_T3_test,13,115,133.83333333333334,-0.2704169750213623,-0.05351003504760304
UBFC_PHYS_s09_T3_test,13,116,133.86666666666667,-0.39531242847442627,-0.0804472420897795
UBFC_PHYS_s09_T3_test,13,117,133.9,-0.27885663509368896,-0.12243066101444806
UBFC_PHYS_s09_T3_test,13,118,133.93333333333334,0.014248439110815525,-0.17116591182189478
UBFC_PHYS_s09_T3_test,13,119,133.96666666666667,0.3063480257987976,-0.2140411668135321
UBFC_PHYS_s09_T3_test,13,120,134.0,0.5327141880989075,-0.2368279812228143
UBFC_PHYS_s09_T3_test,13,121,134.03333333333333,0.6971807479858398,-0.22712286154454928
UBFC_PHYS_s09_T3_test,13,122,134.06666666666666,0.7469819188117981,-0.1776322648028945
UBFC_PHYS_s09_T3_test,13,123,134.1,0.6707913875579834,-0.08838969120095032
UBFC_PHYS_s09_T3_test,13,124,134.13333333333333,0.5626260042190552,0.032332494228619016
UBFC_PHYS_s09_T3_test,13,125,134.16666666666666,0.48483961820602417,0.1680149257022325
UBFC_PHYS_s09_T3_test,13,126,134.2,0.39856815338134766,0.29566064734896946
UBFC_PHYS_s09_T3_test,13,127,134.23333333333332,0.27227145433425903,0.39120968697290415
UBFC_PHYS_s09_T3_test,13,128,134.26666666666668,0.14133654534816742,0.4371206675092202
UBFC_PHYS_s09_T3_test,13,129,134.3,0.0203787162899971,0.427519318898423
UBFC_PHYS_s09_T3_test,13,130,134.33333333333334,-0.14057834446430206,0.3688281372408919
UBFC_PHYS_s09_T3_test,13,131,134.36666666666667,-0.37590962648391724,0.2767413069316432
UBFC_PHYS_s09_T3_test,13,132,134.4,-0.6324082016944885,0.17114685592747478
UBFC_PHYS_s09_T3_test,13,133,134.43333333333334,-0.769544780254364,0.07095877791782668
UBFC_PHYS_s09_T3_test,13,134,134.46666666666667,-0.670085072517395,-0.009728304905800601
UBFC_PHYS_s09_T3_test,13,135,134.5,-0.38244858384132385,-0.0635107682642348
UBFC_PHYS_s09_T3_test,13,136,134.53333333333333,-0.08083896338939667,-0.08961866582067275
UBFC_PHYS_s09_T3_test,13,137,134.56666666666666,0.12952359020709991,-0.092570211701374
UBFC_PHYS_s09_T3_test,13,138,134.6,0.2377018928527832,-0.080224069144392
UBFC_PHYS_s09_T3_test,13,139,134.63333333333333,0.2372477948665619,-0.061807453797504144
UBFC_PHYS_s09_T3_test,13,140,134.66666666666666,0.1510152369737625,-0.04630524798923717
UBFC_PHYS_s09_T3_test,13,141,134.7,0.05583701655268669,-0.04137173715676993
UBFC_PHYS_s09_T3_test,13,142,134.73333333333332,-0.0018524571787565947,-0.05234254895575791
UBFC_PHYS_s09_T3_test,13,143,134.76666666666668,-0.05311324819922447,-0.08052939651583325
UBFC_PHYS_s09_T3_test,13,144,134.8,-0.1220967024564743,-0.12173482035106421
UBFC_PHYS_s09_T3_test,13,145,134.83333333333334,-0.17298124730587006,-0.1674506678709472
UBFC_PHYS_s09_T3_test,13,146,134.86666666666667,-0.19332468509674072,-0.20849956501353162
UBFC_PHYS_s09_T3_test,13,147,134.9,-0.2337845116853714,-0.23819240579122866
UBFC_PHYS_s09_T3_test,13,148,134.93333333333334,-0.3177206516265869,-0.25359140342547354
UBFC_PHYS_s09_T3_test,13,149,134.96666666666667,-0.38115766644477844,-0.25529345322985403
UBFC_PHYS_s09_T3_test,13,150,135.0,-0.3218269646167755,-0.2461152016197028
UBFC_PHYS_s09_T3_test,13,151,135.03333333333333,-0.08320026099681854,-0.22891656530613458
UBFC_PHYS_s09_T3_test,13,152,135.06666666666666,0.24964457750320435,-0.20464393379151963
UBFC_PHYS_s09_T3_test,13,153,135.1,0.5223024487495422,-0.1722753538851706
UBFC_PHYS_s09_T3_test,13,154,135.13333333333333,0.6636425852775574,-0.13065259410908678
UBFC_PHYS_s09_T3_test,13,155,135.16666666666666,0.703324019908905,-0.08049465679416927
UBFC_PHYS_s09_T3_test,13,156,135.2,0.656565248966217,-0.025042532725632956
UBFC_PHYS_s09_T3_test,13,157,135.23333333333332,0.5281602740287781,0.03164972041715011
UBFC_PHYS_s09_T3_test,13,158,135.26666666666668,0.3769921660423279,0.08750280952738426
UBFC_PHYS_s09_T3_test,13,159,135.3,0.2458561360836029,0.14308010274039173
UBFC_PHYS_s09_T3_test,13,160,135.33333333333334,0.09992960095405579,0.1995710436429189
UBFC_PHYS_s09_T3_test,13,161,135.36666666666667,-0.07191276550292969,0.2563136205979542
UBFC_PHYS_s09_T3_test,13,162,135.4,-0.2063831388950348,0.30943187474224343
UBFC_PHYS_s09_T3_test,13,163,135.43333333333334,-0.2657657265663147,0.3521246433475249
UBFC_PHYS_s09_T3_test,13,164,135.46666666666667,-0.3041626811027527,0.37641281008667454
UBFC_PHYS_s09_T3_test,13,165,135.5,-0.40307745337486267,0.37547767270312593
UBFC_PHYS_s09_T3_test,13,166,135.53333333333333,-0.5838849544525146,0.3457518160407461
UBFC_PHYS_s09_T3_test,13,167,135.56666666666666,-0.742059051990509,0.2881136036026606
UBFC_PHYS_s09_T3_test,13,168,135.6,-0.7108173370361328,0.2079547184673087
UBFC_PHYS_s09_T3_test,13,169,135.63333333333333,-0.45447447896003723,0.11432347697283934
UBFC_PHYS_s09_T3_test,13,170,135.66666666666666,-0.13808083534240723,0.018459903515501534
UBFC_PHYS_s09_T3_test,13,171,135.7,0.07956021279096603,-0.06791372326089215
UBFC_PHYS_s09_T3_test,13,172,135.73333333333332,0.18293160200119019,-0.13449680418351231
UBFC_PHYS_s09_T3_test,13,173,135.76666666666668,0.19370661675930023,-0.17470824896118606
UBFC_PHYS_s09_T3_test,13,174,135.8,0.12722069025039673,-0.18778944461675676
UBFC_PHYS_s09_T3_test,13,175,135.83333333333334,0.04611939191818237,-0.1794171801139158
UBFC_PHYS_s09_T3_test,13,176,135.86666666666667,-0.0019432761473581195,-0.16019375763220361
UBFC_PHYS_s09_T3_test,13,177,135.9,-0.03570845350623131,-0.14222195918669095
UBFC_PHYS_s09_T3_test,13,178,135.93333333333334,-0.07535091042518616,-0.1348851908764638
UBFC_PHYS_s09_T3_test,13,179,135.96666666666667,-0.1124439463019371,-0.14166662718926015
UBFC_PHYS_s09_T3_test,13,180,136.0,-0.15708793699741364,-0.1593002871529481
UBFC_PHYS_s09_T3_test,13,181,136.03333333333333,-0.2513514757156372,-0.1797369336714943
UBFC_PHYS_s09_T3_test,13,182,136.06666666666666,-0.40438783168792725,-0.19367794795690801
UBFC_PHYS_s09_T3_test,13,183,136.1,-0.5309180617332458,-0.19301343877164295
UBFC_PHYS_s09_T3_test,13,184,136.13333333333333,-0.5002277493476868,-0.17171307577801237
UBFC_PHYS_s09_T3_test,13,185,136.16666666666666,-0.3003547787666321,-0.12695794784650424
UBFC_PHYS_s09_T3_test,13,186,136.2,-0.07145866751670837,-0.060773261510192356
UBFC_PHYS_s09_T3_test,13,187,136.23333333333332,0.07167842984199524,0.019249013933507492
UBFC_PHYS_s09_T3_test,13,188,136.26666666666668,0.13288389146327972,0.10100735966886806
UBFC_PHYS_s09_T3_test,13,189,136.3,0.13627013564109802,0.17080687599392066
UBFC_PHYS_s09_T3_test,13,190,136.33333333333334,0.07858715206384659,0.21714222013522103
UBFC_PHYS_s09_T3_test,13,191,136.36666666666667,-0.009001202881336212,0.2334699489433661
UBFC_PHYS_s09_T3_test,13,192,136.4,-0.07346317172050476,0.21923580110963403
UBFC_PHYS_s09_T3_test,13,193,136.43333333333334,-0.10048829019069672,0.179671693730159
UBFC_PHYS_s09_T3_test,13,194,136.46666666666667,-0.09725124388933182,0.12463488417640552
UBFC_PHYS_s09_T3_test,13,195,136.5,-0.06046309322118759,0.06643955225229958
UBFC_PHYS_s09_T3_test,13,196,136.53333333333333,-0.021845592185854912,0.017046335362543984
UBFC_PHYS_s09_T3_test,13,197,136.56666666666666,-0.057323355227708817,-0.014624251087139283
UBFC_PHYS_s09_T3_test,13,198,136.6,-0.18170633912086487,-0.024650441359385156
UBFC_PHYS_s09_T3_test,13,199,136.63333333333333,-0.28571996092796326,-0.014966457623682452
UBFC_PHYS_s09_T3_test,13,200,136.66666666666666,-0.23590578138828278,0.007127326030389538
UBFC_PHYS_s09_T3_test,13,201,136.7,-0.032458432018756866,0.030879685397496852
UBFC_PHYS_s09_T3_test,13,202,136.73333333333332,0.19743019342422485,0.04501905765844016
UBFC_PHYS_s09_T3_test,13,203,136.76666666666668,0.3596392571926117,0.040841175560100765
UBFC_PHYS_s09_T3_test,13,204,136.8,0.45638737082481384,0.014665414907481293
UBFC_PHYS_s09_T3_test,13,205,136.83333333333334,0.5001166462898254,-0.030951447147013828
UBFC_PHYS_s09_T3_test,13,206,136.86666666666667,0.4938177168369293,-0.08765010965844168
UBFC_PHYS_s09_T3_test,13,207,136.9,0.4693290591239929,-0.1434792515466247
UBFC_PHYS_s09_T3_test,13,208,136.93333333333334,0.44655945897102356,-0.18617536212478325
UBFC_PHYS_s09_T3_test,13,209,136.96666666666667,0.3940142095088959,-0.20609670090308296
UBFC_PHYS_s09_T3_test,13,210,137.0,0.2802051603794098,-0.19803124529965202
UBFC_PHYS_s09_T3_test,13,211,137.03333333333333,0.12105148285627365,-0.16184808851481255
UBFC_PHYS_s09_T3_test,13,212,137.06666666666666,-0.05147850885987282,-0.10232321874993039
UBFC_PHYS_s09_T3_test,13,213,137.1,-0.23043718934059143,-0.028691623786657246
UBFC_PHYS_s09_T3_test,13,214,137.13333333333333,-0.39949658513069153,0.04628793488677644
UBFC_PHYS_s09_T3_test,13,215,137.16666666666666,-0.48364681005477905,0.10864451235154603
UBFC_PHYS_s09_T3_test,13,216,137.2,-0.38976600766181946,0.14660090775750334
UBFC_PHYS_s09_T3_test,13,217,137.23333333333332,-0.13830788433551788,0.15360376584275912
UBFC_PHYS_s09_T3_test,13,218,137.26666666666668,0.12160937488079071,0.13003638298204456
UBFC_PHYS_s09_T3_test,13,219,137.3,0.2829881012439728,0.0833636129928672
UBFC_PHYS_s09_T3_test,13,220,137.33333333333334,0.3623638451099396,0.02660333609289662
UBFC_PHYS_s09_T3_test,13,221,137.36666666666667,0.38018378615379333,-0.02480999791544339
UBFC_PHYS_s09_T3_test,13,222,137.4,0.3276515305042267,-0.05704828154074095
UBFC_PHYS_s09_T3_test,13,223,137.43333333333334,0.23720239102840424,-0.061506340941288505
UBFC_PHYS_s09_T3_test,13,224,137.46666666666667,0.16130372881889343,-0.036867060619142335
UBFC_PHYS_s09_T3_test,13,225,137.5,0.09736721217632294,0.011181077425704025
UBFC_PHYS_s09_T3_test,13,226,137.53333333333333,0.02049548365175724,0.07216040047958933
UBFC_PHYS_s09_T3_test,13,227,137.56666666666666,-0.049376700073480606,0.13345178409663544
UBFC_PHYS_s09_T3_test,13,228,137.6,-0.09734205901622772,0.18257510219778997
UBFC_PHYS_s09_T3_test,13,229,137.63333333333333,-0.16238786280155182,0.2091420235279215
UBFC_PHYS_s09_T3_test,13,230,137.66666666666666,-0.28446146845817566,0.20646673715421932
UBFC_PHYS_s09_T3_test,13,231,137.7,-0.4281823933124542,0.17267960045879643
UBFC_PHYS_s09_T3_test,13,232,137.73333333333332,-0.4744870662689209,0.11124286405556458
UBFC_PHYS_s09_T3_test,13,233,137.76666666666668,-0.32204103469848633,0.03080330085154467
UBFC_PHYS_s09_T3_test,13,234,137.8,-0.03716804087162018,-0.0557779722623482
UBFC_PHYS_s09_T3_test,13,235,137.83333333333334,0.21082597970962524,-0.13341593200779145
UBFC_PHYS_s09_T3_test,13,236,137.86666666666667,0.34634727239608765,-0.1877874931424066
UBFC_PHYS_s09_T3_test,13,237,137.9,0.3892267644405365,-0.20898032686698015
UBFC_PHYS_s09_T3_test,13,238,137.93333333333334,0.35042762756347656,-0.19468433291671747
UBFC_PHYS_s09_T3_test,13,239,137.96666666666667,0.2537443935871124,-0.151208496603064
UBFC_PHYS_s09_T3_test,13,240,138.0,0.17482276260852814,-0.0919872621822031
UBFC_PHYS_s09_T3_test,13,241,138.03333333333333,0.14890044927597046,-0.03467942928066471
UBFC_PHYS_s09_T3_test,13,242,138.06666666666666,0.11505743861198425,0.0026475579727007845
UBFC_PHYS_s09_T3_test,13,243,138.1,0.033125799149274826,0.006387396433793598
UBFC_PHYS_s09_T3_test,13,244,138.13333333333333,-0.06272707879543304,-0.02787524458833758
UBFC_PHYS_s09_T3_test,13,245,138.16666666666666,-0.1446651965379715,-0.09314998889640078
UBFC_PHYS_s09_T3_test,13,246,138.2,-0.2383384257555008,-0.17239121631949267
UBFC_PHYS_s09_T3_test,13,247,138.23333333333332,-0.3695458173751831,-0.24290486420533156
UBFC_PHYS_s09_T3_test,13,248,138.26666666666668,-0.5026149749755859,-0.28235262699447883
UBFC_PHYS_s09_T3_test,13,249,138.3,-0.5297893285751343,-0.27421183910255653
UBFC_PHYS_s09_T3_test,13,250,138.33333333333334,-0.3743073046207428,-0.2118619375537134
UBFC_PHYS_s09_T3_test,13,251,138.36666666666667,-0.10241494327783585,-0.101783252831079
UBFC_PHYS_s09_T3_test,13,252,138.4,0.14428815245628357,0.0354804958439608
UBFC_PHYS_s09_T3_test,13,253,138.43333333333334,0.3098575174808502,0.16949702080785098
UBFC_PHYS_s09_T3_test,13,254,138.46666666666667,0.4114709198474884,0.2689071310037507
UBFC_PHYS_s09_T3_test,13,255,138.5,0.43968966603279114,0.3114819417421555
UBFC_PHYS_s09_T3_test,13,256,138.53333333333333,0.3932681977748871,0.2913448877163945
UBFC_PHYS_s09_T3_test,13,257,138.56666666666666,0.3373042941093445,0.21998618955172308
UBFC_PHYS_s09_T3_test,13,258,138.6,0.31118738651275635,0.12129329731584441
UBFC_PHYS_s09_T3_test,13,259,138.63333333333333,0.2838379144668579,0.024291461913143127
UBFC_PHYS_s09_T3_test,13,260,138.66666666666666,0.2252921462059021,-0.043796699151150476
UBFC_PHYS_s09_T3_test,13,261,138.7,0.14917291700839996,-0.0631514110598627
UBFC_PHYS_s09_T3_test,13,262,138.73333333333332,0.05380656570196152,-0.025219623798780136
UBFC_PHYS_s09_T3_test,13,263,138.76666666666668,-0.10209058970212936,0.06507177710178277
UBFC_PHYS_s09_T3_test,13,264,138.8,-0.322118878364563,0.18925138472330325
UBFC_PHYS_s09_T3_test,13,265,138.83333333333334,-0.526299238204956,0.3184137143744421
UBFC_PHYS_s09_T3_test,13,266,138.86666666666667,-0.6028141975402832,0.41978734184999544
UBFC_PHYS_s09_T3_test,13,267,138.9,-0.5016095042228699,0.46605524203336135
UBFC_PHYS_s09_T3_test,13,268,138.93333333333334,-0.28835371136665344,0.4439850464893343
UBFC_PHYS_s09_T3_test,13,269,138.96666666666667,-0.07974265515804291,0.35686960133492507
UBFC_PHYS_s09_T3_test,13,270,139.0,0.05815289914608002,0.22037567920696918
UBFC_PHYS_s09_T3_test,13,271,139.03333333333333,0.10834332555532455,0.05651450788681931
UBFC_PHYS_s09_T3_test,13,272,139.06666666666666,0.07488952577114105,-0.11139436211568353
UBFC_PHYS_s09_T3_test,13,273,139.1,-0.0024492673110216856,-0.2623822341261983
UBFC_PHYS_s09_T3_test,13,274,139.13333333333333,-0.061773478984832764,-0.38015880206175284
UBFC_PHYS_s09_T3_test,13,275,139.16666666666666,-0.09176318347454071,-0.4543931593632427
UBFC_PHYS_s09_T3_test,13,276,139.2,-0.12956979870796204,-0.4813711610666632
UBFC_PHYS_s09_T3_test,13,277,139.23333333333332,-0.18229666352272034,-0.464399350973016
UBFC_PHYS_s09_T3_test,13,278,139.26666666666668,-0.2193962037563324,-0.41378511257191963
UBFC_PHYS_s09_T3_test,13,279,139.3,-0.24503308534622192,-0.34572075218551374
UBFC_PHYS_s09_T3_test,13,280,139.33333333333334,-0.3040524125099182,-0.2792146613014758
UBFC_PHYS_s09_T3_test,13,281,139.36666666666667,-0.39473509788513184,-0.23036328294656336
UBFC_PHYS_s09_T3_test,13,282,139.4,-0.4061717987060547,-0.2060822335962402
UBFC_PHYS_s09_T3_test,13,283,139.43333333333334,-0.20404131710529327,-0.2018230543280367
UBFC_PHYS_s09_T3_test,13,284,139.46666666666667,0.19309034943580627,-0.20435138840599387
UBFC_PHYS_s09_T3_test,13,285,139.5,0.6119212508201599,-0.1969696269429889
UBFC_PHYS_s09_T3_test,13,286,139.53333333333333,0.9107025265693665,-0.16497684598449577
UBFC_PHYS_s09_T3_test,13,287,139.56666666666666,1.0652828216552734,-0.10003585736786293
UBFC_PHYS_s09_T3_test,13,288,139.6,1.0741829872131348,-0.002398430214912239
UBFC_PHYS_s09_T3_test,13,289,139.63333333333333,0.9543539881706238,0.11965042998385192
UBFC_PHYS_s09_T3_test,13,290,139.66666666666666,0.7598587870597839,0.25236151817987673
UBFC_PHYS_s09_T3_test,13,291,139.7,0.533959686756134,0.379154348812594
UBFC_PHYS_s09_T3_test,13,292,139.73333333333332,0.29610493779182434,0.4829377888374357
UBFC_PHYS_s09_T3_test,13,293,139.76666666666668,0.07762707024812698,0.549311163431446
UBFC_PHYS_s09_T3_test,13,294,139.8,-0.09629115462303162,0.5701148749938906
UBFC_PHYS_s09_T3_test,13,295,139.83333333333334,-0.260524183511734,0.545097422422537
UBFC_PHYS_s09_T3_test,13,296,139.86666666666667,-0.48640382289886475,0.48087276491604103
UBFC_PHYS_s09_T3_test,13,297,139.9,-0.7771216630935669,0.3879451386614531
UBFC_PHYS_s09_T3_test,13,298,139.93333333333334,-0.9909742474555969,0.27726332529843056
UBFC_PHYS_s09_T3_test,13,299,139.96666666666667,-0.9586362242698669,0.15811899255326123
UBFC_PHYS_s09_T3_test,14,0,140.0,-0.7040448784828186,-0.049870498304514295
UBFC_PHYS_s09_T3_test,14,1,140.03333333333333,-0.4246339797973633,-0.17086842053879941
UBFC_PHYS_s09_T3_test,14,2,140.06666666666666,-0.2354581654071808,-0.26247519632780403
UBFC_PHYS_s09_T3_test,14,3,140.1,-0.11365054547786713,-0.3027276110603752
UBFC_PHYS_s09_T3_test,14,4,140.13333333333333,-0.03965907543897629,-0.28217151640333066
UBFC_PHYS_s09_T3_test,14,5,140.16666666666666,-0.013237257488071918,-0.20588283184352701
UBFC_PHYS_s09_T3_test,14,6,140.2,-0.0013399790041148663,-0.09007748777508974
UBFC_PHYS_s09_T3_test,14,7,140.23333333333332,0.02851998247206211,0.043129973399556584
UBFC_PHYS_s09_T3_test,14,8,140.26666666666668,0.06917442381381989,0.1705703432012897
UBFC_PHYS_s09_T3_test,14,9,140.3,0.12027303874492645,0.272011560678654
UBFC_PHYS_s09_T3_test,14,10,140.33333333333334,0.1995384842157364,0.3330348148119714
UBFC_PHYS_s09_T3_test,14,11,140.36666666666667,0.27982890605926514,0.34661939432064853
UBFC_PHYS_s09_T3_test,14,12,140.4,0.3188745379447937,0.31348638534546164
UBFC_PHYS_s09_T3_test,14,13,140.43333333333334,0.3614037334918976,0.24139300605169367
UBFC_PHYS_s09_T3_test,14,14,140.46666666666667,0.5160683393478394,0.1435126481134911
UBFC_PHYS_s09_T3_test,14,15,140.5,0.8132473230361938,0.0359730337114142
UBFC_PHYS_s09_T3_test,14,16,140.53333333333333,1.1559395790100098,-0.06506949888661716
UBFC_PHYS_s09_T3_test,14,17,140.56666666666666,1.4241148233413696,-0.14614350106738908
UBFC_PHYS_s09_T3_test,14,18,140.6,1.5612189769744873,-0.1984277697410054
UBFC_PHYS_s09_T3_test,14,19,140.63333333333333,1.5569698810577393,-0.2186239335541665
UBFC_PHYS_s09_T3_test,14,20,140.66666666666666,1.441649317741394,-0.2086514514060035
UBFC_PHYS_s09_T3_test,14,21,140.7,1.2604656219482422,-0.17433275674303494
UBFC_PHYS_s09_T3_test,14,22,140.73333333333332,0.9849339723587036,-0.12356171920274768
UBFC_PHYS_s09_T3_test,14,23,140.76666666666668,0.5329931378364563,-0.06467991847153767
UBFC_PHYS_s09_T3_test,14,24,140.8,-0.06118315830826759,-0.005449013886759909
UBFC_PHYS_s09_T3_test,14,25,140.83333333333334,-0.6739773154258728,0.047379689671970246
UBFC_PHYS_s09_T3_test,14,26,140.86666666666667,-1.2815883159637451,0.08820470465818438
UBFC_PHYS_s09_T3_test,14,27,140.9,-1.9080312252044678,0.1129214685626973
UBFC_PHYS_s09_T3_test,14,28,140.93333333333334,-2.457991600036621,0.11940756172948254
UBFC_PHYS_s09_T3_test,14,29,140.96666666666667,-2.7748782634735107,0.10752137319839691
UBFC_PHYS_s09_T3_test,14,30,141.0,-2.769850730895996,0.07860903944650674
UBFC_PHYS_s09_T3_test,14,31,141.03333333333333,-2.3874058723449707,0.03513943522087837
UBFC_PHYS_s09_T3_test,14,32,141.06666666666666,-1.6471474170684814,-0.019273995385900564
UBFC_PHYS_s09_T3_test,14,33,141.1,-0.6477630734443665,-0.07963529166586152
UBFC_PHYS_s09_T3_test,14,34,141.13333333333333,0.4997468888759613,-0.13945423604465654
UBFC_PHYS_s09_T3_test,14,35,141.16666666666666,1.586602807044983,-0.19117886694639802
UBFC_PHYS_s09_T3_test,14,36,141.2,2.188920259475708,-0.22709105526308726
UBFC_PHYS_s09_T3_test,14,37,141.23333333333332,2.040820598602295,-0.2400982472450657
UBFC_PHYS_s09_T3_test,14,38,141.26666666666668,1.4167649745941162,-0.22469086474006367
UBFC_PHYS_s09_T3_test,14,39,141.3,0.7742859721183777,-0.1790474224229037
UBFC_PHYS_s09_T3_test,14,40,141.33333333333334,0.25873297452926636,-0.10751578957343161
UBFC_PHYS_s09_T3_test,14,41,141.36666666666667,-0.13863223791122437,-0.021093337532982145
UBFC_PHYS_s09_T3_test,14,42,141.4,-0.44303128123283386,0.06471528940244678
UBFC_PHYS_s09_T3_test,14,43,141.43333333333334,-0.7738391757011414,0.1333535007421431
UBFC_PHYS_s09_T3_test,14,44,141.46666666666667,-1.214323878288269,0.17093429188628073
UBFC_PHYS_s09_T3_test,14,45,141.5,-1.6332197189331055,0.16962330241839577
UBFC_PHYS_s09_T3_test,14,46,141.53333333333333,-1.8023439645767212,0.12963436703473974
UBFC_PHYS_s09_T3_test,14,47,141.56666666666666,-1.704882264137268,0.058526226756452464
UBFC_PHYS_s09_T3_test,14,48,141.6,-1.5135527849197388,-0.031450166522781806
UBFC_PHYS_s09_T3_test,14,49,141.63333333333333,-1.3449474573135376,-0.1253563663018541
UBFC_PHYS_s09_T3_test,14,50,141.66666666666666,-1.1769518852233887,-0.20651137651098242
UBFC_PHYS_s09_T3_test,14,51,141.7,-1.0032413005828857,-0.25819491573360287
UBFC_PHYS_s09_T3_test,14,52,141.73333333333332,-0.8640288710594177,-0.2667203016134851
UBFC_PHYS_s09_T3_test,14,53,141.76666666666668,-0.7192505598068237,-0.22500536753498646
UBFC_PHYS_s09_T3_test,14,54,141.8,-0.4846782386302948,-0.13528343450381058
UBFC_PHYS_s09_T3_test,14,55,141.83333333333334,-0.17097024619579315,-0.00938601963194032
UBFC_PHYS_s09_T3_test,14,56,141.86666666666667,0.14551420509815216,0.13374641388613487
UBFC_PHYS_s09_T3_test,14,57,141.9,0.4010981023311615,0.2723480426669663
UBFC_PHYS_s09_T3_test,14,58,141.93333333333334,0.5539138913154602,0.3866418079050513
UBFC_PHYS_s09_T3_test,14,59,141.96666666666667,0.5864530205726624,0.46284397857583054
UBFC_PHYS_s09_T3_test,14,60,142.0,0.5700796842575073,0.49494161034173506
UBFC_PHYS_s09_T3_test,14,61,142.03333333333333,0.6661142110824585,0.48302794612698635
UBFC_PHYS_s09_T3_test,14,62,142.06666666666666,0.9152045249938965,0.4298266982080642
UBFC_PHYS_s09_T3_test,14,63,142.1,1.1641521453857422,0.33943784237622276
UBFC_PHYS_s09_T3_test,14,64,142.13333333333333,1.2704945802688599,0.2187482556003904
UBFC_PHYS_s09_T3_test,14,65,142.16666666666666,1.2391231060028076,0.07828009242371038
UBFC_PHYS_s09_T3_test,14,66,142.2,1.1210845708847046,-0.0688593467711122
UBFC_PHYS_s09_T3_test,14,67,142.23333333333332,0.9451423287391663,-0.20898001842157346
UBFC_PHYS_s09_T3_test,14,68,142.26666666666668,0.7552205324172974,-0.329588807774313
UBFC_PHYS_s09_T3_test,14,69,142.3,0.5878087878227234,-0.4198449276178722
UBFC_PHYS_s09_T3_test,14,70,142.33333333333334,0.43930041790008545,-0.4703169714369726
UBFC_PHYS_s09_T3_test,14,71,142.36666666666667,0.30581608414649963,-0.47417693812740136
UBFC_PHYS_s09_T3_test,14,72,142.4,0.19296060502529144,-0.429818241489933
UBFC_PHYS_s09_T3_test,14,73,142.43333333333334,0.0761026069521904,-0.3426865179065924
UBFC_PHYS_s09_T3_test,14,74,142.46666666666667,-0.10195436328649521,-0.22485889690582941
UBFC_PHYS_s09_T3_test,14,75,142.5,-0.35510560870170593,-0.09204540107444863
UBFC_PHYS_s09_T3_test,14,76,142.53333333333333,-0.5551926493644714,0.04060967385860636
UBFC_PHYS_s09_T3_test,14,77,142.56666666666666,-0.5231335759162903,0.16115608264542544
UBFC_PHYS_s09_T3_test,14,78,142.6,-0.26221731305122375,0.26098973775727796
UBFC_PHYS_s09_T3_test,14,79,142.63333333333333,0.04297316446900368,0.3336654938886641
UBFC_PHYS_s09_T3_test,14,80,142.66666666666666,0.25237563252449036,0.37409286870112335
UBFC_PHYS_s09_T3_test,14,81,142.7,0.34736573696136475,0.3799223671498588
UBFC_PHYS_s09_T3_test,14,82,142.73333333333332,0.3414106070995331,0.35401575336083785
UBFC_PHYS_s09_T3_test,14,83,142.76666666666668,0.2705848217010498,0.3042802225645663
UBFC_PHYS_s09_T3_test,14,84,142.8,0.19920764863491058,0.2404727212847139
UBFC_PHYS_s09_T3_test,14,85,142.83333333333334,0.13531653583049774,0.17104382250270375
UBFC_PHYS_s09_T3_test,14,86,142.86666666666667,0.047514110803604126,0.10149501696756845
UBFC_PHYS_s09_T3_test,14,87,142.9,-0.04878637567162514,0.033796323014734425
UBFC_PHYS_s09_T3_test,14,88,142.93333333333334,-0.11821743845939636,-0.03304168770015949
UBFC_PHYS_s09_T3_test,14,89,142.96666666666667,-0.1871425062417984,-0.10060646118775912
UBFC_PHYS_s09_T3_test,14,90,143.0,-0.3244542181491852,-0.16814267463130808
UBFC_PHYS_s09_T3_test,14,91,143.03333333333333,-0.5434251427650452,-0.23181211591290993
UBFC_PHYS_s09_T3_test,14,92,143.06666666666666,-0.7107784152030945,-0.2864555758092946
UBFC_PHYS_s09_T3_test,14,93,143.1,-0.6465175747871399,-0.327619906161338
UBFC_PHYS_s09_T3_test,14,94,143.13333333333333,-0.3433704972267151,-0.3524171807259455
UBFC_PHYS_s09_T3_test,14,95,143.16666666666666,0.006094197742640972,-0.3589607057721646
UBFC_PHYS_s09_T3_test,14,96,143.2,0.24595344066619873,-0.34533091337689525
UBFC_PHYS_s09_T3_test,14,97,143.23333333333332,0.3697201609611511,-0.3099472123018825
UBFC_PHYS_s09_T3_test,14,98,143.26666666666668,0.3990027904510498,-0.25345988606515807
UBFC_PHYS_s09_T3_test,14,99,143.3,0.3439405560493469,-0.18045721058090722
UBFC_PHYS_s09_T3_test,14,100,143.33333333333334,0.25701388716697693,-0.0993144018816858
UBFC_PHYS_s09_T3_test,14,101,143.36666666666667,0.17926640808582306,-0.019008695974890306
UBFC_PHYS_s09_T3_test,14,102,143.4,0.09378635138273239,0.05526805992775358
UBFC_PHYS_s09_T3_test,14,103,143.43333333333334,-0.005770644638687372,0.12330771651741337
UBFC_PHYS_s09_T3_test,14,104,143.46666666666667,-0.08157849311828613,0.1871656333659082
UBFC_PHYS_s09_T3_test,14,105,143.5,-0.13616715371608734,0.24763875208450148
UBFC_PHYS_s09_T3_test,14,106,143.53333333333333,-0.2509233355522156,0.3020980745503016
UBFC_PHYS_s09_T3_test,14,107,143.56666666666666,-0.46133777499198914,0.3443417647731042
UBFC_PHYS_s09_T3_test,14,108,143.6,-0.6539322733879089,0.36668859198815035
UBFC_PHYS_s09_T3_test,14,109,143.63333333333333,-0.6439616680145264,0.3640222283796307
UBFC_PHYS_s09_T3_test,14,110,143.66666666666666,-0.3900708854198456,0.3375089165335967
UBFC_PHYS_s09_T3_test,14,111,143.7,-0.053204067051410675,0.29426985054778304
UBFC_PHYS_s09_T3_test,14,112,143.73333333333332,0.2091977298259735,0.24317112287776213
UBFC_PHYS_s09_T3_test,14,113,143.76666666666668,0.3726263642311096,0.1907373863750679
UBFC_PHYS_s09_T3_test,14,114,143.8,0.4377824664115906,0.139202817020249
UBFC_PHYS_s09_T3_test,14,115,143.83333333333334,0.3969074487686157,0.08626304989615323
UBFC_PHYS_s09_T3_test,14,116,143.86666666666667,0.31442442536354065,0.02626994095334251
UBFC_PHYS_s09_T3_test,14,117,143.9,0.26047149300575256,-0.04711094703971481
UBFC_PHYS_s09_T3_test,14,118,143.93333333333334,0.2112346738576889,-0.1376452500084873
UBFC_PHYS_s09_T3_test,14,119,143.96666666666667,0.12407445907592773,-0.24427715478652506
UBFC_PHYS_s09_T3_test,14,120,144.0,0.02935032732784748,-0.3605487362437329
UBFC_PHYS_s09_T3_test,14,121,144.03333333333333,-0.039762869477272034,-0.47532571863951273
UBFC_PHYS_s09_T3_test,14,122,144.06666666666666,-0.1398388296365738,-0.5743867933323555
UBFC_PHYS_s09_T3_test,14,123,144.1,-0.3377656936645508,-0.6424728798361715
UBFC_PHYS_s09_T3_test,14,124,144.13333333333333,-0.582366943359375,-0.6653835839390259
UBFC_PHYS_s09_T3_test,14,125,144.16666666666666,-0.6932439208030701,-0.6317433307807294
UBFC_PHYS_s09_T3_test,14,126,144.2,-0.5346546173095703,-0.534770443553003
UBFC_PHYS_s09_T3_test,14,127,144.23333333333332,-0.19075579941272736,-0.37490337440599575
UBFC_PHYS_s09_T3_test,14,128,144.26666666666668,0.13241033256053925,-0.1628841771456392
UBFC_PHYS_s09_T3_test,14,129,144.3,0.3492923974990845,0.07835913591332737
UBFC_PHYS_s09_T3_test,14,130,144.33333333333334,0.48234209418296814,0.31575635203877284
UBFC_PHYS_s09_T3_test,14,131,144.36666666666667,0.5143817067146301,0.5150607297785785
UBFC_PHYS_s09_T3_test,14,132,144.4,0.44757142663002014,0.6526644115569471
UBFC_PHYS_s09_T3_test,14,133,144.43333333333334,0.36340823769569397,0.7200333706201609
UBFC_PHYS_s09_T3_test,14,134,144.46666666666667,0.3057771623134613,0.7194381510810497
UBFC_PHYS_s09_T3_test,14,135,144.5,0.22824375331401825,0.6587913993829445
UBFC_PHYS_s09_T3_test,14,136,144.53333333333333,0.11508338153362274,0.5493269308335081
UBFC_PHYS_s09_T3_test,14,137,144.56666666666666,0.02215617150068283,0.40481118825866613
UBFC_PHYS_s09_T3_test,14,138,144.6,-0.04191657155752182,0.24112338355678287
UBFC_PHYS_s09_T3_test,14,139,144.63333333333333,-0.14486630260944366,0.0756057399748547
UBFC_PHYS_s09_T3_test,14,140,144.66666666666666,-0.3432018458843231,-0.07423671315586026
UBFC_PHYS_s09_T3_test,14,141,144.7,-0.5792791247367859,-0.19277675733660823
UBFC_PHYS_s09_T3_test,14,142,144.73333333333332,-0.668002724647522,-0.26869798709738624
UBFC_PHYS_s09_T3_test,14,143,144.76666666666668,-0.4699850380420685,-0.297062119447738
UBFC_PHYS_s09_T3_test,14,144,144.8,-0.09524025022983551,-0.28028483509901997
UBFC_PHYS_s09_T3_test,14,145,144.83333333333334,0.24076378345489502,-0.22746950644990632
UBFC_PHYS_s09_T3_test,14,146,144.86666666666667,0.4558943510055542,-0.152226614860483
UBFC_PHYS_s09_T3_test,14,147,144.9,0.5687562823295593,-0.06977477376410957
UBFC_PHYS_s09_T3_test,14,148,144.93333333333334,0.5826191902160645,0.005903879741470544
UBFC_PHYS_s09_T3_test,14,149,144.96666666666667,0.5139406323432922,0.06422162310866153
UBFC_PHYS_s09_T3_test,14,150,145.0,0.43696507811546326,0.09905297127617226
UBFC_PHYS_s09_T3_test,14,151,145.03333333333333,0.39904171228408813,0.10857346669324291
UBFC_PHYS_s09_T3_test,14,152,145.06666666666666,0.3490264117717743,0.09408540512673777
UBFC_PHYS_s09_T3_test,14,153,145.1,0.247471421957016,0.058348752761066526
UBFC_PHYS_s09_T3_test,14,154,145.13333333333333,0.14402218163013458,0.004295134649471829
UBFC_PHYS_s09_T3_test,14,155,145.16666666666666,0.0731055811047554,-0.06483926266154366
UBFC_PHYS_s09_T3_test,14,156,145.2,-0.0306096188724041,-0.1443590696847161
UBFC_PHYS_s09_T3_test,14,157,145.23333333333332,-0.23466026782989502,-0.22764166997518784
UBFC_PHYS_s09_T3_test,14,158,145.26666666666668,-0.49599170684814453,-0.3066700945762576
UBFC_PHYS_s09_T3_test,14,159,145.3,-0.660529613494873,-0.37241599727584795
UBFC_PHYS_s09_T3_test,14,160,145.33333333333334,-0.5894184112548828,-0.41493760197929697
UBFC_PHYS_s09_T3_test,14,161,145.36666666666667,-0.3044416308403015,-0.4241104476303252
UBFC_PHYS_s09_T3_test,14,162,145.4,0.020281409844756126,-0.39137365881029007
UBFC_PHYS_s09_T3_test,14,163,145.43333333333334,0.25632625818252563,-0.3121851130079726
UBFC_PHYS_s09_T3_test,14,164,145.46666666666667,0.4043610990047455,-0.18844078855905708
UBFC_PHYS_s09_T3_test,14,165,145.5,0.4695625901222229,-0.029800452439191442
UBFC_PHYS_s09_T3_test,14,166,145.53333333333333,0.42970606684684753,0.14659623415765183
UBFC_PHYS_s09_T3_test,14,167,145.56666666666666,0.3436616361141205,0.3179018546537565
UBFC_PHYS_s09_T3_test,14,168,145.6,0.28783392906188965,0.4591202257830281
UBFC_PHYS_s09_T3_test,14,169,145.63333333333333,0.24199633300304413,0.5489947452945121
UBFC_PHYS_s09_T3_test,14,170,145.66666666666666,0.1481609344482422,0.5763082290968233
UBFC_PHYS_s09_T3_test,14,171,145.7,0.02436826191842556,0.5425635392008289
UBFC_PHYS_s09_T3_test,14,172,145.73333333333332,-0.08142279833555222,0.45994086887581503
UBFC_PHYS_s09_T3_test,14,173,145.76666666666668,-0.1869608759880066,0.3465898501537591
UBFC_PHYS_s09_T3_test,14,174,145.8,-0.3455890715122223,0.221526784481545
UBFC_PHYS_s09_T3_test,14,175,145.83333333333334,-0.567946195602417,0.10110416925784388
UBFC_PHYS_s09_T3_test,14,176,145.86666666666667,-0.7857689261436462,-0.002561684244247414
UBFC_PHYS_s09_T3_test,14,177,145.9,-0.8486610054969788,-0.08235808758354769
UBFC_PHYS_s09_T3_test,14,178,145.93333333333334,-0.6619762182235718,-0.13647691873292636
UBFC_PHYS_s09_T3_test,14,179,145.96666666666667,-0.34374675154685974,-0.16763376390605186
UBFC_PHYS_s09_T3_test,14,180,146.0,-0.10629420727491379,-0.18114047137879263
UBFC_PHYS_s09_T3_test,14,181,146.03333333333333,-0.021391497924923897,-0.18238586827907755
UBFC_PHYS_s09_T3_test,14,182,146.06666666666666,-0.02654222771525383,-0.17459585451483225
UBFC_PHYS_s09_T3_test,14,183,146.1,-0.07735541462898254,-0.1579019188385557
UBFC_PHYS_s09_T3_test,14,184,146.13333333333333,-0.11193795502185822,-0.1301045322131395
UBFC_PHYS_s09_T3_test,14,185,146.16666666666666,-0.043953511863946915,-0.08879242740765173
UBFC_PHYS_s09_T3_test,14,186,146.2,0.10386724770069122,-0.03407065449442496
UBFC_PHYS_s09_T3_test,14,187,146.23333333333332,0.17030777037143707,0.029125096311124372
UBFC_PHYS_s09_T3_test,14,188,146.26666666666668,0.034624312072992325,0.09005568716300656
UBFC_PHYS_s09_T3_test,14,189,146.3,-0.2827683389186859,0.13320194223081522
UBFC_PHYS_s09_T3_test,14,190,146.33333333333334,-0.7321338653564453,0.14149872505926805
UBFC_PHYS_s09_T3_test,14,191,146.36666666666667,-1.2040678262710571,0.10144117628938423
UBFC_PHYS_s09_T3_test,14,192,146.4,-1.4429670572280884,0.008497584863573616
UBFC_PHYS_s09_T3_test,14,193,146.43333333333334,-1.3248311281204224,-0.12970088415000944
UBFC_PHYS_s09_T3_test,14,194,146.46666666666667,-1.1116336584091187,-0.29353241833985605
UBFC_PHYS_s09_T3_test,14,195,146.5,-1.1397809982299805,-0.45445852200414577
UBFC_PHYS_s09_T3_test,14,196,146.53333333333333,-1.400917887687683,-0.5800464865259395
UBFC_PHYS_s09_T3_test,14,197,146.56666666666666,-1.6336348056793213,-0.6396718138777195
UBFC_PHYS_s09_T3_test,14,198,146.6,-1.6913113594055176,-0.610263144281353
UBFC_PHYS_s09_T3_test,14,199,146.63333333333333,-1.5750112533569336,-0.48202455905394004
UBFC_PHYS_s09_T3_test,14,200,146.66666666666666,-1.299784541130066,-0.2631111766082431
UBFC_PHYS_s09_T3_test,14,201,146.7,-0.826981246471405,0.018670084833407874
UBFC_PHYS_s09_T3_test,14,202,146.73333333333332,-0.10416645556688309,0.3188571978079159
UBFC_PHYS_s09_T3_test,14,203,146.76666666666668,0.8237498998641968,0.5850735216759074
UBFC_PHYS_s09_T3_test,14,204,146.8,1.650098204612732,0.7693843244307524
UBFC_PHYS_s09_T3_test,14,205,146.83333333333334,1.9979801177978516,0.8392545029201718
UBFC_PHYS_s09_T3_test,14,206,146.86666666666667,1.8934993743896484,0.7839719273729131
UBFC_PHYS_s09_T3_test,14,207,146.9,1.7270283699035645,0.6157853541686545
UBFC_PHYS_s09_T3_test,14,208,146.93333333333334,1.6566306352615356,0.3660186016779684
UBFC_PHYS_s09_T3_test,14,209,146.96666666666667,1.4635043144226074,0.07729947619026681
UBFC_PHYS_s09_T3_test,14,210,147.0,1.0616694688796997,-0.2056222657830804
UBFC_PHYS_s09_T3_test,14,211,147.03333333333333,0.7273390889167786,-0.4430961694065014
UBFC_PHYS_s09_T3_test,14,212,147.06666666666666,0.6806711554527283,-0.6047529876473152
UBFC_PHYS_s09_T3_test,14,213,147.1,0.8226665258407593,-0.6718838751980958
UBFC_PHYS_s09_T3_test,14,214,147.13333333333333,0.9507082104682922,-0.6390422511826694
UBFC_PHYS_s09_T3_test,14,215,147.16666666666666,0.9695207476615906,-0.5152495503959031
UBFC_PHYS_s09_T3_test,14,216,147.2,0.8607521057128906,-0.32359925115662214
UBFC_PHYS_s09_T3_test,14,217,147.23333333333332,0.6556246280670166,-0.09681311186214196
UBFC_PHYS_s09_T3_test,14,218,147.26666666666668,0.46106454730033875,0.13085734288878986
UBFC_PHYS_s09_T3_test,14,219,147.3,0.3554810583591461,0.3320660845665077
UBFC_PHYS_s09_T3_test,14,220,147.33333333333334,0.28909242153167725,0.4912270302531419
UBFC_PHYS_s09_T3_test,14,221,147.36666666666667,0.18748551607131958,0.6021630374790493
UBFC_PHYS_s09_T3_test,14,222,147.4,0.055408868938684464,0.6612508631735685
UBFC_PHYS_s09_T3_test,14,223,147.43333333333334,-0.073476143181324,0.664338721401319
UBFC_PHYS_s09_T3_test,14,224,147.46666666666667,-0.21881884336471558,0.6091078191813784
UBFC_PHYS_s09_T3_test,14,225,147.5,-0.3884815573692322,0.49756378831309994
UBFC_PHYS_s09_T3_test,14,226,147.53333333333333,-0.46170106530189514,0.3365178553834789
UBFC_PHYS_s09_T3_test,14,227,147.56666666666666,-0.3111492395401001,0.13767425904743105
UBFC_PHYS_s09_T3_test,14,228,147.6,0.0179655272513628,-0.08230531624284476
UBFC_PHYS_s09_T3_test,14,229,147.63333333333333,0.37398865818977356,-0.30277650595702005
UBFC_PHYS_s09_T3_test,14,230,147.66666666666666,0.6437078714370728,-0.5014769746226834
UBFC_PHYS_s09_T3_test,14,231,147.7,0.7701601982116699,-0.6578173015384817
UBFC_PHYS_s09_T3_test,14,232,147.73333333333332,0.7651652097702026,-0.7558243028961257
UBFC_PHYS_s09_T3_test,14,233,147.76666666666668,0.7213774919509888,-0.7849287253604585
UBFC_PHYS_s09_T3_test,14,234,147.8,0.712399423122406,-0.7393333103404095
UBFC_PHYS_s09_T3_test,14,235,147.83333333333334,0.7421490550041199,-0.6189730721123654
UBFC_PHYS_s09_T3_test,14,236,147.86666666666667,0.8213107585906982,-0.43225756009752725
UBFC_PHYS_s09_T3_test,14,237,147.9,0.965103030204773,-0.1978527016219591
UBFC_PHYS_s09_T3_test,14,238,147.93333333333334,1.1420831680297852,0.0561485356888182
UBFC_PHYS_s09_T3_test,14,239,147.96666666666667,1.27517831325531,0.2957851978365035
UBFC_PHYS_s09_T3_test,14,240,148.0,1.2740885019302368,0.4875746262905779
UBFC_PHYS_s09_T3_test,14,241,148.03333333333333,1.1612848043441772,0.6074626308646857
UBFC_PHYS_s09_T3_test,14,242,148.06666666666666,1.1843204498291016,0.6486029551151155
UBFC_PHYS_s09_T3_test,14,243,148.1,1.5048009157180786,0.6214110211148108
UBFC_PHYS_s09_T3_test,14,244,148.13333333333333,1.8968467712402344,0.5459118095792557
UBFC_PHYS_s09_T3_test,14,245,148.16666666666666,2.0270421504974365,0.44297649183929694
UBFC_PHYS_s09_T3_test,14,246,148.2,1.8944530487060547,0.3288117489849857
UBFC_PHYS_s09_T3_test,14,247,148.23333333333332,1.7146964073181152,0.21383338456505047
UBFC_PHYS_s09_T3_test,14,248,148.26666666666668,1.568724513053894,0.10473849005488353
UBFC_PHYS_s09_T3_test,14,249,148.3,1.4024739265441895,0.006711202098965667
UBFC_PHYS_s09_T3_test,14,250,148.33333333333334,1.1850534677505493,-0.07584754976933841
UBFC_PHYS_s09_T3_test,14,251,148.36666666666667,0.8790326714515686,-0.13981566170170465
UBFC_PHYS_s09_T3_test,14,252,148.4,0.4255608320236206,-0.18433673193450664
UBFC_PHYS_s09_T3_test,14,253,148.43333333333334,-0.16742831468582153,-0.21130557297811534
UBFC_PHYS_s09_T3_test,14,254,148.46666666666667,-0.8463127017021179,-0.22491599013627167
UBFC_PHYS_s09_T3_test,14,255,148.5,-1.5769767761230469,-0.23050878933003136
UBFC_PHYS_s09_T3_test,14,256,148.53333333333333,-2.2419400215148926,-0.23312845177407776
UBFC_PHYS_s09_T3_test,14,257,148.56666666666666,-2.6702873706817627,-0.2362868685018511
UBFC_PHYS_s09_T3_test,14,258,148.6,-2.8124709129333496,-0.24138524842352077
UBFC_PHYS_s09_T3_test,14,259,148.63333333333333,-2.6695284843444824,-0.24810714157171848
UBFC_PHYS_s09_T3_test,14,260,148.66666666666666,-2.2497828006744385,-0.2552695809967294
UBFC_PHYS_s09_T3_test,14,261,148.7,-1.7519135475158691,-0.2609407721734754
UBFC_PHYS_s09_T3_test,14,262,148.73333333333332,-1.4515104293823242,-0.2618359330729803
UBFC_PHYS_s09_T3_test,14,263,148.76666666666668,-1.3667699098587036,-0.25319744255955745
UBFC_PHYS_s09_T3_test,14,264,148.8,-1.2913448810577393,-0.22952592852213718
UBFC_PHYS_s09_T3_test,14,265,148.83333333333334,-1.0155212879180908,-0.18557923363675496
UBFC_PHYS_s09_T3_test,14,266,148.86666666666667,-0.4375043213367462,-0.11754780551589251
UBFC_PHYS_s09_T3_test,14,267,148.9,0.2451944500207901,-0.024790808397123866
UBFC_PHYS_s09_T3_test,14,268,148.93333333333334,0.6356509327888489,0.08818196703051723
UBFC_PHYS_s09_T3_test,14,269,148.96666666666667,0.6074841022491455,0.21048274671392278
UBFC_PHYS_s09_T3_test,14,270,149.0,0.38354408740997314,0.3257114381185568
UBFC_PHYS_s09_T3_test,14,271,149.03333333333333,0.1520012766122818,0.4162157049431481
UBFC_PHYS_s09_T3_test,14,272,149.06666666666666,-0.04698297008872032,0.4688010808000228
UBFC_PHYS_s09_T3_test,14,273,149.1,-0.1616029292345047,0.47713775429161354
UBFC_PHYS_s09_T3_test,14,274,149.13333333333333,-0.19776831567287445,0.44038421774762093
UBFC_PHYS_s09_T3_test,14,275,149.16666666666666,-0.29380282759666443,0.3618661074027802
UBFC_PHYS_s09_T3_test,14,276,149.2,-0.5301785469055176,0.24920655084826943
UBFC_PHYS_s09_T3_test,14,277,149.23333333333332,-0.7789964079856873,0.11446875892032554
UBFC_PHYS_s09_T3_test,14,278,149.26666666666668,-0.8375486731529236,-0.026712190529257235
UBFC_PHYS_s09_T3_test,14,279,149.3,-0.6598484516143799,-0.15728995224541434
UBFC_PHYS_s09_T3_test,14,280,149.33333333333334,-0.367982417345047,-0.26193118339455695
UBFC_PHYS_s09_T3_test,14,281,149.36666666666667,-0.09348225593566895,-0.3301759146798185
UBFC_PHYS_s09_T3_test,14,282,149.4,0.08633270859718323,-0.35851692694945214
UBFC_PHYS_s09_T3_test,14,283,149.43333333333334,0.13975369930267334,-0.3503103552628502
UBFC_PHYS_s09_T3_test,14,284,149.46666666666667,0.10015664994716644,-0.3136184416925523
UBFC_PHYS_s09_T3_test,14,285,149.5,0.04706001654267311,-0.2582498637209972
UBFC_PHYS_s09_T3_test,14,286,149.53333333333333,0.016434580087661743,-0.19310426578087508
UBFC_PHYS_s09_T3_test,14,287,149.56666666666666,-0.025919469073414803,-0.12455222345559248
UBFC_PHYS_s09_T3_test,14,288,149.6,-0.11682271957397461,-0.05616942726445681
UBFC_PHYS_s09_T3_test,14,289,149.63333333333333,-0.25196126103401184,0.01029745533536284
UBFC_PHYS_s09_T3_test,14,290,149.66666666666666,-0.37408027052879333,0.0734933987610754
UBFC_PHYS_s09_T3_test,14,291,149.7,-0.4167003035545349,0.1317484176398846
UBFC_PHYS_s09_T3_test,14,292,149.73333333333332,-0.39510485529899597,0.18307421196305018
UBFC_PHYS_s09_T3_test,14,293,149.76666666666668,-0.40408945083618164,0.2246582252284286
UBFC_PHYS_s09_T3_test,14,294,149.8,-0.49524569511413574,0.25210689153184945
UBFC_PHYS_s09_T3_test,14,295,149.83333333333334,-0.598986804485321,0.260093985894504
UBFC_PHYS_s09_T3_test,14,296,149.86666666666667,-0.5777741074562073,0.24454510999760912
UBFC_PHYS_s09_T3_test,14,297,149.9,-0.3457642197608948,0.20488919984546147
UBFC_PHYS_s09_T3_test,14,298,149.93333333333334,0.030239054933190346,0.1452287368781969
UBFC_PHYS_s09_T3_test,14,299,149.96666666666667,0.38525667786598206,0.07386523562223554
UBFC_PHYS_s09_T3_test,15,0,150.0,0.6159107685089111,-0.02870865224047534
UBFC_PHYS_s09_T3_test,15,1,150.03333333333333,0.7283900380134583,0.06809278237331666
UBFC_PHYS_s09_T3_test,15,2,150.06666666666666,0.7601117491722107,0.1599410513429884
UBFC_PHYS_s09_T3_test,15,3,150.1,0.7086628675460815,0.2405134145539507
UBFC_PHYS_s09_T3_test,15,4,150.13333333333333,0.5836895108222961,0.30381640907425883
UBFC_PHYS_s09_T3_test,15,5,150.16666666666666,0.450944721698761,0.34565358418150566
UBFC_PHYS_s09_T3_test,15,6,150.2,0.3617475628852844,0.3649005298725641
UBFC_PHYS_s09_T3_test,15,7,150.23333333333332,0.28354600071907043,0.3641905004467741
UBFC_PHYS_s09_T3_test,15,8,150.26666666666668,0.17176087200641632,0.34956104306954255
UBFC_PHYS_s09_T3_test,15,9,150.3,0.050037577748298645,0.328671392933359
UBFC_PHYS_s09_T3_test,15,10,150.33333333333334,-0.050245966762304306,0.30806485098312164
UBFC_PHYS_s09_T3_test,15,11,150.36666666666667,-0.15001703798770905,0.2907467822249787
UBFC_PHYS_s09_T3_test,15,12,150.4,-0.30211275815963745,0.27515550110262565
UBFC_PHYS_s09_T3_test,15,13,150.43333333333334,-0.5414530634880066,0.25617519020036833
UBFC_PHYS_s09_T3_test,15,14,150.46666666666667,-0.7934236526489258,0.227633533823342
UBFC_PHYS_s09_T3_test,15,15,150.5,-0.8464034795761108,0.18465327731293063
UBFC_PHYS_s09_T3_test,15,16,150.53333333333333,-0.5590524673461914,0.1249927361842202
UBFC_PHYS_s09_T3_test,15,17,150.56666666666666,-0.10678722709417343,0.04944400112900515
UBFC_PHYS_s09_T3_test,15,18,150.6,0.24655674397945404,-0.03836133107014758
UBFC_PHYS_s09_T3_test,15,19,150.63333333333333,0.4130926728248596,-0.13224349324523474
UBFC_PHYS_s09_T3_test,15,20,150.66666666666666,0.4623619318008423,-0.2239533318323955
UBFC_PHYS_s09_T3_test,15,21,150.7,0.47892341017723083,-0.3044712837736711
UBFC_PHYS_s09_T3_test,15,22,150.73333333333332,0.5045408606529236,-0.3658977424486999
UBFC_PHYS_s09_T3_test,15,23,150.76666666666668,0.521958589553833,-0.40285872680788554
UBFC_PHYS_s09_T3_test,15,24,150.8,0.46786946058273315,-0.4130365485077822
UBFC_PHYS_s09_T3_test,15,25,150.83333333333334,0.3154299259185791,-0.39718350436877153
UBFC_PHYS_s09_T3_test,15,26,150.86666666666667,0.11510933190584183,-0.3588361677335244
UBFC_PHYS_s09_T3_test,15,27,150.9,-0.06310981512069702,-0.3037362195880582
UBFC_PHYS_s09_T3_test,15,28,150.93333333333334,-0.20759622752666473,-0.238862720178961
UBFC_PHYS_s09_T3_test,15,29,150.96666666666667,-0.3690722584724426,-0.1709393461501331
UBFC_PHYS_s09_T3_test,15,30,151.0,-0.6162748336791992,-0.10486674005643278
UBFC_PHYS_s09_T3_test,15,31,151.03333333333333,-0.987477719783783,-0.04303996941013623
UBFC_PHYS_s09_T3_test,15,32,151.06666666666666,-1.3962212800979614,0.014159933258073524
UBFC_PHYS_s09_T3_test,15,33,151.1,-1.6275564432144165,0.06714759651140062
UBFC_PHYS_s09_T3_test,15,34,151.13333333333333,-1.5077728033065796,0.11590114731826855
UBFC_PHYS_s09_T3_test,15,35,151.16666666666666,-1.1059833765029907,0.15952382481801014
UBFC_PHYS_s09_T3_test,15,36,151.2,-0.6605491042137146,0.19657059016458658
UBFC_PHYS_s09_T3_test,15,37,151.23333333333332,-0.32625114917755127,0.22530815716162433
UBFC_PHYS_s09_T3_test,15,38,151.26666666666668,-0.1026095598936081,0.24375021810863046
UBFC_PHYS_s09_T3_test,15,39,151.3,0.033359333872795105,0.25002239068373716
UBFC_PHYS_s09_T3_test,15,40,151.33333333333334,0.055849988013505936,0.24313647669916147
UBFC_PHYS_s09_T3_test,15,41,151.36666666666667,-0.05477393791079521,0.22373299869405164
UBFC_PHYS_s09_T3_test,15,42,151.4,-0.25468581914901733,0.19441716955948551
UBFC_PHYS_s09_T3_test,15,43,151.43333333333334,-0.45553186535835266,0.15946445525029
UBFC_PHYS_s09_T3_test,15,44,151.46666666666667,-0.6023082137107849,0.12389651539243511
UBFC_PHYS_s09_T3_test,15,45,151.5,-0.7271063923835754,0.09216529376204213
UBFC_PHYS_s09_T3_test,15,46,151.53333333333333,-0.914089560508728,0.06672164561329198
UBFC_PHYS_s09_T3_test,15,47,151.56666666666666,-1.1917099952697754,0.04675862395845054
UBFC_PHYS_s09_T3_test,15,48,151.6,-1.5067414045333862,0.027930859009678788
UBFC_PHYS_s09_T3_test,15,49,151.63333333333333,-1.8050750494003296,0.004161757725321402
UBFC_PHYS_s09_T3_test,15,50,151.66666666666666,-2.0833895206451416,-0.0292137280402007
UBFC_PHYS_s09_T3_test,15,51,151.7,-2.303755283355713,-0.07342889448970623
UBFC_PHYS_s09_T3_test,15,52,151.73333333333332,-2.3358662128448486,-0.1261609343204986
UBFC_PHYS_s09_T3_test,15,53,151.76666666666668,-2.0674378871917725,-0.18223748709970738
UBFC_PHYS_s09_T3_test,15,54,151.8,-1.527681589126587,-0.23461514489679539
UBFC_PHYS_s09_T3_test,15,55,151.83333333333334,-0.8220445513725281,-0.27572767926871045
UBFC_PHYS_s09_T3_test,15,56,151.86666666666667,-0.03381422907114029,-0.29880186074535764
UBFC_PHYS_s09_T3_test,15,57,151.9,0.7591646313667297,-0.29830805373215064
UBFC_PHYS_s09_T3_test,15,58,151.93333333333334,1.4718337059020996,-0.26998277346974037
UBFC_PHYS_s09_T3_test,15,59,151.96666666666667,2.1171538829803467,-0.21196839754038244
UBFC_PHYS_s09_T3_test,15,60,152.0,2.853851079940796,-0.1268905166548077
UBFC_PHYS_s09_T3_test,15,61,152.03333333333333,3.7202634811401367,-0.022971165571206154
UBFC_PHYS_s09_T3_test,15,62,152.06666666666666,4.39146089553833,0.08688844027604266
UBFC_PHYS_s09_T3_test,15,63,152.1,4.540008068084717,0.18799437651423814
UBFC_PHYS_s09_T3_test,15,64,152.13333333333333,4.213611125946045,0.26761610428977983
UBFC_PHYS_s09_T3_test,15,65,152.16666666666666,3.7087490558624268,0.31769933130351996
UBFC_PHYS_s09_T3_test,15,66,152.2,3.2302305698394775,0.3356298500600769
UBFC_PHYS_s09_T3_test,15,67,152.23333333333332,2.775214910507202,0.3233189907009075
UBFC_PHYS_s09_T3_test,15,68,152.26666666666668,2.247511625289917,0.28556159499813416
UBFC_PHYS_s09_T3_test,15,69,152.3,1.6776942014694214,0.22903308152096846
UBFC_PHYS_s09_T3_test,15,70,152.33333333333334,1.2867707014083862,0.1619188077980816
UBFC_PHYS_s09_T3_test,15,71,152.36666666666667,1.234426498413086,0.09284758116812947
UBFC_PHYS_s09_T3_test,15,72,152.4,1.3738855123519897,0.028930182624870775
UBFC_PHYS_s09_T3_test,15,73,152.43333333333334,1.3666847944259644,-0.026051695527616076
UBFC_PHYS_s09_T3_test,15,74,152.46666666666667,0.9991796016693115,-0.07228930861453067
UBFC_PHYS_s09_T3_test,15,75,152.5,0.2809835970401764,-0.11268509862796722
UBFC_PHYS_s09_T3_test,15,76,152.53333333333333,-0.5896908640861511,-0.150492153402343
UBFC_PHYS_s09_T3_test,15,77,152.56666666666666,-1.2153358459472656,-0.18800548539001727
UBFC_PHYS_s09_T3_test,15,78,152.6,-1.352939486503601,-0.2265679059237278
UBFC_PHYS_s09_T3_test,15,79,152.63333333333333,-1.243165373802185,-0.26624523703946945
UBFC_PHYS_s09_T3_test,15,80,152.66666666666666,-1.246687889099121,-0.304887857802839
UBFC_PHYS_s09_T3_test,15,81,152.7,-1.3391804695129395,-0.3377685490088877
UBFC_PHYS_s09_T3_test,15,82,152.73333333333332,-1.3370981216430664,-0.35807307963582496
UBFC_PHYS_s09_T3_test,15,83,152.76666666666668,-1.2847929000854492,-0.357537247914537
UBFC_PHYS_s09_T3_test,15,84,152.8,-1.3288660049438477,-0.32751929113463507
UBFC_PHYS_s09_T3_test,15,85,152.83333333333334,-1.4729242324829102,-0.2616694513039491
UBFC_PHYS_s09_T3_test,15,86,152.86666666666667,-1.5998177528381348,-0.15932291725969777
UBFC_PHYS_s09_T3_test,15,87,152.9,-1.5843720436096191,-0.026863396234152147
UBFC_PHYS_s09_T3_test,15,88,152.93333333333334,-1.4080860614776611,0.1233999664584004
UBFC_PHYS_s09_T3_test,15,89,152.96666666666667,-1.1783726215362549,0.2749258177979772
UBFC_PHYS_s09_T3_test,15,90,153.0,-0.9947951436042786,0.4087728539852091
UBFC_PHYS_s09_T3_test,15,91,153.03333333333333,-0.8369842767715454,0.5066921001060468
UBFC_PHYS_s09_T3_test,15,92,153.06666666666666,-0.6431248188018799,0.5553523579741236
UBFC_PHYS_s09_T3_test,15,93,153.1,-0.42839646339416504,0.5502180156664241
UBFC_PHYS_s09_T3_test,15,94,153.13333333333333,-0.23987586796283722,0.49707355255259544
UBFC_PHYS_s09_T3_test,15,95,153.16666666666666,-0.11261910200119019,0.4091388488302282
UBFC_PHYS_s09_T3_test,15,96,153.2,-0.10152621567249298,0.3012474326160773
UBFC_PHYS_s09_T3_test,15,97,153.23333333333332,-0.22930842638015747,0.1857476482722892
UBFC_PHYS_s09_T3_test,15,98,153.26666666666668,-0.43274930119514465,0.0716173530912829
UBFC_PHYS_s09_T3_test,15,99,153.3,-0.6464008092880249,-0.03517705095964066
UBFC_PHYS_s09_T3_test,15,100,153.33333333333334,-0.8510417342185974,-0.13113809448818733
UBFC_PHYS_s09_T3_test,15,101,153.36666666666667,-1.029935598373413,-0.21433988983924243
UBFC_PHYS_s09_T3_test,15,102,153.4,-1.1672213077545166,-0.2834253073800129
UBFC_PHYS_s09_T3_test,15,103,153.43333333333334,-1.2004480361938477,-0.33713960689341577
UBFC_PHYS_s09_T3_test,15,104,153.46666666666667,-0.9997382760047913,-0.3743199254383226
UBFC_PHYS_s09_T3_test,15,105,153.5,-0.5598374009132385,-0.3935919125266158
UBFC_PHYS_s09_T3_test,15,106,153.53333333333333,-0.08910997211933136,-0.39280600723577025
UBFC_PHYS_s09_T3_test,15,107,153.56666666666666,0.2653043568134308,-0.36903427265709565
UBFC_PHYS_s09_T3_test,15,108,153.6,0.5106062293052673,-0.3194876916189704
UBFC_PHYS_s09_T3_test,15,109,153.63333333333333,0.517236053943634,-0.24313477044318085
UBFC_PHYS_s09_T3_test,15,110,153.66666666666666,0.03220463544130325,-0.1423920772681873
UBFC_PHYS_s09_T3_test,15,111,153.7,-0.8693287968635559,-0.023971448145594026
UBFC_PHYS_s09_T3_test,15,112,153.73333333333332,-1.7057905197143555,0.10124562351451374
UBFC_PHYS_s09_T3_test,15,113,153.76666666666668,-2.1285979747772217,0.21865867540398706
UBFC_PHYS_s09_T3_test,15,114,153.8,-2.2304837703704834,0.31134221146805946
UBFC_PHYS_s09_T3_test,15,115,153.83333333333334,-2.200286388397217,0.3640491741197748
UBFC_PHYS_s09_T3_test,15,116,153.86666666666667,-2.127825975418091,0.36847427779558833
UBFC_PHYS_s09_T3_test,15,117,153.9,-2.095968008041382,0.32566318150461865
UBFC_PHYS_s09_T3_test,15,118,153.93333333333334,-2.108299970626831,0.24467301888898235
UBFC_PHYS_s09_T3_test,15,119,153.96666666666667,-2.0551059246063232,0.13998529731812848
UBFC_PHYS_s09_T3_test,15,120,154.0,-1.875122308731079,0.028915704819385518
UBFC_PHYS_s09_T3_test,15,121,154.03333333333333,-1.588653564453125,-0.07127742018336794
UBFC_PHYS_s09_T3_test,15,122,154.06666666666666,-1.204852819442749,-0.14626891662565544
UBFC_PHYS_s09_T3_test,15,123,154.1,-0.7100389003753662,-0.18656357758845438
UBFC_PHYS_s09_T3_test,15,124,154.13333333333333,-0.09878867864608765,-0.18842596930293048
UBFC_PHYS_s09_T3_test,15,125,154.16666666666666,0.5625222325325012,-0.1547409843945552
UBFC_PHYS_s09_T3_test,15,126,154.2,1.051160454750061,-0.09549388276022958
UBFC_PHYS_s09_T3_test,15,127,154.23333333333332,1.1433351039886475,-0.026410413284155384
UBFC_PHYS_s09_T3_test,15,128,154.26666666666668,0.9045203328132629,0.03471451429690429
UBFC_PHYS_s09_T3_test,15,129,154.3,0.6358001232147217,0.0732628506447945
UBFC_PHYS_s09_T3_test,15,130,154.33333333333334,0.49155375361442566,0.08246506983471803
UBFC_PHYS_s09_T3_test,15,131,154.36666666666667,0.427020400762558,0.06438907678773269
UBFC_PHYS_s09_T3_test,15,132,154.4,0.4113152325153351,0.027254548686701446
UBFC_PHYS_s09_T3_test,15,133,154.43333333333334,0.4439905881881714,-0.017850931408237007
UBFC_PHYS_s09_T3_test,15,134,154.46666666666667,0.43066614866256714,-0.059447482291786514
UBFC_PHYS_s09_T3_test,15,135,154.5,0.33489111065864563,-0.08789261003456612
UBFC_PHYS_s09_T3_test,15,136,154.53333333333333,0.362759530544281,-0.09729007714225643
UBFC_PHYS_s09_T3_test,15,137,154.56666666666666,0.6126348376274109,-0.0862817794635907
UBFC_PHYS_s09_T3_test,15,138,154.6,0.8745890259742737,-0.057746063985258334
UBFC_PHYS_s09_T3_test,15,139,154.63333333333333,1.0823112726211548,-0.018202213264625428
UBFC_PHYS_s09_T3_test,15,140,154.66666666666666,1.5075254440307617,0.023159854235359094
UBFC_PHYS_s09_T3_test,15,141,154.7,2.259603500366211,0.056729199818461085
UBFC_PHYS_s09_T3_test,15,142,154.73333333333332,2.9987332820892334,0.07557180424815105
UBFC_PHYS_s09_T3_test,15,143,154.76666666666668,3.307251453399658,0.07764106172142202
UBFC_PHYS_s09_T3_test,15,144,154.8,3.13979434967041,0.06607344831261332
UBFC_PHYS_s09_T3_test,15,145,154.83333333333334,2.8170368671417236,0.047481117152718154
UBFC_PHYS_s09_T3_test,15,146,154.86666666666667,2.6202454566955566,0.028998289189725635
UBFC_PHYS_s09_T3_test,15,147,154.9,2.5240421295166016,0.015521349251637987
UBFC_PHYS_s09_T3_test,15,148,154.93333333333334,2.4355781078338623,0.008302421204239501
UBFC_PHYS_s09_T3_test,15,149,154.96666666666667,2.396739959716797,0.005532055470595404
UBFC_PHYS_s09_T3_test,15,150,155.0,2.2614521980285645,0.004299452915385011
UBFC_PHYS_s09_T3_test,15,151,155.03333333333333,1.7289938926696777,0.0022420453170684477
UBFC_PHYS_s09_T3_test,15,152,155.06666666666666,1.004706621170044,-0.0018566659603357248
UBFC_PHYS_s09_T3_test,15,153,155.1,0.520122766494751,-0.008155328522932527
UBFC_PHYS_s09_T3_test,15,154,155.13333333333333,0.26508378982543945,-0.016066929545513427
UBFC_PHYS_s09_T3_test,15,155,155.16666666666666,-0.017518719658255577,-0.024385233852550713
UBFC_PHYS_s09_T3_test,15,156,155.2,-0.3744889497756958,-0.03127451442564663
UBFC_PHYS_s09_T3_test,15,157,155.23333333333332,-0.7436419129371643,-0.034607213847555066
UBFC_PHYS_s09_T3_test,15,158,155.26666666666668,-1.1442052125930786,-0.032673004562397384
UBFC_PHYS_s09_T3_test,15,159,155.3,-1.6257270574569702,-0.02479714907256943
UBFC_PHYS_s09_T3_test,15,160,155.33333333333334,-2.1866960525512695,-0.011550859458065563
UBFC_PHYS_s09_T3_test,15,161,155.36666666666667,-2.762455701828003,0.005544382092867625
UBFC_PHYS_s09_T3_test,15,162,155.4,-3.2380483150482178,0.024581951005791615
UBFC_PHYS_s09_T3_test,15,163,155.43333333333334,-3.4264392852783203,0.04359700603076957
UBFC_PHYS_s09_T3_test,15,164,155.46666666666667,-3.18041729927063,0.060533064981634147
UBFC_PHYS_s09_T3_test,15,165,155.5,-2.6661226749420166,0.0731370152651825
UBFC_PHYS_s09_T3_test,15,166,155.53333333333333,-2.1998648643493652,0.07899148225240783
UBFC_PHYS_s09_T3_test,15,167,155.56666666666666,-1.7236948013305664,0.07575271289948268
UBFC_PHYS_s09_T3_test,15,168,155.6,-1.0207953453063965,0.06178887916521648
UBFC_PHYS_s09_T3_test,15,169,155.63333333333333,-0.1582166850566864,0.037464930535986096
UBFC_PHYS_s09_T3_test,15,170,155.66666666666666,0.7663458585739136,0.006340277740956251
UBFC_PHYS_s09_T3_test,15,171,155.7,1.8353493213653564,-0.025258125921411072
UBFC_PHYS_s09_T3_test,15,172,155.73333333333332,2.8825628757476807,-0.05020540615635521
UBFC_PHYS_s09_T3_test,15,173,155.76666666666668,3.44382381439209,-0.062399037829876054
UBFC_PHYS_s09_T3_test,15,174,155.8,3.393101453781128,-0.05771870060050171
UBFC_PHYS_s09_T3_test,15,175,155.83333333333334,3.014730215072632,-0.03454284675199056
UBFC_PHYS_s09_T3_test,15,176,155.86666666666667,2.511282205581665,0.005726536345990822
UBFC_PHYS_s09_T3_test,15,177,155.9,1.896457552909851,0.05782055446582298
UBFC_PHYS_s09_T3_test,15,178,155.93333333333334,1.1507757902145386,0.11207889513283775
UBFC_PHYS_s09_T3_test,15,179,155.96666666666667,0.36592522263526917,0.15566559851710812
UBFC_PHYS_s09_T3_test,15,180,156.0,-0.23347312211990356,0.17530712343405286
UBFC_PHYS_s09_T3_test,15,181,156.03333333333333,-0.5562565326690674,0.15971600115326282
UBFC_PHYS_s09_T3_test,15,182,156.06666666666666,-0.819728672504425,0.10160853775826012
UBFC_PHYS_s09_T3_test,15,183,156.1,-1.129894733428955,0.0008843128790340183
UBFC_PHYS_s09_T3_test,15,184,156.13333333333333,-1.271325707435608,-0.13228150998039898
UBFC_PHYS_s09_T3_test,15,185,156.16666666666666,-1.0266141891479492,-0.27824763525114377
UBFC_PHYS_s09_T3_test,15,186,156.2,-0.4650224447250366,-0.4127000318204661
UBFC_PHYS_s09_T3_test,15,187,156.23333333333332,0.15037302672863007,-0.5117210303570942
UBFC_PHYS_s09_T3_test,15,188,156.26666666666668,0.5518834590911865,-0.5557146804787495
UBFC_PHYS_s09_T3_test,15,189,156.3,0.6043897271156311,-0.5332846699490261
UBFC_PHYS_s09_T3_test,15,190,156.33333333333334,0.3876309394836426,-0.44458555618823486
UBFC_PHYS_s09_T3_test,15,191,156.36666666666667,0.045062001794576645,-0.30206300899402394
UBFC_PHYS_s09_T3_test,15,192,156.4,-0.39050552248954773,-0.12786950330583285
UBFC_PHYS_s09_T3_test,15,193,156.43333333333334,-0.9212318062782288,0.051188657971010555
UBFC_PHYS_s09_T3_test,15,194,156.46666666666667,-1.4770824909210205,0.2097028210970458
UBFC_PHYS_s09_T3_test,15,195,156.5,-1.9639626741409302,0.3288679150488214
UBFC_PHYS_s09_T3_test,15,196,156.53333333333333,-2.2511062622070312,0.3994990327215434
UBFC_PHYS_s09_T3_test,15,197,156.56666666666666,-2.250924587249756,0.4222090998480672
UBFC_PHYS_s09_T3_test,15,198,156.6,-2.118192672729492,0.40516994433911857
UBFC_PHYS_s09_T3_test,15,199,156.63333333333333,-2.1047515869140625,0.36081211298271765
UBFC_PHYS_s09_T3_test,15,200,156.66666666666666,-2.1333398818969727,0.302448963435681
UBFC_PHYS_s09_T3_test,15,201,156.7,-1.8766013383865356,0.24128391500269994
UBFC_PHYS_s09_T3_test,15,202,156.73333333333332,-1.2355690002441406,0.1844433820711477
UBFC_PHYS_s09_T3_test,15,203,156.76666666666668,-0.3674440085887909,0.13479434007469643
UBFC_PHYS_s09_T3_test,15,204,156.8,0.5722203850746155,0.09235097112649074
UBFC_PHYS_s09_T3_test,15,205,156.83333333333334,1.3691887855529785,0.056184415041703385
UBFC_PHYS_s09_T3_test,15,206,156.86666666666667,1.7665345668792725,0.025816936805553976
UBFC_PHYS_s09_T3_test,15,207,156.9,1.756550908088684,0.0013830906321132905
UBFC_PHYS_s09_T3_test,15,208,156.93333333333334,1.554018259048462,-0.017158992477856173
UBFC_PHYS_s09_T3_test,15,209,156.96666666666667,1.2959758043289185,-0.030585507831158657
UBFC_PHYS_s09_T3_test,15,210,157.0,0.976624071598053,-0.04018855269991186
UBFC_PHYS_s09_T3_test,15,211,157.03333333333333,0.5729469656944275,-0.047021647842579464
UBFC_PHYS_s09_T3_test,15,212,157.06666666666666,0.1752314567565918,-0.051312915239922166
UBFC_PHYS_s09_T3_test,15,213,157.1,-0.04750193655490875,-0.05301571338311435
UBFC_PHYS_s09_T3_test,15,214,157.13333333333333,-0.09055659174919128,-0.053105297106645306
UBFC_PHYS_s09_T3_test,15,215,157.16666666666666,-0.1525469869375229,-0.053967983009258556
UBFC_PHYS_s09_T3_test,15,216,157.2,-0.26655715703964233,-0.05842108557991624
UBFC_PHYS_s09_T3_test,15,217,157.23333333333332,-0.21030782163143158,-0.06822489218495802
UBFC_PHYS_s09_T3_test,15,218,157.26666666666668,0.0719379112124443,-0.08287046631852205
UBFC_PHYS_s09_T3_test,15,219,157.3,0.3444076478481293,-0.0991660409414273
UBFC_PHYS_s09_T3_test,15,220,157.33333333333334,0.4854559004306793,-0.11199890532596656
UBFC_PHYS_s09_T3_test,15,221,157.36666666666667,0.5589089393615723,-0.11640128490380794
UBFC_PHYS_s09_T3_test,15,222,157.4,0.5829824209213257,-0.10995961762329011
UBFC_PHYS_s09_T3_test,15,223,157.43333333333334,0.5388509631156921,-0.09373094758838399
UBFC_PHYS_s09_T3_test,15,224,157.46666666666667,0.4853585958480835,-0.07130207352916952
UBFC_PHYS_s09_T3_test,15,225,157.5,0.4585670232772827,-0.04717317208907756
UBFC_PHYS_s09_T3_test,15,226,157.53333333333333,0.3809622526168823,-0.02521952498627472
UBFC_PHYS_s09_T3_test,15,227,157.56666666666666,0.2146468609571457,-0.007390309759295724
UBFC_PHYS_s09_T3_test,15,228,157.6,0.03859439492225647,0.00684737349748662
UBFC_PHYS_s09_T3_test,15,229,157.63333333333333,-0.09414393454790115,0.01956422043943154
UBFC_PHYS_s09_T3_test,15,230,157.66666666666666,-0.2418738752603531,0.03258832091982168
UBFC_PHYS_s09_T3_test,15,231,157.7,-0.4649835228919983,0.04680086268562407
UBFC_PHYS_s09_T3_test,15,232,157.73333333333332,-0.6675485968589783,0.06279753849669183
UBFC_PHYS_s09_T3_test,15,233,157.76666666666668,-0.6238517761230469,0.08152169160398853
UBFC_PHYS_s09_T3_test,15,234,157.8,-0.2790707051753998,0.10414604750112406
UBFC_PHYS_s09_T3_test,15,235,157.83333333333334,0.12633195519447327,0.13135635149735103
UBFC_PHYS_s09_T3_test,15,236,157.86666666666667,0.38391387462615967,0.16239103003424393
UBFC_PHYS_s09_T3_test,15,237,157.9,0.5087574124336243,0.19431087030678465
UBFC_PHYS_s09_T3_test,15,238,157.93333333333334,0.5581369996070862,0.22198473231357516
UBFC_PHYS_s09_T3_test,15,239,157.96666666666667,0.5222764611244202,0.23916842535081426
UBFC_PHYS_s09_T3_test,15,240,158.0,0.4277210235595703,0.2402188912535717
UBFC_PHYS_s09_T3_test,15,241,158.03333333333333,0.33093398809432983,0.22125188418081354
UBFC_PHYS_s09_T3_test,15,242,158.06666666666666,0.232603058218956,0.1802887474160764
UBFC_PHYS_s09_T3_test,15,243,158.1,0.13187190890312195,0.11677229117604182
UBFC_PHYS_s09_T3_test,15,244,158.13333333333333,0.06428317725658417,0.03105334798124302
UBFC_PHYS_s09_T3_test,15,245,158.16666666666666,0.014657123945653439,-0.07549880030895088
UBFC_PHYS_s09_T3_test,15,246,158.2,-0.10516545921564102,-0.19960952589701333
UBFC_PHYS_s09_T3_test,15,247,158.23333333333332,-0.31941378116607666,-0.33483972525555683
UBFC_PHYS_s09_T3_test,15,248,158.26666666666668,-0.4827256500720978,-0.4707634990221617
UBFC_PHYS_s09_T3_test,15,249,158.3,-0.41446226835250854,-0.5935994964588565
UBFC_PHYS_s09_T3_test,15,250,158.33333333333334,-0.13691316545009613,-0.6880803418633561
UBFC_PHYS_s09_T3_test,15,251,158.36666666666667,0.17650941014289856,-0.7391647752420443
UBFC_PHYS_s09_T3_test,15,252,158.4,0.4112568497657776,-0.733416552011079
UBFC_PHYS_s09_T3_test,15,253,158.43333333333334,0.5544004440307617,-0.6610796567257147
UBFC_PHYS_s09_T3_test,15,254,158.46666666666667,0.6049022078514099,-0.5190988797793767
UBFC_PHYS_s09_T3_test,15,255,158.5,0.5768910646438599,-0.3143736351119078
UBFC_PHYS_s09_T3_test,15,256,158.53333333333333,0.5152639746665955,-0.0651845313046745
UBFC_PHYS_s09_T3_test,15,257,158.56666666666666,0.44703948497772217,0.20210085038646275
UBFC_PHYS_s09_T3_test,15,258,158.6,0.38570427894592285,0.4597363682237855
UBFC_PHYS_s09_T3_test,15,259,158.63333333333333,0.3493378162384033,0.6834915396561858
UBFC_PHYS_s09_T3_test,15,260,158.66666666666666,0.32039251923561096,0.8542597051542352
UBFC_PHYS_s09_T3_test,15,261,158.7,0.2620673179626465,0.9589220657655712
UBFC_PHYS_s09_T3_test,15,262,158.73333333333332,0.1721176654100418,0.9912660109979876
UBFC_PHYS_s09_T3_test,15,263,158.76666666666668,0.06578169018030167,0.9517225909079319
UBFC_PHYS_s09_T3_test,15,264,158.8,-0.006185817066580057,0.8458027036132161
UBFC_PHYS_s09_T3_test,15,265,158.83333333333334,0.07813306152820587,0.6822919820769663
UBFC_PHYS_s09_T3_test,15,266,158.86666666666667,0.36405694484710693,0.47212710437993555
UBFC_PHYS_s09_T3_test,15,267,158.9,0.7074562311172485,0.228523038005567
UBFC_PHYS_s09_T3_test,15,268,158.93333333333334,0.9565336108207703,-0.03228510674977807
UBFC_PHYS_s09_T3_test,15,269,158.96666666666667,1.0724250078201294,-0.2913363864171637
UBFC_PHYS_s09_T3_test,15,270,159.0,0.9818785786628723,-0.5285485190769702
UBFC_PHYS_s09_T3_test,15,271,159.03333333333333,0.6201663017272949,-0.7244444607039842
UBFC_PHYS_s09_T3_test,15,272,159.06666666666666,0.20355398952960968,-0.8615355613861467
UBFC_PHYS_s09_T3_test,15,273,159.1,0.002416031900793314,-0.9257064403981488
UBFC_PHYS_s09_T3_test,15,274,159.13333333333333,0.024037420749664307,-0.9080389271210326
UBFC_PHYS_s09_T3_test,15,275,159.16666666666666,0.1675896942615509,-0.8074036774640304
UBFC_PHYS_s09_T3_test,15,276,159.2,0.4373932182788849,-0.6331573237887057
UBFC_PHYS_s09_T3_test,15,277,159.23333333333332,0.6975893974304199,-0.4063792874495102
UBFC_PHYS_s09_T3_test,15,278,159.26666666666668,0.567608118057251,-0.1579869994037664
UBFC_PHYS_s09_T3_test,15,279,159.3,-0.025491323322057724,0.07755344709369898
UBFC_PHYS_s09_T3_test,15,280,159.33333333333334,-0.6540944576263428,0.2710497646160344
UBFC_PHYS_s09_T3_test,15,281,159.36666666666667,-0.9552888870239258,0.4052317751876083
UBFC_PHYS_s09_T3_test,15,282,159.4,-0.866195559501648,0.47659425857833576
UBFC_PHYS_s09_T3_test,15,283,159.43333333333334,-0.470225065946579,0.4924298423618265
UBFC_PHYS_s09_T3_test,15,284,159.46666666666667,0.004770836792886257,0.4652461967483243
UBFC_PHYS_s09_T3_test,15,285,159.5,0.28049707412719727,0.4083946097788428
UBFC_PHYS_s09_T3_test,15,286,159.53333333333333,0.3099418580532074,0.33421424649070525
UBFC_PHYS_s09_T3_test,15,287,159.56666666666666,0.24494145810604095,0.2532631466205832
UBFC_PHYS_s09_T3_test,15,288,159.6,0.18431983888149261,0.17376796052210586
UBFC_PHYS_s09_T3_test,15,289,159.63333333333333,0.18798503279685974,0.1013008404152835
UBFC_PHYS_s09_T3_test,15,290,159.66666666666666,0.27170708775520325,0.03878667459314729
UBFC_PHYS_s09_T3_test,15,291,159.7,0.36178648471832275,-0.012991863992664983
UBFC_PHYS_s09_T3_test,15,292,159.73333333333332,0.41202232241630554,-0.054518813140583766
UBFC_PHYS_s09_T3_test,15,293,159.76666666666668,0.5011091828346252,-0.08671130983920583
UBFC_PHYS_s09_T3_test,15,294,159.8,0.6864187121391296,-0.11025430219922094
UBFC_PHYS_s09_T3_test,15,295,159.83333333333334,0.8609921336174011,-0.12494749016063716
UBFC_PHYS_s09_T3_test,15,296,159.86666666666667,0.8449301719665527,-0.12949733634719196
UBFC_PHYS_s09_T3_test,15,297,159.9,0.580938994884491,-0.12266496722468802
UBFC_PHYS_s09_T3_test,15,298,159.93333333333334,0.28345516324043274,-0.10516484573713744
UBFC_PHYS_s09_T3_test,15,299,159.96666666666667,0.27224552631378174,-0.08033221986222336
UBFC_PHYS_s09_T3_test,16,0,160.0,0.5331034064292908,-0.0015489838633530617
UBFC_PHYS_s09_T3_test,16,1,160.03333333333333,0.6842001080513,-0.03318577848532969
UBFC_PHYS_s09_T3_test,16,2,160.06666666666666,0.5376703143119812,-0.05487857743617118
UBFC_PHYS_s09_T3_test,16,3,160.1,0.24562260508537292,-0.059836374668881864
UBFC_PHYS_s09_T3_test,16,4,160.13333333333333,-0.03768051788210869,-0.04639507924905701
UBFC_PHYS_s09_T3_test,16,5,160.16666666666666,-0.2573455274105072,-0.01768897746892597
UBFC_PHYS_s09_T3_test,16,6,160.2,-0.3566819727420807,0.02121032040744453
UBFC_PHYS_s09_T3_test,16,7,160.23333333333332,-0.32081496715545654,0.06568078441525098
UBFC_PHYS_s09_T3_test,16,8,160.26666666666668,-0.20906879007816315,0.11235206813985853
UBFC_PHYS_s09_T3_test,16,9,160.3,-0.06984338909387589,0.15935267243606938
UBFC_PHYS_s09_T3_test,16,10,160.33333333333334,0.0762842446565628,0.20606007238211632
UBFC_PHYS_s09_T3_test,16,11,160.36666666666667,0.15148231387138367,0.2514108480433286
UBFC_PHYS_s09_T3_test,16,12,160.4,0.026470070704817772,0.2913738835732229
UBFC_PHYS_s09_T3_test,16,13,160.43333333333334,-0.3131861984729767,0.3176311897303323
UBFC_PHYS_s09_T3_test,16,14,160.46666666666667,-0.7040318846702576,0.3186070125878683
UBFC_PHYS_s09_T3_test,16,15,160.5,-1.0075422525405884,0.282780565249597
UBFC_PHYS_s09_T3_test,16,16,160.53333333333333,-1.1911520957946777,0.202983638215769
UBFC_PHYS_s09_T3_test,16,17,160.56666666666666,-1.1801046133041382,0.07941805826923795
UBFC_PHYS_s09_T3_test,16,18,160.6,-0.9237033724784851,-0.07969686604074586
UBFC_PHYS_s09_T3_test,16,19,160.63333333333333,-0.566707193851471,-0.2595541174076388
UBFC_PHYS_s09_T3_test,16,20,160.66666666666666,-0.295294851064682,-0.4414241945144245
UBFC_PHYS_s09_T3_test,16,21,160.7,-0.17082753777503967,-0.6053781411140492
UBFC_PHYS_s09_T3_test,16,22,160.73333333333332,-0.2097110152244568,-0.7324068727301203
UBFC_PHYS_s09_T3_test,16,23,160.76666666666668,-0.365433007478714,-0.8058871070967804
UBFC_PHYS_s09_T3_test,16,24,160.8,-0.4157077670097351,-0.8128137051686632
UBFC_PHYS_s09_T3_test,16,25,160.83333333333334,-0.2004215270280838,-0.745492806450267
UBFC_PHYS_s09_T3_test,16,26,160.86666666666667,0.13723023235797882,-0.6038501864763056
UBFC_PHYS_s09_T3_test,16,27,160.9,0.374514102935791,-0.3978415839041033
UBFC_PHYS_s09_T3_test,16,28,160.93333333333334,0.49425235390663147,-0.14851438719832316
UBFC_PHYS_s09_T3_test,16,29,160.96666666666667,0.5385071039199829,0.11431556537821287
UBFC_PHYS_s09_T3_test,16,30,161.0,0.44251152873039246,0.35782110187512967
UBFC_PHYS_s09_T3_test,16,31,161.03333333333333,0.1801162213087082,0.5532989172539914
UBFC_PHYS_s09_T3_test,16,32,161.06666666666666,-0.12887568771839142,0.6824282028393166
UBFC_PHYS_s09_T3_test,16,33,161.1,-0.28817856311798096,0.7405999814204212
UBFC_PHYS_s09_T3_test,16,34,161.13333333333333,-0.09651820361614227,0.7360849895915565
UBFC_PHYS_s09_T3_test,16,35,161.16666666666666,0.40851929783821106,0.6848800332241706
UBFC_PHYS_s09_T3_test,16,36,161.2,0.8869857788085938,0.6035679764138949
UBFC_PHYS_s09_T3_test,16,37,161.23333333333332,1.0929112434387207,0.5045156425334977
UBFC_PHYS_s09_T3_test,16,38,161.26666666666668,1.0793662071228027,0.3951899050847142
UBFC_PHYS_s09_T3_test,16,39,161.3,0.9458169937133789,0.2804758592119574
UBFC_PHYS_s09_T3_test,16,40,161.33333333333334,0.7470468282699585,0.16575336917663067
UBFC_PHYS_s09_T3_test,16,41,161.36666666666667,0.5676340460777283,0.05797164950817152
UBFC_PHYS_s09_T3_test,16,42,161.4,0.40750083327293396,-0.035851172883659646
UBFC_PHYS_s09_T3_test,16,43,161.43333333333334,0.18378789722919464,-0.11096573253853961
UBFC_PHYS_s09_T3_test,16,44,161.46666666666667,-0.0821688175201416,-0.16652705127403522
UBFC_PHYS_s09_T3_test,16,45,161.5,-0.2794988453388214,-0.2055809919708548
UBFC_PHYS_s09_T3_test,16,46,161.53333333333333,-0.3750922679901123,-0.23326434762201992
UBFC_PHYS_s09_T3_test,16,47,161.56666666666666,-0.47345563769340515,-0.2539370969552946
UBFC_PHYS_s09_T3_test,16,48,161.6,-0.7359222769737244,-0.2686522324457347
UBFC_PHYS_s09_T3_test,16,49,161.63333333333333,-1.226908802986145,-0.2747363108587507
UBFC_PHYS_s09_T3_test,16,50,161.66666666666666,-1.7874171733856201,-0.2676713218777635
UBFC_PHYS_s09_T3_test,16,51,161.7,-2.1687722206115723,-0.24384294343829319
UBFC_PHYS_s09_T3_test,16,52,161.73333333333332,-2.271125316619873,-0.20285433199255312
UBFC_PHYS_s09_T3_test,16,53,161.76666666666668,-2.199812889099121,-0.14852595837924515
UBFC_PHYS_s09_T3_test,16,54,161.8,-2.170348644256592,-0.08836181354567892
UBFC_PHYS_s09_T3_test,16,55,161.83333333333334,-2.306025743484497,-0.031938954027575926
UBFC_PHYS_s09_T3_test,16,56,161.86666666666667,-2.5249316692352295,0.01107233048382579
UBFC_PHYS_s09_T3_test,16,57,161.9,-2.66347599029541,0.03245838207410146
UBFC_PHYS_s09_T3_test,16,58,161.93333333333334,-2.6657724380493164,0.026614703954916837
UBFC_PHYS_s09_T3_test,16,59,161.96666666666667,-2.634420394897461,-0.007918770523274506
UBFC_PHYS_s09_T3_test,16,60,162.0,-2.724506139755249,-0.06675424789313436
UBFC_PHYS_s09_T3_test,16,61,162.03333333333333,-2.8702187538146973,-0.13900098309920575
UBFC_PHYS_s09_T3_test,16,62,162.06666666666666,-2.744330644607544,-0.2084353298652638
UBFC_PHYS_s09_T3_test,16,63,162.1,-2.296320915222168,-0.25661675312839244
UBFC_PHYS_s09_T3_test,16,64,162.13333333333333,-1.8436471223831177,-0.267182812695688
UBFC_PHYS_s09_T3_test,16,65,162.16666666666666,-1.478795051574707,-0.22977567676886013
UBFC_PHYS_s09_T3_test,16,66,162.2,-1.0047008991241455,-0.14281401634098723
UBFC_PHYS_s09_T3_test,16,67,162.23333333333332,-0.4418700933456421,-0.015152288399078026
UBFC_PHYS_s09_T3_test,16,68,162.26666666666668,0.036090388894081116,0.13365654981848468
UBFC_PHYS_s09_T3_test,16,69,162.3,0.48840102553367615,0.27510227041426766
UBFC_PHYS_s09_T3_test,16,70,162.33333333333334,1.0406514406204224,0.3768536128855756
UBFC_PHYS_s09_T3_test,16,71,162.36666666666667,1.650344729423523,0.4129261014934102
UBFC_PHYS_s09_T3_test,16,72,162.4,2.1662869453430176,0.37436840278693756
UBFC_PHYS_s09_T3_test,16,73,162.43333333333334,2.4464309215545654,0.2707953200134283
UBFC_PHYS_s09_T3_test,16,74,162.46666666666667,2.481811285018921,0.12280634015356225
UBFC_PHYS_s09_T3_test,16,75,162.5,2.376662492752075,-0.04504686352076389
UBFC_PHYS_s09_T3_test,16,76,162.53333333333333,2.2074928283691406,-0.20696474729619632
UBFC_PHYS_s09_T3_test,16,77,162.56666666666666,2.058692455291748,-0.3372853028138987
UBFC_PHYS_s09_T3_test,16,78,162.6,2.0339314937591553,-0.41246569145592066
UBFC_PHYS_s09_T3_test,16,79,162.63333333333333,2.1087985038757324,-0.41379847979658646
UBFC_PHYS_s09_T3_test,16,80,162.66666666666666,2.1680710315704346,-0.3311395410680847
UBFC_PHYS_s09_T3_test,16,81,162.7,2.1702959537506104,-0.16785397810420036
UBFC_PHYS_s09_T3_test,16,82,162.73333333333332,2.146780490875244,0.05481066307219402
UBFC_PHYS_s09_T3_test,16,83,162.76666666666668,2.213402509689331,0.29737654864289126
UBFC_PHYS_s09_T3_test,16,84,162.8,2.5293354988098145,0.5090055738211233
UBFC_PHYS_s09_T3_test,16,85,162.83333333333334,3.007270097732544,0.6434968281405099
UBFC_PHYS_s09_T3_test,16,86,162.86666666666667,3.314912796020508,0.6772781100464424
UBFC_PHYS_s09_T3_test,16,87,162.9,3.2530195713043213,0.6147840380813236
UBFC_PHYS_s09_T3_test,16,88,162.93333333333334,2.9138240814208984,0.47949878127033596
UBFC_PHYS_s09_T3_test,16,89,162.96666666666667,2.4784317016601562,0.30213694942020347
UBFC_PHYS_s09_T3_test,16,90,163.0,2.066159248352051,0.1124882395228456
UBFC_PHYS_s09_T3_test,16,91,163.03333333333333,1.733113169670105,-0.06505554983142459
UBFC_PHYS_s09_T3_test,16,92,163.06666666666666,1.4580357074737549,-0.21320837758081687
UBFC_PHYS_s09_T3_test,16,93,163.1,1.162828803062439,-0.32206596571666923
UBFC_PHYS_s09_T3_test,16,94,163.13333333333333,0.7915804982185364,-0.388588236498704
UBFC_PHYS_s09_T3_test,16,95,163.16666666666666,0.37731650471687317,-0.4150289776560765
UBFC_PHYS_s09_T3_test,16,96,163.2,-0.011440339498221874,-0.4067454581722197
UBFC_PHYS_s09_T3_test,16,97,163.23333333333332,-0.37207576632499695,-0.37046136280343706
UBFC_PHYS_s09_T3_test,16,98,163.26666666666668,-0.7603720426559448,-0.31340669190226617
UBFC_PHYS_s09_T3_test,16,99,163.3,-1.2160494327545166,-0.24305523456398798
UBFC_PHYS_s09_T3_test,16,100,163.33333333333334,-1.7399643659591675,-0.1668985859243522
UBFC_PHYS_s09_T3_test,16,101,163.36666666666667,-2.2652673721313477,-0.09160559060244329
UBFC_PHYS_s09_T3_test,16,102,163.4,-2.6665313243865967,-0.022017610182429235
UBFC_PHYS_s09_T3_test,16,103,163.43333333333334,-2.912916660308838,0.03858474610483771
UBFC_PHYS_s09_T3_test,16,104,163.46666666666667,-3.12130069732666,0.08716187304874866
UBFC_PHYS_s09_T3_test,16,105,163.5,-3.383073091506958,0.12036411678658204
UBFC_PHYS_s09_T3_test,16,106,163.53333333333333,-3.678980588912964,0.13530335140991673
UBFC_PHYS_s09_T3_test,16,107,163.56666666666666,-3.9523000717163086,0.13078224531621838
UBFC_PHYS_s09_T3_test,16,108,163.6,-4.1393351554870605,0.10821755845476444
UBFC_PHYS_s09_T3_test,16,109,163.63333333333333,-4.146263599395752,0.07178584432047928
UBFC_PHYS_s09_T3_test,16,110,163.66666666666666,-3.8741440773010254,0.027740669439078873
UBFC_PHYS_s09_T3_test,16,111,163.7,-3.316476821899414,-0.016723210141534363
UBFC_PHYS_s09_T3_test,16,112,163.73333333333332,-2.616328001022339,-0.05469385562082427
UBFC_PHYS_s09_T3_test,16,113,163.76666666666668,-1.9225233793258667,-0.08056843719615821
UBFC_PHYS_s09_T3_test,16,114,163.8,-1.2361723184585571,-0.09075774827688451
UBFC_PHYS_s09_T3_test,16,115,163.83333333333334,-0.49464237689971924,-0.08410100571912149
UBFC_PHYS_s09_T3_test,16,116,163.86666666666667,0.3499346077442169,-0.06197567791485271
UBFC_PHYS_s09_T3_test,16,117,163.9,1.290202260017395,-0.02802703483403091
UBFC_PHYS_s09_T3_test,16,118,163.93333333333334,2.1248152256011963,0.012574263830449515
UBFC_PHYS_s09_T3_test,16,119,163.96666666666667,2.5575413703918457,0.054410111507634765
UBFC_PHYS_s09_T3_test,16,120,164.0,2.552299737930298,0.09296663182440376
UBFC_PHYS_s09_T3_test,16,121,164.03333333333333,2.33988094329834,0.12443079701087582
UBFC_PHYS_s09_T3_test,16,122,164.06666666666666,2.0767135620117188,0.1446989929830802
UBFC_PHYS_s09_T3_test,16,123,164.1,1.7580105066299438,0.14978822204973413
UBFC_PHYS_s09_T3_test,16,124,164.13333333333333,1.3892858028411865,0.1378299950555085
UBFC_PHYS_s09_T3_test,16,125,164.16666666666666,1.0207685232162476,0.11073840946693511
UBFC_PHYS_s09_T3_test,16,126,164.2,0.7269563674926758,0.07423544800585444
UBFC_PHYS_s09_T3_test,16,127,164.23333333333332,0.5521169900894165,0.035859448609002996
UBFC_PHYS_s09_T3_test,16,128,164.26666666666668,0.43441566824913025,0.00211745892140294
UBFC_PHYS_s09_T3_test,16,129,164.3,0.2820344865322113,-0.022809710791633138
UBFC_PHYS_s09_T3_test,16,130,164.33333333333334,0.12736988067626953,-0.03642606169515777
UBFC_PHYS_s09_T3_test,16,131,164.36666666666667,0.11754198372364044,-0.037049812980768926
UBFC_PHYS_s09_T3_test,16,132,164.4,0.3823569715023041,-0.023597811034947753
UBFC_PHYS_s09_T3_test,16,133,164.43333333333334,0.8694252967834473,0.004157596940587274
UBFC_PHYS_s09_T3_test,16,134,164.46666666666667,1.335222601890564,0.04492563732688681
UBFC_PHYS_s09_T3_test,16,135,164.5,1.583326816558838,0.09476881255346828
UBFC_PHYS_s09_T3_test,16,136,164.53333333333333,1.6314284801483154,0.14607613114550078
UBFC_PHYS_s09_T3_test,16,137,164.56666666666666,1.573142170906067,0.18770757164724217
UBFC_PHYS_s09_T3_test,16,138,164.6,1.3868271112442017,0.20651636373825885
UBFC_PHYS_s09_T3_test,16,139,164.63333333333333,1.02670419216156,0.1895286080146598
UBFC_PHYS_s09_T3_test,16,140,164.66666666666666,0.527654230594635,0.12684258830132375
UBFC_PHYS_s09_T3_test,16,141,164.7,-0.035066232085227966,0.015969225985270948
UBFC_PHYS_s09_T3_test,16,142,164.73333333333332,-0.5830416083335876,-0.13445660137418206
UBFC_PHYS_s09_T3_test,16,143,164.76666666666668,-1.012913465499878,-0.30598933782816123
UBFC_PHYS_s09_T3_test,16,144,164.8,-1.3014841079711914,-0.47611146820129235
UBFC_PHYS_s09_T3_test,16,145,164.83333333333334,-1.5777227878570557,-0.6229431250532519
UBFC_PHYS_s09_T3_test,16,146,164.86666666666667,-1.9078236818313599,-0.7270871303740187
UBFC_PHYS_s09_T3_test,16,147,164.9,-2.104375123977661,-0.772777533051937
UBFC_PHYS_s09_T3_test,16,148,164.93333333333334,-1.9004348516464233,-0.7490220922086123
UBFC_PHYS_s09_T3_test,16,149,164.96666666666667,-1.287212610244751,-0.6496853804746257
UBFC_PHYS_s09_T3_test,16,150,165.0,-0.5739467740058899,-0.47352826218167005
UBFC_PHYS_s09_T3_test,16,151,165.03333333333333,-0.11088056862354279,-0.22696142191004343
UBFC_PHYS_s09_T3_test,16,152,165.06666666666666,0.04444572702050209,0.07139704226257716
UBFC_PHYS_s09_T3_test,16,153,165.1,0.060994233936071396,0.3887858123404058
UBFC_PHYS_s09_T3_test,16,154,165.13333333333333,0.08850587904453278,0.6820320043180507
UBFC_PHYS_s09_T3_test,16,155,165.16666666666666,0.12944574654102325,0.9077279744425861
UBFC_PHYS_s09_T3_test,16,156,165.2,0.10231035202741623,1.0350513883703667
UBFC_PHYS_s09_T3_test,16,157,165.23333333333332,-0.021832618862390518,1.0536121054405225
UBFC_PHYS_s09_T3_test,16,158,165.26666666666668,-0.1572241634130478,0.9731992935556323
UBFC_PHYS_s09_T3_test,16,159,165.3,-0.21985028684139252,0.8174434967204461
UBFC_PHYS_s09_T3_test,16,160,165.33333333333334,-0.3091123104095459,0.6150084698855732
UBFC_PHYS_s09_T3_test,16,161,165.36666666666667,-0.6050263047218323,0.39265634570896535
UBFC_PHYS_s09_T3_test,16,162,165.4,-1.0974724292755127,0.1718735318864863
UBFC_PHYS_s09_T3_test,16,163,165.43333333333334,-1.5131375789642334,-0.03212718868010371
UBFC_PHYS_s09_T3_test,16,164,165.46666666666667,-1.5169779062271118,-0.21016677278939142
UBFC_PHYS_s09_T3_test,16,165,165.5,-0.9968385696411133,-0.35830650812362924
UBFC_PHYS_s09_T3_test,16,166,165.53333333333333,-0.18775229156017303,-0.4767910740061598
UBFC_PHYS_s09_T3_test,16,167,165.56666666666666,0.5310145616531372,-0.5685839460975008
UBFC_PHYS_s09_T3_test,16,168,165.6,0.9984011650085449,-0.6373878946890188
UBFC_PHYS_s09_T3_test,16,169,165.63333333333333,1.2800630331039429,-0.6851966861777339
UBFC_PHYS_s09_T3_test,16,170,165.66666666666666,1.4668840169906616,-0.7100692977965635
UBFC_PHYS_s09_T3_test,16,171,165.7,1.5667848587036133,-0.7053621595020599
UBFC_PHYS_s09_T3_test,16,172,165.73333333333332,1.5855844020843506,-0.6609418854563931
UBFC_PHYS_s09_T3_test,16,173,165.76666666666668,1.598487138748169,-0.5660585664541351
UBFC_PHYS_s09_T3_test,16,174,165.8,1.6503901481628418,-0.41373524762158304
UBFC_PHYS_s09_T3_test,16,175,165.83333333333334,1.6580253839492798,-0.20660512985353777
UBFC_PHYS_s09_T3_test,16,176,165.86666666666667,1.536139965057373,0.03814624721080884
UBFC_PHYS_s09_T3_test,16,177,165.9,1.3074449300765991,0.28888422614595183
UBFC_PHYS_s09_T3_test,16,178,165.93333333333334,0.9939056038856506,0.5061927708483126
UBFC_PHYS_s09_T3_test,16,179,165.96666666666667,0.6271917819976807,0.6545017639341052
UBFC_PHYS_s09_T3_test,16,180,166.0,0.4034918248653412,0.7139927783825695
UBFC_PHYS_s09_T3_test,16,181,166.03333333333333,0.41226881742477417,0.6859975707667303
UBFC_PHYS_s09_T3_test,16,182,166.06666666666666,0.2820020616054535,0.5901016328808892
UBFC_PHYS_s09_T3_test,16,183,166.1,-0.2699044942855835,0.4564852540628429
UBFC_PHYS_s09_T3_test,16,184,166.13333333333333,-1.0221121311187744,0.31697683005891586
UBFC_PHYS_s09_T3_test,16,185,166.16666666666666,-1.6791805028915405,0.19747068674197388
UBFC_PHYS_s09_T3_test,16,186,166.2,-2.1863458156585693,0.11329955135335144
UBFC_PHYS_s09_T3_test,16,187,166.23333333333332,-2.545099973678589,0.06793745204350896
UBFC_PHYS_s09_T3_test,16,188,166.26666666666668,-2.816239833831787,0.05446840764070613
UBFC_PHYS_s09_T3_test,16,189,166.3,-3.1580238342285156,0.05855606632416819
UBFC_PHYS_s09_T3_test,16,190,166.33333333333334,-3.5100574493408203,0.062069899665166794
UBFC_PHYS_s09_T3_test,16,191,166.36666666666667,-3.5514190196990967,0.047070896353139255
UBFC_PHYS_s09_T3_test,16,192,166.4,-3.0934906005859375,-0.00024478669045866104
UBFC_PHYS_s09_T3_test,16,193,166.43333333333334,-2.2925779819488525,-0.08621144904180048
UBFC_PHYS_s09_T3_test,16,194,166.46666666666667,-1.426470398902893,-0.2077542791800342
UBFC_PHYS_s09_T3_test,16,195,166.5,-0.6303842067718506,-0.3527492104235453
UBFC_PHYS_s09_T3_test,16,196,166.53333333333333,0.11318916082382202,-0.5022435497059007
UBFC_PHYS_s09_T3_test,16,197,166.56666666666666,0.7805914282798767,-0.6328857983393388
UBFC_PHYS_s09_T3_test,16,198,166.6,1.2194608449935913,-0.7196507272295031
UBFC_PHYS_s09_T3_test,16,199,166.63333333333333,1.344667673110962,-0.7405449451508705
UBFC_PHYS_s09_T3_test,16,200,166.66666666666666,1.2785969972610474,-0.6825413689471058
UBFC_PHYS_s09_T3_test,16,201,166.7,1.1878948211669922,-0.5455784311201447
UBFC_PHYS_s09_T3_test,16,202,166.73333333333332,1.1270136833190918,-0.3433452553110584
UBFC_PHYS_s09_T3_test,16,203,166.76666666666668,1.0914192199707031,-0.10168293732467665
UBFC_PHYS_s09_T3_test,16,204,166.8,1.0306483507156372,0.1453773837685363
UBFC_PHYS_s09_T3_test,16,205,166.83333333333334,0.8532400727272034,0.36266438509966714
UBFC_PHYS_s09_T3_test,16,206,166.86666666666667,0.5706180930137634,0.5221472803479026
UBFC_PHYS_s09_T3_test,16,207,166.9,0.304609477519989,0.6082831211508027
UBFC_PHYS_s09_T3_test,16,208,166.93333333333334,0.09884625673294067,0.6191332583273619
UBFC_PHYS_s09_T3_test,16,209,166.96666666666667,-0.08880507946014404,0.5649923469553025
UBFC_PHYS_s09_T3_test,16,210,167.0,-0.23347312211990356,0.4653518419921249
UBFC_PHYS_s09_T3_test,16,211,167.03333333333333,-0.27857768535614014,0.3439017437943143
UBFC_PHYS_s09_T3_test,16,212,167.06666666666666,-0.21433629095554352,0.22260717001622857
UBFC_PHYS_s09_T3_test,16,213,167.1,-0.015293656848371029,0.11713453967046114
UBFC_PHYS_s09_T3_test,16,214,167.13333333333333,0.28231993317604065,0.03480000766683974
UBFC_PHYS_s09_T3_test,16,215,167.16666666666666,0.5653116703033447,-0.025057960526367707
UBFC_PHYS_s09_T3_test,16,216,167.2,0.7952457070350647,-0.06854181936339118
UBFC_PHYS_s09_T3_test,16,217,167.23333333333332,0.9859654307365417,-0.1028613488771602
UBFC_PHYS_s09_T3_test,16,218,167.26666666666668,1.0841472148895264,-0.1318852785498929
UBFC_PHYS_s09_T3_test,16,219,167.3,1.0604239702224731,-0.15424625228378275
UBFC_PHYS_s09_T3_test,16,220,167.33333333333334,0.992517352104187,-0.164826119547195
UBFC_PHYS_s09_T3_test,16,221,167.36666666666667,0.9460505247116089,-0.15842958359820603
UBFC_PHYS_s09_T3_test,16,222,167.4,0.9017957448959351,-0.13364734555368007
UBFC_PHYS_s09_T3_test,16,223,167.43333333333334,0.819481372833252,-0.0945725311231527
UBFC_PHYS_s09_T3_test,16,224,167.46666666666667,0.6986079216003418,-0.04949481851687977
UBFC_PHYS_s09_T3_test,16,225,167.5,0.5444881916046143,-0.007355465836575435
UBFC_PHYS_s09_T3_test,16,226,167.53333333333333,0.3010351061820984,0.02597194212401628
UBFC_PHYS_s09_T3_test,16,227,167.56666666666666,-0.08257101476192474,0.04873457311531619
UBFC_PHYS_s09_T3_test,16,228,167.6,-0.4719700813293457,0.06160471878048199
UBFC_PHYS_s09_T3_test,16,229,167.63333333333333,-0.5783385038375854,0.06588720564959873
UBFC_PHYS_s09_T3_test,16,230,167.66666666666666,-0.32627061009407043,0.06282256771123897
UBFC_PHYS_s09_T3_test,16,231,167.7,-0.005601981189101934,0.05341931587858542
UBFC_PHYS_s09_T3_test,16,232,167.73333333333332,0.11099004745483398,0.03846760074720565
UBFC_PHYS_s09_T3_test,16,233,167.76666666666668,0.0699269250035286,0.01873059385015767
UBFC_PHYS_s09_T3_test,16,234,167.8,0.026080846786499023,-0.004812142111743619
UBFC_PHYS_s09_T3_test,16,235,167.83333333333334,-0.01005859486758709,-0.030887174098051095
UBFC_PHYS_s09_T3_test,16,236,167.86666666666667,-0.06355742365121841,-0.05790748827341129
UBFC_PHYS_s09_T3_test,16,237,167.9,-0.1117238849401474,-0.08361904695105184
UBFC_PHYS_s09_T3_test,16,238,167.93333333333334,-0.18138200044631958,-0.10483335924919218
UBFC_PHYS_s09_T3_test,16,239,167.96666666666667,-0.31931647658348083,-0.11835804586445457
UBFC_PHYS_s09_T3_test,16,240,168.0,-0.45523345470428467,-0.12258003755107241
UBFC_PHYS_s09_T3_test,16,241,168.03333333333333,-0.5119823217391968,-0.11763422426725693
UBFC_PHYS_s09_T3_test,16,242,168.06666666666666,-0.5873490571975708,-0.10423274204172467
UBFC_PHYS_s09_T3_test,16,243,168.1,-0.7568041682243347,-0.08333985667079444
UBFC_PHYS_s09_T3_test,16,244,168.13333333333333,-0.8870449662208557,-0.05703458738408486
UBFC_PHYS_s09_T3_test,16,245,168.16666666666666,-0.7937285304069519,-0.028962300520695105
UBFC_PHYS_s09_T3_test,16,246,168.2,-0.4744221866130829,-0.0035941369633031373
UBFC_PHYS_s09_T3_test,16,247,168.23333333333332,-0.10869442671537399,0.015434745425546289
UBFC_PHYS_s09_T3_test,16,248,168.26666666666668,0.11344864219427109,0.027001331951129234
UBFC_PHYS_s09_T3_test,16,249,168.3,0.15290945768356323,0.032860030317678916
UBFC_PHYS_s09_T3_test,16,250,168.33333333333334,0.10875200480222702,0.03648203378544298
UBFC_PHYS_s09_T3_test,16,251,168.36666666666667,0.08926486223936081,0.04131679837939119
UBFC_PHYS_s09_T3_test,16,252,168.4,0.12500210106372833,0.04947323845287027
UBFC_PHYS_s09_T3_test,16,253,168.43333333333334,0.13217680156230927,0.06162494785146619
UBFC_PHYS_s09_T3_test,16,254,168.46666666666667,0.008273852057754993,0.07790257081546423
UBFC_PHYS_s09_T3_test,16,255,168.5,-0.19153425097465515,0.09857636670573625
UBFC_PHYS_s09_T3_test,16,256,168.53333333333333,-0.3086582124233246,0.12390964900858692
UBFC_PHYS_s09_T3_test,16,257,168.56666666666666,-0.34509605169296265,0.1533100153364295
UBFC_PHYS_s09_T3_test,16,258,168.6,-0.41014185547828674,0.18443202430137925
UBFC_PHYS_s09_T3_test,16,259,168.63333333333333,-0.48619621992111206,0.21323897526357397
UBFC_PHYS_s09_T3_test,16,260,168.66666666666666,-0.4422593414783478,0.23489203593507824
UBFC_PHYS_s09_T3_test,16,261,168.7,-0.21866315603256226,0.24424050353074356
UBFC_PHYS_s09_T3_test,16,262,168.73333333333332,0.10573552548885345,0.23591150334011737
UBFC_PHYS_s09_T3_test,16,263,168.76666666666668,0.386670857667923,0.20520278578974158
UBFC_PHYS_s09_T3_test,16,264,168.8,0.5324417352676392,0.14970921518362323
UBFC_PHYS_s09_T3_test,16,265,168.83333333333334,0.5524997115135193,0.07032235516979163
UBFC_PHYS_s09_T3_test,16,266,168.86666666666667,0.4870452284812927,-0.02878766736299418
UBFC_PHYS_s09_T3_test,16,267,168.9,0.40240201354026794,-0.14054927156585634
UBFC_PHYS_s09_T3_test,16,268,168.93333333333334,0.4355184733867645,-0.25547193481829705
UBFC_PHYS_s09_T3_test,16,269,168.96666666666667,0.6474055051803589,-0.3624549632168417
UBFC_PHYS_s09_T3_test,16,270,169.0,0.8594676852226257,-0.44993700799155045
UBFC_PHYS_s09_T3_test,16,271,169.03333333333333,0.8942772746086121,-0.5071573786294609
UBFC_PHYS_s09_T3_test,16,272,169.06666666666666,0.8865446448326111,-0.5253862042173999
UBFC_PHYS_s09_T3_test,16,273,169.1,0.9442017078399658,-0.4990607172722893
UBFC_PHYS_s09_T3_test,16,274,169.13333333333333,0.9186102151870728,-0.42687827196054073
UBFC_PHYS_s09_T3_test,16,275,169.16666666666666,0.7152602076530457,-0.31294196683004855
UBFC_PHYS_s09_T3_test,16,276,169.2,0.41160714626312256,-0.16767331033431518
UBFC_PHYS_s09_T3_test,16,277,169.23333333333332,0.12923167645931244,-0.00785757945553343
UBFC_PHYS_s09_T3_test,16,278,169.26666666666668,0.14168035984039307,0.1450594289090042
UBFC_PHYS_s09_T3_test,16,279,169.3,0.6279183626174927,0.26927320507086455
UBFC_PHYS_s09_T3_test,16,280,169.33333333333334,1.2215107679367065,0.34844055405619373
UBFC_PHYS_s09_T3_test,16,281,169.36666666666667,1.4737797975540161,0.3761577827305905
UBFC_PHYS_s09_T3_test,16,282,169.4,1.4026296138763428,0.3571632207047866
UBFC_PHYS_s09_T3_test,16,283,169.43333333333334,1.2132203578948975,0.30467641592521855
UBFC_PHYS_s09_T3_test,16,284,169.46666666666667,0.956144392490387,0.2353016592608188
UBFC_PHYS_s09_T3_test,16,285,169.5,0.6524978280067444,0.16460118177547112
UBFC_PHYS_s09_T3_test,16,286,169.53333333333333,0.3580499291419983,0.10461065721041687
UBFC_PHYS_s09_T3_test,16,287,169.56666666666666,0.057192813605070114,0.06253446573543758
UBFC_PHYS_s09_T3_test,16,288,169.6,-0.2907668948173523,0.04024673746959749
UBFC_PHYS_s09_T3_test,16,289,169.63333333333333,-0.6388044357299805,0.034793860532774404
UBFC_PHYS_s09_T3_test,16,290,169.66666666666666,-0.8601885437965393,0.03962198362300357
UBFC_PHYS_s09_T3_test,16,291,169.7,-0.853390097618103,0.04584245267805485
UBFC_PHYS_s09_T3_test,16,292,169.73333333333332,-0.6027687788009644,0.044063957425016426
UBFC_PHYS_s09_T3_test,16,293,169.76666666666668,-0.2128572314977646,0.02829589006617355
UBFC_PHYS_s09_T3_test,16,294,169.8,0.06910955160856247,0.00013881689208944045
UBFC_PHYS_s09_T3_test,16,295,169.83333333333334,0.08134415745735168,-0.03141735572321455
UBFC_PHYS_s09_T3_test,16,296,169.86666666666667,-0.04355131462216377,-0.0549809634573913
UBFC_PHYS_s09_T3_test,16,297,169.9,-0.10742296278476715,-0.06249662598408724
UBFC_PHYS_s09_T3_test,16,298,169.93333333333334,-0.15898215770721436,-0.05275590706231327
UBFC_PHYS_s09_T3_test,16,299,169.96666666666667,-0.35617595911026,-0.031452425887218645
