recording_id,measurement_id,sample_index,time_seconds,gt_signal,predicted_signal
COHFACE_s29_session1_lamp,0,0,0.0,0.03344751599830012,-0.0157410080403573
COHFACE_s29_session1_lamp,0,1,0.03333333333333333,1.00344684916553,0.4237308269452378
COHFACE_s29_session1_lamp,0,2,0.06666666666666667,1.8307989637964264,0.8552362727265679
COHFACE_s29_session1_lamp,0,3,0.1,2.3384652319770796,1.2260737504296895
COHFACE_s29_session1_lamp,0,4,0.13333333333333333,2.4972035706545452,1.479406363647292
COHFACE_s29_session1_lamp,0,5,0.16666666666666666,2.4053172216716563,1.5532648709011574
COHFACE_s29_session1_lamp,0,6,0.2,2.1504391089953945,1.451060021517403
COHFACE_s29_session1_lamp,0,7,0.23333333333333334,1.7988787491590648,1.240981308828808
COHFACE_s29_session1_lamp,0,8,0.26666666666666666,1.410251678514236,0.991653637650306
COHFACE_s29_session1_lamp,0,9,0.3,1.028570368572244,0.7717037018730414
COHFACE_s29_session1_lamp,0,10,0.3333333333333333,0.6802929665484715,0.5868119940180908
COHFACE_s29_session1_lamp,0,11,0.36666666666666664,0.3778523318023248,0.3811776447866944
COHFACE_s29_session1_lamp,0,12,0.4,0.12209569935697023,0.1449321528697092
COHFACE_s29_session1_lamp,0,13,0.43333333333333335,-0.09381179050571305,-0.08403884162422995
COHFACE_s29_session1_lamp,0,14,0.4666666666666667,-0.27989584418716207,-0.2762836981512442
COHFACE_s29_session1_lamp,0,15,0.5,-0.44607289329467253,-0.4099236543515586
COHFACE_s29_session1_lamp,0,16,0.5333333333333333,-0.5996050312184158,-0.4953516143905789
COHFACE_s29_session1_lamp,0,17,0.5666666666666667,-0.7435815548382964,-0.5739097630057921
COHFACE_s29_session1_lamp,0,18,0.6,-0.876562648602393,-0.6516853431149954
COHFACE_s29_session1_lamp,0,19,0.6333333333333333,-0.992537932372051,-0.6987185389274106
COHFACE_s29_session1_lamp,0,20,0.6666666666666666,-1.0807872995624965,-0.6935695154343352
COHFACE_s29_session1_lamp,0,21,0.7,-1.125776240405987,-0.6235629604147428
COHFACE_s29_session1_lamp,0,22,0.7333333333333333,-1.1072453509493023,-0.4923675229753775
COHFACE_s29_session1_lamp,0,23,0.7666666666666667,-0.9999949907776688,-0.32037688475666204
COHFACE_s29_session1_lamp,0,24,0.8,-0.7735811549609936,-0.1452004111196147
COHFACE_s29_session1_lamp,0,25,0.8333333333333334,-0.4007656112796093,-0.02181910562755106
COHFACE_s29_session1_lamp,0,26,0.8666666666666667,0.10441142338063893,0.03731171909325599
COHFACE_s29_session1_lamp,0,27,0.9,0.6442747694803808,0.06170986633590866
COHFACE_s29_session1_lamp,0,28,0.9333333333333333,1.0745415092747985,0.06325828593430538
COHFACE_s29_session1_lamp,0,29,0.9666666666666667,1.3065023585857316,0.035643565673610066
COHFACE_s29_session1_lamp,0,30,1.0,1.3510098269567425,-0.01198362151362857
COHFACE_s29_session1_lamp,0,31,1.0333333333333334,1.272277577089372,-0.05513152426662626
COHFACE_s29_session1_lamp,0,32,1.0666666666666667,1.1286130563119032,-0.07393599330259615
COHFACE_s29_session1_lamp,0,33,1.1,0.9513832418672665,-0.053489249261182356
COHFACE_s29_session1_lamp,0,34,1.1333333333333333,0.7566947215261624,0.00116841218460274
COHFACE_s29_session1_lamp,0,35,1.1666666666666667,0.5618898484836881,0.06497765987112492
COHFACE_s29_session1_lamp,0,36,1.2,0.38419164114431076,0.12286674574353496
COHFACE_s29_session1_lamp,0,37,1.2333333333333334,0.2295387635713032,0.16965918945865138
COHFACE_s29_session1_lamp,0,38,1.2666666666666666,0.09283215759825264,0.20354256347737715
COHFACE_s29_session1_lamp,0,39,1.3,-0.031442391150676,0.22572055349587242
COHFACE_s29_session1_lamp,0,40,1.3333333333333333,-0.14246352913996402,0.23839681389038636
COHFACE_s29_session1_lamp,0,41,1.3666666666666667,-0.23458037958920253,0.24449570400482476
COHFACE_s29_session1_lamp,0,42,1.4,-0.3020432540124302,0.2393957505244001
COHFACE_s29_session1_lamp,0,43,1.4333333333333333,-0.34238068328834087,0.21097299938816244
COHFACE_s29_session1_lamp,0,44,1.4666666666666666,-0.3577154752867062,0.170960771120433
COHFACE_s29_session1_lamp,0,45,1.5,-0.3549690287232644,0.15478176102716099
COHFACE_s29_session1_lamp,0,46,1.5333333333333334,-0.3447201427267018,0.17263065265938832
COHFACE_s29_session1_lamp,0,47,1.5666666666666667,-0.3388481601089669,0.20927597293746997
COHFACE_s29_session1_lamp,0,48,1.6,-0.3480736356415589,0.24301296311063386
COHFACE_s29_session1_lamp,0,49,1.6333333333333333,-0.379876582440568,0.24601845332165598
COHFACE_s29_session1_lamp,0,50,1.6666666666666667,-0.4370686339158818,0.19495099251679138
COHFACE_s29_session1_lamp,0,51,1.7,-0.5171150033429875,0.07160466273604633
COHFACE_s29_session1_lamp,0,52,1.7333333333333334,-0.6123960127236143,-0.10159974504495803
COHFACE_s29_session1_lamp,0,53,1.7666666666666666,-0.7111702919420194,-0.2613657920718602
COHFACE_s29_session1_lamp,0,54,1.8,-0.7982896752442518,-0.36345292514339567
COHFACE_s29_session1_lamp,0,55,1.8333333333333333,-0.8554362191271051,-0.3827899326790386
COHFACE_s29_session1_lamp,0,56,1.8666666666666667,-0.8610106239075515,-0.32898081697012005
COHFACE_s29_session1_lamp,0,57,1.9,-0.7894877484912738,-0.24587066387751072
COHFACE_s29_session1_lamp,0,58,1.9333333333333333,-0.6108826060984849,-0.1633992265124376
COHFACE_s29_session1_lamp,0,59,1.9666666666666666,-0.29668457849995483,-0.09731430575273123
COHFACE_s29_session1_lamp,0,60,2.0,0.14804169875638667,-0.0456822899770624
COHFACE_s29_session1_lamp,0,61,2.033333333333333,0.640491987294461,0.01060202169716552
COHFACE_s29_session1_lamp,0,62,2.066666666666667,1.042339211108312,0.06332605907839486
COHFACE_s29_session1_lamp,0,63,2.1,1.255923239873229,0.07681199588339085
COHFACE_s29_session1_lamp,0,64,2.1333333333333333,1.2813514123142904,0.05230612017986273
COHFACE_s29_session1_lamp,0,65,2.1666666666666665,1.1825544338248846,0.027866046888241982
COHFACE_s29_session1_lamp,0,66,2.2,1.02706810950767,0.03428516342466061
COHFACE_s29_session1_lamp,0,67,2.2333333333333334,0.8564564522715964,0.09440184358480538
COHFACE_s29_session1_lamp,0,68,2.2666666666666666,0.690361187462733,0.20182828710792045
COHFACE_s29_session1_lamp,0,69,2.3,0.5404745245510496,0.32072709176186176
COHFACE_s29_session1_lamp,0,70,2.3333333333333335,0.411490993143621,0.4034388032304361
COHFACE_s29_session1_lamp,0,71,2.3666666666666667,0.2962644669699233,0.3910282440520224
COHFACE_s29_session1_lamp,0,72,2.4,0.18269330659848992,0.2882311894825608
COHFACE_s29_session1_lamp,0,73,2.433333333333333,0.0651859792241757,0.16343295088221732
COHFACE_s29_session1_lamp,0,74,2.466666666666667,-0.05259495506392872,0.04974882205357583
COHFACE_s29_session1_lamp,0,75,2.5,-0.16203382446637327,-0.055011062620958194
COHFACE_s29_session1_lamp,0,76,2.533333333333333,-0.25445996617314504,-0.15414486158782417
COHFACE_s29_session1_lamp,0,77,2.566666666666667,-0.32480774278435104,-0.2511933133807488
COHFACE_s29_session1_lamp,0,78,2.6,-0.3738115178855338,-0.33004813858622234
COHFACE_s29_session1_lamp,0,79,2.6333333333333333,-0.40806437171972954,-0.3547087300535405
COHFACE_s29_session1_lamp,0,80,2.6666666666666665,-0.4381409399680344,-0.32743724160261545
COHFACE_s29_session1_lamp,0,81,2.7,-0.47567252882934796,-0.2885160973643621
COHFACE_s29_session1_lamp,0,82,2.7333333333333334,-0.5301199416360618,-0.2539978358227257
COHFACE_s29_session1_lamp,0,83,2.7666666666666666,-0.605965750922342,-0.21553458113652313
COHFACE_s29_session1_lamp,0,84,2.8,-0.7009605136961193,-0.18552763376252718
COHFACE_s29_session1_lamp,0,85,2.8333333333333335,-0.8056614659542372,-0.19707349781505698
COHFACE_s29_session1_lamp,0,86,2.8666666666666667,-0.9042513983442624,-0.25654561552607996
COHFACE_s29_session1_lamp,0,87,2.9,-0.975752304810243,-0.34336987055111035
COHFACE_s29_session1_lamp,0,88,2.933333333333333,-0.9945601338515957,-0.4296762455530896
COHFACE_s29_session1_lamp,0,89,2.966666666666667,-0.9303904211966945,-0.4805333861764591
COHFACE_s29_session1_lamp,0,90,3.0,-0.748622528010855,-0.4696181959829744
COHFACE_s29_session1_lamp,0,91,3.033333333333333,-0.4168256444913857,-0.3796715109233575
COHFACE_s29_session1_lamp,0,92,3.066666666666667,0.0622016571799389,-0.22258829337598576
COHFACE_s29_session1_lamp,0,93,3.1,0.6031236484644036,-0.03978341143576322
COHFACE_s29_session1_lamp,0,94,3.1333333333333333,1.059540679780409,0.14660247351763894
COHFACE_s29_session1_lamp,0,95,3.1666666666666665,1.3258948970370137,0.3329718994268496
COHFACE_s29_session1_lamp,0,96,3.2,1.3981405265474014,0.5153067436074565
COHFACE_s29_session1_lamp,0,97,3.2333333333333334,1.3361558181499564,0.6879024055729436
COHFACE_s29_session1_lamp,0,98,3.2666666666666666,1.20076672222828,0.8359763925343191
COHFACE_s29_session1_lamp,0,99,3.3,1.0264712217156595,0.9348313784537858
COHFACE_s29_session1_lamp,0,100,3.3333333333333335,0.8286087686707297,0.9739153097849356
COHFACE_s29_session1_lamp,0,101,3.3666666666666667,0.6222064517562599,0.9564162286678329
COHFACE_s29_session1_lamp,0,102,3.4,0.4273573575188333,0.8970484715006898
COHFACE_s29_session1_lamp,0,103,3.433333333333333,0.2571481334172187,0.8217803190563746
COHFACE_s29_session1_lamp,0,104,3.466666666666667,0.11102116069344521,0.7232374673404552
COHFACE_s29_session1_lamp,0,105,3.5,-0.016916334427877683,0.5615053933069261
COHFACE_s29_session1_lamp,0,106,3.533333333333333,-0.12864332153535069,0.3267374935704845
COHFACE_s29_session1_lamp,0,107,3.566666666666667,-0.22097180304690162,0.04066585212346078
COHFACE_s29_session1_lamp,0,108,3.6,-0.2890901823710983,-0.26313755059197086
COHFACE_s29_session1_lamp,0,109,3.6333333333333333,-0.3304458029594878,-0.5381023906650639
COHFACE_s29_session1_lamp,0,110,3.6666666666666665,-0.3468985365413505,-0.7565387924367121
COHFACE_s29_session1_lamp,0,111,3.7,-0.3448731705408458,-0.9083930322800231
COHFACE_s29_session1_lamp,0,112,3.7333333333333334,-0.334599857686734,-0.9943205377454651
COHFACE_s29_session1_lamp,0,113,3.7666666666666666,-0.3284921377627106,-1.0245221685197876
COHFACE_s29_session1_lamp,0,114,3.8,-0.33808013758185385,-1.0039876652361948
COHFACE_s29_session1_lamp,0,115,3.8333333333333335,-0.37152717930944346,-0.9321023050775243
COHFACE_s29_session1_lamp,0,116,3.8666666666666667,-0.4326468530723294,-0.8114337806653076
COHFACE_s29_session1_lamp,0,117,3.9,-0.5202779802387699,-0.64816827880944
COHFACE_s29_session1_lamp,0,118,3.933333333333333,-0.6280896686984739,-0.4681381976081733
COHFACE_s29_session1_lamp,0,119,3.966666666666667,-0.7448525323376151,-0.31727110206076514
COHFACE_s29_session1_lamp,0,120,4.0,-0.8550671115582743,-0.21766982875348523
COHFACE_s29_session1_lamp,0,121,4.033333333333333,-0.9395188575125016,-0.1681044445520536
COHFACE_s29_session1_lamp,0,122,4.066666666666666,-0.9753113306201414,-0.14028148682851543
COHFACE_s29_session1_lamp,0,123,4.1,-0.9353912065486599,-0.08007908551127217
COHFACE_s29_session1_lamp,0,124,4.133333333333334,-0.7878317019198745,0.02304582451683812
COHFACE_s29_session1_lamp,0,125,4.166666666666667,-0.4983078164627736,0.13524968909746005
COHFACE_s29_session1_lamp,0,126,4.2,-0.05403328717775671,0.24833305206068107
COHFACE_s29_session1_lamp,0,127,4.233333333333333,0.4851911715948203,0.3791025699530133
COHFACE_s29_session1_lamp,0,128,4.266666666666667,0.980563048264046,0.5431200517507435
COHFACE_s29_session1_lamp,0,129,4.3,1.303809047718467,0.753259498459623
COHFACE_s29_session1_lamp,0,130,4.333333333333333,1.423037192130579,0.9695026941320768
COHFACE_s29_session1_lamp,0,131,4.366666666666666,1.3883634089610808,1.0985497138700921
COHFACE_s29_session1_lamp,0,132,4.4,1.2652817541748302,1.0847318748311063
COHFACE_s29_session1_lamp,0,133,4.433333333333334,1.0949134075754934,0.9106806928897047
COHFACE_s29_session1_lamp,0,134,4.466666666666667,0.8955045759056702,0.6396724106690728
COHFACE_s29_session1_lamp,0,135,4.5,0.6818462909280977,0.4150705477446863
COHFACE_s29_session1_lamp,0,136,4.533333333333333,0.4748203049649562,0.28660625763133574
COHFACE_s29_session1_lamp,0,137,4.566666666666666,0.2913638862725939,0.2105996821459828
COHFACE_s29_session1_lamp,0,138,4.6,0.13434159347669417,0.15174852999216512
COHFACE_s29_session1_lamp,0,139,4.633333333333334,-0.0019189842856407596,0.08475514825474398
COHFACE_s29_session1_lamp,0,140,4.666666666666667,-0.12059921876213749,0.00022108850144501868
COHFACE_s29_session1_lamp,0,141,4.7,-0.21871691603716653,-0.09452426225113283
COHFACE_s29_session1_lamp,0,142,4.733333333333333,-0.29054147487652626,-0.19598535350533394
COHFACE_s29_session1_lamp,0,143,4.766666666666667,-0.33229411262133224,-0.3038419368976914
COHFACE_s29_session1_lamp,0,144,4.8,-0.3447448259733001,-0.4072352096408728
COHFACE_s29_session1_lamp,0,145,4.833333333333333,-0.3338125466256766,-0.484234861918192
COHFACE_s29_session1_lamp,0,146,4.866666666666666,-0.3097309259906156,-0.5320003726381347
COHFACE_s29_session1_lamp,0,147,4.9,-0.2849159186978323,-0.5662545813327539
COHFACE_s29_session1_lamp,0,148,4.933333333333334,-0.2716093905168831,-0.5951256679309969
COHFACE_s29_session1_lamp,0,149,4.966666666666667,-0.2800052333539891,-0.6186347254499924
COHFACE_s29_session1_lamp,0,150,5.0,-0.31641770176133194,-0.6405547725360422
COHFACE_s29_session1_lamp,0,151,5.033333333333333,-0.38226718815541927,-0.6681293001534883
COHFACE_s29_session1_lamp,0,152,5.066666666666666,-0.4744418781253679,-0.6989256742922078
COHFACE_s29_session1_lamp,0,153,5.1,-0.5858494139048616,-0.7207335569592623
COHFACE_s29_session1_lamp,0,154,5.133333333333334,-0.7056663587450072,-0.7244228653685815
COHFACE_s29_session1_lamp,0,155,5.166666666666667,-0.8194460848840894,-0.7041048547512437
COHFACE_s29_session1_lamp,0,156,5.2,-0.9092310618083873,-0.6442973061414974
COHFACE_s29_session1_lamp,0,157,5.233333333333333,-0.95365339591091,-0.5205932939777012
COHFACE_s29_session1_lamp,0,158,5.266666666666667,-0.9274988637759142,-0.32063355357253914
COHFACE_s29_session1_lamp,0,159,5.3,-0.8006798098845753,-0.04543986704869883
COHFACE_s29_session1_lamp,0,160,5.333333333333333,-0.5393047165959649,0.2704429297352489
COHFACE_s29_session1_lamp,0,161,5.366666666666666,-0.12412718564958002,0.5578771358823424
COHFACE_s29_session1_lamp,0,162,5.4,0.40051362190621287,0.7990111453022816
COHFACE_s29_session1_lamp,0,163,5.433333333333334,0.9058610325390459,1.0256515415768348
COHFACE_s29_session1_lamp,0,164,5.466666666666667,1.254832487980319,1.215295820736343
COHFACE_s29_session1_lamp,0,165,5.5,1.3979460139544715,1.2900962752392526
COHFACE_s29_session1_lamp,0,166,5.533333333333333,1.3762930281376646,1.2347325267826044
COHFACE_s29_session1_lamp,0,167,5.566666666666666,1.258321705346687,1.0962873433367137
COHFACE_s29_session1_lamp,0,168,5.6,1.0926287154293945,0.9180922911126044
COHFACE_s29_session1_lamp,0,169,5.633333333333334,0.9012592823916513,0.7394768499005204
COHFACE_s29_session1_lamp,0,170,5.666666666666667,0.6970133208455248,0.5737756579123257
COHFACE_s29_session1_lamp,0,171,5.7,0.49725195843150233,0.4092635038720069
COHFACE_s29_session1_lamp,0,172,5.733333333333333,0.3175530815798109,0.2331866698972398
COHFACE_s29_session1_lamp,0,173,5.766666666666667,0.16146805943042336,0.03337638002467114
COHFACE_s29_session1_lamp,0,174,5.8,0.024518123673240536,-0.17415620104947055
COHFACE_s29_session1_lamp,0,175,5.833333333333333,-0.09576440241195437,-0.3441638278570308
COHFACE_s29_session1_lamp,0,176,5.866666666666666,-0.1962357931538103,-0.4591058408739166
COHFACE_s29_session1_lamp,0,177,5.9,-0.27123233465599655,-0.5283424503333194
COHFACE_s29_session1_lamp,0,178,5.933333333333334,-0.31702908028617827,-0.5656770154308404
COHFACE_s29_session1_lamp,0,179,5.966666666666667,-0.33422502105743046,-0.5883734715219929
COHFACE_s29_session1_lamp,0,180,6.0,-0.32824748707401935,-0.5963489784300382
COHFACE_s29_session1_lamp,0,181,6.033333333333333,-0.3086996867201876,-0.5719387357141119
COHFACE_s29_session1_lamp,0,182,6.066666666666666,-0.287581296298294,-0.5214047038588008
COHFACE_s29_session1_lamp,0,183,6.1,-0.27710630566875827,-0.47487653174880196
COHFACE_s29_session1_lamp,0,184,6.133333333333334,-0.2874401161674601,-0.44623677262067707
COHFACE_s29_session1_lamp,0,185,6.166666666666667,-0.32478451284381393,-0.43302675078327296
COHFACE_s29_session1_lamp,0,186,6.2,-0.390722978252605,-0.42897120673963685
COHFACE_s29_session1_lamp,0,187,6.233333333333333,-0.4822769323787009,-0.42425384794387566
COHFACE_s29_session1_lamp,0,188,6.266666666666667,-0.5920702039224862,-0.4110475075945743
COHFACE_s29_session1_lamp,0,189,6.3,-0.7089035469463143,-0.3838002005782798
COHFACE_s29_session1_lamp,0,190,6.333333333333333,-0.81824122799729,-0.34327612577475064
COHFACE_s29_session1_lamp,0,191,6.366666666666666,-0.9023361946776821,-0.29677871638208814
COHFACE_s29_session1_lamp,0,192,6.4,-0.9402057016647036,-0.2497598982356846
COHFACE_s29_session1_lamp,0,193,6.433333333333334,-0.9068477502938901,-0.20606331857362858
COHFACE_s29_session1_lamp,0,194,6.466666666666667,-0.7719327264018979,-0.15308932312809947
COHFACE_s29_session1_lamp,0,195,6.5,-0.5018053409558835,-0.06254778836193961
COHFACE_s29_session1_lamp,0,196,6.533333333333333,-0.08107582513340039,0.0732073000409354
COHFACE_s29_session1_lamp,0,197,6.566666666666666,0.43833554532914065,0.24023143938971053
COHFACE_s29_session1_lamp,0,198,6.6,0.9247174020554795,0.4171135898455458
COHFACE_s29_session1_lamp,0,199,6.633333333333334,1.2481127668736915,0.5743277142837244
COHFACE_s29_session1_lamp,0,200,6.666666666666667,1.3692574713429255,0.7123640913170192
COHFACE_s29_session1_lamp,0,201,6.7,1.3342329098715917,0.8605379890961478
COHFACE_s29_session1_lamp,0,202,6.733333333333333,1.2112434433224606,1.0048327395193604
COHFACE_s29_session1_lamp,0,203,6.766666666666667,1.0466170676400361,1.0872157610222029
COHFACE_s29_session1_lamp,0,204,6.8,0.8601723478809922,1.0660571566886767
COHFACE_s29_session1_lamp,0,205,6.833333333333333,0.6639426011417568,0.9167408021673211
COHFACE_s29_session1_lamp,0,206,6.866666666666666,0.4745064870688062,0.6740561352890222
COHFACE_s29_session1_lamp,0,207,6.9,0.3045087725648018,0.4322955024953164
COHFACE_s29_session1_lamp,0,208,6.933333333333334,0.15411584880392515,0.23389124121729113
COHFACE_s29_session1_lamp,0,209,6.966666666666667,0.01770156482922554,0.0699780500705398
COHFACE_s29_session1_lamp,0,210,7.0,-0.10616171965823994,-0.0728755862135478
COHFACE_s29_session1_lamp,0,211,7.033333333333333,-0.21280045695056707,-0.2110388785952362
COHFACE_s29_session1_lamp,0,212,7.066666666666666,-0.2955095422502242,-0.3470259704852323
COHFACE_s29_session1_lamp,0,213,7.1,-0.34981845947302703,-0.46836219836261384
COHFACE_s29_session1_lamp,0,214,7.133333333333334,-0.37580124495043066,-0.5673271362038603
COHFACE_s29_session1_lamp,0,215,7.166666666666667,-0.378815499942455,-0.6402428644918329
COHFACE_s29_session1_lamp,0,216,7.2,-0.3686730539396797,-0.687549479351352
COHFACE_s29_session1_lamp,0,217,7.233333333333333,-0.35760974774969984,-0.7132213967256587
COHFACE_s29_session1_lamp,0,218,7.266666666666667,-0.35756229107336507,-0.726634662089352
COHFACE_s29_session1_lamp,0,219,7.3,-0.37747755225967244,-0.7420876678254954
COHFACE_s29_session1_lamp,0,220,7.333333333333333,-0.4214508601908684,-0.7621115481858095
COHFACE_s29_session1_lamp,0,221,7.366666666666666,-0.48790233494176305,-0.7772885021993592
COHFACE_s29_session1_lamp,0,222,7.4,-0.5701006996906991,-0.7776268463424133
COHFACE_s29_session1_lamp,0,223,7.433333333333334,-0.6571932318304388,-0.7527692701408978
COHFACE_s29_session1_lamp,0,224,7.466666666666667,-0.7347228874446017,-0.6839831211031783
COHFACE_s29_session1_lamp,0,225,7.5,-0.7851487528402016,-0.5449304139019672
COHFACE_s29_session1_lamp,0,226,7.533333333333333,-0.7881325751756959,-0.32559673740141215
COHFACE_s29_session1_lamp,0,227,7.566666666666666,-0.7198660524944938,-0.033643512342303526
COHFACE_s29_session1_lamp,0,228,7.6,-0.5525453838491013,0.306121986144112
COHFACE_s29_session1_lamp,0,229,7.633333333333334,-0.2592100468258941,0.6502974517545798
COHFACE_s29_session1_lamp,0,230,7.666666666666667,0.15721780259172433,0.9395446285418094
COHFACE_s29_session1_lamp,0,231,7.7,0.6205053008453916,1.0977678738253291
COHFACE_s29_session1_lamp,0,232,7.733333333333333,0.998994007620606,1.1240016819145782
COHFACE_s29_session1_lamp,0,233,7.766666666666667,1.1975206614976845,1.0912578389513041
COHFACE_s29_session1_lamp,0,234,7.8,1.2150352493050167,1.0524916547483816
COHFACE_s29_session1_lamp,0,235,7.833333333333333,1.1130879843067893,1.039289656046473
COHFACE_s29_session1_lamp,0,236,7.866666666666666,0.9568361278026304,1.0193958199567756
COHFACE_s29_session1_lamp,0,237,7.9,0.7871121593815842,0.8977427642280755
COHFACE_s29_session1_lamp,0,238,7.933333333333334,0.6253660221848422,0.6653027477348901
COHFACE_s29_session1_lamp,0,239,7.966666666666667,0.48487919203619373,0.40025342278775117
COHFACE_s29_session1_lamp,0,240,8.0,0.3686366611922854,0.15180270106336607
COHFACE_s29_session1_lamp,0,241,8.033333333333333,0.2658213461514328,-0.059275911380080315
COHFACE_s29_session1_lamp,0,242,8.066666666666666,0.1616114782937128,-0.2415375146332054
COHFACE_s29_session1_lamp,0,243,8.1,0.04924792828106235,-0.4310436144138069
COHFACE_s29_session1_lamp,0,244,8.133333333333333,-0.067442352619174,-0.628340394141014
COHFACE_s29_session1_lamp,0,245,8.166666666666666,-0.17875983693885789,-0.7970240232876391
COHFACE_s29_session1_lamp,0,246,8.2,-0.27504972794893856,-0.9183928106412983
COHFACE_s29_session1_lamp,0,247,8.233333333333333,-0.3507170959745022,-0.9907296967468098
COHFACE_s29_session1_lamp,0,248,8.266666666666667,-0.4063107172767437,-1.0237230589855995
COHFACE_s29_session1_lamp,0,249,8.3,-0.44875951802752123,-1.0376439492637741
COHFACE_s29_session1_lamp,0,250,8.333333333333334,-0.4891899400035383,-1.0280948697968217
COHFACE_s29_session1_lamp,0,251,8.366666666666667,-0.5392387164781531,-0.9660383751286337
COHFACE_s29_session1_lamp,0,252,8.4,-0.6072591035077666,-0.8310599456911505
COHFACE_s29_session1_lamp,0,253,8.433333333333334,-0.6952510797499776,-0.6124293582371745
COHFACE_s29_session1_lamp,0,254,8.466666666666667,-0.7971802601619351,-0.34319225561427613
COHFACE_s29_session1_lamp,0,255,8.5,-0.8986884064478184,-0.10083550901189331
COHFACE_s29_session1_lamp,0,256,8.533333333333333,-0.9784732355588288,0.09012856558481744
COHFACE_s29_session1_lamp,0,257,8.566666666666666,-1.0103221843542392,0.25706739403454637
COHFACE_s29_session1_lamp,0,258,8.6,-0.9632871281406064,0.4322958951572674
COHFACE_s29_session1_lamp,0,259,8.633333333333333,-0.8012302979331697,0.6508822335484261
COHFACE_s29_session1_lamp,0,260,8.666666666666666,-0.4884248938008223,0.8826889950158747
COHFACE_s29_session1_lamp,0,261,8.7,-0.020368822204420788,1.031616413974916
COHFACE_s29_session1_lamp,0,262,8.733333333333333,0.5266779893918541,1.0527119189753886
COHFACE_s29_session1_lamp,0,263,8.766666666666667,1.0078966777741065,0.9523570012603435
COHFACE_s29_session1_lamp,0,264,8.8,1.308795981776063,0.7801921897957216
COHFACE_s29_session1_lamp,0,265,8.833333333333334,1.414494384034621,0.6283887793868292
COHFACE_s29_session1_lamp,0,266,8.866666666666667,1.3795478013857672,0.5248557683415795
COHFACE_s29_session1_lamp,0,267,8.9,1.2636823495787808,0.4335320615128188
COHFACE_s29_session1_lamp,0,268,8.933333333333334,1.100839399510958,0.3256782550466625
COHFACE_s29_session1_lamp,0,269,8.966666666666667,0.9054114248764441,0.18139126399022798
COHFACE_s29_session1_lamp,0,270,9.0,0.6922611114039529,0.017402550165028764
COHFACE_s29_session1_lamp,0,271,9.033333333333333,0.4838857983893858,-0.11231911563429516
COHFACE_s29_session1_lamp,0,272,9.066666666666666,0.2977740628099822,-0.19738984912862198
COHFACE_s29_session1_lamp,0,273,9.1,0.13681069592115536,-0.27031815764620104
COHFACE_s29_session1_lamp,0,274,9.133333333333333,-0.003773742153528034,-0.34061352675455736
COHFACE_s29_session1_lamp,0,275,9.166666666666666,-0.12593392752971455,-0.39392452552260826
COHFACE_s29_session1_lamp,0,276,9.2,-0.22685802811270767,-0.4270637722152082
COHFACE_s29_session1_lamp,0,277,9.233333333333333,-0.30275927521974355,-0.44765669810510267
COHFACE_s29_session1_lamp,0,278,9.266666666666667,-0.3523287687256882,-0.4586434887460763
COHFACE_s29_session1_lamp,0,279,9.3,-0.37858223046884787,-0.4579963244549822
COHFACE_s29_session1_lamp,0,280,9.333333333333334,-0.3890063240943795,-0.4450651532108789
COHFACE_s29_session1_lamp,0,281,9.366666666666667,-0.3942963130332696,-0.4205653604117845
COHFACE_s29_session1_lamp,0,282,9.4,-0.40640046970703186,-0.39180002899827676
COHFACE_s29_session1_lamp,0,283,9.433333333333334,-0.43600301165538685,-0.37260620513157616
COHFACE_s29_session1_lamp,0,284,9.466666666666667,-0.49011239102460347,-0.35894754372549226
COHFACE_s29_session1_lamp,0,285,9.5,-0.5703737214578843,-0.329165652089595
COHFACE_s29_session1_lamp,0,286,9.533333333333333,-0.6722873068818271,-0.2738282706928279
COHFACE_s29_session1_lamp,0,287,9.566666666666666,-0.785399993118748,-0.19622575835898287
COHFACE_s29_session1_lamp,0,288,9.6,-0.8940165570928255,-0.10692108561682984
COHFACE_s29_session1_lamp,0,289,9.633333333333333,-0.9780813399292256,-0.024022299748742412
COHFACE_s29_session1_lamp,0,290,9.666666666666666,-1.013825930937932,0.061189922963543655
COHFACE_s29_session1_lamp,0,291,9.7,-0.9735922165013945,0.18339285540498163
COHFACE_s29_session1_lamp,0,292,9.733333333333333,-0.8249809986175313,0.3359839866313299
COHFACE_s29_session1_lamp,0,293,9.766666666666667,-0.5332747366443672,0.47037423489428104
COHFACE_s29_session1_lamp,0,294,9.8,-0.08544366457277743,0.5699116054153703
COHFACE_s29_session1_lamp,0,295,9.833333333333334,0.459165141772554,0.6493854352801254
COHFACE_s29_session1_lamp,0,296,9.866666666666667,0.9625855955348672,0.7146630387725297
COHFACE_s29_session1_lamp,0,297,9.9,1.2975653088500922,0.7619520417654881
COHFACE_s29_session1_lamp,0,298,9.933333333333334,1.4325485729570218,0.7819663431443792
COHFACE_s29_session1_lamp,0,299,9.966666666666667,1.4161311157958152,0.7598708846361824
COHFACE_s29_session1_lamp,0,300,10.0,1.3106700367160649,0.6864962614284804
COHFACE_s29_session1_lamp,0,301,10.033333333333333,1.1533311829892328,0.5587912372798941
COHFACE_s29_session1_lamp,0,302,10.066666666666666,0.9583660070542208,0.3861642148150725
COHFACE_s29_session1_lamp,0,303,10.1,0.7386756898896812,0.19116637979859222
COHFACE_s29_session1_lamp,0,304,10.133333333333333,0.5172104060350161,-0.013033615017565156
COHFACE_s29_session1_lamp,0,305,10.166666666666666,0.3156527842475233,-0.22159142076027905
COHFACE_s29_session1_lamp,0,306,10.2,0.14147672028282776,-0.42769288607647
COHFACE_s29_session1_lamp,0,307,10.233333333333333,-0.007830770027629816,-0.6212241132996598
COHFACE_s29_session1_lamp,0,308,10.266666666666667,-0.13378033516780186,-0.7983589598808782
COHFACE_s29_session1_lamp,0,309,10.3,-0.23320161728969543,-0.960269203341665
COHFACE_s29_session1_lamp,0,310,10.333333333333334,-0.3014434132285355,-1.0988424007175568
COHFACE_s29_session1_lamp,0,311,10.366666666666667,-0.3364707254593199,-1.1957689502620623
COHFACE_s29_session1_lamp,0,312,10.4,-0.3407948046121168,-1.246405668541497
COHFACE_s29_session1_lamp,0,313,10.433333333333334,-0.3216747515145215,-1.2592601301512028
COHFACE_s29_session1_lamp,0,314,10.466666666666667,-0.2902357766887762,-1.2212517957998863
COHFACE_s29_session1_lamp,0,315,10.5,-0.25937767571248427,-1.0980730885227359
COHFACE_s29_session1_lamp,0,316,10.533333333333333,-0.2411446300566633,-0.8697691103750301
COHFACE_s29_session1_lamp,0,317,10.566666666666666,-0.244786317633546,-0.5322966401661906
COHFACE_s29_session1_lamp,0,318,10.6,-0.275764932409464,-0.09038488091234961
COHFACE_s29_session1_lamp,0,319,10.633333333333333,-0.33541571765909106,0.44006736816696
COHFACE_s29_session1_lamp,0,320,10.666666666666666,-0.4215041903667107,0.9790649157704039
COHFACE_s29_session1_lamp,0,321,10.7,-0.5286328187692523,1.380905282914925
COHFACE_s29_session1_lamp,0,322,10.733333333333333,-0.6481441715212305,1.5809862802552839
COHFACE_s29_session1_lamp,0,323,10.766666666666667,-0.7682919713581522,1.5946887947189055
COHFACE_s29_session1_lamp,0,324,10.8,-0.8742154132842,1.461290576447582
COHFACE_s29_session1_lamp,0,325,10.833333333333334,-0.9478986252960337,1.2426653648433337
COHFACE_s29_session1_lamp,0,326,10.866666666666667,-0.9676312971380865,0.9934789669005356
COHFACE_s29_session1_lamp,0,327,10.9,-0.9065322960378569,0.7611449943129421
COHFACE_s29_session1_lamp,0,328,10.933333333333334,-0.7317631655417116,0.5581997580050722
COHFACE_s29_session1_lamp,0,329,10.966666666666667,-0.4100338743040924,0.3636065863314666
COHFACE_s29_session1_lamp,0,330,11.0,0.059958852513198276,0.17021623657368828
COHFACE_s29_session1_lamp,0,331,11.033333333333333,0.5975799402847588,-0.01359963096080087
COHFACE_s29_session1_lamp,0,332,11.066666666666666,1.057324052979355,-0.18276611619389543
COHFACE_s29_session1_lamp,0,333,11.1,1.330749746086354,-0.3342766926913626
COHFACE_s29_session1_lamp,0,334,11.133333333333333,1.4114044355250592,-0.44654158217988305
COHFACE_s29_session1_lamp,0,335,11.166666666666666,1.359582945329139,-0.4788522869071511
COHFACE_s29_session1_lamp,0,336,11.2,1.2363940935173752,-0.4514710353556371
COHFACE_s29_session1_lamp,0,337,11.233333333333333,1.0729890425694633,-0.4447394318579986
COHFACE_s29_session1_lamp,0,338,11.266666666666667,0.8800225238228785,-0.4822904543046327
COHFACE_s29_session1_lamp,0,339,11.3,0.6709299977847356,-0.530344216490779
COHFACE_s29_session1_lamp,0,340,11.333333333333334,0.46716546133389125,-0.5641270377617671
COHFACE_s29_session1_lamp,0,341,11.366666666666667,0.2836062347151105,-0.5681802052965378
COHFACE_s29_session1_lamp,0,342,11.4,0.12170582213257909,-0.5333017546544289
COHFACE_s29_session1_lamp,0,343,11.433333333333334,-0.02180079541951596,-0.4567368212286349
COHFACE_s29_session1_lamp,0,344,11.466666666666667,-0.14667495093670374,-0.3355354981776725
COHFACE_s29_session1_lamp,0,345,11.5,-0.24887017363217914,-0.16715673281512788
COHFACE_s29_session1_lamp,0,346,11.533333333333333,-0.32403144740809053,0.00823642122786849
COHFACE_s29_session1_lamp,0,347,11.566666666666666,-0.3708286511709729,0.10774210707979914
COHFACE_s29_session1_lamp,0,348,11.6,-0.3924792750262485,0.12435324694182417
COHFACE_s29_session1_lamp,0,349,11.633333333333333,-0.396650775199716,0.12644894723389655
COHFACE_s29_session1_lamp,0,350,11.666666666666666,-0.39431961621626394,0.14050541883049295
COHFACE_s29_session1_lamp,0,351,11.7,-0.3971530036952737,0.15031213394309276
COHFACE_s29_session1_lamp,0,352,11.733333333333333,-0.4145892420754321,0.1413666790516005
COHFACE_s29_session1_lamp,0,353,11.766666666666667,-0.4521841026769851,0.1012112977172328
COHFACE_s29_session1_lamp,0,354,11.8,-0.5108914611920641,0.025200951612904476
COHFACE_s29_session1_lamp,0,355,11.833333333333334,-0.5866431033467846,-0.08308760261215108
COHFACE_s29_session1_lamp,0,356,11.866666666666667,-0.6702522555812624,-0.1855634745571856
COHFACE_s29_session1_lamp,0,357,11.9,-0.748170465449728,-0.2099539308452647
COHFACE_s29_session1_lamp,0,358,11.933333333333334,-0.8035979529118704,-0.13198823480709354
COHFACE_s29_session1_lamp,0,359,11.966666666666667,-0.816759968404583,0.024071669925078098
COHFACE_s29_session1_lamp,0,360,12.0,-0.7641815956225931,0.21238343934733664
COHFACE_s29_session1_lamp,0,361,12.033333333333333,-0.6177310894555762,0.365728048888457
COHFACE_s29_session1_lamp,0,362,12.066666666666666,-0.34760327251822765,0.4609015453416471
COHFACE_s29_session1_lamp,0,363,12.1,0.053294758843088104,0.518296109611529
COHFACE_s29_session1_lamp,0,364,12.133333333333333,0.5236258764077028,0.5493659238529496
COHFACE_s29_session1_lamp,0,365,12.166666666666666,0.9354127848030809,0.5559089513836496
COHFACE_s29_session1_lamp,0,366,12.2,1.1793431742696798,0.5312922084356151
COHFACE_s29_session1_lamp,0,367,12.233333333333333,1.237221448077695,0.4606306362580822
COHFACE_s29_session1_lamp,0,368,12.266666666666667,1.1637914830634752,0.34754439389946296
COHFACE_s29_session1_lamp,0,369,12.3,1.0257287536123425,0.21460507867439205
COHFACE_s29_session1_lamp,0,370,12.333333333333334,0.8656120553819959,0.08190609279511435
COHFACE_s29_session1_lamp,0,371,12.366666666666667,0.7039137902142656,-0.03251432148906308
COHFACE_s29_session1_lamp,0,372,12.4,0.5538740815136842,-0.1301232731976446
COHFACE_s29_session1_lamp,0,373,12.433333333333334,0.42210638464484207,-0.23098273116291534
COHFACE_s29_session1_lamp,0,374,12.466666666666667,0.30201902485985277,-0.33460508733324246
COHFACE_s29_session1_lamp,0,375,12.5,0.18054826214382205,-0.41920402860357364
COHFACE_s29_session1_lamp,0,376,12.533333333333333,0.05101796399321798,-0.48040357799635475
COHFACE_s29_session1_lamp,0,377,12.566666666666666,-0.08310944144169868,-0.5307320304088383
COHFACE_s29_session1_lamp,0,378,12.6,-0.2125546646878027,-0.5749525886613
COHFACE_s29_session1_lamp,0,379,12.633333333333333,-0.32779076208782,-0.6095594113965309
COHFACE_s29_session1_lamp,0,380,12.666666666666666,-0.4231034401432606,-0.6294747075398112
COHFACE_s29_session1_lamp,0,381,12.7,-0.49883895900251335,-0.6279638357477278
COHFACE_s29_session1_lamp,0,382,12.733333333333333,-0.5614720127771982,-0.5990445653063449
COHFACE_s29_session1_lamp,0,383,12.766666666666667,-0.6210209069933036,-0.5377101734165599
COHFACE_s29_session1_lamp,0,384,12.8,-0.6866705135691823,-0.4511133161550629
COHFACE_s29_session1_lamp,0,385,12.833333333333334,-0.7629774219036942,-0.3588597346613571
COHFACE_s29_session1_lamp,0,386,12.866666666666667,-0.8473809388900712,-0.2656792932980182
COHFACE_s29_session1_lamp,0,387,12.9,-0.9288084142692641,-0.16202568240685666
COHFACE_s29_session1_lamp,0,388,12.933333333333334,-0.9882895724075537,-0.03555145070590507
COHFACE_s29_session1_lamp,0,389,12.966666666666667,-1.0005061463207905,0.12771207022965955
COHFACE_s29_session1_lamp,0,390,13.0,-0.9341903621255293,0.3431503088589486
COHFACE_s29_session1_lamp,0,391,13.033333333333333,-0.7524138071795538,0.6258738331874651
COHFACE_s29_session1_lamp,0,392,13.066666666666666,-0.4206517717356397,0.9284583706764171
COHFACE_s29_session1_lamp,0,393,13.1,0.05696933770034508,1.1402188847533856
COHFACE_s29_session1_lamp,0,394,13.133333333333333,0.5917114243525003,1.1877364533043104
COHFACE_s29_session1_lamp,0,395,13.166666666666666,1.039432441727591,1.0354091137001962
COHFACE_s29_session1_lamp,0,396,13.2,1.3032708940704048,0.7427070500026021
COHFACE_s29_session1_lamp,0,397,13.233333333333333,1.3847275975945648,0.4635274041248493
COHFACE_s29_session1_lamp,0,398,13.266666666666667,1.3410966886452043,0.2748043460891912
COHFACE_s29_session1_lamp,0,399,13.3,1.2256704971872063,0.17629352172701457
COHFACE_s29_session1_lamp,0,400,13.333333333333334,1.0649592040715603,0.13038433674702765
COHFACE_s29_session1_lamp,0,401,13.366666666666667,0.8702180715131775,0.06391016988464851
COHFACE_s29_session1_lamp,0,402,13.4,0.6581755899687382,-0.04870167420770376
COHFACE_s29_session1_lamp,0,403,13.433333333333334,0.4532527891672965,-0.18418188249383402
COHFACE_s29_session1_lamp,0,404,13.466666666666667,0.2716313712656888,-0.3150363625077166
COHFACE_s29_session1_lamp,0,405,13.5,0.11420292451066703,-0.40932596383790093
COHFACE_s29_session1_lamp,0,406,13.533333333333333,-0.023968907987942045,-0.4683681061449496
COHFACE_s29_session1_lamp,0,407,13.566666666666666,-0.14416358318000613,-0.5259826622944249
COHFACE_s29_session1_lamp,0,408,13.6,-0.24341484292183133,-0.5714253687230612
COHFACE_s29_session1_lamp,0,409,13.633333333333333,-0.3186367017155396,-0.5492512489648558
COHFACE_s29_session1_lamp,0,410,13.666666666666666,-0.3700566618703081,-0.4724374998496693
COHFACE_s29_session1_lamp,0,411,13.7,-0.40223415951331665,-0.4221469185714044
COHFACE_s29_session1_lamp,0,412,13.733333333333333,-0.42363951711613623,-0.42771489477653596
COHFACE_s29_session1_lamp,0,413,13.766666666666667,-0.4451871236347139,-0.46615670537670556
COHFACE_s29_session1_lamp,0,414,13.8,-0.4776053738302187,-0.4847654034919451
COHFACE_s29_session1_lamp,0,415,13.833333333333334,-0.5286099077209307,-0.4023596854106554
COHFACE_s29_session1_lamp,0,416,13.866666666666667,-0.6009945870288459,-0.22135420855130541
COHFACE_s29_session1_lamp,0,417,13.9,-0.6915764012019093,-0.02829501509524295
COHFACE_s29_session1_lamp,0,418,13.933333333333334,-0.790934832810805,0.13428285683230262
COHFACE_s29_session1_lamp,0,419,13.966666666666667,-0.8844120500928042,0.267678426946659
COHFACE_s29_session1_lamp,0,420,14.0,-0.9533201683992916,0.3857708892779945
COHFACE_s29_session1_lamp,0,421,14.033333333333333,-0.975130314215521,0.5136465548581981
COHFACE_s29_session1_lamp,0,422,14.066666666666666,-0.9226639995748452,0.639730150999128
COHFACE_s29_session1_lamp,0,423,14.1,-0.7634317289879382,0.7151919489646393
COHFACE_s29_session1_lamp,0,424,14.133333333333333,-0.4645819629446543,0.7218955718882748
COHFACE_s29_session1_lamp,0,425,14.166666666666666,-0.022133086478591833,0.672381340490375
COHFACE_s29_session1_lamp,0,426,14.2,0.4924782892966731,0.5795141839489558
COHFACE_s29_session1_lamp,0,427,14.233333333333333,0.9453125534261941,0.45648279468278286
COHFACE_s29_session1_lamp,0,428,14.266666666666667,1.2328195247005629,0.3157402036528701
COHFACE_s29_session1_lamp,0,429,14.3,1.3430569741192881,0.16955385082448113
COHFACE_s29_session1_lamp,0,430,14.333333333333334,1.3244056793797658,0.028187658311293766
COHFACE_s29_session1_lamp,0,431,14.366666666666667,1.226593160821661,-0.09931039747339043
COHFACE_s29_session1_lamp,0,432,14.4,1.0752503865901355,-0.21379826158190118
COHFACE_s29_session1_lamp,0,433,14.433333333333334,0.8815551959317633,-0.32506284308664246
COHFACE_s29_session1_lamp,0,434,14.466666666666667,0.6624561573905703,-0.4265199837447913
COHFACE_s29_session1_lamp,0,435,14.5,0.44519024657205486,-0.4945716089254012
COHFACE_s29_session1_lamp,0,436,14.533333333333333,0.2516760061471602,-0.514063682525973
COHFACE_s29_session1_lamp,0,437,14.566666666666666,0.08781268966196722,-0.4782089612367853
COHFACE_s29_session1_lamp,0,438,14.6,-0.0493169516563049,-0.39661561983263993
COHFACE_s29_session1_lamp,0,439,14.633333333333333,-0.1611021269334914,-0.29525446038592684
COHFACE_s29_session1_lamp,0,440,14.666666666666666,-0.2450137995931179,-0.2009803717498742
COHFACE_s29_session1_lamp,0,441,14.7,-0.2977202705375021,-0.14148769325205865
COHFACE_s29_session1_lamp,0,442,14.733333333333333,-0.31874550562779935,-0.1410756876897888
COHFACE_s29_session1_lamp,0,443,14.766666666666667,-0.3117660819542668,-0.22039363439148002
COHFACE_s29_session1_lamp,0,444,14.8,-0.2842404016553994,-0.347960326714123
COHFACE_s29_session1_lamp,0,445,14.833333333333334,-0.24667253927930594,-0.4405361579649385
COHFACE_s29_session1_lamp,0,446,14.866666666666667,-0.2105916307490024,-0.45431923933144386
COHFACE_s29_session1_lamp,0,447,14.9,-0.1861531220330809,-0.38558881874542217
COHFACE_s29_session1_lamp,0,448,14.933333333333334,-0.18097684197661493,-0.25349890584104606
COHFACE_s29_session1_lamp,0,449,14.966666666666667,-0.19973549581885397,-0.10007033928827964
COHFACE_s29_session1_lamp,0,450,15.0,-0.24403933519193244,0.05030367362169456
COHFACE_s29_session1_lamp,0,451,15.033333333333333,-0.3127187161197239,0.1904092472200128
COHFACE_s29_session1_lamp,0,452,15.066666666666666,-0.40231470489809507,0.33053253184554754
COHFACE_s29_session1_lamp,0,453,15.1,-0.5072411484663503,0.4971145470190908
COHFACE_s29_session1_lamp,0,454,15.133333333333333,-0.6195638207408883,0.6741370024192732
COHFACE_s29_session1_lamp,0,455,15.166666666666666,-0.7286025567792904,0.8023588308834968
COHFACE_s29_session1_lamp,0,456,15.2,-0.8205832547134652,0.8432092058425932
COHFACE_s29_session1_lamp,0,457,15.233333333333333,-0.8782792872714659,0.7789676772092109
COHFACE_s29_session1_lamp,0,458,15.266666666666667,-0.8801160002727384,0.6419347385855037
COHFACE_s29_session1_lamp,0,459,15.3,-0.7988056507860626,0.5139712489874279
COHFACE_s29_session1_lamp,0,460,15.333333333333334,-0.601596679042002,0.42614933294496643
COHFACE_s29_session1_lamp,0,461,15.366666666666667,-0.26300552290051904,0.35880540270339195
COHFACE_s29_session1_lamp,0,462,15.4,0.19455941037626903,0.2780911840311953
COHFACE_s29_session1_lamp,0,463,15.433333333333334,0.6710930214348685,0.13748074990179004
COHFACE_s29_session1_lamp,0,464,15.466666666666667,1.0406572963820009,-0.05440842304065139
COHFACE_s29_session1_lamp,0,465,15.5,1.2402469507032732,-0.23299479467061057
COHFACE_s29_session1_lamp,0,466,15.533333333333333,1.2890941118348658,-0.36259444914785927
COHFACE_s29_session1_lamp,0,467,15.566666666666666,1.2394775600460153,-0.43610358837385804
COHFACE_s29_session1_lamp,0,468,15.6,1.1298539926698292,-0.46837278529519427
COHFACE_s29_session1_lamp,0,469,15.633333333333333,0.9749238501839282,-0.49518973472299277
COHFACE_s29_session1_lamp,0,470,15.666666666666666,0.7832837347559602,-0.5246507616371325
COHFACE_s29_session1_lamp,0,471,15.7,0.574269845216499,-0.5366824899342666
COHFACE_s29_session1_lamp,0,472,15.733333333333333,0.37265926682882966,-0.5329020291949795
COHFACE_s29_session1_lamp,0,473,15.766666666666667,0.193153600540743,-0.5364457547948343
COHFACE_s29_session1_lamp,0,474,15.8,0.038219572057816606,-0.5436387012117383
COHFACE_s29_session1_lamp,0,475,15.833333333333334,-0.09270641127864723,-0.5240532379817996
COHFACE_s29_session1_lamp,0,476,15.866666666666667,-0.19736099667669982,-0.4510592261488168
COHFACE_s29_session1_lamp,0,477,15.9,-0.2716655365662359,-0.3027255699680412
COHFACE_s29_session1_lamp,0,478,15.933333333333334,-0.3131999237553879,-0.07195610628506305
COHFACE_s29_session1_lamp,0,479,15.966666666666667,-0.32339320804482874,0.23223647854159132
COHFACE_s29_session1_lamp,0,480,16.0,-0.3077029680055299,0.5558075401156659
COHFACE_s29_session1_lamp,0,481,16.033333333333335,-0.27502771275199817,0.7990432095350264
COHFACE_s29_session1_lamp,0,482,16.066666666666666,-0.23623923349423268,0.9097514989960991
COHFACE_s29_session1_lamp,0,483,16.1,-0.2019380593959091,0.8830050167900435
COHFACE_s29_session1_lamp,0,484,16.133333333333333,-0.180916749876211,0.7415808986135415
COHFACE_s29_session1_lamp,0,485,16.166666666666668,-0.1793563121480105,0.5354778911741396
COHFACE_s29_session1_lamp,0,486,16.2,-0.20042724273599005,0.30769699868275835
COHFACE_s29_session1_lamp,0,487,16.233333333333334,-0.24469853173441822,0.0944613103536113
COHFACE_s29_session1_lamp,0,488,16.266666666666666,-0.31059532278819274,-0.08810251645508385
COHFACE_s29_session1_lamp,0,489,16.3,-0.39454967145653386,-0.24292089039056666
COHFACE_s29_session1_lamp,0,490,16.333333333333332,-0.49110973917672734,-0.3832075952954488
COHFACE_s29_session1_lamp,0,491,16.366666666666667,-0.5925230587281819,-0.5309995023445546
COHFACE_s29_session1_lamp,0,492,16.4,-0.6884660651946625,-0.6856347764803042
COHFACE_s29_session1_lamp,0,493,16.433333333333334,-0.7659066062482717,-0.822748786012585
COHFACE_s29_session1_lamp,0,494,16.466666666666665,-0.8084226254803834,-0.914981781300447
COHFACE_s29_session1_lamp,0,495,16.5,-0.7952748943436639,-0.9318334045557931
COHFACE_s29_session1_lamp,0,496,16.533333333333335,-0.7003930740926906,-0.8672730050479184
COHFACE_s29_session1_lamp,0,497,16.566666666666666,-0.4934064778568342,-0.7398542404169631
COHFACE_s29_session1_lamp,0,498,16.6,-0.1547862013407452,-0.5606243973780624
COHFACE_s29_session1_lamp,0,499,16.633333333333333,0.2834511675487272,-0.33378973821737157
COHFACE_s29_session1_lamp,0,500,16.666666666666668,0.7176466449694753,-0.057610400380088425
COHFACE_s29_session1_lamp,0,501,16.7,1.0314044779930025,0.2738519041550089
COHFACE_s29_session1_lamp,0,502,16.733333333333334,1.1759559924429306,0.6130040669402909
COHFACE_s29_session1_lamp,0,503,16.766666666666666,1.179536565171675,0.8576533856300386
COHFACE_s29_session1_lamp,0,504,16.8,1.0989927832620905,0.9989852925000386
COHFACE_s29_session1_lamp,0,505,16.833333333333332,0.9765689382875731,1.120018115788788
COHFACE_s29_session1_lamp,0,506,16.866666666666667,0.8297972664889297,1.2218637315068899
COHFACE_s29_session1_lamp,0,507,16.9,0.6674254155949736,1.2228083099227256
COHFACE_s29_session1_lamp,0,508,16.933333333333334,0.5034571378707734,1.101511986028875
COHFACE_s29_session1_lamp,0,509,16.966666666666665,0.35086160511716313,0.8976273646656497
COHFACE_s29_session1_lamp,0,510,17.0,0.21236584558163552,0.656450005213894
COHFACE_s29_session1_lamp,0,511,17.033333333333335,0.08513261897616138,0.42911488892908084
COHFACE_s29_session1_lamp,0,512,17.066666666666666,-0.031053702116590656,0.23081572221175467
COHFACE_s29_session1_lamp,0,513,17.1,-0.13242377039687453,0.04206113707915167
COHFACE_s29_session1_lamp,0,514,17.133333333333333,-0.21412686918313573,-0.14205349390642547
COHFACE_s29_session1_lamp,0,515,17.166666666666668,-0.27331634379324066,-0.31027193107607315
COHFACE_s29_session1_lamp,0,516,17.2,-0.3110503665547818,-0.45102656173203787
COHFACE_s29_session1_lamp,0,517,17.233333333333334,-0.33277951069950995,-0.5514818509020657
COHFACE_s29_session1_lamp,0,518,17.266666666666666,-0.34745289690683334,-0.6134407609784505
COHFACE_s29_session1_lamp,0,519,17.3,-0.36557686824938007,-0.6524959013477687
COHFACE_s29_session1_lamp,0,520,17.333333333333332,-0.3967392754591797,-0.683237477422149
COHFACE_s29_session1_lamp,0,521,17.366666666666667,-0.4471772199996929,-0.7184933131086928
COHFACE_s29_session1_lamp,0,522,17.4,-0.518213326895537,-0.7611602068718955
COHFACE_s29_session1_lamp,0,523,17.433333333333334,-0.6057755632493949,-0.8038326146890874
COHFACE_s29_session1_lamp,0,524,17.466666666666665,-0.7005540259482439,-0.8297499860904757
COHFACE_s29_session1_lamp,0,525,17.5,-0.788491665916228,-0.8129668428998944
COHFACE_s29_session1_lamp,0,526,17.533333333333335,-0.8516414012838582,-0.7456814054492497
COHFACE_s29_session1_lamp,0,527,17.566666666666666,-0.8688619517438534,-0.63860147372896
COHFACE_s29_session1_lamp,0,528,17.6,-0.8154772613112719,-0.5067447993791184
COHFACE_s29_session1_lamp,0,529,17.633333333333333,-0.6626025471148514,-0.36981808531215626
COHFACE_s29_session1_lamp,0,530,17.666666666666668,-0.3820973661833024,-0.22264850443957673
COHFACE_s29_session1_lamp,0,531,17.7,0.025324413977350867,-0.03637377744438239
COHFACE_s29_session1_lamp,0,532,17.733333333333334,0.48942978005923127,0.2071719698273174
COHFACE_s29_session1_lamp,0,533,17.766666666666666,0.8869120096097973,0.5135352409052942
COHFACE_s29_session1_lamp,0,534,17.8,1.1258614912148293,0.8356712150669758
COHFACE_s29_session1_lamp,0,535,17.833333333333332,1.1990704050525183,1.0730453952265886
COHFACE_s29_session1_lamp,0,536,17.866666666666667,1.1561039005410758,1.1879441623152551
COHFACE_s29_session1_lamp,0,537,17.9,1.04919673062771,1.2048187061684388
COHFACE_s29_session1_lamp,0,538,17.933333333333334,0.9069496042044263,1.1398000646906952
COHFACE_s29_session1_lamp,0,539,17.966666666666665,0.7415784131853418,1.0000958068958457
COHFACE_s29_session1_lamp,0,540,18.0,0.567148985247616,0.8050523560540459
COHFACE_s29_session1_lamp,0,541,18.033333333333335,0.4015194930438192,0.5866078387332931
COHFACE_s29_session1_lamp,0,542,18.066666666666666,0.2539981036034229,0.36959799818152095
COHFACE_s29_session1_lamp,0,543,18.1,0.1227651184766942,0.1726401352185647
COHFACE_s29_session1_lamp,0,544,18.133333333333333,0.004370926322585331,0.0031594508363231716
COHFACE_s29_session1_lamp,0,545,18.166666666666668,-0.09955557889215441,-0.14136041606939997
COHFACE_s29_session1_lamp,0,546,18.2,-0.1833889485881698,-0.2632439146414418
COHFACE_s29_session1_lamp,0,547,18.233333333333334,-0.241939608497387,-0.36345772858287895
COHFACE_s29_session1_lamp,0,548,18.266666666666666,-0.2738634536682304,-0.43986501336162176
COHFACE_s29_session1_lamp,0,549,18.3,-0.28292257153256706,-0.4865051919015676
COHFACE_s29_session1_lamp,0,550,18.333333333333332,-0.277826519998009,-0.508926671416749
COHFACE_s29_session1_lamp,0,551,18.366666666666667,-0.2706465347039926,-0.5236380738132168
COHFACE_s29_session1_lamp,0,552,18.4,-0.2738839635498143,-0.5417815062039925
COHFACE_s29_session1_lamp,0,553,18.433333333333334,-0.29745268631718647,-0.5686679836056866
COHFACE_s29_session1_lamp,0,554,18.466666666666665,-0.34688444871188956,-0.6007915086926442
COHFACE_s29_session1_lamp,0,555,18.5,-0.4229285707796105,-0.625720902040965
COHFACE_s29_session1_lamp,0,556,18.533333333333335,-0.5217197638581185,-0.6334259927948896
COHFACE_s29_session1_lamp,0,557,18.566666666666666,-0.6352168080442406,-0.6163951933260989
COHFACE_s29_session1_lamp,0,558,18.6,-0.7517221411040756,-0.5700250872919604
COHFACE_s29_session1_lamp,0,559,18.633333333333333,-0.8560616138685099,-0.4929049979974928
COHFACE_s29_session1_lamp,0,560,18.666666666666668,-0.9297214430352946,-0.3893630753491168
COHFACE_s29_session1_lamp,0,561,18.7,-0.9507353062324262,-0.2699425822832371
COHFACE_s29_session1_lamp,0,562,18.733333333333334,-0.8925884720322503,-0.13571791290761026
COHFACE_s29_session1_lamp,0,563,18.766666666666666,-0.7235253128502034,0.020820759486286075
COHFACE_s29_session1_lamp,0,564,18.8,-0.41270451218747545,0.20030384782899296
COHFACE_s29_session1_lamp,0,565,18.833333333333332,0.037925160234530214,0.3952799625433005
COHFACE_s29_session1_lamp,0,566,18.866666666666667,0.5491510600370993,0.580463132135467
COHFACE_s29_session1_lamp,0,567,18.9,0.9857857276619675,0.7120084639567612
COHFACE_s29_session1_lamp,0,568,18.933333333333334,1.2512331954923286,0.7868041464484878
COHFACE_s29_session1_lamp,0,569,18.966666666666665,1.3416301684580072,0.8415784204558907
COHFACE_s29_session1_lamp,0,570,19.0,1.3099079836710117,0.8867075039226484
COHFACE_s29_session1_lamp,0,571,19.033333333333335,1.20678022928584,0.9055061910490028
COHFACE_s29_session1_lamp,0,572,19.066666666666666,1.0562598094123117,0.8757940810451309
COHFACE_s29_session1_lamp,0,573,19.1,0.8668725162086887,0.7704069933176299
COHFACE_s29_session1_lamp,0,574,19.133333333333333,0.6532986949322923,0.5931940255899403
COHFACE_s29_session1_lamp,0,575,19.166666666666668,0.44092135816777506,0.37969306871616876
COHFACE_s29_session1_lamp,0,576,19.2,0.2505299042584248,0.16270252987957734
COHFACE_s29_session1_lamp,0,577,19.233333333333334,0.0880951892555776,-0.027083158571137272
COHFACE_s29_session1_lamp,0,578,19.266666666666666,-0.048652617150602095,-0.17383475841293555
COHFACE_s29_session1_lamp,0,579,19.3,-0.1604917002295299,-0.2756221850980415
COHFACE_s29_session1_lamp,0,580,19.333333333333332,-0.24449647976792144,-0.3429045697123735
COHFACE_s29_session1_lamp,0,581,19.366666666666667,-0.29746378895479086,-0.3974351447040884
COHFACE_s29_session1_lamp,0,582,19.4,-0.3195121687963068,-0.45671088996400555
COHFACE_s29_session1_lamp,0,583,19.433333333333334,-0.31512546245658984,-0.5330205295195358
COHFACE_s29_session1_lamp,0,584,19.466666666666665,-0.2925320379480907,-0.6159334737911467
COHFACE_s29_session1_lamp,0,585,19.5,-0.2626864895251946,-0.6720118374404538
COHFACE_s29_session1_lamp,0,586,19.533333333333335,-0.23752778373371533,-0.691943227278347
COHFACE_s29_session1_lamp,0,587,19.566666666666666,-0.22766562771091392,-0.690386972595087
COHFACE_s29_session1_lamp,0,588,19.6,-0.2407243591180518,-0.6771455904688901
COHFACE_s29_session1_lamp,0,589,19.633333333333333,-0.2805717420960101,-0.6568976936211619
COHFACE_s29_session1_lamp,0,590,19.666666666666668,-0.34742545048727375,-0.6307812028121832
COHFACE_s29_session1_lamp,0,591,19.7,-0.43837465734082637,-0.596533705413538
COHFACE_s29_session1_lamp,0,592,19.733333333333334,-0.5475728234894193,-0.5447115301347136
COHFACE_s29_session1_lamp,0,593,19.766666666666666,-0.6662102503558629,-0.4592551634376006
COHFACE_s29_session1_lamp,0,594,19.8,-0.7820847401730903,-0.32076820840919734
COHFACE_s29_session1_lamp,0,595,19.833333333333332,-0.8791450334525021,-0.10774900254814568
COHFACE_s29_session1_lamp,0,596,19.866666666666667,-0.9379275064430553,0.16823613789971065
COHFACE_s29_session1_lamp,0,597,19.9,-0.9354936321075485,0.46129652832949425
COHFACE_s29_session1_lamp,0,598,19.933333333333334,-0.8435794572315867,0.7233622134472661
COHFACE_s29_session1_lamp,0,599,19.966666666666665,-0.6282552858582119,0.9034137557261523
COHFACE_s29_session1_lamp,0,600,20.0,-0.2629135019567608,1.0028185558336917
COHFACE_s29_session1_lamp,0,601,20.033333333333335,0.22848068284677217,1.0739643799910454
COHFACE_s29_session1_lamp,0,602,20.066666666666666,0.7377760097989491,1.1189030947816216
COHFACE_s29_session1_lamp,0,603,20.1,1.1272662380095626,1.0887705575111304
COHFACE_s29_session1_lamp,0,604,20.133333333333333,1.3284986471194355,0.9689721562871609
COHFACE_s29_session1_lamp,0,605,20.166666666666668,1.3650962035272143,0.7798371788406206
COHFACE_s29_session1_lamp,0,606,20.2,1.2971804047546822,0.5574777993079705
COHFACE_s29_session1_lamp,0,607,20.233333333333334,1.1689549472296066,0.3541499659549616
COHFACE_s29_session1_lamp,0,608,20.266666666666666,0.9977516317294999,0.1872974629069554
COHFACE_s29_session1_lamp,0,609,20.3,0.7921453553336801,0.040574558767722216
COHFACE_s29_session1_lamp,0,610,20.333333333333332,0.571101960149714,-0.09449715082717898
COHFACE_s29_session1_lamp,0,611,20.366666666666667,0.3607594282604964,-0.21715175568378114
COHFACE_s29_session1_lamp,0,612,20.4,0.1773057266292422,-0.32818815213150443
COHFACE_s29_session1_lamp,0,613,20.433333333333334,0.022553100056051947,-0.42898461749392736
COHFACE_s29_session1_lamp,0,614,20.466666666666665,-0.10619145594278771,-0.5209800196267935
COHFACE_s29_session1_lamp,0,615,20.5,-0.2084822549104909,-0.6048357254391867
COHFACE_s29_session1_lamp,0,616,20.533333333333335,-0.2809728698351922,-0.6775411354661871
COHFACE_s29_session1_lamp,0,617,20.566666666666666,-0.32083168872212764,-0.7318442980150078
COHFACE_s29_session1_lamp,0,618,20.6,-0.3287832732539002,-0.7634371777928489
COHFACE_s29_session1_lamp,0,619,20.633333333333333,-0.31024751525614647,-0.7706620997839648
COHFACE_s29_session1_lamp,0,620,20.666666666666668,-0.2746635997825133,-0.7553506049324171
COHFACE_s29_session1_lamp,0,621,20.7,-0.23392132520587083,-0.7227213668518309
COHFACE_s29_session1_lamp,0,622,20.733333333333334,-0.19998300281212464,-0.6653584948515465
COHFACE_s29_session1_lamp,0,623,20.766666666666666,-0.182748241531531,-0.5636930164707828
COHFACE_s29_session1_lamp,0,624,20.8,-0.1889824991963403,-0.4152115343484769
COHFACE_s29_session1_lamp,0,625,20.833333333333332,-0.2219689041560404,-0.23531960962655715
COHFACE_s29_session1_lamp,0,626,20.866666666666667,-0.28173690853195726,-0.03271370580879092
COHFACE_s29_session1_lamp,0,627,20.9,-0.36573942530304354,0.18949564611211767
COHFACE_s29_session1_lamp,0,628,20.933333333333334,-0.4693711217177473,0.4000559471322581
COHFACE_s29_session1_lamp,0,629,20.966666666666665,-0.5857427287358589,0.538782136457278
COHFACE_s29_session1_lamp,0,630,21.0,-0.7050809738495085,0.593267588232097
COHFACE_s29_session1_lamp,0,631,21.033333333333335,-0.8144852371559825,0.5981434720671215
COHFACE_s29_session1_lamp,0,632,21.066666666666666,-0.8976811865509862,0.576506709952832
COHFACE_s29_session1_lamp,0,633,21.1,-0.9344995277101815,0.5391181497888755
COHFACE_s29_session1_lamp,0,634,21.133333333333333,-0.8998686540551657,0.46643079222955874
COHFACE_s29_session1_lamp,0,635,21.166666666666668,-0.7624183197016248,0.30932767427996527
COHFACE_s29_session1_lamp,0,636,21.2,-0.4872096764583314,0.06882736445713905
COHFACE_s29_session1_lamp,0,637,21.233333333333334,-0.06026737771617922,-0.20290086850402708
COHFACE_s29_session1_lamp,0,638,21.266666666666666,0.4610199167685801,-0.433867028817078
COHFACE_s29_session1_lamp,0,639,21.3,0.9420372343377039,-0.5324545379945737
COHFACE_s29_session1_lamp,0,640,21.333333333333332,1.2585813779433188,-0.4837045539131799
COHFACE_s29_session1_lamp,0,641,21.366666666666667,1.3802271005641096,-0.3490923758196989
COHFACE_s29_session1_lamp,0,642,21.4,1.3563109996621177,-0.16946520725277645
COHFACE_s29_session1_lamp,0,643,21.433333333333334,1.2501134530669855,0.03513535764431312
COHFACE_s29_session1_lamp,0,644,21.466666666666665,1.097737624344682,0.24828262381576388
COHFACE_s29_session1_lamp,0,645,21.5,0.9099802203219501,0.45615696817234164
COHFACE_s29_session1_lamp,0,646,21.533333333333335,0.6966601046292265,0.6178886734336282
COHFACE_s29_session1_lamp,0,647,21.566666666666666,0.47992191360103853,0.665253205653
COHFACE_s29_session1_lamp,0,648,21.6,0.28178267747072905,0.6160097632879871
COHFACE_s29_session1_lamp,0,649,21.633333333333333,0.11011686922093472,0.5730823016949597
COHFACE_s29_session1_lamp,0,650,21.666666666666668,-0.03692087971830177,0.5696074708047996
COHFACE_s29_session1_lamp,0,651,21.7,-0.16025794159676154,0.5683447270281798
COHFACE_s29_session1_lamp,0,652,21.733333333333334,-0.25680871936420113,0.534202344003135
COHFACE_s29_session1_lamp,0,653,21.766666666666666,-0.3224182839961044,0.43533740801987997
COHFACE_s29_session1_lamp,0,654,21.8,-0.35541399311000177,0.28123311345229285
COHFACE_s29_session1_lamp,0,655,21.833333333333332,-0.3585154618321264,0.12323173144736621
COHFACE_s29_session1_lamp,0,656,21.866666666666667,-0.33907596370183846,-0.018893619740491183
COHFACE_s29_session1_lamp,0,657,21.9,-0.30808992580152517,-0.1562685782026339
COHFACE_s29_session1_lamp,0,658,21.933333333333334,-0.2781808914220637,-0.29331257802438326
COHFACE_s29_session1_lamp,0,659,21.966666666666665,-0.26106194995218795,-0.42651819814656666
COHFACE_s29_session1_lamp,0,660,22.0,-0.26543806923736446,-0.5402712747790248
COHFACE_s29_session1_lamp,0,661,22.033333333333335,-0.2958301040888354,-0.6062454260251302
COHFACE_s29_session1_lamp,0,662,22.066666666666666,-0.35225614098501534,-0.6170367514041493
COHFACE_s29_session1_lamp,0,663,22.1,-0.43078368317490295,-0.5858200428588353
COHFACE_s29_session1_lamp,0,664,22.133333333333333,-0.524364133792409,-0.5280083032413295
COHFACE_s29_session1_lamp,0,665,22.166666666666668,-0.6233248512432199,-0.46097082168292847
COHFACE_s29_session1_lamp,0,666,22.2,-0.7155668568052581,-0.3959845928490784
COHFACE_s29_session1_lamp,0,667,22.233333333333334,-0.7865421592995258,-0.3383547541474249
COHFACE_s29_session1_lamp,0,668,22.266666666666666,-0.8187824677575077,-0.29778679357174054
COHFACE_s29_session1_lamp,0,669,22.3,-0.7908901238725169,-0.288512512114168
COHFACE_s29_session1_lamp,0,670,22.333333333333332,-0.6765161410162024,-0.30550263488945684
COHFACE_s29_session1_lamp,0,671,22.366666666666667,-0.44512800381565654,-0.32469702173366355
COHFACE_s29_session1_lamp,0,672,22.4,-0.077787874665303,-0.32718311089644136
COHFACE_s29_session1_lamp,0,673,22.433333333333334,0.3882739698047372,-0.2996447034240799
COHFACE_s29_session1_lamp,0,674,22.466666666666665,0.8375546996718977,-0.23910144785775833
COHFACE_s29_session1_lamp,0,675,22.5,1.1428955995873864,-0.15325060304689148
COHFACE_s29_session1_lamp,0,676,22.533333333333335,1.256120591481521,-0.05191945257175842
COHFACE_s29_session1_lamp,0,677,22.566666666666666,1.2168740369847484,0.052533932110702314
COHFACE_s29_session1_lamp,0,678,22.6,1.0951394507797103,0.1596639234945038
COHFACE_s29_session1_lamp,0,679,22.633333333333333,0.9419609599034539,0.28013079286605114
COHFACE_s29_session1_lamp,0,680,22.666666666666668,0.7799535182209287,0.416173421089867
COHFACE_s29_session1_lamp,0,681,22.7,0.6200314092362609,0.5606166119162526
COHFACE_s29_session1_lamp,0,682,22.733333333333334,0.47206049361232444,0.6755088768485175
COHFACE_s29_session1_lamp,0,683,22.766666666666666,0.33828694288767114,0.6921290102549409
COHFACE_s29_session1_lamp,0,684,22.8,0.2112148820173908,0.6158641108515847
COHFACE_s29_session1_lamp,0,685,22.833333333333332,0.08377508867680439,0.5259023318155377
COHFACE_s29_session1_lamp,0,686,22.866666666666667,-0.04334490825334879,0.46079390938699194
COHFACE_s29_session1_lamp,0,687,22.9,-0.16302526862323846,0.41797412900988057
COHFACE_s29_session1_lamp,0,688,22.933333333333334,-0.2666134742470325,0.3775203912511568
COHFACE_s29_session1_lamp,0,689,22.966666666666665,-0.3483814328621355,0.30304409775882013
COHFACE_s29_session1_lamp,0,690,23.0,-0.40816396559880197,0.1952718184699398
COHFACE_s29_session1_lamp,0,691,23.033333333333335,-0.4519758900225007,0.09258900964284356
COHFACE_s29_session1_lamp,0,692,23.066666666666666,-0.49022756555134894,0.0077426487139284975
COHFACE_s29_session1_lamp,0,693,23.1,-0.5343283944702697,-0.07174382631994848
COHFACE_s29_session1_lamp,0,694,23.133333333333333,-0.593110680571077,-0.15026659746884524
COHFACE_s29_session1_lamp,0,695,23.166666666666668,-0.6699460066952211,-0.22338914412678712
COHFACE_s29_session1_lamp,0,696,23.2,-0.7609822865276312,-0.27645460691302665
COHFACE_s29_session1_lamp,0,697,23.233333333333334,-0.854597398435789,-0.2844242406632534
COHFACE_s29_session1_lamp,0,698,23.266666666666666,-0.9322945992033704,-0.2453879595528028
COHFACE_s29_session1_lamp,0,699,23.3,-0.970218107954372,-0.18050442076341475
COHFACE_s29_session1_lamp,0,700,23.333333333333332,-0.9398705131877318,-0.11701786227868123
COHFACE_s29_session1_lamp,0,701,23.366666666666667,-0.8081458031161688,-0.08788727062948651
COHFACE_s29_session1_lamp,0,702,23.4,-0.5401126131502972,-0.09441278016313154
COHFACE_s29_session1_lamp,0,703,23.433333333333334,-0.12104076890065249,-0.10636701265579362
COHFACE_s29_session1_lamp,0,704,23.466666666666665,0.3951976048857283,-0.1125142623230824
COHFACE_s29_session1_lamp,0,705,23.5,0.8775358435961241,-0.12082256476524389
COHFACE_s29_session1_lamp,0,706,23.533333333333335,1.2015647882215374,-0.13955133966368097
COHFACE_s29_session1_lamp,0,707,23.566666666666666,1.333438542862371,-0.1769440981981954
COHFACE_s29_session1_lamp,0,708,23.6,1.3192658049978898,-0.22474715211850957
COHFACE_s29_session1_lamp,0,709,23.633333333333333,1.2218001918144257,-0.25818710551144175
COHFACE_s29_session1_lamp,0,710,23.666666666666668,1.0789328835750092,-0.2756000908886607
COHFACE_s29_session1_lamp,0,711,23.7,0.9031594912651373,-0.29826566573190627
COHFACE_s29_session1_lamp,0,712,23.733333333333334,0.7040974811785186,-0.3337891438450437
COHFACE_s29_session1_lamp,0,713,23.766666666666666,0.5023209367043662,-0.37576287199446423
COHFACE_s29_session1_lamp,0,714,23.8,0.3184889897711943,-0.4087583555317268
COHFACE_s29_session1_lamp,0,715,23.833333333333332,0.15944409461440218,-0.408527745272869
COHFACE_s29_session1_lamp,0,716,23.866666666666667,0.021749414179684193,-0.365880149686036
COHFACE_s29_session1_lamp,0,717,23.9,-0.09760301405316449,-0.2870168742650616
COHFACE_s29_session1_lamp,0,718,23.933333333333334,-0.1971210080207814,-0.17991243478854818
COHFACE_s29_session1_lamp,0,719,23.966666666666665,-0.2730923211448938,-0.05472402409774691
COHFACE_s29_session1_lamp,0,720,24.0,-0.3237317389774598,0.08470585466009976
COHFACE_s29_session1_lamp,0,721,24.033333333333335,-0.3518623361367985,0.2399908078665785
COHFACE_s29_session1_lamp,0,722,24.066666666666666,-0.3648939446870847,0.4124630835668122
COHFACE_s29_session1_lamp,0,723,24.1,-0.3735145556196235,0.601959981384322
COHFACE_s29_session1_lamp,0,724,24.133333333333333,-0.38957652057709846,0.771114014955772
COHFACE_s29_session1_lamp,0,725,24.166666666666668,-0.42338268346633345,0.845026095906384
COHFACE_s29_session1_lamp,0,726,24.2,-0.48131080347689703,0.8045076501046617
COHFACE_s29_session1_lamp,0,727,24.233333333333334,-0.5642710002673373,0.686080870860669
COHFACE_s29_session1_lamp,0,728,24.266666666666666,-0.6673233063802796,0.5360768388200905
COHFACE_s29_session1_lamp,0,729,24.3,-0.7800613585900922,0.4101518717476839
COHFACE_s29_session1_lamp,0,730,24.333333333333332,-0.8872099239881316,0.3213682460481433
COHFACE_s29_session1_lamp,0,731,24.366666666666667,-0.9693163536859625,0.24074790215067027
COHFACE_s29_session1_lamp,0,732,24.4,-1.0030758242164366,0.1563608461333564
COHFACE_s29_session1_lamp,0,733,24.433333333333334,-0.960858990730133,0.07429625781486511
COHFACE_s29_session1_lamp,0,734,24.466666666666665,-0.8098337210069668,-0.0006847946602334259
COHFACE_s29_session1_lamp,0,735,24.5,-0.5150368968877704,-0.06463221013411827
COHFACE_s29_session1_lamp,0,736,24.533333333333335,-0.06531229119367295,-0.11746260726979636
COHFACE_s29_session1_lamp,0,737,24.566666666666666,0.47543032657744094,-0.1624275418430654
COHFACE_s29_session1_lamp,0,738,24.6,0.9671643400783893,-0.19858898390214336
COHFACE_s29_session1_lamp,0,739,24.633333333333333,1.287452311235174,-0.2204456689094104
COHFACE_s29_session1_lamp,0,740,24.666666666666668,1.4117684415024598,-0.228438786036591
COHFACE_s29_session1_lamp,0,741,24.7,1.3914618150979272,-0.2287085975271184
COHFACE_s29_session1_lamp,0,742,24.733333333333334,1.2867271497224713,-0.2263348563824224
COHFACE_s29_session1_lamp,0,743,24.766666666666666,1.1308357004704424,-0.22512507065580872
COHFACE_s29_session1_lamp,0,744,24.8,0.9353356501073462,-0.22792283500075966
COHFACE_s29_session1_lamp,0,745,24.833333333333332,0.7127059485019165,-0.23648682767174178
COHFACE_s29_session1_lamp,0,746,24.866666666666667,0.4875279305350409,-0.2518632551546327
COHFACE_s29_session1_lamp,0,747,24.9,0.28378169086037824,-0.2742661812920511
COHFACE_s29_session1_lamp,0,748,24.933333333333334,0.1103509698230595,-0.3006600230763776
COHFACE_s29_session1_lamp,0,749,24.966666666666665,-0.03504238524868446,-0.3246803837094963
COHFACE_s29_session1_lamp,0,750,25.0,-0.15441902847829303,-0.3413711651524679
COHFACE_s29_session1_lamp,0,751,25.033333333333335,-0.24558002524113556,-0.34717219934328564
COHFACE_s29_session1_lamp,0,752,25.066666666666666,-0.30492354499569174,-0.3446108301573195
COHFACE_s29_session1_lamp,0,753,25.1,-0.33137737907628284,-0.34222693326267867
COHFACE_s29_session1_lamp,0,754,25.133333333333333,-0.32849293563539844,-0.3411082928483627
COHFACE_s29_session1_lamp,0,755,25.166666666666668,-0.30422121481143105,-0.3349357822999991
COHFACE_s29_session1_lamp,0,756,25.2,-0.26972395285591705,-0.31224066074848156
COHFACE_s29_session1_lamp,0,757,25.233333333333334,-0.23763494309199767,-0.25685444747745223
COHFACE_s29_session1_lamp,0,758,25.266666666666666,-0.2197571308216238,-0.16582369294962845
COHFACE_s29_session1_lamp,0,759,25.3,-0.22508872209191633,-0.049977028830658
COHFACE_s29_session1_lamp,0,760,25.333333333333332,-0.2586933892722071,0.0766372925929745
COHFACE_s29_session1_lamp,0,761,25.366666666666667,-0.3214851689212396,0.19623835058254285
COHFACE_s29_session1_lamp,0,762,25.4,-0.4106415096269078,0.29855054209937
COHFACE_s29_session1_lamp,0,763,25.433333333333334,-0.5203223387259985,0.3801603171585543
COHFACE_s29_session1_lamp,0,764,25.466666666666665,-0.642171413918922,0.4455338284715008
COHFACE_s29_session1_lamp,0,765,25.5,-0.7651110412438558,0.5062343404347845
COHFACE_s29_session1_lamp,0,766,25.533333333333335,-0.874821501870934,0.5726897270205114
COHFACE_s29_session1_lamp,0,767,25.566666666666666,-0.9535115910205776,0.6534077639822984
COHFACE_s29_session1_lamp,0,768,25.6,-0.9795359841616866,0.723809355357165
COHFACE_s29_session1_lamp,0,769,25.633333333333333,-0.9260360506196132,0.726333200826056
COHFACE_s29_session1_lamp,0,770,25.666666666666668,-0.7596910037109055,0.635090236882858
COHFACE_s29_session1_lamp,0,771,25.7,-0.4454254263738108,0.45659227075361747
COHFACE_s29_session1_lamp,0,772,25.733333333333334,0.022517239792284646,0.23530000981084392
COHFACE_s29_session1_lamp,0,773,25.766666666666666,0.5681029878676818,0.053646787849611605
COHFACE_s29_session1_lamp,0,774,25.8,1.0441604022686508,-0.048874236500000875
COHFACE_s29_session1_lamp,0,775,25.833333333333332,1.3354504373414473,-0.07549970646511842
COHFACE_s29_session1_lamp,0,776,25.866666666666667,1.4309737228761206,-0.0578583465631725
COHFACE_s29_session1_lamp,0,777,25.9,1.3898360846313,-0.05480717835507648
COHFACE_s29_session1_lamp,0,778,25.933333333333334,1.2718611409002387,-0.07955614557882898
COHFACE_s29_session1_lamp,0,779,25.966666666666665,1.106597015006899,-0.09923891441340056
COHFACE_s29_session1_lamp,0,780,26.0,0.9040119489940035,-0.10185788857912828
COHFACE_s29_session1_lamp,0,781,26.033333333333335,0.6784143192589676,-0.096416523629901
COHFACE_s29_session1_lamp,0,782,26.066666666666666,0.45508098880914827,-0.09500102305482924
COHFACE_s29_session1_lamp,0,783,26.1,0.254659686196545,-0.11240362277947312
COHFACE_s29_session1_lamp,0,784,26.133333333333333,0.08251911411436053,-0.15322300994876914
COHFACE_s29_session1_lamp,0,785,26.166666666666668,-0.06378088280854227,-0.21155035756968385
COHFACE_s29_session1_lamp,0,786,26.2,-0.18432527811894356,-0.27577256393538385
COHFACE_s29_session1_lamp,0,787,26.233333333333334,-0.2752356041559434,-0.32844805811445793
COHFACE_s29_session1_lamp,0,788,26.266666666666666,-0.33230523682932833,-0.3663015538712441
COHFACE_s29_session1_lamp,0,789,26.3,-0.35451847430459493,-0.39992031359953667
COHFACE_s29_session1_lamp,0,790,26.333333333333332,-0.3454186827722122,-0.4358490367017218
COHFACE_s29_session1_lamp,0,791,26.366666666666667,-0.3127068003720557,-0.4761627063098941
COHFACE_s29_session1_lamp,0,792,26.4,-0.26711207046326374,-0.5189930373705909
COHFACE_s29_session1_lamp,0,793,26.433333333333334,-0.22082006640199964,-0.5583195746907367
COHFACE_s29_session1_lamp,0,794,26.466666666666665,-0.18552311428097162,-0.587703831785641
COHFACE_s29_session1_lamp,0,795,26.5,-0.17056043486379385,-0.600241564800333
COHFACE_s29_session1_lamp,0,796,26.533333333333335,-0.18189359282494622,-0.5808689058588838
COHFACE_s29_session1_lamp,0,797,26.566666666666666,-0.2218223242302899,-0.5067733378591477
COHFACE_s29_session1_lamp,0,798,26.6,-0.28941327592781535,-0.35702617033400347
COHFACE_s29_session1_lamp,0,799,26.633333333333333,-0.38121605678195625,-0.11379449948742033
COHFACE_s29_session1_lamp,0,800,26.666666666666668,-0.4914894863444809,0.19056065833803099
COHFACE_s29_session1_lamp,0,801,26.7,-0.6122867551855409,0.472593578191571
COHFACE_s29_session1_lamp,0,802,26.733333333333334,-0.7331780770253638,0.7026191033265794
COHFACE_s29_session1_lamp,0,803,26.766666666666666,-0.8405433811924109,0.9034748273758473
COHFACE_s29_session1_lamp,0,804,26.8,-0.9170904202211264,1.0614151678943617
COHFACE_s29_session1_lamp,0,805,26.833333333333332,-0.9411972905674173,1.1250135306944609
COHFACE_s29_session1_lamp,0,806,26.866666666666667,-0.8857060865037695,1.0670665970712097
COHFACE_s29_session1_lamp,0,807,26.9,-0.717362843270174,0.8848920968354297
COHFACE_s29_session1_lamp,0,808,26.933333333333334,-0.4021159813058709,0.6199792068664612
COHFACE_s29_session1_lamp,0,809,26.966666666666665,0.06276138709122336,0.35809611907458366
COHFACE_s29_session1_lamp,0,810,27.0,0.5975788941980114,0.14851568954463035
COHFACE_s29_session1_lamp,0,811,27.033333333333335,1.0558246131031983,0.004496819659828344
COHFACE_s29_session1_lamp,0,812,27.066666666666666,1.327095754420357,-0.08995300288185738
COHFACE_s29_session1_lamp,0,813,27.1,1.4040635447952567,-0.17853789014239269
COHFACE_s29_session1_lamp,0,814,27.133333333333333,1.3473968618555443,-0.2655967506813173
COHFACE_s29_session1_lamp,0,815,27.166666666666668,1.219269653294612,-0.31527983494368056
COHFACE_s29_session1_lamp,0,816,27.2,1.0523504486872828,-0.3200386898331866
COHFACE_s29_session1_lamp,0,817,27.233333333333334,0.8579730463507385,-0.3004141685068494
COHFACE_s29_session1_lamp,0,818,27.266666666666666,0.6485931142173423,-0.26068418614938055
COHFACE_s29_session1_lamp,0,819,27.3,0.4443904225622977,-0.1888040978050543
COHFACE_s29_session1_lamp,0,820,27.333333333333332,0.2600985619135674,-0.08370461249909555
COHFACE_s29_session1_lamp,0,821,27.366666666666667,0.09792114832785336,0.04423781410245274
COHFACE_s29_session1_lamp,0,822,27.4,-0.044666729506461014,0.15937828219053024
COHFACE_s29_session1_lamp,0,823,27.433333333333334,-0.16712338183592823,0.2009832437053184
COHFACE_s29_session1_lamp,0,824,27.466666666666665,-0.2656126246214587,0.15255602590212652
COHFACE_s29_session1_lamp,0,825,27.5,-0.33627175943383425,0.04207415054575161
COHFACE_s29_session1_lamp,0,826,27.533333333333335,-0.378034427177868,-0.10064299860211909
COHFACE_s29_session1_lamp,0,827,27.566666666666666,-0.39392701970199084,-0.24395431988270963
COHFACE_s29_session1_lamp,0,828,27.6,-0.39121498774232405,-0.3720814306032593
COHFACE_s29_session1_lamp,0,829,27.633333333333333,-0.3807223034059469,-0.48450513163885034
COHFACE_s29_session1_lamp,0,830,27.666666666666668,-0.37466903209366303,-0.5761467699653126
COHFACE_s29_session1_lamp,0,831,27.7,-0.38371734020076914,-0.6366962012875509
COHFACE_s29_session1_lamp,0,832,27.733333333333334,-0.41469949473071754,-0.6636052642752678
COHFACE_s29_session1_lamp,0,833,27.766666666666666,-0.4694300892367326,-0.6617338489802312
COHFACE_s29_session1_lamp,0,834,27.8,-0.5444699748323614,-0.6210672950130235
COHFACE_s29_session1_lamp,0,835,27.833333333333332,-0.6314371261275257,-0.5170426294043381
COHFACE_s29_session1_lamp,0,836,27.866666666666667,-0.7173334761369479,-0.34211882069169275
COHFACE_s29_session1_lamp,0,837,27.9,-0.7850191259888918,-0.10677719894162155
COHFACE_s29_session1_lamp,0,838,27.933333333333334,-0.8140369364324164,0.17013539753100826
COHFACE_s29_session1_lamp,0,839,27.966666666666665,-0.7805974231712276,0.46021870010061794
COHFACE_s29_session1_lamp,0,840,28.0,-0.6567866099867754,0.7331433180973096
COHFACE_s29_session1_lamp,0,841,28.033333333333335,-0.4123880683410228,0.9554024473572527
COHFACE_s29_session1_lamp,0,842,28.066666666666666,-0.03345652558848452,1.0970039033770143
COHFACE_s29_session1_lamp,0,843,28.1,0.43263354152642713,1.1307062888072625
COHFACE_s29_session1_lamp,0,844,28.133333333333333,0.8639925668804334,1.0568706500078784
COHFACE_s29_session1_lamp,0,845,28.166666666666668,1.1402486338718298,0.9031860564498436
COHFACE_s29_session1_lamp,0,846,28.2,1.2268694952768415,0.6946043884516172
COHFACE_s29_session1_lamp,0,847,28.233333333333334,1.1705109626221153,0.4537136905290665
COHFACE_s29_session1_lamp,0,848,28.266666666666666,1.0393835035545185,0.19447566998606472
COHFACE_s29_session1_lamp,0,849,28.3,0.8814714608330965,-0.07644940643030028
COHFACE_s29_session1_lamp,0,850,28.333333333333332,0.7200299451550065,-0.3562100544434339
COHFACE_s29_session1_lamp,0,851,28.366666666666667,0.5679826856656964,-0.6439000716864844
COHFACE_s29_session1_lamp,0,852,28.4,0.43357623137646756,-0.9201413566439051
COHFACE_s29_session1_lamp,0,853,28.433333333333334,0.3140077397118477,-1.1455811297582432
COHFACE_s29_session1_lamp,0,854,28.466666666666665,0.19782131024265698,-1.2730619522296993
COHFACE_s29_session1_lamp,0,855,28.5,0.07693587019581787,-1.2473768394184885
COHFACE_s29_session1_lamp,0,856,28.533333333333335,-0.04704133947526129,-1.0605256251838688
COHFACE_s29_session1_lamp,0,857,28.566666666666666,-0.1651417640936719,-0.752156495319721
COHFACE_s29_session1_lamp,0,858,28.6,-0.2670319383635063,-0.36031834826125164
COHFACE_s29_session1_lamp,0,859,28.633333333333333,-0.34634322335890655,0.07738436658332887
COHFACE_s29_session1_lamp,0,860,28.666666666666668,-0.40335612954248146,0.4812213609517524
COHFACE_s29_session1_lamp,0,861,28.7,-0.445181052277285,0.7284456045997313
COHFACE_s29_session1_lamp,0,862,28.733333333333334,-0.483339756016989,0.7845430355175255
COHFACE_s29_session1_lamp,0,863,28.766666666666666,-0.5299722566392944,0.7024000887863386
COHFACE_s29_session1_lamp,0,864,28.8,-0.5942617390767251,0.546970572804781
COHFACE_s29_session1_lamp,0,865,28.833333333333332,-0.6791497355517425,0.3939404858415141
COHFACE_s29_session1_lamp,0,866,28.866666666666667,-0.7794028897608786,0.25948883585501537
COHFACE_s29_session1_lamp,0,867,28.9,-0.8817982761597163,0.1008734204973243
COHFACE_s29_session1_lamp,0,868,28.933333333333334,-0.9663989388128146,-0.07929039274438722
COHFACE_s29_session1_lamp,0,869,28.966666666666665,-1.0081196339592777,-0.23200209059939098
COHFACE_s29_session1_lamp,0,870,29.0,-0.9773782921960974,-0.31280209694258904
COHFACE_s29_session1_lamp,0,871,29.033333333333335,-0.839628019767381,-0.28197943967222405
COHFACE_s29_session1_lamp,0,872,29.066666666666666,-0.5582655958553892,-0.1513603329812619
COHFACE_s29_session1_lamp,0,873,29.1,-0.11908871235852415,0.01580390846363757
COHFACE_s29_session1_lamp,0,874,29.133333333333333,0.4188553271348314,0.17947206454946824
COHFACE_s29_session1_lamp,0,875,29.166666666666668,0.9178912481669987,0.3227751130047273
COHFACE_s29_session1_lamp,0,876,29.2,1.2516459049265944,0.4144713897153764
COHFACE_s29_session1_lamp,0,877,29.233333333333334,1.389004372743373,0.4088409294534148
COHFACE_s29_session1_lamp,0,878,29.266666666666666,1.3782284348940819,0.3353551423193395
COHFACE_s29_session1_lamp,0,879,29.3,1.2810214059024623,0.29790433606802136
COHFACE_s29_session1_lamp,0,880,29.333333333333332,1.1332422299181202,0.3421490774229664
COHFACE_s29_session1_lamp,0,881,29.366666666666667,0.947085194038102,0.4545237427889839
COHFACE_s29_session1_lamp,0,882,29.4,0.7339222529531497,0.5697188734319231
COHFACE_s29_session1_lamp,0,883,29.433333333333334,0.516886955149371,0.5718198459250595
COHFACE_s29_session1_lamp,0,884,29.466666666666665,0.31885541548382057,0.4352856359363291
COHFACE_s29_session1_lamp,0,885,29.5,0.14815208785050626,0.225738886000313
COHFACE_s29_session1_lamp,0,886,29.533333333333335,0.002334945422798454,-0.008054832061664095
COHFACE_s29_session1_lamp,0,887,29.566666666666666,-0.12081048321189562,-0.2340210979662088
COHFACE_s29_session1_lamp,0,888,29.6,-0.2194397622296075,-0.43213637083594114
COHFACE_s29_session1_lamp,0,889,29.633333333333333,-0.2902960208558756,-0.5933244983081128
COHFACE_s29_session1_lamp,0,890,29.666666666666668,-0.3325067007882999,-0.7160793109331054
COHFACE_s29_session1_lamp,0,891,29.7,-0.34959132017665673,-0.8053080236163588
COHFACE_s29_session1_lamp,0,892,29.733333333333334,-0.34961150447401074,-0.8719308549073177
COHFACE_s29_session1_lamp,0,893,29.766666666666666,-0.34407303771177356,-0.931905069152052
COHFACE_s29_session1_lamp,0,894,29.8,-0.34540551481820675,-0.9833275474222769
COHFACE_s29_session1_lamp,0,895,29.833333333333332,-0.3641905485714396,-1.0060647347172536
COHFACE_s29_session1_lamp,0,896,29.866666666666667,-0.4073922176898685,-0.9791805807130166
COHFACE_s29_session1_lamp,0,897,29.9,-0.4772021463183766,-0.8814080960952829
COHFACE_s29_session1_lamp,0,898,29.933333333333334,-0.5704355535262855,-0.7101197346738314
COHFACE_s29_session1_lamp,0,899,29.966666666666665,-0.6791072111629475,-0.48215637734805356
COHFACE_s29_session1_lamp,0,900,30.0,-0.7911628512661164,-0.1864117671269125
COHFACE_s29_session1_lamp,0,901,30.033333333333335,-0.8907476435614632,0.21414950335722854
COHFACE_s29_session1_lamp,0,902,30.066666666666666,-0.958665211084205,0.7055184849579079
COHFACE_s29_session1_lamp,0,903,30.1,-0.9721552467323804,1.2201110707352052
COHFACE_s29_session1_lamp,0,904,30.133333333333333,-0.9036091647613268,1.6391110787291665
COHFACE_s29_session1_lamp,0,905,30.166666666666668,-0.7198410900737761,1.7921543524986814
COHFACE_s29_session1_lamp,0,906,30.2,-0.3892173062534061,1.6520485060171104
COHFACE_s29_session1_lamp,0,907,30.233333333333334,0.082871696988181,1.3344303273592597
COHFACE_s29_session1_lamp,0,908,30.266666666666666,0.6084828029201701,0.9479878894497995
COHFACE_s29_session1_lamp,0,909,30.3,1.0459086972615277,0.5936029599926267
COHFACE_s29_session1_lamp,0,910,30.333333333333332,1.3013174083739953,0.3046577312576078
COHFACE_s29_session1_lamp,0,911,30.366666666666667,1.3788715729243328,0.04863643111021066
COHFACE_s29_session1_lamp,0,912,30.4,1.3363897945084524,-0.19260753964206956
COHFACE_s29_session1_lamp,0,913,30.433333333333334,1.2239882425782902,-0.42044981645010754
COHFACE_s29_session1_lamp,0,914,30.466666666666665,1.063207845740946,-0.6174016803845093
COHFACE_s29_session1_lamp,0,915,30.5,0.8621766890395878,-0.7459251977064989
COHFACE_s29_session1_lamp,0,916,30.533333333333335,0.6378661788962677,-0.7862143840307091
COHFACE_s29_session1_lamp,0,917,30.566666666666666,0.4179353495132683,-0.7357865216633752
COHFACE_s29_session1_lamp,0,918,30.6,0.22324201166345528,-0.6117604532472617
COHFACE_s29_session1_lamp,0,919,30.633333333333333,0.05890728222001784,-0.4506718244850191
COHFACE_s29_session1_lamp,0,920,30.666666666666668,-0.07742984648990768,-0.28644029117310454
COHFACE_s29_session1_lamp,0,921,30.7,-0.18639737743612333,-0.15050418611672758
COHFACE_s29_session1_lamp,0,922,30.733333333333334,-0.2654751101535151,-0.0593017668501861
COHFACE_s29_session1_lamp,0,923,30.766666666666666,-0.31213148698708604,-0.014742216488743678
COHFACE_s29_session1_lamp,0,924,30.8,-0.32702934298477565,-0.012385601987694568
COHFACE_s29_session1_lamp,0,925,30.833333333333332,-0.3151253932209167,-0.041873802759206435
COHFACE_s29_session1_lamp,0,926,30.866666666666667,-0.2850820759647188,-0.08274933156333117
COHFACE_s29_session1_lamp,0,927,30.9,-0.2480952608545292,-0.10482909726785075
COHFACE_s29_session1_lamp,0,928,30.933333333333334,-0.21597012070274563,-0.10549553921466812
COHFACE_s29_session1_lamp,0,929,30.966666666666665,-0.1988982285018217,-0.10961947839168787
COHFACE_s29_session1_lamp,0,930,31.0,-0.20418081956163295,-0.12348940703041007
COHFACE_s29_session1_lamp,0,931,31.033333333333335,-0.23574636181531272,-0.1346138684385259
COHFACE_s29_session1_lamp,0,932,31.066666666666666,-0.2942394327641097,-0.1258435242569854
COHFACE_s29_session1_lamp,0,933,31.1,-0.3773716379953927,-0.07580302655939448
COHFACE_s29_session1_lamp,0,934,31.133333333333333,-0.48019830328931445,0.02207660884102021
COHFACE_s29_session1_lamp,0,935,31.166666666666668,-0.5954728504751617,0.15899166114964347
COHFACE_s29_session1_lamp,0,936,31.2,-0.7133324635022448,0.30935507839344045
COHFACE_s29_session1_lamp,0,937,31.233333333333334,-0.820520592010763,0.43053655994043055
COHFACE_s29_session1_lamp,0,938,31.266666666666666,-0.900281246985163,0.5007161198806978
COHFACE_s29_session1_lamp,0,939,31.3,-0.9323369596145634,0.5186339445423859
COHFACE_s29_session1_lamp,0,940,31.333333333333332,-0.8914673296892398,0.5033101649497322
COHFACE_s29_session1_lamp,0,941,31.366666666666667,-0.7458378590841178,0.493365503605626
COHFACE_s29_session1_lamp,0,942,31.4,-0.46131872477768077,0.49111991729423193
COHFACE_s29_session1_lamp,0,943,31.433333333333334,-0.02966422440091571,0.4626013832982346
COHFACE_s29_session1_lamp,0,944,31.466666666666665,0.4833623112377956,0.4029349729380063
COHFACE_s29_session1_lamp,0,945,31.5,0.9440785016366839,0.33669704651605153
COHFACE_s29_session1_lamp,0,946,31.533333333333335,1.2414468290072707,0.260844276110658
COHFACE_s29_session1_lamp,0,947,31.566666666666666,1.3565853614127628,0.14528556963702194
COHFACE_s29_session1_lamp,0,948,31.6,1.3386978849730462,-0.03030260473295337
COHFACE_s29_session1_lamp,0,949,31.633333333333333,1.2427746959348074,-0.2750597092403832
COHFACE_s29_session1_lamp,0,950,31.666666666666668,1.09667315370437,-0.5726737760787355
COHFACE_s29_session1_lamp,0,951,31.7,0.9088602102273542,-0.8801088912412639
COHFACE_s29_session1_lamp,0,952,31.733333333333334,0.6924586319818639,-1.1585754616245085
COHFACE_s29_session1_lamp,0,953,31.766666666666666,0.473018565083607,-1.3724773477912129
COHFACE_s29_session1_lamp,0,954,31.8,0.2730449497371904,-1.4936147457563302
COHFACE_s29_session1_lamp,0,955,31.833333333333332,0.10021619916417326,-1.5005216197564866
COHFACE_s29_session1_lamp,0,956,31.866666666666667,-0.046411992039285074,-1.3813852539087812
COHFACE_s29_session1_lamp,0,957,31.9,-0.16679751690496095,-1.1344191792407021
COHFACE_s29_session1_lamp,0,958,31.933333333333334,-0.2578002738553249,-0.7509129390004126
COHFACE_s29_session1_lamp,0,959,31.966666666666665,-0.316001692980732,-0.21735257716285156
COHFACE_s29_session1_lamp,0,960,32.0,-0.3409845607688344,0.39900716999155394
COHFACE_s29_session1_lamp,0,961,32.03333333333333,-0.33675004349134474,0.9481509815872787
COHFACE_s29_session1_lamp,0,962,32.06666666666667,-0.3111483441652958,1.3359079262794915
COHFACE_s29_session1_lamp,0,963,32.1,-0.27461911312366716,1.5226312852811217
COHFACE_s29_session1_lamp,0,964,32.13333333333333,-0.2386101755613893,1.5288362103697453
COHFACE_s29_session1_lamp,0,965,32.166666666666664,-0.2137043167214944,1.4331943568867873
COHFACE_s29_session1_lamp,0,966,32.2,-0.20806250358869313,1.2820936503701426
COHFACE_s29_session1_lamp,0,967,32.233333333333334,-0.22641034475816124,1.0889431899529145
COHFACE_s29_session1_lamp,0,968,32.266666666666666,-0.26982552206224275,0.8769611399474739
COHFACE_s29_session1_lamp,0,969,32.3,-0.3365152060990909,0.6798832836505284
COHFACE_s29_session1_lamp,0,970,32.333333333333336,-0.42258729907107323,0.4947739982424559
COHFACE_s29_session1_lamp,0,971,32.36666666666667,-0.5220019930154455,0.2835527759681466
COHFACE_s29_session1_lamp,0,972,32.4,-0.6262294448947606,0.04880369737990199
COHFACE_s29_session1_lamp,0,973,32.43333333333333,-0.7240626162781667,-0.16472566219654378
COHFACE_s29_session1_lamp,0,974,32.46666666666667,-0.8013666173967657,-0.33258798382556043
COHFACE_s29_session1_lamp,0,975,32.5,-0.8404776558214729,-0.44973008485000265
COHFACE_s29_session1_lamp,0,976,32.53333333333333,-0.819383322827919,-0.5256160150032847
COHFACE_s29_session1_lamp,0,977,32.56666666666667,-0.7102643542537878,-0.5830248616244127
COHFACE_s29_session1_lamp,0,978,32.6,-0.48069723420291627,-0.6270807439813808
COHFACE_s29_session1_lamp,0,979,32.63333333333333,-0.11226152860235587,-0.6446039432690779
COHFACE_s29_session1_lamp,0,980,32.666666666666664,0.35526126964629623,-0.6267980725053993
COHFACE_s29_session1_lamp,0,981,32.7,0.8070075239405867,-0.5692964364896074
COHFACE_s29_session1_lamp,0,982,32.733333333333334,1.1212709086817485,-0.48635620675023494
COHFACE_s29_session1_lamp,0,983,32.766666666666666,1.2537839596448108,-0.4107919972501503
COHFACE_s29_session1_lamp,0,984,32.8,1.2410277236854936,-0.3344670053691743
COHFACE_s29_session1_lamp,0,985,32.833333333333336,1.1452234314458842,-0.20901730568959176
COHFACE_s29_session1_lamp,0,986,32.86666666666667,1.0097709264412502,-0.04125861180985141
COHFACE_s29_session1_lamp,0,987,32.9,0.8524370656615003,0.10614666483493301
COHFACE_s29_session1_lamp,0,988,32.93333333333333,0.6838801300731427,0.18734938189189487
COHFACE_s29_session1_lamp,0,989,32.96666666666667,0.518501127814319,0.1735994458889799
COHFACE_s29_session1_lamp,0,990,33.0,0.3654017943941945,0.09346993359743248
COHFACE_s29_session1_lamp,0,991,33.03333333333333,0.22251511522925857,0.03214197865293411
COHFACE_s29_session1_lamp,0,992,33.06666666666667,0.08488318600593944,0.013914578058695667
COHFACE_s29_session1_lamp,0,993,33.1,-0.04723071305280148,0.0019447965216602692
COHFACE_s29_session1_lamp,0,994,33.13333333333333,-0.16820947181113982,-0.026512917480939133
COHFACE_s29_session1_lamp,0,995,33.166666666666664,-0.2712544564838561,-0.07937082735165041
COHFACE_s29_session1_lamp,0,996,33.2,-0.35273104075128736,-0.1302187433845084
COHFACE_s29_session1_lamp,0,997,33.233333333333334,-0.41397897167107367,-0.11871447515934898
COHFACE_s29_session1_lamp,0,998,33.266666666666666,-0.46099398779787804,-0.026067156460654148
COHFACE_s29_session1_lamp,0,999,33.3,-0.5031181434622638,0.1243300074457527
COHFACE_s29_session1_lamp,0,1000,33.333333333333336,-0.5502583804566071,0.27826824264037886
COHFACE_s29_session1_lamp,0,1001,33.36666666666667,-0.6095758787497392,0.35120012365851716
COHFACE_s29_session1_lamp,0,1002,33.4,-0.6829080103088908,0.3304528657053961
COHFACE_s29_session1_lamp,0,1003,33.43333333333333,-0.7653540410222515,0.2750676971789986
COHFACE_s29_session1_lamp,0,1004,33.46666666666667,-0.8455407823769449,0.22474327476348455
COHFACE_s29_session1_lamp,0,1005,33.5,-0.9065697622356068,0.19909112853618807
COHFACE_s29_session1_lamp,0,1006,33.53333333333333,-0.9263579298450644,0.1896679745227634
COHFACE_s29_session1_lamp,0,1007,33.56666666666667,-0.877907023140285,0.16041079340495434
COHFACE_s29_session1_lamp,0,1008,33.6,-0.7297007413459481,0.10299781935492464
COHFACE_s29_session1_lamp,0,1009,33.63333333333333,-0.4502356195673053,0.03731098762788132
COHFACE_s29_session1_lamp,0,1010,33.666666666666664,-0.03433944627978046,-0.01896557728253247
COHFACE_s29_session1_lamp,0,1011,33.7,0.45263875452918934,-0.05036805714272022
COHFACE_s29_session1_lamp,0,1012,33.733333333333334,0.8831172168803662,-0.06177885895109261
COHFACE_s29_session1_lamp,0,1013,33.766666666666666,1.154060725997049,-0.07804389937410884
COHFACE_s29_session1_lamp,0,1014,33.8,1.250839851687088,-0.09766098369513175
COHFACE_s29_session1_lamp,0,1015,33.833333333333336,1.222326283186105,-0.09269134818151191
COHFACE_s29_session1_lamp,0,1016,33.86666666666667,1.122426550359485,-0.05745031102102559
COHFACE_s29_session1_lamp,0,1017,33.9,0.9803284213927363,-0.00869590744574577
COHFACE_s29_session1_lamp,0,1018,33.93333333333333,0.8078097249536288,0.023708022407830504
COHFACE_s29_session1_lamp,0,1019,33.96666666666667,0.6197799412731353,-0.0026933075309783414
COHFACE_s29_session1_lamp,0,1020,34.0,0.4378296423074051,-0.08263066789071584
COHFACE_s29_session1_lamp,0,1021,34.03333333333333,0.2755271520354304,-0.16307851408789342
COHFACE_s29_session1_lamp,0,1022,34.06666666666667,0.13240067579468986,-0.22020149218329405
COHFACE_s29_session1_lamp,0,1023,34.1,0.003803909224136953,-0.25948031880919836
COHFACE_s29_session1_lamp,0,1024,34.13333333333333,-0.1101295872427003,-0.28143316059774837
COHFACE_s29_session1_lamp,0,1025,34.166666666666664,-0.20463237411679125,-0.28134644211306126
COHFACE_s29_session1_lamp,0,1026,34.2,-0.27500509811020735,-0.2667461486204649
COHFACE_s29_session1_lamp,0,1027,34.233333333333334,-0.3206233131225843,-0.2572204060323987
COHFACE_s29_session1_lamp,0,1028,34.266666666666666,-0.3460630196964559,-0.25598232998173553
COHFACE_s29_session1_lamp,0,1029,34.3,-0.36024844790485105,-0.24989502425262028
COHFACE_s29_session1_lamp,0,1030,34.333333333333336,-0.374635160802889,-0.23432436001184734
COHFACE_s29_session1_lamp,0,1031,34.36666666666667,-0.40039829150803324,-0.21337350661603155
COHFACE_s29_session1_lamp,0,1032,34.4,-0.4456603376159858,-0.17687266729205703
COHFACE_s29_session1_lamp,0,1033,34.43333333333333,-0.5135840235732007,-0.10088384742177117
COHFACE_s29_session1_lamp,0,1034,34.46666666666667,-0.6014727319897913,0.01714638584660864
COHFACE_s29_session1_lamp,0,1035,34.5,-0.7009905492232998,0.15770788732517854
COHFACE_s29_session1_lamp,0,1036,34.53333333333333,-0.7990668798763202,0.29922530047562146
COHFACE_s29_session1_lamp,0,1037,34.56666666666667,-0.8788213017548897,0.4176176403950617
COHFACE_s29_session1_lamp,0,1038,34.6,-0.9199921535712444,0.49444163393564966
COHFACE_s29_session1_lamp,0,1039,34.63333333333333,-0.8984605718944453,0.5165312950031443
COHFACE_s29_session1_lamp,0,1040,34.666666666666664,-0.7852787481401948,0.4937149284156853
COHFACE_s29_session1_lamp,0,1041,34.7,-0.5480533366603729,0.45834580642521017
COHFACE_s29_session1_lamp,0,1042,34.733333333333334,-0.16882355178465183,0.42183150318768026
COHFACE_s29_session1_lamp,0,1043,34.766666666666666,0.3110767317957983,0.3745487180535592
COHFACE_s29_session1_lamp,0,1044,34.8,0.7756731417538093,0.3101540414448242
COHFACE_s29_session1_lamp,0,1045,34.833333333333336,1.1063843268147044,0.22611370057239644
COHFACE_s29_session1_lamp,0,1046,34.86666666666667,1.2638312655121207,0.12500214449472627
COHFACE_s29_session1_lamp,0,1047,34.9,1.283169615775621,0.015054564818009684
COHFACE_s29_session1_lamp,0,1048,34.93333333333333,1.2160655925570107,-0.09570339083716278
COHFACE_s29_session1_lamp,0,1049,34.96666666666667,1.0930234053412384,-0.19886167813048822
COHFACE_s29_session1_lamp,0,1050,35.0,0.9246434448065636,-0.27527559903763843
COHFACE_s29_session1_lamp,0,1051,35.03333333333333,0.7224672734996709,-0.29483220712423136
COHFACE_s29_session1_lamp,0,1052,35.06666666666667,0.5107402141143473,-0.2572719002554285
COHFACE_s29_session1_lamp,0,1053,35.1,0.3148697149342175,-0.19200538714301724
COHFACE_s29_session1_lamp,0,1054,35.13333333333333,0.14617408386013764,-0.12243964084507584
COHFACE_s29_session1_lamp,0,1055,35.166666666666664,0.00399324915585568,-0.06572009891017666
COHFACE_s29_session1_lamp,0,1056,35.2,-0.11365060170694465,-0.03239738594977501
COHFACE_s29_session1_lamp,0,1057,35.233333333333334,-0.2055905411059674,-0.02648075280907695
COHFACE_s29_session1_lamp,0,1058,35.266666666666666,-0.2695014418083608,-0.04216940401704886
COHFACE_s29_session1_lamp,0,1059,35.3,-0.30535548767792614,-0.06401711697593689
COHFACE_s29_session1_lamp,0,1060,35.333333333333336,-0.31709535070757155,-0.08183284344142074
COHFACE_s29_session1_lamp,0,1061,35.36666666666667,-0.31212752833379576,-0.09077831956820295
COHFACE_s29_session1_lamp,0,1062,35.4,-0.30021355554176377,-0.08968830718409626
COHFACE_s29_session1_lamp,0,1063,35.43333333333333,-0.29189005946926755,-0.08100691602568955
COHFACE_s29_session1_lamp,0,1064,35.46666666666667,-0.2963802483070724,-0.06931329884669896
COHFACE_s29_session1_lamp,0,1065,35.5,-0.3200203051952797,-0.06122553803674713
COHFACE_s29_session1_lamp,0,1066,35.53333333333333,-0.3654825495340889,-0.059921815039445415
COHFACE_s29_session1_lamp,0,1067,35.56666666666667,-0.4316571080716991,-0.06508726107226333
COHFACE_s29_session1_lamp,0,1068,35.6,-0.514016199231917,-0.07044409896951087
COHFACE_s29_session1_lamp,0,1069,35.63333333333333,-0.6049331295995353,-0.06388248990744805
COHFACE_s29_session1_lamp,0,1070,35.666666666666664,-0.6938955543667827,-0.04027343463262297
COHFACE_s29_session1_lamp,0,1071,35.7,-0.7676873125186857,-0.0016564010112403997
COHFACE_s29_session1_lamp,0,1072,35.733333333333334,-0.8100444239967256,0.0348707896799816
COHFACE_s29_session1_lamp,0,1073,35.766666666666666,-0.8007190768458212,0.037370064497041375
COHFACE_s29_session1_lamp,0,1074,35.8,-0.7143152510162922,0.007959599870271117
COHFACE_s29_session1_lamp,0,1075,35.833333333333336,-0.5214310784052789,-0.01726663892640092
COHFACE_s29_session1_lamp,0,1076,35.86666666666667,-0.20436860812323096,-0.028864992871711355
COHFACE_s29_session1_lamp,0,1077,35.9,0.2051303491522819,-0.044137485086046424
COHFACE_s29_session1_lamp,0,1078,35.93333333333333,0.6121496572980842,-0.06406138408565494
COHFACE_s29_session1_lamp,0,1079,35.96666666666667,0.9160710009820994,-0.07315686982134523
COHFACE_s29_session1_lamp,0,1080,36.0,1.0785868018073692,-0.044211570067996704
COHFACE_s29_session1_lamp,0,1081,36.03333333333333,1.1230617305155106,0.060995761047042935
COHFACE_s29_session1_lamp,0,1082,36.06666666666667,1.0887120797581882,0.22136310106220056
COHFACE_s29_session1_lamp,0,1083,36.1,0.9990840482806406,0.3563160432868423
COHFACE_s29_session1_lamp,0,1084,36.13333333333333,0.862455000284932,0.423519659774968
COHFACE_s29_session1_lamp,0,1085,36.166666666666664,0.689279665020953,0.41913054272925165
COHFACE_s29_session1_lamp,0,1086,36.2,0.501774067386342,0.35825115222974346
COHFACE_s29_session1_lamp,0,1087,36.233333333333334,0.323578532441014,0.27452820547436885
COHFACE_s29_session1_lamp,0,1088,36.266666666666666,0.16658658798380171,0.18841525661660719
COHFACE_s29_session1_lamp,0,1089,36.3,0.03242586283030018,0.10718676696811014
COHFACE_s29_session1_lamp,0,1090,36.333333333333336,-0.07869799594664752,0.03266178086399148
COHFACE_s29_session1_lamp,0,1091,36.36666666666667,-0.1641912898696778,-0.038264135090421786
COHFACE_s29_session1_lamp,0,1092,36.4,-0.22119982322252613,-0.11605256573499567
COHFACE_s29_session1_lamp,0,1093,36.43333333333333,-0.24954568342261627,-0.2177150271444893
COHFACE_s29_session1_lamp,0,1094,36.46666666666667,-0.25258301301168584,-0.337886961710633
COHFACE_s29_session1_lamp,0,1095,36.5,-0.23658763934488777,-0.4482648618749748
COHFACE_s29_session1_lamp,0,1096,36.53333333333333,-0.20980058371938803,-0.5328125019623184
COHFACE_s29_session1_lamp,0,1097,36.56666666666667,-0.18112504921256548,-0.5874550525142935
COHFACE_s29_session1_lamp,0,1098,36.6,-0.15866531107308113,-0.5991047035230863
COHFACE_s29_session1_lamp,0,1099,36.63333333333333,-0.1488761973802902,-0.5456829975781162
COHFACE_s29_session1_lamp,0,1100,36.666666666666664,-0.1562010039287003,-0.42249244740504494
COHFACE_s29_session1_lamp,0,1101,36.7,-0.1828891447757081,-0.24278492954591607
COHFACE_s29_session1_lamp,0,1102,36.733333333333334,-0.22920213979513004,-0.041464257100609414
COHFACE_s29_session1_lamp,0,1103,36.766666666666666,-0.2937419270521945,0.12457038057235689
COHFACE_s29_session1_lamp,0,1104,36.8,-0.3735528948650921,0.2465468986963184
COHFACE_s29_session1_lamp,0,1105,36.833333333333336,-0.4642616249622534,0.3628151369336284
COHFACE_s29_session1_lamp,0,1106,36.86666666666667,-0.5595513762997191,0.49250677782058055
COHFACE_s29_session1_lamp,0,1107,36.9,-0.6499834068514322,0.6340807679028816
COHFACE_s29_session1_lamp,0,1108,36.93333333333333,-0.7227669108669813,0.7216355224085137
COHFACE_s29_session1_lamp,0,1109,36.96666666666667,-0.7618032937155736,0.625724515887928
COHFACE_s29_session1_lamp,0,1110,37.0,-0.7465486970473029,0.3373341065112444
COHFACE_s29_session1_lamp,0,1111,37.03333333333333,-0.6510599876784671,-0.031233943375267997
COHFACE_s29_session1_lamp,0,1112,37.06666666666667,-0.4472398078691563,-0.39402534932936994
COHFACE_s29_session1_lamp,0,1113,37.1,-0.1251432561361828,-0.6913281571701178
COHFACE_s29_session1_lamp,0,1114,37.13333333333333,0.27063097950237086,-0.8908452886996663
COHFACE_s29_session1_lamp,0,1115,37.166666666666664,0.6423515571877392,-0.9865492482719956
COHFACE_s29_session1_lamp,0,1116,37.2,0.9039233856224898,-0.9696464742881004
COHFACE_s29_session1_lamp,0,1117,37.233333333333334,1.0341527229723337,-0.8281932534892209
COHFACE_s29_session1_lamp,0,1118,37.266666666666666,1.0625380328078686,-0.5439294341919056
COHFACE_s29_session1_lamp,0,1119,37.3,1.0248869598636547,-0.09385668801304789
COHFACE_s29_session1_lamp,0,1120,37.333333333333336,0.9390519315307593,0.4696600736851889
COHFACE_s29_session1_lamp,0,1121,37.36666666666667,0.8108728303970094,1.0171532606652867
COHFACE_s29_session1_lamp,0,1122,37.4,0.6521359992447808,1.43549248787259
COHFACE_s29_session1_lamp,0,1123,37.43333333333333,0.4845260092946113,1.6272200475320884
COHFACE_s29_session1_lamp,0,1124,37.46666666666667,0.3260387191541777,1.5874259713979813
COHFACE_s29_session1_lamp,0,1125,37.5,0.1828724458475088,1.4025427449671621
COHFACE_s29_session1_lamp,0,1126,37.53333333333333,0.05549439291375613,1.120623851270534
COHFACE_s29_session1_lamp,0,1127,37.56666666666667,-0.054357842304403894,0.7513403905983534
COHFACE_s29_session1_lamp,0,1128,37.6,-0.14322661888650398,0.34734172708625144
COHFACE_s29_session1_lamp,0,1129,37.63333333333333,-0.2085427623994787,0.0054665636127281675
COHFACE_s29_session1_lamp,0,1130,37.666666666666664,-0.2505501390238536,-0.25392438509791615
COHFACE_s29_session1_lamp,0,1131,37.7,-0.27311321179608095,-0.48498646499999926
COHFACE_s29_session1_lamp,0,1132,37.733333333333334,-0.28349321363143776,-0.7109443118811591
COHFACE_s29_session1_lamp,0,1133,37.766666666666666,-0.2910292215272374,-0.9216628508810589
COHFACE_s29_session1_lamp,0,1134,37.8,-0.30493355805538347,-1.0822635200431037
COHFACE_s29_session1_lamp,0,1135,37.833333333333336,-0.33217367859904234,-1.1325211463940799
COHFACE_s29_session1_lamp,0,1136,37.86666666666667,-0.376367960856267,-1.0688449496083368
COHFACE_s29_session1_lamp,0,1137,37.9,-0.43725670222384855,-0.943939398103433
COHFACE_s29_session1_lamp,0,1138,37.93333333333333,-0.5108019514859821,-0.7886310284380382
COHFACE_s29_session1_lamp,0,1139,37.96666666666667,-0.5897827698598744,-0.6118137030037663
COHFACE_s29_session1_lamp,0,1140,38.0,-0.6642330892971924,-0.4055127892434206
COHFACE_s29_session1_lamp,0,1141,38.03333333333333,-0.7215632758346706,-0.14634172294453862
COHFACE_s29_session1_lamp,0,1142,38.06666666666667,-0.7462090927584091,0.13775875145281857
COHFACE_s29_session1_lamp,0,1143,38.1,-0.7188531114493537,0.3664900622873978
COHFACE_s29_session1_lamp,0,1144,38.13333333333333,-0.6156352846561511,0.4988222142186981
COHFACE_s29_session1_lamp,0,1145,38.166666666666664,-0.41069031582189147,0.5325452630110685
COHFACE_s29_session1_lamp,0,1146,38.2,-0.09490187206871603,0.4978309159903905
COHFACE_s29_session1_lamp,0,1147,38.233333333333334,0.2888918259539073,0.4561228102953083
COHFACE_s29_session1_lamp,0,1148,38.266666666666666,0.6452386761524393,0.4261110135770163
COHFACE_s29_session1_lamp,0,1149,38.3,0.8883978077985877,0.38349125116032906
COHFACE_s29_session1_lamp,0,1150,38.333333333333336,0.9971124435848258,0.321251725236695
COHFACE_s29_session1_lamp,0,1151,38.36666666666667,1.0028909677753959,0.2501801575553468
COHFACE_s29_session1_lamp,0,1152,38.4,0.9456273677542661,0.17833705414503742
COHFACE_s29_session1_lamp,0,1153,38.43333333333333,0.8478599413559587,0.1113342462692905
COHFACE_s29_session1_lamp,0,1154,38.46666666666667,0.7198852070719884,0.03807080275457798
COHFACE_s29_session1_lamp,0,1155,38.5,0.575371871249528,-0.06846460447144534
COHFACE_s29_session1_lamp,0,1156,38.53333333333333,0.43145991237705766,-0.1887702102008031
COHFACE_s29_session1_lamp,0,1157,38.56666666666667,0.29715632155603255,-0.2566280421636279
COHFACE_s29_session1_lamp,0,1158,38.6,0.17201240519552075,-0.24211084854130532
COHFACE_s29_session1_lamp,0,1159,38.63333333333333,0.05516994196576749,-0.1519595441117835
COHFACE_s29_session1_lamp,0,1160,38.666666666666664,-0.04943879089894827,-0.03445815963308416
COHFACE_s29_session1_lamp,0,1161,38.7,-0.13534645856624247,0.02130449891107006
COHFACE_s29_session1_lamp,0,1162,38.733333333333334,-0.19812169311918898,-0.012583886703183118
COHFACE_s29_session1_lamp,0,1163,38.766666666666666,-0.23789899476338722,-0.10246809677349455
COHFACE_s29_session1_lamp,0,1164,38.8,-0.2595424214022412,-0.2084031558142032
COHFACE_s29_session1_lamp,0,1165,38.833333333333336,-0.2717597331940908,-0.28468231077768774
COHFACE_s29_session1_lamp,0,1166,38.86666666666667,-0.28501179474215005,-0.3251441925351571
COHFACE_s29_session1_lamp,0,1167,38.9,-0.3088355262027551,-0.36283282222828733
COHFACE_s29_session1_lamp,0,1168,38.93333333333333,-0.3497536332327543,-0.3972929693657027
COHFACE_s29_session1_lamp,0,1169,38.96666666666667,-0.4099546944624688,-0.39434893761140966
COHFACE_s29_session1_lamp,0,1170,39.0,-0.4871339999917978,-0.31478039524071383
COHFACE_s29_session1_lamp,0,1171,39.03333333333333,-0.5752282112738507,-0.115513249178348
COHFACE_s29_session1_lamp,0,1172,39.06666666666667,-0.6648508891253454,0.16599724101578395
COHFACE_s29_session1_lamp,0,1173,39.1,-0.7435500342882261,0.4113771841771756
COHFACE_s29_session1_lamp,0,1174,39.13333333333333,-0.7961925186238257,0.5565134500941508
COHFACE_s29_session1_lamp,0,1175,39.166666666666664,-0.8043514384217356,0.5916054842545457
COHFACE_s29_session1_lamp,0,1176,39.2,-0.7451022187295601,0.5303852598347187
COHFACE_s29_session1_lamp,0,1177,39.233333333333334,-0.5913700336751381,0.40944055284198205
COHFACE_s29_session1_lamp,0,1178,39.266666666666666,-0.3206004794805928,0.2679865991478765
COHFACE_s29_session1_lamp,0,1179,39.3,0.05453717674868942,0.14758320420279442
COHFACE_s29_session1_lamp,0,1180,39.333333333333336,0.45839885775680284,0.06567208529995844
COHFACE_s29_session1_lamp,0,1181,39.36666666666667,0.7876088434540731,0.015928391524884476
COHFACE_s29_session1_lamp,0,1182,39.4,0.9845946991866735,-0.006207067419011291
COHFACE_s29_session1_lamp,0,1183,39.43333333333333,1.0594291424520377,-0.003038304880405289
COHFACE_s29_session1_lamp,0,1184,39.46666666666667,1.0510372457984576,0.01320908060351024
COHFACE_s29_session1_lamp,0,1185,39.5,0.9874821123962546,0.020727857858580175
COHFACE_s29_session1_lamp,0,1186,39.53333333333333,0.8776441038528509,0.012851668784386053
COHFACE_s29_session1_lamp,0,1187,39.56666666666667,0.7267078593120389,-0.0017899935624490111
COHFACE_s29_session1_lamp,0,1188,39.6,0.5515758370008298,-0.018588541238815533
COHFACE_s29_session1_lamp,0,1189,39.63333333333333,0.3764354513056568,-0.03696350394863874
COHFACE_s29_session1_lamp,0,1190,39.666666666666664,0.21766359293773835,-0.05507691453532111
COHFACE_s29_session1_lamp,0,1191,39.7,0.08016709900142036,-0.06973258637898064
COHFACE_s29_session1_lamp,0,1192,39.733333333333334,-0.03534343344307299,-0.08143722040348005
COHFACE_s29_session1_lamp,0,1193,39.766666666666666,-0.12718766769966242,-0.09425974340644323
COHFACE_s29_session1_lamp,0,1194,39.8,-0.19303235518143097,-0.09935978941028746
COHFACE_s29_session1_lamp,0,1195,39.833333333333336,-0.23212435145479443,-0.07513248120024553
COHFACE_s29_session1_lamp,0,1196,39.86666666666667,-0.24655741842130358,-0.03589456162174
COHFACE_s29_session1_lamp,0,1197,39.9,-0.24138471058460537,-0.03163236753500406
COHFACE_s29_session1_lamp,0,1198,39.93333333333333,-0.22424555110179212,-0.07274196106976655
COHFACE_s29_session1_lamp,0,1199,39.96666666666667,-0.20387556767450993,-0.1297532556515175
COHFACE_s29_session1_lamp,0,1200,40.0,-0.18836104938953935,-0.18326836584137082
COHFACE_s29_session1_lamp,0,1201,40.03333333333333,-0.18445136437261817,-0.22411217105375403
COHFACE_s29_session1_lamp,0,1202,40.06666666666667,-0.19685150767045415,-0.2541606444752695
COHFACE_s29_session1_lamp,0,1203,40.1,-0.22774615278514748,-0.2860017935875652
COHFACE_s29_session1_lamp,0,1204,40.13333333333333,-0.27727224318367166,-0.3117782020697104
COHFACE_s29_session1_lamp,0,1205,40.166666666666664,-0.3436853498710247,-0.303199536982469
COHFACE_s29_session1_lamp,0,1206,40.2,-0.42333029215071066,-0.24996344548934318
COHFACE_s29_session1_lamp,0,1207,40.233333333333334,-0.5105970919598997,-0.1601329220027215
COHFACE_s29_session1_lamp,0,1208,40.266666666666666,-0.5972852277437349,-0.042351251623537256
COHFACE_s29_session1_lamp,0,1209,40.3,-0.6723092968150115,0.09374242793552534
COHFACE_s29_session1_lamp,0,1210,40.333333333333336,-0.7215653447532451,0.2250881214174223
COHFACE_s29_session1_lamp,0,1211,40.36666666666667,-0.7269128736310874,0.31487525266256366
COHFACE_s29_session1_lamp,0,1212,40.4,-0.6652463994909269,0.3554612496986683
COHFACE_s29_session1_lamp,0,1213,40.43333333333333,-0.5099213083264631,0.367935453517644
COHFACE_s29_session1_lamp,0,1214,40.46666666666667,-0.24395752021815692,0.37428231149941305
COHFACE_s29_session1_lamp,0,1215,40.5,0.10769476456605477,0.39665520143559924
COHFACE_s29_session1_lamp,0,1216,40.53333333333333,0.46536969814560303,0.4202421533444941
COHFACE_s29_session1_lamp,0,1217,40.56666666666667,0.7424208917417716,0.393540389868673
COHFACE_s29_session1_lamp,0,1218,40.6,0.9034508925176803,0.31302368964184224
COHFACE_s29_session1_lamp,0,1219,40.63333333333333,0.9660401099556988,0.2234554362746431
COHFACE_s29_session1_lamp,0,1220,40.666666666666664,0.9626314349593614,0.14550320784814977
COHFACE_s29_session1_lamp,0,1221,40.7,0.9117308599125573,0.07581584233651484
COHFACE_s29_session1_lamp,0,1222,40.733333333333334,0.816956382439237,0.007401226486859265
COHFACE_s29_session1_lamp,0,1223,40.766666666666666,0.6834985455100808,-0.06963470344647704
COHFACE_s29_session1_lamp,0,1224,40.8,0.5287064681858707,-0.14581882923347317
COHFACE_s29_session1_lamp,0,1225,40.833333333333336,0.37390097754416635,-0.19198988474943549
COHFACE_s29_session1_lamp,0,1226,40.86666666666667,0.23165115244021184,-0.20549497647069237
COHFACE_s29_session1_lamp,0,1227,40.9,0.10544892871969158,-0.2098939258602471
COHFACE_s29_session1_lamp,0,1228,40.93333333333333,-0.0030495129315733505,-0.20253038665975553
COHFACE_s29_session1_lamp,0,1229,40.96666666666667,-0.09059604050082763,-0.15454018088097832
COHFACE_s29_session1_lamp,0,1230,41.0,-0.15402698209855675,-0.08707200656104616
COHFACE_s29_session1_lamp,0,1231,41.03333333333333,-0.19252527371793524,-0.07099332047762438
COHFACE_s29_session1_lamp,0,1232,41.06666666666667,-0.20818320170957821,-0.11358165408369096
COHFACE_s29_session1_lamp,0,1233,41.1,-0.20573419537494875,-0.15841193538132176
COHFACE_s29_session1_lamp,0,1234,41.13333333333333,-0.19210017650439903,-0.18473808938103958
COHFACE_s29_session1_lamp,0,1235,41.166666666666664,-0.17519559532378914,-0.20776336393795142
COHFACE_s29_session1_lamp,0,1236,41.2,-0.16240943113463396,-0.23840101277308753
COHFACE_s29_session1_lamp,0,1237,41.233333333333334,-0.1599426644976053,-0.28280164168752564
COHFACE_s29_session1_lamp,0,1238,41.266666666666666,-0.17247517108285246,-0.32057019685611166
COHFACE_s29_session1_lamp,0,1239,41.3,-0.20265688497469792,-0.3050545128954128
COHFACE_s29_session1_lamp,0,1240,41.333333333333336,-0.2510982987529687,-0.23379949875702613
COHFACE_s29_session1_lamp,0,1241,41.36666666666667,-0.3166963191740715,-0.14875908077019834
COHFACE_s29_session1_lamp,0,1242,41.4,-0.3967637317320009,-0.07724662169814422
COHFACE_s29_session1_lamp,0,1243,41.43333333333333,-0.48664958552246773,-0.03179563349275907
COHFACE_s29_session1_lamp,0,1244,41.46666666666667,-0.5790485262909606,-0.00047991200120747757
COHFACE_s29_session1_lamp,0,1245,41.5,-0.6636626757302067,0.05237456655545756
COHFACE_s29_session1_lamp,0,1246,41.53333333333333,-0.727171732212954,0.12461017204184369
COHFACE_s29_session1_lamp,0,1247,41.56666666666667,-0.7526629860050615,0.1758783611449063
COHFACE_s29_session1_lamp,0,1248,41.6,-0.71845993116385,0.20130766103979725
COHFACE_s29_session1_lamp,0,1249,41.63333333333333,-0.598155824996123,0.23123848690445836
COHFACE_s29_session1_lamp,0,1250,41.666666666666664,-0.36823338560190755,0.2700266295287411
COHFACE_s29_session1_lamp,0,1251,41.7,-0.03543901909941135,0.2956737919577378
COHFACE_s29_session1_lamp,0,1252,41.733333333333334,0.33706536689934935,0.30257112254600704
COHFACE_s29_session1_lamp,0,1253,41.766666666666666,0.6570895881754555,0.30145936162239817
COHFACE_s29_session1_lamp,0,1254,41.8,0.866907835040996,0.3137429690416634
COHFACE_s29_session1_lamp,0,1255,41.833333333333336,0.96760607525949,0.3708776285470925
COHFACE_s29_session1_lamp,0,1256,41.86666666666667,0.9903121506259293,0.4675526416155245
COHFACE_s29_session1_lamp,0,1257,41.9,0.9601836098401338,0.561444795551451
COHFACE_s29_session1_lamp,0,1258,41.93333333333333,0.8851994585571347,0.6098022392303752
COHFACE_s29_session1_lamp,0,1259,41.96666666666667,0.7682770718003142,0.5700258136869158
COHFACE_s29_session1_lamp,0,1260,42.0,0.6221709773706197,0.44213344021583767
COHFACE_s29_session1_lamp,0,1261,42.03333333333333,0.46743492827958066,0.26907508758051724
COHFACE_s29_session1_lamp,0,1262,42.06666666666667,0.3191388214372248,0.07234236670026797
COHFACE_s29_session1_lamp,0,1263,42.1,0.182719688480989,-0.14737856569361457
COHFACE_s29_session1_lamp,0,1264,42.13333333333333,0.06007356705639189,-0.3828099418232218
COHFACE_s29_session1_lamp,0,1265,42.166666666666664,-0.04584834591264013,-0.6186919996774501
COHFACE_s29_session1_lamp,0,1266,42.2,-0.13145208112825102,-0.8318564990862903
COHFACE_s29_session1_lamp,0,1267,42.233333333333334,-0.19499147782693904,-0.9901927670102406
COHFACE_s29_session1_lamp,0,1268,42.266666666666666,-0.237863149860245,-1.0765522025537397
COHFACE_s29_session1_lamp,0,1269,42.3,-0.2641735971186763,-1.0881176030549566
COHFACE_s29_session1_lamp,0,1270,42.333333333333336,-0.28015773738183664,-1.0332900998218715
COHFACE_s29_session1_lamp,0,1271,42.36666666666667,-0.29348552050471866,-0.931398544291759
COHFACE_s29_session1_lamp,0,1272,42.4,-0.31169712049006976,-0.7821153584426409
COHFACE_s29_session1_lamp,0,1273,42.43333333333333,-0.3404002363067959,-0.5662538169816197
COHFACE_s29_session1_lamp,0,1274,42.46666666666667,-0.38230793304917954,-0.2931242849238046
COHFACE_s29_session1_lamp,0,1275,42.5,-0.437125902708313,-0.0018885127813349709
COHFACE_s29_session1_lamp,0,1276,42.53333333333333,-0.5016184007033053,0.2566687396943224
COHFACE_s29_session1_lamp,0,1277,42.56666666666667,-0.5695917319762372,0.41943108929552675
COHFACE_s29_session1_lamp,0,1278,42.6,-0.6320458463047737,0.4894480910128709
COHFACE_s29_session1_lamp,0,1279,42.63333333333333,-0.6773760180404654,0.5345982712550685
COHFACE_s29_session1_lamp,0,1280,42.666666666666664,-0.691004395544929,0.6042935575026467
COHFACE_s29_session1_lamp,0,1281,42.7,-0.6545707233009338,0.727662624448004
COHFACE_s29_session1_lamp,0,1282,42.733333333333334,-0.5455861968214444,0.8722245880198063
COHFACE_s29_session1_lamp,0,1283,42.766666666666666,-0.34093053461867934,0.9438938261694898
COHFACE_s29_session1_lamp,0,1284,42.8,-0.03680616100807679,0.9159549070621733
COHFACE_s29_session1_lamp,0,1285,42.833333333333336,0.32001807194387216,0.8293008698189741
COHFACE_s29_session1_lamp,0,1286,42.86666666666667,0.6396101897569224,0.705385298632686
COHFACE_s29_session1_lamp,0,1287,42.9,0.8488406799818127,0.5462388595069905
COHFACE_s29_session1_lamp,0,1288,42.93333333333333,0.9348365838737129,0.3709787962961812
COHFACE_s29_session1_lamp,0,1289,42.96666666666667,0.9294039326072916,0.21644218463016504
COHFACE_s29_session1_lamp,0,1290,43.0,0.869983571883149,0.09653192233052034
COHFACE_s29_session1_lamp,0,1291,43.03333333333333,0.7788172855123381,0.0029922466000741055
COHFACE_s29_session1_lamp,0,1292,43.06666666666667,0.6672660495910739,-0.07194416570037468
COHFACE_s29_session1_lamp,0,1293,43.1,0.5468926471170152,-0.1345758904419065
COHFACE_s29_session1_lamp,0,1294,43.13333333333333,0.4280575824522034,-0.19472048049148805
COHFACE_s29_session1_lamp,0,1295,43.166666666666664,0.3130090205530069,-0.264887876814682
COHFACE_s29_session1_lamp,0,1296,43.2,0.19876111097637345,-0.3463977362137872
COHFACE_s29_session1_lamp,0,1297,43.233333333333334,0.08442652144756012,-0.42874402937410805
COHFACE_s29_session1_lamp,0,1298,43.266666666666666,-0.026472358109319444,-0.49780038196643384
COHFACE_s29_session1_lamp,0,1299,43.3,-0.128199808240832,-0.5355508763565908
COHFACE_s29_session1_lamp,0,1300,43.333333333333336,-0.21618048588948852,-0.5402862490490379
COHFACE_s29_session1_lamp,0,1301,43.36666666666667,-0.2893121567711839,-0.5263114451853389
COHFACE_s29_session1_lamp,0,1302,43.4,-0.3507127547301168,-0.5038996142911373
COHFACE_s29_session1_lamp,0,1303,43.43333333333333,-0.4066379957899139,-0.47904423312227684
COHFACE_s29_session1_lamp,0,1304,43.46666666666667,-0.464170134124986,-0.4446447252156571
COHFACE_s29_session1_lamp,0,1305,43.5,-0.5289662026517723,-0.38085784116557353
COHFACE_s29_session1_lamp,0,1306,43.53333333333333,-0.6032214035174693,-0.2866318375097667
COHFACE_s29_session1_lamp,0,1307,43.56666666666667,-0.6840804800536587,-0.18018243519694038
COHFACE_s29_session1_lamp,0,1308,43.6,-0.7629410734827048,-0.08042749554011894
COHFACE_s29_session1_lamp,0,1309,43.63333333333333,-0.8259585955173048,-0.007210143291390983
COHFACE_s29_session1_lamp,0,1310,43.666666666666664,-0.8550573535482255,0.03658421514764282
COHFACE_s29_session1_lamp,0,1311,43.7,-0.8279534926656495,0.06456897543082907
COHFACE_s29_session1_lamp,0,1312,43.733333333333334,-0.7176639062379481,0.09451220740838825
COHFACE_s29_session1_lamp,0,1313,43.766666666666666,-0.4959061723298246,0.14760048535477005
COHFACE_s29_session1_lamp,0,1314,43.8,-0.1537185829819518,0.22980906448194555
COHFACE_s29_session1_lamp,0,1315,43.833333333333336,0.2625637912728299,0.33132510547104127
COHFACE_s29_session1_lamp,0,1316,43.86666666666667,0.6532426082561045,0.4256841558599228
COHFACE_s29_session1_lamp,0,1317,43.9,0.9305653700159175,0.4697857248852802
COHFACE_s29_session1_lamp,0,1318,43.93333333333333,1.0726292258046581,0.46896407594143336
COHFACE_s29_session1_lamp,0,1319,43.96666666666667,1.1081691515518042,0.4765079611044119
COHFACE_s29_session1_lamp,0,1320,44.0,1.071580129116219,0.5065381994656238
COHFACE_s29_session1_lamp,0,1321,44.03333333333333,0.9805869005940229,0.5335472546715447
COHFACE_s29_session1_lamp,0,1322,44.06666666666667,0.8430675704256225,0.5318163016240027
COHFACE_s29_session1_lamp,0,1323,44.1,0.6732274610362079,0.4759739354029392
COHFACE_s29_session1_lamp,0,1324,44.13333333333333,0.49474259731467696,0.3685763643113623
COHFACE_s29_session1_lamp,0,1325,44.166666666666664,0.3277204029278056,0.2404534613598443
COHFACE_s29_session1_lamp,0,1326,44.2,0.17952548670742646,0.11148678242864282
COHFACE_s29_session1_lamp,0,1327,44.233333333333334,0.049464122071983724,-0.009022340295033515
COHFACE_s29_session1_lamp,0,1328,44.266666666666666,-0.063254200276875,-0.1296354826287009
COHFACE_s29_session1_lamp,0,1329,44.3,-0.15705053554393839,-0.27564765571831285
COHFACE_s29_session1_lamp,0,1330,44.333333333333336,-0.23016098830518789,-0.4422200644347871
COHFACE_s29_session1_lamp,0,1331,44.36666666666667,-0.28336403988069286,-0.5934648423590767
COHFACE_s29_session1_lamp,0,1332,44.4,-0.32057881990351017,-0.7128669431749055
COHFACE_s29_session1_lamp,0,1333,44.43333333333333,-0.34815208233452133,-0.8026855632636444
COHFACE_s29_session1_lamp,0,1334,44.46666666666667,-0.37384059044183665,-0.8636035560046321
COHFACE_s29_session1_lamp,0,1335,44.5,-0.40512179194444403,-0.8940963091293274
COHFACE_s29_session1_lamp,0,1336,44.53333333333333,-0.44742636375818867,-0.8810159949240167
COHFACE_s29_session1_lamp,0,1337,44.56666666666667,-0.5029475784536934,-0.7998085228352133
COHFACE_s29_session1_lamp,0,1338,44.6,-0.5699351590725743,-0.6553637170117693
COHFACE_s29_session1_lamp,0,1339,44.63333333333333,-0.642339622790042,-0.48253554075547395
COHFACE_s29_session1_lamp,0,1340,44.666666666666664,-0.7100911798473601,-0.3107139141562218
COHFACE_s29_session1_lamp,0,1341,44.7,-0.759793584241346,-0.1643122945481995
COHFACE_s29_session1_lamp,0,1342,44.733333333333334,-0.7748487059908654,-0.03143960534531602
COHFACE_s29_session1_lamp,0,1343,44.766666666666666,-0.7345931752217454,0.13460479791967678
COHFACE_s29_session1_lamp,0,1344,44.8,-0.6137291632559143,0.3588522574669002
COHFACE_s29_session1_lamp,0,1345,44.833333333333336,-0.38733960382079097,0.6426542853720434
COHFACE_s29_session1_lamp,0,1346,44.86666666666667,-0.05471168231058396,0.9300526915375831
COHFACE_s29_session1_lamp,0,1347,44.9,0.3288350249600898,1.107273559552283
COHFACE_s29_session1_lamp,0,1348,44.93333333333333,0.6674951902359254,1.134888460733728
COHFACE_s29_session1_lamp,0,1349,44.96666666666667,0.8917300300612737,1.0476205352389873
COHFACE_s29_session1_lamp,0,1350,45.0,0.995672866243106,0.8957901590067276
COHFACE_s29_session1_lamp,0,1351,45.03333333333333,1.0113789687346624,0.7444614483912175
COHFACE_s29_session1_lamp,0,1352,45.06666666666667,0.9683584913783837,0.6200127154935814
COHFACE_s29_session1_lamp,0,1353,45.1,0.8786758566834166,0.5104645167265222
COHFACE_s29_session1_lamp,0,1354,45.13333333333333,0.7471719077063951,0.39349255325310833
COHFACE_s29_session1_lamp,0,1355,45.166666666666664,0.5873743557351926,0.2378897946059106
COHFACE_s29_session1_lamp,0,1356,45.2,0.4221263495264077,0.04789217105391536
COHFACE_s29_session1_lamp,0,1357,45.233333333333334,0.2697654520037692,-0.13577024179063663
COHFACE_s29_session1_lamp,0,1358,45.266666666666666,0.13675414768321842,-0.28546983627015865
COHFACE_s29_session1_lamp,0,1359,45.3,0.022941022277837883,-0.3860873936438539
COHFACE_s29_session1_lamp,0,1360,45.333333333333336,-0.0717064507133109,-0.44135145378872337
COHFACE_s29_session1_lamp,0,1361,45.36666666666667,-0.14549842512157957,-0.4729295000277689
COHFACE_s29_session1_lamp,0,1362,45.4,-0.19731192763604571,-0.49288653763642787
COHFACE_s29_session1_lamp,0,1363,45.43333333333333,-0.2288374722433296,-0.5030330438576117
COHFACE_s29_session1_lamp,0,1364,45.46666666666667,-0.24456359394978966,-0.5029152013302721
COHFACE_s29_session1_lamp,0,1365,45.5,-0.25111091178458306,-0.4896864081473174
COHFACE_s29_session1_lamp,0,1366,45.53333333333333,-0.2563666327088706,-0.46922956879688993
COHFACE_s29_session1_lamp,0,1367,45.56666666666667,-0.2677971293704615,-0.4560277001163178
COHFACE_s29_session1_lamp,0,1368,45.6,-0.2912166316988054,-0.44508260296631885
COHFACE_s29_session1_lamp,0,1369,45.63333333333333,-0.3302972209149916,-0.412115051594726
COHFACE_s29_session1_lamp,0,1370,45.666666666666664,-0.38592803752119514,-0.34504152345346106
COHFACE_s29_session1_lamp,0,1371,45.7,-0.4556456242068831,-0.24453601402385614
COHFACE_s29_session1_lamp,0,1372,45.733333333333334,-0.5338927145132931,-0.12447253870152065
COHFACE_s29_session1_lamp,0,1373,45.766666666666666,-0.61239346734738,-0.012236327393193816
COHFACE_s29_session1_lamp,0,1374,45.8,-0.6799381049038082,0.08419446208723584
COHFACE_s29_session1_lamp,0,1375,45.833333333333336,-0.7222198920886751,0.17567467381211455
COHFACE_s29_session1_lamp,0,1376,45.86666666666667,-0.7215195549292857,0.2628642504956507
COHFACE_s29_session1_lamp,0,1377,45.9,-0.6559379594800575,0.3355501541018442
COHFACE_s29_session1_lamp,0,1378,45.93333333333333,-0.5002420207577122,0.3828086226370271
COHFACE_s29_session1_lamp,0,1379,45.96666666666667,-0.2377282225662461,0.39279661431430524
COHFACE_s29_session1_lamp,0,1380,46.0,0.10908979250410522,0.3699095983200277
COHFACE_s29_session1_lamp,0,1381,46.03333333333333,0.46393193988378045,0.3345862535032531
COHFACE_s29_session1_lamp,0,1382,46.06666666666667,0.7405968791190571,0.3050723002816798
COHFACE_s29_session1_lamp,0,1383,46.1,0.9016753175048189,0.2971589248435375
COHFACE_s29_session1_lamp,0,1384,46.13333333333333,0.9631692030506691,0.3035097380664668
COHFACE_s29_session1_lamp,0,1385,46.166666666666664,0.9566430534466643,0.29394879350205677
COHFACE_s29_session1_lamp,0,1386,46.2,0.9003725274239418,0.25510489659268554
COHFACE_s29_session1_lamp,0,1387,46.233333333333334,0.7992445611684776,0.19089342119617195
COHFACE_s29_session1_lamp,0,1388,46.266666666666666,0.6606410261436847,0.11550941719377746
COHFACE_s29_session1_lamp,0,1389,46.3,0.5032261798937958,0.05351253666215062
COHFACE_s29_session1_lamp,0,1390,46.333333333333336,0.34808613733591287,0.006424663980498568
COHFACE_s29_session1_lamp,0,1391,46.36666666666667,0.20716278911847244,-0.04683397993136249
COHFACE_s29_session1_lamp,0,1392,46.4,0.08370874148020346,-0.11172217886383518
COHFACE_s29_session1_lamp,0,1393,46.43333333333333,-0.021123815086808315,-0.17750560820922984
COHFACE_s29_session1_lamp,0,1394,46.46666666666667,-0.10512956310346883,-0.2292582074894876
COHFACE_s29_session1_lamp,0,1395,46.5,-0.16608774525266334,-0.24779467890759407
COHFACE_s29_session1_lamp,0,1396,46.53333333333333,-0.20380843588329753,-0.23849797055211902
COHFACE_s29_session1_lamp,0,1397,46.56666666666667,-0.2208832752254345,-0.23101662934524883
COHFACE_s29_session1_lamp,0,1398,46.6,-0.2223059675704856,-0.23533141100761099
COHFACE_s29_session1_lamp,0,1399,46.63333333333333,-0.21494750023296483,-0.2415214446895953
COHFACE_s29_session1_lamp,0,1400,46.666666666666664,-0.2065060079866876,-0.24991962016380587
COHFACE_s29_session1_lamp,0,1401,46.7,-0.20401442588032864,-0.2710759265564792
COHFACE_s29_session1_lamp,0,1402,46.733333333333334,-0.2128339458499114,-0.31148305575677676
COHFACE_s29_session1_lamp,0,1403,46.766666666666666,-0.23630177576469077,-0.37327323462526124
COHFACE_s29_session1_lamp,0,1404,46.8,-0.2754912983209331,-0.4399411238095773
COHFACE_s29_session1_lamp,0,1405,46.833333333333336,-0.32928088816303497,-0.4764295372403928
COHFACE_s29_session1_lamp,0,1406,46.86666666666667,-0.39478007036744234,-0.4724440952378323
COHFACE_s29_session1_lamp,0,1407,46.9,-0.46719579139381195,-0.44255627771234274
COHFACE_s29_session1_lamp,0,1408,46.93333333333333,-0.5393463590139246,-0.3925861657337247
COHFACE_s29_session1_lamp,0,1409,46.96666666666667,-0.6016279763142753,-0.3197272275224771
COHFACE_s29_session1_lamp,0,1410,47.0,-0.641956906157589,-0.21526401411806312
COHFACE_s29_session1_lamp,0,1411,47.03333333333333,-0.6449884128033868,-0.06542727132695629
COHFACE_s29_session1_lamp,0,1412,47.06666666666667,-0.5911567102910509,0.13161822634003678
COHFACE_s29_session1_lamp,0,1413,47.1,-0.45712791062695357,0.36456984576136114
COHFACE_s29_session1_lamp,0,1414,47.13333333333333,-0.2250324539250425,0.6067594599776136
COHFACE_s29_session1_lamp,0,1415,47.166666666666664,0.08970234141339399,0.8151888201180848
COHFACE_s29_session1_lamp,0,1416,47.2,0.4195322279063439,0.9790390781143933
COHFACE_s29_session1_lamp,0,1417,47.233333333333334,0.6805204558767692,1.1184469974124376
COHFACE_s29_session1_lamp,0,1418,47.266666666666666,0.8310048997927643,1.227093225940428
COHFACE_s29_session1_lamp,0,1419,47.3,0.8832009696251946,1.271370621916474
COHFACE_s29_session1_lamp,0,1420,47.333333333333336,0.869649835789728,1.216107651965551
COHFACE_s29_session1_lamp,0,1421,47.36666666666667,0.8128794192721674,1.0252778838346925
COHFACE_s29_session1_lamp,0,1422,47.4,0.7211525788156825,0.7248186211158032
COHFACE_s29_session1_lamp,0,1423,47.43333333333333,0.6016999832525993,0.4032889985118625
COHFACE_s29_session1_lamp,0,1424,47.46666666666667,0.46943960448181876,0.10194578648815475
COHFACE_s29_session1_lamp,0,1425,47.5,0.3397892784255744,-0.18408771241710856
COHFACE_s29_session1_lamp,0,1426,47.53333333333333,0.219862010682943,-0.45721808916232015
COHFACE_s29_session1_lamp,0,1427,47.56666666666667,0.11051703988340958,-0.7152061050876197
COHFACE_s29_session1_lamp,0,1428,47.6,0.012427147182871898,-0.950484980970648
COHFACE_s29_session1_lamp,0,1429,47.63333333333333,-0.07222142594460651,-1.148483298012937
COHFACE_s29_session1_lamp,0,1430,47.666666666666664,-0.14137891088954385,-1.3057268085540936
COHFACE_s29_session1_lamp,0,1431,47.7,-0.19461761557637236,-1.4284959708605975
COHFACE_s29_session1_lamp,0,1432,47.733333333333334,-0.23379885271816134,-1.5113808594769766
COHFACE_s29_session1_lamp,0,1433,47.766666666666666,-0.2630924424321368,-1.536564493583965
COHFACE_s29_session1_lamp,0,1434,47.8,-0.2884655002709129,-1.4846623673513515
COHFACE_s29_session1_lamp,0,1435,47.833333333333336,-0.3163981592283165,-1.3351408815329164
COHFACE_s29_session1_lamp,0,1436,47.86666666666667,-0.3520077818503448,-1.086204012445311
COHFACE_s29_session1_lamp,0,1437,47.9,-0.3975549102379281,-0.7559855101247459
COHFACE_s29_session1_lamp,0,1438,47.93333333333333,-0.452102104862601,-0.33940436257417417
COHFACE_s29_session1_lamp,0,1439,47.96666666666667,-0.5115282972185855,0.1892362462392127
COHFACE_s29_session1_lamp,0,1440,48.0,-0.5683389008465223,0.7859478259542071
COHFACE_s29_session1_lamp,0,1441,48.03333333333333,-0.6121426176076197,1.3344479223378356
COHFACE_s29_session1_lamp,0,1442,48.06666666666667,-0.6299615000873171,1.7427328177579184
COHFACE_s29_session1_lamp,0,1443,48.1,-0.6055630882767555,1.9417253001494703
COHFACE_s29_session1_lamp,0,1444,48.13333333333333,-0.5191179906728101,1.9219576024307208
COHFACE_s29_session1_lamp,0,1445,48.166666666666664,-0.35017563647251265,1.7323759004257404
COHFACE_s29_session1_lamp,0,1446,48.2,-0.09386835920185674,1.4284244084735418
COHFACE_s29_session1_lamp,0,1447,48.233333333333334,0.21252978497667185,1.071803488359907
COHFACE_s29_session1_lamp,0,1448,48.266666666666666,0.49395054302742825,0.7151924341208526
COHFACE_s29_session1_lamp,0,1449,48.3,0.6876003988492101,0.403325839214451
COHFACE_s29_session1_lamp,0,1450,48.333333333333336,0.7808634395400342,0.14562558999404368
COHFACE_s29_session1_lamp,0,1451,48.36666666666667,0.7980250281675108,-0.08176004522315303
COHFACE_s29_session1_lamp,0,1452,48.4,0.7662497479180891,-0.2837483637923489
COHFACE_s29_session1_lamp,0,1453,48.43333333333333,0.6993740435973567,-0.4444477471686427
COHFACE_s29_session1_lamp,0,1454,48.46666666666667,0.6046431169032104,-0.5535829982590287
COHFACE_s29_session1_lamp,0,1455,48.5,0.4937697080902403,-0.6055207456882895
COHFACE_s29_session1_lamp,0,1456,48.53333333333333,0.3813344895924443,-0.6069111291694949
COHFACE_s29_session1_lamp,0,1457,48.56666666666667,0.27551243781017815,-0.5760013200854636
COHFACE_s29_session1_lamp,0,1458,48.6,0.176598827469613,-0.5214895532327175
COHFACE_s29_session1_lamp,0,1459,48.63333333333333,0.08333789243358602,-0.4423799758114391
COHFACE_s29_session1_lamp,0,1460,48.666666666666664,-0.0029988032665298273,-0.350117538901331
COHFACE_s29_session1_lamp,0,1461,48.7,-0.07948397010020679,-0.26872366730957314
COHFACE_s29_session1_lamp,0,1462,48.733333333333334,-0.1441714070364865,-0.21286481468644214
COHFACE_s29_session1_lamp,0,1463,48.766666666666666,-0.19749935623133918,-0.18793161616886264
COHFACE_s29_session1_lamp,0,1464,48.8,-0.24234183974181828,-0.19250300694869293
COHFACE_s29_session1_lamp,0,1465,48.833333333333336,-0.28369605242100815,-0.21850727061338648
COHFACE_s29_session1_lamp,0,1466,48.86666666666667,-0.3274691871906419,-0.2526757788679725
COHFACE_s29_session1_lamp,0,1467,48.9,-0.37853845285988663,-0.2767045761034406
COHFACE_s29_session1_lamp,0,1468,48.93333333333333,-0.4392538001636858,-0.28215155167158307
COHFACE_s29_session1_lamp,0,1469,48.96666666666667,-0.5086045252750232,-0.27049699106053215
COHFACE_s29_session1_lamp,0,1470,49.0,-0.5816839759870657,-0.2362742099507215
COHFACE_s29_session1_lamp,0,1471,49.03333333333333,-0.6496555062462381,-0.16732220020858762
COHFACE_s29_session1_lamp,0,1472,49.06666666666667,-0.7000147587788296,-0.06180321866269375
COHFACE_s29_session1_lamp,0,1473,49.1,-0.7167913773741873,0.07121932624074291
COHFACE_s29_session1_lamp,0,1474,49.13333333333333,-0.6806104353017343,0.1982656962488945
COHFACE_s29_session1_lamp,0,1475,49.166666666666664,-0.5688538100574357,0.26140470566613005
COHFACE_s29_session1_lamp,0,1476,49.2,-0.36121461973191615,0.253940718442012
COHFACE_s29_session1_lamp,0,1477,49.233333333333334,-0.06221085266381263,0.22009602566625075
COHFACE_s29_session1_lamp,0,1478,49.266666666666666,0.27494566706673046,0.19204727209941097
COHFACE_s29_session1_lamp,0,1479,49.3,0.5688765580179161,0.1891749939202675
COHFACE_s29_session1_lamp,0,1480,49.333333333333336,0.7656891236914328,0.19452261577404711
COHFACE_s29_session1_lamp,0,1481,49.36666666666667,0.8636121030827638,0.15523457128165163
COHFACE_s29_session1_lamp,0,1482,49.4,0.8887387996698194,0.05016710749428241
COHFACE_s29_session1_lamp,0,1483,49.43333333333333,0.8627450412605302,-0.10929493595008939
COHFACE_s29_session1_lamp,0,1484,49.46666666666667,0.7932590079637596,-0.2749039993505703
COHFACE_s29_session1_lamp,0,1485,49.5,0.6848278986787161,-0.36187242136592446
COHFACE_s29_session1_lamp,0,1486,49.53333333333333,0.5511683472386112,-0.3469462060026672
COHFACE_s29_session1_lamp,0,1487,49.56666666666667,0.41205329531013063,-0.26852698219597737
COHFACE_s29_session1_lamp,0,1488,49.6,0.28112841267607025,-0.15303453562414873
COHFACE_s29_session1_lamp,0,1489,49.63333333333333,0.16251126890395554,-0.014780708678740352
COHFACE_s29_session1_lamp,0,1490,49.666666666666664,0.05663996265750816,0.11592125487863579
COHFACE_s29_session1_lamp,0,1491,49.7,-0.03522905650986076,0.19257090455188014
COHFACE_s29_session1_lamp,0,1492,49.733333333333334,-0.11096378225939092,0.20718513702112246
COHFACE_s29_session1_lamp,0,1493,49.766666666666666,-0.16944144305179154,0.18991823020780915
COHFACE_s29_session1_lamp,0,1494,49.8,-0.2119748248878523,0.1754408523042334
COHFACE_s29_session1_lamp,0,1495,49.833333333333336,-0.24235377961020171,0.2020152605670792
COHFACE_s29_session1_lamp,0,1496,49.86666666666667,-0.2661622058550771,0.25534364157268524
COHFACE_s29_session1_lamp,0,1497,49.9,-0.28975485889231495,0.2687536613362982
COHFACE_s29_session1_lamp,0,1498,49.93333333333333,-0.31891829316483045,0.22394605642051385
COHFACE_s29_session1_lamp,0,1499,49.96666666666667,-0.3575641328629441,0.15140539297646002
COHFACE_s29_session1_lamp,0,1500,50.0,-0.40699145584654844,0.07699098062665996
COHFACE_s29_session1_lamp,0,1501,50.03333333333333,-0.46565181313464854,0.021707697842183647
COHFACE_s29_session1_lamp,0,1502,50.06666666666667,-0.5290445260073635,-0.012636962722620802
COHFACE_s29_session1_lamp,0,1503,50.1,-0.5896897990603506,-0.043076647472716764
COHFACE_s29_session1_lamp,0,1504,50.13333333333333,-0.6372205054897414,-0.060421862052565584
COHFACE_s29_session1_lamp,0,1505,50.166666666666664,-0.6584622926760554,-0.029278905922686976
COHFACE_s29_session1_lamp,0,1506,50.2,-0.6368235751796466,0.050904623493319236
COHFACE_s29_session1_lamp,0,1507,50.233333333333334,-0.5517660871975686,0.14564282215538168
COHFACE_s29_session1_lamp,0,1508,50.266666666666666,-0.38245449374807633,0.23715324273485772
COHFACE_s29_session1_lamp,0,1509,50.3,-0.12558597244818087,0.3242452722250872
COHFACE_s29_session1_lamp,0,1510,50.333333333333336,0.1794840576007029,0.3847008789202671
COHFACE_s29_session1_lamp,0,1511,50.36666666666667,0.4600401846416398,0.37535630286782806
COHFACE_s29_session1_lamp,0,1512,50.4,0.6598878444240815,0.3038830277243119
COHFACE_s29_session1_lamp,0,1513,50.43333333333333,0.770056639721546,0.22870709275771037
COHFACE_s29_session1_lamp,0,1514,50.46666666666667,0.8111198760173076,0.15370227711601325
COHFACE_s29_session1_lamp,0,1515,50.5,0.802500729692011,0.02869397080506233
COHFACE_s29_session1_lamp,0,1516,50.53333333333333,0.7513788505915673,-0.1410760817150144
COHFACE_s29_session1_lamp,0,1517,50.56666666666667,0.6609866001589393,-0.2941300910190747
COHFACE_s29_session1_lamp,0,1518,50.6,0.5423768555131732,-0.3965876307672257
COHFACE_s29_session1_lamp,0,1519,50.63333333333333,0.41406944360884945,-0.44197761757051085
COHFACE_s29_session1_lamp,0,1520,50.666666666666664,0.2912349963945964,-0.4440426993004725
COHFACE_s29_session1_lamp,0,1521,50.7,0.18010587400687814,-0.43596380355207104
COHFACE_s29_session1_lamp,0,1522,50.733333333333334,0.08188759256490039,-0.4293835835510739
COHFACE_s29_session1_lamp,0,1523,50.766666666666666,-0.002385139982593369,-0.4140918956836613
COHFACE_s29_session1_lamp,0,1524,50.8,-0.07085303508915752,-0.3829494034341644
COHFACE_s29_session1_lamp,0,1525,50.833333333333336,-0.12231052016458385,-0.33218556624547557
COHFACE_s29_session1_lamp,0,1526,50.86666666666667,-0.15768485011403055,-0.27494628410732674
COHFACE_s29_session1_lamp,0,1527,50.9,-0.1801664731264352,-0.24128174150526283
COHFACE_s29_session1_lamp,0,1528,50.93333333333333,-0.19447673816725974,-0.23159594752915227
COHFACE_s29_session1_lamp,0,1529,50.96666666666667,-0.2062432415358306,-0.21689743623918806
COHFACE_s29_session1_lamp,0,1530,51.0,-0.2212692889059563,-0.17455494145055203
COHFACE_s29_session1_lamp,0,1531,51.03333333333333,-0.24439594586865282,-0.08909057213911702
COHFACE_s29_session1_lamp,0,1532,51.06666666666667,-0.2786258308227406,0.027749544545330504
COHFACE_s29_session1_lamp,0,1533,51.1,-0.32467132981030744,0.13667544032313786
COHFACE_s29_session1_lamp,0,1534,51.13333333333333,-0.38074778197984754,0.21576373077572883
COHFACE_s29_session1_lamp,0,1535,51.166666666666664,-0.4426375579988364,0.26025840879382617
COHFACE_s29_session1_lamp,0,1536,51.2,-0.5038658640230999,0.2782689565880564
COHFACE_s29_session1_lamp,0,1537,51.233333333333334,-0.5557418929360898,0.2901686310841059
COHFACE_s29_session1_lamp,0,1538,51.266666666666666,-0.5869612421802703,0.3114946810583037
COHFACE_s29_session1_lamp,0,1539,51.3,-0.5830220460868961,0.35237214017488266
COHFACE_s29_session1_lamp,0,1540,51.333333333333336,-0.5260474906280468,0.3916102741772718
COHFACE_s29_session1_lamp,0,1541,51.36666666666667,-0.3964088293088232,0.3769864468318764
COHFACE_s29_session1_lamp,0,1542,51.4,-0.1854639870141361,0.308784720072221
COHFACE_s29_session1_lamp,0,1543,51.43333333333333,0.0799844921850171,0.23987048721108362
COHFACE_s29_session1_lamp,0,1544,51.46666666666667,0.33767963692336134,0.18885854798696797
COHFACE_s29_session1_lamp,0,1545,51.5,0.5319145341574674,0.14006081578352272
COHFACE_s29_session1_lamp,0,1546,51.53333333333333,0.6477700414592205,0.08175934740754304
COHFACE_s29_session1_lamp,0,1547,51.56666666666667,0.7008677368084048,0.006894798747510866
COHFACE_s29_session1_lamp,0,1548,51.6,0.7091506663458494,-0.06952494827659478
COHFACE_s29_session1_lamp,0,1549,51.63333333333333,0.6795140842212929,-0.11031058283640002
COHFACE_s29_session1_lamp,0,1550,51.666666666666664,0.6132075276276563,-0.11436439456147343
COHFACE_s29_session1_lamp,0,1551,51.7,0.5174456594532536,-0.1164034447947809
COHFACE_s29_session1_lamp,0,1552,51.733333333333334,0.40792175401705033,-0.12991796892971133
COHFACE_s29_session1_lamp,0,1553,51.766666666666666,0.29960406843151594,-0.14674872125765265
COHFACE_s29_session1_lamp,0,1554,51.8,0.19962643166917388,-0.16470284561334983
COHFACE_s29_session1_lamp,0,1555,51.833333333333336,0.10984718478258472,-0.18747637749811757
COHFACE_s29_session1_lamp,0,1556,51.86666666666667,0.03173928123736331,-0.20476668485642746
COHFACE_s29_session1_lamp,0,1557,51.9,-0.03254576035125998,-0.19238721542569676
COHFACE_s29_session1_lamp,0,1558,51.93333333333333,-0.08166741397881933,-0.1495702366895178
COHFACE_s29_session1_lamp,0,1559,51.96666666666667,-0.11622657070742108,-0.09906097452873765
COHFACE_s29_session1_lamp,0,1560,52.0,-0.1387488401281598,-0.06479604127299407
COHFACE_s29_session1_lamp,0,1561,52.03333333333333,-0.1532056263289331,-0.07156150443126362
COHFACE_s29_session1_lamp,0,1562,52.06666666666667,-0.1644504646969132,-0.1094461568869193
COHFACE_s29_session1_lamp,0,1563,52.1,-0.17749901757760136,-0.13406610766328472
COHFACE_s29_session1_lamp,0,1564,52.13333333333333,-0.1967329043052585,-0.11233786426499441
COHFACE_s29_session1_lamp,0,1565,52.166666666666664,-0.22518319564997372,-0.023243002828779502
COHFACE_s29_session1_lamp,0,1566,52.2,-0.2640333312060713,0.11859577458358307
COHFACE_s29_session1_lamp,0,1567,52.233333333333334,-0.31260063374222097,0.2627108485018092
COHFACE_s29_session1_lamp,0,1568,52.266666666666666,-0.36844569725313314,0.37839432470770057
COHFACE_s29_session1_lamp,0,1569,52.3,-0.4270959305160479,0.4545664172102027
COHFACE_s29_session1_lamp,0,1570,52.333333333333336,-0.48183728080924126,0.4780529500908384
COHFACE_s29_session1_lamp,0,1571,52.36666666666667,-0.5238584819994659,0.43343938546828037
COHFACE_s29_session1_lamp,0,1572,52.4,-0.5418831724267191,0.3275631064792477
COHFACE_s29_session1_lamp,0,1573,52.43333333333333,-0.5212059328104723,0.18966006083559245
COHFACE_s29_session1_lamp,0,1574,52.46666666666667,-0.44382442445731285,0.05361912841931526
COHFACE_s29_session1_lamp,0,1575,52.5,-0.29308310421422723,-0.041980093443146536
COHFACE_s29_session1_lamp,0,1576,52.53333333333333,-0.07131455759914321,-0.09283697486307901
COHFACE_s29_session1_lamp,0,1577,52.56666666666667,0.18092622764140828,-0.1283437828898497
COHFACE_s29_session1_lamp,0,1578,52.6,0.4013722311451097,-0.16195705502877553
COHFACE_s29_session1_lamp,0,1579,52.63333333333333,0.5501493316348444,-0.1905353707417367
COHFACE_s29_session1_lamp,0,1580,52.666666666666664,0.6275106077139765,-0.22326552087417456
COHFACE_s29_session1_lamp,0,1581,52.7,0.6537896170996452,-0.28118173777884403
COHFACE_s29_session1_lamp,0,1582,52.733333333333334,0.6452186167113965,-0.34991505875681367
COHFACE_s29_session1_lamp,0,1583,52.766666666666666,0.6077330224525517,-0.37969305678255416
COHFACE_s29_session1_lamp,0,1584,52.8,0.5455757114178761,-0.34954796943371874
COHFACE_s29_session1_lamp,0,1585,52.833333333333336,0.46821946667351333,-0.2677223097787691
COHFACE_s29_session1_lamp,0,1586,52.86666666666667,0.3855462463682357,-0.16310983360371656
COHFACE_s29_session1_lamp,0,1587,52.9,0.3014291008626077,-0.08503926237935051
COHFACE_s29_session1_lamp,0,1588,52.93333333333333,0.21590361633805938,-0.04629007368754076
COHFACE_s29_session1_lamp,0,1589,52.96666666666667,0.13003896392265418,-0.023327806872973263
COHFACE_s29_session1_lamp,0,1590,53.0,0.04691109413943646,-0.0026052047148667073
COHFACE_s29_session1_lamp,0,1591,53.03333333333333,-0.03021204582616204,0.01882631302220245
COHFACE_s29_session1_lamp,0,1592,53.06666666666667,-0.09978059325950811,0.01730952850376752
COHFACE_s29_session1_lamp,0,1593,53.1,-0.16263564536004654,-0.056957512656790055
COHFACE_s29_session1_lamp,0,1594,53.13333333333333,-0.2214208378341568,-0.18970110428240028
COHFACE_s29_session1_lamp,0,1595,53.166666666666664,-0.2797621487540734,-0.3025251135349051
COHFACE_s29_session1_lamp,0,1596,53.2,-0.34140794008096487,-0.3682643586131925
COHFACE_s29_session1_lamp,0,1597,53.233333333333334,-0.40867620490020606,-0.4110366766067174
COHFACE_s29_session1_lamp,0,1598,53.266666666666666,-0.4810879085785879,-0.41943021413992077
COHFACE_s29_session1_lamp,0,1599,53.3,-0.5548498595904845,-0.3466027490693641
COHFACE_s29_session1_lamp,0,1600,53.333333333333336,-0.6226683637554541,-0.18234592475495864
COHFACE_s29_session1_lamp,0,1601,53.36666666666667,-0.6737850698897344,0.046028472978382896
COHFACE_s29_session1_lamp,0,1602,53.4,-0.6939574348944499,0.3022878596346989
COHFACE_s29_session1_lamp,0,1603,53.43333333333333,-0.6651987605956385,0.5406293271066202
COHFACE_s29_session1_lamp,0,1604,53.46666666666667,-0.5661849137181936,0.7316711125997072
COHFACE_s29_session1_lamp,0,1605,53.5,-0.37832938267617316,0.8615545781264982
COHFACE_s29_session1_lamp,0,1606,53.53333333333333,-0.10702328738884193,0.9263471547641873
COHFACE_s29_session1_lamp,0,1607,53.56666666666667,0.19882684216495985,0.9312142624666793
COHFACE_s29_session1_lamp,0,1608,53.6,0.46821410022460924,0.880515028156174
COHFACE_s29_session1_lamp,0,1609,53.63333333333333,0.6557576035139702,0.7776601802307396
COHFACE_s29_session1_lamp,0,1610,53.666666666666664,0.7594431303988725,0.631725094731979
COHFACE_s29_session1_lamp,0,1611,53.7,0.7991784194582473,0.4579722539481959
COHFACE_s29_session1_lamp,0,1612,53.733333333333334,0.7911459653002157,0.2711143509012778
COHFACE_s29_session1_lamp,0,1613,53.766666666666666,0.7413214495872076,0.08620657767003057
COHFACE_s29_session1_lamp,0,1614,53.8,0.6551719121488612,-0.08182501585894138
COHFACE_s29_session1_lamp,0,1615,53.833333333333336,0.5459726387641867,-0.21720075231987374
COHFACE_s29_session1_lamp,0,1616,53.86666666666667,0.4297463087978268,-0.3179653618192809
COHFACE_s29_session1_lamp,0,1617,53.9,0.315976573297945,-0.3949792175879268
COHFACE_s29_session1_lamp,0,1618,53.93333333333333,0.20704069927795032,-0.45692174343593417
COHFACE_s29_session1_lamp,0,1619,53.96666666666667,0.10382160043258278,-0.5093971523388456
COHFACE_s29_session1_lamp,0,1620,54.0,0.008943393081948567,-0.5479216707615614
COHFACE_s29_session1_lamp,0,1621,54.03333333333333,-0.0744727140213567,-0.5575960067562454
COHFACE_s29_session1_lamp,0,1622,54.06666666666667,-0.14497647855793216,-0.5434340072046481
COHFACE_s29_session1_lamp,0,1623,54.1,-0.2034940714593788,-0.5300869587596395
COHFACE_s29_session1_lamp,0,1624,54.13333333333333,-0.2534007728277019,-0.5257460005395824
COHFACE_s29_session1_lamp,0,1625,54.166666666666664,-0.29999545395223315,-0.521963089029191
COHFACE_s29_session1_lamp,0,1626,54.2,-0.34891209687629005,-0.5144548430282866
COHFACE_s29_session1_lamp,0,1627,54.233333333333334,-0.40455024915661547,-0.5032391993190266
COHFACE_s29_session1_lamp,0,1628,54.266666666666666,-0.4689339040830095,-0.4784990586015375
COHFACE_s29_session1_lamp,0,1629,54.3,-0.5407708506255801,-0.420955120688363
COHFACE_s29_session1_lamp,0,1630,54.333333333333336,-0.6149673255808811,-0.3284802846841553
COHFACE_s29_session1_lamp,0,1631,54.36666666666667,-0.682799855252173,-0.21660228604469975
COHFACE_s29_session1_lamp,0,1632,54.4,-0.7322376415971402,-0.09683385433118052
COHFACE_s29_session1_lamp,0,1633,54.43333333333333,-0.7477614405183828,0.02281530645766386
COHFACE_s29_session1_lamp,0,1634,54.46666666666667,-0.709911879164176,0.14888531283958195
COHFACE_s29_session1_lamp,0,1635,54.5,-0.5954342940714762,0.3013734441036968
COHFACE_s29_session1_lamp,0,1636,54.53333333333333,-0.3830187636791287,0.47132089754751355
COHFACE_s29_session1_lamp,0,1637,54.56666666666667,-0.07631619325232444,0.6199350028528049
COHFACE_s29_session1_lamp,0,1638,54.6,0.27106727642912626,0.7271332595384233
COHFACE_s29_session1_lamp,0,1639,54.63333333333333,0.575853273898896,0.7910253402582799
COHFACE_s29_session1_lamp,0,1640,54.666666666666664,0.7824143376702887,0.8100943848995751
COHFACE_s29_session1_lamp,0,1641,54.7,0.888547028199828,0.7827686899403744
COHFACE_s29_session1_lamp,0,1642,54.733333333333334,0.9200887997862817,0.7092770982779515
COHFACE_s29_session1_lamp,0,1643,54.766666666666666,0.8977872379947045,0.5918443699887116
COHFACE_s29_session1_lamp,0,1644,54.8,0.8284469381349207,0.4466416556331964
COHFACE_s29_session1_lamp,0,1645,54.833333333333336,0.7168317047076025,0.30418809855514894
COHFACE_s29_session1_lamp,0,1646,54.86666666666667,0.5780094513812141,0.17941444155019343
COHFACE_s29_session1_lamp,0,1647,54.9,0.43341526760152804,0.07229568731239885
COHFACE_s29_session1_lamp,0,1648,54.93333333333333,0.2977930576257425,-0.020717044986211353
COHFACE_s29_session1_lamp,0,1649,54.96666666666667,0.17541564737606172,-0.10577506799773076
COHFACE_s29_session1_lamp,0,1650,55.0,0.06626943399530166,-0.1836834096627608
COHFACE_s29_session1_lamp,0,1651,55.03333333333333,-0.02836643436868065,-0.2492148825227829
COHFACE_s29_session1_lamp,0,1652,55.06666666666667,-0.10564484506015913,-0.3034490267135679
COHFACE_s29_session1_lamp,0,1653,55.1,-0.16403976789205427,-0.3532250615628558
COHFACE_s29_session1_lamp,0,1654,55.13333333333333,-0.20504705554469466,-0.4035385504379876
COHFACE_s29_session1_lamp,0,1655,55.166666666666664,-0.23280951722312332,-0.4570091989799743
COHFACE_s29_session1_lamp,0,1656,55.2,-0.25336728432114797,-0.5135020320239492
COHFACE_s29_session1_lamp,0,1657,55.233333333333334,-0.27356083980072377,-0.5697377608390461
COHFACE_s29_session1_lamp,0,1658,55.266666666666666,-0.29974627678896204,-0.625454515335256
COHFACE_s29_session1_lamp,0,1659,55.3,-0.3368209770876215,-0.6830276447483478
COHFACE_s29_session1_lamp,0,1660,55.333333333333336,-0.38732008940968016,-0.7359005842078805
COHFACE_s29_session1_lamp,0,1661,55.36666666666667,-0.45088451846521244,-0.7684035691939105
COHFACE_s29_session1_lamp,0,1662,55.4,-0.5240750227868853,-0.7670144380484757
COHFACE_s29_session1_lamp,0,1663,55.43333333333333,-0.6002152570963383,-0.7205830468343258
COHFACE_s29_session1_lamp,0,1664,55.46666666666667,-0.6695978646203381,-0.6189854987077871
COHFACE_s29_session1_lamp,0,1665,55.5,-0.7197157963138305,-0.4538362637448086
COHFACE_s29_session1_lamp,0,1666,55.53333333333333,-0.7347262543967823,-0.2298636761981394
COHFACE_s29_session1_lamp,0,1667,55.56666666666667,-0.6945362590711575,0.03394394396814161
COHFACE_s29_session1_lamp,0,1668,55.6,-0.5748361875211824,0.3182573546386517
COHFACE_s29_session1_lamp,0,1669,55.63333333333333,-0.35326442805513003,0.6019740540288824
COHFACE_s29_session1_lamp,0,1670,55.666666666666664,-0.03369620040642038,0.8479748152646283
COHFACE_s29_session1_lamp,0,1671,55.7,0.3268586972088313,1.002073438327519
COHFACE_s29_session1_lamp,0,1672,55.733333333333334,0.6395051704772846,1.0679626492373793
COHFACE_s29_session1_lamp,0,1673,55.766666666666666,0.8454571881968129,1.1059402867446584
COHFACE_s29_session1_lamp,0,1674,55.8,0.9439276296607612,1.1366258904399158
COHFACE_s29_session1_lamp,0,1675,55.833333333333336,0.9640906635809681,1.14006286433154
COHFACE_s29_session1_lamp,0,1676,55.86666666666667,0.9291820798716389,1.0880318465565175
COHFACE_s29_session1_lamp,0,1677,55.9,0.847162116540571,0.94484242469218
COHFACE_s29_session1_lamp,0,1678,55.93333333333333,0.7231064711221209,0.7154882093460819
COHFACE_s29_session1_lamp,0,1679,55.96666666666667,0.5723085204701993,0.4465656719138488
COHFACE_s29_session1_lamp,0,1680,56.0,0.4171358490079494,0.17809495618802623
COHFACE_s29_session1_lamp,0,1681,56.03333333333333,0.2736633613928596,-0.05564280503544562
COHFACE_s29_session1_lamp,0,1682,56.06666666666667,0.1469890209072194,-0.24569719147280553
COHFACE_s29_session1_lamp,0,1683,56.1,0.03718908889749425,-0.40695186520940874
COHFACE_s29_session1_lamp,0,1684,56.13333333333333,-0.05486056414262734,-0.540638133814412
COHFACE_s29_session1_lamp,0,1685,56.166666666666664,-0.12679045985229825,-0.6330600805944147
COHFACE_s29_session1_lamp,0,1686,56.2,-0.17731676876741875,-0.6875338652365613
COHFACE_s29_session1_lamp,0,1687,56.233333333333334,-0.20802497583583207,-0.7235537248473755
COHFACE_s29_session1_lamp,0,1688,56.266666666666666,-0.223192464730197,-0.7562094496860138
COHFACE_s29_session1_lamp,0,1689,56.3,-0.22927232278961918,-0.7954352303289023
COHFACE_s29_session1_lamp,0,1690,56.333333333333336,-0.23380828642892587,-0.8334505728407562
COHFACE_s29_session1_lamp,0,1691,56.36666666666667,-0.24381348772070793,-0.8446698793041196
COHFACE_s29_session1_lamp,0,1692,56.4,-0.2649132146631828,-0.8213591397157602
COHFACE_s29_session1_lamp,0,1693,56.43333333333333,-0.3007694890166445,-0.7737727190806872
COHFACE_s29_session1_lamp,0,1694,56.46666666666667,-0.3524108579661477,-0.7006269060209569
COHFACE_s29_session1_lamp,0,1695,56.5,-0.4180861342783817,-0.5894988549343532
COHFACE_s29_session1_lamp,0,1696,56.53333333333333,-0.4934659559149526,-0.43674463651988726
COHFACE_s29_session1_lamp,0,1697,56.56666666666667,-0.5716703020721602,-0.24844276169300725
COHFACE_s29_session1_lamp,0,1698,56.6,-0.6431234679574687,-0.030516974615417775
COHFACE_s29_session1_lamp,0,1699,56.63333333333333,-0.6954220153769463,0.2100302614031228
COHFACE_s29_session1_lamp,0,1700,56.666666666666664,-0.712973182618125,0.45631650403780244
COHFACE_s29_session1_lamp,0,1701,56.7,-0.6763968536874225,0.6802853186191333
COHFACE_s29_session1_lamp,0,1702,56.733333333333334,-0.5622182911818818,0.863864243026429
COHFACE_s29_session1_lamp,0,1703,56.766666666666666,-0.3476204063104282,0.9978329848467132
COHFACE_s29_session1_lamp,0,1704,56.8,-0.033394600666319225,1.0760186573676707
COHFACE_s29_session1_lamp,0,1705,56.833333333333336,0.3268119550403491,1.094484533812082
COHFACE_s29_session1_lamp,0,1706,56.86666666666667,0.6428505336171281,1.0516330094208153
COHFACE_s29_session1_lamp,0,1707,56.9,0.8504345221016147,0.9481145919065512
COHFACE_s29_session1_lamp,0,1708,56.93333333333333,0.94516162100316,0.7881208654192497
COHFACE_s29_session1_lamp,0,1709,56.96666666666667,0.9583863134082868,0.5800266382161109
COHFACE_s29_session1_lamp,0,1710,57.0,0.9187018375671849,0.3481688524409437
COHFACE_s29_session1_lamp,0,1711,57.03333333333333,0.8372882731776894,0.1336803974893776
COHFACE_s29_session1_lamp,0,1712,57.06666666666667,0.7185683136103248,-0.049656792349265816
COHFACE_s29_session1_lamp,0,1713,57.1,0.5753101273832782,-0.21421238350680535
COHFACE_s29_session1_lamp,0,1714,57.13333333333333,0.4271516338683663,-0.35929938544762596
COHFACE_s29_session1_lamp,0,1715,57.166666666666664,0.28776461948121274,-0.46994915035432816
COHFACE_s29_session1_lamp,0,1716,57.2,0.1606625910652243,-0.54313269957065
COHFACE_s29_session1_lamp,0,1717,57.233333333333334,0.045482458680183,-0.5869934209968
COHFACE_s29_session1_lamp,0,1718,57.266666666666666,-0.056617174897665934,-0.6120218212807244
COHFACE_s29_session1_lamp,0,1719,57.3,-0.1430845982289627,-0.6303905387492674
COHFACE_s29_session1_lamp,0,1720,57.333333333333336,-0.2123704837448021,-0.6429574012190417
COHFACE_s29_session1_lamp,0,1721,57.36666666666667,-0.26523443466872165,-0.6390808551354941
COHFACE_s29_session1_lamp,0,1722,57.4,-0.30489864431724856,-0.619812808827564
COHFACE_s29_session1_lamp,0,1723,57.43333333333333,-0.33689499888331564,-0.5978921987820358
COHFACE_s29_session1_lamp,0,1724,57.46666666666667,-0.36798485131801806,-0.5725765511669817
COHFACE_s29_session1_lamp,0,1725,57.5,-0.40405082759974253,-0.5298416055265156
COHFACE_s29_session1_lamp,0,1726,57.53333333333333,-0.4486586433376109,-0.46239341176905874
COHFACE_s29_session1_lamp,0,1727,57.56666666666667,-0.502312074561822,-0.370228322233988
COHFACE_s29_session1_lamp,0,1728,57.6,-0.5616418649267758,-0.2566429183090889
COHFACE_s29_session1_lamp,0,1729,57.63333333333333,-0.619193925244627,-0.1288600258706428
COHFACE_s29_session1_lamp,0,1730,57.666666666666664,-0.6637919216991571,0.019635373954244598
COHFACE_s29_session1_lamp,0,1731,57.7,-0.680957506950431,0.20792321608521602
COHFACE_s29_session1_lamp,0,1732,57.733333333333334,-0.6527908856012563,0.4173950397834561
COHFACE_s29_session1_lamp,0,1733,57.766666666666666,-0.5574860067562967,0.5908713307034668
COHFACE_s29_session1_lamp,0,1734,57.8,-0.3721761338187158,0.7067106111253793
COHFACE_s29_session1_lamp,0,1735,57.833333333333336,-0.09016825872650187,0.7781292880423738
COHFACE_s29_session1_lamp,0,1736,57.86666666666667,0.2489259281855088,0.8123662671448036
COHFACE_s29_session1_lamp,0,1737,57.9,0.560627411829806,0.8099184906229517
COHFACE_s29_session1_lamp,0,1738,57.93333333333333,0.7707707072370262,0.7705323433468787
COHFACE_s29_session1_lamp,0,1739,57.96666666666667,0.8619203473157282,0.6932053643490113
COHFACE_s29_session1_lamp,0,1740,58.0,0.8613896399437475,0.5826303002563995
COHFACE_s29_session1_lamp,0,1741,58.03333333333333,0.8029648675075408,0.44961306272554524
COHFACE_s29_session1_lamp,0,1742,58.06666666666667,0.7066596783492954,0.3002454331948252
COHFACE_s29_session1_lamp,0,1743,58.1,0.5836783134624739,0.1367015071851946
COHFACE_s29_session1_lamp,0,1744,58.13333333333333,0.4477948014738542,-0.03333786574243834
COHFACE_s29_session1_lamp,0,1745,58.166666666666664,0.31378014786261427,-0.19570132522720282
COHFACE_s29_session1_lamp,0,1746,58.2,0.1887586484768458,-0.3379759881163823
COHFACE_s29_session1_lamp,0,1747,58.233333333333334,0.07265913909743964,-0.4486612707360636
COHFACE_s29_session1_lamp,0,1748,58.266666666666666,-0.03469178633425505,-0.5318831146567652
COHFACE_s29_session1_lamp,0,1749,58.3,-0.1296050167268824,-0.6064419715739708
COHFACE_s29_session1_lamp,0,1750,58.333333333333336,-0.2057629006105175,-0.6798475831843577
COHFACE_s29_session1_lamp,0,1751,58.36666666666667,-0.2577735747409459,-0.747535125641907
COHFACE_s29_session1_lamp,0,1752,58.4,-0.28344617094689184,-0.7989844503327708
COHFACE_s29_session1_lamp,0,1753,58.43333333333333,-0.2841703654747634,-0.8175157427495522
COHFACE_s29_session1_lamp,0,1754,58.46666666666667,-0.2645209385731946,-0.7953573187448694
COHFACE_s29_session1_lamp,0,1755,58.5,-0.23090154286169323,-0.7337259423659198
COHFACE_s29_session1_lamp,0,1756,58.53333333333333,-0.1897990830261314,-0.6295715587623733
COHFACE_s29_session1_lamp,0,1757,58.56666666666667,-0.14658976815326502,-0.4761045340845847
COHFACE_s29_session1_lamp,0,1758,58.6,-0.10490727268466232,-0.2897319486117338
COHFACE_s29_session1_lamp,0,1759,58.63333333333333,-0.06698803178776698,-0.11068421009378371
