run_name,dataset,protocol,recording_id,measurement_id,gt_hr_bpm,predicted_hr_bpm,failure_type,gt_top1_bpm,gt_top1_power,gt_top2_bpm,gt_top2_power,gt_top3_bpm,gt_top3_power,prediction_top1_bpm,prediction_top1_power,prediction_top2_bpm,prediction_top2_power,prediction_top3_bpm,prediction_top3_power,source_id,subject_id,session,illumination,image_brightness_mean,image_contrast_std,dark_pixel_percent,bright_pixel_percent,sharpness_laplacian_variance,motion_mean_absolute_difference
UBFC_A2_L5_CE_CONCENTRATION_SEED102/Eval_On_COHFACE,COHFACE,prism,COHFACE_s01_session0_lamp,0,71.630859375,72.2900390625,correct,71.630859375,0.9999999999999999,71.74072265625,0.9998492636217168,71.52099609375,0.9989199376909702,72.2900390625,0.9999999999999998,72.18017578125,0.9994040698556838,72.39990234375,0.998208699936581,1_0,1,0,lamp,115.280471802,58.1002616882,5.65371481788,0.0777086674772,385.349088261,0.261584192514
UBFC_A2_L5_CE_CONCENTRATION_SEED102/Eval_On_COHFACE,COHFACE,prism,COHFACE_s01_session0_lamp,1,80.74951171875,83.49609375,correct,80.74951171875,1.0,80.6396484375,0.9998595292371518,80.859375,0.9979209354482274,83.49609375,0.9999999999999998,83.38623046875,0.9995276288984108,83.60595703125,0.9991969361991786,1_0,1,0,lamp,115.280471802,58.1002616882,5.65371481788,0.0777086674772,385.349088261,0.261584192514
UBFC_A2_L5_CE_CONCENTRATION_SEED102/Eval_On_COHFACE,COHFACE,prism,COHFACE_s01_session0_lamp,2,83.16650390625,83.16650390625,correct,83.16650390625,1.0,83.2763671875,0.9999342576519559,83.056640625,0.9979643830753434,83.16650390625,1.0,83.056640625,0.9991767677769284,83.2763671875,0.9986202128719809,1_0,1,0,lamp,115.280471802,58.1002616882,5.65371481788,0.0777086674772,385.349088261,0.261584192514
UBFC_A2_L5_CE_CONCENTRATION_SEED102/Eval_On_COHFACE,COHFACE,prism,COHFACE_s01_session0_lamp,3,85.36376953125,84.48486328125,correct,85.36376953125,1.0,85.4736328125,0.9998973431406086,85.25390625,0.9979412902897224,84.48486328125,1.0,84.375,0.9996862238895196,84.5947265625,0.9981539078106224,1_0,1,0,lamp,115.280471802,58.1002616882,5.65371481788,0.0777086674772,385.349088261,0.261584192514
UBFC_A2_L5_CE_CONCENTRATION_SEED102/Eval_On_COHFACE,COHFACE,prism,COHFACE_s01_session0_lamp,4,87.2314453125,89.6484375,correct,87.2314453125,1.0,87.34130859375,0.9993266420641116,87.12158203125,0.9984962644713087,89.6484375,1.0,89.75830078125,0.999322677722681,89.53857421875,0.9988771086686451,1_0,1,0,lamp,115.280471802,58.1002616882,5.65371481788,0.0777086674772,385.349088261,0.261584192514
UBFC_A2_L5_CE_CONCENTRATION_SEED102/Eval_On_COHFACE,COHFACE,prism,COHFACE_s01_session1_lamp,0,87.56103515625,78.11279296875,large_error,87.56103515625,0.9999999999999999,87.451171875,0.999093569481814,87.6708984375,0.9986912157882393,78.11279296875,0.9999999999999999,78.0029296875,0.9988438443859272,78.22265625,0.9985568028729251,1_1,1,1,lamp,107.196617126,53.920589447,6.83923178161,0.0449275338887,326.369314117,0.244754761457
UBFC_A2_L5_CE_CONCENTRATION_SEED102/Eval_On_COHFACE,COHFACE,prism,COHFACE_s01_session1_lamp,1,86.24267578125,84.70458984375,correct,86.24267578125,1.0,86.1328125,0.9988490387968505,86.3525390625,0.9988348414437198,84.70458984375,0.9999999999999999,84.5947265625,0.9998055262029747,84.814453125,0.9983230198687857,1_1,1,1,lamp,107.196617126,53.920589447,6.83923178161,0.0449275338887,326.369314117,0.244754761457
UBFC_A2_L5_CE_CONCENTRATION_SEED102/Eval_On_COHFACE,COHFACE,prism,COHFACE_s01_session1_lamp,2,84.814453125,85.58349609375,correct,84.814453125,1.0,84.92431640625,0.9993305926971743,84.70458984375,0.9984412109480789,85.58349609375,1.0,85.693359375,0.9995911571119684,85.4736328125,0.9986255882220432,1_1,1,1,lamp,107.196617126,53.920589447,6.83923178161,0.0449275338887,326.369314117,0.244754761457
UBFC_A2_L5_CE_CONCENTRATION_SEED102/Eval_On_COHFACE,COHFACE,prism,COHFACE_s01_session1_lamp,3,87.34130859375,87.78076171875,correct,87.34130859375,1.0,87.451171875,0.9995751045480703,87.2314453125,0.9983108053906397,87.78076171875,1.0,87.890625,0.9993381996128614,87.6708984375,0.998906383936836,1_1,1,1,lamp,107.196617126,53.920589447,6.83923178161,0.0449275338887,326.369314117,0.244754761457
UBFC_A2_L5_CE_CONCENTRATION_SEED102/Eval_On_COHFACE,COHFACE,prism,COHFACE_s01_session1_lamp,4,85.58349609375,77.89306640625,large_error,85.58349609375,1.0,85.4736328125,0.9989941462986416,85.693359375,0.9987438209900467,77.89306640625,0.9999999999999999,77.783203125,0.9995180514709985,78.0029296875,0.9982119675413548,1_1,1,1,lamp,107.196617126,53.920589447,6.83923178161,0.0449275338887,326.369314117,0.244754761457
UBFC_A2_L5_CE_CONCENTRATION_SEED102/Eval_On_COHFACE,COHFACE,prism,COHFACE_s01_session2_natural,0,89.97802734375,52.62451171875,sub_harmonic_half,89.97802734375,0.9999999999999999,89.8681640625,0.9993581263442624,90.087890625,0.9987605690996845,52.62451171875,0.9999999999999999,52.734375,0.9998286478431534,52.5146484375,0.9989360819645072,1_2,1,2,natural,111.641838074,66.3695068359,6.20828590646,0,331.056062337,0.366629511118
UBFC_A2_L5_CE_CONCENTRATION_SEED102/Eval_On_COHFACE,COHFACE,prism,COHFACE_s01_session2_natural,1,82.94677734375,66.24755859375,large_error,82.94677734375,1.0,82.8369140625,0.9993312863912249,83.056640625,0.9984901373535559,66.24755859375,1.0,66.1376953125,0.9999716210486683,66.357421875,0.9979107374053954,1_2,1,2,natural,111.641838074,66.3695068359,6.20828590646,0,331.056062337,0.366629511118
UBFC_A2_L5_CE_CONCENTRATION_SEED102/Eval_On_COHFACE,COHFACE,prism,COHFACE_s01_session2_natural,2,82.177734375,80.96923828125,correct,82.177734375,1.0,82.06787109375,0.9992598415934921,82.28759765625,0.9986385343152435,80.96923828125,0.9999999999999999,80.859375,0.9999727866986028,81.0791015625,0.998231628379482,1_2,1,2,natural,111.641838074,66.3695068359,6.20828590646,0,331.056062337,0.366629511118
UBFC_A2_L5_CE_CONCENTRATION_SEED102/Eval_On_COHFACE,COHFACE,prism,COHFACE_s01_session2_natural,3,83.49609375,82.177734375,correct,83.49609375,1.0,83.60595703125,0.9997102575016721,83.38623046875,0.9980008450188989,82.177734375,0.9999999999999999,82.28759765625,0.999515896026022,82.06787109375,0.9982564035589103,1_2,1,2,natural,111.641838074,66.3695068359,6.20828590646,0,331.056062337,0.366629511118
UBFC_A2_L5_CE_CONCENTRATION_SEED102/Eval_On_COHFACE,COHFACE,prism,COHFACE_s01_session2_natural,4,84.375,84.92431640625,correct,84.375,1.0,84.26513671875,0.9995642242962193,84.48486328125,0.9981883421441,84.92431640625,0.9999999999999998,84.814453125,0.9996833798498123,85.0341796875,0.9986775277985154,1_2,1,2,natural,111.641838074,66.3695068359,6.20828590646,0,331.056062337,0.366629511118
UBFC_A2_L5_CE_CONCENTRATION_SEED102/Eval_On_COHFACE,COHFACE,prism,COHFACE_s01_session3_natural,0,84.48486328125,67.78564453125,large_error,84.48486328125,0.9999999999999999,84.5947265625,0.9990126343268908,84.375,0.9988606732025682,67.78564453125,0.9999999999999999,67.67578125,0.9998456315611747,67.8955078125,0.9985691646277323,1_3,1,3,natural,110.279411316,66.9462661743,7.11211147687,0,430.865994434,0.35220605135
UBFC_A2_L5_CE_CONCENTRATION_SEED102/Eval_On_COHFACE,COHFACE,prism,COHFACE_s01_session3_natural,1,78.662109375,78.11279296875,correct,78.662109375,1.0,78.55224609375,0.9991084548559078,78.77197265625,0.9988723464548239,78.11279296875,0.9999999999999999,78.0029296875,0.999504194703984,78.22265625,0.9988064418358286,1_3,1,3,natural,110.279411316,66.9462661743,7.11211147687,0,430.865994434,0.35220605135
UBFC_A2_L5_CE_CONCENTRATION_SEED102/Eval_On_COHFACE,COHFACE,prism,COHFACE_s01_session3_natural,2,78.55224609375,75.91552734375,correct,78.55224609375,1.0,78.662109375,0.9989932345480528,78.4423828125,0.9987933285839807,75.91552734375,1.0,75.8056640625,0.9997490408438173,76.025390625,0.998808726777282,1_3,1,3,natural,110.279411316,66.9462661743,7.11211147687,0,430.865994434,0.35220605135
UBFC_A2_L5_CE_CONCENTRATION_SEED102/Eval_On_COHFACE,COHFACE,prism,COHFACE_s01_session3_natural,3,82.6171875,83.60595703125,correct,82.6171875,1.0,82.50732421875,0.999982438348113,82.72705078125,0.9977950745858674,83.60595703125,0.9999999999999999,83.49609375,0.9987383086843152,83.7158203125,0.998591274312771,1_3,1,3,natural,110.279411316,66.9462661743,7.11211147687,0,430.865994434,0.35220605135
UBFC_A2_L5_CE_CONCENTRATION_SEED102/Eval_On_COHFACE,COHFACE,prism,COHFACE_s01_session3_natural,4,80.74951171875,64.48974609375,large_error,80.74951171875,1.0,80.6396484375,0.9991617107568163,80.859375,0.998604978432279,64.48974609375,0.9999999999999998,64.599609375,0.998972454702216,64.3798828125,0.9988812184761588,1_3,1,3,natural,110.279411316,66.9462661743,7.11211147687,0,430.865994434,0.35220605135
UBFC_A2_L5_CE_CONCENTRATION_SEED102/Eval_On_COHFACE,COHFACE,prism,COHFACE_s02_session0_lamp,0,72.61962890625,80.74951171875,large_error,72.61962890625,0.9999999999999999,72.509765625,0.9995645433307581,72.7294921875,0.9988794024637876,80.74951171875,0.9999999999999999,80.859375,0.9987411876940534,80.6396484375,0.9982738019327513,2_0,2,0,lamp,100.007377625,44.097782135,3.06101413752,0,324.971672021,0.161728441715
UBFC_A2_L5_CE_CONCENTRATION_SEED102/Eval_On_COHFACE,COHFACE,prism,COHFACE_s02_session0_lamp,1,69.10400390625,68.3349609375,correct,69.10400390625,1.0,68.994140625,0.9998541476533562,69.2138671875,0.9980807137355913,68.3349609375,1.0,68.44482421875,0.9999183467629288,68.22509765625,0.9982593100343811,2_0,2,0,lamp,100.007377625,44.097782135,3.06101413752,0,324.971672021,0.161728441715
UBFC_A2_L5_CE_CONCENTRATION_SEED102/Eval_On_COHFACE,COHFACE,prism,COHFACE_s02_session0_lamp,2,69.54345703125,67.4560546875,correct,69.54345703125,1.0,69.6533203125,0.9992336034190445,69.43359375,0.9985392762671862,67.4560546875,0.9999999999999999,67.34619140625,0.9991122106382014,67.56591796875,0.9987873118748999,2_0,2,0,lamp,100.007377625,44.097782135,3.06101413752,0,324.971672021,0.161728441715
UBFC_A2_L5_CE_CONCENTRATION_SEED102/Eval_On_COHFACE,COHFACE,prism,COHFACE_s02_session0_lamp,3,68.3349609375,61.63330078125,large_error,68.3349609375,1.0,68.22509765625,0.9991976701321269,68.44482421875,0.9987041460889755,61.63330078125,0.9999999999999998,61.5234375,0.9999659499521706,61.7431640625,0.9989447016761317,2_0,2,0,lamp,100.007377625,44.097782135,3.06101413752,0,324.971672021,0.161728441715
UBFC_A2_L5_CE_CONCENTRATION_SEED102/Eval_On_COHFACE,COHFACE,prism,COHFACE_s02_session0_lamp,4,69.2138671875,69.6533203125,correct,69.2138671875,1.0,69.32373046875,0.9999311907593293,69.10400390625,0.9978077707005951,69.6533203125,0.9999999999999999,69.54345703125,0.9999423211243668,69.76318359375,0.998821783329875,2_0,2,0,lamp,100.007377625,44.097782135,3.06101413752,0,324.971672021,0.161728441715
UBFC_A2_L5_CE_CONCENTRATION_SEED102/Eval_On_COHFACE,COHFACE,prism,COHFACE_s02_session1_lamp,0,75.47607421875,77.45361328125,correct,75.47607421875,1.0,75.3662109375,0.9993949173663916,75.5859375,0.9986600527096354,77.45361328125,0.9999999999999998,77.34375,0.9996058502283555,77.5634765625,0.9975390566781033,2_1,2,1,lamp,107.914482117,46.2949142456,1.94489940113,0,260.555223664,0.18244805932
UBFC_A2_L5_CE_CONCENTRATION_SEED102/Eval_On_COHFACE,COHFACE,prism,COHFACE_s02_session1_lamp,1,72.61962890625,58.77685546875,large_error,72.61962890625,1.0,72.7294921875,0.9999714676896049,72.509765625,0.9981670778419244,58.77685546875,0.9999999999999999,58.6669921875,0.9992038619289818,58.88671875,0.9989707047805005,2_1,2,1,lamp,107.914482117,46.2949142456,1.94489940113,0,260.555223664,0.18244805932
UBFC_A2_L5_CE_CONCENTRATION_SEED102/Eval_On_COHFACE,COHFACE,prism,COHFACE_s02_session1_lamp,2,68.22509765625,70.5322265625,correct,68.22509765625,1.0,68.115234375,0.9990242418948014,68.3349609375,0.9987910445804252,70.5322265625,1.0,70.64208984375,0.9999025656413404,70.42236328125,0.9983012438898027,2_1,2,1,lamp,107.914482117,46.2949142456,1.94489940113,0,260.555223664,0.18244805932
UBFC_A2_L5_CE_CONCENTRATION_SEED102/Eval_On_COHFACE,COHFACE,prism,COHFACE_s02_session1_lamp,3,68.88427734375,78.77197265625,large_error,68.88427734375,1.0,68.994140625,0.9994493556396183,68.7744140625,0.998375485238775,78.77197265625,0.9999999999999999,78.662109375,0.9999999320869306,78.8818359375,0.997981303629257,2_1,2,1,lamp,107.914482117,46.2949142456,1.94489940113,0,260.555223664,0.18244805932
UBFC_A2_L5_CE_CONCENTRATION_SEED102/Eval_On_COHFACE,COHFACE,prism,COHFACE_s02_session1_lamp,4,68.00537109375,54.82177734375,large_error,68.00537109375,1.0,67.8955078125,0.9996695855960971,68.115234375,0.9981731108275347,54.82177734375,0.9999999999999998,54.7119140625,0.9997619505960175,54.931640625,0.9976691043656624,2_1,2,1,lamp,107.914482117,46.2949142456,1.94489940113,0,260.555223664,0.18244805932
UBFC_A2_L5_CE_CONCENTRATION_SEED102/Eval_On_COHFACE,COHFACE,prism,COHFACE_s02_session2_natural,0,75.03662109375,73.388671875,correct,75.03662109375,0.9999999999999998,75.146484375,0.9996074509906283,74.9267578125,0.9988347416230499,73.388671875,1.0,73.27880859375,0.9993925611259699,73.49853515625,0.9990378497843839,2_2,2,2,natural,91.1114349365,52.3388214111,7.17336894661,0.000323365066225,259.198642507,0.214300751686
UBFC_A2_L5_CE_CONCENTRATION_SEED102/Eval_On_COHFACE,COHFACE,prism,COHFACE_s02_session2_natural,1,71.08154296875,71.52099609375,correct,71.08154296875,1.0,71.19140625,0.9994602779574616,70.9716796875,0.9982790093739441,71.52099609375,1.0,71.4111328125,0.9989336552891404,71.630859375,0.9987983602486219,2_2,2,2,natural,91.1114349365,52.3388214111,7.17336894661,0.000323365066225,259.198642507,0.214300751686
UBFC_A2_L5_CE_CONCENTRATION_SEED102/Eval_On_COHFACE,COHFACE,prism,COHFACE_s02_session2_natural,2,69.6533203125,67.78564453125,correct,69.6533203125,1.0,69.54345703125,0.99944423673777,69.76318359375,0.9984046366515623,67.78564453125,1.0,67.8955078125,0.9992801399779269,67.67578125,0.9987232559663298,2_2,2,2,natural,91.1114349365,52.3388214111,7.17336894661,0.000323365066225,259.198642507,0.214300751686
UBFC_A2_L5_CE_CONCENTRATION_SEED102/Eval_On_COHFACE,COHFACE,prism,COHFACE_s02_session2_natural,3,70.5322265625,71.630859375,correct,70.5322265625,1.0,70.64208984375,0.9999836999415282,70.42236328125,0.9977088447051399,71.630859375,1.0,71.74072265625,0.9992817278325804,71.52099609375,0.9989343049092935,2_2,2,2,natural,91.1114349365,52.3388214111,7.17336894661,0.000323365066225,259.198642507,0.214300751686
UBFC_A2_L5_CE_CONCENTRATION_SEED102/Eval_On_COHFACE,COHFACE,prism,COHFACE_s02_session2_natural,4,71.08154296875,71.630859375,correct,71.08154296875,1.0,70.9716796875,0.9998650970952917,71.19140625,0.9979973245091824,71.630859375,1.0,71.52099609375,0.9998484645862835,71.74072265625,0.9979684745496323,2_2,2,2,natural,91.1114349365,52.3388214111,7.17336894661,0.000323365066225,259.198642507,0.214300751686
UBFC_A2_L5_CE_CONCENTRATION_SEED102/Eval_On_COHFACE,COHFACE,prism,COHFACE_s02_session3_natural,0,70.9716796875,64.70947265625,large_error,70.9716796875,0.9999999999999998,70.86181640625,0.9995442057452035,71.08154296875,0.9986165681036431,64.70947265625,0.9999999999999998,64.8193359375,0.9989325409823582,64.599609375,0.9986194234679583,2_3,2,3,natural,99.2446289062,52.5685157776,5.20083990821,8.05744636964e-05,255.934699664,0.266853779554
UBFC_A2_L5_CE_CONCENTRATION_SEED102/Eval_On_COHFACE,COHFACE,prism,COHFACE_s02_session3_natural,1,70.751953125,71.52099609375,correct,70.751953125,1.0,70.64208984375,0.9989231300335629,70.86181640625,0.9988496837024975,71.52099609375,1.0,71.4111328125,0.9991672653984516,71.630859375,0.9986940934571346,2_3,2,3,natural,99.2446289062,52.5685157776,5.20083990821,8.05744636964e-05,255.934699664,0.266853779554
UBFC_A2_L5_CE_CONCENTRATION_SEED102/Eval_On_COHFACE,COHFACE,prism,COHFACE_s02_session3_natural,2,70.42236328125,71.19140625,correct,70.42236328125,1.0,70.3125,0.999149029468923,70.5322265625,0.9986864190441367,71.19140625,1.0,71.30126953125,0.9998748014794698,71.08154296875,0.9981412467121628,2_3,2,3,natural,99.2446289062,52.5685157776,5.20083990821,8.05744636964e-05,255.934699664,0.266853779554
UBFC_A2_L5_CE_CONCENTRATION_SEED102/Eval_On_COHFACE,COHFACE,prism,COHFACE_s02_session3_natural,3,69.6533203125,60.53466796875,large_error,69.6533203125,1.0,69.76318359375,0.9999383803527264,69.54345703125,0.997902386845877,60.53466796875,0.9999999999999999,60.64453125,0.9996422732650786,60.4248046875,0.9980636677573262,2_3,2,3,natural,99.2446289062,52.5685157776,5.20083990821,8.05744636964e-05,255.934699664,0.266853779554
UBFC_A2_L5_CE_CONCENTRATION_SEED102/Eval_On_COHFACE,COHFACE,prism,COHFACE_s02_session3_natural,4,67.236328125,67.236328125,correct,67.236328125,1.0,67.34619140625,0.9991132250858187,67.12646484375,0.9987475442368575,67.236328125,1.0,67.12646484375,0.9999710442892712,67.34619140625,0.9981220367058997,2_3,2,3,natural,99.2446289062,52.5685157776,5.20083990821,8.05744636964e-05,255.934699664,0.266853779554
UBFC_A2_L5_CE_CONCENTRATION_SEED102/Eval_On_COHFACE,COHFACE,prism,COHFACE_s03_session0_lamp,0,66.24755859375,66.357421875,correct,66.24755859375,1.0,66.357421875,0.9993552158311492,66.1376953125,0.9984842626461476,66.357421875,0.9999999999999999,66.46728515625,0.9998564275266835,66.24755859375,0.9984416710995218,3_0,3,0,lamp,116.891593933,42.8749885559,0.0958171111858,0,360.522878211,0.23108138144
UBFC_A2_L5_CE_CONCENTRATION_SEED102/Eval_On_COHFACE,COHFACE,prism,COHFACE_s03_session0_lamp,1,67.8955078125,65.2587890625,correct,67.8955078125,1.0,68.00537109375,0.999526618417312,67.78564453125,0.9982107570546469,65.2587890625,0.9999999999999999,65.14892578125,0.9995461220943309,65.36865234375,0.9987685913500028,3_0,3,0,lamp,116.891593933,42.8749885559,0.0958171111858,0,360.522878211,0.23108138144
UBFC_A2_L5_CE_CONCENTRATION_SEED102/Eval_On_COHFACE,COHFACE,prism,COHFACE_s03_session0_lamp,2,67.78564453125,59.765625,large_error,67.78564453125,1.0,67.8955078125,0.9996090565131127,67.67578125,0.9983834458402955,59.765625,0.9999999999999998,59.87548828125,0.9990766409133705,59.65576171875,0.9990012376957853,3_0,3,0,lamp,116.891593933,42.8749885559,0.0958171111858,0,360.522878211,0.23108138144
UBFC_A2_L5_CE_CONCENTRATION_SEED102/Eval_On_COHFACE,COHFACE,prism,COHFACE_s03_session0_lamp,3,67.236328125,66.1376953125,correct,67.236328125,1.0,67.12646484375,0.999702178480805,67.34619140625,0.9982019578198509,66.1376953125,1.0,66.24755859375,0.9990118605123003,66.02783203125,0.9985560555984696,3_0,3,0,lamp,116.891593933,42.8749885559,0.0958171111858,0,360.522878211,0.23108138144
UBFC_A2_L5_CE_CONCENTRATION_SEED102/Eval_On_COHFACE,COHFACE,prism,COHFACE_s03_session0_lamp,4,72.18017578125,63.39111328125,large_error,72.18017578125,0.9999999999999999,72.0703125,0.9992599408350106,72.2900390625,0.9986191641266458,63.39111328125,1.0,63.28125,0.9997962089678764,63.5009765625,0.9984808643805523,3_0,3,0,lamp,116.891593933,42.8749885559,0.0958171111858,0,360.522878211,0.23108138144
UBFC_A2_L5_CE_CONCENTRATION_SEED102/Eval_On_COHFACE,COHFACE,prism,COHFACE_s03_session1_lamp,0,69.6533203125,60.64453125,large_error,69.6533203125,1.0,69.54345703125,0.9997201887486776,69.76318359375,0.9996933734888509,60.64453125,1.0,60.53466796875,0.9990524025991813,60.75439453125,0.999004628598699,3_1,3,1,lamp,125.275978088,44.5217819214,0.074571666151,0.000221579775165,411.142734115,0.221675410867
UBFC_A2_L5_CE_CONCENTRATION_SEED102/Eval_On_COHFACE,COHFACE,prism,COHFACE_s03_session1_lamp,1,70.5322265625,70.64208984375,correct,70.5322265625,1.0,70.64208984375,0.9992120548666353,70.42236328125,0.9987643463208506,70.64208984375,0.9999999999999999,70.751953125,0.9993628334307026,70.5322265625,0.9988224417136135,3_1,3,1,lamp,125.275978088,44.5217819214,0.074571666151,0.000221579775165,411.142734115,0.221675410867
UBFC_A2_L5_CE_CONCENTRATION_SEED102/Eval_On_COHFACE,COHFACE,prism,COHFACE_s03_session1_lamp,2,71.19140625,73.388671875,correct,71.19140625,0.9999999999999999,71.30126953125,0.9996870861432744,71.08154296875,0.9979450008984446,73.388671875,0.9999999999999999,73.27880859375,0.9995623097649012,73.49853515625,0.9993392206127322,3_1,3,1,lamp,125.275978088,44.5217819214,0.074571666151,0.000221579775165,411.142734115,0.221675410867
UBFC_A2_L5_CE_CONCENTRATION_SEED102/Eval_On_COHFACE,COHFACE,prism,COHFACE_s03_session1_lamp,3,71.630859375,70.20263671875,correct,71.630859375,0.9999999999999999,71.74072265625,0.9996799832808845,71.52099609375,0.9981634902458838,70.20263671875,0.9999999999999998,70.0927734375,0.9995619111042386,70.3125,0.9977919073020239,3_1,3,1,lamp,125.275978088,44.5217819214,0.074571666151,0.000221579775165,411.142734115,0.221675410867
UBFC_A2_L5_CE_CONCENTRATION_SEED102/Eval_On_COHFACE,COHFACE,prism,COHFACE_s03_session1_lamp,4,70.0927734375,70.64208984375,correct,70.0927734375,1.0,69.98291015625,0.9990409655332951,70.20263671875,0.9987194452993269,70.64208984375,0.9999999999999998,70.751953125,0.999251958258165,70.5322265625,0.9985963527354988,3_1,3,1,lamp,125.275978088,44.5217819214,0.074571666151,0.000221579775165,411.142734115,0.221675410867
UBFC_A2_L5_CE_CONCENTRATION_SEED102/Eval_On_COHFACE,COHFACE,prism,COHFACE_s03_session2_natural,0,73.828125,71.30126953125,correct,73.828125,1.0,73.71826171875,0.9991595768346845,73.93798828125,0.998072249620237,71.30126953125,1.0,71.4111328125,0.9995436912092297,71.19140625,0.9982643879381328,3_2,3,2,natural,104.957237244,53.305896759,1.86997975735,0,541.891377474,0.224997892976
UBFC_A2_L5_CE_CONCENTRATION_SEED102/Eval_On_COHFACE,COHFACE,prism,COHFACE_s03_session2_natural,1,70.5322265625,72.0703125,correct,70.5322265625,1.0,70.64208984375,0.9992454168741229,70.42236328125,0.9987012096217058,72.0703125,1.0,71.96044921875,0.9995335382214824,72.18017578125,0.9994671679740702,3_2,3,2,natural,104.957237244,53.305896759,1.86997975735,0,541.891377474,0.224997892976
UBFC_A2_L5_CE_CONCENTRATION_SEED102/Eval_On_COHFACE,COHFACE,prism,COHFACE_s03_session2_natural,2,70.86181640625,72.83935546875,correct,70.86181640625,1.0,70.751953125,0.9993703295474853,70.9716796875,0.998366576092429,72.83935546875,1.0,72.94921875,0.999901130741779,72.7294921875,0.9979293616325464,3_2,3,2,natural,104.957237244,53.305896759,1.86997975735,0,541.891377474,0.224997892976
UBFC_A2_L5_CE_CONCENTRATION_SEED102/Eval_On_COHFACE,COHFACE,prism,COHFACE_s03_session2_natural,3,73.1689453125,72.7294921875,correct,73.1689453125,1.0,73.05908203125,0.9996789597244459,73.27880859375,0.9980584242935865,72.7294921875,0.9999999999999999,72.61962890625,0.9990106385981038,72.83935546875,0.9982546403821945,3_2,3,2,natural,104.957237244,53.305896759,1.86997975735,0,541.891377474,0.224997892976
UBFC_A2_L5_CE_CONCENTRATION_SEED102/Eval_On_COHFACE,COHFACE,prism,COHFACE_s03_session2_natural,4,74.37744140625,60.53466796875,large_error,74.37744140625,1.0,74.267578125,0.9999546816178014,74.4873046875,0.9979061169817773,60.53466796875,1.0,60.4248046875,0.9999915984461697,60.64453125,0.9986576103655329,3_2,3,2,natural,104.957237244,53.305896759,1.86997975735,0,541.891377474,0.224997892976
UBFC_A2_L5_CE_CONCENTRATION_SEED102/Eval_On_COHFACE,COHFACE,prism,COHFACE_s03_session3_natural,0,73.1689453125,72.0703125,correct,73.1689453125,1.0,73.05908203125,0.9998345096193452,73.27880859375,0.9985023995959551,72.0703125,0.9999999999999998,71.96044921875,0.9990497151058426,72.18017578125,0.9988916576503596,3_3,3,3,natural,102.850990295,52.1018333435,1.5860652292,0,467.03127259,0.204794630408
UBFC_A2_L5_CE_CONCENTRATION_SEED102/Eval_On_COHFACE,COHFACE,prism,COHFACE_s03_session3_natural,1,72.0703125,75.25634765625,correct,72.0703125,1.0,71.96044921875,0.9998651103328605,72.18017578125,0.9979291359288799,75.25634765625,0.9999999999999999,75.146484375,0.9996932138091206,75.3662109375,0.9991249761682672,3_3,3,3,natural,102.850990295,52.1018333435,1.5860652292,0,467.03127259,0.204794630408
UBFC_A2_L5_CE_CONCENTRATION_SEED102/Eval_On_COHFACE,COHFACE,prism,COHFACE_s03_session3_natural,2,73.6083984375,60.53466796875,large_error,73.6083984375,1.0,73.49853515625,0.9990019142998285,73.71826171875,0.99876616204998,60.53466796875,1.0,60.64453125,0.9989010351644544,60.4248046875,0.9986710551323709,3_3,3,3,natural,102.850990295,52.1018333435,1.5860652292,0,467.03127259,0.204794630408
UBFC_A2_L5_CE_CONCENTRATION_SEED102/Eval_On_COHFACE,COHFACE,prism,COHFACE_s03_session3_natural,3,70.9716796875,66.1376953125,large_error,70.9716796875,0.9999999999999999,70.86181640625,0.9990513469584701,71.08154296875,0.9990292279736491,66.1376953125,1.0,66.24755859375,0.9995259913418009,66.02783203125,0.9984466769067458,3_3,3,3,natural,102.850990295,52.1018333435,1.5860652292,0,467.03127259,0.204794630408
UBFC_A2_L5_CE_CONCENTRATION_SEED102/Eval_On_COHFACE,COHFACE,prism,COHFACE_s03_session3_natural,4,65.91796875,66.1376953125,correct,65.91796875,1.0,66.02783203125,0.999225292245766,65.80810546875,0.9984694273744568,66.1376953125,1.0,66.24755859375,0.9999330324993775,66.02783203125,0.9979246705239655,3_3,3,3,natural,102.850990295,52.1018333435,1.5860652292,0,467.03127259,0.204794630408
UBFC_A2_L5_CE_CONCENTRATION_SEED102/Eval_On_COHFACE,COHFACE,prism,COHFACE_s04_session0_lamp,0,64.27001953125,59.326171875,large_error,64.27001953125,0.9999999999999999,64.3798828125,0.9999902866355719,64.48974609375,0.9998886040006022,59.326171875,0.9999999999999999,59.43603515625,0.9995389492368415,59.21630859375,0.9982047969510801,4_0,4,0,lamp,112.447952271,46.5667610168,1.33125128919,0,456.393173433,0.167182072997
UBFC_A2_L5_CE_CONCENTRATION_SEED102/Eval_On_COHFACE,COHFACE,prism,COHFACE_s04_session0_lamp,1,57.3486328125,58.447265625,correct,57.3486328125,0.9999999999999996,57.45849609375,0.9998512244631695,57.23876953125,0.9981916549774352,58.447265625,0.9999999999999999,58.33740234375,0.9999692431326196,58.55712890625,0.9985044735244726,4_0,4,0,lamp,112.447952271,46.5667610168,1.33125128919,0,456.393173433,0.167182072997
UBFC_A2_L5_CE_CONCENTRATION_SEED102/Eval_On_COHFACE,COHFACE,prism,COHFACE_s04_session0_lamp,2,57.7880859375,59.5458984375,correct,57.7880859375,0.9999999999999997,57.89794921875,0.9996512336685148,57.67822265625,0.9979675934274623,59.5458984375,0.9999999999999999,59.65576171875,0.998996122073362,59.43603515625,0.9986025096253743,4_0,4,0,lamp,112.447952271,46.5667610168,1.33125128919,0,456.393173433,0.167182072997
UBFC_A2_L5_CE_CONCENTRATION_SEED102/Eval_On_COHFACE,COHFACE,prism,COHFACE_s04_session0_lamp,3,57.23876953125,59.1064453125,correct,57.23876953125,0.9999999999999998,57.12890625,0.9994688839769387,57.3486328125,0.9983157272798797,59.1064453125,0.9999999999999999,59.21630859375,0.9999351580389202,58.99658203125,0.9984508844232035,4_0,4,0,lamp,112.447952271,46.5667610168,1.33125128919,0,456.393173433,0.167182072997
UBFC_A2_L5_CE_CONCENTRATION_SEED102/Eval_On_COHFACE,COHFACE,prism,COHFACE_s04_session0_lamp,4,54.82177734375,54.16259765625,correct,54.82177734375,0.9999999999999998,54.931640625,0.999777095701907,54.7119140625,0.9979639744410781,54.16259765625,0.9999999999999999,54.052734375,0.9996931266414161,54.2724609375,0.9985352991931461,4_0,4,0,lamp,112.447952271,46.5667610168,1.33125128919,0,456.393173433,0.167182072997
UBFC_A2_L5_CE_CONCENTRATION_SEED102/Eval_On_COHFACE,COHFACE,prism,COHFACE_s04_session1_lamp,0,57.568359375,59.5458984375,correct,57.568359375,0.9999999999999998,57.45849609375,0.9992851322432558,57.67822265625,0.9977295098046676,59.5458984375,0.9999999999999999,59.65576171875,0.9998657327020497,59.43603515625,0.9983095984274243,4_1,4,1,lamp,109.114250183,51.0108337402,1.35524320287,0,345.075869374,0.231326147914
UBFC_A2_L5_CE_CONCENTRATION_SEED102/Eval_On_COHFACE,COHFACE,prism,COHFACE_s04_session1_lamp,1,54.2724609375,54.38232421875,correct,54.2724609375,0.9999999999999999,54.16259765625,0.9999437266365776,54.38232421875,0.9980053235021207,54.38232421875,1.0,54.4921875,0.9999560053075416,54.2724609375,0.9978763257636427,4_1,4,1,lamp,109.114250183,51.0108337402,1.35524320287,0,345.075869374,0.231326147914
UBFC_A2_L5_CE_CONCENTRATION_SEED102/Eval_On_COHFACE,COHFACE,prism,COHFACE_s04_session1_lamp,2,55.5908203125,58.55712890625,correct,55.5908203125,0.9999999999999999,55.48095703125,0.9998514172211946,55.70068359375,0.9991552923572343,58.55712890625,1.0,58.447265625,0.9999699839349353,58.6669921875,0.998879136552944,4_1,4,1,lamp,109.114250183,51.0108337402,1.35524320287,0,345.075869374,0.231326147914
UBFC_A2_L5_CE_CONCENTRATION_SEED102/Eval_On_COHFACE,COHFACE,prism,COHFACE_s04_session1_lamp,3,54.16259765625,54.4921875,correct,54.16259765625,1.0,54.2724609375,0.9997620761414158,54.052734375,0.9982588274946481,54.4921875,1.0,54.60205078125,0.9996325613121505,54.38232421875,0.9981402659633808,4_1,4,1,lamp,109.114250183,51.0108337402,1.35524320287,0,345.075869374,0.231326147914
UBFC_A2_L5_CE_CONCENTRATION_SEED102/Eval_On_COHFACE,COHFACE,prism,COHFACE_s04_session1_lamp,4,53.61328125,54.052734375,correct,53.61328125,1.0,53.72314453125,0.9996380010793082,53.50341796875,0.9981554115185807,54.052734375,1.0,53.94287109375,0.9993875316512189,54.16259765625,0.998557454434129,4_1,4,1,lamp,109.114250183,51.0108337402,1.35524320287,0,345.075869374,0.231326147914
UBFC_A2_L5_CE_CONCENTRATION_SEED102/Eval_On_COHFACE,COHFACE,prism,COHFACE_s04_session2_natural,0,56.14013671875,51.74560546875,large_error,56.14013671875,1.0,56.25,0.9994853518180166,56.0302734375,0.9988393946740937,51.74560546875,0.9999999999999999,51.6357421875,0.9992788676751123,51.85546875,0.9986460067921952,4_2,4,2,natural,99.3140106201,60.0477790833,6.41210694976,0,440.043347049,0.263986080885
UBFC_A2_L5_CE_CONCENTRATION_SEED102/Eval_On_COHFACE,COHFACE,prism,COHFACE_s04_session2_natural,1,53.61328125,51.416015625,correct,53.61328125,1.0,53.72314453125,0.9997010572975161,53.50341796875,0.9980241197716043,51.416015625,0.9999999999999999,51.52587890625,0.9998413292911346,51.30615234375,0.9996292207206822,4_2,4,2,natural,99.3140106201,60.0477790833,6.41210694976,0,440.043347049,0.263986080885
UBFC_A2_L5_CE_CONCENTRATION_SEED102/Eval_On_COHFACE,COHFACE,prism,COHFACE_s04_session2_natural,2,53.94287109375,54.7119140625,correct,53.94287109375,1.0,54.052734375,0.9996027344734872,53.8330078125,0.9982165590042492,54.7119140625,1.0,54.82177734375,0.9994211331719077,54.60205078125,0.9985663589739706,4_2,4,2,natural,99.3140106201,60.0477790833,6.41210694976,0,440.043347049,0.263986080885
UBFC_A2_L5_CE_CONCENTRATION_SEED102/Eval_On_COHFACE,COHFACE,prism,COHFACE_s04_session2_natural,3,53.06396484375,53.61328125,correct,53.06396484375,1.0,52.9541015625,0.9997397070640566,53.173828125,0.9980421876307155,53.61328125,0.9999999999999999,53.72314453125,0.9990786170080879,53.50341796875,0.999035804279307,4_2,4,2,natural,99.3140106201,60.0477790833,6.41210694976,0,440.043347049,0.263986080885
UBFC_A2_L5_CE_CONCENTRATION_SEED102/Eval_On_COHFACE,COHFACE,prism,COHFACE_s04_session2_natural,4,53.28369140625,54.16259765625,correct,53.28369140625,1.0,53.3935546875,0.999461649179755,53.173828125,0.9984716502390584,54.16259765625,1.0,54.052734375,0.9995050271746864,54.2724609375,0.9984606407403357,4_2,4,2,natural,99.3140106201,60.0477790833,6.41210694976,0,440.043347049,0.263986080885
UBFC_A2_L5_CE_CONCENTRATION_SEED102/Eval_On_COHFACE,COHFACE,prism,COHFACE_s04_session3_natural,0,56.4697265625,57.45849609375,correct,56.4697265625,1.0,56.35986328125,0.9992535659835111,56.57958984375,0.9988139019268134,57.45849609375,0.9999999999999999,57.3486328125,0.9998015517343252,57.568359375,0.9983515083091955,4_3,4,3,natural,103.284492493,61.1000137329,5.04694268255,0,495.954050707,0.25749117136
UBFC_A2_L5_CE_CONCENTRATION_SEED102/Eval_On_COHFACE,COHFACE,prism,COHFACE_s04_session3_natural,1,55.04150390625,56.35986328125,correct,55.04150390625,1.0,54.931640625,0.9996191482612159,55.1513671875,0.9982437027311831,56.35986328125,0.9999999999999999,56.25,0.9999251151101579,56.4697265625,0.9980667423943902,4_3,4,3,natural,103.284492493,61.1000137329,5.04694268255,0,495.954050707,0.25749117136
UBFC_A2_L5_CE_CONCENTRATION_SEED102/Eval_On_COHFACE,COHFACE,prism,COHFACE_s04_session3_natural,2,54.2724609375,54.4921875,correct,54.2724609375,1.0,54.16259765625,0.9996722323051515,54.38232421875,0.998049712610379,54.4921875,1.0,54.60205078125,0.9992107290333173,54.38232421875,0.998946710134573,4_3,4,3,natural,103.284492493,61.1000137329,5.04694268255,0,495.954050707,0.25749117136
UBFC_A2_L5_CE_CONCENTRATION_SEED102/Eval_On_COHFACE,COHFACE,prism,COHFACE_s04_session3_natural,3,55.26123046875,55.04150390625,correct,55.26123046875,1.0,55.1513671875,0.9994481265669283,55.37109375,0.9983626379861755,55.04150390625,1.0,55.1513671875,0.9993412373165628,54.931640625,0.9993291282754067,4_3,4,3,natural,103.284492493,61.1000137329,5.04694268255,0,495.954050707,0.25749117136
UBFC_A2_L5_CE_CONCENTRATION_SEED102/Eval_On_COHFACE,COHFACE,prism,COHFACE_s04_session3_natural,4,55.48095703125,54.7119140625,correct,55.48095703125,1.0,55.5908203125,0.9994078792793647,55.37109375,0.998457849612702,54.7119140625,1.0,54.60205078125,0.9997800355586655,54.82177734375,0.9981108208892424,4_3,4,3,natural,103.284492493,61.1000137329,5.04694268255,0,495.954050707,0.25749117136
UBFC_A2_L5_CE_CONCENTRATION_SEED102/Eval_On_COHFACE,COHFACE,prism,COHFACE_s05_session0_lamp,0,72.0703125,96.56982421875,super_harmonic_1p5x,72.0703125,1.0,71.96044921875,0.9993423031615033,72.18017578125,0.9986185104439933,96.56982421875,0.9999999999999999,96.6796875,0.9992805658967374,96.4599609375,0.9992554936014276,5_0,5,0,lamp,120.63331604,65.1467514038,5.89001343982,0.0474382155012,523.783911151,0.399429440498
UBFC_A2_L5_CE_CONCENTRATION_SEED102/Eval_On_COHFACE,COHFACE,prism,COHFACE_s05_session0_lamp,1,66.02783203125,65.80810546875,correct,66.02783203125,0.9999999999999999,65.91796875,0.9990802621405727,66.1376953125,0.9976627807944695,65.80810546875,1.0,65.6982421875,0.9996772941790192,65.91796875,0.9986408401985558,5_0,5,0,lamp,120.63331604,65.1467514038,5.89001343982,0.0474382155012,523.783911151,0.399429440498
UBFC_A2_L5_CE_CONCENTRATION_SEED102/Eval_On_COHFACE,COHFACE,prism,COHFACE_s05_session0_lamp,2,73.05908203125,72.94921875,correct,73.05908203125,1.0,73.1689453125,0.9999235583567264,72.94921875,0.9979629809001054,72.94921875,0.9999999999999998,72.83935546875,0.9993570952750633,73.05908203125,0.9985336536691516,5_0,5,0,lamp,120.63331604,65.1467514038,5.89001343982,0.0474382155012,523.783911151,0.399429440498
UBFC_A2_L5_CE_CONCENTRATION_SEED102/Eval_On_COHFACE,COHFACE,prism,COHFACE_s05_session0_lamp,3,68.88427734375,77.45361328125,large_error,68.88427734375,0.9999999999999998,68.994140625,0.9997112700727654,68.7744140625,0.9986684204149838,77.45361328125,1.0,77.34375,0.9999396397859998,77.5634765625,0.9976349662942474,5_0,5,0,lamp,120.63331604,65.1467514038,5.89001343982,0.0474382155012,523.783911151,0.399429440498
UBFC_A2_L5_CE_CONCENTRATION_SEED102/Eval_On_COHFACE,COHFACE,prism,COHFACE_s05_session0_lamp,4,70.0927734375,72.2900390625,correct,70.0927734375,1.0,69.98291015625,0.9999963133730376,70.20263671875,0.9980074883020061,72.2900390625,0.9999999999999998,72.18017578125,0.9999096504903864,72.39990234375,0.9992752045962756,5_0,5,0,lamp,120.63331604,65.1467514038,5.89001343982,0.0474382155012,523.783911151,0.399429440498
UBFC_A2_L5_CE_CONCENTRATION_SEED102/Eval_On_COHFACE,COHFACE,prism,COHFACE_s05_session1_lamp,0,74.70703125,83.056640625,large_error,74.70703125,1.0,74.59716796875,0.9995092177314956,74.81689453125,0.9985230657582153,83.056640625,0.9999999999999999,82.94677734375,0.999911308709053,83.16650390625,0.9979373292560281,5_1,5,1,lamp,106.841629028,58.8681106567,8.79425955291,0,430.440251666,0.242724850774
UBFC_A2_L5_CE_CONCENTRATION_SEED102/Eval_On_COHFACE,COHFACE,prism,COHFACE_s05_session1_lamp,1,72.7294921875,74.0478515625,correct,72.7294921875,1.0,72.61962890625,0.9999614748410992,72.83935546875,0.9976071536597703,74.0478515625,1.0,73.93798828125,0.9995454123262878,74.15771484375,0.9987534023108201,5_1,5,1,lamp,106.841629028,58.8681106567,8.79425955291,0,430.440251666,0.242724850774
UBFC_A2_L5_CE_CONCENTRATION_SEED102/Eval_On_COHFACE,COHFACE,prism,COHFACE_s05_session1_lamp,2,72.94921875,71.08154296875,correct,72.94921875,1.0,72.83935546875,0.99894802146094,73.05908203125,0.9989458553801844,71.08154296875,1.0,70.9716796875,0.9996689217082383,71.19140625,0.9984501256888563,5_1,5,1,lamp,106.841629028,58.8681106567,8.79425955291,0,430.440251666,0.242724850774
UBFC_A2_L5_CE_CONCENTRATION_SEED102/Eval_On_COHFACE,COHFACE,prism,COHFACE_s05_session1_lamp,3,71.08154296875,71.30126953125,correct,71.08154296875,1.0,70.9716796875,0.9988956088693499,71.19140625,0.9988016443396767,71.30126953125,1.0,71.4111328125,0.9998427376130716,71.19140625,0.9980831640295965,5_1,5,1,lamp,106.841629028,58.8681106567,8.79425955291,0,430.440251666,0.242724850774
UBFC_A2_L5_CE_CONCENTRATION_SEED102/Eval_On_COHFACE,COHFACE,prism,COHFACE_s05_session1_lamp,4,69.76318359375,83.60595703125,large_error,69.76318359375,1.0,69.6533203125,0.9989098625215743,69.873046875,0.9986789833358085,83.60595703125,0.9999999999999998,83.49609375,0.9997667538249424,83.7158203125,0.9983512421473386,5_1,5,1,lamp,106.841629028,58.8681106567,8.79425955291,0,430.440251666,0.242724850774
UBFC_A2_L5_CE_CONCENTRATION_SEED102/Eval_On_COHFACE,COHFACE,prism,COHFACE_s05_session2_natural,0,77.01416015625,68.88427734375,large_error,77.01416015625,0.9999999999999999,76.904296875,0.9994506892014702,77.1240234375,0.9988733033509825,68.88427734375,0.9999999999999999,68.994140625,0.9992257053554784,68.7744140625,0.9992019004228349,5_2,5,2,natural,96.7811889648,65.7038269043,10.6044051671,0,529.962868819,0.246060714126
UBFC_A2_L5_CE_CONCENTRATION_SEED102/Eval_On_COHFACE,COHFACE,prism,COHFACE_s05_session2_natural,1,75.5859375,53.61328125,large_error,75.5859375,1.0,75.69580078125,0.9997711765490058,75.47607421875,0.9979345758141828,53.61328125,0.9999999999999999,53.72314453125,0.9998827903890224,53.50341796875,0.9987268393013536,5_2,5,2,natural,96.7811889648,65.7038269043,10.6044051671,0,529.962868819,0.246060714126
UBFC_A2_L5_CE_CONCENTRATION_SEED102/Eval_On_COHFACE,COHFACE,prism,COHFACE_s05_session2_natural,2,76.025390625,76.35498046875,correct,76.025390625,1.0,75.91552734375,0.9992069709329867,76.13525390625,0.9985963224995709,76.35498046875,0.9999999999999999,76.2451171875,0.9988520860509953,76.46484375,0.9984846068772486,5_2,5,2,natural,96.7811889648,65.7038269043,10.6044051671,0,529.962868819,0.246060714126
UBFC_A2_L5_CE_CONCENTRATION_SEED102/Eval_On_COHFACE,COHFACE,prism,COHFACE_s05_session2_natural,3,72.7294921875,71.96044921875,correct,72.7294921875,1.0,72.83935546875,0.9990821428195664,72.61962890625,0.9987981298611777,71.96044921875,1.0,72.0703125,0.9992442228859804,71.8505859375,0.9984763996637874,5_2,5,2,natural,96.7811889648,65.7038269043,10.6044051671,0,529.962868819,0.246060714126
UBFC_A2_L5_CE_CONCENTRATION_SEED102/Eval_On_COHFACE,COHFACE,prism,COHFACE_s05_session2_natural,4,71.74072265625,61.41357421875,large_error,71.74072265625,1.0,71.630859375,0.9994501472464228,71.8505859375,0.9982762778912283,61.41357421875,0.9999999999999999,61.5234375,0.9993250271524176,61.3037109375,0.9974853640727092,5_2,5,2,natural,96.7811889648,65.7038269043,10.6044051671,0,529.962868819,0.246060714126
UBFC_A2_L5_CE_CONCENTRATION_SEED102/Eval_On_COHFACE,COHFACE,prism,COHFACE_s05_session3_natural,0,73.49853515625,53.94287109375,large_error,73.49853515625,1.0,73.6083984375,0.9995472466191402,73.388671875,0.9980275688433633,53.94287109375,0.9999999999999999,53.8330078125,0.9998904222924863,54.052734375,0.998021404618797,5_3,5,3,natural,97.8287811279,66.4123153687,10.5721783164,0,538.75209925,0.222788318992
UBFC_A2_L5_CE_CONCENTRATION_SEED102/Eval_On_COHFACE,COHFACE,prism,COHFACE_s05_session3_natural,1,78.4423828125,66.796875,large_error,78.4423828125,1.0,78.33251953125,0.9996830172353706,78.55224609375,0.9981344957582469,66.796875,1.0,66.68701171875,0.9993511704824316,66.90673828125,0.9985633570816064,5_3,5,3,natural,97.8287811279,66.4123153687,10.5721783164,0,538.75209925,0.222788318992
UBFC_A2_L5_CE_CONCENTRATION_SEED102/Eval_On_COHFACE,COHFACE,prism,COHFACE_s05_session3_natural,2,73.6083984375,65.0390625,large_error,73.6083984375,1.0,73.71826171875,0.99885182194192,73.49853515625,0.9988050779987849,65.0390625,1.0,64.92919921875,0.999834680069491,65.14892578125,0.9982236462019299,5_3,5,3,natural,97.8287811279,66.4123153687,10.5721783164,0,538.75209925,0.222788318992
UBFC_A2_L5_CE_CONCENTRATION_SEED102/Eval_On_COHFACE,COHFACE,prism,COHFACE_s05_session3_natural,3,75.3662109375,60.205078125,large_error,75.3662109375,1.0,75.47607421875,0.9998348803978773,75.25634765625,0.9978390225267485,60.205078125,0.9999999999999999,60.09521484375,0.9986429946018246,60.31494140625,0.9986284915154511,5_3,5,3,natural,97.8287811279,66.4123153687,10.5721783164,0,538.75209925,0.222788318992
UBFC_A2_L5_CE_CONCENTRATION_SEED102/Eval_On_COHFACE,COHFACE,prism,COHFACE_s05_session3_natural,4,76.6845703125,61.5234375,large_error,76.6845703125,1.0,76.57470703125,0.999759399735828,76.79443359375,0.9979118890339883,61.5234375,1.0,61.63330078125,0.9997058005896459,61.41357421875,0.9986128782167626,5_3,5,3,natural,97.8287811279,66.4123153687,10.5721783164,0,538.75209925,0.222788318992
UBFC_A2_L5_CE_CONCENTRATION_SEED102/Eval_On_COHFACE,COHFACE,prism,COHFACE_s06_session0_lamp,0,65.36865234375,64.16015625,correct,65.36865234375,1.0,65.478515625,0.9992323301099857,65.2587890625,0.9982874910447859,64.16015625,0.9999999999999998,64.27001953125,0.9996935025988192,64.05029296875,0.997364384085654,6_0,6,0,lamp,102.96698761,50.7914009094,1.06787271058,0,309.509057569,0.167584404349
UBFC_A2_L5_CE_CONCENTRATION_SEED102/Eval_On_COHFACE,COHFACE,prism,COHFACE_s06_session0_lamp,1,62.73193359375,71.4111328125,large_error,62.73193359375,1.0,62.841796875,0.9998136015345566,62.6220703125,0.9979976770981793,71.4111328125,0.9999999999999999,71.52099609375,0.9997129047039259,71.30126953125,0.9990203054546939,6_0,6,0,lamp,102.96698761,50.7914009094,1.06787271058,0,309.509057569,0.167584404349
UBFC_A2_L5_CE_CONCENTRATION_SEED102/Eval_On_COHFACE,COHFACE,prism,COHFACE_s06_session0_lamp,2,62.07275390625,60.75439453125,correct,62.07275390625,1.0,62.1826171875,0.9995632052554211,61.962890625,0.9982844609242233,60.75439453125,0.9999999999999998,60.64453125,0.9996434125498175,60.8642578125,0.9981542377508015,6_0,6,0,lamp,102.96698761,50.7914009094,1.06787271058,0,309.509057569,0.167584404349
UBFC_A2_L5_CE_CONCENTRATION_SEED102/Eval_On_COHFACE,COHFACE,prism,COHFACE_s06_session0_lamp,3,60.53466796875,61.3037109375,correct,60.53466796875,1.0,60.64453125,0.9997086933289963,60.4248046875,0.9980196247442765,61.3037109375,0.9999999999999999,61.19384765625,0.9994793942998085,61.41357421875,0.9983763153359874,6_0,6,0,lamp,102.96698761,50.7914009094,1.06787271058,0,309.509057569,0.167584404349
UBFC_A2_L5_CE_CONCENTRATION_SEED102/Eval_On_COHFACE,COHFACE,prism,COHFACE_s06_session0_lamp,4,60.205078125,59.765625,correct,60.205078125,1.0,60.31494140625,0.999353111254253,60.09521484375,0.9983670920392415,59.765625,1.0,59.87548828125,0.9992208969999523,59.65576171875,0.9988109543429318,6_0,6,0,lamp,102.96698761,50.7914009094,1.06787271058,0,309.509057569,0.167584404349
UBFC_A2_L5_CE_CONCENTRATION_SEED102/Eval_On_COHFACE,COHFACE,prism,COHFACE_s06_session1_lamp,0,64.8193359375,79.65087890625,large_error,64.8193359375,1.0,64.70947265625,0.9990479173747885,64.92919921875,0.9987118238175385,79.65087890625,0.9999999999999998,79.7607421875,0.9996216103459516,79.541015625,0.9980847059746988,6_1,6,1,lamp,106.824485779,52.7376289368,0.850470334489,0,343.69309222,0.178907260299
UBFC_A2_L5_CE_CONCENTRATION_SEED102/Eval_On_COHFACE,COHFACE,prism,COHFACE_s06_session1_lamp,1,62.40234375,49.21875,large_error,62.40234375,1.0,62.51220703125,0.9994873648580263,62.29248046875,0.99822588866359,49.21875,0.9999999999999997,49.10888671875,0.9991085923053786,49.32861328125,0.9986799054106048,6_1,6,1,lamp,106.824485779,52.7376289368,0.850470334489,0,343.69309222,0.178907260299
UBFC_A2_L5_CE_CONCENTRATION_SEED102/Eval_On_COHFACE,COHFACE,prism,COHFACE_s06_session1_lamp,2,61.63330078125,73.71826171875,large_error,61.63330078125,1.0,61.5234375,0.9994707384944144,61.7431640625,0.9983251281875581,73.71826171875,0.9999999999999997,73.828125,0.9991255094946789,73.6083984375,0.9982983395570776,6_1,6,1,lamp,106.824485779,52.7376289368,0.850470334489,0,343.69309222,0.178907260299
UBFC_A2_L5_CE_CONCENTRATION_SEED102/Eval_On_COHFACE,COHFACE,prism,COHFACE_s06_session1_lamp,3,61.5234375,72.39990234375,large_error,61.5234375,1.0,61.41357421875,0.9991297274803114,61.63330078125,0.998592969978257,72.39990234375,0.9999999999999999,72.2900390625,0.9994336515228023,72.509765625,0.998580023210575,6_1,6,1,lamp,106.824485779,52.7376289368,0.850470334489,0,343.69309222,0.178907260299
UBFC_A2_L5_CE_CONCENTRATION_SEED102/Eval_On_COHFACE,COHFACE,prism,COHFACE_s06_session1_lamp,4,65.0390625,83.49609375,super_harmonic_1p5x,65.0390625,1.0,64.92919921875,0.9996072725841063,65.14892578125,0.9982649070297279,83.49609375,0.9999999999999998,83.38623046875,0.9992098833328366,83.60595703125,0.9984745637277365,6_1,6,1,lamp,106.824485779,52.7376289368,0.850470334489,0,343.69309222,0.178907260299
UBFC_A2_L5_CE_CONCENTRATION_SEED102/Eval_On_COHFACE,COHFACE,prism,COHFACE_s06_session2_natural,0,63.39111328125,64.92919921875,correct,63.39111328125,1.0,63.5009765625,0.9997814058682405,63.28125,0.9982155603084615,64.92919921875,1.0,64.8193359375,0.9991957499784931,65.0390625,0.9990143102403376,6_2,6,2,natural,100.778015137,62.8120079041,10.4543150848,0.0010071807962,516.894786108,0.183659374714
UBFC_A2_L5_CE_CONCENTRATION_SEED102/Eval_On_COHFACE,COHFACE,prism,COHFACE_s06_session2_natural,1,62.95166015625,53.72314453125,large_error,62.95166015625,1.0,62.841796875,0.9995226598087029,63.0615234375,0.9981722407684847,53.72314453125,0.9999999999999998,53.61328125,0.9992193383676319,53.8330078125,0.9983916902904418,6_2,6,2,natural,100.778015137,62.8120079041,10.4543150848,0.0010071807962,516.894786108,0.183659374714
UBFC_A2_L5_CE_CONCENTRATION_SEED102/Eval_On_COHFACE,COHFACE,prism,COHFACE_s06_session2_natural,2,62.1826171875,60.64453125,correct,62.1826171875,1.0,62.07275390625,0.999644285294996,62.29248046875,0.9980015912080746,60.64453125,1.0,60.75439453125,0.9992472071641524,60.53466796875,0.9989829135310287,6_2,6,2,natural,100.778015137,62.8120079041,10.4543150848,0.0010071807962,516.894786108,0.183659374714
UBFC_A2_L5_CE_CONCENTRATION_SEED102/Eval_On_COHFACE,COHFACE,prism,COHFACE_s06_session2_natural,3,62.1826171875,65.2587890625,correct,62.1826171875,1.0,62.07275390625,0.9995866497248712,62.29248046875,0.9983402105953254,65.2587890625,1.0,65.36865234375,0.9993552017758897,65.14892578125,0.9985313266652973,6_2,6,2,natural,100.778015137,62.8120079041,10.4543150848,0.0010071807962,516.894786108,0.183659374714
UBFC_A2_L5_CE_CONCENTRATION_SEED102/Eval_On_COHFACE,COHFACE,prism,COHFACE_s06_session2_natural,4,64.48974609375,58.447265625,large_error,64.48974609375,1.0,64.599609375,0.9999095769559195,64.3798828125,0.9977480744059476,58.447265625,1.0,58.55712890625,0.9994841792969028,58.33740234375,0.9985625612606406,6_2,6,2,natural,100.778015137,62.8120079041,10.4543150848,0.0010071807962,516.894786108,0.183659374714
UBFC_A2_L5_CE_CONCENTRATION_SEED102/Eval_On_COHFACE,COHFACE,prism,COHFACE_s06_session3_natural,0,64.92919921875,60.09521484375,large_error,64.92919921875,1.0,64.8193359375,0.9998169497513001,65.0390625,0.9980470856726109,60.09521484375,1.0,59.9853515625,0.9997690447752365,60.205078125,0.998138071509032,6_3,6,3,natural,102.864402771,67.6546401978,11.3458292374,0.000343575382864,516.437101375,0.181826546788
UBFC_A2_L5_CE_CONCENTRATION_SEED102/Eval_On_COHFACE,COHFACE,prism,COHFACE_s06_session3_natural,1,64.48974609375,64.92919921875,correct,64.48974609375,1.0,64.599609375,0.9988398391648162,64.3798828125,0.9988208015938287,64.92919921875,1.0,65.0390625,0.9991115562213807,64.8193359375,0.9990663680728187,6_3,6,3,natural,102.864402771,67.6546401978,11.3458292374,0.000343575382864,516.437101375,0.181826546788
UBFC_A2_L5_CE_CONCENTRATION_SEED102/Eval_On_COHFACE,COHFACE,prism,COHFACE_s06_session3_natural,2,63.5009765625,64.92919921875,correct,63.5009765625,1.0,63.61083984375,0.9997808317385453,63.39111328125,0.9981263556027854,64.92919921875,0.9999999999999998,65.0390625,0.9999753552512122,64.8193359375,0.9980042651414641,6_3,6,3,natural,102.864402771,67.6546401978,11.3458292374,0.000343575382864,516.437101375,0.181826546788
UBFC_A2_L5_CE_CONCENTRATION_SEED102/Eval_On_COHFACE,COHFACE,prism,COHFACE_s06_session3_natural,3,64.48974609375,63.9404296875,correct,64.48974609375,1.0,64.3798828125,0.9997643883196126,64.599609375,0.99806704623408,63.9404296875,1.0,64.05029296875,0.9997240526789466,63.83056640625,0.9981464559078818,6_3,6,3,natural,102.864402771,67.6546401978,11.3458292374,0.000343575382864,516.437101375,0.181826546788
UBFC_A2_L5_CE_CONCENTRATION_SEED102/Eval_On_COHFACE,COHFACE,prism,COHFACE_s06_session3_natural,4,63.83056640625,61.083984375,correct,63.83056640625,1.0,63.720703125,0.9988640579749417,63.9404296875,0.9988115734878639,61.083984375,1.0,60.97412109375,0.9990669790693264,61.19384765625,0.9989628901393914,6_3,6,3,natural,102.864402771,67.6546401978,11.3458292374,0.000343575382864,516.437101375,0.181826546788
UBFC_A2_L5_CE_CONCENTRATION_SEED102/Eval_On_COHFACE,COHFACE,prism,COHFACE_s07_session0_lamp,0,62.73193359375,77.89306640625,large_error,62.73193359375,0.9999999999999999,62.6220703125,0.998946973384728,62.841796875,0.9985559613042689,77.89306640625,0.9999999999999999,78.0029296875,0.9997607809639576,77.783203125,0.9985434617399802,7_0,7,0,lamp,101.429534912,52.5997848511,3.8311143126,0,444.89405426,0.173167213798
UBFC_A2_L5_CE_CONCENTRATION_SEED102/Eval_On_COHFACE,COHFACE,prism,COHFACE_s07_session0_lamp,1,59.5458984375,59.326171875,correct,59.5458984375,0.9999999999999999,59.43603515625,0.9996099456452222,59.65576171875,0.9982895807188877,59.326171875,1.0,59.21630859375,0.9995572592348619,59.43603515625,0.9985926049680693,7_0,7,0,lamp,101.429534912,52.5997848511,3.8311143126,0,444.89405426,0.173167213798
UBFC_A2_L5_CE_CONCENTRATION_SEED102/Eval_On_COHFACE,COHFACE,prism,COHFACE_s07_session0_lamp,2,59.43603515625,56.0302734375,correct,59.43603515625,0.9999999999999999,59.5458984375,0.9995255275462132,59.326171875,0.9984331839643531,56.0302734375,0.9999999999999999,55.92041015625,0.9998054887828145,56.14013671875,0.9968361815472183,7_0,7,0,lamp,101.429534912,52.5997848511,3.8311143126,0,444.89405426,0.173167213798
UBFC_A2_L5_CE_CONCENTRATION_SEED102/Eval_On_COHFACE,COHFACE,prism,COHFACE_s07_session0_lamp,3,59.5458984375,60.31494140625,correct,59.5458984375,0.9999999999999999,59.65576171875,0.999172077728966,59.43603515625,0.9987879676645968,60.31494140625,1.0,60.205078125,0.9993294102268636,60.4248046875,0.9989260648868619,7_0,7,0,lamp,101.429534912,52.5997848511,3.8311143126,0,444.89405426,0.173167213798
UBFC_A2_L5_CE_CONCENTRATION_SEED102/Eval_On_COHFACE,COHFACE,prism,COHFACE_s07_session0_lamp,4,62.73193359375,61.3037109375,correct,62.73193359375,0.9999999999999999,62.6220703125,0.9992108503033431,62.841796875,0.9987166764238852,61.3037109375,1.0,61.41357421875,0.9992274876017992,61.19384765625,0.998404534384047,7_0,7,0,lamp,101.429534912,52.5997848511,3.8311143126,0,444.89405426,0.173167213798
UBFC_A2_L5_CE_CONCENTRATION_SEED102/Eval_On_COHFACE,COHFACE,prism,COHFACE_s07_session1_lamp,0,62.841796875,85.14404296875,super_harmonic_1p5x,62.841796875,1.0,62.95166015625,0.9999751411293427,62.73193359375,0.9972040285012104,85.14404296875,0.9999999999999998,85.0341796875,0.9995555320145213,85.25390625,0.9977525903817265,7_1,7,1,lamp,116.117958069,45.4890632629,1.88125257838,0,421.746405648,0.131804198027
UBFC_A2_L5_CE_CONCENTRATION_SEED102/Eval_On_COHFACE,COHFACE,prism,COHFACE_s07_session1_lamp,1,60.53466796875,85.693359375,super_harmonic_1p5x,60.53466796875,1.0,60.64453125,0.999294825820929,60.4248046875,0.9983402811290552,85.693359375,0.9999999999999988,85.80322265625,0.9986741861536935,85.58349609375,0.9986729016569962,7_1,7,1,lamp,116.117958069,45.4890632629,1.88125257838,0,421.746405648,0.131804198027
UBFC_A2_L5_CE_CONCENTRATION_SEED102/Eval_On_COHFACE,COHFACE,prism,COHFACE_s07_session1_lamp,2,56.4697265625,78.77197265625,super_harmonic_1p5x,56.4697265625,0.9999999999999998,56.35986328125,0.9992789523192752,56.57958984375,0.9986436235405175,78.77197265625,0.9999999999999999,78.8818359375,0.999198526006938,78.662109375,0.9991202249940222,7_1,7,1,lamp,116.117958069,45.4890632629,1.88125257838,0,421.746405648,0.131804198027
UBFC_A2_L5_CE_CONCENTRATION_SEED102/Eval_On_COHFACE,COHFACE,prism,COHFACE_s07_session1_lamp,3,62.29248046875,54.4921875,large_error,62.29248046875,1.0,62.1826171875,0.9991616058292587,62.40234375,0.9989069530084541,54.4921875,0.9999999999999998,54.38232421875,0.9995853457721587,54.60205078125,0.9982755723205751,7_1,7,1,lamp,116.117958069,45.4890632629,1.88125257838,0,421.746405648,0.131804198027
UBFC_A2_L5_CE_CONCENTRATION_SEED102/Eval_On_COHFACE,COHFACE,prism,COHFACE_s07_session1_lamp,4,60.205078125,61.083984375,correct,60.205078125,0.9999999999999999,60.31494140625,0.9990248246740149,60.09521484375,0.998898770933203,61.083984375,0.9999999999999999,61.19384765625,0.9990205468085935,60.97412109375,0.9980571399785594,7_1,7,1,lamp,116.117958069,45.4890632629,1.88125257838,0,421.746405648,0.131804198027
UBFC_A2_L5_CE_CONCENTRATION_SEED102/Eval_On_COHFACE,COHFACE,prism,COHFACE_s07_session2_natural,0,61.7431640625,74.267578125,large_error,61.7431640625,0.9999999999999998,61.85302734375,0.9988469122833478,61.63330078125,0.9976512935964843,74.267578125,1.0,74.15771484375,0.9999229131941845,74.37744140625,0.9987233926110622,7_2,7,2,natural,103.690948486,59.6122207642,7.52452319821,0,541.692067643,0.181632727385
UBFC_A2_L5_CE_CONCENTRATION_SEED102/Eval_On_COHFACE,COHFACE,prism,COHFACE_s07_session2_natural,1,61.41357421875,60.205078125,correct,61.41357421875,1.0,61.5234375,0.9998753999859834,61.3037109375,0.9978828181193803,60.205078125,1.0,60.09521484375,0.9989498419065382,60.31494140625,0.9987427250232828,7_2,7,2,natural,103.690948486,59.6122207642,7.52452319821,0,541.692067643,0.181632727385
UBFC_A2_L5_CE_CONCENTRATION_SEED102/Eval_On_COHFACE,COHFACE,prism,COHFACE_s07_session2_natural,2,62.95166015625,65.2587890625,correct,62.95166015625,0.9999999999999998,63.0615234375,0.999759933714202,62.841796875,0.9978721085499798,65.2587890625,0.9999999999999999,65.14892578125,0.9993712882549661,65.36865234375,0.9987824898536664,7_2,7,2,natural,103.690948486,59.6122207642,7.52452319821,0,541.692067643,0.181632727385
UBFC_A2_L5_CE_CONCENTRATION_SEED102/Eval_On_COHFACE,COHFACE,prism,COHFACE_s07_session2_natural,3,59.9853515625,84.375,super_harmonic_1p5x,59.9853515625,0.9999999999999999,60.09521484375,0.9991393184134738,59.87548828125,0.998897222053221,84.375,0.9999999999999998,84.26513671875,0.9990134289729208,84.48486328125,0.9983861445459803,7_2,7,2,natural,103.690948486,59.6122207642,7.52452319821,0,541.692067643,0.181632727385
UBFC_A2_L5_CE_CONCENTRATION_SEED102/Eval_On_COHFACE,COHFACE,prism,COHFACE_s07_session2_natural,4,58.2275390625,58.447265625,correct,58.2275390625,1.0,58.33740234375,0.9998987139694524,58.11767578125,0.9978477881562122,58.447265625,1.0,58.33740234375,0.9991240518315335,58.55712890625,0.9991222131990689,7_2,7,2,natural,103.690948486,59.6122207642,7.52452319821,0,541.692067643,0.181632727385
UBFC_A2_L5_CE_CONCENTRATION_SEED102/Eval_On_COHFACE,COHFACE,prism,COHFACE_s07_session3_natural,0,68.7744140625,69.873046875,correct,68.7744140625,1.0,68.88427734375,0.9996998530318438,68.66455078125,0.9972299467862215,69.873046875,1.0,69.76318359375,0.9994582161558129,69.98291015625,0.9989375540591615,7_3,7,3,natural,94.0288772583,56.9622459412,11.4832308426,0,494.539493181,0.179576933384
UBFC_A2_L5_CE_CONCENTRATION_SEED102/Eval_On_COHFACE,COHFACE,prism,COHFACE_s07_session3_natural,1,65.14892578125,71.4111328125,large_error,65.14892578125,1.0,65.2587890625,0.9993529188816986,65.0390625,0.9985168978885719,71.4111328125,1.0,71.30126953125,0.9992585241257822,71.52099609375,0.9985034140754544,7_3,7,3,natural,94.0288772583,56.9622459412,11.4832308426,0,494.539493181,0.179576933384
UBFC_A2_L5_CE_CONCENTRATION_SEED102/Eval_On_COHFACE,COHFACE,prism,COHFACE_s07_session3_natural,2,65.36865234375,66.357421875,correct,65.36865234375,0.9999999999999999,65.2587890625,0.9998887701618125,65.478515625,0.9982007711992401,66.357421875,1.0,66.24755859375,0.9992255065863487,66.46728515625,0.9986346489969075,7_3,7,3,natural,94.0288772583,56.9622459412,11.4832308426,0,494.539493181,0.179576933384
UBFC_A2_L5_CE_CONCENTRATION_SEED102/Eval_On_COHFACE,COHFACE,prism,COHFACE_s07_session3_natural,3,64.3798828125,66.02783203125,correct,64.3798828125,1.0,64.48974609375,0.9990517656964946,64.27001953125,0.9989400316754165,66.02783203125,0.9999999999999998,66.1376953125,0.9994458893152001,65.91796875,0.9993818408028655,7_3,7,3,natural,94.0288772583,56.9622459412,11.4832308426,0,494.539493181,0.179576933384
UBFC_A2_L5_CE_CONCENTRATION_SEED102/Eval_On_COHFACE,COHFACE,prism,COHFACE_s07_session3_natural,4,66.357421875,53.50341796875,large_error,66.357421875,1.0,66.24755859375,0.9989810363672841,66.46728515625,0.9987526915834782,53.50341796875,0.9999999999999998,53.3935546875,0.9993227098264845,53.61328125,0.9991626388303072,7_3,7,3,natural,94.0288772583,56.9622459412,11.4832308426,0,494.539493181,0.179576933384
UBFC_A2_L5_CE_CONCENTRATION_SEED102/Eval_On_COHFACE,COHFACE,prism,COHFACE_s08_session0_lamp,0,80.859375,71.630859375,large_error,80.859375,0.9999999999999999,80.74951171875,0.9998666341102045,80.96923828125,0.9972562910254288,71.630859375,1.0,71.52099609375,0.999734175481784,71.74072265625,0.9981805092719352,8_0,8,0,lamp,103.348052979,46.8995475769,2.27612788134,0,228.423650369,0.37036421895
UBFC_A2_L5_CE_CONCENTRATION_SEED102/Eval_On_COHFACE,COHFACE,prism,COHFACE_s08_session0_lamp,1,71.4111328125,70.86181640625,correct,71.4111328125,0.9999999999999999,71.30126953125,0.9998993595058004,71.52099609375,0.9977639310523092,70.86181640625,0.9999999999999999,70.751953125,0.9997956087156881,70.9716796875,0.9990142164553629,8_0,8,0,lamp,103.348052979,46.8995475769,2.27612788134,0,228.423650369,0.37036421895
UBFC_A2_L5_CE_CONCENTRATION_SEED102/Eval_On_COHFACE,COHFACE,prism,COHFACE_s08_session0_lamp,2,69.873046875,72.2900390625,correct,69.873046875,1.0,69.76318359375,0.998999136456656,69.98291015625,0.9986519546918561,72.2900390625,1.0,72.39990234375,0.9993837428351446,72.18017578125,0.9991575633383757,8_0,8,0,lamp,103.348052979,46.8995475769,2.27612788134,0,228.423650369,0.37036421895
UBFC_A2_L5_CE_CONCENTRATION_SEED102/Eval_On_COHFACE,COHFACE,prism,COHFACE_s08_session0_lamp,3,69.43359375,71.4111328125,correct,69.43359375,1.0,69.32373046875,0.9989598678205288,69.54345703125,0.998864028180396,71.4111328125,1.0,71.52099609375,0.9998347349219325,71.30126953125,0.9984031500732174,8_0,8,0,lamp,103.348052979,46.8995475769,2.27612788134,0,228.423650369,0.37036421895
UBFC_A2_L5_CE_CONCENTRATION_SEED102/Eval_On_COHFACE,COHFACE,prism,COHFACE_s08_session0_lamp,4,73.05908203125,64.92919921875,large_error,73.05908203125,0.9999999999999999,72.94921875,0.9990295564732004,73.1689453125,0.9986948760954242,64.92919921875,0.9999999999999999,65.0390625,0.9998430224775563,64.8193359375,0.9976779756060591,8_0,8,0,lamp,103.348052979,46.8995475769,2.27612788134,0,228.423650369,0.37036421895
UBFC_A2_L5_CE_CONCENTRATION_SEED102/Eval_On_COHFACE,COHFACE,prism,COHFACE_s08_session1_lamp,0,76.57470703125,76.904296875,correct,76.57470703125,1.0,76.6845703125,0.9987512046532391,76.46484375,0.9985984845145509,76.904296875,1.0,76.79443359375,0.9992865286476812,77.01416015625,0.9988263079067089,8_1,8,1,lamp,113.105674744,51.1976737976,1.76178079234,0,245.578724634,0.311582297087
UBFC_A2_L5_CE_CONCENTRATION_SEED102/Eval_On_COHFACE,COHFACE,prism,COHFACE_s08_session1_lamp,1,73.6083984375,72.7294921875,correct,73.6083984375,1.0,73.49853515625,0.9993106338277995,73.71826171875,0.9985673956437278,72.7294921875,1.0,72.83935546875,0.9993104524405535,72.61962890625,0.9986377613107069,8_1,8,1,lamp,113.105674744,51.1976737976,1.76178079234,0,245.578724634,0.311582297087
UBFC_A2_L5_CE_CONCENTRATION_SEED102/Eval_On_COHFACE,COHFACE,prism,COHFACE_s08_session1_lamp,2,76.13525390625,73.388671875,correct,76.13525390625,1.0,76.025390625,0.9991012988334377,76.2451171875,0.9987914830895211,73.388671875,1.0,73.49853515625,0.9989946129778253,73.27880859375,0.9987571174283681,8_1,8,1,lamp,113.105674744,51.1976737976,1.76178079234,0,245.578724634,0.311582297087
UBFC_A2_L5_CE_CONCENTRATION_SEED102/Eval_On_COHFACE,COHFACE,prism,COHFACE_s08_session1_lamp,3,77.67333984375,65.14892578125,large_error,77.67333984375,0.9999999999999999,77.783203125,0.9990994527340313,77.5634765625,0.9986218960561919,65.14892578125,1.0,65.2587890625,0.9995315505702048,65.0390625,0.9985135948674084,8_1,8,1,lamp,113.105674744,51.1976737976,1.76178079234,0,245.578724634,0.311582297087
UBFC_A2_L5_CE_CONCENTRATION_SEED102/Eval_On_COHFACE,COHFACE,prism,COHFACE_s08_session1_lamp,4,74.4873046875,74.70703125,correct,74.4873046875,1.0,74.37744140625,0.9991779462961967,74.59716796875,0.9988984933067859,74.70703125,0.9999999999999999,74.81689453125,0.9998672092091443,74.59716796875,0.9984193025627437,8_1,8,1,lamp,113.105674744,51.1976737976,1.76178079234,0,245.578724634,0.311582297087
UBFC_A2_L5_CE_CONCENTRATION_SEED102/Eval_On_COHFACE,COHFACE,prism,COHFACE_s08_session2_natural,0,68.5546875,71.4111328125,correct,68.5546875,1.0,68.44482421875,0.9991725256692505,68.66455078125,0.9982493049812029,71.4111328125,1.0,71.52099609375,0.9991988385563628,71.30126953125,0.9989502298572428,8_2,8,2,natural,102.447410583,57.6128730774,8.6977313454,0,364.051334569,0.375145375729
UBFC_A2_L5_CE_CONCENTRATION_SEED102/Eval_On_COHFACE,COHFACE,prism,COHFACE_s08_session2_natural,1,70.64208984375,72.509765625,correct,70.64208984375,1.0,70.751953125,0.9988889839476578,70.5322265625,0.9986772794973202,72.509765625,0.9999999999999999,72.39990234375,0.9987235313009434,72.61962890625,0.9986611225312371,8_2,8,2,natural,102.447410583,57.6128730774,8.6977313454,0,364.051334569,0.375145375729
UBFC_A2_L5_CE_CONCENTRATION_SEED102/Eval_On_COHFACE,COHFACE,prism,COHFACE_s08_session2_natural,2,71.08154296875,70.0927734375,correct,71.08154296875,1.0,70.9716796875,0.9993066063984738,71.19140625,0.9985160844471149,70.0927734375,0.9999999999999999,69.98291015625,0.9997703352379774,70.20263671875,0.9984235245603457,8_2,8,2,natural,102.447410583,57.6128730774,8.6977313454,0,364.051334569,0.375145375729
UBFC_A2_L5_CE_CONCENTRATION_SEED102/Eval_On_COHFACE,COHFACE,prism,COHFACE_s08_session2_natural,3,67.4560546875,58.0078125,large_error,67.4560546875,1.0,67.56591796875,0.9994547419933342,67.34619140625,0.998210360182421,58.0078125,0.9999999999999998,58.11767578125,0.9998153411168222,57.89794921875,0.9973273107522056,8_2,8,2,natural,102.447410583,57.6128730774,8.6977313454,0,364.051334569,0.375145375729
UBFC_A2_L5_CE_CONCENTRATION_SEED102/Eval_On_COHFACE,COHFACE,prism,COHFACE_s08_session2_natural,4,70.0927734375,69.76318359375,correct,70.0927734375,0.9999999999999999,70.20263671875,0.9994527171024117,69.98291015625,0.9986875660610073,69.76318359375,1.0,69.873046875,0.9995834721335225,69.6533203125,0.9992955061320541,8_2,8,2,natural,102.447410583,57.6128730774,8.6977313454,0,364.051334569,0.375145375729
UBFC_A2_L5_CE_CONCENTRATION_SEED102/Eval_On_COHFACE,COHFACE,prism,COHFACE_s08_session3_natural,0,73.27880859375,60.53466796875,large_error,73.27880859375,1.0,73.388671875,0.9987943958127781,73.1689453125,0.9986315740427464,60.53466796875,1.0,60.4248046875,0.9996249880594781,60.64453125,0.9991197056434838,8_3,8,3,natural,98.8823928833,56.6223754883,9.48116479331,0,327.922666263,0.373319417238
UBFC_A2_L5_CE_CONCENTRATION_SEED102/Eval_On_COHFACE,COHFACE,prism,COHFACE_s08_session3_natural,1,72.7294921875,75.03662109375,correct,72.7294921875,0.9999999999999999,72.83935546875,0.9988056767093227,72.61962890625,0.9984557477663104,75.03662109375,1.0,75.146484375,0.9991334020095093,74.9267578125,0.9986871117189766,8_3,8,3,natural,98.8823928833,56.6223754883,9.48116479331,0,327.922666263,0.373319417238
UBFC_A2_L5_CE_CONCENTRATION_SEED102/Eval_On_COHFACE,COHFACE,prism,COHFACE_s08_session3_natural,2,72.39990234375,74.9267578125,correct,72.39990234375,0.9999999999999999,72.2900390625,0.9998289844242221,72.509765625,0.9980005390497881,74.9267578125,1.0,74.81689453125,0.9998253181112182,75.03662109375,0.9985213162718307,8_3,8,3,natural,98.8823928833,56.6223754883,9.48116479331,0,327.922666263,0.373319417238
UBFC_A2_L5_CE_CONCENTRATION_SEED102/Eval_On_COHFACE,COHFACE,prism,COHFACE_s08_session3_natural,3,70.86181640625,61.41357421875,large_error,70.86181640625,0.9999999999999999,70.9716796875,0.9992014512655801,70.751953125,0.9984774398826264,61.41357421875,1.0,61.5234375,0.999758477752086,61.3037109375,0.9983070598877282,8_3,8,3,natural,98.8823928833,56.6223754883,9.48116479331,0,327.922666263,0.373319417238
UBFC_A2_L5_CE_CONCENTRATION_SEED102/Eval_On_COHFACE,COHFACE,prism,COHFACE_s08_session3_natural,4,68.66455078125,70.9716796875,correct,68.66455078125,1.0,68.5546875,0.9990052718014583,68.7744140625,0.9986514105591274,70.9716796875,1.0,70.86181640625,0.999085498777511,71.08154296875,0.9989318315844773,8_3,8,3,natural,98.8823928833,56.6223754883,9.48116479331,0,327.922666263,0.373319417238
UBFC_A2_L5_CE_CONCENTRATION_SEED102/Eval_On_COHFACE,COHFACE,prism,COHFACE_s09_session0_lamp,0,72.83935546875,71.30126953125,correct,72.83935546875,1.0,72.7294921875,0.9989975059154578,72.94921875,0.9984027461121217,71.30126953125,1.0,71.19140625,0.9993277244545622,71.4111328125,0.9987694799807991,9_0,9,0,lamp,98.8866500854,58.0340652466,7.64947450122,0,294.797655884,0.222339585423
UBFC_A2_L5_CE_CONCENTRATION_SEED102/Eval_On_COHFACE,COHFACE,prism,COHFACE_s09_session0_lamp,1,72.0703125,71.96044921875,correct,72.0703125,1.0,72.18017578125,0.9992596334682543,71.96044921875,0.9985566450357876,71.96044921875,1.0,72.0703125,0.9998297821566975,71.8505859375,0.998230800756315,9_0,9,0,lamp,98.8866500854,58.0340652466,7.64947450122,0,294.797655884,0.222339585423
UBFC_A2_L5_CE_CONCENTRATION_SEED102/Eval_On_COHFACE,COHFACE,prism,COHFACE_s09_session0_lamp,2,72.509765625,71.8505859375,correct,72.509765625,1.0,72.61962890625,0.9994903103734643,72.39990234375,0.9983129013735798,71.8505859375,1.0,71.74072265625,0.9989398491676562,71.96044921875,0.9988136149063043,9_0,9,0,lamp,98.8866500854,58.0340652466,7.64947450122,0,294.797655884,0.222339585423
UBFC_A2_L5_CE_CONCENTRATION_SEED102/Eval_On_COHFACE,COHFACE,prism,COHFACE_s09_session0_lamp,3,73.49853515625,72.2900390625,correct,73.49853515625,1.0,73.388671875,0.9994546958453578,73.6083984375,0.9982807546465063,72.2900390625,1.0,72.18017578125,0.999670118373692,72.39990234375,0.9982930435363118,9_0,9,0,lamp,98.8866500854,58.0340652466,7.64947450122,0,294.797655884,0.222339585423
UBFC_A2_L5_CE_CONCENTRATION_SEED102/Eval_On_COHFACE,COHFACE,prism,COHFACE_s09_session0_lamp,4,74.15771484375,72.94921875,correct,74.15771484375,1.0,74.0478515625,0.9995933043923654,74.267578125,0.9980836995943613,72.94921875,1.0,72.83935546875,0.9991153915699245,73.05908203125,0.9988125323226709,9_0,9,0,lamp,98.8866500854,58.0340652466,7.64947450122,0,294.797655884,0.222339585423
UBFC_A2_L5_CE_CONCENTRATION_SEED102/Eval_On_COHFACE,COHFACE,prism,COHFACE_s09_session1_lamp,0,72.2900390625,71.8505859375,correct,72.2900390625,1.0,72.18017578125,0.9993282886429433,72.39990234375,0.9990746892978548,71.8505859375,1.0,71.96044921875,0.9997759910346828,71.74072265625,0.9981193218735736,9_1,9,1,lamp,93.0397949219,57.0252189636,9.05799007109,0,329.569232004,0.20491759479
UBFC_A2_L5_CE_CONCENTRATION_SEED102/Eval_On_COHFACE,COHFACE,prism,COHFACE_s09_session1_lamp,1,70.0927734375,69.98291015625,correct,70.0927734375,0.9999999999999999,70.20263671875,0.9999647775655833,69.98291015625,0.9990019843639941,69.98291015625,1.0,69.873046875,0.9998961055732847,70.0927734375,0.9980088721094343,9_1,9,1,lamp,93.0397949219,57.0252189636,9.05799007109,0,329.569232004,0.20491759479
UBFC_A2_L5_CE_CONCENTRATION_SEED102/Eval_On_COHFACE,COHFACE,prism,COHFACE_s09_session1_lamp,2,74.9267578125,76.025390625,correct,74.9267578125,1.0,75.03662109375,0.999569288876485,74.81689453125,0.9981859124642631,76.025390625,1.0,76.13525390625,0.9997071049002736,75.91552734375,0.9984347259882363,9_1,9,1,lamp,93.0397949219,57.0252189636,9.05799007109,0,329.569232004,0.20491759479
UBFC_A2_L5_CE_CONCENTRATION_SEED102/Eval_On_COHFACE,COHFACE,prism,COHFACE_s09_session1_lamp,3,72.509765625,71.96044921875,correct,72.509765625,1.0,72.39990234375,0.9996041285282882,72.61962890625,0.9982978666486179,71.96044921875,1.0,72.0703125,0.999777411325537,71.8505859375,0.9983035414338746,9_1,9,1,lamp,93.0397949219,57.0252189636,9.05799007109,0,329.569232004,0.20491759479
UBFC_A2_L5_CE_CONCENTRATION_SEED102/Eval_On_COHFACE,COHFACE,prism,COHFACE_s09_session1_lamp,4,72.0703125,72.7294921875,correct,72.0703125,1.0,72.18017578125,0.9996022799361414,71.96044921875,0.9981859540555845,72.7294921875,1.0,72.61962890625,0.9991236332192048,72.83935546875,0.99893405788669,9_1,9,1,lamp,93.0397949219,57.0252189636,9.05799007109,0,329.569232004,0.20491759479
UBFC_A2_L5_CE_CONCENTRATION_SEED102/Eval_On_COHFACE,COHFACE,prism,COHFACE_s09_session2_natural,0,74.9267578125,65.2587890625,large_error,74.9267578125,0.9999999999999999,75.03662109375,0.9990648318840983,74.81689453125,0.9982369727421883,65.2587890625,0.9999999999999999,65.14892578125,0.998907005777394,65.36865234375,0.9988404981806625,9_2,9,2,natural,82.8581466675,59.0410995483,17.1545251623,0,426.098068913,0.20604903996
UBFC_A2_L5_CE_CONCENTRATION_SEED102/Eval_On_COHFACE,COHFACE,prism,COHFACE_s09_session2_natural,1,73.1689453125,72.94921875,correct,73.1689453125,1.0,73.27880859375,0.9994146699585514,73.05908203125,0.9984181181920702,72.94921875,1.0,73.05908203125,0.9994884583882037,72.83935546875,0.9986456534567356,9_2,9,2,natural,82.8581466675,59.0410995483,17.1545251623,0,426.098068913,0.20604903996
UBFC_A2_L5_CE_CONCENTRATION_SEED102/Eval_On_COHFACE,COHFACE,prism,COHFACE_s09_session2_natural,2,70.42236328125,71.19140625,correct,70.42236328125,1.0,70.3125,0.9999119841317359,70.5322265625,0.9980223596821162,71.19140625,1.0,71.08154296875,0.9995139494656671,71.30126953125,0.9985148323959134,9_2,9,2,natural,82.8581466675,59.0410995483,17.1545251623,0,426.098068913,0.20604903996
UBFC_A2_L5_CE_CONCENTRATION_SEED102/Eval_On_COHFACE,COHFACE,prism,COHFACE_s09_session2_natural,3,68.66455078125,69.32373046875,correct,68.66455078125,1.0,68.5546875,0.9990028433106121,68.7744140625,0.9987225330653174,69.32373046875,1.0,69.2138671875,0.9995568859843559,69.43359375,0.9984211189640505,9_2,9,2,natural,82.8581466675,59.0410995483,17.1545251623,0,426.098068913,0.20604903996
UBFC_A2_L5_CE_CONCENTRATION_SEED102/Eval_On_COHFACE,COHFACE,prism,COHFACE_s09_session2_natural,4,69.2138671875,77.67333984375,large_error,69.2138671875,1.0,69.32373046875,0.9989728427931156,69.10400390625,0.9988679197960989,77.67333984375,0.9999999999999999,77.783203125,0.9999089129006073,77.5634765625,0.9979977643137333,9_2,9,2,natural,82.8581466675,59.0410995483,17.1545251623,0,426.098068913,0.20604903996
UBFC_A2_L5_CE_CONCENTRATION_SEED102/Eval_On_COHFACE,COHFACE,prism,COHFACE_s09_session3_natural,0,68.115234375,67.12646484375,correct,68.115234375,1.0,68.00537109375,0.9995619200968835,68.22509765625,0.9984528997965544,67.12646484375,1.0,67.0166015625,0.9994554391818027,67.236328125,0.9986159836323371,9_3,9,3,natural,102.590057373,65.2493133545,10.4016228805,0.00315765477129,442.87027489,0.188791051507
UBFC_A2_L5_CE_CONCENTRATION_SEED102/Eval_On_COHFACE,COHFACE,prism,COHFACE_s09_session3_natural,1,69.98291015625,69.32373046875,correct,69.98291015625,1.0,69.873046875,0.999965220694107,70.0927734375,0.9979162166912601,69.32373046875,1.0,69.43359375,0.9999668798096,69.2138671875,0.9985546557495875,9_3,9,3,natural,102.590057373,65.2493133545,10.4016228805,0.00315765477129,442.87027489,0.188791051507
UBFC_A2_L5_CE_CONCENTRATION_SEED102/Eval_On_COHFACE,COHFACE,prism,COHFACE_s09_session3_natural,2,72.18017578125,61.19384765625,large_error,72.18017578125,1.0,72.0703125,0.9999723347714529,72.2900390625,0.9978162245226913,61.19384765625,1.0,61.083984375,0.9998514651245557,61.3037109375,0.9980610358026122,9_3,9,3,natural,102.590057373,65.2493133545,10.4016228805,0.00315765477129,442.87027489,0.188791051507
UBFC_A2_L5_CE_CONCENTRATION_SEED102/Eval_On_COHFACE,COHFACE,prism,COHFACE_s09_session3_natural,3,68.994140625,70.20263671875,correct,68.994140625,1.0,68.88427734375,0.9995124468396791,69.10400390625,0.9982800124560297,70.20263671875,0.9999999999999999,70.0927734375,0.9995528478698288,70.3125,0.9980281807830129,9_3,9,3,natural,102.590057373,65.2493133545,10.4016228805,0.00315765477129,442.87027489,0.188791051507
UBFC_A2_L5_CE_CONCENTRATION_SEED102/Eval_On_COHFACE,COHFACE,prism,COHFACE_s09_session3_natural,4,66.90673828125,67.0166015625,correct,66.90673828125,1.0,66.796875,0.9989736597502548,67.0166015625,0.9989531123780824,67.0166015625,1.0,67.12646484375,0.9995021772642033,66.90673828125,0.9987606203219532,9_3,9,3,natural,102.590057373,65.2493133545,10.4016228805,0.00315765477129,442.87027489,0.188791051507
UBFC_A2_L5_CE_CONCENTRATION_SEED102/Eval_On_COHFACE,COHFACE,prism,COHFACE_s10_session0_lamp,0,87.12158203125,89.31884765625,correct,87.12158203125,0.9999999999999998,87.01171875,0.9998140673220889,87.2314453125,0.9980806999366982,89.31884765625,0.9999999999999999,89.4287109375,0.999355787190062,89.208984375,0.9984171798856167,10_0,10,0,lamp,113.185173035,60.061920166,3.37230172918,0,512.401539134,0.263680785894
UBFC_A2_L5_CE_CONCENTRATION_SEED102/Eval_On_COHFACE,COHFACE,prism,COHFACE_s10_session0_lamp,1,89.97802734375,62.1826171875,large_error,89.97802734375,0.9999999999999998,89.8681640625,0.999493725639064,90.087890625,0.9978134732604416,62.1826171875,0.9999999999999998,62.29248046875,0.9989805499328404,62.07275390625,0.9976208337075094,10_0,10,0,lamp,113.185173035,60.061920166,3.37230172918,0,512.401539134,0.263680785894
UBFC_A2_L5_CE_CONCENTRATION_SEED102/Eval_On_COHFACE,COHFACE,prism,COHFACE_s10_session0_lamp,2,82.8369140625,83.16650390625,correct,82.8369140625,1.0,82.72705078125,0.9995784734951215,82.94677734375,0.9986926314540063,83.16650390625,1.0,83.2763671875,0.9990627337203772,83.056640625,0.9988180355199514,10_0,10,0,lamp,113.185173035,60.061920166,3.37230172918,0,512.401539134,0.263680785894
UBFC_A2_L5_CE_CONCENTRATION_SEED102/Eval_On_COHFACE,COHFACE,prism,COHFACE_s10_session0_lamp,3,77.1240234375,74.267578125,correct,77.1240234375,1.0,77.23388671875,0.9999916775968296,77.01416015625,0.9981028242455726,74.267578125,1.0,74.15771484375,0.9997946556559464,74.37744140625,0.9986576984058746,10_0,10,0,lamp,113.185173035,60.061920166,3.37230172918,0,512.401539134,0.263680785894
UBFC_A2_L5_CE_CONCENTRATION_SEED102/Eval_On_COHFACE,COHFACE,prism,COHFACE_s10_session0_lamp,4,76.57470703125,83.60595703125,large_error,76.57470703125,1.0,76.6845703125,0.9999560289603733,76.46484375,0.9977780871265721,83.60595703125,0.9999999999999998,83.7158203125,0.9998265533224039,83.49609375,0.999239759723107,10_0,10,0,lamp,113.185173035,60.061920166,3.37230172918,0,512.401539134,0.263680785894
UBFC_A2_L5_CE_CONCENTRATION_SEED102/Eval_On_COHFACE,COHFACE,prism,COHFACE_s10_session1_lamp,0,87.78076171875,69.43359375,large_error,87.78076171875,1.0,87.6708984375,0.9993675705503368,87.890625,0.9983279561292587,69.43359375,0.9999999999999999,69.54345703125,0.9995596370128149,69.32373046875,0.9978244097898399,10_1,10,1,lamp,118.55796814,60.5635986328,2.81966516948,0,536.058851824,0.234553724527
UBFC_A2_L5_CE_CONCENTRATION_SEED102/Eval_On_COHFACE,COHFACE,prism,COHFACE_s10_session1_lamp,1,89.75830078125,89.4287109375,correct,89.75830078125,0.9999999999999999,89.8681640625,0.999629149250476,89.6484375,0.9981119140603766,89.4287109375,1.0,89.53857421875,0.999575163034875,89.31884765625,0.9987819033760481,10_1,10,1,lamp,118.55796814,60.5635986328,2.81966516948,0,536.058851824,0.234553724527
UBFC_A2_L5_CE_CONCENTRATION_SEED102/Eval_On_COHFACE,COHFACE,prism,COHFACE_s10_session1_lamp,2,87.12158203125,86.7919921875,correct,87.12158203125,1.0,87.01171875,0.999657744518987,87.2314453125,0.9982092263269143,86.7919921875,0.9999999999999999,86.90185546875,0.9994285413933878,86.68212890625,0.9985734568896555,10_1,10,1,lamp,118.55796814,60.5635986328,2.81966516948,0,536.058851824,0.234553724527
UBFC_A2_L5_CE_CONCENTRATION_SEED102/Eval_On_COHFACE,COHFACE,prism,COHFACE_s10_session1_lamp,3,85.4736328125,85.0341796875,correct,85.4736328125,1.0,85.58349609375,0.9999052308566417,85.36376953125,0.9977183501958207,85.0341796875,1.0,85.14404296875,0.9995220790223069,84.92431640625,0.9986528085138289,10_1,10,1,lamp,118.55796814,60.5635986328,2.81966516948,0,536.058851824,0.234553724527
UBFC_A2_L5_CE_CONCENTRATION_SEED102/Eval_On_COHFACE,COHFACE,prism,COHFACE_s10_session1_lamp,4,82.06787109375,83.2763671875,correct,82.06787109375,1.0,82.177734375,0.9995979134435254,81.9580078125,0.9982699564002443,83.2763671875,1.0,83.16650390625,0.9994394283402352,83.38623046875,0.9984124990159675,10_1,10,1,lamp,118.55796814,60.5635986328,2.81966516948,0,536.058851824,0.234553724527
UBFC_A2_L5_CE_CONCENTRATION_SEED102/Eval_On_COHFACE,COHFACE,prism,COHFACE_s10_session2_natural,0,82.72705078125,81.298828125,correct,82.72705078125,1.0,82.6171875,0.9990181747517319,82.8369140625,0.9984573317229517,81.298828125,1.0,81.18896484375,0.9999027086937242,81.40869140625,0.9989363109018529,10_2,10,2,natural,110.702285767,67.4710769653,7.20611771727,0,654.046432598,0.191064342856
UBFC_A2_L5_CE_CONCENTRATION_SEED102/Eval_On_COHFACE,COHFACE,prism,COHFACE_s10_session2_natural,1,81.5185546875,83.7158203125,correct,81.5185546875,1.0,81.40869140625,0.9999520250753353,81.62841796875,0.9979267147201333,83.7158203125,1.0,83.60595703125,0.9994205768320997,83.82568359375,0.9984622039579527,10_2,10,2,natural,110.702285767,67.4710769653,7.20611771727,0,654.046432598,0.191064342856
UBFC_A2_L5_CE_CONCENTRATION_SEED102/Eval_On_COHFACE,COHFACE,prism,COHFACE_s10_session2_natural,2,83.2763671875,82.06787109375,correct,83.2763671875,1.0,83.38623046875,0.9993471088423003,83.16650390625,0.998320291216948,82.06787109375,0.9999999999999999,81.9580078125,0.9990830917681908,82.177734375,0.9983794033285835,10_2,10,2,natural,110.702285767,67.4710769653,7.20611771727,0,654.046432598,0.191064342856
UBFC_A2_L5_CE_CONCENTRATION_SEED102/Eval_On_COHFACE,COHFACE,prism,COHFACE_s10_session2_natural,3,86.1328125,86.68212890625,correct,86.1328125,1.0,86.24267578125,0.9989589774967769,86.02294921875,0.9987892976842255,86.68212890625,1.0,86.572265625,0.9995860395284657,86.7919921875,0.9984927708960808,10_2,10,2,natural,110.702285767,67.4710769653,7.20611771727,0,654.046432598,0.191064342856
UBFC_A2_L5_CE_CONCENTRATION_SEED102/Eval_On_COHFACE,COHFACE,prism,COHFACE_s10_session2_natural,4,82.28759765625,82.8369140625,correct,82.28759765625,1.0,82.177734375,0.9999573296672771,82.3974609375,0.997921826130461,82.8369140625,1.0,82.72705078125,0.9995364958061876,82.94677734375,0.9987578281808135,10_2,10,2,natural,110.702285767,67.4710769653,7.20611771727,0,654.046432598,0.191064342856
UBFC_A2_L5_CE_CONCENTRATION_SEED102/Eval_On_COHFACE,COHFACE,prism,COHFACE_s10_session3_natural,0,84.04541015625,83.935546875,correct,84.04541015625,1.0,84.1552734375,0.999361518781968,83.935546875,0.998500296192042,83.935546875,1.0,84.04541015625,0.9998211180692514,83.82568359375,0.9983088676421107,10_3,10,3,natural,108.201499939,67.31665802,8.01654032853,0,638.791926248,0.207592114806
UBFC_A2_L5_CE_CONCENTRATION_SEED102/Eval_On_COHFACE,COHFACE,prism,COHFACE_s10_session3_natural,1,81.298828125,83.60595703125,correct,81.298828125,1.0,81.18896484375,0.9999287505334299,81.40869140625,0.9979926857708712,83.60595703125,1.0,83.7158203125,0.9997145195303831,83.49609375,0.9982432063122798,10_3,10,3,natural,108.201499939,67.31665802,8.01654032853,0,638.791926248,0.207592114806
UBFC_A2_L5_CE_CONCENTRATION_SEED102/Eval_On_COHFACE,COHFACE,prism,COHFACE_s10_session3_natural,2,81.298828125,83.60595703125,correct,81.298828125,1.0,81.40869140625,0.9996349180164524,81.18896484375,0.998078011118261,83.60595703125,1.0,83.49609375,0.9994463831948082,83.7158203125,0.9986660849452726,10_3,10,3,natural,108.201499939,67.31665802,8.01654032853,0,638.791926248,0.207592114806
UBFC_A2_L5_CE_CONCENTRATION_SEED102/Eval_On_COHFACE,COHFACE,prism,COHFACE_s10_session3_natural,3,80.859375,55.48095703125,large_error,80.859375,1.0,80.96923828125,0.9991903678338827,80.74951171875,0.9986630718543905,55.48095703125,0.9999999999999999,55.37109375,0.9992425838267219,55.5908203125,0.9983824476042734,10_3,10,3,natural,108.201499939,67.31665802,8.01654032853,0,638.791926248,0.207592114806
UBFC_A2_L5_CE_CONCENTRATION_SEED102/Eval_On_COHFACE,COHFACE,prism,COHFACE_s10_session3_natural,4,78.77197265625,89.31884765625,large_error,78.77197265625,1.0,78.8818359375,0.9989962031932859,78.662109375,0.9987230466178463,89.31884765625,1.0,89.4287109375,0.9995142658409539,89.208984375,0.998856867225146,10_3,10,3,natural,108.201499939,67.31665802,8.01654032853,0,638.791926248,0.207592114806
UBFC_A2_L5_CE_CONCENTRATION_SEED102/Eval_On_COHFACE,COHFACE,prism,COHFACE_s11_session0_lamp,0,64.8193359375,66.357421875,correct,64.8193359375,1.0,64.92919921875,0.9998681549302947,64.70947265625,0.9974633056472259,66.357421875,1.0,66.46728515625,0.9990906834659113,66.24755859375,0.9990204009708771,11_0,11,0,lamp,107.472618103,43.2166023254,2.35593715009,0,363.437528556,0.121800735593
UBFC_A2_L5_CE_CONCENTRATION_SEED102/Eval_On_COHFACE,COHFACE,prism,COHFACE_s11_session0_lamp,1,63.0615234375,64.599609375,correct,63.0615234375,1.0,62.95166015625,0.9990882357876623,63.17138671875,0.9986772496445993,64.599609375,1.0,64.48974609375,0.9990904167645389,64.70947265625,0.998797323133207,11_0,11,0,lamp,107.472618103,43.2166023254,2.35593715009,0,363.437528556,0.121800735593
UBFC_A2_L5_CE_CONCENTRATION_SEED102/Eval_On_COHFACE,COHFACE,prism,COHFACE_s11_session0_lamp,2,62.73193359375,63.720703125,correct,62.73193359375,1.0,62.841796875,0.9991491215759051,62.6220703125,0.9986548312007673,63.720703125,1.0,63.83056640625,0.9995747801933651,63.61083984375,0.9986412384631869,11_0,11,0,lamp,107.472618103,43.2166023254,2.35593715009,0,363.437528556,0.121800735593
UBFC_A2_L5_CE_CONCENTRATION_SEED102/Eval_On_COHFACE,COHFACE,prism,COHFACE_s11_session0_lamp,3,65.14892578125,66.1376953125,correct,65.14892578125,1.0,65.2587890625,0.9997515790638193,65.0390625,0.9979327511921953,66.1376953125,1.0,66.02783203125,0.999683510160306,66.24755859375,0.99834571980246,11_0,11,0,lamp,107.472618103,43.2166023254,2.35593715009,0,363.437528556,0.121800735593
UBFC_A2_L5_CE_CONCENTRATION_SEED102/Eval_On_COHFACE,COHFACE,prism,COHFACE_s11_session0_lamp,4,64.16015625,65.14892578125,correct,64.16015625,1.0,64.05029296875,0.999086820797754,64.27001953125,0.9987758539073216,65.14892578125,1.0,65.2587890625,0.999045384775809,65.0390625,0.9987661507080188,11_0,11,0,lamp,107.472618103,43.2166023254,2.35593715009,0,363.437528556,0.121800735593
UBFC_A2_L5_CE_CONCENTRATION_SEED102/Eval_On_COHFACE,COHFACE,prism,COHFACE_s11_session1_lamp,0,67.78564453125,65.80810546875,correct,67.78564453125,0.9999999999999998,67.8955078125,0.999846219648925,67.67578125,0.9983853066080225,65.80810546875,1.0,65.91796875,0.9995179085063375,65.6982421875,0.9985218307785773,11_1,11,1,lamp,113.896270752,54.4633026123,2.87760545027,0,441.514521296,0.221539661288
UBFC_A2_L5_CE_CONCENTRATION_SEED102/Eval_On_COHFACE,COHFACE,prism,COHFACE_s11_session1_lamp,1,65.0390625,66.02783203125,correct,65.0390625,0.9999999999999999,65.14892578125,0.9996476736445795,64.92919921875,0.9986089771941744,66.02783203125,1.0,65.91796875,0.9993235023911646,66.1376953125,0.9986773741186882,11_1,11,1,lamp,113.896270752,54.4633026123,2.87760545027,0,441.514521296,0.221539661288
UBFC_A2_L5_CE_CONCENTRATION_SEED102/Eval_On_COHFACE,COHFACE,prism,COHFACE_s11_session1_lamp,2,66.68701171875,65.91796875,correct,66.68701171875,0.9999999999999999,66.796875,0.9996877521830327,66.5771484375,0.9986570592843407,65.91796875,1.0,66.02783203125,0.9998978326368722,65.80810546875,0.9984261265353603,11_1,11,1,lamp,113.896270752,54.4633026123,2.87760545027,0,441.514521296,0.221539661288
UBFC_A2_L5_CE_CONCENTRATION_SEED102/Eval_On_COHFACE,COHFACE,prism,COHFACE_s11_session1_lamp,3,65.0390625,65.478515625,correct,65.0390625,0.9999999999999999,64.92919921875,0.9998355759128309,65.14892578125,0.9979228640249865,65.478515625,1.0,65.36865234375,0.9996595325973535,65.58837890625,0.9985635076951352,11_1,11,1,lamp,113.896270752,54.4633026123,2.87760545027,0,441.514521296,0.221539661288
UBFC_A2_L5_CE_CONCENTRATION_SEED102/Eval_On_COHFACE,COHFACE,prism,COHFACE_s11_session1_lamp,4,65.0390625,65.91796875,correct,65.0390625,0.9999999999999999,65.14892578125,0.999331583332029,64.92919921875,0.9985092007913662,65.91796875,1.0,65.80810546875,0.9995171291809434,66.02783203125,0.9982617471950087,11_1,11,1,lamp,113.896270752,54.4633026123,2.87760545027,0,441.514521296,0.221539661288
UBFC_A2_L5_CE_CONCENTRATION_SEED102/Eval_On_COHFACE,COHFACE,prism,COHFACE_s11_session2_natural,0,70.5322265625,71.4111328125,correct,70.5322265625,1.0,70.42236328125,0.9992974121230288,70.64208984375,0.9978903626072161,71.4111328125,1.0,71.30126953125,0.9994412067493886,71.52099609375,0.9991448243222466,11_2,11,2,natural,95.4377822876,54.6704978943,10.3017999606,0,611.605302561,0.211130872369
UBFC_A2_L5_CE_CONCENTRATION_SEED102/Eval_On_COHFACE,COHFACE,prism,COHFACE_s11_session2_natural,1,68.66455078125,70.42236328125,correct,68.66455078125,0.9999999999999999,68.5546875,0.9989525015847409,68.7744140625,0.9988559421574494,70.42236328125,1.0,70.5322265625,0.9992453673256271,70.3125,0.9988518244455694,11_2,11,2,natural,95.4377822876,54.6704978943,10.3017999606,0,611.605302561,0.211130872369
UBFC_A2_L5_CE_CONCENTRATION_SEED102/Eval_On_COHFACE,COHFACE,prism,COHFACE_s11_session2_natural,2,67.78564453125,68.5546875,correct,67.78564453125,0.9999999999999999,67.8955078125,0.9997948644222199,67.67578125,0.9979332927426116,68.5546875,1.0,68.44482421875,0.9997570450775909,68.66455078125,0.9984034768444753,11_2,11,2,natural,95.4377822876,54.6704978943,10.3017999606,0,611.605302561,0.211130872369
UBFC_A2_L5_CE_CONCENTRATION_SEED102/Eval_On_COHFACE,COHFACE,prism,COHFACE_s11_session2_natural,3,71.19140625,73.27880859375,correct,71.19140625,0.9999999999999999,71.30126953125,0.9989961359454927,71.08154296875,0.9988756820174344,73.27880859375,1.0,73.1689453125,0.9998552983924289,73.388671875,0.9980936250763021,11_2,11,2,natural,95.4377822876,54.6704978943,10.3017999606,0,611.605302561,0.211130872369
UBFC_A2_L5_CE_CONCENTRATION_SEED102/Eval_On_COHFACE,COHFACE,prism,COHFACE_s11_session2_natural,4,68.22509765625,67.0166015625,correct,68.22509765625,1.0,68.3349609375,0.9995583324603886,68.115234375,0.9983067023172899,67.0166015625,1.0,67.12646484375,0.9993970492287892,66.90673828125,0.9986661751431799,11_2,11,2,natural,95.4377822876,54.6704978943,10.3017999606,0,611.605302561,0.211130872369
UBFC_A2_L5_CE_CONCENTRATION_SEED102/Eval_On_COHFACE,COHFACE,prism,COHFACE_s11_session3_natural,0,74.0478515625,71.8505859375,correct,74.0478515625,0.9999999999999999,73.93798828125,0.9988645081546011,74.15771484375,0.9986035343700764,71.8505859375,1.0,71.74072265625,0.9996556272398262,71.96044921875,0.9982728154240078,11_3,11,3,natural,111.595146179,61.4682807922,4.49509014912,0,588.71924067,0.234276145697
UBFC_A2_L5_CE_CONCENTRATION_SEED102/Eval_On_COHFACE,COHFACE,prism,COHFACE_s11_session3_natural,1,71.96044921875,71.630859375,correct,71.96044921875,0.9999999999999999,72.0703125,0.9992627229760657,71.8505859375,0.9985402720301888,71.630859375,1.0,71.74072265625,0.9990767886937899,71.52099609375,0.9990331452513994,11_3,11,3,natural,111.595146179,61.4682807922,4.49509014912,0,588.71924067,0.234276145697
UBFC_A2_L5_CE_CONCENTRATION_SEED102/Eval_On_COHFACE,COHFACE,prism,COHFACE_s11_session3_natural,2,66.796875,66.46728515625,correct,66.796875,0.9999999999999999,66.90673828125,0.9993975957129746,66.68701171875,0.9982735302671852,66.46728515625,1.0,66.357421875,0.9992916233532846,66.5771484375,0.9986869876712422,11_3,11,3,natural,111.595146179,61.4682807922,4.49509014912,0,588.71924067,0.234276145697
UBFC_A2_L5_CE_CONCENTRATION_SEED102/Eval_On_COHFACE,COHFACE,prism,COHFACE_s11_session3_natural,3,65.58837890625,66.90673828125,correct,65.58837890625,0.9999999999999999,65.6982421875,0.999187230716233,65.478515625,0.9990639502444387,66.90673828125,1.0,67.0166015625,0.999610627279829,66.796875,0.9983276309996951,11_3,11,3,natural,111.595146179,61.4682807922,4.49509014912,0,588.71924067,0.234276145697
UBFC_A2_L5_CE_CONCENTRATION_SEED102/Eval_On_COHFACE,COHFACE,prism,COHFACE_s11_session3_natural,4,68.115234375,68.5546875,correct,68.115234375,1.0,68.22509765625,0.9995613795645819,68.00537109375,0.9984765167508411,68.5546875,1.0,68.44482421875,0.9996404826570754,68.66455078125,0.9986238786023354,11_3,11,3,natural,111.595146179,61.4682807922,4.49509014912,0,588.71924067,0.234276145697
UBFC_A2_L5_CE_CONCENTRATION_SEED102/Eval_On_COHFACE,COHFACE,prism,COHFACE_s12_session0_lamp,0,53.06396484375,53.28369140625,correct,53.06396484375,1.0,52.9541015625,0.999775104088506,53.173828125,0.9974675287294403,53.28369140625,1.0,53.3935546875,0.9994863848660859,53.173828125,0.9987395496650573,12_0,12,0,lamp,95.4115142822,56.5404777527,5.67578197231,0,416.713745713,0.217833206058
UBFC_A2_L5_CE_CONCENTRATION_SEED102/Eval_On_COHFACE,COHFACE,prism,COHFACE_s12_session0_lamp,1,53.94287109375,54.16259765625,correct,53.94287109375,0.9999999999999999,53.8330078125,0.999085195548331,54.052734375,0.9986994780364151,54.16259765625,0.9999999999999999,54.2724609375,0.999224094915371,54.052734375,0.9985046660069712,12_0,12,0,lamp,95.4115142822,56.5404777527,5.67578197231,0,416.713745713,0.217833206058
UBFC_A2_L5_CE_CONCENTRATION_SEED102/Eval_On_COHFACE,COHFACE,prism,COHFACE_s12_session0_lamp,2,55.04150390625,54.2724609375,correct,55.04150390625,1.0,55.1513671875,0.9989085498690602,54.931640625,0.9988995296069748,54.2724609375,1.0,54.38232421875,0.9994598191683723,54.16259765625,0.9989153047197754,12_0,12,0,lamp,95.4115142822,56.5404777527,5.67578197231,0,416.713745713,0.217833206058
UBFC_A2_L5_CE_CONCENTRATION_SEED102/Eval_On_COHFACE,COHFACE,prism,COHFACE_s12_session0_lamp,3,54.60205078125,56.57958984375,correct,54.60205078125,1.0,54.7119140625,0.9990697011988123,54.4921875,0.998683397906529,56.57958984375,1.0,56.4697265625,0.9997500321275811,56.689453125,0.9990197720614834,12_0,12,0,lamp,95.4115142822,56.5404777527,5.67578197231,0,416.713745713,0.217833206058
UBFC_A2_L5_CE_CONCENTRATION_SEED102/Eval_On_COHFACE,COHFACE,prism,COHFACE_s12_session0_lamp,4,55.04150390625,53.72314453125,correct,55.04150390625,1.0,55.1513671875,0.9994341176068288,54.931640625,0.9982949143136408,53.72314453125,1.0,53.8330078125,0.9991997081122101,53.61328125,0.9987121672434841,12_0,12,0,lamp,95.4115142822,56.5404777527,5.67578197231,0,416.713745713,0.217833206058
UBFC_A2_L5_CE_CONCENTRATION_SEED102/Eval_On_COHFACE,COHFACE,prism,COHFACE_s12_session0_lamp,5,56.0302734375,54.82177734375,correct,56.0302734375,1.0,56.14013671875,0.9991536337905755,55.92041015625,0.9988658106509779,54.82177734375,1.0,54.7119140625,0.999646623769349,54.931640625,0.9984738333894772,12_0,12,0,lamp,95.4115142822,56.5404777527,5.67578197231,0,416.713745713,0.217833206058
UBFC_A2_L5_CE_CONCENTRATION_SEED102/Eval_On_COHFACE,COHFACE,prism,COHFACE_s12_session0_lamp,6,56.0302734375,55.48095703125,correct,56.0302734375,1.0,56.14013671875,0.9991977324147823,55.92041015625,0.9987087605841707,55.48095703125,0.9999999999999999,55.5908203125,0.9992075192898552,55.37109375,0.9989285332836086,12_0,12,0,lamp,95.4115142822,56.5404777527,5.67578197231,0,416.713745713,0.217833206058
UBFC_A2_L5_CE_CONCENTRATION_SEED102/Eval_On_COHFACE,COHFACE,prism,COHFACE_s12_session1_lamp,0,55.1513671875,54.38232421875,correct,55.1513671875,1.0,55.26123046875,0.9992378620687149,55.04150390625,0.9981878593554397,54.38232421875,1.0,54.2724609375,0.9995256022542509,54.4921875,0.9988106039049085,12_1,12,1,lamp,100.981971741,60.5844612122,4.55094879749,0,444.39265438,0.228205561638
UBFC_A2_L5_CE_CONCENTRATION_SEED102/Eval_On_COHFACE,COHFACE,prism,COHFACE_s12_session1_lamp,1,54.931640625,54.38232421875,correct,54.931640625,1.0,54.82177734375,0.9999671925052573,55.04150390625,0.99782844036728,54.38232421875,1.0,54.2724609375,0.9994851738688196,54.4921875,0.9986891935626759,12_1,12,1,lamp,100.981971741,60.5844612122,4.55094879749,0,444.39265438,0.228205561638
UBFC_A2_L5_CE_CONCENTRATION_SEED102/Eval_On_COHFACE,COHFACE,prism,COHFACE_s12_session1_lamp,2,55.04150390625,55.37109375,correct,55.04150390625,1.0,54.931640625,0.9996407442890473,55.1513671875,0.9980715614225514,55.37109375,1.0,55.26123046875,0.9999235388727916,55.48095703125,0.9983476207804579,12_1,12,1,lamp,100.981971741,60.5844612122,4.55094879749,0,444.39265438,0.228205561638
UBFC_A2_L5_CE_CONCENTRATION_SEED102/Eval_On_COHFACE,COHFACE,prism,COHFACE_s12_session1_lamp,3,59.326171875,58.99658203125,correct,59.326171875,1.0,59.21630859375,0.9996532736010668,59.43603515625,0.9980771923824027,58.99658203125,1.0,59.1064453125,0.9989141885578612,58.88671875,0.9988920382841047,12_1,12,1,lamp,100.981971741,60.5844612122,4.55094879749,0,444.39265438,0.228205561638
UBFC_A2_L5_CE_CONCENTRATION_SEED102/Eval_On_COHFACE,COHFACE,prism,COHFACE_s12_session1_lamp,4,56.14013671875,56.35986328125,correct,56.14013671875,1.0,56.25,0.9998284887555791,56.0302734375,0.9981798384309041,56.35986328125,1.0,56.25,0.9999718442291919,56.4697265625,0.9987763872363489,12_1,12,1,lamp,100.981971741,60.5844612122,4.55094879749,0,444.39265438,0.228205561638
UBFC_A2_L5_CE_CONCENTRATION_SEED102/Eval_On_COHFACE,COHFACE,prism,COHFACE_s12_session2_natural,0,54.38232421875,54.931640625,correct,54.38232421875,1.0,54.4921875,0.9991080236591403,54.2724609375,0.9987400095493745,54.931640625,1.0,54.82177734375,0.999844135164083,55.04150390625,0.9984284609126044,12_2,12,2,natural,96.23853302,65.4911804199,13.3043940763,0,629.900040468,0.209564700723
UBFC_A2_L5_CE_CONCENTRATION_SEED102/Eval_On_COHFACE,COHFACE,prism,COHFACE_s12_session2_natural,1,53.61328125,53.61328125,correct,53.61328125,1.0,53.72314453125,0.9992682808497694,53.50341796875,0.9985975466723276,53.61328125,1.0,53.50341796875,0.9997275932121503,53.72314453125,0.9981655465671022,12_2,12,2,natural,96.23853302,65.4911804199,13.3043940763,0,629.900040468,0.209564700723
UBFC_A2_L5_CE_CONCENTRATION_SEED102/Eval_On_COHFACE,COHFACE,prism,COHFACE_s12_session2_natural,2,53.173828125,52.9541015625,correct,53.173828125,1.0,53.28369140625,0.9998885933113558,53.06396484375,0.998007811066218,52.9541015625,1.0,53.06396484375,0.9999647775580688,52.84423828125,0.9978984312429144,12_2,12,2,natural,96.23853302,65.4911804199,13.3043940763,0,629.900040468,0.209564700723
UBFC_A2_L5_CE_CONCENTRATION_SEED102/Eval_On_COHFACE,COHFACE,prism,COHFACE_s12_session2_natural,3,52.84423828125,56.4697265625,correct,52.84423828125,1.0,52.9541015625,0.9999002192778651,52.734375,0.9978254374447006,56.4697265625,0.9999999999999999,56.35986328125,0.9999352896678408,56.57958984375,0.9996085708615371,12_2,12,2,natural,96.23853302,65.4911804199,13.3043940763,0,629.900040468,0.209564700723
UBFC_A2_L5_CE_CONCENTRATION_SEED102/Eval_On_COHFACE,COHFACE,prism,COHFACE_s12_session2_natural,4,54.052734375,54.60205078125,correct,54.052734375,1.0,54.16259765625,0.9997486534682523,53.94287109375,0.9982677213301225,54.60205078125,1.0,54.7119140625,0.9997397121759433,54.4921875,0.9984692902833792,12_2,12,2,natural,96.23853302,65.4911804199,13.3043940763,0,629.900040468,0.209564700723
UBFC_A2_L5_CE_CONCENTRATION_SEED102/Eval_On_COHFACE,COHFACE,prism,COHFACE_s12_session2_natural,5,54.2724609375,54.82177734375,correct,54.2724609375,1.0,54.16259765625,0.99966087545266,54.38232421875,0.9980705005333137,54.82177734375,1.0,54.931640625,0.9996257538428287,54.7119140625,0.9986296483193335,12_2,12,2,natural,96.23853302,65.4911804199,13.3043940763,0,629.900040468,0.209564700723
UBFC_A2_L5_CE_CONCENTRATION_SEED102/Eval_On_COHFACE,COHFACE,prism,COHFACE_s12_session3_natural,0,56.689453125,57.01904296875,correct,56.689453125,1.0,56.57958984375,0.9996247875091057,56.79931640625,0.9983442017009144,57.01904296875,0.9999999999999999,56.9091796875,0.9995644981374148,57.12890625,0.999136574653612,12_3,12,3,natural,95.2584533691,66.2590179443,13.2389599451,0,498.146925022,0.206279546022
UBFC_A2_L5_CE_CONCENTRATION_SEED102/Eval_On_COHFACE,COHFACE,prism,COHFACE_s12_session3_natural,1,55.70068359375,54.7119140625,correct,55.70068359375,1.0,55.810546875,0.9989607163109098,55.5908203125,0.9986920672879879,54.7119140625,1.0,54.60205078125,0.9991204658745394,54.82177734375,0.9987558152951622,12_3,12,3,natural,95.2584533691,66.2590179443,13.2389599451,0,498.146925022,0.206279546022
UBFC_A2_L5_CE_CONCENTRATION_SEED102/Eval_On_COHFACE,COHFACE,prism,COHFACE_s12_session3_natural,2,55.37109375,65.0390625,large_error,55.37109375,1.0,55.48095703125,0.9994277056974809,55.26123046875,0.9988058268985939,65.0390625,1.0,65.14892578125,0.999722728287526,64.92919921875,0.9980780462514838,12_3,12,3,natural,95.2584533691,66.2590179443,13.2389599451,0,498.146925022,0.206279546022
UBFC_A2_L5_CE_CONCENTRATION_SEED102/Eval_On_COHFACE,COHFACE,prism,COHFACE_s12_session3_natural,3,55.810546875,54.7119140625,correct,55.810546875,1.0,55.70068359375,0.9999230036651745,55.92041015625,0.997644463178637,54.7119140625,0.9999999999999998,54.82177734375,0.9999680730677616,54.60205078125,0.9983753966935283,12_3,12,3,natural,95.2584533691,66.2590179443,13.2389599451,0,498.146925022,0.206279546022
UBFC_A2_L5_CE_CONCENTRATION_SEED102/Eval_On_COHFACE,COHFACE,prism,COHFACE_s12_session3_natural,4,54.7119140625,54.16259765625,correct,54.7119140625,1.0,54.82177734375,0.9996492245964267,54.60205078125,0.9982092912178233,54.16259765625,1.0,54.052734375,0.9998515844515299,54.2724609375,0.9979986602464634,12_3,12,3,natural,95.2584533691,66.2590179443,13.2389599451,0,498.146925022,0.206279546022
UBFC_A2_L5_CE_CONCENTRATION_SEED102/Eval_On_COHFACE,COHFACE,prism,COHFACE_s13_session0_lamp,0,62.95166015625,66.68701171875,correct,62.95166015625,0.9999999999999998,63.0615234375,0.9989959731379726,62.841796875,0.998317937184196,66.68701171875,1.0,66.796875,0.999401233600386,66.5771484375,0.9989771370637559,13_0,13,0,lamp,106.943191528,67.5407791138,4.82373206444,0,473.3595202,0.233900874853
UBFC_A2_L5_CE_CONCENTRATION_SEED102/Eval_On_COHFACE,COHFACE,prism,COHFACE_s13_session0_lamp,1,65.478515625,73.49853515625,large_error,65.478515625,0.9999999999999999,65.58837890625,0.9990430076887433,65.36865234375,0.9988804316198051,73.49853515625,0.9999999999999999,73.388671875,0.9992444592790615,73.6083984375,0.9981823324109858,13_0,13,0,lamp,106.943191528,67.5407791138,4.82373206444,0,473.3595202,0.233900874853
UBFC_A2_L5_CE_CONCENTRATION_SEED102/Eval_On_COHFACE,COHFACE,prism,COHFACE_s13_session0_lamp,2,67.4560546875,66.90673828125,correct,67.4560546875,1.0,67.34619140625,0.9997194655379784,67.56591796875,0.9982278620573498,66.90673828125,1.0,66.796875,0.9993162006721796,67.0166015625,0.9986069147845155,13_0,13,0,lamp,106.943191528,67.5407791138,4.82373206444,0,473.3595202,0.233900874853
UBFC_A2_L5_CE_CONCENTRATION_SEED102/Eval_On_COHFACE,COHFACE,prism,COHFACE_s13_session0_lamp,3,67.0166015625,68.3349609375,correct,67.0166015625,1.0,67.12646484375,0.9994807962334087,66.90673828125,0.9986684551995348,68.3349609375,0.9999999999999999,68.44482421875,0.9997172775696267,68.22509765625,0.9986222979615194,13_0,13,0,lamp,106.943191528,67.5407791138,4.82373206444,0,473.3595202,0.233900874853
UBFC_A2_L5_CE_CONCENTRATION_SEED102/Eval_On_COHFACE,COHFACE,prism,COHFACE_s13_session0_lamp,4,65.36865234375,67.56591796875,correct,65.36865234375,0.9999999999999999,65.478515625,0.9995638913452284,65.2587890625,0.9980520753674033,67.56591796875,1.0,67.67578125,0.9999006300603633,67.4560546875,0.998188790414711,13_0,13,0,lamp,106.943191528,67.5407791138,4.82373206444,0,473.3595202,0.233900874853
UBFC_A2_L5_CE_CONCENTRATION_SEED102/Eval_On_COHFACE,COHFACE,prism,COHFACE_s13_session1_lamp,0,68.3349609375,66.357421875,correct,68.3349609375,0.9999999999999999,68.22509765625,0.9988614482530108,68.44482421875,0.9987399738044629,66.357421875,0.9999999999999999,66.46728515625,0.9997160470740851,66.24755859375,0.9986032407036227,13_1,13,1,lamp,106.510726929,67.8572616577,4.70386219335,0,436.07456503,0.224906593561
UBFC_A2_L5_CE_CONCENTRATION_SEED102/Eval_On_COHFACE,COHFACE,prism,COHFACE_s13_session1_lamp,1,66.46728515625,65.80810546875,correct,66.46728515625,1.0,66.5771484375,0.9989348373060002,66.357421875,0.9988469218333532,65.80810546875,1.0,65.6982421875,0.9997214555101418,65.91796875,0.9981142012393355,13_1,13,1,lamp,106.510726929,67.8572616577,4.70386219335,0,436.07456503,0.224906593561
UBFC_A2_L5_CE_CONCENTRATION_SEED102/Eval_On_COHFACE,COHFACE,prism,COHFACE_s13_session1_lamp,2,64.05029296875,65.14892578125,correct,64.05029296875,1.0,63.9404296875,0.9990082785360586,64.16015625,0.9989467867604591,65.14892578125,1.0,65.0390625,0.9997737425084443,65.2587890625,0.9980310073247584,13_1,13,1,lamp,106.510726929,67.8572616577,4.70386219335,0,436.07456503,0.224906593561
UBFC_A2_L5_CE_CONCENTRATION_SEED102/Eval_On_COHFACE,COHFACE,prism,COHFACE_s13_session1_lamp,3,64.8193359375,72.61962890625,large_error,64.8193359375,0.9999999999999999,64.92919921875,0.999091014715623,64.70947265625,0.9989007384433093,72.61962890625,0.9999999999999999,72.7294921875,0.9987747141005215,72.509765625,0.9984932838229056,13_1,13,1,lamp,106.510726929,67.8572616577,4.70386219335,0,436.07456503,0.224906593561
UBFC_A2_L5_CE_CONCENTRATION_SEED102/Eval_On_COHFACE,COHFACE,prism,COHFACE_s13_session1_lamp,4,67.34619140625,66.24755859375,correct,67.34619140625,0.9999999999999998,67.4560546875,0.9995762570874177,67.236328125,0.9986126776550556,66.24755859375,1.0,66.1376953125,0.9990081329245896,66.357421875,0.998661143748224,13_1,13,1,lamp,106.510726929,67.8572616577,4.70386219335,0,436.07456503,0.224906593561
UBFC_A2_L5_CE_CONCENTRATION_SEED102/Eval_On_COHFACE,COHFACE,prism,COHFACE_s13_session2_natural,0,63.83056640625,66.68701171875,correct,63.83056640625,0.9999999999999999,63.720703125,0.9992413677231017,63.9404296875,0.9980736008895067,66.68701171875,1.0,66.5771484375,0.9988730411523591,66.796875,0.9987855831066134,13_2,13,2,natural,109.732002258,75.1510238647,9.10336411651,0.347370503416,620.403280246,0.217493340373
UBFC_A2_L5_CE_CONCENTRATION_SEED102/Eval_On_COHFACE,COHFACE,prism,COHFACE_s13_session2_natural,1,68.994140625,68.3349609375,correct,68.994140625,0.9999999999999999,69.10400390625,0.9999697478432077,68.88427734375,0.9978453205958415,68.3349609375,1.0,68.44482421875,0.9999050615047252,68.22509765625,0.9983021080323075,13_2,13,2,natural,109.732002258,75.1510238647,9.10336411651,0.347370503416,620.403280246,0.217493340373
UBFC_A2_L5_CE_CONCENTRATION_SEED102/Eval_On_COHFACE,COHFACE,prism,COHFACE_s13_session2_natural,2,69.98291015625,71.96044921875,correct,69.98291015625,1.0,69.873046875,0.9995203830481059,70.0927734375,0.9982712705894934,71.96044921875,0.9999999999999999,72.0703125,0.9998214531309092,71.8505859375,0.9990574782649554,13_2,13,2,natural,109.732002258,75.1510238647,9.10336411651,0.347370503416,620.403280246,0.217493340373
UBFC_A2_L5_CE_CONCENTRATION_SEED102/Eval_On_COHFACE,COHFACE,prism,COHFACE_s13_session2_natural,3,68.22509765625,67.34619140625,correct,68.22509765625,1.0,68.115234375,0.9996473619041045,68.3349609375,0.9982653245279712,67.34619140625,1.0,67.236328125,0.9990826475791188,67.4560546875,0.9990586177087423,13_2,13,2,natural,109.732002258,75.1510238647,9.10336411651,0.347370503416,620.403280246,0.217493340373
UBFC_A2_L5_CE_CONCENTRATION_SEED102/Eval_On_COHFACE,COHFACE,prism,COHFACE_s13_session2_natural,4,67.12646484375,66.24755859375,correct,67.12646484375,1.0,67.236328125,0.999618949451771,67.0166015625,0.9982213912388022,66.24755859375,1.0,66.1376953125,0.999951621335423,66.357421875,0.998036578210248,13_2,13,2,natural,109.732002258,75.1510238647,9.10336411651,0.347370503416,620.403280246,0.217493340373
UBFC_A2_L5_CE_CONCENTRATION_SEED102/Eval_On_COHFACE,COHFACE,prism,COHFACE_s13_session3_natural,0,70.0927734375,76.904296875,large_error,70.0927734375,0.9999999999999999,70.20263671875,0.9997479746742197,69.98291015625,0.9967378704543857,76.904296875,1.0,77.01416015625,0.9991344256460274,76.79443359375,0.9991273476326279,13_3,13,3,natural,103.502372742,74.2231674194,12.5564624898,0.0299807868485,456.900207478,0.214032277465
UBFC_A2_L5_CE_CONCENTRATION_SEED102/Eval_On_COHFACE,COHFACE,prism,COHFACE_s13_session3_natural,1,69.32373046875,71.4111328125,correct,69.32373046875,1.0,69.43359375,0.9999442279252547,69.2138671875,0.9980368216395347,71.4111328125,0.9999999999999999,71.52099609375,0.9988884031369105,71.30126953125,0.9987590879170813,13_3,13,3,natural,103.502372742,74.2231674194,12.5564624898,0.0299807868485,456.900207478,0.214032277465
UBFC_A2_L5_CE_CONCENTRATION_SEED102/Eval_On_COHFACE,COHFACE,prism,COHFACE_s13_session3_natural,2,67.56591796875,67.8955078125,correct,67.56591796875,0.9999999999999999,67.4560546875,0.9992025899186897,67.67578125,0.9986301511900821,67.8955078125,1.0,68.00537109375,0.9994064474955504,67.78564453125,0.9983984853850143,13_3,13,3,natural,103.502372742,74.2231674194,12.5564624898,0.0299807868485,456.900207478,0.214032277465
UBFC_A2_L5_CE_CONCENTRATION_SEED102/Eval_On_COHFACE,COHFACE,prism,COHFACE_s13_session3_natural,3,65.36865234375,67.4560546875,correct,65.36865234375,1.0,65.2587890625,0.999940449910035,65.478515625,0.9978252088232602,67.4560546875,1.0,67.34619140625,0.9992241340989112,67.56591796875,0.9991116940913732,13_3,13,3,natural,103.502372742,74.2231674194,12.5564624898,0.0299807868485,456.900207478,0.214032277465
UBFC_A2_L5_CE_CONCENTRATION_SEED102/Eval_On_COHFACE,COHFACE,prism,COHFACE_s13_session3_natural,4,67.34619140625,77.01416015625,large_error,67.34619140625,1.0,67.236328125,0.999838468042711,67.4560546875,0.9980899421628728,77.01416015625,0.9999999999999999,76.904296875,0.9994235859705654,77.1240234375,0.9990195708117273,13_3,13,3,natural,103.502372742,74.2231674194,12.5564624898,0.0299807868485,456.900207478,0.214032277465
UBFC_A2_L5_CE_CONCENTRATION_SEED102/Eval_On_COHFACE,COHFACE,prism,COHFACE_s14_session0_lamp,0,79.43115234375,63.720703125,large_error,79.43115234375,0.9999999999999999,79.3212890625,0.9993867421043652,79.541015625,0.9977883806429909,63.720703125,0.9999999999999996,63.61083984375,0.9996958153449909,63.83056640625,0.9979864038358822,14_0,14,0,lamp,112.407341003,50.0651741028,0.950544308393,0,246.484853912,0.223727688193
UBFC_A2_L5_CE_CONCENTRATION_SEED102/Eval_On_COHFACE,COHFACE,prism,COHFACE_s14_session0_lamp,1,83.056640625,83.16650390625,correct,83.056640625,0.9999999999999999,82.94677734375,0.9991788423806172,83.16650390625,0.9986037575845575,83.16650390625,0.9999999999999999,83.2763671875,0.9996614215191217,83.056640625,0.9980825754313528,14_0,14,0,lamp,112.407341003,50.0651741028,0.950544308393,0,246.484853912,0.223727688193
UBFC_A2_L5_CE_CONCENTRATION_SEED102/Eval_On_COHFACE,COHFACE,prism,COHFACE_s14_session0_lamp,2,81.18896484375,78.33251953125,correct,81.18896484375,0.9999999999999998,81.298828125,0.9997737925467741,81.0791015625,0.9979459383862915,78.33251953125,0.9999999999999999,78.4423828125,0.9999436725290644,78.22265625,0.9989415990563427,14_0,14,0,lamp,112.407341003,50.0651741028,0.950544308393,0,246.484853912,0.223727688193
UBFC_A2_L5_CE_CONCENTRATION_SEED102/Eval_On_COHFACE,COHFACE,prism,COHFACE_s14_session0_lamp,3,83.7158203125,84.814453125,correct,83.7158203125,0.9999999999999998,83.60595703125,0.9998457251920437,83.82568359375,0.9979060890468854,84.814453125,1.0,84.70458984375,0.9998183969552975,84.92431640625,0.9979797692933684,14_0,14,0,lamp,112.407341003,50.0651741028,0.950544308393,0,246.484853912,0.223727688193
UBFC_A2_L5_CE_CONCENTRATION_SEED102/Eval_On_COHFACE,COHFACE,prism,COHFACE_s14_session0_lamp,4,82.94677734375,78.22265625,large_error,82.94677734375,0.9999999999999998,82.8369140625,0.9994344310590695,83.056640625,0.9984436689878557,78.22265625,0.9999999999999998,78.11279296875,0.9999731104328996,78.33251953125,0.9982541384933786,14_0,14,0,lamp,112.407341003,50.0651741028,0.950544308393,0,246.484853912,0.223727688193
UBFC_A2_L5_CE_CONCENTRATION_SEED102/Eval_On_COHFACE,COHFACE,prism,COHFACE_s14_session1_lamp,0,84.48486328125,79.7607421875,large_error,84.48486328125,0.9999999999999999,84.5947265625,0.9995516931597006,84.375,0.9992876936563968,79.7607421875,0.9999999999999998,79.87060546875,0.9994896823552331,79.65087890625,0.9979094156864438,14_1,14,1,lamp,118.957550049,52.0256195068,0.593640966323,0.00023702973301,284.160097573,0.165259033442
UBFC_A2_L5_CE_CONCENTRATION_SEED102/Eval_On_COHFACE,COHFACE,prism,COHFACE_s14_session1_lamp,1,84.92431640625,85.0341796875,correct,84.92431640625,0.9999999999999999,85.0341796875,0.9989223914263371,84.814453125,0.9988120828622815,85.0341796875,1.0,84.92431640625,0.9992239114415062,85.14404296875,0.9992029410032045,14_1,14,1,lamp,118.957550049,52.0256195068,0.593640966323,0.00023702973301,284.160097573,0.165259033442
UBFC_A2_L5_CE_CONCENTRATION_SEED102/Eval_On_COHFACE,COHFACE,prism,COHFACE_s14_session1_lamp,2,83.49609375,83.82568359375,correct,83.49609375,1.0,83.38623046875,0.9999906596680492,83.60595703125,0.9977925304327468,83.82568359375,1.0,83.935546875,0.9996176373919201,83.7158203125,0.998438545242285,14_1,14,1,lamp,118.957550049,52.0256195068,0.593640966323,0.00023702973301,284.160097573,0.165259033442
UBFC_A2_L5_CE_CONCENTRATION_SEED102/Eval_On_COHFACE,COHFACE,prism,COHFACE_s14_session1_lamp,3,84.814453125,82.94677734375,correct,84.814453125,1.0,84.92431640625,0.9991071799776536,84.70458984375,0.9986774017681059,82.94677734375,1.0,83.056640625,0.9991736596597032,82.8369140625,0.9988952305322543,14_1,14,1,lamp,118.957550049,52.0256195068,0.593640966323,0.00023702973301,284.160097573,0.165259033442
UBFC_A2_L5_CE_CONCENTRATION_SEED102/Eval_On_COHFACE,COHFACE,prism,COHFACE_s14_session1_lamp,4,82.06787109375,83.2763671875,correct,82.06787109375,1.0,82.177734375,0.9998122407291777,81.9580078125,0.9980435794860921,83.2763671875,0.9999999999999999,83.16650390625,0.9997321997621104,83.38623046875,0.9984700124103988,14_1,14,1,lamp,118.957550049,52.0256195068,0.593640966323,0.00023702973301,284.160097573,0.165259033442
UBFC_A2_L5_CE_CONCENTRATION_SEED102/Eval_On_COHFACE,COHFACE,prism,COHFACE_s14_session2_natural,0,78.33251953125,80.859375,correct,78.33251953125,0.9999999999999999,78.22265625,0.9992917313419991,78.4423828125,0.9992845160850472,80.859375,1.0,80.96923828125,0.9998352014652462,80.74951171875,0.9976068776075371,14_2,14,2,natural,93.6923141479,55.8834571838,16.6976487138,0,342.57870808,0.16868750751
UBFC_A2_L5_CE_CONCENTRATION_SEED102/Eval_On_COHFACE,COHFACE,prism,COHFACE_s14_session2_natural,1,83.16650390625,83.60595703125,correct,83.16650390625,0.9999999999999999,83.2763671875,0.9989906884040017,83.056640625,0.9987641861921195,83.60595703125,1.0,83.7158203125,0.9998012622623105,83.49609375,0.9982133380210594,14_2,14,2,natural,93.6923141479,55.8834571838,16.6976487138,0,342.57870808,0.16868750751
UBFC_A2_L5_CE_CONCENTRATION_SEED102/Eval_On_COHFACE,COHFACE,prism,COHFACE_s14_session2_natural,2,81.9580078125,65.2587890625,large_error,81.9580078125,0.9999999999999999,81.84814453125,0.9992163661912923,82.06787109375,0.9986419554031393,65.2587890625,0.9999999999999999,65.36865234375,0.9998657187312779,65.14892578125,0.9978382013356227,14_2,14,2,natural,93.6923141479,55.8834571838,16.6976487138,0,342.57870808,0.16868750751
UBFC_A2_L5_CE_CONCENTRATION_SEED102/Eval_On_COHFACE,COHFACE,prism,COHFACE_s14_session2_natural,3,82.94677734375,83.82568359375,correct,82.94677734375,1.0,83.056640625,0.9995323457099717,82.8369140625,0.9983518093504898,83.82568359375,0.9999999999999999,83.7158203125,0.9993074068313078,83.935546875,0.9990369606263892,14_2,14,2,natural,93.6923141479,55.8834571838,16.6976487138,0,342.57870808,0.16868750751
UBFC_A2_L5_CE_CONCENTRATION_SEED102/Eval_On_COHFACE,COHFACE,prism,COHFACE_s14_session2_natural,4,82.177734375,80.74951171875,correct,82.177734375,1.0,82.06787109375,0.9998116756015988,82.28759765625,0.9980211309496893,80.74951171875,1.0,80.859375,0.9992744064826209,80.6396484375,0.9983297663602227,14_2,14,2,natural,93.6923141479,55.8834571838,16.6976487138,0,342.57870808,0.16868750751
UBFC_A2_L5_CE_CONCENTRATION_SEED102/Eval_On_COHFACE,COHFACE,prism,COHFACE_s14_session3_natural,0,84.814453125,75.8056640625,large_error,84.814453125,0.9999999999999999,84.70458984375,0.9993498605384727,84.92431640625,0.9988754071893188,75.8056640625,1.0,75.69580078125,0.9996843106849173,75.91552734375,0.9986927248275882,14_3,14,3,natural,103.678741455,62.1724357605,14.8314639588,0,373.35948733,0.181985244155
UBFC_A2_L5_CE_CONCENTRATION_SEED102/Eval_On_COHFACE,COHFACE,prism,COHFACE_s14_session3_natural,1,83.82568359375,83.82568359375,correct,83.82568359375,1.0,83.935546875,0.9996235419457918,83.7158203125,0.9982106297482876,83.82568359375,1.0,83.935546875,0.9990967888339773,83.7158203125,0.9986665073849137,14_3,14,3,natural,103.678741455,62.1724357605,14.8314639588,0,373.35948733,0.181985244155
UBFC_A2_L5_CE_CONCENTRATION_SEED102/Eval_On_COHFACE,COHFACE,prism,COHFACE_s14_session3_natural,2,82.94677734375,89.09912109375,large_error,82.94677734375,1.0,83.056640625,0.9999497634258101,82.8369140625,0.9977682320350143,89.09912109375,0.9999999999999998,89.208984375,0.999372044161096,88.9892578125,0.9982020764700936,14_3,14,3,natural,103.678741455,62.1724357605,14.8314639588,0,373.35948733,0.181985244155
UBFC_A2_L5_CE_CONCENTRATION_SEED102/Eval_On_COHFACE,COHFACE,prism,COHFACE_s14_session3_natural,3,82.3974609375,64.8193359375,large_error,82.3974609375,1.0,82.50732421875,0.9992584652791207,82.28759765625,0.9985445235504126,64.8193359375,0.9999999999999999,64.70947265625,0.999641836475082,64.92919921875,0.9978522298940354,14_3,14,3,natural,103.678741455,62.1724357605,14.8314639588,0,373.35948733,0.181985244155
UBFC_A2_L5_CE_CONCENTRATION_SEED102/Eval_On_COHFACE,COHFACE,prism,COHFACE_s14_session3_natural,4,84.70458984375,72.61962890625,large_error,84.70458984375,1.0,84.5947265625,0.9989552400072755,84.814453125,0.9988829790959263,72.61962890625,0.9999999999999999,72.509765625,0.999835664601979,72.7294921875,0.9984599745422135,14_3,14,3,natural,103.678741455,62.1724357605,14.8314639588,0,373.35948733,0.181985244155
UBFC_A2_L5_CE_CONCENTRATION_SEED102/Eval_On_COHFACE,COHFACE,prism,COHFACE_s15_session0_lamp,0,81.73828125,59.21630859375,large_error,81.73828125,1.0,81.84814453125,0.9997597524640311,81.62841796875,0.9978614007636742,59.21630859375,0.9999999999999999,59.326171875,0.9992335780965063,59.1064453125,0.9988463865319778,15_0,15,0,lamp,124.068389893,47.3510780334,0.488638070913,0.00484525240385,500.038647663,0.269061923027
UBFC_A2_L5_CE_CONCENTRATION_SEED102/Eval_On_COHFACE,COHFACE,prism,COHFACE_s15_session0_lamp,1,83.935546875,55.5908203125,large_error,83.935546875,1.0,83.82568359375,0.9997950642028677,84.04541015625,0.9980766738279715,55.5908203125,0.9999999999999999,55.48095703125,0.9993504189962692,55.70068359375,0.9988620246761377,15_0,15,0,lamp,124.068389893,47.3510780334,0.488638070913,0.00484525240385,500.038647663,0.269061923027
UBFC_A2_L5_CE_CONCENTRATION_SEED102/Eval_On_COHFACE,COHFACE,prism,COHFACE_s15_session0_lamp,2,83.935546875,60.4248046875,large_error,83.935546875,1.0,84.04541015625,0.9998182812845212,83.82568359375,0.9979601585600187,60.4248046875,0.9999999999999998,60.31494140625,0.9998424493479631,60.53466796875,0.9984390304924716,15_0,15,0,lamp,124.068389893,47.3510780334,0.488638070913,0.00484525240385,500.038647663,0.269061923027
UBFC_A2_L5_CE_CONCENTRATION_SEED102/Eval_On_COHFACE,COHFACE,prism,COHFACE_s15_session0_lamp,3,83.935546875,84.04541015625,correct,83.935546875,1.0,83.82568359375,0.9990447078759497,84.04541015625,0.9987476789238426,84.04541015625,0.9999999999999999,83.935546875,0.9996566034524133,84.1552734375,0.9982329910046227,15_0,15,0,lamp,124.068389893,47.3510780334,0.488638070913,0.00484525240385,500.038647663,0.269061923027
UBFC_A2_L5_CE_CONCENTRATION_SEED102/Eval_On_COHFACE,COHFACE,prism,COHFACE_s15_session0_lamp,4,84.26513671875,61.083984375,large_error,84.26513671875,1.0,84.375,0.999581668772772,84.1552734375,0.9983501846440359,61.083984375,0.9999999999999998,60.97412109375,0.9998749266558224,61.19384765625,0.9973131603601719,15_0,15,0,lamp,124.068389893,47.3510780334,0.488638070913,0.00484525240385,500.038647663,0.269061923027
UBFC_A2_L5_CE_CONCENTRATION_SEED102/Eval_On_COHFACE,COHFACE,prism,COHFACE_s15_session0_lamp,5,85.0341796875,73.27880859375,large_error,85.0341796875,1.0,85.14404296875,0.9992018719228706,84.92431640625,0.9986472931818207,73.27880859375,0.9999999999999999,73.388671875,0.9994822817758732,73.1689453125,0.9990061368677913,15_0,15,0,lamp,124.068389893,47.3510780334,0.488638070913,0.00484525240385,500.038647663,0.269061923027
UBFC_A2_L5_CE_CONCENTRATION_SEED102/Eval_On_COHFACE,COHFACE,prism,COHFACE_s15_session1_lamp,0,85.36376953125,71.19140625,large_error,85.36376953125,1.0,85.25390625,0.9998137147701601,85.4736328125,0.9980204685518537,71.19140625,0.9999999999999998,71.30126953125,0.9996067822289436,71.08154296875,0.9992816578610677,15_1,15,1,lamp,124.935073853,46.6512298584,0.445277394812,0.00143612132353,459.134335934,0.283848494291
UBFC_A2_L5_CE_CONCENTRATION_SEED102/Eval_On_COHFACE,COHFACE,prism,COHFACE_s15_session1_lamp,1,81.73828125,66.357421875,large_error,81.73828125,1.0,81.62841796875,0.9999337324335199,81.84814453125,0.9980726084040173,66.357421875,0.9999999999999998,66.46728515625,0.9995835916517865,66.24755859375,0.9989819071504085,15_1,15,1,lamp,124.935073853,46.6512298584,0.445277394812,0.00143612132353,459.134335934,0.283848494291
UBFC_A2_L5_CE_CONCENTRATION_SEED102/Eval_On_COHFACE,COHFACE,prism,COHFACE_s15_session1_lamp,2,80.859375,79.541015625,correct,80.859375,1.0,80.74951171875,0.9993989319219038,80.96923828125,0.9984564554480365,79.541015625,0.9999999999999999,79.43115234375,0.9994310380425441,79.65087890625,0.9984162121601527,15_1,15,1,lamp,124.935073853,46.6512298584,0.445277394812,0.00143612132353,459.134335934,0.283848494291
UBFC_A2_L5_CE_CONCENTRATION_SEED102/Eval_On_COHFACE,COHFACE,prism,COHFACE_s15_session1_lamp,3,80.419921875,60.8642578125,large_error,80.419921875,1.0,80.52978515625,0.9998347183902859,80.31005859375,0.9979863836239419,60.8642578125,0.9999999999999999,60.75439453125,0.9998525430819436,60.97412109375,0.9975122725927343,15_1,15,1,lamp,124.935073853,46.6512298584,0.445277394812,0.00143612132353,459.134335934,0.283848494291
UBFC_A2_L5_CE_CONCENTRATION_SEED102/Eval_On_COHFACE,COHFACE,prism,COHFACE_s15_session1_lamp,4,84.5947265625,65.58837890625,large_error,84.5947265625,1.0,84.70458984375,0.9998890185301946,84.48486328125,0.9979133912443421,65.58837890625,0.9999999999999999,65.6982421875,0.9993406292842572,65.478515625,0.9985164314770122,15_1,15,1,lamp,124.935073853,46.6512298584,0.445277394812,0.00143612132353,459.134335934,0.283848494291
UBFC_A2_L5_CE_CONCENTRATION_SEED102/Eval_On_COHFACE,COHFACE,prism,COHFACE_s15_session2_natural,0,79.65087890625,83.2763671875,correct,79.65087890625,1.0,79.7607421875,0.9991264303749939,79.541015625,0.9990152044835496,83.2763671875,1.0,83.38623046875,0.9996810924244885,83.16650390625,0.998402916839053,15_2,15,2,natural,114.383407593,56.1793365479,1.0411563836,0,353.316221508,0.219758599997
UBFC_A2_L5_CE_CONCENTRATION_SEED102/Eval_On_COHFACE,COHFACE,prism,COHFACE_s15_session2_natural,1,82.72705078125,83.38623046875,correct,82.72705078125,1.0,82.8369140625,0.9999970873557873,82.6171875,0.9977272624342557,83.38623046875,1.0,83.2763671875,0.9990609280163829,83.49609375,0.998874675737717,15_2,15,2,natural,114.383407593,56.1793365479,1.0411563836,0,353.316221508,0.219758599997
UBFC_A2_L5_CE_CONCENTRATION_SEED102/Eval_On_COHFACE,COHFACE,prism,COHFACE_s15_session2_natural,2,79.541015625,78.11279296875,correct,79.541015625,1.0,79.65087890625,0.9998468878221427,79.43115234375,0.9979647341178524,78.11279296875,1.0,78.0029296875,0.9993263884347701,78.22265625,0.9986126197332756,15_2,15,2,natural,114.383407593,56.1793365479,1.0411563836,0,353.316221508,0.219758599997
UBFC_A2_L5_CE_CONCENTRATION_SEED102/Eval_On_COHFACE,COHFACE,prism,COHFACE_s15_session2_natural,3,83.056640625,84.814453125,correct,83.056640625,1.0,82.94677734375,0.9998627820497336,83.16650390625,0.9979890381188787,84.814453125,0.9999999999999999,84.92431640625,0.9989084538909747,84.70458984375,0.9985660442365695,15_2,15,2,natural,114.383407593,56.1793365479,1.0411563836,0,353.316221508,0.219758599997
UBFC_A2_L5_CE_CONCENTRATION_SEED102/Eval_On_COHFACE,COHFACE,prism,COHFACE_s15_session2_natural,4,86.1328125,84.48486328125,correct,86.1328125,1.0,86.24267578125,0.9990430338917163,86.02294921875,0.9988728379669102,84.48486328125,1.0,84.375,0.9989224728055492,84.5947265625,0.9988989249048651,15_2,15,2,natural,114.383407593,56.1793365479,1.0411563836,0,353.316221508,0.219758599997
UBFC_A2_L5_CE_CONCENTRATION_SEED102/Eval_On_COHFACE,COHFACE,prism,COHFACE_s15_session3_natural,0,83.7158203125,69.76318359375,large_error,83.7158203125,1.0,83.60595703125,0.9999078525145828,83.82568359375,0.9977469270248062,69.76318359375,0.9999999999999998,69.873046875,0.999595143129785,69.6533203125,0.9988386177074884,15_3,15,3,natural,107.108505249,54.2120552063,1.17218600717,0,311.186778791,0.208337426186
UBFC_A2_L5_CE_CONCENTRATION_SEED102/Eval_On_COHFACE,COHFACE,prism,COHFACE_s15_session3_natural,1,82.3974609375,83.49609375,correct,82.3974609375,1.0,82.28759765625,0.9989771332148109,82.50732421875,0.9988866038777803,83.49609375,1.0,83.38623046875,0.9994093583745948,83.60595703125,0.9984579057942147,15_3,15,3,natural,107.108505249,54.2120552063,1.17218600717,0,311.186778791,0.208337426186
UBFC_A2_L5_CE_CONCENTRATION_SEED102/Eval_On_COHFACE,COHFACE,prism,COHFACE_s15_session3_natural,2,86.24267578125,84.26513671875,correct,86.24267578125,1.0,86.3525390625,0.9994044975189941,86.1328125,0.9984364759971368,84.26513671875,1.0,84.1552734375,0.9989652889565028,84.375,0.9988915895266028,15_3,15,3,natural,107.108505249,54.2120552063,1.17218600717,0,311.186778791,0.208337426186
UBFC_A2_L5_CE_CONCENTRATION_SEED102/Eval_On_COHFACE,COHFACE,prism,COHFACE_s15_session3_natural,3,85.0341796875,84.814453125,correct,85.0341796875,1.0,85.14404296875,0.9999438120864629,84.92431640625,0.997711716446318,84.814453125,1.0,84.70458984375,0.9994371585485383,84.92431640625,0.9982063015558287,15_3,15,3,natural,107.108505249,54.2120552063,1.17218600717,0,311.186778791,0.208337426186
UBFC_A2_L5_CE_CONCENTRATION_SEED102/Eval_On_COHFACE,COHFACE,prism,COHFACE_s15_session3_natural,4,84.1552734375,83.7158203125,correct,84.1552734375,1.0,84.26513671875,0.9996231273246876,84.04541015625,0.9981727383977071,83.7158203125,1.0,83.60595703125,0.999541087647964,83.82568359375,0.9982555438380432,15_3,15,3,natural,107.108505249,54.2120552063,1.17218600717,0,311.186778791,0.208337426186
UBFC_A2_L5_CE_CONCENTRATION_SEED102/Eval_On_COHFACE,COHFACE,prism,COHFACE_s16_session0_lamp,0,56.57958984375,96.35009765625,super_harmonic_2x,56.57958984375,1.0,56.689453125,0.9998483560053986,56.4697265625,0.9982834656562936,96.35009765625,0.9999999999999998,96.240234375,0.9992895605385048,96.4599609375,0.9990459387804116,16_0,16,0,lamp,110.520568848,52.5791435242,1.44379851106,0,287.129709083,0.239164024591
UBFC_A2_L5_CE_CONCENTRATION_SEED102/Eval_On_COHFACE,COHFACE,prism,COHFACE_s16_session0_lamp,1,58.6669921875,57.89794921875,correct,58.6669921875,1.0,58.55712890625,0.9989949351804628,58.77685546875,0.9989101366158836,57.89794921875,1.0,58.0078125,0.9997859827401449,57.7880859375,0.9985727661491585,16_0,16,0,lamp,110.520568848,52.5791435242,1.44379851106,0,287.129709083,0.239164024591
UBFC_A2_L5_CE_CONCENTRATION_SEED102/Eval_On_COHFACE,COHFACE,prism,COHFACE_s16_session0_lamp,2,61.3037109375,58.99658203125,correct,61.3037109375,1.0,61.41357421875,0.9989036040424603,61.19384765625,0.9987054133461184,58.99658203125,0.9999999999999999,59.1064453125,0.9995957987860576,58.88671875,0.9991245040199943,16_0,16,0,lamp,110.520568848,52.5791435242,1.44379851106,0,287.129709083,0.239164024591
UBFC_A2_L5_CE_CONCENTRATION_SEED102/Eval_On_COHFACE,COHFACE,prism,COHFACE_s16_session0_lamp,3,59.5458984375,60.09521484375,correct,59.5458984375,1.0,59.43603515625,0.9991926892303193,59.65576171875,0.9985380040000049,60.09521484375,1.0,59.9853515625,0.9990174645009758,60.205078125,0.9989279326669416,16_0,16,0,lamp,110.520568848,52.5791435242,1.44379851106,0,287.129709083,0.239164024591
UBFC_A2_L5_CE_CONCENTRATION_SEED102/Eval_On_COHFACE,COHFACE,prism,COHFACE_s16_session0_lamp,4,55.92041015625,60.205078125,large_error,55.92041015625,1.0,55.810546875,0.9994265341394887,56.0302734375,0.9984272360148674,60.205078125,0.9999999999999997,60.31494140625,0.9991536481779861,60.09521484375,0.9983992176154459,16_0,16,0,lamp,110.520568848,52.5791435242,1.44379851106,0,287.129709083,0.239164024591
UBFC_A2_L5_CE_CONCENTRATION_SEED102/Eval_On_COHFACE,COHFACE,prism,COHFACE_s16_session1_lamp,0,55.48095703125,54.38232421875,correct,55.48095703125,1.0,55.5908203125,0.9997103097063602,55.37109375,0.9978421026125139,54.38232421875,0.9999999999999999,54.4921875,0.9994397297863061,54.2724609375,0.9989691600955181,16_1,16,1,lamp,104.135902405,50.5137176514,2.31791834677,0,280.467601134,0.193863600492
UBFC_A2_L5_CE_CONCENTRATION_SEED102/Eval_On_COHFACE,COHFACE,prism,COHFACE_s16_session1_lamp,1,55.70068359375,54.931640625,correct,55.70068359375,1.0,55.810546875,0.9998431302980638,55.5908203125,0.9978802330912593,54.931640625,1.0,55.04150390625,0.9999911584544984,54.82177734375,0.9983546415070425,16_1,16,1,lamp,104.135902405,50.5137176514,2.31791834677,0,280.467601134,0.193863600492
UBFC_A2_L5_CE_CONCENTRATION_SEED102/Eval_On_COHFACE,COHFACE,prism,COHFACE_s16_session1_lamp,2,57.3486328125,57.45849609375,correct,57.3486328125,1.0,57.23876953125,0.9995290170735073,57.45849609375,0.9984495944256253,57.45849609375,0.9999999999999999,57.568359375,0.9993371198661044,57.3486328125,0.9992279755693831,16_1,16,1,lamp,104.135902405,50.5137176514,2.31791834677,0,280.467601134,0.193863600492
UBFC_A2_L5_CE_CONCENTRATION_SEED102/Eval_On_COHFACE,COHFACE,prism,COHFACE_s16_session1_lamp,3,58.0078125,78.99169921875,super_harmonic_1p5x,58.0078125,1.0,58.11767578125,0.9990924355389191,57.89794921875,0.9984630338942402,78.99169921875,1.0,78.8818359375,0.9998213256624071,79.1015625,0.9982212941180127,16_1,16,1,lamp,104.135902405,50.5137176514,2.31791834677,0,280.467601134,0.193863600492
UBFC_A2_L5_CE_CONCENTRATION_SEED102/Eval_On_COHFACE,COHFACE,prism,COHFACE_s16_session1_lamp,4,57.01904296875,70.0927734375,large_error,57.01904296875,1.0,57.12890625,0.9996643329700807,56.9091796875,0.9982799755877344,70.0927734375,0.9999999999999998,70.20263671875,0.9992720269584662,69.98291015625,0.9991845830841222,16_1,16,1,lamp,104.135902405,50.5137176514,2.31791834677,0,280.467601134,0.193863600492
UBFC_A2_L5_CE_CONCENTRATION_SEED102/Eval_On_COHFACE,COHFACE,prism,COHFACE_s16_session2_natural,0,56.79931640625,59.9853515625,correct,56.79931640625,1.0,56.689453125,0.9995796202868973,56.9091796875,0.9979231502847868,59.9853515625,1.0,60.09521484375,0.9995366635184043,59.87548828125,0.9986950429152046,16_2,16,2,natural,107.813079834,60.5763931274,2.51256769354,0,345.389445171,0.201720491052
UBFC_A2_L5_CE_CONCENTRATION_SEED102/Eval_On_COHFACE,COHFACE,prism,COHFACE_s16_session2_natural,1,56.689453125,57.67822265625,correct,56.689453125,1.0,56.79931640625,0.998996607729031,56.57958984375,0.9987465397127078,57.67822265625,0.9999999999999999,57.7880859375,0.9999837105206106,57.568359375,0.9994076332097405,16_2,16,2,natural,107.813079834,60.5763931274,2.51256769354,0,345.389445171,0.201720491052
UBFC_A2_L5_CE_CONCENTRATION_SEED102/Eval_On_COHFACE,COHFACE,prism,COHFACE_s16_session2_natural,2,55.70068359375,60.205078125,large_error,55.70068359375,1.0,55.5908203125,0.999132418526373,55.810546875,0.9987008728923469,60.205078125,0.9999999999999998,60.09521484375,0.9989659634529966,60.31494140625,0.9987975111934292,16_2,16,2,natural,107.813079834,60.5763931274,2.51256769354,0,345.389445171,0.201720491052
UBFC_A2_L5_CE_CONCENTRATION_SEED102/Eval_On_COHFACE,COHFACE,prism,COHFACE_s16_session2_natural,3,57.67822265625,73.388671875,super_harmonic_1p5x,57.67822265625,1.0,57.7880859375,0.9989716695887765,57.568359375,0.9987929548054217,73.388671875,0.9999999999999999,73.27880859375,0.9992728097010868,73.49853515625,0.9983579381109842,16_2,16,2,natural,107.813079834,60.5763931274,2.51256769354,0,345.389445171,0.201720491052
UBFC_A2_L5_CE_CONCENTRATION_SEED102/Eval_On_COHFACE,COHFACE,prism,COHFACE_s16_session2_natural,4,56.9091796875,67.8955078125,large_error,56.9091796875,1.0,56.79931640625,0.9993755220427203,57.01904296875,0.9984819383139308,67.8955078125,0.9999999999999998,67.78564453125,0.9996496988850254,68.00537109375,0.9992504309417912,16_2,16,2,natural,107.813079834,60.5763931274,2.51256769354,0,345.389445171,0.201720491052
UBFC_A2_L5_CE_CONCENTRATION_SEED102/Eval_On_COHFACE,COHFACE,prism,COHFACE_s16_session3_natural,0,58.55712890625,71.74072265625,large_error,58.55712890625,1.0,58.447265625,0.9998243346851964,58.6669921875,0.9976958485758539,71.74072265625,1.0,71.630859375,0.9994504442327601,71.8505859375,0.9984787719957086,16_3,16,3,natural,96.9843063354,55.1808128357,4.00480090213,0,262.455656363,0.182182177901
UBFC_A2_L5_CE_CONCENTRATION_SEED102/Eval_On_COHFACE,COHFACE,prism,COHFACE_s16_session3_natural,1,57.12890625,101.18408203125,super_harmonic_2x,57.12890625,1.0,57.01904296875,0.9990146391309963,57.23876953125,0.9987153480461228,101.18408203125,0.9999999999999999,101.07421875,0.9992566790369732,101.2939453125,0.9981864887411567,16_3,16,3,natural,96.9843063354,55.1808128357,4.00480090213,0,262.455656363,0.182182177901
UBFC_A2_L5_CE_CONCENTRATION_SEED102/Eval_On_COHFACE,COHFACE,prism,COHFACE_s16_session3_natural,2,57.45849609375,58.33740234375,correct,57.45849609375,1.0,57.568359375,0.9998218147788214,57.3486328125,0.9980626101474553,58.33740234375,0.9999999999999999,58.2275390625,0.999202968372998,58.447265625,0.9989045601303105,16_3,16,3,natural,96.9843063354,55.1808128357,4.00480090213,0,262.455656363,0.182182177901
UBFC_A2_L5_CE_CONCENTRATION_SEED102/Eval_On_COHFACE,COHFACE,prism,COHFACE_s16_session3_natural,3,57.568359375,72.7294921875,super_harmonic_1p5x,57.568359375,1.0,57.45849609375,0.9991671196024302,57.67822265625,0.9985106486070358,72.7294921875,0.9999999999999999,72.83935546875,0.9999421881933522,72.61962890625,0.9976615925669323,16_3,16,3,natural,96.9843063354,55.1808128357,4.00480090213,0,262.455656363,0.182182177901
UBFC_A2_L5_CE_CONCENTRATION_SEED102/Eval_On_COHFACE,COHFACE,prism,COHFACE_s16_session3_natural,4,58.6669921875,61.083984375,correct,58.6669921875,1.0,58.77685546875,0.9991669626009309,58.55712890625,0.9987421904057676,61.083984375,1.0,60.97412109375,0.999343877939373,61.19384765625,0.999037206524982,16_3,16,3,natural,96.9843063354,55.1808128357,4.00480090213,0,262.455656363,0.182182177901
UBFC_A2_L5_CE_CONCENTRATION_SEED102/Eval_On_COHFACE,COHFACE,prism,COHFACE_s17_session0_lamp,0,57.23876953125,55.810546875,correct,57.23876953125,1.0,57.12890625,0.9997950232633128,57.3486328125,0.9983306671054956,55.810546875,0.9999999999999998,55.70068359375,0.9996939576743366,55.92041015625,0.9988845145410001,17_0,17,0,lamp,90.4333877563,57.4937019348,11.3779869452,0,377.910269676,0.163861334324
UBFC_A2_L5_CE_CONCENTRATION_SEED102/Eval_On_COHFACE,COHFACE,prism,COHFACE_s17_session0_lamp,1,53.61328125,53.94287109375,correct,53.61328125,1.0,53.50341796875,0.999119985396526,53.72314453125,0.9989544566908193,53.94287109375,1.0,53.8330078125,0.9991861009934911,54.052734375,0.9989768564590458,17_0,17,0,lamp,90.4333877563,57.4937019348,11.3779869452,0,377.910269676,0.163861334324
UBFC_A2_L5_CE_CONCENTRATION_SEED102/Eval_On_COHFACE,COHFACE,prism,COHFACE_s17_session0_lamp,2,58.0078125,58.447265625,correct,58.0078125,1.0,57.89794921875,0.9990347306752351,58.11767578125,0.9986709790156294,58.447265625,1.0,58.33740234375,0.9998795863044491,58.55712890625,0.998249531567733,17_0,17,0,lamp,90.4333877563,57.4937019348,11.3779869452,0,377.910269676,0.163861334324
UBFC_A2_L5_CE_CONCENTRATION_SEED102/Eval_On_COHFACE,COHFACE,prism,COHFACE_s17_session0_lamp,3,56.14013671875,54.931640625,correct,56.14013671875,1.0,56.25,0.9997420019775705,56.0302734375,0.9980418067918437,54.931640625,1.0,55.04150390625,0.9994202379447077,54.82177734375,0.9985227119079837,17_0,17,0,lamp,90.4333877563,57.4937019348,11.3779869452,0,377.910269676,0.163861334324
UBFC_A2_L5_CE_CONCENTRATION_SEED102/Eval_On_COHFACE,COHFACE,prism,COHFACE_s17_session0_lamp,4,59.43603515625,59.43603515625,correct,59.43603515625,1.0,59.5458984375,0.9998852051334136,59.326171875,0.9978964427535385,59.43603515625,1.0,59.5458984375,0.9993623925326007,59.326171875,0.998989403842521,17_0,17,0,lamp,90.4333877563,57.4937019348,11.3779869452,0,377.910269676,0.163861334324
UBFC_A2_L5_CE_CONCENTRATION_SEED102/Eval_On_COHFACE,COHFACE,prism,COHFACE_s17_session1_lamp,0,58.2275390625,59.9853515625,correct,58.2275390625,1.0,58.33740234375,0.9999437513407077,58.11767578125,0.9980328455565873,59.9853515625,1.0,59.87548828125,0.9992502482612943,60.09521484375,0.9988610401307005,17_1,17,1,lamp,90.6106796265,57.5569725037,10.9944327933,0,352.932880459,0.166437909007
UBFC_A2_L5_CE_CONCENTRATION_SEED102/Eval_On_COHFACE,COHFACE,prism,COHFACE_s17_session1_lamp,1,58.55712890625,59.65576171875,correct,58.55712890625,1.0,58.6669921875,0.9997991555893395,58.447265625,0.997961788184027,59.65576171875,1.0,59.765625,0.9997204213596371,59.5458984375,0.9980176864200951,17_1,17,1,lamp,90.6106796265,57.5569725037,10.9944327933,0,352.932880459,0.166437909007
UBFC_A2_L5_CE_CONCENTRATION_SEED102/Eval_On_COHFACE,COHFACE,prism,COHFACE_s17_session1_lamp,2,59.9853515625,59.765625,correct,59.9853515625,1.0,60.09521484375,0.9992279820420252,59.87548828125,0.9986313081416204,59.765625,1.0,59.65576171875,0.9996372705924146,59.87548828125,0.9984444982435503,17_1,17,1,lamp,90.6106796265,57.5569725037,10.9944327933,0,352.932880459,0.166437909007
UBFC_A2_L5_CE_CONCENTRATION_SEED102/Eval_On_COHFACE,COHFACE,prism,COHFACE_s17_session1_lamp,3,61.083984375,60.53466796875,correct,61.083984375,1.0,61.19384765625,0.9999254767535292,60.97412109375,0.9977283552477559,60.53466796875,1.0,60.4248046875,0.9992536602610874,60.64453125,0.9987515942776373,17_1,17,1,lamp,90.6106796265,57.5569725037,10.9944327933,0,352.932880459,0.166437909007
UBFC_A2_L5_CE_CONCENTRATION_SEED102/Eval_On_COHFACE,COHFACE,prism,COHFACE_s17_session1_lamp,4,58.99658203125,59.1064453125,correct,58.99658203125,1.0,59.1064453125,0.9995696973993433,58.88671875,0.9982145323848417,59.1064453125,1.0,58.99658203125,0.9993903855418244,59.21630859375,0.9988741774766302,17_1,17,1,lamp,90.6106796265,57.5569725037,10.9944327933,0,352.932880459,0.166437909007
UBFC_A2_L5_CE_CONCENTRATION_SEED102/Eval_On_COHFACE,COHFACE,prism,COHFACE_s17_session2_natural,0,74.15771484375,72.94921875,correct,74.15771484375,1.0,74.267578125,0.9991057922158838,74.0478515625,0.9989387264048972,72.94921875,1.0,73.05908203125,0.9991928328772662,72.83935546875,0.9988678999581087,17_2,17,2,natural,88.0217590332,61.2165641785,12.2003674116,0,348.854331282,0.228699937463
UBFC_A2_L5_CE_CONCENTRATION_SEED102/Eval_On_COHFACE,COHFACE,prism,COHFACE_s17_session2_natural,1,63.0615234375,72.61962890625,large_error,63.0615234375,0.9999999999999999,63.17138671875,0.9995948550987079,62.95166015625,0.998257292474749,72.61962890625,1.0,72.509765625,0.9993417025743376,72.7294921875,0.9979400359854151,17_2,17,2,natural,88.0217590332,61.2165641785,12.2003674116,0,348.854331282,0.228699937463
UBFC_A2_L5_CE_CONCENTRATION_SEED102/Eval_On_COHFACE,COHFACE,prism,COHFACE_s17_session2_natural,2,57.67822265625,58.11767578125,correct,57.67822265625,1.0,57.568359375,0.9997812809521914,57.7880859375,0.9981629721385881,58.11767578125,1.0,58.2275390625,0.9995263956566601,58.0078125,0.9987641154519002,17_2,17,2,natural,88.0217590332,61.2165641785,12.2003674116,0,348.854331282,0.228699937463
UBFC_A2_L5_CE_CONCENTRATION_SEED102/Eval_On_COHFACE,COHFACE,prism,COHFACE_s17_session2_natural,3,59.5458984375,60.09521484375,correct,59.5458984375,0.9999999999999999,59.43603515625,0.9994578483356749,59.65576171875,0.9980114845692282,60.09521484375,1.0,59.9853515625,0.9992534572922361,60.205078125,0.9986481566522605,17_2,17,2,natural,88.0217590332,61.2165641785,12.2003674116,0,348.854331282,0.228699937463
UBFC_A2_L5_CE_CONCENTRATION_SEED102/Eval_On_COHFACE,COHFACE,prism,COHFACE_s17_session2_natural,4,61.19384765625,59.65576171875,correct,61.19384765625,1.0,61.3037109375,0.9993680620259381,61.083984375,0.9984148531406736,59.65576171875,1.0,59.5458984375,0.9993749752370062,59.765625,0.9988992628155235,17_2,17,2,natural,88.0217590332,61.2165641785,12.2003674116,0,348.854331282,0.228699937463
UBFC_A2_L5_CE_CONCENTRATION_SEED102/Eval_On_COHFACE,COHFACE,prism,COHFACE_s17_session3_natural,0,58.77685546875,59.21630859375,correct,58.77685546875,1.0,58.6669921875,0.9994117168262296,58.88671875,0.9982065551794977,59.21630859375,1.0,59.1064453125,0.9993176518194441,59.326171875,0.9988205896206962,17_3,17,3,natural,88.3384857178,60.3077659607,12.2364265688,0,346.19798269,0.210115686059
UBFC_A2_L5_CE_CONCENTRATION_SEED102/Eval_On_COHFACE,COHFACE,prism,COHFACE_s17_session3_natural,1,60.8642578125,61.083984375,correct,60.8642578125,1.0,60.97412109375,0.9998283020034546,60.75439453125,0.9978269427150908,61.083984375,1.0,60.97412109375,0.9997733200630028,61.19384765625,0.9981592384299123,17_3,17,3,natural,88.3384857178,60.3077659607,12.2364265688,0,346.19798269,0.210115686059
UBFC_A2_L5_CE_CONCENTRATION_SEED102/Eval_On_COHFACE,COHFACE,prism,COHFACE_s17_session3_natural,2,61.962890625,60.8642578125,correct,61.962890625,1.0,61.85302734375,0.9998263849910267,62.07275390625,0.997962891035266,60.8642578125,1.0,60.75439453125,0.9991339048819314,60.97412109375,0.9989874188377783,17_3,17,3,natural,88.3384857178,60.3077659607,12.2364265688,0,346.19798269,0.210115686059
UBFC_A2_L5_CE_CONCENTRATION_SEED102/Eval_On_COHFACE,COHFACE,prism,COHFACE_s17_session3_natural,3,61.7431640625,61.5234375,correct,61.7431640625,1.0,61.63330078125,0.9997668245675005,61.85302734375,0.998064298440297,61.5234375,0.9999999999999999,61.41357421875,0.9998388541069242,61.63330078125,0.9979978491147149,17_3,17,3,natural,88.3384857178,60.3077659607,12.2364265688,0,346.19798269,0.210115686059
UBFC_A2_L5_CE_CONCENTRATION_SEED102/Eval_On_COHFACE,COHFACE,prism,COHFACE_s17_session3_natural,4,59.5458984375,59.87548828125,correct,59.5458984375,1.0,59.43603515625,0.9997249853227229,59.65576171875,0.9979566443157868,59.87548828125,1.0,59.9853515625,0.9996621414476929,59.765625,0.9982807321736394,17_3,17,3,natural,88.3384857178,60.3077659607,12.2364265688,0,346.19798269,0.210115686059
UBFC_A2_L5_CE_CONCENTRATION_SEED102/Eval_On_COHFACE,COHFACE,prism,COHFACE_s18_session0_lamp,0,81.298828125,81.62841796875,correct,81.298828125,1.0,81.40869140625,0.9997548826374134,81.18896484375,0.9982353393866357,81.62841796875,1.0,81.5185546875,0.9989421763120403,81.73828125,0.9987404917453347,18_0,18,0,lamp,122.711029053,50.4989471436,1.90003815188,0,547.522774456,0.2884144485
UBFC_A2_L5_CE_CONCENTRATION_SEED102/Eval_On_COHFACE,COHFACE,prism,COHFACE_s18_session0_lamp,1,79.87060546875,79.3212890625,correct,79.87060546875,1.0,79.98046875,0.9998592158897917,79.7607421875,0.9979479869267506,79.3212890625,1.0,79.21142578125,0.9998286979861883,79.43115234375,0.9977992432958588,18_0,18,0,lamp,122.711029053,50.4989471436,1.90003815188,0,547.522774456,0.2884144485
UBFC_A2_L5_CE_CONCENTRATION_SEED102/Eval_On_COHFACE,COHFACE,prism,COHFACE_s18_session0_lamp,2,78.99169921875,77.67333984375,correct,78.99169921875,1.0,78.8818359375,0.9993103934665496,79.1015625,0.9984677200813838,77.67333984375,1.0,77.783203125,0.9999418772588853,77.5634765625,0.998081984425121,18_0,18,0,lamp,122.711029053,50.4989471436,1.90003815188,0,547.522774456,0.2884144485
UBFC_A2_L5_CE_CONCENTRATION_SEED102/Eval_On_COHFACE,COHFACE,prism,COHFACE_s18_session0_lamp,3,75.91552734375,74.15771484375,correct,75.91552734375,1.0,76.025390625,0.9994669023951941,75.8056640625,0.9983935958385183,74.15771484375,0.9999999999999998,74.267578125,0.9997068983434739,74.0478515625,0.9976637445797787,18_0,18,0,lamp,122.711029053,50.4989471436,1.90003815188,0,547.522774456,0.2884144485
UBFC_A2_L5_CE_CONCENTRATION_SEED102/Eval_On_COHFACE,COHFACE,prism,COHFACE_s18_session0_lamp,4,75.03662109375,83.935546875,large_error,75.03662109375,1.0,75.146484375,0.9990475252699126,74.9267578125,0.9987502713502368,83.935546875,0.9999999999999999,83.82568359375,0.9993000349577174,84.04541015625,0.9982037169095715,18_0,18,0,lamp,122.711029053,50.4989471436,1.90003815188,0,547.522774456,0.2884144485
UBFC_A2_L5_CE_CONCENTRATION_SEED102/Eval_On_COHFACE,COHFACE,prism,COHFACE_s18_session1_lamp,0,80.31005859375,77.45361328125,correct,80.31005859375,1.0,80.2001953125,0.9988107212270548,80.419921875,0.9985446310830971,77.45361328125,0.9999999999999999,77.5634765625,0.9997819396518548,77.34375,0.9983390567299002,18_1,18,1,lamp,112.426879883,47.2711448669,1.91544071321,0,437.449356726,0.236075371504
UBFC_A2_L5_CE_CONCENTRATION_SEED102/Eval_On_COHFACE,COHFACE,prism,COHFACE_s18_session1_lamp,1,77.783203125,75.69580078125,correct,77.783203125,1.0,77.67333984375,0.9996310634192217,77.89306640625,0.9981323829390674,75.69580078125,0.9999999999999998,75.5859375,0.9995034033044212,75.8056640625,0.9981287078141726,18_1,18,1,lamp,112.426879883,47.2711448669,1.91544071321,0,437.449356726,0.236075371504
UBFC_A2_L5_CE_CONCENTRATION_SEED102/Eval_On_COHFACE,COHFACE,prism,COHFACE_s18_session1_lamp,2,74.15771484375,74.81689453125,correct,74.15771484375,1.0,74.0478515625,0.9989131606512163,74.267578125,0.9987751660923174,74.81689453125,1.0,74.70703125,0.9999293208646919,74.9267578125,0.998742157193021,18_1,18,1,lamp,112.426879883,47.2711448669,1.91544071321,0,437.449356726,0.236075371504
UBFC_A2_L5_CE_CONCENTRATION_SEED102/Eval_On_COHFACE,COHFACE,prism,COHFACE_s18_session1_lamp,3,75.25634765625,75.146484375,correct,75.25634765625,1.0,75.146484375,0.9999643824832698,75.3662109375,0.9978678245485231,75.146484375,1.0,75.03662109375,0.9993462677709382,75.25634765625,0.9990274769360916,18_1,18,1,lamp,112.426879883,47.2711448669,1.91544071321,0,437.449356726,0.236075371504
UBFC_A2_L5_CE_CONCENTRATION_SEED102/Eval_On_COHFACE,COHFACE,prism,COHFACE_s18_session1_lamp,4,75.3662109375,61.962890625,large_error,75.3662109375,1.0,75.25634765625,0.9993319938921477,75.47607421875,0.9982957687937825,61.962890625,0.9999999999999999,62.07275390625,0.999920955986312,61.85302734375,0.9987427425672663,18_1,18,1,lamp,112.426879883,47.2711448669,1.91544071321,0,437.449356726,0.236075371504
UBFC_A2_L5_CE_CONCENTRATION_SEED102/Eval_On_COHFACE,COHFACE,prism,COHFACE_s18_session2_natural,0,75.69580078125,55.1513671875,large_error,75.69580078125,1.0,75.8056640625,0.9989430527221878,75.5859375,0.9985815019188925,55.1513671875,0.9999999999999998,55.04150390625,0.9994605655538835,55.26123046875,0.9989789653121153,18_2,18,2,natural,115.032852173,57.8896903992,4.42329928619,0,500.868561506,0.233198463917
UBFC_A2_L5_CE_CONCENTRATION_SEED102/Eval_On_COHFACE,COHFACE,prism,COHFACE_s18_session2_natural,1,76.13525390625,77.783203125,correct,76.13525390625,0.9999999999999999,76.2451171875,0.9990235394564954,76.025390625,0.9988366801156329,77.783203125,1.0,77.67333984375,0.9992486433895239,77.89306640625,0.9986128235233632,18_2,18,2,natural,115.032852173,57.8896903992,4.42329928619,0,500.868561506,0.233198463917
UBFC_A2_L5_CE_CONCENTRATION_SEED102/Eval_On_COHFACE,COHFACE,prism,COHFACE_s18_session2_natural,2,75.47607421875,75.8056640625,correct,75.47607421875,1.0,75.5859375,0.9994096502573802,75.3662109375,0.9984023073045399,75.8056640625,1.0,75.69580078125,0.9995342910237647,75.91552734375,0.9985183701070424,18_2,18,2,natural,115.032852173,57.8896903992,4.42329928619,0,500.868561506,0.233198463917
UBFC_A2_L5_CE_CONCENTRATION_SEED102/Eval_On_COHFACE,COHFACE,prism,COHFACE_s18_session2_natural,3,75.25634765625,77.67333984375,correct,75.25634765625,1.0,75.3662109375,0.9996175653925415,75.146484375,0.9981580675901028,77.67333984375,1.0,77.783203125,0.9996106187468866,77.5634765625,0.9991384294481731,18_2,18,2,natural,115.032852173,57.8896903992,4.42329928619,0,500.868561506,0.233198463917
UBFC_A2_L5_CE_CONCENTRATION_SEED102/Eval_On_COHFACE,COHFACE,prism,COHFACE_s18_session2_natural,4,77.23388671875,76.79443359375,correct,77.23388671875,1.0,77.1240234375,0.9990319815400341,77.34375,0.9988273304526027,76.79443359375,0.9999999999999998,76.6845703125,0.9998567376270447,76.904296875,0.9980577545406267,18_2,18,2,natural,115.032852173,57.8896903992,4.42329928619,0,500.868561506,0.233198463917
UBFC_A2_L5_CE_CONCENTRATION_SEED102/Eval_On_COHFACE,COHFACE,prism,COHFACE_s18_session3_natural,0,80.74951171875,89.75830078125,large_error,80.74951171875,1.0,80.6396484375,0.9993869770656738,80.859375,0.9990825038452829,89.75830078125,0.9999999999999999,89.8681640625,0.9992200124463324,89.6484375,0.9984624126942179,18_3,18,3,natural,112.597251892,57.0235748291,4.36585846438,0,485.707951667,0.216927990317
UBFC_A2_L5_CE_CONCENTRATION_SEED102/Eval_On_COHFACE,COHFACE,prism,COHFACE_s18_session3_natural,1,77.01416015625,77.67333984375,correct,77.01416015625,1.0,76.904296875,0.999711379597156,77.1240234375,0.9981705820252923,77.67333984375,1.0,77.5634765625,0.9991744729565855,77.783203125,0.9989759316465814,18_3,18,3,natural,112.597251892,57.0235748291,4.36585846438,0,485.707951667,0.216927990317
UBFC_A2_L5_CE_CONCENTRATION_SEED102/Eval_On_COHFACE,COHFACE,prism,COHFACE_s18_session3_natural,2,78.99169921875,79.43115234375,correct,78.99169921875,1.0,79.1015625,0.9996400856937254,78.8818359375,0.9981550445923686,79.43115234375,0.9999999999999998,79.3212890625,0.9993839771912156,79.541015625,0.9986940485370744,18_3,18,3,natural,112.597251892,57.0235748291,4.36585846438,0,485.707951667,0.216927990317
UBFC_A2_L5_CE_CONCENTRATION_SEED102/Eval_On_COHFACE,COHFACE,prism,COHFACE_s18_session3_natural,3,78.11279296875,59.5458984375,large_error,78.11279296875,1.0,78.0029296875,0.9989639091308053,78.22265625,0.998891896380971,59.5458984375,0.9999999999999999,59.43603515625,0.9996368060675489,59.65576171875,0.9984362088307691,18_3,18,3,natural,112.597251892,57.0235748291,4.36585846438,0,485.707951667,0.216927990317
UBFC_A2_L5_CE_CONCENTRATION_SEED102/Eval_On_COHFACE,COHFACE,prism,COHFACE_s18_session3_natural,4,75.03662109375,76.6845703125,correct,75.03662109375,1.0,75.146484375,0.9995278968621754,74.9267578125,0.9982684430918808,76.6845703125,1.0,76.57470703125,0.9999001810462722,76.79443359375,0.9988457634572754,18_3,18,3,natural,112.597251892,57.0235748291,4.36585846438,0,485.707951667,0.216927990317
UBFC_A2_L5_CE_CONCENTRATION_SEED102/Eval_On_COHFACE,COHFACE,prism,COHFACE_s19_session0_lamp,0,72.2900390625,69.32373046875,correct,72.2900390625,0.9999999999999999,72.39990234375,0.9985944115392178,72.18017578125,0.9985378554066111,69.32373046875,0.9999999999999999,69.43359375,0.9995666408345764,69.2138671875,0.999248285804547,19_0,19,0,lamp,106.899406433,55.3109741211,7.33169203151,0,411.266783888,0.187763243914
UBFC_A2_L5_CE_CONCENTRATION_SEED102/Eval_On_COHFACE,COHFACE,prism,COHFACE_s19_session0_lamp,1,67.56591796875,67.12646484375,correct,67.56591796875,0.9999999999999999,67.4560546875,0.9997894511368534,67.67578125,0.9981238649784709,67.12646484375,1.0,67.0166015625,0.999839359351501,67.236328125,0.9985849284161933,19_0,19,0,lamp,106.899406433,55.3109741211,7.33169203151,0,411.266783888,0.187763243914
UBFC_A2_L5_CE_CONCENTRATION_SEED102/Eval_On_COHFACE,COHFACE,prism,COHFACE_s19_session0_lamp,2,69.873046875,69.98291015625,correct,69.873046875,0.9999999999999998,69.98291015625,0.9997633738382334,69.76318359375,0.9976180880157647,69.98291015625,1.0,69.873046875,0.9999652475162631,70.0927734375,0.9980986526831988,19_0,19,0,lamp,106.899406433,55.3109741211,7.33169203151,0,411.266783888,0.187763243914
UBFC_A2_L5_CE_CONCENTRATION_SEED102/Eval_On_COHFACE,COHFACE,prism,COHFACE_s19_session0_lamp,3,66.5771484375,66.24755859375,correct,66.5771484375,0.9999999999999999,66.46728515625,0.9997633910554297,66.68701171875,0.9981995746979324,66.24755859375,1.0,66.357421875,0.9992567807723044,66.1376953125,0.9987809156880748,19_0,19,0,lamp,106.899406433,55.3109741211,7.33169203151,0,411.266783888,0.187763243914
UBFC_A2_L5_CE_CONCENTRATION_SEED102/Eval_On_COHFACE,COHFACE,prism,COHFACE_s19_session0_lamp,4,66.357421875,66.02783203125,correct,66.357421875,0.9999999999999999,66.46728515625,0.9996918396965733,66.24755859375,0.9981699092588562,66.02783203125,1.0,66.1376953125,0.9995213562746555,65.91796875,0.9985788899542811,19_0,19,0,lamp,106.899406433,55.3109741211,7.33169203151,0,411.266783888,0.187763243914
UBFC_A2_L5_CE_CONCENTRATION_SEED102/Eval_On_COHFACE,COHFACE,prism,COHFACE_s19_session1_lamp,0,68.00537109375,71.52099609375,correct,68.00537109375,0.9999999999999999,67.8955078125,0.9998330727342676,68.115234375,0.9974687298459469,71.52099609375,0.9999999999999998,71.630859375,0.9991570583349882,71.4111328125,0.9985361580402219,19_1,19,1,lamp,100.084617615,53.9774742126,8.81093846689,0,415.477674801,0.1887306422
UBFC_A2_L5_CE_CONCENTRATION_SEED102/Eval_On_COHFACE,COHFACE,prism,COHFACE_s19_session1_lamp,1,69.10400390625,70.64208984375,correct,69.10400390625,0.9999999999999999,68.994140625,0.9997738795345716,69.2138671875,0.9979197985592836,70.64208984375,1.0,70.751953125,0.9992643588943501,70.5322265625,0.9989969384386693,19_1,19,1,lamp,100.084617615,53.9774742126,8.81093846689,0,415.477674801,0.1887306422
UBFC_A2_L5_CE_CONCENTRATION_SEED102/Eval_On_COHFACE,COHFACE,prism,COHFACE_s19_session1_lamp,2,68.994140625,70.86181640625,correct,68.994140625,0.9999999999999999,69.10400390625,0.9994401261175238,68.88427734375,0.9984466514804815,70.86181640625,1.0,70.9716796875,0.9993111790963803,70.751953125,0.9987332558244456,19_1,19,1,lamp,100.084617615,53.9774742126,8.81093846689,0,415.477674801,0.1887306422
UBFC_A2_L5_CE_CONCENTRATION_SEED102/Eval_On_COHFACE,COHFACE,prism,COHFACE_s19_session1_lamp,3,68.5546875,67.78564453125,correct,68.5546875,0.9999999999999999,68.66455078125,0.9999762231097361,68.44482421875,0.9977961294786847,67.78564453125,1.0,67.8955078125,0.9990899520151523,67.67578125,0.9988361408526235,19_1,19,1,lamp,100.084617615,53.9774742126,8.81093846689,0,415.477674801,0.1887306422
UBFC_A2_L5_CE_CONCENTRATION_SEED102/Eval_On_COHFACE,COHFACE,prism,COHFACE_s19_session1_lamp,4,69.2138671875,70.9716796875,correct,69.2138671875,1.0,69.32373046875,0.9997904175152768,69.10400390625,0.9979933490562422,70.9716796875,1.0,70.86181640625,0.9995200119674693,71.08154296875,0.998680769178266,19_1,19,1,lamp,100.084617615,53.9774742126,8.81093846689,0,415.477674801,0.1887306422
UBFC_A2_L5_CE_CONCENTRATION_SEED102/Eval_On_COHFACE,COHFACE,prism,COHFACE_s19_session2_natural,0,73.93798828125,90.52734375,large_error,73.93798828125,0.9999999999999998,74.0478515625,0.9997673858268032,73.828125,0.9972304276574008,90.52734375,0.9999999999999997,90.63720703125,0.9991902574966132,90.41748046875,0.9987380821422739,19_2,19,2,natural,96.966796875,58.7346115112,8.80314288753,0,399.950460914,0.219444304705
UBFC_A2_L5_CE_CONCENTRATION_SEED102/Eval_On_COHFACE,COHFACE,prism,COHFACE_s19_session2_natural,1,72.509765625,71.19140625,correct,72.509765625,0.9999999999999999,72.61962890625,0.999715569887432,72.39990234375,0.997999801123591,71.19140625,0.9999999999999999,71.30126953125,0.9997023173272278,71.08154296875,0.9982199949724658,19_2,19,2,natural,96.966796875,58.7346115112,8.80314288753,0,399.950460914,0.219444304705
UBFC_A2_L5_CE_CONCENTRATION_SEED102/Eval_On_COHFACE,COHFACE,prism,COHFACE_s19_session2_natural,2,68.00537109375,66.796875,correct,68.00537109375,1.0,67.8955078125,0.9999188187233857,68.115234375,0.9979665253741778,66.796875,0.9999999999999998,66.68701171875,0.9986622513691568,66.90673828125,0.9986024702242088,19_2,19,2,natural,96.966796875,58.7346115112,8.80314288753,0,399.950460914,0.219444304705
UBFC_A2_L5_CE_CONCENTRATION_SEED102/Eval_On_COHFACE,COHFACE,prism,COHFACE_s19_session2_natural,3,72.61962890625,74.70703125,correct,72.61962890625,1.0,72.509765625,0.9993750402775273,72.7294921875,0.9980000678059854,74.70703125,1.0,74.59716796875,0.9999223060510465,74.81689453125,0.9984404545574391,19_2,19,2,natural,96.966796875,58.7346115112,8.80314288753,0,399.950460914,0.219444304705
UBFC_A2_L5_CE_CONCENTRATION_SEED102/Eval_On_COHFACE,COHFACE,prism,COHFACE_s19_session2_natural,4,67.34619140625,77.1240234375,large_error,67.34619140625,1.0,67.4560546875,0.999889148664109,67.236328125,0.9980682620147301,77.1240234375,0.9999999999999998,77.23388671875,0.9992796076099846,77.01416015625,0.9984593467289661,19_2,19,2,natural,96.966796875,58.7346115112,8.80314288753,0,399.950460914,0.219444304705
UBFC_A2_L5_CE_CONCENTRATION_SEED102/Eval_On_COHFACE,COHFACE,prism,COHFACE_s19_session3_natural,0,73.05908203125,70.86181640625,correct,73.05908203125,1.0,72.94921875,0.9999626220538471,73.1689453125,0.9972841070401816,70.86181640625,0.9999999999999999,70.9716796875,0.9994492007524637,70.751953125,0.9983743705755838,19_3,19,3,natural,99.6521072388,58.5308761597,8.36916882606,0,460.035854498,0.194122970104
UBFC_A2_L5_CE_CONCENTRATION_SEED102/Eval_On_COHFACE,COHFACE,prism,COHFACE_s19_session3_natural,1,68.44482421875,68.66455078125,correct,68.44482421875,1.0,68.3349609375,0.9997139563043633,68.5546875,0.9981017425403994,68.66455078125,0.9999999999999998,68.7744140625,0.9990609797393055,68.5546875,0.9986636415438752,19_3,19,3,natural,99.6521072388,58.5308761597,8.36916882606,0,460.035854498,0.194122970104
UBFC_A2_L5_CE_CONCENTRATION_SEED102/Eval_On_COHFACE,COHFACE,prism,COHFACE_s19_session3_natural,2,67.8955078125,59.65576171875,large_error,67.8955078125,1.0,68.00537109375,0.9990387690836118,67.78564453125,0.9987316067625222,59.65576171875,1.0,59.765625,0.9993666038379071,59.5458984375,0.9989913189450884,19_3,19,3,natural,99.6521072388,58.5308761597,8.36916882606,0,460.035854498,0.194122970104
UBFC_A2_L5_CE_CONCENTRATION_SEED102/Eval_On_COHFACE,COHFACE,prism,COHFACE_s19_session3_natural,3,68.88427734375,66.68701171875,correct,68.88427734375,1.0,68.994140625,0.9992599351499544,68.7744140625,0.9986878293457443,66.68701171875,0.9999999999999999,66.796875,0.9993910916496492,66.5771484375,0.9988704414111175,19_3,19,3,natural,99.6521072388,58.5308761597,8.36916882606,0,460.035854498,0.194122970104
UBFC_A2_L5_CE_CONCENTRATION_SEED102/Eval_On_COHFACE,COHFACE,prism,COHFACE_s19_session3_natural,4,72.83935546875,72.509765625,correct,72.83935546875,1.0,72.7294921875,0.9990730503604861,72.94921875,0.9987661956543753,72.509765625,1.0,72.61962890625,0.9999341533613209,72.39990234375,0.998150223872376,19_3,19,3,natural,99.6521072388,58.5308761597,8.36916882606,0,460.035854498,0.194122970104
UBFC_A2_L5_CE_CONCENTRATION_SEED102/Eval_On_COHFACE,COHFACE,prism,COHFACE_s20_session0_lamp,0,72.2900390625,73.388671875,correct,72.2900390625,1.0,72.18017578125,0.9994278489991625,72.39990234375,0.9986427892370633,73.388671875,0.9999999999999999,73.27880859375,0.9996742922384118,73.49853515625,0.9975467067317012,20_0,20,0,lamp,115.153915405,53.8583908081,0.327797061933,0,389.380604752,0.298877567053
UBFC_A2_L5_CE_CONCENTRATION_SEED102/Eval_On_COHFACE,COHFACE,prism,COHFACE_s20_session0_lamp,1,72.83935546875,73.27880859375,correct,72.83935546875,1.0,72.7294921875,0.9997540959751576,72.94921875,0.9980824071607707,73.27880859375,1.0,73.1689453125,0.9995780487788495,73.388671875,0.9988259299814771,20_0,20,0,lamp,115.153915405,53.8583908081,0.327797061933,0,389.380604752,0.298877567053
UBFC_A2_L5_CE_CONCENTRATION_SEED102/Eval_On_COHFACE,COHFACE,prism,COHFACE_s20_session0_lamp,2,73.49853515625,73.05908203125,correct,73.49853515625,1.0,73.388671875,0.9999964519302174,73.6083984375,0.9978611368527002,73.05908203125,1.0,72.94921875,0.9999718391444973,73.1689453125,0.9982843558954964,20_0,20,0,lamp,115.153915405,53.8583908081,0.327797061933,0,389.380604752,0.298877567053
UBFC_A2_L5_CE_CONCENTRATION_SEED102/Eval_On_COHFACE,COHFACE,prism,COHFACE_s20_session0_lamp,3,72.39990234375,71.96044921875,correct,72.39990234375,1.0,72.509765625,0.9996810224429672,72.2900390625,0.9981025889452677,71.96044921875,1.0,72.0703125,0.9997243378098802,71.8505859375,0.9983958386483911,20_0,20,0,lamp,115.153915405,53.8583908081,0.327797061933,0,389.380604752,0.298877567053
UBFC_A2_L5_CE_CONCENTRATION_SEED102/Eval_On_COHFACE,COHFACE,prism,COHFACE_s20_session0_lamp,4,73.6083984375,73.828125,correct,73.6083984375,1.0,73.49853515625,0.9996157672435527,73.71826171875,0.9981959433811078,73.828125,1.0,73.93798828125,0.9995951179400367,73.71826171875,0.9989196157826788,20_0,20,0,lamp,115.153915405,53.8583908081,0.327797061933,0,389.380604752,0.298877567053
UBFC_A2_L5_CE_CONCENTRATION_SEED102/Eval_On_COHFACE,COHFACE,prism,COHFACE_s20_session1_lamp,0,74.0478515625,77.89306640625,correct,74.0478515625,1.0,74.15771484375,0.999997073230821,73.93798828125,0.9976868598875065,77.89306640625,0.9999999999999999,77.783203125,0.9992810272138541,78.0029296875,0.9987898015556873,20_1,20,1,lamp,118.258743286,43.1958847046,0.226454530219,0,408.619277395,0.235144227743
UBFC_A2_L5_CE_CONCENTRATION_SEED102/Eval_On_COHFACE,COHFACE,prism,COHFACE_s20_session1_lamp,1,74.81689453125,72.7294921875,correct,74.81689453125,1.0,74.70703125,0.9993930794725134,74.9267578125,0.9983765173080372,72.7294921875,1.0,72.61962890625,0.9997025362636242,72.83935546875,0.9980823640337313,20_1,20,1,lamp,118.258743286,43.1958847046,0.226454530219,0,408.619277395,0.235144227743
UBFC_A2_L5_CE_CONCENTRATION_SEED102/Eval_On_COHFACE,COHFACE,prism,COHFACE_s20_session1_lamp,2,72.83935546875,72.18017578125,correct,72.83935546875,1.0,72.94921875,0.9994576909209673,72.7294921875,0.9983811312352648,72.18017578125,1.0,72.0703125,0.9994788403097942,72.2900390625,0.9989269653310345,20_1,20,1,lamp,118.258743286,43.1958847046,0.226454530219,0,408.619277395,0.235144227743
UBFC_A2_L5_CE_CONCENTRATION_SEED102/Eval_On_COHFACE,COHFACE,prism,COHFACE_s20_session1_lamp,3,74.70703125,71.96044921875,correct,74.70703125,1.0,74.81689453125,0.999908675625968,74.59716796875,0.9978803059000598,71.96044921875,1.0,72.0703125,0.9996771957416931,71.8505859375,0.9980646892294033,20_1,20,1,lamp,118.258743286,43.1958847046,0.226454530219,0,408.619277395,0.235144227743
UBFC_A2_L5_CE_CONCENTRATION_SEED102/Eval_On_COHFACE,COHFACE,prism,COHFACE_s20_session1_lamp,4,76.35498046875,77.45361328125,correct,76.35498046875,1.0,76.46484375,0.9996642454871489,76.2451171875,0.998120610231882,77.45361328125,0.9999999999999999,77.34375,0.9995708894430929,77.5634765625,0.9984705225970059,20_1,20,1,lamp,118.258743286,43.1958847046,0.226454530219,0,408.619277395,0.235144227743
UBFC_A2_L5_CE_CONCENTRATION_SEED102/Eval_On_COHFACE,COHFACE,prism,COHFACE_s20_session2_natural,0,79.3212890625,77.5634765625,correct,79.3212890625,1.0,79.43115234375,0.9994898084413791,79.21142578125,0.9983668432596606,77.5634765625,0.9999999999999999,77.45361328125,0.9999276910212604,77.67333984375,0.9978683794235731,20_2,20,2,natural,104.696685791,56.4764289856,0.981437255054,0,416.380321704,0.252615332603
UBFC_A2_L5_CE_CONCENTRATION_SEED102/Eval_On_COHFACE,COHFACE,prism,COHFACE_s20_session2_natural,1,77.01416015625,77.89306640625,correct,77.01416015625,1.0,76.904296875,0.9990156672690949,77.1240234375,0.9987867989688628,77.89306640625,1.0,78.0029296875,0.9995963445917673,77.783203125,0.9982477302449314,20_2,20,2,natural,104.696685791,56.4764289856,0.981437255054,0,416.380321704,0.252615332603
UBFC_A2_L5_CE_CONCENTRATION_SEED102/Eval_On_COHFACE,COHFACE,prism,COHFACE_s20_session2_natural,2,77.01416015625,77.01416015625,correct,77.01416015625,1.0,76.904296875,0.9990661047318125,77.1240234375,0.998707647292726,77.01416015625,1.0,77.1240234375,0.999828097114844,76.904296875,0.9981286642010858,20_2,20,2,natural,104.696685791,56.4764289856,0.981437255054,0,416.380321704,0.252615332603
UBFC_A2_L5_CE_CONCENTRATION_SEED102/Eval_On_COHFACE,COHFACE,prism,COHFACE_s20_session2_natural,3,77.34375,75.47607421875,correct,77.34375,1.0,77.45361328125,0.9999704409189178,77.23388671875,0.9978703959319493,75.47607421875,1.0,75.3662109375,0.9998886531700486,75.5859375,0.9981813683422549,20_2,20,2,natural,104.696685791,56.4764289856,0.981437255054,0,416.380321704,0.252615332603
UBFC_A2_L5_CE_CONCENTRATION_SEED102/Eval_On_COHFACE,COHFACE,prism,COHFACE_s20_session2_natural,4,77.89306640625,77.1240234375,correct,77.89306640625,1.0,78.0029296875,0.9994706603781647,77.783203125,0.9983156271038812,77.1240234375,1.0,77.01416015625,0.9997532403525201,77.23388671875,0.9983216609756335,20_2,20,2,natural,104.696685791,56.4764289856,0.981437255054,0,416.380321704,0.252615332603
UBFC_A2_L5_CE_CONCENTRATION_SEED102/Eval_On_COHFACE,COHFACE,prism,COHFACE_s20_session3_natural,0,77.01416015625,77.34375,correct,77.01416015625,1.0,77.1240234375,0.9998594858842416,76.904296875,0.9982503403769089,77.34375,1.0,77.23388671875,0.9993755384382473,77.45361328125,0.9982717602103768,20_3,20,3,natural,92.202041626,51.7602005005,1.66732737727,0,373.718448043,0.261912226677
UBFC_A2_L5_CE_CONCENTRATION_SEED102/Eval_On_COHFACE,COHFACE,prism,COHFACE_s20_session3_natural,1,76.46484375,76.57470703125,correct,76.46484375,1.0,76.35498046875,0.9994289109146488,76.57470703125,0.9983594980231631,76.57470703125,1.0,76.6845703125,0.999338915474251,76.46484375,0.9983529127527379,20_3,20,3,natural,92.202041626,51.7602005005,1.66732737727,0,373.718448043,0.261912226677
UBFC_A2_L5_CE_CONCENTRATION_SEED102/Eval_On_COHFACE,COHFACE,prism,COHFACE_s20_session3_natural,2,74.15771484375,59.21630859375,large_error,74.15771484375,1.0,74.267578125,0.9996840202804542,74.0478515625,0.9982431346764059,59.21630859375,0.9999999999999999,59.326171875,0.9995967762574517,59.1064453125,0.9977424058990251,20_3,20,3,natural,92.202041626,51.7602005005,1.66732737727,0,373.718448043,0.261912226677
UBFC_A2_L5_CE_CONCENTRATION_SEED102/Eval_On_COHFACE,COHFACE,prism,COHFACE_s20_session3_natural,3,76.35498046875,75.8056640625,correct,76.35498046875,1.0,76.46484375,0.9995800950241447,76.2451171875,0.998157232228793,75.8056640625,1.0,75.91552734375,0.9995641279433701,75.69580078125,0.9980407818387014,20_3,20,3,natural,92.202041626,51.7602005005,1.66732737727,0,373.718448043,0.261912226677
UBFC_A2_L5_CE_CONCENTRATION_SEED102/Eval_On_COHFACE,COHFACE,prism,COHFACE_s20_session3_natural,4,74.70703125,72.39990234375,correct,74.70703125,1.0,74.59716796875,0.9990895153353603,74.81689453125,0.9986935529444242,72.39990234375,1.0,72.509765625,0.9997563171635163,72.2900390625,0.9986102096619485,20_3,20,3,natural,92.202041626,51.7602005005,1.66732737727,0,373.718448043,0.261912226677
UBFC_A2_L5_CE_CONCENTRATION_SEED102/Eval_On_COHFACE,COHFACE,prism,COHFACE_s21_session0_lamp,0,76.35498046875,81.18896484375,large_error,76.35498046875,0.9999999999999999,76.46484375,0.9997246832786385,76.2451171875,0.9977298554229191,81.18896484375,0.9999999999999999,81.298828125,0.9995840918678618,81.0791015625,0.9987947176766134,21_0,21,0,lamp,80.2618408203,57.2874183655,10.0288643742,0,305.966297223,0.309426814318
UBFC_A2_L5_CE_CONCENTRATION_SEED102/Eval_On_COHFACE,COHFACE,prism,COHFACE_s21_session0_lamp,1,74.70703125,78.0029296875,correct,74.70703125,1.0,74.59716796875,0.9997145957243971,74.81689453125,0.9984147608734989,78.0029296875,0.9999999999999998,77.89306640625,0.9991853347593382,78.11279296875,0.9983639960150529,21_0,21,0,lamp,80.2618408203,57.2874183655,10.0288643742,0,305.966297223,0.309426814318
UBFC_A2_L5_CE_CONCENTRATION_SEED102/Eval_On_COHFACE,COHFACE,prism,COHFACE_s21_session0_lamp,2,80.2001953125,80.52978515625,correct,80.2001953125,1.0,80.09033203125,0.9990416470175217,80.31005859375,0.9988494436426724,80.52978515625,1.0,80.6396484375,0.9992043763652223,80.419921875,0.9991496848062236,21_0,21,0,lamp,80.2618408203,57.2874183655,10.0288643742,0,305.966297223,0.309426814318
UBFC_A2_L5_CE_CONCENTRATION_SEED102/Eval_On_COHFACE,COHFACE,prism,COHFACE_s21_session0_lamp,3,84.92431640625,83.49609375,correct,84.92431640625,1.0,84.814453125,0.9996010819365821,85.0341796875,0.9981258994377532,83.49609375,1.0,83.38623046875,0.9990550347298819,83.60595703125,0.9990449651854575,21_0,21,0,lamp,80.2618408203,57.2874183655,10.0288643742,0,305.966297223,0.309426814318
UBFC_A2_L5_CE_CONCENTRATION_SEED102/Eval_On_COHFACE,COHFACE,prism,COHFACE_s21_session0_lamp,4,86.68212890625,87.78076171875,correct,86.68212890625,1.0,86.7919921875,0.9996550888233027,86.572265625,0.998177593533893,87.78076171875,1.0,87.6708984375,0.9992297356533033,87.890625,0.9991990208418646,21_0,21,0,lamp,80.2618408203,57.2874183655,10.0288643742,0,305.966297223,0.309426814318
UBFC_A2_L5_CE_CONCENTRATION_SEED102/Eval_On_COHFACE,COHFACE,prism,COHFACE_s21_session1_lamp,0,83.7158203125,73.71826171875,large_error,83.7158203125,1.0,83.82568359375,0.9998025527404684,83.60595703125,0.9985133827612113,73.71826171875,0.9999999999999998,73.828125,0.9996703266149104,73.6083984375,0.9990721824941637,21_1,21,1,lamp,86.8260650635,60.4425773621,7.95063751423,0,294.636127525,0.338688731194
UBFC_A2_L5_CE_CONCENTRATION_SEED102/Eval_On_COHFACE,COHFACE,prism,COHFACE_s21_session1_lamp,1,86.24267578125,77.89306640625,large_error,86.24267578125,1.0,86.1328125,0.999175461610028,86.3525390625,0.9987141731399904,77.89306640625,1.0,78.0029296875,0.9995846228145836,77.783203125,0.9978159785129567,21_1,21,1,lamp,86.8260650635,60.4425773621,7.95063751423,0,294.636127525,0.338688731194
UBFC_A2_L5_CE_CONCENTRATION_SEED102/Eval_On_COHFACE,COHFACE,prism,COHFACE_s21_session1_lamp,2,85.25390625,84.375,correct,85.25390625,1.0,85.36376953125,0.9993013642913073,85.14404296875,0.9984193480028927,84.375,1.0,84.48486328125,0.9999059240840451,84.26513671875,0.9979651694066499,21_1,21,1,lamp,86.8260650635,60.4425773621,7.95063751423,0,294.636127525,0.338688731194
UBFC_A2_L5_CE_CONCENTRATION_SEED102/Eval_On_COHFACE,COHFACE,prism,COHFACE_s21_session1_lamp,3,84.814453125,84.48486328125,correct,84.814453125,1.0,84.92431640625,0.999126517252842,84.70458984375,0.9985290374812007,84.48486328125,0.9999999999999999,84.5947265625,0.9993652160352735,84.375,0.998583505608412,21_1,21,1,lamp,86.8260650635,60.4425773621,7.95063751423,0,294.636127525,0.338688731194
UBFC_A2_L5_CE_CONCENTRATION_SEED102/Eval_On_COHFACE,COHFACE,prism,COHFACE_s21_session1_lamp,4,84.1552734375,82.8369140625,correct,84.1552734375,1.0,84.26513671875,0.9994028238626858,84.04541015625,0.9986336031786152,82.8369140625,0.9999999999999998,82.94677734375,0.9998998179883922,82.72705078125,0.9991704640403911,21_1,21,1,lamp,86.8260650635,60.4425773621,7.95063751423,0,294.636127525,0.338688731194
UBFC_A2_L5_CE_CONCENTRATION_SEED102/Eval_On_COHFACE,COHFACE,prism,COHFACE_s21_session2_natural,0,92.724609375,88.76953125,correct,92.724609375,1.0,92.83447265625,0.9993780133498267,92.61474609375,0.9986625335260396,88.76953125,0.9999999999999998,88.65966796875,0.9993891742530034,88.87939453125,0.9983370168215708,21_2,21,2,natural,74.4297027588,63.0645675659,21.5111536695,0,284.070781561,0.319762647152
UBFC_A2_L5_CE_CONCENTRATION_SEED102/Eval_On_COHFACE,COHFACE,prism,COHFACE_s21_session2_natural,1,89.53857421875,60.8642578125,large_error,89.53857421875,1.0,89.6484375,0.9990020893168716,89.4287109375,0.9988342031886199,60.8642578125,0.9999999999999999,60.75439453125,0.9990480025298464,60.97412109375,0.9985478436533212,21_2,21,2,natural,74.4297027588,63.0645675659,21.5111536695,0,284.070781561,0.319762647152
UBFC_A2_L5_CE_CONCENTRATION_SEED102/Eval_On_COHFACE,COHFACE,prism,COHFACE_s21_session2_natural,2,90.63720703125,89.97802734375,correct,90.63720703125,1.0,90.7470703125,0.9994152760568034,90.52734375,0.9984062719854138,89.97802734375,0.9999999999999998,90.087890625,0.9998736275430574,89.8681640625,0.9975582362168821,21_2,21,2,natural,74.4297027588,63.0645675659,21.5111536695,0,284.070781561,0.319762647152
UBFC_A2_L5_CE_CONCENTRATION_SEED102/Eval_On_COHFACE,COHFACE,prism,COHFACE_s21_session2_natural,3,91.6259765625,84.814453125,large_error,91.6259765625,1.0,91.73583984375,0.9990973675757212,91.51611328125,0.9986508141406983,84.814453125,0.9999999999999998,84.70458984375,0.9994636314436719,84.92431640625,0.9978256269768871,21_2,21,2,natural,74.4297027588,63.0645675659,21.5111536695,0,284.070781561,0.319762647152
UBFC_A2_L5_CE_CONCENTRATION_SEED102/Eval_On_COHFACE,COHFACE,prism,COHFACE_s21_session2_natural,4,92.28515625,60.09521484375,large_error,92.28515625,1.0,92.17529296875,0.9990752492128481,92.39501953125,0.9988052594120335,60.09521484375,0.9999999999999999,60.205078125,0.9996929991722702,59.9853515625,0.9982967499680245,21_2,21,2,natural,74.4297027588,63.0645675659,21.5111536695,0,284.070781561,0.319762647152
UBFC_A2_L5_CE_CONCENTRATION_SEED102/Eval_On_COHFACE,COHFACE,prism,COHFACE_s21_session3_natural,0,81.73828125,81.9580078125,correct,81.73828125,0.9999999999999998,81.62841796875,0.9999797849649443,81.84814453125,0.9979616814905558,81.9580078125,0.9999999999999998,81.84814453125,0.9999508691950503,82.06787109375,0.9990308206870225,21_3,21,3,natural,71.8591918945,62.3099555969,22.6045708907,0,276.61923932,0.337793499231
UBFC_A2_L5_CE_CONCENTRATION_SEED102/Eval_On_COHFACE,COHFACE,prism,COHFACE_s21_session3_natural,1,91.1865234375,88.9892578125,correct,91.1865234375,1.0,91.07666015625,0.9998306190668429,91.29638671875,0.9980089830609917,88.9892578125,0.9999999999999999,88.87939453125,0.9998133390254955,89.09912109375,0.9994221722029869,21_3,21,3,natural,71.8591918945,62.3099555969,22.6045708907,0,276.61923932,0.337793499231
UBFC_A2_L5_CE_CONCENTRATION_SEED102/Eval_On_COHFACE,COHFACE,prism,COHFACE_s21_session3_natural,2,88.5498046875,52.84423828125,large_error,88.5498046875,1.0,88.65966796875,0.9998975100631412,88.43994140625,0.9978228893770521,52.84423828125,0.9999999999999998,52.9541015625,0.9993911515778179,52.734375,0.9992139282693028,21_3,21,3,natural,71.8591918945,62.3099555969,22.6045708907,0,276.61923932,0.337793499231
UBFC_A2_L5_CE_CONCENTRATION_SEED102/Eval_On_COHFACE,COHFACE,prism,COHFACE_s21_session3_natural,3,85.80322265625,76.2451171875,large_error,85.80322265625,1.0,85.693359375,0.9990666732649655,85.9130859375,0.9988128756291177,76.2451171875,0.9999999999999999,76.13525390625,0.9995676648054872,76.35498046875,0.9983224900463089,21_3,21,3,natural,71.8591918945,62.3099555969,22.6045708907,0,276.61923932,0.337793499231
UBFC_A2_L5_CE_CONCENTRATION_SEED102/Eval_On_COHFACE,COHFACE,prism,COHFACE_s21_session3_natural,4,89.31884765625,84.70458984375,large_error,89.31884765625,1.0,89.208984375,0.9995641398109771,89.4287109375,0.9984645661709123,84.70458984375,0.9999999999999998,84.814453125,0.9994023296838854,84.5947265625,0.9985637362350465,21_3,21,3,natural,71.8591918945,62.3099555969,22.6045708907,0,276.61923932,0.337793499231
UBFC_A2_L5_CE_CONCENTRATION_SEED102/Eval_On_COHFACE,COHFACE,prism,COHFACE_s22_session0_lamp,0,58.88671875,65.2587890625,large_error,58.88671875,0.9999999999999999,58.99658203125,0.9999003630913944,58.77685546875,0.9989966438331034,65.2587890625,0.9999999999999999,65.14892578125,0.9996001645391334,65.36865234375,0.9980464163002389,22_0,22,0,lamp,110.510246277,45.0431289673,1.43754915042,0,506.496473221,0.145853310823
UBFC_A2_L5_CE_CONCENTRATION_SEED102/Eval_On_COHFACE,COHFACE,prism,COHFACE_s22_session0_lamp,1,59.87548828125,58.88671875,correct,59.87548828125,1.0,59.9853515625,0.9994117224564588,59.765625,0.9984501912443858,58.88671875,0.9999999999999999,58.99658203125,0.9994586215030636,58.77685546875,0.9991191655608721,22_0,22,0,lamp,110.510246277,45.0431289673,1.43754915042,0,506.496473221,0.145853310823
UBFC_A2_L5_CE_CONCENTRATION_SEED102/Eval_On_COHFACE,COHFACE,prism,COHFACE_s22_session0_lamp,2,58.99658203125,77.89306640625,super_harmonic_1p5x,58.99658203125,1.0,58.88671875,0.9997061168045513,59.1064453125,0.9979549155976287,77.89306640625,0.9999999999999998,78.0029296875,0.9995626956242947,77.783203125,0.9987743027849167,22_0,22,0,lamp,110.510246277,45.0431289673,1.43754915042,0,506.496473221,0.145853310823
UBFC_A2_L5_CE_CONCENTRATION_SEED102/Eval_On_COHFACE,COHFACE,prism,COHFACE_s22_session0_lamp,3,60.75439453125,73.388671875,large_error,60.75439453125,1.0,60.8642578125,0.9995322044946494,60.64453125,0.9983349100491248,73.388671875,0.9999999999999999,73.49853515625,0.9992643402624075,73.27880859375,0.9991800663043923,22_0,22,0,lamp,110.510246277,45.0431289673,1.43754915042,0,506.496473221,0.145853310823
UBFC_A2_L5_CE_CONCENTRATION_SEED102/Eval_On_COHFACE,COHFACE,prism,COHFACE_s22_session0_lamp,4,59.5458984375,95.91064453125,super_harmonic_1p5x,59.5458984375,1.0,59.65576171875,0.9994073456008613,59.43603515625,0.9983125206117436,95.91064453125,0.9999999999999997,95.80078125,0.9998810751686316,96.0205078125,0.997917930900483,22_0,22,0,lamp,110.510246277,45.0431289673,1.43754915042,0,506.496473221,0.145853310823
UBFC_A2_L5_CE_CONCENTRATION_SEED102/Eval_On_COHFACE,COHFACE,prism,COHFACE_s22_session1_lamp,0,61.85302734375,80.419921875,super_harmonic_1p5x,61.85302734375,1.0,61.962890625,0.9989527174005398,61.7431640625,0.9984478154979711,80.419921875,0.9999999999999998,80.31005859375,0.9998705148807405,80.52978515625,0.9969655121579636,22_1,22,1,lamp,112.16015625,44.9338302612,1.26765789372,0,452.188485886,0.140685558319
UBFC_A2_L5_CE_CONCENTRATION_SEED102/Eval_On_COHFACE,COHFACE,prism,COHFACE_s22_session1_lamp,1,61.962890625,53.94287109375,large_error,61.962890625,1.0,61.85302734375,0.9997916010167445,62.07275390625,0.9978789988105442,53.94287109375,0.9999999999999996,53.8330078125,0.9992486176019484,54.052734375,0.9979013709546493,22_1,22,1,lamp,112.16015625,44.9338302612,1.26765789372,0,452.188485886,0.140685558319
UBFC_A2_L5_CE_CONCENTRATION_SEED102/Eval_On_COHFACE,COHFACE,prism,COHFACE_s22_session1_lamp,2,60.8642578125,60.4248046875,correct,60.8642578125,1.0,60.97412109375,0.9993260692393705,60.75439453125,0.9983890957454403,60.4248046875,0.9999999999999998,60.53466796875,0.9996559184417505,60.31494140625,0.997223555283602,22_1,22,1,lamp,112.16015625,44.9338302612,1.26765789372,0,452.188485886,0.140685558319
UBFC_A2_L5_CE_CONCENTRATION_SEED102/Eval_On_COHFACE,COHFACE,prism,COHFACE_s22_session1_lamp,3,61.19384765625,60.4248046875,correct,61.19384765625,1.0,61.083984375,0.9990354820778189,61.3037109375,0.9988016555280579,60.4248046875,1.0,60.31494140625,0.9992487529470896,60.53466796875,0.9987979949119069,22_1,22,1,lamp,112.16015625,44.9338302612,1.26765789372,0,452.188485886,0.140685558319
UBFC_A2_L5_CE_CONCENTRATION_SEED102/Eval_On_COHFACE,COHFACE,prism,COHFACE_s22_session1_lamp,4,63.17138671875,85.25390625,super_harmonic_1p5x,63.17138671875,1.0,63.28125,0.9996951257407489,63.0615234375,0.9982011477593848,85.25390625,0.9999999999999997,85.14404296875,0.9992300290445238,85.36376953125,0.9978905992353589,22_1,22,1,lamp,112.16015625,44.9338302612,1.26765789372,0,452.188485886,0.140685558319
UBFC_A2_L5_CE_CONCENTRATION_SEED102/Eval_On_COHFACE,COHFACE,prism,COHFACE_s22_session2_natural,0,61.41357421875,64.92919921875,correct,61.41357421875,0.9999999999999998,61.3037109375,0.9999301375819848,61.5234375,0.9984561302472961,64.92919921875,1.0,64.8193359375,0.9998655790657914,65.0390625,0.9985428782209395,22_2,22,2,natural,86.8007583618,44.2433776855,3.9212972811,0,381.48789175,0.161582663655
UBFC_A2_L5_CE_CONCENTRATION_SEED102/Eval_On_COHFACE,COHFACE,prism,COHFACE_s22_session2_natural,1,61.41357421875,60.53466796875,correct,61.41357421875,1.0,61.3037109375,0.9991322748094588,61.5234375,0.9986530372758221,60.53466796875,1.0,60.4248046875,0.9992515013768148,60.64453125,0.9988263964552707,22_2,22,2,natural,86.8007583618,44.2433776855,3.9212972811,0,381.48789175,0.161582663655
UBFC_A2_L5_CE_CONCENTRATION_SEED102/Eval_On_COHFACE,COHFACE,prism,COHFACE_s22_session2_natural,2,61.85302734375,64.27001953125,correct,61.85302734375,1.0,61.7431640625,0.9993554456810875,61.962890625,0.9983144045113569,64.27001953125,1.0,64.16015625,0.999281858773787,64.3798828125,0.9984863896349574,22_2,22,2,natural,86.8007583618,44.2433776855,3.9212972811,0,381.48789175,0.161582663655
UBFC_A2_L5_CE_CONCENTRATION_SEED102/Eval_On_COHFACE,COHFACE,prism,COHFACE_s22_session2_natural,3,61.7431640625,60.53466796875,correct,61.7431640625,1.0,61.63330078125,0.9998800470728221,61.85302734375,0.9978662216979715,60.53466796875,1.0,60.64453125,0.9995298699416229,60.4248046875,0.9983357587480219,22_2,22,2,natural,86.8007583618,44.2433776855,3.9212972811,0,381.48789175,0.161582663655
UBFC_A2_L5_CE_CONCENTRATION_SEED102/Eval_On_COHFACE,COHFACE,prism,COHFACE_s22_session2_natural,4,62.29248046875,61.85302734375,correct,62.29248046875,1.0,62.40234375,0.9996113383930403,62.1826171875,0.9981963359683835,61.85302734375,0.9999999999999999,61.962890625,0.9995699904688181,61.7431640625,0.9984606157136119,22_2,22,2,natural,86.8007583618,44.2433776855,3.9212972811,0,381.48789175,0.161582663655
UBFC_A2_L5_CE_CONCENTRATION_SEED102/Eval_On_COHFACE,COHFACE,prism,COHFACE_s22_session3_natural,0,60.64453125,60.97412109375,correct,60.64453125,0.9999999999999998,60.53466796875,0.9991880127399064,60.75439453125,0.998839390589401,60.97412109375,0.9999999999999998,60.8642578125,0.9998019086515006,61.083984375,0.9981252424193914,22_3,22,3,natural,99.2555084229,47.8403244019,2.4667066316,0,449.02106529,0.181489810348
UBFC_A2_L5_CE_CONCENTRATION_SEED102/Eval_On_COHFACE,COHFACE,prism,COHFACE_s22_session3_natural,1,60.205078125,59.87548828125,correct,60.205078125,1.0,60.31494140625,0.9996512419001604,60.09521484375,0.9980904076030003,59.87548828125,0.9999999999999999,59.9853515625,0.9989948902360293,59.765625,0.9988226623805361,22_3,22,3,natural,99.2555084229,47.8403244019,2.4667066316,0,449.02106529,0.181489810348
UBFC_A2_L5_CE_CONCENTRATION_SEED102/Eval_On_COHFACE,COHFACE,prism,COHFACE_s22_session3_natural,2,62.73193359375,62.95166015625,correct,62.73193359375,1.0,62.6220703125,0.9989152068557793,62.841796875,0.9986777822047177,62.95166015625,0.9999999999999999,63.0615234375,0.9992079150517845,62.841796875,0.9990962376082392,22_3,22,3,natural,99.2555084229,47.8403244019,2.4667066316,0,449.02106529,0.181489810348
UBFC_A2_L5_CE_CONCENTRATION_SEED102/Eval_On_COHFACE,COHFACE,prism,COHFACE_s22_session3_natural,3,64.05029296875,66.1376953125,correct,64.05029296875,1.0,64.16015625,0.9990515347835774,63.9404296875,0.9989826583894704,66.1376953125,1.0,66.02783203125,0.9999050030915086,66.24755859375,0.9985368141504993,22_3,22,3,natural,99.2555084229,47.8403244019,2.4667066316,0,449.02106529,0.181489810348
UBFC_A2_L5_CE_CONCENTRATION_SEED102/Eval_On_COHFACE,COHFACE,prism,COHFACE_s22_session3_natural,4,61.083984375,60.205078125,correct,61.083984375,1.0,60.97412109375,0.9989393660928109,61.19384765625,0.9988921739446565,60.205078125,1.0,60.31494140625,0.9997571744836112,60.09521484375,0.9982200121600427,22_3,22,3,natural,99.2555084229,47.8403244019,2.4667066316,0,449.02106529,0.181489810348
UBFC_A2_L5_CE_CONCENTRATION_SEED102/Eval_On_COHFACE,COHFACE,prism,COHFACE_s23_session0_lamp,0,85.4736328125,83.7158203125,correct,85.4736328125,1.0,85.36376953125,0.9990263193363061,85.58349609375,0.998805546100023,83.7158203125,1.0,83.60595703125,0.9999036120489884,83.82568359375,0.9986668508169645,23_0,23,0,lamp,95.909286499,51.3772239685,8.52976413752,0,440.155867381,0.224120661616
UBFC_A2_L5_CE_CONCENTRATION_SEED102/Eval_On_COHFACE,COHFACE,prism,COHFACE_s23_session0_lamp,1,80.859375,95.47119140625,large_error,80.859375,1.0,80.74951171875,0.999654050899382,80.96923828125,0.9981004531746526,95.47119140625,0.9999999999999999,95.361328125,0.9995126825038396,95.5810546875,0.9983242212347221,23_0,23,0,lamp,95.909286499,51.3772239685,8.52976413752,0,440.155867381,0.224120661616
UBFC_A2_L5_CE_CONCENTRATION_SEED102/Eval_On_COHFACE,COHFACE,prism,COHFACE_s23_session0_lamp,2,80.31005859375,78.33251953125,correct,80.31005859375,1.0,80.419921875,0.9990542015179734,80.2001953125,0.998995150865026,78.33251953125,0.9999999999999999,78.22265625,0.9989951385059073,78.4423828125,0.9985827085652907,23_0,23,0,lamp,95.909286499,51.3772239685,8.52976413752,0,440.155867381,0.224120661616
UBFC_A2_L5_CE_CONCENTRATION_SEED102/Eval_On_COHFACE,COHFACE,prism,COHFACE_s23_session0_lamp,3,81.18896484375,83.49609375,correct,81.18896484375,1.0,81.298828125,0.9993542654585232,81.0791015625,0.9983785756803853,83.49609375,1.0,83.60595703125,0.999658017464032,83.38623046875,0.9986619277768362,23_0,23,0,lamp,95.909286499,51.3772239685,8.52976413752,0,440.155867381,0.224120661616
UBFC_A2_L5_CE_CONCENTRATION_SEED102/Eval_On_COHFACE,COHFACE,prism,COHFACE_s23_session0_lamp,4,82.6171875,82.94677734375,correct,82.6171875,1.0,82.50732421875,0.9994633048369517,82.72705078125,0.9982559462005626,82.94677734375,1.0,82.8369140625,0.9995066137514775,83.056640625,0.9980956251780448,23_0,23,0,lamp,95.909286499,51.3772239685,8.52976413752,0,440.155867381,0.224120661616
UBFC_A2_L5_CE_CONCENTRATION_SEED102/Eval_On_COHFACE,COHFACE,prism,COHFACE_s23_session1_lamp,0,89.208984375,89.53857421875,correct,89.208984375,1.0,89.09912109375,0.9997471381875189,89.31884765625,0.9979100380153113,89.53857421875,1.0,89.6484375,0.9994383166913888,89.4287109375,0.9986622826781857,23_1,23,1,lamp,97.3190841675,50.1685676575,8.01333185076,0,412.736463868,0.267042934895
UBFC_A2_L5_CE_CONCENTRATION_SEED102/Eval_On_COHFACE,COHFACE,prism,COHFACE_s23_session1_lamp,1,84.375,86.24267578125,correct,84.375,1.0,84.48486328125,0.9992291560101739,84.26513671875,0.9989409914778281,86.24267578125,0.9999999999999999,86.1328125,0.9994964398295593,86.3525390625,0.9985938499804201,23_1,23,1,lamp,97.3190841675,50.1685676575,8.01333185076,0,412.736463868,0.267042934895
UBFC_A2_L5_CE_CONCENTRATION_SEED102/Eval_On_COHFACE,COHFACE,prism,COHFACE_s23_session1_lamp,2,83.16650390625,83.2763671875,correct,83.16650390625,1.0,83.2763671875,0.9998151293604925,83.056640625,0.9981031567578813,83.2763671875,1.0,83.38623046875,0.9992444549730414,83.16650390625,0.9987454905293295,23_1,23,1,lamp,97.3190841675,50.1685676575,8.01333185076,0,412.736463868,0.267042934895
UBFC_A2_L5_CE_CONCENTRATION_SEED102/Eval_On_COHFACE,COHFACE,prism,COHFACE_s23_session1_lamp,3,86.24267578125,88.76953125,correct,86.24267578125,1.0,86.3525390625,0.9992182292401305,86.1328125,0.998696271362004,88.76953125,0.9999999999999999,88.65966796875,0.9987878754829566,88.87939453125,0.99876647551838,23_1,23,1,lamp,97.3190841675,50.1685676575,8.01333185076,0,412.736463868,0.267042934895
UBFC_A2_L5_CE_CONCENTRATION_SEED102/Eval_On_COHFACE,COHFACE,prism,COHFACE_s23_session1_lamp,4,88.65966796875,73.71826171875,large_error,88.65966796875,1.0,88.5498046875,0.9994460583977276,88.76953125,0.9982818218099986,73.71826171875,0.9999999999999999,73.6083984375,0.9995085107645013,73.828125,0.9988133494797591,23_1,23,1,lamp,97.3190841675,50.1685676575,8.01333185076,0,412.736463868,0.267042934895
UBFC_A2_L5_CE_CONCENTRATION_SEED102/Eval_On_COHFACE,COHFACE,prism,COHFACE_s23_session2_natural,0,84.48486328125,84.375,correct,84.48486328125,0.9999999999999999,84.375,0.999563888097364,84.5947265625,0.9981850994384719,84.375,0.9999999999999999,84.26513671875,0.9993891448748937,84.48486328125,0.9981906609605055,23_2,23,2,natural,88.4954605103,53.6308174133,9.50093048298,0,466.143943163,0.284849762917
UBFC_A2_L5_CE_CONCENTRATION_SEED102/Eval_On_COHFACE,COHFACE,prism,COHFACE_s23_session2_natural,1,80.09033203125,89.4287109375,large_error,80.09033203125,1.0,80.2001953125,0.9991105269813191,79.98046875,0.9985435858881295,89.4287109375,1.0,89.31884765625,0.9999713344758208,89.53857421875,0.9980092544382277,23_2,23,2,natural,88.4954605103,53.6308174133,9.50093048298,0,466.143943163,0.284849762917
UBFC_A2_L5_CE_CONCENTRATION_SEED102/Eval_On_COHFACE,COHFACE,prism,COHFACE_s23_session2_natural,2,82.94677734375,83.16650390625,correct,82.94677734375,1.0,83.056640625,0.9991307633713198,82.8369140625,0.9986537741625108,83.16650390625,1.0,83.056640625,0.9998490867231455,83.2763671875,0.9983436894369905,23_2,23,2,natural,88.4954605103,53.6308174133,9.50093048298,0,466.143943163,0.284849762917
UBFC_A2_L5_CE_CONCENTRATION_SEED102/Eval_On_COHFACE,COHFACE,prism,COHFACE_s23_session2_natural,3,83.2763671875,83.82568359375,correct,83.2763671875,1.0,83.38623046875,0.9999692937711533,83.16650390625,0.9978550727207888,83.82568359375,1.0,83.935546875,0.9997917979739944,83.7158203125,0.9979214935021976,23_2,23,2,natural,88.4954605103,53.6308174133,9.50093048298,0,466.143943163,0.284849762917
UBFC_A2_L5_CE_CONCENTRATION_SEED102/Eval_On_COHFACE,COHFACE,prism,COHFACE_s23_session2_natural,4,84.92431640625,83.82568359375,correct,84.92431640625,1.0,85.0341796875,0.9995612686545066,84.814453125,0.9981983077432279,83.82568359375,1.0,83.935546875,0.9991596360552383,83.7158203125,0.9987346412149806,23_2,23,2,natural,88.4954605103,53.6308174133,9.50093048298,0,466.143943163,0.284849762917
UBFC_A2_L5_CE_CONCENTRATION_SEED102/Eval_On_COHFACE,COHFACE,prism,COHFACE_s23_session3_natural,0,84.04541015625,82.8369140625,correct,84.04541015625,0.9999999999999998,84.1552734375,0.9990388220838977,83.935546875,0.9982545400361972,82.8369140625,1.0,82.72705078125,0.9989155739585902,82.94677734375,0.9988061146677385,23_3,23,3,natural,83.6291809082,52.0626373291,10.8606805865,0,378.592485618,0.294398337603
UBFC_A2_L5_CE_CONCENTRATION_SEED102/Eval_On_COHFACE,COHFACE,prism,COHFACE_s23_session3_natural,1,84.70458984375,83.935546875,correct,84.70458984375,1.0,84.5947265625,0.999575818234145,84.814453125,0.9982004719087176,83.935546875,1.0,84.04541015625,0.99996884552353,83.82568359375,0.9978424748905484,23_3,23,3,natural,83.6291809082,52.0626373291,10.8606805865,0,378.592485618,0.294398337603
UBFC_A2_L5_CE_CONCENTRATION_SEED102/Eval_On_COHFACE,COHFACE,prism,COHFACE_s23_session3_natural,2,84.48486328125,84.04541015625,correct,84.48486328125,1.0,84.5947265625,0.9996454995859786,84.375,0.9983730236416368,84.04541015625,1.0,83.935546875,0.9996829798937241,84.1552734375,0.9982653191892407,23_3,23,3,natural,83.6291809082,52.0626373291,10.8606805865,0,378.592485618,0.294398337603
UBFC_A2_L5_CE_CONCENTRATION_SEED102/Eval_On_COHFACE,COHFACE,prism,COHFACE_s23_session3_natural,3,83.82568359375,72.18017578125,large_error,83.82568359375,1.0,83.7158203125,0.998933645644091,83.935546875,0.9988528590828796,72.18017578125,0.9999999999999999,72.0703125,0.999485653019744,72.2900390625,0.998033449366597,23_3,23,3,natural,83.6291809082,52.0626373291,10.8606805865,0,378.592485618,0.294398337603
UBFC_A2_L5_CE_CONCENTRATION_SEED102/Eval_On_COHFACE,COHFACE,prism,COHFACE_s23_session3_natural,4,88.5498046875,88.87939453125,correct,88.5498046875,1.0,88.65966796875,0.999771969084695,88.43994140625,0.9980776796400828,88.87939453125,1.0,88.9892578125,0.9999825739042216,88.76953125,0.997847588888657,23_3,23,3,natural,83.6291809082,52.0626373291,10.8606805865,0,378.592485618,0.294398337603
UBFC_A2_L5_CE_CONCENTRATION_SEED102/Eval_On_COHFACE,COHFACE,prism,COHFACE_s24_session0_lamp,0,94.2626953125,60.09521484375,large_error,94.2626953125,0.9999999999999999,94.15283203125,0.998980278959438,94.37255859375,0.9983323317255843,60.09521484375,0.9999999999999999,59.9853515625,0.9993754989882034,60.205078125,0.9988036430131669,24_0,24,0,lamp,112.569618225,74.0282821655,1.35697468673,0.0836161497009,965.477204192,0.333256900311
UBFC_A2_L5_CE_CONCENTRATION_SEED102/Eval_On_COHFACE,COHFACE,prism,COHFACE_s24_session0_lamp,1,96.78955078125,96.0205078125,correct,96.78955078125,0.9999999999999998,96.6796875,0.9999564055704497,96.8994140625,0.9978578494434361,96.0205078125,0.9999999999999999,95.91064453125,0.9987792392426672,96.13037109375,0.998723205540408,24_0,24,0,lamp,112.569618225,74.0282821655,1.35697468673,0.0836161497009,965.477204192,0.333256900311
UBFC_A2_L5_CE_CONCENTRATION_SEED102/Eval_On_COHFACE,COHFACE,prism,COHFACE_s24_session0_lamp,2,95.25146484375,95.69091796875,correct,95.25146484375,0.9999999999999999,95.361328125,0.9990068669204021,95.1416015625,0.9987278857424816,95.69091796875,0.9999999999999999,95.5810546875,0.9999706177125517,95.80078125,0.997714343832461,24_0,24,0,lamp,112.569618225,74.0282821655,1.35697468673,0.0836161497009,965.477204192,0.333256900311
UBFC_A2_L5_CE_CONCENTRATION_SEED102/Eval_On_COHFACE,COHFACE,prism,COHFACE_s24_session0_lamp,3,94.482421875,75.8056640625,large_error,94.482421875,0.9999999999999999,94.59228515625,0.9997504497598265,94.37255859375,0.997809632075928,75.8056640625,0.9999999999999999,75.69580078125,0.9992299444064054,75.91552734375,0.9991503662321733,24_0,24,0,lamp,112.569618225,74.0282821655,1.35697468673,0.0836161497009,965.477204192,0.333256900311
UBFC_A2_L5_CE_CONCENTRATION_SEED102/Eval_On_COHFACE,COHFACE,prism,COHFACE_s24_session0_lamp,4,92.83447265625,89.53857421875,correct,92.83447265625,0.9999999999999999,92.9443359375,0.9998476156005545,92.724609375,0.9979185663968229,89.53857421875,0.9999999999999998,89.6484375,0.9995283437270068,89.4287109375,0.9985891808920068,24_0,24,0,lamp,112.569618225,74.0282821655,1.35697468673,0.0836161497009,965.477204192,0.333256900311
UBFC_A2_L5_CE_CONCENTRATION_SEED102/Eval_On_COHFACE,COHFACE,prism,COHFACE_s24_session1_lamp,0,95.25146484375,58.447265625,large_error,95.25146484375,1.0,95.1416015625,0.9996961974402285,95.361328125,0.9975237506181265,58.447265625,0.9999999999999999,58.55712890625,0.9992904863874305,58.33740234375,0.9985942921796829,24_1,24,1,lamp,85.680770874,62.4617729187,8.1919486949,0,521.723992967,0.206033855677
UBFC_A2_L5_CE_CONCENTRATION_SEED102/Eval_On_COHFACE,COHFACE,prism,COHFACE_s24_session1_lamp,1,96.56982421875,82.06787109375,large_error,96.56982421875,1.0,96.4599609375,0.9998985203267652,96.6796875,0.9979069837194289,82.06787109375,0.9999999999999999,81.9580078125,0.9990809530844218,82.177734375,0.998692013049835,24_1,24,1,lamp,85.680770874,62.4617729187,8.1919486949,0,521.723992967,0.206033855677
UBFC_A2_L5_CE_CONCENTRATION_SEED102/Eval_On_COHFACE,COHFACE,prism,COHFACE_s24_session1_lamp,2,95.91064453125,95.03173828125,correct,95.91064453125,1.0,96.0205078125,0.999114907042836,95.80078125,0.9986981359770352,95.03173828125,0.9999999999999999,94.921875,0.9988673268146687,95.1416015625,0.9988197084462898,24_1,24,1,lamp,85.680770874,62.4617729187,8.1919486949,0,521.723992967,0.206033855677
UBFC_A2_L5_CE_CONCENTRATION_SEED102/Eval_On_COHFACE,COHFACE,prism,COHFACE_s24_session1_lamp,3,89.4287109375,89.75830078125,correct,89.4287109375,1.0,89.53857421875,0.9998413016749451,89.31884765625,0.9980568350149744,89.75830078125,1.0,89.8681640625,0.9991403826737746,89.6484375,0.9989137136771445,24_1,24,1,lamp,85.680770874,62.4617729187,8.1919486949,0,521.723992967,0.206033855677
UBFC_A2_L5_CE_CONCENTRATION_SEED102/Eval_On_COHFACE,COHFACE,prism,COHFACE_s24_session1_lamp,4,88.65966796875,60.75439453125,large_error,88.65966796875,1.0,88.76953125,0.9990553239232938,88.5498046875,0.9987590897601373,60.75439453125,0.9999999999999998,60.8642578125,0.9994761623529345,60.64453125,0.9989715489767577,24_1,24,1,lamp,85.680770874,62.4617729187,8.1919486949,0,521.723992967,0.206033855677
UBFC_A2_L5_CE_CONCENTRATION_SEED102/Eval_On_COHFACE,COHFACE,prism,COHFACE_s24_session2_natural,0,92.0654296875,58.77685546875,large_error,92.0654296875,0.9999999999999999,91.95556640625,0.9998507612814447,92.17529296875,0.9994532360218857,58.77685546875,0.9999999999999998,58.88671875,0.9994434655175233,58.6669921875,0.998940837758759,24_2,24,2,natural,78.8459625244,63.1220245361,15.7108923783,0,467.318910131,0.221164092422
UBFC_A2_L5_CE_CONCENTRATION_SEED102/Eval_On_COHFACE,COHFACE,prism,COHFACE_s24_session2_natural,1,90.087890625,72.18017578125,large_error,90.087890625,1.0,89.97802734375,0.9993613187003364,90.19775390625,0.9983481181711146,72.18017578125,0.9999999999999998,72.2900390625,0.9998762635688383,72.0703125,0.9987419394431214,24_2,24,2,natural,78.8459625244,63.1220245361,15.7108923783,0,467.318910131,0.221164092422
UBFC_A2_L5_CE_CONCENTRATION_SEED102/Eval_On_COHFACE,COHFACE,prism,COHFACE_s24_session2_natural,2,92.0654296875,68.115234375,large_error,92.0654296875,1.0,92.17529296875,0.9991957613448823,91.95556640625,0.9984517817206028,68.115234375,0.9999999999999998,68.22509765625,0.9993393127168781,68.00537109375,0.999201522062055,24_2,24,2,natural,78.8459625244,63.1220245361,15.7108923783,0,467.318910131,0.221164092422
UBFC_A2_L5_CE_CONCENTRATION_SEED102/Eval_On_COHFACE,COHFACE,prism,COHFACE_s24_session2_natural,3,90.19775390625,48.5595703125,sub_harmonic_half,90.19775390625,1.0,90.3076171875,0.9991177650156791,90.087890625,0.9988074072079347,48.5595703125,0.9999999999999998,48.44970703125,0.9998220527342038,48.66943359375,0.9983801125958668,24_2,24,2,natural,78.8459625244,63.1220245361,15.7108923783,0,467.318910131,0.221164092422
UBFC_A2_L5_CE_CONCENTRATION_SEED102/Eval_On_COHFACE,COHFACE,prism,COHFACE_s24_session2_natural,4,93.3837890625,55.04150390625,large_error,93.3837890625,1.0,93.49365234375,0.9996797365962206,93.27392578125,0.9981649573632336,55.04150390625,0.9999999999999999,54.931640625,0.9988663463220862,55.1513671875,0.9981914680972361,24_2,24,2,natural,78.8459625244,63.1220245361,15.7108923783,0,467.318910131,0.221164092422
UBFC_A2_L5_CE_CONCENTRATION_SEED102/Eval_On_COHFACE,COHFACE,prism,COHFACE_s24_session3_natural,0,92.724609375,52.5146484375,sub_harmonic_half,92.724609375,0.9999999999999999,92.83447265625,0.9995119032862061,92.61474609375,0.9974898291039401,52.5146484375,0.9999999999999999,52.62451171875,0.999347424639773,52.40478515625,0.9990586544407895,24_3,24,3,natural,78.6426696777,63.4098815918,16.9206429791,0,443.886624637,0.223935112357
UBFC_A2_L5_CE_CONCENTRATION_SEED102/Eval_On_COHFACE,COHFACE,prism,COHFACE_s24_session3_natural,1,89.97802734375,58.55712890625,large_error,89.97802734375,0.9999999999999999,90.087890625,0.9995713451086394,89.8681640625,0.9982772185547883,58.55712890625,0.9999999999999998,58.6669921875,0.9991543147183712,58.447265625,0.9989651694705008,24_3,24,3,natural,78.6426696777,63.4098815918,16.9206429791,0,443.886624637,0.223935112357
UBFC_A2_L5_CE_CONCENTRATION_SEED102/Eval_On_COHFACE,COHFACE,prism,COHFACE_s24_session3_natural,2,88.22021484375,56.79931640625,large_error,88.22021484375,0.9999999999999999,88.1103515625,0.9998691988564428,88.330078125,0.9983274118631518,56.79931640625,0.9999999999999998,56.689453125,0.9995384626502064,56.9091796875,0.9983640896982958,24_3,24,3,natural,78.6426696777,63.4098815918,16.9206429791,0,443.886624637,0.223935112357
UBFC_A2_L5_CE_CONCENTRATION_SEED102/Eval_On_COHFACE,COHFACE,prism,COHFACE_s24_session3_natural,3,90.85693359375,53.72314453125,large_error,90.85693359375,0.9999999999999998,90.7470703125,0.9993035145589269,90.966796875,0.9983850878645253,53.72314453125,0.9999999999999998,53.61328125,0.9997323512902138,53.8330078125,0.998579682720381,24_3,24,3,natural,78.6426696777,63.4098815918,16.9206429791,0,443.886624637,0.223935112357
UBFC_A2_L5_CE_CONCENTRATION_SEED102/Eval_On_COHFACE,COHFACE,prism,COHFACE_s24_session3_natural,4,93.93310546875,64.48974609375,large_error,93.93310546875,0.9999999999999999,94.04296875,0.9995566858844934,93.8232421875,0.998216141488528,64.48974609375,0.9999999999999999,64.599609375,0.9992566349990412,64.3798828125,0.9984752612539003,24_3,24,3,natural,78.6426696777,63.4098815918,16.9206429791,0,443.886624637,0.223935112357
UBFC_A2_L5_CE_CONCENTRATION_SEED102/Eval_On_COHFACE,COHFACE,prism,COHFACE_s25_session0_lamp,0,96.56982421875,50.7568359375,sub_harmonic_half,96.56982421875,0.9999999999999998,96.4599609375,0.9993044803578989,96.6796875,0.9992696910950245,50.7568359375,0.9999999999999993,50.64697265625,0.9988622410469299,50.86669921875,0.9979924484129623,25_0,25,0,lamp,126.023803711,53.3487319946,0.439907431988,0.00440480253843,559.858986158,0.180926114321
UBFC_A2_L5_CE_CONCENTRATION_SEED102/Eval_On_COHFACE,COHFACE,prism,COHFACE_s25_session0_lamp,1,89.53857421875,91.07666015625,correct,89.53857421875,1.0,89.4287109375,0.999126009299419,89.6484375,0.999102154311811,91.07666015625,0.9999999999999999,91.1865234375,0.9995654135034933,90.966796875,0.9974806058289668,25_0,25,0,lamp,126.023803711,53.3487319946,0.439907431988,0.00440480253843,559.858986158,0.180926114321
UBFC_A2_L5_CE_CONCENTRATION_SEED102/Eval_On_COHFACE,COHFACE,prism,COHFACE_s25_session0_lamp,2,85.9130859375,65.14892578125,large_error,85.9130859375,1.0,85.80322265625,0.999427602748543,86.02294921875,0.9984188382147396,65.14892578125,0.9999999999999999,65.0390625,0.9993501821432926,65.2587890625,0.9987903049806671,25_0,25,0,lamp,126.023803711,53.3487319946,0.439907431988,0.00440480253843,559.858986158,0.180926114321
UBFC_A2_L5_CE_CONCENTRATION_SEED102/Eval_On_COHFACE,COHFACE,prism,COHFACE_s25_session0_lamp,3,84.814453125,59.765625,large_error,84.814453125,1.0,84.70458984375,0.9990983402148614,84.92431640625,0.998522730082269,59.765625,0.9999999999999999,59.65576171875,0.9991772423394908,59.87548828125,0.9988411432184026,25_0,25,0,lamp,126.023803711,53.3487319946,0.439907431988,0.00440480253843,559.858986158,0.180926114321
UBFC_A2_L5_CE_CONCENTRATION_SEED102/Eval_On_COHFACE,COHFACE,prism,COHFACE_s25_session0_lamp,4,84.48486328125,54.2724609375,large_error,84.48486328125,1.0,84.375,0.9997240967686684,84.5947265625,0.9979529069404219,54.2724609375,0.9999999999999998,54.16259765625,0.9991826773998868,54.38232421875,0.9989742520585793,25_0,25,0,lamp,126.023803711,53.3487319946,0.439907431988,0.00440480253843,559.858986158,0.180926114321
UBFC_A2_L5_CE_CONCENTRATION_SEED102/Eval_On_COHFACE,COHFACE,prism,COHFACE_s25_session1_lamp,0,92.724609375,60.75439453125,large_error,92.724609375,1.0,92.83447265625,0.9997145285424751,92.61474609375,0.9977087619534662,60.75439453125,0.9999999999999998,60.64453125,0.9998755923356636,60.8642578125,0.9981778844911146,25_1,25,1,lamp,113.979980469,48.9120101929,0.751112640881,2.00115266393e-05,525.4982412,0.16259329021
UBFC_A2_L5_CE_CONCENTRATION_SEED102/Eval_On_COHFACE,COHFACE,prism,COHFACE_s25_session1_lamp,1,94.921875,76.6845703125,large_error,94.921875,0.9999999999999999,94.81201171875,0.9994458438595355,95.03173828125,0.9982203187123132,76.6845703125,0.9999999999999998,76.57470703125,0.9992742520479581,76.79443359375,0.9990497319532634,25_1,25,1,lamp,113.979980469,48.9120101929,0.751112640881,2.00115266393e-05,525.4982412,0.16259329021
UBFC_A2_L5_CE_CONCENTRATION_SEED102/Eval_On_COHFACE,COHFACE,prism,COHFACE_s25_session1_lamp,2,89.97802734375,76.46484375,large_error,89.97802734375,1.0,89.8681640625,0.999594093360094,90.087890625,0.9982257534484724,76.46484375,0.9999999999999999,76.57470703125,0.999625835037542,76.35498046875,0.998735201461762,25_1,25,1,lamp,113.979980469,48.9120101929,0.751112640881,2.00115266393e-05,525.4982412,0.16259329021
UBFC_A2_L5_CE_CONCENTRATION_SEED102/Eval_On_COHFACE,COHFACE,prism,COHFACE_s25_session1_lamp,3,91.07666015625,72.0703125,large_error,91.07666015625,1.0,91.1865234375,0.9992382006309991,90.966796875,0.9984512333167281,72.0703125,0.9999999999999999,72.18017578125,0.9998265690184859,71.96044921875,0.9978547648995248,25_1,25,1,lamp,113.979980469,48.9120101929,0.751112640881,2.00115266393e-05,525.4982412,0.16259329021
UBFC_A2_L5_CE_CONCENTRATION_SEED102/Eval_On_COHFACE,COHFACE,prism,COHFACE_s25_session1_lamp,4,87.56103515625,67.236328125,large_error,87.56103515625,1.0,87.6708984375,0.9993795538636177,87.451171875,0.9981364838408863,67.236328125,0.9999999999999999,67.12646484375,0.9990534863718281,67.34619140625,0.9977469617698104,25_1,25,1,lamp,113.979980469,48.9120101929,0.751112640881,2.00115266393e-05,525.4982412,0.16259329021
UBFC_A2_L5_CE_CONCENTRATION_SEED102/Eval_On_COHFACE,COHFACE,prism,COHFACE_s25_session2_natural,0,85.25390625,76.13525390625,large_error,85.25390625,0.9999999999999998,85.14404296875,0.9998476235152975,85.36376953125,0.9984700305678872,76.13525390625,0.9999999999999999,76.025390625,0.9997346115052436,76.2451171875,0.998091707543979,25_2,25,2,natural,106.721420288,60.9794464111,3.80209645917,0,543.997985816,0.221256792545
UBFC_A2_L5_CE_CONCENTRATION_SEED102/Eval_On_COHFACE,COHFACE,prism,COHFACE_s25_session2_natural,1,87.890625,85.58349609375,correct,87.890625,1.0,87.78076171875,0.9995511994241172,88.00048828125,0.9982943248653444,85.58349609375,1.0,85.4736328125,0.9993174282823084,85.693359375,0.9988022125258084,25_2,25,2,natural,106.721420288,60.9794464111,3.80209645917,0,543.997985816,0.221256792545
UBFC_A2_L5_CE_CONCENTRATION_SEED102/Eval_On_COHFACE,COHFACE,prism,COHFACE_s25_session2_natural,2,87.56103515625,71.630859375,large_error,87.56103515625,1.0,87.451171875,0.9995466966099269,87.6708984375,0.9979847197269225,71.630859375,1.0,71.52099609375,0.9998987377031495,71.74072265625,0.9978804743021809,25_2,25,2,natural,106.721420288,60.9794464111,3.80209645917,0,543.997985816,0.221256792545
UBFC_A2_L5_CE_CONCENTRATION_SEED102/Eval_On_COHFACE,COHFACE,prism,COHFACE_s25_session2_natural,3,87.6708984375,88.87939453125,correct,87.6708984375,1.0,87.56103515625,0.9994002108601194,87.78076171875,0.9983381702668718,88.87939453125,1.0,88.9892578125,0.9996719820399774,88.76953125,0.9981647871394236,25_2,25,2,natural,106.721420288,60.9794464111,3.80209645917,0,543.997985816,0.221256792545
UBFC_A2_L5_CE_CONCENTRATION_SEED102/Eval_On_COHFACE,COHFACE,prism,COHFACE_s25_session2_natural,4,88.9892578125,48.9990234375,sub_harmonic_half,88.9892578125,1.0,88.87939453125,0.9996302760658821,89.09912109375,0.998210354172009,48.9990234375,0.9999999999999999,49.10888671875,0.9997961978393525,48.88916015625,0.9975284031004422,25_2,25,2,natural,106.721420288,60.9794464111,3.80209645917,0,543.997985816,0.221256792545
UBFC_A2_L5_CE_CONCENTRATION_SEED102/Eval_On_COHFACE,COHFACE,prism,COHFACE_s25_session3_natural,0,79.3212890625,48.01025390625,large_error,79.3212890625,0.9999999999999999,79.43115234375,0.9989273506592972,79.21142578125,0.9988858471871169,48.01025390625,0.9999999999999998,48.1201171875,0.9997380156063009,47.900390625,0.9988282835474501,25_3,25,3,natural,106.5181427,57.3066329956,3.63976295297,0,505.301007171,0.249421179295
UBFC_A2_L5_CE_CONCENTRATION_SEED102/Eval_On_COHFACE,COHFACE,prism,COHFACE_s25_session3_natural,1,88.43994140625,89.6484375,correct,88.43994140625,1.0,88.330078125,0.9989005259931928,88.5498046875,0.9988643599614712,89.6484375,1.0,89.75830078125,0.9991783441031903,89.53857421875,0.9990183770284622,25_3,25,3,natural,106.5181427,57.3066329956,3.63976295297,0,505.301007171,0.249421179295
UBFC_A2_L5_CE_CONCENTRATION_SEED102/Eval_On_COHFACE,COHFACE,prism,COHFACE_s25_session3_natural,2,92.0654296875,71.4111328125,large_error,92.0654296875,1.0,92.17529296875,0.9993789784082487,91.95556640625,0.9983428187449992,71.4111328125,1.0,71.30126953125,0.9997251962747241,71.52099609375,0.9984685519047725,25_3,25,3,natural,106.5181427,57.3066329956,3.63976295297,0,505.301007171,0.249421179295
UBFC_A2_L5_CE_CONCENTRATION_SEED102/Eval_On_COHFACE,COHFACE,prism,COHFACE_s25_session3_natural,3,88.22021484375,90.3076171875,correct,88.22021484375,1.0,88.330078125,0.9993865675397987,88.1103515625,0.9983907803535258,90.3076171875,0.9999999999999999,90.19775390625,0.9991840689204706,90.41748046875,0.9986293231075524,25_3,25,3,natural,106.5181427,57.3066329956,3.63976295297,0,505.301007171,0.249421179295
UBFC_A2_L5_CE_CONCENTRATION_SEED102/Eval_On_COHFACE,COHFACE,prism,COHFACE_s25_session3_natural,4,92.83447265625,67.34619140625,large_error,92.83447265625,1.0,92.9443359375,0.9999015800476577,92.724609375,0.9980481123737049,67.34619140625,0.9999999999999998,67.236328125,0.9999262120050616,67.4560546875,0.9981260546173144,25_3,25,3,natural,106.5181427,57.3066329956,3.63976295297,0,505.301007171,0.249421179295
UBFC_A2_L5_CE_CONCENTRATION_SEED102/Eval_On_COHFACE,COHFACE,prism,COHFACE_s26_session0_lamp,0,89.8681640625,91.845703125,correct,89.8681640625,1.0,89.75830078125,0.9996454296058492,89.97802734375,0.9987199434785244,91.845703125,0.9999999999999998,91.73583984375,0.9999106495525893,91.95556640625,0.9991613278217176,26_0,26,0,lamp,108.637214661,57.9404716492,5.0941170036,0,425.175764266,0.256191670895
UBFC_A2_L5_CE_CONCENTRATION_SEED102/Eval_On_COHFACE,COHFACE,prism,COHFACE_s26_session0_lamp,1,96.13037109375,89.09912109375,large_error,96.13037109375,0.9999999999999998,96.0205078125,0.9994493855115456,96.240234375,0.9976889533345266,89.09912109375,0.9999999999999999,88.9892578125,0.9997537813294872,89.208984375,0.9974119253968964,26_0,26,0,lamp,108.637214661,57.9404716492,5.0941170036,0,425.175764266,0.256191670895
UBFC_A2_L5_CE_CONCENTRATION_SEED102/Eval_On_COHFACE,COHFACE,prism,COHFACE_s26_session0_lamp,2,77.5634765625,67.236328125,large_error,77.5634765625,0.9999999999999999,77.45361328125,0.9994578318821578,77.67333984375,0.9985390639717414,67.236328125,0.9999999999999998,67.34619140625,0.9991850716909274,67.12646484375,0.9980906372002689,26_0,26,0,lamp,108.637214661,57.9404716492,5.0941170036,0,425.175764266,0.256191670895
UBFC_A2_L5_CE_CONCENTRATION_SEED102/Eval_On_COHFACE,COHFACE,prism,COHFACE_s26_session0_lamp,3,90.41748046875,63.39111328125,large_error,90.41748046875,0.9999999999999998,90.3076171875,0.9998974698987037,90.52734375,0.9984160172049402,63.39111328125,0.9999999999999999,63.28125,0.9992575727589925,63.5009765625,0.9985477551337841,26_0,26,0,lamp,108.637214661,57.9404716492,5.0941170036,0,425.175764266,0.256191670895
UBFC_A2_L5_CE_CONCENTRATION_SEED102/Eval_On_COHFACE,COHFACE,prism,COHFACE_s26_session0_lamp,4,85.80322265625,84.48486328125,correct,85.80322265625,0.9999999999999999,85.693359375,0.9991569163291453,85.9130859375,0.998520049846801,84.48486328125,1.0,84.375,0.9993503628438667,84.5947265625,0.999026127447258,26_0,26,0,lamp,108.637214661,57.9404716492,5.0941170036,0,425.175764266,0.256191670895
UBFC_A2_L5_CE_CONCENTRATION_SEED102/Eval_On_COHFACE,COHFACE,prism,COHFACE_s26_session1_lamp,0,81.298828125,63.9404296875,large_error,81.298828125,0.9999999999999998,81.18896484375,0.999617500910632,81.40869140625,0.9973447288506284,63.9404296875,0.9999999999999999,64.05029296875,0.9994238498810152,63.83056640625,0.9987715275518099,26_1,26,1,lamp,110.152786255,58.4417724609,5.04917803339,0,477.263198314,0.224542170763
UBFC_A2_L5_CE_CONCENTRATION_SEED102/Eval_On_COHFACE,COHFACE,prism,COHFACE_s26_session1_lamp,1,86.3525390625,85.14404296875,correct,86.3525390625,1.0,86.24267578125,0.9996716401224832,86.46240234375,0.998263593867111,85.14404296875,1.0,85.25390625,0.9998476269583216,85.0341796875,0.9982855667274909,26_1,26,1,lamp,110.152786255,58.4417724609,5.04917803339,0,477.263198314,0.224542170763
UBFC_A2_L5_CE_CONCENTRATION_SEED102/Eval_On_COHFACE,COHFACE,prism,COHFACE_s26_session1_lamp,2,95.5810546875,96.0205078125,correct,95.5810546875,0.9999999999999999,95.47119140625,0.9996815712080859,95.69091796875,0.9974982445565622,96.0205078125,0.9999999999999999,96.13037109375,0.9997905874723816,95.91064453125,0.9981516324667721,26_1,26,1,lamp,110.152786255,58.4417724609,5.04917803339,0,477.263198314,0.224542170763
UBFC_A2_L5_CE_CONCENTRATION_SEED102/Eval_On_COHFACE,COHFACE,prism,COHFACE_s26_session1_lamp,3,87.451171875,59.765625,large_error,87.451171875,0.9999999999999999,87.56103515625,0.9998029786936727,87.34130859375,0.9973330214046314,59.765625,0.9999999999999998,59.87548828125,0.9997759396286965,59.65576171875,0.998332370688354,26_1,26,1,lamp,110.152786255,58.4417724609,5.04917803339,0,477.263198314,0.224542170763
UBFC_A2_L5_CE_CONCENTRATION_SEED102/Eval_On_COHFACE,COHFACE,prism,COHFACE_s26_session1_lamp,4,87.56103515625,85.693359375,correct,87.56103515625,0.9999999999999999,87.6708984375,0.9997469060368983,87.451171875,0.9983237479406899,85.693359375,0.9999999999999999,85.58349609375,0.9997813208022904,85.80322265625,0.9982612676783907,26_1,26,1,lamp,110.152786255,58.4417724609,5.04917803339,0,477.263198314,0.224542170763
UBFC_A2_L5_CE_CONCENTRATION_SEED102/Eval_On_COHFACE,COHFACE,prism,COHFACE_s26_session2_natural,0,93.71337890625,53.94287109375,sub_harmonic_half,93.71337890625,0.9999999999999999,93.8232421875,0.9996423390363756,93.603515625,0.9985320333195788,53.94287109375,0.9999999999999998,54.052734375,0.9994871134820987,53.8330078125,0.9982639595594981,26_2,26,2,natural,105.645614624,63.3679046631,7.45520058531,0,516.097346452,0.352111339569
UBFC_A2_L5_CE_CONCENTRATION_SEED102/Eval_On_COHFACE,COHFACE,prism,COHFACE_s26_session2_natural,1,86.46240234375,87.12158203125,correct,86.46240234375,0.9999999999999999,86.572265625,0.9994530250463951,86.3525390625,0.9989746141253918,87.12158203125,0.9999999999999999,87.01171875,0.9998096332054665,87.2314453125,0.9980952957790858,26_2,26,2,natural,105.645614624,63.3679046631,7.45520058531,0,516.097346452,0.352111339569
UBFC_A2_L5_CE_CONCENTRATION_SEED102/Eval_On_COHFACE,COHFACE,prism,COHFACE_s26_session2_natural,2,89.75830078125,61.63330078125,large_error,89.75830078125,0.9999999999999998,89.6484375,0.9986427403187376,89.8681640625,0.9981683629041169,61.63330078125,0.9999999999999999,61.5234375,0.9990742162457501,61.7431640625,0.9983874914354796,26_2,26,2,natural,105.645614624,63.3679046631,7.45520058531,0,516.097346452,0.352111339569
UBFC_A2_L5_CE_CONCENTRATION_SEED102/Eval_On_COHFACE,COHFACE,prism,COHFACE_s26_session2_natural,3,96.4599609375,57.568359375,large_error,96.4599609375,0.9999999999999999,96.35009765625,0.9998483057792449,96.56982421875,0.9972092751154864,57.568359375,0.9999999999999999,57.45849609375,0.9991336792300831,57.67822265625,0.9984954021955382,26_2,26,2,natural,105.645614624,63.3679046631,7.45520058531,0,516.097346452,0.352111339569
UBFC_A2_L5_CE_CONCENTRATION_SEED102/Eval_On_COHFACE,COHFACE,prism,COHFACE_s26_session2_natural,4,77.89306640625,60.8642578125,large_error,77.89306640625,0.9999999999999998,77.783203125,0.9998800656811959,78.0029296875,0.9993452865779282,60.8642578125,0.9999999999999998,60.97412109375,0.9997020001847101,60.75439453125,0.9985618716408909,26_2,26,2,natural,105.645614624,63.3679046631,7.45520058531,0,516.097346452,0.352111339569
UBFC_A2_L5_CE_CONCENTRATION_SEED102/Eval_On_COHFACE,COHFACE,prism,COHFACE_s26_session3_natural,0,89.6484375,70.0927734375,large_error,89.6484375,1.0,89.75830078125,0.9997520024581696,89.53857421875,0.9981483589541054,70.0927734375,0.9999999999999999,69.98291015625,0.9992233728624405,70.20263671875,0.999073386249582,26_3,26,3,natural,94.4684143066,58.6627845764,10.1673635675,0,455.226951128,0.299491494894
UBFC_A2_L5_CE_CONCENTRATION_SEED102/Eval_On_COHFACE,COHFACE,prism,COHFACE_s26_session3_natural,1,90.52734375,65.0390625,large_error,90.52734375,0.9999999999999999,90.63720703125,0.9989629915156552,90.41748046875,0.9978872270044232,65.0390625,0.9999999999999998,65.14892578125,0.9994595705154616,64.92919921875,0.998624346694299,26_3,26,3,natural,94.4684143066,58.6627845764,10.1673635675,0,455.226951128,0.299491494894
UBFC_A2_L5_CE_CONCENTRATION_SEED102/Eval_On_COHFACE,COHFACE,prism,COHFACE_s26_session3_natural,2,86.90185546875,83.60595703125,correct,86.90185546875,0.9999999999999998,87.01171875,0.9987876878066738,86.7919921875,0.9984751634168499,83.60595703125,0.9999999999999999,83.7158203125,0.9992674055867283,83.49609375,0.9986559727114585,26_3,26,3,natural,94.4684143066,58.6627845764,10.1673635675,0,455.226951128,0.299491494894
UBFC_A2_L5_CE_CONCENTRATION_SEED102/Eval_On_COHFACE,COHFACE,prism,COHFACE_s26_session3_natural,3,90.7470703125,66.24755859375,large_error,90.7470703125,0.9999999999999998,90.85693359375,0.9986144730210346,90.63720703125,0.998353925802412,66.24755859375,1.0,66.357421875,0.9994714256390997,66.1376953125,0.9992915353436153,26_3,26,3,natural,94.4684143066,58.6627845764,10.1673635675,0,455.226951128,0.299491494894
UBFC_A2_L5_CE_CONCENTRATION_SEED102/Eval_On_COHFACE,COHFACE,prism,COHFACE_s26_session3_natural,4,91.1865234375,60.09521484375,large_error,91.1865234375,0.9999999999999998,91.29638671875,0.9987156278500365,91.07666015625,0.9981812290828735,60.09521484375,0.9999999999999999,60.205078125,0.9998989139798908,59.9853515625,0.9981964967234462,26_3,26,3,natural,94.4684143066,58.6627845764,10.1673635675,0,455.226951128,0.299491494894
UBFC_A2_L5_CE_CONCENTRATION_SEED102/Eval_On_COHFACE,COHFACE,prism,COHFACE_s27_session0_lamp,0,65.478515625,66.02783203125,correct,65.478515625,0.9999999999999998,65.58837890625,0.9987935974756722,65.36865234375,0.9983447452106634,66.02783203125,0.9999999999999998,66.1376953125,0.9995862950532698,65.91796875,0.9993643197818782,27_0,27,0,lamp,100.823348999,57.8058204651,5.69885452718,0,654.332269039,0.298062950373
UBFC_A2_L5_CE_CONCENTRATION_SEED102/Eval_On_COHFACE,COHFACE,prism,COHFACE_s27_session0_lamp,1,63.28125,66.357421875,correct,63.28125,0.9999999999999999,63.17138671875,0.9995455306891798,63.39111328125,0.9980911872332564,66.357421875,0.9999999999999999,66.24755859375,0.9995032787675935,66.46728515625,0.999362700236353,27_0,27,0,lamp,100.823348999,57.8058204651,5.69885452718,0,654.332269039,0.298062950373
UBFC_A2_L5_CE_CONCENTRATION_SEED102/Eval_On_COHFACE,COHFACE,prism,COHFACE_s27_session0_lamp,2,65.2587890625,64.70947265625,correct,65.2587890625,0.9999999999999999,65.14892578125,0.999134543522016,65.36865234375,0.998440597721015,64.70947265625,0.9999999999999999,64.599609375,0.9998085331406507,64.8193359375,0.9983065652237544,27_0,27,0,lamp,100.823348999,57.8058204651,5.69885452718,0,654.332269039,0.298062950373
UBFC_A2_L5_CE_CONCENTRATION_SEED102/Eval_On_COHFACE,COHFACE,prism,COHFACE_s27_session0_lamp,3,68.00537109375,67.4560546875,correct,68.00537109375,0.9999999999999999,67.8955078125,0.9992099571307355,68.115234375,0.9985945974022588,67.4560546875,0.9999999999999998,67.56591796875,0.9992153565887837,67.34619140625,0.9989704586917396,27_0,27,0,lamp,100.823348999,57.8058204651,5.69885452718,0,654.332269039,0.298062950373
UBFC_A2_L5_CE_CONCENTRATION_SEED102/Eval_On_COHFACE,COHFACE,prism,COHFACE_s27_session0_lamp,4,63.17138671875,62.95166015625,correct,63.17138671875,0.9999999999999999,63.0615234375,0.9998277795822693,63.28125,0.9980393638149733,62.95166015625,0.9999999999999998,63.0615234375,0.9999584015075494,62.841796875,0.9989362529899981,27_0,27,0,lamp,100.823348999,57.8058204651,5.69885452718,0,654.332269039,0.298062950373
UBFC_A2_L5_CE_CONCENTRATION_SEED102/Eval_On_COHFACE,COHFACE,prism,COHFACE_s27_session1_lamp,0,71.74072265625,67.4560546875,large_error,71.74072265625,0.9999999999999998,71.630859375,0.9995213940761414,71.8505859375,0.9974553241165014,67.4560546875,0.9999999999999999,67.34619140625,0.9990253119896084,67.56591796875,0.9987780109306638,27_1,27,1,lamp,102.491462708,58.1169471741,5.75890325731,0,625.788063424,0.231288909912
UBFC_A2_L5_CE_CONCENTRATION_SEED102/Eval_On_COHFACE,COHFACE,prism,COHFACE_s27_session1_lamp,1,65.6982421875,64.599609375,correct,65.6982421875,0.9999999999999999,65.58837890625,0.9995603234517135,65.80810546875,0.9984690518729843,64.599609375,0.9999999999999996,64.70947265625,0.9999582929883992,64.48974609375,0.9983062600835646,27_1,27,1,lamp,102.491462708,58.1169471741,5.75890325731,0,625.788063424,0.231288909912
UBFC_A2_L5_CE_CONCENTRATION_SEED102/Eval_On_COHFACE,COHFACE,prism,COHFACE_s27_session1_lamp,2,58.0078125,101.2939453125,super_harmonic_2x,58.0078125,1.0,57.89794921875,0.9999600248995979,58.11767578125,0.997972739502152,101.2939453125,0.9999999999999998,101.40380859375,0.9993045177122395,101.18408203125,0.998868480320629,27_1,27,1,lamp,102.491462708,58.1169471741,5.75890325731,0,625.788063424,0.231288909912
UBFC_A2_L5_CE_CONCENTRATION_SEED102/Eval_On_COHFACE,COHFACE,prism,COHFACE_s27_session1_lamp,3,61.083984375,59.326171875,correct,61.083984375,1.0,60.97412109375,0.9991259651752367,61.19384765625,0.998849859401077,59.326171875,0.9999999999999997,59.43603515625,0.9997467111606538,59.21630859375,0.999257897417305,27_1,27,1,lamp,102.491462708,58.1169471741,5.75890325731,0,625.788063424,0.231288909912
UBFC_A2_L5_CE_CONCENTRATION_SEED102/Eval_On_COHFACE,COHFACE,prism,COHFACE_s27_session1_lamp,4,64.27001953125,64.05029296875,correct,64.27001953125,1.0,64.3798828125,0.9991308134757829,64.16015625,0.9990240056907882,64.05029296875,1.0,64.16015625,0.9999540311377492,63.9404296875,0.9980869906857113,27_1,27,1,lamp,102.491462708,58.1169471741,5.75890325731,0,625.788063424,0.231288909912
UBFC_A2_L5_CE_CONCENTRATION_SEED102/Eval_On_COHFACE,COHFACE,prism,COHFACE_s27_session2_natural,0,66.5771484375,60.64453125,large_error,66.5771484375,0.9999999999999999,66.68701171875,0.999639729713392,66.46728515625,0.997318495288978,60.64453125,0.9999999999999999,60.53466796875,0.9998563996225412,60.75439453125,0.9979574620118691,27_2,27,2,natural,87.8750534058,63.6491088867,13.6208075982,0,624.971008433,0.276551395655
UBFC_A2_L5_CE_CONCENTRATION_SEED102/Eval_On_COHFACE,COHFACE,prism,COHFACE_s27_session2_natural,1,65.478515625,64.92919921875,correct,65.478515625,0.9999999999999999,65.58837890625,0.9996692261830922,65.36865234375,0.9981421039688786,64.92919921875,1.0,64.8193359375,0.9988691485921094,65.0390625,0.9988039848520305,27_2,27,2,natural,87.8750534058,63.6491088867,13.6208075982,0,624.971008433,0.276551395655
UBFC_A2_L5_CE_CONCENTRATION_SEED102/Eval_On_COHFACE,COHFACE,prism,COHFACE_s27_session2_natural,2,66.68701171875,65.478515625,correct,66.68701171875,1.0,66.796875,0.9992125684905877,66.5771484375,0.9985692865258882,65.478515625,1.0,65.58837890625,0.9990329491156014,65.36865234375,0.9989186702083201,27_2,27,2,natural,87.8750534058,63.6491088867,13.6208075982,0,624.971008433,0.276551395655
UBFC_A2_L5_CE_CONCENTRATION_SEED102/Eval_On_COHFACE,COHFACE,prism,COHFACE_s27_session2_natural,3,65.0390625,63.5009765625,correct,65.0390625,1.0,64.92919921875,0.9997502861155877,65.14892578125,0.9980300647794469,63.5009765625,0.9999999999999998,63.61083984375,0.9999054746071219,63.39111328125,0.9982140386590012,27_2,27,2,natural,87.8750534058,63.6491088867,13.6208075982,0,624.971008433,0.276551395655
UBFC_A2_L5_CE_CONCENTRATION_SEED102/Eval_On_COHFACE,COHFACE,prism,COHFACE_s27_session2_natural,4,63.17138671875,64.70947265625,correct,63.17138671875,1.0,63.28125,0.9997526742195801,63.0615234375,0.9983288257912828,64.70947265625,0.9999999999999999,64.8193359375,0.9988627952223353,64.599609375,0.9986008552271916,27_2,27,2,natural,87.8750534058,63.6491088867,13.6208075982,0,624.971008433,0.276551395655
UBFC_A2_L5_CE_CONCENTRATION_SEED102/Eval_On_COHFACE,COHFACE,prism,COHFACE_s27_session3_natural,0,66.46728515625,64.8193359375,correct,66.46728515625,0.9999999999999998,66.5771484375,0.999130903747287,66.357421875,0.9979901432745014,64.8193359375,0.9999999999999999,64.92919921875,0.999646453835612,64.70947265625,0.997917934328675,27_3,27,3,natural,100.965942383,68.483505249,10.764804087,0.110752142749,719.651128247,0.318922162056
UBFC_A2_L5_CE_CONCENTRATION_SEED102/Eval_On_COHFACE,COHFACE,prism,COHFACE_s27_session3_natural,1,66.02783203125,71.4111328125,large_error,66.02783203125,0.9999999999999999,66.1376953125,0.9997680574363198,65.91796875,0.9986715844519346,71.4111328125,0.9999999999999998,71.52099609375,0.9986002988564107,71.30126953125,0.9982843813294092,27_3,27,3,natural,100.965942383,68.483505249,10.764804087,0.110752142749,719.651128247,0.318922162056
UBFC_A2_L5_CE_CONCENTRATION_SEED102/Eval_On_COHFACE,COHFACE,prism,COHFACE_s27_session3_natural,2,67.56591796875,67.236328125,correct,67.56591796875,1.0,67.4560546875,0.9998265418831793,67.67578125,0.99808681602282,67.236328125,0.9999999999999999,67.34619140625,0.9999018291904231,67.12646484375,0.9990197436075758,27_3,27,3,natural,100.965942383,68.483505249,10.764804087,0.110752142749,719.651128247,0.318922162056
UBFC_A2_L5_CE_CONCENTRATION_SEED102/Eval_On_COHFACE,COHFACE,prism,COHFACE_s27_session3_natural,3,69.10400390625,62.29248046875,large_error,69.10400390625,1.0,69.2138671875,0.9997405751669036,68.994140625,0.9980544761007158,62.29248046875,0.9999999999999998,62.1826171875,0.9996675322164936,62.40234375,0.9976303109723643,27_3,27,3,natural,100.965942383,68.483505249,10.764804087,0.110752142749,719.651128247,0.318922162056
UBFC_A2_L5_CE_CONCENTRATION_SEED102/Eval_On_COHFACE,COHFACE,prism,COHFACE_s27_session3_natural,4,66.90673828125,66.5771484375,correct,66.90673828125,1.0,66.796875,0.999745096403525,67.0166015625,0.9983082698488697,66.5771484375,1.0,66.46728515625,0.9997129958694476,66.68701171875,0.9985865205271218,27_3,27,3,natural,100.965942383,68.483505249,10.764804087,0.110752142749,719.651128247,0.318922162056
UBFC_A2_L5_CE_CONCENTRATION_SEED102/Eval_On_COHFACE,COHFACE,prism,COHFACE_s28_session0_lamp,0,64.16015625,68.115234375,correct,64.16015625,0.9999999999999998,64.27001953125,0.9992451649495447,64.05029296875,0.9972539981785088,68.115234375,0.9999999999999998,68.22509765625,0.9996402760888023,68.00537109375,0.9981974822116771,28_0,28,0,lamp,111.971351624,47.0047836304,1.61198901523,0,462.771971084,0.21117413044
UBFC_A2_L5_CE_CONCENTRATION_SEED102/Eval_On_COHFACE,COHFACE,prism,COHFACE_s28_session0_lamp,1,66.5771484375,68.115234375,correct,66.5771484375,0.9999999999999999,66.68701171875,0.999451494397993,66.46728515625,0.99822121845488,68.115234375,0.9999999999999997,68.22509765625,0.9989112040580604,68.00537109375,0.9972490979501102,28_0,28,0,lamp,111.971351624,47.0047836304,1.61198901523,0,462.771971084,0.21117413044
UBFC_A2_L5_CE_CONCENTRATION_SEED102/Eval_On_COHFACE,COHFACE,prism,COHFACE_s28_session0_lamp,2,64.92919921875,66.46728515625,correct,64.92919921875,0.9999999999999999,65.0390625,0.9989265107001596,64.8193359375,0.9988891298225837,66.46728515625,0.9999999999999998,66.357421875,0.9998881505283423,66.5771484375,0.997284848793167,28_0,28,0,lamp,111.971351624,47.0047836304,1.61198901523,0,462.771971084,0.21117413044
UBFC_A2_L5_CE_CONCENTRATION_SEED102/Eval_On_COHFACE,COHFACE,prism,COHFACE_s28_session0_lamp,3,63.83056640625,79.87060546875,super_harmonic_1p5x,63.83056640625,0.9999999999999998,63.720703125,0.9992391831864224,63.9404296875,0.9986516675115006,79.87060546875,0.9999999999999998,79.98046875,0.9987584925352567,79.7607421875,0.9983508317307593,28_0,28,0,lamp,111.971351624,47.0047836304,1.61198901523,0,462.771971084,0.21117413044
UBFC_A2_L5_CE_CONCENTRATION_SEED102/Eval_On_COHFACE,COHFACE,prism,COHFACE_s28_session0_lamp,4,66.24755859375,54.2724609375,large_error,66.24755859375,0.9999999999999998,66.1376953125,0.999879262587579,66.357421875,0.9977941771586938,54.2724609375,0.9999999999999998,54.16259765625,0.998899898302189,54.38232421875,0.9987690731935808,28_0,28,0,lamp,111.971351624,47.0047836304,1.61198901523,0,462.771971084,0.21117413044
UBFC_A2_L5_CE_CONCENTRATION_SEED102/Eval_On_COHFACE,COHFACE,prism,COHFACE_s28_session1_lamp,0,65.14892578125,67.236328125,correct,65.14892578125,0.9999999999999999,65.2587890625,0.999343244003387,65.0390625,0.9977033156071122,67.236328125,0.9999999999999999,67.34619140625,0.9992125003048999,67.12646484375,0.9986893403579329,28_1,28,1,lamp,118.102790833,48.1409988403,1.1605284644,0,465.045463487,0.24936658144
UBFC_A2_L5_CE_CONCENTRATION_SEED102/Eval_On_COHFACE,COHFACE,prism,COHFACE_s28_session1_lamp,1,63.720703125,89.75830078125,super_harmonic_1p5x,63.720703125,0.9999999999999999,63.61083984375,0.999394106022589,63.83056640625,0.9984964285717065,89.75830078125,0.9999999999999998,89.6484375,0.9991056751217631,89.8681640625,0.9983022503230692,28_1,28,1,lamp,118.102790833,48.1409988403,1.1605284644,0,465.045463487,0.24936658144
UBFC_A2_L5_CE_CONCENTRATION_SEED102/Eval_On_COHFACE,COHFACE,prism,COHFACE_s28_session1_lamp,2,64.48974609375,64.3798828125,correct,64.48974609375,0.9999999999999998,64.599609375,0.9993610866030724,64.3798828125,0.998627810424437,64.3798828125,0.9999999999999999,64.27001953125,0.9992710185502599,64.48974609375,0.9984592272785343,28_1,28,1,lamp,118.102790833,48.1409988403,1.1605284644,0,465.045463487,0.24936658144
UBFC_A2_L5_CE_CONCENTRATION_SEED102/Eval_On_COHFACE,COHFACE,prism,COHFACE_s28_session1_lamp,3,65.80810546875,78.55224609375,large_error,65.80810546875,0.9999999999999999,65.91796875,0.9990603312842086,65.6982421875,0.9986256090754333,78.55224609375,0.9999999999999999,78.4423828125,0.9999656704959242,78.662109375,0.99811109827805,28_1,28,1,lamp,118.102790833,48.1409988403,1.1605284644,0,465.045463487,0.24936658144
UBFC_A2_L5_CE_CONCENTRATION_SEED102/Eval_On_COHFACE,COHFACE,prism,COHFACE_s28_session1_lamp,4,66.46728515625,47.900390625,large_error,66.46728515625,0.9999999999999998,66.357421875,0.9995622676747346,66.5771484375,0.9982264790029926,47.900390625,0.9999999999999994,47.79052734375,0.9994355539944376,48.01025390625,0.9987709840109144,28_1,28,1,lamp,118.102790833,48.1409988403,1.1605284644,0,465.045463487,0.24936658144
UBFC_A2_L5_CE_CONCENTRATION_SEED102/Eval_On_COHFACE,COHFACE,prism,COHFACE_s28_session2_natural,0,63.83056640625,56.25,large_error,63.83056640625,0.9999999999999999,63.720703125,0.9993179695426773,63.9404296875,0.997631309465611,56.25,0.9999999999999999,56.14013671875,0.999506333068124,56.35986328125,0.9985171656582931,28_2,28,2,natural,108.233253479,58.3954162598,3.54783581149,0,608.116004538,0.273207247257
UBFC_A2_L5_CE_CONCENTRATION_SEED102/Eval_On_COHFACE,COHFACE,prism,COHFACE_s28_session2_natural,1,64.70947265625,66.796875,correct,64.70947265625,0.9999999999999998,64.599609375,0.9993426475758179,64.8193359375,0.9986104506484231,66.796875,0.9999999999999998,66.68701171875,0.9992173992608481,66.90673828125,0.9984418170845649,28_2,28,2,natural,108.233253479,58.3954162598,3.54783581149,0,608.116004538,0.273207247257
UBFC_A2_L5_CE_CONCENTRATION_SEED102/Eval_On_COHFACE,COHFACE,prism,COHFACE_s28_session2_natural,2,66.1376953125,80.52978515625,large_error,66.1376953125,0.9999999999999998,66.24755859375,0.9999022550242967,66.02783203125,0.9980496994697051,80.52978515625,0.9999999999999998,80.6396484375,0.9999483039282371,80.419921875,0.9979107739567694,28_2,28,2,natural,108.233253479,58.3954162598,3.54783581149,0,608.116004538,0.273207247257
UBFC_A2_L5_CE_CONCENTRATION_SEED102/Eval_On_COHFACE,COHFACE,prism,COHFACE_s28_session2_natural,3,67.56591796875,69.10400390625,correct,67.56591796875,0.9999999999999998,67.4560546875,0.9999322770727889,67.67578125,0.9978839262904958,69.10400390625,1.0,69.2138671875,0.9993943624596525,68.994140625,0.9993260371445212,28_2,28,2,natural,108.233253479,58.3954162598,3.54783581149,0,608.116004538,0.273207247257
UBFC_A2_L5_CE_CONCENTRATION_SEED102/Eval_On_COHFACE,COHFACE,prism,COHFACE_s28_session2_natural,4,68.88427734375,70.751953125,correct,68.88427734375,0.9999999999999998,68.7744140625,0.999713126361573,68.994140625,0.9980536919818848,70.751953125,0.9999999999999999,70.86181640625,0.9996827555057007,70.64208984375,0.9985651106700391,28_2,28,2,natural,108.233253479,58.3954162598,3.54783581149,0,608.116004538,0.273207247257
UBFC_A2_L5_CE_CONCENTRATION_SEED102/Eval_On_COHFACE,COHFACE,prism,COHFACE_s28_session3_natural,0,73.93798828125,84.92431640625,large_error,73.93798828125,0.9999999999999999,73.828125,0.998946432663139,74.0478515625,0.9981556045936687,84.92431640625,0.9999999999999999,84.814453125,0.9996700911196646,85.0341796875,0.9980365228208132,28_3,28,3,natural,104.855278015,55.5367393494,4.06383883569,0,525.118445326,0.230835720897
UBFC_A2_L5_CE_CONCENTRATION_SEED102/Eval_On_COHFACE,COHFACE,prism,COHFACE_s28_session3_natural,1,71.19140625,70.0927734375,correct,71.19140625,0.9999999999999999,71.30126953125,0.9994827688301635,71.08154296875,0.9982757456005638,70.0927734375,0.9999999999999999,70.20263671875,0.9998432235205901,69.98291015625,0.9987192937140015,28_3,28,3,natural,104.855278015,55.5367393494,4.06383883569,0,525.118445326,0.230835720897
UBFC_A2_L5_CE_CONCENTRATION_SEED102/Eval_On_COHFACE,COHFACE,prism,COHFACE_s28_session3_natural,2,69.32373046875,54.38232421875,large_error,69.32373046875,0.9999999999999999,69.2138671875,0.9991059350953442,69.43359375,0.99868761437659,54.38232421875,0.9999999999999999,54.4921875,0.9995324696039766,54.2724609375,0.9987250920224644,28_3,28,3,natural,104.855278015,55.5367393494,4.06383883569,0,525.118445326,0.230835720897
UBFC_A2_L5_CE_CONCENTRATION_SEED102/Eval_On_COHFACE,COHFACE,prism,COHFACE_s28_session3_natural,3,65.2587890625,62.841796875,correct,65.2587890625,0.9999999999999999,65.14892578125,0.9992945115522447,65.36865234375,0.9983664793722038,62.841796875,0.9999999999999999,62.73193359375,0.9997745379720019,62.95166015625,0.9983057395608711,28_3,28,3,natural,104.855278015,55.5367393494,4.06383883569,0,525.118445326,0.230835720897
UBFC_A2_L5_CE_CONCENTRATION_SEED102/Eval_On_COHFACE,COHFACE,prism,COHFACE_s28_session3_natural,4,65.6982421875,64.16015625,correct,65.6982421875,0.9999999999999999,65.58837890625,0.9990933839772521,65.80810546875,0.9987401937406347,64.16015625,0.9999999999999998,64.05029296875,0.999813899322211,64.27001953125,0.9988961601185908,28_3,28,3,natural,104.855278015,55.5367393494,4.06383883569,0,525.118445326,0.230835720897
UBFC_A2_L5_CE_CONCENTRATION_SEED102/Eval_On_COHFACE,COHFACE,prism,COHFACE_s29_session0_lamp,0,51.416015625,78.8818359375,super_harmonic_1p5x,51.416015625,1.0,51.30615234375,0.9990690498870765,51.52587890625,0.9987821292121435,78.8818359375,0.9999999999999998,78.77197265625,0.999577638903735,78.99169921875,0.9982229225682216,29_0,29,0,lamp,109.252807617,51.6290931702,3.77513744213,0,650.64335269,0.189264863729
UBFC_A2_L5_CE_CONCENTRATION_SEED102/Eval_On_COHFACE,COHFACE,prism,COHFACE_s29_session0_lamp,1,53.06396484375,53.3935546875,correct,53.06396484375,1.0,52.9541015625,0.9994404741816603,53.173828125,0.9984230494275387,53.3935546875,1.0,53.50341796875,0.9995236992543031,53.28369140625,0.9985604261279973,29_0,29,0,lamp,109.252807617,51.6290931702,3.77513744213,0,650.64335269,0.189264863729
UBFC_A2_L5_CE_CONCENTRATION_SEED102/Eval_On_COHFACE,COHFACE,prism,COHFACE_s29_session0_lamp,2,52.40478515625,52.62451171875,correct,52.40478515625,1.0,52.5146484375,0.9989503936458647,52.294921875,0.9988276275186159,52.62451171875,1.0,52.734375,0.9995504956724149,52.5146484375,0.9985067234247698,29_0,29,0,lamp,109.252807617,51.6290931702,3.77513744213,0,650.64335269,0.189264863729
UBFC_A2_L5_CE_CONCENTRATION_SEED102/Eval_On_COHFACE,COHFACE,prism,COHFACE_s29_session0_lamp,3,54.16259765625,54.4921875,correct,54.16259765625,1.0,54.052734375,0.9996915120704893,54.2724609375,0.9981171142883076,54.4921875,1.0,54.38232421875,0.9994839235453788,54.60205078125,0.9989121200771621,29_0,29,0,lamp,109.252807617,51.6290931702,3.77513744213,0,650.64335269,0.189264863729
UBFC_A2_L5_CE_CONCENTRATION_SEED102/Eval_On_COHFACE,COHFACE,prism,COHFACE_s29_session0_lamp,4,56.57958984375,57.23876953125,correct,56.57958984375,1.0,56.689453125,0.9997895218497141,56.4697265625,0.997697997065514,57.23876953125,1.0,57.12890625,0.9999788295728245,57.3486328125,0.9981432817348199,29_0,29,0,lamp,109.252807617,51.6290931702,3.77513744213,0,650.64335269,0.189264863729
UBFC_A2_L5_CE_CONCENTRATION_SEED102/Eval_On_COHFACE,COHFACE,prism,COHFACE_s29_session0_lamp,5,54.4921875,54.38232421875,correct,54.4921875,1.0,54.60205078125,0.9999177128312556,54.38232421875,0.9979009336743851,54.38232421875,1.0,54.2724609375,0.9995658878757876,54.4921875,0.9983325870470073,29_0,29,0,lamp,109.252807617,51.6290931702,3.77513744213,0,650.64335269,0.189264863729
UBFC_A2_L5_CE_CONCENTRATION_SEED102/Eval_On_COHFACE,COHFACE,prism,COHFACE_s29_session0_lamp,6,52.294921875,54.16259765625,correct,52.294921875,1.0,52.40478515625,0.9991897019116525,52.18505859375,0.9987060165351225,54.16259765625,1.0,54.052734375,0.9995067725774853,54.2724609375,0.9985668231719986,29_0,29,0,lamp,109.252807617,51.6290931702,3.77513744213,0,650.64335269,0.189264863729
UBFC_A2_L5_CE_CONCENTRATION_SEED102/Eval_On_COHFACE,COHFACE,prism,COHFACE_s29_session0_lamp,7,52.5146484375,53.61328125,correct,52.5146484375,1.0,52.40478515625,0.9998791784663458,52.62451171875,0.9978378157533022,53.61328125,1.0,53.72314453125,0.9991509656264361,53.50341796875,0.998889294000007,29_0,29,0,lamp,109.252807617,51.6290931702,3.77513744213,0,650.64335269,0.189264863729
UBFC_A2_L5_CE_CONCENTRATION_SEED102/Eval_On_COHFACE,COHFACE,prism,COHFACE_s29_session0_lamp,8,51.30615234375,53.3935546875,correct,51.30615234375,1.0,51.416015625,0.9994700155436803,51.1962890625,0.9982969071159185,53.3935546875,0.9999999999999999,53.50341796875,0.9997735177617793,53.28369140625,0.999030319398875,29_0,29,0,lamp,109.252807617,51.6290931702,3.77513744213,0,650.64335269,0.189264863729
UBFC_A2_L5_CE_CONCENTRATION_SEED102/Eval_On_COHFACE,COHFACE,prism,COHFACE_s29_session0_lamp,9,52.62451171875,53.72314453125,correct,52.62451171875,1.0,52.734375,0.999916157871516,52.5146484375,0.9979938319355773,53.72314453125,1.0,53.61328125,0.9992264406236889,53.8330078125,0.9987603327467305,29_0,29,0,lamp,109.252807617,51.6290931702,3.77513744213,0,650.64335269,0.189264863729
UBFC_A2_L5_CE_CONCENTRATION_SEED102/Eval_On_COHFACE,COHFACE,prism,COHFACE_s29_session1_lamp,0,53.3935546875,54.4921875,correct,53.3935546875,1.0,53.28369140625,0.999726018604132,53.50341796875,0.9982685833362565,54.4921875,0.9999999999999999,54.38232421875,0.9992228049138229,54.60205078125,0.999030850671387,29_1,29,1,lamp,120.2862854,38.6267967224,1.16141751069,0,463.733477221,0.145460247993
UBFC_A2_L5_CE_CONCENTRATION_SEED102/Eval_On_COHFACE,COHFACE,prism,COHFACE_s29_session1_lamp,1,53.173828125,53.8330078125,correct,53.173828125,1.0,53.06396484375,0.9998935317488477,53.28369140625,0.9978450686690673,53.8330078125,1.0,53.72314453125,0.9993796200268485,53.94287109375,0.9985424645117351,29_1,29,1,lamp,120.2862854,38.6267967224,1.16141751069,0,463.733477221,0.145460247993
UBFC_A2_L5_CE_CONCENTRATION_SEED102/Eval_On_COHFACE,COHFACE,prism,COHFACE_s29_session1_lamp,2,52.734375,53.50341796875,correct,52.734375,1.0,52.84423828125,0.9999808562104525,52.62451171875,0.9978147351748368,53.50341796875,0.9999999999999999,53.61328125,0.9993086722629719,53.3935546875,0.998726017029978,29_1,29,1,lamp,120.2862854,38.6267967224,1.16141751069,0,463.733477221,0.145460247993
UBFC_A2_L5_CE_CONCENTRATION_SEED102/Eval_On_COHFACE,COHFACE,prism,COHFACE_s29_session1_lamp,3,53.28369140625,53.3935546875,correct,53.28369140625,1.0,53.173828125,0.9997651583391446,53.3935546875,0.9980504423802538,53.3935546875,0.9999999999999998,53.50341796875,0.9996232634728871,53.28369140625,0.9984521157097657,29_1,29,1,lamp,120.2862854,38.6267967224,1.16141751069,0,463.733477221,0.145460247993
UBFC_A2_L5_CE_CONCENTRATION_SEED102/Eval_On_COHFACE,COHFACE,prism,COHFACE_s29_session1_lamp,4,55.04150390625,54.38232421875,correct,55.04150390625,1.0,55.1513671875,0.9993823564981622,54.931640625,0.9984534219888113,54.38232421875,1.0,54.4921875,0.9994748643879003,54.2724609375,0.9983975977114957,29_1,29,1,lamp,120.2862854,38.6267967224,1.16141751069,0,463.733477221,0.145460247993
UBFC_A2_L5_CE_CONCENTRATION_SEED102/Eval_On_COHFACE,COHFACE,prism,COHFACE_s29_session2_natural,0,56.35986328125,57.7880859375,correct,56.35986328125,1.0,56.25,0.9988172940812938,56.4697265625,0.9988121142980307,57.7880859375,0.9999999999999999,57.67822265625,0.9998015648248191,57.89794921875,0.9983479883240978,29_2,29,2,natural,114.102149963,47.3961219788,1.61939987531,0,553.046560551,0.190543889999
UBFC_A2_L5_CE_CONCENTRATION_SEED102/Eval_On_COHFACE,COHFACE,prism,COHFACE_s29_session2_natural,1,51.85546875,50.86669921875,correct,51.85546875,1.0,51.96533203125,0.9999378275389261,51.74560546875,0.9980836462588931,50.86669921875,1.0,50.9765625,0.9999014211599204,50.7568359375,0.9986027181288728,29_2,29,2,natural,114.102149963,47.3961219788,1.61939987531,0,553.046560551,0.190543889999
UBFC_A2_L5_CE_CONCENTRATION_SEED102/Eval_On_COHFACE,COHFACE,prism,COHFACE_s29_session2_natural,2,53.72314453125,54.4921875,correct,53.72314453125,1.0,53.61328125,0.999244670082756,53.8330078125,0.9982240480054005,54.4921875,0.9999999999999999,54.38232421875,0.9995397403256231,54.60205078125,0.9984962231540804,29_2,29,2,natural,114.102149963,47.3961219788,1.61939987531,0,553.046560551,0.190543889999
UBFC_A2_L5_CE_CONCENTRATION_SEED102/Eval_On_COHFACE,COHFACE,prism,COHFACE_s29_session2_natural,3,53.173828125,53.50341796875,correct,53.173828125,1.0,53.06396484375,0.999810615174022,53.28369140625,0.9979329768022751,53.50341796875,0.9999999999999999,53.3935546875,0.9992124927806267,53.61328125,0.9985413008536415,29_2,29,2,natural,114.102149963,47.3961219788,1.61939987531,0,553.046560551,0.190543889999
UBFC_A2_L5_CE_CONCENTRATION_SEED102/Eval_On_COHFACE,COHFACE,prism,COHFACE_s29_session2_natural,4,53.8330078125,54.38232421875,correct,53.8330078125,1.0,53.72314453125,0.9997942975763012,53.94287109375,0.9979639348290216,54.38232421875,1.0,54.4921875,0.9999040699314989,54.2724609375,0.9979145911681541,29_2,29,2,natural,114.102149963,47.3961219788,1.61939987531,0,553.046560551,0.190543889999
UBFC_A2_L5_CE_CONCENTRATION_SEED102/Eval_On_COHFACE,COHFACE,prism,COHFACE_s29_session3_natural,0,57.89794921875,59.87548828125,correct,57.89794921875,1.0,57.7880859375,0.9999416135951897,58.0078125,0.9977413417992376,59.87548828125,1.0,59.765625,0.9999606313998848,59.9853515625,0.9981033647494992,29_3,29,3,natural,113.559989929,48.1363105774,1.6663714153,0,527.767234849,0.218439504504
UBFC_A2_L5_CE_CONCENTRATION_SEED102/Eval_On_COHFACE,COHFACE,prism,COHFACE_s29_session3_natural,1,57.12890625,55.70068359375,correct,57.12890625,1.0,57.01904296875,0.998958728442309,57.23876953125,0.9989577010287677,55.70068359375,1.0,55.5908203125,0.999598722270402,55.810546875,0.9985619130156105,29_3,29,3,natural,113.559989929,48.1363105774,1.6663714153,0,527.767234849,0.218439504504
UBFC_A2_L5_CE_CONCENTRATION_SEED102/Eval_On_COHFACE,COHFACE,prism,COHFACE_s29_session3_natural,2,56.79931640625,57.89794921875,correct,56.79931640625,1.0,56.9091796875,0.9989448110667738,56.689453125,0.9988394089397455,57.89794921875,1.0,57.7880859375,0.9996673033305927,58.0078125,0.9993584531266624,29_3,29,3,natural,113.559989929,48.1363105774,1.6663714153,0,527.767234849,0.218439504504
UBFC_A2_L5_CE_CONCENTRATION_SEED102/Eval_On_COHFACE,COHFACE,prism,COHFACE_s29_session3_natural,3,54.931640625,54.931640625,correct,54.931640625,1.0,54.82177734375,0.9997036892915454,55.04150390625,0.9980686779733126,54.931640625,1.0,54.82177734375,0.999361200356788,55.04150390625,0.9986566884393789,29_3,29,3,natural,113.559989929,48.1363105774,1.6663714153,0,527.767234849,0.218439504504
UBFC_A2_L5_CE_CONCENTRATION_SEED102/Eval_On_COHFACE,COHFACE,prism,COHFACE_s29_session3_natural,4,53.173828125,54.38232421875,correct,53.173828125,1.0,53.06396484375,0.9993870215087033,53.28369140625,0.9981737428055905,54.38232421875,0.9999999999999999,54.4921875,0.9998955705161625,54.2724609375,0.9982083014643767,29_3,29,3,natural,113.559989929,48.1363105774,1.6663714153,0,527.767234849,0.218439504504
UBFC_A2_L5_CE_CONCENTRATION_SEED102/Eval_On_COHFACE,COHFACE,prism,COHFACE_s29_session3_natural,5,54.052734375,54.16259765625,correct,54.052734375,1.0,53.94287109375,0.9991163350666019,54.16259765625,0.998707754456467,54.16259765625,0.9999999999999999,54.2724609375,0.9999614857107699,54.052734375,0.9980804226013262,29_3,29,3,natural,113.559989929,48.1363105774,1.6663714153,0,527.767234849,0.218439504504
UBFC_A2_L5_CE_CONCENTRATION_SEED102/Eval_On_COHFACE,COHFACE,prism,COHFACE_s30_session0_lamp,0,52.294921875,52.40478515625,correct,52.294921875,1.0,52.18505859375,0.9990759288567953,52.40478515625,0.9990061937601404,52.40478515625,0.9999999999999998,52.5146484375,0.9996478048600349,52.294921875,0.9989171364350412,30_0,30,0,lamp,111.615234375,41.3077201843,0.0435172737419,0,238.509642831,0.169422969222
UBFC_A2_L5_CE_CONCENTRATION_SEED102/Eval_On_COHFACE,COHFACE,prism,COHFACE_s30_session0_lamp,1,57.568359375,59.21630859375,correct,57.568359375,1.0,57.45849609375,0.9990950545547993,57.67822265625,0.9986091322783381,59.21630859375,0.9999999999999999,59.1064453125,0.9997148407220963,59.326171875,0.9984657508626947,30_0,30,0,lamp,111.615234375,41.3077201843,0.0435172737419,0,238.509642831,0.169422969222
UBFC_A2_L5_CE_CONCENTRATION_SEED102/Eval_On_COHFACE,COHFACE,prism,COHFACE_s30_session0_lamp,2,60.53466796875,60.4248046875,correct,60.53466796875,1.0,60.4248046875,0.999970012262507,60.64453125,0.9977924092900827,60.4248046875,1.0,60.53466796875,0.9996655969119264,60.31494140625,0.9982202441204405,30_0,30,0,lamp,111.615234375,41.3077201843,0.0435172737419,0,238.509642831,0.169422969222
UBFC_A2_L5_CE_CONCENTRATION_SEED102/Eval_On_COHFACE,COHFACE,prism,COHFACE_s30_session0_lamp,3,52.9541015625,61.7431640625,large_error,52.9541015625,0.9999999999999999,52.84423828125,0.9993916300246349,53.06396484375,0.9992099369482028,61.7431640625,0.9999999999999999,61.85302734375,0.9993262807117947,61.63330078125,0.9975172785334919,30_0,30,0,lamp,111.615234375,41.3077201843,0.0435172737419,0,238.509642831,0.169422969222
UBFC_A2_L5_CE_CONCENTRATION_SEED102/Eval_On_COHFACE,COHFACE,prism,COHFACE_s30_session0_lamp,4,54.931640625,64.8193359375,large_error,54.931640625,0.9999999999999999,55.04150390625,0.9993172530387208,54.82177734375,0.9986714031173421,64.8193359375,0.9999999999999998,64.92919921875,0.9990731567940733,64.70947265625,0.9977456938257772,30_0,30,0,lamp,111.615234375,41.3077201843,0.0435172737419,0,238.509642831,0.169422969222
UBFC_A2_L5_CE_CONCENTRATION_SEED102/Eval_On_COHFACE,COHFACE,prism,COHFACE_s30_session1_lamp,0,66.796875,76.57470703125,large_error,66.796875,0.9999999999999998,66.90673828125,0.9993546045560303,66.68701171875,0.9983191507404157,76.57470703125,0.9999999999999999,76.46484375,0.9999186032891741,76.6845703125,0.9991390400441321,30_1,30,1,lamp,108.236030579,39.2874336243,0.0381871273643,0,215.49063828,0.163058429956
UBFC_A2_L5_CE_CONCENTRATION_SEED102/Eval_On_COHFACE,COHFACE,prism,COHFACE_s30_session1_lamp,1,59.326171875,58.77685546875,correct,59.326171875,1.0,59.21630859375,0.9992251804878295,59.43603515625,0.9986139029664124,58.77685546875,1.0,58.6669921875,0.9990953797840875,58.88671875,0.9987077091967819,30_1,30,1,lamp,108.236030579,39.2874336243,0.0381871273643,0,215.49063828,0.163058429956
UBFC_A2_L5_CE_CONCENTRATION_SEED102/Eval_On_COHFACE,COHFACE,prism,COHFACE_s30_session1_lamp,2,61.083984375,59.9853515625,correct,61.083984375,1.0,60.97412109375,0.9992072100428645,61.19384765625,0.9985901392144001,59.9853515625,1.0,59.87548828125,0.9990473610021475,60.09521484375,0.9989628159720899,30_1,30,1,lamp,108.236030579,39.2874336243,0.0381871273643,0,215.49063828,0.163058429956
UBFC_A2_L5_CE_CONCENTRATION_SEED102/Eval_On_COHFACE,COHFACE,prism,COHFACE_s30_session1_lamp,3,62.40234375,64.16015625,correct,62.40234375,1.0,62.51220703125,0.9997865885231869,62.29248046875,0.9978904847911749,64.16015625,1.0,64.05029296875,0.9994550577491477,64.27001953125,0.9989647971265581,30_1,30,1,lamp,108.236030579,39.2874336243,0.0381871273643,0,215.49063828,0.163058429956
UBFC_A2_L5_CE_CONCENTRATION_SEED102/Eval_On_COHFACE,COHFACE,prism,COHFACE_s30_session1_lamp,4,59.765625,59.326171875,correct,59.765625,1.0,59.87548828125,0.9993038355375224,59.65576171875,0.998598976107194,59.326171875,1.0,59.21630859375,0.99923542374988,59.43603515625,0.9991390226840953,30_1,30,1,lamp,108.236030579,39.2874336243,0.0381871273643,0,215.49063828,0.163058429956
UBFC_A2_L5_CE_CONCENTRATION_SEED102/Eval_On_COHFACE,COHFACE,prism,COHFACE_s30_session2_natural,0,67.56591796875,69.873046875,correct,67.56591796875,0.9999999999999999,67.67578125,0.9994531957059238,67.4560546875,0.9987838076077663,69.873046875,1.0,69.98291015625,0.9994554205619005,69.76318359375,0.9989053581321347,30_2,30,2,natural,100.600006104,53.9405555725,0.762780920252,0,393.504320212,0.189403891563
UBFC_A2_L5_CE_CONCENTRATION_SEED102/Eval_On_COHFACE,COHFACE,prism,COHFACE_s30_session2_natural,1,58.0078125,57.01904296875,correct,58.0078125,1.0,58.11767578125,0.9989625089993963,57.89794921875,0.9989065395770843,57.01904296875,1.0,56.9091796875,0.9992886134442989,57.12890625,0.9988265341001917,30_2,30,2,natural,100.600006104,53.9405555725,0.762780920252,0,393.504320212,0.189403891563
UBFC_A2_L5_CE_CONCENTRATION_SEED102/Eval_On_COHFACE,COHFACE,prism,COHFACE_s30_session2_natural,2,49.10888671875,63.83056640625,super_harmonic_1p5x,49.10888671875,0.9999999999999999,48.9990234375,0.9993638872629782,49.21875,0.9990049289827778,63.83056640625,0.9999999999999999,63.720703125,0.9994918782102862,63.9404296875,0.9980474958494376,30_2,30,2,natural,100.600006104,53.9405555725,0.762780920252,0,393.504320212,0.189403891563
UBFC_A2_L5_CE_CONCENTRATION_SEED102/Eval_On_COHFACE,COHFACE,prism,COHFACE_s30_session2_natural,3,60.64453125,60.53466796875,correct,60.64453125,0.9999999999999999,60.53466796875,0.9995631342350239,60.75439453125,0.9988502092837086,60.53466796875,1.0,60.64453125,0.9999585148715697,60.4248046875,0.9993475860187361,30_2,30,2,natural,100.600006104,53.9405555725,0.762780920252,0,393.504320212,0.189403891563
UBFC_A2_L5_CE_CONCENTRATION_SEED102/Eval_On_COHFACE,COHFACE,prism,COHFACE_s30_session2_natural,4,52.40478515625,60.64453125,large_error,52.40478515625,0.9999999999999999,52.5146484375,0.9995324516443965,52.294921875,0.9976312068813481,60.64453125,1.0,60.75439453125,0.9991000692497911,60.53466796875,0.9988437441889094,30_2,30,2,natural,100.600006104,53.9405555725,0.762780920252,0,393.504320212,0.189403891563
UBFC_A2_L5_CE_CONCENTRATION_SEED102/Eval_On_COHFACE,COHFACE,prism,COHFACE_s30_session3_natural,0,57.45849609375,59.43603515625,correct,57.45849609375,1.0,57.568359375,0.9995462760310331,57.3486328125,0.9980821376777346,59.43603515625,1.0,59.326171875,0.9994750646176195,59.5458984375,0.9987440230882331,30_3,30,3,natural,105.923339844,55.5856552124,0.389019854657,0,467.328414586,0.173278927803
UBFC_A2_L5_CE_CONCENTRATION_SEED102/Eval_On_COHFACE,COHFACE,prism,COHFACE_s30_session3_natural,1,59.9853515625,59.65576171875,correct,59.9853515625,1.0,60.09521484375,0.9992676166903343,59.87548828125,0.9989632447031352,59.65576171875,1.0,59.765625,0.9993439182928172,59.5458984375,0.9988141746482976,30_3,30,3,natural,105.923339844,55.5856552124,0.389019854657,0,467.328414586,0.173278927803
UBFC_A2_L5_CE_CONCENTRATION_SEED102/Eval_On_COHFACE,COHFACE,prism,COHFACE_s30_session3_natural,2,56.689453125,65.14892578125,large_error,56.689453125,1.0,56.79931640625,0.9991451210388533,56.57958984375,0.9983051684994546,65.14892578125,1.0,65.2587890625,0.9999920801914006,65.0390625,0.997906264959825,30_3,30,3,natural,105.923339844,55.5856552124,0.389019854657,0,467.328414586,0.173278927803
UBFC_A2_L5_CE_CONCENTRATION_SEED102/Eval_On_COHFACE,COHFACE,prism,COHFACE_s30_session3_natural,3,58.0078125,59.21630859375,correct,58.0078125,1.0,58.11767578125,0.999965422498539,57.89794921875,0.9976336570120128,59.21630859375,1.0,59.1064453125,0.999080260737904,59.326171875,0.9990788455639916,30_3,30,3,natural,105.923339844,55.5856552124,0.389019854657,0,467.328414586,0.173278927803
UBFC_A2_L5_CE_CONCENTRATION_SEED102/Eval_On_COHFACE,COHFACE,prism,COHFACE_s30_session3_natural,4,62.841796875,62.29248046875,correct,62.841796875,1.0,62.95166015625,0.999631359998804,62.73193359375,0.998068126712947,62.29248046875,1.0,62.1826171875,0.9999690875291728,62.40234375,0.9981337941480024,30_3,30,3,natural,105.923339844,55.5856552124,0.389019854657,0,467.328414586,0.173278927803
UBFC_A2_L5_CE_CONCENTRATION_SEED102/Eval_On_COHFACE,COHFACE,prism,COHFACE_s31_session0_lamp,0,49.8779296875,77.89306640625,super_harmonic_1p5x,49.8779296875,1.0,49.76806640625,0.9991559944537926,49.98779296875,0.9989432263533217,77.89306640625,0.9999999999999998,78.0029296875,0.9998501688459537,77.783203125,0.9978997290768121,31_0,31,0,lamp,96.32837677,49.6158866882,2.13347214919,0,312.563279673,0.228749126196
UBFC_A2_L5_CE_CONCENTRATION_SEED102/Eval_On_COHFACE,COHFACE,prism,COHFACE_s31_session0_lamp,1,48.5595703125,48.9990234375,correct,48.5595703125,1.0,48.44970703125,0.999867532172181,48.66943359375,0.9984312494170982,48.9990234375,0.9999999999999998,49.10888671875,0.9990020374984622,48.88916015625,0.9985223491841227,31_0,31,0,lamp,96.32837677,49.6158866882,2.13347214919,0,312.563279673,0.228749126196
UBFC_A2_L5_CE_CONCENTRATION_SEED102/Eval_On_COHFACE,COHFACE,prism,COHFACE_s31_session0_lamp,2,48.66943359375,48.779296875,correct,48.66943359375,0.9999999999999999,48.5595703125,0.9999831220758301,48.779296875,0.997756210984406,48.779296875,0.9999999999999999,48.88916015625,0.9996289636663772,48.66943359375,0.9982888174696098,31_0,31,0,lamp,96.32837677,49.6158866882,2.13347214919,0,312.563279673,0.228749126196
UBFC_A2_L5_CE_CONCENTRATION_SEED102/Eval_On_COHFACE,COHFACE,prism,COHFACE_s31_session0_lamp,3,50.20751953125,65.478515625,super_harmonic_1p5x,50.20751953125,1.0,50.3173828125,0.9993266870852475,50.09765625,0.9985104243205651,65.478515625,0.9999999999999999,65.58837890625,0.9994053404786262,65.36865234375,0.9979670390402384,31_0,31,0,lamp,96.32837677,49.6158866882,2.13347214919,0,312.563279673,0.228749126196
UBFC_A2_L5_CE_CONCENTRATION_SEED102/Eval_On_COHFACE,COHFACE,prism,COHFACE_s31_session0_lamp,4,48.779296875,47.4609375,correct,48.779296875,1.0,48.88916015625,0.9997712173497925,48.66943359375,0.9979113864794482,47.4609375,0.9999999999999998,47.57080078125,0.9989788712765882,47.35107421875,0.9989591393431214,31_0,31,0,lamp,96.32837677,49.6158866882,2.13347214919,0,312.563279673,0.228749126196
UBFC_A2_L5_CE_CONCENTRATION_SEED102/Eval_On_COHFACE,COHFACE,prism,COHFACE_s31_session1_lamp,0,57.12890625,70.86181640625,large_error,57.12890625,0.9999999999999999,57.01904296875,0.9993235694771719,57.23876953125,0.9986044559246617,70.86181640625,0.9999999999999997,70.9716796875,0.9999864946961736,70.751953125,0.9995971638550121,31_1,31,1,lamp,88.2859039307,46.6101913452,3.57306064704,0,286.909689192,0.302098602057
UBFC_A2_L5_CE_CONCENTRATION_SEED102/Eval_On_COHFACE,COHFACE,prism,COHFACE_s31_session1_lamp,1,51.52587890625,96.13037109375,super_harmonic_2x,51.52587890625,1.0,51.416015625,0.9993585059840157,51.6357421875,0.998424008583784,96.13037109375,0.9999999999999998,96.0205078125,0.9996444946379979,96.240234375,0.9993230396726054,31_1,31,1,lamp,88.2859039307,46.6101913452,3.57306064704,0,286.909689192,0.302098602057
UBFC_A2_L5_CE_CONCENTRATION_SEED102/Eval_On_COHFACE,COHFACE,prism,COHFACE_s31_session1_lamp,2,51.85546875,53.173828125,correct,51.85546875,1.0,51.74560546875,0.9999827895379104,51.96533203125,0.9980525656238391,53.173828125,0.9999999999999999,53.06396484375,0.9994139438525089,53.28369140625,0.9986678025574869,31_1,31,1,lamp,88.2859039307,46.6101913452,3.57306064704,0,286.909689192,0.302098602057
UBFC_A2_L5_CE_CONCENTRATION_SEED102/Eval_On_COHFACE,COHFACE,prism,COHFACE_s31_session1_lamp,3,50.20751953125,50.3173828125,correct,50.20751953125,1.0,50.3173828125,0.9997052414771922,50.09765625,0.9981206165190379,50.3173828125,0.9999999999999998,50.20751953125,0.9992923047242869,50.42724609375,0.9992191981111535,31_1,31,1,lamp,88.2859039307,46.6101913452,3.57306064704,0,286.909689192,0.302098602057
UBFC_A2_L5_CE_CONCENTRATION_SEED102/Eval_On_COHFACE,COHFACE,prism,COHFACE_s31_session1_lamp,4,50.20751953125,50.64697265625,correct,50.20751953125,1.0,50.3173828125,0.9989691528751815,50.09765625,0.9989138367973969,50.64697265625,0.9999999999999998,50.7568359375,0.9996680329399545,50.537109375,0.9983620549577219,31_1,31,1,lamp,88.2859039307,46.6101913452,3.57306064704,0,286.909689192,0.302098602057
UBFC_A2_L5_CE_CONCENTRATION_SEED102/Eval_On_COHFACE,COHFACE,prism,COHFACE_s31_session2_natural,0,47.6806640625,66.357421875,super_harmonic_1p5x,47.6806640625,0.9999999999999998,47.79052734375,0.999226728193631,47.57080078125,0.9981979579769116,66.357421875,0.9999999999999998,66.24755859375,0.9992516945844693,66.46728515625,0.999038440262281,31_2,31,2,natural,98.5736312866,58.9268188477,5.89665909545,0,489.775177497,0.305582135916
UBFC_A2_L5_CE_CONCENTRATION_SEED102/Eval_On_COHFACE,COHFACE,prism,COHFACE_s31_session2_natural,1,52.9541015625,52.9541015625,correct,52.9541015625,0.9999999999999998,52.84423828125,0.9998110006224762,53.06396484375,0.9982728089706394,52.9541015625,0.9999999999999999,52.84423828125,0.9996930070319079,53.06396484375,0.9984224697211844,31_2,31,2,natural,98.5736312866,58.9268188477,5.89665909545,0,489.775177497,0.305582135916
UBFC_A2_L5_CE_CONCENTRATION_SEED102/Eval_On_COHFACE,COHFACE,prism,COHFACE_s31_session2_natural,2,51.1962890625,68.66455078125,super_harmonic_1p5x,51.1962890625,1.0,51.08642578125,0.9996788317305279,51.30615234375,0.9980916440442476,68.66455078125,0.9999999999999999,68.5546875,0.9995178284213366,68.7744140625,0.9985108641618594,31_2,31,2,natural,98.5736312866,58.9268188477,5.89665909545,0,489.775177497,0.305582135916
UBFC_A2_L5_CE_CONCENTRATION_SEED102/Eval_On_COHFACE,COHFACE,prism,COHFACE_s31_session2_natural,3,49.10888671875,77.23388671875,super_harmonic_1p5x,49.10888671875,1.0,48.9990234375,0.9987990147662538,49.21875,0.9985394609622239,77.23388671875,0.9999999999999998,77.34375,0.9994629231259293,77.1240234375,0.9982018114739606,31_2,31,2,natural,98.5736312866,58.9268188477,5.89665909545,0,489.775177497,0.305582135916
UBFC_A2_L5_CE_CONCENTRATION_SEED102/Eval_On_COHFACE,COHFACE,prism,COHFACE_s31_session2_natural,4,48.1201171875,51.30615234375,correct,48.1201171875,1.0,48.22998046875,0.9990325049904533,48.01025390625,0.9987774290492902,51.30615234375,0.9999999999999999,51.416015625,0.9990039614622263,51.1962890625,0.9985855871732611,31_2,31,2,natural,98.5736312866,58.9268188477,5.89665909545,0,489.775177497,0.305582135916
UBFC_A2_L5_CE_CONCENTRATION_SEED102/Eval_On_COHFACE,COHFACE,prism,COHFACE_s31_session3_natural,0,53.50341796875,59.5458984375,large_error,53.50341796875,1.0,53.61328125,0.9994635630558955,53.3935546875,0.9985332790996125,59.5458984375,1.0,59.65576171875,0.999301826930882,59.43603515625,0.9987209697759994,31_3,31,3,natural,87.3595657349,56.7161979675,8.52600488907,0,336.599120432,0.498190373182
UBFC_A2_L5_CE_CONCENTRATION_SEED102/Eval_On_COHFACE,COHFACE,prism,COHFACE_s31_session3_natural,1,47.13134765625,61.7431640625,super_harmonic_1p5x,47.13134765625,0.9999999999999999,47.021484375,0.9997978034101752,47.2412109375,0.9983031964635078,61.7431640625,0.9999999999999998,61.63330078125,0.9989178244786802,61.85302734375,0.9982982961457134,31_3,31,3,natural,87.3595657349,56.7161979675,8.52600488907,0,336.599120432,0.498190373182
UBFC_A2_L5_CE_CONCENTRATION_SEED102/Eval_On_COHFACE,COHFACE,prism,COHFACE_s31_session3_natural,2,51.08642578125,58.77685546875,large_error,51.08642578125,0.9999999999999999,50.9765625,0.9991266746509444,51.1962890625,0.998854367013254,58.77685546875,0.9999999999999999,58.88671875,0.999284468745394,58.6669921875,0.9983444044367137,31_3,31,3,natural,87.3595657349,56.7161979675,8.52600488907,0,336.599120432,0.498190373182
UBFC_A2_L5_CE_CONCENTRATION_SEED102/Eval_On_COHFACE,COHFACE,prism,COHFACE_s31_session3_natural,3,49.10888671875,85.693359375,super_harmonic_2x,49.10888671875,1.0,49.21875,0.9995918657055762,48.9990234375,0.998518296953204,85.693359375,0.9999999999999998,85.58349609375,0.9998754248716064,85.80322265625,0.9997959148859542,31_3,31,3,natural,87.3595657349,56.7161979675,8.52600488907,0,336.599120432,0.498190373182
UBFC_A2_L5_CE_CONCENTRATION_SEED102/Eval_On_COHFACE,COHFACE,prism,COHFACE_s31_session3_natural,4,49.76806640625,65.14892578125,super_harmonic_1p5x,49.76806640625,1.0,49.8779296875,0.9992158482465608,49.658203125,0.9988385901233087,65.14892578125,1.0,65.2587890625,0.9995826164149975,65.0390625,0.9988357462361431,31_3,31,3,natural,87.3595657349,56.7161979675,8.52600488907,0,336.599120432,0.498190373182
UBFC_A2_L5_CE_CONCENTRATION_SEED102/Eval_On_COHFACE,COHFACE,prism,COHFACE_s32_session0_lamp,0,57.45849609375,58.11767578125,correct,57.45849609375,1.0,57.3486328125,0.9999995556717545,57.23876953125,0.9979580492113572,58.11767578125,1.0,58.2275390625,0.9997315681846831,58.0078125,0.9982749837700472,32_0,32,0,lamp,114.589523315,39.1732177734,0.0482277792008,0,197.882530068,0.189173728228
UBFC_A2_L5_CE_CONCENTRATION_SEED102/Eval_On_COHFACE,COHFACE,prism,COHFACE_s32_session0_lamp,1,58.55712890625,59.87548828125,correct,58.55712890625,1.0,58.6669921875,0.9996178789708451,58.447265625,0.9980148549623359,59.87548828125,1.0,59.765625,0.9997131438514172,59.9853515625,0.9982106790651473,32_0,32,0,lamp,114.589523315,39.1732177734,0.0482277792008,0,197.882530068,0.189173728228
UBFC_A2_L5_CE_CONCENTRATION_SEED102/Eval_On_COHFACE,COHFACE,prism,COHFACE_s32_session0_lamp,2,59.5458984375,59.5458984375,correct,59.5458984375,1.0,59.65576171875,0.9994510402016614,59.43603515625,0.9985034963432479,59.5458984375,1.0,59.65576171875,0.9990524541380162,59.43603515625,0.9990524313708204,32_0,32,0,lamp,114.589523315,39.1732177734,0.0482277792008,0,197.882530068,0.189173728228
UBFC_A2_L5_CE_CONCENTRATION_SEED102/Eval_On_COHFACE,COHFACE,prism,COHFACE_s32_session0_lamp,3,60.09521484375,59.9853515625,correct,60.09521484375,1.0,59.9853515625,0.9998343609510723,60.205078125,0.9981074664183847,59.9853515625,1.0,59.87548828125,0.9996188442574944,60.09521484375,0.9983234865750373,32_0,32,0,lamp,114.589523315,39.1732177734,0.0482277792008,0,197.882530068,0.189173728228
UBFC_A2_L5_CE_CONCENTRATION_SEED102/Eval_On_COHFACE,COHFACE,prism,COHFACE_s32_session0_lamp,4,60.8642578125,59.9853515625,correct,60.8642578125,1.0,60.97412109375,0.9995361913989673,60.75439453125,0.9983721821626693,59.9853515625,1.0,59.87548828125,0.9998557856854418,60.09521484375,0.9981145654071611,32_0,32,0,lamp,114.589523315,39.1732177734,0.0482277792008,0,197.882530068,0.189173728228
UBFC_A2_L5_CE_CONCENTRATION_SEED102/Eval_On_COHFACE,COHFACE,prism,COHFACE_s32_session1_lamp,0,63.83056640625,67.236328125,correct,63.83056640625,1.0,63.9404296875,0.9993660286623335,63.720703125,0.9984996496949136,67.236328125,0.9999999999999999,67.12646484375,0.9999065504994405,67.34619140625,0.9984172527154042,32_1,32,1,lamp,114.004943848,39.4196128845,0.0618583277652,0,188.63173955,0.226598441601
UBFC_A2_L5_CE_CONCENTRATION_SEED102/Eval_On_COHFACE,COHFACE,prism,COHFACE_s32_session1_lamp,1,62.51220703125,63.17138671875,correct,62.51220703125,1.0,62.40234375,0.9991396953440691,62.6220703125,0.9983260711374663,63.17138671875,1.0,63.28125,0.9994678800749528,63.0615234375,0.9990748301323551,32_1,32,1,lamp,114.004943848,39.4196128845,0.0618583277652,0,188.63173955,0.226598441601
UBFC_A2_L5_CE_CONCENTRATION_SEED102/Eval_On_COHFACE,COHFACE,prism,COHFACE_s32_session1_lamp,2,60.4248046875,59.87548828125,correct,60.4248046875,1.0,60.31494140625,0.9999638806229547,60.53466796875,0.9977697916054705,59.87548828125,1.0,59.9853515625,0.9998274040471441,59.765625,0.9982049956430543,32_1,32,1,lamp,114.004943848,39.4196128845,0.0618583277652,0,188.63173955,0.226598441601
UBFC_A2_L5_CE_CONCENTRATION_SEED102/Eval_On_COHFACE,COHFACE,prism,COHFACE_s32_session1_lamp,3,61.41357421875,63.17138671875,correct,61.41357421875,1.0,61.3037109375,0.9989728635936554,61.5234375,0.9988008106543829,63.17138671875,1.0,63.0615234375,0.9997703341195678,63.28125,0.998972345873788,32_1,32,1,lamp,114.004943848,39.4196128845,0.0618583277652,0,188.63173955,0.226598441601
UBFC_A2_L5_CE_CONCENTRATION_SEED102/Eval_On_COHFACE,COHFACE,prism,COHFACE_s32_session1_lamp,4,63.17138671875,62.29248046875,correct,63.17138671875,1.0,63.28125,0.999775799759828,63.0615234375,0.9984315496066156,62.29248046875,1.0,62.40234375,0.9999359580611532,62.1826171875,0.9985216279968584,32_1,32,1,lamp,114.004943848,39.4196128845,0.0618583277652,0,188.63173955,0.226598441601
UBFC_A2_L5_CE_CONCENTRATION_SEED102/Eval_On_COHFACE,COHFACE,prism,COHFACE_s32_session2_natural,0,64.92919921875,65.2587890625,correct,64.92919921875,1.0,65.0390625,0.9997592925539444,64.8193359375,0.9977134546602722,65.2587890625,1.0,65.14892578125,0.9996242963321641,65.36865234375,0.9985780267068202,32_2,32,2,natural,107.788642883,55.5965690613,0.909463205645,0,324.182203658,0.20858579874
UBFC_A2_L5_CE_CONCENTRATION_SEED102/Eval_On_COHFACE,COHFACE,prism,COHFACE_s32_session2_natural,1,65.14892578125,72.0703125,large_error,65.14892578125,1.0,65.0390625,0.9998124650784005,65.2587890625,0.9979618515637981,72.0703125,1.0,72.18017578125,0.9995321444733566,71.96044921875,0.9987655703588549,32_2,32,2,natural,107.788642883,55.5965690613,0.909463205645,0,324.182203658,0.20858579874
UBFC_A2_L5_CE_CONCENTRATION_SEED102/Eval_On_COHFACE,COHFACE,prism,COHFACE_s32_session2_natural,2,64.70947265625,65.91796875,correct,64.70947265625,1.0,64.599609375,0.9995220984998124,64.8193359375,0.9982300098166624,65.91796875,1.0,66.02783203125,0.9997005998312144,65.80810546875,0.9981929173754006,32_2,32,2,natural,107.788642883,55.5965690613,0.909463205645,0,324.182203658,0.20858579874
UBFC_A2_L5_CE_CONCENTRATION_SEED102/Eval_On_COHFACE,COHFACE,prism,COHFACE_s32_session2_natural,3,55.37109375,65.0390625,large_error,55.37109375,0.9999999999999999,55.26123046875,0.9995741657450973,55.48095703125,0.9988595101374576,65.0390625,0.9999999999999999,64.92919921875,0.9993743494128422,65.14892578125,0.9985532169099065,32_2,32,2,natural,107.788642883,55.5965690613,0.909463205645,0,324.182203658,0.20858579874
UBFC_A2_L5_CE_CONCENTRATION_SEED102/Eval_On_COHFACE,COHFACE,prism,COHFACE_s32_session2_natural,4,61.41357421875,60.64453125,correct,61.41357421875,1.0,61.5234375,0.9992220996283446,61.3037109375,0.9985675021526318,60.64453125,1.0,60.53466796875,0.9998711982208651,60.75439453125,0.9984701496664616,32_2,32,2,natural,107.788642883,55.5965690613,0.909463205645,0,324.182203658,0.20858579874
UBFC_A2_L5_CE_CONCENTRATION_SEED102/Eval_On_COHFACE,COHFACE,prism,COHFACE_s32_session3_natural,0,61.962890625,60.53466796875,correct,61.962890625,1.0,61.85302734375,0.9998685250150668,62.07275390625,0.998107468443994,60.53466796875,1.0,60.4248046875,0.9992121663305099,60.64453125,0.9987846907583537,32_3,32,3,natural,109.887489319,56.9916038513,0.329924552671,0,320.530628122,0.231029465795
UBFC_A2_L5_CE_CONCENTRATION_SEED102/Eval_On_COHFACE,COHFACE,prism,COHFACE_s32_session3_natural,1,62.1826171875,63.17138671875,correct,62.1826171875,1.0,62.29248046875,0.9992434597013253,62.07275390625,0.9989716979502695,63.17138671875,1.0,63.28125,0.9995655759353498,63.0615234375,0.9983066074205622,32_3,32,3,natural,109.887489319,56.9916038513,0.329924552671,0,320.530628122,0.231029465795
UBFC_A2_L5_CE_CONCENTRATION_SEED102/Eval_On_COHFACE,COHFACE,prism,COHFACE_s32_session3_natural,2,59.326171875,58.88671875,correct,59.326171875,1.0,59.43603515625,0.9993956962455699,59.21630859375,0.9987316585935434,58.88671875,1.0,58.77685546875,0.9993247423474428,58.99658203125,0.9984537789030068,32_3,32,3,natural,109.887489319,56.9916038513,0.329924552671,0,320.530628122,0.231029465795
UBFC_A2_L5_CE_CONCENTRATION_SEED102/Eval_On_COHFACE,COHFACE,prism,COHFACE_s32_session3_natural,3,65.478515625,65.6982421875,correct,65.478515625,1.0,65.58837890625,0.9989800954379128,65.36865234375,0.9985236151781731,65.6982421875,1.0,65.80810546875,0.9990403723451192,65.58837890625,0.9987097095894563,32_3,32,3,natural,109.887489319,56.9916038513,0.329924552671,0,320.530628122,0.231029465795
UBFC_A2_L5_CE_CONCENTRATION_SEED102/Eval_On_COHFACE,COHFACE,prism,COHFACE_s32_session3_natural,4,63.5009765625,71.4111328125,large_error,63.5009765625,1.0,63.39111328125,0.9994904173308912,63.61083984375,0.9978489670734177,71.4111328125,1.0,71.30126953125,0.9996683928042178,71.52099609375,0.998450981970253,32_3,32,3,natural,109.887489319,56.9916038513,0.329924552671,0,320.530628122,0.231029465795
UBFC_A2_L5_CE_CONCENTRATION_SEED102/Eval_On_COHFACE,COHFACE,prism,COHFACE_s33_session0_lamp,0,75.8056640625,78.8818359375,correct,75.8056640625,0.9999999999999999,75.91552734375,0.9997570278468436,75.69580078125,0.9987548305267606,78.8818359375,0.9999999999999999,78.99169921875,0.9988065000344606,78.77197265625,0.9987409976952866,33_0,33,0,lamp,94.1512832642,50.2418861389,9.02593512284,0,238.134589124,0.288667529821
UBFC_A2_L5_CE_CONCENTRATION_SEED102/Eval_On_COHFACE,COHFACE,prism,COHFACE_s33_session0_lamp,1,70.42236328125,83.935546875,large_error,70.42236328125,0.9999999999999999,70.3125,0.9995848052692811,70.5322265625,0.9981472437835792,83.935546875,0.9999999999999999,84.04541015625,0.9995709901282631,83.82568359375,0.9981907486503652,33_0,33,0,lamp,94.1512832642,50.2418861389,9.02593512284,0,238.134589124,0.288667529821
UBFC_A2_L5_CE_CONCENTRATION_SEED102/Eval_On_COHFACE,COHFACE,prism,COHFACE_s33_session0_lamp,2,73.1689453125,94.7021484375,super_harmonic_1p5x,73.1689453125,1.0,73.05908203125,0.9998850288377346,73.27880859375,0.9981744381305548,94.7021484375,0.9999999999999998,94.59228515625,0.9995095200917276,94.81201171875,0.998164656936338,33_0,33,0,lamp,94.1512832642,50.2418861389,9.02593512284,0,238.134589124,0.288667529821
UBFC_A2_L5_CE_CONCENTRATION_SEED102/Eval_On_COHFACE,COHFACE,prism,COHFACE_s33_session0_lamp,3,74.4873046875,70.0927734375,large_error,74.4873046875,1.0,74.59716796875,0.9993198513982221,74.37744140625,0.9986239484009067,70.0927734375,0.9999999999999998,69.98291015625,0.999432616721287,70.20263671875,0.9976326923742621,33_0,33,0,lamp,94.1512832642,50.2418861389,9.02593512284,0,238.134589124,0.288667529821
UBFC_A2_L5_CE_CONCENTRATION_SEED102/Eval_On_COHFACE,COHFACE,prism,COHFACE_s33_session0_lamp,4,74.9267578125,64.05029296875,large_error,74.9267578125,1.0,75.03662109375,0.9988195173311929,74.81689453125,0.9987052297066877,64.05029296875,0.9999999999999998,63.9404296875,0.9993450529999895,64.16015625,0.9979539785068652,33_0,33,0,lamp,94.1512832642,50.2418861389,9.02593512284,0,238.134589124,0.288667529821
UBFC_A2_L5_CE_CONCENTRATION_SEED102/Eval_On_COHFACE,COHFACE,prism,COHFACE_s33_session1_lamp,0,77.45361328125,70.5322265625,large_error,77.45361328125,1.0,77.34375,0.9991647390139983,77.5634765625,0.9982593966743689,70.5322265625,0.9999999999999999,70.42236328125,0.9995008097493375,70.64208984375,0.9993514271804097,33_1,33,1,lamp,90.0958099365,49.0074195862,10.334984564,0,215.55753375,0.276230365038
UBFC_A2_L5_CE_CONCENTRATION_SEED102/Eval_On_COHFACE,COHFACE,prism,COHFACE_s33_session1_lamp,1,77.34375,70.9716796875,large_error,77.34375,1.0,77.23388671875,0.9988786503408001,77.45361328125,0.9988100084286852,70.9716796875,0.9999999999999998,70.86181640625,0.9999864394959742,71.08154296875,0.9986836561486685,33_1,33,1,lamp,90.0958099365,49.0074195862,10.334984564,0,215.55753375,0.276230365038
UBFC_A2_L5_CE_CONCENTRATION_SEED102/Eval_On_COHFACE,COHFACE,prism,COHFACE_s33_session1_lamp,2,68.88427734375,60.8642578125,large_error,68.88427734375,1.0,68.994140625,0.9995920089093012,68.7744140625,0.9973777736861646,60.8642578125,0.9999999999999999,60.97412109375,0.9998776723177177,60.75439453125,0.998221981090073,33_1,33,1,lamp,90.0958099365,49.0074195862,10.334984564,0,215.55753375,0.276230365038
UBFC_A2_L5_CE_CONCENTRATION_SEED102/Eval_On_COHFACE,COHFACE,prism,COHFACE_s33_session1_lamp,3,75.69580078125,97.55859375,super_harmonic_1p5x,75.69580078125,0.9999999999999999,75.5859375,0.9989806223116889,75.8056640625,0.9988479313095964,97.55859375,0.9999999999999996,97.44873046875,0.9996153835154463,97.66845703125,0.9987027045781196,33_1,33,1,lamp,90.0958099365,49.0074195862,10.334984564,0,215.55753375,0.276230365038
UBFC_A2_L5_CE_CONCENTRATION_SEED102/Eval_On_COHFACE,COHFACE,prism,COHFACE_s33_session1_lamp,4,77.45361328125,78.77197265625,correct,77.45361328125,1.0,77.34375,0.9990986247043421,77.5634765625,0.9987661739827393,78.77197265625,0.9999999999999999,78.8818359375,0.9998686132545492,78.662109375,0.9978021313157084,33_1,33,1,lamp,90.0958099365,49.0074195862,10.334984564,0,215.55753375,0.276230365038
UBFC_A2_L5_CE_CONCENTRATION_SEED102/Eval_On_COHFACE,COHFACE,prism,COHFACE_s33_session2_natural,0,76.904296875,75.47607421875,correct,76.904296875,1.0,76.79443359375,0.9997030558045609,77.01416015625,0.9986732371800184,75.47607421875,0.9999999999999998,75.5859375,0.9991436009764741,75.3662109375,0.998795845639961,33_2,33,2,natural,95.9656219482,59.6989364624,9.10221828226,1.37018987662,311.291958644,0.26514339447
UBFC_A2_L5_CE_CONCENTRATION_SEED102/Eval_On_COHFACE,COHFACE,prism,COHFACE_s33_session2_natural,1,77.45361328125,85.4736328125,large_error,77.45361328125,1.0,77.5634765625,0.9994328839515746,77.34375,0.9984130786308786,85.4736328125,0.9999999999999999,85.58349609375,0.9996550506175823,85.36376953125,0.9978837193409498,33_2,33,2,natural,95.9656219482,59.6989364624,9.10221828226,1.37018987662,311.291958644,0.26514339447
UBFC_A2_L5_CE_CONCENTRATION_SEED102/Eval_On_COHFACE,COHFACE,prism,COHFACE_s33_session2_natural,2,71.96044921875,71.630859375,correct,71.96044921875,1.0,71.8505859375,0.9992302776451094,72.0703125,0.9988291309836331,71.630859375,1.0,71.52099609375,0.9997392097881604,71.74072265625,0.9978975356979963,33_2,33,2,natural,95.9656219482,59.6989364624,9.10221828226,1.37018987662,311.291958644,0.26514339447
UBFC_A2_L5_CE_CONCENTRATION_SEED102/Eval_On_COHFACE,COHFACE,prism,COHFACE_s33_session2_natural,3,76.46484375,74.267578125,correct,76.46484375,1.0,76.57470703125,0.9997102191618578,76.35498046875,0.9979652226174095,74.267578125,0.9999999999999998,74.37744140625,0.999972384430347,74.15771484375,0.9987378368260867,33_2,33,2,natural,95.9656219482,59.6989364624,9.10221828226,1.37018987662,311.291958644,0.26514339447
UBFC_A2_L5_CE_CONCENTRATION_SEED102/Eval_On_COHFACE,COHFACE,prism,COHFACE_s33_session2_natural,4,77.67333984375,95.1416015625,large_error,77.67333984375,1.0,77.783203125,0.9991049822903297,77.5634765625,0.9985775120343248,95.1416015625,0.9999999999999999,95.25146484375,0.9991850296118919,95.03173828125,0.9982088185810483,33_2,33,2,natural,95.9656219482,59.6989364624,9.10221828226,1.37018987662,311.291958644,0.26514339447
UBFC_A2_L5_CE_CONCENTRATION_SEED102/Eval_On_COHFACE,COHFACE,prism,COHFACE_s33_session3_natural,0,81.0791015625,55.37109375,large_error,81.0791015625,0.9999999999999999,80.96923828125,0.9993734819541461,81.18896484375,0.997893103941651,55.37109375,0.9999999999999998,55.26123046875,0.9991577124393725,55.48095703125,0.9983449450183013,33_3,33,3,natural,91.2691192627,57.2795562744,10.1572105533,0.939561187244,288.667156045,0.284706056118
UBFC_A2_L5_CE_CONCENTRATION_SEED102/Eval_On_COHFACE,COHFACE,prism,COHFACE_s33_session3_natural,1,72.509765625,59.21630859375,large_error,72.509765625,1.0,72.61962890625,0.9997953156433538,72.39990234375,0.9986475019972448,59.21630859375,0.9999999999999999,59.1064453125,0.9999511808342816,59.326171875,0.9996810068879791,33_3,33,3,natural,91.2691192627,57.2795562744,10.1572105533,0.939561187244,288.667156045,0.284706056118
UBFC_A2_L5_CE_CONCENTRATION_SEED102/Eval_On_COHFACE,COHFACE,prism,COHFACE_s33_session3_natural,2,74.15771484375,72.0703125,correct,74.15771484375,1.0,74.267578125,0.9996428915597445,74.0478515625,0.998281437702227,72.0703125,1.0,71.96044921875,0.9993118999610812,72.18017578125,0.9987555194618084,33_3,33,3,natural,91.2691192627,57.2795562744,10.1572105533,0.939561187244,288.667156045,0.284706056118
UBFC_A2_L5_CE_CONCENTRATION_SEED102/Eval_On_COHFACE,COHFACE,prism,COHFACE_s33_session3_natural,3,75.91552734375,60.4248046875,large_error,75.91552734375,1.0,75.8056640625,0.9989927024192009,76.025390625,0.9987312538637834,60.4248046875,0.9999999999999999,60.53466796875,0.9992789115733443,60.31494140625,0.998525507120946,33_3,33,3,natural,91.2691192627,57.2795562744,10.1572105533,0.939561187244,288.667156045,0.284706056118
UBFC_A2_L5_CE_CONCENTRATION_SEED102/Eval_On_COHFACE,COHFACE,prism,COHFACE_s33_session3_natural,4,69.98291015625,65.80810546875,large_error,69.98291015625,1.0,70.0927734375,0.999617883190628,69.873046875,0.9984447547838038,65.80810546875,0.9999999999999999,65.6982421875,0.9992466076579339,65.91796875,0.9979431748415023,33_3,33,3,natural,91.2691192627,57.2795562744,10.1572105533,0.939561187244,288.667156045,0.284706056118
UBFC_A2_L5_CE_CONCENTRATION_SEED102/Eval_On_COHFACE,COHFACE,prism,COHFACE_s34_session0_lamp,0,58.99658203125,56.14013671875,correct,58.99658203125,0.9999999999999998,59.1064453125,0.9996413491978413,58.88671875,0.9967447731875457,56.14013671875,0.9999999999999998,56.0302734375,0.9997445156721213,56.25,0.998019145881631,34_0,34,0,lamp,106.696113586,39.4299812317,0.500248927696,0,241.885358736,0.194353625178
UBFC_A2_L5_CE_CONCENTRATION_SEED102/Eval_On_COHFACE,COHFACE,prism,COHFACE_s34_session0_lamp,1,56.689453125,58.77685546875,correct,56.689453125,0.9999999999999999,56.79931640625,0.9999419678294053,56.57958984375,0.997853602271846,58.77685546875,0.9999999999999999,58.88671875,0.9992423644519792,58.6669921875,0.9987919294664389,34_0,34,0,lamp,106.696113586,39.4299812317,0.500248927696,0,241.885358736,0.194353625178
UBFC_A2_L5_CE_CONCENTRATION_SEED102/Eval_On_COHFACE,COHFACE,prism,COHFACE_s34_session0_lamp,2,57.23876953125,57.12890625,correct,57.23876953125,0.9999999999999999,57.12890625,0.9990998106579844,57.3486328125,0.9986601263296602,57.12890625,1.0,57.01904296875,0.9998160806420021,57.23876953125,0.998039154251208,34_0,34,0,lamp,106.696113586,39.4299812317,0.500248927696,0,241.885358736,0.194353625178
UBFC_A2_L5_CE_CONCENTRATION_SEED102/Eval_On_COHFACE,COHFACE,prism,COHFACE_s34_session0_lamp,3,59.1064453125,60.09521484375,correct,59.1064453125,0.9999999999999998,58.99658203125,0.9991302243119043,59.21630859375,0.9984679301067175,60.09521484375,1.0,60.205078125,0.9991293392873017,59.9853515625,0.9989265115526408,34_0,34,0,lamp,106.696113586,39.4299812317,0.500248927696,0,241.885358736,0.194353625178
UBFC_A2_L5_CE_CONCENTRATION_SEED102/Eval_On_COHFACE,COHFACE,prism,COHFACE_s34_session0_lamp,4,61.41357421875,60.205078125,correct,61.41357421875,0.9999999999999999,61.5234375,0.9991364252034044,61.3037109375,0.998789727740415,60.205078125,1.0,60.31494140625,0.9997439855054947,60.09521484375,0.9981099195635269,34_0,34,0,lamp,106.696113586,39.4299812317,0.500248927696,0,241.885358736,0.194353625178
UBFC_A2_L5_CE_CONCENTRATION_SEED102/Eval_On_COHFACE,COHFACE,prism,COHFACE_s34_session1_lamp,0,58.6669921875,49.10888671875,large_error,58.6669921875,1.0,58.55712890625,0.9996454224274717,58.77685546875,0.9976689098638936,49.10888671875,0.9999999999999998,48.9990234375,0.9998657043659271,49.21875,0.9977082354265798,34_1,34,1,lamp,109.009399414,41.551651001,0.361956369605,0,221.008593561,0.226743176579
UBFC_A2_L5_CE_CONCENTRATION_SEED102/Eval_On_COHFACE,COHFACE,prism,COHFACE_s34_session1_lamp,1,63.61083984375,61.083984375,correct,63.61083984375,0.9999999999999999,63.720703125,0.999738054316868,63.5009765625,0.9985036905307663,61.083984375,0.9999999999999999,60.97412109375,0.9999792013338146,61.19384765625,0.9990011203284476,34_1,34,1,lamp,109.009399414,41.551651001,0.361956369605,0,221.008593561,0.226743176579
UBFC_A2_L5_CE_CONCENTRATION_SEED102/Eval_On_COHFACE,COHFACE,prism,COHFACE_s34_session1_lamp,2,70.0927734375,70.3125,correct,70.0927734375,0.9999999999999999,70.20263671875,0.9993210186016115,69.98291015625,0.9983206229276086,70.3125,0.9999999999999999,70.20263671875,0.9989755782038927,70.42236328125,0.9981154947842641,34_1,34,1,lamp,109.009399414,41.551651001,0.361956369605,0,221.008593561,0.226743176579
UBFC_A2_L5_CE_CONCENTRATION_SEED102/Eval_On_COHFACE,COHFACE,prism,COHFACE_s34_session1_lamp,3,61.85302734375,63.0615234375,correct,61.85302734375,0.9999999999999998,61.7431640625,0.9991468761248253,61.962890625,0.9985693778621059,63.0615234375,0.9999999999999998,62.95166015625,0.9999960562707242,62.841796875,0.9983982892017651,34_1,34,1,lamp,109.009399414,41.551651001,0.361956369605,0,221.008593561,0.226743176579
UBFC_A2_L5_CE_CONCENTRATION_SEED102/Eval_On_COHFACE,COHFACE,prism,COHFACE_s34_session1_lamp,4,61.19384765625,82.177734375,super_harmonic_1p5x,61.19384765625,0.9999999999999999,61.083984375,0.9989755095550262,61.3037109375,0.9987667652211804,82.177734375,0.9999999999999998,82.06787109375,0.9997091642684797,82.28759765625,0.9982814693803571,34_1,34,1,lamp,109.009399414,41.551651001,0.361956369605,0,221.008593561,0.226743176579
UBFC_A2_L5_CE_CONCENTRATION_SEED102/Eval_On_COHFACE,COHFACE,prism,COHFACE_s34_session2_natural,0,59.5458984375,60.8642578125,correct,59.5458984375,1.0,59.43603515625,0.999947835182506,59.65576171875,0.9971053044967051,60.8642578125,1.0,60.97412109375,0.9995715815494138,60.75439453125,0.9985290225590241,34_2,34,2,natural,111.114204407,58.1697845459,3.10010566086,0.692538902408,417.344581417,0.229892611504
UBFC_A2_L5_CE_CONCENTRATION_SEED102/Eval_On_COHFACE,COHFACE,prism,COHFACE_s34_session2_natural,1,62.29248046875,60.31494140625,correct,62.29248046875,1.0,62.1826171875,0.9999621121483473,62.40234375,0.9978125590402529,60.31494140625,1.0,60.205078125,0.9999081536173619,60.4248046875,0.9985677374291303,34_2,34,2,natural,111.114204407,58.1697845459,3.10010566086,0.692538902408,417.344581417,0.229892611504
UBFC_A2_L5_CE_CONCENTRATION_SEED102/Eval_On_COHFACE,COHFACE,prism,COHFACE_s34_session2_natural,2,64.8193359375,65.91796875,correct,64.8193359375,0.9999999999999999,64.92919921875,0.9993527027754829,64.70947265625,0.9982771125193911,65.91796875,1.0,66.02783203125,0.9996080622331985,65.80810546875,0.998949697586232,34_2,34,2,natural,111.114204407,58.1697845459,3.10010566086,0.692538902408,417.344581417,0.229892611504
UBFC_A2_L5_CE_CONCENTRATION_SEED102/Eval_On_COHFACE,COHFACE,prism,COHFACE_s34_session2_natural,3,62.6220703125,63.39111328125,correct,62.6220703125,1.0,62.73193359375,0.9991691625886671,62.51220703125,0.9989741940131973,63.39111328125,1.0,63.5009765625,0.9991521738702311,63.28125,0.9986810127725542,34_2,34,2,natural,111.114204407,58.1697845459,3.10010566086,0.692538902408,417.344581417,0.229892611504
UBFC_A2_L5_CE_CONCENTRATION_SEED102/Eval_On_COHFACE,COHFACE,prism,COHFACE_s34_session2_natural,4,61.962890625,61.41357421875,correct,61.962890625,0.9999999999999999,61.85302734375,0.9999055706950545,62.07275390625,0.9980408163546267,61.41357421875,1.0,61.3037109375,0.9995209121767301,61.5234375,0.9987380279407794,34_2,34,2,natural,111.114204407,58.1697845459,3.10010566086,0.692538902408,417.344581417,0.229892611504
UBFC_A2_L5_CE_CONCENTRATION_SEED102/Eval_On_COHFACE,COHFACE,prism,COHFACE_s34_session3_natural,0,68.3349609375,56.14013671875,large_error,68.3349609375,1.0,68.22509765625,0.998892647916809,68.44482421875,0.9987265943301346,56.14013671875,0.9999999999999999,56.25,0.9997035880361151,56.0302734375,0.9983879920502631,34_3,34,3,natural,107.148155212,55.2392807007,3.29553940717,0.387633080576,371.383776301,0.234520286322
UBFC_A2_L5_CE_CONCENTRATION_SEED102/Eval_On_COHFACE,COHFACE,prism,COHFACE_s34_session3_natural,1,64.27001953125,71.74072265625,large_error,64.27001953125,1.0,64.3798828125,0.9989513383917025,64.16015625,0.9985812862021036,71.74072265625,0.9999999999999999,71.8505859375,0.9995780112968711,71.630859375,0.9986521328161843,34_3,34,3,natural,107.148155212,55.2392807007,3.29553940717,0.387633080576,371.383776301,0.234520286322
UBFC_A2_L5_CE_CONCENTRATION_SEED102/Eval_On_COHFACE,COHFACE,prism,COHFACE_s34_session3_natural,2,66.1376953125,65.14892578125,correct,66.1376953125,1.0,66.24755859375,0.999122662927165,66.02783203125,0.9986491995877719,65.14892578125,1.0,65.0390625,0.9992517256660653,65.2587890625,0.9987662552780066,34_3,34,3,natural,107.148155212,55.2392807007,3.29553940717,0.387633080576,371.383776301,0.234520286322
UBFC_A2_L5_CE_CONCENTRATION_SEED102/Eval_On_COHFACE,COHFACE,prism,COHFACE_s34_session3_natural,3,63.9404296875,64.8193359375,correct,63.9404296875,1.0,64.05029296875,0.999211368237294,63.83056640625,0.998706514028866,64.8193359375,0.9999999999999999,64.70947265625,0.9990809006838366,64.92919921875,0.998622214655938,34_3,34,3,natural,107.148155212,55.2392807007,3.29553940717,0.387633080576,371.383776301,0.234520286322
UBFC_A2_L5_CE_CONCENTRATION_SEED102/Eval_On_COHFACE,COHFACE,prism,COHFACE_s34_session3_natural,4,63.17138671875,65.14892578125,correct,63.17138671875,0.9999999999999998,63.0615234375,0.9990338425506052,63.28125,0.9984668931606059,65.14892578125,1.0,65.2587890625,0.9998677446172441,65.0390625,0.9986563919417675,34_3,34,3,natural,107.148155212,55.2392807007,3.29553940717,0.387633080576,371.383776301,0.234520286322
UBFC_A2_L5_CE_CONCENTRATION_SEED102/Eval_On_COHFACE,COHFACE,prism,COHFACE_s35_session0_lamp,0,84.814453125,76.57470703125,large_error,84.814453125,1.0,84.92431640625,0.9997724274457824,84.70458984375,0.9976341560796793,76.57470703125,0.9999999999999999,76.6845703125,0.9991313088713962,76.46484375,0.9984454111812869,35_0,35,0,lamp,99.306930542,58.6103744507,7.18907229723,0,687.335504289,0.296832591295
UBFC_A2_L5_CE_CONCENTRATION_SEED102/Eval_On_COHFACE,COHFACE,prism,COHFACE_s35_session0_lamp,1,85.80322265625,87.890625,correct,85.80322265625,1.0,85.9130859375,0.9995333793080338,85.693359375,0.9984346777616954,87.890625,0.9999999999999999,88.00048828125,0.9994623481763615,87.78076171875,0.9980398782358642,35_0,35,0,lamp,99.306930542,58.6103744507,7.18907229723,0,687.335504289,0.296832591295
UBFC_A2_L5_CE_CONCENTRATION_SEED102/Eval_On_COHFACE,COHFACE,prism,COHFACE_s35_session0_lamp,2,83.2763671875,80.74951171875,correct,83.2763671875,1.0,83.16650390625,0.9999677802605418,83.38623046875,0.9977171863677499,80.74951171875,0.9999999999999998,80.859375,0.999450565071314,80.6396484375,0.9983348224138217,35_0,35,0,lamp,99.306930542,58.6103744507,7.18907229723,0,687.335504289,0.296832591295
UBFC_A2_L5_CE_CONCENTRATION_SEED102/Eval_On_COHFACE,COHFACE,prism,COHFACE_s35_session0_lamp,3,84.70458984375,53.06396484375,large_error,84.70458984375,1.0,84.814453125,0.9999323564822457,84.5947265625,0.997836154126789,53.06396484375,0.9999999999999997,52.9541015625,0.9992614292473494,53.173828125,0.998299943481963,35_0,35,0,lamp,99.306930542,58.6103744507,7.18907229723,0,687.335504289,0.296832591295
UBFC_A2_L5_CE_CONCENTRATION_SEED102/Eval_On_COHFACE,COHFACE,prism,COHFACE_s35_session0_lamp,4,84.48486328125,84.26513671875,correct,84.48486328125,1.0,84.375,0.9999732030919676,84.5947265625,0.9978007900347341,84.26513671875,0.9999999999999998,84.375,0.9994396237548254,84.1552734375,0.9983808482252465,35_0,35,0,lamp,99.306930542,58.6103744507,7.18907229723,0,687.335504289,0.296832591295
UBFC_A2_L5_CE_CONCENTRATION_SEED102/Eval_On_COHFACE,COHFACE,prism,COHFACE_s35_session1_lamp,0,87.34130859375,84.48486328125,correct,87.34130859375,0.9999999999999999,87.451171875,0.9997434598633338,87.2314453125,0.997117201296026,84.48486328125,0.9999999999999998,84.5947265625,0.999404026816129,84.375,0.998401996788046,35_1,35,1,lamp,105.316345215,61.8361663818,8.51867276859,0,882.050666952,0.353614777327
UBFC_A2_L5_CE_CONCENTRATION_SEED102/Eval_On_COHFACE,COHFACE,prism,COHFACE_s35_session1_lamp,1,83.38623046875,65.0390625,large_error,83.38623046875,1.0,83.49609375,0.9998158257123274,83.2763671875,0.9980321448669924,65.0390625,0.9999999999999999,64.92919921875,0.9999695899753706,65.14892578125,0.9978926623376496,35_1,35,1,lamp,105.316345215,61.8361663818,8.51867276859,0,882.050666952,0.353614777327
UBFC_A2_L5_CE_CONCENTRATION_SEED102/Eval_On_COHFACE,COHFACE,prism,COHFACE_s35_session1_lamp,2,86.02294921875,87.6708984375,correct,86.02294921875,0.9999999999999999,85.9130859375,0.9996111948037318,86.1328125,0.9980921324591256,87.6708984375,0.9999999999999998,87.78076171875,0.9994116916692897,87.56103515625,0.9993247486795797,35_1,35,1,lamp,105.316345215,61.8361663818,8.51867276859,0,882.050666952,0.353614777327
UBFC_A2_L5_CE_CONCENTRATION_SEED102/Eval_On_COHFACE,COHFACE,prism,COHFACE_s35_session1_lamp,3,80.859375,81.5185546875,correct,80.859375,0.9999999999999999,80.74951171875,0.9991207336559849,80.96923828125,0.9988011362039735,81.5185546875,0.9999999999999998,81.62841796875,0.9999808824939823,81.40869140625,0.9984467236446728,35_1,35,1,lamp,105.316345215,61.8361663818,8.51867276859,0,882.050666952,0.353614777327
UBFC_A2_L5_CE_CONCENTRATION_SEED102/Eval_On_COHFACE,COHFACE,prism,COHFACE_s35_session1_lamp,4,83.7158203125,82.3974609375,correct,83.7158203125,1.0,83.82568359375,0.9998877093258607,83.60595703125,0.9979581915720643,82.3974609375,0.9999999999999998,82.28759765625,0.9998969198701445,82.50732421875,0.9990954583895779,35_1,35,1,lamp,105.316345215,61.8361663818,8.51867276859,0,882.050666952,0.353614777327
UBFC_A2_L5_CE_CONCENTRATION_SEED102/Eval_On_COHFACE,COHFACE,prism,COHFACE_s35_session2_natural,0,86.1328125,64.70947265625,large_error,86.1328125,1.0,86.24267578125,0.9998747377545925,86.02294921875,0.9979347400271341,64.70947265625,0.9999999999999998,64.599609375,0.9991011027849562,64.8193359375,0.9986415097379178,35_2,35,2,natural,118.597068787,66.3948669434,3.89086198341,0.3479600341,849.761177182,0.35642939806
UBFC_A2_L5_CE_CONCENTRATION_SEED102/Eval_On_COHFACE,COHFACE,prism,COHFACE_s35_session2_natural,1,88.22021484375,61.19384765625,large_error,88.22021484375,1.0,88.1103515625,0.9989564870888171,88.330078125,0.998652083731392,61.19384765625,0.9999999999999999,61.3037109375,0.9994589155971407,61.083984375,0.9988599660092153,35_2,35,2,natural,118.597068787,66.3948669434,3.89086198341,0.3479600341,849.761177182,0.35642939806
UBFC_A2_L5_CE_CONCENTRATION_SEED102/Eval_On_COHFACE,COHFACE,prism,COHFACE_s35_session2_natural,2,88.00048828125,61.5234375,large_error,88.00048828125,1.0,87.890625,0.9995936245765947,88.1103515625,0.9983401898924318,61.5234375,0.9999999999999998,61.41357421875,0.9995833702352375,61.63330078125,0.9978355784491376,35_2,35,2,natural,118.597068787,66.3948669434,3.89086198341,0.3479600341,849.761177182,0.35642939806
UBFC_A2_L5_CE_CONCENTRATION_SEED102/Eval_On_COHFACE,COHFACE,prism,COHFACE_s35_session2_natural,3,88.330078125,54.052734375,large_error,88.330078125,1.0,88.22021484375,0.9991732317842555,88.43994140625,0.9985884595022068,54.052734375,0.9999999999999998,54.16259765625,0.9994206842242468,53.94287109375,0.9987462832924096,35_2,35,2,natural,118.597068787,66.3948669434,3.89086198341,0.3479600341,849.761177182,0.35642939806
UBFC_A2_L5_CE_CONCENTRATION_SEED102/Eval_On_COHFACE,COHFACE,prism,COHFACE_s35_session2_natural,4,91.29638671875,78.4423828125,large_error,91.29638671875,0.9999999999999999,91.1865234375,0.9989619928216962,91.40625,0.998933439023845,78.4423828125,0.9999999999999999,78.33251953125,0.9992926971814198,78.55224609375,0.9982216660020176,35_2,35,2,natural,118.597068787,66.3948669434,3.89086198341,0.3479600341,849.761177182,0.35642939806
UBFC_A2_L5_CE_CONCENTRATION_SEED102/Eval_On_COHFACE,COHFACE,prism,COHFACE_s35_session3_natural,0,76.6845703125,76.35498046875,correct,76.6845703125,1.0,76.57470703125,0.9991912436336726,76.79443359375,0.9988002415003254,76.35498046875,0.9999999999999998,76.46484375,0.9994168943638652,76.2451171875,0.9988390376343546,35_3,35,3,natural,110.536911011,68.9695205688,7.56820032573,0.315354934344,662.053130179,0.346244633198
UBFC_A2_L5_CE_CONCENTRATION_SEED102/Eval_On_COHFACE,COHFACE,prism,COHFACE_s35_session3_natural,1,79.21142578125,68.44482421875,large_error,79.21142578125,1.0,79.3212890625,0.9995490875222679,79.1015625,0.9982446816522387,68.44482421875,0.9999999999999998,68.3349609375,0.9999277943179697,68.5546875,0.9987377413788605,35_3,35,3,natural,110.536911011,68.9695205688,7.56820032573,0.315354934344,662.053130179,0.346244633198
UBFC_A2_L5_CE_CONCENTRATION_SEED102/Eval_On_COHFACE,COHFACE,prism,COHFACE_s35_session3_natural,2,84.5947265625,68.44482421875,large_error,84.5947265625,1.0,84.70458984375,0.9995396348462079,84.48486328125,0.9985446596457015,68.44482421875,0.9999999999999999,68.5546875,0.9996199487862468,68.3349609375,0.9981936378886935,35_3,35,3,natural,110.536911011,68.9695205688,7.56820032573,0.315354934344,662.053130179,0.346244633198
UBFC_A2_L5_CE_CONCENTRATION_SEED102/Eval_On_COHFACE,COHFACE,prism,COHFACE_s35_session3_natural,3,83.49609375,61.85302734375,large_error,83.49609375,0.9999999999999999,83.60595703125,0.9999285756721379,83.38623046875,0.9979038772630378,61.85302734375,0.9999999999999999,61.962890625,0.9988731798021085,61.7431640625,0.9986791900970301,35_3,35,3,natural,110.536911011,68.9695205688,7.56820032573,0.315354934344,662.053130179,0.346244633198
UBFC_A2_L5_CE_CONCENTRATION_SEED102/Eval_On_COHFACE,COHFACE,prism,COHFACE_s35_session3_natural,4,83.2763671875,54.82177734375,large_error,83.2763671875,0.9999999999999999,83.16650390625,0.9992721671416653,83.38623046875,0.9985923333144622,54.82177734375,0.9999999999999998,54.7119140625,0.9993916657390776,54.931640625,0.9984961223680009,35_3,35,3,natural,110.536911011,68.9695205688,7.56820032573,0.315354934344,662.053130179,0.346244633198
UBFC_A2_L5_CE_CONCENTRATION_SEED102/Eval_On_COHFACE,COHFACE,prism,COHFACE_s36_session0_lamp,0,90.087890625,61.3037109375,large_error,90.087890625,0.9999999999999998,89.97802734375,0.9994642800954572,90.19775390625,0.9982170523429369,61.3037109375,0.9999999999999999,61.19384765625,0.9988987070498232,61.41357421875,0.9987086469277079,36_0,36,0,lamp,102.40259552,45.6144752502,2.3658530226,0,243.690324563,0.180644735694
UBFC_A2_L5_CE_CONCENTRATION_SEED102/Eval_On_COHFACE,COHFACE,prism,COHFACE_s36_session0_lamp,1,89.6484375,71.96044921875,large_error,89.6484375,0.9999999999999998,89.75830078125,0.9995382689258492,89.53857421875,0.9988929543154368,71.96044921875,0.9999999999999998,71.8505859375,0.9997503005864812,72.0703125,0.9981727837350762,36_0,36,0,lamp,102.40259552,45.6144752502,2.3658530226,0,243.690324563,0.180644735694
UBFC_A2_L5_CE_CONCENTRATION_SEED102/Eval_On_COHFACE,COHFACE,prism,COHFACE_s36_session0_lamp,2,89.4287109375,90.966796875,correct,89.4287109375,0.9999999999999998,89.53857421875,0.9996364341478232,89.31884765625,0.9979280226625632,90.966796875,0.9999999999999999,91.07666015625,0.9988392226502047,90.85693359375,0.9985046238326695,36_0,36,0,lamp,102.40259552,45.6144752502,2.3658530226,0,243.690324563,0.180644735694
UBFC_A2_L5_CE_CONCENTRATION_SEED102/Eval_On_COHFACE,COHFACE,prism,COHFACE_s36_session0_lamp,3,87.12158203125,89.208984375,correct,87.12158203125,0.9999999999999997,87.01171875,0.9994134336038918,87.2314453125,0.9983516552465053,89.208984375,0.9999999999999999,89.31884765625,0.9998948387294836,89.09912109375,0.9978397469828173,36_0,36,0,lamp,102.40259552,45.6144752502,2.3658530226,0,243.690324563,0.180644735694
UBFC_A2_L5_CE_CONCENTRATION_SEED102/Eval_On_COHFACE,COHFACE,prism,COHFACE_s36_session0_lamp,4,88.9892578125,86.46240234375,correct,88.9892578125,0.9999999999999999,88.87939453125,0.999857215408284,89.09912109375,0.9978661752302931,86.46240234375,0.9999999999999999,86.572265625,0.9996147674919752,86.3525390625,0.9979770921128519,36_0,36,0,lamp,102.40259552,45.6144752502,2.3658530226,0,243.690324563,0.180644735694
UBFC_A2_L5_CE_CONCENTRATION_SEED102/Eval_On_COHFACE,COHFACE,prism,COHFACE_s36_session1_lamp,0,94.482421875,81.18896484375,large_error,94.482421875,0.9999999999999998,94.59228515625,0.9989912944029952,94.37255859375,0.9979861920900867,81.18896484375,0.9999999999999999,81.298828125,0.9992882553559831,81.0791015625,0.9989257387449937,36_1,36,1,lamp,110.57649231,48.0664100647,1.30159478439,0,350.05453199,0.218782603741
UBFC_A2_L5_CE_CONCENTRATION_SEED102/Eval_On_COHFACE,COHFACE,prism,COHFACE_s36_session1_lamp,1,93.1640625,74.37744140625,large_error,93.1640625,0.9999999999999996,93.27392578125,0.9990294062909898,93.05419921875,0.998877463162967,74.37744140625,0.9999999999999998,74.267578125,0.9999185211015746,74.4873046875,0.998290279304491,36_1,36,1,lamp,110.57649231,48.0664100647,1.30159478439,0,350.05453199,0.218782603741
UBFC_A2_L5_CE_CONCENTRATION_SEED102/Eval_On_COHFACE,COHFACE,prism,COHFACE_s36_session1_lamp,2,91.40625,76.6845703125,large_error,91.40625,0.9999999999999998,91.51611328125,0.9997544871391805,91.29638671875,0.998304097488524,76.6845703125,0.9999999999999998,76.57470703125,0.9996967243547805,76.79443359375,0.9980526653992584,36_1,36,1,lamp,110.57649231,48.0664100647,1.30159478439,0,350.05453199,0.218782603741
UBFC_A2_L5_CE_CONCENTRATION_SEED102/Eval_On_COHFACE,COHFACE,prism,COHFACE_s36_session1_lamp,3,93.71337890625,94.59228515625,correct,93.71337890625,0.9999999999999998,93.8232421875,0.9992868053896289,93.603515625,0.9984232013098073,94.59228515625,0.9999999999999998,94.482421875,0.9991371172562403,94.7021484375,0.998782908749468,36_1,36,1,lamp,110.57649231,48.0664100647,1.30159478439,0,350.05453199,0.218782603741
UBFC_A2_L5_CE_CONCENTRATION_SEED102/Eval_On_COHFACE,COHFACE,prism,COHFACE_s36_session1_lamp,4,91.40625,88.76953125,correct,91.40625,0.9999999999999998,91.29638671875,0.9990090356790726,91.51611328125,0.9983391106468235,88.76953125,0.9999999999999999,88.65966796875,0.9991240486603605,88.87939453125,0.9987430472202607,36_1,36,1,lamp,110.57649231,48.0664100647,1.30159478439,0,350.05453199,0.218782603741
UBFC_A2_L5_CE_CONCENTRATION_SEED102/Eval_On_COHFACE,COHFACE,prism,COHFACE_s36_session2_natural,0,93.05419921875,90.19775390625,correct,93.05419921875,0.9999999999999999,92.9443359375,0.9990629888039502,93.1640625,0.9973779582537808,90.19775390625,0.9999999999999999,90.3076171875,0.9989263602819992,90.087890625,0.9988792672836659,36_2,36,2,natural,101.990653992,55.4490585327,5.81546971055,0,433.387684809,0.189979448915
UBFC_A2_L5_CE_CONCENTRATION_SEED102/Eval_On_COHFACE,COHFACE,prism,COHFACE_s36_session2_natural,1,82.8369140625,82.6171875,correct,82.8369140625,0.9999999999999992,82.72705078125,0.9999560603086036,82.94677734375,0.9978858149699842,82.6171875,1.0,82.72705078125,0.9997219482070769,82.50732421875,0.9976689001030943,36_2,36,2,natural,101.990653992,55.4490585327,5.81546971055,0,433.387684809,0.189979448915
UBFC_A2_L5_CE_CONCENTRATION_SEED102/Eval_On_COHFACE,COHFACE,prism,COHFACE_s36_session2_natural,2,92.9443359375,82.50732421875,large_error,92.9443359375,0.9999999999999997,92.83447265625,0.9999291411763673,93.05419921875,0.9997314334456167,82.50732421875,0.9999999999999998,82.3974609375,0.9997639320781092,82.6171875,0.9967113959211323,36_2,36,2,natural,101.990653992,55.4490585327,5.81546971055,0,433.387684809,0.189979448915
UBFC_A2_L5_CE_CONCENTRATION_SEED102/Eval_On_COHFACE,COHFACE,prism,COHFACE_s36_session2_natural,3,91.6259765625,62.95166015625,large_error,91.6259765625,0.9999999999999997,91.51611328125,0.9994760335548103,91.73583984375,0.9993523635059436,62.95166015625,0.9999999999999998,62.841796875,0.9990390935499125,63.0615234375,0.9982922860007217,36_2,36,2,natural,101.990653992,55.4490585327,5.81546971055,0,433.387684809,0.189979448915
UBFC_A2_L5_CE_CONCENTRATION_SEED102/Eval_On_COHFACE,COHFACE,prism,COHFACE_s36_session2_natural,4,93.49365234375,85.25390625,large_error,93.49365234375,0.9999999999999992,93.3837890625,0.9999051084475672,93.603515625,0.9985211193317436,85.25390625,1.0,85.14404296875,0.999129424254639,85.36376953125,0.9988017683449358,36_2,36,2,natural,101.990653992,55.4490585327,5.81546971055,0,433.387684809,0.189979448915
UBFC_A2_L5_CE_CONCENTRATION_SEED102/Eval_On_COHFACE,COHFACE,prism,COHFACE_s36_session3_natural,0,100.4150390625,69.32373046875,large_error,100.4150390625,0.9999999999999997,100.30517578125,0.9995014381852402,100.52490234375,0.9961206630172208,69.32373046875,0.9999999999999999,69.43359375,0.9999327442757214,69.2138671875,0.9974967838745421,36_3,36,3,natural,97.1688156128,54.2083625793,6.57428157446,0,317.81149872,0.180606126785
UBFC_A2_L5_CE_CONCENTRATION_SEED102/Eval_On_COHFACE,COHFACE,prism,COHFACE_s36_session3_natural,1,96.8994140625,97.22900390625,correct,96.8994140625,0.9999999999999986,96.78955078125,0.9998418838114393,97.00927734375,0.9989929559330372,97.22900390625,0.9999999999999999,97.119140625,0.9998458133968812,97.3388671875,0.997619605257145,36_3,36,3,natural,97.1688156128,54.2083625793,6.57428157446,0,317.81149872,0.180606126785
UBFC_A2_L5_CE_CONCENTRATION_SEED102/Eval_On_COHFACE,COHFACE,prism,COHFACE_s36_session3_natural,2,96.240234375,51.1962890625,sub_harmonic_half,96.240234375,0.9999999999999996,96.35009765625,0.9998065718271605,96.13037109375,0.9989992504827797,51.1962890625,0.9999999999999998,51.30615234375,0.9994138481328336,51.08642578125,0.9991380350657553,36_3,36,3,natural,97.1688156128,54.2083625793,6.57428157446,0,317.81149872,0.180606126785
UBFC_A2_L5_CE_CONCENTRATION_SEED102/Eval_On_COHFACE,COHFACE,prism,COHFACE_s36_session3_natural,3,84.70458984375,83.2763671875,correct,84.70458984375,0.9999999999999994,84.5947265625,0.9999165848310154,84.814453125,0.9976795759397656,83.2763671875,1.0,83.38623046875,0.9992933440878679,83.16650390625,0.9990136871664508,36_3,36,3,natural,97.1688156128,54.2083625793,6.57428157446,0,317.81149872,0.180606126785
UBFC_A2_L5_CE_CONCENTRATION_SEED102/Eval_On_COHFACE,COHFACE,prism,COHFACE_s36_session3_natural,4,93.603515625,92.39501953125,correct,93.603515625,0.9999999999999998,93.49365234375,0.9996903495829921,93.71337890625,0.9985974762396526,92.39501953125,0.9999999999999999,92.5048828125,0.9990752065912073,92.28515625,0.9984475509940681,36_3,36,3,natural,97.1688156128,54.2083625793,6.57428157446,0,317.81149872,0.180606126785
UBFC_A2_L5_CE_CONCENTRATION_SEED102/Eval_On_COHFACE,COHFACE,prism,COHFACE_s37_session0_lamp,0,63.39111328125,61.083984375,correct,63.39111328125,1.0,63.28125,0.9999412349089977,63.5009765625,0.9982497337827839,61.083984375,1.0,61.19384765625,0.9993755488045277,60.97412109375,0.9993456540646769,37_0,37,0,lamp,125.242729187,47.9289245605,0.198636196627,0,410.293559023,0.21563822031
UBFC_A2_L5_CE_CONCENTRATION_SEED102/Eval_On_COHFACE,COHFACE,prism,COHFACE_s37_session0_lamp,1,57.7880859375,58.11767578125,correct,57.7880859375,1.0,57.67822265625,0.9998857957629471,57.89794921875,0.9985215370438014,58.11767578125,1.0,58.0078125,0.9990250499196943,58.2275390625,0.998765031127878,37_0,37,0,lamp,125.242729187,47.9289245605,0.198636196627,0,410.293559023,0.21563822031
UBFC_A2_L5_CE_CONCENTRATION_SEED102/Eval_On_COHFACE,COHFACE,prism,COHFACE_s37_session0_lamp,2,56.79931640625,54.7119140625,correct,56.79931640625,1.0,56.689453125,0.9995562513283236,56.9091796875,0.999120119001526,54.7119140625,1.0,54.82177734375,0.9991979183828695,54.60205078125,0.9989577223936037,37_0,37,0,lamp,125.242729187,47.9289245605,0.198636196627,0,410.293559023,0.21563822031
UBFC_A2_L5_CE_CONCENTRATION_SEED102/Eval_On_COHFACE,COHFACE,prism,COHFACE_s37_session0_lamp,3,53.173828125,66.5771484375,super_harmonic_1p5x,53.173828125,1.0,53.06396484375,0.9993979416258617,53.28369140625,0.9988768352065187,66.5771484375,0.9999999999999998,66.46728515625,0.9996170930818868,66.68701171875,0.9978390925364669,37_0,37,0,lamp,125.242729187,47.9289245605,0.198636196627,0,410.293559023,0.21563822031
UBFC_A2_L5_CE_CONCENTRATION_SEED102/Eval_On_COHFACE,COHFACE,prism,COHFACE_s37_session0_lamp,4,65.478515625,66.5771484375,correct,65.478515625,1.0,65.58837890625,0.9996268250250597,65.36865234375,0.9980437212011725,66.5771484375,1.0,66.46728515625,0.9997555556323532,66.68701171875,0.9987029578323464,37_0,37,0,lamp,125.242729187,47.9289245605,0.198636196627,0,410.293559023,0.21563822031
UBFC_A2_L5_CE_CONCENTRATION_SEED102/Eval_On_COHFACE,COHFACE,prism,COHFACE_s37_session1_lamp,0,70.20263671875,70.0927734375,correct,70.20263671875,1.0,70.3125,0.9993980007273124,70.0927734375,0.998333915189987,70.0927734375,1.0,70.20263671875,0.999864871427017,69.98291015625,0.998583829698292,37_1,37,1,lamp,125.43535614,47.9479064941,0.242206837871,0,360.927099609,0.22154802084
UBFC_A2_L5_CE_CONCENTRATION_SEED102/Eval_On_COHFACE,COHFACE,prism,COHFACE_s37_session1_lamp,1,60.31494140625,60.8642578125,correct,60.31494140625,0.9999999999999999,60.4248046875,0.9992202236705332,60.205078125,0.9991684616741691,60.8642578125,0.9999999999999998,60.97412109375,0.9999968942889915,60.75439453125,0.99819059748138,37_1,37,1,lamp,125.43535614,47.9479064941,0.242206837871,0,360.927099609,0.22154802084
UBFC_A2_L5_CE_CONCENTRATION_SEED102/Eval_On_COHFACE,COHFACE,prism,COHFACE_s37_session1_lamp,2,56.35986328125,59.5458984375,correct,56.35986328125,1.0,56.25,0.9996917980885901,56.4697265625,0.9996222221422194,59.5458984375,1.0,59.43603515625,0.9999872553258977,59.65576171875,0.9981189151339198,37_1,37,1,lamp,125.43535614,47.9479064941,0.242206837871,0,360.927099609,0.22154802084
UBFC_A2_L5_CE_CONCENTRATION_SEED102/Eval_On_COHFACE,COHFACE,prism,COHFACE_s37_session1_lamp,3,59.87548828125,59.9853515625,correct,59.87548828125,0.9999999999999999,59.765625,0.9989193872293792,59.9853515625,0.9985637131401572,59.9853515625,0.9999999999999999,60.09521484375,0.9992318201010512,59.87548828125,0.9984305213132214,37_1,37,1,lamp,125.43535614,47.9479064941,0.242206837871,0,360.927099609,0.22154802084
UBFC_A2_L5_CE_CONCENTRATION_SEED102/Eval_On_COHFACE,COHFACE,prism,COHFACE_s37_session1_lamp,4,71.30126953125,72.18017578125,correct,71.30126953125,1.0,71.19140625,0.9989953672519996,71.4111328125,0.9987163963662506,72.18017578125,1.0,72.0703125,0.9993193934192034,72.2900390625,0.9982308813064631,37_1,37,1,lamp,125.43535614,47.9479064941,0.242206837871,0,360.927099609,0.22154802084
UBFC_A2_L5_CE_CONCENTRATION_SEED102/Eval_On_COHFACE,COHFACE,prism,COHFACE_s37_session2_natural,0,57.568359375,76.46484375,super_harmonic_1p5x,57.568359375,1.0,57.67822265625,0.9992804633885365,57.45849609375,0.9989741831780661,76.46484375,0.9999999999999998,76.57470703125,0.9999503698124735,76.35498046875,0.9968773138801506,37_2,37,2,natural,116.942550659,62.9372749329,4.29610954259,0,397.411157738,0.226331934333
UBFC_A2_L5_CE_CONCENTRATION_SEED102/Eval_On_COHFACE,COHFACE,prism,COHFACE_s37_session2_natural,1,61.41357421875,72.18017578125,large_error,61.41357421875,0.9999999999999999,61.3037109375,0.999124751480136,61.5234375,0.9974855258364931,72.18017578125,1.0,72.0703125,0.9998656893417509,72.2900390625,0.9986503898531259,37_2,37,2,natural,116.942550659,62.9372749329,4.29610954259,0,397.411157738,0.226331934333
UBFC_A2_L5_CE_CONCENTRATION_SEED102/Eval_On_COHFACE,COHFACE,prism,COHFACE_s37_session2_natural,2,60.75439453125,70.9716796875,large_error,60.75439453125,0.9999999999999998,60.8642578125,0.9997421862613873,60.64453125,0.9988772007506134,70.9716796875,0.9999999999999999,71.08154296875,0.9997529474569528,70.86181640625,0.9986182554897579,37_2,37,2,natural,116.942550659,62.9372749329,4.29610954259,0,397.411157738,0.226331934333
UBFC_A2_L5_CE_CONCENTRATION_SEED102/Eval_On_COHFACE,COHFACE,prism,COHFACE_s37_session2_natural,3,61.083984375,61.19384765625,correct,61.083984375,1.0,60.97412109375,0.9995502305619078,61.19384765625,0.9985581481301474,61.19384765625,1.0,61.083984375,0.9996356117763234,61.3037109375,0.9981903893317745,37_2,37,2,natural,116.942550659,62.9372749329,4.29610954259,0,397.411157738,0.226331934333
UBFC_A2_L5_CE_CONCENTRATION_SEED102/Eval_On_COHFACE,COHFACE,prism,COHFACE_s37_session2_natural,4,57.01904296875,67.34619140625,large_error,57.01904296875,0.9999999999999999,56.9091796875,0.9997639754746201,57.12890625,0.9987588576612166,67.34619140625,1.0,67.4560546875,0.9988980444791875,67.236328125,0.9984387315707155,37_2,37,2,natural,116.942550659,62.9372749329,4.29610954259,0,397.411157738,0.226331934333
UBFC_A2_L5_CE_CONCENTRATION_SEED102/Eval_On_COHFACE,COHFACE,prism,COHFACE_s37_session3_natural,0,67.12646484375,66.5771484375,correct,67.12646484375,1.0,67.236328125,0.9998787686950015,67.0166015625,0.997761804461972,66.5771484375,0.9999999999999998,66.46728515625,0.9999117498045935,66.68701171875,0.997879978639493,37_3,37,3,natural,117.014579773,61.9055709839,2.8884535182,0,441.33016428,0.280028223991
UBFC_A2_L5_CE_CONCENTRATION_SEED102/Eval_On_COHFACE,COHFACE,prism,COHFACE_s37_session3_natural,1,75.03662109375,71.19140625,correct,75.03662109375,0.9999999999999998,75.146484375,0.9997351756683756,74.9267578125,0.9987916921629688,71.19140625,0.9999999999999998,71.30126953125,0.9995515311266157,71.08154296875,0.9987742816955063,37_3,37,3,natural,117.014579773,61.9055709839,2.8884535182,0,441.33016428,0.280028223991
UBFC_A2_L5_CE_CONCENTRATION_SEED102/Eval_On_COHFACE,COHFACE,prism,COHFACE_s37_session3_natural,2,61.41357421875,78.22265625,super_harmonic_1p5x,61.41357421875,0.9999999999999999,61.3037109375,0.9988765075652793,61.5234375,0.9979601267218187,78.22265625,1.0,78.11279296875,0.9993426349643358,78.33251953125,0.9982983629602892,37_3,37,3,natural,117.014579773,61.9055709839,2.8884535182,0,441.33016428,0.280028223991
UBFC_A2_L5_CE_CONCENTRATION_SEED102/Eval_On_COHFACE,COHFACE,prism,COHFACE_s37_session3_natural,3,60.205078125,80.6396484375,super_harmonic_1p5x,60.205078125,0.9999999999999999,60.31494140625,0.9991849223880794,60.09521484375,0.9991089768757082,80.6396484375,0.9999999999999998,80.52978515625,0.9999707259980766,80.74951171875,0.9984402491153971,37_3,37,3,natural,117.014579773,61.9055709839,2.8884535182,0,441.33016428,0.280028223991
UBFC_A2_L5_CE_CONCENTRATION_SEED102/Eval_On_COHFACE,COHFACE,prism,COHFACE_s37_session3_natural,4,58.99658203125,64.27001953125,large_error,58.99658203125,1.0,58.88671875,0.9999905197986884,58.77685546875,0.9988224234127248,64.27001953125,0.9999999999999998,64.3798828125,0.9999369274536243,64.16015625,0.9994452465274407,37_3,37,3,natural,117.014579773,61.9055709839,2.8884535182,0,441.33016428,0.280028223991
UBFC_A2_L5_CE_CONCENTRATION_SEED102/Eval_On_COHFACE,COHFACE,prism,COHFACE_s38_session0_lamp,0,61.083984375,63.720703125,correct,61.083984375,0.9999999999999998,60.97412109375,0.9999029436357896,61.19384765625,0.9967015527421794,63.720703125,1.0,63.61083984375,0.9992057837656284,63.83056640625,0.9987533810480089,38_0,38,0,lamp,97.9481811523,70.3326568604,11.0209542185,0.13287491783,858.974802465,0.200497150421
UBFC_A2_L5_CE_CONCENTRATION_SEED102/Eval_On_COHFACE,COHFACE,prism,COHFACE_s38_session0_lamp,1,63.83056640625,65.0390625,correct,63.83056640625,0.9999999999999999,63.720703125,0.9994152590062619,63.9404296875,0.9984463595692015,65.0390625,1.0,65.14892578125,0.999459002817537,64.92919921875,0.9988611601040518,38_0,38,0,lamp,97.9481811523,70.3326568604,11.0209542185,0.13287491783,858.974802465,0.200497150421
UBFC_A2_L5_CE_CONCENTRATION_SEED102/Eval_On_COHFACE,COHFACE,prism,COHFACE_s38_session0_lamp,2,61.5234375,60.31494140625,correct,61.5234375,0.9999999999999998,61.63330078125,0.9997665692274851,61.41357421875,0.9980216651571273,60.31494140625,1.0,60.205078125,0.9997707655117076,60.4248046875,0.9983511204485493,38_0,38,0,lamp,97.9481811523,70.3326568604,11.0209542185,0.13287491783,858.974802465,0.200497150421
UBFC_A2_L5_CE_CONCENTRATION_SEED102/Eval_On_COHFACE,COHFACE,prism,COHFACE_s38_session0_lamp,3,60.75439453125,59.65576171875,correct,60.75439453125,0.9999999999999998,60.64453125,0.9999693274314793,60.8642578125,0.997750954440916,59.65576171875,1.0,59.5458984375,0.9994812394125765,59.765625,0.9988055029518939,38_0,38,0,lamp,97.9481811523,70.3326568604,11.0209542185,0.13287491783,858.974802465,0.200497150421
UBFC_A2_L5_CE_CONCENTRATION_SEED102/Eval_On_COHFACE,COHFACE,prism,COHFACE_s38_session0_lamp,4,61.5234375,60.31494140625,correct,61.5234375,0.9999999999999998,61.41357421875,0.9988987837856645,61.63330078125,0.9988548820603966,60.31494140625,1.0,60.205078125,0.9997701687764337,60.4248046875,0.9983049607758648,38_0,38,0,lamp,97.9481811523,70.3326568604,11.0209542185,0.13287491783,858.974802465,0.200497150421
UBFC_A2_L5_CE_CONCENTRATION_SEED102/Eval_On_COHFACE,COHFACE,prism,COHFACE_s38_session1_lamp,0,67.0166015625,65.0390625,correct,67.0166015625,0.9999999999999998,67.12646484375,0.9989092852198765,66.90673828125,0.9981577118901692,65.0390625,1.0,64.92919921875,0.9993031059672977,65.14892578125,0.9991736499214754,38_1,38,1,lamp,83.6395339966,64.2824935913,15.0988690265,0,692.831838645,0.203548565507
UBFC_A2_L5_CE_CONCENTRATION_SEED102/Eval_On_COHFACE,COHFACE,prism,COHFACE_s38_session1_lamp,1,60.97412109375,78.0029296875,super_harmonic_1p5x,60.97412109375,0.9999999999999999,60.8642578125,0.9993198485230264,61.083984375,0.9987889835480843,78.0029296875,0.9999999999999999,78.11279296875,0.999518723848701,77.89306640625,0.9986045731104818,38_1,38,1,lamp,83.6395339966,64.2824935913,15.0988690265,0,692.831838645,0.203548565507
UBFC_A2_L5_CE_CONCENTRATION_SEED102/Eval_On_COHFACE,COHFACE,prism,COHFACE_s38_session1_lamp,2,60.64453125,60.205078125,correct,60.64453125,0.9999999999999999,60.75439453125,0.9997658325944869,60.53466796875,0.9979547634746433,60.205078125,1.0,60.31494140625,0.999639536583606,60.09521484375,0.99838336857449,38_1,38,1,lamp,83.6395339966,64.2824935913,15.0988690265,0,692.831838645,0.203548565507
UBFC_A2_L5_CE_CONCENTRATION_SEED102/Eval_On_COHFACE,COHFACE,prism,COHFACE_s38_session1_lamp,3,62.1826171875,61.083984375,correct,62.1826171875,0.9999999999999999,62.29248046875,0.9999971115274442,62.07275390625,0.9978525620577352,61.083984375,1.0,61.19384765625,0.9995044759071338,60.97412109375,0.9985534189948366,38_1,38,1,lamp,83.6395339966,64.2824935913,15.0988690265,0,692.831838645,0.203548565507
UBFC_A2_L5_CE_CONCENTRATION_SEED102/Eval_On_COHFACE,COHFACE,prism,COHFACE_s38_session1_lamp,4,61.19384765625,60.205078125,correct,61.19384765625,0.9999999999999999,61.083984375,0.9991311290287483,61.3037109375,0.9989185661684927,60.205078125,1.0,60.31494140625,0.9999072058770287,60.09521484375,0.9981001560077446,38_1,38,1,lamp,83.6395339966,64.2824935913,15.0988690265,0,692.831838645,0.203548565507
UBFC_A2_L5_CE_CONCENTRATION_SEED102/Eval_On_COHFACE,COHFACE,prism,COHFACE_s38_session2_natural,0,63.5009765625,78.11279296875,large_error,63.5009765625,1.0,63.39111328125,0.9993896973165014,63.61083984375,0.9977713614921858,78.11279296875,1.0,78.22265625,0.9996820173542065,78.0029296875,0.9982215242753152,38_2,38,2,natural,80.4104385376,67.0568161011,16.6635234704,1.71447068118e-05,762.714237472,0.170376583934
UBFC_A2_L5_CE_CONCENTRATION_SEED102/Eval_On_COHFACE,COHFACE,prism,COHFACE_s38_session2_natural,1,62.1826171875,62.6220703125,correct,62.1826171875,1.0,62.07275390625,0.999712044200675,62.29248046875,0.9982332727610435,62.6220703125,1.0,62.51220703125,0.9992898687406989,62.73193359375,0.9992855275599356,38_2,38,2,natural,80.4104385376,67.0568161011,16.6635234704,1.71447068118e-05,762.714237472,0.170376583934
UBFC_A2_L5_CE_CONCENTRATION_SEED102/Eval_On_COHFACE,COHFACE,prism,COHFACE_s38_session2_natural,2,63.39111328125,65.2587890625,correct,63.39111328125,0.9999999999999999,63.5009765625,0.9999111349406284,63.28125,0.9980294682277178,65.2587890625,1.0,65.36865234375,0.9993044744928092,65.14892578125,0.9986724303147764,38_2,38,2,natural,80.4104385376,67.0568161011,16.6635234704,1.71447068118e-05,762.714237472,0.170376583934
UBFC_A2_L5_CE_CONCENTRATION_SEED102/Eval_On_COHFACE,COHFACE,prism,COHFACE_s38_session2_natural,3,66.24755859375,66.357421875,correct,66.24755859375,0.9999999999999999,66.357421875,0.9991182429112836,66.1376953125,0.9987478210056098,66.357421875,1.0,66.46728515625,0.9996552648800545,66.24755859375,0.9982256208590828,38_2,38,2,natural,80.4104385376,67.0568161011,16.6635234704,1.71447068118e-05,762.714237472,0.170376583934
UBFC_A2_L5_CE_CONCENTRATION_SEED102/Eval_On_COHFACE,COHFACE,prism,COHFACE_s38_session2_natural,4,65.478515625,65.6982421875,correct,65.478515625,1.0,65.58837890625,0.9989719245811838,65.36865234375,0.998907550070827,65.6982421875,1.0,65.58837890625,0.9998792233136661,65.80810546875,0.9981574060317585,38_2,38,2,natural,80.4104385376,67.0568161011,16.6635234704,1.71447068118e-05,762.714237472,0.170376583934
UBFC_A2_L5_CE_CONCENTRATION_SEED102/Eval_On_COHFACE,COHFACE,prism,COHFACE_s38_session3_natural,0,65.91796875,62.6220703125,correct,65.91796875,0.9999999999999999,65.80810546875,0.9999643165764542,66.02783203125,0.9971923051557742,62.6220703125,0.9999999999999999,62.73193359375,0.9993165885562072,62.51220703125,0.9983031386704091,38_3,38,3,natural,89.2923660278,71.3900604248,14.9504019544,0.0139822367749,849.643244546,0.177921548486
UBFC_A2_L5_CE_CONCENTRATION_SEED102/Eval_On_COHFACE,COHFACE,prism,COHFACE_s38_session3_natural,1,62.95166015625,62.73193359375,correct,62.95166015625,0.9999999999999999,63.0615234375,0.9997356512069517,62.841796875,0.9981957915958755,62.73193359375,1.0,62.841796875,0.99938715113457,62.6220703125,0.9990899978740134,38_3,38,3,natural,89.2923660278,71.3900604248,14.9504019544,0.0139822367749,849.643244546,0.177921548486
UBFC_A2_L5_CE_CONCENTRATION_SEED102/Eval_On_COHFACE,COHFACE,prism,COHFACE_s38_session3_natural,2,63.61083984375,66.46728515625,correct,63.61083984375,0.9999999999999999,63.720703125,0.9990472754126043,63.5009765625,0.9988148201646398,66.46728515625,1.0,66.5771484375,0.9997191217225141,66.357421875,0.9982705988659164,38_3,38,3,natural,89.2923660278,71.3900604248,14.9504019544,0.0139822367749,849.643244546,0.177921548486
UBFC_A2_L5_CE_CONCENTRATION_SEED102/Eval_On_COHFACE,COHFACE,prism,COHFACE_s38_session3_natural,3,62.29248046875,62.841796875,correct,62.29248046875,0.9999999999999999,62.40234375,0.9992868337599139,62.1826171875,0.9983517629621776,62.841796875,1.0,62.95166015625,0.9999071638769794,62.73193359375,0.9984972923147604,38_3,38,3,natural,89.2923660278,71.3900604248,14.9504019544,0.0139822367749,849.643244546,0.177921548486
UBFC_A2_L5_CE_CONCENTRATION_SEED102/Eval_On_COHFACE,COHFACE,prism,COHFACE_s38_session3_natural,4,65.0390625,65.2587890625,correct,65.0390625,1.0,65.14892578125,0.9990960308291921,64.92919921875,0.9986042308801732,65.2587890625,1.0,65.14892578125,0.999161265386671,65.36865234375,0.9986258925294073,38_3,38,3,natural,89.2923660278,71.3900604248,14.9504019544,0.0139822367749,849.643244546,0.177921548486
UBFC_A2_L5_CE_CONCENTRATION_SEED102/Eval_On_COHFACE,COHFACE,prism,COHFACE_s39_session0_lamp,0,57.3486328125,58.77685546875,correct,57.3486328125,1.0,57.45849609375,0.9994146137172294,57.23876953125,0.9988934309651031,58.77685546875,1.0,58.88671875,0.9991297414371321,58.6669921875,0.9989475514024955,39_0,39,0,lamp,94.8019485474,53.4072036743,7.39716174556,0,502.741289507,0.229704886675
UBFC_A2_L5_CE_CONCENTRATION_SEED102/Eval_On_COHFACE,COHFACE,prism,COHFACE_s39_session0_lamp,1,58.33740234375,58.447265625,correct,58.33740234375,1.0,58.2275390625,0.999244218683106,58.447265625,0.9985369554815686,58.447265625,1.0,58.55712890625,0.9999768182404691,58.33740234375,0.9980952918044967,39_0,39,0,lamp,94.8019485474,53.4072036743,7.39716174556,0,502.741289507,0.229704886675
UBFC_A2_L5_CE_CONCENTRATION_SEED102/Eval_On_COHFACE,COHFACE,prism,COHFACE_s39_session0_lamp,2,59.43603515625,60.31494140625,correct,59.43603515625,1.0,59.5458984375,0.999849668840843,59.326171875,0.9977905798146056,60.31494140625,1.0,60.205078125,0.9998278891699164,60.4248046875,0.9983029688006848,39_0,39,0,lamp,94.8019485474,53.4072036743,7.39716174556,0,502.741289507,0.229704886675
UBFC_A2_L5_CE_CONCENTRATION_SEED102/Eval_On_COHFACE,COHFACE,prism,COHFACE_s39_session0_lamp,3,60.53466796875,61.19384765625,correct,60.53466796875,1.0,60.64453125,0.9992765000843534,60.4248046875,0.9984498582352557,61.19384765625,1.0,61.3037109375,0.9999892053455325,61.083984375,0.9979214806951718,39_0,39,0,lamp,94.8019485474,53.4072036743,7.39716174556,0,502.741289507,0.229704886675
UBFC_A2_L5_CE_CONCENTRATION_SEED102/Eval_On_COHFACE,COHFACE,prism,COHFACE_s39_session0_lamp,4,60.09521484375,60.53466796875,correct,60.09521484375,1.0,60.205078125,0.9989371630117484,59.9853515625,0.9984996169215612,60.53466796875,1.0,60.4248046875,0.9993063428573666,60.64453125,0.9986535992550889,39_0,39,0,lamp,94.8019485474,53.4072036743,7.39716174556,0,502.741289507,0.229704886675
UBFC_A2_L5_CE_CONCENTRATION_SEED102/Eval_On_COHFACE,COHFACE,prism,COHFACE_s39_session1_lamp,0,61.7431640625,60.64453125,correct,61.7431640625,1.0,61.85302734375,0.9988094881448158,61.63330078125,0.9987763247253691,60.64453125,1.0,60.75439453125,0.9995570423140777,60.53466796875,0.9986092382253007,39_1,39,1,lamp,101.58000946,55.4373092651,4.33470884441,0,528.475076732,0.275208473206
UBFC_A2_L5_CE_CONCENTRATION_SEED102/Eval_On_COHFACE,COHFACE,prism,COHFACE_s39_session1_lamp,1,58.77685546875,59.765625,correct,58.77685546875,1.0,58.88671875,0.9998342781977243,58.6669921875,0.9981021863357529,59.765625,1.0,59.65576171875,0.9996230729421914,59.87548828125,0.9984335149342457,39_1,39,1,lamp,101.58000946,55.4373092651,4.33470884441,0,528.475076732,0.275208473206
UBFC_A2_L5_CE_CONCENTRATION_SEED102/Eval_On_COHFACE,COHFACE,prism,COHFACE_s39_session1_lamp,2,62.73193359375,63.9404296875,correct,62.73193359375,1.0,62.6220703125,0.9998896602486002,62.841796875,0.9978387000679272,63.9404296875,1.0,64.05029296875,0.9998229200533734,63.83056640625,0.998413109685398,39_1,39,1,lamp,101.58000946,55.4373092651,4.33470884441,0,528.475076732,0.275208473206
UBFC_A2_L5_CE_CONCENTRATION_SEED102/Eval_On_COHFACE,COHFACE,prism,COHFACE_s39_session1_lamp,3,64.27001953125,63.9404296875,correct,64.27001953125,1.0,64.3798828125,0.9989496228492012,64.16015625,0.998706330999687,63.9404296875,1.0,63.83056640625,0.9992453805983477,64.05029296875,0.9987778680106186,39_1,39,1,lamp,101.58000946,55.4373092651,4.33470884441,0,528.475076732,0.275208473206
UBFC_A2_L5_CE_CONCENTRATION_SEED102/Eval_On_COHFACE,COHFACE,prism,COHFACE_s39_session1_lamp,4,63.9404296875,64.48974609375,correct,63.9404296875,1.0,64.05029296875,0.9991717132932642,63.83056640625,0.9986941129495521,64.48974609375,1.0,64.599609375,0.9998371538044537,64.3798828125,0.9980471578718739,39_1,39,1,lamp,101.58000946,55.4373092651,4.33470884441,0,528.475076732,0.275208473206
UBFC_A2_L5_CE_CONCENTRATION_SEED102/Eval_On_COHFACE,COHFACE,prism,COHFACE_s39_session2_natural,0,62.51220703125,64.48974609375,correct,62.51220703125,0.9999999999999999,62.6220703125,0.9997389040524916,62.40234375,0.9995994919714289,64.48974609375,0.9999999999999999,64.3798828125,0.9996240803251792,64.599609375,0.998522829991898,39_2,39,2,natural,87.1837539673,60.4054527283,9.26165180822,0,447.489216822,0.266399890184
UBFC_A2_L5_CE_CONCENTRATION_SEED102/Eval_On_COHFACE,COHFACE,prism,COHFACE_s39_session2_natural,1,61.19384765625,60.53466796875,correct,61.19384765625,1.0,61.083984375,0.9996426590502795,61.3037109375,0.9980127118216433,60.53466796875,0.9999999999999998,60.4248046875,0.9996792951261806,60.64453125,0.9995936816688602,39_2,39,2,natural,87.1837539673,60.4054527283,9.26165180822,0,447.489216822,0.266399890184
UBFC_A2_L5_CE_CONCENTRATION_SEED102/Eval_On_COHFACE,COHFACE,prism,COHFACE_s39_session2_natural,2,61.3037109375,77.23388671875,super_harmonic_1p5x,61.3037109375,1.0,61.41357421875,0.9995592163544808,61.19384765625,0.9983364672719456,77.23388671875,0.9999999999999999,77.1240234375,0.999736489309052,77.34375,0.9982231221296476,39_2,39,2,natural,87.1837539673,60.4054527283,9.26165180822,0,447.489216822,0.266399890184
UBFC_A2_L5_CE_CONCENTRATION_SEED102/Eval_On_COHFACE,COHFACE,prism,COHFACE_s39_session2_natural,3,66.02783203125,64.599609375,correct,66.02783203125,1.0,66.1376953125,0.9991538884774781,65.91796875,0.9986047340828599,64.599609375,0.9999999999999998,64.48974609375,0.9998219643814333,64.70947265625,0.998618296448073,39_2,39,2,natural,87.1837539673,60.4054527283,9.26165180822,0,447.489216822,0.266399890184
UBFC_A2_L5_CE_CONCENTRATION_SEED102/Eval_On_COHFACE,COHFACE,prism,COHFACE_s39_session2_natural,4,65.58837890625,64.16015625,correct,65.58837890625,1.0,65.478515625,0.9990182161285684,65.6982421875,0.9988340639749452,64.16015625,0.9999999999999999,64.05029296875,0.9988842306166611,64.27001953125,0.9985970961975402,39_2,39,2,natural,87.1837539673,60.4054527283,9.26165180822,0,447.489216822,0.266399890184
UBFC_A2_L5_CE_CONCENTRATION_SEED102/Eval_On_COHFACE,COHFACE,prism,COHFACE_s39_session3_natural,0,67.34619140625,65.36865234375,correct,67.34619140625,0.9999999999999999,67.236328125,0.9998991519619069,67.4560546875,0.9981715211420079,65.36865234375,1.0,65.2587890625,0.9991553670362868,65.478515625,0.9989049551591563,39_3,39,3,natural,86.6105270386,60.3175315857,9.22158679122,0,431.953976448,0.267216145992
UBFC_A2_L5_CE_CONCENTRATION_SEED102/Eval_On_COHFACE,COHFACE,prism,COHFACE_s39_session3_natural,1,61.7431640625,61.083984375,correct,61.7431640625,1.0,61.85302734375,0.999783396850208,61.63330078125,0.9979324598986603,61.083984375,0.9999999999999998,61.19384765625,0.999638711544888,60.97412109375,0.9979899747349931,39_3,39,3,natural,86.6105270386,60.3175315857,9.22158679122,0,431.953976448,0.267216145992
UBFC_A2_L5_CE_CONCENTRATION_SEED102/Eval_On_COHFACE,COHFACE,prism,COHFACE_s39_session3_natural,2,62.40234375,61.7431640625,correct,62.40234375,1.0,62.51220703125,0.998939128992176,62.29248046875,0.9986076419092019,61.7431640625,0.9999999999999998,61.85302734375,0.9998563247103858,61.63330078125,0.9972512393393347,39_3,39,3,natural,86.6105270386,60.3175315857,9.22158679122,0,431.953976448,0.267216145992
UBFC_A2_L5_CE_CONCENTRATION_SEED102/Eval_On_COHFACE,COHFACE,prism,COHFACE_s39_session3_natural,3,68.3349609375,70.64208984375,correct,68.3349609375,1.0,68.44482421875,0.9994557666773701,68.22509765625,0.9982612579908375,70.64208984375,1.0,70.751953125,0.9988978025952079,70.5322265625,0.9985889294383017,39_3,39,3,natural,86.6105270386,60.3175315857,9.22158679122,0,431.953976448,0.267216145992
UBFC_A2_L5_CE_CONCENTRATION_SEED102/Eval_On_COHFACE,COHFACE,prism,COHFACE_s39_session3_natural,4,64.05029296875,64.48974609375,correct,64.05029296875,1.0,64.16015625,0.9997473191424316,63.9404296875,0.9982762962526335,64.48974609375,1.0,64.599609375,0.9995093303746962,64.3798828125,0.9989237934971362,39_3,39,3,natural,86.6105270386,60.3175315857,9.22158679122,0,431.953976448,0.267216145992
UBFC_A2_L5_CE_CONCENTRATION_SEED102/Eval_On_COHFACE,COHFACE,prism,COHFACE_s40_session0_lamp,0,62.51220703125,62.40234375,correct,62.51220703125,1.0,62.6220703125,0.9993073914491405,62.40234375,0.9986579846133539,62.40234375,1.0,62.29248046875,0.9999879050580557,62.51220703125,0.9983698261886417,40_0,40,0,lamp,78.2928543091,67.4891357422,24.7774069302,0,419.724965687,0.276231914759
UBFC_A2_L5_CE_CONCENTRATION_SEED102/Eval_On_COHFACE,COHFACE,prism,COHFACE_s40_session0_lamp,1,61.63330078125,61.19384765625,correct,61.63330078125,1.0,61.5234375,0.9995288901525241,61.7431640625,0.9983340287835067,61.19384765625,1.0,61.083984375,0.9991336794385004,61.3037109375,0.9990346008805023,40_0,40,0,lamp,78.2928543091,67.4891357422,24.7774069302,0,419.724965687,0.276231914759
UBFC_A2_L5_CE_CONCENTRATION_SEED102/Eval_On_COHFACE,COHFACE,prism,COHFACE_s40_session0_lamp,2,61.19384765625,60.75439453125,correct,61.19384765625,1.0,61.3037109375,0.9998444210242124,61.083984375,0.9978812617442634,60.75439453125,1.0,60.8642578125,0.9994465765292453,60.64453125,0.9986662498923177,40_0,40,0,lamp,78.2928543091,67.4891357422,24.7774069302,0,419.724965687,0.276231914759
UBFC_A2_L5_CE_CONCENTRATION_SEED102/Eval_On_COHFACE,COHFACE,prism,COHFACE_s40_session0_lamp,3,61.5234375,62.73193359375,correct,61.5234375,1.0,61.63330078125,0.9999724293499159,61.41357421875,0.9978124343238699,62.73193359375,1.0,62.6220703125,0.9995473337367065,62.841796875,0.9990611978242909,40_0,40,0,lamp,78.2928543091,67.4891357422,24.7774069302,0,419.724965687,0.276231914759
UBFC_A2_L5_CE_CONCENTRATION_SEED102/Eval_On_COHFACE,COHFACE,prism,COHFACE_s40_session0_lamp,4,62.40234375,62.95166015625,correct,62.40234375,1.0,62.29248046875,0.9993945982957948,62.51220703125,0.9982156456934759,62.95166015625,1.0,63.0615234375,0.9992016737430208,62.841796875,0.9990694707611721,40_0,40,0,lamp,78.2928543091,67.4891357422,24.7774069302,0,419.724965687,0.276231914759
UBFC_A2_L5_CE_CONCENTRATION_SEED102/Eval_On_COHFACE,COHFACE,prism,COHFACE_s40_session1_lamp,0,62.51220703125,62.40234375,correct,62.51220703125,0.9999999999999999,62.6220703125,0.9991149571194359,62.40234375,0.998859616879186,62.40234375,1.0,62.51220703125,0.9994409042069162,62.29248046875,0.9991523573105643,40_1,40,1,lamp,81.0745773315,67.6699981689,21.3844002067,0,429.293411703,0.345382630825
UBFC_A2_L5_CE_CONCENTRATION_SEED102/Eval_On_COHFACE,COHFACE,prism,COHFACE_s40_session1_lamp,1,60.4248046875,59.1064453125,correct,60.4248046875,1.0,60.31494140625,0.9997948022556206,60.53466796875,0.9979944640885616,59.1064453125,1.0,59.21630859375,0.9999237754677724,58.99658203125,0.9984489362213281,40_1,40,1,lamp,81.0745773315,67.6699981689,21.3844002067,0,429.293411703,0.345382630825
UBFC_A2_L5_CE_CONCENTRATION_SEED102/Eval_On_COHFACE,COHFACE,prism,COHFACE_s40_session1_lamp,2,59.65576171875,59.5458984375,correct,59.65576171875,1.0,59.5458984375,0.9989052551521573,59.765625,0.9988484724818519,59.5458984375,1.0,59.65576171875,0.999872200572993,59.43603515625,0.9980312817119128,40_1,40,1,lamp,81.0745773315,67.6699981689,21.3844002067,0,429.293411703,0.345382630825
UBFC_A2_L5_CE_CONCENTRATION_SEED102/Eval_On_COHFACE,COHFACE,prism,COHFACE_s40_session1_lamp,3,59.5458984375,59.5458984375,correct,59.5458984375,1.0,59.43603515625,0.999557522585225,59.65576171875,0.9981771732867896,59.5458984375,1.0,59.65576171875,0.99943061489459,59.43603515625,0.9984425172630632,40_1,40,1,lamp,81.0745773315,67.6699981689,21.3844002067,0,429.293411703,0.345382630825
UBFC_A2_L5_CE_CONCENTRATION_SEED102/Eval_On_COHFACE,COHFACE,prism,COHFACE_s40_session1_lamp,4,58.88671875,60.09521484375,correct,58.88671875,1.0,58.99658203125,0.9992150752135655,58.77685546875,0.9986793799999139,60.09521484375,1.0,60.205078125,0.9998416643096362,59.9853515625,0.9982360375662035,40_1,40,1,lamp,81.0745773315,67.6699981689,21.3844002067,0,429.293411703,0.345382630825
UBFC_A2_L5_CE_CONCENTRATION_SEED102/Eval_On_COHFACE,COHFACE,prism,COHFACE_s40_session2_natural,0,58.6669921875,60.09521484375,correct,58.6669921875,1.0,58.55712890625,0.9991024003593577,58.77685546875,0.9990722952101961,60.09521484375,0.9999999999999999,59.9853515625,0.9991046842518435,60.205078125,0.9985925439041838,40_2,40,2,natural,71.2085723877,67.616104126,27.7537684287,0,342.675931688,0.322168320417
UBFC_A2_L5_CE_CONCENTRATION_SEED102/Eval_On_COHFACE,COHFACE,prism,COHFACE_s40_session2_natural,1,60.4248046875,61.63330078125,correct,60.4248046875,1.0,60.31494140625,0.9998065620229559,60.53466796875,0.997926755244892,61.63330078125,0.9999999999999998,61.5234375,0.9990388444299503,61.7431640625,0.9984118969380961,40_2,40,2,natural,71.2085723877,67.616104126,27.7537684287,0,342.675931688,0.322168320417
UBFC_A2_L5_CE_CONCENTRATION_SEED102/Eval_On_COHFACE,COHFACE,prism,COHFACE_s40_session2_natural,2,58.447265625,59.1064453125,correct,58.447265625,1.0,58.55712890625,0.9995782046045697,58.33740234375,0.9982469707671396,59.1064453125,1.0,59.21630859375,0.9989565953509582,58.99658203125,0.9986529312111295,40_2,40,2,natural,71.2085723877,67.616104126,27.7537684287,0,342.675931688,0.322168320417
UBFC_A2_L5_CE_CONCENTRATION_SEED102/Eval_On_COHFACE,COHFACE,prism,COHFACE_s40_session2_natural,3,61.19384765625,61.7431640625,correct,61.19384765625,1.0,61.083984375,0.9998427101230623,61.3037109375,0.9979843642665464,61.7431640625,0.9999999999999999,61.63330078125,0.9994072405923691,61.85302734375,0.9982950755987915,40_2,40,2,natural,71.2085723877,67.616104126,27.7537684287,0,342.675931688,0.322168320417
UBFC_A2_L5_CE_CONCENTRATION_SEED102/Eval_On_COHFACE,COHFACE,prism,COHFACE_s40_session2_natural,4,61.19384765625,58.88671875,correct,61.19384765625,1.0,61.083984375,0.9990575753436507,61.3037109375,0.9985371370804121,58.88671875,1.0,58.99658203125,0.9990653364367418,58.77685546875,0.9989384588968577,40_2,40,2,natural,71.2085723877,67.616104126,27.7537684287,0,342.675931688,0.322168320417
UBFC_A2_L5_CE_CONCENTRATION_SEED102/Eval_On_COHFACE,COHFACE,prism,COHFACE_s40_session3_natural,0,64.16015625,63.720703125,correct,64.16015625,1.0,64.05029296875,0.9997574744292756,64.27001953125,0.9982258340020933,63.720703125,1.0,63.61083984375,0.9993179021860444,63.83056640625,0.9984208598246932,40_3,40,3,natural,83.079574585,75.1076278687,23.0873603325,0,449.607347199,0.30417200923
UBFC_A2_L5_CE_CONCENTRATION_SEED102/Eval_On_COHFACE,COHFACE,prism,COHFACE_s40_session3_natural,1,61.85302734375,63.39111328125,correct,61.85302734375,1.0,61.7431640625,0.9990506151853507,61.962890625,0.9987956468234109,63.39111328125,1.0,63.5009765625,0.9999977629287348,63.28125,0.9986711508253822,40_3,40,3,natural,83.079574585,75.1076278687,23.0873603325,0,449.607347199,0.30417200923
UBFC_A2_L5_CE_CONCENTRATION_SEED102/Eval_On_COHFACE,COHFACE,prism,COHFACE_s40_session3_natural,2,61.63330078125,61.962890625,correct,61.63330078125,1.0,61.5234375,0.9990463266393331,61.7431640625,0.9986107411354807,61.962890625,1.0,62.07275390625,0.9994717515599381,61.85302734375,0.9986552570043477,40_3,40,3,natural,83.079574585,75.1076278687,23.0873603325,0,449.607347199,0.30417200923
UBFC_A2_L5_CE_CONCENTRATION_SEED102/Eval_On_COHFACE,COHFACE,prism,COHFACE_s40_session3_natural,3,63.0615234375,65.0390625,correct,63.0615234375,1.0,62.95166015625,0.9999730448307506,63.17138671875,0.9979322035405814,65.0390625,1.0,64.92919921875,0.999061566243455,65.14892578125,0.9990425807509598,40_3,40,3,natural,83.079574585,75.1076278687,23.0873603325,0,449.607347199,0.30417200923
UBFC_A2_L5_CE_CONCENTRATION_SEED102/Eval_On_COHFACE,COHFACE,prism,COHFACE_s40_session3_natural,4,63.720703125,64.16015625,correct,63.720703125,1.0,63.83056640625,0.9991776044903792,63.61083984375,0.9985135532656884,64.16015625,0.9999999999999999,64.27001953125,0.9992183007868419,64.05029296875,0.9980365336407472,40_3,40,3,natural,83.079574585,75.1076278687,23.0873603325,0,449.607347199,0.30417200923
