recording_id,measurement_id,sample_index,time_seconds,gt_signal,predicted_signal
UBFC_PHYS_s01_T3_test,0,0,0.0,0.5449016852817218,0.06672809408501035
UBFC_PHYS_s01_T3_test,0,1,0.03333333333333333,1.2740767260398635,0.15984318230397884
UBFC_PHYS_s01_T3_test,0,2,0.06666666666666667,1.9691397168287392,0.26680204538054464
UBFC_PHYS_s01_T3_test,0,3,0.1,2.5574332152558883,0.3914430113883661
UBFC_PHYS_s01_T3_test,0,4,0.13333333333333333,2.9607852769671945,0.5302414694813564
UBFC_PHYS_s01_T3_test,0,5,0.16666666666666666,3.115508120287055,0.6715393124346883
UBFC_PHYS_s01_T3_test,0,6,0.2,2.977518824608089,0.7763042219015202
UBFC_PHYS_s01_T3_test,0,7,0.23333333333333334,2.517605671420321,0.7782739337801015
UBFC_PHYS_s01_T3_test,0,8,0.26666666666666666,1.731825717786308,0.67421333801687
UBFC_PHYS_s01_T3_test,0,9,0.3,0.6810730876503724,0.5240367349888864
UBFC_PHYS_s01_T3_test,0,10,0.3333333333333333,-0.48377123743101874,0.35605816313536787
UBFC_PHYS_s01_T3_test,0,11,0.36666666666666664,-1.566597052782512,0.167302717777836
UBFC_PHYS_s01_T3_test,0,12,0.4,-2.418771339687568,-0.03493211978123816
UBFC_PHYS_s01_T3_test,0,13,0.43333333333333335,-2.998741751342939,-0.2318812811602691
UBFC_PHYS_s01_T3_test,0,14,0.4666666666666667,-3.3528338591288973,-0.4028978389429917
UBFC_PHYS_s01_T3_test,0,15,0.5,-3.5482047859719974,-0.5245891690559777
UBFC_PHYS_s01_T3_test,0,16,0.5333333333333333,-3.622874590066264,-0.6016845075567547
UBFC_PHYS_s01_T3_test,0,17,0.5666666666666667,-3.5828018038532625,-0.6659927778749962
UBFC_PHYS_s01_T3_test,0,18,0.6,-3.419681114739763,-0.7215018749987945
UBFC_PHYS_s01_T3_test,0,19,0.6333333333333333,-3.113620636282271,-0.7437892608376154
UBFC_PHYS_s01_T3_test,0,20,0.6666666666666666,-2.624701397621232,-0.7231144139766188
UBFC_PHYS_s01_T3_test,0,21,0.7,-1.9035338338746006,-0.6645505685390959
UBFC_PHYS_s01_T3_test,0,22,0.7333333333333333,-0.9298388277178887,-0.6010061659400826
UBFC_PHYS_s01_T3_test,0,23,0.7666666666666667,0.24503867252694211,-0.5927329284868672
UBFC_PHYS_s01_T3_test,0,24,0.8,1.481282741038008,-0.6161861100414265
UBFC_PHYS_s01_T3_test,0,25,0.8333333333333334,2.5742425372942654,-0.5648215833866794
UBFC_PHYS_s01_T3_test,0,26,0.8666666666666667,3.3167615951789315,-0.40109319526065224
UBFC_PHYS_s01_T3_test,0,27,0.9,3.5767266406056963,-0.15797889287408348
UBFC_PHYS_s01_T3_test,0,28,0.9333333333333333,3.346665655404376,0.11898990041206813
UBFC_PHYS_s01_T3_test,0,29,0.9666666666666667,2.7364760147913234,0.37121344482736385
UBFC_PHYS_s01_T3_test,0,30,1.0,1.9244492644291253,0.5613655282872981
UBFC_PHYS_s01_T3_test,0,31,1.0333333333333334,1.103068413144853,0.672579096781069
UBFC_PHYS_s01_T3_test,0,32,1.0666666666666667,0.44082240768323155,0.7255384952421703
UBFC_PHYS_s01_T3_test,0,33,1.1,0.058340792897559224,0.7770165072330049
UBFC_PHYS_s01_T3_test,0,34,1.1333333333333333,0.009211761386458753,0.8527389594320635
UBFC_PHYS_s01_T3_test,0,35,1.1666666666666667,0.2734433886769031,0.9462252712426865
UBFC_PHYS_s01_T3_test,0,36,1.2,0.7763173091507805,1.018221515979693
UBFC_PHYS_s01_T3_test,0,37,1.2333333333333334,1.4114569752463222,0.9971378681305884
UBFC_PHYS_s01_T3_test,0,38,1.2666666666666666,2.042916508493925,0.86316603828282
UBFC_PHYS_s01_T3_test,0,39,1.3,2.5098606832988106,0.6490042804547057
UBFC_PHYS_s01_T3_test,0,40,1.3333333333333333,2.667801816428104,0.3944771463608794
UBFC_PHYS_s01_T3_test,0,41,1.3666666666666667,2.4479468644596967,0.1469493593963281
UBFC_PHYS_s01_T3_test,0,42,1.4,1.8851168095923962,-0.07836286044052623
UBFC_PHYS_s01_T3_test,0,43,1.4333333333333333,1.0955774998918173,-0.29701370673637223
UBFC_PHYS_s01_T3_test,0,44,1.4666666666666666,0.22951955474819485,-0.5013077001367636
UBFC_PHYS_s01_T3_test,0,45,1.5,-0.5755406372870205,-0.6589049630143997
UBFC_PHYS_s01_T3_test,0,46,1.5333333333333334,-1.2323480921468843,-0.7508756862066253
UBFC_PHYS_s01_T3_test,0,47,1.5666666666666667,-1.7200270013384134,-0.7710694185976388
UBFC_PHYS_s01_T3_test,0,48,1.6,-2.0732269622192323,-0.7370174571153938
UBFC_PHYS_s01_T3_test,0,49,1.6333333333333333,-2.36467249728771,-0.6892476427726938
UBFC_PHYS_s01_T3_test,0,50,1.6666666666666667,-2.684027051535393,-0.6574583406273253
UBFC_PHYS_s01_T3_test,0,51,1.7,-3.0896048292437612,-0.6599867629284463
UBFC_PHYS_s01_T3_test,0,52,1.7333333333333334,-3.5489379461560615,-0.6742698367293806
UBFC_PHYS_s01_T3_test,0,53,1.7666666666666666,-3.92832707162286,-0.6374768701458726
UBFC_PHYS_s01_T3_test,0,54,1.8,-4.057170148571025,-0.5302399376100301
UBFC_PHYS_s01_T3_test,0,55,1.8333333333333333,-3.821101937634711,-0.3774937585565003
UBFC_PHYS_s01_T3_test,0,56,1.8666666666666667,-3.2132582456982024,-0.19939361220243687
UBFC_PHYS_s01_T3_test,0,57,1.9,-2.319060129744009,-0.011859958824499583
UBFC_PHYS_s01_T3_test,0,58,1.9333333333333333,-1.2714210486305726,0.17540080162762606
UBFC_PHYS_s01_T3_test,0,59,1.9666666666666666,-0.21348832817031022,0.3577962982681878
UBFC_PHYS_s01_T3_test,0,60,2.0,0.7330073172929252,0.5348547794458477
UBFC_PHYS_s01_T3_test,0,61,2.033333333333333,1.495156014370158,0.708899158507787
UBFC_PHYS_s01_T3_test,0,62,2.066666666666667,2.055077852794808,0.8787888061550216
UBFC_PHYS_s01_T3_test,0,63,2.1,2.4313295522676146,1.0386839249567592
UBFC_PHYS_s01_T3_test,0,64,2.1333333333333333,2.6495172666578357,1.1604852800353624
UBFC_PHYS_s01_T3_test,0,65,2.1666666666666665,2.7226298836513623,1.1934933104610337
UBFC_PHYS_s01_T3_test,0,66,2.2,2.6576490667710884,1.1178466262505278
UBFC_PHYS_s01_T3_test,0,67,2.2333333333333334,2.476730025796141,0.9448712156383346
UBFC_PHYS_s01_T3_test,0,68,2.2666666666666666,2.2235610102008354,0.6865158697982339
UBFC_PHYS_s01_T3_test,0,69,2.3,1.9468402978406898,0.3562759040328208
UBFC_PHYS_s01_T3_test,0,70,2.3333333333333335,1.6778205602375087,-0.024295328944145836
UBFC_PHYS_s01_T3_test,0,71,2.3666666666666667,1.4200666320075894,-0.4238052161368467
UBFC_PHYS_s01_T3_test,0,72,2.4,1.156329360508921,-0.8062964992201199
UBFC_PHYS_s01_T3_test,0,73,2.433333333333333,0.8672378027511787,-1.1293877237664554
UBFC_PHYS_s01_T3_test,0,74,2.466666666666667,0.5516430097727417,-1.3701930740799306
UBFC_PHYS_s01_T3_test,0,75,2.5,0.2339334689200983,-1.5236475484912102
UBFC_PHYS_s01_T3_test,0,76,2.533333333333333,-0.05015221884114485,-1.5753291017210138
UBFC_PHYS_s01_T3_test,0,77,2.566666666666667,-0.27731831388043354,-1.5007771883317433
UBFC_PHYS_s01_T3_test,0,78,2.6,-0.4489822995538411,-1.2964683041861296
UBFC_PHYS_s01_T3_test,0,79,2.6333333333333333,-0.5844115312341673,-0.9804788826782496
UBFC_PHYS_s01_T3_test,0,80,2.6666666666666665,-0.7039004093810822,-0.5907327347669294
UBFC_PHYS_s01_T3_test,0,81,2.7,-0.8171836619026966,-0.18622129882735017
UBFC_PHYS_s01_T3_test,0,82,2.7333333333333334,-0.9242380247204087,0.19009710842136965
UBFC_PHYS_s01_T3_test,0,83,2.7666666666666666,-1.0220335902606923,0.5095749980750449
UBFC_PHYS_s01_T3_test,0,84,2.8,-1.1090884870289788,0.7730779709269515
UBFC_PHYS_s01_T3_test,0,85,2.8333333333333335,-1.1861244087073568,1.0086084659115206
UBFC_PHYS_s01_T3_test,0,86,2.8666666666666667,-1.2526255021803465,1.207125886766073
UBFC_PHYS_s01_T3_test,0,87,2.9,-1.3006052959791616,1.3210690201078825
UBFC_PHYS_s01_T3_test,0,88,2.933333333333333,-1.3107907958761928,1.3291875371755768
UBFC_PHYS_s01_T3_test,0,89,2.966666666666667,-1.2537859170115104,1.2363092193274485
UBFC_PHYS_s01_T3_test,0,90,3.0,-1.0963954295623777,1.0648313000097382
UBFC_PHYS_s01_T3_test,0,91,3.033333333333333,-0.817731022571362,0.8547395362541597
UBFC_PHYS_s01_T3_test,0,92,3.066666666666667,-0.430479146025292,0.6307472993931725
UBFC_PHYS_s01_T3_test,0,93,3.1,0.014500100472511341,0.4031150891198269
UBFC_PHYS_s01_T3_test,0,94,3.1333333333333333,0.4494218794170757,0.17743178360065803
UBFC_PHYS_s01_T3_test,0,95,3.1666666666666665,0.8169893759535467,-0.04386702951683176
UBFC_PHYS_s01_T3_test,0,96,3.2,1.0838600886478578,-0.26154271275291163
UBFC_PHYS_s01_T3_test,0,97,3.2333333333333334,1.2410040158051148,-0.47788436741646667
UBFC_PHYS_s01_T3_test,0,98,3.2666666666666666,1.2984438414538428,-0.6811850953390773
UBFC_PHYS_s01_T3_test,0,99,3.3,1.2754919530176698,-0.844464691982313
UBFC_PHYS_s01_T3_test,0,100,3.3333333333333335,1.1894138035926909,-0.9498734876517974
UBFC_PHYS_s01_T3_test,0,101,3.3666666666666667,1.0497405897486285,-0.9879792661097763
UBFC_PHYS_s01_T3_test,0,102,3.4,0.8595527311035867,-0.9593981237458619
UBFC_PHYS_s01_T3_test,0,103,3.433333333333333,0.6201315869913506,-0.8744606958778806
UBFC_PHYS_s01_T3_test,0,104,3.466666666666667,0.3375986526227017,-0.7448672903365218
UBFC_PHYS_s01_T3_test,0,105,3.5,0.028014466789345313,-0.5839343570550485
UBFC_PHYS_s01_T3_test,0,106,3.533333333333333,-0.2843664917850953,-0.4042584141161715
UBFC_PHYS_s01_T3_test,0,107,3.566666666666667,-0.5717660157133883,-0.21849858139206482
UBFC_PHYS_s01_T3_test,0,108,3.6,-0.802204358943561,-0.026998168499305114
UBFC_PHYS_s01_T3_test,0,109,3.6333333333333333,-0.9377242616725683,0.18088878156486365
UBFC_PHYS_s01_T3_test,0,110,3.6666666666666665,-0.9444761981912019,0.4010846006933379
UBFC_PHYS_s01_T3_test,0,111,3.7,-0.8157392758915089,0.6134039317823308
UBFC_PHYS_s01_T3_test,0,112,3.7333333333333334,-0.5889558912853111,0.7838468241533247
UBFC_PHYS_s01_T3_test,0,113,3.7666666666666666,-0.33476733383865676,0.8640453929866236
UBFC_PHYS_s01_T3_test,0,114,3.8,-0.12187852045513423,0.8412696867038378
UBFC_PHYS_s01_T3_test,0,115,3.8333333333333335,0.011399331743375183,0.7382144434471031
UBFC_PHYS_s01_T3_test,0,116,3.8666666666666667,0.059336304407873276,0.5806233970476282
UBFC_PHYS_s01_T3_test,0,117,3.9,0.03480571502901503,0.3972900162327342
UBFC_PHYS_s01_T3_test,0,118,3.933333333333333,-0.045076690164083874,0.2048294233796904
UBFC_PHYS_s01_T3_test,0,119,3.966666666666667,-0.1658579974610226,0.008526689117406689
UBFC_PHYS_s01_T3_test,0,120,4.0,-0.3124869003617239,-0.17446285007617668
UBFC_PHYS_s01_T3_test,0,121,4.033333333333333,-0.4646207674120034,-0.3141811015734922
UBFC_PHYS_s01_T3_test,0,122,4.066666666666666,-0.6009056115487414,-0.3899559342094877
UBFC_PHYS_s01_T3_test,0,123,4.1,-0.7007836349503794,-0.38997270021836034
UBFC_PHYS_s01_T3_test,0,124,4.133333333333334,-0.7297298263336199,-0.32956914384485947
UBFC_PHYS_s01_T3_test,0,125,4.166666666666667,-0.6285494320684994,-0.2507721695229637
UBFC_PHYS_s01_T3_test,0,126,4.2,-0.33868896265734455,-0.18841836163255868
UBFC_PHYS_s01_T3_test,0,127,4.233333333333333,0.14838884962996035,-0.16969904869588243
UBFC_PHYS_s01_T3_test,0,128,4.266666666666667,0.7667875012575303,-0.18152045545288428
UBFC_PHYS_s01_T3_test,0,129,4.3,1.3972090993771773,-0.17100674921646575
UBFC_PHYS_s01_T3_test,0,130,4.333333333333333,1.9049237599174156,-0.11935102615500146
UBFC_PHYS_s01_T3_test,0,131,4.366666666666666,2.1730801574934304,-0.04243277615380539
UBFC_PHYS_s01_T3_test,0,132,4.4,2.138594396369665,0.026821804250123735
UBFC_PHYS_s01_T3_test,0,133,4.433333333333334,1.8201527404785198,0.038828311424460346
UBFC_PHYS_s01_T3_test,0,134,4.466666666666667,1.30929532371123,-0.018340237225956346
UBFC_PHYS_s01_T3_test,0,135,4.5,0.7267044212025624,-0.11871261514288223
UBFC_PHYS_s01_T3_test,0,136,4.533333333333333,0.17456323112579353,-0.22808945068199019
UBFC_PHYS_s01_T3_test,0,137,4.566666666666666,-0.2914061800167416,-0.30433262117896426
UBFC_PHYS_s01_T3_test,0,138,4.6,-0.6626604510174322,-0.31713166965697975
UBFC_PHYS_s01_T3_test,0,139,4.633333333333334,-0.9585658031461403,-0.24835858238375233
UBFC_PHYS_s01_T3_test,0,140,4.666666666666667,-1.2037575465121217,-0.10530628472676694
UBFC_PHYS_s01_T3_test,0,141,4.7,-1.412222546368517,0.07899906501793832
UBFC_PHYS_s01_T3_test,0,142,4.733333333333333,-1.5775409749949534,0.2736639908411849
UBFC_PHYS_s01_T3_test,0,143,4.766666666666667,-1.668579971829871,0.4494689657543175
UBFC_PHYS_s01_T3_test,0,144,4.8,-1.6361446861025457,0.5802844030694497
UBFC_PHYS_s01_T3_test,0,145,4.833333333333333,-1.4370364839599692,0.6425401407042243
UBFC_PHYS_s01_T3_test,0,146,4.866666666666666,-1.0679477929001884,0.6242992830567682
UBFC_PHYS_s01_T3_test,0,147,4.9,-0.5824341847403969,0.5251390831087197
UBFC_PHYS_s01_T3_test,0,148,4.933333333333334,-0.07129201182386802,0.3682448206491362
UBFC_PHYS_s01_T3_test,0,149,4.966666666666667,0.3787366751043627,0.2004425561567278
UBFC_PHYS_s01_T3_test,0,150,5.0,0.7153077879041765,0.04186242226167239
UBFC_PHYS_s01_T3_test,0,151,5.033333333333333,0.9259373981761105,-0.11344325823862124
UBFC_PHYS_s01_T3_test,0,152,5.066666666666666,1.0259552523168771,-0.2677313723355719
UBFC_PHYS_s01_T3_test,0,153,5.1,1.039532416567553,-0.4183922198547687
UBFC_PHYS_s01_T3_test,0,154,5.133333333333334,0.9833535301109904,-0.552409050746941
UBFC_PHYS_s01_T3_test,0,155,5.166666666666667,0.8623672633149942,-0.6456570541495262
UBFC_PHYS_s01_T3_test,0,156,5.2,0.6788403839015721,-0.6850722736874758
UBFC_PHYS_s01_T3_test,0,157,5.233333333333333,0.4425472684087212,-0.6683677942744201
UBFC_PHYS_s01_T3_test,0,158,5.266666666666667,0.17060812975543194,-0.5915150655027874
UBFC_PHYS_s01_T3_test,0,159,5.3,-0.11763863729224106,-0.44899300776184303
UBFC_PHYS_s01_T3_test,0,160,5.333333333333333,-0.3993320082487634,-0.26078658478477557
UBFC_PHYS_s01_T3_test,0,161,5.366666666666666,-0.6418706052462856,-0.07284941865122459
UBFC_PHYS_s01_T3_test,0,162,5.4,-0.8027078522350003,0.10106277514403197
UBFC_PHYS_s01_T3_test,0,163,5.433333333333334,-0.842928316853728,0.2784248299745551
UBFC_PHYS_s01_T3_test,0,164,5.466666666666667,-0.7497272894757333,0.4516650163287808
UBFC_PHYS_s01_T3_test,0,165,5.5,-0.5479438654018891,0.587100698686401
UBFC_PHYS_s01_T3_test,0,166,5.533333333333333,-0.28756172200367525,0.6711030232102502
UBFC_PHYS_s01_T3_test,0,167,5.566666666666666,-0.020265568895457425,0.7095181191586839
UBFC_PHYS_s01_T3_test,0,168,5.6,0.21639470994363047,0.7100432985970809
UBFC_PHYS_s01_T3_test,0,169,5.633333333333334,0.4049166118499701,0.6817434849482126
UBFC_PHYS_s01_T3_test,0,170,5.666666666666667,0.5457198254095206,0.6240870785760566
UBFC_PHYS_s01_T3_test,0,171,5.7,0.6463553036854529,0.527193043476754
UBFC_PHYS_s01_T3_test,0,172,5.733333333333333,0.7092171333889451,0.3959832040706997
UBFC_PHYS_s01_T3_test,0,173,5.766666666666667,0.7284608904776203,0.25077735755525093
UBFC_PHYS_s01_T3_test,0,174,5.8,0.6962471736823616,0.10733266486678508
UBFC_PHYS_s01_T3_test,0,175,5.833333333333333,0.6090844944610221,-0.022518434167715526
UBFC_PHYS_s01_T3_test,0,176,5.866666666666666,0.46918133371455234,-0.14500353643423286
UBFC_PHYS_s01_T3_test,0,177,5.9,0.28386901308281937,-0.28324726497440483
UBFC_PHYS_s01_T3_test,0,178,5.933333333333334,0.06574783554740185,-0.4397419636202783
UBFC_PHYS_s01_T3_test,0,179,5.966666666666667,-0.1686057854351945,-0.5952383224561089
UBFC_PHYS_s01_T3_test,0,180,6.0,-0.4029547211041896,-0.7293511547357808
UBFC_PHYS_s01_T3_test,0,181,6.033333333333333,-0.6240780055185962,-0.8199990363764477
UBFC_PHYS_s01_T3_test,0,182,6.066666666666666,-0.8160007167034015,-0.8532843133583793
UBFC_PHYS_s01_T3_test,0,183,6.1,-0.94993021745036,-0.8232295003375623
UBFC_PHYS_s01_T3_test,0,184,6.133333333333334,-0.9865449491690186,-0.7403594052551976
UBFC_PHYS_s01_T3_test,0,185,6.166666666666667,-0.8979281307889604,-0.6316202202180068
UBFC_PHYS_s01_T3_test,0,186,6.2,-0.6910930620790936,-0.5025340016659711
UBFC_PHYS_s01_T3_test,0,187,6.233333333333333,-0.40883028813408623,-0.3378459227027388
UBFC_PHYS_s01_T3_test,0,188,6.266666666666667,-0.10800587648565325,-0.14323551260375122
UBFC_PHYS_s01_T3_test,0,189,6.3,0.16351273546012815,0.05362402328705249
UBFC_PHYS_s01_T3_test,0,190,6.333333333333333,0.3785863049973308,0.22799121708618686
UBFC_PHYS_s01_T3_test,0,191,6.366666666666666,0.5330606087213802,0.35730697374126436
UBFC_PHYS_s01_T3_test,0,192,6.4,0.6388060190888757,0.4428438955538542
UBFC_PHYS_s01_T3_test,0,193,6.433333333333334,0.7085044812307709,0.5086910540583783
UBFC_PHYS_s01_T3_test,0,194,6.466666666666667,0.7439559935230404,0.5717399098366589
UBFC_PHYS_s01_T3_test,0,195,6.5,0.7377998656511575,0.6406814636907532
UBFC_PHYS_s01_T3_test,0,196,6.533333333333333,0.6828647443480397,0.7015435827517392
UBFC_PHYS_s01_T3_test,0,197,6.566666666666666,0.5777349959061253,0.7175689674366763
UBFC_PHYS_s01_T3_test,0,198,6.6,0.426093227669927,0.674247242065786
UBFC_PHYS_s01_T3_test,0,199,6.633333333333334,0.23473261309365057,0.5796050310405346
UBFC_PHYS_s01_T3_test,0,200,6.666666666666667,0.013589279059104717,0.4548543443431458
UBFC_PHYS_s01_T3_test,0,201,6.7,-0.22313841720117453,0.3344644067249574
UBFC_PHYS_s01_T3_test,0,202,6.733333333333333,-0.45759737353569946,0.22545468018287734
UBFC_PHYS_s01_T3_test,0,203,6.766666666666667,-0.671325219888186,0.10807536410712557
UBFC_PHYS_s01_T3_test,0,204,6.8,-0.8470428158504238,-0.009650300433121269
UBFC_PHYS_s01_T3_test,0,205,6.833333333333333,-0.9654972966722578,-0.09128568892446497
UBFC_PHYS_s01_T3_test,0,206,6.866666666666666,-1.0012303087676673,-0.14524294186662146
UBFC_PHYS_s01_T3_test,0,207,6.9,-0.9274858163326376,-0.22392157230338594
UBFC_PHYS_s01_T3_test,0,208,6.933333333333334,-0.7335543384424431,-0.3577730403083987
UBFC_PHYS_s01_T3_test,0,209,6.966666666666667,-0.44158183095513137,-0.5538291149192534
UBFC_PHYS_s01_T3_test,0,210,7.0,-0.10515196358073609,-0.7788922870264056
UBFC_PHYS_s01_T3_test,0,211,7.033333333333333,0.2115991172334003,-0.95906643838214
UBFC_PHYS_s01_T3_test,0,212,7.066666666666666,0.4577215682361725,-1.0463366504736715
UBFC_PHYS_s01_T3_test,0,213,7.1,0.6089791125906312,-1.0186541974486645
UBFC_PHYS_s01_T3_test,0,214,7.133333333333334,0.6703675397743063,-0.884229862739427
UBFC_PHYS_s01_T3_test,0,215,7.166666666666667,0.6673607272563272,-0.6815027049128739
UBFC_PHYS_s01_T3_test,0,216,7.2,0.6289529831675527,-0.424676720932081
UBFC_PHYS_s01_T3_test,0,217,7.233333333333333,0.5759778147573784,-0.10478211459030287
UBFC_PHYS_s01_T3_test,0,218,7.266666666666667,0.5212112910952458,0.25896759429209143
UBFC_PHYS_s01_T3_test,0,219,7.3,0.47131373812827343,0.6174147132844479
UBFC_PHYS_s01_T3_test,0,220,7.333333333333333,0.42560505111026653,0.9305565605951964
UBFC_PHYS_s01_T3_test,0,221,7.366666666666666,0.378802498687009,1.1661111857841242
UBFC_PHYS_s01_T3_test,0,222,7.4,0.32643895139014345,1.2862696094909605
UBFC_PHYS_s01_T3_test,0,223,7.433333333333334,0.26391147276080873,1.2470904440654746
UBFC_PHYS_s01_T3_test,0,224,7.466666666666667,0.18273336127299808,1.0610334729790247
UBFC_PHYS_s01_T3_test,0,225,7.5,0.07425217139451912,0.7968909368980962
UBFC_PHYS_s01_T3_test,0,226,7.533333333333333,-0.06269430286358779,0.5110343569324027
UBFC_PHYS_s01_T3_test,0,227,7.566666666666666,-0.22130907626056256,0.247709601055288
UBFC_PHYS_s01_T3_test,0,228,7.6,-0.3929270954912288,0.02273834361302842
UBFC_PHYS_s01_T3_test,0,229,7.633333333333334,-0.5695416361067357,-0.17501137154785265
UBFC_PHYS_s01_T3_test,0,230,7.666666666666667,-0.7379105936501928,-0.35120580747179847
UBFC_PHYS_s01_T3_test,0,231,7.7,-0.87115038846417,-0.5044195222493201
UBFC_PHYS_s01_T3_test,0,232,7.733333333333333,-0.9308620431255723,-0.6118417264496756
UBFC_PHYS_s01_T3_test,0,233,7.766666666666667,-0.8866236223872591,-0.6287916997713536
UBFC_PHYS_s01_T3_test,0,234,7.8,-0.7385551231257087,-0.5463386074981993
UBFC_PHYS_s01_T3_test,0,235,7.833333333333333,-0.5194037664670532,-0.3914030082071514
UBFC_PHYS_s01_T3_test,0,236,7.866666666666666,-0.27469516827204055,-0.21955435554834987
UBFC_PHYS_s01_T3_test,0,237,7.9,-0.04204920841516605,-0.11450156166474684
UBFC_PHYS_s01_T3_test,0,238,7.933333333333334,0.1571159743379218,-0.12477224455286448
UBFC_PHYS_s01_T3_test,0,239,7.966666666666667,0.31704616073697905,-0.26306834739671403
UBFC_PHYS_s01_T3_test,0,240,8.0,0.4424536805465181,-0.4849339280266789
UBFC_PHYS_s01_T3_test,0,241,8.033333333333333,0.5396733205650877,-0.6890671836307926
UBFC_PHYS_s01_T3_test,0,242,8.066666666666666,0.6100426414763656,-0.8214669884805696
UBFC_PHYS_s01_T3_test,0,243,8.1,0.651133026791765,-0.8755687254712957
UBFC_PHYS_s01_T3_test,0,244,8.133333333333333,0.661774398315092,-0.8507589326501618
UBFC_PHYS_s01_T3_test,0,245,8.166666666666666,0.6433633894378763,-0.7520650777814407
UBFC_PHYS_s01_T3_test,0,246,8.2,0.5974775064116488,-0.5622503995096536
UBFC_PHYS_s01_T3_test,0,247,8.233333333333333,0.5256912499937769,-0.24308760203086938
UBFC_PHYS_s01_T3_test,0,248,8.266666666666667,0.43235946503610484,0.1938161120397392
UBFC_PHYS_s01_T3_test,0,249,8.3,0.3241425523332122,0.684995846966301
UBFC_PHYS_s01_T3_test,0,250,8.333333333333334,0.20489444828893152,1.1411547974505454
UBFC_PHYS_s01_T3_test,0,251,8.366666666666667,0.07292042870239175,1.446156692604781
UBFC_PHYS_s01_T3_test,0,252,8.4,-0.07571554356284563,1.5650928220667133
UBFC_PHYS_s01_T3_test,0,253,8.433333333333334,-0.24209643995007044,1.5430615364978633
UBFC_PHYS_s01_T3_test,0,254,8.466666666666667,-0.42142193984343673,1.4107280176963486
UBFC_PHYS_s01_T3_test,0,255,8.5,-0.601455095511234,1.1835841027197107
UBFC_PHYS_s01_T3_test,0,256,8.533333333333333,-0.7608773241242932,0.8712886130074636
UBFC_PHYS_s01_T3_test,0,257,8.566666666666666,-0.8685555350092389,0.4790291062411477
UBFC_PHYS_s01_T3_test,0,258,8.6,-0.8895829650210894,0.05074752848779201
UBFC_PHYS_s01_T3_test,0,259,8.633333333333333,-0.8026735754812608,-0.32928004852372805
UBFC_PHYS_s01_T3_test,0,260,8.666666666666666,-0.6183839843921737,-0.6373651402382061
UBFC_PHYS_s01_T3_test,0,261,8.7,-0.3783977934197305,-0.9083175492275041
UBFC_PHYS_s01_T3_test,0,262,8.733333333333333,-0.13456713809805806,-1.1106089726440713
UBFC_PHYS_s01_T3_test,0,263,8.766666666666667,0.07302569268306269,-1.1452875293512426
UBFC_PHYS_s01_T3_test,0,264,8.8,0.2261905526633299,-0.9874389676109769
UBFC_PHYS_s01_T3_test,0,265,8.833333333333334,0.32762877373437943,-0.6866089152934112
UBFC_PHYS_s01_T3_test,0,266,8.866666666666667,0.3924894444348379,-0.31021168332329435
UBFC_PHYS_s01_T3_test,0,267,8.9,0.4378923229848301,0.05629197340922934
UBFC_PHYS_s01_T3_test,0,268,8.933333333333334,0.4757708912965884,0.31450570982420917
UBFC_PHYS_s01_T3_test,0,269,8.966666666666667,0.5100794937474349,0.3533274429626564
UBFC_PHYS_s01_T3_test,0,270,9.0,0.537255953806008,0.2015679884479375
UBFC_PHYS_s01_T3_test,0,271,9.033333333333333,0.5486206922473824,0.026849244658239596
UBFC_PHYS_s01_T3_test,0,272,9.066666666666666,0.534193967930616,-0.08050028647158859
UBFC_PHYS_s01_T3_test,0,273,9.1,0.48783116374070357,-0.10880359509428109
UBFC_PHYS_s01_T3_test,0,274,9.133333333333333,0.4093654151670391,-0.09952705522464558
UBFC_PHYS_s01_T3_test,0,275,9.166666666666666,0.3006280596740256,-0.14590383164038162
UBFC_PHYS_s01_T3_test,0,276,9.2,0.16246150082637634,-0.27233143511134494
UBFC_PHYS_s01_T3_test,0,277,9.233333333333333,-0.00154087995685173,-0.43336921120788013
UBFC_PHYS_s01_T3_test,0,278,9.266666666666667,-0.18161978226528475,-0.5616889829240254
UBFC_PHYS_s01_T3_test,0,279,9.3,-0.3641477595310796,-0.5689035703044701
UBFC_PHYS_s01_T3_test,0,280,9.333333333333334,-0.5331732797782368,-0.41965966804643184
UBFC_PHYS_s01_T3_test,0,281,9.366666666666667,-0.6672062946184462,-0.13265436468878095
UBFC_PHYS_s01_T3_test,0,282,9.4,-0.7388245600311999,0.22672247798594095
UBFC_PHYS_s01_T3_test,0,283,9.433333333333334,-0.7249092872890127,0.5461633226962231
UBFC_PHYS_s01_T3_test,0,284,9.466666666666667,-0.6221500687168963,0.7277580884222745
UBFC_PHYS_s01_T3_test,0,285,9.5,-0.4524566048254784,0.6884760898418877
UBFC_PHYS_s01_T3_test,0,286,9.533333333333333,-0.2524111496371153,0.4680182568988728
UBFC_PHYS_s01_T3_test,0,287,9.566666666666666,-0.05779046510582744,0.22791208753063308
UBFC_PHYS_s01_T3_test,0,288,9.6,0.10688804521416512,0.04708840668917391
UBFC_PHYS_s01_T3_test,0,289,9.633333333333333,0.2336077644623633,-0.07870410971211175
UBFC_PHYS_s01_T3_test,0,290,9.666666666666666,0.3292732480158136,-0.14858917780676287
UBFC_PHYS_s01_T3_test,0,291,9.7,0.4058003535462755,-0.15570558377333815
UBFC_PHYS_s01_T3_test,0,292,9.733333333333333,0.46970287697312146,-0.09995992680811122
UBFC_PHYS_s01_T3_test,0,293,9.766666666666667,0.5194150552699103,0.012017470675932576
UBFC_PHYS_s01_T3_test,0,294,9.8,0.5483391558581292,0.15893963271547756
UBFC_PHYS_s01_T3_test,0,295,9.833333333333334,0.5480852479700485,0.3046845994335867
UBFC_PHYS_s01_T3_test,0,296,9.866666666666667,0.5111161049154266,0.39885528873258713
UBFC_PHYS_s01_T3_test,0,297,9.9,0.433558402224967,0.37721273991959603
UBFC_PHYS_s01_T3_test,0,298,9.933333333333334,0.3166876473833385,0.2668039976696154
UBFC_PHYS_s01_T3_test,0,299,9.966666666666667,0.1659859596494739,0.18537803242281667
UBFC_PHYS_s01_T3_test,0,300,10.0,-0.010660860981982653,0.1794831245028066
UBFC_PHYS_s01_T3_test,0,301,10.033333333333333,-0.20333985202419935,0.2237622291927998
UBFC_PHYS_s01_T3_test,0,302,10.066666666666666,-0.39999933468098736,0.2710893848191886
UBFC_PHYS_s01_T3_test,0,303,10.1,-0.588482014058664,0.25367305053306166
UBFC_PHYS_s01_T3_test,0,304,10.133333333333333,-0.7575842509588074,0.16272827613287386
UBFC_PHYS_s01_T3_test,0,305,10.166666666666666,-0.8919127915600038,0.048923453184882296
UBFC_PHYS_s01_T3_test,0,306,10.2,-0.9659997772000061,-0.06907535380163751
UBFC_PHYS_s01_T3_test,0,307,10.233333333333333,-0.9493574526656277,-0.2042572836390794
UBFC_PHYS_s01_T3_test,0,308,10.266666666666667,-0.8229728594961958,-0.3549996374296192
UBFC_PHYS_s01_T3_test,0,309,10.3,-0.5942362037119031,-0.5040817119407377
UBFC_PHYS_s01_T3_test,0,310,10.333333333333334,-0.29734315350481166,-0.6215194321229005
UBFC_PHYS_s01_T3_test,0,311,10.366666666666667,0.02120639902696732,-0.6643068497164771
UBFC_PHYS_s01_T3_test,0,312,10.4,0.31999173772131523,-0.6296779581349843
UBFC_PHYS_s01_T3_test,0,313,10.433333333333334,0.5722013747915244,-0.5548396536645084
UBFC_PHYS_s01_T3_test,0,314,10.466666666666667,0.767192037872102,-0.4550067331232462
UBFC_PHYS_s01_T3_test,0,315,10.5,0.906822778794936,-0.32347512083727237
UBFC_PHYS_s01_T3_test,0,316,10.533333333333333,0.9969462084317394,-0.16784389051937748
UBFC_PHYS_s01_T3_test,0,317,10.566666666666666,1.0390742035392029,-0.010728634446218981
UBFC_PHYS_s01_T3_test,0,318,10.6,1.0282753546417231,0.13253463519634473
UBFC_PHYS_s01_T3_test,0,319,10.633333333333333,0.9560628692370491,0.253204140444264
UBFC_PHYS_s01_T3_test,0,320,10.666666666666666,0.8160886018530613,0.338475810725202
UBFC_PHYS_s01_T3_test,0,321,10.7,0.6113266963370703,0.3709787366854917
UBFC_PHYS_s01_T3_test,0,322,10.733333333333333,0.356453896930835,0.35245457203123065
UBFC_PHYS_s01_T3_test,0,323,10.766666666666667,0.07217492591281124,0.30346250752874554
UBFC_PHYS_s01_T3_test,0,324,10.8,-0.22147972832931404,0.2411795802277707
UBFC_PHYS_s01_T3_test,0,325,10.833333333333334,-0.5062426741670191,0.17924520117185672
UBFC_PHYS_s01_T3_test,0,326,10.866666666666667,-0.763557058136129,0.125899492014461
UBFC_PHYS_s01_T3_test,0,327,10.9,-0.9754471287444099,0.08418052959873103
UBFC_PHYS_s01_T3_test,0,328,10.933333333333334,-1.1288591319128363,0.05337624685581308
UBFC_PHYS_s01_T3_test,0,329,10.966666666666667,-1.2167093583825925,0.02933821680976187
UBFC_PHYS_s01_T3_test,0,330,11.0,-1.2320497836048712,0.010421199020771935
UBFC_PHYS_s01_T3_test,0,331,11.033333333333333,-1.1636910865574848,-0.002299433900003754
UBFC_PHYS_s01_T3_test,0,332,11.066666666666666,-1.0018338527400723,-0.00563673318223863
UBFC_PHYS_s01_T3_test,0,333,11.1,-0.7488875304754099,0.005707761721904219
UBFC_PHYS_s01_T3_test,0,334,11.133333333333333,-0.425460367795901,0.03334867412155723
UBFC_PHYS_s01_T3_test,0,335,11.166666666666666,-0.06754467788915433,0.0750914474680714
UBFC_PHYS_s01_T3_test,0,336,11.2,0.2837569168124787,0.12698975032469811
UBFC_PHYS_s01_T3_test,0,337,11.233333333333333,0.5945354675650274,0.18316317951786756
UBFC_PHYS_s01_T3_test,0,338,11.266666666666667,0.8449264693851521,0.233080929070569
UBFC_PHYS_s01_T3_test,0,339,11.3,1.0275733185675942,0.2614648133467127
UBFC_PHYS_s01_T3_test,0,340,11.333333333333334,1.1412855856171158,0.2543422164413623
UBFC_PHYS_s01_T3_test,0,341,11.366666666666667,1.1849857344088548,0.1992441204115091
UBFC_PHYS_s01_T3_test,0,342,11.4,1.1550669288795494,0.09783759027508562
UBFC_PHYS_s01_T3_test,0,343,11.433333333333334,1.0481846219430775,-0.03373493572186747
UBFC_PHYS_s01_T3_test,0,344,11.466666666666667,0.8686769751101644,-0.18294608524766393
UBFC_PHYS_s01_T3_test,0,345,11.5,0.6339152817638382,-0.3403192337166508
UBFC_PHYS_s01_T3_test,0,346,11.533333333333333,0.3712906064727968,-0.4896503181119453
UBFC_PHYS_s01_T3_test,0,347,11.566666666666666,0.10940459273894111,-0.607378365143415
UBFC_PHYS_s01_T3_test,0,348,11.6,-0.13001572503748662,-0.6783980780871938
UBFC_PHYS_s01_T3_test,0,349,11.633333333333333,-0.33610960670541123,-0.6956994145975439
UBFC_PHYS_s01_T3_test,0,350,11.666666666666666,-0.5066818359845758,-0.6662325322288158
UBFC_PHYS_s01_T3_test,0,351,11.7,-0.641845637379889,-0.610649183522211
UBFC_PHYS_s01_T3_test,0,352,11.733333333333333,-0.7414894883137539,-0.5455339653751272
UBFC_PHYS_s01_T3_test,0,353,11.766666666666667,-0.807871620055531,-0.48340632762796015
UBFC_PHYS_s01_T3_test,0,354,11.8,-0.8444308011320527,-0.41423494980433584
UBFC_PHYS_s01_T3_test,0,355,11.833333333333334,-0.848216558825771,-0.30626456367233157
UBFC_PHYS_s01_T3_test,0,356,11.866666666666667,-0.8057997307405016,-0.1447557560254616
UBFC_PHYS_s01_T3_test,0,357,11.9,-0.7012038159144175,0.06672056930169508
UBFC_PHYS_s01_T3_test,0,358,11.933333333333334,-0.5318265836718403,0.3048366094820626
UBFC_PHYS_s01_T3_test,0,359,11.966666666666667,-0.3179898655757872,0.5255742176449298
UBFC_PHYS_s01_T3_test,0,360,12.0,-0.09618510355235733,0.7077565716822607
UBFC_PHYS_s01_T3_test,0,361,12.033333333333333,0.09773778350332085,0.8520024308781243
UBFC_PHYS_s01_T3_test,0,362,12.066666666666666,0.24226846809544086,0.94912008427256
UBFC_PHYS_s01_T3_test,0,363,12.1,0.33475346819779034,0.9792892549356143
UBFC_PHYS_s01_T3_test,0,364,12.133333333333333,0.3872223220831141,0.9471692646371956
UBFC_PHYS_s01_T3_test,0,365,12.166666666666666,0.4168561394747291,0.8815302609353035
UBFC_PHYS_s01_T3_test,0,366,12.2,0.43687154104355086,0.7913877480090692
UBFC_PHYS_s01_T3_test,0,367,12.233333333333333,0.4519743718148636,0.6662280392443967
UBFC_PHYS_s01_T3_test,0,368,12.266666666666667,0.45913568514092534,0.5006511051526592
UBFC_PHYS_s01_T3_test,0,369,12.3,0.4525519816936666,0.29546896629586317
UBFC_PHYS_s01_T3_test,0,370,12.333333333333334,0.42837045127406725,0.06957903758544104
UBFC_PHYS_s01_T3_test,0,371,12.366666666666667,0.38499060047768385,-0.13903876028435375
UBFC_PHYS_s01_T3_test,0,372,12.4,0.32098231679886546,-0.31053523688032714
UBFC_PHYS_s01_T3_test,0,373,12.433333333333334,0.2348628191370682,-0.4421808053720376
UBFC_PHYS_s01_T3_test,0,374,12.466666666666667,0.12765077359127308,-0.5329024263060052
UBFC_PHYS_s01_T3_test,0,375,12.5,0.00608678277066829,-0.5822757668816758
UBFC_PHYS_s01_T3_test,0,376,12.533333333333333,-0.11844863985874157,-0.5976345450702867
UBFC_PHYS_s01_T3_test,0,377,12.566666666666666,-0.237320271644727,-0.5934116109258019
UBFC_PHYS_s01_T3_test,0,378,12.6,-0.3489242661226135,-0.5775833252603373
UBFC_PHYS_s01_T3_test,0,379,12.633333333333333,-0.4497613731913403,-0.5513848603518345
UBFC_PHYS_s01_T3_test,0,380,12.666666666666666,-0.5212191944049984,-0.511967131802319
UBFC_PHYS_s01_T3_test,0,381,12.7,-0.5326459673144261,-0.4525945308664787
UBFC_PHYS_s01_T3_test,0,382,12.733333333333333,-0.4638125606769488,-0.3701915652881942
UBFC_PHYS_s01_T3_test,0,383,12.766666666666667,-0.324828012371919,-0.26579941888102127
UBFC_PHYS_s01_T3_test,0,384,12.8,-0.15302860790324727,-0.14176541009492455
UBFC_PHYS_s01_T3_test,0,385,12.833333333333334,0.008348727842736981,-0.002379403079964825
UBFC_PHYS_s01_T3_test,0,386,12.866666666666667,0.12992221180759564,0.14265238889968695
UBFC_PHYS_s01_T3_test,0,387,12.9,0.2032932390306006,0.2775216956122089
UBFC_PHYS_s01_T3_test,0,388,12.933333333333334,0.23679685679827786,0.39273455616086983
UBFC_PHYS_s01_T3_test,0,389,12.966666666666667,0.24610881757728648,0.4844450577944464
UBFC_PHYS_s01_T3_test,0,390,13.0,0.2464665568544503,0.5492429485645267
UBFC_PHYS_s01_T3_test,0,391,13.033333333333333,0.24861792396015125,0.583617963965301
UBFC_PHYS_s01_T3_test,0,392,13.066666666666666,0.2571366051252614,0.5838616786338152
UBFC_PHYS_s01_T3_test,0,393,13.1,0.2710160484481153,0.5459498183566168
UBFC_PHYS_s01_T3_test,0,394,13.133333333333333,0.2851456455129605,0.47089658824900804
UBFC_PHYS_s01_T3_test,0,395,13.166666666666666,0.29090428919759276,0.36501721600658205
UBFC_PHYS_s01_T3_test,0,396,13.2,0.27816472646107,0.2318421368153762
UBFC_PHYS_s01_T3_test,0,397,13.233333333333333,0.23865455770149246,0.07278966498636501
UBFC_PHYS_s01_T3_test,0,398,13.266666666666667,0.1667160369701721,-0.09924342748462524
UBFC_PHYS_s01_T3_test,0,399,13.3,0.05967630804401584,-0.25910723733203195
UBFC_PHYS_s01_T3_test,0,400,13.333333333333334,-0.07913129825353477,-0.40008550205067667
UBFC_PHYS_s01_T3_test,0,401,13.366666666666667,-0.23986231025684182,-0.5329521647851656
UBFC_PHYS_s01_T3_test,0,402,13.4,-0.40898089122386366,-0.6626137999440189
UBFC_PHYS_s01_T3_test,0,403,13.433333333333334,-0.5683905883054864,-0.7870456632681678
UBFC_PHYS_s01_T3_test,0,404,13.466666666666667,-0.6923033607715666,-0.8978095749805428
UBFC_PHYS_s01_T3_test,0,405,13.5,-0.7511117878853217,-0.9794598229482909
UBFC_PHYS_s01_T3_test,0,406,13.533333333333333,-0.7235877146876755,-1.0178877092843663
UBFC_PHYS_s01_T3_test,0,407,13.566666666666666,-0.6079052283644324,-1.000223313984463
UBFC_PHYS_s01_T3_test,0,408,13.6,-0.42291541931874177,-0.9143047191371773
UBFC_PHYS_s01_T3_test,0,409,13.633333333333333,-0.20068059043627845,-0.7492580703154009
UBFC_PHYS_s01_T3_test,0,410,13.666666666666666,0.024950135893971992,-0.5056702097564478
UBFC_PHYS_s01_T3_test,0,411,13.7,0.23046681765012345,-0.19687261911534912
UBFC_PHYS_s01_T3_test,0,412,13.733333333333333,0.40944128768524957,0.15136781974775054
UBFC_PHYS_s01_T3_test,0,413,13.766666666666667,0.5673244413477658,0.4992565361207163
UBFC_PHYS_s01_T3_test,0,414,13.8,0.7070843519788786,0.8083293868829505
UBFC_PHYS_s01_T3_test,0,415,13.833333333333334,0.8170380465449725,1.039955796463251
UBFC_PHYS_s01_T3_test,0,416,13.866666666666667,0.8710553694307737,1.1896524233896142
UBFC_PHYS_s01_T3_test,0,417,13.9,0.843500402647203,1.2854634374227019
UBFC_PHYS_s01_T3_test,0,418,13.933333333333334,0.7285320034173457,1.3353858963719656
UBFC_PHYS_s01_T3_test,0,419,13.966666666666667,0.5455778664431407,1.3263972468834369
UBFC_PHYS_s01_T3_test,0,420,14.0,0.3260405787750761,1.2476736031203006
UBFC_PHYS_s01_T3_test,0,421,14.033333333333333,0.09708317872293272,1.0909497847351624
UBFC_PHYS_s01_T3_test,0,422,14.066666666666666,-0.12308947423222254,0.8611517253754299
UBFC_PHYS_s01_T3_test,0,423,14.1,-0.32232804328069287,0.5774006939650815
UBFC_PHYS_s01_T3_test,0,424,14.133333333333333,-0.49293543086740577,0.2709013843322617
UBFC_PHYS_s01_T3_test,0,425,14.166666666666666,-0.630930788789969,-0.013867107249949301
UBFC_PHYS_s01_T3_test,0,426,14.2,-0.7331714244351206,-0.25761963519405173
UBFC_PHYS_s01_T3_test,0,427,14.233333333333333,-0.7932371042593408,-0.4646997418976918
UBFC_PHYS_s01_T3_test,0,428,14.266666666666667,-0.7987071937469608,-0.6370228185038486
UBFC_PHYS_s01_T3_test,0,429,14.3,-0.7348593627518949,-0.7724453816632622
UBFC_PHYS_s01_T3_test,0,430,14.333333333333334,-0.5968531285716544,-0.8696237367841937
UBFC_PHYS_s01_T3_test,0,431,14.366666666666667,-0.4003739356415008,-0.9269914020184518
UBFC_PHYS_s01_T3_test,0,432,14.4,-0.1790997433747147,-0.9435321173365032
UBFC_PHYS_s01_T3_test,0,433,14.433333333333334,0.028725502103539573,-0.9183179279181247
UBFC_PHYS_s01_T3_test,0,434,14.466666666666667,0.19431548098684137,-0.853308303370342
UBFC_PHYS_s01_T3_test,0,435,14.5,0.3062372023826571,-0.7534113269328455
UBFC_PHYS_s01_T3_test,0,436,14.533333333333333,0.3702880819764536,-0.6173348516855981
UBFC_PHYS_s01_T3_test,0,437,14.566666666666666,0.4024760731436947,-0.43829558180990696
UBFC_PHYS_s01_T3_test,0,438,14.6,0.41842961588505057,-0.21918361022005556
UBFC_PHYS_s01_T3_test,0,439,14.633333333333333,0.42513443044897964,0.026264877518785916
UBFC_PHYS_s01_T3_test,0,440,14.666666666666666,0.42090254902514823,0.2718031361931216
UBFC_PHYS_s01_T3_test,0,441,14.7,0.40165371674559047,0.4776861628237433
UBFC_PHYS_s01_T3_test,0,442,14.733333333333333,0.3651548309403937,0.6249665134526561
UBFC_PHYS_s01_T3_test,0,443,14.766666666666667,0.31092436092827835,0.7145741405557219
UBFC_PHYS_s01_T3_test,0,444,14.8,0.23994285364127663,0.7569188318693625
UBFC_PHYS_s01_T3_test,0,445,14.833333333333334,0.1549944690884147,0.7709576755616998
UBFC_PHYS_s01_T3_test,0,446,14.866666666666667,0.05995953772889933,0.7550756819175467
UBFC_PHYS_s01_T3_test,0,447,14.9,-0.04157251038004213,0.6870451938942078
UBFC_PHYS_s01_T3_test,0,448,14.933333333333334,-0.14703361402647655,0.5629279926620606
UBFC_PHYS_s01_T3_test,0,449,14.966666666666667,-0.2532884123836176,0.39769451839043224
UBFC_PHYS_s01_T3_test,0,450,15.0,-0.3522033741311464,0.2055666822610206
UBFC_PHYS_s01_T3_test,0,451,15.033333333333333,-0.42716401414205046,0.0008127358271076239
UBFC_PHYS_s01_T3_test,0,452,15.066666666666666,-0.45665501627258054,-0.20105607256963337
UBFC_PHYS_s01_T3_test,0,453,15.1,-0.4261213270090557,-0.38224734284460005
UBFC_PHYS_s01_T3_test,0,454,15.133333333333333,-0.3396288677780598,-0.5369448831091673
UBFC_PHYS_s01_T3_test,0,455,15.166666666666666,-0.21949177250299817,-0.6701691383234487
UBFC_PHYS_s01_T3_test,0,456,15.2,-0.09325895542423798,-0.7772440612650164
UBFC_PHYS_s01_T3_test,0,457,15.233333333333333,0.01934472746887943,-0.8429833500657204
UBFC_PHYS_s01_T3_test,0,458,15.266666666666667,0.11063100739691156,-0.8590196144538721
UBFC_PHYS_s01_T3_test,0,459,15.3,0.18279743022216446,-0.8235993477022274
UBFC_PHYS_s01_T3_test,0,460,15.333333333333334,0.2424553142993631,-0.740804222070987
UBFC_PHYS_s01_T3_test,0,461,15.366666666666667,0.29317225778395684,-0.6207317783843208
UBFC_PHYS_s01_T3_test,0,462,15.4,0.33182979033334786,-0.4669316557299333
UBFC_PHYS_s01_T3_test,0,463,15.433333333333334,0.3520542697586147,-0.2772246284233359
UBFC_PHYS_s01_T3_test,0,464,15.466666666666667,0.3485293495440518,-0.06446042068027785
UBFC_PHYS_s01_T3_test,0,465,15.5,0.31748761917214136,0.14242218134033646
UBFC_PHYS_s01_T3_test,0,466,15.533333333333333,0.25736540635912186,0.32868430732970044
UBFC_PHYS_s01_T3_test,0,467,15.566666666666666,0.17119977283991142,0.492656956748271
UBFC_PHYS_s01_T3_test,0,468,15.6,0.06565740481399103,0.6372212005631042
UBFC_PHYS_s01_T3_test,0,469,15.633333333333333,-0.05344987735176664,0.7684862455419462
UBFC_PHYS_s01_T3_test,0,470,15.666666666666666,-0.18229907381576502,0.8769823232270635
UBFC_PHYS_s01_T3_test,0,471,15.7,-0.31441132687924833,0.9369456806561174
UBFC_PHYS_s01_T3_test,0,472,15.733333333333333,-0.435100123837873,0.9324566646114981
UBFC_PHYS_s01_T3_test,0,473,15.766666666666667,-0.5205891396257727,0.8574440512719003
UBFC_PHYS_s01_T3_test,0,474,15.8,-0.5458384219258376,0.7215899598417214
UBFC_PHYS_s01_T3_test,0,475,15.833333333333334,-0.4993306567997892,0.5505885883186773
UBFC_PHYS_s01_T3_test,0,476,15.866666666666667,-0.3921358596999064,0.3623957452283466
UBFC_PHYS_s01_T3_test,0,477,15.9,-0.25110462176680665,0.1679600678582559
UBFC_PHYS_s01_T3_test,0,478,15.933333333333334,-0.1041492277505789,-0.02454068808448659
UBFC_PHYS_s01_T3_test,0,479,15.966666666666667,0.02902851424858542,-0.20850092126889952
UBFC_PHYS_s01_T3_test,0,480,16.0,0.13987168644406905,-0.36946528960611225
UBFC_PHYS_s01_T3_test,0,481,16.033333333333335,0.23062191672372115,-0.48417529145114035
UBFC_PHYS_s01_T3_test,0,482,16.066666666666666,0.3079354097876102,-0.5506068644224791
UBFC_PHYS_s01_T3_test,0,483,16.1,0.3730821897944134,-0.5871523744978839
UBFC_PHYS_s01_T3_test,0,484,16.133333333333333,0.41908773636386876,-0.59902493021304
UBFC_PHYS_s01_T3_test,0,485,16.166666666666668,0.4368076125158693,-0.5777962835837315
UBFC_PHYS_s01_T3_test,0,486,16.2,0.4213850500405325,-0.522335679746671
UBFC_PHYS_s01_T3_test,0,487,16.233333333333334,0.37334029209128033,-0.4389537589087341
UBFC_PHYS_s01_T3_test,0,488,16.266666666666666,0.295930241193339,-0.32575882875027445
UBFC_PHYS_s01_T3_test,0,489,16.3,0.19341685843207632,-0.17327968803049765
UBFC_PHYS_s01_T3_test,0,490,16.333333333333332,0.07285183883790687,0.0038121890807336356
UBFC_PHYS_s01_T3_test,0,491,16.366666666666667,-0.05422783064329264,0.16605018733935997
UBFC_PHYS_s01_T3_test,0,492,16.4,-0.17554371560996335,0.29147636783157255
UBFC_PHYS_s01_T3_test,0,493,16.433333333333334,-0.28342778337228286,0.3751187572117023
UBFC_PHYS_s01_T3_test,0,494,16.466666666666665,-0.37218641218494164,0.4229659806916501
UBFC_PHYS_s01_T3_test,0,495,16.5,-0.42936623972404886,0.45119430838115243
UBFC_PHYS_s01_T3_test,0,496,16.533333333333335,-0.4357304258474214,0.43880622642712613
UBFC_PHYS_s01_T3_test,0,497,16.566666666666666,-0.37921393569448214,0.3280248881065665
UBFC_PHYS_s01_T3_test,0,498,16.6,-0.2681557322490605,0.12898288130715552
UBFC_PHYS_s01_T3_test,0,499,16.633333333333333,-0.12962478112102827,-0.0797911450154604
UBFC_PHYS_s01_T3_test,0,500,16.666666666666668,0.004277291997365762,-0.2662076682127155
UBFC_PHYS_s01_T3_test,0,501,16.7,0.11035207366614024,-0.4440683014399323
UBFC_PHYS_s01_T3_test,0,502,16.733333333333334,0.18063303031711586,-0.6124337156692937
UBFC_PHYS_s01_T3_test,0,503,16.766666666666666,0.22074730827830447,-0.7544095396007829
UBFC_PHYS_s01_T3_test,0,504,16.8,0.24332781054101257,-0.8451460434679404
UBFC_PHYS_s01_T3_test,0,505,16.833333333333332,0.25894158163240905,-0.8515802828364436
UBFC_PHYS_s01_T3_test,0,506,16.866666666666667,0.26930115269166816,-0.7638881755029001
UBFC_PHYS_s01_T3_test,0,507,16.9,0.2686715413472152,-0.5957735743167383
UBFC_PHYS_s01_T3_test,0,508,16.933333333333334,0.2508014706887688,-0.3661653353191951
UBFC_PHYS_s01_T3_test,0,509,16.966666666666665,0.21271275361413608,-0.09993261413369138
UBFC_PHYS_s01_T3_test,0,510,17.0,0.15432727193152745,0.1884248860642276
UBFC_PHYS_s01_T3_test,0,511,17.033333333333335,0.07854751177136747,0.49323463483902735
UBFC_PHYS_s01_T3_test,0,512,17.066666666666666,-0.009189355131204186,0.7921833367238014
UBFC_PHYS_s01_T3_test,0,513,17.1,-0.10382618330224874,1.0447359444818487
UBFC_PHYS_s01_T3_test,0,514,17.133333333333333,-0.20153238348762334,1.2097011497374504
UBFC_PHYS_s01_T3_test,0,515,17.166666666666668,-0.29626347318783564,1.244589605044284
UBFC_PHYS_s01_T3_test,0,516,17.2,-0.3771445130655344,1.1586598232509107
UBFC_PHYS_s01_T3_test,0,517,17.233333333333334,-0.42954457904895416,1.012409153938607
UBFC_PHYS_s01_T3_test,0,518,17.266666666666666,-0.4376831442807459,0.8278451628072253
UBFC_PHYS_s01_T3_test,0,519,17.3,-0.3896897923511257,0.5889350024448559
UBFC_PHYS_s01_T3_test,0,520,17.333333333333332,-0.28651078976231575,0.3080268874846258
UBFC_PHYS_s01_T3_test,0,521,17.366666666666667,-0.14687182179519104,0.027265979137905218
UBFC_PHYS_s01_T3_test,0,522,17.4,-0.0003152588674413719,-0.22328179673412318
UBFC_PHYS_s01_T3_test,0,523,17.433333333333334,0.1257304099167945,-0.42440747838368076
UBFC_PHYS_s01_T3_test,0,524,17.466666666666665,0.2149758911995147,-0.5669093424161666
UBFC_PHYS_s01_T3_test,0,525,17.5,0.26622887231612075,-0.6503328852903744
UBFC_PHYS_s01_T3_test,0,526,17.533333333333335,0.2909989468418559,-0.6743543570471527
UBFC_PHYS_s01_T3_test,0,527,17.566666666666666,0.3025748721500365,-0.6381108608300158
UBFC_PHYS_s01_T3_test,0,528,17.6,0.3057965997580357,-0.5469666099256967
UBFC_PHYS_s01_T3_test,0,529,17.633333333333333,0.29789974674344244,-0.41254747384899426
UBFC_PHYS_s01_T3_test,0,530,17.666666666666668,0.27573936023594736,-0.25485604362239656
UBFC_PHYS_s01_T3_test,0,531,17.7,0.2397360934684977,-0.10260480281905807
UBFC_PHYS_s01_T3_test,0,532,17.733333333333334,0.19276987664969814,0.021857485184724586
UBFC_PHYS_s01_T3_test,0,533,17.766666666666666,0.13702077485166209,0.10213185031667858
UBFC_PHYS_s01_T3_test,0,534,17.8,0.07232529026930754,0.12845908867532893
UBFC_PHYS_s01_T3_test,0,535,17.833333333333332,-0.0022271013007738264,0.09743631129968304
UBFC_PHYS_s01_T3_test,0,536,17.866666666666667,-0.08586301193043468,0.009168575549947343
UBFC_PHYS_s01_T3_test,0,537,17.9,-0.1757477605233161,-0.13252487733779186
UBFC_PHYS_s01_T3_test,0,538,17.933333333333334,-0.26766026292066264,-0.31156765543696874
UBFC_PHYS_s01_T3_test,0,539,17.966666666666665,-0.3552989439004849,-0.49911114145951735
UBFC_PHYS_s01_T3_test,0,540,18.0,-0.4282514593642376,-0.6716484281677733
UBFC_PHYS_s01_T3_test,0,541,18.033333333333335,-0.4707968513968155,-0.8104083738400499
UBFC_PHYS_s01_T3_test,0,542,18.066666666666666,-0.4652461325365152,-0.89546656130753
UBFC_PHYS_s01_T3_test,0,543,18.1,-0.40147874930788485,-0.9054071135211523
UBFC_PHYS_s01_T3_test,0,544,18.133333333333333,-0.2859194033412056,-0.8333645635164809
UBFC_PHYS_s01_T3_test,0,545,18.166666666666668,-0.14043747628551884,-0.6872489761687168
UBFC_PHYS_s01_T3_test,0,546,18.2,0.008200686588513095,-0.4649996052507993
UBFC_PHYS_s01_T3_test,0,547,18.233333333333334,0.1388969106199029,-0.15579794000221348
UBFC_PHYS_s01_T3_test,0,548,18.266666666666666,0.24063807866136283,0.22515675337997765
UBFC_PHYS_s01_T3_test,0,549,18.3,0.31176216786517963,0.6347662802780354
UBFC_PHYS_s01_T3_test,0,550,18.333333333333332,0.35704629503756613,1.0206291353744357
UBFC_PHYS_s01_T3_test,0,551,18.366666666666667,0.38376863523623594,1.319527671570808
UBFC_PHYS_s01_T3_test,0,552,18.4,0.3973439352671706,1.4991338897225868
UBFC_PHYS_s01_T3_test,0,553,18.433333333333334,0.3988696514748386,1.5567394749657384
UBFC_PHYS_s01_T3_test,0,554,18.466666666666665,0.38645128607242085,1.4946495318885746
UBFC_PHYS_s01_T3_test,0,555,18.5,0.3582701763687176,1.3196799778811523
UBFC_PHYS_s01_T3_test,0,556,18.533333333333335,0.3141947108974025,1.0544247710065995
UBFC_PHYS_s01_T3_test,0,557,18.566666666666666,0.25539665601127287,0.737874294674776
UBFC_PHYS_s01_T3_test,0,558,18.6,0.182863540134336,0.3999393861300041
UBFC_PHYS_s01_T3_test,0,559,18.633333333333333,0.09645478914575226,0.06290928340167856
UBFC_PHYS_s01_T3_test,0,560,18.666666666666668,-0.0033935789481286636,-0.25011133220181847
UBFC_PHYS_s01_T3_test,0,561,18.7,-0.11263252356460748,-0.5133738809090962
UBFC_PHYS_s01_T3_test,0,562,18.733333333333334,-0.22353669643843932,-0.7045841540561514
UBFC_PHYS_s01_T3_test,0,563,18.766666666666666,-0.3277206235611461,-0.8035624544406175
UBFC_PHYS_s01_T3_test,0,564,18.8,-0.4174027108741638,-0.8075522240727736
UBFC_PHYS_s01_T3_test,0,565,18.833333333333332,-0.4831333354334593,-0.7304893108800118
UBFC_PHYS_s01_T3_test,0,566,18.866666666666667,-0.5122126521936617,-0.5902462607805428
UBFC_PHYS_s01_T3_test,0,567,18.9,-0.4929348930441907,-0.4085733077886615
UBFC_PHYS_s01_T3_test,0,568,18.933333333333334,-0.42384506427581403,-0.21037999392805637
UBFC_PHYS_s01_T3_test,0,569,18.966666666666665,-0.31876977867513184,-0.024234791196083377
UBFC_PHYS_s01_T3_test,0,570,19.0,-0.2000714828604691,0.12682413594425698
UBFC_PHYS_s01_T3_test,0,571,19.033333333333335,-0.08634937950280726,0.22468691595068205
UBFC_PHYS_s01_T3_test,0,572,19.066666666666666,0.013390877528957686,0.2591027739521426
UBFC_PHYS_s01_T3_test,0,573,19.1,0.0976384706363995,0.227322801790092
UBFC_PHYS_s01_T3_test,0,574,19.133333333333333,0.1682845136310313,0.12767959040853244
UBFC_PHYS_s01_T3_test,0,575,19.166666666666668,0.22690029794854144,-0.04011006675042495
UBFC_PHYS_s01_T3_test,0,576,19.2,0.2728112718948872,-0.2546079763217364
UBFC_PHYS_s01_T3_test,0,577,19.233333333333334,0.3044229751486397,-0.472066829770795
UBFC_PHYS_s01_T3_test,0,578,19.266666666666666,0.32013893400903864,-0.6689360570031756
UBFC_PHYS_s01_T3_test,0,579,19.3,0.3168764716942283,-0.8410047645773063
UBFC_PHYS_s01_T3_test,0,580,19.333333333333332,0.2912173391602021,-0.9743220594115324
UBFC_PHYS_s01_T3_test,0,581,19.366666666666667,0.24338370157421457,-1.0444147293782262
UBFC_PHYS_s01_T3_test,0,582,19.4,0.17690959210431137,-1.0239185214149238
UBFC_PHYS_s01_T3_test,0,583,19.433333333333334,0.09474567432384987,-0.8829365552734059
UBFC_PHYS_s01_T3_test,0,584,19.466666666666665,-0.0007132241892662122,-0.6297833391466415
UBFC_PHYS_s01_T3_test,0,585,19.5,-0.10488511735503471,-0.31184525342485137
UBFC_PHYS_s01_T3_test,0,586,19.533333333333335,-0.2112520147912389,0.027921787269716572
UBFC_PHYS_s01_T3_test,0,587,19.566666666666666,-0.3120387168537189,0.34985416710605555
UBFC_PHYS_s01_T3_test,0,588,19.6,-0.39521319207033756,0.6471780008169853
UBFC_PHYS_s01_T3_test,0,589,19.633333333333333,-0.442065000267248,0.9438046298780275
UBFC_PHYS_s01_T3_test,0,590,19.666666666666668,-0.4316011055983259,1.22051799772653
UBFC_PHYS_s01_T3_test,0,591,19.7,-0.35120777034387085,1.4133271529449114
UBFC_PHYS_s01_T3_test,0,592,19.733333333333334,-0.20659493507400173,1.4845402147300886
UBFC_PHYS_s01_T3_test,0,593,19.766666666666666,-0.023220406234190416,1.4224205319191467
UBFC_PHYS_s01_T3_test,0,594,19.8,0.1631325749543673,1.2418212186210666
UBFC_PHYS_s01_T3_test,0,595,19.833333333333332,0.32049177067739953,0.9841874037018383
UBFC_PHYS_s01_T3_test,0,596,19.866666666666667,0.429896608114701,0.6806964246949209
UBFC_PHYS_s01_T3_test,0,597,19.9,0.48586589800057656,0.3532238681168457
UBFC_PHYS_s01_T3_test,0,598,19.933333333333334,0.4918529077840684,0.026553774156999783
UBFC_PHYS_s01_T3_test,0,599,19.966666666666665,0.4556837011473421,-0.2699429190517409
UBFC_PHYS_s01_T3_test,0,600,20.0,0.3878561782898085,-0.5177690376791046
UBFC_PHYS_s01_T3_test,0,601,20.033333333333335,0.3021903843689431,-0.7076448659678265
UBFC_PHYS_s01_T3_test,0,602,20.066666666666666,0.2138213478921686,-0.831701834021354
UBFC_PHYS_s01_T3_test,0,603,20.1,0.13278729927526114,-0.8822757892758564
UBFC_PHYS_s01_T3_test,0,604,20.133333333333333,0.06017119276327293,-0.8583449954303499
UBFC_PHYS_s01_T3_test,0,605,20.166666666666668,-0.00895287418166131,-0.7651255551814101
UBFC_PHYS_s01_T3_test,0,606,20.2,-0.08064140233927183,-0.6134550392094278
UBFC_PHYS_s01_T3_test,0,607,20.233333333333334,-0.15928748002413717,-0.42008458533941717
UBFC_PHYS_s01_T3_test,0,608,20.266666666666666,-0.24570931864004486,-0.20699644358782604
UBFC_PHYS_s01_T3_test,0,609,20.3,-0.3363608286571062,-0.002104079596326941
UBFC_PHYS_s01_T3_test,0,610,20.333333333333332,-0.4252322546999184,0.17498000842021288
UBFC_PHYS_s01_T3_test,0,611,20.366666666666667,-0.5057876565480455,0.3120812555589589
UBFC_PHYS_s01_T3_test,0,612,20.4,-0.5701109228272605,0.3984471885809674
UBFC_PHYS_s01_T3_test,0,613,20.433333333333334,-0.6071797551836906,0.42410373865741896
UBFC_PHYS_s01_T3_test,0,614,20.466666666666665,-0.6026566264012125,0.39571029581161044
UBFC_PHYS_s01_T3_test,0,615,20.5,-0.5418384877839383,0.3362029938176029
UBFC_PHYS_s01_T3_test,0,616,20.533333333333335,-0.4179718105792912,0.2478049132468622
UBFC_PHYS_s01_T3_test,0,617,20.566666666666666,-0.24095404256385813,0.1123977856364443
UBFC_PHYS_s01_T3_test,0,618,20.6,-0.036002187403719355,-0.06666108318487005
UBFC_PHYS_s01_T3_test,0,619,20.633333333333333,0.16736449238108192,-0.26366641014804937
UBFC_PHYS_s01_T3_test,0,620,20.666666666666668,0.34546226670304864,-0.4480378604643808
UBFC_PHYS_s01_T3_test,0,621,20.7,0.48405942073905756,-0.5838025800271617
UBFC_PHYS_s01_T3_test,0,622,20.733333333333334,0.5781422018972132,-0.6552155625924383
UBFC_PHYS_s01_T3_test,0,623,20.766666666666666,0.6302452415486922,-0.6662669570059465
UBFC_PHYS_s01_T3_test,0,624,20.8,0.6462977322577376,-0.6241797325433265
UBFC_PHYS_s01_T3_test,0,625,20.833333333333332,0.6306395117760124,-0.5391621247064635
UBFC_PHYS_s01_T3_test,0,626,20.866666666666667,0.5847533990465824,-0.4136996593368971
UBFC_PHYS_s01_T3_test,0,627,20.9,0.5095048378271347,-0.24314324497272116
UBFC_PHYS_s01_T3_test,0,628,20.933333333333334,0.40739666317914286,-0.03648208477623556
UBFC_PHYS_s01_T3_test,0,629,20.966666666666665,0.28435824050760505,0.18263666497376302
UBFC_PHYS_s01_T3_test,0,630,21.0,0.15014347497746586,0.3821486258948032
UBFC_PHYS_s01_T3_test,0,631,21.033333333333335,0.015101883965674724,0.5208698206564796
UBFC_PHYS_s01_T3_test,0,632,21.066666666666666,-0.11351680684187905,0.5927562471649037
UBFC_PHYS_s01_T3_test,0,633,21.1,-0.231451088954543,0.6260354471333789
UBFC_PHYS_s01_T3_test,0,634,21.133333333333333,-0.33606957182177555,0.6371500718523989
UBFC_PHYS_s01_T3_test,0,635,21.166666666666668,-0.4265328439474322,0.6300107123718797
UBFC_PHYS_s01_T3_test,0,636,21.2,-0.502961460947734,0.6043971033545339
UBFC_PHYS_s01_T3_test,0,637,21.233333333333334,-0.562890690753299,0.5559980806684269
UBFC_PHYS_s01_T3_test,0,638,21.266666666666666,-0.597273507360204,0.4985550541801916
UBFC_PHYS_s01_T3_test,0,639,21.3,-0.590419175497008,0.4638139676612907
UBFC_PHYS_s01_T3_test,0,640,21.333333333333332,-0.5278615749965052,0.4398097292060217
UBFC_PHYS_s01_T3_test,0,641,21.366666666666667,-0.4089888608292017,0.37147735590151915
UBFC_PHYS_s01_T3_test,0,642,21.4,-0.25230515716384855,0.23737568437185305
UBFC_PHYS_s01_T3_test,0,643,21.433333333333334,-0.08653999668982777,0.050823753443347566
UBFC_PHYS_s01_T3_test,0,644,21.466666666666665,0.0632571899127577,-0.16926464230539778
UBFC_PHYS_s01_T3_test,0,645,21.5,0.18285101042638013,-0.3975554447365882
UBFC_PHYS_s01_T3_test,0,646,21.533333333333335,0.269186721300503,-0.6141078921524784
UBFC_PHYS_s01_T3_test,0,647,21.566666666666666,0.32795799935749087,-0.8032826327800596
UBFC_PHYS_s01_T3_test,0,648,21.6,0.3682909322009724,-0.9484935754639203
UBFC_PHYS_s01_T3_test,0,649,21.633333333333333,0.39642399442514936,-1.0313096004367766
UBFC_PHYS_s01_T3_test,0,650,21.666666666666668,0.4123835938711574,-1.0405894456241207
UBFC_PHYS_s01_T3_test,0,651,21.7,0.41060597246896224,-0.9722030496768794
UBFC_PHYS_s01_T3_test,0,652,21.733333333333334,0.38385629092698986,-0.8298180528918879
UBFC_PHYS_s01_T3_test,0,653,21.766666666666666,0.3287927837761243,-0.6252930586924981
UBFC_PHYS_s01_T3_test,0,654,21.8,0.2488694409486888,-0.3681641600485366
UBFC_PHYS_s01_T3_test,0,655,21.833333333333332,0.15224932269352728,-0.06685629542225106
UBFC_PHYS_s01_T3_test,0,656,21.866666666666667,0.04785918320195116,0.26498983550057736
UBFC_PHYS_s01_T3_test,0,657,21.9,-0.056873760761875156,0.6067264371267999
UBFC_PHYS_s01_T3_test,0,658,21.933333333333334,-0.15621406829134826,0.9225463749091811
UBFC_PHYS_s01_T3_test,0,659,21.966666666666665,-0.24574621128328747,1.160044575390693
UBFC_PHYS_s01_T3_test,0,660,22.0,-0.3225966829683479,1.2894482959216884
UBFC_PHYS_s01_T3_test,0,661,22.033333333333335,-0.38475000564580164,1.3027632227333017
UBFC_PHYS_s01_T3_test,0,662,22.066666666666666,-0.4277069233874177,1.2010711083933583
UBFC_PHYS_s01_T3_test,0,663,22.1,-0.4416706617173234,0.9944096667260975
UBFC_PHYS_s01_T3_test,0,664,22.133333333333333,-0.4144344670571882,0.7038495265732183
UBFC_PHYS_s01_T3_test,0,665,22.166666666666668,-0.3394273545770332,0.3623909505499882
UBFC_PHYS_s01_T3_test,0,666,22.2,-0.22276857559163926,0.004723986642814863
UBFC_PHYS_s01_T3_test,0,667,22.233333333333334,-0.08393231433077072,-0.33128927600110486
UBFC_PHYS_s01_T3_test,0,668,22.266666666666666,0.05127776840700132,-0.6206959225575625
UBFC_PHYS_s01_T3_test,0,669,22.3,0.16218183852338375,-0.8497241894228591
UBFC_PHYS_s01_T3_test,0,670,22.333333333333332,0.24087003422668,-1.0089842780905893
UBFC_PHYS_s01_T3_test,0,671,22.366666666666667,0.2900656743760256,-1.0920630341128825
UBFC_PHYS_s01_T3_test,0,672,22.4,0.3160063604386682,-1.0984070190925868
UBFC_PHYS_s01_T3_test,0,673,22.433333333333334,0.32430301233888736,-1.0327200592175494
UBFC_PHYS_s01_T3_test,0,674,22.466666666666665,0.3190924104095618,-0.9007209806870753
UBFC_PHYS_s01_T3_test,0,675,22.5,0.3024361284784206,-0.7094417020452514
UBFC_PHYS_s01_T3_test,0,676,22.533333333333335,0.27436542665333724,-0.4707481348893271
UBFC_PHYS_s01_T3_test,0,677,22.566666666666666,0.23442211100147525,-0.20237557134971706
UBFC_PHYS_s01_T3_test,0,678,22.6,0.18312015513122237,0.07954376928833866
UBFC_PHYS_s01_T3_test,0,679,22.633333333333333,0.1224982319196019,0.359006193239956
UBFC_PHYS_s01_T3_test,0,680,22.666666666666668,0.05632145949957562,0.6221124163308367
UBFC_PHYS_s01_T3_test,0,681,22.7,-0.011158761028113976,0.855446808304255
UBFC_PHYS_s01_T3_test,0,682,22.733333333333334,-0.07796805299892341,1.0394197115859263
UBFC_PHYS_s01_T3_test,0,683,22.766666666666666,-0.14492428979177086,1.1471461454545853
UBFC_PHYS_s01_T3_test,0,684,22.8,-0.21266484121429433,1.1616372434570679
UBFC_PHYS_s01_T3_test,0,685,22.833333333333332,-0.2785482519080664,1.075514348944319
UBFC_PHYS_s01_T3_test,0,686,22.866666666666667,-0.3348021763053526,0.8917960918462776
UBFC_PHYS_s01_T3_test,0,687,22.9,-0.3681113190402542,0.6244368333085883
UBFC_PHYS_s01_T3_test,0,688,22.933333333333334,-0.3631203560682109,0.296443099615759
UBFC_PHYS_s01_T3_test,0,689,22.966666666666665,-0.3096746117766238,-0.05885636883804468
UBFC_PHYS_s01_T3_test,0,690,23.0,-0.20940873764616597,-0.40862687277119025
UBFC_PHYS_s01_T3_test,0,691,23.033333333333335,-0.07820925509387396,-0.7189084077033094
UBFC_PHYS_s01_T3_test,0,692,23.066666666666666,0.057177365500682746,-0.9654269531918158
UBFC_PHYS_s01_T3_test,0,693,23.1,0.16848863681727722,-1.132056896081924
UBFC_PHYS_s01_T3_test,0,694,23.133333333333333,0.2371739804477647,-1.2143969486900015
UBFC_PHYS_s01_T3_test,0,695,23.166666666666668,0.261041588822757,-1.2187024680981655
UBFC_PHYS_s01_T3_test,0,696,23.2,0.2523563434457472,-1.1493473382651453
UBFC_PHYS_s01_T3_test,0,697,23.233333333333334,0.22897751217556755,-1.0086837222386429
UBFC_PHYS_s01_T3_test,0,698,23.266666666666666,0.20483001796220673,-0.8007372701974047
UBFC_PHYS_s01_T3_test,0,699,23.3,0.18560732787588677,-0.5321320768308619
UBFC_PHYS_s01_T3_test,0,700,23.333333333333332,0.17021751366822208,-0.212667963239942
UBFC_PHYS_s01_T3_test,0,701,23.366666666666667,0.15454200049738928,0.14299335490437026
UBFC_PHYS_s01_T3_test,0,702,23.4,0.1349175294082159,0.516332417177552
UBFC_PHYS_s01_T3_test,0,703,23.433333333333334,0.10954065788153014,0.8829116751472897
UBFC_PHYS_s01_T3_test,0,704,23.466666666666665,0.07725295832454364,1.2083561993200702
UBFC_PHYS_s01_T3_test,0,705,23.5,0.03696789850416404,1.4466806399953658
UBFC_PHYS_s01_T3_test,0,706,23.533333333333335,-0.01057589391909998,1.5656347956530232
UBFC_PHYS_s01_T3_test,0,707,23.566666666666666,-0.06265133502494112,1.54590565413454
UBFC_PHYS_s01_T3_test,0,708,23.6,-0.11656828804616483,1.3880835228406383
UBFC_PHYS_s01_T3_test,0,709,23.633333333333333,-0.1690025215914645,1.1127885101509944
UBFC_PHYS_s01_T3_test,0,710,23.666666666666668,-0.21280344128547574,0.7439687459831437
UBFC_PHYS_s01_T3_test,0,711,23.7,-0.23649262993889264,0.31020510739250273
UBFC_PHYS_s01_T3_test,0,712,23.733333333333334,-0.22852689871783796,-0.14972638099107233
UBFC_PHYS_s01_T3_test,0,713,23.766666666666666,-0.18441799199519757,-0.5848285410801067
UBFC_PHYS_s01_T3_test,0,714,23.8,-0.11206958891273539,-0.9543956867937752
UBFC_PHYS_s01_T3_test,0,715,23.833333333333332,-0.02992167552008522,-1.2260310823073692
UBFC_PHYS_s01_T3_test,0,716,23.866666666666667,0.04100419645936913,-1.3880681893687266
UBFC_PHYS_s01_T3_test,0,717,23.9,0.08369490736543878,-1.4479312164547502
UBFC_PHYS_s01_T3_test,0,718,23.933333333333334,0.08791195651280687,-1.4162681860052542
UBFC_PHYS_s01_T3_test,0,719,23.966666666666665,0.05226568236924263,-1.306202645709898
UBFC_PHYS_s01_T3_test,0,720,24.0,-0.01642562142025847,-1.121288096048603
UBFC_PHYS_s01_T3_test,0,721,24.033333333333335,-0.10955140897895324,-0.8562014381449435
UBFC_PHYS_s01_T3_test,0,722,24.066666666666666,-0.22179396828327647,-0.523151540680906
UBFC_PHYS_s01_T3_test,0,723,24.1,-0.34870274660883877,-0.1534511369094191
UBFC_PHYS_s01_T3_test,0,724,24.133333333333333,-0.4833379136602834,0.22107431481348017
UBFC_PHYS_s01_T3_test,0,725,24.166666666666668,-0.6170936173967434,0.5663210484642118
UBFC_PHYS_s01_T3_test,0,726,24.2,-0.7399131567797859,0.8771518642456164
UBFC_PHYS_s01_T3_test,0,727,24.233333333333334,-0.8377945671373732,1.1750383742385262
UBFC_PHYS_s01_T3_test,0,728,24.266666666666666,-0.8932793799517932,1.438796461121008
UBFC_PHYS_s01_T3_test,0,729,24.3,-0.8913456686785226,1.6030420507759762
UBFC_PHYS_s01_T3_test,0,730,24.333333333333332,-0.8224899502403203,1.6218606039248662
UBFC_PHYS_s01_T3_test,0,731,24.366666666666667,-0.6765218295038102,1.4689519272707698
UBFC_PHYS_s01_T3_test,0,732,24.4,-0.436567039110455,1.1625650498980815
UBFC_PHYS_s01_T3_test,0,733,24.433333333333334,-0.08664673417611267,0.7660878128554314
UBFC_PHYS_s01_T3_test,0,734,24.466666666666665,0.37188008346053214,0.32705929484188245
UBFC_PHYS_s01_T3_test,0,735,24.5,0.9126376496505012,-0.12132273673545563
UBFC_PHYS_s01_T3_test,0,736,24.533333333333335,1.4900943012101666,-0.5453777532524373
UBFC_PHYS_s01_T3_test,0,737,24.566666666666666,2.0450302112658933,-0.908656517520884
UBFC_PHYS_s01_T3_test,0,738,24.6,2.4998428572709033,-1.187778173220655
UBFC_PHYS_s01_T3_test,0,739,24.633333333333333,2.7569196707725836,-1.3704613842603393
UBFC_PHYS_s01_T3_test,0,740,24.666666666666668,2.726426367696287,-1.4540388955215162
UBFC_PHYS_s01_T3_test,0,741,24.7,2.3836341476433507,-1.444200393437055
UBFC_PHYS_s01_T3_test,0,742,24.733333333333334,1.8033810012369142,-1.3475888095605089
UBFC_PHYS_s01_T3_test,0,743,24.766666666666666,1.1227284363375019,-1.1716753298790172
UBFC_PHYS_s01_T3_test,0,744,24.8,0.4652532800401734,-0.919540122432453
UBFC_PHYS_s01_T3_test,0,745,24.833333333333332,-0.10146841375898807,-0.5910615736680477
UBFC_PHYS_s01_T3_test,0,746,24.866666666666667,-0.5637813309730685,-0.20788619402745326
UBFC_PHYS_s01_T3_test,0,747,24.9,-0.9432263558583658,0.18480729571687599
UBFC_PHYS_s01_T3_test,0,748,24.933333333333334,-1.2691797138860808,0.5515975121438825
UBFC_PHYS_s01_T3_test,0,749,24.966666666666665,-1.5532279493309082,0.8649858265845967
UBFC_PHYS_s01_T3_test,0,750,25.0,-1.7865874498899932,1.1182197420437345
UBFC_PHYS_s01_T3_test,0,751,25.033333333333335,-1.9528469384732343,1.3232044228621391
UBFC_PHYS_s01_T3_test,0,752,25.066666666666666,-2.0307508579612845,1.4605724317683826
UBFC_PHYS_s01_T3_test,0,753,25.1,-1.99182832532955,1.4787486944592623
UBFC_PHYS_s01_T3_test,0,754,25.133333333333333,-1.8144939140039482,1.3589614277692883
UBFC_PHYS_s01_T3_test,0,755,25.166666666666668,-1.5069784128067938,1.1156471520517652
UBFC_PHYS_s01_T3_test,0,756,25.2,-1.1122767345717273,0.7754652738267542
UBFC_PHYS_s01_T3_test,0,757,25.233333333333334,-0.6903550730951539,0.37828645242563763
UBFC_PHYS_s01_T3_test,0,758,25.266666666666666,-0.2956250409161253,-0.04036588764843961
UBFC_PHYS_s01_T3_test,0,759,25.3,0.037134569215416996,-0.44746710546619967
UBFC_PHYS_s01_T3_test,0,760,25.333333333333332,0.29616618605573075,-0.8096029654586407
UBFC_PHYS_s01_T3_test,0,761,25.366666666666667,0.48592539927794703,-1.0909854469294151
UBFC_PHYS_s01_T3_test,0,762,25.4,0.6158726634519094,-1.2732233072518508
UBFC_PHYS_s01_T3_test,0,763,25.433333333333334,0.6941060871910063,-1.3538119263692336
UBFC_PHYS_s01_T3_test,0,764,25.466666666666665,0.7274437410000861,-1.3398649245383603
UBFC_PHYS_s01_T3_test,0,765,25.5,0.7224100404975311,-1.2473217262789018
UBFC_PHYS_s01_T3_test,0,766,25.533333333333335,0.6842800459512024,-1.0837674468026117
UBFC_PHYS_s01_T3_test,0,767,25.566666666666666,0.6162387371729053,-0.8488843299923622
UBFC_PHYS_s01_T3_test,0,768,25.6,0.5207047676630373,-0.5477063403424828
UBFC_PHYS_s01_T3_test,0,769,25.633333333333333,0.40190876861959324,-0.19217862234877262
UBFC_PHYS_s01_T3_test,0,770,25.666666666666668,0.26738383325853393,0.19743989097143258
UBFC_PHYS_s01_T3_test,0,771,25.7,0.12747897275182207,0.5905836570934431
UBFC_PHYS_s01_T3_test,0,772,25.733333333333334,-0.0058638419235469905,0.9454104875069966
UBFC_PHYS_s01_T3_test,0,773,25.766666666666666,-0.11938153851250234,1.2071632084209334
UBFC_PHYS_s01_T3_test,0,774,25.8,-0.19816738773414416,1.3526164489577845
UBFC_PHYS_s01_T3_test,0,775,25.833333333333332,-0.22796873957033842,1.388855204486193
UBFC_PHYS_s01_T3_test,0,776,25.866666666666667,-0.20166846538422734,1.326372838215698
UBFC_PHYS_s01_T3_test,0,777,25.9,-0.12526831536293043,1.1785124873371922
UBFC_PHYS_s01_T3_test,0,778,25.933333333333334,-0.017127299571327453,0.9531303195406944
UBFC_PHYS_s01_T3_test,0,779,25.966666666666665,0.09912840803445236,0.6534520979678925
UBFC_PHYS_s01_T3_test,0,780,26.0,0.20253684478073986,0.30196992274864826
UBFC_PHYS_s01_T3_test,0,781,26.033333333333335,0.28063840296338366,-0.05801860804259254
UBFC_PHYS_s01_T3_test,0,782,26.066666666666666,0.33186474776555447,-0.39224021473645315
UBFC_PHYS_s01_T3_test,0,783,26.1,0.3619547816452847,-0.6738056040616051
UBFC_PHYS_s01_T3_test,0,784,26.133333333333333,0.3765813342628006,-0.8869514796450396
UBFC_PHYS_s01_T3_test,0,785,26.166666666666668,0.37732628449784744,-1.02543056116963
UBFC_PHYS_s01_T3_test,0,786,26.2,0.36271572025273163,-1.091477442383134
UBFC_PHYS_s01_T3_test,0,787,26.233333333333334,0.32936124195453764,-1.094716608201987
UBFC_PHYS_s01_T3_test,0,788,26.266666666666666,0.27290288882821545,-1.043505256444506
UBFC_PHYS_s01_T3_test,0,789,26.3,0.1922617485723582,-0.9446519016252011
UBFC_PHYS_s01_T3_test,0,790,26.333333333333332,0.09256860762995431,-0.8023899158010763
UBFC_PHYS_s01_T3_test,0,791,26.366666666666667,-0.018739736154717815,-0.6189666991068239
UBFC_PHYS_s01_T3_test,0,792,26.4,-0.13600699302857103,-0.3980943127590909
UBFC_PHYS_s01_T3_test,0,793,26.433333333333334,-0.2536043975165936,-0.146177442978429
UBFC_PHYS_s01_T3_test,0,794,26.466666666666665,-0.36473992376353104,0.11991638168140652
UBFC_PHYS_s01_T3_test,0,795,26.5,-0.464846291314791,0.37150555769815025
UBFC_PHYS_s01_T3_test,0,796,26.533333333333335,-0.5521829987595069,0.5875707155915766
UBFC_PHYS_s01_T3_test,0,797,26.566666666666666,-0.6219986938540284,0.7535224853169675
UBFC_PHYS_s01_T3_test,0,798,26.6,-0.6618599326559267,0.8698052886074056
UBFC_PHYS_s01_T3_test,0,799,26.633333333333333,-0.6539526512539651,0.950666082618068
UBFC_PHYS_s01_T3_test,0,800,26.666666666666668,-0.5825251731514068,0.9971806587076446
UBFC_PHYS_s01_T3_test,0,801,26.7,-0.4438557574473633,0.9966263280549665
UBFC_PHYS_s01_T3_test,0,802,26.733333333333334,-0.25363887201952534,0.9422518828497727
UBFC_PHYS_s01_T3_test,0,803,26.766666666666666,-0.042581466527123225,0.8334747414571166
UBFC_PHYS_s01_T3_test,0,804,26.8,0.15857118097579073,0.6700932622294766
UBFC_PHYS_s01_T3_test,0,805,26.833333333333332,0.3293818710950136,0.45308503948122536
UBFC_PHYS_s01_T3_test,0,806,26.866666666666667,0.45904612153684093,0.18878711347600508
UBFC_PHYS_s01_T3_test,0,807,26.9,0.5436077884817656,-0.10970967658501307
UBFC_PHYS_s01_T3_test,0,808,26.933333333333334,0.5849353123775999,-0.42196496058380845
UBFC_PHYS_s01_T3_test,0,809,26.966666666666665,0.5878879035571829,-0.7186164280184658
UBFC_PHYS_s01_T3_test,0,810,27.0,0.5574463998819547,-0.9765291785943492
UBFC_PHYS_s01_T3_test,0,811,27.033333333333335,0.49891391341845015,-1.1773231373813338
UBFC_PHYS_s01_T3_test,0,812,27.066666666666666,0.41837841819779187,-1.3056072605707303
UBFC_PHYS_s01_T3_test,0,813,27.1,0.3218441687042839,-1.3479876724557789
UBFC_PHYS_s01_T3_test,0,814,27.133333333333333,0.21566865023199236,-1.2975731525546623
UBFC_PHYS_s01_T3_test,0,815,27.166666666666668,0.10699844426743066,-1.1538947245221518
UBFC_PHYS_s01_T3_test,0,816,27.2,0.0006836671377991876,-0.9252599045736385
UBFC_PHYS_s01_T3_test,0,817,27.233333333333334,-0.10363642079070999,-0.6295879520535388
UBFC_PHYS_s01_T3_test,0,818,27.266666666666666,-0.2081896974963763,-0.2911469320683415
UBFC_PHYS_s01_T3_test,0,819,27.3,-0.3111361425802138,0.05796766809397268
UBFC_PHYS_s01_T3_test,0,820,27.333333333333332,-0.40653997634895656,0.4056428806233001
UBFC_PHYS_s01_T3_test,0,821,27.366666666666667,-0.48886349107416993,0.7575329257615472
UBFC_PHYS_s01_T3_test,0,822,27.4,-0.5530865492909192,1.0988320708477892
UBFC_PHYS_s01_T3_test,0,823,27.433333333333334,-0.5889897969904059,1.3921256329488918
UBFC_PHYS_s01_T3_test,0,824,27.466666666666665,-0.5791078855321737,1.5972162519762425
UBFC_PHYS_s01_T3_test,0,825,27.5,-0.5078969351112806,1.6701458311007804
UBFC_PHYS_s01_T3_test,0,826,27.533333333333335,-0.37563874581685086,1.5915218342425839
UBFC_PHYS_s01_T3_test,0,827,27.566666666666666,-0.20277765030319692,1.366545155989198
UBFC_PHYS_s01_T3_test,0,828,27.6,-0.020731588115300473,1.0208775639941479
UBFC_PHYS_s01_T3_test,0,829,27.633333333333333,0.14108917062024168,0.6015332554625269
UBFC_PHYS_s01_T3_test,0,830,27.666666666666668,0.26402812117098917,0.15465693015431736
UBFC_PHYS_s01_T3_test,0,831,27.7,0.343540271732418,-0.27276034725529086
UBFC_PHYS_s01_T3_test,0,832,27.733333333333334,0.3863539537202994,-0.6511972432258833
UBFC_PHYS_s01_T3_test,0,833,27.766666666666666,0.40266660925570374,-0.9663378264133894
UBFC_PHYS_s01_T3_test,0,834,27.8,0.39967067425029396,-1.2026160170078668
UBFC_PHYS_s01_T3_test,0,835,27.833333333333332,0.3807655855108887,-1.3413537862079665
UBFC_PHYS_s01_T3_test,0,836,27.866666666666667,0.34836696005730194,-1.3768327465247476
UBFC_PHYS_s01_T3_test,0,837,27.9,0.3065349038130718,-1.3154230974288796
UBFC_PHYS_s01_T3_test,0,838,27.933333333333334,0.2611499589644378,-1.169949603335118
UBFC_PHYS_s01_T3_test,0,839,27.966666666666665,0.21765507736652034,-0.9597372540747446
UBFC_PHYS_s01_T3_test,0,840,28.0,0.17795891109019615,-0.6988170772553066
UBFC_PHYS_s01_T3_test,0,841,28.033333333333335,0.13795232206773692,-0.3970209421033811
UBFC_PHYS_s01_T3_test,0,842,28.066666666666666,0.08904035954771082,-0.06535516833087257
UBFC_PHYS_s01_T3_test,0,843,28.1,0.02520479967076247,0.2821479592532589
UBFC_PHYS_s01_T3_test,0,844,28.133333333333333,-0.05151792849084413,0.6179725878478318
UBFC_PHYS_s01_T3_test,0,845,28.166666666666668,-0.13301260450559257,0.8994103912875402
UBFC_PHYS_s01_T3_test,0,846,28.2,-0.21012217972156813,1.0966560122106999
UBFC_PHYS_s01_T3_test,0,847,28.233333333333334,-0.27557928623428773,1.1916407881986328
UBFC_PHYS_s01_T3_test,0,848,28.266666666666666,-0.32376149274886523,1.1899535527686114
UBFC_PHYS_s01_T3_test,0,849,28.3,-0.34751279870106266,1.1200011014360678
UBFC_PHYS_s01_T3_test,0,850,28.333333333333332,-0.33742256277667276,0.9862307605870645
UBFC_PHYS_s01_T3_test,0,851,28.366666666666667,-0.2882757863389564,0.7695192699969842
UBFC_PHYS_s01_T3_test,0,852,28.4,-0.20628436245257803,0.4783638564578633
UBFC_PHYS_s01_T3_test,0,853,28.433333333333334,-0.10973844224328194,0.15021836054534585
UBFC_PHYS_s01_T3_test,0,854,28.466666666666665,-0.023786838020788105,-0.18165672214978093
UBFC_PHYS_s01_T3_test,0,855,28.5,0.028873076876583057,-0.48676625850344707
UBFC_PHYS_s01_T3_test,0,856,28.533333333333335,0.03802313385651182,-0.7441972303587148
UBFC_PHYS_s01_T3_test,0,857,28.566666666666666,0.008214273438583518,-0.9410013379963041
UBFC_PHYS_s01_T3_test,0,858,28.6,-0.04885707049346658,-1.0669161835514358
UBFC_PHYS_s01_T3_test,0,859,28.633333333333333,-0.12280748812418735,-1.113226383918264
UBFC_PHYS_s01_T3_test,0,860,28.666666666666668,-0.20716965938243964,-1.0790308197612348
UBFC_PHYS_s01_T3_test,0,861,28.7,-0.29825597162977907,-0.9709274858180028
UBFC_PHYS_s01_T3_test,0,862,28.733333333333334,-0.3932247742559132,-0.8005975603142418
UBFC_PHYS_s01_T3_test,0,863,28.766666666666666,-0.48695003274250337,-0.5852511448651533
UBFC_PHYS_s01_T3_test,0,864,28.8,-0.5683875617361125,-0.330829685267708
UBFC_PHYS_s01_T3_test,0,865,28.833333333333332,-0.620134934077654,-0.03339983906494581
UBFC_PHYS_s01_T3_test,0,866,28.866666666666667,-0.6231154923763742,0.2865723570527291
UBFC_PHYS_s01_T3_test,0,867,28.9,-0.5629762161371494,0.5826497584284208
UBFC_PHYS_s01_T3_test,0,868,28.933333333333334,-0.43267270505385025,0.8206052307119681
UBFC_PHYS_s01_T3_test,0,869,28.966666666666665,-0.23034287249041918,0.9772558700513653
UBFC_PHYS_s01_T3_test,0,870,29.0,0.04280500883270067,1.0538353684989563
UBFC_PHYS_s01_T3_test,0,871,29.033333333333335,0.3807363916346676,1.0748129671520592
UBFC_PHYS_s01_T3_test,0,872,29.066666666666666,0.7685886328006012,1.0379500376975537
UBFC_PHYS_s01_T3_test,0,873,29.1,1.1816186761760519,0.9142032154340021
UBFC_PHYS_s01_T3_test,0,874,29.133333333333333,1.588689132915997,0.7012394461659767
UBFC_PHYS_s01_T3_test,0,875,29.166666666666668,1.9522076004895186,0.42439157053748827
UBFC_PHYS_s01_T3_test,0,876,29.2,2.217856697047192,0.10813074170072148
UBFC_PHYS_s01_T3_test,0,877,29.233333333333334,2.309701119675393,-0.22264388214797723
UBFC_PHYS_s01_T3_test,0,878,29.266666666666666,2.156610758361778,-0.5386521997939925
UBFC_PHYS_s01_T3_test,0,879,29.3,1.7405749280094787,-0.8046928038066439
UBFC_PHYS_s01_T3_test,0,880,29.333333333333332,1.1182724005634914,-0.9981569275616731
UBFC_PHYS_s01_T3_test,0,881,29.366666666666667,0.39238157119778544,-1.1077642832982681
UBFC_PHYS_s01_T3_test,0,882,29.4,-0.3358205850287315,-1.130189037544784
UBFC_PHYS_s01_T3_test,0,883,29.433333333333334,-0.9946348263989406,-1.0693715135028756
UBFC_PHYS_s01_T3_test,0,884,29.466666666666665,-1.5415363582055244,-0.9303599007028204
UBFC_PHYS_s01_T3_test,0,885,29.5,-1.9442525465220937,-0.7196148697024739
UBFC_PHYS_s01_T3_test,0,886,29.533333333333335,-2.1660637449539535,-0.4526791833203432
UBFC_PHYS_s01_T3_test,0,887,29.566666666666666,-2.1768930012431706,-0.15526546823298945
UBFC_PHYS_s01_T3_test,0,888,29.6,-1.9801412797924085,0.15344615450147692
UBFC_PHYS_s01_T3_test,0,889,29.633333333333333,-1.622747379332885,0.45919859790023326
UBFC_PHYS_s01_T3_test,0,890,29.666666666666668,-1.1787808441007586,0.7511448673798158
UBFC_PHYS_s01_T3_test,0,891,29.7,-0.7249208506580784,1.0199413274405893
UBFC_PHYS_s01_T3_test,0,892,29.733333333333334,-0.3227945216651189,1.239470521471029
UBFC_PHYS_s01_T3_test,0,893,29.766666666666666,-0.010985352981994538,1.365649527720701
UBFC_PHYS_s01_T3_test,0,894,29.8,0.1931769838339542,1.3651131180786564
UBFC_PHYS_s01_T3_test,0,895,29.833333333333332,0.287412261228804,1.2152682120202527
UBFC_PHYS_s01_T3_test,0,896,29.866666666666667,0.2825886078118375,0.9347693519337978
UBFC_PHYS_s01_T3_test,0,897,29.9,0.20378032257931114,0.5840682540426707
UBFC_PHYS_s01_T3_test,0,898,29.933333333333334,0.0873333673112992,0.2003124259462821
UBFC_PHYS_s01_T3_test,0,899,29.966666666666665,-0.026381517569953744,-0.20118738974605377
UBFC_PHYS_s01_T3_test,0,900,30.0,-0.10120730563108261,-0.5940811564651314
UBFC_PHYS_s01_T3_test,0,901,30.033333333333335,-0.11247868140467686,-0.9388338757435816
UBFC_PHYS_s01_T3_test,0,902,30.066666666666666,-0.052088694909676936,-1.2060374250054686
UBFC_PHYS_s01_T3_test,0,903,30.1,0.06972559168835857,-1.3747661419868784
UBFC_PHYS_s01_T3_test,0,904,30.133333333333333,0.2277832788156875,-1.435455467187013
UBFC_PHYS_s01_T3_test,0,905,30.166666666666668,0.39069604317540446,-1.3889619039440024
UBFC_PHYS_s01_T3_test,0,906,30.2,0.5302244366502248,-1.2391037212443203
UBFC_PHYS_s01_T3_test,0,907,30.233333333333334,0.6282832767115241,-0.9928963655694999
UBFC_PHYS_s01_T3_test,0,908,30.266666666666666,0.681428039679795,-0.677896612873096
UBFC_PHYS_s01_T3_test,0,909,30.3,0.697985435854801,-0.34320262285543857
UBFC_PHYS_s01_T3_test,0,910,30.333333333333332,0.6872226346221969,-0.01477456473791141
UBFC_PHYS_s01_T3_test,0,911,30.366666666666667,0.6524341709032749,0.30287441898133216
UBFC_PHYS_s01_T3_test,0,912,30.4,0.5942870280674003,0.6234817401145254
UBFC_PHYS_s01_T3_test,0,913,30.433333333333334,0.5155540909656735,0.9763222860654954
UBFC_PHYS_s01_T3_test,0,914,30.466666666666665,0.4203467816732333,1.3262869848063736
UBFC_PHYS_s01_T3_test,0,915,30.5,0.3117785860754784,1.5723350960717268
UBFC_PHYS_s01_T3_test,0,916,30.533333333333335,0.19281647783961578,1.651627970191158
UBFC_PHYS_s01_T3_test,0,917,30.566666666666666,0.0686889983159984,1.539564233028813
UBFC_PHYS_s01_T3_test,0,918,30.6,-0.05337323053560607,1.264048927954648
UBFC_PHYS_s01_T3_test,0,919,30.633333333333333,-0.1677481563958495,0.9055030199465046
UBFC_PHYS_s01_T3_test,0,920,30.666666666666668,-0.27382801965306325,0.5124505844369202
UBFC_PHYS_s01_T3_test,0,921,30.7,-0.37560967349501784,0.10272078712579524
UBFC_PHYS_s01_T3_test,0,922,30.733333333333334,-0.47761069883025276,-0.29633056908749095
UBFC_PHYS_s01_T3_test,0,923,30.766666666666666,-0.5799560551939212,-0.6456294034020048
UBFC_PHYS_s01_T3_test,0,924,30.8,-0.674795541103075,-0.9217135716754035
UBFC_PHYS_s01_T3_test,0,925,30.833333333333332,-0.7451492935465502,-1.1148593578060912
UBFC_PHYS_s01_T3_test,0,926,30.866666666666667,-0.7683686669136244,-1.221770999479788
UBFC_PHYS_s01_T3_test,0,927,30.9,-0.7258910723971969,-1.244252960050584
UBFC_PHYS_s01_T3_test,0,928,30.933333333333334,-0.6145245280131931,-1.190203494223315
UBFC_PHYS_s01_T3_test,0,929,30.966666666666665,-0.4494011433341483,-1.0732029627463808
UBFC_PHYS_s01_T3_test,0,930,31.0,-0.25617108839825903,-0.9029225595076682
UBFC_PHYS_s01_T3_test,0,931,31.033333333333335,-0.060960197813104654,-0.6856798228200498
UBFC_PHYS_s01_T3_test,0,932,31.066666666666666,0.11614033520105557,-0.4274746218844582
UBFC_PHYS_s01_T3_test,0,933,31.1,0.2655432684229244,-0.1353855146539336
UBFC_PHYS_s01_T3_test,0,934,31.133333333333333,0.38899499349186945,0.17919717322026657
UBFC_PHYS_s01_T3_test,0,935,31.166666666666668,0.4942495982600405,0.49878350220582485
UBFC_PHYS_s01_T3_test,0,936,31.2,0.5884590003418962,0.7847295909969851
UBFC_PHYS_s01_T3_test,0,937,31.233333333333334,0.6735126989161518,0.9760360062951512
UBFC_PHYS_s01_T3_test,0,938,31.266666666666666,0.7402752163193187,1.0633311380342882
UBFC_PHYS_s01_T3_test,0,939,31.3,0.7656184886786999,1.087752095400931
UBFC_PHYS_s01_T3_test,0,940,31.333333333333332,0.7216262168402707,1.070400302718893
UBFC_PHYS_s01_T3_test,0,941,31.366666666666667,0.5941380415619365,1.0115530187226502
UBFC_PHYS_s01_T3_test,0,942,31.4,0.39552525436003905,0.8901906954064185
UBFC_PHYS_s01_T3_test,0,943,31.433333333333334,0.1601875055145756,0.6650332815553613
UBFC_PHYS_s01_T3_test,0,944,31.466666666666665,-0.07325393929669484,0.35059126239534466
UBFC_PHYS_s01_T3_test,0,945,31.5,-0.27682321836077584,0.018382227025685267
UBFC_PHYS_s01_T3_test,0,946,31.533333333333335,-0.4355965336741771,-0.2921186669782317
UBFC_PHYS_s01_T3_test,0,947,31.566666666666666,-0.5425341286250192,-0.5722084198887216
UBFC_PHYS_s01_T3_test,0,948,31.6,-0.5924655224431656,-0.8074592883861772
UBFC_PHYS_s01_T3_test,0,949,31.633333333333333,-0.5795408053213711,-0.9761027233022908
UBFC_PHYS_s01_T3_test,0,950,31.666666666666668,-0.5026034824175657,-1.0640456541910193
UBFC_PHYS_s01_T3_test,0,951,31.7,-0.37412445876449263,-1.0640533901533396
UBFC_PHYS_s01_T3_test,0,952,31.733333333333334,-0.220498668201082,-0.9799846420701637
UBFC_PHYS_s01_T3_test,0,953,31.766666666666666,-0.07197793889209639,-0.8266808573769356
UBFC_PHYS_s01_T3_test,0,954,31.8,0.047957229128124286,-0.6231801532734995
UBFC_PHYS_s01_T3_test,0,955,31.833333333333332,0.12869580229760436,-0.39328445284330804
UBFC_PHYS_s01_T3_test,0,956,31.866666666666667,0.17413884734191212,-0.1600593400801977
UBFC_PHYS_s01_T3_test,0,957,31.9,0.19707454425610785,0.05315222029547059
UBFC_PHYS_s01_T3_test,0,958,31.933333333333334,0.20815481457000118,0.2373860348139734
UBFC_PHYS_s01_T3_test,0,959,31.966666666666665,0.20988878652650253,0.39674844394795533
UBFC_PHYS_s01_T3_test,0,960,32.0,0.19937519168788867,0.5287871820638997
UBFC_PHYS_s01_T3_test,0,961,32.03333333333333,0.1724426463331443,0.6233811407097316
UBFC_PHYS_s01_T3_test,0,962,32.06666666666667,0.12558839713146044,0.6802463328403999
UBFC_PHYS_s01_T3_test,0,963,32.1,0.05870407206956452,0.7082343809276546
UBFC_PHYS_s01_T3_test,0,964,32.13333333333333,-0.022765148932862297,0.7060322848180143
UBFC_PHYS_s01_T3_test,0,965,32.166666666666664,-0.1104757462221446,0.6619804132069171
UBFC_PHYS_s01_T3_test,0,966,32.2,-0.19779744881555783,0.5764555851741263
UBFC_PHYS_s01_T3_test,0,967,32.233333333333334,-0.27965217798974146,0.4621718237161551
UBFC_PHYS_s01_T3_test,0,968,32.266666666666666,-0.3476169678906095,0.32266137250374954
UBFC_PHYS_s01_T3_test,0,969,32.3,-0.3869947802473819,0.15300254570500962
UBFC_PHYS_s01_T3_test,0,970,32.333333333333336,-0.3806212234748579,-0.03842796768860647
UBFC_PHYS_s01_T3_test,0,971,32.36666666666667,-0.318302493347426,-0.2289584339623819
UBFC_PHYS_s01_T3_test,0,972,32.4,-0.2058594432254444,-0.40447560255192627
UBFC_PHYS_s01_T3_test,0,973,32.43333333333333,-0.0654286094849096,-0.5584369018267612
UBFC_PHYS_s01_T3_test,0,974,32.46666666666667,0.07493830978709894,-0.6768366265842208
UBFC_PHYS_s01_T3_test,0,975,32.5,0.19331040289627408,-0.7374751127361325
UBFC_PHYS_s01_T3_test,0,976,32.53333333333333,0.27896856019056293,-0.7130924521463977
UBFC_PHYS_s01_T3_test,0,977,32.56666666666667,0.33130481719827476,-0.5716897654194307
UBFC_PHYS_s01_T3_test,0,978,32.6,0.3559084643723376,-0.3305573317567932
UBFC_PHYS_s01_T3_test,0,979,32.63333333333333,0.35947903948182813,-0.05676308191285279
UBFC_PHYS_s01_T3_test,0,980,32.666666666666664,0.34634088818726466,0.20940085139323306
UBFC_PHYS_s01_T3_test,0,981,32.7,0.31824934165968827,0.45364149295159106
UBFC_PHYS_s01_T3_test,0,982,32.733333333333334,0.2748415741263157,0.6377555100796839
UBFC_PHYS_s01_T3_test,0,983,32.766666666666666,0.21316629386382835,0.6990039496913717
UBFC_PHYS_s01_T3_test,0,984,32.8,0.12963225302573989,0.6376338492734323
UBFC_PHYS_s01_T3_test,0,985,32.833333333333336,0.024975624390356613,0.516458144183838
UBFC_PHYS_s01_T3_test,0,986,32.86666666666667,-0.09362059319099537,0.37025717616098064
UBFC_PHYS_s01_T3_test,0,987,32.9,-0.2155863330544994,0.20567314023534522
UBFC_PHYS_s01_T3_test,0,988,32.93333333333333,-0.32949340762054863,0.031562509986251853
UBFC_PHYS_s01_T3_test,0,989,32.96666666666667,-0.4215641551303243,-0.14005075100523742
UBFC_PHYS_s01_T3_test,0,990,33.0,-0.47485355940470597,-0.29652464726805333
UBFC_PHYS_s01_T3_test,0,991,33.03333333333333,-0.4739288559997147,-0.42370671673883337
UBFC_PHYS_s01_T3_test,0,992,33.06666666666667,-0.4125986728966636,-0.5175449800472096
UBFC_PHYS_s01_T3_test,0,993,33.1,-0.29875931464997785,-0.5832721441518759
UBFC_PHYS_s01_T3_test,0,994,33.13333333333333,-0.15280887146129285,-0.6119655840551466
UBFC_PHYS_s01_T3_test,0,995,33.166666666666664,-0.00039445603953550904,-0.5803207952303734
UBFC_PHYS_s01_T3_test,0,996,33.2,0.13576109854426224,-0.4877886280019696
UBFC_PHYS_s01_T3_test,0,997,33.233333333333334,0.24146915696709279,-0.3568148154377316
UBFC_PHYS_s01_T3_test,0,998,33.266666666666666,0.3139149639408595,-0.1841348475294849
UBFC_PHYS_s01_T3_test,0,999,33.3,0.35952246158559725,0.0581882345268623
UBFC_PHYS_s01_T3_test,0,1000,33.333333333333336,0.3860734961184874,0.35383213446851963
UBFC_PHYS_s01_T3_test,0,1001,33.36666666666667,0.3961911353433451,0.6409386362664363
UBFC_PHYS_s01_T3_test,0,1002,33.4,0.38780646274759395,0.859917948497907
UBFC_PHYS_s01_T3_test,0,1003,33.43333333333333,0.35726383043164883,0.9530957431353078
UBFC_PHYS_s01_T3_test,0,1004,33.46666666666667,0.30005811948864286,0.9051998539446248
UBFC_PHYS_s01_T3_test,0,1005,33.5,0.2120694296596234,0.7431205098571052
UBFC_PHYS_s01_T3_test,0,1006,33.53333333333333,0.09472894348113578,0.4958380192221622
UBFC_PHYS_s01_T3_test,0,1007,33.56666666666667,-0.04130600382243608,0.19473734044037325
UBFC_PHYS_s01_T3_test,0,1008,33.6,-0.17992732124879038,-0.12314090614007688
UBFC_PHYS_s01_T3_test,0,1009,33.63333333333333,-0.30487867602063595,-0.41402455200382754
UBFC_PHYS_s01_T3_test,0,1010,33.666666666666664,-0.39929001708311135,-0.652415209265056
UBFC_PHYS_s01_T3_test,0,1011,33.7,-0.4446936374182498,-0.8297603590607642
UBFC_PHYS_s01_T3_test,0,1012,33.733333333333334,-0.42713520860756166,-0.9418284692550092
UBFC_PHYS_s01_T3_test,0,1013,33.766666666666666,-0.34649966400025717,-0.9875941054244854
UBFC_PHYS_s01_T3_test,0,1014,33.8,-0.21921959914993844,-0.9698276286089309
UBFC_PHYS_s01_T3_test,0,1015,33.833333333333336,-0.07192201041146482,-0.894736550096887
UBFC_PHYS_s01_T3_test,0,1016,33.86666666666667,0.06773669916945295,-0.7669323518707764
UBFC_PHYS_s01_T3_test,0,1017,33.9,0.1784291562019994,-0.5898994614297421
UBFC_PHYS_s01_T3_test,0,1018,33.93333333333333,0.2503325119265508,-0.36439168257725013
UBFC_PHYS_s01_T3_test,0,1019,33.96666666666667,0.2854918945245423,-0.08975289069845348
UBFC_PHYS_s01_T3_test,0,1020,34.0,0.291591245377907,0.23245362557964752
UBFC_PHYS_s01_T3_test,0,1021,34.03333333333333,0.27435085820918637,0.5964462157589969
UBFC_PHYS_s01_T3_test,0,1022,34.06666666666667,0.2351165787945747,0.9608978356238064
UBFC_PHYS_s01_T3_test,0,1023,34.1,0.17452153639639933,1.247449616290319
UBFC_PHYS_s01_T3_test,0,1024,34.13333333333333,0.09731069215124119,1.3983975851672208
UBFC_PHYS_s01_T3_test,0,1025,34.166666666666664,0.012130519422076822,1.3762485499301638
UBFC_PHYS_s01_T3_test,0,1026,34.2,-0.07294916341957558,1.2035317418918514
UBFC_PHYS_s01_T3_test,0,1027,34.233333333333334,-0.1525327236499625,0.9622760521728111
UBFC_PHYS_s01_T3_test,0,1028,34.266666666666666,-0.22289327431481856,0.6948534610930811
UBFC_PHYS_s01_T3_test,0,1029,34.3,-0.2815815533456241,0.4044759140250541
UBFC_PHYS_s01_T3_test,0,1030,34.333333333333336,-0.3269883552759529,0.08454260550498899
UBFC_PHYS_s01_T3_test,0,1031,34.36666666666667,-0.3575170368536905,-0.2790833572917427
UBFC_PHYS_s01_T3_test,0,1032,34.4,-0.3716153459020153,-0.6619563414737011
UBFC_PHYS_s01_T3_test,0,1033,34.43333333333333,-0.3654095245743272,-0.9991318705313013
UBFC_PHYS_s01_T3_test,0,1034,34.46666666666667,-0.32917491867980525,-1.2411577768582474
UBFC_PHYS_s01_T3_test,0,1035,34.5,-0.2525000881842419,-1.3530672624871067
UBFC_PHYS_s01_T3_test,0,1036,34.53333333333333,-0.13707199749874516,-1.3308088259792044
UBFC_PHYS_s01_T3_test,0,1037,34.56666666666667,-0.0010083745728688368,-1.2005515919458525
UBFC_PHYS_s01_T3_test,0,1038,34.6,0.13103456329728955,-0.98536938762555
UBFC_PHYS_s01_T3_test,0,1039,34.63333333333333,0.24017956259694023,-0.7055084336317688
UBFC_PHYS_s01_T3_test,0,1040,34.666666666666664,0.318848549598193,-0.36190773557638584
UBFC_PHYS_s01_T3_test,0,1041,34.7,0.3691976956852765,0.061817424642982746
UBFC_PHYS_s01_T3_test,0,1042,34.733333333333334,0.3966434259034868,0.5339554155114143
UBFC_PHYS_s01_T3_test,0,1043,34.766666666666666,0.40376787573950845,0.9725707334509051
UBFC_PHYS_s01_T3_test,0,1044,34.8,0.3901853080001356,1.299730583890282
UBFC_PHYS_s01_T3_test,0,1045,34.833333333333336,0.35661295886711764,1.4406105885849918
UBFC_PHYS_s01_T3_test,0,1046,34.86666666666667,0.3069000352760648,1.3834057673882485
UBFC_PHYS_s01_T3_test,0,1047,34.9,0.24570201337137032,1.1786797289026891
UBFC_PHYS_s01_T3_test,0,1048,34.93333333333333,0.1747391145748407,0.8762859273660325
UBFC_PHYS_s01_T3_test,0,1049,34.96666666666667,0.09284015012137298,0.5254353248068371
UBFC_PHYS_s01_T3_test,0,1050,35.0,0.0007534026826346123,0.16615503459638475
UBFC_PHYS_s01_T3_test,0,1051,35.03333333333333,-0.09586058712535211,-0.1692967601404552
UBFC_PHYS_s01_T3_test,0,1052,35.06666666666667,-0.18913332920463388,-0.45381636938147035
UBFC_PHYS_s01_T3_test,0,1053,35.1,-0.27273382761534243,-0.6637656629754756
UBFC_PHYS_s01_T3_test,0,1054,35.13333333333333,-0.34292604093026274,-0.7828264641746177
UBFC_PHYS_s01_T3_test,0,1055,35.166666666666664,-0.39690148386657714,-0.8008952217029601
UBFC_PHYS_s01_T3_test,0,1056,35.2,-0.42813877244413573,-0.726017560013115
UBFC_PHYS_s01_T3_test,0,1057,35.233333333333334,-0.4231223323835045,-0.5839577825808404
UBFC_PHYS_s01_T3_test,0,1058,35.266666666666666,-0.3675759247624476,-0.4011048738888403
UBFC_PHYS_s01_T3_test,0,1059,35.3,-0.26005635604519883,-0.204667521999284
UBFC_PHYS_s01_T3_test,0,1060,35.333333333333336,-0.1183495090942529,-0.015204335341877415
UBFC_PHYS_s01_T3_test,0,1061,35.36666666666667,0.028815815773520208,0.15261475056773718
UBFC_PHYS_s01_T3_test,0,1062,35.4,0.15526398795955051,0.289476165941715
UBFC_PHYS_s01_T3_test,0,1063,35.43333333333333,0.24511757142681787,0.3905334673540038
UBFC_PHYS_s01_T3_test,0,1064,35.46666666666667,0.29438452762713646,0.4435384727072431
UBFC_PHYS_s01_T3_test,0,1065,35.5,0.3091193032638781,0.42850667963210903
UBFC_PHYS_s01_T3_test,0,1066,35.53333333333333,0.3000867191571642,0.34252925167190973
UBFC_PHYS_s01_T3_test,0,1067,35.56666666666667,0.27647425000871706,0.1999932513667258
UBFC_PHYS_s01_T3_test,0,1068,35.6,0.24352447489411394,0.02011193405068032
UBFC_PHYS_s01_T3_test,0,1069,35.63333333333333,0.204062489279211,-0.17258739366437303
UBFC_PHYS_s01_T3_test,0,1070,35.666666666666664,0.16017932303834626,-0.35884678906915746
UBFC_PHYS_s01_T3_test,0,1071,35.7,0.1128410852257491,-0.5238419571151469
UBFC_PHYS_s01_T3_test,0,1072,35.733333333333334,0.060617703242178765,-0.651367936480506
UBFC_PHYS_s01_T3_test,0,1073,35.766666666666666,0.000991931285729778,-0.7231258371137963
UBFC_PHYS_s01_T3_test,0,1074,35.8,-0.06628026275574256,-0.7173819475224148
UBFC_PHYS_s01_T3_test,0,1075,35.833333333333336,-0.13877217338693953,-0.6090941179822101
UBFC_PHYS_s01_T3_test,0,1076,35.86666666666667,-0.2137028924172364,-0.3988619670823115
UBFC_PHYS_s01_T3_test,0,1077,35.9,-0.28784603924485,-0.11371056222104503
UBFC_PHYS_s01_T3_test,0,1078,35.93333333333333,-0.3551964502049102,0.20610995577568458
UBFC_PHYS_s01_T3_test,0,1079,35.96666666666667,-0.40593572702079994,0.5062088854699235
UBFC_PHYS_s01_T3_test,0,1080,36.0,-0.4271963130172618,0.7273083936248957
UBFC_PHYS_s01_T3_test,0,1081,36.03333333333333,-0.4062297798855315,0.8047672286867276
UBFC_PHYS_s01_T3_test,0,1082,36.06666666666667,-0.33678298377310945,0.7432030478738729
UBFC_PHYS_s01_T3_test,0,1083,36.1,-0.22458203922034795,0.615773578626311
UBFC_PHYS_s01_T3_test,0,1084,36.13333333333333,-0.08674259672961612,0.4742843377839724
UBFC_PHYS_s01_T3_test,0,1085,36.166666666666664,0.05415000179945656,0.3485845970190301
UBFC_PHYS_s01_T3_test,0,1086,36.2,0.17715508433564825,0.25589112248979995
UBFC_PHYS_s01_T3_test,0,1087,36.233333333333334,0.2693402460938342,0.20117513378712493
UBFC_PHYS_s01_T3_test,0,1088,36.266666666666666,0.32975769753110973,0.1626284712535085
UBFC_PHYS_s01_T3_test,0,1089,36.3,0.36708163149189604,0.09267125735492125
UBFC_PHYS_s01_T3_test,0,1090,36.333333333333336,0.39141343742156215,-0.025794070177103938
UBFC_PHYS_s01_T3_test,0,1091,36.36666666666667,0.4084082091064112,-0.1784005125279398
UBFC_PHYS_s01_T3_test,0,1092,36.4,0.4194819160940412,-0.3497365815909893
UBFC_PHYS_s01_T3_test,0,1093,36.43333333333333,0.42256249192333434,-0.5227121994365495
UBFC_PHYS_s01_T3_test,0,1094,36.46666666666667,0.41089738482802346,-0.6773779694431767
UBFC_PHYS_s01_T3_test,0,1095,36.5,0.3741550494318306,-0.7902841342558686
UBFC_PHYS_s01_T3_test,0,1096,36.53333333333333,0.30351891397362263,-0.841458446182392
UBFC_PHYS_s01_T3_test,0,1097,36.56666666666667,0.1973577121223202,-0.8142072275872483
UBFC_PHYS_s01_T3_test,0,1098,36.6,0.0629048801958024,-0.7079250496215859
UBFC_PHYS_s01_T3_test,0,1099,36.63333333333333,-0.08742751168519342,-0.5383532656891754
UBFC_PHYS_s01_T3_test,0,1100,36.666666666666664,-0.2402654071184176,-0.32046381145313285
UBFC_PHYS_s01_T3_test,0,1101,36.7,-0.38204886833131163,-0.06929686049595102
UBFC_PHYS_s01_T3_test,0,1102,36.733333333333334,-0.5003063018774534,0.19046301762601361
UBFC_PHYS_s01_T3_test,0,1103,36.766666666666666,-0.5873501906853229,0.4233419888284313
UBFC_PHYS_s01_T3_test,0,1104,36.8,-0.6398444440067104,0.6025236612765258
UBFC_PHYS_s01_T3_test,0,1105,36.833333333333336,-0.6522449272240671,0.7089015862785462
UBFC_PHYS_s01_T3_test,0,1106,36.86666666666667,-0.6132215800714637,0.7567561808076309
UBFC_PHYS_s01_T3_test,0,1107,36.9,-0.5124997457634497,0.792541841307632
UBFC_PHYS_s01_T3_test,0,1108,36.93333333333333,-0.3534588270728639,0.8181939006104837
UBFC_PHYS_s01_T3_test,0,1109,36.96666666666667,-0.15867990728901096,0.7907946792912905
UBFC_PHYS_s01_T3_test,0,1110,37.0,0.03900993440016376,0.6869883076105294
UBFC_PHYS_s01_T3_test,0,1111,37.03333333333333,0.21183020995736931,0.5038478275491529
UBFC_PHYS_s01_T3_test,0,1112,37.06666666666667,0.344860161796121,0.26015938627414226
UBFC_PHYS_s01_T3_test,0,1113,37.1,0.43484859370957085,-0.0027902819566361457
UBFC_PHYS_s01_T3_test,0,1114,37.13333333333333,0.48631959977252864,-0.24067727905527111
UBFC_PHYS_s01_T3_test,0,1115,37.166666666666664,0.5065782961965207,-0.4055024177781449
UBFC_PHYS_s01_T3_test,0,1116,37.2,0.5013369434529859,-0.4853064451011314
UBFC_PHYS_s01_T3_test,0,1117,37.233333333333334,0.47404223090993003,-0.503293633009676
UBFC_PHYS_s01_T3_test,0,1118,37.266666666666666,0.42673558477860957,-0.4804708799346523
UBFC_PHYS_s01_T3_test,0,1119,37.3,0.3605145090071663,-0.4348703496631904
UBFC_PHYS_s01_T3_test,0,1120,37.333333333333336,0.2772830975873723,-0.3689936876619989
UBFC_PHYS_s01_T3_test,0,1121,37.36666666666667,0.1815082386201079,-0.2700245089047713
UBFC_PHYS_s01_T3_test,0,1122,37.4,0.07967421629400392,-0.14946743893855738
UBFC_PHYS_s01_T3_test,0,1123,37.43333333333333,-0.02156595862367573,-0.043487515979488384
UBFC_PHYS_s01_T3_test,0,1124,37.46666666666667,-0.1176218702873883,0.02928387062806745
UBFC_PHYS_s01_T3_test,0,1125,37.5,-0.20762080948161185,0.06755976293786944
UBFC_PHYS_s01_T3_test,0,1126,37.53333333333333,-0.29298034897828024,0.082866341195557
UBFC_PHYS_s01_T3_test,0,1127,37.56666666666667,-0.373217186240024,0.09896532675591829
UBFC_PHYS_s01_T3_test,0,1128,37.6,-0.4431765726860709,0.12889859898193204
UBFC_PHYS_s01_T3_test,0,1129,37.63333333333333,-0.49363274198265955,0.1745218141343781
UBFC_PHYS_s01_T3_test,0,1130,37.666666666666664,-0.5130508961177659,0.22415771892996403
UBFC_PHYS_s01_T3_test,0,1131,37.7,-0.48975676432832904,0.25262683120304236
UBFC_PHYS_s01_T3_test,0,1132,37.733333333333334,-0.4168584789605117,0.23834710785024762
UBFC_PHYS_s01_T3_test,0,1133,37.766666666666666,-0.29893732437137743,0.16376917580413958
UBFC_PHYS_s01_T3_test,0,1134,37.8,-0.15371872659292823,0.035707407300906234
UBFC_PHYS_s01_T3_test,0,1135,37.833333333333336,-0.005089700992147324,-0.11430924037396692
UBFC_PHYS_s01_T3_test,0,1136,37.86666666666667,0.12644594816186547,-0.2631174946434712
UBFC_PHYS_s01_T3_test,0,1137,37.9,0.2286919389226511,-0.39550553020508095
UBFC_PHYS_s01_T3_test,0,1138,37.93333333333333,0.2981309306163479,-0.4981105761210964
UBFC_PHYS_s01_T3_test,0,1139,37.96666666666667,0.33813760570742785,-0.5588560962238116
UBFC_PHYS_s01_T3_test,0,1140,38.0,0.35524700079461957,-0.5534939016175335
UBFC_PHYS_s01_T3_test,0,1141,38.03333333333333,0.3544267150028052,-0.4458759947158079
UBFC_PHYS_s01_T3_test,0,1142,38.06666666666667,0.3368564805243847,-0.24926926624305093
UBFC_PHYS_s01_T3_test,0,1143,38.1,0.3026157526541756,-0.026759505399338513
UBFC_PHYS_s01_T3_test,0,1144,38.13333333333333,0.25443501890440523,0.1738524269023652
UBFC_PHYS_s01_T3_test,0,1145,38.166666666666664,0.19662409711530113,0.31981439103987297
UBFC_PHYS_s01_T3_test,0,1146,38.2,0.13158972250787257,0.4072278251873538
UBFC_PHYS_s01_T3_test,0,1147,38.233333333333334,0.06040205490506078,0.46009513236142763
UBFC_PHYS_s01_T3_test,0,1148,38.266666666666666,-0.014297790338319166,0.4886976936687981
UBFC_PHYS_s01_T3_test,0,1149,38.3,-0.08819386749491227,0.48890533384406754
UBFC_PHYS_s01_T3_test,0,1150,38.333333333333336,-0.15709612217447919,0.45881791788478304
UBFC_PHYS_s01_T3_test,0,1151,38.36666666666667,-0.21815222832479877,0.3988092023020656
UBFC_PHYS_s01_T3_test,0,1152,38.4,-0.26952893412317686,0.3158454948279345
UBFC_PHYS_s01_T3_test,0,1153,38.43333333333333,-0.3071796212093502,0.2237124096442432
UBFC_PHYS_s01_T3_test,0,1154,38.46666666666667,-0.3215324163900693,0.12860757396955327
UBFC_PHYS_s01_T3_test,0,1155,38.5,-0.30061691288479114,0.02962524232919597
UBFC_PHYS_s01_T3_test,0,1156,38.53333333333333,-0.23863484234521784,-0.07502585599276596
UBFC_PHYS_s01_T3_test,0,1157,38.56666666666667,-0.1410837909632669,-0.18725609237341678
UBFC_PHYS_s01_T3_test,0,1158,38.6,-0.02283554930499808,-0.3101745774454126
UBFC_PHYS_s01_T3_test,0,1159,38.63333333333333,0.09684683982231079,-0.4471910262313764
UBFC_PHYS_s01_T3_test,0,1160,38.666666666666664,0.19965660272067964,-0.5817012318185564
UBFC_PHYS_s01_T3_test,0,1161,38.7,0.2732517645782343,-0.676583869275675
UBFC_PHYS_s01_T3_test,0,1162,38.733333333333334,0.3142522350403846,-0.7122217835250085
UBFC_PHYS_s01_T3_test,0,1163,38.766666666666666,0.3276072267682022,-0.6863941000804148
UBFC_PHYS_s01_T3_test,0,1164,38.8,0.32164651388846016,-0.591376854767743
UBFC_PHYS_s01_T3_test,0,1165,38.833333333333336,0.3015002846307717,-0.41436362656490217
UBFC_PHYS_s01_T3_test,0,1166,38.86666666666667,0.2668874064698987,-0.16100388668137666
UBFC_PHYS_s01_T3_test,0,1167,38.9,0.2158129631319517,0.1434750987976387
UBFC_PHYS_s01_T3_test,0,1168,38.93333333333333,0.14869224113414536,0.4592668148967924
UBFC_PHYS_s01_T3_test,0,1169,38.96666666666667,0.06878276134478234,0.7309358893873696
UBFC_PHYS_s01_T3_test,0,1170,39.0,-0.01962046143520409,0.9151727648456308
UBFC_PHYS_s01_T3_test,0,1171,39.03333333333333,-0.11271717569476812,0.980087043404518
UBFC_PHYS_s01_T3_test,0,1172,39.06666666666667,-0.20742022536481192,0.9355051679317021
UBFC_PHYS_s01_T3_test,0,1173,39.1,-0.30023592005769445,0.8322254893535723
UBFC_PHYS_s01_T3_test,0,1174,39.13333333333333,-0.3859040273536209,0.6949355707409764
UBFC_PHYS_s01_T3_test,0,1175,39.166666666666664,-0.45643610014230773,0.5222566409583408
UBFC_PHYS_s01_T3_test,0,1176,39.2,-0.5003605161035172,0.3147745951936717
UBFC_PHYS_s01_T3_test,0,1177,39.233333333333334,-0.5036692749536867,0.07628620658566002
UBFC_PHYS_s01_T3_test,0,1178,39.266666666666666,-0.4547814573038752,-0.17358154378356536
UBFC_PHYS_s01_T3_test,0,1179,39.3,-0.3520281966577801,-0.398197436141419
UBFC_PHYS_s01_T3_test,0,1180,39.333333333333336,-0.20747305116389322,-0.5876530517288238
UBFC_PHYS_s01_T3_test,0,1181,39.36666666666667,-0.04318930477832903,-0.7574105095698049
UBFC_PHYS_s01_T3_test,0,1182,39.4,0.11624493163543306,-0.9063004356296762
UBFC_PHYS_s01_T3_test,0,1183,39.43333333333333,0.24972932735316128,-1.0153202924899871
UBFC_PHYS_s01_T3_test,0,1184,39.46666666666667,0.34374889285725463,-1.0664613717576095
UBFC_PHYS_s01_T3_test,0,1185,39.5,0.3951698223904742,-1.0424414179872517
UBFC_PHYS_s01_T3_test,0,1186,39.53333333333333,0.4100012032221061,-0.9378130862520185
UBFC_PHYS_s01_T3_test,0,1187,39.56666666666667,0.3976048413365018,-0.7593029014179427
UBFC_PHYS_s01_T3_test,0,1188,39.6,0.36552451356209914,-0.5010545263808873
UBFC_PHYS_s01_T3_test,0,1189,39.63333333333333,0.31874438028558133,-0.14609794745253002
UBFC_PHYS_s01_T3_test,0,1190,39.666666666666664,0.26152228760146146,0.2813307869852598
UBFC_PHYS_s01_T3_test,0,1191,39.7,0.19841639553906193,0.7139186634211416
UBFC_PHYS_s01_T3_test,0,1192,39.733333333333334,0.13313897308502806,1.0858480415594696
UBFC_PHYS_s01_T3_test,0,1193,39.766666666666666,0.06670343977577135,1.331571930171725
UBFC_PHYS_s01_T3_test,0,1194,39.8,-0.0018413277895916562,1.437305076336487
UBFC_PHYS_s01_T3_test,0,1195,39.833333333333336,-0.07211463907472866,1.4396517965302191
UBFC_PHYS_s01_T3_test,0,1196,39.86666666666667,-0.14142132266334573,1.3433266609091625
UBFC_PHYS_s01_T3_test,0,1197,39.9,-0.2070051678731432,1.1210104421302116
UBFC_PHYS_s01_T3_test,0,1198,39.93333333333333,-0.26596985150131436,0.7940645470911394
UBFC_PHYS_s01_T3_test,0,1199,39.96666666666667,-0.31191293980836243,0.4335339592408402
UBFC_PHYS_s01_T3_test,0,1200,40.0,-0.3342205913870621,0.08455011596135717
UBFC_PHYS_s01_T3_test,0,1201,40.03333333333333,-0.3224357434124884,-0.2323494951373708
UBFC_PHYS_s01_T3_test,0,1202,40.06666666666667,-0.27241340857182184,-0.5150849427473326
UBFC_PHYS_s01_T3_test,0,1203,40.1,-0.19033816028072642,-0.777785289904007
UBFC_PHYS_s01_T3_test,0,1204,40.13333333333333,-0.09146188125831693,-1.0083208043022718
UBFC_PHYS_s01_T3_test,0,1205,40.166666666666664,0.006099367969082265,-1.1667421064641332
UBFC_PHYS_s01_T3_test,0,1206,40.2,0.08771410097002424,-1.2517977382766434
UBFC_PHYS_s01_T3_test,0,1207,40.233333333333334,0.14536584607062164,-1.2998268534045878
UBFC_PHYS_s01_T3_test,0,1208,40.266666666666666,0.1780459914302971,-1.3208753989500555
UBFC_PHYS_s01_T3_test,0,1209,40.3,0.19022465189193621,-1.2980800710397742
UBFC_PHYS_s01_T3_test,0,1210,40.333333333333336,0.18870813916184886,-1.2056562926941141
UBFC_PHYS_s01_T3_test,0,1211,40.36666666666667,0.17943495985642277,-1.0098479511224712
UBFC_PHYS_s01_T3_test,0,1212,40.4,0.16576149373120908,-0.7052358908266845
UBFC_PHYS_s01_T3_test,0,1213,40.43333333333333,0.14814154649733066,-0.3163609922974454
UBFC_PHYS_s01_T3_test,0,1214,40.46666666666667,0.12506869303369314,0.12238968825554263
UBFC_PHYS_s01_T3_test,0,1215,40.5,0.09507380595946073,0.5649138096575816
UBFC_PHYS_s01_T3_test,0,1216,40.53333333333333,0.05791425046185158,0.9939816408282475
UBFC_PHYS_s01_T3_test,0,1217,40.56666666666667,0.014251939250421425,1.4184927673923513
UBFC_PHYS_s01_T3_test,0,1218,40.6,-0.03402482551832786,1.798619631421173
UBFC_PHYS_s01_T3_test,0,1219,40.63333333333333,-0.08242118607409382,2.0438623626080896
UBFC_PHYS_s01_T3_test,0,1220,40.666666666666664,-0.12363552876010504,2.088404231203959
UBFC_PHYS_s01_T3_test,0,1221,40.7,-0.14908821513232334,1.8912273689638548
UBFC_PHYS_s01_T3_test,0,1222,40.733333333333334,-0.15140600354250136,1.4803202305382763
UBFC_PHYS_s01_T3_test,0,1223,40.766666666666666,-0.12775393438011623,0.9532917645533319
UBFC_PHYS_s01_T3_test,0,1224,40.8,-0.08221210777370977,0.3941283664328926
UBFC_PHYS_s01_T3_test,0,1225,40.833333333333336,-0.024436696579661167,-0.12541521025229171
UBFC_PHYS_s01_T3_test,0,1226,40.86666666666667,0.0338825771457568,-0.5673249314975466
UBFC_PHYS_s01_T3_test,0,1227,40.9,0.08135826010509521,-0.9246497757876702
UBFC_PHYS_s01_T3_test,0,1228,40.93333333333333,0.10915544369136834,-1.1865947790974558
UBFC_PHYS_s01_T3_test,0,1229,40.96666666666667,0.11458513829897826,-1.3362192529860066
UBFC_PHYS_s01_T3_test,0,1230,41.0,0.10183538597801639,-1.3809501423176798
UBFC_PHYS_s01_T3_test,0,1231,41.03333333333333,0.07662168566558741,-1.351254753593273
UBFC_PHYS_s01_T3_test,0,1232,41.06666666666667,0.040576444351567154,-1.2738253912000832
UBFC_PHYS_s01_T3_test,0,1233,41.1,-0.0070459150396184915,-1.1710030697808482
UBFC_PHYS_s01_T3_test,0,1234,41.13333333333333,-0.06337413379377489,-1.0491288990404708
UBFC_PHYS_s01_T3_test,0,1235,41.166666666666664,-0.12056665756333222,-0.8991033306969084
UBFC_PHYS_s01_T3_test,0,1236,41.2,-0.16978784714109288,-0.7094836482761144
UBFC_PHYS_s01_T3_test,0,1237,41.233333333333334,-0.2041531288615304,-0.4679169191482794
UBFC_PHYS_s01_T3_test,0,1238,41.266666666666666,-0.21926305195667078,-0.17502827274718122
UBFC_PHYS_s01_T3_test,0,1239,41.3,-0.2132227291426892,0.15382233595987266
UBFC_PHYS_s01_T3_test,0,1240,41.333333333333336,-0.18509159292584276,0.5024684130321492
UBFC_PHYS_s01_T3_test,0,1241,41.36666666666667,-0.13426984674162795,0.8519981067861053
UBFC_PHYS_s01_T3_test,0,1242,41.4,-0.06495306384771492,1.1774303513695865
UBFC_PHYS_s01_T3_test,0,1243,41.43333333333333,0.010243224761204626,1.4458895541356183
UBFC_PHYS_s01_T3_test,0,1244,41.46666666666667,0.075032593662782,1.612248395877016
UBFC_PHYS_s01_T3_test,0,1245,41.5,0.11797584675355134,1.618481614063965
UBFC_PHYS_s01_T3_test,0,1246,41.53333333333333,0.136976683835837,1.450071009265647
UBFC_PHYS_s01_T3_test,0,1247,41.56666666666667,0.13852128853735607,1.136379765107357
UBFC_PHYS_s01_T3_test,0,1248,41.6,0.1330323279474728,0.7248704449371173
UBFC_PHYS_s01_T3_test,0,1249,41.63333333333333,0.1291716696658024,0.28200932105259063
UBFC_PHYS_s01_T3_test,0,1250,41.666666666666664,0.13089094352831038,-0.14013025793387807
UBFC_PHYS_s01_T3_test,0,1251,41.7,0.13752356901240942,-0.5021532752309985
UBFC_PHYS_s01_T3_test,0,1252,41.733333333333334,0.14511816338805655,-0.7775174624370018
UBFC_PHYS_s01_T3_test,0,1253,41.766666666666666,0.14857056390516762,-0.9506542564640232
UBFC_PHYS_s01_T3_test,0,1254,41.8,0.14370281882412816,-1.0275504714630772
UBFC_PHYS_s01_T3_test,0,1255,41.833333333333336,0.1281888447262199,-1.0342878847672035
UBFC_PHYS_s01_T3_test,0,1256,41.86666666666667,0.10167762238671493,-0.9927424080994428
UBFC_PHYS_s01_T3_test,0,1257,41.9,0.0653814337146619,-0.919869365451855
UBFC_PHYS_s01_T3_test,0,1258,41.93333333333333,0.021431623413042764,-0.8177628744952243
UBFC_PHYS_s01_T3_test,0,1259,41.96666666666667,-0.026446003130500176,-0.6740976454789672
UBFC_PHYS_s01_T3_test,0,1260,42.0,-0.07119882157958814,-0.48753499526361216
UBFC_PHYS_s01_T3_test,0,1261,42.03333333333333,-0.10327611238791255,-0.26878755958461487
UBFC_PHYS_s01_T3_test,0,1262,42.06666666666667,-0.1150831027883202,-0.034009448597818154
UBFC_PHYS_s01_T3_test,0,1263,42.1,-0.10520825565291864,0.19409166276284573
UBFC_PHYS_s01_T3_test,0,1264,42.13333333333333,-0.07990929817756949,0.4056535379882696
UBFC_PHYS_s01_T3_test,0,1265,42.166666666666664,-0.05139834814776175,0.6022917030429572
UBFC_PHYS_s01_T3_test,0,1266,42.2,-0.031706890756370454,0.778772382857211
UBFC_PHYS_s01_T3_test,0,1267,42.233333333333334,-0.025689821322059853,0.9217363053739457
UBFC_PHYS_s01_T3_test,0,1268,42.266666666666666,-0.030276069350113087,0.9848104646651898
UBFC_PHYS_s01_T3_test,0,1269,42.3,-0.038767713646797264,0.8889063372751671
UBFC_PHYS_s01_T3_test,0,1270,42.333333333333336,-0.04377289240775666,0.6311606943363511
UBFC_PHYS_s01_T3_test,0,1271,42.36666666666667,-0.039119895283190945,0.28569916845078897
UBFC_PHYS_s01_T3_test,0,1272,42.4,-0.02305070419091889,-0.07767588344413034
UBFC_PHYS_s01_T3_test,0,1273,42.43333333333333,0.00041109703205869166,-0.39302019994106496
UBFC_PHYS_s01_T3_test,0,1274,42.46666666666667,0.02382909097347019,-0.6211088469771389
UBFC_PHYS_s01_T3_test,0,1275,42.5,0.039662296061095906,-0.7483016192711757
UBFC_PHYS_s01_T3_test,0,1276,42.53333333333333,0.042705234755897784,-0.7674932486199735
UBFC_PHYS_s01_T3_test,0,1277,42.56666666666667,0.03138589212690958,-0.6774003856231676
UBFC_PHYS_s01_T3_test,0,1278,42.6,0.006732573543778592,-0.4799637392600338
UBFC_PHYS_s01_T3_test,0,1279,42.63333333333333,-0.029778530222127647,-0.18093225171980626
UBFC_PHYS_s01_T3_test,0,1280,42.666666666666664,-0.07591446831131005,0.1319866869351065
UBFC_PHYS_s01_T3_test,0,1281,42.7,-0.1257463404019423,0.2895153837541443
UBFC_PHYS_s01_T3_test,0,1282,42.733333333333334,-0.16769520159902312,0.26313907623809407
UBFC_PHYS_s01_T3_test,0,1283,42.766666666666666,-0.18680553187293522,0.16480266167770471
UBFC_PHYS_s01_T3_test,0,1284,42.8,-0.1713672881503384,0.07928495392296074
UBFC_PHYS_s01_T3_test,0,1285,42.833333333333336,-0.1193402556034483,0.06246734606476232
UBFC_PHYS_s01_T3_test,0,1286,42.86666666666667,-0.03901193971120315,0.12517895723961908
UBFC_PHYS_s01_T3_test,0,1287,42.9,0.05567550403001645,0.23301661232292645
UBFC_PHYS_s01_T3_test,0,1288,42.93333333333333,0.14997827213541007,0.34832095093757387
UBFC_PHYS_s01_T3_test,0,1289,42.96666666666667,0.23109272500508596,0.4305070568619068
UBFC_PHYS_s01_T3_test,0,1290,43.0,0.29016253914226836,0.45140039063671716
UBFC_PHYS_s01_T3_test,0,1291,43.03333333333333,0.3236649916505884,0.3954853371148832
UBFC_PHYS_s01_T3_test,0,1292,43.06666666666667,0.3328159697747522,0.2741860895185672
UBFC_PHYS_s01_T3_test,0,1293,43.1,0.3213816271181576,0.12597025878311655
UBFC_PHYS_s01_T3_test,0,1294,43.13333333333333,0.29307672415273167,-0.009119260187412787
UBFC_PHYS_s01_T3_test,0,1295,43.166666666666664,0.249195191966456,-0.08951978293066237
UBFC_PHYS_s01_T3_test,0,1296,43.2,0.1884555235499666,-0.10645706012739282
UBFC_PHYS_s01_T3_test,0,1297,43.233333333333334,0.10991400884677521,-0.08358530867709056
UBFC_PHYS_s01_T3_test,0,1298,43.266666666666666,0.015751381797126946,-0.05388064154035968
UBFC_PHYS_s01_T3_test,0,1299,43.3,-0.0886311051697028,-0.05882193927121978
UBFC_PHYS_s01_T3_test,0,1300,43.333333333333336,-0.1961320508745151,-0.11625606041827544
UBFC_PHYS_s01_T3_test,0,1301,43.36666666666667,-0.3000634866932047,-0.21982332310258365
UBFC_PHYS_s01_T3_test,0,1302,43.4,-0.39579797019631335,-0.35922964565336746
UBFC_PHYS_s01_T3_test,0,1303,43.43333333333333,-0.4783201692147607,-0.5197879769044826
UBFC_PHYS_s01_T3_test,0,1304,43.46666666666667,-0.5363987203939287,-0.6626685084173126
UBFC_PHYS_s01_T3_test,0,1305,43.5,-0.5533827436430467,-0.7248682452898143
UBFC_PHYS_s01_T3_test,0,1306,43.53333333333333,-0.5206469419886964,-0.6567981615840562
UBFC_PHYS_s01_T3_test,0,1307,43.56666666666667,-0.45136060502252,-0.42328239654193106
UBFC_PHYS_s01_T3_test,0,1308,43.6,-0.3766717824270625,-0.0637241129699965
UBFC_PHYS_s01_T3_test,0,1309,43.63333333333333,-0.32644708566887576,0.30732673128535054
UBFC_PHYS_s01_T3_test,0,1310,43.666666666666664,-0.3156477412361777,0.5732755771836161
UBFC_PHYS_s01_T3_test,0,1311,43.7,-0.3482088186346936,0.6161431684321893
UBFC_PHYS_s01_T3_test,0,1312,43.733333333333334,-0.4248527959662572,0.4485266463745524
UBFC_PHYS_s01_T3_test,0,1313,43.766666666666666,-0.5380188827481367,0.2128820320139267
UBFC_PHYS_s01_T3_test,0,1314,43.8,-0.6608856832353918,0.0007315177523651711
UBFC_PHYS_s01_T3_test,0,1315,43.833333333333336,-0.7481405249170787,-0.1483358510643527
UBFC_PHYS_s01_T3_test,0,1316,43.86666666666667,-0.7509885820157193,-0.1967291110677081
UBFC_PHYS_s01_T3_test,0,1317,43.9,-0.6350122412906378,-0.10892216610335505
UBFC_PHYS_s01_T3_test,0,1318,43.93333333333333,-0.3878415103349133,0.08478188483659467
UBFC_PHYS_s01_T3_test,0,1319,43.96666666666667,-0.012316436695858399,0.2884437460791526
UBFC_PHYS_s01_T3_test,0,1320,44.0,0.48290090453657447,0.4212279670984801
UBFC_PHYS_s01_T3_test,0,1321,44.03333333333333,1.0813166623065926,0.4182234431891799
UBFC_PHYS_s01_T3_test,0,1322,44.06666666666667,1.7505074650967027,0.2721269893862355
UBFC_PHYS_s01_T3_test,0,1323,44.1,2.439884754290929,0.03342820767510493
UBFC_PHYS_s01_T3_test,0,1324,44.13333333333333,3.0797109391303636,-0.24497263469091798
UBFC_PHYS_s01_T3_test,0,1325,44.166666666666664,3.5748638438228695,-0.5076237475139654
UBFC_PHYS_s01_T3_test,0,1326,44.2,3.8081780424826466,-0.6991125452358404
UBFC_PHYS_s01_T3_test,0,1327,44.233333333333334,3.670897416182477,-0.7638240900869592
UBFC_PHYS_s01_T3_test,0,1328,44.266666666666666,3.106958487568782,-0.6890627084567296
UBFC_PHYS_s01_T3_test,0,1329,44.3,2.137013472899744,-0.5049958869375233
UBFC_PHYS_s01_T3_test,0,1330,44.333333333333336,0.8488645614934733,-0.2634948161676146
UBFC_PHYS_s01_T3_test,0,1331,44.36666666666667,-0.6253883551446905,-0.037996307705922654
UBFC_PHYS_s01_T3_test,0,1332,44.4,-2.118450362014083,0.14028514952757798
UBFC_PHYS_s01_T3_test,0,1333,44.43333333333333,-3.4237932510460736,0.2816120691300027
UBFC_PHYS_s01_T3_test,0,1334,44.46666666666667,-4.3155173288739475,0.40657145315821375
UBFC_PHYS_s01_T3_test,0,1335,44.5,-4.619891289733683,0.5444543014501636
UBFC_PHYS_s01_T3_test,0,1336,44.53333333333333,-4.304593381429415,0.6951287020281878
UBFC_PHYS_s01_T3_test,0,1337,44.56666666666667,-3.511996207591462,0.8280605258568914
UBFC_PHYS_s01_T3_test,0,1338,44.6,-2.5014801301254392,0.9224887869827614
UBFC_PHYS_s01_T3_test,0,1339,44.63333333333333,-1.5349972064066038,0.9670996985672172
UBFC_PHYS_s01_T3_test,0,1340,44.666666666666664,-0.771596719212101,0.9396400828827568
UBFC_PHYS_s01_T3_test,0,1341,44.7,-0.23393041234488463,0.8072916085168848
UBFC_PHYS_s01_T3_test,0,1342,44.733333333333334,0.13832911468474252,0.5730847075747656
UBFC_PHYS_s01_T3_test,0,1343,44.766666666666666,0.41100616657880235,0.2768336518209083
UBFC_PHYS_s01_T3_test,0,1344,44.8,0.6238108136614264,-0.050118000212305655
UBFC_PHYS_s01_T3_test,0,1345,44.833333333333336,0.7992588564876659,-0.3835889258083535
UBFC_PHYS_s01_T3_test,0,1346,44.86666666666667,0.9495550207465466,-0.6811783897155141
UBFC_PHYS_s01_T3_test,0,1347,44.9,1.075134237942629,-0.8810037860811937
UBFC_PHYS_s01_T3_test,0,1348,44.93333333333333,1.1677411760835568,-0.9543361485932581
UBFC_PHYS_s01_T3_test,0,1349,44.96666666666667,1.2152745103888762,-0.9049047369280518
UBFC_PHYS_s01_T3_test,0,1350,45.0,1.2043941165516756,-0.7514324564638923
UBFC_PHYS_s01_T3_test,0,1351,45.03333333333333,1.125693215468815,-0.5273703400765326
UBFC_PHYS_s01_T3_test,0,1352,45.06666666666667,0.9809965502119746,-0.27139601938218616
UBFC_PHYS_s01_T3_test,0,1353,45.1,0.7841423567674064,-0.027840457794695697
UBFC_PHYS_s01_T3_test,0,1354,45.13333333333333,0.5537299201862664,0.14115990084908808
UBFC_PHYS_s01_T3_test,0,1355,45.166666666666664,0.3072407947633111,0.15575450683504077
UBFC_PHYS_s01_T3_test,0,1356,45.2,0.06112413016387031,0.0474830094658874
UBFC_PHYS_s01_T3_test,0,1357,45.233333333333334,-0.16906766032389325,-0.04170931278341035
UBFC_PHYS_s01_T3_test,0,1358,45.266666666666666,-0.37141802802407803,-0.0397327891856611
UBFC_PHYS_s01_T3_test,0,1359,45.3,-0.5384833050393344,0.05422122892869945
UBFC_PHYS_s01_T3_test,0,1360,45.333333333333336,-0.663871500578047,0.2013377353640197
UBFC_PHYS_s01_T3_test,0,1361,45.36666666666667,-0.7379975319854651,0.3236207398788412
UBFC_PHYS_s01_T3_test,0,1362,45.4,-0.747425368848322,0.36847933439866976
UBFC_PHYS_s01_T3_test,0,1363,45.43333333333333,-0.6802192890213345,0.30935070813874443
UBFC_PHYS_s01_T3_test,0,1364,45.46666666666667,-0.5346599741471583,0.14264261540243428
UBFC_PHYS_s01_T3_test,0,1365,45.5,-0.3241526923546661,-0.111768726509411
UBFC_PHYS_s01_T3_test,0,1366,45.53333333333333,-0.07456979265827846,-0.4147421274065627
UBFC_PHYS_s01_T3_test,0,1367,45.56666666666667,0.18320732728365785,-0.7072189488060717
UBFC_PHYS_s01_T3_test,0,1368,45.6,0.4211459762943791,-0.9137688963887914
UBFC_PHYS_s01_T3_test,0,1369,45.63333333333333,0.619567028418711,-0.9427233493695398
UBFC_PHYS_s01_T3_test,0,1370,45.666666666666664,0.7686994174513292,-0.7656963343294925
UBFC_PHYS_s01_T3_test,0,1371,45.7,0.8656516368707188,-0.4182619344002792
UBFC_PHYS_s01_T3_test,0,1372,45.733333333333334,0.9094052167567465,0.022294372208188903
UBFC_PHYS_s01_T3_test,0,1373,45.766666666666666,0.8986805437838388,0.4366383175318271
UBFC_PHYS_s01_T3_test,0,1374,45.8,0.8333703585048949,0.727121695865924
UBFC_PHYS_s01_T3_test,0,1375,45.833333333333336,0.716599139613851,0.8175501974848665
UBFC_PHYS_s01_T3_test,0,1376,45.86666666666667,0.5567715547829085,0.7225640889393884
UBFC_PHYS_s01_T3_test,0,1377,45.9,0.3685848441005643,0.5464960460572821
UBFC_PHYS_s01_T3_test,0,1378,45.93333333333333,0.17017363659310447,0.35437143515601954
UBFC_PHYS_s01_T3_test,0,1379,45.96666666666667,-0.022346941645764798,0.17123326280360368
UBFC_PHYS_s01_T3_test,0,1380,46.0,-0.19929509795947714,0.018921144578941514
UBFC_PHYS_s01_T3_test,0,1381,46.03333333333333,-0.35939769521243703,-0.08329631437700731
UBFC_PHYS_s01_T3_test,0,1382,46.06666666666667,-0.5075037919695895,-0.132958801927696
UBFC_PHYS_s01_T3_test,0,1383,46.1,-0.647590678465819,-0.1437891554921748
UBFC_PHYS_s01_T3_test,0,1384,46.13333333333333,-0.7766954048172905,-0.12495255853426737
UBFC_PHYS_s01_T3_test,0,1385,46.166666666666664,-0.8848914988867334,-0.08073670220667944
UBFC_PHYS_s01_T3_test,0,1386,46.2,-0.9591111273344518,-0.03633967209914542
UBFC_PHYS_s01_T3_test,0,1387,46.233333333333334,-0.9864510757992122,-0.037468143186726206
UBFC_PHYS_s01_T3_test,0,1388,46.266666666666666,-0.956387632962549,-0.07518005482229742
UBFC_PHYS_s01_T3_test,0,1389,46.3,-0.8636435117737118,-0.08612671025208934
UBFC_PHYS_s01_T3_test,0,1390,46.333333333333336,-0.7123321031441483,-0.026105158934368895
UBFC_PHYS_s01_T3_test,0,1391,46.36666666666667,-0.5185153356482496,0.128769652893747
UBFC_PHYS_s01_T3_test,0,1392,46.4,-0.3065799953200036,0.3506137392460416
UBFC_PHYS_s01_T3_test,0,1393,46.43333333333333,-0.10045231104737352,0.5595065617114398
UBFC_PHYS_s01_T3_test,0,1394,46.46666666666667,0.08320934736549908,0.6885619011075372
UBFC_PHYS_s01_T3_test,0,1395,46.5,0.23645055273512627,0.684412805481131
UBFC_PHYS_s01_T3_test,0,1396,46.53333333333333,0.3590619043781955,0.5688208301337383
UBFC_PHYS_s01_T3_test,0,1397,46.56666666666667,0.4565122841369032,0.43814791959806204
UBFC_PHYS_s01_T3_test,0,1398,46.6,0.5357052425735356,0.3247169636694686
UBFC_PHYS_s01_T3_test,0,1399,46.63333333333333,0.6009105049870641,0.19689651913592038
UBFC_PHYS_s01_T3_test,0,1400,46.666666666666664,0.6527508011306997,0.05125190335290687
UBFC_PHYS_s01_T3_test,0,1401,46.7,0.688545723496089,-0.0863556839613271
UBFC_PHYS_s01_T3_test,0,1402,46.733333333333334,0.7019097692863313,-0.2087747488183997
UBFC_PHYS_s01_T3_test,0,1403,46.766666666666666,0.6839241377143852,-0.3267020423868778
UBFC_PHYS_s01_T3_test,0,1404,46.8,0.6270381065995243,-0.4364341325981055
UBFC_PHYS_s01_T3_test,0,1405,46.833333333333336,0.527494275486979,-0.5190587226444815
UBFC_PHYS_s01_T3_test,0,1406,46.86666666666667,0.3855341475798501,-0.5868273747985493
UBFC_PHYS_s01_T3_test,0,1407,46.9,0.2083200314512418,-0.6821588902610122
UBFC_PHYS_s01_T3_test,0,1408,46.93333333333333,0.01372098610160991,-0.8092435033292195
UBFC_PHYS_s01_T3_test,0,1409,46.96666666666667,-0.17276579856250956,-0.9332119174321072
UBFC_PHYS_s01_T3_test,0,1410,47.0,-0.3266686746690537,-1.0051069227805876
UBFC_PHYS_s01_T3_test,0,1411,47.03333333333333,-0.43115954375156934,-0.9624053166283159
UBFC_PHYS_s01_T3_test,0,1412,47.06666666666667,-0.48005562097764704,-0.7800363265171956
UBFC_PHYS_s01_T3_test,0,1413,47.1,-0.47765491246565306,-0.4714352216612684
UBFC_PHYS_s01_T3_test,0,1414,47.13333333333333,-0.4341721525665442,-0.07823211770772082
UBFC_PHYS_s01_T3_test,0,1415,47.166666666666664,-0.360453227084176,0.3286902499561918
UBFC_PHYS_s01_T3_test,0,1416,47.2,-0.26682742147473615,0.6763255577652798
UBFC_PHYS_s01_T3_test,0,1417,47.233333333333334,-0.16451912154287385,0.8886726164788552
UBFC_PHYS_s01_T3_test,0,1418,47.266666666666666,-0.06571580354166738,0.9470810262993308
UBFC_PHYS_s01_T3_test,0,1419,47.3,0.018810517972325615,0.889203558107651
UBFC_PHYS_s01_T3_test,0,1420,47.333333333333336,0.08261331729878248,0.7489796548787746
UBFC_PHYS_s01_T3_test,0,1421,47.36666666666667,0.12415793127402194,0.5560115756327823
UBFC_PHYS_s01_T3_test,0,1422,47.4,0.145354092917446,0.3327391417955431
UBFC_PHYS_s01_T3_test,0,1423,47.43333333333333,0.150076802975934,0.0951223745515954
UBFC_PHYS_s01_T3_test,0,1424,47.46666666666667,0.14243282366324922,-0.11983061174275139
UBFC_PHYS_s01_T3_test,0,1425,47.5,0.12478539730615497,-0.25347159567757604
UBFC_PHYS_s01_T3_test,0,1426,47.53333333333333,0.09727185604051768,-0.2994218058539131
UBFC_PHYS_s01_T3_test,0,1427,47.56666666666667,0.059150612506156386,-0.302833671640317
UBFC_PHYS_s01_T3_test,0,1428,47.6,0.01097269380299801,-0.2949476078801152
UBFC_PHYS_s01_T3_test,0,1429,47.63333333333333,-0.04341524090306628,-0.29219540175876996
UBFC_PHYS_s01_T3_test,0,1430,47.666666666666664,-0.09664072921220167,-0.29241625236883456
UBFC_PHYS_s01_T3_test,0,1431,47.7,-0.14014251554307416,-0.2749595132102526
UBFC_PHYS_s01_T3_test,0,1432,47.733333333333334,-0.1671039643374889,-0.21967991511213322
UBFC_PHYS_s01_T3_test,0,1433,47.766666666666666,-0.17398238947183836,-0.10765622830211131
UBFC_PHYS_s01_T3_test,0,1434,47.8,-0.16092226383173205,0.05949993686582681
UBFC_PHYS_s01_T3_test,0,1435,47.833333333333336,-0.13063994741059726,0.2588839602133324
UBFC_PHYS_s01_T3_test,0,1436,47.86666666666667,-0.08502463691226131,0.45349088832755063
UBFC_PHYS_s01_T3_test,0,1437,47.9,-0.02305759573249702,0.5918604953912461
UBFC_PHYS_s01_T3_test,0,1438,47.93333333333333,0.05593954864626603,0.6331360618310446
UBFC_PHYS_s01_T3_test,0,1439,47.96666666666667,0.14648757797210854,0.5472708824567837
UBFC_PHYS_s01_T3_test,0,1440,48.0,0.23410302022479515,0.36483212866292547
UBFC_PHYS_s01_T3_test,0,1441,48.03333333333333,0.2976832012629872,0.1767702914793583
UBFC_PHYS_s01_T3_test,0,1442,48.06666666666667,0.3169750260409115,0.03319693852496602
UBFC_PHYS_s01_T3_test,0,1443,48.1,0.2825169670147008,-0.0566638155740818
UBFC_PHYS_s01_T3_test,0,1444,48.13333333333333,0.20204231867086392,-0.09311655928327625
UBFC_PHYS_s01_T3_test,0,1445,48.166666666666664,0.09810354810640128,-0.08528412571243463
UBFC_PHYS_s01_T3_test,0,1446,48.2,-0.0022012540829983813,-0.04589744531198671
UBFC_PHYS_s01_T3_test,0,1447,48.233333333333334,-0.07859600239898408,0.009079350953647952
UBFC_PHYS_s01_T3_test,0,1448,48.266666666666666,-0.12335623282508397,0.06631057557898605
UBFC_PHYS_s01_T3_test,0,1449,48.3,-0.13974717076409313,0.11514553184295843
UBFC_PHYS_s01_T3_test,0,1450,48.333333333333336,-0.1364929241333322,0.14215517096152913
UBFC_PHYS_s01_T3_test,0,1451,48.36666666666667,-0.12311756819410477,0.13123273684851985
UBFC_PHYS_s01_T3_test,0,1452,48.4,-0.10859374844156344,0.084132112534887
UBFC_PHYS_s01_T3_test,0,1453,48.43333333333333,-0.10199696122079253,0.020551890718946947
UBFC_PHYS_s01_T3_test,0,1454,48.46666666666667,-0.11161830958240704,-0.050700147429752894
UBFC_PHYS_s01_T3_test,0,1455,48.5,-0.14086085372049548,-0.13146115398618555
UBFC_PHYS_s01_T3_test,0,1456,48.53333333333333,-0.18467353569173123,-0.2177867072484617
UBFC_PHYS_s01_T3_test,0,1457,48.56666666666667,-0.23186494778375044,-0.2994589857176879
UBFC_PHYS_s01_T3_test,0,1458,48.6,-0.27151358375217166,-0.3719761497349663
UBFC_PHYS_s01_T3_test,0,1459,48.63333333333333,-0.29534009663185157,-0.4360919217567796
UBFC_PHYS_s01_T3_test,0,1460,48.666666666666664,-0.2936246424214299,-0.4956887049345088
UBFC_PHYS_s01_T3_test,0,1461,48.7,-0.25279676096286247,-0.5572269348395075
UBFC_PHYS_s01_T3_test,0,1462,48.733333333333334,-0.16307263312975373,-0.6168699090049644
UBFC_PHYS_s01_T3_test,0,1463,48.766666666666666,-0.03149210634975721,-0.6602013350570713
UBFC_PHYS_s01_T3_test,0,1464,48.8,0.11556061664330287,-0.6770330196300679
UBFC_PHYS_s01_T3_test,0,1465,48.833333333333336,0.246308196297982,-0.6614625362012072
UBFC_PHYS_s01_T3_test,0,1466,48.86666666666667,0.33969634945911836,-0.6110583488838665
UBFC_PHYS_s01_T3_test,0,1467,48.9,0.389953427087842,-0.5271390728041625
UBFC_PHYS_s01_T3_test,0,1468,48.93333333333333,0.4024165326073057,-0.4167932651213378
UBFC_PHYS_s01_T3_test,0,1469,48.96666666666667,0.38786484131591814,-0.29339032799958076
UBFC_PHYS_s01_T3_test,0,1470,49.0,0.35704485933223074,-0.1595567668438843
UBFC_PHYS_s01_T3_test,0,1471,49.03333333333333,0.31701188675630165,-0.00810499977645604
UBFC_PHYS_s01_T3_test,0,1472,49.06666666666667,0.2710286388370011,0.181628302113719
UBFC_PHYS_s01_T3_test,0,1473,49.1,0.21966631208909726,0.4419868898819852
UBFC_PHYS_s01_T3_test,0,1474,49.13333333333333,0.16137278859977372,0.7614152348276912
UBFC_PHYS_s01_T3_test,0,1475,49.166666666666664,0.09408828573643546,1.0828289244738518
UBFC_PHYS_s01_T3_test,0,1476,49.2,0.017472181179601014,1.3401150095423644
UBFC_PHYS_s01_T3_test,0,1477,49.233333333333334,-0.06643219103294427,1.4576655635182592
UBFC_PHYS_s01_T3_test,0,1478,49.266666666666666,-0.15366166775952816,1.4092698567594077
UBFC_PHYS_s01_T3_test,0,1479,49.3,-0.23899865223611166,1.217995613204638
UBFC_PHYS_s01_T3_test,0,1480,49.333333333333336,-0.31694696779948806,0.9396587791108536
UBFC_PHYS_s01_T3_test,0,1481,49.36666666666667,-0.3811529394017872,0.6625937501457733
UBFC_PHYS_s01_T3_test,0,1482,49.4,-0.4212875283307903,0.41576183680034134
UBFC_PHYS_s01_T3_test,0,1483,49.43333333333333,-0.4225278879572838,0.16994647569549898
UBFC_PHYS_s01_T3_test,0,1484,49.46666666666667,-0.37231331927040695,-0.07726085560013288
UBFC_PHYS_s01_T3_test,0,1485,49.5,-0.26968741418629233,-0.2995562631090249
UBFC_PHYS_s01_T3_test,0,1486,49.53333333333333,-0.128991113915818,-0.4796211969067676
UBFC_PHYS_s01_T3_test,0,1487,49.56666666666667,0.024461869545462846,-0.6079358707136463
UBFC_PHYS_s01_T3_test,0,1488,49.6,0.16339081991247473,-0.6856770708695279
UBFC_PHYS_s01_T3_test,0,1489,49.63333333333333,0.2672172007407183,-0.7236642678639635
UBFC_PHYS_s01_T3_test,0,1490,49.666666666666664,0.32707659750132706,-0.727394894174865
UBFC_PHYS_s01_T3_test,0,1491,49.7,0.3461819113334656,-0.696515183016535
UBFC_PHYS_s01_T3_test,0,1492,49.733333333333334,0.33547492860482886,-0.6304198237913776
UBFC_PHYS_s01_T3_test,0,1493,49.766666666666666,0.3066981522150979,-0.5284013041429503
UBFC_PHYS_s01_T3_test,0,1494,49.8,0.26755347700564874,-0.39728521530728356
UBFC_PHYS_s01_T3_test,0,1495,49.833333333333336,0.22109321315991773,-0.25188858191305064
UBFC_PHYS_s01_T3_test,0,1496,49.86666666666667,0.16721117089568907,-0.10249868488062622
UBFC_PHYS_s01_T3_test,0,1497,49.9,0.10449397414190446,0.04444307323415001
UBFC_PHYS_s01_T3_test,0,1498,49.93333333333333,0.031977079821944636,0.181057424951071
UBFC_PHYS_s01_T3_test,0,1499,49.96666666666667,-0.04973642310767623,0.2972494957882267
UBFC_PHYS_s01_T3_test,0,1500,50.0,-0.13746518973755692,0.38531919454676355
UBFC_PHYS_s01_T3_test,0,1501,50.03333333333333,-0.2246706604590159,0.43938716683536483
UBFC_PHYS_s01_T3_test,0,1502,50.06666666666667,-0.30297966652253683,0.4584483719265317
UBFC_PHYS_s01_T3_test,0,1503,50.1,-0.36534232330862154,0.44604053140545546
UBFC_PHYS_s01_T3_test,0,1504,50.13333333333333,-0.40677010581079315,0.4025019504512791
UBFC_PHYS_s01_T3_test,0,1505,50.166666666666664,-0.4220852097967698,0.3250682715649998
UBFC_PHYS_s01_T3_test,0,1506,50.2,-0.4048817966390187,0.21372380764837384
UBFC_PHYS_s01_T3_test,0,1507,50.233333333333334,-0.349835231165565,0.07176382640292595
UBFC_PHYS_s01_T3_test,0,1508,50.266666666666666,-0.2561891186353074,-0.09184919315100767
UBFC_PHYS_s01_T3_test,0,1509,50.3,-0.13070223119639934,-0.2617330438813891
UBFC_PHYS_s01_T3_test,0,1510,50.333333333333336,0.011287913253634582,-0.42855702290958647
UBFC_PHYS_s01_T3_test,0,1511,50.36666666666667,0.14947275249628167,-0.5881171281906444
UBFC_PHYS_s01_T3_test,0,1512,50.4,0.2654698245056566,-0.7314703801578344
UBFC_PHYS_s01_T3_test,0,1513,50.43333333333333,0.3475512609584757,-0.8440933263666462
UBFC_PHYS_s01_T3_test,0,1514,50.46666666666667,0.3925135773028098,-0.9136220588097516
UBFC_PHYS_s01_T3_test,0,1515,50.5,0.4059739347754536,-0.9294675776108932
UBFC_PHYS_s01_T3_test,0,1516,50.53333333333333,0.3974603301571227,-0.8844308540205265
UBFC_PHYS_s01_T3_test,0,1517,50.56666666666667,0.3720076353216001,-0.774883202505974
UBFC_PHYS_s01_T3_test,0,1518,50.6,0.32847096431250905,-0.5982209772802476
UBFC_PHYS_s01_T3_test,0,1519,50.63333333333333,0.26521489395932557,-0.3538269239716366
UBFC_PHYS_s01_T3_test,0,1520,50.666666666666664,0.18321153944440793,-0.06281140234461048
UBFC_PHYS_s01_T3_test,0,1521,50.7,0.08465071840377367,0.23073742775158707
UBFC_PHYS_s01_T3_test,0,1522,50.733333333333334,-0.026904593891360202,0.4961785740179412
UBFC_PHYS_s01_T3_test,0,1523,50.766666666666666,-0.14451234909429186,0.7149962088733501
UBFC_PHYS_s01_T3_test,0,1524,50.8,-0.25786115371526314,0.8956840801637146
UBFC_PHYS_s01_T3_test,0,1525,50.833333333333336,-0.3552586970797881,1.0718497155413207
UBFC_PHYS_s01_T3_test,0,1526,50.86666666666667,-0.4253451016970393,1.2425750269832203
UBFC_PHYS_s01_T3_test,0,1527,50.9,-0.4574472041690038,1.3711261029610133
UBFC_PHYS_s01_T3_test,0,1528,50.93333333333333,-0.44162323513230306,1.423939595692435
UBFC_PHYS_s01_T3_test,0,1529,50.96666666666667,-0.3719513187084431,1.3706497515253504
UBFC_PHYS_s01_T3_test,0,1530,51.0,-0.25299783026834766,1.190272231122406
UBFC_PHYS_s01_T3_test,0,1531,51.03333333333333,-0.10223955007289437,0.8722085193568926
UBFC_PHYS_s01_T3_test,0,1532,51.06666666666667,0.055512848444000173,0.4591831710025393
UBFC_PHYS_s01_T3_test,0,1533,51.1,0.19597356401523974,0.04834227097145662
UBFC_PHYS_s01_T3_test,0,1534,51.13333333333333,0.30063731909016156,-0.3124876076702397
UBFC_PHYS_s01_T3_test,0,1535,51.166666666666664,0.3613453842024269,-0.6231602850077106
UBFC_PHYS_s01_T3_test,0,1536,51.2,0.38344939703099234,-0.8792061524515152
UBFC_PHYS_s01_T3_test,0,1537,51.233333333333334,0.3814102895690045,-1.0696509114385502
UBFC_PHYS_s01_T3_test,0,1538,51.266666666666666,0.36687610855278957,-1.1808747627325444
UBFC_PHYS_s01_T3_test,0,1539,51.3,0.3402731210833587,-1.195557358256324
UBFC_PHYS_s01_T3_test,0,1540,51.333333333333336,0.29431440336899684,-1.1123824190362164
UBFC_PHYS_s01_T3_test,0,1541,51.36666666666667,0.2236447126357448,-0.9458981232573862
UBFC_PHYS_s01_T3_test,0,1542,51.4,0.12999260560562448,-0.7120446811371485
UBFC_PHYS_s01_T3_test,0,1543,51.43333333333333,0.020414335735484422,-0.428831193080548
UBFC_PHYS_s01_T3_test,0,1544,51.46666666666667,-0.09654226540785381,-0.12200710461173482
UBFC_PHYS_s01_T3_test,0,1545,51.5,-0.2121571667346862,0.1736911436616065
UBFC_PHYS_s01_T3_test,0,1546,51.53333333333333,-0.3169844644082779,0.4230078615401633
UBFC_PHYS_s01_T3_test,0,1547,51.56666666666667,-0.40224723957333186,0.589092745131202
UBFC_PHYS_s01_T3_test,0,1548,51.6,-0.4624950286257901,0.6700378784220903
UBFC_PHYS_s01_T3_test,0,1549,51.63333333333333,-0.4945009051771489,0.6977616762420753
UBFC_PHYS_s01_T3_test,0,1550,51.666666666666664,-0.49266701020885895,0.6895118341194076
UBFC_PHYS_s01_T3_test,0,1551,51.7,-0.44816507806235956,0.6471840168712228
UBFC_PHYS_s01_T3_test,0,1552,51.733333333333334,-0.3559391058225473,0.5603581045234339
UBFC_PHYS_s01_T3_test,0,1553,51.766666666666666,-0.22392730936429073,0.40691288702994743
UBFC_PHYS_s01_T3_test,0,1554,51.8,-0.07424070516167926,0.1918806016228265
UBFC_PHYS_s01_T3_test,0,1555,51.833333333333336,0.06662071120697341,-0.05159123667741684
UBFC_PHYS_s01_T3_test,0,1556,51.86666666666667,0.1797549313472383,-0.2921416760749387
UBFC_PHYS_s01_T3_test,0,1557,51.9,0.25872816878747035,-0.4993549525034754
UBFC_PHYS_s01_T3_test,0,1558,51.93333333333333,0.30719305636272376,-0.6632976725583853
UBFC_PHYS_s01_T3_test,0,1559,51.96666666666667,0.33349733374083546,-0.7933310348531066
UBFC_PHYS_s01_T3_test,0,1560,52.0,0.3449357569937811,-0.876304444949864
UBFC_PHYS_s01_T3_test,0,1561,52.03333333333333,0.34416410267910946,-0.8760277663079498
UBFC_PHYS_s01_T3_test,0,1562,52.06666666666667,0.32983069652131713,-0.7836811766761875
UBFC_PHYS_s01_T3_test,0,1563,52.1,0.29985367649114747,-0.6181116550049566
UBFC_PHYS_s01_T3_test,0,1564,52.13333333333333,0.2538845206626687,-0.4115031606432568
UBFC_PHYS_s01_T3_test,0,1565,52.166666666666664,0.1939488566944219,-0.2096893358591045
UBFC_PHYS_s01_T3_test,0,1566,52.2,0.12402129155060922,-0.03036145596853005
UBFC_PHYS_s01_T3_test,0,1567,52.233333333333334,0.04863387372423946,0.135933924606087
UBFC_PHYS_s01_T3_test,0,1568,52.266666666666666,-0.028313292441305322,0.3167732422877605
UBFC_PHYS_s01_T3_test,0,1569,52.3,-0.10294435324019158,0.5558086191949518
UBFC_PHYS_s01_T3_test,0,1570,52.333333333333336,-0.17047213804154537,0.8184998442914584
UBFC_PHYS_s01_T3_test,0,1571,52.36666666666667,-0.22526752366030434,0.9913434697392289
UBFC_PHYS_s01_T3_test,0,1572,52.4,-0.26051717910393063,1.0235462969582936
UBFC_PHYS_s01_T3_test,0,1573,52.43333333333333,-0.26860639961495625,0.9272118973016303
UBFC_PHYS_s01_T3_test,0,1574,52.46666666666667,-0.2449133610561824,0.74680749463512
UBFC_PHYS_s01_T3_test,0,1575,52.5,-0.19239871313347412,0.5585537838515141
UBFC_PHYS_s01_T3_test,0,1576,52.53333333333333,-0.1226491959872508,0.3880103303785597
UBFC_PHYS_s01_T3_test,0,1577,52.56666666666667,-0.05229300450420789,0.210687933875806
UBFC_PHYS_s01_T3_test,0,1578,52.6,0.0047264439806915205,0.024953240132608415
UBFC_PHYS_s01_T3_test,0,1579,52.63333333333333,0.044531307168000404,-0.14663758934984797
UBFC_PHYS_s01_T3_test,0,1580,52.666666666666664,0.0734436978496951,-0.29398063845524774
UBFC_PHYS_s01_T3_test,0,1581,52.7,0.10139868360980203,-0.41845897708525404
UBFC_PHYS_s01_T3_test,0,1582,52.733333333333334,0.13500498170946731,-0.5143210391133641
UBFC_PHYS_s01_T3_test,0,1583,52.766666666666666,0.1731542706808258,-0.5679231232719584
UBFC_PHYS_s01_T3_test,0,1584,52.8,0.20653289261038338,-0.5785443940188677
UBFC_PHYS_s01_T3_test,0,1585,52.833333333333336,0.2227350667606809,-0.557993506015094
UBFC_PHYS_s01_T3_test,0,1586,52.86666666666667,0.21281530059514087,-0.5151669256446931
UBFC_PHYS_s01_T3_test,0,1587,52.9,0.17364957447743015,-0.45591483752159806
UBFC_PHYS_s01_T3_test,0,1588,52.93333333333333,0.10756189970960671,-0.37550556340869395
UBFC_PHYS_s01_T3_test,0,1589,52.96666666666667,0.021443559313715506,-0.2591677464624441
UBFC_PHYS_s01_T3_test,0,1590,53.0,-0.0759461463245432,-0.11281554002812424
UBFC_PHYS_s01_T3_test,0,1591,53.03333333333333,-0.17595079202751676,0.036301521147618226
UBFC_PHYS_s01_T3_test,0,1592,53.06666666666667,-0.2675955898077997,0.17473267422132735
UBFC_PHYS_s01_T3_test,0,1593,53.1,-0.33502702999534617,0.3021557742749948
UBFC_PHYS_s01_T3_test,0,1594,53.13333333333333,-0.3605484476187232,0.41390869815617853
UBFC_PHYS_s01_T3_test,0,1595,53.166666666666664,-0.33220924936390106,0.5002224730971646
UBFC_PHYS_s01_T3_test,0,1596,53.2,-0.25141464572470035,0.5552882527990565
UBFC_PHYS_s01_T3_test,0,1597,53.233333333333334,-0.13502330605140406,0.5768221762885261
UBFC_PHYS_s01_T3_test,0,1598,53.266666666666666,-0.008381404037933141,0.5753354950614736
UBFC_PHYS_s01_T3_test,0,1599,53.3,0.10561952053838844,0.5736991979271436
UBFC_PHYS_s01_T3_test,0,1600,53.333333333333336,0.19229288355024415,0.5537604842338615
UBFC_PHYS_s01_T3_test,0,1601,53.36666666666667,0.2450105884642388,0.45690413899051974
UBFC_PHYS_s01_T3_test,0,1602,53.4,0.26464310376865385,0.2708790835270885
UBFC_PHYS_s01_T3_test,0,1603,53.43333333333333,0.258606519068731,0.030873571155281884
UBFC_PHYS_s01_T3_test,0,1604,53.46666666666667,0.23608269928322767,-0.23017317418542954
UBFC_PHYS_s01_T3_test,0,1605,53.5,0.20189830921518792,-0.48077584180191135
UBFC_PHYS_s01_T3_test,0,1606,53.53333333333333,0.15528510599837164,-0.7013121666957068
UBFC_PHYS_s01_T3_test,0,1607,53.56666666666667,0.0938815985218107,-0.8827785099289175
UBFC_PHYS_s01_T3_test,0,1608,53.6,0.017392773566429157,-1.0178790843592425
UBFC_PHYS_s01_T3_test,0,1609,53.63333333333333,-0.07183043624144628,-1.0999375437148258
UBFC_PHYS_s01_T3_test,0,1610,53.666666666666664,-0.16907256608993748,-1.1150698614577026
UBFC_PHYS_s01_T3_test,0,1611,53.7,-0.26739338017911984,-1.0420165601011524
UBFC_PHYS_s01_T3_test,0,1612,53.733333333333334,-0.35920916202981423,-0.8744067282370616
UBFC_PHYS_s01_T3_test,0,1613,53.766666666666666,-0.4384007216554316,-0.6215025478932799
UBFC_PHYS_s01_T3_test,0,1614,53.8,-0.5001556022062266,-0.2937270193266872
UBFC_PHYS_s01_T3_test,0,1615,53.833333333333336,-0.538471922697498,0.09577500384622611
UBFC_PHYS_s01_T3_test,0,1616,53.86666666666667,-0.543243683459163,0.5099782617891384
UBFC_PHYS_s01_T3_test,0,1617,53.9,-0.4998056951369923,0.8862011129264952
UBFC_PHYS_s01_T3_test,0,1618,53.93333333333333,-0.39517445658637557,1.178285702324979
UBFC_PHYS_s01_T3_test,0,1619,53.96666666666667,-0.23027760234773093,1.3551879874945871
UBFC_PHYS_s01_T3_test,0,1620,54.0,-0.026773804636260914,1.4162160092258225
UBFC_PHYS_s01_T3_test,0,1621,54.03333333333333,0.18248024234045088,1.3897549414244494
UBFC_PHYS_s01_T3_test,0,1622,54.06666666666667,0.3717374273132581,1.2814839698731881
UBFC_PHYS_s01_T3_test,0,1623,54.1,0.5305608658271311,1.0743965172440184
UBFC_PHYS_s01_T3_test,0,1624,54.13333333333333,0.6580749437500826,0.7714815936965871
UBFC_PHYS_s01_T3_test,0,1625,54.166666666666664,0.7550173034878389,0.3971368554659732
UBFC_PHYS_s01_T3_test,0,1626,54.2,0.8209923686205405,-0.009567818528965589
UBFC_PHYS_s01_T3_test,0,1627,54.233333333333334,0.8561887912038154,-0.39330290518112476
UBFC_PHYS_s01_T3_test,0,1628,54.266666666666666,0.86265815214799,-0.7214246615773005
UBFC_PHYS_s01_T3_test,0,1629,54.3,0.838340677159933,-0.9821293064247365
UBFC_PHYS_s01_T3_test,0,1630,54.333333333333336,0.769283836830915,-1.1673046820097248
UBFC_PHYS_s01_T3_test,0,1631,54.36666666666667,0.6378387293314505,-1.2708635394703967
UBFC_PHYS_s01_T3_test,0,1632,54.4,0.44473979104319916,-1.2895712712060248
UBFC_PHYS_s01_T3_test,0,1633,54.43333333333333,0.21694335633128448,-1.2223772693690729
UBFC_PHYS_s01_T3_test,0,1634,54.46666666666667,-0.010230435152450895,-1.0726377288507627
UBFC_PHYS_s01_T3_test,0,1635,54.5,-0.21339074356498494,-0.8484973527047754
UBFC_PHYS_s01_T3_test,0,1636,54.53333333333333,-0.3848358238000612,-0.5586164187506466
UBFC_PHYS_s01_T3_test,0,1637,54.56666666666667,-0.5278390590676033,-0.21353988048162886
UBFC_PHYS_s01_T3_test,0,1638,54.6,-0.6508669504354148,0.15556860070772155
UBFC_PHYS_s01_T3_test,0,1639,54.63333333333333,-0.7569665671311048,0.49532937068517086
UBFC_PHYS_s01_T3_test,0,1640,54.666666666666664,-0.8353471296034218,0.7769096169051991
UBFC_PHYS_s01_T3_test,0,1641,54.7,-0.8668292740896799,0.994395569608531
UBFC_PHYS_s01_T3_test,0,1642,54.733333333333334,-0.8366817159182705,1.1476647671042597
UBFC_PHYS_s01_T3_test,0,1643,54.766666666666666,-0.7423540203872395,1.2408145156981405
UBFC_PHYS_s01_T3_test,0,1644,54.8,-0.5959290643245969,1.2599811518715454
UBFC_PHYS_s01_T3_test,0,1645,54.833333333333336,-0.4227752802562265,1.1730687133868278
UBFC_PHYS_s01_T3_test,0,1646,54.86666666666667,-0.2540896450728818,0.9721571776208701
UBFC_PHYS_s01_T3_test,0,1647,54.9,-0.11683596317422851,0.6743654251551546
UBFC_PHYS_s01_T3_test,0,1648,54.93333333333333,-0.026020318408714736,0.31481701642889304
UBFC_PHYS_s01_T3_test,0,1649,54.96666666666667,0.020317313819648478,-0.05221356937788195
UBFC_PHYS_s01_T3_test,0,1650,55.0,0.040369342659686155,-0.3924305189494549
UBFC_PHYS_s01_T3_test,0,1651,55.03333333333333,0.057718672443554636,-0.6898452465596622
UBFC_PHYS_s01_T3_test,0,1652,55.06666666666667,0.08668097312787976,-0.9328405666352508
UBFC_PHYS_s01_T3_test,0,1653,55.1,0.12718147152588427,-1.11234846926547
UBFC_PHYS_s01_T3_test,0,1654,55.13333333333333,0.17158614255988408,-1.2215624203440494
UBFC_PHYS_s01_T3_test,0,1655,55.166666666666664,0.21298126642376713,-1.2548334101118668
UBFC_PHYS_s01_T3_test,0,1656,55.2,0.24782777970083797,-1.2089135388914427
UBFC_PHYS_s01_T3_test,0,1657,55.233333333333334,0.2757647024441009,-1.0828145092932748
UBFC_PHYS_s01_T3_test,0,1658,55.266666666666666,0.2989596797179627,-0.8745900183312838
UBFC_PHYS_s01_T3_test,0,1659,55.3,0.3194534885963301,-0.5823160768847688
UBFC_PHYS_s01_T3_test,0,1660,55.333333333333336,0.33642000313394005,-0.2241474832557849
UBFC_PHYS_s01_T3_test,0,1661,55.36666666666667,0.34689973295773374,0.1600776100748611
UBFC_PHYS_s01_T3_test,0,1662,55.4,0.34770177722494566,0.5315728063286121
UBFC_PHYS_s01_T3_test,0,1663,55.43333333333333,0.3350186718214394,0.8509302513978001
UBFC_PHYS_s01_T3_test,0,1664,55.46666666666667,0.3042035592224861,1.102705106664992
UBFC_PHYS_s01_T3_test,0,1665,55.5,0.2527984994261037,1.2935404367186514
UBFC_PHYS_s01_T3_test,0,1666,55.53333333333333,0.1844188628917304,1.4077753204219863
UBFC_PHYS_s01_T3_test,0,1667,55.56666666666667,0.10913937414623302,1.406511030581289
UBFC_PHYS_s01_T3_test,0,1668,55.6,0.03901717367100859,1.272488665849739
UBFC_PHYS_s01_T3_test,0,1669,55.63333333333333,-0.01929346640718089,1.0105964816087245
UBFC_PHYS_s01_T3_test,0,1670,55.666666666666664,-0.07008374407625206,0.6521589955423879
UBFC_PHYS_s01_T3_test,0,1671,55.7,-0.12628596197692057,0.2559301146344722
UBFC_PHYS_s01_T3_test,0,1672,55.733333333333334,-0.198801523513073,-0.13329998400314572
UBFC_PHYS_s01_T3_test,0,1673,55.766666666666666,-0.28548077217788737,-0.48312485616347084
UBFC_PHYS_s01_T3_test,0,1674,55.8,-0.3678865465251815,-0.7735725267573985
UBFC_PHYS_s01_T3_test,0,1675,55.833333333333336,-0.41786217705358186,-0.9951396879432293
UBFC_PHYS_s01_T3_test,0,1676,55.86666666666667,-0.4119165823268818,-1.1428113670631737
UBFC_PHYS_s01_T3_test,0,1677,55.9,-0.34597149173766434,-1.2145894287654206
UBFC_PHYS_s01_T3_test,0,1678,55.93333333333333,-0.2386729772340221,-1.2120708498979718
UBFC_PHYS_s01_T3_test,0,1679,55.96666666666667,-0.12011905247357052,-1.1398725888957
UBFC_PHYS_s01_T3_test,0,1680,56.0,-0.016272997784243584,-0.9969432876260724
UBFC_PHYS_s01_T3_test,0,1681,56.03333333333333,0.05944150430048163,-0.7771127249853307
UBFC_PHYS_s01_T3_test,0,1682,56.06666666666667,0.10447560819544785,-0.48569807385945934
UBFC_PHYS_s01_T3_test,0,1683,56.1,0.12086465628611917,-0.1409424079240549
UBFC_PHYS_s01_T3_test,0,1684,56.13333333333333,0.11195718436410584,0.22456522857044944
UBFC_PHYS_s01_T3_test,0,1685,56.166666666666664,0.08420467674879359,0.5623334161615923
UBFC_PHYS_s01_T3_test,0,1686,56.2,0.04922296900070813,0.846801766493821
UBFC_PHYS_s01_T3_test,0,1687,56.233333333333334,0.021216001297723927,1.0736323011909057
UBFC_PHYS_s01_T3_test,0,1688,56.266666666666666,0.01090772469493265,1.2352680344105902
UBFC_PHYS_s01_T3_test,0,1689,56.3,0.021423897311122077,1.3195091931627734
UBFC_PHYS_s01_T3_test,0,1690,56.333333333333336,0.04940810324434768,1.3045856610686353
UBFC_PHYS_s01_T3_test,0,1691,56.36666666666667,0.08970163133343297,1.1591784794879076
UBFC_PHYS_s01_T3_test,0,1692,56.4,0.1377968484456822,0.8898483489637856
UBFC_PHYS_s01_T3_test,0,1693,56.43333333333333,0.18634763525702028,0.541901552549733
UBFC_PHYS_s01_T3_test,0,1694,56.46666666666667,0.22213032699341245,0.15689767061498663
UBFC_PHYS_s01_T3_test,0,1695,56.5,0.2312948215635886,-0.22603038747616094
UBFC_PHYS_s01_T3_test,0,1696,56.53333333333333,0.2077011533777931,-0.5773720041697897
UBFC_PHYS_s01_T3_test,0,1697,56.56666666666667,0.15483540178889493,-0.8753176474418084
UBFC_PHYS_s01_T3_test,0,1698,56.6,0.08270169653307415,-1.102832907249037
UBFC_PHYS_s01_T3_test,0,1699,56.63333333333333,0.005762713624216234,-1.2459924686155335
UBFC_PHYS_s01_T3_test,0,1700,56.666666666666664,-0.05827929692827648,-1.3000615690228272
UBFC_PHYS_s01_T3_test,0,1701,56.7,-0.09254224493889915,-1.2685981244957618
UBFC_PHYS_s01_T3_test,0,1702,56.733333333333334,-0.0884698418433385,-1.1546147242176117
UBFC_PHYS_s01_T3_test,0,1703,56.766666666666666,-0.051438812837345124,-0.960726081717196
UBFC_PHYS_s01_T3_test,0,1704,56.8,0.0018143562230637372,-0.6934060476220548
UBFC_PHYS_s01_T3_test,0,1705,56.833333333333336,0.05170000898579725,-0.3642152059058133
UBFC_PHYS_s01_T3_test,0,1706,56.86666666666667,0.0832373168461307,0.00693125630390759
UBFC_PHYS_s01_T3_test,0,1707,56.9,0.08996024248143274,0.3899438070191899
UBFC_PHYS_s01_T3_test,0,1708,56.93333333333333,0.07309841122298272,0.755463943840162
UBFC_PHYS_s01_T3_test,0,1709,56.96666666666667,0.03617660992330669,1.0729302818813302
UBFC_PHYS_s01_T3_test,0,1710,57.0,-0.018546921048023808,1.314253554256086
UBFC_PHYS_s01_T3_test,0,1711,57.03333333333333,-0.08860916051774309,1.452325000930223
UBFC_PHYS_s01_T3_test,0,1712,57.06666666666667,-0.17054993817208894,1.469443158951228
UBFC_PHYS_s01_T3_test,0,1713,57.1,-0.26067615512537595,1.3568249448570697
UBFC_PHYS_s01_T3_test,0,1714,57.13333333333333,-0.3521948416374584,1.1247523854280592
UBFC_PHYS_s01_T3_test,0,1715,57.166666666666664,-0.4314207312789151,0.8030930042474612
UBFC_PHYS_s01_T3_test,0,1716,57.2,-0.4794349006107964,0.4245661378249938
UBFC_PHYS_s01_T3_test,0,1717,57.233333333333334,-0.47860344832271123,0.026131137626045558
UBFC_PHYS_s01_T3_test,0,1718,57.266666666666666,-0.4210177028588545,-0.35994144314924575
UBFC_PHYS_s01_T3_test,0,1719,57.3,-0.3152068001860204,-0.7041097930345867
UBFC_PHYS_s01_T3_test,0,1720,57.333333333333336,-0.18388977262049816,-0.9840292711837253
UBFC_PHYS_s01_T3_test,0,1721,57.36666666666667,-0.05189357664312649,-1.1826965001790701
UBFC_PHYS_s01_T3_test,0,1722,57.4,0.06544521562260236,-1.2959034179520543
UBFC_PHYS_s01_T3_test,0,1723,57.43333333333333,0.16519210234804474,-1.330912388558843
UBFC_PHYS_s01_T3_test,0,1724,57.46666666666667,0.2524833727442657,-1.2871076445386698
UBFC_PHYS_s01_T3_test,0,1725,57.5,0.33367486777314304,-1.155756995201811
UBFC_PHYS_s01_T3_test,0,1726,57.53333333333333,0.41026133769883977,-0.943884743153738
UBFC_PHYS_s01_T3_test,0,1727,57.56666666666667,0.47656683954797213,-0.6750241867417004
UBFC_PHYS_s01_T3_test,0,1728,57.6,0.5230827412024792,-0.3642202175184173
UBFC_PHYS_s01_T3_test,0,1729,57.63333333333333,0.5423961241816989,-0.01955093725894204
UBFC_PHYS_s01_T3_test,0,1730,57.666666666666664,0.5319881833857208,0.34993456729429756
UBFC_PHYS_s01_T3_test,0,1731,57.7,0.4927316216361819,0.7319721616859132
UBFC_PHYS_s01_T3_test,0,1732,57.733333333333334,0.4257040706425723,1.0878051410281793
UBFC_PHYS_s01_T3_test,0,1733,57.766666666666666,0.3290467338779662,1.350531978103189
UBFC_PHYS_s01_T3_test,0,1734,57.8,0.19865517117658876,1.4815283126674175
UBFC_PHYS_s01_T3_test,0,1735,57.833333333333336,0.035185139252480124,1.4696587535408507
UBFC_PHYS_s01_T3_test,0,1736,57.86666666666667,-0.15034693928753567,1.3270072269822404
UBFC_PHYS_s01_T3_test,0,1737,57.9,-0.33913002309417084,1.0886140494481809
UBFC_PHYS_s01_T3_test,0,1738,57.93333333333333,-0.5091607906861884,0.7821752185220061
UBFC_PHYS_s01_T3_test,0,1739,57.96666666666667,-0.6365926003247112,0.4289716788776062
UBFC_PHYS_s01_T3_test,0,1740,58.0,-0.6983271738083456,0.05575473280163902
UBFC_PHYS_s01_T3_test,0,1741,58.03333333333333,-0.6789201992440155,-0.3034609596732839
UBFC_PHYS_s01_T3_test,0,1742,58.06666666666667,-0.5788752592282411,-0.6225114321230794
UBFC_PHYS_s01_T3_test,0,1743,58.1,-0.41898924155201345,-0.8812253808963564
UBFC_PHYS_s01_T3_test,0,1744,58.13333333333333,-0.23426178348514592,-1.0671476083152358
UBFC_PHYS_s01_T3_test,0,1745,58.166666666666664,-0.058218189871521275,-1.1740112957837918
UBFC_PHYS_s01_T3_test,0,1746,58.2,0.08944958936049996,-1.1973760838215028
UBFC_PHYS_s01_T3_test,0,1747,58.233333333333334,0.20324341040723312,-1.1339712001175573
UBFC_PHYS_s01_T3_test,0,1748,58.266666666666666,0.2861050552526937,-0.9883333812815606
UBFC_PHYS_s01_T3_test,0,1749,58.3,0.34462430343129513,-0.7731299668358426
UBFC_PHYS_s01_T3_test,0,1750,58.333333333333336,0.3848957225938879,-0.5075400641062351
UBFC_PHYS_s01_T3_test,0,1751,58.36666666666667,0.40873214328918356,-0.2182622032108929
UBFC_PHYS_s01_T3_test,0,1752,58.4,0.4128506083692384,0.07492693412005028
UBFC_PHYS_s01_T3_test,0,1753,58.43333333333333,0.3915839966942723,0.3576367742674814
UBFC_PHYS_s01_T3_test,0,1754,58.46666666666667,0.3411181476532297,0.6127517081941494
UBFC_PHYS_s01_T3_test,0,1755,58.5,0.2629102956055306,0.8188580974648438
UBFC_PHYS_s01_T3_test,0,1756,58.53333333333333,0.16323823592751074,0.9377613131648442
UBFC_PHYS_s01_T3_test,0,1757,58.56666666666667,0.04885987804971403,0.9140685439698515
UBFC_PHYS_s01_T3_test,0,1758,58.6,-0.07500751689872584,0.7324998650824559
UBFC_PHYS_s01_T3_test,0,1759,58.63333333333333,-0.20181982851614724,0.41846293562222736
UBFC_PHYS_s01_T3_test,0,1760,58.666666666666664,-0.3225184622825776,0.05380507900449011
UBFC_PHYS_s01_T3_test,0,1761,58.7,-0.428535492570564,-0.22332084234009245
UBFC_PHYS_s01_T3_test,0,1762,58.733333333333334,-0.5119208213603558,-0.36307693926747286
UBFC_PHYS_s01_T3_test,0,1763,58.766666666666666,-0.5603605474890827,-0.40340677592489643
UBFC_PHYS_s01_T3_test,0,1764,58.8,-0.556373890073985,-0.3736469609540738
UBFC_PHYS_s01_T3_test,0,1765,58.833333333333336,-0.48659348357262777,-0.2933997278758971
UBFC_PHYS_s01_T3_test,0,1766,58.86666666666667,-0.35270842809560365,-0.1860723756492617
UBFC_PHYS_s01_T3_test,0,1767,58.9,-0.17370107479687755,-0.07877547399468691
UBFC_PHYS_s01_T3_test,0,1768,58.93333333333333,0.02024898755517999,0.01882934906245385
UBFC_PHYS_s01_T3_test,0,1769,58.96666666666667,0.19724781727309507,0.11405058830324954
UBFC_PHYS_s01_T3_test,0,1770,59.0,0.3335516470012444,0.21341936023864436
UBFC_PHYS_s01_T3_test,0,1771,59.03333333333333,0.42054258947634154,0.3218407329068304
UBFC_PHYS_s01_T3_test,0,1772,59.06666666666667,0.465395659640505,0.4284797891649995
UBFC_PHYS_s01_T3_test,0,1773,59.1,0.4840492005793558,0.5063298046433464
UBFC_PHYS_s01_T3_test,0,1774,59.13333333333333,0.48929526254481226,0.5386120210797022
UBFC_PHYS_s01_T3_test,0,1775,59.166666666666664,0.48335781134758715,0.5187454163096654
UBFC_PHYS_s01_T3_test,0,1776,59.2,0.4623849343170515,0.4474552615895647
UBFC_PHYS_s01_T3_test,0,1777,59.233333333333334,0.4253731898154307,0.3329485909131428
UBFC_PHYS_s01_T3_test,0,1778,59.266666666666666,0.374727744533868,0.18625242768296993
UBFC_PHYS_s01_T3_test,0,1779,59.3,0.3093155527665736,0.021776915018322764
UBFC_PHYS_s01_T3_test,0,1780,59.333333333333336,0.22111418740507674,-0.14269252430509433
UBFC_PHYS_s01_T3_test,0,1781,59.36666666666667,0.101058137025135,-0.2852675605967558
UBFC_PHYS_s01_T3_test,0,1782,59.4,-0.051547277966120186,-0.3984607523606704
UBFC_PHYS_s01_T3_test,0,1783,59.43333333333333,-0.22591150645026276,-0.4883231183706971
UBFC_PHYS_s01_T3_test,0,1784,59.46666666666667,-0.4051914902236806,-0.55434789479289
UBFC_PHYS_s01_T3_test,0,1785,59.5,-0.5729009220021193,-0.5887955517390493
UBFC_PHYS_s01_T3_test,0,1786,59.53333333333333,-0.7142411182701274,-0.5920966282705085
UBFC_PHYS_s01_T3_test,0,1787,59.56666666666667,-0.8132095214643862,-0.5725621908269676
UBFC_PHYS_s01_T3_test,0,1788,59.6,-0.8494214093905146,-0.5341938398825065
UBFC_PHYS_s01_T3_test,0,1789,59.63333333333333,-0.8020703852387612,-0.4766957338289821
UBFC_PHYS_s01_T3_test,0,1790,59.666666666666664,-0.6648081426129154,-0.39595675603517166
UBFC_PHYS_s01_T3_test,0,1791,59.7,-0.45775680069607744,-0.2845854539862051
UBFC_PHYS_s01_T3_test,0,1792,59.733333333333334,-0.219394840621141,-0.14624883401896369
UBFC_PHYS_s01_T3_test,0,1793,59.766666666666666,0.013517544548449476,0.0036166002565126767
UBFC_PHYS_s01_T3_test,0,1794,59.8,0.21658311935665686,0.15608564895011087
UBFC_PHYS_s01_T3_test,0,1795,59.833333333333336,0.3775383474454323,0.30789980595035804
UBFC_PHYS_s01_T3_test,0,1796,59.86666666666667,0.4951782350095847,0.4491795941515698
UBFC_PHYS_s01_T3_test,0,1797,59.9,0.5759914012657237,0.5625899850581915
UBFC_PHYS_s01_T3_test,0,1798,59.93333333333333,0.6266035742691409,0.6317793054108055
UBFC_PHYS_s01_T3_test,0,1799,59.96666666666667,0.6495102465851162,0.6410080445154379
UBFC_PHYS_s01_T3_test,0,1800,60.0,0.6441991120251599,0.5986960073351973
UBFC_PHYS_s01_T3_test,0,1801,60.03333333333333,0.6081898796307632,0.537089431235941
UBFC_PHYS_s01_T3_test,0,1802,60.06666666666667,0.5384493513559714,0.47275950348489276
UBFC_PHYS_s01_T3_test,0,1803,60.1,0.4362365627584958,0.406548933166651
UBFC_PHYS_s01_T3_test,0,1804,60.13333333333333,0.31013276279799906,0.3301651174681696
UBFC_PHYS_s01_T3_test,0,1805,60.166666666666664,0.17137881175540023,0.22688126252972277
UBFC_PHYS_s01_T3_test,0,1806,60.2,0.02684454728645939,0.09116807033126881
UBFC_PHYS_s01_T3_test,0,1807,60.233333333333334,-0.12124359772047137,-0.0704177762016158
UBFC_PHYS_s01_T3_test,0,1808,60.266666666666666,-0.2704199900601276,-0.2451423713650004
UBFC_PHYS_s01_T3_test,0,1809,60.3,-0.41626971125323714,-0.413318767171242
UBFC_PHYS_s01_T3_test,0,1810,60.333333333333336,-0.5532668792607891,-0.561594640650918
UBFC_PHYS_s01_T3_test,0,1811,60.36666666666667,-0.6708950962240128,-0.682157365984962
UBFC_PHYS_s01_T3_test,0,1812,60.4,-0.747842309472281,-0.772818378004207
UBFC_PHYS_s01_T3_test,0,1813,60.43333333333333,-0.7557930038309991,-0.8362531451572129
UBFC_PHYS_s01_T3_test,0,1814,60.46666666666667,-0.6749472956201447,-0.873843363679983
UBFC_PHYS_s01_T3_test,0,1815,60.5,-0.508794216577259,-0.8852414998674882
UBFC_PHYS_s01_T3_test,0,1816,60.53333333333333,-0.28544034037890276,-0.8639339238874113
UBFC_PHYS_s01_T3_test,0,1817,60.56666666666667,-0.0460593471173002,-0.7974231294887979
UBFC_PHYS_s01_T3_test,0,1818,60.6,0.16916754442704138,-0.6810942694971923
UBFC_PHYS_s01_T3_test,0,1819,60.63333333333333,0.3308099420093831,-0.5189134675088911
UBFC_PHYS_s01_T3_test,0,1820,60.666666666666664,0.4263322770845114,-0.3015201371043889
UBFC_PHYS_s01_T3_test,0,1821,60.7,0.46193453776118143,-0.007751225558737175
UBFC_PHYS_s01_T3_test,0,1822,60.733333333333334,0.4559010258228361,0.3615465321416414
UBFC_PHYS_s01_T3_test,0,1823,60.766666666666666,0.4261919261361351,0.7813516330855742
UBFC_PHYS_s01_T3_test,0,1824,60.8,0.383781566874348,1.1945952616528412
UBFC_PHYS_s01_T3_test,0,1825,60.833333333333336,0.3359386762552652,1.5107335447593577
UBFC_PHYS_s01_T3_test,0,1826,60.86666666666667,0.28987334141377946,1.6755021773059005
UBFC_PHYS_s01_T3_test,0,1827,60.9,0.25062023073612083,1.6701820508090188
UBFC_PHYS_s01_T3_test,0,1828,60.93333333333333,0.21801294230840618,1.5182643228637165
UBFC_PHYS_s01_T3_test,0,1829,60.96666666666667,0.1864577725759605,1.2848171168629894
UBFC_PHYS_s01_T3_test,0,1830,61.0,0.14667528901107255,1.0025886399170607
UBFC_PHYS_s01_T3_test,0,1831,61.03333333333333,0.08975796816742904,0.6727799046380452
UBFC_PHYS_s01_T3_test,0,1832,61.06666666666667,0.012399243216254206,0.30939990021613384
UBFC_PHYS_s01_T3_test,0,1833,61.1,-0.08151084995324805,-0.05869919839076855
UBFC_PHYS_s01_T3_test,0,1834,61.13333333333333,-0.1843307736784922,-0.40043572820542217
UBFC_PHYS_s01_T3_test,0,1835,61.166666666666664,-0.2883906081742505,-0.6806595880764631
UBFC_PHYS_s01_T3_test,0,1836,61.2,-0.3855985217246827,-0.8832786559404758
UBFC_PHYS_s01_T3_test,0,1837,61.233333333333334,-0.4638771786019338,-1.0096099573763038
UBFC_PHYS_s01_T3_test,0,1838,61.266666666666666,-0.5052837751836574,-1.0668803785759886
UBFC_PHYS_s01_T3_test,0,1839,61.3,-0.4913765100777456,-1.0670141358219125
UBFC_PHYS_s01_T3_test,0,1840,61.333333333333336,-0.4151844719527056,-1.0213133994560275
UBFC_PHYS_s01_T3_test,0,1841,61.36666666666667,-0.2888341469363284,-0.9400483030414994
UBFC_PHYS_s01_T3_test,0,1842,61.4,-0.13882887354133175,-0.8310587673402485
UBFC_PHYS_s01_T3_test,0,1843,61.43333333333333,0.005859307373386801,-0.7000491367904293
UBFC_PHYS_s01_T3_test,0,1844,61.46666666666667,0.12495976493666205,-0.5512948814145193
UBFC_PHYS_s01_T3_test,0,1845,61.5,0.2130078526982577,-0.3884190644429747
UBFC_PHYS_s01_T3_test,0,1846,61.53333333333333,0.2766921075279075,-0.20556989471810005
UBFC_PHYS_s01_T3_test,0,1847,61.56666666666667,0.3256407152672952,0.0112633089647831
UBFC_PHYS_s01_T3_test,0,1848,61.6,0.3649553859386505,0.2537696387066644
UBFC_PHYS_s01_T3_test,0,1849,61.63333333333333,0.39282668092286693,0.49000891415650477
UBFC_PHYS_s01_T3_test,0,1850,61.666666666666664,0.40200324196235127,0.6856460481764822
UBFC_PHYS_s01_T3_test,0,1851,61.7,0.3848395451499279,0.8032484156493485
UBFC_PHYS_s01_T3_test,0,1852,61.733333333333334,0.3383358656552045,0.8469740115691815
UBFC_PHYS_s01_T3_test,0,1853,61.766666666666666,0.2641803181066969,0.8616111882114271
UBFC_PHYS_s01_T3_test,0,1854,61.8,0.16571598502827342,0.8557628560938412
UBFC_PHYS_s01_T3_test,0,1855,61.833333333333336,0.04731967353623939,0.8015016525437519
UBFC_PHYS_s01_T3_test,0,1856,61.86666666666667,-0.08356436810751162,0.6863523542252994
UBFC_PHYS_s01_T3_test,0,1857,61.9,-0.21577385999233328,0.5140546920836607
UBFC_PHYS_s01_T3_test,0,1858,61.93333333333333,-0.33712428852472753,0.30336112782837005
UBFC_PHYS_s01_T3_test,0,1859,61.96666666666667,-0.4378242521843703,0.0887498613465332
UBFC_PHYS_s01_T3_test,0,1860,62.0,-0.5093798053627807,-0.11835173544350441
UBFC_PHYS_s01_T3_test,0,1861,62.03333333333333,-0.5381807425938601,-0.3283417095364625
UBFC_PHYS_s01_T3_test,0,1862,62.06666666666667,-0.5042828187793402,-0.5393899675393079
UBFC_PHYS_s01_T3_test,0,1863,62.1,-0.3953833632475775,-0.7359788557713891
UBFC_PHYS_s01_T3_test,0,1864,62.13333333333333,-0.2243407989290062,-0.9070611882758248
UBFC_PHYS_s01_T3_test,0,1865,62.166666666666664,-0.028575987055853486,-1.0449791401659838
UBFC_PHYS_s01_T3_test,0,1866,62.2,0.14865523386727197,-1.1348859400805642
UBFC_PHYS_s01_T3_test,0,1867,62.233333333333334,0.2760473190710844,-1.1542166074233764
UBFC_PHYS_s01_T3_test,0,1868,62.266666666666666,0.34082793996322136,-1.089137855249102
UBFC_PHYS_s01_T3_test,0,1869,62.3,0.34755717072117537,-0.9348626725969106
UBFC_PHYS_s01_T3_test,0,1870,62.333333333333336,0.31147539462131635,-0.7056704092239866
UBFC_PHYS_s01_T3_test,0,1871,62.36666666666667,0.24665710179889322,-0.43567537732388584
UBFC_PHYS_s01_T3_test,0,1872,62.4,0.15651874084751594,-0.1549036995876114
UBFC_PHYS_s01_T3_test,0,1873,62.43333333333333,0.036212704718979125,0.10955051174532103
UBFC_PHYS_s01_T3_test,0,1874,62.46666666666667,-0.11682966026300823,0.36428644205941707
UBFC_PHYS_s01_T3_test,0,1875,62.5,-0.29691612852431615,0.6474242632543316
UBFC_PHYS_s01_T3_test,0,1876,62.53333333333333,-0.49134018083451453,0.9552214970150771
UBFC_PHYS_s01_T3_test,0,1877,62.56666666666667,-0.6822653865959187,1.2400766483541077
UBFC_PHYS_s01_T3_test,0,1878,62.6,-0.8444054344250767,1.4443677141845206
UBFC_PHYS_s01_T3_test,0,1879,62.63333333333333,-0.9371092441285127,1.5000187375719176
UBFC_PHYS_s01_T3_test,0,1880,62.666666666666664,-0.9044359710899419,1.4067697136349275
UBFC_PHYS_s01_T3_test,0,1881,62.7,-0.7046382506935945,1.2317632800353373
UBFC_PHYS_s01_T3_test,0,1882,62.733333333333334,-0.35171025761599234,1.0014630242299352
UBFC_PHYS_s01_T3_test,0,1883,62.766666666666666,0.08116260118593986,0.7021551524227048
UBFC_PHYS_s01_T3_test,0,1884,62.8,0.5059733264960553,0.353522900305095
UBFC_PHYS_s01_T3_test,0,1885,62.833333333333336,0.867781923784795,0.010262407732864562
UBFC_PHYS_s01_T3_test,0,1886,62.86666666666667,1.1578588308277766,-0.29260889792665334
UBFC_PHYS_s01_T3_test,0,1887,62.9,1.3901494130752787,-0.5382436041859683
UBFC_PHYS_s01_T3_test,0,1888,62.93333333333333,1.5672171965120079,-0.7202502671440548
UBFC_PHYS_s01_T3_test,0,1889,62.96666666666667,1.6714331859280305,-0.841051154824746
UBFC_PHYS_s01_T3_test,0,1890,63.0,1.6856205942379974,-0.9060593550541348
UBFC_PHYS_s01_T3_test,0,1891,63.03333333333333,1.6063925917952355,-0.9225937949053333
UBFC_PHYS_s01_T3_test,0,1892,63.06666666666667,1.4313434020098426,-0.8987082031717502
UBFC_PHYS_s01_T3_test,0,1893,63.1,1.1482373248353581,-0.8427891643412107
UBFC_PHYS_s01_T3_test,0,1894,63.13333333333333,0.7497063414316891,-0.7562894220112506
UBFC_PHYS_s01_T3_test,0,1895,63.166666666666664,0.25628095926675604,-0.6340526944240539
UBFC_PHYS_s01_T3_test,0,1896,63.2,-0.28004038203329606,-0.4840175659812092
UBFC_PHYS_s01_T3_test,0,1897,63.233333333333334,-0.7944050037549991,-0.3278493520645592
UBFC_PHYS_s01_T3_test,0,1898,63.266666666666666,-1.2294517185689426,-0.17487090056289098
UBFC_PHYS_s01_T3_test,0,1899,63.3,-1.5435264226281968,-0.022913888103140455
UBFC_PHYS_s01_T3_test,0,1900,63.333333333333336,-1.7144373809139535,0.1333672159785573
UBFC_PHYS_s01_T3_test,0,1901,63.36666666666667,-1.7451205629669686,0.3012405734495427
UBFC_PHYS_s01_T3_test,0,1902,63.4,-1.6625849449932601,0.47273726724166754
UBFC_PHYS_s01_T3_test,0,1903,63.43333333333333,-1.5063487477746864,0.6236619492173427
UBFC_PHYS_s01_T3_test,0,1904,63.46666666666667,-1.3154553516867473,0.7266892423338177
UBFC_PHYS_s01_T3_test,0,1905,63.5,-1.1204645034937792,0.7510553936649814
UBFC_PHYS_s01_T3_test,0,1906,63.53333333333333,-0.9383470789135842,0.697931532880439
UBFC_PHYS_s01_T3_test,0,1907,63.56666666666667,-0.7687900717341896,0.6002076470770569
UBFC_PHYS_s01_T3_test,0,1908,63.6,-0.5953830055022207,0.47762902699001963
UBFC_PHYS_s01_T3_test,0,1909,63.63333333333333,-0.3945160977750237,0.3369282748458188
UBFC_PHYS_s01_T3_test,0,1910,63.666666666666664,-0.15004091458433472,0.1817993566034399
UBFC_PHYS_s01_T3_test,0,1911,63.7,0.13302847339847354,0.013807342651669201
UBFC_PHYS_s01_T3_test,0,1912,63.733333333333334,0.42623573858846997,-0.16016203549522207
UBFC_PHYS_s01_T3_test,0,1913,63.766666666666666,0.6914204779270638,-0.3268849136650111
UBFC_PHYS_s01_T3_test,0,1914,63.8,0.8986494350044423,-0.4764683141736823
UBFC_PHYS_s01_T3_test,0,1915,63.833333333333336,1.0329392547491996,-0.6014287005477342
UBFC_PHYS_s01_T3_test,0,1916,63.86666666666667,1.0914173488950265,-0.6867024140779258
UBFC_PHYS_s01_T3_test,0,1917,63.9,1.0810318816680422,-0.7091767871688933
UBFC_PHYS_s01_T3_test,0,1918,63.93333333333333,1.0170106138524464,-0.6513190461318146
UBFC_PHYS_s01_T3_test,0,1919,63.96666666666667,0.9178868211287925,-0.5015196147780854
UBFC_PHYS_s01_T3_test,0,1920,64.0,0.7989936454019869,-0.28069165453883166
UBFC_PHYS_s01_T3_test,0,1921,64.03333333333333,0.6684711775910862,-0.042747935444454876
UBFC_PHYS_s01_T3_test,0,1922,64.06666666666666,0.5277918114057851,0.18421525591397692
UBFC_PHYS_s01_T3_test,0,1923,64.1,0.37623084373496635,0.3970120352873324
UBFC_PHYS_s01_T3_test,0,1924,64.13333333333334,0.21480446520624663,0.5777468773043485
UBFC_PHYS_s01_T3_test,0,1925,64.16666666666667,0.04666687851764053,0.6927936617906136
UBFC_PHYS_s01_T3_test,0,1926,64.2,-0.12328538350471654,0.7230715380722413
UBFC_PHYS_s01_T3_test,0,1927,64.23333333333333,-0.28830957039101324,0.6637604883214909
UBFC_PHYS_s01_T3_test,0,1928,64.26666666666667,-0.4414416112706178,0.521560999262187
UBFC_PHYS_s01_T3_test,0,1929,64.3,-0.5772099404829069,0.3149198276900359
UBFC_PHYS_s01_T3_test,0,1930,64.33333333333333,-0.6898432078353006,0.06966161474863546
UBFC_PHYS_s01_T3_test,0,1931,64.36666666666666,-0.76869291605152,-0.1802775597128
UBFC_PHYS_s01_T3_test,0,1932,64.4,-0.794842674313621,-0.3998339428559225
UBFC_PHYS_s01_T3_test,0,1933,64.43333333333334,-0.7450804079102378,-0.5520377020072552
UBFC_PHYS_s01_T3_test,0,1934,64.46666666666667,-0.6062908706123439,-0.6038313042884231
UBFC_PHYS_s01_T3_test,0,1935,64.5,-0.3901784023948854,-0.5259357868846168
UBFC_PHYS_s01_T3_test,0,1936,64.53333333333333,-0.13289130759606543,-0.3430203923205979
UBFC_PHYS_s01_T3_test,0,1937,64.56666666666666,0.12022745942914573,-0.13355923387501273
UBFC_PHYS_s01_T3_test,0,1938,64.6,0.33055251429784016,0.021775238745340167
UBFC_PHYS_s01_T3_test,0,1939,64.63333333333334,0.47530815860869813,0.04092014110607611
UBFC_PHYS_s01_T3_test,0,1940,64.66666666666667,0.5512590559224922,-0.061549536881152514
UBFC_PHYS_s01_T3_test,0,1941,64.7,0.5714611940437809,-0.17499922694672343
UBFC_PHYS_s01_T3_test,0,1942,64.73333333333333,0.5541618912206059,-0.2393770425600694
UBFC_PHYS_s01_T3_test,0,1943,64.76666666666667,0.5113876260392782,-0.24615642316316486
UBFC_PHYS_s01_T3_test,0,1944,64.8,0.4462328004307863,-0.18770190949996265
UBFC_PHYS_s01_T3_test,0,1945,64.83333333333333,0.3583916794095406,-0.05746759208813185
UBFC_PHYS_s01_T3_test,0,1946,64.86666666666666,0.24992629407922384,0.12081954748283792
UBFC_PHYS_s01_T3_test,0,1947,64.9,0.12642936842072713,0.29288474042148005
UBFC_PHYS_s01_T3_test,0,1948,64.93333333333334,-0.004147549188809989,0.42084345207219404
UBFC_PHYS_s01_T3_test,0,1949,64.96666666666667,-0.13185443326460708,0.48303959049075745
UBFC_PHYS_s01_T3_test,0,1950,65.0,-0.24628733637224243,0.4855170909396893
UBFC_PHYS_s01_T3_test,0,1951,65.03333333333333,-0.34164613831836005,0.461387513347001
UBFC_PHYS_s01_T3_test,0,1952,65.06666666666666,-0.41979208231555465,0.4114669697716883
UBFC_PHYS_s01_T3_test,0,1953,65.1,-0.4857651885323778,0.30442198549988037
UBFC_PHYS_s01_T3_test,0,1954,65.13333333333334,-0.5407147552471128,0.14078040178476625
UBFC_PHYS_s01_T3_test,0,1955,65.16666666666667,-0.5780482860413709,-0.04631136624649404
UBFC_PHYS_s01_T3_test,0,1956,65.2,-0.581810765405429,-0.22236046614614596
UBFC_PHYS_s01_T3_test,0,1957,65.23333333333333,-0.5295640342218124,-0.35116784884590435
UBFC_PHYS_s01_T3_test,0,1958,65.26666666666667,-0.405562243460325,-0.4047391039871722
UBFC_PHYS_s01_T3_test,0,1959,65.3,-0.21692208528425738,-0.36314994877564405
UBFC_PHYS_s01_T3_test,0,1960,65.33333333333333,0.005312374646520878,-0.24464834021118756
UBFC_PHYS_s01_T3_test,0,1961,65.36666666666666,0.22251887770973613,-0.1054057072035959
UBFC_PHYS_s01_T3_test,0,1962,65.4,0.4046680675515772,0.00865406480697365
UBFC_PHYS_s01_T3_test,0,1963,65.43333333333334,0.535066887270192,0.06220246156558917
UBFC_PHYS_s01_T3_test,0,1964,65.46666666666667,0.6089239307888739,0.06127745455442687
UBFC_PHYS_s01_T3_test,0,1965,65.5,0.6318655535259332,0.052749201492058764
UBFC_PHYS_s01_T3_test,0,1966,65.53333333333333,0.616356879685241,0.061950396565056666
UBFC_PHYS_s01_T3_test,0,1967,65.56666666666666,0.5740266420517653,0.09203170295477472
UBFC_PHYS_s01_T3_test,0,1968,65.6,0.5096253146341134,0.1388853052235653
UBFC_PHYS_s01_T3_test,0,1969,65.63333333333334,0.42266585719118577,0.19107280495646722
UBFC_PHYS_s01_T3_test,0,1970,65.66666666666667,0.3131417233992798,0.23405962399963726
UBFC_PHYS_s01_T3_test,0,1971,65.7,0.18470455843565595,0.25028561775130964
UBFC_PHYS_s01_T3_test,0,1972,65.73333333333333,0.04476006357344495,0.22794905602660723
UBFC_PHYS_s01_T3_test,0,1973,65.76666666666667,-0.09789468194416753,0.1612558589273114
UBFC_PHYS_s01_T3_test,0,1974,65.8,-0.23753707320398926,0.05137291416399875
UBFC_PHYS_s01_T3_test,0,1975,65.83333333333333,-0.37274195087205,-0.09310432826430803
UBFC_PHYS_s01_T3_test,0,1976,65.86666666666666,-0.5019318834561155,-0.2512732656315549
UBFC_PHYS_s01_T3_test,0,1977,65.9,-0.620137144419493,-0.3894722634602996
UBFC_PHYS_s01_T3_test,0,1978,65.93333333333334,-0.7202225068773561,-0.48107755296873683
UBFC_PHYS_s01_T3_test,0,1979,65.96666666666667,-0.79221577818342,-0.5062678658688666
UBFC_PHYS_s01_T3_test,0,1980,66.0,-0.8182783071471821,-0.4677945872756775
UBFC_PHYS_s01_T3_test,0,1981,66.03333333333333,-0.7727430198901697,-0.39071797402671105
UBFC_PHYS_s01_T3_test,0,1982,66.06666666666666,-0.6359554504122791,-0.3029093360381192
UBFC_PHYS_s01_T3_test,0,1983,66.1,-0.4129298333662371,-0.23480442168331683
UBFC_PHYS_s01_T3_test,0,1984,66.13333333333334,-0.13758733687345884,-0.1843913601881258
UBFC_PHYS_s01_T3_test,0,1985,66.16666666666667,0.14180352387742315,-0.11776686620987534
UBFC_PHYS_s01_T3_test,0,1986,66.2,0.38234977714199614,-0.02421250990959315
UBFC_PHYS_s01_T3_test,0,1987,66.23333333333333,0.5588498845054392,0.08300618632607287
UBFC_PHYS_s01_T3_test,0,1988,66.26666666666667,0.6660899605703244,0.19517446802489308
UBFC_PHYS_s01_T3_test,0,1989,66.3,0.7137005504678302,0.30760019003099337
UBFC_PHYS_s01_T3_test,0,1990,66.33333333333333,0.7176663515828783,0.42186780527026685
UBFC_PHYS_s01_T3_test,0,1991,66.36666666666666,0.6925936314762384,0.5449829618592154
UBFC_PHYS_s01_T3_test,0,1992,66.4,0.6473192242315945,0.6700044769474329
UBFC_PHYS_s01_T3_test,0,1993,66.43333333333334,0.5841840321557126,0.7753685246416927
UBFC_PHYS_s01_T3_test,0,1994,66.46666666666667,0.5006003712400057,0.8417761836724059
UBFC_PHYS_s01_T3_test,0,1995,66.5,0.39289015070106875,0.8520131105300571
UBFC_PHYS_s01_T3_test,0,1996,66.53333333333333,0.26183043412697576,0.7949601421696422
UBFC_PHYS_s01_T3_test,0,1997,66.56666666666666,0.11408767540408597,0.6658698672335702
UBFC_PHYS_s01_T3_test,0,1998,66.6,-0.042715418731043855,0.4666644025672414
UBFC_PHYS_s01_T3_test,0,1999,66.63333333333334,-0.20341044625917393,0.20684065257065637
UBFC_PHYS_s01_T3_test,0,2000,66.66666666666667,-0.36269596920669034,-0.08655339552354871
UBFC_PHYS_s01_T3_test,0,2001,66.7,-0.5124452316196489,-0.3678023865853296
UBFC_PHYS_s01_T3_test,0,2002,66.73333333333333,-0.6437867056337779,-0.6185901998271308
UBFC_PHYS_s01_T3_test,0,2003,66.76666666666667,-0.7500999804686832,-0.846490327937655
UBFC_PHYS_s01_T3_test,0,2004,66.8,-0.8232113146008672,-1.0509382677481054
UBFC_PHYS_s01_T3_test,0,2005,66.83333333333333,-0.8443879608342144,-1.2216143162700148
UBFC_PHYS_s01_T3_test,0,2006,66.86666666666666,-0.7857058442529565,-1.3514063549735194
UBFC_PHYS_s01_T3_test,0,2007,66.9,-0.6301083315217411,-1.4354203220856578
UBFC_PHYS_s01_T3_test,0,2008,66.93333333333334,-0.3921652521415917,-1.461809848278983
UBFC_PHYS_s01_T3_test,0,2009,66.96666666666667,-0.11574421163229981,-1.411575991619474
UBFC_PHYS_s01_T3_test,0,2010,67.0,0.1486151175784171,-1.2471049284705455
UBFC_PHYS_s01_T3_test,0,2011,67.03333333333333,0.36419276778746995,-0.9137005607527786
UBFC_PHYS_s01_T3_test,0,2012,67.06666666666666,0.5148515367303608,-0.424253419285253
UBFC_PHYS_s01_T3_test,0,2013,67.1,0.6026638093978698,0.13863354350042859
UBFC_PHYS_s01_T3_test,0,2014,67.13333333333334,0.641776463863506,0.7003441804215477
UBFC_PHYS_s01_T3_test,0,2015,67.16666666666667,0.65021229894899,1.1922522563090243
UBFC_PHYS_s01_T3_test,0,2016,67.2,0.6421525750700333,1.5964399568286427
UBFC_PHYS_s01_T3_test,0,2017,67.23333333333333,0.6230546300979488,1.9425870401959648
UBFC_PHYS_s01_T3_test,0,2018,67.26666666666667,0.5889186910270459,2.1644783076520513
UBFC_PHYS_s01_T3_test,0,2019,67.3,0.5308171569379041,2.0993529754523497
UBFC_PHYS_s01_T3_test,0,2020,67.33333333333333,0.4423891452696094,1.7202817588821562
UBFC_PHYS_s01_T3_test,0,2021,67.36666666666666,0.32437702425300236,1.1373639327836775
UBFC_PHYS_s01_T3_test,0,2022,67.4,0.18281294887923374,0.4707328835275027
UBFC_PHYS_s01_T3_test,0,2023,67.43333333333334,0.02403957862996217,-0.14873961500883284
UBFC_PHYS_s01_T3_test,0,2024,67.46666666666667,-0.14742503050006273,-0.6353447956566296
UBFC_PHYS_s01_T3_test,0,2025,67.5,-0.32663410072201504,-0.9465503413499053
UBFC_PHYS_s01_T3_test,0,2026,67.53333333333333,-0.5051765873673109,-1.074442714726575
UBFC_PHYS_s01_T3_test,0,2027,67.56666666666666,-0.6707674115445253,-1.0436883443147997
UBFC_PHYS_s01_T3_test,0,2028,67.6,-0.8091330495427945,-0.9010665870975055
UBFC_PHYS_s01_T3_test,0,2029,67.63333333333334,-0.904091688106784,-0.7142950158242125
UBFC_PHYS_s01_T3_test,0,2030,67.66666666666667,-0.9341062268422685,-0.5306523419085558
UBFC_PHYS_s01_T3_test,0,2031,67.7,-0.8728806652909311,-0.37690396424590866
UBFC_PHYS_s01_T3_test,0,2032,67.73333333333333,-0.7026334147619427,-0.2566334051817767
UBFC_PHYS_s01_T3_test,0,2033,67.76666666666667,-0.4335282999281794,-0.1511904414093228
UBFC_PHYS_s01_T3_test,0,2034,67.8,-0.10973346444343039,-0.049839692193121975
UBFC_PHYS_s01_T3_test,0,2035,67.83333333333333,0.20774416281013966,0.049224184502641884
UBFC_PHYS_s01_T3_test,0,2036,67.86666666666666,0.46778467632452014,0.14541428499636866
UBFC_PHYS_s01_T3_test,0,2037,67.9,0.6444330932105615,0.23510943155622596
UBFC_PHYS_s01_T3_test,0,2038,67.93333333333334,0.7356485619080865,0.3273766196769208
UBFC_PHYS_s01_T3_test,0,2039,67.96666666666667,0.7547605812515518,0.4431220563034851
UBFC_PHYS_s01_T3_test,0,2040,68.0,0.7215137981115373,0.574040771172927
UBFC_PHYS_s01_T3_test,0,2041,68.03333333333333,0.6539254281252769,0.6820876984892047
UBFC_PHYS_s01_T3_test,0,2042,68.06666666666666,0.5639518916361331,0.7261565366996252
UBFC_PHYS_s01_T3_test,0,2043,68.1,0.4586971949793565,0.6625576640110961
UBFC_PHYS_s01_T3_test,0,2044,68.13333333333334,0.3429090479397537,0.49995241995986656
UBFC_PHYS_s01_T3_test,0,2045,68.16666666666667,0.21993667266566777,0.2996320193445106
UBFC_PHYS_s01_T3_test,0,2046,68.2,0.09232342463890518,0.09660769064780027
UBFC_PHYS_s01_T3_test,0,2047,68.23333333333333,-0.03847194786059129,-0.09988940034882243
UBFC_PHYS_s01_T3_test,0,2048,68.26666666666667,-0.17328561829141037,-0.27562598966914936
UBFC_PHYS_s01_T3_test,0,2049,68.3,-0.31387303073103195,-0.41030143301419447
UBFC_PHYS_s01_T3_test,0,2050,68.33333333333333,-0.45854371863367865,-0.5011116280256352
UBFC_PHYS_s01_T3_test,0,2051,68.36666666666666,-0.6001061095294513,-0.5618104619429352
UBFC_PHYS_s01_T3_test,0,2052,68.4,-0.7275429215782145,-0.6056082552530488
UBFC_PHYS_s01_T3_test,0,2053,68.43333333333334,-0.8256265944274647,-0.6443217134155705
UBFC_PHYS_s01_T3_test,0,2054,68.46666666666667,-0.8711745830676947,-0.6847994141597009
UBFC_PHYS_s01_T3_test,0,2055,68.5,-0.8353609716542558,-0.7284372653236897
UBFC_PHYS_s01_T3_test,0,2056,68.53333333333333,-0.6991427118200654,-0.762605531729484
UBFC_PHYS_s01_T3_test,0,2057,68.56666666666666,-0.4713355694660406,-0.7607168052975257
UBFC_PHYS_s01_T3_test,0,2058,68.6,-0.1906366134184394,-0.6945896945238187
UBFC_PHYS_s01_T3_test,0,2059,68.63333333333334,0.09155529075875984,-0.5353160368826712
UBFC_PHYS_s01_T3_test,0,2060,68.66666666666667,0.33277506728704326,-0.2988238458960416
UBFC_PHYS_s01_T3_test,0,2061,68.7,0.5115548099736008,-0.04662142655369021
UBFC_PHYS_s01_T3_test,0,2062,68.73333333333333,0.6279833092048168,0.19121672912967647
UBFC_PHYS_s01_T3_test,0,2063,68.76666666666667,0.6964295760961692,0.41503540789128035
UBFC_PHYS_s01_T3_test,0,2064,68.8,0.7334371551509071,0.6162012247174011
UBFC_PHYS_s01_T3_test,0,2065,68.83333333333333,0.747558415925643,0.7756708839757288
UBFC_PHYS_s01_T3_test,0,2066,68.86666666666666,0.7386290442364534,0.8562354519761098
UBFC_PHYS_s01_T3_test,0,2067,68.9,0.7036554776837601,0.8023788569773467
UBFC_PHYS_s01_T3_test,0,2068,68.93333333333334,0.6394412316249471,0.6302250276522443
UBFC_PHYS_s01_T3_test,0,2069,68.96666666666667,0.5403478142783714,0.4274015633808236
UBFC_PHYS_s01_T3_test,0,2070,69.0,0.4003839883948282,0.2618461092356646
UBFC_PHYS_s01_T3_test,0,2071,69.03333333333333,0.22272620846849805,0.18126229231801744
UBFC_PHYS_s01_T3_test,0,2072,69.06666666666666,0.023321245288694493,0.18961029751395272
UBFC_PHYS_s01_T3_test,0,2073,69.1,-0.17976634894192797,0.24754917755319725
UBFC_PHYS_s01_T3_test,0,2074,69.13333333333334,-0.3758389550129999,0.31628295097490355
UBFC_PHYS_s01_T3_test,0,2075,69.16666666666667,-0.5550945146123373,0.35826022037123983
UBFC_PHYS_s01_T3_test,0,2076,69.2,-0.6958305566667266,0.35617186281277996
UBFC_PHYS_s01_T3_test,0,2077,69.23333333333333,-0.7640603222770836,0.3131608418970382
UBFC_PHYS_s01_T3_test,0,2078,69.26666666666667,-0.7314798057906111,0.23416156970525587
UBFC_PHYS_s01_T3_test,0,2079,69.3,-0.5991519358655288,0.12608773561791292
UBFC_PHYS_s01_T3_test,0,2080,69.33333333333333,-0.40344683541004694,-0.010288941979421276
UBFC_PHYS_s01_T3_test,0,2081,69.36666666666666,-0.19558184651176952,-0.1795611309663216
UBFC_PHYS_s01_T3_test,0,2082,69.4,-0.015609617077881943,-0.3793735909796554
UBFC_PHYS_s01_T3_test,0,2083,69.43333333333334,0.11690211097001298,-0.5992559555827598
UBFC_PHYS_s01_T3_test,0,2084,69.46666666666667,0.1990639765049198,-0.8153623956992015
UBFC_PHYS_s01_T3_test,0,2085,69.5,0.24060123656610183,-0.9895706054283946
UBFC_PHYS_s01_T3_test,0,2086,69.53333333333333,0.25893952511042917,-1.0905628287455331
UBFC_PHYS_s01_T3_test,0,2087,69.56666666666666,0.26944129263918704,-1.0934816309488644
UBFC_PHYS_s01_T3_test,0,2088,69.6,0.27710361093381486,-0.9913339430194683
UBFC_PHYS_s01_T3_test,0,2089,69.63333333333334,0.27624844237576995,-0.7951888621416027
UBFC_PHYS_s01_T3_test,0,2090,69.66666666666667,0.255788256153839,-0.5247874186409088
UBFC_PHYS_s01_T3_test,0,2091,69.7,0.20479284919976679,-0.20940912412582177
UBFC_PHYS_s01_T3_test,0,2092,69.73333333333333,0.11639132073122174,0.13046579261245703
UBFC_PHYS_s01_T3_test,0,2093,69.76666666666667,-0.009122394149404502,0.48145087451140434
UBFC_PHYS_s01_T3_test,0,2094,69.8,-0.16228384154814451,0.8210656711644763
UBFC_PHYS_s01_T3_test,0,2095,69.83333333333333,-0.32651964893344415,1.1158357076766017
UBFC_PHYS_s01_T3_test,0,2096,69.86666666666666,-0.48342078724164556,1.325394801881869
UBFC_PHYS_s01_T3_test,0,2097,69.9,-0.6145286430510604,1.4015147840655957
UBFC_PHYS_s01_T3_test,0,2098,69.93333333333334,-0.6977160563624292,1.3365927262393729
UBFC_PHYS_s01_T3_test,0,2099,69.96666666666667,-0.7060368339830103,1.163321139723526
UBFC_PHYS_s01_T3_test,0,2100,70.0,-0.6167692872235889,0.911522788068567
UBFC_PHYS_s01_T3_test,0,2101,70.03333333333333,-0.4275659077902232,0.6085486570167793
UBFC_PHYS_s01_T3_test,0,2102,70.06666666666666,-0.16607462490463748,0.27602850570542353
UBFC_PHYS_s01_T3_test,0,2103,70.1,0.11764637826904342,-0.06855058106609238
UBFC_PHYS_s01_T3_test,0,2104,70.13333333333334,0.37148603198878394,-0.40912842149409734
UBFC_PHYS_s01_T3_test,0,2105,70.16666666666667,0.5609140133504902,-0.7290273657568058
UBFC_PHYS_s01_T3_test,0,2106,70.2,0.6770371019377175,-1.0078389658075202
UBFC_PHYS_s01_T3_test,0,2107,70.23333333333333,0.7307632112671172,-1.2196843251256866
UBFC_PHYS_s01_T3_test,0,2108,70.26666666666667,0.739711709946018,-1.3463679713189436
UBFC_PHYS_s01_T3_test,0,2109,70.3,0.7172791640071606,-1.376360182722991
UBFC_PHYS_s01_T3_test,0,2110,70.33333333333333,0.6690112969406788,-1.300976219386064
UBFC_PHYS_s01_T3_test,0,2111,70.36666666666666,0.5951200833761734,-1.1144044526568848
UBFC_PHYS_s01_T3_test,0,2112,70.4,0.4944082930076715,-0.8258938987510107
UBFC_PHYS_s01_T3_test,0,2113,70.43333333333334,0.3664592129894625,-0.4608343472062292
UBFC_PHYS_s01_T3_test,0,2114,70.46666666666667,0.21321237457044168,-0.05743947175680581
UBFC_PHYS_s01_T3_test,0,2115,70.5,0.04113521443487206,0.3317166238815489
UBFC_PHYS_s01_T3_test,0,2116,70.53333333333333,-0.138817106490606,0.6796881411166145
UBFC_PHYS_s01_T3_test,0,2117,70.56666666666666,-0.3155702767434857,0.9831204667113209
UBFC_PHYS_s01_T3_test,0,2118,70.6,-0.4820910677154354,1.2244543731510076
UBFC_PHYS_s01_T3_test,0,2119,70.63333333333334,-0.633420740431019,1.3702390563143192
UBFC_PHYS_s01_T3_test,0,2120,70.66666666666667,-0.7600691265369861,1.4051669274173997
UBFC_PHYS_s01_T3_test,0,2121,70.7,-0.8432472865830649,1.3314654348939066
UBFC_PHYS_s01_T3_test,0,2122,70.73333333333333,-0.8566782980503207,1.1594700001852718
UBFC_PHYS_s01_T3_test,0,2123,70.76666666666667,-0.7774823987312807,0.9078672581907199
UBFC_PHYS_s01_T3_test,0,2124,70.8,-0.6027378669686387,0.5972133794206813
UBFC_PHYS_s01_T3_test,0,2125,70.83333333333333,-0.35793652227683903,0.25117299938847587
UBFC_PHYS_s01_T3_test,0,2126,70.86666666666666,-0.08801526614669085,-0.11153831542321674
UBFC_PHYS_s01_T3_test,0,2127,70.9,0.1604261328269208,-0.4751770467596874
UBFC_PHYS_s01_T3_test,0,2128,70.93333333333334,0.3537340937553052,-0.8161587530471013
UBFC_PHYS_s01_T3_test,0,2129,70.96666666666667,0.47904488942507634,-1.101096914028866
UBFC_PHYS_s01_T3_test,0,2130,71.0,0.5432833259743973,-1.308261912278875
UBFC_PHYS_s01_T3_test,0,2131,71.03333333333333,0.563506349232436,-1.4261423870188121
UBFC_PHYS_s01_T3_test,0,2132,71.06666666666666,0.5561970615040063,-1.4515980260484567
UBFC_PHYS_s01_T3_test,0,2133,71.1,0.5317502943935102,-1.3891020720205731
UBFC_PHYS_s01_T3_test,0,2134,71.13333333333334,0.4934372436867109,-1.2389621761077985
UBFC_PHYS_s01_T3_test,0,2135,71.16666666666667,0.43943288313075823,-0.9977783297885894
UBFC_PHYS_s01_T3_test,0,2136,71.2,0.3669510276248692,-0.6699149349485568
UBFC_PHYS_s01_T3_test,0,2137,71.23333333333333,0.27592275001752353,-0.2691412115644249
UBFC_PHYS_s01_T3_test,0,2138,71.26666666666667,0.16972766901766942,0.1681813659935225
UBFC_PHYS_s01_T3_test,0,2139,71.3,0.05240253776182984,0.5812265238624197
UBFC_PHYS_s01_T3_test,0,2140,71.33333333333333,-0.07401652301571232,0.9351767161581004
UBFC_PHYS_s01_T3_test,0,2141,71.36666666666666,-0.20726877796028503,1.2192194872928448
UBFC_PHYS_s01_T3_test,0,2142,71.4,-0.34119903882187336,1.4290424772563854
UBFC_PHYS_s01_T3_test,0,2143,71.43333333333334,-0.46726487816922746,1.5648884755060848
UBFC_PHYS_s01_T3_test,0,2144,71.46666666666667,-0.5775254888335674,1.6085123750708235
UBFC_PHYS_s01_T3_test,0,2145,71.5,-0.6624403318168178,1.5227213926635288
UBFC_PHYS_s01_T3_test,0,2146,71.53333333333333,-0.7070570785534737,1.3069387389422038
UBFC_PHYS_s01_T3_test,0,2147,71.56666666666666,-0.6919521161842195,0.9978481348191747
UBFC_PHYS_s01_T3_test,0,2148,71.6,-0.6003398968689176,0.6230061700078533
UBFC_PHYS_s01_T3_test,0,2149,71.63333333333334,-0.430728076501678,0.20229836792141326
UBFC_PHYS_s01_T3_test,0,2150,71.66666666666667,-0.2069722391392579,-0.23145656361817235
UBFC_PHYS_s01_T3_test,0,2151,71.7,0.028341145056250787,-0.6303892427093418
UBFC_PHYS_s01_T3_test,0,2152,71.73333333333333,0.2350545447224627,-0.9653153049790664
UBFC_PHYS_s01_T3_test,0,2153,71.76666666666667,0.39127865424240066,-1.2236680246882365
UBFC_PHYS_s01_T3_test,0,2154,71.8,0.4939597278548937,-1.4021432094592714
UBFC_PHYS_s01_T3_test,0,2155,71.83333333333333,0.5514920061933793,-1.5049045264070147
UBFC_PHYS_s01_T3_test,0,2156,71.86666666666666,0.575713578943426,-1.525894097377339
UBFC_PHYS_s01_T3_test,0,2157,71.9,0.5756126862412587,-1.4482520722845682
UBFC_PHYS_s01_T3_test,0,2158,71.93333333333334,0.5550258287717554,-1.2646482943661246
UBFC_PHYS_s01_T3_test,0,2159,71.96666666666667,0.5140974355072614,-0.9780548442444834
UBFC_PHYS_s01_T3_test,0,2160,72.0,0.4514135481177043,-0.6031550639649305
UBFC_PHYS_s01_T3_test,0,2161,72.03333333333333,0.3662813828975198,-0.16800008352680887
UBFC_PHYS_s01_T3_test,0,2162,72.06666666666666,0.26166665142445134,0.2813960005200565
UBFC_PHYS_s01_T3_test,0,2163,72.1,0.14494460408842347,0.6792248178491563
UBFC_PHYS_s01_T3_test,0,2164,72.13333333333334,0.02434070143402598,0.985717293810479
UBFC_PHYS_s01_T3_test,0,2165,72.16666666666667,-0.09537652684893394,1.1853980982197154
UBFC_PHYS_s01_T3_test,0,2166,72.2,-0.21329562883018208,1.2926979981172178
UBFC_PHYS_s01_T3_test,0,2167,72.23333333333333,-0.3297685791833472,1.3500760699499263
UBFC_PHYS_s01_T3_test,0,2168,72.26666666666667,-0.44426973489460503,1.3624807279315225
UBFC_PHYS_s01_T3_test,0,2169,72.3,-0.5539450977903497,1.2967823663325004
UBFC_PHYS_s01_T3_test,0,2170,72.33333333333333,-0.6515625488324805,1.1336241599929988
UBFC_PHYS_s01_T3_test,0,2171,72.36666666666666,-0.7225619777518438,0.8684575016169375
UBFC_PHYS_s01_T3_test,0,2172,72.4,-0.7433028948074475,0.5153807625644811
UBFC_PHYS_s01_T3_test,0,2173,72.43333333333334,-0.6872510218489615,0.10865815979394379
UBFC_PHYS_s01_T3_test,0,2174,72.46666666666667,-0.5417926067826616,-0.3069923645418744
UBFC_PHYS_s01_T3_test,0,2175,72.5,-0.32266638200934883,-0.6747376967805157
UBFC_PHYS_s01_T3_test,0,2176,72.53333333333333,-0.07021092328361855,-0.9656337193383953
UBFC_PHYS_s01_T3_test,0,2177,72.56666666666666,0.16927610092540737,-1.1767884572692477
UBFC_PHYS_s01_T3_test,0,2178,72.6,0.36091813556225916,-1.3030368623798045
UBFC_PHYS_s01_T3_test,0,2179,72.63333333333334,0.4890400741121145,-1.335550506842369
UBFC_PHYS_s01_T3_test,0,2180,72.66666666666667,0.5565377741801552,-1.2732253824775681
UBFC_PHYS_s01_T3_test,0,2181,72.7,0.5781135724869692,-1.1224710284435564
UBFC_PHYS_s01_T3_test,0,2182,72.73333333333333,0.5707390511370587,-0.8946866035430447
UBFC_PHYS_s01_T3_test,0,2183,72.76666666666667,0.5464918064436906,-0.6070213928291568
UBFC_PHYS_s01_T3_test,0,2184,72.8,0.5105059340158843,-0.2779849453285063
UBFC_PHYS_s01_T3_test,0,2185,72.83333333333333,0.4625921316817641,0.07100112732330673
UBFC_PHYS_s01_T3_test,0,2186,72.86666666666666,0.40025347354510776,0.41182531151275104
UBFC_PHYS_s01_T3_test,0,2187,72.9,0.32253357317806575,0.7079638831755661
UBFC_PHYS_s01_T3_test,0,2188,72.93333333333334,0.23313174075713958,0.934458890797756
UBFC_PHYS_s01_T3_test,0,2189,72.96666666666667,0.1389539589531925,1.0764851651744882
UBFC_PHYS_s01_T3_test,0,2190,73.0,0.043964485836532174,1.1413067557572298
UBFC_PHYS_s01_T3_test,0,2191,73.03333333333333,-0.05472001494532877,1.1570299406736275
UBFC_PHYS_s01_T3_test,0,2192,73.06666666666666,-0.16261921683861907,1.122254301168669
UBFC_PHYS_s01_T3_test,0,2193,73.1,-0.2799368227851415,1.0059956973185993
UBFC_PHYS_s01_T3_test,0,2194,73.13333333333334,-0.399603543705762,0.7967305638238242
UBFC_PHYS_s01_T3_test,0,2195,73.16666666666667,-0.5126138248081125,0.5035723112519606
UBFC_PHYS_s01_T3_test,0,2196,73.2,-0.6117420868468408,0.15749995358329816
UBFC_PHYS_s01_T3_test,0,2197,73.23333333333333,-0.6878968037690107,-0.18741021252736026
UBFC_PHYS_s01_T3_test,0,2198,73.26666666666667,-0.7243032787301213,-0.5001656907726102
UBFC_PHYS_s01_T3_test,0,2199,73.3,-0.6981682573471681,-0.7712508940730449
UBFC_PHYS_s01_T3_test,0,2200,73.33333333333333,-0.5932745239017814,-0.9881931160135787
UBFC_PHYS_s01_T3_test,0,2201,73.36666666666666,-0.41482152288477425,-1.1339549156283444
UBFC_PHYS_s01_T3_test,0,2202,73.4,-0.19251813453089825,-1.195627070834385
UBFC_PHYS_s01_T3_test,0,2203,73.43333333333334,0.03189914805981872,-1.163742682822815
UBFC_PHYS_s01_T3_test,0,2204,73.46666666666667,0.22280417663604488,-1.0362791723844513
UBFC_PHYS_s01_T3_test,0,2205,73.5,0.36259591211282505,-0.8189467371604442
UBFC_PHYS_s01_T3_test,0,2206,73.53333333333333,0.45263670887891716,-0.5254924429618647
UBFC_PHYS_s01_T3_test,0,2207,73.56666666666666,0.5054836425414593,-0.17887765807145573
UBFC_PHYS_s01_T3_test,0,2208,73.6,0.5347671615189675,0.18192611886982604
UBFC_PHYS_s01_T3_test,0,2209,73.63333333333334,0.5487996722433759,0.5005503903519744
UBFC_PHYS_s01_T3_test,0,2210,73.66666666666667,0.5498588828918121,0.739812252264114
UBFC_PHYS_s01_T3_test,0,2211,73.7,0.5368315081005206,0.880474030847789
UBFC_PHYS_s01_T3_test,0,2212,73.73333333333333,0.5072403794257381,0.9387595759141183
UBFC_PHYS_s01_T3_test,0,2213,73.76666666666667,0.4576712029393285,0.9648555296454755
UBFC_PHYS_s01_T3_test,0,2214,73.8,0.3853476988868394,0.9657369140629397
UBFC_PHYS_s01_T3_test,0,2215,73.83333333333333,0.2907946492947282,0.9047663717217522
UBFC_PHYS_s01_T3_test,0,2216,73.86666666666666,0.17754635154150064,0.7644527229350686
UBFC_PHYS_s01_T3_test,0,2217,73.9,0.04915788836211232,0.5473915055684462
UBFC_PHYS_s01_T3_test,0,2218,73.93333333333334,-0.0914916516721688,0.27341749008988836
UBFC_PHYS_s01_T3_test,0,2219,73.96666666666667,-0.24008813159853515,-0.019401133527166176
UBFC_PHYS_s01_T3_test,0,2220,74.0,-0.3901492465139158,-0.30473694915055055
UBFC_PHYS_s01_T3_test,0,2221,74.03333333333333,-0.5340075148605495,-0.5666482065667738
UBFC_PHYS_s01_T3_test,0,2222,74.06666666666666,-0.662563192526257,-0.7883671585221455
UBFC_PHYS_s01_T3_test,0,2223,74.1,-0.764256454744275,-0.9508926984623964
UBFC_PHYS_s01_T3_test,0,2224,74.13333333333334,-0.8241755258653025,-1.0411085727737819
UBFC_PHYS_s01_T3_test,0,2225,74.16666666666667,-0.8228752322309278,-1.050990804489638
UBFC_PHYS_s01_T3_test,0,2226,74.2,-0.7400924702045933,-0.9760704248250293
UBFC_PHYS_s01_T3_test,0,2227,74.23333333333333,-0.568879919179017,-0.8154968902489228
UBFC_PHYS_s01_T3_test,0,2228,74.26666666666667,-0.3300302024155476,-0.57773852520952
UBFC_PHYS_s01_T3_test,0,2229,74.3,-0.06784606122212476,-0.28150564030691977
UBFC_PHYS_s01_T3_test,0,2230,74.33333333333333,0.17221606431090059,0.04308707204661901
UBFC_PHYS_s01_T3_test,0,2231,74.36666666666666,0.36266954829881193,0.353242054488797
UBFC_PHYS_s01_T3_test,0,2232,74.4,0.4974584038427017,0.6084273945328156
UBFC_PHYS_s01_T3_test,0,2233,74.43333333333334,0.5850160965221005,0.7692984041740157
UBFC_PHYS_s01_T3_test,0,2234,74.46666666666667,0.6380917323554817,0.8369449239143197
UBFC_PHYS_s01_T3_test,0,2235,74.5,0.664910435263322,0.8516905084347379
UBFC_PHYS_s01_T3_test,0,2236,74.53333333333333,0.6666968629689305,0.8288613221540784
UBFC_PHYS_s01_T3_test,0,2237,74.56666666666666,0.6414461345055132,0.7582351201886899
UBFC_PHYS_s01_T3_test,0,2238,74.6,0.5876408444597938,0.6393886764743839
UBFC_PHYS_s01_T3_test,0,2239,74.63333333333334,0.5054522905484362,0.48222806717998523
UBFC_PHYS_s01_T3_test,0,2240,74.66666666666667,0.39805840752197663,0.30768929909037823
UBFC_PHYS_s01_T3_test,0,2241,74.7,0.2725235327516708,0.14828868024933273
UBFC_PHYS_s01_T3_test,0,2242,74.73333333333333,0.1377637938623386,0.009921744613237346
UBFC_PHYS_s01_T3_test,0,2243,74.76666666666667,0.0012572210722724825,-0.1271253478946474
UBFC_PHYS_s01_T3_test,0,2244,74.8,-0.13247383041931596,-0.2628297258543972
UBFC_PHYS_s01_T3_test,0,2245,74.83333333333333,-0.2609313933355098,-0.3764054000923034
UBFC_PHYS_s01_T3_test,0,2246,74.86666666666666,-0.3812290406795344,-0.45910829641361645
UBFC_PHYS_s01_T3_test,0,2247,74.9,-0.48893080636097763,-0.5136296271043174
UBFC_PHYS_s01_T3_test,0,2248,74.93333333333334,-0.5797265931114393,-0.5414599449665408
UBFC_PHYS_s01_T3_test,0,2249,74.96666666666667,-0.6505373744496443,-0.5424168176990375
UBFC_PHYS_s01_T3_test,0,2250,75.0,-0.6958477025893909,-0.5122069711099839
UBFC_PHYS_s01_T3_test,0,2251,75.03333333333333,-0.7017019396374854,-0.4425142707310164
UBFC_PHYS_s01_T3_test,0,2252,75.06666666666666,-0.646911507875031,-0.34144998153551537
UBFC_PHYS_s01_T3_test,0,2253,75.1,-0.516698704521301,-0.23380113318643836
UBFC_PHYS_s01_T3_test,0,2254,75.13333333333334,-0.3184788032914284,-0.13476126998114302
UBFC_PHYS_s01_T3_test,0,2255,75.16666666666667,-0.08429142531333378,-0.05025763529586515
UBFC_PHYS_s01_T3_test,0,2256,75.2,0.1422923745247265,0.023345544536396826
UBFC_PHYS_s01_T3_test,0,2257,75.23333333333333,0.32455317117315524,0.09853486920404081
UBFC_PHYS_s01_T3_test,0,2258,75.26666666666667,0.44498176223676833,0.18216036695672264
UBFC_PHYS_s01_T3_test,0,2259,75.3,0.5057328570396864,0.2746926095742746
UBFC_PHYS_s01_T3_test,0,2260,75.33333333333333,0.5206971321489998,0.3645333771787457
UBFC_PHYS_s01_T3_test,0,2261,75.36666666666666,0.5071419782045483,0.4276788559269036
UBFC_PHYS_s01_T3_test,0,2262,75.4,0.47901963387084234,0.4612505341374641
UBFC_PHYS_s01_T3_test,0,2263,75.43333333333334,0.44179625859897487,0.4831195969274401
UBFC_PHYS_s01_T3_test,0,2264,75.46666666666667,0.3925592054816901,0.4883516855151048
UBFC_PHYS_s01_T3_test,0,2265,75.5,0.32572319189009336,0.4491894866015536
UBFC_PHYS_s01_T3_test,0,2266,75.53333333333333,0.23872139554823993,0.3559990516377064
UBFC_PHYS_s01_T3_test,0,2267,75.56666666666666,0.1341355836510503,0.21782768992973306
UBFC_PHYS_s01_T3_test,0,2268,75.6,0.01841097147924959,0.05063051021024482
UBFC_PHYS_s01_T3_test,0,2269,75.63333333333334,-0.10128910889856538,-0.12219935490323514
UBFC_PHYS_s01_T3_test,0,2270,75.66666666666667,-0.2190907100194126,-0.29011124371696045
UBFC_PHYS_s01_T3_test,0,2271,75.7,-0.3301573885256067,-0.4544665380955021
UBFC_PHYS_s01_T3_test,0,2272,75.73333333333333,-0.42983040226475056,-0.6166665731502798
UBFC_PHYS_s01_T3_test,0,2273,75.76666666666667,-0.511066989934579,-0.7769466136588502
UBFC_PHYS_s01_T3_test,0,2274,75.8,-0.5596237724738188,-0.9070212396868641
UBFC_PHYS_s01_T3_test,0,2275,75.83333333333333,-0.5543614906259514,-0.9497736950493908
UBFC_PHYS_s01_T3_test,0,2276,75.86666666666666,-0.47839427251340716,-0.8769469324331551
UBFC_PHYS_s01_T3_test,0,2277,75.9,-0.33345998286859535,-0.6896855412759021
UBFC_PHYS_s01_T3_test,0,2278,75.93333333333334,-0.14444374689372766,-0.4165555080605687
UBFC_PHYS_s01_T3_test,0,2279,75.96666666666667,0.04997351156731214,-0.11410558731639835
UBFC_PHYS_s01_T3_test,0,2280,76.0,0.21288531248363263,0.18877700216490084
UBFC_PHYS_s01_T3_test,0,2281,76.03333333333333,0.32154203118382,0.48948680147855106
UBFC_PHYS_s01_T3_test,0,2282,76.06666666666666,0.3725277313410835,0.7726736930147347
UBFC_PHYS_s01_T3_test,0,2283,76.1,0.3782876687921256,1.008491008681924
UBFC_PHYS_s01_T3_test,0,2284,76.13333333333334,0.3562973510565014,1.1705143294146887
UBFC_PHYS_s01_T3_test,0,2285,76.16666666666667,0.3181659874173873,1.2347863332502655
UBFC_PHYS_s01_T3_test,0,2286,76.2,0.2667409691830888,1.188869830982411
UBFC_PHYS_s01_T3_test,0,2287,76.23333333333333,0.20134092815241778,1.031736285583467
UBFC_PHYS_s01_T3_test,0,2288,76.26666666666667,0.1235714757360107,0.7881892864475022
UBFC_PHYS_s01_T3_test,0,2289,76.3,0.03728703146143576,0.5092846093954185
UBFC_PHYS_s01_T3_test,0,2290,76.33333333333333,-0.05468474320001865,0.226975169683406
UBFC_PHYS_s01_T3_test,0,2291,76.36666666666666,-0.1497661543602019,-0.044788475206480716
UBFC_PHYS_s01_T3_test,0,2292,76.4,-0.24160930103782563,-0.29533922662076184
UBFC_PHYS_s01_T3_test,0,2293,76.43333333333334,-0.32016330939745374,-0.5156248267889973
UBFC_PHYS_s01_T3_test,0,2294,76.46666666666667,-0.37557538802891133,-0.7073737340888403
UBFC_PHYS_s01_T3_test,0,2295,76.5,-0.3978511809396238,-0.8814419134731479
UBFC_PHYS_s01_T3_test,0,2296,76.53333333333333,-0.3712433445238611,-1.0435772122780451
UBFC_PHYS_s01_T3_test,0,2297,76.56666666666666,-0.2750499402081865,-1.1929944290439156
UBFC_PHYS_s01_T3_test,0,2298,76.6,-0.09854024265799058,-1.3070305940486737
UBFC_PHYS_s01_T3_test,0,2299,76.63333333333334,0.14273639442756447,-1.3407343550206334
UBFC_PHYS_s01_T3_test,0,2300,76.66666666666667,0.4073143567520454,-1.2703771297170339
UBFC_PHYS_s01_T3_test,0,2301,76.7,0.642262582401605,-1.09392303614085
UBFC_PHYS_s01_T3_test,0,2302,76.73333333333333,0.7962461571750474,-0.8185144281954551
UBFC_PHYS_s01_T3_test,0,2303,76.76666666666667,0.8293034000105554,-0.4615749221217929
UBFC_PHYS_s01_T3_test,0,2304,76.8,0.7274177373201142,-0.04803251326282569
UBFC_PHYS_s01_T3_test,0,2305,76.83333333333333,0.5152650202938325,0.3877892481412847
UBFC_PHYS_s01_T3_test,0,2306,76.86666666666666,0.24949211277041058,0.8272059255007277
UBFC_PHYS_s01_T3_test,0,2307,76.9,-0.008021884508370603,1.264541341767921
UBFC_PHYS_s01_T3_test,0,2308,76.93333333333334,-0.21589721277047166,1.6573260574715534
UBFC_PHYS_s01_T3_test,0,2309,76.96666666666667,-0.36134284417051443,1.9243593480700483
UBFC_PHYS_s01_T3_test,0,2310,77.0,-0.4534479733308027,2.0191691589965854
UBFC_PHYS_s01_T3_test,0,2311,77.03333333333333,-0.5108456752506436,1.9294380271060203
UBFC_PHYS_s01_T3_test,0,2312,77.06666666666666,-0.5493703253822465,1.6584489485962637
UBFC_PHYS_s01_T3_test,0,2313,77.1,-0.5760716384113482,1.2256664197619531
UBFC_PHYS_s01_T3_test,0,2314,77.13333333333334,-0.5915041419617693,0.6924181800025386
UBFC_PHYS_s01_T3_test,0,2315,77.16666666666667,-0.5920714648766415,0.16329074618525086
UBFC_PHYS_s01_T3_test,0,2316,77.2,-0.5672895303207174,-0.303728201355978
UBFC_PHYS_s01_T3_test,0,2317,77.23333333333333,-0.4996653292618629,-0.6950492859170727
UBFC_PHYS_s01_T3_test,0,2318,77.26666666666667,-0.3749336834765483,-0.9994076437374014
UBFC_PHYS_s01_T3_test,0,2319,77.3,-0.19612974802144906,-1.205299731853035
UBFC_PHYS_s01_T3_test,0,2320,77.33333333333333,0.012801954913191044,-1.317096830806948
UBFC_PHYS_s01_T3_test,0,2321,77.36666666666666,0.2175080701830884,-1.3533710847081175
UBFC_PHYS_s01_T3_test,0,2322,77.4,0.387486331768771,-1.3398723313178356
UBFC_PHYS_s01_T3_test,0,2323,77.43333333333334,0.5049001270497122,-1.308477097948873
UBFC_PHYS_s01_T3_test,0,2324,77.46666666666667,0.5671949623536223,-1.2640725594499231
UBFC_PHYS_s01_T3_test,0,2325,77.5,0.5839625582034329,-1.1846220271498102
UBFC_PHYS_s01_T3_test,0,2326,77.53333333333333,0.5680707123339639,-1.0440080413013593
UBFC_PHYS_s01_T3_test,0,2327,77.56666666666666,0.5267973603451037,-0.8133665672520862
UBFC_PHYS_s01_T3_test,0,2328,77.6,0.4603093358806286,-0.4857545328733329
UBFC_PHYS_s01_T3_test,0,2329,77.63333333333334,0.36639260762175163,-0.07804041987053612
UBFC_PHYS_s01_T3_test,0,2330,77.66666666666667,0.24511643985127035,0.36188322036837706
UBFC_PHYS_s01_T3_test,0,2331,77.7,0.10072694049425614,0.7535050703956206
UBFC_PHYS_s01_T3_test,0,2332,77.73333333333333,-0.058863525399049405,1.06134175817376
UBFC_PHYS_s01_T3_test,0,2333,77.76666666666667,-0.22401767766679936,1.2930984844437399
UBFC_PHYS_s01_T3_test,0,2334,77.8,-0.38354697082020084,1.4547183909241717
UBFC_PHYS_s01_T3_test,0,2335,77.83333333333333,-0.5210300800748786,1.5485045381860185
UBFC_PHYS_s01_T3_test,0,2336,77.86666666666666,-0.6119723583790334,1.5391666498229088
UBFC_PHYS_s01_T3_test,0,2337,77.9,-0.6294587518362994,1.3541369564994543
UBFC_PHYS_s01_T3_test,0,2338,77.93333333333334,-0.5588142676583329,0.9923744730966049
UBFC_PHYS_s01_T3_test,0,2339,77.96666666666667,-0.41069082745792995,0.5257119405902758
UBFC_PHYS_s01_T3_test,0,2340,78.0,-0.2200619118213517,0.029127458059881775
UBFC_PHYS_s01_T3_test,0,2341,78.03333333333333,-0.03017545707982024,-0.4180637508014191
UBFC_PHYS_s01_T3_test,0,2342,78.06666666666666,0.12626096753166005,-0.762457261964625
UBFC_PHYS_s01_T3_test,0,2343,78.1,0.23598164961081894,-0.9748761029605715
UBFC_PHYS_s01_T3_test,0,2344,78.13333333333334,0.3031825395268884,-1.0398234980939995
UBFC_PHYS_s01_T3_test,0,2345,78.16666666666667,0.34300515098903056,-0.954388829328281
UBFC_PHYS_s01_T3_test,0,2346,78.2,0.37264074608020775,-0.7692167184849954
UBFC_PHYS_s01_T3_test,0,2347,78.23333333333333,0.4006840032515501,-0.5876488181720091
UBFC_PHYS_s01_T3_test,0,2348,78.26666666666667,0.42236811431492305,-0.46790441261630356
UBFC_PHYS_s01_T3_test,0,2349,78.3,0.4259582008077277,-0.4227049462836347
UBFC_PHYS_s01_T3_test,0,2350,78.33333333333333,0.40217297069512586,-0.4213880540977617
UBFC_PHYS_s01_T3_test,0,2351,78.36666666666666,0.34772422355115196,-0.3911289085204983
UBFC_PHYS_s01_T3_test,0,2352,78.4,0.26439841778475437,-0.30684158916119325
UBFC_PHYS_s01_T3_test,0,2353,78.43333333333334,0.1570102149457475,-0.1921438315063141
UBFC_PHYS_s01_T3_test,0,2354,78.46666666666667,0.031132579397816974,-0.05304013270530981
UBFC_PHYS_s01_T3_test,0,2355,78.5,-0.1077218577916702,0.12139801556111934
UBFC_PHYS_s01_T3_test,0,2356,78.53333333333333,-0.25343972922302593,0.32782965968230393
UBFC_PHYS_s01_T3_test,0,2357,78.56666666666666,-0.3987037711162549,0.5474595329229819
UBFC_PHYS_s01_T3_test,0,2358,78.6,-0.5327449362783749,0.7377841966202134
UBFC_PHYS_s01_T3_test,0,2359,78.63333333333334,-0.6366269206070148,0.8322179259876851
UBFC_PHYS_s01_T3_test,0,2360,78.66666666666667,-0.6829879561192633,0.8287837033377896
UBFC_PHYS_s01_T3_test,0,2361,78.7,-0.6472853675074436,0.7894798625912203
UBFC_PHYS_s01_T3_test,0,2362,78.73333333333333,-0.5247707008397018,0.717260392977081
UBFC_PHYS_s01_T3_test,0,2363,78.76666666666667,-0.33793936233210886,0.5562312247693131
UBFC_PHYS_s01_T3_test,0,2364,78.8,-0.12699133132816934,0.29904273491735023
UBFC_PHYS_s01_T3_test,0,2365,78.83333333333333,0.06823797119030699,-0.011732375535295853
UBFC_PHYS_s01_T3_test,0,2366,78.86666666666666,0.22230353887851237,-0.32374982188308865
UBFC_PHYS_s01_T3_test,0,2367,78.9,0.32906273607782366,-0.5741534676748461
UBFC_PHYS_s01_T3_test,0,2368,78.93333333333334,0.3971119136205161,-0.7230863882740765
UBFC_PHYS_s01_T3_test,0,2369,78.96666666666667,0.43928576662682306,-0.7530191234907281
UBFC_PHYS_s01_T3_test,0,2370,79.0,0.46436051655482496,-0.6776305205426791
UBFC_PHYS_s01_T3_test,0,2371,79.03333333333333,0.4745620071184444,-0.5411735471602838
UBFC_PHYS_s01_T3_test,0,2372,79.06666666666666,0.4660547377537472,-0.3795289401825681
UBFC_PHYS_s01_T3_test,0,2373,79.1,0.4321043729205795,-0.22012657918795678
UBFC_PHYS_s01_T3_test,0,2374,79.13333333333334,0.36899221583433595,-0.0690490678236282
UBFC_PHYS_s01_T3_test,0,2375,79.16666666666667,0.2793894393722993,0.08802054650343757
UBFC_PHYS_s01_T3_test,0,2376,79.2,0.17033088509594693,0.24181010668157746
UBFC_PHYS_s01_T3_test,0,2377,79.23333333333333,0.04975410867853454,0.358617102785933
UBFC_PHYS_s01_T3_test,0,2378,79.26666666666667,-0.07547670035428951,0.42222950812799437
UBFC_PHYS_s01_T3_test,0,2379,79.3,-0.20040302119618203,0.43357310941430177
UBFC_PHYS_s01_T3_test,0,2380,79.33333333333333,-0.32136682382667203,0.39652157216105555
UBFC_PHYS_s01_T3_test,0,2381,79.36666666666666,-0.4344252069025786,0.31772289743402066
UBFC_PHYS_s01_T3_test,0,2382,79.4,-0.5340675990418329,0.20979838657371608
UBFC_PHYS_s01_T3_test,0,2383,79.43333333333334,-0.6105862684227764,0.09156584997846914
UBFC_PHYS_s01_T3_test,0,2384,79.46666666666667,-0.6462085229374295,-0.011560525374071082
UBFC_PHYS_s01_T3_test,0,2385,79.5,-0.6181559920415703,-0.0674306430013129
UBFC_PHYS_s01_T3_test,0,2386,79.53333333333333,-0.5135451282765802,-0.0709519834694892
UBFC_PHYS_s01_T3_test,0,2387,79.56666666666666,-0.34321563116198395,-0.04381089297509814
UBFC_PHYS_s01_T3_test,0,2388,79.6,-0.13888811294706035,-0.013786816342837748
UBFC_PHYS_s01_T3_test,0,2389,79.63333333333334,0.062109071666384956,-0.014123289867691954
UBFC_PHYS_s01_T3_test,0,2390,79.66666666666667,0.23119463887636735,-0.05887529532704149
UBFC_PHYS_s01_T3_test,0,2391,79.7,0.35585685922562843,-0.14248335572656887
UBFC_PHYS_s01_T3_test,0,2392,79.73333333333333,0.4383413667787382,-0.23954691716086662
UBFC_PHYS_s01_T3_test,0,2393,79.76666666666667,0.4874626791758485,-0.3049454139947533
UBFC_PHYS_s01_T3_test,0,2394,79.8,0.5109588747269518,-0.3150556128468063
UBFC_PHYS_s01_T3_test,0,2395,79.83333333333333,0.5136183754565736,-0.2679605545816882
UBFC_PHYS_s01_T3_test,0,2396,79.86666666666666,0.49817636964599515,-0.17696489371345434
UBFC_PHYS_s01_T3_test,0,2397,79.9,0.4653877803390326,-0.07055539492269801
UBFC_PHYS_s01_T3_test,0,2398,79.93333333333334,0.41417833547662913,0.03104762952167981
UBFC_PHYS_s01_T3_test,0,2399,79.96666666666667,0.34319397473341134,0.11569478746444435
UBFC_PHYS_s01_T3_test,0,2400,80.0,0.2531067334919874,0.15978875476573307
UBFC_PHYS_s01_T3_test,0,2401,80.03333333333333,0.1476062960153667,0.12833336694765285
UBFC_PHYS_s01_T3_test,0,2402,80.06666666666666,0.031169948600250172,0.017380318758586658
UBFC_PHYS_s01_T3_test,0,2403,80.1,-0.09387548217846634,-0.1456633962658821
UBFC_PHYS_s01_T3_test,0,2404,80.13333333333334,-0.22579037942966793,-0.32917847232582037
UBFC_PHYS_s01_T3_test,0,2405,80.16666666666667,-0.35910601616993615,-0.49711361239909374
UBFC_PHYS_s01_T3_test,0,2406,80.2,-0.4842488232267056,-0.610831531788739
UBFC_PHYS_s01_T3_test,0,2407,80.23333333333333,-0.5903167982116349,-0.6290600818235257
UBFC_PHYS_s01_T3_test,0,2408,80.26666666666667,-0.6650106179312886,-0.5154738648119291
UBFC_PHYS_s01_T3_test,0,2409,80.3,-0.6922472040091227,-0.23965146880893984
UBFC_PHYS_s01_T3_test,0,2410,80.33333333333333,-0.6538908471168557,0.16997807075208565
UBFC_PHYS_s01_T3_test,0,2411,80.36666666666666,-0.5390815501025249,0.6249414638150517
UBFC_PHYS_s01_T3_test,0,2412,80.4,-0.3557728451536183,1.023412277825054
UBFC_PHYS_s01_T3_test,0,2413,80.43333333333334,-0.13295211591514117,1.2498582123723976
UBFC_PHYS_s01_T3_test,0,2414,80.46666666666667,0.09046625647775038,1.2809178835310018
UBFC_PHYS_s01_T3_test,0,2415,80.5,0.2805143667371873,1.1844394623958732
UBFC_PHYS_s01_T3_test,0,2416,80.53333333333333,0.41769075323575594,0.9884388284140833
UBFC_PHYS_s01_T3_test,0,2417,80.56666666666666,0.5001404096188256,0.6809877544058991
UBFC_PHYS_s01_T3_test,0,2418,80.6,0.5394694624144799,0.29201357941327066
UBFC_PHYS_s01_T3_test,0,2419,80.63333333333334,0.5496839695774192,-0.1053425860702936
UBFC_PHYS_s01_T3_test,0,2420,80.66666666666667,0.5376948532793886,-0.4535178133056491
UBFC_PHYS_s01_T3_test,0,2421,80.7,0.5027868562462348,-0.7093136011415604
UBFC_PHYS_s01_T3_test,0,2422,80.73333333333333,0.44203020402442494,-0.8650624438938976
UBFC_PHYS_s01_T3_test,0,2423,80.76666666666667,0.3553162634335928,-0.9469914404206031
UBFC_PHYS_s01_T3_test,0,2424,80.8,0.247515987269042,-0.968945009447644
UBFC_PHYS_s01_T3_test,0,2425,80.83333333333333,0.12701735234070607,-0.9313825127483106
UBFC_PHYS_s01_T3_test,0,2426,80.86666666666666,0.00216460509242946,-0.8392990243607449
UBFC_PHYS_s01_T3_test,0,2427,80.9,-0.1209022084497744,-0.7023469423212295
UBFC_PHYS_s01_T3_test,0,2428,80.93333333333334,-0.2379771440031538,-0.5508838747327988
UBFC_PHYS_s01_T3_test,0,2429,80.96666666666667,-0.3456696544961729,-0.43608973161358705
UBFC_PHYS_s01_T3_test,0,2430,81.0,-0.44087136855656195,-0.34745291658586114
UBFC_PHYS_s01_T3_test,0,2431,81.03333333333333,-0.5199275683617864,-0.2139169866202669
UBFC_PHYS_s01_T3_test,0,2432,81.06666666666666,-0.5752292803367954,0.017584726652201
UBFC_PHYS_s01_T3_test,0,2433,81.1,-0.5918226312485179,0.3796176178130203
UBFC_PHYS_s01_T3_test,0,2434,81.13333333333334,-0.5506986426297893,0.8246188180872963
UBFC_PHYS_s01_T3_test,0,2435,81.16666666666667,-0.439620151690744,1.2236505996076703
UBFC_PHYS_s01_T3_test,0,2436,81.2,-0.26463353976173193,1.4690399619470789
UBFC_PHYS_s01_T3_test,0,2437,81.23333333333333,-0.05337451724336656,1.4746085218242475
UBFC_PHYS_s01_T3_test,0,2438,81.26666666666667,0.15419038613883662,1.238689142625924
UBFC_PHYS_s01_T3_test,0,2439,81.3,0.32151585557947976,0.844134773720187
UBFC_PHYS_s01_T3_test,0,2440,81.33333333333333,0.4274196586288761,0.35826316892525956
UBFC_PHYS_s01_T3_test,0,2441,81.36666666666666,0.47059959407414015,-0.16624155199029125
UBFC_PHYS_s01_T3_test,0,2442,81.4,0.4662651769392293,-0.6566806455212084
UBFC_PHYS_s01_T3_test,0,2443,81.43333333333334,0.4349461787458993,-1.0186539851333278
UBFC_PHYS_s01_T3_test,0,2444,81.46666666666667,0.390809451987864,-1.2027964960494246
UBFC_PHYS_s01_T3_test,0,2445,81.5,0.3382445186603217,-1.2035805175430956
UBFC_PHYS_s01_T3_test,0,2446,81.53333333333333,0.27592342467578346,-1.0272999257688402
UBFC_PHYS_s01_T3_test,0,2447,81.56666666666666,0.2018358493937528,-0.6918590639980464
UBFC_PHYS_s01_T3_test,0,2448,81.6,0.11525613873938148,-0.25894379992633676
UBFC_PHYS_s01_T3_test,0,2449,81.63333333333334,0.016582592275707603,0.16537139416131924
UBFC_PHYS_s01_T3_test,0,2450,81.66666666666667,-0.09187918634032302,0.495762133787867
UBFC_PHYS_s01_T3_test,0,2451,81.7,-0.20485416594507733,0.6670864986055365
UBFC_PHYS_s01_T3_test,0,2452,81.73333333333333,-0.3154124347913011,0.6796583552770451
UBFC_PHYS_s01_T3_test,0,2453,81.76666666666667,-0.4169398226595597,0.5980226101886595
UBFC_PHYS_s01_T3_test,0,2454,81.8,-0.5032468195624432,0.45580109880780956
UBFC_PHYS_s01_T3_test,0,2455,81.83333333333333,-0.5681005533741954,0.2553201895979771
UBFC_PHYS_s01_T3_test,0,2456,81.86666666666666,-0.6036560112072956,0.040562855690519185
UBFC_PHYS_s01_T3_test,0,2457,81.9,-0.5966223004493861,-0.10265017976851915
UBFC_PHYS_s01_T3_test,0,2458,81.93333333333334,-0.5293614306505654,-0.1465049701332315
UBFC_PHYS_s01_T3_test,0,2459,81.96666666666667,-0.3918090975796519,-0.1209578051071186
UBFC_PHYS_s01_T3_test,0,2460,82.0,-0.19331276808470166,-0.06668010304294575
UBFC_PHYS_s01_T3_test,0,2461,82.03333333333333,0.03901358012976884,-0.03406012540238312
UBFC_PHYS_s01_T3_test,0,2462,82.06666666666666,0.271673292049601,-0.05894331422066227
UBFC_PHYS_s01_T3_test,0,2463,82.1,0.4756812761601575,-0.161828172288374
UBFC_PHYS_s01_T3_test,0,2464,82.13333333333334,0.6330014918192868,-0.32732456265504284
UBFC_PHYS_s01_T3_test,0,2465,82.16666666666667,0.7360962372101095,-0.5038612242255942
UBFC_PHYS_s01_T3_test,0,2466,82.2,0.7818106528539661,-0.644236471756237
UBFC_PHYS_s01_T3_test,0,2467,82.23333333333333,0.768380692480583,-0.7057217299839535
UBFC_PHYS_s01_T3_test,0,2468,82.26666666666667,0.699251172694175,-0.6663331790074971
UBFC_PHYS_s01_T3_test,0,2469,82.3,0.5854802036583,-0.5250393375377421
UBFC_PHYS_s01_T3_test,0,2470,82.33333333333333,0.4410409663578247,-0.28187894248871453
UBFC_PHYS_s01_T3_test,0,2471,82.36666666666666,0.27709515466007817,0.06101008066532046
UBFC_PHYS_s01_T3_test,0,2472,82.4,0.10165496529260462,0.4672162655028943
UBFC_PHYS_s01_T3_test,0,2473,82.43333333333334,-0.07755408119626944,0.8646310618617966
UBFC_PHYS_s01_T3_test,0,2474,82.46666666666667,-0.25119841552396266,1.175475514008314
UBFC_PHYS_s01_T3_test,0,2475,82.5,-0.4085809270398288,1.3156849637081967
UBFC_PHYS_s01_T3_test,0,2476,82.53333333333333,-0.5405142035265348,1.2495624617121939
UBFC_PHYS_s01_T3_test,0,2477,82.56666666666666,-0.6418243958550507,0.9898047900180005
UBFC_PHYS_s01_T3_test,0,2478,82.6,-0.7077040289511679,0.5943193666567993
UBFC_PHYS_s01_T3_test,0,2479,82.63333333333334,-0.7273435288532356,0.1664306251264996
UBFC_PHYS_s01_T3_test,0,2480,82.66666666666667,-0.6852845675757784,-0.22209439540543668
UBFC_PHYS_s01_T3_test,0,2481,82.7,-0.5715541254347959,-0.5300262312541861
UBFC_PHYS_s01_T3_test,0,2482,82.73333333333333,-0.3921086172244662,-0.7378969521112744
UBFC_PHYS_s01_T3_test,0,2483,82.76666666666667,-0.17208045870480154,-0.84633083170959
UBFC_PHYS_s01_T3_test,0,2484,82.8,0.05237256038240678,-0.8606352562047451
UBFC_PHYS_s01_T3_test,0,2485,82.83333333333333,0.2493509060127286,-0.7898510442638895
UBFC_PHYS_s01_T3_test,0,2486,82.86666666666666,0.4004473274547253,-0.6543262121862787
UBFC_PHYS_s01_T3_test,0,2487,82.9,0.5000789256863711,-0.4856259896045507
UBFC_PHYS_s01_T3_test,0,2488,82.93333333333334,0.5526523811592728,-0.31567019365343646
UBFC_PHYS_s01_T3_test,0,2489,82.96666666666667,0.5681227814029169,-0.17702244686057983
UBFC_PHYS_s01_T3_test,0,2490,83.0,0.5533140096453504,-0.08182802662542144
UBFC_PHYS_s01_T3_test,0,2491,83.03333333333333,0.5078188577029255,-0.022467490478507317
UBFC_PHYS_s01_T3_test,0,2492,83.06666666666666,0.4301539117470739,0.022336177370240594
UBFC_PHYS_s01_T3_test,0,2493,83.1,0.3233116332443889,0.08646245744533154
UBFC_PHYS_s01_T3_test,0,2494,83.13333333333334,0.19246817820158152,0.1940597012242611
UBFC_PHYS_s01_T3_test,0,2495,83.16666666666667,0.042434870559688295,0.3583710280881685
UBFC_PHYS_s01_T3_test,0,2496,83.2,-0.12076881237811087,0.5700206120023267
UBFC_PHYS_s01_T3_test,0,2497,83.23333333333333,-0.2887820603523773,0.7960899094648338
UBFC_PHYS_s01_T3_test,0,2498,83.26666666666667,-0.4513308565734661,0.9792268998293956
UBFC_PHYS_s01_T3_test,0,2499,83.3,-0.5956855665392697,1.0376672120495296
UBFC_PHYS_s01_T3_test,0,2500,83.33333333333333,-0.7055115710636676,0.9174124278756934
UBFC_PHYS_s01_T3_test,0,2501,83.36666666666666,-0.7608414671913146,0.5933610644755779
UBFC_PHYS_s01_T3_test,0,2502,83.4,-0.7415680290838045,0.11215552928598818
UBFC_PHYS_s01_T3_test,0,2503,83.43333333333334,-0.6373499282005053,-0.40684308434757255
UBFC_PHYS_s01_T3_test,0,2504,83.46666666666667,-0.4596019014414374,-0.8824515165822369
UBFC_PHYS_s01_T3_test,0,2505,83.5,-0.24286907243621314,-1.2702902519452397
UBFC_PHYS_s01_T3_test,0,2506,83.53333333333333,-0.02990124691022091,-1.5150874455586067
UBFC_PHYS_s01_T3_test,0,2507,83.56666666666666,0.14781157172684517,-1.5495055731108982
UBFC_PHYS_s01_T3_test,0,2508,83.6,0.27954037109210705,-1.3642930490579441
UBFC_PHYS_s01_T3_test,0,2509,83.63333333333334,0.3741310038538268,-1.0083274426883448
UBFC_PHYS_s01_T3_test,0,2510,83.66666666666667,0.45206524260335074,-0.5418177092107843
UBFC_PHYS_s01_T3_test,0,2511,83.7,0.5309140974032373,-0.03715207918084702
UBFC_PHYS_s01_T3_test,0,2512,83.73333333333333,0.611073541828019,0.44034783650764586
UBFC_PHYS_s01_T3_test,0,2513,83.76666666666667,0.6753888458418127,0.8306581896466623
UBFC_PHYS_s01_T3_test,0,2514,83.8,0.7033583510634754,1.1083597662354823
UBFC_PHYS_s01_T3_test,0,2515,83.83333333333333,0.6829232187779788,1.2805445530620854
UBFC_PHYS_s01_T3_test,0,2516,83.86666666666666,0.609240071633308,1.3437709154273039
UBFC_PHYS_s01_T3_test,0,2517,83.9,0.4802221433274005,1.2829136418564338
UBFC_PHYS_s01_T3_test,0,2518,83.93333333333334,0.2996398637559827,1.119477083414635
UBFC_PHYS_s01_T3_test,0,2519,83.96666666666667,0.08257920287764291,0.9114151374858986
UBFC_PHYS_s01_T3_test,0,2520,84.0,-0.14651133780268547,0.6867010873319853
UBFC_PHYS_s01_T3_test,0,2521,84.03333333333333,-0.3624452430606766,0.44403501470958867
UBFC_PHYS_s01_T3_test,0,2522,84.06666666666666,-0.5459351698563162,0.18008399238151473
UBFC_PHYS_s01_T3_test,0,2523,84.1,-0.6829186841321147,-0.10864647940147296
UBFC_PHYS_s01_T3_test,0,2524,84.13333333333334,-0.760407095394661,-0.41329792253183256
UBFC_PHYS_s01_T3_test,0,2525,84.16666666666667,-0.766294763133241,-0.710802935050208
UBFC_PHYS_s01_T3_test,0,2526,84.2,-0.6949009711243477,-0.9829685399223171
UBFC_PHYS_s01_T3_test,0,2527,84.23333333333333,-0.5538117992975681,-1.2148305190104889
UBFC_PHYS_s01_T3_test,0,2528,84.26666666666667,-0.36637382584052,-1.3792470746719108
UBFC_PHYS_s01_T3_test,0,2529,84.3,-0.16564601472605767,-1.4359939691648034
UBFC_PHYS_s01_T3_test,0,2530,84.33333333333333,0.01814605295375986,-1.3531243768560735
UBFC_PHYS_s01_T3_test,0,2531,84.36666666666666,0.1669797476146091,-1.1074743751463545
UBFC_PHYS_s01_T3_test,0,2532,84.4,0.2754054152443415,-0.7119008718056189
UBFC_PHYS_s01_T3_test,0,2533,84.43333333333334,0.34604741275164863,-0.21667972499293403
UBFC_PHYS_s01_T3_test,0,2534,84.46666666666667,0.3846159706670265,0.29543090289107155
UBFC_PHYS_s01_T3_test,0,2535,84.5,0.3948020748626253,0.7080065903811112
UBFC_PHYS_s01_T3_test,0,2536,84.53333333333333,0.3760913410888671,0.9636466177006663
UBFC_PHYS_s01_T3_test,0,2537,84.56666666666666,0.32747585916836586,1.0626485389803442
UBFC_PHYS_s01_T3_test,0,2538,84.6,0.252142056071971,1.0451524286535285
UBFC_PHYS_s01_T3_test,0,2539,84.63333333333334,0.15780483746256435,0.9892578497402466
UBFC_PHYS_s01_T3_test,0,2540,84.66666666666667,0.05475103882661629,0.9168276950563602
UBFC_PHYS_s01_T3_test,0,2541,84.7,-0.04648939732766711,0.7932537365990385
UBFC_PHYS_s01_T3_test,0,2542,84.73333333333333,-0.1381471646203133,0.6168314628860694
UBFC_PHYS_s01_T3_test,0,2543,84.76666666666667,-0.21471327056348813,0.41970451206074716
UBFC_PHYS_s01_T3_test,0,2544,84.8,-0.2669171706211161,0.23369536032182422
UBFC_PHYS_s01_T3_test,0,2545,84.83333333333333,-0.27914284889943075,0.09082449706303913
UBFC_PHYS_s01_T3_test,0,2546,84.86666666666666,-0.23826148003284775,-0.002587031517968713
UBFC_PHYS_s01_T3_test,0,2547,84.9,-0.146733549344712,-0.06504394037751647
UBFC_PHYS_s01_T3_test,0,2548,84.93333333333334,-0.02587696852964378,-0.11931373143414424
UBFC_PHYS_s01_T3_test,0,2549,84.96666666666667,0.09399040136056952,-0.1912897535922488
UBFC_PHYS_s01_T3_test,0,2550,85.0,0.1868385280833654,-0.29657649155619453
UBFC_PHYS_s01_T3_test,0,2551,85.03333333333333,0.23885321996898062,-0.4394973762764317
UBFC_PHYS_s01_T3_test,0,2552,85.06666666666666,0.2500621627588134,-0.6114223512696053
UBFC_PHYS_s01_T3_test,0,2553,85.1,0.23066878463618187,-0.7899796114442075
UBFC_PHYS_s01_T3_test,0,2554,85.13333333333334,0.19301654302467364,-0.9429397886841904
UBFC_PHYS_s01_T3_test,0,2555,85.16666666666667,0.14388940330191424,-1.027871844360068
UBFC_PHYS_s01_T3_test,0,2556,85.2,0.08388694599553177,-1.017404902907751
UBFC_PHYS_s01_T3_test,0,2557,85.23333333333333,0.013955209725810519,-0.8994370633816013
UBFC_PHYS_s01_T3_test,0,2558,85.26666666666667,-0.05956308034780149,-0.6803980272784793
UBFC_PHYS_s01_T3_test,0,2559,85.3,-0.12781626191152248,-0.38595862578901297
UBFC_PHYS_s01_T3_test,0,2560,85.33333333333333,-0.18514024171373467,-0.07332393221172974
UBFC_PHYS_s01_T3_test,0,2561,85.36666666666666,-0.22837546530784938,0.16823995771445865
UBFC_PHYS_s01_T3_test,0,2562,85.4,-0.251261855220106,0.3198197858370703
UBFC_PHYS_s01_T3_test,0,2563,85.43333333333334,-0.24369331661729238,0.4315965581545976
UBFC_PHYS_s01_T3_test,0,2564,85.46666666666667,-0.19846982085912657,0.5281337529910972
UBFC_PHYS_s01_T3_test,0,2565,85.5,-0.11861790433187828,0.6067981611015687
UBFC_PHYS_s01_T3_test,0,2566,85.53333333333333,-0.019657438755918646,0.6616116645105371
UBFC_PHYS_s01_T3_test,0,2567,85.56666666666666,0.07514991007725304,0.6828003073528109
UBFC_PHYS_s01_T3_test,0,2568,85.6,0.14566554799714687,0.6716999795530623
UBFC_PHYS_s01_T3_test,0,2569,85.63333333333334,0.1835973105406699,0.6405249996849235
UBFC_PHYS_s01_T3_test,0,2570,85.66666666666667,0.19181660004741208,0.5955704849250154
UBFC_PHYS_s01_T3_test,0,2571,85.7,0.17880959097349267,0.537235931267906
UBFC_PHYS_s01_T3_test,0,2572,85.73333333333333,0.15401274734577797,0.4571700318707645
UBFC_PHYS_s01_T3_test,0,2573,85.76666666666667,0.12281382544589281,0.3389344906620247
UBFC_PHYS_s01_T3_test,0,2574,85.8,0.08392708008711719,0.1893113545902205
UBFC_PHYS_s01_T3_test,0,2575,85.83333333333333,0.03385242527200237,0.03898180737464359
UBFC_PHYS_s01_T3_test,0,2576,85.86666666666666,-0.02738825728885845,-0.09107027351964003
UBFC_PHYS_s01_T3_test,0,2577,85.9,-0.09628359700615072,-0.18904116164258325
UBFC_PHYS_s01_T3_test,0,2578,85.93333333333334,-0.16882992243944223,-0.25334652303478333
UBFC_PHYS_s01_T3_test,0,2579,85.96666666666667,-0.2415881750828578,-0.2919085105277882
UBFC_PHYS_s01_T3_test,0,2580,86.0,-0.30907465543919543,-0.3088598415555277
UBFC_PHYS_s01_T3_test,0,2581,86.03333333333333,-0.3584927449255046,-0.30408556666477543
UBFC_PHYS_s01_T3_test,0,2582,86.06666666666666,-0.36896004940217614,-0.28349588362530054
UBFC_PHYS_s01_T3_test,0,2583,86.1,-0.32167957080244564,-0.25882606782504275
UBFC_PHYS_s01_T3_test,0,2584,86.13333333333334,-0.2137210330700438,-0.23520177569550826
UBFC_PHYS_s01_T3_test,0,2585,86.16666666666667,-0.06178907634786733,-0.21110695882145938
UBFC_PHYS_s01_T3_test,0,2586,86.2,0.1060616843347799,-0.18729185707576707
UBFC_PHYS_s01_T3_test,0,2587,86.23333333333333,0.2613879299462819,-0.1668682295190415
UBFC_PHYS_s01_T3_test,0,2588,86.26666666666667,0.38229105233195054,-0.1471289964366731
UBFC_PHYS_s01_T3_test,0,2589,86.3,0.45718063609012305,-0.11972336183908235
UBFC_PHYS_s01_T3_test,0,2590,86.33333333333333,0.4859691407909864,-0.07642414307750443
UBFC_PHYS_s01_T3_test,0,2591,86.36666666666666,0.4764240783796636,-0.009518615205225744
UBFC_PHYS_s01_T3_test,0,2592,86.4,0.4373879523050739,0.07025263864422787
UBFC_PHYS_s01_T3_test,0,2593,86.43333333333334,0.3750814859253251,0.13356226926674888
UBFC_PHYS_s01_T3_test,0,2594,86.46666666666667,0.29424553624582656,0.1663874695568119
UBFC_PHYS_s01_T3_test,0,2595,86.5,0.19934558468479904,0.1699917756315233
UBFC_PHYS_s01_T3_test,0,2596,86.53333333333333,0.09360216527959862,0.14936933734450755
UBFC_PHYS_s01_T3_test,0,2597,86.56666666666666,-0.020312394416623684,0.11310248122213894
UBFC_PHYS_s01_T3_test,0,2598,86.6,-0.13712812030882743,0.06998811822740128
UBFC_PHYS_s01_T3_test,0,2599,86.63333333333334,-0.24935338273829946,0.029067766468261487
UBFC_PHYS_s01_T3_test,0,2600,86.66666666666667,-0.3521650342948759,-0.002194496250844308
UBFC_PHYS_s01_T3_test,0,2601,86.7,-0.44439031061279827,-0.017813875140363165
UBFC_PHYS_s01_T3_test,0,2602,86.73333333333333,-0.5221150512855812,-0.021263679742290043
UBFC_PHYS_s01_T3_test,0,2603,86.76666666666667,-0.5731677046006888,-0.025247351653883372
UBFC_PHYS_s01_T3_test,0,2604,86.8,-0.5799905350160721,-0.030233582195734375
UBFC_PHYS_s01_T3_test,0,2605,86.83333333333333,-0.5295938616139046,-0.024402887340037115
UBFC_PHYS_s01_T3_test,0,2606,86.86666666666666,-0.42347205112002156,-0.005814320359638726
UBFC_PHYS_s01_T3_test,0,2607,86.9,-0.27841147757045787,0.01750289134780233
UBFC_PHYS_s01_T3_test,0,2608,86.93333333333334,-0.11686422437803767,0.03864523770551091
UBFC_PHYS_s01_T3_test,0,2609,86.96666666666667,0.04242322526436505,0.05186676426120697
UBFC_PHYS_s01_T3_test,0,2610,87.0,0.18649757773630807,0.05222432688605163
UBFC_PHYS_s01_T3_test,0,2611,87.03333333333333,0.30743449024604375,0.035618549609604575
UBFC_PHYS_s01_T3_test,0,2612,87.06666666666666,0.40159321149555804,0.00863661566889933
UBFC_PHYS_s01_T3_test,0,2613,87.1,0.46749979195659663,-0.011532744916939543
UBFC_PHYS_s01_T3_test,0,2614,87.13333333333334,0.5044387026583712,-0.02070926277202792
UBFC_PHYS_s01_T3_test,0,2615,87.16666666666667,0.5129442313838507,-0.027719635830060485
UBFC_PHYS_s01_T3_test,0,2616,87.2,0.4944459336142832,-0.03687188808657188
UBFC_PHYS_s01_T3_test,0,2617,87.23333333333333,0.4499803846185196,-0.04781289432983658
UBFC_PHYS_s01_T3_test,0,2618,87.26666666666667,0.3807420302799769,-0.06023468642051362
UBFC_PHYS_s01_T3_test,0,2619,87.3,0.2902582623075191,-0.07384691963057372
UBFC_PHYS_s01_T3_test,0,2620,87.33333333333333,0.18474360368802076,-0.09260865519915322
UBFC_PHYS_s01_T3_test,0,2621,87.36666666666666,0.07045615301337067,-0.12456958389884057
UBFC_PHYS_s01_T3_test,0,2622,87.4,-0.04832905594276029,-0.17086583957573714
UBFC_PHYS_s01_T3_test,0,2623,87.43333333333334,-0.16776872889856903,-0.22552219848467722
UBFC_PHYS_s01_T3_test,0,2624,87.46666666666667,-0.2822687837768998,-0.2832077312012269
UBFC_PHYS_s01_T3_test,0,2625,87.5,-0.3858093446268379,-0.33907245321914875
UBFC_PHYS_s01_T3_test,0,2626,87.53333333333333,-0.4743251806360409,-0.3831180079819789
UBFC_PHYS_s01_T3_test,0,2627,87.56666666666666,-0.5431075126980779,-0.4001694840970773
UBFC_PHYS_s01_T3_test,0,2628,87.6,-0.5809571474579286,-0.37919801979280493
UBFC_PHYS_s01_T3_test,0,2629,87.63333333333334,-0.5707251592847832,-0.31360697559293155
UBFC_PHYS_s01_T3_test,0,2630,87.66666666666667,-0.4997509882468766,-0.2054626240862527
UBFC_PHYS_s01_T3_test,0,2631,87.7,-0.37151492736626207,-0.06599743845243927
UBFC_PHYS_s01_T3_test,0,2632,87.73333333333333,-0.20733103877431605,0.08431232942748426
UBFC_PHYS_s01_T3_test,0,2633,87.76666666666667,-0.03630522192918083,0.21524787433749865
UBFC_PHYS_s01_T3_test,0,2634,87.8,0.11707654807695178,0.3279585374268861
UBFC_PHYS_s01_T3_test,0,2635,87.83333333333333,0.23866720126319685,0.453911114740211
UBFC_PHYS_s01_T3_test,0,2636,87.86666666666666,0.3245353902483716,0.5837288012699391
UBFC_PHYS_s01_T3_test,0,2637,87.9,0.37865543939564883,0.666495661810673
UBFC_PHYS_s01_T3_test,0,2638,87.93333333333334,0.4084589108987781,0.6752584022703437
UBFC_PHYS_s01_T3_test,0,2639,87.96666666666667,0.4205894799956701,0.6071677529628632
UBFC_PHYS_s01_T3_test,0,2640,88.0,0.4199545977145298,0.4846861129846675
UBFC_PHYS_s01_T3_test,0,2641,88.03333333333333,0.4095677150606517,0.3554101520999602
UBFC_PHYS_s01_T3_test,0,2642,88.06666666666666,0.38920349502207635,0.24005860896164166
UBFC_PHYS_s01_T3_test,0,2643,88.1,0.3558738630296683,0.13280758667347262
UBFC_PHYS_s01_T3_test,0,2644,88.13333333333334,0.30691103389178453,0.035380219627255675
UBFC_PHYS_s01_T3_test,0,2645,88.16666666666667,0.2417731100708834,-0.04220667264934017
UBFC_PHYS_s01_T3_test,0,2646,88.2,0.16089704842503347,-0.09565361534846441
UBFC_PHYS_s01_T3_test,0,2647,88.23333333333333,0.06472028827034969,-0.1259004900897765
UBFC_PHYS_s01_T3_test,0,2648,88.26666666666667,-0.04488788655703108,-0.14052813838109735
UBFC_PHYS_s01_T3_test,0,2649,88.3,-0.16235302013314498,-0.15326394561269996
UBFC_PHYS_s01_T3_test,0,2650,88.33333333333333,-0.27787463395991013,-0.1690628715042081
UBFC_PHYS_s01_T3_test,0,2651,88.36666666666666,-0.3804953865756918,-0.18380554203923857
UBFC_PHYS_s01_T3_test,0,2652,88.4,-0.46316380624171577,-0.19625833984248242
UBFC_PHYS_s01_T3_test,0,2653,88.43333333333334,-0.5233864918093483,-0.20793105327279385
UBFC_PHYS_s01_T3_test,0,2654,88.46666666666667,-0.5571374456654685,-0.21514477792287506
UBFC_PHYS_s01_T3_test,0,2655,88.5,-0.5540005029276702,-0.208981061714506
UBFC_PHYS_s01_T3_test,0,2656,88.53333333333333,-0.5013615814106209,-0.191087650299211
UBFC_PHYS_s01_T3_test,0,2657,88.56666666666666,-0.3946156898858508,-0.17360342917905605
UBFC_PHYS_s01_T3_test,0,2658,88.6,-0.24435820334135583,-0.15116160411794657
UBFC_PHYS_s01_T3_test,0,2659,88.63333333333334,-0.0751399639225315,-0.10110062398923245
UBFC_PHYS_s01_T3_test,0,2660,88.66666666666667,0.08373331961530617,-0.021720278537818688
UBFC_PHYS_s01_T3_test,0,2661,88.7,0.21015319406353208,0.06737635566044953
UBFC_PHYS_s01_T3_test,0,2662,88.73333333333333,0.29635274226555763,0.1480513580599706
UBFC_PHYS_s01_T3_test,0,2663,88.76666666666667,0.34699926420178007,0.20357870447198498
UBFC_PHYS_s01_T3_test,0,2664,88.8,0.3717355815265062,0.22578181190823918
UBFC_PHYS_s01_T3_test,0,2665,88.83333333333333,0.3789455366616865,0.2149309528744207
UBFC_PHYS_s01_T3_test,0,2666,88.86666666666666,0.3731929831243459,0.17532377601855048
UBFC_PHYS_s01_T3_test,0,2667,88.9,0.35532204940486717,0.115295989803476
UBFC_PHYS_s01_T3_test,0,2668,88.93333333333334,0.32411641130865276,0.045135278768300174
UBFC_PHYS_s01_T3_test,0,2669,88.96666666666667,0.2779537232372261,-0.022731834295730512
UBFC_PHYS_s01_T3_test,0,2670,89.0,0.21564879034621176,-0.07609633944670698
UBFC_PHYS_s01_T3_test,0,2671,89.03333333333333,0.1374091839727441,-0.10278388298967639
UBFC_PHYS_s01_T3_test,0,2672,89.06666666666666,0.046097963279156946,-0.10361124633166129
UBFC_PHYS_s01_T3_test,0,2673,89.1,-0.05227425040521612,-0.09212971474330642
UBFC_PHYS_s01_T3_test,0,2674,89.13333333333334,-0.1497681047783421,-0.07781851061651769
UBFC_PHYS_s01_T3_test,0,2675,89.16666666666667,-0.23983914510744636,-0.06586017744602701
UBFC_PHYS_s01_T3_test,0,2676,89.2,-0.3207897002761286,-0.056769647594855366
UBFC_PHYS_s01_T3_test,0,2677,89.23333333333333,-0.39492397418930075,-0.04644080478470472
UBFC_PHYS_s01_T3_test,0,2678,89.26666666666667,-0.4630393513454875,-0.03189171818407294
UBFC_PHYS_s01_T3_test,0,2679,89.3,-0.5206081272639889,-0.011410862326498777
UBFC_PHYS_s01_T3_test,0,2680,89.33333333333333,-0.5586710750096441,0.013946442958528748
UBFC_PHYS_s01_T3_test,0,2681,89.36666666666666,-0.5645941935658056,0.040244032511582206
UBFC_PHYS_s01_T3_test,0,2682,89.4,-0.521623696498507,0.06086845432255433
UBFC_PHYS_s01_T3_test,0,2683,89.43333333333334,-0.41365720523780486,0.06652146095918154
UBFC_PHYS_s01_T3_test,0,2684,89.46666666666667,-0.23583013506880776,0.05361975159803681
UBFC_PHYS_s01_T3_test,0,2685,89.5,-0.0007162282847359511,0.024335525065722906
UBFC_PHYS_s01_T3_test,0,2686,89.53333333333333,0.26734183744508117,-0.022837112144890055
UBFC_PHYS_s01_T3_test,0,2687,89.56666666666666,0.542934940574674,-0.09286436424927842
UBFC_PHYS_s01_T3_test,0,2688,89.6,0.8031107295657667,-0.18254855488375862
UBFC_PHYS_s01_T3_test,0,2689,89.63333333333334,1.0245761357436372,-0.2801677949829498
UBFC_PHYS_s01_T3_test,0,2690,89.66666666666667,1.1857384507029032,-0.37213738969023086
UBFC_PHYS_s01_T3_test,0,2691,89.7,1.2730736477152091,-0.4427650937936365
UBFC_PHYS_s01_T3_test,0,2692,89.73333333333333,1.277927695263979,-0.4795662367848316
UBFC_PHYS_s01_T3_test,0,2693,89.76666666666667,1.1805136763960347,-0.4731939319369491
UBFC_PHYS_s01_T3_test,0,2694,89.8,0.9421379017737603,-0.4185607358622235
UBFC_PHYS_s01_T3_test,0,2695,89.83333333333333,0.5329739463278613,-0.31511837682705307
UBFC_PHYS_s01_T3_test,0,2696,89.86666666666666,-0.014482811353331952,-0.17587647292220907
UBFC_PHYS_s01_T3_test,0,2697,89.9,-0.5868734132949152,-0.027863254335674034
UBFC_PHYS_s01_T3_test,0,2698,89.93333333333334,-1.045424425300814,0.10421392401461319
UBFC_PHYS_s01_T3_test,0,2699,89.96666666666667,-1.3055217107024493,0.19752430972677726
UBFC_PHYS_s01_T3_test,0,2700,90.0,-1.3643510843234001,0.25986293776845365
UBFC_PHYS_s01_T3_test,0,2701,90.03333333333333,-1.2719747143410745,0.32866741881167544
UBFC_PHYS_s01_T3_test,0,2702,90.06666666666666,-1.0918724196924185,0.4064220453598161
UBFC_PHYS_s01_T3_test,0,2703,90.1,-0.877066886284522,0.46001527627810057
UBFC_PHYS_s01_T3_test,0,2704,90.13333333333334,-0.6626137280838639,0.4725675629323498
UBFC_PHYS_s01_T3_test,0,2705,90.16666666666667,-0.4700697980216694,0.4434735281004245
UBFC_PHYS_s01_T3_test,0,2706,90.2,-0.3132537072126792,0.38434768796637264
UBFC_PHYS_s01_T3_test,0,2707,90.23333333333333,-0.19534283338130592,0.31886021021261013
UBFC_PHYS_s01_T3_test,0,2708,90.26666666666667,-0.10381816332098966,0.25978374176060615
UBFC_PHYS_s01_T3_test,0,2709,90.3,-0.016884537083438983,0.20908066719359794
UBFC_PHYS_s01_T3_test,0,2710,90.33333333333333,0.0811783067224854,0.17197989619080345
UBFC_PHYS_s01_T3_test,0,2711,90.36666666666666,0.19151383340515055,0.15719983742404886
UBFC_PHYS_s01_T3_test,0,2712,90.4,0.30473610718182664,0.1707649828594682
UBFC_PHYS_s01_T3_test,0,2713,90.43333333333334,0.40802814744383004,0.21597139877439012
UBFC_PHYS_s01_T3_test,0,2714,90.46666666666667,0.4876699378234787,0.28537447418652084
UBFC_PHYS_s01_T3_test,0,2715,90.5,0.5316282204681994,0.36073241611542617
UBFC_PHYS_s01_T3_test,0,2716,90.53333333333333,0.5366509519791542,0.41644876011361925
UBFC_PHYS_s01_T3_test,0,2717,90.56666666666666,0.5116598370531744,0.4198380029567213
UBFC_PHYS_s01_T3_test,0,2718,90.6,0.4703758051202303,0.34259532594790354
UBFC_PHYS_s01_T3_test,0,2719,90.63333333333334,0.4219094755731824,0.1616650583864766
UBFC_PHYS_s01_T3_test,0,2720,90.66666666666667,0.3696234173034557,-0.08973539686820399
UBFC_PHYS_s01_T3_test,0,2721,90.7,0.31492280554205404,-0.3216969990781711
UBFC_PHYS_s01_T3_test,0,2722,90.73333333333333,0.2586202370394258,-0.4984595081145857
UBFC_PHYS_s01_T3_test,0,2723,90.76666666666667,0.20054003462675085,-0.6377067870008933
UBFC_PHYS_s01_T3_test,0,2724,90.8,0.14022846367816946,-0.7476484581585415
UBFC_PHYS_s01_T3_test,0,2725,90.83333333333333,0.07702937154475278,-0.8257267132733901
UBFC_PHYS_s01_T3_test,0,2726,90.86666666666666,0.009228780062020485,-0.8715451911758823
UBFC_PHYS_s01_T3_test,0,2727,90.9,-0.06480509958741879,-0.8862817828960501
UBFC_PHYS_s01_T3_test,0,2728,90.93333333333334,-0.14399852091428528,-0.8673729093984353
UBFC_PHYS_s01_T3_test,0,2729,90.96666666666667,-0.22368707528125314,-0.8084652598080749
UBFC_PHYS_s01_T3_test,0,2730,91.0,-0.2978068899381183,-0.6988441037521904
UBFC_PHYS_s01_T3_test,0,2731,91.03333333333333,-0.36239720862408786,-0.5241690207621067
UBFC_PHYS_s01_T3_test,0,2732,91.06666666666666,-0.41553039282385007,-0.2832702903459054
UBFC_PHYS_s01_T3_test,0,2733,91.1,-0.4522301111410302,0.010544464842418513
UBFC_PHYS_s01_T3_test,0,2734,91.13333333333334,-0.46122185617699724,0.33075735193781264
UBFC_PHYS_s01_T3_test,0,2735,91.16666666666667,-0.4288425168258299,0.6362691977224229
UBFC_PHYS_s01_T3_test,0,2736,91.2,-0.34718523322399175,0.8866292645422648
UBFC_PHYS_s01_T3_test,0,2737,91.23333333333333,-0.22123213457513222,1.0409826701401463
UBFC_PHYS_s01_T3_test,0,2738,91.26666666666667,-0.07052860437332104,1.0985834806624033
UBFC_PHYS_s01_T3_test,0,2739,91.3,0.07746177007863879,1.097690514997816
UBFC_PHYS_s01_T3_test,0,2740,91.33333333333333,0.19861932913741107,1.039740644695028
UBFC_PHYS_s01_T3_test,0,2741,91.36666666666666,0.27988998915479524,0.8893085388101702
UBFC_PHYS_s01_T3_test,0,2742,91.4,0.3201851482890977,0.6590228240969491
UBFC_PHYS_s01_T3_test,0,2743,91.43333333333334,0.3268277854035066,0.41029052130553173
UBFC_PHYS_s01_T3_test,0,2744,91.46666666666667,0.31055225966398936,0.17003142858462417
UBFC_PHYS_s01_T3_test,0,2745,91.5,0.28119046480741716,-0.06829234081160283
UBFC_PHYS_s01_T3_test,0,2746,91.53333333333333,0.24492726060978154,-0.29795609478596885
UBFC_PHYS_s01_T3_test,0,2747,91.56666666666666,0.20347878807105743,-0.49742987277862716
UBFC_PHYS_s01_T3_test,0,2748,91.6,0.15597671229283283,-0.6530786435342228
UBFC_PHYS_s01_T3_test,0,2749,91.63333333333334,0.10236372534617418,-0.7580991412788236
UBFC_PHYS_s01_T3_test,0,2750,91.66666666666667,0.044518768118649195,-0.8141587540800046
UBFC_PHYS_s01_T3_test,0,2751,91.7,-0.015852389434794806,-0.8305779580741219
UBFC_PHYS_s01_T3_test,0,2752,91.73333333333333,-0.07842133118475385,-0.8143104158447655
UBFC_PHYS_s01_T3_test,0,2753,91.76666666666667,-0.14224817034122625,-0.7696229150456906
UBFC_PHYS_s01_T3_test,0,2754,91.8,-0.20393881416899615,-0.6994102588647275
UBFC_PHYS_s01_T3_test,0,2755,91.83333333333333,-0.25809871668260886,-0.605446792098252
UBFC_PHYS_s01_T3_test,0,2756,91.86666666666666,-0.2979289005941151,-0.48372966478354146
UBFC_PHYS_s01_T3_test,0,2757,91.9,-0.3149827450791505,-0.32529697173439737
UBFC_PHYS_s01_T3_test,0,2758,91.93333333333334,-0.2998998826469386,-0.12959177253874396
UBFC_PHYS_s01_T3_test,0,2759,91.96666666666667,-0.24588176784654306,0.09434772547180945
UBFC_PHYS_s01_T3_test,0,2760,92.0,-0.15443498546709758,0.32836046280666353
UBFC_PHYS_s01_T3_test,0,2761,92.03333333333333,-0.03894180966490138,0.544040607560708
UBFC_PHYS_s01_T3_test,0,2762,92.06666666666666,0.07852670880423497,0.7215045274281717
UBFC_PHYS_s01_T3_test,0,2763,92.1,0.17546529607518974,0.8483845603275093
UBFC_PHYS_s01_T3_test,0,2764,92.13333333333334,0.23708556540521644,0.9255608849564761
UBFC_PHYS_s01_T3_test,0,2765,92.16666666666667,0.2611025327266379,0.9662076950792058
UBFC_PHYS_s01_T3_test,0,2766,92.2,0.25676837135534875,0.9668594598817062
UBFC_PHYS_s01_T3_test,0,2767,92.23333333333333,0.23808986607946708,0.9072191383885211
UBFC_PHYS_s01_T3_test,0,2768,92.26666666666667,0.21585229235219955,0.7838578693445567
UBFC_PHYS_s01_T3_test,0,2769,92.3,0.19332873627693759,0.6107604481632785
UBFC_PHYS_s01_T3_test,0,2770,92.33333333333333,0.16699271441247834,0.40228103727175235
UBFC_PHYS_s01_T3_test,0,2771,92.36666666666666,0.1305010119552247,0.17400557031763494
UBFC_PHYS_s01_T3_test,0,2772,92.4,0.07912937812060881,-0.06086934019836662
UBFC_PHYS_s01_T3_test,0,2773,92.43333333333334,0.012889387630356991,-0.29023607764946147
UBFC_PHYS_s01_T3_test,0,2774,92.46666666666667,-0.06288345145562643,-0.5029944915216513
UBFC_PHYS_s01_T3_test,0,2775,92.5,-0.14038381201334746,-0.6876833807463161
UBFC_PHYS_s01_T3_test,0,2776,92.53333333333333,-0.21308852629584338,-0.8388681415376618
UBFC_PHYS_s01_T3_test,0,2777,92.56666666666666,-0.27589449571506175,-0.9559387061636555
UBFC_PHYS_s01_T3_test,0,2778,92.6,-0.32210255430754375,-1.0330572592582852
UBFC_PHYS_s01_T3_test,0,2779,92.63333333333334,-0.34160305112746925,-1.0584695923452698
UBFC_PHYS_s01_T3_test,0,2780,92.66666666666667,-0.32271733008452597,-1.0253713511341171
UBFC_PHYS_s01_T3_test,0,2781,92.7,-0.2586728804545115,-0.931925560401939
UBFC_PHYS_s01_T3_test,0,2782,92.73333333333333,-0.1560573102025251,-0.7799616891342112
UBFC_PHYS_s01_T3_test,0,2783,92.76666666666667,-0.03605955357977351,-0.5756174581383835
UBFC_PHYS_s01_T3_test,0,2784,92.8,0.07593483419906913,-0.33253697774019997
UBFC_PHYS_s01_T3_test,0,2785,92.83333333333333,0.1622913753279248,-0.07298342450256687
UBFC_PHYS_s01_T3_test,0,2786,92.86666666666666,0.21605252097150565,0.18944935287553114
UBFC_PHYS_s01_T3_test,0,2787,92.9,0.23794011898646697,0.44831887356971345
UBFC_PHYS_s01_T3_test,0,2788,92.93333333333334,0.23417713470640683,0.6992846807959028
UBFC_PHYS_s01_T3_test,0,2789,92.96666666666667,0.214710540795472,0.9383307193912755
UBFC_PHYS_s01_T3_test,0,2790,93.0,0.18928519657557455,1.1346905861816345
UBFC_PHYS_s01_T3_test,0,2791,93.03333333333333,0.1627116143830181,1.2299850523826037
UBFC_PHYS_s01_T3_test,0,2792,93.06666666666666,0.13303295837592782,1.2066501890473038
UBFC_PHYS_s01_T3_test,0,2793,93.1,0.09454128401933055,1.0877435207167587
UBFC_PHYS_s01_T3_test,0,2794,93.13333333333334,0.043621220028868216,0.90415872940497
UBFC_PHYS_s01_T3_test,0,2795,93.16666666666667,-0.017318471708683503,0.6945924783619029
UBFC_PHYS_s01_T3_test,0,2796,93.2,-0.08140975210871972,0.4784694892738408
UBFC_PHYS_s01_T3_test,0,2797,93.23333333333333,-0.1420999753968746,0.25690925125650904
UBFC_PHYS_s01_T3_test,0,2798,93.26666666666667,-0.19366285105762632,0.03734692511132619
UBFC_PHYS_s01_T3_test,0,2799,93.3,-0.2261496411198296,-0.16505504532956672
UBFC_PHYS_s01_T3_test,0,2800,93.33333333333333,-0.22479202515232416,-0.345516299799112
UBFC_PHYS_s01_T3_test,0,2801,93.36666666666666,-0.1793773353796243,-0.5082835374563279
UBFC_PHYS_s01_T3_test,0,2802,93.4,-0.0942275522992134,-0.6551252074237294
UBFC_PHYS_s01_T3_test,0,2803,93.43333333333334,0.011400431990630136,-0.7840780152155314
UBFC_PHYS_s01_T3_test,0,2804,93.46666666666667,0.11197033423631125,-0.8951433788097276
UBFC_PHYS_s01_T3_test,0,2805,93.5,0.18702861521223513,-0.9893426939084139
UBFC_PHYS_s01_T3_test,0,2806,93.53333333333333,0.22811004292037518,-1.0606323678708314
UBFC_PHYS_s01_T3_test,0,2807,93.56666666666666,0.23736359335160828,-1.095404326493652
UBFC_PHYS_s01_T3_test,0,2808,93.6,0.2221866736074487,-1.0797912702067871
UBFC_PHYS_s01_T3_test,0,2809,93.63333333333334,0.19109949966919654,-0.9998427142160256
UBFC_PHYS_s01_T3_test,0,2810,93.66666666666667,0.14979891494562822,-0.8483655254306925
UBFC_PHYS_s01_T3_test,0,2811,93.7,0.09840018026689257,-0.6257513076565543
UBFC_PHYS_s01_T3_test,0,2812,93.73333333333333,0.034519350035785636,-0.3423596085818998
UBFC_PHYS_s01_T3_test,0,2813,93.76666666666667,-0.0405928681315977,-0.019875952913422076
UBFC_PHYS_s01_T3_test,0,2814,93.8,-0.12053292890795402,0.3256774958305956
UBFC_PHYS_s01_T3_test,0,2815,93.83333333333333,-0.19704078733377964,0.6820285910088832
UBFC_PHYS_s01_T3_test,0,2816,93.86666666666666,-0.2624851148988041,1.0281830406354906
UBFC_PHYS_s01_T3_test,0,2817,93.9,-0.30940679521854764,1.3324215737436003
UBFC_PHYS_s01_T3_test,0,2818,93.93333333333334,-0.32927067974714347,1.5518639499213667
UBFC_PHYS_s01_T3_test,0,2819,93.96666666666667,-0.31332102167735404,1.631491518140869
UBFC_PHYS_s01_T3_test,0,2820,94.0,-0.25701689693157614,1.5585866029501734
UBFC_PHYS_s01_T3_test,0,2821,94.03333333333333,-0.16567317532884956,1.3625246582040416
UBFC_PHYS_s01_T3_test,0,2822,94.06666666666666,-0.05525591193380569,1.0801353305169692
UBFC_PHYS_s01_T3_test,0,2823,94.1,0.05407680462312514,0.756073641251514
UBFC_PHYS_s01_T3_test,0,2824,94.13333333333334,0.14580593905762076,0.4210718721600684
UBFC_PHYS_s01_T3_test,0,2825,94.16666666666667,0.21049017925817948,0.09343022655375827
UBFC_PHYS_s01_T3_test,0,2826,94.2,0.2456198108212137,-0.20933827972282598
UBFC_PHYS_s01_T3_test,0,2827,94.23333333333333,0.2536344224462041,-0.4685935938851444
UBFC_PHYS_s01_T3_test,0,2828,94.26666666666667,0.2385968098620977,-0.679365333906491
UBFC_PHYS_s01_T3_test,0,2829,94.3,0.2044541568681857,-0.84856287501233
UBFC_PHYS_s01_T3_test,0,2830,94.33333333333333,0.15610863902666497,-0.979728645241827
UBFC_PHYS_s01_T3_test,0,2831,94.36666666666666,0.09945715655309605,-1.0716569938074618
UBFC_PHYS_s01_T3_test,0,2832,94.4,0.0388431923152293,-1.122818151332516
UBFC_PHYS_s01_T3_test,0,2833,94.43333333333334,-0.024264485522681314,-1.130696462903877
UBFC_PHYS_s01_T3_test,0,2834,94.46666666666667,-0.08849734591285803,-1.0959239132552399
UBFC_PHYS_s01_T3_test,0,2835,94.5,-0.14817466078072145,-1.022184612162944
UBFC_PHYS_s01_T3_test,0,2836,94.53333333333333,-0.19217943708635632,-0.9125431249808702
UBFC_PHYS_s01_T3_test,0,2837,94.56666666666666,-0.20734353224172858,-0.7698914738316733
UBFC_PHYS_s01_T3_test,0,2838,94.6,-0.18389245456604514,-0.5878873387279354
UBFC_PHYS_s01_T3_test,0,2839,94.63333333333334,-0.12163850351761482,-0.35218977584252253
UBFC_PHYS_s01_T3_test,0,2840,94.66666666666667,-0.03406895586915976,-0.05877945460330495
UBFC_PHYS_s01_T3_test,0,2841,94.7,0.055871110416843915,0.2841902501455339
UBFC_PHYS_s01_T3_test,0,2842,94.73333333333333,0.12725670163604935,0.6416083909666366
UBFC_PHYS_s01_T3_test,0,2843,94.76666666666667,0.16944094817164096,0.9499094600799363
UBFC_PHYS_s01_T3_test,0,2844,94.8,0.18221849480602248,1.1634687990349994
UBFC_PHYS_s01_T3_test,0,2845,94.83333333333333,0.17248477447541755,1.253663731560716
UBFC_PHYS_s01_T3_test,0,2846,94.86666666666666,0.14977429131022493,1.241470597711457
UBFC_PHYS_s01_T3_test,0,2847,94.9,0.1202719150925054,1.1961861605334643
UBFC_PHYS_s01_T3_test,0,2848,94.93333333333334,0.08382406915952235,1.1329622578443679
UBFC_PHYS_s01_T3_test,0,2849,94.96666666666667,0.03778259732962546,1.0126870971941122
UBFC_PHYS_s01_T3_test,0,2850,95.0,-0.017756947575856243,0.8169759745740578
UBFC_PHYS_s01_T3_test,0,2851,95.03333333333333,-0.07973248751484215,0.5495772728974284
UBFC_PHYS_s01_T3_test,0,2852,95.06666666666666,-0.1438310533430316,0.23438015815663063
UBFC_PHYS_s01_T3_test,0,2853,95.1,-0.20289388310727607,-0.0833271834668476
UBFC_PHYS_s01_T3_test,0,2854,95.13333333333334,-0.2442930679096452,-0.37987390835166734
UBFC_PHYS_s01_T3_test,0,2855,95.16666666666667,-0.25168869186982773,-0.6515748663636276
UBFC_PHYS_s01_T3_test,0,2856,95.2,-0.21287295603732173,-0.8890949743441953
UBFC_PHYS_s01_T3_test,0,2857,95.23333333333333,-0.12950241830925638,-1.0757384080264514
UBFC_PHYS_s01_T3_test,0,2858,95.26666666666667,-0.019968378867088354,-1.2003180578167254
UBFC_PHYS_s01_T3_test,0,2859,95.3,0.08871618964764197,-1.2561216259452541
UBFC_PHYS_s01_T3_test,0,2860,95.33333333333333,0.17300658504981659,-1.2408758231104642
UBFC_PHYS_s01_T3_test,0,2861,95.36666666666666,0.2203791348794305,-1.15641389958069
UBFC_PHYS_s01_T3_test,0,2862,95.4,0.23134131670689245,-1.0036786325735423
UBFC_PHYS_s01_T3_test,0,2863,95.43333333333334,0.21603941082611272,-0.7833246614666183
UBFC_PHYS_s01_T3_test,0,2864,95.46666666666667,0.1850930502343626,-0.49599675787397074
UBFC_PHYS_s01_T3_test,0,2865,95.5,0.14194065430117409,-0.14393317524277174
UBFC_PHYS_s01_T3_test,0,2866,95.53333333333333,0.08522822349906546,0.24321643823443945
UBFC_PHYS_s01_T3_test,0,2867,95.56666666666666,0.016098884172114396,0.6066689177974607
UBFC_PHYS_s01_T3_test,0,2868,95.6,-0.06035701013176127,0.901810371266899
UBFC_PHYS_s01_T3_test,0,2869,95.63333333333334,-0.13814905809763012,1.0968233796410898
UBFC_PHYS_s01_T3_test,0,2870,95.66666666666667,-0.21093112079180534,1.193678206280477
UBFC_PHYS_s01_T3_test,0,2871,95.7,-0.27023700518850624,1.2266349558709329
UBFC_PHYS_s01_T3_test,0,2872,95.73333333333333,-0.3046951019772445,1.1924160589539212
UBFC_PHYS_s01_T3_test,0,2873,95.76666666666667,-0.30148525379530117,1.0500382888491555
UBFC_PHYS_s01_T3_test,0,2874,95.8,-0.25122045196022613,0.8021539232722892
UBFC_PHYS_s01_T3_test,0,2875,95.83333333333333,-0.15525974817001703,0.49598880084235725
UBFC_PHYS_s01_T3_test,0,2876,95.86666666666666,-0.02959958719062486,0.1749718611140373
UBFC_PHYS_s01_T3_test,0,2877,95.9,0.09993201443762452,-0.12030906874037403
UBFC_PHYS_s01_T3_test,0,2878,95.93333333333334,0.2089252166045331,-0.3675326776267626
UBFC_PHYS_s01_T3_test,0,2879,95.96666666666667,0.28349977868167264,-0.5611448666498337
UBFC_PHYS_s01_T3_test,0,2880,96.0,0.3214149489214635,-0.6876351313180011
UBFC_PHYS_s01_T3_test,0,2881,96.03333333333333,0.3278178970041865,-0.7245056679615749
UBFC_PHYS_s01_T3_test,0,2882,96.06666666666666,0.3105174348219961,-0.6936755211709325
UBFC_PHYS_s01_T3_test,0,2883,96.1,0.27556666659257834,-0.6605528502930968
UBFC_PHYS_s01_T3_test,0,2884,96.13333333333334,0.22399645862643483,-0.6341305056870822
UBFC_PHYS_s01_T3_test,0,2885,96.16666666666667,0.1526883179534043,-0.5669378633924396
UBFC_PHYS_s01_T3_test,0,2886,96.2,0.05947554971631306,-0.4479083552646138
UBFC_PHYS_s01_T3_test,0,2887,96.23333333333333,-0.05185949535694014,-0.3031609163973585
UBFC_PHYS_s01_T3_test,0,2888,96.26666666666667,-0.17116863715455402,-0.15495869806130844
UBFC_PHYS_s01_T3_test,0,2889,96.3,-0.2858693497063806,-0.022092615984107274
UBFC_PHYS_s01_T3_test,0,2890,96.33333333333333,-0.3842105756838156,0.08592369890988594
UBFC_PHYS_s01_T3_test,0,2891,96.36666666666666,-0.45473548217385723,0.16818500486252416
UBFC_PHYS_s01_T3_test,0,2892,96.4,-0.4844865328772376,0.24948369990368424
UBFC_PHYS_s01_T3_test,0,2893,96.43333333333334,-0.4604330313805967,0.3790167089233043
UBFC_PHYS_s01_T3_test,0,2894,96.46666666666667,-0.3763448431852937,0.5499945587034094
UBFC_PHYS_s01_T3_test,0,2895,96.5,-0.24118634888578136,0.6989255428507793
UBFC_PHYS_s01_T3_test,0,2896,96.53333333333333,-0.07989305242875513,0.7969427842638724
UBFC_PHYS_s01_T3_test,0,2897,96.56666666666666,0.07674058418415011,0.8495949083285013
UBFC_PHYS_s01_T3_test,0,2898,96.6,0.20504195508558043,0.8458438555918993
UBFC_PHYS_s01_T3_test,0,2899,96.63333333333334,0.2954402539945117,0.7580419943454025
UBFC_PHYS_s01_T3_test,0,2900,96.66666666666667,0.3516695804794939,0.5831049300940537
UBFC_PHYS_s01_T3_test,0,2901,96.7,0.3839638474609478,0.343273501375851
UBFC_PHYS_s01_T3_test,0,2902,96.73333333333333,0.40005596318489167,0.06334953565474162
UBFC_PHYS_s01_T3_test,0,2903,96.76666666666667,0.4006919591489011,-0.22825426193282325
UBFC_PHYS_s01_T3_test,0,2904,96.8,0.3830928976196538,-0.5119192179323911
UBFC_PHYS_s01_T3_test,0,2905,96.83333333333333,0.3468058974577022,-0.7752565804683921
UBFC_PHYS_s01_T3_test,0,2906,96.86666666666666,0.2948127558409577,-0.9956215240124705
UBFC_PHYS_s01_T3_test,0,2907,96.9,0.23124238538934885,-1.1388532216359766
UBFC_PHYS_s01_T3_test,0,2908,96.93333333333334,0.16011860191092417,-1.1911183010085742
UBFC_PHYS_s01_T3_test,0,2909,96.96666666666667,0.08413075595111097,-1.158278837217597
UBFC_PHYS_s01_T3_test,0,2910,97.0,0.0026677113004997498,-1.0598689707257065
UBFC_PHYS_s01_T3_test,0,2911,97.03333333333333,-0.08653007008067617,-0.9287874939909292
UBFC_PHYS_s01_T3_test,0,2912,97.06666666666666,-0.18214007121512293,-0.774582215915956
UBFC_PHYS_s01_T3_test,0,2913,97.1,-0.2778827923810343,-0.5841566750973224
UBFC_PHYS_s01_T3_test,0,2914,97.13333333333334,-0.3668076071285451,-0.3297109605411469
UBFC_PHYS_s01_T3_test,0,2915,97.16666666666667,-0.44417824621771484,0.029034632552296484
UBFC_PHYS_s01_T3_test,0,2916,97.2,-0.5046672012300236,0.46661676724790824
UBFC_PHYS_s01_T3_test,0,2917,97.23333333333333,-0.5375733339876927,0.8899282917973784
UBFC_PHYS_s01_T3_test,0,2918,97.26666666666667,-0.5271123588670716,1.2151152831855616
UBFC_PHYS_s01_T3_test,0,2919,97.3,-0.4612267593064313,1.3669017605464318
UBFC_PHYS_s01_T3_test,0,2920,97.33333333333333,-0.34270092691007975,1.3462426747170562
UBFC_PHYS_s01_T3_test,0,2921,97.36666666666666,-0.19126393810539935,1.2291669538216317
UBFC_PHYS_s01_T3_test,0,2922,97.4,-0.03414831103428773,1.0609953430938062
UBFC_PHYS_s01_T3_test,0,2923,97.43333333333334,0.10595980214060464,0.8558541399190712
UBFC_PHYS_s01_T3_test,0,2924,97.46666666666667,0.2166110393747685,0.6395230698993155
UBFC_PHYS_s01_T3_test,0,2925,97.5,0.294564561837266,0.4501667724263755
UBFC_PHYS_s01_T3_test,0,2926,97.53333333333333,0.34295474512247315,0.2744435762300345
UBFC_PHYS_s01_T3_test,0,2927,97.56666666666666,0.36861302242438304,0.049271006946011345
UBFC_PHYS_s01_T3_test,0,2928,97.6,0.3786670931434403,-0.21134242274842707
UBFC_PHYS_s01_T3_test,0,2929,97.63333333333334,0.377991219604777,-0.4150505183614578
UBFC_PHYS_s01_T3_test,0,2930,97.66666666666667,0.3690387436612567,-0.5429514079945597
UBFC_PHYS_s01_T3_test,0,2931,97.7,0.3519799733240981,-0.6486327482014815
UBFC_PHYS_s01_T3_test,0,2932,97.73333333333333,0.3241636236645176,-0.739364642444853
UBFC_PHYS_s01_T3_test,0,2933,97.76666666666667,0.28145832051143915,-0.7750998579102015
UBFC_PHYS_s01_T3_test,0,2934,97.8,0.22194473501139636,-0.7407590497746817
UBFC_PHYS_s01_T3_test,0,2935,97.83333333333333,0.14782947012747197,-0.6463902220299973
UBFC_PHYS_s01_T3_test,0,2936,97.86666666666666,0.06307689909816717,-0.5128616518339059
UBFC_PHYS_s01_T3_test,0,2937,97.9,-0.029664138079790816,-0.3719370616168991
UBFC_PHYS_s01_T3_test,0,2938,97.93333333333334,-0.12851978084822305,-0.26237203612977855
UBFC_PHYS_s01_T3_test,0,2939,97.96666666666667,-0.22959326590627,-0.22982827812054882
UBFC_PHYS_s01_T3_test,0,2940,98.0,-0.3260136177559555,-0.27040202051140333
UBFC_PHYS_s01_T3_test,0,2941,98.03333333333333,-0.40928745980182796,-0.33101025436609666
UBFC_PHYS_s01_T3_test,0,2942,98.06666666666666,-0.4702606789909221,-0.36817962762056705
UBFC_PHYS_s01_T3_test,0,2943,98.1,-0.49850865222514196,-0.34892093474821484
UBFC_PHYS_s01_T3_test,0,2944,98.13333333333334,-0.4825052523052835,-0.2697262532225549
UBFC_PHYS_s01_T3_test,0,2945,98.16666666666667,-0.4145467637678238,-0.15687425322007909
UBFC_PHYS_s01_T3_test,0,2946,98.2,-0.2993058052750945,-0.02627350665577885
UBFC_PHYS_s01_T3_test,0,2947,98.23333333333333,-0.15656385738190456,0.11611844191258043
UBFC_PHYS_s01_T3_test,0,2948,98.26666666666667,-0.012535665044430174,0.2557770467206827
UBFC_PHYS_s01_T3_test,0,2949,98.3,0.11176388446093809,0.368945862948823
UBFC_PHYS_s01_T3_test,0,2950,98.33333333333333,0.2053846873794119,0.45201804270765406
UBFC_PHYS_s01_T3_test,0,2951,98.36666666666666,0.26690198790440073,0.5207803514581106
UBFC_PHYS_s01_T3_test,0,2952,98.4,0.30189819856132444,0.6105319265688439
UBFC_PHYS_s01_T3_test,0,2953,98.43333333333334,0.3180674458939463,0.7745472461446075
UBFC_PHYS_s01_T3_test,0,2954,98.46666666666667,0.3207137706955825,0.9764649874068032
UBFC_PHYS_s01_T3_test,0,2955,98.5,0.31231857929012197,1.0901597366908486
UBFC_PHYS_s01_T3_test,0,2956,98.53333333333333,0.2939308363688826,1.0627812603466016
UBFC_PHYS_s01_T3_test,0,2957,98.56666666666666,0.265464915428063,0.9154903955264504
UBFC_PHYS_s01_T3_test,0,2958,98.6,0.2265979718035474,0.6784346927124834
UBFC_PHYS_s01_T3_test,0,2959,98.63333333333334,0.1789377606026922,0.3909895501091417
UBFC_PHYS_s01_T3_test,0,2960,98.66666666666667,0.12621400232187174,0.08567213790127086
UBFC_PHYS_s01_T3_test,0,2961,98.7,0.0715634112775597,-0.2106615168427261
UBFC_PHYS_s01_T3_test,0,2962,98.73333333333333,0.01513014188156532,-0.46778909339396213
UBFC_PHYS_s01_T3_test,0,2963,98.76666666666667,-0.04570425867715472,-0.6507841514933799
UBFC_PHYS_s01_T3_test,0,2964,98.8,-0.11384300107671533,-0.748473645998446
UBFC_PHYS_s01_T3_test,0,2965,98.83333333333333,-0.18963113453865477,-0.7723627371722062
UBFC_PHYS_s01_T3_test,0,2966,98.86666666666666,-0.2700397821355914,-0.7367984490937705
UBFC_PHYS_s01_T3_test,0,2967,98.9,-0.3495748085140853,-0.6583081512560894
UBFC_PHYS_s01_T3_test,0,2968,98.93333333333334,-0.41918476920739556,-0.5451713606803748
UBFC_PHYS_s01_T3_test,0,2969,98.96666666666667,-0.4630569227148227,-0.39768262278757704
UBFC_PHYS_s01_T3_test,0,2970,99.0,-0.4605340176915529,-0.2243481984758984
UBFC_PHYS_s01_T3_test,0,2971,99.03333333333333,-0.3975741428385839,-0.0426571135722596
UBFC_PHYS_s01_T3_test,0,2972,99.06666666666666,-0.2783797278938341,0.11287563085302293
UBFC_PHYS_s01_T3_test,0,2973,99.1,-0.12460752759842672,0.19042016797055727
UBFC_PHYS_s01_T3_test,0,2974,99.13333333333334,0.03593547079248825,0.16838665534738237
UBFC_PHYS_s01_T3_test,0,2975,99.16666666666667,0.18038871043428567,0.05548815941762042
UBFC_PHYS_s01_T3_test,0,2976,99.2,0.2961733548495092,-0.1166277116558827
UBFC_PHYS_s01_T3_test,0,2977,99.23333333333333,0.3808024748348322,-0.29350627268973445
UBFC_PHYS_s01_T3_test,0,2978,99.26666666666667,0.4378089306642493,-0.45282276594002746
UBFC_PHYS_s01_T3_test,0,2979,99.3,0.4713714268908935,-0.6038025138876684
UBFC_PHYS_s01_T3_test,0,2980,99.33333333333333,0.48362761050981556,-0.7239948304316318
UBFC_PHYS_s01_T3_test,0,2981,99.36666666666666,0.47581036615412386,-0.7588994222660351
UBFC_PHYS_s01_T3_test,0,2982,99.4,0.44900640165823935,-0.688462966240989
UBFC_PHYS_s01_T3_test,0,2983,99.43333333333334,0.40255452579913037,-0.5274807724727484
UBFC_PHYS_s01_T3_test,0,2984,99.46666666666667,0.33407498667074653,-0.29649907522040947
UBFC_PHYS_s01_T3_test,0,2985,99.5,0.24302948331992896,-0.022456520261631252
UBFC_PHYS_s01_T3_test,0,2986,99.53333333333333,0.13435269893442514,0.25163016525939097
UBFC_PHYS_s01_T3_test,0,2987,99.56666666666666,0.017428783514405258,0.46586500201450676
UBFC_PHYS_s01_T3_test,0,2988,99.6,-0.10041669907493495,0.6257555076165834
UBFC_PHYS_s01_T3_test,0,2989,99.63333333333334,-0.21845611021102124,0.8004554074509042
UBFC_PHYS_s01_T3_test,0,2990,99.66666666666667,-0.33871123240939455,1.0058956065181184
UBFC_PHYS_s01_T3_test,0,2991,99.7,-0.4599597107028547,1.203032794810839
UBFC_PHYS_s01_T3_test,0,2992,99.73333333333333,-0.5772548504888408,1.33109225762254
UBFC_PHYS_s01_T3_test,0,2993,99.76666666666667,-0.683622548463874,1.3078952713868175
UBFC_PHYS_s01_T3_test,0,2994,99.8,-0.7689061334469659,1.1152629870686024
UBFC_PHYS_s01_T3_test,0,2995,99.83333333333333,-0.8172188940043877,0.7997277428631092
UBFC_PHYS_s01_T3_test,0,2996,99.86666666666666,-0.8075254041879212,0.42556850205236363
UBFC_PHYS_s01_T3_test,0,2997,99.9,-0.7216588061735895,0.07527115642169958
UBFC_PHYS_s01_T3_test,0,2998,99.93333333333334,-0.5576182296855088,-0.20410762300698074
UBFC_PHYS_s01_T3_test,0,2999,99.96666666666667,-0.33596491327420813,-0.3997118248937718
UBFC_PHYS_s01_T3_test,0,3000,100.0,-0.09113170954753447,-0.5066280956426926
UBFC_PHYS_s01_T3_test,0,3001,100.03333333333333,0.1433869551809353,-0.526538036734082
UBFC_PHYS_s01_T3_test,0,3002,100.06666666666666,0.34311782188716944,-0.4858697280533101
UBFC_PHYS_s01_T3_test,0,3003,100.1,0.49499185584738387,-0.434803153251629
UBFC_PHYS_s01_T3_test,0,3004,100.13333333333334,0.5989339544838245,-0.4014760022862279
UBFC_PHYS_s01_T3_test,0,3005,100.16666666666667,0.6637954195491231,-0.39145538413634196
UBFC_PHYS_s01_T3_test,0,3006,100.2,0.6964226399153632,-0.39194780174688326
UBFC_PHYS_s01_T3_test,0,3007,100.23333333333333,0.695938436366913,-0.37217071552818937
UBFC_PHYS_s01_T3_test,0,3008,100.26666666666667,0.6600965663189701,-0.32827021357835223
UBFC_PHYS_s01_T3_test,0,3009,100.3,0.5933402418586,-0.28352520280898597
UBFC_PHYS_s01_T3_test,0,3010,100.33333333333333,0.5060108796839372,-0.2506704908767331
UBFC_PHYS_s01_T3_test,0,3011,100.36666666666666,0.4085991188208157,-0.2318254775270258
UBFC_PHYS_s01_T3_test,0,3012,100.4,0.3088942782100554,-0.23555769472728091
UBFC_PHYS_s01_T3_test,0,3013,100.43333333333334,0.2125051379153886,-0.2767708280733878
UBFC_PHYS_s01_T3_test,0,3014,100.46666666666667,0.1242434393112841,-0.35441288737296267
UBFC_PHYS_s01_T3_test,0,3015,100.5,0.04871415424712192,-0.45123547100064276
UBFC_PHYS_s01_T3_test,0,3016,100.53333333333333,-0.013077952825176625,-0.5395929351653813
UBFC_PHYS_s01_T3_test,0,3017,100.56666666666666,-0.06944773715818621,-0.5815914069384064
UBFC_PHYS_s01_T3_test,0,3018,100.6,-0.1350428827324024,-0.5528479030846092
UBFC_PHYS_s01_T3_test,0,3019,100.63333333333334,-0.21666984552967694,-0.44295575128750536
UBFC_PHYS_s01_T3_test,0,3020,100.66666666666667,-0.304074106739484,-0.2537618211506585
UBFC_PHYS_s01_T3_test,0,3021,100.7,-0.3772131270856994,-0.0001755280813664148
UBFC_PHYS_s01_T3_test,0,3022,100.73333333333333,-0.4202916985492684,0.27952912755221326
UBFC_PHYS_s01_T3_test,0,3023,100.76666666666667,-0.428484625691454,0.522921794447947
UBFC_PHYS_s01_T3_test,0,3024,100.8,-0.40576908217485863,0.6941564109748222
UBFC_PHYS_s01_T3_test,0,3025,100.83333333333333,-0.36010408258174165,0.7831889324954846
UBFC_PHYS_s01_T3_test,0,3026,100.86666666666666,-0.30120355211970284,0.8166343248421319
UBFC_PHYS_s01_T3_test,0,3027,100.9,-0.24050954516932063,0.8563056061375127
UBFC_PHYS_s01_T3_test,0,3028,100.93333333333334,-0.18823744540170764,0.9097147218848363
UBFC_PHYS_s01_T3_test,0,3029,100.96666666666667,-0.14678809692656938,0.9295362462399791
UBFC_PHYS_s01_T3_test,0,3030,101.0,-0.1079010510140491,0.8721385665271808
UBFC_PHYS_s01_T3_test,0,3031,101.03333333333333,-0.05936387493402378,0.6986861046988271
UBFC_PHYS_s01_T3_test,0,3032,101.06666666666666,0.003554659398559765,0.4245158173918301
UBFC_PHYS_s01_T3_test,0,3033,101.1,0.07342062291868637,0.11994659865745079
UBFC_PHYS_s01_T3_test,0,3034,101.13333333333334,0.1369572804931523,-0.16961992789264332
UBFC_PHYS_s01_T3_test,0,3035,101.16666666666667,0.18370581056715837,-0.42280080339277226
UBFC_PHYS_s01_T3_test,0,3036,101.2,0.20855775286577216,-0.6089190346700073
UBFC_PHYS_s01_T3_test,0,3037,101.23333333333333,0.21100815928694117,-0.687040359032417
UBFC_PHYS_s01_T3_test,0,3038,101.26666666666667,0.19504235410807985,-0.6544682454053771
UBFC_PHYS_s01_T3_test,0,3039,101.3,0.16685040565841144,-0.5462277781408416
UBFC_PHYS_s01_T3_test,0,3040,101.33333333333333,0.13088165683655972,-0.4261018371025437
UBFC_PHYS_s01_T3_test,0,3041,101.36666666666666,0.0889479486868946,-0.38554042832314256
UBFC_PHYS_s01_T3_test,0,3042,101.4,0.04122442040526022,-0.4376699090709032
UBFC_PHYS_s01_T3_test,0,3043,101.43333333333334,-0.01379420701213164,-0.5171860902832912
UBFC_PHYS_s01_T3_test,0,3044,101.46666666666667,-0.07746786906540722,-0.5635871708408843
UBFC_PHYS_s01_T3_test,0,3045,101.5,-0.14556954640170375,-0.5223380688424581
UBFC_PHYS_s01_T3_test,0,3046,101.53333333333333,-0.20453426997252835,-0.3698203566914954
UBFC_PHYS_s01_T3_test,0,3047,101.56666666666666,-0.2342556697979508,-0.11430808364303031
UBFC_PHYS_s01_T3_test,0,3048,101.6,-0.21548196707275458,0.21761703458989715
UBFC_PHYS_s01_T3_test,0,3049,101.63333333333334,-0.1376507541983017,0.5799958264878142
UBFC_PHYS_s01_T3_test,0,3050,101.66666666666667,-0.005455411943028968,0.8967327146158943
UBFC_PHYS_s01_T3_test,0,3051,101.7,0.15870801319157973,1.0611859868957403
UBFC_PHYS_s01_T3_test,0,3052,101.73333333333333,0.3217291284109196,1.0290380973018787
UBFC_PHYS_s01_T3_test,0,3053,101.76666666666667,0.4548045198443336,0.8183912860674695
UBFC_PHYS_s01_T3_test,0,3054,101.8,0.5433710861043185,0.4714814387340672
UBFC_PHYS_s01_T3_test,0,3055,101.83333333333333,0.5818554003423131,0.054971714994701645
UBFC_PHYS_s01_T3_test,0,3056,101.86666666666666,0.5620854286368141,-0.3620988185195417
UBFC_PHYS_s01_T3_test,0,3057,101.9,0.4729587758420514,-0.7073160537263582
UBFC_PHYS_s01_T3_test,0,3058,101.93333333333334,0.3144660955124132,-0.9199809138507903
UBFC_PHYS_s01_T3_test,0,3059,101.96666666666667,0.10914929913357822,-0.9503807645380923
UBFC_PHYS_s01_T3_test,0,3060,102.0,-0.10524441845386436,-0.7904715269161642
UBFC_PHYS_s01_T3_test,0,3061,102.03333333333333,-0.2953420413026269,-0.4738904101005393
UBFC_PHYS_s01_T3_test,0,3062,102.06666666666666,-0.44387322932546713,-0.0745164197928323
UBFC_PHYS_s01_T3_test,0,3063,102.1,-0.5475550054992425,0.2933871165193176
UBFC_PHYS_s01_T3_test,0,3064,102.13333333333334,-0.6109856791542942,0.5293064679370756
UBFC_PHYS_s01_T3_test,0,3065,102.16666666666667,-0.6425374378477623,0.5467313221995512
UBFC_PHYS_s01_T3_test,0,3066,102.2,-0.6511481420496408,0.369226333558755
UBFC_PHYS_s01_T3_test,0,3067,102.23333333333333,-0.6439208131486408,0.12962021750012137
UBFC_PHYS_s01_T3_test,0,3068,102.26666666666667,-0.6252407541444986,-0.09365713846985915
UBFC_PHYS_s01_T3_test,0,3069,102.3,-0.5956064429214162,-0.27712377634874863
UBFC_PHYS_s01_T3_test,0,3070,102.33333333333333,-0.5493657071889253,-0.38525968224791474
UBFC_PHYS_s01_T3_test,0,3071,102.36666666666666,-0.47681552982872194,-0.3702191519750313
UBFC_PHYS_s01_T3_test,0,3072,102.4,-0.3741800383460797,-0.21851630483856282
UBFC_PHYS_s01_T3_test,0,3073,102.43333333333334,-0.25203900403610585,0.04847968471186226
UBFC_PHYS_s01_T3_test,0,3074,102.46666666666667,-0.130845659813767,0.3795267087624856
UBFC_PHYS_s01_T3_test,0,3075,102.5,-0.027726040688038675,0.6930801253749177
UBFC_PHYS_s01_T3_test,0,3076,102.53333333333333,0.052433356324316144,0.9063462857214751
UBFC_PHYS_s01_T3_test,0,3077,102.56666666666666,0.11690973740067051,0.9354353923631791
UBFC_PHYS_s01_T3_test,0,3078,102.6,0.18048781191212482,0.7699621387319677
UBFC_PHYS_s01_T3_test,0,3079,102.63333333333334,0.26030338344784154,0.47315743431433305
UBFC_PHYS_s01_T3_test,0,3080,102.66666666666667,0.37133609176597837,0.10106003412353858
UBFC_PHYS_s01_T3_test,0,3081,102.7,0.5239474139891284,-0.29694604912106654
UBFC_PHYS_s01_T3_test,0,3082,102.73333333333333,0.7228112073542299,-0.658178305171612
UBFC_PHYS_s01_T3_test,0,3083,102.76666666666667,0.9625813777974632,-0.9055844477468089
UBFC_PHYS_s01_T3_test,0,3084,102.8,1.2219519744390979,-0.9963454110179006
UBFC_PHYS_s01_T3_test,0,3085,102.83333333333333,1.4673837014298523,-0.9213152434968445
UBFC_PHYS_s01_T3_test,0,3086,102.86666666666666,1.6670821634217492,-0.6963203392681623
UBFC_PHYS_s01_T3_test,0,3087,102.9,1.796607186071872,-0.36222789479951323
UBFC_PHYS_s01_T3_test,0,3088,102.93333333333334,1.8231516241996464,0.019845446381437593
UBFC_PHYS_s01_T3_test,0,3089,102.96666666666667,1.6858124973400888,0.3679046365993304
UBFC_PHYS_s01_T3_test,0,3090,103.0,1.310416196440476,0.5976876447774351
UBFC_PHYS_s01_T3_test,0,3091,103.03333333333333,0.6727582217869758,0.6225948220501222
UBFC_PHYS_s01_T3_test,0,3092,103.06666666666666,-0.14087143543525568,0.43785991465643037
UBFC_PHYS_s01_T3_test,0,3093,103.1,-0.9478973633525052,0.12049808193607234
UBFC_PHYS_s01_T3_test,0,3094,103.13333333333334,-1.5624647307083097,-0.23939094813938272
UBFC_PHYS_s01_T3_test,0,3095,103.16666666666667,-1.896311791691181,-0.5389599998135453
UBFC_PHYS_s01_T3_test,0,3096,103.2,-1.987027387898769,-0.697717471741867
UBFC_PHYS_s01_T3_test,0,3097,103.23333333333333,-1.9377223798871315,-0.6577176950651475
UBFC_PHYS_s01_T3_test,0,3098,103.26666666666667,-1.8372731981883534,-0.4028849606753096
UBFC_PHYS_s01_T3_test,0,3099,103.3,-1.7290265647663257,0.040218566366983316
UBFC_PHYS_s01_T3_test,0,3100,103.33333333333333,-1.6167634457680178,0.5718276021755797
UBFC_PHYS_s01_T3_test,0,3101,103.36666666666666,-1.4746642903859337,1.0186569018028
UBFC_PHYS_s01_T3_test,0,3102,103.4,-1.266527649565863,1.2492245872330492
UBFC_PHYS_s01_T3_test,0,3103,103.43333333333334,-0.972308485740102,1.174426340039333
UBFC_PHYS_s01_T3_test,0,3104,103.46666666666667,-0.5983426747330768,0.8186167707605931
UBFC_PHYS_s01_T3_test,0,3105,103.5,-0.17287659327267121,0.31943628230277465
UBFC_PHYS_s01_T3_test,0,3106,103.53333333333333,0.25705534935150154,-0.2137876215013903
UBFC_PHYS_s01_T3_test,0,3107,103.56666666666666,0.6316805510161825,-0.6996175686545135
UBFC_PHYS_s01_T3_test,0,3108,103.6,0.895524671417256,-1.0568565138619386
UBFC_PHYS_s01_T3_test,0,3109,103.63333333333334,1.0192376624853239,-1.2034100382867836
UBFC_PHYS_s01_T3_test,0,3110,103.66666666666667,1.0129124138922707,-1.115034561880436
UBFC_PHYS_s01_T3_test,0,3111,103.7,0.9190454119747007,-0.8249926345628733
UBFC_PHYS_s01_T3_test,0,3112,103.73333333333333,0.7899734399525896,-0.40282138117791777
UBFC_PHYS_s01_T3_test,0,3113,103.76666666666667,0.6688984306548006,0.045581325137324366
UBFC_PHYS_s01_T3_test,0,3114,103.8,0.5810915744554164,0.41992613899604586
UBFC_PHYS_s01_T3_test,0,3115,103.83333333333333,0.5322998747168421,0.6251938447444252
UBFC_PHYS_s01_T3_test,0,3116,103.86666666666666,0.5179264730175154,0.6439811679840239
UBFC_PHYS_s01_T3_test,0,3117,103.9,0.5365377846072459,0.5355159226592512
UBFC_PHYS_s01_T3_test,0,3118,103.93333333333334,0.589624096928487,0.35281511658752845
UBFC_PHYS_s01_T3_test,0,3119,103.96666666666667,0.6694462301811678,0.14192197836242337
UBFC_PHYS_s01_T3_test,0,3120,104.0,0.7536088871090056,-0.05590025336758976
UBFC_PHYS_s01_T3_test,0,3121,104.03333333333333,0.8096749745470216,-0.2038533689659432
UBFC_PHYS_s01_T3_test,0,3122,104.06666666666666,0.8014194092626965,-0.2793833628034047
UBFC_PHYS_s01_T3_test,0,3123,104.1,0.6971410393807178,-0.2737703355712971
UBFC_PHYS_s01_T3_test,0,3124,104.13333333333334,0.48283399387657416,-0.17382588049457776
UBFC_PHYS_s01_T3_test,0,3125,104.16666666666667,0.17299591446668927,0.03769454611757482
UBFC_PHYS_s01_T3_test,0,3126,104.2,-0.19169095929369498,0.3297721011131334
UBFC_PHYS_s01_T3_test,0,3127,104.23333333333333,-0.5606082123721642,0.6225188931929632
UBFC_PHYS_s01_T3_test,0,3128,104.26666666666667,-0.8914148400837203,0.8198079225629041
UBFC_PHYS_s01_T3_test,0,3129,104.3,-1.156691583409131,0.8099693352718804
UBFC_PHYS_s01_T3_test,0,3130,104.33333333333333,-1.337861736857563,0.5914731799582749
UBFC_PHYS_s01_T3_test,0,3131,104.36666666666666,-1.4189418344804645,0.2730753511871127
UBFC_PHYS_s01_T3_test,0,3132,104.4,-1.3908007553039772,-0.059987929413434476
UBFC_PHYS_s01_T3_test,0,3133,104.43333333333334,-1.2595258210051858,-0.3461390824723975
UBFC_PHYS_s01_T3_test,0,3134,104.46666666666667,-1.0451091216095012,-0.5394001601678498
UBFC_PHYS_s01_T3_test,0,3135,104.5,-0.7720902112204986,-0.6086323336530928
UBFC_PHYS_s01_T3_test,0,3136,104.53333333333333,-0.46544324881528,-0.5542193636093905
UBFC_PHYS_s01_T3_test,0,3137,104.56666666666666,-0.15227417403392685,-0.4075308839202059
UBFC_PHYS_s01_T3_test,0,3138,104.6,0.141358005794146,-0.21491386258592332
UBFC_PHYS_s01_T3_test,0,3139,104.63333333333334,0.39751243667662767,-0.03738835029785592
UBFC_PHYS_s01_T3_test,0,3140,104.66666666666667,0.6069584263119967,0.06921472386623384
UBFC_PHYS_s01_T3_test,0,3141,104.7,0.7641301041828521,0.054597425299772406
UBFC_PHYS_s01_T3_test,0,3142,104.73333333333333,0.8648806947608442,-0.08398542049479057
UBFC_PHYS_s01_T3_test,0,3143,104.76666666666667,0.9051374974089375,-0.3015492317246854
UBFC_PHYS_s01_T3_test,0,3144,104.8,0.875890721578995,-0.5427440746824475
UBFC_PHYS_s01_T3_test,0,3145,104.83333333333333,0.7630683237855435,-0.7419114677154498
UBFC_PHYS_s01_T3_test,0,3146,104.86666666666666,0.5582250610588809,-0.8329641881482328
UBFC_PHYS_s01_T3_test,0,3147,104.9,0.2697527793643175,-0.7498966703281216
UBFC_PHYS_s01_T3_test,0,3148,104.93333333333334,-0.0720057629726153,-0.49729255506186704
UBFC_PHYS_s01_T3_test,0,3149,104.96666666666667,-0.4142111192464869,-0.1508300104101783
UBFC_PHYS_s01_T3_test,0,3150,105.0,-0.6929832050539917,0.20546016115545573
UBFC_PHYS_s01_T3_test,0,3151,105.03333333333333,-0.8591277797669997,0.479087816686876
UBFC_PHYS_s01_T3_test,0,3152,105.06666666666666,-0.8970145782672818,0.6483235946229965
UBFC_PHYS_s01_T3_test,0,3153,105.1,-0.8206338051709342,0.7608234295664875
UBFC_PHYS_s01_T3_test,0,3154,105.13333333333334,-0.6570664548096505,0.8314372973363225
UBFC_PHYS_s01_T3_test,0,3155,105.16666666666667,-0.43098257050539124,0.8409455300515155
UBFC_PHYS_s01_T3_test,0,3156,105.2,-0.156441338936109,0.7861980760730962
UBFC_PHYS_s01_T3_test,0,3157,105.23333333333333,0.16019831550993294,0.6801236947855442
UBFC_PHYS_s01_T3_test,0,3158,105.26666666666667,0.5102684817966477,0.5413247548866025
UBFC_PHYS_s01_T3_test,0,3159,105.3,0.8754114280166093,0.3943066409522411
UBFC_PHYS_s01_T3_test,0,3160,105.33333333333333,1.2296352197462137,0.2609227570928678
UBFC_PHYS_s01_T3_test,0,3161,105.36666666666666,1.5499446477890921,0.16082118802454776
UBFC_PHYS_s01_T3_test,0,3162,105.4,1.8239606548462246,0.0945307788833818
UBFC_PHYS_s01_T3_test,0,3163,105.43333333333334,2.040736559830593,0.044199355065107374
UBFC_PHYS_s01_T3_test,0,3164,105.46666666666667,2.165133894738962,-0.006591295674791733
UBFC_PHYS_s01_T3_test,0,3165,105.5,2.11604104123373,-0.07194851459136364
UBFC_PHYS_s01_T3_test,0,3166,105.53333333333333,1.7855292298665277,-0.1640903612470802
UBFC_PHYS_s01_T3_test,0,3167,105.56666666666666,1.1185350530499958,-0.29248240523146246
UBFC_PHYS_s01_T3_test,0,3168,105.6,0.1939666158316822,-0.4503012086195198
UBFC_PHYS_s01_T3_test,0,3169,105.63333333333334,-0.7943235937658935,-0.6136758000711374
UBFC_PHYS_s01_T3_test,0,3170,105.66666666666667,-1.6552477810768749,-0.7567387898143388
UBFC_PHYS_s01_T3_test,0,3171,105.7,-2.2922119428830365,-0.8511797984487335
UBFC_PHYS_s01_T3_test,0,3172,105.73333333333333,-2.6931872286089114,-0.8849053262650375
UBFC_PHYS_s01_T3_test,0,3173,105.76666666666667,-2.874731398987618,-0.8617071934889471
UBFC_PHYS_s01_T3_test,0,3174,105.8,-2.847822972722025,-0.7826369478056908
UBFC_PHYS_s01_T3_test,0,3175,105.83333333333333,-2.613019401880464,-0.6461571159235238
UBFC_PHYS_s01_T3_test,0,3176,105.86666666666666,-2.1807707547014665,-0.45071381844367087
UBFC_PHYS_s01_T3_test,0,3177,105.9,-1.6007661863802647,-0.19579043069183294
UBFC_PHYS_s01_T3_test,0,3178,105.93333333333334,-0.9570572370052173,0.09636039973658328
UBFC_PHYS_s01_T3_test,0,3179,105.96666666666667,-0.32659668224088323,0.37949071230527476
UBFC_PHYS_s01_T3_test,0,3180,106.0,0.2446570213213524,0.606637919036688
UBFC_PHYS_s01_T3_test,0,3181,106.03333333333333,0.7283357869685085,0.7294070341215306
UBFC_PHYS_s01_T3_test,0,3182,106.06666666666666,1.1005019037434232,0.7748678766580006
UBFC_PHYS_s01_T3_test,0,3183,106.1,1.3473329673160723,0.8438604334639059
UBFC_PHYS_s01_T3_test,0,3184,106.13333333333334,1.470744064144567,0.9562437579102562
UBFC_PHYS_s01_T3_test,0,3185,106.16666666666667,1.4841625322612593,1.0498078225871188
UBFC_PHYS_s01_T3_test,0,3186,106.2,1.405403950511594,1.0607673231460777
UBFC_PHYS_s01_T3_test,0,3187,106.23333333333333,1.252196264468345,0.9249236281344708
UBFC_PHYS_s01_T3_test,0,3188,106.26666666666667,1.0428187404959544,0.6397488214742993
UBFC_PHYS_s01_T3_test,0,3189,106.3,0.7992971025196253,0.2654419233543282
UBFC_PHYS_s01_T3_test,0,3190,106.33333333333333,0.5457947209957821,-0.136667277289047
UBFC_PHYS_s01_T3_test,0,3191,106.36666666666666,0.30178851030542864,-0.5031829483296151
UBFC_PHYS_s01_T3_test,0,3192,106.4,0.07832753987785325,-0.7948763063135333
UBFC_PHYS_s01_T3_test,0,3193,106.43333333333334,-0.11859431590998222,-0.9951668797464791
UBFC_PHYS_s01_T3_test,0,3194,106.46666666666667,-0.2831663831804658,-1.0914359264832845
UBFC_PHYS_s01_T3_test,0,3195,106.5,-0.4095119438743963,-1.07393716441752
UBFC_PHYS_s01_T3_test,0,3196,106.53333333333333,-0.49410302445911514,-0.955431239654488
UBFC_PHYS_s01_T3_test,0,3197,106.56666666666666,-0.5355981627539225,-0.7709365318586417
UBFC_PHYS_s01_T3_test,0,3198,106.6,-0.5332346707541864,-0.5572947691859877
UBFC_PHYS_s01_T3_test,0,3199,106.63333333333334,-0.4883866351891246,-0.35343753883761503
UBFC_PHYS_s01_T3_test,0,3200,106.66666666666667,-0.4081476858418753,-0.1769283201848627
UBFC_PHYS_s01_T3_test,0,3201,106.7,-0.30544439455344613,-0.024934172914943986
UBFC_PHYS_s01_T3_test,0,3202,106.73333333333333,-0.19487863089265584,0.11333042352630059
UBFC_PHYS_s01_T3_test,0,3203,106.76666666666667,-0.09024190760087114,0.2551808361128047
UBFC_PHYS_s01_T3_test,0,3204,106.8,-0.00578197716313254,0.39557561764264315
UBFC_PHYS_s01_T3_test,0,3205,106.83333333333333,0.046252773422068065,0.506223322618398
UBFC_PHYS_s01_T3_test,0,3206,106.86666666666666,0.06417056111521685,0.573017905568177
UBFC_PHYS_s01_T3_test,0,3207,106.9,0.06135214062189508,0.5956381349186634
UBFC_PHYS_s01_T3_test,0,3208,106.93333333333334,0.06039118090315394,0.5823991372372208
UBFC_PHYS_s01_T3_test,0,3209,106.96666666666667,0.08054052126265976,0.5498501440600485
UBFC_PHYS_s01_T3_test,0,3210,107.0,0.12414108681914146,0.5046739198514387
UBFC_PHYS_s01_T3_test,0,3211,107.03333333333333,0.17087789844641768,0.4437437162041325
UBFC_PHYS_s01_T3_test,0,3212,107.06666666666666,0.18757810349845377,0.3743262835230987
UBFC_PHYS_s01_T3_test,0,3213,107.1,0.14717160955840727,0.3143429904590435
UBFC_PHYS_s01_T3_test,0,3214,107.13333333333334,0.043563970857514886,0.2766541532556408
UBFC_PHYS_s01_T3_test,0,3215,107.16666666666667,-0.10301790919279623,0.2691679708887849
UBFC_PHYS_s01_T3_test,0,3216,107.2,-0.250468966756247,0.28281475278883517
UBFC_PHYS_s01_T3_test,0,3217,107.23333333333333,-0.34763222810658784,0.2919229120674706
UBFC_PHYS_s01_T3_test,0,3218,107.26666666666667,-0.351408488950266,0.27488647373845293
UBFC_PHYS_s01_T3_test,0,3219,107.3,-0.24309898759578336,0.21478841279669728
UBFC_PHYS_s01_T3_test,0,3220,107.33333333333333,-0.03769858965627724,0.10764317458651063
UBFC_PHYS_s01_T3_test,0,3221,107.36666666666666,0.219577808489923,-0.036994587143361804
UBFC_PHYS_s01_T3_test,0,3222,107.4,0.46978762765713256,-0.20919301684984315
UBFC_PHYS_s01_T3_test,0,3223,107.43333333333334,0.6629009825591202,-0.39784130497129544
UBFC_PHYS_s01_T3_test,0,3224,107.46666666666667,0.7742149497649233,-0.5967801100234841
UBFC_PHYS_s01_T3_test,0,3225,107.5,0.8050489159377386,-0.8035965449160287
UBFC_PHYS_s01_T3_test,0,3226,107.53333333333333,0.7714175116628148,-1.0041814778331843
UBFC_PHYS_s01_T3_test,0,3227,107.56666666666666,0.692445387843776,-1.1716517974742093
UBFC_PHYS_s01_T3_test,0,3228,107.6,0.5837439538543108,-1.2883041403291076
UBFC_PHYS_s01_T3_test,0,3229,107.63333333333334,0.4550090123741243,-1.3449557981897151
UBFC_PHYS_s01_T3_test,0,3230,107.66666666666667,0.31155714151366065,-1.3266369271167644
UBFC_PHYS_s01_T3_test,0,3231,107.7,0.15495765424682095,-1.2126800693959543
UBFC_PHYS_s01_T3_test,0,3232,107.73333333333333,-0.020507403486466957,-0.9835819288825569
UBFC_PHYS_s01_T3_test,0,3233,107.76666666666667,-0.22554302583177596,-0.6224737722357357
UBFC_PHYS_s01_T3_test,0,3234,107.8,-0.4632549003694791,-0.1672895639780712
UBFC_PHYS_s01_T3_test,0,3235,107.83333333333333,-0.7209173232261457,0.28763044124244125
UBFC_PHYS_s01_T3_test,0,3236,107.86666666666666,-0.9722969029721771,0.6685661582366795
UBFC_PHYS_s01_T3_test,0,3237,107.9,-1.1814360803787136,0.9211705939119186
UBFC_PHYS_s01_T3_test,0,3238,107.93333333333334,-1.3090821448593049,1.0648148434014204
UBFC_PHYS_s01_T3_test,0,3239,107.96666666666667,-1.3257942969723282,1.1901228826141053
UBFC_PHYS_s01_T3_test,0,3240,108.0,-1.221517997740063,1.3392902553856836
UBFC_PHYS_s01_T3_test,0,3241,108.03333333333333,-1.0057799879335647,1.5039023754843068
UBFC_PHYS_s01_T3_test,0,3242,108.06666666666666,-0.7053051716216358,1.6464519382190559
UBFC_PHYS_s01_T3_test,0,3243,108.1,-0.36008146983772216,1.700211216618634
UBFC_PHYS_s01_T3_test,0,3244,108.13333333333334,-0.01386519811390266,1.6200000488615818
UBFC_PHYS_s01_T3_test,0,3245,108.16666666666667,0.2972035827757064,1.3831168975336796
UBFC_PHYS_s01_T3_test,0,3246,108.2,0.5509746551753467,1.0135188324606417
UBFC_PHYS_s01_T3_test,0,3247,108.23333333333333,0.7385502007488568,0.5828832741244617
UBFC_PHYS_s01_T3_test,0,3248,108.26666666666667,0.8590387463485074,0.13690022261750304
UBFC_PHYS_s01_T3_test,0,3249,108.3,0.9148087287035811,-0.30287412274053976
UBFC_PHYS_s01_T3_test,0,3250,108.33333333333333,0.9100022539911047,-0.7129310379291401
UBFC_PHYS_s01_T3_test,0,3251,108.36666666666666,0.8503558155432783,-1.0652363281664912
UBFC_PHYS_s01_T3_test,0,3252,108.4,0.7424771424948822,-1.3391818296603701
UBFC_PHYS_s01_T3_test,0,3253,108.43333333333334,0.5934858511890514,-1.5195572854690396
UBFC_PHYS_s01_T3_test,0,3254,108.46666666666667,0.41172060902855717,-1.5913932930960666
UBFC_PHYS_s01_T3_test,0,3255,108.5,0.20804361382034725,-1.5390189677493662
UBFC_PHYS_s01_T3_test,0,3256,108.53333333333333,-0.001916509009237028,-1.3622047084883824
UBFC_PHYS_s01_T3_test,0,3257,108.56666666666666,-0.1958017795536789,-1.0764891670644916
UBFC_PHYS_s01_T3_test,0,3258,108.6,-0.34726342142749755,-0.7094836118144079
UBFC_PHYS_s01_T3_test,0,3259,108.63333333333334,-0.4340924094234321,-0.30209882906740465
UBFC_PHYS_s01_T3_test,0,3260,108.66666666666667,-0.4465508185967906,0.08956864801402939
UBFC_PHYS_s01_T3_test,0,3261,108.7,-0.39161082959121574,0.39293027363935407
UBFC_PHYS_s01_T3_test,0,3262,108.73333333333333,-0.29125269801724857,0.5691598324654137
UBFC_PHYS_s01_T3_test,0,3263,108.76666666666667,-0.17413653723156092,0.612112555133571
UBFC_PHYS_s01_T3_test,0,3264,108.8,-0.0651025343209174,0.5457584963534556
UBFC_PHYS_s01_T3_test,0,3265,108.83333333333333,0.02053037615325769,0.42314348126666645
UBFC_PHYS_s01_T3_test,0,3266,108.86666666666666,0.0771463979220453,0.2831678924200972
UBFC_PHYS_s01_T3_test,0,3267,108.9,0.10615617692522136,0.15029598429441615
UBFC_PHYS_s01_T3_test,0,3268,108.93333333333334,0.11134187912977539,0.04492172451274541
UBFC_PHYS_s01_T3_test,0,3269,108.96666666666667,0.09527026191810448,-0.016317346350542605
UBFC_PHYS_s01_T3_test,0,3270,109.0,0.05982780034392561,-0.04237027228715895
UBFC_PHYS_s01_T3_test,0,3271,109.03333333333333,0.007890379035798471,-0.06712474994537643
UBFC_PHYS_s01_T3_test,0,3272,109.06666666666666,-0.05645968381358214,-0.09542701572274273
UBFC_PHYS_s01_T3_test,0,3273,109.1,-0.1264541662861204,-0.1028084942916945
UBFC_PHYS_s01_T3_test,0,3274,109.13333333333334,-0.19068759444467057,-0.0723150869189587
UBFC_PHYS_s01_T3_test,0,3275,109.16666666666667,-0.23576586692877374,0.005021387650632266
UBFC_PHYS_s01_T3_test,0,3276,109.2,-0.2518320953353942,0.12303342668382695
UBFC_PHYS_s01_T3_test,0,3277,109.23333333333333,-0.23371833287594743,0.26001584813773704
UBFC_PHYS_s01_T3_test,0,3278,109.26666666666667,-0.1772294172570206,0.3912088247478564
UBFC_PHYS_s01_T3_test,0,3279,109.3,-0.07869118894836731,0.4885168974071946
UBFC_PHYS_s01_T3_test,0,3280,109.33333333333333,0.05768368677976844,0.539293004997353
UBFC_PHYS_s01_T3_test,0,3281,109.36666666666666,0.21279617735664105,0.5460071214262743
UBFC_PHYS_s01_T3_test,0,3282,109.4,0.3568154387168836,0.5104191496446864
UBFC_PHYS_s01_T3_test,0,3283,109.43333333333334,0.46164826438844453,0.4334959591390307
UBFC_PHYS_s01_T3_test,0,3284,109.46666666666667,0.5106098159223139,0.3218573025991799
UBFC_PHYS_s01_T3_test,0,3285,109.5,0.5018706085104607,0.1881645008346736
UBFC_PHYS_s01_T3_test,0,3286,109.53333333333333,0.44755588075837804,0.04778762166082657
UBFC_PHYS_s01_T3_test,0,3287,109.56666666666666,0.36756902208318276,-0.08064272924903484
UBFC_PHYS_s01_T3_test,0,3288,109.6,0.2799571446357555,-0.19400041592258696
UBFC_PHYS_s01_T3_test,0,3289,109.63333333333334,0.1945628706129279,-0.3037940440183538
UBFC_PHYS_s01_T3_test,0,3290,109.66666666666667,0.11306048546457842,-0.4138988060010701
UBFC_PHYS_s01_T3_test,0,3291,109.7,0.03237193901647486,-0.5196217614675747
UBFC_PHYS_s01_T3_test,0,3292,109.73333333333333,-0.05209603737126997,-0.611685940947658
UBFC_PHYS_s01_T3_test,0,3293,109.76666666666667,-0.14399342724242042,-0.6757123047284478
UBFC_PHYS_s01_T3_test,0,3294,109.8,-0.24416104653242188,-0.7055542144624519
UBFC_PHYS_s01_T3_test,0,3295,109.83333333333333,-0.3503731262547829,-0.7030002361880402
UBFC_PHYS_s01_T3_test,0,3296,109.86666666666666,-0.4583486517530534,-0.6632792867366881
UBFC_PHYS_s01_T3_test,0,3297,109.9,-0.56223735759515,-0.5752140343845564
UBFC_PHYS_s01_T3_test,0,3298,109.93333333333334,-0.6540618814562535,-0.4310456417322734
UBFC_PHYS_s01_T3_test,0,3299,109.96666666666667,-0.7225383680405209,-0.2272969036204366
UBFC_PHYS_s01_T3_test,0,3300,110.0,-0.752000261845063,0.02021671217529669
UBFC_PHYS_s01_T3_test,0,3301,110.03333333333333,-0.7230070088717542,0.2753681754095065
UBFC_PHYS_s01_T3_test,0,3302,110.06666666666666,-0.6173809665102148,0.5046225417405898
UBFC_PHYS_s01_T3_test,0,3303,110.1,-0.42873928489634683,0.6761609052062693
UBFC_PHYS_s01_T3_test,0,3304,110.13333333333334,-0.171909669287848,0.7848918465069794
UBFC_PHYS_s01_T3_test,0,3305,110.16666666666667,0.11845656486029882,0.8513626192036842
UBFC_PHYS_s01_T3_test,0,3306,110.2,0.3993579195695326,0.8841751322415918
UBFC_PHYS_s01_T3_test,0,3307,110.23333333333333,0.6315884989155407,0.8792683440542803
UBFC_PHYS_s01_T3_test,0,3308,110.26666666666667,0.7875804644932003,0.8150624394675641
UBFC_PHYS_s01_T3_test,0,3309,110.3,0.8553543109913044,0.6531373068072909
UBFC_PHYS_s01_T3_test,0,3310,110.33333333333333,0.8385330259214543,0.4064903682647344
UBFC_PHYS_s01_T3_test,0,3311,110.36666666666666,0.7523738864828062,0.1403578505944865
UBFC_PHYS_s01_T3_test,0,3312,110.4,0.6169946419132577,-0.10011507884650703
UBFC_PHYS_s01_T3_test,0,3313,110.43333333333334,0.4507725825462321,-0.28922327884887544
UBFC_PHYS_s01_T3_test,0,3314,110.46666666666667,0.26797079370348714,-0.4136660557471318
UBFC_PHYS_s01_T3_test,0,3315,110.5,0.08084948206613506,-0.4715281544765172
UBFC_PHYS_s01_T3_test,0,3316,110.53333333333333,-0.0981917753367368,-0.46998895269206103
UBFC_PHYS_s01_T3_test,0,3317,110.56666666666666,-0.25772225008659994,-0.4246587655416144
UBFC_PHYS_s01_T3_test,0,3318,110.6,-0.3899198084524741,-0.3558869966556255
UBFC_PHYS_s01_T3_test,0,3319,110.63333333333334,-0.49057352589107633,-0.2884701232848968
UBFC_PHYS_s01_T3_test,0,3320,110.66666666666667,-0.5551161099222146,-0.2387802971906971
UBFC_PHYS_s01_T3_test,0,3321,110.7,-0.5751408928073204,-0.21476309375720848
UBFC_PHYS_s01_T3_test,0,3322,110.73333333333333,-0.540967832783231,-0.2199779466450046
UBFC_PHYS_s01_T3_test,0,3323,110.76666666666667,-0.44891611139886556,-0.2536743223784455
UBFC_PHYS_s01_T3_test,0,3324,110.8,-0.3069280963139751,-0.3120803989549221
UBFC_PHYS_s01_T3_test,0,3325,110.83333333333333,-0.1353201555288051,-0.38829866973034616
UBFC_PHYS_s01_T3_test,0,3326,110.86666666666666,0.03755284561078339,-0.47216892930116167
UBFC_PHYS_s01_T3_test,0,3327,110.9,0.1844588068488692,-0.5500646152157621
UBFC_PHYS_s01_T3_test,0,3328,110.93333333333334,0.28901179390861004,-0.599546354647956
UBFC_PHYS_s01_T3_test,0,3329,110.96666666666667,0.34885576294029114,-0.5895189714761288
UBFC_PHYS_s01_T3_test,0,3330,111.0,0.3702043356030591,-0.5035618920931088
UBFC_PHYS_s01_T3_test,0,3331,111.03333333333333,0.35919630691647675,-0.340556951784941
UBFC_PHYS_s01_T3_test,0,3332,111.06666666666666,0.3185315660838623,-0.12366574621283705
UBFC_PHYS_s01_T3_test,0,3333,111.1,0.25206028328699726,0.09907950660994785
UBFC_PHYS_s01_T3_test,0,3334,111.13333333333334,0.16913220170987803,0.2984470849778902
UBFC_PHYS_s01_T3_test,0,3335,111.16666666666667,0.08103332506755881,0.46316314899062405
UBFC_PHYS_s01_T3_test,0,3336,111.2,-0.004811327140740569,0.5988586645436474
UBFC_PHYS_s01_T3_test,0,3337,111.23333333333333,-0.08409752325269111,0.7266489914779658
UBFC_PHYS_s01_T3_test,0,3338,111.26666666666667,-0.1520521618225772,0.8401600606011327
UBFC_PHYS_s01_T3_test,0,3339,111.3,-0.20456156549544824,0.9047375983786543
UBFC_PHYS_s01_T3_test,0,3340,111.33333333333333,-0.2408700767511302,0.9018349722012213
UBFC_PHYS_s01_T3_test,0,3341,111.36666666666666,-0.2607468007596975,0.8290513058284075
UBFC_PHYS_s01_T3_test,0,3342,111.4,-0.2575236089050718,0.6982657304908132
UBFC_PHYS_s01_T3_test,0,3343,111.43333333333334,-0.2156579716655732,0.535811074234515
UBFC_PHYS_s01_T3_test,0,3344,111.46666666666667,-0.12044207694572917,0.359893645194603
UBFC_PHYS_s01_T3_test,0,3345,111.5,0.02326834088219972,0.18125380003944977
UBFC_PHYS_s01_T3_test,0,3346,111.53333333333333,0.1811616882791931,0.008758396395048405
UBFC_PHYS_s01_T3_test,0,3347,111.56666666666666,0.3032697019771471,-0.14953148019010323
UBFC_PHYS_s01_T3_test,0,3348,111.6,0.3513428923443188,-0.28627377717569463
UBFC_PHYS_s01_T3_test,0,3349,111.63333333333334,0.3164538348647955,-0.393864223981794
UBFC_PHYS_s01_T3_test,0,3350,111.66666666666667,0.21799996766225152,-0.46402439207028023
UBFC_PHYS_s01_T3_test,0,3351,111.7,0.09125959190456695,-0.48720278126957406
UBFC_PHYS_s01_T3_test,0,3352,111.73333333333333,-0.027419056074331333,-0.4685922630341631
UBFC_PHYS_s01_T3_test,0,3353,111.76666666666667,-0.11229949415566842,-0.42774690946063937
UBFC_PHYS_s01_T3_test,0,3354,111.8,-0.15409378789515937,-0.37286430624923145
UBFC_PHYS_s01_T3_test,0,3355,111.83333333333333,-0.15926429876224724,-0.3007789138425303
UBFC_PHYS_s01_T3_test,0,3356,111.86666666666666,-0.14448756460010864,-0.2055769021407919
UBFC_PHYS_s01_T3_test,0,3357,111.9,-0.1287445193007889,-0.07922762285295573
UBFC_PHYS_s01_T3_test,0,3358,111.93333333333334,-0.1253124226318576,0.07061598143633943
UBFC_PHYS_s01_T3_test,0,3359,111.96666666666667,-0.13772857258146734,0.21997848840620765
UBFC_PHYS_s01_T3_test,0,3360,112.0,-0.16262801137858524,0.3265319879350459
UBFC_PHYS_s01_T3_test,0,3361,112.03333333333333,-0.19517032144982596,0.3297810086779384
UBFC_PHYS_s01_T3_test,0,3362,112.06666666666666,-0.22945892562119802,0.22146463938731292
UBFC_PHYS_s01_T3_test,0,3363,112.1,-0.25401737689465825,0.0457961626883109
UBFC_PHYS_s01_T3_test,0,3364,112.13333333333334,-0.25049843993031584,-0.1567088114125773
UBFC_PHYS_s01_T3_test,0,3365,112.16666666666667,-0.20086684999105844,-0.34912747545197975
UBFC_PHYS_s01_T3_test,0,3366,112.2,-0.09901738623086397,-0.5046325391930532
UBFC_PHYS_s01_T3_test,0,3367,112.23333333333333,0.04227962265179893,-0.605885294385826
UBFC_PHYS_s01_T3_test,0,3368,112.26666666666667,0.19531859603533286,-0.6442656870853907
UBFC_PHYS_s01_T3_test,0,3369,112.3,0.33010739703767095,-0.619406384703906
UBFC_PHYS_s01_T3_test,0,3370,112.33333333333333,0.42625275431514786,-0.532134866328316
UBFC_PHYS_s01_T3_test,0,3371,112.36666666666666,0.47667077522302537,-0.38464974366501936
UBFC_PHYS_s01_T3_test,0,3372,112.4,0.48453747312055795,-0.18014393544773913
UBFC_PHYS_s01_T3_test,0,3373,112.43333333333334,0.4583392149792183,0.07620130551810662
UBFC_PHYS_s01_T3_test,0,3374,112.46666666666667,0.4069666156886995,0.36686966848115965
UBFC_PHYS_s01_T3_test,0,3375,112.5,0.33600787727882603,0.6606465348961592
UBFC_PHYS_s01_T3_test,0,3376,112.53333333333333,0.24750291529569546,0.9072131993852749
UBFC_PHYS_s01_T3_test,0,3377,112.56666666666666,0.14299190992168456,1.0364643234427418
UBFC_PHYS_s01_T3_test,0,3378,112.6,0.026557337317835314,1.027237710508307
UBFC_PHYS_s01_T3_test,0,3379,112.63333333333334,-0.094921935359518,0.9069790766565771
UBFC_PHYS_s01_T3_test,0,3380,112.66666666666667,-0.2139185099827399,0.6992259111319781
UBFC_PHYS_s01_T3_test,0,3381,112.7,-0.32365253673247524,0.42378242812892697
UBFC_PHYS_s01_T3_test,0,3382,112.73333333333333,-0.4171173690597117,0.10696980774046322
UBFC_PHYS_s01_T3_test,0,3383,112.76666666666667,-0.4854098798373262,-0.21715859972279938
UBFC_PHYS_s01_T3_test,0,3384,112.8,-0.5173256586958785,-0.5141830042887932
UBFC_PHYS_s01_T3_test,0,3385,112.83333333333333,-0.5023042359581431,-0.7479821690380188
UBFC_PHYS_s01_T3_test,0,3386,112.86666666666666,-0.4372505001551048,-0.8980362276869123
UBFC_PHYS_s01_T3_test,0,3387,112.9,-0.3314828932889259,-0.9583394530563774
UBFC_PHYS_s01_T3_test,0,3388,112.93333333333334,-0.2042033993258921,-0.9304609805353555
UBFC_PHYS_s01_T3_test,0,3389,112.96666666666667,-0.07773510300164817,-0.8230694757123105
UBFC_PHYS_s01_T3_test,0,3390,113.0,0.028818179115055395,-0.6457505688082554
UBFC_PHYS_s01_T3_test,0,3391,113.03333333333333,0.10570015098175045,-0.40950860227225655
UBFC_PHYS_s01_T3_test,0,3392,113.06666666666666,0.15531286898833274,-0.11961525491941616
UBFC_PHYS_s01_T3_test,0,3393,113.1,0.18734028810055325,0.22283677211444242
UBFC_PHYS_s01_T3_test,0,3394,113.13333333333334,0.21116396018620953,0.5925506045242331
UBFC_PHYS_s01_T3_test,0,3395,113.16666666666667,0.23179503890938347,0.9382875029256554
UBFC_PHYS_s01_T3_test,0,3396,113.2,0.24852622031161417,1.1945874500581402
UBFC_PHYS_s01_T3_test,0,3397,113.23333333333333,0.2563500585522396,1.2811700303871403
UBFC_PHYS_s01_T3_test,0,3398,113.26666666666667,0.25098111853790894,1.177510022949465
UBFC_PHYS_s01_T3_test,0,3399,113.3,0.23206994623817928,0.9228088750219193
UBFC_PHYS_s01_T3_test,0,3400,113.33333333333333,0.2004977937114422,0.5663727186317065
UBFC_PHYS_s01_T3_test,0,3401,113.36666666666666,0.15474053194282225,0.16802541311437
UBFC_PHYS_s01_T3_test,0,3402,113.4,0.09198245182643686,-0.2301467506766212
UBFC_PHYS_s01_T3_test,0,3403,113.43333333333334,0.013332309333687441,-0.602140716732039
UBFC_PHYS_s01_T3_test,0,3404,113.46666666666667,-0.07111702355177384,-0.9196896379099269
UBFC_PHYS_s01_T3_test,0,3405,113.5,-0.1426311742798955,-1.150401415345237
UBFC_PHYS_s01_T3_test,0,3406,113.53333333333333,-0.18277215968994792,-1.2712851346873426
UBFC_PHYS_s01_T3_test,0,3407,113.56666666666666,-0.184852370907457,-1.2677582841310318
UBFC_PHYS_s01_T3_test,0,3408,113.6,-0.15597631493814826,-1.1449123452964318
UBFC_PHYS_s01_T3_test,0,3409,113.63333333333334,-0.10916384492090009,-0.9274013077394854
UBFC_PHYS_s01_T3_test,0,3410,113.66666666666667,-0.05662533583952088,-0.6387949986167526
UBFC_PHYS_s01_T3_test,0,3411,113.7,-0.008119608285791117,-0.3024797139364371
UBFC_PHYS_s01_T3_test,0,3412,113.73333333333333,0.030376824381533066,0.06499540632959673
UBFC_PHYS_s01_T3_test,0,3413,113.76666666666667,0.05765985173023792,0.4519581761281607
UBFC_PHYS_s01_T3_test,0,3414,113.8,0.074865786582347,0.835909568541591
UBFC_PHYS_s01_T3_test,0,3415,113.83333333333333,0.08218859060347904,1.1813739797499072
UBFC_PHYS_s01_T3_test,0,3416,113.86666666666666,0.07867415006977235,1.4381639526136882
UBFC_PHYS_s01_T3_test,0,3417,113.9,0.06404920409454815,1.5403355314528895
UBFC_PHYS_s01_T3_test,0,3418,113.93333333333334,0.03903330064529156,1.4628517514881654
UBFC_PHYS_s01_T3_test,0,3419,113.96666666666667,0.004101895023173367,1.221572131061964
UBFC_PHYS_s01_T3_test,0,3420,114.0,-0.03945238242951906,0.8539936335374522
UBFC_PHYS_s01_T3_test,0,3421,114.03333333333333,-0.08626497794572417,0.4199156308323079
UBFC_PHYS_s01_T3_test,0,3422,114.06666666666666,-0.1264561849008651,-0.029549185162656626
UBFC_PHYS_s01_T3_test,0,3423,114.1,-0.14820469839062653,-0.4503089734065074
UBFC_PHYS_s01_T3_test,0,3424,114.13333333333334,-0.14029532781534013,-0.8114680914493737
UBFC_PHYS_s01_T3_test,0,3425,114.16666666666667,-0.09699837365454532,-1.0931706498175562
UBFC_PHYS_s01_T3_test,0,3426,114.2,-0.025337621396765573,-1.282942986338734
UBFC_PHYS_s01_T3_test,0,3427,114.23333333333333,0.05438173704669216,-1.374008332341833
UBFC_PHYS_s01_T3_test,0,3428,114.26666666666667,0.11919095197235098,-1.3616504496108148
UBFC_PHYS_s01_T3_test,0,3429,114.3,0.15540449310761525,-1.2426832134951133
UBFC_PHYS_s01_T3_test,0,3430,114.33333333333333,0.1614206042033035,-1.0244469138539685
UBFC_PHYS_s01_T3_test,0,3431,114.36666666666666,0.14304229954242803,-0.7254504115354098
UBFC_PHYS_s01_T3_test,0,3432,114.4,0.10779689065854269,-0.3618330540149006
UBFC_PHYS_s01_T3_test,0,3433,114.43333333333334,0.06063439049252681,0.05094450113244759
UBFC_PHYS_s01_T3_test,0,3434,114.46666666666667,0.0026706277932298447,0.4954849344072096
UBFC_PHYS_s01_T3_test,0,3435,114.5,-0.06531348286963343,0.9499792865168496
UBFC_PHYS_s01_T3_test,0,3436,114.53333333333333,-0.13881847461061608,1.3604636061667772
UBFC_PHYS_s01_T3_test,0,3437,114.56666666666666,-0.21089544039926164,1.6391020994396706
UBFC_PHYS_s01_T3_test,0,3438,114.6,-0.2749747121839465,1.7209400674762316
UBFC_PHYS_s01_T3_test,0,3439,114.63333333333334,-0.32232442581964804,1.5637744648635021
UBFC_PHYS_s01_T3_test,0,3440,114.66666666666667,-0.33845589450182845,1.202144175605191
UBFC_PHYS_s01_T3_test,0,3441,114.7,-0.3063366428051543,0.7474706184084802
UBFC_PHYS_s01_T3_test,0,3442,114.73333333333333,-0.21486747953290747,0.26901459054335347
UBFC_PHYS_s01_T3_test,0,3443,114.76666666666667,-0.06693527769446775,-0.20484048812718278
UBFC_PHYS_s01_T3_test,0,3444,114.8,0.11766265858041568,-0.643234680116487
UBFC_PHYS_s01_T3_test,0,3445,114.83333333333333,0.30827346961426383,-1.0103003858166428
UBFC_PHYS_s01_T3_test,0,3446,114.86666666666666,0.47467113526034577,-1.2814101591862097
UBFC_PHYS_s01_T3_test,0,3447,114.9,0.5940919503017588,-1.441236152643815
UBFC_PHYS_s01_T3_test,0,3448,114.93333333333334,0.6519729300887321,-1.4842551740764827
UBFC_PHYS_s01_T3_test,0,3449,114.96666666666667,0.6415655862773009,-1.4137556923915786
UBFC_PHYS_s01_T3_test,0,3450,115.0,0.5640156363567754,-1.2304136366334628
UBFC_PHYS_s01_T3_test,0,3451,115.03333333333333,0.4265843596406874,-0.9327880178827859
UBFC_PHYS_s01_T3_test,0,3452,115.06666666666666,0.24002825615634238,-0.5419928036915174
UBFC_PHYS_s01_T3_test,0,3453,115.1,0.0180661746681977,-0.10324639532784753
UBFC_PHYS_s01_T3_test,0,3454,115.13333333333334,-0.2224452717561269,0.33269654614526223
UBFC_PHYS_s01_T3_test,0,3455,115.16666666666667,-0.4623306165319033,0.7078296886696054
UBFC_PHYS_s01_T3_test,0,3456,115.2,-0.6794416878136145,1.0083985860553126
UBFC_PHYS_s01_T3_test,0,3457,115.23333333333333,-0.8474010789984245,1.2625758634972906
UBFC_PHYS_s01_T3_test,0,3458,115.26666666666667,-0.9388444460366066,1.4545879883515527
UBFC_PHYS_s01_T3_test,0,3459,115.3,-0.9320736212477181,1.5233250396504037
UBFC_PHYS_s01_T3_test,0,3460,115.33333333333333,-0.8168903995169313,1.4312790014573236
UBFC_PHYS_s01_T3_test,0,3461,115.36666666666666,-0.6007587395083861,1.1651238243187938
UBFC_PHYS_s01_T3_test,0,3462,115.4,-0.31296078360941154,0.7533360759067358
UBFC_PHYS_s01_T3_test,0,3463,115.43333333333334,0.001797314134963618,0.267289702003255
UBFC_PHYS_s01_T3_test,0,3464,115.46666666666667,0.2985007144175549,-0.22715485793574228
UBFC_PHYS_s01_T3_test,0,3465,115.5,0.5431749223467613,-0.6680457424824864
UBFC_PHYS_s01_T3_test,0,3466,115.53333333333333,0.7159490253599425,-1.0167678288670798
UBFC_PHYS_s01_T3_test,0,3467,115.56666666666666,0.8101910190773355,-1.2559725241741018
UBFC_PHYS_s01_T3_test,0,3468,115.6,0.829725421701933,-1.3736188189686598
UBFC_PHYS_s01_T3_test,0,3469,115.63333333333334,0.7850806901658349,-1.3615866643371923
UBFC_PHYS_s01_T3_test,0,3470,115.66666666666667,0.6906917996433094,-1.2198884368920315
UBFC_PHYS_s01_T3_test,0,3471,115.7,0.5622916569365899,-0.9567446196930329
UBFC_PHYS_s01_T3_test,0,3472,115.73333333333333,0.4134290640969409,-0.5925177290265589
UBFC_PHYS_s01_T3_test,0,3473,115.76666666666667,0.25277079809191305,-0.1610112678729892
UBFC_PHYS_s01_T3_test,0,3474,115.8,0.08443211145093259,0.2870533587986719
UBFC_PHYS_s01_T3_test,0,3475,115.83333333333333,-0.0882262663025283,0.6823994343650309
UBFC_PHYS_s01_T3_test,0,3476,115.86666666666666,-0.2586702844480455,0.984576887319075
UBFC_PHYS_s01_T3_test,0,3477,115.9,-0.41693218008581673,1.1802876407514082
UBFC_PHYS_s01_T3_test,0,3478,115.93333333333334,-0.550583692029779,1.2661392728462433
UBFC_PHYS_s01_T3_test,0,3479,115.96666666666667,-0.6437102320231127,1.247339007142512
UBFC_PHYS_s01_T3_test,0,3480,116.0,-0.678068089722082,1.118468990007983
UBFC_PHYS_s01_T3_test,0,3481,116.03333333333333,-0.6401255286328519,0.8637849250985351
UBFC_PHYS_s01_T3_test,0,3482,116.06666666666666,-0.5290002831898871,0.5049410968317164
UBFC_PHYS_s01_T3_test,0,3483,116.1,-0.3587756020909274,0.1022078104960139
UBFC_PHYS_s01_T3_test,0,3484,116.13333333333334,-0.1545660959405442,-0.30113027148084737
UBFC_PHYS_s01_T3_test,0,3485,116.16666666666667,0.054027642894042584,-0.677115318782858
UBFC_PHYS_s01_T3_test,0,3486,116.2,0.23797435422553045,-0.9945515074531632
UBFC_PHYS_s01_T3_test,0,3487,116.23333333333333,0.37187204191305107,-1.2171930688771795
UBFC_PHYS_s01_T3_test,0,3488,116.26666666666667,0.4374047875023736,-1.3300421254112207
UBFC_PHYS_s01_T3_test,0,3489,116.3,0.4265585180712466,-1.3381790809435141
UBFC_PHYS_s01_T3_test,0,3490,116.33333333333333,0.3416173304071909,-1.239110698594172
UBFC_PHYS_s01_T3_test,0,3491,116.36666666666666,0.1927531531909077,-1.0227912072534129
UBFC_PHYS_s01_T3_test,0,3492,116.4,-0.0026673084896017413,-0.6930494342210896
UBFC_PHYS_s01_T3_test,0,3493,116.43333333333334,-0.218473381634904,-0.2690490715726789
UBFC_PHYS_s01_T3_test,0,3494,116.46666666666667,-0.4207740851738645,0.20505276491549043
UBFC_PHYS_s01_T3_test,0,3495,116.5,-0.574684522005571,0.6583115284255415
UBFC_PHYS_s01_T3_test,0,3496,116.53333333333333,-0.651821702284327,1.024062983005923
UBFC_PHYS_s01_T3_test,0,3497,116.56666666666666,-0.6325923699841695,1.238568833176023
UBFC_PHYS_s01_T3_test,0,3498,116.6,-0.5059812448269266,1.3028880775655327
UBFC_PHYS_s01_T3_test,0,3499,116.63333333333334,-0.2737528342823116,1.28129170702981
UBFC_PHYS_s01_T3_test,0,3500,116.66666666666667,0.042801927356644794,1.1897831328751987
UBFC_PHYS_s01_T3_test,0,3501,116.7,0.40202916765185953,0.9957892176262197
UBFC_PHYS_s01_T3_test,0,3502,116.73333333333333,0.7495299564198409,0.7023481278960455
UBFC_PHYS_s01_T3_test,0,3503,116.76666666666667,1.0300214621415047,0.349425614848883
UBFC_PHYS_s01_T3_test,0,3504,116.8,1.198185349623862,-0.01796582586654072
UBFC_PHYS_s01_T3_test,0,3505,116.83333333333333,1.2251992225615533,-0.3485079851819413
UBFC_PHYS_s01_T3_test,0,3506,116.86666666666666,1.1038180394902801,-0.6115977497058156
UBFC_PHYS_s01_T3_test,0,3507,116.9,0.8548841909954288,-0.7958269685427717
UBFC_PHYS_s01_T3_test,0,3508,116.93333333333334,0.5261329769571417,-0.900172237566392
UBFC_PHYS_s01_T3_test,0,3509,116.96666666666667,0.17486835762052572,-0.9326723265476518
UBFC_PHYS_s01_T3_test,0,3510,117.0,-0.15466803959331465,-0.894388675561113
UBFC_PHYS_s01_T3_test,0,3511,117.03333333333333,-0.4423384353526829,-0.7791177485127343
UBFC_PHYS_s01_T3_test,0,3512,117.06666666666666,-0.6876867545312046,-0.5907762097359509
UBFC_PHYS_s01_T3_test,0,3513,117.1,-0.8962590237141278,-0.3441011836861886
UBFC_PHYS_s01_T3_test,0,3514,117.13333333333334,-1.0665511862324535,-0.06799526745510324
UBFC_PHYS_s01_T3_test,0,3515,117.16666666666667,-1.1869407839801738,0.19353996579016125
UBFC_PHYS_s01_T3_test,0,3516,117.2,-1.2421243217125986,0.3912653019984241
UBFC_PHYS_s01_T3_test,0,3517,117.23333333333333,-1.2188934851471513,0.4702406588275095
UBFC_PHYS_s01_T3_test,0,3518,117.26666666666667,-1.1056740622943269,0.42556467952038957
UBFC_PHYS_s01_T3_test,0,3519,117.3,-0.891670145099606,0.3019368177171789
UBFC_PHYS_s01_T3_test,0,3520,117.33333333333333,-0.5723631698597506,0.15809512656576669
UBFC_PHYS_s01_T3_test,0,3521,117.36666666666666,-0.1588981493104788,0.06599493460589462
UBFC_PHYS_s01_T3_test,0,3522,117.4,0.3152085629231578,0.04258112100100999
UBFC_PHYS_s01_T3_test,0,3523,117.43333333333334,0.7937729311097259,0.04994599813057502
UBFC_PHYS_s01_T3_test,0,3524,117.46666666666667,1.2074523999198608,0.06536147967626804
UBFC_PHYS_s01_T3_test,0,3525,117.5,1.4930714068312492,0.08187002320354927
UBFC_PHYS_s01_T3_test,0,3526,117.53333333333333,1.6127365869299704,0.09597261326719583
UBFC_PHYS_s01_T3_test,0,3527,117.56666666666666,1.5607516673578272,0.10760373193483133
UBFC_PHYS_s01_T3_test,0,3528,117.6,1.3574916271451347,0.11262077788952787
UBFC_PHYS_s01_T3_test,0,3529,117.63333333333334,1.0385041163859454,0.10283599050729395
UBFC_PHYS_s01_T3_test,0,3530,117.66666666666667,0.6451613104942548,0.07991408067560737
UBFC_PHYS_s01_T3_test,0,3531,117.7,0.21812193435475116,0.0553933168352365
UBFC_PHYS_s01_T3_test,0,3532,117.73333333333333,-0.20539381439343934,0.04137139072462588
UBFC_PHYS_s01_T3_test,0,3533,117.76666666666667,-0.5889280419598305,0.05033366595685908
UBFC_PHYS_s01_T3_test,0,3534,117.8,-0.8957234620235923,0.06866579025552305
UBFC_PHYS_s01_T3_test,0,3535,117.83333333333333,-1.0995559670106632,0.05698352788531451
UBFC_PHYS_s01_T3_test,0,3536,117.86666666666666,-1.1981552340124972,0.0015156878980888211
UBFC_PHYS_s01_T3_test,0,3537,117.9,-1.2098232129431894,-0.08541454479264103
UBFC_PHYS_s01_T3_test,0,3538,117.93333333333334,-1.1561004553385175,-0.1820150416004553
UBFC_PHYS_s01_T3_test,0,3539,117.96666666666667,-1.049571068325938,-0.25703148662863334
UBFC_PHYS_s01_T3_test,0,3540,118.0,-0.8934401339723657,-0.30330330928612176
UBFC_PHYS_s01_T3_test,0,3541,118.03333333333333,-0.6865467403494913,-0.33743851450437007
UBFC_PHYS_s01_T3_test,0,3542,118.06666666666666,-0.42915211436760153,-0.3655459594983375
UBFC_PHYS_s01_T3_test,0,3543,118.1,-0.12811307925538476,-0.3828257356345759
UBFC_PHYS_s01_T3_test,0,3544,118.13333333333334,0.2000455212028438,-0.37660079992427803
UBFC_PHYS_s01_T3_test,0,3545,118.16666666666667,0.5291034061387125,-0.32657364839101843
UBFC_PHYS_s01_T3_test,0,3546,118.2,0.8260179988976242,-0.2246696094555992
UBFC_PHYS_s01_T3_test,0,3547,118.23333333333333,1.0557638186929095,-0.07564541794951773
UBFC_PHYS_s01_T3_test,0,3548,118.26666666666667,1.1869150437811415,0.10654602380511377
UBFC_PHYS_s01_T3_test,0,3549,118.3,1.1980264186592005,0.29807358394519584
UBFC_PHYS_s01_T3_test,0,3550,118.33333333333333,1.0845826746331197,0.485408944727293
UBFC_PHYS_s01_T3_test,0,3551,118.36666666666666,0.8624800084662012,0.6643331354851869
UBFC_PHYS_s01_T3_test,0,3552,118.4,0.564468621624787,0.8092933269560924
UBFC_PHYS_s01_T3_test,0,3553,118.43333333333334,0.2323595931549148,0.8728549150785191
UBFC_PHYS_s01_T3_test,0,3554,118.46666666666667,-0.09173198003684044,0.8399829374991719
UBFC_PHYS_s01_T3_test,0,3555,118.5,-0.37555168344643286,0.72802815229483
UBFC_PHYS_s01_T3_test,0,3556,118.53333333333333,-0.6038981434890979,0.5579014323438884
UBFC_PHYS_s01_T3_test,0,3557,118.56666666666666,-0.7748566185174053,0.35429100909565836
UBFC_PHYS_s01_T3_test,0,3558,118.6,-0.8881931436035579,0.12329148738659622
UBFC_PHYS_s01_T3_test,0,3559,118.63333333333334,-0.938017997156025,-0.14629070164110097
UBFC_PHYS_s01_T3_test,0,3560,118.66666666666667,-0.9153534168825783,-0.43972959517022964
UBFC_PHYS_s01_T3_test,0,3561,118.7,-0.8174255173595864,-0.7148523036137193
UBFC_PHYS_s01_T3_test,0,3562,118.73333333333333,-0.6554392410551463,-0.9385287004289957
UBFC_PHYS_s01_T3_test,0,3563,118.76666666666667,-0.4520352076760181,-1.085644022432232
UBFC_PHYS_s01_T3_test,0,3564,118.8,-0.22973281265033138,-1.1528954925390316
UBFC_PHYS_s01_T3_test,0,3565,118.83333333333333,-0.001864257730864502,-1.1578382577767967
UBFC_PHYS_s01_T3_test,0,3566,118.86666666666666,0.22737878147382712,-1.1053696051075375
UBFC_PHYS_s01_T3_test,0,3567,118.9,0.45709495770313197,-0.9875752100599258
UBFC_PHYS_s01_T3_test,0,3568,118.93333333333334,0.683464942657107,-0.7906669966784107
UBFC_PHYS_s01_T3_test,0,3569,118.96666666666667,0.8972675864675476,-0.496262709260919
UBFC_PHYS_s01_T3_test,0,3570,119.0,1.085072373285279,-0.12044031472678839
UBFC_PHYS_s01_T3_test,0,3571,119.03333333333333,1.2280407334548582,0.28456867363738203
UBFC_PHYS_s01_T3_test,0,3572,119.06666666666666,1.2963575097208657,0.6794688917807373
UBFC_PHYS_s01_T3_test,0,3573,119.1,1.250921819164794,1.036085580803518
UBFC_PHYS_s01_T3_test,0,3574,119.13333333333334,1.064402303289817,1.3426705883620047
UBFC_PHYS_s01_T3_test,0,3575,119.16666666666667,0.7504360303112559,1.6016522089575826
UBFC_PHYS_s01_T3_test,0,3576,119.2,0.3693351304296563,1.764900347578184
UBFC_PHYS_s01_T3_test,0,3577,119.23333333333333,-0.003776425398073553,1.7332445586979406
UBFC_PHYS_s01_T3_test,0,3578,119.26666666666667,-0.32109554108361027,1.4797154682669935
UBFC_PHYS_s01_T3_test,0,3579,119.3,-0.5773231372306329,1.0505594412916788
UBFC_PHYS_s01_T3_test,0,3580,119.33333333333333,-0.7949296359641107,0.5125813152267409
UBFC_PHYS_s01_T3_test,0,3581,119.36666666666666,-1.0031680178212705,-0.04567343081357198
UBFC_PHYS_s01_T3_test,0,3582,119.4,-1.2238290972973977,-0.5571783218378088
UBFC_PHYS_s01_T3_test,0,3583,119.43333333333334,-1.4606599039823323,-0.974312582152622
UBFC_PHYS_s01_T3_test,0,3584,119.46666666666667,-1.6909559569300685,-1.2792868405112703
UBFC_PHYS_s01_T3_test,0,3585,119.5,-1.8640932930717247,-1.4816211617754351
UBFC_PHYS_s01_T3_test,0,3586,119.53333333333333,-1.9113327791864814,-1.573382428890192
UBFC_PHYS_s01_T3_test,0,3587,119.56666666666666,-1.7656504707310061,-1.5279266794615198
UBFC_PHYS_s01_T3_test,0,3588,119.6,-1.3867278720762823,-1.3468995001617703
UBFC_PHYS_s01_T3_test,0,3589,119.63333333333334,-0.7844744064440698,-1.0604937636636667
UBFC_PHYS_s01_T3_test,0,3590,119.66666666666667,-0.028966262953596545,-0.713771313306963
UBFC_PHYS_s01_T3_test,0,3591,119.7,0.7641201321992311,-0.3674133169923965
UBFC_PHYS_s01_T3_test,0,3592,119.73333333333333,1.4678924569480079,-0.036978660119108574
UBFC_PHYS_s01_T3_test,0,3593,119.76666666666667,1.9820992414594945,0.30505398758278435
UBFC_PHYS_s01_T3_test,0,3594,119.8,2.2586368581378418,0.6740040769042038
UBFC_PHYS_s01_T3_test,0,3595,119.83333333333333,2.3034312760633817,1.070084951222167
UBFC_PHYS_s01_T3_test,0,3596,119.86666666666666,2.1570687301901645,1.4422508725416392
UBFC_PHYS_s01_T3_test,0,3597,119.9,1.8710459220549676,1.6868232005233004
UBFC_PHYS_s01_T3_test,0,3598,119.93333333333334,1.4931262807862014,1.729110371930858
UBFC_PHYS_s01_T3_test,0,3599,119.96666666666667,1.0640951327999302,1.5238134626777207
UBFC_PHYS_s01_T3_test,0,3600,120.0,0.6210336091947153,1.1228769529480918
UBFC_PHYS_s01_T3_test,0,3601,120.03333333333333,0.19746075992515147,0.6754839931178238
UBFC_PHYS_s01_T3_test,0,3602,120.06666666666666,-0.18330357796484678,0.24186699294346273
UBFC_PHYS_s01_T3_test,0,3603,120.1,-0.5135235513702883,-0.20519058257641834
UBFC_PHYS_s01_T3_test,0,3604,120.13333333333334,-0.8001614325256509,-0.6475592223819366
UBFC_PHYS_s01_T3_test,0,3605,120.16666666666667,-1.0589266183452941,-1.0190488517267076
UBFC_PHYS_s01_T3_test,0,3606,120.2,-1.3006739025567544,-1.2863734400941178
UBFC_PHYS_s01_T3_test,0,3607,120.23333333333333,-1.5142124017914553,-1.4474228443912467
UBFC_PHYS_s01_T3_test,0,3608,120.26666666666667,-1.6640422885893207,-1.5092097173569194
UBFC_PHYS_s01_T3_test,0,3609,120.3,-1.710917802826987,-1.486505762675693
UBFC_PHYS_s01_T3_test,0,3610,120.33333333333333,-1.6361370651114306,-1.3747502686684774
UBFC_PHYS_s01_T3_test,0,3611,120.36666666666666,-1.4488247262473966,-1.1503586814812388
UBFC_PHYS_s01_T3_test,0,3612,120.4,-1.1762916751065684,-0.8214717425311556
UBFC_PHYS_s01_T3_test,0,3613,120.43333333333334,-0.8483581707082916,-0.4293644081537413
UBFC_PHYS_s01_T3_test,0,3614,120.46666666666667,-0.4854151663000068,-0.020085990567359664
UBFC_PHYS_s01_T3_test,0,3615,120.5,-0.09622748117855336,0.3540070851531838
UBFC_PHYS_s01_T3_test,0,3616,120.53333333333333,0.31579601459417195,0.6804013257514215
UBFC_PHYS_s01_T3_test,0,3617,120.56666666666666,0.7440685709369157,0.9840530988759723
UBFC_PHYS_s01_T3_test,0,3618,120.6,1.1714377407480165,1.2688733025209353
UBFC_PHYS_s01_T3_test,0,3619,120.63333333333334,1.5650801856648675,1.5153945700976108
UBFC_PHYS_s01_T3_test,0,3620,120.66666666666667,1.8780705474186314,1.6632441458455862
UBFC_PHYS_s01_T3_test,0,3621,120.7,2.060911719918515,1.6110907559654204
UBFC_PHYS_s01_T3_test,0,3622,120.73333333333333,2.076719296214823,1.3542001039165037
UBFC_PHYS_s01_T3_test,0,3623,120.76666666666667,1.9099853021449986,0.9849422343046
UBFC_PHYS_s01_T3_test,0,3624,120.8,1.5679776174300994,0.5722963005969145
UBFC_PHYS_s01_T3_test,0,3625,120.83333333333333,1.079923848548701,0.16252862231503637
UBFC_PHYS_s01_T3_test,0,3626,120.86666666666666,0.49522418140343283,-0.21979361007807696
UBFC_PHYS_s01_T3_test,0,3627,120.9,-0.12078502666679355,-0.5695389924676574
UBFC_PHYS_s01_T3_test,0,3628,120.93333333333334,-0.6954768982324425,-0.8691548278696832
UBFC_PHYS_s01_T3_test,0,3629,120.96666666666667,-1.1632659621801353,-1.0866260512970656
UBFC_PHYS_s01_T3_test,0,3630,121.0,-1.4797911442861542,-1.211086190559381
UBFC_PHYS_s01_T3_test,0,3631,121.03333333333333,-1.6275044845994473,-1.2515360987216146
UBFC_PHYS_s01_T3_test,0,3632,121.06666666666666,-1.6138579198927905,-1.2173422399563598
UBFC_PHYS_s01_T3_test,0,3633,121.1,-1.4677005810661294,-1.1176534643517042
UBFC_PHYS_s01_T3_test,0,3634,121.13333333333334,-1.2327851975295159,-0.9526342603961391
UBFC_PHYS_s01_T3_test,0,3635,121.16666666666667,-0.9566166639101253,-0.7141665589532906
UBFC_PHYS_s01_T3_test,0,3636,121.2,-0.6795601681558615,-0.4044285721343525
UBFC_PHYS_s01_T3_test,0,3637,121.23333333333333,-0.42823043567778796,-0.037546927099736
UBFC_PHYS_s01_T3_test,0,3638,121.26666666666667,-0.21230577330002856,0.34488472098547557
UBFC_PHYS_s01_T3_test,0,3639,121.3,-0.02586695910520169,0.6723609844709189
UBFC_PHYS_s01_T3_test,0,3640,121.33333333333333,0.14428766997722395,0.9075983085234927
UBFC_PHYS_s01_T3_test,0,3641,121.36666666666666,0.30740130558601275,1.0452485846530957
UBFC_PHYS_s01_T3_test,0,3642,121.4,0.46264222867965976,1.089685811187863
UBFC_PHYS_s01_T3_test,0,3643,121.43333333333334,0.5998230707537855,1.0538875516285877
UBFC_PHYS_s01_T3_test,0,3644,121.46666666666667,0.7018581889754163,0.9531481135407145
UBFC_PHYS_s01_T3_test,0,3645,121.5,0.747254913191521,0.8049009960318848
UBFC_PHYS_s01_T3_test,0,3646,121.53333333333333,0.7168833278021347,0.6132489134218957
UBFC_PHYS_s01_T3_test,0,3647,121.56666666666666,0.6049497968513313,0.3699281389107047
UBFC_PHYS_s01_T3_test,0,3648,121.6,0.426646211728918,0.10396888428724155
UBFC_PHYS_s01_T3_test,0,3649,121.63333333333334,0.21537790347367625,-0.11736664955302258
UBFC_PHYS_s01_T3_test,0,3650,121.66666666666667,0.009776080200168923,-0.27975455873279825
UBFC_PHYS_s01_T3_test,0,3651,121.7,-0.1590805234169271,-0.420600779655647
UBFC_PHYS_s01_T3_test,0,3652,121.73333333333333,-0.2708376045726827,-0.5573853056176905
UBFC_PHYS_s01_T3_test,0,3653,121.76666666666667,-0.31478631649238004,-0.6861177310073988
UBFC_PHYS_s01_T3_test,0,3654,121.8,-0.29163781710029496,-0.7897107015608422
UBFC_PHYS_s01_T3_test,0,3655,121.83333333333333,-0.21302221524892423,-0.8375288028507117
UBFC_PHYS_s01_T3_test,0,3656,121.86666666666666,-0.09606136944012655,-0.8210397169437887
UBFC_PHYS_s01_T3_test,0,3657,121.9,0.040958768376381106,-0.7537122002631953
UBFC_PHYS_s01_T3_test,0,3658,121.93333333333334,0.18179916352135445,-0.6532159483823257
UBFC_PHYS_s01_T3_test,0,3659,121.96666666666667,0.31802792330946905,-0.5414073221816516
UBFC_PHYS_s01_T3_test,0,3660,122.0,0.4525832777659909,-0.41497377083996234
UBFC_PHYS_s01_T3_test,0,3661,122.03333333333333,0.5935320356714152,-0.2463584330394874
UBFC_PHYS_s01_T3_test,0,3662,122.06666666666666,0.7394917915606709,-0.02467764112727653
UBFC_PHYS_s01_T3_test,0,3663,122.1,0.8669859343013656,0.24271865015596725
UBFC_PHYS_s01_T3_test,0,3664,122.13333333333334,0.9283539696525284,0.5165112746642391
UBFC_PHYS_s01_T3_test,0,3665,122.16666666666667,0.8626471106948375,0.7245861221328758
UBFC_PHYS_s01_T3_test,0,3666,122.2,0.6193083619051246,0.8338458977343725
UBFC_PHYS_s01_T3_test,0,3667,122.23333333333333,0.1866557118533193,0.8496335107950183
UBFC_PHYS_s01_T3_test,0,3668,122.26666666666667,-0.3943941793588698,0.7960347954588068
UBFC_PHYS_s01_T3_test,0,3669,122.3,-1.042084204287493,0.7150412373479996
UBFC_PHYS_s01_T3_test,0,3670,122.33333333333333,-1.6570412698835841,0.5963268960634077
UBFC_PHYS_s01_T3_test,0,3671,122.36666666666666,-2.1406506312789344,0.378107666266735
UBFC_PHYS_s01_T3_test,0,3672,122.4,-2.410984626625227,0.08053032000559482
UBFC_PHYS_s01_T3_test,0,3673,122.43333333333334,-2.42007200351296,-0.19335128261313927
UBFC_PHYS_s01_T3_test,0,3674,122.46666666666667,-2.16364791361036,-0.39000875803888435
UBFC_PHYS_s01_T3_test,0,3675,122.5,-1.6769467780590332,-0.5050168262858421
UBFC_PHYS_s01_T3_test,0,3676,122.53333333333333,-1.0214075174537838,-0.5417281323006272
UBFC_PHYS_s01_T3_test,0,3677,122.56666666666666,-0.2688289126391625,-0.5103452019732007
UBFC_PHYS_s01_T3_test,0,3678,122.6,0.5120563518426076,-0.40830534749928693
UBFC_PHYS_s01_T3_test,0,3679,122.63333333333334,1.261952012565349,-0.22056975088262123
UBFC_PHYS_s01_T3_test,0,3680,122.66666666666667,1.9314993097886233,-0.006244807816694002
UBFC_PHYS_s01_T3_test,0,3681,122.7,2.4791208757541394,0.10178511050711253
UBFC_PHYS_s01_T3_test,0,3682,122.73333333333333,2.8645909887279832,0.07189354152482176
UBFC_PHYS_s01_T3_test,0,3683,122.76666666666667,3.0399967895070854,-0.026142037904328945
UBFC_PHYS_s01_T3_test,0,3684,122.8,2.949476781679289,-0.1328404286375741
UBFC_PHYS_s01_T3_test,0,3685,122.83333333333333,2.5503245357884388,-0.20001890205703912
UBFC_PHYS_s01_T3_test,0,3686,122.86666666666666,1.8526643532658924,-0.18955308637903204
UBFC_PHYS_s01_T3_test,0,3687,122.9,0.9460293497636436,-0.07398355463674511
UBFC_PHYS_s01_T3_test,0,3688,122.93333333333334,-0.023405263086219732,0.13854408576251162
UBFC_PHYS_s01_T3_test,0,3689,122.96666666666667,-0.9109181277307297,0.4036994665670011
UBFC_PHYS_s01_T3_test,0,3690,123.0,-1.6130919686979448,0.6502363005869239
UBFC_PHYS_s01_T3_test,0,3691,123.03333333333333,-2.0727469054106398,0.7801632489720131
UBFC_PHYS_s01_T3_test,0,3692,123.06666666666666,-2.2737502029271153,0.7502848557625826
UBFC_PHYS_s01_T3_test,0,3693,123.1,-2.233849518903708,0.5725378427914358
UBFC_PHYS_s01_T3_test,0,3694,123.13333333333334,-1.9934055016735808,0.3081643014310013
UBFC_PHYS_s01_T3_test,0,3695,123.16666666666667,-1.6115642883615062,0.06724681186820355
UBFC_PHYS_s01_T3_test,0,3696,123.2,-1.1640099098542547,-0.11117638408810789
UBFC_PHYS_s01_T3_test,0,3697,123.23333333333333,-0.7223226449098465,-0.2584845096029377
UBFC_PHYS_s01_T3_test,0,3698,123.26666666666667,-0.3297491011149909,-0.3726955117345226
UBFC_PHYS_s01_T3_test,0,3699,123.3,-0.003174433619355259,-0.4174477996121515
UBFC_PHYS_s01_T3_test,0,3700,123.33333333333333,0.24984821363193196,-0.40563784508080514
UBFC_PHYS_s01_T3_test,0,3701,123.36666666666666,0.42705140209747283,-0.3987190066937477
UBFC_PHYS_s01_T3_test,0,3702,123.4,0.5361095949839616,-0.43306680919286333
UBFC_PHYS_s01_T3_test,0,3703,123.43333333333334,0.5907742899823775,-0.5189872866205737
UBFC_PHYS_s01_T3_test,0,3704,123.46666666666667,0.6016222601937458,-0.6437734905694936
UBFC_PHYS_s01_T3_test,0,3705,123.5,0.5732842171471303,-0.7714810735155191
UBFC_PHYS_s01_T3_test,0,3706,123.53333333333333,0.5080684109384562,-0.8587728410067647
UBFC_PHYS_s01_T3_test,0,3707,123.56666666666666,0.4093674259119734,-0.8552956989898112
UBFC_PHYS_s01_T3_test,0,3708,123.6,0.2849790691812703,-0.7372106476160217
UBFC_PHYS_s01_T3_test,0,3709,123.63333333333334,0.1516975633075851,-0.5079628128015932
UBFC_PHYS_s01_T3_test,0,3710,123.66666666666667,0.035018034647657285,-0.15905736090844336
UBFC_PHYS_s01_T3_test,0,3711,123.7,-0.03986608142020894,0.3279867846296519
UBFC_PHYS_s01_T3_test,0,3712,123.73333333333333,-0.05877421761330862,0.8942131927304171
UBFC_PHYS_s01_T3_test,0,3713,123.76666666666667,-0.023615807580583143,1.4013708378874827
UBFC_PHYS_s01_T3_test,0,3714,123.8,0.04794564458325454,1.6899614689934495
UBFC_PHYS_s01_T3_test,0,3715,123.83333333333333,0.12740679950074252,1.5801436272594347
UBFC_PHYS_s01_T3_test,0,3716,123.86666666666666,0.1860248227876886,1.102209800849614
UBFC_PHYS_s01_T3_test,0,3717,123.9,0.2072235715371922,0.49645818870590513
UBFC_PHYS_s01_T3_test,0,3718,123.93333333333334,0.19216840115157727,-0.08082699298355045
UBFC_PHYS_s01_T3_test,0,3719,123.96666666666667,0.15415005395873413,-0.5575630905393286
UBFC_PHYS_s01_T3_test,0,3720,124.0,0.10669304694008055,-0.8557450749667658
UBFC_PHYS_s01_T3_test,0,3721,124.03333333333333,0.055517462397810496,-0.8902863816585691
UBFC_PHYS_s01_T3_test,0,3722,124.06666666666666,-0.00026045387074602813,-0.664243954967566
UBFC_PHYS_s01_T3_test,0,3723,124.1,-0.06255707010590768,-0.2684786645486927
UBFC_PHYS_s01_T3_test,0,3724,124.13333333333334,-0.13106344090165956,0.1679508539421831
UBFC_PHYS_s01_T3_test,0,3725,124.16666666666667,-0.20224008092638018,0.47868497345086836
UBFC_PHYS_s01_T3_test,0,3726,124.2,-0.26832726060593143,0.5912610822938652
UBFC_PHYS_s01_T3_test,0,3727,124.23333333333333,-0.31620204910138644,0.5269973265748966
UBFC_PHYS_s01_T3_test,0,3728,124.26666666666667,-0.32743865295456726,0.32686367039189457
UBFC_PHYS_s01_T3_test,0,3729,124.3,-0.28399938350198595,0.05079114285538795
UBFC_PHYS_s01_T3_test,0,3730,124.33333333333333,-0.18060360611346726,-0.23642427630226337
UBFC_PHYS_s01_T3_test,0,3731,124.36666666666666,-0.033194078060470714,-0.46497631579542675
UBFC_PHYS_s01_T3_test,0,3732,124.4,0.12635078874415978,-0.5932494617240379
UBFC_PHYS_s01_T3_test,0,3733,124.43333333333334,0.2639465055168977,-0.6073430873401833
UBFC_PHYS_s01_T3_test,0,3734,124.46666666666667,0.35511507844894274,-0.5045463404513199
UBFC_PHYS_s01_T3_test,0,3735,124.5,0.3917837025267519,-0.29327627883247337
UBFC_PHYS_s01_T3_test,0,3736,124.53333333333333,0.3819014186031213,-0.020145025006442094
UBFC_PHYS_s01_T3_test,0,3737,124.56666666666666,0.3398000900696622,0.22990950576948385
UBFC_PHYS_s01_T3_test,0,3738,124.6,0.2756373608966585,0.42152473250817785
UBFC_PHYS_s01_T3_test,0,3739,124.63333333333334,0.19416991705388628,0.568182364867375
UBFC_PHYS_s01_T3_test,0,3740,124.66666666666667,0.09926697809201736,0.6480001241329107
UBFC_PHYS_s01_T3_test,0,3741,124.7,-0.004207660317500788,0.6033555182604442
UBFC_PHYS_s01_T3_test,0,3742,124.73333333333333,-0.11097452195122909,0.4427549474507332
UBFC_PHYS_s01_T3_test,0,3743,124.76666666666667,-0.21568604463491511,0.24095498226938583
UBFC_PHYS_s01_T3_test,0,3744,124.8,-0.3132104199906544,0.04727432466998151
UBFC_PHYS_s01_T3_test,0,3745,124.83333333333333,-0.39709293130814327,-0.11433387463179465
UBFC_PHYS_s01_T3_test,0,3746,124.86666666666666,-0.45569831018860546,-0.2275516379628782
UBFC_PHYS_s01_T3_test,0,3747,124.9,-0.47297071254874234,-0.2829634531056745
UBFC_PHYS_s01_T3_test,0,3748,124.93333333333334,-0.43769209508890905,-0.2852591707534347
UBFC_PHYS_s01_T3_test,0,3749,124.96666666666667,-0.35235775146830695,-0.2526632723670769
UBFC_PHYS_s01_T3_test,0,3750,125.0,-0.23272262022066806,-0.218572122997482
UBFC_PHYS_s01_T3_test,0,3751,125.03333333333333,-0.10087995582815672,-0.23079715464423325
UBFC_PHYS_s01_T3_test,0,3752,125.06666666666666,0.022119059784677788,-0.30081383999692496
UBFC_PHYS_s01_T3_test,0,3753,125.1,0.12233571411076044,-0.4033287063137541
UBFC_PHYS_s01_T3_test,0,3754,125.13333333333334,0.19576574722324463,-0.5015369281122996
UBFC_PHYS_s01_T3_test,0,3755,125.16666666666667,0.24612834919601462,-0.5474482910562255
UBFC_PHYS_s01_T3_test,0,3756,125.2,0.2799413712479668,-0.5162069739445618
UBFC_PHYS_s01_T3_test,0,3757,125.23333333333333,0.30221759856937985,-0.4064933991696491
UBFC_PHYS_s01_T3_test,0,3758,125.26666666666667,0.31386793028620985,-0.2230505697550423
UBFC_PHYS_s01_T3_test,0,3759,125.3,0.3117401486817306,0.022639651657791904
UBFC_PHYS_s01_T3_test,0,3760,125.33333333333333,0.2915346481019725,0.28719237715798257
UBFC_PHYS_s01_T3_test,0,3761,125.36666666666666,0.25052665801764856,0.49477422230068424
UBFC_PHYS_s01_T3_test,0,3762,125.4,0.18804296926767405,0.5941763397373362
UBFC_PHYS_s01_T3_test,0,3763,125.43333333333334,0.10627558144816378,0.5587637990823939
UBFC_PHYS_s01_T3_test,0,3764,125.46666666666667,0.012179443114078946,0.42094832423508705
UBFC_PHYS_s01_T3_test,0,3765,125.5,-0.08347216025850684,0.27147042995042275
UBFC_PHYS_s01_T3_test,0,3766,125.53333333333333,-0.17053525370509723,0.16578452185478715
UBFC_PHYS_s01_T3_test,0,3767,125.56666666666666,-0.24239067428170089,0.12349823110345015
UBFC_PHYS_s01_T3_test,0,3768,125.6,-0.29404634757960646,0.14799081748490964
UBFC_PHYS_s01_T3_test,0,3769,125.63333333333334,-0.31819396205190437,0.22658983085393214
UBFC_PHYS_s01_T3_test,0,3770,125.66666666666667,-0.30503543454317456,0.3168684731203337
UBFC_PHYS_s01_T3_test,0,3771,125.7,-0.24880943381638376,0.3472804030658007
UBFC_PHYS_s01_T3_test,0,3772,125.73333333333333,-0.15652415080521478,0.26524996622943725
UBFC_PHYS_s01_T3_test,0,3773,125.76666666666667,-0.05062017215722098,0.038447165479039105
UBFC_PHYS_s01_T3_test,0,3774,125.8,0.03865582961579692,-0.2918348255852595
UBFC_PHYS_s01_T3_test,0,3775,125.83333333333333,0.08699683533238563,-0.6102663562543865
UBFC_PHYS_s01_T3_test,0,3776,125.86666666666666,0.08599004377711816,-0.846321997926794
UBFC_PHYS_s01_T3_test,0,3777,125.9,0.043403233453367364,-0.9740559931963281
UBFC_PHYS_s01_T3_test,0,3778,125.93333333333334,-0.02354087408324572,-0.9714074897140939
UBFC_PHYS_s01_T3_test,0,3779,125.96666666666667,-0.0961739073287643,-0.8199505492275065
UBFC_PHYS_s01_T3_test,0,3780,126.0,-0.15908642383790197,-0.5395783446599232
UBFC_PHYS_s01_T3_test,0,3781,126.03333333333333,-0.19996261471870508,-0.18904818299972884
UBFC_PHYS_s01_T3_test,0,3782,126.06666666666666,-0.20816471304458328,0.16011748035580578
UBFC_PHYS_s01_T3_test,0,3783,126.1,-0.17600840217738759,0.4231475007275394
UBFC_PHYS_s01_T3_test,0,3784,126.13333333333334,-0.10098437173997737,0.5821403619502397
UBFC_PHYS_s01_T3_test,0,3785,126.16666666666667,0.014375336789535557,0.6846691514414821
UBFC_PHYS_s01_T3_test,0,3786,126.2,0.164633183019527,0.7629663769865467
UBFC_PHYS_s01_T3_test,0,3787,126.23333333333333,0.342810138819274,0.8322472307913548
UBFC_PHYS_s01_T3_test,0,3788,126.26666666666667,0.5386486249384779,0.8663977242671035
UBFC_PHYS_s01_T3_test,0,3789,126.3,0.7349152030159073,0.7982343422019764
UBFC_PHYS_s01_T3_test,0,3790,126.33333333333333,0.905969937411342,0.6336513075483032
UBFC_PHYS_s01_T3_test,0,3791,126.36666666666666,1.0201791888880043,0.4519620875531544
UBFC_PHYS_s01_T3_test,0,3792,126.4,1.04419727666063,0.29401827891047605
UBFC_PHYS_s01_T3_test,0,3793,126.43333333333334,0.9487270243905455,0.1623749355644378
UBFC_PHYS_s01_T3_test,0,3794,126.46666666666667,0.717486299398365,0.053954767782766255
UBFC_PHYS_s01_T3_test,0,3795,126.5,0.3591781317517042,-0.03886693918659763
UBFC_PHYS_s01_T3_test,0,3796,126.53333333333333,-0.08282308539473537,-0.12432582193730221
UBFC_PHYS_s01_T3_test,0,3797,126.56666666666666,-0.535250499297326,-0.2103073679150975
UBFC_PHYS_s01_T3_test,0,3798,126.6,-0.9212489937826429,-0.2988592750118834
UBFC_PHYS_s01_T3_test,0,3799,126.63333333333334,-1.1911593149895054,-0.38545993988442284
UBFC_PHYS_s01_T3_test,0,3800,126.66666666666667,-1.3308829449037407,-0.46297140066638537
UBFC_PHYS_s01_T3_test,0,3801,126.7,-1.347286216275787,-0.5211779896794232
UBFC_PHYS_s01_T3_test,0,3802,126.73333333333333,-1.254897546068103,-0.561802358895678
UBFC_PHYS_s01_T3_test,0,3803,126.76666666666667,-1.0747519259301184,-0.5980086600263606
UBFC_PHYS_s01_T3_test,0,3804,126.8,-0.834558137976791,-0.6364156334630374
UBFC_PHYS_s01_T3_test,0,3805,126.83333333333333,-0.5644712656631184,-0.6766369115910255
UBFC_PHYS_s01_T3_test,0,3806,126.86666666666666,-0.2928715450478517,-0.7058536777351517
UBFC_PHYS_s01_T3_test,0,3807,126.9,-0.043140708934618834,-0.6989080366085234
UBFC_PHYS_s01_T3_test,0,3808,126.93333333333334,0.16900671203625778,-0.6315853418604923
UBFC_PHYS_s01_T3_test,0,3809,126.96666666666667,0.3355848789213013,-0.48139372529881236
UBFC_PHYS_s01_T3_test,0,3810,127.0,0.4550793220993711,-0.25992752120970725
UBFC_PHYS_s01_T3_test,0,3811,127.03333333333333,0.5324554692288056,-0.013656339724787046
UBFC_PHYS_s01_T3_test,0,3812,127.06666666666666,0.577459966034152,0.2284464854899236
UBFC_PHYS_s01_T3_test,0,3813,127.1,0.5990554571228401,0.45391989428814905
UBFC_PHYS_s01_T3_test,0,3814,127.13333333333334,0.6016088054013604,0.6708903831650623
UBFC_PHYS_s01_T3_test,0,3815,127.16666666666667,0.5864166164751528,0.9061698090024857
UBFC_PHYS_s01_T3_test,0,3816,127.2,0.5538717680315006,1.121638423516814
UBFC_PHYS_s01_T3_test,0,3817,127.23333333333333,0.5029694459438835,1.2136141392742128
UBFC_PHYS_s01_T3_test,0,3818,127.26666666666667,0.4304689029615839,1.117062486999236
UBFC_PHYS_s01_T3_test,0,3819,127.3,0.3321691377518902,0.806782648492891
UBFC_PHYS_s01_T3_test,0,3820,127.33333333333333,0.20679189154377287,0.3475819681200323
UBFC_PHYS_s01_T3_test,0,3821,127.36666666666666,0.06012034795429091,-0.10538013910245245
UBFC_PHYS_s01_T3_test,0,3822,127.4,-0.09437374956390225,-0.4509684352384214
UBFC_PHYS_s01_T3_test,0,3823,127.43333333333334,-0.2374886916102109,-0.6417376909571326
UBFC_PHYS_s01_T3_test,0,3824,127.46666666666667,-0.34613380957774703,-0.6667349424939032
UBFC_PHYS_s01_T3_test,0,3825,127.5,-0.3986470149015832,-0.5504351647174349
UBFC_PHYS_s01_T3_test,0,3826,127.53333333333333,-0.38599617600353375,-0.3473704128301053
UBFC_PHYS_s01_T3_test,0,3827,127.56666666666666,-0.3190125322202192,-0.14137255289904985
UBFC_PHYS_s01_T3_test,0,3828,127.6,-0.22196172936778802,0.023487704987673844
UBFC_PHYS_s01_T3_test,0,3829,127.63333333333334,-0.11930692224257473,0.14271714813815037
UBFC_PHYS_s01_T3_test,0,3830,127.66666666666667,-0.02832054162969077,0.203714438897677
UBFC_PHYS_s01_T3_test,0,3831,127.7,0.04111450165608053,0.18530253992011164
UBFC_PHYS_s01_T3_test,0,3832,127.73333333333333,0.0859271087563302,0.09374696559804868
UBFC_PHYS_s01_T3_test,0,3833,127.76666666666667,0.11026751560169774,-0.037269307836387225
UBFC_PHYS_s01_T3_test,0,3834,127.8,0.12354379209888555,-0.16190531141478476
UBFC_PHYS_s01_T3_test,0,3835,127.83333333333333,0.13530942135403412,-0.2225213128741522
UBFC_PHYS_s01_T3_test,0,3836,127.86666666666666,0.15017084404487435,-0.20590331287286995
UBFC_PHYS_s01_T3_test,0,3837,127.9,0.16604140033377773,-0.1431882055485459
UBFC_PHYS_s01_T3_test,0,3838,127.93333333333334,0.17643410214252575,-0.062450568675582546
UBFC_PHYS_s01_T3_test,0,3839,127.96666666666667,0.1744198954039022,0.011676055160929857
UBFC_PHYS_s01_T3_test,0,3840,128.0,0.15579468168995209,0.06312939799953195
UBFC_PHYS_s01_T3_test,0,3841,128.03333333333333,0.12061637581354129,0.08436722159825294
UBFC_PHYS_s01_T3_test,0,3842,128.06666666666666,0.07224578874017107,0.07728069056679941
UBFC_PHYS_s01_T3_test,0,3843,128.1,0.014779472839885673,0.05300275239222861
UBFC_PHYS_s01_T3_test,0,3844,128.13333333333333,-0.047994000842199944,0.023064452858186354
UBFC_PHYS_s01_T3_test,0,3845,128.16666666666666,-0.11219984117312592,-0.0007501408482114905
UBFC_PHYS_s01_T3_test,0,3846,128.2,-0.17458266533573183,-0.009814058813276466
UBFC_PHYS_s01_T3_test,0,3847,128.23333333333332,-0.2336771556897878,0.0012761983606786216
UBFC_PHYS_s01_T3_test,0,3848,128.26666666666668,-0.28932058395739946,0.03043106112155095
UBFC_PHYS_s01_T3_test,0,3849,128.3,-0.3405788153747116,0.06805855888223113
UBFC_PHYS_s01_T3_test,0,3850,128.33333333333334,-0.38303479887370934,0.1033463638989956
UBFC_PHYS_s01_T3_test,0,3851,128.36666666666667,-0.40662557893416845,0.12431179871419716
UBFC_PHYS_s01_T3_test,0,3852,128.4,-0.39691560576985513,0.1260148499374744
UBFC_PHYS_s01_T3_test,0,3853,128.43333333333334,-0.3415088683449324,0.11055605716950764
UBFC_PHYS_s01_T3_test,0,3854,128.46666666666667,-0.2382866031531514,0.07674504433821289
UBFC_PHYS_s01_T3_test,0,3855,128.5,-0.09968442986281262,0.02024815408574793
UBFC_PHYS_s01_T3_test,0,3856,128.53333333333333,0.05056650909800439,-0.05370506636411384
UBFC_PHYS_s01_T3_test,0,3857,128.56666666666666,0.18674047633843904,-0.13006953898826068
UBFC_PHYS_s01_T3_test,0,3858,128.6,0.28996154766472026,-0.20111186573067158
UBFC_PHYS_s01_T3_test,0,3859,128.63333333333333,0.351972385593567,-0.26609347476347145
UBFC_PHYS_s01_T3_test,0,3860,128.66666666666666,0.3748238382019924,-0.3181404866757964
UBFC_PHYS_s01_T3_test,0,3861,128.7,0.36734670998040203,-0.3439903340990199
UBFC_PHYS_s01_T3_test,0,3862,128.73333333333332,0.33951559052060115,-0.3371464749741633
UBFC_PHYS_s01_T3_test,0,3863,128.76666666666668,0.2994570137930481,-0.29790137177249243
UBFC_PHYS_s01_T3_test,0,3864,128.8,0.2543330348541839,-0.23388090510065332
UBFC_PHYS_s01_T3_test,0,3865,128.83333333333334,0.2104897196942004,-0.16013277264978237
UBFC_PHYS_s01_T3_test,0,3866,128.86666666666667,0.17145344924617456,-0.08842959432743579
UBFC_PHYS_s01_T3_test,0,3867,128.9,0.1369249035040934,-0.027488617836152716
UBFC_PHYS_s01_T3_test,0,3868,128.93333333333334,0.10409142140522451,0.025826678383105844
UBFC_PHYS_s01_T3_test,0,3869,128.96666666666667,0.06952809658805606,0.0859490236768975
UBFC_PHYS_s01_T3_test,0,3870,129.0,0.030281820015350076,0.15542510856839203
UBFC_PHYS_s01_T3_test,0,3871,129.03333333333333,-0.015199194904401189,0.22438487142190067
UBFC_PHYS_s01_T3_test,0,3872,129.06666666666666,-0.06626222161212435,0.2843707330785865
UBFC_PHYS_s01_T3_test,0,3873,129.1,-0.12081815043444752,0.3280686961728651
UBFC_PHYS_s01_T3_test,0,3874,129.13333333333333,-0.1767097437306116,0.36260825389486845
UBFC_PHYS_s01_T3_test,0,3875,129.16666666666666,-0.23159706111331463,0.4090370624895689
UBFC_PHYS_s01_T3_test,0,3876,129.2,-0.28252256730099345,0.46584351048305955
UBFC_PHYS_s01_T3_test,0,3877,129.23333333333332,-0.32606151914156595,0.5086745147190115
UBFC_PHYS_s01_T3_test,0,3878,129.26666666666668,-0.3570592777120845,0.5176184170720161
UBFC_PHYS_s01_T3_test,0,3879,129.3,-0.36664691077564276,0.4774926569292923
UBFC_PHYS_s01_T3_test,0,3880,129.33333333333334,-0.3435902020980142,0.3955326768094057
UBFC_PHYS_s01_T3_test,0,3881,129.36666666666667,-0.2801202611786304,0.3015040347293337
UBFC_PHYS_s01_T3_test,0,3882,129.4,-0.17862755406707753,0.2020889345011221
UBFC_PHYS_s01_T3_test,0,3883,129.43333333333334,-0.05359491316144596,0.08140844491635589
UBFC_PHYS_s01_T3_test,0,3884,129.46666666666667,0.0738527424603696,-0.05596501342064585
UBFC_PHYS_s01_T3_test,0,3885,129.5,0.18415870037629473,-0.18423170105831013
UBFC_PHYS_s01_T3_test,0,3886,129.53333333333333,0.2638622284873537,-0.2978422674410622
UBFC_PHYS_s01_T3_test,0,3887,129.56666666666666,0.3062710042225486,-0.4107005814223903
UBFC_PHYS_s01_T3_test,0,3888,129.6,0.31113398724347807,-0.5247695204768658
UBFC_PHYS_s01_T3_test,0,3889,129.63333333333333,0.2831497141182862,-0.6291798123508167
UBFC_PHYS_s01_T3_test,0,3890,129.66666666666666,0.22916233948345202,-0.714928813543164
UBFC_PHYS_s01_T3_test,0,3891,129.7,0.15751084447999675,-0.7743835388664558
UBFC_PHYS_s01_T3_test,0,3892,129.73333333333332,0.08057162767038736,-0.8022913775318584
UBFC_PHYS_s01_T3_test,0,3893,129.76666666666668,0.014527048960835042,-0.7955183012960872
UBFC_PHYS_s01_T3_test,0,3894,129.8,-0.026934846136433058,-0.7524883858012233
UBFC_PHYS_s01_T3_test,0,3895,129.83333333333334,-0.03804012610329223,-0.673311765658334
UBFC_PHYS_s01_T3_test,0,3896,129.86666666666667,-0.020025597329888106,-0.5607337053068234
UBFC_PHYS_s01_T3_test,0,3897,129.9,0.021226453359896705,-0.42067433261027326
UBFC_PHYS_s01_T3_test,0,3898,129.93333333333334,0.07471566500612628,-0.24809968800375215
UBFC_PHYS_s01_T3_test,0,3899,129.96666666666667,0.12454958089191387,-0.028232081101777523
UBFC_PHYS_s01_T3_test,0,3900,130.0,0.1544143671384358,0.2296729483570536
UBFC_PHYS_s01_T3_test,0,3901,130.03333333333333,0.15370652073025529,0.4909556444227868
UBFC_PHYS_s01_T3_test,0,3902,130.06666666666666,0.12057007680979041,0.7295169271360087
UBFC_PHYS_s01_T3_test,0,3903,130.1,0.060948660050450604,0.9266463688697439
UBFC_PHYS_s01_T3_test,0,3904,130.13333333333333,-0.014131067734033442,1.0830831218117356
UBFC_PHYS_s01_T3_test,0,3905,130.16666666666666,-0.0921359862342846,1.2175509361176307
UBFC_PHYS_s01_T3_test,0,3906,130.2,-0.16317603041529863,1.3165374111577852
UBFC_PHYS_s01_T3_test,0,3907,130.23333333333332,-0.2224759488743742,1.333716137553074
UBFC_PHYS_s01_T3_test,0,3908,130.26666666666668,-0.26852967488855056,1.2429791417881408
UBFC_PHYS_s01_T3_test,0,3909,130.3,-0.2980187453330143,1.0390921738217758
UBFC_PHYS_s01_T3_test,0,3910,130.33333333333334,-0.3040614632546589,0.7494560777931384
UBFC_PHYS_s01_T3_test,0,3911,130.36666666666667,-0.2819738197130158,0.4348312113052071
UBFC_PHYS_s01_T3_test,0,3912,130.4,-0.2355531289092743,0.13027311993989482
UBFC_PHYS_s01_T3_test,0,3913,130.43333333333334,-0.17537436941718992,-0.15355193248910923
UBFC_PHYS_s01_T3_test,0,3914,130.46666666666667,-0.1122226107053579,-0.41286810336967783
UBFC_PHYS_s01_T3_test,0,3915,130.5,-0.05279359570300096,-0.6487881025435152
UBFC_PHYS_s01_T3_test,0,3916,130.53333333333333,0.0017281229437091476,-0.8565277512074732
UBFC_PHYS_s01_T3_test,0,3917,130.56666666666666,0.054565775111831354,-1.0237843470320902
UBFC_PHYS_s01_T3_test,0,3918,130.6,0.10903036193726062,-1.148245719049794
UBFC_PHYS_s01_T3_test,0,3919,130.63333333333333,0.16502513151835724,-1.2364101676483628
UBFC_PHYS_s01_T3_test,0,3920,130.66666666666666,0.21927675220866552,-1.2886550114271262
UBFC_PHYS_s01_T3_test,0,3921,130.7,0.26622898013346286,-1.298575981254837
UBFC_PHYS_s01_T3_test,0,3922,130.73333333333332,0.2987379380460688,-1.2605462837020247
UBFC_PHYS_s01_T3_test,0,3923,130.76666666666668,0.31101501849054536,-1.1698240273395435
UBFC_PHYS_s01_T3_test,0,3924,130.8,0.30178044446374624,-1.01968257081845
UBFC_PHYS_s01_T3_test,0,3925,130.83333333333334,0.273881808307217,-0.8023032997828433
UBFC_PHYS_s01_T3_test,0,3926,130.86666666666667,0.2312862123617269,-0.5233602509346441
UBFC_PHYS_s01_T3_test,0,3927,130.9,0.17602049248604404,-0.20348782243971825
UBFC_PHYS_s01_T3_test,0,3928,130.93333333333334,0.10731189088919553,0.1371512519687541
UBFC_PHYS_s01_T3_test,0,3929,130.96666666666667,0.024385401386870006,0.47706921857262796
UBFC_PHYS_s01_T3_test,0,3930,131.0,-0.07023924828168333,0.8083356079746571
UBFC_PHYS_s01_T3_test,0,3931,131.03333333333333,-0.1710679986149057,1.1342878854594998
UBFC_PHYS_s01_T3_test,0,3932,131.06666666666666,-0.2710864131549239,1.4264934620966174
UBFC_PHYS_s01_T3_test,0,3933,131.1,-0.36056776851862227,1.6231695087265492
UBFC_PHYS_s01_T3_test,0,3934,131.13333333333333,-0.42631705102963424,1.6964758351522202
UBFC_PHYS_s01_T3_test,0,3935,131.16666666666666,-0.4552279588990453,1.6518742993018904
UBFC_PHYS_s01_T3_test,0,3936,131.2,-0.43964672765072477,1.502990029471978
UBFC_PHYS_s01_T3_test,0,3937,131.23333333333332,-0.3804358891848387,1.2715417144853751
UBFC_PHYS_s01_T3_test,0,3938,131.26666666666668,-0.28700758023754336,0.9806764361182029
UBFC_PHYS_s01_T3_test,0,3939,131.3,-0.17481468998954572,0.6560003836761334
UBFC_PHYS_s01_T3_test,0,3940,131.33333333333334,-0.06094410375999186,0.32162962940046586
UBFC_PHYS_s01_T3_test,0,3941,131.36666666666667,0.04082879215938623,0.0018894587453168327
UBFC_PHYS_s01_T3_test,0,3942,131.4,0.12390993181037269,-0.2899977726034502
UBFC_PHYS_s01_T3_test,0,3943,131.43333333333334,0.18861671021276774,-0.5499189569436458
UBFC_PHYS_s01_T3_test,0,3944,131.46666666666667,0.23697952399173366,-0.7746660223530832
UBFC_PHYS_s01_T3_test,0,3945,131.5,0.26903862132839473,-0.9600818267115065
UBFC_PHYS_s01_T3_test,0,3946,131.53333333333333,0.2849875569384148,-1.1055902141152427
UBFC_PHYS_s01_T3_test,0,3947,131.56666666666666,0.2873703282272109,-1.2128145364697818
UBFC_PHYS_s01_T3_test,0,3948,131.6,0.27944707902059346,-1.2809167468032165
UBFC_PHYS_s01_T3_test,0,3949,131.63333333333333,0.26423457844162723,-1.305810613388949
UBFC_PHYS_s01_T3_test,0,3950,131.66666666666666,0.24522726987309482,-1.2848644238589895
UBFC_PHYS_s01_T3_test,0,3951,131.7,0.2252104535331767,-1.2167900833465344
UBFC_PHYS_s01_T3_test,0,3952,131.73333333333332,0.20475118594781214,-1.0989369402006222
UBFC_PHYS_s01_T3_test,0,3953,131.76666666666668,0.18356182430379986,-0.9278832478773387
UBFC_PHYS_s01_T3_test,0,3954,131.8,0.1616772769047064,-0.7031366712678588
UBFC_PHYS_s01_T3_test,0,3955,131.83333333333334,0.137418625481276,-0.42843231864301184
UBFC_PHYS_s01_T3_test,0,3956,131.86666666666667,0.10599281180104167,-0.12065779284957333
UBFC_PHYS_s01_T3_test,0,3957,131.9,0.0623300971713871,0.18858601088131258
UBFC_PHYS_s01_T3_test,0,3958,131.93333333333334,0.005292534977069649,0.48045587582026383
UBFC_PHYS_s01_T3_test,0,3959,131.96666666666667,-0.061484114093821776,0.7471072062417304
UBFC_PHYS_s01_T3_test,0,3960,132.0,-0.13292512146687768,0.9866311495996082
UBFC_PHYS_s01_T3_test,0,3961,132.03333333333333,-0.20539746350287663,1.2011205698146545
UBFC_PHYS_s01_T3_test,0,3962,132.06666666666666,-0.2738982242252017,1.3719857915777118
UBFC_PHYS_s01_T3_test,0,3963,132.1,-0.32671449042473066,1.4588957900489843
UBFC_PHYS_s01_T3_test,0,3964,132.13333333333333,-0.34717941848460154,1.4420727865617142
UBFC_PHYS_s01_T3_test,0,3965,132.16666666666666,-0.32456066115797755,1.3222118902828774
UBFC_PHYS_s01_T3_test,0,3966,132.2,-0.2633236688496553,1.1165519266669153
UBFC_PHYS_s01_T3_test,0,3967,132.23333333333332,-0.18062334282383707,0.8592438271791054
UBFC_PHYS_s01_T3_test,0,3968,132.26666666666668,-0.09619808997724867,0.5751578232743481
UBFC_PHYS_s01_T3_test,0,3969,132.3,-0.025580800611081072,0.2810477674021773
UBFC_PHYS_s01_T3_test,0,3970,132.33333333333334,0.02138606127389798,-0.005385982843590903
UBFC_PHYS_s01_T3_test,0,3971,132.36666666666667,0.04164473401641686,-0.26383897993227157
UBFC_PHYS_s01_T3_test,0,3972,132.4,0.04050770912397163,-0.48511795561451165
UBFC_PHYS_s01_T3_test,0,3973,132.43333333333334,0.030430714457452608,-0.6694820751233194
UBFC_PHYS_s01_T3_test,0,3974,132.46666666666667,0.025685066827979927,-0.8164002770293968
UBFC_PHYS_s01_T3_test,0,3975,132.5,0.03592523604928806,-0.9231748337858277
UBFC_PHYS_s01_T3_test,0,3976,132.53333333333333,0.06270192165566148,-0.9894309126900251
UBFC_PHYS_s01_T3_test,0,3977,132.56666666666666,0.10008406327646102,-1.0163038211006563
UBFC_PHYS_s01_T3_test,0,3978,132.6,0.13819551342250383,-1.0027034107730544
UBFC_PHYS_s01_T3_test,0,3979,132.63333333333333,0.16734521072102757,-0.9451146854263522
UBFC_PHYS_s01_T3_test,0,3980,132.66666666666666,0.1801005788709275,-0.8406057618220439
UBFC_PHYS_s01_T3_test,0,3981,132.7,0.17136806311420588,-0.6873105433807473
UBFC_PHYS_s01_T3_test,0,3982,132.73333333333332,0.13830418843669395,-0.49760220028488183
UBFC_PHYS_s01_T3_test,0,3983,132.76666666666668,0.08041760993764739,-0.2988434480502707
UBFC_PHYS_s01_T3_test,0,3984,132.8,0.00045552497863105695,-0.10746268539110618
UBFC_PHYS_s01_T3_test,0,3985,132.83333333333334,-0.09450346282520447,0.07006916195027085
UBFC_PHYS_s01_T3_test,0,3986,132.86666666666667,-0.1953131108985448,0.23820514126631043
UBFC_PHYS_s01_T3_test,0,3987,132.9,-0.294589476801366,0.4108863057514829
UBFC_PHYS_s01_T3_test,0,3988,132.93333333333334,-0.38472422716173993,0.58883102478505
UBFC_PHYS_s01_T3_test,0,3989,132.96666666666667,-0.45207580447607915,0.7582408257118456
UBFC_PHYS_s01_T3_test,0,3990,133.0,-0.47828919635046885,0.8945219982048974
UBFC_PHYS_s01_T3_test,0,3991,133.03333333333333,-0.45032683781741983,0.9617518898354931
UBFC_PHYS_s01_T3_test,0,3992,133.06666666666666,-0.368473237106119,0.9457974173176651
UBFC_PHYS_s01_T3_test,0,3993,133.1,-0.2453690586937426,0.854225844746906
UBFC_PHYS_s01_T3_test,0,3994,133.13333333333333,-0.09993650856101827,0.7134634410706202
UBFC_PHYS_s01_T3_test,0,3995,133.16666666666666,0.048501816184302916,0.5686916917745343
UBFC_PHYS_s01_T3_test,0,3996,133.2,0.1848483411049764,0.4307482421002255
UBFC_PHYS_s01_T3_test,0,3997,133.23333333333332,0.3012109303641289,0.2768678034586284
UBFC_PHYS_s01_T3_test,0,3998,133.26666666666668,0.3966232805232207,0.08948229929190896
UBFC_PHYS_s01_T3_test,0,3999,133.3,0.4736778939202095,-0.14214541454524443
UBFC_PHYS_s01_T3_test,0,4000,133.33333333333334,0.5354189458789067,-0.3908196136971528
UBFC_PHYS_s01_T3_test,0,4001,133.36666666666667,0.5843575065218682,-0.5905087936562885
UBFC_PHYS_s01_T3_test,0,4002,133.4,0.6213319707091098,-0.7245660579912366
UBFC_PHYS_s01_T3_test,0,4003,133.43333333333334,0.643316643979787,-0.8247576750309166
UBFC_PHYS_s01_T3_test,0,4004,133.46666666666667,0.6437746346625768,-0.9039161154400132
UBFC_PHYS_s01_T3_test,0,4005,133.5,0.6166073480799428,-0.9548457403331259
UBFC_PHYS_s01_T3_test,0,4006,133.53333333333333,0.5583813097183767,-0.9703016563462873
UBFC_PHYS_s01_T3_test,0,4007,133.56666666666666,0.466661569545249,-0.9428443096304853
UBFC_PHYS_s01_T3_test,0,4008,133.6,0.3397816105051037,-0.8593767314706707
UBFC_PHYS_s01_T3_test,0,4009,133.63333333333333,0.18025840229150897,-0.7017469716842937
UBFC_PHYS_s01_T3_test,0,4010,133.66666666666666,-0.0026419579866674564,-0.46944019391682
UBFC_PHYS_s01_T3_test,0,4011,133.7,-0.19425538456945268,-0.18076457847599064
UBFC_PHYS_s01_T3_test,0,4012,133.73333333333332,-0.3780248507210017,0.1438482398581268
UBFC_PHYS_s01_T3_test,0,4013,133.76666666666668,-0.5376676183748075,0.48031651605721665
UBFC_PHYS_s01_T3_test,0,4014,133.8,-0.6571131991233145,0.8072802468976951
UBFC_PHYS_s01_T3_test,0,4015,133.83333333333334,-0.7215591093034806,1.1042635693571496
UBFC_PHYS_s01_T3_test,0,4016,133.86666666666667,-0.7222305766790731,1.3325064716272728
UBFC_PHYS_s01_T3_test,0,4017,133.9,-0.6621338320578587,1.433925601291031
UBFC_PHYS_s01_T3_test,0,4018,133.93333333333334,-0.5584395842672158,1.3841623806953662
UBFC_PHYS_s01_T3_test,0,4019,133.96666666666667,-0.43987854778008506,1.1925509566095727
UBFC_PHYS_s01_T3_test,0,4020,134.0,-0.33949456810653045,0.8943964110306994
UBFC_PHYS_s01_T3_test,0,4021,134.03333333333333,-0.2842944393917485,0.5513461827123138
UBFC_PHYS_s01_T3_test,0,4022,134.06666666666666,-0.28569879583601027,0.2127173310991808
UBFC_PHYS_s01_T3_test,0,4023,134.1,-0.3344884756023374,-0.08343115939837539
UBFC_PHYS_s01_T3_test,0,4024,134.13333333333333,-0.4023266602723271,-0.3185070832368783
UBFC_PHYS_s01_T3_test,0,4025,134.16666666666666,-0.4519598227319808,-0.49175158823378085
UBFC_PHYS_s01_T3_test,0,4026,134.2,-0.45053125465275984,-0.6108148125921308
UBFC_PHYS_s01_T3_test,0,4027,134.23333333333332,-0.3742753611530131,-0.6902448132172719
UBFC_PHYS_s01_T3_test,0,4028,134.26666666666668,-0.2089448481126031,-0.7435926849179476
UBFC_PHYS_s01_T3_test,0,4029,134.3,0.039498061920656344,-0.7824112518359108
UBFC_PHYS_s01_T3_test,0,4030,134.33333333333334,0.3333876111174753,-0.8123991994171373
UBFC_PHYS_s01_T3_test,0,4031,134.36666666666667,0.6128976334094748,-0.8329323397450256
UBFC_PHYS_s01_T3_test,0,4032,134.4,0.8214391870794634,-0.8404789657071607
UBFC_PHYS_s01_T3_test,0,4033,134.43333333333334,0.923768904300401,-0.8285477639234367
UBFC_PHYS_s01_T3_test,0,4034,134.46666666666667,0.9070446661882265,-0.7842704847214502
UBFC_PHYS_s01_T3_test,0,4035,134.5,0.7722199302414908,-0.6888713177957815
UBFC_PHYS_s01_T3_test,0,4036,134.53333333333333,0.5303991157950942,-0.524262606105003
UBFC_PHYS_s01_T3_test,0,4037,134.56666666666666,0.21442105054910113,-0.2742784600536561
UBFC_PHYS_s01_T3_test,0,4038,134.6,-0.10563641782533449,0.04820693868121714
UBFC_PHYS_s01_T3_test,0,4039,134.63333333333333,-0.33543209309638883,0.39982176567570304
UBFC_PHYS_s01_T3_test,0,4040,134.66666666666666,-0.4093220016492153,0.7363446185757023
UBFC_PHYS_s01_T3_test,0,4041,134.7,-0.33807646516300255,1.0114229481936419
UBFC_PHYS_s01_T3_test,0,4042,134.73333333333332,-0.19638801533105513,1.1959252973887504
UBFC_PHYS_s01_T3_test,0,4043,134.76666666666668,-0.06484258014199247,1.2767837611365422
UBFC_PHYS_s01_T3_test,0,4044,134.8,0.010839055877015474,1.2510955679267939
UBFC_PHYS_s01_T3_test,0,4045,134.83333333333334,0.02234979711749514,1.125618639609171
UBFC_PHYS_s01_T3_test,0,4046,134.86666666666667,-0.011806762419578978,0.9178444073967895
UBFC_PHYS_s01_T3_test,0,4047,134.9,-0.058949956003530715,0.6564039343170183
UBFC_PHYS_s01_T3_test,0,4048,134.93333333333334,-0.08771151999361175,0.3703674011622621
UBFC_PHYS_s01_T3_test,0,4049,134.96666666666667,-0.07537517223322146,0.09030824426594865
UBFC_PHYS_s01_T3_test,0,4050,135.0,-0.0067392003640586624,-0.16129922991597304
UBFC_PHYS_s01_T3_test,0,4051,135.03333333333333,0.12110622524463242,-0.36868143577896495
UBFC_PHYS_s01_T3_test,0,4052,135.06666666666666,0.29198208621278765,-0.5264042347437718
UBFC_PHYS_s01_T3_test,0,4053,135.1,0.47718695867723626,-0.6380026472440155
UBFC_PHYS_s01_T3_test,0,4054,135.13333333333333,0.648297817997575,-0.7144872519730804
UBFC_PHYS_s01_T3_test,0,4055,135.16666666666666,0.7792769940521427,-0.7731943561744798
UBFC_PHYS_s01_T3_test,0,4056,135.2,0.8407096414268701,-0.8238974158408222
UBFC_PHYS_s01_T3_test,0,4057,135.23333333333332,0.799516040436141,-0.8680877830173821
UBFC_PHYS_s01_T3_test,0,4058,135.26666666666668,0.629092537974146,-0.900195953170029
UBFC_PHYS_s01_T3_test,0,4059,135.3,0.32731619666352807,-0.9074392000229483
UBFC_PHYS_s01_T3_test,0,4060,135.33333333333334,-0.06915031579671231,-0.8786164231878817
UBFC_PHYS_s01_T3_test,0,4061,135.36666666666667,-0.4905529544027703,-0.804404372609852
UBFC_PHYS_s01_T3_test,0,4062,135.4,-0.8575896543293496,-0.6709832936954245
UBFC_PHYS_s01_T3_test,0,4063,135.43333333333334,-1.1047284226548246,-0.4610101142606999
UBFC_PHYS_s01_T3_test,0,4064,135.46666666666667,-1.1957667101079814,-0.1749252357403806
UBFC_PHYS_s01_T3_test,0,4065,135.5,-1.1323356389371158,0.16750221045463906
UBFC_PHYS_s01_T3_test,0,4066,135.53333333333333,-0.9498150478704795,0.5296882649697208
UBFC_PHYS_s01_T3_test,0,4067,135.56666666666666,-0.6993846490575183,0.8567813512572081
UBFC_PHYS_s01_T3_test,0,4068,135.6,-0.42868621911196214,1.1225833408452046
UBFC_PHYS_s01_T3_test,0,4069,135.63333333333333,-0.17250072524685534,1.327918770451674
UBFC_PHYS_s01_T3_test,0,4070,135.66666666666666,0.04855527264827951,1.4510718817761368
UBFC_PHYS_s01_T3_test,0,4071,135.7,0.22678940679893894,1.4469195623137645
UBFC_PHYS_s01_T3_test,0,4072,135.73333333333332,0.3626728814609538,1.3078007580848747
UBFC_PHYS_s01_T3_test,0,4073,135.76666666666668,0.45714044515916946,1.0637709377012137
UBFC_PHYS_s01_T3_test,0,4074,135.8,0.5083503670636376,0.7516829362407079
UBFC_PHYS_s01_T3_test,0,4075,135.83333333333334,0.5144102228172442,0.41590273796333815
UBFC_PHYS_s01_T3_test,0,4076,135.86666666666667,0.47456099425188036,0.09205443391882212
UBFC_PHYS_s01_T3_test,0,4077,135.9,0.38798499908905637,-0.19155213710283528
UBFC_PHYS_s01_T3_test,0,4078,135.93333333333334,0.25646346079813054,-0.42175340825878604
UBFC_PHYS_s01_T3_test,0,4079,135.96666666666667,0.08953600480532681,-0.5988220267430416
UBFC_PHYS_s01_T3_test,0,4080,136.0,-0.09542658251977351,-0.7300011630734825
UBFC_PHYS_s01_T3_test,0,4081,136.03333333333333,-0.27862812191407266,-0.8279723962193724
UBFC_PHYS_s01_T3_test,0,4082,136.06666666666666,-0.4407160619060438,-0.9023818600341278
UBFC_PHYS_s01_T3_test,0,4083,136.1,-0.5599864162097027,-0.9588191108526679
UBFC_PHYS_s01_T3_test,0,4084,136.13333333333333,-0.6121195112040232,-1.001163605656133
UBFC_PHYS_s01_T3_test,0,4085,136.16666666666666,-0.5794775161577673,-1.0310489453383496
UBFC_PHYS_s01_T3_test,0,4086,136.2,-0.4636491760113832,-1.0398689933294767
UBFC_PHYS_s01_T3_test,0,4087,136.23333333333332,-0.288309535805049,-1.0088175738114058
UBFC_PHYS_s01_T3_test,0,4088,136.26666666666668,-0.0882048140329962,-0.9183392716460771
UBFC_PHYS_s01_T3_test,0,4089,136.3,0.1061649358803306,-0.7489454939341671
UBFC_PHYS_s01_T3_test,0,4090,136.33333333333334,0.2753482440502987,-0.49356080980281847
UBFC_PHYS_s01_T3_test,0,4091,136.36666666666667,0.40821947597369185,-0.15898886110262636
UBFC_PHYS_s01_T3_test,0,4092,136.4,0.4996584442114847,0.22833131355703112
UBFC_PHYS_s01_T3_test,0,4093,136.43333333333334,0.5522875273896455,0.6206332809718027
UBFC_PHYS_s01_T3_test,0,4094,136.46666666666667,0.575452268527874,0.9730482676704736
UBFC_PHYS_s01_T3_test,0,4095,136.5,0.5791244477496149,1.242034357414173
UBFC_PHYS_s01_T3_test,0,4096,136.53333333333333,0.5686424520157369,1.4100007399285315
UBFC_PHYS_s01_T3_test,0,4097,136.56666666666666,0.5432631716435232,1.4838498526446977
UBFC_PHYS_s01_T3_test,0,4098,136.6,0.4977081875828151,1.4554498800744686
UBFC_PHYS_s01_T3_test,0,4099,136.63333333333333,0.42618119051542985,1.301325728458828
UBFC_PHYS_s01_T3_test,0,4100,136.66666666666666,0.3250591718939494,1.032338053340931
UBFC_PHYS_s01_T3_test,0,4101,136.7,0.1912990746946739,0.6944864476864867
UBFC_PHYS_s01_T3_test,0,4102,136.73333333333332,0.022709317612174686,0.3404046166089046
UBFC_PHYS_s01_T3_test,0,4103,136.76666666666668,-0.17399822275645005,0.03029950380957655
UBFC_PHYS_s01_T3_test,0,4104,136.8,-0.3749136585062866,-0.21444042716328215
UBFC_PHYS_s01_T3_test,0,4105,136.83333333333334,-0.542361058528768,-0.4095896948668497
UBFC_PHYS_s01_T3_test,0,4106,136.86666666666667,-0.6404208095691406,-0.5652672496280382
UBFC_PHYS_s01_T3_test,0,4107,136.9,-0.6522421720010836,-0.6841926460084652
UBFC_PHYS_s01_T3_test,0,4108,136.93333333333334,-0.5869452762975191,-0.7741793143048267
UBFC_PHYS_s01_T3_test,0,4109,136.96666666666667,-0.4709511436379738,-0.8470102159492611
UBFC_PHYS_s01_T3_test,0,4110,137.0,-0.3325457833268858,-0.9099660028994818
UBFC_PHYS_s01_T3_test,0,4111,137.03333333333333,-0.19259028630962102,-0.9650626698321136
UBFC_PHYS_s01_T3_test,0,4112,137.06666666666666,-0.06355093213892633,-1.0050749265881147
UBFC_PHYS_s01_T3_test,0,4113,137.1,0.04830704826368179,-1.0133410850874878
UBFC_PHYS_s01_T3_test,0,4114,137.13333333333333,0.1407173728906902,-0.9738593034322737
UBFC_PHYS_s01_T3_test,0,4115,137.16666666666666,0.2132711975571124,-0.8717044563592995
UBFC_PHYS_s01_T3_test,0,4116,137.2,0.26526741283737715,-0.6957466809970725
UBFC_PHYS_s01_T3_test,0,4117,137.23333333333332,0.2954443232721823,-0.43973910381726417
UBFC_PHYS_s01_T3_test,0,4118,137.26666666666668,0.30378016142937836,-0.11360144827792582
UBFC_PHYS_s01_T3_test,0,4119,137.3,0.29118941070230764,0.2549841285238555
UBFC_PHYS_s01_T3_test,0,4120,137.33333333333334,0.2560952000017994,0.6283281718761671
UBFC_PHYS_s01_T3_test,0,4121,137.36666666666667,0.19349150619610556,0.9571300010921737
UBFC_PHYS_s01_T3_test,0,4122,137.4,0.09979657976744863,1.2092298691307652
UBFC_PHYS_s01_T3_test,0,4123,137.43333333333334,-0.0212327778715104,1.3681405422594883
UBFC_PHYS_s01_T3_test,0,4124,137.46666666666667,-0.15865550775333986,1.4217196146999875
UBFC_PHYS_s01_T3_test,0,4125,137.5,-0.29938284975786955,1.3613605914541294
UBFC_PHYS_s01_T3_test,0,4126,137.53333333333333,-0.4291290650460478,1.194371544691915
UBFC_PHYS_s01_T3_test,0,4127,137.56666666666666,-0.5283509335940298,0.9442006750830519
UBFC_PHYS_s01_T3_test,0,4128,137.6,-0.5723648881332686,0.6403858691687776
UBFC_PHYS_s01_T3_test,0,4129,137.63333333333333,-0.5399518281054709,0.3195230214474734
UBFC_PHYS_s01_T3_test,0,4130,137.66666666666666,-0.42618474104537435,0.013813896269375313
UBFC_PHYS_s01_T3_test,0,4131,137.7,-0.25027460377123373,-0.247518386185469
UBFC_PHYS_s01_T3_test,0,4132,137.73333333333332,-0.048797719805245096,-0.4526488072185045
UBFC_PHYS_s01_T3_test,0,4133,137.76666666666668,0.14215193287777217,-0.6055664968344346
UBFC_PHYS_s01_T3_test,0,4134,137.8,0.29917655529967424,-0.7117522399413736
UBFC_PHYS_s01_T3_test,0,4135,137.83333333333334,0.41164427575030066,-0.7768756079007779
UBFC_PHYS_s01_T3_test,0,4136,137.86666666666667,0.47842196933141834,-0.812339530916027
UBFC_PHYS_s01_T3_test,0,4137,137.9,0.5059268513650703,-0.8344486801170082
UBFC_PHYS_s01_T3_test,0,4138,137.93333333333334,0.5047495377973186,-0.8522667982064631
UBFC_PHYS_s01_T3_test,0,4139,137.96666666666667,0.48517556590847144,-0.8671807259892865
UBFC_PHYS_s01_T3_test,0,4140,138.0,0.45420202999894643,-0.8685744411468312
UBFC_PHYS_s01_T3_test,0,4141,138.03333333333333,0.41431122521611713,-0.8340349407239681
UBFC_PHYS_s01_T3_test,0,4142,138.06666666666666,0.3635268879517561,-0.7435543784410741
UBFC_PHYS_s01_T3_test,0,4143,138.1,0.2976608493519054,-0.5803830745545024
UBFC_PHYS_s01_T3_test,0,4144,138.13333333333333,0.21456979740304646,-0.3393565580360426
UBFC_PHYS_s01_T3_test,0,4145,138.16666666666666,0.11638437633428293,-0.028259527375424275
UBFC_PHYS_s01_T3_test,0,4146,138.2,0.0071771229521719535,0.3270354208316447
UBFC_PHYS_s01_T3_test,0,4147,138.23333333333332,-0.10966987693362865,0.6810295330542022
UBFC_PHYS_s01_T3_test,0,4148,138.26666666666668,-0.23093593065873683,0.9851766403713995
UBFC_PHYS_s01_T3_test,0,4149,138.3,-0.3528080356730697,1.186691745601573
UBFC_PHYS_s01_T3_test,0,4150,138.33333333333334,-0.4711315236140192,1.2646699698444492
UBFC_PHYS_s01_T3_test,0,4151,138.36666666666667,-0.5796703505544201,1.2292008452669816
UBFC_PHYS_s01_T3_test,0,4152,138.4,-0.6667689453658624,1.0850881458239903
UBFC_PHYS_s01_T3_test,0,4153,138.43333333333334,-0.7141276461581636,0.8319363122506985
UBFC_PHYS_s01_T3_test,0,4154,138.46666666666667,-0.6999717560222254,0.49425516083903626
UBFC_PHYS_s01_T3_test,0,4155,138.5,-0.6079670623982261,0.12255400431286587
UBFC_PHYS_s01_T3_test,0,4156,138.53333333333333,-0.4402998882943605,-0.23859555177909927
UBFC_PHYS_s01_T3_test,0,4157,138.56666666666666,-0.2240428967965503,-0.5491815053047039
UBFC_PHYS_s01_T3_test,0,4158,138.6,-0.00031196218153044936,-0.7820074889117001
UBFC_PHYS_s01_T3_test,0,4159,138.63333333333333,0.19515730616806004,-0.9212452166550009
UBFC_PHYS_s01_T3_test,0,4160,138.66666666666666,0.34290893985403464,-0.9618639906701459
UBFC_PHYS_s01_T3_test,0,4161,138.7,0.4399794579442091,-0.9087714416945176
UBFC_PHYS_s01_T3_test,0,4162,138.73333333333332,0.4960506032166551,-0.7780491732000103
UBFC_PHYS_s01_T3_test,0,4163,138.76666666666668,0.5255492162514888,-0.5968664743216061
UBFC_PHYS_s01_T3_test,0,4164,138.8,0.5375307145594359,-0.38646843932932484
UBFC_PHYS_s01_T3_test,0,4165,138.83333333333334,0.5327471971524207,-0.16286259724362814
UBFC_PHYS_s01_T3_test,0,4166,138.86666666666667,0.5086610144317614,0.06028998328836192
UBFC_PHYS_s01_T3_test,0,4167,138.9,0.46280220108491504,0.270464212538451
UBFC_PHYS_s01_T3_test,0,4168,138.93333333333334,0.3925311215544961,0.4575629001504147
UBFC_PHYS_s01_T3_test,0,4169,138.96666666666667,0.2971599293408333,0.6127030917197601
UBFC_PHYS_s01_T3_test,0,4170,139.0,0.18106612559838176,0.7270715418538132
UBFC_PHYS_s01_T3_test,0,4171,139.03333333333333,0.05193441972453892,0.7910767019285148
UBFC_PHYS_s01_T3_test,0,4172,139.06666666666666,-0.08280191136289279,0.8006316227568984
UBFC_PHYS_s01_T3_test,0,4173,139.1,-0.21591308906938084,0.7568347628058008
UBFC_PHYS_s01_T3_test,0,4174,139.13333333333333,-0.33935614855429774,0.6635026820903206
UBFC_PHYS_s01_T3_test,0,4175,139.16666666666666,-0.44539839829800826,0.5274085043168224
UBFC_PHYS_s01_T3_test,0,4176,139.2,-0.5293870043048822,0.35951035516058666
UBFC_PHYS_s01_T3_test,0,4177,139.23333333333332,-0.5930809293364954,0.17565600462845513
UBFC_PHYS_s01_T3_test,0,4178,139.26666666666668,-0.6427471916861259,-0.01799535495650576
UBFC_PHYS_s01_T3_test,0,4179,139.3,-0.6769663899119298,-0.22378272086494078
UBFC_PHYS_s01_T3_test,0,4180,139.33333333333334,-0.6756705175853234,-0.4340851004102147
UBFC_PHYS_s01_T3_test,0,4181,139.36666666666667,-0.6080340036069743,-0.6300179566598371
UBFC_PHYS_s01_T3_test,0,4182,139.4,-0.45502292533371946,-0.7902876445306333
UBFC_PHYS_s01_T3_test,0,4183,139.43333333333334,-0.2249612360418778,-0.8903615792981214
UBFC_PHYS_s01_T3_test,0,4184,139.46666666666667,0.04877870232400225,-0.9230397890745525
UBFC_PHYS_s01_T3_test,0,4185,139.5,0.3218898454638131,-0.8979209317191554
UBFC_PHYS_s01_T3_test,0,4186,139.53333333333333,0.5563652811955042,-0.8272576743082584
UBFC_PHYS_s01_T3_test,0,4187,139.56666666666666,0.7327106947549603,-0.7257771341144674
UBFC_PHYS_s01_T3_test,0,4188,139.6,0.8488569791952887,-0.5980333207959797
UBFC_PHYS_s01_T3_test,0,4189,139.63333333333333,0.908477056584627,-0.4390132447693472
UBFC_PHYS_s01_T3_test,0,4190,139.66666666666666,0.9116411449196956,-0.23842538615426026
UBFC_PHYS_s01_T3_test,0,4191,139.7,0.8555582408817793,0.01784240632363103
UBFC_PHYS_s01_T3_test,0,4192,139.73333333333332,0.7420800991057256,0.3328953299885861
UBFC_PHYS_s01_T3_test,0,4193,139.76666666666668,0.5823829831354171,0.6968798821428172
UBFC_PHYS_s01_T3_test,0,4194,139.8,0.3921926862375541,1.0599708345717223
UBFC_PHYS_s01_T3_test,0,4195,139.83333333333334,0.18364587244221886,1.3311769859790012
UBFC_PHYS_s01_T3_test,0,4196,139.86666666666667,-0.03497471758359692,1.45143788066297
UBFC_PHYS_s01_T3_test,0,4197,139.9,-0.25340810767432687,1.3933717389824178
UBFC_PHYS_s01_T3_test,0,4198,139.93333333333334,-0.4568709370199794,1.1841964179978535
UBFC_PHYS_s01_T3_test,0,4199,139.96666666666667,-0.6279596080284218,0.9053656420208889
UBFC_PHYS_s01_T3_test,0,4200,140.0,-0.7505751128005931,0.5921951659798615
UBFC_PHYS_s01_T3_test,0,4201,140.03333333333333,-0.8168439384498429,0.23486035273884545
UBFC_PHYS_s01_T3_test,0,4202,140.06666666666666,-0.8331458788780113,-0.13964852348635445
UBFC_PHYS_s01_T3_test,0,4203,140.1,-0.8162018771483843,-0.4657199026513957
UBFC_PHYS_s01_T3_test,0,4204,140.13333333333333,-0.7789189114057213,-0.7256819335797375
UBFC_PHYS_s01_T3_test,0,4205,140.16666666666666,-0.7178738416721675,-0.9479547305358846
UBFC_PHYS_s01_T3_test,0,4206,140.2,-0.614657488334472,-1.1424142386784706
UBFC_PHYS_s01_T3_test,0,4207,140.23333333333332,-0.4514150684724332,-1.2985077827702798
UBFC_PHYS_s01_T3_test,0,4208,140.26666666666668,-0.2294269853158971,-1.3988801429187863
UBFC_PHYS_s01_T3_test,0,4209,140.3,0.02275825867884997,-1.4187685749549859
UBFC_PHYS_s01_T3_test,0,4210,140.33333333333334,0.2589548267828903,-1.3390768739777452
UBFC_PHYS_s01_T3_test,0,4211,140.36666666666667,0.4367824237437201,-1.146820177160477
UBFC_PHYS_s01_T3_test,0,4212,140.4,0.5350550884999712,-0.8338794235587108
UBFC_PHYS_s01_T3_test,0,4213,140.43333333333334,0.5571866465745039,-0.39867061584443014
UBFC_PHYS_s01_T3_test,0,4214,140.46666666666667,0.5240967216626866,0.11188268444407985
UBFC_PHYS_s01_T3_test,0,4215,140.5,0.4641588306702336,0.6005127125036183
UBFC_PHYS_s01_T3_test,0,4216,140.53333333333333,0.4037466049379738,0.9938437682615289
UBFC_PHYS_s01_T3_test,0,4217,140.56666666666666,0.3602140586241224,1.2409342130596017
UBFC_PHYS_s01_T3_test,0,4218,140.6,0.3390559588548869,1.3602582407044155
UBFC_PHYS_s01_T3_test,0,4219,140.63333333333333,0.3347685741538456,1.437344034751543
UBFC_PHYS_s01_T3_test,0,4220,140.66666666666666,0.3341528701338271,1.4757628409173191
UBFC_PHYS_s01_T3_test,0,4221,140.7,0.32183700167295265,1.396435531214739
UBFC_PHYS_s01_T3_test,0,4222,140.73333333333332,0.2862162677758953,1.1741925305007312
UBFC_PHYS_s01_T3_test,0,4223,140.76666666666668,0.22194746826781056,0.8390544364264441
UBFC_PHYS_s01_T3_test,0,4224,140.8,0.1284698052996505,0.43392076516034006
UBFC_PHYS_s01_T3_test,0,4225,140.83333333333334,0.009157229569262659,0.015746355241797214
UBFC_PHYS_s01_T3_test,0,4226,140.86666666666667,-0.12708966424909074,-0.37412614883270573
UBFC_PHYS_s01_T3_test,0,4227,140.9,-0.2667851466094521,-0.7081328079430832
UBFC_PHYS_s01_T3_test,0,4228,140.93333333333334,-0.39714413953678096,-0.9661498325379422
UBFC_PHYS_s01_T3_test,0,4229,140.96666666666667,-0.5082098942139027,-1.1336437052653767
UBFC_PHYS_s01_T3_test,0,4230,141.0,-0.5870040338731085,-1.1958242933581607
UBFC_PHYS_s01_T3_test,0,4231,141.03333333333333,-0.6118342610281594,-1.1368350614645084
UBFC_PHYS_s01_T3_test,0,4232,141.06666666666666,-0.5583095013828898,-0.9753512998469808
UBFC_PHYS_s01_T3_test,0,4233,141.1,-0.41648168240093186,-0.7644358069478616
UBFC_PHYS_s01_T3_test,0,4234,141.13333333333333,-0.20488264782455345,-0.5317778298090414
UBFC_PHYS_s01_T3_test,0,4235,141.16666666666666,0.032058078409207415,-0.28038629836001344
UBFC_PHYS_s01_T3_test,0,4236,141.2,0.24210187487922075,-0.012370240743436404
UBFC_PHYS_s01_T3_test,0,4237,141.23333333333332,0.3862695999349324,0.2693347225264942
UBFC_PHYS_s01_T3_test,0,4238,141.26666666666668,0.45143573529630887,0.5563067868372434
UBFC_PHYS_s01_T3_test,0,4239,141.3,0.4491561946016214,0.8328749846062481
UBFC_PHYS_s01_T3_test,0,4240,141.33333333333334,0.4037473619442763,1.0620954334279118
UBFC_PHYS_s01_T3_test,0,4241,141.36666666666667,0.33997408855143496,1.184851399835346
UBFC_PHYS_s01_T3_test,0,4242,141.4,0.2773977180333329,1.1694530039853535
UBFC_PHYS_s01_T3_test,0,4243,141.43333333333334,0.22923529803232914,1.0116963675719384
UBFC_PHYS_s01_T3_test,0,4244,141.46666666666667,0.2005172288513188,0.7412143074596643
UBFC_PHYS_s01_T3_test,0,4245,141.5,0.18502979131321445,0.42178742165947425
UBFC_PHYS_s01_T3_test,0,4246,141.53333333333333,0.16690315929290264,0.08671715217084883
UBFC_PHYS_s01_T3_test,0,4247,141.56666666666666,0.12947451222968764,-0.25980551131576807
UBFC_PHYS_s01_T3_test,0,4248,141.6,0.06313752317701403,-0.5901033390677998
UBFC_PHYS_s01_T3_test,0,4249,141.63333333333333,-0.034549682659499655,-0.8512897754685613
UBFC_PHYS_s01_T3_test,0,4250,141.66666666666666,-0.16118236292679558,-1.0285011619314193
UBFC_PHYS_s01_T3_test,0,4251,141.7,-0.30902892519773195,-1.143425491129853
UBFC_PHYS_s01_T3_test,0,4252,141.73333333333332,-0.4653663290993971,-1.1975595806560384
UBFC_PHYS_s01_T3_test,0,4253,141.76666666666668,-0.6156409676310675,-1.1713302694189562
UBFC_PHYS_s01_T3_test,0,4254,141.8,-0.7440208442846692,-1.051238379981458
UBFC_PHYS_s01_T3_test,0,4255,141.83333333333334,-0.829144888420986,-0.8304415883299113
UBFC_PHYS_s01_T3_test,0,4256,141.86666666666667,-0.8423868530585676,-0.5202131990460171
UBFC_PHYS_s01_T3_test,0,4257,141.9,-0.7563228489118736,-0.1512215729495006
UBFC_PHYS_s01_T3_test,0,4258,141.93333333333334,-0.5616170765086297,0.22774675214465098
UBFC_PHYS_s01_T3_test,0,4259,141.96666666666667,-0.28015617552610017,0.5485167516852596
UBFC_PHYS_s01_T3_test,0,4260,142.0,0.03881070343340686,0.7846910246639622
UBFC_PHYS_s01_T3_test,0,4261,142.03333333333333,0.3384362297634716,0.9500791107803028
UBFC_PHYS_s01_T3_test,0,4262,142.06666666666666,0.5738441694649465,1.0668185844467617
UBFC_PHYS_s01_T3_test,0,4263,142.1,0.72168646927952,1.163527544903526
UBFC_PHYS_s01_T3_test,0,4264,142.13333333333333,0.7833020182133896,1.2298227768569472
UBFC_PHYS_s01_T3_test,0,4265,142.16666666666666,0.7808040986428062,1.2159157176353665
UBFC_PHYS_s01_T3_test,0,4266,142.2,0.7425459855198622,1.091847696764687
UBFC_PHYS_s01_T3_test,0,4267,142.23333333333332,0.6876596415275795,0.848458955849987
UBFC_PHYS_s01_T3_test,0,4268,142.26666666666668,0.6221693864080118,0.50772490361262
UBFC_PHYS_s01_T3_test,0,4269,142.3,0.5445830256550328,0.12388667703295836
UBFC_PHYS_s01_T3_test,0,4270,142.33333333333334,0.45204816607810494,-0.2631735819131621
UBFC_PHYS_s01_T3_test,0,4271,142.36666666666667,0.34392806137247234,-0.6263057825666576
UBFC_PHYS_s01_T3_test,0,4272,142.4,0.223364658591786,-0.944035640937217
UBFC_PHYS_s01_T3_test,0,4273,142.43333333333334,0.09611499522013367,-1.1985597119489395
UBFC_PHYS_s01_T3_test,0,4274,142.46666666666667,-0.03372909467284389,-1.3720586894847264
UBFC_PHYS_s01_T3_test,0,4275,142.5,-0.16675508335645556,-1.4453786893683502
UBFC_PHYS_s01_T3_test,0,4276,142.53333333333333,-0.3050764756325113,-1.4121575607319572
UBFC_PHYS_s01_T3_test,0,4277,142.56666666666666,-0.44716292656705847,-1.278494113575197
UBFC_PHYS_s01_T3_test,0,4278,142.6,-0.5876123653821731,-1.0504450664178648
UBFC_PHYS_s01_T3_test,0,4279,142.63333333333333,-0.7185176167072456,-0.7348403422678869
UBFC_PHYS_s01_T3_test,0,4280,142.66666666666666,-0.8254139260099427,-0.35762907715223785
UBFC_PHYS_s01_T3_test,0,4281,142.7,-0.8813450403963803,0.0345583124699281
UBFC_PHYS_s01_T3_test,0,4282,142.73333333333332,-0.851696224026523,0.4141216143798409
UBFC_PHYS_s01_T3_test,0,4283,142.76666666666668,-0.7153249524053154,0.7704205540308809
UBFC_PHYS_s01_T3_test,0,4284,142.8,-0.4858002416961299,1.1018443491832455
UBFC_PHYS_s01_T3_test,0,4285,142.83333333333334,-0.20949812237020404,1.413254182208342
UBFC_PHYS_s01_T3_test,0,4286,142.86666666666667,0.05742156613847497,1.6414857517542225
UBFC_PHYS_s01_T3_test,0,4287,142.9,0.27094340368780995,1.6549010838983316
UBFC_PHYS_s01_T3_test,0,4288,142.93333333333334,0.40926265323518907,1.43645591204801
UBFC_PHYS_s01_T3_test,0,4289,142.96666666666667,0.47422020362654216,1.0840786875856516
UBFC_PHYS_s01_T3_test,0,4290,143.0,0.48633669695076553,0.6790194826169186
UBFC_PHYS_s01_T3_test,0,4291,143.03333333333333,0.4736928487942948,0.28603960292665304
UBFC_PHYS_s01_T3_test,0,4292,143.06666666666666,0.45774004139257685,-0.07096479231513364
UBFC_PHYS_s01_T3_test,0,4293,143.1,0.44285883103682544,-0.40681337342068735
UBFC_PHYS_s01_T3_test,0,4294,143.13333333333333,0.41653719081246554,-0.7116742618641537
UBFC_PHYS_s01_T3_test,0,4295,143.16666666666666,0.35936430043834405,-0.9489109316208739
UBFC_PHYS_s01_T3_test,0,4296,143.2,0.2567480628811247,-1.0966480117630624
UBFC_PHYS_s01_T3_test,0,4297,143.23333333333332,0.10678818561995758,-1.1466734479888487
UBFC_PHYS_s01_T3_test,0,4298,143.26666666666668,-0.07707702077114924,-1.0997912650554975
UBFC_PHYS_s01_T3_test,0,4299,143.3,-0.27089250463849895,-0.9654214325071887
UBFC_PHYS_s01_T3_test,0,4300,143.33333333333334,-0.4508148249497604,-0.7667432610480769
UBFC_PHYS_s01_T3_test,0,4301,143.36666666666667,-0.5983812071981093,-0.5409857105748664
UBFC_PHYS_s01_T3_test,0,4302,143.4,-0.6935578728242153,-0.3126889535811332
UBFC_PHYS_s01_T3_test,0,4303,143.43333333333334,-0.7086675477563402,-0.0946238973291986
UBFC_PHYS_s01_T3_test,0,4304,143.46666666666667,-0.620089398569293,0.10594491523799272
UBFC_PHYS_s01_T3_test,0,4305,143.5,-0.42860419256604587,0.2858876067645605
UBFC_PHYS_s01_T3_test,0,4306,143.53333333333333,-0.16297726680875954,0.436847351955446
UBFC_PHYS_s01_T3_test,0,4307,143.56666666666666,0.1355728978615651,0.5441699750421599
UBFC_PHYS_s01_T3_test,0,4308,143.6,0.4271596777555594,0.60032396046672
UBFC_PHYS_s01_T3_test,0,4309,143.63333333333333,0.6771582247217126,0.6043300348344054
UBFC_PHYS_s01_T3_test,0,4310,143.66666666666666,0.8584028167908552,0.5586645564461503
UBFC_PHYS_s01_T3_test,0,4311,143.7,0.9538802901615268,0.4691500821146028
UBFC_PHYS_s01_T3_test,0,4312,143.73333333333332,0.9576222485089854,0.3656883414296367
UBFC_PHYS_s01_T3_test,0,4313,143.76666666666668,0.8752454487469119,0.30204334180602654
UBFC_PHYS_s01_T3_test,0,4314,143.8,0.7234017499730389,0.28232817632605156
UBFC_PHYS_s01_T3_test,0,4315,143.83333333333334,0.5261776593435465,0.2613592399100364
UBFC_PHYS_s01_T3_test,0,4316,143.86666666666667,0.3105120418590584,0.21406687833742502
UBFC_PHYS_s01_T3_test,0,4317,143.9,0.09985807857391361,0.13639673024906918
UBFC_PHYS_s01_T3_test,0,4318,143.93333333333334,-0.09360175738229395,0.046161397076494644
UBFC_PHYS_s01_T3_test,0,4319,143.96666666666667,-0.2644655835696311,-0.01687824780521468
UBFC_PHYS_s01_T3_test,0,4320,144.0,-0.394935440760718,-0.050033896058682456
UBFC_PHYS_s01_T3_test,0,4321,144.03333333333333,-0.4542772186404541,-0.08727291604552208
UBFC_PHYS_s01_T3_test,0,4322,144.06666666666666,-0.4342328012360745,-0.14150828249469377
UBFC_PHYS_s01_T3_test,0,4323,144.1,-0.37754037917891264,-0.2039172471480316
UBFC_PHYS_s01_T3_test,0,4324,144.13333333333333,-0.3573615615007799,-0.26547017127183836
UBFC_PHYS_s01_T3_test,0,4325,144.16666666666666,-0.4226684048931919,-0.3167058909372204
UBFC_PHYS_s01_T3_test,0,4326,144.2,-0.5559825815939065,-0.36062225875303544
UBFC_PHYS_s01_T3_test,0,4327,144.23333333333332,-0.6817205858941848,-0.41219409596233914
UBFC_PHYS_s01_T3_test,0,4328,144.26666666666668,-0.723319069453021,-0.4707192895366624
UBFC_PHYS_s01_T3_test,0,4329,144.3,-0.6559276446644133,-0.5194526974016891
UBFC_PHYS_s01_T3_test,0,4330,144.33333333333334,-0.5079226138529961,-0.5382410690716349
UBFC_PHYS_s01_T3_test,0,4331,144.36666666666667,-0.3264846669651153,-0.5037502878047959
UBFC_PHYS_s01_T3_test,0,4332,144.4,-0.14788681177895358,-0.4022470991926298
UBFC_PHYS_s01_T3_test,0,4333,144.43333333333334,0.012000211431011772,-0.23024901802986986
UBFC_PHYS_s01_T3_test,0,4334,144.46666666666667,0.15162579637380902,-0.004138628891137312
UBFC_PHYS_s01_T3_test,0,4335,144.5,0.2725332474646419,0.2390609231117618
UBFC_PHYS_s01_T3_test,0,4336,144.53333333333333,0.3730682856533725,0.453089587887808
UBFC_PHYS_s01_T3_test,0,4337,144.56666666666666,0.44816573704334006,0.5820221801858739
UBFC_PHYS_s01_T3_test,0,4338,144.6,0.49073749222376417,0.6206469455515633
UBFC_PHYS_s01_T3_test,0,4339,144.63333333333333,0.4933030006573637,0.6136750406851407
UBFC_PHYS_s01_T3_test,0,4340,144.66666666666666,0.45015259725575135,0.5905235566220186
UBFC_PHYS_s01_T3_test,0,4341,144.7,0.359893872701753,0.5645064039911771
UBFC_PHYS_s01_T3_test,0,4342,144.73333333333332,0.22786337618853786,0.5319716288884686
UBFC_PHYS_s01_T3_test,0,4343,144.76666666666668,0.06564317106334541,0.472588211098791
UBFC_PHYS_s01_T3_test,0,4344,144.8,-0.11246726935472132,0.37681520346639497
UBFC_PHYS_s01_T3_test,0,4345,144.83333333333334,-0.28985881690965376,0.2466028638539514
UBFC_PHYS_s01_T3_test,0,4346,144.86666666666667,-0.442895489267128,0.08459558208924853
UBFC_PHYS_s01_T3_test,0,4347,144.9,-0.5391069519268797,-0.10500873338620163
UBFC_PHYS_s01_T3_test,0,4348,144.93333333333334,-0.545846495662518,-0.3140206063507537
UBFC_PHYS_s01_T3_test,0,4349,144.96666666666667,-0.4469665326046751,-0.5291375058137522
UBFC_PHYS_s01_T3_test,0,4350,145.0,-0.2556083583572647,-0.7302269606869524
UBFC_PHYS_s01_T3_test,0,4351,145.03333333333333,-0.011014005032863892,-0.8893758003076745
UBFC_PHYS_s01_T3_test,0,4352,145.06666666666666,0.23917676839990842,-0.9904996674985839
UBFC_PHYS_s01_T3_test,0,4353,145.1,0.4559620889930656,-1.028690545942738
UBFC_PHYS_s01_T3_test,0,4354,145.13333333333333,0.6153742821240801,-1.000038245986654
UBFC_PHYS_s01_T3_test,0,4355,145.16666666666666,0.7082741248555894,-0.9015092719330179
UBFC_PHYS_s01_T3_test,0,4356,145.2,0.7383378082884099,-0.7238665476181216
UBFC_PHYS_s01_T3_test,0,4357,145.23333333333332,0.7168337180761507,-0.45269423541646925
UBFC_PHYS_s01_T3_test,0,4358,145.26666666666668,0.6550057620891494,-0.10578029706899629
UBFC_PHYS_s01_T3_test,0,4359,145.3,0.5590600639562011,0.26539381419648234
UBFC_PHYS_s01_T3_test,0,4360,145.33333333333334,0.4296508246295024,0.6165327259352527
UBFC_PHYS_s01_T3_test,0,4361,145.36666666666667,0.26473979931300007,0.9090874350613661
UBFC_PHYS_s01_T3_test,0,4362,145.4,0.06479778117961733,1.118984200961087
UBFC_PHYS_s01_T3_test,0,4363,145.43333333333334,-0.16341985124933697,1.2351784377259307
UBFC_PHYS_s01_T3_test,0,4364,145.46666666666667,-0.40722917597167363,1.261529941624294
UBFC_PHYS_s01_T3_test,0,4365,145.5,-0.6483179216929675,1.2158367264546746
UBFC_PHYS_s01_T3_test,0,4366,145.53333333333333,-0.8615057759431288,1.1062227472151827
UBFC_PHYS_s01_T3_test,0,4367,145.56666666666666,-1.0186349480766634,0.9312341202630263
UBFC_PHYS_s01_T3_test,0,4368,145.6,-1.0983501845369859,0.6911924958002398
UBFC_PHYS_s01_T3_test,0,4369,145.63333333333333,-1.092358725001428,0.38946689938330037
UBFC_PHYS_s01_T3_test,0,4370,145.66666666666666,-1.0028495891634637,0.06508278875517681
UBFC_PHYS_s01_T3_test,0,4371,145.7,-0.8355694067695006,-0.2061942861370854
UBFC_PHYS_s01_T3_test,0,4372,145.73333333333332,-0.596994741953462,-0.39139571712162097
UBFC_PHYS_s01_T3_test,0,4373,145.76666666666668,-0.30024989784517153,-0.499300375692469
UBFC_PHYS_s01_T3_test,0,4374,145.8,0.026964735088044676,-0.560096095905124
UBFC_PHYS_s01_T3_test,0,4375,145.83333333333334,0.345068721661289,-0.6236827236024545
UBFC_PHYS_s01_T3_test,0,4376,145.86666666666667,0.6165496929917543,-0.7112046071204328
UBFC_PHYS_s01_T3_test,0,4377,145.9,0.8175519501616575,-0.8139434292862432
UBFC_PHYS_s01_T3_test,0,4378,145.93333333333334,0.9385556345030024,-0.9168754354477168
UBFC_PHYS_s01_T3_test,0,4379,145.96666666666667,0.9807136785541528,-0.998345419895334
UBFC_PHYS_s01_T3_test,0,4380,146.0,0.9551215490136394,-1.0348064202374556
UBFC_PHYS_s01_T3_test,0,4381,146.03333333333333,0.8810229641717353,-1.0009156003926578
UBFC_PHYS_s01_T3_test,0,4382,146.06666666666666,0.7791660518701753,-0.8827727408665074
UBFC_PHYS_s01_T3_test,0,4383,146.1,0.6659260590888472,-0.6785884290607472
UBFC_PHYS_s01_T3_test,0,4384,146.13333333333333,0.5514364307532219,-0.4038422831113644
UBFC_PHYS_s01_T3_test,0,4385,146.16666666666666,0.4384386897371331,-0.0923438030582634
UBFC_PHYS_s01_T3_test,0,4386,146.2,0.32290938060040236,0.21125921625902028
UBFC_PHYS_s01_T3_test,0,4387,146.23333333333332,0.1991593801661309,0.45048068472552155
UBFC_PHYS_s01_T3_test,0,4388,146.26666666666668,0.06428771100482449,0.6259326871852493
UBFC_PHYS_s01_T3_test,0,4389,146.3,-0.08264492305462887,0.7935394603700482
UBFC_PHYS_s01_T3_test,0,4390,146.33333333333334,-0.24149111063607565,0.9616845709560626
UBFC_PHYS_s01_T3_test,0,4391,146.36666666666667,-0.4081781792100845,1.0897245465051444
UBFC_PHYS_s01_T3_test,0,4392,146.4,-0.5738597161620623,1.1401233221383953
UBFC_PHYS_s01_T3_test,0,4393,146.43333333333334,-0.7288626059312371,1.078590827399416
UBFC_PHYS_s01_T3_test,0,4394,146.46666666666667,-0.8653357899517221,0.9109718042084859
UBFC_PHYS_s01_T3_test,0,4395,146.5,-0.9738424897269564,0.6835158757367633
UBFC_PHYS_s01_T3_test,0,4396,146.53333333333333,-1.0368711315229209,0.4352434830662322
UBFC_PHYS_s01_T3_test,0,4397,146.56666666666666,-1.0281609875348534,0.1984717508787085
UBFC_PHYS_s01_T3_test,0,4398,146.6,-0.9258270489832132,-0.010441556060928801
UBFC_PHYS_s01_T3_test,0,4399,146.63333333333333,-0.7322937797223912,-0.18983410167108486
UBFC_PHYS_s01_T3_test,0,4400,146.66666666666666,-0.4798662976598631,-0.3343836009735185
UBFC_PHYS_s01_T3_test,0,4401,146.7,-0.21390522404750023,-0.43392563783810334
UBFC_PHYS_s01_T3_test,0,4402,146.73333333333332,0.0284769930755307,-0.4879752708381282
UBFC_PHYS_s01_T3_test,0,4403,146.76666666666668,0.22648192942514606,-0.5049742579304193
UBFC_PHYS_s01_T3_test,0,4404,146.8,0.37378511710118917,-0.4984263266768726
UBFC_PHYS_s01_T3_test,0,4405,146.83333333333334,0.4753156545118137,-0.48633700483299197
UBFC_PHYS_s01_T3_test,0,4406,146.86666666666667,0.542398702879124,-0.4820306645657029
UBFC_PHYS_s01_T3_test,0,4407,146.9,0.5871909742231098,-0.4938138769232306
UBFC_PHYS_s01_T3_test,0,4408,146.93333333333334,0.6208231892750097,-0.5134508623402051
UBFC_PHYS_s01_T3_test,0,4409,146.96666666666667,0.653308070328529,-0.5162901292856542
UBFC_PHYS_s01_T3_test,0,4410,147.0,0.6905805457700247,-0.47716689319828437
UBFC_PHYS_s01_T3_test,0,4411,147.03333333333333,0.730296664797373,-0.3710952336111466
UBFC_PHYS_s01_T3_test,0,4412,147.06666666666666,0.7598411260595745,-0.20214930296876105
UBFC_PHYS_s01_T3_test,0,4413,147.1,0.7578624494813805,-0.004105252611343518
UBFC_PHYS_s01_T3_test,0,4414,147.13333333333333,0.7022094647994759,0.1931712324899823
UBFC_PHYS_s01_T3_test,0,4415,147.16666666666666,0.5828869156804082,0.3631591348756541
UBFC_PHYS_s01_T3_test,0,4416,147.2,0.40762124785431675,0.4885192509406121
UBFC_PHYS_s01_T3_test,0,4417,147.23333333333332,0.19242133681957868,0.5603653129365669
UBFC_PHYS_s01_T3_test,0,4418,147.26666666666668,-0.05022926529405283,0.566693843798193
UBFC_PHYS_s01_T3_test,0,4419,147.3,-0.31123912107743124,0.4922058146871366
UBFC_PHYS_s01_T3_test,0,4420,147.33333333333334,-0.5787527912512267,0.3570767721973298
UBFC_PHYS_s01_T3_test,0,4421,147.36666666666667,-0.8367119195867398,0.21690406919982327
UBFC_PHYS_s01_T3_test,0,4422,147.4,-1.0643695501962995,0.09882036004208258
UBFC_PHYS_s01_T3_test,0,4423,147.43333333333334,-1.2321001734856407,0.001716393637191207
UBFC_PHYS_s01_T3_test,0,4424,147.46666666666667,-1.3021990091212123,-0.07375566609751087
UBFC_PHYS_s01_T3_test,0,4425,147.5,-1.2435320137538393,-0.12450026628173551
UBFC_PHYS_s01_T3_test,0,4426,147.53333333333333,-1.051955272726036,-0.14874233191281572
UBFC_PHYS_s01_T3_test,0,4427,147.56666666666666,-0.7566955246735838,-0.14570640773436072
UBFC_PHYS_s01_T3_test,0,4428,147.6,-0.40567723404201905,-0.12498314444298492
UBFC_PHYS_s01_T3_test,0,4429,147.63333333333333,-0.045275553333640514,-0.10626486830349613
UBFC_PHYS_s01_T3_test,0,4430,147.66666666666666,0.28990175190628137,-0.0958693918788056
UBFC_PHYS_s01_T3_test,0,4431,147.7,0.5782453328825276,-0.08668239949184052
UBFC_PHYS_s01_T3_test,0,4432,147.73333333333332,0.810806086887271,-0.0779753571576795
UBFC_PHYS_s01_T3_test,0,4433,147.76666666666668,0.9900670121461262,-0.0754838878028954
UBFC_PHYS_s01_T3_test,0,4434,147.8,1.1245203547266407,-0.07271938229130195
UBFC_PHYS_s01_T3_test,0,4435,147.83333333333334,1.220284041218522,-0.05116714608984751
UBFC_PHYS_s01_T3_test,0,4436,147.86666666666667,1.274366930439136,-0.00652692315332472
UBFC_PHYS_s01_T3_test,0,4437,147.9,1.2728553689429998,0.0510135798363109
UBFC_PHYS_s01_T3_test,0,4438,147.93333333333334,1.1950016183457357,0.10735732037160889
UBFC_PHYS_s01_T3_test,0,4439,147.96666666666667,1.021421877089118,0.14449484774675084
UBFC_PHYS_s01_T3_test,0,4440,148.0,0.7438287786086482,0.15578097283660575
UBFC_PHYS_s01_T3_test,0,4441,148.03333333333333,0.3741124227437929,0.145861649885556
UBFC_PHYS_s01_T3_test,0,4442,148.06666666666666,-0.05377462865891579,0.11346838594013184
UBFC_PHYS_s01_T3_test,0,4443,148.1,-0.4940756305592583,0.05152565833208185
UBFC_PHYS_s01_T3_test,0,4444,148.13333333333333,-0.9032472857470246,-0.03630885471578812
UBFC_PHYS_s01_T3_test,0,4445,148.16666666666666,-1.246866638563239,-0.13530826731793155
UBFC_PHYS_s01_T3_test,0,4446,148.2,-1.500671381804256,-0.23340850149872044
UBFC_PHYS_s01_T3_test,0,4447,148.23333333333332,-1.651084001429398,-0.32085184992627475
UBFC_PHYS_s01_T3_test,0,4448,148.26666666666668,-1.694269359149002,-0.38581011174501995
UBFC_PHYS_s01_T3_test,0,4449,148.3,-1.6312728752663428,-0.4141074250645655
UBFC_PHYS_s01_T3_test,0,4450,148.33333333333334,-1.4620551235183905,-0.39354057061766734
UBFC_PHYS_s01_T3_test,0,4451,148.36666666666667,-1.1850144098515767,-0.3140391038755893
UBFC_PHYS_s01_T3_test,0,4452,148.4,-0.8059578595489905,-0.17340693520300848
UBFC_PHYS_s01_T3_test,0,4453,148.43333333333334,-0.3504407929462547,0.0220325479116618
UBFC_PHYS_s01_T3_test,0,4454,148.46666666666667,0.1344170653209642,0.24903975150771795
UBFC_PHYS_s01_T3_test,0,4455,148.5,0.5939132567971023,0.4667178091579004
UBFC_PHYS_s01_T3_test,0,4456,148.53333333333333,0.9835993231605953,0.6292561641875069
UBFC_PHYS_s01_T3_test,0,4457,148.56666666666666,1.275927915798184,0.6856855521844133
UBFC_PHYS_s01_T3_test,0,4458,148.6,1.4556688160247147,0.6339522483189812
UBFC_PHYS_s01_T3_test,0,4459,148.63333333333333,1.51648482557323,0.5205754251773942
UBFC_PHYS_s01_T3_test,0,4460,148.66666666666666,1.4640631186352842,0.3744874932729242
UBFC_PHYS_s01_T3_test,0,4461,148.7,1.3179234132228388,0.2070237910518917
UBFC_PHYS_s01_T3_test,0,4462,148.73333333333332,1.1060266017320697,0.03969749293142993
UBFC_PHYS_s01_T3_test,0,4463,148.76666666666668,0.857314447243301,-0.09520239813280118
UBFC_PHYS_s01_T3_test,0,4464,148.8,0.5966498692982961,-0.1872673061033833
UBFC_PHYS_s01_T3_test,0,4465,148.83333333333334,0.3402569475939848,-0.24728052335156053
UBFC_PHYS_s01_T3_test,0,4466,148.86666666666667,0.09462924813698428,-0.2898875590508251
UBFC_PHYS_s01_T3_test,0,4467,148.9,-0.13594201402338468,-0.33272242384848016
UBFC_PHYS_s01_T3_test,0,4468,148.93333333333334,-0.3410101867985815,-0.3778536647439519
UBFC_PHYS_s01_T3_test,0,4469,148.96666666666667,-0.5069515037327518,-0.411399915568898
UBFC_PHYS_s01_T3_test,0,4470,149.0,-0.6275508509130204,-0.4218072157937078
UBFC_PHYS_s01_T3_test,0,4471,149.03333333333333,-0.7089130431507247,-0.3999300962027067
UBFC_PHYS_s01_T3_test,0,4472,149.06666666666666,-0.7647788951126056,-0.34333503879770216
UBFC_PHYS_s01_T3_test,0,4473,149.1,-0.8080503658389497,-0.2565234258664735
UBFC_PHYS_s01_T3_test,0,4474,149.13333333333333,-0.8452341075893108,-0.13863926943353455
UBFC_PHYS_s01_T3_test,0,4475,149.16666666666666,-0.8763825463291799,0.015881377573688595
UBFC_PHYS_s01_T3_test,0,4476,149.2,-0.8960825096451441,0.1915905241650378
UBFC_PHYS_s01_T3_test,0,4477,149.23333333333332,-0.8898545633296838,0.3513588902683482
UBFC_PHYS_s01_T3_test,0,4478,149.26666666666668,-0.8307671232520565,0.4656987569077444
UBFC_PHYS_s01_T3_test,0,4479,149.3,-0.688541623717994,0.5124596305053902
UBFC_PHYS_s01_T3_test,0,4480,149.33333333333334,-0.4515326800567564,0.4870120655975396
UBFC_PHYS_s01_T3_test,0,4481,149.36666666666667,-0.14255160274102238,0.4020372446877808
UBFC_PHYS_s01_T3_test,0,4482,149.4,0.18877790930431984,0.2774030823185327
UBFC_PHYS_s01_T3_test,0,4483,149.43333333333334,0.49004488477549973,0.14019324693257046
UBFC_PHYS_s01_T3_test,0,4484,149.46666666666667,0.7246378630464586,0.01599984133237703
UBFC_PHYS_s01_T3_test,0,4485,149.5,0.8756328293276705,-0.07083750468753766
UBFC_PHYS_s01_T3_test,0,4486,149.53333333333333,0.9427397500671301,-0.11151140461644318
UBFC_PHYS_s01_T3_test,0,4487,149.56666666666666,0.9392496655811501,-0.11238621510447996
UBFC_PHYS_s01_T3_test,0,4488,149.6,0.887666808298701,-0.08578059731479
UBFC_PHYS_s01_T3_test,0,4489,149.63333333333333,0.811223477110245,-0.04961831867602782
UBFC_PHYS_s01_T3_test,0,4490,149.66666666666666,0.7232558788533463,-0.032159708477348725
UBFC_PHYS_s01_T3_test,0,4491,149.7,0.6226378356163328,-0.0714656194252447
UBFC_PHYS_s01_T3_test,0,4492,149.73333333333332,0.5008214337575428,-0.16822037642807572
UBFC_PHYS_s01_T3_test,0,4493,149.76666666666668,0.35379373587777746,-0.28545920383645573
UBFC_PHYS_s01_T3_test,0,4494,149.8,0.18756006782522666,-0.40323157799514037
UBFC_PHYS_s01_T3_test,0,4495,149.83333333333334,0.01468531943491222,-0.5183764358002838
UBFC_PHYS_s01_T3_test,0,4496,149.86666666666667,-0.15226008386224016,-0.6119710327754125
UBFC_PHYS_s01_T3_test,0,4497,149.9,-0.3052457253358049,-0.6491038207755966
UBFC_PHYS_s01_T3_test,0,4498,149.93333333333334,-0.44165501124501727,-0.6187063782818438
UBFC_PHYS_s01_T3_test,0,4499,149.96666666666667,-0.5614466206018658,-0.5336698644631359
UBFC_PHYS_s01_T3_test,0,4500,150.0,-0.6633466919193027,-0.40453305429376574
UBFC_PHYS_s01_T3_test,0,4501,150.03333333333333,-0.744656608443661,-0.2398588448374577
UBFC_PHYS_s01_T3_test,0,4502,150.06666666666666,-0.8031770941206844,-0.07343848538646591
UBFC_PHYS_s01_T3_test,0,4503,150.1,-0.8348586935302914,0.03543006553936649
UBFC_PHYS_s01_T3_test,0,4504,150.13333333333333,-0.8288039799412513,0.09270130215427229
UBFC_PHYS_s01_T3_test,0,4505,150.16666666666666,-0.7677991631820249,0.16856560301936147
UBFC_PHYS_s01_T3_test,0,4506,150.2,-0.6365330816076294,0.3256237211580516
UBFC_PHYS_s01_T3_test,0,4507,150.23333333333332,-0.4329540933627271,0.6164908900522952
UBFC_PHYS_s01_T3_test,0,4508,150.26666666666668,-0.1753839996283459,0.9852611591411937
UBFC_PHYS_s01_T3_test,0,4509,150.3,0.10156548444699995,1.2670094450815415
UBFC_PHYS_s01_T3_test,0,4510,150.33333333333334,0.35955005598216294,1.3767923982908503
UBFC_PHYS_s01_T3_test,0,4511,150.36666666666667,0.5670450519575186,1.3100826926751825
UBFC_PHYS_s01_T3_test,0,4512,150.4,0.7048807254606027,1.106189241103405
UBFC_PHYS_s01_T3_test,0,4513,150.43333333333334,0.7697450534678387,0.847640958008463
UBFC_PHYS_s01_T3_test,0,4514,150.46666666666667,0.7730982747774668,0.5692310985011879
UBFC_PHYS_s01_T3_test,0,4515,150.5,0.733296628317372,0.2589349285960079
UBFC_PHYS_s01_T3_test,0,4516,150.53333333333333,0.6670268004815145,-0.06108252429837516
UBFC_PHYS_s01_T3_test,0,4517,150.56666666666666,0.5854152053045277,-0.3327922573030365
UBFC_PHYS_s01_T3_test,0,4518,150.6,0.4933773368191936,-0.5340968755051914
UBFC_PHYS_s01_T3_test,0,4519,150.63333333333333,0.3911743716670271,-0.6774194645195785
UBFC_PHYS_s01_T3_test,0,4520,150.66666666666666,0.2782895257891989,-0.7771516691770306
UBFC_PHYS_s01_T3_test,0,4521,150.7,0.15590643762218737,-0.8481114354526214
UBFC_PHYS_s01_T3_test,0,4522,150.73333333333332,0.025221606149518926,-0.8888949557993802
UBFC_PHYS_s01_T3_test,0,4523,150.76666666666668,-0.11440276949691362,-0.881318325265539
UBFC_PHYS_s01_T3_test,0,4524,150.8,-0.26281302800893863,-0.8186227302152498
UBFC_PHYS_s01_T3_test,0,4525,150.83333333333334,-0.4156376782343322,-0.7056507113973183
UBFC_PHYS_s01_T3_test,0,4526,150.86666666666667,-0.5661159000501488,-0.5449392019893076
UBFC_PHYS_s01_T3_test,0,4527,150.9,-0.7070008874845123,-0.33740412362273725
UBFC_PHYS_s01_T3_test,0,4528,150.93333333333334,-0.8234750202457195,-0.1129910437701419
UBFC_PHYS_s01_T3_test,0,4529,150.96666666666667,-0.8852436114767408,0.06873158960618829
UBFC_PHYS_s01_T3_test,0,4530,151.0,-0.8559919369246791,0.19272540354369047
UBFC_PHYS_s01_T3_test,0,4531,151.03333333333333,-0.7187611111271444,0.2876266899313871
UBFC_PHYS_s01_T3_test,0,4532,151.06666666666666,-0.49260278761085663,0.3634123965947206
UBFC_PHYS_s01_T3_test,0,4533,151.1,-0.22356776886576044,0.41043288529278016
UBFC_PHYS_s01_T3_test,0,4534,151.13333333333333,0.03959117735163742,0.4213493824089113
UBFC_PHYS_s01_T3_test,0,4535,151.16666666666666,0.26414585973542953,0.3909997887059713
UBFC_PHYS_s01_T3_test,0,4536,151.2,0.4371832092965039,0.33080223534730396
UBFC_PHYS_s01_T3_test,0,4537,151.23333333333332,0.5594142037186318,0.2686294522842598
UBFC_PHYS_s01_T3_test,0,4538,151.26666666666668,0.6373823353562379,0.2135021958703905
UBFC_PHYS_s01_T3_test,0,4539,151.3,0.6774144817236039,0.15575699455750897
UBFC_PHYS_s01_T3_test,0,4540,151.33333333333334,0.682434249619476,0.09393197073007147
UBFC_PHYS_s01_T3_test,0,4541,151.36666666666667,0.6527225073805556,0.035201277994933534
UBFC_PHYS_s01_T3_test,0,4542,151.4,0.5885845574902215,-0.027697261669023938
UBFC_PHYS_s01_T3_test,0,4543,151.43333333333334,0.49179938040199866,-0.11585829235203834
UBFC_PHYS_s01_T3_test,0,4544,151.46666666666667,0.36573192345295735,-0.2264017587829955
UBFC_PHYS_s01_T3_test,0,4545,151.5,0.21520283464641554,-0.3319568590192727
UBFC_PHYS_s01_T3_test,0,4546,151.53333333333333,0.046591765986621805,-0.41077783818751024
UBFC_PHYS_s01_T3_test,0,4547,151.56666666666666,-0.1318972607140573,-0.4466548685890004
UBFC_PHYS_s01_T3_test,0,4548,151.6,-0.3103728614060463,-0.42979062379963484
UBFC_PHYS_s01_T3_test,0,4549,151.63333333333333,-0.4772622111825606,-0.3568748830039016
UBFC_PHYS_s01_T3_test,0,4550,151.66666666666666,-0.6187839463728145,-0.2500034267930634
UBFC_PHYS_s01_T3_test,0,4551,151.7,-0.7193579160775274,-0.15662128297661923
UBFC_PHYS_s01_T3_test,0,4552,151.73333333333332,-0.7624005987336944,-0.10510324160712474
UBFC_PHYS_s01_T3_test,0,4553,151.76666666666668,-0.7310278585264394,-0.10466846435458582
UBFC_PHYS_s01_T3_test,0,4554,151.8,-0.6144176509091283,-0.1328003768911768
UBFC_PHYS_s01_T3_test,0,4555,151.83333333333334,-0.4202548280372304,-0.1359631349406314
UBFC_PHYS_s01_T3_test,0,4556,151.86666666666667,-0.17901021653144006,-0.07625198713743815
UBFC_PHYS_s01_T3_test,0,4557,151.9,0.06849949041341946,0.06747609554991996
UBFC_PHYS_s01_T3_test,0,4558,151.93333333333334,0.28801723439817767,0.2762799691242044
UBFC_PHYS_s01_T3_test,0,4559,151.96666666666667,0.4586523278576194,0.4905978247971317
UBFC_PHYS_s01_T3_test,0,4560,152.0,0.5715742723226016,0.6448701528961995
UBFC_PHYS_s01_T3_test,0,4561,152.03333333333333,0.6290454922560883,0.6678545806791694
UBFC_PHYS_s01_T3_test,0,4562,152.06666666666666,0.6425866523208863,0.5643112831003798
UBFC_PHYS_s01_T3_test,0,4563,152.1,0.6266365959252784,0.4146809574257598
UBFC_PHYS_s01_T3_test,0,4564,152.13333333333333,0.5919073753657842,0.283986251377747
UBFC_PHYS_s01_T3_test,0,4565,152.16666666666666,0.5420741467323327,0.22103062273807927
UBFC_PHYS_s01_T3_test,0,4566,152.2,0.4734008729707059,0.22317365725643284
UBFC_PHYS_s01_T3_test,0,4567,152.23333333333332,0.3788299025032863,0.23687830134492177
UBFC_PHYS_s01_T3_test,0,4568,152.26666666666668,0.2547935762456527,0.22387958850347817
UBFC_PHYS_s01_T3_test,0,4569,152.3,0.10313523523020954,0.16222686626739574
UBFC_PHYS_s01_T3_test,0,4570,152.33333333333334,-0.07232114514504812,0.05247552164625301
UBFC_PHYS_s01_T3_test,0,4571,152.36666666666667,-0.2666536521166989,-0.08183512863402763
UBFC_PHYS_s01_T3_test,0,4572,152.4,-0.4712498940024711,-0.21120753801801562
UBFC_PHYS_s01_T3_test,0,4573,152.43333333333334,-0.6732288969508393,-0.300011941671384
UBFC_PHYS_s01_T3_test,0,4574,152.46666666666667,-0.8566202261041957,-0.33494543758471373
UBFC_PHYS_s01_T3_test,0,4575,152.5,-1.001209972368987,-0.3247131092844817
UBFC_PHYS_s01_T3_test,0,4576,152.53333333333333,-1.0798707706721848,-0.2855560133464443
UBFC_PHYS_s01_T3_test,0,4577,152.56666666666666,-1.0616247697294632,-0.24079078311463026
UBFC_PHYS_s01_T3_test,0,4578,152.6,-0.9260448192867923,-0.20537834110875042
UBFC_PHYS_s01_T3_test,0,4579,152.63333333333333,-0.6803232191650158,-0.1857512394458769
UBFC_PHYS_s01_T3_test,0,4580,152.66666666666666,-0.36088688207279684,-0.17461679401288327
UBFC_PHYS_s01_T3_test,0,4581,152.7,-0.016380430023175768,-0.1512509829966052
UBFC_PHYS_s01_T3_test,0,4582,152.73333333333332,0.3107267686362284,-0.10490095768379103
UBFC_PHYS_s01_T3_test,0,4583,152.76666666666668,0.5902788996278787,-0.035211866468298096
UBFC_PHYS_s01_T3_test,0,4584,152.8,0.8020090043077542,0.05398786740315264
UBFC_PHYS_s01_T3_test,0,4585,152.83333333333334,0.9335195869156994,0.1543414824804983
UBFC_PHYS_s01_T3_test,0,4586,152.86666666666667,0.9817135657448277,0.2469788966902851
UBFC_PHYS_s01_T3_test,0,4587,152.9,0.9552504359772526,0.3023792639133392
UBFC_PHYS_s01_T3_test,0,4588,152.93333333333334,0.8729945981084957,0.31271547574377917
UBFC_PHYS_s01_T3_test,0,4589,152.96666666666667,0.7559311365765174,0.29171485221548127
UBFC_PHYS_s01_T3_test,0,4590,153.0,0.6181199364809928,0.25194525440779186
UBFC_PHYS_s01_T3_test,0,4591,153.03333333333333,0.46464724784872286,0.20462925884580602
UBFC_PHYS_s01_T3_test,0,4592,153.06666666666666,0.2957281479004541,0.1526566139441838
UBFC_PHYS_s01_T3_test,0,4593,153.1,0.11112140890565982,0.09085776073419898
UBFC_PHYS_s01_T3_test,0,4594,153.13333333333333,-0.08613993796594818,0.02015505049505142
UBFC_PHYS_s01_T3_test,0,4595,153.16666666666666,-0.28709957272411785,-0.0520140058518348
UBFC_PHYS_s01_T3_test,0,4596,153.2,-0.47867636399497177,-0.12634904626541973
UBFC_PHYS_s01_T3_test,0,4597,153.23333333333332,-0.6484938647702745,-0.2111568177464639
UBFC_PHYS_s01_T3_test,0,4598,153.26666666666668,-0.7870841240805129,-0.31206017779805545
UBFC_PHYS_s01_T3_test,0,4599,153.3,-0.8867175476909966,-0.43125359868235785
UBFC_PHYS_s01_T3_test,0,4600,153.33333333333334,-0.9387663442229233,-0.5623166455591289
UBFC_PHYS_s01_T3_test,0,4601,153.36666666666667,-0.9298329614849083,-0.6895909458269194
UBFC_PHYS_s01_T3_test,0,4602,153.4,-0.8423936272727522,-0.7930868257503088
UBFC_PHYS_s01_T3_test,0,4603,153.43333333333334,-0.6668025945514671,-0.8482153913571976
UBFC_PHYS_s01_T3_test,0,4604,153.46666666666667,-0.4153581196231203,-0.8477107007492366
UBFC_PHYS_s01_T3_test,0,4605,153.5,-0.12183973984076267,-0.8015328067447315
UBFC_PHYS_s01_T3_test,0,4606,153.53333333333333,0.1719956236524972,-0.6971486419683051
UBFC_PHYS_s01_T3_test,0,4607,153.56666666666666,0.4291974944796494,-0.5003282394509289
UBFC_PHYS_s01_T3_test,0,4608,153.6,0.625085196234771,-0.22984838227018206
UBFC_PHYS_s01_T3_test,0,4609,153.63333333333333,0.7509075720838544,0.04152668982480909
UBFC_PHYS_s01_T3_test,0,4610,153.66666666666666,0.8122815463344906,0.27922468438090636
UBFC_PHYS_s01_T3_test,0,4611,153.7,0.8225263883322305,0.4858095517731196
UBFC_PHYS_s01_T3_test,0,4612,153.73333333333332,0.7949400923104064,0.6920163742686691
UBFC_PHYS_s01_T3_test,0,4613,153.76666666666668,0.7381646403095967,0.9542952765643746
UBFC_PHYS_s01_T3_test,0,4614,153.8,0.6557334172241667,1.2502442249908274
UBFC_PHYS_s01_T3_test,0,4615,153.83333333333334,0.548408462151031,1.477313098699324
UBFC_PHYS_s01_T3_test,0,4616,153.86666666666667,0.41831486900720316,1.5721566758112449
UBFC_PHYS_s01_T3_test,0,4617,153.9,0.2722048386980828,1.510807235147617
UBFC_PHYS_s01_T3_test,0,4618,153.93333333333334,0.11910420649189456,1.313643594565489
UBFC_PHYS_s01_T3_test,0,4619,153.96666666666667,-0.035567838337673824,1.0452581097926
UBFC_PHYS_s01_T3_test,0,4620,154.0,-0.19121670636046123,0.7374735432721811
UBFC_PHYS_s01_T3_test,0,4621,154.03333333333333,-0.3482146247786982,0.3904004961916703
UBFC_PHYS_s01_T3_test,0,4622,154.06666666666666,-0.5052345377029143,0.02865110061427202
UBFC_PHYS_s01_T3_test,0,4623,154.1,-0.6579464085918969,-0.29680400359273773
UBFC_PHYS_s01_T3_test,0,4624,154.13333333333333,-0.7967433427086771,-0.5588480938144826
UBFC_PHYS_s01_T3_test,0,4625,154.16666666666666,-0.9058344043640403,-0.7525730639409096
UBFC_PHYS_s01_T3_test,0,4626,154.2,-0.9636246091089593,-0.8779793766545816
UBFC_PHYS_s01_T3_test,0,4627,154.23333333333332,-0.9440630515385957,-0.9384921979072963
UBFC_PHYS_s01_T3_test,0,4628,154.26666666666668,-0.8265915560532464,-0.9429320522604424
UBFC_PHYS_s01_T3_test,0,4629,154.3,-0.6137143632582808,-0.9047431204302052
UBFC_PHYS_s01_T3_test,0,4630,154.33333333333334,-0.3370773896860294,-0.8398267405102284
UBFC_PHYS_s01_T3_test,0,4631,154.36666666666667,-0.043601065079619035,-0.7662946332964731
UBFC_PHYS_s01_T3_test,0,4632,154.4,0.2231093505780426,-0.7041593655608998
UBFC_PHYS_s01_T3_test,0,4633,154.43333333333334,0.4331178472372478,-0.6752498184055163
UBFC_PHYS_s01_T3_test,0,4634,154.46666666666667,0.5736973072020992,-0.6725660174460084
UBFC_PHYS_s01_T3_test,0,4635,154.5,0.6488713070923247,-0.6606816760235177
UBFC_PHYS_s01_T3_test,0,4636,154.53333333333333,0.6742773163220119,-0.6102166629696452
UBFC_PHYS_s01_T3_test,0,4637,154.56666666666666,0.6690260538975725,-0.49878770463273775
UBFC_PHYS_s01_T3_test,0,4638,154.6,0.6487582386000456,-0.31730454579300116
UBFC_PHYS_s01_T3_test,0,4639,154.63333333333333,0.6221770076320057,-0.07106785037278601
UBFC_PHYS_s01_T3_test,0,4640,154.66666666666666,0.5908306096812209,0.2147468288587013
UBFC_PHYS_s01_T3_test,0,4641,154.7,0.550642472358752,0.4940034776834385
UBFC_PHYS_s01_T3_test,0,4642,154.73333333333332,0.49365620946915073,0.7396320847744364
UBFC_PHYS_s01_T3_test,0,4643,154.76666666666668,0.4107055583691731,0.9423627978653087
UBFC_PHYS_s01_T3_test,0,4644,154.8,0.2951447308978447,1.0820018319191562
UBFC_PHYS_s01_T3_test,0,4645,154.83333333333334,0.14514117556802716,1.1265274327345287
UBFC_PHYS_s01_T3_test,0,4646,154.86666666666667,-0.035080570247048026,1.0726271448230893
UBFC_PHYS_s01_T3_test,0,4647,154.9,-0.23374950729363278,0.9454598029569201
UBFC_PHYS_s01_T3_test,0,4648,154.93333333333334,-0.4333481354635134,0.768328428106044
UBFC_PHYS_s01_T3_test,0,4649,154.96666666666667,-0.6163736430986898,0.5629276956524434
UBFC_PHYS_s01_T3_test,0,4650,155.0,-0.7686627775700677,0.348231996534066
UBFC_PHYS_s01_T3_test,0,4651,155.03333333333333,-0.8771753662118263,0.1414489671572113
UBFC_PHYS_s01_T3_test,0,4652,155.06666666666666,-0.9263226470297382,-0.04657867736630721
UBFC_PHYS_s01_T3_test,0,4653,155.1,-0.8983239397114025,-0.21015967486897186
UBFC_PHYS_s01_T3_test,0,4654,155.13333333333333,-0.7810198607861897,-0.3449114672270386
UBFC_PHYS_s01_T3_test,0,4655,155.16666666666666,-0.579942055489396,-0.4466618990272311
UBFC_PHYS_s01_T3_test,0,4656,155.2,-0.32297438372749293,-0.5151143827783609
UBFC_PHYS_s01_T3_test,0,4657,155.23333333333332,-0.05064773261236525,-0.5530748598056393
UBFC_PHYS_s01_T3_test,0,4658,155.26666666666668,0.1989796532757966,-0.5673528462402597
UBFC_PHYS_s01_T3_test,0,4659,155.3,0.39887660672519776,-0.5682480581352651
UBFC_PHYS_s01_T3_test,0,4660,155.33333333333334,0.5353061616702157,-0.5549245641287319
UBFC_PHYS_s01_T3_test,0,4661,155.36666666666667,0.608320553063548,-0.5153958927986363
UBFC_PHYS_s01_T3_test,0,4662,155.4,0.6287584504899607,-0.4432070499194844
UBFC_PHYS_s01_T3_test,0,4663,155.43333333333334,0.6110540088677017,-0.3378865149632852
UBFC_PHYS_s01_T3_test,0,4664,155.46666666666667,0.5675152170000961,-0.2020445307429473
UBFC_PHYS_s01_T3_test,0,4665,155.5,0.5076208975040172,-0.04205083268995796
UBFC_PHYS_s01_T3_test,0,4666,155.53333333333333,0.4387085404664204,0.1289952301814014
UBFC_PHYS_s01_T3_test,0,4667,155.56666666666666,0.3648135568601015,0.2904838269666268
UBFC_PHYS_s01_T3_test,0,4668,155.6,0.28636169941327216,0.4174337839751228
UBFC_PHYS_s01_T3_test,0,4669,155.63333333333333,0.20222330173914504,0.480032610911893
UBFC_PHYS_s01_T3_test,0,4670,155.66666666666666,0.11052543790053415,0.4646032725787822
UBFC_PHYS_s01_T3_test,0,4671,155.7,0.008040587268703485,0.373519197928558
UBFC_PHYS_s01_T3_test,0,4672,155.73333333333332,-0.10714618633761025,0.22019867638420204
UBFC_PHYS_s01_T3_test,0,4673,155.76666666666668,-0.2308549357169843,0.02933437600498702
UBFC_PHYS_s01_T3_test,0,4674,155.8,-0.3529022055738867,-0.17755144667239595
UBFC_PHYS_s01_T3_test,0,4675,155.83333333333334,-0.46243332821846794,-0.3814013046724907
UBFC_PHYS_s01_T3_test,0,4676,155.86666666666667,-0.55136111429428,-0.5603344722467931
UBFC_PHYS_s01_T3_test,0,4677,155.9,-0.6120634676285545,-0.6888637955987155
UBFC_PHYS_s01_T3_test,0,4678,155.93333333333334,-0.6328062135923864,-0.749723511408718
UBFC_PHYS_s01_T3_test,0,4679,155.96666666666667,-0.5982089680146341,-0.7334971992281064
UBFC_PHYS_s01_T3_test,0,4680,156.0,-0.4985942242290416,-0.6331130011964025
UBFC_PHYS_s01_T3_test,0,4681,156.03333333333333,-0.3412201974312333,-0.44421695529176963
UBFC_PHYS_s01_T3_test,0,4682,156.06666666666666,-0.15148027121270213,-0.1852116949432602
UBFC_PHYS_s01_T3_test,0,4683,156.1,0.03735200436021523,0.10186999380832629
UBFC_PHYS_s01_T3_test,0,4684,156.13333333333333,0.19655969289787767,0.3883784409086867
UBFC_PHYS_s01_T3_test,0,4685,156.16666666666666,0.3101955129070031,0.6577753376376502
UBFC_PHYS_s01_T3_test,0,4686,156.2,0.37788191435057755,0.9014539693040815
UBFC_PHYS_s01_T3_test,0,4687,156.23333333333332,0.4110426517610043,1.1170346060807703
UBFC_PHYS_s01_T3_test,0,4688,156.26666666666668,0.4238859162379589,1.2772322443833837
UBFC_PHYS_s01_T3_test,0,4689,156.3,0.4257068499231609,1.329099802331826
UBFC_PHYS_s01_T3_test,0,4690,156.33333333333334,0.41918892133497215,1.2526131238872553
UBFC_PHYS_s01_T3_test,0,4691,156.36666666666667,0.40224036169279465,1.0609049224418754
UBFC_PHYS_s01_T3_test,0,4692,156.4,0.3708478956605997,0.7870009095502692
UBFC_PHYS_s01_T3_test,0,4693,156.43333333333334,0.3231074855425893,0.4842955548345247
UBFC_PHYS_s01_T3_test,0,4694,156.46666666666667,0.26123391209851843,0.1857852810006021
UBFC_PHYS_s01_T3_test,0,4695,156.5,0.18864472577797764,-0.09464181732437295
UBFC_PHYS_s01_T3_test,0,4696,156.53333333333333,0.10656977649291004,-0.3497584390815899
UBFC_PHYS_s01_T3_test,0,4697,156.56666666666666,0.015335572926477452,-0.5771186972453328
UBFC_PHYS_s01_T3_test,0,4698,156.6,-0.08221263050579927,-0.781699211284506
UBFC_PHYS_s01_T3_test,0,4699,156.63333333333333,-0.1808435139234163,-0.9740541981143893
UBFC_PHYS_s01_T3_test,0,4700,156.66666666666666,-0.2766447892782227,-1.147384414258778
UBFC_PHYS_s01_T3_test,0,4701,156.7,-0.36804194899868664,-1.2763001064815949
UBFC_PHYS_s01_T3_test,0,4702,156.73333333333332,-0.45029870357700646,-1.3425761938051304
UBFC_PHYS_s01_T3_test,0,4703,156.76666666666668,-0.5096988473347674,-1.334725447424643
UBFC_PHYS_s01_T3_test,0,4704,156.8,-0.5274515859489077,-1.2395713635142014
UBFC_PHYS_s01_T3_test,0,4705,156.83333333333334,-0.49275236220856067,-1.0426860066021908
UBFC_PHYS_s01_T3_test,0,4706,156.86666666666667,-0.41167217945083967,-0.7493885727041334
UBFC_PHYS_s01_T3_test,0,4707,156.9,-0.3018284481567038,-0.3860328603636575
UBFC_PHYS_s01_T3_test,0,4708,156.93333333333334,-0.17965743449912502,0.006335406287493135
UBFC_PHYS_s01_T3_test,0,4709,156.96666666666667,-0.05457593806392407,0.370506871653721
UBFC_PHYS_s01_T3_test,0,4710,157.0,0.06813066778816812,0.6741980492944359
UBFC_PHYS_s01_T3_test,0,4711,157.03333333333333,0.18539393572286156,0.9083114702453791
UBFC_PHYS_s01_T3_test,0,4712,157.06666666666666,0.2970767323539511,1.0802681068800313
UBFC_PHYS_s01_T3_test,0,4713,157.1,0.40211370974281097,1.212057465183663
UBFC_PHYS_s01_T3_test,0,4714,157.13333333333333,0.4922194829588384,1.2875816579706398
UBFC_PHYS_s01_T3_test,0,4715,157.16666666666666,0.5531512219370522,1.252127964114701
UBFC_PHYS_s01_T3_test,0,4716,157.2,0.5731941022728319,1.0945062469150488
UBFC_PHYS_s01_T3_test,0,4717,157.23333333333332,0.5481368869352782,0.8475960481784702
UBFC_PHYS_s01_T3_test,0,4718,157.26666666666668,0.4785478545136618,0.5463688999029475
UBFC_PHYS_s01_T3_test,0,4719,157.3,0.3663073537380713,0.2286390613950862
UBFC_PHYS_s01_T3_test,0,4720,157.33333333333334,0.21566163090969218,-0.07844625024442548
UBFC_PHYS_s01_T3_test,0,4721,157.36666666666667,0.03571034424447513,-0.35690877773450963
UBFC_PHYS_s01_T3_test,0,4722,157.4,-0.15944914549745384,-0.5986477262115646
UBFC_PHYS_s01_T3_test,0,4723,157.43333333333334,-0.35304066664003986,-0.8036666528619876
UBFC_PHYS_s01_T3_test,0,4724,157.46666666666667,-0.5292557964955864,-0.9604407155524115
UBFC_PHYS_s01_T3_test,0,4725,157.5,-0.6740176388833993,-1.0447682373994922
UBFC_PHYS_s01_T3_test,0,4726,157.53333333333333,-0.7694168037102407,-1.050454096063287
UBFC_PHYS_s01_T3_test,0,4727,157.56666666666666,-0.790715914207555,-0.9888780636214237
UBFC_PHYS_s01_T3_test,0,4728,157.6,-0.7170289565792485,-0.8651738639953934
UBFC_PHYS_s01_T3_test,0,4729,157.63333333333333,-0.5474335684183503,-0.6785242829377214
UBFC_PHYS_s01_T3_test,0,4730,157.66666666666666,-0.30559671152535894,-0.434485447225509
UBFC_PHYS_s01_T3_test,0,4731,157.7,-0.03057337318392949,-0.14617154408157565
UBFC_PHYS_s01_T3_test,0,4732,157.73333333333332,0.23644566761279665,0.17446812376282594
UBFC_PHYS_s01_T3_test,0,4733,157.76666666666668,0.46168021788500146,0.5149203606646139
UBFC_PHYS_s01_T3_test,0,4734,157.8,0.62305655221732,0.8573702270915832
UBFC_PHYS_s01_T3_test,0,4735,157.83333333333334,0.7108164057176017,1.1767756603212076
UBFC_PHYS_s01_T3_test,0,4736,157.86666666666667,0.7260617446522268,1.425230255972064
UBFC_PHYS_s01_T3_test,0,4737,157.9,0.6777648566164712,1.5310706972324162
UBFC_PHYS_s01_T3_test,0,4738,157.93333333333334,0.5785028696036227,1.4678833536108764
UBFC_PHYS_s01_T3_test,0,4739,157.96666666666667,0.440419060931029,1.25454177104902
UBFC_PHYS_s01_T3_test,0,4740,158.0,0.2741813754070747,0.9342319366372736
UBFC_PHYS_s01_T3_test,0,4741,158.03333333333333,0.09170841845521904,0.5747896139123915
UBFC_PHYS_s01_T3_test,0,4742,158.06666666666666,-0.09084670613354429,0.21530963563695382
UBFC_PHYS_s01_T3_test,0,4743,158.1,-0.2541785411931087,-0.13234069454792663
UBFC_PHYS_s01_T3_test,0,4744,158.13333333333333,-0.3821376947054618,-0.4590814434477508
UBFC_PHYS_s01_T3_test,0,4745,158.16666666666666,-0.4696874566956764,-0.7563259423008984
UBFC_PHYS_s01_T3_test,0,4746,158.2,-0.5251121260446538,-1.0121669634460915
UBFC_PHYS_s01_T3_test,0,4747,158.23333333333332,-0.5631445395850432,-1.2095375737028906
UBFC_PHYS_s01_T3_test,0,4748,158.26666666666668,-0.5949470404557026,-1.3389552008400551
UBFC_PHYS_s01_T3_test,0,4749,158.3,-0.6216873465741596,-1.397352456068451
UBFC_PHYS_s01_T3_test,0,4750,158.33333333333334,-0.6325190845663429,-1.3869072556579682
UBFC_PHYS_s01_T3_test,0,4751,158.36666666666667,-0.6069993990680789,-1.3145657575054828
UBFC_PHYS_s01_T3_test,0,4752,158.4,-0.5234622443120567,-1.186003422441626
UBFC_PHYS_s01_T3_test,0,4753,158.43333333333334,-0.37126530796185253,-1.006018636018148
UBFC_PHYS_s01_T3_test,0,4754,158.46666666666667,-0.15938715253873928,-0.7762325427251228
UBFC_PHYS_s01_T3_test,0,4755,158.5,0.0852930989075407,-0.49640152760268275
UBFC_PHYS_s01_T3_test,0,4756,158.53333333333333,0.32757393105828647,-0.1753039330440061
UBFC_PHYS_s01_T3_test,0,4757,158.56666666666666,0.5339966432281944,0.16741704704857327
UBFC_PHYS_s01_T3_test,0,4758,158.6,0.681998653229535,0.5057322138072914
UBFC_PHYS_s01_T3_test,0,4759,158.63333333333333,0.7675942875389412,0.8054221287749047
UBFC_PHYS_s01_T3_test,0,4760,158.66666666666666,0.803565906698765,1.056546141077249
UBFC_PHYS_s01_T3_test,0,4761,158.7,0.8054536831273986,1.2714901454155405
UBFC_PHYS_s01_T3_test,0,4762,158.73333333333332,0.7786526527331253,1.434188351686384
UBFC_PHYS_s01_T3_test,0,4763,158.76666666666668,0.7198368210920364,1.4989751187771385
UBFC_PHYS_s01_T3_test,0,4764,158.8,0.6270591017315229,1.437914872825927
UBFC_PHYS_s01_T3_test,0,4765,158.83333333333334,0.5032717583501444,1.241101294207786
UBFC_PHYS_s01_T3_test,0,4766,158.86666666666667,0.35270906687248155,0.9317383069294944
UBFC_PHYS_s01_T3_test,0,4767,158.9,0.1823707777849899,0.5668734010506458
UBFC_PHYS_s01_T3_test,0,4768,158.93333333333334,0.008128532457329363,0.19675934982732596
UBFC_PHYS_s01_T3_test,0,4769,158.96666666666667,-0.1478680011146961,-0.13395687925524036
UBFC_PHYS_s01_T3_test,0,4770,159.0,-0.2687290135167769,-0.3945260433655073
UBFC_PHYS_s01_T3_test,0,4771,159.03333333333333,-0.3494476770123517,-0.5665664910567687
UBFC_PHYS_s01_T3_test,0,4772,159.06666666666666,-0.3936382568541522,-0.6472545264860688
UBFC_PHYS_s01_T3_test,0,4773,159.1,-0.4070166813501713,-0.6481116878049006
UBFC_PHYS_s01_T3_test,0,4774,159.13333333333333,-0.39358008033628433,-0.5907214356483902
UBFC_PHYS_s01_T3_test,0,4775,159.16666666666666,-0.3568145731290177,-0.5060339510578508
UBFC_PHYS_s01_T3_test,0,4776,159.2,-0.30350161263865993,-0.41304527705824645
UBFC_PHYS_s01_T3_test,0,4777,159.23333333333332,-0.2445411378612534,-0.3187911956017092
UBFC_PHYS_s01_T3_test,0,4778,159.26666666666668,-0.1927693357913674,-0.22987162721966348
UBFC_PHYS_s01_T3_test,0,4779,159.3,-0.1621179559066854,-0.15287685371601098
UBFC_PHYS_s01_T3_test,0,4780,159.33333333333334,-0.16775086218314106,-0.09007691513016367
UBFC_PHYS_s01_T3_test,0,4781,159.36666666666667,-0.22388968828662653,-0.03985834824506117
UBFC_PHYS_s01_T3_test,0,4782,159.4,-0.33882341653750236,0.0015849053319908959
UBFC_PHYS_s01_T3_test,0,4783,159.43333333333334,-0.5078499403148549,0.03982109382092324
UBFC_PHYS_s01_T3_test,0,4784,159.46666666666667,-0.7044452366439393,0.07345144333750044
UBFC_PHYS_s01_T3_test,0,4785,159.5,-0.874308307585088,0.09390497259983259
UBFC_PHYS_s01_T3_test,0,4786,159.53333333333333,-0.9449571934264206,0.09453885806278167
UBFC_PHYS_s01_T3_test,0,4787,159.56666666666666,-0.856506834561405,0.0707013805266837
UBFC_PHYS_s01_T3_test,0,4788,159.6,-0.5937209723075593,0.02266459668811941
UBFC_PHYS_s01_T3_test,0,4789,159.63333333333333,-0.19186264129125236,-0.04420473871849728
UBFC_PHYS_s01_T3_test,0,4790,159.66666666666666,0.2838278613220716,-0.1243058100953372
UBFC_PHYS_s01_T3_test,0,4791,159.7,0.7615563171423916,-0.2114880637782601
UBFC_PHYS_s01_T3_test,0,4792,159.73333333333332,1.1749707488152192,-0.29427575185212623
UBFC_PHYS_s01_T3_test,0,4793,159.76666666666668,1.467539473384904,-0.35558570626560726
UBFC_PHYS_s01_T3_test,0,4794,159.8,1.595881573506133,-0.3755754054923407
UBFC_PHYS_s01_T3_test,0,4795,159.83333333333334,1.536011281488381,-0.3317959359966386
UBFC_PHYS_s01_T3_test,0,4796,159.86666666666667,1.2919014677245824,-0.2261102891720294
UBFC_PHYS_s01_T3_test,0,4797,159.9,0.8967128405319227,-0.08498080864572129
UBFC_PHYS_s01_T3_test,0,4798,159.93333333333334,0.4026280403371423,0.07753066505157896
UBFC_PHYS_s01_T3_test,0,4799,159.96666666666667,-0.1293783016895632,0.2591254670403616
UBFC_PHYS_s01_T3_test,0,4800,160.0,-0.6331277538198736,0.42580459386125813
UBFC_PHYS_s01_T3_test,0,4801,160.03333333333333,-1.042382687299243,0.5115155437807606
UBFC_PHYS_s01_T3_test,0,4802,160.06666666666666,-1.3046626395812446,0.4989812351132111
UBFC_PHYS_s01_T3_test,0,4803,160.1,-1.3985048313083626,0.4195552007607111
UBFC_PHYS_s01_T3_test,0,4804,160.13333333333333,-1.340215476931395,0.30485711261935616
UBFC_PHYS_s01_T3_test,0,4805,160.16666666666666,-1.1716249201937634,0.18640799501669664
UBFC_PHYS_s01_T3_test,0,4806,160.2,-0.9387824541923027,0.08126895849100985
UBFC_PHYS_s01_T3_test,0,4807,160.23333333333332,-0.6781500327443027,-0.007618239783166097
UBFC_PHYS_s01_T3_test,0,4808,160.26666666666668,-0.4134148894258492,-0.0780938129464522
UBFC_PHYS_s01_T3_test,0,4809,160.3,-0.15716359906670624,-0.12821603810560817
UBFC_PHYS_s01_T3_test,0,4810,160.33333333333334,0.08519715326498684,-0.16038147997277552
UBFC_PHYS_s01_T3_test,0,4811,160.36666666666667,0.3111382220283975,-0.18090310077307797
UBFC_PHYS_s01_T3_test,0,4812,160.4,0.5188572325182143,-0.18311801574747558
UBFC_PHYS_s01_T3_test,0,4813,160.43333333333334,0.7066367011928266,-0.14743578194459353
UBFC_PHYS_s01_T3_test,0,4814,160.46666666666667,0.8733133132737502,-0.0776035165333518
UBFC_PHYS_s01_T3_test,0,4815,160.5,1.0209523662063051,-0.0008553460941126585
UBFC_PHYS_s01_T3_test,0,4816,160.53333333333333,1.155024114326413,0.06259319746470167
UBFC_PHYS_s01_T3_test,0,4817,160.56666666666666,1.2752139132030376,0.09957678450336058
UBFC_PHYS_s01_T3_test,0,4818,160.6,1.3634577489718887,0.10478397373968934
UBFC_PHYS_s01_T3_test,0,4819,160.63333333333333,1.3855997263234148,0.08064481227950487
UBFC_PHYS_s01_T3_test,0,4820,160.66666666666666,1.307688727851271,0.03442148318221227
UBFC_PHYS_s01_T3_test,0,4821,160.7,1.1089916722415114,-0.02182824593116956
UBFC_PHYS_s01_T3_test,0,4822,160.73333333333332,0.7838958359576459,-0.08229539569613332
UBFC_PHYS_s01_T3_test,0,4823,160.76666666666668,0.34560453494171123,-0.14718455817935505
UBFC_PHYS_s01_T3_test,0,4824,160.8,-0.1648653373913011,-0.20962143970345248
UBFC_PHYS_s01_T3_test,0,4825,160.83333333333334,-0.6813161415482021,-0.2553868025827984
UBFC_PHYS_s01_T3_test,0,4826,160.86666666666667,-1.1316362693100497,-0.2747538257594558
UBFC_PHYS_s01_T3_test,0,4827,160.9,-1.4579556886812401,-0.2624414301238206
UBFC_PHYS_s01_T3_test,0,4828,160.93333333333334,-1.6271039365215005,-0.22740313561003453
UBFC_PHYS_s01_T3_test,0,4829,160.96666666666667,-1.6321588342636337,-0.19265763900975175
UBFC_PHYS_s01_T3_test,0,4830,161.0,-1.4891075974064332,-0.1525127875437079
UBFC_PHYS_s01_T3_test,0,4831,161.03333333333333,-1.2342764315558812,-0.07297612585719376
UBFC_PHYS_s01_T3_test,0,4832,161.06666666666666,-0.9212190621873413,0.061731776341516637
UBFC_PHYS_s01_T3_test,0,4833,161.1,-0.6073970664250409,0.24816080170333057
UBFC_PHYS_s01_T3_test,0,4834,161.13333333333333,-0.3308533790447523,0.4570653972742084
UBFC_PHYS_s01_T3_test,0,4835,161.16666666666666,-0.09559177216353734,0.6329279577509043
UBFC_PHYS_s01_T3_test,0,4836,161.2,0.11595798106285944,0.7389462902060422
UBFC_PHYS_s01_T3_test,0,4837,161.23333333333332,0.31407810084065,0.7568615556361263
UBFC_PHYS_s01_T3_test,0,4838,161.26666666666668,0.4889568321137777,0.6928476343893387
UBFC_PHYS_s01_T3_test,0,4839,161.3,0.6228094703993607,0.5772445395758803
UBFC_PHYS_s01_T3_test,0,4840,161.33333333333334,0.7043167586309075,0.4317477899856971
UBFC_PHYS_s01_T3_test,0,4841,161.36666666666667,0.731596196361146,0.2696613669817561
UBFC_PHYS_s01_T3_test,0,4842,161.4,0.7088802788911449,0.1033029960583747
UBFC_PHYS_s01_T3_test,0,4843,161.43333333333334,0.6410519982058306,-0.0551341049940727
UBFC_PHYS_s01_T3_test,0,4844,161.46666666666667,0.5297766663859732,-0.20351852004704152
UBFC_PHYS_s01_T3_test,0,4845,161.5,0.37625716309548196,-0.3486526191196472
UBFC_PHYS_s01_T3_test,0,4846,161.53333333333333,0.1871661414751887,-0.4829375767737413
UBFC_PHYS_s01_T3_test,0,4847,161.56666666666666,-0.023291546981153648,-0.583506799535799
UBFC_PHYS_s01_T3_test,0,4848,161.6,-0.2357224904520021,-0.6368818001642302
UBFC_PHYS_s01_T3_test,0,4849,161.63333333333333,-0.4289202390493545,-0.6386100256235167
UBFC_PHYS_s01_T3_test,0,4850,161.66666666666666,-0.5809578887326864,-0.5927486029550052
UBFC_PHYS_s01_T3_test,0,4851,161.7,-0.6679812306273869,-0.5117262701903456
UBFC_PHYS_s01_T3_test,0,4852,161.73333333333332,-0.6673676868878136,-0.4138372679389124
UBFC_PHYS_s01_T3_test,0,4853,161.76666666666668,-0.5695120266348493,-0.3233100128639019
UBFC_PHYS_s01_T3_test,0,4854,161.8,-0.38954263546366885,-0.25608720212408803
UBFC_PHYS_s01_T3_test,0,4855,161.83333333333334,-0.16596142145912351,-0.22005457407453202
UBFC_PHYS_s01_T3_test,0,4856,161.86666666666667,0.054876251586702715,-0.21442533506209727
UBFC_PHYS_s01_T3_test,0,4857,161.9,0.23719444258491365,-0.23008244186005053
UBFC_PHYS_s01_T3_test,0,4858,161.93333333333334,0.36617559682653084,-0.26317836092189884
UBFC_PHYS_s01_T3_test,0,4859,161.96666666666667,0.4471370209926346,-0.31521289338005576
UBFC_PHYS_s01_T3_test,0,4860,162.0,0.4955786806328701,-0.36539615292071637
UBFC_PHYS_s01_T3_test,0,4861,162.03333333333333,0.523929683828236,-0.370965405790859
UBFC_PHYS_s01_T3_test,0,4862,162.06666666666666,0.5352798072436006,-0.2967422467069718
UBFC_PHYS_s01_T3_test,0,4863,162.1,0.5272380818035267,-0.11620067373874195
UBFC_PHYS_s01_T3_test,0,4864,162.13333333333333,0.49595849892508287,0.14413082504972324
UBFC_PHYS_s01_T3_test,0,4865,162.16666666666666,0.4356919281718127,0.40405049584185626
UBFC_PHYS_s01_T3_test,0,4866,162.2,0.3412883981642389,0.6299246986437129
UBFC_PHYS_s01_T3_test,0,4867,162.23333333333332,0.21431672199789809,0.8337195237763457
UBFC_PHYS_s01_T3_test,0,4868,162.26666666666668,0.06365959993605513,1.0218085337015403
UBFC_PHYS_s01_T3_test,0,4869,162.3,-0.09968407153118128,1.1932767887903717
UBFC_PHYS_s01_T3_test,0,4870,162.33333333333334,-0.26488169024174957,1.3018473055228035
UBFC_PHYS_s01_T3_test,0,4871,162.36666666666667,-0.41934935047970073,1.2559618553572702
UBFC_PHYS_s01_T3_test,0,4872,162.4,-0.5466360518962157,1.0333122286517515
UBFC_PHYS_s01_T3_test,0,4873,162.43333333333334,-0.6251355096025529,0.6818176982283362
UBFC_PHYS_s01_T3_test,0,4874,162.46666666666667,-0.6318326099633268,0.2630498114664153
UBFC_PHYS_s01_T3_test,0,4875,162.5,-0.5549053767995492,-0.1469903093749953
UBFC_PHYS_s01_T3_test,0,4876,162.53333333333333,-0.4048688277131164,-0.4957391153634459
UBFC_PHYS_s01_T3_test,0,4877,162.56666666666666,-0.21069881485107753,-0.7525948284191606
UBFC_PHYS_s01_T3_test,0,4878,162.6,-0.005888442414653784,-0.9031785926505936
UBFC_PHYS_s01_T3_test,0,4879,162.63333333333333,0.18126718489878788,-0.9478455544060007
UBFC_PHYS_s01_T3_test,0,4880,162.66666666666666,0.3304258612845691,-0.8912603508901291
UBFC_PHYS_s01_T3_test,0,4881,162.7,0.43001466346507367,-0.7418777116671803
UBFC_PHYS_s01_T3_test,0,4882,162.73333333333332,0.47802386712461886,-0.5281260997377306
UBFC_PHYS_s01_T3_test,0,4883,162.76666666666668,0.4812744504562424,-0.29859803652109934
UBFC_PHYS_s01_T3_test,0,4884,162.8,0.4505453594599169,-0.07500483299107143
UBFC_PHYS_s01_T3_test,0,4885,162.83333333333334,0.392774868865619,0.14685835552920298
UBFC_PHYS_s01_T3_test,0,4886,162.86666666666667,0.30737537371814133,0.3636388428171208
UBFC_PHYS_s01_T3_test,0,4887,162.9,0.1897284891671931,0.5629799124796332
UBFC_PHYS_s01_T3_test,0,4888,162.93333333333334,0.036096993206555204,0.719236065535829
UBFC_PHYS_s01_T3_test,0,4889,162.96666666666667,-0.1546211109337882,0.7928230235128345
UBFC_PHYS_s01_T3_test,0,4890,163.0,-0.3805344326181276,0.7525346724017052
UBFC_PHYS_s01_T3_test,0,4891,163.03333333333333,-0.6352120590502093,0.5759467257315422
UBFC_PHYS_s01_T3_test,0,4892,163.06666666666666,-0.9052712729190602,0.285992969451259
UBFC_PHYS_s01_T3_test,0,4893,163.1,-1.1700489489678665,-0.048408278134166524
UBFC_PHYS_s01_T3_test,0,4894,163.13333333333333,-1.4044040918097818,-0.3839856199289676
UBFC_PHYS_s01_T3_test,0,4895,163.16666666666666,-1.5802907209397905,-0.7019577818585534
UBFC_PHYS_s01_T3_test,0,4896,163.2,-1.665398951661504,-0.9796474519530443
UBFC_PHYS_s01_T3_test,0,4897,163.23333333333332,-1.6258184445126869,-1.1888686423653896
UBFC_PHYS_s01_T3_test,0,4898,163.26666666666668,-1.437107153350701,-1.314352932638888
UBFC_PHYS_s01_T3_test,0,4899,163.3,-1.0952749817323673,-1.352726247203282
UBFC_PHYS_s01_T3_test,0,4900,163.33333333333334,-0.6162898989722506,-1.296660559359068
UBFC_PHYS_s01_T3_test,0,4901,163.36666666666667,-0.026109234232133377,-1.1348701208627412
UBFC_PHYS_s01_T3_test,0,4902,163.4,0.6470090794481383,-0.8732597627160646
UBFC_PHYS_s01_T3_test,0,4903,163.43333333333334,1.3734681271311437,-0.5359935036555219
UBFC_PHYS_s01_T3_test,0,4904,163.46666666666667,2.1213561016071334,-0.15727197749010385
UBFC_PHYS_s01_T3_test,0,4905,163.5,2.8544576350334445,0.21714725256142534
UBFC_PHYS_s01_T3_test,0,4906,163.53333333333333,3.522763240084639,0.5778378475747513
UBFC_PHYS_s01_T3_test,0,4907,163.56666666666666,4.048141403759878,0.9492086521876774
UBFC_PHYS_s01_T3_test,0,4908,163.6,4.326361087306899,1.3212840793520921
UBFC_PHYS_s01_T3_test,0,4909,163.63333333333333,4.258841612456222,1.6472648338690694
UBFC_PHYS_s01_T3_test,0,4910,163.66666666666666,3.7932569845191333,1.8623999474823707
UBFC_PHYS_s01_T3_test,0,4911,163.7,2.940589679978697,1.8834825027526052
UBFC_PHYS_s01_T3_test,0,4912,163.73333333333332,1.765841439377771,1.6991072420216957
UBFC_PHYS_s01_T3_test,0,4913,163.76666666666668,0.3759494230516382,1.3698534629147632
UBFC_PHYS_s01_T3_test,0,4914,163.8,-1.0861107418513614,0.961057772139203
UBFC_PHYS_s01_T3_test,0,4915,163.83333333333334,-2.458625926248141,0.5433364179761159
UBFC_PHYS_s01_T3_test,0,4916,163.86666666666667,-3.5975245417532546,0.15959257924233855
UBFC_PHYS_s01_T3_test,0,4917,163.9,-4.410302331893759,-0.17314720359846697
UBFC_PHYS_s01_T3_test,0,4918,163.93333333333334,-4.865456750567428,-0.44354189130236055
UBFC_PHYS_s01_T3_test,0,4919,163.96666666666667,-4.9769134509366495,-0.6437765026181632
UBFC_PHYS_s01_T3_test,0,4920,164.0,-4.775820991078215,-0.7711888883785998
UBFC_PHYS_s01_T3_test,0,4921,164.03333333333333,-4.288242420787507,-0.8268009526951009
UBFC_PHYS_s01_T3_test,0,4922,164.06666666666666,-3.5373625934653368,-0.8180113723145671
UBFC_PHYS_s01_T3_test,0,4923,164.1,-2.5676474512455334,-0.7578782256223168
UBFC_PHYS_s01_T3_test,0,4924,164.13333333333333,-1.4623787949692157,-0.6637377790873824
UBFC_PHYS_s01_T3_test,0,4925,164.16666666666666,-0.331051304320169,-0.5570465503995898
UBFC_PHYS_s01_T3_test,0,4926,164.2,0.7225254428575829,-0.46297004890118243
UBFC_PHYS_s01_T3_test,0,4927,164.23333333333332,1.6197591006546561,-0.4103573143956213
UBFC_PHYS_s01_T3_test,0,4928,164.26666666666668,2.305106409211052,-0.4056863855997939
UBFC_PHYS_s01_T3_test,0,4929,164.3,2.744163745546209,-0.43321862644086223
UBFC_PHYS_s01_T3_test,0,4930,164.33333333333334,2.933524282152374,-0.4730850581518091
UBFC_PHYS_s01_T3_test,0,4931,164.36666666666667,2.9049838176030747,-0.5016555227352362
UBFC_PHYS_s01_T3_test,0,4932,164.4,2.7111449166532005,-0.5059774932900021
UBFC_PHYS_s01_T3_test,0,4933,164.43333333333334,2.404615112786659,-0.4839668165347021
UBFC_PHYS_s01_T3_test,0,4934,164.46666666666667,2.028321295656493,-0.4245496138809669
UBFC_PHYS_s01_T3_test,0,4935,164.5,1.6169634105004316,-0.3081851106994096
UBFC_PHYS_s01_T3_test,0,4936,164.53333333333333,1.1976458936481076,-0.1272097456953598
UBFC_PHYS_s01_T3_test,0,4937,164.56666666666666,0.7872751895023069,0.11304513016573062
UBFC_PHYS_s01_T3_test,0,4938,164.6,0.3925043345095148,0.3805376615466379
UBFC_PHYS_s01_T3_test,0,4939,164.63333333333333,0.012337785587446332,0.6156450458482806
UBFC_PHYS_s01_T3_test,0,4940,164.66666666666666,-0.3557358223924767,0.7770667613296538
UBFC_PHYS_s01_T3_test,0,4941,164.7,-0.7057351054381917,0.8412571973840702
UBFC_PHYS_s01_T3_test,0,4942,164.73333333333332,-1.0204123446027962,0.8228431739910125
UBFC_PHYS_s01_T3_test,0,4943,164.76666666666668,-1.2785154090296174,0.7736766643782365
UBFC_PHYS_s01_T3_test,0,4944,164.8,-1.4573107308431728,0.7045512703106291
UBFC_PHYS_s01_T3_test,0,4945,164.83333333333334,-1.530955957612884,0.5851888133978808
UBFC_PHYS_s01_T3_test,0,4946,164.86666666666667,-1.4797413247524567,0.40196266805754727
UBFC_PHYS_s01_T3_test,0,4947,164.9,-1.3034595610510038,0.15910339518961772
UBFC_PHYS_s01_T3_test,0,4948,164.93333333333334,-1.023350371574691,-0.1146642081404456
UBFC_PHYS_s01_T3_test,0,4949,164.96666666666667,-0.6770606652504236,-0.3652397413586063
UBFC_PHYS_s01_T3_test,0,4950,165.0,-0.3137625502893485,-0.5541638222675938
UBFC_PHYS_s01_T3_test,0,4951,165.03333333333333,0.015902042428547328,-0.6579543927227027
UBFC_PHYS_s01_T3_test,0,4952,165.06666666666666,0.2752760478201948,-0.6703839896626892
UBFC_PHYS_s01_T3_test,0,4953,165.1,0.45181405861902957,-0.6019353669921462
UBFC_PHYS_s01_T3_test,0,4954,165.13333333333333,0.5553741979530934,-0.47843463488644683
UBFC_PHYS_s01_T3_test,0,4955,165.16666666666666,0.6080011523831211,-0.34081613112209613
UBFC_PHYS_s01_T3_test,0,4956,165.2,0.6323202894517551,-0.21318893347941803
UBFC_PHYS_s01_T3_test,0,4957,165.23333333333332,0.6425707354199975,-0.10314573163548238
UBFC_PHYS_s01_T3_test,0,4958,165.26666666666668,0.6394641368406249,-0.004574345704785859
UBFC_PHYS_s01_T3_test,0,4959,165.3,0.612475464236266,0.10136323891075072
UBFC_PHYS_s01_T3_test,0,4960,165.33333333333334,0.5496961272758366,0.21706466929165402
UBFC_PHYS_s01_T3_test,0,4961,165.36666666666667,0.4464227890576842,0.32765082461984363
UBFC_PHYS_s01_T3_test,0,4962,165.4,0.3067390848642237,0.4270774967717009
UBFC_PHYS_s01_T3_test,0,4963,165.43333333333334,0.14170099423065735,0.5175188301001896
UBFC_PHYS_s01_T3_test,0,4964,165.46666666666667,-0.033105983912446645,0.5852495479114606
UBFC_PHYS_s01_T3_test,0,4965,165.5,-0.20183709361761296,0.6004068483085441
UBFC_PHYS_s01_T3_test,0,4966,165.53333333333333,-0.35296833442280684,0.5522287267145036
UBFC_PHYS_s01_T3_test,0,4967,165.56666666666666,-0.47879082213241264,0.4492838516206644
UBFC_PHYS_s01_T3_test,0,4968,165.6,-0.5681444963205091,0.3085366994095341
UBFC_PHYS_s01_T3_test,0,4969,165.63333333333333,-0.6012940353705117,0.1556376902881697
UBFC_PHYS_s01_T3_test,0,4970,165.66666666666666,-0.5584337183234258,0.00454509923004311
UBFC_PHYS_s01_T3_test,0,4971,165.7,-0.43813732230144903,-0.14173077441443527
UBFC_PHYS_s01_T3_test,0,4972,165.73333333333332,-0.26614382033521333,-0.2789222362314553
UBFC_PHYS_s01_T3_test,0,4973,165.76666666666668,-0.0825510201082705,-0.40052358666974863
UBFC_PHYS_s01_T3_test,0,4974,165.8,0.08035530995994501,-0.4933216216622642
UBFC_PHYS_s01_T3_test,0,4975,165.83333333333334,0.2088387484836971,-0.5368499806612236
UBFC_PHYS_s01_T3_test,0,4976,165.86666666666667,0.3027576101469784,-0.5286948956845181
UBFC_PHYS_s01_T3_test,0,4977,165.9,0.36600781341168104,-0.4842027082134833
UBFC_PHYS_s01_T3_test,0,4978,165.93333333333334,0.4009321143892571,-0.40723510855615763
UBFC_PHYS_s01_T3_test,0,4979,165.96666666666667,0.40831641040797884,-0.2903341375336497
UBFC_PHYS_s01_T3_test,0,4980,166.0,0.3910064969937546,-0.13905697310670945
UBFC_PHYS_s01_T3_test,0,4981,166.03333333333333,0.3555292961898086,0.02738079668911129
UBFC_PHYS_s01_T3_test,0,4982,166.06666666666666,0.30765387989653475,0.19049583947313173
UBFC_PHYS_s01_T3_test,0,4983,166.1,0.24655816232814143,0.33190388927275444
UBFC_PHYS_s01_T3_test,0,4984,166.13333333333333,0.16584753213489042,0.43438130650589357
UBFC_PHYS_s01_T3_test,0,4985,166.16666666666666,0.06118884470213588,0.4813692886836616
UBFC_PHYS_s01_T3_test,0,4986,166.2,-0.06398287102800687,0.4718635413229983
UBFC_PHYS_s01_T3_test,0,4987,166.23333333333332,-0.1992577059517439,0.4201235013083943
UBFC_PHYS_s01_T3_test,0,4988,166.26666666666668,-0.3312897292875345,0.3326122683307159
UBFC_PHYS_s01_T3_test,0,4989,166.3,-0.44818374164067987,0.20819401151546718
UBFC_PHYS_s01_T3_test,0,4990,166.33333333333334,-0.5421219951592927,0.052255745323238664
UBFC_PHYS_s01_T3_test,0,4991,166.36666666666667,-0.6055736376313797,-0.12254900437749251
UBFC_PHYS_s01_T3_test,0,4992,166.4,-0.6239217373745993,-0.30613255471612066
UBFC_PHYS_s01_T3_test,0,4993,166.43333333333334,-0.5773434921579729,-0.4900118967973165
UBFC_PHYS_s01_T3_test,0,4994,166.46666666666667,-0.45560356455078965,-0.6584771794884078
UBFC_PHYS_s01_T3_test,0,4995,166.5,-0.2714209289335653,-0.7877383806748226
UBFC_PHYS_s01_T3_test,0,4996,166.53333333333333,-0.057758617099479916,-0.8598011692388021
UBFC_PHYS_s01_T3_test,0,4997,166.56666666666666,0.1480230009284028,-0.8620831640673723
UBFC_PHYS_s01_T3_test,0,4998,166.6,0.31812759127064,-0.7886089940473368
UBFC_PHYS_s01_T3_test,0,4999,166.63333333333333,0.4388912707917819,-0.6402015508108871
UBFC_PHYS_s01_T3_test,0,5000,166.66666666666666,0.5098501650945539,-0.4208934939695387
UBFC_PHYS_s01_T3_test,0,5001,166.7,0.5396071655808464,-0.13891705221974074
UBFC_PHYS_s01_T3_test,0,5002,166.73333333333332,0.5380872875065759,0.1963044458835599
UBFC_PHYS_s01_T3_test,0,5003,166.76666666666668,0.5104740732095508,0.5723650765350929
UBFC_PHYS_s01_T3_test,0,5004,166.8,0.4580793716919121,0.935118539652564
UBFC_PHYS_s01_T3_test,0,5005,166.83333333333334,0.38221159411090444,1.1875095793778419
UBFC_PHYS_s01_T3_test,0,5006,166.86666666666667,0.2853941348093808,1.2980597564274028
UBFC_PHYS_s01_T3_test,0,5007,166.9,0.1707949087799127,1.2999484617447237
UBFC_PHYS_s01_T3_test,0,5008,166.93333333333334,0.04182343649284245,1.2277993370830584
UBFC_PHYS_s01_T3_test,0,5009,166.96666666666667,-0.09793615354817863,1.1166732282524814
UBFC_PHYS_s01_T3_test,0,5010,167.0,-0.24303017226944373,0.9595307949443831
UBFC_PHYS_s01_T3_test,0,5011,167.03333333333333,-0.3835275250066803,0.7082568503203909
UBFC_PHYS_s01_T3_test,0,5012,167.06666666666666,-0.5059295049494684,0.3873659615289366
UBFC_PHYS_s01_T3_test,0,5013,167.1,-0.5965601460170624,0.09513819023654511
UBFC_PHYS_s01_T3_test,0,5014,167.13333333333333,-0.6414168487095444,-0.143287265344827
UBFC_PHYS_s01_T3_test,0,5015,167.16666666666666,-0.6248506902963348,-0.3744943696903371
UBFC_PHYS_s01_T3_test,0,5016,167.2,-0.5356639656463502,-0.618369725844556
UBFC_PHYS_s01_T3_test,0,5017,167.23333333333332,-0.3786245779048447,-0.8658308002845059
UBFC_PHYS_s01_T3_test,0,5018,167.26666666666668,-0.17850523018137682,-1.0949930138314
UBFC_PHYS_s01_T3_test,0,5019,167.3,0.029730289219262386,-1.2700030373091435
UBFC_PHYS_s01_T3_test,0,5020,167.33333333333334,0.21591270831732123,-1.3744440404871259
UBFC_PHYS_s01_T3_test,0,5021,167.36666666666667,0.36246458556937555,-1.4105586738964149
UBFC_PHYS_s01_T3_test,0,5022,167.4,0.46337371049275344,-1.3798329312419144
UBFC_PHYS_s01_T3_test,0,5023,167.43333333333334,0.5206221450096911,-1.2827318290838892
UBFC_PHYS_s01_T3_test,0,5024,167.46666666666667,0.5411663112476104,-1.1122998846951582
UBFC_PHYS_s01_T3_test,0,5025,167.5,0.5339980315937128,-0.8551268908436881
UBFC_PHYS_s01_T3_test,0,5026,167.53333333333333,0.5071079127132466,-0.5226930447952299
UBFC_PHYS_s01_T3_test,0,5027,167.56666666666666,0.4639073529404582,-0.15297598870104137
UBFC_PHYS_s01_T3_test,0,5028,167.6,0.4010971707270106,0.2094840808426817
UBFC_PHYS_s01_T3_test,0,5029,167.63333333333333,0.3125939703747001,0.5121099521323569
UBFC_PHYS_s01_T3_test,0,5030,167.66666666666666,0.19729585735547528,0.7536351797000397
UBFC_PHYS_s01_T3_test,0,5031,167.7,0.06172496016200578,0.9818652183517024
UBFC_PHYS_s01_T3_test,0,5032,167.73333333333332,-0.085008360858526,1.205763755652269
UBFC_PHYS_s01_T3_test,0,5033,167.76666666666668,-0.23719778970954428,1.393468764251578
UBFC_PHYS_s01_T3_test,0,5034,167.8,-0.3924045948910982,1.5041973490926959
UBFC_PHYS_s01_T3_test,0,5035,167.83333333333334,-0.5442224184590903,1.4880141093077572
UBFC_PHYS_s01_T3_test,0,5036,167.86666666666667,-0.6753523585799407,1.3380281794465534
UBFC_PHYS_s01_T3_test,0,5037,167.9,-0.7602289083414381,1.0906821485998273
UBFC_PHYS_s01_T3_test,0,5038,167.93333333333334,-0.7754877268448119,0.7851187818603499
UBFC_PHYS_s01_T3_test,0,5039,167.96666666666667,-0.7092375728700675,0.4638372320088719
UBFC_PHYS_s01_T3_test,0,5040,168.0,-0.5668574057005644,0.15588289543616396
UBFC_PHYS_s01_T3_test,0,5041,168.03333333333333,-0.37335754671775945,-0.12164323369300786
UBFC_PHYS_s01_T3_test,0,5042,168.06666666666666,-0.1659020213792403,-0.3612085356064485
UBFC_PHYS_s01_T3_test,0,5043,168.1,0.02335844943357506,-0.5630095721216138
UBFC_PHYS_s01_T3_test,0,5044,168.13333333333333,0.1795999109212784,-0.7155009820909098
UBFC_PHYS_s01_T3_test,0,5045,168.16666666666666,0.3031535452296623,-0.7942017771018239
UBFC_PHYS_s01_T3_test,0,5046,168.2,0.40026727465137857,-0.7958204228673709
UBFC_PHYS_s01_T3_test,0,5047,168.23333333333332,0.4773668218267682,-0.7377032378466325
UBFC_PHYS_s01_T3_test,0,5048,168.26666666666668,0.5394474999852685,-0.6340531596917716
UBFC_PHYS_s01_T3_test,0,5049,168.3,0.5883401570563725,-0.495860668974733
UBFC_PHYS_s01_T3_test,0,5050,168.33333333333334,0.620648799018387,-0.33780590392628373
UBFC_PHYS_s01_T3_test,0,5051,168.36666666666667,0.6283870871829667,-0.17876108344190678
UBFC_PHYS_s01_T3_test,0,5052,168.4,0.6028775043010071,-0.03457652590451939
UBFC_PHYS_s01_T3_test,0,5053,168.43333333333334,0.5380664001146025,0.08128732096817347
UBFC_PHYS_s01_T3_test,0,5054,168.46666666666667,0.43078211929454374,0.16541863144144475
UBFC_PHYS_s01_T3_test,0,5055,168.5,0.28156070974882125,0.2237590427433018
UBFC_PHYS_s01_T3_test,0,5056,168.53333333333333,0.09772031537972516,0.25682758870713257
UBFC_PHYS_s01_T3_test,0,5057,168.56666666666666,-0.10691495354154992,0.2593109582819778
UBFC_PHYS_s01_T3_test,0,5058,168.6,-0.316241719584296,0.22423884603856586
UBFC_PHYS_s01_T3_test,0,5059,168.63333333333333,-0.5125795222454,0.14317733507587074
UBFC_PHYS_s01_T3_test,0,5060,168.66666666666666,-0.6737235355534198,0.020902888070030462
UBFC_PHYS_s01_T3_test,0,5061,168.7,-0.7736458250521424,-0.12415683960042946
UBFC_PHYS_s01_T3_test,0,5062,168.73333333333332,-0.7887929134883728,-0.2705809366930224
UBFC_PHYS_s01_T3_test,0,5063,168.76666666666668,-0.7075749057367393,-0.39354854928919725
UBFC_PHYS_s01_T3_test,0,5064,168.8,-0.5394665201738912,-0.48294329973371836
UBFC_PHYS_s01_T3_test,0,5065,168.83333333333334,-0.31576594583531703,-0.5427927097398615
UBFC_PHYS_s01_T3_test,0,5066,168.86666666666667,-0.07781671066437024,-0.5726691840122896
UBFC_PHYS_s01_T3_test,0,5067,168.9,0.1380836734880784,-0.5673153534146614
UBFC_PHYS_s01_T3_test,0,5068,168.93333333333334,0.3077887848305841,-0.5200035174869658
UBFC_PHYS_s01_T3_test,0,5069,168.96666666666667,0.4192697836997298,-0.4228199415029439
UBFC_PHYS_s01_T3_test,0,5070,169.0,0.47155713874190863,-0.28179539391508956
UBFC_PHYS_s01_T3_test,0,5071,169.03333333333333,0.4727480640313514,-0.1174853535211052
UBFC_PHYS_s01_T3_test,0,5072,169.06666666666666,0.4356855601448162,0.061985679395247496
UBFC_PHYS_s01_T3_test,0,5073,169.1,0.37366522941918756,0.259924730320366
UBFC_PHYS_s01_T3_test,0,5074,169.13333333333333,0.2972563686248285,0.48373547329826105
UBFC_PHYS_s01_T3_test,0,5075,169.16666666666666,0.21175094766164235,0.7432399842926833
UBFC_PHYS_s01_T3_test,0,5076,169.2,0.11736281920266246,1.0047074086875816
UBFC_PHYS_s01_T3_test,0,5077,169.23333333333332,0.01340472703961252,1.189936726090718
UBFC_PHYS_s01_T3_test,0,5078,169.26666666666668,-0.09718864760043103,1.247708713832504
UBFC_PHYS_s01_T3_test,0,5079,169.3,-0.20725334174137988,1.1539271088079661
UBFC_PHYS_s01_T3_test,0,5080,169.33333333333334,-0.30846046068726896,0.9363094332342017
UBFC_PHYS_s01_T3_test,0,5081,169.36666666666667,-0.39419772421241467,0.6742771539385811
UBFC_PHYS_s01_T3_test,0,5082,169.4,-0.458100569177292,0.40524491442622884
UBFC_PHYS_s01_T3_test,0,5083,169.43333333333334,-0.4885392036893953,0.12545776805317294
UBFC_PHYS_s01_T3_test,0,5084,169.46666666666667,-0.46786086295808454,-0.15879307909541535
UBFC_PHYS_s01_T3_test,0,5085,169.5,-0.38361430993558104,-0.4292952417005276
UBFC_PHYS_s01_T3_test,0,5086,169.53333333333333,-0.24245874743430273,-0.6676090437598026
UBFC_PHYS_s01_T3_test,0,5087,169.56666666666666,-0.0704915206641796,-0.8536043934563113
UBFC_PHYS_s01_T3_test,0,5088,169.6,0.09975295303515287,-0.9723901712724271
UBFC_PHYS_s01_T3_test,0,5089,169.63333333333333,0.2418859311527222,-1.0133593312472389
UBFC_PHYS_s01_T3_test,0,5090,169.66666666666666,0.34161626987518295,-0.9778571514624694
UBFC_PHYS_s01_T3_test,0,5091,169.7,0.39812750624460513,-0.8788101211902868
UBFC_PHYS_s01_T3_test,0,5092,169.73333333333332,0.42107059487146525,-0.7339211521975348
UBFC_PHYS_s01_T3_test,0,5093,169.76666666666668,0.4231641666222669,-0.5658467280285281
UBFC_PHYS_s01_T3_test,0,5094,169.8,0.4121277975976664,-0.378617153962155
UBFC_PHYS_s01_T3_test,0,5095,169.83333333333334,0.387280988656357,-0.15871818969207283
UBFC_PHYS_s01_T3_test,0,5096,169.86666666666667,0.34347327004187755,0.0920035341870243
UBFC_PHYS_s01_T3_test,0,5097,169.9,0.27808470879454006,0.35481242767559207
UBFC_PHYS_s01_T3_test,0,5098,169.93333333333334,0.19336308073794958,0.5894935686766153
UBFC_PHYS_s01_T3_test,0,5099,169.96666666666667,0.09373473677474561,0.7336160489989532
UBFC_PHYS_s01_T3_test,0,5100,170.0,-0.016092146915408036,0.7747237458424745
UBFC_PHYS_s01_T3_test,0,5101,170.03333333333333,-0.13146258023486235,0.7496488990376236
UBFC_PHYS_s01_T3_test,0,5102,170.06666666666666,-0.24852567064581166,0.6833908683437503
UBFC_PHYS_s01_T3_test,0,5103,170.1,-0.3633961468233688,0.5885668943698982
UBFC_PHYS_s01_T3_test,0,5104,170.13333333333333,-0.468667673841811,0.4620588992188729
UBFC_PHYS_s01_T3_test,0,5105,170.16666666666666,-0.5498523700229851,0.2857796313053153
UBFC_PHYS_s01_T3_test,0,5106,170.2,-0.5857390121570081,0.07555572445720657
UBFC_PHYS_s01_T3_test,0,5107,170.23333333333332,-0.5567081971915535,-0.118063771457144
UBFC_PHYS_s01_T3_test,0,5108,170.26666666666668,-0.4579994181685017,-0.27481511951318666
UBFC_PHYS_s01_T3_test,0,5109,170.3,-0.30544011396202203,-0.4039137542739023
UBFC_PHYS_s01_T3_test,0,5110,170.33333333333334,-0.12716315426302213,-0.5064080385194748
UBFC_PHYS_s01_T3_test,0,5111,170.36666666666667,0.048990179361448116,-0.5742244539657922
UBFC_PHYS_s01_T3_test,0,5112,170.4,0.2014426085188485,-0.5994738229179354
UBFC_PHYS_s01_T3_test,0,5113,170.43333333333334,0.3162306464922282,-0.5741996571563429
UBFC_PHYS_s01_T3_test,0,5114,170.46666666666667,0.3899586823118812,-0.5064199659517812
UBFC_PHYS_s01_T3_test,0,5115,170.5,0.43103879340932794,-0.42009284295296734
UBFC_PHYS_s01_T3_test,0,5116,170.53333333333333,0.45217859860762205,-0.3240533800585226
UBFC_PHYS_s01_T3_test,0,5117,170.56666666666666,0.4594019990642292,-0.21240117692461635
UBFC_PHYS_s01_T3_test,0,5118,170.6,0.44954444787819386,-0.08369552800544991
UBFC_PHYS_s01_T3_test,0,5119,170.63333333333333,0.41671924557773565,0.05817437041243076
UBFC_PHYS_s01_T3_test,0,5120,170.66666666666666,0.3590005313304505,0.19531227355933772
UBFC_PHYS_s01_T3_test,0,5121,170.7,0.27896609452458104,0.2952844695592426
UBFC_PHYS_s01_T3_test,0,5122,170.73333333333332,0.17875413959533645,0.35406949140451416
UBFC_PHYS_s01_T3_test,0,5123,170.76666666666668,0.05783743538226278,0.39543260483583753
UBFC_PHYS_s01_T3_test,0,5124,170.8,-0.08154058521885717,0.4349767644050686
UBFC_PHYS_s01_T3_test,0,5125,170.83333333333334,-0.22987121696254498,0.479380907107553
UBFC_PHYS_s01_T3_test,0,5126,170.86666666666667,-0.37404400027705875,0.5260006517789351
UBFC_PHYS_s01_T3_test,0,5127,170.9,-0.5012719049797074,0.5626231180825313
UBFC_PHYS_s01_T3_test,0,5128,170.93333333333334,-0.5963086365503687,0.5742315117593728
UBFC_PHYS_s01_T3_test,0,5129,170.96666666666667,-0.6388845259126028,0.5431860464411519
UBFC_PHYS_s01_T3_test,0,5130,171.0,-0.6098621957647127,0.46340558066012827
UBFC_PHYS_s01_T3_test,0,5131,171.03333333333333,-0.5036882910136927,0.3407885649722507
UBFC_PHYS_s01_T3_test,0,5132,171.06666666666666,-0.3362568834179321,0.1796721513947012
UBFC_PHYS_s01_T3_test,0,5133,171.1,-0.14022089020129852,-0.016382095271322207
UBFC_PHYS_s01_T3_test,0,5134,171.13333333333333,0.049210922641261645,-0.23870808738294075
UBFC_PHYS_s01_T3_test,0,5135,171.16666666666666,0.20758651765528183,-0.47234491877536233
UBFC_PHYS_s01_T3_test,0,5136,171.2,0.32468394233572623,-0.6834025981318094
UBFC_PHYS_s01_T3_test,0,5137,171.23333333333332,0.3989770354053108,-0.8183322933551935
UBFC_PHYS_s01_T3_test,0,5138,171.26666666666668,0.4330564627001807,-0.8692013599916328
UBFC_PHYS_s01_T3_test,0,5139,171.3,0.4342195578390312,-0.872931636812717
UBFC_PHYS_s01_T3_test,0,5140,171.33333333333334,0.41288833404297126,-0.8347506521364165
UBFC_PHYS_s01_T3_test,0,5141,171.36666666666667,0.3761128641782528,-0.7280024753969906
UBFC_PHYS_s01_T3_test,0,5142,171.4,0.3244206271151975,-0.5381510212554982
UBFC_PHYS_s01_T3_test,0,5143,171.43333333333334,0.2558838843542456,-0.263963167711722
UBFC_PHYS_s01_T3_test,0,5144,171.46666666666667,0.17141863922714853,0.06563731852671233
UBFC_PHYS_s01_T3_test,0,5145,171.5,0.07636955227193981,0.39043111468118497
UBFC_PHYS_s01_T3_test,0,5146,171.53333333333333,-0.021746249697982722,0.6693859423469977
UBFC_PHYS_s01_T3_test,0,5147,171.56666666666666,-0.1176206255263738,0.8795018741147865
UBFC_PHYS_s01_T3_test,0,5148,171.6,-0.21006089689867352,1.0004364362511113
UBFC_PHYS_s01_T3_test,0,5149,171.63333333333333,-0.29825548527212487,1.0135789565508393
UBFC_PHYS_s01_T3_test,0,5150,171.66666666666666,-0.3772109177615398,0.9225371344532924
UBFC_PHYS_s01_T3_test,0,5151,171.7,-0.4372092504906089,0.7529399684962037
UBFC_PHYS_s01_T3_test,0,5152,171.73333333333332,-0.4642977724810584,0.515273313038895
UBFC_PHYS_s01_T3_test,0,5153,171.76666666666668,-0.44181281475821743,0.20580183218593634
UBFC_PHYS_s01_T3_test,0,5154,171.8,-0.3593962994486888,-0.1328846748892973
UBFC_PHYS_s01_T3_test,0,5155,171.83333333333334,-0.22484279946796887,-0.4108668120966801
UBFC_PHYS_s01_T3_test,0,5156,171.86666666666667,-0.06405280567228944,-0.6011910357252617
UBFC_PHYS_s01_T3_test,0,5157,171.9,0.0917355013548735,-0.738640167408717
UBFC_PHYS_s01_T3_test,0,5158,171.93333333333334,0.21781415808845542,-0.8349340447490377
UBFC_PHYS_s01_T3_test,0,5159,171.96666666666667,0.3001730760534549,-0.877398014662577
UBFC_PHYS_s01_T3_test,0,5160,172.0,0.3362893672711704,-0.849880245219436
UBFC_PHYS_s01_T3_test,0,5161,172.03333333333333,0.3348479326858769,-0.7329126112714958
UBFC_PHYS_s01_T3_test,0,5162,172.06666666666666,0.31100297029024,-0.5310421356538657
UBFC_PHYS_s01_T3_test,0,5163,172.1,0.27784851612025596,-0.2735476193836669
UBFC_PHYS_s01_T3_test,0,5164,172.13333333333333,0.24053804369784587,0.014655110026335922
UBFC_PHYS_s01_T3_test,0,5165,172.16666666666666,0.1962373696988567,0.31186915000052023
UBFC_PHYS_s01_T3_test,0,5166,172.2,0.1378528703066321,0.574884990650684
UBFC_PHYS_s01_T3_test,0,5167,172.23333333333332,0.05905957574271674,0.7380760282798773
UBFC_PHYS_s01_T3_test,0,5168,172.26666666666668,-0.04083198498380171,0.7833716665207935
UBFC_PHYS_s01_T3_test,0,5169,172.3,-0.15458606057521948,0.7395910021753023
UBFC_PHYS_s01_T3_test,0,5170,172.33333333333334,-0.2693957080679568,0.6315392131641747
UBFC_PHYS_s01_T3_test,0,5171,172.36666666666667,-0.3712109380834464,0.4795949101041754
UBFC_PHYS_s01_T3_test,0,5172,172.4,-0.4458061372983599,0.3101373867175247
UBFC_PHYS_s01_T3_test,0,5173,172.43333333333334,-0.4764917038946913,0.1558709808587702
UBFC_PHYS_s01_T3_test,0,5174,172.46666666666667,-0.445128841166398,0.029054021582138212
UBFC_PHYS_s01_T3_test,0,5175,172.5,-0.3409146705348848,-0.07774708891890342
UBFC_PHYS_s01_T3_test,0,5176,172.53333333333333,-0.17052829460412736,-0.16449765558398924
UBFC_PHYS_s01_T3_test,0,5177,172.56666666666666,0.041433410551444526,-0.22292538367808
UBFC_PHYS_s01_T3_test,0,5178,172.6,0.2622846897023848,-0.26840699353030995
UBFC_PHYS_s01_T3_test,0,5179,172.63333333333333,0.4607488647099354,-0.33910243529765327
UBFC_PHYS_s01_T3_test,0,5180,172.66666666666666,0.6091810686748612,-0.435201117736613
UBFC_PHYS_s01_T3_test,0,5181,172.7,0.6835730673271031,-0.518410426579183
UBFC_PHYS_s01_T3_test,0,5182,172.73333333333332,0.6706131095556566,-0.5642655831847173
UBFC_PHYS_s01_T3_test,0,5183,172.76666666666668,0.5784885981903476,-0.5622458578622834
UBFC_PHYS_s01_T3_test,0,5184,172.8,0.43599806528988794,-0.5190471159374006
UBFC_PHYS_s01_T3_test,0,5185,172.83333333333334,0.2770237447388868,-0.4584185437906799
UBFC_PHYS_s01_T3_test,0,5186,172.86666666666667,0.12580422062543542,-0.37445587851860307
UBFC_PHYS_s01_T3_test,0,5187,172.9,-0.007002384222785318,-0.23222655622840654
UBFC_PHYS_s01_T3_test,0,5188,172.93333333333334,-0.12126673503553696,-0.024302142077681683
UBFC_PHYS_s01_T3_test,0,5189,172.96666666666667,-0.22194532132920508,0.22798662841323947
UBFC_PHYS_s01_T3_test,0,5190,173.0,-0.31318588773654954,0.48992277227354725
UBFC_PHYS_s01_T3_test,0,5191,173.03333333333333,-0.3954829425064516,0.7125777690292056
UBFC_PHYS_s01_T3_test,0,5192,173.06666666666666,-0.46766269500493535,0.8544263703817476
UBFC_PHYS_s01_T3_test,0,5193,173.1,-0.5293233063136308,0.8809393893897526
UBFC_PHYS_s01_T3_test,0,5194,173.13333333333333,-0.5782750291497343,0.8208859606989405
UBFC_PHYS_s01_T3_test,0,5195,173.16666666666666,-0.6046016762498411,0.7653201138681737
UBFC_PHYS_s01_T3_test,0,5196,173.2,-0.5899359549256349,0.7282977130951785
UBFC_PHYS_s01_T3_test,0,5197,173.23333333333332,-0.5174389990500331,0.6468893854813076
UBFC_PHYS_s01_T3_test,0,5198,173.26666666666668,-0.3850702129741982,0.49050838138670766
UBFC_PHYS_s01_T3_test,0,5199,173.3,-0.20886046677486084,0.262406445144111
UBFC_PHYS_s01_T3_test,0,5200,173.33333333333334,-0.015010195180433613,-0.013444602120520649
UBFC_PHYS_s01_T3_test,0,5201,173.36666666666667,0.16926989058233244,-0.2913719594370983
UBFC_PHYS_s01_T3_test,0,5202,173.4,0.32183855298809927,-0.5533501508139045
UBFC_PHYS_s01_T3_test,0,5203,173.43333333333334,0.4303877087368055,-0.8074942655456112
UBFC_PHYS_s01_T3_test,0,5204,173.46666666666667,0.49444755517187355,-1.0375285120746018
UBFC_PHYS_s01_T3_test,0,5205,173.5,0.5220498228062573,-1.2014100465617845
UBFC_PHYS_s01_T3_test,0,5206,173.53333333333333,0.522914673128451,-1.2706601620955353
UBFC_PHYS_s01_T3_test,0,5207,173.56666666666666,0.5029579531054904,-1.2300029962792323
UBFC_PHYS_s01_T3_test,0,5208,173.6,0.46302515736179917,-1.0824756642958668
UBFC_PHYS_s01_T3_test,0,5209,173.63333333333333,0.4011061061908282,-0.8496432555212582
UBFC_PHYS_s01_T3_test,0,5210,173.66666666666666,0.315751881125546,-0.5489413322349345
UBFC_PHYS_s01_T3_test,0,5211,173.7,0.20888024139203315,-0.19486893944385697
UBFC_PHYS_s01_T3_test,0,5212,173.73333333333332,0.08664521432306341,0.18914871852535994
UBFC_PHYS_s01_T3_test,0,5213,173.76666666666668,-0.042473668113872085,0.5688624279210635
UBFC_PHYS_s01_T3_test,0,5214,173.8,-0.17097875704439888,0.9069620928666757
UBFC_PHYS_s01_T3_test,0,5215,173.83333333333334,-0.2934701643682502,1.1613961543826794
UBFC_PHYS_s01_T3_test,0,5216,173.86666666666667,-0.4044931909624689,1.3191859992614678
UBFC_PHYS_s01_T3_test,0,5217,173.9,-0.4956169294531333,1.394952640609604
UBFC_PHYS_s01_T3_test,0,5218,173.93333333333334,-0.5537651770287418,1.3921328888121562
UBFC_PHYS_s01_T3_test,0,5219,173.96666666666667,-0.5627833417490907,1.302330501256282
UBFC_PHYS_s01_T3_test,0,5220,174.0,-0.5106830680994854,1.120962177812117
UBFC_PHYS_s01_T3_test,0,5221,174.03333333333333,-0.3992935414986758,0.8480448798475663
UBFC_PHYS_s01_T3_test,0,5222,174.06666666666666,-0.24648277588224454,0.49717845703503516
UBFC_PHYS_s01_T3_test,0,5223,174.1,-0.07771797178645992,0.09713585613332215
UBFC_PHYS_s01_T3_test,0,5224,174.13333333333333,0.08349753782333913,-0.3199874869744901
UBFC_PHYS_s01_T3_test,0,5225,174.16666666666666,0.21924679615366388,-0.716799682346148
UBFC_PHYS_s01_T3_test,0,5226,174.2,0.3188836296943956,-1.052185563349505
UBFC_PHYS_s01_T3_test,0,5227,174.23333333333332,0.38128698718695553,-1.2796214199085703
UBFC_PHYS_s01_T3_test,0,5228,174.26666666666668,0.41319362488816047,-1.388485640024576
UBFC_PHYS_s01_T3_test,0,5229,174.3,0.42339416401648583,-1.4027252402555372
UBFC_PHYS_s01_T3_test,0,5230,174.33333333333334,0.4182743817313746,-1.3465847634588595
UBFC_PHYS_s01_T3_test,0,5231,174.36666666666667,0.3997658012175027,-1.2438202725913439
UBFC_PHYS_s01_T3_test,0,5232,174.4,0.3648044138091458,-1.0950161860283698
UBFC_PHYS_s01_T3_test,0,5233,174.43333333333334,0.3086770357390049,-0.8783458369824539
UBFC_PHYS_s01_T3_test,0,5234,174.46666666666667,0.229997452817908,-0.5907448544831022
UBFC_PHYS_s01_T3_test,0,5235,174.5,0.13134518240839999,-0.2496158598821205
UBFC_PHYS_s01_T3_test,0,5236,174.53333333333333,0.017804022456962623,0.09255898735042534
UBFC_PHYS_s01_T3_test,0,5237,174.56666666666666,-0.10283599923991181,0.3472077498436984
UBFC_PHYS_s01_T3_test,0,5238,174.6,-0.2218184891728973,0.5154726836031572
UBFC_PHYS_s01_T3_test,0,5239,174.63333333333333,-0.3324135922455252,0.6862730853261024
UBFC_PHYS_s01_T3_test,0,5240,174.66666666666666,-0.42894441020500623,0.9108281406128691
UBFC_PHYS_s01_T3_test,0,5241,174.7,-0.5040697369117546,1.1998892800807246
UBFC_PHYS_s01_T3_test,0,5242,174.73333333333332,-0.5472275758956132,1.4802136079014638
UBFC_PHYS_s01_T3_test,0,5243,174.76666666666668,-0.5435556390697155,1.5945567944901617
UBFC_PHYS_s01_T3_test,0,5244,174.8,-0.4786590342190702,1.4927770258299766
UBFC_PHYS_s01_T3_test,0,5245,174.83333333333334,-0.3515119862176264,1.2324432579361222
UBFC_PHYS_s01_T3_test,0,5246,174.86666666666667,-0.18242311809915893,0.8825334505397839
UBFC_PHYS_s01_T3_test,0,5247,174.9,-0.0052539892619108235,0.5233256846427473
UBFC_PHYS_s01_T3_test,0,5248,174.93333333333334,0.14886716077940168,0.18223990519181754
UBFC_PHYS_s01_T3_test,0,5249,174.96666666666667,0.2627359006593944,-0.16434015481320366
UBFC_PHYS_s01_T3_test,0,5250,175.0,0.3336162628611312,-0.5088907300122564
UBFC_PHYS_s01_T3_test,0,5251,175.03333333333333,0.36710451114506537,-0.8104271867595122
UBFC_PHYS_s01_T3_test,0,5252,175.06666666666666,0.37201340904526137,-1.028776740267245
UBFC_PHYS_s01_T3_test,0,5253,175.1,0.35857653813550366,-1.123515545355524
UBFC_PHYS_s01_T3_test,0,5254,175.13333333333333,0.33599582935896527,-1.0909152822049057
UBFC_PHYS_s01_T3_test,0,5255,175.16666666666666,0.30929783721862525,-0.9633166270044236
UBFC_PHYS_s01_T3_test,0,5256,175.2,0.27911202055563855,-0.7758893363542855
UBFC_PHYS_s01_T3_test,0,5257,175.23333333333332,0.2430670060124558,-0.5664895646276461
UBFC_PHYS_s01_T3_test,0,5258,175.26666666666668,0.1971107351377988,-0.3579932273042969
UBFC_PHYS_s01_T3_test,0,5259,175.3,0.13835604577162058,-0.15910774948261922
UBFC_PHYS_s01_T3_test,0,5260,175.33333333333334,0.06706032488182741,0.023673601608475328
UBFC_PHYS_s01_T3_test,0,5261,175.36666666666667,-0.014601882739426444,0.18485015205426317
UBFC_PHYS_s01_T3_test,0,5262,175.4,-0.1031029016491457,0.3161566480560929
UBFC_PHYS_s01_T3_test,0,5263,175.43333333333334,-0.19276581998982,0.4056532319999767
UBFC_PHYS_s01_T3_test,0,5264,175.46666666666667,-0.2770977141276146,0.44870853515024056
UBFC_PHYS_s01_T3_test,0,5265,175.5,-0.35056252789457976,0.44749324619654807
UBFC_PHYS_s01_T3_test,0,5266,175.53333333333333,-0.40769789524596156,0.406623215420441
UBFC_PHYS_s01_T3_test,0,5267,175.56666666666666,-0.44097245138836033,0.3330350692243621
UBFC_PHYS_s01_T3_test,0,5268,175.6,-0.43953448957870184,0.23548299937316336
UBFC_PHYS_s01_T3_test,0,5269,175.63333333333333,-0.39157755350062967,0.12481458099761536
UBFC_PHYS_s01_T3_test,0,5270,175.66666666666666,-0.29270508696414627,0.013865599736716694
UBFC_PHYS_s01_T3_test,0,5271,175.7,-0.15444795598996114,-0.08211435996477738
UBFC_PHYS_s01_T3_test,0,5272,175.73333333333332,-0.0028688502385252473,-0.15593432907242458
UBFC_PHYS_s01_T3_test,0,5273,175.76666666666668,0.13255428519626955,-0.2079777219297047
UBFC_PHYS_s01_T3_test,0,5274,175.8,0.22971653375983694,-0.23645177711999038
UBFC_PHYS_s01_T3_test,0,5275,175.83333333333334,0.2778282291037808,-0.23706225270447667
UBFC_PHYS_s01_T3_test,0,5276,175.86666666666667,0.2762997689431969,-0.2129068373273506
UBFC_PHYS_s01_T3_test,0,5277,175.9,0.23262650286733444,-0.1743778164721274
UBFC_PHYS_s01_T3_test,0,5278,175.93333333333334,0.1599283308731486,-0.12908906645100968
UBFC_PHYS_s01_T3_test,0,5279,175.96666666666667,0.07235410985935431,-0.081929411103961
