recording_id,measurement_id,sample_index,time_seconds,gt_signal,predicted_signal
BH_s20_medium,0,0,0.0,-0.12809586380078944,0.08364823000708071
BH_s20_medium,0,1,0.03333333333333333,-0.3557703824219722,0.3944941886127365
BH_s20_medium,0,2,0.06666666666666667,-0.5619563770313346,0.735431173244161
BH_s20_medium,0,3,0.1,-0.7284222903854083,1.0745180190988113
BH_s20_medium,0,4,0.13333333333333333,-0.8365267744848055,1.3810549543213417
BH_s20_medium,0,5,0.16666666666666666,-0.8639093824017462,1.6240242140167869
BH_s20_medium,0,6,0.2,-0.7846818361321855,1.7752912074735985
BH_s20_medium,0,7,0.23333333333333334,-0.5765986688244746,1.8086583764651507
BH_s20_medium,0,8,0.26666666666666666,-0.2461731059669101,1.7228410561766596
BH_s20_medium,0,9,0.3,0.14956162476371093,1.5412636264134327
BH_s20_medium,0,10,0.3333333333333333,0.5189565514476384,1.2904550257126557
BH_s20_medium,0,11,0.36666666666666664,0.7825514052706963,1.000605869600628
BH_s20_medium,0,12,0.4,0.9155770891129789,0.7009888745530747
BH_s20_medium,0,13,0.43333333333333335,0.9419150693238562,0.4212353093236836
BH_s20_medium,0,14,0.4666666666666667,0.8959321497380357,0.1734873568592421
BH_s20_medium,0,15,0.5,0.8051225188946024,-0.045887910701649756
BH_s20_medium,0,16,0.5333333333333333,0.6922298067471387,-0.24797933590273016
BH_s20_medium,0,17,0.5666666666666667,0.574444805383731,-0.4493756858582491
BH_s20_medium,0,18,0.6,0.45937928646380116,-0.6662796961690698
BH_s20_medium,0,19,0.6333333333333333,0.3463589330839814,-0.912541307804879
BH_s20_medium,0,20,0.6666666666666666,0.23287451905410358,-1.1779482166908992
BH_s20_medium,0,21,0.7,0.11871082437794227,-1.426718784031973
BH_s20_medium,0,22,0.7333333333333333,0.005202253024835221,-1.6147726975604912
BH_s20_medium,0,23,0.7666666666666667,-0.10496699554850517,-1.6892107972188757
BH_s20_medium,0,24,0.8,-0.21176259407625733,-1.6146651337864069
BH_s20_medium,0,25,0.8333333333333334,-0.31957310334519634,-1.373809649971267
BH_s20_medium,0,26,0.8666666666666667,-0.4312416667416089,-0.9756874639850454
BH_s20_medium,0,27,0.9,-0.546717274397549,-0.4572309381658943
BH_s20_medium,0,28,0.9333333333333333,-0.6650599702795041,0.11519420279122218
BH_s20_medium,0,29,0.9666666666666667,-0.7842783104685673,0.6439104977684398
BH_s20_medium,0,30,1.0,-0.8981344141491492,1.0742066439436526
BH_s20_medium,0,31,1.0333333333333334,-0.993224822297643,1.3920422357476114
BH_s20_medium,0,32,1.0666666666666667,-1.0511008739092482,1.5869508095401486
BH_s20_medium,0,33,1.1,-1.0476396458054276,1.6499870027469574
BH_s20_medium,0,34,1.1333333333333333,-0.9515814924454726,1.5790360830243175
BH_s20_medium,0,35,1.1666666666666667,-0.7317167074127503,1.3783630921135077
BH_s20_medium,0,36,1.2,-0.37908912076707435,1.0681285083906746
BH_s20_medium,0,37,1.2333333333333334,0.06520659307494914,0.6852075983586012
BH_s20_medium,0,38,1.2666666666666666,0.5102898340515186,0.2653797843973462
BH_s20_medium,0,39,1.3,0.8595878928552898,-0.1549743943707186
BH_s20_medium,0,40,1.3333333333333333,1.0664569965796171,-0.5296467621358637
BH_s20_medium,0,41,1.3666666666666667,1.1442049808509493,-0.8009205669557916
BH_s20_medium,0,42,1.4,1.1291133183861684,-0.9378020629997776
BH_s20_medium,0,43,1.4333333333333333,1.0492175126552399,-0.9349611459570883
BH_s20_medium,0,44,1.4666666666666666,0.9237785118500706,-0.8115545895392714
BH_s20_medium,0,45,1.5,0.7725252868447363,-0.6106853125200409
BH_s20_medium,0,46,1.5333333333333334,0.6162044508302464,-0.3740979251169507
BH_s20_medium,0,47,1.5666666666666667,0.47020457058487114,-0.1424109451002526
BH_s20_medium,0,48,1.6,0.3377337409180465,0.04152590816680249
BH_s20_medium,0,49,1.6333333333333333,0.2150705428959044,0.1322030664316379
BH_s20_medium,0,50,1.6666666666666667,0.10282688203550551,0.12014529837588256
BH_s20_medium,0,51,1.7,0.00473751244880892,0.0315242404685669
BH_s20_medium,0,52,1.7333333333333334,-0.07906117896251075,-0.10195830392995894
BH_s20_medium,0,53,1.7666666666666666,-0.15305251486317561,-0.24336573218350732
BH_s20_medium,0,54,1.8,-0.22375393261912252,-0.35191764823928107
BH_s20_medium,0,55,1.8333333333333333,-0.2970301471763267,-0.38317254864040706
BH_s20_medium,0,56,1.8666666666666667,-0.3768520137622125,-0.3282530836610455
BH_s20_medium,0,57,1.9,-0.46700094966955014,-0.21389983940574336
BH_s20_medium,0,58,1.9333333333333333,-0.570337062539928,-0.06550935516647553
BH_s20_medium,0,59,1.9666666666666666,-0.6846700679379759,0.09275906165861456
BH_s20_medium,0,60,2.0,-0.8030085403830276,0.24965152296956367
BH_s20_medium,0,61,2.033333333333333,-0.913767214131658,0.40599801285662823
BH_s20_medium,0,62,2.066666666666667,-0.9994053153834344,0.5498488006978469
BH_s20_medium,0,63,2.1,-1.0385497971891815,0.6556985705001477
BH_s20_medium,0,64,2.1333333333333333,-1.0071808122686998,0.7058518885643157
BH_s20_medium,0,65,2.1666666666666665,-0.8755143806036743,0.6901901099748742
BH_s20_medium,0,66,2.2,-0.6158029910373707,0.6095567442302746
BH_s20_medium,0,67,2.2333333333333334,-0.2308220238562282,0.47587794690437
BH_s20_medium,0,68,2.2666666666666666,0.221204617714105,0.3086843000232287
BH_s20_medium,0,69,2.3,0.6418031905054747,0.13555457253227343
BH_s20_medium,0,70,2.3333333333333335,0.947652510356807,-0.019585859916813178
BH_s20_medium,0,71,2.3666666666666667,1.1133917229984176,-0.13585264598748698
BH_s20_medium,0,72,2.4,1.1626640210624555,-0.21002216046441546
BH_s20_medium,0,73,2.433333333333333,1.1318272684773187,-0.2557228919775947
BH_s20_medium,0,74,2.466666666666667,1.046002332787348,-0.2815924223603532
BH_s20_medium,0,75,2.5,0.9213545637937499,-0.2906314584305609
BH_s20_medium,0,76,2.533333333333333,0.7763315406397711,-0.2882429530459935
BH_s20_medium,0,77,2.566666666666667,0.6261920992257977,-0.28194650718005027
BH_s20_medium,0,78,2.6,0.47330792822299517,-0.27486851894499
BH_s20_medium,0,79,2.6333333333333333,0.3138255267397467,-0.26564129630131333
BH_s20_medium,0,80,2.6666666666666665,0.14790846766709556,-0.25817978412082143
BH_s20_medium,0,81,2.7,-0.017560882522827587,-0.26159152937942304
BH_s20_medium,0,82,2.7333333333333334,-0.17491720513268838,-0.2796214584810851
BH_s20_medium,0,83,2.7666666666666666,-0.321249187558616,-0.3104905240452284
BH_s20_medium,0,84,2.8,-0.4552685802672533,-0.34181531416306854
BH_s20_medium,0,85,2.8333333333333335,-0.578621217551393,-0.35072906743093546
BH_s20_medium,0,86,2.8666666666666667,-0.6970686588824248,-0.3190773149679896
BH_s20_medium,0,87,2.9,-0.8123842635060751,-0.2338753978270684
BH_s20_medium,0,88,2.933333333333333,-0.9188473674169401,-0.1014660009779085
BH_s20_medium,0,89,2.966666666666667,-1.0051553730262284,0.05204480037501048
BH_s20_medium,0,90,3.0,-1.0519918070717436,0.20938073479897676
BH_s20_medium,0,91,3.033333333333333,-1.033586247926091,0.36147900728632815
BH_s20_medium,0,92,3.066666666666667,-0.9207101474504863,0.49740583191600996
BH_s20_medium,0,93,3.1,-0.6840550122190745,0.6035660119088329
BH_s20_medium,0,94,3.1333333333333333,-0.32114564177633875,0.6616491746814815
BH_s20_medium,0,95,3.1666666666666665,0.11484671981235718,0.6483830199650346
BH_s20_medium,0,96,3.2,0.5286785476657324,0.5628956561486033
BH_s20_medium,0,97,3.2333333333333334,0.8360027205747087,0.4268259371706507
BH_s20_medium,0,98,3.2666666666666666,1.0099052845994558,0.25978223750427804
BH_s20_medium,0,99,3.3,1.072527706183987,0.07974586882716904
BH_s20_medium,0,100,3.3333333333333335,1.0537703692493023,-0.09576329702831676
BH_s20_medium,0,101,3.3666666666666667,0.9752716745250679,-0.2489077882599125
BH_s20_medium,0,102,3.4,0.859371363323485,-0.36633982180081215
BH_s20_medium,0,103,3.433333333333333,0.7288984004611091,-0.4384984406169711
BH_s20_medium,0,104,3.466666666666667,0.5987507138242874,-0.46253468097782435
BH_s20_medium,0,105,3.5,0.47258767870427687,-0.441894569139622
BH_s20_medium,0,106,3.533333333333333,0.34721234812978585,-0.4020681785114493
BH_s20_medium,0,107,3.566666666666667,0.22176795012858594,-0.39003267564627475
BH_s20_medium,0,108,3.6,0.10112000372018783,-0.42250793943926507
BH_s20_medium,0,109,3.6333333333333333,-0.008071406916355453,-0.4856038716145546
BH_s20_medium,0,110,3.6666666666666665,-0.10353598993621149,-0.5452136091618283
BH_s20_medium,0,111,3.7,-0.18895394256471892,-0.5475993359847501
BH_s20_medium,0,112,3.7333333333333334,-0.2711525523694379,-0.4671415070884837
BH_s20_medium,0,113,3.7666666666666666,-0.35688737209375243,-0.3071244991641093
BH_s20_medium,0,114,3.8,-0.4513151067310498,-0.08599874895626597
BH_s20_medium,0,115,3.8333333333333335,-0.5588650704302752,0.16193572416702656
BH_s20_medium,0,116,3.8666666666666667,-0.6809597075020722,0.4036593696623376
BH_s20_medium,0,117,3.9,-0.811801029260595,0.606542488111975
BH_s20_medium,0,118,3.933333333333333,-0.938851151718159,0.7554363673197232
BH_s20_medium,0,119,3.966666666666667,-1.0462840132550395,0.851600919658305
BH_s20_medium,0,120,4.0,-1.1155345757274202,0.8886486709928532
BH_s20_medium,0,121,4.033333333333333,-1.1231189002559878,0.8520008142121811
BH_s20_medium,0,122,4.066666666666666,-1.0397474462519125,0.7406282080957235
BH_s20_medium,0,123,4.1,-0.8332274230147011,0.5673240802932796
BH_s20_medium,0,124,4.133333333333334,-0.48711604460410435,0.34896084424232565
BH_s20_medium,0,125,4.166666666666667,-0.03322820106379374,0.10724553443418991
BH_s20_medium,0,126,4.2,0.4412839336633434,-0.13152085544827097
BH_s20_medium,0,127,4.233333333333333,0.8356260381988765,-0.33545325414164623
BH_s20_medium,0,128,4.266666666666667,1.09308913746425,-0.4813756693801944
BH_s20_medium,0,129,4.3,1.2185849027232536,-0.5540006518105454
BH_s20_medium,0,130,4.333333333333333,1.2438031690051574,-0.5511703386713079
BH_s20_medium,0,131,4.366666666666666,1.1922751450537576,-0.4833655248832974
BH_s20_medium,0,132,4.4,1.0801944627915663,-0.36270245511967025
BH_s20_medium,0,133,4.433333333333334,0.9281057390001701,-0.20303557369187397
BH_s20_medium,0,134,4.466666666666667,0.7593919321120166,-0.030224954052235298
BH_s20_medium,0,135,4.5,0.5911342144388385,0.1174971283313099
BH_s20_medium,0,136,4.533333333333333,0.4297842764648473,0.20895492048373568
BH_s20_medium,0,137,4.566666666666666,0.27642214483977695,0.21989835087397494
BH_s20_medium,0,138,4.6,0.13331749623298553,0.14809296202097913
BH_s20_medium,0,139,4.633333333333334,0.00549121940709886,0.013331814829042908
BH_s20_medium,0,140,4.666666666666667,-0.10122762953732048,-0.1528811150115319
BH_s20_medium,0,141,4.7,-0.18577692076664368,-0.30725067494633856
BH_s20_medium,0,142,4.733333333333333,-0.2542827532543571,-0.42318086974259667
BH_s20_medium,0,143,4.766666666666667,-0.3151097497548814,-0.49041621027432303
BH_s20_medium,0,144,4.8,-0.37495226619966127,-0.4882812228328583
BH_s20_medium,0,145,4.833333333333333,-0.4405443480061252,-0.3857781601111312
BH_s20_medium,0,146,4.866666666666666,-0.5179790905631718,-0.18274476009055093
BH_s20_medium,0,147,4.9,-0.6096108264694718,0.08942216234878715
BH_s20_medium,0,148,4.933333333333334,-0.7133926418830745,0.3828687979884726
BH_s20_medium,0,149,4.966666666666667,-0.8209742298690592,0.6327305884452156
BH_s20_medium,0,150,5.0,-0.9184588896924404,0.8019237463094018
BH_s20_medium,0,151,5.033333333333333,-0.9885821998934582,0.8804462925130545
BH_s20_medium,0,152,5.066666666666666,-1.008924429290058,0.8649066056484704
BH_s20_medium,0,153,5.1,-0.9522475487281928,0.7580885452932088
BH_s20_medium,0,154,5.133333333333334,-0.7882169278012833,0.5715490337722908
BH_s20_medium,0,155,5.166666666666667,-0.4936829094597925,0.32608698642492234
BH_s20_medium,0,156,5.2,-0.08529652160778597,0.04629953504558141
BH_s20_medium,0,157,5.233333333333333,0.36307085182106086,-0.23832824306056882
BH_s20_medium,0,158,5.266666666666667,0.7509223185010928,-0.4877439096083022
BH_s20_medium,0,159,5.3,1.007722430864158,-0.6504050905332757
BH_s20_medium,0,160,5.333333333333333,1.1257128600429058,-0.7035371487740018
BH_s20_medium,0,161,5.366666666666666,1.1384269931135702,-0.6525956863462878
BH_s20_medium,0,162,5.4,1.0803436351589073,-0.5379687114310407
BH_s20_medium,0,163,5.433333333333334,0.9756939659542081,-0.4341645655692412
BH_s20_medium,0,164,5.466666666666667,0.8476511471214783,-0.37261487669486465
BH_s20_medium,0,165,5.5,0.7147815073904222,-0.3415174426287429
BH_s20_medium,0,166,5.533333333333333,0.5841175047998358,-0.33146056209680796
BH_s20_medium,0,167,5.566666666666666,0.4524636701791298,-0.33594079702943497
BH_s20_medium,0,168,5.6,0.31492789148445677,-0.35208195157107663
BH_s20_medium,0,169,5.633333333333334,0.1729614190591639,-0.3807272180591182
BH_s20_medium,0,170,5.666666666666667,0.03288383932275804,-0.403487883246128
BH_s20_medium,0,171,5.7,-0.0980724541104111,-0.38312271344829907
BH_s20_medium,0,172,5.733333333333333,-0.21788414810088674,-0.2946768701493283
BH_s20_medium,0,173,5.766666666666667,-0.33110634097118097,-0.12640898558696914
BH_s20_medium,0,174,5.8,-0.44333667947988953,0.10196675430212132
BH_s20_medium,0,175,5.833333333333333,-0.5578506001517642,0.3385809115504105
BH_s20_medium,0,176,5.866666666666666,-0.6765277270245369,0.552488608130846
BH_s20_medium,0,177,5.9,-0.7993555457673207,0.7328122456135238
BH_s20_medium,0,178,5.933333333333334,-0.91957332770219,0.8717840455770064
BH_s20_medium,0,179,5.966666666666667,-1.0245561137617532,0.963640665603791
BH_s20_medium,0,180,6.0,-1.097309261133173,0.9986690901596702
BH_s20_medium,0,181,6.033333333333333,-1.1135314566014443,0.9628129631712827
BH_s20_medium,0,182,6.066666666666666,-1.0441641365643866,0.8537152182281935
BH_s20_medium,0,183,6.1,-0.8574827918405085,0.6810515068180455
BH_s20_medium,0,184,6.133333333333334,-0.5330969010532197,0.46173005724723487
BH_s20_medium,0,185,6.166666666666667,-0.09719715110541582,0.2206723388388212
BH_s20_medium,0,186,6.2,0.36755063942388,-0.02043958803776618
BH_s20_medium,0,187,6.233333333333333,0.7612406020138285,-0.24201352310690571
BH_s20_medium,0,188,6.266666666666667,1.0208017845824116,-0.42406138926889947
BH_s20_medium,0,189,6.3,1.1429266068941324,-0.5451322041482963
BH_s20_medium,0,190,6.333333333333333,1.1585798934595914,-0.5951052152578272
BH_s20_medium,0,191,6.366666666666666,1.098721860933858,-0.5745593084402899
BH_s20_medium,0,192,6.4,0.9854423407253166,-0.4997877421369169
BH_s20_medium,0,193,6.433333333333334,0.8388275718218183,-0.4024299986394554
BH_s20_medium,0,194,6.466666666666667,0.6809250987326111,-0.30824812055414
BH_s20_medium,0,195,6.5,0.5290163749053862,-0.2370511263137599
BH_s20_medium,0,196,6.533333333333333,0.39020203899297057,-0.20365576354590412
BH_s20_medium,0,197,6.566666666666666,0.26551926250206637,-0.21795785919454297
BH_s20_medium,0,198,6.6,0.15570149608893932,-0.2838744185982882
BH_s20_medium,0,199,6.633333333333334,0.062179358301956755,-0.39913732545181635
BH_s20_medium,0,200,6.666666666666667,-0.016174245527025774,-0.5412052015133546
BH_s20_medium,0,201,6.7,-0.08245513290265681,-0.667116603500958
BH_s20_medium,0,202,6.733333333333333,-0.13807185554325413,-0.743533442548978
BH_s20_medium,0,203,6.766666666666667,-0.18518054077894658,-0.7468469690366389
BH_s20_medium,0,204,6.8,-0.2295885497948254,-0.6597011278343853
BH_s20_medium,0,205,6.833333333333333,-0.279835695881209,-0.4715293253875964
BH_s20_medium,0,206,6.866666666666666,-0.3439328668758596,-0.19485074986266773
BH_s20_medium,0,207,6.9,-0.42710313373391073,0.13367669136366228
BH_s20_medium,0,208,6.933333333333334,-0.5315186663786191,0.4743938921297697
BH_s20_medium,0,209,6.966666666666667,-0.6528028144601232,0.7833689302633046
BH_s20_medium,0,210,7.0,-0.7794372343257998,1.0337059789060132
BH_s20_medium,0,211,7.033333333333333,-0.8969613427609824,1.2140616643090467
BH_s20_medium,0,212,7.066666666666666,-0.9921189382407887,1.3165989464470447
BH_s20_medium,0,213,7.1,-1.0500669130050135,1.335900358882632
BH_s20_medium,0,214,7.133333333333334,-1.0472316978584613,1.2704804421654974
BH_s20_medium,0,215,7.166666666666667,-0.951676326177675,1.1226993399544738
BH_s20_medium,0,216,7.2,-0.7283293147703296,0.8989489555623007
BH_s20_medium,0,217,7.233333333333333,-0.36260241966317686,0.6105658957712123
BH_s20_medium,0,218,7.266666666666667,0.10238590477304899,0.2817578400843486
BH_s20_medium,0,219,7.3,0.5674449838533131,-0.04896586835495213
BH_s20_medium,0,220,7.333333333333333,0.928938079125084,-0.34605397923830944
BH_s20_medium,0,221,7.366666666666666,1.1363631761740707,-0.5754925606788381
BH_s20_medium,0,222,7.4,1.2044565021306117,-0.7209841699217235
BH_s20_medium,0,223,7.433333333333334,1.1741896795557776,-0.7826965440661906
BH_s20_medium,0,224,7.466666666666667,1.0784933268292245,-0.7803649693629439
BH_s20_medium,0,225,7.5,0.9410829180202912,-0.7522150308698772
BH_s20_medium,0,226,7.533333333333333,0.7830052518235466,-0.7213441726110462
BH_s20_medium,0,227,7.566666666666666,0.6236217736332837,-0.6952116415091685
BH_s20_medium,0,228,7.6,0.4763700052822585,-0.6795355540903055
BH_s20_medium,0,229,7.633333333333334,0.34231611253872557,-0.6782957381432454
BH_s20_medium,0,230,7.666666666666667,0.21732212664043893,-0.6891223522808525
BH_s20_medium,0,231,7.7,0.10270850922830033,-0.7033825822762351
BH_s20_medium,0,232,7.733333333333333,0.002249061278195394,-0.7049714433939203
BH_s20_medium,0,233,7.766666666666667,-0.08416351918199988,-0.6707107359880146
BH_s20_medium,0,234,7.8,-0.1596107854626272,-0.5821932133645475
BH_s20_medium,0,235,7.833333333333333,-0.2281313542903377,-0.426617681851288
BH_s20_medium,0,236,7.866666666666666,-0.29505146786265823,-0.21205395188518852
BH_s20_medium,0,237,7.9,-0.36502314963753923,0.03160224565532427
BH_s20_medium,0,238,7.933333333333334,-0.44174931014131275,0.28519934419078097
BH_s20_medium,0,239,7.966666666666667,-0.5289827611219078,0.5390610304957166
BH_s20_medium,0,240,8.0,-0.6292701661743465,0.7830748499121309
BH_s20_medium,0,241,8.033333333333333,-0.7393410494864531,1.0050997013878842
BH_s20_medium,0,242,8.066666666666666,-0.8467781077704879,1.1849131504069843
BH_s20_medium,0,243,8.1,-0.9337481982388705,1.2931591365508857
BH_s20_medium,0,244,8.133333333333333,-0.9802834935476188,1.3138004045768976
BH_s20_medium,0,245,8.166666666666666,-0.9631199488752777,1.2437894323245708
BH_s20_medium,0,246,8.2,-0.8542949255882827,1.0895581504072098
BH_s20_medium,0,247,8.233333333333333,-0.6252852300768348,0.8673502101588045
BH_s20_medium,0,248,8.266666666666667,-0.2712273430106251,0.5976744287384786
BH_s20_medium,0,249,8.3,0.15904873018350657,0.30635083864296486
BH_s20_medium,0,250,8.333333333333334,0.5697785123815239,0.021444240645995163
BH_s20_medium,0,251,8.366666666666667,0.8696788194982248,-0.22539089254725686
BH_s20_medium,0,252,8.4,1.025944559535334,-0.41797159271680984
BH_s20_medium,0,253,8.433333333333334,1.064056545799902,-0.5542075412442444
BH_s20_medium,0,254,8.466666666666667,1.02367535926054,-0.635968143423775
BH_s20_medium,0,255,8.5,0.9339013012093539,-0.667977865707905
BH_s20_medium,0,256,8.533333333333333,0.8175391642768293,-0.665456561340261
BH_s20_medium,0,257,8.566666666666666,0.6935713879927705,-0.65339032972898
BH_s20_medium,0,258,8.6,0.5729643990436597,-0.6535793708514991
BH_s20_medium,0,259,8.633333333333333,0.45653228412810454,-0.6840577149677728
BH_s20_medium,0,260,8.666666666666666,0.3400608077625326,-0.7424534977200948
BH_s20_medium,0,261,8.7,0.22261317876128228,-0.8058288143646007
BH_s20_medium,0,262,8.733333333333333,0.11006008495444636,-0.8567575804587221
BH_s20_medium,0,263,8.766666666666667,0.01156247912089639,-0.8833940256932188
BH_s20_medium,0,264,8.8,-0.06876078772392871,-0.870083142423443
BH_s20_medium,0,265,8.833333333333334,-0.13324091263768773,-0.7976698570364132
BH_s20_medium,0,266,8.866666666666667,-0.18699280027788748,-0.648203327378303
BH_s20_medium,0,267,8.9,-0.23623989423182026,-0.4060439287491961
BH_s20_medium,0,268,8.933333333333334,-0.28818288110643203,-0.08776002730666899
BH_s20_medium,0,269,8.966666666666667,-0.35120942327283483,0.25653143163963626
BH_s20_medium,0,270,9.0,-0.4324431973508146,0.5921358497531074
BH_s20_medium,0,271,9.033333333333333,-0.5350003290625213,0.8982316109220159
BH_s20_medium,0,272,9.066666666666666,-0.6563291464023431,1.1570389986068155
BH_s20_medium,0,273,9.1,-0.7881883302790713,1.3520710249393657
BH_s20_medium,0,274,9.133333333333333,-0.9169114470868147,1.4694829666258742
BH_s20_medium,0,275,9.166666666666666,-1.0240254128785784,1.4970302504124107
BH_s20_medium,0,276,9.2,-1.0871268750428045,1.4254286073828646
BH_s20_medium,0,277,9.233333333333333,-1.0785241018050193,1.248411597571932
BH_s20_medium,0,278,9.266666666666667,-0.9645045927642377,0.9713457002355113
BH_s20_medium,0,279,9.3,-0.7116291776198619,0.6123628361254121
BH_s20_medium,0,280,9.333333333333334,-0.3159395417449901,0.20582442806395368
BH_s20_medium,0,281,9.366666666666667,0.16575688629225352,-0.19605179121453786
BH_s20_medium,0,282,9.4,0.6288683325152906,-0.5476460970986662
BH_s20_medium,0,283,9.433333333333334,0.9768973437228781,-0.8083111455112382
BH_s20_medium,0,284,9.466666666666667,1.173314861837136,-0.9613895619702002
BH_s20_medium,0,285,9.5,1.2382293072155717,-1.0127618238226366
BH_s20_medium,0,286,9.533333333333333,1.2073949216876294,-0.9746787572562319
BH_s20_medium,0,287,9.566666666666666,1.1082109823051973,-0.8649834614888585
BH_s20_medium,0,288,9.6,0.9624838005733538,-0.7074414526566338
BH_s20_medium,0,289,9.633333333333333,0.7935183427576002,-0.531800546907416
BH_s20_medium,0,290,9.666666666666666,0.6237892497063768,-0.3667083852532838
BH_s20_medium,0,291,9.7,0.46606751722162976,-0.2401243957221906
BH_s20_medium,0,292,9.733333333333333,0.32110345276903346,-0.167133801560655
BH_s20_medium,0,293,9.766666666666667,0.18832018635992842,-0.1504199167174612
BH_s20_medium,0,294,9.8,0.0714335801372868,-0.17821521057493145
BH_s20_medium,0,295,9.833333333333334,-0.025510671657080056,-0.22477899557739767
BH_s20_medium,0,296,9.866666666666667,-0.10229952089554359,-0.27287760701963604
BH_s20_medium,0,297,9.9,-0.16171635798058487,-0.3139809613923092
BH_s20_medium,0,298,9.933333333333334,-0.20638560098459438,-0.3293914630179281
BH_s20_medium,0,299,9.966666666666667,-0.2405843429077271,-0.29053075036379655
BH_s20_medium,0,300,10.0,-0.2721129452417348,-0.17951191942099348
BH_s20_medium,0,301,10.033333333333333,-0.31146968056781243,0.010022470383352407
BH_s20_medium,0,302,10.066666666666666,-0.3667721836454656,0.2611888423803601
BH_s20_medium,0,303,10.1,-0.4414218042133158,0.5329530749797037
BH_s20_medium,0,304,10.133333333333333,-0.5353220984967159,0.787000956940993
BH_s20_medium,0,305,10.166666666666666,-0.643439894212023,0.986871213103983
BH_s20_medium,0,306,10.2,-0.7561199409240265,1.1101970317675085
BH_s20_medium,0,307,10.233333333333333,-0.8596714776536707,1.147915611235345
BH_s20_medium,0,308,10.266666666666667,-0.9372614735578189,1.099534006304498
BH_s20_medium,0,309,10.3,-0.969749417704562,0.9728945681803937
BH_s20_medium,0,310,10.333333333333334,-0.9337977889845595,0.7876867885556474
BH_s20_medium,0,311,10.366666666666667,-0.7990396098344207,0.5758323691263075
BH_s20_medium,0,312,10.4,-0.5360862415925818,0.3525997878507271
BH_s20_medium,0,313,10.433333333333334,-0.14852648339892643,0.11774532627421364
BH_s20_medium,0,314,10.466666666666667,0.29944238443778753,-0.12092442666514201
BH_s20_medium,0,315,10.5,0.7037228083189965,-0.3460230224944897
BH_s20_medium,0,316,10.533333333333333,0.9791287250239173,-0.5484232476695053
BH_s20_medium,0,317,10.566666666666666,1.1055592798022904,-0.7258382661910874
BH_s20_medium,0,318,10.6,1.1163862203804453,-0.882057173646851
BH_s20_medium,0,319,10.633333333333333,1.0531424837831738,-1.025510100463155
BH_s20_medium,0,320,10.666666666666666,0.9452563292496718,-1.1398407219843012
BH_s20_medium,0,321,10.7,0.81413906706078,-1.1833189868933252
BH_s20_medium,0,322,10.733333333333333,0.6772442586360455,-1.1582163207414171
BH_s20_medium,0,323,10.766666666666667,0.5466110860791041,-1.110427650447468
BH_s20_medium,0,324,10.8,0.4241831843160056,-1.0374241151090449
BH_s20_medium,0,325,10.833333333333334,0.3043650552546912,-0.8886974379692778
BH_s20_medium,0,326,10.866666666666667,0.1854423019247412,-0.6475312843397368
BH_s20_medium,0,327,10.9,0.07209951087281066,-0.33260278442904356
BH_s20_medium,0,328,10.933333333333334,-0.0307416711674883,0.02413033227142144
BH_s20_medium,0,329,10.966666666666667,-0.1233784203874831,0.3760239248797318
BH_s20_medium,0,330,11.0,-0.20992808725116024,0.6942545067587008
BH_s20_medium,0,331,11.033333333333333,-0.2947541422033216,0.9660551163864473
BH_s20_medium,0,332,11.066666666666666,-0.3839592333063715,1.1770175686872726
BH_s20_medium,0,333,11.1,-0.48320644754930475,1.309496598220997
BH_s20_medium,0,334,11.133333333333333,-0.5945322981015427,1.3520961494635872
BH_s20_medium,0,335,11.166666666666666,-0.7159770742052316,1.2990052971183828
BH_s20_medium,0,336,11.2,-0.840822789215108,1.1522109388408106
BH_s20_medium,0,337,11.233333333333333,-0.9569068563340096,0.9218043454125134
BH_s20_medium,0,338,11.266666666666667,-1.0461048039788254,0.6290672009414571
BH_s20_medium,0,339,11.3,-1.0840105805287454,0.30752016556202977
BH_s20_medium,0,340,11.333333333333334,-1.0423804166275203,-0.0021153432605537335
BH_s20_medium,0,341,11.366666666666667,-0.8895663314159237,-0.25075235542297913
BH_s20_medium,0,342,11.4,-0.5984441738743291,-0.41394846518564254
BH_s20_medium,0,343,11.433333333333334,-0.1806299497101269,-0.49077890835551985
BH_s20_medium,0,344,11.466666666666667,0.28941748835962666,-0.48976356440396107
BH_s20_medium,0,345,11.5,0.7054698343450765,-0.42801511463718256
BH_s20_medium,0,346,11.533333333333333,0.9910824360575166,-0.32866041240304844
BH_s20_medium,0,347,11.566666666666666,1.1338142218711837,-0.22056347511304547
BH_s20_medium,0,348,11.6,1.1645134963353339,-0.1322603410740981
BH_s20_medium,0,349,11.633333333333333,1.1163908367582163,-0.09186883847317219
BH_s20_medium,0,350,11.666666666666666,1.0114306626009022,-0.11242862583712689
BH_s20_medium,0,351,11.7,0.8700265636321187,-0.1917889528221268
BH_s20_medium,0,352,11.733333333333333,0.7156062488484165,-0.31674035565202374
BH_s20_medium,0,353,11.766666666666667,0.5675452934086177,-0.4628217855507528
BH_s20_medium,0,354,11.8,0.4323463253503384,-0.6113957974015602
BH_s20_medium,0,355,11.833333333333334,0.3061826906690159,-0.7491579958280454
BH_s20_medium,0,356,11.866666666666667,0.1863968591623981,-0.8634746757984623
BH_s20_medium,0,357,11.9,0.07623452476113074,-0.9418035323955268
BH_s20_medium,0,358,11.933333333333334,-0.018025918305772742,-0.9612976173321488
BH_s20_medium,0,359,11.966666666666667,-0.09379256598754238,-0.8889683152085295
BH_s20_medium,0,360,12.0,-0.15369836909188453,-0.7081213774984714
BH_s20_medium,0,361,12.033333333333333,-0.20227674314520386,-0.4194382109464596
BH_s20_medium,0,362,12.066666666666666,-0.24795758773492454,-0.05725247679514445
BH_s20_medium,0,363,12.1,-0.3026710189135311,0.3092820740212714
BH_s20_medium,0,364,12.133333333333333,-0.37603998960433727,0.6428437863953075
BH_s20_medium,0,365,12.166666666666666,-0.4709167175272436,0.9363093668463861
BH_s20_medium,0,366,12.2,-0.5840613199345119,1.1848888977777434
BH_s20_medium,0,367,12.233333333333333,-0.7103244506569653,1.3840969340295939
BH_s20_medium,0,368,12.266666666666667,-0.8419620391074116,1.5122968449787757
BH_s20_medium,0,369,12.3,-0.9655423974882281,1.5298614798935184
BH_s20_medium,0,370,12.333333333333334,-1.0619519635002064,1.4237838461579686
BH_s20_medium,0,371,12.366666666666667,-1.1079280529498614,1.207925347826242
BH_s20_medium,0,372,12.4,-1.0754038534535528,0.9018847946205856
BH_s20_medium,0,373,12.433333333333334,-0.9286713684168731,0.5320142475346571
BH_s20_medium,0,374,12.466666666666667,-0.6382591090363782,0.13102352609333892
BH_s20_medium,0,375,12.5,-0.21399529855970817,-0.26024987041085756
BH_s20_medium,0,376,12.533333333333333,0.27357706864975945,-0.6024133524175745
BH_s20_medium,0,377,12.566666666666666,0.7144459051835919,-0.8557705906292407
BH_s20_medium,0,378,12.6,1.0217840767887774,-0.9965620221973414
BH_s20_medium,0,379,12.633333333333333,1.1779954747006498,-1.0157482042680162
BH_s20_medium,0,380,12.666666666666666,1.2156519312358345,-0.920500249122848
BH_s20_medium,0,381,12.7,1.171090163200397,-0.733775298034997
BH_s20_medium,0,382,12.733333333333333,1.0667805032562558,-0.49494127893250706
BH_s20_medium,0,383,12.766666666666667,0.9204250266844792,-0.2599139479814112
BH_s20_medium,0,384,12.8,0.7525139450791254,-0.07482234196258483
BH_s20_medium,0,385,12.833333333333334,0.5844368541870687,0.023684065519612208
BH_s20_medium,0,386,12.866666666666667,0.4297437370199395,0.02770684376317875
BH_s20_medium,0,387,12.9,0.2898124079481645,-0.04235262027221459
BH_s20_medium,0,388,12.933333333333334,0.16337505891962895,-0.16104969471031874
BH_s20_medium,0,389,12.966666666666667,0.053053923792860405,-0.2981213364931254
BH_s20_medium,0,390,13.0,-0.037329549135305895,-0.4325837383246784
BH_s20_medium,0,391,13.033333333333333,-0.10648233648448038,-0.5523677771209855
BH_s20_medium,0,392,13.066666666666666,-0.16012882785534188,-0.6281737846311509
BH_s20_medium,0,393,13.1,-0.20910656100121103,-0.6134866524292661
BH_s20_medium,0,394,13.133333333333333,-0.26145430247878,-0.49031643231407235
BH_s20_medium,0,395,13.166666666666666,-0.32118375514138353,-0.26986256233908645
BH_s20_medium,0,396,13.2,-0.39161046123810483,0.01949950225276631
BH_s20_medium,0,397,13.233333333333333,-0.47570154226523176,0.3314105954792694
BH_s20_medium,0,398,13.266666666666667,-0.5738481474000637,0.6221365274597294
BH_s20_medium,0,399,13.3,-0.6824049815567297,0.8495504845484112
BH_s20_medium,0,400,13.333333333333334,-0.7930666364612201,0.9979922088195573
BH_s20_medium,0,401,13.366666666666667,-0.8923151601266014,1.0770575441808752
BH_s20_medium,0,402,13.4,-0.9610147817692516,1.0915912239953804
BH_s20_medium,0,403,13.433333333333334,-0.9753418920714828,1.0409646430560842
BH_s20_medium,0,404,13.466666666666667,-0.9097040038708469,0.9208638446903179
BH_s20_medium,0,405,13.5,-0.737236041816206,0.7237782748807771
BH_s20_medium,0,406,13.533333333333333,-0.4388683776251903,0.45372392692895236
BH_s20_medium,0,407,13.566666666666666,-0.03336493550290059,0.12755685973865416
BH_s20_medium,0,408,13.6,0.4027039902441125,-0.22141772999914308
BH_s20_medium,0,409,13.633333333333333,0.7665382475303575,-0.5420419229745372
BH_s20_medium,0,410,13.666666666666666,0.9929778561026212,-0.7959081831480538
BH_s20_medium,0,411,13.7,1.0825107212202594,-0.9561420184986495
BH_s20_medium,0,412,13.733333333333333,1.0715930009564518,-1.0162429865043627
BH_s20_medium,0,413,13.766666666666667,0.9966241013793703,-0.9891052852999161
BH_s20_medium,0,414,13.8,0.8850992628858958,-0.8928697254148117
BH_s20_medium,0,415,13.833333333333334,0.758194541534574,-0.7505910449888543
BH_s20_medium,0,416,13.866666666666667,0.6294561523516214,-0.5845164075786802
BH_s20_medium,0,417,13.9,0.5044220257301361,-0.4164760595216529
BH_s20_medium,0,418,13.933333333333334,0.38335524454192565,-0.25553338500288586
BH_s20_medium,0,419,13.966666666666667,0.26502078864022166,-0.09895521734155092
BH_s20_medium,0,420,14.0,0.15243654053952876,0.04711282647181738
BH_s20_medium,0,421,14.033333333333333,0.05128307647516332,0.16666350793039986
BH_s20_medium,0,422,14.066666666666666,-0.036602918116195635,0.25284398188013313
BH_s20_medium,0,423,14.1,-0.11249417060835616,0.30725472005832105
BH_s20_medium,0,424,14.133333333333333,-0.17763897659076439,0.3371478608973355
BH_s20_medium,0,425,14.166666666666666,-0.23724862579288555,0.3547899079543697
BH_s20_medium,0,426,14.2,-0.29999108284149123,0.36638390438052065
BH_s20_medium,0,427,14.233333333333333,-0.37279734417535504,0.3717359169945754
BH_s20_medium,0,428,14.266666666666667,-0.46187356396487533,0.37530078826099234
BH_s20_medium,0,429,14.3,-0.5697265008350823,0.3860025336297337
BH_s20_medium,0,430,14.333333333333334,-0.692421778489639,0.40884010733694265
BH_s20_medium,0,431,14.366666666666667,-0.821077062594835,0.4446727973939944
BH_s20_medium,0,432,14.4,-0.9412319092519785,0.48945170434952556
BH_s20_medium,0,433,14.433333333333334,-1.0323492602277144,0.5341060489723083
BH_s20_medium,0,434,14.466666666666667,-1.0699692470949318,0.5674994846092363
BH_s20_medium,0,435,14.5,-1.0257948728944821,0.5764765760204233
BH_s20_medium,0,436,14.533333333333333,-0.8658814049667045,0.5481817541249022
BH_s20_medium,0,437,14.566666666666666,-0.5684729190266475,0.4704263658238233
BH_s20_medium,0,438,14.6,-0.15730853269974612,0.3377360232538904
BH_s20_medium,0,439,14.633333333333333,0.2904101699140622,0.15213542690558168
BH_s20_medium,0,440,14.666666666666666,0.6788828394145827,-0.07987925662396364
BH_s20_medium,0,441,14.7,0.9463312615119253,-0.34612738757736516
BH_s20_medium,0,442,14.733333333333333,1.0895809953826605,-0.6225172105149399
BH_s20_medium,0,443,14.766666666666667,1.1410964664771828,-0.8717713379938581
BH_s20_medium,0,444,14.8,1.1309243148869315,-1.071663484002695
BH_s20_medium,0,445,14.833333333333334,1.0739274348144887,-1.213830596588657
BH_s20_medium,0,446,14.866666666666667,0.9815746098525872,-1.2817404312353267
BH_s20_medium,0,447,14.9,0.8667345567979887,-1.2501321875854265
BH_s20_medium,0,448,14.933333333333334,0.7355493589518796,-1.1176255603458878
BH_s20_medium,0,449,14.966666666666667,0.5856794080645349,-0.9069976213253722
BH_s20_medium,0,450,15.0,0.41614483222970133,-0.6372922146396969
BH_s20_medium,0,451,15.033333333333333,0.23479808827129547,-0.3248160504515144
BH_s20_medium,0,452,15.066666666666666,0.05435650069310828,0.010902845627252966
BH_s20_medium,0,453,15.1,-0.11285266024444338,0.34538581152680725
BH_s20_medium,0,454,15.133333333333333,-0.2608294209275405,0.649039942633784
BH_s20_medium,0,455,15.166666666666666,-0.39357360847746775,0.8855542050714124
BH_s20_medium,0,456,15.2,-0.517840502878077,1.0394662357594926
BH_s20_medium,0,457,15.233333333333333,-0.637199455485872,1.1148578386257113
BH_s20_medium,0,458,15.266666666666667,-0.7540362481162,1.1192657483650277
BH_s20_medium,0,459,15.3,-0.8685944431886006,1.0628830834665686
BH_s20_medium,0,460,15.333333333333334,-0.9757033164735965,0.9511137205022573
BH_s20_medium,0,461,15.366666666666667,-1.0664940102020761,0.7847992309431852
BH_s20_medium,0,462,15.4,-1.1254821854636217,0.5722894509544144
BH_s20_medium,0,463,15.433333333333334,-1.125567654403253,0.33039322764713946
BH_s20_medium,0,464,15.466666666666667,-1.0308248178084092,0.08849050311948874
BH_s20_medium,0,465,15.5,-0.8070740165803783,-0.11056345876402515
BH_s20_medium,0,466,15.533333333333333,-0.44706006562312217,-0.24566895264087463
BH_s20_medium,0,467,15.566666666666666,0.004117162163802199,-0.3166346784203069
BH_s20_medium,0,468,15.6,0.45425600570449853,-0.32934770658829454
BH_s20_medium,0,469,15.633333333333333,0.811725705040867,-0.29506331356485105
BH_s20_medium,0,470,15.666666666666666,1.0368113501029517,-0.24165992299574404
BH_s20_medium,0,471,15.7,1.1424264244743738,-0.2130544630710655
BH_s20_medium,0,472,15.733333333333333,1.157937614856841,-0.23568143650782247
BH_s20_medium,0,473,15.766666666666667,1.1051999492636004,-0.3179215736644925
BH_s20_medium,0,474,15.8,0.9988074226904367,-0.45569196841524473
BH_s20_medium,0,475,15.833333333333334,0.8555931061911723,-0.6319779419734155
BH_s20_medium,0,476,15.866666666666667,0.697701654188444,-0.8274465990797321
BH_s20_medium,0,477,15.9,0.5424439569333777,-1.0197660834225766
BH_s20_medium,0,478,15.933333333333334,0.3958659813872007,-1.1608293714851654
BH_s20_medium,0,479,15.966666666666667,0.2589710861412714,-1.1768099458154127
BH_s20_medium,0,480,16.0,0.13354324371787477,-1.0312005374615194
BH_s20_medium,0,481,16.033333333333335,0.022854865963008356,-0.7258169730713319
BH_s20_medium,0,482,16.066666666666666,-0.07028849524301689,-0.30327013310129336
BH_s20_medium,0,483,16.1,-0.14666358952368416,0.15199562753404988
BH_s20_medium,0,484,16.133333333333333,-0.21140950607437098,0.5767234676031238
BH_s20_medium,0,485,16.166666666666668,-0.2721816248030954,0.9273261878138568
BH_s20_medium,0,486,16.2,-0.3364167406325447,1.1825416483224385
BH_s20_medium,0,487,16.233333333333334,-0.40922637059613987,1.3414669513014421
BH_s20_medium,0,488,16.266666666666666,-0.4951285114777709,1.4024189335083512
BH_s20_medium,0,489,16.3,-0.5973417386488993,1.3618005515289555
BH_s20_medium,0,490,16.333333333333332,-0.712228866765122,1.2245431080578517
BH_s20_medium,0,491,16.366666666666667,-0.8286389232681857,1.004241774525936
BH_s20_medium,0,492,16.4,-0.9321935618983284,0.7253962832205966
BH_s20_medium,0,493,16.433333333333334,-1.0072673060916175,0.42430181256163857
BH_s20_medium,0,494,16.466666666666665,-1.0350085146276702,0.13475877481421347
BH_s20_medium,0,495,16.5,-0.9909112512891879,-0.11069733605450977
BH_s20_medium,0,496,16.533333333333335,-0.8438983283678702,-0.29407111915547407
BH_s20_medium,0,497,16.566666666666666,-0.5693807085502278,-0.4106004076154216
BH_s20_medium,0,498,16.6,-0.17994278248073511,-0.4642612503231177
BH_s20_medium,0,499,16.633333333333333,0.25889874913514754,-0.4667412442123057
BH_s20_medium,0,500,16.666666666666668,0.6545366492414538,-0.43976049324065125
BH_s20_medium,0,501,16.7,0.9391884765998098,-0.41435022206424654
BH_s20_medium,0,502,16.733333333333334,1.0996155149730282,-0.41279102380122257
BH_s20_medium,0,503,16.766666666666666,1.15949427356609,-0.4480830632849251
BH_s20_medium,0,504,16.8,1.143521297513788,-0.5157808422154032
BH_s20_medium,0,505,16.833333333333332,1.065751365413446,-0.5938126790420263
BH_s20_medium,0,506,16.866666666666667,0.9408599307250564,-0.6599109733863608
BH_s20_medium,0,507,16.9,0.7886315996835704,-0.6916567838059258
BH_s20_medium,0,508,16.933333333333334,0.6272682455175209,-0.6693234571748102
BH_s20_medium,0,509,16.966666666666665,0.46466548551098247,-0.5761981462769871
BH_s20_medium,0,510,17.0,0.3014128271402087,-0.4050149001361249
BH_s20_medium,0,511,17.033333333333335,0.1411912960624846,-0.15882799354302024
BH_s20_medium,0,512,17.066666666666666,-0.009878693553688644,0.13959023222387038
BH_s20_medium,0,513,17.1,-0.14885345365720087,0.44663350407169217
BH_s20_medium,0,514,17.133333333333333,-0.27757717861138076,0.7238156202997654
BH_s20_medium,0,515,17.166666666666668,-0.39988977656168384,0.9366661930632265
BH_s20_medium,0,516,17.2,-0.5182073566560954,1.0586461458378402
BH_s20_medium,0,517,17.233333333333334,-0.6322158242133398,1.070374782712856
BH_s20_medium,0,518,17.266666666666666,-0.7397368764107652,0.966121400240116
BH_s20_medium,0,519,17.3,-0.8366084450948235,0.7538779024870379
BH_s20_medium,0,520,17.333333333333332,-0.914936872625291,0.45449654107404874
BH_s20_medium,0,521,17.366666666666667,-0.9612910505607674,0.10260536242283605
BH_s20_medium,0,522,17.4,-0.953458616160454,-0.26556264946987324
BH_s20_medium,0,523,17.433333333333334,-0.8628769073630957,-0.6106961824645645
BH_s20_medium,0,524,17.466666666666665,-0.6616716562723264,-0.8973367996568405
BH_s20_medium,0,525,17.5,-0.34088564121014353,-1.092436506988224
BH_s20_medium,0,526,17.533333333333335,0.060702841326597756,-1.1749616542422914
BH_s20_medium,0,527,17.566666666666666,0.4588286009433146,-1.1351197190714943
BH_s20_medium,0,528,17.6,0.7696644902517376,-0.9803553291182994
BH_s20_medium,0,529,17.633333333333333,0.9560459085525763,-0.7354520966216443
BH_s20_medium,0,530,17.666666666666668,1.029712587571545,-0.4311650853473947
BH_s20_medium,0,531,17.7,1.019125256325914,-0.10513092253873486
BH_s20_medium,0,532,17.733333333333334,0.9476879153173264,0.21026736970835438
BH_s20_medium,0,533,17.766666666666666,0.832666935678221,0.4864506259448087
BH_s20_medium,0,534,17.8,0.6904068282597969,0.7052333189145703
BH_s20_medium,0,535,17.833333333333332,0.5356841041983718,0.8573243918066936
BH_s20_medium,0,536,17.866666666666667,0.3736970116038647,0.9354580218087787
BH_s20_medium,0,537,17.9,0.20103828140247057,0.9334791698180704
BH_s20_medium,0,538,17.933333333333334,0.017184098498173733,0.8542755806939046
BH_s20_medium,0,539,17.966666666666665,-0.17188488193387513,0.7096907042671514
BH_s20_medium,0,540,18.0,-0.3585764939742506,0.5154406682789802
BH_s20_medium,0,541,18.033333333333335,-0.5353011590665366,0.2916978654641177
BH_s20_medium,0,542,18.066666666666666,-0.6950175241509565,0.06199983961160982
BH_s20_medium,0,543,18.1,-0.8316354028862428,-0.14580780051019882
BH_s20_medium,0,544,18.133333333333333,-0.9369457071672639,-0.30950989921390615
BH_s20_medium,0,545,18.166666666666668,-1.000299931334772,-0.41164100366517886
BH_s20_medium,0,546,18.2,-1.009844547921777,-0.4421074716274255
BH_s20_medium,0,547,18.233333333333334,-0.9501271899245454,-0.39770552375047147
BH_s20_medium,0,548,18.266666666666666,-0.7984085973495034,-0.2915906984419954
BH_s20_medium,0,549,18.3,-0.535181098006901,-0.15317148386024165
BH_s20_medium,0,550,18.333333333333332,-0.17625015869746652,-0.007990335627667572
BH_s20_medium,0,551,18.366666666666667,0.21390984674243407,0.12206676322416428
BH_s20_medium,0,552,18.4,0.5515809000778691,0.2266159124155478
BH_s20_medium,0,553,18.433333333333334,0.7821974804240202,0.30618707169488707
BH_s20_medium,0,554,18.466666666666665,0.9039839943498804,0.3524138455028145
BH_s20_medium,0,555,18.5,0.9402274610232795,0.3477445945995007
BH_s20_medium,0,556,18.533333333333335,0.9085210144025752,0.2832372113902696
BH_s20_medium,0,557,18.566666666666666,0.8230727679054746,0.15888334630763778
BH_s20_medium,0,558,18.6,0.7024633153348112,-0.016069008326272533
BH_s20_medium,0,559,18.633333333333333,0.5676949847958063,-0.22246841847769144
BH_s20_medium,0,560,18.666666666666668,0.43489401333919747,-0.44308776016683943
BH_s20_medium,0,561,18.7,0.31103505327363684,-0.6616339105865088
BH_s20_medium,0,562,18.733333333333334,0.1971328036404473,-0.8572456226164793
BH_s20_medium,0,563,18.766666666666666,0.09312987358179815,-1.0035392907647893
BH_s20_medium,0,564,18.8,0.0019950074939735774,-1.079673353210295
BH_s20_medium,0,565,18.833333333333332,-0.07031295569439956,-1.069931236113867
BH_s20_medium,0,566,18.866666666666667,-0.12074915072909864,-0.9592365510903181
BH_s20_medium,0,567,18.9,-0.15190970889953165,-0.7337062406185204
BH_s20_medium,0,568,18.933333333333334,-0.16959643144543066,-0.40560745659523967
BH_s20_medium,0,569,18.966666666666665,-0.181063863760222,-0.014681590721972736
BH_s20_medium,0,570,19.0,-0.19321020748140846,0.39023119581169524
BH_s20_medium,0,571,19.033333333333335,-0.2123672257251441,0.7497332382791136
BH_s20_medium,0,572,19.066666666666666,-0.24659126863937259,1.0312335317028438
BH_s20_medium,0,573,19.1,-0.302675296534294,1.2272536882713838
BH_s20_medium,0,574,19.133333333333333,-0.38088357116000204,1.3291648801670994
BH_s20_medium,0,575,19.166666666666668,-0.4772444433180992,1.325992488685811
BH_s20_medium,0,576,19.2,-0.5848265092023623,1.219620156414125
BH_s20_medium,0,577,19.233333333333334,-0.6917970392549618,1.0247431305866443
BH_s20_medium,0,578,19.266666666666666,-0.7847388294366775,0.7626444754866016
BH_s20_medium,0,579,19.3,-0.8484077178961239,0.4619892132569162
BH_s20_medium,0,580,19.333333333333332,-0.8613502308800404,0.15209192079658568
BH_s20_medium,0,581,19.366666666666667,-0.7978464585235296,-0.13573982644462151
BH_s20_medium,0,582,19.4,-0.6300077402886665,-0.3720814657735915
BH_s20_medium,0,583,19.433333333333334,-0.3396225716571881,-0.5281274499432402
BH_s20_medium,0,584,19.466666666666665,0.04780278454561614,-0.5898351726540754
BH_s20_medium,0,585,19.5,0.45245616083166335,-0.5571555584813102
BH_s20_medium,0,586,19.533333333333335,0.7791581687874939,-0.4516856975981969
BH_s20_medium,0,587,19.566666666666666,0.9723292634056158,-0.31622747735579027
BH_s20_medium,0,588,19.6,1.0398716366855116,-0.1965611476516041
BH_s20_medium,0,589,19.633333333333333,1.021937599168103,-0.141054007740389
BH_s20_medium,0,590,19.666666666666668,0.9505221847074556,-0.16427209492707612
BH_s20_medium,0,591,19.7,0.8398095074712381,-0.24693144509003287
BH_s20_medium,0,592,19.733333333333334,0.7005284594024898,-0.37032211220955397
BH_s20_medium,0,593,19.766666666666666,0.5520861454786853,-0.5162481311911077
BH_s20_medium,0,594,19.8,0.4136016859621845,-0.6670984175516567
BH_s20_medium,0,595,19.833333333333332,0.29056266773760436,-0.8053235157684033
BH_s20_medium,0,596,19.866666666666667,0.1775622604017427,-0.9033347655294807
BH_s20_medium,0,597,19.9,0.07280701773737422,-0.9233445565817207
BH_s20_medium,0,598,19.933333333333334,-0.020019361312598127,-0.8391273650217033
BH_s20_medium,0,599,19.966666666666665,-0.0973244769024935,-0.6366846686961187
BH_s20_medium,0,600,20.0,-0.15783085601802743,-0.32663508067569424
BH_s20_medium,0,601,20.033333333333335,-0.2052965933444259,0.05457872299354437
BH_s20_medium,0,602,20.066666666666666,-0.24557889076925704,0.4594562415389183
BH_s20_medium,0,603,20.1,-0.2856640532862713,0.8280143519875258
BH_s20_medium,0,604,20.133333333333333,-0.3338872850244451,1.1224478035377952
BH_s20_medium,0,605,20.166666666666668,-0.396207649853612,1.3255273935434029
BH_s20_medium,0,606,20.2,-0.4726133814727931,1.423094304325219
BH_s20_medium,0,607,20.233333333333334,-0.5572902830835047,1.402983962823841
BH_s20_medium,0,608,20.266666666666666,-0.6430294592008791,1.2701448477362187
BH_s20_medium,0,609,20.3,-0.720820530906588,1.0466381644031888
BH_s20_medium,0,610,20.333333333333332,-0.7784028762045139,0.7551025943700137
BH_s20_medium,0,611,20.366666666666667,-0.8000171446826227,0.4197293892362056
BH_s20_medium,0,612,20.4,-0.7662025031847013,0.06819227815388457
BH_s20_medium,0,613,20.433333333333334,-0.6566935075088081,-0.26669794188046014
BH_s20_medium,0,614,20.466666666666665,-0.45132458935453806,-0.5539944944230538
BH_s20_medium,0,615,20.5,-0.14508048772039234,-0.7630432236270136
BH_s20_medium,0,616,20.533333333333335,0.2228840466229609,-0.8729811710601896
BH_s20_medium,0,617,20.566666666666666,0.5702252846931257,-0.8717716652704033
BH_s20_medium,0,618,20.6,0.8167571198493764,-0.7706659444465557
BH_s20_medium,0,619,20.633333333333333,0.9321394816977384,-0.603823923757814
BH_s20_medium,0,620,20.666666666666668,0.9370846259992376,-0.4090989613892447
BH_s20_medium,0,621,20.7,0.8696660219475514,-0.22808990517762764
BH_s20_medium,0,622,20.733333333333334,0.760714611006505,-0.08814361885610596
BH_s20_medium,0,623,20.766666666666666,0.6306640071503586,-0.002825694379795133
BH_s20_medium,0,624,20.8,0.4955246103659872,0.031919288696156886
BH_s20_medium,0,625,20.833333333333332,0.3678901335431065,0.03706250348788606
BH_s20_medium,0,626,20.866666666666667,0.2538829010143322,0.025733465972425557
BH_s20_medium,0,627,20.9,0.1524170759038385,0.0028129146636218863
BH_s20_medium,0,628,20.933333333333334,0.06238343313108712,-0.02552348492713175
BH_s20_medium,0,629,20.966666666666665,-0.01219704920788374,-0.05182433738594564
BH_s20_medium,0,630,21.0,-0.0683508120294925,-0.07282099116271394
BH_s20_medium,0,631,21.033333333333335,-0.10605120574123417,-0.08935057112189833
BH_s20_medium,0,632,21.066666666666666,-0.12540945489401303,-0.09867279282842598
BH_s20_medium,0,633,21.1,-0.12868953828540275,-0.09445776741708696
BH_s20_medium,0,634,21.133333333333333,-0.12233816503881559,-0.06884338679937813
BH_s20_medium,0,635,21.166666666666668,-0.11430190235156637,-0.012727236799595735
BH_s20_medium,0,636,21.2,-0.11137930221563863,0.050113650035917
BH_s20_medium,0,637,21.233333333333334,-0.11938331868356403,0.06326480709466686
BH_s20_medium,0,638,21.266666666666666,-0.14305928540170187,-0.0032470213070363158
BH_s20_medium,0,639,21.3,-0.18538227134118512,-0.15222870502542846
BH_s20_medium,0,640,21.333333333333332,-0.24680774572735548,-0.3181245180756719
BH_s20_medium,0,641,21.366666666666667,-0.32550520538319294,-0.3678814621833598
BH_s20_medium,0,642,21.4,-0.4177583160367014,-0.2654374444469278
BH_s20_medium,0,643,21.433333333333334,-0.5185279502056563,-0.07244446152562233
BH_s20_medium,0,644,21.466666666666665,-0.6204825366239397,0.16299904473803928
BH_s20_medium,0,645,21.5,-0.7125917570130872,0.4063177299112804
BH_s20_medium,0,646,21.533333333333335,-0.7805420240109953,0.6318983267112814
BH_s20_medium,0,647,21.566666666666666,-0.805267878364741,0.8220623518178907
BH_s20_medium,0,648,21.6,-0.7639781987975437,0.9567151381789991
BH_s20_medium,0,649,21.633333333333333,-0.6297775753674041,1.0125547028936877
BH_s20_medium,0,650,21.666666666666668,-0.3778385633073177,0.9729774946007205
BH_s20_medium,0,651,21.7,-0.01575617855233036,0.8281638548962639
BH_s20_medium,0,652,21.733333333333334,0.39254585553961996,0.5855910428442722
BH_s20_medium,0,653,21.766666666666666,0.7480294764767644,0.27087441111024724
BH_s20_medium,0,654,21.8,0.9740118314386516,-0.08509073189817491
BH_s20_medium,0,655,21.833333333333332,1.0572255097778198,-0.4447398900851584
BH_s20_medium,0,656,21.866666666666667,1.0332326685787183,-0.7815464481033454
BH_s20_medium,0,657,21.9,0.9448181753403437,-1.0781879469090663
BH_s20_medium,0,658,21.933333333333334,0.819508134712881,-1.3093620882534212
BH_s20_medium,0,659,21.966666666666665,0.673291006595146,-1.440381036217519
BH_s20_medium,0,660,22.0,0.5208747926501258,-1.446074979997412
BH_s20_medium,0,661,22.033333333333335,0.37629372230271446,-1.3105869839875264
BH_s20_medium,0,662,22.066666666666666,0.24754645730011574,-1.0477318822659603
BH_s20_medium,0,663,22.1,0.1352621512938436,-0.7015963821475248
BH_s20_medium,0,664,22.133333333333333,0.03661830082234036,-0.32320833226653484
BH_s20_medium,0,665,22.166666666666668,-0.048018773267840084,0.028411368251706724
BH_s20_medium,0,666,22.2,-0.11457530350333624,0.32773486238669475
BH_s20_medium,0,667,22.233333333333334,-0.16170532741675941,0.5808957813079179
BH_s20_medium,0,668,22.266666666666666,-0.19174008642394455,0.7962078591288648
BH_s20_medium,0,669,22.3,-0.20912510224049746,0.9820694955021843
BH_s20_medium,0,670,22.333333333333332,-0.2210292451560476,1.1351076403518319
BH_s20_medium,0,671,22.366666666666667,-0.2351298128548186,1.2389178927767468
BH_s20_medium,0,672,22.4,-0.2573121899004035,1.2799017057617506
BH_s20_medium,0,673,22.433333333333334,-0.2912285137088684,1.2469138028748048
BH_s20_medium,0,674,22.466666666666665,-0.3381128541496742,1.1383214237584929
BH_s20_medium,0,675,22.5,-0.39671169496064584,0.9623153562044889
BH_s20_medium,0,676,22.533333333333335,-0.4651183969649923,0.729736606996287
BH_s20_medium,0,677,22.566666666666666,-0.5403776694428564,0.45507870819311746
BH_s20_medium,0,678,22.6,-0.6156888275935208,0.1514932131040666
BH_s20_medium,0,679,22.633333333333333,-0.6798562143276636,-0.1675492446271975
BH_s20_medium,0,680,22.666666666666668,-0.7173009813692723,-0.4814781349100932
BH_s20_medium,0,681,22.7,-0.7105854893845319,-0.7608502258249329
BH_s20_medium,0,682,22.733333333333334,-0.6385653336295232,-0.9818428560241128
BH_s20_medium,0,683,22.766666666666666,-0.474296947372502,-1.1248638783609801
BH_s20_medium,0,684,22.8,-0.20090198499970827,-1.1787220230342907
BH_s20_medium,0,685,22.833333333333332,0.1595201449000397,-1.1398657073635259
BH_s20_medium,0,686,22.866666666666667,0.5342854200153375,-1.0161923856248158
BH_s20_medium,0,687,22.9,0.8288713233701628,-0.827063958873067
BH_s20_medium,0,688,22.933333333333334,0.9817877642038386,-0.5966405120656424
BH_s20_medium,0,689,22.966666666666665,0.9951246344766197,-0.3545303317147413
BH_s20_medium,0,690,23.0,0.9141926521582867,-0.12558422789522206
BH_s20_medium,0,691,23.033333333333335,0.7872638127475956,0.0690697385086374
BH_s20_medium,0,692,23.066666666666666,0.6436935966504144,0.21183249562852835
BH_s20_medium,0,693,23.1,0.5000238716758614,0.2877101461973041
BH_s20_medium,0,694,23.133333333333333,0.36948790553804445,0.2912921551346055
BH_s20_medium,0,695,23.166666666666668,0.2607400129883134,0.22631387958082858
BH_s20_medium,0,696,23.2,0.17290584424428512,0.11782465667595036
BH_s20_medium,0,697,23.233333333333334,0.09536389854115163,0.011875680602376884
BH_s20_medium,0,698,23.266666666666666,0.01931008686168373,-0.06149932445420282
BH_s20_medium,0,699,23.3,-0.05418349431859695,-0.0884457846127518
BH_s20_medium,0,700,23.333333333333332,-0.11815899631048117,-0.057712339651239834
BH_s20_medium,0,701,23.366666666666667,-0.1679982064304739,0.03916932967700561
BH_s20_medium,0,702,23.4,-0.20562847629259506,0.19126862777366332
BH_s20_medium,0,703,23.433333333333334,-0.23689010044774167,0.36784057712209156
BH_s20_medium,0,704,23.466666666666665,-0.2700690311574856,0.5408990328594611
BH_s20_medium,0,705,23.5,-0.3139801404572314,0.6847390510952877
BH_s20_medium,0,706,23.533333333333335,-0.37439517254229726,0.7822412576386686
BH_s20_medium,0,707,23.566666666666666,-0.4517789345225846,0.8243366618717549
BH_s20_medium,0,708,23.6,-0.5415846877935822,0.8040987770175321
BH_s20_medium,0,709,23.633333333333333,-0.635465687735477,0.7166659532769254
BH_s20_medium,0,710,23.666666666666668,-0.7208732287923911,0.5681650460683779
BH_s20_medium,0,711,23.7,-0.7807562304040498,0.3762060973619415
BH_s20_medium,0,712,23.733333333333334,-0.7937643405210038,0.1635446177925044
BH_s20_medium,0,713,23.766666666666666,-0.736808715115418,-0.04113853084811134
BH_s20_medium,0,714,23.8,-0.587599136581743,-0.2154117543359702
BH_s20_medium,0,715,23.833333333333332,-0.3285385423684751,-0.34220459942243764
BH_s20_medium,0,716,23.866666666666667,0.030049006077042063,-0.4109597822744837
BH_s20_medium,0,717,23.9,0.4253647001535119,-0.416962257422109
BH_s20_medium,0,718,23.933333333333334,0.7606767219329593,-0.38153569477630134
BH_s20_medium,0,719,23.966666666666665,0.9615583629862579,-0.35132879373942305
BH_s20_medium,0,720,24.0,1.0178825423701732,-0.35451171591381836
BH_s20_medium,0,721,24.033333333333335,0.9688856740061644,-0.4001427946237298
BH_s20_medium,0,722,24.066666666666666,0.8594395410964115,-0.483827260237892
BH_s20_medium,0,723,24.1,0.7198491162523633,-0.5875029701536856
BH_s20_medium,0,724,24.133333333333333,0.5698940278448427,-0.699088364058595
BH_s20_medium,0,725,24.166666666666668,0.4264104172616902,-0.8121015761389582
BH_s20_medium,0,726,24.2,0.302191913323144,-0.9096508899250485
BH_s20_medium,0,727,24.233333333333334,0.19952059797423125,-0.9641537838098102
BH_s20_medium,0,728,24.266666666666666,0.11429065752549018,-0.9406111268001227
BH_s20_medium,0,729,24.3,0.041593763562846636,-0.797292087328142
BH_s20_medium,0,730,24.333333333333332,-0.024289782852653444,-0.530187881921068
BH_s20_medium,0,731,24.366666666666667,-0.08429098082663299,-0.1742391218763548
BH_s20_medium,0,732,24.4,-0.13454792001118787,0.2209904324804225
BH_s20_medium,0,733,24.433333333333334,-0.17323738559518898,0.5900990608869748
BH_s20_medium,0,734,24.466666666666665,-0.2026126697984209,0.8950731476969505
BH_s20_medium,0,735,24.5,-0.22860633038757244,1.1236503895580308
BH_s20_medium,0,736,24.533333333333335,-0.2579949430478383,1.2659264064560976
BH_s20_medium,0,737,24.566666666666666,-0.29685192129296445,1.3129320211111495
BH_s20_medium,0,738,24.6,-0.35006616308485994,1.2642665800999209
BH_s20_medium,0,739,24.633333333333333,-0.4182698918498047,1.1277284131297056
BH_s20_medium,0,740,24.666666666666668,-0.4987656419847276,0.9157178836881243
BH_s20_medium,0,741,24.7,-0.5875559891553023,0.6458445985542765
BH_s20_medium,0,742,24.733333333333334,-0.6763007150177986,0.34932169218470893
BH_s20_medium,0,743,24.766666666666666,-0.7521110275587979,0.07201609171852888
BH_s20_medium,0,744,24.8,-0.798598150351358,-0.15231382207032454
BH_s20_medium,0,745,24.833333333333332,-0.7945446854511873,-0.3009634913842403
BH_s20_medium,0,746,24.866666666666667,-0.7158578806464334,-0.3682551063553794
BH_s20_medium,0,747,24.9,-0.5354248940853339,-0.3645791230966636
BH_s20_medium,0,748,24.933333333333334,-0.23583214361917992,-0.31277559591962967
BH_s20_medium,0,749,24.966666666666665,0.15719511687553994,-0.24743783539453051
BH_s20_medium,0,750,25.0,0.56281101185021,-0.19491824522582238
BH_s20_medium,0,751,25.033333333333335,0.8813051074371446,-0.17297340263000538
BH_s20_medium,0,752,25.066666666666666,1.0525342637176662,-0.1898278243236124
BH_s20_medium,0,753,25.1,1.0822724489162947,-0.24403849323721494
BH_s20_medium,0,754,25.133333333333333,1.015459271557833,-0.33207415448239525
BH_s20_medium,0,755,25.166666666666668,0.8944041858633855,-0.4479867465310517
BH_s20_medium,0,756,25.2,0.7438285581589835,-0.5802257101394143
BH_s20_medium,0,757,25.233333333333334,0.5807010791837464,-0.7111161935001626
BH_s20_medium,0,758,25.266666666666666,0.4215147711923293,-0.8181272112595613
BH_s20_medium,0,759,25.3,0.2802969076138486,-0.8735783632376654
BH_s20_medium,0,760,25.333333333333332,0.16247035664175954,-0.8482928268754218
BH_s20_medium,0,761,25.366666666666667,0.06585414795629624,-0.7120542567637068
BH_s20_medium,0,762,25.4,-0.013644654531157943,-0.465478357222499
BH_s20_medium,0,763,25.433333333333334,-0.08106636597475228,-0.14099856718031817
BH_s20_medium,0,764,25.466666666666665,-0.1396846189028178,0.21951434775643458
BH_s20_medium,0,765,25.5,-0.1905173154206765,0.5636002414464487
BH_s20_medium,0,766,25.533333333333335,-0.23368980940732145,0.8548306218844546
BH_s20_medium,0,767,25.566666666666666,-0.2703592068259181,1.0713622688631892
BH_s20_medium,0,768,25.6,-0.30492069301374025,1.1979880223919386
BH_s20_medium,0,769,25.633333333333333,-0.3440315218478853,1.2250044025801323
BH_s20_medium,0,770,25.666666666666668,-0.3942665170781519,1.1546067935163287
BH_s20_medium,0,771,25.7,-0.4578869627659302,1.0006308116759162
BH_s20_medium,0,772,25.733333333333334,-0.5313098574066715,0.7863537613374191
BH_s20_medium,0,773,25.766666666666666,-0.6066003542026441,0.5449441737789577
BH_s20_medium,0,774,25.8,-0.6732833761632429,0.29813566953907333
BH_s20_medium,0,775,25.833333333333332,-0.7180498485708261,0.05736283121284244
BH_s20_medium,0,776,25.866666666666667,-0.7223965182456077,-0.17050526842861946
BH_s20_medium,0,777,25.9,-0.6643791076489804,-0.3815973859015283
BH_s20_medium,0,778,25.933333333333334,-0.519000268818869,-0.581941455969872
BH_s20_medium,0,779,25.966666666666665,-0.2664304640158928,-0.7857393459883627
BH_s20_medium,0,780,26.0,0.07913071714559684,-0.9831230668127688
BH_s20_medium,0,781,26.033333333333335,0.4520342306274893,-1.13895037357935
BH_s20_medium,0,782,26.066666666666666,0.7594751718613928,-1.227865625931428
BH_s20_medium,0,783,26.1,0.9351883982540297,-1.233902825166983
BH_s20_medium,0,784,26.133333333333333,0.9761911492168127,-1.1425968156746549
BH_s20_medium,0,785,26.166666666666668,0.9236501101336195,-0.941366074951455
BH_s20_medium,0,786,26.2,0.8204463794369335,-0.6299859311946323
BH_s20_medium,0,787,26.233333333333334,0.693733173386072,-0.22206411229342857
BH_s20_medium,0,788,26.266666666666666,0.5595278786017934,0.24093487834824756
BH_s20_medium,0,789,26.3,0.42918351579915587,0.6879229871730105
BH_s20_medium,0,790,26.333333333333332,0.308236645312973,1.0653632094680823
BH_s20_medium,0,791,26.366666666666667,0.19299718954736533,1.335568505858956
BH_s20_medium,0,792,26.4,0.07623013559551109,1.4738396769222197
BH_s20_medium,0,793,26.433333333333334,-0.0442372580544616,1.4672066819716731
BH_s20_medium,0,794,26.466666666666665,-0.16693629051727765,1.315015344284667
BH_s20_medium,0,795,26.5,-0.29004660937586524,1.0289715866325244
BH_s20_medium,0,796,26.533333333333335,-0.4105430029929503,0.6340312061165004
BH_s20_medium,0,797,26.566666666666666,-0.5257787720298475,0.16972108425943921
BH_s20_medium,0,798,26.6,-0.6328903359324828,-0.3212285633444108
BH_s20_medium,0,799,26.633333333333333,-0.727827147175278,-0.7907890195437649
BH_s20_medium,0,800,26.666666666666668,-0.8067693391691476,-1.1674074482606367
BH_s20_medium,0,801,26.7,-0.8611188194526818,-1.3547024730424124
BH_s20_medium,0,802,26.733333333333334,-0.8771473711669946,-1.3382000631614748
BH_s20_medium,0,803,26.766666666666666,-0.8359354940564038,-1.1844119078298256
BH_s20_medium,0,804,26.8,-0.7115051478082132,-0.9318918527807794
BH_s20_medium,0,805,26.833333333333332,-0.48117099844549804,-0.591239059666946
BH_s20_medium,0,806,26.866666666666667,-0.14761383260890318,-0.19723321848710995
BH_s20_medium,0,807,26.9,0.23808197276831458,0.1897063526404759
BH_s20_medium,0,808,26.933333333333334,0.5894970955561014,0.5212697054840488
BH_s20_medium,0,809,26.966666666666665,0.8345373862943771,0.7598508165421322
BH_s20_medium,0,810,27.0,0.954363079247057,0.8855402993570675
BH_s20_medium,0,811,27.033333333333335,0.9747631480997018,0.8949659971397583
BH_s20_medium,0,812,27.066666666666666,0.9276020719223754,0.8023974613962204
BH_s20_medium,0,813,27.1,0.8326541257831851,0.6392501803085736
BH_s20_medium,0,814,27.133333333333333,0.7053932263718271,0.4231905040714138
BH_s20_medium,0,815,27.166666666666668,0.5656116776528859,0.15878775529648353
BH_s20_medium,0,816,27.2,0.4319690699803812,-0.12856791449599073
BH_s20_medium,0,817,27.233333333333334,0.31234514341387737,-0.39150100323788706
BH_s20_medium,0,818,27.266666666666666,0.20544094729016366,-0.589767285603531
BH_s20_medium,0,819,27.3,0.10788561785083742,-0.6895199983587889
BH_s20_medium,0,820,27.333333333333332,0.0192936195009578,-0.676870154848581
BH_s20_medium,0,821,27.366666666666667,-0.05850083820165464,-0.5575569154578188
BH_s20_medium,0,822,27.4,-0.12532207923573352,-0.35373054897466755
BH_s20_medium,0,823,27.433333333333334,-0.18438492045826327,-0.1041493105898312
BH_s20_medium,0,824,27.466666666666665,-0.2427807838560525,0.15872166449288694
BH_s20_medium,0,825,27.5,-0.3071789683211354,0.40788288460551836
BH_s20_medium,0,826,27.533333333333335,-0.3819321999422066,0.6226573578636637
BH_s20_medium,0,827,27.566666666666666,-0.4700178868068131,0.7875339967000701
BH_s20_medium,0,828,27.6,-0.5713028132725568,0.8879309687426203
BH_s20_medium,0,829,27.633333333333333,-0.6826045838477819,0.9094764217105429
BH_s20_medium,0,830,27.666666666666668,-0.7953752509960262,0.8462046155639901
BH_s20_medium,0,831,27.7,-0.8933337461671315,0.7006240086347857
BH_s20_medium,0,832,27.733333333333334,-0.9553557645465742,0.48953540695093023
BH_s20_medium,0,833,27.766666666666666,-0.9569866714938404,0.2446467694055391
BH_s20_medium,0,834,27.8,-0.8696891044818689,-0.012685096800414804
BH_s20_medium,0,835,27.833333333333332,-0.664265327133839,-0.2702610038988884
BH_s20_medium,0,836,27.866666666666667,-0.3296970296278338,-0.5290489382850111
BH_s20_medium,0,837,27.9,0.09770415835269242,-0.8012669499354055
BH_s20_medium,0,838,27.933333333333334,0.5295624412960828,-1.0719062898391982
BH_s20_medium,0,839,27.966666666666665,0.8675995015868971,-1.2971892139271737
BH_s20_medium,0,840,28.0,1.0644505634266854,-1.449509619095632
BH_s20_medium,0,841,28.033333333333335,1.1370523314742755,-1.5166164812974852
BH_s20_medium,0,842,28.066666666666666,1.1221269414825294,-1.4754655730951405
BH_s20_medium,0,843,28.1,1.0410396001444822,-1.2924335563738412
BH_s20_medium,0,844,28.133333333333333,0.9066264039183974,-0.9657797734172083
BH_s20_medium,0,845,28.166666666666668,0.7397500149557612,-0.5270640292504962
BH_s20_medium,0,846,28.2,0.5672430418363934,-0.02139040034604672
BH_s20_medium,0,847,28.233333333333334,0.4060336542408741,0.4906765853134548
BH_s20_medium,0,848,28.266666666666666,0.2566296744951335,0.9611525332947424
BH_s20_medium,0,849,28.3,0.11083153598745893,1.3522715533315126
BH_s20_medium,0,850,28.333333333333332,-0.03738171319193494,1.635582265026145
BH_s20_medium,0,851,28.366666666666667,-0.18556525199603624,1.7899009322077086
BH_s20_medium,0,852,28.4,-0.32807388999341214,1.8059031565033767
BH_s20_medium,0,853,28.433333333333334,-0.46222471751540434,1.6852444345496869
BH_s20_medium,0,854,28.466666666666665,-0.5860718516330976,1.431852658303291
BH_s20_medium,0,855,28.5,-0.6968987030857866,1.0526639731462002
BH_s20_medium,0,856,28.533333333333335,-0.7923272053978532,0.5752458989776638
BH_s20_medium,0,857,28.566666666666666,-0.8691211016327922,0.04972955256999573
BH_s20_medium,0,858,28.6,-0.920295686642258,-0.47167217055096095
BH_s20_medium,0,859,28.633333333333333,-0.9303564365708721,-0.9323766972174055
BH_s20_medium,0,860,28.666666666666668,-0.8738394687548272,-1.2828209064229532
BH_s20_medium,0,861,28.7,-0.7195901837049776,-1.4785549462737517
BH_s20_medium,0,862,28.733333333333334,-0.44770195799936435,-1.4975716571560715
BH_s20_medium,0,863,28.766666666666666,-0.07787983727385278,-1.3395092077556332
BH_s20_medium,0,864,28.8,0.32034119069339073,-1.0517844962388962
BH_s20_medium,0,865,28.833333333333332,0.657017523022709,-0.7293420322769365
BH_s20_medium,0,866,28.866666666666667,0.8764266819767618,-0.4364516220274905
BH_s20_medium,0,867,28.9,0.9791642087782559,-0.20716298628531116
BH_s20_medium,0,868,28.933333333333334,0.9934638403669085,-0.02783590405340329
BH_s20_medium,0,869,28.966666666666665,0.9442849183968121,0.1608175075559833
BH_s20_medium,0,870,29.0,0.8486543479730569,0.38045288131027055
BH_s20_medium,0,871,29.033333333333335,0.7238227999837301,0.6131071253135452
BH_s20_medium,0,872,29.066666666666666,0.5863714894844487,0.8330383257615972
BH_s20_medium,0,873,29.1,0.4454368303267798,1.005792309011502
BH_s20_medium,0,874,29.133333333333333,0.30345568241832693,1.0990985481823807
BH_s20_medium,0,875,29.166666666666668,0.1601709919577679,1.0825626938052837
BH_s20_medium,0,876,29.2,0.015462192361094286,0.949186582068221
BH_s20_medium,0,877,29.233333333333334,-0.12792914487112506,0.7157002364801195
BH_s20_medium,0,878,29.266666666666666,-0.26505569444324234,0.4095902453826799
BH_s20_medium,0,879,29.3,-0.3930485994428343,0.07000264066664347
BH_s20_medium,0,880,29.333333333333332,-0.5125244901715308,-0.26567685482286096
BH_s20_medium,0,881,29.366666666666667,-0.6257491318051962,-0.5604399432872728
BH_s20_medium,0,882,29.4,-0.7355107940577266,-0.7848084880289747
BH_s20_medium,0,883,29.433333333333334,-0.8402774663277706,-0.9155469282678758
BH_s20_medium,0,884,29.466666666666665,-0.9312120757982588,-0.9529048020918234
BH_s20_medium,0,885,29.5,-0.9933752588444544,-0.9196567369382013
BH_s20_medium,0,886,29.533333333333335,-1.005868755047411,-0.8377336986015973
BH_s20_medium,0,887,29.566666666666666,-0.9421894187000011,-0.7278267249451127
BH_s20_medium,0,888,29.6,-0.7706479428997896,-0.58428496714453
BH_s20_medium,0,889,29.633333333333333,-0.4718797648705192,-0.37607773746572354
BH_s20_medium,0,890,29.666666666666668,-0.0711757335856589,-0.10144164999313497
BH_s20_medium,0,891,29.7,0.35428031303196855,0.21055310620105347
BH_s20_medium,0,892,29.733333333333334,0.7128838635913701,0.5223320514463858
BH_s20_medium,0,893,29.766666666666666,0.9498620435365059,0.7866329899446656
BH_s20_medium,0,894,29.8,1.063425978004494,0.958391205921097
BH_s20_medium,0,895,29.833333333333332,1.0790649562100916,0.9941124827308154
BH_s20_medium,0,896,29.866666666666667,1.0200340022526668,0.8763294030250649
BH_s20_medium,0,897,29.9,0.90308524858673,0.6138203565580791
BH_s20_medium,0,898,29.933333333333334,0.748399690529985,0.2474779493377943
BH_s20_medium,0,899,29.966666666666665,0.5822475420430508,-0.14901133004668474
BH_s20_medium,0,900,30.0,0.42692154941730326,-0.5150623190714807
BH_s20_medium,0,901,30.033333333333335,0.29025933523249703,-0.8021142905084147
BH_s20_medium,0,902,30.066666666666666,0.17078366056510957,-0.9749053930377771
BH_s20_medium,0,903,30.1,0.0690319271536543,-1.0104473497022302
BH_s20_medium,0,904,30.133333333333333,-0.012540183159037724,-0.9015091692979071
BH_s20_medium,0,905,30.166666666666668,-0.07418017221148503,-0.6565840787234977
BH_s20_medium,0,906,30.2,-0.1193936289367891,-0.3064341477097882
BH_s20_medium,0,907,30.233333333333334,-0.1539658881448337,0.0950316401980032
BH_s20_medium,0,908,30.266666666666666,-0.18401675466857154,0.49241179625839
BH_s20_medium,0,909,30.3,-0.2155888216887261,0.8275303684211864
BH_s20_medium,0,910,30.333333333333332,-0.2554955530343686,1.0696987333078007
BH_s20_medium,0,911,30.366666666666667,-0.3086394999292539,1.2142101238080505
BH_s20_medium,0,912,30.4,-0.3773287949486302,1.2590490289317424
BH_s20_medium,0,913,30.433333333333334,-0.4618853364651341,1.2039424093789668
BH_s20_medium,0,914,30.466666666666665,-0.5590098739713619,1.0478870239490057
BH_s20_medium,0,915,30.5,-0.6620066367374107,0.7896193350158593
BH_s20_medium,0,916,30.533333333333335,-0.7602130993374413,0.4481106169309783
BH_s20_medium,0,917,30.566666666666666,-0.8394013285793362,0.06393071194081971
BH_s20_medium,0,918,30.6,-0.883958970041566,-0.32525914047790644
BH_s20_medium,0,919,30.633333333333333,-0.875211676896566,-0.6829732652646918
BH_s20_medium,0,920,30.666666666666668,-0.7888053551552697,-0.973351677360131
BH_s20_medium,0,921,30.7,-0.5968260068638441,-1.1595695091381453
BH_s20_medium,0,922,30.733333333333334,-0.2835641821136137,-1.2240013502440805
BH_s20_medium,0,923,30.766666666666666,0.12160747094913148,-1.1673487062612415
BH_s20_medium,0,924,30.8,0.5345191912572773,-1.0191291257246067
BH_s20_medium,0,925,30.833333333333332,0.8588023158228574,-0.8372073317872272
BH_s20_medium,0,926,30.866666666666667,1.0435425648475802,-0.6648394005504626
BH_s20_medium,0,927,30.9,1.1012634954376477,-0.5307299618936773
BH_s20_medium,0,928,30.933333333333334,1.0722137302408234,-0.4275360044050533
BH_s20_medium,0,929,30.966666666666665,0.9859255452631056,-0.313061326566933
BH_s20_medium,0,930,31.0,0.8586741150579182,-0.1581319219271427
BH_s20_medium,0,931,31.033333333333335,0.7054437613185053,0.051705511834876296
BH_s20_medium,0,932,31.066666666666666,0.5451781504146118,0.31088532557813786
BH_s20_medium,0,933,31.1,0.3941367670468454,0.5924350998789463
BH_s20_medium,0,934,31.133333333333333,0.25696971315348316,0.8587614017757941
BH_s20_medium,0,935,31.166666666666668,0.13008352064691447,1.0606735998624932
BH_s20_medium,0,936,31.2,0.011923369815591403,1.1650920395689999
BH_s20_medium,0,937,31.233333333333334,-0.09560519347435997,1.154523321380989
BH_s20_medium,0,938,31.266666666666666,-0.1926420114254819,1.0339996951510844
BH_s20_medium,0,939,31.3,-0.28143603988852905,0.8309946422824435
BH_s20_medium,0,940,31.333333333333332,-0.36531977834388685,0.57383645419358
BH_s20_medium,0,941,31.366666666666667,-0.44816867596705906,0.29234806914029415
BH_s20_medium,0,942,31.4,-0.5325843604923961,0.008326522540313007
BH_s20_medium,0,943,31.433333333333334,-0.6202704797544475,-0.263053528057401
BH_s20_medium,0,944,31.466666666666665,-0.7106930333610867,-0.5043689886195869
BH_s20_medium,0,945,31.5,-0.7977680992463394,-0.6944843050203592
BH_s20_medium,0,946,31.533333333333335,-0.8679336739354806,-0.8089932611026984
BH_s20_medium,0,947,31.566666666666666,-0.9007589641298046,-0.8195386676527454
BH_s20_medium,0,948,31.6,-0.8706119080306464,-0.7147807582772663
BH_s20_medium,0,949,31.633333333333333,-0.7495890800879355,-0.500633477425375
BH_s20_medium,0,950,31.666666666666668,-0.5156405704104927,-0.21244386922810019
BH_s20_medium,0,951,31.7,-0.17292185329193452,0.08449635141776275
BH_s20_medium,0,952,31.733333333333334,0.22670107654271252,0.3284283819454998
BH_s20_medium,0,953,31.766666666666666,0.594532930790863,0.46077034762488256
BH_s20_medium,0,954,31.8,0.8528995072781738,0.44789544683155336
BH_s20_medium,0,955,31.833333333333332,0.9787461748119264,0.28113238086956177
BH_s20_medium,0,956,31.866666666666667,0.9970614143029909,-0.013624843328997438
BH_s20_medium,0,957,31.9,0.9411160925818375,-0.37550050299742826
BH_s20_medium,0,958,31.933333333333334,0.8323871183299932,-0.7336517697519932
BH_s20_medium,0,959,31.966666666666665,0.688362280862911,-1.0067611858959649
BH_s20_medium,0,960,32.0,0.5324637232109413,-1.136351429786295
BH_s20_medium,0,961,32.03333333333333,0.3885849629220611,-1.0865680221027187
BH_s20_medium,0,962,32.06666666666667,0.26800882473013626,-0.8655668425227953
BH_s20_medium,0,963,32.1,0.16804687174330188,-0.5256975058479704
BH_s20_medium,0,964,32.13333333333333,0.08246138955801166,-0.11550733033088781
BH_s20_medium,0,965,32.166666666666664,0.007823230745909765,0.31916035834501927
BH_s20_medium,0,966,32.2,-0.055977317706947805,0.7294313408522701
BH_s20_medium,0,967,32.233333333333334,-0.1052751705222873,1.0616414318010692
BH_s20_medium,0,968,32.266666666666666,-0.13653652464768243,1.2947564689523898
BH_s20_medium,0,969,32.3,-0.15288050693251434,1.4385641344632492
BH_s20_medium,0,970,32.333333333333336,-0.16367320186042747,1.4886212752005012
BH_s20_medium,0,971,32.36666666666667,-0.17936004559286262,1.4253441801911941
BH_s20_medium,0,972,32.4,-0.20880066592273294,1.2423303123679346
BH_s20_medium,0,973,32.43333333333333,-0.25653460613296336,0.9470184504571775
BH_s20_medium,0,974,32.46666666666667,-0.32231146455360105,0.5682822242727684
BH_s20_medium,0,975,32.5,-0.4052721983658706,0.15776365486329602
BH_s20_medium,0,976,32.53333333333333,-0.5037353469852741,-0.23548816982488985
BH_s20_medium,0,977,32.56666666666667,-0.6127482375046336,-0.5634198970248641
BH_s20_medium,0,978,32.6,-0.7230126954349558,-0.7967289327981593
BH_s20_medium,0,979,32.63333333333333,-0.8196448352017993,-0.9232805147169191
BH_s20_medium,0,980,32.666666666666664,-0.883118102072973,-0.9471158672514748
BH_s20_medium,0,981,32.7,-0.8914015136961364,-0.8873543458942361
BH_s20_medium,0,982,32.733333333333334,-0.8193905304588175,-0.7729436287950078
BH_s20_medium,0,983,32.766666666666666,-0.6376516807767799,-0.6421916179151137
BH_s20_medium,0,984,32.8,-0.326827703581977,-0.5142805913366049
BH_s20_medium,0,985,32.833333333333336,0.08715449272253903,-0.3896076676874346
BH_s20_medium,0,986,32.86666666666667,0.5203811434231506,-0.2742560049381929
BH_s20_medium,0,987,32.9,0.870141490560846,-0.18069022771007517
BH_s20_medium,0,988,32.93333333333333,1.0745314681327007,-0.11967966297778243
BH_s20_medium,0,989,32.96666666666667,1.139027697728253,-0.1006564278538794
BH_s20_medium,0,990,33.0,1.1039805939426712,-0.12080321174217606
BH_s20_medium,0,991,33.03333333333333,1.003131309545487,-0.16528626997721807
BH_s20_medium,0,992,33.06666666666667,0.8581021716746313,-0.21213910018622711
BH_s20_medium,0,993,33.1,0.6890786384842033,-0.2326051227109499
BH_s20_medium,0,994,33.13333333333333,0.5176587631523987,-0.2074571088990521
BH_s20_medium,0,995,33.166666666666664,0.3602368850293393,-0.12744038163314922
BH_s20_medium,0,996,33.2,0.2230186253232057,0.010575473873781424
BH_s20_medium,0,997,33.233333333333334,0.1063507373357171,0.20289633380830477
BH_s20_medium,0,998,33.266666666666666,0.008471125829212348,0.42673454019807017
BH_s20_medium,0,999,33.3,-0.07311479702167363,0.6394565017305905
BH_s20_medium,0,1000,33.333333333333336,-0.1370059227857906,0.8159526300465229
BH_s20_medium,0,1001,33.36666666666667,-0.18104341055931872,0.9478175402034845
BH_s20_medium,0,1002,33.4,-0.20906676959407788,1.0143942512259432
BH_s20_medium,0,1003,33.43333333333333,-0.22863301857687973,0.9824213262456711
BH_s20_medium,0,1004,33.46666666666667,-0.24645603692536316,0.8425927651215265
BH_s20_medium,0,1005,33.5,-0.2712202561717394,0.6100687211109436
BH_s20_medium,0,1006,33.53333333333333,-0.31124353937143334,0.31548443665105413
BH_s20_medium,0,1007,33.56666666666667,-0.3682935051217789,0.005761097737635584
BH_s20_medium,0,1008,33.6,-0.440872196882216,-0.2836118358822426
BH_s20_medium,0,1009,33.63333333333333,-0.5258429277931465,-0.5273447271428444
BH_s20_medium,0,1010,33.666666666666664,-0.6166110957318018,-0.7115267249207171
BH_s20_medium,0,1011,33.7,-0.7027380739788575,-0.8322450751493455
BH_s20_medium,0,1012,33.733333333333334,-0.7692137114003659,-0.8751967918665312
BH_s20_medium,0,1013,33.766666666666666,-0.7984382088513711,-0.8152082309487397
BH_s20_medium,0,1014,33.8,-0.7727379292530401,-0.656544231576189
BH_s20_medium,0,1015,33.833333333333336,-0.6724518658765144,-0.43320067804069534
BH_s20_medium,0,1016,33.86666666666667,-0.4741356627454281,-0.19487921269648745
BH_s20_medium,0,1017,33.9,-0.1656305064253779,-0.007157143870010487
BH_s20_medium,0,1018,33.93333333333333,0.22163445817507538,0.08895795810870388
BH_s20_medium,0,1019,33.96666666666667,0.6052917259090906,0.07684726986730828
BH_s20_medium,0,1020,34.0,0.8914822131935127,-0.025140874027626506
BH_s20_medium,0,1021,34.03333333333333,1.0326223145224758,-0.16416384048966304
BH_s20_medium,0,1022,34.06666666666667,1.047037099860406,-0.297220040609852
BH_s20_medium,0,1023,34.1,0.979385028643988,-0.39143282499680776
BH_s20_medium,0,1024,34.13333333333333,0.8645054900272053,-0.4222174286284967
BH_s20_medium,0,1025,34.166666666666664,0.7260850665161415,-0.37336082260844583
BH_s20_medium,0,1026,34.2,0.5815323238240488,-0.2437215520197684
BH_s20_medium,0,1027,34.233333333333334,0.44299401513047465,-0.04765907436929466
BH_s20_medium,0,1028,34.266666666666666,0.3165163603106941,0.19088591070716882
BH_s20_medium,0,1029,34.3,0.20200938067826585,0.4376367304009852
BH_s20_medium,0,1030,34.333333333333336,0.09582654922288275,0.6687252824378125
BH_s20_medium,0,1031,34.36666666666667,-0.006159502887959592,0.8695855698283308
BH_s20_medium,0,1032,34.4,-0.10529408728810707,1.0166831887581678
BH_s20_medium,0,1033,34.43333333333333,-0.20095304714927825,1.0767473286852438
BH_s20_medium,0,1034,34.46666666666667,-0.29330955809649084,1.0360426703972268
BH_s20_medium,0,1035,34.5,-0.38222637542412274,0.9003503377249953
BH_s20_medium,0,1036,34.53333333333333,-0.46659379316466276,0.6920628509217374
BH_s20_medium,0,1037,34.56666666666667,-0.547419461048813,0.45054878856648656
BH_s20_medium,0,1038,34.6,-0.6274173217191741,0.20881606621926702
BH_s20_medium,0,1039,34.63333333333333,-0.7061798988779466,-0.005653686436624658
BH_s20_medium,0,1040,34.666666666666664,-0.7782218368298224,-0.18161400477779338
BH_s20_medium,0,1041,34.7,-0.832030149848697,-0.3227766799182086
BH_s20_medium,0,1042,34.733333333333334,-0.8499438774960023,-0.43146113457354895
BH_s20_medium,0,1043,34.766666666666666,-0.8109811599591111,-0.5074523877641747
BH_s20_medium,0,1044,34.8,-0.6920181072168157,-0.5523606694696038
BH_s20_medium,0,1045,34.833333333333336,-0.4688467060236087,-0.5689772456337205
BH_s20_medium,0,1046,34.86666666666667,-0.13564576607667655,-0.5733807521006316
BH_s20_medium,0,1047,34.9,0.2648576425060051,-0.5943208354036345
BH_s20_medium,0,1048,34.93333333333333,0.6415714471718443,-0.6388591965160626
BH_s20_medium,0,1049,34.96666666666667,0.9036832918297963,-0.6920074870077547
BH_s20_medium,0,1050,35.0,1.0191542909354006,-0.7475654817230478
BH_s20_medium,0,1051,35.03333333333333,1.0167341367085767,-0.807938827627786
BH_s20_medium,0,1052,35.06666666666667,0.9401542070032227,-0.8576059198408628
BH_s20_medium,0,1053,35.1,0.8205566967526152,-0.863180367403795
BH_s20_medium,0,1054,35.13333333333333,0.6788175730906901,-0.7937542216010801
BH_s20_medium,0,1055,35.166666666666664,0.5327254392523405,-0.621819605471461
BH_s20_medium,0,1056,35.2,0.39750135334028774,-0.35489892295335496
BH_s20_medium,0,1057,35.233333333333334,0.27935173311158723,-0.03664600800857614
BH_s20_medium,0,1058,35.266666666666666,0.17615835248341183,0.29627053608583076
BH_s20_medium,0,1059,35.3,0.08298543446329094,0.6128541900208728
BH_s20_medium,0,1060,35.333333333333336,-0.004635602830291449,0.8942457274584297
BH_s20_medium,0,1061,35.36666666666667,-0.08499076172246348,1.131918530654829
BH_s20_medium,0,1062,35.4,-0.1535470391134433,1.3124301551831652
BH_s20_medium,0,1063,35.43333333333333,-0.2095451869573717,1.416048431331678
BH_s20_medium,0,1064,35.46666666666667,-0.25646022734968954,1.4339765208817137
BH_s20_medium,0,1065,35.5,-0.300929393976732,1.3678356513746863
BH_s20_medium,0,1066,35.53333333333333,-0.3493698829267234,1.222051059133658
BH_s20_medium,0,1067,35.56666666666667,-0.40681319241520036,1.0042033128484915
BH_s20_medium,0,1068,35.6,-0.4764930013897169,0.721184177599708
BH_s20_medium,0,1069,35.63333333333333,-0.5574765072748961,0.38059408831252356
BH_s20_medium,0,1070,35.666666666666664,-0.6456633592524214,0.00590801826513427
BH_s20_medium,0,1071,35.7,-0.7338951205450952,-0.36170352974084635
BH_s20_medium,0,1072,35.733333333333334,-0.8083950572479803,-0.6963889092153974
BH_s20_medium,0,1073,35.766666666666666,-0.8486091508938493,-0.9856594093944477
BH_s20_medium,0,1074,35.8,-0.8312970835277933,-1.2128012408477538
BH_s20_medium,0,1075,35.833333333333336,-0.730954068017004,-1.3552206963889628
BH_s20_medium,0,1076,35.86666666666667,-0.5195173867747684,-1.3957636794763901
BH_s20_medium,0,1077,35.9,-0.1880293889724171,-1.3221393989719175
BH_s20_medium,0,1078,35.93333333333333,0.2219520039606099,-1.1372835320496504
BH_s20_medium,0,1079,35.96666666666667,0.6202591260940639,-0.8597710341395179
BH_s20_medium,0,1080,36.0,0.9140538569150589,-0.5273811972508293
BH_s20_medium,0,1081,36.03333333333333,1.061936202117816,-0.1979883248768664
BH_s20_medium,0,1082,36.06666666666667,1.0833227698235608,0.0884278029398892
BH_s20_medium,0,1083,36.1,1.0220461688655342,0.30856615554446964
BH_s20_medium,0,1084,36.13333333333333,0.9102385032397475,0.46110428751306387
BH_s20_medium,0,1085,36.166666666666664,0.7643933924482985,0.565142294067609
BH_s20_medium,0,1086,36.2,0.6014621611539862,0.6300575768780414
BH_s20_medium,0,1087,36.233333333333334,0.44191594782263066,0.6544714760427222
BH_s20_medium,0,1088,36.266666666666666,0.2997398561037051,0.6399019243854902
BH_s20_medium,0,1089,36.3,0.17730225845419675,0.5905336797065869
BH_s20_medium,0,1090,36.333333333333336,0.06886354946322952,0.5180998487809204
BH_s20_medium,0,1091,36.36666666666667,-0.029886933242149916,0.44189848660576536
BH_s20_medium,0,1092,36.4,-0.11833249861636658,0.37179279152550376
BH_s20_medium,0,1093,36.43333333333333,-0.19653763602005384,0.30848825907205046
BH_s20_medium,0,1094,36.46666666666667,-0.26610324958501563,0.25452289188168953
BH_s20_medium,0,1095,36.5,-0.3275144988779938,0.21467704734869444
BH_s20_medium,0,1096,36.53333333333333,-0.3820477316311839,0.18773478175826178
BH_s20_medium,0,1097,36.56666666666667,-0.43359709742192776,0.16684511472150232
BH_s20_medium,0,1098,36.6,-0.48795271741296625,0.13772157322174233
BH_s20_medium,0,1099,36.63333333333333,-0.5498882047664615,0.07925096507502509
BH_s20_medium,0,1100,36.666666666666664,-0.6179248533152584,-0.01563114056864342
BH_s20_medium,0,1101,36.7,-0.6839159522559155,-0.139269396723244
BH_s20_medium,0,1102,36.733333333333334,-0.7351910842756918,-0.27944772238600396
BH_s20_medium,0,1103,36.766666666666666,-0.7544519979956845,-0.41881201974256466
BH_s20_medium,0,1104,36.8,-0.719916102862401,-0.5455670113717778
BH_s20_medium,0,1105,36.833333333333336,-0.6058266627950769,-0.6527852601601397
BH_s20_medium,0,1106,36.86666666666667,-0.3896636363063552,-0.7280578837615617
BH_s20_medium,0,1107,36.9,-0.07529908892857418,-0.753067166550211
BH_s20_medium,0,1108,36.93333333333333,0.28524275811549565,-0.7142811869669752
BH_s20_medium,0,1109,36.96666666666667,0.6062423786219391,-0.6031655584094109
BH_s20_medium,0,1110,37.0,0.8173671288754274,-0.42393740986238915
BH_s20_medium,0,1111,37.03333333333333,0.9018452900737124,-0.19425817788358846
BH_s20_medium,0,1112,37.06666666666667,0.8888719585674382,0.06319786673861977
BH_s20_medium,0,1113,37.1,0.8177451470123858,0.31971941848117
BH_s20_medium,0,1114,37.13333333333333,0.7157263173080044,0.5417592635462132
BH_s20_medium,0,1115,37.166666666666664,0.6007207146362453,0.6900224583347195
BH_s20_medium,0,1116,37.2,0.4872608767620472,0.7365252970249825
BH_s20_medium,0,1117,37.233333333333334,0.38500451549582576,0.6642956265943609
BH_s20_medium,0,1118,37.266666666666666,0.2948470929241448,0.46948958518040984
BH_s20_medium,0,1119,37.3,0.20979229336893346,0.16197715253438394
BH_s20_medium,0,1120,37.333333333333336,0.12290622206431331,-0.17642411083330295
BH_s20_medium,0,1121,37.36666666666667,0.034105836511430745,-0.39214213905084067
BH_s20_medium,0,1122,37.4,-0.051722307864496955,-0.43679735688160704
BH_s20_medium,0,1123,37.43333333333333,-0.12996861966471907,-0.3670857875995852
BH_s20_medium,0,1124,37.46666666666667,-0.19860981466058442,-0.22488066394457978
BH_s20_medium,0,1125,37.5,-0.26043854199435396,-0.036555825209199644
BH_s20_medium,0,1126,37.53333333333333,-0.322066812380367,0.16484606272469152
BH_s20_medium,0,1127,37.56666666666667,-0.39119248384140853,0.33919105073186395
BH_s20_medium,0,1128,37.6,-0.4744853910174366,0.4546564120830337
BH_s20_medium,0,1129,37.63333333333333,-0.571710401611681,0.48737886750664094
BH_s20_medium,0,1130,37.666666666666664,-0.6750082795721387,0.43521086446992
BH_s20_medium,0,1131,37.7,-0.7731702432584743,0.31753457808993435
BH_s20_medium,0,1132,37.733333333333334,-0.8513403345515483,0.16402167171796148
BH_s20_medium,0,1133,37.766666666666666,-0.8903565096539946,0.01461359311038666
BH_s20_medium,0,1134,37.8,-0.8666559644818012,-0.10097041322949372
BH_s20_medium,0,1135,37.833333333333336,-0.7538115887359556,-0.1630234365782999
BH_s20_medium,0,1136,37.86666666666667,-0.5289331857818624,-0.17898956445793843
BH_s20_medium,0,1137,37.9,-0.19177233920403836,-0.1828084520846185
BH_s20_medium,0,1138,37.93333333333333,0.2086966444089414,-0.20298402576035304
BH_s20_medium,0,1139,37.96666666666667,0.5815868307035807,-0.26174184652589877
BH_s20_medium,0,1140,38.0,0.8454149282601997,-0.3605076515782322
BH_s20_medium,0,1141,38.03333333333333,0.9766167299768134,-0.4794559719012032
BH_s20_medium,0,1142,38.06666666666667,1.0036557290017272,-0.5914541759224607
BH_s20_medium,0,1143,38.1,0.9629298430437817,-0.6620085103609862
BH_s20_medium,0,1144,38.13333333333333,0.8761305284574572,-0.6619322100878616
BH_s20_medium,0,1145,38.166666666666664,0.7566050443430141,-0.5677024401624581
BH_s20_medium,0,1146,38.2,0.6207712723533366,-0.3826064204423466
BH_s20_medium,0,1147,38.233333333333334,0.48701405514319823,-0.13734511286275544
BH_s20_medium,0,1148,38.266666666666666,0.3651572128749361,0.14110966034591155
BH_s20_medium,0,1149,38.3,0.25427767716352706,0.4285156459544992
BH_s20_medium,0,1150,38.333333333333336,0.15231158288157967,0.6998575729180595
BH_s20_medium,0,1151,38.36666666666667,0.061029558422140515,0.9279998548274904
BH_s20_medium,0,1152,38.4,-0.018615088743149488,1.089119871300214
BH_s20_medium,0,1153,38.43333333333333,-0.08675843831253405,1.1617676351296895
BH_s20_medium,0,1154,38.46666666666667,-0.1452145696445306,1.1348860415234425
BH_s20_medium,0,1155,38.5,-0.19867429004171563,1.00763722172905
BH_s20_medium,0,1156,38.53333333333333,-0.25252895925260155,0.7913126882999021
BH_s20_medium,0,1157,38.56666666666667,-0.3127734931768952,0.5099681130802268
BH_s20_medium,0,1158,38.6,-0.38322307996649363,0.1982875908780701
BH_s20_medium,0,1159,38.63333333333333,-0.46454205485198063,-0.09733604233753292
BH_s20_medium,0,1160,38.666666666666664,-0.5564730022334115,-0.3466524308739093
BH_s20_medium,0,1161,38.7,-0.6549909855920882,-0.5342361398816119
BH_s20_medium,0,1162,38.733333333333334,-0.7502937265620147,-0.653703466998554
BH_s20_medium,0,1163,38.766666666666666,-0.8287884668195037,-0.7064841397740296
BH_s20_medium,0,1164,38.8,-0.8728643078786171,-0.7064439759668297
BH_s20_medium,0,1165,38.833333333333336,-0.8620785497063164,-0.6790514821440011
BH_s20_medium,0,1166,38.86666666666667,-0.7734584182485147,-0.6528383184743856
BH_s20_medium,0,1167,38.9,-0.5807006979253193,-0.6587379666986083
BH_s20_medium,0,1168,38.93333333333333,-0.2730410177887496,-0.7024706005822599
BH_s20_medium,0,1169,38.96666666666667,0.11468423783432069,-0.7643250299826734
BH_s20_medium,0,1170,39.0,0.5006556506090934,-0.8176772857842453
BH_s20_medium,0,1171,39.03333333333333,0.7970047283686714,-0.8293287219168428
BH_s20_medium,0,1172,39.06666666666667,0.9626041779476665,-0.770426086531171
BH_s20_medium,0,1173,39.1,1.0146552351958527,-0.6172453561721924
BH_s20_medium,0,1174,39.13333333333333,0.9904078590432429,-0.36610140483624365
BH_s20_medium,0,1175,39.166666666666664,0.914043184132628,-0.034602292238597065
BH_s20_medium,0,1176,39.2,0.7999709189598612,0.33938269236142626
BH_s20_medium,0,1177,39.233333333333334,0.6643547081120154,0.6963838525095917
BH_s20_medium,0,1178,39.266666666666666,0.5223673264891321,0.9975703726791609
BH_s20_medium,0,1179,39.3,0.38369191693209925,1.2232630243628504
BH_s20_medium,0,1180,39.333333333333336,0.2515182965930918,1.3576202752028812
BH_s20_medium,0,1181,39.36666666666667,0.12399990773487797,1.3874465271116787
BH_s20_medium,0,1182,39.4,-0.00045601743268869344,1.3117211666215092
BH_s20_medium,0,1183,39.43333333333333,-0.11993873364281145,1.1414068176867755
BH_s20_medium,0,1184,39.46666666666667,-0.2304251895150392,0.8962888576452945
BH_s20_medium,0,1185,39.5,-0.33221267943140326,0.6056434324103172
BH_s20_medium,0,1186,39.53333333333333,-0.4290839543533804,0.30022082856514815
BH_s20_medium,0,1187,39.56666666666667,-0.522317320246747,0.013481024992110735
BH_s20_medium,0,1188,39.6,-0.6122725101597848,-0.22935216829292934
BH_s20_medium,0,1189,39.63333333333333,-0.6982595613006233,-0.4099114073489238
BH_s20_medium,0,1190,39.666666666666664,-0.7755516033356749,-0.5325403770706032
BH_s20_medium,0,1191,39.7,-0.8327775932167366,-0.6228210240184636
BH_s20_medium,0,1192,39.733333333333334,-0.8517515096910713,-0.6994147194248577
BH_s20_medium,0,1193,39.766666666666666,-0.8089689554039503,-0.7728329948060777
BH_s20_medium,0,1194,39.8,-0.6761053292342368,-0.8449299489867035
BH_s20_medium,0,1195,39.833333333333336,-0.43298148768050604,-0.9082965613248828
BH_s20_medium,0,1196,39.86666666666667,-0.0936706780391364,-0.9539269695167779
BH_s20_medium,0,1197,39.9,0.28088103345329973,-0.9710223636919753
BH_s20_medium,0,1198,39.93333333333333,0.603913086639938,-0.9508693417024724
BH_s20_medium,0,1199,39.96666666666667,0.8115894112275874,-0.8869934280299849
BH_s20_medium,0,1200,40.0,0.8977648146667059,-0.7677990234522473
BH_s20_medium,0,1201,40.03333333333333,0.8949110890487928,-0.5774097319902926
BH_s20_medium,0,1202,40.06666666666667,0.8349022886523458,-0.313720784636791
BH_s20_medium,0,1203,40.1,0.7384296902469843,0.010111261767199523
BH_s20_medium,0,1204,40.13333333333333,0.6223928441171277,0.36110389732617487
BH_s20_medium,0,1205,40.166666666666664,0.5022290343707838,0.6850078623632105
BH_s20_medium,0,1206,40.2,0.38885005878477485,0.9521067234753147
BH_s20_medium,0,1207,40.233333333333334,0.2861366724685267,1.1556875599995238
BH_s20_medium,0,1208,40.266666666666666,0.19234775352285824,1.2879494000343996
BH_s20_medium,0,1209,40.3,0.10474681862418911,1.3387215356325755
BH_s20_medium,0,1210,40.333333333333336,0.023807044927262738,1.3042643111884133
BH_s20_medium,0,1211,40.36666666666667,-0.04874647735890694,1.1869895080017807
BH_s20_medium,0,1212,40.4,-0.11393957553760387,0.9956593237762341
BH_s20_medium,0,1213,40.43333333333333,-0.17411065239376186,0.7459771145229477
BH_s20_medium,0,1214,40.46666666666667,-0.23316099635168788,0.45880790091878043
BH_s20_medium,0,1215,40.5,-0.29836604092237945,0.16139229895887997
BH_s20_medium,0,1216,40.53333333333333,-0.3772976572710357,-0.12947832435701645
BH_s20_medium,0,1217,40.56666666666667,-0.4747008551377061,-0.4057734152614647
BH_s20_medium,0,1218,40.6,-0.5893621432930607,-0.6553002953273314
BH_s20_medium,0,1219,40.63333333333333,-0.7112937318199604,-0.8600302092115772
BH_s20_medium,0,1220,40.666666666666664,-0.8257319952323224,-1.009250116006552
BH_s20_medium,0,1221,40.7,-0.9169661851722909,-1.098365579103445
BH_s20_medium,0,1222,40.733333333333334,-0.9661188100838151,-1.1319496604853192
BH_s20_medium,0,1223,40.766666666666666,-0.9489670841167152,-1.1229494621004525
BH_s20_medium,0,1224,40.8,-0.8360217249158675,-1.0725765213981377
BH_s20_medium,0,1225,40.833333333333336,-0.598124741167258,-0.9703336967980494
BH_s20_medium,0,1226,40.86666666666667,-0.23388686581364881,-0.8105450532975716
BH_s20_medium,0,1227,40.9,0.20232774139007104,-0.5932695613065679
BH_s20_medium,0,1228,40.93333333333333,0.6148145328694293,-0.3277960358812365
BH_s20_medium,0,1229,40.96666666666667,0.916813276666193,-0.03396508711146099
BH_s20_medium,0,1230,41.0,1.0777908115566361,0.269236665033214
BH_s20_medium,0,1231,41.03333333333333,1.1225159364478348,0.562079330262523
BH_s20_medium,0,1232,41.06666666666667,1.0877925309037213,0.825537886298171
BH_s20_medium,0,1233,41.1,0.9959571022074397,1.0397077066984057
BH_s20_medium,0,1234,41.13333333333333,0.8619845967272309,1.1876133950532552
BH_s20_medium,0,1235,41.166666666666664,0.7031967428567992,1.2541436689711198
BH_s20_medium,0,1236,41.2,0.5388528864125879,1.2343245176896007
BH_s20_medium,0,1237,41.233333333333334,0.38359280261788076,1.1329880258243807
BH_s20_medium,0,1238,41.266666666666666,0.2428794732901393,0.9587078589220177
BH_s20_medium,0,1239,41.3,0.11639002074856855,0.7243049011150338
BH_s20_medium,0,1240,41.333333333333336,0.003880852056404885,0.45294906814376024
BH_s20_medium,0,1241,41.36666666666667,-0.09144659300890458,0.1792195572693372
BH_s20_medium,0,1242,41.4,-0.16802477723121453,-0.06826751809151933
BH_s20_medium,0,1243,41.43333333333333,-0.22898614126590883,-0.2656594293993131
BH_s20_medium,0,1244,41.46666666666667,-0.2793792180750117,-0.4108331265312012
BH_s20_medium,0,1245,41.5,-0.32761432922325817,-0.5219747484947732
BH_s20_medium,0,1246,41.53333333333333,-0.3834461626104172,-0.6143278095634279
BH_s20_medium,0,1247,41.56666666666667,-0.4538527577673054,-0.6988968138125008
BH_s20_medium,0,1248,41.6,-0.5423927582116785,-0.7786060965435171
BH_s20_medium,0,1249,41.63333333333333,-0.6461629886853077,-0.8475650238812188
BH_s20_medium,0,1250,41.666666666666664,-0.7537264834780355,-0.9017208058181179
BH_s20_medium,0,1251,41.7,-0.8485875300744943,-0.9384599944280869
BH_s20_medium,0,1252,41.733333333333334,-0.9118925275275621,-0.9536556071899491
BH_s20_medium,0,1253,41.766666666666666,-0.9217102181525303,-0.941528321921475
BH_s20_medium,0,1254,41.8,-0.8517335058153883,-0.8824100322924427
BH_s20_medium,0,1255,41.833333333333336,-0.672333765933347,-0.7434282747622905
BH_s20_medium,0,1256,41.86666666666667,-0.3661054424970803,-0.5195871482135087
BH_s20_medium,0,1257,41.9,0.0408748429532884,-0.23495750786428665
BH_s20_medium,0,1258,41.93333333333333,0.4683148711574666,0.08551192491546622
BH_s20_medium,0,1259,41.96666666666667,0.817143102777867,0.4146135611388657
BH_s20_medium,0,1260,42.0,1.0285518813143637,0.7288785407317812
BH_s20_medium,0,1261,42.03333333333333,1.1089906343616762,1.0068363762150947
BH_s20_medium,0,1262,42.06666666666667,1.0963024169337483,1.2270097912137068
BH_s20_medium,0,1263,42.1,1.0219914192835353,1.3664970086883848
BH_s20_medium,0,1264,42.13333333333333,0.9046641709740585,1.415807957262379
BH_s20_medium,0,1265,42.166666666666664,0.7593939333353006,1.3781159734436095
BH_s20_medium,0,1266,42.2,0.6021577138783697,1.2604328536919553
BH_s20_medium,0,1267,42.233333333333334,0.4411393671127263,1.0736815209376274
BH_s20_medium,0,1268,42.266666666666666,0.27315007123991675,0.8311516114739541
BH_s20_medium,0,1269,42.3,0.09414327604447445,0.549484523881345
BH_s20_medium,0,1270,42.333333333333336,-0.09235080053436245,0.2399955401968713
BH_s20_medium,0,1271,42.36666666666667,-0.2785195978604794,-0.08958629977397194
BH_s20_medium,0,1272,42.4,-0.45793268513027785,-0.42437968057013975
BH_s20_medium,0,1273,42.43333333333333,-0.6272383191175606,-0.7403642255319375
BH_s20_medium,0,1274,42.46666666666667,-0.7808419348616193,-1.0199256964997285
BH_s20_medium,0,1275,42.5,-0.906734374560651,-1.2500522655585335
BH_s20_medium,0,1276,42.53333333333333,-0.9944081007282979,-1.4129430495905582
BH_s20_medium,0,1277,42.56666666666667,-1.036944080031916,-1.484843814422849
BH_s20_medium,0,1278,42.6,-1.022067856823082,-1.453699318659026
BH_s20_medium,0,1279,42.63333333333333,-0.928204666638752,-1.3189841249132064
BH_s20_medium,0,1280,42.666666666666664,-0.7287611699158422,-1.0943462019384806
BH_s20_medium,0,1281,42.7,-0.41267326379047126,-0.8082070206289208
BH_s20_medium,0,1282,42.733333333333334,-0.011121171025815623,-0.49366296248798575
BH_s20_medium,0,1283,42.766666666666666,0.400071425018364,-0.1896357458274653
BH_s20_medium,0,1284,42.8,0.7339588832619498,0.08869289268784024
BH_s20_medium,0,1285,42.833333333333336,0.9414973893286902,0.34806977493020597
BH_s20_medium,0,1286,42.86666666666667,1.0270957409588801,0.586549065557708
BH_s20_medium,0,1287,42.9,1.0201605744131923,0.7916148650007888
BH_s20_medium,0,1288,42.93333333333333,0.9481585718116987,0.9548224095321198
BH_s20_medium,0,1289,42.96666666666667,0.8328849265399305,1.0705052320249457
BH_s20_medium,0,1290,43.0,0.6950433644861524,1.136826917935138
BH_s20_medium,0,1291,43.03333333333333,0.5546051625619148,1.1549574506252291
BH_s20_medium,0,1292,43.06666666666667,0.4219782102592525,1.1220932267976464
BH_s20_medium,0,1293,43.1,0.29599867049531514,1.0313863465630444
BH_s20_medium,0,1294,43.13333333333333,0.17399311994664693,0.8818302498528598
BH_s20_medium,0,1295,43.166666666666664,0.05652375401522336,0.6789451349880531
BH_s20_medium,0,1296,43.2,-0.054049715574968515,0.42927959743101035
BH_s20_medium,0,1297,43.233333333333334,-0.1574335247717164,0.14170706462981117
BH_s20_medium,0,1298,43.266666666666666,-0.25707601468011954,-0.16169885332488287
BH_s20_medium,0,1299,43.3,-0.35692883222687455,-0.4441907746987831
BH_s20_medium,0,1300,43.333333333333336,-0.4589118015751514,-0.6739972377956087
BH_s20_medium,0,1301,43.36666666666667,-0.5645013116543833,-0.8231568557320377
BH_s20_medium,0,1302,43.4,-0.6763239943156858,-0.8784696995001724
BH_s20_medium,0,1303,43.43333333333333,-0.7924931612414632,-0.8407534413948274
BH_s20_medium,0,1304,43.46666666666667,-0.9034439017800806,-0.7202844495197616
BH_s20_medium,0,1305,43.5,-0.993774998021178,-0.536726211712685
BH_s20_medium,0,1306,43.53333333333333,-1.041905867741973,-0.3323255243360403
BH_s20_medium,0,1307,43.56666666666667,-1.0201324844402242,-0.17197963949314637
BH_s20_medium,0,1308,43.6,-0.8950551724359134,-0.08579995939876539
BH_s20_medium,0,1309,43.63333333333333,-0.6380639077199408,-0.06937935916586419
BH_s20_medium,0,1310,43.666666666666664,-0.2530415799483811,-0.1097039233292618
BH_s20_medium,0,1311,43.7,0.20057339848977937,-0.1856478256338399
BH_s20_medium,0,1312,43.733333333333334,0.6224034204658415,-0.2743228444873937
BH_s20_medium,0,1313,43.766666666666666,0.9281921371470577,-0.3512099089142485
BH_s20_medium,0,1314,43.8,1.097399499713045,-0.3870918200518749
BH_s20_medium,0,1315,43.833333333333336,1.1556269463644302,-0.3483704031864557
BH_s20_medium,0,1316,43.86666666666667,1.1304519935317832,-0.2323592956218418
BH_s20_medium,0,1317,43.9,1.0393418738022662,-0.06766998487885884
BH_s20_medium,0,1318,43.93333333333333,0.8996257359018075,0.12141079076835873
BH_s20_medium,0,1319,43.96666666666667,0.7351050062203766,0.3144108163494287
BH_s20_medium,0,1320,44.0,0.5688453043613674,0.5025961180171317
BH_s20_medium,0,1321,44.03333333333333,0.4129884381140772,0.687817793984553
BH_s20_medium,0,1322,44.06666666666667,0.27026536494944053,0.8522568907019239
BH_s20_medium,0,1323,44.1,0.13924874188191327,0.9576025442403511
BH_s20_medium,0,1324,44.13333333333333,0.018481341224127923,0.9834976733676928
BH_s20_medium,0,1325,44.166666666666664,-0.09009374166437509,0.9273802239522171
BH_s20_medium,0,1326,44.2,-0.18507730082985338,0.7939148791809427
BH_s20_medium,0,1327,44.233333333333334,-0.27203010155924956,0.595288507215742
BH_s20_medium,0,1328,44.266666666666666,-0.36017553943115094,0.3531150260392616
BH_s20_medium,0,1329,44.3,-0.45425143780302535,0.09927845548816358
BH_s20_medium,0,1330,44.333333333333336,-0.5536946160321068,-0.14171379965851996
BH_s20_medium,0,1331,44.36666666666667,-0.6567471950882084,-0.35156754074087393
BH_s20_medium,0,1332,44.4,-0.7608022218973246,-0.5170636798698234
BH_s20_medium,0,1333,44.43333333333333,-0.85827411979879,-0.6288853531839467
BH_s20_medium,0,1334,44.46666666666667,-0.9349045733649293,-0.7030106902555546
BH_s20_medium,0,1335,44.5,-0.9706273333977012,-0.7794107908134114
BH_s20_medium,0,1336,44.53333333333333,-0.941196453021367,-0.8644642279451499
BH_s20_medium,0,1337,44.56666666666667,-0.8194612675417545,-0.9302023200863653
BH_s20_medium,0,1338,44.6,-0.5801102409105752,-0.9571610849967928
BH_s20_medium,0,1339,44.63333333333333,-0.22434579884580022,-0.9344684994295251
BH_s20_medium,0,1340,44.666666666666664,0.1950216113480946,-0.8478273971432843
BH_s20_medium,0,1341,44.7,0.5870091064939392,-0.6801085790240786
BH_s20_medium,0,1342,44.733333333333334,0.8721149856451457,-0.43222566070713664
BH_s20_medium,0,1343,44.766666666666666,1.0255037855713316,-0.12434583840040106
BH_s20_medium,0,1344,44.8,1.0703968562808903,0.21461117079307826
BH_s20_medium,0,1345,44.833333333333336,1.0411381604049343,0.5455559721789365
BH_s20_medium,0,1346,44.86666666666667,0.9618373179006543,0.8366418235495438
BH_s20_medium,0,1347,44.9,0.8490358330396982,1.0617671731627347
BH_s20_medium,0,1348,44.93333333333333,0.717622044692666,1.200467863684608
BH_s20_medium,0,1349,44.96666666666667,0.5788618416069748,1.2368596539669547
BH_s20_medium,0,1350,45.0,0.43651741289121204,1.1694569337886416
BH_s20_medium,0,1351,45.03333333333333,0.2877485867149357,1.0109367982829913
BH_s20_medium,0,1352,45.06666666666667,0.13134686053802397,0.7806218486155344
BH_s20_medium,0,1353,45.1,-0.0287893569129537,0.5050593792764072
BH_s20_medium,0,1354,45.13333333333333,-0.18706667206791952,0.20965325299662974
BH_s20_medium,0,1355,45.166666666666664,-0.33986726933907996,-0.08007814946492786
BH_s20_medium,0,1356,45.2,-0.4872968253171211,-0.33704881391321295
BH_s20_medium,0,1357,45.233333333333334,-0.6297099197090283,-0.5312851090499595
BH_s20_medium,0,1358,45.266666666666666,-0.7664619432870114,-0.64086904964099
BH_s20_medium,0,1359,45.3,-0.8948878559991458,-0.6511529199491737
BH_s20_medium,0,1360,45.333333333333336,-1.006431583893105,-0.5770744154296348
BH_s20_medium,0,1361,45.36666666666667,-1.086524627083142,-0.46263498718138135
BH_s20_medium,0,1362,45.4,-1.1129202785990382,-0.3511081331381552
BH_s20_medium,0,1363,45.43333333333333,-1.0563493195679388,-0.2846091920374121
BH_s20_medium,0,1364,45.46666666666667,-0.8853966240174002,-0.28942319550926665
BH_s20_medium,0,1365,45.5,-0.580855623886499,-0.3757390493611476
BH_s20_medium,0,1366,45.53333333333333,-0.16592590509237887,-0.5269870820705541
BH_s20_medium,0,1367,45.56666666666667,0.28417990513865554,-0.6997330348075143
BH_s20_medium,0,1368,45.6,0.6751578307245083,-0.850521669975062
BH_s20_medium,0,1369,45.63333333333333,0.9443733803189862,-0.9359448935742194
BH_s20_medium,0,1370,45.666666666666664,1.0854921082855464,-0.9116559393327982
BH_s20_medium,0,1371,45.7,1.1240467496828848,-0.7331031509082093
BH_s20_medium,0,1372,45.733333333333334,1.084623378984772,-0.41425170844904047
BH_s20_medium,0,1373,45.766666666666666,0.9857029886490071,-0.02853538998723665
BH_s20_medium,0,1374,45.8,0.8487413338350922,0.37133794717617563
BH_s20_medium,0,1375,45.833333333333336,0.6996697229581756,0.7520705104371609
BH_s20_medium,0,1376,45.86666666666667,0.5577160058575267,1.0885679283369518
BH_s20_medium,0,1377,45.9,0.4269748433241876,1.3618795029105992
BH_s20_medium,0,1378,45.93333333333333,0.30267658064401115,1.5490398129055292
BH_s20_medium,0,1379,45.96666666666667,0.182165516823026,1.6217436868097774
BH_s20_medium,0,1380,46.0,0.06973808943113392,1.5651364581617155
BH_s20_medium,0,1381,46.03333333333333,-0.028660646204556536,1.377725605630611
BH_s20_medium,0,1382,46.06666666666667,-0.1118236648179581,1.0774766174296095
BH_s20_medium,0,1383,46.1,-0.18275208211414,0.7026765598293798
BH_s20_medium,0,1384,46.13333333333333,-0.24795395533355374,0.29427866536398345
BH_s20_medium,0,1385,46.166666666666664,-0.31498233857585356,-0.10252550125048765
BH_s20_medium,0,1386,46.2,-0.38964727582612135,-0.4536706033939037
BH_s20_medium,0,1387,46.233333333333334,-0.4773404641116272,-0.7342715274164475
BH_s20_medium,0,1388,46.266666666666666,-0.581555497227878,-0.9287130527361129
BH_s20_medium,0,1389,46.3,-0.6990483141831284,-1.0290000725275055
BH_s20_medium,0,1390,46.333333333333336,-0.8219253080992621,-1.0406229258859243
BH_s20_medium,0,1391,46.36666666666667,-0.9391310110616364,-0.9815992222482938
BH_s20_medium,0,1392,46.4,-1.0333987651036785,-0.879090179456524
BH_s20_medium,0,1393,46.43333333333333,-1.0831269574357634,-0.768977056830654
BH_s20_medium,0,1394,46.46666666666667,-1.062551267601216,-0.6729644092430883
BH_s20_medium,0,1395,46.5,-0.9399136898149929,-0.5987028244957665
BH_s20_medium,0,1396,46.53333333333333,-0.685038601088879,-0.5395366308535398
BH_s20_medium,0,1397,46.56666666666667,-0.2939367315413444,-0.47521085274621905
BH_s20_medium,0,1398,46.6,0.18254580020064615,-0.38625620082845635
BH_s20_medium,0,1399,46.63333333333333,0.6422560517151993,-0.25501493595650143
BH_s20_medium,0,1400,46.666666666666664,0.9876778328632506,-0.07772053842960511
BH_s20_medium,0,1401,46.7,1.183096445448296,0.1344346950421677
BH_s20_medium,0,1402,46.733333333333334,1.251136847959067,0.36171665976436235
BH_s20_medium,0,1403,46.766666666666666,1.2298563527021946,0.574872577787916
BH_s20_medium,0,1404,46.8,1.142616412582446,0.7462988341051787
BH_s20_medium,0,1405,46.833333333333336,1.0044146000890253,0.8492854782913366
BH_s20_medium,0,1406,46.86666666666667,0.8363477564203701,0.8740845252120124
BH_s20_medium,0,1407,46.9,0.660681571801763,0.8274383047300728
BH_s20_medium,0,1408,46.93333333333333,0.49033690616193487,0.7236749782695538
BH_s20_medium,0,1409,46.96666666666667,0.32584017564663337,0.5846287265818859
BH_s20_medium,0,1410,47.0,0.16438896554864407,0.4319897545265004
BH_s20_medium,0,1411,47.03333333333333,0.007713558659900338,0.2876888447545415
BH_s20_medium,0,1412,47.06666666666667,-0.14070107855328284,0.16560845963381624
BH_s20_medium,0,1413,47.1,-0.279008150480732,0.07224203552254248
BH_s20_medium,0,1414,47.13333333333333,-0.40717862781243697,0.0012242623013645204
BH_s20_medium,0,1415,47.166666666666664,-0.5271511698405915,-0.06578406247913367
BH_s20_medium,0,1416,47.2,-0.6430345623738575,-0.13820732783010048
BH_s20_medium,0,1417,47.233333333333334,-0.7566194513330335,-0.21577039202033477
BH_s20_medium,0,1418,47.266666666666666,-0.8636790142240213,-0.2999949572196134
BH_s20_medium,0,1419,47.3,-0.9558268373187648,-0.3935734062852274
BH_s20_medium,0,1420,47.333333333333336,-1.0193623486752816,-0.49901356612455494
BH_s20_medium,0,1421,47.36666666666667,-1.0344955666310567,-0.6178824093504027
BH_s20_medium,0,1422,47.4,-0.9764157947729466,-0.741931500113407
BH_s20_medium,0,1423,47.43333333333333,-0.8156275374559205,-0.8524872118464497
BH_s20_medium,0,1424,47.46666666666667,-0.5294254974359744,-0.9264931196636996
BH_s20_medium,0,1425,47.5,-0.1314410304596931,-0.9364063533105143
BH_s20_medium,0,1426,47.53333333333333,0.30850355916100136,-0.8554158218421074
BH_s20_medium,0,1427,47.56666666666667,0.6919008419334135,-0.6581863805097702
BH_s20_medium,0,1428,47.6,0.9478250533471018,-0.34771479960339663
BH_s20_medium,0,1429,47.63333333333333,1.066024996695916,0.04328723430075333
BH_s20_medium,0,1430,47.666666666666664,1.0773557818789934,0.46322114260431213
BH_s20_medium,0,1431,47.7,1.015781115947874,0.8402249031506962
BH_s20_medium,0,1432,47.733333333333334,0.9071848411834618,1.130105440517098
BH_s20_medium,0,1433,47.766666666666666,0.7737167805292042,1.314852885892265
BH_s20_medium,0,1434,47.8,0.6360018104328228,1.3782735932290457
BH_s20_medium,0,1435,47.833333333333336,0.5066540558131163,1.3050869408426173
BH_s20_medium,0,1436,47.86666666666667,0.3839489917980719,1.0876228881890457
BH_s20_medium,0,1437,47.9,0.26208874323214704,0.7265371786826476
BH_s20_medium,0,1438,47.93333333333333,0.14181103086854713,0.23885376633852834
BH_s20_medium,0,1439,47.96666666666667,0.02673667887053234,-0.33995304688128214
BH_s20_medium,0,1440,48.0,-0.0805625902694725,-0.887921112654633
BH_s20_medium,0,1441,48.03333333333333,-0.1774680916346179,-1.1959697024756417
BH_s20_medium,0,1442,48.06666666666667,-0.2629053417786603,-1.2018115300757906
BH_s20_medium,0,1443,48.1,-0.34161687373753025,-0.9895364255150498
BH_s20_medium,0,1444,48.13333333333333,-0.4233590843136285,-0.6354494946339415
BH_s20_medium,0,1445,48.166666666666664,-0.5159789201652769,-0.20738821368657787
BH_s20_medium,0,1446,48.2,-0.622274570330256,0.2187407442798474
BH_s20_medium,0,1447,48.233333333333334,-0.7400876429320762,0.5580867438432388
BH_s20_medium,0,1448,48.266666666666666,-0.8607711384350956,0.7651309120985622
BH_s20_medium,0,1449,48.3,-0.9714684029762224,0.8325712178057543
BH_s20_medium,0,1450,48.333333333333336,-1.0545616894515364,0.758581862174391
BH_s20_medium,0,1451,48.36666666666667,-1.086594557192619,0.546387852177356
BH_s20_medium,0,1452,48.4,-1.0407461413072772,0.21863579975341574
BH_s20_medium,0,1453,48.43333333333333,-0.8854094991302416,-0.1817334775088046
BH_s20_medium,0,1454,48.46666666666667,-0.5940302146219357,-0.5978738315440546
BH_s20_medium,0,1455,48.5,-0.1765726264996124,-0.9578005854285174
BH_s20_medium,0,1456,48.53333333333333,0.2995684702286306,-1.19748516226689
BH_s20_medium,0,1457,48.56666666666667,0.7317448472631869,-1.2601232091736938
BH_s20_medium,0,1458,48.6,1.0362344849929814,-1.127193387160986
BH_s20_medium,0,1459,48.63333333333333,1.1910547732837904,-0.8185498025021882
BH_s20_medium,0,1460,48.666666666666664,1.2260380305589378,-0.3867371938638537
BH_s20_medium,0,1461,48.7,1.1799690587541822,0.08230090345167801
BH_s20_medium,0,1462,48.733333333333334,1.0765849005169956,0.5281676044618646
BH_s20_medium,0,1463,48.766666666666666,0.9328897440635113,0.914384225436581
BH_s20_medium,0,1464,48.8,0.7709794838059806,1.2102546200998192
BH_s20_medium,0,1465,48.833333333333336,0.6103204043084245,1.3889843027777928
BH_s20_medium,0,1466,48.86666666666667,0.4596526271374853,1.434833547604447
BH_s20_medium,0,1467,48.9,0.3203176816367789,1.3423080245812051
BH_s20_medium,0,1468,48.93333333333333,0.1902451697583189,1.129903048793021
BH_s20_medium,0,1469,48.96666666666667,0.06936157837812233,0.8402695766916533
BH_s20_medium,0,1470,49.0,-0.038022427260252775,0.5084336304937064
BH_s20_medium,0,1471,49.03333333333333,-0.12860213886435587,0.16291366058701373
BH_s20_medium,0,1472,49.06666666666667,-0.2036339077710274,-0.17190971704389585
BH_s20_medium,0,1473,49.1,-0.2686809085566094,-0.473961486856216
BH_s20_medium,0,1474,49.13333333333333,-0.33043961090131224,-0.7323874009714696
BH_s20_medium,0,1475,49.166666666666664,-0.39371392503473424,-0.9456462845169633
BH_s20_medium,0,1476,49.2,-0.46306603075952035,-1.1064314964957103
BH_s20_medium,0,1477,49.233333333333334,-0.5443568902373476,-1.2003108665054554
BH_s20_medium,0,1478,49.266666666666666,-0.6394470524080162,-1.2209842397138206
BH_s20_medium,0,1479,49.3,-0.7431210255323492,-1.169771911307393
BH_s20_medium,0,1480,49.333333333333336,-0.844934125379393,-1.057632334388638
BH_s20_medium,0,1481,49.36666666666667,-0.931161720526916,-0.905219250189645
BH_s20_medium,0,1482,49.4,-0.9865773281272531,-0.7290176391285614
BH_s20_medium,0,1483,49.43333333333333,-0.9897769349750251,-0.5419919232668922
BH_s20_medium,0,1484,49.46666666666667,-0.9116102673909239,-0.3405928360454533
BH_s20_medium,0,1485,49.5,-0.7202581239116821,-0.10624969495205691
BH_s20_medium,0,1486,49.53333333333333,-0.3966830283066535,0.16388356564606343
BH_s20_medium,0,1487,49.56666666666667,0.033883354491035925,0.45510862528233625
BH_s20_medium,0,1488,49.6,0.4889623717026167,0.7461828486830627
BH_s20_medium,0,1489,49.63333333333333,0.8660327248991542,1.0077893031562948
BH_s20_medium,0,1490,49.666666666666664,1.102972079245167,1.2169868022310475
BH_s20_medium,0,1491,49.7,1.2015758777676777,1.3559560338127001
BH_s20_medium,0,1492,49.733333333333334,1.1974210564839343,1.4108470588363222
BH_s20_medium,0,1493,49.766666666666666,1.1222529989453505,1.3711657403826032
BH_s20_medium,0,1494,49.8,0.9969608854261807,1.2288742202129177
BH_s20_medium,0,1495,49.833333333333336,0.8420139877433122,0.9789170924369696
BH_s20_medium,0,1496,49.86666666666667,0.6770160074371663,0.6391870587628574
BH_s20_medium,0,1497,49.9,0.5119180814942167,0.25183581270866
BH_s20_medium,0,1498,49.93333333333333,0.3467714535965149,-0.1347363373183268
BH_s20_medium,0,1499,49.96666666666667,0.17783656975222184,-0.46444607096753676
BH_s20_medium,0,1500,50.0,0.0035915273162747535,-0.7051319937099024
BH_s20_medium,0,1501,50.03333333333333,-0.1718115371995444,-0.8470578988615827
BH_s20_medium,0,1502,50.06666666666667,-0.3433954019583433,-0.8992523237073407
BH_s20_medium,0,1503,50.1,-0.5096418610412179,-0.8881744046848665
BH_s20_medium,0,1504,50.13333333333333,-0.6687583313365945,-0.8330021352810034
BH_s20_medium,0,1505,50.166666666666664,-0.8169425837077242,-0.7451155699471097
BH_s20_medium,0,1506,50.2,-0.9473864443306435,-0.6276018851600624
BH_s20_medium,0,1507,50.233333333333334,-1.050365594961194,-0.47577247987411514
BH_s20_medium,0,1508,50.266666666666666,-1.1132071049409218,-0.3072469468072768
BH_s20_medium,0,1509,50.3,-1.116886105220923,-0.16253253007366555
BH_s20_medium,0,1510,50.333333333333336,-1.0372777807733315,-0.07968469310681195
BH_s20_medium,0,1511,50.36666666666667,-0.8456190493228836,-0.09426929761565266
BH_s20_medium,0,1512,50.4,-0.5220689831718116,-0.19059587037728368
BH_s20_medium,0,1513,50.43333333333333,-0.09155169821826843,-0.30210612532751535
BH_s20_medium,0,1514,50.46666666666667,0.3626665748143644,-0.36991515260192087
BH_s20_medium,0,1515,50.5,0.7400837887775731,-0.34376423929305244
BH_s20_medium,0,1516,50.53333333333333,0.9840562810545396,-0.2181469042715602
BH_s20_medium,0,1517,50.56666666666667,1.0969774648315962,-0.03271832530698968
BH_s20_medium,0,1518,50.6,1.1092447754452206,0.17375953140876224
BH_s20_medium,0,1519,50.63333333333333,1.050106937819448,0.3631418707970534
BH_s20_medium,0,1520,50.666666666666664,0.9426779813369068,0.5186043091143451
BH_s20_medium,0,1521,50.7,0.8107273142035238,0.6437133477709771
BH_s20_medium,0,1522,50.733333333333334,0.6741314369901256,0.7277573331188596
BH_s20_medium,0,1523,50.766666666666666,0.5400610235158549,0.7451149348780883
BH_s20_medium,0,1524,50.8,0.40781462850793626,0.6952755193181889
BH_s20_medium,0,1525,50.833333333333336,0.27889522803226646,0.6027043680447083
BH_s20_medium,0,1526,50.86666666666667,0.15703110056371686,0.48876021571783135
BH_s20_medium,0,1527,50.9,0.04459084299865901,0.37173898182813037
BH_s20_medium,0,1528,50.93333333333333,-0.05772392280208466,0.26274991928496316
BH_s20_medium,0,1529,50.96666666666667,-0.15064243380586106,0.16624999790011688
BH_s20_medium,0,1530,51.0,-0.23699418289796745,0.08690383853236766
BH_s20_medium,0,1531,51.03333333333333,-0.32215934832254445,0.030173577999089943
BH_s20_medium,0,1532,51.06666666666667,-0.4119569780846982,-0.0031407171894364677
BH_s20_medium,0,1533,51.1,-0.5099697326640455,-0.016473255862258104
BH_s20_medium,0,1534,51.13333333333333,-0.6185817409053626,-0.022376869893681733
BH_s20_medium,0,1535,51.166666666666664,-0.738166958172671,-0.04201641538365122
BH_s20_medium,0,1536,51.2,-0.8638698393522672,-0.09154823515752898
BH_s20_medium,0,1537,51.233333333333334,-0.986255678567725,-0.18146639728446767
BH_s20_medium,0,1538,51.266666666666666,-1.0893024222059884,-0.31451107731490974
BH_s20_medium,0,1539,51.3,-1.1496431774680904,-0.4849062640896466
BH_s20_medium,0,1540,51.333333333333336,-1.1392949060437305,-0.6722896680272673
BH_s20_medium,0,1541,51.36666666666667,-1.0262100817673774,-0.8410534718529257
BH_s20_medium,0,1542,51.4,-0.7784904425811184,-0.9548157692080225
BH_s20_medium,0,1543,51.43333333333333,-0.3857232110397522,-0.9762521205276811
BH_s20_medium,0,1544,51.46666666666667,0.10657147111960397,-0.8919550741749706
BH_s20_medium,0,1545,51.5,0.5960795521267832,-0.7126775420039256
BH_s20_medium,0,1546,51.53333333333333,0.978066153141544,-0.4575078586299437
BH_s20_medium,0,1547,51.56666666666667,1.2043185672040455,-0.15463008766714753
BH_s20_medium,0,1548,51.6,1.2906725370174499,0.171424699186056
BH_s20_medium,0,1549,51.63333333333333,1.2768720276351957,0.49828069399309777
BH_s20_medium,0,1550,51.666666666666664,1.1918884129099492,0.7892734843009346
BH_s20_medium,0,1551,51.7,1.054678406586785,0.9921296197014566
BH_s20_medium,0,1552,51.733333333333334,0.8864227164777543,1.0728252310577597
BH_s20_medium,0,1553,51.766666666666666,0.710183809269376,1.015085539683198
BH_s20_medium,0,1554,51.8,0.5425323582287863,0.8401748998418074
BH_s20_medium,0,1555,51.833333333333336,0.3874938999944361,0.6066841362838634
BH_s20_medium,0,1556,51.86666666666667,0.24240930854118997,0.3620098757014669
BH_s20_medium,0,1557,51.9,0.10800317023846442,0.1426642458606748
BH_s20_medium,0,1558,51.93333333333333,-0.010675679088529136,-0.024036145895928337
BH_s20_medium,0,1559,51.96666666666667,-0.10784167191974948,-0.11916836144374389
BH_s20_medium,0,1560,52.0,-0.1852793869761153,-0.13430395909736265
BH_s20_medium,0,1561,52.03333333333333,-0.25373149295348696,-0.07104151073055498
BH_s20_medium,0,1562,52.06666666666667,-0.32285451216193795,0.045078415185502346
BH_s20_medium,0,1563,52.1,-0.3981095771790188,0.16489072261343474
BH_s20_medium,0,1564,52.13333333333333,-0.4845684415538078,0.24412221716060573
BH_s20_medium,0,1565,52.166666666666664,-0.5863295318642155,0.24384385197942876
BH_s20_medium,0,1566,52.2,-0.7012418898751351,0.1475346647203869
BH_s20_medium,0,1567,52.233333333333334,-0.8198892476073795,-0.03841109109991659
BH_s20_medium,0,1568,52.266666666666666,-0.929662688315931,-0.2982642780130723
BH_s20_medium,0,1569,52.3,-1.0163805908718366,-0.6060649884077025
BH_s20_medium,0,1570,52.333333333333336,-1.0614533783056275,-0.9246516948282116
BH_s20_medium,0,1571,52.36666666666667,-1.0402359636505238,-1.2045278208731796
BH_s20_medium,0,1572,52.4,-0.923111611404754,-1.3938919889971817
BH_s20_medium,0,1573,52.43333333333333,-0.6796762762776739,-1.438147978974366
BH_s20_medium,0,1574,52.46666666666667,-0.30202017801310993,-1.3017691744909425
BH_s20_medium,0,1575,52.5,0.16135656506024101,-0.9690490926224188
BH_s20_medium,0,1576,52.53333333333333,0.6102217154753774,-0.48523638741359476
BH_s20_medium,0,1577,52.56666666666667,0.9470680466354657,0.04232437543319302
BH_s20_medium,0,1578,52.6,1.1311527954536822,0.5358605777251138
BH_s20_medium,0,1579,52.63333333333333,1.1827605766291527,0.9455646391965891
BH_s20_medium,0,1580,52.666666666666664,1.1442382624723155,1.2394612810377772
BH_s20_medium,0,1581,52.7,1.0488420916285701,1.4013299327616398
BH_s20_medium,0,1582,52.733333333333334,0.9199486676588318,1.421052455125248
BH_s20_medium,0,1583,52.766666666666666,0.7789405400307063,1.293696317825363
BH_s20_medium,0,1584,52.8,0.6417703934174331,1.0325068628624223
BH_s20_medium,0,1585,52.833333333333336,0.5112433846963648,0.6694115073712025
BH_s20_medium,0,1586,52.86666666666667,0.38034029441251566,0.25500639124548824
BH_s20_medium,0,1587,52.9,0.2439309377117869,-0.14030218391043195
BH_s20_medium,0,1588,52.93333333333333,0.10616928688714343,-0.4581533597314521
BH_s20_medium,0,1589,52.96666666666667,-0.02528171877042608,-0.6510607598218467
BH_s20_medium,0,1590,53.0,-0.14693680921253763,-0.6932248226285931
BH_s20_medium,0,1591,53.03333333333333,-0.261697590817898,-0.5798556981530651
BH_s20_medium,0,1592,53.06666666666667,-0.3772503803706864,-0.34386972085620876
BH_s20_medium,0,1593,53.1,-0.4992969306691249,-0.05570144626286122
BH_s20_medium,0,1594,53.13333333333333,-0.6294192182670237,0.21844237614222695
BH_s20_medium,0,1595,53.166666666666664,-0.7676242614229063,0.4164874892025213
BH_s20_medium,0,1596,53.2,-0.9107325503691043,0.5033567449554351
BH_s20_medium,0,1597,53.233333333333334,-1.0473098792088313,0.47063103316841864
BH_s20_medium,0,1598,53.266666666666666,-1.1566571329585789,0.33628872860054315
BH_s20_medium,0,1599,53.3,-1.2111494577821473,0.14449638566333411
BH_s20_medium,0,1600,53.333333333333336,-1.176890420125512,-0.04796930430496851
BH_s20_medium,0,1601,53.36666666666667,-1.0186557353803791,-0.17190707790886017
BH_s20_medium,0,1602,53.4,-0.7131732636591639,-0.21601076302932729
BH_s20_medium,0,1603,53.43333333333333,-0.2748548263280741,-0.22623318004402804
BH_s20_medium,0,1604,53.46666666666667,0.22417645503388206,-0.22633935143843592
BH_s20_medium,0,1605,53.5,0.6767593116963676,-0.2170812550417606
BH_s20_medium,0,1606,53.53333333333333,1.0008430888215814,-0.2021192460176844
BH_s20_medium,0,1607,53.56666666666667,1.1790155724899085,-0.1879261824930929
BH_s20_medium,0,1608,53.6,1.236544575948556,-0.17342123560484082
BH_s20_medium,0,1609,53.63333333333333,1.2038815899648567,-0.15006000404065986
BH_s20_medium,0,1610,53.666666666666664,1.1045049432452918,-0.11047866693566537
BH_s20_medium,0,1611,53.7,0.9609708350008022,-0.04884718481260076
BH_s20_medium,0,1612,53.733333333333334,0.8006039560623018,0.0227513920402895
BH_s20_medium,0,1613,53.766666666666666,0.6451330539498998,0.07423582134829798
BH_s20_medium,0,1614,53.8,0.5014191703911361,0.08710520005509774
BH_s20_medium,0,1615,53.833333333333336,0.36580469121413944,0.05459251668578428
BH_s20_medium,0,1616,53.86666666666667,0.23484596031087449,-0.026723566790100142
BH_s20_medium,0,1617,53.9,0.1109598404030549,-0.15661740848802236
BH_s20_medium,0,1618,53.93333333333333,-0.0006768218689089667,-0.32077047420639443
BH_s20_medium,0,1619,53.96666666666667,-0.09546507635834847,-0.4903033694691795
BH_s20_medium,0,1620,54.0,-0.17410418947579584,-0.6362551195558223
BH_s20_medium,0,1621,54.03333333333333,-0.2456212980231747,-0.7292724801944841
BH_s20_medium,0,1622,54.06666666666667,-0.32026388260992733,-0.755122890683877
BH_s20_medium,0,1623,54.1,-0.4047004567877335,-0.7145249907210899
BH_s20_medium,0,1624,54.13333333333333,-0.5039771317800901,-0.6074128042903021
BH_s20_medium,0,1625,54.166666666666664,-0.6218800323597313,-0.43332812983711777
BH_s20_medium,0,1626,54.2,-0.7564848416653782,-0.20446805385726718
BH_s20_medium,0,1627,54.233333333333334,-0.8957083993573071,0.053314236314326136
BH_s20_medium,0,1628,54.266666666666666,-1.0225433229555532,0.31415265204454346
BH_s20_medium,0,1629,54.3,-1.119230101916999,0.550965824085633
BH_s20_medium,0,1630,54.333333333333336,-1.1623997840838975,0.7530802734969552
BH_s20_medium,0,1631,54.36666666666667,-1.1231345664911052,0.9247555234209478
BH_s20_medium,0,1632,54.4,-0.9693669287358743,1.0626778310984561
BH_s20_medium,0,1633,54.43333333333333,-0.674041985347384,1.1547645018495172
BH_s20_medium,0,1634,54.46666666666667,-0.2450197477221724,1.1883262984038505
BH_s20_medium,0,1635,54.5,0.25125793988541567,1.1497432169723403
BH_s20_medium,0,1636,54.53333333333333,0.7086545215898974,1.0304315023355737
BH_s20_medium,0,1637,54.56666666666667,1.0404486696149977,0.8273706096044
BH_s20_medium,0,1638,54.6,1.2252373099806568,0.5498944480356599
BH_s20_medium,0,1639,54.63333333333333,1.2905185682490645,0.220910873590236
BH_s20_medium,0,1640,54.666666666666664,1.269656818679156,-0.11791437673425978
BH_s20_medium,0,1641,54.7,1.1845141636770338,-0.40494450260264603
BH_s20_medium,0,1642,54.733333333333334,1.0527247913809041,-0.6055759831672053
BH_s20_medium,0,1643,54.766666666666666,0.8939008491965617,-0.7111097762478952
BH_s20_medium,0,1644,54.8,0.7246854475239664,-0.7258023121925464
BH_s20_medium,0,1645,54.833333333333336,0.552639193975777,-0.6659156911252643
BH_s20_medium,0,1646,54.86666666666667,0.3777560531072745,-0.5602809531007128
BH_s20_medium,0,1647,54.9,0.19839068778502672,-0.4498333333339436
BH_s20_medium,0,1648,54.93333333333333,0.014920500164873729,-0.3706975194341288
BH_s20_medium,0,1649,54.96666666666667,-0.16897785486317551,-0.3538902105194165
BH_s20_medium,0,1650,55.0,-0.3474428844155132,-0.3856378140427877
BH_s20_medium,0,1651,55.03333333333333,-0.5181380924897848,-0.40786512591405344
BH_s20_medium,0,1652,55.06666666666667,-0.6816648412121324,-0.38998254018686557
BH_s20_medium,0,1653,55.1,-0.8353075015166868,-0.3296006521473577
BH_s20_medium,0,1654,55.13333333333333,-0.9757981251321612,-0.23774425393533793
BH_s20_medium,0,1655,55.166666666666664,-1.0990099834181306,-0.13898039929512168
BH_s20_medium,0,1656,55.2,-1.1940234697609144,-0.06352092541550816
BH_s20_medium,0,1657,55.233333333333334,-1.2421366583625524,-0.047090640857860605
BH_s20_medium,0,1658,55.266666666666666,-1.2161558807566815,-0.08694056625705698
BH_s20_medium,0,1659,55.3,-1.0809687623968687,-0.14208968709077144
BH_s20_medium,0,1660,55.333333333333336,-0.8040355582242793,-0.18375919279513286
BH_s20_medium,0,1661,55.36666666666667,-0.38718852396762504,-0.1958601009446679
BH_s20_medium,0,1662,55.4,0.10730208769775058,-0.17037570468603297
BH_s20_medium,0,1663,55.43333333333333,0.5768726114292932,-0.10756237874092109
BH_s20_medium,0,1664,55.46666666666667,0.9342990457163293,-0.010478340947723583
BH_s20_medium,0,1665,55.5,1.1492597570172443,0.11460164471691683
BH_s20_medium,0,1666,55.53333333333333,1.2393556000782737,0.26018528772394706
BH_s20_medium,0,1667,55.56666666666667,1.2349886297353923,0.4168404019568398
BH_s20_medium,0,1668,55.6,1.1597577323551593,0.5768972395383183
BH_s20_medium,0,1669,55.63333333333333,1.0335532186041039,0.7335222805152851
BH_s20_medium,0,1670,55.666666666666664,0.8797014067982908,0.8712561785956101
BH_s20_medium,0,1671,55.7,0.72086155631536,0.9653345480832735
BH_s20_medium,0,1672,55.733333333333334,0.567887615037177,0.993069608934513
BH_s20_medium,0,1673,55.766666666666666,0.41989439484556706,0.9338521178528605
BH_s20_medium,0,1674,55.8,0.275173580927653,0.7861259520826918
BH_s20_medium,0,1675,55.833333333333336,0.13669685834813616,0.5679031088794052
BH_s20_medium,0,1676,55.86666666666667,0.01060299122387899,0.3039731924463325
BH_s20_medium,0,1677,55.9,-0.09977647068531245,0.02681696877604444
BH_s20_medium,0,1678,55.93333333333333,-0.19933594474447652,-0.23836814069752604
BH_s20_medium,0,1679,55.96666666666667,-0.2964901594130419,-0.4723341981734545
BH_s20_medium,0,1680,56.0,-0.3973928170043153,-0.6633089013832462
BH_s20_medium,0,1681,56.03333333333333,-0.5080677997368639,-0.805584830340388
BH_s20_medium,0,1682,56.06666666666667,-0.6334485111683561,-0.8990347429642878
BH_s20_medium,0,1683,56.1,-0.7739864461928994,-0.948032676902471
BH_s20_medium,0,1684,56.13333333333333,-0.9244799749752319,-0.9549224493040914
BH_s20_medium,0,1685,56.166666666666664,-1.0710063403573533,-0.9195540120434409
BH_s20_medium,0,1686,56.2,-1.193072847406755,-0.8404941297073363
BH_s20_medium,0,1687,56.233333333333334,-1.2675778527311519,-0.7152981616474429
BH_s20_medium,0,1688,56.266666666666666,-1.2683472414679193,-0.5433538430313658
BH_s20_medium,0,1689,56.3,-1.1641210420157877,-0.326794891799398
BH_s20_medium,0,1690,56.333333333333336,-0.9193676052094442,-0.07522653787366886
BH_s20_medium,0,1691,56.36666666666667,-0.519339277681466,0.19298289579628813
BH_s20_medium,0,1692,56.4,-0.005343240587262363,0.4545900339513411
BH_s20_medium,0,1693,56.43333333333333,0.522631596189553,0.6801966965118023
BH_s20_medium,0,1694,56.46666666666667,0.9544909295166422,0.8449900656327753
BH_s20_medium,0,1695,56.5,1.2344294742985702,0.9278098016556776
BH_s20_medium,0,1696,56.53333333333333,1.3711585944339348,0.9157923658769342
BH_s20_medium,0,1697,56.56666666666667,1.3959988652074875,0.8041194761989502
BH_s20_medium,0,1698,56.6,1.3320983344789472,0.604810281461765
BH_s20_medium,0,1699,56.63333333333333,1.1980124846962479,0.3471524350847466
BH_s20_medium,0,1700,56.666666666666664,1.0198959630099123,0.06094386143540575
BH_s20_medium,0,1701,56.7,0.8269067537357822,-0.22253620085925147
BH_s20_medium,0,1702,56.733333333333334,0.6365427322927594,-0.4668355938671268
BH_s20_medium,0,1703,56.766666666666666,0.45121809208518276,-0.6293608658351776
BH_s20_medium,0,1704,56.8,0.26990519841047333,-0.6878620877360702
BH_s20_medium,0,1705,56.833333333333336,0.09582814185364452,-0.6399210394179704
BH_s20_medium,0,1706,56.86666666666667,-0.06615754720100414,-0.5007819617965306
BH_s20_medium,0,1707,56.9,-0.21155965588218117,-0.303269091749198
BH_s20_medium,0,1708,56.93333333333333,-0.34093860963535505,-0.08310729059873384
BH_s20_medium,0,1709,56.96666666666667,-0.4622863881080227,0.12067642705464543
BH_s20_medium,0,1710,57.0,-0.5834759209226184,0.2745216994592881
BH_s20_medium,0,1711,57.03333333333333,-0.7077325232896519,0.349824495673142
BH_s20_medium,0,1712,57.06666666666667,-0.8353129549254235,0.3363117595100889
BH_s20_medium,0,1713,57.1,-0.9611929329245832,0.24178108470828336
BH_s20_medium,0,1714,57.13333333333333,-1.073006326984002,0.08808182637486672
BH_s20_medium,0,1715,57.166666666666664,-1.1517422341584123,-0.08885148073178772
BH_s20_medium,0,1716,57.2,-1.1714837749193696,-0.2513340585445281
BH_s20_medium,0,1717,57.233333333333334,-1.0995941004305114,-0.3597592422669425
BH_s20_medium,0,1718,57.266666666666666,-0.8988998750282506,-0.3826273334284723
BH_s20_medium,0,1719,57.3,-0.548518205617682,-0.2966810239973164
BH_s20_medium,0,1720,57.333333333333336,-0.0805970484602747,-0.11605912117821718
BH_s20_medium,0,1721,57.36666666666667,0.41428003058805996,0.10749753029973545
BH_s20_medium,0,1722,57.4,0.8312734068501257,0.3336993794339911
BH_s20_medium,0,1723,57.43333333333333,1.1077065672414241,0.5332791225411475
BH_s20_medium,0,1724,57.46666666666667,1.241417534366648,0.6794091247666174
BH_s20_medium,0,1725,57.5,1.262779918812355,0.7470677421188688
BH_s20_medium,0,1726,57.53333333333333,1.2022419789431213,0.7265631094912466
BH_s20_medium,0,1727,57.56666666666667,1.0840226456199131,0.6233631716409748
BH_s20_medium,0,1728,57.6,0.9325967146095842,0.45781802661421506
BH_s20_medium,0,1729,57.63333333333333,0.7699834586857006,0.26535959507872325
BH_s20_medium,0,1730,57.666666666666664,0.6067235031275022,0.068483180257926
BH_s20_medium,0,1731,57.7,0.44072123891654535,-0.12246793853232446
BH_s20_medium,0,1732,57.733333333333334,0.26572420601620045,-0.29147622280330293
BH_s20_medium,0,1733,57.766666666666666,0.0796083171498789,-0.41588796665130834
BH_s20_medium,0,1734,57.8,-0.11184495834345287,-0.48752409342264524
BH_s20_medium,0,1735,57.833333333333336,-0.30276767248310565,-0.5119742556076768
BH_s20_medium,0,1736,57.86666666666667,-0.49097188514226175,-0.49558398446791624
BH_s20_medium,0,1737,57.9,-0.6720605903403911,-0.4450577743652062
BH_s20_medium,0,1738,57.93333333333333,-0.840384662418622,-0.38211379089787506
BH_s20_medium,0,1739,57.96666666666667,-0.9902626793620032,-0.3431971074856416
BH_s20_medium,0,1740,58.0,-1.1143323691414606,-0.3481727621464857
BH_s20_medium,0,1741,58.03333333333333,-1.200201285637504,-0.4000274967631376
BH_s20_medium,0,1742,58.06666666666667,-1.2285739224106622,-0.4795475272887308
BH_s20_medium,0,1743,58.1,-1.1715811756177634,-0.5455140206813749
BH_s20_medium,0,1744,58.13333333333333,-0.992139919923344,-0.5638265394905244
BH_s20_medium,0,1745,58.166666666666664,-0.6621882768589396,-0.5080420418961221
BH_s20_medium,0,1746,58.2,-0.20086348091049955,-0.3613402029325171
BH_s20_medium,0,1747,58.233333333333334,0.31030635363662373,-0.11744769817562525
BH_s20_medium,0,1748,58.266666666666666,0.7638845622143327,0.20020059911568494
BH_s20_medium,0,1749,58.3,1.0862312641029688,0.5373453579901195
BH_s20_medium,0,1750,58.333333333333336,1.2641662482818428,0.8568962869746195
BH_s20_medium,0,1751,58.36666666666667,1.3210066540340448,1.1375447889016714
BH_s20_medium,0,1752,58.4,1.2845705733994175,1.3546449023848213
BH_s20_medium,0,1753,58.43333333333333,1.1771069583272102,1.4788822596157378
BH_s20_medium,0,1754,58.46666666666667,1.0220361063539996,1.4965110343087853
BH_s20_medium,0,1755,58.5,0.8451585145477567,1.4088424926838394
BH_s20_medium,0,1756,58.53333333333333,0.6659504448562148,1.2218243774527557
BH_s20_medium,0,1757,58.56666666666667,0.4935688756120238,0.9464910082888072
BH_s20_medium,0,1758,58.6,0.33167694559791183,0.6198925701083018
BH_s20_medium,0,1759,58.63333333333333,0.18666431767662808,0.305996016024172
