recording_id,measurement_id,sample_index,time_seconds,gt_signal,predicted_signal
COHFACE_s37_session3_natural,0,0,0.0,-3.477461576461792,-0.05827360687341879
COHFACE_s37_session3_natural,0,1,0.03333333333333333,-2.461085796356201,0.0032075955964738024
COHFACE_s37_session3_natural,0,2,0.06666666666666667,-0.04019162431359291,0.07929162644107375
COHFACE_s37_session3_natural,0,3,0.1,0.1412811279296875,0.17829954062358047
COHFACE_s37_session3_natural,0,4,0.13333333333333333,-0.3811210095882416,0.30214581208007785
COHFACE_s37_session3_natural,0,5,0.16666666666666666,-0.40331315994262695,0.4455819840867157
COHFACE_s37_session3_natural,0,6,0.2,-0.4223368167877197,0.5972390605586163
COHFACE_s37_session3_natural,0,7,0.23333333333333334,-0.5095337629318237,0.7419349611538049
COHFACE_s37_session3_natural,0,8,0.26666666666666666,-0.5594755411148071,0.8634105763961408
COHFACE_s37_session3_natural,0,9,0.3,-0.5992454290390015,0.9468420859136282
COHFACE_s37_session3_natural,0,10,0.3333333333333333,-0.4677521586418152,0.9810824977646437
COHFACE_s37_session3_natural,0,11,0.36666666666666664,0.21291214227676392,0.9607693871617311
COHFACE_s37_session3_natural,0,12,0.4,1.1700479984283447,0.8877635501020428
COHFACE_s37_session3_natural,0,13,0.43333333333333335,1.7446426153182983,0.7708377330229008
COHFACE_s37_session3_natural,0,14,0.4666666666666667,1.8310474157333374,0.6231301135492598
COHFACE_s37_session3_natural,0,15,0.5,1.677028775215149,0.458240246780681
COHFACE_s37_session3_natural,0,16,0.5333333333333333,1.4633427858352661,0.286874232414059
COHFACE_s37_session3_natural,0,17,0.5666666666666667,1.1961002349853516,0.11577608282549433
COHFACE_s37_session3_natural,0,18,0.6,0.8766399621963501,-0.05074132555107132
COHFACE_s37_session3_natural,0,19,0.6333333333333333,0.6465645432472229,-0.20799856599502667
COHFACE_s37_session3_natural,0,20,0.6666666666666666,0.5784540772438049,-0.3489111149525622
COHFACE_s37_session3_natural,0,21,0.7,0.5734812617301941,-0.4641486680673601
COHFACE_s37_session3_natural,0,22,0.7333333333333333,0.5299896597862244,-0.5445234810897159
COHFACE_s37_session3_natural,0,23,0.7666666666666667,0.405908465385437,-0.5843192103979556
COHFACE_s37_session3_natural,0,24,0.8,0.2195132076740265,-0.5838106991139753
COHFACE_s37_session3_natural,0,25,0.8333333333333334,0.015383071266114712,-0.5497338912073857
COHFACE_s37_session3_natural,0,26,0.8666666666666667,-0.1762930452823639,-0.49353378915873586
COHFACE_s37_session3_natural,0,27,0.9,-0.33173245191574097,-0.4282233173998901
COHFACE_s37_session3_natural,0,28,0.9333333333333333,-0.447238564491272,-0.3651357963368152
COHFACE_s37_session3_natural,0,29,0.9666666666666667,-0.5403136014938354,-0.3116717394892517
COHFACE_s37_session3_natural,0,30,1.0,-0.6167476773262024,-0.2705596931321606
COHFACE_s37_session3_natural,0,31,1.0333333333333334,-0.661534309387207,-0.24051547684115412
COHFACE_s37_session3_natural,0,32,1.0666666666666667,-0.7002731561660767,-0.21778607536214867
COHFACE_s37_session3_natural,0,33,1.1,-0.7431109547615051,-0.19801383119467844
COHFACE_s37_session3_natural,0,34,1.1333333333333333,-0.777631402015686,-0.17803577136539367
COHFACE_s37_session3_natural,0,35,1.1666666666666667,-0.8208463788032532,-0.15733227923702647
COHFACE_s37_session3_natural,0,36,1.2,-0.612372100353241,-0.13872056996577442
COHFACE_s37_session3_natural,0,37,1.2333333333333334,0.2692035138607025,-0.1278629508622358
COHFACE_s37_session3_natural,0,38,1.2666666666666666,1.3434863090515137,-0.1315107805334361
COHFACE_s37_session3_natural,0,39,1.3,1.9185523986816406,-0.15491256086464866
COHFACE_s37_session3_natural,0,40,1.3333333333333333,1.970807671546936,-0.1991318489906348
COHFACE_s37_session3_natural,0,41,1.3666666666666667,1.7941820621490479,-0.2591007773992936
COHFACE_s37_session3_natural,0,42,1.4,1.56520676612854,-0.3231693722370521
COHFACE_s37_session3_natural,0,43,1.4333333333333333,1.2708619832992554,-0.37472263303439884
COHFACE_s37_session3_natural,0,44,1.4666666666666666,0.9210620522499084,-0.39598609325629863
COHFACE_s37_session3_natural,0,45,1.5,0.6733837127685547,-0.37313036814224315
COHFACE_s37_session3_natural,0,46,1.5333333333333334,0.5886386036872864,-0.3005360752382934
COHFACE_s37_session3_natural,0,47,1.5666666666666667,0.5725508332252502,-0.1820311915945371
COHFACE_s37_session3_natural,0,48,1.6,0.5122233629226685,-0.028725259450309577
COHFACE_s37_session3_natural,0,49,1.6333333333333333,0.3746131360530853,0.144993733124307
COHFACE_s37_session3_natural,0,50,1.6666666666666667,0.18305017054080963,0.3253971967572301
COHFACE_s37_session3_natural,0,51,1.7,-0.030139142647385597,0.5020099543681272
COHFACE_s37_session3_natural,0,52,1.7333333333333334,-0.22038188576698303,0.6680266272119246
COHFACE_s37_session3_natural,0,53,1.7666666666666666,-0.3859303593635559,0.818382127372205
COHFACE_s37_session3_natural,0,54,1.8,-0.5175241827964783,0.9466502798720474
COHFACE_s37_session3_natural,0,55,1.8333333333333333,-0.6131642460823059,1.0429347085423406
COHFACE_s37_session3_natural,0,56,1.8666666666666667,-0.6881837844848633,1.0944705456346862
COHFACE_s37_session3_natural,0,57,1.9,-0.7485803961753845,1.0891368950977722
COHFACE_s37_session3_natural,0,58,1.9333333333333333,-0.8000310063362122,1.0205095898147645
COHFACE_s37_session3_natural,0,59,1.9666666666666666,-0.8538957238197327,0.8921230011344615
COHFACE_s37_session3_natural,0,60,2.0,-0.9082319140434265,0.7186133691547394
COHFACE_s37_session3_natural,0,61,2.033333333333333,-0.9626687169075012,0.5225792503030177
COHFACE_s37_session3_natural,0,62,2.066666666666667,-1.0168288946151733,0.32800519490761393
COHFACE_s37_session3_natural,0,63,2.1,-1.0749560594558716,0.1529253025161945
COHFACE_s37_session3_natural,0,64,2.1333333333333333,-1.1270415782928467,0.004584377018148154
COHFACE_s37_session3_natural,0,65,2.1666666666666665,-0.9976606369018555,-0.12070701585421643
COHFACE_s37_session3_natural,0,66,2.2,-0.2006918489933014,-0.23308020329912976
COHFACE_s37_session3_natural,0,67,2.2333333333333334,1.0130558013916016,-0.34227985167972236
COHFACE_s37_session3_natural,0,68,2.2666666666666666,1.7716503143310547,-0.4518247995732116
COHFACE_s37_session3_natural,0,69,2.3,1.8905261754989624,-0.5568099543255329
COHFACE_s37_session3_natural,0,70,2.3333333333333335,1.6826239824295044,-0.6460360748435314
COHFACE_s37_session3_natural,0,71,2.3666666666666667,1.3891782760620117,-0.7070658593038209
COHFACE_s37_session3_natural,0,72,2.4,1.058565378189087,-0.7317200903781338
COHFACE_s37_session3_natural,0,73,2.433333333333333,0.7021077871322632,-0.7197712207203825
COHFACE_s37_session3_natural,0,74,2.466666666666667,0.45451119542121887,-0.6797358068330086
COHFACE_s37_session3_natural,0,75,2.5,0.378221720457077,-0.6268319294943578
COHFACE_s37_session3_natural,0,76,2.533333333333333,0.3891606330871582,-0.578780826875487
COHFACE_s37_session3_natural,0,77,2.566666666666667,0.36451664566993713,-0.5505170971976108
COHFACE_s37_session3_natural,0,78,2.6,0.24339021742343903,-0.5493886650225587
COHFACE_s37_session3_natural,0,79,2.6333333333333333,0.057202402502298355,-0.5726196687668178
COHFACE_s37_session3_natural,0,80,2.6666666666666665,-0.14703461527824402,-0.6081409311836965
COHFACE_s37_session3_natural,0,81,2.7,-0.3434446454048157,-0.6385696824438297
COHFACE_s37_session3_natural,0,82,2.7333333333333334,-0.5112375020980835,-0.6468035697499646
COHFACE_s37_session3_natural,0,83,2.7666666666666666,-0.6416997313499451,-0.6210444153264705
COHFACE_s37_session3_natural,0,84,2.8,-0.7413946986198425,-0.5574254134669391
COHFACE_s37_session3_natural,0,85,2.8333333333333335,-0.8113848567008972,-0.45957588380147435
COHFACE_s37_session3_natural,0,86,2.8666666666666667,-0.8588244915008545,-0.3358300927863177
COHFACE_s37_session3_natural,0,87,2.9,-0.8931437730789185,-0.1956700558568542
COHFACE_s37_session3_natural,0,88,2.933333333333333,-0.9186930656433105,-0.04697378478135799
COHFACE_s37_session3_natural,0,89,2.966666666666667,-0.9498186707496643,0.10510515578547307
COHFACE_s37_session3_natural,0,90,3.0,-0.9881991147994995,0.2577595156595389
COHFACE_s37_session3_natural,0,91,3.033333333333333,-1.0340420007705688,0.4094479925455101
COHFACE_s37_session3_natural,0,92,3.066666666666667,-1.0908048152923584,0.5589815795187733
COHFACE_s37_session3_natural,0,93,3.1,-1.1444557905197144,0.7051671182200404
COHFACE_s37_session3_natural,0,94,3.1333333333333333,-1.0240397453308105,0.8467136138170172
COHFACE_s37_session3_natural,0,95,3.1666666666666665,-0.2652251422405243,0.9817325165509524
COHFACE_s37_session3_natural,0,96,3.2,0.8911246061325073,1.1064234469929342
COHFACE_s37_session3_natural,0,97,3.2333333333333334,1.5960431098937988,1.213266543501426
COHFACE_s37_session3_natural,0,98,3.2666666666666666,1.6559808254241943,1.2897738663562894
COHFACE_s37_session3_natural,0,99,3.3,1.3924850225448608,1.31911169261299
COHFACE_s37_session3_natural,0,100,3.3333333333333335,1.0333619117736816,1.2834011781152517
COHFACE_s37_session3_natural,0,101,3.3666666666666667,0.6370715498924255,1.1692705427979317
COHFACE_s37_session3_natural,0,102,3.4,0.2764332592487335,0.9737684615929733
COHFACE_s37_session3_natural,0,103,3.433333333333333,0.11177750676870346,0.7079954832685108
COHFACE_s37_session3_natural,0,104,3.466666666666667,0.1482216864824295,0.3964496065464394
COHFACE_s37_session3_natural,0,105,3.5,0.22149352729320526,0.0718939451939855
COHFACE_s37_session3_natural,0,106,3.533333333333333,0.2009044885635376,-0.2323742486828812
COHFACE_s37_session3_natural,0,107,3.566666666666667,0.0689711645245552,-0.48980398677832193
COHFACE_s37_session3_natural,0,108,3.6,-0.11853685975074768,-0.6848017107850436
COHFACE_s37_session3_natural,0,109,3.6333333333333333,-0.3114640414714813,-0.812955703418506
COHFACE_s37_session3_natural,0,110,3.6666666666666665,-0.4861408472061157,-0.8783003996547086
COHFACE_s37_session3_natural,0,111,3.7,-0.6328165531158447,-0.8896664626001336
COHFACE_s37_session3_natural,0,112,3.7333333333333334,-0.7468578219413757,-0.8577460170444747
COHFACE_s37_session3_natural,0,113,3.7666666666666666,-0.8256997466087341,-0.7933455047391996
COHFACE_s37_session3_natural,0,114,3.8,-0.8772634863853455,-0.7064406531060385
COHFACE_s37_session3_natural,0,115,3.8333333333333335,-0.9107151627540588,-0.6055124465758388
COHFACE_s37_session3_natural,0,116,3.8666666666666667,-0.936427891254425,-0.4970572473145654
COHFACE_s37_session3_natural,0,117,3.9,-0.9616817235946655,-0.38562038413923133
COHFACE_s37_session3_natural,0,118,3.933333333333333,-0.9987985491752625,-0.2747169064889887
COHFACE_s37_session3_natural,0,119,3.966666666666667,-1.047445297241211,-0.16845875008218653
COHFACE_s37_session3_natural,0,120,4.0,-1.1054152250289917,-0.07297489423553648
COHFACE_s37_session3_natural,0,121,4.033333333333333,-1.0987261533737183,0.0034298769978433775
COHFACE_s37_session3_natural,0,122,4.066666666666666,-0.6154589056968689,0.051633053082762566
COHFACE_s37_session3_natural,0,123,4.1,0.505452573299408,0.06384682366017956
COHFACE_s37_session3_natural,0,124,4.133333333333334,1.4684476852416992,0.03557859812426613
COHFACE_s37_session3_natural,0,125,4.166666666666667,1.760453701019287,-0.033138297374676856
COHFACE_s37_session3_natural,0,126,4.2,1.5855380296707153,-0.1371686569456561
COHFACE_s37_session3_natural,0,127,4.233333333333333,1.2452813386917114,-0.266033477838003
COHFACE_s37_session3_natural,0,128,4.266666666666667,0.8608917593955994,-0.4039826020303954
COHFACE_s37_session3_natural,0,129,4.3,0.46258336305618286,-0.530849046296917
COHFACE_s37_session3_natural,0,130,4.333333333333333,0.18361598253250122,-0.6243077937292548
COHFACE_s37_session3_natural,0,131,4.366666666666666,0.125243678689003,-0.663763785326824
COHFACE_s37_session3_natural,0,132,4.4,0.1974279284477234,-0.6352469887889687
COHFACE_s37_session3_natural,0,133,4.433333333333334,0.24188768863677979,-0.535748590171869
COHFACE_s37_session3_natural,0,134,4.466666666666667,0.16802488267421722,-0.37494078708045864
COHFACE_s37_session3_natural,0,135,4.5,-0.002376941731199622,-0.1727819877541801
COHFACE_s37_session3_natural,0,136,4.533333333333333,-0.20379121601581573,0.04677664037091673
COHFACE_s37_session3_natural,0,137,4.566666666666666,-0.4006476104259491,0.26368900309010007
COHFACE_s37_session3_natural,0,138,4.6,-0.5694274306297302,0.46777025881281475
COHFACE_s37_session3_natural,0,139,4.633333333333334,-0.7017065286636353,0.659660449126997
COHFACE_s37_session3_natural,0,140,4.666666666666667,-0.8018604516983032,0.8460316603048345
COHFACE_s37_session3_natural,0,141,4.7,-0.8694742321968079,1.0311853940864688
COHFACE_s37_session3_natural,0,142,4.733333333333333,-0.9131166934967041,1.2091536237571237
COHFACE_s37_session3_natural,0,143,4.766666666666667,-0.9403445720672607,1.3604311912857645
COHFACE_s37_session3_natural,0,144,4.8,-0.9706403017044067,1.4554232753036462
COHFACE_s37_session3_natural,0,145,4.833333333333333,-1.0143204927444458,1.463473746044979
COHFACE_s37_session3_natural,0,146,4.866666666666666,-1.0470366477966309,1.3635214401689493
COHFACE_s37_session3_natural,0,147,4.9,-0.8256997466087341,1.151738309114908
COHFACE_s37_session3_natural,0,148,4.933333333333334,0.08777477592229843,0.843465572002975
COHFACE_s37_session3_natural,0,149,4.966666666666667,1.2384727001190186,0.4697599361173797
COHFACE_s37_session3_natural,0,150,5.0,1.8275331258773804,0.07080852333006676
COHFACE_s37_session3_natural,0,151,5.033333333333333,1.8070446252822876,-0.3113619608506035
COHFACE_s37_session3_natural,0,152,5.066666666666666,1.5063189268112183,-0.6394897565711185
COHFACE_s37_session3_natural,0,153,5.1,1.1444923877716064,-0.886492719463137
COHFACE_s37_session3_natural,0,154,5.133333333333334,0.752646803855896,-1.0390965562651928
COHFACE_s37_session3_natural,0,155,5.166666666666667,0.3748583197593689,-1.0986899435601396
COHFACE_s37_session3_natural,0,156,5.2,0.1675533801317215,-1.0787858439118376
COHFACE_s37_session3_natural,0,157,5.233333333333333,0.1640956848859787,-0.9996910867378123
COHFACE_s37_session3_natural,0,158,5.266666666666667,0.22763566672801971,-0.8823573953390389
COHFACE_s37_session3_natural,0,159,5.3,0.2190794199705124,-0.7438700291260735
COHFACE_s37_session3_natural,0,160,5.333333333333333,0.09591608494520187,-0.5960869917951784
COHFACE_s37_session3_natural,0,161,5.366666666666666,-0.09480445086956024,-0.4471961442191902
COHFACE_s37_session3_natural,0,162,5.4,-0.29850080609321594,-0.30450721389787394
COHFACE_s37_session3_natural,0,163,5.433333333333334,-0.48991918563842773,-0.17636344673640902
COHFACE_s37_session3_natural,0,164,5.466666666666667,-0.6525317430496216,-0.07179853011425788
COHFACE_s37_session3_natural,0,165,5.5,-0.7797940373420715,0.0019383237038246258
COHFACE_s37_session3_natural,0,166,5.533333333333333,-0.8661548495292664,0.042419648723323336
COHFACE_s37_session3_natural,0,167,5.566666666666666,-0.9172848463058472,0.05356693801064162
COHFACE_s37_session3_natural,0,168,5.6,-0.9448772668838501,0.04443318574513101
COHFACE_s37_session3_natural,0,169,5.633333333333334,-0.9665036201477051,0.025662455961464863
COHFACE_s37_session3_natural,0,170,5.666666666666667,-1.0067764520645142,0.005499539003044658
COHFACE_s37_session3_natural,0,171,5.7,-1.0487780570983887,-0.012461497698764465
COHFACE_s37_session3_natural,0,172,5.733333333333333,-0.8836885094642639,-0.02868363793802289
COHFACE_s37_session3_natural,0,173,5.766666666666667,-0.020677613094449043,-0.04487061684039908
COHFACE_s37_session3_natural,0,174,5.8,1.202015995979309,-0.06079054698098982
COHFACE_s37_session3_natural,0,175,5.833333333333333,1.9061172008514404,-0.07259936158845087
COHFACE_s37_session3_natural,0,176,5.866666666666666,1.9460316896438599,-0.07335127945439782
COHFACE_s37_session3_natural,0,177,5.9,1.6644490957260132,-0.055084568826674694
COHFACE_s37_session3_natural,0,178,5.933333333333334,1.3077651262283325,-0.011411351082515194
COHFACE_s37_session3_natural,0,179,5.966666666666667,0.9235453009605408,0.060184107263310575
COHFACE_s37_session3_natural,0,180,6.0,0.5258970260620117,0.15675042585765292
COHFACE_s37_session3_natural,0,181,6.033333333333333,0.2589750289916992,0.26930463103360197
COHFACE_s37_session3_natural,0,182,6.066666666666666,0.20287223160266876,0.3837778397558852
COHFACE_s37_session3_natural,0,183,6.1,0.2557624876499176,0.48378051015052476
COHFACE_s37_session3_natural,0,184,6.133333333333334,0.261822909116745,0.5546707577667686
COHFACE_s37_session3_natural,0,185,6.166666666666667,0.15089353919029236,0.5874619597773663
COHFACE_s37_session3_natural,0,186,6.2,-0.03883369266986847,0.5808318312253864
COHFACE_s37_session3_natural,0,187,6.233333333333333,-0.2479114830493927,0.5402141788844014
COHFACE_s37_session3_natural,0,188,6.266666666666667,-0.4477100670337677,0.47439274357298516
COHFACE_s37_session3_natural,0,189,6.3,-0.6248952746391296,0.3913914594964284
COHFACE_s37_session3_natural,0,190,6.333333333333333,-0.7580419182777405,0.2959137485499508
COHFACE_s37_session3_natural,0,191,6.366666666666666,-0.8500670790672302,0.18968458367583457
COHFACE_s37_session3_natural,0,192,6.4,-0.9127206802368164,0.0741639835339522
COHFACE_s37_session3_natural,0,193,6.433333333333334,-0.9495923519134521,-0.04646925860246395
COHFACE_s37_session3_natural,0,194,6.466666666666667,-0.9762543439865112,-0.16424695849749543
COHFACE_s37_session3_natural,0,195,6.5,-1.010831356048584,-0.26901391857504897
COHFACE_s37_session3_natural,0,196,6.533333333333333,-1.0491175651550293,-0.3515356493689285
COHFACE_s37_session3_natural,0,197,6.566666666666666,-0.9475428462028503,-0.40602256086731014
COHFACE_s37_session3_natural,0,198,6.6,-0.1960711032152176,-0.43080573938982014
COHFACE_s37_session3_natural,0,199,6.633333333333334,1.06707763671875,-0.42745563818962834
COHFACE_s37_session3_natural,0,200,6.666666666666667,1.9157674312591553,-0.39948636924056347
COHFACE_s37_session3_natural,0,201,6.7,2.0498759746551514,-0.3515448604332452
COHFACE_s37_session3_natural,0,202,6.733333333333333,1.7967784404754639,-0.28914734528630054
COHFACE_s37_session3_natural,0,203,6.766666666666667,1.4464755058288574,-0.2184777550983991
COHFACE_s37_session3_natural,0,204,6.8,1.0795378684997559,-0.14597428130735965
COHFACE_s37_session3_natural,0,205,6.833333333333333,0.6777529716491699,-0.07785719450134347
COHFACE_s37_session3_natural,0,206,6.866666666666666,0.3589465916156769,-0.019737385992878272
COHFACE_s37_session3_natural,0,207,6.9,0.26115649938583374,0.023835831190332668
COHFACE_s37_session3_natural,0,208,6.933333333333334,0.29294851422309875,0.0500859718232208
COHFACE_s37_session3_natural,0,209,6.966666666666667,0.29830479621887207,0.058851853986518536
COHFACE_s37_session3_natural,0,210,7.0,0.21055461466312408,0.05298081941938693
COHFACE_s37_session3_natural,0,211,7.033333333333333,0.02928932011127472,0.037687675383583176
COHFACE_s37_session3_natural,0,212,7.066666666666666,-0.18976551294326782,0.018970593423011186
COHFACE_s37_session3_natural,0,213,7.1,-0.3977620005607605,0.0018953494118201346
COHFACE_s37_session3_natural,0,214,7.133333333333334,-0.582422137260437,-0.010385853718655044
COHFACE_s37_session3_natural,0,215,7.166666666666667,-0.7326435446739197,-0.016574925632984943
COHFACE_s37_session3_natural,0,216,7.2,-0.8415611386299133,-0.016507199974702725
COHFACE_s37_session3_natural,0,217,7.233333333333333,-0.9175362586975098,-0.010515732643272054
COHFACE_s37_session3_natural,0,218,7.266666666666667,-0.9728469252586365,0.0005491885025157125
COHFACE_s37_session3_natural,0,219,7.3,-1.0109068155288696,0.014706406128897686
COHFACE_s37_session3_natural,0,220,7.333333333333333,-1.0420135259628296,0.028378119440874646
COHFACE_s37_session3_natural,0,221,7.366666666666666,-1.078558325767517,0.036933087319976396
COHFACE_s37_session3_natural,0,222,7.4,-1.1275005340576172,0.036400278434129164
COHFACE_s37_session3_natural,0,223,7.433333333333334,-1.1632405519485474,0.025526746201438577
COHFACE_s37_session3_natural,0,224,7.466666666666667,-0.8657273650169373,0.006889717104331242
COHFACE_s37_session3_natural,0,225,7.5,0.24544596672058105,-0.01369927513158609
COHFACE_s37_session3_natural,0,226,7.533333333333333,1.53892183303833,-0.029034236548286477
COHFACE_s37_session3_natural,0,227,7.566666666666666,2.148282051086426,-0.03238611001578456
COHFACE_s37_session3_natural,0,228,7.6,2.103325605392456,-0.018684961125628185
COHFACE_s37_session3_natural,0,229,7.633333333333334,1.7787355184555054,0.014755471322243467
COHFACE_s37_session3_natural,0,230,7.666666666666667,1.4091826677322388,0.0674385088287066
COHFACE_s37_session3_natural,0,231,7.7,1.0275403261184692,0.1347395727134753
COHFACE_s37_session3_natural,0,232,7.733333333333333,0.6335321068763733,0.20740666837732796
COHFACE_s37_session3_natural,0,233,7.766666666666667,0.37595221400260925,0.272332292921991
COHFACE_s37_session3_natural,0,234,7.8,0.3072696924209595,0.3149470572054627
COHFACE_s37_session3_natural,0,235,7.833333333333333,0.3256332278251648,0.32273594394174626
COHFACE_s37_session3_natural,0,236,7.866666666666666,0.30288153886795044,0.28873117869099235
COHFACE_s37_session3_natural,0,237,7.9,0.18160422146320343,0.21373849240167597
COHFACE_s37_session3_natural,0,238,7.933333333333334,-0.008292755112051964,0.10654358614936063
COHFACE_s37_session3_natural,0,239,7.966666666666667,-0.22483918070793152,-0.017828895726598515
COHFACE_s37_session3_natural,1,0,1.0,-0.6167476773262024,-0.04394701878731481
COHFACE_s37_session3_natural,1,1,1.0333333333333334,-0.661534309387207,-0.079482663851882
COHFACE_s37_session3_natural,1,2,1.0666666666666667,-0.7002731561660767,-0.11354754094284988
COHFACE_s37_session3_natural,1,3,1.1,-0.7431109547615051,-0.14302859725698308
COHFACE_s37_session3_natural,1,4,1.1333333333333333,-0.777631402015686,-0.1655188632325652
COHFACE_s37_session3_natural,1,5,1.1666666666666667,-0.8208463788032532,-0.1809971751790359
COHFACE_s37_session3_natural,1,6,1.2,-0.612372100353241,-0.19359642244405229
COHFACE_s37_session3_natural,1,7,1.2333333333333334,0.2692035138607025,-0.21179846171409966
COHFACE_s37_session3_natural,1,8,1.2666666666666666,1.3434863090515137,-0.24605170861042414
COHFACE_s37_session3_natural,1,9,1.3,1.9185523986816406,-0.30435828303845147
COHFACE_s37_session3_natural,1,10,1.3333333333333333,1.970807671546936,-0.38760127947629763
COHFACE_s37_session3_natural,1,11,1.3666666666666667,1.7941820621490479,-0.486671642182975
COHFACE_s37_session3_natural,1,12,1.4,1.56520676612854,-0.5828400038056478
COHFACE_s37_session3_natural,1,13,1.4333333333333333,1.2708619832992554,-0.6517655722770579
COHFACE_s37_session3_natural,1,14,1.4666666666666666,0.9210620522499084,-0.6704002964551138
COHFACE_s37_session3_natural,1,15,1.5,0.6733837127685547,-0.6246557189573181
COHFACE_s37_session3_natural,1,16,1.5333333333333334,0.5886386036872864,-0.5144344512848038
COHFACE_s37_session3_natural,1,17,1.5666666666666667,0.5725508332252502,-0.35324876801743615
COHFACE_s37_session3_natural,1,18,1.6,0.5122233629226685,-0.1627521599685665
COHFACE_s37_session3_natural,1,19,1.6333333333333333,0.3746131360530853,0.03460727947671094
COHFACE_s37_session3_natural,1,20,1.6666666666666667,0.18305017054080963,0.22149735643887097
COHFACE_s37_session3_natural,1,21,1.7,-0.030139142647385597,0.388553210895049
COHFACE_s37_session3_natural,1,22,1.7333333333333334,-0.22038188576698303,0.5339840208743141
COHFACE_s37_session3_natural,1,23,1.7666666666666666,-0.3859303593635559,0.6606465640856304
COHFACE_s37_session3_natural,1,24,1.8,-0.5175241827964783,0.7720535121922723
COHFACE_s37_session3_natural,1,25,1.8333333333333333,-0.6131642460823059,0.8690950162045832
COHFACE_s37_session3_natural,1,26,1.8666666666666667,-0.6881837844848633,0.9487368124325589
COHFACE_s37_session3_natural,1,27,1.9,-0.7485803961753845,1.0048813593505908
COHFACE_s37_session3_natural,1,28,1.9333333333333333,-0.8000310063362122,1.0305489390922653
COHFACE_s37_session3_natural,1,29,1.9666666666666666,-0.8538957238197327,1.0200861712767877
COHFACE_s37_session3_natural,1,30,2.0,-0.9082319140434265,0.9704159166796908
COHFACE_s37_session3_natural,1,31,2.033333333333333,-0.9626687169075012,0.8810684936688225
COHFACE_s37_session3_natural,1,32,2.066666666666667,-1.0168288946151733,0.7534028682905779
COHFACE_s37_session3_natural,1,33,2.1,-1.0749560594558716,0.5898202414554761
COHFACE_s37_session3_natural,1,34,2.1333333333333333,-1.1270415782928467,0.3937979544923838
COHFACE_s37_session3_natural,1,35,2.1666666666666665,-0.9976606369018555,0.17108956828743108
COHFACE_s37_session3_natural,1,36,2.2,-0.2006918489933014,-0.06845647508882252
COHFACE_s37_session3_natural,1,37,2.2333333333333334,1.0130558013916016,-0.3097678958275852
COHFACE_s37_session3_natural,1,38,2.2666666666666666,1.7716503143310547,-0.5334536130400291
COHFACE_s37_session3_natural,1,39,2.3,1.8905261754989624,-0.7192003162425616
COHFACE_s37_session3_natural,1,40,2.3333333333333335,1.6826239824295044,-0.8506924098047101
COHFACE_s37_session3_natural,1,41,2.3666666666666667,1.3891782760620117,-0.9200684185556012
COHFACE_s37_session3_natural,1,42,2.4,1.058565378189087,-0.9300597568813572
COHFACE_s37_session3_natural,1,43,2.433333333333333,0.7021077871322632,-0.893081633984132
COHFACE_s37_session3_natural,1,44,2.466666666666667,0.45451119542121887,-0.827896040449421
COHFACE_s37_session3_natural,1,45,2.5,0.378221720457077,-0.755184328666937
COHFACE_s37_session3_natural,1,46,2.533333333333333,0.3891606330871582,-0.6931387455124493
COHFACE_s37_session3_natural,1,47,2.566666666666667,0.36451664566993713,-0.6536598887213995
COHFACE_s37_session3_natural,1,48,2.6,0.24339021742343903,-0.6396581211655987
COHFACE_s37_session3_natural,1,49,2.6333333333333333,0.057202402502298355,-0.64421288700069
COHFACE_s37_session3_natural,1,50,2.6666666666666665,-0.14703461527824402,-0.6523728775163496
COHFACE_s37_session3_natural,1,51,2.7,-0.3434446454048157,-0.6456840994446595
COHFACE_s37_session3_natural,1,52,2.7333333333333334,-0.5112375020980835,-0.6081981650706622
COHFACE_s37_session3_natural,1,53,2.7666666666666666,-0.6416997313499451,-0.5316885672983033
COHFACE_s37_session3_natural,1,54,2.8,-0.7413946986198425,-0.4179730577420738
COHFACE_s37_session3_natural,1,55,2.8333333333333335,-0.8113848567008972,-0.2774943729384411
COHFACE_s37_session3_natural,1,56,2.8666666666666667,-0.8588244915008545,-0.12492476194029517
COHFACE_s37_session3_natural,1,57,2.9,-0.8931437730789185,0.026220602464396017
COHFACE_s37_session3_natural,1,58,2.933333333333333,-0.9186930656433105,0.167658575874087
COHFACE_s37_session3_natural,1,59,2.966666666666667,-0.9498186707496643,0.297460273159837
COHFACE_s37_session3_natural,1,60,3.0,-0.9881991147994995,0.4179634828225162
COHFACE_s37_session3_natural,1,61,3.033333333333333,-1.0340420007705688,0.5318949355789003
COHFACE_s37_session3_natural,1,62,3.066666666666667,-1.0908048152923584,0.6393003555430596
COHFACE_s37_session3_natural,1,63,3.1,-1.1444557905197144,0.737377757861554
COHFACE_s37_session3_natural,1,64,3.1333333333333333,-1.0240397453308105,0.8229766505966756
COHFACE_s37_session3_natural,1,65,3.1666666666666665,-0.2652251422405243,0.895306726020743
COHFACE_s37_session3_natural,1,66,3.2,0.8911246061325073,0.9562693060326111
COHFACE_s37_session3_natural,1,67,3.2333333333333334,1.5960431098937988,1.0076975108226003
COHFACE_s37_session3_natural,1,68,3.2666666666666666,1.6559808254241943,1.0471848307784235
COHFACE_s37_session3_natural,1,69,3.3,1.3924850225448608,1.065405102382259
COHFACE_s37_session3_natural,1,70,3.3333333333333335,1.0333619117736816,1.047037956882525
COHFACE_s37_session3_natural,1,71,3.3666666666666667,0.6370715498924255,0.9753572081950147
COHFACE_s37_session3_natural,1,72,3.4,0.2764332592487335,0.8386322613903912
COHFACE_s37_session3_natural,1,73,3.433333333333333,0.11177750676870346,0.6356930226351805
COHFACE_s37_session3_natural,1,74,3.466666666666667,0.1482216864824295,0.37852154352733247
COHFACE_s37_session3_natural,1,75,3.5,0.22149352729320526,0.09098997358449432
COHFACE_s37_session3_natural,1,76,3.533333333333333,0.2009044885635376,-0.19585881081925582
COHFACE_s37_session3_natural,1,77,3.566666666666667,0.0689711645245552,-0.4505580077506853
COHFACE_s37_session3_natural,1,78,3.6,-0.11853685975074768,-0.6479036539287731
COHFACE_s37_session3_natural,1,79,3.6333333333333333,-0.3114640414714813,-0.7735845067850754
COHFACE_s37_session3_natural,1,80,3.6666666666666665,-0.4861408472061157,-0.8257058992114876
COHFACE_s37_session3_natural,1,81,3.7,-0.6328165531158447,-0.8133576107782063
COHFACE_s37_session3_natural,1,82,3.7333333333333334,-0.7468578219413757,-0.7531336452304582
COHFACE_s37_session3_natural,1,83,3.7666666666666666,-0.8256997466087341,-0.6646900179455751
COHFACE_s37_session3_natural,1,84,3.8,-0.8772634863853455,-0.5662866067384811
COHFACE_s37_session3_natural,1,85,3.8333333333333335,-0.9107151627540588,-0.4711588964412968
COHFACE_s37_session3_natural,1,86,3.8666666666666667,-0.936427891254425,-0.3856009379998034
COHFACE_s37_session3_natural,1,87,3.9,-0.9616817235946655,-0.30942688198097607
COHFACE_s37_session3_natural,1,88,3.933333333333333,-0.9987985491752625,-0.23871377756535392
COHFACE_s37_session3_natural,1,89,3.966666666666667,-1.047445297241211,-0.16974658787060162
COHFACE_s37_session3_natural,1,90,4.0,-1.1054152250289917,-0.10250147986915166
COHFACE_s37_session3_natural,1,91,4.033333333333333,-1.0987261533737183,-0.04222837040769479
COHFACE_s37_session3_natural,1,92,4.066666666666666,-0.6154589056968689,0.0013462734344236935
COHFACE_s37_session3_natural,1,93,4.1,0.505452573299408,0.016662334326887338
COHFACE_s37_session3_natural,1,94,4.133333333333334,1.4684476852416992,-0.006174889965010815
COHFACE_s37_session3_natural,1,95,4.166666666666667,1.760453701019287,-0.07202083594653567
COHFACE_s37_session3_natural,1,96,4.2,1.5855380296707153,-0.17827146768228716
COHFACE_s37_session3_natural,1,97,4.233333333333333,1.2452813386917114,-0.313925088898619
COHFACE_s37_session3_natural,1,98,4.266666666666667,0.8608917593955994,-0.4602089988524483
COHFACE_s37_session3_natural,1,99,4.3,0.46258336305618286,-0.5926109119655083
COHFACE_s37_session3_natural,1,100,4.333333333333333,0.18361598253250122,-0.6842933977893773
COHFACE_s37_session3_natural,1,101,4.366666666666666,0.125243678689003,-0.7109516338340623
COHFACE_s37_session3_natural,1,102,4.4,0.1974279284477234,-0.6566918633551467
COHFACE_s37_session3_natural,1,103,4.433333333333334,0.24188768863677979,-0.5194680299588966
COHFACE_s37_session3_natural,1,104,4.466666666666667,0.16802488267421722,-0.31364759003716974
COHFACE_s37_session3_natural,1,105,4.5,-0.002376941731199622,-0.06746771178846422
COHFACE_s37_session3_natural,1,106,4.533333333333333,-0.20379121601581573,0.18493848532103394
COHFACE_s37_session3_natural,1,107,4.566666666666666,-0.4006476104259491,0.41438334858410747
COHFACE_s37_session3_natural,1,108,4.6,-0.5694274306297302,0.6055900989429667
COHFACE_s37_session3_natural,1,109,4.633333333333334,-0.7017065286636353,0.759813385403111
COHFACE_s37_session3_natural,1,110,4.666666666666667,-0.8018604516983032,0.889759832384345
COHFACE_s37_session3_natural,1,111,4.7,-0.8694742321968079,1.009406391719597
COHFACE_s37_session3_natural,1,112,4.733333333333333,-0.9131166934967041,1.1236452912203612
COHFACE_s37_session3_natural,1,113,4.766666666666667,-0.9403445720672607,1.2225428163559766
COHFACE_s37_session3_natural,1,114,4.8,-0.9706403017044067,1.282802521196969
COHFACE_s37_session3_natural,1,115,4.833333333333333,-1.0143204927444458,1.2757202195608446
COHFACE_s37_session3_natural,1,116,4.866666666666666,-1.0470366477966309,1.177939938505819
COHFACE_s37_session3_natural,1,117,4.9,-0.8256997466087341,0.9804039794028518
COHFACE_s37_session3_natural,1,118,4.933333333333334,0.08777477592229843,0.6925757034570806
COHFACE_s37_session3_natural,1,119,4.966666666666667,1.2384727001190186,0.341544053118031
COHFACE_s37_session3_natural,1,120,5.0,1.8275331258773804,-0.03294123616177404
COHFACE_s37_session3_natural,1,121,5.033333333333333,1.8070446252822876,-0.3861090526968507
COHFACE_s37_session3_natural,1,122,5.066666666666666,1.5063189268112183,-0.6769434912456179
COHFACE_s37_session3_natural,1,123,5.1,1.1444923877716064,-0.8762275965741696
COHFACE_s37_session3_natural,1,124,5.133333333333334,0.752646803855896,-0.9717290792206945
COHFACE_s37_session3_natural,1,125,5.166666666666667,0.3748583197593689,-0.9689743566280009
COHFACE_s37_session3_natural,1,126,5.2,0.1675533801317215,-0.8877010655260663
COHFACE_s37_session3_natural,1,127,5.233333333333333,0.1640956848859787,-0.7557213756874404
COHFACE_s37_session3_natural,1,128,5.266666666666667,0.22763566672801971,-0.6024196395751593
COHFACE_s37_session3_natural,1,129,5.3,0.2190794199705124,-0.45350722015992323
COHFACE_s37_session3_natural,1,130,5.333333333333333,0.09591608494520187,-0.3276881515922042
COHFACE_s37_session3_natural,1,131,5.366666666666666,-0.09480445086956024,-0.23516661823701876
COHFACE_s37_session3_natural,1,132,5.4,-0.29850080609321594,-0.17769902621607056
COHFACE_s37_session3_natural,1,133,5.433333333333334,-0.48991918563842773,-0.1499555854116912
COHFACE_s37_session3_natural,1,134,5.466666666666667,-0.6525317430496216,-0.1419627334168595
COHFACE_s37_session3_natural,1,135,5.5,-0.7797940373420715,-0.14221523914621453
COHFACE_s37_session3_natural,1,136,5.533333333333333,-0.8661548495292664,-0.14077602717002913
COHFACE_s37_session3_natural,1,137,5.566666666666666,-0.9172848463058472,-0.13157220479215903
COHFACE_s37_session3_natural,1,138,5.6,-0.9448772668838501,-0.11333446544300356
COHFACE_s37_session3_natural,1,139,5.633333333333334,-0.9665036201477051,-0.08913959466951923
COHFACE_s37_session3_natural,1,140,5.666666666666667,-1.0067764520645142,-0.0649866276406178
COHFACE_s37_session3_natural,1,141,5.7,-1.0487780570983887,-0.047826245445530116
COHFACE_s37_session3_natural,1,142,5.733333333333333,-0.8836885094642639,-0.043044879825680796
COHFACE_s37_session3_natural,1,143,5.766666666666667,-0.020677613094449043,-0.051586867758110944
COHFACE_s37_session3_natural,1,144,5.8,1.202015995979309,-0.06801941476467462
COHFACE_s37_session3_natural,1,145,5.833333333333333,1.9061172008514404,-0.08127058125125969
COHFACE_s37_session3_natural,1,146,5.866666666666666,1.9460316896438599,-0.07826924892345793
COHFACE_s37_session3_natural,1,147,5.9,1.6644490957260132,-0.04870530238125202
COHFACE_s37_session3_natural,1,148,5.933333333333334,1.3077651262283325,0.011433782895091879
COHFACE_s37_session3_natural,1,149,5.966666666666667,0.9235453009605408,0.09884868403799127
COHFACE_s37_session3_natural,1,150,6.0,0.5258970260620117,0.20415058592864985
COHFACE_s37_session3_natural,1,151,6.033333333333333,0.2589750289916992,0.3141576573855887
COHFACE_s37_session3_natural,1,152,6.066666666666666,0.20287223160266876,0.4144251633333189
COHFACE_s37_session3_natural,1,153,6.1,0.2557624876499176,0.4918162240001018
COHFACE_s37_session3_natural,1,154,6.133333333333334,0.261822909116745,0.5369313011779795
COHFACE_s37_session3_natural,1,155,6.166666666666667,0.15089353919029236,0.5458235983625477
COHFACE_s37_session3_natural,1,156,6.2,-0.03883369266986847,0.5203319835568238
COHFACE_s37_session3_natural,1,157,6.233333333333333,-0.2479114830493927,0.46678389102289525
COHFACE_s37_session3_natural,1,158,6.266666666666667,-0.4477100670337677,0.3935339908197871
COHFACE_s37_session3_natural,1,159,6.3,-0.6248952746391296,0.3083516933910452
COHFACE_s37_session3_natural,1,160,6.333333333333333,-0.7580419182777405,0.2166900263366639
COHFACE_s37_session3_natural,1,161,6.366666666666666,-0.8500670790672302,0.1213945065692718
COHFACE_s37_session3_natural,1,162,6.4,-0.9127206802368164,0.023732657756239103
COHFACE_s37_session3_natural,1,163,6.433333333333334,-0.9495923519134521,-0.07493348928602792
COHFACE_s37_session3_natural,1,164,6.466666666666667,-0.9762543439865112,-0.1716961985847529
COHFACE_s37_session3_natural,1,165,6.5,-1.010831356048584,-0.2614518207950242
COHFACE_s37_session3_natural,1,166,6.533333333333333,-1.0491175651550293,-0.33707737944155153
COHFACE_s37_session3_natural,1,167,6.566666666666666,-0.9475428462028503,-0.3901817057122679
COHFACE_s37_session3_natural,1,168,6.6,-0.1960711032152176,-0.41243758282575793
COHFACE_s37_session3_natural,1,169,6.633333333333334,1.06707763671875,-0.3977685258747711
COHFACE_s37_session3_natural,1,170,6.666666666666667,1.9157674312591553,-0.3453057128096972
COHFACE_s37_session3_natural,1,171,6.7,2.0498759746551514,-0.2620465963007547
COHFACE_s37_session3_natural,1,172,6.733333333333333,1.7967784404754639,-0.1632761429241413
COHFACE_s37_session3_natural,1,173,6.766666666666667,1.4464755058288574,-0.06931177941110013
COHFACE_s37_session3_natural,1,174,6.8,1.0795378684997559,0.0006982960943666119
COHFACE_s37_session3_natural,1,175,6.833333333333333,0.6777529716491699,0.03513747359191648
COHFACE_s37_session3_natural,1,176,6.866666666666666,0.3589465916156769,0.03352117529463526
COHFACE_s37_session3_natural,1,177,6.9,0.26115649938583374,0.00594848397662436
COHFACE_s37_session3_natural,1,178,6.933333333333334,0.29294851422309875,-0.031050783447765865
COHFACE_s37_session3_natural,1,179,6.966666666666667,0.29830479621887207,-0.060324193002507326
COHFACE_s37_session3_natural,1,180,7.0,0.21055461466312408,-0.0692185660916516
COHFACE_s37_session3_natural,1,181,7.033333333333333,0.02928932011127472,-0.05244194603595711
COHFACE_s37_session3_natural,1,182,7.066666666666666,-0.18976551294326782,-0.012528576008190717
COHFACE_s37_session3_natural,1,183,7.1,-0.3977620005607605,0.0413442157378005
COHFACE_s37_session3_natural,1,184,7.133333333333334,-0.582422137260437,0.09573297662719299
COHFACE_s37_session3_natural,1,185,7.166666666666667,-0.7326435446739197,0.13649992224507343
COHFACE_s37_session3_natural,1,186,7.2,-0.8415611386299133,0.1531193379277551
COHFACE_s37_session3_natural,1,187,7.233333333333333,-0.9175362586975098,0.14235130006636804
COHFACE_s37_session3_natural,1,188,7.266666666666667,-0.9728469252586365,0.10962493903674096
COHFACE_s37_session3_natural,1,189,7.3,-1.0109068155288696,0.06722740889608235
COHFACE_s37_session3_natural,1,190,7.333333333333333,-1.0420135259628296,0.02985859681554094
COHFACE_s37_session3_natural,1,191,7.366666666666666,-1.078558325767517,0.009349299786028935
COHFACE_s37_session3_natural,1,192,7.4,-1.1275005340576172,0.010575851102790523
COHFACE_s37_session3_natural,1,193,7.433333333333334,-1.1632405519485474,0.029923362156989465
COHFACE_s37_session3_natural,1,194,7.466666666666667,-0.8657273650169373,0.05660646264254245
COHFACE_s37_session3_natural,1,195,7.5,0.24544596672058105,0.07623277146203955
COHFACE_s37_session3_natural,1,196,7.533333333333333,1.53892183303833,0.07544920364927508
COHFACE_s37_session3_natural,1,197,7.566666666666666,2.148282051086426,0.04633626282792846
COHFACE_s37_session3_natural,1,198,7.6,2.103325605392456,-0.010693723523592021
COHFACE_s37_session3_natural,1,199,7.633333333333334,1.7787355184555054,-0.08640422116052998
COHFACE_s37_session3_natural,1,200,7.666666666666667,1.4091826677322388,-0.16496374538389888
COHFACE_s37_session3_natural,1,201,7.7,1.0275403261184692,-0.22839917821801853
COHFACE_s37_session3_natural,1,202,7.733333333333333,0.6335321068763733,-0.2619433373979616
COHFACE_s37_session3_natural,1,203,7.766666666666667,0.37595221400260925,-0.25849901778957907
COHFACE_s37_session3_natural,1,204,7.8,0.3072696924209595,-0.22067341818230252
COHFACE_s37_session3_natural,1,205,7.833333333333333,0.3256332278251648,-0.15963631152916255
COHFACE_s37_session3_natural,1,206,7.866666666666666,0.30288153886795044,-0.09111043167666487
COHFACE_s37_session3_natural,1,207,7.9,0.18160422146320343,-0.029848156388949897
COHFACE_s37_session3_natural,1,208,7.933333333333334,-0.008292755112051964,0.015336526036914312
COHFACE_s37_session3_natural,1,209,7.966666666666667,-0.22483918070793152,0.043975496013664704
COHFACE_s37_session3_natural,1,210,8.0,-0.4326722025871277,0.06281900885542933
COHFACE_s37_session3_natural,1,211,8.033333333333333,-0.615075409412384,0.08178694554858112
COHFACE_s37_session3_natural,1,212,8.066666666666666,-0.7603932023048401,0.10897825593793528
COHFACE_s37_session3_natural,1,213,8.1,-0.8670223951339722,0.14707419887467083
COHFACE_s37_session3_natural,1,214,8.133333333333333,-0.9385465383529663,0.19255393829206421
COHFACE_s37_session3_natural,1,215,8.166666666666666,-0.9888906478881836,0.23757748884224592
COHFACE_s37_session3_natural,1,216,8.2,-1.0294086933135986,0.27314316228708335
COHFACE_s37_session3_natural,1,217,8.233333333333333,-1.0633193254470825,0.29183324312051884
COHFACE_s37_session3_natural,1,218,8.266666666666667,-1.0929800271987915,0.2891669413479899
COHFACE_s37_session3_natural,1,219,8.3,-1.1308199167251587,0.2636733281067956
COHFACE_s37_session3_natural,1,220,8.333333333333334,-1.1882743835449219,0.21650328699768914
COHFACE_s37_session3_natural,1,221,8.366666666666667,-1.1874696016311646,0.1513097990314282
COHFACE_s37_session3_natural,1,222,8.4,-0.6636529564857483,0.07439131505772303
COHFACE_s37_session3_natural,1,223,8.433333333333334,0.6385678052902222,-0.005593832767885261
COHFACE_s37_session3_natural,1,224,8.466666666666667,1.81440007686615,-0.0790102641537643
COHFACE_s37_session3_natural,1,225,8.5,2.2183163166046143,-0.13758700100650262
COHFACE_s37_session3_natural,1,226,8.533333333333333,2.0632164478302,-0.1765697075879134
COHFACE_s37_session3_natural,1,227,8.566666666666666,1.7139884233474731,-0.1953589067586045
COHFACE_s37_session3_natural,1,228,8.6,1.3340184688568115,-0.19638582991098463
COHFACE_s37_session3_natural,1,229,8.633333333333333,0.9267075061798096,-0.18328233194184881
COHFACE_s37_session3_natural,1,230,8.666666666666666,0.5513896942138672,-0.15970176423919968
COHFACE_s37_session3_natural,1,231,8.7,0.35242098569869995,-0.1293278748703421
COHFACE_s37_session3_natural,1,232,8.733333333333333,0.3311152458190918,-0.09642849480841635
COHFACE_s37_session3_natural,1,233,8.766666666666667,0.35587239265441895,-0.06582206482038522
COHFACE_s37_session3_natural,1,234,8.8,0.30719423294067383,-0.04180577401276649
COHFACE_s37_session3_natural,1,235,8.833333333333334,0.15868909657001495,-0.026711702160367272
COHFACE_s37_session3_natural,1,236,8.866666666666667,-0.04586225748062134,-0.020242882141961245
COHFACE_s37_session3_natural,1,237,8.9,-0.26602354645729065,-0.02019452562349468
COHFACE_s37_session3_natural,1,238,8.933333333333334,-0.47620153427124023,-0.024010526710446935
COHFACE_s37_session3_natural,1,239,8.966666666666667,-0.6512743830680847,-0.029939229924393913
COHFACE_s37_session3_natural,2,0,2.0,-0.9082319140434265,0.27175169403014166
COHFACE_s37_session3_natural,2,1,2.033333333333333,-0.9626687169075012,0.2707749641588002
COHFACE_s37_session3_natural,2,2,2.066666666666667,-1.0168288946151733,0.26605814447379944
COHFACE_s37_session3_natural,2,3,2.1,-1.0749560594558716,0.25983890454255715
COHFACE_s37_session3_natural,2,4,2.1333333333333333,-1.1270415782928467,0.25658945911433295
COHFACE_s37_session3_natural,2,5,2.1666666666666665,-0.9976606369018555,0.2600272613365939
COHFACE_s37_session3_natural,2,6,2.2,-0.2006918489933014,0.26859164835945604
COHFACE_s37_session3_natural,2,7,2.2333333333333334,1.0130558013916016,0.272633581471714
COHFACE_s37_session3_natural,2,8,2.2666666666666666,1.7716503143310547,0.25606692206565473
COHFACE_s37_session3_natural,2,9,2.3,1.8905261754989624,0.20262576391793555
COHFACE_s37_session3_natural,2,10,2.3333333333333335,1.6826239824295044,0.10371911955247541
COHFACE_s37_session3_natural,2,11,2.3666666666666667,1.3891782760620117,-0.03645931941402501
COHFACE_s37_session3_natural,2,12,2.4,1.058565378189087,-0.2012623552545531
COHFACE_s37_session3_natural,2,13,2.433333333333333,0.7021077871322632,-0.3670625710878734
COHFACE_s37_session3_natural,2,14,2.466666666666667,0.45451119542121887,-0.5114257826886691
COHFACE_s37_session3_natural,2,15,2.5,0.378221720457077,-0.6206478112677204
COHFACE_s37_session3_natural,2,16,2.533333333333333,0.3891606330871582,-0.6934069258464521
COHFACE_s37_session3_natural,2,17,2.566666666666667,0.36451664566993713,-0.7387857323935538
COHFACE_s37_session3_natural,2,18,2.6,0.24339021742343903,-0.7697357860024223
COHFACE_s37_session3_natural,2,19,2.6333333333333333,0.057202402502298355,-0.7954805419665602
COHFACE_s37_session3_natural,2,20,2.6666666666666665,-0.14703461527824402,-0.8166874555373225
COHFACE_s37_session3_natural,2,21,2.7,-0.3434446454048157,-0.825502121951869
COHFACE_s37_session3_natural,2,22,2.7333333333333334,-0.5112375020980835,-0.8099023833554215
COHFACE_s37_session3_natural,2,23,2.7666666666666666,-0.6416997313499451,-0.7597099250641258
COHFACE_s37_session3_natural,2,24,2.8,-0.7413946986198425,-0.6710358942901312
COHFACE_s37_session3_natural,2,25,2.8333333333333335,-0.8113848567008972,-0.5471505180281165
COHFACE_s37_session3_natural,2,26,2.8666666666666667,-0.8588244915008545,-0.396029092378675
COHFACE_s37_session3_natural,2,27,2.9,-0.8931437730789185,-0.2266622101120234
COHFACE_s37_session3_natural,2,28,2.933333333333333,-0.9186930656433105,-0.046477572397551466
COHFACE_s37_session3_natural,2,29,2.966666666666667,-0.9498186707496643,0.13896946771387975
COHFACE_s37_session3_natural,2,30,3.0,-0.9881991147994995,0.3245666462852823
COHFACE_s37_session3_natural,2,31,3.033333333333333,-1.0340420007705688,0.5041389398004559
COHFACE_s37_session3_natural,2,32,3.066666666666667,-1.0908048152923584,0.6704435808242317
COHFACE_s37_session3_natural,2,33,3.1,-1.1444557905197144,0.8170125169246998
COHFACE_s37_session3_natural,2,34,3.1333333333333333,-1.0240397453308105,0.9405778905870473
COHFACE_s37_session3_natural,2,35,3.1666666666666665,-0.2652251422405243,1.0420061367001618
COHFACE_s37_session3_natural,2,36,3.2,0.8911246061325073,1.124393783341216
COHFACE_s37_session3_natural,2,37,3.2333333333333334,1.5960431098937988,1.1888225005519888
COHFACE_s37_session3_natural,2,38,3.2666666666666666,1.6559808254241943,1.2300633328456125
COHFACE_s37_session3_natural,2,39,3.3,1.3924850225448608,1.2350271656875058
COHFACE_s37_session3_natural,2,40,3.3333333333333335,1.0333619117736816,1.1854979900879654
COHFACE_s37_session3_natural,2,41,3.3666666666666667,0.6370715498924255,1.0644860456078642
COHFACE_s37_session3_natural,2,42,3.4,0.2764332592487335,0.8637242074269003
COHFACE_s37_session3_natural,2,43,3.433333333333333,0.11177750676870346,0.5892494839070173
COHFACE_s37_session3_natural,2,44,3.466666666666667,0.1482216864824295,0.26280893320664467
COHFACE_s37_session3_natural,2,45,3.5,0.22149352729320526,-0.08153695820111566
COHFACE_s37_session3_natural,2,46,3.533333333333333,0.2009044885635376,-0.4045442219009146
COHFACE_s37_session3_natural,2,47,3.566666666666667,0.0689711645245552,-0.6703422372416662
COHFACE_s37_session3_natural,2,48,3.6,-0.11853685975074768,-0.8536898915650621
COHFACE_s37_session3_natural,2,49,3.6333333333333333,-0.3114640414714813,-0.9439139349272738
COHFACE_s37_session3_natural,2,50,3.6666666666666665,-0.4861408472061157,-0.9451169173858299
COHFACE_s37_session3_natural,2,51,3.7,-0.6328165531158447,-0.8736019398462298
COHFACE_s37_session3_natural,2,52,3.7333333333333334,-0.7468578219413757,-0.7537029015742278
COHFACE_s37_session3_natural,2,53,3.7666666666666666,-0.8256997466087341,-0.6127715347774777
COHFACE_s37_session3_natural,2,54,3.8,-0.8772634863853455,-0.4758350869050757
COHFACE_s37_session3_natural,2,55,3.8333333333333335,-0.9107151627540588,-0.3606878801692656
COHFACE_s37_session3_natural,2,56,3.8666666666666667,-0.936427891254425,-0.2746285937685907
COHFACE_s37_session3_natural,2,57,3.9,-0.9616817235946655,-0.21411663334223685
COHFACE_s37_session3_natural,2,58,3.933333333333333,-0.9987985491752625,-0.16787805494030514
COHFACE_s37_session3_natural,2,59,3.966666666666667,-1.047445297241211,-0.12262061622530687
COHFACE_s37_session3_natural,2,60,4.0,-1.1054152250289917,-0.06922238008368246
COHFACE_s37_session3_natural,2,61,4.033333333333333,-1.0987261533737183,-0.006991076536309123
COHFACE_s37_session3_natural,2,62,4.066666666666666,-0.6154589056968689,0.055324310536613276
COHFACE_s37_session3_natural,2,63,4.1,0.505452573299408,0.1016179685268354
COHFACE_s37_session3_natural,2,64,4.133333333333334,1.4684476852416992,0.1126712015016231
COHFACE_s37_session3_natural,2,65,4.166666666666667,1.760453701019287,0.07150540267347771
COHFACE_s37_session3_natural,2,66,4.2,1.5855380296707153,-0.03116976575059727
COHFACE_s37_session3_natural,2,67,4.233333333333333,1.2452813386917114,-0.19248940682383456
COHFACE_s37_session3_natural,2,68,4.266666666666667,0.8608917593955994,-0.39511525034851935
COHFACE_s37_session3_natural,2,69,4.3,0.46258336305618286,-0.6080775425473899
COHFACE_s37_session3_natural,2,70,4.333333333333333,0.18361598253250122,-0.7912133590596161
COHFACE_s37_session3_natural,2,71,4.366666666666666,0.125243678689003,-0.9028657573943552
COHFACE_s37_session3_natural,2,72,4.4,0.1974279284477234,-0.9097118034605977
COHFACE_s37_session3_natural,2,73,4.433333333333334,0.24188768863677979,-0.7964978878068668
COHFACE_s37_session3_natural,2,74,4.466666666666667,0.16802488267421722,-0.5722699564914755
COHFACE_s37_session3_natural,2,75,4.5,-0.002376941731199622,-0.26972862124683633
COHFACE_s37_session3_natural,2,76,4.533333333333333,-0.20379121601581573,0.06341919313726195
COHFACE_s37_session3_natural,2,77,4.566666666666666,-0.4006476104259491,0.3786603698262738
COHFACE_s37_session3_natural,2,78,4.6,-0.5694274306297302,0.6410013712020133
COHFACE_s37_session3_natural,2,79,4.633333333333334,-0.7017065286636353,0.8374756495405737
COHFACE_s37_session3_natural,2,80,4.666666666666667,-0.8018604516983032,0.9764263116030456
COHFACE_s37_session3_natural,2,81,4.7,-0.8694742321968079,1.078323008831802
COHFACE_s37_session3_natural,2,82,4.733333333333333,-0.9131166934967041,1.1624890310313696
COHFACE_s37_session3_natural,2,83,4.766666666666667,-0.9403445720672607,1.2357496056679287
COHFACE_s37_session3_natural,2,84,4.8,-0.9706403017044067,1.2880757747286509
COHFACE_s37_session3_natural,2,85,4.833333333333333,-1.0143204927444458,1.2969230560743104
COHFACE_s37_session3_natural,2,86,4.866666666666666,-1.0470366477966309,1.2375471796561768
COHFACE_s37_session3_natural,2,87,4.9,-0.8256997466087341,1.09392727961117
COHFACE_s37_session3_natural,2,88,4.933333333333334,0.08777477592229843,0.8657432688825115
COHFACE_s37_session3_natural,2,89,4.966666666666667,1.2384727001190186,0.5696156790266488
COHFACE_s37_session3_natural,2,90,5.0,1.8275331258773804,0.23516735633809854
COHFACE_s37_session3_natural,2,91,5.033333333333333,1.8070446252822876,-0.1021683036356329
COHFACE_s37_session3_natural,2,92,5.066666666666666,1.5063189268112183,-0.4089992531438128
COHFACE_s37_session3_natural,2,93,5.1,1.1444923877716064,-0.6600382326165116
COHFACE_s37_session3_natural,2,94,5.133333333333334,0.752646803855896,-0.8409577950902125
COHFACE_s37_session3_natural,2,95,5.166666666666667,0.3748583197593689,-0.9480295978188518
COHFACE_s37_session3_natural,2,96,5.2,0.1675533801317215,-0.9856647465290896
COHFACE_s37_session3_natural,2,97,5.233333333333333,0.1640956848859787,-0.9634042592243612
COHFACE_s37_session3_natural,2,98,5.266666666666667,0.22763566672801971,-0.8935850278406424
COHFACE_s37_session3_natural,2,99,5.3,0.2190794199705124,-0.7900677406089371
COHFACE_s37_session3_natural,2,100,5.333333333333333,0.09591608494520187,-0.667539385980161
COHFACE_s37_session3_natural,2,101,5.366666666666666,-0.09480445086956024,-0.5405806544254448
COHFACE_s37_session3_natural,2,102,5.4,-0.29850080609321594,-0.42212025881107895
COHFACE_s37_session3_natural,2,103,5.433333333333334,-0.48991918563842773,-0.32155755878262865
COHFACE_s37_session3_natural,2,104,5.466666666666667,-0.6525317430496216,-0.24314615766927025
COHFACE_s37_session3_natural,2,105,5.5,-0.7797940373420715,-0.18525039245677952
COHFACE_s37_session3_natural,2,106,5.533333333333333,-0.8661548495292664,-0.14103725077939794
COHFACE_s37_session3_natural,2,107,5.566666666666666,-0.9172848463058472,-0.1009189097259058
COHFACE_s37_session3_natural,2,108,5.6,-0.9448772668838501,-0.05643050408656095
COHFACE_s37_session3_natural,2,109,5.633333333333334,-0.9665036201477051,-0.004321782818318144
COHFACE_s37_session3_natural,2,110,5.666666666666667,-1.0067764520645142,0.05105862004321124
COHFACE_s37_session3_natural,2,111,5.7,-1.0487780570983887,0.09873799064659262
COHFACE_s37_session3_natural,2,112,5.733333333333333,-0.8836885094642639,0.1255851486477824
COHFACE_s37_session3_natural,2,113,5.766666666666667,-0.020677613094449043,0.12244795110397966
COHFACE_s37_session3_natural,2,114,5.8,1.202015995979309,0.0890124656842577
COHFACE_s37_session3_natural,2,115,5.833333333333333,1.9061172008514404,0.03494835166835834
COHFACE_s37_session3_natural,2,116,5.866666666666666,1.9460316896438599,-0.023078772994029703
COHFACE_s37_session3_natural,2,117,5.9,1.6644490957260132,-0.0667620773153846
COHFACE_s37_session3_natural,2,118,5.933333333333334,1.3077651262283325,-0.08120675806111938
COHFACE_s37_session3_natural,2,119,5.966666666666667,0.9235453009605408,-0.05785001321396847
COHFACE_s37_session3_natural,2,120,6.0,0.5258970260620117,0.004742039699769092
COHFACE_s37_session3_natural,2,121,6.033333333333333,0.2589750289916992,0.1010270143056215
COHFACE_s37_session3_natural,2,122,6.066666666666666,0.20287223160266876,0.21894370851618844
COHFACE_s37_session3_natural,2,123,6.1,0.2557624876499176,0.3412594564556822
COHFACE_s37_session3_natural,2,124,6.133333333333334,0.261822909116745,0.4487356508753945
COHFACE_s37_session3_natural,2,125,6.166666666666667,0.15089353919029236,0.5249600540020061
COHFACE_s37_session3_natural,2,126,6.2,-0.03883369266986847,0.5609544286458528
COHFACE_s37_session3_natural,2,127,6.233333333333333,-0.2479114830493927,0.5570350508715641
COHFACE_s37_session3_natural,2,128,6.266666666666667,-0.4477100670337677,0.5208852693632072
COHFACE_s37_session3_natural,2,129,6.3,-0.6248952746391296,0.46314003807891735
COHFACE_s37_session3_natural,2,130,6.333333333333333,-0.7580419182777405,0.3930590376908712
COHFACE_s37_session3_natural,2,131,6.366666666666666,-0.8500670790672302,0.3163331738644323
COHFACE_s37_session3_natural,2,132,6.4,-0.9127206802368164,0.23530014904403662
COHFACE_s37_session3_natural,2,133,6.433333333333334,-0.9495923519134521,0.15036317959663403
COHFACE_s37_session3_natural,2,134,6.466666666666667,-0.9762543439865112,0.06134238159610922
COHFACE_s37_session3_natural,2,135,6.5,-1.010831356048584,-0.031591635132489346
COHFACE_s37_session3_natural,2,136,6.533333333333333,-1.0491175651550293,-0.12698370037543483
COHFACE_s37_session3_natural,2,137,6.566666666666666,-0.9475428462028503,-0.22083854622386706
COHFACE_s37_session3_natural,2,138,6.6,-0.1960711032152176,-0.3055928394260891
COHFACE_s37_session3_natural,2,139,6.633333333333334,1.06707763671875,-0.3705561229537571
COHFACE_s37_session3_natural,2,140,6.666666666666667,1.9157674312591553,-0.4046694734166757
COHFACE_s37_session3_natural,2,141,6.7,2.0498759746551514,-0.4009881882014247
COHFACE_s37_session3_natural,2,142,6.733333333333333,1.7967784404754639,-0.3607317326499545
COHFACE_s37_session3_natural,2,143,6.766666666666667,1.4464755058288574,-0.29447432937360285
COHFACE_s37_session3_natural,2,144,6.8,1.0795378684997559,-0.21961453827659297
COHFACE_s37_session3_natural,2,145,6.833333333333333,0.6777529716491699,-0.15529352426286952
COHFACE_s37_session3_natural,2,146,6.866666666666666,0.3589465916156769,-0.11683826315012974
COHFACE_s37_session3_natural,2,147,6.9,0.26115649938583374,-0.11152727708997102
COHFACE_s37_session3_natural,2,148,6.933333333333334,0.29294851422309875,-0.13673740714763935
COHFACE_s37_session3_natural,2,149,6.966666666666667,0.29830479621887207,-0.18081111096353475
COHFACE_s37_session3_natural,2,150,7.0,0.21055461466312408,-0.22641081062038482
COHFACE_s37_session3_natural,2,151,7.033333333333333,0.02928932011127472,-0.2555526148538363
COHFACE_s37_session3_natural,2,152,7.066666666666666,-0.18976551294326782,-0.254874080589276
COHFACE_s37_session3_natural,2,153,7.1,-0.3977620005607605,-0.2193245953447416
COHFACE_s37_session3_natural,2,154,7.133333333333334,-0.582422137260437,-0.1528285992550564
COHFACE_s37_session3_natural,2,155,7.166666666666667,-0.7326435446739197,-0.06576271469650018
COHFACE_s37_session3_natural,2,156,7.2,-0.8415611386299133,0.02918680888950421
COHFACE_s37_session3_natural,2,157,7.233333333333333,-0.9175362586975098,0.12042654149261027
COHFACE_s37_session3_natural,2,158,7.266666666666667,-0.9728469252586365,0.19873521314930134
COHFACE_s37_session3_natural,2,159,7.3,-1.0109068155288696,0.25687087692565935
COHFACE_s37_session3_natural,2,160,7.333333333333333,-1.0420135259628296,0.2891260287556769
COHFACE_s37_session3_natural,2,161,7.366666666666666,-1.078558325767517,0.29219468759831757
COHFACE_s37_session3_natural,2,162,7.4,-1.1275005340576172,0.26726063525767985
COHFACE_s37_session3_natural,2,163,7.433333333333334,-1.1632405519485474,0.22163274677176975
COHFACE_s37_session3_natural,2,164,7.466666666666667,-0.8657273650169373,0.16781225507919506
COHFACE_s37_session3_natural,2,165,7.5,0.24544596672058105,0.11931216517443358
COHFACE_s37_session3_natural,2,166,7.533333333333333,1.53892183303833,0.08518937602530136
COHFACE_s37_session3_natural,2,167,7.566666666666666,2.148282051086426,0.06669133330595514
COHFACE_s37_session3_natural,2,168,7.6,2.103325605392456,0.058043093862812256
COHFACE_s37_session3_natural,2,169,7.633333333333334,1.7787355184555054,0.050610157276327304
COHFACE_s37_session3_natural,2,170,7.666666666666667,1.4091826677322388,0.03782730488133225
COHFACE_s37_session3_natural,2,171,7.7,1.0275403261184692,0.018285633358291753
COHFACE_s37_session3_natural,2,172,7.733333333333333,0.6335321068763733,-0.004219623593474282
COHFACE_s37_session3_natural,2,173,7.766666666666667,0.37595221400260925,-0.023211590233855908
COHFACE_s37_session3_natural,2,174,7.8,0.3072696924209595,-0.03319054183867552
COHFACE_s37_session3_natural,2,175,7.833333333333333,0.3256332278251648,-0.032718973870390626
COHFACE_s37_session3_natural,2,176,7.866666666666666,0.30288153886795044,-0.02538675692763143
COHFACE_s37_session3_natural,2,177,7.9,0.18160422146320343,-0.018007418416125253
COHFACE_s37_session3_natural,2,178,7.933333333333334,-0.008292755112051964,-0.016996644923383323
COHFACE_s37_session3_natural,2,179,7.966666666666667,-0.22483918070793152,-0.02505438175534619
COHFACE_s37_session3_natural,2,180,8.0,-0.4326722025871277,-0.039996858370278714
COHFACE_s37_session3_natural,2,181,8.033333333333333,-0.615075409412384,-0.05617167748716163
COHFACE_s37_session3_natural,2,182,8.066666666666666,-0.7603932023048401,-0.06738126709487012
COHFACE_s37_session3_natural,2,183,8.1,-0.8670223951339722,-0.06956632573742759
COHFACE_s37_session3_natural,2,184,8.133333333333333,-0.9385465383529663,-0.061979159971397066
COHFACE_s37_session3_natural,2,185,8.166666666666666,-0.9888906478881836,-0.046650476750856096
COHFACE_s37_session3_natural,2,186,8.2,-1.0294086933135986,-0.0268269250274136
COHFACE_s37_session3_natural,2,187,8.233333333333333,-1.0633193254470825,-0.0053911273937970105
COHFACE_s37_session3_natural,2,188,8.266666666666667,-1.0929800271987915,0.015913831160509047
COHFACE_s37_session3_natural,2,189,8.3,-1.1308199167251587,0.03620892227747827
COHFACE_s37_session3_natural,2,190,8.333333333333334,-1.1882743835449219,0.05458571730795726
COHFACE_s37_session3_natural,2,191,8.366666666666667,-1.1874696016311646,0.06939990613382904
COHFACE_s37_session3_natural,2,192,8.4,-0.6636529564857483,0.07836065058295034
COHFACE_s37_session3_natural,2,193,8.433333333333334,0.6385678052902222,0.0793863059963225
COHFACE_s37_session3_natural,2,194,8.466666666666667,1.81440007686615,0.0715772059167912
COHFACE_s37_session3_natural,2,195,8.5,2.2183163166046143,0.055669830985070334
COHFACE_s37_session3_natural,2,196,8.533333333333333,2.0632164478302,0.034040028304683875
COHFACE_s37_session3_natural,2,197,8.566666666666666,1.7139884233474731,0.010728454458494715
COHFACE_s37_session3_natural,2,198,8.6,1.3340184688568115,-0.0086224347218157
COHFACE_s37_session3_natural,2,199,8.633333333333333,0.9267075061798096,-0.01778527530369251
COHFACE_s37_session3_natural,2,200,8.666666666666666,0.5513896942138672,-0.012560016792801386
COHFACE_s37_session3_natural,2,201,8.7,0.35242098569869995,0.005723534172986412
COHFACE_s37_session3_natural,2,202,8.733333333333333,0.3311152458190918,0.028055085660584487
COHFACE_s37_session3_natural,2,203,8.766666666666667,0.35587239265441895,0.03929061497108775
COHFACE_s37_session3_natural,2,204,8.8,0.30719423294067383,0.023716257906794755
COHFACE_s37_session3_natural,2,205,8.833333333333334,0.15868909657001495,-0.02768284599958315
COHFACE_s37_session3_natural,2,206,8.866666666666667,-0.04586225748062134,-0.11179213466021942
COHFACE_s37_session3_natural,2,207,8.9,-0.26602354645729065,-0.21258516906583566
COHFACE_s37_session3_natural,2,208,8.933333333333334,-0.47620153427124023,-0.3056801530997545
COHFACE_s37_session3_natural,2,209,8.966666666666667,-0.6512743830680847,-0.36646272226828464
COHFACE_s37_session3_natural,2,210,9.0,-0.7861121892929077,-0.3783247875556128
COHFACE_s37_session3_natural,2,211,9.033333333333333,-0.886391818523407,-0.33752385174535066
COHFACE_s37_session3_natural,2,212,9.066666666666666,-0.9535467028617859,-0.2528656683660008
COHFACE_s37_session3_natural,2,213,9.1,-1.0023630857467651,-0.14098840608649996
COHFACE_s37_session3_natural,2,214,9.133333333333333,-1.0374430418014526,-0.02010014079433249
COHFACE_s37_session3_natural,2,215,9.166666666666666,-1.0687006711959839,0.09465738635604602
COHFACE_s37_session3_natural,2,216,9.2,-1.1025484800338745,0.19269380417519397
COHFACE_s37_session3_natural,2,217,9.233333333333333,-1.142500638961792,0.26702622632765277
COHFACE_s37_session3_natural,2,218,9.266666666666667,-1.1996722221374512,0.31285186343544874
COHFACE_s37_session3_natural,2,219,9.3,-1.2109946012496948,0.32730270881676965
COHFACE_s37_session3_natural,2,220,9.333333333333334,-0.7261368036270142,0.3107381417346043
COHFACE_s37_session3_natural,2,221,9.366666666666667,0.5589526295661926,0.2684825409336251
COHFACE_s37_session3_natural,2,222,9.4,1.7618619203567505,0.2112268798361733
COHFACE_s37_session3_natural,2,223,9.433333333333334,2.203504800796509,0.1528962703097805
COHFACE_s37_session3_natural,2,224,9.466666666666667,2.086200714111328,0.10638576341603896
COHFACE_s37_session3_natural,2,225,9.5,1.7589763402938843,0.07905767341919157
COHFACE_s37_session3_natural,2,226,9.533333333333333,1.3785285949707031,0.07020428974341654
COHFACE_s37_session3_natural,2,227,9.566666666666666,0.9684451222419739,0.07170777949985364
COHFACE_s37_session3_natural,2,228,9.6,0.5981692671775818,0.07153160188374486
COHFACE_s37_session3_natural,2,229,9.633333333333333,0.4012877345085144,0.058402502114535196
COHFACE_s37_session3_natural,2,230,9.666666666666666,0.3757070302963257,0.02576368805990778
COHFACE_s37_session3_natural,2,231,9.7,0.39485639333724976,-0.026254150786341447
COHFACE_s37_session3_natural,2,232,9.733333333333333,0.3520123362541199,-0.09104322828261928
COHFACE_s37_session3_natural,2,233,9.766666666666667,0.21508735418319702,-0.1573450495656714
COHFACE_s37_session3_natural,2,234,9.8,0.015464799478650093,-0.21198627460934144
COHFACE_s37_session3_natural,2,235,9.833333333333334,-0.2021377980709076,-0.24297976565144142
COHFACE_s37_session3_natural,2,236,9.866666666666667,-0.40866947174072266,-0.24247079913668745
COHFACE_s37_session3_natural,2,237,9.9,-0.5864770412445068,-0.20889482305330673
COHFACE_s37_session3_natural,2,238,9.933333333333334,-0.7245273590087891,-0.14770960789384097
COHFACE_s37_session3_natural,2,239,9.966666666666667,-0.8290505409240723,-0.07035313283634735
COHFACE_s37_session3_natural,3,0,3.0,-0.9881991147994995,-0.12209349590492738
COHFACE_s37_session3_natural,3,1,3.033333333333333,-1.0340420007705688,0.015476152064674325
COHFACE_s37_session3_natural,3,2,3.066666666666667,-1.0908048152923584,0.17289353708734076
COHFACE_s37_session3_natural,3,3,3.1,-1.1444557905197144,0.36144240256920906
COHFACE_s37_session3_natural,3,4,3.1333333333333333,-1.0240397453308105,0.5824363476829995
COHFACE_s37_session3_natural,3,5,3.1666666666666665,-0.2652251422405243,0.8259352647506466
COHFACE_s37_session3_natural,3,6,3.2,0.8911246061325073,1.0722915842105112
COHFACE_s37_session3_natural,3,7,3.2333333333333334,1.5960431098937988,1.2958772605118958
COHFACE_s37_session3_natural,3,8,3.2666666666666666,1.6559808254241943,1.4695008102825207
COHFACE_s37_session3_natural,3,9,3.3,1.3924850225448608,1.5681860416339264
COHFACE_s37_session3_natural,3,10,3.3333333333333335,1.0333619117736816,1.572595873838332
COHFACE_s37_session3_natural,3,11,3.3666666666666667,0.6370715498924255,1.473199346245494
COHFACE_s37_session3_natural,3,12,3.4,0.2764332592487335,1.2746561765661408
COHFACE_s37_session3_natural,3,13,3.433333333333333,0.11177750676870346,0.9978530588534271
COHFACE_s37_session3_natural,3,14,3.466666666666667,0.1482216864824295,0.6772049361508874
COHFACE_s37_session3_natural,3,15,3.5,0.22149352729320526,0.3531463423522848
COHFACE_s37_session3_natural,3,16,3.533333333333333,0.2009044885635376,0.06240978255312689
COHFACE_s37_session3_natural,3,17,3.566666666666667,0.0689711645245552,-0.17003980946017586
COHFACE_s37_session3_natural,3,18,3.6,-0.11853685975074768,-0.3344820990322659
COHFACE_s37_session3_natural,3,19,3.6333333333333333,-0.3114640414714813,-0.4348093573562709
COHFACE_s37_session3_natural,3,20,3.6666666666666665,-0.4861408472061157,-0.483610028585741
COHFACE_s37_session3_natural,3,21,3.7,-0.6328165531158447,-0.4967150324241553
COHFACE_s37_session3_natural,3,22,3.7333333333333334,-0.7468578219413757,-0.4891002387724701
COHFACE_s37_session3_natural,3,23,3.7666666666666666,-0.8256997466087341,-0.47249523531592
COHFACE_s37_session3_natural,3,24,3.8,-0.8772634863853455,-0.4541495960134894
COHFACE_s37_session3_natural,3,25,3.8333333333333335,-0.9107151627540588,-0.43629062926244755
COHFACE_s37_session3_natural,3,26,3.8666666666666667,-0.936427891254425,-0.41640540750625604
COHFACE_s37_session3_natural,3,27,3.9,-0.9616817235946655,-0.38884298956319957
COHFACE_s37_session3_natural,3,28,3.933333333333333,-0.9987985491752625,-0.34786883148248066
COHFACE_s37_session3_natural,3,29,3.966666666666667,-1.047445297241211,-0.2914152514389875
COHFACE_s37_session3_natural,3,30,4.0,-1.1054152250289917,-0.22400277664339252
COHFACE_s37_session3_natural,3,31,4.033333333333333,-1.0987261533737183,-0.15730804664355919
COHFACE_s37_session3_natural,3,32,4.066666666666666,-0.6154589056968689,-0.10782811467219676
COHFACE_s37_session3_natural,3,33,4.1,0.505452573299408,-0.0924899913660546
COHFACE_s37_session3_natural,3,34,4.133333333333334,1.4684476852416992,-0.12401121055815481
COHFACE_s37_session3_natural,3,35,4.166666666666667,1.760453701019287,-0.20770279952764728
COHFACE_s37_session3_natural,3,36,4.2,1.5855380296707153,-0.3402834368902048
COHFACE_s37_session3_natural,3,37,4.233333333333333,1.2452813386917114,-0.5101053649477973
COHFACE_s37_session3_natural,3,38,4.266666666666667,0.8608917593955994,-0.6979157464273601
COHFACE_s37_session3_natural,3,39,4.3,0.46258336305618286,-0.8778996536794098
COHFACE_s37_session3_natural,3,40,4.333333333333333,0.18361598253250122,-1.0196410273795928
COHFACE_s37_session3_natural,3,41,4.366666666666666,0.125243678689003,-1.0920561097246304
COHFACE_s37_session3_natural,3,42,4.4,0.1974279284477234,-1.0697673057369217
COHFACE_s37_session3_natural,3,43,4.433333333333334,0.24188768863677979,-0.940724107381666
COHFACE_s37_session3_natural,3,44,4.466666666666667,0.16802488267421722,-0.7119372171523602
COHFACE_s37_session3_natural,3,45,4.5,-0.002376941731199622,-0.40968902343586794
COHFACE_s37_session3_natural,3,46,4.533333333333333,-0.20379121601581573,-0.07260012735296541
COHFACE_s37_session3_natural,3,47,4.566666666666666,-0.4006476104259491,0.2604675349739024
COHFACE_s37_session3_natural,3,48,4.6,-0.5694274306297302,0.562591816970114
COHFACE_s37_session3_natural,3,49,4.633333333333334,-0.7017065286636353,0.8253117666575401
COHFACE_s37_session3_natural,3,50,4.666666666666667,-0.8018604516983032,1.0561899096515674
COHFACE_s37_session3_natural,3,51,4.7,-0.8694742321968079,1.2683791750999192
COHFACE_s37_session3_natural,3,52,4.733333333333333,-0.9131166934967041,1.4670644174842196
COHFACE_s37_session3_natural,3,53,4.766666666666667,-0.9403445720672607,1.6394849260144806
COHFACE_s37_session3_natural,3,54,4.8,-0.9706403017044067,1.7540762799744707
COHFACE_s37_session3_natural,3,55,4.833333333333333,-1.0143204927444458,1.7700795965731708
COHFACE_s37_session3_natural,3,56,4.866666666666666,-1.0470366477966309,1.6534601653553682
COHFACE_s37_session3_natural,3,57,4.9,-0.8256997466087341,1.3918165920814074
COHFACE_s37_session3_natural,3,58,4.933333333333334,0.08777477592229843,1.0023483237566666
COHFACE_s37_session3_natural,3,59,4.966666666666667,1.2384727001190186,0.5307262490168438
COHFACE_s37_session3_natural,3,60,5.0,1.8275331258773804,0.04173940473282942
COHFACE_s37_session3_natural,3,61,5.033333333333333,1.8070446252822876,-0.39562460558152396
COHFACE_s37_session3_natural,3,62,5.066666666666666,1.5063189268112183,-0.7247321949737194
COHFACE_s37_session3_natural,3,63,5.1,1.1444923877716064,-0.9147570932033187
COHFACE_s37_session3_natural,3,64,5.133333333333334,0.752646803855896,-0.9666095124444009
COHFACE_s37_session3_natural,3,65,5.166666666666667,0.3748583197593689,-0.9091605668594877
COHFACE_s37_session3_natural,3,66,5.2,0.1675533801317215,-0.7874874566212468
COHFACE_s37_session3_natural,3,67,5.233333333333333,0.1640956848859787,-0.6481108573887054
COHFACE_s37_session3_natural,3,68,5.266666666666667,0.22763566672801971,-0.5266797648570556
COHFACE_s37_session3_natural,3,69,5.3,0.2190794199705124,-0.4416255235186371
COHFACE_s37_session3_natural,3,70,5.333333333333333,0.09591608494520187,-0.39452679024402854
COHFACE_s37_session3_natural,3,71,5.366666666666666,-0.09480445086956024,-0.37550306963220703
COHFACE_s37_session3_natural,3,72,5.4,-0.29850080609321594,-0.37056914617431536
COHFACE_s37_session3_natural,3,73,5.433333333333334,-0.48991918563842773,-0.3677929478635322
COHFACE_s37_session3_natural,3,74,5.466666666666667,-0.6525317430496216,-0.3601853194581676
COHFACE_s37_session3_natural,3,75,5.5,-0.7797940373420715,-0.3451175750226605
COHFACE_s37_session3_natural,3,76,5.533333333333333,-0.8661548495292664,-0.32194316521761396
COHFACE_s37_session3_natural,3,77,5.566666666666666,-0.9172848463058472,-0.29025868368668906
COHFACE_s37_session3_natural,3,78,5.6,-0.9448772668838501,-0.25028169286567825
COHFACE_s37_session3_natural,3,79,5.633333333333334,-0.9665036201477051,-0.20483508004157297
COHFACE_s37_session3_natural,3,80,5.666666666666667,-1.0067764520645142,-0.16080401457170845
COHFACE_s37_session3_natural,3,81,5.7,-1.0487780570983887,-0.12793710723099466
COHFACE_s37_session3_natural,3,82,5.733333333333333,-0.8836885094642639,-0.11470993871828632
COHFACE_s37_session3_natural,3,83,5.766666666666667,-0.020677613094449043,-0.12327246182810905
COHFACE_s37_session3_natural,3,84,5.8,1.202015995979309,-0.14651247616794355
COHFACE_s37_session3_natural,3,85,5.833333333333333,1.9061172008514404,-0.16924771354761567
COHFACE_s37_session3_natural,3,86,5.866666666666666,1.9460316896438599,-0.17311540420760005
COHFACE_s37_session3_natural,3,87,5.9,1.6644490957260132,-0.14265409178625799
COHFACE_s37_session3_natural,3,88,5.933333333333334,1.3077651262283325,-0.06985206582805491
COHFACE_s37_session3_natural,3,89,5.966666666666667,0.9235453009605408,0.04412824487780578
COHFACE_s37_session3_natural,3,90,6.0,0.5258970260620117,0.18955771348395972
COHFACE_s37_session3_natural,3,91,6.033333333333333,0.2589750289916992,0.34989595467414847
COHFACE_s37_session3_natural,3,92,6.066666666666666,0.20287223160266876,0.5042845509330159
COHFACE_s37_session3_natural,3,93,6.1,0.2557624876499176,0.631169492811039
COHFACE_s37_session3_natural,3,94,6.133333333333334,0.261822909116745,0.7129384976502664
COHFACE_s37_session3_natural,3,95,6.166666666666667,0.15089353919029236,0.7402660862076489
COHFACE_s37_session3_natural,3,96,6.2,-0.03883369266986847,0.7143116233730906
COHFACE_s37_session3_natural,3,97,6.233333333333333,-0.2479114830493927,0.6455048066172961
COHFACE_s37_session3_natural,3,98,6.266666666666667,-0.4477100670337677,0.5491197234045616
COHFACE_s37_session3_natural,3,99,6.3,-0.6248952746391296,0.4395325133294532
COHFACE_s37_session3_natural,3,100,6.333333333333333,-0.7580419182777405,0.3260285559169033
COHFACE_s37_session3_natural,3,101,6.366666666666666,-0.8500670790672302,0.2122494511704209
COHFACE_s37_session3_natural,3,102,6.4,-0.9127206802368164,0.09892536306875117
COHFACE_s37_session3_natural,3,103,6.433333333333334,-0.9495923519134521,-0.012612795080457496
COHFACE_s37_session3_natural,3,104,6.466666666666667,-0.9762543439865112,-0.11868645889583143
COHFACE_s37_session3_natural,3,105,6.5,-1.010831356048584,-0.21407253131958962
COHFACE_s37_session3_natural,3,106,6.533333333333333,-1.0491175651550293,-0.2941259200681806
COHFACE_s37_session3_natural,3,107,6.566666666666666,-0.9475428462028503,-0.35614645086906954
COHFACE_s37_session3_natural,3,108,6.6,-0.1960711032152176,-0.3987900820707787
COHFACE_s37_session3_natural,3,109,6.633333333333334,1.06707763671875,-0.42017082933140365
COHFACE_s37_session3_natural,3,110,6.666666666666667,1.9157674312591553,-0.41668503093534287
COHFACE_s37_session3_natural,3,111,6.7,2.0498759746551514,-0.38426498932156183
COHFACE_s37_session3_natural,3,112,6.733333333333333,1.7967784404754639,-0.3217414407241993
COHFACE_s37_session3_natural,3,113,6.766666666666667,1.4464755058288574,-0.23411677943142867
COHFACE_s37_session3_natural,3,114,6.8,1.0795378684997559,-0.1335170574456377
COHFACE_s37_session3_natural,3,115,6.833333333333333,0.6777529716491699,-0.03699624008913113
COHFACE_s37_session3_natural,3,116,6.866666666666666,0.3589465916156769,0.038086945738335994
COHFACE_s37_session3_natural,3,117,6.9,0.26115649938583374,0.07938320400419165
COHFACE_s37_session3_natural,3,118,6.933333333333334,0.29294851422309875,0.0835247618535213
COHFACE_s37_session3_natural,3,119,6.966666666666667,0.29830479621887207,0.057189299717796634
COHFACE_s37_session3_natural,3,120,7.0,0.21055461466312408,0.014753265329818875
COHFACE_s37_session3_natural,3,121,7.033333333333333,0.02928932011127472,-0.02673132126987409
COHFACE_s37_session3_natural,3,122,7.066666666666666,-0.18976551294326782,-0.053510933454023475
COHFACE_s37_session3_natural,3,123,7.1,-0.3977620005607605,-0.05975699566721806
COHFACE_s37_session3_natural,3,124,7.133333333333334,-0.582422137260437,-0.048672711827938704
COHFACE_s37_session3_natural,3,125,7.166666666666667,-0.7326435446739197,-0.02936446907786935
COHFACE_s37_session3_natural,3,126,7.2,-0.8415611386299133,-0.011299703556215358
COHFACE_s37_session3_natural,3,127,7.233333333333333,-0.9175362586975098,0.00024506513463569803
COHFACE_s37_session3_natural,3,128,7.266666666666667,-0.9728469252586365,0.005301181895274315
COHFACE_s37_session3_natural,3,129,7.3,-1.0109068155288696,0.006968366695069117
COHFACE_s37_session3_natural,3,130,7.333333333333333,-1.0420135259628296,0.007942080619129745
COHFACE_s37_session3_natural,3,131,7.366666666666666,-1.078558325767517,0.008273414224633823
COHFACE_s37_session3_natural,3,132,7.4,-1.1275005340576172,0.005493750015868747
COHFACE_s37_session3_natural,3,133,7.433333333333334,-1.1632405519485474,-0.0035434877899163265
COHFACE_s37_session3_natural,3,134,7.466666666666667,-0.8657273650169373,-0.020642189695158807
COHFACE_s37_session3_natural,3,135,7.5,0.24544596672058105,-0.045262052104195066
COHFACE_s37_session3_natural,3,136,7.533333333333333,1.53892183303833,-0.07468022313693362
COHFACE_s37_session3_natural,3,137,7.566666666666666,2.148282051086426,-0.10460949130040008
COHFACE_s37_session3_natural,3,138,7.6,2.103325605392456,-0.1295668355519044
COHFACE_s37_session3_natural,3,139,7.633333333333334,1.7787355184555054,-0.14296857313362465
COHFACE_s37_session3_natural,3,140,7.666666666666667,1.4091826677322388,-0.13762671927255202
COHFACE_s37_session3_natural,3,141,7.7,1.0275403261184692,-0.10738223144747891
COHFACE_s37_session3_natural,3,142,7.733333333333333,0.6335321068763733,-0.0498431149848546
COHFACE_s37_session3_natural,3,143,7.766666666666667,0.37595221400260925,0.030858054595581264
COHFACE_s37_session3_natural,3,144,7.8,0.3072696924209595,0.12292421285073026
COHFACE_s37_session3_natural,3,145,7.833333333333333,0.3256332278251648,0.20861684151604026
COHFACE_s37_session3_natural,3,146,7.866666666666666,0.30288153886795044,0.2688612661277989
COHFACE_s37_session3_natural,3,147,7.9,0.18160422146320343,0.2893692693263526
COHFACE_s37_session3_natural,3,148,7.933333333333334,-0.008292755112051964,0.2660877176324075
COHFACE_s37_session3_natural,3,149,7.966666666666667,-0.22483918070793152,0.20773674676517412
COHFACE_s37_session3_natural,3,150,8.0,-0.4326722025871277,0.13393393421525251
COHFACE_s37_session3_natural,3,151,8.033333333333333,-0.615075409412384,0.06897728450819368
COHFACE_s37_session3_natural,3,152,8.066666666666666,-0.7603932023048401,0.03341316617029278
COHFACE_s37_session3_natural,3,153,8.1,-0.8670223951339722,0.036881437293298555
COHFACE_s37_session3_natural,3,154,8.133333333333333,-0.9385465383529663,0.07536329268179502
COHFACE_s37_session3_natural,3,155,8.166666666666666,-0.9888906478881836,0.1338654859264776
COHFACE_s37_session3_natural,3,156,8.2,-1.0294086933135986,0.1928273032998109
COHFACE_s37_session3_natural,3,157,8.233333333333333,-1.0633193254470825,0.23490462734579207
COHFACE_s37_session3_natural,3,158,8.266666666666667,-1.0929800271987915,0.24934307966332148
COHFACE_s37_session3_natural,3,159,8.3,-1.1308199167251587,0.2331271048172007
COHFACE_s37_session3_natural,3,160,8.333333333333334,-1.1882743835449219,0.18988565767623866
COHFACE_s37_session3_natural,3,161,8.366666666666667,-1.1874696016311646,0.12802311225392787
COHFACE_s37_session3_natural,3,162,8.4,-0.6636529564857483,0.058707026697643785
COHFACE_s37_session3_natural,3,163,8.433333333333334,0.6385678052902222,-0.006546646431218177
COHFACE_s37_session3_natural,3,164,8.466666666666667,1.81440007686615,-0.058770191310698675
COHFACE_s37_session3_natural,3,165,8.5,2.2183163166046143,-0.09412083956702585
COHFACE_s37_session3_natural,3,166,8.533333333333333,2.0632164478302,-0.11482647786824657
COHFACE_s37_session3_natural,3,167,8.566666666666666,1.7139884233474731,-0.12773321081327443
COHFACE_s37_session3_natural,3,168,8.6,1.3340184688568115,-0.14111144432141512
COHFACE_s37_session3_natural,3,169,8.633333333333333,0.9267075061798096,-0.16152695415198504
COHFACE_s37_session3_natural,3,170,8.666666666666666,0.5513896942138672,-0.19242341058615867
COHFACE_s37_session3_natural,3,171,8.7,0.35242098569869995,-0.23474255861826018
COHFACE_s37_session3_natural,3,172,8.733333333333333,0.3311152458190918,-0.2884057845319095
COHFACE_s37_session3_natural,3,173,8.766666666666667,0.35587239265441895,-0.3529342618543165
COHFACE_s37_session3_natural,3,174,8.8,0.30719423294067383,-0.42637144622032713
COHFACE_s37_session3_natural,3,175,8.833333333333334,0.15868909657001495,-0.5032336213225888
COHFACE_s37_session3_natural,3,176,8.866666666666667,-0.04586225748062134,-0.5732378253846047
COHFACE_s37_session3_natural,3,177,8.9,-0.26602354645729065,-0.6223197843209837
COHFACE_s37_session3_natural,3,178,8.933333333333334,-0.47620153427124023,-0.6360806333520878
COHFACE_s37_session3_natural,3,179,8.966666666666667,-0.6512743830680847,-0.6043017666863665
COHFACE_s37_session3_natural,3,180,9.0,-0.7861121892929077,-0.5245298669709277
COHFACE_s37_session3_natural,3,181,9.033333333333333,-0.886391818523407,-0.4030365999387725
COHFACE_s37_session3_natural,3,182,9.066666666666666,-0.9535467028617859,-0.25239914862997187
COHFACE_s37_session3_natural,3,183,9.1,-1.0023630857467651,-0.08647635118375636
COHFACE_s37_session3_natural,3,184,9.133333333333333,-1.0374430418014526,0.08473936404013396
COHFACE_s37_session3_natural,3,185,9.166666666666666,-1.0687006711959839,0.25727976301113137
COHFACE_s37_session3_natural,3,186,9.2,-1.1025484800338745,0.4306213375036605
COHFACE_s37_session3_natural,3,187,9.233333333333333,-1.142500638961792,0.6014953613543397
COHFACE_s37_session3_natural,3,188,9.266666666666667,-1.1996722221374512,0.757985464482082
COHFACE_s37_session3_natural,3,189,9.3,-1.2109946012496948,0.8784972864347296
COHFACE_s37_session3_natural,3,190,9.333333333333334,-0.7261368036270142,0.9378288332155434
COHFACE_s37_session3_natural,3,191,9.366666666666667,0.5589526295661926,0.9183250037144353
COHFACE_s37_session3_natural,3,192,9.4,1.7618619203567505,0.8204266337351573
COHFACE_s37_session3_natural,3,193,9.433333333333334,2.203504800796509,0.6663001054705793
COHFACE_s37_session3_natural,3,194,9.466666666666667,2.086200714111328,0.4935230823845317
COHFACE_s37_session3_natural,3,195,9.5,1.7589763402938843,0.34114491056162743
COHFACE_s37_session3_natural,3,196,9.533333333333333,1.3785285949707031,0.23470821075878198
COHFACE_s37_session3_natural,3,197,9.566666666666666,0.9684451222419739,0.17751909398321408
COHFACE_s37_session3_natural,3,198,9.6,0.5981692671775818,0.1520678669044984
COHFACE_s37_session3_natural,3,199,9.633333333333333,0.4012877345085144,0.13017270920164925
COHFACE_s37_session3_natural,3,200,9.666666666666666,0.3757070302963257,0.08630846350806645
COHFACE_s37_session3_natural,3,201,9.7,0.39485639333724976,0.007910522126613891
COHFACE_s37_session3_natural,3,202,9.733333333333333,0.3520123362541199,-0.10079357929778893
COHFACE_s37_session3_natural,3,203,9.766666666666667,0.21508735418319702,-0.22138147864497446
COHFACE_s37_session3_natural,3,204,9.8,0.015464799478650093,-0.3284432351140185
COHFACE_s37_session3_natural,3,205,9.833333333333334,-0.2021377980709076,-0.3989641071720989
COHFACE_s37_session3_natural,3,206,9.866666666666667,-0.40866947174072266,-0.4207720157061952
COHFACE_s37_session3_natural,3,207,9.9,-0.5864770412445068,-0.39687149903621005
COHFACE_s37_session3_natural,3,208,9.933333333333334,-0.7245273590087891,-0.34398337541402774
COHFACE_s37_session3_natural,3,209,9.966666666666667,-0.8290505409240723,-0.28607755351829134
COHFACE_s37_session3_natural,3,210,10.0,-0.9009707570075989,-0.24576720736535715
COHFACE_s37_session3_natural,3,211,10.033333333333333,-0.9469016194343567,-0.23708549955498154
COHFACE_s37_session3_natural,3,212,10.066666666666666,-0.983194887638092,-0.262142887014485
COHFACE_s37_session3_natural,3,213,10.1,-1.016866683959961,-0.3122224253778322
COHFACE_s37_session3_natural,3,214,10.133333333333333,-1.0514562129974365,-0.3721022426313959
COHFACE_s37_session3_natural,3,215,10.166666666666666,-1.1004801988601685,-0.425475119895803
COHFACE_s37_session3_natural,3,216,10.2,-1.1607699394226074,-0.4594213324591993
COHFACE_s37_session3_natural,3,217,10.233333333333333,-1.0503748655319214,-0.4666949038789797
COHFACE_s37_session3_natural,3,218,10.266666666666667,-0.23584724962711334,-0.44565003133187514
COHFACE_s37_session3_natural,3,219,10.3,1.088741660118103,-0.3986224507874083
COHFACE_s37_session3_natural,3,220,10.333333333333334,1.9514446258544922,-0.330146948800475
COHFACE_s37_session3_natural,3,221,10.366666666666667,2.0909910202026367,-0.24608409658984734
COHFACE_s37_session3_natural,3,222,10.4,1.8404523134231567,-0.1535959369430972
COHFACE_s37_session3_natural,3,223,10.433333333333334,1.473068356513977,-0.06094570118319995
COHFACE_s37_session3_natural,3,224,10.466666666666667,1.0566856861114502,0.02380893616950967
COHFACE_s37_session3_natural,3,225,10.5,0.6295337677001953,0.09522966222743398
COHFACE_s37_session3_natural,3,226,10.533333333333333,0.3432675004005432,0.15303138593290894
COHFACE_s37_session3_natural,3,227,10.566666666666666,0.27532050013542175,0.20327182188507498
COHFACE_s37_session3_natural,3,228,10.6,0.32035866379737854,0.2570122349584853
COHFACE_s37_session3_natural,3,229,10.633333333333333,0.3312912881374359,0.3262288568356497
COHFACE_s37_session3_natural,3,230,10.666666666666666,0.23991364240646362,0.4180613505841041
COHFACE_s37_session3_natural,3,231,10.7,0.06316222250461578,0.5296418653100214
COHFACE_s37_session3_natural,3,232,10.733333333333333,-0.14255216717720032,0.6461249767941135
COHFACE_s37_session3_natural,3,233,10.766666666666667,-0.34717267751693726,0.7434734312196777
COHFACE_s37_session3_natural,3,234,10.8,-0.5319522619247437,0.795218095019509
COHFACE_s37_session3_natural,3,235,10.833333333333334,-0.6808723211288452,0.7803897350026459
COHFACE_s37_session3_natural,3,236,10.866666666666667,-0.7952216863632202,0.6895627009485576
COHFACE_s37_session3_natural,3,237,10.9,-0.8751888871192932,0.5272462630286548
COHFACE_s37_session3_natural,3,238,10.933333333333334,-0.9270355105400085,0.31060915517364435
COHFACE_s37_session3_natural,3,239,10.966666666666667,-0.9610781669616699,0.06580304390200888
COHFACE_s37_session3_natural,4,0,4.0,-1.1054152250289917,-0.08989329478286012
COHFACE_s37_session3_natural,4,1,4.033333333333333,-1.0987261533737183,-0.14040174620766574
COHFACE_s37_session3_natural,4,2,4.066666666666666,-0.6154589056968689,-0.17511110530101268
COHFACE_s37_session3_natural,4,3,4.1,0.505452573299408,-0.180829433935844
COHFACE_s37_session3_natural,4,4,4.133333333333334,1.4684476852416992,-0.15320014977022883
COHFACE_s37_session3_natural,4,5,4.166666666666667,1.760453701019287,-0.1031080923207985
COHFACE_s37_session3_natural,4,6,4.2,1.5855380296707153,-0.060434853146059606
COHFACE_s37_session3_natural,4,7,4.233333333333333,1.2452813386917114,-0.06952708344354565
COHFACE_s37_session3_natural,4,8,4.266666666666667,0.8608917593955994,-0.17395666480940866
COHFACE_s37_session3_natural,4,9,4.3,0.46258336305618286,-0.39478930760224196
COHFACE_s37_session3_natural,4,10,4.333333333333333,0.18361598253250122,-0.712335888009739
COHFACE_s37_session3_natural,4,11,4.366666666666666,0.125243678689003,-1.0622538230121246
COHFACE_s37_session3_natural,4,12,4.4,0.1974279284477234,-1.3513537776642601
COHFACE_s37_session3_natural,4,13,4.433333333333334,0.24188768863677979,-1.4888338213402947
COHFACE_s37_session3_natural,4,14,4.466666666666667,0.16802488267421722,-1.4198395024283799
COHFACE_s37_session3_natural,4,15,4.5,-0.002376941731199622,-1.1456792262575888
COHFACE_s37_session3_natural,4,16,4.533333333333333,-0.20379121601581573,-0.7211214558766479
COHFACE_s37_session3_natural,4,17,4.566666666666666,-0.4006476104259491,-0.23069449994173583
COHFACE_s37_session3_natural,4,18,4.6,-0.5694274306297302,0.24365880516874758
COHFACE_s37_session3_natural,4,19,4.633333333333334,-0.7017065286636353,0.6479210269821029
COHFACE_s37_session3_natural,4,20,4.666666666666667,-0.8018604516983032,0.9643688421514471
COHFACE_s37_session3_natural,4,21,4.7,-0.8694742321968079,1.202913496969403
COHFACE_s37_session3_natural,4,22,4.733333333333333,-0.9131166934967041,1.3830358244935457
COHFACE_s37_session3_natural,4,23,4.766666666666667,-0.9403445720672607,1.516570012754145
COHFACE_s37_session3_natural,4,24,4.8,-0.9706403017044067,1.5993567819706416
COHFACE_s37_session3_natural,4,25,4.833333333333333,-1.0143204927444458,1.6142055586557393
COHFACE_s37_session3_natural,4,26,4.866666666666666,-1.0470366477966309,1.5414310990330315
COHFACE_s37_session3_natural,4,27,4.9,-0.8256997466087341,1.3700839619662128
COHFACE_s37_session3_natural,4,28,4.933333333333334,0.08777477592229843,1.10455372116504
COHFACE_s37_session3_natural,4,29,4.966666666666667,1.2384727001190186,0.7651141999334864
COHFACE_s37_session3_natural,4,30,5.0,1.8275331258773804,0.38386913969873243
COHFACE_s37_session3_natural,4,31,5.033333333333333,1.8070446252822876,-0.0015077188848571042
COHFACE_s37_session3_natural,4,32,5.066666666666666,1.5063189268112183,-0.3542076994739508
COHFACE_s37_session3_natural,4,33,5.1,1.1444923877716064,-0.6436857427263404
COHFACE_s37_session3_natural,4,34,5.133333333333334,0.752646803855896,-0.8494797021366415
COHFACE_s37_session3_natural,4,35,5.166666666666667,0.3748583197593689,-0.9633047893071527
COHFACE_s37_session3_natural,4,36,5.2,0.1675533801317215,-0.9894885307905342
COHFACE_s37_session3_natural,4,37,5.233333333333333,0.1640956848859787,-0.9437677453677615
COHFACE_s37_session3_natural,4,38,5.266666666666667,0.22763566672801971,-0.8502445773409595
COHFACE_s37_session3_natural,4,39,5.3,0.2190794199705124,-0.736357562459243
COHFACE_s37_session3_natural,4,40,5.333333333333333,0.09591608494520187,-0.6264148913429071
COHFACE_s37_session3_natural,4,41,5.366666666666666,-0.09480445086956024,-0.5353205367678676
COHFACE_s37_session3_natural,4,42,5.4,-0.29850080609321594,-0.46489304496355827
COHFACE_s37_session3_natural,4,43,5.433333333333334,-0.48991918563842773,-0.40479104725039583
COHFACE_s37_session3_natural,4,44,5.466666666666667,-0.6525317430496216,-0.3382636630453277
COHFACE_s37_session3_natural,4,45,5.5,-0.7797940373420715,-0.25060759953288536
COHFACE_s37_session3_natural,4,46,5.533333333333333,-0.8661548495292664,-0.13671043529893315
COHFACE_s37_session3_natural,4,47,5.566666666666666,-0.9172848463058472,-0.004439320787940525
COHFACE_s37_session3_natural,4,48,5.6,-0.9448772668838501,0.12717238922168014
COHFACE_s37_session3_natural,4,49,5.633333333333334,-0.9665036201477051,0.23357588370661744
COHFACE_s37_session3_natural,4,50,5.666666666666667,-1.0067764520645142,0.2917693135077671
COHFACE_s37_session3_natural,4,51,5.7,-1.0487780570983887,0.2866718601271056
COHFACE_s37_session3_natural,4,52,5.733333333333333,-0.8836885094642639,0.21555387028206285
COHFACE_s37_session3_natural,4,53,5.766666666666667,-0.020677613094449043,0.0898144362893422
COHFACE_s37_session3_natural,4,54,5.8,1.202015995979309,-0.06652076322626325
COHFACE_s37_session3_natural,4,55,5.833333333333333,1.9061172008514404,-0.22183608005427619
COHFACE_s37_session3_natural,4,56,5.866666666666666,1.9460316896438599,-0.34449212344782026
COHFACE_s37_session3_natural,4,57,5.9,1.6644490957260132,-0.41036781154281954
COHFACE_s37_session3_natural,4,58,5.933333333333334,1.3077651262283325,-0.40730033953979183
COHFACE_s37_session3_natural,4,59,5.966666666666667,0.9235453009605408,-0.3350435315160158
COHFACE_s37_session3_natural,4,60,6.0,0.5258970260620117,-0.20263428281462495
COHFACE_s37_session3_natural,4,61,6.033333333333333,0.2589750289916992,-0.026399206299113305
COHFACE_s37_session3_natural,4,62,6.066666666666666,0.20287223160266876,0.1707033375352644
COHFACE_s37_session3_natural,4,63,6.1,0.2557624876499176,0.3607558474384392
COHFACE_s37_session3_natural,4,64,6.133333333333334,0.261822909116745,0.5156423774990808
COHFACE_s37_session3_natural,4,65,6.166666666666667,0.15089353919029236,0.614135382010058
COHFACE_s37_session3_natural,4,66,6.2,-0.03883369266986847,0.648102880091835
COHFACE_s37_session3_natural,4,67,6.233333333333333,-0.2479114830493927,0.6244218802382436
COHFACE_s37_session3_natural,4,68,6.266666666666667,-0.4477100670337677,0.5613443270647054
COHFACE_s37_session3_natural,4,69,6.3,-0.6248952746391296,0.4810684529672873
COHFACE_s37_session3_natural,4,70,6.333333333333333,-0.7580419182777405,0.4021365342292805
COHFACE_s37_session3_natural,4,71,6.366666666666666,-0.8500670790672302,0.3349070580332647
COHFACE_s37_session3_natural,4,72,6.4,-0.9127206802368164,0.28107650974033666
COHFACE_s37_session3_natural,4,73,6.433333333333334,-0.9495923519134521,0.23588322516610735
COHFACE_s37_session3_natural,4,74,6.466666666666667,-0.9762543439865112,0.19094111104548994
COHFACE_s37_session3_natural,4,75,6.5,-1.010831356048584,0.136727095511542
COHFACE_s37_session3_natural,4,76,6.533333333333333,-1.0491175651550293,0.06530566953063717
COHFACE_s37_session3_natural,4,77,6.566666666666666,-0.9475428462028503,-0.02595375767401171
COHFACE_s37_session3_natural,4,78,6.6,-0.1960711032152176,-0.13070537730756368
COHFACE_s37_session3_natural,4,79,6.633333333333334,1.06707763671875,-0.23274521540541437
COHFACE_s37_session3_natural,4,80,6.666666666666667,1.9157674312591553,-0.3100393897225096
COHFACE_s37_session3_natural,4,81,6.7,2.0498759746551514,-0.34297161551832656
COHFACE_s37_session3_natural,4,82,6.733333333333333,1.7967784404754639,-0.3230611581065946
COHFACE_s37_session3_natural,4,83,6.766666666666667,1.4464755058288574,-0.2575370032169341
COHFACE_s37_session3_natural,4,84,6.8,1.0795378684997559,-0.16745298367890202
COHFACE_s37_session3_natural,4,85,6.833333333333333,0.6777529716491699,-0.08056352701134296
COHFACE_s37_session3_natural,4,86,6.866666666666666,0.3589465916156769,-0.022355585239813746
COHFACE_s37_session3_natural,4,87,6.9,0.26115649938583374,-0.008636482691498202
COHFACE_s37_session3_natural,4,88,6.933333333333334,0.29294851422309875,-0.041617974844948
COHFACE_s37_session3_natural,4,89,6.966666666666667,0.29830479621887207,-0.10991497689537685
COHFACE_s37_session3_natural,4,90,7.0,0.21055461466312408,-0.19217306576010904
COHFACE_s37_session3_natural,4,91,7.033333333333333,0.02928932011127472,-0.26358887400646447
COHFACE_s37_session3_natural,4,92,7.066666666666666,-0.18976551294326782,-0.30366829184667027
COHFACE_s37_session3_natural,4,93,7.1,-0.3977620005607605,-0.30263508081095153
COHFACE_s37_session3_natural,4,94,7.133333333333334,-0.582422137260437,-0.2639198672313551
COHFACE_s37_session3_natural,4,95,7.166666666666667,-0.7326435446739197,-0.2016471279811912
COHFACE_s37_session3_natural,4,96,7.2,-0.8415611386299133,-0.13449459427032204
COHFACE_s37_session3_natural,4,97,7.233333333333333,-0.9175362586975098,-0.07900065314311426
COHFACE_s37_session3_natural,4,98,7.266666666666667,-0.9728469252586365,-0.045053175373943224
COHFACE_s37_session3_natural,4,99,7.3,-1.0109068155288696,-0.034570556878291046
COHFACE_s37_session3_natural,4,100,7.333333333333333,-1.0420135259628296,-0.042749565119769156
COHFACE_s37_session3_natural,4,101,7.366666666666666,-1.078558325767517,-0.0605587943889526
COHFACE_s37_session3_natural,4,102,7.4,-1.1275005340576172,-0.07746024515489273
COHFACE_s37_session3_natural,4,103,7.433333333333334,-1.1632405519485474,-0.08404935656140354
COHFACE_s37_session3_natural,4,104,7.466666666666667,-0.8657273650169373,-0.07464507776264
COHFACE_s37_session3_natural,4,105,7.5,0.24544596672058105,-0.04941603810655878
COHFACE_s37_session3_natural,4,106,7.533333333333333,1.53892183303833,-0.014785992001078285
COHFACE_s37_session3_natural,4,107,7.566666666666666,2.148282051086426,0.01906883455676227
COHFACE_s37_session3_natural,4,108,7.6,2.103325605392456,0.043171666524872386
COHFACE_s37_session3_natural,4,109,7.633333333333334,1.7787355184555054,0.054768840186187905
COHFACE_s37_session3_natural,4,110,7.666666666666667,1.4091826677322388,0.05955212557195803
COHFACE_s37_session3_natural,4,111,7.7,1.0275403261184692,0.06946225392838792
COHFACE_s37_session3_natural,4,112,7.733333333333333,0.6335321068763733,0.09670827563291548
COHFACE_s37_session3_natural,4,113,7.766666666666667,0.37595221400260925,0.14671374905474505
COHFACE_s37_session3_natural,4,114,7.8,0.3072696924209595,0.21353876809972483
COHFACE_s37_session3_natural,4,115,7.833333333333333,0.3256332278251648,0.2804634728522328
COHFACE_s37_session3_natural,4,116,7.866666666666666,0.30288153886795044,0.3261285218057933
COHFACE_s37_session3_natural,4,117,7.9,0.18160422146320343,0.33386186800285733
COHFACE_s37_session3_natural,4,118,7.933333333333334,-0.008292755112051964,0.2998916051617375
COHFACE_s37_session3_natural,4,119,7.966666666666667,-0.22483918070793152,0.2362700068385407
COHFACE_s37_session3_natural,4,120,8.0,-0.4326722025871277,0.16675913387532998
COHFACE_s37_session3_natural,4,121,8.033333333333333,-0.615075409412384,0.11732986283282563
COHFACE_s37_session3_natural,4,122,8.066666666666666,-0.7603932023048401,0.1054750952280542
COHFACE_s37_session3_natural,4,123,8.1,-0.8670223951339722,0.13312304636005334
COHFACE_s37_session3_natural,4,124,8.133333333333333,-0.9385465383529663,0.1863335466273833
COHFACE_s37_session3_natural,4,125,8.166666666666666,-0.9888906478881836,0.2417532269655189
COHFACE_s37_session3_natural,4,126,8.2,-1.0294086933135986,0.2764219161109153
COHFACE_s37_session3_natural,4,127,8.233333333333333,-1.0633193254470825,0.2760022728815158
COHFACE_s37_session3_natural,4,128,8.266666666666667,-1.0929800271987915,0.23794009356830892
COHFACE_s37_session3_natural,4,129,8.3,-1.1308199167251587,0.1693339878091026
COHFACE_s37_session3_natural,4,130,8.333333333333334,-1.1882743835449219,0.08216535463565858
COHFACE_s37_session3_natural,4,131,8.366666666666667,-1.1874696016311646,-0.010854490666658471
COHFACE_s37_session3_natural,4,132,8.4,-0.6636529564857483,-0.09842920943171278
COHFACE_s37_session3_natural,4,133,8.433333333333334,0.6385678052902222,-0.17164706514407016
COHFACE_s37_session3_natural,4,134,8.466666666666667,1.81440007686615,-0.2250779160885067
COHFACE_s37_session3_natural,4,135,8.5,2.2183163166046143,-0.2581865524455864
COHFACE_s37_session3_natural,4,136,8.533333333333333,2.0632164478302,-0.2759763258186101
COHFACE_s37_session3_natural,4,137,8.566666666666666,1.7139884233474731,-0.2874905568179971
COHFACE_s37_session3_natural,4,138,8.6,1.3340184688568115,-0.30188875536029147
COHFACE_s37_session3_natural,4,139,8.633333333333333,0.9267075061798096,-0.3237121723875168
COHFACE_s37_session3_natural,4,140,8.666666666666666,0.5513896942138672,-0.35031975517530517
COHFACE_s37_session3_natural,4,141,8.7,0.35242098569869995,-0.37371069066512524
COHFACE_s37_session3_natural,4,142,8.733333333333333,0.3311152458190918,-0.38591671230483
COHFACE_s37_session3_natural,4,143,8.766666666666667,0.35587239265441895,-0.38435634239057814
COHFACE_s37_session3_natural,4,144,8.8,0.30719423294067383,-0.3735064658596631
COHFACE_s37_session3_natural,4,145,8.833333333333334,0.15868909657001495,-0.3618039102130694
COHFACE_s37_session3_natural,4,146,8.866666666666667,-0.04586225748062134,-0.3558689533228612
COHFACE_s37_session3_natural,4,147,8.9,-0.26602354645729065,-0.35569705625294334
COHFACE_s37_session3_natural,4,148,8.933333333333334,-0.47620153427124023,-0.35344750546959197
COHFACE_s37_session3_natural,4,149,8.966666666666667,-0.6512743830680847,-0.3362830149924944
COHFACE_s37_session3_natural,4,150,9.0,-0.7861121892929077,-0.29206878385903173
COHFACE_s37_session3_natural,4,151,9.033333333333333,-0.886391818523407,-0.2154769685934325
COHFACE_s37_session3_natural,4,152,9.066666666666666,-0.9535467028617859,-0.11105241766150656
COHFACE_s37_session3_natural,4,153,9.1,-1.0023630857467651,0.009193667512430675
COHFACE_s37_session3_natural,4,154,9.133333333333333,-1.0374430418014526,0.13242334668696018
COHFACE_s37_session3_natural,4,155,9.166666666666666,-1.0687006711959839,0.251243523561577
COHFACE_s37_session3_natural,4,156,9.2,-1.1025484800338745,0.36514060509233115
COHFACE_s37_session3_natural,4,157,9.233333333333333,-1.142500638961792,0.4760681792385895
COHFACE_s37_session3_natural,4,158,9.266666666666667,-1.1996722221374512,0.5814516822592873
COHFACE_s37_session3_natural,4,159,9.3,-1.2109946012496948,0.6699991893576643
COHFACE_s37_session3_natural,4,160,9.333333333333334,-0.7261368036270142,0.724071842610956
COHFACE_s37_session3_natural,4,161,9.366666666666667,0.5589526295661926,0.7280354123428069
COHFACE_s37_session3_natural,4,162,9.4,1.7618619203567505,0.6777572205624081
COHFACE_s37_session3_natural,4,163,9.433333333333334,2.203504800796509,0.5851282480334824
COHFACE_s37_session3_natural,4,164,9.466666666666667,2.086200714111328,0.474313768218543
COHFACE_s37_session3_natural,4,165,9.5,1.7589763402938843,0.37145521013114613
COHFACE_s37_session3_natural,4,166,9.533333333333333,1.3785285949707031,0.29347717283829206
COHFACE_s37_session3_natural,4,167,9.566666666666666,0.9684451222419739,0.24200224096282655
COHFACE_s37_session3_natural,4,168,9.6,0.5981692671775818,0.20493880729968242
COHFACE_s37_session3_natural,4,169,9.633333333333333,0.4012877345085144,0.16385283151695254
COHFACE_s37_session3_natural,4,170,9.666666666666666,0.3757070302963257,0.10285019458654591
COHFACE_s37_session3_natural,4,171,9.7,0.39485639333724976,0.015079508200830285
COHFACE_s37_session3_natural,4,172,9.733333333333333,0.3520123362541199,-0.09499059418638282
COHFACE_s37_session3_natural,4,173,9.766666666666667,0.21508735418319702,-0.2133342657789215
COHFACE_s37_session3_natural,4,174,9.8,0.015464799478650093,-0.32102359268091296
COHFACE_s37_session3_natural,4,175,9.833333333333334,-0.2021377980709076,-0.4003243680767939
COHFACE_s37_session3_natural,4,176,9.866666666666667,-0.40866947174072266,-0.44041871976778024
COHFACE_s37_session3_natural,4,177,9.9,-0.5864770412445068,-0.44074841934970677
COHFACE_s37_session3_natural,4,178,9.933333333333334,-0.7245273590087891,-0.41052793515909825
COHFACE_s37_session3_natural,4,179,9.966666666666667,-0.8290505409240723,-0.36440111701032535
COHFACE_s37_session3_natural,4,180,10.0,-0.9009707570075989,-0.3160523595447401
COHFACE_s37_session3_natural,4,181,10.033333333333333,-0.9469016194343567,-0.272882346589444
COHFACE_s37_session3_natural,4,182,10.066666666666666,-0.983194887638092,-0.23465706890838714
COHFACE_s37_session3_natural,4,183,10.1,-1.016866683959961,-0.19691071121092843
COHFACE_s37_session3_natural,4,184,10.133333333333333,-1.0514562129974365,-0.15674355527553843
COHFACE_s37_session3_natural,4,185,10.166666666666666,-1.1004801988601685,-0.11706734359502993
COHFACE_s37_session3_natural,4,186,10.2,-1.1607699394226074,-0.08685353881106311
COHFACE_s37_session3_natural,4,187,10.233333333333333,-1.0503748655319214,-0.07775743926707175
COHFACE_s37_session3_natural,4,188,10.266666666666667,-0.23584724962711334,-0.09912361915910281
COHFACE_s37_session3_natural,4,189,10.3,1.088741660118103,-0.15343588890529458
COHFACE_s37_session3_natural,4,190,10.333333333333334,1.9514446258544922,-0.23363532624311362
COHFACE_s37_session3_natural,4,191,10.366666666666667,2.0909910202026367,-0.32319473724451653
COHFACE_s37_session3_natural,4,192,10.4,1.8404523134231567,-0.3995082347777691
COHFACE_s37_session3_natural,4,193,10.433333333333334,1.473068356513977,-0.4401732910482415
COHFACE_s37_session3_natural,4,194,10.466666666666667,1.0566856861114502,-0.4299072245497756
COHFACE_s37_session3_natural,4,195,10.5,0.6295337677001953,-0.3649381838893775
COHFACE_s37_session3_natural,4,196,10.533333333333333,0.3432675004005432,-0.25311912550652366
COHFACE_s37_session3_natural,4,197,10.566666666666666,0.27532050013542175,-0.11040786504235628
COHFACE_s37_session3_natural,4,198,10.6,0.32035866379737854,0.04425134572887008
COHFACE_s37_session3_natural,4,199,10.633333333333333,0.3312912881374359,0.19359289179897532
COHFACE_s37_session3_natural,4,200,10.666666666666666,0.23991364240646362,0.32494665873079853
COHFACE_s37_session3_natural,4,201,10.7,0.06316222250461578,0.4310676009457879
COHFACE_s37_session3_natural,4,202,10.733333333333333,-0.14255216717720032,0.5093037398669998
COHFACE_s37_session3_natural,4,203,10.766666666666667,-0.34717267751693726,0.559928627212816
COHFACE_s37_session3_natural,4,204,10.8,-0.5319522619247437,0.5844969783594179
COHFACE_s37_session3_natural,4,205,10.833333333333334,-0.6808723211288452,0.5848172472991807
COHFACE_s37_session3_natural,4,206,10.866666666666667,-0.7952216863632202,0.5627124083346992
COHFACE_s37_session3_natural,4,207,10.9,-0.8751888871192932,0.5203643466743305
COHFACE_s37_session3_natural,4,208,10.933333333333334,-0.9270355105400085,0.4608267651790752
COHFACE_s37_session3_natural,4,209,10.966666666666667,-0.9610781669616699,0.3881715398375171
COHFACE_s37_session3_natural,4,210,11.0,-0.9853700995445251,0.30677110385029654
COHFACE_s37_session3_natural,4,211,11.033333333333333,-1.0131763219833374,0.21987301465519674
COHFACE_s37_session3_natural,4,212,11.066666666666666,-1.0544298887252808,0.1288021049575235
COHFACE_s37_session3_natural,4,213,11.1,-1.1116201877593994,0.03447700887806892
COHFACE_s37_session3_natural,4,214,11.133333333333333,-1.088686227798462,-0.058601779121194034
COHFACE_s37_session3_natural,4,215,11.166666666666666,-0.5294878482818604,-0.1384029302049572
COHFACE_s37_session3_natural,4,216,11.2,0.700070858001709,-0.18568688518008425
COHFACE_s37_session3_natural,4,217,11.233333333333333,1.7147051095962524,-0.18123124755500708
COHFACE_s37_session3_natural,4,218,11.266666666666667,2.0072708129882812,-0.1175765252914011
COHFACE_s37_session3_natural,4,219,11.3,1.8202908039093018,-0.008411876748727884
COHFACE_s37_session3_natural,4,220,11.333333333333334,1.4626827239990234,0.11121637633782598
COHFACE_s37_session3_natural,4,221,11.366666666666667,1.0412391424179077,0.19593126455227738
COHFACE_s37_session3_natural,4,222,11.4,0.6030163168907166,0.20783601788644646
COHFACE_s37_session3_natural,4,223,11.433333333333334,0.3054088056087494,0.13248401645706784
COHFACE_s37_session3_natural,4,224,11.466666666666667,0.24071206152439117,-0.014786164012793614
COHFACE_s37_session3_natural,4,225,11.5,0.3057042956352234,-0.19490815446694468
COHFACE_s37_session3_natural,4,226,11.533333333333333,0.33637723326683044,-0.36013525599642865
COHFACE_s37_session3_natural,4,227,11.566666666666666,0.2632877230644226,-0.47082498842131737
COHFACE_s37_session3_natural,4,228,11.6,0.09926062822341919,-0.5070607559897131
COHFACE_s37_session3_natural,4,229,11.633333333333333,-0.10072026401758194,-0.471794980962251
COHFACE_s37_session3_natural,4,230,11.666666666666666,-0.30241113901138306,-0.3863999761153806
COHFACE_s37_session3_natural,4,231,11.7,-0.47970953583717346,-0.2818063056773391
COHFACE_s37_session3_natural,4,232,11.733333333333333,-0.6259891390800476,-0.1881447332024351
COHFACE_s37_session3_natural,4,233,11.766666666666667,-0.7412689328193665,-0.1252097034655285
COHFACE_s37_session3_natural,4,234,11.8,-0.8195135593414307,-0.09673971425903437
COHFACE_s37_session3_natural,4,235,11.833333333333334,-0.870448648929596,-0.0913498951432165
COHFACE_s37_session3_natural,4,236,11.866666666666667,-0.903818666934967,-0.08999171378313353
COHFACE_s37_session3_natural,4,237,11.9,-0.9312790632247925,-0.07613604999229343
COHFACE_s37_session3_natural,4,238,11.933333333333334,-0.9611222147941589,-0.04357425319742054
COHFACE_s37_session3_natural,4,239,11.966666666666667,-1.0137609243392944,0.0015793985965994175
COHFACE_s37_session3_natural,5,0,5.0,1.8275331258773804,0.1547371155699673
COHFACE_s37_session3_natural,5,1,5.033333333333333,1.8070446252822876,0.3017997037035497
COHFACE_s37_session3_natural,5,2,5.066666666666666,1.5063189268112183,0.4403754151588092
COHFACE_s37_session3_natural,5,3,5.1,1.1444923877716064,0.5706164967007867
COHFACE_s37_session3_natural,5,4,5.133333333333334,0.752646803855896,0.697907170550718
COHFACE_s37_session3_natural,5,5,5.166666666666667,0.3748583197593689,0.8268428993215781
COHFACE_s37_session3_natural,5,6,5.2,0.1675533801317215,0.9516713727499718
COHFACE_s37_session3_natural,5,7,5.233333333333333,0.1640956848859787,1.0499258121116797
COHFACE_s37_session3_natural,5,8,5.266666666666667,0.22763566672801971,1.0853555289550263
COHFACE_s37_session3_natural,5,9,5.3,0.2190794199705124,1.0209609520492116
COHFACE_s37_session3_natural,5,10,5.333333333333333,0.09591608494520187,0.8362412164272951
COHFACE_s37_session3_natural,5,11,5.366666666666666,-0.09480445086956024,0.5394770250059024
COHFACE_s37_session3_natural,5,12,5.4,-0.29850080609321594,0.16864096249262267
COHFACE_s37_session3_natural,5,13,5.433333333333334,-0.48991918563842773,-0.21912726085907686
COHFACE_s37_session3_natural,5,14,5.466666666666667,-0.6525317430496216,-0.5641073327763845
COHFACE_s37_session3_natural,5,15,5.5,-0.7797940373420715,-0.8194595337626623
COHFACE_s37_session3_natural,5,16,5.533333333333333,-0.8661548495292664,-0.9604337962216051
COHFACE_s37_session3_natural,5,17,5.566666666666666,-0.9172848463058472,-0.9861433762603932
COHFACE_s37_session3_natural,5,18,5.6,-0.9448772668838501,-0.9159318490798121
COHFACE_s37_session3_natural,5,19,5.633333333333334,-0.9665036201477051,-0.783333272401327
COHFACE_s37_session3_natural,5,20,5.666666666666667,-1.0067764520645142,-0.6294207812477098
COHFACE_s37_session3_natural,5,21,5.7,-1.0487780570983887,-0.4954710717030056
COHFACE_s37_session3_natural,5,22,5.733333333333333,-0.8836885094642639,-0.41422760657188834
COHFACE_s37_session3_natural,5,23,5.766666666666667,-0.020677613094449043,-0.40069011938955246
COHFACE_s37_session3_natural,5,24,5.8,1.202015995979309,-0.44625589366757473
COHFACE_s37_session3_natural,5,25,5.833333333333333,1.9061172008514404,-0.5206464899642397
COHFACE_s37_session3_natural,5,26,5.866666666666666,1.9460316896438599,-0.5823046546723983
COHFACE_s37_session3_natural,5,27,5.9,1.6644490957260132,-0.5927029799720779
COHFACE_s37_session3_natural,5,28,5.933333333333334,1.3077651262283325,-0.5276579463686285
COHFACE_s37_session3_natural,5,29,5.966666666666667,0.9235453009605408,-0.38114955944589224
COHFACE_s37_session3_natural,5,30,6.0,0.5258970260620117,-0.16263092468599075
COHFACE_s37_session3_natural,5,31,6.033333333333333,0.2589750289916992,0.10749412964212195
COHFACE_s37_session3_natural,5,32,6.066666666666666,0.20287223160266876,0.4009072431000645
COHFACE_s37_session3_natural,5,33,6.1,0.2557624876499176,0.6835478573188788
COHFACE_s37_session3_natural,5,34,6.133333333333334,0.261822909116745,0.9196793749193576
COHFACE_s37_session3_natural,5,35,6.166666666666667,0.15089353919029236,1.0791961129053436
COHFACE_s37_session3_natural,5,36,6.2,-0.03883369266986847,1.1458814403317343
COHFACE_s37_session3_natural,5,37,6.233333333333333,-0.2479114830493927,1.1220162864651861
COHFACE_s37_session3_natural,5,38,6.266666666666667,-0.4477100670337677,1.0262722790544794
COHFACE_s37_session3_natural,5,39,6.3,-0.6248952746391296,0.8858319230560063
COHFACE_s37_session3_natural,5,40,6.333333333333333,-0.7580419182777405,0.7269548414459334
COHFACE_s37_session3_natural,5,41,6.366666666666666,-0.8500670790672302,0.568482488071552
COHFACE_s37_session3_natural,5,42,6.4,-0.9127206802368164,0.4200205850734926
COHFACE_s37_session3_natural,5,43,6.433333333333334,-0.9495923519134521,0.2834368603209528
COHFACE_s37_session3_natural,5,44,6.466666666666667,-0.9762543439865112,0.1554467420319186
COHFACE_s37_session3_natural,5,45,6.5,-1.010831356048584,0.030224203422931906
COHFACE_s37_session3_natural,5,46,6.533333333333333,-1.0491175651550293,-0.09763482894596684
COHFACE_s37_session3_natural,5,47,6.566666666666666,-0.9475428462028503,-0.22942978482742127
COHFACE_s37_session3_natural,5,48,6.6,-0.1960711032152176,-0.35910220312586694
COHFACE_s37_session3_natural,5,49,6.633333333333334,1.06707763671875,-0.47290387819487295
COHFACE_s37_session3_natural,5,50,6.666666666666667,1.9157674312591553,-0.5537853323174546
COHFACE_s37_session3_natural,5,51,6.7,2.0498759746551514,-0.5894630527483732
COHFACE_s37_session3_natural,5,52,6.733333333333333,1.7967784404754639,-0.5798969255985728
COHFACE_s37_session3_natural,5,53,6.766666666666667,1.4464755058288574,-0.5392849826265783
COHFACE_s37_session3_natural,5,54,6.8,1.0795378684997559,-0.49093390738043613
COHFACE_s37_session3_natural,5,55,6.833333333333333,0.6777529716491699,-0.4577247550733615
COHFACE_s37_session3_natural,5,56,6.866666666666666,0.3589465916156769,-0.45290629820682243
COHFACE_s37_session3_natural,5,57,6.9,0.26115649938583374,-0.4750561137328224
COHFACE_s37_session3_natural,5,58,6.933333333333334,0.29294851422309875,-0.5086330308577511
COHFACE_s37_session3_natural,5,59,6.966666666666667,0.29830479621887207,-0.5292551094161851
COHFACE_s37_session3_natural,5,60,7.0,0.21055461466312408,-0.511687475588794
COHFACE_s37_session3_natural,5,61,7.033333333333333,0.02928932011127472,-0.43831159548172566
COHFACE_s37_session3_natural,5,62,7.066666666666666,-0.18976551294326782,-0.3058716676304022
COHFACE_s37_session3_natural,5,63,7.1,-0.3977620005607605,-0.12823149589327287
COHFACE_s37_session3_natural,5,64,7.133333333333334,-0.582422137260437,0.06678024813815313
COHFACE_s37_session3_natural,5,65,7.166666666666667,-0.7326435446739197,0.24629298778005504
COHFACE_s37_session3_natural,5,66,7.2,-0.8415611386299133,0.3833267284802707
COHFACE_s37_session3_natural,5,67,7.233333333333333,-0.9175362586975098,0.4641713226248224
COHFACE_s37_session3_natural,5,68,7.266666666666667,-0.9728469252586365,0.489127956083406
COHFACE_s37_session3_natural,5,69,7.3,-1.0109068155288696,0.4680565054949581
COHFACE_s37_session3_natural,5,70,7.333333333333333,-1.0420135259628296,0.41491345454221334
COHFACE_s37_session3_natural,5,71,7.366666666666666,-1.078558325767517,0.344699457993138
COHFACE_s37_session3_natural,5,72,7.4,-1.1275005340576172,0.2728941365899849
COHFACE_s37_session3_natural,5,73,7.433333333333334,-1.1632405519485474,0.21462680748208546
COHFACE_s37_session3_natural,5,74,7.466666666666667,-0.8657273650169373,0.18112210772996715
COHFACE_s37_session3_natural,5,75,7.5,0.24544596672058105,0.17405750110669438
COHFACE_s37_session3_natural,5,76,7.533333333333333,1.53892183303833,0.18184892010763673
COHFACE_s37_session3_natural,5,77,7.566666666666666,2.148282051086426,0.18237704710678584
COHFACE_s37_session3_natural,5,78,7.6,2.103325605392456,0.1530258495220723
COHFACE_s37_session3_natural,5,79,7.633333333333334,1.7787355184555054,0.08363352217603139
COHFACE_s37_session3_natural,5,80,7.666666666666667,1.4091826677322388,-0.015058948818782097
COHFACE_s37_session3_natural,5,81,7.7,1.0275403261184692,-0.11330814972594827
COHFACE_s37_session3_natural,5,82,7.733333333333333,0.6335321068763733,-0.17481778423976188
COHFACE_s37_session3_natural,5,83,7.766666666666667,0.37595221400260925,-0.1738269248228542
COHFACE_s37_session3_natural,5,84,7.8,0.3072696924209595,-0.10825766711342147
COHFACE_s37_session3_natural,5,85,7.833333333333333,0.3256332278251648,-0.0023921440297354603
COHFACE_s37_session3_natural,5,86,7.866666666666666,0.30288153886795044,0.10209258396364439
COHFACE_s37_session3_natural,5,87,7.9,0.18160422146320343,0.16248692976860324
COHFACE_s37_session3_natural,5,88,7.933333333333334,-0.008292755112051964,0.15187260177846734
COHFACE_s37_session3_natural,5,89,7.966666666666667,-0.22483918070793152,0.06976912677059488
COHFACE_s37_session3_natural,5,90,8.0,-0.4326722025871277,-0.05763792890779004
COHFACE_s37_session3_natural,5,91,8.033333333333333,-0.615075409412384,-0.1878295073744131
COHFACE_s37_session3_natural,5,92,8.066666666666666,-0.7603932023048401,-0.2782535986523633
COHFACE_s37_session3_natural,5,93,8.1,-0.8670223951339722,-0.30135312282740145
COHFACE_s37_session3_natural,5,94,8.133333333333333,-0.9385465383529663,-0.252390291561623
COHFACE_s37_session3_natural,5,95,8.166666666666666,-0.9888906478881836,-0.1481223944199351
COHFACE_s37_session3_natural,5,96,8.2,-1.0294086933135986,-0.018415684737010378
COHFACE_s37_session3_natural,5,97,8.233333333333333,-1.0633193254470825,0.10480305860377333
COHFACE_s37_session3_natural,5,98,8.266666666666667,-1.0929800271987915,0.19684777811714785
COHFACE_s37_session3_natural,5,99,8.3,-1.1308199167251587,0.24523881853355076
COHFACE_s37_session3_natural,5,100,8.333333333333334,-1.1882743835449219,0.25018109653932386
COHFACE_s37_session3_natural,5,101,8.366666666666667,-1.1874696016311646,0.22199138415981565
COHFACE_s37_session3_natural,5,102,8.4,-0.6636529564857483,0.1769572439434615
COHFACE_s37_session3_natural,5,103,8.433333333333334,0.6385678052902222,0.13238073854513852
COHFACE_s37_session3_natural,5,104,8.466666666666667,1.81440007686615,0.10128370681687664
COHFACE_s37_session3_natural,5,105,8.5,2.2183163166046143,0.08795862859165883
COHFACE_s37_session3_natural,5,106,8.533333333333333,2.0632164478302,0.08655161613815071
COHFACE_s37_session3_natural,5,107,8.566666666666666,1.7139884233474731,0.08428193728490811
COHFACE_s37_session3_natural,5,108,8.6,1.3340184688568115,0.06805043173866253
COHFACE_s37_session3_natural,5,109,8.633333333333333,0.9267075061798096,0.03050361405289575
COHFACE_s37_session3_natural,5,110,8.666666666666666,0.5513896942138672,-0.028188107378068743
COHFACE_s37_session3_natural,5,111,8.7,0.35242098569869995,-0.10354142520643823
COHFACE_s37_session3_natural,5,112,8.733333333333333,0.3311152458190918,-0.1919376091055093
COHFACE_s37_session3_natural,5,113,8.766666666666667,0.35587239265441895,-0.29318631109899645
COHFACE_s37_session3_natural,5,114,8.8,0.30719423294067383,-0.40796789912879244
COHFACE_s37_session3_natural,5,115,8.833333333333334,0.15868909657001495,-0.531824445378529
COHFACE_s37_session3_natural,5,116,8.866666666666667,-0.04586225748062134,-0.6505492712112931
COHFACE_s37_session3_natural,5,117,8.9,-0.26602354645729065,-0.7413383758744286
COHFACE_s37_session3_natural,5,118,8.933333333333334,-0.47620153427124023,-0.7798798840287126
COHFACE_s37_session3_natural,5,119,8.966666666666667,-0.6512743830680847,-0.7494710783874426
COHFACE_s37_session3_natural,5,120,9.0,-0.7861121892929077,-0.6476547928669946
COHFACE_s37_session3_natural,5,121,9.033333333333333,-0.886391818523407,-0.48769321414903843
COHFACE_s37_session3_natural,5,122,9.066666666666666,-0.9535467028617859,-0.29412730509333335
COHFACE_s37_session3_natural,5,123,9.1,-1.0023630857467651,-0.0937204277130277
COHFACE_s37_session3_natural,5,124,9.133333333333333,-1.0374430418014526,0.09442253540819034
COHFACE_s37_session3_natural,5,125,9.166666666666666,-1.0687006711959839,0.2644148993802396
COHFACE_s37_session3_natural,5,126,9.2,-1.1025484800338745,0.42121469786324184
COHFACE_s37_session3_natural,5,127,9.233333333333333,-1.142500638961792,0.5710872783283755
COHFACE_s37_session3_natural,5,128,9.266666666666667,-1.1996722221374512,0.7107276819093206
COHFACE_s37_session3_natural,5,129,9.3,-1.2109946012496948,0.8227621487776593
COHFACE_s37_session3_natural,5,130,9.333333333333334,-0.7261368036270142,0.8818396389489185
COHFACE_s37_session3_natural,5,131,9.366666666666667,0.5589526295661926,0.8687078336399674
COHFACE_s37_session3_natural,5,132,9.4,1.7618619203567505,0.783983525283504
COHFACE_s37_session3_natural,5,133,9.433333333333334,2.203504800796509,0.6526776666832591
COHFACE_s37_session3_natural,5,134,9.466666666666667,2.086200714111328,0.5158132658475891
COHFACE_s37_session3_natural,5,135,9.5,1.7589763402938843,0.4131273981198332
COHFACE_s37_session3_natural,5,136,9.533333333333333,1.3785285949707031,0.36592064915201344
COHFACE_s37_session3_natural,5,137,9.566666666666666,0.9684451222419739,0.36877278158459187
COHFACE_s37_session3_natural,5,138,9.6,0.5981692671775818,0.39353330713755263
COHFACE_s37_session3_natural,5,139,9.633333333333333,0.4012877345085144,0.40248163401092063
COHFACE_s37_session3_natural,5,140,9.666666666666666,0.3757070302963257,0.3638374370279518
COHFACE_s37_session3_natural,5,141,9.7,0.39485639333724976,0.26307723193542115
COHFACE_s37_session3_natural,5,142,9.733333333333333,0.3520123362541199,0.10660045565057356
COHFACE_s37_session3_natural,5,143,9.766666666666667,0.21508735418319702,-0.08209712530065578
COHFACE_s37_session3_natural,5,144,9.8,0.015464799478650093,-0.27125569390891113
COHFACE_s37_session3_natural,5,145,9.833333333333334,-0.2021377980709076,-0.43124118797026356
COHFACE_s37_session3_natural,5,146,9.866666666666667,-0.40866947174072266,-0.5429176825943047
COHFACE_s37_session3_natural,5,147,9.9,-0.5864770412445068,-0.6012733884220288
COHFACE_s37_session3_natural,5,148,9.933333333333334,-0.7245273590087891,-0.6135280956152627
COHFACE_s37_session3_natural,5,149,9.966666666666667,-0.8290505409240723,-0.5933652615849945
COHFACE_s37_session3_natural,5,150,10.0,-0.9009707570075989,-0.5546461366321603
COHFACE_s37_session3_natural,5,151,10.033333333333333,-0.9469016194343567,-0.507809074474015
COHFACE_s37_session3_natural,5,152,10.066666666666666,-0.983194887638092,-0.45999335226196164
COHFACE_s37_session3_natural,5,153,10.1,-1.016866683959961,-0.41733586063863587
COHFACE_s37_session3_natural,5,154,10.133333333333333,-1.0514562129974365,-0.3867240953151684
COHFACE_s37_session3_natural,5,155,10.166666666666666,-1.1004801988601685,-0.37512699234352226
COHFACE_s37_session3_natural,5,156,10.2,-1.1607699394226074,-0.386720725909478
COHFACE_s37_session3_natural,5,157,10.233333333333333,-1.0503748655319214,-0.4197482204403491
COHFACE_s37_session3_natural,5,158,10.266666666666667,-0.23584724962711334,-0.4651736780071632
COHFACE_s37_session3_natural,5,159,10.3,1.088741660118103,-0.5080146611745083
COHFACE_s37_session3_natural,5,160,10.333333333333334,1.9514446258544922,-0.5308335453055977
COHFACE_s37_session3_natural,5,161,10.366666666666667,2.0909910202026367,-0.5180961387343533
COHFACE_s37_session3_natural,5,162,10.4,1.8404523134231567,-0.46016349669772105
COHFACE_s37_session3_natural,5,163,10.433333333333334,1.473068356513977,-0.35599686348054116
COHFACE_s37_session3_natural,5,164,10.466666666666667,1.0566856861114502,-0.21376382628436383
COHFACE_s37_session3_natural,5,165,10.5,0.6295337677001953,-0.04889320038132919
COHFACE_s37_session3_natural,5,166,10.533333333333333,0.3432675004005432,0.11991389680724733
COHFACE_s37_session3_natural,5,167,10.566666666666666,0.27532050013542175,0.2754065857301655
COHFACE_s37_session3_natural,5,168,10.6,0.32035866379737854,0.4059611941202145
COHFACE_s37_session3_natural,5,169,10.633333333333333,0.3312912881374359,0.5082296866735108
COHFACE_s37_session3_natural,5,170,10.666666666666666,0.23991364240646362,0.5872818537229634
COHFACE_s37_session3_natural,5,171,10.7,0.06316222250461578,0.6536510893530212
COHFACE_s37_session3_natural,5,172,10.733333333333333,-0.14255216717720032,0.7180270473620819
COHFACE_s37_session3_natural,5,173,10.766666666666667,-0.34717267751693726,0.7857468966529204
COHFACE_s37_session3_natural,5,174,10.8,-0.5319522619247437,0.8535582326503449
COHFACE_s37_session3_natural,5,175,10.833333333333334,-0.6808723211288452,0.9102016418094687
COHFACE_s37_session3_natural,5,176,10.866666666666667,-0.7952216863632202,0.9407123200570382
COHFACE_s37_session3_natural,5,177,10.9,-0.8751888871192932,0.9326309669210019
COHFACE_s37_session3_natural,5,178,10.933333333333334,-0.9270355105400085,0.8812215866909036
COHFACE_s37_session3_natural,5,179,10.966666666666667,-0.9610781669616699,0.7908817345593627
COHFACE_s37_session3_natural,5,180,11.0,-0.9853700995445251,0.6714763664069865
COHFACE_s37_session3_natural,5,181,11.033333333333333,-1.0131763219833374,0.5311636282670992
COHFACE_s37_session3_natural,5,182,11.066666666666666,-1.0544298887252808,0.37020422481187926
COHFACE_s37_session3_natural,5,183,11.1,-1.1116201877593994,0.18082662628855936
COHFACE_s37_session3_natural,5,184,11.133333333333333,-1.088686227798462,-0.04499357793130411
COHFACE_s37_session3_natural,5,185,11.166666666666666,-0.5294878482818604,-0.3035212871911081
COHFACE_s37_session3_natural,5,186,11.2,0.700070858001709,-0.5710428315604458
COHFACE_s37_session3_natural,5,187,11.233333333333333,1.7147051095962524,-0.8067574613609481
COHFACE_s37_session3_natural,5,188,11.266666666666667,2.0072708129882812,-0.9675000622346999
COHFACE_s37_session3_natural,5,189,11.3,1.8202908039093018,-1.0270464898903469
COHFACE_s37_session3_natural,5,190,11.333333333333334,1.4626827239990234,-0.9891634272001082
COHFACE_s37_session3_natural,5,191,11.366666666666667,1.0412391424179077,-0.8867230531091156
COHFACE_s37_session3_natural,5,192,11.4,0.6030163168907166,-0.7672412775705292
COHFACE_s37_session3_natural,5,193,11.433333333333334,0.3054088056087494,-0.6726616557466227
COHFACE_s37_session3_natural,5,194,11.466666666666667,0.24071206152439117,-0.6233353017678629
COHFACE_s37_session3_natural,5,195,11.5,0.3057042956352234,-0.6128505131545254
COHFACE_s37_session3_natural,5,196,11.533333333333333,0.33637723326683044,-0.614524299276009
COHFACE_s37_session3_natural,5,197,11.566666666666666,0.2632877230644226,-0.5951619415157816
COHFACE_s37_session3_natural,5,198,11.6,0.09926062822341919,-0.5293370913963158
COHFACE_s37_session3_natural,5,199,11.633333333333333,-0.10072026401758194,-0.40838340914824134
COHFACE_s37_session3_natural,5,200,11.666666666666666,-0.30241113901138306,-0.24149303051789592
COHFACE_s37_session3_natural,5,201,11.7,-0.47970953583717346,-0.05001250168188541
COHFACE_s37_session3_natural,5,202,11.733333333333333,-0.6259891390800476,0.14144873949266937
COHFACE_s37_session3_natural,5,203,11.766666666666667,-0.7412689328193665,0.31294037146988557
COHFACE_s37_session3_natural,5,204,11.8,-0.8195135593414307,0.45327071639321104
COHFACE_s37_session3_natural,5,205,11.833333333333334,-0.870448648929596,0.5596799241013791
COHFACE_s37_session3_natural,5,206,11.866666666666667,-0.903818666934967,0.634537664768396
COHFACE_s37_session3_natural,5,207,11.9,-0.9312790632247925,0.6815389496845253
COHFACE_s37_session3_natural,5,208,11.933333333333334,-0.9611222147941589,0.7034971767478865
COHFACE_s37_session3_natural,5,209,11.966666666666667,-1.0137609243392944,0.7022008129758235
COHFACE_s37_session3_natural,5,210,12.0,-1.0325205326080322,0.6789432479667771
COHFACE_s37_session3_natural,5,211,12.033333333333333,-0.6682045459747314,0.6342381781429784
COHFACE_s37_session3_natural,5,212,12.066666666666666,0.3901602327823639,0.567334941182293
COHFACE_s37_session3_natural,5,213,12.1,1.4682652950286865,0.4774818324022264
COHFACE_s37_session3_natural,5,214,12.133333333333333,1.8912742137908936,0.3671493746036907
COHFACE_s37_session3_natural,5,215,12.166666666666666,1.7685636281967163,0.24478740766000884
COHFACE_s37_session3_natural,5,216,12.2,1.4205113649368286,0.12429714613805093
COHFACE_s37_session3_natural,5,217,12.233333333333333,0.9928879141807556,0.02046457787511166
COHFACE_s37_session3_natural,5,218,12.266666666666667,0.5385081768035889,-0.05755584692693383
COHFACE_s37_session3_natural,5,219,12.3,0.20719750225543976,-0.11079265130109799
COHFACE_s37_session3_natural,5,220,12.333333333333334,0.12694109976291656,-0.149619952533245
COHFACE_s37_session3_natural,5,221,12.366666666666667,0.20570126175880432,-0.18725775467210415
COHFACE_s37_session3_natural,5,222,12.4,0.2610810697078705,-0.2315730857704938
COHFACE_s37_session3_natural,5,223,12.433333333333334,0.2118874043226242,-0.2807429693346075
COHFACE_s37_session3_natural,5,224,12.466666666666667,0.06655076891183853,-0.3252820842573907
COHFACE_s37_session3_natural,5,225,12.5,-0.12647700309753418,-0.35415934431048024
COHFACE_s37_session3_natural,5,226,12.533333333333333,-0.32465359568595886,-0.36039642220425866
COHFACE_s37_session3_natural,5,227,12.566666666666666,-0.504749596118927,-0.34287324968139876
COHFACE_s37_session3_natural,5,228,12.6,-0.6498661637306213,-0.3045304218861903
COHFACE_s37_session3_natural,5,229,12.633333333333333,-0.7649887800216675,-0.24974310066045965
COHFACE_s37_session3_natural,5,230,12.666666666666666,-0.8442015647888184,-0.18330695854209095
COHFACE_s37_session3_natural,5,231,12.7,-0.8929740190505981,-0.11119190584617081
COHFACE_s37_session3_natural,5,232,12.733333333333333,-0.925665020942688,-0.04130389299461752
COHFACE_s37_session3_natural,5,233,12.766666666666667,-0.9608141183853149,0.01753796968278657
COHFACE_s37_session3_natural,5,234,12.8,-1.0064181089401245,0.05840497586379131
COHFACE_s37_session3_natural,5,235,12.833333333333334,-1.026893973350525,0.07896106427788918
COHFACE_s37_session3_natural,5,236,12.866666666666667,-0.7630587220191956,0.08198092879574692
COHFACE_s37_session3_natural,5,237,12.9,0.15778380632400513,0.07316266123604304
COHFACE_s37_session3_natural,5,238,12.933333333333334,1.2430118322372437,0.05778331517014784
COHFACE_s37_session3_natural,5,239,12.966666666666667,1.755537509918213,0.038583625666281714
COHFACE_s37_session3_natural,6,0,6.0,0.5258970260620117,-0.06861951855381045
COHFACE_s37_session3_natural,6,1,6.033333333333333,0.2589750289916992,0.014524327236853114
COHFACE_s37_session3_natural,6,2,6.066666666666666,0.20287223160266876,0.11381162826729713
COHFACE_s37_session3_natural,6,3,6.1,0.2557624876499176,0.24135391092380631
COHFACE_s37_session3_natural,6,4,6.133333333333334,0.261822909116745,0.4025114251633863
COHFACE_s37_session3_natural,6,5,6.166666666666667,0.15089353919029236,0.5912685188927858
COHFACE_s37_session3_natural,6,6,6.2,-0.03883369266986847,0.7869609196042362
COHFACE_s37_session3_natural,6,7,6.233333333333333,-0.2479114830493927,0.9555500192900601
COHFACE_s37_session3_natural,6,8,6.266666666666667,-0.4477100670337677,1.0567011487168205
COHFACE_s37_session3_natural,6,9,6.3,-0.6248952746391296,1.0548815863948677
COHFACE_s37_session3_natural,6,10,6.333333333333333,-0.7580419182777405,0.9311230672089466
COHFACE_s37_session3_natural,6,11,6.366666666666666,-0.8500670790672302,0.6918654119050001
COHFACE_s37_session3_natural,6,12,6.4,-0.9127206802368164,0.3715129024226343
COHFACE_s37_session3_natural,6,13,6.433333333333334,-0.9495923519134521,0.026503488885626723
COHFACE_s37_session3_natural,6,14,6.466666666666667,-0.9762543439865112,-0.2786063768292496
COHFACE_s37_session3_natural,6,15,6.5,-1.010831356048584,-0.4891416653607059
COHFACE_s37_session3_natural,6,16,6.533333333333333,-1.0491175651550293,-0.5760625271395555
COHFACE_s37_session3_natural,6,17,6.566666666666666,-0.9475428462028503,-0.5431859914042634
COHFACE_s37_session3_natural,6,18,6.6,-0.1960711032152176,-0.4226891350438676
COHFACE_s37_session3_natural,6,19,6.633333333333334,1.06707763671875,-0.2609301227503566
COHFACE_s37_session3_natural,6,20,6.666666666666667,1.9157674312591553,-0.10148051671303651
COHFACE_s37_session3_natural,6,21,6.7,2.0498759746551514,0.02675201748807548
COHFACE_s37_session3_natural,6,22,6.733333333333333,1.7967784404754639,0.11249536117572592
COHFACE_s37_session3_natural,6,23,6.766666666666667,1.4464755058288574,0.15778759649515062
COHFACE_s37_session3_natural,6,24,6.8,1.0795378684997559,0.17059574473015063
COHFACE_s37_session3_natural,6,25,6.833333333333333,0.6777529716491699,0.158338636601315
COHFACE_s37_session3_natural,6,26,6.866666666666666,0.3589465916156769,0.12482262956894452
COHFACE_s37_session3_natural,6,27,6.9,0.26115649938583374,0.07125097967533016
COHFACE_s37_session3_natural,6,28,6.933333333333334,0.29294851422309875,1.4905398732245091e-05
COHFACE_s37_session3_natural,6,29,6.966666666666667,0.29830479621887207,-0.08147787830796983
COHFACE_s37_session3_natural,6,30,7.0,0.21055461466312408,-0.15991918661849008
COHFACE_s37_session3_natural,6,31,7.033333333333333,0.02928932011127472,-0.21966333855005915
COHFACE_s37_session3_natural,6,32,7.066666666666666,-0.18976551294326782,-0.24942024133078255
COHFACE_s37_session3_natural,6,33,7.1,-0.3977620005607605,-0.2482546037974335
COHFACE_s37_session3_natural,6,34,7.133333333333334,-0.582422137260437,-0.2267245248980762
COHFACE_s37_session3_natural,6,35,7.166666666666667,-0.7326435446739197,-0.20164907157254197
COHFACE_s37_session3_natural,6,36,7.2,-0.8415611386299133,-0.1873992685671836
COHFACE_s37_session3_natural,6,37,7.233333333333333,-0.9175362586975098,-0.18913368730842117
COHFACE_s37_session3_natural,6,38,7.266666666666667,-0.9728469252586365,-0.20165411008809894
COHFACE_s37_session3_natural,6,39,7.3,-1.0109068155288696,-0.21353799562137776
COHFACE_s37_session3_natural,6,40,7.333333333333333,-1.0420135259628296,-0.21335906167299673
COHFACE_s37_session3_natural,6,41,7.366666666666666,-1.078558325767517,-0.19456592210969292
COHFACE_s37_session3_natural,6,42,7.4,-1.1275005340576172,-0.15737891445756166
COHFACE_s37_session3_natural,6,43,7.433333333333334,-1.1632405519485474,-0.10810304329796033
COHFACE_s37_session3_natural,6,44,7.466666666666667,-0.8657273650169373,-0.05702408941711077
COHFACE_s37_session3_natural,6,45,7.5,0.24544596672058105,-0.015610718079793218
COHFACE_s37_session3_natural,6,46,7.533333333333333,1.53892183303833,0.0068999761132521355
COHFACE_s37_session3_natural,6,47,7.566666666666666,2.148282051086426,0.007325304310744905
COHFACE_s37_session3_natural,6,48,7.6,2.103325605392456,-0.00848541305970164
COHFACE_s37_session3_natural,6,49,7.633333333333334,1.7787355184555054,-0.025593571658803455
COHFACE_s37_session3_natural,6,50,7.666666666666667,1.4091826677322388,-0.024276715594079453
COHFACE_s37_session3_natural,6,51,7.7,1.0275403261184692,0.01200656043572481
COHFACE_s37_session3_natural,6,52,7.733333333333333,0.6335321068763733,0.08820793100386122
COHFACE_s37_session3_natural,6,53,7.766666666666667,0.37595221400260925,0.1930246906951738
COHFACE_s37_session3_natural,6,54,7.8,0.3072696924209595,0.30057474270019685
COHFACE_s37_session3_natural,6,55,7.833333333333333,0.3256332278251648,0.378059863084309
COHFACE_s37_session3_natural,6,56,7.866666666666666,0.30288153886795044,0.3966743994730143
COHFACE_s37_session3_natural,6,57,7.9,0.18160422146320343,0.3420386395050735
COHFACE_s37_session3_natural,6,58,7.933333333333334,-0.008292755112051964,0.2207976238531617
COHFACE_s37_session3_natural,6,59,7.966666666666667,-0.22483918070793152,0.06117568459591107
COHFACE_s37_session3_natural,6,60,8.0,-0.4326722025871277,-0.0932708477133746
COHFACE_s37_session3_natural,6,61,8.033333333333333,-0.615075409412384,-0.19571394741020146
COHFACE_s37_session3_natural,6,62,8.066666666666666,-0.7603932023048401,-0.2108830847723945
COHFACE_s37_session3_natural,6,63,8.1,-0.8670223951339722,-0.12771647399046313
COHFACE_s37_session3_natural,6,64,8.133333333333333,-0.9385465383529663,0.03568912750818685
COHFACE_s37_session3_natural,6,65,8.166666666666666,-0.9888906478881836,0.23789230968570135
COHFACE_s37_session3_natural,6,66,8.2,-1.0294086933135986,0.4284174674869519
COHFACE_s37_session3_natural,6,67,8.233333333333333,-1.0633193254470825,0.5639111066224823
COHFACE_s37_session3_natural,6,68,8.266666666666667,-1.0929800271987915,0.619506997542628
COHFACE_s37_session3_natural,6,69,8.3,-1.1308199167251587,0.5923406491971445
COHFACE_s37_session3_natural,6,70,8.333333333333334,-1.1882743835449219,0.49821988084892416
COHFACE_s37_session3_natural,6,71,8.366666666666667,-1.1874696016311646,0.3645296273660589
COHFACE_s37_session3_natural,6,72,8.4,-0.6636529564857483,0.22195240640854397
COHFACE_s37_session3_natural,6,73,8.433333333333334,0.6385678052902222,0.0963739926567626
COHFACE_s37_session3_natural,6,74,8.466666666666667,1.81440007686615,0.0022745063660287073
COHFACE_s37_session3_natural,6,75,8.5,2.2183163166046143,-0.0604966519304844
COHFACE_s37_session3_natural,6,76,8.533333333333333,2.0632164478302,-0.10487640997232345
COHFACE_s37_session3_natural,6,77,8.566666666666666,1.7139884233474731,-0.14969478686036036
COHFACE_s37_session3_natural,6,78,8.6,1.3340184688568115,-0.21038929096146403
COHFACE_s37_session3_natural,6,79,8.633333333333333,0.9267075061798096,-0.2917875576193089
COHFACE_s37_session3_natural,6,80,8.666666666666666,0.5513896942138672,-0.3867928333849578
COHFACE_s37_session3_natural,6,81,8.7,0.35242098569869995,-0.4816879358485894
COHFACE_s37_session3_natural,6,82,8.733333333333333,0.3311152458190918,-0.5647445463695051
COHFACE_s37_session3_natural,6,83,8.766666666666667,0.35587239265441895,-0.6326283545865101
COHFACE_s37_session3_natural,6,84,8.8,0.30719423294067383,-0.6905295222702895
COHFACE_s37_session3_natural,6,85,8.833333333333334,0.15868909657001495,-0.746081528397408
COHFACE_s37_session3_natural,6,86,8.866666666666667,-0.04586225748062134,-0.8012402678293883
COHFACE_s37_session3_natural,6,87,8.9,-0.26602354645729065,-0.8474925931736785
COHFACE_s37_session3_natural,6,88,8.933333333333334,-0.47620153427124023,-0.8671765726359936
COHFACE_s37_session3_natural,6,89,8.966666666666667,-0.6512743830680847,-0.8398982933116196
COHFACE_s37_session3_natural,6,90,9.0,-0.7861121892929077,-0.7508824590508844
COHFACE_s37_session3_natural,6,91,9.033333333333333,-0.886391818523407,-0.5975690430478529
COHFACE_s37_session3_natural,6,92,9.066666666666666,-0.9535467028617859,-0.3911169817359114
COHFACE_s37_session3_natural,6,93,9.1,-1.0023630857467651,-0.15159429839063274
COHFACE_s37_session3_natural,6,94,9.133333333333333,-1.0374430418014526,0.10040423698767889
COHFACE_s37_session3_natural,6,95,9.166666666666666,-1.0687006711959839,0.35014385747545296
COHFACE_s37_session3_natural,6,96,9.2,-1.1025484800338745,0.5887420933497024
COHFACE_s37_session3_natural,6,97,9.233333333333333,-1.142500638961792,0.8070416708250693
COHFACE_s37_session3_natural,6,98,9.266666666666667,-1.1996722221374512,0.988727484790319
COHFACE_s37_session3_natural,6,99,9.3,-1.2109946012496948,1.1096150164858618
COHFACE_s37_session3_natural,6,100,9.333333333333334,-0.7261368036270142,1.146221546584992
COHFACE_s37_session3_natural,6,101,9.366666666666667,0.5589526295661926,1.0899781264739914
COHFACE_s37_session3_natural,6,102,9.4,1.7618619203567505,0.9583118360122789
COHFACE_s37_session3_natural,6,103,9.433333333333334,2.203504800796509,0.7940203674452011
COHFACE_s37_session3_natural,6,104,9.466666666666667,2.086200714111328,0.6505036707687444
COHFACE_s37_session3_natural,6,105,9.5,1.7589763402938843,0.5689097618719718
COHFACE_s37_session3_natural,6,106,9.533333333333333,1.3785285949707031,0.5588294207589798
COHFACE_s37_session3_natural,6,107,9.566666666666666,0.9684451222419739,0.5931052482284012
COHFACE_s37_session3_natural,6,108,9.6,0.5981692671775818,0.6197305578087514
COHFACE_s37_session3_natural,6,109,9.633333333333333,0.4012877345085144,0.5847075479297662
COHFACE_s37_session3_natural,6,110,9.666666666666666,0.3757070302963257,0.4548013950393537
COHFACE_s37_session3_natural,6,111,9.7,0.39485639333724976,0.2303539726008194
COHFACE_s37_session3_natural,6,112,9.733333333333333,0.3520123362541199,-0.05589583063722632
COHFACE_s37_session3_natural,6,113,9.766666666666667,0.21508735418319702,-0.35156417842618043
COHFACE_s37_session3_natural,6,114,9.8,0.015464799478650093,-0.6027496971666445
COHFACE_s37_session3_natural,6,115,9.833333333333334,-0.2021377980709076,-0.7707788394996865
COHFACE_s37_session3_natural,6,116,9.866666666666667,-0.40866947174072266,-0.8423495410110926
COHFACE_s37_session3_natural,6,117,9.9,-0.5864770412445068,-0.8304786488039912
COHFACE_s37_session3_natural,6,118,9.933333333333334,-0.7245273590087891,-0.7666426289432511
COHFACE_s37_session3_natural,6,119,9.966666666666667,-0.8290505409240723,-0.6872852325419909
COHFACE_s37_session3_natural,6,120,10.0,-0.9009707570075989,-0.6198547372394357
COHFACE_s37_session3_natural,6,121,10.033333333333333,-0.9469016194343567,-0.5739296619376606
COHFACE_s37_session3_natural,6,122,10.066666666666666,-0.983194887638092,-0.5411900484513184
COHFACE_s37_session3_natural,6,123,10.1,-1.016866683959961,-0.5040590565352978
COHFACE_s37_session3_natural,6,124,10.133333333333333,-1.0514562129974365,-0.4482550234128767
COHFACE_s37_session3_natural,6,125,10.166666666666666,-1.1004801988601685,-0.3723739664047615
COHFACE_s37_session3_natural,6,126,10.2,-1.1607699394226074,-0.2897986569169238
COHFACE_s37_session3_natural,6,127,10.233333333333333,-1.0503748655319214,-0.22273235160568167
COHFACE_s37_session3_natural,6,128,10.266666666666667,-0.23584724962711334,-0.1918245122547421
COHFACE_s37_session3_natural,6,129,10.3,1.088741660118103,-0.20632854245563406
COHFACE_s37_session3_natural,6,130,10.333333333333334,1.9514446258544922,-0.2590375563177335
COHFACE_s37_session3_natural,6,131,10.366666666666667,2.0909910202026367,-0.32790948603132775
COHFACE_s37_session3_natural,6,132,10.4,1.8404523134231567,-0.3833169513323417
COHFACE_s37_session3_natural,6,133,10.433333333333334,1.473068356513977,-0.39762869794767164
COHFACE_s37_session3_natural,6,134,10.466666666666667,1.0566856861114502,-0.35332475602908353
COHFACE_s37_session3_natural,6,135,10.5,0.6295337677001953,-0.24696729394560243
COHFACE_s37_session3_natural,6,136,10.533333333333333,0.3432675004005432,-0.08831378341352455
COHFACE_s37_session3_natural,6,137,10.566666666666666,0.27532050013542175,0.1042204697974951
COHFACE_s37_session3_natural,6,138,10.6,0.32035866379737854,0.30939619628400994
COHFACE_s37_session3_natural,6,139,10.633333333333333,0.3312912881374359,0.5079364564769338
COHFACE_s37_session3_natural,6,140,10.666666666666666,0.23991364240646362,0.6849537606694837
COHFACE_s37_session3_natural,6,141,10.7,0.06316222250461578,0.8300768084815102
COHFACE_s37_session3_natural,6,142,10.733333333333333,-0.14255216717720032,0.9363210284203896
COHFACE_s37_session3_natural,6,143,10.766666666666667,-0.34717267751693726,0.9990744118710501
COHFACE_s37_session3_natural,6,144,10.8,-0.5319522619247437,1.0162308653768308
COHFACE_s37_session3_natural,6,145,10.833333333333334,-0.6808723211288452,0.9894996373623041
COHFACE_s37_session3_natural,6,146,10.866666666666667,-0.7952216863632202,0.9256579204631162
COHFACE_s37_session3_natural,6,147,10.9,-0.8751888871192932,0.8360577201383196
COHFACE_s37_session3_natural,6,148,10.933333333333334,-0.9270355105400085,0.7336564509352116
COHFACE_s37_session3_natural,6,149,10.966666666666667,-0.9610781669616699,0.6284097704549344
COHFACE_s37_session3_natural,6,150,11.0,-0.9853700995445251,0.5229075743297718
COHFACE_s37_session3_natural,6,151,11.033333333333333,-1.0131763219833374,0.4103692377210245
COHFACE_s37_session3_natural,6,152,11.066666666666666,-1.0544298887252808,0.2766623610057493
COHFACE_s37_session3_natural,6,153,11.1,-1.1116201877593994,0.1068153106426721
COHFACE_s37_session3_natural,6,154,11.133333333333333,-1.088686227798462,-0.1054733802214831
COHFACE_s37_session3_natural,6,155,11.166666666666666,-0.5294878482818604,-0.34930279234622497
COHFACE_s37_session3_natural,6,156,11.2,0.700070858001709,-0.5945986698561416
COHFACE_s37_session3_natural,6,157,11.233333333333333,1.7147051095962524,-0.8002668526317119
COHFACE_s37_session3_natural,6,158,11.266666666666667,2.0072708129882812,-0.9299392079147474
COHFACE_s37_session3_natural,6,159,11.3,1.8202908039093018,-0.9673661934622684
COHFACE_s37_session3_natural,6,160,11.333333333333334,1.4626827239990234,-0.923462938308367
COHFACE_s37_session3_natural,6,161,11.366666666666667,1.0412391424179077,-0.8316381268865103
COHFACE_s37_session3_natural,6,162,11.4,0.6030163168907166,-0.733803232625619
COHFACE_s37_session3_natural,6,163,11.433333333333334,0.3054088056087494,-0.663559395211521
COHFACE_s37_session3_natural,6,164,11.466666666666667,0.24071206152439117,-0.6339511528260018
COHFACE_s37_session3_natural,6,165,11.5,0.3057042956352234,-0.6346690255403434
COHFACE_s37_session3_natural,6,166,11.533333333333333,0.33637723326683044,-0.6389485251922521
COHFACE_s37_session3_natural,6,167,11.566666666666666,0.2632877230644226,-0.6161117588291191
COHFACE_s37_session3_natural,6,168,11.6,0.09926062822341919,-0.5438693355532763
COHFACE_s37_session3_natural,6,169,11.633333333333333,-0.10072026401758194,-0.41559306771075066
COHFACE_s37_session3_natural,6,170,11.666666666666666,-0.30241113901138306,-0.24077010778043229
COHFACE_s37_session3_natural,6,171,11.7,-0.47970953583717346,-0.039956547289638863
COHFACE_s37_session3_natural,6,172,11.733333333333333,-0.6259891390800476,0.16271605797396752
COHFACE_s37_session3_natural,6,173,11.766666666666667,-0.7412689328193665,0.34630593390139863
COHFACE_s37_session3_natural,6,174,11.8,-0.8195135593414307,0.49693234057040725
COHFACE_s37_session3_natural,6,175,11.833333333333334,-0.870448648929596,0.6082391974871805
COHFACE_s37_session3_natural,6,176,11.866666666666667,-0.903818666934967,0.6796089134130833
COHFACE_s37_session3_natural,6,177,11.9,-0.9312790632247925,0.7140836621982487
COHFACE_s37_session3_natural,6,178,11.933333333333334,-0.9611222147941589,0.7173415083969672
COHFACE_s37_session3_natural,6,179,11.966666666666667,-1.0137609243392944,0.6974016903837988
COHFACE_s37_session3_natural,6,180,12.0,-1.0325205326080322,0.663314710343618
COHFACE_s37_session3_natural,6,181,12.033333333333333,-0.6682045459747314,0.6219069555583483
COHFACE_s37_session3_natural,6,182,12.066666666666666,0.3901602327823639,0.5746492280117063
COHFACE_s37_session3_natural,6,183,12.1,1.4682652950286865,0.5179815511232471
COHFACE_s37_session3_natural,6,184,12.133333333333333,1.8912742137908936,0.4474178140619262
COHFACE_s37_session3_natural,6,185,12.166666666666666,1.7685636281967163,0.3620407303358445
COHFACE_s37_session3_natural,6,186,12.2,1.4205113649368286,0.2658675433493403
COHFACE_s37_session3_natural,6,187,12.233333333333333,0.9928879141807556,0.16533663882958666
COHFACE_s37_session3_natural,6,188,12.266666666666667,0.5385081768035889,0.06494747766719311
COHFACE_s37_session3_natural,6,189,12.3,0.20719750225543976,-0.0355901128396705
COHFACE_s37_session3_natural,6,190,12.333333333333334,0.12694109976291656,-0.13996659569383071
COHFACE_s37_session3_natural,6,191,12.366666666666667,0.20570126175880432,-0.24979241276378103
COHFACE_s37_session3_natural,6,192,12.4,0.2610810697078705,-0.35902266452919956
COHFACE_s37_session3_natural,6,193,12.433333333333334,0.2118874043226242,-0.45340842418260724
COHFACE_s37_session3_natural,6,194,12.466666666666667,0.06655076891183853,-0.516498353461451
COHFACE_s37_session3_natural,6,195,12.5,-0.12647700309753418,-0.5385676281227615
COHFACE_s37_session3_natural,6,196,12.533333333333333,-0.32465359568595886,-0.5225864311900784
COHFACE_s37_session3_natural,6,197,12.566666666666666,-0.504749596118927,-0.48322226890821823
COHFACE_s37_session3_natural,6,198,12.6,-0.6498661637306213,-0.4393339418305073
COHFACE_s37_session3_natural,6,199,12.633333333333333,-0.7649887800216675,-0.4044467206814973
COHFACE_s37_session3_natural,6,200,12.666666666666666,-0.8442015647888184,-0.38073248150379047
COHFACE_s37_session3_natural,6,201,12.7,-0.8929740190505981,-0.35964277548099344
COHFACE_s37_session3_natural,6,202,12.733333333333333,-0.925665020942688,-0.3281771318718721
COHFACE_s37_session3_natural,6,203,12.766666666666667,-0.9608141183853149,-0.2766448238638815
COHFACE_s37_session3_natural,6,204,12.8,-1.0064181089401245,-0.20365471706328447
COHFACE_s37_session3_natural,6,205,12.833333333333334,-1.026893973350525,-0.116297580185186
COHFACE_s37_session3_natural,6,206,12.866666666666667,-0.7630587220191956,-0.026169674648779652
COHFACE_s37_session3_natural,6,207,12.9,0.15778380632400513,0.05636908618762854
COHFACE_s37_session3_natural,6,208,12.933333333333334,1.2430118322372437,0.1269724736868278
COHFACE_s37_session3_natural,6,209,12.966666666666667,1.755537509918213,0.18897217020646032
COHFACE_s37_session3_natural,6,210,13.0,1.6810836791992188,0.25080389631479527
COHFACE_s37_session3_natural,6,211,13.033333333333333,1.3308939933776855,0.3199320126645285
COHFACE_s37_session3_natural,6,212,13.066666666666666,0.8822603225708008,0.39647481736099066
COHFACE_s37_session3_natural,6,213,13.1,0.4040035903453827,0.47068055709922985
COHFACE_s37_session3_natural,6,214,13.133333333333333,0.0637531727552414,0.5262831763256899
COHFACE_s37_session3_natural,6,215,13.166666666666666,0.005261435639113188,0.5479247027106159
COHFACE_s37_session3_natural,6,216,13.2,0.11827170103788376,0.5280404072517373
COHFACE_s37_session3_natural,6,217,13.233333333333333,0.2001940906047821,0.469018163740131
COHFACE_s37_session3_natural,6,218,13.266666666666667,0.1617695838212967,0.3800495443931819
COHFACE_s37_session3_natural,6,219,13.3,0.021085135638713837,0.27194853372005734
COHFACE_s37_session3_natural,6,220,13.333333333333334,-0.1670578420162201,0.15418677201809675
COHFACE_s37_session3_natural,6,221,13.366666666666667,-0.3615504205226898,0.03594623108527964
COHFACE_s37_session3_natural,6,222,13.4,-0.537402868270874,-0.07096206473638805
COHFACE_s37_session3_natural,6,223,13.433333333333334,-0.6856062412261963,-0.1516295783839651
COHFACE_s37_session3_natural,6,224,13.466666666666667,-0.7909215092658997,-0.19265691900429643
COHFACE_s37_session3_natural,6,225,13.5,-0.8600441217422485,-0.19020894402574137
COHFACE_s37_session3_natural,6,226,13.533333333333333,-0.9031836986541748,-0.15623837504109608
COHFACE_s37_session3_natural,6,227,13.566666666666666,-0.9376349449157715,-0.11734811155631862
COHFACE_s37_session3_natural,6,228,13.6,-0.9687920212745667,-0.10465893262893432
COHFACE_s37_session3_natural,6,229,13.633333333333333,-0.9400364756584167,-0.13878275777138913
COHFACE_s37_session3_natural,6,230,13.666666666666666,-0.4888441264629364,-0.21792639564865537
COHFACE_s37_session3_natural,6,231,13.7,0.5616371035575867,-0.3165135146840049
COHFACE_s37_session3_natural,6,232,13.733333333333333,1.4875153303146362,-0.39626795136450504
COHFACE_s37_session3_natural,6,233,13.766666666666667,1.760856032371521,-0.424505149335424
COHFACE_s37_session3_natural,6,234,13.8,1.5506278276443481,-0.38978146433110444
COHFACE_s37_session3_natural,6,235,13.833333333333334,1.1463030576705933,-0.30619595122066867
COHFACE_s37_session3_natural,6,236,13.866666666666667,0.6740123629570007,-0.20433442846375824
COHFACE_s37_session3_natural,6,237,13.9,0.2294902503490448,-0.1145691605583371
COHFACE_s37_session3_natural,6,238,13.933333333333334,0.011642467230558395,-0.05217191071863025
COHFACE_s37_session3_natural,6,239,13.966666666666667,0.058340299874544144,-0.01195687369909069
COHFACE_s37_session3_natural,7,0,7.0,0.21055461466312408,-0.011292891581814186
COHFACE_s37_session3_natural,7,1,7.033333333333333,0.02928932011127472,0.10712524795539331
COHFACE_s37_session3_natural,7,2,7.066666666666666,-0.18976551294326782,0.23406170716414657
COHFACE_s37_session3_natural,7,3,7.1,-0.3977620005607605,0.37482979763333774
COHFACE_s37_session3_natural,7,4,7.133333333333334,-0.582422137260437,0.5275238505577341
COHFACE_s37_session3_natural,7,5,7.166666666666667,-0.7326435446739197,0.679446818480456
COHFACE_s37_session3_natural,7,6,7.2,-0.8415611386299133,0.8057176036089516
COHFACE_s37_session3_natural,7,7,7.233333333333333,-0.9175362586975098,0.8729515118097697
COHFACE_s37_session3_natural,7,8,7.266666666666667,-0.9728469252586365,0.848706910166204
COHFACE_s37_session3_natural,7,9,7.3,-1.0109068155288696,0.7138603643528769
COHFACE_s37_session3_natural,7,10,7.333333333333333,-1.0420135259628296,0.4730015758593677
COHFACE_s37_session3_natural,7,11,7.366666666666666,-1.078558325767517,0.15817179355972572
COHFACE_s37_session3_natural,7,12,7.4,-1.1275005340576172,-0.17663939546445656
COHFACE_s37_session3_natural,7,13,7.433333333333334,-1.1632405519485474,-0.4695255968127566
COHFACE_s37_session3_natural,7,14,7.466666666666667,-0.8657273650169373,-0.6689638522086948
COHFACE_s37_session3_natural,7,15,7.5,0.24544596672058105,-0.7496697252310917
COHFACE_s37_session3_natural,7,16,7.533333333333333,1.53892183303833,-0.7192897459612599
COHFACE_s37_session3_natural,7,17,7.566666666666666,2.148282051086426,-0.6125318588786776
COHFACE_s37_session3_natural,7,18,7.6,2.103325605392456,-0.4751254805328398
COHFACE_s37_session3_natural,7,19,7.633333333333334,1.7787355184555054,-0.3450023776058558
COHFACE_s37_session3_natural,7,20,7.666666666666667,1.4091826677322388,-0.23919896948975122
COHFACE_s37_session3_natural,7,21,7.7,1.0275403261184692,-0.15185213530538885
COHFACE_s37_session3_natural,7,22,7.733333333333333,0.6335321068763733,-0.06314886877372493
COHFACE_s37_session3_natural,7,23,7.766666666666667,0.37595221400260925,0.04598695382432488
COHFACE_s37_session3_natural,7,24,7.8,0.3072696924209595,0.18090785115869362
COHFACE_s37_session3_natural,7,25,7.833333333333333,0.3256332278251648,0.3279246564071802
COHFACE_s37_session3_natural,7,26,7.866666666666666,0.30288153886795044,0.4584698373882201
COHFACE_s37_session3_natural,7,27,7.9,0.18160422146320343,0.5402342219518501
COHFACE_s37_session3_natural,7,28,7.933333333333334,-0.008292755112051964,0.5504054327906786
COHFACE_s37_session3_natural,7,29,7.966666666666667,-0.22483918070793152,0.48576814736798885
COHFACE_s37_session3_natural,7,30,8.0,-0.4326722025871277,0.36542898787428313
COHFACE_s37_session3_natural,7,31,8.033333333333333,-0.615075409412384,0.22455805571806856
COHFACE_s37_session3_natural,7,32,8.066666666666666,-0.7603932023048401,0.10153674368386946
COHFACE_s37_session3_natural,7,33,8.1,-0.8670223951339722,0.02418632292395332
COHFACE_s37_session3_natural,7,34,8.133333333333333,-0.9385465383529663,0.0011764645792491357
COHFACE_s37_session3_natural,7,35,8.166666666666666,-0.9888906478881836,0.021940551597400465
COHFACE_s37_session3_natural,7,36,8.2,-1.0294086933135986,0.06395736882952997
COHFACE_s37_session3_natural,7,37,8.233333333333333,-1.0633193254470825,0.10284913587019984
COHFACE_s37_session3_natural,7,38,8.266666666666667,-1.0929800271987915,0.12041932151749941
COHFACE_s37_session3_natural,7,39,8.3,-1.1308199167251587,0.10810265388080101
COHFACE_s37_session3_natural,7,40,8.333333333333334,-1.1882743835449219,0.06638239151763495
COHFACE_s37_session3_natural,7,41,8.366666666666667,-1.1874696016311646,0.0024836058202453836
COHFACE_s37_session3_natural,7,42,8.4,-0.6636529564857483,-0.07182716135244942
COHFACE_s37_session3_natural,7,43,8.433333333333334,0.6385678052902222,-0.14215560477692182
COHFACE_s37_session3_natural,7,44,8.466666666666667,1.81440007686615,-0.19402665623605167
COHFACE_s37_session3_natural,7,45,8.5,2.2183163166046143,-0.21667594148150301
COHFACE_s37_session3_natural,7,46,8.533333333333333,2.0632164478302,-0.20725830237811324
COHFACE_s37_session3_natural,7,47,8.566666666666666,1.7139884233474731,-0.17331581281640773
COHFACE_s37_session3_natural,7,48,8.6,1.3340184688568115,-0.13142891725530542
COHFACE_s37_session3_natural,7,49,8.633333333333333,0.9267075061798096,-0.10189031338207849
COHFACE_s37_session3_natural,7,50,8.666666666666666,0.5513896942138672,-0.10195971376238253
COHFACE_s37_session3_natural,7,51,8.7,0.35242098569869995,-0.14128769892870496
COHFACE_s37_session3_natural,7,52,8.733333333333333,0.3311152458190918,-0.22110883153294536
COHFACE_s37_session3_natural,7,53,8.766666666666667,0.35587239265441895,-0.3358203408581122
COHFACE_s37_session3_natural,7,54,8.8,0.30719423294067383,-0.47436466115359993
COHFACE_s37_session3_natural,7,55,8.833333333333334,0.15868909657001495,-0.6200786430466299
COHFACE_s37_session3_natural,7,56,8.866666666666667,-0.04586225748062134,-0.750091990876981
COHFACE_s37_session3_natural,7,57,8.9,-0.26602354645729065,-0.8367189991341945
COHFACE_s37_session3_natural,7,58,8.933333333333334,-0.47620153427124023,-0.8522905223021513
COHFACE_s37_session3_natural,7,59,8.966666666666667,-0.6512743830680847,-0.776667567710323
COHFACE_s37_session3_natural,7,60,9.0,-0.7861121892929077,-0.6050137498344514
COHFACE_s37_session3_natural,7,61,9.033333333333333,-0.886391818523407,-0.35259126565974386
COHFACE_s37_session3_natural,7,62,9.066666666666666,-0.9535467028617859,-0.0534018635113868
COHFACE_s37_session3_natural,7,63,9.1,-1.0023630857467651,0.24865178416899222
COHFACE_s37_session3_natural,7,64,9.133333333333333,-1.0374430418014526,0.5136072602558717
COHFACE_s37_session3_natural,7,65,9.166666666666666,-1.0687006711959839,0.7181611653959635
COHFACE_s37_session3_natural,7,66,9.2,-1.1025484800338745,0.8604352952058231
COHFACE_s37_session3_natural,7,67,9.233333333333333,-1.142500638961792,0.9537168195648755
COHFACE_s37_session3_natural,7,68,9.266666666666667,-1.1996722221374512,1.012926664351128
COHFACE_s37_session3_natural,7,69,9.3,-1.2109946012496948,1.0425776302980443
COHFACE_s37_session3_natural,7,70,9.333333333333334,-0.7261368036270142,1.034022843204163
COHFACE_s37_session3_natural,7,71,9.366666666666667,0.5589526295661926,0.9735147444030757
COHFACE_s37_session3_natural,7,72,9.4,1.7618619203567505,0.8552044962535973
COHFACE_s37_session3_natural,7,73,9.433333333333334,2.203504800796509,0.6899416647497897
COHFACE_s37_session3_natural,7,74,9.466666666666667,2.086200714111328,0.504050889701608
COHFACE_s37_session3_natural,7,75,9.5,1.7589763402938843,0.3290983867682703
COHFACE_s37_session3_natural,7,76,9.533333333333333,1.3785285949707031,0.18894865348829679
COHFACE_s37_session3_natural,7,77,9.566666666666666,0.9684451222419739,0.09128776611704006
COHFACE_s37_session3_natural,7,78,9.6,0.5981692671775818,0.02735742861464019
COHFACE_s37_session3_natural,7,79,9.633333333333333,0.4012877345085144,-0.021354440404286686
COHFACE_s37_session3_natural,7,80,9.666666666666666,0.3757070302963257,-0.07400905139138056
COHFACE_s37_session3_natural,7,81,9.7,0.39485639333724976,-0.14341698735128533
COHFACE_s37_session3_natural,7,82,9.733333333333333,0.3520123362541199,-0.23301298431756853
COHFACE_s37_session3_natural,7,83,9.766666666666667,0.21508735418319702,-0.3371356327484198
COHFACE_s37_session3_natural,7,84,9.8,0.015464799478650093,-0.44350953333876125
COHFACE_s37_session3_natural,7,85,9.833333333333334,-0.2021377980709076,-0.5373583539046808
COHFACE_s37_session3_natural,7,86,9.866666666666667,-0.40866947174072266,-0.6062721756004064
COHFACE_s37_session3_natural,7,87,9.9,-0.5864770412445068,-0.6440809895704351
COHFACE_s37_session3_natural,7,88,9.933333333333334,-0.7245273590087891,-0.6518235320011111
COHFACE_s37_session3_natural,7,89,9.966666666666667,-0.8290505409240723,-0.6351852508840158
COHFACE_s37_session3_natural,7,90,10.0,-0.9009707570075989,-0.6000617777245096
COHFACE_s37_session3_natural,7,91,10.033333333333333,-0.9469016194343567,-0.549368268503108
COHFACE_s37_session3_natural,7,92,10.066666666666666,-0.983194887638092,-0.4833889361769918
COHFACE_s37_session3_natural,7,93,10.1,-1.016866683959961,-0.4033397259647882
COHFACE_s37_session3_natural,7,94,10.133333333333333,-1.0514562129974365,-0.31525003891687053
COHFACE_s37_session3_natural,7,95,10.166666666666666,-1.1004801988601685,-0.23082723310859699
COHFACE_s37_session3_natural,7,96,10.2,-1.1607699394226074,-0.16422659757503968
COHFACE_s37_session3_natural,7,97,10.233333333333333,-1.0503748655319214,-0.126536780910408
COHFACE_s37_session3_natural,7,98,10.266666666666667,-0.23584724962711334,-0.12094803640301131
COHFACE_s37_session3_natural,7,99,10.3,1.088741660118103,-0.14080025555335302
COHFACE_s37_session3_natural,7,100,10.333333333333334,1.9514446258544922,-0.17109844962512238
COHFACE_s37_session3_natural,7,101,10.366666666666667,2.0909910202026367,-0.19266749545371098
COHFACE_s37_session3_natural,7,102,10.4,1.8404523134231567,-0.1874402710174163
COHFACE_s37_session3_natural,7,103,10.433333333333334,1.473068356513977,-0.14330089695533052
COHFACE_s37_session3_natural,7,104,10.466666666666667,1.0566856861114502,-0.057138487670635264
COHFACE_s37_session3_natural,7,105,10.5,0.6295337677001953,0.06462946247896287
COHFACE_s37_session3_natural,7,106,10.533333333333333,0.3432675004005432,0.20787183991186536
COHFACE_s37_session3_natural,7,107,10.566666666666666,0.27532050013542175,0.35404476577466454
COHFACE_s37_session3_natural,7,108,10.6,0.32035866379737854,0.4841479423126848
COHFACE_s37_session3_natural,7,109,10.633333333333333,0.3312912881374359,0.5827398511370979
COHFACE_s37_session3_natural,7,110,10.666666666666666,0.23991364240646362,0.6413001038516466
COHFACE_s37_session3_natural,7,111,10.7,0.06316222250461578,0.6599158491256264
COHFACE_s37_session3_natural,7,112,10.733333333333333,-0.14255216717720032,0.6463248393267618
COHFACE_s37_session3_natural,7,113,10.766666666666667,-0.34717267751693726,0.6122396029015036
COHFACE_s37_session3_natural,7,114,10.8,-0.5319522619247437,0.5683977612927349
COHFACE_s37_session3_natural,7,115,10.833333333333334,-0.6808723211288452,0.5207347492036948
COHFACE_s37_session3_natural,7,116,10.866666666666667,-0.7952216863632202,0.46949497337906654
COHFACE_s37_session3_natural,7,117,10.9,-0.8751888871192932,0.411426992499801
COHFACE_s37_session3_natural,7,118,10.933333333333334,-0.9270355105400085,0.3435530849821873
COHFACE_s37_session3_natural,7,119,10.966666666666667,-0.9610781669616699,0.2661632737791455
COHFACE_s37_session3_natural,7,120,11.0,-0.9853700995445251,0.18308786978828154
COHFACE_s37_session3_natural,7,121,11.033333333333333,-1.0131763219833374,0.09905104826560684
COHFACE_s37_session3_natural,7,122,11.066666666666666,-1.0544298887252808,0.01623045687111286
COHFACE_s37_session3_natural,7,123,11.1,-1.1116201877593994,-0.06682412084003646
COHFACE_s37_session3_natural,7,124,11.133333333333333,-1.088686227798462,-0.15231543279194923
COHFACE_s37_session3_natural,7,125,11.166666666666666,-0.5294878482818604,-0.2381041662027049
COHFACE_s37_session3_natural,7,126,11.2,0.700070858001709,-0.31487067943543073
COHFACE_s37_session3_natural,7,127,11.233333333333333,1.7147051095962524,-0.36936417333630883
COHFACE_s37_session3_natural,7,128,11.266666666666667,2.0072708129882812,-0.39300916933798513
COHFACE_s37_session3_natural,7,129,11.3,1.8202908039093018,-0.39021460389452556
COHFACE_s37_session3_natural,7,130,11.333333333333334,1.4626827239990234,-0.3796746348457507
COHFACE_s37_session3_natural,7,131,11.366666666666667,1.0412391424179077,-0.3859370415205683
COHFACE_s37_session3_natural,7,132,11.4,0.6030163168907166,-0.4252419103544845
COHFACE_s37_session3_natural,7,133,11.433333333333334,0.3054088056087494,-0.49419262659941066
COHFACE_s37_session3_natural,7,134,11.466666666666667,0.24071206152439117,-0.5685725796558359
COHFACE_s37_session3_natural,7,135,11.5,0.3057042956352234,-0.6136331187658896
COHFACE_s37_session3_natural,7,136,11.533333333333333,0.33637723326683044,-0.6004280490046325
COHFACE_s37_session3_natural,7,137,11.566666666666666,0.2632877230644226,-0.519321593185646
COHFACE_s37_session3_natural,7,138,11.6,0.09926062822341919,-0.3836765463082995
COHFACE_s37_session3_natural,7,139,11.633333333333333,-0.10072026401758194,-0.22251490956716563
COHFACE_s37_session3_natural,7,140,11.666666666666666,-0.30241113901138306,-0.06705041279095189
COHFACE_s37_session3_natural,7,141,11.7,-0.47970953583717346,0.06132724267947773
COHFACE_s37_session3_natural,7,142,11.733333333333333,-0.6259891390800476,0.15624907476305924
COHFACE_s37_session3_natural,7,143,11.766666666666667,-0.7412689328193665,0.22405474383628227
COHFACE_s37_session3_natural,7,144,11.8,-0.8195135593414307,0.27693055197757693
COHFACE_s37_session3_natural,7,145,11.833333333333334,-0.870448648929596,0.3256284221673775
COHFACE_s37_session3_natural,7,146,11.866666666666667,-0.903818666934967,0.3749295640418521
COHFACE_s37_session3_natural,7,147,11.9,-0.9312790632247925,0.42309163247477377
COHFACE_s37_session3_natural,7,148,11.933333333333334,-0.9611222147941589,0.46469271549915514
COHFACE_s37_session3_natural,7,149,11.966666666666667,-1.0137609243392944,0.49470302134988714
COHFACE_s37_session3_natural,7,150,12.0,-1.0325205326080322,0.5106759378755334
COHFACE_s37_session3_natural,7,151,12.033333333333333,-0.6682045459747314,0.5113180533728314
COHFACE_s37_session3_natural,7,152,12.066666666666666,0.3901602327823639,0.49337489232081627
COHFACE_s37_session3_natural,7,153,12.1,1.4682652950286865,0.4508000000725253
COHFACE_s37_session3_natural,7,154,12.133333333333333,1.8912742137908936,0.3777659552717634
COHFACE_s37_session3_natural,7,155,12.166666666666666,1.7685636281967163,0.27327682772957873
COHFACE_s37_session3_natural,7,156,12.2,1.4205113649368286,0.14404139442600178
COHFACE_s37_session3_natural,7,157,12.233333333333333,0.9928879141807556,0.0037872738318689937
COHFACE_s37_session3_natural,7,158,12.266666666666667,0.5385081768035889,-0.13068513928255868
COHFACE_s37_session3_natural,7,159,12.3,0.20719750225543976,-0.24469485053414067
COHFACE_s37_session3_natural,7,160,12.333333333333334,0.12694109976291656,-0.32932869809947224
COHFACE_s37_session3_natural,7,161,12.366666666666667,0.20570126175880432,-0.38175030907539953
COHFACE_s37_session3_natural,7,162,12.4,0.2610810697078705,-0.40292370665124416
COHFACE_s37_session3_natural,7,163,12.433333333333334,0.2118874043226242,-0.39537145583321126
COHFACE_s37_session3_natural,7,164,12.466666666666667,0.06655076891183853,-0.3629126424473832
COHFACE_s37_session3_natural,7,165,12.5,-0.12647700309753418,-0.3119178526419623
COHFACE_s37_session3_natural,7,166,12.533333333333333,-0.32465359568595886,-0.25172798653926115
COHFACE_s37_session3_natural,7,167,12.566666666666666,-0.504749596118927,-0.19241005949355586
COHFACE_s37_session3_natural,7,168,12.6,-0.6498661637306213,-0.1408536944270758
COHFACE_s37_session3_natural,7,169,12.633333333333333,-0.7649887800216675,-0.09837123391039133
COHFACE_s37_session3_natural,7,170,12.666666666666666,-0.8442015647888184,-0.061974172277227735
COHFACE_s37_session3_natural,7,171,12.7,-0.8929740190505981,-0.028549115570262688
COHFACE_s37_session3_natural,7,172,12.733333333333333,-0.925665020942688,0.0010596434935709114
COHFACE_s37_session3_natural,7,173,12.766666666666667,-0.9608141183853149,0.02109202155347584
COHFACE_s37_session3_natural,7,174,12.8,-1.0064181089401245,0.02403054092728722
COHFACE_s37_session3_natural,7,175,12.833333333333334,-1.026893973350525,0.006112993743586905
COHFACE_s37_session3_natural,7,176,12.866666666666667,-0.7630587220191956,-0.028259397968193326
COHFACE_s37_session3_natural,7,177,12.9,0.15778380632400513,-0.0661222192290747
COHFACE_s37_session3_natural,7,178,12.933333333333334,1.2430118322372437,-0.08990225354896078
COHFACE_s37_session3_natural,7,179,12.966666666666667,1.755537509918213,-0.08354652559445522
COHFACE_s37_session3_natural,7,180,13.0,1.6810836791992188,-0.038003285839475084
COHFACE_s37_session3_natural,7,181,13.033333333333333,1.3308939933776855,0.04574465018678909
COHFACE_s37_session3_natural,7,182,13.066666666666666,0.8822603225708008,0.15650505308014967
COHFACE_s37_session3_natural,7,183,13.1,0.4040035903453827,0.27523219720999814
COHFACE_s37_session3_natural,7,184,13.133333333333333,0.0637531727552414,0.379543256301417
COHFACE_s37_session3_natural,7,185,13.166666666666666,0.005261435639113188,0.44951883505693796
COHFACE_s37_session3_natural,7,186,13.2,0.11827170103788376,0.4725599099599832
COHFACE_s37_session3_natural,7,187,13.233333333333333,0.2001940906047821,0.44488885742681267
COHFACE_s37_session3_natural,7,188,13.266666666666667,0.1617695838212967,0.36960333399569795
COHFACE_s37_session3_natural,7,189,13.3,0.021085135638713837,0.25384257146292305
COHFACE_s37_session3_natural,7,190,13.333333333333334,-0.1670578420162201,0.10787493042243278
COHFACE_s37_session3_natural,7,191,13.366666666666667,-0.3615504205226898,-0.053304387292213685
COHFACE_s37_session3_natural,7,192,13.4,-0.537402868270874,-0.20813161886926423
COHFACE_s37_session3_natural,7,193,13.433333333333334,-0.6856062412261963,-0.3299119778517857
COHFACE_s37_session3_natural,7,194,13.466666666666667,-0.7909215092658997,-0.3934811556323269
COHFACE_s37_session3_natural,7,195,13.5,-0.8600441217422485,-0.38541952692079706
COHFACE_s37_session3_natural,7,196,13.533333333333333,-0.9031836986541748,-0.31269905368038875
COHFACE_s37_session3_natural,7,197,13.566666666666666,-0.9376349449157715,-0.20381474821954587
COHFACE_s37_session3_natural,7,198,13.6,-0.9687920212745667,-0.0994524384594738
COHFACE_s37_session3_natural,7,199,13.633333333333333,-0.9400364756584167,-0.035405712224164124
COHFACE_s37_session3_natural,7,200,13.666666666666666,-0.4888441264629364,-0.02576239323116453
COHFACE_s37_session3_natural,7,201,13.7,0.5616371035575867,-0.05569063997885947
COHFACE_s37_session3_natural,7,202,13.733333333333333,1.4875153303146362,-0.0887709322413679
COHFACE_s37_session3_natural,7,203,13.766666666666667,1.760856032371521,-0.08598968130360161
COHFACE_s37_session3_natural,7,204,13.8,1.5506278276443481,-0.026711687592004957
COHFACE_s37_session3_natural,7,205,13.833333333333334,1.1463030576705933,0.07962347406457175
COHFACE_s37_session3_natural,7,206,13.866666666666667,0.6740123629570007,0.19731440145779822
COHFACE_s37_session3_natural,7,207,13.9,0.2294902503490448,0.28142514753035686
COHFACE_s37_session3_natural,7,208,13.933333333333334,0.011642467230558395,0.29872273336327365
COHFACE_s37_session3_natural,7,209,13.966666666666667,0.058340299874544144,0.24154176355685092
COHFACE_s37_session3_natural,7,210,14.0,0.1900913119316101,0.12812482319232932
COHFACE_s37_session3_natural,7,211,14.033333333333333,0.23876945674419403,-0.00907400768950427
COHFACE_s37_session3_natural,7,212,14.066666666666666,0.1579095423221588,-0.1389986630859824
COHFACE_s37_session3_natural,7,213,14.1,-0.007544633932411671,-0.24226137577843732
COHFACE_s37_session3_natural,7,214,14.133333333333333,-0.20772041380405426,-0.3119549571764084
COHFACE_s37_session3_natural,7,215,14.166666666666666,-0.3908654451370239,-0.34786134059541945
COHFACE_s37_session3_natural,7,216,14.2,-0.5467008948326111,-0.3504376094263203
COHFACE_s37_session3_natural,7,217,14.233333333333333,-0.6659601926803589,-0.3194533703584728
COHFACE_s37_session3_natural,7,218,14.266666666666667,-0.7513088583946228,-0.25742219338363276
COHFACE_s37_session3_natural,7,219,14.3,-0.807518482208252,-0.17367059791120523
COHFACE_s37_session3_natural,7,220,14.333333333333334,-0.848948061466217,-0.08414705284339573
COHFACE_s37_session3_natural,7,221,14.366666666666667,-0.8711968064308167,-0.005350043869336777
COHFACE_s37_session3_natural,7,222,14.4,-0.664482831954956,0.054215787373446914
COHFACE_s37_session3_natural,7,223,14.433333333333334,0.18579117953777313,0.09889929706308473
COHFACE_s37_session3_natural,7,224,14.466666666666667,1.296480417251587,0.14298280117282147
COHFACE_s37_session3_natural,7,225,14.5,1.8793985843658447,0.20103570780306004
COHFACE_s37_session3_natural,7,226,14.533333333333333,1.8424955606460571,0.27706781327987334
COHFACE_s37_session3_natural,7,227,14.566666666666666,1.511976957321167,0.35894252755638145
COHFACE_s37_session3_natural,7,228,14.6,1.1018117666244507,0.4213591772377431
COHFACE_s37_session3_natural,7,229,14.633333333333333,0.6539199948310852,0.43582094403544774
COHFACE_s37_session3_natural,7,230,14.666666666666666,0.29580268263816833,0.38255159004499917
COHFACE_s37_session3_natural,7,231,14.7,0.1975976675748825,0.25902396517287324
COHFACE_s37_session3_natural,7,232,14.733333333333333,0.28699496388435364,0.0822712123503353
COHFACE_s37_session3_natural,7,233,14.766666666666667,0.36931341886520386,-0.11478669977556841
COHFACE_s37_session3_natural,7,234,14.8,0.33146730065345764,-0.2911778146517517
COHFACE_s37_session3_natural,7,235,14.833333333333334,0.17949816584587097,-0.40778082216108436
COHFACE_s37_session3_natural,7,236,14.866666666666667,-0.026486553251743317,-0.43718239989579094
COHFACE_s37_session3_natural,7,237,14.9,-0.2326221615076065,-0.3712174407372664
COHFACE_s37_session3_natural,7,238,14.933333333333334,-0.40877005457878113,-0.22395304697209462
COHFACE_s37_session3_natural,7,239,14.966666666666667,-0.5524218678474426,-0.02881418825499273
COHFACE_s37_session3_natural,8,0,8.0,-0.4326722025871277,0.08675190874441432
COHFACE_s37_session3_natural,8,1,8.033333333333333,-0.615075409412384,0.25135016110103886
COHFACE_s37_session3_natural,8,2,8.066666666666666,-0.7603932023048401,0.409722848086102
COHFACE_s37_session3_natural,8,3,8.1,-0.8670223951339722,0.5639412850557917
COHFACE_s37_session3_natural,8,4,8.133333333333333,-0.9385465383529663,0.7242324786118823
COHFACE_s37_session3_natural,8,5,8.166666666666666,-0.9888906478881836,0.9005100633096995
COHFACE_s37_session3_natural,8,6,8.2,-1.0294086933135986,1.0886433858757172
COHFACE_s37_session3_natural,8,7,8.233333333333333,-1.0633193254470825,1.260886261798237
COHFACE_s37_session3_natural,8,8,8.266666666666667,-1.0929800271987915,1.3686770225620095
COHFACE_s37_session3_natural,8,9,8.3,-1.1308199167251587,1.3591102239947317
COHFACE_s37_session3_natural,8,10,8.333333333333334,-1.1882743835449219,1.1983728595711858
COHFACE_s37_session3_natural,8,11,8.366666666666667,-1.1874696016311646,0.89082127882563
COHFACE_s37_session3_natural,8,12,8.4,-0.6636529564857483,0.48367465688133815
COHFACE_s37_session3_natural,8,13,8.433333333333334,0.6385678052902222,0.053894571224242065
COHFACE_s37_session3_natural,8,14,8.466666666666667,1.81440007686615,-0.31753714065713157
COHFACE_s37_session3_natural,8,15,8.5,2.2183163166046143,-0.5725836530469487
COHFACE_s37_session3_natural,8,16,8.533333333333333,2.0632164478302,-0.6926918407025426
COHFACE_s37_session3_natural,8,17,8.566666666666666,1.7139884233474731,-0.6987424569813075
COHFACE_s37_session3_natural,8,18,8.6,1.3340184688568115,-0.6365763900101371
COHFACE_s37_session3_natural,8,19,8.633333333333333,0.9267075061798096,-0.5567206169518206
COHFACE_s37_session3_natural,8,20,8.666666666666666,0.5513896942138672,-0.49801893785819756
COHFACE_s37_session3_natural,8,21,8.7,0.35242098569869995,-0.4806825148032024
COHFACE_s37_session3_natural,8,22,8.733333333333333,0.3311152458190918,-0.5078973478025561
COHFACE_s37_session3_natural,8,23,8.766666666666667,0.35587239265441895,-0.5709935010913182
COHFACE_s37_session3_natural,8,24,8.8,0.30719423294067383,-0.6538010250798926
COHFACE_s37_session3_natural,8,25,8.833333333333334,0.15868909657001495,-0.7352826157279887
COHFACE_s37_session3_natural,8,26,8.866666666666667,-0.04586225748062134,-0.7922242585576957
COHFACE_s37_session3_natural,8,27,8.9,-0.26602354645729065,-0.8036502017081906
COHFACE_s37_session3_natural,8,28,8.933333333333334,-0.47620153427124023,-0.7562095143878007
COHFACE_s37_session3_natural,8,29,8.966666666666667,-0.6512743830680847,-0.6479943557036131
COHFACE_s37_session3_natural,8,30,9.0,-0.7861121892929077,-0.4891220012408222
COHFACE_s37_session3_natural,8,31,9.033333333333333,-0.886391818523407,-0.29913042157920844
COHFACE_s37_session3_natural,8,32,9.066666666666666,-0.9535467028617859,-0.1016839697103104
COHFACE_s37_session3_natural,8,33,9.1,-1.0023630857467651,0.08255668390877163
COHFACE_s37_session3_natural,8,34,9.133333333333333,-1.0374430418014526,0.2424500951548533
COHFACE_s37_session3_natural,8,35,9.166666666666666,-1.0687006711959839,0.3787345737435046
COHFACE_s37_session3_natural,8,36,9.2,-1.1025484800338745,0.5001803080105509
COHFACE_s37_session3_natural,8,37,9.233333333333333,-1.142500638961792,0.6149596930707669
COHFACE_s37_session3_natural,8,38,9.266666666666667,-1.1996722221374512,0.7219269229517613
COHFACE_s37_session3_natural,8,39,9.3,-1.2109946012496948,0.8073923330806132
COHFACE_s37_session3_natural,8,40,9.333333333333334,-0.7261368036270142,0.8504765619448915
COHFACE_s37_session3_natural,8,41,9.366666666666667,0.5589526295661926,0.8350817607809911
COHFACE_s37_session3_natural,8,42,9.4,1.7618619203567505,0.7616194237275422
COHFACE_s37_session3_natural,8,43,9.433333333333334,2.203504800796509,0.6507082042961749
COHFACE_s37_session3_natural,8,44,9.466666666666667,2.086200714111328,0.5356827622033481
COHFACE_s37_session3_natural,8,45,9.5,1.7589763402938843,0.447663454049255
COHFACE_s37_session3_natural,8,46,9.533333333333333,1.3785285949707031,0.4013090229309357
COHFACE_s37_session3_natural,8,47,9.566666666666666,0.9684451222419739,0.38872852946135633
COHFACE_s37_session3_natural,8,48,9.6,0.5981692671775818,0.38405674473242357
COHFACE_s37_session3_natural,8,49,9.633333333333333,0.4012877345085144,0.3554758502857321
COHFACE_s37_session3_natural,8,50,9.666666666666666,0.3757070302963257,0.27856216858442795
COHFACE_s37_session3_natural,8,51,9.7,0.39485639333724976,0.14550582712213767
COHFACE_s37_session3_natural,8,52,9.733333333333333,0.3520123362541199,-0.03239731288066348
COHFACE_s37_session3_natural,8,53,9.766666666666667,0.21508735418319702,-0.22868196148231218
COHFACE_s37_session3_natural,8,54,9.8,0.015464799478650093,-0.41019808347001535
COHFACE_s37_session3_natural,8,55,9.833333333333334,-0.2021377980709076,-0.5475233667586105
COHFACE_s37_session3_natural,8,56,9.866666666666667,-0.40866947174072266,-0.6240018362623658
COHFACE_s37_session3_natural,8,57,9.9,-0.5864770412445068,-0.6400186199622959
COHFACE_s37_session3_natural,8,58,9.933333333333334,-0.7245273590087891,-0.6105001161756024
COHFACE_s37_session3_natural,8,59,9.966666666666667,-0.8290505409240723,-0.5564628513425124
COHFACE_s37_session3_natural,8,60,10.0,-0.9009707570075989,-0.4946229724819147
COHFACE_s37_session3_natural,8,61,10.033333333333333,-0.9469016194343567,-0.4306509716093427
COHFACE_s37_session3_natural,8,62,10.066666666666666,-0.983194887638092,-0.3601091596758411
COHFACE_s37_session3_natural,8,63,10.1,-1.016866683959961,-0.2766806010319104
COHFACE_s37_session3_natural,8,64,10.133333333333333,-1.0514562129974365,-0.1822864336337228
COHFACE_s37_session3_natural,8,65,10.166666666666666,-1.1004801988601685,-0.09199547371113949
COHFACE_s37_session3_natural,8,66,10.2,-1.1607699394226074,-0.030156282119917367
COHFACE_s37_session3_natural,8,67,10.233333333333333,-1.0503748655319214,-0.019917206959428262
COHFACE_s37_session3_natural,8,68,10.266666666666667,-0.23584724962711334,-0.07192470255783086
COHFACE_s37_session3_natural,8,69,10.3,1.088741660118103,-0.17792757574905763
COHFACE_s37_session3_natural,8,70,10.333333333333334,1.9514446258544922,-0.3120725336145728
COHFACE_s37_session3_natural,8,71,10.366666666666667,2.0909910202026367,-0.4388317765716401
COHFACE_s37_session3_natural,8,72,10.4,1.8404523134231567,-0.5237679725965023
COHFACE_s37_session3_natural,8,73,10.433333333333334,1.473068356513977,-0.5427143547992083
COHFACE_s37_session3_natural,8,74,10.466666666666667,1.0566856861114502,-0.4863651786131447
COHFACE_s37_session3_natural,8,75,10.5,0.6295337677001953,-0.35988911835753695
COHFACE_s37_session3_natural,8,76,10.533333333333333,0.3432675004005432,-0.1795489859768662
COHFACE_s37_session3_natural,8,77,10.566666666666666,0.27532050013542175,0.031250793078837054
COHFACE_s37_session3_natural,8,78,10.6,0.32035866379737854,0.2457724319118334
COHFACE_s37_session3_natural,8,79,10.633333333333333,0.3312912881374359,0.43833356015750546
COHFACE_s37_session3_natural,8,80,10.666666666666666,0.23991364240646362,0.5892338891551042
COHFACE_s37_session3_natural,8,81,10.7,0.06316222250461578,0.6885740261275491
COHFACE_s37_session3_natural,8,82,10.733333333333333,-0.14255216717720032,0.7371094222278136
COHFACE_s37_session3_natural,8,83,10.766666666666667,-0.34717267751693726,0.7437125911926196
COHFACE_s37_session3_natural,8,84,10.8,-0.5319522619247437,0.7209202970196315
COHFACE_s37_session3_natural,8,85,10.833333333333334,-0.6808723211288452,0.6809671331862558
COHFACE_s37_session3_natural,8,86,10.866666666666667,-0.7952216863632202,0.6339206138324406
COHFACE_s37_session3_natural,8,87,10.9,-0.8751888871192932,0.5877536267618386
COHFACE_s37_session3_natural,8,88,10.933333333333334,-0.9270355105400085,0.5487609217218052
COHFACE_s37_session3_natural,8,89,10.966666666666667,-0.9610781669616699,0.5205692973619782
COHFACE_s37_session3_natural,8,90,11.0,-0.9853700995445251,0.501272753608001
COHFACE_s37_session3_natural,8,91,11.033333333333333,-1.0131763219833374,0.48028343406330165
COHFACE_s37_session3_natural,8,92,11.066666666666666,-1.0544298887252808,0.43804064410722504
COHFACE_s37_session3_natural,8,93,11.1,-1.1116201877593994,0.35130334090642623
COHFACE_s37_session3_natural,8,94,11.133333333333333,-1.088686227798462,0.20381986235840072
COHFACE_s37_session3_natural,8,95,11.166666666666666,-0.5294878482818604,-0.0020900999852517454
COHFACE_s37_session3_natural,8,96,11.2,0.700070858001709,-0.240367074012945
COHFACE_s37_session3_natural,8,97,11.233333333333333,1.7147051095962524,-0.4678600041765901
COHFACE_s37_session3_natural,8,98,11.266666666666667,2.0072708129882812,-0.6411277071252036
COHFACE_s37_session3_natural,8,99,11.3,1.8202908039093018,-0.734793587930253
COHFACE_s37_session3_natural,8,100,11.333333333333334,1.4626827239990234,-0.7516046664549405
COHFACE_s37_session3_natural,8,101,11.366666666666667,1.0412391424179077,-0.7191046166660604
COHFACE_s37_session3_natural,8,102,11.4,0.6030163168907166,-0.675173117833142
COHFACE_s37_session3_natural,8,103,11.433333333333334,0.3054088056087494,-0.6502569778052563
COHFACE_s37_session3_natural,8,104,11.466666666666667,0.24071206152439117,-0.6549627959649472
COHFACE_s37_session3_natural,8,105,11.5,0.3057042956352234,-0.6780082818470974
COHFACE_s37_session3_natural,8,106,11.533333333333333,0.33637723326683044,-0.6938733532328907
COHFACE_s37_session3_natural,8,107,11.566666666666666,0.2632877230644226,-0.6751340338644516
COHFACE_s37_session3_natural,8,108,11.6,0.09926062822341919,-0.6035298547133714
COHFACE_s37_session3_natural,8,109,11.633333333333333,-0.10072026401758194,-0.47585786358718546
COHFACE_s37_session3_natural,8,110,11.666666666666666,-0.30241113901138306,-0.30387886577474066
COHFACE_s37_session3_natural,8,111,11.7,-0.47970953583717346,-0.10971821285120364
COHFACE_s37_session3_natural,8,112,11.733333333333333,-0.6259891390800476,0.08102939698185131
COHFACE_s37_session3_natural,8,113,11.766666666666667,-0.7412689328193665,0.2463232434035009
COHFACE_s37_session3_natural,8,114,11.8,-0.8195135593414307,0.3726542890590805
COHFACE_s37_session3_natural,8,115,11.833333333333334,-0.870448648929596,0.45639639295725654
COHFACE_s37_session3_natural,8,116,11.866666666666667,-0.903818666934967,0.5016973715816259
COHFACE_s37_session3_natural,8,117,11.9,-0.9312790632247925,0.516865069097151
COHFACE_s37_session3_natural,8,118,11.933333333333334,-0.9611222147941589,0.5115482846285492
COHFACE_s37_session3_natural,8,119,11.966666666666667,-1.0137609243392944,0.49554308609351816
COHFACE_s37_session3_natural,8,120,12.0,-1.0325205326080322,0.4779264308933412
COHFACE_s37_session3_natural,8,121,12.033333333333333,-0.6682045459747314,0.46490827142114977
COHFACE_s37_session3_natural,8,122,12.066666666666666,0.3901602327823639,0.4571351343079726
COHFACE_s37_session3_natural,8,123,12.1,1.4682652950286865,0.44907816493297087
COHFACE_s37_session3_natural,8,124,12.133333333333333,1.8912742137908936,0.43182142064297685
COHFACE_s37_session3_natural,8,125,12.166666666666666,1.7685636281967163,0.39770360317161274
COHFACE_s37_session3_natural,8,126,12.2,1.4205113649368286,0.3438915555615276
COHFACE_s37_session3_natural,8,127,12.233333333333333,0.9928879141807556,0.2728286244356985
COHFACE_s37_session3_natural,8,128,12.266666666666667,0.5385081768035889,0.18967318147884918
COHFACE_s37_session3_natural,8,129,12.3,0.20719750225543976,0.09895127819533384
COHFACE_s37_session3_natural,8,130,12.333333333333334,0.12694109976291656,0.003312939640072396
COHFACE_s37_session3_natural,8,131,12.366666666666667,0.20570126175880432,-0.09444303942665558
COHFACE_s37_session3_natural,8,132,12.4,0.2610810697078705,-0.18818030731197916
COHFACE_s37_session3_natural,8,133,12.433333333333334,0.2118874043226242,-0.2676839538242101
COHFACE_s37_session3_natural,8,134,12.466666666666667,0.06655076891183853,-0.32172339060946503
COHFACE_s37_session3_natural,8,135,12.5,-0.12647700309753418,-0.3428277275744317
COHFACE_s37_session3_natural,8,136,12.533333333333333,-0.32465359568595886,-0.3305125084779651
COHFACE_s37_session3_natural,8,137,12.566666666666666,-0.504749596118927,-0.2911512628008432
COHFACE_s37_session3_natural,8,138,12.6,-0.6498661637306213,-0.23510877961126556
COHFACE_s37_session3_natural,8,139,12.633333333333333,-0.7649887800216675,-0.17338433328489203
COHFACE_s37_session3_natural,8,140,12.666666666666666,-0.8442015647888184,-0.11585340935135065
COHFACE_s37_session3_natural,8,141,12.7,-0.8929740190505981,-0.07155680727766356
COHFACE_s37_session3_natural,8,142,12.733333333333333,-0.925665020942688,-0.04960516773126257
COHFACE_s37_session3_natural,8,143,12.766666666666667,-0.9608141183853149,-0.05860006919880014
COHFACE_s37_session3_natural,8,144,12.8,-1.0064181089401245,-0.10364880616680178
COHFACE_s37_session3_natural,8,145,12.833333333333334,-1.026893973350525,-0.18213622467974255
COHFACE_s37_session3_natural,8,146,12.866666666666667,-0.7630587220191956,-0.2808421187218073
COHFACE_s37_session3_natural,8,147,12.9,0.15778380632400513,-0.3767104429107193
COHFACE_s37_session3_natural,8,148,12.933333333333334,1.2430118322372437,-0.44171644697410917
COHFACE_s37_session3_natural,8,149,12.966666666666667,1.755537509918213,-0.45035995447125504
COHFACE_s37_session3_natural,8,150,13.0,1.6810836791992188,-0.38756933858119413
COHFACE_s37_session3_natural,8,151,13.033333333333333,1.3308939933776855,-0.25465610698529767
COHFACE_s37_session3_natural,8,152,13.066666666666666,0.8822603225708008,-0.07080007795695682
COHFACE_s37_session3_natural,8,153,13.1,0.4040035903453827,0.13156795477396455
COHFACE_s37_session3_natural,8,154,13.133333333333333,0.0637531727552414,0.31643349013762295
COHFACE_s37_session3_natural,8,155,13.166666666666666,0.005261435639113188,0.4548790580875648
COHFACE_s37_session3_natural,8,156,13.2,0.11827170103788376,0.5317508896513252
COHFACE_s37_session3_natural,8,157,13.233333333333333,0.2001940906047821,0.5455111862434041
COHFACE_s37_session3_natural,8,158,13.266666666666667,0.1617695838212967,0.5029858455632352
COHFACE_s37_session3_natural,8,159,13.3,0.021085135638713837,0.41410887170792354
COHFACE_s37_session3_natural,8,160,13.333333333333334,-0.1670578420162201,0.29111299914243727
COHFACE_s37_session3_natural,8,161,13.366666666666667,-0.3615504205226898,0.15228745145073921
COHFACE_s37_session3_natural,8,162,13.4,-0.537402868270874,0.025476374046816942
COHFACE_s37_session3_natural,8,163,13.433333333333334,-0.6856062412261963,-0.054950888593510806
COHFACE_s37_session3_natural,8,164,13.466666666666667,-0.7909215092658997,-0.059911796717232534
COHFACE_s37_session3_natural,8,165,13.5,-0.8600441217422485,0.018325328414694454
COHFACE_s37_session3_natural,8,166,13.533333333333333,-0.9031836986541748,0.15515892321603467
COHFACE_s37_session3_natural,8,167,13.566666666666666,-0.9376349449157715,0.29647247075458266
COHFACE_s37_session3_natural,8,168,13.6,-0.9687920212745667,0.37748380201912257
COHFACE_s37_session3_natural,8,169,13.633333333333333,-0.9400364756584167,0.3507082922149235
COHFACE_s37_session3_natural,8,170,13.666666666666666,-0.4888441264629364,0.20948040887866365
COHFACE_s37_session3_natural,8,171,13.7,0.5616371035575867,-0.006001722980018429
COHFACE_s37_session3_natural,8,172,13.733333333333333,1.4875153303146362,-0.22459588137738826
COHFACE_s37_session3_natural,8,173,13.766666666666667,1.760856032371521,-0.37498089711047594
COHFACE_s37_session3_natural,8,174,13.8,1.5506278276443481,-0.4163534606847572
COHFACE_s37_session3_natural,8,175,13.833333333333334,1.1463030576705933,-0.35430949766547026
COHFACE_s37_session3_natural,8,176,13.866666666666667,0.6740123629570007,-0.23510991691785443
COHFACE_s37_session3_natural,8,177,13.9,0.2294902503490448,-0.12252968777142065
COHFACE_s37_session3_natural,8,178,13.933333333333334,0.011642467230558395,-0.06950042440888766
COHFACE_s37_session3_natural,8,179,13.966666666666667,0.058340299874544144,-0.0980092589735812
COHFACE_s37_session3_natural,8,180,14.0,0.1900913119316101,-0.19507769504457054
COHFACE_s37_session3_natural,8,181,14.033333333333333,0.23876945674419403,-0.32381099787523093
COHFACE_s37_session3_natural,8,182,14.066666666666666,0.1579095423221588,-0.44150776341773157
COHFACE_s37_session3_natural,8,183,14.1,-0.007544633932411671,-0.5151660174565191
COHFACE_s37_session3_natural,8,184,14.133333333333333,-0.20772041380405426,-0.5286886302418683
COHFACE_s37_session3_natural,8,185,14.166666666666666,-0.3908654451370239,-0.48210546889359257
COHFACE_s37_session3_natural,8,186,14.2,-0.5467008948326111,-0.38691972979264505
COHFACE_s37_session3_natural,8,187,14.233333333333333,-0.6659601926803589,-0.26155262042438304
COHFACE_s37_session3_natural,8,188,14.266666666666667,-0.7513088583946228,-0.12793271882699842
COHFACE_s37_session3_natural,8,189,14.3,-0.807518482208252,-0.0076860154726716215
COHFACE_s37_session3_natural,8,190,14.333333333333334,-0.848948061466217,0.08340565453068258
COHFACE_s37_session3_natural,8,191,14.366666666666667,-0.8711968064308167,0.1415460028923058
COHFACE_s37_session3_natural,8,192,14.4,-0.664482831954956,0.17817386970283006
COHFACE_s37_session3_natural,8,193,14.433333333333334,0.18579117953777313,0.21680898635457843
COHFACE_s37_session3_natural,8,194,14.466666666666667,1.296480417251587,0.28302083266393874
COHFACE_s37_session3_natural,8,195,14.5,1.8793985843658447,0.39150186843143264
COHFACE_s37_session3_natural,8,196,14.533333333333333,1.8424955606460571,0.537104874164623
COHFACE_s37_session3_natural,8,197,14.566666666666666,1.511976957321167,0.6952512378244271
COHFACE_s37_session3_natural,8,198,14.6,1.1018117666244507,0.8314237428562831
COHFACE_s37_session3_natural,8,199,14.633333333333333,0.6539199948310852,0.9140412747538812
COHFACE_s37_session3_natural,8,200,14.666666666666666,0.29580268263816833,0.9241371757589665
COHFACE_s37_session3_natural,8,201,14.7,0.1975976675748825,0.8583610182021885
COHFACE_s37_session3_natural,8,202,14.733333333333333,0.28699496388435364,0.725852036075404
COHFACE_s37_session3_natural,8,203,14.766666666666667,0.36931341886520386,0.5421973524587155
COHFACE_s37_session3_natural,8,204,14.8,0.33146730065345764,0.3240503155536888
COHFACE_s37_session3_natural,8,205,14.833333333333334,0.17949816584587097,0.08648857050159735
COHFACE_s37_session3_natural,8,206,14.866666666666667,-0.026486553251743317,-0.15686326008156373
COHFACE_s37_session3_natural,8,207,14.9,-0.2326221615076065,-0.39215770763784974
COHFACE_s37_session3_natural,8,208,14.933333333333334,-0.40877005457878113,-0.6033534653100384
COHFACE_s37_session3_natural,8,209,14.966666666666667,-0.5524218678474426,-0.771334606764851
COHFACE_s37_session3_natural,8,210,15.0,-0.6546566486358643,-0.8761761587513237
COHFACE_s37_session3_natural,8,211,15.033333333333333,-0.7186618447303772,-0.9034580668212532
COHFACE_s37_session3_natural,8,212,15.066666666666666,-0.7733501195907593,-0.8516364859113917
COHFACE_s37_session3_natural,8,213,15.1,-0.8206263184547424,-0.7351007125006518
COHFACE_s37_session3_natural,8,214,15.133333333333333,-0.7165746688842773,-0.5802211227378957
COHFACE_s37_session3_natural,8,215,15.166666666666666,-0.026329385116696358,-0.41659955297894413
COHFACE_s37_session3_natural,8,216,15.2,1.1186350584030151,-0.26827758184464856
COHFACE_s37_session3_natural,8,217,15.233333333333333,1.876582145690918,-0.14879073203093404
COHFACE_s37_session3_natural,8,218,15.266666666666667,1.9706379175186157,-0.061133152398978007
COHFACE_s37_session3_natural,8,219,15.3,1.7078462839126587,-0.000887530333922382
COHFACE_s37_session3_natural,8,220,15.333333333333334,1.3657727241516113,0.04037387597245099
COHFACE_s37_session3_natural,8,221,15.366666666666667,0.9890655875205994,0.07313533647294167
COHFACE_s37_session3_natural,8,222,15.4,0.5822135210037231,0.10861256997172403
COHFACE_s37_session3_natural,8,223,15.433333333333334,0.32542574405670166,0.15596673208158
COHFACE_s37_session3_natural,8,224,15.466666666666667,0.2932817041873932,0.2176080910847168
COHFACE_s37_session3_natural,8,225,15.5,0.3486112058162689,0.28510464880566294
COHFACE_s37_session3_natural,8,226,15.533333333333333,0.3415512144565582,0.3395949572161684
COHFACE_s37_session3_natural,8,227,15.566666666666666,0.21291214227676392,0.3586631416557283
COHFACE_s37_session3_natural,8,228,15.6,0.009222076274454594,0.3271186917994209
COHFACE_s37_session3_natural,8,229,15.633333333333333,-0.2154405266046524,0.24565304915267902
COHFACE_s37_session3_natural,8,230,15.666666666666666,-0.42003586888313293,0.1320712433593367
COHFACE_s37_session3_natural,8,231,15.7,-0.5838555097579956,0.014196489662211938
COHFACE_s37_session3_natural,8,232,15.733333333333333,-0.7020586133003235,-0.08143328217441168
COHFACE_s37_session3_natural,8,233,15.766666666666667,-0.7792407870292664,-0.13881243342321256
COHFACE_s37_session3_natural,8,234,15.8,-0.8236439824104309,-0.15556886321546692
COHFACE_s37_session3_natural,8,235,15.833333333333334,-0.868279755115509,-0.13999569672569104
COHFACE_s37_session3_natural,8,236,15.866666666666667,-0.904849648475647,-0.10496117714152393
COHFACE_s37_session3_natural,8,237,15.9,-0.7600097060203552,-0.0620874972395731
COHFACE_s37_session3_natural,8,238,15.933333333333334,0.006499921437352896,-0.01828553643073076
COHFACE_s37_session3_natural,8,239,15.966666666666667,1.159127950668335,0.024852407611165667
COHFACE_s37_session3_natural,9,0,9.0,-0.7861121892929077,-0.16342309592552745
COHFACE_s37_session3_natural,9,1,9.033333333333333,-0.886391818523407,-0.025659913956030296
COHFACE_s37_session3_natural,9,2,9.066666666666666,-0.9535467028617859,0.12055640856081169
COHFACE_s37_session3_natural,9,3,9.1,-1.0023630857467651,0.28316995504721243
COHFACE_s37_session3_natural,9,4,9.133333333333333,-1.0374430418014526,0.47329012906621915
COHFACE_s37_session3_natural,9,5,9.166666666666666,-1.0687006711959839,0.6984910989814027
COHFACE_s37_session3_natural,9,6,9.2,-1.1025484800338745,0.9522129102095319
COHFACE_s37_session3_natural,9,7,9.233333333333333,-1.142500638961792,1.2054478228347991
COHFACE_s37_session3_natural,9,8,9.266666666666667,-1.1996722221374512,1.4069645622450573
COHFACE_s37_session3_natural,9,9,9.3,-1.2109946012496948,1.4949859046566343
COHFACE_s37_session3_natural,9,10,9.333333333333334,-0.7261368036270142,1.418513767235765
COHFACE_s37_session3_natural,9,11,9.366666666666667,0.5589526295661926,1.161293783899074
COHFACE_s37_session3_natural,9,12,9.4,1.7618619203567505,0.7573862505341465
COHFACE_s37_session3_natural,9,13,9.433333333333334,2.203504800796509,0.2883879284369766
COHFACE_s37_session3_natural,9,14,9.466666666666667,2.086200714111328,-0.13975416214533098
COHFACE_s37_session3_natural,9,15,9.5,1.7589763402938843,-0.43205659469222407
COHFACE_s37_session3_natural,9,16,9.533333333333333,1.3785285949707031,-0.5371951992516013
COHFACE_s37_session3_natural,9,17,9.566666666666666,0.9684451222419739,-0.4635790042493099
COHFACE_s37_session3_natural,9,18,9.6,0.5981692671775818,-0.27231342396541497
COHFACE_s37_session3_natural,9,19,9.633333333333333,0.4012877345085144,-0.0510423533281497
COHFACE_s37_session3_natural,9,20,9.666666666666666,0.3757070302963257,0.11909271463485979
COHFACE_s37_session3_natural,9,21,9.7,0.39485639333724976,0.18931703077203227
COHFACE_s37_session3_natural,9,22,9.733333333333333,0.3520123362541199,0.15315250115425855
COHFACE_s37_session3_natural,9,23,9.766666666666667,0.21508735418319702,0.039907462526420315
COHFACE_s37_session3_natural,9,24,9.8,0.015464799478650093,-0.10260353481844253
COHFACE_s37_session3_natural,9,25,9.833333333333334,-0.2021377980709076,-0.2281021347599245
COHFACE_s37_session3_natural,9,26,9.866666666666667,-0.40866947174072266,-0.30748765653494725
COHFACE_s37_session3_natural,9,27,9.9,-0.5864770412445068,-0.33557675959923183
COHFACE_s37_session3_natural,9,28,9.933333333333334,-0.7245273590087891,-0.32775741297955097
COHFACE_s37_session3_natural,9,29,9.966666666666667,-0.8290505409240723,-0.3089662946711219
COHFACE_s37_session3_natural,9,30,10.0,-0.9009707570075989,-0.30055786328093936
COHFACE_s37_session3_natural,9,31,10.033333333333333,-0.9469016194343567,-0.3113424807213413
COHFACE_s37_session3_natural,9,32,10.066666666666666,-0.983194887638092,-0.33629319296247195
COHFACE_s37_session3_natural,9,33,10.1,-1.016866683959961,-0.3621423896646038
COHFACE_s37_session3_natural,9,34,10.133333333333333,-1.0514562129974365,-0.3760708786014311
COHFACE_s37_session3_natural,9,35,10.166666666666666,-1.1004801988601685,-0.37297916360106714
COHFACE_s37_session3_natural,9,36,10.2,-1.1607699394226074,-0.3581229725928844
COHFACE_s37_session3_natural,9,37,10.233333333333333,-1.0503748655319214,-0.3443707941351207
COHFACE_s37_session3_natural,9,38,10.266666666666667,-0.23584724962711334,-0.345847035373866
COHFACE_s37_session3_natural,9,39,10.3,1.088741660118103,-0.37100326483615154
COHFACE_s37_session3_natural,9,40,10.333333333333334,1.9514446258544922,-0.41775919015526575
COHFACE_s37_session3_natural,9,41,10.366666666666667,2.0909910202026367,-0.47224282353004965
COHFACE_s37_session3_natural,9,42,10.4,1.8404523134231567,-0.5117581176725969
COHFACE_s37_session3_natural,9,43,10.433333333333334,1.473068356513977,-0.5114381463457838
COHFACE_s37_session3_natural,9,44,10.466666666666667,1.0566856861114502,-0.4522889464631969
COHFACE_s37_session3_natural,9,45,10.5,0.6295337677001953,-0.3273572331169083
COHFACE_s37_session3_natural,9,46,10.533333333333333,0.3432675004005432,-0.14374821828767909
COHFACE_s37_session3_natural,9,47,10.566666666666666,0.27532050013542175,0.07967227605152934
COHFACE_s37_session3_natural,9,48,10.6,0.32035866379737854,0.31738219543411306
COHFACE_s37_session3_natural,9,49,10.633333333333333,0.3312912881374359,0.5430287502654556
COHFACE_s37_session3_natural,9,50,10.666666666666666,0.23991364240646362,0.7342799453189133
COHFACE_s37_session3_natural,9,51,10.7,0.06316222250461578,0.8758197142192596
COHFACE_s37_session3_natural,9,52,10.733333333333333,-0.14255216717720032,0.9603174818430996
COHFACE_s37_session3_natural,9,53,10.766666666666667,-0.34717267751693726,0.9876871366568596
COHFACE_s37_session3_natural,9,54,10.8,-0.5319522619247437,0.9632725030066814
COHFACE_s37_session3_natural,9,55,10.833333333333334,-0.6808723211288452,0.8957423794369287
COHFACE_s37_session3_natural,9,56,10.866666666666667,-0.7952216863632202,0.7953982943896248
COHFACE_s37_session3_natural,9,57,10.9,-0.8751888871192932,0.6732919290198995
COHFACE_s37_session3_natural,9,58,10.933333333333334,-0.9270355105400085,0.5410366357801834
COHFACE_s37_session3_natural,9,59,10.966666666666667,-0.9610781669616699,0.4105061173869332
COHFACE_s37_session3_natural,9,60,11.0,-0.9853700995445251,0.2921645092650958
COHFACE_s37_session3_natural,9,61,11.033333333333333,-1.0131763219833374,0.1915773079742451
COHFACE_s37_session3_natural,9,62,11.066666666666666,-1.0544298887252808,0.10582538260822863
COHFACE_s37_session3_natural,9,63,11.1,-1.1116201877593994,0.023154011696283748
COHFACE_s37_session3_natural,9,64,11.133333333333333,-1.088686227798462,-0.07180733513055403
COHFACE_s37_session3_natural,9,65,11.166666666666666,-0.5294878482818604,-0.18861832309139837
COHFACE_s37_session3_natural,9,66,11.2,0.700070858001709,-0.32293318463315596
COHFACE_s37_session3_natural,9,67,11.233333333333333,1.7147051095962524,-0.45593936934117496
COHFACE_s37_session3_natural,9,68,11.266666666666667,2.0072708129882812,-0.5628921474740307
COHFACE_s37_session3_natural,9,69,11.3,1.8202908039093018,-0.6259654755194441
COHFACE_s37_session3_natural,9,70,11.333333333333334,1.4626827239990234,-0.6436069142961118
COHFACE_s37_session3_natural,9,71,11.366666666666667,1.0412391424179077,-0.6307578590056074
COHFACE_s37_session3_natural,9,72,11.4,0.6030163168907166,-0.610104864049908
COHFACE_s37_session3_natural,9,73,11.433333333333334,0.3054088056087494,-0.5998320116370107
COHFACE_s37_session3_natural,9,74,11.466666666666667,0.24071206152439117,-0.6046504680197803
COHFACE_s37_session3_natural,9,75,11.5,0.3057042956352234,-0.614232320675752
COHFACE_s37_session3_natural,9,76,11.533333333333333,0.33637723326683044,-0.6088804676379036
COHFACE_s37_session3_natural,9,77,11.566666666666666,0.2632877230644226,-0.5688634842538778
COHFACE_s37_session3_natural,9,78,11.6,0.09926062822341919,-0.4828777227738218
COHFACE_s37_session3_natural,9,79,11.633333333333333,-0.10072026401758194,-0.3523272560365293
COHFACE_s37_session3_natural,9,80,11.666666666666666,-0.30241113901138306,-0.19035043498312254
COHFACE_s37_session3_natural,9,81,11.7,-0.47970953583717346,-0.016734234814115328
COHFACE_s37_session3_natural,9,82,11.733333333333333,-0.6259891390800476,0.14869023383840724
COHFACE_s37_session3_natural,9,83,11.766666666666667,-0.7412689328193665,0.2913300472414196
COHFACE_s37_session3_natural,9,84,11.8,-0.8195135593414307,0.4039184618202695
COHFACE_s37_session3_natural,9,85,11.833333333333334,-0.870448648929596,0.485251851309685
COHFACE_s37_session3_natural,9,86,11.866666666666667,-0.903818666934967,0.5371011747391718
COHFACE_s37_session3_natural,9,87,11.9,-0.9312790632247925,0.5616331522968473
COHFACE_s37_session3_natural,9,88,11.933333333333334,-0.9611222147941589,0.5610602073279174
COHFACE_s37_session3_natural,9,89,11.966666666666667,-1.0137609243392944,0.539221092894643
COHFACE_s37_session3_natural,9,90,12.0,-1.0325205326080322,0.5026083245173174
COHFACE_s37_session3_natural,9,91,12.033333333333333,-0.6682045459747314,0.45858603997128866
COHFACE_s37_session3_natural,9,92,12.066666666666666,0.3901602327823639,0.4117967916996477
COHFACE_s37_session3_natural,9,93,12.1,1.4682652950286865,0.3621506006751215
COHFACE_s37_session3_natural,9,94,12.133333333333333,1.8912742137908936,0.3061554395381378
COHFACE_s37_session3_natural,9,95,12.166666666666666,1.7685636281967163,0.24016736307848027
COHFACE_s37_session3_natural,9,96,12.2,1.4205113649368286,0.16308756799532123
COHFACE_s37_session3_natural,9,97,12.233333333333333,0.9928879141807556,0.07706175302770431
COHFACE_s37_session3_natural,9,98,12.266666666666667,0.5385081768035889,-0.0138304709008862
COHFACE_s37_session3_natural,9,99,12.3,0.20719750225543976,-0.10563097678439545
COHFACE_s37_session3_natural,9,100,12.333333333333334,0.12694109976291656,-0.19526839018793568
COHFACE_s37_session3_natural,9,101,12.366666666666667,0.20570126175880432,-0.2788848817209323
COHFACE_s37_session3_natural,9,102,12.4,0.2610810697078705,-0.3491537283494714
COHFACE_s37_session3_natural,9,103,12.433333333333334,0.2118874043226242,-0.3947064741975145
COHFACE_s37_session3_natural,9,104,12.466666666666667,0.06655076891183853,-0.40346453754299705
COHFACE_s37_session3_natural,9,105,12.5,-0.12647700309753418,-0.3685850080822594
COHFACE_s37_session3_natural,9,106,12.533333333333333,-0.32465359568595886,-0.2935260691407768
COHFACE_s37_session3_natural,9,107,12.566666666666666,-0.504749596118927,-0.1929092288680155
COHFACE_s37_session3_natural,9,108,12.6,-0.6498661637306213,-0.08827762333563487
COHFACE_s37_session3_natural,9,109,12.633333333333333,-0.7649887800216675,-0.0008992013188762241
COHFACE_s37_session3_natural,9,110,12.666666666666666,-0.8442015647888184,0.05455448658744168
COHFACE_s37_session3_natural,9,111,12.7,-0.8929740190505981,0.07242263513944551
COHFACE_s37_session3_natural,9,112,12.733333333333333,-0.925665020942688,0.054335985340372595
COHFACE_s37_session3_natural,9,113,12.766666666666667,-0.9608141183853149,0.005741235190498726
COHFACE_s37_session3_natural,9,114,12.8,-1.0064181089401245,-0.06650472387759208
COHFACE_s37_session3_natural,9,115,12.833333333333334,-1.026893973350525,-0.15418566125493394
COHFACE_s37_session3_natural,9,116,12.866666666666667,-0.7630587220191956,-0.2462133779884356
COHFACE_s37_session3_natural,9,117,12.9,0.15778380632400513,-0.32750460981068713
COHFACE_s37_session3_natural,9,118,12.933333333333334,1.2430118322372437,-0.3798299702814813
COHFACE_s37_session3_natural,9,119,12.966666666666667,1.755537509918213,-0.3850152282995765
COHFACE_s37_session3_natural,9,120,13.0,1.6810836791992188,-0.32984016794214205
COHFACE_s37_session3_natural,9,121,13.033333333333333,1.3308939933776855,-0.21132453958055475
COHFACE_s37_session3_natural,9,122,13.066666666666666,0.8822603225708008,-0.040615400253978334
COHFACE_s37_session3_natural,9,123,13.1,0.4040035903453827,0.1566635515960823
COHFACE_s37_session3_natural,9,124,13.133333333333333,0.0637531727552414,0.3454476292901666
COHFACE_s37_session3_natural,9,125,13.166666666666666,0.005261435639113188,0.49133886951067646
COHFACE_s37_session3_natural,9,126,13.2,0.11827170103788376,0.5717643590855649
COHFACE_s37_session3_natural,9,127,13.233333333333333,0.2001940906047821,0.5823864069787057
COHFACE_s37_session3_natural,9,128,13.266666666666667,0.1617695838212967,0.535651197230902
COHFACE_s37_session3_natural,9,129,13.3,0.021085135638713837,0.4532688047373806
COHFACE_s37_session3_natural,9,130,13.333333333333334,-0.1670578420162201,0.3575835347864445
COHFACE_s37_session3_natural,9,131,13.366666666666667,-0.3615504205226898,0.26626121363335215
COHFACE_s37_session3_natural,9,132,13.4,-0.537402868270874,0.19122280522419682
COHFACE_s37_session3_natural,9,133,13.433333333333334,-0.6856062412261963,0.1393827977543255
COHFACE_s37_session3_natural,9,134,13.466666666666667,-0.7909215092658997,0.11226254114740766
COHFACE_s37_session3_natural,9,135,13.5,-0.8600441217422485,0.10384206770693297
COHFACE_s37_session3_natural,9,136,13.533333333333333,-0.9031836986541748,0.09900633459582017
COHFACE_s37_session3_natural,9,137,13.566666666666666,-0.9376349449157715,0.07619640784372946
COHFACE_s37_session3_natural,9,138,13.6,-0.9687920212745667,0.01598197731117098
COHFACE_s37_session3_natural,9,139,13.633333333333333,-0.9400364756584167,-0.08713032059934585
COHFACE_s37_session3_natural,9,140,13.666666666666666,-0.4888441264629364,-0.21654129214722026
COHFACE_s37_session3_natural,9,141,13.7,0.5616371035575867,-0.3359925807053736
COHFACE_s37_session3_natural,9,142,13.733333333333333,1.4875153303146362,-0.4038999025247686
COHFACE_s37_session3_natural,9,143,13.766666666666667,1.760856032371521,-0.393373798579136
COHFACE_s37_session3_natural,9,144,13.8,1.5506278276443481,-0.30758823300244403
COHFACE_s37_session3_natural,9,145,13.833333333333334,1.1463030576705933,-0.18185747908278319
COHFACE_s37_session3_natural,9,146,13.866666666666667,0.6740123629570007,-0.07038509568000038
COHFACE_s37_session3_natural,9,147,13.9,0.2294902503490448,-0.023511641347437818
COHFACE_s37_session3_natural,9,148,13.933333333333334,0.011642467230558395,-0.06618955588378567
COHFACE_s37_session3_natural,9,149,13.966666666666667,0.058340299874544144,-0.18786688398355084
COHFACE_s37_session3_natural,9,150,14.0,0.1900913119316101,-0.34818284622440726
COHFACE_s37_session3_natural,9,151,14.033333333333333,0.23876945674419403,-0.4949381815179448
COHFACE_s37_session3_natural,9,152,14.066666666666666,0.1579095423221588,-0.5849037133004863
COHFACE_s37_session3_natural,9,153,14.1,-0.007544633932411671,-0.597426837432993
COHFACE_s37_session3_natural,9,154,14.133333333333333,-0.20772041380405426,-0.5358674173204386
COHFACE_s37_session3_natural,9,155,14.166666666666666,-0.3908654451370239,-0.4191524885571233
COHFACE_s37_session3_natural,9,156,14.2,-0.5467008948326111,-0.2705602782065831
COHFACE_s37_session3_natural,9,157,14.233333333333333,-0.6659601926803589,-0.11055871146504806
COHFACE_s37_session3_natural,9,158,14.266666666666667,-0.7513088583946228,0.04425733716047424
COHFACE_s37_session3_natural,9,159,14.3,-0.807518482208252,0.17932491911503212
COHFACE_s37_session3_natural,9,160,14.333333333333334,-0.848948061466217,0.2821834014150644
COHFACE_s37_session3_natural,9,161,14.366666666666667,-0.8711968064308167,0.34650776562858043
COHFACE_s37_session3_natural,9,162,14.4,-0.664482831954956,0.3774024157232412
COHFACE_s37_session3_natural,9,163,14.433333333333334,0.18579117953777313,0.39271117905948244
COHFACE_s37_session3_natural,9,164,14.466666666666667,1.296480417251587,0.41728803389291863
COHFACE_s37_session3_natural,9,165,14.5,1.8793985843658447,0.47209052500038173
COHFACE_s37_session3_natural,9,166,14.533333333333333,1.8424955606460571,0.5636891160603116
COHFACE_s37_session3_natural,9,167,14.566666666666666,1.511976957321167,0.6798318904825227
COHFACE_s37_session3_natural,9,168,14.6,1.1018117666244507,0.7931198701980546
COHFACE_s37_session3_natural,9,169,14.633333333333333,0.6539199948310852,0.8704330156495149
COHFACE_s37_session3_natural,9,170,14.666666666666666,0.29580268263816833,0.8834902060529297
COHFACE_s37_session3_natural,9,171,14.7,0.1975976675748825,0.8164483259640146
COHFACE_s37_session3_natural,9,172,14.733333333333333,0.28699496388435364,0.6686498803768454
COHFACE_s37_session3_natural,9,173,14.766666666666667,0.36931341886520386,0.4529575076104728
COHFACE_s37_session3_natural,9,174,14.8,0.33146730065345764,0.19143533397245188
COHFACE_s37_session3_natural,9,175,14.833333333333334,0.17949816584587097,-0.08961609371011853
COHFACE_s37_session3_natural,9,176,14.866666666666667,-0.026486553251743317,-0.3636558922473452
COHFACE_s37_session3_natural,9,177,14.9,-0.2326221615076065,-0.6061128019599848
COHFACE_s37_session3_natural,9,178,14.933333333333334,-0.40877005457878113,-0.7950749403222503
COHFACE_s37_session3_natural,9,179,14.966666666666667,-0.5524218678474426,-0.9118757403771244
COHFACE_s37_session3_natural,9,180,15.0,-0.6546566486358643,-0.9434967725946705
COHFACE_s37_session3_natural,9,181,15.033333333333333,-0.7186618447303772,-0.887211685605312
COHFACE_s37_session3_natural,9,182,15.066666666666666,-0.7733501195907593,-0.7546895449033575
COHFACE_s37_session3_natural,9,183,15.1,-0.8206263184547424,-0.5714255939715122
COHFACE_s37_session3_natural,9,184,15.133333333333333,-0.7165746688842773,-0.3702742670964973
COHFACE_s37_session3_natural,9,185,15.166666666666666,-0.026329385116696358,-0.18223568742974092
COHFACE_s37_session3_natural,9,186,15.2,1.1186350584030151,-0.029408946652911286
COHFACE_s37_session3_natural,9,187,15.233333333333333,1.876582145690918,0.07678386808808584
COHFACE_s37_session3_natural,9,188,15.266666666666667,1.9706379175186157,0.13278112736775335
COHFACE_s37_session3_natural,9,189,15.3,1.7078462839126587,0.13928623119495595
COHFACE_s37_session3_natural,9,190,15.333333333333334,1.3657727241516113,0.10093892677836393
COHFACE_s37_session3_natural,9,191,15.366666666666667,0.9890655875205994,0.029994173283306624
COHFACE_s37_session3_natural,9,192,15.4,0.5822135210037231,-0.050133471937912656
COHFACE_s37_session3_natural,9,193,15.433333333333334,0.32542574405670166,-0.10753436903533037
COHFACE_s37_session3_natural,9,194,15.466666666666667,0.2932817041873932,-0.11296181558144963
COHFACE_s37_session3_natural,9,195,15.5,0.3486112058162689,-0.05495790000788426
COHFACE_s37_session3_natural,9,196,15.533333333333333,0.3415512144565582,0.05018181795877413
COHFACE_s37_session3_natural,9,197,15.566666666666666,0.21291214227676392,0.16134410326568002
COHFACE_s37_session3_natural,9,198,15.6,0.009222076274454594,0.22886761115778803
COHFACE_s37_session3_natural,9,199,15.633333333333333,-0.2154405266046524,0.21633024837791975
COHFACE_s37_session3_natural,9,200,15.666666666666666,-0.42003586888313293,0.11659167885823687
COHFACE_s37_session3_natural,9,201,15.7,-0.5838555097579956,-0.04573236164514672
COHFACE_s37_session3_natural,9,202,15.733333333333333,-0.7020586133003235,-0.22515407657975317
COHFACE_s37_session3_natural,9,203,15.766666666666667,-0.7792407870292664,-0.37254276434233957
COHFACE_s37_session3_natural,9,204,15.8,-0.8236439824104309,-0.4505658425476011
COHFACE_s37_session3_natural,9,205,15.833333333333334,-0.868279755115509,-0.44255173347522997
COHFACE_s37_session3_natural,9,206,15.866666666666667,-0.904849648475647,-0.35400525900899243
COHFACE_s37_session3_natural,9,207,15.9,-0.7600097060203552,-0.2083210525474659
COHFACE_s37_session3_natural,9,208,15.933333333333334,0.006499921437352896,-0.03857869054716489
COHFACE_s37_session3_natural,9,209,15.966666666666667,1.159127950668335,0.12273369022993877
COHFACE_s37_session3_natural,9,210,16.0,1.8614814281463623,0.2534046052024359
COHFACE_s37_session3_natural,9,211,16.033333333333335,1.9106310606002808,0.34740780901660334
COHFACE_s37_session3_natural,9,212,16.066666666666666,1.6572569608688354,0.4149974842252429
COHFACE_s37_session3_natural,9,213,16.1,1.3590271472930908,0.47707535500555714
COHFACE_s37_session3_natural,9,214,16.133333333333333,1.0185314416885376,0.5556730800044507
COHFACE_s37_session3_natural,9,215,16.166666666666668,0.6179347634315491,0.6634757622998289
COHFACE_s37_session3_natural,9,216,16.2,0.34319832921028137,0.7958125500779711
COHFACE_s37_session3_natural,9,217,16.233333333333334,0.28265711665153503,0.9281988435643787
COHFACE_s37_session3_natural,9,218,16.266666666666666,0.3015173077583313,1.0210821295599513
COHFACE_s37_session3_natural,9,219,16.3,0.265305757522583,1.0311410133217045
COHFACE_s37_session3_natural,9,220,16.333333333333332,0.12951865792274475,0.9260095245519144
COHFACE_s37_session3_natural,9,221,16.366666666666667,-0.0762585997581482,0.697663958901013
COHFACE_s37_session3_natural,9,222,16.4,-0.29665249586105347,0.369635612290975
COHFACE_s37_session3_natural,9,223,16.433333333333334,-0.4968282878398895,-0.0054479259631613555
COHFACE_s37_session3_natural,9,224,16.466666666666665,-0.6645142436027527,-0.35899031962853367
COHFACE_s37_session3_natural,9,225,16.5,-0.7868666052818298,-0.6272696437297268
COHFACE_s37_session3_natural,9,226,16.533333333333335,-0.8714231252670288,-0.7725231736758517
COHFACE_s37_session3_natural,9,227,16.566666666666666,-0.9188690781593323,-0.7950057104895935
COHFACE_s37_session3_natural,9,228,16.6,-0.9454996585845947,-0.7301347153998792
COHFACE_s37_session3_natural,9,229,16.633333333333333,-0.9737271070480347,-0.6318609329004883
COHFACE_s37_session3_natural,9,230,16.666666666666668,-1.023404836654663,-0.5501411885823385
COHFACE_s37_session3_natural,9,231,16.7,-1.0825001001358032,-0.5129583275767076
COHFACE_s37_session3_natural,9,232,16.733333333333334,-1.0340042114257812,-0.5201644780187189
COHFACE_s37_session3_natural,9,233,16.766666666666666,-0.42007359862327576,-0.5497711999880041
COHFACE_s37_session3_natural,9,234,16.8,0.8096297383308411,-0.5712756540977005
COHFACE_s37_session3_natural,9,235,16.833333333333332,1.753726840019226,-0.5585890306989533
COHFACE_s37_session3_natural,9,236,16.866666666666667,1.9692548513412476,-0.4977641494590434
COHFACE_s37_session3_natural,9,237,16.9,1.7736117839813232,-0.3888726500227104
COHFACE_s37_session3_natural,9,238,16.933333333333334,1.4993469715118408,-0.24372404373745207
COHFACE_s37_session3_natural,9,239,16.966666666666665,1.1981496810913086,-0.08160750541004459
COHFACE_s37_session3_natural,10,0,10.0,-0.9009707570075989,-0.04155455724026835
COHFACE_s37_session3_natural,10,1,10.033333333333333,-0.9469016194343567,0.004094224023141659
COHFACE_s37_session3_natural,10,2,10.066666666666666,-0.983194887638092,0.06093307324776328
COHFACE_s37_session3_natural,10,3,10.1,-1.016866683959961,0.13777928367245357
COHFACE_s37_session3_natural,10,4,10.133333333333333,-1.0514562129974365,0.23598680623556317
COHFACE_s37_session3_natural,10,5,10.166666666666666,-1.1004801988601685,0.3432522661353539
COHFACE_s37_session3_natural,10,6,10.2,-1.1607699394226074,0.4295132416461179
COHFACE_s37_session3_natural,10,7,10.233333333333333,-1.0503748655319214,0.4506056919763229
COHFACE_s37_session3_natural,10,8,10.266666666666667,-0.23584724962711334,0.36222544010522656
COHFACE_s37_session3_natural,10,9,10.3,1.088741660118103,0.14026836625297098
COHFACE_s37_session3_natural,10,10,10.333333333333334,1.9514446258544922,-0.20170188163041813
COHFACE_s37_session3_natural,10,11,10.366666666666667,2.0909910202026367,-0.60762964907946
COHFACE_s37_session3_natural,10,12,10.4,1.8404523134231567,-0.9913235128659678
COHFACE_s37_session3_natural,10,13,10.433333333333334,1.473068356513977,-1.2622918497159903
COHFACE_s37_session3_natural,10,14,10.466666666666667,1.0566856861114502,-1.3546317949152253
COHFACE_s37_session3_natural,10,15,10.5,0.6295337677001953,-1.2470823612580304
COHFACE_s37_session3_natural,10,16,10.533333333333333,0.3432675004005432,-0.9669794550221008
COHFACE_s37_session3_natural,10,17,10.566666666666666,0.27532050013542175,-0.5782816220899498
COHFACE_s37_session3_natural,10,18,10.6,0.32035866379737854,-0.15977410967088249
COHFACE_s37_session3_natural,10,19,10.633333333333333,0.3312912881374359,0.2179861827684956
COHFACE_s37_session3_natural,10,20,10.666666666666666,0.23991364240646362,0.5094185209366487
COHFACE_s37_session3_natural,10,21,10.7,0.06316222250461578,0.7001498954821794
COHFACE_s37_session3_natural,10,22,10.733333333333333,-0.14255216717720032,0.8026754017006338
COHFACE_s37_session3_natural,10,23,10.766666666666667,-0.34717267751693726,0.8448585863460425
COHFACE_s37_session3_natural,10,24,10.8,-0.5319522619247437,0.8564599418837067
COHFACE_s37_session3_natural,10,25,10.833333333333334,-0.6808723211288452,0.8586687929485654
COHFACE_s37_session3_natural,10,26,10.866666666666667,-0.7952216863632202,0.8597081884964796
COHFACE_s37_session3_natural,10,27,10.9,-0.8751888871192932,0.8566897746644758
COHFACE_s37_session3_natural,10,28,10.933333333333334,-0.9270355105400085,0.8411220233031727
COHFACE_s37_session3_natural,10,29,10.966666666666667,-0.9610781669616699,0.8042243737680278
COHFACE_s37_session3_natural,10,30,11.0,-0.9853700995445251,0.7392445964515274
COHFACE_s37_session3_natural,10,31,11.033333333333333,-1.0131763219833374,0.6406970954097555
COHFACE_s37_session3_natural,10,32,11.066666666666666,-1.0544298887252808,0.503145457127577
COHFACE_s37_session3_natural,10,33,11.1,-1.1116201877593994,0.3227861913400065
COHFACE_s37_session3_natural,10,34,11.133333333333333,-1.088686227798462,0.10274763951776764
COHFACE_s37_session3_natural,10,35,11.166666666666666,-0.5294878482818604,-0.1409211535425696
COHFACE_s37_session3_natural,10,36,11.2,0.700070858001709,-0.3782233795081991
COHFACE_s37_session3_natural,10,37,11.233333333333333,1.7147051095962524,-0.5730767308938597
COHFACE_s37_session3_natural,10,38,11.266666666666667,2.0072708129882812,-0.6978491215675593
COHFACE_s37_session3_natural,10,39,11.3,1.8202908039093018,-0.7466894748257774
COHFACE_s37_session3_natural,10,40,11.333333333333334,1.4626827239990234,-0.7395033955085283
COHFACE_s37_session3_natural,10,41,11.366666666666667,1.0412391424179077,-0.7134377152536414
COHFACE_s37_session3_natural,10,42,11.4,0.6030163168907166,-0.7055759050945726
COHFACE_s37_session3_natural,10,43,11.433333333333334,0.3054088056087494,-0.7352436155492682
COHFACE_s37_session3_natural,10,44,11.466666666666667,0.24071206152439117,-0.7944272313933793
COHFACE_s37_session3_natural,10,45,11.5,0.3057042956352234,-0.8508281416067027
COHFACE_s37_session3_natural,10,46,11.533333333333333,0.33637723326683044,-0.8622633125272584
COHFACE_s37_session3_natural,10,47,11.566666666666666,0.2632877230644226,-0.7957893917187238
COHFACE_s37_session3_natural,10,48,11.6,0.09926062822341919,-0.6423401254723855
COHFACE_s37_session3_natural,10,49,11.633333333333333,-0.10072026401758194,-0.41991413945312245
COHFACE_s37_session3_natural,10,50,11.666666666666666,-0.30241113901138306,-0.16494231056949687
COHFACE_s37_session3_natural,10,51,11.7,-0.47970953583717346,0.08224220043152641
COHFACE_s37_session3_natural,10,52,11.733333333333333,-0.6259891390800476,0.2902526469280602
COHFACE_s37_session3_natural,10,53,11.766666666666667,-0.7412689328193665,0.4429326805656189
COHFACE_s37_session3_natural,10,54,11.8,-0.8195135593414307,0.5384173024452994
COHFACE_s37_session3_natural,10,55,11.833333333333334,-0.870448648929596,0.5836673275290765
COHFACE_s37_session3_natural,10,56,11.866666666666667,-0.903818666934967,0.5884268975024343
COHFACE_s37_session3_natural,10,57,11.9,-0.9312790632247925,0.5618552850505457
COHFACE_s37_session3_natural,10,58,11.933333333333334,-0.9611222147941589,0.5131227478557467
COHFACE_s37_session3_natural,10,59,11.966666666666667,-1.0137609243392944,0.45435014852586914
COHFACE_s37_session3_natural,10,60,12.0,-1.0325205326080322,0.401699081738559
COHFACE_s37_session3_natural,10,61,12.033333333333333,-0.6682045459747314,0.37137358877716503
COHFACE_s37_session3_natural,10,62,12.066666666666666,0.3901602327823639,0.3723746375283035
COHFACE_s37_session3_natural,10,63,12.1,1.4682652950286865,0.40155724138307514
COHFACE_s37_session3_natural,10,64,12.133333333333333,1.8912742137908936,0.4444208741006819
COHFACE_s37_session3_natural,10,65,12.166666666666666,1.7685636281967163,0.48043590710816714
COHFACE_s37_session3_natural,10,66,12.2,1.4205113649368286,0.4896394022075346
COHFACE_s37_session3_natural,10,67,12.233333333333333,0.9928879141807556,0.4578578783280272
COHFACE_s37_session3_natural,10,68,12.266666666666667,0.5385081768035889,0.37922918509713166
COHFACE_s37_session3_natural,10,69,12.3,0.20719750225543976,0.25619249400001703
COHFACE_s37_session3_natural,10,70,12.333333333333334,0.12694109976291656,0.0985008182738264
COHFACE_s37_session3_natural,10,71,12.366666666666667,0.20570126175880432,-0.07741645185018559
COHFACE_s37_session3_natural,10,72,12.4,0.2610810697078705,-0.24955426005761028
COHFACE_s37_session3_natural,10,73,12.433333333333334,0.2118874043226242,-0.393922552948188
COHFACE_s37_session3_natural,10,74,12.466666666666667,0.06655076891183853,-0.4907780520513578
COHFACE_s37_session3_natural,10,75,12.5,-0.12647700309753418,-0.5307620445353357
COHFACE_s37_session3_natural,10,76,12.533333333333333,-0.32465359568595886,-0.517459046637219
COHFACE_s37_session3_natural,10,77,12.566666666666666,-0.504749596118927,-0.4648581894236553
COHFACE_s37_session3_natural,10,78,12.6,-0.6498661637306213,-0.39135011447834384
COHFACE_s37_session3_natural,10,79,12.633333333333333,-0.7649887800216675,-0.31385601801528024
COHFACE_s37_session3_natural,10,80,12.666666666666666,-0.8442015647888184,-0.24497480575072308
COHFACE_s37_session3_natural,10,81,12.7,-0.8929740190505981,-0.19342812452959668
COHFACE_s37_session3_natural,10,82,12.733333333333333,-0.925665020942688,-0.1656238765115019
COHFACE_s37_session3_natural,10,83,12.766666666666667,-0.9608141183853149,-0.16568934725017273
COHFACE_s37_session3_natural,10,84,12.8,-1.0064181089401245,-0.19322831413618022
COHFACE_s37_session3_natural,10,85,12.833333333333334,-1.026893973350525,-0.24055590642198768
COHFACE_s37_session3_natural,10,86,12.866666666666667,-0.7630587220191956,-0.2920977914048154
COHFACE_s37_session3_natural,10,87,12.9,0.15778380632400513,-0.32737120075294734
COHFACE_s37_session3_natural,10,88,12.933333333333334,1.2430118322372437,-0.32651923403305305
COHFACE_s37_session3_natural,10,89,12.966666666666667,1.755537509918213,-0.27592299328628134
COHFACE_s37_session3_natural,10,90,13.0,1.6810836791992188,-0.17213656138562117
COHFACE_s37_session3_natural,10,91,13.033333333333333,1.3308939933776855,-0.02370417555279562
COHFACE_s37_session3_natural,10,92,13.066666666666666,0.8822603225708008,0.14941210835812785
COHFACE_s37_session3_natural,10,93,13.1,0.4040035903453827,0.31935402318751815
COHFACE_s37_session3_natural,10,94,13.133333333333333,0.0637531727552414,0.4567738285855149
COHFACE_s37_session3_natural,10,95,13.166666666666666,0.005261435639113188,0.5385389319315195
COHFACE_s37_session3_natural,10,96,13.2,0.11827170103788376,0.5538246523048499
COHFACE_s37_session3_natural,10,97,13.233333333333333,0.2001940906047821,0.505970745957759
COHFACE_s37_session3_natural,10,98,13.266666666666667,0.1617695838212967,0.4097420006197558
COHFACE_s37_session3_natural,10,99,13.3,0.021085135638713837,0.2862385823620415
COHFACE_s37_session3_natural,10,100,13.333333333333334,-0.1670578420162201,0.158571598637582
COHFACE_s37_session3_natural,10,101,13.366666666666667,-0.3615504205226898,0.04980670473755117
COHFACE_s37_session3_natural,10,102,13.4,-0.537402868270874,-0.018285891032433256
COHFACE_s37_session3_natural,10,103,13.433333333333334,-0.6856062412261963,-0.02862172568669968
COHFACE_s37_session3_natural,10,104,13.466666666666667,-0.7909215092658997,0.02456956160013314
COHFACE_s37_session3_natural,10,105,13.5,-0.8600441217422485,0.1285239258911737
COHFACE_s37_session3_natural,10,106,13.533333333333333,-0.9031836986541748,0.24940893334690015
COHFACE_s37_session3_natural,10,107,13.566666666666666,-0.9376349449157715,0.3390587678079925
COHFACE_s37_session3_natural,10,108,13.6,-0.9687920212745667,0.3512319872532245
COHFACE_s37_session3_natural,10,109,13.633333333333333,-0.9400364756584167,0.26176204031271455
COHFACE_s37_session3_natural,10,110,13.666666666666666,-0.4888441264629364,0.08293094087349648
COHFACE_s37_session3_natural,10,111,13.7,0.5616371035575867,-0.1366837442828958
COHFACE_s37_session3_natural,10,112,13.733333333333333,1.4875153303146362,-0.3291449488201558
COHFACE_s37_session3_natural,10,113,13.766666666666667,1.760856032371521,-0.43439881876777353
COHFACE_s37_session3_natural,10,114,13.8,1.5506278276443481,-0.42536818546541755
COHFACE_s37_session3_natural,10,115,13.833333333333334,1.1463030576705933,-0.31893515574209536
COHFACE_s37_session3_natural,10,116,13.866666666666667,0.6740123629570007,-0.1679984366224856
COHFACE_s37_session3_natural,10,117,13.9,0.2294902503490448,-0.03911082788213596
COHFACE_s37_session3_natural,10,118,13.933333333333334,0.011642467230558395,0.013717342958400307
COHFACE_s37_session3_natural,10,119,13.966666666666667,0.058340299874544144,-0.032009392979570894
COHFACE_s37_session3_natural,10,120,14.0,0.1900913119316101,-0.16214523720372162
COHFACE_s37_session3_natural,10,121,14.033333333333333,0.23876945674419403,-0.33469114282617696
COHFACE_s37_session3_natural,10,122,14.066666666666666,0.1579095423221588,-0.4971088131733625
COHFACE_s37_session3_natural,10,123,14.1,-0.007544633932411671,-0.604402271318849
COHFACE_s37_session3_natural,10,124,14.133333333333333,-0.20772041380405426,-0.6313497492996992
COHFACE_s37_session3_natural,10,125,14.166666666666666,-0.3908654451370239,-0.5759229703385091
COHFACE_s37_session3_natural,10,126,14.2,-0.5467008948326111,-0.45514245892444843
COHFACE_s37_session3_natural,10,127,14.233333333333333,-0.6659601926803589,-0.29715312409274397
COHFACE_s37_session3_natural,10,128,14.266666666666667,-0.7513088583946228,-0.13307523792243578
COHFACE_s37_session3_natural,10,129,14.3,-0.807518482208252,0.009760537025637549
COHFACE_s37_session3_natural,10,130,14.333333333333334,-0.848948061466217,0.11328601160974842
COHFACE_s37_session3_natural,10,131,14.366666666666667,-0.8711968064308167,0.17305598551635104
COHFACE_s37_session3_natural,10,132,14.4,-0.664482831954956,0.20029445123143635
COHFACE_s37_session3_natural,10,133,14.433333333333334,0.18579117953777313,0.21950457305796514
COHFACE_s37_session3_natural,10,134,14.466666666666667,1.296480417251587,0.26070770871221743
COHFACE_s37_session3_natural,10,135,14.5,1.8793985843658447,0.34805406483077356
COHFACE_s37_session3_natural,10,136,14.533333333333333,1.8424955606460571,0.48891718774205295
COHFACE_s37_session3_natural,10,137,14.566666666666666,1.511976957321167,0.6682183066284184
COHFACE_s37_session3_natural,10,138,14.6,1.1018117666244507,0.851047117132827
COHFACE_s37_session3_natural,10,139,14.633333333333333,0.6539199948310852,0.9931552763401716
COHFACE_s37_session3_natural,10,140,14.666666666666666,0.29580268263816833,1.0551642518128235
COHFACE_s37_session3_natural,10,141,14.7,0.1975976675748825,1.0146022743705914
COHFACE_s37_session3_natural,10,142,14.733333333333333,0.28699496388435364,0.8713479304070657
COHFACE_s37_session3_natural,10,143,14.766666666666667,0.36931341886520386,0.6454067807439611
COHFACE_s37_session3_natural,10,144,14.8,0.33146730065345764,0.36904832900324885
COHFACE_s37_session3_natural,10,145,14.833333333333334,0.17949816584587097,0.07709845146386915
COHFACE_s37_session3_natural,10,146,14.866666666666667,-0.026486553251743317,-0.20066036772735393
COHFACE_s37_session3_natural,10,147,14.9,-0.2326221615076065,-0.4424746853251267
COHFACE_s37_session3_natural,10,148,14.933333333333334,-0.40877005457878113,-0.6330799198785027
COHFACE_s37_session3_natural,10,149,14.966666666666667,-0.5524218678474426,-0.7604537748193575
COHFACE_s37_session3_natural,10,150,15.0,-0.6546566486358643,-0.8149814996178286
COHFACE_s37_session3_natural,10,151,15.033333333333333,-0.7186618447303772,-0.7931725961831381
COHFACE_s37_session3_natural,10,152,15.066666666666666,-0.7733501195907593,-0.7033122471337494
COHFACE_s37_session3_natural,10,153,15.1,-0.8206263184547424,-0.5674746335471236
COHFACE_s37_session3_natural,10,154,15.133333333333333,-0.7165746688842773,-0.4166375527621423
COHFACE_s37_session3_natural,10,155,15.166666666666666,-0.026329385116696358,-0.2807795910495449
COHFACE_s37_session3_natural,10,156,15.2,1.1186350584030151,-0.1792744360578032
COHFACE_s37_session3_natural,10,157,15.233333333333333,1.876582145690918,-0.11659922540243013
COHFACE_s37_session3_natural,10,158,15.266666666666667,1.9706379175186157,-0.08496156963705233
COHFACE_s37_session3_natural,10,159,15.3,1.7078462839126587,-0.07131257002647265
COHFACE_s37_session3_natural,10,160,15.333333333333334,1.3657727241516113,-0.06404494267484576
COHFACE_s37_session3_natural,10,161,15.366666666666667,0.9890655875205994,-0.05592784528756627
COHFACE_s37_session3_natural,10,162,15.4,0.5822135210037231,-0.043579761097429406
COHFACE_s37_session3_natural,10,163,15.433333333333334,0.32542574405670166,-0.026481774212644846
COHFACE_s37_session3_natural,10,164,15.466666666666667,0.2932817041873932,-0.007596568005353238
COHFACE_s37_session3_natural,10,165,15.5,0.3486112058162689,0.0053680509859175595
COHFACE_s37_session3_natural,10,166,15.533333333333333,0.3415512144565582,0.0008854369926565653
COHFACE_s37_session3_natural,10,167,15.566666666666666,0.21291214227676392,-0.03153988711369107
COHFACE_s37_session3_natural,10,168,15.6,0.009222076274454594,-0.09434340022078633
COHFACE_s37_session3_natural,10,169,15.633333333333333,-0.2154405266046524,-0.17725365879198665
COHFACE_s37_session3_natural,10,170,15.666666666666666,-0.42003586888313293,-0.25896130444515264
COHFACE_s37_session3_natural,10,171,15.7,-0.5838555097579956,-0.31509737103722407
COHFACE_s37_session3_natural,10,172,15.733333333333333,-0.7020586133003235,-0.327956103434372
COHFACE_s37_session3_natural,10,173,15.766666666666667,-0.7792407870292664,-0.29214400487975095
COHFACE_s37_session3_natural,10,174,15.8,-0.8236439824104309,-0.21387118432824373
COHFACE_s37_session3_natural,10,175,15.833333333333334,-0.868279755115509,-0.10623388424906043
COHFACE_s37_session3_natural,10,176,15.866666666666667,-0.904849648475647,0.015684487767359444
COHFACE_s37_session3_natural,10,177,15.9,-0.7600097060203552,0.13777512589601404
COHFACE_s37_session3_natural,10,178,15.933333333333334,0.006499921437352896,0.24829074301118007
COHFACE_s37_session3_natural,10,179,15.966666666666667,1.159127950668335,0.3391358362394213
COHFACE_s37_session3_natural,10,180,16.0,1.8614814281463623,0.40763739098231677
COHFACE_s37_session3_natural,10,181,16.033333333333335,1.9106310606002808,0.45785168108498997
COHFACE_s37_session3_natural,10,182,16.066666666666666,1.6572569608688354,0.5000140628981761
COHFACE_s37_session3_natural,10,183,16.1,1.3590271472930908,0.5475087381015754
COHFACE_s37_session3_natural,10,184,16.133333333333333,1.0185314416885376,0.6119229025721625
COHFACE_s37_session3_natural,10,185,16.166666666666668,0.6179347634315491,0.6975752612201701
COHFACE_s37_session3_natural,10,186,16.2,0.34319832921028137,0.7970863210350717
COHFACE_s37_session3_natural,10,187,16.233333333333334,0.28265711665153503,0.8895441293052151
COHFACE_s37_session3_natural,10,188,16.266666666666666,0.3015173077583313,0.942865973820983
COHFACE_s37_session3_natural,10,189,16.3,0.265305757522583,0.9212986410966165
COHFACE_s37_session3_natural,10,190,16.333333333333332,0.12951865792274475,0.7970481440465522
COHFACE_s37_session3_natural,10,191,16.366666666666667,-0.0762585997581482,0.5625510719354573
COHFACE_s37_session3_natural,10,192,16.4,-0.29665249586105347,0.23833647572602706
COHFACE_s37_session3_natural,10,193,16.433333333333334,-0.4968282878398895,-0.12809218157915103
COHFACE_s37_session3_natural,10,194,16.466666666666665,-0.6645142436027527,-0.4740250300996679
COHFACE_s37_session3_natural,10,195,16.5,-0.7868666052818298,-0.7409638734927604
COHFACE_s37_session3_natural,10,196,16.533333333333335,-0.8714231252670288,-0.8941786383641027
COHFACE_s37_session3_natural,10,197,16.566666666666666,-0.9188690781593323,-0.9335040409640842
COHFACE_s37_session3_natural,10,198,16.6,-0.9454996585845947,-0.8899481499901877
COHFACE_s37_session3_natural,10,199,16.633333333333333,-0.9737271070480347,-0.8095257488347621
COHFACE_s37_session3_natural,10,200,16.666666666666668,-1.023404836654663,-0.7323156104198025
COHFACE_s37_session3_natural,10,201,16.7,-1.0825001001358032,-0.6771403937258532
COHFACE_s37_session3_natural,10,202,16.733333333333334,-1.0340042114257812,-0.6387620363862438
COHFACE_s37_session3_natural,10,203,16.766666666666666,-0.42007359862327576,-0.5973819937890127
COHFACE_s37_session3_natural,10,204,16.8,0.8096297383308411,-0.5338208814669266
COHFACE_s37_session3_natural,10,205,16.833333333333332,1.753726840019226,-0.4415979403263548
COHFACE_s37_session3_natural,10,206,16.866666666666667,1.9692548513412476,-0.33016427404572896
COHFACE_s37_session3_natural,10,207,16.9,1.7736117839813232,-0.21905007536763088
COHFACE_s37_session3_natural,10,208,16.933333333333334,1.4993469715118408,-0.12709576196990438
COHFACE_s37_session3_natural,10,209,16.966666666666665,1.1981496810913086,-0.06278525892191417
COHFACE_s37_session3_natural,10,210,17.0,0.8104972839355469,-0.02084594984669369
COHFACE_s37_session3_natural,10,211,17.033333333333335,0.46676403284072876,0.01329192374704711
COHFACE_s37_session3_natural,10,212,17.066666666666666,0.3205598294734955,0.054495574361244636
COHFACE_s37_session3_natural,10,213,17.1,0.31892526149749756,0.11035523969991261
COHFACE_s37_session3_natural,10,214,17.133333333333333,0.3081435263156891,0.1790556735613596
COHFACE_s37_session3_natural,10,215,17.166666666666668,0.1946806162595749,0.25221045775488155
COHFACE_s37_session3_natural,10,216,17.2,0.0017911605536937714,0.31894047833703315
COHFACE_s37_session3_natural,10,217,17.233333333333334,-0.21653440594673157,0.3678997644710272
COHFACE_s37_session3_natural,10,218,17.266666666666666,-0.4211108982563019,0.3875267653030796
COHFACE_s37_session3_natural,10,219,17.3,-0.5947378277778625,0.36781362856716643
COHFACE_s37_session3_natural,10,220,17.333333333333332,-0.734561026096344,0.30597324101854667
COHFACE_s37_session3_natural,10,221,17.366666666666667,-0.8398008942604065,0.21395343518257212
COHFACE_s37_session3_natural,10,222,17.4,-0.9064024686813354,0.12136273951949683
COHFACE_s37_session3_natural,10,223,17.433333333333334,-0.9472473859786987,0.06782573393685497
COHFACE_s37_session3_natural,10,224,17.466666666666665,-0.991782546043396,0.08555940402789428
COHFACE_s37_session3_natural,10,225,17.5,-1.0387444496154785,0.1809090634143382
COHFACE_s37_session3_natural,10,226,17.533333333333335,-1.0846186876296997,0.3261238421522471
COHFACE_s37_session3_natural,10,227,17.566666666666666,-1.1370751857757568,0.4676113831698119
COHFACE_s37_session3_natural,10,228,17.6,-1.1930396556854248,0.5472031029256845
COHFACE_s37_session3_natural,10,229,17.633333333333333,-1.2416611909866333,0.525410223888963
COHFACE_s37_session3_natural,10,230,17.666666666666668,-1.2746540307998657,0.3955135426441879
COHFACE_s37_session3_natural,10,231,17.7,-1.2937341928482056,0.1834076576012627
COHFACE_s37_session3_natural,10,232,17.733333333333334,-1.3121041059494019,-0.06432446146947671
COHFACE_s37_session3_natural,10,233,17.766666666666666,-1.3365594148635864,-0.2967750446584699
COHFACE_s37_session3_natural,10,234,17.8,-1.2741950750350952,-0.4720581986106842
COHFACE_s37_session3_natural,10,235,17.833333333333332,-0.6061545014381409,-0.5639459666509765
COHFACE_s37_session3_natural,10,236,17.866666666666667,0.8209458589553833,-0.5628456491814051
COHFACE_s37_session3_natural,10,237,17.9,1.988882064819336,-0.4744255367254461
COHFACE_s37_session3_natural,10,238,17.933333333333334,2.3162131309509277,-0.31771188821566815
COHFACE_s37_session3_natural,10,239,17.966666666666665,2.1292836666107178,-0.1221107985428839
COHFACE_s37_session3_natural,11,0,11.0,-0.9853700995445251,0.06277247263291198
COHFACE_s37_session3_natural,11,1,11.033333333333333,-1.0131763219833374,0.362915635512906
COHFACE_s37_session3_natural,11,2,11.066666666666666,-1.0544298887252808,0.6162096247446235
COHFACE_s37_session3_natural,11,3,11.1,-1.1116201877593994,0.7938143106348012
COHFACE_s37_session3_natural,11,4,11.133333333333333,-1.088686227798462,0.8914065744306993
COHFACE_s37_session3_natural,11,5,11.166666666666666,-0.5294878482818604,0.9263777674223966
COHFACE_s37_session3_natural,11,6,11.2,0.700070858001709,0.9245453915916736
COHFACE_s37_session3_natural,11,7,11.233333333333333,1.7147051095962524,0.9034964604421731
COHFACE_s37_session3_natural,11,8,11.266666666666667,2.0072708129882812,0.861133435652414
COHFACE_s37_session3_natural,11,9,11.3,1.8202908039093018,0.7750298113814138
COHFACE_s37_session3_natural,11,10,11.333333333333334,1.4626827239990234,0.6134292313831795
COHFACE_s37_session3_natural,11,11,11.366666666666667,1.0412391424179077,0.3536900191891936
COHFACE_s37_session3_natural,11,12,11.4,0.6030163168907166,1.8466308856564424e-05
COHFACE_s37_session3_natural,11,13,11.433333333333334,0.3054088056087494,-0.4084518347293634
COHFACE_s37_session3_natural,11,14,11.466666666666667,0.24071206152439117,-0.8045355941978595
COHFACE_s37_session3_natural,11,15,11.5,0.3057042956352234,-1.1131747787520985
COHFACE_s37_session3_natural,11,16,11.533333333333333,0.33637723326683044,-1.2762987397456163
COHFACE_s37_session3_natural,11,17,11.566666666666666,0.2632877230644226,-1.2712384163057844
COHFACE_s37_session3_natural,11,18,11.6,0.09926062822341919,-1.1155068652022226
COHFACE_s37_session3_natural,11,19,11.633333333333333,-0.10072026401758194,-0.8577459765347409
COHFACE_s37_session3_natural,11,20,11.666666666666666,-0.30241113901138306,-0.5599659578869466
COHFACE_s37_session3_natural,11,21,11.7,-0.47970953583717346,-0.2782564851007731
COHFACE_s37_session3_natural,11,22,11.733333333333333,-0.6259891390800476,-0.04845399015149809
COHFACE_s37_session3_natural,11,23,11.766666666666667,-0.7412689328193665,0.11925109464149328
COHFACE_s37_session3_natural,11,24,11.8,-0.8195135593414307,0.23611775191519416
COHFACE_s37_session3_natural,11,25,11.833333333333334,-0.870448648929596,0.32376254273802324
COHFACE_s37_session3_natural,11,26,11.866666666666667,-0.903818666934967,0.40137668019960393
COHFACE_s37_session3_natural,11,27,11.9,-0.9312790632247925,0.4771110744515773
COHFACE_s37_session3_natural,11,28,11.933333333333334,-0.9611222147941589,0.5474856012994875
COHFACE_s37_session3_natural,11,29,11.966666666666667,-1.0137609243392944,0.6039327922000187
COHFACE_s37_session3_natural,11,30,12.0,-1.0325205326080322,0.640360027548599
COHFACE_s37_session3_natural,11,31,12.033333333333333,-0.6682045459747314,0.6552079573464128
COHFACE_s37_session3_natural,11,32,12.066666666666666,0.3901602327823639,0.6477142594242236
COHFACE_s37_session3_natural,11,33,12.1,1.4682652950286865,0.6141008862756365
COHFACE_s37_session3_natural,11,34,12.133333333333333,1.8912742137908936,0.5485238180535199
COHFACE_s37_session3_natural,11,35,12.166666666666666,1.7685636281967163,0.4481762296017825
COHFACE_s37_session3_natural,11,36,12.2,1.4205113649368286,0.31791391599728935
COHFACE_s37_session3_natural,11,37,12.233333333333333,0.9928879141807556,0.17008089145148722
COHFACE_s37_session3_natural,11,38,12.266666666666667,0.5385081768035889,0.019193457570805844
COHFACE_s37_session3_natural,11,39,12.3,0.20719750225543976,-0.1244846000863794
COHFACE_s37_session3_natural,11,40,12.333333333333334,0.12694109976291656,-0.25718982814473246
COHFACE_s37_session3_natural,11,41,12.366666666666667,0.20570126175880432,-0.3776014591583749
COHFACE_s37_session3_natural,11,42,12.4,0.2610810697078705,-0.479963703236593
COHFACE_s37_session3_natural,11,43,12.433333333333334,0.2118874043226242,-0.5509690955634402
COHFACE_s37_session3_natural,11,44,12.466666666666667,0.06655076891183853,-0.574245192850793
COHFACE_s37_session3_natural,11,45,12.5,-0.12647700309753418,-0.5401301757040632
COHFACE_s37_session3_natural,11,46,12.533333333333333,-0.32465359568595886,-0.4539069939770623
COHFACE_s37_session3_natural,11,47,12.566666666666666,-0.504749596118927,-0.33636887846319463
COHFACE_s37_session3_natural,11,48,12.6,-0.6498661637306213,-0.21624372475890216
COHFACE_s37_session3_natural,11,49,12.633333333333333,-0.7649887800216675,-0.11960179414784602
COHFACE_s37_session3_natural,11,50,12.666666666666666,-0.8442015647888184,-0.062256920884340906
COHFACE_s37_session3_natural,11,51,12.7,-0.8929740190505981,-0.04796113851753993
COHFACE_s37_session3_natural,11,52,12.733333333333333,-0.925665020942688,-0.07125429269581564
COHFACE_s37_session3_natural,11,53,12.766666666666667,-0.9608141183853149,-0.12175968605453324
COHFACE_s37_session3_natural,11,54,12.8,-1.0064181089401245,-0.1873062523259778
COHFACE_s37_session3_natural,11,55,12.833333333333334,-1.026893973350525,-0.25522339728738846
COHFACE_s37_session3_natural,11,56,12.866666666666667,-0.7630587220191956,-0.31263422830755344
COHFACE_s37_session3_natural,11,57,12.9,0.15778380632400513,-0.34677611133636715
COHFACE_s37_session3_natural,11,58,12.933333333333334,1.2430118322372437,-0.3456697531779936
COHFACE_s37_session3_natural,11,59,12.966666666666667,1.755537509918213,-0.29896624314479375
COHFACE_s37_session3_natural,11,60,13.0,1.6810836791992188,-0.1991767563501319
COHFACE_s37_session3_natural,11,61,13.033333333333333,1.3308939933776855,-0.04390041024638818
COHFACE_s37_session3_natural,11,62,13.066666666666666,0.8822603225708008,0.16093538969554322
COHFACE_s37_session3_natural,11,63,13.1,0.4040035903453827,0.398306630782951
COHFACE_s37_session3_natural,11,64,13.133333333333333,0.0637531727552414,0.6404093545894377
COHFACE_s37_session3_natural,11,65,13.166666666666666,0.005261435639113188,0.8535379394148891
COHFACE_s37_session3_natural,11,66,13.2,0.11827170103788376,1.0055846967555633
COHFACE_s37_session3_natural,11,67,13.233333333333333,0.2001940906047821,1.0721392634265225
COHFACE_s37_session3_natural,11,68,13.266666666666667,0.1617695838212967,1.0391155247032906
COHFACE_s37_session3_natural,11,69,13.3,0.021085135638713837,0.9033737128730287
COHFACE_s37_session3_natural,11,70,13.333333333333334,-0.1670578420162201,0.6740698726981967
COHFACE_s37_session3_natural,11,71,13.366666666666667,-0.3615504205226898,0.37545141245610525
COHFACE_s37_session3_natural,11,72,13.4,-0.537402868270874,0.048306770597840755
COHFACE_s37_session3_natural,11,73,13.433333333333334,-0.6856062412261963,-0.2543727758791706
COHFACE_s37_session3_natural,11,74,13.466666666666667,-0.7909215092658997,-0.479620209379453
COHFACE_s37_session3_natural,11,75,13.5,-0.8600441217422485,-0.5918327510374665
COHFACE_s37_session3_natural,11,76,13.533333333333333,-0.9031836986541748,-0.5881346527151448
COHFACE_s37_session3_natural,11,77,13.566666666666666,-0.9376349449157715,-0.503121720806282
COHFACE_s37_session3_natural,11,78,13.6,-0.9687920212745667,-0.39702521218896686
COHFACE_s37_session3_natural,11,79,13.633333333333333,-0.9400364756584167,-0.3292104186510427
COHFACE_s37_session3_natural,11,80,13.666666666666666,-0.4888441264629364,-0.329229046921572
COHFACE_s37_session3_natural,11,81,13.7,0.5616371035575867,-0.3820366694831489
COHFACE_s37_session3_natural,11,82,13.733333333333333,1.4875153303146362,-0.43690715680239217
COHFACE_s37_session3_natural,11,83,13.766666666666667,1.760856032371521,-0.43578014415168065
COHFACE_s37_session3_natural,11,84,13.8,1.5506278276443481,-0.34561294768631795
COHFACE_s37_session3_natural,11,85,13.833333333333334,1.1463030576705933,-0.1772942741297673
COHFACE_s37_session3_natural,11,86,13.866666666666667,0.6740123629570007,0.018268014232740392
COHFACE_s37_session3_natural,11,87,13.9,0.2294902503490448,0.173649249969341
COHFACE_s37_session3_natural,11,88,13.933333333333334,0.011642467230558395,0.23508550742644968
COHFACE_s37_session3_natural,11,89,13.966666666666667,0.058340299874544144,0.1842444757872884
COHFACE_s37_session3_natural,11,90,14.0,0.1900913119316101,0.04224547242370662
COHFACE_s37_session3_natural,11,91,14.033333333333333,0.23876945674419403,-0.1434065411674145
COHFACE_s37_session3_natural,11,92,14.066666666666666,0.1579095423221588,-0.3196799313179704
COHFACE_s37_session3_natural,11,93,14.1,-0.007544633932411671,-0.4452068618169925
COHFACE_s37_session3_natural,11,94,14.133333333333333,-0.20772041380405426,-0.4976239884692573
COHFACE_s37_session3_natural,11,95,14.166666666666666,-0.3908654451370239,-0.4724541315860509
COHFACE_s37_session3_natural,11,96,14.2,-0.5467008948326111,-0.37880388741124144
COHFACE_s37_session3_natural,11,97,14.233333333333333,-0.6659601926803589,-0.23603907676986532
COHFACE_s37_session3_natural,11,98,14.266666666666667,-0.7513088583946228,-0.07175295776862828
COHFACE_s37_session3_natural,11,99,14.3,-0.807518482208252,0.08185668712025157
COHFACE_s37_session3_natural,11,100,14.333333333333334,-0.848948061466217,0.19598850531470924
COHFACE_s37_session3_natural,11,101,14.366666666666667,-0.8711968064308167,0.25662609618499355
COHFACE_s37_session3_natural,11,102,14.4,-0.664482831954956,0.2733651345220193
COHFACE_s37_session3_natural,11,103,14.433333333333334,0.18579117953777313,0.27845583574872645
COHFACE_s37_session3_natural,11,104,14.466666666666667,1.296480417251587,0.3138044522890754
COHFACE_s37_session3_natural,11,105,14.5,1.8793985843658447,0.41127610032526984
COHFACE_s37_session3_natural,11,106,14.533333333333333,1.8424955606460571,0.5761591319878249
COHFACE_s37_session3_natural,11,107,14.566666666666666,1.511976957321167,0.7821716573971943
COHFACE_s37_session3_natural,11,108,14.6,1.1018117666244507,0.9799099250021154
COHFACE_s37_session3_natural,11,109,14.633333333333333,0.6539199948310852,1.1137732226715225
COHFACE_s37_session3_natural,11,110,14.666666666666666,0.29580268263816833,1.13952356442783
COHFACE_s37_session3_natural,11,111,14.7,0.1975976675748825,1.0361921532218947
COHFACE_s37_session3_natural,11,112,14.733333333333333,0.28699496388435364,0.8098360067257473
COHFACE_s37_session3_natural,11,113,14.766666666666667,0.36931341886520386,0.4900504981142738
COHFACE_s37_session3_natural,11,114,14.8,0.33146730065345764,0.1216369240064581
COHFACE_s37_session3_natural,11,115,14.833333333333334,0.17949816584587097,-0.2460239643518697
COHFACE_s37_session3_natural,11,116,14.866666666666667,-0.026486553251743317,-0.5693081629157518
COHFACE_s37_session3_natural,11,117,14.9,-0.2326221615076065,-0.8176470224017968
COHFACE_s37_session3_natural,11,118,14.933333333333334,-0.40877005457878113,-0.9755228059684828
COHFACE_s37_session3_natural,11,119,14.966666666666667,-0.5524218678474426,-1.0393249538087015
COHFACE_s37_session3_natural,11,120,15.0,-0.6546566486358643,-1.0129357289548986
COHFACE_s37_session3_natural,11,121,15.033333333333333,-0.7186618447303772,-0.9065805155347978
COHFACE_s37_session3_natural,11,122,15.066666666666666,-0.7733501195907593,-0.7389969112741072
COHFACE_s37_session3_natural,11,123,15.1,-0.8206263184547424,-0.5384509589666977
COHFACE_s37_session3_natural,11,124,15.133333333333333,-0.7165746688842773,-0.33884633640852097
COHFACE_s37_session3_natural,11,125,15.166666666666666,-0.026329385116696358,-0.17148557366675987
COHFACE_s37_session3_natural,11,126,15.2,1.1186350584030151,-0.056475971293423695
COHFACE_s37_session3_natural,11,127,15.233333333333333,1.876582145690918,0.0017559089032241418
COHFACE_s37_session3_natural,11,128,15.266666666666667,1.9706379175186157,0.012724584684457127
COHFACE_s37_session3_natural,11,129,15.3,1.7078462839126587,-0.00637906693734841
COHFACE_s37_session3_natural,11,130,15.333333333333334,1.3657727241516113,-0.03690449790233264
COHFACE_s37_session3_natural,11,131,15.366666666666667,0.9890655875205994,-0.06134157473365135
COHFACE_s37_session3_natural,11,132,15.4,0.5822135210037231,-0.06354955983033443
COHFACE_s37_session3_natural,11,133,15.433333333333334,0.32542574405670166,-0.031062338283899548
COHFACE_s37_session3_natural,11,134,15.466666666666667,0.2932817041873932,0.038736156131736345
COHFACE_s37_session3_natural,11,135,15.5,0.3486112058162689,0.13226726539718936
COHFACE_s37_session3_natural,11,136,15.533333333333333,0.3415512144565582,0.2195965005214444
COHFACE_s37_session3_natural,11,137,15.566666666666666,0.21291214227676392,0.26396438349907736
COHFACE_s37_session3_natural,11,138,15.6,0.009222076274454594,0.23776434258364906
COHFACE_s37_session3_natural,11,139,15.633333333333333,-0.2154405266046524,0.1364447966594596
COHFACE_s37_session3_natural,11,140,15.666666666666666,-0.42003586888313293,-0.01751487676950001
COHFACE_s37_session3_natural,11,141,15.7,-0.5838555097579956,-0.18260748901816137
COHFACE_s37_session3_natural,11,142,15.733333333333333,-0.7020586133003235,-0.31362952620484735
COHFACE_s37_session3_natural,11,143,15.766666666666667,-0.7792407870292664,-0.37654853071810274
COHFACE_s37_session3_natural,11,144,15.8,-0.8236439824104309,-0.3572556232257506
COHFACE_s37_session3_natural,11,145,15.833333333333334,-0.868279755115509,-0.26302121599613093
COHFACE_s37_session3_natural,11,146,15.866666666666667,-0.904849648475647,-0.1183599832768853
COHFACE_s37_session3_natural,11,147,15.9,-0.7600097060203552,0.04257826908073713
COHFACE_s37_session3_natural,11,148,15.933333333333334,0.006499921437352896,0.18568845300769585
COHFACE_s37_session3_natural,11,149,15.966666666666667,1.159127950668335,0.28718232195462906
COHFACE_s37_session3_natural,11,150,16.0,1.8614814281463623,0.34156292832797075
COHFACE_s37_session3_natural,11,151,16.033333333333335,1.9106310606002808,0.3637524035694459
COHFACE_s37_session3_natural,11,152,16.066666666666666,1.6572569608688354,0.38373829060588627
COHFACE_s37_session3_natural,11,153,16.1,1.3590271472930908,0.43528900787199426
COHFACE_s37_session3_natural,11,154,16.133333333333333,1.0185314416885376,0.5425038544074826
COHFACE_s37_session3_natural,11,155,16.166666666666668,0.6179347634315491,0.7085695882701514
COHFACE_s37_session3_natural,11,156,16.2,0.34319832921028137,0.9104139268122019
COHFACE_s37_session3_natural,11,157,16.233333333333334,0.28265711665153503,1.101284522843424
COHFACE_s37_session3_natural,11,158,16.266666666666666,0.3015173077583313,1.2210419645410446
COHFACE_s37_session3_natural,11,159,16.3,0.265305757522583,1.2118078071807725
COHFACE_s37_session3_natural,11,160,16.333333333333332,0.12951865792274475,1.0351492442226267
COHFACE_s37_session3_natural,11,161,16.366666666666667,-0.0762585997581482,0.6864156551821852
COHFACE_s37_session3_natural,11,162,16.4,-0.29665249586105347,0.20205341709603616
COHFACE_s37_session3_natural,11,163,16.433333333333334,-0.4968282878398895,-0.3435941208882447
COHFACE_s37_session3_natural,11,164,16.466666666666665,-0.6645142436027527,-0.8539763044010213
COHFACE_s37_session3_natural,11,165,16.5,-0.7868666052818298,-1.2366469623750962
COHFACE_s37_session3_natural,11,166,16.533333333333335,-0.8714231252670288,-1.4323229772531993
COHFACE_s37_session3_natural,11,167,16.566666666666666,-0.9188690781593323,-1.4345815909711492
COHFACE_s37_session3_natural,11,168,16.6,-0.9454996585845947,-1.2898656242105717
COHFACE_s37_session3_natural,11,169,16.633333333333333,-0.9737271070480347,-1.0759152328173243
COHFACE_s37_session3_natural,11,170,16.666666666666668,-1.023404836654663,-0.8681387125134102
COHFACE_s37_session3_natural,11,171,16.7,-1.0825001001358032,-0.7104286985619761
COHFACE_s37_session3_natural,11,172,16.733333333333334,-1.0340042114257812,-0.6042702735213451
COHFACE_s37_session3_natural,11,173,16.766666666666666,-0.42007359862327576,-0.5196088754849728
COHFACE_s37_session3_natural,11,174,16.8,0.8096297383308411,-0.4192782933138751
COHFACE_s37_session3_natural,11,175,16.833333333333332,1.753726840019226,-0.2825419484424375
COHFACE_s37_session3_natural,11,176,16.866666666666667,1.9692548513412476,-0.11575565019206124
COHFACE_s37_session3_natural,11,177,16.9,1.7736117839813232,0.05331472755989877
COHFACE_s37_session3_natural,11,178,16.933333333333334,1.4993469715118408,0.19196179835936117
COHFACE_s37_session3_natural,11,179,16.966666666666665,1.1981496810913086,0.27936414456588626
COHFACE_s37_session3_natural,11,180,17.0,0.8104972839355469,0.31463564851890197
COHFACE_s37_session3_natural,11,181,17.033333333333335,0.46676403284072876,0.3129673230604632
COHFACE_s37_session3_natural,11,182,17.066666666666666,0.3205598294734955,0.29382284790724017
COHFACE_s37_session3_natural,11,183,17.1,0.31892526149749756,0.2693782193280659
COHFACE_s37_session3_natural,11,184,17.133333333333333,0.3081435263156891,0.24041702453076624
COHFACE_s37_session3_natural,11,185,17.166666666666668,0.1946806162595749,0.20132921164293194
COHFACE_s37_session3_natural,11,186,17.2,0.0017911605536937714,0.1492216393409897
COHFACE_s37_session3_natural,11,187,17.233333333333334,-0.21653440594673157,0.08971830050915841
COHFACE_s37_session3_natural,11,188,17.266666666666666,-0.4211108982563019,0.03604413580018075
COHFACE_s37_session3_natural,11,189,17.3,-0.5947378277778625,0.003973295894230127
COHFACE_s37_session3_natural,11,190,17.333333333333332,-0.734561026096344,0.007457996794064771
COHFACE_s37_session3_natural,11,191,17.366666666666667,-0.8398008942604065,0.057176380010468514
COHFACE_s37_session3_natural,11,192,17.4,-0.9064024686813354,0.15985009691568625
COHFACE_s37_session3_natural,11,193,17.433333333333334,-0.9472473859786987,0.3148187873153318
COHFACE_s37_session3_natural,11,194,17.466666666666665,-0.991782546043396,0.508116793388188
COHFACE_s37_session3_natural,11,195,17.5,-1.0387444496154785,0.7091011015920218
COHFACE_s37_session3_natural,11,196,17.533333333333335,-1.0846186876296997,0.8751926716782629
COHFACE_s37_session3_natural,11,197,17.566666666666666,-1.1370751857757568,0.9653960344861598
COHFACE_s37_session3_natural,11,198,17.6,-1.1930396556854248,0.956171866435117
COHFACE_s37_session3_natural,11,199,17.633333333333333,-1.2416611909866333,0.84991319406289
COHFACE_s37_session3_natural,11,200,17.666666666666668,-1.2746540307998657,0.6703632565177663
COHFACE_s37_session3_natural,11,201,17.7,-1.2937341928482056,0.4478961525553504
COHFACE_s37_session3_natural,11,202,17.733333333333334,-1.3121041059494019,0.20442963204415893
COHFACE_s37_session3_natural,11,203,17.766666666666666,-1.3365594148635864,-0.05217899822528317
COHFACE_s37_session3_natural,11,204,17.8,-1.2741950750350952,-0.32156125686140036
COHFACE_s37_session3_natural,11,205,17.833333333333332,-0.6061545014381409,-0.5980259738183231
COHFACE_s37_session3_natural,11,206,17.866666666666667,0.8209458589553833,-0.8610248011166367
COHFACE_s37_session3_natural,11,207,17.9,1.988882064819336,-1.0754085496597545
COHFACE_s37_session3_natural,11,208,17.933333333333334,2.3162131309509277,-1.2012758385654487
COHFACE_s37_session3_natural,11,209,17.966666666666665,2.1292836666107178,-1.207894757163908
COHFACE_s37_session3_natural,11,210,18.0,1.8317766189575195,-1.085540138179419
COHFACE_s37_session3_natural,11,211,18.033333333333335,1.5403929948806763,-0.8513941049937813
COHFACE_s37_session3_natural,11,212,18.066666666666666,1.1823511123657227,-0.5477996548079871
COHFACE_s37_session3_natural,11,213,18.1,0.8136847019195557,-0.2327193312515692
COHFACE_s37_session3_natural,11,214,18.133333333333333,0.6139929890632629,0.03583530271303148
COHFACE_s37_session3_natural,11,215,18.166666666666668,0.5820689797401428,0.2170975881162205
COHFACE_s37_session3_natural,11,216,18.2,0.5760085582733154,0.3000875073561646
COHFACE_s37_session3_natural,11,217,18.233333333333334,0.4812738001346588,0.30539076097931434
COHFACE_s37_session3_natural,11,218,18.266666666666666,0.2876739501953125,0.2744431158645286
COHFACE_s37_session3_natural,11,219,18.3,0.04982806742191315,0.25069066583427296
COHFACE_s37_session3_natural,11,220,18.333333333333332,-0.18506932258605957,0.2613683008637851
COHFACE_s37_session3_natural,11,221,18.366666666666667,-0.3791658282279968,0.3083930350707149
COHFACE_s37_session3_natural,11,222,18.4,-0.5313109755516052,0.3717248310091045
COHFACE_s37_session3_natural,11,223,18.433333333333334,-0.6515824198722839,0.42190155475046554
COHFACE_s37_session3_natural,11,224,18.466666666666665,-0.7345484495162964,0.43445137603133027
COHFACE_s37_session3_natural,11,225,18.5,-0.793184757232666,0.39926387115628864
COHFACE_s37_session3_natural,11,226,18.533333333333335,-0.8425041437149048,0.32185463528144675
COHFACE_s37_session3_natural,11,227,18.566666666666666,-0.892137885093689,0.2179161963151625
COHFACE_s37_session3_natural,11,228,18.6,-0.9477629065513611,0.10502402685612901
COHFACE_s37_session3_natural,11,229,18.633333333333333,-1.0055253505706787,-0.004419316536047881
COHFACE_s37_session3_natural,11,230,18.666666666666668,-1.066374659538269,-0.10609215554319906
COHFACE_s37_session3_natural,11,231,18.7,-1.1281605958938599,-0.20165049881295502
COHFACE_s37_session3_natural,11,232,18.733333333333334,-1.1858476400375366,-0.29314077987896175
COHFACE_s37_session3_natural,11,233,18.766666666666666,-1.2297542095184326,-0.37717439676744446
COHFACE_s37_session3_natural,11,234,18.8,-1.2641236782073975,-0.4422699975054707
COHFACE_s37_session3_natural,11,235,18.833333333333332,-1.2822608947753906,-0.4712339204940529
COHFACE_s37_session3_natural,11,236,18.866666666666667,-1.3004170656204224,-0.44786929634039657
COHFACE_s37_session3_natural,11,237,18.9,-1.3269847631454468,-0.3649294589610263
COHFACE_s37_session3_natural,11,238,18.933333333333334,-1.264280915260315,-0.22934730723662058
COHFACE_s37_session3_natural,11,239,18.966666666666665,-0.5891426205635071,-0.06209531794465267
COHFACE_s37_session3_natural,12,0,12.0,-1.0325205326080322,-0.021635480715057217
COHFACE_s37_session3_natural,12,1,12.033333333333333,-0.6682045459747314,-0.046209931164202175
COHFACE_s37_session3_natural,12,2,12.066666666666666,0.3901602327823639,-0.040176225736272005
COHFACE_s37_session3_natural,12,3,12.1,1.4682652950286865,0.02459159645758373
COHFACE_s37_session3_natural,12,4,12.133333333333333,1.8912742137908936,0.16706428591098035
COHFACE_s37_session3_natural,12,5,12.166666666666666,1.7685636281967163,0.3865273357528863
COHFACE_s37_session3_natural,12,6,12.2,1.4205113649368286,0.6535831652403772
COHFACE_s37_session3_natural,12,7,12.233333333333333,0.9928879141807556,0.9108900209474484
COHFACE_s37_session3_natural,12,8,12.266666666666667,0.5385081768035889,1.0871567713669104
COHFACE_s37_session3_natural,12,9,12.3,0.20719750225543976,1.1200680277183768
COHFACE_s37_session3_natural,12,10,12.333333333333334,0.12694109976291656,0.9791189569107023
COHFACE_s37_session3_natural,12,11,12.366666666666667,0.20570126175880432,0.6792237641174232
COHFACE_s37_session3_natural,12,12,12.4,0.2610810697078705,0.2791519746389326
COHFACE_s37_session3_natural,12,13,12.433333333333334,0.2118874043226242,-0.13554363043661963
COHFACE_s37_session3_natural,12,14,12.466666666666667,0.06655076891183853,-0.47897617795604547
COHFACE_s37_session3_natural,12,15,12.5,-0.12647700309753418,-0.6905160016120511
COHFACE_s37_session3_natural,12,16,12.533333333333333,-0.32465359568595886,-0.7500123875046465
COHFACE_s37_session3_natural,12,17,12.566666666666666,-0.504749596118927,-0.6780999305335472
COHFACE_s37_session3_natural,12,18,12.6,-0.6498661637306213,-0.5235343364389258
COHFACE_s37_session3_natural,12,19,12.633333333333333,-0.7649887800216675,-0.3442282171375596
COHFACE_s37_session3_natural,12,20,12.666666666666666,-0.8442015647888184,-0.18958916139024032
COHFACE_s37_session3_natural,12,21,12.7,-0.8929740190505981,-0.08948577557821262
COHFACE_s37_session3_natural,12,22,12.733333333333333,-0.925665020942688,-0.051593526428728054
COHFACE_s37_session3_natural,12,23,12.766666666666667,-0.9608141183853149,-0.06561292936653966
COHFACE_s37_session3_natural,12,24,12.8,-1.0064181089401245,-0.11094041900932256
COHFACE_s37_session3_natural,12,25,12.833333333333334,-1.026893973350525,-0.16426559229742696
COHFACE_s37_session3_natural,12,26,12.866666666666667,-0.7630587220191956,-0.2049257401330211
COHFACE_s37_session3_natural,12,27,12.9,0.15778380632400513,-0.21752519321386465
COHFACE_s37_session3_natural,12,28,12.933333333333334,1.2430118322372437,-0.19240664956454717
COHFACE_s37_session3_natural,12,29,12.966666666666667,1.755537509918213,-0.12522215297538322
COHFACE_s37_session3_natural,12,30,13.0,1.6810836791992188,-0.017213645923313408
COHFACE_s37_session3_natural,12,31,13.033333333333333,1.3308939933776855,0.12313566090979043
COHFACE_s37_session3_natural,12,32,13.066666666666666,0.8822603225708008,0.278750499951561
COHFACE_s37_session3_natural,12,33,13.1,0.4040035903453827,0.42571815021350917
COHFACE_s37_session3_natural,12,34,13.133333333333333,0.0637531727552414,0.5389835298271408
COHFACE_s37_session3_natural,12,35,13.166666666666666,0.005261435639113188,0.5996288163069015
COHFACE_s37_session3_natural,12,36,13.2,0.11827170103788376,0.5999443037850971
COHFACE_s37_session3_natural,12,37,13.233333333333333,0.2001940906047821,0.5437386071982759
COHFACE_s37_session3_natural,12,38,13.266666666666667,0.1617695838212967,0.44231023535883546
COHFACE_s37_session3_natural,12,39,13.3,0.021085135638713837,0.30926805488661807
COHFACE_s37_session3_natural,12,40,13.333333333333334,-0.1670578420162201,0.158019066496258
COHFACE_s37_session3_natural,12,41,13.366666666666667,-0.3615504205226898,0.003351253528196602
COHFACE_s37_session3_natural,12,42,13.4,-0.537402868270874,-0.1356239892315597
COHFACE_s37_session3_natural,12,43,13.433333333333334,-0.6856062412261963,-0.2361628051623878
COHFACE_s37_session3_natural,12,44,13.466666666666667,-0.7909215092658997,-0.27893616755512546
COHFACE_s37_session3_natural,12,45,13.5,-0.8600441217422485,-0.25892771072688403
COHFACE_s37_session3_natural,12,46,13.533333333333333,-0.9031836986541748,-0.19335464793217616
COHFACE_s37_session3_natural,12,47,13.566666666666666,-0.9376349449157715,-0.11973795360042508
COHFACE_s37_session3_natural,12,48,13.6,-0.9687920212745667,-0.08227083382039718
COHFACE_s37_session3_natural,12,49,13.633333333333333,-0.9400364756584167,-0.1117627795583885
COHFACE_s37_session3_natural,12,50,13.666666666666666,-0.4888441264629364,-0.20922626810606412
COHFACE_s37_session3_natural,12,51,13.7,0.5616371035575867,-0.3425385850462133
COHFACE_s37_session3_natural,12,52,13.733333333333333,1.4875153303146362,-0.4593564301381147
COHFACE_s37_session3_natural,12,53,13.766666666666667,1.760856032371521,-0.5108861759518342
COHFACE_s37_session3_natural,12,54,13.8,1.5506278276443481,-0.4749562389745336
COHFACE_s37_session3_natural,12,55,13.833333333333334,1.1463030576705933,-0.3667093010140702
COHFACE_s37_session3_natural,12,56,13.866666666666667,0.6740123629570007,-0.2315627355458787
COHFACE_s37_session3_natural,12,57,13.9,0.2294902503490448,-0.12409012055270811
COHFACE_s37_session3_natural,12,58,13.933333333333334,0.011642467230558395,-0.08315454648710129
COHFACE_s37_session3_natural,12,59,13.966666666666667,0.058340299874544144,-0.11510527999733759
COHFACE_s37_session3_natural,12,60,14.0,0.1900913119316101,-0.19276515882642398
COHFACE_s37_session3_natural,12,61,14.033333333333333,0.23876945674419403,-0.2700503828218811
COHFACE_s37_session3_natural,12,62,14.066666666666666,0.1579095423221588,-0.30402856684053853
COHFACE_s37_session3_natural,12,63,14.1,-0.007544633932411671,-0.27275819083231123
COHFACE_s37_session3_natural,12,64,14.133333333333333,-0.20772041380405426,-0.18075417284467957
COHFACE_s37_session3_natural,12,65,14.166666666666666,-0.3908654451370239,-0.05177291591520009
COHFACE_s37_session3_natural,12,66,14.2,-0.5467008948326111,0.08438615971972087
COHFACE_s37_session3_natural,12,67,14.233333333333333,-0.6659601926803589,0.20266141425456377
COHFACE_s37_session3_natural,12,68,14.266666666666667,-0.7513088583946228,0.28705518033610133
COHFACE_s37_session3_natural,12,69,14.3,-0.807518482208252,0.33041409550472195
COHFACE_s37_session3_natural,12,70,14.333333333333334,-0.848948061466217,0.333965534140106
COHFACE_s37_session3_natural,12,71,14.366666666666667,-0.8711968064308167,0.3087414061625472
COHFACE_s37_session3_natural,12,72,14.4,-0.664482831954956,0.2768122331185632
COHFACE_s37_session3_natural,12,73,14.433333333333334,0.18579117953777313,0.26810056045874814
COHFACE_s37_session3_natural,12,74,14.466666666666667,1.296480417251587,0.31085652378790185
COHFACE_s37_session3_natural,12,75,14.5,1.8793985843658447,0.41881804142967105
COHFACE_s37_session3_natural,12,76,14.533333333333333,1.8424955606460571,0.5817245223935303
COHFACE_s37_session3_natural,12,77,14.566666666666666,1.511976957321167,0.7652106443673384
COHFACE_s37_session3_natural,12,78,14.6,1.1018117666244507,0.9210893000116657
COHFACE_s37_session3_natural,12,79,14.633333333333333,0.6539199948310852,1.0033797961030937
COHFACE_s37_session3_natural,12,80,14.666666666666666,0.29580268263816833,0.9830779391735289
COHFACE_s37_session3_natural,12,81,14.7,0.1975976675748825,0.8560501809223002
COHFACE_s37_session3_natural,12,82,14.733333333333333,0.28699496388435364,0.6418634810024194
COHFACE_s37_session3_natural,12,83,14.766666666666667,0.36931341886520386,0.37502910712262316
COHFACE_s37_session3_natural,12,84,14.8,0.33146730065345764,0.09271469611280607
COHFACE_s37_session3_natural,12,85,14.833333333333334,0.17949816584587097,-0.17608844488412417
COHFACE_s37_session3_natural,12,86,14.866666666666667,-0.026486553251743317,-0.41575378370323623
COHFACE_s37_session3_natural,12,87,14.9,-0.2326221615076065,-0.6218920940845605
COHFACE_s37_session3_natural,12,88,14.933333333333334,-0.40877005457878113,-0.7938398856708926
COHFACE_s37_session3_natural,12,89,14.966666666666667,-0.5524218678474426,-0.9267383706066299
COHFACE_s37_session3_natural,12,90,15.0,-0.6546566486358643,-1.0087292445386769
COHFACE_s37_session3_natural,12,91,15.033333333333333,-0.7186618447303772,-1.0255857493010778
COHFACE_s37_session3_natural,12,92,15.066666666666666,-0.7733501195907593,-0.9694629557545145
COHFACE_s37_session3_natural,12,93,15.1,-0.8206263184547424,-0.8452957213243885
COHFACE_s37_session3_natural,12,94,15.133333333333333,-0.7165746688842773,-0.6708846717821046
COHFACE_s37_session3_natural,12,95,15.166666666666666,-0.026329385116696358,-0.4717101284293297
COHFACE_s37_session3_natural,12,96,15.2,1.1186350584030151,-0.27424702784112115
COHFACE_s37_session3_natural,12,97,15.233333333333333,1.876582145690918,-0.10104591648022121
COHFACE_s37_session3_natural,12,98,15.266666666666667,1.9706379175186157,0.03137910992157066
COHFACE_s37_session3_natural,12,99,15.3,1.7078462839126587,0.11298426938391848
COHFACE_s37_session3_natural,12,100,15.333333333333334,1.3657727241516113,0.14083989427103744
COHFACE_s37_session3_natural,12,101,15.366666666666667,0.9890655875205994,0.12072189353832977
COHFACE_s37_session3_natural,12,102,15.4,0.5822135210037231,0.06817547886992804
COHFACE_s37_session3_natural,12,103,15.433333333333334,0.32542574405670166,0.006475015371293075
COHFACE_s37_session3_natural,12,104,15.466666666666667,0.2932817041873932,-0.03965160079785494
COHFACE_s37_session3_natural,12,105,15.5,0.3486112058162689,-0.05278295483395978
COHFACE_s37_session3_natural,12,106,15.533333333333333,0.3415512144565582,-0.030131914434245982
COHFACE_s37_session3_natural,12,107,15.566666666666666,0.21291214227676392,0.014615580766688877
COHFACE_s37_session3_natural,12,108,15.6,0.009222076274454594,0.056873751747429334
COHFACE_s37_session3_natural,12,109,15.633333333333333,-0.2154405266046524,0.07234646188349984
COHFACE_s37_session3_natural,12,110,15.666666666666666,-0.42003586888313293,0.048553025759200494
COHFACE_s37_session3_natural,12,111,15.7,-0.5838555097579956,-0.0091234746539431
COHFACE_s37_session3_natural,12,112,15.733333333333333,-0.7020586133003235,-0.07933085159729814
COHFACE_s37_session3_natural,12,113,15.766666666666667,-0.7792407870292664,-0.1327352376730987
COHFACE_s37_session3_natural,12,114,15.8,-0.8236439824104309,-0.14224820639101585
COHFACE_s37_session3_natural,12,115,15.833333333333334,-0.868279755115509,-0.09203227472047762
COHFACE_s37_session3_natural,12,116,15.866666666666667,-0.904849648475647,0.016975613078796005
COHFACE_s37_session3_natural,12,117,15.9,-0.7600097060203552,0.1663755959521497
COHFACE_s37_session3_natural,12,118,15.933333333333334,0.006499921437352896,0.325210752553897
COHFACE_s37_session3_natural,12,119,15.966666666666667,1.159127950668335,0.4598404548852433
COHFACE_s37_session3_natural,12,120,16.0,1.8614814281463623,0.5456368062590741
COHFACE_s37_session3_natural,12,121,16.033333333333335,1.9106310606002808,0.5757119219921834
COHFACE_s37_session3_natural,12,122,16.066666666666666,1.6572569608688354,0.5629407256818928
COHFACE_s37_session3_natural,12,123,16.1,1.3590271472930908,0.5344513812252909
COHFACE_s37_session3_natural,12,124,16.133333333333333,1.0185314416885376,0.5206114156887841
COHFACE_s37_session3_natural,12,125,16.166666666666668,0.6179347634315491,0.5423805510973263
COHFACE_s37_session3_natural,12,126,16.2,0.34319832921028137,0.6014624524896822
COHFACE_s37_session3_natural,12,127,16.233333333333334,0.28265711665153503,0.6768901512256519
COHFACE_s37_session3_natural,12,128,16.266666666666666,0.3015173077583313,0.729726974739602
COHFACE_s37_session3_natural,12,129,16.3,0.265305757522583,0.7150408843573509
COHFACE_s37_session3_natural,12,130,16.333333333333332,0.12951865792274475,0.5978825278883642
COHFACE_s37_session3_natural,12,131,16.366666666666667,-0.0762585997581482,0.3681402726199422
COHFACE_s37_session3_natural,12,132,16.4,-0.29665249586105347,0.048477686694379706
COHFACE_s37_session3_natural,12,133,16.433333333333334,-0.4968282878398895,-0.30897101574741465
COHFACE_s37_session3_natural,12,134,16.466666666666665,-0.6645142436027527,-0.6375533968734243
COHFACE_s37_session3_natural,12,135,16.5,-0.7868666052818298,-0.8779425670010318
COHFACE_s37_session3_natural,12,136,16.533333333333335,-0.8714231252670288,-0.9980941571890349
COHFACE_s37_session3_natural,12,137,16.566666666666666,-0.9188690781593323,-1.0023889200819303
COHFACE_s37_session3_natural,12,138,16.6,-0.9454996585845947,-0.9257554254982704
COHFACE_s37_session3_natural,12,139,16.633333333333333,-0.9737271070480347,-0.8158254094753286
COHFACE_s37_session3_natural,12,140,16.666666666666668,-1.023404836654663,-0.7120052848237769
COHFACE_s37_session3_natural,12,141,16.7,-1.0825001001358032,-0.6314483646102129
COHFACE_s37_session3_natural,12,142,16.733333333333334,-1.0340042114257812,-0.5675697239051025
COHFACE_s37_session3_natural,12,143,16.766666666666666,-0.42007359862327576,-0.4999195446791783
COHFACE_s37_session3_natural,12,144,16.8,0.8096297383308411,-0.40899324608301485
COHFACE_s37_session3_natural,12,145,16.833333333333332,1.753726840019226,-0.2882230736049576
COHFACE_s37_session3_natural,12,146,16.866666666666667,1.9692548513412476,-0.14796501226919218
COHFACE_s37_session3_natural,12,147,16.9,1.7736117839813232,-0.010686309097473104
COHFACE_s37_session3_natural,12,148,16.933333333333334,1.4993469715118408,0.09960862265333606
COHFACE_s37_session3_natural,12,149,16.966666666666665,1.1981496810913086,0.16835826472278534
COHFACE_s37_session3_natural,12,150,17.0,0.8104972839355469,0.19614705897345172
COHFACE_s37_session3_natural,12,151,17.033333333333335,0.46676403284072876,0.1961383000569193
COHFACE_s37_session3_natural,12,152,17.066666666666666,0.3205598294734955,0.18538300619458428
COHFACE_s37_session3_natural,12,153,17.1,0.31892526149749756,0.1759413963549538
COHFACE_s37_session3_natural,12,154,17.133333333333333,0.3081435263156891,0.17101578685960667
COHFACE_s37_session3_natural,12,155,17.166666666666668,0.1946806162595749,0.16713745720431297
COHFACE_s37_session3_natural,12,156,17.2,0.0017911605536937714,0.15932383979021378
COHFACE_s37_session3_natural,12,157,17.233333333333334,-0.21653440594673157,0.14499915500064617
COHFACE_s37_session3_natural,12,158,17.266666666666666,-0.4211108982563019,0.1249359559928673
COHFACE_s37_session3_natural,12,159,17.3,-0.5947378277778625,0.10275353228862644
COHFACE_s37_session3_natural,12,160,17.333333333333332,-0.734561026096344,0.08534888654106643
COHFACE_s37_session3_natural,12,161,17.366666666666667,-0.8398008942604065,0.08434553929757616
COHFACE_s37_session3_natural,12,162,17.4,-0.9064024686813354,0.11540477671585965
COHFACE_s37_session3_natural,12,163,17.433333333333334,-0.9472473859786987,0.19222575762587277
COHFACE_s37_session3_natural,12,164,17.466666666666665,-0.991782546043396,0.3167984389087341
COHFACE_s37_session3_natural,12,165,17.5,-1.0387444496154785,0.4722821133158328
COHFACE_s37_session3_natural,12,166,17.533333333333335,-1.0846186876296997,0.6245435998285894
COHFACE_s37_session3_natural,12,167,17.566666666666666,-1.1370751857757568,0.7331167058075962
COHFACE_s37_session3_natural,12,168,17.6,-1.1930396556854248,0.766104031434055
COHFACE_s37_session3_natural,12,169,17.633333333333333,-1.2416611909866333,0.7109162060263678
COHFACE_s37_session3_natural,12,170,17.666666666666668,-1.2746540307998657,0.5757567236443425
COHFACE_s37_session3_natural,12,171,17.7,-1.2937341928482056,0.38266132459800095
COHFACE_s37_session3_natural,12,172,17.733333333333334,-1.3121041059494019,0.15731967988024587
COHFACE_s37_session3_natural,12,173,17.766666666666666,-1.3365594148635864,-0.07845057638999574
COHFACE_s37_session3_natural,12,174,17.8,-1.2741950750350952,-0.30856744028969857
COHFACE_s37_session3_natural,12,175,17.833333333333332,-0.6061545014381409,-0.5198504767128214
COHFACE_s37_session3_natural,12,176,17.866666666666667,0.8209458589553833,-0.6979237142096901
COHFACE_s37_session3_natural,12,177,17.9,1.988882064819336,-0.8252785678235426
COHFACE_s37_session3_natural,12,178,17.933333333333334,2.3162131309509277,-0.8830582119498553
COHFACE_s37_session3_natural,12,179,17.966666666666665,2.1292836666107178,-0.8560351344320395
COHFACE_s37_session3_natural,12,180,18.0,1.8317766189575195,-0.7391280391782585
COHFACE_s37_session3_natural,12,181,18.033333333333335,1.5403929948806763,-0.543242071357509
COHFACE_s37_session3_natural,12,182,18.066666666666666,1.1823511123657227,-0.2976497204244488
COHFACE_s37_session3_natural,12,183,18.1,0.8136847019195557,-0.04627202045085159
COHFACE_s37_session3_natural,12,184,18.133333333333333,0.6139929890632629,0.16296857493419756
COHFACE_s37_session3_natural,12,185,18.166666666666668,0.5820689797401428,0.2931135999586761
COHFACE_s37_session3_natural,12,186,18.2,0.5760085582733154,0.3313144703978702
COHFACE_s37_session3_natural,12,187,18.233333333333334,0.4812738001346588,0.2933064913551931
COHFACE_s37_session3_natural,12,188,18.266666666666666,0.2876739501953125,0.21605289644956124
COHFACE_s37_session3_natural,12,189,18.3,0.04982806742191315,0.14149526654583905
COHFACE_s37_session3_natural,12,190,18.333333333333332,-0.18506932258605957,0.09914535762947853
COHFACE_s37_session3_natural,12,191,18.366666666666667,-0.3791658282279968,0.09592309033012186
COHFACE_s37_session3_natural,12,192,18.4,-0.5313109755516052,0.11763466760642101
COHFACE_s37_session3_natural,12,193,18.433333333333334,-0.6515824198722839,0.1401950791982174
COHFACE_s37_session3_natural,12,194,18.466666666666665,-0.7345484495162964,0.14375654300157067
COHFACE_s37_session3_natural,12,195,18.5,-0.793184757232666,0.12203724007802788
COHFACE_s37_session3_natural,12,196,18.533333333333335,-0.8425041437149048,0.0827517409504049
COHFACE_s37_session3_natural,12,197,18.566666666666666,-0.892137885093689,0.040546205893788954
COHFACE_s37_session3_natural,12,198,18.6,-0.9477629065513611,0.007751023908839699
COHFACE_s37_session3_natural,12,199,18.633333333333333,-1.0055253505706787,-0.011475486415641186
COHFACE_s37_session3_natural,12,200,18.666666666666668,-1.066374659538269,-0.021157584362729475
COHFACE_s37_session3_natural,12,201,18.7,-1.1281605958938599,-0.02905463404543221
COHFACE_s37_session3_natural,12,202,18.733333333333334,-1.1858476400375366,-0.041097812485670314
COHFACE_s37_session3_natural,12,203,18.766666666666666,-1.2297542095184326,-0.05787405604672444
COHFACE_s37_session3_natural,12,204,18.8,-1.2641236782073975,-0.07491537603741397
COHFACE_s37_session3_natural,12,205,18.833333333333332,-1.2822608947753906,-0.08639150236879584
COHFACE_s37_session3_natural,12,206,18.866666666666667,-1.3004170656204224,-0.08959461036343179
COHFACE_s37_session3_natural,12,207,18.9,-1.3269847631454468,-0.08692221151438889
COHFACE_s37_session3_natural,12,208,18.933333333333334,-1.264280915260315,-0.0837978044165841
COHFACE_s37_session3_natural,12,209,18.966666666666665,-0.5891426205635071,-0.08396155738171204
COHFACE_s37_session3_natural,12,210,19.0,0.8568933606147766,-0.08568279230009174
COHFACE_s37_session3_natural,12,211,19.033333333333335,2.0629146099090576,-0.08203638413662087
COHFACE_s37_session3_natural,12,212,19.066666666666666,2.442589044570923,-0.06543495445938109
COHFACE_s37_session3_natural,12,213,19.1,2.2848927974700928,-0.03332411136791495
COHFACE_s37_session3_natural,12,214,19.133333333333333,1.9837394952774048,0.009077767554617913
COHFACE_s37_session3_natural,12,215,19.166666666666668,1.6777517795562744,0.05090097870016937
COHFACE_s37_session3_natural,12,216,19.2,1.3160258531570435,0.08053332470324417
COHFACE_s37_session3_natural,12,217,19.233333333333334,0.928706705570221,0.0893095185030516
COHFACE_s37_session3_natural,12,218,19.266666666666666,0.6978579759597778,0.07222867084531064
COHFACE_s37_session3_natural,12,219,19.3,0.6453197598457336,0.02750848817368773
COHFACE_s37_session3_natural,12,220,19.333333333333332,0.6320170164108276,-0.042307242989968644
COHFACE_s37_session3_natural,12,221,19.366666666666667,0.5511507987976074,-0.12738503463488712
COHFACE_s37_session3_natural,12,222,19.4,0.3738838732242584,-0.20891369788918965
COHFACE_s37_session3_natural,12,223,19.433333333333334,0.1372387707233429,-0.2625513587893884
COHFACE_s37_session3_natural,12,224,19.466666666666665,-0.10717044770717621,-0.26728360560304415
COHFACE_s37_session3_natural,12,225,19.5,-0.32620641589164734,-0.21531242968193448
COHFACE_s37_session3_natural,12,226,19.533333333333335,-0.5120673179626465,-0.11702792710263665
COHFACE_s37_session3_natural,12,227,19.566666666666666,-0.6568192839622498,0.0025744739436380083
COHFACE_s37_session3_natural,12,228,19.6,-0.7591421008110046,0.11509937590595264
COHFACE_s37_session3_natural,12,229,19.633333333333333,-0.8310937285423279,0.20203755106298582
COHFACE_s37_session3_natural,12,230,19.666666666666668,-0.8861969113349915,0.2624353224364375
COHFACE_s37_session3_natural,12,231,19.7,-0.9349756836891174,0.3098533020562014
COHFACE_s37_session3_natural,12,232,19.733333333333334,-0.9876207709312439,0.3603436223790516
COHFACE_s37_session3_natural,12,233,19.766666666666666,-1.045295238494873,0.4191589097731025
COHFACE_s37_session3_natural,12,234,19.8,-1.1043025255203247,0.47435795921188595
COHFACE_s37_session3_natural,12,235,19.833333333333332,-1.1635046005249023,0.5008476591933692
COHFACE_s37_session3_natural,12,236,19.866666666666667,-1.2216254472732544,0.47229228218836233
COHFACE_s37_session3_natural,12,237,19.9,-1.2675563097000122,0.3743492049672549
COHFACE_s37_session3_natural,12,238,19.933333333333334,-1.3049622774124146,0.21276999013800305
COHFACE_s37_session3_natural,12,239,19.966666666666665,-1.3416768312454224,0.013191080894631928
COHFACE_s37_session3_natural,13,0,13.0,1.6810836791992188,0.03204933373064724
COHFACE_s37_session3_natural,13,1,13.033333333333333,1.3308939933776855,0.1625925927675702
COHFACE_s37_session3_natural,13,2,13.066666666666666,0.8822603225708008,0.3163283176410183
COHFACE_s37_session3_natural,13,3,13.1,0.4040035903453827,0.5107491595604186
COHFACE_s37_session3_natural,13,4,13.133333333333333,0.0637531727552414,0.7528670277840988
COHFACE_s37_session3_natural,13,5,13.166666666666666,0.005261435639113188,1.031582986626208
COHFACE_s37_session3_natural,13,6,13.2,0.11827170103788376,1.3116949814293348
COHFACE_s37_session3_natural,13,7,13.233333333333333,0.2001940906047821,1.5351899921424412
COHFACE_s37_session3_natural,13,8,13.266666666666667,0.1617695838212967,1.6334010328668225
COHFACE_s37_session3_natural,13,9,13.3,0.021085135638713837,1.5482773289212917
COHFACE_s37_session3_natural,13,10,13.333333333333334,-0.1670578420162201,1.2556998619937643
COHFACE_s37_session3_natural,13,11,13.366666666666667,-0.3615504205226898,0.7811881286728894
COHFACE_s37_session3_natural,13,12,13.4,-0.537402868270874,0.19994589074726213
COHFACE_s37_session3_natural,13,13,13.433333333333334,-0.6856062412261963,-0.38115165550855856
COHFACE_s37_session3_natural,13,14,13.466666666666667,-0.7909215092658997,-0.8543654533134823
COHFACE_s37_session3_natural,13,15,13.5,-0.8600441217422485,-1.1434779178794952
COHFACE_s37_session3_natural,13,16,13.533333333333333,-0.9031836986541748,-1.2253825353183352
COHFACE_s37_session3_natural,13,17,13.566666666666666,-0.9376349449157715,-1.1324394567172908
COHFACE_s37_session3_natural,13,18,13.6,-0.9687920212745667,-0.9345518980054894
COHFACE_s37_session3_natural,13,19,13.633333333333333,-0.9400364756584167,-0.7085080301081254
COHFACE_s37_session3_natural,13,20,13.666666666666666,-0.4888441264629364,-0.5085329141435345
COHFACE_s37_session3_natural,13,21,13.7,0.5616371035575867,-0.35166178558589617
COHFACE_s37_session3_natural,13,22,13.733333333333333,1.4875153303146362,-0.2232224592220384
COHFACE_s37_session3_natural,13,23,13.766666666666667,1.760856032371521,-0.09688967535517619
COHFACE_s37_session3_natural,13,24,13.8,1.5506278276443481,0.04272073244521945
COHFACE_s37_session3_natural,13,25,13.833333333333334,1.1463030576705933,0.18677185332013105
COHFACE_s37_session3_natural,13,26,13.866666666666667,0.6740123629570007,0.30447534800536274
COHFACE_s37_session3_natural,13,27,13.9,0.2294902503490448,0.35882931129146817
COHFACE_s37_session3_natural,13,28,13.933333333333334,0.011642467230558395,0.32651590459219976
COHFACE_s37_session3_natural,13,29,13.966666666666667,0.058340299874544144,0.21063651497031935
COHFACE_s37_session3_natural,13,30,14.0,0.1900913119316101,0.03969935386157725
COHFACE_s37_session3_natural,13,31,14.033333333333333,0.23876945674419403,-0.14541539021432467
COHFACE_s37_session3_natural,13,32,14.066666666666666,0.1579095423221588,-0.30813438763825773
COHFACE_s37_session3_natural,13,33,14.1,-0.007544633932411671,-0.42706803239202723
COHFACE_s37_session3_natural,13,34,14.133333333333333,-0.20772041380405426,-0.4965995275919601
COHFACE_s37_session3_natural,13,35,14.166666666666666,-0.3908654451370239,-0.5196911484717045
COHFACE_s37_session3_natural,13,36,14.2,-0.5467008948326111,-0.49955593893385125
COHFACE_s37_session3_natural,13,37,14.233333333333333,-0.6659601926803589,-0.4361738592383281
COHFACE_s37_session3_natural,13,38,14.266666666666667,-0.7513088583946228,-0.329225835136346
COHFACE_s37_session3_natural,13,39,14.3,-0.807518482208252,-0.18403622563753105
COHFACE_s37_session3_natural,13,40,14.333333333333334,-0.848948061466217,-0.014854801528401126
COHFACE_s37_session3_natural,13,41,14.366666666666667,-0.8711968064308167,0.15823304720125747
COHFACE_s37_session3_natural,13,42,14.4,-0.664482831954956,0.3175046244155322
COHFACE_s37_session3_natural,13,43,14.433333333333334,0.18579117953777313,0.4554639621209459
COHFACE_s37_session3_natural,13,44,14.466666666666667,1.296480417251587,0.576805847096656
COHFACE_s37_session3_natural,13,45,14.5,1.8793985843658447,0.6926006800959289
COHFACE_s37_session3_natural,13,46,14.533333333333333,1.8424955606460571,0.8096984139664015
COHFACE_s37_session3_natural,13,47,14.566666666666666,1.511976957321167,0.9214044899278622
COHFACE_s37_session3_natural,13,48,14.6,1.1018117666244507,1.0049217471550762
COHFACE_s37_session3_natural,13,49,14.633333333333333,0.6539199948310852,1.0274828935380607
COHFACE_s37_session3_natural,13,50,14.666666666666666,0.29580268263816833,0.9586550089687484
COHFACE_s37_session3_natural,13,51,14.7,0.1975976675748825,0.7833128111918567
COHFACE_s37_session3_natural,13,52,14.733333333333333,0.28699496388435364,0.5096520740438152
COHFACE_s37_session3_natural,13,53,14.766666666666667,0.36931341886520386,0.16902299839970786
COHFACE_s37_session3_natural,13,54,14.8,0.33146730065345764,-0.19208065166516167
COHFACE_s37_session3_natural,13,55,14.833333333333334,0.17949816584587097,-0.5243435189565544
COHFACE_s37_session3_natural,13,56,14.866666666666667,-0.026486553251743317,-0.7871760022060846
COHFACE_s37_session3_natural,13,57,14.9,-0.2326221615076065,-0.9552969975550905
COHFACE_s37_session3_natural,13,58,14.933333333333334,-0.40877005457878113,-1.0192016130468748
COHFACE_s37_session3_natural,13,59,14.966666666666667,-0.5524218678474426,-0.9818188016609942
COHFACE_s37_session3_natural,13,60,15.0,-0.6546566486358643,-0.8553398449398476
COHFACE_s37_session3_natural,13,61,15.033333333333333,-0.7186618447303772,-0.6605870844744307
COHFACE_s37_session3_natural,13,62,15.066666666666666,-0.7733501195907593,-0.42729908303087605
COHFACE_s37_session3_natural,13,63,15.1,-0.8206263184547424,-0.19145660908785023
COHFACE_s37_session3_natural,13,64,15.133333333333333,-0.7165746688842773,0.01194612823276138
COHFACE_s37_session3_natural,13,65,15.166666666666666,-0.026329385116696358,0.15804044777762963
COHFACE_s37_session3_natural,13,66,15.2,1.1186350584030151,0.23838839010632518
COHFACE_s37_session3_natural,13,67,15.233333333333333,1.876582145690918,0.26094511287079625
COHFACE_s37_session3_natural,13,68,15.266666666666667,1.9706379175186157,0.24362911032626336
COHFACE_s37_session3_natural,13,69,15.3,1.7078462839126587,0.2051804645431118
COHFACE_s37_session3_natural,13,70,15.333333333333334,1.3657727241516113,0.15874144389907502
COHFACE_s37_session3_natural,13,71,15.366666666666667,0.9890655875205994,0.1115166390194675
COHFACE_s37_session3_natural,13,72,15.4,0.5822135210037231,0.06871560388505321
COHFACE_s37_session3_natural,13,73,15.433333333333334,0.32542574405670166,0.036370770818936096
COHFACE_s37_session3_natural,13,74,15.466666666666667,0.2932817041873932,0.019244169276396737
COHFACE_s37_session3_natural,13,75,15.5,0.3486112058162689,0.015168788782170286
COHFACE_s37_session3_natural,13,76,15.533333333333333,0.3415512144565582,0.011297090479885499
COHFACE_s37_session3_natural,13,77,15.566666666666666,0.21291214227676392,-0.012751433841760846
COHFACE_s37_session3_natural,13,78,15.6,0.009222076274454594,-0.07507106885359484
COHFACE_s37_session3_natural,13,79,15.633333333333333,-0.2154405266046524,-0.18061168462774965
COHFACE_s37_session3_natural,13,80,15.666666666666666,-0.42003586888313293,-0.3158744262877742
COHFACE_s37_session3_natural,13,81,15.7,-0.5838555097579956,-0.45219089035539295
COHFACE_s37_session3_natural,13,82,15.733333333333333,-0.7020586133003235,-0.555540128325306
COHFACE_s37_session3_natural,13,83,15.766666666666667,-0.7792407870292664,-0.5977684495602499
COHFACE_s37_session3_natural,13,84,15.8,-0.8236439824104309,-0.5646684048726365
COHFACE_s37_session3_natural,13,85,15.833333333333334,-0.868279755115509,-0.4589894779876557
COHFACE_s37_session3_natural,13,86,15.866666666666667,-0.904849648475647,-0.2985511223315653
COHFACE_s37_session3_natural,13,87,15.9,-0.7600097060203552,-0.11048298581940302
COHFACE_s37_session3_natural,13,88,15.933333333333334,0.006499921437352896,0.0770860376962534
COHFACE_s37_session3_natural,13,89,15.966666666666667,1.159127950668335,0.2437550974652446
COHFACE_s37_session3_natural,13,90,16.0,1.8614814281463623,0.38258807913482235
COHFACE_s37_session3_natural,13,91,16.033333333333335,1.9106310606002808,0.4998757150635207
COHFACE_s37_session3_natural,13,92,16.066666666666666,1.6572569608688354,0.6091502738950859
COHFACE_s37_session3_natural,13,93,16.1,1.3590271472930908,0.7229255895469117
COHFACE_s37_session3_natural,13,94,16.133333333333333,1.0185314416885376,0.8459645953341407
COHFACE_s37_session3_natural,13,95,16.166666666666668,0.6179347634315491,0.9718940558955472
COHFACE_s37_session3_natural,13,96,16.2,0.34319832921028137,1.0829705734306256
COHFACE_s37_session3_natural,13,97,16.233333333333334,0.28265711665153503,1.15219455635308
COHFACE_s37_session3_natural,13,98,16.266666666666666,0.3015173077583313,1.14773806242544
COHFACE_s37_session3_natural,13,99,16.3,0.265305757522583,1.040293665723575
COHFACE_s37_session3_natural,13,100,16.333333333333332,0.12951865792274475,0.8130779999569847
COHFACE_s37_session3_natural,13,101,16.366666666666667,-0.0762585997581482,0.47210685632359783
COHFACE_s37_session3_natural,13,102,16.4,-0.29665249586105347,0.05238162013416599
COHFACE_s37_session3_natural,13,103,16.433333333333334,-0.4968282878398895,-0.3847270179812634
COHFACE_s37_session3_natural,13,104,16.466666666666665,-0.6645142436027527,-0.7652971192373511
COHFACE_s37_session3_natural,13,105,16.5,-0.7868666052818298,-1.025177064172865
COHFACE_s37_session3_natural,13,106,16.533333333333335,-0.8714231252670288,-1.1322257551584187
COHFACE_s37_session3_natural,13,107,16.566666666666666,-0.9188690781593323,-1.0976632990607618
COHFACE_s37_session3_natural,13,108,16.6,-0.9454996585845947,-0.9700504469238966
COHFACE_s37_session3_natural,13,109,16.633333333333333,-0.9737271070480347,-0.8139962924767652
COHFACE_s37_session3_natural,13,110,16.666666666666668,-1.023404836654663,-0.6834930402706153
COHFACE_s37_session3_natural,13,111,16.7,-1.0825001001358032,-0.6024398557832512
COHFACE_s37_session3_natural,13,112,16.733333333333334,-1.0340042114257812,-0.5609008750721599
COHFACE_s37_session3_natural,13,113,16.766666666666666,-0.42007359862327576,-0.5274254893577618
COHFACE_s37_session3_natural,13,114,16.8,0.8096297383308411,-0.46987116235572424
COHFACE_s37_session3_natural,13,115,16.833333333333332,1.753726840019226,-0.3736008925450884
COHFACE_s37_session3_natural,13,116,16.866666666666667,1.9692548513412476,-0.24830336882971538
COHFACE_s37_session3_natural,13,117,16.9,1.7736117839813232,-0.12120931202342966
COHFACE_s37_session3_natural,13,118,16.933333333333334,1.4993469715118408,-0.021504804046738005
COHFACE_s37_session3_natural,13,119,16.966666666666665,1.1981496810913086,0.035149443418680704
COHFACE_s37_session3_natural,13,120,17.0,0.8104972839355469,0.05377869066802497
COHFACE_s37_session3_natural,13,121,17.033333333333335,0.46676403284072876,0.055746551211742275
COHFACE_s37_session3_natural,13,122,17.066666666666666,0.3205598294734955,0.06638171476463674
COHFACE_s37_session3_natural,13,123,17.1,0.31892526149749756,0.10230502659306327
COHFACE_s37_session3_natural,13,124,17.133333333333333,0.3081435263156891,0.16530833605612558
COHFACE_s37_session3_natural,13,125,17.166666666666668,0.1946806162595749,0.24463375206668483
COHFACE_s37_session3_natural,13,126,17.2,0.0017911605536937714,0.3239746893007722
COHFACE_s37_session3_natural,13,127,17.233333333333334,-0.21653440594673157,0.3876903837281794
COHFACE_s37_session3_natural,13,128,17.266666666666666,-0.4211108982563019,0.4238842600494827
COHFACE_s37_session3_natural,13,129,17.3,-0.5947378277778625,0.4261103039881955
COHFACE_s37_session3_natural,13,130,17.333333333333332,-0.734561026096344,0.3960349235615197
COHFACE_s37_session3_natural,13,131,17.366666666666667,-0.8398008942604065,0.34640963710139244
COHFACE_s37_session3_natural,13,132,17.4,-0.9064024686813354,0.30051053074041467
COHFACE_s37_session3_natural,13,133,17.433333333333334,-0.9472473859786987,0.284776201409562
COHFACE_s37_session3_natural,13,134,17.466666666666665,-0.991782546043396,0.3165559143792707
COHFACE_s37_session3_natural,13,135,17.5,-1.0387444496154785,0.3937285039596517
COHFACE_s37_session3_natural,13,136,17.533333333333335,-1.0846186876296997,0.49255702883222185
COHFACE_s37_session3_natural,13,137,17.566666666666666,-1.1370751857757568,0.5754325680258167
COHFACE_s37_session3_natural,13,138,17.6,-1.1930396556854248,0.6049473550648929
COHFACE_s37_session3_natural,13,139,17.633333333333333,-1.2416611909866333,0.5577127172645453
COHFACE_s37_session3_natural,13,140,17.666666666666668,-1.2746540307998657,0.4316744355217484
COHFACE_s37_session3_natural,13,141,17.7,-1.2937341928482056,0.24420337584900875
COHFACE_s37_session3_natural,13,142,17.733333333333334,-1.3121041059494019,0.02320587817170405
COHFACE_s37_session3_natural,13,143,17.766666666666666,-1.3365594148635864,-0.20316356006821865
COHFACE_s37_session3_natural,13,144,17.8,-1.2741950750350952,-0.4129979640157894
COHFACE_s37_session3_natural,13,145,17.833333333333332,-0.6061545014381409,-0.5914570296969376
COHFACE_s37_session3_natural,13,146,17.866666666666667,0.8209458589553833,-0.7277540941564937
COHFACE_s37_session3_natural,13,147,17.9,1.988882064819336,-0.8119718168264671
COHFACE_s37_session3_natural,13,148,17.933333333333334,2.3162131309509277,-0.8344652180363258
COHFACE_s37_session3_natural,13,149,17.966666666666665,2.1292836666107178,-0.7884899080102987
COHFACE_s37_session3_natural,13,150,18.0,1.8317766189575195,-0.6750573504369701
COHFACE_s37_session3_natural,13,151,18.033333333333335,1.5403929948806763,-0.5077009381786484
COHFACE_s37_session3_natural,13,152,18.066666666666666,1.1823511123657227,-0.3136664702520118
COHFACE_s37_session3_natural,13,153,18.1,0.8136847019195557,-0.12867632584827327
COHFACE_s37_session3_natural,13,154,18.133333333333333,0.6139929890632629,0.014188035689264564
COHFACE_s37_session3_natural,13,155,18.166666666666668,0.5820689797401428,0.09689658360395957
COHFACE_s37_session3_natural,13,156,18.2,0.5760085582733154,0.12385974530860078
COHFACE_s37_session3_natural,13,157,18.233333333333334,0.4812738001346588,0.11979731353636167
COHFACE_s37_session3_natural,13,158,18.266666666666666,0.2876739501953125,0.11818882009148131
COHFACE_s37_session3_natural,13,159,18.3,0.04982806742191315,0.14547181334466752
COHFACE_s37_session3_natural,13,160,18.333333333333332,-0.18506932258605957,0.20886653833187263
COHFACE_s37_session3_natural,13,161,18.366666666666667,-0.3791658282279968,0.2940315575325551
COHFACE_s37_session3_natural,13,162,18.4,-0.5313109755516052,0.37314835618842906
COHFACE_s37_session3_natural,13,163,18.433333333333334,-0.6515824198722839,0.41830754370151185
COHFACE_s37_session3_natural,13,164,18.466666666666665,-0.7345484495162964,0.41306201555399735
COHFACE_s37_session3_natural,13,165,18.5,-0.793184757232666,0.3572503526394585
COHFACE_s37_session3_natural,13,166,18.533333333333335,-0.8425041437149048,0.26457583817886915
COHFACE_s37_session3_natural,13,167,18.566666666666666,-0.892137885093689,0.15582857172534048
COHFACE_s37_session3_natural,13,168,18.6,-0.9477629065513611,0.051224144857088025
COHFACE_s37_session3_natural,13,169,18.633333333333333,-1.0055253505706787,-0.03571966220408164
COHFACE_s37_session3_natural,13,170,18.666666666666668,-1.066374659538269,-0.1011943480748089
COHFACE_s37_session3_natural,13,171,18.7,-1.1281605958938599,-0.1500805542673888
COHFACE_s37_session3_natural,13,172,18.733333333333334,-1.1858476400375366,-0.19119136028749376
COHFACE_s37_session3_natural,13,173,18.766666666666666,-1.2297542095184326,-0.2308558036254651
COHFACE_s37_session3_natural,13,174,18.8,-1.2641236782073975,-0.2683189798518261
COHFACE_s37_session3_natural,13,175,18.833333333333332,-1.2822608947753906,-0.2957899869216747
COHFACE_s37_session3_natural,13,176,18.866666666666667,-1.3004170656204224,-0.3028959483606224
COHFACE_s37_session3_natural,13,177,18.9,-1.3269847631454468,-0.2822363693280371
COHFACE_s37_session3_natural,13,178,18.933333333333334,-1.264280915260315,-0.2323391955586329
COHFACE_s37_session3_natural,13,179,18.966666666666665,-0.5891426205635071,-0.15676882233271255
COHFACE_s37_session3_natural,13,180,19.0,0.8568933606147766,-0.06142659235562903
COHFACE_s37_session3_natural,13,181,19.033333333333335,2.0629146099090576,0.04679382580776763
COHFACE_s37_session3_natural,13,182,19.066666666666666,2.442589044570923,0.15906885128171447
COHFACE_s37_session3_natural,13,183,19.1,2.2848927974700928,0.2633593848547647
COHFACE_s37_session3_natural,13,184,19.133333333333333,1.9837394952774048,0.34507304684886664
COHFACE_s37_session3_natural,13,185,19.166666666666668,1.6777517795562744,0.3899741202663574
COHFACE_s37_session3_natural,13,186,19.2,1.3160258531570435,0.38746862072195665
COHFACE_s37_session3_natural,13,187,19.233333333333334,0.928706705570221,0.3322059008713713
COHFACE_s37_session3_natural,13,188,19.266666666666666,0.6978579759597778,0.22411552043872282
COHFACE_s37_session3_natural,13,189,19.3,0.6453197598457336,0.06909502991092521
COHFACE_s37_session3_natural,13,190,19.333333333333332,0.6320170164108276,-0.11802205228321212
COHFACE_s37_session3_natural,13,191,19.366666666666667,0.5511507987976074,-0.3098664783543576
COHFACE_s37_session3_natural,13,192,19.4,0.3738838732242584,-0.46727956031100987
COHFACE_s37_session3_natural,13,193,19.433333333333334,0.1372387707233429,-0.5485436472882075
COHFACE_s37_session3_natural,13,194,19.466666666666665,-0.10717044770717621,-0.5250870928510057
COHFACE_s37_session3_natural,13,195,19.5,-0.32620641589164734,-0.3956211345524209
COHFACE_s37_session3_natural,13,196,19.533333333333335,-0.5120673179626465,-0.19038335982455123
COHFACE_s37_session3_natural,13,197,19.566666666666666,-0.6568192839622498,0.03800802341280543
COHFACE_s37_session3_natural,13,198,19.6,-0.7591421008110046,0.23427503530346294
COHFACE_s37_session3_natural,13,199,19.633333333333333,-0.8310937285423279,0.36249688164045585
COHFACE_s37_session3_natural,13,200,19.666666666666668,-0.8861969113349915,0.41955058620704794
COHFACE_s37_session3_natural,13,201,19.7,-0.9349756836891174,0.4321741799902198
COHFACE_s37_session3_natural,13,202,19.733333333333334,-0.9876207709312439,0.4385901012929897
COHFACE_s37_session3_natural,13,203,19.766666666666666,-1.045295238494873,0.4645321886344665
COHFACE_s37_session3_natural,13,204,19.8,-1.1043025255203247,0.5065476860525151
COHFACE_s37_session3_natural,13,205,19.833333333333332,-1.1635046005249023,0.5312420795585439
COHFACE_s37_session3_natural,13,206,19.866666666666667,-1.2216254472732544,0.4905598508395884
COHFACE_s37_session3_natural,13,207,19.9,-1.2675563097000122,0.3454174502789215
COHFACE_s37_session3_natural,13,208,19.933333333333334,-1.3049622774124146,0.08703999521581478
COHFACE_s37_session3_natural,13,209,19.966666666666665,-1.3416768312454224,-0.252873943929309
COHFACE_s37_session3_natural,13,210,20.0,-1.3699294328689575,-0.6075674508539114
COHFACE_s37_session3_natural,13,211,20.033333333333335,-1.1761912107467651,-0.8948521608279627
COHFACE_s37_session3_natural,13,212,20.066666666666666,-0.18332789838314056,-1.0439005822744185
COHFACE_s37_session3_natural,13,213,20.1,1.3023333549499512,-1.0188242300933685
COHFACE_s37_session3_natural,13,214,20.133333333333333,2.2314743995666504,-0.8295721210155922
COHFACE_s37_session3_natural,13,215,20.166666666666668,2.3951621055603027,-0.5261239916338155
COHFACE_s37_session3_natural,13,216,20.2,2.177257537841797,-0.17971766980506654
COHFACE_s37_session3_natural,13,217,20.233333333333334,1.8629525899887085,0.13979124771403728
COHFACE_s37_session3_natural,13,218,20.266666666666666,1.532402515411377,0.38164919190431384
COHFACE_s37_session3_natural,13,219,20.3,1.1419085264205933,0.5225006465416141
COHFACE_s37_session3_natural,13,220,20.333333333333332,0.7812325954437256,0.5653512966337007
COHFACE_s37_session3_natural,13,221,20.366666666666667,0.5944600701332092,0.5321311482178167
COHFACE_s37_session3_natural,13,222,20.4,0.5532442927360535,0.4535396227186435
COHFACE_s37_session3_natural,13,223,20.433333333333334,0.5336925387382507,0.3592734309785894
COHFACE_s37_session3_natural,13,224,20.466666666666665,0.43599677085876465,0.2707988105891685
COHFACE_s37_session3_natural,13,225,20.5,0.24469156563282013,0.19786417926946384
COHFACE_s37_session3_natural,13,226,20.533333333333335,0.00543117756024003,0.13896877000860983
COHFACE_s37_session3_natural,13,227,20.566666666666666,-0.23599812388420105,0.08520268569985356
COHFACE_s37_session3_natural,13,228,20.6,-0.458812415599823,0.02629367405641203
COHFACE_s37_session3_natural,13,229,20.633333333333333,-0.6403794884681702,-0.04305358818971512
COHFACE_s37_session3_natural,13,230,20.666666666666668,-0.7773107886314392,-0.11924178572230021
COHFACE_s37_session3_natural,13,231,20.7,-0.8788854479789734,-0.19055671740327937
COHFACE_s37_session3_natural,13,232,20.733333333333334,-0.949912965297699,-0.2425164023730032
COHFACE_s37_session3_natural,13,233,20.766666666666666,-1.0022687911987305,-0.26489469167200075
COHFACE_s37_session3_natural,13,234,20.8,-1.048382043838501,-0.2564607755431631
COHFACE_s37_session3_natural,13,235,20.833333333333332,-1.0968652963638306,-0.22490412223748726
COHFACE_s37_session3_natural,13,236,20.866666666666667,-1.1490451097488403,-0.1824447339517492
COHFACE_s37_session3_natural,13,237,20.9,-1.2052987813949585,-0.14002052668927548
COHFACE_s37_session3_natural,13,238,20.933333333333334,-1.258899450302124,-0.10306809904167463
COHFACE_s37_session3_natural,13,239,20.966666666666665,-1.3070558309555054,-0.07046290642364145
COHFACE_s37_session3_natural,14,0,14.0,0.1900913119316101,-0.16060173078945006
COHFACE_s37_session3_natural,14,1,14.033333333333333,0.23876945674419403,-0.05952428140449991
COHFACE_s37_session3_natural,14,2,14.066666666666666,0.1579095423221588,0.035270202468671824
COHFACE_s37_session3_natural,14,3,14.1,-0.007544633932411671,0.12407388024631268
COHFACE_s37_session3_natural,14,4,14.133333333333333,-0.20772041380405426,0.21960429467209214
COHFACE_s37_session3_natural,14,5,14.166666666666666,-0.3908654451370239,0.339767440549034
COHFACE_s37_session3_natural,14,6,14.2,-0.5467008948326111,0.49341143583479047
COHFACE_s37_session3_natural,14,7,14.233333333333333,-0.6659601926803589,0.6676101443962377
COHFACE_s37_session3_natural,14,8,14.266666666666667,-0.7513088583946228,0.8252865939740806
COHFACE_s37_session3_natural,14,9,14.3,-0.807518482208252,0.9167282003467366
COHFACE_s37_session3_natural,14,10,14.333333333333334,-0.848948061466217,0.9009572024637511
COHFACE_s37_session3_natural,14,11,14.366666666666667,-0.8711968064308167,0.7670699319945065
COHFACE_s37_session3_natural,14,12,14.4,-0.664482831954956,0.544686589516201
COHFACE_s37_session3_natural,14,13,14.433333333333334,0.18579117953777313,0.2972589232297118
COHFACE_s37_session3_natural,14,14,14.466666666666667,1.296480417251587,0.10012413944804933
COHFACE_s37_session3_natural,14,15,14.5,1.8793985843658447,0.012610021482258952
COHFACE_s37_session3_natural,14,16,14.533333333333333,1.8424955606460571,0.05620216651673334
COHFACE_s37_session3_natural,14,17,14.566666666666666,1.511976957321167,0.20749634395597305
COHFACE_s37_session3_natural,14,18,14.6,1.1018117666244507,0.40728590027271555
COHFACE_s37_session3_natural,14,19,14.633333333333333,0.6539199948310852,0.5802481436153007
COHFACE_s37_session3_natural,14,20,14.666666666666666,0.29580268263816833,0.6570704798497297
COHFACE_s37_session3_natural,14,21,14.7,0.1975976675748825,0.5923951271679601
COHFACE_s37_session3_natural,14,22,14.733333333333333,0.28699496388435364,0.375222244510808
COHFACE_s37_session3_natural,14,23,14.766666666666667,0.36931341886520386,0.030931381345300275
COHFACE_s37_session3_natural,14,24,14.8,0.33146730065345764,-0.38497527822248584
COHFACE_s37_session3_natural,14,25,14.833333333333334,0.17949816584587097,-0.8002966716179851
COHFACE_s37_session3_natural,14,26,14.866666666666667,-0.026486553251743317,-1.143287833035324
COHFACE_s37_session3_natural,14,27,14.9,-0.2326221615076065,-1.3582699840418488
COHFACE_s37_session3_natural,14,28,14.933333333333334,-0.40877005457878113,-1.4152495958421567
COHFACE_s37_session3_natural,14,29,14.966666666666667,-0.5524218678474426,-1.3122305330653068
COHFACE_s37_session3_natural,14,30,15.0,-0.6546566486358643,-1.0721640088922424
COHFACE_s37_session3_natural,14,31,15.033333333333333,-0.7186618447303772,-0.7373517572923957
COHFACE_s37_session3_natural,14,32,15.066666666666666,-0.7733501195907593,-0.3621630318527939
COHFACE_s37_session3_natural,14,33,15.1,-0.8206263184547424,-0.0033781333205838895
COHFACE_s37_session3_natural,14,34,15.133333333333333,-0.7165746688842773,0.29105918732682984
COHFACE_s37_session3_natural,14,35,15.166666666666666,-0.026329385116696358,0.4916186868049012
COHFACE_s37_session3_natural,14,36,15.2,1.1186350584030151,0.591471557270405
COHFACE_s37_session3_natural,14,37,15.233333333333333,1.876582145690918,0.6039021527400167
COHFACE_s37_session3_natural,14,38,15.266666666666667,1.9706379175186157,0.5541799887692835
COHFACE_s37_session3_natural,14,39,15.3,1.7078462839126587,0.46956444608113435
COHFACE_s37_session3_natural,14,40,15.333333333333334,1.3657727241516113,0.3716967137634053
COHFACE_s37_session3_natural,14,41,15.366666666666667,0.9890655875205994,0.27380837038520006
COHFACE_s37_session3_natural,14,42,15.4,0.5822135210037231,0.18182729405828008
COHFACE_s37_session3_natural,14,43,15.433333333333334,0.32542574405670166,0.09648838942042423
COHFACE_s37_session3_natural,14,44,15.466666666666667,0.2932817041873932,0.01476762449918558
COHFACE_s37_session3_natural,14,45,15.5,0.3486112058162689,-0.06860091168227068
COHFACE_s37_session3_natural,14,46,15.533333333333333,0.3415512144565582,-0.15800301283004253
COHFACE_s37_session3_natural,14,47,15.566666666666666,0.21291214227676392,-0.2522970552240703
COHFACE_s37_session3_natural,14,48,15.6,0.009222076274454594,-0.3412495955161444
COHFACE_s37_session3_natural,14,49,15.633333333333333,-0.2154405266046524,-0.4065372812243927
COHFACE_s37_session3_natural,14,50,15.666666666666666,-0.42003586888313293,-0.4284997246980755
COHFACE_s37_session3_natural,14,51,15.7,-0.5838555097579956,-0.3957185828499863
COHFACE_s37_session3_natural,14,52,15.733333333333333,-0.7020586133003235,-0.3116431689487139
COHFACE_s37_session3_natural,14,53,15.766666666666667,-0.7792407870292664,-0.19375657738429247
COHFACE_s37_session3_natural,14,54,15.8,-0.8236439824104309,-0.06604650887599604
COHFACE_s37_session3_natural,14,55,15.833333333333334,-0.868279755115509,0.04999998943792114
COHFACE_s37_session3_natural,14,56,15.866666666666667,-0.904849648475647,0.14110342545301266
COHFACE_s37_session3_natural,14,57,15.9,-0.7600097060203552,0.20341913917332938
COHFACE_s37_session3_natural,14,58,15.933333333333334,0.006499921437352896,0.24092675010520176
COHFACE_s37_session3_natural,14,59,15.966666666666667,1.159127950668335,0.2630616684737752
COHFACE_s37_session3_natural,14,60,16.0,1.8614814281463623,0.28235643753422396
COHFACE_s37_session3_natural,14,61,16.033333333333335,1.9106310606002808,0.31168731163523344
COHFACE_s37_session3_natural,14,62,16.066666666666666,1.6572569608688354,0.3609831367637376
COHFACE_s37_session3_natural,14,63,16.1,1.3590271472930908,0.43410213574668305
COHFACE_s37_session3_natural,14,64,16.133333333333333,1.0185314416885376,0.5267370183070145
COHFACE_s37_session3_natural,14,65,16.166666666666668,0.6179347634315491,0.6258334700270306
COHFACE_s37_session3_natural,14,66,16.2,0.34319832921028137,0.7107570517991937
COHFACE_s37_session3_natural,14,67,16.233333333333334,0.28265711665153503,0.756312846648392
COHFACE_s37_session3_natural,14,68,16.266666666666666,0.3015173077583313,0.7374725959868966
COHFACE_s37_session3_natural,14,69,16.3,0.265305757522583,0.6353662342036543
COHFACE_s37_session3_natural,14,70,16.333333333333332,0.12951865792274475,0.44377642216088037
COHFACE_s37_session3_natural,14,71,16.366666666666667,-0.0762585997581482,0.17469468789503925
COHFACE_s37_session3_natural,14,72,16.4,-0.29665249586105347,-0.13949551310315658
COHFACE_s37_session3_natural,14,73,16.433333333333334,-0.4968282878398895,-0.44992775747579283
COHFACE_s37_session3_natural,14,74,16.466666666666665,-0.6645142436027527,-0.7024563418727598
COHFACE_s37_session3_natural,14,75,16.5,-0.7868666052818298,-0.8539060605455976
COHFACE_s37_session3_natural,14,76,16.533333333333335,-0.8714231252670288,-0.8872042994003078
COHFACE_s37_session3_natural,14,77,16.566666666666666,-0.9188690781593323,-0.8179309539942272
COHFACE_s37_session3_natural,14,78,16.6,-0.9454996585845947,-0.6880727481919354
COHFACE_s37_session3_natural,14,79,16.633333333333333,-0.9737271070480347,-0.5489254939530163
COHFACE_s37_session3_natural,14,80,16.666666666666668,-1.023404836654663,-0.4406351899895229
COHFACE_s37_session3_natural,14,81,16.7,-1.0825001001358032,-0.3778073861043268
COHFACE_s37_session3_natural,14,82,16.733333333333334,-1.0340042114257812,-0.3477471978738314
COHFACE_s37_session3_natural,14,83,16.766666666666666,-0.42007359862327576,-0.3215637392586329
COHFACE_s37_session3_natural,14,84,16.8,0.8096297383308411,-0.27178617675883215
COHFACE_s37_session3_natural,14,85,16.833333333333332,1.753726840019226,-0.18707850085807962
COHFACE_s37_session3_natural,14,86,16.866666666666667,1.9692548513412476,-0.07698146123132296
COHFACE_s37_session3_natural,14,87,16.9,1.7736117839813232,0.03455188255631294
COHFACE_s37_session3_natural,14,88,16.933333333333334,1.4993469715118408,0.12230366196049967
COHFACE_s37_session3_natural,14,89,16.966666666666665,1.1981496810913086,0.17207329485277476
COHFACE_s37_session3_natural,14,90,17.0,0.8104972839355469,0.1854881649220277
COHFACE_s37_session3_natural,14,91,17.033333333333335,0.46676403284072876,0.17542840260079445
COHFACE_s37_session3_natural,14,92,17.066666666666666,0.3205598294734955,0.1562459066929861
COHFACE_s37_session3_natural,14,93,17.1,0.31892526149749756,0.13601968184820296
COHFACE_s37_session3_natural,14,94,17.133333333333333,0.3081435263156891,0.11552974338263079
COHFACE_s37_session3_natural,14,95,17.166666666666668,0.1946806162595749,0.09299659540400858
COHFACE_s37_session3_natural,14,96,17.2,0.0017911605536937714,0.06953391506470182
COHFACE_s37_session3_natural,14,97,17.233333333333334,-0.21653440594673157,0.0505479833749602
COHFACE_s37_session3_natural,14,98,17.266666666666666,-0.4211108982563019,0.04256780447427039
COHFACE_s37_session3_natural,14,99,17.3,-0.5947378277778625,0.04926457233630265
COHFACE_s37_session3_natural,14,100,17.333333333333332,-0.734561026096344,0.07087290945182649
COHFACE_s37_session3_natural,14,101,17.366666666666667,-0.8398008942604065,0.10766796174553223
COHFACE_s37_session3_natural,14,102,17.4,-0.9064024686813354,0.16358090593942592
COHFACE_s37_session3_natural,14,103,17.433333333333334,-0.9472473859786987,0.2449170853355093
COHFACE_s37_session3_natural,14,104,17.466666666666665,-0.991782546043396,0.35332679514248355
COHFACE_s37_session3_natural,14,105,17.5,-1.0387444496154785,0.47783463153159184
COHFACE_s37_session3_natural,14,106,17.533333333333335,-1.0846186876296997,0.592671277040818
COHFACE_s37_session3_natural,14,107,17.566666666666666,-1.1370751857757568,0.6642235742949627
COHFACE_s37_session3_natural,14,108,17.6,-1.1930396556854248,0.6639450831946272
COHFACE_s37_session3_natural,14,109,17.633333333333333,-1.2416611909866333,0.5797466463398852
COHFACE_s37_session3_natural,14,110,17.666666666666668,-1.2746540307998657,0.41977886447289753
COHFACE_s37_session3_natural,14,111,17.7,-1.2937341928482056,0.2076770023839181
COHFACE_s37_session3_natural,14,112,17.733333333333334,-1.3121041059494019,-0.02698735860362507
COHFACE_s37_session3_natural,14,113,17.766666666666666,-1.3365594148635864,-0.25765364509344085
COHFACE_s37_session3_natural,14,114,17.8,-1.2741950750350952,-0.4653543785940461
COHFACE_s37_session3_natural,14,115,17.833333333333332,-0.6061545014381409,-0.6383621296752253
COHFACE_s37_session3_natural,14,116,17.866666666666667,0.8209458589553833,-0.7688829039620844
COHFACE_s37_session3_natural,14,117,17.9,1.988882064819336,-0.8495495239074206
COHFACE_s37_session3_natural,14,118,17.933333333333334,2.3162131309509277,-0.871655578915962
COHFACE_s37_session3_natural,14,119,17.966666666666665,2.1292836666107178,-0.8259444857443348
COHFACE_s37_session3_natural,14,120,18.0,1.8317766189575195,-0.7061956156183146
COHFACE_s37_session3_natural,14,121,18.033333333333335,1.5403929948806763,-0.515063845125303
COHFACE_s37_session3_natural,14,122,18.066666666666666,1.1823511123657227,-0.2699044276015444
COHFACE_s37_session3_natural,14,123,18.1,0.8136847019195557,-0.004641226853429946
COHFACE_s37_session3_natural,14,124,18.133333333333333,0.6139929890632629,0.2360095605390461
COHFACE_s37_session3_natural,14,125,18.166666666666668,0.5820689797401428,0.4100146520431951
COHFACE_s37_session3_natural,14,126,18.2,0.5760085582733154,0.49345481882061515
COHFACE_s37_session3_natural,14,127,18.233333333333334,0.4812738001346588,0.4892798365859941
COHFACE_s37_session3_natural,14,128,18.266666666666666,0.2876739501953125,0.4242910927326177
COHFACE_s37_session3_natural,14,129,18.3,0.04982806742191315,0.3362606884147441
COHFACE_s37_session3_natural,14,130,18.333333333333332,-0.18506932258605957,0.2582505123822636
COHFACE_s37_session3_natural,14,131,18.366666666666667,-0.3791658282279968,0.20779660735035735
COHFACE_s37_session3_natural,14,132,18.4,-0.5313109755516052,0.18498355825506127
COHFACE_s37_session3_natural,14,133,18.433333333333334,-0.6515824198722839,0.17817464148115447
COHFACE_s37_session3_natural,14,134,18.466666666666665,-0.7345484495162964,0.17252024317277626
COHFACE_s37_session3_natural,14,135,18.5,-0.793184757232666,0.156343449219025
COHFACE_s37_session3_natural,14,136,18.533333333333335,-0.8425041437149048,0.12364679252948423
COHFACE_s37_session3_natural,14,137,18.566666666666666,-0.892137885093689,0.07407424127263236
COHFACE_s37_session3_natural,14,138,18.6,-0.9477629065513611,0.01207225767211815
COHFACE_s37_session3_natural,14,139,18.633333333333333,-1.0055253505706787,-0.05425318544787813
COHFACE_s37_session3_natural,14,140,18.666666666666668,-1.066374659538269,-0.11481408308489847
COHFACE_s37_session3_natural,14,141,18.7,-1.1281605958938599,-0.15979121239429794
COHFACE_s37_session3_natural,14,142,18.733333333333334,-1.1858476400375366,-0.18205359595727144
COHFACE_s37_session3_natural,14,143,18.766666666666666,-1.2297542095184326,-0.1791996013823331
COHFACE_s37_session3_natural,14,144,18.8,-1.2641236782073975,-0.15488362144847337
COHFACE_s37_session3_natural,14,145,18.833333333333332,-1.2822608947753906,-0.11905269035677751
COHFACE_s37_session3_natural,14,146,18.866666666666667,-1.3004170656204224,-0.08622588433629765
COHFACE_s37_session3_natural,14,147,18.9,-1.3269847631454468,-0.07107588861044595
COHFACE_s37_session3_natural,14,148,18.933333333333334,-1.264280915260315,-0.08212763762724791
COHFACE_s37_session3_natural,14,149,18.966666666666665,-0.5891426205635071,-0.11646502569545622
COHFACE_s37_session3_natural,14,150,19.0,0.8568933606147766,-0.1591162467334737
COHFACE_s37_session3_natural,14,151,19.033333333333335,2.0629146099090576,-0.18878889837389795
COHFACE_s37_session3_natural,14,152,19.066666666666666,2.442589044570923,-0.18739437957440552
COHFACE_s37_session3_natural,14,153,19.1,2.2848927974700928,-0.14783542250865067
COHFACE_s37_session3_natural,14,154,19.133333333333333,1.9837394952774048,-0.07574105037695306
COHFACE_s37_session3_natural,14,155,19.166666666666668,1.6777517795562744,0.01482813131960313
COHFACE_s37_session3_natural,14,156,19.2,1.3160258531570435,0.10762164649709581
COHFACE_s37_session3_natural,14,157,19.233333333333334,0.928706705570221,0.1877833412589777
COHFACE_s37_session3_natural,14,158,19.266666666666666,0.6978579759597778,0.24176065141087796
COHFACE_s37_session3_natural,14,159,19.3,0.6453197598457336,0.2566027896304421
COHFACE_s37_session3_natural,14,160,19.333333333333332,0.6320170164108276,0.22232708944243257
COHFACE_s37_session3_natural,14,161,19.366666666666667,0.5511507987976074,0.13784447818183593
COHFACE_s37_session3_natural,14,162,19.4,0.3738838732242584,0.01664679200355721
COHFACE_s37_session3_natural,14,163,19.433333333333334,0.1372387707233429,-0.11297015526669328
COHFACE_s37_session3_natural,14,164,19.466666666666665,-0.10717044770717621,-0.21519895734030078
COHFACE_s37_session3_natural,14,165,19.5,-0.32620641589164734,-0.25888079460267355
COHFACE_s37_session3_natural,14,166,19.533333333333335,-0.5120673179626465,-0.22940551532610884
COHFACE_s37_session3_natural,14,167,19.566666666666666,-0.6568192839622498,-0.13502090132411212
COHFACE_s37_session3_natural,14,168,19.6,-0.7591421008110046,-0.0035219143032991784
COHFACE_s37_session3_natural,14,169,19.633333333333333,-0.8310937285423279,0.13047488774024715
COHFACE_s37_session3_natural,14,170,19.666666666666668,-0.8861969113349915,0.24089290853661482
COHFACE_s37_session3_natural,14,171,19.7,-0.9349756836891174,0.31858975107349957
COHFACE_s37_session3_natural,14,172,19.733333333333334,-0.9876207709312439,0.3682329526714775
COHFACE_s37_session3_natural,14,173,19.766666666666666,-1.045295238494873,0.39736650873683627
COHFACE_s37_session3_natural,14,174,19.8,-1.1043025255203247,0.40584689961923154
COHFACE_s37_session3_natural,14,175,19.833333333333332,-1.1635046005249023,0.38252316426015387
COHFACE_s37_session3_natural,14,176,19.866666666666667,-1.2216254472732544,0.3109544794373824
COHFACE_s37_session3_natural,14,177,19.9,-1.2675563097000122,0.1805609372490341
COHFACE_s37_session3_natural,14,178,19.933333333333334,-1.3049622774124146,-0.0031430385077065547
COHFACE_s37_session3_natural,14,179,19.966666666666665,-1.3416768312454224,-0.21485586555426361
COHFACE_s37_session3_natural,14,180,20.0,-1.3699294328689575,-0.4146592369026344
COHFACE_s37_session3_natural,14,181,20.033333333333335,-1.1761912107467651,-0.5601738946583512
COHFACE_s37_session3_natural,14,182,20.066666666666666,-0.18332789838314056,-0.620584485231654
COHFACE_s37_session3_natural,14,183,20.1,1.3023333549499512,-0.5866113466541374
COHFACE_s37_session3_natural,14,184,20.133333333333333,2.2314743995666504,-0.472514992701918
COHFACE_s37_session3_natural,14,185,20.166666666666668,2.3951621055603027,-0.3099383124192499
COHFACE_s37_session3_natural,14,186,20.2,2.177257537841797,-0.13691289902790624
COHFACE_s37_session3_natural,14,187,20.233333333333334,1.8629525899887085,0.013126968221044281
COHFACE_s37_session3_natural,14,188,20.266666666666666,1.532402515411377,0.11860589404667868
COHFACE_s37_session3_natural,14,189,20.3,1.1419085264205933,0.17220324431644538
COHFACE_s37_session3_natural,14,190,20.333333333333332,0.7812325954437256,0.17941244626932726
COHFACE_s37_session3_natural,14,191,20.366666666666667,0.5944600701332092,0.15490209766457064
COHFACE_s37_session3_natural,14,192,20.4,0.5532442927360535,0.11756487867614707
COHFACE_s37_session3_natural,14,193,20.433333333333334,0.5336925387382507,0.08468403056115542
COHFACE_s37_session3_natural,14,194,20.466666666666665,0.43599677085876465,0.06653161418053187
COHFACE_s37_session3_natural,14,195,20.5,0.24469156563282013,0.06359641894003883
COHFACE_s37_session3_natural,14,196,20.533333333333335,0.00543117756024003,0.06791033686060062
COHFACE_s37_session3_natural,14,197,20.566666666666666,-0.23599812388420105,0.0679839069666945
COHFACE_s37_session3_natural,14,198,20.6,-0.458812415599823,0.05505281051606131
COHFACE_s37_session3_natural,14,199,20.633333333333333,-0.6403794884681702,0.02765577093545879
COHFACE_s37_session3_natural,14,200,20.666666666666668,-0.7773107886314392,-0.007630509096453111
COHFACE_s37_session3_natural,14,201,20.7,-0.8788854479789734,-0.03946084504568277
COHFACE_s37_session3_natural,14,202,20.733333333333334,-0.949912965297699,-0.05691298296039607
COHFACE_s37_session3_natural,14,203,20.766666666666666,-1.0022687911987305,-0.053542851303243225
COHFACE_s37_session3_natural,14,204,20.8,-1.048382043838501,-0.028344656729131355
COHFACE_s37_session3_natural,14,205,20.833333333333332,-1.0968652963638306,0.01604547324916413
COHFACE_s37_session3_natural,14,206,20.866666666666667,-1.1490451097488403,0.07576845136014135
COHFACE_s37_session3_natural,14,207,20.9,-1.2052987813949585,0.14672191638659837
COHFACE_s37_session3_natural,14,208,20.933333333333334,-1.258899450302124,0.22391145097871812
COHFACE_s37_session3_natural,14,209,20.966666666666665,-1.3070558309555054,0.30062269178237366
COHFACE_s37_session3_natural,14,210,21.0,-1.3471086025238037,0.3686020312624626
COHFACE_s37_session3_natural,14,211,21.033333333333335,-1.3868343830108643,0.419139385420558
COHFACE_s37_session3_natural,14,212,21.066666666666666,-1.4247370958328247,0.4442363017145103
COHFACE_s37_session3_natural,14,213,21.1,-1.2552783489227295,0.43721185570317966
COHFACE_s37_session3_natural,14,214,21.133333333333333,-0.2874550223350525,0.3926658248165282
COHFACE_s37_session3_natural,14,215,21.166666666666668,1.1897128820419312,0.306286902773974
COHFACE_s37_session3_natural,14,216,21.2,2.117037057876587,0.17525969391227805
COHFACE_s37_session3_natural,14,217,21.233333333333334,2.280416488647461,-0.0002644891471537489
COHFACE_s37_session3_natural,14,218,21.266666666666666,2.055911064147949,-0.21489927438347295
COHFACE_s37_session3_natural,14,219,21.3,1.7218971252441406,-0.4557405325355009
COHFACE_s37_session3_natural,14,220,21.333333333333332,1.3616863489151,-0.7008328165679766
COHFACE_s37_session3_natural,14,221,21.366666666666667,0.9615108370780945,-0.9193298234566809
COHFACE_s37_session3_natural,14,222,21.4,0.6230835914611816,-1.0749117171133937
COHFACE_s37_session3_natural,14,223,21.433333333333334,0.4734971225261688,-1.1334962397214305
COHFACE_s37_session3_natural,14,224,21.466666666666665,0.4651106297969818,-1.0736627511677836
COHFACE_s37_session3_natural,14,225,21.5,0.4617723524570465,-0.8954200204282446
COHFACE_s37_session3_natural,14,226,21.533333333333335,0.3766123056411743,-0.6225676482738598
COHFACE_s37_session3_natural,14,227,21.566666666666666,0.19820748269557953,-0.2966097358191963
COHFACE_s37_session3_natural,14,228,21.6,-0.029875099658966064,0.03542930794756275
COHFACE_s37_session3_natural,14,229,21.633333333333333,-0.2611576318740845,0.33378646744651663
COHFACE_s37_session3_natural,14,230,21.666666666666668,-0.4722785949707031,0.5740499710072482
COHFACE_s37_session3_natural,14,231,21.7,-0.6483007669448853,0.748125527194013
COHFACE_s37_session3_natural,14,232,21.733333333333334,-0.7857852578163147,0.8591064178118881
COHFACE_s37_session3_natural,14,233,21.766666666666666,-0.883204460144043,0.9136726872746905
COHFACE_s37_session3_natural,14,234,21.8,-0.9469707608222961,0.9164254018444548
COHFACE_s37_session3_natural,14,235,21.833333333333332,-0.996088981628418,0.8688267423653874
COHFACE_s37_session3_natural,14,236,21.866666666666667,-1.0410014390945435,0.7719240386596442
COHFACE_s37_session3_natural,14,237,21.9,-1.0850273370742798,0.629709215021041
COHFACE_s37_session3_natural,14,238,21.933333333333334,-1.1297763586044312,0.450760892160507
COHFACE_s37_session3_natural,14,239,21.966666666666665,-1.175902009010315,0.24798122514048462
COHFACE_s37_session3_natural,15,0,15.0,-0.6546566486358643,0.051774429052082155
COHFACE_s37_session3_natural,15,1,15.033333333333333,-0.7186618447303772,0.03597946141020504
COHFACE_s37_session3_natural,15,2,15.066666666666666,-0.7733501195907593,0.02783146183769924
COHFACE_s37_session3_natural,15,3,15.1,-0.8206263184547424,0.03969190949128512
COHFACE_s37_session3_natural,15,4,15.133333333333333,-0.7165746688842773,0.08767355684462812
COHFACE_s37_session3_natural,15,5,15.166666666666666,-0.026329385116696358,0.1851328745252366
COHFACE_s37_session3_natural,15,6,15.2,1.1186350584030151,0.3324680298791057
COHFACE_s37_session3_natural,15,7,15.233333333333333,1.876582145690918,0.509314963118805
COHFACE_s37_session3_natural,15,8,15.266666666666667,1.9706379175186157,0.6751236719022277
COHFACE_s37_session3_natural,15,9,15.3,1.7078462839126587,0.7801965820285348
COHFACE_s37_session3_natural,15,10,15.333333333333334,1.3657727241516113,0.7837037970140618
COHFACE_s37_session3_natural,15,11,15.366666666666667,0.9890655875205994,0.6709406595379361
COHFACE_s37_session3_natural,15,12,15.4,0.5822135210037231,0.46153575290757326
COHFACE_s37_session3_natural,15,13,15.433333333333334,0.32542574405670166,0.2039144036083877
COHFACE_s37_session3_natural,15,14,15.466666666666667,0.2932817041873932,-0.042414625960952454
COHFACE_s37_session3_natural,15,15,15.5,0.3486112058162689,-0.229164153115581
COHFACE_s37_session3_natural,15,16,15.533333333333333,0.3415512144565582,-0.3359302502124378
COHFACE_s37_session3_natural,15,17,15.566666666666666,0.21291214227676392,-0.37367018263693247
COHFACE_s37_session3_natural,15,18,15.6,0.009222076274454594,-0.37457530996749183
COHFACE_s37_session3_natural,15,19,15.633333333333333,-0.2154405266046524,-0.37482809420847507
COHFACE_s37_session3_natural,15,20,15.666666666666666,-0.42003586888313293,-0.39904113326890855
COHFACE_s37_session3_natural,15,21,15.7,-0.5838555097579956,-0.4525748065498815
COHFACE_s37_session3_natural,15,22,15.733333333333333,-0.7020586133003235,-0.5229559841408963
COHFACE_s37_session3_natural,15,23,15.766666666666667,-0.7792407870292664,-0.5874559819216326
COHFACE_s37_session3_natural,15,24,15.8,-0.8236439824104309,-0.6224965122339429
COHFACE_s37_session3_natural,15,25,15.833333333333334,-0.868279755115509,-0.6113911698643781
COHFACE_s37_session3_natural,15,26,15.866666666666667,-0.904849648475647,-0.5484704809288662
COHFACE_s37_session3_natural,15,27,15.9,-0.7600097060203552,-0.43917605302407414
COHFACE_s37_session3_natural,15,28,15.933333333333334,0.006499921437352896,-0.2970154171455585
COHFACE_s37_session3_natural,15,29,15.966666666666667,1.159127950668335,-0.13898372077779364
COHFACE_s37_session3_natural,15,30,16.0,1.8614814281463623,0.01898989347367679
COHFACE_s37_session3_natural,15,31,16.033333333333335,1.9106310606002808,0.16552278859784683
COHFACE_s37_session3_natural,15,32,16.066666666666666,1.6572569608688354,0.29564617285725664
COHFACE_s37_session3_natural,15,33,16.1,1.3590271472930908,0.41074728121151355
COHFACE_s37_session3_natural,15,34,16.133333333333333,1.0185314416885376,0.5163317669315759
COHFACE_s37_session3_natural,15,35,16.166666666666668,0.6179347634315491,0.6177629125681744
COHFACE_s37_session3_natural,15,36,16.2,0.34319832921028137,0.7151515420542195
COHFACE_s37_session3_natural,15,37,16.233333333333334,0.28265711665153503,0.7995931146069933
COHFACE_s37_session3_natural,15,38,16.266666666666666,0.3015173077583313,0.8530910855750076
COHFACE_s37_session3_natural,15,39,16.3,0.265305757522583,0.8533226716466238
COHFACE_s37_session3_natural,15,40,16.333333333333332,0.12951865792274475,0.7821788488271973
COHFACE_s37_session3_natural,15,41,16.366666666666667,-0.0762585997581482,0.6348089696857299
COHFACE_s37_session3_natural,15,42,16.4,-0.29665249586105347,0.42496675741963114
COHFACE_s37_session3_natural,15,43,16.433333333333334,-0.4968282878398895,0.1835111123837138
COHFACE_s37_session3_natural,15,44,16.466666666666665,-0.6645142436027527,-0.05022983142728434
COHFACE_s37_session3_natural,15,45,16.5,-0.7868666052818298,-0.24110822293609147
COHFACE_s37_session3_natural,15,46,16.533333333333335,-0.8714231252670288,-0.36945843717411214
COHFACE_s37_session3_natural,15,47,16.566666666666666,-0.9188690781593323,-0.4361092479300954
COHFACE_s37_session3_natural,15,48,16.6,-0.9454996585845947,-0.45932148391301264
COHFACE_s37_session3_natural,15,49,16.633333333333333,-0.9737271070480347,-0.4657450108210748
COHFACE_s37_session3_natural,15,50,16.666666666666668,-1.023404836654663,-0.47975192186575183
COHFACE_s37_session3_natural,15,51,16.7,-1.0825001001358032,-0.5153601293881656
COHFACE_s37_session3_natural,15,52,16.733333333333334,-1.0340042114257812,-0.5730191359433101
COHFACE_s37_session3_natural,15,53,16.766666666666666,-0.42007359862327576,-0.641167885430429
COHFACE_s37_session3_natural,15,54,16.8,0.8096297383308411,-0.700932690220583
COHFACE_s37_session3_natural,15,55,16.833333333333332,1.753726840019226,-0.731924426596308
COHFACE_s37_session3_natural,15,56,16.866666666666667,1.9692548513412476,-0.7174609374540448
COHFACE_s37_session3_natural,15,57,16.9,1.7736117839813232,-0.6481420332905625
COHFACE_s37_session3_natural,15,58,16.933333333333334,1.4993469715118408,-0.5232373038019539
COHFACE_s37_session3_natural,15,59,16.966666666666665,1.1981496810913086,-0.3500075225237041
COHFACE_s37_session3_natural,15,60,17.0,0.8104972839355469,-0.14190167799048253
COHFACE_s37_session3_natural,15,61,17.033333333333335,0.46676403284072876,0.08317017321250238
COHFACE_s37_session3_natural,15,62,17.066666666666666,0.3205598294734955,0.30407765573307144
COHFACE_s37_session3_natural,15,63,17.1,0.31892526149749756,0.49796595169046687
COHFACE_s37_session3_natural,15,64,17.133333333333333,0.3081435263156891,0.643141810543284
COHFACE_s37_session3_natural,15,65,17.166666666666668,0.1946806162595749,0.7234882575466467
COHFACE_s37_session3_natural,15,66,17.2,0.0017911605536937714,0.7327212020670468
COHFACE_s37_session3_natural,15,67,17.233333333333334,-0.21653440594673157,0.6761178232342978
COHFACE_s37_session3_natural,15,68,17.266666666666666,-0.4211108982563019,0.5689115797437565
COHFACE_s37_session3_natural,15,69,17.3,-0.5947378277778625,0.43266094039757896
COHFACE_s37_session3_natural,15,70,17.333333333333332,-0.734561026096344,0.291407065539277
COHFACE_s37_session3_natural,15,71,17.366666666666667,-0.8398008942604065,0.16827337183310992
COHFACE_s37_session3_natural,15,72,17.4,-0.9064024686813354,0.08178980273096242
COHFACE_s37_session3_natural,15,73,17.433333333333334,-0.9472473859786987,0.041452632380672115
COHFACE_s37_session3_natural,15,74,17.466666666666665,-0.991782546043396,0.04411539486239433
COHFACE_s37_session3_natural,15,75,17.5,-1.0387444496154785,0.07422246506228217
COHFACE_s37_session3_natural,15,76,17.533333333333335,-1.0846186876296997,0.10939346306188757
COHFACE_s37_session3_natural,15,77,17.566666666666666,-1.1370751857757568,0.12945901243224708
COHFACE_s37_session3_natural,15,78,17.6,-1.1930396556854248,0.12438988556898087
COHFACE_s37_session3_natural,15,79,17.633333333333333,-1.2416611909866333,0.09665113106619311
COHFACE_s37_session3_natural,15,80,17.666666666666668,-1.2746540307998657,0.056639762279074565
COHFACE_s37_session3_natural,15,81,17.7,-1.2937341928482056,0.014155282658646105
COHFACE_s37_session3_natural,15,82,17.733333333333334,-1.3121041059494019,-0.02848524189379371
COHFACE_s37_session3_natural,15,83,17.766666666666666,-1.3365594148635864,-0.07714679399069314
COHFACE_s37_session3_natural,15,84,17.8,-1.2741950750350952,-0.14031107333023166
COHFACE_s37_session3_natural,15,85,17.833333333333332,-0.6061545014381409,-0.22135277188875815
COHFACE_s37_session3_natural,15,86,17.866666666666667,0.8209458589553833,-0.3134013150150841
COHFACE_s37_session3_natural,15,87,17.9,1.988882064819336,-0.3992715231961048
COHFACE_s37_session3_natural,15,88,17.933333333333334,2.3162131309509277,-0.45622189662147833
COHFACE_s37_session3_natural,15,89,17.966666666666665,2.1292836666107178,-0.46355819221615
COHFACE_s37_session3_natural,15,90,18.0,1.8317766189575195,-0.41056343495422787
COHFACE_s37_session3_natural,15,91,18.033333333333335,1.5403929948806763,-0.3022027870488657
COHFACE_s37_session3_natural,15,92,18.066666666666666,1.1823511123657227,-0.16010572771209144
COHFACE_s37_session3_natural,15,93,18.1,0.8136847019195557,-0.017325709603836188
COHFACE_s37_session3_natural,15,94,18.133333333333333,0.6139929890632629,0.09211677418381754
COHFACE_s37_session3_natural,15,95,18.166666666666668,0.5820689797401428,0.14513645078263546
COHFACE_s37_session3_natural,15,96,18.2,0.5760085582733154,0.13794279951275804
COHFACE_s37_session3_natural,15,97,18.233333333333334,0.4812738001346588,0.08703943184508368
COHFACE_s37_session3_natural,15,98,18.266666666666666,0.2876739501953125,0.022208151509617798
COHFACE_s37_session3_natural,15,99,18.3,0.04982806742191315,-0.02553501134411556
COHFACE_s37_session3_natural,15,100,18.333333333333332,-0.18506932258605957,-0.03572129175370068
COHFACE_s37_session3_natural,15,101,18.366666666666667,-0.3791658282279968,-0.004902958216770496
COHFACE_s37_session3_natural,15,102,18.4,-0.5313109755516052,0.054474419788425286
COHFACE_s37_session3_natural,15,103,18.433333333333334,-0.6515824198722839,0.1213965932289038
COHFACE_s37_session3_natural,15,104,18.466666666666665,-0.7345484495162964,0.17574387819554216
COHFACE_s37_session3_natural,15,105,18.5,-0.793184757232666,0.20544491176219448
COHFACE_s37_session3_natural,15,106,18.533333333333335,-0.8425041437149048,0.20871378811946512
COHFACE_s37_session3_natural,15,107,18.566666666666666,-0.892137885093689,0.19148257956186357
COHFACE_s37_session3_natural,15,108,18.6,-0.9477629065513611,0.1621859291057612
COHFACE_s37_session3_natural,15,109,18.633333333333333,-1.0055253505706787,0.12679462733257796
COHFACE_s37_session3_natural,15,110,18.666666666666668,-1.066374659538269,0.08648544043726948
COHFACE_s37_session3_natural,15,111,18.7,-1.1281605958938599,0.038856968364510594
COHFACE_s37_session3_natural,15,112,18.733333333333334,-1.1858476400375366,-0.01827302979880335
COHFACE_s37_session3_natural,15,113,18.766666666666666,-1.2297542095184326,-0.08284560055651616
COHFACE_s37_session3_natural,15,114,18.8,-1.2641236782073975,-0.14683417318125394
COHFACE_s37_session3_natural,15,115,18.833333333333332,-1.2822608947753906,-0.19807924963561205
COHFACE_s37_session3_natural,15,116,18.866666666666667,-1.3004170656204224,-0.22485244735115278
COHFACE_s37_session3_natural,15,117,18.9,-1.3269847631454468,-0.22068063822110615
COHFACE_s37_session3_natural,15,118,18.933333333333334,-1.264280915260315,-0.18686103294395515
COHFACE_s37_session3_natural,15,119,18.966666666666665,-0.5891426205635071,-0.13150613894651825
COHFACE_s37_session3_natural,15,120,19.0,0.8568933606147766,-0.06595756128320288
COHFACE_s37_session3_natural,15,121,19.033333333333335,2.0629146099090576,-0.000720841628892683
COHFACE_s37_session3_natural,15,122,19.066666666666666,2.442589044570923,0.05709325323872962
COHFACE_s37_session3_natural,15,123,19.1,2.2848927974700928,0.10412445657729513
COHFACE_s37_session3_natural,15,124,19.133333333333333,1.9837394952774048,0.13959609647467536
COHFACE_s37_session3_natural,15,125,19.166666666666668,1.6777517795562744,0.16376907227803267
COHFACE_s37_session3_natural,15,126,19.2,1.3160258531570435,0.17655806523374953
COHFACE_s37_session3_natural,15,127,19.233333333333334,0.928706705570221,0.1763465457238861
COHFACE_s37_session3_natural,15,128,19.266666666666666,0.6978579759597778,0.1595074505090852
COHFACE_s37_session3_natural,15,129,19.3,0.6453197598457336,0.12171875823245244
COHFACE_s37_session3_natural,15,130,19.333333333333332,0.6320170164108276,0.06157569076349302
COHFACE_s37_session3_natural,15,131,19.366666666666667,0.5511507987976074,-0.014922110469519039
COHFACE_s37_session3_natural,15,132,19.4,0.3738838732242584,-0.09240739039650597
COHFACE_s37_session3_natural,15,133,19.433333333333334,0.1372387707233429,-0.14970217943824424
COHFACE_s37_session3_natural,15,134,19.466666666666665,-0.10717044770717621,-0.16827837212780017
COHFACE_s37_session3_natural,15,135,19.5,-0.32620641589164734,-0.1411249134819044
COHFACE_s37_session3_natural,15,136,19.533333333333335,-0.5120673179626465,-0.07675780499662613
COHFACE_s37_session3_natural,15,137,19.566666666666666,-0.6568192839622498,0.004260907252353974
COHFACE_s37_session3_natural,15,138,19.6,-0.7591421008110046,0.07876627333962236
COHFACE_s37_session3_natural,15,139,19.633333333333333,-0.8310937285423279,0.1314654687951503
COHFACE_s37_session3_natural,15,140,19.666666666666668,-0.8861969113349915,0.16070857986730766
COHFACE_s37_session3_natural,15,141,19.7,-0.9349756836891174,0.1762505537648604
COHFACE_s37_session3_natural,15,142,19.733333333333334,-0.9876207709312439,0.19027996573763875
COHFACE_s37_session3_natural,15,143,19.766666666666666,-1.045295238494873,0.20691844745518553
COHFACE_s37_session3_natural,15,144,19.8,-1.1043025255203247,0.21622237238567407
COHFACE_s37_session3_natural,15,145,19.833333333333332,-1.1635046005249023,0.1963002165370967
COHFACE_s37_session3_natural,15,146,19.866666666666667,-1.2216254472732544,0.1230492619164522
COHFACE_s37_session3_natural,15,147,19.9,-1.2675563097000122,-0.016674151830056844
COHFACE_s37_session3_natural,15,148,19.933333333333334,-1.3049622774124146,-0.21429706746029478
COHFACE_s37_session3_natural,15,149,19.966666666666665,-1.3416768312454224,-0.43639722241733064
COHFACE_s37_session3_natural,15,150,20.0,-1.3699294328689575,-0.6318748093323017
COHFACE_s37_session3_natural,15,151,20.033333333333335,-1.1761912107467651,-0.7479659833459722
COHFACE_s37_session3_natural,15,152,20.066666666666666,-0.18332789838314056,-0.7490553137764474
COHFACE_s37_session3_natural,15,153,20.1,1.3023333549499512,-0.629980724610179
COHFACE_s37_session3_natural,15,154,20.133333333333333,2.2314743995666504,-0.4176345928791037
COHFACE_s37_session3_natural,15,155,20.166666666666668,2.3951621055603027,-0.16033077671535614
COHFACE_s37_session3_natural,15,156,20.2,2.177257537841797,0.08945438906092189
COHFACE_s37_session3_natural,15,157,20.233333333333334,1.8629525899887085,0.2906839586110156
COHFACE_s37_session3_natural,15,158,20.266666666666666,1.532402515411377,0.42194609421450263
COHFACE_s37_session3_natural,15,159,20.3,1.1419085264205933,0.4814571608410318
COHFACE_s37_session3_natural,15,160,20.333333333333332,0.7812325954437256,0.4817039932973604
COHFACE_s37_session3_natural,15,161,20.366666666666667,0.5944600701332092,0.4423647687511351
COHFACE_s37_session3_natural,15,162,20.4,0.5532442927360535,0.3839435608057203
COHFACE_s37_session3_natural,15,163,20.433333333333334,0.5336925387382507,0.32297558188174474
COHFACE_s37_session3_natural,15,164,20.466666666666665,0.43599677085876465,0.2689898198566935
COHFACE_s37_session3_natural,15,165,20.5,0.24469156563282013,0.22354618742132926
COHFACE_s37_session3_natural,15,166,20.533333333333335,0.00543117756024003,0.18175942533575473
COHFACE_s37_session3_natural,15,167,20.566666666666666,-0.23599812388420105,0.13618248287601525
COHFACE_s37_session3_natural,15,168,20.6,-0.458812415599823,0.08178669836098697
COHFACE_s37_session3_natural,15,169,20.633333333333333,-0.6403794884681702,0.019852701466535127
COHFACE_s37_session3_natural,15,170,20.666666666666668,-0.7773107886314392,-0.0412608182050049
COHFACE_s37_session3_natural,15,171,20.7,-0.8788854479789734,-0.08912246009563225
COHFACE_s37_session3_natural,15,172,20.733333333333334,-0.949912965297699,-0.11267883424447492
COHFACE_s37_session3_natural,15,173,20.766666666666666,-1.0022687911987305,-0.10743638068963164
COHFACE_s37_session3_natural,15,174,20.8,-1.048382043838501,-0.0777755051130857
COHFACE_s37_session3_natural,15,175,20.833333333333332,-1.0968652963638306,-0.03526069482162371
COHFACE_s37_session3_natural,15,176,20.866666666666667,-1.1490451097488403,0.006228043465113556
COHFACE_s37_session3_natural,15,177,20.9,-1.2052987813949585,0.036214477873837435
COHFACE_s37_session3_natural,15,178,20.933333333333334,-1.258899450302124,0.05151453802674996
COHFACE_s37_session3_natural,15,179,20.966666666666665,-1.3070558309555054,0.05654083971298005
COHFACE_s37_session3_natural,15,180,21.0,-1.3471086025238037,0.060022842465566106
COHFACE_s37_session3_natural,15,181,21.033333333333335,-1.3868343830108643,0.069801111549725
COHFACE_s37_session3_natural,15,182,21.066666666666666,-1.4247370958328247,0.08809493773618103
COHFACE_s37_session3_natural,15,183,21.1,-1.2552783489227295,0.10924468483919662
COHFACE_s37_session3_natural,15,184,21.133333333333333,-0.2874550223350525,0.12070835268519614
COHFACE_s37_session3_natural,15,185,21.166666666666668,1.1897128820419312,0.10667166223126576
COHFACE_s37_session3_natural,15,186,21.2,2.117037057876587,0.052690464270058406
COHFACE_s37_session3_natural,15,187,21.233333333333334,2.280416488647461,-0.05020862522734648
COHFACE_s37_session3_natural,15,188,21.266666666666666,2.055911064147949,-0.2027028601147731
COHFACE_s37_session3_natural,15,189,21.3,1.7218971252441406,-0.3955476938155879
COHFACE_s37_session3_natural,15,190,21.333333333333332,1.3616863489151,-0.6090458666719356
COHFACE_s37_session3_natural,15,191,21.366666666666667,0.9615108370780945,-0.81408326213622
COHFACE_s37_session3_natural,15,192,21.4,0.6230835914611816,-0.975621577872253
COHFACE_s37_session3_natural,15,193,21.433333333333334,0.4734971225261688,-1.0590209365534933
COHFACE_s37_session3_natural,15,194,21.466666666666665,0.4651106297969818,-1.0380737540740006
COHFACE_s37_session3_natural,15,195,21.5,0.4617723524570465,-0.902316854977833
COHFACE_s37_session3_natural,15,196,21.533333333333335,0.3766123056411743,-0.6611194349334873
COHFACE_s37_session3_natural,15,197,21.566666666666666,0.19820748269557953,-0.34294536821623306
COHFACE_s37_session3_natural,15,198,21.6,-0.029875099658966064,0.010582925313271145
COHFACE_s37_session3_natural,15,199,21.633333333333333,-0.2611576318740845,0.3545888490635604
COHFACE_s37_session3_natural,15,200,21.666666666666668,-0.4722785949707031,0.6517842479817101
COHFACE_s37_session3_natural,15,201,21.7,-0.6483007669448853,0.8804590442103337
COHFACE_s37_session3_natural,15,202,21.733333333333334,-0.7857852578163147,1.0370184431162073
COHFACE_s37_session3_natural,15,203,21.766666666666666,-0.883204460144043,1.13287549215643
COHFACE_s37_session3_natural,15,204,21.8,-0.9469707608222961,1.1876195744939217
COHFACE_s37_session3_natural,15,205,21.833333333333332,-0.996088981628418,1.2210684556473936
COHFACE_s37_session3_natural,15,206,21.866666666666667,-1.0410014390945435,1.2460670680567019
COHFACE_s37_session3_natural,15,207,21.9,-1.0850273370742798,1.2631464576968192
COHFACE_s37_session3_natural,15,208,21.933333333333334,-1.1297763586044312,1.2583890398294695
COHFACE_s37_session3_natural,15,209,21.966666666666665,-1.175902009010315,1.2059837752483284
COHFACE_s37_session3_natural,15,210,22.0,-1.2254602909088135,1.0757093805129367
COHFACE_s37_session3_natural,15,211,22.033333333333335,-1.2842789888381958,0.8434413667600485
COHFACE_s37_session3_natural,15,212,22.066666666666666,-1.3461278676986694,0.5011385819701749
COHFACE_s37_session3_natural,15,213,22.1,-1.2396243810653687,0.06268663342055505
COHFACE_s37_session3_natural,15,214,22.133333333333333,-0.4172508418560028,-0.4364138483591681
COHFACE_s37_session3_natural,15,215,22.166666666666668,0.9799246788024902,-0.9453097306536988
COHFACE_s37_session3_natural,15,216,22.2,1.9276618957519531,-1.4081127297037155
COHFACE_s37_session3_natural,15,217,22.233333333333334,2.124964714050293,-1.7752720045203938
COHFACE_s37_session3_natural,15,218,22.266666666666666,1.902357816696167,-2.0124514158609945
COHFACE_s37_session3_natural,15,219,22.3,1.540122628211975,-2.1041798755884757
COHFACE_s37_session3_natural,15,220,22.333333333333332,1.1408334970474243,-2.052042540378531
COHFACE_s37_session3_natural,15,221,22.366666666666667,0.714794397354126,-1.8699131817255845
COHFACE_s37_session3_natural,15,222,22.4,0.3924988806247711,-1.5797750055647974
COHFACE_s37_session3_natural,15,223,22.433333333333334,0.28568732738494873,-1.2101569396509175
COHFACE_s37_session3_natural,15,224,22.466666666666665,0.318101704120636,-0.7960081850481139
COHFACE_s37_session3_natural,15,225,22.5,0.33512619137763977,-0.37666616036261824
COHFACE_s37_session3_natural,15,226,22.533333333333335,0.2527637183666229,0.010396774695651563
COHFACE_s37_session3_natural,15,227,22.566666666666666,0.08927729725837708,0.3387429063741403
COHFACE_s37_session3_natural,15,228,22.6,-0.12040401995182037,0.600186518304087
COHFACE_s37_session3_natural,15,229,22.633333333333333,-0.3417723774909973,0.8048267968549184
COHFACE_s37_session3_natural,15,230,22.666666666666668,-0.5373462438583374,0.972562230299561
COHFACE_s37_session3_natural,15,231,22.7,-0.6985254883766174,1.1200619916521646
COHFACE_s37_session3_natural,15,232,22.733333333333334,-0.8251968026161194,1.2500248600315056
COHFACE_s37_session3_natural,15,233,22.766666666666666,-0.918215274810791,1.3483595808464446
COHFACE_s37_session3_natural,15,234,22.8,-0.9841064810752869,1.3905190244874261
COHFACE_s37_session3_natural,15,235,22.833333333333332,-1.024442195892334,1.353234448621997
COHFACE_s37_session3_natural,15,236,22.866666666666667,-1.0530718564987183,1.2252413124485035
COHFACE_s37_session3_natural,15,237,22.9,-1.0838958024978638,1.0119068525477877
COHFACE_s37_session3_natural,15,238,22.933333333333334,-1.114763617515564,0.733129539920991
COHFACE_s37_session3_natural,15,239,22.966666666666665,-1.156803011894226,0.41784512849419647
COHFACE_s37_session3_natural,16,0,16.0,1.8614814281463623,0.05975122888995865
COHFACE_s37_session3_natural,16,1,16.033333333333335,1.9106310606002808,0.14114257354906168
COHFACE_s37_session3_natural,16,2,16.066666666666666,1.6572569608688354,0.2161331554782389
COHFACE_s37_session3_natural,16,3,16.1,1.3590271472930908,0.2854031974614628
COHFACE_s37_session3_natural,16,4,16.133333333333333,1.0185314416885376,0.35875489518580983
COHFACE_s37_session3_natural,16,5,16.166666666666668,0.6179347634315491,0.4492642599233288
COHFACE_s37_session3_natural,16,6,16.2,0.34319832921028137,0.5617930343168152
COHFACE_s37_session3_natural,16,7,16.233333333333334,0.28265711665153503,0.6825175726576422
COHFACE_s37_session3_natural,16,8,16.266666666666666,0.3015173077583313,0.7767412274446043
COHFACE_s37_session3_natural,16,9,16.3,0.265305757522583,0.7983841737795503
COHFACE_s37_session3_natural,16,10,16.333333333333332,0.12951865792274475,0.70817874573384
COHFACE_s37_session3_natural,16,11,16.366666666666667,-0.0762585997581482,0.4925132308868195
COHFACE_s37_session3_natural,16,12,16.4,-0.29665249586105347,0.1740658314865958
COHFACE_s37_session3_natural,16,13,16.433333333333334,-0.4968282878398895,-0.1912088707929694
COHFACE_s37_session3_natural,16,14,16.466666666666665,-0.6645142436027527,-0.5304881306366219
COHFACE_s37_session3_natural,16,15,16.5,-0.7868666052818298,-0.7778124515596395
COHFACE_s37_session3_natural,16,16,16.533333333333335,-0.8714231252670288,-0.8953912657877139
COHFACE_s37_session3_natural,16,17,16.566666666666666,-0.9188690781593323,-0.883476305386046
COHFACE_s37_session3_natural,16,18,16.6,-0.9454996585845947,-0.7752532007893232
COHFACE_s37_session3_natural,16,19,16.633333333333333,-0.9737271070480347,-0.6202413414737441
COHFACE_s37_session3_natural,16,20,16.666666666666668,-1.023404836654663,-0.46437352845192986
COHFACE_s37_session3_natural,16,21,16.7,-1.0825001001358032,-0.33536904724421857
COHFACE_s37_session3_natural,16,22,16.733333333333334,-1.0340042114257812,-0.23855886065967635
COHFACE_s37_session3_natural,16,23,16.766666666666666,-0.42007359862327576,-0.16299675357326218
COHFACE_s37_session3_natural,16,24,16.8,0.8096297383308411,-0.09312710583748285
COHFACE_s37_session3_natural,16,25,16.833333333333332,1.753726840019226,-0.019532256858396636
COHFACE_s37_session3_natural,16,26,16.866666666666667,1.9692548513412476,0.056098690083926726
COHFACE_s37_session3_natural,16,27,16.9,1.7736117839813232,0.12304273310876425
COHFACE_s37_session3_natural,16,28,16.933333333333334,1.4993469715118408,0.16843048504004324
COHFACE_s37_session3_natural,16,29,16.966666666666665,1.1981496810913086,0.18471705106714875
COHFACE_s37_session3_natural,16,30,17.0,0.8104972839355469,0.17363488965361182
COHFACE_s37_session3_natural,16,31,17.033333333333335,0.46676403284072876,0.14490001942464734
COHFACE_s37_session3_natural,16,32,17.066666666666666,0.3205598294734955,0.11142879597454548
COHFACE_s37_session3_natural,16,33,17.1,0.31892526149749756,0.08476119108396178
COHFACE_s37_session3_natural,16,34,17.133333333333333,0.3081435263156891,0.07312833014824083
COHFACE_s37_session3_natural,16,35,17.166666666666668,0.1946806162595749,0.08168052687927439
COHFACE_s37_session3_natural,16,36,17.2,0.0017911605536937714,0.1125470696645927
COHFACE_s37_session3_natural,16,37,17.233333333333334,-0.21653440594673157,0.1631431225056694
COHFACE_s37_session3_natural,16,38,17.266666666666666,-0.4211108982563019,0.22388790817058615
COHFACE_s37_session3_natural,16,39,17.3,-0.5947378277778625,0.27853567792478084
COHFACE_s37_session3_natural,16,40,17.333333333333332,-0.734561026096344,0.3093275645521549
COHFACE_s37_session3_natural,16,41,17.366666666666667,-0.8398008942604065,0.3056226505370456
COHFACE_s37_session3_natural,16,42,17.4,-0.9064024686813354,0.2711190243332926
COHFACE_s37_session3_natural,16,43,17.433333333333334,-0.9472473859786987,0.22433130925240813
COHFACE_s37_session3_natural,16,44,17.466666666666665,-0.991782546043396,0.19076169295561027
COHFACE_s37_session3_natural,16,45,17.5,-1.0387444496154785,0.19048910792417995
COHFACE_s37_session3_natural,16,46,17.533333333333335,-1.0846186876296997,0.22785305015622764
COHFACE_s37_session3_natural,16,47,17.566666666666666,-1.1370751857757568,0.28862024721443763
COHFACE_s37_session3_natural,16,48,17.6,-1.1930396556854248,0.3453840056210236
COHFACE_s37_session3_natural,16,49,17.633333333333333,-1.2416611909866333,0.3674746408726875
COHFACE_s37_session3_natural,16,50,17.666666666666668,-1.2746540307998657,0.3304358028168239
COHFACE_s37_session3_natural,16,51,17.7,-1.2937341928482056,0.2219449768327819
COHFACE_s37_session3_natural,16,52,17.733333333333334,-1.3121041059494019,0.043805056684786424
COHFACE_s37_session3_natural,16,53,17.766666666666666,-1.3365594148635864,-0.18869398763344533
COHFACE_s37_session3_natural,16,54,17.8,-1.2741950750350952,-0.44891200240325424
COHFACE_s37_session3_natural,16,55,17.833333333333332,-0.6061545014381409,-0.7023260133757643
COHFACE_s37_session3_natural,16,56,17.866666666666667,0.8209458589553833,-0.9115131936026573
COHFACE_s37_session3_natural,16,57,17.9,1.988882064819336,-1.0423617633278157
COHFACE_s37_session3_natural,16,58,17.933333333333334,2.3162131309509277,-1.0704801449555397
COHFACE_s37_session3_natural,16,59,17.966666666666665,2.1292836666107178,-0.9863514628720624
COHFACE_s37_session3_natural,16,60,18.0,1.8317766189575195,-0.7979806384416676
COHFACE_s37_session3_natural,16,61,18.033333333333335,1.5403929948806763,-0.5304224201184644
COHFACE_s37_session3_natural,16,62,18.066666666666666,1.1823511123657227,-0.22221723334472035
COHFACE_s37_session3_natural,16,63,18.1,0.8136847019195557,0.08099465046538669
COHFACE_s37_session3_natural,16,64,18.133333333333333,0.6139929890632629,0.33536697353109773
COHFACE_s37_session3_natural,16,65,18.166666666666668,0.5820689797401428,0.5090457968135841
COHFACE_s37_session3_natural,16,66,18.2,0.5760085582733154,0.5905600037265119
COHFACE_s37_session3_natural,16,67,18.233333333333334,0.4812738001346588,0.5914155635519781
COHFACE_s37_session3_natural,16,68,18.266666666666666,0.2876739501953125,0.5408313349964896
COHFACE_s37_session3_natural,16,69,18.3,0.04982806742191315,0.47429378597728755
COHFACE_s37_session3_natural,16,70,18.333333333333332,-0.18506932258605957,0.42075560527427003
COHFACE_s37_session3_natural,16,71,18.366666666666667,-0.3791658282279968,0.39393425557308953
COHFACE_s37_session3_natural,16,72,18.4,-0.5313109755516052,0.390853037843117
COHFACE_s37_session3_natural,16,73,18.433333333333334,-0.6515824198722839,0.39708265367726603
COHFACE_s37_session3_natural,16,74,18.466666666666665,-0.7345484495162964,0.39527416145954386
COHFACE_s37_session3_natural,16,75,18.5,-0.793184757232666,0.37277297287964684
COHFACE_s37_session3_natural,16,76,18.533333333333335,-0.8425041437149048,0.32537988442618915
COHFACE_s37_session3_natural,16,77,18.566666666666666,-0.892137885093689,0.25658525443272084
COHFACE_s37_session3_natural,16,78,18.6,-0.9477629065513611,0.1735599032577676
COHFACE_s37_session3_natural,16,79,18.633333333333333,-1.0055253505706787,0.08226173325086407
COHFACE_s37_session3_natural,16,80,18.666666666666668,-1.066374659538269,-0.015858151663223706
COHFACE_s37_session3_natural,16,81,18.7,-1.1281605958938599,-0.12382056629781145
COHFACE_s37_session3_natural,16,82,18.733333333333334,-1.1858476400375366,-0.2454911016791321
COHFACE_s37_session3_natural,16,83,18.766666666666666,-1.2297542095184326,-0.38000208750346925
COHFACE_s37_session3_natural,16,84,18.8,-1.2641236782073975,-0.5174281959701973
COHFACE_s37_session3_natural,16,85,18.833333333333332,-1.2822608947753906,-0.6386709790692625
COHFACE_s37_session3_natural,16,86,18.866666666666667,-1.3004170656204224,-0.7200208072050952
COHFACE_s37_session3_natural,16,87,18.9,-1.3269847631454468,-0.7401432005110635
COHFACE_s37_session3_natural,16,88,18.933333333333334,-1.264280915260315,-0.6864165660958688
COHFACE_s37_session3_natural,16,89,18.966666666666665,-0.5891426205635071,-0.5585595999254575
COHFACE_s37_session3_natural,16,90,19.0,0.8568933606147766,-0.36905505593863036
COHFACE_s37_session3_natural,16,91,19.033333333333335,2.0629146099090576,-0.14096166272265573
COHFACE_s37_session3_natural,16,92,19.066666666666666,2.442589044570923,0.09605143792004067
COHFACE_s37_session3_natural,16,93,19.1,2.2848927974700928,0.3107574115402721
COHFACE_s37_session3_natural,16,94,19.133333333333333,1.9837394952774048,0.4757507525064346
COHFACE_s37_session3_natural,16,95,19.166666666666668,1.6777517795562744,0.5720626171623118
COHFACE_s37_session3_natural,16,96,19.2,1.3160258531570435,0.5917597589701451
COHFACE_s37_session3_natural,16,97,19.233333333333334,0.928706705570221,0.5378570921247039
COHFACE_s37_session3_natural,16,98,19.266666666666666,0.6978579759597778,0.422195851100848
COHFACE_s37_session3_natural,16,99,19.3,0.6453197598457336,0.26289607497478595
COHFACE_s37_session3_natural,16,100,19.333333333333332,0.6320170164108276,0.08257565100853921
COHFACE_s37_session3_natural,16,101,19.366666666666667,0.5511507987976074,-0.0929897924022738
COHFACE_s37_session3_natural,16,102,19.4,0.3738838732242584,-0.23741621828110288
COHFACE_s37_session3_natural,16,103,19.433333333333334,0.1372387707233429,-0.3286120164021085
COHFACE_s37_session3_natural,16,104,19.466666666666665,-0.10717044770717621,-0.3546736940959034
COHFACE_s37_session3_natural,16,105,19.5,-0.32620641589164734,-0.3174841354031727
COHFACE_s37_session3_natural,16,106,19.533333333333335,-0.5120673179626465,-0.2315755555055393
COHFACE_s37_session3_natural,16,107,19.566666666666666,-0.6568192839622498,-0.1184303361050339
COHFACE_s37_session3_natural,16,108,19.6,-0.7591421008110046,0.0013835354223019928
COHFACE_s37_session3_natural,16,109,19.633333333333333,-0.8310937285423279,0.11471867424604977
COHFACE_s37_session3_natural,16,110,19.666666666666668,-0.8861969113349915,0.21763649824986186
COHFACE_s37_session3_natural,16,111,19.7,-0.9349756836891174,0.3113221939796036
COHFACE_s37_session3_natural,16,112,19.733333333333334,-0.9876207709312439,0.3947559748575606
COHFACE_s37_session3_natural,16,113,19.766666666666666,-1.045295238494873,0.4591170530835926
COHFACE_s37_session3_natural,16,114,19.8,-1.1043025255203247,0.48756428025232534
COHFACE_s37_session3_natural,16,115,19.833333333333332,-1.1635046005249023,0.4606437724093644
COHFACE_s37_session3_natural,16,116,19.866666666666667,-1.2216254472732544,0.3648796910392263
COHFACE_s37_session3_natural,16,117,19.9,-1.2675563097000122,0.20091862263680202
COHFACE_s37_session3_natural,16,118,19.933333333333334,-1.3049622774124146,-0.012339306605934807
COHFACE_s37_session3_natural,16,119,19.966666666666665,-1.3416768312454224,-0.2399248806845687
COHFACE_s37_session3_natural,16,120,20.0,-1.3699294328689575,-0.4393076952673287
COHFACE_s37_session3_natural,16,121,20.033333333333335,-1.1761912107467651,-0.57262155896957
COHFACE_s37_session3_natural,16,122,20.066666666666666,-0.18332789838314056,-0.618119932171051
COHFACE_s37_session3_natural,16,123,20.1,1.3023333549499512,-0.5762718742881517
COHFACE_s37_session3_natural,16,124,20.133333333333333,2.2314743995666504,-0.46797178590310196
COHFACE_s37_session3_natural,16,125,20.166666666666668,2.3951621055603027,-0.32577601329541506
COHFACE_s37_session3_natural,16,126,20.2,2.177257537841797,-0.1822603048965643
COHFACE_s37_session3_natural,16,127,20.233333333333334,1.8629525899887085,-0.06065121192468279
COHFACE_s37_session3_natural,16,128,20.266666666666666,1.532402515411377,0.02892514755780091
COHFACE_s37_session3_natural,16,129,20.3,1.1419085264205933,0.08755335133549372
COHFACE_s37_session3_natural,16,130,20.333333333333332,0.7812325954437256,0.12262270400922426
COHFACE_s37_session3_natural,16,131,20.366666666666667,0.5944600701332092,0.14304880411416707
COHFACE_s37_session3_natural,16,132,20.4,0.5532442927360535,0.15622775712456827
COHFACE_s37_session3_natural,16,133,20.433333333333334,0.5336925387382507,0.16655852330613471
COHFACE_s37_session3_natural,16,134,20.466666666666665,0.43599677085876465,0.1749612173172338
COHFACE_s37_session3_natural,16,135,20.5,0.24469156563282013,0.17929916790883277
COHFACE_s37_session3_natural,16,136,20.533333333333335,0.00543117756024003,0.17580461668032565
COHFACE_s37_session3_natural,16,137,20.566666666666666,-0.23599812388420105,0.16127945766707008
COHFACE_s37_session3_natural,16,138,20.6,-0.458812415599823,0.13535203425989653
COHFACE_s37_session3_natural,16,139,20.633333333333333,-0.6403794884681702,0.10175773861727101
COHFACE_s37_session3_natural,16,140,20.666666666666668,-0.7773107886314392,0.06775344858650909
COHFACE_s37_session3_natural,16,141,20.7,-0.8788854479789734,0.04156103819894955
COHFACE_s37_session3_natural,16,142,20.733333333333334,-0.949912965297699,0.02892338022069853
COHFACE_s37_session3_natural,16,143,20.766666666666666,-1.0022687911987305,0.03060013936820132
COHFACE_s37_session3_natural,16,144,20.8,-1.048382043838501,0.04224450890381761
COHFACE_s37_session3_natural,16,145,20.833333333333332,-1.0968652963638306,0.056795866601008216
COHFACE_s37_session3_natural,16,146,20.866666666666667,-1.1490451097488403,0.06809991175771517
COHFACE_s37_session3_natural,16,147,20.9,-1.2052987813949585,0.0738070648735793
COHFACE_s37_session3_natural,16,148,20.933333333333334,-1.258899450302124,0.07609395206745523
COHFACE_s37_session3_natural,16,149,20.966666666666665,-1.3070558309555054,0.07991541637200891
COHFACE_s37_session3_natural,16,150,21.0,-1.3471086025238037,0.08960042968768044
COHFACE_s37_session3_natural,16,151,21.033333333333335,-1.3868343830108643,0.10538068313245312
COHFACE_s37_session3_natural,16,152,21.066666666666666,-1.4247370958328247,0.12169287432446163
COHFACE_s37_session3_natural,16,153,21.1,-1.2552783489227295,0.12833801245064871
COHFACE_s37_session3_natural,16,154,21.133333333333333,-0.2874550223350525,0.11389824302189001
COHFACE_s37_session3_natural,16,155,21.166666666666668,1.1897128820419312,0.06953548470991784
COHFACE_s37_session3_natural,16,156,21.2,2.117037057876587,-0.008494614768412111
COHFACE_s37_session3_natural,16,157,21.233333333333334,2.280416488647461,-0.11816989036683671
COHFACE_s37_session3_natural,16,158,21.266666666666666,2.055911064147949,-0.25248116490690614
COHFACE_s37_session3_natural,16,159,21.3,1.7218971252441406,-0.40070413454034537
COHFACE_s37_session3_natural,16,160,21.333333333333332,1.3616863489151,-0.5490361491472974
COHFACE_s37_session3_natural,16,161,21.366666666666667,0.9615108370780945,-0.6802859751930904
COHFACE_s37_session3_natural,16,162,21.4,0.6230835914611816,-0.7739764449338993
COHFACE_s37_session3_natural,16,163,21.433333333333334,0.4734971225261688,-0.8089254735277397
COHFACE_s37_session3_natural,16,164,21.466666666666665,0.4651106297969818,-0.7687934252349147
COHFACE_s37_session3_natural,16,165,21.5,0.4617723524570465,-0.6484513231760072
COHFACE_s37_session3_natural,16,166,21.533333333333335,0.3766123056411743,-0.45757815236567556
COHFACE_s37_session3_natural,16,167,21.566666666666666,0.19820748269557953,-0.21893933243680547
COHFACE_s37_session3_natural,16,168,21.6,-0.029875099658966064,0.0381308329953846
COHFACE_s37_session3_natural,16,169,21.633333333333333,-0.2611576318740845,0.2858142323411454
COHFACE_s37_session3_natural,16,170,21.666666666666668,-0.4722785949707031,0.5039285356650001
COHFACE_s37_session3_natural,16,171,21.7,-0.6483007669448853,0.6821889718018428
COHFACE_s37_session3_natural,16,172,21.733333333333334,-0.7857852578163147,0.8187345013665892
COHFACE_s37_session3_natural,16,173,21.766666666666666,-0.883204460144043,0.9164927140782005
COHFACE_s37_session3_natural,16,174,21.8,-0.9469707608222961,0.9794630060016694
COHFACE_s37_session3_natural,16,175,21.833333333333332,-0.996088981628418,1.010405180569168
COHFACE_s37_session3_natural,16,176,21.866666666666667,-1.0410014390945435,1.0101334924810301
COHFACE_s37_session3_natural,16,177,21.9,-1.0850273370742798,0.9777400014198204
COHFACE_s37_session3_natural,16,178,21.933333333333334,-1.1297763586044312,0.9112356084882163
COHFACE_s37_session3_natural,16,179,21.966666666666665,-1.175902009010315,0.8084887233676354
COHFACE_s37_session3_natural,16,180,22.0,-1.2254602909088135,0.6681364477404331
COHFACE_s37_session3_natural,16,181,22.033333333333335,-1.2842789888381958,0.4899208486519451
COHFACE_s37_session3_natural,16,182,22.066666666666666,-1.3461278676986694,0.27441797474116575
COHFACE_s37_session3_natural,16,183,22.1,-1.2396243810653687,0.02298909966434769
COHFACE_s37_session3_natural,16,184,22.133333333333333,-0.4172508418560028,-0.26095047991874726
COHFACE_s37_session3_natural,16,185,22.166666666666668,0.9799246788024902,-0.569225045183449
COHFACE_s37_session3_natural,16,186,22.2,1.9276618957519531,-0.8863588665510664
COHFACE_s37_session3_natural,16,187,22.233333333333334,2.124964714050293,-1.189283593785249
COHFACE_s37_session3_natural,16,188,22.266666666666666,1.902357816696167,-1.4496454284374378
COHFACE_s37_session3_natural,16,189,22.3,1.540122628211975,-1.6373558952232832
COHFACE_s37_session3_natural,16,190,22.333333333333332,1.1408334970474243,-1.7244505505996175
COHFACE_s37_session3_natural,16,191,22.366666666666667,0.714794397354126,-1.6896423237888991
COHFACE_s37_session3_natural,16,192,22.4,0.3924988806247711,-1.5240140035908183
COHFACE_s37_session3_natural,16,193,22.433333333333334,0.28568732738494873,-1.2367819842719556
COHFACE_s37_session3_natural,16,194,22.466666666666665,0.318101704120636,-0.8582054412569233
COHFACE_s37_session3_natural,16,195,22.5,0.33512619137763977,-0.43628740771044994
COHFACE_s37_session3_natural,16,196,22.533333333333335,0.2527637183666229,-0.026012941796044964
COHFACE_s37_session3_natural,16,197,22.566666666666666,0.08927729725837708,0.3261200291734873
COHFACE_s37_session3_natural,16,198,22.6,-0.12040401995182037,0.5958047518204931
COHFACE_s37_session3_natural,16,199,22.633333333333333,-0.3417723774909973,0.7860021388406581
COHFACE_s37_session3_natural,16,200,22.666666666666668,-0.5373462438583374,0.9206449641603637
COHFACE_s37_session3_natural,16,201,22.7,-0.6985254883766174,1.0301061906259568
COHFACE_s37_session3_natural,16,202,22.733333333333334,-0.8251968026161194,1.1353580006956638
COHFACE_s37_session3_natural,16,203,22.766666666666666,-0.918215274810791,1.2376912401568083
COHFACE_s37_session3_natural,16,204,22.8,-0.9841064810752869,1.317523582191898
COHFACE_s37_session3_natural,16,205,22.833333333333332,-1.024442195892334,1.3414998085221768
COHFACE_s37_session3_natural,16,206,22.866666666666667,-1.0530718564987183,1.2742363812916915
COHFACE_s37_session3_natural,16,207,22.9,-1.0838958024978638,1.0907516231552925
COHFACE_s37_session3_natural,16,208,22.933333333333334,-1.114763617515564,0.7870644236037991
COHFACE_s37_session3_natural,16,209,22.966666666666665,-1.156803011894226,0.38723579853720846
COHFACE_s37_session3_natural,16,210,23.0,-1.2126353979110718,-0.055852068194242044
COHFACE_s37_session3_natural,16,211,23.033333333333335,-1.2103219032287598,-0.4690042513422114
COHFACE_s37_session3_natural,16,212,23.066666666666666,-0.7179766297340393,-0.7766623546570827
COHFACE_s37_session3_natural,16,213,23.1,0.5154296159744263,-0.9233405899937988
COHFACE_s37_session3_natural,16,214,23.133333333333333,1.6283884048461914,-0.8916011451135004
COHFACE_s37_session3_natural,16,215,23.166666666666668,2.0169837474823,-0.7073532504978877
COHFACE_s37_session3_natural,16,216,23.2,1.8810395002365112,-0.43038242426698275
COHFACE_s37_session3_natural,16,217,23.233333333333334,1.5328929424285889,-0.13506956111014173
COHFACE_s37_session3_natural,16,218,23.266666666666666,1.1203891038894653,0.11060399553023846
COHFACE_s37_session3_natural,16,219,23.3,0.6782307624816895,0.26085132753533447
COHFACE_s37_session3_natural,16,220,23.333333333333332,0.3364778161048889,0.2991257064676213
COHFACE_s37_session3_natural,16,221,23.366666666666667,0.23191693425178528,0.23651248456106974
COHFACE_s37_session3_natural,16,222,23.4,0.29059725999832153,0.10415214255069388
COHFACE_s37_session3_natural,16,223,23.433333333333334,0.3460210859775543,-0.05686155028221261
COHFACE_s37_session3_natural,16,224,23.466666666666665,0.2967519760131836,-0.20554388349734593
COHFACE_s37_session3_natural,16,225,23.5,0.1438838392496109,-0.30973689642827845
COHFACE_s37_session3_natural,16,226,23.533333333333335,-0.05954846739768982,-0.3526357896422067
COHFACE_s37_session3_natural,16,227,23.566666666666666,-0.2665579319000244,-0.33588444293455383
COHFACE_s37_session3_natural,16,228,23.6,-0.4550403952598572,-0.2776927452589663
COHFACE_s37_session3_natural,16,229,23.633333333333333,-0.6127116084098816,-0.20554664326830976
COHFACE_s37_session3_natural,16,230,23.666666666666668,-0.737704336643219,-0.14577729287926436
COHFACE_s37_session3_natural,16,231,23.7,-0.8307920098304749,-0.1143733992857489
COHFACE_s37_session3_natural,16,232,23.733333333333334,-0.8897615075111389,-0.1128835410522461
COHFACE_s37_session3_natural,16,233,23.766666666666666,-0.9212266206741333,-0.1304775354495301
COHFACE_s37_session3_natural,16,234,23.8,-0.9484984278678894,-0.15015738928427178
COHFACE_s37_session3_natural,16,235,23.833333333333332,-0.9797120690345764,-0.15566846153412228
COHFACE_s37_session3_natural,16,236,23.866666666666667,-1.023524284362793,-0.1365217401193421
COHFACE_s37_session3_natural,16,237,23.9,-1.0637719631195068,-0.09030478093297543
COHFACE_s37_session3_natural,16,238,23.933333333333334,-0.8730765581130981,-0.022519588942235935
COHFACE_s37_session3_natural,16,239,23.966666666666665,-0.0014087852323427796,0.05544347131620591
COHFACE_s37_session3_natural,17,0,17.0,0.8104972839355469,-0.029427783676690317
COHFACE_s37_session3_natural,17,1,17.033333333333335,0.46676403284072876,-0.011386550159073885
COHFACE_s37_session3_natural,17,2,17.066666666666666,0.3205598294734955,0.013877437155269345
COHFACE_s37_session3_natural,17,3,17.1,0.31892526149749756,0.05693338433121482
COHFACE_s37_session3_natural,17,4,17.133333333333333,0.3081435263156891,0.13004146727966698
COHFACE_s37_session3_natural,17,5,17.166666666666668,0.1946806162595749,0.2407297172644941
COHFACE_s37_session3_natural,17,6,17.2,0.0017911605536937714,0.38291152343487933
COHFACE_s37_session3_natural,17,7,17.233333333333334,-0.21653440594673157,0.531726037991056
COHFACE_s37_session3_natural,17,8,17.266666666666666,-0.4211108982563019,0.6475889817772177
COHFACE_s37_session3_natural,17,9,17.3,-0.5947378277778625,0.6901420463733723
COHFACE_s37_session3_natural,17,10,17.333333333333332,-0.734561026096344,0.6365649545326921
COHFACE_s37_session3_natural,17,11,17.366666666666667,-0.8398008942604065,0.494871988423108
COHFACE_s37_session3_natural,17,12,17.4,-0.9064024686813354,0.3041262398040035
COHFACE_s37_session3_natural,17,13,17.433333333333334,-0.9472473859786987,0.11982133096243432
COHFACE_s37_session3_natural,17,14,17.466666666666665,-0.991782546043396,-0.00907741207466025
COHFACE_s37_session3_natural,17,15,17.5,-1.0387444496154785,-0.05979190150992038
COHFACE_s37_session3_natural,17,16,17.533333333333335,-1.0846186876296997,-0.04204647366749566
COHFACE_s37_session3_natural,17,17,17.566666666666666,-1.1370751857757568,0.011313087669008294
COHFACE_s37_session3_natural,17,18,17.6,-1.1930396556854248,0.062466396345900156
COHFACE_s37_session3_natural,17,19,17.633333333333333,-1.2416611909866333,0.08426892681969382
COHFACE_s37_session3_natural,17,20,17.666666666666668,-1.2746540307998657,0.06600839706097059
COHFACE_s37_session3_natural,17,21,17.7,-1.2937341928482056,0.00975132450424721
COHFACE_s37_session3_natural,17,22,17.733333333333334,-1.3121041059494019,-0.07679243878221101
COHFACE_s37_session3_natural,17,23,17.766666666666666,-1.3365594148635864,-0.18478067462511372
COHFACE_s37_session3_natural,17,24,17.8,-1.2741950750350952,-0.3040335311264211
COHFACE_s37_session3_natural,17,25,17.833333333333332,-0.6061545014381409,-0.42048925972529166
COHFACE_s37_session3_natural,17,26,17.866666666666667,0.8209458589553833,-0.5152265727824112
COHFACE_s37_session3_natural,17,27,17.9,1.988882064819336,-0.5672701478983118
COHFACE_s37_session3_natural,17,28,17.933333333333334,2.3162131309509277,-0.5593838060295128
COHFACE_s37_session3_natural,17,29,17.966666666666665,2.1292836666107178,-0.48403769034571714
COHFACE_s37_session3_natural,17,30,18.0,1.8317766189575195,-0.3469331247688931
COHFACE_s37_session3_natural,17,31,18.033333333333335,1.5403929948806763,-0.16696468157192443
COHFACE_s37_session3_natural,17,32,18.066666666666666,1.1823511123657227,0.02723577066388483
COHFACE_s37_session3_natural,17,33,18.1,0.8136847019195557,0.20343002887523723
COHFACE_s37_session3_natural,17,34,18.133333333333333,0.6139929890632629,0.33349656350443974
COHFACE_s37_session3_natural,17,35,18.166666666666668,0.5820689797401428,0.4009530046840562
COHFACE_s37_session3_natural,17,36,18.2,0.5760085582733154,0.4055175937955904
COHFACE_s37_session3_natural,17,37,18.233333333333334,0.4812738001346588,0.36217171107215057
COHFACE_s37_session3_natural,17,38,18.266666666666666,0.2876739501953125,0.29449979417614897
COHFACE_s37_session3_natural,17,39,18.3,0.04982806742191315,0.22511054038470363
COHFACE_s37_session3_natural,17,40,18.333333333333332,-0.18506932258605957,0.16756533637956025
COHFACE_s37_session3_natural,17,41,18.366666666666667,-0.3791658282279968,0.12345360799811411
COHFACE_s37_session3_natural,17,42,18.4,-0.5313109755516052,0.08546152208803444
COHFACE_s37_session3_natural,17,43,18.433333333333334,-0.6515824198722839,0.04409843096058967
COHFACE_s37_session3_natural,17,44,18.466666666666665,-0.7345484495162964,-0.0059714812868833095
COHFACE_s37_session3_natural,17,45,18.5,-0.793184757232666,-0.06326877053633695
COHFACE_s37_session3_natural,17,46,18.533333333333335,-0.8425041437149048,-0.12103406415443883
COHFACE_s37_session3_natural,17,47,18.566666666666666,-0.892137885093689,-0.17099412552708934
COHFACE_s37_session3_natural,17,48,18.6,-0.9477629065513611,-0.20695528210996775
COHFACE_s37_session3_natural,17,49,18.633333333333333,-1.0055253505706787,-0.2268174690444151
COHFACE_s37_session3_natural,17,50,18.666666666666668,-1.066374659538269,-0.23261351442453354
COHFACE_s37_session3_natural,17,51,18.7,-1.1281605958938599,-0.22884897318846353
COHFACE_s37_session3_natural,17,52,18.733333333333334,-1.1858476400375366,-0.21995412113844393
COHFACE_s37_session3_natural,17,53,18.766666666666666,-1.2297542095184326,-0.20806200582545428
COHFACE_s37_session3_natural,17,54,18.8,-1.2641236782073975,-0.19234799689815346
COHFACE_s37_session3_natural,17,55,18.833333333333332,-1.2822608947753906,-0.17042069425940373
COHFACE_s37_session3_natural,17,56,18.866666666666667,-1.3004170656204224,-0.14086011551417374
COHFACE_s37_session3_natural,17,57,18.9,-1.3269847631454468,-0.10504250661045651
COHFACE_s37_session3_natural,17,58,18.933333333333334,-1.264280915260315,-0.06681661297130811
COHFACE_s37_session3_natural,17,59,18.966666666666665,-0.5891426205635071,-0.030125230754195136
COHFACE_s37_session3_natural,17,60,19.0,0.8568933606147766,0.0037952350348126832
COHFACE_s37_session3_natural,17,61,19.033333333333335,2.0629146099090576,0.03764396579965882
COHFACE_s37_session3_natural,17,62,19.066666666666666,2.442589044570923,0.07689633311136833
COHFACE_s37_session3_natural,17,63,19.1,2.2848927974700928,0.12706482517025064
COHFACE_s37_session3_natural,17,64,19.133333333333333,1.9837394952774048,0.1909199573231994
COHFACE_s37_session3_natural,17,65,19.166666666666668,1.6777517795562744,0.26671238904627037
COHFACE_s37_session3_natural,17,66,19.2,1.3160258531570435,0.34738408440371316
COHFACE_s37_session3_natural,17,67,19.233333333333334,0.928706705570221,0.4204255594158112
COHFACE_s37_session3_natural,17,68,19.266666666666666,0.6978579759597778,0.46891459912329364
COHFACE_s37_session3_natural,17,69,19.3,0.6453197598457336,0.47500557124673437
COHFACE_s37_session3_natural,17,70,19.333333333333332,0.6320170164108276,0.42624233871388567
COHFACE_s37_session3_natural,17,71,19.366666666666667,0.5511507987976074,0.3227203259811925
COHFACE_s37_session3_natural,17,72,19.4,0.3738838732242584,0.18098139953407724
COHFACE_s37_session3_natural,17,73,19.433333333333334,0.1372387707233429,0.030905183956379128
COHFACE_s37_session3_natural,17,74,19.466666666666665,-0.10717044770717621,-0.09446757551421546
COHFACE_s37_session3_natural,17,75,19.5,-0.32620641589164734,-0.17172070985113633
COHFACE_s37_session3_natural,17,76,19.533333333333335,-0.5120673179626465,-0.19590461506698242
COHFACE_s37_session3_natural,17,77,19.566666666666666,-0.6568192839622498,-0.18060900699997803
COHFACE_s37_session3_natural,17,78,19.6,-0.7591421008110046,-0.1491422037976106
COHFACE_s37_session3_natural,17,79,19.633333333333333,-0.8310937285423279,-0.12169465763851146
COHFACE_s37_session3_natural,17,80,19.666666666666668,-0.8861969113349915,-0.10572770644759638
COHFACE_s37_session3_natural,17,81,19.7,-0.9349756836891174,-0.09501716083185999
COHFACE_s37_session3_natural,17,82,19.733333333333334,-0.9876207709312439,-0.077573220476244
COHFACE_s37_session3_natural,17,83,19.766666666666666,-1.045295238494873,-0.04729219341279426
COHFACE_s37_session3_natural,17,84,19.8,-1.1043025255203247,-0.01203538403097513
COHFACE_s37_session3_natural,17,85,19.833333333333332,-1.1635046005249023,0.007019622404987911
COHFACE_s37_session3_natural,17,86,19.866666666666667,-1.2216254472732544,-0.015209958380633333
COHFACE_s37_session3_natural,17,87,19.9,-1.2675563097000122,-0.09444460784885983
COHFACE_s37_session3_natural,17,88,19.933333333333334,-1.3049622774124146,-0.22674389104141981
COHFACE_s37_session3_natural,17,89,19.966666666666665,-1.3416768312454224,-0.3863383016781319
COHFACE_s37_session3_natural,17,90,20.0,-1.3699294328689575,-0.5327701802521132
COHFACE_s37_session3_natural,17,91,20.033333333333335,-1.1761912107467651,-0.6242881636216037
COHFACE_s37_session3_natural,17,92,20.066666666666666,-0.18332789838314056,-0.6318672929321026
COHFACE_s37_session3_natural,17,93,20.1,1.3023333549499512,-0.5482284370184723
COHFACE_s37_session3_natural,17,94,20.133333333333333,2.2314743995666504,-0.3886344908185233
COHFACE_s37_session3_natural,17,95,20.166666666666668,2.3951621055603027,-0.18399105521531556
COHFACE_s37_session3_natural,17,96,20.2,2.177257537841797,0.029850424110173295
COHFACE_s37_session3_natural,17,97,20.233333333333334,1.8629525899887085,0.22168125915265954
COHFACE_s37_session3_natural,17,98,20.266666666666666,1.532402515411377,0.3704508443468429
COHFACE_s37_session3_natural,17,99,20.3,1.1419085264205933,0.4666492236776507
COHFACE_s37_session3_natural,17,100,20.333333333333332,0.7812325954437256,0.5110558721284033
COHFACE_s37_session3_natural,17,101,20.366666666666667,0.5944600701332092,0.5122266408375699
COHFACE_s37_session3_natural,17,102,20.4,0.5532442927360535,0.48326928764757143
COHFACE_s37_session3_natural,17,103,20.433333333333334,0.5336925387382507,0.4380927571137982
COHFACE_s37_session3_natural,17,104,20.466666666666665,0.43599677085876465,0.3878270671729298
COHFACE_s37_session3_natural,17,105,20.5,0.24469156563282013,0.33864267394354947
COHFACE_s37_session3_natural,17,106,20.533333333333335,0.00543117756024003,0.2918025673722969
COHFACE_s37_session3_natural,17,107,20.566666666666666,-0.23599812388420105,0.24565411393459197
COHFACE_s37_session3_natural,17,108,20.6,-0.458812415599823,0.1982357519502921
COHFACE_s37_session3_natural,17,109,20.633333333333333,-0.6403794884681702,0.1489187806063822
COHFACE_s37_session3_natural,17,110,20.666666666666668,-0.7773107886314392,0.09825434079481067
COHFACE_s37_session3_natural,17,111,20.7,-0.8788854479789734,0.04656531704748745
COHFACE_s37_session3_natural,17,112,20.733333333333334,-0.949912965297699,-0.007063210645654914
COHFACE_s37_session3_natural,17,113,20.766666666666666,-1.0022687911987305,-0.06393503935338081
COHFACE_s37_session3_natural,17,114,20.8,-1.048382043838501,-0.12323846351443257
COHFACE_s37_session3_natural,17,115,20.833333333333332,-1.0968652963638306,-0.17975653945873082
COHFACE_s37_session3_natural,17,116,20.866666666666667,-1.1490451097488403,-0.22379576852053734
COHFACE_s37_session3_natural,17,117,20.9,-1.2052987813949585,-0.24392081172854593
COHFACE_s37_session3_natural,17,118,20.933333333333334,-1.258899450302124,-0.23122541932430765
COHFACE_s37_session3_natural,17,119,20.966666666666665,-1.3070558309555054,-0.1829807730165886
COHFACE_s37_session3_natural,17,120,21.0,-1.3471086025238037,-0.10420921418495206
COHFACE_s37_session3_natural,17,121,21.033333333333335,-1.3868343830108643,-0.007103946761420118
COHFACE_s37_session3_natural,17,122,21.066666666666666,-1.4247370958328247,0.09097984340143095
COHFACE_s37_session3_natural,17,123,21.1,-1.2552783489227295,0.1701984544631848
COHFACE_s37_session3_natural,17,124,21.133333333333333,-0.2874550223350525,0.2111032207888036
COHFACE_s37_session3_natural,17,125,21.166666666666668,1.1897128820419312,0.1975652125653647
COHFACE_s37_session3_natural,17,126,21.2,2.117037057876587,0.11963880704041584
COHFACE_s37_session3_natural,17,127,21.233333333333334,2.280416488647461,-0.0238717532604668
COHFACE_s37_session3_natural,17,128,21.266666666666666,2.055911064147949,-0.22356842100535448
COHFACE_s37_session3_natural,17,129,21.3,1.7218971252441406,-0.45887533285018967
COHFACE_s37_session3_natural,17,130,21.333333333333332,1.3616863489151,-0.6992339372404743
COHFACE_s37_session3_natural,17,131,21.366666666666667,0.9615108370780945,-0.9075185154665223
COHFACE_s37_session3_natural,17,132,21.4,0.6230835914611816,-1.0458925951379932
COHFACE_s37_session3_natural,17,133,21.433333333333334,0.4734971225261688,-1.0835420536698508
COHFACE_s37_session3_natural,17,134,21.466666666666665,0.4651106297969818,-1.004364064206149
COHFACE_s37_session3_natural,17,135,21.5,0.4617723524570465,-0.8117576316508639
COHFACE_s37_session3_natural,17,136,21.533333333333335,0.3766123056411743,-0.5281833839693423
COHFACE_s37_session3_natural,17,137,21.566666666666666,0.19820748269557953,-0.18916664350601534
COHFACE_s37_session3_natural,17,138,21.6,-0.029875099658966064,0.16603491695849062
COHFACE_s37_session3_natural,17,139,21.633333333333333,-0.2611576318740845,0.5033238894345634
COHFACE_s37_session3_natural,17,140,21.666666666666668,-0.4722785949707031,0.7989372065244434
COHFACE_s37_session3_natural,17,141,21.7,-0.6483007669448853,1.039819844703924
COHFACE_s37_session3_natural,17,142,21.733333333333334,-0.7857852578163147,1.2206670421417498
COHFACE_s37_session3_natural,17,143,21.766666666666666,-0.883204460144043,1.3404100409486488
COHFACE_s37_session3_natural,17,144,21.8,-0.9469707608222961,1.4002109054453415
COHFACE_s37_session3_natural,17,145,21.833333333333332,-0.996088981628418,1.4031374868031037
COHFACE_s37_session3_natural,17,146,21.866666666666667,-1.0410014390945435,1.3541408643760477
COHFACE_s37_session3_natural,17,147,21.9,-1.0850273370742798,1.2588446773831596
COHFACE_s37_session3_natural,17,148,21.933333333333334,-1.1297763586044312,1.121016118486509
COHFACE_s37_session3_natural,17,149,21.966666666666665,-1.175902009010315,0.9401994484490127
COHFACE_s37_session3_natural,17,150,22.0,-1.2254602909088135,0.7114918682682021
COHFACE_s37_session3_natural,17,151,22.033333333333335,-1.2842789888381958,0.42849352662597995
COHFACE_s37_session3_natural,17,152,22.066666666666666,-1.3461278676986694,0.08868986705219306
COHFACE_s37_session3_natural,17,153,22.1,-1.2396243810653687,-0.3009171811899537
COHFACE_s37_session3_natural,17,154,22.133333333333333,-0.4172508418560028,-0.7203601244878225
COHFACE_s37_session3_natural,17,155,22.166666666666668,0.9799246788024902,-1.1370685974369101
COHFACE_s37_session3_natural,17,156,22.2,1.9276618957519531,-1.5103874117800766
COHFACE_s37_session3_natural,17,157,22.233333333333334,2.124964714050293,-1.7991137883189936
COHFACE_s37_session3_natural,17,158,22.266666666666666,1.902357816696167,-1.9696549897702695
COHFACE_s37_session3_natural,17,159,22.3,1.540122628211975,-2.002242931406385
COHFACE_s37_session3_natural,17,160,22.333333333333332,1.1408334970474243,-1.8938852358699976
COHFACE_s37_session3_natural,17,161,22.366666666666667,0.714794397354126,-1.6582569860492182
COHFACE_s37_session3_natural,17,162,22.4,0.3924988806247711,-1.323343017911763
COHFACE_s37_session3_natural,17,163,22.433333333333334,0.28568732738494873,-0.9274136291177798
COHFACE_s37_session3_natural,17,164,22.466666666666665,0.318101704120636,-0.5135609748491361
COHFACE_s37_session3_natural,17,165,22.5,0.33512619137763977,-0.12295193632787152
COHFACE_s37_session3_natural,17,166,22.533333333333335,0.2527637183666229,0.21263708016141014
COHFACE_s37_session3_natural,17,167,22.566666666666666,0.08927729725837708,0.477402882341524
COHFACE_s37_session3_natural,17,168,22.6,-0.12040401995182037,0.6744727369193657
COHFACE_s37_session3_natural,17,169,22.633333333333333,-0.3417723774909973,0.8227417100471579
COHFACE_s37_session3_natural,17,170,22.666666666666668,-0.5373462438583374,0.9475432122512908
COHFACE_s37_session3_natural,17,171,22.7,-0.6985254883766174,1.0684074866647
COHFACE_s37_session3_natural,17,172,22.733333333333334,-0.8251968026161194,1.1891301478120095
COHFACE_s37_session3_natural,17,173,22.766666666666666,-0.918215274810791,1.2946429960827415
COHFACE_s37_session3_natural,17,174,22.8,-0.9841064810752869,1.3559482935654112
COHFACE_s37_session3_natural,17,175,22.833333333333332,-1.024442195892334,1.3406110921357157
COHFACE_s37_session3_natural,17,176,22.866666666666667,-1.0530718564987183,1.2242618211419205
COHFACE_s37_session3_natural,17,177,22.9,-1.0838958024978638,0.9992269526383034
COHFACE_s37_session3_natural,17,178,22.933333333333334,-1.114763617515564,0.6788955030360152
COHFACE_s37_session3_natural,17,179,22.966666666666665,-1.156803011894226,0.29808965285956135
COHFACE_s37_session3_natural,17,180,23.0,-1.2126353979110718,-0.09089967758546276
COHFACE_s37_session3_natural,17,181,23.033333333333335,-1.2103219032287598,-0.4276317439197565
COHFACE_s37_session3_natural,17,182,23.066666666666666,-0.7179766297340393,-0.6575511033900672
COHFACE_s37_session3_natural,17,183,23.1,0.5154296159744263,-0.7470044360375863
COHFACE_s37_session3_natural,17,184,23.133333333333333,1.6283884048461914,-0.6935450550654935
COHFACE_s37_session3_natural,17,185,23.166666666666668,2.0169837474823,-0.526879154252214
COHFACE_s37_session3_natural,17,186,23.2,1.8810395002365112,-0.2997998209748601
COHFACE_s37_session3_natural,17,187,23.233333333333334,1.5328929424285889,-0.07285013374194199
COHFACE_s37_session3_natural,17,188,23.266666666666666,1.1203891038894653,0.10148805989715642
COHFACE_s37_session3_natural,17,189,23.3,0.6782307624816895,0.19017666678517872
COHFACE_s37_session3_natural,17,190,23.333333333333332,0.3364778161048889,0.18437367269841107
COHFACE_s37_session3_natural,17,191,23.366666666666667,0.23191693425178528,0.09795222120222245
COHFACE_s37_session3_natural,17,192,23.4,0.29059725999832153,-0.038619185830149574
COHFACE_s37_session3_natural,17,193,23.433333333333334,0.3460210859775543,-0.18727345848862495
COHFACE_s37_session3_natural,17,194,23.466666666666665,0.2967519760131836,-0.3123443261278183
COHFACE_s37_session3_natural,17,195,23.5,0.1438838392496109,-0.3893309789360313
COHFACE_s37_session3_natural,17,196,23.533333333333335,-0.05954846739768982,-0.40999436162054714
COHFACE_s37_session3_natural,17,197,23.566666666666666,-0.2665579319000244,-0.3821494610845452
COHFACE_s37_session3_natural,17,198,23.6,-0.4550403952598572,-0.32452829845727804
COHFACE_s37_session3_natural,17,199,23.633333333333333,-0.6127116084098816,-0.2591094108449557
COHFACE_s37_session3_natural,17,200,23.666666666666668,-0.737704336643219,-0.2040059074250678
COHFACE_s37_session3_natural,17,201,23.7,-0.8307920098304749,-0.16926376510059488
COHFACE_s37_session3_natural,17,202,23.733333333333334,-0.8897615075111389,-0.1563944499155476
COHFACE_s37_session3_natural,17,203,23.766666666666666,-0.9212266206741333,-0.16085955067003713
COHFACE_s37_session3_natural,17,204,23.8,-0.9484984278678894,-0.1756452624842514
COHFACE_s37_session3_natural,17,205,23.833333333333332,-0.9797120690345764,-0.1939195815119108
COHFACE_s37_session3_natural,17,206,23.866666666666667,-1.023524284362793,-0.20958518168473375
COHFACE_s37_session3_natural,17,207,23.9,-1.0637719631195068,-0.21589332242004258
COHFACE_s37_session3_natural,17,208,23.933333333333334,-0.8730765581130981,-0.20357038172364395
COHFACE_s37_session3_natural,17,209,23.966666666666665,-0.0014087852323427796,-0.1606893744993756
COHFACE_s37_session3_natural,17,210,24.0,1.159976601600647,-0.07625782572881906
COHFACE_s37_session3_natural,17,211,24.033333333333335,1.7947478294372559,0.05258922679429899
COHFACE_s37_session3_natural,17,212,24.066666666666666,1.812941551208496,0.21332067518541864
COHFACE_s37_session3_natural,17,213,24.1,1.5174338817596436,0.37616326657735344
COHFACE_s37_session3_natural,17,214,24.133333333333333,1.1075578927993774,0.5012808400922382
COHFACE_s37_session3_natural,17,215,24.166666666666668,0.6484882831573486,0.5534212132983396
COHFACE_s37_session3_natural,17,216,24.2,0.2603455185890198,0.5171326263812348
COHFACE_s37_session3_natural,17,217,24.233333333333334,0.109093077480793,0.40421173379087305
COHFACE_s37_session3_natural,17,218,24.266666666666666,0.16628974676132202,0.24925267106068158
COHFACE_s37_session3_natural,17,219,24.3,0.24861449003219604,0.09590881031647014
COHFACE_s37_session3_natural,17,220,24.333333333333332,0.23227527737617493,-0.018921975070194354
COHFACE_s37_session3_natural,17,221,24.366666666666667,0.10759683698415756,-0.07571899790911296
COHFACE_s37_session3_natural,17,222,24.4,-0.08255161345005035,-0.0744507013094512
COHFACE_s37_session3_natural,17,223,24.433333333333334,-0.28609079122543335,-0.029771913548315404
COHFACE_s37_session3_natural,17,224,24.466666666666665,-0.47089552879333496,0.03643020152857167
COHFACE_s37_session3_natural,17,225,24.5,-0.6320244073867798,0.10146737673434958
COHFACE_s37_session3_natural,17,226,24.533333333333335,-0.7554266452789307,0.1461915982537389
COHFACE_s37_session3_natural,17,227,24.566666666666666,-0.8347840309143066,0.15808501178016873
COHFACE_s37_session3_natural,17,228,24.6,-0.8873725533485413,0.13349291687442008
COHFACE_s37_session3_natural,17,229,24.633333333333333,-0.9227731227874756,0.07807433388549338
COHFACE_s37_session3_natural,17,230,24.666666666666668,-0.9546594023704529,0.004516650938319334
COHFACE_s37_session3_natural,17,231,24.7,-0.9907829761505127,-0.07201532149084203
COHFACE_s37_session3_natural,17,232,24.733333333333334,-0.9401496648788452,-0.13862402361944887
COHFACE_s37_session3_natural,17,233,24.766666666666666,-0.410341739654541,-0.18729363409675992
COHFACE_s37_session3_natural,17,234,24.8,0.6435091495513916,-0.21464011153207185
COHFACE_s37_session3_natural,17,235,24.833333333333332,1.4612053632736206,-0.2200626611108388
COHFACE_s37_session3_natural,17,236,24.866666666666667,1.6459472179412842,-0.20425189460023987
COHFACE_s37_session3_natural,17,237,24.9,1.408591628074646,-0.16911818083710736
COHFACE_s37_session3_natural,17,238,24.933333333333334,1.012716293334961,-0.11864381641033081
COHFACE_s37_session3_natural,17,239,24.966666666666665,0.5649375915527344,-0.059308001661838666
COHFACE_s37_session3_natural,18,0,18.0,1.8317766189575195,-0.0072822606776890095
COHFACE_s37_session3_natural,18,1,18.033333333333335,1.5403929948806763,0.12345580971248153
COHFACE_s37_session3_natural,18,2,18.066666666666666,1.1823511123657227,0.24362926678039423
COHFACE_s37_session3_natural,18,3,18.1,0.8136847019195557,0.3482099759444917
COHFACE_s37_session3_natural,18,4,18.133333333333333,0.6139929890632629,0.44146221445183753
COHFACE_s37_session3_natural,18,5,18.166666666666668,0.5820689797401428,0.5341442498549638
COHFACE_s37_session3_natural,18,6,18.2,0.5760085582733154,0.6356840885279712
COHFACE_s37_session3_natural,18,7,18.233333333333334,0.4812738001346588,0.7452214205831916
COHFACE_s37_session3_natural,18,8,18.266666666666666,0.2876739501953125,0.846711965997218
COHFACE_s37_session3_natural,18,9,18.3,0.04982806742191315,0.9115908939973196
COHFACE_s37_session3_natural,18,10,18.333333333333332,-0.18506932258605957,0.9085170456182101
COHFACE_s37_session3_natural,18,11,18.366666666666667,-0.3791658282279968,0.8159994990498283
COHFACE_s37_session3_natural,18,12,18.4,-0.5313109755516052,0.632486042378218
COHFACE_s37_session3_natural,18,13,18.433333333333334,-0.6515824198722839,0.379760301827399
COHFACE_s37_session3_natural,18,14,18.466666666666665,-0.7345484495162964,0.0981032669800742
COHFACE_s37_session3_natural,18,15,18.5,-0.793184757232666,-0.16522464050973487
COHFACE_s37_session3_natural,18,16,18.533333333333335,-0.8425041437149048,-0.3699181147707594
COHFACE_s37_session3_natural,18,17,18.566666666666666,-0.892137885093689,-0.4936931781028629
COHFACE_s37_session3_natural,18,18,18.6,-0.9477629065513611,-0.5365630139925399
COHFACE_s37_session3_natural,18,19,18.633333333333333,-1.0055253505706787,-0.5173815900903009
COHFACE_s37_session3_natural,18,20,18.666666666666668,-1.066374659538269,-0.46479782322512336
COHFACE_s37_session3_natural,18,21,18.7,-1.1281605958938599,-0.4066257812723309
COHFACE_s37_session3_natural,18,22,18.733333333333334,-1.1858476400375366,-0.3616349242255268
COHFACE_s37_session3_natural,18,23,18.766666666666666,-1.2297542095184326,-0.33621023633044
COHFACE_s37_session3_natural,18,24,18.8,-1.2641236782073975,-0.32610528706389286
COHFACE_s37_session3_natural,18,25,18.833333333333332,-1.2822608947753906,-0.32155281517055423
COHFACE_s37_session3_natural,18,26,18.866666666666667,-1.3004170656204224,-0.31299792235596163
COHFACE_s37_session3_natural,18,27,18.9,-1.3269847631454468,-0.29491425368895713
COHFACE_s37_session3_natural,18,28,18.933333333333334,-1.264280915260315,-0.2663750685727643
COHFACE_s37_session3_natural,18,29,18.966666666666665,-0.5891426205635071,-0.22881034322043567
COHFACE_s37_session3_natural,18,30,19.0,0.8568933606147766,-0.18291575408654512
COHFACE_s37_session3_natural,18,31,19.033333333333335,2.0629146099090576,-0.12699786517716938
COHFACE_s37_session3_natural,18,32,19.066666666666666,2.442589044570923,-0.05782106803721352
COHFACE_s37_session3_natural,18,33,19.1,2.2848927974700928,0.026716128121225695
COHFACE_s37_session3_natural,18,34,19.133333333333333,1.9837394952774048,0.1247041022593462
COHFACE_s37_session3_natural,18,35,19.166666666666668,1.6777517795562744,0.2285121154402217
COHFACE_s37_session3_natural,18,36,19.2,1.3160258531570435,0.3246478084567751
COHFACE_s37_session3_natural,18,37,19.233333333333334,0.928706705570221,0.39509398912272087
COHFACE_s37_session3_natural,18,38,19.266666666666666,0.6978579759597778,0.4204762007612094
COHFACE_s37_session3_natural,18,39,19.3,0.6453197598457336,0.38552642341954085
COHFACE_s37_session3_natural,18,40,19.333333333333332,0.6320170164108276,0.28594922882831453
COHFACE_s37_session3_natural,18,41,19.366666666666667,0.5511507987976074,0.1338109395999198
COHFACE_s37_session3_natural,18,42,19.4,0.3738838732242584,-0.042223571622461556
COHFACE_s37_session3_natural,18,43,19.433333333333334,0.1372387707233429,-0.20376360950398992
COHFACE_s37_session3_natural,18,44,19.466666666666665,-0.10717044770717621,-0.314753238027693
COHFACE_s37_session3_natural,18,45,19.5,-0.32620641589164734,-0.3533615170118948
COHFACE_s37_session3_natural,18,46,19.533333333333335,-0.5120673179626465,-0.3179775988322232
COHFACE_s37_session3_natural,18,47,19.566666666666666,-0.6568192839622498,-0.2246481371870044
COHFACE_s37_session3_natural,18,48,19.6,-0.7591421008110046,-0.09802001254892884
COHFACE_s37_session3_natural,18,49,19.633333333333333,-0.8310937285423279,0.038759935759972115
COHFACE_s37_session3_natural,18,50,19.666666666666668,-0.8861969113349915,0.16986869569786764
COHFACE_s37_session3_natural,18,51,19.7,-0.9349756836891174,0.28629099061246005
COHFACE_s37_session3_natural,18,52,19.733333333333334,-0.9876207709312439,0.3810497601839031
COHFACE_s37_session3_natural,18,53,19.766666666666666,-1.045295238494873,0.44462308826522223
COHFACE_s37_session3_natural,18,54,19.8,-1.1043025255203247,0.4641562086010428
COHFACE_s37_session3_natural,18,55,19.833333333333332,-1.1635046005249023,0.42724047524148784
COHFACE_s37_session3_natural,18,56,19.866666666666667,-1.2216254472732544,0.32833118173333775
COHFACE_s37_session3_natural,18,57,19.9,-1.2675563097000122,0.1745256250524494
COHFACE_s37_session3_natural,18,58,19.933333333333334,-1.3049622774124146,-0.012338361666227943
COHFACE_s37_session3_natural,18,59,19.966666666666665,-1.3416768312454224,-0.19888420915302443
COHFACE_s37_session3_natural,18,60,20.0,-1.3699294328689575,-0.348357583878077
COHFACE_s37_session3_natural,18,61,20.033333333333335,-1.1761912107467651,-0.4313590909618328
COHFACE_s37_session3_natural,18,62,20.066666666666666,-0.18332789838314056,-0.43521195429719794
COHFACE_s37_session3_natural,18,63,20.1,1.3023333549499512,-0.3679216080880563
COHFACE_s37_session3_natural,18,64,20.133333333333333,2.2314743995666504,-0.2546092023185351
COHFACE_s37_session3_natural,18,65,20.166666666666668,2.3951621055603027,-0.1277872917966543
COHFACE_s37_session3_natural,18,66,20.2,2.177257537841797,-0.016190567918904837
COHFACE_s37_session3_natural,18,67,20.233333333333334,1.8629525899887085,0.06254963401586944
COHFACE_s37_session3_natural,18,68,20.266666666666666,1.532402515411377,0.10320022553899945
COHFACE_s37_session3_natural,18,69,20.3,1.1419085264205933,0.10993550000602835
COHFACE_s37_session3_natural,18,70,20.333333333333332,0.7812325954437256,0.09229584446328987
COHFACE_s37_session3_natural,18,71,20.366666666666667,0.5944600701332092,0.06214831988352275
COHFACE_s37_session3_natural,18,72,20.4,0.5532442927360535,0.031611190510371576
COHFACE_s37_session3_natural,18,73,20.433333333333334,0.5336925387382507,0.010862335194245024
COHFACE_s37_session3_natural,18,74,20.466666666666665,0.43599677085876465,0.005539989995930617
COHFACE_s37_session3_natural,18,75,20.5,0.24469156563282013,0.014826124935002405
COHFACE_s37_session3_natural,18,76,20.533333333333335,0.00543117756024003,0.03165900959714082
COHFACE_s37_session3_natural,18,77,20.566666666666666,-0.23599812388420105,0.045630558250054645
COHFACE_s37_session3_natural,18,78,20.6,-0.458812415599823,0.04769115903288056
COHFACE_s37_session3_natural,18,79,20.633333333333333,-0.6403794884681702,0.03461561893663604
COHFACE_s37_session3_natural,18,80,20.666666666666668,-0.7773107886314392,0.010947751968635941
COHFACE_s37_session3_natural,18,81,20.7,-0.8788854479789734,-0.012825588147375526
COHFACE_s37_session3_natural,18,82,20.733333333333334,-0.949912965297699,-0.02515622746987886
COHFACE_s37_session3_natural,18,83,20.766666666666666,-1.0022687911987305,-0.018902380414872612
COHFACE_s37_session3_natural,18,84,20.8,-1.048382043838501,0.005488355227512563
COHFACE_s37_session3_natural,18,85,20.833333333333332,-1.0968652963638306,0.04067176678237963
COHFACE_s37_session3_natural,18,86,20.866666666666667,-1.1490451097488403,0.076292353953424
COHFACE_s37_session3_natural,18,87,20.9,-1.2052987813949585,0.10365165598011311
COHFACE_s37_session3_natural,18,88,20.933333333333334,-1.258899450302124,0.11871059148598961
COHFACE_s37_session3_natural,18,89,20.966666666666665,-1.3070558309555054,0.12225434026456425
COHFACE_s37_session3_natural,18,90,21.0,-1.3471086025238037,0.1176006188163586
COHFACE_s37_session3_natural,18,91,21.033333333333335,-1.3868343830108643,0.1073911178736734
COHFACE_s37_session3_natural,18,92,21.066666666666666,-1.4247370958328247,0.09138391292667257
COHFACE_s37_session3_natural,18,93,21.1,-1.2552783489227295,0.06645518564253262
COHFACE_s37_session3_natural,18,94,21.133333333333333,-0.2874550223350525,0.02849072665521267
COHFACE_s37_session3_natural,18,95,21.166666666666668,1.1897128820419312,-0.02534312729951821
COHFACE_s37_session3_natural,18,96,21.2,2.117037057876587,-0.09537427873528798
COHFACE_s37_session3_natural,18,97,21.233333333333334,2.280416488647461,-0.17961105205230424
COHFACE_s37_session3_natural,18,98,21.266666666666666,2.055911064147949,-0.27459080271947484
COHFACE_s37_session3_natural,18,99,21.3,1.7218971252441406,-0.3756651959492562
COHFACE_s37_session3_natural,18,100,21.333333333333332,1.3616863489151,-0.47594867880496305
COHFACE_s37_session3_natural,18,101,21.366666666666667,0.9615108370780945,-0.5643959090707905
COHFACE_s37_session3_natural,18,102,21.4,0.6230835914611816,-0.6248022192301241
COHFACE_s37_session3_natural,18,103,21.433333333333334,0.4734971225261688,-0.6377726084354927
COHFACE_s37_session3_natural,18,104,21.466666666666665,0.4651106297969818,-0.5862405631780276
COHFACE_s37_session3_natural,18,105,21.5,0.4617723524570465,-0.46266140520485505
COHFACE_s37_session3_natural,18,106,21.533333333333335,0.3766123056411743,-0.2741593056894671
COHFACE_s37_session3_natural,18,107,21.566666666666666,0.19820748269557953,-0.04231201457950139
COHFACE_s37_session3_natural,18,108,21.6,-0.029875099658966064,0.20284253744897493
COHFACE_s37_session3_natural,18,109,21.633333333333333,-0.2611576318740845,0.431688999572438
COHFACE_s37_session3_natural,18,110,21.666666666666668,-0.4722785949707031,0.6226015874705083
COHFACE_s37_session3_natural,18,111,21.7,-0.6483007669448853,0.7652065564180143
COHFACE_s37_session3_natural,18,112,21.733333333333334,-0.7857852578163147,0.859034339572762
COHFACE_s37_session3_natural,18,113,21.766666666666666,-0.883204460144043,0.9095381813640645
COHFACE_s37_session3_natural,18,114,21.8,-0.9469707608222961,0.9239762514703809
COHFACE_s37_session3_natural,18,115,21.833333333333332,-0.996088981628418,0.9086308733237003
COHFACE_s37_session3_natural,18,116,21.866666666666667,-1.0410014390945435,0.8674227103902438
COHFACE_s37_session3_natural,18,117,21.9,-1.0850273370742798,0.8012799314807016
COHFACE_s37_session3_natural,18,118,21.933333333333334,-1.1297763586044312,0.7079970916161389
COHFACE_s37_session3_natural,18,119,21.966666666666665,-1.175902009010315,0.5829769237531202
COHFACE_s37_session3_natural,18,120,22.0,-1.2254602909088135,0.42125291738060544
COHFACE_s37_session3_natural,18,121,22.033333333333335,-1.2842789888381958,0.2204986365771554
COHFACE_s37_session3_natural,18,122,22.066666666666666,-1.3461278676986694,-0.016071596400671122
COHFACE_s37_session3_natural,18,123,22.1,-1.2396243810653687,-0.278224862578599
COHFACE_s37_session3_natural,18,124,22.133333333333333,-0.4172508418560028,-0.5493489320168717
COHFACE_s37_session3_natural,18,125,22.166666666666668,0.9799246788024902,-0.8089984485949324
COHFACE_s37_session3_natural,18,126,22.2,1.9276618957519531,-1.0365443142460813
COHFACE_s37_session3_natural,18,127,22.233333333333334,2.124964714050293,-1.2147189066351594
COHFACE_s37_session3_natural,18,128,22.266666666666666,1.902357816696167,-1.331577176578199
COHFACE_s37_session3_natural,18,129,22.3,1.540122628211975,-1.379978596012507
COHFACE_s37_session3_natural,18,130,22.333333333333332,1.1408334970474243,-1.355404886158639
COHFACE_s37_session3_natural,18,131,22.366666666666667,0.714794397354126,-1.2544755360730984
COHFACE_s37_session3_natural,18,132,22.4,0.3924988806247711,-1.0763730948585646
COHFACE_s37_session3_natural,18,133,22.433333333333334,0.28568732738494873,-0.8272222096687233
COHFACE_s37_session3_natural,18,134,22.466666666666665,0.318101704120636,-0.5244911277673485
COHFACE_s37_session3_natural,18,135,22.5,0.33512619137763977,-0.19716817793768138
COHFACE_s37_session3_natural,18,136,22.533333333333335,0.2527637183666229,0.12052705478211864
COHFACE_s37_session3_natural,18,137,22.566666666666666,0.08927729725837708,0.3997616954454082
COHFACE_s37_session3_natural,18,138,22.6,-0.12040401995182037,0.626060242938143
COHFACE_s37_session3_natural,18,139,22.633333333333333,-0.3417723774909973,0.8007559593741317
COHFACE_s37_session3_natural,18,140,22.666666666666668,-0.5373462438583374,0.9339255328147721
COHFACE_s37_session3_natural,18,141,22.7,-0.6985254883766174,1.0335448174813155
COHFACE_s37_session3_natural,18,142,22.733333333333334,-0.8251968026161194,1.097665444755176
COHFACE_s37_session3_natural,18,143,22.766666666666666,-0.918215274810791,1.113989868523902
COHFACE_s37_session3_natural,18,144,22.8,-0.9841064810752869,1.0664213733880672
COHFACE_s37_session3_natural,18,145,22.833333333333332,-1.024442195892334,0.9441481492173169
COHFACE_s37_session3_natural,18,146,22.866666666666667,-1.0530718564987183,0.7480314617488408
COHFACE_s37_session3_natural,18,147,22.9,-1.0838958024978638,0.4917573876053254
COHFACE_s37_session3_natural,18,148,22.933333333333334,-1.114763617515564,0.19929050860858144
COHFACE_s37_session3_natural,18,149,22.966666666666665,-1.156803011894226,-0.09807925906486525
COHFACE_s37_session3_natural,18,150,23.0,-1.2126353979110718,-0.3640591358086919
COHFACE_s37_session3_natural,18,151,23.033333333333335,-1.2103219032287598,-0.5610833556393867
COHFACE_s37_session3_natural,18,152,23.066666666666666,-0.7179766297340393,-0.6575153226828773
COHFACE_s37_session3_natural,18,153,23.1,0.5154296159744263,-0.6372590258489403
COHFACE_s37_session3_natural,18,154,23.133333333333333,1.6283884048461914,-0.5071868580049758
COHFACE_s37_session3_natural,18,155,23.166666666666668,2.0169837474823,-0.2973808983597227
COHFACE_s37_session3_natural,18,156,23.2,1.8810395002365112,-0.05308326439528078
COHFACE_s37_session3_natural,18,157,23.233333333333334,1.5328929424285889,0.1778941632493787
COHFACE_s37_session3_natural,18,158,23.266666666666666,1.1203891038894653,0.35671012030325444
COHFACE_s37_session3_natural,18,159,23.3,0.6782307624816895,0.4600092248386628
COHFACE_s37_session3_natural,18,160,23.333333333333332,0.3364778161048889,0.4806412161089041
COHFACE_s37_session3_natural,18,161,23.366666666666667,0.23191693425178528,0.42449448110754867
COHFACE_s37_session3_natural,18,162,23.4,0.29059725999832153,0.3062053028771966
COHFACE_s37_session3_natural,18,163,23.433333333333334,0.3460210859775543,0.14569556299145645
COHFACE_s37_session3_natural,18,164,23.466666666666665,0.2967519760131836,-0.03398333458935535
COHFACE_s37_session3_natural,18,165,23.5,0.1438838392496109,-0.2082542864229167
COHFACE_s37_session3_natural,18,166,23.533333333333335,-0.05954846739768982,-0.35323275609816246
COHFACE_s37_session3_natural,18,167,23.566666666666666,-0.2665579319000244,-0.4491726153107291
COHFACE_s37_session3_natural,18,168,23.6,-0.4550403952598572,-0.48460821843582047
COHFACE_s37_session3_natural,18,169,23.633333333333333,-0.6127116084098816,-0.459744524936483
COHFACE_s37_session3_natural,18,170,23.666666666666668,-0.737704336643219,-0.3875663431768552
COHFACE_s37_session3_natural,18,171,23.7,-0.8307920098304749,-0.29172259996077765
COHFACE_s37_session3_natural,18,172,23.733333333333334,-0.8897615075111389,-0.20111176342242965
COHFACE_s37_session3_natural,18,173,23.766666666666666,-0.9212266206741333,-0.14226501586664897
COHFACE_s37_session3_natural,18,174,23.8,-0.9484984278678894,-0.13184170725076425
COHFACE_s37_session3_natural,18,175,23.833333333333332,-0.9797120690345764,-0.17174563018107486
COHFACE_s37_session3_natural,18,176,23.866666666666667,-1.023524284362793,-0.24808355328271103
COHFACE_s37_session3_natural,18,177,23.9,-1.0637719631195068,-0.33380107738973525
COHFACE_s37_session3_natural,18,178,23.933333333333334,-0.8730765581130981,-0.3945778189316551
COHFACE_s37_session3_natural,18,179,23.966666666666665,-0.0014087852323427796,-0.397634840128052
COHFACE_s37_session3_natural,18,180,24.0,1.159976601600647,-0.3222413708160067
COHFACE_s37_session3_natural,18,181,24.033333333333335,1.7947478294372559,-0.16898660221968642
COHFACE_s37_session3_natural,18,182,24.066666666666666,1.812941551208496,0.03642979454147191
COHFACE_s37_session3_natural,18,183,24.1,1.5174338817596436,0.24829575356258415
COHFACE_s37_session3_natural,18,184,24.133333333333333,1.1075578927993774,0.41470233173351617
COHFACE_s37_session3_natural,18,185,24.166666666666668,0.6484882831573486,0.49541417434978696
COHFACE_s37_session3_natural,18,186,24.2,0.2603455185890198,0.4764498439436193
COHFACE_s37_session3_natural,18,187,24.233333333333334,0.109093077480793,0.37486680828910024
COHFACE_s37_session3_natural,18,188,24.266666666666666,0.16628974676132202,0.2315198884593746
COHFACE_s37_session3_natural,18,189,24.3,0.24861449003219604,0.0951420159690736
COHFACE_s37_session3_natural,18,190,24.333333333333332,0.23227527737617493,0.00503424079779141
COHFACE_s37_session3_natural,18,191,24.366666666666667,0.10759683698415756,-0.02031065381724686
COHFACE_s37_session3_natural,18,192,24.4,-0.08255161345005035,0.014765932660968793
COHFACE_s37_session3_natural,18,193,24.433333333333334,-0.28609079122543335,0.08893565703968388
COHFACE_s37_session3_natural,18,194,24.466666666666665,-0.47089552879333496,0.1734154455884567
COHFACE_s37_session3_natural,18,195,24.5,-0.6320244073867798,0.24106689718395305
COHFACE_s37_session3_natural,18,196,24.533333333333335,-0.7554266452789307,0.2726474602811898
COHFACE_s37_session3_natural,18,197,24.566666666666666,-0.8347840309143066,0.2596814074560084
COHFACE_s37_session3_natural,18,198,24.6,-0.8873725533485413,0.20449425784440306
COHFACE_s37_session3_natural,18,199,24.633333333333333,-0.9227731227874756,0.11818284212991778
COHFACE_s37_session3_natural,18,200,24.666666666666668,-0.9546594023704529,0.017200033028931905
COHFACE_s37_session3_natural,18,201,24.7,-0.9907829761505127,-0.08068760142166294
COHFACE_s37_session3_natural,18,202,24.733333333333334,-0.9401496648788452,-0.16001404088932733
COHFACE_s37_session3_natural,18,203,24.766666666666666,-0.410341739654541,-0.20982816460236267
COHFACE_s37_session3_natural,18,204,24.8,0.6435091495513916,-0.2243541759748013
COHFACE_s37_session3_natural,18,205,24.833333333333332,1.4612053632736206,-0.20280349792732738
COHFACE_s37_session3_natural,18,206,24.866666666666667,1.6459472179412842,-0.14911713324639791
COHFACE_s37_session3_natural,18,207,24.9,1.408591628074646,-0.07172033177674231
COHFACE_s37_session3_natural,18,208,24.933333333333334,1.012716293334961,0.0173964808760911
COHFACE_s37_session3_natural,18,209,24.966666666666665,0.5649375915527344,0.1048485011801519
COHFACE_s37_session3_natural,18,210,25.0,0.14341233670711517,0.17871162674527408
COHFACE_s37_session3_natural,18,211,25.033333333333335,-0.06196257099509239,0.23064406240868496
COHFACE_s37_session3_natural,18,212,25.066666666666666,-0.005884937476366758,0.25641565615983736
COHFACE_s37_session3_natural,18,213,25.1,0.11661200225353241,0.2552200783955556
COHFACE_s37_session3_natural,18,214,25.133333333333333,0.14539894461631775,0.2287622444517122
COHFACE_s37_session3_natural,18,215,25.166666666666668,0.050463028252124786,0.18077789015460546
COHFACE_s37_session3_natural,18,216,25.2,-0.12323305010795593,0.11683000987497014
COHFACE_s37_session3_natural,18,217,25.233333333333334,-0.32247838377952576,0.04375493502877291
COHFACE_s37_session3_natural,18,218,25.266666666666666,-0.5042654871940613,-0.03151976708936637
COHFACE_s37_session3_natural,18,219,25.3,-0.6566558480262756,-0.10328184544759852
COHFACE_s37_session3_natural,18,220,25.333333333333332,-0.7726271748542786,-0.16752979710999225
COHFACE_s37_session3_natural,18,221,25.366666666666667,-0.8507649302482605,-0.22117376621057913
COHFACE_s37_session3_natural,18,222,25.4,-0.8985943794250488,-0.2606230787647872
COHFACE_s37_session3_natural,18,223,25.433333333333334,-0.9331462383270264,-0.2812614542503424
COHFACE_s37_session3_natural,18,224,25.466666666666665,-0.9683582186698914,-0.27886670709158695
COHFACE_s37_session3_natural,18,225,25.5,-0.9527419805526733,-0.25253048418876434
COHFACE_s37_session3_natural,18,226,25.533333333333335,-0.5318076610565186,-0.20713704529753502
COHFACE_s37_session3_natural,18,227,25.566666666666666,0.516762375831604,-0.153273428036169
COHFACE_s37_session3_natural,18,228,25.6,1.4868048429489136,-0.10399713673547036
COHFACE_s37_session3_natural,18,229,25.633333333333333,1.8091946840286255,-0.06993971150921531
COHFACE_s37_session3_natural,18,230,25.666666666666668,1.6296896934509277,-0.05522129411550469
COHFACE_s37_session3_natural,18,231,25.7,1.2619725465774536,-0.05619935015758455
COHFACE_s37_session3_natural,18,232,25.733333333333334,0.8451309204101562,-0.06363171957232891
COHFACE_s37_session3_natural,18,233,25.766666666666666,0.41219520568847656,-0.06710899205189794
COHFACE_s37_session3_natural,18,234,25.8,0.11664972454309464,-0.05943565196288969
COHFACE_s37_session3_natural,18,235,25.833333333333332,0.0815194770693779,-0.03880673416597781
COHFACE_s37_session3_natural,18,236,25.866666666666667,0.18730628490447998,-0.008152936239958384
COHFACE_s37_session3_natural,18,237,25.9,0.24908599257469177,0.027324705587469595
COHFACE_s37_session3_natural,18,238,25.933333333333334,0.18293072283267975,0.06281499269597167
COHFACE_s37_session3_natural,18,239,25.966666666666665,0.014943000860512257,0.09544357345040803
COHFACE_s37_session3_natural,19,0,19.0,0.8568933606147766,-0.017050414994780338
COHFACE_s37_session3_natural,19,1,19.033333333333335,2.0629146099090576,-0.03362553993499341
COHFACE_s37_session3_natural,19,2,19.066666666666666,2.442589044570923,-0.04175040085645452
COHFACE_s37_session3_natural,19,3,19.1,2.2848927974700928,-0.031481964877065546
COHFACE_s37_session3_natural,19,4,19.133333333333333,1.9837394952774048,0.00738517069574682
COHFACE_s37_session3_natural,19,5,19.166666666666668,1.6777517795562744,0.07895462627445597
COHFACE_s37_session3_natural,19,6,19.2,1.3160258531570435,0.17323165595682224
COHFACE_s37_session3_natural,19,7,19.233333333333334,0.928706705570221,0.26264301353394265
COHFACE_s37_session3_natural,19,8,19.266666666666666,0.6978579759597778,0.3077375148266497
COHFACE_s37_session3_natural,19,9,19.3,0.6453197598457336,0.2716639810518134
COHFACE_s37_session3_natural,19,10,19.333333333333332,0.6320170164108276,0.13761875774876905
COHFACE_s37_session3_natural,19,11,19.366666666666667,0.5511507987976074,-0.07920055732193645
COHFACE_s37_session3_natural,19,12,19.4,0.3738838732242584,-0.3318743251622988
COHFACE_s37_session3_natural,19,13,19.433333333333334,0.1372387707233429,-0.5555673428872692
COHFACE_s37_session3_natural,19,14,19.466666666666665,-0.10717044770717621,-0.6895972342348398
COHFACE_s37_session3_natural,19,15,19.5,-0.32620641589164734,-0.6984161958364957
COHFACE_s37_session3_natural,19,16,19.533333333333335,-0.5120673179626465,-0.5828235031841572
COHFACE_s37_session3_natural,19,17,19.566666666666666,-0.6568192839622498,-0.377209115510927
COHFACE_s37_session3_natural,19,18,19.6,-0.7591421008110046,-0.1344565914215355
COHFACE_s37_session3_natural,19,19,19.633333333333333,-0.8310937285423279,0.09465942905201377
COHFACE_s37_session3_natural,19,20,19.666666666666668,-0.8861969113349915,0.27805528131334767
COHFACE_s37_session3_natural,19,21,19.7,-0.9349756836891174,0.4074272240056136
COHFACE_s37_session3_natural,19,22,19.733333333333334,-0.9876207709312439,0.49105768051507415
COHFACE_s37_session3_natural,19,23,19.766666666666666,-1.045295238494873,0.5404403296795779
COHFACE_s37_session3_natural,19,24,19.8,-1.1043025255203247,0.5592815778153747
COHFACE_s37_session3_natural,19,25,19.833333333333332,-1.1635046005249023,0.540768865275426
COHFACE_s37_session3_natural,19,26,19.866666666666667,-1.2216254472732544,0.4735397731866488
COHFACE_s37_session3_natural,19,27,19.9,-1.2675563097000122,0.35192594688506124
COHFACE_s37_session3_natural,19,28,19.933333333333334,-1.3049622774124146,0.1843078123711428
COHFACE_s37_session3_natural,19,29,19.966666666666665,-1.3416768312454224,-0.0050510745874537775
COHFACE_s37_session3_natural,19,30,20.0,-1.3699294328689575,-0.1818913233017096
COHFACE_s37_session3_natural,19,31,20.033333333333335,-1.1761912107467651,-0.31304195896915377
COHFACE_s37_session3_natural,19,32,20.066666666666666,-0.18332789838314056,-0.37767192054314436
COHFACE_s37_session3_natural,19,33,20.1,1.3023333549499512,-0.3735970995943013
COHFACE_s37_session3_natural,19,34,20.133333333333333,2.2314743995666504,-0.3160452923235147
COHFACE_s37_session3_natural,19,35,20.166666666666668,2.3951621055603027,-0.2300933529551021
COHFACE_s37_session3_natural,19,36,20.2,2.177257537841797,-0.14102883225674268
COHFACE_s37_session3_natural,19,37,20.233333333333334,1.8629525899887085,-0.06726888186583264
COHFACE_s37_session3_natural,19,38,20.266666666666666,1.532402515411377,-0.017951634800030442
COHFACE_s37_session3_natural,19,39,20.3,1.1419085264205933,0.005820416693260302
COHFACE_s37_session3_natural,19,40,20.333333333333332,0.7812325954437256,0.00842440809398058
COHFACE_s37_session3_natural,19,41,20.366666666666667,0.5944600701332092,-0.0025267875859766305
COHFACE_s37_session3_natural,19,42,20.4,0.5532442927360535,-0.017967961328739453
COHFACE_s37_session3_natural,19,43,20.433333333333334,0.5336925387382507,-0.02933364218707928
COHFACE_s37_session3_natural,19,44,20.466666666666665,0.43599677085876465,-0.030791701283189938
COHFACE_s37_session3_natural,19,45,20.5,0.24469156563282013,-0.0209986025911472
COHFACE_s37_session3_natural,19,46,20.533333333333335,0.00543117756024003,-0.0034866033769609104
COHFACE_s37_session3_natural,19,47,20.566666666666666,-0.23599812388420105,0.014751954860994504
COHFACE_s37_session3_natural,19,48,20.6,-0.458812415599823,0.026384738757344338
COHFACE_s37_session3_natural,19,49,20.633333333333333,-0.6403794884681702,0.027677785282025337
COHFACE_s37_session3_natural,19,50,20.666666666666668,-0.7773107886314392,0.02135733843145419
COHFACE_s37_session3_natural,19,51,20.7,-0.8788854479789734,0.016317869473177198
COHFACE_s37_session3_natural,19,52,20.733333333333334,-0.949912965297699,0.023540526975447736
COHFACE_s37_session3_natural,19,53,20.766666666666666,-1.0022687911987305,0.04997479341345488
COHFACE_s37_session3_natural,19,54,20.8,-1.048382043838501,0.09388585425179743
COHFACE_s37_session3_natural,19,55,20.833333333333332,-1.0968652963638306,0.144734193947111
COHFACE_s37_session3_natural,19,56,20.866666666666667,-1.1490451097488403,0.1878914018007536
COHFACE_s37_session3_natural,19,57,20.9,-1.2052987813949585,0.2115355377210237
COHFACE_s37_session3_natural,19,58,20.933333333333334,-1.258899450302124,0.21209612716634396
COHFACE_s37_session3_natural,19,59,20.966666666666665,-1.3070558309555054,0.1956546584435202
COHFACE_s37_session3_natural,19,60,21.0,-1.3471086025238037,0.17466817232761342
COHFACE_s37_session3_natural,19,61,21.033333333333335,-1.3868343830108643,0.16150375953863214
COHFACE_s37_session3_natural,19,62,21.066666666666666,-1.4247370958328247,0.16183830850614936
COHFACE_s37_session3_natural,19,63,21.1,-1.2552783489227295,0.1710246597285009
COHFACE_s37_session3_natural,19,64,21.133333333333333,-0.2874550223350525,0.17482901158937564
COHFACE_s37_session3_natural,19,65,21.166666666666668,1.1897128820419312,0.1537979763517993
COHFACE_s37_session3_natural,19,66,21.2,2.117037057876587,0.08935728417530003
COHFACE_s37_session3_natural,19,67,21.233333333333334,2.280416488647461,-0.03022913845310357
COHFACE_s37_session3_natural,19,68,21.266666666666666,2.055911064147949,-0.20530761988262686
COHFACE_s37_session3_natural,19,69,21.3,1.7218971252441406,-0.42244453714222285
COHFACE_s37_session3_natural,19,70,21.333333333333332,1.3616863489151,-0.6548149572797524
COHFACE_s37_session3_natural,19,71,21.366666666666667,0.9615108370780945,-0.8659011774062281
COHFACE_s37_session3_natural,19,72,21.4,0.6230835914611816,-1.016488198631022
COHFACE_s37_session3_natural,19,73,21.433333333333334,0.4734971225261688,-1.0737847349465424
COHFACE_s37_session3_natural,19,74,21.466666666666665,0.4651106297969818,-1.0201010535791628
COHFACE_s37_session3_natural,19,75,21.5,0.4617723524570465,-0.8577485059481679
COHFACE_s37_session3_natural,19,76,21.533333333333335,0.3766123056411743,-0.6076098433417237
COHFACE_s37_session3_natural,19,77,21.566666666666666,0.19820748269557953,-0.3015850804642389
COHFACE_s37_session3_natural,19,78,21.6,-0.029875099658966064,0.027263489801316015
COHFACE_s37_session3_natural,19,79,21.633333333333333,-0.2611576318740845,0.35163369081671736
COHFACE_s37_session3_natural,19,80,21.666666666666668,-0.4722785949707031,0.6513169021428503
COHFACE_s37_session3_natural,19,81,21.7,-0.6483007669448853,0.9105161315325885
COHFACE_s37_session3_natural,19,82,21.733333333333334,-0.7857852578163147,1.1151011028082525
COHFACE_s37_session3_natural,19,83,21.766666666666666,-0.883204460144043,1.2529848683795626
COHFACE_s37_session3_natural,19,84,21.8,-0.9469707608222961,1.3177706244726097
COHFACE_s37_session3_natural,19,85,21.833333333333332,-0.996088981628418,1.312720823376678
COHFACE_s37_session3_natural,19,86,21.866666666666667,-1.0410014390945435,1.251128449925908
COHFACE_s37_session3_natural,19,87,21.9,-1.0850273370742798,1.151153387551451
COHFACE_s37_session3_natural,19,88,21.933333333333334,-1.1297763586044312,1.0270617805148645
COHFACE_s37_session3_natural,19,89,21.966666666666665,-1.175902009010315,0.8817578785668572
COHFACE_s37_session3_natural,19,90,22.0,-1.2254602909088135,0.7052101509516604
COHFACE_s37_session3_natural,19,91,22.033333333333335,-1.2842789888381958,0.48012155102383863
COHFACE_s37_session3_natural,19,92,22.066666666666666,-1.3461278676986694,0.19213867605026366
COHFACE_s37_session3_natural,19,93,22.1,-1.2396243810653687,-0.16029524078881455
COHFACE_s37_session3_natural,19,94,22.133333333333333,-0.4172508418560028,-0.5604579384937539
COHFACE_s37_session3_natural,19,95,22.166666666666668,0.9799246788024902,-0.973958504372565
COHFACE_s37_session3_natural,19,96,22.2,1.9276618957519531,-1.3553539972345137
COHFACE_s37_session3_natural,19,97,22.233333333333334,2.124964714050293,-1.6589043214980714
COHFACE_s37_session3_natural,19,98,22.266666666666666,1.902357816696167,-1.849457732631993
COHFACE_s37_session3_natural,19,99,22.3,1.540122628211975,-1.9090287213404344
COHFACE_s37_session3_natural,19,100,22.333333333333332,1.1408334970474243,-1.8373178798161116
COHFACE_s37_session3_natural,19,101,22.366666666666667,0.714794397354126,-1.6480241321486366
COHFACE_s37_session3_natural,19,102,22.4,0.3924988806247711,-1.3643361452623972
COHFACE_s37_session3_natural,19,103,22.433333333333334,0.28568732738494873,-1.0158618229671987
COHFACE_s37_session3_natural,19,104,22.466666666666665,0.318101704120636,-0.6367524976820549
COHFACE_s37_session3_natural,19,105,22.5,0.33512619137763977,-0.2628821444516441
COHFACE_s37_session3_natural,19,106,22.533333333333335,0.2527637183666229,0.07380948911491014
COHFACE_s37_session3_natural,19,107,22.566666666666666,0.08927729725837708,0.3531703053359715
COHFACE_s37_session3_natural,19,108,22.6,-0.12040401995182037,0.5730432306062149
COHFACE_s37_session3_natural,19,109,22.633333333333333,-0.3417723774909973,0.7491270678322751
COHFACE_s37_session3_natural,19,110,22.666666666666668,-0.5373462438583374,0.906823565695672
COHFACE_s37_session3_natural,19,111,22.7,-0.6985254883766174,1.0680424900041219
COHFACE_s37_session3_natural,19,112,22.733333333333334,-0.8251968026161194,1.2387817341829186
COHFACE_s37_session3_natural,19,113,22.766666666666666,-0.918215274810791,1.402972379924303
COHFACE_s37_session3_natural,19,114,22.8,-0.9841064810752869,1.5251437655716142
COHFACE_s37_session3_natural,19,115,22.833333333333332,-1.024442195892334,1.5606759593864241
COHFACE_s37_session3_natural,19,116,22.866666666666667,-1.0530718564987183,1.4697248469068973
COHFACE_s37_session3_natural,19,117,22.9,-1.0838958024978638,1.2304950659858962
COHFACE_s37_session3_natural,19,118,22.933333333333334,-1.114763617515564,0.8489828795690572
COHFACE_s37_session3_natural,19,119,22.966666666666665,-1.156803011894226,0.36341161912396003
COHFACE_s37_session3_natural,19,120,23.0,-1.2126353979110718,-0.15879170889694355
COHFACE_s37_session3_natural,19,121,23.033333333333335,-1.2103219032287598,-0.6332191313011849
COHFACE_s37_session3_natural,19,122,23.066666666666666,-0.7179766297340393,-0.9784060685526876
COHFACE_s37_session3_natural,19,123,23.1,0.5154296159744263,-1.1376501043454934
COHFACE_s37_session3_natural,19,124,23.133333333333333,1.6283884048461914,-1.0947938188995454
COHFACE_s37_session3_natural,19,125,23.166666666666668,2.0169837474823,-0.8778730182331761
COHFACE_s37_session3_natural,19,126,23.2,1.8810395002365112,-0.549675082717023
COHFACE_s37_session3_natural,19,127,23.233333333333334,1.5328929424285889,-0.1895623517335584
COHFACE_s37_session3_natural,19,128,23.266666666666666,1.1203891038894653,0.12665350774637235
COHFACE_s37_session3_natural,19,129,23.3,0.6782307624816895,0.3428693188166846
COHFACE_s37_session3_natural,19,130,23.333333333333332,0.3364778161048889,0.4317319880936957
COHFACE_s37_session3_natural,19,131,23.366666666666667,0.23191693425178528,0.3962556149385895
COHFACE_s37_session3_natural,19,132,23.4,0.29059725999832153,0.2653327088059101
COHFACE_s37_session3_natural,19,133,23.433333333333334,0.3460210859775543,0.08478531529066813
COHFACE_s37_session3_natural,19,134,23.466666666666665,0.2967519760131836,-0.09454181424132696
COHFACE_s37_session3_natural,19,135,23.5,0.1438838392496109,-0.22964467919567644
COHFACE_s37_session3_natural,19,136,23.533333333333335,-0.05954846739768982,-0.2959209431929836
COHFACE_s37_session3_natural,19,137,23.566666666666666,-0.2665579319000244,-0.2918462635656876
COHFACE_s37_session3_natural,19,138,23.6,-0.4550403952598572,-0.23614081088475572
COHFACE_s37_session3_natural,19,139,23.633333333333333,-0.6127116084098816,-0.15894572326802123
COHFACE_s37_session3_natural,19,140,23.666666666666668,-0.737704336643219,-0.09083865422470919
COHFACE_s37_session3_natural,19,141,23.7,-0.8307920098304749,-0.05390263183477688
COHFACE_s37_session3_natural,19,142,23.733333333333334,-0.8897615075111389,-0.057558147450404176
COHFACE_s37_session3_natural,19,143,23.766666666666666,-0.9212266206741333,-0.09944318540552691
COHFACE_s37_session3_natural,19,144,23.8,-0.9484984278678894,-0.16951631616413995
COHFACE_s37_session3_natural,19,145,23.833333333333332,-0.9797120690345764,-0.2545701906992543
COHFACE_s37_session3_natural,19,146,23.866666666666667,-1.023524284362793,-0.34078258013993923
COHFACE_s37_session3_natural,19,147,23.9,-1.0637719631195068,-0.41367721845923616
COHFACE_s37_session3_natural,19,148,23.933333333333334,-0.8730765581130981,-0.4571142086776568
COHFACE_s37_session3_natural,19,149,23.966666666666665,-0.0014087852323427796,-0.45415874888559915
COHFACE_s37_session3_natural,19,150,24.0,1.159976601600647,-0.39171725704029503
COHFACE_s37_session3_natural,19,151,24.033333333333335,1.7947478294372559,-0.2678562254406163
COHFACE_s37_session3_natural,19,152,24.066666666666666,1.812941551208496,-0.09747923986209465
COHFACE_s37_session3_natural,19,153,24.1,1.5174338817596436,0.08853781893283756
COHFACE_s37_session3_natural,19,154,24.133333333333333,1.1075578927993774,0.2522227030352376
COHFACE_s37_session3_natural,19,155,24.166666666666668,0.6484882831573486,0.3618976606628913
COHFACE_s37_session3_natural,19,156,24.2,0.2603455185890198,0.40370163688359606
COHFACE_s37_session3_natural,19,157,24.233333333333334,0.109093077480793,0.38569293422729173
COHFACE_s37_session3_natural,19,158,24.266666666666666,0.16628974676132202,0.3328922598312948
COHFACE_s37_session3_natural,19,159,24.3,0.24861449003219604,0.2761727744206159
COHFACE_s37_session3_natural,19,160,24.333333333333332,0.23227527737617493,0.2404752605752335
COHFACE_s37_session3_natural,19,161,24.366666666666667,0.10759683698415756,0.23729026535044848
COHFACE_s37_session3_natural,19,162,24.4,-0.08255161345005035,0.2633781537225455
COHFACE_s37_session3_natural,19,163,24.433333333333334,-0.28609079122543335,0.3044873869175707
COHFACE_s37_session3_natural,19,164,24.466666666666665,-0.47089552879333496,0.34135135406362477
COHFACE_s37_session3_natural,19,165,24.5,-0.6320244073867798,0.35564799630669497
COHFACE_s37_session3_natural,19,166,24.533333333333335,-0.7554266452789307,0.3347966025905407
COHFACE_s37_session3_natural,19,167,24.566666666666666,-0.8347840309143066,0.2751169060589264
COHFACE_s37_session3_natural,19,168,24.6,-0.8873725533485413,0.1825766210810022
COHFACE_s37_session3_natural,19,169,24.633333333333333,-0.9227731227874756,0.07031727818299888
COHFACE_s37_session3_natural,19,170,24.666666666666668,-0.9546594023704529,-0.04654221782662016
COHFACE_s37_session3_natural,19,171,24.7,-0.9907829761505127,-0.15643057836038746
COHFACE_s37_session3_natural,19,172,24.733333333333334,-0.9401496648788452,-0.25397588067276605
COHFACE_s37_session3_natural,19,173,24.766666666666666,-0.410341739654541,-0.33808248048812417
COHFACE_s37_session3_natural,19,174,24.8,0.6435091495513916,-0.40705365529393195
COHFACE_s37_session3_natural,19,175,24.833333333333332,1.4612053632736206,-0.45472361293448244
COHFACE_s37_session3_natural,19,176,24.866666666666667,1.6459472179412842,-0.4706752140429394
COHFACE_s37_session3_natural,19,177,24.9,1.408591628074646,-0.4444817080385764
COHFACE_s37_session3_natural,19,178,24.933333333333334,1.012716293334961,-0.3710954155244449
COHFACE_s37_session3_natural,19,179,24.966666666666665,0.5649375915527344,-0.25394461440513566
COHFACE_s37_session3_natural,19,180,25.0,0.14341233670711517,-0.10424042104162728
COHFACE_s37_session3_natural,19,181,25.033333333333335,-0.06196257099509239,0.06238941065793273
COHFACE_s37_session3_natural,19,182,25.066666666666666,-0.005884937476366758,0.2295953639208524
COHFACE_s37_session3_natural,19,183,25.1,0.11661200225353241,0.38255302521472706
COHFACE_s37_session3_natural,19,184,25.133333333333333,0.14539894461631775,0.5084935415577838
COHFACE_s37_session3_natural,19,185,25.166666666666668,0.050463028252124786,0.5964470467645958
COHFACE_s37_session3_natural,19,186,25.2,-0.12323305010795593,0.6372538991283547
COHFACE_s37_session3_natural,19,187,25.233333333333334,-0.32247838377952576,0.6243356829327259
COHFACE_s37_session3_natural,19,188,25.266666666666666,-0.5042654871940613,0.55516711948645
COHFACE_s37_session3_natural,19,189,25.3,-0.6566558480262756,0.43294637845303585
COHFACE_s37_session3_natural,19,190,25.333333333333332,-0.7726271748542786,0.2675787879934274
COHFACE_s37_session3_natural,19,191,25.366666666666667,-0.8507649302482605,0.07510794944744502
COHFACE_s37_session3_natural,19,192,25.4,-0.8985943794250488,-0.12463353028693637
COHFACE_s37_session3_natural,19,193,25.433333333333334,-0.9331462383270264,-0.3115184219827135
COHFACE_s37_session3_natural,19,194,25.466666666666665,-0.9683582186698914,-0.4686136691829492
COHFACE_s37_session3_natural,19,195,25.5,-0.9527419805526733,-0.5845910430202268
COHFACE_s37_session3_natural,19,196,25.533333333333335,-0.5318076610565186,-0.6545234607200171
COHFACE_s37_session3_natural,19,197,25.566666666666666,0.516762375831604,-0.6790888781901948
COHFACE_s37_session3_natural,19,198,25.6,1.4868048429489136,-0.6625380096585294
COHFACE_s37_session3_natural,19,199,25.633333333333333,1.8091946840286255,-0.6102236529602345
COHFACE_s37_session3_natural,19,200,25.666666666666668,1.6296896934509277,-0.5270678468967185
COHFACE_s37_session3_natural,19,201,25.7,1.2619725465774536,-0.418059507641288
COHFACE_s37_session3_natural,19,202,25.733333333333334,0.8451309204101562,-0.29028897852568114
COHFACE_s37_session3_natural,19,203,25.766666666666666,0.41219520568847656,-0.15464107097038604
COHFACE_s37_session3_natural,19,204,25.8,0.11664972454309464,-0.02553215258098067
COHFACE_s37_session3_natural,19,205,25.833333333333332,0.0815194770693779,0.08161325908151273
COHFACE_s37_session3_natural,19,206,25.866666666666667,0.18730628490447998,0.15435962565196812
COHFACE_s37_session3_natural,19,207,25.9,0.24908599257469177,0.1873729907049563
COHFACE_s37_session3_natural,19,208,25.933333333333334,0.18293072283267975,0.1850660953522814
COHFACE_s37_session3_natural,19,209,25.966666666666665,0.014943000860512257,0.16135049200533835
COHFACE_s37_session3_natural,19,210,26.0,-0.19135606288909912,0.13579177933262912
COHFACE_s37_session3_natural,19,211,26.033333333333335,-0.39177075028419495,0.12689211633804237
COHFACE_s37_session3_natural,19,212,26.066666666666666,-0.5599156022071838,0.14497954654621234
COHFACE_s37_session3_natural,19,213,26.1,-0.692603349685669,0.18808541020778646
COHFACE_s37_session3_natural,19,214,26.133333333333333,-0.780127227306366,0.243249946859815
COHFACE_s37_session3_natural,19,215,26.166666666666668,-0.8295220732688904,0.29310646318520434
COHFACE_s37_session3_natural,19,216,26.2,-0.8641179203987122,0.32462189629733545
COHFACE_s37_session3_natural,19,217,26.233333333333334,-0.8993236422538757,0.33535433911719625
COHFACE_s37_session3_natural,19,218,26.266666666666666,-0.8116614818572998,0.3337247224839086
COHFACE_s37_session3_natural,19,219,26.3,-0.15372997522354126,0.3331120733957929
COHFACE_s37_session3_natural,19,220,26.333333333333332,1.0118298530578613,0.343227926187127
COHFACE_s37_session3_natural,19,221,26.366666666666667,1.836686611175537,0.36379635212611144
COHFACE_s37_session3_natural,19,222,26.4,1.982035756111145,0.38389415637665425
COHFACE_s37_session3_natural,19,223,26.433333333333334,1.7227898836135864,0.3868458655529707
COHFACE_s37_session3_natural,19,224,26.466666666666665,1.363289475440979,0.3577016137364381
COHFACE_s37_session3_natural,19,225,26.5,0.9869343638420105,0.28937383903188185
COHFACE_s37_session3_natural,19,226,26.533333333333335,0.5831565260887146,0.18462136563250345
COHFACE_s37_session3_natural,19,227,26.566666666666666,0.29513001441955566,0.05352673823135219
COHFACE_s37_session3_natural,19,228,26.6,0.2368457168340683,-0.09139521756829708
COHFACE_s37_session3_natural,19,229,26.633333333333333,0.2992101013660431,-0.23925029381941745
COHFACE_s37_session3_natural,19,230,26.666666666666668,0.3182463049888611,-0.3817986125455998
COHFACE_s37_session3_natural,19,231,26.7,0.2157788872718811,-0.5116276606340165
COHFACE_s37_session3_natural,19,232,26.733333333333334,0.02114800363779068,-0.6196751373560874
COHFACE_s37_session3_natural,19,233,26.766666666666666,-0.19456857442855835,-0.6945891121633316
COHFACE_s37_session3_natural,19,234,26.8,-0.39249998331069946,-0.7246952015854903
COHFACE_s37_session3_natural,19,235,26.833333333333332,-0.5670825242996216,-0.7013524762768251
COHFACE_s37_session3_natural,19,236,26.866666666666667,-0.6992484331130981,-0.6219268208505375
COHFACE_s37_session3_natural,19,237,26.9,-0.780491828918457,-0.49125574515487075
COHFACE_s37_session3_natural,19,238,26.933333333333334,-0.8261586427688599,-0.32130812455004226
COHFACE_s37_session3_natural,19,239,26.966666666666665,-0.8698074221611023,-0.12940938374690789
COHFACE_s37_session3_natural,20,0,20.0,-1.3699294328689575,-0.029161540700805955
COHFACE_s37_session3_natural,20,1,20.033333333333335,-1.1761912107467651,0.019893664303163947
COHFACE_s37_session3_natural,20,2,20.066666666666666,-0.18332789838314056,0.06729170222159472
COHFACE_s37_session3_natural,20,3,20.1,1.3023333549499512,0.11491194867292033
COHFACE_s37_session3_natural,20,4,20.133333333333333,2.2314743995666504,0.16914472686326076
COHFACE_s37_session3_natural,20,5,20.166666666666668,2.3951621055603027,0.23615064317112014
COHFACE_s37_session3_natural,20,6,20.2,2.177257537841797,0.3143563024343857
COHFACE_s37_session3_natural,20,7,20.233333333333334,1.8629525899887085,0.3895991850246338
COHFACE_s37_session3_natural,20,8,20.266666666666666,1.532402515411377,0.4373452576693212
COHFACE_s37_session3_natural,20,9,20.3,1.1419085264205933,0.4321801558746124
COHFACE_s37_session3_natural,20,10,20.333333333333332,0.7812325954437256,0.360258076567381
COHFACE_s37_session3_natural,20,11,20.366666666666667,0.5944600701332092,0.2282451111876755
COHFACE_s37_session3_natural,20,12,20.4,0.5532442927360535,0.06374694330549355
COHFACE_s37_session3_natural,20,13,20.433333333333334,0.5336925387382507,-0.09359726821005514
COHFACE_s37_session3_natural,20,14,20.466666666666665,0.43599677085876465,-0.20648458186444257
COHFACE_s37_session3_natural,20,15,20.5,0.24469156563282013,-0.2532095343234696
COHFACE_s37_session3_natural,20,16,20.533333333333335,0.00543117756024003,-0.23398368962550534
COHFACE_s37_session3_natural,20,17,20.566666666666666,-0.23599812388420105,-0.1681358794039767
COHFACE_s37_session3_natural,20,18,20.6,-0.458812415599823,-0.08454865068340262
COHFACE_s37_session3_natural,20,19,20.633333333333333,-0.6403794884681702,-0.01047808631942955
COHFACE_s37_session3_natural,20,20,20.666666666666668,-0.7773107886314392,0.036498041500652105
COHFACE_s37_session3_natural,20,21,20.7,-0.8788854479789734,0.05122326633613466
COHFACE_s37_session3_natural,20,22,20.733333333333334,-0.949912965297699,0.038948858750863694
COHFACE_s37_session3_natural,20,23,20.766666666666666,-1.0022687911987305,0.010847287711973193
COHFACE_s37_session3_natural,20,24,20.8,-1.048382043838501,-0.02033876121799624
COHFACE_s37_session3_natural,20,25,20.833333333333332,-1.0968652963638306,-0.042984550099903276
COHFACE_s37_session3_natural,20,26,20.866666666666667,-1.1490451097488403,-0.04785473264898729
COHFACE_s37_session3_natural,20,27,20.9,-1.2052987813949585,-0.029154417544185657
COHFACE_s37_session3_natural,20,28,20.933333333333334,-1.258899450302124,0.014107085930677693
COHFACE_s37_session3_natural,20,29,20.966666666666665,-1.3070558309555054,0.07702245645825542
COHFACE_s37_session3_natural,20,30,21.0,-1.3471086025238037,0.14876013733793997
COHFACE_s37_session3_natural,20,31,21.033333333333335,-1.3868343830108643,0.21398588606566077
COHFACE_s37_session3_natural,20,32,21.066666666666666,-1.4247370958328247,0.2557741290594393
COHFACE_s37_session3_natural,20,33,21.1,-1.2552783489227295,0.25960405852931906
COHFACE_s37_session3_natural,20,34,21.133333333333333,-0.2874550223350525,0.21726313500555786
COHFACE_s37_session3_natural,20,35,21.166666666666668,1.1897128820419312,0.12903682501885422
COHFACE_s37_session3_natural,20,36,21.2,2.117037057876587,0.003126942168671189
COHFACE_s37_session3_natural,20,37,21.233333333333334,2.280416488647461,-0.14738189548153602
COHFACE_s37_session3_natural,20,38,21.266666666666666,2.055911064147949,-0.308317788740372
COHFACE_s37_session3_natural,20,39,21.3,1.7218971252441406,-0.46688326333125274
COHFACE_s37_session3_natural,20,40,21.333333333333332,1.3616863489151,-0.6116555856319689
COHFACE_s37_session3_natural,20,41,21.366666666666667,0.9615108370780945,-0.7306999433290144
COHFACE_s37_session3_natural,20,42,21.4,0.6230835914611816,-0.8097285122783808
COHFACE_s37_session3_natural,20,43,21.433333333333334,0.4734971225261688,-0.8325053596495847
COHFACE_s37_session3_natural,20,44,21.466666666666665,0.4651106297969818,-0.784607233692232
COHFACE_s37_session3_natural,20,45,21.5,0.4617723524570465,-0.6594425454054874
COHFACE_s37_session3_natural,20,46,21.533333333333335,0.3766123056411743,-0.46321529772959236
COHFACE_s37_session3_natural,20,47,21.566666666666666,0.19820748269557953,-0.21530332555693893
COHFACE_s37_session3_natural,20,48,21.6,-0.029875099658966064,0.05686440726345578
COHFACE_s37_session3_natural,20,49,21.633333333333333,-0.2611576318740845,0.3259029275259083
COHFACE_s37_session3_natural,20,50,21.666666666666668,-0.4722785949707031,0.5713749265182556
COHFACE_s37_session3_natural,20,51,21.7,-0.6483007669448853,0.782328926813263
COHFACE_s37_session3_natural,20,52,21.733333333333334,-0.7857852578163147,0.9550511662737511
COHFACE_s37_session3_natural,20,53,21.766666666666666,-0.883204460144043,1.088328531778888
COHFACE_s37_session3_natural,20,54,21.8,-0.9469707608222961,1.1795497210221924
COHFACE_s37_session3_natural,20,55,21.833333333333332,-0.996088981628418,1.223812396190183
COHFACE_s37_session3_natural,20,56,21.866666666666667,-1.0410014390945435,1.2157364205730767
COHFACE_s37_session3_natural,20,57,21.9,-1.0850273370742798,1.1519083166769615
COHFACE_s37_session3_natural,20,58,21.933333333333334,-1.1297763586044312,1.0321308464290662
COHFACE_s37_session3_natural,20,59,21.966666666666665,-1.175902009010315,0.8590778986090895
COHFACE_s37_session3_natural,20,60,22.0,-1.2254602909088135,0.6370565691370718
COHFACE_s37_session3_natural,20,61,22.033333333333335,-1.2842789888381958,0.3709369187910047
COHFACE_s37_session3_natural,20,62,22.066666666666666,-1.3461278676986694,0.0661522386638279
COHFACE_s37_session3_natural,20,63,22.1,-1.2396243810653687,-0.26982980427647635
COHFACE_s37_session3_natural,20,64,22.133333333333333,-0.4172508418560028,-0.624904713031612
COHFACE_s37_session3_natural,20,65,22.166666666666668,0.9799246788024902,-0.9798065861430152
COHFACE_s37_session3_natural,20,66,22.2,1.9276618957519531,-1.30748862196246
COHFACE_s37_session3_natural,20,67,22.233333333333334,2.124964714050293,-1.575808124027783
COHFACE_s37_session3_natural,20,68,22.266666666666666,1.902357816696167,-1.7532457319354695
COHFACE_s37_session3_natural,20,69,22.3,1.540122628211975,-1.8156886845020632
COHFACE_s37_session3_natural,20,70,22.333333333333332,1.1408334970474243,-1.7518854185353008
COHFACE_s37_session3_natural,20,71,22.366666666666667,0.714794397354126,-1.5660754215501598
COHFACE_s37_session3_natural,20,72,22.4,0.3924988806247711,-1.2776544506990233
COHFACE_s37_session3_natural,20,73,22.433333333333334,0.28568732738494873,-0.9184846641520926
COHFACE_s37_session3_natural,20,74,22.466666666666665,0.318101704120636,-0.5282163356925474
COHFACE_s37_session3_natural,20,75,22.5,0.33512619137763977,-0.14763592439706796
COHFACE_s37_session3_natural,20,76,22.533333333333335,0.2527637183666229,0.189400457582975
COHFACE_s37_session3_natural,20,77,22.566666666666666,0.08927729725837708,0.4635193440909724
COHFACE_s37_session3_natural,20,78,22.6,-0.12040401995182037,0.673767240615107
COHFACE_s37_session3_natural,20,79,22.633333333333333,-0.3417723774909973,0.8352870151661393
COHFACE_s37_session3_natural,20,80,22.666666666666668,-0.5373462438583374,0.9706649104672838
COHFACE_s37_session3_natural,20,81,22.7,-0.6985254883766174,1.0981170197364378
COHFACE_s37_session3_natural,20,82,22.733333333333334,-0.8251968026161194,1.2215151856632473
COHFACE_s37_session3_natural,20,83,22.766666666666666,-0.918215274810791,1.326616449428003
COHFACE_s37_session3_natural,20,84,22.8,-0.9841064810752869,1.3850398952106846
COHFACE_s37_session3_natural,20,85,22.833333333333332,-1.024442195892334,1.3640602141016622
COHFACE_s37_session3_natural,20,86,22.866666666666667,-1.0530718564987183,1.2380475357420693
COHFACE_s37_session3_natural,20,87,22.9,-1.0838958024978638,0.9976213645643853
COHFACE_s37_session3_natural,20,88,22.933333333333334,-1.114763617515564,0.6548476998513043
COHFACE_s37_session3_natural,20,89,22.966666666666665,-1.156803011894226,0.2445109463092108
COHFACE_s37_session3_natural,20,90,23.0,-1.2126353979110718,-0.17901647370198645
COHFACE_s37_session3_natural,20,91,23.033333333333335,-1.2103219032287598,-0.55061579959584
COHFACE_s37_session3_natural,20,92,23.066666666666666,-0.7179766297340393,-0.808949595938814
COHFACE_s37_session3_natural,20,93,23.1,0.5154296159744263,-0.9132854812275811
COHFACE_s37_session3_natural,20,94,23.133333333333333,1.6283884048461914,-0.8561605926118626
COHFACE_s37_session3_natural,20,95,23.166666666666668,2.0169837474823,-0.6658002241932224
COHFACE_s37_session3_natural,20,96,23.2,1.8810395002365112,-0.39694976543718663
COHFACE_s37_session3_natural,20,97,23.233333333333334,1.5328929424285889,-0.11443088640991096
COHFACE_s37_session3_natural,20,98,23.266666666666666,1.1203891038894653,0.12376323463717773
COHFACE_s37_session3_natural,20,99,23.3,0.6782307624816895,0.2782607141492646
COHFACE_s37_session3_natural,20,100,23.333333333333332,0.3364778161048889,0.33270048402932734
COHFACE_s37_session3_natural,20,101,23.366666666666667,0.23191693425178528,0.29169351998832765
COHFACE_s37_session3_natural,20,102,23.4,0.29059725999832153,0.17510720597182663
COHFACE_s37_session3_natural,20,103,23.433333333333334,0.3460210859775543,0.011426897588894546
COHFACE_s37_session3_natural,20,104,23.466666666666665,0.2967519760131836,-0.1681367730469088
COHFACE_s37_session3_natural,20,105,23.5,0.1438838392496109,-0.3341855062127614
COHFACE_s37_session3_natural,20,106,23.533333333333335,-0.05954846739768982,-0.46215023733593913
COHFACE_s37_session3_natural,20,107,23.566666666666666,-0.2665579319000244,-0.5340557764671672
COHFACE_s37_session3_natural,20,108,23.6,-0.4550403952598572,-0.5400706534764537
COHFACE_s37_session3_natural,20,109,23.633333333333333,-0.6127116084098816,-0.4807476843987668
COHFACE_s37_session3_natural,20,110,23.666666666666668,-0.737704336643219,-0.3691433242637651
COHFACE_s37_session3_natural,20,111,23.7,-0.8307920098304749,-0.23050348418554575
COHFACE_s37_session3_natural,20,112,23.733333333333334,-0.8897615075111389,-0.09779678226890202
COHFACE_s37_session3_natural,20,113,23.766666666666666,-0.9212266206741333,-0.0035352110899455917
COHFACE_s37_session3_natural,20,114,23.8,-0.9484984278678894,0.029626823008840675
COHFACE_s37_session3_natural,20,115,23.833333333333332,-0.9797120690345764,-0.0037975322263126615
COHFACE_s37_session3_natural,20,116,23.866666666666667,-1.023524284362793,-0.0895330977311753
COHFACE_s37_session3_natural,20,117,23.9,-1.0637719631195068,-0.19663291668517324
COHFACE_s37_session3_natural,20,118,23.933333333333334,-0.8730765581130981,-0.2854641650206294
COHFACE_s37_session3_natural,20,119,23.966666666666665,-0.0014087852323427796,-0.31856524312375173
COHFACE_s37_session3_natural,20,120,24.0,1.159976601600647,-0.27178986580648795
COHFACE_s37_session3_natural,20,121,24.033333333333335,1.7947478294372559,-0.14290686392667404
COHFACE_s37_session3_natural,20,122,24.066666666666666,1.812941551208496,0.04528454077739251
COHFACE_s37_session3_natural,20,123,24.1,1.5174338817596436,0.24966234559472933
COHFACE_s37_session3_natural,20,124,24.133333333333333,1.1075578927993774,0.41959052638711036
COHFACE_s37_session3_natural,20,125,24.166666666666668,0.6484882831573486,0.5144196330786555
COHFACE_s37_session3_natural,20,126,24.2,0.2603455185890198,0.5184725035734624
COHFACE_s37_session3_natural,20,127,24.233333333333334,0.109093077480793,0.4459879355484474
COHFACE_s37_session3_natural,20,128,24.266666666666666,0.16628974676132202,0.3334244734797915
COHFACE_s37_session3_natural,20,129,24.3,0.24861449003219604,0.22334971729518377
COHFACE_s37_session3_natural,20,130,24.333333333333332,0.23227527737617493,0.14807356257048335
COHFACE_s37_session3_natural,20,131,24.366666666666667,0.10759683698415756,0.12026393616138749
COHFACE_s37_session3_natural,20,132,24.4,-0.08255161345005035,0.13310751724613337
COHFACE_s37_session3_natural,20,133,24.433333333333334,-0.28609079122543335,0.16745579785847017
COHFACE_s37_session3_natural,20,134,24.466666666666665,-0.47089552879333496,0.20094360928715913
COHFACE_s37_session3_natural,20,135,24.5,-0.6320244073867798,0.21495673799495557
COHFACE_s37_session3_natural,20,136,24.533333333333335,-0.7554266452789307,0.19813425511145472
COHFACE_s37_session3_natural,20,137,24.566666666666666,-0.8347840309143066,0.14738810919095188
COHFACE_s37_session3_natural,20,138,24.6,-0.8873725533485413,0.06767041530273762
COHFACE_s37_session3_natural,20,139,24.633333333333333,-0.9227731227874756,-0.029250360900717476
COHFACE_s37_session3_natural,20,140,24.666666666666668,-0.9546594023704529,-0.1273040982061391
COHFACE_s37_session3_natural,20,141,24.7,-0.9907829761505127,-0.20982430410748584
COHFACE_s37_session3_natural,20,142,24.733333333333334,-0.9401496648788452,-0.2634480760819475
COHFACE_s37_session3_natural,20,143,24.766666666666666,-0.410341739654541,-0.28081350161589935
COHFACE_s37_session3_natural,20,144,24.8,0.6435091495513916,-0.26132937958476987
COHFACE_s37_session3_natural,20,145,24.833333333333332,1.4612053632736206,-0.21043249274665402
COHFACE_s37_session3_natural,20,146,24.866666666666667,1.6459472179412842,-0.13832988905457838
COHFACE_s37_session3_natural,20,147,24.9,1.408591628074646,-0.05873445064256444
COHFACE_s37_session3_natural,20,148,24.933333333333334,1.012716293334961,0.012991519363582704
COHFACE_s37_session3_natural,20,149,24.966666666666665,0.5649375915527344,0.06305817599719606
COHFACE_s37_session3_natural,20,150,25.0,0.14341233670711517,0.08321234638317333
COHFACE_s37_session3_natural,20,151,25.033333333333335,-0.06196257099509239,0.07351820901571864
COHFACE_s37_session3_natural,20,152,25.066666666666666,-0.005884937476366758,0.04247881537380991
COHFACE_s37_session3_natural,20,153,25.1,0.11661200225353241,0.004484851572322047
COHFACE_s37_session3_natural,20,154,25.133333333333333,0.14539894461631775,-0.024428414318779363
COHFACE_s37_session3_natural,20,155,25.166666666666668,0.050463028252124786,-0.03128291269946196
COHFACE_s37_session3_natural,20,156,25.2,-0.12323305010795593,-0.010160035033035386
COHFACE_s37_session3_natural,20,157,25.233333333333334,-0.32247838377952576,0.03556033243216046
COHFACE_s37_session3_natural,20,158,25.266666666666666,-0.5042654871940613,0.0936550568684608
COHFACE_s37_session3_natural,20,159,25.3,-0.6566558480262756,0.1465867031872755
COHFACE_s37_session3_natural,20,160,25.333333333333332,-0.7726271748542786,0.17733438270578622
COHFACE_s37_session3_natural,20,161,25.366666666666667,-0.8507649302482605,0.17552777205739967
COHFACE_s37_session3_natural,20,162,25.4,-0.8985943794250488,0.141345267803867
COHFACE_s37_session3_natural,20,163,25.433333333333334,-0.9331462383270264,0.08519593215054586
COHFACE_s37_session3_natural,20,164,25.466666666666665,-0.9683582186698914,0.022839819062061475
COHFACE_s37_session3_natural,20,165,25.5,-0.9527419805526733,-0.03212527763919112
COHFACE_s37_session3_natural,20,166,25.533333333333335,-0.5318076610565186,-0.07461142209841867
COHFACE_s37_session3_natural,20,167,25.566666666666666,0.516762375831604,-0.10953390376487683
COHFACE_s37_session3_natural,20,168,25.6,1.4868048429489136,-0.14742548541261546
COHFACE_s37_session3_natural,20,169,25.633333333333333,1.8091946840286255,-0.19669158368203135
COHFACE_s37_session3_natural,20,170,25.666666666666668,1.6296896934509277,-0.2570828271732699
COHFACE_s37_session3_natural,20,171,25.7,1.2619725465774536,-0.31828083148468095
COHFACE_s37_session3_natural,20,172,25.733333333333334,0.8451309204101562,-0.3644465758791937
COHFACE_s37_session3_natural,20,173,25.766666666666666,0.41219520568847656,-0.38210186166848914
COHFACE_s37_session3_natural,20,174,25.8,0.11664972454309464,-0.36691455771174714
COHFACE_s37_session3_natural,20,175,25.833333333333332,0.0815194770693779,-0.3256973787598039
COHFACE_s37_session3_natural,20,176,25.866666666666667,0.18730628490447998,-0.27266839990864833
COHFACE_s37_session3_natural,20,177,25.9,0.24908599257469177,-0.22213336346894494
COHFACE_s37_session3_natural,20,178,25.933333333333334,0.18293072283267975,-0.18151127924613508
COHFACE_s37_session3_natural,20,179,25.966666666666665,0.014943000860512257,-0.1482121129126846
COHFACE_s37_session3_natural,20,180,26.0,-0.19135606288909912,-0.1116572079024806
COHFACE_s37_session3_natural,20,181,26.033333333333335,-0.39177075028419495,-0.059173083515791064
COHFACE_s37_session3_natural,20,182,26.066666666666666,-0.5599156022071838,0.01705103051297277
COHFACE_s37_session3_natural,20,183,26.1,-0.692603349685669,0.11511405250811782
COHFACE_s37_session3_natural,20,184,26.133333333333333,-0.780127227306366,0.22320149479307358
COHFACE_s37_session3_natural,20,185,26.166666666666668,-0.8295220732688904,0.32455609780744493
COHFACE_s37_session3_natural,20,186,26.2,-0.8641179203987122,0.40512323286425445
COHFACE_s37_session3_natural,20,187,26.233333333333334,-0.8993236422538757,0.4595589698211259
COHFACE_s37_session3_natural,20,188,26.266666666666666,-0.8116614818572998,0.492391414684966
COHFACE_s37_session3_natural,20,189,26.3,-0.15372997522354126,0.514137653045166
COHFACE_s37_session3_natural,20,190,26.333333333333332,1.0118298530578613,0.5348729068467372
COHFACE_s37_session3_natural,20,191,26.366666666666667,1.836686611175537,0.5586152997368978
COHFACE_s37_session3_natural,20,192,26.4,1.982035756111145,0.5807735405524488
COHFACE_s37_session3_natural,20,193,26.433333333333334,1.7227898836135864,0.5891249574587988
COHFACE_s37_session3_natural,20,194,26.466666666666665,1.363289475440979,0.5676683204124521
COHFACE_s37_session3_natural,20,195,26.5,0.9869343638420105,0.5021573861746705
COHFACE_s37_session3_natural,20,196,26.533333333333335,0.5831565260887146,0.38563277236799554
COHFACE_s37_session3_natural,20,197,26.566666666666666,0.29513001441955566,0.2219480589880089
COHFACE_s37_session3_natural,20,198,26.6,0.2368457168340683,0.02563104528383162
COHFACE_s37_session3_natural,20,199,26.633333333333333,0.2992101013660431,-0.18217940460739754
COHFACE_s37_session3_natural,20,200,26.666666666666668,0.3182463049888611,-0.37991545586343295
COHFACE_s37_session3_natural,20,201,26.7,0.2157788872718811,-0.5508800546852775
COHFACE_s37_session3_natural,20,202,26.733333333333334,0.02114800363779068,-0.6854537739709273
COHFACE_s37_session3_natural,20,203,26.766666666666666,-0.19456857442855835,-0.7800352176271754
COHFACE_s37_session3_natural,20,204,26.8,-0.39249998331069946,-0.8342625341144188
COHFACE_s37_session3_natural,20,205,26.833333333333332,-0.5670825242996216,-0.848416642798305
COHFACE_s37_session3_natural,20,206,26.866666666666667,-0.6992484331130981,-0.8219331762422089
COHFACE_s37_session3_natural,20,207,26.9,-0.780491828918457,-0.7529359878435564
COHFACE_s37_session3_natural,20,208,26.933333333333334,-0.8261586427688599,-0.6387005515767917
COHFACE_s37_session3_natural,20,209,26.966666666666665,-0.8698074221611023,-0.47742783350594353
COHFACE_s37_session3_natural,20,210,27.0,-0.9121925830841064,-0.2715875247111736
COHFACE_s37_session3_natural,20,211,27.033333333333335,-0.8073927760124207,-0.03204597660431554
COHFACE_s37_session3_natural,20,212,27.066666666666666,-0.10389506071805954,0.21919956640157573
COHFACE_s37_session3_natural,20,213,27.1,1.0971910953521729,0.4503558556541274
COHFACE_s37_session3_natural,20,214,27.133333333333333,1.9209790229797363,0.6265527079935082
COHFACE_s37_session3_natural,20,215,27.166666666666668,2.040276050567627,0.7202813269519569
COHFACE_s37_session3_natural,20,216,27.2,1.7792887687683105,0.7208872098616563
COHFACE_s37_session3_natural,20,217,27.233333333333334,1.4574458599090576,0.6380090901069236
COHFACE_s37_session3_natural,20,218,27.266666666666666,1.130598783493042,0.49705672582359917
COHFACE_s37_session3_natural,20,219,27.3,0.734735906124115,0.3293103662702851
COHFACE_s37_session3_natural,20,220,27.333333333333332,0.4049088954925537,0.16177134970591459
COHFACE_s37_session3_natural,20,221,27.366666666666667,0.2887803912162781,0.011281876931306192
COHFACE_s37_session3_natural,20,222,27.4,0.30319586396217346,-0.1155241120823577
COHFACE_s37_session3_natural,20,223,27.433333333333334,0.2889878749847412,-0.21805159349967243
COHFACE_s37_session3_natural,20,224,27.466666666666665,0.1715957522392273,-0.29647550408350265
COHFACE_s37_session3_natural,20,225,27.5,-0.02510347217321396,-0.3480763893581682
COHFACE_s37_session3_natural,20,226,27.533333333333335,-0.24509502947330475,-0.36641814044255
COHFACE_s37_session3_natural,20,227,27.566666666666666,-0.44504448771476746,-0.34318097897873573
COHFACE_s37_session3_natural,20,228,27.6,-0.615257740020752,-0.271740773004455
COHFACE_s37_session3_natural,20,229,27.633333333333333,-0.7499634623527527,-0.15136255581449035
COHFACE_s37_session3_natural,20,230,27.666666666666668,-0.844012975692749,0.009315838224208204
COHFACE_s37_session3_natural,20,231,27.7,-0.8978211283683777,0.1910432498707265
COHFACE_s37_session3_natural,20,232,27.733333333333334,-0.9251558184623718,0.3662976827044087
COHFACE_s37_session3_natural,20,233,27.766666666666666,-0.9595001935958862,0.5052719762454556
COHFACE_s37_session3_natural,20,234,27.8,-1.0099637508392334,0.5833945343902309
COHFACE_s37_session3_natural,20,235,27.833333333333332,-1.0568501949310303,0.587095950874532
COHFACE_s37_session3_natural,20,236,27.866666666666667,-0.8690404295921326,0.5156989409763038
COHFACE_s37_session3_natural,20,237,27.9,0.038870297372341156,0.3796353784371305
COHFACE_s37_session3_natural,20,238,27.933333333333334,1.297398328781128,0.19675931639917288
COHFACE_s37_session3_natural,20,239,27.966666666666665,2.0011160373687744,-0.011252544422154563
COHFACE_s37_session3_natural,21,0,21.0,-1.3471086025238037,-0.08631814698668298
COHFACE_s37_session3_natural,21,1,21.033333333333335,-1.3868343830108643,-0.06435445582486378
COHFACE_s37_session3_natural,21,2,21.066666666666666,-1.4247370958328247,-0.04356401028459186
COHFACE_s37_session3_natural,21,3,21.1,-1.2552783489227295,-0.02100249666290759
COHFACE_s37_session3_natural,21,4,21.133333333333333,-0.2874550223350525,0.012335494532661013
COHFACE_s37_session3_natural,21,5,21.166666666666668,1.1897128820419312,0.06637821762970181
COHFACE_s37_session3_natural,21,6,21.2,2.117037057876587,0.14269450222533506
COHFACE_s37_session3_natural,21,7,21.233333333333334,2.280416488647461,0.22681293573606942
COHFACE_s37_session3_natural,21,8,21.266666666666666,2.055911064147949,0.28819542447828184
COHFACE_s37_session3_natural,21,9,21.3,1.7218971252441406,0.2901919366823845
COHFACE_s37_session3_natural,21,10,21.333333333333332,1.3616863489151,0.2064805586946752
COHFACE_s37_session3_natural,21,11,21.366666666666667,0.9615108370780945,0.03615969450681112
COHFACE_s37_session3_natural,21,12,21.4,0.6230835914611816,-0.1903774681609194
COHFACE_s37_session3_natural,21,13,21.433333333333334,0.4734971225261688,-0.41851929468883703
COHFACE_s37_session3_natural,21,14,21.466666666666665,0.4651106297969818,-0.5871503500067522
COHFACE_s37_session3_natural,21,15,21.5,0.4617723524570465,-0.6496688041052875
COHFACE_s37_session3_natural,21,16,21.533333333333335,0.3766123056411743,-0.5893720889626902
COHFACE_s37_session3_natural,21,17,21.566666666666666,0.19820748269557953,-0.4229407952658693
COHFACE_s37_session3_natural,21,18,21.6,-0.029875099658966064,-0.19146026062323
COHFACE_s37_session3_natural,21,19,21.633333333333333,-0.2611576318740845,0.05598957287702369
COHFACE_s37_session3_natural,21,20,21.666666666666668,-0.4722785949707031,0.27863775462287815
COHFACE_s37_session3_natural,21,21,21.7,-0.6483007669448853,0.4539768675847181
COHFACE_s37_session3_natural,21,22,21.733333333333334,-0.7857852578163147,0.5789860328737098
COHFACE_s37_session3_natural,21,23,21.766666666666666,-0.883204460144043,0.6643624664061595
COHFACE_s37_session3_natural,21,24,21.8,-0.9469707608222961,0.7258236521041477
COHFACE_s37_session3_natural,21,25,21.833333333333332,-0.996088981628418,0.7763738410214333
COHFACE_s37_session3_natural,21,26,21.866666666666667,-1.0410014390945435,0.82150409766946
COHFACE_s37_session3_natural,21,27,21.9,-1.0850273370742798,0.8573431321556946
COHFACE_s37_session3_natural,21,28,21.933333333333334,-1.1297763586044312,0.8711176483647409
COHFACE_s37_session3_natural,21,29,21.966666666666665,-1.175902009010315,0.8436561428381172
COHFACE_s37_session3_natural,21,30,22.0,-1.2254602909088135,0.7540118503221241
COHFACE_s37_session3_natural,21,31,22.033333333333335,-1.2842789888381958,0.585807081377712
COHFACE_s37_session3_natural,21,32,22.066666666666666,-1.3461278676986694,0.3337003429889478
COHFACE_s37_session3_natural,21,33,22.1,-1.2396243810653687,0.00761372808784975
COHFACE_s37_session3_natural,21,34,22.133333333333333,-0.4172508418560028,-0.36702556129571223
COHFACE_s37_session3_natural,21,35,22.166666666666668,0.9799246788024902,-0.7532906624804303
COHFACE_s37_session3_natural,21,36,22.2,1.9276618957519531,-1.1098755424494533
COHFACE_s37_session3_natural,21,37,22.233333333333334,2.124964714050293,-1.3991614184805516
COHFACE_s37_session3_natural,21,38,22.266666666666666,1.902357816696167,-1.5935452543973474
COHFACE_s37_session3_natural,21,39,22.3,1.540122628211975,-1.6780320991952586
COHFACE_s37_session3_natural,21,40,22.333333333333332,1.1408334970474243,-1.6491145376154217
COHFACE_s37_session3_natural,21,41,22.366666666666667,0.714794397354126,-1.5120093516520716
COHFACE_s37_session3_natural,21,42,22.4,0.3924988806247711,-1.278856333361269
COHFACE_s37_session3_natural,21,43,22.433333333333334,0.28568732738494873,-0.9690787608674768
COHFACE_s37_session3_natural,21,44,22.466666666666665,0.318101704120636,-0.6106126303687262
COHFACE_s37_session3_natural,21,45,22.5,0.33512619137763977,-0.23897181002188683
COHFACE_s37_session3_natural,21,46,22.533333333333335,0.2527637183666229,0.10828795030017263
COHFACE_s37_session3_natural,21,47,22.566666666666666,0.08927729725837708,0.4010741081254641
COHFACE_s37_session3_natural,21,48,22.6,-0.12040401995182037,0.6258091471926601
COHFACE_s37_session3_natural,21,49,22.633333333333333,-0.3417723774909973,0.7884439557680373
COHFACE_s37_session3_natural,21,50,22.666666666666668,-0.5373462438583374,0.9090089127828417
COHFACE_s37_session3_natural,21,51,22.7,-0.6985254883766174,1.0101439654365467
COHFACE_s37_session3_natural,21,52,22.733333333333334,-0.8251968026161194,1.104968605770231
COHFACE_s37_session3_natural,21,53,22.766666666666666,-0.918215274810791,1.189595473623627
COHFACE_s37_session3_natural,21,54,22.8,-0.9841064810752869,1.2433159523896236
COHFACE_s37_session3_natural,21,55,22.833333333333332,-1.024442195892334,1.2360965050328052
COHFACE_s37_session3_natural,21,56,22.866666666666667,-1.0530718564987183,1.1399914483408822
COHFACE_s37_session3_natural,21,57,22.9,-1.0838958024978638,0.9401953734687302
COHFACE_s37_session3_natural,21,58,22.933333333333334,-1.114763617515564,0.6429769331301781
COHFACE_s37_session3_natural,21,59,22.966666666666665,-1.156803011894226,0.2790756381512613
COHFACE_s37_session3_natural,21,60,23.0,-1.2126353979110718,-0.09931370330050474
COHFACE_s37_session3_natural,21,61,23.033333333333335,-1.2103219032287598,-0.4294694379526752
COHFACE_s37_session3_natural,21,62,23.066666666666666,-0.7179766297340393,-0.6549848127395803
COHFACE_s37_session3_natural,21,63,23.1,0.5154296159744263,-0.7424387630575335
COHFACE_s37_session3_natural,21,64,23.133333333333333,1.6283884048461914,-0.6909288667041438
COHFACE_s37_session3_natural,21,65,23.166666666666668,2.0169837474823,-0.5306511700126397
COHFACE_s37_session3_natural,21,66,23.2,1.8810395002365112,-0.31197816829730857
COHFACE_s37_session3_natural,21,67,23.233333333333334,1.5328929424285889,-0.09040915296175857
COHFACE_s37_session3_natural,21,68,23.266666666666666,1.1203891038894653,0.08695161339359012
COHFACE_s37_session3_natural,21,69,23.3,0.6782307624816895,0.1900017694761048
COHFACE_s37_session3_natural,21,70,23.333333333333332,0.3364778161048889,0.20848002057466009
COHFACE_s37_session3_natural,21,71,23.366666666666667,0.23191693425178528,0.15004977608231115
COHFACE_s37_session3_natural,21,72,23.4,0.29059725999832153,0.035648051937766184
COHFACE_s37_session3_natural,21,73,23.433333333333334,0.3460210859775543,-0.1060992547087354
COHFACE_s37_session3_natural,21,74,23.466666666666665,0.2967519760131836,-0.24475797108744496
COHFACE_s37_session3_natural,21,75,23.5,0.1438838392496109,-0.3541614577615121
COHFACE_s37_session3_natural,21,76,23.533333333333335,-0.05954846739768982,-0.41764106440152804
COHFACE_s37_session3_natural,21,77,23.566666666666666,-0.2665579319000244,-0.4305061869199923
COHFACE_s37_session3_natural,21,78,23.6,-0.4550403952598572,-0.3987327097017879
COHFACE_s37_session3_natural,21,79,23.633333333333333,-0.6127116084098816,-0.3347942167260664
COHFACE_s37_session3_natural,21,80,23.666666666666668,-0.737704336643219,-0.2530033966862783
COHFACE_s37_session3_natural,21,81,23.7,-0.8307920098304749,-0.16659113720759502
COHFACE_s37_session3_natural,21,82,23.733333333333334,-0.8897615075111389,-0.0871214008515834
COHFACE_s37_session3_natural,21,83,23.766666666666666,-0.9212266206741333,-0.02499105918101631
COHFACE_s37_session3_natural,21,84,23.8,-0.9484984278678894,0.010930995485235373
COHFACE_s37_session3_natural,21,85,23.833333333333332,-0.9797120690345764,0.01564614510407868
COHFACE_s37_session3_natural,21,86,23.866666666666667,-1.023524284362793,-0.008306366602364203
COHFACE_s37_session3_natural,21,87,23.9,-1.0637719631195068,-0.0481438831054016
COHFACE_s37_session3_natural,21,88,23.933333333333334,-0.8730765581130981,-0.08180932285941206
COHFACE_s37_session3_natural,21,89,23.966666666666665,-0.0014087852323427796,-0.08408776730276388
COHFACE_s37_session3_natural,21,90,24.0,1.159976601600647,-0.03675942407110362
COHFACE_s37_session3_natural,21,91,24.033333333333335,1.7947478294372559,0.06120622338429482
COHFACE_s37_session3_natural,21,92,24.066666666666666,1.812941551208496,0.18897224663976858
COHFACE_s37_session3_natural,21,93,24.1,1.5174338817596436,0.30870107979711303
COHFACE_s37_session3_natural,21,94,24.133333333333333,1.1075578927993774,0.37926758501218893
COHFACE_s37_session3_natural,21,95,24.166666666666668,0.6484882831573486,0.3730118420898236
COHFACE_s37_session3_natural,21,96,24.2,0.2603455185890198,0.28761258524589983
COHFACE_s37_session3_natural,21,97,24.233333333333334,0.109093077480793,0.1473434383364346
COHFACE_s37_session3_natural,21,98,24.266666666666666,0.16628974676132202,-0.006682276897910882
COHFACE_s37_session3_natural,21,99,24.3,0.24861449003219604,-0.13227250839219212
COHFACE_s37_session3_natural,21,100,24.333333333333332,0.23227527737617493,-0.2005244805232367
COHFACE_s37_session3_natural,21,101,24.366666666666667,0.10759683698415756,-0.20304736399463735
COHFACE_s37_session3_natural,21,102,24.4,-0.08255161345005035,-0.15069883538438086
COHFACE_s37_session3_natural,21,103,24.433333333333334,-0.28609079122543335,-0.06658557578839654
COHFACE_s37_session3_natural,21,104,24.466666666666665,-0.47089552879333496,0.02258150177822682
COHFACE_s37_session3_natural,21,105,24.5,-0.6320244073867798,0.09372256288324282
COHFACE_s37_session3_natural,21,106,24.533333333333335,-0.7554266452789307,0.13188404270920379
COHFACE_s37_session3_natural,21,107,24.566666666666666,-0.8347840309143066,0.1319916473768497
COHFACE_s37_session3_natural,21,108,24.6,-0.8873725533485413,0.09843223396908812
COHFACE_s37_session3_natural,21,109,24.633333333333333,-0.9227731227874756,0.04298493462515375
COHFACE_s37_session3_natural,21,110,24.666666666666668,-0.9546594023704529,-0.018585280706244878
COHFACE_s37_session3_natural,21,111,24.7,-0.9907829761505127,-0.07078681334441451
COHFACE_s37_session3_natural,21,112,24.733333333333334,-0.9401496648788452,-0.10241082024471161
COHFACE_s37_session3_natural,21,113,24.766666666666666,-0.410341739654541,-0.1088496351133025
COHFACE_s37_session3_natural,21,114,24.8,0.6435091495513916,-0.09188738818143054
COHFACE_s37_session3_natural,21,115,24.833333333333332,1.4612053632736206,-0.05741810766506053
COHFACE_s37_session3_natural,21,116,24.866666666666667,1.6459472179412842,-0.012642560339948757
COHFACE_s37_session3_natural,21,117,24.9,1.408591628074646,0.035770194932329025
COHFACE_s37_session3_natural,21,118,24.933333333333334,1.012716293334961,0.08237505465643102
COHFACE_s37_session3_natural,21,119,24.966666666666665,0.5649375915527344,0.12342519263832538
COHFACE_s37_session3_natural,21,120,25.0,0.14341233670711517,0.1577388697233772
COHFACE_s37_session3_natural,21,121,25.033333333333335,-0.06196257099509239,0.18741693055073216
COHFACE_s37_session3_natural,21,122,25.066666666666666,-0.005884937476366758,0.21722384156497143
COHFACE_s37_session3_natural,21,123,25.1,0.11661200225353241,0.2520095230430225
COHFACE_s37_session3_natural,21,124,25.133333333333333,0.14539894461631775,0.2930260570363086
COHFACE_s37_session3_natural,21,125,25.166666666666668,0.050463028252124786,0.33512368199182485
COHFACE_s37_session3_natural,21,126,25.2,-0.12323305010795593,0.3665797087718735
COHFACE_s37_session3_natural,21,127,25.233333333333334,-0.32247838377952576,0.37206816487141986
COHFACE_s37_session3_natural,21,128,25.266666666666666,-0.5042654871940613,0.33790341523355644
COHFACE_s37_session3_natural,21,129,25.3,-0.6566558480262756,0.2576201246987059
COHFACE_s37_session3_natural,21,130,25.333333333333332,-0.7726271748542786,0.13547953850706804
COHFACE_s37_session3_natural,21,131,25.366666666666667,-0.8507649302482605,-0.013871110431820178
COHFACE_s37_session3_natural,21,132,25.4,-0.8985943794250488,-0.16960126458606864
COHFACE_s37_session3_natural,21,133,25.433333333333334,-0.9331462383270264,-0.3109607595405316
COHFACE_s37_session3_natural,21,134,25.466666666666665,-0.9683582186698914,-0.4230293863914694
COHFACE_s37_session3_natural,21,135,25.5,-0.9527419805526733,-0.49973106669331907
COHFACE_s37_session3_natural,21,136,25.533333333333335,-0.5318076610565186,-0.5430083269549425
COHFACE_s37_session3_natural,21,137,25.566666666666666,0.516762375831604,-0.5587893290308013
COHFACE_s37_session3_natural,21,138,25.6,1.4868048429489136,-0.5522014406561114
COHFACE_s37_session3_natural,21,139,25.633333333333333,1.8091946840286255,-0.5249913257726908
COHFACE_s37_session3_natural,21,140,25.666666666666668,1.6296896934509277,-0.47654350335452317
COHFACE_s37_session3_natural,21,141,25.7,1.2619725465774536,-0.40744658609974327
COHFACE_s37_session3_natural,21,142,25.733333333333334,0.8451309204101562,-0.3230148770215519
COHFACE_s37_session3_natural,21,143,25.766666666666666,0.41219520568847656,-0.2342951095787274
COHFACE_s37_session3_natural,21,144,25.8,0.11664972454309464,-0.1556073283789597
COHFACE_s37_session3_natural,21,145,25.833333333333332,0.0815194770693779,-0.09963674396805204
COHFACE_s37_session3_natural,21,146,25.866666666666667,0.18730628490447998,-0.07240431562668097
COHFACE_s37_session3_natural,21,147,25.9,0.24908599257469177,-0.07039321959744704
COHFACE_s37_session3_natural,21,148,25.933333333333334,0.18293072283267975,-0.08085464172926426
COHFACE_s37_session3_natural,21,149,25.966666666666665,0.014943000860512257,-0.08503679835541722
COHFACE_s37_session3_natural,21,150,26.0,-0.19135606288909912,-0.06360521633066248
COHFACE_s37_session3_natural,21,151,26.033333333333335,-0.39177075028419495,-0.0031568009250435374
COHFACE_s37_session3_natural,21,152,26.066666666666666,-0.5599156022071838,0.09819851258523486
COHFACE_s37_session3_natural,21,153,26.1,-0.692603349685669,0.22884395543937908
COHFACE_s37_session3_natural,21,154,26.133333333333333,-0.780127227306366,0.36703221523024193
COHFACE_s37_session3_natural,21,155,26.166666666666668,-0.8295220732688904,0.4889128663448678
COHFACE_s37_session3_natural,21,156,26.2,-0.8641179203987122,0.5775789189582546
COHFACE_s37_session3_natural,21,157,26.233333333333334,-0.8993236422538757,0.6284623464167115
COHFACE_s37_session3_natural,21,158,26.266666666666666,-0.8116614818572998,0.6484879113728685
COHFACE_s37_session3_natural,21,159,26.3,-0.15372997522354126,0.6500183330605637
COHFACE_s37_session3_natural,21,160,26.333333333333332,1.0118298530578613,0.643236896014946
COHFACE_s37_session3_natural,21,161,26.366666666666667,1.836686611175537,0.6308627348481545
COHFACE_s37_session3_natural,21,162,26.4,1.982035756111145,0.607201296036622
COHFACE_s37_session3_natural,21,163,26.433333333333334,1.7227898836135864,0.5610941038655283
COHFACE_s37_session3_natural,21,164,26.466666666666665,1.363289475440979,0.4809077538491731
COHFACE_s37_session3_natural,21,165,26.5,0.9869343638420105,0.35948997293473234
COHFACE_s37_session3_natural,21,166,26.533333333333335,0.5831565260887146,0.19749315337489354
COHFACE_s37_session3_natural,21,167,26.566666666666666,0.29513001441955566,0.00425760378207536
COHFACE_s37_session3_natural,21,168,26.6,0.2368457168340683,-0.20368167221043462
COHFACE_s37_session3_natural,21,169,26.633333333333333,0.2992101013660431,-0.4057070329052361
COHFACE_s37_session3_natural,21,170,26.666666666666668,0.3182463049888611,-0.5808057605911807
COHFACE_s37_session3_natural,21,171,26.7,0.2157788872718811,-0.7110664801474142
COHFACE_s37_session3_natural,21,172,26.733333333333334,0.02114800363779068,-0.784807655812716
COHFACE_s37_session3_natural,21,173,26.766666666666666,-0.19456857442855835,-0.7992352016640648
COHFACE_s37_session3_natural,21,174,26.8,-0.39249998331069946,-0.7617604513639546
COHFACE_s37_session3_natural,21,175,26.833333333333332,-0.5670825242996216,-0.6885556175220634
COHFACE_s37_session3_natural,21,176,26.866666666666667,-0.6992484331130981,-0.5996840817220569
COHFACE_s37_session3_natural,21,177,26.9,-0.780491828918457,-0.5119946028696135
COHFACE_s37_session3_natural,21,178,26.933333333333334,-0.8261586427688599,-0.432757063370322
COHFACE_s37_session3_natural,21,179,26.966666666666665,-0.8698074221611023,-0.35742859493660983
COHFACE_s37_session3_natural,21,180,27.0,-0.9121925830841064,-0.2733107324717632
COHFACE_s37_session3_natural,21,181,27.033333333333335,-0.8073927760124207,-0.16780243993125846
COHFACE_s37_session3_natural,21,182,27.066666666666666,-0.10389506071805954,-0.03708263214875493
COHFACE_s37_session3_natural,21,183,27.1,1.0971910953521729,0.1096668568706243
COHFACE_s37_session3_natural,21,184,27.133333333333333,1.9209790229797363,0.2530613966633052
COHFACE_s37_session3_natural,21,185,27.166666666666668,2.040276050567627,0.37178408627470755
COHFACE_s37_session3_natural,21,186,27.2,1.7792887687683105,0.45138331295639794
COHFACE_s37_session3_natural,21,187,27.233333333333334,1.4574458599090576,0.48839470702582904
COHFACE_s37_session3_natural,21,188,27.266666666666666,1.130598783493042,0.4879685657218068
COHFACE_s37_session3_natural,21,189,27.3,0.734735906124115,0.4577025184580479
COHFACE_s37_session3_natural,21,190,27.333333333333332,0.4049088954925537,0.4027272883753853
COHFACE_s37_session3_natural,21,191,27.366666666666667,0.2887803912162781,0.3256866151565327
COHFACE_s37_session3_natural,21,192,27.4,0.30319586396217346,0.2310423980319863
COHFACE_s37_session3_natural,21,193,27.433333333333334,0.2889878749847412,0.1294902604897881
COHFACE_s37_session3_natural,21,194,27.466666666666665,0.1715957522392273,0.03813621952750549
COHFACE_s37_session3_natural,21,195,27.5,-0.02510347217321396,-0.024684679783992886
COHFACE_s37_session3_natural,21,196,27.533333333333335,-0.24509502947330475,-0.04695022375651623
COHFACE_s37_session3_natural,21,197,27.566666666666666,-0.44504448771476746,-0.028030020168135904
COHFACE_s37_session3_natural,21,198,27.6,-0.615257740020752,0.021589385183611514
COHFACE_s37_session3_natural,21,199,27.633333333333333,-0.7499634623527527,0.08512937491706989
COHFACE_s37_session3_natural,21,200,27.666666666666668,-0.844012975692749,0.14565047439540288
COHFACE_s37_session3_natural,21,201,27.7,-0.8978211283683777,0.19031374003239157
COHFACE_s37_session3_natural,21,202,27.733333333333334,-0.9251558184623718,0.21159187108183022
COHFACE_s37_session3_natural,21,203,27.766666666666666,-0.9595001935958862,0.20639551216879376
COHFACE_s37_session3_natural,21,204,27.8,-1.0099637508392334,0.17485433346103843
COHFACE_s37_session3_natural,21,205,27.833333333333332,-1.0568501949310303,0.11992662547890585
COHFACE_s37_session3_natural,21,206,27.866666666666667,-0.8690404295921326,0.047921476744851504
COHFACE_s37_session3_natural,21,207,27.9,0.038870297372341156,-0.031035204229556464
COHFACE_s37_session3_natural,21,208,27.933333333333334,1.297398328781128,-0.10408588783152734
COHFACE_s37_session3_natural,21,209,27.966666666666665,2.0011160373687744,-0.15913544692389683
COHFACE_s37_session3_natural,21,210,28.0,2.0206613540649414,-0.18982598822553215
COHFACE_s37_session3_natural,21,211,28.033333333333335,1.7526832818984985,-0.1993798872174518
COHFACE_s37_session3_natural,21,212,28.066666666666666,1.4688876867294312,-0.20054351198826237
COHFACE_s37_session3_natural,21,213,28.1,1.1539980173110962,-0.21068241838590387
COHFACE_s37_session3_natural,21,214,28.133333333333333,0.7561988234519958,-0.2439879003937293
COHFACE_s37_session3_natural,21,215,28.166666666666668,0.43675118684768677,-0.30469257894547425
COHFACE_s37_session3_natural,21,216,28.2,0.3165300190448761,-0.3846464512507585
COHFACE_s37_session3_natural,21,217,28.233333333333334,0.316398024559021,-0.4661586057311079
COHFACE_s37_session3_natural,21,218,28.266666666666666,0.28222334384918213,-0.5283532177413626
COHFACE_s37_session3_natural,21,219,28.3,0.14988137781620026,-0.5538507849545077
COHFACE_s37_session3_natural,21,220,28.333333333333332,-0.056034184992313385,-0.5329666422228552
COHFACE_s37_session3_natural,21,221,28.366666666666667,-0.2768053114414215,-0.4643257539927638
COHFACE_s37_session3_natural,21,222,28.4,-0.48172757029533386,-0.35274760885152634
COHFACE_s37_session3_natural,21,223,28.433333333333334,-0.6546692252159119,-0.20646203599378493
COHFACE_s37_session3_natural,21,224,28.466666666666665,-0.7870489358901978,-0.03561383686850935
COHFACE_s37_session3_natural,21,225,28.5,-0.8756980895996094,0.14732554083539212
COHFACE_s37_session3_natural,21,226,28.533333333333335,-0.9348373413085938,0.3263959835657265
COHFACE_s37_session3_natural,21,227,28.566666666666666,-0.9818432331085205,0.48223033944783583
COHFACE_s37_session3_natural,21,228,28.6,-1.0238637924194336,0.5945436764378108
COHFACE_s37_session3_natural,21,229,28.633333333333333,-1.0634387731552124,0.6465853894253242
COHFACE_s37_session3_natural,21,230,28.666666666666668,-1.0958908796310425,0.6300065794462432
COHFACE_s37_session3_natural,21,231,28.7,-1.1347805261611938,0.5483317695500396
COHFACE_s37_session3_natural,21,232,28.733333333333334,-1.1960636377334595,0.4175991210881272
COHFACE_s37_session3_natural,21,233,28.766666666666666,-1.2661354541778564,0.2636171403555999
COHFACE_s37_session3_natural,21,234,28.8,-1.2165395021438599,0.11644294312715019
COHFACE_s37_session3_natural,21,235,28.833333333333332,-0.5249300003051758,0.0035960947171305396
COHFACE_s37_session3_natural,21,236,28.866666666666667,0.864028811454773,-0.05621063855336487
COHFACE_s37_session3_natural,21,237,28.9,1.930924654006958,-0.05730705580762
COHFACE_s37_session3_natural,21,238,28.933333333333334,2.1963441371917725,-0.008262706948032196
COHFACE_s37_session3_natural,21,239,28.966666666666665,1.999544382095337,0.07030655859035215
COHFACE_s37_session3_natural,22,0,22.0,-1.2254602909088135,-0.038669398649415744
COHFACE_s37_session3_natural,22,1,22.033333333333335,-1.2842789888381958,-0.0705829391462686
COHFACE_s37_session3_natural,22,2,22.066666666666666,-1.3461278676986694,-0.09543603959083671
COHFACE_s37_session3_natural,22,3,22.1,-1.2396243810653687,-0.10655169705676189
COHFACE_s37_session3_natural,22,4,22.133333333333333,-0.4172508418560028,-0.10198370654473775
COHFACE_s37_session3_natural,22,5,22.166666666666668,0.9799246788024902,-0.08777215181249676
COHFACE_s37_session3_natural,22,6,22.2,1.9276618957519531,-0.07987742484084845
COHFACE_s37_session3_natural,22,7,22.233333333333334,2.124964714050293,-0.10183294195468283
COHFACE_s37_session3_natural,22,8,22.266666666666666,1.902357816696167,-0.17666472506284123
COHFACE_s37_session3_natural,22,9,22.3,1.540122628211975,-0.3150390822881906
COHFACE_s37_session3_natural,22,10,22.333333333333332,1.1408334970474243,-0.5047711141954383
COHFACE_s37_session3_natural,22,11,22.366666666666667,0.714794397354126,-0.7078587513740132
COHFACE_s37_session3_natural,22,12,22.4,0.3924988806247711,-0.869007890340746
COHFACE_s37_session3_natural,22,13,22.433333333333334,0.28568732738494873,-0.934273615762949
COHFACE_s37_session3_natural,22,14,22.466666666666665,0.318101704120636,-0.8721296310361858
COHFACE_s37_session3_natural,22,15,22.5,0.33512619137763977,-0.6863782583874872
COHFACE_s37_session3_natural,22,16,22.533333333333335,0.2527637183666229,-0.41380266028547563
COHFACE_s37_session3_natural,22,17,22.566666666666666,0.08927729725837708,-0.10764041508604771
COHFACE_s37_session3_natural,22,18,22.6,-0.12040401995182037,0.1840557991815493
COHFACE_s37_session3_natural,22,19,22.633333333333333,-0.3417723774909973,0.433699007450604
COHFACE_s37_session3_natural,22,20,22.666666666666668,-0.5373462438583374,0.6366485448965439
COHFACE_s37_session3_natural,22,21,22.7,-0.6985254883766174,0.8024430157305986
COHFACE_s37_session3_natural,22,22,22.733333333333334,-0.8251968026161194,0.9414875012437316
COHFACE_s37_session3_natural,22,23,22.766666666666666,-0.918215274810791,1.0544134597031403
COHFACE_s37_session3_natural,22,24,22.8,-0.9841064810752869,1.128458954809665
COHFACE_s37_session3_natural,22,25,22.833333333333332,-1.024442195892334,1.1411488697336511
COHFACE_s37_session3_natural,22,26,22.866666666666667,-1.0530718564987183,1.0684882430236413
COHFACE_s37_session3_natural,22,27,22.9,-1.0838958024978638,0.8942267091529438
COHFACE_s37_session3_natural,22,28,22.933333333333334,-1.114763617515564,0.6181120251312914
COHFACE_s37_session3_natural,22,29,22.966666666666665,-1.156803011894226,0.26190200970155647
COHFACE_s37_session3_natural,22,30,23.0,-1.2126353979110718,-0.12920110670677887
COHFACE_s37_session3_natural,22,31,23.033333333333335,-1.2103219032287598,-0.49278930516434
COHFACE_s37_session3_natural,22,32,23.066666666666666,-0.7179766297340393,-0.7639811042977993
COHFACE_s37_session3_natural,22,33,23.1,0.5154296159744263,-0.8947021200966144
COHFACE_s37_session3_natural,22,34,23.133333333333333,1.6283884048461914,-0.8694111971202169
COHFACE_s37_session3_natural,22,35,23.166666666666668,2.0169837474823,-0.7095095773703294
COHFACE_s37_session3_natural,22,36,23.2,1.8810395002365112,-0.4645353601771203
COHFACE_s37_session3_natural,22,37,23.233333333333334,1.5328929424285889,-0.19516654476270137
COHFACE_s37_session3_natural,22,38,23.266666666666666,1.1203891038894653,0.044065839116184
COHFACE_s37_session3_natural,22,39,23.3,0.6782307624816895,0.21626603311392684
COHFACE_s37_session3_natural,22,40,23.333333333333332,0.3364778161048889,0.3059280303752474
COHFACE_s37_session3_natural,22,41,23.366666666666667,0.23191693425178528,0.31668388363726796
COHFACE_s37_session3_natural,22,42,23.4,0.29059725999832153,0.266101479171314
COHFACE_s37_session3_natural,22,43,23.433333333333334,0.3460210859775543,0.17970354589288312
COHFACE_s37_session3_natural,22,44,23.466666666666665,0.2967519760131836,0.08476667638522911
COHFACE_s37_session3_natural,22,45,23.5,0.1438838392496109,0.003871631162398326
COHFACE_s37_session3_natural,22,46,23.533333333333335,-0.05954846739768982,-0.050786077989719756
COHFACE_s37_session3_natural,22,47,23.566666666666666,-0.2665579319000244,-0.08012494017808564
COHFACE_s37_session3_natural,22,48,23.6,-0.4550403952598572,-0.09614595827886233
COHFACE_s37_session3_natural,22,49,23.633333333333333,-0.6127116084098816,-0.11542165257074284
COHFACE_s37_session3_natural,22,50,23.666666666666668,-0.737704336643219,-0.15090471936982328
COHFACE_s37_session3_natural,22,51,23.7,-0.8307920098304749,-0.20609445878552665
COHFACE_s37_session3_natural,22,52,23.733333333333334,-0.8897615075111389,-0.2744711577133109
COHFACE_s37_session3_natural,22,53,23.766666666666666,-0.9212266206741333,-0.34407418839688253
COHFACE_s37_session3_natural,22,54,23.8,-0.9484984278678894,-0.4039127575367574
COHFACE_s37_session3_natural,22,55,23.833333333333332,-0.9797120690345764,-0.44787746143019386
COHFACE_s37_session3_natural,22,56,23.866666666666667,-1.023524284362793,-0.47395653797168613
COHFACE_s37_session3_natural,22,57,23.9,-1.0637719631195068,-0.4800891577250333
COHFACE_s37_session3_natural,22,58,23.933333333333334,-0.8730765581130981,-0.46029009179458774
COHFACE_s37_session3_natural,22,59,23.966666666666665,-0.0014087852323427796,-0.40447966327648033
COHFACE_s37_session3_natural,22,60,24.0,1.159976601600647,-0.3030519791182446
COHFACE_s37_session3_natural,22,61,24.033333333333335,1.7947478294372559,-0.154164916521303
COHFACE_s37_session3_natural,22,62,24.066666666666666,1.812941551208496,0.030201990309539992
COHFACE_s37_session3_natural,22,63,24.1,1.5174338817596436,0.22331178013877054
COHFACE_s37_session3_natural,22,64,24.133333333333333,1.1075578927993774,0.3896948490162429
COHFACE_s37_session3_natural,22,65,24.166666666666668,0.6484882831573486,0.4966258350719944
COHFACE_s37_session3_natural,22,66,24.2,0.2603455185890198,0.5263395626712707
COHFACE_s37_session3_natural,22,67,24.233333333333334,0.109093077480793,0.48320569624609744
COHFACE_s37_session3_natural,22,68,24.266666666666666,0.16628974676132202,0.39221399705404875
COHFACE_s37_session3_natural,22,69,24.3,0.24861449003219604,0.28934475807329385
COHFACE_s37_session3_natural,22,70,24.333333333333332,0.23227527737617493,0.20834234556512024
COHFACE_s37_session3_natural,22,71,24.366666666666667,0.10759683698415756,0.16978997906034748
COHFACE_s37_session3_natural,22,72,24.4,-0.08255161345005035,0.17645080346086797
COHFACE_s37_session3_natural,22,73,24.433333333333334,-0.28609079122543335,0.21529791737750054
COHFACE_s37_session3_natural,22,74,24.466666666666665,-0.47089552879333496,0.2639117061679926
COHFACE_s37_session3_natural,22,75,24.5,-0.6320244073867798,0.29814915916358115
COHFACE_s37_session3_natural,22,76,24.533333333333335,-0.7554266452789307,0.2988874935233453
COHFACE_s37_session3_natural,22,77,24.566666666666666,-0.8347840309143066,0.25677207440797206
COHFACE_s37_session3_natural,22,78,24.6,-0.8873725533485413,0.17421764899213363
COHFACE_s37_session3_natural,22,79,24.633333333333333,-0.9227731227874756,0.06408255885449102
COHFACE_s37_session3_natural,22,80,24.666666666666668,-0.9546594023704529,-0.054643247626657475
COHFACE_s37_session3_natural,22,81,24.7,-0.9907829761505127,-0.16256247458158243
COHFACE_s37_session3_natural,22,82,24.733333333333334,-0.9401496648788452,-0.24483944355697698
COHFACE_s37_session3_natural,22,83,24.766666666666666,-0.410341739654541,-0.29369053859815425
COHFACE_s37_session3_natural,22,84,24.8,0.6435091495513916,-0.30795697847181475
COHFACE_s37_session3_natural,22,85,24.833333333333332,1.4612053632736206,-0.2908044745405958
COHFACE_s37_session3_natural,22,86,24.866666666666667,1.6459472179412842,-0.2474257761655598
COHFACE_s37_session3_natural,22,87,24.9,1.408591628074646,-0.18405653446285675
COHFACE_s37_session3_natural,22,88,24.933333333333334,1.012716293334961,-0.10794252066363126
COHFACE_s37_session3_natural,22,89,24.966666666666665,0.5649375915527344,-0.026973485218436188
COHFACE_s37_session3_natural,22,90,25.0,0.14341233670711517,0.05135959581036409
COHFACE_s37_session3_natural,22,91,25.033333333333335,-0.06196257099509239,0.12084221344349273
COHFACE_s37_session3_natural,22,92,25.066666666666666,-0.005884937476366758,0.17670543955400042
COHFACE_s37_session3_natural,22,93,25.1,0.11661200225353241,0.2154971848981036
COHFACE_s37_session3_natural,22,94,25.133333333333333,0.14539894461631775,0.2352087308641465
COHFACE_s37_session3_natural,22,95,25.166666666666668,0.050463028252124786,0.2356135074106483
COHFACE_s37_session3_natural,22,96,25.2,-0.12323305010795593,0.21828697308193673
COHFACE_s37_session3_natural,22,97,25.233333333333334,-0.32247838377952576,0.18591693894951203
COHFACE_s37_session3_natural,22,98,25.266666666666666,-0.5042654871940613,0.14119256039652228
COHFACE_s37_session3_natural,22,99,25.3,-0.6566558480262756,0.0860485499070428
COHFACE_s37_session3_natural,22,100,25.333333333333332,-0.7726271748542786,0.021792239637179824
COHFACE_s37_session3_natural,22,101,25.366666666666667,-0.8507649302482605,-0.04996415616898924
COHFACE_s37_session3_natural,22,102,25.4,-0.8985943794250488,-0.12605414352435207
COHFACE_s37_session3_natural,22,103,25.433333333333334,-0.9331462383270264,-0.20098083228550348
COHFACE_s37_session3_natural,22,104,25.466666666666665,-0.9683582186698914,-0.26759864073157336
COHFACE_s37_session3_natural,22,105,25.5,-0.9527419805526733,-0.3195705810634344
COHFACE_s37_session3_natural,22,106,25.533333333333335,-0.5318076610565186,-0.3542695033830706
COHFACE_s37_session3_natural,22,107,25.566666666666666,0.516762375831604,-0.3738110526372442
COHFACE_s37_session3_natural,22,108,25.6,1.4868048429489136,-0.38299394758169997
COHFACE_s37_session3_natural,22,109,25.633333333333333,1.8091946840286255,-0.3852612018690902
COHFACE_s37_session3_natural,22,110,25.666666666666668,1.6296896934509277,-0.37949721541891845
COHFACE_s37_session3_natural,22,111,25.7,1.2619725465774536,-0.36016654847673707
COHFACE_s37_session3_natural,22,112,25.733333333333334,0.8451309204101562,-0.320994008668964
COHFACE_s37_session3_natural,22,113,25.766666666666666,0.41219520568847656,-0.2598414424579093
COHFACE_s37_session3_natural,22,114,25.8,0.11664972454309464,-0.18157325372726243
COHFACE_s37_session3_natural,22,115,25.833333333333332,0.0815194770693779,-0.09695390132250244
COHFACE_s37_session3_natural,22,116,25.866666666666667,0.18730628490447998,-0.018088694973286128
COHFACE_s37_session3_natural,22,117,25.9,0.24908599257469177,0.046998100104105746
COHFACE_s37_session3_natural,22,118,25.933333333333334,0.18293072283267975,0.09763524482237465
COHFACE_s37_session3_natural,22,119,25.966666666666665,0.014943000860512257,0.1399160770338533
COHFACE_s37_session3_natural,22,120,26.0,-0.19135606288909912,0.18267291203423658
COHFACE_s37_session3_natural,22,121,26.033333333333335,-0.39177075028419495,0.23215516002659903
COHFACE_s37_session3_natural,22,122,26.066666666666666,-0.5599156022071838,0.2880135192333046
COHFACE_s37_session3_natural,22,123,26.1,-0.692603349685669,0.34256163544506957
COHFACE_s37_session3_natural,22,124,26.133333333333333,-0.780127227306366,0.384032325330864
COHFACE_s37_session3_natural,22,125,26.166666666666668,-0.8295220732688904,0.4027071654825656
COHFACE_s37_session3_natural,22,126,26.2,-0.8641179203987122,0.39683206059704723
COHFACE_s37_session3_natural,22,127,26.233333333333334,-0.8993236422538757,0.3746992395273436
COHFACE_s37_session3_natural,22,128,26.266666666666666,-0.8116614818572998,0.35117422965112755
COHFACE_s37_session3_natural,22,129,26.3,-0.15372997522354126,0.3401716245054092
COHFACE_s37_session3_natural,22,130,26.333333333333332,1.0118298530578613,0.34704477260250394
COHFACE_s37_session3_natural,22,131,26.366666666666667,1.836686611175537,0.36496349445215637
COHFACE_s37_session3_natural,22,132,26.4,1.982035756111145,0.3770080149546956
COHFACE_s37_session3_natural,22,133,26.433333333333334,1.7227898836135864,0.3627459649752511
COHFACE_s37_session3_natural,22,134,26.466666666666665,1.363289475440979,0.30637745758290275
COHFACE_s37_session3_natural,22,135,26.5,0.9869343638420105,0.203236612541268
COHFACE_s37_session3_natural,22,136,26.533333333333335,0.5831565260887146,0.062023598183467504
COHFACE_s37_session3_natural,22,137,26.566666666666666,0.29513001441955566,-0.09815575470415826
COHFACE_s37_session3_natural,22,138,26.6,0.2368457168340683,-0.25427613646182445
COHFACE_s37_session3_natural,22,139,26.633333333333333,0.2992101013660431,-0.3860427676817837
COHFACE_s37_session3_natural,22,140,26.666666666666668,0.3182463049888611,-0.47997148706827336
COHFACE_s37_session3_natural,22,141,26.7,0.2157788872718811,-0.5303795442206626
COHFACE_s37_session3_natural,22,142,26.733333333333334,0.02114800363779068,-0.5387079976953713
COHFACE_s37_session3_natural,22,143,26.766666666666666,-0.19456857442855835,-0.5127421764318014
COHFACE_s37_session3_natural,22,144,26.8,-0.39249998331069946,-0.4656445780955849
COHFACE_s37_session3_natural,22,145,26.833333333333332,-0.5670825242996216,-0.41334372500013045
COHFACE_s37_session3_natural,22,146,26.866666666666667,-0.6992484331130981,-0.3695461935447536
COHFACE_s37_session3_natural,22,147,26.9,-0.780491828918457,-0.33976938894084757
COHFACE_s37_session3_natural,22,148,26.933333333333334,-0.8261586427688599,-0.3174475218023689
COHFACE_s37_session3_natural,22,149,26.966666666666665,-0.8698074221611023,-0.2850589588247322
COHFACE_s37_session3_natural,22,150,27.0,-0.9121925830841064,-0.22113582925350575
COHFACE_s37_session3_natural,22,151,27.033333333333335,-0.8073927760124207,-0.11087760661501624
COHFACE_s37_session3_natural,22,152,27.066666666666666,-0.10389506071805954,0.04444367477502539
COHFACE_s37_session3_natural,22,153,27.1,1.0971910953521729,0.22434725825534987
COHFACE_s37_session3_natural,22,154,27.133333333333333,1.9209790229797363,0.3946562368080039
COHFACE_s37_session3_natural,22,155,27.166666666666668,2.040276050567627,0.5195908162101052
COHFACE_s37_session3_natural,22,156,27.2,1.7792887687683105,0.5745923418747015
COHFACE_s37_session3_natural,22,157,27.233333333333334,1.4574458599090576,0.5535977421682973
COHFACE_s37_session3_natural,22,158,27.266666666666666,1.130598783493042,0.4680959522176602
COHFACE_s37_session3_natural,22,159,27.3,0.734735906124115,0.34008475475919947
COHFACE_s37_session3_natural,22,160,27.333333333333332,0.4049088954925537,0.19355251303049734
COHFACE_s37_session3_natural,22,161,27.366666666666667,0.2887803912162781,0.0484377619418574
COHFACE_s37_session3_natural,22,162,27.4,0.30319586396217346,-0.08159779754885753
COHFACE_s37_session3_natural,22,163,27.433333333333334,0.2889878749847412,-0.18866119354034622
COHFACE_s37_session3_natural,22,164,27.466666666666665,0.1715957522392273,-0.26909740835622575
COHFACE_s37_session3_natural,22,165,27.5,-0.02510347217321396,-0.3217014038185581
COHFACE_s37_session3_natural,22,166,27.533333333333335,-0.24509502947330475,-0.34536599535303103
COHFACE_s37_session3_natural,22,167,27.566666666666666,-0.44504448771476746,-0.33635950020333183
COHFACE_s37_session3_natural,22,168,27.6,-0.615257740020752,-0.2874316805788267
COHFACE_s37_session3_natural,22,169,27.633333333333333,-0.7499634623527527,-0.1913793555912542
COHFACE_s37_session3_natural,22,170,27.666666666666668,-0.844012975692749,-0.04855284118892453
COHFACE_s37_session3_natural,22,171,27.7,-0.8978211283683777,0.1262184479604849
COHFACE_s37_session3_natural,22,172,27.733333333333334,-0.9251558184623718,0.3027406637379153
COHFACE_s37_session3_natural,22,173,27.766666666666666,-0.9595001935958862,0.44293653196769855
COHFACE_s37_session3_natural,22,174,27.8,-1.0099637508392334,0.5137788408990286
COHFACE_s37_session3_natural,22,175,27.833333333333332,-1.0568501949310303,0.4992791673099217
COHFACE_s37_session3_natural,22,176,27.866666666666667,-0.8690404295921326,0.40597946020178566
COHFACE_s37_session3_natural,22,177,27.9,0.038870297372341156,0.260146659152067
COHFACE_s37_session3_natural,22,178,27.933333333333334,1.297398328781128,0.09854700644287788
COHFACE_s37_session3_natural,22,179,27.966666666666665,2.0011160373687744,-0.043338106039787515
COHFACE_s37_session3_natural,22,180,28.0,2.0206613540649414,-0.1416932070038343
COHFACE_s37_session3_natural,22,181,28.033333333333335,1.7526832818984985,-0.1904617315446908
COHFACE_s37_session3_natural,22,182,28.066666666666666,1.4688876867294312,-0.20167204781164613
COHFACE_s37_session3_natural,22,183,28.1,1.1539980173110962,-0.19996714869888715
COHFACE_s37_session3_natural,22,184,28.133333333333333,0.7561988234519958,-0.2128422466178431
COHFACE_s37_session3_natural,22,185,28.166666666666668,0.43675118684768677,-0.25966089134424314
COHFACE_s37_session3_natural,22,186,28.2,0.3165300190448761,-0.3435728389907302
COHFACE_s37_session3_natural,22,187,28.233333333333334,0.316398024559021,-0.4498176006549544
COHFACE_s37_session3_natural,22,188,28.266666666666666,0.28222334384918213,-0.5511303207851123
COHFACE_s37_session3_natural,22,189,28.3,0.14988137781620026,-0.6175521916090676
COHFACE_s37_session3_natural,22,190,28.333333333333332,-0.056034184992313385,-0.6260030210016378
COHFACE_s37_session3_natural,22,191,28.366666666666667,-0.2768053114414215,-0.5657044773087087
COHFACE_s37_session3_natural,22,192,28.4,-0.48172757029533386,-0.43849560334508897
COHFACE_s37_session3_natural,22,193,28.433333333333334,-0.6546692252159119,-0.25597923311828424
COHFACE_s37_session3_natural,22,194,28.466666666666665,-0.7870489358901978,-0.03621314526062636
COHFACE_s37_session3_natural,22,195,28.5,-0.8756980895996094,0.1986155804184271
COHFACE_s37_session3_natural,22,196,28.533333333333335,-0.9348373413085938,0.4239796413078587
COHFACE_s37_session3_natural,22,197,28.566666666666666,-0.9818432331085205,0.6156654161035525
COHFACE_s37_session3_natural,22,198,28.6,-1.0238637924194336,0.7539935324952881
COHFACE_s37_session3_natural,22,199,28.633333333333333,-1.0634387731552124,0.8286260220439522
COHFACE_s37_session3_natural,22,200,28.666666666666668,-1.0958908796310425,0.8416441923677291
COHFACE_s37_session3_natural,22,201,28.7,-1.1347805261611938,0.8065925431671205
COHFACE_s37_session3_natural,22,202,28.733333333333334,-1.1960636377334595,0.7427904983842255
COHFACE_s37_session3_natural,22,203,28.766666666666666,-1.2661354541778564,0.6667351835086543
COHFACE_s37_session3_natural,22,204,28.8,-1.2165395021438599,0.5845186762648513
COHFACE_s37_session3_natural,22,205,28.833333333333332,-0.5249300003051758,0.48939306882973266
COHFACE_s37_session3_natural,22,206,28.866666666666667,0.864028811454773,0.36636044617979385
COHFACE_s37_session3_natural,22,207,28.9,1.930924654006958,0.20202567418927958
COHFACE_s37_session3_natural,22,208,28.933333333333334,2.1963441371917725,-0.005099584592292104
COHFACE_s37_session3_natural,22,209,28.966666666666665,1.999544382095337,-0.23934067079650118
COHFACE_s37_session3_natural,22,210,29.0,1.7168238162994385,-0.4708069618474358
COHFACE_s37_session3_natural,22,211,29.033333333333335,1.4314062595367432,-0.6653409072719961
COHFACE_s37_session3_natural,22,212,29.066666666666666,1.0589300394058228,-0.7962358279643986
COHFACE_s37_session3_natural,22,213,29.1,0.6687440872192383,-0.8515940543530995
COHFACE_s37_session3_natural,22,214,29.133333333333333,0.4533544182777405,-0.8344172379151444
COHFACE_s37_session3_natural,22,215,29.166666666666668,0.41374173760414124,-0.7573175601430121
COHFACE_s37_session3_natural,22,216,29.2,0.4002881348133087,-0.6365510210690395
COHFACE_s37_session3_natural,22,217,29.233333333333334,0.30489957332611084,-0.4891791148127638
COHFACE_s37_session3_natural,22,218,29.266666666666666,0.12177969515323639,-0.33343816227509676
COHFACE_s37_session3_natural,22,219,29.3,-0.10410881042480469,-0.18909535991076568
COHFACE_s37_session3_natural,22,220,29.333333333333332,-0.33170732855796814,-0.07454971834797569
COHFACE_s37_session3_natural,22,221,29.366666666666667,-0.5331467390060425,-0.000522977710275061
COHFACE_s37_session3_natural,22,222,29.4,-0.6924713253974915,0.03604860710025645
COHFACE_s37_session3_natural,22,223,29.433333333333334,-0.8097628951072693,0.052922739535552765
COHFACE_s37_session3_natural,22,224,29.466666666666665,-0.888422429561615,0.07578237716628225
COHFACE_s37_session3_natural,22,225,29.5,-0.940671443939209,0.1261433864404213
COHFACE_s37_session3_natural,22,226,29.533333333333335,-0.9838361740112305,0.21014545138499438
COHFACE_s37_session3_natural,22,227,29.566666666666666,-1.0280884504318237,0.31442467470290125
COHFACE_s37_session3_natural,22,228,29.6,-1.0760875940322876,0.41105063389918045
COHFACE_s37_session3_natural,22,229,29.633333333333333,-1.1274439096450806,0.4684983911810013
COHFACE_s37_session3_natural,22,230,29.666666666666668,-1.1883372068405151,0.4634256336140614
COHFACE_s37_session3_natural,22,231,29.7,-1.2468667030334473,0.3888714168572132
COHFACE_s37_session3_natural,22,232,29.733333333333334,-1.2927849292755127,0.2567330318967349
COHFACE_s37_session3_natural,22,233,29.766666666666666,-1.3267018795013428,0.09461892130823005
COHFACE_s37_session3_natural,22,234,29.8,-1.3516916036605835,-0.06135817939527381
COHFACE_s37_session3_natural,22,235,29.833333333333332,-1.3722554445266724,-0.17573550794507697
COHFACE_s37_session3_natural,22,236,29.866666666666667,-1.3954975605010986,-0.2227210871262343
COHFACE_s37_session3_natural,22,237,29.9,-1.3653464317321777,-0.19309716902746502
COHFACE_s37_session3_natural,22,238,29.933333333333334,-0.8207583427429199,-0.09708843759290724
COHFACE_s37_session3_natural,22,239,29.966666666666665,0.5942337512969971,0.03801194029764807
COHFACE_s37_session3_natural,23,0,23.0,-1.2126353979110718,0.0037730307393666358
COHFACE_s37_session3_natural,23,1,23.033333333333335,-1.2103219032287598,0.13213920680630303
COHFACE_s37_session3_natural,23,2,23.066666666666666,-0.7179766297340393,0.25397086650531137
COHFACE_s37_session3_natural,23,3,23.1,0.5154296159744263,0.37307159216324054
COHFACE_s37_session3_natural,23,4,23.133333333333333,1.6283884048461914,0.5071212345359289
COHFACE_s37_session3_natural,23,5,23.166666666666668,2.0169837474823,0.6773139209153075
COHFACE_s37_session3_natural,23,6,23.2,1.8810395002365112,0.8895953792307322
COHFACE_s37_session3_natural,23,7,23.233333333333334,1.5328929424285889,1.1192676857769082
COHFACE_s37_session3_natural,23,8,23.266666666666666,1.1203891038894653,1.3104186796437858
COHFACE_s37_session3_natural,23,9,23.3,0.6782307624816895,1.3937154639577949
COHFACE_s37_session3_natural,23,10,23.333333333333332,0.3364778161048889,1.315386551958386
COHFACE_s37_session3_natural,23,11,23.366666666666667,0.23191693425178528,1.0632489200772888
COHFACE_s37_session3_natural,23,12,23.4,0.29059725999832153,0.6766973917945147
COHFACE_s37_session3_natural,23,13,23.433333333333334,0.3460210859775543,0.23546951870077226
COHFACE_s37_session3_natural,23,14,23.466666666666665,0.2967519760131836,-0.16789498081314136
COHFACE_s37_session3_natural,23,15,23.5,0.1438838392496109,-0.4596183748671365
COHFACE_s37_session3_natural,23,16,23.533333333333335,-0.05954846739768982,-0.6067443651284048
COHFACE_s37_session3_natural,23,17,23.566666666666666,-0.2665579319000244,-0.6214498099960896
COHFACE_s37_session3_natural,23,18,23.6,-0.4550403952598572,-0.5484078173509644
COHFACE_s37_session3_natural,23,19,23.633333333333333,-0.6127116084098816,-0.4435557778967334
COHFACE_s37_session3_natural,23,20,23.666666666666668,-0.737704336643219,-0.3545844339197524
COHFACE_s37_session3_natural,23,21,23.7,-0.8307920098304749,-0.3100310472994245
COHFACE_s37_session3_natural,23,22,23.733333333333334,-0.8897615075111389,-0.3180822392053695
COHFACE_s37_session3_natural,23,23,23.766666666666666,-0.9212266206741333,-0.371621020069052
COHFACE_s37_session3_natural,23,24,23.8,-0.9484984278678894,-0.45482658344390947
COHFACE_s37_session3_natural,23,25,23.833333333333332,-0.9797120690345764,-0.5482012080286073
COHFACE_s37_session3_natural,23,26,23.866666666666667,-1.023524284362793,-0.6313038938739793
COHFACE_s37_session3_natural,23,27,23.9,-1.0637719631195068,-0.6840912026195105
COHFACE_s37_session3_natural,23,28,23.933333333333334,-0.8730765581130981,-0.688088180965289
COHFACE_s37_session3_natural,23,29,23.966666666666665,-0.0014087852323427796,-0.6285020818151286
COHFACE_s37_session3_natural,23,30,24.0,1.159976601600647,-0.4983534740958043
COHFACE_s37_session3_natural,23,31,24.033333333333335,1.7947478294372559,-0.30437548412373866
COHFACE_s37_session3_natural,23,32,24.066666666666666,1.812941551208496,-0.07144860388974195
COHFACE_s37_session3_natural,23,33,24.1,1.5174338817596436,0.15923332015059205
COHFACE_s37_session3_natural,23,34,24.133333333333333,1.1075578927993774,0.34052649871757484
COHFACE_s37_session3_natural,23,35,24.166666666666668,0.6484882831573486,0.4352710960637531
COHFACE_s37_session3_natural,23,36,24.2,0.2603455185890198,0.4306100746545743
COHFACE_s37_session3_natural,23,37,24.233333333333334,0.109093077480793,0.34335824848650615
COHFACE_s37_session3_natural,23,38,24.266666666666666,0.16628974676132202,0.21358935869593718
COHFACE_s37_session3_natural,23,39,24.3,0.24861449003219604,0.08977725837160136
COHFACE_s37_session3_natural,23,40,24.333333333333332,0.23227527737617493,0.012682679989326637
COHFACE_s37_session3_natural,23,41,24.366666666666667,0.10759683698415756,0.004657486798127682
COHFACE_s37_session3_natural,23,42,24.4,-0.08255161345005035,0.0668750816426029
COHFACE_s37_session3_natural,23,43,24.433333333333334,-0.28609079122543335,0.18259467461678122
COHFACE_s37_session3_natural,23,44,24.466666666666665,-0.47089552879333496,0.3230227104814993
COHFACE_s37_session3_natural,23,45,24.5,-0.6320244073867798,0.45364664893465845
COHFACE_s37_session3_natural,23,46,24.533333333333335,-0.7554266452789307,0.5409838771446819
COHFACE_s37_session3_natural,23,47,24.566666666666666,-0.8347840309143066,0.5601091182614659
COHFACE_s37_session3_natural,23,48,24.6,-0.8873725533485413,0.5014847563897026
COHFACE_s37_session3_natural,23,49,24.633333333333333,-0.9227731227874756,0.37400871281157994
COHFACE_s37_session3_natural,23,50,24.666666666666668,-0.9546594023704529,0.20224743474660295
COHFACE_s37_session3_natural,23,51,24.7,-0.9907829761505127,0.018756293383946628
COHFACE_s37_session3_natural,23,52,24.733333333333334,-0.9401496648788452,-0.14514944314338507
COHFACE_s37_session3_natural,23,53,24.766666666666666,-0.410341739654541,-0.26648245232183604
COHFACE_s37_session3_natural,23,54,24.8,0.6435091495513916,-0.33375115843144076
COHFACE_s37_session3_natural,23,55,24.833333333333332,1.4612053632736206,-0.34686139980906505
COHFACE_s37_session3_natural,23,56,24.866666666666667,1.6459472179412842,-0.31543013883310567
COHFACE_s37_session3_natural,23,57,24.9,1.408591628074646,-0.2563256775164029
COHFACE_s37_session3_natural,23,58,24.933333333333334,1.012716293334961,-0.1896574037432035
COHFACE_s37_session3_natural,23,59,24.966666666666665,0.5649375915527344,-0.13244097111959705
COHFACE_s37_session3_natural,23,60,25.0,0.14341233670711517,-0.09163135095435754
COHFACE_s37_session3_natural,23,61,25.033333333333335,-0.06196257099509239,-0.060551648673921384
COHFACE_s37_session3_natural,23,62,25.066666666666666,-0.005884937476366758,-0.02202855740624391
COHFACE_s37_session3_natural,23,63,25.1,0.11661200225353241,0.04213940015257211
COHFACE_s37_session3_natural,23,64,25.133333333333333,0.14539894461631775,0.13997751178182138
COHFACE_s37_session3_natural,23,65,25.166666666666668,0.050463028252124786,0.2625611947077214
COHFACE_s37_session3_natural,23,66,25.2,-0.12323305010795593,0.38529307710801153
COHFACE_s37_session3_natural,23,67,25.233333333333334,-0.32247838377952576,0.47631736548386594
COHFACE_s37_session3_natural,23,68,25.266666666666666,-0.5042654871940613,0.5078573483268601
COHFACE_s37_session3_natural,23,69,25.3,-0.6566558480262756,0.4656430396064434
COHFACE_s37_session3_natural,23,70,25.333333333333332,-0.7726271748542786,0.35330173805637455
COHFACE_s37_session3_natural,23,71,25.366666666666667,-0.8507649302482605,0.19107710412051265
COHFACE_s37_session3_natural,23,72,25.4,-0.8985943794250488,0.01001936625060905
COHFACE_s37_session3_natural,23,73,25.433333333333334,-0.9331462383270264,-0.1565175293604433
COHFACE_s37_session3_natural,23,74,25.466666666666665,-0.9683582186698914,-0.28212701281935815
COHFACE_s37_session3_natural,23,75,25.5,-0.9527419805526733,-0.35512264948983857
COHFACE_s37_session3_natural,23,76,25.533333333333335,-0.5318076610565186,-0.38207525684980914
COHFACE_s37_session3_natural,23,77,25.566666666666666,0.516762375831604,-0.38476683079701207
COHFACE_s37_session3_natural,23,78,25.6,1.4868048429489136,-0.3905051004437462
COHFACE_s37_session3_natural,23,79,25.633333333333333,1.8091946840286255,-0.41911558688959816
COHFACE_s37_session3_natural,23,80,25.666666666666668,1.6296896934509277,-0.47246846962230915
COHFACE_s37_session3_natural,23,81,25.7,1.2619725465774536,-0.5321828776480528
COHFACE_s37_session3_natural,23,82,25.733333333333334,0.8451309204101562,-0.5675726852460558
COHFACE_s37_session3_natural,23,83,25.766666666666666,0.41219520568847656,-0.5505975756613422
COHFACE_s37_session3_natural,23,84,25.8,0.11664972454309464,-0.47046487191188485
COHFACE_s37_session3_natural,23,85,25.833333333333332,0.0815194770693779,-0.34028585379950255
COHFACE_s37_session3_natural,23,86,25.866666666666667,0.18730628490447998,-0.19239510425766992
COHFACE_s37_session3_natural,23,87,25.9,0.24908599257469177,-0.0648160901115232
COHFACE_s37_session3_natural,23,88,25.933333333333334,0.18293072283267975,0.014634382318756984
COHFACE_s37_session3_natural,23,89,25.966666666666665,0.014943000860512257,0.0394565901133
COHFACE_s37_session3_natural,23,90,26.0,-0.19135606288909912,0.026079067391744173
COHFACE_s37_session3_natural,23,91,26.033333333333335,-0.39177075028419495,0.00558427425697447
COHFACE_s37_session3_natural,23,92,26.066666666666666,-0.5599156022071838,0.009604008583466078
COHFACE_s37_session3_natural,23,93,26.1,-0.692603349685669,0.0570444823664774
COHFACE_s37_session3_natural,23,94,26.133333333333333,-0.780127227306366,0.1477741594849907
COHFACE_s37_session3_natural,23,95,26.166666666666668,-0.8295220732688904,0.2657949240385453
COHFACE_s37_session3_natural,23,96,26.2,-0.8641179203987122,0.3893434951809208
COHFACE_s37_session3_natural,23,97,26.233333333333334,-0.8993236422538757,0.5017869247734913
COHFACE_s37_session3_natural,23,98,26.266666666666666,-0.8116614818572998,0.5973180941156934
COHFACE_s37_session3_natural,23,99,26.3,-0.15372997522354126,0.6790129837169648
COHFACE_s37_session3_natural,23,100,26.333333333333332,1.0118298530578613,0.7515048575392501
COHFACE_s37_session3_natural,23,101,26.366666666666667,1.836686611175537,0.813363621522188
COHFACE_s37_session3_natural,23,102,26.4,1.982035756111145,0.8535955619218003
COHFACE_s37_session3_natural,23,103,26.433333333333334,1.7227898836135864,0.8537636069049526
COHFACE_s37_session3_natural,23,104,26.466666666666665,1.363289475440979,0.7943879881586665
COHFACE_s37_session3_natural,23,105,26.5,0.9869343638420105,0.6627266578536826
COHFACE_s37_session3_natural,23,106,26.533333333333335,0.5831565260887146,0.45890035454308015
COHFACE_s37_session3_natural,23,107,26.566666666666666,0.29513001441955566,0.1981825287378525
COHFACE_s37_session3_natural,23,108,26.6,0.2368457168340683,-0.09139666962194501
COHFACE_s37_session3_natural,23,109,26.633333333333333,0.2992101013660431,-0.37534796903850504
COHFACE_s37_session3_natural,23,110,26.666666666666668,0.3182463049888611,-0.6205921252276521
COHFACE_s37_session3_natural,23,111,26.7,0.2157788872718811,-0.8022298154038968
COHFACE_s37_session3_natural,23,112,26.733333333333334,0.02114800363779068,-0.9077841689538768
COHFACE_s37_session3_natural,23,113,26.766666666666666,-0.19456857442855835,-0.938755075208218
COHFACE_s37_session3_natural,23,114,26.8,-0.39249998331069946,-0.909304412405874
COHFACE_s37_session3_natural,23,115,26.833333333333332,-0.5670825242996216,-0.8415632113355824
COHFACE_s37_session3_natural,23,116,26.866666666666667,-0.6992484331130981,-0.7578617342439022
COHFACE_s37_session3_natural,23,117,26.9,-0.780491828918457,-0.6720041011525598
COHFACE_s37_session3_natural,23,118,26.933333333333334,-0.8261586427688599,-0.5833141661495854
COHFACE_s37_session3_natural,23,119,26.966666666666665,-0.8698074221611023,-0.477199180130731
COHFACE_s37_session3_natural,23,120,27.0,-0.9121925830841064,-0.33365138764108115
COHFACE_s37_session3_natural,23,121,27.033333333333335,-0.8073927760124207,-0.1408932285389826
COHFACE_s37_session3_natural,23,122,27.066666666666666,-0.10389506071805954,0.09271490865954247
COHFACE_s37_session3_natural,23,123,27.1,1.0971910953521729,0.33605737288197807
COHFACE_s37_session3_natural,23,124,27.133333333333333,1.9209790229797363,0.54502448186581
COHFACE_s37_session3_natural,23,125,27.166666666666668,2.040276050567627,0.6803722571099634
COHFACE_s37_session3_natural,23,126,27.2,1.7792887687683105,0.7237576359279205
COHFACE_s37_session3_natural,23,127,27.233333333333334,1.4574458599090576,0.6826141778317492
COHFACE_s37_session3_natural,23,128,27.266666666666666,1.130598783493042,0.5819238762139054
COHFACE_s37_session3_natural,23,129,27.3,0.734735906124115,0.4493566629943387
COHFACE_s37_session3_natural,23,130,27.333333333333332,0.4049088954925537,0.30334487720311
COHFACE_s37_session3_natural,23,131,27.366666666666667,0.2887803912162781,0.15048741280437986
COHFACE_s37_session3_natural,23,132,27.4,0.30319586396217346,-0.007816034819965487
COHFACE_s37_session3_natural,23,133,27.433333333333334,0.2889878749847412,-0.1654533955143688
COHFACE_s37_session3_natural,23,134,27.466666666666665,0.1715957522392273,-0.30621575425167485
COHFACE_s37_session3_natural,23,135,27.5,-0.02510347217321396,-0.407201723077252
COHFACE_s37_session3_natural,23,136,27.533333333333335,-0.24509502947330475,-0.4483977887880522
COHFACE_s37_session3_natural,23,137,27.566666666666666,-0.44504448771476746,-0.4213796444306482
COHFACE_s37_session3_natural,23,138,27.6,-0.615257740020752,-0.3319445299569385
COHFACE_s37_session3_natural,23,139,27.633333333333333,-0.7499634623527527,-0.19678875951175326
COHFACE_s37_session3_natural,23,140,27.666666666666668,-0.844012975692749,-0.03795718792460037
COHFACE_s37_session3_natural,23,141,27.7,-0.8978211283683777,0.12137991167793076
COHFACE_s37_session3_natural,23,142,27.733333333333334,-0.9251558184623718,0.25914283361175605
COHFACE_s37_session3_natural,23,143,27.766666666666666,-0.9595001935958862,0.3563420274914086
COHFACE_s37_session3_natural,23,144,27.8,-1.0099637508392334,0.40039680233027103
COHFACE_s37_session3_natural,23,145,27.833333333333332,-1.0568501949310303,0.3892354433578794
COHFACE_s37_session3_natural,23,146,27.866666666666667,-0.8690404295921326,0.33394199253763035
COHFACE_s37_session3_natural,23,147,27.9,0.038870297372341156,0.2574443227942801
COHFACE_s37_session3_natural,23,148,27.933333333333334,1.297398328781128,0.18799206569702379
COHFACE_s37_session3_natural,23,149,27.966666666666665,2.0011160373687744,0.14863664901982093
COHFACE_s37_session3_natural,23,150,28.0,2.0206613540649414,0.14662176209231784
COHFACE_s37_session3_natural,23,151,28.033333333333335,1.7526832818984985,0.1678532039908053
COHFACE_s37_session3_natural,23,152,28.066666666666666,1.4688876867294312,0.18020067877363846
COHFACE_s37_session3_natural,23,153,28.1,1.1539980173110962,0.1455329903165555
COHFACE_s37_session3_natural,23,154,28.133333333333333,0.7561988234519958,0.03586600746071507
COHFACE_s37_session3_natural,23,155,28.166666666666668,0.43675118684768677,-0.1534063285950762
COHFACE_s37_session3_natural,23,156,28.2,0.3165300190448761,-0.39885759089965306
COHFACE_s37_session3_natural,23,157,28.233333333333334,0.316398024559021,-0.6546987091272461
COHFACE_s37_session3_natural,23,158,28.266666666666666,0.28222334384918213,-0.8664197116208922
COHFACE_s37_session3_natural,23,159,28.3,0.14988137781620026,-0.9871435059406365
COHFACE_s37_session3_natural,23,160,28.333333333333332,-0.056034184992313385,-0.9904718622292078
COHFACE_s37_session3_natural,23,161,28.366666666666667,-0.2768053114414215,-0.8752659006800879
COHFACE_s37_session3_natural,23,162,28.4,-0.48172757029533386,-0.6617082573541561
COHFACE_s37_session3_natural,23,163,28.433333333333334,-0.6546692252159119,-0.3819928707838623
COHFACE_s37_session3_natural,23,164,28.466666666666665,-0.7870489358901978,-0.07078916445046878
COHFACE_s37_session3_natural,23,165,28.5,-0.8756980895996094,0.24051635883565356
COHFACE_s37_session3_natural,23,166,28.533333333333335,-0.9348373413085938,0.5249922775673653
COHFACE_s37_session3_natural,23,167,28.566666666666666,-0.9818432331085205,0.759095943505174
COHFACE_s37_session3_natural,23,168,28.6,-1.0238637924194336,0.9228396909690337
COHFACE_s37_session3_natural,23,169,28.633333333333333,-1.0634387731552124,1.0030823778802114
COHFACE_s37_session3_natural,23,170,28.666666666666668,-1.0958908796310425,0.9985526700627722
COHFACE_s37_session3_natural,23,171,28.7,-1.1347805261611938,0.9226154813751672
COHFACE_s37_session3_natural,23,172,28.733333333333334,-1.1960636377334595,0.8000509911887012
COHFACE_s37_session3_natural,23,173,28.766666666666666,-1.2661354541778564,0.6575538346732933
COHFACE_s37_session3_natural,23,174,28.8,-1.2165395021438599,0.512374233684987
COHFACE_s37_session3_natural,23,175,28.833333333333332,-0.5249300003051758,0.3658195933375707
COHFACE_s37_session3_natural,23,176,28.866666666666667,0.864028811454773,0.20590700413627921
COHFACE_s37_session3_natural,23,177,28.9,1.930924654006958,0.018093390630422493
COHFACE_s37_session3_natural,23,178,28.933333333333334,2.1963441371917725,-0.2016639062508858
COHFACE_s37_session3_natural,23,179,28.966666666666665,1.999544382095337,-0.43869771998184776
COHFACE_s37_session3_natural,23,180,29.0,1.7168238162994385,-0.6609794300364512
COHFACE_s37_session3_natural,23,181,29.033333333333335,1.4314062595367432,-0.8297258039475451
COHFACE_s37_session3_natural,23,182,29.066666666666666,1.0589300394058228,-0.9140647807754481
COHFACE_s37_session3_natural,23,183,29.1,0.6687440872192383,-0.9024862393147582
COHFACE_s37_session3_natural,23,184,29.133333333333333,0.4533544182777405,-0.8058233216858488
COHFACE_s37_session3_natural,23,185,29.166666666666668,0.41374173760414124,-0.6513580576184618
COHFACE_s37_session3_natural,23,186,29.2,0.4002881348133087,-0.47237447178097786
COHFACE_s37_session3_natural,23,187,29.233333333333334,0.30489957332611084,-0.2988903563755248
COHFACE_s37_session3_natural,23,188,29.266666666666666,0.12177969515323639,-0.15251018652384213
COHFACE_s37_session3_natural,23,189,29.3,-0.10410881042480469,-0.04451947382123226
COHFACE_s37_session3_natural,23,190,29.333333333333332,-0.33170732855796814,0.02490115941835827
COHFACE_s37_session3_natural,23,191,29.366666666666667,-0.5331467390060425,0.06676730452910849
COHFACE_s37_session3_natural,23,192,29.4,-0.6924713253974915,0.10074311804382131
COHFACE_s37_session3_natural,23,193,29.433333333333334,-0.8097628951072693,0.14814686986996428
COHFACE_s37_session3_natural,23,194,29.466666666666665,-0.888422429561615,0.22232077442177114
COHFACE_s37_session3_natural,23,195,29.5,-0.940671443939209,0.321836324681897
COHFACE_s37_session3_natural,23,196,29.533333333333335,-0.9838361740112305,0.43161005726819
COHFACE_s37_session3_natural,23,197,29.566666666666666,-1.0280884504318237,0.5319121284988608
COHFACE_s37_session3_natural,23,198,29.6,-1.0760875940322876,0.608763076299372
COHFACE_s37_session3_natural,23,199,29.633333333333333,-1.1274439096450806,0.6574780358971445
COHFACE_s37_session3_natural,23,200,29.666666666666668,-1.1883372068405151,0.6769677803864422
COHFACE_s37_session3_natural,23,201,29.7,-1.2468667030334473,0.6604496894571663
COHFACE_s37_session3_natural,23,202,29.733333333333334,-1.2927849292755127,0.5912823521372739
COHFACE_s37_session3_natural,23,203,29.766666666666666,-1.3267018795013428,0.4489061279236541
COHFACE_s37_session3_natural,23,204,29.8,-1.3516916036605835,0.22237421840008884
COHFACE_s37_session3_natural,23,205,29.833333333333332,-1.3722554445266724,-0.07680331932537707
COHFACE_s37_session3_natural,23,206,29.866666666666667,-1.3954975605010986,-0.4107047433447871
COHFACE_s37_session3_natural,23,207,29.9,-1.3653464317321777,-0.7228439564132548
COHFACE_s37_session3_natural,23,208,29.933333333333334,-0.8207583427429199,-0.9541139026245924
COHFACE_s37_session3_natural,23,209,29.966666666666665,0.5942337512969971,-1.0596952736747527
COHFACE_s37_session3_natural,23,210,30.0,1.933998942375183,-1.0212923372473355
COHFACE_s37_session3_natural,23,211,30.033333333333335,2.4358937740325928,-0.8520845228319589
COHFACE_s37_session3_natural,23,212,30.066666666666666,2.321777105331421,-0.5930389543335983
COHFACE_s37_session3_natural,23,213,30.1,2.0133814811706543,-0.3004458835028278
COHFACE_s37_session3_natural,23,214,30.133333333333333,1.7130894660949707,-0.027985271012294845
COHFACE_s37_session3_natural,23,215,30.166666666666668,1.3789119720458984,0.1896678579320619
COHFACE_s37_session3_natural,23,216,30.2,0.9918757677078247,0.34417424955084047
COHFACE_s37_session3_natural,23,217,30.233333333333334,0.7173279523849487,0.44827949279441415
COHFACE_s37_session3_natural,23,218,30.266666666666666,0.6247118711471558,0.5213582373297512
COHFACE_s37_session3_natural,23,219,30.3,0.6029031872749329,0.5744876157798204
COHFACE_s37_session3_natural,23,220,30.333333333333332,0.5316493511199951,0.6037509139523245
COHFACE_s37_session3_natural,23,221,30.366666666666667,0.3698478043079376,0.5950013451158085
COHFACE_s37_session3_natural,23,222,30.4,0.14290310442447662,0.5358320100374365
COHFACE_s37_session3_natural,23,223,30.433333333333334,-0.1003744974732399,0.42632914698516106
COHFACE_s37_session3_natural,23,224,30.466666666666665,-0.32567834854125977,0.2823116882771298
COHFACE_s37_session3_natural,23,225,30.5,-0.5129223465919495,0.13044853779184962
COHFACE_s37_session3_natural,23,226,30.533333333333335,-0.6565049290657043,-0.0008910240296109561
COHFACE_s37_session3_natural,23,227,30.566666666666666,-0.7622603178024292,-0.09044861759091272
COHFACE_s37_session3_natural,23,228,30.6,-0.8339039087295532,-0.13022446840396057
COHFACE_s37_session3_natural,23,229,30.633333333333333,-0.88763028383255,-0.12849211177731817
COHFACE_s37_session3_natural,23,230,30.666666666666668,-0.9395398497581482,-0.10852249154494317
COHFACE_s37_session3_natural,23,231,30.7,-0.9939514994621277,-0.10126992087541792
COHFACE_s37_session3_natural,23,232,30.733333333333334,-1.0513116121292114,-0.1327089396183887
COHFACE_s37_session3_natural,23,233,30.766666666666666,-1.1112618446350098,-0.21054530245367217
COHFACE_s37_session3_natural,23,234,30.8,-1.1716333627700806,-0.3172260847206406
COHFACE_s37_session3_natural,23,235,30.833333333333332,-1.2283521890640259,-0.4143685397548169
COHFACE_s37_session3_natural,23,236,30.866666666666667,-1.2739876508712769,-0.45819196045955446
COHFACE_s37_session3_natural,23,237,30.9,-1.3065025806427002,-0.41934189649440845
COHFACE_s37_session3_natural,23,238,30.933333333333334,-1.3379614353179932,-0.2974631311365954
COHFACE_s37_session3_natural,23,239,30.966666666666665,-1.3735631704330444,-0.12320377904157678
COHFACE_s37_session3_natural,24,0,24.0,1.159976601600647,-0.06450002419628997
COHFACE_s37_session3_natural,24,1,24.033333333333335,1.7947478294372559,0.041144696469932296
COHFACE_s37_session3_natural,24,2,24.066666666666666,1.812941551208496,0.1442001489456943
COHFACE_s37_session3_natural,24,3,24.1,1.5174338817596436,0.24471599196069257
COHFACE_s37_session3_natural,24,4,24.133333333333333,1.1075578927993774,0.34645642519901837
COHFACE_s37_session3_natural,24,5,24.166666666666668,0.6484882831573486,0.45389043745841784
COHFACE_s37_session3_natural,24,6,24.2,0.2603455185890198,0.5668909636115275
COHFACE_s37_session3_natural,24,7,24.233333333333334,0.109093077480793,0.6766490236490658
COHFACE_s37_session3_natural,24,8,24.266666666666666,0.16628974676132202,0.7657630597794186
COHFACE_s37_session3_natural,24,9,24.3,0.24861449003219604,0.8130564738906408
COHFACE_s37_session3_natural,24,10,24.333333333333332,0.23227527737617493,0.8014272871718735
COHFACE_s37_session3_natural,24,11,24.366666666666667,0.10759683698415756,0.7255889749941431
COHFACE_s37_session3_natural,24,12,24.4,-0.08255161345005035,0.5960517322906405
COHFACE_s37_session3_natural,24,13,24.433333333333334,-0.28609079122543335,0.4367743994849675
COHFACE_s37_session3_natural,24,14,24.466666666666665,-0.47089552879333496,0.2767542735859923
COHFACE_s37_session3_natural,24,15,24.5,-0.6320244073867798,0.13915337759979426
COHFACE_s37_session3_natural,24,16,24.533333333333335,-0.7554266452789307,0.03339041310605255
COHFACE_s37_session3_natural,24,17,24.566666666666666,-0.8347840309143066,-0.04573769886394559
COHFACE_s37_session3_natural,24,18,24.6,-0.8873725533485413,-0.112104008326735
COHFACE_s37_session3_natural,24,19,24.633333333333333,-0.9227731227874756,-0.1795467966294838
COHFACE_s37_session3_natural,24,20,24.666666666666668,-0.9546594023704529,-0.25503445696625404
COHFACE_s37_session3_natural,24,21,24.7,-0.9907829761505127,-0.3361058632315055
COHFACE_s37_session3_natural,24,22,24.733333333333334,-0.9401496648788452,-0.41232049384518255
COHFACE_s37_session3_natural,24,23,24.766666666666666,-0.410341739654541,-0.46897247908400147
COHFACE_s37_session3_natural,24,24,24.8,0.6435091495513916,-0.4914453574624414
COHFACE_s37_session3_natural,24,25,24.833333333333332,1.4612053632736206,-0.4694424195667181
COHFACE_s37_session3_natural,24,26,24.866666666666667,1.6459472179412842,-0.400730285504359
COHFACE_s37_session3_natural,24,27,24.9,1.408591628074646,-0.2935093773318298
COHFACE_s37_session3_natural,24,28,24.933333333333334,1.012716293334961,-0.16572850817875087
COHFACE_s37_session3_natural,24,29,24.966666666666665,0.5649375915527344,-0.04027456372677861
COHFACE_s37_session3_natural,24,30,25.0,0.14341233670711517,0.06248630353661241
COHFACE_s37_session3_natural,24,31,25.033333333333335,-0.06196257099509239,0.13122904938669006
COHFACE_s37_session3_natural,24,32,25.066666666666666,-0.005884937476366758,0.16623107046992186
COHFACE_s37_session3_natural,24,33,25.1,0.11661200225353241,0.17731509694712813
COHFACE_s37_session3_natural,24,34,25.133333333333333,0.14539894461631775,0.17859956251691186
COHFACE_s37_session3_natural,24,35,25.166666666666668,0.050463028252124786,0.1823978407917819
COHFACE_s37_session3_natural,24,36,25.2,-0.12323305010795593,0.19443858425248178
COHFACE_s37_session3_natural,24,37,25.233333333333334,-0.32247838377952576,0.21180027839925328
COHFACE_s37_session3_natural,24,38,25.266666666666666,-0.5042654871940613,0.22406762894900023
COHFACE_s37_session3_natural,24,39,25.3,-0.6566558480262756,0.21745566548500048
COHFACE_s37_session3_natural,24,40,25.333333333333332,-0.7726271748542786,0.1809142315814694
COHFACE_s37_session3_natural,24,41,25.366666666666667,-0.8507649302482605,0.11221065699147803
COHFACE_s37_session3_natural,24,42,25.4,-0.8985943794250488,0.02099939385044891
COHFACE_s37_session3_natural,24,43,25.433333333333334,-0.9331462383270264,-0.07362125066026234
COHFACE_s37_session3_natural,24,44,25.466666666666665,-0.9683582186698914,-0.15084214357636333
COHFACE_s37_session3_natural,24,45,25.5,-0.9527419805526733,-0.19758415355327125
COHFACE_s37_session3_natural,24,46,25.533333333333335,-0.5318076610565186,-0.21448926578024005
COHFACE_s37_session3_natural,24,47,25.566666666666666,0.516762375831604,-0.21485833759669623
COHFACE_s37_session3_natural,24,48,25.6,1.4868048429489136,-0.21702268236286004
COHFACE_s37_session3_natural,24,49,25.633333333333333,1.8091946840286255,-0.23454909737664068
COHFACE_s37_session3_natural,24,50,25.666666666666668,1.6296896934509277,-0.26973283290002587
COHFACE_s37_session3_natural,24,51,25.7,1.2619725465774536,-0.3135480439320258
COHFACE_s37_session3_natural,24,52,25.733333333333334,0.8451309204101562,-0.35118022564543394
COHFACE_s37_session3_natural,24,53,25.766666666666666,0.41219520568847656,-0.369243354097965
COHFACE_s37_session3_natural,24,54,25.8,0.11664972454309464,-0.36073020994344757
COHFACE_s37_session3_natural,24,55,25.833333333333332,0.0815194770693779,-0.32605582631870134
COHFACE_s37_session3_natural,24,56,25.866666666666667,0.18730628490447998,-0.2711793543744131
COHFACE_s37_session3_natural,24,57,25.9,0.24908599257469177,-0.20482978429759957
COHFACE_s37_session3_natural,24,58,25.933333333333334,0.18293072283267975,-0.1359099526649681
COHFACE_s37_session3_natural,24,59,25.966666666666665,0.014943000860512257,-0.07101455714698138
COHFACE_s37_session3_natural,24,60,26.0,-0.19135606288909912,-0.012310385876075247
COHFACE_s37_session3_natural,24,61,26.033333333333335,-0.39177075028419495,0.04299738205628164
COHFACE_s37_session3_natural,24,62,26.066666666666666,-0.5599156022071838,0.10045386018903689
COHFACE_s37_session3_natural,24,63,26.1,-0.692603349685669,0.16403411694989786
COHFACE_s37_session3_natural,24,64,26.133333333333333,-0.780127227306366,0.23274668033787757
COHFACE_s37_session3_natural,24,65,26.166666666666668,-0.8295220732688904,0.3012236239361898
COHFACE_s37_session3_natural,24,66,26.2,-0.8641179203987122,0.36389029814853
COHFACE_s37_session3_natural,24,67,26.233333333333334,-0.8993236422538757,0.41900371181811596
COHFACE_s37_session3_natural,24,68,26.266666666666666,-0.8116614818572998,0.4693437299261319
COHFACE_s37_session3_natural,24,69,26.3,-0.15372997522354126,0.5194063231621308
COHFACE_s37_session3_natural,24,70,26.333333333333332,1.0118298530578613,0.5713753962096271
COHFACE_s37_session3_natural,24,71,26.366666666666667,1.836686611175537,0.6224073068089417
COHFACE_s37_session3_natural,24,72,26.4,1.982035756111145,0.664225501639623
COHFACE_s37_session3_natural,24,73,26.433333333333334,1.7227898836135864,0.6844289981067573
COHFACE_s37_session3_natural,24,74,26.466666666666665,1.363289475440979,0.6686703707895945
COHFACE_s37_session3_natural,24,75,26.5,0.9869343638420105,0.6035160535701531
COHFACE_s37_session3_natural,24,76,26.533333333333335,0.5831565260887146,0.4801501795608943
COHFACE_s37_session3_natural,24,77,26.566666666666666,0.29513001441955566,0.2985173772212222
COHFACE_s37_session3_natural,24,78,26.6,0.2368457168340683,0.07037743301471028
COHFACE_s37_session3_natural,24,79,26.633333333333333,0.2992101013660431,-0.1806759858789273
COHFACE_s37_session3_natural,24,80,26.666666666666668,0.3182463049888611,-0.423109341097161
COHFACE_s37_session3_natural,24,81,26.7,0.2157788872718811,-0.6244494808046515
COHFACE_s37_session3_natural,24,82,26.733333333333334,0.02114800363779068,-0.7594737761275558
COHFACE_s37_session3_natural,24,83,26.766666666666666,-0.19456857442855835,-0.8171701238435614
COHFACE_s37_session3_natural,24,84,26.8,-0.39249998331069946,-0.8039189625815328
COHFACE_s37_session3_natural,24,85,26.833333333333332,-0.5670825242996216,-0.7410603000107934
COHFACE_s37_session3_natural,24,86,26.866666666666667,-0.6992484331130981,-0.6568999779954776
COHFACE_s37_session3_natural,24,87,26.9,-0.780491828918457,-0.57565240387276
COHFACE_s37_session3_natural,24,88,26.933333333333334,-0.8261586427688599,-0.507679949182431
COHFACE_s37_session3_natural,24,89,26.966666666666665,-0.8698074221611023,-0.44571492881606806
COHFACE_s37_session3_natural,24,90,27.0,-0.9121925830841064,-0.3699112529566355
COHFACE_s37_session3_natural,24,91,27.033333333333335,-0.8073927760124207,-0.2604319997016996
COHFACE_s37_session3_natural,24,92,27.066666666666666,-0.10389506071805954,-0.11136628305777332
COHFACE_s37_session3_natural,24,93,27.1,1.0971910953521729,0.0621745634884227
COHFACE_s37_session3_natural,24,94,27.133333333333333,1.9209790229797363,0.22848024078381204
COHFACE_s37_session3_natural,24,95,27.166666666666668,2.040276050567627,0.35309363128518095
COHFACE_s37_session3_natural,24,96,27.2,1.7792887687683105,0.41426882411882227
COHFACE_s37_session3_natural,24,97,27.233333333333334,1.4574458599090576,0.41125234931921717
COHFACE_s37_session3_natural,24,98,27.266666666666666,1.130598783493042,0.3612733888715358
COHFACE_s37_session3_natural,24,99,27.3,0.734735906124115,0.2882264387927198
COHFACE_s37_session3_natural,24,100,27.333333333333332,0.4049088954925537,0.21086935786688737
COHFACE_s37_session3_natural,24,101,27.366666666666667,0.2887803912162781,0.13784950771037977
COHFACE_s37_session3_natural,24,102,27.4,0.30319586396217346,0.07130903181177686
COHFACE_s37_session3_natural,24,103,27.433333333333334,0.2889878749847412,0.01447883367429888
COHFACE_s37_session3_natural,24,104,27.466666666666665,0.1715957522392273,-0.02376907474838897
COHFACE_s37_session3_natural,24,105,27.5,-0.02510347217321396,-0.031579899676886874
COHFACE_s37_session3_natural,24,106,27.533333333333335,-0.24509502947330475,-0.0021558541220114405
COHFACE_s37_session3_natural,24,107,27.566666666666666,-0.44504448771476746,0.059088937117126254
COHFACE_s37_session3_natural,24,108,27.6,-0.615257740020752,0.1339289301515842
COHFACE_s37_session3_natural,24,109,27.633333333333333,-0.7499634623527527,0.1983587020659342
COHFACE_s37_session3_natural,24,110,27.666666666666668,-0.844012975692749,0.23329020833218272
COHFACE_s37_session3_natural,24,111,27.7,-0.8978211283683777,0.2326506631075765
COHFACE_s37_session3_natural,24,112,27.733333333333334,-0.9251558184623718,0.2043602847221213
COHFACE_s37_session3_natural,24,113,27.766666666666666,-0.9595001935958862,0.16405499954494893
COHFACE_s37_session3_natural,24,114,27.8,-1.0099637508392334,0.12563806416301235
COHFACE_s37_session3_natural,24,115,27.833333333333332,-1.0568501949310303,0.09433358642508798
COHFACE_s37_session3_natural,24,116,27.866666666666667,-0.8690404295921326,0.06598513249851509
COHFACE_s37_session3_natural,24,117,27.9,0.038870297372341156,0.03226256590794876
COHFACE_s37_session3_natural,24,118,27.933333333333334,1.297398328781128,-0.012205604687890958
COHFACE_s37_session3_natural,24,119,27.966666666666665,2.0011160373687744,-0.06561573909694061
COHFACE_s37_session3_natural,24,120,28.0,2.0206613540649414,-0.1200430672779849
COHFACE_s37_session3_natural,24,121,28.033333333333335,1.7526832818984985,-0.16644250077836956
COHFACE_s37_session3_natural,24,122,28.066666666666666,1.4688876867294312,-0.20009921641176376
COHFACE_s37_session3_natural,24,123,28.1,1.1539980173110962,-0.22327925700900547
COHFACE_s37_session3_natural,24,124,28.133333333333333,0.7561988234519958,-0.2438431045258129
COHFACE_s37_session3_natural,24,125,28.166666666666668,0.43675118684768677,-0.2709145405750654
COHFACE_s37_session3_natural,24,126,28.2,0.3165300190448761,-0.3100193040109698
COHFACE_s37_session3_natural,24,127,28.233333333333334,0.316398024559021,-0.3600382602090477
COHFACE_s37_session3_natural,24,128,28.266666666666666,0.28222334384918213,-0.4131565206624786
COHFACE_s37_session3_natural,24,129,28.3,0.14988137781620026,-0.45725200614896877
COHFACE_s37_session3_natural,24,130,28.333333333333332,-0.056034184992313385,-0.4787604411427169
COHFACE_s37_session3_natural,24,131,28.366666666666667,-0.2768053114414215,-0.4642987156830621
COHFACE_s37_session3_natural,24,132,28.4,-0.48172757029533386,-0.40137494669187135
COHFACE_s37_session3_natural,24,133,28.433333333333334,-0.6546692252159119,-0.28019845518108877
COHFACE_s37_session3_natural,24,134,28.466666666666665,-0.7870489358901978,-0.09789752132904307
COHFACE_s37_session3_natural,24,135,28.5,-0.8756980895996094,0.1361233435121743
COHFACE_s37_session3_natural,24,136,28.533333333333335,-0.9348373413085938,0.39726603773922625
COHFACE_s37_session3_natural,24,137,28.566666666666666,-0.9818432331085205,0.6487261575126457
COHFACE_s37_session3_natural,24,138,28.6,-1.0238637924194336,0.8507818957417853
COHFACE_s37_session3_natural,24,139,28.633333333333333,-1.0634387731552124,0.9729262085773921
COHFACE_s37_session3_natural,24,140,28.666666666666668,-1.0958908796310425,1.003430993052254
COHFACE_s37_session3_natural,24,141,28.7,-1.1347805261611938,0.9517314231834939
COHFACE_s37_session3_natural,24,142,28.733333333333334,-1.1960636377334595,0.8420481071311811
COHFACE_s37_session3_natural,24,143,28.766666666666666,-1.2661354541778564,0.7009157634173365
COHFACE_s37_session3_natural,24,144,28.8,-1.2165395021438599,0.5449361843267503
COHFACE_s37_session3_natural,24,145,28.833333333333332,-0.5249300003051758,0.3754521669128111
COHFACE_s37_session3_natural,24,146,28.866666666666667,0.864028811454773,0.1829426098389221
COHFACE_s37_session3_natural,24,147,28.9,1.930924654006958,-0.041582718720296674
COHFACE_s37_session3_natural,24,148,28.933333333333334,2.1963441371917725,-0.2945335069532485
COHFACE_s37_session3_natural,24,149,28.966666666666665,1.999544382095337,-0.5537711781471485
COHFACE_s37_session3_natural,24,150,29.0,1.7168238162994385,-0.7827780648410134
COHFACE_s37_session3_natural,24,151,29.033333333333335,1.4314062595367432,-0.9437808257773933
COHFACE_s37_session3_natural,24,152,29.066666666666666,1.0589300394058228,-1.0129470056159038
COHFACE_s37_session3_natural,24,153,29.1,0.6687440872192383,-0.9889469096604654
COHFACE_s37_session3_natural,24,154,29.133333333333333,0.4533544182777405,-0.890504135312512
COHFACE_s37_session3_natural,24,155,29.166666666666668,0.41374173760414124,-0.7456564416474282
COHFACE_s37_session3_natural,24,156,29.2,0.4002881348133087,-0.5799995665543377
COHFACE_s37_session3_natural,24,157,29.233333333333334,0.30489957332611084,-0.41041902909001143
COHFACE_s37_session3_natural,24,158,29.266666666666666,0.12177969515323639,-0.24569825686237073
COHFACE_s37_session3_natural,24,159,29.3,-0.10410881042480469,-0.09043084227689108
COHFACE_s37_session3_natural,24,160,29.333333333333332,-0.33170732855796814,0.05222801474927525
COHFACE_s37_session3_natural,24,161,29.366666666666667,-0.5331467390060425,0.1807662573885084
COHFACE_s37_session3_natural,24,162,29.4,-0.6924713253974915,0.296959599367557
COHFACE_s37_session3_natural,24,163,29.433333333333334,-0.8097628951072693,0.4059250292083622
COHFACE_s37_session3_natural,24,164,29.466666666666665,-0.888422429561615,0.5127866570169578
COHFACE_s37_session3_natural,24,165,29.5,-0.940671443939209,0.6171966684636228
COHFACE_s37_session3_natural,24,166,29.533333333333335,-0.9838361740112305,0.7095323775176633
COHFACE_s37_session3_natural,24,167,29.566666666666666,-1.0280884504318237,0.7722021165463026
COHFACE_s37_session3_natural,24,168,29.6,-1.0760875940322876,0.7857995836420169
COHFACE_s37_session3_natural,24,169,29.633333333333333,-1.1274439096450806,0.7362580942020088
COHFACE_s37_session3_natural,24,170,29.666666666666668,-1.1883372068405151,0.6190223525868574
COHFACE_s37_session3_natural,24,171,29.7,-1.2468667030334473,0.43907585518272596
COHFACE_s37_session3_natural,24,172,29.733333333333334,-1.2927849292755127,0.20873785966608127
COHFACE_s37_session3_natural,24,173,29.766666666666666,-1.3267018795013428,-0.05393020604902768
COHFACE_s37_session3_natural,24,174,29.8,-1.3516916036605835,-0.32509318944460597
COHFACE_s37_session3_natural,24,175,29.833333333333332,-1.3722554445266724,-0.5750555796464532
COHFACE_s37_session3_natural,24,176,29.866666666666667,-1.3954975605010986,-0.7706247151731297
COHFACE_s37_session3_natural,24,177,29.9,-1.3653464317321777,-0.8811822686952165
COHFACE_s37_session3_natural,24,178,29.933333333333334,-0.8207583427429199,-0.8872779652491226
COHFACE_s37_session3_natural,24,179,29.966666666666665,0.5942337512969971,-0.7884781738936989
COHFACE_s37_session3_natural,24,180,30.0,1.933998942375183,-0.6067138204452264
COHFACE_s37_session3_natural,24,181,30.033333333333335,2.4358937740325928,-0.3825980426094158
COHFACE_s37_session3_natural,24,182,30.066666666666666,2.321777105331421,-0.16460611485308205
COHFACE_s37_session3_natural,24,183,30.1,2.0133814811706543,0.005914304668168608
COHFACE_s37_session3_natural,24,184,30.133333333333333,1.7130894660949707,0.10825464147276977
COHFACE_s37_session3_natural,24,185,30.166666666666668,1.3789119720458984,0.14828141447189322
COHFACE_s37_session3_natural,24,186,30.2,0.9918757677078247,0.15353385928042665
COHFACE_s37_session3_natural,24,187,30.233333333333334,0.7173279523849487,0.15919719959611583
COHFACE_s37_session3_natural,24,188,30.266666666666666,0.6247118711471558,0.19127739435942687
COHFACE_s37_session3_natural,24,189,30.3,0.6029031872749329,0.25498970462369636
COHFACE_s37_session3_natural,24,190,30.333333333333332,0.5316493511199951,0.3338832228426734
COHFACE_s37_session3_natural,24,191,30.366666666666667,0.3698478043079376,0.39961237107972386
COHFACE_s37_session3_natural,24,192,30.4,0.14290310442447662,0.4265119984654981
COHFACE_s37_session3_natural,24,193,30.433333333333334,-0.1003744974732399,0.4030782994104408
COHFACE_s37_session3_natural,24,194,30.466666666666665,-0.32567834854125977,0.33559387924161493
COHFACE_s37_session3_natural,24,195,30.5,-0.5129223465919495,0.24422074871140784
COHFACE_s37_session3_natural,24,196,30.533333333333335,-0.6565049290657043,0.1548937648766967
COHFACE_s37_session3_natural,24,197,30.566666666666666,-0.7622603178024292,0.0906074927566742
COHFACE_s37_session3_natural,24,198,30.6,-0.8339039087295532,0.06461647442522928
COHFACE_s37_session3_natural,24,199,30.633333333333333,-0.88763028383255,0.07708763540984212
COHFACE_s37_session3_natural,24,200,30.666666666666668,-0.9395398497581482,0.11626455271354953
COHFACE_s37_session3_natural,24,201,30.7,-0.9939514994621277,0.16413835955437786
COHFACE_s37_session3_natural,24,202,30.733333333333334,-1.0513116121292114,0.20435427225981584
COHFACE_s37_session3_natural,24,203,30.766666666666666,-1.1112618446350098,0.22826144754466196
COHFACE_s37_session3_natural,24,204,30.8,-1.1716333627700806,0.23558951912527526
COHFACE_s37_session3_natural,24,205,30.833333333333332,-1.2283521890640259,0.22929492299575746
COHFACE_s37_session3_natural,24,206,30.866666666666667,-1.2739876508712769,0.2080274743751098
COHFACE_s37_session3_natural,24,207,30.9,-1.3065025806427002,0.1618451317076624
COHFACE_s37_session3_natural,24,208,30.933333333333334,-1.3379614353179932,0.07538961431807115
COHFACE_s37_session3_natural,24,209,30.966666666666665,-1.3735631704330444,-0.06195054153201501
COHFACE_s37_session3_natural,24,210,31.0,-1.2925083637237549,-0.24475012511491992
COHFACE_s37_session3_natural,24,211,31.033333333333335,-0.541382372379303,-0.44703513210891277
COHFACE_s37_session3_natural,24,212,31.066666666666666,0.9355529546737671,-0.6289158834243186
COHFACE_s37_session3_natural,24,213,31.1,2.0930469036102295,-0.7518793435492606
COHFACE_s37_session3_natural,24,214,31.133333333333333,2.4336178302764893,-0.7946632036775214
COHFACE_s37_session3_natural,24,215,31.166666666666668,2.262983560562134,-0.7611440388488988
COHFACE_s37_session3_natural,24,216,31.2,1.945239543914795,-0.6767666573578373
COHFACE_s37_session3_natural,24,217,31.233333333333334,1.627401351928711,-0.5764501379863672
COHFACE_s37_session3_natural,24,218,31.266666666666666,1.2620983123779297,-0.49009427393954547
COHFACE_s37_session3_natural,24,219,31.3,0.876885175704956,-0.431462775444906
COHFACE_s37_session3_natural,24,220,31.333333333333332,0.6298166513442993,-0.394177070530348
COHFACE_s37_session3_natural,24,221,31.366666666666667,0.5490196347236633,-0.3560009654433176
COHFACE_s37_session3_natural,24,222,31.4,0.526330828666687,-0.28998690220625395
COHFACE_s37_session3_natural,24,223,31.433333333333334,0.45172616839408875,-0.17849988962893018
COHFACE_s37_session3_natural,24,224,31.466666666666665,0.286699503660202,-0.024144424700908787
COHFACE_s37_session3_natural,24,225,31.5,0.060710396617650986,0.14838080989543245
COHFACE_s37_session3_natural,24,226,31.533333333333335,-0.18002107739448547,0.3022682904800684
COHFACE_s37_session3_natural,24,227,31.566666666666666,-0.40620505809783936,0.4070189278913668
COHFACE_s37_session3_natural,24,228,31.6,-0.595699667930603,0.45554159652389836
COHFACE_s37_session3_natural,24,229,31.633333333333333,-0.7386285066604614,0.4691101284848058
COHFACE_s37_session3_natural,24,230,31.666666666666668,-0.8396437168121338,0.4861550321359746
COHFACE_s37_session3_natural,24,231,31.7,-0.9103442430496216,0.5407931063836728
COHFACE_s37_session3_natural,24,232,31.733333333333334,-0.9628573060035706,0.6430131086010704
COHFACE_s37_session3_natural,24,233,31.766666666666666,-1.0073107481002808,0.7711755080637032
COHFACE_s37_session3_natural,24,234,31.8,-1.053134799003601,0.8801310836410566
COHFACE_s37_session3_natural,24,235,31.833333333333332,-1.1016117334365845,0.9198152754365195
COHFACE_s37_session3_natural,24,236,31.866666666666667,-1.1575196981430054,0.8547681276420129
COHFACE_s37_session3_natural,24,237,31.9,-1.2131634950637817,0.676311286783611
COHFACE_s37_session3_natural,24,238,31.933333333333334,-1.2593709230422974,0.40433383684953245
COHFACE_s37_session3_natural,24,239,31.966666666666665,-1.2946960926055908,0.08090926749296388
COHFACE_s37_session3_natural,25,0,25.0,0.14341233670711517,0.14344644849162472
COHFACE_s37_session3_natural,25,1,25.033333333333335,-0.06196257099509239,0.15829789790282597
COHFACE_s37_session3_natural,25,2,25.066666666666666,-0.005884937476366758,0.20481119431411318
COHFACE_s37_session3_natural,25,3,25.1,0.11661200225353241,0.31100713946232955
COHFACE_s37_session3_natural,25,4,25.133333333333333,0.14539894461631775,0.492966451068411
COHFACE_s37_session3_natural,25,5,25.166666666666668,0.050463028252124786,0.7455476404482988
COHFACE_s37_session3_natural,25,6,25.2,-0.12323305010795593,1.035115684402331
COHFACE_s37_session3_natural,25,7,25.233333333333334,-0.32247838377952576,1.3008996285870154
COHFACE_s37_session3_natural,25,8,25.266666666666666,-0.5042654871940613,1.469090932806485
COHFACE_s37_session3_natural,25,9,25.3,-0.6566558480262756,1.4770377610207008
COHFACE_s37_session3_natural,25,10,25.333333333333332,-0.7726271748542786,1.2977113368966795
COHFACE_s37_session3_natural,25,11,25.366666666666667,-0.8507649302482605,0.9524200084057695
COHFACE_s37_session3_natural,25,12,25.4,-0.8985943794250488,0.5050832902314928
COHFACE_s37_session3_natural,25,13,25.433333333333334,-0.9331462383270264,0.04049798794733595
COHFACE_s37_session3_natural,25,14,25.466666666666665,-0.9683582186698914,-0.36387007667194926
COHFACE_s37_session3_natural,25,15,25.5,-0.9527419805526733,-0.660872626577428
COHFACE_s37_session3_natural,25,16,25.533333333333335,-0.5318076610565186,-0.8426837807448975
COHFACE_s37_session3_natural,25,17,25.566666666666666,0.516762375831604,-0.9335269745325416
COHFACE_s37_session3_natural,25,18,25.6,1.4868048429489136,-0.971028795773603
COHFACE_s37_session3_natural,25,19,25.633333333333333,1.8091946840286255,-0.9857848788411404
COHFACE_s37_session3_natural,25,20,25.666666666666668,1.6296896934509277,-0.9886907520042243
COHFACE_s37_session3_natural,25,21,25.7,1.2619725465774536,-0.9709705825229533
COHFACE_s37_session3_natural,25,22,25.733333333333334,0.8451309204101562,-0.9150026349802087
COHFACE_s37_session3_natural,25,23,25.766666666666666,0.41219520568847656,-0.8088716776821188
COHFACE_s37_session3_natural,25,24,25.8,0.11664972454309464,-0.6568308783347167
COHFACE_s37_session3_natural,25,25,25.833333333333332,0.0815194770693779,-0.480946125052874
COHFACE_s37_session3_natural,25,26,25.866666666666667,0.18730628490447998,-0.3137451762440572
COHFACE_s37_session3_natural,25,27,25.9,0.24908599257469177,-0.18559037905204043
COHFACE_s37_session3_natural,25,28,25.933333333333334,0.18293072283267975,-0.11242296757915601
COHFACE_s37_session3_natural,25,29,25.966666666666665,0.014943000860512257,-0.08914826529895642
COHFACE_s37_session3_natural,25,30,26.0,-0.19135606288909912,-0.0916279620178888
COHFACE_s37_session3_natural,25,31,26.033333333333335,-0.39177075028419495,-0.08675749603098264
COHFACE_s37_session3_natural,25,32,26.066666666666666,-0.5599156022071838,-0.04653926802940514
COHFACE_s37_session3_natural,25,33,26.1,-0.692603349685669,0.04015980989917539
COHFACE_s37_session3_natural,25,34,26.133333333333333,-0.780127227306366,0.1640428548931821
COHFACE_s37_session3_natural,25,35,26.166666666666668,-0.8295220732688904,0.30212266143730565
COHFACE_s37_session3_natural,25,36,26.2,-0.8641179203987122,0.43104588877382016
COHFACE_s37_session3_natural,25,37,26.233333333333334,-0.8993236422538757,0.5392007219771258
COHFACE_s37_session3_natural,25,38,26.266666666666666,-0.8116614818572998,0.6306293956645506
COHFACE_s37_session3_natural,25,39,26.3,-0.15372997522354126,0.7188897165616305
COHFACE_s37_session3_natural,25,40,26.333333333333332,1.0118298530578613,0.8151334480008413
COHFACE_s37_session3_natural,25,41,26.366666666666667,1.836686611175537,0.9178083966606091
COHFACE_s37_session3_natural,25,42,26.4,1.982035756111145,1.0095933586141352
COHFACE_s37_session3_natural,25,43,26.433333333333334,1.7227898836135864,1.0624916257025985
COHFACE_s37_session3_natural,25,44,26.466666666666665,1.363289475440979,1.04792042883151
COHFACE_s37_session3_natural,25,45,26.5,0.9869343638420105,0.9470436144252395
COHFACE_s37_session3_natural,25,46,26.533333333333335,0.5831565260887146,0.7575308800262242
COHFACE_s37_session3_natural,25,47,26.566666666666666,0.29513001441955566,0.4949660152609432
COHFACE_s37_session3_natural,25,48,26.6,0.2368457168340683,0.18890072784249126
COHFACE_s37_session3_natural,25,49,26.633333333333333,0.2992101013660431,-0.12490889503193152
COHFACE_s37_session3_natural,25,50,26.666666666666668,0.3182463049888611,-0.4131293731028344
COHFACE_s37_session3_natural,25,51,26.7,0.2157788872718811,-0.6512428639724143
COHFACE_s37_session3_natural,25,52,26.733333333333334,0.02114800363779068,-0.8263262360513567
COHFACE_s37_session3_natural,25,53,26.766666666666666,-0.19456857442855835,-0.9367700603378856
COHFACE_s37_session3_natural,25,54,26.8,-0.39249998331069946,-0.9899658863469701
COHFACE_s37_session3_natural,25,55,26.833333333333332,-0.5670825242996216,-0.99848523907632
COHFACE_s37_session3_natural,25,56,26.866666666666667,-0.6992484331130981,-0.9750903905633894
COHFACE_s37_session3_natural,25,57,26.9,-0.780491828918457,-0.9275121740038493
COHFACE_s37_session3_natural,25,58,26.933333333333334,-0.8261586427688599,-0.8548888334250485
COHFACE_s37_session3_natural,25,59,26.966666666666665,-0.8698074221611023,-0.748151009774704
COHFACE_s37_session3_natural,25,60,27.0,-0.9121925830841064,-0.5956161493224787
COHFACE_s37_session3_natural,25,61,27.033333333333335,-0.8073927760124207,-0.3924853660466619
COHFACE_s37_session3_natural,25,62,27.066666666666666,-0.10389506071805954,-0.14985568475584218
COHFACE_s37_session3_natural,25,63,27.1,1.0971910953521729,0.1025097237278137
COHFACE_s37_session3_natural,25,64,27.133333333333333,1.9209790229797363,0.3232809094050812
COHFACE_s37_session3_natural,25,65,27.166666666666668,2.040276050567627,0.47474631606733536
COHFACE_s37_session3_natural,25,66,27.2,1.7792887687683105,0.5383754537459102
COHFACE_s37_session3_natural,25,67,27.233333333333334,1.4574458599090576,0.5214750390005208
COHFACE_s37_session3_natural,25,68,27.266666666666666,1.130598783493042,0.4508855391963538
COHFACE_s37_session3_natural,25,69,27.3,0.734735906124115,0.35804920214449354
COHFACE_s37_session3_natural,25,70,27.333333333333332,0.4049088954925537,0.2652021514713631
COHFACE_s37_session3_natural,25,71,27.366666666666667,0.2887803912162781,0.18093448660458306
COHFACE_s37_session3_natural,25,72,27.4,0.30319586396217346,0.10573829513615136
COHFACE_s37_session3_natural,25,73,27.433333333333334,0.2889878749847412,0.04087871207941616
COHFACE_s37_session3_natural,25,74,27.466666666666665,0.1715957522392273,-0.007060928632980133
COHFACE_s37_session3_natural,25,75,27.5,-0.02510347217321396,-0.02872677339640549
COHFACE_s37_session3_natural,25,76,27.533333333333335,-0.24509502947330475,-0.018245572169952966
COHFACE_s37_session3_natural,25,77,27.566666666666666,-0.44504448771476746,0.022695571511463015
COHFACE_s37_session3_natural,25,78,27.6,-0.615257740020752,0.08584774008173275
COHFACE_s37_session3_natural,25,79,27.633333333333333,-0.7499634623527527,0.16057591162638418
COHFACE_s37_session3_natural,25,80,27.666666666666668,-0.844012975692749,0.23727956606644635
COHFACE_s37_session3_natural,25,81,27.7,-0.8978211283683777,0.3077712727126754
COHFACE_s37_session3_natural,25,82,27.733333333333334,-0.9251558184623718,0.3636116682930061
COHFACE_s37_session3_natural,25,83,27.766666666666666,-0.9595001935958862,0.3952926946016673
COHFACE_s37_session3_natural,25,84,27.8,-1.0099637508392334,0.39402193804246893
COHFACE_s37_session3_natural,25,85,27.833333333333332,-1.0568501949310303,0.35523641004074363
COHFACE_s37_session3_natural,25,86,27.866666666666667,-0.8690404295921326,0.28140256443963985
COHFACE_s37_session3_natural,25,87,27.9,0.038870297372341156,0.18210945163377126
COHFACE_s37_session3_natural,25,88,27.933333333333334,1.297398328781128,0.07130167439192737
COHFACE_s37_session3_natural,25,89,27.966666666666665,2.0011160373687744,-0.036906347553600144
COHFACE_s37_session3_natural,25,90,28.0,2.0206613540649414,-0.13218787639853202
COHFACE_s37_session3_natural,25,91,28.033333333333335,1.7526832818984985,-0.2106669679147404
COHFACE_s37_session3_natural,25,92,28.066666666666666,1.4688876867294312,-0.2755887994207953
COHFACE_s37_session3_natural,25,93,28.1,1.1539980173110962,-0.3355308637174043
COHFACE_s37_session3_natural,25,94,28.133333333333333,0.7561988234519958,-0.4003092735049346
COHFACE_s37_session3_natural,25,95,28.166666666666668,0.43675118684768677,-0.4758586679135363
COHFACE_s37_session3_natural,25,96,28.2,0.3165300190448761,-0.5604151741938963
COHFACE_s37_session3_natural,25,97,28.233333333333334,0.316398024559021,-0.6440737977025115
COHFACE_s37_session3_natural,25,98,28.266666666666666,0.28222334384918213,-0.7117853699379527
COHFACE_s37_session3_natural,25,99,28.3,0.14988137781620026,-0.7476405779637091
COHFACE_s37_session3_natural,25,100,28.333333333333332,-0.056034184992313385,-0.7377685729837022
COHFACE_s37_session3_natural,25,101,28.366666666666667,-0.2768053114414215,-0.6708575238479101
COHFACE_s37_session3_natural,25,102,28.4,-0.48172757029533386,-0.5379796806455934
COHFACE_s37_session3_natural,25,103,28.433333333333334,-0.6546692252159119,-0.33452790344653865
COHFACE_s37_session3_natural,25,104,28.466666666666665,-0.7870489358901978,-0.06516937941550074
COHFACE_s37_session3_natural,25,105,28.5,-0.8756980895996094,0.2505968152729217
COHFACE_s37_session3_natural,25,106,28.533333333333335,-0.9348373413085938,0.576644288518487
COHFACE_s37_session3_natural,25,107,28.566666666666666,-0.9818432331085205,0.8655579211388627
COHFACE_s37_session3_natural,25,108,28.6,-1.0238637924194336,1.0708354088977838
COHFACE_s37_session3_natural,25,109,28.633333333333333,-1.0634387731552124,1.161566609785263
COHFACE_s37_session3_natural,25,110,28.666666666666668,-1.0958908796310425,1.1331201445837817
COHFACE_s37_session3_natural,25,111,28.7,-1.1347805261611938,1.0084492097400335
COHFACE_s37_session3_natural,25,112,28.733333333333334,-1.1960636377334595,0.8285213779837248
COHFACE_s37_session3_natural,25,113,28.766666666666666,-1.2661354541778564,0.6355256712915519
COHFACE_s37_session3_natural,25,114,28.8,-1.2165395021438599,0.4565038662719154
COHFACE_s37_session3_natural,25,115,28.833333333333332,-0.5249300003051758,0.29528423554807764
COHFACE_s37_session3_natural,25,116,28.866666666666667,0.864028811454773,0.1363363962483433
COHFACE_s37_session3_natural,25,117,28.9,1.930924654006958,-0.04192945101300749
COHFACE_s37_session3_natural,25,118,28.933333333333334,2.1963441371917725,-0.2512742298276628
COHFACE_s37_session3_natural,25,119,28.966666666666665,1.999544382095337,-0.48297446553359097
COHFACE_s37_session3_natural,25,120,29.0,1.7168238162994385,-0.707717234799526
COHFACE_s37_session3_natural,25,121,29.033333333333335,1.4314062595367432,-0.8862621947318726
COHFACE_s37_session3_natural,25,122,29.066666666666666,1.0589300394058228,-0.9854669893247985
COHFACE_s37_session3_natural,25,123,29.1,0.6687440872192383,-0.9913408309564731
COHFACE_s37_session3_natural,25,124,29.133333333333333,0.4533544182777405,-0.9126354425197507
COHFACE_s37_session3_natural,25,125,29.166666666666668,0.41374173760414124,-0.7741096425888458
COHFACE_s37_session3_natural,25,126,29.2,0.4002881348133087,-0.604635306115686
COHFACE_s37_session3_natural,25,127,29.233333333333334,0.30489957332611084,-0.4275240216329014
COHFACE_s37_session3_natural,25,128,29.266666666666666,0.12177969515323639,-0.25716967263198043
COHFACE_s37_session3_natural,25,129,29.3,-0.10410881042480469,-0.10065539386909515
COHFACE_s37_session3_natural,25,130,29.333333333333332,-0.33170732855796814,0.03997858150208096
COHFACE_s37_session3_natural,25,131,29.366666666666667,-0.5331467390060425,0.16772863329770357
COHFACE_s37_session3_natural,25,132,29.4,-0.6924713253974915,0.29166722812786156
COHFACE_s37_session3_natural,25,133,29.433333333333334,-0.8097628951072693,0.4251563167892669
COHFACE_s37_session3_natural,25,134,29.466666666666665,-0.888422429561615,0.5791395120637018
COHFACE_s37_session3_natural,25,135,29.5,-0.940671443939209,0.7528619132328624
COHFACE_s37_session3_natural,25,136,29.533333333333335,-0.9838361740112305,0.9275661422172682
COHFACE_s37_session3_natural,25,137,29.566666666666666,-1.0280884504318237,1.068035151321135
COHFACE_s37_session3_natural,25,138,29.6,-1.0760875940322876,1.13246369601708
COHFACE_s37_session3_natural,25,139,29.633333333333333,-1.1274439096450806,1.0864714602551742
COHFACE_s37_session3_natural,25,140,29.666666666666668,-1.1883372068405151,0.9154333945556006
COHFACE_s37_session3_natural,25,141,29.7,-1.2468667030334473,0.6306009698641244
COHFACE_s37_session3_natural,25,142,29.733333333333334,-1.2927849292755127,0.2670581168855074
COHFACE_s37_session3_natural,25,143,29.766666666666666,-1.3267018795013428,-0.12549366000435797
COHFACE_s37_session3_natural,25,144,29.8,-1.3516916036605835,-0.4954780359612027
COHFACE_s37_session3_natural,25,145,29.833333333333332,-1.3722554445266724,-0.8009233815319189
COHFACE_s37_session3_natural,25,146,29.866666666666667,-1.3954975605010986,-1.0159721435430635
COHFACE_s37_session3_natural,25,147,29.9,-1.3653464317321777,-1.1313892350109371
COHFACE_s37_session3_natural,25,148,29.933333333333334,-0.8207583427429199,-1.1508454452678776
COHFACE_s37_session3_natural,25,149,29.966666666666665,0.5942337512969971,-1.0862121631820736
COHFACE_s37_session3_natural,25,150,30.0,1.933998942375183,-0.9544696241452558
COHFACE_s37_session3_natural,25,151,30.033333333333335,2.4358937740325928,-0.7765891206033544
COHFACE_s37_session3_natural,25,152,30.066666666666666,2.321777105331421,-0.5764491171011817
COHFACE_s37_session3_natural,25,153,30.1,2.0133814811706543,-0.3775396651741007
COHFACE_s37_session3_natural,25,154,30.133333333333333,1.7130894660949707,-0.19752507092915286
COHFACE_s37_session3_natural,25,155,30.166666666666668,1.3789119720458984,-0.0434814722246344
COHFACE_s37_session3_natural,25,156,30.2,0.9918757677078247,0.08879651762711054
COHFACE_s37_session3_natural,25,157,30.233333333333334,0.7173279523849487,0.2100480771733033
COHFACE_s37_session3_natural,25,158,30.266666666666666,0.6247118711471558,0.3292887582689779
COHFACE_s37_session3_natural,25,159,30.3,0.6029031872749329,0.446557003972383
COHFACE_s37_session3_natural,25,160,30.333333333333332,0.5316493511199951,0.5512600545168567
COHFACE_s37_session3_natural,25,161,30.366666666666667,0.3698478043079376,0.6276129660653544
COHFACE_s37_session3_natural,25,162,30.4,0.14290310442447662,0.6638199921636213
COHFACE_s37_session3_natural,25,163,30.433333333333334,-0.1003744974732399,0.6588765094857673
COHFACE_s37_session3_natural,25,164,30.466666666666665,-0.32567834854125977,0.6227727232386533
COHFACE_s37_session3_natural,25,165,30.5,-0.5129223465919495,0.5706673692994548
COHFACE_s37_session3_natural,25,166,30.533333333333335,-0.6565049290657043,0.5154409558247867
COHFACE_s37_session3_natural,25,167,30.566666666666666,-0.7622603178024292,0.4631810240905635
COHFACE_s37_session3_natural,25,168,30.6,-0.8339039087295532,0.41279992810848454
COHFACE_s37_session3_natural,25,169,30.633333333333333,-0.88763028383255,0.3580117397544353
COHFACE_s37_session3_natural,25,170,30.666666666666668,-0.9395398497581482,0.29022556212038897
COHFACE_s37_session3_natural,25,171,30.7,-0.9939514994621277,0.20238041565197304
COHFACE_s37_session3_natural,25,172,30.733333333333334,-1.0513116121292114,0.093322679790936
COHFACE_s37_session3_natural,25,173,30.766666666666666,-1.1112618446350098,-0.029315278684275074
COHFACE_s37_session3_natural,25,174,30.8,-1.1716333627700806,-0.15031691093124236
COHFACE_s37_session3_natural,25,175,30.833333333333332,-1.2283521890640259,-0.25302317898124166
COHFACE_s37_session3_natural,25,176,30.866666666666667,-1.2739876508712769,-0.32790313506460467
COHFACE_s37_session3_natural,25,177,30.9,-1.3065025806427002,-0.37833087223433964
COHFACE_s37_session3_natural,25,178,30.933333333333334,-1.3379614353179932,-0.4187519949981662
COHFACE_s37_session3_natural,25,179,30.966666666666665,-1.3735631704330444,-0.46485303911015047
COHFACE_s37_session3_natural,25,180,31.0,-1.2925083637237549,-0.5216544067453619
COHFACE_s37_session3_natural,25,181,31.033333333333335,-0.541382372379303,-0.5781070843032283
COHFACE_s37_session3_natural,25,182,31.066666666666666,0.9355529546737671,-0.6124635105492747
COHFACE_s37_session3_natural,25,183,31.1,2.0930469036102295,-0.6051076672699695
COHFACE_s37_session3_natural,25,184,31.133333333333333,2.4336178302764893,-0.5507152836782756
COHFACE_s37_session3_natural,25,185,31.166666666666668,2.262983560562134,-0.4624164546672376
COHFACE_s37_session3_natural,25,186,31.2,1.945239543914795,-0.3660119098822027
COHFACE_s37_session3_natural,25,187,31.233333333333334,1.627401351928711,-0.28809187605264974
COHFACE_s37_session3_natural,25,188,31.266666666666666,1.2620983123779297,-0.2442844705129005
COHFACE_s37_session3_natural,25,189,31.3,0.876885175704956,-0.2325198559532954
COHFACE_s37_session3_natural,25,190,31.333333333333332,0.6298166513442993,-0.23314183332018512
COHFACE_s37_session3_natural,25,191,31.366666666666667,0.5490196347236633,-0.21519423934938534
COHFACE_s37_session3_natural,25,192,31.4,0.526330828666687,-0.14719360852650404
COHFACE_s37_session3_natural,25,193,31.433333333333334,0.45172616839408875,-0.009854154057296022
COHFACE_s37_session3_natural,25,194,31.466666666666665,0.286699503660202,0.19347904331544177
COHFACE_s37_session3_natural,25,195,31.5,0.060710396617650986,0.43389771432440216
COHFACE_s37_session3_natural,25,196,31.533333333333335,-0.18002107739448547,0.664806539661855
COHFACE_s37_session3_natural,25,197,31.566666666666666,-0.40620505809783936,0.8390172874644737
COHFACE_s37_session3_natural,25,198,31.6,-0.595699667930603,0.927789585823232
COHFACE_s37_session3_natural,25,199,31.633333333333333,-0.7386285066604614,0.9320744588931984
COHFACE_s37_session3_natural,25,200,31.666666666666668,-0.8396437168121338,0.8795409334987144
COHFACE_s37_session3_natural,25,201,31.7,-0.9103442430496216,0.8084703229349994
COHFACE_s37_session3_natural,25,202,31.733333333333334,-0.9628573060035706,0.7469797059836716
COHFACE_s37_session3_natural,25,203,31.766666666666666,-1.0073107481002808,0.6987669707820632
COHFACE_s37_session3_natural,25,204,31.8,-1.053134799003601,0.6427278553157824
COHFACE_s37_session3_natural,25,205,31.833333333333332,-1.1016117334365845,0.5459929420335303
COHFACE_s37_session3_natural,25,206,31.866666666666667,-1.1575196981430054,0.3829087476700581
COHFACE_s37_session3_natural,25,207,31.9,-1.2131634950637817,0.15001076682897652
COHFACE_s37_session3_natural,25,208,31.933333333333334,-1.2593709230422974,-0.1299160150109717
COHFACE_s37_session3_natural,25,209,31.966666666666665,-1.2946960926055908,-0.41568291709519367
COHFACE_s37_session3_natural,25,210,32.0,-1.3289084434509277,-0.6632327537761337
COHFACE_s37_session3_natural,25,211,32.03333333333333,-1.3678170442581177,-0.8417160834145704
COHFACE_s37_session3_natural,25,212,32.06666666666667,-1.3766499757766724,-0.942753489205627
COHFACE_s37_session3_natural,25,213,32.1,-0.9914619326591492,-0.9785553055520458
COHFACE_s37_session3_natural,25,214,32.13333333333333,0.2669025957584381,-0.9701683149340093
COHFACE_s37_session3_natural,25,215,32.166666666666664,1.6754571199417114,-0.9324770483618189
COHFACE_s37_session3_natural,25,216,32.2,2.3454151153564453,-0.8645915803487302
COHFACE_s37_session3_natural,25,217,32.233333333333334,2.3297674655914307,-0.7515264418160384
COHFACE_s37_session3_natural,25,218,32.266666666666666,2.0282180309295654,-0.5767171276630055
COHFACE_s37_session3_natural,25,219,32.3,1.6865342855453491,-0.33846584416516906
COHFACE_s37_session3_natural,25,220,32.333333333333336,1.3303784132003784,-0.06062793488482334
COHFACE_s37_session3_natural,25,221,32.36666666666667,0.9313785433769226,0.20956110399086403
COHFACE_s37_session3_natural,25,222,32.4,0.6283455491065979,0.4168234788598625
COHFACE_s37_session3_natural,25,223,32.43333333333333,0.5142665505409241,0.5195278529939124
COHFACE_s37_session3_natural,25,224,32.46666666666667,0.5046855807304382,0.5074622614002697
COHFACE_s37_session3_natural,25,225,32.5,0.47308847308158875,0.4071065775026486
COHFACE_s37_session3_natural,25,226,32.53333333333333,0.3501703143119812,0.27159113329750617
COHFACE_s37_session3_natural,25,227,32.56666666666667,0.15004484355449677,0.1595930244893355
COHFACE_s37_session3_natural,25,228,32.6,-0.08279679715633392,0.11248434189842159
COHFACE_s37_session3_natural,25,229,32.63333333333333,-0.3108793795108795,0.13967881623932119
COHFACE_s37_session3_natural,25,230,32.666666666666664,-0.5065098404884338,0.217992491456324
COHFACE_s37_session3_natural,25,231,32.7,-0.6626344919204712,0.3043208827336865
COHFACE_s37_session3_natural,25,232,32.733333333333334,-0.781548023223877,0.3553480211840389
COHFACE_s37_session3_natural,25,233,32.766666666666666,-0.8697319626808167,0.3455736324631626
COHFACE_s37_session3_natural,25,234,32.8,-0.9291290044784546,0.2763273049978961
COHFACE_s37_session3_natural,25,235,32.833333333333336,-0.9774802327156067,0.17268931150935218
COHFACE_s37_session3_natural,25,236,32.86666666666667,-1.0226001739501953,0.07045287614260745
COHFACE_s37_session3_natural,25,237,32.9,-1.066978096961975,-0.0006064880489487015
COHFACE_s37_session3_natural,25,238,32.93333333333333,-1.11102294921875,-0.029485631918560427
COHFACE_s37_session3_natural,25,239,32.96666666666667,-1.155495285987854,-0.02716911411469254
COHFACE_s37_session3_natural,26,0,26.0,-0.19135606288909912,0.0031524162689513585
COHFACE_s37_session3_natural,26,1,26.033333333333335,-0.39177075028419495,0.2684230129352773
COHFACE_s37_session3_natural,26,2,26.066666666666666,-0.5599156022071838,0.49603964128153333
COHFACE_s37_session3_natural,26,3,26.1,-0.692603349685669,0.6617762507954134
COHFACE_s37_session3_natural,26,4,26.133333333333333,-0.780127227306366,0.7640665686696783
COHFACE_s37_session3_natural,26,5,26.166666666666668,-0.8295220732688904,0.8217008794613374
COHFACE_s37_session3_natural,26,6,26.2,-0.8641179203987122,0.8619288308711957
COHFACE_s37_session3_natural,26,7,26.233333333333334,-0.8993236422538757,0.9054206066237669
COHFACE_s37_session3_natural,26,8,26.266666666666666,-0.8116614818572998,0.9561843250247685
COHFACE_s37_session3_natural,26,9,26.3,-0.15372997522354126,1.0013592990839917
COHFACE_s37_session3_natural,26,10,26.333333333333332,1.0118298530578613,1.019934078169527
COHFACE_s37_session3_natural,26,11,26.366666666666667,1.836686611175537,0.9944784932305395
COHFACE_s37_session3_natural,26,12,26.4,1.982035756111145,0.9188911207241262
COHFACE_s37_session3_natural,26,13,26.433333333333334,1.7227898836135864,0.7983940725131534
COHFACE_s37_session3_natural,26,14,26.466666666666665,1.363289475440979,0.643434016646892
COHFACE_s37_session3_natural,26,15,26.5,0.9869343638420105,0.46291235783780915
COHFACE_s37_session3_natural,26,16,26.533333333333335,0.5831565260887146,0.261611632463
COHFACE_s37_session3_natural,26,17,26.566666666666666,0.29513001441955566,0.042836065779790024
COHFACE_s37_session3_natural,26,18,26.6,0.2368457168340683,-0.18673780152878464
COHFACE_s37_session3_natural,26,19,26.633333333333333,0.2992101013660431,-0.41432416550351625
COHFACE_s37_session3_natural,26,20,26.666666666666668,0.3182463049888611,-0.6225725765499448
COHFACE_s37_session3_natural,26,21,26.7,0.2157788872718811,-0.7942943083241715
COHFACE_s37_session3_natural,26,22,26.733333333333334,0.02114800363779068,-0.9176457361021603
COHFACE_s37_session3_natural,26,23,26.766666666666666,-0.19456857442855835,-0.989378316017796
COHFACE_s37_session3_natural,26,24,26.8,-0.39249998331069946,-1.014986332950288
COHFACE_s37_session3_natural,26,25,26.833333333333332,-0.5670825242996216,-1.00580290300899
COHFACE_s37_session3_natural,26,26,26.866666666666667,-0.6992484331130981,-0.9739134060324328
COHFACE_s37_session3_natural,26,27,26.9,-0.780491828918457,-0.9263094509257234
COHFACE_s37_session3_natural,26,28,26.933333333333334,-0.8261586427688599,-0.8602650937842623
COHFACE_s37_session3_natural,26,29,26.966666666666665,-0.8698074221611023,-0.7624435744405192
COHFACE_s37_session3_natural,26,30,27.0,-0.9121925830841064,-0.6140072688952735
COHFACE_s37_session3_natural,26,31,27.033333333333335,-0.8073927760124207,-0.40157566005734974
COHFACE_s37_session3_natural,26,32,27.066666666666666,-0.10389506071805954,-0.12945690151957898
COHFACE_s37_session3_natural,26,33,27.1,1.0971910953521729,0.17429750103727593
COHFACE_s37_session3_natural,26,34,27.133333333333333,1.9209790229797363,0.46343954991291825
COHFACE_s37_session3_natural,26,35,27.166666666666668,2.040276050567627,0.6895841901767791
COHFACE_s37_session3_natural,26,36,27.2,1.7792887687683105,0.8205517108645471
COHFACE_s37_session3_natural,26,37,27.233333333333334,1.4574458599090576,0.8506368909503498
COHFACE_s37_session3_natural,26,38,27.266666666666666,1.130598783493042,0.7978259777273092
COHFACE_s37_session3_natural,26,39,27.3,0.734735906124115,0.6913862508329314
COHFACE_s37_session3_natural,26,40,27.333333333333332,0.4049088954925537,0.5582764309660162
COHFACE_s37_session3_natural,26,41,27.366666666666667,0.2887803912162781,0.41585957350651803
COHFACE_s37_session3_natural,26,42,27.4,0.30319586396217346,0.27291352321239426
COHFACE_s37_session3_natural,26,43,27.433333333333334,0.2889878749847412,0.13525426639198418
COHFACE_s37_session3_natural,26,44,27.466666666666665,0.1715957522392273,0.01036395173565046
COHFACE_s37_session3_natural,26,45,27.5,-0.02510347217321396,-0.09218394952600117
COHFACE_s37_session3_natural,26,46,27.533333333333335,-0.24509502947330475,-0.16339562145719014
COHFACE_s37_session3_natural,26,47,27.566666666666666,-0.44504448771476746,-0.197167771822939
COHFACE_s37_session3_natural,26,48,27.6,-0.615257740020752,-0.1903913401988955
COHFACE_s37_session3_natural,26,49,27.633333333333333,-0.7499634623527527,-0.14211809464062336
COHFACE_s37_session3_natural,26,50,27.666666666666668,-0.844012975692749,-0.05420125349532796
COHFACE_s37_session3_natural,26,51,27.7,-0.8978211283683777,0.06573520878762702
COHFACE_s37_session3_natural,26,52,27.733333333333334,-0.9251558184623718,0.2008617345624594
COHFACE_s37_session3_natural,26,53,27.766666666666666,-0.9595001935958862,0.3246040973278772
COHFACE_s37_session3_natural,26,54,27.8,-1.0099637508392334,0.4052143507962843
COHFACE_s37_session3_natural,26,55,27.833333333333332,-1.0568501949310303,0.41483225543377894
COHFACE_s37_session3_natural,26,56,27.866666666666667,-0.8690404295921326,0.3398294359874764
COHFACE_s37_session3_natural,26,57,27.9,0.038870297372341156,0.18805009061553615
COHFACE_s37_session3_natural,26,58,27.933333333333334,1.297398328781128,-0.010780105521448749
COHFACE_s37_session3_natural,26,59,27.966666666666665,2.0011160373687744,-0.2127616162940257
COHFACE_s37_session3_natural,26,60,28.0,2.0206613540649414,-0.37352919035633503
COHFACE_s37_session3_natural,26,61,28.033333333333335,1.7526832818984985,-0.4631837724318556
COHFACE_s37_session3_natural,26,62,28.066666666666666,1.4688876867294312,-0.4770433881721396
COHFACE_s37_session3_natural,26,63,28.1,1.1539980173110962,-0.4379560233621938
COHFACE_s37_session3_natural,26,64,28.133333333333333,0.7561988234519958,-0.3882262324458753
COHFACE_s37_session3_natural,26,65,28.166666666666668,0.43675118684768677,-0.37287601043702207
COHFACE_s37_session3_natural,26,66,28.2,0.3165300190448761,-0.4203514476857648
COHFACE_s37_session3_natural,26,67,28.233333333333334,0.316398024559021,-0.5290686811139554
COHFACE_s37_session3_natural,26,68,28.266666666666666,0.28222334384918213,-0.6660525273146951
COHFACE_s37_session3_natural,26,69,28.3,0.14988137781620026,-0.7782478767675124
COHFACE_s37_session3_natural,26,70,28.333333333333332,-0.056034184992313385,-0.8110365156757631
COHFACE_s37_session3_natural,26,71,28.366666666666667,-0.2768053114414215,-0.7257580851830174
COHFACE_s37_session3_natural,26,72,28.4,-0.48172757029533386,-0.5101847164116242
COHFACE_s37_session3_natural,26,73,28.433333333333334,-0.6546692252159119,-0.18049922832382356
COHFACE_s37_session3_natural,26,74,28.466666666666665,-0.7870489358901978,0.22320372484497933
COHFACE_s37_session3_natural,26,75,28.5,-0.8756980895996094,0.6450750924750612
COHFACE_s37_session3_natural,26,76,28.533333333333335,-0.9348373413085938,1.0237033718901418
COHFACE_s37_session3_natural,26,77,28.566666666666666,-0.9818432331085205,1.303727583558248
COHFACE_s37_session3_natural,26,78,28.6,-1.0238637924194336,1.44753973443573
COHFACE_s37_session3_natural,26,79,28.633333333333333,-1.0634387731552124,1.4441931491058877
COHFACE_s37_session3_natural,26,80,28.666666666666668,-1.0958908796310425,1.3120693410072182
COHFACE_s37_session3_natural,26,81,28.7,-1.1347805261611938,1.0931041961475676
COHFACE_s37_session3_natural,26,82,28.733333333333334,-1.1960636377334595,0.839212414865304
COHFACE_s37_session3_natural,26,83,28.766666666666666,-1.2661354541778564,0.5950145586984246
COHFACE_s37_session3_natural,26,84,28.8,-1.2165395021438599,0.3834605763797294
COHFACE_s37_session3_natural,26,85,28.833333333333332,-0.5249300003051758,0.20059377228942832
COHFACE_s37_session3_natural,26,86,28.866666666666667,0.864028811454773,0.0219619251092164
COHFACE_s37_session3_natural,26,87,28.9,1.930924654006958,-0.18197114842768142
COHFACE_s37_session3_natural,26,88,28.933333333333334,2.1963441371917725,-0.42796157591231837
COHFACE_s37_session3_natural,26,89,28.966666666666665,1.999544382095337,-0.7075342438078336
COHFACE_s37_session3_natural,26,90,29.0,1.7168238162994385,-0.9860611032838109
COHFACE_s37_session3_natural,26,91,29.033333333333335,1.4314062595367432,-1.214399446962649
COHFACE_s37_session3_natural,26,92,29.066666666666666,1.0589300394058228,-1.3473632179450212
COHFACE_s37_session3_natural,26,93,29.1,0.6687440872192383,-1.3595490715852714
COHFACE_s37_session3_natural,26,94,29.133333333333333,0.4533544182777405,-1.2514874634616533
COHFACE_s37_session3_natural,26,95,29.166666666666668,0.41374173760414124,-1.0454030346381133
COHFACE_s37_session3_natural,26,96,29.2,0.4002881348133087,-0.7753128538844258
COHFACE_s37_session3_natural,26,97,29.233333333333334,0.30489957332611084,-0.47759812272628727
COHFACE_s37_session3_natural,26,98,29.266666666666666,0.12177969515323639,-0.18531751450647357
COHFACE_s37_session3_natural,26,99,29.3,-0.10410881042480469,0.07467229267804312
COHFACE_s37_session3_natural,26,100,29.333333333333332,-0.33170732855796814,0.2846625226694283
COHFACE_s37_session3_natural,26,101,29.366666666666667,-0.5331467390060425,0.44010918957183354
COHFACE_s37_session3_natural,26,102,29.4,-0.6924713253974915,0.5517069527229276
COHFACE_s37_session3_natural,26,103,29.433333333333334,-0.8097628951072693,0.6410557873842614
COHFACE_s37_session3_natural,26,104,29.466666666666665,-0.888422429561615,0.7293752994561441
COHFACE_s37_session3_natural,26,105,29.5,-0.940671443939209,0.8246545388234132
COHFACE_s37_session3_natural,26,106,29.533333333333335,-0.9838361740112305,0.9151572593093787
COHFACE_s37_session3_natural,26,107,29.566666666666666,-1.0280884504318237,0.9738379619571543
COHFACE_s37_session3_natural,26,108,29.6,-1.0760875940322876,0.9708764481690979
COHFACE_s37_session3_natural,26,109,29.633333333333333,-1.1274439096450806,0.8863283928907906
COHFACE_s37_session3_natural,26,110,29.666666666666668,-1.1883372068405151,0.7162936874853415
COHFACE_s37_session3_natural,26,111,29.7,-1.2468667030334473,0.47164477658044934
COHFACE_s37_session3_natural,26,112,29.733333333333334,-1.2927849292755127,0.17305712630183318
COHFACE_s37_session3_natural,26,113,29.766666666666666,-1.3267018795013428,-0.153059600265742
COHFACE_s37_session3_natural,26,114,29.8,-1.3516916036605835,-0.47595783504049016
COHFACE_s37_session3_natural,26,115,29.833333333333332,-1.3722554445266724,-0.7612130333055939
COHFACE_s37_session3_natural,26,116,29.866666666666667,-1.3954975605010986,-0.9740087635625876
COHFACE_s37_session3_natural,26,117,29.9,-1.3653464317321777,-1.0863727031641282
COHFACE_s37_session3_natural,26,118,29.933333333333334,-0.8207583427429199,-1.0856932862646849
COHFACE_s37_session3_natural,26,119,29.966666666666665,0.5942337512969971,-0.9796547545264573
COHFACE_s37_session3_natural,26,120,30.0,1.933998942375183,-0.7946446594796474
COHFACE_s37_session3_natural,26,121,30.033333333333335,2.4358937740325928,-0.5683831893244016
COHFACE_s37_session3_natural,26,122,30.066666666666666,2.321777105331421,-0.33968272752269024
COHFACE_s37_session3_natural,26,123,30.1,2.0133814811706543,-0.13853979507353148
COHFACE_s37_session3_natural,26,124,30.133333333333333,1.7130894660949707,0.020655902460809228
COHFACE_s37_session3_natural,26,125,30.166666666666668,1.3789119720458984,0.14058484214433775
COHFACE_s37_session3_natural,26,126,30.2,0.9918757677078247,0.2359506517521505
COHFACE_s37_session3_natural,26,127,30.233333333333334,0.7173279523849487,0.3231381819937082
COHFACE_s37_session3_natural,26,128,30.266666666666666,0.6247118711471558,0.40924671462061624
COHFACE_s37_session3_natural,26,129,30.3,0.6029031872749329,0.486786769179369
COHFACE_s37_session3_natural,26,130,30.333333333333332,0.5316493511199951,0.5377321248804965
COHFACE_s37_session3_natural,26,131,30.366666666666667,0.3698478043079376,0.5449706170130175
COHFACE_s37_session3_natural,26,132,30.4,0.14290310442447662,0.5040998808472054
COHFACE_s37_session3_natural,26,133,30.433333333333334,-0.1003744974732399,0.4279408810310908
COHFACE_s37_session3_natural,26,134,30.466666666666665,-0.32567834854125977,0.34116824306469606
COHFACE_s37_session3_natural,26,135,30.5,-0.5129223465919495,0.269028063058338
COHFACE_s37_session3_natural,26,136,30.533333333333335,-0.6565049290657043,0.2271767573753037
COHFACE_s37_session3_natural,26,137,30.566666666666666,-0.7622603178024292,0.2176626108851251
COHFACE_s37_session3_natural,26,138,30.6,-0.8339039087295532,0.2310870593809005
COHFACE_s37_session3_natural,26,139,30.633333333333333,-0.88763028383255,0.25158618706501534
COHFACE_s37_session3_natural,26,140,30.666666666666668,-0.9395398497581482,0.26207881590879745
COHFACE_s37_session3_natural,26,141,30.7,-0.9939514994621277,0.249367844017881
COHFACE_s37_session3_natural,26,142,30.733333333333334,-1.0513116121292114,0.20861574798125118
COHFACE_s37_session3_natural,26,143,30.766666666666666,-1.1112618446350098,0.1452477919673215
COHFACE_s37_session3_natural,26,144,30.8,-1.1716333627700806,0.07210118325300241
COHFACE_s37_session3_natural,26,145,30.833333333333332,-1.2283521890640259,0.0017544552347094119
COHFACE_s37_session3_natural,26,146,30.866666666666667,-1.2739876508712769,-0.06246930979294637
COHFACE_s37_session3_natural,26,147,30.9,-1.3065025806427002,-0.13095503935421277
COHFACE_s37_session3_natural,26,148,30.933333333333334,-1.3379614353179932,-0.2231196708207244
COHFACE_s37_session3_natural,26,149,30.966666666666665,-1.3735631704330444,-0.3543825676845134
COHFACE_s37_session3_natural,26,150,31.0,-1.2925083637237549,-0.522246580748267
COHFACE_s37_session3_natural,26,151,31.033333333333335,-0.541382372379303,-0.7012236555462711
COHFACE_s37_session3_natural,26,152,31.066666666666666,0.9355529546737671,-0.8510467781578189
COHFACE_s37_session3_natural,26,153,31.1,2.0930469036102295,-0.933942333824642
COHFACE_s37_session3_natural,26,154,31.133333333333333,2.4336178302764893,-0.9312487133139447
COHFACE_s37_session3_natural,26,155,31.166666666666668,2.262983560562134,-0.8504345640165913
COHFACE_s37_session3_natural,26,156,31.2,1.945239543914795,-0.7195695357484148
COHFACE_s37_session3_natural,26,157,31.233333333333334,1.627401351928711,-0.5732699608081582
COHFACE_s37_session3_natural,26,158,31.266666666666666,1.2620983123779297,-0.4377452027383313
COHFACE_s37_session3_natural,26,159,31.3,0.876885175704956,-0.32148525572513476
COHFACE_s37_session3_natural,26,160,31.333333333333332,0.6298166513442993,-0.2139991178904925
COHFACE_s37_session3_natural,26,161,31.366666666666667,0.5490196347236633,-0.09134121151139615
COHFACE_s37_session3_natural,26,162,31.4,0.526330828666687,0.07383291789914516
COHFACE_s37_session3_natural,26,163,31.433333333333334,0.45172616839408875,0.29983258509096783
COHFACE_s37_session3_natural,26,164,31.466666666666665,0.286699503660202,0.5842505083012504
COHFACE_s37_session3_natural,26,165,31.5,0.060710396617650986,0.8976691307084658
COHFACE_s37_session3_natural,26,166,31.533333333333335,-0.18002107739448547,1.1873252539205403
COHFACE_s37_session3_natural,26,167,31.566666666666666,-0.40620505809783936,1.3920438220750468
COHFACE_s37_session3_natural,26,168,31.6,-0.595699667930603,1.4638748629531446
COHFACE_s37_session3_natural,26,169,31.633333333333333,-0.7386285066604614,1.387073211548901
COHFACE_s37_session3_natural,26,170,31.666666666666668,-0.8396437168121338,1.185047499841288
COHFACE_s37_session3_natural,26,171,31.7,-0.9103442430496216,0.9111146015968036
COHFACE_s37_session3_natural,26,172,31.733333333333334,-0.9628573060035706,0.6268042779257701
COHFACE_s37_session3_natural,26,173,31.766666666666666,-1.0073107481002808,0.3778579244702188
COHFACE_s37_session3_natural,26,174,31.8,-1.053134799003601,0.17931838238627482
COHFACE_s37_session3_natural,26,175,31.833333333333332,-1.1016117334365845,0.01627588146031591
COHFACE_s37_session3_natural,26,176,31.866666666666667,-1.1575196981430054,-0.14166503854365217
COHFACE_s37_session3_natural,26,177,31.9,-1.2131634950637817,-0.3209694914023585
COHFACE_s37_session3_natural,26,178,31.933333333333334,-1.2593709230422974,-0.5296219800301337
COHFACE_s37_session3_natural,26,179,31.966666666666665,-1.2946960926055908,-0.7532369828727176
COHFACE_s37_session3_natural,26,180,32.0,-1.3289084434509277,-0.9618536041487545
COHFACE_s37_session3_natural,26,181,32.03333333333333,-1.3678170442581177,-1.1227229536035628
COHFACE_s37_session3_natural,26,182,32.06666666666667,-1.3766499757766724,-1.2124252077613775
COHFACE_s37_session3_natural,26,183,32.1,-0.9914619326591492,-1.2228516663133784
COHFACE_s37_session3_natural,26,184,32.13333333333333,0.2669025957584381,-1.1591841913197356
COHFACE_s37_session3_natural,26,185,32.166666666666664,1.6754571199417114,-1.0323678672109686
COHFACE_s37_session3_natural,26,186,32.2,2.3454151153564453,-0.8516346722559435
COHFACE_s37_session3_natural,26,187,32.233333333333334,2.3297674655914307,-0.6224608180871399
COHFACE_s37_session3_natural,26,188,32.266666666666666,2.0282180309295654,-0.35157664393139054
COHFACE_s37_session3_natural,26,189,32.3,1.6865342855453491,-0.055498225957640646
COHFACE_s37_session3_natural,26,190,32.333333333333336,1.3303784132003784,0.23420315983833667
COHFACE_s37_session3_natural,26,191,32.36666666666667,0.9313785433769226,0.47456791770159346
COHFACE_s37_session3_natural,26,192,32.4,0.6283455491065979,0.6241686004753099
COHFACE_s37_session3_natural,26,193,32.43333333333333,0.5142665505409241,0.6595695283101608
COHFACE_s37_session3_natural,26,194,32.46666666666667,0.5046855807304382,0.586972557779798
COHFACE_s37_session3_natural,26,195,32.5,0.47308847308158875,0.4428585910266244
COHFACE_s37_session3_natural,26,196,32.53333333333333,0.3501703143119812,0.2829481349017962
COHFACE_s37_session3_natural,26,197,32.56666666666667,0.15004484355449677,0.16414401848320284
COHFACE_s37_session3_natural,26,198,32.6,-0.08279679715633392,0.12638812723433987
COHFACE_s37_session3_natural,26,199,32.63333333333333,-0.3108793795108795,0.18067805046386148
COHFACE_s37_session3_natural,26,200,32.666666666666664,-0.5065098404884338,0.30718500764490625
COHFACE_s37_session3_natural,26,201,32.7,-0.6626344919204712,0.4639454158710693
COHFACE_s37_session3_natural,26,202,32.733333333333334,-0.781548023223877,0.6025668701330991
COHFACE_s37_session3_natural,26,203,32.766666666666666,-0.8697319626808167,0.6846359234286546
COHFACE_s37_session3_natural,26,204,32.8,-0.9291290044784546,0.6926343406453364
COHFACE_s37_session3_natural,26,205,32.833333333333336,-0.9774802327156067,0.632007161724285
COHFACE_s37_session3_natural,26,206,32.86666666666667,-1.0226001739501953,0.5250570938551021
COHFACE_s37_session3_natural,26,207,32.9,-1.066978096961975,0.4004719474053304
COHFACE_s37_session3_natural,26,208,32.93333333333333,-1.11102294921875,0.283067966290934
COHFACE_s37_session3_natural,26,209,32.96666666666667,-1.155495285987854,0.1868957265052196
COHFACE_s37_session3_natural,26,210,33.0,-1.2036768198013306,0.11256307645700286
COHFACE_s37_session3_natural,26,211,33.03333333333333,-1.2506450414657593,0.048268794794525186
COHFACE_s37_session3_natural,26,212,33.06666666666667,-1.305968165397644,-0.025778422393471657
COHFACE_s37_session3_natural,26,213,33.1,-1.3270035982131958,-0.12980002802587776
COHFACE_s37_session3_natural,26,214,33.13333333333333,-0.9295188188552856,-0.2754164211671077
COHFACE_s37_session3_natural,26,215,33.166666666666664,0.3169575333595276,-0.4585454180968427
COHFACE_s37_session3_natural,26,216,33.2,1.629557728767395,-0.6577124637053207
COHFACE_s37_session3_natural,26,217,33.233333333333334,2.194338798522949,-0.8392025759959503
COHFACE_s37_session3_natural,26,218,33.266666666666666,2.1151132583618164,-0.9672896777086842
COHFACE_s37_session3_natural,26,219,33.3,1.7728385925292969,-1.0153631099346303
COHFACE_s37_session3_natural,26,220,33.333333333333336,1.3808609247207642,-0.973598450968471
COHFACE_s37_session3_natural,26,221,33.36666666666667,0.9673449397087097,-0.8506659225045374
COHFACE_s37_session3_natural,26,222,33.4,0.5725382566452026,-0.6696276429697198
COHFACE_s37_session3_natural,26,223,33.43333333333333,0.3476870656013489,-0.4604530579924489
COHFACE_s37_session3_natural,26,224,33.46666666666667,0.3172529935836792,-0.25250702017283627
COHFACE_s37_session3_natural,26,225,33.5,0.3380495011806488,-0.06930966754377235
COHFACE_s37_session3_natural,26,226,33.53333333333333,0.301127552986145,0.07448180299190997
COHFACE_s37_session3_natural,26,227,33.56666666666667,0.18630670011043549,0.1750688824866781
COHFACE_s37_session3_natural,26,228,33.6,0.002168364357203245,0.24027499397637003
COHFACE_s37_session3_natural,26,229,33.63333333333333,-0.20638762414455414,0.287134006142194
COHFACE_s37_session3_natural,26,230,33.666666666666664,-0.40790247917175293,0.3350683168801324
COHFACE_s37_session3_natural,26,231,33.7,-0.5867222547531128,0.39653579746127166
COHFACE_s37_session3_natural,26,232,33.733333333333334,-0.7281359434127808,0.4701323979267099
COHFACE_s37_session3_natural,26,233,33.766666666666666,-0.8317098617553711,0.5408535679717072
COHFACE_s37_session3_natural,26,234,33.8,-0.9044409990310669,0.587608456481086
COHFACE_s37_session3_natural,26,235,33.833333333333336,-0.9544708132743835,0.5931525784869737
COHFACE_s37_session3_natural,26,236,33.86666666666667,-0.9908772706985474,0.5507088419215015
COHFACE_s37_session3_natural,26,237,33.9,-1.0209592580795288,0.46463484842888203
COHFACE_s37_session3_natural,26,238,33.93333333333333,-1.052990198135376,0.3466772279175738
COHFACE_s37_session3_natural,26,239,33.96666666666667,-1.0900379419326782,0.21153047384842533
COHFACE_s37_session3_natural,27,0,27.0,-0.9121925830841064,0.0017063297951866747
COHFACE_s37_session3_natural,27,1,27.033333333333335,-0.8073927760124207,-0.03721852798817666
COHFACE_s37_session3_natural,27,2,27.066666666666666,-0.10389506071805954,-0.06236004778237184
COHFACE_s37_session3_natural,27,3,27.1,1.0971910953521729,-0.051916489672888935
COHFACE_s37_session3_natural,27,4,27.133333333333333,1.9209790229797363,0.024264175426544986
COHFACE_s37_session3_natural,27,5,27.166666666666668,2.040276050567627,0.1907377892721753
COHFACE_s37_session3_natural,27,6,27.2,1.7792887687683105,0.44517600642512023
COHFACE_s37_session3_natural,27,7,27.233333333333334,1.4574458599090576,0.7435475650166505
COHFACE_s37_session3_natural,27,8,27.266666666666666,1.130598783493042,1.0041406418077472
COHFACE_s37_session3_natural,27,9,27.3,0.734735906124115,1.1329905770268949
COHFACE_s37_session3_natural,27,10,27.333333333333332,0.4049088954925537,1.0611331069656205
COHFACE_s37_session3_natural,27,11,27.366666666666667,0.2887803912162781,0.7765419474141422
COHFACE_s37_session3_natural,27,12,27.4,0.30319586396217346,0.3349895834301951
COHFACE_s37_session3_natural,27,13,27.433333333333334,0.2889878749847412,-0.15642158598235967
COHFACE_s37_session3_natural,27,14,27.466666666666665,0.1715957522392273,-0.5765299558681681
COHFACE_s37_session3_natural,27,15,27.5,-0.02510347217321396,-0.832145082729428
COHFACE_s37_session3_natural,27,16,27.533333333333335,-0.24509502947330475,-0.887303939329771
COHFACE_s37_session3_natural,27,17,27.566666666666666,-0.44504448771476746,-0.7688364361910981
COHFACE_s37_session3_natural,27,18,27.6,-0.615257740020752,-0.5483493818152367
COHFACE_s37_session3_natural,27,19,27.633333333333333,-0.7499634623527527,-0.31065810572912333
COHFACE_s37_session3_natural,27,20,27.666666666666668,-0.844012975692749,-0.12297228162354423
COHFACE_s37_session3_natural,27,21,27.7,-0.8978211283683777,-0.01660366561400698
COHFACE_s37_session3_natural,27,22,27.733333333333334,-0.9251558184623718,0.014325309791741138
COHFACE_s37_session3_natural,27,23,27.766666666666666,-0.9595001935958862,0.0004974560003971973
COHFACE_s37_session3_natural,27,24,27.8,-1.0099637508392334,-0.0207650105080684
COHFACE_s37_session3_natural,27,25,27.833333333333332,-1.0568501949310303,-0.021172304880412947
COHFACE_s37_session3_natural,27,26,27.866666666666667,-0.8690404295921326,0.010807539125680271
COHFACE_s37_session3_natural,27,27,27.9,0.038870297372341156,0.07107895804162392
COHFACE_s37_session3_natural,27,28,27.933333333333334,1.297398328781128,0.14647772343739324
COHFACE_s37_session3_natural,27,29,27.966666666666665,2.0011160373687744,0.22147687121363233
COHFACE_s37_session3_natural,27,30,28.0,2.0206613540649414,0.28139353449260335
COHFACE_s37_session3_natural,27,31,28.033333333333335,1.7526832818984985,0.31210294113672227
COHFACE_s37_session3_natural,27,32,28.066666666666666,1.4688876867294312,0.29927301432746056
COHFACE_s37_session3_natural,27,33,28.1,1.1539980173110962,0.23034017919075817
COHFACE_s37_session3_natural,27,34,28.133333333333333,0.7561988234519958,0.09968217171547201
COHFACE_s37_session3_natural,27,35,28.166666666666668,0.43675118684768677,-0.08575725143387182
COHFACE_s37_session3_natural,27,36,28.2,0.3165300190448761,-0.3040882866352895
COHFACE_s37_session3_natural,27,37,28.233333333333334,0.316398024559021,-0.5214950040358667
COHFACE_s37_session3_natural,27,38,28.266666666666666,0.28222334384918213,-0.7000653080778606
COHFACE_s37_session3_natural,27,39,28.3,0.14988137781620026,-0.8072652716317963
COHFACE_s37_session3_natural,27,40,28.333333333333332,-0.056034184992313385,-0.8228323191830003
COHFACE_s37_session3_natural,27,41,28.366666666666667,-0.2768053114414215,-0.7405195355117669
COHFACE_s37_session3_natural,27,42,28.4,-0.48172757029533386,-0.5658795891324366
COHFACE_s37_session3_natural,27,43,28.433333333333334,-0.6546692252159119,-0.3136794175697203
COHFACE_s37_session3_natural,27,44,28.466666666666665,-0.7870489358901978,-0.007121098824919001
COHFACE_s37_session3_natural,27,45,28.5,-0.8756980895996094,0.3222271764508155
COHFACE_s37_session3_natural,27,46,28.533333333333335,-0.9348373413085938,0.6365959559501381
COHFACE_s37_session3_natural,27,47,28.566666666666666,-0.9818432331085205,0.8978997528808929
COHFACE_s37_session3_natural,27,48,28.6,-1.0238637924194336,1.0759175242825771
COHFACE_s37_session3_natural,27,49,28.633333333333333,-1.0634387731552124,1.1551274051435763
COHFACE_s37_session3_natural,27,50,28.666666666666668,-1.0958908796310425,1.1370813077219137
COHFACE_s37_session3_natural,27,51,28.7,-1.1347805261611938,1.0374434507194352
COHFACE_s37_session3_natural,27,52,28.733333333333334,-1.1960636377334595,0.8788694302388587
COHFACE_s37_session3_natural,27,53,28.766666666666666,-1.2661354541778564,0.6823446184381833
COHFACE_s37_session3_natural,27,54,28.8,-1.2165395021438599,0.4604697185612212
COHFACE_s37_session3_natural,27,55,28.833333333333332,-0.5249300003051758,0.21578841482864244
COHFACE_s37_session3_natural,27,56,28.866666666666667,0.864028811454773,-0.05480086470997496
COHFACE_s37_session3_natural,27,57,28.9,1.930924654006958,-0.35131803985789845
COHFACE_s37_session3_natural,27,58,28.933333333333334,2.1963441371917725,-0.66163219810585
COHFACE_s37_session3_natural,27,59,28.966666666666665,1.999544382095337,-0.9567909699050658
COHFACE_s37_session3_natural,27,60,29.0,1.7168238162994385,-1.194354050582328
COHFACE_s37_session3_natural,27,61,29.033333333333335,1.4314062595367432,-1.329992463465891
COHFACE_s37_session3_natural,27,62,29.066666666666666,1.0589300394058228,-1.3330235791656517
COHFACE_s37_session3_natural,27,63,29.1,0.6687440872192383,-1.198617818463307
COHFACE_s37_session3_natural,27,64,29.133333333333333,0.4533544182777405,-0.9505805536102464
COHFACE_s37_session3_natural,27,65,29.166666666666668,0.41374173760414124,-0.6335127260154194
COHFACE_s37_session3_natural,27,66,29.2,0.4002881348133087,-0.2989085693585859
COHFACE_s37_session3_natural,27,67,29.233333333333334,0.30489957332611084,0.007805673803570155
COHFACE_s37_session3_natural,27,68,29.266666666666666,0.12177969515323639,0.2549769905153361
COHFACE_s37_session3_natural,27,69,29.3,-0.10410881042480469,0.4274202246589321
COHFACE_s37_session3_natural,27,70,29.333333333333332,-0.33170732855796814,0.5264844726242462
COHFACE_s37_session3_natural,27,71,29.366666666666667,-0.5331467390060425,0.5686472799934613
COHFACE_s37_session3_natural,27,72,29.4,-0.6924713253974915,0.5812891564085418
COHFACE_s37_session3_natural,27,73,29.433333333333334,-0.8097628951072693,0.5940543766636774
COHFACE_s37_session3_natural,27,74,29.466666666666665,-0.888422429561615,0.6275924444096426
COHFACE_s37_session3_natural,27,75,29.5,-0.940671443939209,0.6850206532185831
COHFACE_s37_session3_natural,27,76,29.533333333333335,-0.9838361740112305,0.7511014909379796
COHFACE_s37_session3_natural,27,77,29.566666666666666,-1.0280884504318237,0.7998454291367653
COHFACE_s37_session3_natural,27,78,29.6,-1.0760875940322876,0.8060607612931406
COHFACE_s37_session3_natural,27,79,29.633333333333333,-1.1274439096450806,0.7542504556877321
COHFACE_s37_session3_natural,27,80,29.666666666666668,-1.1883372068405151,0.640984509105127
COHFACE_s37_session3_natural,27,81,29.7,-1.2468667030334473,0.47174059805114504
COHFACE_s37_session3_natural,27,82,29.733333333333334,-1.2927849292755127,0.25624270465934335
COHFACE_s37_session3_natural,27,83,29.766666666666666,-1.3267018795013428,0.005996559854918822
COHFACE_s37_session3_natural,27,84,29.8,-1.3516916036605835,-0.26505344814328274
COHFACE_s37_session3_natural,27,85,29.833333333333332,-1.3722554445266724,-0.5385503192268638
COHFACE_s37_session3_natural,27,86,29.866666666666667,-1.3954975605010986,-0.7909284691289648
COHFACE_s37_session3_natural,27,87,29.9,-1.3653464317321777,-0.9952419379256865
COHFACE_s37_session3_natural,27,88,29.933333333333334,-0.8207583427429199,-1.1256180751095124
COHFACE_s37_session3_natural,27,89,29.966666666666665,0.5942337512969971,-1.1632729743258237
COHFACE_s37_session3_natural,27,90,30.0,1.933998942375183,-1.1024499626786768
COHFACE_s37_session3_natural,27,91,30.033333333333335,2.4358937740325928,-0.9542162849251369
COHFACE_s37_session3_natural,27,92,30.066666666666666,2.321777105331421,-0.7458093165803292
COHFACE_s37_session3_natural,27,93,30.1,2.0133814811706543,-0.5141742916704534
COHFACE_s37_session3_natural,27,94,30.133333333333333,1.7130894660949707,-0.29497591169816834
COHFACE_s37_session3_natural,27,95,30.166666666666668,1.3789119720458984,-0.111319883978995
COHFACE_s37_session3_natural,27,96,30.2,0.9918757677078247,0.032415116083851024
COHFACE_s37_session3_natural,27,97,30.233333333333334,0.7173279523849487,0.14818265526847363
COHFACE_s37_session3_natural,27,98,30.266666666666666,0.6247118711471558,0.2544018926124312
COHFACE_s37_session3_natural,27,99,30.3,0.6029031872749329,0.36405882312816723
COHFACE_s37_session3_natural,27,100,30.333333333333332,0.5316493511199951,0.4773990844965136
COHFACE_s37_session3_natural,27,101,30.366666666666667,0.3698478043079376,0.5829171754518808
COHFACE_s37_session3_natural,27,102,30.4,0.14290310442447662,0.6649835656642822
COHFACE_s37_session3_natural,27,103,30.433333333333334,-0.1003744974732399,0.7125384985344334
COHFACE_s37_session3_natural,27,104,30.466666666666665,-0.32567834854125977,0.7236685345543986
COHFACE_s37_session3_natural,27,105,30.5,-0.5129223465919495,0.7044871731693644
COHFACE_s37_session3_natural,27,106,30.533333333333335,-0.6565049290657043,0.6644511907109008
COHFACE_s37_session3_natural,27,107,30.566666666666666,-0.7622603178024292,0.6115369375916704
COHFACE_s37_session3_natural,27,108,30.6,-0.8339039087295532,0.5492309485935211
COHFACE_s37_session3_natural,27,109,30.633333333333333,-0.88763028383255,0.47558140204913174
COHFACE_s37_session3_natural,27,110,30.666666666666668,-0.9395398497581482,0.38461493565489835
COHFACE_s37_session3_natural,27,111,30.7,-0.9939514994621277,0.2706493736728006
COHFACE_s37_session3_natural,27,112,30.733333333333334,-1.0513116121292114,0.13443017781901503
COHFACE_s37_session3_natural,27,113,30.766666666666666,-1.1112618446350098,-0.012411126950201471
COHFACE_s37_session3_natural,27,114,30.8,-1.1716333627700806,-0.1488393629728731
COHFACE_s37_session3_natural,27,115,30.833333333333332,-1.2283521890640259,-0.2534226674285479
COHFACE_s37_session3_natural,27,116,30.866666666666667,-1.2739876508712769,-0.3170190768192938
COHFACE_s37_session3_natural,27,117,30.9,-1.3065025806427002,-0.3510791540823446
COHFACE_s37_session3_natural,27,118,30.933333333333334,-1.3379614353179932,-0.38443371971807716
COHFACE_s37_session3_natural,27,119,30.966666666666665,-1.3735631704330444,-0.44802223861131435
COHFACE_s37_session3_natural,27,120,31.0,-1.2925083637237549,-0.5556869304181402
COHFACE_s37_session3_natural,27,121,31.033333333333335,-0.541382372379303,-0.6931760263037532
COHFACE_s37_session3_natural,27,122,31.066666666666666,0.9355529546737671,-0.8227992379650648
COHFACE_s37_session3_natural,27,123,31.1,2.0930469036102295,-0.9012920054260035
COHFACE_s37_session3_natural,27,124,31.133333333333333,2.4336178302764893,-0.9004043391765871
COHFACE_s37_session3_natural,27,125,31.166666666666668,2.262983560562134,-0.8186787271601954
COHFACE_s37_session3_natural,27,126,31.2,1.945239543914795,-0.6792707845609617
COHFACE_s37_session3_natural,27,127,31.233333333333334,1.627401351928711,-0.517169242045142
COHFACE_s37_session3_natural,27,128,31.266666666666666,1.2620983123779297,-0.3637241231728587
COHFACE_s37_session3_natural,27,129,31.3,0.876885175704956,-0.23538108990507625
COHFACE_s37_session3_natural,27,130,31.333333333333332,0.6298166513442993,-0.1293048335480483
COHFACE_s37_session3_natural,27,131,31.366666666666667,0.5490196347236633,-0.025509098480636053
COHFACE_s37_session3_natural,27,132,31.4,0.526330828666687,0.10480561599779778
COHFACE_s37_session3_natural,27,133,31.433333333333334,0.45172616839408875,0.2853364073981844
COHFACE_s37_session3_natural,27,134,31.466666666666665,0.286699503660202,0.5195533630237136
COHFACE_s37_session3_natural,27,135,31.5,0.060710396617650986,0.782438080854976
COHFACE_s37_session3_natural,27,136,31.533333333333335,-0.18002107739448547,1.0258801656130918
COHFACE_s37_session3_natural,27,137,31.566666666666666,-0.40620505809783936,1.1975844398312614
COHFACE_s37_session3_natural,27,138,31.6,-0.595699667930603,1.2644871450418882
COHFACE_s37_session3_natural,27,139,31.633333333333333,-0.7386285066604614,1.2275417461838407
COHFACE_s37_session3_natural,27,140,31.666666666666668,-0.8396437168121338,1.11929485370199
COHFACE_s37_session3_natural,27,141,31.7,-0.9103442430496216,0.9856134070192958
COHFACE_s37_session3_natural,27,142,31.733333333333334,-0.9628573060035706,0.8616392090073098
COHFACE_s37_session3_natural,27,143,31.766666666666666,-1.0073107481002808,0.7547978792944826
COHFACE_s37_session3_natural,27,144,31.8,-1.053134799003601,0.6433085977711199
COHFACE_s37_session3_natural,27,145,31.833333333333332,-1.1016117334365845,0.4900023669223977
COHFACE_s37_session3_natural,27,146,31.866666666666667,-1.1575196981430054,0.26333176813013676
COHFACE_s37_session3_natural,27,147,31.9,-1.2131634950637817,-0.04526323219412868
COHFACE_s37_session3_natural,27,148,31.933333333333334,-1.2593709230422974,-0.4148209390479535
COHFACE_s37_session3_natural,27,149,31.966666666666665,-1.2946960926055908,-0.8001611895834067
COHFACE_s37_session3_natural,27,150,32.0,-1.3289084434509277,-1.1456771950154623
COHFACE_s37_session3_natural,27,151,32.03333333333333,-1.3678170442581177,-1.4021741052673298
COHFACE_s37_session3_natural,27,152,32.06666666666667,-1.3766499757766724,-1.5404933969853327
COHFACE_s37_session3_natural,27,153,32.1,-0.9914619326591492,-1.5567093918590198
COHFACE_s37_session3_natural,27,154,32.13333333333333,0.2669025957584381,-1.4672229689817071
COHFACE_s37_session3_natural,27,155,32.166666666666664,1.6754571199417114,-1.2969777926276602
COHFACE_s37_session3_natural,27,156,32.2,2.3454151153564453,-1.0678098697426162
COHFACE_s37_session3_natural,27,157,32.233333333333334,2.3297674655914307,-0.7937631614635842
COHFACE_s37_session3_natural,27,158,32.266666666666666,2.0282180309295654,-0.4853673394191483
COHFACE_s37_session3_natural,27,159,32.3,1.6865342855453491,-0.1586623301568566
COHFACE_s37_session3_natural,27,160,32.333333333333336,1.3303784132003784,0.1585129611658102
COHFACE_s37_session3_natural,27,161,32.36666666666667,0.9313785433769226,0.42875983564607445
COHFACE_s37_session3_natural,27,162,32.4,0.6283455491065979,0.6160736309420453
COHFACE_s37_session3_natural,27,163,32.43333333333333,0.5142665505409241,0.6999527608961762
COHFACE_s37_session3_natural,27,164,32.46666666666667,0.5046855807304382,0.6849664405608943
COHFACE_s37_session3_natural,27,165,32.5,0.47308847308158875,0.6005541304901876
COHFACE_s37_session3_natural,27,166,32.53333333333333,0.3501703143119812,0.49114518237085647
COHFACE_s37_session3_natural,27,167,32.56666666666667,0.15004484355449677,0.4012752938910591
COHFACE_s37_session3_natural,27,168,32.6,-0.08279679715633392,0.36162976388716966
COHFACE_s37_session3_natural,27,169,32.63333333333333,-0.3108793795108795,0.38056275813650065
COHFACE_s37_session3_natural,27,170,32.666666666666664,-0.5065098404884338,0.4434730721839599
COHFACE_s37_session3_natural,27,171,32.7,-0.6626344919204712,0.5199826991530093
COHFACE_s37_session3_natural,27,172,32.733333333333334,-0.781548023223877,0.5762257171441549
COHFACE_s37_session3_natural,27,173,32.766666666666666,-0.8697319626808167,0.5874571523203179
COHFACE_s37_session3_natural,27,174,32.8,-0.9291290044784546,0.5457846141435683
COHFACE_s37_session3_natural,27,175,32.833333333333336,-0.9774802327156067,0.46010080936594044
COHFACE_s37_session3_natural,27,176,32.86666666666667,-1.0226001739501953,0.34959937905783456
COHFACE_s37_session3_natural,27,177,32.9,-1.066978096961975,0.2353771822930358
COHFACE_s37_session3_natural,27,178,32.93333333333333,-1.11102294921875,0.1341140086481483
COHFACE_s37_session3_natural,27,179,32.96666666666667,-1.155495285987854,0.05503595134051644
COHFACE_s37_session3_natural,27,180,33.0,-1.2036768198013306,-0.0008812318813551552
COHFACE_s37_session3_natural,27,181,33.03333333333333,-1.2506450414657593,-0.04084910921793363
COHFACE_s37_session3_natural,27,182,33.06666666666667,-1.305968165397644,-0.07945082321998885
COHFACE_s37_session3_natural,27,183,33.1,-1.3270035982131958,-0.13584243853462025
COHFACE_s37_session3_natural,27,184,33.13333333333333,-0.9295188188552856,-0.2278799110305793
COHFACE_s37_session3_natural,27,185,33.166666666666664,0.3169575333595276,-0.3639873264037502
COHFACE_s37_session3_natural,27,186,33.2,1.629557728767395,-0.5361290747371232
COHFACE_s37_session3_natural,27,187,33.233333333333334,2.194338798522949,-0.7182784756844475
COHFACE_s37_session3_natural,27,188,33.266666666666666,2.1151132583618164,-0.8727959527388224
COHFACE_s37_session3_natural,27,189,33.3,1.7728385925292969,-0.962827702647018
COHFACE_s37_session3_natural,27,190,33.333333333333336,1.3808609247207642,-0.9647732862823731
COHFACE_s37_session3_natural,27,191,33.36666666666667,0.9673449397087097,-0.8744385817759336
COHFACE_s37_session3_natural,27,192,33.4,0.5725382566452026,-0.7047647850726283
COHFACE_s37_session3_natural,27,193,33.43333333333333,0.3476870656013489,-0.47844608650527487
COHFACE_s37_session3_natural,27,194,33.46666666666667,0.3172529935836792,-0.22096334500458442
COHFACE_s37_session3_natural,27,195,33.5,0.3380495011806488,0.0424519016540384
COHFACE_s37_session3_natural,27,196,33.53333333333333,0.301127552986145,0.28665017282151717
COHFACE_s37_session3_natural,27,197,33.56666666666667,0.18630670011043549,0.4868264587234318
COHFACE_s37_session3_natural,27,198,33.6,0.002168364357203245,0.6220665916434641
COHFACE_s37_session3_natural,27,199,33.63333333333333,-0.20638762414455414,0.6817100898742728
COHFACE_s37_session3_natural,27,200,33.666666666666664,-0.40790247917175293,0.6710342948871987
COHFACE_s37_session3_natural,27,201,33.7,-0.5867222547531128,0.6121439912689953
COHFACE_s37_session3_natural,27,202,33.733333333333334,-0.7281359434127808,0.5381507626400892
COHFACE_s37_session3_natural,27,203,33.766666666666666,-0.8317098617553711,0.4821226407296215
COHFACE_s37_session3_natural,27,204,33.8,-0.9044409990310669,0.46479519993244467
COHFACE_s37_session3_natural,27,205,33.833333333333336,-0.9544708132743835,0.48581274113520073
COHFACE_s37_session3_natural,27,206,33.86666666666667,-0.9908772706985474,0.5223036642876329
COHFACE_s37_session3_natural,27,207,33.9,-1.0209592580795288,0.5360749970403165
COHFACE_s37_session3_natural,27,208,33.93333333333333,-1.052990198135376,0.48733478919913154
COHFACE_s37_session3_natural,27,209,33.96666666666667,-1.0900379419326782,0.3500466341245586
COHFACE_s37_session3_natural,27,210,34.0,-1.1290847063064575,0.1231401611777931
COHFACE_s37_session3_natural,27,211,34.03333333333333,-1.1863569021224976,-0.16671687808398886
COHFACE_s37_session3_natural,27,212,34.06666666666667,-1.2459927797317505,-0.4717909816612884
COHFACE_s37_session3_natural,27,213,34.1,-1.112186074256897,-0.7366850281184014
COHFACE_s37_session3_natural,27,214,34.13333333333333,-0.2450321614742279,-0.9132755853088919
COHFACE_s37_session3_natural,27,215,34.166666666666664,1.1186413764953613,-0.9720958166290533
COHFACE_s37_session3_natural,27,216,34.2,1.9675134420394897,-0.9076644595256063
COHFACE_s37_session3_natural,27,217,34.233333333333334,2.0760979652404785,-0.738151675974596
COHFACE_s37_session3_natural,27,218,34.266666666666666,1.7935155630111694,-0.5008599764502865
COHFACE_s37_session3_natural,27,219,34.3,1.3919004201889038,-0.244340007180309
COHFACE_s37_session3_natural,27,220,34.333333333333336,0.9549663662910461,-0.01717288654050578
COHFACE_s37_session3_natural,27,221,34.36666666666667,0.5272612571716309,0.14553336539449507
COHFACE_s37_session3_natural,27,222,34.4,0.2615337073802948,0.23384085970022173
COHFACE_s37_session3_natural,27,223,34.43333333333333,0.2319546490907669,0.2664936095899564
COHFACE_s37_session3_natural,27,224,34.46666666666667,0.31008613109588623,0.2815732669776467
COHFACE_s37_session3_natural,27,225,34.5,0.33842670917510986,0.3161126866832407
COHFACE_s37_session3_natural,27,226,34.53333333333333,0.2492745965719223,0.38457978189966835
COHFACE_s37_session3_natural,27,227,34.56666666666667,0.0718567743897438,0.4688351981068784
COHFACE_s37_session3_natural,27,228,34.6,-0.13726502656936646,0.5256380161541212
COHFACE_s37_session3_natural,27,229,34.63333333333333,-0.34284111857414246,0.5073900193576991
COHFACE_s37_session3_natural,27,230,34.666666666666664,-0.5231696963310242,0.38532479845405754
COHFACE_s37_session3_natural,27,231,34.7,-0.6723852157592773,0.16427292470917085
COHFACE_s37_session3_natural,27,232,34.733333333333334,-0.789469301700592,-0.11697767629110846
COHFACE_s37_session3_natural,27,233,34.766666666666666,-0.8775337934494019,-0.39858444448629127
COHFACE_s37_session3_natural,27,234,34.8,-0.9342589974403381,-0.6187185303852124
COHFACE_s37_session3_natural,27,235,34.833333333333336,-0.9688045978546143,-0.7302802479358058
COHFACE_s37_session3_natural,27,236,34.86666666666667,-0.9998735785484314,-0.7104244725784737
COHFACE_s37_session3_natural,27,237,34.9,-1.0292389392852783,-0.5628272330651026
COHFACE_s37_session3_natural,27,238,34.93333333333333,-1.0573469400405884,-0.31460709870536113
COHFACE_s37_session3_natural,27,239,34.96666666666667,-1.1045665740966797,-0.009793391421747323
COHFACE_s37_session3_natural,28,0,28.0,2.0206613540649414,-0.1742576798159786
COHFACE_s37_session3_natural,28,1,28.033333333333335,1.7526832818984985,-0.1204674763613226
COHFACE_s37_session3_natural,28,2,28.066666666666666,1.4688876867294312,-0.06566407860322163
COHFACE_s37_session3_natural,28,3,28.1,1.1539980173110962,-0.010906419070778555
COHFACE_s37_session3_natural,28,4,28.133333333333333,0.7561988234519958,0.04339857066643504
COHFACE_s37_session3_natural,28,5,28.166666666666668,0.43675118684768677,0.09332949635641954
COHFACE_s37_session3_natural,28,6,28.2,0.3165300190448761,0.12688467604889564
COHFACE_s37_session3_natural,28,7,28.233333333333334,0.316398024559021,0.12416925197342021
COHFACE_s37_session3_natural,28,8,28.266666666666666,0.28222334384918213,0.06487894001222626
COHFACE_s37_session3_natural,28,9,28.3,0.14988137781620026,-0.05954360612716314
COHFACE_s37_session3_natural,28,10,28.333333333333332,-0.056034184992313385,-0.23517818954518946
COHFACE_s37_session3_natural,28,11,28.366666666666667,-0.2768053114414215,-0.4225663406566834
COHFACE_s37_session3_natural,28,12,28.4,-0.48172757029533386,-0.5647240142450904
COHFACE_s37_session3_natural,28,13,28.433333333333334,-0.6546692252159119,-0.6048075060956872
COHFACE_s37_session3_natural,28,14,28.466666666666665,-0.7870489358901978,-0.5070538640099412
COHFACE_s37_session3_natural,28,15,28.5,-0.8756980895996094,-0.27217274407523534
COHFACE_s37_session3_natural,28,16,28.533333333333335,-0.9348373413085938,0.05985852280246334
COHFACE_s37_session3_natural,28,17,28.566666666666666,-0.9818432331085205,0.4214247497967313
COHFACE_s37_session3_natural,28,18,28.6,-1.0238637924194336,0.7389717433518823
COHFACE_s37_session3_natural,28,19,28.633333333333333,-1.0634387731552124,0.9561717434086497
COHFACE_s37_session3_natural,28,20,28.666666666666668,-1.0958908796310425,1.0495671412492598
COHFACE_s37_session3_natural,28,21,28.7,-1.1347805261611938,1.0310244165282452
COHFACE_s37_session3_natural,28,22,28.733333333333334,-1.1960636377334595,0.9367606626776072
COHFACE_s37_session3_natural,28,23,28.766666666666666,-1.2661354541778564,0.8081834512927883
COHFACE_s37_session3_natural,28,24,28.8,-1.2165395021438599,0.6732162796825384
COHFACE_s37_session3_natural,28,25,28.833333333333332,-0.5249300003051758,0.5364829387704988
COHFACE_s37_session3_natural,28,26,28.866666666666667,0.864028811454773,0.3824688422849166
COHFACE_s37_session3_natural,28,27,28.9,1.930924654006958,0.18949581877956811
COHFACE_s37_session3_natural,28,28,28.933333333333334,2.1963441371917725,-0.052951451493962694
COHFACE_s37_session3_natural,28,29,28.966666666666665,1.999544382095337,-0.3326558108317031
COHFACE_s37_session3_natural,28,30,29.0,1.7168238162994385,-0.6149175045145995
COHFACE_s37_session3_natural,28,31,29.033333333333335,1.4314062595367432,-0.8543695051345908
COHFACE_s37_session3_natural,28,32,29.066666666666666,1.0589300394058228,-1.011815393607483
COHFACE_s37_session3_natural,28,33,29.1,0.6687440872192383,-1.06724762034659
COHFACE_s37_session3_natural,28,34,29.133333333333333,0.4533544182777405,-1.0235253620125393
COHFACE_s37_session3_natural,28,35,29.166666666666668,0.41374173760414124,-0.9012346367824307
COHFACE_s37_session3_natural,28,36,29.2,0.4002881348133087,-0.7296181753808931
COHFACE_s37_session3_natural,28,37,29.233333333333334,0.30489957332611084,-0.5387632027339081
COHFACE_s37_session3_natural,28,38,29.266666666666666,0.12177969515323639,-0.35500129975420425
COHFACE_s37_session3_natural,28,39,29.3,-0.10410881042480469,-0.19794601478662704
COHFACE_s37_session3_natural,28,40,29.333333333333332,-0.33170732855796814,-0.07691232687145921
COHFACE_s37_session3_natural,28,41,29.366666666666667,-0.5331467390060425,0.013046142093842507
COHFACE_s37_session3_natural,28,42,29.4,-0.6924713253974915,0.091923265671346
COHFACE_s37_session3_natural,28,43,29.433333333333334,-0.8097628951072693,0.18844218232787668
COHFACE_s37_session3_natural,28,44,29.466666666666665,-0.888422429561615,0.32689412737694334
COHFACE_s37_session3_natural,28,45,29.5,-0.940671443939209,0.5127763773742087
COHFACE_s37_session3_natural,28,46,29.533333333333335,-0.9838361740112305,0.7248895984652087
COHFACE_s37_session3_natural,28,47,29.566666666666666,-1.0280884504318237,0.9187620702728311
COHFACE_s37_session3_natural,28,48,29.6,-1.0760875940322876,1.040400635989359
COHFACE_s37_session3_natural,28,49,29.633333333333333,-1.1274439096450806,1.0442700883301212
COHFACE_s37_session3_natural,28,50,29.666666666666668,-1.1883372068405151,0.9081771175552813
COHFACE_s37_session3_natural,28,51,29.7,-1.2468667030334473,0.640202779478876
COHFACE_s37_session3_natural,28,52,29.733333333333334,-1.2927849292755127,0.27675620382021815
COHFACE_s37_session3_natural,28,53,29.766666666666666,-1.3267018795013428,-0.12617280907302175
COHFACE_s37_session3_natural,28,54,29.8,-1.3516916036605835,-0.5055389726637344
COHFACE_s37_session3_natural,28,55,29.833333333333332,-1.3722554445266724,-0.8046919320307507
COHFACE_s37_session3_natural,28,56,29.866666666666667,-1.3954975605010986,-0.9849438680440542
COHFACE_s37_session3_natural,28,57,29.9,-1.3653464317321777,-1.03262880344918
COHFACE_s37_session3_natural,28,58,29.933333333333334,-0.8207583427429199,-0.9600447978067983
COHFACE_s37_session3_natural,28,59,29.966666666666665,0.5942337512969971,-0.8003146100867073
COHFACE_s37_session3_natural,28,60,30.0,1.933998942375183,-0.5977834968346728
COHFACE_s37_session3_natural,28,61,30.033333333333335,2.4358937740325928,-0.396524920445674
COHFACE_s37_session3_natural,28,62,30.066666666666666,2.321777105331421,-0.22967495276444175
COHFACE_s37_session3_natural,28,63,30.1,2.0133814811706543,-0.11203264084363673
COHFACE_s37_session3_natural,28,64,30.133333333333333,1.7130894660949707,-0.037927534317046055
COHFACE_s37_session3_natural,28,65,30.166666666666668,1.3789119720458984,0.01456106682058957
COHFACE_s37_session3_natural,28,66,30.2,0.9918757677078247,0.0737057727833884
COHFACE_s37_session3_natural,28,67,30.233333333333334,0.7173279523849487,0.16156184251066644
COHFACE_s37_session3_natural,28,68,30.266666666666666,0.6247118711471558,0.2836439099688444
COHFACE_s37_session3_natural,28,69,30.3,0.6029031872749329,0.42571654413850973
COHFACE_s37_session3_natural,28,70,30.333333333333332,0.5316493511199951,0.5597342243603783
COHFACE_s37_session3_natural,28,71,30.366666666666667,0.3698478043079376,0.6563141411280186
COHFACE_s37_session3_natural,28,72,30.4,0.14290310442447662,0.6971873569653873
COHFACE_s37_session3_natural,28,73,30.433333333333334,-0.1003744974732399,0.6811020150252145
COHFACE_s37_session3_natural,28,74,30.466666666666665,-0.32567834854125977,0.6213759868990985
COHFACE_s37_session3_natural,28,75,30.5,-0.5129223465919495,0.538580961714899
COHFACE_s37_session3_natural,28,76,30.533333333333335,-0.6565049290657043,0.4532878245204979
COHFACE_s37_session3_natural,28,77,30.566666666666666,-0.7622603178024292,0.38142735305197206
COHFACE_s37_session3_natural,28,78,30.6,-0.8339039087295532,0.3315688863094153
COHFACE_s37_session3_natural,28,79,30.633333333333333,-0.88763028383255,0.3025607027223423
COHFACE_s37_session3_natural,28,80,30.666666666666668,-0.9395398497581482,0.28228590846591156
COHFACE_s37_session3_natural,28,81,30.7,-0.9939514994621277,0.2503125995040747
COHFACE_s37_session3_natural,28,82,30.733333333333334,-1.0513116121292114,0.18562216425154307
COHFACE_s37_session3_natural,28,83,30.766666666666666,-1.1112618446350098,0.07648930408959004
COHFACE_s37_session3_natural,28,84,30.8,-1.1716333627700806,-0.07340992939881441
COHFACE_s37_session3_natural,28,85,30.833333333333332,-1.2283521890640259,-0.2473071432529095
COHFACE_s37_session3_natural,28,86,30.866666666666667,-1.2739876508712769,-0.4250181570499687
COHFACE_s37_session3_natural,28,87,30.9,-1.3065025806427002,-0.5931333000406633
COHFACE_s37_session3_natural,28,88,30.933333333333334,-1.3379614353179932,-0.7479030437821671
COHFACE_s37_session3_natural,28,89,30.966666666666665,-1.3735631704330444,-0.8883311805835683
COHFACE_s37_session3_natural,28,90,31.0,-1.2925083637237549,-1.0053760373312564
COHFACE_s37_session3_natural,28,91,31.033333333333335,-0.541382372379303,-1.0772799019646577
COHFACE_s37_session3_natural,28,92,31.066666666666666,0.9355529546737671,-1.0764425027039022
COHFACE_s37_session3_natural,28,93,31.1,2.0930469036102295,-0.9842450055775587
COHFACE_s37_session3_natural,28,94,31.133333333333333,2.4336178302764893,-0.8042831646060815
COHFACE_s37_session3_natural,28,95,31.166666666666668,2.262983560562134,-0.5653782141829478
COHFACE_s37_session3_natural,28,96,31.2,1.945239543914795,-0.3124031173259817
COHFACE_s37_session3_natural,28,97,31.233333333333334,1.627401351928711,-0.0900160655659757
COHFACE_s37_session3_natural,28,98,31.266666666666666,1.2620983123779297,0.0730182003556872
COHFACE_s37_session3_natural,28,99,31.3,0.876885175704956,0.17297085589253985
COHFACE_s37_session3_natural,28,100,31.333333333333332,0.6298166513442993,0.23114908855754898
COHFACE_s37_session3_natural,28,101,31.366666666666667,0.5490196347236633,0.2851312747256714
COHFACE_s37_session3_natural,28,102,31.4,0.526330828666687,0.373668935531848
COHFACE_s37_session3_natural,28,103,31.433333333333334,0.45172616839408875,0.5195783183135363
COHFACE_s37_session3_natural,28,104,31.466666666666665,0.286699503660202,0.7169192600438695
COHFACE_s37_session3_natural,28,105,31.5,0.060710396617650986,0.9289928234075757
COHFACE_s37_session3_natural,28,106,31.533333333333335,-0.18002107739448547,1.1003331692401745
COHFACE_s37_session3_natural,28,107,31.566666666666666,-0.40620505809783936,1.179319828020045
COHFACE_s37_session3_natural,28,108,31.6,-0.595699667930603,1.1413070139292687
COHFACE_s37_session3_natural,28,109,31.633333333333333,-0.7386285066604614,1.0002134155077957
COHFACE_s37_session3_natural,28,110,31.666666666666668,-0.8396437168121338,0.8019710639048461
COHFACE_s37_session3_natural,28,111,31.7,-0.9103442430496216,0.6028274722715508
COHFACE_s37_session3_natural,28,112,31.733333333333334,-0.9628573060035706,0.4433916267475388
COHFACE_s37_session3_natural,28,113,31.766666666666666,-1.0073107481002808,0.33133460963225136
COHFACE_s37_session3_natural,28,114,31.8,-1.053134799003601,0.24088288103775765
COHFACE_s37_session3_natural,28,115,31.833333333333332,-1.1016117334365845,0.1285455738815043
COHFACE_s37_session3_natural,28,116,31.866666666666667,-1.1575196981430054,-0.04340314094781992
COHFACE_s37_session3_natural,28,117,31.9,-1.2131634950637817,-0.28726072589218665
COHFACE_s37_session3_natural,28,118,31.933333333333334,-1.2593709230422974,-0.5825850678704063
COHFACE_s37_session3_natural,28,119,31.966666666666665,-1.2946960926055908,-0.8831893785935797
COHFACE_s37_session3_natural,28,120,32.0,-1.3289084434509277,-1.1342006677983865
COHFACE_s37_session3_natural,28,121,32.03333333333333,-1.3678170442581177,-1.2914856047394891
COHFACE_s37_session3_natural,28,122,32.06666666666667,-1.3766499757766724,-1.3356576377733518
COHFACE_s37_session3_natural,28,123,32.1,-0.9914619326591492,-1.2754753063850959
COHFACE_s37_session3_natural,28,124,32.13333333333333,0.2669025957584381,-1.139616078583298
COHFACE_s37_session3_natural,28,125,32.166666666666664,1.6754571199417114,-0.9608076319722182
COHFACE_s37_session3_natural,28,126,32.2,2.3454151153564453,-0.7605496986099628
COHFACE_s37_session3_natural,28,127,32.233333333333334,2.3297674655914307,-0.5429548547344928
COHFACE_s37_session3_natural,28,128,32.266666666666666,2.0282180309295654,-0.30105580298933543
COHFACE_s37_session3_natural,28,129,32.3,1.6865342855453491,-0.031318322756372446
COHFACE_s37_session3_natural,28,130,32.333333333333336,1.3303784132003784,0.253062305217079
COHFACE_s37_session3_natural,28,131,32.36666666666667,0.9313785433769226,0.5189622677788165
COHFACE_s37_session3_natural,28,132,32.4,0.6283455491065979,0.7229862636764387
COHFACE_s37_session3_natural,28,133,32.43333333333333,0.5142665505409241,0.8291338472443461
COHFACE_s37_session3_natural,28,134,32.46666666666667,0.5046855807304382,0.8252996353518373
COHFACE_s37_session3_natural,28,135,32.5,0.47308847308158875,0.7303028322128317
COHFACE_s37_session3_natural,28,136,32.53333333333333,0.3501703143119812,0.5881580070215349
COHFACE_s37_session3_natural,28,137,32.56666666666667,0.15004484355449677,0.452290529175869
COHFACE_s37_session3_natural,28,138,32.6,-0.08279679715633392,0.3663069981118595
COHFACE_s37_session3_natural,28,139,32.63333333333333,-0.3108793795108795,0.34885831911412685
COHFACE_s37_session3_natural,28,140,32.666666666666664,-0.5065098404884338,0.3884725203288052
COHFACE_s37_session3_natural,28,141,32.7,-0.6626344919204712,0.4504435982302452
COHFACE_s37_session3_natural,28,142,32.733333333333334,-0.781548023223877,0.4929233296990667
COHFACE_s37_session3_natural,28,143,32.766666666666666,-0.8697319626808167,0.48520914643897844
COHFACE_s37_session3_natural,28,144,32.8,-0.9291290044784546,0.41992714956756816
COHFACE_s37_session3_natural,28,145,32.833333333333336,-0.9774802327156067,0.3136088802456961
COHFACE_s37_session3_natural,28,146,32.86666666666667,-1.0226001739501953,0.19619420919262515
COHFACE_s37_session3_natural,28,147,32.9,-1.066978096961975,0.09570419686304002
COHFACE_s37_session3_natural,28,148,32.93333333333333,-1.11102294921875,0.0261499218612763
COHFACE_s37_session3_natural,28,149,32.96666666666667,-1.155495285987854,-0.016174355622602353
COHFACE_s37_session3_natural,28,150,33.0,-1.2036768198013306,-0.04839360546845485
COHFACE_s37_session3_natural,28,151,33.03333333333333,-1.2506450414657593,-0.09295094667568486
COHFACE_s37_session3_natural,28,152,33.06666666666667,-1.305968165397644,-0.1694787002671244
COHFACE_s37_session3_natural,28,153,33.1,-1.3270035982131958,-0.28818670464135693
COHFACE_s37_session3_natural,28,154,33.13333333333333,-0.9295188188552856,-0.4455340254219375
COHFACE_s37_session3_natural,28,155,33.166666666666664,0.3169575333595276,-0.6233017798523542
COHFACE_s37_session3_natural,28,156,33.2,1.629557728767395,-0.7919440801670129
COHFACE_s37_session3_natural,28,157,33.233333333333334,2.194338798522949,-0.9179432384317097
COHFACE_s37_session3_natural,28,158,33.266666666666666,2.1151132583618164,-0.9733450488044382
COHFACE_s37_session3_natural,28,159,33.3,1.7728385925292969,-0.944121507674307
COHFACE_s37_session3_natural,28,160,33.333333333333336,1.3808609247207642,-0.83342030603262
COHFACE_s37_session3_natural,28,161,33.36666666666667,0.9673449397087097,-0.6578398447979317
COHFACE_s37_session3_natural,28,162,33.4,0.5725382566452026,-0.4394448253860513
COHFACE_s37_session3_natural,28,163,33.43333333333333,0.3476870656013489,-0.19924836394934417
COHFACE_s37_session3_natural,28,164,33.46666666666667,0.3172529935836792,0.04402026103575212
COHFACE_s37_session3_natural,28,165,33.5,0.3380495011806488,0.27111125830016264
COHFACE_s37_session3_natural,28,166,33.53333333333333,0.301127552986145,0.460515179902355
COHFACE_s37_session3_natural,28,167,33.56666666666667,0.18630670011043549,0.5920651532867874
COHFACE_s37_session3_natural,28,168,33.6,0.002168364357203245,0.6548215283023048
COHFACE_s37_session3_natural,28,169,33.63333333333333,-0.20638762414455414,0.6534331085905949
COHFACE_s37_session3_natural,28,170,33.666666666666664,-0.40790247917175293,0.6076818723285223
COHFACE_s37_session3_natural,28,171,33.7,-0.5867222547531128,0.5447399089000825
COHFACE_s37_session3_natural,28,172,33.733333333333334,-0.7281359434127808,0.4886271163995767
COHFACE_s37_session3_natural,28,173,33.766666666666666,-0.8317098617553711,0.45270509427410205
COHFACE_s37_session3_natural,28,174,33.8,-0.9044409990310669,0.43791466526141043
COHFACE_s37_session3_natural,28,175,33.833333333333336,-0.9544708132743835,0.43521952031244565
COHFACE_s37_session3_natural,28,176,33.86666666666667,-0.9908772706985474,0.4291710941572086
COHFACE_s37_session3_natural,28,177,33.9,-1.0209592580795288,0.40105419383654783
COHFACE_s37_session3_natural,28,178,33.93333333333333,-1.052990198135376,0.3325443692736162
COHFACE_s37_session3_natural,28,179,33.96666666666667,-1.0900379419326782,0.21136816461343702
COHFACE_s37_session3_natural,28,180,34.0,-1.1290847063064575,0.03806789581894767
COHFACE_s37_session3_natural,28,181,34.03333333333333,-1.1863569021224976,-0.1698854121790454
COHFACE_s37_session3_natural,28,182,34.06666666666667,-1.2459927797317505,-0.38049660813888864
COHFACE_s37_session3_natural,28,183,34.1,-1.112186074256897,-0.556572194785534
COHFACE_s37_session3_natural,28,184,34.13333333333333,-0.2450321614742279,-0.6675224369955984
COHFACE_s37_session3_natural,28,185,34.166666666666664,1.1186413764953613,-0.6975558272598258
COHFACE_s37_session3_natural,28,186,34.2,1.9675134420394897,-0.647802208757673
COHFACE_s37_session3_natural,28,187,34.233333333333334,2.0760979652404785,-0.5343246420035215
COHFACE_s37_session3_natural,28,188,34.266666666666666,1.7935155630111694,-0.38444543695883165
COHFACE_s37_session3_natural,28,189,34.3,1.3919004201889038,-0.23151716796655147
COHFACE_s37_session3_natural,28,190,34.333333333333336,0.9549663662910461,-0.10697158645991414
COHFACE_s37_session3_natural,28,191,34.36666666666667,0.5272612571716309,-0.03002984995836283
COHFACE_s37_session3_natural,28,192,34.4,0.2615337073802948,0.0010355789871322376
COHFACE_s37_session3_natural,28,193,34.43333333333333,0.2319546490907669,0.01005075718165083
COHFACE_s37_session3_natural,28,194,34.46666666666667,0.31008613109588623,0.03266117540245937
COHFACE_s37_session3_natural,28,195,34.5,0.33842670917510986,0.09722553560223705
COHFACE_s37_session3_natural,28,196,34.53333333333333,0.2492745965719223,0.20661268681653921
COHFACE_s37_session3_natural,28,197,34.56666666666667,0.0718567743897438,0.33241692203006923
COHFACE_s37_session3_natural,28,198,34.6,-0.13726502656936646,0.42655880147976283
COHFACE_s37_session3_natural,28,199,34.63333333333333,-0.34284111857414246,0.4449028190405206
COHFACE_s37_session3_natural,28,200,34.666666666666664,-0.5231696963310242,0.3705047440542206
COHFACE_s37_session3_natural,28,201,34.7,-0.6723852157592773,0.22414671781596515
COHFACE_s37_session3_natural,28,202,34.733333333333334,-0.789469301700592,0.05652247064452381
COHFACE_s37_session3_natural,28,203,34.766666666666666,-0.8775337934494019,-0.07413454380868598
COHFACE_s37_session3_natural,28,204,34.8,-0.9342589974403381,-0.12807517211546604
COHFACE_s37_session3_natural,28,205,34.833333333333336,-0.9688045978546143,-0.10146890853996998
COHFACE_s37_session3_natural,28,206,34.86666666666667,-0.9998735785484314,-0.02774650001715995
COHFACE_s37_session3_natural,28,207,34.9,-1.0292389392852783,0.037230185597857714
COHFACE_s37_session3_natural,28,208,34.93333333333333,-1.0573469400405884,0.040035445069144186
COHFACE_s37_session3_natural,28,209,34.96666666666667,-1.1045665740966797,-0.04534212079691155
COHFACE_s37_session3_natural,28,210,35.0,-1.158883810043335,-0.2032735616164165
COHFACE_s37_session3_natural,28,211,35.03333333333333,-0.9918769001960754,-0.3803136618266748
COHFACE_s37_session3_natural,28,212,35.06666666666667,-0.08248245716094971,-0.5062748587316088
COHFACE_s37_session3_natural,28,213,35.1,1.2128795385360718,-0.5231963790105002
COHFACE_s37_session3_natural,28,214,35.13333333333333,1.9579890966415405,-0.40886763477539
COHFACE_s37_session3_natural,28,215,35.166666666666664,1.9979034662246704,-0.18449510001142003
COHFACE_s37_session3_natural,28,216,35.2,1.679046869277954,0.09551047817726482
COHFACE_s37_session3_natural,28,217,35.233333333333334,1.2497825622558594,0.3649608571838698
COHFACE_s37_session3_natural,28,218,35.266666666666666,0.7848725914955139,0.5679030227271508
COHFACE_s37_session3_natural,28,219,35.3,0.35717374086380005,0.6725368482835022
COHFACE_s37_session3_natural,28,220,35.333333333333336,0.14102338254451752,0.6740632352513315
COHFACE_s37_session3_natural,28,221,35.36666666666667,0.16574279963970184,0.5890913975700293
COHFACE_s37_session3_natural,28,222,35.4,0.25945907831192017,0.44663529229949533
COHFACE_s37_session3_natural,28,223,35.43333333333333,0.2678581774234772,0.2796618624903359
COHFACE_s37_session3_natural,28,224,35.46666666666667,0.1655416339635849,0.11849635610235253
COHFACE_s37_session3_natural,28,225,35.5,-0.012561445124447346,-0.014277214498186239
COHFACE_s37_session3_natural,28,226,35.53333333333333,-0.2171442210674286,-0.10729704232970812
COHFACE_s37_session3_natural,28,227,35.56666666666667,-0.41558486223220825,-0.16124258284003018
COHFACE_s37_session3_natural,28,228,35.6,-0.5946623682975769,-0.18647960313686285
COHFACE_s37_session3_natural,28,229,35.63333333333333,-0.7375157475471497,-0.19829582849226512
COHFACE_s37_session3_natural,28,230,35.666666666666664,-0.8474392294883728,-0.21114751343461716
COHFACE_s37_session3_natural,28,231,35.7,-0.9224902391433716,-0.23354610840644932
COHFACE_s37_session3_natural,28,232,35.733333333333334,-0.9659755229949951,-0.2653775759512963
COHFACE_s37_session3_natural,28,233,35.766666666666666,-0.9900097250938416,-0.29881311930429444
COHFACE_s37_session3_natural,28,234,35.8,-1.0145845413208008,-0.32217863759505166
COHFACE_s37_session3_natural,28,235,35.833333333333336,-1.0522608757019043,-0.3246601020267815
COHFACE_s37_session3_natural,28,236,35.86666666666667,-1.0996251106262207,-0.2998847958550243
COHFACE_s37_session3_natural,28,237,35.9,-1.0184508562088013,-0.24757431548370382
COHFACE_s37_session3_natural,28,238,35.93333333333333,-0.3204037845134735,-0.1733575336067615
COHFACE_s37_session3_natural,28,239,35.96666666666667,0.9233441352844238,-0.08722513881344637
COHFACE_s37_session3_natural,29,0,29.0,1.7168238162994385,-0.08147558554096028
COHFACE_s37_session3_natural,29,1,29.033333333333335,1.4314062595367432,-0.11802909634614203
COHFACE_s37_session3_natural,29,2,29.066666666666666,1.0589300394058228,-0.08654270167827388
COHFACE_s37_session3_natural,29,3,29.1,0.6687440872192383,0.06000315354518889
COHFACE_s37_session3_natural,29,4,29.133333333333333,0.4533544182777405,0.3345245634745231
COHFACE_s37_session3_natural,29,5,29.166666666666668,0.41374173760414124,0.7083063059854228
COHFACE_s37_session3_natural,29,6,29.2,0.4002881348133087,1.1149331742054858
COHFACE_s37_session3_natural,29,7,29.233333333333334,0.30489957332611084,1.4667706954979987
COHFACE_s37_session3_natural,29,8,29.266666666666666,0.12177969515323639,1.679870108209386
COHFACE_s37_session3_natural,29,9,29.3,-0.10410881042480469,1.6991029794001373
COHFACE_s37_session3_natural,29,10,29.333333333333332,-0.33170732855796814,1.5156502540295336
COHFACE_s37_session3_natural,29,11,29.366666666666667,-0.5331467390060425,1.1717488392282323
COHFACE_s37_session3_natural,29,12,29.4,-0.6924713253974915,0.7502446198115335
COHFACE_s37_session3_natural,29,13,29.433333333333334,-0.8097628951072693,0.3503301717288223
COHFACE_s37_session3_natural,29,14,29.466666666666665,-0.888422429561615,0.05676742230264988
COHFACE_s37_session3_natural,29,15,29.5,-0.940671443939209,-0.08582028729205966
COHFACE_s37_session3_natural,29,16,29.533333333333335,-0.9838361740112305,-0.08343780587569084
COHFACE_s37_session3_natural,29,17,29.566666666666666,-1.0280884504318237,0.015250972358011282
COHFACE_s37_session3_natural,29,18,29.6,-1.0760875940322876,0.13998680044832676
COHFACE_s37_session3_natural,29,19,29.633333333333333,-1.1274439096450806,0.22265931334977956
COHFACE_s37_session3_natural,29,20,29.666666666666668,-1.1883372068405151,0.21474238256007455
COHFACE_s37_session3_natural,29,21,29.7,-1.2468667030334473,0.09495845311244373
COHFACE_s37_session3_natural,29,22,29.733333333333334,-1.2927849292755127,-0.13113569822389606
COHFACE_s37_session3_natural,29,23,29.766666666666666,-1.3267018795013428,-0.4359108670001416
COHFACE_s37_session3_natural,29,24,29.8,-1.3516916036605835,-0.7762221953702326
COHFACE_s37_session3_natural,29,25,29.833333333333332,-1.3722554445266724,-1.1012251431046243
COHFACE_s37_session3_natural,29,26,29.866666666666667,-1.3954975605010986,-1.3613922588892018
COHFACE_s37_session3_natural,29,27,29.9,-1.3653464317321777,-1.5176095193455719
COHFACE_s37_session3_natural,29,28,29.933333333333334,-0.8207583427429199,-1.5481273751373916
COHFACE_s37_session3_natural,29,29,29.966666666666665,0.5942337512969971,-1.4514782461869038
COHFACE_s37_session3_natural,29,30,30.0,1.933998942375183,-1.2453017203503733
COHFACE_s37_session3_natural,29,31,30.033333333333335,2.4358937740325928,-0.962151598887553
COHFACE_s37_session3_natural,29,32,30.066666666666666,2.321777105331421,-0.642583454614014
COHFACE_s37_session3_natural,29,33,30.1,2.0133814811706543,-0.3256755511338836
COHFACE_s37_session3_natural,29,34,30.133333333333333,1.7130894660949707,-0.03949603233470322
COHFACE_s37_session3_natural,29,35,30.166666666666668,1.3789119720458984,0.20401354144929268
COHFACE_s37_session3_natural,29,36,30.2,0.9918757677078247,0.4069264849718956
COHFACE_s37_session3_natural,29,37,30.233333333333334,0.7173279523849487,0.5772721632800247
COHFACE_s37_session3_natural,29,38,30.266666666666666,0.6247118711471558,0.7196814600014121
COHFACE_s37_session3_natural,29,39,30.3,0.6029031872749329,0.8301023726378304
COHFACE_s37_session3_natural,29,40,30.333333333333332,0.5316493511199951,0.8976386966623763
COHFACE_s37_session3_natural,29,41,30.366666666666667,0.3698478043079376,0.9122203995049751
COHFACE_s37_session3_natural,29,42,30.4,0.14290310442447662,0.8727844742020098
COHFACE_s37_session3_natural,29,43,30.433333333333334,-0.1003744974732399,0.7901170337407907
COHFACE_s37_session3_natural,29,44,30.466666666666665,-0.32567834854125977,0.6825434242254654
COHFACE_s37_session3_natural,29,45,30.5,-0.5129223465919495,0.5679658329247674
COHFACE_s37_session3_natural,29,46,30.533333333333335,-0.6565049290657043,0.45801691379843773
COHFACE_s37_session3_natural,29,47,30.566666666666666,-0.7622603178024292,0.3576947065759252
COHFACE_s37_session3_natural,29,48,30.6,-0.8339039087295532,0.26873660073770367
COHFACE_s37_session3_natural,29,49,30.633333333333333,-0.88763028383255,0.19224903974099197
COHFACE_s37_session3_natural,29,50,30.666666666666668,-0.9395398497581482,0.12857898500939552
COHFACE_s37_session3_natural,29,51,30.7,-0.9939514994621277,0.07630961299187741
COHFACE_s37_session3_natural,29,52,30.733333333333334,-1.0513116121292114,0.0328174586576955
COHFACE_s37_session3_natural,29,53,30.766666666666666,-1.1112618446350098,-0.0037051935202456338
COHFACE_s37_session3_natural,29,54,30.8,-1.1716333627700806,-0.0333226410604893
COHFACE_s37_session3_natural,29,55,30.833333333333332,-1.2283521890640259,-0.056743618287616385
COHFACE_s37_session3_natural,29,56,30.866666666666667,-1.2739876508712769,-0.07984989933316959
COHFACE_s37_session3_natural,29,57,30.9,-1.3065025806427002,-0.11600635943738119
COHFACE_s37_session3_natural,29,58,30.933333333333334,-1.3379614353179932,-0.18224625251706922
COHFACE_s37_session3_natural,29,59,30.966666666666665,-1.3735631704330444,-0.28962862287440116
COHFACE_s37_session3_natural,29,60,31.0,-1.2925083637237549,-0.43319657119100274
COHFACE_s37_session3_natural,29,61,31.033333333333335,-0.541382372379303,-0.5888018897170533
COHFACE_s37_session3_natural,29,62,31.066666666666666,0.9355529546737671,-0.720405625531817
COHFACE_s37_session3_natural,29,63,31.1,2.0930469036102295,-0.7948623041042431
COHFACE_s37_session3_natural,29,64,31.133333333333333,2.4336178302764893,-0.7962907645333623
COHFACE_s37_session3_natural,29,65,31.166666666666668,2.262983560562134,-0.7322253845121165
COHFACE_s37_session3_natural,29,66,31.2,1.945239543914795,-0.6288474420956418
COHFACE_s37_session3_natural,29,67,31.233333333333334,1.627401351928711,-0.5187098327922157
COHFACE_s37_session3_natural,29,68,31.266666666666666,1.2620983123779297,-0.4272425583651294
COHFACE_s37_session3_natural,29,69,31.3,0.876885175704956,-0.3632738503136523
COHFACE_s37_session3_natural,29,70,31.333333333333332,0.6298166513442993,-0.3158012926030994
COHFACE_s37_session3_natural,29,71,31.366666666666667,0.5490196347236633,-0.2570716772291234
COHFACE_s37_session3_natural,29,72,31.4,0.526330828666687,-0.15173335997583504
COHFACE_s37_session3_natural,29,73,31.433333333333334,0.45172616839408875,0.028925178234540293
COHFACE_s37_session3_natural,29,74,31.466666666666665,0.286699503660202,0.2916609511133265
COHFACE_s37_session3_natural,29,75,31.5,0.060710396617650986,0.6118175224834322
COHFACE_s37_session3_natural,29,76,31.533333333333335,-0.18002107739448547,0.9360157168047318
COHFACE_s37_session3_natural,29,77,31.566666666666666,-0.40620505809783936,1.1982817793976068
COHFACE_s37_session3_natural,29,78,31.6,-0.595699667930603,1.3437300544273227
COHFACE_s37_session3_natural,29,79,31.633333333333333,-0.7386285066604614,1.3490570285596357
COHFACE_s37_session3_natural,29,80,31.666666666666668,-0.8396437168121338,1.2300393339499038
COHFACE_s37_session3_natural,29,81,31.7,-0.9103442430496216,1.0324548270349627
COHFACE_s37_session3_natural,29,82,31.733333333333334,-0.9628573060035706,0.8109598999653717
COHFACE_s37_session3_natural,29,83,31.766666666666666,-1.0073107481002808,0.6061937331823817
COHFACE_s37_session3_natural,29,84,31.8,-1.053134799003601,0.43075761732510137
COHFACE_s37_session3_natural,29,85,31.833333333333332,-1.1016117334365845,0.2697598764566881
COHFACE_s37_session3_natural,29,86,31.866666666666667,-1.1575196981430054,0.09407963224244709
COHFACE_s37_session3_natural,29,87,31.9,-1.2131634950637817,-0.12125474327605827
COHFACE_s37_session3_natural,29,88,31.933333333333334,-1.2593709230422974,-0.38220947905058295
COHFACE_s37_session3_natural,29,89,31.966666666666665,-1.2946960926055908,-0.6702873930923721
COHFACE_s37_session3_natural,29,90,32.0,-1.3289084434509277,-0.9481556488524886
COHFACE_s37_session3_natural,29,91,32.03333333333333,-1.3678170442581177,-1.173466168564447
COHFACE_s37_session3_natural,29,92,32.06666666666667,-1.3766499757766724,-1.3140712006581428
COHFACE_s37_session3_natural,29,93,32.1,-0.9914619326591492,-1.3571093616857646
COHFACE_s37_session3_natural,29,94,32.13333333333333,0.2669025957584381,-1.30816668466162
COHFACE_s37_session3_natural,29,95,32.166666666666664,1.6754571199417114,-1.1825952229011147
COHFACE_s37_session3_natural,29,96,32.2,2.3454151153564453,-0.9953735344063747
COHFACE_s37_session3_natural,29,97,32.233333333333334,2.3297674655914307,-0.7561572907707691
COHFACE_s37_session3_natural,29,98,32.266666666666666,2.0282180309295654,-0.47227489486720226
COHFACE_s37_session3_natural,29,99,32.3,1.6865342855453491,-0.15687672438857053
COHFACE_s37_session3_natural,29,100,32.333333333333336,1.3303784132003784,0.16427706919168306
COHFACE_s37_session3_natural,29,101,32.36666666666667,0.9313785433769226,0.45334424091466097
COHFACE_s37_session3_natural,29,102,32.4,0.6283455491065979,0.6695105125375428
COHFACE_s37_session3_natural,29,103,32.43333333333333,0.5142665505409241,0.7826035138186748
COHFACE_s37_session3_natural,29,104,32.46666666666667,0.5046855807304382,0.7847571800724185
COHFACE_s37_session3_natural,29,105,32.5,0.47308847308158875,0.6948970076635557
COHFACE_s37_session3_natural,29,106,32.53333333333333,0.3501703143119812,0.5541537425869291
COHFACE_s37_session3_natural,29,107,32.56666666666667,0.15004484355449677,0.4137704111013415
COHFACE_s37_session3_natural,29,108,32.6,-0.08279679715633392,0.31930384167478176
COHFACE_s37_session3_natural,29,109,32.63333333333333,-0.3108793795108795,0.29604088787998833
COHFACE_s37_session3_natural,29,110,32.666666666666664,-0.5065098404884338,0.34079309727548
COHFACE_s37_session3_natural,29,111,32.7,-0.6626344919204712,0.42373498769053003
COHFACE_s37_session3_natural,29,112,32.733333333333334,-0.781548023223877,0.5002479772085517
COHFACE_s37_session3_natural,29,113,32.766666666666666,-0.8697319626808167,0.5282692078962105
COHFACE_s37_session3_natural,29,114,32.8,-0.9291290044784546,0.48383274479587873
COHFACE_s37_session3_natural,29,115,32.833333333333336,-0.9774802327156067,0.3683308539803226
COHFACE_s37_session3_natural,29,116,32.86666666666667,-1.0226001739501953,0.2054801157497615
COHFACE_s37_session3_natural,29,117,32.9,-1.066978096961975,0.031021315174799804
COHFACE_s37_session3_natural,29,118,32.93333333333333,-1.11102294921875,-0.1194350304240056
COHFACE_s37_session3_natural,29,119,32.96666666666667,-1.155495285987854,-0.21993035226937283
COHFACE_s37_session3_natural,29,120,33.0,-1.2036768198013306,-0.2593314173704026
COHFACE_s37_session3_natural,29,121,33.03333333333333,-1.2506450414657593,-0.24273662947490232
COHFACE_s37_session3_natural,29,122,33.06666666666667,-1.305968165397644,-0.19003880483181082
COHFACE_s37_session3_natural,29,123,33.1,-1.3270035982131958,-0.13161538010251625
COHFACE_s37_session3_natural,29,124,33.13333333333333,-0.9295188188552856,-0.10061781379176997
COHFACE_s37_session3_natural,29,125,33.166666666666664,0.3169575333595276,-0.12263319308975437
COHFACE_s37_session3_natural,29,126,33.2,1.629557728767395,-0.20616681386549648
COHFACE_s37_session3_natural,29,127,33.233333333333334,2.194338798522949,-0.33862738737899667
COHFACE_s37_session3_natural,29,128,33.266666666666666,2.1151132583618164,-0.49021879767486315
COHFACE_s37_session3_natural,29,129,33.3,1.7728385925292969,-0.62394567149521
COHFACE_s37_session3_natural,29,130,33.333333333333336,1.3808609247207642,-0.7069520274134053
COHFACE_s37_session3_natural,29,131,33.36666666666667,0.9673449397087097,-0.7185677804398616
COHFACE_s37_session3_natural,29,132,33.4,0.5725382566452026,-0.653389410195609
COHFACE_s37_session3_natural,29,133,33.43333333333333,0.3476870656013489,-0.5206123921521715
COHFACE_s37_session3_natural,29,134,33.46666666666667,0.3172529935836792,-0.3412671074707616
COHFACE_s37_session3_natural,29,135,33.5,0.3380495011806488,-0.14377076341904538
COHFACE_s37_session3_natural,29,136,33.53333333333333,0.301127552986145,0.042552797711278775
COHFACE_s37_session3_natural,29,137,33.56666666666667,0.18630670011043549,0.19545439830141376
COHFACE_s37_session3_natural,29,138,33.6,0.002168364357203245,0.3066727301207312
COHFACE_s37_session3_natural,29,139,33.63333333333333,-0.20638762414455414,0.38408594262770135
COHFACE_s37_session3_natural,29,140,33.666666666666664,-0.40790247917175293,0.4469075659611621
COHFACE_s37_session3_natural,29,141,33.7,-0.5867222547531128,0.5153328937545414
COHFACE_s37_session3_natural,29,142,33.733333333333334,-0.7281359434127808,0.5995194462061372
COHFACE_s37_session3_natural,29,143,33.766666666666666,-0.8317098617553711,0.6934239930316053
COHFACE_s37_session3_natural,29,144,33.8,-0.9044409990310669,0.7759877911520503
COHFACE_s37_session3_natural,29,145,33.833333333333336,-0.9544708132743835,0.8182089773882715
COHFACE_s37_session3_natural,29,146,33.86666666666667,-0.9908772706985474,0.792781657742922
COHFACE_s37_session3_natural,29,147,33.9,-1.0209592580795288,0.6831515323872752
COHFACE_s37_session3_natural,29,148,33.93333333333333,-1.052990198135376,0.48960836423948695
COHFACE_s37_session3_natural,29,149,33.96666666666667,-1.0900379419326782,0.23082282116332764
COHFACE_s37_session3_natural,29,150,34.0,-1.1290847063064575,-0.0598318519630762
COHFACE_s37_session3_natural,29,151,34.03333333333333,-1.1863569021224976,-0.34243831697994176
COHFACE_s37_session3_natural,29,152,34.06666666666667,-1.2459927797317505,-0.5806635261851428
COHFACE_s37_session3_natural,29,153,34.1,-1.112186074256897,-0.7500929745601017
COHFACE_s37_session3_natural,29,154,34.13333333333333,-0.2450321614742279,-0.8413918802617861
COHFACE_s37_session3_natural,29,155,34.166666666666664,1.1186413764953613,-0.8574845654584354
COHFACE_s37_session3_natural,29,156,34.2,1.9675134420394897,-0.8076379805865588
COHFACE_s37_session3_natural,29,157,34.233333333333334,2.0760979652404785,-0.7030610079129882
COHFACE_s37_session3_natural,29,158,34.266666666666666,1.7935155630111694,-0.5564530727550722
COHFACE_s37_session3_natural,29,159,34.3,1.3919004201889038,-0.3838701141257733
COHFACE_s37_session3_natural,29,160,34.333333333333336,0.9549663662910461,-0.2048657975306108
COHFACE_s37_session3_natural,29,161,34.36666666666667,0.5272612571716309,-0.03815185286425604
COHFACE_s37_session3_natural,29,162,34.4,0.2615337073802948,0.10563782204819773
COHFACE_s37_session3_natural,29,163,34.43333333333333,0.2319546490907669,0.22857961325290843
COHFACE_s37_session3_natural,29,164,34.46666666666667,0.31008613109588623,0.3421163740474997
COHFACE_s37_session3_natural,29,165,34.5,0.33842670917510986,0.45545822709100137
COHFACE_s37_session3_natural,29,166,34.53333333333333,0.2492745965719223,0.5626327231397505
COHFACE_s37_session3_natural,29,167,34.56666666666667,0.0718567743897438,0.6380537973054319
COHFACE_s37_session3_natural,29,168,34.6,-0.13726502656936646,0.6455366083062347
COHFACE_s37_session3_natural,29,169,34.63333333333333,-0.34284111857414246,0.5569000401505759
COHFACE_s37_session3_natural,29,170,34.666666666666664,-0.5231696963310242,0.3702816686923037
COHFACE_s37_session3_natural,29,171,34.7,-0.6723852157592773,0.11806228140641899
COHFACE_s37_session3_natural,29,172,34.733333333333334,-0.789469301700592,-0.14067326707929645
COHFACE_s37_session3_natural,29,173,34.766666666666666,-0.8775337934494019,-0.3407310590290045
COHFACE_s37_session3_natural,29,174,34.8,-0.9342589974403381,-0.4357763038166072
COHFACE_s37_session3_natural,29,175,34.833333333333336,-0.9688045978546143,-0.4168333015812662
COHFACE_s37_session3_natural,29,176,34.86666666666667,-0.9998735785484314,-0.31628695433718795
COHFACE_s37_session3_natural,29,177,34.9,-1.0292389392852783,-0.19524990204838957
COHFACE_s37_session3_natural,29,178,34.93333333333333,-1.0573469400405884,-0.11846611822890689
COHFACE_s37_session3_natural,29,179,34.96666666666667,-1.1045665740966797,-0.12620328615009316
COHFACE_s37_session3_natural,29,180,35.0,-1.158883810043335,-0.2153219159145352
COHFACE_s37_session3_natural,29,181,35.03333333333333,-0.9918769001960754,-0.3391499597654397
COHFACE_s37_session3_natural,29,182,35.06666666666667,-0.08248245716094971,-0.42731492337094873
COHFACE_s37_session3_natural,29,183,35.1,1.2128795385360718,-0.41662575388782663
COHFACE_s37_session3_natural,29,184,35.13333333333333,1.9579890966415405,-0.2784004979103722
COHFACE_s37_session3_natural,29,185,35.166666666666664,1.9979034662246704,-0.029828989413264402
COHFACE_s37_session3_natural,29,186,35.2,1.679046869277954,0.2740068929049616
COHFACE_s37_session3_natural,29,187,35.233333333333334,1.2497825622558594,0.5611964818193722
COHFACE_s37_session3_natural,29,188,35.266666666666666,0.7848725914955139,0.7666626684850945
COHFACE_s37_session3_natural,29,189,35.3,0.35717374086380005,0.8497023235142162
COHFACE_s37_session3_natural,29,190,35.333333333333336,0.14102338254451752,0.801479132786813
COHFACE_s37_session3_natural,29,191,35.36666666666667,0.16574279963970184,0.6429869832577306
COHFACE_s37_session3_natural,29,192,35.4,0.25945907831192017,0.41614181400403477
COHFACE_s37_session3_natural,29,193,35.43333333333333,0.2678581774234772,0.1710884558852701
COHFACE_s37_session3_natural,29,194,35.46666666666667,0.1655416339635849,-0.04701862524860936
COHFACE_s37_session3_natural,29,195,35.5,-0.012561445124447346,-0.20822124875933593
COHFACE_s37_session3_natural,29,196,35.53333333333333,-0.2171442210674286,-0.30175217782621366
COHFACE_s37_session3_natural,29,197,35.56666666666667,-0.41558486223220825,-0.3328269122590194
COHFACE_s37_session3_natural,29,198,35.6,-0.5946623682975769,-0.3150524051780215
COHFACE_s37_session3_natural,29,199,35.63333333333333,-0.7375157475471497,-0.2634991733903081
COHFACE_s37_session3_natural,29,200,35.666666666666664,-0.8474392294883728,-0.19175396995873134
COHFACE_s37_session3_natural,29,201,35.7,-0.9224902391433716,-0.11252203882543842
COHFACE_s37_session3_natural,29,202,35.733333333333334,-0.9659755229949951,-0.038910320497758145
COHFACE_s37_session3_natural,29,203,35.766666666666666,-0.9900097250938416,0.016313049971689336
COHFACE_s37_session3_natural,29,204,35.8,-1.0145845413208008,0.04403690602002253
COHFACE_s37_session3_natural,29,205,35.833333333333336,-1.0522608757019043,0.04277745595970437
COHFACE_s37_session3_natural,29,206,35.86666666666667,-1.0996251106262207,0.02031527182841996
COHFACE_s37_session3_natural,29,207,35.9,-1.0184508562088013,-0.008755861168134992
COHFACE_s37_session3_natural,29,208,35.93333333333333,-0.3204037845134735,-0.0285671885123068
COHFACE_s37_session3_natural,29,209,35.96666666666667,0.9233441352844238,-0.027867147108984993
COHFACE_s37_session3_natural,29,210,36.0,1.7868894338607788,-0.004311612751787718
COHFACE_s37_session3_natural,29,211,36.03333333333333,1.9335651397705078,0.03348569492152152
COHFACE_s37_session3_natural,29,212,36.06666666666667,1.6610291004180908,0.06690958698424879
COHFACE_s37_session3_natural,29,213,36.1,1.2378504276275635,0.07227485275656347
COHFACE_s37_session3_natural,29,214,36.13333333333333,0.7593547701835632,0.02916981467270282
COHFACE_s37_session3_natural,29,215,36.166666666666664,0.30460411310195923,-0.07069435516780656
COHFACE_s37_session3_natural,29,216,36.2,0.05384529009461403,-0.2181537929009481
COHFACE_s37_session3_natural,29,217,36.233333333333334,0.06517397612333298,-0.38766956078829706
COHFACE_s37_session3_natural,29,218,36.266666666666666,0.17374581098556519,-0.5446983502318508
COHFACE_s37_session3_natural,29,219,36.3,0.21704252064228058,-0.6561033832669853
COHFACE_s37_session3_natural,29,220,36.333333333333336,0.14152631163597107,-0.6990155427987694
COHFACE_s37_session3_natural,29,221,36.36666666666667,-0.020243829116225243,-0.6649386476493594
COHFACE_s37_session3_natural,29,222,36.4,-0.21670415997505188,-0.5591283936607604
COHFACE_s37_session3_natural,29,223,36.43333333333333,-0.4160689413547516,-0.3975787018008214
COHFACE_s37_session3_natural,29,224,36.46666666666667,-0.5952721834182739,-0.20346254871861275
COHFACE_s37_session3_natural,29,225,36.5,-0.7409420013427734,-0.0031036518146260973
COHFACE_s37_session3_natural,29,226,36.53333333333333,-0.8501237034797668,0.1790719886735184
COHFACE_s37_session3_natural,29,227,36.56666666666667,-0.9229994416236877,0.3260848473226857
COHFACE_s37_session3_natural,29,228,36.6,-0.9673586487770081,0.4322866587032327
COHFACE_s37_session3_natural,29,229,36.63333333333333,-0.9924175143241882,0.5030959637980319
COHFACE_s37_session3_natural,29,230,36.666666666666664,-1.021738886833191,0.5500507673353693
COHFACE_s37_session3_natural,29,231,36.7,-1.046496033668518,0.5835052931172551
COHFACE_s37_session3_natural,29,232,36.733333333333334,-0.8307920098304749,0.606886459096652
COHFACE_s37_session3_natural,29,233,36.766666666666666,0.07254831492900848,0.6155764117058432
COHFACE_s37_session3_natural,29,234,36.8,1.2342480421066284,0.6006155255425282
COHFACE_s37_session3_natural,29,235,36.833333333333336,1.8140166997909546,0.5545195865760784
COHFACE_s37_session3_natural,29,236,36.86666666666667,1.7518597841262817,0.47558053297181385
COHFACE_s37_session3_natural,29,237,36.9,1.3792452812194824,0.36851926508359334
COHFACE_s37_session3_natural,29,238,36.93333333333333,0.9070614576339722,0.2421363091346846
COHFACE_s37_session3_natural,29,239,36.96666666666667,0.41090014576911926,0.10646695545865643
COHFACE_s37_session3_natural,30,0,30.0,1.933998942375183,-0.027803153096055362
COHFACE_s37_session3_natural,30,1,30.033333333333335,2.4358937740325928,-0.0004351856833691029
COHFACE_s37_session3_natural,30,2,30.066666666666666,2.321777105331421,0.014412422632947904
COHFACE_s37_session3_natural,30,3,30.1,2.0133814811706543,0.01729187531130482
COHFACE_s37_session3_natural,30,4,30.133333333333333,1.7130894660949707,0.0282218815966466
COHFACE_s37_session3_natural,30,5,30.166666666666668,1.3789119720458984,0.08036441417241506
COHFACE_s37_session3_natural,30,6,30.2,0.9918757677078247,0.20324671402517205
COHFACE_s37_session3_natural,30,7,30.233333333333334,0.7173279523849487,0.40340510901937415
COHFACE_s37_session3_natural,30,8,30.266666666666666,0.6247118711471558,0.652729824551589
COHFACE_s37_session3_natural,30,9,30.3,0.6029031872749329,0.8919018484202687
COHFACE_s37_session3_natural,30,10,30.333333333333332,0.5316493511199951,1.049339662653486
COHFACE_s37_session3_natural,30,11,30.366666666666667,0.3698478043079376,1.0682743298879183
COHFACE_s37_session3_natural,30,12,30.4,0.14290310442447662,0.9298687530569915
COHFACE_s37_session3_natural,30,13,30.433333333333334,-0.1003744974732399,0.6616211371661336
COHFACE_s37_session3_natural,30,14,30.466666666666665,-0.32567834854125977,0.3275116921520951
COHFACE_s37_session3_natural,30,15,30.5,-0.5129223465919495,0.005145924806891014
COHFACE_s37_session3_natural,30,16,30.533333333333335,-0.6565049290657043,-0.23959195970247954
COHFACE_s37_session3_natural,30,17,30.566666666666666,-0.7622603178024292,-0.3703981637122729
COHFACE_s37_session3_natural,30,18,30.6,-0.8339039087295532,-0.38613440875313443
COHFACE_s37_session3_natural,30,19,30.633333333333333,-0.88763028383255,-0.315253337559536
COHFACE_s37_session3_natural,30,20,30.666666666666668,-0.9395398497581482,-0.20331150488341207
COHFACE_s37_session3_natural,30,21,30.7,-0.9939514994621277,-0.09809684460065836
COHFACE_s37_session3_natural,30,22,30.733333333333334,-1.0513116121292114,-0.03608919428194538
COHFACE_s37_session3_natural,30,23,30.766666666666666,-1.1112618446350098,-0.033483625401335045
COHFACE_s37_session3_natural,30,24,30.8,-1.1716333627700806,-0.08477221019804877
COHFACE_s37_session3_natural,30,25,30.833333333333332,-1.2283521890640259,-0.17001615150727295
COHFACE_s37_session3_natural,30,26,30.866666666666667,-1.2739876508712769,-0.26763778570386976
COHFACE_s37_session3_natural,30,27,30.9,-1.3065025806427002,-0.3655951822034658
COHFACE_s37_session3_natural,30,28,30.933333333333334,-1.3379614353179932,-0.46380735616598606
COHFACE_s37_session3_natural,30,29,30.966666666666665,-1.3735631704330444,-0.5659469014057327
COHFACE_s37_session3_natural,30,30,31.0,-1.2925083637237549,-0.6666706738004532
COHFACE_s37_session3_natural,30,31,31.033333333333335,-0.541382372379303,-0.7446712459872837
COHFACE_s37_session3_natural,30,32,31.066666666666666,0.9355529546737671,-0.7682574291753543
COHFACE_s37_session3_natural,30,33,31.1,2.0930469036102295,-0.7113194274453171
COHFACE_s37_session3_natural,30,34,31.133333333333333,2.4336178302764893,-0.5699546735988341
COHFACE_s37_session3_natural,30,35,31.166666666666668,2.262983560562134,-0.3689409189504594
COHFACE_s37_session3_natural,30,36,31.2,1.945239543914795,-0.153571736397261
COHFACE_s37_session3_natural,30,37,31.233333333333334,1.627401351928711,0.02873861020846651
COHFACE_s37_session3_natural,30,38,31.266666666666666,1.2620983123779297,0.14737876570339678
COHFACE_s37_session3_natural,30,39,31.3,0.876885175704956,0.1991705689622634
COHFACE_s37_session3_natural,30,40,31.333333333333332,0.6298166513442993,0.20741962089064864
COHFACE_s37_session3_natural,30,41,31.366666666666667,0.5490196347236633,0.21164239009244182
COHFACE_s37_session3_natural,30,42,31.4,0.526330828666687,0.2523312477245816
COHFACE_s37_session3_natural,30,43,31.433333333333334,0.45172616839408875,0.35522012033620354
COHFACE_s37_session3_natural,30,44,31.466666666666665,0.286699503660202,0.5199634587765293
COHFACE_s37_session3_natural,30,45,31.5,0.060710396617650986,0.7179920985660233
COHFACE_s37_session3_natural,30,46,31.533333333333335,-0.18002107739448547,0.901705242269487
COHFACE_s37_session3_natural,30,47,31.566666666666666,-0.40620505809783936,1.0222935515092662
COHFACE_s37_session3_natural,30,48,31.6,-0.595699667930603,1.0486098665635408
COHFACE_s37_session3_natural,30,49,31.633333333333333,-0.7386285066604614,0.9780620634494949
COHFACE_s37_session3_natural,30,50,31.666666666666668,-0.8396437168121338,0.8343071580730008
COHFACE_s37_session3_natural,30,51,31.7,-0.9103442430496216,0.6533806286770769
COHFACE_s37_session3_natural,30,52,31.733333333333334,-0.9628573060035706,0.46576038283108717
COHFACE_s37_session3_natural,30,53,31.766666666666666,-1.0073107481002808,0.2836589621371222
COHFACE_s37_session3_natural,30,54,31.8,-1.053134799003601,0.09967693617517365
COHFACE_s37_session3_natural,30,55,31.833333333333332,-1.1016117334365845,-0.10332096968754807
COHFACE_s37_session3_natural,30,56,31.866666666666667,-1.1575196981430054,-0.3371898443458087
COHFACE_s37_session3_natural,30,57,31.9,-1.2131634950637817,-0.5966467625618915
COHFACE_s37_session3_natural,30,58,31.933333333333334,-1.2593709230422974,-0.8562119459416417
COHFACE_s37_session3_natural,30,59,31.966666666666665,-1.2946960926055908,-1.0766124706072357
COHFACE_s37_session3_natural,30,60,32.0,-1.3289084434509277,-1.2173484092128373
COHFACE_s37_session3_natural,30,61,32.03333333333333,-1.3678170442581177,-1.2502213601800396
COHFACE_s37_session3_natural,30,62,32.06666666666667,-1.3766499757766724,-1.1685626847940511
COHFACE_s37_session3_natural,30,63,32.1,-0.9914619326591492,-0.9886256309149858
COHFACE_s37_session3_natural,30,64,32.13333333333333,0.2669025957584381,-0.7428087126281103
COHFACE_s37_session3_natural,30,65,32.166666666666664,1.6754571199417114,-0.46796568844580416
COHFACE_s37_session3_natural,30,66,32.2,2.3454151153564453,-0.19443479961114543
COHFACE_s37_session3_natural,30,67,32.233333333333334,2.3297674655914307,0.05901270784567193
COHFACE_s37_session3_natural,30,68,32.266666666666666,2.0282180309295654,0.2826201025217991
COHFACE_s37_session3_natural,30,69,32.3,1.6865342855453491,0.46840521809254504
COHFACE_s37_session3_natural,30,70,32.333333333333336,1.3303784132003784,0.6040008965172813
COHFACE_s37_session3_natural,30,71,32.36666666666667,0.9313785433769226,0.6725258693822066
COHFACE_s37_session3_natural,30,72,32.4,0.6283455491065979,0.6592270513240431
COHFACE_s37_session3_natural,30,73,32.43333333333333,0.5142665505409241,0.561028864228276
COHFACE_s37_session3_natural,30,74,32.46666666666667,0.5046855807304382,0.39328606281483525
COHFACE_s37_session3_natural,30,75,32.5,0.47308847308158875,0.18969885633714592
COHFACE_s37_session3_natural,30,76,32.53333333333333,0.3501703143119812,-0.004922092442558432
COHFACE_s37_session3_natural,30,77,32.56666666666667,0.15004484355449677,-0.14614262489037538
COHFACE_s37_session3_natural,30,78,32.6,-0.08279679715633392,-0.20176720820971183
COHFACE_s37_session3_natural,30,79,32.63333333333333,-0.3108793795108795,-0.1606839280416159
COHFACE_s37_session3_natural,30,80,32.666666666666664,-0.5065098404884338,-0.036002955856344165
COHFACE_s37_session3_natural,30,81,32.7,-0.6626344919204712,0.13891158216209334
COHFACE_s37_session3_natural,30,82,32.733333333333334,-0.781548023223877,0.32052939368713984
COHFACE_s37_session3_natural,30,83,32.766666666666666,-0.8697319626808167,0.4678547400019606
COHFACE_s37_session3_natural,30,84,32.8,-0.9291290044784546,0.5530943715718465
COHFACE_s37_session3_natural,30,85,32.833333333333336,-0.9774802327156067,0.5667410044827369
COHFACE_s37_session3_natural,30,86,32.86666666666667,-1.0226001739501953,0.5163842135629402
COHFACE_s37_session3_natural,30,87,32.9,-1.066978096961975,0.4212043777942034
COHFACE_s37_session3_natural,30,88,32.93333333333333,-1.11102294921875,0.304864026683688
COHFACE_s37_session3_natural,30,89,32.96666666666667,-1.155495285987854,0.18873960395397416
COHFACE_s37_session3_natural,30,90,33.0,-1.2036768198013306,0.08649443493553853
COHFACE_s37_session3_natural,30,91,33.03333333333333,-1.2506450414657593,0.0008657262359481354
COHFACE_s37_session3_natural,30,92,33.06666666666667,-1.305968165397644,-0.07597933142879398
COHFACE_s37_session3_natural,30,93,33.1,-1.3270035982131958,-0.15772689672089904
COHFACE_s37_session3_natural,30,94,33.13333333333333,-0.9295188188552856,-0.256406104530382
COHFACE_s37_session3_natural,30,95,33.166666666666664,0.3169575333595276,-0.37565375787333244
COHFACE_s37_session3_natural,30,96,33.2,1.629557728767395,-0.507822119102487
COHFACE_s37_session3_natural,30,97,33.233333333333334,2.194338798522949,-0.635799609322622
COHFACE_s37_session3_natural,30,98,33.266666666666666,2.1151132583618164,-0.7383610477464615
COHFACE_s37_session3_natural,30,99,33.3,1.7728385925292969,-0.7965615344621001
COHFACE_s37_session3_natural,30,100,33.333333333333336,1.3808609247207642,-0.7983032966158955
COHFACE_s37_session3_natural,30,101,33.36666666666667,0.9673449397087097,-0.7394146073333469
COHFACE_s37_session3_natural,30,102,33.4,0.5725382566452026,-0.6221555623880856
COHFACE_s37_session3_natural,30,103,33.43333333333333,0.3476870656013489,-0.45375945809872875
COHFACE_s37_session3_natural,30,104,33.46666666666667,0.3172529935836792,-0.24669013225101064
COHFACE_s37_session3_natural,30,105,33.5,0.3380495011806488,-0.0198625874170339
COHFACE_s37_session3_natural,30,106,33.53333333333333,0.301127552986145,0.20158373231974064
COHFACE_s37_session3_natural,30,107,33.56666666666667,0.18630670011043549,0.38996051142576704
COHFACE_s37_session3_natural,30,108,33.6,0.002168364357203245,0.5218837809468364
COHFACE_s37_session3_natural,30,109,33.63333333333333,-0.20638762414455414,0.5855344273821854
COHFACE_s37_session3_natural,30,110,33.666666666666664,-0.40790247917175293,0.5846574257249221
COHFACE_s37_session3_natural,30,111,33.7,-0.5867222547531128,0.5370283972400755
COHFACE_s37_session3_natural,30,112,33.733333333333334,-0.7281359434127808,0.46799962140920387
COHFACE_s37_session3_natural,30,113,33.766666666666666,-0.8317098617553711,0.40196776438106024
COHFACE_s37_session3_natural,30,114,33.8,-0.9044409990310669,0.3547624762655565
COHFACE_s37_session3_natural,30,115,33.833333333333336,-0.9544708132743835,0.3290782326695233
COHFACE_s37_session3_natural,30,116,33.86666666666667,-0.9908772706985474,0.31446359606308893
COHFACE_s37_session3_natural,30,117,33.9,-1.0209592580795288,0.29239273208353767
COHFACE_s37_session3_natural,30,118,33.93333333333333,-1.052990198135376,0.2448517774646883
COHFACE_s37_session3_natural,30,119,33.96666666666667,-1.0900379419326782,0.1628486523264815
COHFACE_s37_session3_natural,30,120,34.0,-1.1290847063064575,0.050930227413165094
COHFACE_s37_session3_natural,30,121,34.03333333333333,-1.1863569021224976,-0.07443509647504908
COHFACE_s37_session3_natural,30,122,34.06666666666667,-1.2459927797317505,-0.19169000218961385
COHFACE_s37_session3_natural,30,123,34.1,-1.112186074256897,-0.28256338361135386
COHFACE_s37_session3_natural,30,124,34.13333333333333,-0.2450321614742279,-0.3375253087199629
COHFACE_s37_session3_natural,30,125,34.166666666666664,1.1186413764953613,-0.35595637751741577
COHFACE_s37_session3_natural,30,126,34.2,1.9675134420394897,-0.34262774746943253
COHFACE_s37_session3_natural,30,127,34.233333333333334,2.0760979652404785,-0.30444291880420443
COHFACE_s37_session3_natural,30,128,34.266666666666666,1.7935155630111694,-0.24980871967022025
COHFACE_s37_session3_natural,30,129,34.3,1.3919004201889038,-0.18944543359698157
COHFACE_s37_session3_natural,30,130,34.333333333333336,0.9549663662910461,-0.13545660896568806
COHFACE_s37_session3_natural,30,131,34.36666666666667,0.5272612571716309,-0.09683622318597035
COHFACE_s37_session3_natural,30,132,34.4,0.2615337073802948,-0.07343471666295262
COHFACE_s37_session3_natural,30,133,34.43333333333333,0.2319546490907669,-0.053403125269023854
COHFACE_s37_session3_natural,30,134,34.46666666666667,0.31008613109588623,-0.018204509023347568
COHFACE_s37_session3_natural,30,135,34.5,0.33842670917510986,0.04571849809082614
COHFACE_s37_session3_natural,30,136,34.53333333333333,0.2492745965719223,0.13549299095654604
COHFACE_s37_session3_natural,30,137,34.56666666666667,0.0718567743897438,0.22899149335127747
COHFACE_s37_session3_natural,30,138,34.6,-0.13726502656936646,0.29366152441005194
COHFACE_s37_session3_natural,30,139,34.63333333333333,-0.34284111857414246,0.30226048984093123
COHFACE_s37_session3_natural,30,140,34.666666666666664,-0.5231696963310242,0.24670356764954324
COHFACE_s37_session3_natural,30,141,34.7,-0.6723852157592773,0.14264277048188406
COHFACE_s37_session3_natural,30,142,34.733333333333334,-0.789469301700592,0.02253258682929126
COHFACE_s37_session3_natural,30,143,34.766666666666666,-0.8775337934494019,-0.07919535942894004
COHFACE_s37_session3_natural,30,144,34.8,-0.9342589974403381,-0.14153640429761363
COHFACE_s37_session3_natural,30,145,34.833333333333336,-0.9688045978546143,-0.1656622422190123
COHFACE_s37_session3_natural,30,146,34.86666666666667,-0.9998735785484314,-0.1732676671190434
COHFACE_s37_session3_natural,30,147,34.9,-1.0292389392852783,-0.1953194680058573
COHFACE_s37_session3_natural,30,148,34.93333333333333,-1.0573469400405884,-0.25548016687351727
COHFACE_s37_session3_natural,30,149,34.96666666666667,-1.1045665740966797,-0.35483545122016463
COHFACE_s37_session3_natural,30,150,35.0,-1.158883810043335,-0.4656148944189562
COHFACE_s37_session3_natural,30,151,35.03333333333333,-0.9918769001960754,-0.53895617712287
COHFACE_s37_session3_natural,30,152,35.06666666666667,-0.08248245716094971,-0.524695688241539
COHFACE_s37_session3_natural,30,153,35.1,1.2128795385360718,-0.39404790954011004
COHFACE_s37_session3_natural,30,154,35.13333333333333,1.9579890966415405,-0.15401755554294022
COHFACE_s37_session3_natural,30,155,35.166666666666664,1.9979034662246704,0.1533334389159705
COHFACE_s37_session3_natural,30,156,35.2,1.679046869277954,0.46567986103442877
COHFACE_s37_session3_natural,30,157,35.233333333333334,1.2497825622558594,0.7215067491490454
COHFACE_s37_session3_natural,30,158,35.266666666666666,0.7848725914955139,0.8780653245761528
COHFACE_s37_session3_natural,30,159,35.3,0.35717374086380005,0.9199592105367816
COHFACE_s37_session3_natural,30,160,35.333333333333336,0.14102338254451752,0.8572599239745777
COHFACE_s37_session3_natural,30,161,35.36666666666667,0.16574279963970184,0.7164755744529022
COHFACE_s37_session3_natural,30,162,35.4,0.25945907831192017,0.5296450547913669
COHFACE_s37_session3_natural,30,163,35.43333333333333,0.2678581774234772,0.32603939369497703
COHFACE_s37_session3_natural,30,164,35.46666666666667,0.1655416339635849,0.12842314216357942
COHFACE_s37_session3_natural,30,165,35.5,-0.012561445124447346,-0.04676276380110063
COHFACE_s37_session3_natural,30,166,35.53333333333333,-0.2171442210674286,-0.1873405621385235
COHFACE_s37_session3_natural,30,167,35.56666666666667,-0.41558486223220825,-0.28375736496756376
COHFACE_s37_session3_natural,30,168,35.6,-0.5946623682975769,-0.3296638858600543
COHFACE_s37_session3_natural,30,169,35.63333333333333,-0.7375157475471497,-0.3249872304153966
COHFACE_s37_session3_natural,30,170,35.666666666666664,-0.8474392294883728,-0.2795084524985307
COHFACE_s37_session3_natural,30,171,35.7,-0.9224902391433716,-0.21371805832648194
COHFACE_s37_session3_natural,30,172,35.733333333333334,-0.9659755229949951,-0.1548988394566282
COHFACE_s37_session3_natural,30,173,35.766666666666666,-0.9900097250938416,-0.12915578072430522
COHFACE_s37_session3_natural,30,174,35.8,-1.0145845413208008,-0.15255984112205018
COHFACE_s37_session3_natural,30,175,35.833333333333336,-1.0522608757019043,-0.22519683841140678
COHFACE_s37_session3_natural,30,176,35.86666666666667,-1.0996251106262207,-0.3304279253568856
COHFACE_s37_session3_natural,30,177,35.9,-1.0184508562088013,-0.43935561462001477
COHFACE_s37_session3_natural,30,178,35.93333333333333,-0.3204037845134735,-0.5188517759873641
COHFACE_s37_session3_natural,30,179,35.96666666666667,0.9233441352844238,-0.5408981288057164
COHFACE_s37_session3_natural,30,180,36.0,1.7868894338607788,-0.49100651883681495
COHFACE_s37_session3_natural,30,181,36.03333333333333,1.9335651397705078,-0.37362279737439663
COHFACE_s37_session3_natural,30,182,36.06666666666667,1.6610291004180908,-0.21258426444776823
COHFACE_s37_session3_natural,30,183,36.1,1.2378504276275635,-0.045482656943003706
COHFACE_s37_session3_natural,30,184,36.13333333333333,0.7593547701835632,0.0873691765365828
COHFACE_s37_session3_natural,30,185,36.166666666666664,0.30460411310195923,0.15626227651422384
COHFACE_s37_session3_natural,30,186,36.2,0.05384529009461403,0.15283932556031887
COHFACE_s37_session3_natural,30,187,36.233333333333334,0.06517397612333298,0.09360493987108447
COHFACE_s37_session3_natural,30,188,36.266666666666666,0.17374581098556519,0.014195799448963296
COHFACE_s37_session3_natural,30,189,36.3,0.21704252064228058,-0.04362217899940729
COHFACE_s37_session3_natural,30,190,36.333333333333336,0.14152631163597107,-0.04697929588837902
COHFACE_s37_session3_natural,30,191,36.36666666666667,-0.020243829116225243,0.017096861989918777
COHFACE_s37_session3_natural,30,192,36.4,-0.21670415997505188,0.1385804209390629
COHFACE_s37_session3_natural,30,193,36.43333333333333,-0.4160689413547516,0.2895206667853428
COHFACE_s37_session3_natural,30,194,36.46666666666667,-0.5952721834182739,0.43457930234069525
COHFACE_s37_session3_natural,30,195,36.5,-0.7409420013427734,0.542892401939952
COHFACE_s37_session3_natural,30,196,36.53333333333333,-0.8501237034797668,0.5972415588641383
COHFACE_s37_session3_natural,30,197,36.56666666666667,-0.9229994416236877,0.5977345261825794
COHFACE_s37_session3_natural,30,198,36.6,-0.9673586487770081,0.5590123587758454
COHFACE_s37_session3_natural,30,199,36.63333333333333,-0.9924175143241882,0.5022033861885616
COHFACE_s37_session3_natural,30,200,36.666666666666664,-1.021738886833191,0.444999912860338
COHFACE_s37_session3_natural,30,201,36.7,-1.046496033668518,0.39426133870431423
COHFACE_s37_session3_natural,30,202,36.733333333333334,-0.8307920098304749,0.34455406849049447
COHFACE_s37_session3_natural,30,203,36.766666666666666,0.07254831492900848,0.2831828331613499
COHFACE_s37_session3_natural,30,204,36.8,1.2342480421066284,0.19883881588267413
COHFACE_s37_session3_natural,30,205,36.833333333333336,1.8140166997909546,0.08909354558341039
COHFACE_s37_session3_natural,30,206,36.86666666666667,1.7518597841262817,-0.03707090259513659
COHFACE_s37_session3_natural,30,207,36.9,1.3792452812194824,-0.1624965332101198
COHFACE_s37_session3_natural,30,208,36.93333333333333,0.9070614576339722,-0.26858904532956823
COHFACE_s37_session3_natural,30,209,36.96666666666667,0.41090014576911926,-0.34201380734010295
COHFACE_s37_session3_natural,30,210,37.0,0.0337403230369091,-0.378790895463891
COHFACE_s37_session3_natural,30,211,37.03333333333333,-0.05820310860872269,-0.3850519525550457
COHFACE_s37_session3_natural,30,212,37.06666666666667,0.06590323895215988,-0.3748036791944136
COHFACE_s37_session3_natural,30,213,37.1,0.19242997467517853,-0.36551225637287865
COHFACE_s37_session3_natural,30,214,37.13333333333333,0.19256199896335602,-0.3728546326305735
COHFACE_s37_session3_natural,30,215,37.166666666666664,0.06655705720186234,-0.4064307291001991
COHFACE_s37_session3_natural,30,216,37.2,-0.12264838069677353,-0.46802555941189083
COHFACE_s37_session3_natural,30,217,37.233333333333334,-0.323113352060318,-0.5527948603716543
COHFACE_s37_session3_natural,30,218,37.266666666666666,-0.5086850523948669,-0.6519108091013314
COHFACE_s37_session3_natural,30,219,37.3,-0.6645205616950989,-0.754130644274501
COHFACE_s37_session3_natural,30,220,37.333333333333336,-0.7819315195083618,-0.8446990462010662
COHFACE_s37_session3_natural,30,221,37.36666666666667,-0.8573471307754517,-0.9029567336264936
COHFACE_s37_session3_natural,30,222,37.4,-0.9012725353240967,-0.9030078692290269
COHFACE_s37_session3_natural,30,223,37.43333333333333,-0.936145007610321,-0.8209340282416351
COHFACE_s37_session3_natural,30,224,37.46666666666667,-0.9629767537117004,-0.6462628981088507
COHFACE_s37_session3_natural,30,225,37.5,-0.8180801868438721,-0.3900255882015838
COHFACE_s37_session3_natural,30,226,37.53333333333333,-0.02858632057905197,-0.08252514123264586
COHFACE_s37_session3_natural,30,227,37.56666666666667,1.1605801582336426,0.23915172416169447
COHFACE_s37_session3_natural,30,228,37.6,1.8647253513336182,0.545804539211255
COHFACE_s37_session3_natural,30,229,37.63333333333333,1.8849246501922607,0.8228361887044995
COHFACE_s37_session3_natural,30,230,37.666666666666664,1.546830654144287,1.0655600358633033
COHFACE_s37_session3_natural,30,231,37.7,1.1034715175628662,1.268608121775887
COHFACE_s37_session3_natural,30,232,37.733333333333334,0.6320295929908752,1.4183245979039307
COHFACE_s37_session3_natural,30,233,37.766666666666666,0.22605140507221222,1.4937499542523092
COHFACE_s37_session3_natural,30,234,37.8,0.07381822913885117,1.4754098362618964
COHFACE_s37_session3_natural,30,235,37.833333333333336,0.16428427398204803,1.3558059624432421
COHFACE_s37_session3_natural,30,236,37.86666666666667,0.2873658835887909,1.1444027135541994
COHFACE_s37_session3_natural,30,237,37.9,0.2934640049934387,0.8638374003042255
COHFACE_s37_session3_natural,30,238,37.93333333333333,0.17110538482666016,0.5406798222212141
COHFACE_s37_session3_natural,30,239,37.96666666666667,-0.01852126605808735,0.19800531406680122
COHFACE_s37_session3_natural,31,0,31.0,-1.2925083637237549,-0.06439858880835289
COHFACE_s37_session3_natural,31,1,31.033333333333335,-0.541382372379303,-0.09857355860177007
COHFACE_s37_session3_natural,31,2,31.066666666666666,0.9355529546737671,-0.10735662882503977
COHFACE_s37_session3_natural,31,3,31.1,2.0930469036102295,-0.07095039103051738
COHFACE_s37_session3_natural,31,4,31.133333333333333,2.4336178302764893,0.020620921881535897
COHFACE_s37_session3_natural,31,5,31.166666666666668,2.262983560562134,0.161221196828065
COHFACE_s37_session3_natural,31,6,31.2,1.945239543914795,0.3245930173961838
COHFACE_s37_session3_natural,31,7,31.233333333333334,1.627401351928711,0.4672651541546133
COHFACE_s37_session3_natural,31,8,31.266666666666666,1.2620983123779297,0.5407503947006508
COHFACE_s37_session3_natural,31,9,31.3,0.876885175704956,0.510310730686107
COHFACE_s37_session3_natural,31,10,31.333333333333332,0.6298166513442993,0.3726872806337236
COHFACE_s37_session3_natural,31,11,31.366666666666667,0.5490196347236633,0.16345780441165156
COHFACE_s37_session3_natural,31,12,31.4,0.526330828666687,-0.05216528635384354
COHFACE_s37_session3_natural,31,13,31.433333333333334,0.45172616839408875,-0.20349553960958447
COHFACE_s37_session3_natural,31,14,31.466666666666665,0.286699503660202,-0.24285497532197362
COHFACE_s37_session3_natural,31,15,31.5,0.060710396617650986,-0.16398819425604574
COHFACE_s37_session3_natural,31,16,31.533333333333335,-0.18002107739448547,-0.001373526920876454
COHFACE_s37_session3_natural,31,17,31.566666666666666,-0.40620505809783936,0.1880195334765532
COHFACE_s37_session3_natural,31,18,31.6,-0.595699667930603,0.3501807807455918
COHFACE_s37_session3_natural,31,19,31.633333333333333,-0.7386285066604614,0.45385742464990775
COHFACE_s37_session3_natural,31,20,31.666666666666668,-0.8396437168121338,0.4962469973492167
COHFACE_s37_session3_natural,31,21,31.7,-0.9103442430496216,0.49425857318994965
COHFACE_s37_session3_natural,31,22,31.733333333333334,-0.9628573060035706,0.4681823747201722
COHFACE_s37_session3_natural,31,23,31.766666666666666,-1.0073107481002808,0.42738347419178874
COHFACE_s37_session3_natural,31,24,31.8,-1.053134799003601,0.36512499813299687
COHFACE_s37_session3_natural,31,25,31.833333333333332,-1.1016117334365845,0.263897366341671
COHFACE_s37_session3_natural,31,26,31.866666666666667,-1.1575196981430054,0.10711573019553693
COHFACE_s37_session3_natural,31,27,31.9,-1.2131634950637817,-0.10940964719724049
COHFACE_s37_session3_natural,31,28,31.933333333333334,-1.2593709230422974,-0.3714445824648162
COHFACE_s37_session3_natural,31,29,31.966666666666665,-1.2946960926055908,-0.6477308856889269
COHFACE_s37_session3_natural,31,30,32.0,-1.3289084434509277,-0.8979993965949593
COHFACE_s37_session3_natural,31,31,32.03333333333333,-1.3678170442581177,-1.084526493487449
COHFACE_s37_session3_natural,31,32,32.06666666666667,-1.3766499757766724,-1.1823393622709606
COHFACE_s37_session3_natural,31,33,32.1,-0.9914619326591492,-1.1833878766693389
COHFACE_s37_session3_natural,31,34,32.13333333333333,0.2669025957584381,-1.0932550311595577
COHFACE_s37_session3_natural,31,35,32.166666666666664,1.6754571199417114,-0.9234267516600878
COHFACE_s37_session3_natural,31,36,32.2,2.3454151153564453,-0.6848342643179832
COHFACE_s37_session3_natural,31,37,32.233333333333334,2.3297674655914307,-0.3874630453143394
COHFACE_s37_session3_natural,31,38,32.266666666666666,2.0282180309295654,-0.046518092716708606
COHFACE_s37_session3_natural,31,39,32.3,1.6865342855453491,0.30946716826974585
COHFACE_s37_session3_natural,31,40,32.333333333333336,1.3303784132003784,0.6357598064344325
COHFACE_s37_session3_natural,31,41,32.36666666666667,0.9313785433769226,0.8788599257074301
COHFACE_s37_session3_natural,31,42,32.4,0.6283455491065979,0.9931230172515988
COHFACE_s37_session3_natural,31,43,32.43333333333333,0.5142665505409241,0.9592417068982981
COHFACE_s37_session3_natural,31,44,32.46666666666667,0.5046855807304382,0.7952244925829042
COHFACE_s37_session3_natural,31,45,32.5,0.47308847308158875,0.5537596240357762
COHFACE_s37_session3_natural,31,46,32.53333333333333,0.3501703143119812,0.3064284143495697
COHFACE_s37_session3_natural,31,47,32.56666666666667,0.15004484355449677,0.12122221041943221
COHFACE_s37_session3_natural,31,48,32.6,-0.08279679715633392,0.042003904817543555
COHFACE_s37_session3_natural,31,49,32.63333333333333,-0.3108793795108795,0.07676086773447431
COHFACE_s37_session3_natural,31,50,32.666666666666664,-0.5065098404884338,0.19754014783168058
COHFACE_s37_session3_natural,31,51,32.7,-0.6626344919204712,0.3510041823363931
COHFACE_s37_session3_natural,31,52,32.733333333333334,-0.781548023223877,0.4758831473859709
COHFACE_s37_session3_natural,31,53,32.766666666666666,-0.8697319626808167,0.5218925397292888
COHFACE_s37_session3_natural,31,54,32.8,-0.9291290044784546,0.46378888572446786
COHFACE_s37_session3_natural,31,55,32.833333333333336,-0.9774802327156067,0.30580018337026144
COHFACE_s37_session3_natural,31,56,32.86666666666667,-1.0226001739501953,0.07627432653470226
COHFACE_s37_session3_natural,31,57,32.9,-1.066978096961975,-0.18301776391814611
COHFACE_s37_session3_natural,31,58,32.93333333333333,-1.11102294921875,-0.42732060571539204
COHFACE_s37_session3_natural,31,59,32.96666666666667,-1.155495285987854,-0.6160299200494045
COHFACE_s37_session3_natural,31,60,33.0,-1.2036768198013306,-0.7174295942479347
COHFACE_s37_session3_natural,31,61,33.03333333333333,-1.2506450414657593,-0.7137595334037558
COHFACE_s37_session3_natural,31,62,33.06666666666667,-1.305968165397644,-0.6072884110892821
COHFACE_s37_session3_natural,31,63,33.1,-1.3270035982131958,-0.42433814797027863
COHFACE_s37_session3_natural,31,64,33.13333333333333,-0.9295188188552856,-0.2124767301478986
COHFACE_s37_session3_natural,31,65,33.166666666666664,0.3169575333595276,-0.028379357611942917
COHFACE_s37_session3_natural,31,66,33.2,1.629557728767395,0.08066207218596917
COHFACE_s37_session3_natural,31,67,33.233333333333334,2.194338798522949,0.09368931088160677
COHFACE_s37_session3_natural,31,68,33.266666666666666,2.1151132583618164,0.023075530102698
COHFACE_s37_session3_natural,31,69,33.3,1.7728385925292969,-0.09208504221384126
COHFACE_s37_session3_natural,31,70,33.333333333333336,1.3808609247207642,-0.20242292947137042
COHFACE_s37_session3_natural,31,71,33.36666666666667,0.9673449397087097,-0.2660883246654208
COHFACE_s37_session3_natural,31,72,33.4,0.5725382566452026,-0.2607414923209197
COHFACE_s37_session3_natural,31,73,33.43333333333333,0.3476870656013489,-0.18719896301473024
COHFACE_s37_session3_natural,31,74,33.46666666666667,0.3172529935836792,-0.06572489829825509
COHFACE_s37_session3_natural,31,75,33.5,0.3380495011806488,0.07259410678334342
COHFACE_s37_session3_natural,31,76,33.53333333333333,0.301127552986145,0.19655392341832634
COHFACE_s37_session3_natural,31,77,33.56666666666667,0.18630670011043549,0.28457906699004387
COHFACE_s37_session3_natural,31,78,33.6,0.002168364357203245,0.3304026809388114
COHFACE_s37_session3_natural,31,79,33.63333333333333,-0.20638762414455414,0.34252051960608293
COHFACE_s37_session3_natural,31,80,33.666666666666664,-0.40790247917175293,0.3377306726967177
COHFACE_s37_session3_natural,31,81,33.7,-0.5867222547531128,0.33195016884924194
COHFACE_s37_session3_natural,31,82,33.733333333333334,-0.7281359434127808,0.3329535703669496
COHFACE_s37_session3_natural,31,83,33.766666666666666,-0.8317098617553711,0.33840191049521057
COHFACE_s37_session3_natural,31,84,33.8,-0.9044409990310669,0.3389886635381387
COHFACE_s37_session3_natural,31,85,33.833333333333336,-0.9544708132743835,0.32356723251923375
COHFACE_s37_session3_natural,31,86,33.86666666666667,-0.9908772706985474,0.28310932169128983
COHFACE_s37_session3_natural,31,87,33.9,-1.0209592580795288,0.21250406309992273
COHFACE_s37_session3_natural,31,88,33.93333333333333,-1.052990198135376,0.11124190428460441
COHFACE_s37_session3_natural,31,89,33.96666666666667,-1.0900379419326782,-0.015716154359891384
COHFACE_s37_session3_natural,31,90,34.0,-1.1290847063064575,-0.15709432707125462
COHFACE_s37_session3_natural,31,91,34.03333333333333,-1.1863569021224976,-0.2959834949335617
COHFACE_s37_session3_natural,31,92,34.06666666666667,-1.2459927797317505,-0.4129322603861856
COHFACE_s37_session3_natural,31,93,34.1,-1.112186074256897,-0.49056670447069484
COHFACE_s37_session3_natural,31,94,34.13333333333333,-0.2450321614742279,-0.5177212717804816
COHFACE_s37_session3_natural,31,95,34.166666666666664,1.1186413764953613,-0.49150226490344995
COHFACE_s37_session3_natural,31,96,34.2,1.9675134420394897,-0.41733773898943566
COHFACE_s37_session3_natural,31,97,34.233333333333334,2.0760979652404785,-0.30821180680644883
COHFACE_s37_session3_natural,31,98,34.266666666666666,1.7935155630111694,-0.183702414602057
COHFACE_s37_session3_natural,31,99,34.3,1.3919004201889038,-0.06790918782799106
COHFACE_s37_session3_natural,31,100,34.333333333333336,0.9549663662910461,0.015372513300892824
COHFACE_s37_session3_natural,31,101,34.36666666666667,0.5272612571716309,0.05050232888828117
COHFACE_s37_session3_natural,31,102,34.4,0.2615337073802948,0.03800946100651558
COHFACE_s37_session3_natural,31,103,34.43333333333333,0.2319546490907669,-0.002449191414174493
COHFACE_s37_session3_natural,31,104,34.46666666666667,0.31008613109588623,-0.03835967345610987
COHFACE_s37_session3_natural,31,105,34.5,0.33842670917510986,-0.039063181495298305
COHFACE_s37_session3_natural,31,106,34.53333333333333,0.2492745965719223,0.008236209698599985
COHFACE_s37_session3_natural,31,107,34.56666666666667,0.0718567743897438,0.09083433935933961
COHFACE_s37_session3_natural,31,108,34.6,-0.13726502656936646,0.1765028626762923
COHFACE_s37_session3_natural,31,109,34.63333333333333,-0.34284111857414246,0.23014033475965642
COHFACE_s37_session3_natural,31,110,34.666666666666664,-0.5231696963310242,0.23194354142514215
COHFACE_s37_session3_natural,31,111,34.7,-0.6723852157592773,0.1872563997907012
COHFACE_s37_session3_natural,31,112,34.733333333333334,-0.789469301700592,0.12320174599865895
COHFACE_s37_session3_natural,31,113,34.766666666666666,-0.8775337934494019,0.0743495175782878
COHFACE_s37_session3_natural,31,114,34.8,-0.9342589974403381,0.06484126791151566
COHFACE_s37_session3_natural,31,115,34.833333333333336,-0.9688045978546143,0.09558901708999434
COHFACE_s37_session3_natural,31,116,34.86666666666667,-0.9998735785484314,0.14254081653834882
COHFACE_s37_session3_natural,31,117,34.9,-1.0292389392852783,0.16708142834595102
COHFACE_s37_session3_natural,31,118,34.93333333333333,-1.0573469400405884,0.13446190415578796
COHFACE_s37_session3_natural,31,119,34.96666666666667,-1.1045665740966797,0.03242599923764458
COHFACE_s37_session3_natural,31,120,35.0,-1.158883810043335,-0.118699358692359
COHFACE_s37_session3_natural,31,121,35.03333333333333,-0.9918769001960754,-0.270177102965455
COHFACE_s37_session3_natural,31,122,35.06666666666667,-0.08248245716094971,-0.3626498119856989
COHFACE_s37_session3_natural,31,123,35.1,1.2128795385360718,-0.3502183644890484
COHFACE_s37_session3_natural,31,124,35.13333333333333,1.9579890966415405,-0.22012061696061389
COHFACE_s37_session3_natural,31,125,35.166666666666664,1.9979034662246704,0.0007603850745611972
COHFACE_s37_session3_natural,31,126,35.2,1.679046869277954,0.25493459497848403
COHFACE_s37_session3_natural,31,127,35.233333333333334,1.2497825622558594,0.47418516065165134
COHFACE_s37_session3_natural,31,128,35.266666666666666,0.7848725914955139,0.6017077463468683
COHFACE_s37_session3_natural,31,129,35.3,0.35717374086380005,0.6083746575534537
COHFACE_s37_session3_natural,31,130,35.333333333333336,0.14102338254451752,0.49857847515925663
COHFACE_s37_session3_natural,31,131,35.36666666666667,0.16574279963970184,0.3055300581108007
COHFACE_s37_session3_natural,31,132,35.4,0.25945907831192017,0.07911209298717277
COHFACE_s37_session3_natural,31,133,35.43333333333333,0.2678581774234772,-0.12917131141155183
COHFACE_s37_session3_natural,31,134,35.46666666666667,0.1655416339635849,-0.2796361860726968
COHFACE_s37_session3_natural,31,135,35.5,-0.012561445124447346,-0.3528048292193158
COHFACE_s37_session3_natural,31,136,35.53333333333333,-0.2171442210674286,-0.3510287880870901
COHFACE_s37_session3_natural,31,137,35.56666666666667,-0.41558486223220825,-0.29375754481077293
COHFACE_s37_session3_natural,31,138,35.6,-0.5946623682975769,-0.208871420241915
COHFACE_s37_session3_natural,31,139,35.63333333333333,-0.7375157475471497,-0.12351712102971792
COHFACE_s37_session3_natural,31,140,35.666666666666664,-0.8474392294883728,-0.05739434950219058
COHFACE_s37_session3_natural,31,141,35.7,-0.9224902391433716,-0.019966039683077436
COHFACE_s37_session3_natural,31,142,35.733333333333334,-0.9659755229949951,-0.011481605275415087
COHFACE_s37_session3_natural,31,143,35.766666666666666,-0.9900097250938416,-0.026483798158097035
COHFACE_s37_session3_natural,31,144,35.8,-1.0145845413208008,-0.057819164844367416
COHFACE_s37_session3_natural,31,145,35.833333333333336,-1.0522608757019043,-0.09926971944444954
COHFACE_s37_session3_natural,31,146,35.86666666666667,-1.0996251106262207,-0.14579025764657044
COHFACE_s37_session3_natural,31,147,35.9,-1.0184508562088013,-0.19169665453171428
COHFACE_s37_session3_natural,31,148,35.93333333333333,-0.3204037845134735,-0.2284826443410857
COHFACE_s37_session3_natural,31,149,35.96666666666667,0.9233441352844238,-0.2445988118038358
COHFACE_s37_session3_natural,31,150,36.0,1.7868894338607788,-0.2288872634592493
COHFACE_s37_session3_natural,31,151,36.03333333333333,1.9335651397705078,-0.17704811283570993
COHFACE_s37_session3_natural,31,152,36.06666666666667,1.6610291004180908,-0.09745486878704734
COHFACE_s37_session3_natural,31,153,36.1,1.2378504276275635,-0.011644486359609832
COHFACE_s37_session3_natural,31,154,36.13333333333333,0.7593547701835632,0.0524204487951797
COHFACE_s37_session3_natural,31,155,36.166666666666664,0.30460411310195923,0.07173144034622528
COHFACE_s37_session3_natural,31,156,36.2,0.05384529009461403,0.03876442425855621
COHFACE_s37_session3_natural,31,157,36.233333333333334,0.06517397612333298,-0.034066851762529715
COHFACE_s37_session3_natural,31,158,36.266666666666666,0.17374581098556519,-0.11819341582803188
COHFACE_s37_session3_natural,31,159,36.3,0.21704252064228058,-0.17906399490150307
COHFACE_s37_session3_natural,31,160,36.333333333333336,0.14152631163597107,-0.18812662385894247
COHFACE_s37_session3_natural,31,161,36.36666666666667,-0.020243829116225243,-0.13186993796984411
COHFACE_s37_session3_natural,31,162,36.4,-0.21670415997505188,-0.015316213060697161
COHFACE_s37_session3_natural,31,163,36.43333333333333,-0.4160689413547516,0.14012806175914766
COHFACE_s37_session3_natural,31,164,36.46666666666667,-0.5952721834182739,0.3032894282552466
COHFACE_s37_session3_natural,31,165,36.5,-0.7409420013427734,0.4426395906628858
COHFACE_s37_session3_natural,31,166,36.53333333333333,-0.8501237034797668,0.5360636358598878
COHFACE_s37_session3_natural,31,167,36.56666666666667,-0.9229994416236877,0.5776519994203093
COHFACE_s37_session3_natural,31,168,36.6,-0.9673586487770081,0.5782029985147918
COHFACE_s37_session3_natural,31,169,36.63333333333333,-0.9924175143241882,0.5582412272273186
COHFACE_s37_session3_natural,31,170,36.666666666666664,-1.021738886833191,0.5363363447148178
COHFACE_s37_session3_natural,31,171,36.7,-1.046496033668518,0.5186351317025384
COHFACE_s37_session3_natural,31,172,36.733333333333334,-0.8307920098304749,0.49519275152420444
COHFACE_s37_session3_natural,31,173,36.766666666666666,0.07254831492900848,0.4450340926579855
COHFACE_s37_session3_natural,31,174,36.8,1.2342480421066284,0.34713062115396215
COHFACE_s37_session3_natural,31,175,36.833333333333336,1.8140166997909546,0.19161964223357603
COHFACE_s37_session3_natural,31,176,36.86666666666667,1.7518597841262817,-0.013741375729252686
COHFACE_s37_session3_natural,31,177,36.9,1.3792452812194824,-0.2439820247136724
COHFACE_s37_session3_natural,31,178,36.93333333333333,0.9070614576339722,-0.4633858228428345
COHFACE_s37_session3_natural,31,179,36.96666666666667,0.41090014576911926,-0.6353614735108385
COHFACE_s37_session3_natural,31,180,37.0,0.0337403230369091,-0.7324061797189715
COHFACE_s37_session3_natural,31,181,37.03333333333333,-0.05820310860872269,-0.7433554366001552
COHFACE_s37_session3_natural,31,182,37.06666666666667,0.06590323895215988,-0.6763763995560874
COHFACE_s37_session3_natural,31,183,37.1,0.19242997467517853,-0.5572676213713145
COHFACE_s37_session3_natural,31,184,37.13333333333333,0.19256199896335602,-0.42320954595978993
COHFACE_s37_session3_natural,31,185,37.166666666666664,0.06655705720186234,-0.3131154611880156
COHFACE_s37_session3_natural,31,186,37.2,-0.12264838069677353,-0.25748925431856773
COHFACE_s37_session3_natural,31,187,37.233333333333334,-0.323113352060318,-0.27126275478181316
COHFACE_s37_session3_natural,31,188,37.266666666666666,-0.5086850523948669,-0.3511573141406117
COHFACE_s37_session3_natural,31,189,37.3,-0.6645205616950989,-0.4767306652453399
COHFACE_s37_session3_natural,31,190,37.333333333333336,-0.7819315195083618,-0.6138500009089509
COHFACE_s37_session3_natural,31,191,37.36666666666667,-0.8573471307754517,-0.72056504759708
COHFACE_s37_session3_natural,31,192,37.4,-0.9012725353240967,-0.7562238510068018
COHFACE_s37_session3_natural,31,193,37.43333333333333,-0.936145007610321,-0.6932077648540494
COHFACE_s37_session3_natural,31,194,37.46666666666667,-0.9629767537117004,-0.5270879677932344
COHFACE_s37_session3_natural,31,195,37.5,-0.8180801868438721,-0.27897948016429114
COHFACE_s37_session3_natural,31,196,37.53333333333333,-0.02858632057905197,0.013321678096675383
COHFACE_s37_session3_natural,31,197,37.56666666666667,1.1605801582336426,0.31204787564820624
COHFACE_s37_session3_natural,31,198,37.6,1.8647253513336182,0.5943079010005661
COHFACE_s37_session3_natural,31,199,37.63333333333333,1.8849246501922607,0.8554075320663163
COHFACE_s37_session3_natural,31,200,37.666666666666664,1.546830654144287,1.0990803202027888
COHFACE_s37_session3_natural,31,201,37.7,1.1034715175628662,1.3224555645035443
COHFACE_s37_session3_natural,31,202,37.733333333333334,0.6320295929908752,1.5065196423589067
COHFACE_s37_session3_natural,31,203,37.766666666666666,0.22605140507221222,1.6184444683605
COHFACE_s37_session3_natural,31,204,37.8,0.07381822913885117,1.6243921408108195
COHFACE_s37_session3_natural,31,205,37.833333333333336,0.16428427398204803,1.5051219531403064
COHFACE_s37_session3_natural,31,206,37.86666666666667,0.2873658835887909,1.2654531030357123
COHFACE_s37_session3_natural,31,207,37.9,0.2934640049934387,0.9328437803962508
COHFACE_s37_session3_natural,31,208,37.93333333333333,0.17110538482666016,0.5472823618332038
COHFACE_s37_session3_natural,31,209,37.96666666666667,-0.01852126605808735,0.14931159121869864
COHFACE_s37_session3_natural,31,210,38.0,-0.21870332956314087,-0.22787087819461768
COHFACE_s37_session3_natural,31,211,38.03333333333333,-0.40980735421180725,-0.5606203790945514
COHFACE_s37_session3_natural,31,212,38.06666666666667,-0.5719798803329468,-0.8334545564820705
COHFACE_s37_session3_natural,31,213,38.1,-0.6869264245033264,-1.0370686200887589
COHFACE_s37_session3_natural,31,214,38.13333333333333,-0.7625935077667236,-1.1671620238440987
COHFACE_s37_session3_natural,31,215,38.166666666666664,-0.8121078014373779,-1.2236813204347046
COHFACE_s37_session3_natural,31,216,38.2,-0.8537448048591614,-1.209967952788567
COHFACE_s37_session3_natural,31,217,38.233333333333334,-0.8499916791915894,-1.1321386418797221
COHFACE_s37_session3_natural,31,218,38.266666666666666,-0.45366987586021423,-0.9992397433210137
COHFACE_s37_session3_natural,31,219,38.3,0.6456592082977295,-0.8239915737089833
COHFACE_s37_session3_natural,31,220,38.333333333333336,1.7317862510681152,-0.6229925684651296
COHFACE_s37_session3_natural,31,221,38.36666666666667,2.122286558151245,-0.4151551784698424
COHFACE_s37_session3_natural,31,222,38.4,1.9530476331710815,-0.2183409255247621
COHFACE_s37_session3_natural,31,223,38.43333333333333,1.5907056331634521,-0.0457368909311363
COHFACE_s37_session3_natural,31,224,38.46666666666667,1.199576735496521,0.09588107381167237
COHFACE_s37_session3_natural,31,225,38.5,0.7761717438697815,0.20489492123474792
COHFACE_s37_session3_natural,31,226,38.53333333333333,0.42961573600769043,0.2816407905560357
COHFACE_s37_session3_natural,31,227,38.56666666666667,0.31749817728996277,0.3257086152003689
COHFACE_s37_session3_natural,31,228,38.6,0.3780331015586853,0.3355691681880142
COHFACE_s37_session3_natural,31,229,38.63333333333333,0.4321492910385132,0.3105005067150214
COHFACE_s37_session3_natural,31,230,38.666666666666664,0.36813151836395264,0.25332512311714783
COHFACE_s37_session3_natural,31,231,38.7,0.1941273957490921,0.17218571031687
COHFACE_s37_session3_natural,31,232,38.733333333333334,-0.02128113992512226,0.0803675688923735
COHFACE_s37_session3_natural,31,233,38.766666666666666,-0.2324838489294052,-0.0057154666041230534
COHFACE_s37_session3_natural,31,234,38.8,-0.41584891080856323,-0.06956921182281034
COHFACE_s37_session3_natural,31,235,38.833333333333336,-0.5643477439880371,-0.09783168236776738
COHFACE_s37_session3_natural,31,236,38.86666666666667,-0.669336199760437,-0.08305478516781467
COHFACE_s37_session3_natural,31,237,38.9,-0.729644775390625,-0.025597352943132548
COHFACE_s37_session3_natural,31,238,38.93333333333333,-0.783113420009613,0.06595505709819532
COHFACE_s37_session3_natural,31,239,38.96666666666667,-0.8411462306976318,0.17621562438472857
COHFACE_s37_session3_natural,32,0,32.0,-1.3289084434509277,-0.08175717479477076
COHFACE_s37_session3_natural,32,1,32.03333333333333,-1.3678170442581177,0.08523990871945379
COHFACE_s37_session3_natural,32,2,32.06666666666667,-1.3766499757766724,0.23959470236005845
COHFACE_s37_session3_natural,32,3,32.1,-0.9914619326591492,0.3729313177870992
COHFACE_s37_session3_natural,32,4,32.13333333333333,0.2669025957584381,0.48366635534636976
COHFACE_s37_session3_natural,32,5,32.166666666666664,1.6754571199417114,0.5757919359397111
COHFACE_s37_session3_natural,32,6,32.2,2.3454151153564453,0.6544103234095974
COHFACE_s37_session3_natural,32,7,32.233333333333334,2.3297674655914307,0.7201618045635046
COHFACE_s37_session3_natural,32,8,32.266666666666666,2.0282180309295654,0.7649180109870815
COHFACE_s37_session3_natural,32,9,32.3,1.6865342855453491,0.7707742729099799
COHFACE_s37_session3_natural,32,10,32.333333333333336,1.3303784132003784,0.714440933699353
COHFACE_s37_session3_natural,32,11,32.36666666666667,0.9313785433769226,0.5776111569854019
COHFACE_s37_session3_natural,32,12,32.4,0.6283455491065979,0.35969228095241773
COHFACE_s37_session3_natural,32,13,32.43333333333333,0.5142665505409241,0.08583404762228224
COHFACE_s37_session3_natural,32,14,32.46666666666667,0.5046855807304382,-0.19571759747838846
COHFACE_s37_session3_natural,32,15,32.5,0.47308847308158875,-0.4274344446491293
COHFACE_s37_session3_natural,32,16,32.53333333333333,0.3501703143119812,-0.5614958920259658
COHFACE_s37_session3_natural,32,17,32.56666666666667,0.15004484355449677,-0.5750626324869906
COHFACE_s37_session3_natural,32,18,32.6,-0.08279679715633392,-0.47577918239202827
COHFACE_s37_session3_natural,32,19,32.63333333333333,-0.3108793795108795,-0.29697729588307237
COHFACE_s37_session3_natural,32,20,32.666666666666664,-0.5065098404884338,-0.08601321898467526
COHFACE_s37_session3_natural,32,21,32.7,-0.6626344919204712,0.1095720059238872
COHFACE_s37_session3_natural,32,22,32.733333333333334,-0.781548023223877,0.25392302238160797
COHFACE_s37_session3_natural,32,23,32.766666666666666,-0.8697319626808167,0.3298810261366634
COHFACE_s37_session3_natural,32,24,32.8,-0.9291290044784546,0.33966675306632754
COHFACE_s37_session3_natural,32,25,32.833333333333336,-0.9774802327156067,0.2996903454365751
COHFACE_s37_session3_natural,32,26,32.86666666666667,-1.0226001739501953,0.2322649187648045
COHFACE_s37_session3_natural,32,27,32.9,-1.066978096961975,0.1580378010886111
COHFACE_s37_session3_natural,32,28,32.93333333333333,-1.11102294921875,0.09157111413570938
COHFACE_s37_session3_natural,32,29,32.96666666666667,-1.155495285987854,0.040101827040566314
COHFACE_s37_session3_natural,32,30,33.0,-1.2036768198013306,0.004110483926487644
COHFACE_s37_session3_natural,32,31,33.03333333333333,-1.2506450414657593,-0.021559262528062065
COHFACE_s37_session3_natural,32,32,33.06666666666667,-1.305968165397644,-0.046299244506879424
COHFACE_s37_session3_natural,32,33,33.1,-1.3270035982131958,-0.08144181232190914
COHFACE_s37_session3_natural,32,34,33.13333333333333,-0.9295188188552856,-0.13650627211859623
COHFACE_s37_session3_natural,32,35,33.166666666666664,0.3169575333595276,-0.21461514040321106
COHFACE_s37_session3_natural,32,36,33.2,1.629557728767395,-0.30929091424927996
COHFACE_s37_session3_natural,32,37,33.233333333333334,2.194338798522949,-0.40509995054341796
COHFACE_s37_session3_natural,32,38,33.266666666666666,2.1151132583618164,-0.4826388331512872
COHFACE_s37_session3_natural,32,39,33.3,1.7728385925292969,-0.5255614437611017
COHFACE_s37_session3_natural,32,40,33.333333333333336,1.3808609247207642,-0.5259199730734302
COHFACE_s37_session3_natural,32,41,33.36666666666667,0.9673449397087097,-0.48519511418810524
COHFACE_s37_session3_natural,32,42,33.4,0.5725382566452026,-0.4113776465124969
COHFACE_s37_session3_natural,32,43,33.43333333333333,0.3476870656013489,-0.31481777726532406
COHFACE_s37_session3_natural,32,44,33.46666666666667,0.3172529935836792,-0.20535476349294518
COHFACE_s37_session3_natural,32,45,33.5,0.3380495011806488,-0.09136541333536644
COHFACE_s37_session3_natural,32,46,33.53333333333333,0.301127552986145,0.020186094526632916
COHFACE_s37_session3_natural,32,47,33.56666666666667,0.18630670011043549,0.12387785515346618
COHFACE_s37_session3_natural,32,48,33.6,0.002168364357203245,0.21644397793877224
COHFACE_s37_session3_natural,32,49,33.63333333333333,-0.20638762414455414,0.29709843352310095
COHFACE_s37_session3_natural,32,50,33.666666666666664,-0.40790247917175293,0.3665555625644497
COHFACE_s37_session3_natural,32,51,33.7,-0.5867222547531128,0.4247677513784593
COHFACE_s37_session3_natural,32,52,33.733333333333334,-0.7281359434127808,0.46899608729911957
COHFACE_s37_session3_natural,32,53,33.766666666666666,-0.8317098617553711,0.4940612542076936
COHFACE_s37_session3_natural,32,54,33.8,-0.9044409990310669,0.49467936246070265
COHFACE_s37_session3_natural,32,55,33.833333333333336,-0.9544708132743835,0.46786086436174235
COHFACE_s37_session3_natural,32,56,33.86666666666667,-0.9908772706985474,0.4136590495490814
COHFACE_s37_session3_natural,32,57,33.9,-1.0209592580795288,0.33435679868998963
COHFACE_s37_session3_natural,32,58,33.93333333333333,-1.052990198135376,0.23348957787397595
COHFACE_s37_session3_natural,32,59,33.96666666666667,-1.0900379419326782,0.11589946264867891
COHFACE_s37_session3_natural,32,60,34.0,-1.1290847063064575,-0.011377844239625927
COHFACE_s37_session3_natural,32,61,34.03333333333333,-1.1863569021224976,-0.1386825435602238
COHFACE_s37_session3_natural,32,62,34.06666666666667,-1.2459927797317505,-0.25464986061143235
COHFACE_s37_session3_natural,32,63,34.1,-1.112186074256897,-0.347947956165592
COHFACE_s37_session3_natural,32,64,34.13333333333333,-0.2450321614742279,-0.40832387504432666
COHFACE_s37_session3_natural,32,65,34.166666666666664,1.1186413764953613,-0.4263296866503903
COHFACE_s37_session3_natural,32,66,34.2,1.9675134420394897,-0.39350142718373937
COHFACE_s37_session3_natural,32,67,34.233333333333334,2.0760979652404785,-0.3055959053200572
COHFACE_s37_session3_natural,32,68,34.266666666666666,1.7935155630111694,-0.16871550054400183
COHFACE_s37_session3_natural,32,69,34.3,1.3919004201889038,-0.004176298577311126
COHFACE_s37_session3_natural,32,70,34.333333333333336,0.9549663662910461,0.15328999733006368
COHFACE_s37_session3_natural,32,71,34.36666666666667,0.5272612571716309,0.2661716606759466
COHFACE_s37_session3_natural,32,72,34.4,0.2615337073802948,0.30957003791902193
COHFACE_s37_session3_natural,32,73,34.43333333333333,0.2319546490907669,0.2826937673923593
COHFACE_s37_session3_natural,32,74,34.46666666666667,0.31008613109588623,0.20892506599924499
COHFACE_s37_session3_natural,32,75,34.5,0.33842670917510986,0.12342985892372212
COHFACE_s37_session3_natural,32,76,34.53333333333333,0.2492745965719223,0.05517614767302115
COHFACE_s37_session3_natural,32,77,34.56666666666667,0.0718567743897438,0.01393098926214396
COHFACE_s37_session3_natural,32,78,34.6,-0.13726502656936646,-0.010671423130098244
COHFACE_s37_session3_natural,32,79,34.63333333333333,-0.34284111857414246,-0.038702933016428014
COHFACE_s37_session3_natural,32,80,34.666666666666664,-0.5231696963310242,-0.08550963978776495
COHFACE_s37_session3_natural,32,81,34.7,-0.6723852157592773,-0.15212083862185932
COHFACE_s37_session3_natural,32,82,34.733333333333334,-0.789469301700592,-0.22519204224715392
COHFACE_s37_session3_natural,32,83,34.766666666666666,-0.8775337934494019,-0.2850760421294401
COHFACE_s37_session3_natural,32,84,34.8,-0.9342589974403381,-0.31681898923560714
COHFACE_s37_session3_natural,32,85,34.833333333333336,-0.9688045978546143,-0.3184760374916689
COHFACE_s37_session3_natural,32,86,34.86666666666667,-0.9998735785484314,-0.3030205998947552
COHFACE_s37_session3_natural,32,87,34.9,-1.0292389392852783,-0.29271356199232335
COHFACE_s37_session3_natural,32,88,34.93333333333333,-1.0573469400405884,-0.3072692915878911
COHFACE_s37_session3_natural,32,89,34.96666666666667,-1.1045665740966797,-0.3501152118861439
COHFACE_s37_session3_natural,32,90,35.0,-1.158883810043335,-0.40004561694397206
COHFACE_s37_session3_natural,32,91,35.03333333333333,-0.9918769001960754,-0.41513023782590636
COHFACE_s37_session3_natural,32,92,35.06666666666667,-0.08248245716094971,-0.3497602609698853
COHFACE_s37_session3_natural,32,93,35.1,1.2128795385360718,-0.1775861827983349
COHFACE_s37_session3_natural,32,94,35.13333333333333,1.9579890966415405,0.0916231191333605
COHFACE_s37_session3_natural,32,95,35.166666666666664,1.9979034662246704,0.4110102948594066
COHFACE_s37_session3_natural,32,96,35.2,1.679046869277954,0.7129093565360739
COHFACE_s37_session3_natural,32,97,35.233333333333334,1.2497825622558594,0.9342837553421859
COHFACE_s37_session3_natural,32,98,35.266666666666666,0.7848725914955139,1.038688190725364
COHFACE_s37_session3_natural,32,99,35.3,0.35717374086380005,1.0247429007309146
COHFACE_s37_session3_natural,32,100,35.333333333333336,0.14102338254451752,0.9190281335871263
COHFACE_s37_session3_natural,32,101,35.36666666666667,0.16574279963970184,0.7594439146542613
COHFACE_s37_session3_natural,32,102,35.4,0.25945907831192017,0.5786897477938219
COHFACE_s37_session3_natural,32,103,35.43333333333333,0.2678581774234772,0.3955137096536021
COHFACE_s37_session3_natural,32,104,35.46666666666667,0.1655416339635849,0.21581272531974227
COHFACE_s37_session3_natural,32,105,35.5,-0.012561445124447346,0.04016526862548808
COHFACE_s37_session3_natural,32,106,35.53333333333333,-0.2171442210674286,-0.1280822974273913
COHFACE_s37_session3_natural,32,107,35.56666666666667,-0.41558486223220825,-0.279038550242969
COHFACE_s37_session3_natural,32,108,35.6,-0.5946623682975769,-0.39851578636670165
COHFACE_s37_session3_natural,32,109,35.63333333333333,-0.7375157475471497,-0.47455602055708296
COHFACE_s37_session3_natural,32,110,35.666666666666664,-0.8474392294883728,-0.5042989306344622
COHFACE_s37_session3_natural,32,111,35.7,-0.9224902391433716,-0.49721141018174997
COHFACE_s37_session3_natural,32,112,35.733333333333334,-0.9659755229949951,-0.4726631912533676
COHFACE_s37_session3_natural,32,113,35.766666666666666,-0.9900097250938416,-0.452712150877961
COHFACE_s37_session3_natural,32,114,35.8,-1.0145845413208008,-0.4533044656704458
COHFACE_s37_session3_natural,32,115,35.833333333333336,-1.0522608757019043,-0.4777838187528434
COHFACE_s37_session3_natural,32,116,35.86666666666667,-1.0996251106262207,-0.515380372138945
COHFACE_s37_session3_natural,32,117,35.9,-1.0184508562088013,-0.5450594415277311
COHFACE_s37_session3_natural,32,118,35.93333333333333,-0.3204037845134735,-0.5430011234661525
COHFACE_s37_session3_natural,32,119,35.96666666666667,0.9233441352844238,-0.490916279428991
COHFACE_s37_session3_natural,32,120,36.0,1.7868894338607788,-0.3825701230323237
COHFACE_s37_session3_natural,32,121,36.03333333333333,1.9335651397705078,-0.22675612124779282
COHFACE_s37_session3_natural,32,122,36.06666666666667,1.6610291004180908,-0.04594704588945345
COHFACE_s37_session3_natural,32,123,36.1,1.2378504276275635,0.12911550340157504
COHFACE_s37_session3_natural,32,124,36.13333333333333,0.7593547701835632,0.2675116195590793
COHFACE_s37_session3_natural,32,125,36.166666666666664,0.30460411310195923,0.3466872807107012
COHFACE_s37_session3_natural,32,126,36.2,0.05384529009461403,0.3590024842893914
COHFACE_s37_session3_natural,32,127,36.233333333333334,0.06517397612333298,0.31412451557839305
COHFACE_s37_session3_natural,32,128,36.266666666666666,0.17374581098556519,0.23591636491768836
COHFACE_s37_session3_natural,32,129,36.3,0.21704252064228058,0.1543514748738024
COHFACE_s37_session3_natural,32,130,36.333333333333336,0.14152631163597107,0.095620570510704
COHFACE_s37_session3_natural,32,131,36.36666666666667,-0.020243829116225243,0.07471387329322002
COHFACE_s37_session3_natural,32,132,36.4,-0.21670415997505188,0.09293953691962685
COHFACE_s37_session3_natural,32,133,36.43333333333333,-0.4160689413547516,0.14002255803138752
COHFACE_s37_session3_natural,32,134,36.46666666666667,-0.5952721834182739,0.19907609839338128
COHFACE_s37_session3_natural,32,135,36.5,-0.7409420013427734,0.2528066945802677
COHFACE_s37_session3_natural,32,136,36.53333333333333,-0.8501237034797668,0.28955766336765315
COHFACE_s37_session3_natural,32,137,36.56666666666667,-0.9229994416236877,0.3075364340072031
COHFACE_s37_session3_natural,32,138,36.6,-0.9673586487770081,0.3151816903628137
COHFACE_s37_session3_natural,32,139,36.63333333333333,-0.9924175143241882,0.32648157527176885
COHFACE_s37_session3_natural,32,140,36.666666666666664,-1.021738886833191,0.35269481341447256
COHFACE_s37_session3_natural,32,141,36.7,-1.046496033668518,0.3945186161307703
COHFACE_s37_session3_natural,32,142,36.733333333333334,-0.8307920098304749,0.43907247261057925
COHFACE_s37_session3_natural,32,143,36.766666666666666,0.07254831492900848,0.46372816174969905
COHFACE_s37_session3_natural,32,144,36.8,1.2342480421066284,0.4451407930691692
COHFACE_s37_session3_natural,32,145,36.833333333333336,1.8140166997909546,0.36915917910116947
COHFACE_s37_session3_natural,32,146,36.86666666666667,1.7518597841262817,0.2372265474848507
COHFACE_s37_session3_natural,32,147,36.9,1.3792452812194824,0.06684882442662445
COHFACE_s37_session3_natural,32,148,36.93333333333333,0.9070614576339722,-0.11379389579639186
COHFACE_s37_session3_natural,32,149,36.96666666666667,0.41090014576911926,-0.2748929947255872
COHFACE_s37_session3_natural,32,150,37.0,0.0337403230369091,-0.3942639363461071
COHFACE_s37_session3_natural,32,151,37.03333333333333,-0.05820310860872269,-0.463435774031667
COHFACE_s37_session3_natural,32,152,37.06666666666667,0.06590323895215988,-0.4886705158750875
COHFACE_s37_session3_natural,32,153,37.1,0.19242997467517853,-0.48719752712977793
COHFACE_s37_session3_natural,32,154,37.13333333333333,0.19256199896335602,-0.48083690823078573
COHFACE_s37_session3_natural,32,155,37.166666666666664,0.06655705720186234,-0.4898027424010378
COHFACE_s37_session3_natural,32,156,37.2,-0.12264838069677353,-0.5285295366339694
COHFACE_s37_session3_natural,32,157,37.233333333333334,-0.323113352060318,-0.6036302726848785
COHFACE_s37_session3_natural,32,158,37.266666666666666,-0.5086850523948669,-0.7127760929515866
COHFACE_s37_session3_natural,32,159,37.3,-0.6645205616950989,-0.8432378048135128
COHFACE_s37_session3_natural,32,160,37.333333333333336,-0.7819315195083618,-0.9702126572141742
COHFACE_s37_session3_natural,32,161,37.36666666666667,-0.8573471307754517,-1.0572470971791947
COHFACE_s37_session3_natural,32,162,37.4,-0.9012725353240967,-1.0623195570191806
COHFACE_s37_session3_natural,32,163,37.43333333333333,-0.936145007610321,-0.9508106155431126
COHFACE_s37_session3_natural,32,164,37.46666666666667,-0.9629767537117004,-0.7107040387957858
COHFACE_s37_session3_natural,32,165,37.5,-0.8180801868438721,-0.3612441625700425
COHFACE_s37_session3_natural,32,166,37.53333333333333,-0.02858632057905197,0.0513013424037139
COHFACE_s37_session3_natural,32,167,37.56666666666667,1.1605801582336426,0.46964785229333605
COHFACE_s37_session3_natural,32,168,37.6,1.8647253513336182,0.8448918121739749
COHFACE_s37_session3_natural,32,169,37.63333333333333,1.8849246501922607,1.1490262376760683
COHFACE_s37_session3_natural,32,170,37.666666666666664,1.546830654144287,1.3753094663757093
COHFACE_s37_session3_natural,32,171,37.7,1.1034715175628662,1.528983844942011
COHFACE_s37_session3_natural,32,172,37.733333333333334,0.6320295929908752,1.6157427455784696
COHFACE_s37_session3_natural,32,173,37.766666666666666,0.22605140507221222,1.6350361939329008
COHFACE_s37_session3_natural,32,174,37.8,0.07381822913885117,1.5808807506650089
COHFACE_s37_session3_natural,32,175,37.833333333333336,0.16428427398204803,1.4477638742950947
COHFACE_s37_session3_natural,32,176,37.86666666666667,0.2873658835887909,1.236834408838069
COHFACE_s37_session3_natural,32,177,37.9,0.2934640049934387,0.9586807641016023
COHFACE_s37_session3_natural,32,178,37.93333333333333,0.17110538482666016,0.6321605749313407
COHFACE_s37_session3_natural,32,179,37.96666666666667,-0.01852126605808735,0.28125376738347957
COHFACE_s37_session3_natural,32,180,38.0,-0.21870332956314087,-0.06803451640189587
COHFACE_s37_session3_natural,32,181,38.03333333333333,-0.40980735421180725,-0.3902452790298454
COHFACE_s37_session3_natural,32,182,38.06666666666667,-0.5719798803329468,-0.6632124026698066
COHFACE_s37_session3_natural,32,183,38.1,-0.6869264245033264,-0.8713221520043556
COHFACE_s37_session3_natural,32,184,38.13333333333333,-0.7625935077667236,-1.0081108202585451
COHFACE_s37_session3_natural,32,185,38.166666666666664,-0.8121078014373779,-1.0763991350983038
COHFACE_s37_session3_natural,32,186,38.2,-0.8537448048591614,-1.0856594634697856
COHFACE_s37_session3_natural,32,187,38.233333333333334,-0.8499916791915894,-1.0482658948850692
COHFACE_s37_session3_natural,32,188,38.266666666666666,-0.45366987586021423,-0.9765859161103012
COHFACE_s37_session3_natural,32,189,38.3,0.6456592082977295,-0.8816530164110952
COHFACE_s37_session3_natural,32,190,38.333333333333336,1.7317862510681152,-0.7727838197218391
COHFACE_s37_session3_natural,32,191,38.36666666666667,2.122286558151245,-0.6571338491716968
COHFACE_s37_session3_natural,32,192,38.4,1.9530476331710815,-0.539025208309234
COHFACE_s37_session3_natural,32,193,38.43333333333333,1.5907056331634521,-0.41982153327063504
COHFACE_s37_session3_natural,32,194,38.46666666666667,1.199576735496521,-0.29905930276422144
COHFACE_s37_session3_natural,32,195,38.5,0.7761717438697815,-0.17664781703349067
COHFACE_s37_session3_natural,32,196,38.53333333333333,0.42961573600769043,-0.05506952057672494
COHFACE_s37_session3_natural,32,197,38.56666666666667,0.31749817728996277,0.05972284115437467
COHFACE_s37_session3_natural,32,198,38.6,0.3780331015586853,0.1594151891140387
COHFACE_s37_session3_natural,32,199,38.63333333333333,0.4321492910385132,0.23602321096070128
COHFACE_s37_session3_natural,32,200,38.666666666666664,0.36813151836395264,0.2847494047855502
COHFACE_s37_session3_natural,32,201,38.7,0.1941273957490921,0.30546857688664975
COHFACE_s37_session3_natural,32,202,38.733333333333334,-0.02128113992512226,0.3022298108696259
COHFACE_s37_session3_natural,32,203,38.766666666666666,-0.2324838489294052,0.2813163164536342
COHFACE_s37_session3_natural,32,204,38.8,-0.41584891080856323,0.2489453268006447
COHFACE_s37_session3_natural,32,205,38.833333333333336,-0.5643477439880371,0.2097144202768669
COHFACE_s37_session3_natural,32,206,38.86666666666667,-0.669336199760437,0.16672431145139985
COHFACE_s37_session3_natural,32,207,38.9,-0.729644775390625,0.12369202225339165
COHFACE_s37_session3_natural,32,208,38.93333333333333,-0.783113420009613,0.08810259128301141
COHFACE_s37_session3_natural,32,209,38.96666666666667,-0.8411462306976318,0.07297056926892374
COHFACE_s37_session3_natural,32,210,39.0,-0.7957308888435364,0.09426768060482271
COHFACE_s37_session3_natural,32,211,39.03333333333333,-0.20623674988746643,0.16314273680173785
COHFACE_s37_session3_natural,32,212,39.06666666666667,0.9863937497138977,0.2764423746105821
COHFACE_s37_session3_natural,32,213,39.1,1.909669280052185,0.4119519524406073
COHFACE_s37_session3_natural,32,214,39.13333333333333,2.1138999462127686,0.5329385104188863
COHFACE_s37_session3_natural,32,215,39.166666666666664,1.894235372543335,0.6011432410338456
COHFACE_s37_session3_natural,32,216,39.2,1.575938105583191,0.5920548015931476
COHFACE_s37_session3_natural,32,217,39.233333333333334,1.2393089532852173,0.504544733523941
COHFACE_s37_session3_natural,32,218,39.266666666666666,0.8426413536071777,0.3600243661091572
COHFACE_s37_session3_natural,32,219,39.3,0.5007752180099487,0.19210931951217744
COHFACE_s37_session3_natural,32,220,39.333333333333336,0.37014326453208923,0.032730238432853366
COHFACE_s37_session3_natural,32,221,39.36666666666667,0.38071754574775696,-0.0981490367984984
COHFACE_s37_session3_natural,32,222,39.4,0.382201224565506,-0.1951053232131528
COHFACE_s37_session3_natural,32,223,39.43333333333333,0.28656747937202454,-0.2628895592171382
COHFACE_s37_session3_natural,32,224,39.46666666666667,0.09939893335103989,-0.30927472136136464
COHFACE_s37_session3_natural,32,225,39.5,-0.12100754678249359,-0.33951975571869014
COHFACE_s37_session3_natural,32,226,39.53333333333333,-0.3362463414669037,-0.35447761606697203
COHFACE_s37_session3_natural,32,227,39.56666666666667,-0.5248859524726868,-0.3518197230814766
COHFACE_s37_session3_natural,32,228,39.6,-0.6714988350868225,-0.32900696711412136
COHFACE_s37_session3_natural,32,229,39.63333333333333,-0.7713258266448975,-0.286718801802906
COHFACE_s37_session3_natural,32,230,39.666666666666664,-0.8345828652381897,-0.23116958974842633
COHFACE_s37_session3_natural,32,231,39.7,-0.869681715965271,-0.1736613415984086
COHFACE_s37_session3_natural,32,232,39.733333333333334,-0.9050571322441101,-0.1268265028075988
COHFACE_s37_session3_natural,32,233,39.766666666666666,-0.9573249816894531,-0.09901563410270088
COHFACE_s37_session3_natural,32,234,39.8,-0.9675095081329346,-0.08993893171970616
COHFACE_s37_session3_natural,32,235,39.833333333333336,-0.5701001286506653,-0.09050418469938651
COHFACE_s37_session3_natural,32,236,39.86666666666667,0.5551177263259888,-0.08741696497907085
COHFACE_s37_session3_natural,32,237,39.9,1.66908860206604,-0.07015542864662948
COHFACE_s37_session3_natural,32,238,39.93333333333333,2.069509267807007,-0.036503542214404286
COHFACE_s37_session3_natural,32,239,39.96666666666667,1.9362558126449585,0.0062504114263640925
COHFACE_s37_session3_natural,33,0,33.0,-1.2036768198013306,-0.021474654207372042
COHFACE_s37_session3_natural,33,1,33.03333333333333,-1.2506450414657593,0.02221132353748944
COHFACE_s37_session3_natural,33,2,33.06666666666667,-1.305968165397644,0.07537454335788397
COHFACE_s37_session3_natural,33,3,33.1,-1.3270035982131958,0.15080324940281098
COHFACE_s37_session3_natural,33,4,33.13333333333333,-0.9295188188552856,0.26285354707554637
COHFACE_s37_session3_natural,33,5,33.166666666666664,0.3169575333595276,0.4195073596416718
COHFACE_s37_session3_natural,33,6,33.2,1.629557728767395,0.6118709600135638
COHFACE_s37_session3_natural,33,7,33.233333333333334,2.194338798522949,0.8087054374032656
COHFACE_s37_session3_natural,33,8,33.266666666666666,2.1151132583618164,0.9616006760417698
COHFACE_s37_session3_natural,33,9,33.3,1.7728385925292969,1.020464326632329
COHFACE_s37_session3_natural,33,10,33.333333333333336,1.3808609247207642,0.9534001792105877
COHFACE_s37_session3_natural,33,11,33.36666666666667,0.9673449397087097,0.7621689905792189
COHFACE_s37_session3_natural,33,12,33.4,0.5725382566452026,0.48523990450281196
COHFACE_s37_session3_natural,33,13,33.43333333333333,0.3476870656013489,0.18550856728031412
COHFACE_s37_session3_natural,33,14,33.46666666666667,0.3172529935836792,-0.0724733406767286
COHFACE_s37_session3_natural,33,15,33.5,0.3380495011806488,-0.24514624970031793
COHFACE_s37_session3_natural,33,16,33.53333333333333,0.301127552986145,-0.3221040667911386
COHFACE_s37_session3_natural,33,17,33.56666666666667,0.18630670011043549,-0.32327432459183375
COHFACE_s37_session3_natural,33,18,33.6,0.002168364357203245,-0.28448946277003273
COHFACE_s37_session3_natural,33,19,33.63333333333333,-0.20638762414455414,-0.2400696836739965
COHFACE_s37_session3_natural,33,20,33.666666666666664,-0.40790247917175293,-0.2108117062128788
COHFACE_s37_session3_natural,33,21,33.7,-0.5867222547531128,-0.2010819916774385
COHFACE_s37_session3_natural,33,22,33.733333333333334,-0.7281359434127808,-0.20306390037177333
COHFACE_s37_session3_natural,33,23,33.766666666666666,-0.8317098617553711,-0.20345384609516
COHFACE_s37_session3_natural,33,24,33.8,-0.9044409990310669,-0.18937615085912038
COHFACE_s37_session3_natural,33,25,33.833333333333336,-0.9544708132743835,-0.15299179080789918
COHFACE_s37_session3_natural,33,26,33.86666666666667,-0.9908772706985474,-0.09491426483032493
COHFACE_s37_session3_natural,33,27,33.9,-1.0209592580795288,-0.025567790231889653
COHFACE_s37_session3_natural,33,28,33.93333333333333,-1.052990198135376,0.03683841357768454
COHFACE_s37_session3_natural,33,29,33.96666666666667,-1.0900379419326782,0.07197053434394984
COHFACE_s37_session3_natural,33,30,34.0,-1.1290847063064575,0.06478940274020399
COHFACE_s37_session3_natural,33,31,34.03333333333333,-1.1863569021224976,0.011426409662925876
COHFACE_s37_session3_natural,33,32,34.06666666666667,-1.2459927797317505,-0.07910960611745294
COHFACE_s37_session3_natural,33,33,34.1,-1.112186074256897,-0.18769931499949843
COHFACE_s37_session3_natural,33,34,34.13333333333333,-0.2450321614742279,-0.2903796070202234
COHFACE_s37_session3_natural,33,35,34.166666666666664,1.1186413764953613,-0.3637122774807959
COHFACE_s37_session3_natural,33,36,34.2,1.9675134420394897,-0.38950339260344957
COHFACE_s37_session3_natural,33,37,34.233333333333334,2.0760979652404785,-0.35937721141113743
COHFACE_s37_session3_natural,33,38,34.266666666666666,1.7935155630111694,-0.27862250902926095
COHFACE_s37_session3_natural,33,39,34.3,1.3919004201889038,-0.1668161629153753
COHFACE_s37_session3_natural,33,40,34.333333333333336,0.9549663662910461,-0.05263751728314272
COHFACE_s37_session3_natural,33,41,34.36666666666667,0.5272612571716309,0.03704908823241895
COHFACE_s37_session3_natural,33,42,34.4,0.2615337073802948,0.08955834431623882
COHFACE_s37_session3_natural,33,43,34.43333333333333,0.2319546490907669,0.11310125953234362
COHFACE_s37_session3_natural,33,44,34.46666666666667,0.31008613109588623,0.132131613036971
COHFACE_s37_session3_natural,33,45,34.5,0.33842670917510986,0.1717788663668394
COHFACE_s37_session3_natural,33,46,34.53333333333333,0.2492745965719223,0.23986112451906458
COHFACE_s37_session3_natural,33,47,34.56666666666667,0.0718567743897438,0.31824588517047747
COHFACE_s37_session3_natural,33,48,34.6,-0.13726502656936646,0.3699211106462906
COHFACE_s37_session3_natural,33,49,34.63333333333333,-0.34284111857414246,0.35829545325966194
COHFACE_s37_session3_natural,33,50,34.666666666666664,-0.5231696963310242,0.26808240287498364
COHFACE_s37_session3_natural,33,51,34.7,-0.6723852157592773,0.11631418084556583
COHFACE_s37_session3_natural,33,52,34.733333333333334,-0.789469301700592,-0.05263495146006215
COHFACE_s37_session3_natural,33,53,34.766666666666666,-0.8775337934494019,-0.18584798441344838
COHFACE_s37_session3_natural,33,54,34.8,-0.9342589974403381,-0.245399750394673
COHFACE_s37_session3_natural,33,55,34.833333333333336,-0.9688045978546143,-0.22533767101308122
COHFACE_s37_session3_natural,33,56,34.86666666666667,-0.9998735785484314,-0.15421133471599993
COHFACE_s37_session3_natural,33,57,34.9,-1.0292389392852783,-0.08192747766715311
COHFACE_s37_session3_natural,33,58,34.93333333333333,-1.0573469400405884,-0.05633578609425867
COHFACE_s37_session3_natural,33,59,34.96666666666667,-1.1045665740966797,-0.09952756069101489
COHFACE_s37_session3_natural,33,60,35.0,-1.158883810043335,-0.19494073352743047
COHFACE_s37_session3_natural,33,61,35.03333333333333,-0.9918769001960754,-0.2923888065285026
COHFACE_s37_session3_natural,33,62,35.06666666666667,-0.08248245716094971,-0.3296002901381907
COHFACE_s37_session3_natural,33,63,35.1,1.2128795385360718,-0.2602538129167167
COHFACE_s37_session3_natural,33,64,35.13333333333333,1.9579890966415405,-0.07499835367521926
COHFACE_s37_session3_natural,33,65,35.166666666666664,1.9979034662246704,0.19420195054706688
COHFACE_s37_session3_natural,33,66,35.2,1.679046869277954,0.48686444511668286
COHFACE_s37_session3_natural,33,67,35.233333333333334,1.2497825622558594,0.7359728002662193
COHFACE_s37_session3_natural,33,68,35.266666666666666,0.7848725914955139,0.8887409493373626
COHFACE_s37_session3_natural,33,69,35.3,0.35717374086380005,0.9188779109175174
COHFACE_s37_session3_natural,33,70,35.333333333333336,0.14102338254451752,0.828354870713376
COHFACE_s37_session3_natural,33,71,35.36666666666667,0.16574279963970184,0.641106086655758
COHFACE_s37_session3_natural,33,72,35.4,0.25945907831192017,0.3930887893423745
COHFACE_s37_session3_natural,33,73,35.43333333333333,0.2678581774234772,0.12280675016267628
COHFACE_s37_session3_natural,33,74,35.46666666666667,0.1655416339635849,-0.13519991357701905
COHFACE_s37_session3_natural,33,75,35.5,-0.012561445124447346,-0.3533612654817306
COHFACE_s37_session3_natural,33,76,35.53333333333333,-0.2171442210674286,-0.5116748622571358
COHFACE_s37_session3_natural,33,77,35.56666666666667,-0.41558486223220825,-0.5977530890733308
COHFACE_s37_session3_natural,33,78,35.6,-0.5946623682975769,-0.6078150871362124
COHFACE_s37_session3_natural,33,79,35.63333333333333,-0.7375157475471497,-0.5486902801643694
COHFACE_s37_session3_natural,33,80,35.666666666666664,-0.8474392294883728,-0.43912311774152724
COHFACE_s37_session3_natural,33,81,35.7,-0.9224902391433716,-0.3079910104212928
COHFACE_s37_session3_natural,33,82,35.733333333333334,-0.9659755229949951,-0.18834443476372695
COHFACE_s37_session3_natural,33,83,35.766666666666666,-0.9900097250938416,-0.10862269025913464
COHFACE_s37_session3_natural,33,84,35.8,-1.0145845413208008,-0.08434012434610591
COHFACE_s37_session3_natural,33,85,35.833333333333336,-1.0522608757019043,-0.11369495751620975
COHFACE_s37_session3_natural,33,86,35.86666666666667,-1.0996251106262207,-0.17876942593539738
COHFACE_s37_session3_natural,33,87,35.9,-1.0184508562088013,-0.2515919735996797
COHFACE_s37_session3_natural,33,88,35.93333333333333,-0.3204037845134735,-0.30283058851362643
COHFACE_s37_session3_natural,33,89,35.96666666666667,0.9233441352844238,-0.3106520327438078
COHFACE_s37_session3_natural,33,90,36.0,1.7868894338607788,-0.2677250973785839
COHFACE_s37_session3_natural,33,91,36.03333333333333,1.9335651397705078,-0.18446397082131075
COHFACE_s37_session3_natural,33,92,36.06666666666667,1.6610291004180908,-0.086373743441603
COHFACE_s37_session3_natural,33,93,36.1,1.2378504276275635,-0.004619214171703209
COHFACE_s37_session3_natural,33,94,36.13333333333333,0.7593547701835632,0.03744359794097924
COHFACE_s37_session3_natural,33,95,36.166666666666664,0.30460411310195923,0.03566564077261296
COHFACE_s37_session3_natural,33,96,36.2,0.05384529009461403,0.008311948625597962
COHFACE_s37_session3_natural,33,97,36.233333333333334,0.06517397612333298,-0.011381855374921207
COHFACE_s37_session3_natural,33,98,36.266666666666666,0.17374581098556519,0.009616765215109504
COHFACE_s37_session3_natural,33,99,36.3,0.21704252064228058,0.08833153533534044
COHFACE_s37_session3_natural,33,100,36.333333333333336,0.14152631163597107,0.21702808670496468
COHFACE_s37_session3_natural,33,101,36.36666666666667,-0.020243829116225243,0.3657189186177481
COHFACE_s37_session3_natural,33,102,36.4,-0.21670415997505188,0.49429514816297404
COHFACE_s37_session3_natural,33,103,36.43333333333333,-0.4160689413547516,0.5681025021993229
COHFACE_s37_session3_natural,33,104,36.46666666666667,-0.5952721834182739,0.5701802764696501
COHFACE_s37_session3_natural,33,105,36.5,-0.7409420013427734,0.5060789922585945
COHFACE_s37_session3_natural,33,106,36.53333333333333,-0.8501237034797668,0.4007983062712289
COHFACE_s37_session3_natural,33,107,36.56666666666667,-0.9229994416236877,0.290041348571935
COHFACE_s37_session3_natural,33,108,36.6,-0.9673586487770081,0.20891605717866166
COHFACE_s37_session3_natural,33,109,36.63333333333333,-0.9924175143241882,0.18100137833027524
COHFACE_s37_session3_natural,33,110,36.666666666666664,-1.021738886833191,0.21031989298015316
COHFACE_s37_session3_natural,33,111,36.7,-1.046496033668518,0.2786165791645506
COHFACE_s37_session3_natural,33,112,36.733333333333334,-0.8307920098304749,0.3498857681238504
COHFACE_s37_session3_natural,33,113,36.766666666666666,0.07254831492900848,0.3819453801307153
COHFACE_s37_session3_natural,33,114,36.8,1.2342480421066284,0.34108144387740835
COHFACE_s37_session3_natural,33,115,36.833333333333336,1.8140166997909546,0.21352054699629505
COHFACE_s37_session3_natural,33,116,36.86666666666667,1.7518597841262817,0.009274580017218554
COHFACE_s37_session3_natural,33,117,36.9,1.3792452812194824,-0.24187046553195338
COHFACE_s37_session3_natural,33,118,36.93333333333333,0.9070614576339722,-0.49903523856212145
COHFACE_s37_session3_natural,33,119,36.96666666666667,0.41090014576911926,-0.7195968576731541
COHFACE_s37_session3_natural,33,120,37.0,0.0337403230369091,-0.8668628243877649
COHFACE_s37_session3_natural,33,121,37.03333333333333,-0.05820310860872269,-0.916080316342971
COHFACE_s37_session3_natural,33,122,37.06666666666667,0.06590323895215988,-0.8597981364816767
COHFACE_s37_session3_natural,33,123,37.1,0.19242997467517853,-0.7123403321772845
COHFACE_s37_session3_natural,33,124,37.13333333333333,0.19256199896335602,-0.5106734770313953
COHFACE_s37_session3_natural,33,125,37.166666666666664,0.06655705720186234,-0.3082778202163551
COHFACE_s37_session3_natural,33,126,37.2,-0.12264838069677353,-0.16156898061315392
COHFACE_s37_session3_natural,33,127,37.233333333333334,-0.323113352060318,-0.11279294051815139
COHFACE_s37_session3_natural,33,128,37.266666666666666,-0.5086850523948669,-0.17574305975730187
COHFACE_s37_session3_natural,33,129,37.3,-0.6645205616950989,-0.32976286077194095
COHFACE_s37_session3_natural,33,130,37.333333333333336,-0.7819315195083618,-0.5241406981283643
COHFACE_s37_session3_natural,33,131,37.36666666666667,-0.8573471307754517,-0.6915865371556479
COHFACE_s37_session3_natural,33,132,37.4,-0.9012725353240967,-0.7675491942467255
COHFACE_s37_session3_natural,33,133,37.43333333333333,-0.936145007610321,-0.710384953458607
COHFACE_s37_session3_natural,33,134,37.46666666666667,-0.9629767537117004,-0.5151303348808318
COHFACE_s37_session3_natural,33,135,37.5,-0.8180801868438721,-0.2138619536806699
COHFACE_s37_session3_natural,33,136,37.53333333333333,-0.02858632057905197,0.13909970523164766
COHFACE_s37_session3_natural,33,137,37.56666666666667,1.1605801582336426,0.4906512041122366
COHFACE_s37_session3_natural,33,138,37.6,1.8647253513336182,0.808504064752474
COHFACE_s37_session3_natural,33,139,37.63333333333333,1.8849246501922607,1.0859088452161518
COHFACE_s37_session3_natural,33,140,37.666666666666664,1.546830654144287,1.3301905335333204
COHFACE_s37_session3_natural,33,141,37.7,1.1034715175628662,1.5442979263771117
COHFACE_s37_session3_natural,33,142,37.733333333333334,0.6320295929908752,1.7139299716619034
COHFACE_s37_session3_natural,33,143,37.766666666666666,0.22605140507221222,1.8080049806047864
COHFACE_s37_session3_natural,33,144,37.8,0.07381822913885117,1.7914119019796406
COHFACE_s37_session3_natural,33,145,37.833333333333336,0.16428427398204803,1.6417104788208505
COHFACE_s37_session3_natural,33,146,37.86666666666667,0.2873658835887909,1.3599165606649228
COHFACE_s37_session3_natural,33,147,37.9,0.2934640049934387,0.9702334808352479
COHFACE_s37_session3_natural,33,148,37.93333333333333,0.17110538482666016,0.511250845714143
COHFACE_s37_session3_natural,33,149,37.96666666666667,-0.01852126605808735,0.025759184131671407
COHFACE_s37_session3_natural,33,150,38.0,-0.21870332956314087,-0.44552431210919746
COHFACE_s37_session3_natural,33,151,38.03333333333333,-0.40980735421180725,-0.8661235962367093
COHFACE_s37_session3_natural,33,152,38.06666666666667,-0.5719798803329468,-1.2048527357580632
COHFACE_s37_session3_natural,33,153,38.1,-0.6869264245033264,-1.4383206048192088
COHFACE_s37_session3_natural,33,154,38.13333333333333,-0.7625935077667236,-1.554792231004184
COHFACE_s37_session3_natural,33,155,38.166666666666664,-0.8121078014373779,-1.557037899932131
COHFACE_s37_session3_natural,33,156,38.2,-0.8537448048591614,-1.4618850083637744
COHFACE_s37_session3_natural,33,157,38.233333333333334,-0.8499916791915894,-1.296152818135825
COHFACE_s37_session3_natural,33,158,38.266666666666666,-0.45366987586021423,-1.0906873414978608
COHFACE_s37_session3_natural,33,159,38.3,0.6456592082977295,-0.8747661194146207
COHFACE_s37_session3_natural,33,160,38.333333333333336,1.7317862510681152,-0.6719782040739393
COHFACE_s37_session3_natural,33,161,38.36666666666667,2.122286558151245,-0.49742582449366496
COHFACE_s37_session3_natural,33,162,38.4,1.9530476331710815,-0.3561763282068636
COHFACE_s37_session3_natural,33,163,38.43333333333333,1.5907056331634521,-0.24363731907206015
COHFACE_s37_session3_natural,33,164,38.46666666666667,1.199576735496521,-0.14855858380693832
COHFACE_s37_session3_natural,33,165,38.5,0.7761717438697815,-0.05832720654844539
COHFACE_s37_session3_natural,33,166,38.53333333333333,0.42961573600769043,0.0352748565560249
COHFACE_s37_session3_natural,33,167,38.56666666666667,0.31749817728996277,0.1325250395589973
COHFACE_s37_session3_natural,33,168,38.6,0.3780331015586853,0.22642039980260717
COHFACE_s37_session3_natural,33,169,38.63333333333333,0.4321492910385132,0.30740354119563845
COHFACE_s37_session3_natural,33,170,38.666666666666664,0.36813151836395264,0.3695024841940896
COHFACE_s37_session3_natural,33,171,38.7,0.1941273957490921,0.4141224575712053
COHFACE_s37_session3_natural,33,172,38.733333333333334,-0.02128113992512226,0.4490637735468573
COHFACE_s37_session3_natural,33,173,38.766666666666666,-0.2324838489294052,0.4832330973412446
COHFACE_s37_session3_natural,33,174,38.8,-0.41584891080856323,0.5201589367203716
COHFACE_s37_session3_natural,33,175,38.833333333333336,-0.5643477439880371,0.5544245794007292
COHFACE_s37_session3_natural,33,176,38.86666666666667,-0.669336199760437,0.5738796821297794
COHFACE_s37_session3_natural,33,177,38.9,-0.729644775390625,0.5672837897952717
COHFACE_s37_session3_natural,33,178,38.93333333333333,-0.783113420009613,0.5333036117521777
COHFACE_s37_session3_natural,33,179,38.96666666666667,-0.8411462306976318,0.4849324966771408
COHFACE_s37_session3_natural,33,180,39.0,-0.7957308888435364,0.44518512065229326
COHFACE_s37_session3_natural,33,181,39.03333333333333,-0.20623674988746643,0.4349780981518203
COHFACE_s37_session3_natural,33,182,39.06666666666667,0.9863937497138977,0.45973024888733527
COHFACE_s37_session3_natural,33,183,39.1,1.909669280052185,0.5030220882936122
COHFACE_s37_session3_natural,33,184,39.13333333333333,2.1138999462127686,0.5315413356404999
COHFACE_s37_session3_natural,33,185,39.166666666666664,1.894235372543335,0.5088597545896184
COHFACE_s37_session3_natural,33,186,39.2,1.575938105583191,0.4111236090221444
COHFACE_s37_session3_natural,33,187,39.233333333333334,1.2393089532852173,0.23722765917569888
COHFACE_s37_session3_natural,33,188,39.266666666666666,0.8426413536071777,0.00896219198772785
COHFACE_s37_session3_natural,33,189,39.3,0.5007752180099487,-0.23823821503202536
COHFACE_s37_session3_natural,33,190,39.333333333333336,0.37014326453208923,-0.4682889386686121
COHFACE_s37_session3_natural,33,191,39.36666666666667,0.38071754574775696,-0.6541586613597871
COHFACE_s37_session3_natural,33,192,39.4,0.382201224565506,-0.7808583881927302
COHFACE_s37_session3_natural,33,193,39.43333333333333,0.28656747937202454,-0.8434033438911736
COHFACE_s37_session3_natural,33,194,39.46666666666667,0.09939893335103989,-0.8437601939064617
COHFACE_s37_session3_natural,33,195,39.5,-0.12100754678249359,-0.7895337017719837
COHFACE_s37_session3_natural,33,196,39.53333333333333,-0.3362463414669037,-0.6941728016420575
COHFACE_s37_session3_natural,33,197,39.56666666666667,-0.5248859524726868,-0.5764712494703538
COHFACE_s37_session3_natural,33,198,39.6,-0.6714988350868225,-0.45765477529654197
COHFACE_s37_session3_natural,33,199,39.63333333333333,-0.7713258266448975,-0.35635409804120155
COHFACE_s37_session3_natural,33,200,39.666666666666664,-0.8345828652381897,-0.2833469470581627
COHFACE_s37_session3_natural,33,201,39.7,-0.869681715965271,-0.2383222593885952
COHFACE_s37_session3_natural,33,202,39.733333333333334,-0.9050571322441101,-0.210208712114787
COHFACE_s37_session3_natural,33,203,39.766666666666666,-0.9573249816894531,-0.18131727342734846
COHFACE_s37_session3_natural,33,204,39.8,-0.9675095081329346,-0.13417858634153168
COHFACE_s37_session3_natural,33,205,39.833333333333336,-0.5701001286506653,-0.05872426767790347
COHFACE_s37_session3_natural,33,206,39.86666666666667,0.5551177263259888,0.04328513761896452
COHFACE_s37_session3_natural,33,207,39.9,1.66908860206604,0.1591258543981661
COHFACE_s37_session3_natural,33,208,39.93333333333333,2.069509267807007,0.2715163930002886
COHFACE_s37_session3_natural,33,209,39.96666666666667,1.9362558126449585,0.36752715693670013
COHFACE_s37_session3_natural,33,210,40.0,1.6609033346176147,0.4446038236111469
COHFACE_s37_session3_natural,33,211,40.03333333333333,1.3771265745162964,0.5094347943419022
COHFACE_s37_session3_natural,33,212,40.06666666666667,1.014344573020935,0.5703161064223918
COHFACE_s37_session3_natural,33,213,40.1,0.6174821257591248,0.6284402565297179
COHFACE_s37_session3_natural,33,214,40.13333333333333,0.39296409487724304,0.6740792474747468
COHFACE_s37_session3_natural,33,215,40.166666666666664,0.35980159044265747,0.6899797231575936
COHFACE_s37_session3_natural,33,216,40.2,0.36381253600120544,0.6593996788125254
COHFACE_s37_session3_natural,33,217,40.233333333333334,0.2824370861053467,0.5737027476668102
COHFACE_s37_session3_natural,33,218,40.266666666666666,0.10223425179719925,0.4359432229454825
COHFACE_s37_session3_natural,33,219,40.3,-0.12185624986886978,0.26029763206944684
COHFACE_s37_session3_natural,33,220,40.333333333333336,-0.3440607488155365,0.06931870479615934
COHFACE_s37_session3_natural,33,221,40.36666666666667,-0.534454345703125,-0.10942737899603863
COHFACE_s37_session3_natural,33,222,40.4,-0.6855307817459106,-0.2477160319631614
COHFACE_s37_session3_natural,33,223,40.43333333333333,-0.7954731583595276,-0.323236169911352
COHFACE_s37_session3_natural,33,224,40.46666666666667,-0.8708447217941284,-0.3277510753652406
COHFACE_s37_session3_natural,33,225,40.5,-0.9209625720977783,-0.27322269108241093
COHFACE_s37_session3_natural,33,226,40.53333333333333,-0.9676918387413025,-0.1910878661737921
COHFACE_s37_session3_natural,33,227,40.56666666666667,-1.0123590230941772,-0.1224592744529767
COHFACE_s37_session3_natural,33,228,40.6,-1.048947811126709,-0.10254642390526883
COHFACE_s37_session3_natural,33,229,40.63333333333333,-1.0909242630004883,-0.14670866515365943
COHFACE_s37_session3_natural,33,230,40.666666666666664,-1.1418782472610474,-0.24473232822625213
COHFACE_s37_session3_natural,33,231,40.7,-1.2112020254135132,-0.3655098813464681
COHFACE_s37_session3_natural,33,232,40.733333333333334,-1.2362358570098877,-0.4696432107056299
COHFACE_s37_session3_natural,33,233,40.766666666666666,-0.8596857786178589,-0.5244346042394256
COHFACE_s37_session3_natural,33,234,40.8,0.3382946848869324,-0.5149665881083535
COHFACE_s37_session3_natural,33,235,40.833333333333336,1.6080948114395142,-0.446866464312506
COHFACE_s37_session3_natural,33,236,40.86666666666667,2.126328945159912,-0.34032070563769057
COHFACE_s37_session3_natural,33,237,40.9,2.0433125495910645,-0.21901250483191614
COHFACE_s37_session3_natural,33,238,40.93333333333333,1.7750954627990723,-0.09980425612606321
COHFACE_s37_session3_natural,33,239,40.96666666666667,1.5082677602767944,0.011825983792289732
COHFACE_s37_session3_natural,34,0,34.0,-1.1290847063064575,0.0036263662119139957
COHFACE_s37_session3_natural,34,1,34.03333333333333,-1.1863569021224976,0.18968213249213337
COHFACE_s37_session3_natural,34,2,34.06666666666667,-1.2459927797317505,0.35608700122053494
COHFACE_s37_session3_natural,34,3,34.1,-1.112186074256897,0.4900066698535764
COHFACE_s37_session3_natural,34,4,34.13333333333333,-0.2450321614742279,0.5902449683615622
COHFACE_s37_session3_natural,34,5,34.166666666666664,1.1186413764953613,0.6647773997639571
COHFACE_s37_session3_natural,34,6,34.2,1.9675134420394897,0.7225887088550674
COHFACE_s37_session3_natural,34,7,34.233333333333334,2.0760979652404785,0.7641942161655201
COHFACE_s37_session3_natural,34,8,34.266666666666666,1.7935155630111694,0.776183523793414
COHFACE_s37_session3_natural,34,9,34.3,1.3919004201889038,0.7335386982774214
COHFACE_s37_session3_natural,34,10,34.333333333333336,0.9549663662910461,0.6105807566700888
COHFACE_s37_session3_natural,34,11,34.36666666666667,0.5272612571716309,0.3972244676174545
COHFACE_s37_session3_natural,34,12,34.4,0.2615337073802948,0.11270090412205812
COHFACE_s37_session3_natural,34,13,34.43333333333333,0.2319546490907669,-0.19238763484082363
COHFACE_s37_session3_natural,34,14,34.46666666666667,0.31008613109588623,-0.45020586994802875
COHFACE_s37_session3_natural,34,15,34.5,0.33842670917510986,-0.6016751597303461
COHFACE_s37_session3_natural,34,16,34.53333333333333,0.2492745965719223,-0.6218395259892538
COHFACE_s37_session3_natural,34,17,34.56666666666667,0.0718567743897438,-0.5307734988877443
COHFACE_s37_session3_natural,34,18,34.6,-0.13726502656936646,-0.383825119385594
COHFACE_s37_session3_natural,34,19,34.63333333333333,-0.34284111857414246,-0.2463895166345955
COHFACE_s37_session3_natural,34,20,34.666666666666664,-0.5231696963310242,-0.16611547182175415
COHFACE_s37_session3_natural,34,21,34.7,-0.6723852157592773,-0.1556840287889408
COHFACE_s37_session3_natural,34,22,34.733333333333334,-0.789469301700592,-0.1927943928850268
COHFACE_s37_session3_natural,34,23,34.766666666666666,-0.8775337934494019,-0.23523617652846146
COHFACE_s37_session3_natural,34,24,34.8,-0.9342589974403381,-0.2427953911712145
COHFACE_s37_session3_natural,34,25,34.833333333333336,-0.9688045978546143,-0.19618865501944313
COHFACE_s37_session3_natural,34,26,34.86666666666667,-0.9998735785484314,-0.10563897167464473
COHFACE_s37_session3_natural,34,27,34.9,-1.0292389392852783,-0.0061386053049384244
COHFACE_s37_session3_natural,34,28,34.93333333333333,-1.0573469400405884,0.058887537610236435
COHFACE_s37_session3_natural,34,29,34.96666666666667,-1.1045665740966797,0.05930344202150364
COHFACE_s37_session3_natural,34,30,35.0,-1.158883810043335,-0.004333789540066714
COHFACE_s37_session3_natural,34,31,35.03333333333333,-0.9918769001960754,-0.09701348977133117
COHFACE_s37_session3_natural,34,32,35.06666666666667,-0.08248245716094971,-0.16258777843085273
COHFACE_s37_session3_natural,34,33,35.1,1.2128795385360718,-0.14873620070982785
COHFACE_s37_session3_natural,34,34,35.13333333333333,1.9579890966415405,-0.03132346353460933
COHFACE_s37_session3_natural,34,35,35.166666666666664,1.9979034662246704,0.17417065140529026
COHFACE_s37_session3_natural,34,36,35.2,1.679046869277954,0.4189767208626215
COHFACE_s37_session3_natural,34,37,35.233333333333334,1.2497825622558594,0.6403441679804877
COHFACE_s37_session3_natural,34,38,35.266666666666666,0.7848725914955139,0.7837395387248528
COHFACE_s37_session3_natural,34,39,35.3,0.35717374086380005,0.8185443219830294
COHFACE_s37_session3_natural,34,40,35.333333333333336,0.14102338254451752,0.7427039828327985
COHFACE_s37_session3_natural,34,41,35.36666666666667,0.16574279963970184,0.5775115358884569
COHFACE_s37_session3_natural,34,42,35.4,0.25945907831192017,0.3573750440762991
COHFACE_s37_session3_natural,34,43,35.43333333333333,0.2678581774234772,0.11974454589665964
COHFACE_s37_session3_natural,34,44,35.46666666666667,0.1655416339635849,-0.10194609206920266
COHFACE_s37_session3_natural,34,45,35.5,-0.012561445124447346,-0.2821617703213356
COHFACE_s37_session3_natural,34,46,35.53333333333333,-0.2171442210674286,-0.4049971128828226
COHFACE_s37_session3_natural,34,47,35.56666666666667,-0.41558486223220825,-0.4646605677373704
COHFACE_s37_session3_natural,34,48,35.6,-0.5946623682975769,-0.4652241775194536
COHFACE_s37_session3_natural,34,49,35.63333333333333,-0.7375157475471497,-0.4197728601941955
COHFACE_s37_session3_natural,34,50,35.666666666666664,-0.8474392294883728,-0.3486807216494165
COHFACE_s37_session3_natural,34,51,35.7,-0.9224902391433716,-0.2765286499824975
COHFACE_s37_session3_natural,34,52,35.733333333333334,-0.9659755229949951,-0.22742239535154063
COHFACE_s37_session3_natural,34,53,35.766666666666666,-0.9900097250938416,-0.219221587017716
COHFACE_s37_session3_natural,34,54,35.8,-1.0145845413208008,-0.2581331345250562
COHFACE_s37_session3_natural,34,55,35.833333333333336,-1.0522608757019043,-0.33557508173260536
COHFACE_s37_session3_natural,34,56,35.86666666666667,-1.0996251106262207,-0.4287287803765025
COHFACE_s37_session3_natural,34,57,35.9,-1.0184508562088013,-0.5050844283743844
COHFACE_s37_session3_natural,34,58,35.93333333333333,-0.3204037845134735,-0.5301612947416147
COHFACE_s37_session3_natural,34,59,35.96666666666667,0.9233441352844238,-0.4768046120412896
COHFACE_s37_session3_natural,34,60,36.0,1.7868894338607788,-0.334037373922046
COHFACE_s37_session3_natural,34,61,36.03333333333333,1.9335651397705078,-0.11310037048177808
COHFACE_s37_session3_natural,34,62,36.06666666666667,1.6610291004180908,0.1518783752699772
COHFACE_s37_session3_natural,34,63,36.1,1.2378504276275635,0.4103250593968268
COHFACE_s37_session3_natural,34,64,36.13333333333333,0.7593547701835632,0.6081671684944411
COHFACE_s37_session3_natural,34,65,36.166666666666664,0.30460411310195923,0.7036946364411351
COHFACE_s37_session3_natural,34,66,36.2,0.05384529009461403,0.6807282703093499
COHFACE_s37_session3_natural,34,67,36.233333333333334,0.06517397612333298,0.5537811491682476
COHFACE_s37_session3_natural,34,68,36.266666666666666,0.17374581098556519,0.3628321356640451
COHFACE_s37_session3_natural,34,69,36.3,0.21704252064228058,0.1597718703500698
COHFACE_s37_session3_natural,34,70,36.333333333333336,0.14152631163597107,-0.007662238804250383
COHFACE_s37_session3_natural,34,71,36.36666666666667,-0.020243829116225243,-0.10802566244792142
COHFACE_s37_session3_natural,34,72,36.4,-0.21670415997505188,-0.13104029441099085
COHFACE_s37_session3_natural,34,73,36.43333333333333,-0.4160689413547516,-0.08589025876241346
COHFACE_s37_session3_natural,34,74,36.46666666666667,-0.5952721834182739,0.00445446111897751
COHFACE_s37_session3_natural,34,75,36.5,-0.7409420013427734,0.11066059428743714
COHFACE_s37_session3_natural,34,76,36.53333333333333,-0.8501237034797668,0.20503069403591578
COHFACE_s37_session3_natural,34,77,36.56666666666667,-0.9229994416236877,0.26898188147290814
COHFACE_s37_session3_natural,34,78,36.6,-0.9673586487770081,0.2977741755810325
COHFACE_s37_session3_natural,34,79,36.63333333333333,-0.9924175143241882,0.29994562587944124
COHFACE_s37_session3_natural,34,80,36.666666666666664,-1.021738886833191,0.2910275968405494
COHFACE_s37_session3_natural,34,81,36.7,-1.046496033668518,0.2843082665372445
COHFACE_s37_session3_natural,34,82,36.733333333333334,-0.8307920098304749,0.2832222884556127
COHFACE_s37_session3_natural,34,83,36.766666666666666,0.07254831492900848,0.2791156408892609
COHFACE_s37_session3_natural,34,84,36.8,1.2342480421066284,0.25515848956407183
COHFACE_s37_session3_natural,34,85,36.833333333333336,1.8140166997909546,0.19419649026520605
COHFACE_s37_session3_natural,34,86,36.86666666666667,1.7518597841262817,0.08714603691500115
COHFACE_s37_session3_natural,34,87,36.9,1.3792452812194824,-0.06118582198958379
COHFACE_s37_session3_natural,34,88,36.93333333333333,0.9070614576339722,-0.231184203515153
COHFACE_s37_session3_natural,34,89,36.96666666666667,0.41090014576911926,-0.39329077050701416
COHFACE_s37_session3_natural,34,90,37.0,0.0337403230369091,-0.5172907620168408
COHFACE_s37_session3_natural,34,91,37.03333333333333,-0.05820310860872269,-0.5826777358774973
COHFACE_s37_session3_natural,34,92,37.06666666666667,0.06590323895215988,-0.5861641283402697
COHFACE_s37_session3_natural,34,93,37.1,0.19242997467517853,-0.5433155186164408
COHFACE_s37_session3_natural,34,94,37.13333333333333,0.19256199896335602,-0.48327973571836846
COHFACE_s37_session3_natural,34,95,37.166666666666664,0.06655705720186234,-0.4383707420578849
COHFACE_s37_session3_natural,34,96,37.2,-0.12264838069677353,-0.4328987420084437
COHFACE_s37_session3_natural,34,97,37.233333333333334,-0.323113352060318,-0.47597003330206406
COHFACE_s37_session3_natural,34,98,37.266666666666666,-0.5086850523948669,-0.5601600655863491
COHFACE_s37_session3_natural,34,99,37.3,-0.6645205616950989,-0.6644813998288792
COHFACE_s37_session3_natural,34,100,37.333333333333336,-0.7819315195083618,-0.7589065419106482
COHFACE_s37_session3_natural,34,101,37.36666666666667,-0.8573471307754517,-0.8093029970038909
COHFACE_s37_session3_natural,34,102,37.4,-0.9012725353240967,-0.7839758575357286
COHFACE_s37_session3_natural,34,103,37.43333333333333,-0.936145007610321,-0.662707064344789
COHFACE_s37_session3_natural,34,104,37.46666666666667,-0.9629767537117004,-0.445331648623761
COHFACE_s37_session3_natural,34,105,37.5,-0.8180801868438721,-0.15389817814441142
COHFACE_s37_session3_natural,34,106,37.53333333333333,-0.02858632057905197,0.1752630352666614
COHFACE_s37_session3_natural,34,107,37.56666666666667,1.1605801582336426,0.506658646439271
COHFACE_s37_session3_natural,34,108,37.6,1.8647253513336182,0.8189550568989225
COHFACE_s37_session3_natural,34,109,37.63333333333333,1.8849246501922607,1.1074940482768598
COHFACE_s37_session3_natural,34,110,37.666666666666664,1.546830654144287,1.3744393132858905
COHFACE_s37_session3_natural,34,111,37.7,1.1034715175628662,1.613896564680726
COHFACE_s37_session3_natural,34,112,37.733333333333334,0.6320295929908752,1.8025785905160714
COHFACE_s37_session3_natural,34,113,37.766666666666666,0.22605140507221222,1.9026709310184662
COHFACE_s37_session3_natural,34,114,37.8,0.07381822913885117,1.875669448110079
COHFACE_s37_session3_natural,34,115,37.833333333333336,0.16428427398204803,1.699230935861878
COHFACE_s37_session3_natural,34,116,37.86666666666667,0.2873658835887909,1.377646262726518
COHFACE_s37_session3_natural,34,117,37.9,0.2934640049934387,0.9410451621062835
COHFACE_s37_session3_natural,34,118,37.93333333333333,0.17110538482666016,0.43578188239084203
COHFACE_s37_session3_natural,34,119,37.96666666666667,-0.01852126605808735,-0.08707631255005321
COHFACE_s37_session3_natural,34,120,38.0,-0.21870332956314087,-0.5799202946638965
COHFACE_s37_session3_natural,34,121,38.03333333333333,-0.40980735421180725,-1.00284691872081
COHFACE_s37_session3_natural,34,122,38.06666666666667,-0.5719798803329468,-1.3260928218498609
COHFACE_s37_session3_natural,34,123,38.1,-0.6869264245033264,-1.5321418583912945
COHFACE_s37_session3_natural,34,124,38.13333333333333,-0.7625935077667236,-1.6167787342904407
COHFACE_s37_session3_natural,34,125,38.166666666666664,-0.8121078014373779,-1.5875560496101466
COHFACE_s37_session3_natural,34,126,38.2,-0.8537448048591614,-1.4600828697588883
COHFACE_s37_session3_natural,34,127,38.233333333333334,-0.8499916791915894,-1.2546839847618882
COHFACE_s37_session3_natural,34,128,38.266666666666666,-0.45366987586021423,-0.9954590957960832
COHFACE_s37_session3_natural,34,129,38.3,0.6456592082977295,-0.7111300982645219
COHFACE_s37_session3_natural,34,130,38.333333333333336,1.7317862510681152,-0.43476215365379867
COHFACE_s37_session3_natural,34,131,38.36666666666667,2.122286558151245,-0.1995898512085991
COHFACE_s37_session3_natural,34,132,38.4,1.9530476331710815,-0.031070239914502813
COHFACE_s37_session3_natural,34,133,38.43333333333333,1.5907056331634521,0.061361571030237975
COHFACE_s37_session3_natural,34,134,38.46666666666667,1.199576735496521,0.08821215586063458
COHFACE_s37_session3_natural,34,135,38.5,0.7761717438697815,0.07667511170861228
COHFACE_s37_session3_natural,34,136,38.53333333333333,0.42961573600769043,0.06095795621591345
COHFACE_s37_session3_natural,34,137,38.56666666666667,0.31749817728996277,0.07029704122813536
COHFACE_s37_session3_natural,34,138,38.6,0.3780331015586853,0.1199071974549808
COHFACE_s37_session3_natural,34,139,38.63333333333333,0.4321492910385132,0.20831804845952295
COHFACE_s37_session3_natural,34,140,38.666666666666664,0.36813151836395264,0.32085388914189894
COHFACE_s37_session3_natural,34,141,38.7,0.1941273957490921,0.4361375234484301
COHFACE_s37_session3_natural,34,142,38.733333333333334,-0.02128113992512226,0.5323552759943028
COHFACE_s37_session3_natural,34,143,38.766666666666666,-0.2324838489294052,0.5915750046023757
COHFACE_s37_session3_natural,34,144,38.8,-0.41584891080856323,0.6018289520163648
COHFACE_s37_session3_natural,34,145,38.833333333333336,-0.5643477439880371,0.5577149251646951
COHFACE_s37_session3_natural,34,146,38.86666666666667,-0.669336199760437,0.46106136108611295
COHFACE_s37_session3_natural,34,147,38.9,-0.729644775390625,0.3228681945790859
COHFACE_s37_session3_natural,34,148,38.93333333333333,-0.783113420009613,0.1657893817072973
COHFACE_s37_session3_natural,34,149,38.96666666666667,-0.8411462306976318,0.02407710419146572
COHFACE_s37_session3_natural,34,150,39.0,-0.7957308888435364,-0.06271898784169004
COHFACE_s37_session3_natural,34,151,39.03333333333333,-0.20623674988746643,-0.06312197215421782
COHFACE_s37_session3_natural,34,152,39.06666666666667,0.9863937497138977,0.030653115002416992
COHFACE_s37_session3_natural,34,153,39.1,1.909669280052185,0.1935382855151586
COHFACE_s37_session3_natural,34,154,39.13333333333333,2.1138999462127686,0.37179997409364207
COHFACE_s37_session3_natural,34,155,39.166666666666664,1.894235372543335,0.5008220162381473
COHFACE_s37_session3_natural,34,156,39.2,1.575938105583191,0.5292721202882834
COHFACE_s37_session3_natural,34,157,39.233333333333334,1.2393089532852173,0.43847959043000945
COHFACE_s37_session3_natural,34,158,39.266666666666666,0.8426413536071777,0.24787144285550086
COHFACE_s37_session3_natural,34,159,39.3,0.5007752180099487,0.004393516425922666
COHFACE_s37_session3_natural,34,160,39.333333333333336,0.37014326453208923,-0.23780099310838623
COHFACE_s37_session3_natural,34,161,39.36666666666667,0.38071754574775696,-0.436640069525745
COHFACE_s37_session3_natural,34,162,39.4,0.382201224565506,-0.5718868626507082
COHFACE_s37_session3_natural,34,163,39.43333333333333,0.28656747937202454,-0.6434207611845553
COHFACE_s37_session3_natural,34,164,39.46666666666667,0.09939893335103989,-0.6622811640793786
COHFACE_s37_session3_natural,34,165,39.5,-0.12100754678249359,-0.6410495698600557
COHFACE_s37_session3_natural,34,166,39.53333333333333,-0.3362463414669037,-0.5881242636691234
COHFACE_s37_session3_natural,34,167,39.56666666666667,-0.5248859524726868,-0.5069240199910501
COHFACE_s37_session3_natural,34,168,39.6,-0.6714988350868225,-0.3989531474530773
COHFACE_s37_session3_natural,34,169,39.63333333333333,-0.7713258266448975,-0.26872991212820185
COHFACE_s37_session3_natural,34,170,39.666666666666664,-0.8345828652381897,-0.12775969880008115
COHFACE_s37_session3_natural,34,171,39.7,-0.869681715965271,0.00522739812472385
COHFACE_s37_session3_natural,34,172,39.733333333333334,-0.9050571322441101,0.10875684977560111
COHFACE_s37_session3_natural,34,173,39.766666666666666,-0.9573249816894531,0.1660239154214596
COHFACE_s37_session3_natural,34,174,39.8,-0.9675095081329346,0.17144491310896978
COHFACE_s37_session3_natural,34,175,39.833333333333336,-0.5701001286506653,0.13278866606057946
COHFACE_s37_session3_natural,34,176,39.86666666666667,0.5551177263259888,0.06799380019532034
COHFACE_s37_session3_natural,34,177,39.9,1.66908860206604,-0.0009515931948881279
COHFACE_s37_session3_natural,34,178,39.93333333333333,2.069509267807007,-0.053231703661754955
COHFACE_s37_session3_natural,34,179,39.96666666666667,1.9362558126449585,-0.07143338119564425
COHFACE_s37_session3_natural,34,180,40.0,1.6609033346176147,-0.042453461616002365
COHFACE_s37_session3_natural,34,181,40.03333333333333,1.3771265745162964,0.03976487217861695
COHFACE_s37_session3_natural,34,182,40.06666666666667,1.014344573020935,0.16962844062771296
COHFACE_s37_session3_natural,34,183,40.1,0.6174821257591248,0.32716389744338953
COHFACE_s37_session3_natural,34,184,40.13333333333333,0.39296409487724304,0.4807425120884873
COHFACE_s37_session3_natural,34,185,40.166666666666664,0.35980159044265747,0.5953387523456259
COHFACE_s37_session3_natural,34,186,40.2,0.36381253600120544,0.6428612653069747
COHFACE_s37_session3_natural,34,187,40.233333333333334,0.2824370861053467,0.6099687720505595
COHFACE_s37_session3_natural,34,188,40.266666666666666,0.10223425179719925,0.5006126806317491
COHFACE_s37_session3_natural,34,189,40.3,-0.12185624986886978,0.33365373254279085
COHFACE_s37_session3_natural,34,190,40.333333333333336,-0.3440607488155365,0.1379512918014808
COHFACE_s37_session3_natural,34,191,40.36666666666667,-0.534454345703125,-0.05289192021600007
COHFACE_s37_session3_natural,34,192,40.4,-0.6855307817459106,-0.2058720320884802
COHFACE_s37_session3_natural,34,193,40.43333333333333,-0.7954731583595276,-0.2951027476137071
COHFACE_s37_session3_natural,34,194,40.46666666666667,-0.8708447217941284,-0.30957755025171935
COHFACE_s37_session3_natural,34,195,40.5,-0.9209625720977783,-0.25957297621058895
COHFACE_s37_session3_natural,34,196,40.53333333333333,-0.9676918387413025,-0.17714963326099636
COHFACE_s37_session3_natural,34,197,40.56666666666667,-1.0123590230941772,-0.1074522641331083
COHFACE_s37_session3_natural,34,198,40.6,-1.048947811126709,-0.09227650339364202
COHFACE_s37_session3_natural,34,199,40.63333333333333,-1.0909242630004883,-0.1524461769139819
COHFACE_s37_session3_natural,34,200,40.666666666666664,-1.1418782472610474,-0.2772164965500263
COHFACE_s37_session3_natural,34,201,40.7,-1.2112020254135132,-0.4262566180406809
COHFACE_s37_session3_natural,34,202,40.733333333333334,-1.2362358570098877,-0.5442161248907895
COHFACE_s37_session3_natural,34,203,40.766666666666666,-0.8596857786178589,-0.5820811795501036
COHFACE_s37_session3_natural,34,204,40.8,0.3382946848869324,-0.5162233649005216
COHFACE_s37_session3_natural,34,205,40.833333333333336,1.6080948114395142,-0.35697817025728845
COHFACE_s37_session3_natural,34,206,40.86666666666667,2.126328945159912,-0.1435335692822895
COHFACE_s37_session3_natural,34,207,40.9,2.0433125495910645,0.07173189856678391
COHFACE_s37_session3_natural,34,208,40.93333333333333,1.7750954627990723,0.24185502547899054
COHFACE_s37_session3_natural,34,209,40.96666666666667,1.5082677602767944,0.3388064240071146
COHFACE_s37_session3_natural,34,210,41.0,1.1789311170578003,0.3575572658635402
COHFACE_s37_session3_natural,34,211,41.03333333333333,0.7695392370223999,0.3117552526651205
COHFACE_s37_session3_natural,34,212,41.06666666666667,0.4870575964450836,0.22595196749332883
COHFACE_s37_session3_natural,34,213,41.1,0.41435784101486206,0.12911447683588106
COHFACE_s37_session3_natural,34,214,41.13333333333333,0.41464704275131226,0.05024122521810104
COHFACE_s37_session3_natural,34,215,41.166666666666664,0.34694522619247437,0.013671250886405834
COHFACE_s37_session3_natural,34,216,41.2,0.17922784388065338,0.03267364327535278
COHFACE_s37_session3_natural,34,217,41.233333333333334,-0.04871014505624771,0.10338231986735016
COHFACE_s37_session3_natural,34,218,41.266666666666666,-0.278936505317688,0.20327653584047897
COHFACE_s37_session3_natural,34,219,41.3,-0.47791779041290283,0.2973633625256045
COHFACE_s37_session3_natural,34,220,41.333333333333336,-0.6418002843856812,0.35138730754726405
COHFACE_s37_session3_natural,34,221,41.36666666666667,-0.7663341164588928,0.34680440176432265
COHFACE_s37_session3_natural,34,222,41.4,-0.8557251691818237,0.2897364737915802
COHFACE_s37_session3_natural,34,223,41.43333333333333,-0.9116519093513489,0.20809075275507377
COHFACE_s37_session3_natural,34,224,41.46666666666667,-0.9531443119049072,0.13735714771222546
COHFACE_s37_session3_natural,34,225,41.5,-0.998383641242981,0.10228620760117868
COHFACE_s37_session3_natural,34,226,41.53333333333333,-1.0475772619247437,0.10416753396373604
COHFACE_s37_session3_natural,34,227,41.56666666666667,-1.1039063930511475,0.12026225432726
COHFACE_s37_session3_natural,34,228,41.6,-1.162750244140625,0.11502530005210637
COHFACE_s37_session3_natural,34,229,41.63333333333333,-1.2140939235687256,0.05667423769309028
COHFACE_s37_session3_natural,34,230,41.666666666666664,-1.2547879219055176,-0.06886265638177742
COHFACE_s37_session3_natural,34,231,41.7,-1.2857563495635986,-0.25187224475931524
COHFACE_s37_session3_natural,34,232,41.733333333333334,-1.312324047088623,-0.461594612819204
COHFACE_s37_session3_natural,34,233,41.766666666666666,-1.3483407497406006,-0.6552863969150162
COHFACE_s37_session3_natural,34,234,41.8,-1.348956823348999,-0.7898350554034412
COHFACE_s37_session3_natural,34,235,41.833333333333336,-0.9115638732910156,-0.8324844124933254
COHFACE_s37_session3_natural,34,236,41.86666666666667,0.3861241340637207,-0.7681301290868395
COHFACE_s37_session3_natural,34,237,41.9,1.7105433940887451,-0.6018296723876498
COHFACE_s37_session3_natural,34,238,41.93333333333333,2.223572015762329,-0.3566530905498782
COHFACE_s37_session3_natural,34,239,41.96666666666667,2.110417127609253,-0.06837909156636722
COHFACE_s37_session3_natural,35,0,35.0,-1.158883810043335,-0.02835465808321296
COHFACE_s37_session3_natural,35,1,35.03333333333333,-0.9918769001960754,-0.047821524910576035
COHFACE_s37_session3_natural,35,2,35.06666666666667,-0.08248245716094971,-0.030121165088537287
COHFACE_s37_session3_natural,35,3,35.1,1.2128795385360718,0.05534421432707508
COHFACE_s37_session3_natural,35,4,35.13333333333333,1.9579890966415405,0.22507819067166077
COHFACE_s37_session3_natural,35,5,35.166666666666664,1.9979034662246704,0.4720910141113053
COHFACE_s37_session3_natural,35,6,35.2,1.679046869277954,0.7597040049123275
COHFACE_s37_session3_natural,35,7,35.233333333333334,1.2497825622558594,1.0249575178207682
COHFACE_s37_session3_natural,35,8,35.266666666666666,0.7848725914955139,1.1945442312521037
COHFACE_s37_session3_natural,35,9,35.3,0.35717374086380005,1.2092929609322491
COHFACE_s37_session3_natural,35,10,35.333333333333336,0.14102338254451752,1.0474048956925588
COHFACE_s37_session3_natural,35,11,35.36666666666667,0.16574279963970184,0.7356161607295707
COHFACE_s37_session3_natural,35,12,35.4,0.25945907831192017,0.34232611746874025
COHFACE_s37_session3_natural,35,13,35.43333333333333,0.2678581774234772,-0.04504125497567811
COHFACE_s37_session3_natural,35,14,35.46666666666667,0.1655416339635849,-0.34891524186631956
COHFACE_s37_session3_natural,35,15,35.5,-0.012561445124447346,-0.5245947233744349
COHFACE_s37_session3_natural,35,16,35.53333333333333,-0.2171442210674286,-0.568728464630363
COHFACE_s37_session3_natural,35,17,35.56666666666667,-0.41558486223220825,-0.5118662467198329
COHFACE_s37_session3_natural,35,18,35.6,-0.5946623682975769,-0.4008512537156605
COHFACE_s37_session3_natural,35,19,35.63333333333333,-0.7375157475471497,-0.2802262065386846
COHFACE_s37_session3_natural,35,20,35.666666666666664,-0.8474392294883728,-0.18010008258731638
COHFACE_s37_session3_natural,35,21,35.7,-0.9224902391433716,-0.11313399531891562
COHFACE_s37_session3_natural,35,22,35.733333333333334,-0.9659755229949951,-0.07873310185779141
COHFACE_s37_session3_natural,35,23,35.766666666666666,-0.9900097250938416,-0.07015999308213344
COHFACE_s37_session3_natural,35,24,35.8,-1.0145845413208008,-0.08049106463126458
COHFACE_s37_session3_natural,35,25,35.833333333333336,-1.0522608757019043,-0.10519864563997969
COHFACE_s37_session3_natural,35,26,35.86666666666667,-1.0996251106262207,-0.14130050789386106
COHFACE_s37_session3_natural,35,27,35.9,-1.0184508562088013,-0.18458783300306808
COHFACE_s37_session3_natural,35,28,35.93333333333333,-0.3204037845134735,-0.22709781567330906
COHFACE_s37_session3_natural,35,29,35.96666666666667,0.9233441352844238,-0.2568280637125805
COHFACE_s37_session3_natural,35,30,36.0,1.7868894338607788,-0.26080641902321355
COHFACE_s37_session3_natural,35,31,36.03333333333333,1.9335651397705078,-0.23084864262901478
COHFACE_s37_session3_natural,35,32,36.06666666666667,1.6610291004180908,-0.16912120001252637
COHFACE_s37_session3_natural,35,33,36.1,1.2378504276275635,-0.0897809954538372
COHFACE_s37_session3_natural,35,34,36.13333333333333,0.7593547701835632,-0.014750219569376371
COHFACE_s37_session3_natural,35,35,36.166666666666664,0.30460411310195923,0.03492703978444943
COHFACE_s37_session3_natural,35,36,36.2,0.05384529009461403,0.04792411077044259
COHFACE_s37_session3_natural,35,37,36.233333333333334,0.06517397612333298,0.027121328806568156
COHFACE_s37_session3_natural,35,38,36.266666666666666,0.17374581098556519,-0.012324613990621364
COHFACE_s37_session3_natural,35,39,36.3,0.21704252064228058,-0.049874673860202
COHFACE_s37_session3_natural,35,40,36.333333333333336,0.14152631163597107,-0.06772383051024844
COHFACE_s37_session3_natural,35,41,36.36666666666667,-0.020243829116225243,-0.05648714571076624
COHFACE_s37_session3_natural,35,42,36.4,-0.21670415997505188,-0.01682997072036512
COHFACE_s37_session3_natural,35,43,36.43333333333333,-0.4160689413547516,0.04244305332781533
COHFACE_s37_session3_natural,35,44,36.46666666666667,-0.5952721834182739,0.10852072673398662
COHFACE_s37_session3_natural,35,45,36.5,-0.7409420013427734,0.16967187197305733
COHFACE_s37_session3_natural,35,46,36.53333333333333,-0.8501237034797668,0.21987890548395084
COHFACE_s37_session3_natural,35,47,36.56666666666667,-0.9229994416236877,0.26123318217492697
COHFACE_s37_session3_natural,35,48,36.6,-0.9673586487770081,0.30239887266117593
COHFACE_s37_session3_natural,35,49,36.63333333333333,-0.9924175143241882,0.3528587735293735
COHFACE_s37_session3_natural,35,50,36.666666666666664,-1.021738886833191,0.4152429592414809
COHFACE_s37_session3_natural,35,51,36.7,-1.046496033668518,0.4799602694515676
COHFACE_s37_session3_natural,35,52,36.733333333333334,-0.8307920098304749,0.525798904094089
COHFACE_s37_session3_natural,35,53,36.766666666666666,0.07254831492900848,0.5271926588845448
COHFACE_s37_session3_natural,35,54,36.8,1.2342480421066284,0.46510200540599234
COHFACE_s37_session3_natural,35,55,36.833333333333336,1.8140166997909546,0.33630182802018077
COHFACE_s37_session3_natural,35,56,36.86666666666667,1.7518597841262817,0.1567253127362963
COHFACE_s37_session3_natural,35,57,36.9,1.3792452812194824,-0.042481469711262196
COHFACE_s37_session3_natural,35,58,36.93333333333333,0.9070614576339722,-0.22432341583341284
COHFACE_s37_session3_natural,35,59,36.96666666666667,0.41090014576911926,-0.3568955810927622
COHFACE_s37_session3_natural,35,60,37.0,0.0337403230369091,-0.42197636301725855
COHFACE_s37_session3_natural,35,61,37.03333333333333,-0.05820310860872269,-0.41897819113788426
COHFACE_s37_session3_natural,35,62,37.06666666666667,0.06590323895215988,-0.36424861849206597
COHFACE_s37_session3_natural,35,63,37.1,0.19242997467517853,-0.28702965463563684
COHFACE_s37_session3_natural,35,64,37.13333333333333,0.19256199896335602,-0.2230571328711486
COHFACE_s37_session3_natural,35,65,37.166666666666664,0.06655705720186234,-0.20627731324270746
COHFACE_s37_session3_natural,35,66,37.2,-0.12264838069677353,-0.2598715521610262
COHFACE_s37_session3_natural,35,67,37.233333333333334,-0.323113352060318,-0.38890672080761424
COHFACE_s37_session3_natural,35,68,37.266666666666666,-0.5086850523948669,-0.5770203212543047
COHFACE_s37_session3_natural,35,69,37.3,-0.6645205616950989,-0.7883766583590873
COHFACE_s37_session3_natural,35,70,37.333333333333336,-0.7819315195083618,-0.9744720170264294
COHFACE_s37_session3_natural,35,71,37.36666666666667,-0.8573471307754517,-1.0844016668102465
COHFACE_s37_session3_natural,35,72,37.4,-0.9012725353240967,-1.0771489458260566
COHFACE_s37_session3_natural,35,73,37.43333333333333,-0.936145007610321,-0.9336500694854047
COHFACE_s37_session3_natural,35,74,37.46666666666667,-0.9629767537117004,-0.6642603296715932
COHFACE_s37_session3_natural,35,75,37.5,-0.8180801868438721,-0.3068009811748103
COHFACE_s37_session3_natural,35,76,37.53333333333333,-0.02858632057905197,0.0858823500423906
COHFACE_s37_session3_natural,35,77,37.56666666666667,1.1605801582336426,0.4639339229313473
COHFACE_s37_session3_natural,35,78,37.6,1.8647253513336182,0.7951772542498814
COHFACE_s37_session3_natural,35,79,37.63333333333333,1.8849246501922607,1.0689338690155272
COHFACE_s37_session3_natural,35,80,37.666666666666664,1.546830654144287,1.2880717850524408
COHFACE_s37_session3_natural,35,81,37.7,1.1034715175628662,1.4556471079634004
COHFACE_s37_session3_natural,35,82,37.733333333333334,0.6320295929908752,1.5652131129369928
COHFACE_s37_session3_natural,35,83,37.766666666666666,0.22605140507221222,1.6007078253043843
COHFACE_s37_session3_natural,35,84,37.8,0.07381822913885117,1.5451509651537525
COHFACE_s37_session3_natural,35,85,37.833333333333336,0.16428427398204803,1.3917506182878139
COHFACE_s37_session3_natural,35,86,37.86666666666667,0.2873658835887909,1.1501185884906338
COHFACE_s37_session3_natural,35,87,37.9,0.2934640049934387,0.8441764419569254
COHFACE_s37_session3_natural,35,88,37.93333333333333,0.17110538482666016,0.5040665694845826
COHFACE_s37_session3_natural,35,89,37.96666666666667,-0.01852126605808735,0.15773102341894396
COHFACE_s37_session3_natural,35,90,38.0,-0.21870332956314087,-0.17348935861723755
COHFACE_s37_session3_natural,35,91,38.03333333333333,-0.40980735421180725,-0.4746940169848664
COHFACE_s37_session3_natural,35,92,38.06666666666667,-0.5719798803329468,-0.7349461519016152
COHFACE_s37_session3_natural,35,93,38.1,-0.6869264245033264,-0.9451141531832179
COHFACE_s37_session3_natural,35,94,38.13333333333333,-0.7625935077667236,-1.0972668292503296
COHFACE_s37_session3_natural,35,95,38.166666666666664,-0.8121078014373779,-1.185330270496114
COHFACE_s37_session3_natural,35,96,38.2,-0.8537448048591614,-1.206298280221921
COHFACE_s37_session3_natural,35,97,38.233333333333334,-0.8499916791915894,-1.1616007867534535
COHFACE_s37_session3_natural,35,98,38.266666666666666,-0.45366987586021423,-1.0583342643376004
COHFACE_s37_session3_natural,35,99,38.3,0.6456592082977295,-0.9097320452114731
COHFACE_s37_session3_natural,35,100,38.333333333333336,1.7317862510681152,-0.733951069003233
COHFACE_s37_session3_natural,35,101,38.36666666666667,2.122286558151245,-0.5507150845453476
COHFACE_s37_session3_natural,35,102,38.4,1.9530476331710815,-0.37674536430529676
COHFACE_s37_session3_natural,35,103,38.43333333333333,1.5907056331634521,-0.22217085496344738
COHFACE_s37_session3_natural,35,104,38.46666666666667,1.199576735496521,-0.09000977008944618
COHFACE_s37_session3_natural,35,105,38.5,0.7761717438697815,0.020892010263149137
COHFACE_s37_session3_natural,35,106,38.53333333333333,0.42961573600769043,0.11145518855703032
COHFACE_s37_session3_natural,35,107,38.56666666666667,0.31749817728996277,0.17965604935317783
COHFACE_s37_session3_natural,35,108,38.6,0.3780331015586853,0.2214756705744877
COHFACE_s37_session3_natural,35,109,38.63333333333333,0.4321492910385132,0.23484008127798026
COHFACE_s37_session3_natural,35,110,38.666666666666664,0.36813151836395264,0.223721919799511
COHFACE_s37_session3_natural,35,111,38.7,0.1941273957490921,0.19930259352100846
COHFACE_s37_session3_natural,35,112,38.733333333333334,-0.02128113992512226,0.1769032229447569
COHFACE_s37_session3_natural,35,113,38.766666666666666,-0.2324838489294052,0.1699702582236813
COHFACE_s37_session3_natural,35,114,38.8,-0.41584891080856323,0.18412474598407205
COHFACE_s37_session3_natural,35,115,38.833333333333336,-0.5643477439880371,0.21449376045636417
COHFACE_s37_session3_natural,35,116,38.86666666666667,-0.669336199760437,0.24827895810874528
COHFACE_s37_session3_natural,35,117,38.9,-0.729644775390625,0.27205536236358996
COHFACE_s37_session3_natural,35,118,38.93333333333333,-0.783113420009613,0.2804625749522052
COHFACE_s37_session3_natural,35,119,38.96666666666667,-0.8411462306976318,0.28129286697916406
COHFACE_s37_session3_natural,35,120,39.0,-0.7957308888435364,0.2929132818918622
COHFACE_s37_session3_natural,35,121,39.03333333333333,-0.20623674988746643,0.3338661177855936
COHFACE_s37_session3_natural,35,122,39.06666666666667,0.9863937497138977,0.40978569898679296
COHFACE_s37_session3_natural,35,123,39.1,1.909669280052185,0.5056700983084397
COHFACE_s37_session3_natural,35,124,39.13333333333333,2.1138999462127686,0.5892348921640879
COHFACE_s37_session3_natural,35,125,39.166666666666664,1.894235372543335,0.6246043849385476
COHFACE_s37_session3_natural,35,126,39.2,1.575938105583191,0.5888988523629799
COHFACE_s37_session3_natural,35,127,39.233333333333334,1.2393089532852173,0.4821088158570747
COHFACE_s37_session3_natural,35,128,39.266666666666666,0.8426413536071777,0.32500499156568136
COHFACE_s37_session3_natural,35,129,39.3,0.5007752180099487,0.14733492470671625
COHFACE_s37_session3_natural,35,130,39.333333333333336,0.37014326453208923,-0.026060898962642704
COHFACE_s37_session3_natural,35,131,39.36666666666667,0.38071754574775696,-0.1833277389013248
COHFACE_s37_session3_natural,35,132,39.4,0.382201224565506,-0.32454179409746603
COHFACE_s37_session3_natural,35,133,39.43333333333333,0.28656747937202454,-0.45404668240434026
COHFACE_s37_session3_natural,35,134,39.46666666666667,0.09939893335103989,-0.5719826537212942
COHFACE_s37_session3_natural,35,135,39.5,-0.12100754678249359,-0.6701599368160769
COHFACE_s37_session3_natural,35,136,39.53333333333333,-0.3362463414669037,-0.7339822383360617
COHFACE_s37_session3_natural,35,137,39.56666666666667,-0.5248859524726868,-0.7485738435737476
COHFACE_s37_session3_natural,35,138,39.6,-0.6714988350868225,-0.7057587155039027
COHFACE_s37_session3_natural,35,139,39.63333333333333,-0.7713258266448975,-0.6089150420752578
COHFACE_s37_session3_natural,35,140,39.666666666666664,-0.8345828652381897,-0.47383651493558343
COHFACE_s37_session3_natural,35,141,39.7,-0.869681715965271,-0.32509735894112907
COHFACE_s37_session3_natural,35,142,39.733333333333334,-0.9050571322441101,-0.1889511489618291
COHFACE_s37_session3_natural,35,143,39.766666666666666,-0.9573249816894531,-0.08526022307834266
COHFACE_s37_session3_natural,35,144,39.8,-0.9675095081329346,-0.02177467364136563
COHFACE_s37_session3_natural,35,145,39.833333333333336,-0.5701001286506653,0.006672652000497651
COHFACE_s37_session3_natural,35,146,39.86666666666667,0.5551177263259888,0.01398031356137479
COHFACE_s37_session3_natural,35,147,39.9,1.66908860206604,0.016266045587650588
COHFACE_s37_session3_natural,35,148,39.93333333333333,2.069509267807007,0.026733329809936944
COHFACE_s37_session3_natural,35,149,39.96666666666667,1.9362558126449585,0.053979170237361734
COHFACE_s37_session3_natural,35,150,40.0,1.6609033346176147,0.10252196322039842
COHFACE_s37_session3_natural,35,151,40.03333333333333,1.3771265745162964,0.17276045516089394
COHFACE_s37_session3_natural,35,152,40.06666666666667,1.014344573020935,0.25960178598203887
COHFACE_s37_session3_natural,35,153,40.1,0.6174821257591248,0.35183198011001887
COHFACE_s37_session3_natural,35,154,40.13333333333333,0.39296409487724304,0.4344515447068542
COHFACE_s37_session3_natural,35,155,40.166666666666664,0.35980159044265747,0.4937067168641892
COHFACE_s37_session3_natural,35,156,40.2,0.36381253600120544,0.521831121728362
COHFACE_s37_session3_natural,35,157,40.233333333333334,0.2824370861053467,0.5182218201979654
COHFACE_s37_session3_natural,35,158,40.266666666666666,0.10223425179719925,0.48660624813917824
COHFACE_s37_session3_natural,35,159,40.3,-0.12185624986886978,0.43104902717296384
COHFACE_s37_session3_natural,35,160,40.333333333333336,-0.3440607488155365,0.3543425302006414
COHFACE_s37_session3_natural,35,161,40.36666666666667,-0.534454345703125,0.26009720963739164
COHFACE_s37_session3_natural,35,162,40.4,-0.6855307817459106,0.1565002416246097
COHFACE_s37_session3_natural,35,163,40.43333333333333,-0.7954731583595276,0.05776060135702907
COHFACE_s37_session3_natural,35,164,40.46666666666667,-0.8708447217941284,-0.019626559092262408
COHFACE_s37_session3_natural,35,165,40.5,-0.9209625720977783,-0.06492846199075603
COHFACE_s37_session3_natural,35,166,40.53333333333333,-0.9676918387413025,-0.0806829410855831
COHFACE_s37_session3_natural,35,167,40.56666666666667,-1.0123590230941772,-0.0839445299010249
COHFACE_s37_session3_natural,35,168,40.6,-1.048947811126709,-0.09920674509656599
COHFACE_s37_session3_natural,35,169,40.63333333333333,-1.0909242630004883,-0.14632386127285632
COHFACE_s37_session3_natural,35,170,40.666666666666664,-1.1418782472610474,-0.22990453671821956
COHFACE_s37_session3_natural,35,171,40.7,-1.2112020254135132,-0.3359312947393831
COHFACE_s37_session3_natural,35,172,40.733333333333334,-1.2362358570098877,-0.4374956570176726
COHFACE_s37_session3_natural,35,173,40.766666666666666,-0.8596857786178589,-0.5068085665123584
COHFACE_s37_session3_natural,35,174,40.8,0.3382946848869324,-0.5275700099438334
COHFACE_s37_session3_natural,35,175,40.833333333333336,1.6080948114395142,-0.5017738993684769
COHFACE_s37_session3_natural,35,176,40.86666666666667,2.126328945159912,-0.4479327601143946
COHFACE_s37_session3_natural,35,177,40.9,2.0433125495910645,-0.39184279428851143
COHFACE_s37_session3_natural,35,178,40.93333333333333,1.7750954627990723,-0.3543047233819264
COHFACE_s37_session3_natural,35,179,40.96666666666667,1.5082677602767944,-0.3414388786149914
COHFACE_s37_session3_natural,35,180,41.0,1.1789311170578003,-0.34202609450598737
COHFACE_s37_session3_natural,35,181,41.03333333333333,0.7695392370223999,-0.3329892171589502
COHFACE_s37_session3_natural,35,182,41.06666666666667,0.4870575964450836,-0.2900574879072593
COHFACE_s37_session3_natural,35,183,41.1,0.41435784101486206,-0.19826128684010325
COHFACE_s37_session3_natural,35,184,41.13333333333333,0.41464704275131226,-0.05772152365839589
COHFACE_s37_session3_natural,35,185,41.166666666666664,0.34694522619247437,0.11682866661225323
COHFACE_s37_session3_natural,35,186,41.2,0.17922784388065338,0.3013759884287355
COHFACE_s37_session3_natural,35,187,41.233333333333334,-0.04871014505624771,0.4698432490375182
COHFACE_s37_session3_natural,35,188,41.266666666666666,-0.278936505317688,0.600449830727292
COHFACE_s37_session3_natural,35,189,41.3,-0.47791779041290283,0.6798766752455413
COHFACE_s37_session3_natural,35,190,41.333333333333336,-0.6418002843856812,0.7052928632473856
COHFACE_s37_session3_natural,35,191,41.36666666666667,-0.7663341164588928,0.6845422407078848
COHFACE_s37_session3_natural,35,192,41.4,-0.8557251691818237,0.6339218576217286
COHFACE_s37_session3_natural,35,193,41.43333333333333,-0.9116519093513489,0.5729152561140642
COHFACE_s37_session3_natural,35,194,41.46666666666667,-0.9531443119049072,0.5171410649249151
COHFACE_s37_session3_natural,35,195,41.5,-0.998383641242981,0.47278107805535724
COHFACE_s37_session3_natural,35,196,41.53333333333333,-1.0475772619247437,0.435519097509177
COHFACE_s37_session3_natural,35,197,41.56666666666667,-1.1039063930511475,0.39452301697543163
COHFACE_s37_session3_natural,35,198,41.6,-1.162750244140625,0.3389530051824326
COHFACE_s37_session3_natural,35,199,41.63333333333333,-1.2140939235687256,0.2630915926960162
COHFACE_s37_session3_natural,35,200,41.666666666666664,-1.2547879219055176,0.16756255364529052
COHFACE_s37_session3_natural,35,201,41.7,-1.2857563495635986,0.05700621045329996
COHFACE_s37_session3_natural,35,202,41.733333333333334,-1.312324047088623,-0.06319903215293354
COHFACE_s37_session3_natural,35,203,41.766666666666666,-1.3483407497406006,-0.188529362697555
COHFACE_s37_session3_natural,35,204,41.8,-1.348956823348999,-0.31458654769742117
COHFACE_s37_session3_natural,35,205,41.833333333333336,-0.9115638732910156,-0.4354578586304369
COHFACE_s37_session3_natural,35,206,41.86666666666667,0.3861241340637207,-0.5428766973658228
COHFACE_s37_session3_natural,35,207,41.9,1.7105433940887451,-0.6268740177910195
COHFACE_s37_session3_natural,35,208,41.93333333333333,2.223572015762329,-0.67763911939457
COHFACE_s37_session3_natural,35,209,41.96666666666667,2.110417127609253,-0.6880895209906451
COHFACE_s37_session3_natural,35,210,42.0,1.8153682947158813,-0.6569041967438098
COHFACE_s37_session3_natural,35,211,42.03333333333333,1.5313526391983032,-0.5913713964025671
COHFACE_s37_session3_natural,35,212,42.06666666666667,1.2019405364990234,-0.5081001505255268
COHFACE_s37_session3_natural,35,213,42.1,0.80832839012146,-0.4294276325241949
COHFACE_s37_session3_natural,35,214,42.13333333333333,0.5408279895782471,-0.37566358138361855
COHFACE_s37_session3_natural,35,215,42.166666666666664,0.4708252549171448,-0.35644376293231406
COHFACE_s37_session3_natural,35,216,42.2,0.4705989360809326,-0.36576002419726883
COHFACE_s37_session3_natural,35,217,42.233333333333334,0.40901413559913635,-0.3836994572729935
COHFACE_s37_session3_natural,35,218,42.266666666666666,0.24423262476921082,-0.3843795554754256
COHFACE_s37_session3_natural,35,219,42.3,0.013710801489651203,-0.3461500955631567
COHFACE_s37_session3_natural,35,220,42.333333333333336,-0.2200549840927124,-0.2589807099323585
COHFACE_s37_session3_natural,35,221,42.36666666666667,-0.4277937114238739,-0.12585698034439446
COHFACE_s37_session3_natural,35,222,42.4,-0.6006410717964172,0.04110366025145306
COHFACE_s37_session3_natural,35,223,42.43333333333333,-0.7372957468032837,0.22603576903313258
COHFACE_s37_session3_natural,35,224,42.46666666666667,-0.8305153846740723,0.4124645691564934
COHFACE_s37_session3_natural,35,225,42.5,-0.8941810727119446,0.5832984155050162
COHFACE_s37_session3_natural,35,226,42.53333333333333,-0.9446321129798889,0.720089125500744
COHFACE_s37_session3_natural,35,227,42.56666666666667,-0.9942532777786255,0.8046993696358329
COHFACE_s37_session3_natural,35,228,42.6,-1.0458358526229858,0.8237189643682965
COHFACE_s37_session3_natural,35,229,42.63333333333333,-1.104120135307312,0.7728497427109127
COHFACE_s37_session3_natural,35,230,42.666666666666664,-1.1667423248291016,0.6583937841299722
COHFACE_s37_session3_natural,35,231,42.7,-1.2250266075134277,0.4954397796413411
COHFACE_s37_session3_natural,35,232,42.733333333333334,-1.2770869731903076,0.3047290970147609
COHFACE_s37_session3_natural,35,233,42.766666666666666,-1.3186674118041992,0.11033278871356075
COHFACE_s37_session3_natural,35,234,42.8,-1.3447887897491455,-0.061926031542655774
COHFACE_s37_session3_natural,35,235,42.833333333333336,-1.3679176568984985,-0.1872174488098615
COHFACE_s37_session3_natural,35,236,42.86666666666667,-1.3935863971710205,-0.24670590951239452
COHFACE_s37_session3_natural,35,237,42.9,-1.378246784210205,-0.23346470923064758
COHFACE_s37_session3_natural,35,238,42.93333333333333,-0.9205601811408997,-0.15634659008708773
COHFACE_s37_session3_natural,35,239,42.96666666666667,0.409950852394104,-0.03925082428814531
COHFACE_s37_session3_natural,36,0,36.0,1.7868894338607788,-0.053981276168686435
COHFACE_s37_session3_natural,36,1,36.03333333333333,1.9335651397705078,0.04606331248076156
COHFACE_s37_session3_natural,36,2,36.06666666666667,1.6610291004180908,0.13903917849918682
COHFACE_s37_session3_natural,36,3,36.1,1.2378504276275635,0.22361228752299228
COHFACE_s37_session3_natural,36,4,36.13333333333333,0.7593547701835632,0.3069493786718533
COHFACE_s37_session3_natural,36,5,36.166666666666664,0.30460411310195923,0.3991010265276475
COHFACE_s37_session3_natural,36,6,36.2,0.05384529009461403,0.5027422833773473
COHFACE_s37_session3_natural,36,7,36.233333333333334,0.06517397612333298,0.6051571976603842
COHFACE_s37_session3_natural,36,8,36.266666666666666,0.17374581098556519,0.6787962276035974
COHFACE_s37_session3_natural,36,9,36.3,0.21704252064228058,0.6917254323396596
COHFACE_s37_session3_natural,36,10,36.333333333333336,0.14152631163597107,0.6231273622978827
COHFACE_s37_session3_natural,36,11,36.36666666666667,-0.020243829116225243,0.4755947503151533
COHFACE_s37_session3_natural,36,12,36.4,-0.21670415997505188,0.2774778119585374
COHFACE_s37_session3_natural,36,13,36.43333333333333,-0.4160689413547516,0.07382726935939797
COHFACE_s37_session3_natural,36,14,36.46666666666667,-0.5952721834182739,-0.08966467034058846
COHFACE_s37_session3_natural,36,15,36.5,-0.7409420013427734,-0.1820589517979112
COHFACE_s37_session3_natural,36,16,36.53333333333333,-0.8501237034797668,-0.1952135672042332
COHFACE_s37_session3_natural,36,17,36.56666666666667,-0.9229994416236877,-0.14213897838789102
COHFACE_s37_session3_natural,36,18,36.6,-0.9673586487770081,-0.04842911267221053
COHFACE_s37_session3_natural,36,19,36.63333333333333,-0.9924175143241882,0.05764079783989149
COHFACE_s37_session3_natural,36,20,36.666666666666664,-1.021738886833191,0.1517386416972149
COHFACE_s37_session3_natural,36,21,36.7,-1.046496033668518,0.2156766519329949
COHFACE_s37_session3_natural,36,22,36.733333333333334,-0.8307920098304749,0.23725813214355818
COHFACE_s37_session3_natural,36,23,36.766666666666666,0.07254831492900848,0.21056460588033502
COHFACE_s37_session3_natural,36,24,36.8,1.2342480421066284,0.13745595629820145
COHFACE_s37_session3_natural,36,25,36.833333333333336,1.8140166997909546,0.028693716933190734
COHFACE_s37_session3_natural,36,26,36.86666666666667,1.7518597841262817,-0.09722736288734543
COHFACE_s37_session3_natural,36,27,36.9,1.3792452812194824,-0.2180416834431488
COHFACE_s37_session3_natural,36,28,36.93333333333333,0.9070614576339722,-0.31337389417107997
COHFACE_s37_session3_natural,36,29,36.96666666666667,0.41090014576911926,-0.37012689968666934
COHFACE_s37_session3_natural,36,30,37.0,0.0337403230369091,-0.3857084035264419
COHFACE_s37_session3_natural,36,31,37.03333333333333,-0.05820310860872269,-0.3680784235994797
COHFACE_s37_session3_natural,36,32,37.06666666666667,0.06590323895215988,-0.33281777238417476
COHFACE_s37_session3_natural,36,33,37.1,0.19242997467517853,-0.2984687928062259
COHFACE_s37_session3_natural,36,34,37.13333333333333,0.19256199896335602,-0.2818856726252191
COHFACE_s37_session3_natural,36,35,37.166666666666664,0.06655705720186234,-0.2951113051884156
COHFACE_s37_session3_natural,36,36,37.2,-0.12264838069677353,-0.3444156638575563
COHFACE_s37_session3_natural,36,37,37.233333333333334,-0.323113352060318,-0.4307286100653864
COHFACE_s37_session3_natural,36,38,37.266666666666666,-0.5086850523948669,-0.5494565156493928
COHFACE_s37_session3_natural,36,39,37.3,-0.6645205616950989,-0.6880157566819066
COHFACE_s37_session3_natural,36,40,37.333333333333336,-0.7819315195083618,-0.8219487172362937
COHFACE_s37_session3_natural,36,41,37.36666666666667,-0.8573471307754517,-0.9136733870708812
COHFACE_s37_session3_natural,36,42,37.4,-0.9012725353240967,-0.9189225733429174
COHFACE_s37_session3_natural,36,43,37.43333333333333,-0.936145007610321,-0.8020871050124889
COHFACE_s37_session3_natural,36,44,37.46666666666667,-0.9629767537117004,-0.5539907059028545
COHFACE_s37_session3_natural,36,45,37.5,-0.8180801868438721,-0.20083822059577075
COHFACE_s37_session3_natural,36,46,37.53333333333333,-0.02858632057905197,0.2032083746873022
COHFACE_s37_session3_natural,36,47,37.56666666666667,1.1605801582336426,0.5973236655296073
COHFACE_s37_session3_natural,36,48,37.6,1.8647253513336182,0.9372981436925862
COHFACE_s37_session3_natural,36,49,37.63333333333333,1.8849246501922607,1.2072435168974052
COHFACE_s37_session3_natural,36,50,37.666666666666664,1.546830654144287,1.4141297016736578
COHFACE_s37_session3_natural,36,51,37.7,1.1034715175628662,1.5707113048338963
COHFACE_s37_session3_natural,36,52,37.733333333333334,0.6320295929908752,1.6785378469244185
COHFACE_s37_session3_natural,36,53,37.766666666666666,0.22605140507221222,1.7211255013872588
COHFACE_s37_session3_natural,36,54,37.8,0.07381822913885117,1.6702248059873277
COHFACE_s37_session3_natural,36,55,37.833333333333336,0.16428427398204803,1.5003571807618703
COHFACE_s37_session3_natural,36,56,37.86666666666667,0.2873658835887909,1.2030255982186675
COHFACE_s37_session3_natural,36,57,37.9,0.2934640049934387,0.7938032571023271
COHFACE_s37_session3_natural,36,58,37.93333333333333,0.17110538482666016,0.31091856390777545
COHFACE_s37_session3_natural,36,59,37.96666666666667,-0.01852126605808735,-0.19171455083003963
COHFACE_s37_session3_natural,36,60,38.0,-0.21870332956314087,-0.6539208204760325
COHFACE_s37_session3_natural,36,61,38.03333333333333,-0.40980735421180725,-1.0199546502194694
COHFACE_s37_session3_natural,36,62,38.06666666666667,-0.5719798803329468,-1.2497315704162348
COHFACE_s37_session3_natural,36,63,38.1,-0.6869264245033264,-1.3282970632887188
COHFACE_s37_session3_natural,36,64,38.13333333333333,-0.7625935077667236,-1.269526616731198
COHFACE_s37_session3_natural,36,65,38.166666666666664,-0.8121078014373779,-1.1110816047793453
COHFACE_s37_session3_natural,36,66,38.2,-0.8537448048591614,-0.902096305356106
COHFACE_s37_session3_natural,36,67,38.233333333333334,-0.8499916791915894,-0.6891827509752948
COHFACE_s37_session3_natural,36,68,38.266666666666666,-0.45366987586021423,-0.5063869956478625
COHFACE_s37_session3_natural,36,69,38.3,0.6456592082977295,-0.37152557642437567
COHFACE_s37_session3_natural,36,70,38.333333333333336,1.7317862510681152,-0.2878512445688021
COHFACE_s37_session3_natural,36,71,38.36666666666667,2.122286558151245,-0.24822493136156376
COHFACE_s37_session3_natural,36,72,38.4,1.9530476331710815,-0.23934638928055796
COHFACE_s37_session3_natural,36,73,38.43333333333333,1.5907056331634521,-0.24510717104570445
COHFACE_s37_session3_natural,36,74,38.46666666666667,1.199576735496521,-0.24934866280213167
COHFACE_s37_session3_natural,36,75,38.5,0.7761717438697815,-0.23851897493887075
COHFACE_s37_session3_natural,36,76,38.53333333333333,0.42961573600769043,-0.20408524673658418
COHFACE_s37_session3_natural,36,77,38.56666666666667,0.31749817728996277,-0.14391068639048474
COHFACE_s37_session3_natural,36,78,38.6,0.3780331015586853,-0.06190555158276978
COHFACE_s37_session3_natural,36,79,38.63333333333333,0.4321492910385132,0.03393355721118331
COHFACE_s37_session3_natural,36,80,38.666666666666664,0.36813151836395264,0.13409723223387673
COHFACE_s37_session3_natural,36,81,38.7,0.1941273957490921,0.2295488882031149
COHFACE_s37_session3_natural,36,82,38.733333333333334,-0.02128113992512226,0.31262314366086674
COHFACE_s37_session3_natural,36,83,38.766666666666666,-0.2324838489294052,0.37715632377452113
COHFACE_s37_session3_natural,36,84,38.8,-0.41584891080856323,0.4183717643274052
COHFACE_s37_session3_natural,36,85,38.833333333333336,-0.5643477439880371,0.43296765042373175
COHFACE_s37_session3_natural,36,86,38.86666666666667,-0.669336199760437,0.41994852780260344
COHFACE_s37_session3_natural,36,87,38.9,-0.729644775390625,0.3825714071417281
COHFACE_s37_session3_natural,36,88,38.93333333333333,-0.783113420009613,0.3308129034471578
COHFACE_s37_session3_natural,36,89,38.96666666666667,-0.8411462306976318,0.28223742908152655
COHFACE_s37_session3_natural,36,90,39.0,-0.7957308888435364,0.2583347158903667
COHFACE_s37_session3_natural,36,91,39.03333333333333,-0.20623674988746643,0.2754018737500736
COHFACE_s37_session3_natural,36,92,39.06666666666667,0.9863937497138977,0.3338208475923757
COHFACE_s37_session3_natural,36,93,39.1,1.909669280052185,0.41278040621822887
COHFACE_s37_session3_natural,36,94,39.13333333333333,2.1138999462127686,0.4753351269367171
COHFACE_s37_session3_natural,36,95,39.166666666666664,1.894235372543335,0.48271737262084513
COHFACE_s37_session3_natural,36,96,39.2,1.575938105583191,0.4112391603582518
COHFACE_s37_session3_natural,36,97,39.233333333333334,1.2393089532852173,0.2632011575534858
COHFACE_s37_session3_natural,36,98,39.266666666666666,0.8426413536071777,0.0660923441891095
COHFACE_s37_session3_natural,36,99,39.3,0.5007752180099487,-0.13944997143999033
COHFACE_s37_session3_natural,36,100,39.333333333333336,0.37014326453208923,-0.3163047487463188
COHFACE_s37_session3_natural,36,101,39.36666666666667,0.38071754574775696,-0.4433585312188506
COHFACE_s37_session3_natural,36,102,39.4,0.382201224565506,-0.5184022177308888
COHFACE_s37_session3_natural,36,103,39.43333333333333,0.28656747937202454,-0.5521278940441772
COHFACE_s37_session3_natural,36,104,39.46666666666667,0.09939893335103989,-0.5584678974062147
COHFACE_s37_session3_natural,36,105,39.5,-0.12100754678249359,-0.5471128689984168
COHFACE_s37_session3_natural,36,106,39.53333333333333,-0.3362463414669037,-0.5210653389714205
COHFACE_s37_session3_natural,36,107,39.56666666666667,-0.5248859524726868,-0.4784773993588056
COHFACE_s37_session3_natural,36,108,39.6,-0.6714988350868225,-0.41646356726704903
COHFACE_s37_session3_natural,36,109,39.63333333333333,-0.7713258266448975,-0.33486578724475935
COHFACE_s37_session3_natural,36,110,39.666666666666664,-0.8345828652381897,-0.23863537164977072
COHFACE_s37_session3_natural,36,111,39.7,-0.869681715965271,-0.13801688620021524
COHFACE_s37_session3_natural,36,112,39.733333333333334,-0.9050571322441101,-0.04623844927837927
COHFACE_s37_session3_natural,36,113,39.766666666666666,-0.9573249816894531,0.024679334278940875
COHFACE_s37_session3_natural,36,114,39.8,-0.9675095081329346,0.06820128277559541
COHFACE_s37_session3_natural,36,115,39.833333333333336,-0.5701001286506653,0.08550706235475744
COHFACE_s37_session3_natural,36,116,39.86666666666667,0.5551177263259888,0.08476033265085779
COHFACE_s37_session3_natural,36,117,39.9,1.66908860206604,0.07834099095334307
COHFACE_s37_session3_natural,36,118,39.93333333333333,2.069509267807007,0.07987671508316517
COHFACE_s37_session3_natural,36,119,39.96666666666667,1.9362558126449585,0.10212029864241194
COHFACE_s37_session3_natural,36,120,40.0,1.6609033346176147,0.15490768133441413
COHFACE_s37_session3_natural,36,121,40.03333333333333,1.3771265745162964,0.24185629288156557
COHFACE_s37_session3_natural,36,122,40.06666666666667,1.014344573020935,0.35634017095126314
COHFACE_s37_session3_natural,36,123,40.1,0.6174821257591248,0.4795834803266829
COHFACE_s37_session3_natural,36,124,40.13333333333333,0.39296409487724304,0.5837441628849112
COHFACE_s37_session3_natural,36,125,40.166666666666664,0.35980159044265747,0.6401107926408703
COHFACE_s37_session3_natural,36,126,40.2,0.36381253600120544,0.628809040620816
COHFACE_s37_session3_natural,36,127,40.233333333333334,0.2824370861053467,0.5449965342051317
COHFACE_s37_session3_natural,36,128,40.266666666666666,0.10223425179719925,0.39906750553206494
COHFACE_s37_session3_natural,36,129,40.3,-0.12185624986886978,0.21239619831317202
COHFACE_s37_session3_natural,36,130,40.333333333333336,-0.3440607488155365,0.012103745926653626
COHFACE_s37_session3_natural,36,131,40.36666666666667,-0.534454345703125,-0.17279798177905434
COHFACE_s37_session3_natural,36,132,40.4,-0.6855307817459106,-0.31437860730054895
COHFACE_s37_session3_natural,36,133,40.43333333333333,-0.7954731583595276,-0.39017066866609373
COHFACE_s37_session3_natural,36,134,40.46666666666667,-0.8708447217941284,-0.3900579982397504
COHFACE_s37_session3_natural,36,135,40.5,-0.9209625720977783,-0.32332247534223507
COHFACE_s37_session3_natural,36,136,40.53333333333333,-0.9676918387413025,-0.22058489954737737
COHFACE_s37_session3_natural,36,137,40.56666666666667,-1.0123590230941772,-0.12630879025705008
COHFACE_s37_session3_natural,36,138,40.6,-1.048947811126709,-0.08297142946790877
COHFACE_s37_session3_natural,36,139,40.63333333333333,-1.0909242630004883,-0.1137252004966924
COHFACE_s37_session3_natural,36,140,40.666666666666664,-1.1418782472610474,-0.21181875200539066
COHFACE_s37_session3_natural,36,141,40.7,-1.2112020254135132,-0.3420225292309335
COHFACE_s37_session3_natural,36,142,40.733333333333334,-1.2362358570098877,-0.45410138760633867
COHFACE_s37_session3_natural,36,143,40.766666666666666,-0.8596857786178589,-0.5031022183896731
COHFACE_s37_session3_natural,36,144,40.8,0.3382946848869324,-0.467810053834402
COHFACE_s37_session3_natural,36,145,40.833333333333336,1.6080948114395142,-0.35905254318287766
COHFACE_s37_session3_natural,36,146,40.86666666666667,2.126328945159912,-0.21403075623703863
COHFACE_s37_session3_natural,36,147,40.9,2.0433125495910645,-0.07944954821077717
COHFACE_s37_session3_natural,36,148,40.93333333333333,1.7750954627990723,0.008396868221093621
COHFACE_s37_session3_natural,36,149,40.96666666666667,1.5082677602767944,0.037114429697348204
COHFACE_s37_session3_natural,36,150,41.0,1.1789311170578003,0.019477901758660713
COHFACE_s37_session3_natural,36,151,41.03333333333333,0.7695392370223999,-0.016584523879829796
COHFACE_s37_session3_natural,36,152,41.06666666666667,0.4870575964450836,-0.04232879978016501
COHFACE_s37_session3_natural,36,153,41.1,0.41435784101486206,-0.038536583606931823
COHFACE_s37_session3_natural,36,154,41.13333333333333,0.41464704275131226,0.00210232574295217
COHFACE_s37_session3_natural,36,155,41.166666666666664,0.34694522619247437,0.07841935780539219
COHFACE_s37_session3_natural,36,156,41.2,0.17922784388065338,0.18485083282094752
COHFACE_s37_session3_natural,36,157,41.233333333333334,-0.04871014505624771,0.31248823519473695
COHFACE_s37_session3_natural,36,158,41.266666666666666,-0.278936505317688,0.4475120368397817
COHFACE_s37_session3_natural,36,159,41.3,-0.47791779041290283,0.5705716484698672
COHFACE_s37_session3_natural,36,160,41.333333333333336,-0.6418002843856812,0.660213858279785
COHFACE_s37_session3_natural,36,161,41.36666666666667,-0.7663341164588928,0.6999900616289624
COHFACE_s37_session3_natural,36,162,41.4,-0.8557251691818237,0.6851992467244246
COHFACE_s37_session3_natural,36,163,41.43333333333333,-0.9116519093513489,0.6245002537043475
COHFACE_s37_session3_natural,36,164,41.46666666666667,-0.9531443119049072,0.5349044124269843
COHFACE_s37_session3_natural,36,165,41.5,-0.998383641242981,0.43323885123995187
COHFACE_s37_session3_natural,36,166,41.53333333333333,-1.0475772619247437,0.3294015126018209
COHFACE_s37_session3_natural,36,167,41.56666666666667,-1.1039063930511475,0.2251735421783244
COHFACE_s37_session3_natural,36,168,41.6,-1.162750244140625,0.11820349161588078
COHFACE_s37_session3_natural,36,169,41.63333333333333,-1.2140939235687256,0.007286170977468336
COHFACE_s37_session3_natural,36,170,41.666666666666664,-1.2547879219055176,-0.10511037422786773
COHFACE_s37_session3_natural,36,171,41.7,-1.2857563495635986,-0.21430660800317333
COHFACE_s37_session3_natural,36,172,41.733333333333334,-1.312324047088623,-0.316719563816997
COHFACE_s37_session3_natural,36,173,41.766666666666666,-1.3483407497406006,-0.411691998006121
COHFACE_s37_session3_natural,36,174,41.8,-1.348956823348999,-0.5004340874085516
COHFACE_s37_session3_natural,36,175,41.833333333333336,-0.9115638732910156,-0.5832577458314077
COHFACE_s37_session3_natural,36,176,41.86666666666667,0.3861241340637207,-0.656987955272936
COHFACE_s37_session3_natural,36,177,41.9,1.7105433940887451,-0.7137652388433382
COHFACE_s37_session3_natural,36,178,41.93333333333333,2.223572015762329,-0.7419417790921597
COHFACE_s37_session3_natural,36,179,41.96666666666667,2.110417127609253,-0.72954259500623
COHFACE_s37_session3_natural,36,180,42.0,1.8153682947158813,-0.6700965241037625
COHFACE_s37_session3_natural,36,181,42.03333333333333,1.5313526391983032,-0.5689770179569441
COHFACE_s37_session3_natural,36,182,42.06666666666667,1.2019405364990234,-0.4463741449317534
COHFACE_s37_session3_natural,36,183,42.1,0.80832839012146,-0.3330122939213679
COHFACE_s37_session3_natural,36,184,42.13333333333333,0.5408279895782471,-0.2582245342495223
COHFACE_s37_session3_natural,36,185,42.166666666666664,0.4708252549171448,-0.23525526194740012
COHFACE_s37_session3_natural,36,186,42.2,0.4705989360809326,-0.2520875801861573
COHFACE_s37_session3_natural,36,187,42.233333333333334,0.40901413559913635,-0.2743938431883575
COHFACE_s37_session3_natural,36,188,42.266666666666666,0.24423262476921082,-0.26026845418593825
COHFACE_s37_session3_natural,36,189,42.3,0.013710801489651203,-0.17901344750962553
COHFACE_s37_session3_natural,36,190,42.333333333333336,-0.2200549840927124,-0.023803569713715382
COHFACE_s37_session3_natural,36,191,42.36666666666667,-0.4277937114238739,0.18802933120860998
COHFACE_s37_session3_natural,36,192,42.4,-0.6006410717964172,0.4256748331419159
COHFACE_s37_session3_natural,36,193,42.43333333333333,-0.7372957468032837,0.6588234446600325
COHFACE_s37_session3_natural,36,194,42.46666666666667,-0.8305153846740723,0.8666030783740102
COHFACE_s37_session3_natural,36,195,42.5,-0.8941810727119446,1.0378034074425908
COHFACE_s37_session3_natural,36,196,42.53333333333333,-0.9446321129798889,1.1651689012787028
COHFACE_s37_session3_natural,36,197,42.56666666666667,-0.9942532777786255,1.239963385590086
COHFACE_s37_session3_natural,36,198,42.6,-1.0458358526229858,1.2510538957575283
COHFACE_s37_session3_natural,36,199,42.63333333333333,-1.104120135307312,1.1882307721160144
COHFACE_s37_session3_natural,36,200,42.666666666666664,-1.1667423248291016,1.0466279803897554
COHFACE_s37_session3_natural,36,201,42.7,-1.2250266075134277,0.8294540716403505
COHFACE_s37_session3_natural,36,202,42.733333333333334,-1.2770869731903076,0.5485785628003657
COHFACE_s37_session3_natural,36,203,42.766666666666666,-1.3186674118041992,0.22400011706685166
COHFACE_s37_session3_natural,36,204,42.8,-1.3447887897491455,-0.11765547986016928
COHFACE_s37_session3_natural,36,205,42.833333333333336,-1.3679176568984985,-0.4465303224589727
COHFACE_s37_session3_natural,36,206,42.86666666666667,-1.3935863971710205,-0.7346688215658714
COHFACE_s37_session3_natural,36,207,42.9,-1.378246784210205,-0.9605766237288883
COHFACE_s37_session3_natural,36,208,42.93333333333333,-0.9205601811408997,-1.1102364705448882
COHFACE_s37_session3_natural,36,209,42.96666666666667,0.409950852394104,-1.1740240404041986
COHFACE_s37_session3_natural,36,210,43.0,1.7552986145019531,-1.1432447659599416
COHFACE_s37_session3_natural,36,211,43.03333333333333,2.2778515815734863,-1.0116293249805566
COHFACE_s37_session3_natural,36,212,43.06666666666667,2.1686134338378906,-0.7832183109068245
COHFACE_s37_session3_natural,36,213,43.1,1.8508065938949585,-0.48184450354765535
COHFACE_s37_session3_natural,36,214,43.13333333333333,1.5332449674606323,-0.15428011033709738
COHFACE_s37_session3_natural,36,215,43.166666666666664,1.1903101205825806,0.13816053951992968
COHFACE_s37_session3_natural,36,216,43.2,0.7994074821472168,0.3375284442080139
COHFACE_s37_session3_natural,36,217,43.233333333333334,0.5337554216384888,0.40829380632855217
COHFACE_s37_session3_natural,36,218,43.266666666666666,0.4704291820526123,0.3485578891169364
COHFACE_s37_session3_natural,36,219,43.3,0.48001018166542053,0.18915774585517445
COHFACE_s37_session3_natural,36,220,43.333333333333336,0.43137601017951965,-0.017299146147284845
COHFACE_s37_session3_natural,36,221,43.36666666666667,0.27562856674194336,-0.2117855537284498
COHFACE_s37_session3_natural,36,222,43.4,0.04792318865656853,-0.3436120317304388
COHFACE_s37_session3_natural,36,223,43.43333333333333,-0.19066451489925385,-0.38190276907597503
COHFACE_s37_session3_natural,36,224,43.46666666666667,-0.41008397936820984,-0.32191677149920206
COHFACE_s37_session3_natural,36,225,43.5,-0.6013765931129456,-0.18448505563631024
COHFACE_s37_session3_natural,36,226,43.53333333333333,-0.7508499026298523,-0.008252864397796211
COHFACE_s37_session3_natural,36,227,43.56666666666667,-0.8476278185844421,0.1630641346088759
COHFACE_s37_session3_natural,36,228,43.6,-0.9182278513908386,0.29404873986997954
COHFACE_s37_session3_natural,36,229,43.63333333333333,-0.9729663729667664,0.3668019058987511
COHFACE_s37_session3_natural,36,230,43.666666666666664,-1.015703558921814,0.38303349337354414
COHFACE_s37_session3_natural,36,231,43.7,-1.0668084621429443,0.3590895452944671
COHFACE_s37_session3_natural,36,232,43.733333333333334,-1.1223516464233398,0.31674911124618643
COHFACE_s37_session3_natural,36,233,43.766666666666666,-1.179680347442627,0.27402815440467404
COHFACE_s37_session3_natural,36,234,43.8,-1.2433964014053345,0.23977837660274598
COHFACE_s37_session3_natural,36,235,43.833333333333336,-1.3001781702041626,0.21365747291780132
COHFACE_s37_session3_natural,36,236,43.86666666666667,-1.3425569534301758,0.19008469756308502
COHFACE_s37_session3_natural,36,237,43.9,-1.3753045797348022,0.16305694976271312
COHFACE_s37_session3_natural,36,238,43.93333333333333,-1.4037394523620605,0.1293308872727256
COHFACE_s37_session3_natural,36,239,43.96666666666667,-1.435078740119934,0.08930391995759687
COHFACE_s37_session3_natural,37,0,37.0,0.0337403230369091,-0.17255911340131722
COHFACE_s37_session3_natural,37,1,37.03333333333333,-0.05820310860872269,-0.14836270563776002
COHFACE_s37_session3_natural,37,2,37.06666666666667,0.06590323895215988,-0.10737657525990532
COHFACE_s37_session3_natural,37,3,37.1,0.19242997467517853,-0.03522850574210403
COHFACE_s37_session3_natural,37,4,37.13333333333333,0.19256199896335602,0.07378158158335692
COHFACE_s37_session3_natural,37,5,37.166666666666664,0.06655705720186234,0.20856363612995027
COHFACE_s37_session3_natural,37,6,37.2,-0.12264838069677353,0.3354153092348495
COHFACE_s37_session3_natural,37,7,37.233333333333334,-0.323113352060318,0.40174169806791205
COHFACE_s37_session3_natural,37,8,37.266666666666666,-0.5086850523948669,0.35262252701428787
COHFACE_s37_session3_natural,37,9,37.3,-0.6645205616950989,0.15567707731080732
COHFACE_s37_session3_natural,37,10,37.333333333333336,-0.7819315195083618,-0.17654951942708244
COHFACE_s37_session3_natural,37,11,37.36666666666667,-0.8573471307754517,-0.5788199119168143
COHFACE_s37_session3_natural,37,12,37.4,-0.9012725353240967,-0.9476247495502382
COHFACE_s37_session3_natural,37,13,37.43333333333333,-0.936145007610321,-1.1751751389979896
COHFACE_s37_session3_natural,37,14,37.46666666666667,-0.9629767537117004,-1.1885667731576979
COHFACE_s37_session3_natural,37,15,37.5,-0.8180801868438721,-0.9749168879482136
COHFACE_s37_session3_natural,37,16,37.53333333333333,-0.02858632057905197,-0.5806955242669003
COHFACE_s37_session3_natural,37,17,37.56666666666667,1.1605801582336426,-0.08801812171526838
COHFACE_s37_session3_natural,37,18,37.6,1.8647253513336182,0.41744904871958244
COHFACE_s37_session3_natural,37,19,37.63333333333333,1.8849246501922607,0.8702465392331791
COHFACE_s37_session3_natural,37,20,37.666666666666664,1.546830654144287,1.2322181647684616
COHFACE_s37_session3_natural,37,21,37.7,1.1034715175628662,1.4861713732308395
COHFACE_s37_session3_natural,37,22,37.733333333333334,0.6320295929908752,1.6256396042325008
COHFACE_s37_session3_natural,37,23,37.766666666666666,0.22605140507221222,1.6490286614656837
COHFACE_s37_session3_natural,37,24,37.8,0.07381822913885117,1.5603328493522712
COHFACE_s37_session3_natural,37,25,37.833333333333336,0.16428427398204803,1.3726050078084655
COHFACE_s37_session3_natural,37,26,37.86666666666667,0.2873658835887909,1.108564969003263
COHFACE_s37_session3_natural,37,27,37.9,0.2934640049934387,0.7958181585527827
COHFACE_s37_session3_natural,37,28,37.93333333333333,0.17110538482666016,0.45943441540964985
COHFACE_s37_session3_natural,37,29,37.96666666666667,-0.01852126605808735,0.11733672487952816
COHFACE_s37_session3_natural,37,30,38.0,-0.21870332956314087,-0.21853896543120135
COHFACE_s37_session3_natural,37,31,38.03333333333333,-0.40980735421180725,-0.5371085848673686
COHFACE_s37_session3_natural,37,32,38.06666666666667,-0.5719798803329468,-0.8234393722696363
COHFACE_s37_session3_natural,37,33,38.1,-0.6869264245033264,-1.0580436102976036
COHFACE_s37_session3_natural,37,34,38.13333333333333,-0.7625935077667236,-1.2207050289919066
COHFACE_s37_session3_natural,37,35,38.166666666666664,-0.8121078014373779,-1.2966082557732332
COHFACE_s37_session3_natural,37,36,38.2,-0.8537448048591614,-1.2817782468149952
COHFACE_s37_session3_natural,37,37,38.233333333333334,-0.8499916791915894,-1.1856842994975345
COHFACE_s37_session3_natural,37,38,38.266666666666666,-0.45366987586021423,-1.0300952625867223
COHFACE_s37_session3_natural,37,39,38.3,0.6456592082977295,-0.8444017942756772
COHFACE_s37_session3_natural,37,40,38.333333333333336,1.7317862510681152,-0.6586037787285425
COHFACE_s37_session3_natural,37,41,38.36666666666667,2.122286558151245,-0.495870088591276
COHFACE_s37_session3_natural,37,42,38.4,1.9530476331710815,-0.36686907951179515
COHFACE_s37_session3_natural,37,43,38.43333333333333,1.5907056331634521,-0.26788626016621625
COHFACE_s37_session3_natural,37,44,38.46666666666667,1.199576735496521,-0.18393244873050593
COHFACE_s37_session3_natural,37,45,38.5,0.7761717438697815,-0.09626270337024188
COHFACE_s37_session3_natural,37,46,38.53333333333333,0.42961573600769043,0.008653367769596288
COHFACE_s37_session3_natural,37,47,38.56666666666667,0.31749817728996277,0.13293974124301194
COHFACE_s37_session3_natural,37,48,38.6,0.3780331015586853,0.26690511019922974
COHFACE_s37_session3_natural,37,49,38.63333333333333,0.4321492910385132,0.3942450496400445
COHFACE_s37_session3_natural,37,50,38.666666666666664,0.36813151836395264,0.4994817179805226
COHFACE_s37_session3_natural,37,51,38.7,0.1941273957490921,0.5732828837124154
COHFACE_s37_session3_natural,37,52,38.733333333333334,-0.02128113992512226,0.6133206294437865
COHFACE_s37_session3_natural,37,53,38.766666666666666,-0.2324838489294052,0.6214398892381071
COHFACE_s37_session3_natural,37,54,38.8,-0.41584891080856323,0.5997599672525612
COHFACE_s37_session3_natural,37,55,38.833333333333336,-0.5643477439880371,0.5485141773232449
COHFACE_s37_session3_natural,37,56,38.86666666666667,-0.669336199760437,0.4674447802723225
COHFACE_s37_session3_natural,37,57,38.9,-0.729644775390625,0.3605084308793164
COHFACE_s37_session3_natural,37,58,38.93333333333333,-0.783113420009613,0.2410378133331777
COHFACE_s37_session3_natural,37,59,38.96666666666667,-0.8411462306976318,0.13303107288164678
COHFACE_s37_session3_natural,37,60,39.0,-0.7957308888435364,0.06544988255966624
COHFACE_s37_session3_natural,37,61,39.03333333333333,-0.20623674988746643,0.0603622766204391
COHFACE_s37_session3_natural,37,62,39.06666666666667,0.9863937497138977,0.12052443411946054
COHFACE_s37_session3_natural,37,63,39.1,1.909669280052185,0.22385352734049924
COHFACE_s37_session3_natural,37,64,39.13333333333333,2.1138999462127686,0.32901612901771987
COHFACE_s37_session3_natural,37,65,39.166666666666664,1.894235372543335,0.3901734260737364
COHFACE_s37_session3_natural,37,66,39.2,1.575938105583191,0.37387998487696195
COHFACE_s37_session3_natural,37,67,39.233333333333334,1.2393089532852173,0.27021700055445047
COHFACE_s37_session3_natural,37,68,39.266666666666666,0.8426413536071777,0.09388987174221924
COHFACE_s37_session3_natural,37,69,39.3,0.5007752180099487,-0.12343886704204442
COHFACE_s37_session3_natural,37,70,39.333333333333336,0.37014326453208923,-0.34443419786209806
COHFACE_s37_session3_natural,37,71,39.36666666666667,0.38071754574775696,-0.5355987011829302
COHFACE_s37_session3_natural,37,72,39.4,0.382201224565506,-0.6725445696218265
COHFACE_s37_session3_natural,37,73,39.43333333333333,0.28656747937202454,-0.7418417928003868
COHFACE_s37_session3_natural,37,74,39.46666666666667,0.09939893335103989,-0.7412782689877244
COHFACE_s37_session3_natural,37,75,39.5,-0.12100754678249359,-0.6791687775203875
COHFACE_s37_session3_natural,37,76,39.53333333333333,-0.3362463414669037,-0.5718041668816285
COHFACE_s37_session3_natural,37,77,39.56666666666667,-0.5248859524726868,-0.4384090301079753
COHFACE_s37_session3_natural,37,78,39.6,-0.6714988350868225,-0.2953681588282595
COHFACE_s37_session3_natural,37,79,39.63333333333333,-0.7713258266448975,-0.15303578354676795
COHFACE_s37_session3_natural,37,80,39.666666666666664,-0.8345828652381897,-0.016767714466886588
COHFACE_s37_session3_natural,37,81,39.7,-0.869681715965271,0.10930404544728703
COHFACE_s37_session3_natural,37,82,39.733333333333334,-0.9050571322441101,0.21879441682341466
COHFACE_s37_session3_natural,37,83,39.766666666666666,-0.9573249816894531,0.30212827610265286
COHFACE_s37_session3_natural,37,84,39.8,-0.9675095081329346,0.34830282565420423
COHFACE_s37_session3_natural,37,85,39.833333333333336,-0.5701001286506653,0.34800898710606276
COHFACE_s37_session3_natural,37,86,39.86666666666667,0.5551177263259888,0.29694954964175024
COHFACE_s37_session3_natural,37,87,39.9,1.66908860206604,0.19915179542021624
COHFACE_s37_session3_natural,37,88,39.93333333333333,2.069509267807007,0.07019194836590088
COHFACE_s37_session3_natural,37,89,39.96666666666667,1.9362558126449585,-0.06125777070713579
COHFACE_s37_session3_natural,37,90,40.0,1.6609033346176147,-0.15704829231017958
COHFACE_s37_session3_natural,37,91,40.03333333333333,1.3771265745162964,-0.18058922407605354
COHFACE_s37_session3_natural,37,92,40.06666666666667,1.014344573020935,-0.11201442966370016
COHFACE_s37_session3_natural,37,93,40.1,0.6174821257591248,0.04068051760151524
COHFACE_s37_session3_natural,37,94,40.13333333333333,0.39296409487724304,0.24166796311010708
COHFACE_s37_session3_natural,37,95,40.166666666666664,0.35980159044265747,0.4393065883601747
COHFACE_s37_session3_natural,37,96,40.2,0.36381253600120544,0.5839051134612541
COHFACE_s37_session3_natural,37,97,40.233333333333334,0.2824370861053467,0.6423002741644065
COHFACE_s37_session3_natural,37,98,40.266666666666666,0.10223425179719925,0.6039148583491588
COHFACE_s37_session3_natural,37,99,40.3,-0.12185624986886978,0.4789612567833099
COHFACE_s37_session3_natural,37,100,40.333333333333336,-0.3440607488155365,0.292806166633169
COHFACE_s37_session3_natural,37,101,40.36666666666667,-0.534454345703125,0.07995311632481536
COHFACE_s37_session3_natural,37,102,40.4,-0.6855307817459106,-0.12161406987885211
COHFACE_s37_session3_natural,37,103,40.43333333333333,-0.7954731583595276,-0.2770392405820698
COHFACE_s37_session3_natural,37,104,40.46666666666667,-0.8708447217941284,-0.3629085535126083
COHFACE_s37_session3_natural,37,105,40.5,-0.9209625720977783,-0.37528499949964345
COHFACE_s37_session3_natural,37,106,40.53333333333333,-0.9676918387413025,-0.3329049040441323
COHFACE_s37_session3_natural,37,107,40.56666666666667,-1.0123590230941772,-0.27161200551483744
COHFACE_s37_session3_natural,37,108,40.6,-1.048947811126709,-0.23072618634286282
COHFACE_s37_session3_natural,37,109,40.63333333333333,-1.0909242630004883,-0.23709921219157754
COHFACE_s37_session3_natural,37,110,40.666666666666664,-1.1418782472610474,-0.29409969587852386
COHFACE_s37_session3_natural,37,111,40.7,-1.2112020254135132,-0.38033778151996683
COHFACE_s37_session3_natural,37,112,40.733333333333334,-1.2362358570098877,-0.45852529814506854
COHFACE_s37_session3_natural,37,113,40.766666666666666,-0.8596857786178589,-0.4905765611585618
COHFACE_s37_session3_natural,37,114,40.8,0.3382946848869324,-0.45260745242405337
COHFACE_s37_session3_natural,37,115,40.833333333333336,1.6080948114395142,-0.3438544591600294
COHFACE_s37_session3_natural,37,116,40.86666666666667,2.126328945159912,-0.186482129436219
COHFACE_s37_session3_natural,37,117,40.9,2.0433125495910645,-0.01721799409640416
COHFACE_s37_session3_natural,37,118,40.93333333333333,1.7750954627990723,0.1251739323012048
COHFACE_s37_session3_natural,37,119,40.96666666666667,1.5082677602767944,0.21164337375556655
COHFACE_s37_session3_natural,37,120,41.0,1.1789311170578003,0.23020983333424858
COHFACE_s37_session3_natural,37,121,41.03333333333333,0.7695392370223999,0.18772439161148394
COHFACE_s37_session3_natural,37,122,41.06666666666667,0.4870575964450836,0.1068658588114579
COHFACE_s37_session3_natural,37,123,41.1,0.41435784101486206,0.019971762236842196
COHFACE_s37_session3_natural,37,124,41.13333333333333,0.41464704275131226,-0.039018000710426215
COHFACE_s37_session3_natural,37,125,41.166666666666664,0.34694522619247437,-0.04345544863603355
COHFACE_s37_session3_natural,37,126,41.2,0.17922784388065338,0.018024093799619886
COHFACE_s37_session3_natural,37,127,41.233333333333334,-0.04871014505624771,0.1370283662802348
COHFACE_s37_session3_natural,37,128,41.266666666666666,-0.278936505317688,0.2868633104488154
COHFACE_s37_session3_natural,37,129,41.3,-0.47791779041290283,0.4305705679634356
COHFACE_s37_session3_natural,37,130,41.333333333333336,-0.6418002843856812,0.533384861515002
COHFACE_s37_session3_natural,37,131,41.36666666666667,-0.7663341164588928,0.5748823044206194
COHFACE_s37_session3_natural,37,132,41.4,-0.8557251691818237,0.5553533273087675
COHFACE_s37_session3_natural,37,133,41.43333333333333,-0.9116519093513489,0.49315380737029957
COHFACE_s37_session3_natural,37,134,41.46666666666667,-0.9531443119049072,0.41441609732924745
COHFACE_s37_session3_natural,37,135,41.5,-0.998383641242981,0.34064408955746645
COHFACE_s37_session3_natural,37,136,41.53333333333333,-1.0475772619247437,0.2805466051340937
COHFACE_s37_session3_natural,37,137,41.56666666666667,-1.1039063930511475,0.22965462704645304
COHFACE_s37_session3_natural,37,138,41.6,-1.162750244140625,0.176641033330642
COHFACE_s37_session3_natural,37,139,41.63333333333333,-1.2140939235687256,0.11169867982842636
COHFACE_s37_session3_natural,37,140,41.666666666666664,-1.2547879219055176,0.03195169210759893
COHFACE_s37_session3_natural,37,141,41.7,-1.2857563495635986,-0.058505335355640106
COHFACE_s37_session3_natural,37,142,41.733333333333334,-1.312324047088623,-0.15263810934345584
COHFACE_s37_session3_natural,37,143,41.766666666666666,-1.3483407497406006,-0.24496915758028648
COHFACE_s37_session3_natural,37,144,41.8,-1.348956823348999,-0.33342238300394195
COHFACE_s37_session3_natural,37,145,41.833333333333336,-0.9115638732910156,-0.41769540364381974
COHFACE_s37_session3_natural,37,146,41.86666666666667,0.3861241340637207,-0.4955809519386935
COHFACE_s37_session3_natural,37,147,41.9,1.7105433940887451,-0.559830532629724
COHFACE_s37_session3_natural,37,148,41.93333333333333,2.223572015762329,-0.598017263290962
COHFACE_s37_session3_natural,37,149,41.96666666666667,2.110417127609253,-0.5965741801400293
COHFACE_s37_session3_natural,37,150,42.0,1.8153682947158813,-0.5481465940758948
COHFACE_s37_session3_natural,37,151,42.03333333333333,1.5313526391983032,-0.45904433301085174
COHFACE_s37_session3_natural,37,152,42.06666666666667,1.2019405364990234,-0.3519966334505147
COHFACE_s37_session3_natural,37,153,42.1,0.80832839012146,-0.26060168243991144
COHFACE_s37_session3_natural,37,154,42.13333333333333,0.5408279895782471,-0.2163540762719512
COHFACE_s37_session3_natural,37,155,42.166666666666664,0.4708252549171448,-0.23406624822568292
COHFACE_s37_session3_natural,37,156,42.2,0.4705989360809326,-0.3032751566856277
COHFACE_s37_session3_natural,37,157,42.233333333333334,0.40901413559913635,-0.39050861952182864
COHFACE_s37_session3_natural,37,158,42.266666666666666,0.24423262476921082,-0.4514881510810945
COHFACE_s37_session3_natural,37,159,42.3,0.013710801489651203,-0.44714898322022373
COHFACE_s37_session3_natural,37,160,42.333333333333336,-0.2200549840927124,-0.3560184193197179
COHFACE_s37_session3_natural,37,161,42.36666666666667,-0.4277937114238739,-0.17830187366401667
COHFACE_s37_session3_natural,37,162,42.4,-0.6006410717964172,0.06806760237573665
COHFACE_s37_session3_natural,37,163,42.43333333333333,-0.7372957468032837,0.35514467866877764
COHFACE_s37_session3_natural,37,164,42.46666666666667,-0.8305153846740723,0.6513877011513515
COHFACE_s37_session3_natural,37,165,42.5,-0.8941810727119446,0.924478385377972
COHFACE_s37_session3_natural,37,166,42.53333333333333,-0.9446321129798889,1.1424683781054668
COHFACE_s37_session3_natural,37,167,42.56666666666667,-0.9942532777786255,1.2767534650256405
COHFACE_s37_session3_natural,37,168,42.6,-1.0458358526229858,1.3074876225038161
COHFACE_s37_session3_natural,37,169,42.63333333333333,-1.104120135307312,1.2284752781706654
COHFACE_s37_session3_natural,37,170,42.666666666666664,-1.1667423248291016,1.0484967660851794
COHFACE_s37_session3_natural,37,171,42.7,-1.2250266075134277,0.7886517955863586
COHFACE_s37_session3_natural,37,172,42.733333333333334,-1.2770869731903076,0.47760671695680584
COHFACE_s37_session3_natural,37,173,42.766666666666666,-1.3186674118041992,0.14689125744205828
COHFACE_s37_session3_natural,37,174,42.8,-1.3447887897491455,-0.17308019605190272
COHFACE_s37_session3_natural,37,175,42.833333333333336,-1.3679176568984985,-0.4566157425563684
COHFACE_s37_session3_natural,37,176,42.86666666666667,-1.3935863971710205,-0.6855053170965691
COHFACE_s37_session3_natural,37,177,42.9,-1.378246784210205,-0.8493733101719388
COHFACE_s37_session3_natural,37,178,42.93333333333333,-0.9205601811408997,-0.942846772491855
COHFACE_s37_session3_natural,37,179,42.96666666666667,0.409950852394104,-0.9612837707616532
COHFACE_s37_session3_natural,37,180,43.0,1.7552986145019531,-0.899046730053077
COHFACE_s37_session3_natural,37,181,43.03333333333333,2.2778515815734863,-0.75350511316375
COHFACE_s37_session3_natural,37,182,43.06666666666667,2.1686134338378906,-0.5334712320872558
COHFACE_s37_session3_natural,37,183,43.1,1.8508065938949585,-0.2661551432895251
COHFACE_s37_session3_natural,37,184,43.13333333333333,1.5332449674606323,0.0038282803070923007
COHFACE_s37_session3_natural,37,185,43.166666666666664,1.1903101205825806,0.22535734739746424
COHFACE_s37_session3_natural,37,186,43.2,0.7994074821472168,0.35674920739044064
COHFACE_s37_session3_natural,37,187,43.233333333333334,0.5337554216384888,0.37839845405509437
COHFACE_s37_session3_natural,37,188,43.266666666666666,0.4704291820526123,0.2967584678919556
COHFACE_s37_session3_natural,37,189,43.3,0.48001018166542053,0.14019223664287886
COHFACE_s37_session3_natural,37,190,43.333333333333336,0.43137601017951965,-0.04937960131405999
COHFACE_s37_session3_natural,37,191,43.36666666666667,0.27562856674194336,-0.22556376310365606
COHFACE_s37_session3_natural,37,192,43.4,0.04792318865656853,-0.3462575187010243
COHFACE_s37_session3_natural,37,193,43.43333333333333,-0.19066451489925385,-0.3822255763394293
COHFACE_s37_session3_natural,37,194,43.46666666666667,-0.41008397936820984,-0.3241508875678472
COHFACE_s37_session3_natural,37,195,43.5,-0.6013765931129456,-0.1851937935595766
COHFACE_s37_session3_natural,37,196,43.53333333333333,-0.7508499026298523,0.0029277535339164856
COHFACE_s37_session3_natural,37,197,43.56666666666667,-0.8476278185844421,0.19958365791459098
COHFACE_s37_session3_natural,37,198,43.6,-0.9182278513908386,0.36752510702490204
COHFACE_s37_session3_natural,37,199,43.63333333333333,-0.9729663729667664,0.4835763780842383
COHFACE_s37_session3_natural,37,200,43.666666666666664,-1.015703558921814,0.5435999374434072
COHFACE_s37_session3_natural,37,201,43.7,-1.0668084621429443,0.5596100728247181
COHFACE_s37_session3_natural,37,202,43.733333333333334,-1.1223516464233398,0.5505229560794901
COHFACE_s37_session3_natural,37,203,43.766666666666666,-1.179680347442627,0.531103985600354
COHFACE_s37_session3_natural,37,204,43.8,-1.2433964014053345,0.5041912770461195
COHFACE_s37_session3_natural,37,205,43.833333333333336,-1.3001781702041626,0.4593739799040083
COHFACE_s37_session3_natural,37,206,43.86666666666667,-1.3425569534301758,0.37835546125767655
COHFACE_s37_session3_natural,37,207,43.9,-1.3753045797348022,0.24453756368166044
COHFACE_s37_session3_natural,37,208,43.93333333333333,-1.4037394523620605,0.05280858225557407
COHFACE_s37_session3_natural,37,209,43.96666666666667,-1.435078740119934,-0.18458271357719558
COHFACE_s37_session3_natural,37,210,44.0,-1.411138892173767,-0.43882592729037945
COHFACE_s37_session3_natural,37,211,44.03333333333333,-0.8678145408630371,-0.672003791709758
COHFACE_s37_session3_natural,37,212,44.06666666666667,0.5596756339073181,-0.8478863090279193
COHFACE_s37_session3_natural,37,213,44.1,1.8777766227722168,-0.9411806018147101
COHFACE_s37_session3_natural,37,214,44.13333333333333,2.3485960960388184,-0.9418957817723196
COHFACE_s37_session3_natural,37,215,44.166666666666664,2.2139155864715576,-0.8546646847594808
COHFACE_s37_session3_natural,37,216,44.2,1.8725712299346924,-0.6952423610064014
COHFACE_s37_session3_natural,37,217,44.233333333333334,1.5214951038360596,-0.4867624373783741
COHFACE_s37_session3_natural,37,218,44.266666666666666,1.1542809009552002,-0.25690435681765317
COHFACE_s37_session3_natural,37,219,44.3,0.7680241465568542,-0.03523623416522593
COHFACE_s37_session3_natural,37,220,44.333333333333336,0.5175356864929199,0.1507969793569125
COHFACE_s37_session3_natural,37,221,44.36666666666667,0.4605904519557953,0.2816376071435201
COHFACE_s37_session3_natural,37,222,44.4,0.4779544174671173,0.3511233678775478
COHFACE_s37_session3_natural,37,223,44.43333333333333,0.4371849596500397,0.3683810751312553
COHFACE_s37_session3_natural,37,224,44.46666666666667,0.2917477488517761,0.3541404705164748
COHFACE_s37_session3_natural,37,225,44.5,0.07146070897579193,0.33259045019993266
COHFACE_s37_session3_natural,37,226,44.53333333333333,-0.17008176445960999,0.32238321994391705
COHFACE_s37_session3_natural,37,227,44.56666666666667,-0.3974413573741913,0.3306857706652795
COHFACE_s37_session3_natural,37,228,44.6,-0.5934364795684814,0.3522096493341423
COHFACE_s37_session3_natural,37,229,44.63333333333333,-0.7526856660842896,0.3725980622960618
COHFACE_s37_session3_natural,37,230,44.666666666666664,-0.8666137456893921,0.37418581017464636
COHFACE_s37_session3_natural,37,231,44.7,-0.9364467859268188,0.34219951517484987
COHFACE_s37_session3_natural,37,232,44.733333333333334,-0.9864325523376465,0.2701288768860912
COHFACE_s37_session3_natural,37,233,44.766666666666666,-1.0331052541732788,0.16334387977438725
COHFACE_s37_session3_natural,37,234,44.8,-1.0808781385421753,0.03976068266470676
COHFACE_s37_session3_natural,37,235,44.833333333333336,-1.1327310800552368,-0.07374405600906245
COHFACE_s37_session3_natural,37,236,44.86666666666667,-1.1895819902420044,-0.1494239856363672
COHFACE_s37_session3_natural,37,237,44.9,-1.2420949935913086,-0.16915558722565324
COHFACE_s37_session3_natural,37,238,44.93333333333333,-1.2886797189712524,-0.1327479779304802
COHFACE_s37_session3_natural,37,239,44.96666666666667,-1.3302475214004517,-0.05936202527211593
COHFACE_s37_session3_natural,38,0,38.0,-0.21870332956314087,-0.010816261680329833
COHFACE_s37_session3_natural,38,1,38.03333333333333,-0.40980735421180725,0.15051886940698267
COHFACE_s37_session3_natural,38,2,38.06666666666667,-0.5719798803329468,0.30843526172769475
COHFACE_s37_session3_natural,38,3,38.1,-0.6869264245033264,0.4649078822493354
COHFACE_s37_session3_natural,38,4,38.13333333333333,-0.7625935077667236,0.6283246719093497
COHFACE_s37_session3_natural,38,5,38.166666666666664,-0.8121078014373779,0.8049008533215298
COHFACE_s37_session3_natural,38,6,38.2,-0.8537448048591614,0.9853496385776672
COHFACE_s37_session3_natural,38,7,38.233333333333334,-0.8499916791915894,1.1365678602441363
COHFACE_s37_session3_natural,38,8,38.266666666666666,-0.45366987586021423,1.2068183215521082
COHFACE_s37_session3_natural,38,9,38.3,0.6456592082977295,1.1451469150897333
COHFACE_s37_session3_natural,38,10,38.333333333333336,1.7317862510681152,0.9264883875944343
COHFACE_s37_session3_natural,38,11,38.36666666666667,2.122286558151245,0.5692313567848367
COHFACE_s37_session3_natural,38,12,38.4,1.9530476331710815,0.1352969061072402
COHFACE_s37_session3_natural,38,13,38.43333333333333,1.5907056331634521,-0.28840715890072366
COHFACE_s37_session3_natural,38,14,38.46666666666667,1.199576735496521,-0.6192928926298651
COHFACE_s37_session3_natural,38,15,38.5,0.7761717438697815,-0.8064816057882874
COHFACE_s37_session3_natural,38,16,38.53333333333333,0.42961573600769043,-0.8449003462509567
COHFACE_s37_session3_natural,38,17,38.56666666666667,0.31749817728996277,-0.770937020966244
COHFACE_s37_session3_natural,38,18,38.6,0.3780331015586853,-0.6425566776010636
COHFACE_s37_session3_natural,38,19,38.63333333333333,0.4321492910385132,-0.513307627480663
COHFACE_s37_session3_natural,38,20,38.666666666666664,0.36813151836395264,-0.4119813367180447
COHFACE_s37_session3_natural,38,21,38.7,0.1941273957490921,-0.3365884695678012
COHFACE_s37_session3_natural,38,22,38.733333333333334,-0.02128113992512226,-0.2639633800827709
COHFACE_s37_session3_natural,38,23,38.766666666666666,-0.2324838489294052,-0.16867230717202972
COHFACE_s37_session3_natural,38,24,38.8,-0.41584891080856323,-0.04099627680844437
COHFACE_s37_session3_natural,38,25,38.833333333333336,-0.5643477439880371,0.10504285886889105
COHFACE_s37_session3_natural,38,26,38.86666666666667,-0.669336199760437,0.2373749918397
COHFACE_s37_session3_natural,38,27,38.9,-0.729644775390625,0.3221883094387895
COHFACE_s37_session3_natural,38,28,38.93333333333333,-0.783113420009613,0.34230951945042776
COHFACE_s37_session3_natural,38,29,38.96666666666667,-0.8411462306976318,0.3076857977749762
COHFACE_s37_session3_natural,38,30,39.0,-0.7957308888435364,0.25161945066994335
COHFACE_s37_session3_natural,38,31,39.03333333333333,-0.20623674988746643,0.21389811531209124
COHFACE_s37_session3_natural,38,32,39.06666666666667,0.9863937497138977,0.21977798923386208
COHFACE_s37_session3_natural,38,33,39.1,1.909669280052185,0.2667083479315006
COHFACE_s37_session3_natural,38,34,39.13333333333333,2.1138999462127686,0.3260872224843186
COHFACE_s37_session3_natural,38,35,39.166666666666664,1.894235372543335,0.35853590426769866
COHFACE_s37_session3_natural,38,36,39.2,1.575938105583191,0.3338882825970908
COHFACE_s37_session3_natural,38,37,39.233333333333334,1.2393089532852173,0.24503219903516044
COHFACE_s37_session3_natural,38,38,39.266666666666666,0.8426413536071777,0.10867763181981356
COHFACE_s37_session3_natural,38,39,39.3,0.5007752180099487,-0.04611256352440387
COHFACE_s37_session3_natural,38,40,39.333333333333336,0.37014326453208923,-0.1935242105951481
COHFACE_s37_session3_natural,38,41,39.36666666666667,0.38071754574775696,-0.32079499951197404
COHFACE_s37_session3_natural,38,42,39.4,0.382201224565506,-0.4274940988660381
COHFACE_s37_session3_natural,38,43,39.43333333333333,0.28656747937202454,-0.5171945521838168
COHFACE_s37_session3_natural,38,44,39.46666666666667,0.09939893335103989,-0.5886325999176688
COHFACE_s37_session3_natural,38,45,39.5,-0.12100754678249359,-0.6322528648147833
COHFACE_s37_session3_natural,38,46,39.53333333333333,-0.3362463414669037,-0.6333578525171457
COHFACE_s37_session3_natural,38,47,39.56666666666667,-0.5248859524726868,-0.5789776508507589
COHFACE_s37_session3_natural,38,48,39.6,-0.6714988350868225,-0.46480314066459655
COHFACE_s37_session3_natural,38,49,39.63333333333333,-0.7713258266448975,-0.29967868083094135
COHFACE_s37_session3_natural,38,50,39.666666666666664,-0.8345828652381897,-0.10596015013896697
COHFACE_s37_session3_natural,38,51,39.7,-0.869681715965271,0.08508394219309337
COHFACE_s37_session3_natural,38,52,39.733333333333334,-0.9050571322441101,0.24173165476742156
COHFACE_s37_session3_natural,38,53,39.766666666666666,-0.9573249816894531,0.3409128135633727
COHFACE_s37_session3_natural,38,54,39.8,-0.9675095081329346,0.3740482756067447
COHFACE_s37_session3_natural,38,55,39.833333333333336,-0.5701001286506653,0.34736610510002447
COHFACE_s37_session3_natural,38,56,39.86666666666667,0.5551177263259888,0.27775417380606837
COHFACE_s37_session3_natural,38,57,39.9,1.66908860206604,0.18753632429590794
COHFACE_s37_session3_natural,38,58,39.93333333333333,2.069509267807007,0.10087482565835482
COHFACE_s37_session3_natural,38,59,39.96666666666667,1.9362558126449585,0.041771917332887314
COHFACE_s37_session3_natural,38,60,40.0,1.6609033346176147,0.03140514974101191
COHFACE_s37_session3_natural,38,61,40.03333333333333,1.3771265745162964,0.08286566883721368
COHFACE_s37_session3_natural,38,62,40.06666666666667,1.014344573020935,0.19438088921796806
COHFACE_s37_session3_natural,38,63,40.1,0.6174821257591248,0.3451779744890848
COHFACE_s37_session3_natural,38,64,40.13333333333333,0.39296409487724304,0.49830027489671763
COHFACE_s37_session3_natural,38,65,40.166666666666664,0.35980159044265747,0.6111246019297313
COHFACE_s37_session3_natural,38,66,40.2,0.36381253600120544,0.6491185479452799
COHFACE_s37_session3_natural,38,67,40.233333333333334,0.2824370861053467,0.5960486847841887
COHFACE_s37_session3_natural,38,68,40.266666666666666,0.10223425179719925,0.4568429685553404
COHFACE_s37_session3_natural,38,69,40.3,-0.12185624986886978,0.25423324785594104
COHFACE_s37_session3_natural,38,70,40.333333333333336,-0.3440607488155365,0.022618063719174894
COHFACE_s37_session3_natural,38,71,40.36666666666667,-0.534454345703125,-0.19831971877163848
COHFACE_s37_session3_natural,38,72,40.4,-0.6855307817459106,-0.3699022417902656
COHFACE_s37_session3_natural,38,73,40.43333333333333,-0.7954731583595276,-0.46171692464051106
COHFACE_s37_session3_natural,38,74,40.46666666666667,-0.8708447217941284,-0.46022744225312456
COHFACE_s37_session3_natural,38,75,40.5,-0.9209625720977783,-0.3764512262165194
COHFACE_s37_session3_natural,38,76,40.53333333333333,-0.9676918387413025,-0.2476659087124221
COHFACE_s37_session3_natural,38,77,40.56666666666667,-1.0123590230941772,-0.12858117232566768
COHFACE_s37_session3_natural,38,78,40.6,-1.048947811126709,-0.0725095019666894
COHFACE_s37_session3_natural,38,79,40.63333333333333,-1.0909242630004883,-0.10957872563316705
COHFACE_s37_session3_natural,38,80,40.666666666666664,-1.1418782472610474,-0.2322628683232251
COHFACE_s37_session3_natural,38,81,40.7,-1.2112020254135132,-0.3960713353476157
COHFACE_s37_session3_natural,38,82,40.733333333333334,-1.2362358570098877,-0.5360750175975705
COHFACE_s37_session3_natural,38,83,40.766666666666666,-0.8596857786178589,-0.5922549428051687
COHFACE_s37_session3_natural,38,84,40.8,0.3382946848869324,-0.5327890150644364
COHFACE_s37_session3_natural,38,85,40.833333333333336,1.6080948114395142,-0.36574552230569557
COHFACE_s37_session3_natural,38,86,40.86666666666667,2.126328945159912,-0.13504527395966168
COHFACE_s37_session3_natural,38,87,40.9,2.0433125495910645,0.0966295679993247
COHFACE_s37_session3_natural,38,88,40.93333333333333,1.7750954627990723,0.27006955561270424
COHFACE_s37_session3_natural,38,89,40.96666666666667,1.5082677602767944,0.34766913155398793
COHFACE_s37_session3_natural,38,90,41.0,1.1789311170578003,0.32129804018017494
COHFACE_s37_session3_natural,38,91,41.03333333333333,0.7695392370223999,0.2094262726978814
COHFACE_s37_session3_natural,38,92,41.06666666666667,0.4870575964450836,0.04801188024127177
COHFACE_s37_session3_natural,38,93,41.1,0.41435784101486206,-0.1192748954384171
COHFACE_s37_session3_natural,38,94,41.13333333333333,0.41464704275131226,-0.24921648148659173
COHFACE_s37_session3_natural,38,95,41.166666666666664,0.34694522619247437,-0.30683762563361044
COHFACE_s37_session3_natural,38,96,41.2,0.17922784388065338,-0.27381682913779615
COHFACE_s37_session3_natural,38,97,41.233333333333334,-0.04871014505624771,-0.15539499573469376
COHFACE_s37_session3_natural,38,98,41.266666666666666,-0.278936505317688,0.018833742683775592
COHFACE_s37_session3_natural,38,99,41.3,-0.47791779041290283,0.20384699367361997
COHFACE_s37_session3_natural,38,100,41.333333333333336,-0.6418002843856812,0.3564674890060919
COHFACE_s37_session3_natural,38,101,41.36666666666667,-0.7663341164588928,0.4535890056297304
COHFACE_s37_session3_natural,38,102,41.4,-0.8557251691818237,0.5011949062466107
COHFACE_s37_session3_natural,38,103,41.43333333333333,-0.9116519093513489,0.5277337791051178
COHFACE_s37_session3_natural,38,104,41.46666666666667,-0.9531443119049072,0.5647527434391546
COHFACE_s37_session3_natural,38,105,41.5,-0.998383641242981,0.6261199608225095
COHFACE_s37_session3_natural,38,106,41.53333333333333,-1.0475772619247437,0.6982408054542261
COHFACE_s37_session3_natural,38,107,41.56666666666667,-1.1039063930511475,0.7467746854008471
COHFACE_s37_session3_natural,38,108,41.6,-1.162750244140625,0.7350174389584078
COHFACE_s37_session3_natural,38,109,41.63333333333333,-1.2140939235687256,0.6424435018068727
COHFACE_s37_session3_natural,38,110,41.666666666666664,-1.2547879219055176,0.47336069433523226
COHFACE_s37_session3_natural,38,111,41.7,-1.2857563495635986,0.252779328575214
COHFACE_s37_session3_natural,38,112,41.733333333333334,-1.312324047088623,0.013846592926392377
COHFACE_s37_session3_natural,38,113,41.766666666666666,-1.3483407497406006,-0.21540967058426022
COHFACE_s37_session3_natural,38,114,41.8,-1.348956823348999,-0.41971837937129375
COHFACE_s37_session3_natural,38,115,41.833333333333336,-0.9115638732910156,-0.5963380755938456
COHFACE_s37_session3_natural,38,116,41.86666666666667,0.3861241340637207,-0.7484824848656362
COHFACE_s37_session3_natural,38,117,41.9,1.7105433940887451,-0.8762447802080523
COHFACE_s37_session3_natural,38,118,41.93333333333333,2.223572015762329,-0.9697562929219176
COHFACE_s37_session3_natural,38,119,41.96666666666667,2.110417127609253,-1.0087781233117004
COHFACE_s37_session3_natural,38,120,42.0,1.8153682947158813,-0.9707487048170937
COHFACE_s37_session3_natural,38,121,42.03333333333333,1.5313526391983032,-0.8451092232096068
COHFACE_s37_session3_natural,38,122,42.06666666666667,1.2019405364990234,-0.6466922114254621
COHFACE_s37_session3_natural,38,123,42.1,0.80832839012146,-0.4189901641418595
COHFACE_s37_session3_natural,38,124,42.13333333333333,0.5408279895782471,-0.22219429515891884
COHFACE_s37_session3_natural,38,125,42.166666666666664,0.4708252549171448,-0.10955284441930756
COHFACE_s37_session3_natural,38,126,42.2,0.4705989360809326,-0.10379960392020729
COHFACE_s37_session3_natural,38,127,42.233333333333334,0.40901413559913635,-0.18676326729916104
COHFACE_s37_session3_natural,38,128,42.266666666666666,0.24423262476921082,-0.3075366887191915
COHFACE_s37_session3_natural,38,129,42.3,0.013710801489651203,-0.4036870609109321
COHFACE_s37_session3_natural,38,130,42.333333333333336,-0.2200549840927124,-0.4238119336013036
COHFACE_s37_session3_natural,38,131,42.36666666666667,-0.4277937114238739,-0.3412431660688629
COHFACE_s37_session3_natural,38,132,42.4,-0.6006410717964172,-0.15575037169790595
COHFACE_s37_session3_natural,38,133,42.43333333333333,-0.7372957468032837,0.11278771994055699
COHFACE_s37_session3_natural,38,134,42.46666666666667,-0.8305153846740723,0.4323558138066592
COHFACE_s37_session3_natural,38,135,42.5,-0.8941810727119446,0.7646734102342562
COHFACE_s37_session3_natural,38,136,42.53333333333333,-0.9446321129798889,1.0697022109053484
COHFACE_s37_session3_natural,38,137,42.56666666666667,-0.9942532777786255,1.311198236844097
COHFACE_s37_session3_natural,38,138,42.6,-1.0458358526229858,1.4628772619826236
COHFACE_s37_session3_natural,38,139,42.63333333333333,-1.104120135307312,1.5117637691128682
COHFACE_s37_session3_natural,38,140,42.666666666666664,-1.1667423248291016,1.4565529760680775
COHFACE_s37_session3_natural,38,141,42.7,-1.2250266075134277,1.302799765293875
COHFACE_s37_session3_natural,38,142,42.733333333333334,-1.2770869731903076,1.0592853879576494
COHFACE_s37_session3_natural,38,143,42.766666666666666,-1.3186674118041992,0.7386079947622243
COHFACE_s37_session3_natural,38,144,42.8,-1.3447887897491455,0.36073315918135535
COHFACE_s37_session3_natural,38,145,42.833333333333336,-1.3679176568984985,-0.044850253909023835
COHFACE_s37_session3_natural,38,146,42.86666666666667,-1.3935863971710205,-0.4413814264318787
COHFACE_s37_session3_natural,38,147,42.9,-1.378246784210205,-0.7905132177840926
COHFACE_s37_session3_natural,38,148,42.93333333333333,-0.9205601811408997,-1.057809197212981
COHFACE_s37_session3_natural,38,149,42.96666666666667,0.409950852394104,-1.2155934141135103
COHFACE_s37_session3_natural,38,150,43.0,1.7552986145019531,-1.2447119759054388
COHFACE_s37_session3_natural,38,151,43.03333333333333,2.2778515815734863,-1.138710072506525
COHFACE_s37_session3_natural,38,152,43.06666666666667,2.1686134338378906,-0.9106537133562822
COHFACE_s37_session3_natural,38,153,43.1,1.8508065938949585,-0.5979889487935272
COHFACE_s37_session3_natural,38,154,43.13333333333333,1.5332449674606323,-0.259736984903077
COHFACE_s37_session3_natural,38,155,43.166666666666664,1.1903101205825806,0.03594444592471219
COHFACE_s37_session3_natural,38,156,43.2,0.7994074821472168,0.22988998301793281
COHFACE_s37_session3_natural,38,157,43.233333333333334,0.5337554216384888,0.28813681618639764
COHFACE_s37_session3_natural,38,158,43.266666666666666,0.4704291820526123,0.20995217972703772
COHFACE_s37_session3_natural,38,159,43.3,0.48001018166542053,0.026048256214896353
COHFACE_s37_session3_natural,38,160,43.333333333333336,0.43137601017951965,-0.210424821284076
COHFACE_s37_session3_natural,38,161,43.36666666666667,0.27562856674194336,-0.43620988836418806
COHFACE_s37_session3_natural,38,162,43.4,0.04792318865656853,-0.5912185450959432
COHFACE_s37_session3_natural,38,163,43.43333333333333,-0.19066451489925385,-0.6317191711694425
COHFACE_s37_session3_natural,38,164,43.46666666666667,-0.41008397936820984,-0.541360802804746
COHFACE_s37_session3_natural,38,165,43.5,-0.6013765931129456,-0.33636916385035237
COHFACE_s37_session3_natural,38,166,43.53333333333333,-0.7508499026298523,-0.06184972962428297
COHFACE_s37_session3_natural,38,167,43.56666666666667,-0.8476278185844421,0.221075533930908
COHFACE_s37_session3_natural,38,168,43.6,-0.9182278513908386,0.4540598607515942
COHFACE_s37_session3_natural,38,169,43.63333333333333,-0.9729663729667664,0.5999517473634138
COHFACE_s37_session3_natural,38,170,43.666666666666664,-1.015703558921814,0.6532943135646054
COHFACE_s37_session3_natural,38,171,43.7,-1.0668084621429443,0.637812272412684
COHFACE_s37_session3_natural,38,172,43.733333333333334,-1.1223516464233398,0.5919470354868105
COHFACE_s37_session3_natural,38,173,43.766666666666666,-1.179680347442627,0.5495881582765941
COHFACE_s37_session3_natural,38,174,43.8,-1.2433964014053345,0.5251495621837685
COHFACE_s37_session3_natural,38,175,43.833333333333336,-1.3001781702041626,0.5094005779870827
COHFACE_s37_session3_natural,38,176,43.86666666666667,-1.3425569534301758,0.4769418486626032
COHFACE_s37_session3_natural,38,177,43.9,-1.3753045797348022,0.40086478948973764
COHFACE_s37_session3_natural,38,178,43.93333333333333,-1.4037394523620605,0.2674239603247195
COHFACE_s37_session3_natural,38,179,43.96666666666667,-1.435078740119934,0.08425089871835825
COHFACE_s37_session3_natural,38,180,44.0,-1.411138892173767,-0.12101884311968371
COHFACE_s37_session3_natural,38,181,44.03333333333333,-0.8678145408630371,-0.3105393576762758
COHFACE_s37_session3_natural,38,182,44.06666666666667,0.5596756339073181,-0.44988204824196526
COHFACE_s37_session3_natural,38,183,44.1,1.8777766227722168,-0.5195675608756153
COHFACE_s37_session3_natural,38,184,44.13333333333333,2.3485960960388184,-0.519750198801024
COHFACE_s37_session3_natural,38,185,44.166666666666664,2.2139155864715576,-0.46671343882951954
COHFACE_s37_session3_natural,38,186,44.2,1.8725712299346924,-0.3840222303809642
COHFACE_s37_session3_natural,38,187,44.233333333333334,1.5214951038360596,-0.2934492429673407
COHFACE_s37_session3_natural,38,188,44.266666666666666,1.1542809009552002,-0.20956133837830693
COHFACE_s37_session3_natural,38,189,44.3,0.7680241465568542,-0.1386039535608642
COHFACE_s37_session3_natural,38,190,44.333333333333336,0.5175356864929199,-0.07976730903432741
COHFACE_s37_session3_natural,38,191,44.36666666666667,0.4605904519557953,-0.026731714093025567
COHFACE_s37_session3_natural,38,192,44.4,0.4779544174671173,0.030698288705083968
COHFACE_s37_session3_natural,38,193,44.43333333333333,0.4371849596500397,0.10338118542490755
COHFACE_s37_session3_natural,38,194,44.46666666666667,0.2917477488517761,0.19721073776660492
COHFACE_s37_session3_natural,38,195,44.5,0.07146070897579193,0.3068988359225015
COHFACE_s37_session3_natural,38,196,44.53333333333333,-0.17008176445960999,0.41337755556336936
COHFACE_s37_session3_natural,38,197,44.56666666666667,-0.3974413573741913,0.48817537418504875
COHFACE_s37_session3_natural,38,198,44.6,-0.5934364795684814,0.5035363313747401
COHFACE_s37_session3_natural,38,199,44.63333333333333,-0.7526856660842896,0.4428773039621094
COHFACE_s37_session3_natural,38,200,44.666666666666664,-0.8666137456893921,0.30634692126185653
COHFACE_s37_session3_natural,38,201,44.7,-0.9364467859268188,0.10968255566490498
COHFACE_s37_session3_natural,38,202,44.733333333333334,-0.9864325523376465,-0.12195019958049537
COHFACE_s37_session3_natural,38,203,44.766666666666666,-1.0331052541732788,-0.3616059470910642
COHFACE_s37_session3_natural,38,204,44.8,-1.0808781385421753,-0.5862554022923706
COHFACE_s37_session3_natural,38,205,44.833333333333336,-1.1327310800552368,-0.7786720521046132
COHFACE_s37_session3_natural,38,206,44.86666666666667,-1.1895819902420044,-0.9258642026947483
COHFACE_s37_session3_natural,38,207,44.9,-1.2420949935913086,-1.0163137677859388
COHFACE_s37_session3_natural,38,208,44.93333333333333,-1.2886797189712524,-1.0389093767989157
COHFACE_s37_session3_natural,38,209,44.96666666666667,-1.3302475214004517,-0.9848658548267349
COHFACE_s37_session3_natural,38,210,45.0,-1.380113959312439,-0.8508352155313612
COHFACE_s37_session3_natural,38,211,45.03333333333333,-1.4210468530654907,-0.6402303687171552
COHFACE_s37_session3_natural,38,212,45.06666666666667,-1.218626618385315,-0.362255035808271
COHFACE_s37_session3_natural,38,213,45.1,-0.15778492391109467,-0.030734571101140782
COHFACE_s37_session3_natural,38,214,45.13333333333333,1.366131067276001,0.33585438450745103
COHFACE_s37_session3_natural,38,215,45.166666666666664,2.2545907497406006,0.713766803436582
COHFACE_s37_session3_natural,38,216,45.2,2.373516798019409,1.073750879660864
COHFACE_s37_session3_natural,38,217,45.233333333333334,2.1100399494171143,1.3817156075116044
COHFACE_s37_session3_natural,38,218,45.266666666666666,1.7518408298492432,1.6012004111326155
COHFACE_s37_session3_natural,38,219,45.3,1.3900710344314575,1.69866697959902
COHFACE_s37_session3_natural,38,220,45.333333333333336,0.9937869310379028,1.6511945187584776
COHFACE_s37_session3_natural,38,221,45.36666666666667,0.6421260833740234,1.4541308172184961
COHFACE_s37_session3_natural,38,222,45.4,0.4750688076019287,1.125414845939402
COHFACE_s37_session3_natural,38,223,45.43333333333333,0.45661723613739014,0.7043786399047881
COHFACE_s37_session3_natural,38,224,45.46666666666667,0.44881540536880493,0.24524116917276875
COHFACE_s37_session3_natural,38,225,45.5,0.3620019555091858,-0.1925479051804481
COHFACE_s37_session3_natural,38,226,45.53333333333333,0.1829998791217804,-0.5546928127425751
COHFACE_s37_session3_natural,38,227,45.56666666666667,-0.0445106104016304,-0.8013657326672575
COHFACE_s37_session3_natural,38,228,45.6,-0.28378984332084656,-0.9139650729260408
COHFACE_s37_session3_natural,38,229,45.63333333333333,-0.5041837692260742,-0.8979618502893317
COHFACE_s37_session3_natural,38,230,45.666666666666664,-0.6867190003395081,-0.7809987015667835
COHFACE_s37_session3_natural,38,231,45.7,-0.825737476348877,-0.6062462441641684
COHFACE_s37_session3_natural,38,232,45.733333333333334,-0.926802933216095,-0.42197667692772833
COHFACE_s37_session3_natural,38,233,45.766666666666666,-0.9998421669006348,-0.2695959751363439
COHFACE_s37_session3_natural,38,234,45.8,-1.0504000186920166,-0.17376549516998843
COHFACE_s37_session3_natural,38,235,45.833333333333336,-1.094759225845337,-0.1384479801967724
COHFACE_s37_session3_natural,38,236,45.86666666666667,-1.138929843902588,-0.15069452487688914
COHFACE_s37_session3_natural,38,237,45.9,-1.1858916282653809,-0.19030290488418602
COHFACE_s37_session3_natural,38,238,45.93333333333333,-1.2285408973693848,-0.24010871221879748
COHFACE_s37_session3_natural,38,239,45.96666666666667,-1.2704042196273804,-0.29129467980938645
COHFACE_s37_session3_natural,39,0,39.0,-0.7957308888435364,0.030033854465850482
COHFACE_s37_session3_natural,39,1,39.03333333333333,-0.20623674988746643,0.03542619446715417
COHFACE_s37_session3_natural,39,2,39.06666666666667,0.9863937497138977,0.045185828303455654
COHFACE_s37_session3_natural,39,3,39.1,1.909669280052185,0.07902169496983387
COHFACE_s37_session3_natural,39,4,39.13333333333333,2.1138999462127686,0.17126322960939666
COHFACE_s37_session3_natural,39,5,39.166666666666664,1.894235372543335,0.35421801554318305
COHFACE_s37_session3_natural,39,6,39.2,1.575938105583191,0.6312353395170721
COHFACE_s37_session3_natural,39,7,39.233333333333334,1.2393089532852173,0.9567848605198893
COHFACE_s37_session3_natural,39,8,39.266666666666666,0.8426413536071777,1.2392597643534877
COHFACE_s37_session3_natural,39,9,39.3,0.5007752180099487,1.3698913496699405
COHFACE_s37_session3_natural,39,10,39.333333333333336,0.37014326453208923,1.265884537717181
COHFACE_s37_session3_natural,39,11,39.36666666666667,0.38071754574775696,0.9072054391820501
COHFACE_s37_session3_natural,39,12,39.4,0.382201224565506,0.34972712864760264
COHFACE_s37_session3_natural,39,13,39.43333333333333,0.28656747937202454,-0.29067558127687193
COHFACE_s37_session3_natural,39,14,39.46666666666667,0.09939893335103989,-0.8754926387978788
COHFACE_s37_session3_natural,39,15,39.5,-0.12100754678249359,-1.2865722027180084
COHFACE_s37_session3_natural,39,16,39.53333333333333,-0.3362463414669037,-1.458257319924704
COHFACE_s37_session3_natural,39,17,39.56666666666667,-0.5248859524726868,-1.388618397510364
COHFACE_s37_session3_natural,39,18,39.6,-0.6714988350868225,-1.129696993697626
COHFACE_s37_session3_natural,39,19,39.63333333333333,-0.7713258266448975,-0.7646641510475378
COHFACE_s37_session3_natural,39,20,39.666666666666664,-0.8345828652381897,-0.3820693188109676
COHFACE_s37_session3_natural,39,21,39.7,-0.869681715965271,-0.05490730728698761
COHFACE_s37_session3_natural,39,22,39.733333333333334,-0.9050571322441101,0.17174979537314014
COHFACE_s37_session3_natural,39,23,39.766666666666666,-0.9573249816894531,0.28410217999991483
COHFACE_s37_session3_natural,39,24,39.8,-0.9675095081329346,0.2953939812914856
COHFACE_s37_session3_natural,39,25,39.833333333333336,-0.5701001286506653,0.23662443230066124
COHFACE_s37_session3_natural,39,26,39.86666666666667,0.5551177263259888,0.14559348213194534
COHFACE_s37_session3_natural,39,27,39.9,1.66908860206604,0.05782157137597688
COHFACE_s37_session3_natural,39,28,39.93333333333333,2.069509267807007,0.001550343856988632
COHFACE_s37_session3_natural,39,29,39.96666666666667,1.9362558126449585,-0.003590787401428123
COHFACE_s37_session3_natural,39,30,40.0,1.6609033346176147,0.05288572384065055
COHFACE_s37_session3_natural,39,31,40.03333333333333,1.3771265745162964,0.1700155783994864
COHFACE_s37_session3_natural,39,32,40.06666666666667,1.014344573020935,0.33223441420562627
COHFACE_s37_session3_natural,39,33,40.1,0.6174821257591248,0.5092750946491079
COHFACE_s37_session3_natural,39,34,40.13333333333333,0.39296409487724304,0.6618366729768633
COHFACE_s37_session3_natural,39,35,40.166666666666664,0.35980159044265747,0.75186918023975
COHFACE_s37_session3_natural,39,36,40.2,0.36381253600120544,0.7532455642213246
COHFACE_s37_session3_natural,39,37,40.233333333333334,0.2824370861053467,0.6584378092223666
COHFACE_s37_session3_natural,39,38,40.266666666666666,0.10223425179719925,0.4794429056820841
COHFACE_s37_session3_natural,39,39,40.3,-0.12185624986886978,0.24428293288373587
COHFACE_s37_session3_natural,39,40,40.333333333333336,-0.3440607488155365,-0.008452103413590147
COHFACE_s37_session3_natural,39,41,40.36666666666667,-0.534454345703125,-0.2356577034963281
COHFACE_s37_session3_natural,39,42,40.4,-0.6855307817459106,-0.39690131192805767
COHFACE_s37_session3_natural,39,43,40.43333333333333,-0.7954731583595276,-0.4637105553772515
COHFACE_s37_session3_natural,39,44,40.46666666666667,-0.8708447217941284,-0.4298040352555934
COHFACE_s37_session3_natural,39,45,40.5,-0.9209625720977783,-0.31797458008334656
COHFACE_s37_session3_natural,39,46,40.53333333333333,-0.9676918387413025,-0.17803848522365917
COHFACE_s37_session3_natural,39,47,40.56666666666667,-1.0123590230941772,-0.07296535641253853
COHFACE_s37_session3_natural,39,48,40.6,-1.048947811126709,-0.05652806965265205
COHFACE_s37_session3_natural,39,49,40.63333333333333,-1.0909242630004883,-0.15144937171598735
COHFACE_s37_session3_natural,39,50,40.666666666666664,-1.1418782472610474,-0.337979608503907
COHFACE_s37_session3_natural,39,51,40.7,-1.2112020254135132,-0.5587744999536131
COHFACE_s37_session3_natural,39,52,40.733333333333334,-1.2362358570098877,-0.7391017720258912
COHFACE_s37_session3_natural,39,53,40.766666666666666,-0.8596857786178589,-0.8146701544972322
COHFACE_s37_session3_natural,39,54,40.8,0.3382946848869324,-0.7556035491412856
COHFACE_s37_session3_natural,39,55,40.833333333333336,1.6080948114395142,-0.5764614807072008
COHFACE_s37_session3_natural,39,56,40.86666666666667,2.126328945159912,-0.32862217769305446
COHFACE_s37_session3_natural,39,57,40.9,2.0433125495910645,-0.07939853041736365
COHFACE_s37_session3_natural,39,58,40.93333333333333,1.7750954627990723,0.11233341783837997
COHFACE_s37_session3_natural,39,59,40.96666666666667,1.5082677602767944,0.21393351837971575
COHFACE_s37_session3_natural,39,60,41.0,1.1789311170578003,0.2247179197702353
COHFACE_s37_session3_natural,39,61,41.03333333333333,0.7695392370223999,0.17032502517038908
COHFACE_s37_session3_natural,39,62,41.06666666666667,0.4870575964450836,0.09073278864519588
COHFACE_s37_session3_natural,39,63,41.1,0.41435784101486206,0.02761411328829152
COHFACE_s37_session3_natural,39,64,41.13333333333333,0.41464704275131226,0.01443057738676374
COHFACE_s37_session3_natural,39,65,41.166666666666664,0.34694522619247437,0.06982188770326744
COHFACE_s37_session3_natural,39,66,41.2,0.17922784388065338,0.19369041421423197
COHFACE_s37_session3_natural,39,67,41.233333333333334,-0.04871014505624771,0.3661945501629088
COHFACE_s37_session3_natural,39,68,41.266666666666666,-0.278936505317688,0.5512431642185385
COHFACE_s37_session3_natural,39,69,41.3,-0.47791779041290283,0.7058744940192062
COHFACE_s37_session3_natural,39,70,41.333333333333336,-0.6418002843856812,0.7941308273681059
COHFACE_s37_session3_natural,39,71,41.36666666666667,-0.7663341164588928,0.800372170702034
COHFACE_s37_session3_natural,39,72,41.4,-0.8557251691818237,0.7353091895899789
COHFACE_s37_session3_natural,39,73,41.43333333333333,-0.9116519093513489,0.6305354301352328
COHFACE_s37_session3_natural,39,74,41.46666666666667,-0.9531443119049072,0.5235075163755171
COHFACE_s37_session3_natural,39,75,41.5,-0.998383641242981,0.4406522914310347
COHFACE_s37_session3_natural,39,76,41.53333333333333,-1.0475772619247437,0.3873778691845122
COHFACE_s37_session3_natural,39,77,41.56666666666667,-1.1039063930511475,0.3495784920905954
COHFACE_s37_session3_natural,39,78,41.6,-1.162750244140625,0.3043939167394303
COHFACE_s37_session3_natural,39,79,41.63333333333333,-1.2140939235687256,0.23304489567200462
COHFACE_s37_session3_natural,39,80,41.666666666666664,-1.2547879219055176,0.12868851950173515
COHFACE_s37_session3_natural,39,81,41.7,-1.2857563495635986,-0.003501632373146067
COHFACE_s37_session3_natural,39,82,41.733333333333334,-1.312324047088623,-0.15179100995109615
COHFACE_s37_session3_natural,39,83,41.766666666666666,-1.3483407497406006,-0.30415014363584203
COHFACE_s37_session3_natural,39,84,41.8,-1.348956823348999,-0.45183501998618797
COHFACE_s37_session3_natural,39,85,41.833333333333336,-0.9115638732910156,-0.5894957779888619
COHFACE_s37_session3_natural,39,86,41.86666666666667,0.3861241340637207,-0.7126751219849942
COHFACE_s37_session3_natural,39,87,41.9,1.7105433940887451,-0.8143718468147585
COHFACE_s37_session3_natural,39,88,41.93333333333333,2.223572015762329,-0.8831840643689289
COHFACE_s37_session3_natural,39,89,41.96666666666667,2.110417127609253,-0.9055103656723537
COHFACE_s37_session3_natural,39,90,42.0,1.8153682947158813,-0.8722966472011728
COHFACE_s37_session3_natural,39,91,42.03333333333333,1.5313526391983032,-0.7873921144285475
COHFACE_s37_session3_natural,39,92,42.06666666666667,1.2019405364990234,-0.6718159468980096
COHFACE_s37_session3_natural,39,93,42.1,0.80832839012146,-0.5590980844967045
COHFACE_s37_session3_natural,39,94,42.13333333333333,0.5408279895782471,-0.48210662568100715
COHFACE_s37_session3_natural,39,95,42.166666666666664,0.4708252549171448,-0.457676586680128
COHFACE_s37_session3_natural,39,96,42.2,0.4705989360809326,-0.47738232608518505
COHFACE_s37_session3_natural,39,97,42.233333333333334,0.40901413559913635,-0.5096863419797933
COHFACE_s37_session3_natural,39,98,42.266666666666666,0.24423262476921082,-0.5124091892319798
COHFACE_s37_session3_natural,39,99,42.3,0.013710801489651203,-0.44899541973706847
COHFACE_s37_session3_natural,39,100,42.333333333333336,-0.2200549840927124,-0.3007456061197788
COHFACE_s37_session3_natural,39,101,42.36666666666667,-0.4277937114238739,-0.07030963373846852
COHFACE_s37_session3_natural,39,102,42.4,-0.6006410717964172,0.22294406830966318
COHFACE_s37_session3_natural,39,103,42.43333333333333,-0.7372957468032837,0.5508779687108816
COHFACE_s37_session3_natural,39,104,42.46666666666667,-0.8305153846740723,0.8825095739695538
COHFACE_s37_session3_natural,39,105,42.5,-0.8941810727119446,1.185822379634878
COHFACE_s37_session3_natural,39,106,42.53333333333333,-0.9446321129798889,1.4279830771408293
COHFACE_s37_session3_natural,39,107,42.56666666666667,-0.9942532777786255,1.578163992772207
COHFACE_s37_session3_natural,39,108,42.6,-1.0458358526229858,1.6139932743955834
COHFACE_s37_session3_natural,39,109,42.63333333333333,-1.104120135307312,1.5282973542363492
COHFACE_s37_session3_natural,39,110,42.666666666666664,-1.1667423248291016,1.3317777106995081
COHFACE_s37_session3_natural,39,111,42.7,-1.2250266075134277,1.0498543790586916
COHFACE_s37_session3_natural,39,112,42.733333333333334,-1.2770869731903076,0.715552529314839
COHFACE_s37_session3_natural,39,113,42.766666666666666,-1.3186674118041992,0.36212314796376316
COHFACE_s37_session3_natural,39,114,42.8,-1.3447887897491455,0.017948482450965482
COHFACE_s37_session3_natural,39,115,42.833333333333336,-1.3679176568984985,-0.2958360314600861
COHFACE_s37_session3_natural,39,116,42.86666666666667,-1.3935863971710205,-0.5654022675228827
COHFACE_s37_session3_natural,39,117,42.9,-1.378246784210205,-0.7822087756838133
COHFACE_s37_session3_natural,39,118,42.93333333333333,-0.9205601811408997,-0.9393771714512723
COHFACE_s37_session3_natural,39,119,42.96666666666667,0.409950852394104,-1.0281477835289217
COHFACE_s37_session3_natural,39,120,43.0,1.7552986145019531,-1.03740948102398
COHFACE_s37_session3_natural,39,121,43.03333333333333,2.2778515815734863,-0.9585325103072372
COHFACE_s37_session3_natural,39,122,43.06666666666667,2.1686134338378906,-0.7940728654285973
COHFACE_s37_session3_natural,39,123,43.1,1.8508065938949585,-0.5651243609025655
COHFACE_s37_session3_natural,39,124,43.13333333333333,1.5332449674606323,-0.3116215705608123
COHFACE_s37_session3_natural,39,125,43.166666666666664,1.1903101205825806,-0.08363658179163866
COHFACE_s37_session3_natural,39,126,43.2,0.7994074821472168,0.07257537545553257
COHFACE_s37_session3_natural,39,127,43.233333333333334,0.5337554216384888,0.12709029056015445
COHFACE_s37_session3_natural,39,128,43.266666666666666,0.4704291820526123,0.07313810761692571
COHFACE_s37_session3_natural,39,129,43.3,0.48001018166542053,-0.07157436584180656
COHFACE_s37_session3_natural,39,130,43.333333333333336,0.43137601017951965,-0.26707497550560066
COHFACE_s37_session3_natural,39,131,43.36666666666667,0.27562856674194336,-0.45664698987579827
COHFACE_s37_session3_natural,39,132,43.4,0.04792318865656853,-0.5779400538793684
COHFACE_s37_session3_natural,39,133,43.43333333333333,-0.19066451489925385,-0.5806556561148863
COHFACE_s37_session3_natural,39,134,43.46666666666667,-0.41008397936820984,-0.44561642696164855
COHFACE_s37_session3_natural,39,135,43.5,-0.6013765931129456,-0.19525369285928362
COHFACE_s37_session3_natural,39,136,43.53333333333333,-0.7508499026298523,0.11182435793393943
COHFACE_s37_session3_natural,39,137,43.56666666666667,-0.8476278185844421,0.40141847722787627
COHFACE_s37_session3_natural,39,138,43.6,-0.9182278513908386,0.6109211464029362
COHFACE_s37_session3_natural,39,139,43.63333333333333,-0.9729663729667664,0.7111855536304227
COHFACE_s37_session3_natural,39,140,43.666666666666664,-1.015703558921814,0.7136499775690549
COHFACE_s37_session3_natural,39,141,43.7,-1.0668084621429443,0.6601457197685923
COHFACE_s37_session3_natural,39,142,43.733333333333334,-1.1223516464233398,0.6007070443292166
COHFACE_s37_session3_natural,39,143,43.766666666666666,-1.179680347442627,0.5698483990643618
COHFACE_s37_session3_natural,39,144,43.8,-1.2433964014053345,0.5718002823198473
COHFACE_s37_session3_natural,39,145,43.833333333333336,-1.3001781702041626,0.580512391230659
COHFACE_s37_session3_natural,39,146,43.86666666666667,-1.3425569534301758,0.5533841974614551
COHFACE_s37_session3_natural,39,147,43.9,-1.3753045797348022,0.4520899871216142
COHFACE_s37_session3_natural,39,148,43.93333333333333,-1.4037394523620605,0.26180641052478715
COHFACE_s37_session3_natural,39,149,43.96666666666667,-1.435078740119934,0.0012135205127074633
COHFACE_s37_session3_natural,39,150,44.0,-1.411138892173767,-0.28130277280137467
COHFACE_s37_session3_natural,39,151,44.03333333333333,-0.8678145408630371,-0.5246197305181733
COHFACE_s37_session3_natural,39,152,44.06666666666667,0.5596756339073181,-0.6779660836172136
COHFACE_s37_session3_natural,39,153,44.1,1.8777766227722168,-0.7194256278157362
COHFACE_s37_session3_natural,39,154,44.13333333333333,2.3485960960388184,-0.661468598545374
COHFACE_s37_session3_natural,39,155,44.166666666666664,2.2139155864715576,-0.5420179962673395
COHFACE_s37_session3_natural,39,156,44.2,1.8725712299346924,-0.4068347447066196
COHFACE_s37_session3_natural,39,157,44.233333333333334,1.5214951038360596,-0.29241660357172755
COHFACE_s37_session3_natural,39,158,44.266666666666666,1.1542809009552002,-0.21641978297444153
COHFACE_s37_session3_natural,39,159,44.3,0.7680241465568542,-0.17727286550393234
COHFACE_s37_session3_natural,39,160,44.333333333333336,0.5175356864929199,-0.16007782918192118
COHFACE_s37_session3_natural,39,161,44.36666666666667,0.4605904519557953,-0.14435124974051802
COHFACE_s37_session3_natural,39,162,44.4,0.4779544174671173,-0.1106123055924877
COHFACE_s37_session3_natural,39,163,44.43333333333333,0.4371849596500397,-0.04516986261683299
COHFACE_s37_session3_natural,39,164,44.46666666666667,0.2917477488517761,0.056469524909781466
COHFACE_s37_session3_natural,39,165,44.5,0.07146070897579193,0.18766209218291838
COHFACE_s37_session3_natural,39,166,44.53333333333333,-0.17008176445960999,0.3311725240043523
COHFACE_s37_session3_natural,39,167,44.56666666666667,-0.3974413573741913,0.462940566682421
COHFACE_s37_session3_natural,39,168,44.6,-0.5934364795684814,0.5579290178615591
COHFACE_s37_session3_natural,39,169,44.63333333333333,-0.7526856660842896,0.5954669209136648
COHFACE_s37_session3_natural,39,170,44.666666666666664,-0.8666137456893921,0.5622846595244035
COHFACE_s37_session3_natural,39,171,44.7,-0.9364467859268188,0.4534644986593288
COHFACE_s37_session3_natural,39,172,44.733333333333334,-0.9864325523376465,0.2728064965102446
COHFACE_s37_session3_natural,39,173,44.766666666666666,-1.0331052541732788,0.033806565505202356
COHFACE_s37_session3_natural,39,174,44.8,-1.0808781385421753,-0.2390483770727845
COHFACE_s37_session3_natural,39,175,44.833333333333336,-1.1327310800552368,-0.5104568844941593
COHFACE_s37_session3_natural,39,176,44.86666666666667,-1.1895819902420044,-0.738056486211715
COHFACE_s37_session3_natural,39,177,44.9,-1.2420949935913086,-0.8806295674418855
COHFACE_s37_session3_natural,39,178,44.93333333333333,-1.2886797189712524,-0.9092442977605435
COHFACE_s37_session3_natural,39,179,44.96666666666667,-1.3302475214004517,-0.8171091175650813
COHFACE_s37_session3_natural,39,180,45.0,-1.380113959312439,-0.6225899534919275
COHFACE_s37_session3_natural,39,181,45.03333333333333,-1.4210468530654907,-0.3623550606289146
COHFACE_s37_session3_natural,39,182,45.06666666666667,-1.218626618385315,-0.07779214189639579
COHFACE_s37_session3_natural,39,183,45.1,-0.15778492391109467,0.19759812538115745
COHFACE_s37_session3_natural,39,184,45.13333333333333,1.366131067276001,0.44359957335421313
COHFACE_s37_session3_natural,39,185,45.166666666666664,2.2545907497406006,0.6505806647729643
COHFACE_s37_session3_natural,39,186,45.2,2.373516798019409,0.8123596780442237
COHFACE_s37_session3_natural,39,187,45.233333333333334,2.1100399494171143,0.9198431545082378
COHFACE_s37_session3_natural,39,188,45.266666666666666,1.7518408298492432,0.959271549040757
COHFACE_s37_session3_natural,39,189,45.3,1.3900710344314575,0.915943232317486
COHFACE_s37_session3_natural,39,190,45.333333333333336,0.9937869310379028,0.7814192253514567
COHFACE_s37_session3_natural,39,191,45.36666666666667,0.6421260833740234,0.5605692581211871
COHFACE_s37_session3_natural,39,192,45.4,0.4750688076019287,0.27488258085383305
COHFACE_s37_session3_natural,39,193,45.43333333333333,0.45661723613739014,-0.03983752410994154
COHFACE_s37_session3_natural,39,194,45.46666666666667,0.44881540536880493,-0.3407076039460324
COHFACE_s37_session3_natural,39,195,45.5,0.3620019555091858,-0.5872003915737348
COHFACE_s37_session3_natural,39,196,45.53333333333333,0.1829998791217804,-0.7495748224828876
COHFACE_s37_session3_natural,39,197,45.56666666666667,-0.0445106104016304,-0.8139237213597508
COHFACE_s37_session3_natural,39,198,45.6,-0.28378984332084656,-0.7828442783829884
COHFACE_s37_session3_natural,39,199,45.63333333333333,-0.5041837692260742,-0.6722331435831675
COHFACE_s37_session3_natural,39,200,45.666666666666664,-0.6867190003395081,-0.5059502932919536
COHFACE_s37_session3_natural,39,201,45.7,-0.825737476348877,-0.3104534564579619
COHFACE_s37_session3_natural,39,202,45.733333333333334,-0.926802933216095,-0.11076031572424305
COHFACE_s37_session3_natural,39,203,45.766666666666666,-0.9998421669006348,0.07200231670371096
COHFACE_s37_session3_natural,39,204,45.8,-1.0504000186920166,0.22180301638489283
COHFACE_s37_session3_natural,39,205,45.833333333333336,-1.094759225845337,0.3280262394217777
COHFACE_s37_session3_natural,39,206,45.86666666666667,-1.138929843902588,0.38514148788011726
COHFACE_s37_session3_natural,39,207,45.9,-1.1858916282653809,0.3921339345436991
COHFACE_s37_session3_natural,39,208,45.93333333333333,-1.2285408973693848,0.3524958600235053
COHFACE_s37_session3_natural,39,209,45.96666666666667,-1.2704042196273804,0.2751736936511082
COHFACE_s37_session3_natural,39,210,46.0,-1.3252307176589966,0.1753727379016447
COHFACE_s37_session3_natural,39,211,46.03333333333333,-1.3796738386154175,0.0732529722615555
COHFACE_s37_session3_natural,39,212,46.06666666666667,-1.1964659690856934,-0.010260004775154055
COHFACE_s37_session3_natural,39,213,46.1,-0.16566847264766693,-0.05912449084009065
COHFACE_s37_session3_natural,39,214,46.13333333333333,1.3296492099761963,-0.06662520162271329
COHFACE_s37_session3_natural,39,215,46.166666666666664,2.2012476921081543,-0.036592523347409804
COHFACE_s37_session3_natural,39,216,46.2,2.3205196857452393,0.018569690200289236
COHFACE_s37_session3_natural,39,217,46.233333333333334,2.075249195098877,0.08135447033105334
COHFACE_s37_session3_natural,39,218,46.266666666666666,1.729378342628479,0.13254126022648818
COHFACE_s37_session3_natural,39,219,46.3,1.3650057315826416,0.15429949784017527
COHFACE_s37_session3_natural,39,220,46.333333333333336,0.9661567211151123,0.1338883090090435
COHFACE_s37_session3_natural,39,221,46.36666666666667,0.6139552593231201,0.0683425603425678
COHFACE_s37_session3_natural,39,222,46.4,0.4400831460952759,-0.031493516073289145
COHFACE_s37_session3_natural,39,223,46.43333333333333,0.4121386408805847,-0.14087601490693022
COHFACE_s37_session3_natural,39,224,46.46666666666667,0.4087940752506256,-0.22754653886125945
COHFACE_s37_session3_natural,39,225,46.5,0.33295726776123047,-0.26366491394495684
COHFACE_s37_session3_natural,39,226,46.53333333333333,0.16194561123847961,-0.23807197509751332
COHFACE_s37_session3_natural,39,227,46.56666666666667,-0.06001368537545204,-0.16214250779609385
COHFACE_s37_session3_natural,39,228,46.6,-0.2919751703739166,-0.0656924346128611
COHFACE_s37_session3_natural,39,229,46.63333333333333,-0.5116838216781616,0.015146625261532251
COHFACE_s37_session3_natural,39,230,46.666666666666664,-0.700706958770752,0.05231136245795403
COHFACE_s37_session3_natural,39,231,46.7,-0.8475964069366455,0.036029364645499586
COHFACE_s37_session3_natural,39,232,46.733333333333334,-0.9497935175895691,-0.023215937470574606
COHFACE_s37_session3_natural,39,233,46.766666666666666,-1.0200666189193726,-0.10093049880384201
COHFACE_s37_session3_natural,39,234,46.8,-1.0705993175506592,-0.16904251011057111
COHFACE_s37_session3_natural,39,235,46.833333333333336,-1.1111047267913818,-0.20521819086591367
COHFACE_s37_session3_natural,39,236,46.86666666666667,-1.1439779996871948,-0.1979615674206317
COHFACE_s37_session3_natural,39,237,46.9,-1.1750848293304443,-0.14751385181452986
COHFACE_s37_session3_natural,39,238,46.93333333333333,-1.2159171104431152,-0.06391419614730902
COHFACE_s37_session3_natural,39,239,46.96666666666667,-1.2767537832260132,0.036395597976225234
COHFACE_s37_session3_natural,40,0,40.0,1.6609033346176147,0.06647484166216874
COHFACE_s37_session3_natural,40,1,40.03333333333333,1.3771265745162964,0.18833916270101558
COHFACE_s37_session3_natural,40,2,40.06666666666667,1.014344573020935,0.324082038537008
COHFACE_s37_session3_natural,40,3,40.1,0.6174821257591248,0.4849397675741202
COHFACE_s37_session3_natural,40,4,40.13333333333333,0.39296409487724304,0.6754748578520915
COHFACE_s37_session3_natural,40,5,40.166666666666664,0.35980159044265747,0.8878287660039065
COHFACE_s37_session3_natural,40,6,40.2,0.36381253600120544,1.0963885776272349
COHFACE_s37_session3_natural,40,7,40.233333333333334,0.2824370861053467,1.2574738296066974
COHFACE_s37_session3_natural,40,8,40.266666666666666,0.10223425179719925,1.3180654889560262
COHFACE_s37_session3_natural,40,9,40.3,-0.12185624986886978,1.2334061918067174
COHFACE_s37_session3_natural,40,10,40.333333333333336,-0.3440607488155365,0.987361859618356
COHFACE_s37_session3_natural,40,11,40.36666666666667,-0.534454345703125,0.6057656190207067
COHFACE_s37_session3_natural,40,12,40.4,-0.6855307817459106,0.15466820267770506
COHFACE_s37_session3_natural,40,13,40.43333333333333,-0.7954731583595276,-0.2781622918023083
COHFACE_s37_session3_natural,40,14,40.46666666666667,-0.8708447217941284,-0.6122404560280479
COHFACE_s37_session3_natural,40,15,40.5,-0.9209625720977783,-0.8019812711899527
COHFACE_s37_session3_natural,40,16,40.53333333333333,-0.9676918387413025,-0.8506293761309359
COHFACE_s37_session3_natural,40,17,40.56666666666667,-1.0123590230941772,-0.8038753343849318
COHFACE_s37_session3_natural,40,18,40.6,-1.048947811126709,-0.7261763489866392
COHFACE_s37_session3_natural,40,19,40.63333333333333,-1.0909242630004883,-0.6711287855406778
COHFACE_s37_session3_natural,40,20,40.666666666666664,-1.1418782472610474,-0.6595273672452154
COHFACE_s37_session3_natural,40,21,40.7,-1.2112020254135132,-0.6743348087242178
COHFACE_s37_session3_natural,40,22,40.733333333333334,-1.2362358570098877,-0.6733736742894058
COHFACE_s37_session3_natural,40,23,40.766666666666666,-0.8596857786178589,-0.612447498420122
COHFACE_s37_session3_natural,40,24,40.8,0.3382946848869324,-0.4676150311932455
COHFACE_s37_session3_natural,40,25,40.833333333333336,1.6080948114395142,-0.2469311463406062
COHFACE_s37_session3_natural,40,26,40.86666666666667,2.126328945159912,0.01212716287136379
COHFACE_s37_session3_natural,40,27,40.9,2.0433125495910645,0.25661446644736063
COHFACE_s37_session3_natural,40,28,40.93333333333333,1.7750954627990723,0.43639293831715953
COHFACE_s37_session3_natural,40,29,40.96666666666667,1.5082677602767944,0.5192672577559476
COHFACE_s37_session3_natural,40,30,41.0,1.1789311170578003,0.49816177360795927
COHFACE_s37_session3_natural,40,31,41.03333333333333,0.7695392370223999,0.38980758751264694
COHFACE_s37_session3_natural,40,32,41.06666666666667,0.4870575964450836,0.22821242228595928
COHFACE_s37_session3_natural,40,33,41.1,0.41435784101486206,0.05692610640901219
COHFACE_s37_session3_natural,40,34,41.13333333333333,0.41464704275131226,-0.07862067202273644
COHFACE_s37_session3_natural,40,35,41.166666666666664,0.34694522619247437,-0.14004819804236626
COHFACE_s37_session3_natural,40,36,41.2,0.17922784388065338,-0.10666478200836
COHFACE_s37_session3_natural,40,37,41.233333333333334,-0.04871014505624771,0.015357957418884096
COHFACE_s37_session3_natural,40,38,41.266666666666666,-0.278936505317688,0.19119759934100133
COHFACE_s37_session3_natural,40,39,41.3,-0.47791779041290283,0.36730354853550495
COHFACE_s37_session3_natural,40,40,41.333333333333336,-0.6418002843856812,0.4909656531722537
COHFACE_s37_session3_natural,40,41,41.36666666666667,-0.7663341164588928,0.530894200016213
COHFACE_s37_session3_natural,40,42,41.4,-0.8557251691818237,0.4886152924811304
COHFACE_s37_session3_natural,40,43,41.43333333333333,-0.9116519093513489,0.39498901228330596
COHFACE_s37_session3_natural,40,44,41.46666666666667,-0.9531443119049072,0.2940206057008723
COHFACE_s37_session3_natural,40,45,41.5,-0.998383641242981,0.22258779041252028
COHFACE_s37_session3_natural,40,46,41.53333333333333,-1.0475772619247437,0.19596786102106323
COHFACE_s37_session3_natural,40,47,41.56666666666667,-1.1039063930511475,0.2050044542039724
COHFACE_s37_session3_natural,40,48,41.6,-1.162750244140625,0.22417699121017123
COHFACE_s37_session3_natural,40,49,41.63333333333333,-1.2140939235687256,0.22465880288419943
COHFACE_s37_session3_natural,40,50,41.666666666666664,-1.2547879219055176,0.18542488659679182
COHFACE_s37_session3_natural,40,51,41.7,-1.2857563495635986,0.098305738127373
COHFACE_s37_session3_natural,40,52,41.733333333333334,-1.312324047088623,-0.032822503893781545
COHFACE_s37_session3_natural,40,53,41.766666666666666,-1.3483407497406006,-0.19566071587680012
COHFACE_s37_session3_natural,40,54,41.8,-1.348956823348999,-0.3729471891934564
COHFACE_s37_session3_natural,40,55,41.833333333333336,-0.9115638732910156,-0.5446196805269578
COHFACE_s37_session3_natural,40,56,41.86666666666667,0.3861241340637207,-0.6891489901354432
COHFACE_s37_session3_natural,40,57,41.9,1.7105433940887451,-0.7851632824995924
COHFACE_s37_session3_natural,40,58,41.93333333333333,2.223572015762329,-0.8143390271739931
COHFACE_s37_session3_natural,40,59,41.96666666666667,2.110417127609253,-0.7658943435969566
COHFACE_s37_session3_natural,40,60,42.0,1.8153682947158813,-0.6420611539441369
COHFACE_s37_session3_natural,40,61,42.03333333333333,1.5313526391983032,-0.4625594710311894
COHFACE_s37_session3_natural,40,62,42.06666666666667,1.2019405364990234,-0.2648164142259162
COHFACE_s37_session3_natural,40,63,42.1,0.80832839012146,-0.09701315821009748
COHFACE_s37_session3_natural,40,64,42.13333333333333,0.5408279895782471,-0.003982344667200009
COHFACE_s37_session3_natural,40,65,42.166666666666664,0.4708252549171448,-0.01038936328078773
COHFACE_s37_session3_natural,40,66,42.2,0.4705989360809326,-0.10885571252939012
COHFACE_s37_session3_natural,40,67,42.233333333333334,0.40901413559913635,-0.259769433826416
COHFACE_s37_session3_natural,40,68,42.266666666666666,0.24423262476921082,-0.4038931853998252
COHFACE_s37_session3_natural,40,69,42.3,0.013710801489651203,-0.4821808560831697
COHFACE_s37_session3_natural,40,70,42.333333333333336,-0.2200549840927124,-0.45395906580399364
COHFACE_s37_session3_natural,40,71,42.36666666666667,-0.4277937114238739,-0.3064617792235387
COHFACE_s37_session3_natural,40,72,42.4,-0.6006410717964172,-0.05411818114703061
COHFACE_s37_session3_natural,40,73,42.43333333333333,-0.7372957468032837,0.26884510905687375
COHFACE_s37_session3_natural,40,74,42.46666666666667,-0.8305153846740723,0.6173309051936368
COHFACE_s37_session3_natural,40,75,42.5,-0.8941810727119446,0.9428548998433366
COHFACE_s37_session3_natural,40,76,42.53333333333333,-0.9446321129798889,1.2001215668846326
COHFACE_s37_session3_natural,40,77,42.56666666666667,-0.9942532777786255,1.354369473312751
COHFACE_s37_session3_natural,40,78,42.6,-1.0458358526229858,1.3885846574794798
COHFACE_s37_session3_natural,40,79,42.63333333333333,-1.104120135307312,1.3069502827402786
COHFACE_s37_session3_natural,40,80,42.666666666666664,-1.1667423248291016,1.1317841066542869
COHFACE_s37_session3_natural,40,81,42.7,-1.2250266075134277,0.8948605160936344
COHFACE_s37_session3_natural,40,82,42.733333333333334,-1.2770869731903076,0.6272191035561703
COHFACE_s37_session3_natural,40,83,42.766666666666666,-1.3186674118041992,0.3519913257138691
COHFACE_s37_session3_natural,40,84,42.8,-1.3447887897491455,0.082302831541755
COHFACE_s37_session3_natural,40,85,42.833333333333336,-1.3679176568984985,-0.17651174943973466
COHFACE_s37_session3_natural,40,86,42.86666666666667,-1.3935863971710205,-0.42207338146848455
COHFACE_s37_session3_natural,40,87,42.9,-1.378246784210205,-0.6490968038492688
COHFACE_s37_session3_natural,40,88,42.93333333333333,-0.9205601811408997,-0.8445401217716199
COHFACE_s37_session3_natural,40,89,42.96666666666667,0.409950852394104,-0.9863945785008086
COHFACE_s37_session3_natural,40,90,43.0,1.7552986145019531,-1.0481920156934819
COHFACE_s37_session3_natural,40,91,43.03333333333333,2.2778515815734863,-1.0089627988689367
COHFACE_s37_session3_natural,40,92,43.06666666666667,2.1686134338378906,-0.864945076906997
COHFACE_s37_session3_natural,40,93,43.1,1.8508065938949585,-0.6370840454114427
COHFACE_s37_session3_natural,40,94,43.13333333333333,1.5332449674606323,-0.36933895654096466
COHFACE_s37_session3_natural,40,95,43.166666666666664,1.1903101205825806,-0.11714613136153346
COHFACE_s37_session3_natural,40,96,43.2,0.7994074821472168,0.06912406317006277
COHFACE_s37_session3_natural,40,97,43.233333333333334,0.5337554216384888,0.15821240007911017
COHFACE_s37_session3_natural,40,98,43.266666666666666,0.4704291820526123,0.1443678200869036
COHFACE_s37_session3_natural,40,99,43.3,0.48001018166542053,0.04578202017140442
COHFACE_s37_session3_natural,40,100,43.333333333333336,0.43137601017951965,-0.10192054042743418
COHFACE_s37_session3_natural,40,101,43.36666666666667,0.27562856674194336,-0.25395665629267533
COHFACE_s37_session3_natural,40,102,43.4,0.04792318865656853,-0.36525994638477977
COHFACE_s37_session3_natural,40,103,43.43333333333333,-0.19066451489925385,-0.40008550817424193
COHFACE_s37_session3_natural,40,104,43.46666666666667,-0.41008397936820984,-0.34122590897099797
COHFACE_s37_session3_natural,40,105,43.5,-0.6013765931129456,-0.19574034792535014
COHFACE_s37_session3_natural,40,106,43.53333333333333,-0.7508499026298523,0.005980513438598041
COHFACE_s37_session3_natural,40,107,43.56666666666667,-0.8476278185844421,0.21884363969887502
COHFACE_s37_session3_natural,40,108,43.6,-0.9182278513908386,0.39724518844504103
COHFACE_s37_session3_natural,40,109,43.63333333333333,-0.9729663729667664,0.5099316491135162
COHFACE_s37_session3_natural,40,110,43.666666666666664,-1.015703558921814,0.5496075080318665
COHFACE_s37_session3_natural,40,111,43.7,-1.0668084621429443,0.5330294836495827
COHFACE_s37_session3_natural,40,112,43.733333333333334,-1.1223516464233398,0.49140569517721694
COHFACE_s37_session3_natural,40,113,43.766666666666666,-1.179680347442627,0.4553746106122561
COHFACE_s37_session3_natural,40,114,43.8,-1.2433964014053345,0.4412892526189708
COHFACE_s37_session3_natural,40,115,43.833333333333336,-1.3001781702041626,0.4448020246654782
COHFACE_s37_session3_natural,40,116,43.86666666666667,-1.3425569534301758,0.4442180797505291
COHFACE_s37_session3_natural,40,117,43.9,-1.3753045797348022,0.4115848301206629
COHFACE_s37_session3_natural,40,118,43.93333333333333,-1.4037394523620605,0.32620271316592453
COHFACE_s37_session3_natural,40,119,43.96666666666667,-1.435078740119934,0.18457802892098132
COHFACE_s37_session3_natural,40,120,44.0,-1.411138892173767,0.0029016934247984086
COHFACE_s37_session3_natural,40,121,44.03333333333333,-0.8678145408630371,-0.18836492390962026
COHFACE_s37_session3_natural,40,122,44.06666666666667,0.5596756339073181,-0.3550253715071198
COHFACE_s37_session3_natural,40,123,44.1,1.8777766227722168,-0.47031327284669316
COHFACE_s37_session3_natural,40,124,44.13333333333333,2.3485960960388184,-0.5223997768728864
COHFACE_s37_session3_natural,40,125,44.166666666666664,2.2139155864715576,-0.5159033248500601
COHFACE_s37_session3_natural,40,126,44.2,1.8725712299346924,-0.46783414647472876
COHFACE_s37_session3_natural,40,127,44.233333333333334,1.5214951038360596,-0.4004312371690511
COHFACE_s37_session3_natural,40,128,44.266666666666666,1.1542809009552002,-0.3336540450763425
COHFACE_s37_session3_natural,40,129,44.3,0.7680241465568542,-0.2793116759861327
COHFACE_s37_session3_natural,40,130,44.333333333333336,0.5175356864929199,-0.23802752051504183
COHFACE_s37_session3_natural,40,131,44.36666666666667,0.4605904519557953,-0.19968833161428123
COHFACE_s37_session3_natural,40,132,44.4,0.4779544174671173,-0.14743639962446548
COHFACE_s37_session3_natural,40,133,44.43333333333333,0.4371849596500397,-0.0644101607712389
COHFACE_s37_session3_natural,40,134,44.46666666666667,0.2917477488517761,0.0586065034750617
COHFACE_s37_session3_natural,40,135,44.5,0.07146070897579193,0.21723050937345645
COHFACE_s37_session3_natural,40,136,44.53333333333333,-0.17008176445960999,0.3917239481471295
COHFACE_s37_session3_natural,40,137,44.56666666666667,-0.3974413573741913,0.550659055875759
COHFACE_s37_session3_natural,40,138,44.6,-0.5934364795684814,0.6590693681909782
COHFACE_s37_session3_natural,40,139,44.63333333333333,-0.7526856660842896,0.6881838476373727
COHFACE_s37_session3_natural,40,140,44.666666666666664,-0.8666137456893921,0.6231850771698743
COHFACE_s37_session3_natural,40,141,44.7,-0.9364467859268188,0.4665162431296975
COHFACE_s37_session3_natural,40,142,44.733333333333334,-0.9864325523376465,0.23650972762352201
COHFACE_s37_session3_natural,40,143,44.766666666666666,-1.0331052541732788,-0.03702177603587661
COHFACE_s37_session3_natural,40,144,44.8,-1.0808781385421753,-0.3182597021541839
COHFACE_s37_session3_natural,40,145,44.833333333333336,-1.1327310800552368,-0.5707347262591486
COHFACE_s37_session3_natural,40,146,44.86666666666667,-1.1895819902420044,-0.7622354465232546
COHFACE_s37_session3_natural,40,147,44.9,-1.2420949935913086,-0.8693525455503913
COHFACE_s37_session3_natural,40,148,44.93333333333333,-1.2886797189712524,-0.8815159389846056
COHFACE_s37_session3_natural,40,149,44.96666666666667,-1.3302475214004517,-0.8033474243846046
COHFACE_s37_session3_natural,40,150,45.0,-1.380113959312439,-0.653084903574179
COHFACE_s37_session3_natural,40,151,45.03333333333333,-1.4210468530654907,-0.45599503206215014
COHFACE_s37_session3_natural,40,152,45.06666666666667,-1.218626618385315,-0.2355090538581378
COHFACE_s37_session3_natural,40,153,45.1,-0.15778492391109467,-0.007314119388028082
COHFACE_s37_session3_natural,40,154,45.13333333333333,1.366131067276001,0.220428597987092
COHFACE_s37_session3_natural,40,155,45.166666666666664,2.2545907497406006,0.4417820763775525
COHFACE_s37_session3_natural,40,156,45.2,2.373516798019409,0.6462404081142364
COHFACE_s37_session3_natural,40,157,45.233333333333334,2.1100399494171143,0.8144319182858337
COHFACE_s37_session3_natural,40,158,45.266666666666666,1.7518408298492432,0.9194206159013059
COHFACE_s37_session3_natural,40,159,45.3,1.3900710344314575,0.9343313743995065
COHFACE_s37_session3_natural,40,160,45.333333333333336,0.9937869310379028,0.8434250262863664
COHFACE_s37_session3_natural,40,161,45.36666666666667,0.6421260833740234,0.6511570569253788
COHFACE_s37_session3_natural,40,162,45.4,0.4750688076019287,0.3842500810188884
COHFACE_s37_session3_natural,40,163,45.43333333333333,0.45661723613739014,0.08518440670766936
COHFACE_s37_session3_natural,40,164,45.46666666666667,0.44881540536880493,-0.20013915067540286
COHFACE_s37_session3_natural,40,165,45.5,0.3620019555091858,-0.43489700649411134
COHFACE_s37_session3_natural,40,166,45.53333333333333,0.1829998791217804,-0.5985287616390415
COHFACE_s37_session3_natural,40,167,45.56666666666667,-0.0445106104016304,-0.6863508955400834
COHFACE_s37_session3_natural,40,168,45.6,-0.28378984332084656,-0.7037206177626869
COHFACE_s37_session3_natural,40,169,45.63333333333333,-0.5041837692260742,-0.659425312593731
COHFACE_s37_session3_natural,40,170,45.666666666666664,-0.6867190003395081,-0.5620037379142366
COHFACE_s37_session3_natural,40,171,45.7,-0.825737476348877,-0.41979676130780386
COHFACE_s37_session3_natural,40,172,45.733333333333334,-0.926802933216095,-0.2432427025196468
COHFACE_s37_session3_natural,40,173,45.766666666666666,-0.9998421669006348,-0.0472240209726409
COHFACE_s37_session3_natural,40,174,45.8,-1.0504000186920166,0.14820200388060495
COHFACE_s37_session3_natural,40,175,45.833333333333336,-1.094759225845337,0.3193827383628239
COHFACE_s37_session3_natural,40,176,45.86666666666667,-1.138929843902588,0.4428842579655402
COHFACE_s37_session3_natural,40,177,45.9,-1.1858916282653809,0.5009552658049337
COHFACE_s37_session3_natural,40,178,45.93333333333333,-1.2285408973693848,0.4875145630462623
COHFACE_s37_session3_natural,40,179,45.96666666666667,-1.2704042196273804,0.4127204807744324
COHFACE_s37_session3_natural,40,180,46.0,-1.3252307176589966,0.30344766502728876
COHFACE_s37_session3_natural,40,181,46.03333333333333,-1.3796738386154175,0.19755063616997365
COHFACE_s37_session3_natural,40,182,46.06666666666667,-1.1964659690856934,0.13232999342402135
COHFACE_s37_session3_natural,40,183,46.1,-0.16566847264766693,0.13108921281704586
COHFACE_s37_session3_natural,40,184,46.13333333333333,1.3296492099761963,0.19387799366292702
COHFACE_s37_session3_natural,40,185,46.166666666666664,2.2012476921081543,0.2972170362788496
COHFACE_s37_session3_natural,40,186,46.2,2.3205196857452393,0.4027748852739738
COHFACE_s37_session3_natural,40,187,46.233333333333334,2.075249195098877,0.4703212721183474
COHFACE_s37_session3_natural,40,188,46.266666666666666,1.729378342628479,0.4693247637099654
COHFACE_s37_session3_natural,40,189,46.3,1.3650057315826416,0.38579436665490524
COHFACE_s37_session3_natural,40,190,46.333333333333336,0.9661567211151123,0.22388580267595495
COHFACE_s37_session3_natural,40,191,46.36666666666667,0.6139552593231201,0.003623946666850543
COHFACE_s37_session3_natural,40,192,46.4,0.4400831460952759,-0.24369561179754973
COHFACE_s37_session3_natural,40,193,46.43333333333333,0.4121386408805847,-0.48157313307245847
COHFACE_s37_session3_natural,40,194,46.46666666666667,0.4087940752506256,-0.675473280412706
COHFACE_s37_session3_natural,40,195,46.5,0.33295726776123047,-0.8003138635426245
COHFACE_s37_session3_natural,40,196,46.53333333333333,0.16194561123847961,-0.846426579924899
COHFACE_s37_session3_natural,40,197,46.56666666666667,-0.06001368537545204,-0.8216663659930828
COHFACE_s37_session3_natural,40,198,46.6,-0.2919751703739166,-0.7484141713018904
COHFACE_s37_session3_natural,40,199,46.63333333333333,-0.5116838216781616,-0.6562944269111156
COHFACE_s37_session3_natural,40,200,46.666666666666664,-0.700706958770752,-0.573238315358629
COHFACE_s37_session3_natural,40,201,46.7,-0.8475964069366455,-0.5180823599053903
COHFACE_s37_session3_natural,40,202,46.733333333333334,-0.9497935175895691,-0.49692946014546313
COHFACE_s37_session3_natural,40,203,46.766666666666666,-1.0200666189193726,-0.5036505833607575
COHFACE_s37_session3_natural,40,204,46.8,-1.0705993175506592,-0.5232490225508016
COHFACE_s37_session3_natural,40,205,46.833333333333336,-1.1111047267913818,-0.5362778578112732
COHFACE_s37_session3_natural,40,206,46.86666666666667,-1.1439779996871948,-0.5231720404213143
COHFACE_s37_session3_natural,40,207,46.9,-1.1750848293304443,-0.46807468387643336
COHFACE_s37_session3_natural,40,208,46.93333333333333,-1.2159171104431152,-0.3616210120383824
COHFACE_s37_session3_natural,40,209,46.96666666666667,-1.2767537832260132,-0.20193350329773202
COHFACE_s37_session3_natural,40,210,47.0,-1.2806264162063599,0.0062948684376752115
COHFACE_s37_session3_natural,40,211,47.03333333333333,-0.7675411701202393,0.25371066410556614
COHFACE_s37_session3_natural,40,212,47.06666666666667,0.5517354607582092,0.527808942737148
COHFACE_s37_session3_natural,40,213,47.1,1.7454724311828613,0.8132609774376726
COHFACE_s37_session3_natural,40,214,47.13333333333333,2.1397321224212646,1.0916353326140011
COHFACE_s37_session3_natural,40,215,47.166666666666664,1.9979349374771118,1.3418918342450314
COHFACE_s37_session3_natural,40,216,47.2,1.701377272605896,1.5424138378187944
COHFACE_s37_session3_natural,40,217,47.233333333333334,1.3519922494888306,1.674061195101542
COHFACE_s37_session3_natural,40,218,47.266666666666666,0.9574747681617737,1.72300976657706
COHFACE_s37_session3_natural,40,219,47.3,0.5905308723449707,1.6823940280611904
COHFACE_s37_session3_natural,40,220,47.333333333333336,0.4031800329685211,1.5525865900360256
COHFACE_s37_session3_natural,40,221,47.36666666666667,0.3924988806247711,1.3404821756005854
COHFACE_s37_session3_natural,40,222,47.4,0.42691874504089355,1.058038887359457
COHFACE_s37_session3_natural,40,223,47.43333333333333,0.39439746737480164,0.7203920854935857
COHFACE_s37_session3_natural,40,224,47.46666666666667,0.2606535851955414,0.34455259090717566
COHFACE_s37_session3_natural,40,225,47.5,0.06278502196073532,-0.05026211057160058
COHFACE_s37_session3_natural,40,226,47.53333333333333,-0.15619437396526337,-0.44114755747470036
COHFACE_s37_session3_natural,40,227,47.56666666666667,-0.369647741317749,-0.8009929406646146
COHFACE_s37_session3_natural,40,228,47.6,-0.5557349324226379,-1.1009420020981326
COHFACE_s37_session3_natural,40,229,47.63333333333333,-0.7061072587966919,-1.3161219739652312
COHFACE_s37_session3_natural,40,230,47.666666666666664,-0.8214750289916992,-1.4327401402926956
COHFACE_s37_session3_natural,40,231,47.7,-0.8991601467132568,-1.4531068770211313
COHFACE_s37_session3_natural,40,232,47.733333333333334,-0.9500638246536255,-1.395197908212565
COHFACE_s37_session3_natural,40,233,47.766666666666666,-0.9878910779953003,-1.2857374473770558
COHFACE_s37_session3_natural,40,234,47.8,-1.0207141637802124,-1.14974877323159
COHFACE_s37_session3_natural,40,235,47.833333333333336,-1.052480936050415,-1.0022171835488254
COHFACE_s37_session3_natural,40,236,47.86666666666667,-1.1061758995056152,-0.8464792444152341
COHFACE_s37_session3_natural,40,237,47.9,-1.1602228879928589,-0.6796042069612698
COHFACE_s37_session3_natural,40,238,47.93333333333333,-0.9367862343788147,-0.500237758476248
COHFACE_s37_session3_natural,40,239,47.96666666666667,0.06580264866352081,-0.3131038251893571
COHFACE_s37_session3_natural,41,0,41.0,1.1789311170578003,-0.04063790855870533
COHFACE_s37_session3_natural,41,1,41.03333333333333,0.7695392370223999,0.1456577314394568
COHFACE_s37_session3_natural,41,2,41.06666666666667,0.4870575964450836,0.31707142130362803
COHFACE_s37_session3_natural,41,3,41.1,0.41435784101486206,0.4686029272721854
COHFACE_s37_session3_natural,41,4,41.13333333333333,0.41464704275131226,0.6106914388053514
COHFACE_s37_session3_natural,41,5,41.166666666666664,0.34694522619247437,0.7611544695530768
COHFACE_s37_session3_natural,41,6,41.2,0.17922784388065338,0.9286456013130279
COHFACE_s37_session3_natural,41,7,41.233333333333334,-0.04871014505624771,1.0978802912858858
COHFACE_s37_session3_natural,41,8,41.266666666666666,-0.278936505317688,1.2273437734661379
COHFACE_s37_session3_natural,41,9,41.3,-0.47791779041290283,1.2635511095491536
COHFACE_s37_session3_natural,41,10,41.333333333333336,-0.6418002843856812,1.1660040853611342
COHFACE_s37_session3_natural,41,11,41.36666666666667,-0.7663341164588928,0.929969959944005
COHFACE_s37_session3_natural,41,12,41.4,-0.8557251691818237,0.5946507060232258
COHFACE_s37_session3_natural,41,13,41.43333333333333,-0.9116519093513489,0.23169356068557348
COHFACE_s37_session3_natural,41,14,41.46666666666667,-0.9531443119049072,-0.08092609198839885
COHFACE_s37_session3_natural,41,15,41.5,-0.998383641242981,-0.28723272448275294
COHFACE_s37_session3_natural,41,16,41.53333333333333,-1.0475772619247437,-0.3706119475896116
COHFACE_s37_session3_natural,41,17,41.56666666666667,-1.1039063930511475,-0.3532191699497988
COHFACE_s37_session3_natural,41,18,41.6,-1.162750244140625,-0.28019563584334733
COHFACE_s37_session3_natural,41,19,41.63333333333333,-1.2140939235687256,-0.19870074175326846
COHFACE_s37_session3_natural,41,20,41.666666666666664,-1.2547879219055176,-0.14221068799639364
COHFACE_s37_session3_natural,41,21,41.7,-1.2857563495635986,-0.12533615274452528
COHFACE_s37_session3_natural,41,22,41.733333333333334,-1.312324047088623,-0.14781243114521891
COHFACE_s37_session3_natural,41,23,41.766666666666666,-1.3483407497406006,-0.20220981219948275
COHFACE_s37_session3_natural,41,24,41.8,-1.348956823348999,-0.2799927224083065
COHFACE_s37_session3_natural,41,25,41.833333333333336,-0.9115638732910156,-0.3733589975355592
COHFACE_s37_session3_natural,41,26,41.86666666666667,0.3861241340637207,-0.47332331351553325
COHFACE_s37_session3_natural,41,27,41.9,1.7105433940887451,-0.5666211806093676
COHFACE_s37_session3_natural,41,28,41.93333333333333,2.223572015762329,-0.6348145896450349
COHFACE_s37_session3_natural,41,29,41.96666666666667,2.110417127609253,-0.6579653507192055
COHFACE_s37_session3_natural,41,30,42.0,1.8153682947158813,-0.622503788148801
COHFACE_s37_session3_natural,41,31,42.03333333333333,1.5313526391983032,-0.529775864104374
COHFACE_s37_session3_natural,41,32,42.06666666666667,1.2019405364990234,-0.4000642163968396
COHFACE_s37_session3_natural,41,33,42.1,0.80832839012146,-0.26813228884196416
COHFACE_s37_session3_natural,41,34,42.13333333333333,0.5408279895782471,-0.1705538648080685
COHFACE_s37_session3_natural,41,35,42.166666666666664,0.4708252549171448,-0.130178119854712
COHFACE_s37_session3_natural,41,36,42.2,0.4705989360809326,-0.14588671656650204
COHFACE_s37_session3_natural,41,37,42.233333333333334,0.40901413559913635,-0.19360901079931847
COHFACE_s37_session3_natural,41,38,42.266666666666666,0.24423262476921082,-0.23777831238650277
COHFACE_s37_session3_natural,41,39,42.3,0.013710801489651203,-0.2461387422557915
COHFACE_s37_session3_natural,41,40,42.333333333333336,-0.2200549840927124,-0.19992236530700738
COHFACE_s37_session3_natural,41,41,42.36666666666667,-0.4277937114238739,-0.0956933588281382
COHFACE_s37_session3_natural,41,42,42.4,-0.6006410717964172,0.05902161636310944
COHFACE_s37_session3_natural,41,43,42.43333333333333,-0.7372957468032837,0.2509361083366107
COHFACE_s37_session3_natural,41,44,42.46666666666667,-0.8305153846740723,0.4630152257559766
COHFACE_s37_session3_natural,41,45,42.5,-0.8941810727119446,0.6735339560836068
COHFACE_s37_session3_natural,41,46,42.53333333333333,-0.9446321129798889,0.855941345187496
COHFACE_s37_session3_natural,41,47,42.56666666666667,-0.9942532777786255,0.9830232430730593
COHFACE_s37_session3_natural,41,48,42.6,-1.0458358526229858,1.0347140667594177
COHFACE_s37_session3_natural,41,49,42.63333333333333,-1.104120135307312,1.004946813039228
COHFACE_s37_session3_natural,41,50,42.666666666666664,-1.1667423248291016,0.9030373058794317
COHFACE_s37_session3_natural,41,51,42.7,-1.2250266075134277,0.7487409052643883
COHFACE_s37_session3_natural,41,52,42.733333333333334,-1.2770869731903076,0.5641353726732451
COHFACE_s37_session3_natural,41,53,42.766666666666666,-1.3186674118041992,0.36687872605855143
COHFACE_s37_session3_natural,41,54,42.8,-1.3447887897491455,0.1673969603418377
COHFACE_s37_session3_natural,41,55,42.833333333333336,-1.3679176568984985,-0.03020927709489328
COHFACE_s37_session3_natural,41,56,42.86666666666667,-1.3935863971710205,-0.22470818135192008
COHFACE_s37_session3_natural,41,57,42.9,-1.378246784210205,-0.4128205696014419
COHFACE_s37_session3_natural,41,58,42.93333333333333,-0.9205601811408997,-0.5844573234558241
COHFACE_s37_session3_natural,41,59,42.96666666666667,0.409950852394104,-0.7205286865814966
COHFACE_s37_session3_natural,41,60,43.0,1.7552986145019531,-0.7955891340101555
COHFACE_s37_session3_natural,41,61,43.03333333333333,2.2778515815734863,-0.7858131701826749
COHFACE_s37_session3_natural,41,62,43.06666666666667,2.1686134338378906,-0.6798687857339029
COHFACE_s37_session3_natural,41,63,43.1,1.8508065938949585,-0.487838682787799
COHFACE_s37_session3_natural,41,64,43.13333333333333,1.5332449674606323,-0.24325206493430368
COHFACE_s37_session3_natural,41,65,43.166666666666664,1.1903101205825806,0.003721475685103654
COHFACE_s37_session3_natural,41,66,43.2,0.7994074821472168,0.1991662556875667
COHFACE_s37_session3_natural,41,67,43.233333333333334,0.5337554216384888,0.2989877142700854
COHFACE_s37_session3_natural,41,68,43.266666666666666,0.4704291820526123,0.279249115910502
COHFACE_s37_session3_natural,41,69,43.3,0.48001018166542053,0.14226148196633193
COHFACE_s37_session3_natural,41,70,43.333333333333336,0.43137601017951965,-0.08179691557674668
COHFACE_s37_session3_natural,41,71,43.36666666666667,0.27562856674194336,-0.3389238582486081
COHFACE_s37_session3_natural,41,72,43.4,0.04792318865656853,-0.5624591420092308
COHFACE_s37_session3_natural,41,73,43.43333333333333,-0.19066451489925385,-0.690431353768405
COHFACE_s37_session3_natural,41,74,43.46666666666667,-0.41008397936820984,-0.6837262887678123
COHFACE_s37_session3_natural,41,75,43.5,-0.6013765931129456,-0.5375770245715815
COHFACE_s37_session3_natural,41,76,43.53333333333333,-0.7508499026298523,-0.28190083130077787
COHFACE_s37_session3_natural,41,77,43.56666666666667,-0.8476278185844421,0.028873685802329775
COHFACE_s37_session3_natural,41,78,43.6,-0.9182278513908386,0.3326621665602247
COHFACE_s37_session3_natural,41,79,43.63333333333333,-0.9729663729667664,0.5778930511507329
COHFACE_s37_session3_natural,41,80,43.666666666666664,-1.015703558921814,0.7365880465635752
COHFACE_s37_session3_natural,41,81,43.7,-1.0668084621429443,0.8072087818105287
COHFACE_s37_session3_natural,41,82,43.733333333333334,-1.1223516464233398,0.8068600660811477
COHFACE_s37_session3_natural,41,83,43.766666666666666,-1.179680347442627,0.7578247181725358
COHFACE_s37_session3_natural,41,84,43.8,-1.2433964014053345,0.6757305730595459
COHFACE_s37_session3_natural,41,85,43.833333333333336,-1.3001781702041626,0.5648802068732244
COHFACE_s37_session3_natural,41,86,43.86666666666667,-1.3425569534301758,0.42181676832859183
COHFACE_s37_session3_natural,41,87,43.9,-1.3753045797348022,0.24384307627735677
COHFACE_s37_session3_natural,41,88,43.93333333333333,-1.4037394523620605,0.037273605902923286
COHFACE_s37_session3_natural,41,89,43.96666666666667,-1.435078740119934,-0.1790772194395902
COHFACE_s37_session3_natural,41,90,44.0,-1.411138892173767,-0.3771905512861211
COHFACE_s37_session3_natural,41,91,44.03333333333333,-0.8678145408630371,-0.5285370139578381
COHFACE_s37_session3_natural,41,92,44.06666666666667,0.5596756339073181,-0.6137487148432053
COHFACE_s37_session3_natural,41,93,44.1,1.8777766227722168,-0.6283746084878711
COHFACE_s37_session3_natural,41,94,44.13333333333333,2.3485960960388184,-0.5826371590342092
COHFACE_s37_session3_natural,41,95,44.166666666666664,2.2139155864715576,-0.49661064931120324
COHFACE_s37_session3_natural,41,96,44.2,1.8725712299346924,-0.39363286913038265
COHFACE_s37_session3_natural,41,97,44.233333333333334,1.5214951038360596,-0.29418620267456763
COHFACE_s37_session3_natural,41,98,44.266666666666666,1.1542809009552002,-0.21144783423078392
COHFACE_s37_session3_natural,41,99,44.3,0.7680241465568542,-0.148992504806742
COHFACE_s37_session3_natural,41,100,44.333333333333336,0.5175356864929199,-0.10083165555516543
COHFACE_s37_session3_natural,41,101,44.36666666666667,0.4605904519557953,-0.053880847953075565
COHFACE_s37_session3_natural,41,102,44.4,0.4779544174671173,0.007289936349573436
COHFACE_s37_session3_natural,41,103,44.43333333333333,0.4371849596500397,0.0942300799435316
COHFACE_s37_session3_natural,41,104,44.46666666666667,0.2917477488517761,0.20869814290816305
COHFACE_s37_session3_natural,41,105,44.5,0.07146070897579193,0.3395404327199733
COHFACE_s37_session3_natural,41,106,44.53333333333333,-0.17008176445960999,0.46441975710052613
COHFACE_s37_session3_natural,41,107,44.56666666666667,-0.3974413573741913,0.5564962363930548
COHFACE_s37_session3_natural,41,108,44.6,-0.5934364795684814,0.5933328194598305
COHFACE_s37_session3_natural,41,109,44.63333333333333,-0.7526856660842896,0.5637831132676419
COHFACE_s37_session3_natural,41,110,44.666666666666664,-0.8666137456893921,0.46992147007590285
COHFACE_s37_session3_natural,41,111,44.7,-0.9364467859268188,0.324043659388924
COHFACE_s37_session3_natural,41,112,44.733333333333334,-0.9864325523376465,0.14321986084527935
COHFACE_s37_session3_natural,41,113,44.766666666666666,-1.0331052541732788,-0.055405969010903715
COHFACE_s37_session3_natural,41,114,44.8,-1.0808781385421753,-0.2564803636282435
COHFACE_s37_session3_natural,41,115,44.833333333333336,-1.1327310800552368,-0.445446999785732
COHFACE_s37_session3_natural,41,116,44.86666666666667,-1.1895819902420044,-0.6065052079625999
COHFACE_s37_session3_natural,41,117,44.9,-1.2420949935913086,-0.7220213933166031
COHFACE_s37_session3_natural,41,118,44.93333333333333,-1.2886797189712524,-0.7750379383086847
COHFACE_s37_session3_natural,41,119,44.96666666666667,-1.3302475214004517,-0.7542575073432497
COHFACE_s37_session3_natural,41,120,45.0,-1.380113959312439,-0.6584430455998077
COHFACE_s37_session3_natural,41,121,45.03333333333333,-1.4210468530654907,-0.4970282869341526
COHFACE_s37_session3_natural,41,122,45.06666666666667,-1.218626618385315,-0.2867113145235112
COHFACE_s37_session3_natural,41,123,45.1,-0.15778492391109467,-0.04686230130386552
COHFACE_s37_session3_natural,41,124,45.13333333333333,1.366131067276001,0.203323265115466
COHFACE_s37_session3_natural,41,125,45.166666666666664,2.2545907497406006,0.44502362132269335
COHFACE_s37_session3_natural,41,126,45.2,2.373516798019409,0.6583216882652636
COHFACE_s37_session3_natural,41,127,45.233333333333334,2.1100399494171143,0.8210142661395956
COHFACE_s37_session3_natural,41,128,45.266666666666666,1.7518408298492432,0.9097287530803266
COHFACE_s37_session3_natural,41,129,45.3,1.3900710344314575,0.9043727232186058
COHFACE_s37_session3_natural,41,130,45.333333333333336,0.9937869310379028,0.7949914683896044
COHFACE_s37_session3_natural,41,131,45.36666666666667,0.6421260833740234,0.5882133842779685
COHFACE_s37_session3_natural,41,132,45.4,0.4750688076019287,0.3098179889876058
COHFACE_s37_session3_natural,41,133,45.43333333333333,0.45661723613739014,0.0011748301367119443
COHFACE_s37_session3_natural,41,134,45.46666666666667,0.44881540536880493,-0.2899847029805736
COHFACE_s37_session3_natural,41,135,45.5,0.3620019555091858,-0.5211866321150864
COHFACE_s37_session3_natural,41,136,45.53333333333333,0.1829998791217804,-0.6646673475328508
COHFACE_s37_session3_natural,41,137,45.56666666666667,-0.0445106104016304,-0.7112948388676538
COHFACE_s37_session3_natural,41,138,45.6,-0.28378984332084656,-0.6686864471562026
COHFACE_s37_session3_natural,41,139,45.63333333333333,-0.5041837692260742,-0.5558677461512731
COHFACE_s37_session3_natural,41,140,45.666666666666664,-0.6867190003395081,-0.3971564355170925
COHFACE_s37_session3_natural,41,141,45.7,-0.825737476348877,-0.21692337893392283
COHFACE_s37_session3_natural,41,142,45.733333333333334,-0.926802933216095,-0.036089219880882525
COHFACE_s37_session3_natural,41,143,45.766666666666666,-0.9998421669006348,0.1292502775785518
COHFACE_s37_session3_natural,41,144,45.8,-1.0504000186920166,0.2673136948606598
COHFACE_s37_session3_natural,41,145,45.833333333333336,-1.094759225845337,0.3691671406709881
COHFACE_s37_session3_natural,41,146,45.86666666666667,-1.138929843902588,0.4275803744338959
COHFACE_s37_session3_natural,41,147,45.9,-1.1858916282653809,0.43735042241651756
COHFACE_s37_session3_natural,41,148,45.93333333333333,-1.2285408973693848,0.39755571607241047
COHFACE_s37_session3_natural,41,149,45.96666666666667,-1.2704042196273804,0.31486440913548625
COHFACE_s37_session3_natural,41,150,46.0,-1.3252307176589966,0.20553128648457406
COHFACE_s37_session3_natural,41,151,46.03333333333333,-1.3796738386154175,0.09361524111999321
COHFACE_s37_session3_natural,41,152,46.06666666666667,-1.1964659690856934,0.004998833083869049
COHFACE_s37_session3_natural,41,153,46.1,-0.16566847264766693,-0.040557884666690934
COHFACE_s37_session3_natural,41,154,46.13333333333333,1.3296492099761963,-0.03588979649295562
COHFACE_s37_session3_natural,41,155,46.166666666666664,2.2012476921081543,0.011261010287359126
COHFACE_s37_session3_natural,41,156,46.2,2.3205196857452393,0.08078664166149219
COHFACE_s37_session3_natural,41,157,46.233333333333334,2.075249195098877,0.14629967402333974
COHFACE_s37_session3_natural,41,158,46.266666666666666,1.729378342628479,0.1824485190193207
COHFACE_s37_session3_natural,41,159,46.3,1.3650057315826416,0.17130124836184946
COHFACE_s37_session3_natural,41,160,46.333333333333336,0.9661567211151123,0.10650346178533017
COHFACE_s37_session3_natural,41,161,46.36666666666667,0.6139552593231201,-0.005160226657212576
COHFACE_s37_session3_natural,41,162,46.4,0.4400831460952759,-0.14471847988599018
COHFACE_s37_session3_natural,41,163,46.43333333333333,0.4121386408805847,-0.2845713871058782
COHFACE_s37_session3_natural,41,164,46.46666666666667,0.4087940752506256,-0.395012926832278
COHFACE_s37_session3_natural,41,165,46.5,0.33295726776123047,-0.4531872428590811
COHFACE_s37_session3_natural,41,166,46.53333333333333,0.16194561123847961,-0.4516886740480783
COHFACE_s37_session3_natural,41,167,46.56666666666667,-0.06001368537545204,-0.4025171355024814
COHFACE_s37_session3_natural,41,168,46.6,-0.2919751703739166,-0.33342255374510543
COHFACE_s37_session3_natural,41,169,46.63333333333333,-0.5116838216781616,-0.2773275268524619
COHFACE_s37_session3_natural,41,170,46.666666666666664,-0.700706958770752,-0.25932316956137913
COHFACE_s37_session3_natural,41,171,46.7,-0.8475964069366455,-0.2873056247781097
COHFACE_s37_session3_natural,41,172,46.733333333333334,-0.9497935175895691,-0.35047227199994635
COHFACE_s37_session3_natural,41,173,46.766666666666666,-1.0200666189193726,-0.4256496809479979
COHFACE_s37_session3_natural,41,174,46.8,-1.0705993175506592,-0.48727617936426115
COHFACE_s37_session3_natural,41,175,46.833333333333336,-1.1111047267913818,-0.5155306822154083
COHFACE_s37_session3_natural,41,176,46.86666666666667,-1.1439779996871948,-0.49945761863377897
COHFACE_s37_session3_natural,41,177,46.9,-1.1750848293304443,-0.4356063173685625
COHFACE_s37_session3_natural,41,178,46.93333333333333,-1.2159171104431152,-0.32479987468737004
COHFACE_s37_session3_natural,41,179,46.96666666666667,-1.2767537832260132,-0.1696517610625591
COHFACE_s37_session3_natural,41,180,47.0,-1.2806264162063599,0.02575452027990112
COHFACE_s37_session3_natural,41,181,47.03333333333333,-0.7675411701202393,0.25419244902900034
COHFACE_s37_session3_natural,41,182,47.06666666666667,0.5517354607582092,0.503090352228533
COHFACE_s37_session3_natural,41,183,47.1,1.7454724311828613,0.7537092406471996
COHFACE_s37_session3_natural,41,184,47.13333333333333,2.1397321224212646,0.9829641154361884
COHFACE_s37_session3_natural,41,185,47.166666666666664,1.9979349374771118,1.1676224802459618
COHFACE_s37_session3_natural,41,186,47.2,1.701377272605896,1.2890084880478547
COHFACE_s37_session3_natural,41,187,47.233333333333334,1.3519922494888306,1.3360027513091501
COHFACE_s37_session3_natural,41,188,47.266666666666666,0.9574747681617737,1.3055330584766223
COHFACE_s37_session3_natural,41,189,47.3,0.5905308723449707,1.2014306384214222
COHFACE_s37_session3_natural,41,190,47.333333333333336,0.4031800329685211,1.0328743274583738
COHFACE_s37_session3_natural,41,191,47.36666666666667,0.3924988806247711,0.812768351544657
COHFACE_s37_session3_natural,41,192,47.4,0.42691874504089355,0.5555297136851195
COHFACE_s37_session3_natural,41,193,47.43333333333333,0.39439746737480164,0.2742000794838796
COHFACE_s37_session3_natural,41,194,47.46666666666667,0.2606535851955414,-0.021524730906214436
COHFACE_s37_session3_natural,41,195,47.5,0.06278502196073532,-0.32412879315286364
COHFACE_s37_session3_natural,41,196,47.53333333333333,-0.15619437396526337,-0.6238228449316903
COHFACE_s37_session3_natural,41,197,47.56666666666667,-0.369647741317749,-0.9037614791666074
COHFACE_s37_session3_natural,41,198,47.6,-0.5557349324226379,-1.1391917458946552
COHFACE_s37_session3_natural,41,199,47.63333333333333,-0.7061072587966919,-1.3028801132969916
COHFACE_s37_session3_natural,41,200,47.666666666666664,-0.8214750289916992,-1.374904669979517
COHFACE_s37_session3_natural,41,201,47.7,-0.8991601467132568,-1.351437452182361
COHFACE_s37_session3_natural,41,202,47.733333333333334,-0.9500638246536255,-1.2472475610925677
COHFACE_s37_session3_natural,41,203,47.766666666666666,-0.9878910779953003,-1.090184202955046
COHFACE_s37_session3_natural,41,204,47.8,-1.0207141637802124,-0.9105144378829282
COHFACE_s37_session3_natural,41,205,47.833333333333336,-1.052480936050415,-0.7306759717803546
COHFACE_s37_session3_natural,41,206,47.86666666666667,-1.1061758995056152,-0.560035570389563
COHFACE_s37_session3_natural,41,207,47.9,-1.1602228879928589,-0.39568711723980493
COHFACE_s37_session3_natural,41,208,47.93333333333333,-0.9367862343788147,-0.22693069783697614
COHFACE_s37_session3_natural,41,209,47.96666666666667,0.06580264866352081,-0.04056341518707683
COHFACE_s37_session3_natural,41,210,48.0,1.3403743505477905,0.17345402749143032
COHFACE_s37_session3_natural,41,211,48.03333333333333,1.9875932931900024,0.4151302618931908
COHFACE_s37_session3_natural,41,212,48.06666666666667,1.9788358211517334,0.6682110700768895
COHFACE_s37_session3_natural,41,213,48.1,1.6975297927856445,0.8994382340112637
COHFACE_s37_session3_natural,41,214,48.13333333333333,1.331616997718811,1.0669374773448952
COHFACE_s37_session3_natural,41,215,48.166666666666664,0.9090418219566345,1.1360690676007763
COHFACE_s37_session3_natural,41,216,48.2,0.5044530034065247,1.0953368922943345
COHFACE_s37_session3_natural,41,217,48.233333333333334,0.28469401597976685,0.9632640075394737
COHFACE_s37_session3_natural,41,218,48.266666666666666,0.27400657534599304,0.781552972715192
COHFACE_s37_session3_natural,41,219,48.3,0.336012601852417,0.5975443939359388
COHFACE_s37_session3_natural,41,220,48.333333333333336,0.3382381200790405,0.4450123442929365
COHFACE_s37_session3_natural,41,221,48.36666666666667,0.23103678226470947,0.3330900745094447
COHFACE_s37_session3_natural,41,222,48.4,0.047055620700120926,0.24815592091459313
COHFACE_s37_session3_natural,41,223,48.43333333333333,-0.16133064031600952,0.1662455771219836
COHFACE_s37_session3_natural,41,224,48.46666666666667,-0.36332327127456665,0.06845375395830268
COHFACE_s37_session3_natural,41,225,48.5,-0.541401207447052,-0.0487662562567948
COHFACE_s37_session3_natural,41,226,48.53333333333333,-0.690962553024292,-0.17280143137095721
COHFACE_s37_session3_natural,41,227,48.56666666666667,-0.8014140725135803,-0.2827066324245593
COHFACE_s37_session3_natural,41,228,48.6,-0.8746796250343323,-0.36094060659999955
COHFACE_s37_session3_natural,41,229,48.63333333333333,-0.919654905796051,-0.4030948762306919
COHFACE_s37_session3_natural,41,230,48.666666666666664,-0.9544079899787903,-0.4209770155678076
COHFACE_s37_session3_natural,41,231,48.7,-0.9902737736701965,-0.4373335069845865
COHFACE_s37_session3_natural,41,232,48.733333333333334,-1.0396937131881714,-0.4740142028466612
COHFACE_s37_session3_natural,41,233,48.766666666666666,-1.067606806755066,-0.5385527251316791
COHFACE_s37_session3_natural,41,234,48.8,-0.758255660533905,-0.6158561200278133
COHFACE_s37_session3_natural,41,235,48.833333333333336,0.2772568166255951,-0.6705307590004329
COHFACE_s37_session3_natural,41,236,48.86666666666667,1.4160791635513306,-0.6608294159455887
COHFACE_s37_session3_natural,41,237,48.9,1.917081356048584,-0.5588315845086386
COHFACE_s37_session3_natural,41,238,48.93333333333333,1.8569360971450806,-0.3666579224682522
COHFACE_s37_session3_natural,41,239,48.96666666666667,1.5452840328216553,-0.11953496497325714
COHFACE_s37_session3_natural,42,0,42.0,1.8153682947158813,-0.12256525280667886
COHFACE_s37_session3_natural,42,1,42.03333333333333,1.5313526391983032,-0.07073577567417924
COHFACE_s37_session3_natural,42,2,42.06666666666667,1.2019405364990234,-0.028187340403653734
COHFACE_s37_session3_natural,42,3,42.1,0.80832839012146,6.12998844471896e-05
COHFACE_s37_session3_natural,42,4,42.13333333333333,0.5408279895782471,0.016854520583108278
COHFACE_s37_session3_natural,42,5,42.166666666666664,0.4708252549171448,0.029698689307139977
COHFACE_s37_session3_natural,42,6,42.2,0.4705989360809326,0.0439359844896047
COHFACE_s37_session3_natural,42,7,42.233333333333334,0.40901413559913635,0.05689026903052481
COHFACE_s37_session3_natural,42,8,42.266666666666666,0.24423262476921082,0.05732352072310047
COHFACE_s37_session3_natural,42,9,42.3,0.013710801489651203,0.031552582064671625
COHFACE_s37_session3_natural,42,10,42.333333333333336,-0.2200549840927124,-0.026027860282241
COHFACE_s37_session3_natural,42,11,42.36666666666667,-0.4277937114238739,-0.1032206545984827
COHFACE_s37_session3_natural,42,12,42.4,-0.6006410717964172,-0.16748325656683163
COHFACE_s37_session3_natural,42,13,42.43333333333333,-0.7372957468032837,-0.17469041357258924
COHFACE_s37_session3_natural,42,14,42.46666666666667,-0.8305153846740723,-0.08747717840295531
COHFACE_s37_session3_natural,42,15,42.5,-0.8941810727119446,0.10499604223940945
COHFACE_s37_session3_natural,42,16,42.53333333333333,-0.9446321129798889,0.3767404367557674
COHFACE_s37_session3_natural,42,17,42.56666666666667,-0.9942532777786255,0.670927398055377
COHFACE_s37_session3_natural,42,18,42.6,-1.0458358526229858,0.919425669581551
COHFACE_s37_session3_natural,42,19,42.63333333333333,-1.104120135307312,1.0652167241454675
COHFACE_s37_session3_natural,42,20,42.666666666666664,-1.1667423248291016,1.0769539217940858
COHFACE_s37_session3_natural,42,21,42.7,-1.2250266075134277,0.9514706287211688
COHFACE_s37_session3_natural,42,22,42.733333333333334,-1.2770869731903076,0.7075750885093383
COHFACE_s37_session3_natural,42,23,42.766666666666666,-1.3186674118041992,0.3777332889237547
COHFACE_s37_session3_natural,42,24,42.8,-1.3447887897491455,0.0017359631839948346
COHFACE_s37_session3_natural,42,25,42.833333333333336,-1.3679176568984985,-0.37769229025984496
COHFACE_s37_session3_natural,42,26,42.86666666666667,-1.3935863971710205,-0.7186826016103052
COHFACE_s37_session3_natural,42,27,42.9,-1.378246784210205,-0.9836906206968294
COHFACE_s37_session3_natural,42,28,42.93333333333333,-0.9205601811408997,-1.1421739911490556
COHFACE_s37_session3_natural,42,29,42.96666666666667,0.409950852394104,-1.1727460838188075
COHFACE_s37_session3_natural,42,30,43.0,1.7552986145019531,-1.0664200915946889
COHFACE_s37_session3_natural,42,31,43.03333333333333,2.2778515815734863,-0.8319345438729462
COHFACE_s37_session3_natural,42,32,43.06666666666667,2.1686134338378906,-0.5007128209099061
COHFACE_s37_session3_natural,42,33,43.1,1.8508065938949585,-0.12636135824010758
COHFACE_s37_session3_natural,42,34,43.13333333333333,1.5332449674606323,0.2246330961695998
COHFACE_s37_session3_natural,42,35,43.166666666666664,1.1903101205825806,0.4891090672794364
COHFACE_s37_session3_natural,42,36,43.2,0.7994074821472168,0.6235736337154119
COHFACE_s37_session3_natural,42,37,43.233333333333334,0.5337554216384888,0.6134208113942085
COHFACE_s37_session3_natural,42,38,43.266666666666666,0.4704291820526123,0.47252562339948423
COHFACE_s37_session3_natural,42,39,43.3,0.48001018166542053,0.23643111489448615
COHFACE_s37_session3_natural,42,40,43.333333333333336,0.43137601017951965,-0.04582630598777895
COHFACE_s37_session3_natural,42,41,43.36666666666667,0.27562856674194336,-0.318809985174619
COHFACE_s37_session3_natural,42,42,43.4,0.04792318865656853,-0.5282288119912155
COHFACE_s37_session3_natural,42,43,43.43333333333333,-0.19066451489925385,-0.6313012120868345
COHFACE_s37_session3_natural,42,44,43.46666666666667,-0.41008397936820984,-0.6083999078412916
COHFACE_s37_session3_natural,42,45,43.5,-0.6013765931129456,-0.47032053317054734
COHFACE_s37_session3_natural,42,46,43.53333333333333,-0.7508499026298523,-0.256052650039679
COHFACE_s37_session3_natural,42,47,43.56666666666667,-0.8476278185844421,-0.02042014860107478
COHFACE_s37_session3_natural,42,48,43.6,-0.9182278513908386,0.1841099697857435
COHFACE_s37_session3_natural,42,49,43.63333333333333,-0.9729663729667664,0.32426930507605256
COHFACE_s37_session3_natural,42,50,43.666666666666664,-1.015703558921814,0.3946044883090066
COHFACE_s37_session3_natural,42,51,43.7,-1.0668084621429443,0.4144131755843858
COHFACE_s37_session3_natural,42,52,43.733333333333334,-1.1223516464233398,0.41470864716603356
COHFACE_s37_session3_natural,42,53,43.766666666666666,-1.179680347442627,0.4214031688463524
COHFACE_s37_session3_natural,42,54,43.8,-1.2433964014053345,0.44248566679453644
COHFACE_s37_session3_natural,42,55,43.833333333333336,-1.3001781702041626,0.4648938131319844
COHFACE_s37_session3_natural,42,56,43.86666666666667,-1.3425569534301758,0.46201731674721797
COHFACE_s37_session3_natural,42,57,43.9,-1.3753045797348022,0.4078121329774562
COHFACE_s37_session3_natural,42,58,43.93333333333333,-1.4037394523620605,0.29081393632876984
COHFACE_s37_session3_natural,42,59,43.96666666666667,-1.435078740119934,0.12182584366068164
COHFACE_s37_session3_natural,42,60,44.0,-1.411138892173767,-0.0678651337188956
COHFACE_s37_session3_natural,42,61,44.03333333333333,-0.8678145408630371,-0.23681391147982397
COHFACE_s37_session3_natural,42,62,44.06666666666667,0.5596756339073181,-0.34798677894684427
COHFACE_s37_session3_natural,42,63,44.1,1.8777766227722168,-0.38156574693707873
COHFACE_s37_session3_natural,42,64,44.13333333333333,2.3485960960388184,-0.3405088477374877
COHFACE_s37_session3_natural,42,65,44.166666666666664,2.2139155864715576,-0.24674052494704013
COHFACE_s37_session3_natural,42,66,44.2,1.8725712299346924,-0.1309509875522577
COHFACE_s37_session3_natural,42,67,44.233333333333334,1.5214951038360596,-0.022014969666038706
COHFACE_s37_session3_natural,42,68,44.266666666666666,1.1542809009552002,0.0595668821082747
COHFACE_s37_session3_natural,42,69,44.3,0.7680241465568542,0.10378124146037931
COHFACE_s37_session3_natural,42,70,44.333333333333336,0.5175356864929199,0.1108751661864336
COHFACE_s37_session3_natural,42,71,44.36666666666667,0.4605904519557953,0.0904160156214619
COHFACE_s37_session3_natural,42,72,44.4,0.4779544174671173,0.05895275523350584
COHFACE_s37_session3_natural,42,73,44.43333333333333,0.4371849596500397,0.0346702828792281
COHFACE_s37_session3_natural,42,74,44.46666666666667,0.2917477488517761,0.029709545728699712
COHFACE_s37_session3_natural,42,75,44.5,0.07146070897579193,0.043856033113205226
COHFACE_s37_session3_natural,42,76,44.53333333333333,-0.17008176445960999,0.06370522659534743
COHFACE_s37_session3_natural,42,77,44.56666666666667,-0.3974413573741913,0.06867185829361419
COHFACE_s37_session3_natural,42,78,44.6,-0.5934364795684814,0.04114395416686579
COHFACE_s37_session3_natural,42,79,44.63333333333333,-0.7526856660842896,-0.02453844360454958
COHFACE_s37_session3_natural,42,80,44.666666666666664,-0.8666137456893921,-0.11893973284227546
COHFACE_s37_session3_natural,42,81,44.7,-0.9364467859268188,-0.22157956213118635
COHFACE_s37_session3_natural,42,82,44.733333333333334,-0.9864325523376465,-0.30971809556135377
COHFACE_s37_session3_natural,42,83,44.766666666666666,-1.0331052541732788,-0.3671940399399683
COHFACE_s37_session3_natural,42,84,44.8,-1.0808781385421753,-0.38911686917992394
COHFACE_s37_session3_natural,42,85,44.833333333333336,-1.1327310800552368,-0.3808590990537774
COHFACE_s37_session3_natural,42,86,44.86666666666667,-1.1895819902420044,-0.35297183947885924
COHFACE_s37_session3_natural,42,87,44.9,-1.2420949935913086,-0.31554312823165537
COHFACE_s37_session3_natural,42,88,44.93333333333333,-1.2886797189712524,-0.27505808400186826
COHFACE_s37_session3_natural,42,89,44.96666666666667,-1.3302475214004517,-0.23433732068529484
COHFACE_s37_session3_natural,42,90,45.0,-1.380113959312439,-0.19338817029474684
COHFACE_s37_session3_natural,42,91,45.03333333333333,-1.4210468530654907,-0.14867664072922807
COHFACE_s37_session3_natural,42,92,45.06666666666667,-1.218626618385315,-0.09118059118178636
COHFACE_s37_session3_natural,42,93,45.1,-0.15778492391109467,-0.006402017690640011
COHFACE_s37_session3_natural,42,94,45.13333333333333,1.366131067276001,0.12097672698071045
COHFACE_s37_session3_natural,42,95,45.166666666666664,2.2545907497406006,0.29829321920369806
COHFACE_s37_session3_natural,42,96,45.2,2.373516798019409,0.5157304495695005
COHFACE_s37_session3_natural,42,97,45.233333333333334,2.1100399494171143,0.7419569704483004
COHFACE_s37_session3_natural,42,98,45.266666666666666,1.7518408298492432,0.9284850635001843
COHFACE_s37_session3_natural,42,99,45.3,1.3900710344314575,1.0229018893476167
COHFACE_s37_session3_natural,42,100,45.333333333333336,0.9937869310379028,0.9865055752651349
COHFACE_s37_session3_natural,42,101,45.36666666666667,0.6421260833740234,0.8091092522409757
COHFACE_s37_session3_natural,42,102,45.4,0.4750688076019287,0.514742814884203
COHFACE_s37_session3_natural,42,103,45.43333333333333,0.45661723613739014,0.15596659173780408
COHFACE_s37_session3_natural,42,104,45.46666666666667,0.44881540536880493,-0.20076310575712047
COHFACE_s37_session3_natural,42,105,45.5,0.3620019555091858,-0.49307749648390947
COHFACE_s37_session3_natural,42,106,45.53333333333333,0.1829998791217804,-0.67804530977516
COHFACE_s37_session3_natural,42,107,45.56666666666667,-0.0445106104016304,-0.7406866452335878
COHFACE_s37_session3_natural,42,108,45.6,-0.28378984332084656,-0.6940599554840184
COHFACE_s37_session3_natural,42,109,45.63333333333333,-0.5041837692260742,-0.5719532748060677
COHFACE_s37_session3_natural,42,110,45.666666666666664,-0.6867190003395081,-0.41728969429776724
COHFACE_s37_session3_natural,42,111,45.7,-0.825737476348877,-0.2702146770232414
COHFACE_s37_session3_natural,42,112,45.733333333333334,-0.926802933216095,-0.15918296226435796
COHFACE_s37_session3_natural,42,113,45.766666666666666,-0.9998421669006348,-0.09676158886858385
COHFACE_s37_session3_natural,42,114,45.8,-1.0504000186920166,-0.08017687932590199
COHFACE_s37_session3_natural,42,115,45.833333333333336,-1.094759225845337,-0.0954465661778709
COHFACE_s37_session3_natural,42,116,45.86666666666667,-1.138929843902588,-0.12338261536838338
COHFACE_s37_session3_natural,42,117,45.9,-1.1858916282653809,-0.14550241793808796
COHFACE_s37_session3_natural,42,118,45.93333333333333,-1.2285408973693848,-0.14785598156231752
COHFACE_s37_session3_natural,42,119,45.96666666666667,-1.2704042196273804,-0.12163049063526318
COHFACE_s37_session3_natural,42,120,46.0,-1.3252307176589966,-0.06133326034636973
COHFACE_s37_session3_natural,42,121,46.03333333333333,-1.3796738386154175,0.036956971254357096
COHFACE_s37_session3_natural,42,122,46.06666666666667,-1.1964659690856934,0.17483864177866568
COHFACE_s37_session3_natural,42,123,46.1,-0.16566847264766693,0.3478733427653632
COHFACE_s37_session3_natural,42,124,46.13333333333333,1.3296492099761963,0.5411276702056202
COHFACE_s37_session3_natural,42,125,46.166666666666664,2.2012476921081543,0.7275041675332434
COHFACE_s37_session3_natural,42,126,46.2,2.3205196857452393,0.871146588361134
COHFACE_s37_session3_natural,42,127,46.233333333333334,2.075249195098877,0.9355229293662904
COHFACE_s37_session3_natural,42,128,46.266666666666666,1.729378342628479,0.8935922756119166
COHFACE_s37_session3_natural,42,129,46.3,1.3650057315826416,0.736658404483579
COHFACE_s37_session3_natural,42,130,46.333333333333336,0.9661567211151123,0.4790586266542633
COHFACE_s37_session3_natural,42,131,46.36666666666667,0.6139552593231201,0.15713113585282218
COHFACE_s37_session3_natural,42,132,46.4,0.4400831460952759,-0.17767410236625947
COHFACE_s37_session3_natural,42,133,46.43333333333333,0.4121386408805847,-0.4703208950053393
COHFACE_s37_session3_natural,42,134,46.46666666666667,0.4087940752506256,-0.6758309179942438
COHFACE_s37_session3_natural,42,135,46.5,0.33295726776123047,-0.771400772137475
COHFACE_s37_session3_natural,42,136,46.53333333333333,0.16194561123847961,-0.7628764593381984
COHFACE_s37_session3_natural,42,137,46.56666666666667,-0.06001368537545204,-0.6825417892399642
COHFACE_s37_session3_natural,42,138,46.6,-0.2919751703739166,-0.5780951228289715
COHFACE_s37_session3_natural,42,139,46.63333333333333,-0.5116838216781616,-0.4963273227507257
COHFACE_s37_session3_natural,42,140,46.666666666666664,-0.700706958770752,-0.4675696637565118
COHFACE_s37_session3_natural,42,141,46.7,-0.8475964069366455,-0.497009122452533
COHFACE_s37_session3_natural,42,142,46.733333333333334,-0.9497935175895691,-0.5661154415883658
COHFACE_s37_session3_natural,42,143,46.766666666666666,-1.0200666189193726,-0.6428693841850907
COHFACE_s37_session3_natural,42,144,46.8,-1.0705993175506592,-0.6954410455836323
COHFACE_s37_session3_natural,42,145,46.833333333333336,-1.1111047267913818,-0.70283856444863
COHFACE_s37_session3_natural,42,146,46.86666666666667,-1.1439779996871948,-0.6585907738854841
COHFACE_s37_session3_natural,42,147,46.9,-1.1750848293304443,-0.5675885154205035
COHFACE_s37_session3_natural,42,148,46.93333333333333,-1.2159171104431152,-0.43910401370124996
COHFACE_s37_session3_natural,42,149,46.96666666666667,-1.2767537832260132,-0.28000897877649333
COHFACE_s37_session3_natural,42,150,47.0,-1.2806264162063599,-0.09164394985843498
COHFACE_s37_session3_natural,42,151,47.03333333333333,-0.7675411701202393,0.12822707792512358
COHFACE_s37_session3_natural,42,152,47.06666666666667,0.5517354607582092,0.3798138954125154
COHFACE_s37_session3_natural,42,153,47.1,1.7454724311828613,0.6555392695919102
COHFACE_s37_session3_natural,42,154,47.13333333333333,2.1397321224212646,0.9375061558808868
COHFACE_s37_session3_natural,42,155,47.166666666666664,1.9979349374771118,1.1996320802675415
COHFACE_s37_session3_natural,42,156,47.2,1.701377272605896,1.4134106915618265
COHFACE_s37_session3_natural,42,157,47.233333333333334,1.3519922494888306,1.5545773808287267
COHFACE_s37_session3_natural,42,158,47.266666666666666,0.9574747681617737,1.6078570216806989
COHFACE_s37_session3_natural,42,159,47.3,0.5905308723449707,1.5683469866697983
COHFACE_s37_session3_natural,42,160,47.333333333333336,0.4031800329685211,1.4400108795840423
COHFACE_s37_session3_natural,42,161,47.36666666666667,0.3924988806247711,1.232834152968048
COHFACE_s37_session3_natural,42,162,47.4,0.42691874504089355,0.9598650078073465
COHFACE_s37_session3_natural,42,163,47.43333333333333,0.39439746737480164,0.6348614565239098
COHFACE_s37_session3_natural,42,164,47.46666666666667,0.2606535851955414,0.27153950257824583
COHFACE_s37_session3_natural,42,165,47.5,0.06278502196073532,-0.11475056460965709
COHFACE_s37_session3_natural,42,166,47.53333333333333,-0.15619437396526337,-0.503789762872357
COHFACE_s37_session3_natural,42,167,47.56666666666667,-0.369647741317749,-0.8684672578062732
COHFACE_s37_session3_natural,42,168,47.6,-0.5557349324226379,-1.1768807073620788
COHFACE_s37_session3_natural,42,169,47.63333333333333,-0.7061072587966919,-1.3993673059744736
COHFACE_s37_session3_natural,42,170,47.666666666666664,-0.8214750289916992,-1.5179617305225122
COHFACE_s37_session3_natural,42,171,47.7,-0.8991601467132568,-1.5333331492415803
COHFACE_s37_session3_natural,42,172,47.733333333333334,-0.9500638246536255,-1.4645644534476505
COHFACE_s37_session3_natural,42,173,47.766666666666666,-0.9878910779953003,-1.3406869428540922
COHFACE_s37_session3_natural,42,174,47.8,-1.0207141637802124,-1.1879804309993633
COHFACE_s37_session3_natural,42,175,47.833333333333336,-1.052480936050415,-1.019849844298135
COHFACE_s37_session3_natural,42,176,47.86666666666667,-1.1061758995056152,-0.8341544870442203
COHFACE_s37_session3_natural,42,177,47.9,-1.1602228879928589,-0.6182210879017885
COHFACE_s37_session3_natural,42,178,47.93333333333333,-0.9367862343788147,-0.3580974760480505
COHFACE_s37_session3_natural,42,179,47.96666666666667,0.06580264866352081,-0.04784983936447454
COHFACE_s37_session3_natural,42,180,48.0,1.3403743505477905,0.30359949839060585
COHFACE_s37_session3_natural,42,181,48.03333333333333,1.9875932931900024,0.6690732079175631
COHFACE_s37_session3_natural,42,182,48.06666666666667,1.9788358211517334,1.0045011327594593
COHFACE_s37_session3_natural,42,183,48.1,1.6975297927856445,1.2567644867475798
COHFACE_s37_session3_natural,42,184,48.13333333333333,1.331616997718811,1.3778925982430683
COHFACE_s37_session3_natural,42,185,48.166666666666664,0.9090418219566345,1.3418561310662334
COHFACE_s37_session3_natural,42,186,48.2,0.5044530034065247,1.1571229104432537
COHFACE_s37_session3_natural,42,187,48.233333333333334,0.28469401597976685,0.868062340848859
COHFACE_s37_session3_natural,42,188,48.266666666666666,0.27400657534599304,0.5422944783037694
COHFACE_s37_session3_natural,42,189,48.3,0.336012601852417,0.24781343521540428
COHFACE_s37_session3_natural,42,190,48.333333333333336,0.3382381200790405,0.029764221875456468
COHFACE_s37_session3_natural,42,191,48.36666666666667,0.23103678226470947,-0.10212444470278688
COHFACE_s37_session3_natural,42,192,48.4,0.047055620700120926,-0.1699333904463735
COHFACE_s37_session3_natural,42,193,48.43333333333333,-0.16133064031600952,-0.21087709754546302
COHFACE_s37_session3_natural,42,194,48.46666666666667,-0.36332327127456665,-0.25702709782636185
COHFACE_s37_session3_natural,42,195,48.5,-0.541401207447052,-0.32157845703991783
COHFACE_s37_session3_natural,42,196,48.53333333333333,-0.690962553024292,-0.39685236273700786
COHFACE_s37_session3_natural,42,197,48.56666666666667,-0.8014140725135803,-0.4625057554761153
COHFACE_s37_session3_natural,42,198,48.6,-0.8746796250343323,-0.4981544639435981
COHFACE_s37_session3_natural,42,199,48.63333333333333,-0.919654905796051,-0.4940027914166407
COHFACE_s37_session3_natural,42,200,48.666666666666664,-0.9544079899787903,-0.45514873754619456
COHFACE_s37_session3_natural,42,201,48.7,-0.9902737736701965,-0.3985052088776781
COHFACE_s37_session3_natural,42,202,48.733333333333334,-1.0396937131881714,-0.344368125949188
COHFACE_s37_session3_natural,42,203,48.766666666666666,-1.067606806755066,-0.30676218540790834
COHFACE_s37_session3_natural,42,204,48.8,-0.758255660533905,-0.28723836446398926
COHFACE_s37_session3_natural,42,205,48.833333333333336,0.2772568166255951,-0.2751231101617886
COHFACE_s37_session3_natural,42,206,48.86666666666667,1.4160791635513306,-0.2536413671280284
COHFACE_s37_session3_natural,42,207,48.9,1.917081356048584,-0.20794623257520103
COHFACE_s37_session3_natural,42,208,48.93333333333333,1.8569360971450806,-0.1302245327098167
COHFACE_s37_session3_natural,42,209,48.96666666666667,1.5452840328216553,-0.01960791562363165
COHFACE_s37_session3_natural,42,210,49.0,1.1335723400115967,0.12093045524275453
COHFACE_s37_session3_natural,42,211,49.03333333333333,0.6692344546318054,0.2862162258124585
COHFACE_s37_session3_natural,42,212,49.06666666666667,0.28497692942619324,0.46690449096332765
COHFACE_s37_session3_natural,42,213,49.1,0.14297854900360107,0.6461411318989706
COHFACE_s37_session3_natural,42,214,49.13333333333333,0.1951521337032318,0.7992551042390118
COHFACE_s37_session3_natural,42,215,49.166666666666664,0.2624515891075134,0.8988396448376247
COHFACE_s37_session3_natural,42,216,49.2,0.23577068746089935,0.9228407066681642
COHFACE_s37_session3_natural,42,217,49.233333333333334,0.10646522045135498,0.8605970466567916
COHFACE_s37_session3_natural,42,218,49.266666666666666,-0.08472682535648346,0.714151285147705
COHFACE_s37_session3_natural,42,219,49.3,-0.28916501998901367,0.49645819636300986
COHFACE_s37_session3_natural,42,220,49.333333333333336,-0.4820859134197235,0.2297172715281335
COHFACE_s37_session3_natural,42,221,49.36666666666667,-0.6523116827011108,-0.05503595663335537
COHFACE_s37_session3_natural,42,222,49.4,-0.7914685010910034,-0.31944915550798325
COHFACE_s37_session3_natural,42,223,49.43333333333333,-0.8945519924163818,-0.5239360364780714
COHFACE_s37_session3_natural,42,224,49.46666666666667,-0.9585446119308472,-0.6385437409189172
COHFACE_s37_session3_natural,42,225,49.5,-0.9955546259880066,-0.6540354168747792
COHFACE_s37_session3_natural,42,226,49.53333333333333,-1.0242975950241089,-0.5865284083654495
COHFACE_s37_session3_natural,42,227,49.56666666666667,-1.0629671812057495,-0.4716088197654687
COHFACE_s37_session3_natural,42,228,49.6,-1.0954759120941162,-0.34984933403796625
COHFACE_s37_session3_natural,42,229,49.63333333333333,-0.8833742141723633,-0.2508936901703713
COHFACE_s37_session3_natural,42,230,49.666666666666664,0.022990016266703606,-0.18400700717489585
COHFACE_s37_session3_natural,42,231,49.7,1.1982816457748413,-0.1392168230643066
COHFACE_s37_session3_natural,42,232,49.733333333333334,1.8143309354782104,-0.09748044896707965
COHFACE_s37_session3_natural,42,233,49.766666666666666,1.8181344270706177,-0.0439137971235342
COHFACE_s37_session3_natural,42,234,49.8,1.5197536945343018,0.022806374299975538
COHFACE_s37_session3_natural,42,235,49.833333333333336,1.0990896224975586,0.0892529448449995
COHFACE_s37_session3_natural,42,236,49.86666666666667,0.6159669756889343,0.13434408890065008
COHFACE_s37_session3_natural,42,237,49.9,0.20766900479793549,0.14072359762632278
COHFACE_s37_session3_natural,42,238,49.93333333333333,0.05003552883863449,0.10440996037221999
COHFACE_s37_session3_natural,42,239,49.96666666666667,0.10769741982221603,0.037747367272647644
COHFACE_s37_session3_natural,43,0,43.0,1.7552986145019531,-0.12003158261980887
COHFACE_s37_session3_natural,43,1,43.03333333333333,2.2778515815734863,-0.08250938123431444
COHFACE_s37_session3_natural,43,2,43.06666666666667,2.1686134338378906,-0.02292523894232943
COHFACE_s37_session3_natural,43,3,43.1,1.8508065938949585,0.07347996525012215
COHFACE_s37_session3_natural,43,4,43.13333333333333,1.5332449674606323,0.21010654711743698
COHFACE_s37_session3_natural,43,5,43.166666666666664,1.1903101205825806,0.37215549693114197
COHFACE_s37_session3_natural,43,6,43.2,0.7994074821472168,0.5232044524779194
COHFACE_s37_session3_natural,43,7,43.233333333333334,0.5337554216384888,0.610950683864733
COHFACE_s37_session3_natural,43,8,43.266666666666666,0.4704291820526123,0.5841760950394704
COHFACE_s37_session3_natural,43,9,43.3,0.48001018166542053,0.41587970406579294
COHFACE_s37_session3_natural,43,10,43.333333333333336,0.43137601017951965,0.1218869469464601
COHFACE_s37_session3_natural,43,11,43.36666666666667,0.27562856674194336,-0.2358864157746453
COHFACE_s37_session3_natural,43,12,43.4,0.04792318865656853,-0.565928590636013
COHFACE_s37_session3_natural,43,13,43.43333333333333,-0.19066451489925385,-0.7779735740590215
COHFACE_s37_session3_natural,43,14,43.46666666666667,-0.41008397936820984,-0.8149274672864443
COHFACE_s37_session3_natural,43,15,43.5,-0.6013765931129456,-0.6716467921836686
COHFACE_s37_session3_natural,43,16,43.53333333333333,-0.7508499026298523,-0.39327589119739514
COHFACE_s37_session3_natural,43,17,43.56666666666667,-0.8476278185844421,-0.0557139111831573
COHFACE_s37_session3_natural,43,18,43.6,-0.9182278513908386,0.26243246290157174
COHFACE_s37_session3_natural,43,19,43.63333333333333,-0.9729663729667664,0.5051674845253754
COHFACE_s37_session3_natural,43,20,43.666666666666664,-1.015703558921814,0.6526346401704336
COHFACE_s37_session3_natural,43,21,43.7,-1.0668084621429443,0.7189479131401091
COHFACE_s37_session3_natural,43,22,43.733333333333334,-1.1223516464233398,0.7368943055104625
COHFACE_s37_session3_natural,43,23,43.766666666666666,-1.179680347442627,0.737315707967349
COHFACE_s37_session3_natural,43,24,43.8,-1.2433964014053345,0.732715794601252
COHFACE_s37_session3_natural,43,25,43.833333333333336,-1.3001781702041626,0.7120726320831233
COHFACE_s37_session3_natural,43,26,43.86666666666667,-1.3425569534301758,0.648154211164282
COHFACE_s37_session3_natural,43,27,43.9,-1.3753045797348022,0.51295436970957
COHFACE_s37_session3_natural,43,28,43.93333333333333,-1.4037394523620605,0.2939819783510852
COHFACE_s37_session3_natural,43,29,43.96666666666667,-1.435078740119934,0.004420136005161572
COHFACE_s37_session3_natural,43,30,44.0,-1.411138892173767,-0.317227449479729
COHFACE_s37_session3_natural,43,31,44.03333333333333,-0.8678145408630371,-0.6180638661872979
COHFACE_s37_session3_natural,43,32,44.06666666666667,0.5596756339073181,-0.8475562920573744
COHFACE_s37_session3_natural,43,33,44.1,1.8777766227722168,-0.9727301159514136
COHFACE_s37_session3_natural,43,34,44.13333333333333,2.3485960960388184,-0.9857245130545336
COHFACE_s37_session3_natural,43,35,44.166666666666664,2.2139155864715576,-0.9018682576586271
COHFACE_s37_session3_natural,43,36,44.2,1.8725712299346924,-0.7509406710662493
COHFACE_s37_session3_natural,43,37,44.233333333333334,1.5214951038360596,-0.5666046610003618
COHFACE_s37_session3_natural,43,38,44.266666666666666,1.1542809009552002,-0.3781771717353707
COHFACE_s37_session3_natural,43,39,44.3,0.7680241465568542,-0.2062250206261588
COHFACE_s37_session3_natural,43,40,44.333333333333336,0.5175356864929199,-0.06112854594877117
COHFACE_s37_session3_natural,43,41,44.36666666666667,0.4605904519557953,0.05678480532397548
COHFACE_s37_session3_natural,43,42,44.4,0.4779544174671173,0.15573782880741038
COHFACE_s37_session3_natural,43,43,44.43333333333333,0.4371849596500397,0.24870646238419444
COHFACE_s37_session3_natural,43,44,44.46666666666667,0.2917477488517761,0.3470191150742126
COHFACE_s37_session3_natural,43,45,44.5,0.07146070897579193,0.45312704605960974
COHFACE_s37_session3_natural,43,46,44.53333333333333,-0.17008176445960999,0.5561728865108977
COHFACE_s37_session3_natural,43,47,44.56666666666667,-0.3974413573741913,0.6336095063030919
COHFACE_s37_session3_natural,43,48,44.6,-0.5934364795684814,0.6589861062603665
COHFACE_s37_session3_natural,43,49,44.63333333333333,-0.7526856660842896,0.6122842210088062
COHFACE_s37_session3_natural,43,50,44.666666666666664,-0.8666137456893921,0.4876450483387683
COHFACE_s37_session3_natural,43,51,44.7,-0.9364467859268188,0.2950665735495026
COHFACE_s37_session3_natural,43,52,44.733333333333334,-0.9864325523376465,0.056531210339177344
COHFACE_s37_session3_natural,43,53,44.766666666666666,-1.0331052541732788,-0.19999789593560016
COHFACE_s37_session3_natural,43,54,44.8,-1.0808781385421753,-0.44540880021500845
COHFACE_s37_session3_natural,43,55,44.833333333333336,-1.1327310800552368,-0.6520033552439829
COHFACE_s37_session3_natural,43,56,44.86666666666667,-1.1895819902420044,-0.7947321894704903
COHFACE_s37_session3_natural,43,57,44.9,-1.2420949935913086,-0.8529446418844767
COHFACE_s37_session3_natural,43,58,44.93333333333333,-1.2886797189712524,-0.8140716362339316
COHFACE_s37_session3_natural,43,59,44.96666666666667,-1.3302475214004517,-0.6787321293219062
COHFACE_s37_session3_natural,43,60,45.0,-1.380113959312439,-0.464190948177461
COHFACE_s37_session3_natural,43,61,45.03333333333333,-1.4210468530654907,-0.20245052344227366
COHFACE_s37_session3_natural,43,62,45.06666666666667,-1.218626618385315,0.06798909817803202
COHFACE_s37_session3_natural,43,63,45.1,-0.15778492391109467,0.31351406830623957
COHFACE_s37_session3_natural,43,64,45.13333333333333,1.366131067276001,0.5143302375525974
COHFACE_s37_session3_natural,43,65,45.166666666666664,2.2545907497406006,0.6662101327240527
COHFACE_s37_session3_natural,43,66,45.2,2.373516798019409,0.7740642272239633
COHFACE_s37_session3_natural,43,67,45.233333333333334,2.1100399494171143,0.8410964369077835
COHFACE_s37_session3_natural,43,68,45.266666666666666,1.7518408298492432,0.8604028819446392
COHFACE_s37_session3_natural,43,69,45.3,1.3900710344314575,0.8149490053678013
COHFACE_s37_session3_natural,43,70,45.333333333333336,0.9937869310379028,0.6867699154903167
COHFACE_s37_session3_natural,43,71,45.36666666666667,0.6421260833740234,0.47028336467233944
COHFACE_s37_session3_natural,43,72,45.4,0.4750688076019287,0.1817893832686878
COHFACE_s37_session3_natural,43,73,45.43333333333333,0.45661723613739014,-0.14075592855499347
COHFACE_s37_session3_natural,43,74,45.46666666666667,0.44881540536880493,-0.4479627111879261
COHFACE_s37_session3_natural,43,75,45.5,0.3620019555091858,-0.6938890710821057
COHFACE_s37_session3_natural,43,76,45.53333333333333,0.1829998791217804,-0.8482094830777602
COHFACE_s37_session3_natural,43,77,45.56666666666667,-0.0445106104016304,-0.9007119320758312
COHFACE_s37_session3_natural,43,78,45.6,-0.28378984332084656,-0.8581881970354441
COHFACE_s37_session3_natural,43,79,45.63333333333333,-0.5041837692260742,-0.7377273773235763
COHFACE_s37_session3_natural,43,80,45.666666666666664,-0.6867190003395081,-0.5607181749111871
COHFACE_s37_session3_natural,43,81,45.7,-0.825737476348877,-0.34952008872158585
COHFACE_s37_session3_natural,43,82,45.733333333333334,-0.926802933216095,-0.12629429715121998
COHFACE_s37_session3_natural,43,83,45.766666666666666,-0.9998421669006348,0.0876675949684556
COHFACE_s37_session3_natural,43,84,45.8,-1.0504000186920166,0.2733986778632784
COHFACE_s37_session3_natural,43,85,45.833333333333336,-1.094759225845337,0.41651015478579634
COHFACE_s37_session3_natural,43,86,45.86666666666667,-1.138929843902588,0.5091627373879127
COHFACE_s37_session3_natural,43,87,45.9,-1.1858916282653809,0.5506569317086567
COHFACE_s37_session3_natural,43,88,45.93333333333333,-1.2285408973693848,0.546614892645078
COHFACE_s37_session3_natural,43,89,45.96666666666667,-1.2704042196273804,0.5076366897861199
COHFACE_s37_session3_natural,43,90,46.0,-1.3252307176589966,0.4480169859146125
COHFACE_s37_session3_natural,43,91,46.03333333333333,-1.3796738386154175,0.3841459029021688
COHFACE_s37_session3_natural,43,92,46.06666666666667,-1.1964659690856934,0.33179401139803555
COHFACE_s37_session3_natural,43,93,46.1,-0.16566847264766693,0.30225766500407786
COHFACE_s37_session3_natural,43,94,46.13333333333333,1.3296492099761963,0.29882525883092104
COHFACE_s37_session3_natural,43,95,46.166666666666664,2.2012476921081543,0.315445287374452
COHFACE_s37_session3_natural,43,96,46.2,2.3205196857452393,0.3379856231603199
COHFACE_s37_session3_natural,43,97,46.233333333333334,2.075249195098877,0.3469785302011759
COHFACE_s37_session3_natural,43,98,46.266666666666666,1.729378342628479,0.32107495008156584
COHFACE_s37_session3_natural,43,99,46.3,1.3650057315826416,0.24153920586699773
COHFACE_s37_session3_natural,43,100,46.333333333333336,0.9661567211151123,0.09811275563830836
COHFACE_s37_session3_natural,43,101,46.36666666666667,0.6139552593231201,-0.10487729989525545
COHFACE_s37_session3_natural,43,102,46.4,0.4400831460952759,-0.3450998058206206
COHFACE_s37_session3_natural,43,103,46.43333333333333,0.4121386408805847,-0.5847939438011699
COHFACE_s37_session3_natural,43,104,46.46666666666667,0.4087940752506256,-0.7804992044063352
COHFACE_s37_session3_natural,43,105,46.5,0.33295726776123047,-0.8973414935963009
COHFACE_s37_session3_natural,43,106,46.53333333333333,0.16194561123847961,-0.9220297035381353
COHFACE_s37_session3_natural,43,107,46.56666666666667,-0.06001368537545204,-0.8681873129424588
COHFACE_s37_session3_natural,43,108,46.6,-0.2919751703739166,-0.7707299678075001
COHFACE_s37_session3_natural,43,109,46.63333333333333,-0.5116838216781616,-0.6713198943472704
COHFACE_s37_session3_natural,43,110,46.666666666666664,-0.700706958770752,-0.6016283069931808
COHFACE_s37_session3_natural,43,111,46.7,-0.8475964069366455,-0.5722401724295851
COHFACE_s37_session3_natural,43,112,46.733333333333334,-0.9497935175895691,-0.5715885831500492
COHFACE_s37_session3_natural,43,113,46.766666666666666,-1.0200666189193726,-0.5738580416580705
COHFACE_s37_session3_natural,43,114,46.8,-1.0705993175506592,-0.5508835086951507
COHFACE_s37_session3_natural,43,115,46.833333333333336,-1.1111047267913818,-0.48240696774435154
COHFACE_s37_session3_natural,43,116,46.86666666666667,-1.1439779996871948,-0.36123749859011434
COHFACE_s37_session3_natural,43,117,46.9,-1.1750848293304443,-0.19286244021158297
COHFACE_s37_session3_natural,43,118,46.93333333333333,-1.2159171104431152,0.008976828288710643
COHFACE_s37_session3_natural,43,119,46.96666666666667,-1.2767537832260132,0.22835776775796238
COHFACE_s37_session3_natural,43,120,47.0,-1.2806264162063599,0.45222738533922974
COHFACE_s37_session3_natural,43,121,47.03333333333333,-0.7675411701202393,0.6724140304930853
COHFACE_s37_session3_natural,43,122,47.06666666666667,0.5517354607582092,0.8843269645053414
COHFACE_s37_session3_natural,43,123,47.1,1.7454724311828613,1.0838013443414107
COHFACE_s37_session3_natural,43,124,47.13333333333333,2.1397321224212646,1.264088673162738
COHFACE_s37_session3_natural,43,125,47.166666666666664,1.9979349374771118,1.4143139517250198
COHFACE_s37_session3_natural,43,126,47.2,1.701377272605896,1.5196114314704996
COHFACE_s37_session3_natural,43,127,47.233333333333334,1.3519922494888306,1.5626034086567138
COHFACE_s37_session3_natural,43,128,47.266666666666666,0.9574747681617737,1.5261770514868953
COHFACE_s37_session3_natural,43,129,47.3,0.5905308723449707,1.3976076134007824
COHFACE_s37_session3_natural,43,130,47.333333333333336,0.4031800329685211,1.173165036643413
COHFACE_s37_session3_natural,43,131,47.36666666666667,0.3924988806247711,0.8612830347141537
COHFACE_s37_session3_natural,43,132,47.4,0.42691874504089355,0.48248667634272874
COHFACE_s37_session3_natural,43,133,47.43333333333333,0.39439746737480164,0.06591324915803996
COHFACE_s37_session3_natural,43,134,47.46666666666667,0.2606535851955414,-0.35558283004099767
COHFACE_s37_session3_natural,43,135,47.5,0.06278502196073532,-0.7492591730491196
COHFACE_s37_session3_natural,43,136,47.53333333333333,-0.15619437396526337,-1.0847886678573972
COHFACE_s37_session3_natural,43,137,47.56666666666667,-0.369647741317749,-1.336640674419882
COHFACE_s37_session3_natural,43,138,47.6,-0.5557349324226379,-1.4877916250430234
COHFACE_s37_session3_natural,43,139,47.63333333333333,-0.7061072587966919,-1.5341201543155902
COHFACE_s37_session3_natural,43,140,47.666666666666664,-0.8214750289916992,-1.4874234827117427
COHFACE_s37_session3_natural,43,141,47.7,-0.8991601467132568,-1.3745958907842977
COHFACE_s37_session3_natural,43,142,47.733333333333334,-0.9500638246536255,-1.231182926873595
COHFACE_s37_session3_natural,43,143,47.766666666666666,-0.9878910779953003,-1.0899423776535013
COHFACE_s37_session3_natural,43,144,47.8,-1.0207141637802124,-0.9686807166763525
COHFACE_s37_session3_natural,43,145,47.833333333333336,-1.052480936050415,-0.8633869676092322
COHFACE_s37_session3_natural,43,146,47.86666666666667,-1.1061758995056152,-0.7503237913723672
COHFACE_s37_session3_natural,43,147,47.9,-1.1602228879928589,-0.5961075864506393
COHFACE_s37_session3_natural,43,148,47.93333333333333,-0.9367862343788147,-0.3713181812837832
COHFACE_s37_session3_natural,43,149,47.96666666666667,0.06580264866352081,-0.06268002722127332
COHFACE_s37_session3_natural,43,150,48.0,1.3403743505477905,0.3191364847709332
COHFACE_s37_session3_natural,43,151,48.03333333333333,1.9875932931900024,0.7372469316881836
COHFACE_s37_session3_natural,43,152,48.06666666666667,1.9788358211517334,1.133044167611917
COHFACE_s37_session3_natural,43,153,48.1,1.6975297927856445,1.4385019860234791
COHFACE_s37_session3_natural,43,154,48.13333333333333,1.331616997718811,1.5946679262116246
COHFACE_s37_session3_natural,43,155,48.166666666666664,0.9090418219566345,1.5708900191257873
COHFACE_s37_session3_natural,43,156,48.2,0.5044530034065247,1.3772382016193716
COHFACE_s37_session3_natural,43,157,48.233333333333334,0.28469401597976685,1.063941803845232
COHFACE_s37_session3_natural,43,158,48.266666666666666,0.27400657534599304,0.7064214333585703
COHFACE_s37_session3_natural,43,159,48.3,0.336012601852417,0.38084816863989995
COHFACE_s37_session3_natural,43,160,48.333333333333336,0.3382381200790405,0.1400884014316286
COHFACE_s37_session3_natural,43,161,48.36666666666667,0.23103678226470947,0.0001362954784439735
COHFACE_s37_session3_natural,43,162,48.4,0.047055620700120926,-0.058182007733450974
COHFACE_s37_session3_natural,43,163,48.43333333333333,-0.16133064031600952,-0.07496312257982049
COHFACE_s37_session3_natural,43,164,48.46666666666667,-0.36332327127456665,-0.09233341075329783
COHFACE_s37_session3_natural,43,165,48.5,-0.541401207447052,-0.13931532132192173
COHFACE_s37_session3_natural,43,166,48.53333333333333,-0.690962553024292,-0.22524797075487343
COHFACE_s37_session3_natural,43,167,48.56666666666667,-0.8014140725135803,-0.34174899305888906
COHFACE_s37_session3_natural,43,168,48.6,-0.8746796250343323,-0.4700733460274889
COHFACE_s37_session3_natural,43,169,48.63333333333333,-0.919654905796051,-0.5897965724771538
COHFACE_s37_session3_natural,43,170,48.666666666666664,-0.9544079899787903,-0.685291781732876
COHFACE_s37_session3_natural,43,171,48.7,-0.9902737736701965,-0.7480018082524965
COHFACE_s37_session3_natural,43,172,48.733333333333334,-1.0396937131881714,-0.774619672424727
COHFACE_s37_session3_natural,43,173,48.766666666666666,-1.067606806755066,-0.7632991925764314
COHFACE_s37_session3_natural,43,174,48.8,-0.758255660533905,-0.7110536789937725
COHFACE_s37_session3_natural,43,175,48.833333333333336,0.2772568166255951,-0.614700686874244
COHFACE_s37_session3_natural,43,176,48.86666666666667,1.4160791635513306,-0.4750859270121701
COHFACE_s37_session3_natural,43,177,48.9,1.917081356048584,-0.3013628034103953
COHFACE_s37_session3_natural,43,178,48.93333333333333,1.8569360971450806,-0.11101102637504223
COHFACE_s37_session3_natural,43,179,48.96666666666667,1.5452840328216553,0.07617345912004901
COHFACE_s37_session3_natural,43,180,49.0,1.1335723400115967,0.2466297772275785
COHFACE_s37_session3_natural,43,181,49.03333333333333,0.6692344546318054,0.3975769205251224
COHFACE_s37_session3_natural,43,182,49.06666666666667,0.28497692942619324,0.5337433652657574
COHFACE_s37_session3_natural,43,183,49.1,0.14297854900360107,0.658500931030827
COHFACE_s37_session3_natural,43,184,49.13333333333333,0.1951521337032318,0.7658534118469887
COHFACE_s37_session3_natural,43,185,49.166666666666664,0.2624515891075134,0.8390510708402384
COHFACE_s37_session3_natural,43,186,49.2,0.23577068746089935,0.8565424360459951
COHFACE_s37_session3_natural,43,187,49.233333333333334,0.10646522045135498,0.8009840415843813
COHFACE_s37_session3_natural,43,188,49.266666666666666,-0.08472682535648346,0.6661587910167696
COHFACE_s37_session3_natural,43,189,49.3,-0.28916501998901367,0.45944985429496676
COHFACE_s37_session3_natural,43,190,49.333333333333336,-0.4820859134197235,0.20086549355559735
COHFACE_s37_session3_natural,43,191,49.36666666666667,-0.6523116827011108,-0.07940723732765917
COHFACE_s37_session3_natural,43,192,49.4,-0.7914685010910034,-0.344786159406923
COHFACE_s37_session3_natural,43,193,49.43333333333333,-0.8945519924163818,-0.5587490143514573
COHFACE_s37_session3_natural,43,194,49.46666666666667,-0.9585446119308472,-0.6936845509155888
COHFACE_s37_session3_natural,43,195,49.5,-0.9955546259880066,-0.7389169554496948
COHFACE_s37_session3_natural,43,196,49.53333333333333,-1.0242975950241089,-0.7036172950341348
COHFACE_s37_session3_natural,43,197,49.56666666666667,-1.0629671812057495,-0.6122319939675654
COHFACE_s37_session3_natural,43,198,49.6,-1.0954759120941162,-0.49389993791106435
COHFACE_s37_session3_natural,43,199,49.63333333333333,-0.8833742141723633,-0.370678313418908
COHFACE_s37_session3_natural,43,200,49.666666666666664,0.022990016266703606,-0.2501355139296725
COHFACE_s37_session3_natural,43,201,49.7,1.1982816457748413,-0.125744133281974
COHFACE_s37_session3_natural,43,202,49.733333333333334,1.8143309354782104,0.015251245648715106
COHFACE_s37_session3_natural,43,203,49.766666666666666,1.8181344270706177,0.18033924043276522
COHFACE_s37_session3_natural,43,204,49.8,1.5197536945343018,0.362155807863841
COHFACE_s37_session3_natural,43,205,49.833333333333336,1.0990896224975586,0.5356601270601449
COHFACE_s37_session3_natural,43,206,49.86666666666667,0.6159669756889343,0.664204827633019
COHFACE_s37_session3_natural,43,207,49.9,0.20766900479793549,0.712699900770844
COHFACE_s37_session3_natural,43,208,49.93333333333333,0.05003552883863449,0.6623596487828208
COHFACE_s37_session3_natural,43,209,49.96666666666667,0.10769741982221603,0.5200166883970185
COHFACE_s37_session3_natural,43,210,50.0,0.1961265653371811,0.31699579880703627
COHFACE_s37_session3_natural,43,211,50.03333333333333,0.19131094217300415,0.097586685363263
COHFACE_s37_session3_natural,43,212,50.06666666666667,0.07936941087245941,-0.09716160687335072
COHFACE_s37_session3_natural,43,213,50.1,-0.10207191109657288,-0.24205850140568105
COHFACE_s37_session3_natural,43,214,50.13333333333333,-0.30444175004959106,-0.33123317531898383
COHFACE_s37_session3_natural,43,215,50.166666666666664,-0.49817994236946106,-0.3727159307372853
COHFACE_s37_session3_natural,43,216,50.2,-0.6673118472099304,-0.37933482948054725
COHFACE_s37_session3_natural,43,217,50.233333333333334,-0.7993960380554199,-0.3619687564752436
COHFACE_s37_session3_natural,43,218,50.266666666666666,-0.8969535231590271,-0.32772327688756936
COHFACE_s37_session3_natural,43,219,50.3,-0.9601917266845703,-0.28132461864728114
COHFACE_s37_session3_natural,43,220,50.333333333333336,-0.9988237023353577,-0.22658622629299574
COHFACE_s37_session3_natural,43,221,50.36666666666667,-1.036078929901123,-0.16628927290613713
COHFACE_s37_session3_natural,43,222,50.4,-1.0611881017684937,-0.10120420050088892
COHFACE_s37_session3_natural,43,223,50.43333333333333,-0.8802056908607483,-0.030323055911572312
COHFACE_s37_session3_natural,43,224,50.46666666666667,-0.0485529750585556,0.04634774305618028
COHFACE_s37_session3_natural,43,225,50.5,1.0809524059295654,0.12350878841927472
COHFACE_s37_session3_natural,43,226,50.53333333333333,1.679323434829712,0.18825845960547388
COHFACE_s37_session3_natural,43,227,50.56666666666667,1.6676175594329834,0.22295354164289877
COHFACE_s37_session3_natural,43,228,50.6,1.3481636047363281,0.2128246595343481
COHFACE_s37_session3_natural,43,229,50.63333333333333,0.9008439183235168,0.15410560057204756
COHFACE_s37_session3_natural,43,230,50.666666666666664,0.4063548445701599,0.05782418957553134
COHFACE_s37_session3_natural,43,231,50.7,0.03053409233689308,-0.05302199952618281
COHFACE_s37_session3_natural,43,232,50.733333333333334,-0.06200029328465462,-0.15153739962109808
COHFACE_s37_session3_natural,43,233,50.766666666666666,0.051299162209033966,-0.21625658492220354
COHFACE_s37_session3_natural,43,234,50.8,0.16138610243797302,-0.2373996294100665
COHFACE_s37_session3_natural,43,235,50.833333333333336,0.1511135846376419,-0.21764035624123299
COHFACE_s37_session3_natural,43,236,50.86666666666667,0.02480059303343296,-0.16796677197539678
COHFACE_s37_session3_natural,43,237,50.9,-0.16178327798843384,-0.10147721780468197
COHFACE_s37_session3_natural,43,238,50.93333333333333,-0.35902315378189087,-0.028290113065654463
COHFACE_s37_session3_natural,43,239,50.96666666666667,-0.5399426817893982,0.0464462704677409
COHFACE_s37_session3_natural,44,0,44.0,-1.411138892173767,0.05049217491439387
COHFACE_s37_session3_natural,44,1,44.03333333333333,-0.8678145408630371,0.16811408341952333
COHFACE_s37_session3_natural,44,2,44.06666666666667,0.5596756339073181,0.2852264720729148
COHFACE_s37_session3_natural,44,3,44.1,1.8777766227722168,0.40322597320613285
COHFACE_s37_session3_natural,44,4,44.13333333333333,2.3485960960388184,0.5249061066760277
COHFACE_s37_session3_natural,44,5,44.166666666666664,2.2139155864715576,0.6495960926522455
COHFACE_s37_session3_natural,44,6,44.2,1.8725712299346924,0.7667306882064887
COHFACE_s37_session3_natural,44,7,44.233333333333334,1.5214951038360596,0.853180867829176
COHFACE_s37_session3_natural,44,8,44.266666666666666,1.1542809009552002,0.878405700042456
COHFACE_s37_session3_natural,44,9,44.3,0.7680241465568542,0.8168324195151889
COHFACE_s37_session3_natural,44,10,44.333333333333336,0.5175356864929199,0.6619902501443796
COHFACE_s37_session3_natural,44,11,44.36666666666667,0.4605904519557953,0.4348403897106192
COHFACE_s37_session3_natural,44,12,44.4,0.4779544174671173,0.18089785412798287
COHFACE_s37_session3_natural,44,13,44.43333333333333,0.4371849596500397,-0.043950813533002786
COHFACE_s37_session3_natural,44,14,44.46666666666667,0.2917477488517761,-0.19330733327537383
COHFACE_s37_session3_natural,44,15,44.5,0.07146070897579193,-0.24704509084099427
COHFACE_s37_session3_natural,44,16,44.53333333333333,-0.17008176445960999,-0.21752823989486705
COHFACE_s37_session3_natural,44,17,44.56666666666667,-0.3974413573741913,-0.14289035577644096
COHFACE_s37_session3_natural,44,18,44.6,-0.5934364795684814,-0.07132633320478074
COHFACE_s37_session3_natural,44,19,44.63333333333333,-0.7526856660842896,-0.04412689271284516
COHFACE_s37_session3_natural,44,20,44.666666666666664,-0.8666137456893921,-0.08424159397751395
COHFACE_s37_session3_natural,44,21,44.7,-0.9364467859268188,-0.19311726479534505
COHFACE_s37_session3_natural,44,22,44.733333333333334,-0.9864325523376465,-0.3545201581031031
COHFACE_s37_session3_natural,44,23,44.766666666666666,-1.0331052541732788,-0.5418353589267114
COHFACE_s37_session3_natural,44,24,44.8,-1.0808781385421753,-0.7253165072895889
COHFACE_s37_session3_natural,44,25,44.833333333333336,-1.1327310800552368,-0.8772481302666135
COHFACE_s37_session3_natural,44,26,44.86666666666667,-1.1895819902420044,-0.9748148032445827
COHFACE_s37_session3_natural,44,27,44.9,-1.2420949935913086,-1.0016532887994416
COHFACE_s37_session3_natural,44,28,44.93333333333333,-1.2886797189712524,-0.949115173283447
COHFACE_s37_session3_natural,44,29,44.96666666666667,-1.3302475214004517,-0.8173508956944424
COHFACE_s37_session3_natural,44,30,45.0,-1.380113959312439,-0.6152928414665915
COHFACE_s37_session3_natural,44,31,45.03333333333333,-1.4210468530654907,-0.3587891167387139
COHFACE_s37_session3_natural,44,32,45.06666666666667,-1.218626618385315,-0.06771370165761319
COHFACE_s37_session3_natural,44,33,45.1,-0.15778492391109467,0.23621757276273178
COHFACE_s37_session3_natural,44,34,45.13333333333333,1.366131067276001,0.5304171123897423
COHFACE_s37_session3_natural,44,35,45.166666666666664,2.2545907497406006,0.7922331527376326
COHFACE_s37_session3_natural,44,36,45.2,2.373516798019409,1.0004979693974663
COHFACE_s37_session3_natural,44,37,45.233333333333334,2.1100399494171143,1.1376401809000236
COHFACE_s37_session3_natural,44,38,45.266666666666666,1.7518408298492432,1.1917365246102487
COHFACE_s37_session3_natural,44,39,45.3,1.3900710344314575,1.1580570717857195
COHFACE_s37_session3_natural,44,40,45.333333333333336,0.9937869310379028,1.0398227666052788
COHFACE_s37_session3_natural,44,41,45.36666666666667,0.6421260833740234,0.8479707219057472
COHFACE_s37_session3_natural,44,42,45.4,0.4750688076019287,0.5999144060538708
COHFACE_s37_session3_natural,44,43,45.43333333333333,0.45661723613739014,0.3176468808982993
COHFACE_s37_session3_natural,44,44,45.46666666666667,0.44881540536880493,0.025839932391979757
COHFACE_s37_session3_natural,44,45,45.5,0.3620019555091858,-0.24966474838381034
COHFACE_s37_session3_natural,44,46,45.53333333333333,0.1829998791217804,-0.4834386073734454
COHFACE_s37_session3_natural,44,47,45.56666666666667,-0.0445106104016304,-0.6530845340994896
COHFACE_s37_session3_natural,44,48,45.6,-0.28378984332084656,-0.74315942603214
COHFACE_s37_session3_natural,44,49,45.63333333333333,-0.5041837692260742,-0.7492555790758612
COHFACE_s37_session3_natural,44,50,45.666666666666664,-0.6867190003395081,-0.6801225995351042
COHFACE_s37_session3_natural,44,51,45.7,-0.825737476348877,-0.556163327134704
COHFACE_s37_session3_natural,44,52,45.733333333333334,-0.926802933216095,-0.40449184521492426
COHFACE_s37_session3_natural,44,53,45.766666666666666,-0.9998421669006348,-0.2525239873176569
COHFACE_s37_session3_natural,44,54,45.8,-1.0504000186920166,-0.12241527002887749
COHFACE_s37_session3_natural,44,55,45.833333333333336,-1.094759225845337,-0.02782525191738425
COHFACE_s37_session3_natural,44,56,45.86666666666667,-1.138929843902588,0.02665014744799281
COHFACE_s37_session3_natural,44,57,45.9,-1.1858916282653809,0.044172764442309415
COHFACE_s37_session3_natural,44,58,45.93333333333333,-1.2285408973693848,0.034088346321940306
COHFACE_s37_session3_natural,44,59,45.96666666666667,-1.2704042196273804,0.011245704013687671
COHFACE_s37_session3_natural,44,60,46.0,-1.3252307176589966,-0.00447702356651518
COHFACE_s37_session3_natural,44,61,46.03333333333333,-1.3796738386154175,0.009377706541639413
COHFACE_s37_session3_natural,44,62,46.06666666666667,-1.1964659690856934,0.07188735846241681
COHFACE_s37_session3_natural,44,63,46.1,-0.16566847264766693,0.19047379971681225
COHFACE_s37_session3_natural,44,64,46.13333333333333,1.3296492099761963,0.3544505559416979
COHFACE_s37_session3_natural,44,65,46.166666666666664,2.2012476921081543,0.5348572444871531
COHFACE_s37_session3_natural,44,66,46.2,2.3205196857452393,0.6916806202397399
COHFACE_s37_session3_natural,44,67,46.233333333333334,2.075249195098877,0.7853019198146988
COHFACE_s37_session3_natural,44,68,46.266666666666666,1.729378342628479,0.7872812290743977
COHFACE_s37_session3_natural,44,69,46.3,1.3650057315826416,0.6869725016170996
COHFACE_s37_session3_natural,44,70,46.333333333333336,0.9661567211151123,0.4933156486328382
COHFACE_s37_session3_natural,44,71,46.36666666666667,0.6139552593231201,0.23306497674534468
COHFACE_s37_session3_natural,44,72,46.4,0.4400831460952759,-0.053577867006325344
COHFACE_s37_session3_natural,44,73,46.43333333333333,0.4121386408805847,-0.3201730885153457
COHFACE_s37_session3_natural,44,74,46.46666666666667,0.4087940752506256,-0.5243976626402324
COHFACE_s37_session3_natural,44,75,46.5,0.33295726776123047,-0.639933639151175
COHFACE_s37_session3_natural,44,76,46.53333333333333,0.16194561123847961,-0.6655012899038839
COHFACE_s37_session3_natural,44,77,46.56666666666667,-0.06001368537545204,-0.625893765401774
COHFACE_s37_session3_natural,44,78,46.6,-0.2919751703739166,-0.5629543854563513
COHFACE_s37_session3_natural,44,79,46.63333333333333,-0.5116838216781616,-0.5196161578720087
COHFACE_s37_session3_natural,44,80,46.666666666666664,-0.700706958770752,-0.5239865699127445
COHFACE_s37_session3_natural,44,81,46.7,-0.8475964069366455,-0.5804927888046925
COHFACE_s37_session3_natural,44,82,46.733333333333334,-0.9497935175895691,-0.6711222542617438
COHFACE_s37_session3_natural,44,83,46.766666666666666,-1.0200666189193726,-0.7645890130501767
COHFACE_s37_session3_natural,44,84,46.8,-1.0705993175506592,-0.8281203968075259
COHFACE_s37_session3_natural,44,85,46.833333333333336,-1.1111047267913818,-0.8367012134239881
COHFACE_s37_session3_natural,44,86,46.86666666666667,-1.1439779996871948,-0.7772129546568799
COHFACE_s37_session3_natural,44,87,46.9,-1.1750848293304443,-0.6478809324334179
COHFACE_s37_session3_natural,44,88,46.93333333333333,-1.2159171104431152,-0.4550530859063996
COHFACE_s37_session3_natural,44,89,46.96666666666667,-1.2767537832260132,-0.20955523348870206
COHFACE_s37_session3_natural,44,90,47.0,-1.2806264162063599,0.07563133089497183
COHFACE_s37_session3_natural,44,91,47.03333333333333,-0.7675411701202393,0.3857142729578476
COHFACE_s37_session3_natural,44,92,47.06666666666667,0.5517354607582092,0.7032635456267374
COHFACE_s37_session3_natural,44,93,47.1,1.7454724311828613,1.0078925062629176
COHFACE_s37_session3_natural,44,94,47.13333333333333,2.1397321224212646,1.2776723342938323
COHFACE_s37_session3_natural,44,95,47.166666666666664,1.9979349374771118,1.4921336359737951
COHFACE_s37_session3_natural,44,96,47.2,1.701377272605896,1.6354518082112472
COHFACE_s37_session3_natural,44,97,47.233333333333334,1.3519922494888306,1.6981788079784668
COHFACE_s37_session3_natural,44,98,47.266666666666666,0.9574747681617737,1.6768714339332862
COHFACE_s37_session3_natural,44,99,47.3,0.5905308723449707,1.5723390090181915
COHFACE_s37_session3_natural,44,100,47.333333333333336,0.4031800329685211,1.3879232995430968
COHFACE_s37_session3_natural,44,101,47.36666666666667,0.3924988806247711,1.1288124873941026
COHFACE_s37_session3_natural,44,102,47.4,0.42691874504089355,0.8023376760823522
COHFACE_s37_session3_natural,44,103,47.43333333333333,0.39439746737480164,0.4187218602146194
COHFACE_s37_session3_natural,44,104,47.46666666666667,0.2606535851955414,-0.007672631355293329
COHFACE_s37_session3_natural,44,105,47.5,0.06278502196073532,-0.45634326376740925
COHFACE_s37_session3_natural,44,106,47.53333333333333,-0.15619437396526337,-0.8988641782911216
COHFACE_s37_session3_natural,44,107,47.56666666666667,-0.369647741317749,-1.2995615866085548
COHFACE_s37_session3_natural,44,108,47.6,-0.5557349324226379,-1.6203794566649699
COHFACE_s37_session3_natural,44,109,47.63333333333333,-0.7061072587966919,-1.8293845096283288
COHFACE_s37_session3_natural,44,110,47.666666666666664,-0.8214750289916992,-1.9097097669975092
COHFACE_s37_session3_natural,44,111,47.7,-0.8991601467132568,-1.8645494706234733
COHFACE_s37_session3_natural,44,112,47.733333333333334,-0.9500638246536255,-1.7152068585605698
COHFACE_s37_session3_natural,44,113,47.766666666666666,-0.9878910779953003,-1.4926252942953504
COHFACE_s37_session3_natural,44,114,47.8,-1.0207141637802124,-1.2264154477431617
COHFACE_s37_session3_natural,44,115,47.833333333333336,-1.052480936050415,-0.9366738527909784
COHFACE_s37_session3_natural,44,116,47.86666666666667,-1.1061758995056152,-0.6318113935048212
COHFACE_s37_session3_natural,44,117,47.9,-1.1602228879928589,-0.31198343092611514
COHFACE_s37_session3_natural,44,118,47.93333333333333,-0.9367862343788147,0.024768522007735584
COHFACE_s37_session3_natural,44,119,47.96666666666667,0.06580264866352081,0.3765872690109797
COHFACE_s37_session3_natural,44,120,48.0,1.3403743505477905,0.7332701244810954
COHFACE_s37_session3_natural,44,121,48.03333333333333,1.9875932931900024,1.073285352481853
COHFACE_s37_session3_natural,44,122,48.06666666666667,1.9788358211517334,1.3635424378866672
COHFACE_s37_session3_natural,44,123,48.1,1.6975297927856445,1.5642876608050382
COHFACE_s37_session3_natural,44,124,48.13333333333333,1.331616997718811,1.640156018507683
COHFACE_s37_session3_natural,44,125,48.166666666666664,0.9090418219566345,1.5744665425315356
COHFACE_s37_session3_natural,44,126,48.2,0.5044530034065247,1.379757607741622
COHFACE_s37_session3_natural,44,127,48.233333333333334,0.28469401597976685,1.0973002569033397
COHFACE_s37_session3_natural,44,128,48.266666666666666,0.27400657534599304,0.7836849088442642
COHFACE_s37_session3_natural,44,129,48.3,0.336012601852417,0.4901598508132476
COHFACE_s37_session3_natural,44,130,48.333333333333336,0.3382381200790405,0.24497936712942017
COHFACE_s37_session3_natural,44,131,48.36666666666667,0.23103678226470947,0.047599801993369495
COHFACE_s37_session3_natural,44,132,48.4,0.047055620700120926,-0.12319293183231173
COHFACE_s37_session3_natural,44,133,48.43333333333333,-0.16133064031600952,-0.2927558555819326
COHFACE_s37_session3_natural,44,134,48.46666666666667,-0.36332327127456665,-0.4748900434774485
COHFACE_s37_session3_natural,44,135,48.5,-0.541401207447052,-0.664467267379204
COHFACE_s37_session3_natural,44,136,48.53333333333333,-0.690962553024292,-0.8404071680497263
COHFACE_s37_session3_natural,44,137,48.56666666666667,-0.8014140725135803,-0.9755447788205542
COHFACE_s37_session3_natural,44,138,48.6,-0.8746796250343323,-1.0475833532914316
COHFACE_s37_session3_natural,44,139,48.63333333333333,-0.919654905796051,-1.0464069535349858
COHFACE_s37_session3_natural,44,140,48.666666666666664,-0.9544079899787903,-0.9758736731535128
COHFACE_s37_session3_natural,44,141,48.7,-0.9902737736701965,-0.8508024698052427
COHFACE_s37_session3_natural,44,142,48.733333333333334,-1.0396937131881714,-0.6910737980942944
COHFACE_s37_session3_natural,44,143,48.766666666666666,-1.067606806755066,-0.5151456737193683
COHFACE_s37_session3_natural,44,144,48.8,-0.758255660533905,-0.3355272425568444
COHFACE_s37_session3_natural,44,145,48.833333333333336,0.2772568166255951,-0.15812484664671292
COHFACE_s37_session3_natural,44,146,48.86666666666667,1.4160791635513306,0.014703975105312132
COHFACE_s37_session3_natural,44,147,48.9,1.917081356048584,0.1799491127874862
COHFACE_s37_session3_natural,44,148,48.93333333333333,1.8569360971450806,0.3320351194649437
COHFACE_s37_session3_natural,44,149,48.96666666666667,1.5452840328216553,0.46480914591848077
COHFACE_s37_session3_natural,44,150,49.0,1.1335723400115967,0.5753867325306504
COHFACE_s37_session3_natural,44,151,49.03333333333333,0.6692344546318054,0.665838925108365
COHFACE_s37_session3_natural,44,152,49.06666666666667,0.28497692942619324,0.7407204502435549
COHFACE_s37_session3_natural,44,153,49.1,0.14297854900360107,0.8021582585131243
COHFACE_s37_session3_natural,44,154,49.13333333333333,0.1951521337032318,0.8460476873138393
COHFACE_s37_session3_natural,44,155,49.166666666666664,0.2624515891075134,0.8617331928868125
COHFACE_s37_session3_natural,44,156,49.2,0.23577068746089935,0.8347392120412814
COHFACE_s37_session3_natural,44,157,49.233333333333334,0.10646522045135498,0.7504797453391536
COHFACE_s37_session3_natural,44,158,49.266666666666666,-0.08472682535648346,0.5978932618089305
COHFACE_s37_session3_natural,44,159,49.3,-0.28916501998901367,0.3735593273940553
COHFACE_s37_session3_natural,44,160,49.333333333333336,-0.4820859134197235,0.08652991659833908
COHFACE_s37_session3_natural,44,161,49.36666666666667,-0.6523116827011108,-0.23787527429444727
COHFACE_s37_session3_natural,44,162,49.4,-0.7914685010910034,-0.5586419347588888
COHFACE_s37_session3_natural,44,163,49.43333333333333,-0.8945519924163818,-0.8264501158309328
COHFACE_s37_session3_natural,44,164,49.46666666666667,-0.9585446119308472,-0.996691387748992
COHFACE_s37_session3_natural,44,165,49.5,-0.9955546259880066,-1.0431476941016993
COHFACE_s37_session3_natural,44,166,49.53333333333333,-1.0242975950241089,-0.9663467147724332
COHFACE_s37_session3_natural,44,167,49.56666666666667,-1.0629671812057495,-0.7928083864968185
COHFACE_s37_session3_natural,44,168,49.6,-1.0954759120941162,-0.5654302731114441
COHFACE_s37_session3_natural,44,169,49.63333333333333,-0.8833742141723633,-0.3291151022090024
COHFACE_s37_session3_natural,44,170,49.666666666666664,0.022990016266703606,-0.11763793794206526
COHFACE_s37_session3_natural,44,171,49.7,1.1982816457748413,0.053123128703426635
COHFACE_s37_session3_natural,44,172,49.733333333333334,1.8143309354782104,0.18364898863273668
COHFACE_s37_session3_natural,44,173,49.766666666666666,1.8181344270706177,0.28281643667587797
COHFACE_s37_session3_natural,44,174,49.8,1.5197536945343018,0.358043371330963
COHFACE_s37_session3_natural,44,175,49.833333333333336,1.0990896224975586,0.40861839747990875
COHFACE_s37_session3_natural,44,176,49.86666666666667,0.6159669756889343,0.4256270797389893
COHFACE_s37_session3_natural,44,177,49.9,0.20766900479793549,0.398496606493562
COHFACE_s37_session3_natural,44,178,49.93333333333333,0.05003552883863449,0.3243849234910943
COHFACE_s37_session3_natural,44,179,49.96666666666667,0.10769741982221603,0.21461313311575994
COHFACE_s37_session3_natural,44,180,50.0,0.1961265653371811,0.0936325353429854
COHFACE_s37_session3_natural,44,181,50.03333333333333,0.19131094217300415,-0.00978463221237858
COHFACE_s37_session3_natural,44,182,50.06666666666667,0.07936941087245941,-0.07457874035318995
COHFACE_s37_session3_natural,44,183,50.1,-0.10207191109657288,-0.09585619907217237
COHFACE_s37_session3_natural,44,184,50.13333333333333,-0.30444175004959106,-0.08514958819950048
COHFACE_s37_session3_natural,44,185,50.166666666666664,-0.49817994236946106,-0.06289196071373009
COHFACE_s37_session3_natural,44,186,50.2,-0.6673118472099304,-0.04796266595755139
COHFACE_s37_session3_natural,44,187,50.233333333333334,-0.7993960380554199,-0.05014988775687636
COHFACE_s37_session3_natural,44,188,50.266666666666666,-0.8969535231590271,-0.06840319573466307
COHFACE_s37_session3_natural,44,189,50.3,-0.9601917266845703,-0.0937084648935626
COHFACE_s37_session3_natural,44,190,50.333333333333336,-0.9988237023353577,-0.11355379769266741
COHFACE_s37_session3_natural,44,191,50.36666666666667,-1.036078929901123,-0.11577314275280452
COHFACE_s37_session3_natural,44,192,50.4,-1.0611881017684937,-0.09152986955924848
COHFACE_s37_session3_natural,44,193,50.43333333333333,-0.8802056908607483,-0.038280966546338197
COHFACE_s37_session3_natural,44,194,50.46666666666667,-0.0485529750585556,0.037314715779877904
COHFACE_s37_session3_natural,44,195,50.5,1.0809524059295654,0.11838685987614193
COHFACE_s37_session3_natural,44,196,50.53333333333333,1.679323434829712,0.1812949660576554
COHFACE_s37_session3_natural,44,197,50.56666666666667,1.6676175594329834,0.20418287460357007
COHFACE_s37_session3_natural,44,198,50.6,1.3481636047363281,0.177397545294968
COHFACE_s37_session3_natural,44,199,50.63333333333333,0.9008439183235168,0.10998362913720049
COHFACE_s37_session3_natural,44,200,50.666666666666664,0.4063548445701599,0.02799369672608915
COHFACE_s37_session3_natural,44,201,50.7,0.03053409233689308,-0.03535107284709699
COHFACE_s37_session3_natural,44,202,50.733333333333334,-0.06200029328465462,-0.05355700864905894
COHFACE_s37_session3_natural,44,203,50.766666666666666,0.051299162209033966,-0.018710490727197392
COHFACE_s37_session3_natural,44,204,50.8,0.16138610243797302,0.05417895507718899
COHFACE_s37_session3_natural,44,205,50.833333333333336,0.1511135846376419,0.1327782232757383
COHFACE_s37_session3_natural,44,206,50.86666666666667,0.02480059303343296,0.18106809144382965
COHFACE_s37_session3_natural,44,207,50.9,-0.16178327798843384,0.17524809448535797
COHFACE_s37_session3_natural,44,208,50.93333333333333,-0.35902315378189087,0.11456849917392513
COHFACE_s37_session3_natural,44,209,50.96666666666667,-0.5399426817893982,0.021623764257935073
COHFACE_s37_session3_natural,44,210,51.0,-0.6917169094085693,-0.0684290867106363
COHFACE_s37_session3_natural,44,211,51.03333333333333,-0.8092222213745117,-0.12464690196325923
COHFACE_s37_session3_natural,44,212,51.06666666666667,-0.8853670954704285,-0.13469605304125365
COHFACE_s37_session3_natural,44,213,51.1,-0.9328444600105286,-0.10956907900513162
COHFACE_s37_session3_natural,44,214,51.13333333333333,-0.9771596193313599,-0.07653320981374087
COHFACE_s37_session3_natural,44,215,51.166666666666664,-0.9942343831062317,-0.06442098600225189
COHFACE_s37_session3_natural,44,216,51.2,-0.725910484790802,-0.0889612617573783
COHFACE_s37_session3_natural,44,217,51.233333333333334,0.22021731734275818,-0.14533668064408783
COHFACE_s37_session3_natural,44,218,51.266666666666666,1.3132848739624023,-0.21117308021436038
COHFACE_s37_session3_natural,44,219,51.3,1.8025622367858887,-0.25781219147056744
COHFACE_s37_session3_natural,44,220,51.333333333333336,1.7164151668548584,-0.26366786970754186
COHFACE_s37_session3_natural,44,221,51.36666666666667,1.3714810609817505,-0.22294252156274116
COHFACE_s37_session3_natural,44,222,51.4,0.9368982911109924,-0.1462869051920369
COHFACE_s37_session3_natural,44,223,51.43333333333333,0.4615146219730377,-0.05465994721857894
COHFACE_s37_session3_natural,44,224,51.46666666666667,0.10878502577543259,0.029377474141009687
COHFACE_s37_session3_natural,44,225,51.5,0.04411343112587929,0.08875621678122386
COHFACE_s37_session3_natural,44,226,51.53333333333333,0.15189313888549805,0.11555529771214854
COHFACE_s37_session3_natural,44,227,51.56666666666667,0.23317427933216095,0.11166530562003463
COHFACE_s37_session3_natural,44,228,51.6,0.19755995273590088,0.08732817375952379
COHFACE_s37_session3_natural,44,229,51.63333333333333,0.05455568805336952,0.05781096045750139
COHFACE_s37_session3_natural,44,230,51.666666666666664,-0.144394189119339,0.03844260737066164
COHFACE_s37_session3_natural,44,231,51.7,-0.34989482164382935,0.0391559070649519
COHFACE_s37_session3_natural,44,232,51.733333333333334,-0.5352904796600342,0.060735489878145525
COHFACE_s37_session3_natural,44,233,51.766666666666666,-0.6872785091400146,0.09484696928808616
COHFACE_s37_session3_natural,44,234,51.8,-0.7950707674026489,0.12806334403148245
COHFACE_s37_session3_natural,44,235,51.833333333333336,-0.8669909834861755,0.14777607244862748
COHFACE_s37_session3_natural,44,236,51.86666666666667,-0.9220438599586487,0.14685784428033707
COHFACE_s37_session3_natural,44,237,51.9,-0.9571741223335266,0.1250023502415618
COHFACE_s37_session3_natural,44,238,51.93333333333333,-0.7679875493049622,0.0870956990641983
COHFACE_s37_session3_natural,44,239,51.96666666666667,0.11305371671915054,0.04067319076727331
COHFACE_s37_session3_natural,45,0,45.0,-1.380113959312439,-0.06842359004291527
COHFACE_s37_session3_natural,45,1,45.03333333333333,-1.4210468530654907,-0.0775060752712532
COHFACE_s37_session3_natural,45,2,45.06666666666667,-1.218626618385315,-0.07899931479733802
COHFACE_s37_session3_natural,45,3,45.1,-0.15778492391109467,-0.06015710867905796
COHFACE_s37_session3_natural,45,4,45.13333333333333,1.366131067276001,-0.0023941915732096143
COHFACE_s37_session3_natural,45,5,45.166666666666664,2.2545907497406006,0.11030123457344732
COHFACE_s37_session3_natural,45,6,45.2,2.373516798019409,0.2778466349032918
COHFACE_s37_session3_natural,45,7,45.233333333333334,2.1100399494171143,0.4737962202079432
COHFACE_s37_session3_natural,45,8,45.266666666666666,1.7518408298492432,0.6466834472130526
COHFACE_s37_session3_natural,45,9,45.3,1.3900710344314575,0.7356658187965561
COHFACE_s37_session3_natural,45,10,45.333333333333336,0.9937869310379028,0.6948104366418553
COHFACE_s37_session3_natural,45,11,45.36666666666667,0.6421260833740234,0.5145760183700601
COHFACE_s37_session3_natural,45,12,45.4,0.4750688076019287,0.22971433124627905
COHFACE_s37_session3_natural,45,13,45.43333333333333,0.45661723613739014,-0.09076943092438738
COHFACE_s37_session3_natural,45,14,45.46666666666667,0.44881540536880493,-0.36749326375325214
COHFACE_s37_session3_natural,45,15,45.5,0.3620019555091858,-0.5379695579620388
COHFACE_s37_session3_natural,45,16,45.53333333333333,0.1829998791217804,-0.575631929007784
COHFACE_s37_session3_natural,45,17,45.56666666666667,-0.0445106104016304,-0.4935244865952457
COHFACE_s37_session3_natural,45,18,45.6,-0.28378984332084656,-0.3334671493318479
COHFACE_s37_session3_natural,45,19,45.63333333333333,-0.5041837692260742,-0.14778135497973133
COHFACE_s37_session3_natural,45,20,45.666666666666664,-0.6867190003395081,0.01824937282483703
COHFACE_s37_session3_natural,45,21,45.7,-0.825737476348877,0.1377231250759528
COHFACE_s37_session3_natural,45,22,45.733333333333334,-0.926802933216095,0.205173809531388
COHFACE_s37_session3_natural,45,23,45.766666666666666,-0.9998421669006348,0.23199707341172177
COHFACE_s37_session3_natural,45,24,45.8,-1.0504000186920166,0.23697222687990446
COHFACE_s37_session3_natural,45,25,45.833333333333336,-1.094759225845337,0.2358056247265334
COHFACE_s37_session3_natural,45,26,45.86666666666667,-1.138929843902588,0.23373690002945285
COHFACE_s37_session3_natural,45,27,45.9,-1.1858916282653809,0.22416908777443365
COHFACE_s37_session3_natural,45,28,45.93333333333333,-1.2285408973693848,0.19405032827472604
COHFACE_s37_session3_natural,45,29,45.96666666666667,-1.2704042196273804,0.13364871947112925
COHFACE_s37_session3_natural,45,30,46.0,-1.3252307176589966,0.0455731082066753
COHFACE_s37_session3_natural,45,31,46.03333333333333,-1.3796738386154175,-0.0523647575249346
COHFACE_s37_session3_natural,45,32,46.06666666666667,-1.1964659690856934,-0.13255604648514122
COHFACE_s37_session3_natural,45,33,46.1,-0.16566847264766693,-0.16865998066806911
COHFACE_s37_session3_natural,45,34,46.13333333333333,1.3296492099761963,-0.14671639543372722
COHFACE_s37_session3_natural,45,35,46.166666666666664,2.2012476921081543,-0.07102864250775284
COHFACE_s37_session3_natural,45,36,46.2,2.3205196857452393,0.03725476578176764
COHFACE_s37_session3_natural,45,37,46.233333333333334,2.075249195098877,0.14725187609856188
COHFACE_s37_session3_natural,45,38,46.266666666666666,1.729378342628479,0.22769142550279842
COHFACE_s37_session3_natural,45,39,46.3,1.3650057315826416,0.25529042475488095
COHFACE_s37_session3_natural,45,40,46.333333333333336,0.9661567211151123,0.2203165239201128
COHFACE_s37_session3_natural,45,41,46.36666666666667,0.6139552593231201,0.12874220130296776
COHFACE_s37_session3_natural,45,42,46.4,0.4400831460952759,0.0008987558886934966
COHFACE_s37_session3_natural,45,43,46.43333333333333,0.4121386408805847,-0.13345165713284132
COHFACE_s37_session3_natural,45,44,46.46666666666667,0.4087940752506256,-0.24338445345735332
COHFACE_s37_session3_natural,45,45,46.5,0.33295726776123047,-0.30682157130850896
COHFACE_s37_session3_natural,45,46,46.53333333333333,0.16194561123847961,-0.318692066141111
COHFACE_s37_session3_natural,45,47,46.56666666666667,-0.06001368537545204,-0.2931200205600724
COHFACE_s37_session3_natural,45,48,46.6,-0.2919751703739166,-0.2578507531122328
COHFACE_s37_session3_natural,45,49,46.63333333333333,-0.5116838216781616,-0.242922848648273
COHFACE_s37_session3_natural,45,50,46.666666666666664,-0.700706958770752,-0.26839891396809057
COHFACE_s37_session3_natural,45,51,46.7,-0.8475964069366455,-0.3364649380320754
COHFACE_s37_session3_natural,45,52,46.733333333333334,-0.9497935175895691,-0.4312683639250683
COHFACE_s37_session3_natural,45,53,46.766666666666666,-1.0200666189193726,-0.5262334944415307
COHFACE_s37_session3_natural,45,54,46.8,-1.0705993175506592,-0.5949024597005427
COHFACE_s37_session3_natural,45,55,46.833333333333336,-1.1111047267913818,-0.6198556873402249
COHFACE_s37_session3_natural,45,56,46.86666666666667,-1.1439779996871948,-0.5959830786426464
COHFACE_s37_session3_natural,45,57,46.9,-1.1750848293304443,-0.5276327205354122
COHFACE_s37_session3_natural,45,58,46.93333333333333,-1.2159171104431152,-0.4218024801456057
COHFACE_s37_session3_natural,45,59,46.96666666666667,-1.2767537832260132,-0.28120906820211444
COHFACE_s37_session3_natural,45,60,47.0,-1.2806264162063599,-0.10168632928524554
COHFACE_s37_session3_natural,45,61,47.03333333333333,-0.7675411701202393,0.12345139194979969
COHFACE_s37_session3_natural,45,62,47.06666666666667,0.5517354607582092,0.39391838524020484
COHFACE_s37_session3_natural,45,63,47.1,1.7454724311828613,0.6937631880725347
COHFACE_s37_session3_natural,45,64,47.13333333333333,2.1397321224212646,0.9897426362763221
COHFACE_s37_session3_natural,45,65,47.166666666666664,1.9979349374771118,1.2391609727530346
COHFACE_s37_session3_natural,45,66,47.2,1.701377272605896,1.403757266052114
COHFACE_s37_session3_natural,45,67,47.233333333333334,1.3519922494888306,1.4624269060958834
COHFACE_s37_session3_natural,45,68,47.266666666666666,0.9574747681617737,1.4164361481534284
COHFACE_s37_session3_natural,45,69,47.3,0.5905308723449707,1.2851849804811895
COHFACE_s37_session3_natural,45,70,47.333333333333336,0.4031800329685211,1.0954117808735093
COHFACE_s37_session3_natural,45,71,47.36666666666667,0.3924988806247711,0.8694994528679393
COHFACE_s37_session3_natural,45,72,47.4,0.42691874504089355,0.6182338043768527
COHFACE_s37_session3_natural,45,73,47.43333333333333,0.39439746737480164,0.34085740132787656
COHFACE_s37_session3_natural,45,74,47.46666666666667,0.2606535851955414,0.03208398023829012
COHFACE_s37_session3_natural,45,75,47.5,0.06278502196073532,-0.30725285216315845
COHFACE_s37_session3_natural,45,76,47.53333333333333,-0.15619437396526337,-0.6612803890353147
COHFACE_s37_session3_natural,45,77,47.56666666666667,-0.369647741317749,-0.9970601477545321
COHFACE_s37_session3_natural,45,78,47.6,-0.5557349324226379,-1.2716256420866223
COHFACE_s37_session3_natural,45,79,47.63333333333333,-0.7061072587966919,-1.445770697661606
COHFACE_s37_session3_natural,45,80,47.666666666666664,-0.8214750289916992,-1.4985493722043473
COHFACE_s37_session3_natural,45,81,47.7,-0.8991601467132568,-1.4354650373253621
COHFACE_s37_session3_natural,45,82,47.733333333333334,-0.9500638246536255,-1.2859140699587306
COHFACE_s37_session3_natural,45,83,47.766666666666666,-0.9878910779953003,-1.0907105230976828
COHFACE_s37_session3_natural,45,84,47.8,-1.0207141637802124,-0.8858829463708706
COHFACE_s37_session3_natural,45,85,47.833333333333336,-1.052480936050415,-0.6908104945351365
COHFACE_s37_session3_natural,45,86,47.86666666666667,-1.1061758995056152,-0.5055643035200349
COHFACE_s37_session3_natural,45,87,47.9,-1.1602228879928589,-0.3168120879820136
COHFACE_s37_session3_natural,45,88,47.93333333333333,-0.9367862343788147,-0.10786133645556417
COHFACE_s37_session3_natural,45,89,47.96666666666667,0.06580264866352081,0.1318508619803566
COHFACE_s37_session3_natural,45,90,48.0,1.3403743505477905,0.40017790447234114
COHFACE_s37_session3_natural,45,91,48.03333333333333,1.9875932931900024,0.6790363577848612
COHFACE_s37_session3_natural,45,92,48.06666666666667,1.9788358211517334,0.9353504437944552
COHFACE_s37_session3_natural,45,93,48.1,1.6975297927856445,1.127681491963645
COHFACE_s37_session3_natural,45,94,48.13333333333333,1.331616997718811,1.2184946839267894
COHFACE_s37_session3_natural,45,95,48.166666666666664,0.9090418219566345,1.1885596895007162
COHFACE_s37_session3_natural,45,96,48.2,0.5044530034065247,1.0470487031171365
COHFACE_s37_session3_natural,45,97,48.233333333333334,0.28469401597976685,0.8311883486683067
COHFACE_s37_session3_natural,45,98,48.266666666666666,0.27400657534599304,0.5938028844511193
COHFACE_s37_session3_natural,45,99,48.3,0.336012601852417,0.3835084965190492
COHFACE_s37_session3_natural,45,100,48.333333333333336,0.3382381200790405,0.22686485186247599
COHFACE_s37_session3_natural,45,101,48.36666666666667,0.23103678226470947,0.12133579362157464
COHFACE_s37_session3_natural,45,102,48.4,0.047055620700120926,0.0421192808010814
COHFACE_s37_session3_natural,45,103,48.43333333333333,-0.16133064031600952,-0.04159482992690315
COHFACE_s37_session3_natural,45,104,48.46666666666667,-0.36332327127456665,-0.14993927791778064
COHFACE_s37_session3_natural,45,105,48.5,-0.541401207447052,-0.2834870589170992
COHFACE_s37_session3_natural,45,106,48.53333333333333,-0.690962553024292,-0.4251246272148018
COHFACE_s37_session3_natural,45,107,48.56666666666667,-0.8014140725135803,-0.549696398217178
COHFACE_s37_session3_natural,45,108,48.6,-0.8746796250343323,-0.6355438385934044
COHFACE_s37_session3_natural,45,109,48.63333333333333,-0.919654905796051,-0.6727472239683943
COHFACE_s37_session3_natural,45,110,48.666666666666664,-0.9544079899787903,-0.6655330288600221
COHFACE_s37_session3_natural,45,111,48.7,-0.9902737736701965,-0.6289555301333016
COHFACE_s37_session3_natural,45,112,48.733333333333334,-1.0396937131881714,-0.5815211557836752
COHFACE_s37_session3_natural,45,113,48.766666666666666,-1.067606806755066,-0.5365100591964593
COHFACE_s37_session3_natural,45,114,48.8,-0.758255660533905,-0.4957898398103693
COHFACE_s37_session3_natural,45,115,48.833333333333336,0.2772568166255951,-0.44943895823543983
COHFACE_s37_session3_natural,45,116,48.86666666666667,1.4160791635513306,-0.38151470089392187
COHFACE_s37_session3_natural,45,117,48.9,1.917081356048584,-0.2786126947290738
COHFACE_s37_session3_natural,45,118,48.93333333333333,1.8569360971450806,-0.1362223461479792
COHFACE_s37_session3_natural,45,119,48.96666666666667,1.5452840328216553,0.04028120851854794
COHFACE_s37_session3_natural,45,120,49.0,1.1335723400115967,0.23893154817409756
COHFACE_s37_session3_natural,45,121,49.03333333333333,0.6692344546318054,0.4448738887697624
COHFACE_s37_session3_natural,45,122,49.06666666666667,0.28497692942619324,0.6418493465399983
COHFACE_s37_session3_natural,45,123,49.1,0.14297854900360107,0.8120488937104627
COHFACE_s37_session3_natural,45,124,49.13333333333333,0.1951521337032318,0.9366053869929255
COHFACE_s37_session3_natural,45,125,49.166666666666664,0.2624515891075134,0.9980477131217617
COHFACE_s37_session3_natural,45,126,49.2,0.23577068746089935,0.9837245216019053
COHFACE_s37_session3_natural,45,127,49.233333333333334,0.10646522045135498,0.8880780637367208
COHFACE_s37_session3_natural,45,128,49.266666666666666,-0.08472682535648346,0.7130499014133298
COHFACE_s37_session3_natural,45,129,49.3,-0.28916501998901367,0.46793253752753405
COHFACE_s37_session3_natural,45,130,49.333333333333336,-0.4820859134197235,0.17016108279432088
COHFACE_s37_session3_natural,45,131,49.36666666666667,-0.6523116827011108,-0.15331120332200393
COHFACE_s37_session3_natural,45,132,49.4,-0.7914685010910034,-0.46657541419298865
COHFACE_s37_session3_natural,45,133,49.43333333333333,-0.8945519924163818,-0.729862786662886
COHFACE_s37_session3_natural,45,134,49.46666666666667,-0.9585446119308472,-0.9088892409132284
COHFACE_s37_session3_natural,45,135,49.5,-0.9955546259880066,-0.9846639522080438
COHFACE_s37_session3_natural,45,136,49.53333333333333,-1.0242975950241089,-0.9588188853717524
COHFACE_s37_session3_natural,45,137,49.56666666666667,-1.0629671812057495,-0.8514549688089074
COHFACE_s37_session3_natural,45,138,49.6,-1.0954759120941162,-0.6923133097396423
COHFACE_s37_session3_natural,45,139,49.63333333333333,-0.8833742141723633,-0.5094998189726014
COHFACE_s37_session3_natural,45,140,49.666666666666664,0.022990016266703606,-0.32106408019607285
COHFACE_s37_session3_natural,45,141,49.7,1.1982816457748413,-0.13305008639898055
COHFACE_s37_session3_natural,45,142,49.733333333333334,1.8143309354782104,0.055786420350394265
COHFACE_s37_session3_natural,45,143,49.766666666666666,1.8181344270706177,0.24568992413250856
COHFACE_s37_session3_natural,45,144,49.8,1.5197536945343018,0.4286617519117829
COHFACE_s37_session3_natural,45,145,49.833333333333336,1.0990896224975586,0.5861961200341647
COHFACE_s37_session3_natural,45,146,49.86666666666667,0.6159669756889343,0.6935563273785059
COHFACE_s37_session3_natural,45,147,49.9,0.20766900479793549,0.729002485485127
COHFACE_s37_session3_natural,45,148,49.93333333333333,0.05003552883863449,0.6837136830229784
COHFACE_s37_session3_natural,45,149,49.96666666666667,0.10769741982221603,0.5673873767283983
COHFACE_s37_session3_natural,45,150,50.0,0.1961265653371811,0.40632756546670573
COHFACE_s37_session3_natural,45,151,50.03333333333333,0.19131094217300415,0.23444525560542556
COHFACE_s37_session3_natural,45,152,50.06666666666667,0.07936941087245941,0.08123036218320824
COHFACE_s37_session3_natural,45,153,50.1,-0.10207191109657288,-0.037460216439313763
COHFACE_s37_session3_natural,45,154,50.13333333333333,-0.30444175004959106,-0.12121854262601404
COHFACE_s37_session3_natural,45,155,50.166666666666664,-0.49817994236946106,-0.1791279005027144
COHFACE_s37_session3_natural,45,156,50.2,-0.6673118472099304,-0.22066080065757504
COHFACE_s37_session3_natural,45,157,50.233333333333334,-0.7993960380554199,-0.249764247053434
COHFACE_s37_session3_natural,45,158,50.266666666666666,-0.8969535231590271,-0.26497141957018794
COHFACE_s37_session3_natural,45,159,50.3,-0.9601917266845703,-0.26340601566028726
COHFACE_s37_session3_natural,45,160,50.333333333333336,-0.9988237023353577,-0.24464098210914048
COHFACE_s37_session3_natural,45,161,50.36666666666667,-1.036078929901123,-0.21187612993158533
COHFACE_s37_session3_natural,45,162,50.4,-1.0611881017684937,-0.1706023440089415
COHFACE_s37_session3_natural,45,163,50.43333333333333,-0.8802056908607483,-0.12671613427541617
COHFACE_s37_session3_natural,45,164,50.46666666666667,-0.0485529750585556,-0.08585839983238966
COHFACE_s37_session3_natural,45,165,50.5,1.0809524059295654,-0.05400416138170508
COHFACE_s37_session3_natural,45,166,50.53333333333333,1.679323434829712,-0.037557939281886596
COHFACE_s37_session3_natural,45,167,50.56666666666667,1.6676175594329834,-0.041228125595615235
COHFACE_s37_session3_natural,45,168,50.6,1.3481636047363281,-0.06418076008341272
COHFACE_s37_session3_natural,45,169,50.63333333333333,0.9008439183235168,-0.09729565038288217
COHFACE_s37_session3_natural,45,170,50.666666666666664,0.4063548445701599,-0.12443878414463477
COHFACE_s37_session3_natural,45,171,50.7,0.03053409233689308,-0.12840600470721836
COHFACE_s37_session3_natural,45,172,50.733333333333334,-0.06200029328465462,-0.09911913541873306
COHFACE_s37_session3_natural,45,173,50.766666666666666,0.051299162209033966,-0.03977940300653019
COHFACE_s37_session3_natural,45,174,50.8,0.16138610243797302,0.032710111884412196
COHFACE_s37_session3_natural,45,175,50.833333333333336,0.1511135846376419,0.09404536358283543
COHFACE_s37_session3_natural,45,176,50.86666666666667,0.02480059303343296,0.12319906426203524
COHFACE_s37_session3_natural,45,177,50.9,-0.16178327798843384,0.11269130795433203
COHFACE_s37_session3_natural,45,178,50.93333333333333,-0.35902315378189087,0.07330699459020631
COHFACE_s37_session3_natural,45,179,50.96666666666667,-0.5399426817893982,0.030253515101287244
COHFACE_s37_session3_natural,45,180,51.0,-0.6917169094085693,0.011739430041967192
COHFACE_s37_session3_natural,45,181,51.03333333333333,-0.8092222213745117,0.03501320594701788
COHFACE_s37_session3_natural,45,182,51.06666666666667,-0.8853670954704285,0.09687920275289841
COHFACE_s37_session3_natural,45,183,51.1,-0.9328444600105286,0.17402445331869223
COHFACE_s37_session3_natural,45,184,51.13333333333333,-0.9771596193313599,0.23343739548162198
COHFACE_s37_session3_natural,45,185,51.166666666666664,-0.9942343831062317,0.2476675617624109
COHFACE_s37_session3_natural,45,186,51.2,-0.725910484790802,0.20703988492325823
COHFACE_s37_session3_natural,45,187,51.233333333333334,0.22021731734275818,0.12274672558253216
COHFACE_s37_session3_natural,45,188,51.266666666666666,1.3132848739624023,0.02002396564962552
COHFACE_s37_session3_natural,45,189,51.3,1.8025622367858887,-0.07396537939760206
COHFACE_s37_session3_natural,45,190,51.333333333333336,1.7164151668548584,-0.14068017368091051
COHFACE_s37_session3_natural,45,191,51.36666666666667,1.3714810609817505,-0.17419364671012344
COHFACE_s37_session3_natural,45,192,51.4,0.9368982911109924,-0.1781528726942674
COHFACE_s37_session3_natural,45,193,51.43333333333333,0.4615146219730377,-0.15933621216725882
COHFACE_s37_session3_natural,45,194,51.46666666666667,0.10878502577543259,-0.12257779092010902
COHFACE_s37_session3_natural,45,195,51.5,0.04411343112587929,-0.06976360088685066
COHFACE_s37_session3_natural,45,196,51.53333333333333,0.15189313888549805,-0.0021180734950096906
COHFACE_s37_session3_natural,45,197,51.56666666666667,0.23317427933216095,0.07714389442677436
COHFACE_s37_session3_natural,45,198,51.6,0.19755995273590088,0.16198762237890585
COHFACE_s37_session3_natural,45,199,51.63333333333333,0.05455568805336952,0.24450655838037302
COHFACE_s37_session3_natural,45,200,51.666666666666664,-0.144394189119339,0.31619573446610005
COHFACE_s37_session3_natural,45,201,51.7,-0.34989482164382935,0.3684676664540724
COHFACE_s37_session3_natural,45,202,51.733333333333334,-0.5352904796600342,0.39282546034706073
COHFACE_s37_session3_natural,45,203,51.766666666666666,-0.6872785091400146,0.38193541742065584
COHFACE_s37_session3_natural,45,204,51.8,-0.7950707674026489,0.3319213440508289
COHFACE_s37_session3_natural,45,205,51.833333333333336,-0.8669909834861755,0.2447441721461333
COHFACE_s37_session3_natural,45,206,51.86666666666667,-0.9220438599586487,0.1291745700457146
COHFACE_s37_session3_natural,45,207,51.9,-0.9571741223335266,-0.00034054715243640277
COHFACE_s37_session3_natural,45,208,51.93333333333333,-0.7679875493049622,-0.12656999784713108
COHFACE_s37_session3_natural,45,209,51.96666666666667,0.11305371671915054,-0.23331206342862984
COHFACE_s37_session3_natural,45,210,52.0,1.304162859916687,-0.3094381543526242
COHFACE_s37_session3_natural,45,211,52.03333333333333,1.9325655698776245,-0.3522756729172841
COHFACE_s37_session3_natural,45,212,52.06666666666667,1.9239778518676758,-0.36859041176011836
COHFACE_s37_session3_natural,45,213,52.1,1.6261250972747803,-0.3716970383045331
COHFACE_s37_session3_natural,45,214,52.13333333333333,1.248236060142517,-0.3756492867525817
COHFACE_s37_session3_natural,45,215,52.166666666666664,0.8192044496536255,-0.3898083712316172
COHFACE_s37_session3_natural,45,216,52.2,0.41448986530303955,-0.41681151910583836
COHFACE_s37_session3_natural,45,217,52.233333333333334,0.21487359702587128,-0.45433156486186527
COHFACE_s37_session3_natural,45,218,52.266666666666666,0.23855571448802948,-0.49814951857457973
COHFACE_s37_session3_natural,45,219,52.3,0.3104570508003235,-0.5432267922189101
COHFACE_s37_session3_natural,45,220,52.333333333333336,0.2905532717704773,-0.5815228867223683
COHFACE_s37_session3_natural,45,221,52.36666666666667,0.15478503704071045,-0.5986681552675318
COHFACE_s37_session3_natural,45,222,52.4,-0.05039498955011368,-0.5736627203692611
COHFACE_s37_session3_natural,45,223,52.43333333333333,-0.26788443326950073,-0.4847391309938717
COHFACE_s37_session3_natural,45,224,52.46666666666667,-0.46786531805992126,-0.32047930617485343
COHFACE_s37_session3_natural,45,225,52.5,-0.6362679600715637,-0.09057422748377922
COHFACE_s37_session3_natural,45,226,52.53333333333333,-0.756690263748169,0.17141517252743366
COHFACE_s37_session3_natural,45,227,52.56666666666667,-0.8370158672332764,0.417759433841033
COHFACE_s37_session3_natural,45,228,52.6,-0.9032905697822571,0.6055518872170532
COHFACE_s37_session3_natural,45,229,52.63333333333333,-0.9410297870635986,0.7150843236276204
COHFACE_s37_session3_natural,45,230,52.666666666666664,-0.69640052318573,0.7571166193787449
COHFACE_s37_session3_natural,45,231,52.7,0.25970426201820374,0.7644702408637187
COHFACE_s37_session3_natural,45,232,52.733333333333334,1.418424129486084,0.7722138883101474
COHFACE_s37_session3_natural,45,233,52.766666666666666,1.974988341331482,0.7972510576706743
COHFACE_s37_session3_natural,45,234,52.8,1.9427499771118164,0.8284512916891209
COHFACE_s37_session3_natural,45,235,52.833333333333336,1.6694217920303345,0.8324748378547415
COHFACE_s37_session3_natural,45,236,52.86666666666667,1.3466359376907349,0.7715654023773579
COHFACE_s37_session3_natural,45,237,52.9,0.9645850658416748,0.623400092170248
COHFACE_s37_session3_natural,45,238,52.93333333333333,0.5652205348014832,0.393302078269654
COHFACE_s37_session3_natural,45,239,52.96666666666667,0.3407653868198395,0.1142931276922869
COHFACE_s37_session3_natural,46,0,46.0,-1.3252307176589966,0.139688970073563
COHFACE_s37_session3_natural,46,1,46.03333333333333,-1.3796738386154175,0.27647017348271935
COHFACE_s37_session3_natural,46,2,46.06666666666667,-1.1964659690856934,0.4052908454939582
COHFACE_s37_session3_natural,46,3,46.1,-0.16566847264766693,0.5257134564330733
COHFACE_s37_session3_natural,46,4,46.13333333333333,1.3296492099761963,0.6453373934159191
COHFACE_s37_session3_natural,46,5,46.166666666666664,2.2012476921081543,0.7727710376342203
COHFACE_s37_session3_natural,46,6,46.2,2.3205196857452393,0.905321437084224
COHFACE_s37_session3_natural,46,7,46.233333333333334,2.075249195098877,1.0195828318245261
COHFACE_s37_session3_natural,46,8,46.266666666666666,1.729378342628479,1.0730296203841545
COHFACE_s37_session3_natural,46,9,46.3,1.3650057315826416,1.0189058233348198
COHFACE_s37_session3_natural,46,10,46.333333333333336,0.9661567211151123,0.8284274879237262
COHFACE_s37_session3_natural,46,11,46.36666666666667,0.6139552593231201,0.5090006959128036
COHFACE_s37_session3_natural,46,12,46.4,0.4400831460952759,0.10852132717668499
COHFACE_s37_session3_natural,46,13,46.43333333333333,0.4121386408805847,-0.29741468324325615
COHFACE_s37_session3_natural,46,14,46.46666666666667,0.4087940752506256,-0.6304795382932085
COHFACE_s37_session3_natural,46,15,46.5,0.33295726776123047,-0.8362525290693339
COHFACE_s37_session3_natural,46,16,46.53333333333333,0.16194561123847961,-0.9012997620047705
COHFACE_s37_session3_natural,46,17,46.56666666666667,-0.06001368537545204,-0.8539164785640723
COHFACE_s37_session3_natural,46,18,46.6,-0.2919751703739166,-0.7493209534095492
COHFACE_s37_session3_natural,46,19,46.63333333333333,-0.5116838216781616,-0.646748014246533
COHFACE_s37_session3_natural,46,20,46.666666666666664,-0.700706958770752,-0.5883116559837852
COHFACE_s37_session3_natural,46,21,46.7,-0.8475964069366455,-0.5874420045907289
COHFACE_s37_session3_natural,46,22,46.733333333333334,-0.9497935175895691,-0.629905185421033
COHFACE_s37_session3_natural,46,23,46.766666666666666,-1.0200666189193726,-0.6850079704400421
COHFACE_s37_session3_natural,46,24,46.8,-1.0705993175506592,-0.7206588795577332
COHFACE_s37_session3_natural,46,25,46.833333333333336,-1.1111047267913818,-0.7152465945733525
COHFACE_s37_session3_natural,46,26,46.86666666666667,-1.1439779996871948,-0.6620611240323186
COHFACE_s37_session3_natural,46,27,46.9,-1.1750848293304443,-0.5662766533162205
COHFACE_s37_session3_natural,46,28,46.93333333333333,-1.2159171104431152,-0.437837329003023
COHFACE_s37_session3_natural,46,29,46.96666666666667,-1.2767537832260132,-0.2846486626845845
COHFACE_s37_session3_natural,46,30,47.0,-1.2806264162063599,-0.10932319050422357
COHFACE_s37_session3_natural,46,31,47.03333333333333,-0.7675411701202393,0.08959593086783176
COHFACE_s37_session3_natural,46,32,47.06666666666667,0.5517354607582092,0.3132201389328136
COHFACE_s37_session3_natural,46,33,47.1,1.7454724311828613,0.5573164200247079
COHFACE_s37_session3_natural,46,34,47.13333333333333,2.1397321224212646,0.8094254130956307
COHFACE_s37_session3_natural,46,35,47.166666666666664,1.9979349374771118,1.0495663072792571
COHFACE_s37_session3_natural,46,36,47.2,1.701377272605896,1.2539743777110328
COHFACE_s37_session3_natural,46,37,47.233333333333334,1.3519922494888306,1.3998824385850284
COHFACE_s37_session3_natural,46,38,47.266666666666666,0.9574747681617737,1.4694764503402442
COHFACE_s37_session3_natural,46,39,47.3,0.5905308723449707,1.4522688550483267
COHFACE_s37_session3_natural,46,40,47.333333333333336,0.4031800329685211,1.3460848090628648
COHFACE_s37_session3_natural,46,41,47.36666666666667,0.3924988806247711,1.1570245785737174
COHFACE_s37_session3_natural,46,42,47.4,0.42691874504089355,0.8983581357154674
COHFACE_s37_session3_natural,46,43,47.43333333333333,0.39439746737480164,0.5882999498060423
COHFACE_s37_session3_natural,46,44,47.46666666666667,0.2606535851955414,0.24744342092564275
COHFACE_s37_session3_natural,46,45,47.5,0.06278502196073532,-0.1028474301699848
COHFACE_s37_session3_natural,46,46,47.53333333333333,-0.15619437396526337,-0.44065328272558
COHFACE_s37_session3_natural,46,47,47.56666666666667,-0.369647741317749,-0.7434390823733095
COHFACE_s37_session3_natural,46,48,47.6,-0.5557349324226379,-0.9895900911012719
COHFACE_s37_session3_natural,46,49,47.63333333333333,-0.7061072587966919,-1.1623904738224804
COHFACE_s37_session3_natural,46,50,47.666666666666664,-0.8214750289916992,-1.2548762318513953
COHFACE_s37_session3_natural,46,51,47.7,-0.8991601467132568,-1.2722935498194359
COHFACE_s37_session3_natural,46,52,47.733333333333334,-0.9500638246536255,-1.229730802573881
COHFACE_s37_session3_natural,46,53,47.766666666666666,-0.9878910779953003,-1.1454950510826254
COHFACE_s37_session3_natural,46,54,47.8,-1.0207141637802124,-1.0338881658049937
COHFACE_s37_session3_natural,46,55,47.833333333333336,-1.052480936050415,-0.9015679291905525
COHFACE_s37_session3_natural,46,56,47.86666666666667,-1.1061758995056152,-0.748813559466397
COHFACE_s37_session3_natural,46,57,47.9,-1.1602228879928589,-0.5733803927965908
COHFACE_s37_session3_natural,46,58,47.93333333333333,-0.9367862343788147,-0.3734809174495829
COHFACE_s37_session3_natural,46,59,47.96666666666667,0.06580264866352081,-0.14856526971564457
COHFACE_s37_session3_natural,46,60,48.0,1.3403743505477905,0.09999457536327137
COHFACE_s37_session3_natural,46,61,48.03333333333333,1.9875932931900024,0.36546208326535967
COHFACE_s37_session3_natural,46,62,48.06666666666667,1.9788358211517334,0.6303270895250226
COHFACE_s37_session3_natural,46,63,48.1,1.6975297927856445,0.8638919793540221
COHFACE_s37_session3_natural,46,64,48.13333333333333,1.331616997718811,1.0277647746452303
COHFACE_s37_session3_natural,46,65,48.166666666666664,0.9090418219566345,1.089428323976412
COHFACE_s37_session3_natural,46,66,48.2,0.5044530034065247,1.0377832042354753
COHFACE_s37_session3_natural,46,67,48.233333333333334,0.28469401597976685,0.8915060460012331
COHFACE_s37_session3_natural,46,68,48.266666666666666,0.27400657534599304,0.6941151725214345
COHFACE_s37_session3_natural,46,69,48.3,0.336012601852417,0.4970145110437767
COHFACE_s37_session3_natural,46,70,48.333333333333336,0.3382381200790405,0.3388897777818889
COHFACE_s37_session3_natural,46,71,48.36666666666667,0.23103678226470947,0.23209034761367386
COHFACE_s37_session3_natural,46,72,48.4,0.047055620700120926,0.16238824714445724
COHFACE_s37_session3_natural,46,73,48.43333333333333,-0.16133064031600952,0.10088311724226791
COHFACE_s37_session3_natural,46,74,48.46666666666667,-0.36332327127456665,0.020735543530495858
COHFACE_s37_session3_natural,46,75,48.5,-0.541401207447052,-0.08998231009306032
COHFACE_s37_session3_natural,46,76,48.53333333333333,-0.690962553024292,-0.22454785822566614
COHFACE_s37_session3_natural,46,77,48.56666666666667,-0.8014140725135803,-0.3627795343200851
COHFACE_s37_session3_natural,46,78,48.6,-0.8746796250343323,-0.4810812340121822
COHFACE_s37_session3_natural,46,79,48.63333333333333,-0.919654905796051,-0.5621495056376956
COHFACE_s37_session3_natural,46,80,48.666666666666664,-0.9544079899787903,-0.6003714563984227
COHFACE_s37_session3_natural,46,81,48.7,-0.9902737736701965,-0.6013821727544448
COHFACE_s37_session3_natural,46,82,48.733333333333334,-1.0396937131881714,-0.5767853609587769
COHFACE_s37_session3_natural,46,83,48.766666666666666,-1.067606806755066,-0.537024334588156
COHFACE_s37_session3_natural,46,84,48.8,-0.758255660533905,-0.4862572819650609
COHFACE_s37_session3_natural,46,85,48.833333333333336,0.2772568166255951,-0.42197208711376505
COHFACE_s37_session3_natural,46,86,48.86666666666667,1.4160791635513306,-0.3390182237621106
COHFACE_s37_session3_natural,46,87,48.9,1.917081356048584,-0.23465415176718907
COHFACE_s37_session3_natural,46,88,48.93333333333333,1.8569360971450806,-0.11047293608668687
COHFACE_s37_session3_natural,46,89,48.96666666666667,1.5452840328216553,0.030172299658891802
COHFACE_s37_session3_natural,46,90,49.0,1.1335723400115967,0.18591685993586612
COHFACE_s37_session3_natural,46,91,49.03333333333333,0.6692344546318054,0.3570134888467079
COHFACE_s37_session3_natural,46,92,49.06666666666667,0.28497692942619324,0.5391722810525718
COHFACE_s37_session3_natural,46,93,49.1,0.14297854900360107,0.7158900559023779
COHFACE_s37_session3_natural,46,94,49.13333333333333,0.1951521337032318,0.856398483109977
COHFACE_s37_session3_natural,46,95,49.166666666666664,0.2624515891075134,0.9233972606456303
COHFACE_s37_session3_natural,46,96,49.2,0.23577068746089935,0.8876067112347882
COHFACE_s37_session3_natural,46,97,49.233333333333334,0.10646522045135498,0.7408533510392344
COHFACE_s37_session3_natural,46,98,49.266666666666666,-0.08472682535648346,0.5005320258043264
COHFACE_s37_session3_natural,46,99,49.3,-0.28916501998901367,0.2040019928066089
COHFACE_s37_session3_natural,46,100,49.333333333333336,-0.4820859134197235,-0.10308127892729299
COHFACE_s37_session3_natural,46,101,49.36666666666667,-0.6523116827011108,-0.37856305752337627
COHFACE_s37_session3_natural,46,102,49.4,-0.7914685010910034,-0.5917253002684847
COHFACE_s37_session3_natural,46,103,49.43333333333333,-0.8945519924163818,-0.7265757597769885
COHFACE_s37_session3_natural,46,104,49.46666666666667,-0.9585446119308472,-0.7814318682339144
COHFACE_s37_session3_natural,46,105,49.5,-0.9955546259880066,-0.7659320109777639
COHFACE_s37_session3_natural,46,106,49.53333333333333,-1.0242975950241089,-0.6964599453736665
COHFACE_s37_session3_natural,46,107,49.56666666666667,-1.0629671812057495,-0.591019003699461
COHFACE_s37_session3_natural,46,108,49.6,-1.0954759120941162,-0.4647617376937864
COHFACE_s37_session3_natural,46,109,49.63333333333333,-0.8833742141723633,-0.32733126937961465
COHFACE_s37_session3_natural,46,110,49.666666666666664,0.022990016266703606,-0.18267565397911112
COHFACE_s37_session3_natural,46,111,49.7,1.1982816457748413,-0.03127547884034349
COHFACE_s37_session3_natural,46,112,49.733333333333334,1.8143309354782104,0.1259291548683517
COHFACE_s37_session3_natural,46,113,49.766666666666666,1.8181344270706177,0.28323136887178124
COHFACE_s37_session3_natural,46,114,49.8,1.5197536945343018,0.4273109649728274
COHFACE_s37_session3_natural,46,115,49.833333333333336,1.0990896224975586,0.5377132250534549
COHFACE_s37_session3_natural,46,116,49.86666666666667,0.6159669756889343,0.5916184597260375
COHFACE_s37_session3_natural,46,117,49.9,0.20766900479793549,0.5720472208879501
COHFACE_s37_session3_natural,46,118,49.93333333333333,0.05003552883863449,0.4765180600896546
COHFACE_s37_session3_natural,46,119,49.96666666666667,0.10769741982221603,0.32192533490200137
COHFACE_s37_session3_natural,46,120,50.0,0.1961265653371811,0.1421421004039715
COHFACE_s37_session3_natural,46,121,50.03333333333333,0.19131094217300415,-0.02210611741045802
COHFACE_s37_session3_natural,46,122,50.06666666666667,0.07936941087245941,-0.13730014982431835
COHFACE_s37_session3_natural,46,123,50.1,-0.10207191109657288,-0.18848776612740584
COHFACE_s37_session3_natural,46,124,50.13333333333333,-0.30444175004959106,-0.18217169850453252
COHFACE_s37_session3_natural,46,125,50.166666666666664,-0.49817994236946106,-0.13955782515945586
COHFACE_s37_session3_natural,46,126,50.2,-0.6673118472099304,-0.08483415229703038
COHFACE_s37_session3_natural,46,127,50.233333333333334,-0.7993960380554199,-0.035710486399246226
COHFACE_s37_session3_natural,46,128,50.266666666666666,-0.8969535231590271,-0.00043438821010280534
COHFACE_s37_session3_natural,46,129,50.3,-0.9601917266845703,0.019779255327947005
COHFACE_s37_session3_natural,46,130,50.333333333333336,-0.9988237023353577,0.02686572312170458
COHFACE_s37_session3_natural,46,131,50.36666666666667,-1.036078929901123,0.02379858043329184
COHFACE_s37_session3_natural,46,132,50.4,-1.0611881017684937,0.014624100395861421
COHFACE_s37_session3_natural,46,133,50.43333333333333,-0.8802056908607483,0.004670940800356457
COHFACE_s37_session3_natural,46,134,50.46666666666667,-0.0485529750585556,-0.0009869561019533349
COHFACE_s37_session3_natural,46,135,50.5,1.0809524059295654,-0.0005888413101649447
COHFACE_s37_session3_natural,46,136,50.53333333333333,1.679323434829712,0.002263144815256646
COHFACE_s37_session3_natural,46,137,50.56666666666667,1.6676175594329834,0.0001654461447591152
COHFACE_s37_session3_natural,46,138,50.6,1.3481636047363281,-0.013125591008035054
COHFACE_s37_session3_natural,46,139,50.63333333333333,0.9008439183235168,-0.037654065416784045
COHFACE_s37_session3_natural,46,140,50.666666666666664,0.4063548445701599,-0.06593322626562126
COHFACE_s37_session3_natural,46,141,50.7,0.03053409233689308,-0.08668393875152162
COHFACE_s37_session3_natural,46,142,50.733333333333334,-0.06200029328465462,-0.09152227869912569
COHFACE_s37_session3_natural,46,143,50.766666666666666,0.051299162209033966,-0.08044576132725208
COHFACE_s37_session3_natural,46,144,50.8,0.16138610243797302,-0.06279123922656969
COHFACE_s37_session3_natural,46,145,50.833333333333336,0.1511135846376419,-0.052952973787721756
COHFACE_s37_session3_natural,46,146,50.86666666666667,0.02480059303343296,-0.0626845224120935
COHFACE_s37_session3_natural,46,147,50.9,-0.16178327798843384,-0.0934616999723848
COHFACE_s37_session3_natural,46,148,50.93333333333333,-0.35902315378189087,-0.13287362072805978
COHFACE_s37_session3_natural,46,149,50.96666666666667,-0.5399426817893982,-0.15784337251736674
COHFACE_s37_session3_natural,46,150,51.0,-0.6917169094085693,-0.14456263175318318
COHFACE_s37_session3_natural,46,151,51.03333333333333,-0.8092222213745117,-0.08123692036866922
COHFACE_s37_session3_natural,46,152,51.06666666666667,-0.8853670954704285,0.02300554721330849
COHFACE_s37_session3_natural,46,153,51.1,-0.9328444600105286,0.13884572635762787
COHFACE_s37_session3_natural,46,154,51.13333333333333,-0.9771596193313599,0.2279046177720703
COHFACE_s37_session3_natural,46,155,51.166666666666664,-0.9942343831062317,0.2590251979919275
COHFACE_s37_session3_natural,46,156,51.2,-0.725910484790802,0.22155798845570615
COHFACE_s37_session3_natural,46,157,51.233333333333334,0.22021731734275818,0.12923069688760747
COHFACE_s37_session3_natural,46,158,51.266666666666666,1.3132848739624023,0.013344562068203315
COHFACE_s37_session3_natural,46,159,51.3,1.8025622367858887,-0.09051342507895442
COHFACE_s37_session3_natural,46,160,51.333333333333336,1.7164151668548584,-0.15542081838427535
COHFACE_s37_session3_natural,46,161,51.36666666666667,1.3714810609817505,-0.1701937609448542
COHFACE_s37_session3_natural,46,162,51.4,0.9368982911109924,-0.13909866315131594
COHFACE_s37_session3_natural,46,163,51.43333333333333,0.4615146219730377,-0.07665196509019023
COHFACE_s37_session3_natural,46,164,51.46666666666667,0.10878502577543259,-0.001326457159802335
COHFACE_s37_session3_natural,46,165,51.5,0.04411343112587929,0.06928881428435305
COHFACE_s37_session3_natural,46,166,51.53333333333333,0.15189313888549805,0.12159740743040112
COHFACE_s37_session3_natural,46,167,51.56666666666667,0.23317427933216095,0.1482964414466016
COHFACE_s37_session3_natural,46,168,51.6,0.19755995273590088,0.15004116642684173
COHFACE_s37_session3_natural,46,169,51.63333333333333,0.05455568805336952,0.1353256063798385
COHFACE_s37_session3_natural,46,170,51.666666666666664,-0.144394189119339,0.11739731598937655
COHFACE_s37_session3_natural,46,171,51.7,-0.34989482164382935,0.10860033761826729
COHFACE_s37_session3_natural,46,172,51.733333333333334,-0.5352904796600342,0.11461553299724041
COHFACE_s37_session3_natural,46,173,51.766666666666666,-0.6872785091400146,0.13177251088570588
COHFACE_s37_session3_natural,46,174,51.8,-0.7950707674026489,0.1489839868764135
COHFACE_s37_session3_natural,46,175,51.833333333333336,-0.8669909834861755,0.15319245996948413
COHFACE_s37_session3_natural,46,176,51.86666666666667,-0.9220438599586487,0.13546694303231824
COHFACE_s37_session3_natural,46,177,51.9,-0.9571741223335266,0.09481903612451774
COHFACE_s37_session3_natural,46,178,51.93333333333333,-0.7679875493049622,0.03815738120528675
COHFACE_s37_session3_natural,46,179,51.96666666666667,0.11305371671915054,-0.023242613541022465
COHFACE_s37_session3_natural,46,180,52.0,1.304162859916687,-0.07878192252183928
COHFACE_s37_session3_natural,46,181,52.03333333333333,1.9325655698776245,-0.12262308734469472
COHFACE_s37_session3_natural,46,182,52.06666666666667,1.9239778518676758,-0.15509277024557522
COHFACE_s37_session3_natural,46,183,52.1,1.6261250972747803,-0.18107503548727272
COHFACE_s37_session3_natural,46,184,52.13333333333333,1.248236060142517,-0.2064117326520622
COHFACE_s37_session3_natural,46,185,52.166666666666664,0.8192044496536255,-0.23440752063861164
COHFACE_s37_session3_natural,46,186,52.2,0.41448986530303955,-0.26492363963803645
COHFACE_s37_session3_natural,46,187,52.233333333333334,0.21487359702587128,-0.2970031904812666
COHFACE_s37_session3_natural,46,188,52.266666666666666,0.23855571448802948,-0.33262730037625204
COHFACE_s37_session3_natural,46,189,52.3,0.3104570508003235,-0.3771906835751436
COHFACE_s37_session3_natural,46,190,52.333333333333336,0.2905532717704773,-0.4342848137927605
COHFACE_s37_session3_natural,46,191,52.36666666666667,0.15478503704071045,-0.4972379056967372
COHFACE_s37_session3_natural,46,192,52.4,-0.05039498955011368,-0.5439605232253248
COHFACE_s37_session3_natural,46,193,52.43333333333333,-0.26788443326950073,-0.5412478623356863
COHFACE_s37_session3_natural,46,194,52.46666666666667,-0.46786531805992126,-0.4588940347064872
COHFACE_s37_session3_natural,46,195,52.5,-0.6362679600715637,-0.2866534195996005
COHFACE_s37_session3_natural,46,196,52.53333333333333,-0.756690263748169,-0.04360541208649045
COHFACE_s37_session3_natural,46,197,52.56666666666667,-0.8370158672332764,0.2272146786067824
COHFACE_s37_session3_natural,46,198,52.6,-0.9032905697822571,0.47725722890157724
COHFACE_s37_session3_natural,46,199,52.63333333333333,-0.9410297870635986,0.673865519866096
COHFACE_s37_session3_natural,46,200,52.666666666666664,-0.69640052318573,0.8123280705340891
COHFACE_s37_session3_natural,46,201,52.7,0.25970426201820374,0.9116052844801
COHFACE_s37_session3_natural,46,202,52.733333333333334,1.418424129486084,0.9964957509734956
COHFACE_s37_session3_natural,46,203,52.766666666666666,1.974988341331482,1.0770375945413482
COHFACE_s37_session3_natural,46,204,52.8,1.9427499771118164,1.1372563558996323
COHFACE_s37_session3_natural,46,205,52.833333333333336,1.6694217920303345,1.1396634080792427
COHFACE_s37_session3_natural,46,206,52.86666666666667,1.3466359376907349,1.042820420754689
COHFACE_s37_session3_natural,46,207,52.9,0.9645850658416748,0.8223485957824237
COHFACE_s37_session3_natural,46,208,52.93333333333333,0.5652205348014832,0.4848524256149218
COHFACE_s37_session3_natural,46,209,52.96666666666667,0.3407653868198395,0.06866311528765015
COHFACE_s37_session3_natural,46,210,53.0,0.3220183551311493,-0.3681104895280992
COHFACE_s37_session3_natural,46,211,53.03333333333333,0.35922321677207947,-0.765937805266432
COHFACE_s37_session3_natural,46,212,53.06666666666667,0.3171272575855255,-1.0796949906790074
COHFACE_s37_session3_natural,46,213,53.1,0.16391336917877197,-1.285244005974782
COHFACE_s37_session3_natural,46,214,53.13333333333333,-0.050030358135700226,-1.376296245358626
COHFACE_s37_session3_natural,46,215,53.166666666666664,-0.27267491817474365,-1.3569699788814975
COHFACE_s37_session3_natural,46,216,53.2,-0.4731084406375885,-1.236719060779291
COHFACE_s37_session3_natural,46,217,53.233333333333334,-0.6332377791404724,-1.030679251549598
COHFACE_s37_session3_natural,46,218,53.266666666666666,-0.7480271458625793,-0.7629488364148312
COHFACE_s37_session3_natural,46,219,53.3,-0.8212487101554871,-0.46733359962948456
COHFACE_s37_session3_natural,46,220,53.333333333333336,-0.8828964233398438,-0.1821102955159559
COHFACE_s37_session3_natural,46,221,53.36666666666667,-0.9292799234390259,0.059749549963948975
COHFACE_s37_session3_natural,46,222,53.4,-0.781566858291626,0.23973829755257572
COHFACE_s37_session3_natural,46,223,53.43333333333333,0.005123127717524767,0.3571597549932691
COHFACE_s37_session3_natural,46,224,53.46666666666667,1.1888452768325806,0.42503274271787345
COHFACE_s37_session3_natural,46,225,53.5,1.9108951091766357,0.4613137182450039
COHFACE_s37_session3_natural,46,226,53.53333333333333,1.9996700286865234,0.4803445964319079
COHFACE_s37_session3_natural,46,227,53.56666666666667,1.8026753664016724,0.4883401123263664
COHFACE_s37_session3_natural,46,228,53.6,1.540349006652832,0.4835883991322214
COHFACE_s37_session3_natural,46,229,53.63333333333333,1.2084850072860718,0.45947186507205984
COHFACE_s37_session3_natural,46,230,53.666666666666664,0.7921085953712463,0.4082234814844161
COHFACE_s37_session3_natural,46,231,53.7,0.48332956433296204,0.32461567684199905
COHFACE_s37_session3_natural,46,232,53.733333333333334,0.3836723268032074,0.20962279869099676
COHFACE_s37_session3_natural,46,233,53.766666666666666,0.38505539298057556,0.07364361567636116
COHFACE_s37_session3_natural,46,234,53.8,0.3462914228439331,-0.06238691830001108
COHFACE_s37_session3_natural,46,235,53.833333333333336,0.21090038120746613,-0.17015872922421524
COHFACE_s37_session3_natural,46,236,53.86666666666667,0.002746743615716696,-0.22209485617510324
COHFACE_s37_session3_natural,46,237,53.9,-0.22428594529628754,-0.20208365094345054
COHFACE_s37_session3_natural,46,238,53.93333333333333,-0.43002548813819885,-0.11386588274165255
COHFACE_s37_session3_natural,46,239,53.96666666666667,-0.6047400236129761,0.017803501292967438
COHFACE_s37_session3_natural,47,0,47.0,-1.2806264162063599,0.17296543894490135
COHFACE_s37_session3_natural,47,1,47.03333333333333,-0.7675411701202393,0.35047027907932254
COHFACE_s37_session3_natural,47,2,47.06666666666667,0.5517354607582092,0.5373114871574394
COHFACE_s37_session3_natural,47,3,47.1,1.7454724311828613,0.7425700975087519
COHFACE_s37_session3_natural,47,4,47.13333333333333,2.1397321224212646,0.965306907491427
COHFACE_s37_session3_natural,47,5,47.166666666666664,1.9979349374771118,1.191416106645984
COHFACE_s37_session3_natural,47,6,47.2,1.701377272605896,1.393823917582132
COHFACE_s37_session3_natural,47,7,47.233333333333334,1.3519922494888306,1.5377307393943895
COHFACE_s37_session3_natural,47,8,47.266666666666666,0.9574747681617737,1.590210034078419
COHFACE_s37_session3_natural,47,9,47.3,0.5905308723449707,1.5306147285429141
COHFACE_s37_session3_natural,47,10,47.333333333333336,0.4031800329685211,1.3575096085718554
COHFACE_s37_session3_natural,47,11,47.36666666666667,0.3924988806247711,1.089330735023747
COHFACE_s37_session3_natural,47,12,47.4,0.42691874504089355,0.7584646156774804
COHFACE_s37_session3_natural,47,13,47.43333333333333,0.39439746737480164,0.4011120061134746
COHFACE_s37_session3_natural,47,14,47.46666666666667,0.2606535851955414,0.04732200567780252
COHFACE_s37_session3_natural,47,15,47.5,0.06278502196073532,-0.2842821007051766
COHFACE_s37_session3_natural,47,16,47.53333333333333,-0.15619437396526337,-0.584934677475047
COHFACE_s37_session3_natural,47,17,47.56666666666667,-0.369647741317749,-0.8491491448593087
COHFACE_s37_session3_natural,47,18,47.6,-0.5557349324226379,-1.068350901790336
COHFACE_s37_session3_natural,47,19,47.63333333333333,-0.7061072587966919,-1.229953139855405
COHFACE_s37_session3_natural,47,20,47.666666666666664,-0.8214750289916992,-1.3229093572329538
COHFACE_s37_session3_natural,47,21,47.7,-0.8991601467132568,-1.3453849284672887
COHFACE_s37_session3_natural,47,22,47.733333333333334,-0.9500638246536255,-1.3078223686066996
COHFACE_s37_session3_natural,47,23,47.766666666666666,-0.9878910779953003,-1.227607299623501
COHFACE_s37_session3_natural,47,24,47.8,-1.0207141637802124,-1.118269608823031
COHFACE_s37_session3_natural,47,25,47.833333333333336,-1.052480936050415,-0.9809789625328297
COHFACE_s37_session3_natural,47,26,47.86666666666667,-1.1061758995056152,-0.8045410859319998
COHFACE_s37_session3_natural,47,27,47.9,-1.1602228879928589,-0.5738974283560165
COHFACE_s37_session3_natural,47,28,47.93333333333333,-0.9367862343788147,-0.28138216376107245
COHFACE_s37_session3_natural,47,29,47.96666666666667,0.06580264866352081,0.06592282972467936
COHFACE_s37_session3_natural,47,30,48.0,1.3403743505477905,0.44504340752963534
COHFACE_s37_session3_natural,47,31,48.03333333333333,1.9875932931900024,0.8200503532210294
COHFACE_s37_session3_natural,47,32,48.06666666666667,1.9788358211517334,1.146925052193486
COHFACE_s37_session3_natural,47,33,48.1,1.6975297927856445,1.3805009351656659
COHFACE_s37_session3_natural,47,34,48.13333333333333,1.331616997718811,1.4841301038320882
COHFACE_s37_session3_natural,47,35,48.166666666666664,0.9090418219566345,1.4406471932949432
COHFACE_s37_session3_natural,47,36,48.2,0.5044530034065247,1.2604188714051954
COHFACE_s37_session3_natural,47,37,48.233333333333334,0.28469401597976685,0.9814760336701065
COHFACE_s37_session3_natural,47,38,48.266666666666666,0.27400657534599304,0.659484852741203
COHFACE_s37_session3_natural,47,39,48.3,0.336012601852417,0.35045295510044744
COHFACE_s37_session3_natural,47,40,48.333333333333336,0.3382381200790405,0.09356331650166894
COHFACE_s37_session3_natural,47,41,48.36666666666667,0.23103678226470947,-0.09789832746398508
COHFACE_s37_session3_natural,47,42,48.4,0.047055620700120926,-0.23392943067530106
COHFACE_s37_session3_natural,47,43,48.43333333333333,-0.16133064031600952,-0.3362467570737551
COHFACE_s37_session3_natural,47,44,48.46666666666667,-0.36332327127456665,-0.4246346512192981
COHFACE_s37_session3_natural,47,45,48.5,-0.541401207447052,-0.5078929817979309
COHFACE_s37_session3_natural,47,46,48.53333333333333,-0.690962553024292,-0.5822723401791036
COHFACE_s37_session3_natural,47,47,48.56666666666667,-0.8014140725135803,-0.6360102418915907
COHFACE_s37_session3_natural,47,48,48.6,-0.8746796250343323,-0.6565934891505039
COHFACE_s37_session3_natural,47,49,48.63333333333333,-0.919654905796051,-0.637436554510814
COHFACE_s37_session3_natural,47,50,48.666666666666664,-0.9544079899787903,-0.581445557753542
COHFACE_s37_session3_natural,47,51,48.7,-0.9902737736701965,-0.5002322307106238
COHFACE_s37_session3_natural,47,52,48.733333333333334,-1.0396937131881714,-0.4096188381317982
COHFACE_s37_session3_natural,47,53,48.766666666666666,-1.067606806755066,-0.3237883668141558
COHFACE_s37_session3_natural,47,54,48.8,-0.758255660533905,-0.2509908501643583
COHFACE_s37_session3_natural,47,55,48.833333333333336,0.2772568166255951,-0.192588833714673
COHFACE_s37_session3_natural,47,56,48.86666666666667,1.4160791635513306,-0.14493106541990708
COHFACE_s37_session3_natural,47,57,48.9,1.917081356048584,-0.1018605853318693
COHFACE_s37_session3_natural,47,58,48.93333333333333,1.8569360971450806,-0.05598808413959743
COHFACE_s37_session3_natural,47,59,48.96666666666667,1.5452840328216553,0.0012925209666323125
COHFACE_s37_session3_natural,47,60,49.0,1.1335723400115967,0.07931709225508432
COHFACE_s37_session3_natural,47,61,49.03333333333333,0.6692344546318054,0.18536252102016254
COHFACE_s37_session3_natural,47,62,49.06666666666667,0.28497692942619324,0.3196751054225469
COHFACE_s37_session3_natural,47,63,49.1,0.14297854900360107,0.471012264927627
COHFACE_s37_session3_natural,47,64,49.13333333333333,0.1951521337032318,0.6164175754990847
COHFACE_s37_session3_natural,47,65,49.166666666666664,0.2624515891075134,0.7268796828002433
COHFACE_s37_session3_natural,47,66,49.2,0.23577068746089935,0.776234688001574
COHFACE_s37_session3_natural,47,67,49.233333333333334,0.10646522045135498,0.7482686485811995
COHFACE_s37_session3_natural,47,68,49.266666666666666,-0.08472682535648346,0.6391953672338595
COHFACE_s37_session3_natural,47,69,49.3,-0.28916501998901367,0.4567900081195192
COHFACE_s37_session3_natural,47,70,49.333333333333336,-0.4820859134197235,0.21921662528391941
COHFACE_s37_session3_natural,47,71,49.36666666666667,-0.6523116827011108,-0.045182471440463425
COHFACE_s37_session3_natural,47,72,49.4,-0.7914685010910034,-0.29925710227560054
COHFACE_s37_session3_natural,47,73,49.43333333333333,-0.8945519924163818,-0.5029402572443306
COHFACE_s37_session3_natural,47,74,49.46666666666667,-0.9585446119308472,-0.6240396183264331
COHFACE_s37_session3_natural,47,75,49.5,-0.9955546259880066,-0.6496269391593694
COHFACE_s37_session3_natural,47,76,49.53333333333333,-1.0242975950241089,-0.5914792472928075
COHFACE_s37_session3_natural,47,77,49.56666666666667,-1.0629671812057495,-0.4813312105213018
COHFACE_s37_session3_natural,47,78,49.6,-1.0954759120941162,-0.35747051152010256
COHFACE_s37_session3_natural,47,79,49.63333333333333,-0.8833742141723633,-0.24920651165924854
COHFACE_s37_session3_natural,47,80,49.666666666666664,0.022990016266703606,-0.1664031016128757
COHFACE_s37_session3_natural,47,81,49.7,1.1982816457748413,-0.09826837415576888
COHFACE_s37_session3_natural,47,82,49.733333333333334,1.8143309354782104,-0.021515461227108436
COHFACE_s37_session3_natural,47,83,49.766666666666666,1.8181344270706177,0.0856095848241753
COHFACE_s37_session3_natural,47,84,49.8,1.5197536945343018,0.22928649865843007
COHFACE_s37_session3_natural,47,85,49.833333333333336,1.0990896224975586,0.39227291632335504
COHFACE_s37_session3_natural,47,86,49.86666666666667,0.6159669756889343,0.5364301246078436
COHFACE_s37_session3_natural,47,87,49.9,0.20766900479793549,0.6156700553044899
COHFACE_s37_session3_natural,47,88,49.93333333333333,0.05003552883863449,0.5944515163202471
COHFACE_s37_session3_natural,47,89,49.96666666666667,0.10769741982221603,0.4636815084465294
COHFACE_s37_session3_natural,47,90,50.0,0.1961265653371811,0.24637252626527326
COHFACE_s37_session3_natural,47,91,50.03333333333333,0.19131094217300415,-0.009982738889648245
COHFACE_s37_session3_natural,47,92,50.06666666666667,0.07936941087245941,-0.2506010982871503
COHFACE_s37_session3_natural,47,93,50.1,-0.10207191109657288,-0.4316060768030341
COHFACE_s37_session3_natural,47,94,50.13333333333333,-0.30444175004959106,-0.5309293550999503
COHFACE_s37_session3_natural,47,95,50.166666666666664,-0.49817994236946106,-0.548514603485869
COHFACE_s37_session3_natural,47,96,50.2,-0.6673118472099304,-0.49871454170231105
COHFACE_s37_session3_natural,47,97,50.233333333333334,-0.7993960380554199,-0.40116601219202314
COHFACE_s37_session3_natural,47,98,50.266666666666666,-0.8969535231590271,-0.27484949175842616
COHFACE_s37_session3_natural,47,99,50.3,-0.9601917266845703,-0.1360168238413988
COHFACE_s37_session3_natural,47,100,50.333333333333336,-0.9988237023353577,0.00199698957634584
COHFACE_s37_session3_natural,47,101,50.36666666666667,-1.036078929901123,0.12903620324648926
COHFACE_s37_session3_natural,47,102,50.4,-1.0611881017684937,0.23863090029633643
COHFACE_s37_session3_natural,47,103,50.43333333333333,-0.8802056908607483,0.3274613563079117
COHFACE_s37_session3_natural,47,104,50.46666666666667,-0.0485529750585556,0.3929500650403212
COHFACE_s37_session3_natural,47,105,50.5,1.0809524059295654,0.4301481401610273
COHFACE_s37_session3_natural,47,106,50.53333333333333,1.679323434829712,0.43079348532578343
COHFACE_s37_session3_natural,47,107,50.56666666666667,1.6676175594329834,0.38666729601510774
COHFACE_s37_session3_natural,47,108,50.6,1.3481636047363281,0.2959030215767077
COHFACE_s37_session3_natural,47,109,50.63333333333333,0.9008439183235168,0.1678781154738111
COHFACE_s37_session3_natural,47,110,50.666666666666664,0.4063548445701599,0.02278132335310639
COHFACE_s37_session3_natural,47,111,50.7,0.03053409233689308,-0.11474327146682686
COHFACE_s37_session3_natural,47,112,50.733333333333334,-0.06200029328465462,-0.22489973793640297
COHFACE_s37_session3_natural,47,113,50.766666666666666,0.051299162209033966,-0.3002394757888067
COHFACE_s37_session3_natural,47,114,50.8,0.16138610243797302,-0.34743456845509674
COHFACE_s37_session3_natural,47,115,50.833333333333336,0.1511135846376419,-0.3821185584332981
COHFACE_s37_session3_natural,47,116,50.86666666666667,0.02480059303343296,-0.4187489706017136
COHFACE_s37_session3_natural,47,117,50.9,-0.16178327798843384,-0.45988054903404235
COHFACE_s37_session3_natural,47,118,50.93333333333333,-0.35902315378189087,-0.49012443664019933
COHFACE_s37_session3_natural,47,119,50.96666666666667,-0.5399426817893982,-0.47891894779793837
COHFACE_s37_session3_natural,47,120,51.0,-0.6917169094085693,-0.3930235602782908
COHFACE_s37_session3_natural,47,121,51.03333333333333,-0.8092222213745117,-0.21491461770793677
COHFACE_s37_session3_natural,47,122,51.06666666666667,-0.8853670954704285,0.04124148109239974
COHFACE_s37_session3_natural,47,123,51.1,-0.9328444600105286,0.32552889324823414
COHFACE_s37_session3_natural,47,124,51.13333333333333,-0.9771596193313599,0.5653626040495827
COHFACE_s37_session3_natural,47,125,51.166666666666664,-0.9942343831062317,0.6923600735165515
COHFACE_s37_session3_natural,47,126,51.2,-0.725910484790802,0.6710077780217831
COHFACE_s37_session3_natural,47,127,51.233333333333334,0.22021731734275818,0.5144572210774406
COHFACE_s37_session3_natural,47,128,51.266666666666666,1.3132848739624023,0.27908935060431217
COHFACE_s37_session3_natural,47,129,51.3,1.8025622367858887,0.04076946514083462
COHFACE_s37_session3_natural,47,130,51.333333333333336,1.7164151668548584,-0.13506771811834603
COHFACE_s37_session3_natural,47,131,51.36666666666667,1.3714810609817505,-0.21530176145598065
COHFACE_s37_session3_natural,47,132,51.4,0.9368982911109924,-0.20460791431829947
COHFACE_s37_session3_natural,47,133,51.43333333333333,0.4615146219730377,-0.13537912299890004
COHFACE_s37_session3_natural,47,134,51.46666666666667,0.10878502577543259,-0.04970315659906719
COHFACE_s37_session3_natural,47,135,51.5,0.04411343112587929,0.017572756358586124
COHFACE_s37_session3_natural,47,136,51.53333333333333,0.15189313888549805,0.048976507206436815
COHFACE_s37_session3_natural,47,137,51.56666666666667,0.23317427933216095,0.04661393958467815
COHFACE_s37_session3_natural,47,138,51.6,0.19755995273590088,0.02797687712082508
COHFACE_s37_session3_natural,47,139,51.63333333333333,0.05455568805336952,0.01760364763647722
COHFACE_s37_session3_natural,47,140,51.666666666666664,-0.144394189119339,0.037040552486501364
COHFACE_s37_session3_natural,47,141,51.7,-0.34989482164382935,0.0959582580066125
COHFACE_s37_session3_natural,47,142,51.733333333333334,-0.5352904796600342,0.18753646798692772
COHFACE_s37_session3_natural,47,143,51.766666666666666,-0.6872785091400146,0.29015437318721277
COHFACE_s37_session3_natural,47,144,51.8,-0.7950707674026489,0.37465225409712616
COHFACE_s37_session3_natural,47,145,51.833333333333336,-0.8669909834861755,0.4138088824887334
COHFACE_s37_session3_natural,47,146,51.86666666666667,-0.9220438599586487,0.390183469640739
COHFACE_s37_session3_natural,47,147,51.9,-0.9571741223335266,0.3000306429795178
COHFACE_s37_session3_natural,47,148,51.93333333333333,-0.7679875493049622,0.1531925249676927
COHFACE_s37_session3_natural,47,149,51.96666666666667,0.11305371671915054,-0.02988927293170038
COHFACE_s37_session3_natural,47,150,52.0,1.304162859916687,-0.223096613444659
COHFACE_s37_session3_natural,47,151,52.03333333333333,1.9325655698776245,-0.40075517638855096
COHFACE_s37_session3_natural,47,152,52.06666666666667,1.9239778518676758,-0.5433343553788524
COHFACE_s37_session3_natural,47,153,52.1,1.6261250972747803,-0.6404271978267395
COHFACE_s37_session3_natural,47,154,52.13333333333333,1.248236060142517,-0.689809831753182
COHFACE_s37_session3_natural,47,155,52.166666666666664,0.8192044496536255,-0.693863113316162
COHFACE_s37_session3_natural,47,156,52.2,0.41448986530303955,-0.656632332587973
COHFACE_s37_session3_natural,47,157,52.233333333333334,0.21487359702587128,-0.5840858661684691
COHFACE_s37_session3_natural,47,158,52.266666666666666,0.23855571448802948,-0.48654208708386143
COHFACE_s37_session3_natural,47,159,52.3,0.3104570508003235,-0.37924632456129503
COHFACE_s37_session3_natural,47,160,52.333333333333336,0.2905532717704773,-0.2780236115136406
COHFACE_s37_session3_natural,47,161,52.36666666666667,0.15478503704071045,-0.19119486083890144
COHFACE_s37_session3_natural,47,162,52.4,-0.05039498955011368,-0.11322052675253848
COHFACE_s37_session3_natural,47,163,52.43333333333333,-0.26788443326950073,-0.026155254872531043
COHFACE_s37_session3_natural,47,164,52.46666666666667,-0.46786531805992126,0.08946929090684062
COHFACE_s37_session3_natural,47,165,52.5,-0.6362679600715637,0.23963080579920515
COHFACE_s37_session3_natural,47,166,52.53333333333333,-0.756690263748169,0.4075540073581052
COHFACE_s37_session3_natural,47,167,52.56666666666667,-0.8370158672332764,0.5582191550466696
COHFACE_s37_session3_natural,47,168,52.6,-0.9032905697822571,0.6561447919611104
COHFACE_s37_session3_natural,47,169,52.63333333333333,-0.9410297870635986,0.686369024586466
COHFACE_s37_session3_natural,47,170,52.666666666666664,-0.69640052318573,0.6648715425786316
COHFACE_s37_session3_natural,47,171,52.7,0.25970426201820374,0.6301747020070267
COHFACE_s37_session3_natural,47,172,52.733333333333334,1.418424129486084,0.6199625480839571
COHFACE_s37_session3_natural,47,173,52.766666666666666,1.974988341331482,0.6467514685377668
COHFACE_s37_session3_natural,47,174,52.8,1.9427499771118164,0.6874488169676459
COHFACE_s37_session3_natural,47,175,52.833333333333336,1.6694217920303345,0.6932155226713301
COHFACE_s37_session3_natural,47,176,52.86666666666667,1.3466359376907349,0.6141473397294239
COHFACE_s37_session3_natural,47,177,52.9,0.9645850658416748,0.42520289337327016
COHFACE_s37_session3_natural,47,178,52.93333333333333,0.5652205348014832,0.1400876707742013
COHFACE_s37_session3_natural,47,179,52.96666666666667,0.3407653868198395,-0.19300094098732712
COHFACE_s37_session3_natural,47,180,53.0,0.3220183551311493,-0.510573058715729
COHFACE_s37_session3_natural,47,181,53.03333333333333,0.35922321677207947,-0.7579558227601558
COHFACE_s37_session3_natural,47,182,53.06666666666667,0.3171272575855255,-0.9067623702893044
COHFACE_s37_session3_natural,47,183,53.1,0.16391336917877197,-0.9584085966114096
COHFACE_s37_session3_natural,47,184,53.13333333333333,-0.050030358135700226,-0.9341388704511736
COHFACE_s37_session3_natural,47,185,53.166666666666664,-0.27267491817474365,-0.8590014582184652
COHFACE_s37_session3_natural,47,186,53.2,-0.4731084406375885,-0.7494911768277739
COHFACE_s37_session3_natural,47,187,53.233333333333334,-0.6332377791404724,-0.6110429539342552
COHFACE_s37_session3_natural,47,188,53.266666666666666,-0.7480271458625793,-0.4444519970021839
COHFACE_s37_session3_natural,47,189,53.3,-0.8212487101554871,-0.2546076204792947
COHFACE_s37_session3_natural,47,190,53.333333333333336,-0.8828964233398438,-0.05459040229706183
COHFACE_s37_session3_natural,47,191,53.36666666666667,-0.9292799234390259,0.13733862104989528
COHFACE_s37_session3_natural,47,192,53.4,-0.781566858291626,0.3046752630973903
COHFACE_s37_session3_natural,47,193,53.43333333333333,0.005123127717524767,0.43779940223329794
COHFACE_s37_session3_natural,47,194,53.46666666666667,1.1888452768325806,0.5339540805963923
COHFACE_s37_session3_natural,47,195,53.5,1.9108951091766357,0.5934343947497862
COHFACE_s37_session3_natural,47,196,53.53333333333333,1.9996700286865234,0.6161744989256351
COHFACE_s37_session3_natural,47,197,53.56666666666667,1.8026753664016724,0.6017692253222642
COHFACE_s37_session3_natural,47,198,53.6,1.540349006652832,0.5519423616950895
COHFACE_s37_session3_natural,47,199,53.63333333333333,1.2084850072860718,0.4718114629393163
COHFACE_s37_session3_natural,47,200,53.666666666666664,0.7921085953712463,0.36792961323473095
COHFACE_s37_session3_natural,47,201,53.7,0.48332956433296204,0.2447506994247029
COHFACE_s37_session3_natural,47,202,53.733333333333334,0.3836723268032074,0.102993711655757
COHFACE_s37_session3_natural,47,203,53.766666666666666,0.38505539298057556,-0.05790560283255056
COHFACE_s37_session3_natural,47,204,53.8,0.3462914228439331,-0.23427257549925257
COHFACE_s37_session3_natural,47,205,53.833333333333336,0.21090038120746613,-0.41315896347620745
COHFACE_s37_session3_natural,47,206,53.86666666666667,0.002746743615716696,-0.5712717599237807
COHFACE_s37_session3_natural,47,207,53.9,-0.22428594529628754,-0.6790492857665241
COHFACE_s37_session3_natural,47,208,53.93333333333333,-0.43002548813819885,-0.7083752496308795
COHFACE_s37_session3_natural,47,209,53.96666666666667,-0.6047400236129761,-0.6410590985426212
COHFACE_s37_session3_natural,47,210,54.0,-0.7330207228660583,-0.47567048200305906
COHFACE_s37_session3_natural,47,211,54.03333333333333,-0.8173069357872009,-0.2311967456729712
COHFACE_s37_session3_natural,47,212,54.06666666666667,-0.8753209114074707,0.05392055705772718
COHFACE_s37_session3_natural,47,213,54.1,-0.9170207977294922,0.32862967801119797
COHFACE_s37_session3_natural,47,214,54.13333333333333,-0.96055006980896,0.5416359970336725
COHFACE_s37_session3_natural,47,215,54.166666666666664,-1.0210158824920654,0.6560233795531109
COHFACE_s37_session3_natural,47,216,54.2,-1.0648092031478882,0.6602993023307832
COHFACE_s37_session3_natural,47,217,54.233333333333334,-0.812233567237854,0.5703466992477912
COHFACE_s37_session3_natural,47,218,54.266666666666666,0.1346360594034195,0.4209484268136916
COHFACE_s37_session3_natural,47,219,54.3,1.2161611318588257,0.25115158214925803
COHFACE_s37_session3_natural,47,220,54.333333333333336,1.7021127939224243,0.09100525248393375
COHFACE_s37_session3_natural,47,221,54.36666666666667,1.6787073612213135,-0.044236208129131135
COHFACE_s37_session3_natural,47,222,54.4,1.477091908454895,-0.1517374475545576
COHFACE_s37_session3_natural,47,223,54.43333333333333,1.2486823797225952,-0.23464070893961
COHFACE_s37_session3_natural,47,224,54.46666666666667,0.9326295852661133,-0.29619343185454483
COHFACE_s37_session3_natural,47,225,54.5,0.5495665669441223,-0.33658958082192697
COHFACE_s37_session3_natural,47,226,54.53333333333333,0.30013424158096313,-0.3523831077649995
COHFACE_s37_session3_natural,47,227,54.56666666666667,0.2302195131778717,-0.33769167561834845
COHFACE_s37_session3_natural,47,228,54.6,0.20717863738536835,-0.2869638458488618
COHFACE_s37_session3_natural,47,229,54.63333333333333,0.11678174883127213,-0.19920941754601393
COHFACE_s37_session3_natural,47,230,54.666666666666664,-0.049150217324495316,-0.08231953418947562
COHFACE_s37_session3_natural,47,231,54.7,-0.25797024369239807,0.04536417335115072
COHFACE_s37_session3_natural,47,232,54.733333333333334,-0.4650111496448517,0.15879654592516748
COHFACE_s37_session3_natural,47,233,54.766666666666666,-0.6469239592552185,0.23498807322790496
COHFACE_s37_session3_natural,47,234,54.8,-0.7996349334716797,0.26237216425440313
COHFACE_s37_session3_natural,47,235,54.833333333333336,-0.9126326441764832,0.24485121597480952
COHFACE_s37_session3_natural,47,236,54.86666666666667,-0.9883248805999756,0.19788392566120344
COHFACE_s37_session3_natural,47,237,54.9,-1.0448551177978516,0.13929715403993742
COHFACE_s37_session3_natural,47,238,54.93333333333333,-1.0907546281814575,0.08056314385512757
COHFACE_s37_session3_natural,47,239,54.96666666666667,-1.1336740255355835,0.023381176974913168
COHFACE_s37_session3_natural,48,0,48.0,1.3403743505477905,0.08485753595793472
COHFACE_s37_session3_natural,48,1,48.03333333333333,1.9875932931900024,0.2580068686472894
COHFACE_s37_session3_natural,48,2,48.06666666666667,1.9788358211517334,0.42106286247539026
COHFACE_s37_session3_natural,48,3,48.1,1.6975297927856445,0.5703959190846226
COHFACE_s37_session3_natural,48,4,48.13333333333333,1.331616997718811,0.7086696385928302
COHFACE_s37_session3_natural,48,5,48.166666666666664,0.9090418219566345,0.8415545063091299
COHFACE_s37_session3_natural,48,6,48.2,0.5044530034065247,0.971190452951397
COHFACE_s37_session3_natural,48,7,48.233333333333334,0.28469401597976685,1.0904207643768147
COHFACE_s37_session3_natural,48,8,48.266666666666666,0.27400657534599304,1.1809396829649186
COHFACE_s37_session3_natural,48,9,48.3,0.336012601852417,1.2160217495024843
COHFACE_s37_session3_natural,48,10,48.333333333333336,0.3382381200790405,1.1670977375680591
COHFACE_s37_session3_natural,48,11,48.36666666666667,0.23103678226470947,1.0128597747078816
COHFACE_s37_session3_natural,48,12,48.4,0.047055620700120926,0.7486440370842815
COHFACE_s37_session3_natural,48,13,48.43333333333333,-0.16133064031600952,0.3928505744645069
COHFACE_s37_session3_natural,48,14,48.46666666666667,-0.36332327127456665,-0.012865808170311886
COHFACE_s37_session3_natural,48,15,48.5,-0.541401207447052,-0.4113616587612559
COHFACE_s37_session3_natural,48,16,48.53333333333333,-0.690962553024292,-0.7444950715463997
COHFACE_s37_session3_natural,48,17,48.56666666666667,-0.8014140725135803,-0.9697121895036197
COHFACE_s37_session3_natural,48,18,48.6,-0.8746796250343323,-1.0720340985304768
COHFACE_s37_session3_natural,48,19,48.63333333333333,-0.919654905796051,-1.0660906837359323
COHFACE_s37_session3_natural,48,20,48.666666666666664,-0.9544079899787903,-0.9877126258707267
COHFACE_s37_session3_natural,48,21,48.7,-0.9902737736701965,-0.8794845055908014
COHFACE_s37_session3_natural,48,22,48.733333333333334,-1.0396937131881714,-0.776259204221845
COHFACE_s37_session3_natural,48,23,48.766666666666666,-1.067606806755066,-0.6954702020603822
COHFACE_s37_session3_natural,48,24,48.8,-0.758255660533905,-0.6350119051618976
COHFACE_s37_session3_natural,48,25,48.833333333333336,0.2772568166255951,-0.5787509567258146
COHFACE_s37_session3_natural,48,26,48.86666666666667,1.4160791635513306,-0.5065150468825897
COHFACE_s37_session3_natural,48,27,48.9,1.917081356048584,-0.40329562481467685
COHFACE_s37_session3_natural,48,28,48.93333333333333,1.8569360971450806,-0.26310628275753284
COHFACE_s37_session3_natural,48,29,48.96666666666667,1.5452840328216553,-0.08669361876899485
COHFACE_s37_session3_natural,48,30,49.0,1.1335723400115967,0.12292747748603791
COHFACE_s37_session3_natural,48,31,49.03333333333333,0.6692344546318054,0.3615649772954185
COHFACE_s37_session3_natural,48,32,49.06666666666667,0.28497692942619324,0.619735574059448
COHFACE_s37_session3_natural,48,33,49.1,0.14297854900360107,0.8769693394547371
COHFACE_s37_session3_natural,48,34,49.13333333333333,0.1951521337032318,1.100378196990208
COHFACE_s37_session3_natural,48,35,49.166666666666664,0.2624515891075134,1.2507291092067903
COHFACE_s37_session3_natural,48,36,49.2,0.23577068746089935,1.293864261291043
COHFACE_s37_session3_natural,48,37,49.233333333333334,0.10646522045135498,1.2116098979354701
COHFACE_s37_session3_natural,48,38,49.266666666666666,-0.08472682535648346,1.0072981535314953
COHFACE_s37_session3_natural,48,39,49.3,-0.28916501998901367,0.7048140369311213
COHFACE_s37_session3_natural,48,40,49.333333333333336,-0.4820859134197235,0.3430915639423125
COHFACE_s37_session3_natural,48,41,49.36666666666667,-0.6523116827011108,-0.03131461443886278
COHFACE_s37_session3_natural,48,42,49.4,-0.7914685010910034,-0.3720460034414012
COHFACE_s37_session3_natural,48,43,49.43333333333333,-0.8945519924163818,-0.640762659158424
COHFACE_s37_session3_natural,48,44,49.46666666666667,-0.9585446119308472,-0.8143810348242644
COHFACE_s37_session3_natural,48,45,49.5,-0.9955546259880066,-0.8897929627627639
COHFACE_s37_session3_natural,48,46,49.53333333333333,-1.0242975950241089,-0.8831915428759572
COHFACE_s37_session3_natural,48,47,49.56666666666667,-1.0629671812057495,-0.8225365053583912
COHFACE_s37_session3_natural,48,48,49.6,-1.0954759120941162,-0.7355995962503437
COHFACE_s37_session3_natural,48,49,49.63333333333333,-0.8833742141723633,-0.6393092794670651
COHFACE_s37_session3_natural,48,50,49.666666666666664,0.022990016266703606,-0.5357051077675715
COHFACE_s37_session3_natural,48,51,49.7,1.1982816457748413,-0.41612462752054397
COHFACE_s37_session3_natural,48,52,49.733333333333334,1.8143309354782104,-0.27084452469353215
COHFACE_s37_session3_natural,48,53,49.766666666666666,1.8181344270706177,-0.09891182480866861
COHFACE_s37_session3_natural,48,54,49.8,1.5197536945343018,0.08647355456932591
COHFACE_s37_session3_natural,48,55,49.833333333333336,1.0990896224975586,0.2591105567522032
COHFACE_s37_session3_natural,48,56,49.86666666666667,0.6159669756889343,0.3869707644468821
COHFACE_s37_session3_natural,48,57,49.9,0.20766900479793549,0.4429891632327101
COHFACE_s37_session3_natural,48,58,49.93333333333333,0.05003552883863449,0.41587629787544067
COHFACE_s37_session3_natural,48,59,49.96666666666667,0.10769741982221603,0.31681529753341475
COHFACE_s37_session3_natural,48,60,50.0,0.1961265653371811,0.17839139903454937
COHFACE_s37_session3_natural,48,61,50.03333333333333,0.19131094217300415,0.04458068155717314
COHFACE_s37_session3_natural,48,62,50.06666666666667,0.07936941087245941,-0.04500636865590362
COHFACE_s37_session3_natural,48,63,50.1,-0.10207191109657288,-0.0696740478364994
COHFACE_s37_session3_natural,48,64,50.13333333333333,-0.30444175004959106,-0.03376737558097264
COHFACE_s37_session3_natural,48,65,50.166666666666664,-0.49817994236946106,0.03864900223883089
COHFACE_s37_session3_natural,48,66,50.2,-0.6673118472099304,0.11693994985854451
COHFACE_s37_session3_natural,48,67,50.233333333333334,-0.7993960380554199,0.1771069275378774
COHFACE_s37_session3_natural,48,68,50.266666666666666,-0.8969535231590271,0.2088767758299085
COHFACE_s37_session3_natural,48,69,50.3,-0.9601917266845703,0.21539503881165536
COHFACE_s37_session3_natural,48,70,50.333333333333336,-0.9988237023353577,0.20810772740962252
COHFACE_s37_session3_natural,48,71,50.36666666666667,-1.036078929901123,0.2004201928536094
COHFACE_s37_session3_natural,48,72,50.4,-1.0611881017684937,0.20244060063462965
COHFACE_s37_session3_natural,48,73,50.43333333333333,-0.8802056908607483,0.2174098847798509
COHFACE_s37_session3_natural,48,74,50.46666666666667,-0.0485529750585556,0.23988244188911434
COHFACE_s37_session3_natural,48,75,50.5,1.0809524059295654,0.2563125775663941
COHFACE_s37_session3_natural,48,76,50.53333333333333,1.679323434829712,0.2491577402141173
COHFACE_s37_session3_natural,48,77,50.56666666666667,1.6676175594329834,0.20438605034015878
COHFACE_s37_session3_natural,48,78,50.6,1.3481636047363281,0.11940440907188414
COHFACE_s37_session3_natural,48,79,50.63333333333333,0.9008439183235168,0.006713458523538992
COHFACE_s37_session3_natural,48,80,50.666666666666664,0.4063548445701599,-0.10962457078234161
COHFACE_s37_session3_natural,48,81,50.7,0.03053409233689308,-0.20363790034435392
COHFACE_s37_session3_natural,48,82,50.733333333333334,-0.06200029328465462,-0.25879078277591105
COHFACE_s37_session3_natural,48,83,50.766666666666666,0.051299162209033966,-0.2755622603492492
COHFACE_s37_session3_natural,48,84,50.8,0.16138610243797302,-0.2713903443296745
COHFACE_s37_session3_natural,48,85,50.833333333333336,0.1511135846376419,-0.27243456178537095
COHFACE_s37_session3_natural,48,86,50.86666666666667,0.02480059303343296,-0.30023910355955274
COHFACE_s37_session3_natural,48,87,50.9,-0.16178327798843384,-0.3591352858771097
COHFACE_s37_session3_natural,48,88,50.93333333333333,-0.35902315378189087,-0.4309544495329571
COHFACE_s37_session3_natural,48,89,50.96666666666667,-0.5399426817893982,-0.48109034797674716
COHFACE_s37_session3_natural,48,90,51.0,-0.6917169094085693,-0.47437213069126355
COHFACE_s37_session3_natural,48,91,51.03333333333333,-0.8092222213745117,-0.3934043691512673
COHFACE_s37_session3_natural,48,92,51.06666666666667,-0.8853670954704285,-0.24959254745009576
COHFACE_s37_session3_natural,48,93,51.1,-0.9328444600105286,-0.08014734223950772
COHFACE_s37_session3_natural,48,94,51.13333333333333,-0.9771596193313599,0.06802087452310479
COHFACE_s37_session3_natural,48,95,51.166666666666664,-0.9942343831062317,0.15916085726750384
COHFACE_s37_session3_natural,48,96,51.2,-0.725910484790802,0.18347285266972294
COHFACE_s37_session3_natural,48,97,51.233333333333334,0.22021731734275818,0.1587083796952847
COHFACE_s37_session3_natural,48,98,51.266666666666666,1.3132848739624023,0.11893402949296089
COHFACE_s37_session3_natural,48,99,51.3,1.8025622367858887,0.09746009399016203
COHFACE_s37_session3_natural,48,100,51.333333333333336,1.7164151668548584,0.11291288671808544
COHFACE_s37_session3_natural,48,101,51.36666666666667,1.3714810609817505,0.16443704186648828
COHFACE_s37_session3_natural,48,102,51.4,0.9368982911109924,0.23640410631177453
COHFACE_s37_session3_natural,48,103,51.43333333333333,0.4615146219730377,0.3080671544730669
COHFACE_s37_session3_natural,48,104,51.46666666666667,0.10878502577543259,0.36198793578765465
COHFACE_s37_session3_natural,48,105,51.5,0.04411343112587929,0.3874770914316788
COHFACE_s37_session3_natural,48,106,51.53333333333333,0.15189313888549805,0.37988655841665264
COHFACE_s37_session3_natural,48,107,51.56666666666667,0.23317427933216095,0.3392935072904436
COHFACE_s37_session3_natural,48,108,51.6,0.19755995273590088,0.2705958863675744
COHFACE_s37_session3_natural,48,109,51.63333333333333,0.05455568805336952,0.18400786328356575
COHFACE_s37_session3_natural,48,110,51.666666666666664,-0.144394189119339,0.09403391420336336
COHFACE_s37_session3_natural,48,111,51.7,-0.34989482164382935,0.016347668542137612
COHFACE_s37_session3_natural,48,112,51.733333333333334,-0.5352904796600342,-0.036256794431370594
COHFACE_s37_session3_natural,48,113,51.766666666666666,-0.6872785091400146,-0.057076955151290805
COHFACE_s37_session3_natural,48,114,51.8,-0.7950707674026489,-0.04698935951101374
COHFACE_s37_session3_natural,48,115,51.833333333333336,-0.8669909834861755,-0.014420993579425018
COHFACE_s37_session3_natural,48,116,51.86666666666667,-0.9220438599586487,0.025883552665305922
COHFACE_s37_session3_natural,48,117,51.9,-0.9571741223335266,0.05547494669618749
COHFACE_s37_session3_natural,48,118,51.93333333333333,-0.7679875493049622,0.056410184468716866
COHFACE_s37_session3_natural,48,119,51.96666666666667,0.11305371671915054,0.01645794479627137
COHFACE_s37_session3_natural,48,120,52.0,1.304162859916687,-0.06650988732330022
COHFACE_s37_session3_natural,48,121,52.03333333333333,1.9325655698776245,-0.18305579923061208
COHFACE_s37_session3_natural,48,122,52.06666666666667,1.9239778518676758,-0.3144509494321995
COHFACE_s37_session3_natural,48,123,52.1,1.6261250972747803,-0.43757694989392415
COHFACE_s37_session3_natural,48,124,52.13333333333333,1.248236060142517,-0.5303615059363649
COHFACE_s37_session3_natural,48,125,52.166666666666664,0.8192044496536255,-0.5762750520136216
COHFACE_s37_session3_natural,48,126,52.2,0.41448986530303955,-0.5679089505744676
COHFACE_s37_session3_natural,48,127,52.233333333333334,0.21487359702587128,-0.5099172271154834
COHFACE_s37_session3_natural,48,128,52.266666666666666,0.23855571448802948,-0.4198189893291171
COHFACE_s37_session3_natural,48,129,52.3,0.3104570508003235,-0.32390840338121596
COHFACE_s37_session3_natural,48,130,52.333333333333336,0.2905532717704773,-0.24740647455010603
COHFACE_s37_session3_natural,48,131,52.36666666666667,0.15478503704071045,-0.20219283026628468
COHFACE_s37_session3_natural,48,132,52.4,-0.05039498955011368,-0.17889106915606012
COHFACE_s37_session3_natural,48,133,52.43333333333333,-0.26788443326950073,-0.14951754693200112
COHFACE_s37_session3_natural,48,134,52.46666666666667,-0.46786531805992126,-0.08140717407947812
COHFACE_s37_session3_natural,48,135,52.5,-0.6362679600715637,0.04426749795458547
COHFACE_s37_session3_natural,48,136,52.53333333333333,-0.756690263748169,0.2204195660946925
COHFACE_s37_session3_natural,48,137,52.56666666666667,-0.8370158672332764,0.41676140793749566
COHFACE_s37_session3_natural,48,138,52.6,-0.9032905697822571,0.5963085133825247
COHFACE_s37_session3_natural,48,139,52.63333333333333,-0.9410297870635986,0.7352969441596443
COHFACE_s37_session3_natural,48,140,52.666666666666664,-0.69640052318573,0.8337424787804341
COHFACE_s37_session3_natural,48,141,52.7,0.25970426201820374,0.9097647801661916
COHFACE_s37_session3_natural,48,142,52.733333333333334,1.418424129486084,0.9811423296716547
COHFACE_s37_session3_natural,48,143,52.766666666666666,1.974988341331482,1.0457226532295134
COHFACE_s37_session3_natural,48,144,52.8,1.9427499771118164,1.0731369255899432
COHFACE_s37_session3_natural,48,145,52.833333333333336,1.6694217920303345,1.0138113887703282
COHFACE_s37_session3_natural,48,146,52.86666666666667,1.3466359376907349,0.821601043037293
COHFACE_s37_session3_natural,48,147,52.9,0.9645850658416748,0.47907335658276046
COHFACE_s37_session3_natural,48,148,52.93333333333333,0.5652205348014832,0.013311057187367251
COHFACE_s37_session3_natural,48,149,52.96666666666667,0.3407653868198395,-0.5055780751478266
COHFACE_s37_session3_natural,48,150,53.0,0.3220183551311493,-0.9840116585884365
COHFACE_s37_session3_natural,48,151,53.03333333333333,0.35922321677207947,-1.335553465863638
COHFACE_s37_session3_natural,48,152,53.06666666666667,0.3171272575855255,-1.5096493120531655
COHFACE_s37_session3_natural,48,153,53.1,0.16391336917877197,-1.5053887400108918
COHFACE_s37_session3_natural,48,154,53.13333333333333,-0.050030358135700226,-1.3645168667548333
COHFACE_s37_session3_natural,48,155,53.166666666666664,-0.27267491817474365,-1.1485406066099926
COHFACE_s37_session3_natural,48,156,53.2,-0.4731084406375885,-0.9123407377283235
COHFACE_s37_session3_natural,48,157,53.233333333333334,-0.6332377791404724,-0.6869882659310359
COHFACE_s37_session3_natural,48,158,53.266666666666666,-0.7480271458625793,-0.4776008702120112
COHFACE_s37_session3_natural,48,159,53.3,-0.8212487101554871,-0.2732762975772067
COHFACE_s37_session3_natural,48,160,53.333333333333336,-0.8828964233398438,-0.06112823299315261
COHFACE_s37_session3_natural,48,161,53.36666666666667,-0.9292799234390259,0.16315386370342122
COHFACE_s37_session3_natural,48,162,53.4,-0.781566858291626,0.3917759607586813
COHFACE_s37_session3_natural,48,163,53.43333333333333,0.005123127717524767,0.6075108257860874
COHFACE_s37_session3_natural,48,164,53.46666666666667,1.1888452768325806,0.7895666057007976
COHFACE_s37_session3_natural,48,165,53.5,1.9108951091766357,0.9198237217872081
COHFACE_s37_session3_natural,48,166,53.53333333333333,1.9996700286865234,0.987751843151126
COHFACE_s37_session3_natural,48,167,53.56666666666667,1.8026753664016724,0.9930130171649276
COHFACE_s37_session3_natural,48,168,53.6,1.540349006652832,0.9447019805970098
COHFACE_s37_session3_natural,48,169,53.63333333333333,1.2084850072860718,0.8567700117298853
COHFACE_s37_session3_natural,48,170,53.666666666666664,0.7921085953712463,0.7412936875461752
COHFACE_s37_session3_natural,48,171,53.7,0.48332956433296204,0.603199260944855
COHFACE_s37_session3_natural,48,172,53.733333333333334,0.3836723268032074,0.4397665770371456
COHFACE_s37_session3_natural,48,173,53.766666666666666,0.38505539298057556,0.24565621578710378
COHFACE_s37_session3_natural,48,174,53.8,0.3462914228439331,0.020893107278858018
COHFACE_s37_session3_natural,48,175,53.833333333333336,0.21090038120746613,-0.2226174150566342
COHFACE_s37_session3_natural,48,176,53.86666666666667,0.002746743615716696,-0.45960291940162373
COHFACE_s37_session3_natural,48,177,53.9,-0.22428594529628754,-0.6558099943753837
COHFACE_s37_session3_natural,48,178,53.93333333333333,-0.43002548813819885,-0.7764288515231846
COHFACE_s37_session3_natural,48,179,53.96666666666667,-0.6047400236129761,-0.7955779449737138
COHFACE_s37_session3_natural,48,180,54.0,-0.7330207228660583,-0.7044376780800707
COHFACE_s37_session3_natural,48,181,54.03333333333333,-0.8173069357872009,-0.5163827009231158
COHFACE_s37_session3_natural,48,182,54.06666666666667,-0.8753209114074707,-0.26728882854103536
COHFACE_s37_session3_natural,48,183,54.1,-0.9170207977294922,-0.009196974786345315
COHFACE_s37_session3_natural,48,184,54.13333333333333,-0.96055006980896,0.20273436902532702
COHFACE_s37_session3_natural,48,185,54.166666666666664,-1.0210158824920654,0.32660926210194463
COHFACE_s37_session3_natural,48,186,54.2,-1.0648092031478882,0.34684240677702416
COHFACE_s37_session3_natural,48,187,54.233333333333334,-0.812233567237854,0.2771800816467356
COHFACE_s37_session3_natural,48,188,54.266666666666666,0.1346360594034195,0.15163751578307585
COHFACE_s37_session3_natural,48,189,54.3,1.2161611318588257,0.007946983436011603
COHFACE_s37_session3_natural,48,190,54.333333333333336,1.7021127939224243,-0.1276041332925691
COHFACE_s37_session3_natural,48,191,54.36666666666667,1.6787073612213135,-0.2461992409715458
COHFACE_s37_session3_natural,48,192,54.4,1.477091908454895,-0.35180744592699287
COHFACE_s37_session3_natural,48,193,54.43333333333333,1.2486823797225952,-0.45072140472716254
COHFACE_s37_session3_natural,48,194,54.46666666666667,0.9326295852661133,-0.5424386611355759
COHFACE_s37_session3_natural,48,195,54.5,0.5495665669441223,-0.6165473888793053
COHFACE_s37_session3_natural,48,196,54.53333333333333,0.30013424158096313,-0.655849861633703
COHFACE_s37_session3_natural,48,197,54.56666666666667,0.2302195131778717,-0.6428275127344054
COHFACE_s37_session3_natural,48,198,54.6,0.20717863738536835,-0.566377010142005
COHFACE_s37_session3_natural,48,199,54.63333333333333,0.11678174883127213,-0.42709847558171593
COHFACE_s37_session3_natural,48,200,54.666666666666664,-0.049150217324495316,-0.24007613190315857
COHFACE_s37_session3_natural,48,201,54.7,-0.25797024369239807,-0.03359292349476774
COHFACE_s37_session3_natural,48,202,54.733333333333334,-0.4650111496448517,0.15804556619676327
COHFACE_s37_session3_natural,48,203,54.766666666666666,-0.6469239592552185,0.306957348015771
COHFACE_s37_session3_natural,48,204,54.8,-0.7996349334716797,0.403775273561726
COHFACE_s37_session3_natural,48,205,54.833333333333336,-0.9126326441764832,0.46158880688518755
COHFACE_s37_session3_natural,48,206,54.86666666666667,-0.9883248805999756,0.5084689548312998
COHFACE_s37_session3_natural,48,207,54.9,-1.0448551177978516,0.5725787578449926
COHFACE_s37_session3_natural,48,208,54.93333333333333,-1.0907546281814575,0.667781847021934
COHFACE_s37_session3_natural,48,209,54.96666666666667,-1.1336740255355835,0.7864695095644587
COHFACE_s37_session3_natural,48,210,55.0,-1.1797243356704712,0.9018699157750298
COHFACE_s37_session3_natural,48,211,55.03333333333333,-1.223448634147644,0.9776840478372062
COHFACE_s37_session3_natural,48,212,55.06666666666667,-1.2645574808120728,0.9808820106130031
COHFACE_s37_session3_natural,48,213,55.1,-1.3109536170959473,0.8934340049928262
COHFACE_s37_session3_natural,48,214,55.13333333333333,-1.3617126941680908,0.7192806405484565
COHFACE_s37_session3_natural,48,215,55.166666666666664,-1.3784478902816772,0.483882108797229
COHFACE_s37_session3_natural,48,216,55.2,-1.0699957609176636,0.22577805597900558
COHFACE_s37_session3_natural,48,217,55.233333333333334,-0.09608694165945053,-0.017115430648771426
COHFACE_s37_session3_natural,48,218,55.266666666666666,0.9203893542289734,-0.22041255653660916
COHFACE_s37_session3_natural,48,219,55.3,1.3622522354125977,-0.3787443617237681
COHFACE_s37_session3_natural,48,220,55.333333333333336,1.3526334762573242,-0.5010041689720641
COHFACE_s37_session3_natural,48,221,55.36666666666667,1.1828289031982422,-0.5985722334881616
COHFACE_s37_session3_natural,48,222,55.4,0.9892164468765259,-0.6741214585251952
COHFACE_s37_session3_natural,48,223,55.43333333333333,0.7272169589996338,-0.7183160418077855
COHFACE_s37_session3_natural,48,224,55.46666666666667,0.4032806158065796,-0.7165042589215642
COHFACE_s37_session3_natural,48,225,55.5,0.18867678940296173,-0.6608171708286985
COHFACE_s37_session3_natural,48,226,55.53333333333333,0.13788630068302155,-0.5593863398260936
COHFACE_s37_session3_natural,48,227,55.56666666666667,0.13672325015068054,-0.4361366488760098
COHFACE_s37_session3_natural,48,228,55.6,0.07619461417198181,-0.32086103547147665
COHFACE_s37_session3_natural,48,229,55.63333333333333,-0.06352168321609497,-0.23555307861562322
COHFACE_s37_session3_natural,48,230,55.666666666666664,-0.24903680384159088,-0.1849411680971834
COHFACE_s37_session3_natural,48,231,55.7,-0.43621793389320374,-0.1563163556459107
COHFACE_s37_session3_natural,48,232,55.733333333333334,-0.5928958058357239,-0.12833782659242354
COHFACE_s37_session3_natural,48,233,55.766666666666666,-0.7208685278892517,-0.08361749007345243
COHFACE_s37_session3_natural,48,234,55.8,-0.8211544156074524,-0.018081931027622254
COHFACE_s37_session3_natural,48,235,55.833333333333336,-0.8921064734458923,0.05771285244097485
COHFACE_s37_session3_natural,48,236,55.86666666666667,-0.9446698427200317,0.12524719179595417
COHFACE_s37_session3_natural,48,237,55.9,-0.9844648241996765,0.16825451666169386
COHFACE_s37_session3_natural,48,238,55.93333333333333,-1.022769808769226,0.1808904455071333
COHFACE_s37_session3_natural,48,239,55.96666666666667,-1.0688704252243042,0.17006434493628136
COHFACE_s37_session3_natural,49,0,49.0,1.1335723400115967,0.03749158116600264
COHFACE_s37_session3_natural,49,1,49.03333333333333,0.6692344546318054,0.10540931608189891
COHFACE_s37_session3_natural,49,2,49.06666666666667,0.28497692942619324,0.18922978974852533
COHFACE_s37_session3_natural,49,3,49.1,0.14297854900360107,0.30663727614187697
COHFACE_s37_session3_natural,49,4,49.13333333333333,0.1951521337032318,0.471700910098317
COHFACE_s37_session3_natural,49,5,49.166666666666664,0.2624515891075134,0.6853043483017748
COHFACE_s37_session3_natural,49,6,49.2,0.23577068746089935,0.924257637671674
COHFACE_s37_session3_natural,49,7,49.233333333333334,0.10646522045135498,1.1375268975531592
COHFACE_s37_session3_natural,49,8,49.266666666666666,-0.08472682535648346,1.255907131858716
COHFACE_s37_session3_natural,49,9,49.3,-0.28916501998901367,1.2143600203459484
COHFACE_s37_session3_natural,49,10,49.333333333333336,-0.4820859134197235,0.9786833612784146
COHFACE_s37_session3_natural,49,11,49.36666666666667,-0.6523116827011108,0.5644488917731131
COHFACE_s37_session3_natural,49,12,49.4,-0.7914685010910034,0.038485576645232056
COHFACE_s37_session3_natural,49,13,49.43333333333333,-0.8945519924163818,-0.4993161732294697
COHFACE_s37_session3_natural,49,14,49.46666666666667,-0.9585446119308472,-0.9469593462040871
COHFACE_s37_session3_natural,49,15,49.5,-0.9955546259880066,-1.231096019321358
COHFACE_s37_session3_natural,49,16,49.53333333333333,-1.0242975950241089,-1.325039438678482
COHFACE_s37_session3_natural,49,17,49.56666666666667,-1.0629671812057495,-1.2480366422833906
COHFACE_s37_session3_natural,49,18,49.6,-1.0954759120941162,-1.048973153122485
COHFACE_s37_session3_natural,49,19,49.63333333333333,-0.8833742141723633,-0.7842190147984548
COHFACE_s37_session3_natural,49,20,49.666666666666664,0.022990016266703606,-0.49979865123510214
COHFACE_s37_session3_natural,49,21,49.7,1.1982816457748413,-0.2237225995850464
COHFACE_s37_session3_natural,49,22,49.733333333333334,1.8143309354782104,0.03136932447071019
COHFACE_s37_session3_natural,49,23,49.766666666666666,1.8181344270706177,0.2595272396069006
COHFACE_s37_session3_natural,49,24,49.8,1.5197536945343018,0.4528316393321579
COHFACE_s37_session3_natural,49,25,49.833333333333336,1.0990896224975586,0.5976669546472372
COHFACE_s37_session3_natural,49,26,49.86666666666667,0.6159669756889343,0.6775930036161079
COHFACE_s37_session3_natural,49,27,49.9,0.20766900479793549,0.6808669533476467
COHFACE_s37_session3_natural,49,28,49.93333333333333,0.05003552883863449,0.6083649321743478
COHFACE_s37_session3_natural,49,29,49.96666666666667,0.10769741982221603,0.47738255055474244
COHFACE_s37_session3_natural,49,30,50.0,0.1961265653371811,0.31853340141066
COHFACE_s37_session3_natural,49,31,50.03333333333333,0.19131094217300415,0.16630936555137632
COHFACE_s37_session3_natural,49,32,50.06666666666667,0.07936941087245941,0.047518700280361384
COHFACE_s37_session3_natural,49,33,50.1,-0.10207191109657288,-0.026629051614138675
COHFACE_s37_session3_natural,49,34,50.13333333333333,-0.30444175004959106,-0.061023689057684016
COHFACE_s37_session3_natural,49,35,50.166666666666664,-0.49817994236946106,-0.0702405080298686
COHFACE_s37_session3_natural,49,36,50.2,-0.6673118472099304,-0.06948527028006388
COHFACE_s37_session3_natural,49,37,50.233333333333334,-0.7993960380554199,-0.06801763007695137
COHFACE_s37_session3_natural,49,38,50.266666666666666,-0.8969535231590271,-0.06762955588608746
COHFACE_s37_session3_natural,49,39,50.3,-0.9601917266845703,-0.06524903424019429
COHFACE_s37_session3_natural,49,40,50.333333333333336,-0.9988237023353577,-0.05697283493454261
COHFACE_s37_session3_natural,49,41,50.36666666666667,-1.036078929901123,-0.04113760984112347
COHFACE_s37_session3_natural,49,42,50.4,-1.0611881017684937,-0.019354616770533618
COHFACE_s37_session3_natural,49,43,50.43333333333333,-0.8802056908607483,0.004204912527172273
COHFACE_s37_session3_natural,49,44,50.46666666666667,-0.0485529750585556,0.02422094246616186
COHFACE_s37_session3_natural,49,45,50.5,1.0809524059295654,0.035382678558673115
COHFACE_s37_session3_natural,49,46,50.53333333333333,1.679323434829712,0.03308957709938007
COHFACE_s37_session3_natural,49,47,50.56666666666667,1.6676175594329834,0.014193749108623326
COHFACE_s37_session3_natural,49,48,50.6,1.3481636047363281,-0.02172078822621557
COHFACE_s37_session3_natural,49,49,50.63333333333333,0.9008439183235168,-0.07089816871862709
COHFACE_s37_session3_natural,49,50,50.666666666666664,0.4063548445701599,-0.12527583011572
COHFACE_s37_session3_natural,49,51,50.7,0.03053409233689308,-0.1749882626674294
COHFACE_s37_session3_natural,49,52,50.733333333333334,-0.06200029328465462,-0.21294212481575353
COHFACE_s37_session3_natural,49,53,50.766666666666666,0.051299162209033966,-0.23891475604259557
COHFACE_s37_session3_natural,49,54,50.8,0.16138610243797302,-0.2604251545791683
COHFACE_s37_session3_natural,49,55,50.833333333333336,0.1511135846376419,-0.28907854634018343
COHFACE_s37_session3_natural,49,56,50.86666666666667,0.02480059303343296,-0.3331757900880472
COHFACE_s37_session3_natural,49,57,50.9,-0.16178327798843384,-0.3895733659815362
COHFACE_s37_session3_natural,49,58,50.93333333333333,-0.35902315378189087,-0.439334385307056
COHFACE_s37_session3_natural,49,59,50.96666666666667,-0.5399426817893982,-0.45108235256333423
COHFACE_s37_session3_natural,49,60,51.0,-0.6917169094085693,-0.3925179048316115
COHFACE_s37_session3_natural,49,61,51.03333333333333,-0.8092222213745117,-0.24601907706848147
COHFACE_s37_session3_natural,49,62,51.06666666666667,-0.8853670954704285,-0.02123265529504204
COHFACE_s37_session3_natural,49,63,51.1,-0.9328444600105286,0.24227442013144523
COHFACE_s37_session3_natural,49,64,51.13333333333333,-0.9771596193313599,0.48556038217144964
COHFACE_s37_session3_natural,49,65,51.166666666666664,-0.9942343831062317,0.6510996457213313
COHFACE_s37_session3_natural,49,66,51.2,-0.725910484790802,0.7048222348423636
COHFACE_s37_session3_natural,49,67,51.233333333333334,0.22021731734275818,0.6486945348068952
COHFACE_s37_session3_natural,49,68,51.266666666666666,1.3132848739624023,0.5178339617905962
COHFACE_s37_session3_natural,49,69,51.3,1.8025622367858887,0.3642737926480585
COHFACE_s37_session3_natural,49,70,51.333333333333336,1.7164151668548584,0.23594979566933505
COHFACE_s37_session3_natural,49,71,51.36666666666667,1.3714810609817505,0.16075617059271458
COHFACE_s37_session3_natural,49,72,51.4,0.9368982911109924,0.14132824417691323
COHFACE_s37_session3_natural,49,73,51.43333333333333,0.4615146219730377,0.16000008603153779
COHFACE_s37_session3_natural,49,74,51.46666666666667,0.10878502577543259,0.18926790521625186
COHFACE_s37_session3_natural,49,75,51.5,0.04411343112587929,0.20265540703935495
COHFACE_s37_session3_natural,49,76,51.53333333333333,0.15189313888549805,0.1830639128989298
COHFACE_s37_session3_natural,49,77,51.56666666666667,0.23317427933216095,0.12765900851318993
COHFACE_s37_session3_natural,49,78,51.6,0.19755995273590088,0.048394665487859125
COHFACE_s37_session3_natural,49,79,51.63333333333333,0.05455568805336952,-0.032840412987382085
COHFACE_s37_session3_natural,49,80,51.666666666666664,-0.144394189119339,-0.0936546530980271
COHFACE_s37_session3_natural,49,81,51.7,-0.34989482164382935,-0.1214638507555213
COHFACE_s37_session3_natural,49,82,51.733333333333334,-0.5352904796600342,-0.11942128202089793
COHFACE_s37_session3_natural,49,83,51.766666666666666,-0.6872785091400146,-0.10440940828609782
COHFACE_s37_session3_natural,49,84,51.8,-0.7950707674026489,-0.09817593957766951
COHFACE_s37_session3_natural,49,85,51.833333333333336,-0.8669909834861755,-0.11682415601811953
COHFACE_s37_session3_natural,49,86,51.86666666666667,-0.9220438599586487,-0.16423846821046528
COHFACE_s37_session3_natural,49,87,51.9,-0.9571741223335266,-0.23190594831907474
COHFACE_s37_session3_natural,49,88,51.93333333333333,-0.7679875493049622,-0.3036008270072774
COHFACE_s37_session3_natural,49,89,51.96666666666667,0.11305371671915054,-0.3614872159926063
COHFACE_s37_session3_natural,49,90,52.0,1.304162859916687,-0.3913466156244969
COHFACE_s37_session3_natural,49,91,52.03333333333333,1.9325655698776245,-0.3863712942124278
COHFACE_s37_session3_natural,49,92,52.06666666666667,1.9239778518676758,-0.348968258760373
COHFACE_s37_session3_natural,49,93,52.1,1.6261250972747803,-0.2896103428978756
COHFACE_s37_session3_natural,49,94,52.13333333333333,1.248236060142517,-0.22287715749899523
COHFACE_s37_session3_natural,49,95,52.166666666666664,0.8192044496536255,-0.16267386405520293
COHFACE_s37_session3_natural,49,96,52.2,0.41448986530303955,-0.11928199147175057
COHFACE_s37_session3_natural,49,97,52.233333333333334,0.21487359702587128,-0.09941270666483802
COHFACE_s37_session3_natural,49,98,52.266666666666666,0.23855571448802948,-0.10758459949918574
COHFACE_s37_session3_natural,49,99,52.3,0.3104570508003235,-0.1455901450957994
COHFACE_s37_session3_natural,49,100,52.333333333333336,0.2905532717704773,-0.2084907577139064
COHFACE_s37_session3_natural,49,101,52.36666666666667,0.15478503704071045,-0.2793776430516487
COHFACE_s37_session3_natural,49,102,52.4,-0.05039498955011368,-0.3280914543586757
COHFACE_s37_session3_natural,49,103,52.43333333333333,-0.26788443326950073,-0.31835437231779184
COHFACE_s37_session3_natural,49,104,52.46666666666667,-0.46786531805992126,-0.22272913832093763
COHFACE_s37_session3_natural,49,105,52.5,-0.6362679600715637,-0.03847647958842091
COHFACE_s37_session3_natural,49,106,52.53333333333333,-0.756690263748169,0.20570034531128836
COHFACE_s37_session3_natural,49,107,52.56666666666667,-0.8370158672332764,0.4584574614065159
COHFACE_s37_session3_natural,49,108,52.6,-0.9032905697822571,0.6672091730672285
COHFACE_s37_session3_natural,49,109,52.63333333333333,-0.9410297870635986,0.8006626336610977
COHFACE_s37_session3_natural,49,110,52.666666666666664,-0.69640052318573,0.8598959948358231
COHFACE_s37_session3_natural,49,111,52.7,0.25970426201820374,0.87196978301751
COHFACE_s37_session3_natural,49,112,52.733333333333334,1.418424129486084,0.8700234978507618
COHFACE_s37_session3_natural,49,113,52.766666666666666,1.974988341331482,0.8712800333084989
COHFACE_s37_session3_natural,49,114,52.8,1.9427499771118164,0.8651418710536943
COHFACE_s37_session3_natural,49,115,52.833333333333336,1.6694217920303345,0.8176418499762104
COHFACE_s37_session3_natural,49,116,52.86666666666667,1.3466359376907349,0.6894305689280131
COHFACE_s37_session3_natural,49,117,52.9,0.9645850658416748,0.4574043596288785
COHFACE_s37_session3_natural,49,118,52.93333333333333,0.5652205348014832,0.12884771046273924
COHFACE_s37_session3_natural,49,119,52.96666666666667,0.3407653868198395,-0.2583669177975869
COHFACE_s37_session3_natural,49,120,53.0,0.3220183551311493,-0.6484071053034303
COHFACE_s37_session3_natural,49,121,53.03333333333333,0.35922321677207947,-0.9856879126306755
COHFACE_s37_session3_natural,49,122,53.06666666666667,0.3171272575855255,-1.2298928917011618
COHFACE_s37_session3_natural,49,123,53.1,0.16391336917877197,-1.362112320529839
COHFACE_s37_session3_natural,49,124,53.13333333333333,-0.050030358135700226,-1.3817674452908772
COHFACE_s37_session3_natural,49,125,53.166666666666664,-0.27267491817474365,-1.2987269532822618
COHFACE_s37_session3_natural,49,126,53.2,-0.4731084406375885,-1.1267286643187084
COHFACE_s37_session3_natural,49,127,53.233333333333334,-0.6332377791404724,-0.8819507410489724
COHFACE_s37_session3_natural,49,128,53.266666666666666,-0.7480271458625793,-0.5857073204138881
COHFACE_s37_session3_natural,49,129,53.3,-0.8212487101554871,-0.2665362229061401
COHFACE_s37_session3_natural,49,130,53.333333333333336,-0.8828964233398438,0.042586251248374056
COHFACE_s37_session3_natural,49,131,53.36666666666667,-0.9292799234390259,0.31212881728
COHFACE_s37_session3_natural,49,132,53.4,-0.781566858291626,0.5247009815723074
COHFACE_s37_session3_natural,49,133,53.43333333333333,0.005123127717524767,0.6788356450186561
COHFACE_s37_session3_natural,49,134,53.46666666666667,1.1888452768325806,0.7851939140965672
COHFACE_s37_session3_natural,49,135,53.5,1.9108951091766357,0.8576272942391722
COHFACE_s37_session3_natural,49,136,53.53333333333333,1.9996700286865234,0.9047708116750424
COHFACE_s37_session3_natural,49,137,53.56666666666667,1.8026753664016724,0.9268693424260117
COHFACE_s37_session3_natural,49,138,53.6,1.540349006652832,0.9181004875973502
COHFACE_s37_session3_natural,49,139,53.63333333333333,1.2084850072860718,0.8709428923142392
COHFACE_s37_session3_natural,49,140,53.666666666666664,0.7921085953712463,0.7794201527581464
COHFACE_s37_session3_natural,49,141,53.7,0.48332956433296204,0.6407219235723415
COHFACE_s37_session3_natural,49,142,53.733333333333334,0.3836723268032074,0.4564471129249073
COHFACE_s37_session3_natural,49,143,53.766666666666666,0.38505539298057556,0.23430881093596984
COHFACE_s37_session3_natural,49,144,53.8,0.3462914228439331,-0.010537979316808365
COHFACE_s37_session3_natural,49,145,53.833333333333336,0.21090038120746613,-0.2562531706205098
COHFACE_s37_session3_natural,49,146,53.86666666666667,0.002746743615716696,-0.4776828992393281
COHFACE_s37_session3_natural,49,147,53.9,-0.22428594529628754,-0.6509581875633731
COHFACE_s37_session3_natural,49,148,53.93333333333333,-0.43002548813819885,-0.7572894669134685
COHFACE_s37_session3_natural,49,149,53.96666666666667,-0.6047400236129761,-0.7851399233652772
COHFACE_s37_session3_natural,49,150,54.0,-0.7330207228660583,-0.731888981282613
COHFACE_s37_session3_natural,49,151,54.03333333333333,-0.8173069357872009,-0.6062744371972182
COHFACE_s37_session3_natural,49,152,54.06666666666667,-0.8753209114074707,-0.4304572294983305
COHFACE_s37_session3_natural,49,153,54.1,-0.9170207977294922,-0.23846419547964132
COHFACE_s37_session3_natural,49,154,54.13333333333333,-0.96055006980896,-0.06900585631759579
COHFACE_s37_session3_natural,49,155,54.166666666666664,-1.0210158824920654,0.04568207354448464
COHFACE_s37_session3_natural,49,156,54.2,-1.0648092031478882,0.0901703930552774
COHFACE_s37_session3_natural,49,157,54.233333333333334,-0.812233567237854,0.07007032954762661
COHFACE_s37_session3_natural,49,158,54.266666666666666,0.1346360594034195,0.007661712205946785
COHFACE_s37_session3_natural,49,159,54.3,1.2161611318588257,-0.0690530860948469
COHFACE_s37_session3_natural,49,160,54.333333333333336,1.7021127939224243,-0.13814663823675227
COHFACE_s37_session3_natural,49,161,54.36666666666667,1.6787073612213135,-0.19038940296630633
COHFACE_s37_session3_natural,49,162,54.4,1.477091908454895,-0.22822985300645118
COHFACE_s37_session3_natural,49,163,54.43333333333333,1.2486823797225952,-0.25922515321881445
COHFACE_s37_session3_natural,49,164,54.46666666666667,0.9326295852661133,-0.28832577214899985
COHFACE_s37_session3_natural,49,165,54.5,0.5495665669441223,-0.31284879212231226
COHFACE_s37_session3_natural,49,166,54.53333333333333,0.30013424158096313,-0.32182032346145095
COHFACE_s37_session3_natural,49,167,54.56666666666667,0.2302195131778717,-0.29943021887975335
COHFACE_s37_session3_natural,49,168,54.6,0.20717863738536835,-0.23150283825534823
COHFACE_s37_session3_natural,49,169,54.63333333333333,0.11678174883127213,-0.11314641723243654
COHFACE_s37_session3_natural,49,170,54.666666666666664,-0.049150217324495316,0.04563043191035336
COHFACE_s37_session3_natural,49,171,54.7,-0.25797024369239807,0.22002523949267844
COHFACE_s37_session3_natural,49,172,54.733333333333334,-0.4650111496448517,0.3778871412371814
COHFACE_s37_session3_natural,49,173,54.766666666666666,-0.6469239592552185,0.4920088329043517
COHFACE_s37_session3_natural,49,174,54.8,-0.7996349334716797,0.5510559954317188
COHFACE_s37_session3_natural,49,175,54.833333333333336,-0.9126326441764832,0.5628696592713875
COHFACE_s37_session3_natural,49,176,54.86666666666667,-0.9883248805999756,0.5484872676094166
COHFACE_s37_session3_natural,49,177,54.9,-1.0448551177978516,0.5309307585329766
COHFACE_s37_session3_natural,49,178,54.93333333333333,-1.0907546281814575,0.525234256320304
COHFACE_s37_session3_natural,49,179,54.96666666666667,-1.1336740255355835,0.5342457992444034
COHFACE_s37_session3_natural,49,180,55.0,-1.1797243356704712,0.550353549224384
COHFACE_s37_session3_natural,49,181,55.03333333333333,-1.223448634147644,0.5599777301458342
COHFACE_s37_session3_natural,49,182,55.06666666666667,-1.2645574808120728,0.5477636383230969
COHFACE_s37_session3_natural,49,183,55.1,-1.3109536170959473,0.49977160940196685
COHFACE_s37_session3_natural,49,184,55.13333333333333,-1.3617126941680908,0.4068029405106992
COHFACE_s37_session3_natural,49,185,55.166666666666664,-1.3784478902816772,0.2683395347945549
COHFACE_s37_session3_natural,49,186,55.2,-1.0699957609176636,0.09494281740073046
COHFACE_s37_session3_natural,49,187,55.233333333333334,-0.09608694165945053,-0.09394262572455633
COHFACE_s37_session3_natural,49,188,55.266666666666666,0.9203893542289734,-0.2767342736732954
COHFACE_s37_session3_natural,49,189,55.3,1.3622522354125977,-0.43705497266731363
COHFACE_s37_session3_natural,49,190,55.333333333333336,1.3526334762573242,-0.5671524362855866
COHFACE_s37_session3_natural,49,191,55.36666666666667,1.1828289031982422,-0.6657680022448885
COHFACE_s37_session3_natural,49,192,55.4,0.9892164468765259,-0.7327259564460107
COHFACE_s37_session3_natural,49,193,55.43333333333333,0.7272169589996338,-0.7647642571401478
COHFACE_s37_session3_natural,49,194,55.46666666666667,0.4032806158065796,-0.7562024870737803
COHFACE_s37_session3_natural,49,195,55.5,0.18867678940296173,-0.704441893847353
COHFACE_s37_session3_natural,49,196,55.53333333333333,0.13788630068302155,-0.6162864718069536
COHFACE_s37_session3_natural,49,197,55.56666666666667,0.13672325015068054,-0.5098070248428028
COHFACE_s37_session3_natural,49,198,55.6,0.07619461417198181,-0.4093299351019072
COHFACE_s37_session3_natural,49,199,55.63333333333333,-0.06352168321609497,-0.33575276832227735
COHFACE_s37_session3_natural,49,200,55.666666666666664,-0.24903680384159088,-0.29730831614159037
COHFACE_s37_session3_natural,49,201,55.7,-0.43621793389320374,-0.28560797878070915
COHFACE_s37_session3_natural,49,202,55.733333333333334,-0.5928958058357239,-0.27883357064570513
COHFACE_s37_session3_natural,49,203,55.766666666666666,-0.7208685278892517,-0.2502660343937947
COHFACE_s37_session3_natural,49,204,55.8,-0.8211544156074524,-0.17806135257465872
COHFACE_s37_session3_natural,49,205,55.833333333333336,-0.8921064734458923,-0.05234685701972587
COHFACE_s37_session3_natural,49,206,55.86666666666667,-0.9446698427200317,0.1221596304030726
COHFACE_s37_session3_natural,49,207,55.9,-0.9844648241996765,0.32759796610347586
COHFACE_s37_session3_natural,49,208,55.93333333333333,-1.022769808769226,0.5372567623894653
COHFACE_s37_session3_natural,49,209,55.96666666666667,-1.0688704252243042,0.7215235296998888
COHFACE_s37_session3_natural,49,210,56.0,-1.1185230016708374,0.8541759959531956
COHFACE_s37_session3_natural,49,211,56.03333333333333,-1.1675533056259155,0.9175506248529559
COHFACE_s37_session3_natural,49,212,56.06666666666667,-1.2105796337127686,0.9054976269207571
COHFACE_s37_session3_natural,49,213,56.1,-1.2489224672317505,0.8237997732162331
COHFACE_s37_session3_natural,49,214,56.13333333333333,-1.2847001552581787,0.6884157156418402
COHFACE_s37_session3_natural,49,215,56.166666666666664,-1.3105826377868652,0.5221156253375183
COHFACE_s37_session3_natural,49,216,56.2,-1.327135682106018,0.3498868480576915
COHFACE_s37_session3_natural,49,217,56.233333333333334,-1.334868311882019,0.19363351418729774
COHFACE_s37_session3_natural,49,218,56.266666666666666,-1.33338463306427,0.06750201986848058
COHFACE_s37_session3_natural,49,219,56.3,-1.3397153615951538,-0.02432719376764321
COHFACE_s37_session3_natural,49,220,56.333333333333336,-1.3415762186050415,-0.08632050687696105
COHFACE_s37_session3_natural,49,221,56.36666666666667,-1.0844364166259766,-0.12745452822952383
COHFACE_s37_session3_natural,49,222,56.4,-0.15242862701416016,-0.1565762617465692
COHFACE_s37_session3_natural,49,223,56.43333333333333,0.9223319292068481,-0.1797640160485624
COHFACE_s37_session3_natural,49,224,56.46666666666667,1.4580557346343994,-0.20060971443100042
COHFACE_s37_session3_natural,49,225,56.5,1.5076643228530884,-0.2221818333940253
COHFACE_s37_session3_natural,49,226,56.53333333333333,1.3453534841537476,-0.24831325890832284
COHFACE_s37_session3_natural,49,227,56.56666666666667,1.1455045938491821,-0.2825568420822118
COHFACE_s37_session3_natural,49,228,56.6,0.9267138242721558,-0.32523375723884373
COHFACE_s37_session3_natural,49,229,56.63333333333333,0.6539074182510376,-0.3709381238110811
COHFACE_s37_session3_natural,49,230,56.666666666666664,0.4391401410102844,-0.40908729936548527
COHFACE_s37_session3_natural,49,231,56.7,0.36598145961761475,-0.4281077388925267
COHFACE_s37_session3_natural,49,232,56.733333333333334,0.35662680864334106,-0.42079951394890897
COHFACE_s37_session3_natural,49,233,56.766666666666666,0.31822115182876587,-0.3871779148965515
COHFACE_s37_session3_natural,49,234,56.8,0.2091212421655655,-0.33319209945366773
COHFACE_s37_session3_natural,49,235,56.833333333333336,0.04018422216176987,-0.2669253602935312
COHFACE_s37_session3_natural,49,236,56.86666666666667,-0.14028266072273254,-0.19517273650673592
COHFACE_s37_session3_natural,49,237,56.9,-0.30844011902809143,-0.12218213867200688
COHFACE_s37_session3_natural,49,238,56.93333333333333,-0.4521925151348114,-0.05025360713710714
COHFACE_s37_session3_natural,49,239,56.96666666666667,-0.5685410499572754,0.019230754438796738
COHFACE_s37_session3_natural,50,0,50.0,0.1961265653371811,0.0015224867018807028
COHFACE_s37_session3_natural,50,1,50.03333333333333,0.19131094217300415,0.1521498105469574
COHFACE_s37_session3_natural,50,2,50.06666666666667,0.07936941087245941,0.2968242697450484
COHFACE_s37_session3_natural,50,3,50.1,-0.10207191109657288,0.436761183349122
COHFACE_s37_session3_natural,50,4,50.13333333333333,-0.30444175004959106,0.5811786333290971
COHFACE_s37_session3_natural,50,5,50.166666666666664,-0.49817994236946106,0.7400429829056206
COHFACE_s37_session3_natural,50,6,50.2,-0.6673118472099304,0.9118570133476653
COHFACE_s37_session3_natural,50,7,50.233333333333334,-0.7993960380554199,1.0749854798563063
COHFACE_s37_session3_natural,50,8,50.266666666666666,-0.8969535231590271,1.1900645566272763
COHFACE_s37_session3_natural,50,9,50.3,-0.9601917266845703,1.2144820910232352
COHFACE_s37_session3_natural,50,10,50.333333333333336,-0.9988237023353577,1.1220770106836957
COHFACE_s37_session3_natural,50,11,50.36666666666667,-1.036078929901123,0.9173662363725632
COHFACE_s37_session3_natural,50,12,50.4,-1.0611881017684937,0.6364916657326937
COHFACE_s37_session3_natural,50,13,50.43333333333333,-0.8802056908607483,0.3342727234113699
COHFACE_s37_session3_natural,50,14,50.46666666666667,-0.0485529750585556,0.0636639128488816
COHFACE_s37_session3_natural,50,15,50.5,1.0809524059295654,-0.1425680893417384
COHFACE_s37_session3_natural,50,16,50.53333333333333,1.679323434829712,-0.2793661297561059
COHFACE_s37_session3_natural,50,17,50.56666666666667,1.6676175594329834,-0.36333646755237253
COHFACE_s37_session3_natural,50,18,50.6,1.3481636047363281,-0.41812881726113116
COHFACE_s37_session3_natural,50,19,50.63333333333333,0.9008439183235168,-0.46067587043455255
COHFACE_s37_session3_natural,50,20,50.666666666666664,0.4063548445701599,-0.495540209549413
COHFACE_s37_session3_natural,50,21,50.7,0.03053409233689308,-0.5183826777298746
COHFACE_s37_session3_natural,50,22,50.733333333333334,-0.06200029328465462,-0.524158544992708
COHFACE_s37_session3_natural,50,23,50.766666666666666,0.051299162209033966,-0.5138897981697397
COHFACE_s37_session3_natural,50,24,50.8,0.16138610243797302,-0.4959276506506029
COHFACE_s37_session3_natural,50,25,50.833333333333336,0.1511135846376419,-0.48144451043052044
COHFACE_s37_session3_natural,50,26,50.86666666666667,0.02480059303343296,-0.47699798568876045
COHFACE_s37_session3_natural,50,27,50.9,-0.16178327798843384,-0.4783362279220872
COHFACE_s37_session3_natural,50,28,50.93333333333333,-0.35902315378189087,-0.4691371401825574
COHFACE_s37_session3_natural,50,29,50.96666666666667,-0.5399426817893982,-0.42634751666515047
COHFACE_s37_session3_natural,50,30,51.0,-0.6917169094085693,-0.3307778708418556
COHFACE_s37_session3_natural,50,31,51.03333333333333,-0.8092222213745117,-0.17853452154249527
COHFACE_s37_session3_natural,50,32,51.06666666666667,-0.8853670954704285,0.012800629425622378
COHFACE_s37_session3_natural,50,33,51.1,-0.9328444600105286,0.20768408324347679
COHFACE_s37_session3_natural,50,34,51.13333333333333,-0.9771596193313599,0.3651596871622989
COHFACE_s37_session3_natural,50,35,51.166666666666664,-0.9942343831062317,0.45453913264255014
COHFACE_s37_session3_natural,50,36,51.2,-0.725910484790802,0.4665811092763194
COHFACE_s37_session3_natural,50,37,51.233333333333334,0.22021731734275818,0.41506845890770416
COHFACE_s37_session3_natural,50,38,51.266666666666666,1.3132848739624023,0.3287593639873669
COHFACE_s37_session3_natural,50,39,51.3,1.8025622367858887,0.23840835743283448
COHFACE_s37_session3_natural,50,40,51.333333333333336,1.7164151668548584,0.16541500987790775
COHFACE_s37_session3_natural,50,41,51.36666666666667,1.3714810609817505,0.11697094343376976
COHFACE_s37_session3_natural,50,42,51.4,0.9368982911109924,0.08851345283641084
COHFACE_s37_session3_natural,50,43,51.43333333333333,0.4615146219730377,0.07036034687234514
COHFACE_s37_session3_natural,50,44,51.46666666666667,0.10878502577543259,0.05391347965788237
COHFACE_s37_session3_natural,50,45,51.5,0.04411343112587929,0.034483819446748026
COHFACE_s37_session3_natural,50,46,51.53333333333333,0.15189313888549805,0.011210282521857063
COHFACE_s37_session3_natural,50,47,51.56666666666667,0.23317427933216095,-0.01350782665869849
COHFACE_s37_session3_natural,50,48,51.6,0.19755995273590088,-0.033973645878944775
COHFACE_s37_session3_natural,50,49,51.63333333333333,0.05455568805336952,-0.04179994664265959
COHFACE_s37_session3_natural,50,50,51.666666666666664,-0.144394189119339,-0.028742053288342874
COHFACE_s37_session3_natural,50,51,51.7,-0.34989482164382935,0.008505906707208055
COHFACE_s37_session3_natural,50,52,51.733333333333334,-0.5352904796600342,0.06406587931222185
COHFACE_s37_session3_natural,50,53,51.766666666666666,-0.6872785091400146,0.12236389029992507
COHFACE_s37_session3_natural,50,54,51.8,-0.7950707674026489,0.1627394234433735
COHFACE_s37_session3_natural,50,55,51.833333333333336,-0.8669909834861755,0.16747303908730138
COHFACE_s37_session3_natural,50,56,51.86666666666667,-0.9220438599586487,0.12925795378642463
COHFACE_s37_session3_natural,50,57,51.9,-0.9571741223335266,0.05430987611126194
COHFACE_s37_session3_natural,50,58,51.93333333333333,-0.7679875493049622,-0.04007101916453251
COHFACE_s37_session3_natural,50,59,51.96666666666667,0.11305371671915054,-0.13172595027364198
COHFACE_s37_session3_natural,50,60,52.0,1.304162859916687,-0.2007005307030487
COHFACE_s37_session3_natural,50,61,52.03333333333333,1.9325655698776245,-0.23468236991524663
COHFACE_s37_session3_natural,50,62,52.06666666666667,1.9239778518676758,-0.23144495046165117
COHFACE_s37_session3_natural,50,63,52.1,1.6261250972747803,-0.19806460179783583
COHFACE_s37_session3_natural,50,64,52.13333333333333,1.248236060142517,-0.14769657332250757
COHFACE_s37_session3_natural,50,65,52.166666666666664,0.8192044496536255,-0.09552354652356962
COHFACE_s37_session3_natural,50,66,52.2,0.41448986530303955,-0.05577526951141577
COHFACE_s37_session3_natural,50,67,52.233333333333334,0.21487359702587128,-0.04065022273067883
COHFACE_s37_session3_natural,50,68,52.266666666666666,0.23855571448802948,-0.0597873699777547
COHFACE_s37_session3_natural,50,69,52.3,0.3104570508003235,-0.11802792824376276
COHFACE_s37_session3_natural,50,70,52.333333333333336,0.2905532717704773,-0.21113834664231218
COHFACE_s37_session3_natural,50,71,52.36666666666667,0.15478503704071045,-0.32199999479143476
COHFACE_s37_session3_natural,50,72,52.4,-0.05039498955011368,-0.42077117074015047
COHFACE_s37_session3_natural,50,73,52.43333333333333,-0.26788443326950073,-0.4711855148533425
COHFACE_s37_session3_natural,50,74,52.46666666666667,-0.46786531805992126,-0.4423192837163632
COHFACE_s37_session3_natural,50,75,52.5,-0.6362679600715637,-0.32171404007404003
COHFACE_s37_session3_natural,50,76,52.53333333333333,-0.756690263748169,-0.1232235530902187
COHFACE_s37_session3_natural,50,77,52.56666666666667,-0.8370158672332764,0.1160792818913545
COHFACE_s37_session3_natural,50,78,52.6,-0.9032905697822571,0.35022067286059716
COHFACE_s37_session3_natural,50,79,52.63333333333333,-0.9410297870635986,0.5432358896720306
COHFACE_s37_session3_natural,50,80,52.666666666666664,-0.69640052318573,0.682165860364263
COHFACE_s37_session3_natural,50,81,52.7,0.25970426201820374,0.7762761123437423
COHFACE_s37_session3_natural,50,82,52.733333333333334,1.418424129486084,0.843207257338965
COHFACE_s37_session3_natural,50,83,52.766666666666666,1.974988341331482,0.8911475388062166
COHFACE_s37_session3_natural,50,84,52.8,1.9427499771118164,0.9081921329863258
COHFACE_s37_session3_natural,50,85,52.833333333333336,1.6694217920303345,0.8652881340996208
COHFACE_s37_session3_natural,50,86,52.86666666666667,1.3466359376907349,0.7311212565549935
COHFACE_s37_session3_natural,50,87,52.9,0.9645850658416748,0.4907364610730342
COHFACE_s37_session3_natural,50,88,52.93333333333333,0.5652205348014832,0.15805969094857045
COHFACE_s37_session3_natural,50,89,52.96666666666667,0.3407653868198395,-0.22399795372223877
COHFACE_s37_session3_natural,50,90,53.0,0.3220183551311493,-0.5958294244831427
COHFACE_s37_session3_natural,50,91,53.03333333333333,0.35922321677207947,-0.8999354380901474
COHFACE_s37_session3_natural,50,92,53.06666666666667,0.3171272575855255,-1.0977655099138284
COHFACE_s37_session3_natural,50,93,53.1,0.16391336917877197,-1.1776818351373752
COHFACE_s37_session3_natural,50,94,53.13333333333333,-0.050030358135700226,-1.1518332525387436
COHFACE_s37_session3_natural,50,95,53.166666666666664,-0.27267491817474365,-1.045107700684968
COHFACE_s37_session3_natural,50,96,53.2,-0.4731084406375885,-0.8826976458346733
COHFACE_s37_session3_natural,50,97,53.233333333333334,-0.6332377791404724,-0.682479878059198
COHFACE_s37_session3_natural,50,98,53.266666666666666,-0.7480271458625793,-0.4546724842798695
COHFACE_s37_session3_natural,50,99,53.3,-0.8212487101554871,-0.20668887242049672
COHFACE_s37_session3_natural,50,100,53.333333333333336,-0.8828964233398438,0.05133866180194474
COHFACE_s37_session3_natural,50,101,53.36666666666667,-0.9292799234390259,0.30411858529408964
COHFACE_s37_session3_natural,50,102,53.4,-0.781566858291626,0.5325868906149883
COHFACE_s37_session3_natural,50,103,53.43333333333333,0.005123127717524767,0.7172966196099846
COHFACE_s37_session3_natural,50,104,53.46666666666667,1.1888452768325806,0.8418138438512839
COHFACE_s37_session3_natural,50,105,53.5,1.9108951091766357,0.8955179059196487
COHFACE_s37_session3_natural,50,106,53.53333333333333,1.9996700286865234,0.8761525862418236
COHFACE_s37_session3_natural,50,107,53.56666666666667,1.8026753664016724,0.791846359123916
COHFACE_s37_session3_natural,50,108,53.6,1.540349006652832,0.6607319936085181
COHFACE_s37_session3_natural,50,109,53.63333333333333,1.2084850072860718,0.506223270900345
COHFACE_s37_session3_natural,50,110,53.666666666666664,0.7921085953712463,0.3488009522606829
COHFACE_s37_session3_natural,50,111,53.7,0.48332956433296204,0.19850018860308716
COHFACE_s37_session3_natural,50,112,53.733333333333334,0.3836723268032074,0.05296306895132938
COHFACE_s37_session3_natural,50,113,53.766666666666666,0.38505539298057556,-0.09698309869299741
COHFACE_s37_session3_natural,50,114,53.8,0.3462914228439331,-0.25709319199412856
COHFACE_s37_session3_natural,50,115,53.833333333333336,0.21090038120746613,-0.420970711980395
COHFACE_s37_session3_natural,50,116,53.86666666666667,0.002746743615716696,-0.5681290926769091
COHFACE_s37_session3_natural,50,117,53.9,-0.22428594529628754,-0.6698715046101985
COHFACE_s37_session3_natural,50,118,53.93333333333333,-0.43002548813819885,-0.6993444596354995
COHFACE_s37_session3_natural,50,119,53.96666666666667,-0.6047400236129761,-0.6405084608864747
COHFACE_s37_session3_natural,50,120,54.0,-0.7330207228660583,-0.49320439602062444
COHFACE_s37_session3_natural,50,121,54.03333333333333,-0.8173069357872009,-0.27458527758551476
COHFACE_s37_session3_natural,50,122,54.06666666666667,-0.8753209114074707,-0.0176137013463762
COHFACE_s37_session3_natural,50,123,54.1,-0.9170207977294922,0.23380548140481242
COHFACE_s37_session3_natural,50,124,54.13333333333333,-0.96055006980896,0.4335179986121752
COHFACE_s37_session3_natural,50,125,54.166666666666664,-1.0210158824920654,0.5443182136110067
COHFACE_s37_session3_natural,50,126,54.2,-1.0648092031478882,0.5479377346366849
COHFACE_s37_session3_natural,50,127,54.233333333333334,-0.812233567237854,0.4493406106499749
COHFACE_s37_session3_natural,50,128,54.266666666666666,0.1346360594034195,0.2730723252116951
COHFACE_s37_session3_natural,50,129,54.3,1.2161611318588257,0.05352138731632489
COHFACE_s37_session3_natural,50,130,54.333333333333336,1.7021127939224243,-0.1757040548997334
COHFACE_s37_session3_natural,50,131,54.36666666666667,1.6787073612213135,-0.3881105647473073
COHFACE_s37_session3_natural,50,132,54.4,1.477091908454895,-0.5649042107051849
COHFACE_s37_session3_natural,50,133,54.43333333333333,1.2486823797225952,-0.6923817863198959
COHFACE_s37_session3_natural,50,134,54.46666666666667,0.9326295852661133,-0.7596515398860858
COHFACE_s37_session3_natural,50,135,54.5,0.5495665669441223,-0.7584711228417053
COHFACE_s37_session3_natural,50,136,54.53333333333333,0.30013424158096313,-0.684839312818504
COHFACE_s37_session3_natural,50,137,54.56666666666667,0.2302195131778717,-0.5411429754844169
COHFACE_s37_session3_natural,50,138,54.6,0.20717863738536835,-0.33826623251951143
COHFACE_s37_session3_natural,50,139,54.63333333333333,0.11678174883127213,-0.09729416426907568
COHFACE_s37_session3_natural,50,140,54.666666666666664,-0.049150217324495316,0.1508014621247802
COHFACE_s37_session3_natural,50,141,54.7,-0.25797024369239807,0.3698562769965822
COHFACE_s37_session3_natural,50,142,54.733333333333334,-0.4650111496448517,0.5280967779770934
COHFACE_s37_session3_natural,50,143,54.766666666666666,-0.6469239592552185,0.609469808033067
COHFACE_s37_session3_natural,50,144,54.8,-0.7996349334716797,0.6208108312080299
COHFACE_s37_session3_natural,50,145,54.833333333333336,-0.9126326441764832,0.589814596272733
COHFACE_s37_session3_natural,50,146,54.86666666666667,-0.9883248805999756,0.5536542493833511
COHFACE_s37_session3_natural,50,147,54.9,-1.0448551177978516,0.5434269785920038
COHFACE_s37_session3_natural,50,148,54.93333333333333,-1.0907546281814575,0.5715123829074754
COHFACE_s37_session3_natural,50,149,54.96666666666667,-1.1336740255355835,0.6269757903219907
COHFACE_s37_session3_natural,50,150,55.0,-1.1797243356704712,0.6802063947310153
COHFACE_s37_session3_natural,50,151,55.03333333333333,-1.223448634147644,0.6943176554297568
COHFACE_s37_session3_natural,50,152,55.06666666666667,-1.2645574808120728,0.6389404702175543
COHFACE_s37_session3_natural,50,153,55.1,-1.3109536170959473,0.5018257573308283
COHFACE_s37_session3_natural,50,154,55.13333333333333,-1.3617126941680908,0.29443817703402997
COHFACE_s37_session3_natural,50,155,55.166666666666664,-1.3784478902816772,0.04922241263602379
COHFACE_s37_session3_natural,50,156,55.2,-1.0699957609176636,-0.19138078716639653
COHFACE_s37_session3_natural,50,157,55.233333333333334,-0.09608694165945053,-0.3905958761673142
COHFACE_s37_session3_natural,50,158,55.266666666666666,0.9203893542289734,-0.5306183103650102
COHFACE_s37_session3_natural,50,159,55.3,1.3622522354125977,-0.616368176098692
COHFACE_s37_session3_natural,50,160,55.333333333333336,1.3526334762573242,-0.6673789636243364
COHFACE_s37_session3_natural,50,161,55.36666666666667,1.1828289031982422,-0.7024790971508247
COHFACE_s37_session3_natural,50,162,55.4,0.9892164468765259,-0.7263199095674855
COHFACE_s37_session3_natural,50,163,55.43333333333333,0.7272169589996338,-0.7259556159041654
COHFACE_s37_session3_natural,50,164,55.46666666666667,0.4032806158065796,-0.6798710419250484
COHFACE_s37_session3_natural,50,165,55.5,0.18867678940296173,-0.5742950576940578
COHFACE_s37_session3_natural,50,166,55.53333333333333,0.13788630068302155,-0.4167662744520038
COHFACE_s37_session3_natural,50,167,55.56666666666667,0.13672325015068054,-0.23822132330376353
COHFACE_s37_session3_natural,50,168,55.6,0.07619461417198181,-0.0821151667643592
COHFACE_s37_session3_natural,50,169,55.63333333333333,-0.06352168321609497,0.013199237900748463
COHFACE_s37_session3_natural,50,170,55.666666666666664,-0.24903680384159088,0.029843393503393496
COHFACE_s37_session3_natural,50,171,55.7,-0.43621793389320374,-0.023012393279114234
COHFACE_s37_session3_natural,50,172,55.733333333333334,-0.5928958058357239,-0.11310470944469175
COHFACE_s37_session3_natural,50,173,55.766666666666666,-0.7208685278892517,-0.1968027083335351
COHFACE_s37_session3_natural,50,174,55.8,-0.8211544156074524,-0.23342658393232793
COHFACE_s37_session3_natural,50,175,55.833333333333336,-0.8921064734458923,-0.1970684783853097
COHFACE_s37_session3_natural,50,176,55.86666666666667,-0.9446698427200317,-0.08272470743161499
COHFACE_s37_session3_natural,50,177,55.9,-0.9844648241996765,0.09404191967132418
COHFACE_s37_session3_natural,50,178,55.93333333333333,-1.022769808769226,0.3028334596728815
COHFACE_s37_session3_natural,50,179,55.96666666666667,-1.0688704252243042,0.5073315486073088
COHFACE_s37_session3_natural,50,180,56.0,-1.1185230016708374,0.6745981170016908
COHFACE_s37_session3_natural,50,181,56.03333333333333,-1.1675533056259155,0.7820515446832992
COHFACE_s37_session3_natural,50,182,56.06666666666667,-1.2105796337127686,0.82035555999666
COHFACE_s37_session3_natural,50,183,56.1,-1.2489224672317505,0.7921568942981116
COHFACE_s37_session3_natural,50,184,56.13333333333333,-1.2847001552581787,0.7083869322264033
COHFACE_s37_session3_natural,50,185,56.166666666666664,-1.3105826377868652,0.5844192976941853
COHFACE_s37_session3_natural,50,186,56.2,-1.327135682106018,0.43724767386678276
COHFACE_s37_session3_natural,50,187,56.233333333333334,-1.334868311882019,0.28340643806388577
COHFACE_s37_session3_natural,50,188,56.266666666666666,-1.33338463306427,0.1370803419831698
COHFACE_s37_session3_natural,50,189,56.3,-1.3397153615951538,0.008495121284231494
COHFACE_s37_session3_natural,50,190,56.333333333333336,-1.3415762186050415,-0.09681751431175746
COHFACE_s37_session3_natural,50,191,56.36666666666667,-1.0844364166259766,-0.17757860932666017
COHFACE_s37_session3_natural,50,192,56.4,-0.15242862701416016,-0.23572541420208484
COHFACE_s37_session3_natural,50,193,56.43333333333333,0.9223319292068481,-0.2757145232301857
COHFACE_s37_session3_natural,50,194,56.46666666666667,1.4580557346343994,-0.30426128482205783
COHFACE_s37_session3_natural,50,195,56.5,1.5076643228530884,-0.32956514521317454
COHFACE_s37_session3_natural,50,196,56.53333333333333,1.3453534841537476,-0.3591063358677591
COHFACE_s37_session3_natural,50,197,56.56666666666667,1.1455045938491821,-0.3963359973496708
COHFACE_s37_session3_natural,50,198,56.6,0.9267138242721558,-0.43807891384479614
COHFACE_s37_session3_natural,50,199,56.63333333333333,0.6539074182510376,-0.4747743829506283
COHFACE_s37_session3_natural,50,200,56.666666666666664,0.4391401410102844,-0.49414894914145924
COHFACE_s37_session3_natural,50,201,56.7,0.36598145961761475,-0.48672051721401316
COHFACE_s37_session3_natural,50,202,56.733333333333334,0.35662680864334106,-0.45032944770043143
COHFACE_s37_session3_natural,50,203,56.766666666666666,0.31822115182876587,-0.39128002262627104
COHFACE_s37_session3_natural,50,204,56.8,0.2091212421655655,-0.3213194505671114
COHFACE_s37_session3_natural,50,205,56.833333333333336,0.04018422216176987,-0.25174239295677586
COHFACE_s37_session3_natural,50,206,56.86666666666667,-0.14028266072273254,-0.18737031291603487
COHFACE_s37_session3_natural,50,207,56.9,-0.30844011902809143,-0.12319611759016565
COHFACE_s37_session3_natural,50,208,56.93333333333333,-0.4521925151348114,-0.04518113199542534
COHFACE_s37_session3_natural,50,209,56.96666666666667,-0.5685410499572754,0.0646005742104268
COHFACE_s37_session3_natural,50,210,57.0,-0.6555996537208557,0.2189192410352934
COHFACE_s37_session3_natural,50,211,57.03333333333333,-0.7214594483375549,0.41458737305270715
COHFACE_s37_session3_natural,50,212,57.06666666666667,-0.7730860710144043,0.6252399961691039
COHFACE_s37_session3_natural,50,213,57.1,-0.8190986514091492,0.8039689408407614
COHFACE_s37_session3_natural,50,214,57.13333333333333,-0.8692290782928467,0.8977020842331712
COHFACE_s37_session3_natural,50,215,57.166666666666664,-0.919390857219696,0.8680847635459071
COHFACE_s37_session3_natural,50,216,57.2,-0.9708854556083679,0.7087758418798968
COHFACE_s37_session3_natural,50,217,57.233333333333334,-1.0232539176940918,0.44990088201385864
COHFACE_s37_session3_natural,50,218,57.266666666666666,-1.0702346563339233,0.1469429795765305
COHFACE_s37_session3_natural,50,219,57.3,-1.1082631349563599,-0.14027228628762012
COHFACE_s37_session3_natural,50,220,57.333333333333336,-1.1348371505737305,-0.3676916169870302
COHFACE_s37_session3_natural,50,221,57.36666666666667,-1.154363751411438,-0.5166357461369532
COHFACE_s37_session3_natural,50,222,57.4,-1.1739531755447388,-0.5901785901927541
COHFACE_s37_session3_natural,50,223,57.43333333333333,-1.1905878782272339,-0.6013035824353907
COHFACE_s37_session3_natural,50,224,57.46666666666667,-1.037298560142517,-0.5612917800815154
COHFACE_s37_session3_natural,50,225,57.5,-0.2874487340450287,-0.4748772266728501
COHFACE_s37_session3_natural,50,226,57.53333333333333,0.7645413279533386,-0.3435147167881117
COHFACE_s37_session3_natural,50,227,57.56666666666667,1.405976414680481,-0.17313235294204182
COHFACE_s37_session3_natural,50,228,57.6,1.549684762954712,0.019269400268807628
COHFACE_s37_session3_natural,50,229,57.63333333333333,1.431808590888977,0.2046105260014698
COHFACE_s37_session3_natural,50,230,57.666666666666664,1.2314882278442383,0.347690621211743
COHFACE_s37_session3_natural,50,231,57.7,1.017789602279663,0.41811238777998366
COHFACE_s37_session3_natural,50,232,57.733333333333334,0.7621774673461914,0.40179857984274964
COHFACE_s37_session3_natural,50,233,57.766666666666666,0.52372807264328,0.3081840094643402
COHFACE_s37_session3_natural,50,234,57.8,0.40868091583251953,0.16956964308505323
COHFACE_s37_session3_natural,50,235,57.833333333333336,0.39387568831443787,0.031911409774105684
COHFACE_s37_session3_natural,50,236,57.86666666666667,0.38506796956062317,-0.060446072148987035
COHFACE_s37_session3_natural,50,237,57.9,0.30866533517837524,-0.08079532909026559
COHFACE_s37_session3_natural,50,238,57.93333333333333,0.168552964925766,-0.03034448139001477
COHFACE_s37_session3_natural,50,239,57.96666666666667,-0.009820430539548397,0.061990996431173624
