recording_id,measurement_id,sample_index,time_seconds,gt_signal,predicted_signal
UBFC_PHYS_s04_T3_test,0,0,0.0,-0.30704542994499207,-0.004360216144514503
UBFC_PHYS_s04_T3_test,0,1,0.03333333333333333,-0.06619764119386673,0.10084632935155408
UBFC_PHYS_s04_T3_test,0,2,0.06666666666666667,0.10353398323059082,0.22012489806527077
UBFC_PHYS_s04_T3_test,0,3,0.1,0.21469075977802277,0.35744877959245225
UBFC_PHYS_s04_T3_test,0,4,0.13333333333333333,0.2577131986618042,0.5022695980532347
UBFC_PHYS_s04_T3_test,0,5,0.16666666666666666,0.23689872026443481,0.6339122032888351
UBFC_PHYS_s04_T3_test,0,6,0.2,0.19595186412334442,0.7316374501409544
UBFC_PHYS_s04_T3_test,0,7,0.23333333333333334,0.17288637161254883,0.7839327529715422
UBFC_PHYS_s04_T3_test,0,8,0.26666666666666666,0.16284942626953125,0.7920616416690104
UBFC_PHYS_s04_T3_test,0,9,0.3,0.15286120772361755,0.7670677454568506
UBFC_PHYS_s04_T3_test,0,10,0.3333333333333333,0.15236422419548035,0.7226125672131373
UBFC_PHYS_s04_T3_test,0,11,0.36666666666666664,0.15523888170719147,0.6673660242556594
UBFC_PHYS_s04_T3_test,0,12,0.4,0.12687233090400696,0.6006521026653975
UBFC_PHYS_s04_T3_test,0,13,0.43333333333333335,0.04907135292887688,0.5135463572362584
UBFC_PHYS_s04_T3_test,0,14,0.4666666666666667,-0.05857735872268677,0.3948479344438641
UBFC_PHYS_s04_T3_test,0,15,0.5,-0.16847707331180573,0.23883754909869617
UBFC_PHYS_s04_T3_test,0,16,0.5333333333333333,-0.2756190598011017,0.051003117074835555
UBFC_PHYS_s04_T3_test,0,17,0.5666666666666667,-0.40720054507255554,-0.1508738556286324
UBFC_PHYS_s04_T3_test,0,18,0.6,-0.5921630263328552,-0.3406200795730324
UBFC_PHYS_s04_T3_test,0,19,0.6333333333333333,-0.789530336856842,-0.49090766564344684
UBFC_PHYS_s04_T3_test,0,20,0.6666666666666666,-0.862926721572876,-0.5812855470378756
UBFC_PHYS_s04_T3_test,0,21,0.7,-0.7095368504524231,-0.6044585740721252
UBFC_PHYS_s04_T3_test,0,22,0.7333333333333333,-0.4063722491264343,-0.5686536406589612
UBFC_PHYS_s04_T3_test,0,23,0.7666666666666667,-0.12117673456668854,-0.4947987280399886
UBFC_PHYS_s04_T3_test,0,24,0.8,0.10795803368091583,-0.408888830695155
UBFC_PHYS_s04_T3_test,0,25,0.8333333333333334,0.3401916027069092,-0.3321433551112513
UBFC_PHYS_s04_T3_test,0,26,0.8666666666666667,0.5533257126808167,-0.27333257810049666
UBFC_PHYS_s04_T3_test,0,27,0.9,0.68111652135849,-0.2270423505519123
UBFC_PHYS_s04_T3_test,0,28,0.9333333333333333,0.7345559597015381,-0.17823582050001074
UBFC_PHYS_s04_T3_test,0,29,0.9666666666666667,0.7633123397827148,-0.11019713010533283
UBFC_PHYS_s04_T3_test,0,30,1.0,0.766420841217041,-0.012456655044482574
UBFC_PHYS_s04_T3_test,0,31,1.0333333333333334,0.7269649505615234,0.11354066715117792
UBFC_PHYS_s04_T3_test,0,32,1.0666666666666667,0.6638588309288025,0.2525106330418912
UBFC_PHYS_s04_T3_test,0,33,1.1,0.5735945105552673,0.378091786825981
UBFC_PHYS_s04_T3_test,0,34,1.1333333333333333,0.42347878217697144,0.45996807894041986
UBFC_PHYS_s04_T3_test,0,35,1.1666666666666667,0.24123507738113403,0.4732682806721696
UBFC_PHYS_s04_T3_test,0,36,1.2,0.11465258151292801,0.4068755227576529
UBFC_PHYS_s04_T3_test,0,37,1.2333333333333334,0.07351084053516388,0.2673824048350166
UBFC_PHYS_s04_T3_test,0,38,1.2666666666666666,0.0499386228621006,0.07713001210304014
UBFC_PHYS_s04_T3_test,0,39,1.3,-0.030405689030885696,-0.1328360672960684
UBFC_PHYS_s04_T3_test,0,40,1.3333333333333333,-0.14206917583942413,-0.3321953435821513
UBFC_PHYS_s04_T3_test,0,41,1.3666666666666667,-0.17300832271575928,-0.499773409562913
UBFC_PHYS_s04_T3_test,0,42,1.4,-0.048326026648283005,-0.6280696782166756
UBFC_PHYS_s04_T3_test,0,43,1.4333333333333333,0.18247507512569427,-0.7223355415418831
UBFC_PHYS_s04_T3_test,0,44,1.4666666666666666,0.41323718428611755,-0.7943228779233523
UBFC_PHYS_s04_T3_test,0,45,1.5,0.5883868336677551,-0.852582857032304
UBFC_PHYS_s04_T3_test,0,46,1.5333333333333334,0.7080408930778503,-0.8927598346882678
UBFC_PHYS_s04_T3_test,0,47,1.5666666666666667,0.7916009426116943,-0.8921798052963643
UBFC_PHYS_s04_T3_test,0,48,1.6,0.858010470867157,-0.8125203702922358
UBFC_PHYS_s04_T3_test,0,49,1.6333333333333333,0.916331946849823,-0.6119292652915314
UBFC_PHYS_s04_T3_test,0,50,1.6666666666666667,0.9557586312294006,-0.2638629055521268
UBFC_PHYS_s04_T3_test,0,51,1.7,0.9659417867660522,0.22439201895203184
UBFC_PHYS_s04_T3_test,0,52,1.7333333333333334,0.9695082902908325,0.802643793905459
UBFC_PHYS_s04_T3_test,0,53,1.7666666666666666,0.9986836314201355,1.3845514106183527
UBFC_PHYS_s04_T3_test,0,54,1.8,1.0314840078353882,1.8690993957320776
UBFC_PHYS_s04_T3_test,0,55,1.8333333333333333,0.9883056282997131,2.16825322346514
UBFC_PHYS_s04_T3_test,0,56,1.8666666666666667,0.8088294267654419,2.22990816157614
UBFC_PHYS_s04_T3_test,0,57,1.9,0.4911843240261078,2.0485298593190433
UBFC_PHYS_s04_T3_test,0,58,1.9333333333333333,0.05342719331383705,1.6620143626798354
UBFC_PHYS_s04_T3_test,0,59,1.9666666666666666,-0.45018401741981506,1.1383816532446156
UBFC_PHYS_s04_T3_test,0,60,2.0,-0.8649731278419495,0.5576516161692597
UBFC_PHYS_s04_T3_test,0,61,2.033333333333333,-1.0171059370040894,-0.006159311797844901
UBFC_PHYS_s04_T3_test,0,62,2.066666666666667,-0.9149629473686218,-0.49865227548310986
UBFC_PHYS_s04_T3_test,0,63,2.1,-0.7359057664871216,-0.8913126161646522
UBFC_PHYS_s04_T3_test,0,64,2.1333333333333333,-0.7363832592964172,-1.1800488529714719
UBFC_PHYS_s04_T3_test,0,65,2.1666666666666665,-1.036332130432129,-1.3781020974480527
UBFC_PHYS_s04_T3_test,0,66,2.2,-1.4255610704421997,-1.506323193682989
UBFC_PHYS_s04_T3_test,0,67,2.2333333333333334,-1.6232402324676514,-1.5834947509820052
UBFC_PHYS_s04_T3_test,0,68,2.2666666666666666,-1.6706185340881348,-1.618824423403704
UBFC_PHYS_s04_T3_test,0,69,2.3,-1.7338318824768066,-1.6081688248951496
UBFC_PHYS_s04_T3_test,0,70,2.3333333333333335,-1.7553869485855103,-1.534810790834313
UBFC_PHYS_s04_T3_test,0,71,2.3666666666666667,-1.6755785942077637,-1.3747991958129517
UBFC_PHYS_s04_T3_test,0,72,2.4,-1.5840668678283691,-1.1060433943972794
UBFC_PHYS_s04_T3_test,0,73,2.433333333333333,-1.4906842708587646,-0.7193437702077339
UBFC_PHYS_s04_T3_test,0,74,2.466666666666667,-1.3125040531158447,-0.22832264687996726
UBFC_PHYS_s04_T3_test,0,75,2.5,-1.1030826568603516,0.3256796572246031
UBFC_PHYS_s04_T3_test,0,76,2.533333333333333,-0.998181939125061,0.8772843641030594
UBFC_PHYS_s04_T3_test,0,77,2.566666666666667,-0.994937002658844,1.3501274395677427
UBFC_PHYS_s04_T3_test,0,78,2.6,-1.0059386491775513,1.6755393606573588
UBFC_PHYS_s04_T3_test,0,79,2.6333333333333333,-0.9406205415725708,1.8099897452253932
UBFC_PHYS_s04_T3_test,0,80,2.6666666666666665,-0.7185116410255432,1.7452575374007744
UBFC_PHYS_s04_T3_test,0,81,2.7,-0.3438800573348999,1.5086306887953662
UBFC_PHYS_s04_T3_test,0,82,2.7333333333333334,0.07571312040090561,1.1537318159945538
UBFC_PHYS_s04_T3_test,0,83,2.7666666666666666,0.43328186869621277,0.7451708786290705
UBFC_PHYS_s04_T3_test,0,84,2.8,0.6815258264541626,0.34211573465519196
UBFC_PHYS_s04_T3_test,0,85,2.8333333333333335,0.8105639219284058,-0.013943946435741848
UBFC_PHYS_s04_T3_test,0,86,2.8666666666666667,0.8295659422874451,-0.30402800853953116
UBFC_PHYS_s04_T3_test,0,87,2.9,0.7772666215896606,-0.528915458050186
UBFC_PHYS_s04_T3_test,0,88,2.933333333333333,0.7164602279663086,-0.7010001706054504
UBFC_PHYS_s04_T3_test,0,89,2.966666666666667,0.6901205778121948,-0.8341676793421714
UBFC_PHYS_s04_T3_test,0,90,3.0,0.6813504099845886,-0.935295906656427
UBFC_PHYS_s04_T3_test,0,91,3.033333333333333,0.6441259980201721,-1.00001402930965
UBFC_PHYS_s04_T3_test,0,92,3.066666666666667,0.5636452436447144,-1.013470102557202
UBFC_PHYS_s04_T3_test,0,93,3.1,0.4467196762561798,-0.9551802083269891
UBFC_PHYS_s04_T3_test,0,94,3.1333333333333333,0.2912541627883911,-0.8063838852191642
UBFC_PHYS_s04_T3_test,0,95,3.1666666666666665,0.09594292938709259,-0.5582049828735325
UBFC_PHYS_s04_T3_test,0,96,3.2,-0.12494789808988571,-0.2186287807403284
UBFC_PHYS_s04_T3_test,0,97,3.2333333333333334,-0.3148118853569031,0.1838210523464966
UBFC_PHYS_s04_T3_test,0,98,3.2666666666666666,-0.33717578649520874,0.6012803692544538
UBFC_PHYS_s04_T3_test,0,99,3.3,-0.08752859383821487,0.9732385184570288
UBFC_PHYS_s04_T3_test,0,100,3.3333333333333335,0.3472077250480652,1.238257652051834
UBFC_PHYS_s04_T3_test,0,101,3.3666666666666667,0.7906264662742615,1.348598221192122
UBFC_PHYS_s04_T3_test,0,102,3.4,1.15169358253479,1.2835444425958942
UBFC_PHYS_s04_T3_test,0,103,3.433333333333333,1.434160590171814,1.0563481273107362
UBFC_PHYS_s04_T3_test,0,104,3.466666666666667,1.6604304313659668,0.711434914008313
UBFC_PHYS_s04_T3_test,0,105,3.5,1.836525321006775,0.31217035444852065
UBFC_PHYS_s04_T3_test,0,106,3.533333333333333,1.9503618478775024,-0.07678123971847818
UBFC_PHYS_s04_T3_test,0,107,3.566666666666667,2.0028560161590576,-0.40637557707475735
UBFC_PHYS_s04_T3_test,0,108,3.6,1.9969605207443237,-0.6536835683246753
UBFC_PHYS_s04_T3_test,0,109,3.6333333333333333,1.9406659603118896,-0.8228106133954078
UBFC_PHYS_s04_T3_test,0,110,3.6666666666666665,1.87404203414917,-0.9365675667826745
UBFC_PHYS_s04_T3_test,0,111,3.7,1.8137813806533813,-1.022332128659147
UBFC_PHYS_s04_T3_test,0,112,3.7333333333333334,1.6967582702636719,-1.0973059994124528
UBFC_PHYS_s04_T3_test,0,113,3.7666666666666666,1.4470429420471191,-1.1584441634814238
UBFC_PHYS_s04_T3_test,0,114,3.8,1.0145576000213623,-1.1808165166668492
UBFC_PHYS_s04_T3_test,0,115,3.8333333333333335,0.350131094455719,-1.1254173334639208
UBFC_PHYS_s04_T3_test,0,116,3.8666666666666667,-0.4677535593509674,-0.9541140500376835
UBFC_PHYS_s04_T3_test,0,117,3.9,-1.168274164199829,-0.6464945783472362
UBFC_PHYS_s04_T3_test,0,118,3.933333333333333,-1.5568209886550903,-0.21206989546371793
UBFC_PHYS_s04_T3_test,0,119,3.966666666666667,-1.6944246292114258,0.3071275112669376
UBFC_PHYS_s04_T3_test,0,120,4.0,-1.7069075107574463,0.8442935443049999
UBFC_PHYS_s04_T3_test,0,121,4.033333333333333,-1.6251014471054077,1.3226725522233456
UBFC_PHYS_s04_T3_test,0,122,4.066666666666666,-1.4814074039459229,1.6727363073807822
UBFC_PHYS_s04_T3_test,0,123,4.1,-1.3316327333450317,1.8473493245719725
UBFC_PHYS_s04_T3_test,0,124,4.133333333333334,-1.1851128339767456,1.831119065310439
UBFC_PHYS_s04_T3_test,0,125,4.166666666666667,-1.0246385335922241,1.6413410392853622
UBFC_PHYS_s04_T3_test,0,126,4.2,-0.8702936768531799,1.3204859038940884
UBFC_PHYS_s04_T3_test,0,127,4.233333333333333,-0.7455626726150513,0.9230980736990654
UBFC_PHYS_s04_T3_test,0,128,4.266666666666667,-0.6201494932174683,0.5017603193022736
UBFC_PHYS_s04_T3_test,0,129,4.3,-0.44839102029800415,0.0966325242656539
UBFC_PHYS_s04_T3_test,0,130,4.333333333333333,-0.22830899059772491,-0.26885101384547444
UBFC_PHYS_s04_T3_test,0,131,4.366666666666666,-0.014180912636220455,-0.5862028261375558
UBFC_PHYS_s04_T3_test,0,132,4.4,0.11588040739297867,-0.8562139262711759
UBFC_PHYS_s04_T3_test,0,133,4.433333333333334,0.18178319931030273,-1.0823078037456295
UBFC_PHYS_s04_T3_test,0,134,4.466666666666667,0.3206244111061096,-1.2651357696605523
UBFC_PHYS_s04_T3_test,0,135,4.5,0.5297729969024658,-1.3994447744033223
UBFC_PHYS_s04_T3_test,0,136,4.533333333333333,0.5720548629760742,-1.4734904151940438
UBFC_PHYS_s04_T3_test,0,137,4.566666666666666,0.3914482593536377,-1.470998580664597
UBFC_PHYS_s04_T3_test,0,138,4.6,0.24550321698188782,-1.3754565408855863
UBFC_PHYS_s04_T3_test,0,139,4.633333333333334,0.28823333978652954,-1.1759742078227398
UBFC_PHYS_s04_T3_test,0,140,4.666666666666667,0.32089725136756897,-0.8731489668095401
UBFC_PHYS_s04_T3_test,0,141,4.7,0.07135728001594543,-0.4829050119205203
UBFC_PHYS_s04_T3_test,0,142,4.733333333333333,-0.43831509351730347,-0.036722921119017204
UBFC_PHYS_s04_T3_test,0,143,4.766666666666667,-0.8656064867973328,0.422088988463606
UBFC_PHYS_s04_T3_test,0,144,4.8,-0.9527038335800171,0.8450357849978496
UBFC_PHYS_s04_T3_test,0,145,4.833333333333333,-0.8758870959281921,1.1861933035822838
UBFC_PHYS_s04_T3_test,0,146,4.866666666666666,-0.8957855701446533,1.4094908225377498
UBFC_PHYS_s04_T3_test,0,147,4.9,-0.8971887826919556,1.494439284766473
UBFC_PHYS_s04_T3_test,0,148,4.933333333333334,-0.6582996845245361,1.4393842230656535
UBFC_PHYS_s04_T3_test,0,149,4.966666666666667,-0.3694888949394226,1.2614196151756851
UBFC_PHYS_s04_T3_test,0,150,5.0,-0.4010322093963623,0.9925897479412864
UBFC_PHYS_s04_T3_test,0,151,5.033333333333333,-0.7040700912475586,0.6729817321376055
UBFC_PHYS_s04_T3_test,0,152,5.066666666666666,-0.9234505295753479,0.3424051792649017
UBFC_PHYS_s04_T3_test,0,153,5.1,-1.0447319746017456,0.03302112132500883
UBFC_PHYS_s04_T3_test,0,154,5.133333333333334,-1.39849054813385,-0.2348884746753502
UBFC_PHYS_s04_T3_test,0,155,5.166666666666667,-2.1322596073150635,-0.4527971103839755
UBFC_PHYS_s04_T3_test,0,156,5.2,-2.8608837127685547,-0.6197397101270528
UBFC_PHYS_s04_T3_test,0,157,5.233333333333333,-2.9553089141845703,-0.7360225290386121
UBFC_PHYS_s04_T3_test,0,158,5.266666666666667,-2.4268198013305664,-0.7980597225529383
UBFC_PHYS_s04_T3_test,0,159,5.3,-2.3250861167907715,-0.7972911912453347
UBFC_PHYS_s04_T3_test,0,160,5.333333333333333,-3.148768663406372,-0.7239963331729983
UBFC_PHYS_s04_T3_test,0,161,5.366666666666666,-3.859755039215088,-0.5741159097320638
UBFC_PHYS_s04_T3_test,0,162,5.4,-3.475846529006958,-0.35561361108508366
UBFC_PHYS_s04_T3_test,0,163,5.433333333333334,-2.392411470413208,-0.09108199495002793
UBFC_PHYS_s04_T3_test,0,164,5.466666666666667,-1.3483740091323853,0.18502098407841686
UBFC_PHYS_s04_T3_test,0,165,5.5,-0.5381388664245605,0.43360767413081047
UBFC_PHYS_s04_T3_test,0,166,5.533333333333333,-0.0550108328461647,0.619614443223529
UBFC_PHYS_s04_T3_test,0,167,5.566666666666666,0.10063983500003815,0.718799516322896
UBFC_PHYS_s04_T3_test,0,168,5.6,0.21059802174568176,0.7213431542804212
UBFC_PHYS_s04_T3_test,0,169,5.633333333333334,0.513236403465271,0.6325800117518261
UBFC_PHYS_s04_T3_test,0,170,5.666666666666667,0.9717398285865784,0.47086593252871806
UBFC_PHYS_s04_T3_test,0,171,5.7,1.4238312244415283,0.2621523452553247
UBFC_PHYS_s04_T3_test,0,172,5.733333333333333,1.784664511680603,0.03231081848337148
UBFC_PHYS_s04_T3_test,0,173,5.766666666666667,2.0401973724365234,-0.1998574503624989
UBFC_PHYS_s04_T3_test,0,174,5.8,2.094426155090332,-0.4259104768605125
UBFC_PHYS_s04_T3_test,0,175,5.833333333333333,1.8649795055389404,-0.645972796411942
UBFC_PHYS_s04_T3_test,0,176,5.866666666666666,1.4648853540420532,-0.8625632414983585
UBFC_PHYS_s04_T3_test,0,177,5.9,1.0100263357162476,-1.0723933335011742
UBFC_PHYS_s04_T3_test,0,178,5.933333333333334,0.4424125552177429,-1.2593016356961573
UBFC_PHYS_s04_T3_test,0,179,5.966666666666667,-0.1723359376192093,-1.391430340171663
UBFC_PHYS_s04_T3_test,0,180,6.0,-0.4811328947544098,-1.4248919953028456
UBFC_PHYS_s04_T3_test,0,181,6.033333333333333,-0.2100963145494461,-1.3145097716269472
UBFC_PHYS_s04_T3_test,0,182,6.066666666666666,0.37158873677253723,-1.029790561544526
UBFC_PHYS_s04_T3_test,0,183,6.1,0.7462202906608582,-0.5714058414636951
UBFC_PHYS_s04_T3_test,0,184,6.133333333333334,0.7686718702316284,0.01874781867804618
UBFC_PHYS_s04_T3_test,0,185,6.166666666666667,0.7533143758773804,0.6601949344804975
UBFC_PHYS_s04_T3_test,0,186,6.2,0.8778894543647766,1.2509921066126422
UBFC_PHYS_s04_T3_test,0,187,6.233333333333333,0.9985179901123047,1.6946027802082482
UBFC_PHYS_s04_T3_test,0,188,6.266666666666667,1.0439960956573486,1.9268635378310208
UBFC_PHYS_s04_T3_test,0,189,6.3,1.0803630352020264,1.9326648909757205
UBFC_PHYS_s04_T3_test,0,190,6.333333333333333,1.1380316019058228,1.7462262924288272
UBFC_PHYS_s04_T3_test,0,191,6.366666666666666,1.255532145500183,1.4358497058250563
UBFC_PHYS_s04_T3_test,0,192,6.4,1.39287269115448,1.0802231157899018
UBFC_PHYS_s04_T3_test,0,193,6.433333333333334,1.3717268705368042,0.7457580576860794
UBFC_PHYS_s04_T3_test,0,194,6.466666666666667,1.1301383972167969,0.472259596757304
UBFC_PHYS_s04_T3_test,0,195,6.5,0.8685930967330933,0.26956807933007876
UBFC_PHYS_s04_T3_test,0,196,6.533333333333333,0.8165276646614075,0.12357529088277737
UBFC_PHYS_s04_T3_test,0,197,6.566666666666666,0.8948158621788025,0.007575403952660991
UBFC_PHYS_s04_T3_test,0,198,6.6,0.8185740113258362,-0.10562149827515045
UBFC_PHYS_s04_T3_test,0,199,6.633333333333334,0.49629050493240356,-0.2344067956669825
UBFC_PHYS_s04_T3_test,0,200,6.666666666666667,0.24829991161823273,-0.383747206237422
UBFC_PHYS_s04_T3_test,0,201,6.7,0.4841097593307495,-0.5453459241683424
UBFC_PHYS_s04_T3_test,0,202,6.733333333333333,1.1854488849639893,-0.7016197194072262
UBFC_PHYS_s04_T3_test,0,203,6.766666666666667,1.835365653038025,-0.8318907324170024
UBFC_PHYS_s04_T3_test,0,204,6.8,1.9457720518112183,-0.9188049658617833
UBFC_PHYS_s04_T3_test,0,205,6.833333333333333,1.6093297004699707,-0.953046407838969
UBFC_PHYS_s04_T3_test,0,206,6.866666666666666,1.2812774181365967,-0.9351417663039153
UBFC_PHYS_s04_T3_test,0,207,6.9,1.1877095699310303,-0.8743234199257558
UBFC_PHYS_s04_T3_test,0,208,6.933333333333334,1.1910812854766846,-0.7854903756407142
UBFC_PHYS_s04_T3_test,0,209,6.966666666666667,1.1772536039352417,-0.6856502224405886
UBFC_PHYS_s04_T3_test,0,210,7.0,1.1808104515075684,-0.5906753850755995
UBFC_PHYS_s04_T3_test,0,211,7.033333333333333,1.1659693717956543,-0.5124446109970707
UBFC_PHYS_s04_T3_test,0,212,7.066666666666666,1.0689617395401,-0.4562133201586654
UBFC_PHYS_s04_T3_test,0,213,7.1,0.942057728767395,-0.4183937165920133
UBFC_PHYS_s04_T3_test,0,214,7.133333333333334,0.8128441572189331,-0.3854704271176645
UBFC_PHYS_s04_T3_test,0,215,7.166666666666667,0.5952080488204956,-0.3352652081367368
UBFC_PHYS_s04_T3_test,0,216,7.2,0.27181366086006165,-0.24177779231098184
UBFC_PHYS_s04_T3_test,0,217,7.233333333333333,-0.032900311052799225,-0.08364501335091848
UBFC_PHYS_s04_T3_test,0,218,7.266666666666667,-0.25507742166519165,0.14606253833486202
UBFC_PHYS_s04_T3_test,0,219,7.3,-0.4901076853275299,0.4327989996283704
UBFC_PHYS_s04_T3_test,0,220,7.333333333333333,-0.8178579211235046,0.7400265571785087
UBFC_PHYS_s04_T3_test,0,221,7.366666666666666,-1.191622257232666,1.0166012793141357
UBFC_PHYS_s04_T3_test,0,222,7.4,-1.4577767848968506,1.2101952955535102
UBFC_PHYS_s04_T3_test,0,223,7.433333333333334,-1.4528069496154785,1.2822441067431518
UBFC_PHYS_s04_T3_test,0,224,7.466666666666667,-1.160975456237793,1.219036998188433
UBFC_PHYS_s04_T3_test,0,225,7.5,-0.739998459815979,1.0349379193647559
UBFC_PHYS_s04_T3_test,0,226,7.533333333333333,-0.345682829618454,0.7668625829180354
UBFC_PHYS_s04_T3_test,0,227,7.566666666666666,-0.010331791825592518,0.4626480757861257
UBFC_PHYS_s04_T3_test,0,228,7.6,0.27929753065109253,0.1681854803831022
UBFC_PHYS_s04_T3_test,0,229,7.633333333333334,0.5087928175926208,-0.08199189207128466
UBFC_PHYS_s04_T3_test,0,230,7.666666666666667,0.6547476053237915,-0.2684494409791221
UBFC_PHYS_s04_T3_test,0,231,7.7,0.7256689071655273,-0.3857760725329621
UBFC_PHYS_s04_T3_test,0,232,7.733333333333333,0.751725971698761,-0.4392908327695787
UBFC_PHYS_s04_T3_test,0,233,7.766666666666667,0.7563936710357666,-0.44183622138590095
UBFC_PHYS_s04_T3_test,0,234,7.8,0.7608664035797119,-0.41124608089864223
UBFC_PHYS_s04_T3_test,0,235,7.833333333333333,0.766567051410675,-0.3675029906639134
UBFC_PHYS_s04_T3_test,0,236,7.866666666666666,0.7398667931556702,-0.32852794878360214
UBFC_PHYS_s04_T3_test,0,237,7.9,0.6606236100196838,-0.30505380804216015
UBFC_PHYS_s04_T3_test,0,238,7.933333333333334,0.5493693947792053,-0.2969116887318059
UBFC_PHYS_s04_T3_test,0,239,7.966666666666667,0.41955170035362244,-0.2933065348581448
UBFC_PHYS_s04_T3_test,1,0,1.0,0.766420841217041,0.1662270960600808
UBFC_PHYS_s04_T3_test,1,1,1.0333333333333334,0.7269649505615234,0.16727658050082514
UBFC_PHYS_s04_T3_test,1,2,1.0666666666666667,0.6638588309288025,0.15927200508713416
UBFC_PHYS_s04_T3_test,1,3,1.1,0.5735945105552673,0.1420907894344314
UBFC_PHYS_s04_T3_test,1,4,1.1333333333333333,0.42347878217697144,0.12001760095629845
UBFC_PHYS_s04_T3_test,1,5,1.1666666666666667,0.24123507738113403,0.10063493287618444
UBFC_PHYS_s04_T3_test,1,6,1.2,0.11465258151292801,0.09141289883541359
UBFC_PHYS_s04_T3_test,1,7,1.2333333333333334,0.07351084053516388,0.09560004137123009
UBFC_PHYS_s04_T3_test,1,8,1.2666666666666666,0.0499386228621006,0.10936287878585413
UBFC_PHYS_s04_T3_test,1,9,1.3,-0.030405689030885696,0.12138001090363354
UBFC_PHYS_s04_T3_test,1,10,1.3333333333333333,-0.14206917583942413,0.11478287109789592
UBFC_PHYS_s04_T3_test,1,11,1.3666666666666667,-0.17300832271575928,0.07052118645243785
UBFC_PHYS_s04_T3_test,1,12,1.4,-0.048326026648283005,-0.02851638763742851
UBFC_PHYS_s04_T3_test,1,13,1.4333333333333333,0.18247507512569427,-0.19276016602712995
UBFC_PHYS_s04_T3_test,1,14,1.4666666666666666,0.41323718428611755,-0.4208784302305541
UBFC_PHYS_s04_T3_test,1,15,1.5,0.5883868336677551,-0.6953975052305716
UBFC_PHYS_s04_T3_test,1,16,1.5333333333333334,0.7080408930778503,-0.9807643523499908
UBFC_PHYS_s04_T3_test,1,17,1.5666666666666667,0.7916009426116943,-1.2256935009152334
UBFC_PHYS_s04_T3_test,1,18,1.6,0.858010470867157,-1.3708905917434784
UBFC_PHYS_s04_T3_test,1,19,1.6333333333333333,0.916331946849823,-1.3617824933790803
UBFC_PHYS_s04_T3_test,1,20,1.6666666666666667,0.9557586312294006,-1.164003201709087
UBFC_PHYS_s04_T3_test,1,21,1.7,0.9659417867660522,-0.7773014039136479
UBFC_PHYS_s04_T3_test,1,22,1.7333333333333334,0.9695082902908325,-0.2421213675412598
UBFC_PHYS_s04_T3_test,1,23,1.7666666666666666,0.9986836314201355,0.36571465046247137
UBFC_PHYS_s04_T3_test,1,24,1.8,1.0314840078353882,0.9522743390490803
UBFC_PHYS_s04_T3_test,1,25,1.8333333333333333,0.9883056282997131,1.429232439312509
UBFC_PHYS_s04_T3_test,1,26,1.8666666666666667,0.8088294267654419,1.735325415555227
UBFC_PHYS_s04_T3_test,1,27,1.9,0.4911843240261078,1.847947810632792
UBFC_PHYS_s04_T3_test,1,28,1.9333333333333333,0.05342719331383705,1.7821868943773738
UBFC_PHYS_s04_T3_test,1,29,1.9666666666666666,-0.45018401741981506,1.5798919923873138
UBFC_PHYS_s04_T3_test,1,30,2.0,-0.8649731278419495,1.2939832987018707
UBFC_PHYS_s04_T3_test,1,31,2.033333333333333,-1.0171059370040894,0.9731847537045969
UBFC_PHYS_s04_T3_test,1,32,2.066666666666667,-0.9149629473686218,0.6511704916510302
UBFC_PHYS_s04_T3_test,1,33,2.1,-0.7359057664871216,0.34237692716825574
UBFC_PHYS_s04_T3_test,1,34,2.1333333333333333,-0.7363832592964172,0.044655747437006954
UBFC_PHYS_s04_T3_test,1,35,2.1666666666666665,-1.036332130432129,-0.2530033441736287
UBFC_PHYS_s04_T3_test,1,36,2.2,-1.4255610704421997,-0.560701372003654
UBFC_PHYS_s04_T3_test,1,37,2.2333333333333334,-1.6232402324676514,-0.8789559081733263
UBFC_PHYS_s04_T3_test,1,38,2.2666666666666666,-1.6706185340881348,-1.1933442724744543
UBFC_PHYS_s04_T3_test,1,39,2.3,-1.7338318824768066,-1.4735225422961122
UBFC_PHYS_s04_T3_test,1,40,2.3333333333333335,-1.7553869485855103,-1.6769487273651438
UBFC_PHYS_s04_T3_test,1,41,2.3666666666666667,-1.6755785942077637,-1.7570950151649483
UBFC_PHYS_s04_T3_test,1,42,2.4,-1.5840668678283691,-1.675059286841592
UBFC_PHYS_s04_T3_test,1,43,2.433333333333333,-1.4906842708587646,-1.4122571612649082
UBFC_PHYS_s04_T3_test,1,44,2.466666666666667,-1.3125040531158447,-0.9806977257265806
UBFC_PHYS_s04_T3_test,1,45,2.5,-1.1030826568603516,-0.4267876827747855
UBFC_PHYS_s04_T3_test,1,46,2.533333333333333,-0.998181939125061,0.17457030718142333
UBFC_PHYS_s04_T3_test,1,47,2.566666666666667,-0.994937002658844,0.7358239239393874
UBFC_PHYS_s04_T3_test,1,48,2.6,-1.0059386491775513,1.1781929396266748
UBFC_PHYS_s04_T3_test,1,49,2.6333333333333333,-0.9406205415725708,1.4509057036426385
UBFC_PHYS_s04_T3_test,1,50,2.6666666666666665,-0.7185116410255432,1.5409377677147316
UBFC_PHYS_s04_T3_test,1,51,2.7,-0.3438800573348999,1.4701326336878988
UBFC_PHYS_s04_T3_test,1,52,2.7333333333333334,0.07571312040090561,1.2822134485582395
UBFC_PHYS_s04_T3_test,1,53,2.7666666666666666,0.43328186869621277,1.02599508272161
UBFC_PHYS_s04_T3_test,1,54,2.8,0.6815258264541626,0.741179505704098
UBFC_PHYS_s04_T3_test,1,55,2.8333333333333335,0.8105639219284058,0.45072776013382404
UBFC_PHYS_s04_T3_test,1,56,2.8666666666666667,0.8295659422874451,0.16108825417109623
UBFC_PHYS_s04_T3_test,1,57,2.9,0.7772666215896606,-0.1309291249729295
UBFC_PHYS_s04_T3_test,1,58,2.933333333333333,0.7164602279663086,-0.4280571241869551
UBFC_PHYS_s04_T3_test,1,59,2.966666666666667,0.6901205778121948,-0.7237108409887688
UBFC_PHYS_s04_T3_test,1,60,3.0,0.6813504099845886,-0.9979272946941686
UBFC_PHYS_s04_T3_test,1,61,3.033333333333333,0.6441259980201721,-1.2193220773700826
UBFC_PHYS_s04_T3_test,1,62,3.066666666666667,0.5636452436447144,-1.35173245156315
UBFC_PHYS_s04_T3_test,1,63,3.1,0.4467196762561798,-1.3628159112826543
UBFC_PHYS_s04_T3_test,1,64,3.1333333333333333,0.2912541627883911,-1.2321471016795962
UBFC_PHYS_s04_T3_test,1,65,3.1666666666666665,0.09594292938709259,-0.957403455444656
UBFC_PHYS_s04_T3_test,1,66,3.2,-0.12494789808988571,-0.5578680057900288
UBFC_PHYS_s04_T3_test,1,67,3.2333333333333334,-0.3148118853569031,-0.07444364398034133
UBFC_PHYS_s04_T3_test,1,68,3.2666666666666666,-0.33717578649520874,0.43475891751869095
UBFC_PHYS_s04_T3_test,1,69,3.3,-0.08752859383821487,0.9034773702538837
UBFC_PHYS_s04_T3_test,1,70,3.3333333333333335,0.3472077250480652,1.269419037208616
UBFC_PHYS_s04_T3_test,1,71,3.3666666666666667,0.7906264662742615,1.4862995291767835
UBFC_PHYS_s04_T3_test,1,72,3.4,1.15169358253479,1.5325659345575413
UBFC_PHYS_s04_T3_test,1,73,3.433333333333333,1.434160590171814,1.4145835942026093
UBFC_PHYS_s04_T3_test,1,74,3.466666666666667,1.6604304313659668,1.163354901727814
UBFC_PHYS_s04_T3_test,1,75,3.5,1.836525321006775,0.8254574826381176
UBFC_PHYS_s04_T3_test,1,76,3.533333333333333,1.9503618478775024,0.450822541450578
UBFC_PHYS_s04_T3_test,1,77,3.566666666666667,2.0028560161590576,0.08119780297305683
UBFC_PHYS_s04_T3_test,1,78,3.6,1.9969605207443237,-0.2572418975819727
UBFC_PHYS_s04_T3_test,1,79,3.6333333333333333,1.9406659603118896,-0.5552691218946143
UBFC_PHYS_s04_T3_test,1,80,3.6666666666666665,1.87404203414917,-0.8160027146448686
UBFC_PHYS_s04_T3_test,1,81,3.7,1.8137813806533813,-1.046072661074641
UBFC_PHYS_s04_T3_test,1,82,3.7333333333333334,1.6967582702636719,-1.2455575696667591
UBFC_PHYS_s04_T3_test,1,83,3.7666666666666666,1.4470429420471191,-1.4003425885111753
UBFC_PHYS_s04_T3_test,1,84,3.8,1.0145576000213623,-1.4803228690401935
UBFC_PHYS_s04_T3_test,1,85,3.8333333333333335,0.350131094455719,-1.445505343905525
UBFC_PHYS_s04_T3_test,1,86,3.8666666666666667,-0.4677535593509674,-1.2594812176587478
UBFC_PHYS_s04_T3_test,1,87,3.9,-1.168274164199829,-0.9064092890161801
UBFC_PHYS_s04_T3_test,1,88,3.933333333333333,-1.5568209886550903,-0.4048544588682424
UBFC_PHYS_s04_T3_test,1,89,3.966666666666667,-1.6944246292114258,0.18836260042342093
UBFC_PHYS_s04_T3_test,1,90,4.0,-1.7069075107574463,0.787660357480272
UBFC_PHYS_s04_T3_test,1,91,4.033333333333333,-1.6251014471054077,1.299212891749467
UBFC_PHYS_s04_T3_test,1,92,4.066666666666666,-1.4814074039459229,1.6451917556535587
UBFC_PHYS_s04_T3_test,1,93,4.1,-1.3316327333450317,1.7828230102709715
UBFC_PHYS_s04_T3_test,1,94,4.133333333333334,-1.1851128339767456,1.7119785681801523
UBFC_PHYS_s04_T3_test,1,95,4.166666666666667,-1.0246385335922241,1.470037769493569
UBFC_PHYS_s04_T3_test,1,96,4.2,-0.8702936768531799,1.117373576181107
UBFC_PHYS_s04_T3_test,1,97,4.233333333333333,-0.7455626726150513,0.7193480438485286
UBFC_PHYS_s04_T3_test,1,98,4.266666666666667,-0.6201494932174683,0.3307212120084146
UBFC_PHYS_s04_T3_test,1,99,4.3,-0.44839102029800415,-0.013539173562781712
UBFC_PHYS_s04_T3_test,1,100,4.333333333333333,-0.22830899059772491,-0.299828681339948
UBFC_PHYS_s04_T3_test,1,101,4.366666666666666,-0.014180912636220455,-0.5311961713502278
UBFC_PHYS_s04_T3_test,1,102,4.4,0.11588040739297867,-0.7192691400863332
UBFC_PHYS_s04_T3_test,1,103,4.433333333333334,0.18178319931030273,-0.8759977367883136
UBFC_PHYS_s04_T3_test,1,104,4.466666666666667,0.3206244111061096,-1.0075384727279568
UBFC_PHYS_s04_T3_test,1,105,4.5,0.5297729969024658,-1.1112611320765984
UBFC_PHYS_s04_T3_test,1,106,4.533333333333333,0.5720548629760742,-1.1757470963827865
UBFC_PHYS_s04_T3_test,1,107,4.566666666666666,0.3914482593536377,-1.1831047647942643
UBFC_PHYS_s04_T3_test,1,108,4.6,0.24550321698188782,-1.1129303282697118
UBFC_PHYS_s04_T3_test,1,109,4.633333333333334,0.28823333978652954,-0.9474947186103861
UBFC_PHYS_s04_T3_test,1,110,4.666666666666667,0.32089725136756897,-0.6778242248249503
UBFC_PHYS_s04_T3_test,1,111,4.7,0.07135728001594543,-0.3099078942898717
UBFC_PHYS_s04_T3_test,1,112,4.733333333333333,-0.43831509351730347,0.13063221025500196
UBFC_PHYS_s04_T3_test,1,113,4.766666666666667,-0.8656064867973328,0.5977754720627693
UBFC_PHYS_s04_T3_test,1,114,4.8,-0.9527038335800171,1.0302945732881215
UBFC_PHYS_s04_T3_test,1,115,4.833333333333333,-0.8758870959281921,1.3631766180020657
UBFC_PHYS_s04_T3_test,1,116,4.866666666666666,-0.8957855701446533,1.542759001538748
UBFC_PHYS_s04_T3_test,1,117,4.9,-0.8971887826919556,1.5408495098770931
UBFC_PHYS_s04_T3_test,1,118,4.933333333333334,-0.6582996845245361,1.3628776148807247
UBFC_PHYS_s04_T3_test,1,119,4.966666666666667,-0.3694888949394226,1.0469045722679786
UBFC_PHYS_s04_T3_test,1,120,5.0,-0.4010322093963623,0.6532917496812132
UBFC_PHYS_s04_T3_test,1,121,5.033333333333333,-0.7040700912475586,0.24815217313000737
UBFC_PHYS_s04_T3_test,1,122,5.066666666666666,-0.9234505295753479,-0.11372777322674428
UBFC_PHYS_s04_T3_test,1,123,5.1,-1.0447319746017456,-0.4005514581044028
UBFC_PHYS_s04_T3_test,1,124,5.133333333333334,-1.39849054813385,-0.6063790853323119
UBFC_PHYS_s04_T3_test,1,125,5.166666666666667,-2.1322596073150635,-0.745532228397323
UBFC_PHYS_s04_T3_test,1,126,5.2,-2.8608837127685547,-0.8416319404670425
UBFC_PHYS_s04_T3_test,1,127,5.233333333333333,-2.9553089141845703,-0.9154988162410296
UBFC_PHYS_s04_T3_test,1,128,5.266666666666667,-2.4268198013305664,-0.9758780928665335
UBFC_PHYS_s04_T3_test,1,129,5.3,-2.3250861167907715,-1.0156219028038493
UBFC_PHYS_s04_T3_test,1,130,5.333333333333333,-3.148768663406372,-1.01402134035014
UBFC_PHYS_s04_T3_test,1,131,5.366666666666666,-3.859755039215088,-0.9441050930632271
UBFC_PHYS_s04_T3_test,1,132,5.4,-3.475846529006958,-0.7824718802634786
UBFC_PHYS_s04_T3_test,1,133,5.433333333333334,-2.392411470413208,-0.5187858797979265
UBFC_PHYS_s04_T3_test,1,134,5.466666666666667,-1.3483740091323853,-0.16236371100027353
UBFC_PHYS_s04_T3_test,1,135,5.5,-0.5381388664245605,0.25585432534257335
UBFC_PHYS_s04_T3_test,1,136,5.533333333333333,-0.0550108328461647,0.6865133985960099
UBFC_PHYS_s04_T3_test,1,137,5.566666666666666,0.10063983500003815,1.0698031358848206
UBFC_PHYS_s04_T3_test,1,138,5.6,0.21059802174568176,1.3469812100571215
UBFC_PHYS_s04_T3_test,1,139,5.633333333333334,0.513236403465271,1.4732138266210204
UBFC_PHYS_s04_T3_test,1,140,5.666666666666667,0.9717398285865784,1.428133488717677
UBFC_PHYS_s04_T3_test,1,141,5.7,1.4238312244415283,1.2203899932940019
UBFC_PHYS_s04_T3_test,1,142,5.733333333333333,1.784664511680603,0.8845838570573151
UBFC_PHYS_s04_T3_test,1,143,5.766666666666667,2.0401973724365234,0.4719435917817838
UBFC_PHYS_s04_T3_test,1,144,5.8,2.094426155090332,0.038035629965590644
UBFC_PHYS_s04_T3_test,1,145,5.833333333333333,1.8649795055389404,-0.3687052824922316
UBFC_PHYS_s04_T3_test,1,146,5.866666666666666,1.4648853540420532,-0.7144019551193369
UBFC_PHYS_s04_T3_test,1,147,5.9,1.0100263357162476,-0.9814137845729862
UBFC_PHYS_s04_T3_test,1,148,5.933333333333334,0.4424125552177429,-1.1647313028896724
UBFC_PHYS_s04_T3_test,1,149,5.966666666666667,-0.1723359376192093,-1.265379297764233
UBFC_PHYS_s04_T3_test,1,150,6.0,-0.4811328947544098,-1.2838321473637673
UBFC_PHYS_s04_T3_test,1,151,6.033333333333333,-0.2100963145494461,-1.2162413947619364
UBFC_PHYS_s04_T3_test,1,152,6.066666666666666,0.37158873677253723,-1.0554751792594548
UBFC_PHYS_s04_T3_test,1,153,6.1,0.7462202906608582,-0.7971699015063086
UBFC_PHYS_s04_T3_test,1,154,6.133333333333334,0.7686718702316284,-0.44830015933173645
UBFC_PHYS_s04_T3_test,1,155,6.166666666666667,0.7533143758773804,-0.03386228977139015
UBFC_PHYS_s04_T3_test,1,156,6.2,0.8778894543647766,0.40231343632999084
UBFC_PHYS_s04_T3_test,1,157,6.233333333333333,0.9985179901123047,0.8041713930428092
UBFC_PHYS_s04_T3_test,1,158,6.266666666666667,1.0439960956573486,1.115892312425119
UBFC_PHYS_s04_T3_test,1,159,6.3,1.0803630352020264,1.296039201517359
UBFC_PHYS_s04_T3_test,1,160,6.333333333333333,1.1380316019058228,1.3281468401475864
UBFC_PHYS_s04_T3_test,1,161,6.366666666666666,1.255532145500183,1.2237913795296487
UBFC_PHYS_s04_T3_test,1,162,6.4,1.39287269115448,1.0174836382681103
UBFC_PHYS_s04_T3_test,1,163,6.433333333333334,1.3717268705368042,0.7560016203413649
UBFC_PHYS_s04_T3_test,1,164,6.466666666666667,1.1301383972167969,0.4861496408173256
UBFC_PHYS_s04_T3_test,1,165,6.5,0.8685930967330933,0.24457881980047239
UBFC_PHYS_s04_T3_test,1,166,6.533333333333333,0.8165276646614075,0.05216716985056946
UBFC_PHYS_s04_T3_test,1,167,6.566666666666666,0.8948158621788025,-0.08624102793367683
UBFC_PHYS_s04_T3_test,1,168,6.6,0.8185740113258362,-0.1779452906169664
UBFC_PHYS_s04_T3_test,1,169,6.633333333333334,0.49629050493240356,-0.23678890851379134
UBFC_PHYS_s04_T3_test,1,170,6.666666666666667,0.24829991161823273,-0.2779948575178319
UBFC_PHYS_s04_T3_test,1,171,6.7,0.4841097593307495,-0.31442819420100243
UBFC_PHYS_s04_T3_test,1,172,6.733333333333333,1.1854488849639893,-0.35435853039448484
UBFC_PHYS_s04_T3_test,1,173,6.766666666666667,1.835365653038025,-0.4005404057954091
UBFC_PHYS_s04_T3_test,1,174,6.8,1.9457720518112183,-0.4505921252720762
UBFC_PHYS_s04_T3_test,1,175,6.833333333333333,1.6093297004699707,-0.4986248231168043
UBFC_PHYS_s04_T3_test,1,176,6.866666666666666,1.2812774181365967,-0.5375873981183167
UBFC_PHYS_s04_T3_test,1,177,6.9,1.1877095699310303,-0.5614775815458584
UBFC_PHYS_s04_T3_test,1,178,6.933333333333334,1.1910812854766846,-0.5669250454092191
UBFC_PHYS_s04_T3_test,1,179,6.966666666666667,1.1772536039352417,-0.5540776887488896
UBFC_PHYS_s04_T3_test,1,180,7.0,1.1808104515075684,-0.5265848658791986
UBFC_PHYS_s04_T3_test,1,181,7.033333333333333,1.1659693717956543,-0.49018586525651137
UBFC_PHYS_s04_T3_test,1,182,7.066666666666666,1.0689617395401,-0.4496892164067216
UBFC_PHYS_s04_T3_test,1,183,7.1,0.942057728767395,-0.4050821917426484
UBFC_PHYS_s04_T3_test,1,184,7.133333333333334,0.8128441572189331,-0.3486174972041488
UBFC_PHYS_s04_T3_test,1,185,7.166666666666667,0.5952080488204956,-0.26505406947144494
UBFC_PHYS_s04_T3_test,1,186,7.2,0.27181366086006165,-0.13620463667153954
UBFC_PHYS_s04_T3_test,1,187,7.233333333333333,-0.032900311052799225,0.05099295626552351
UBFC_PHYS_s04_T3_test,1,188,7.266666666666667,-0.25507742166519165,0.2955866240221923
UBFC_PHYS_s04_T3_test,1,189,7.3,-0.4901076853275299,0.576808697229313
UBFC_PHYS_s04_T3_test,1,190,7.333333333333333,-0.8178579211235046,0.8550307065256513
UBFC_PHYS_s04_T3_test,1,191,7.366666666666666,-1.191622257232666,1.0806255437277361
UBFC_PHYS_s04_T3_test,1,192,7.4,-1.4577767848968506,1.2076776308585861
UBFC_PHYS_s04_T3_test,1,193,7.433333333333334,-1.4528069496154785,1.2066461121446195
UBFC_PHYS_s04_T3_test,1,194,7.466666666666667,-1.160975456237793,1.071023866854286
UBFC_PHYS_s04_T3_test,1,195,7.5,-0.739998459815979,0.8165204205234065
UBFC_PHYS_s04_T3_test,1,196,7.533333333333333,-0.345682829618454,0.47466883637445617
UBFC_PHYS_s04_T3_test,1,197,7.566666666666666,-0.010331791825592518,0.08458281923811725
UBFC_PHYS_s04_T3_test,1,198,7.6,0.27929753065109253,-0.31347586839195135
UBFC_PHYS_s04_T3_test,1,199,7.633333333333334,0.5087928175926208,-0.6808291324846714
UBFC_PHYS_s04_T3_test,1,200,7.666666666666667,0.6547476053237915,-0.9801558237686983
UBFC_PHYS_s04_T3_test,1,201,7.7,0.7256689071655273,-1.1750904900776629
UBFC_PHYS_s04_T3_test,1,202,7.733333333333333,0.751725971698761,-1.23270687006409
UBFC_PHYS_s04_T3_test,1,203,7.766666666666667,0.7563936710357666,-1.1303688122696396
UBFC_PHYS_s04_T3_test,1,204,7.8,0.7608664035797119,-0.8657078171227596
UBFC_PHYS_s04_T3_test,1,205,7.833333333333333,0.766567051410675,-0.46559693090627136
UBFC_PHYS_s04_T3_test,1,206,7.866666666666666,0.7398667931556702,0.011640709744947082
UBFC_PHYS_s04_T3_test,1,207,7.9,0.6606236100196838,0.48511445687618115
UBFC_PHYS_s04_T3_test,1,208,7.933333333333334,0.5493693947792053,0.8707618880940036
UBFC_PHYS_s04_T3_test,1,209,7.966666666666667,0.41955170035362244,1.1047058379332135
UBFC_PHYS_s04_T3_test,1,210,8.0,0.25936004519462585,1.1606712128037462
UBFC_PHYS_s04_T3_test,1,211,8.033333333333333,0.0725850984454155,1.0537417723938598
UBFC_PHYS_s04_T3_test,1,212,8.066666666666666,-0.1113736554980278,0.8299440767149902
UBFC_PHYS_s04_T3_test,1,213,8.1,-0.28666946291923523,0.5480245404367671
UBFC_PHYS_s04_T3_test,1,214,8.133333333333333,-0.5020253658294678,0.26152759640536344
UBFC_PHYS_s04_T3_test,1,215,8.166666666666666,-0.8074799180030823,0.006759477828345099
UBFC_PHYS_s04_T3_test,1,216,8.2,-1.13936185836792,-0.20128218390276983
UBFC_PHYS_s04_T3_test,1,217,8.233333333333333,-1.334643840789795,-0.36578655296292
UBFC_PHYS_s04_T3_test,1,218,8.266666666666667,-1.310038685798645,-0.5004099477023984
UBFC_PHYS_s04_T3_test,1,219,8.3,-1.1453255414962769,-0.620194957036317
UBFC_PHYS_s04_T3_test,1,220,8.333333333333334,-0.9497025012969971,-0.7339409590230866
UBFC_PHYS_s04_T3_test,1,221,8.366666666666667,-0.7698267102241516,-0.8397357074078079
UBFC_PHYS_s04_T3_test,1,222,8.4,-0.6079785227775574,-0.9241246978615958
UBFC_PHYS_s04_T3_test,1,223,8.433333333333334,-0.45691755414009094,-0.9646283089510366
UBFC_PHYS_s04_T3_test,1,224,8.466666666666667,-0.32350409030914307,-0.9351573569939116
UBFC_PHYS_s04_T3_test,1,225,8.5,-0.20794275403022766,-0.8137060126977911
UBFC_PHYS_s04_T3_test,1,226,8.533333333333333,-0.07791066914796829,-0.5909799199574572
UBFC_PHYS_s04_T3_test,1,227,8.566666666666666,0.08349906653165817,-0.27769065399714704
UBFC_PHYS_s04_T3_test,1,228,8.6,0.24690644443035126,0.09223430763998496
UBFC_PHYS_s04_T3_test,1,229,8.633333333333333,0.37157899141311646,0.46508064140411876
UBFC_PHYS_s04_T3_test,1,230,8.666666666666666,0.42648011445999146,0.7787217298399949
UBFC_PHYS_s04_T3_test,1,231,8.7,0.4003840684890747,0.9800322704776929
UBFC_PHYS_s04_T3_test,1,232,8.733333333333333,0.32257333397865295,1.0420190248800396
UBFC_PHYS_s04_T3_test,1,233,8.766666666666667,0.22377273440361023,0.9726997513279676
UBFC_PHYS_s04_T3_test,1,234,8.8,0.07907500863075256,0.8114589049323083
UBFC_PHYS_s04_T3_test,1,235,8.833333333333334,-0.13812261819839478,0.6146514694384599
UBFC_PHYS_s04_T3_test,1,236,8.866666666666667,-0.38935816287994385,0.4362769692162559
UBFC_PHYS_s04_T3_test,1,237,8.9,-0.6223615407943726,0.31061399731588357
UBFC_PHYS_s04_T3_test,1,238,8.933333333333334,-0.8536303639411926,0.2426242808834397
UBFC_PHYS_s04_T3_test,1,239,8.966666666666667,-1.1440880298614502,0.20920547080929616
UBFC_PHYS_s04_T3_test,2,0,2.0,-0.8649731278419495,-0.09275011624349215
UBFC_PHYS_s04_T3_test,2,1,2.033333333333333,-1.0171059370040894,-0.36321375493221536
UBFC_PHYS_s04_T3_test,2,2,2.066666666666667,-0.9149629473686218,-0.5984004991374687
UBFC_PHYS_s04_T3_test,2,3,2.1,-0.7359057664871216,-0.7730937211434841
UBFC_PHYS_s04_T3_test,2,4,2.1333333333333333,-0.7363832592964172,-0.8739146341435183
UBFC_PHYS_s04_T3_test,2,5,2.1666666666666665,-1.036332130432129,-0.9012995289625763
UBFC_PHYS_s04_T3_test,2,6,2.2,-1.4255610704421997,-0.8670352347830618
UBFC_PHYS_s04_T3_test,2,7,2.2333333333333334,-1.6232402324676514,-0.7880037496309839
UBFC_PHYS_s04_T3_test,2,8,2.2666666666666666,-1.6706185340881348,-0.6786302770133388
UBFC_PHYS_s04_T3_test,2,9,2.3,-1.7338318824768066,-0.545263332455773
UBFC_PHYS_s04_T3_test,2,10,2.3333333333333335,-1.7553869485855103,-0.3848981705029494
UBFC_PHYS_s04_T3_test,2,11,2.3666666666666667,-1.6755785942077637,-0.18881175864450966
UBFC_PHYS_s04_T3_test,2,12,2.4,-1.5840668678283691,0.05026112342634827
UBFC_PHYS_s04_T3_test,2,13,2.433333333333333,-1.4906842708587646,0.330143990714576
UBFC_PHYS_s04_T3_test,2,14,2.466666666666667,-1.3125040531158447,0.6335850370587448
UBFC_PHYS_s04_T3_test,2,15,2.5,-1.1030826568603516,0.9275175252727691
UBFC_PHYS_s04_T3_test,2,16,2.533333333333333,-0.998181939125061,1.1682476328326343
UBFC_PHYS_s04_T3_test,2,17,2.566666666666667,-0.994937002658844,1.311559483792784
UBFC_PHYS_s04_T3_test,2,18,2.6,-1.0059386491775513,1.3247578856939892
UBFC_PHYS_s04_T3_test,2,19,2.6333333333333333,-0.9406205415725708,1.196583143470753
UBFC_PHYS_s04_T3_test,2,20,2.6666666666666665,-0.7185116410255432,0.9413625895064266
UBFC_PHYS_s04_T3_test,2,21,2.7,-0.3438800573348999,0.595779038216073
UBFC_PHYS_s04_T3_test,2,22,2.7333333333333334,0.07571312040090561,0.20950534665060636
UBFC_PHYS_s04_T3_test,2,23,2.7666666666666666,0.43328186869621277,-0.16684908870767584
UBFC_PHYS_s04_T3_test,2,24,2.8,0.6815258264541626,-0.4926291611755058
UBFC_PHYS_s04_T3_test,2,25,2.8333333333333335,0.8105639219284058,-0.7440512002327995
UBFC_PHYS_s04_T3_test,2,26,2.8666666666666667,0.8295659422874451,-0.9158645026314841
UBFC_PHYS_s04_T3_test,2,27,2.9,0.7772666215896606,-1.0179426590995369
UBFC_PHYS_s04_T3_test,2,28,2.933333333333333,0.7164602279663086,-1.068180464617238
UBFC_PHYS_s04_T3_test,2,29,2.966666666666667,0.6901205778121948,-1.0838588359689076
UBFC_PHYS_s04_T3_test,2,30,3.0,0.6813504099845886,-1.0739685589348755
UBFC_PHYS_s04_T3_test,2,31,3.033333333333333,0.6441259980201721,-1.0348652893518326
UBFC_PHYS_s04_T3_test,2,32,3.066666666666667,0.5636452436447144,-0.9509811609123809
UBFC_PHYS_s04_T3_test,2,33,3.1,0.4467196762561798,-0.8009163134174538
UBFC_PHYS_s04_T3_test,2,34,3.1333333333333333,0.2912541627883911,-0.5672216066869927
UBFC_PHYS_s04_T3_test,2,35,3.1666666666666665,0.09594292938709259,-0.24648295501020104
UBFC_PHYS_s04_T3_test,2,36,3.2,-0.12494789808988571,0.14408263723599116
UBFC_PHYS_s04_T3_test,2,37,3.2333333333333334,-0.3148118853569031,0.5661369728882336
UBFC_PHYS_s04_T3_test,2,38,3.2666666666666666,-0.33717578649520874,0.966244910185543
UBFC_PHYS_s04_T3_test,2,39,3.3,-0.08752859383821487,1.2867618483494996
UBFC_PHYS_s04_T3_test,2,40,3.3333333333333335,0.3472077250480652,1.47883646193653
UBFC_PHYS_s04_T3_test,2,41,3.3666666666666667,0.7906264662742615,1.5142455310329277
UBFC_PHYS_s04_T3_test,2,42,3.4,1.15169358253479,1.39248004233389
UBFC_PHYS_s04_T3_test,2,43,3.433333333333333,1.434160590171814,1.1403715063576434
UBFC_PHYS_s04_T3_test,2,44,3.466666666666667,1.6604304313659668,0.8041415306875218
UBFC_PHYS_s04_T3_test,2,45,3.5,1.836525321006775,0.4366918675733403
UBFC_PHYS_s04_T3_test,2,46,3.533333333333333,1.9503618478775024,0.08446706260046018
UBFC_PHYS_s04_T3_test,2,47,3.566666666666667,2.0028560161590576,-0.2220875902228505
UBFC_PHYS_s04_T3_test,2,48,3.6,1.9969605207443237,-0.47204324525642133
UBFC_PHYS_s04_T3_test,2,49,3.6333333333333333,1.9406659603118896,-0.6711413120911351
UBFC_PHYS_s04_T3_test,2,50,3.6666666666666665,1.87404203414917,-0.8341101118447108
UBFC_PHYS_s04_T3_test,2,51,3.7,1.8137813806533813,-0.9748571799355739
UBFC_PHYS_s04_T3_test,2,52,3.7333333333333334,1.6967582702636719,-1.0976108035571543
UBFC_PHYS_s04_T3_test,2,53,3.7666666666666666,1.4470429420471191,-1.191724284210311
UBFC_PHYS_s04_T3_test,2,54,3.8,1.0145576000213623,-1.2319556899325008
UBFC_PHYS_s04_T3_test,2,55,3.8333333333333335,0.350131094455719,-1.1847227575282802
UBFC_PHYS_s04_T3_test,2,56,3.8666666666666667,-0.4677535593509674,-1.0192153228476928
UBFC_PHYS_s04_T3_test,2,57,3.9,-1.168274164199829,-0.7205081717532539
UBFC_PHYS_s04_T3_test,2,58,3.933333333333333,-1.5568209886550903,-0.30038672624690266
UBFC_PHYS_s04_T3_test,2,59,3.966666666666667,-1.6944246292114258,0.19879348662534738
UBFC_PHYS_s04_T3_test,2,60,4.0,-1.7069075107574463,0.7104103102716961
UBFC_PHYS_s04_T3_test,2,61,4.033333333333333,-1.6251014471054077,1.1593204428252346
UBFC_PHYS_s04_T3_test,2,62,4.066666666666666,-1.4814074039459229,1.4812474812368126
UBFC_PHYS_s04_T3_test,2,63,4.1,-1.3316327333450317,1.637738955820102
UBFC_PHYS_s04_T3_test,2,64,4.133333333333334,-1.1851128339767456,1.6215613453687479
UBFC_PHYS_s04_T3_test,2,65,4.166666666666667,-1.0246385335922241,1.4526824940061598
UBFC_PHYS_s04_T3_test,2,66,4.2,-0.8702936768531799,1.1684846875612116
UBFC_PHYS_s04_T3_test,2,67,4.233333333333333,-0.7455626726150513,0.8126278143376856
UBFC_PHYS_s04_T3_test,2,68,4.266666666666667,-0.6201494932174683,0.4260230432890329
UBFC_PHYS_s04_T3_test,2,69,4.3,-0.44839102029800415,0.04158124305438078
UBFC_PHYS_s04_T3_test,2,70,4.333333333333333,-0.22830899059772491,-0.3174309915429952
UBFC_PHYS_s04_T3_test,2,71,4.366666666666666,-0.014180912636220455,-0.636611857758965
UBFC_PHYS_s04_T3_test,2,72,4.4,0.11588040739297867,-0.9083203322975596
UBFC_PHYS_s04_T3_test,2,73,4.433333333333334,0.18178319931030273,-1.1288268715818388
UBFC_PHYS_s04_T3_test,2,74,4.466666666666667,0.3206244111061096,-1.2951252400305695
UBFC_PHYS_s04_T3_test,2,75,4.5,0.5297729969024658,-1.4020274684768328
UBFC_PHYS_s04_T3_test,2,76,4.533333333333333,0.5720548629760742,-1.4404063129683435
UBFC_PHYS_s04_T3_test,2,77,4.566666666666666,0.3914482593536377,-1.3974665637522676
UBFC_PHYS_s04_T3_test,2,78,4.6,0.24550321698188782,-1.2595853575896785
UBFC_PHYS_s04_T3_test,2,79,4.633333333333334,0.28823333978652954,-1.0175231596787457
UBFC_PHYS_s04_T3_test,2,80,4.666666666666667,0.32089725136756897,-0.6727959623273784
UBFC_PHYS_s04_T3_test,2,81,4.7,0.07135728001594543,-0.24303025095197942
UBFC_PHYS_s04_T3_test,2,82,4.733333333333333,-0.43831509351730347,0.23628736536348696
UBFC_PHYS_s04_T3_test,2,83,4.766666666666667,-0.8656064867973328,0.7154903924296349
UBFC_PHYS_s04_T3_test,2,84,4.8,-0.9527038335800171,1.1396386719792349
UBFC_PHYS_s04_T3_test,2,85,4.833333333333333,-0.8758870959281921,1.4600591375480998
UBFC_PHYS_s04_T3_test,2,86,4.866666666666666,-0.8957855701446533,1.6444942244257237
UBFC_PHYS_s04_T3_test,2,87,4.9,-0.8971887826919556,1.6822927438693047
UBFC_PHYS_s04_T3_test,2,88,4.933333333333334,-0.6582996845245361,1.5833710365351574
UBFC_PHYS_s04_T3_test,2,89,4.966666666666667,-0.3694888949394226,1.3723955268795336
UBFC_PHYS_s04_T3_test,2,90,5.0,-0.4010322093963623,1.0811974453925626
UBFC_PHYS_s04_T3_test,2,91,5.033333333333333,-0.7040700912475586,0.742232811478155
UBFC_PHYS_s04_T3_test,2,92,5.066666666666666,-0.9234505295753479,0.38442129426445387
UBFC_PHYS_s04_T3_test,2,93,5.1,-1.0447319746017456,0.031178269939217348
UBFC_PHYS_s04_T3_test,2,94,5.133333333333334,-1.39849054813385,-0.30011530478090437
UBFC_PHYS_s04_T3_test,2,95,5.166666666666667,-2.1322596073150635,-0.5977173030795074
UBFC_PHYS_s04_T3_test,2,96,5.2,-2.8608837127685547,-0.8543408449239654
UBFC_PHYS_s04_T3_test,2,97,5.233333333333333,-2.9553089141845703,-1.0652583341720445
UBFC_PHYS_s04_T3_test,2,98,5.266666666666667,-2.4268198013305664,-1.2260570260012857
UBFC_PHYS_s04_T3_test,2,99,5.3,-2.3250861167907715,-1.3306980803093775
UBFC_PHYS_s04_T3_test,2,100,5.333333333333333,-3.148768663406372,-1.3705109374172944
UBFC_PHYS_s04_T3_test,2,101,5.366666666666666,-3.859755039215088,-1.334572441902627
UBFC_PHYS_s04_T3_test,2,102,5.4,-3.475846529006958,-1.2117557811525355
UBFC_PHYS_s04_T3_test,2,103,5.433333333333334,-2.392411470413208,-0.9943852019974607
UBFC_PHYS_s04_T3_test,2,104,5.466666666666667,-1.3483740091323853,-0.6827932231872703
UBFC_PHYS_s04_T3_test,2,105,5.5,-0.5381388664245605,-0.2895884440050943
UBFC_PHYS_s04_T3_test,2,106,5.533333333333333,-0.0550108328461647,0.15761944081215265
UBFC_PHYS_s04_T3_test,2,107,5.566666666666666,0.10063983500003815,0.616455907394413
UBFC_PHYS_s04_T3_test,2,108,5.6,0.21059802174568176,1.034654616000548
UBFC_PHYS_s04_T3_test,2,109,5.633333333333334,0.513236403465271,1.3599707874828553
UBFC_PHYS_s04_T3_test,2,110,5.666666666666667,0.9717398285865784,1.552257548832117
UBFC_PHYS_s04_T3_test,2,111,5.7,1.4238312244415283,1.5925068088169565
UBFC_PHYS_s04_T3_test,2,112,5.733333333333333,1.784664511680603,1.484998337722321
UBFC_PHYS_s04_T3_test,2,113,5.766666666666667,2.0401973724365234,1.2524549640904563
UBFC_PHYS_s04_T3_test,2,114,5.8,2.094426155090332,0.9273416138238691
UBFC_PHYS_s04_T3_test,2,115,5.833333333333333,1.8649795055389404,0.543468809047223
UBFC_PHYS_s04_T3_test,2,116,5.866666666666666,1.4648853540420532,0.13080419352914213
UBFC_PHYS_s04_T3_test,2,117,5.9,1.0100263357162476,-0.28577594347417523
UBFC_PHYS_s04_T3_test,2,118,5.933333333333334,0.4424125552177429,-0.684677331536963
UBFC_PHYS_s04_T3_test,2,119,5.966666666666667,-0.1723359376192093,-1.0443506899378638
UBFC_PHYS_s04_T3_test,2,120,6.0,-0.4811328947544098,-1.3404672604376646
UBFC_PHYS_s04_T3_test,2,121,6.033333333333333,-0.2100963145494461,-1.545213754428136
UBFC_PHYS_s04_T3_test,2,122,6.066666666666666,0.37158873677253723,-1.6299161415155514
UBFC_PHYS_s04_T3_test,2,123,6.1,0.7462202906608582,-1.571181568034725
UBFC_PHYS_s04_T3_test,2,124,6.133333333333334,0.7686718702316284,-1.3592236155818251
UBFC_PHYS_s04_T3_test,2,125,6.166666666666667,0.7533143758773804,-1.0054844890613983
UBFC_PHYS_s04_T3_test,2,126,6.2,0.8778894543647766,-0.5459027486355414
UBFC_PHYS_s04_T3_test,2,127,6.233333333333333,0.9985179901123047,-0.03704561383595311
UBFC_PHYS_s04_T3_test,2,128,6.266666666666667,1.0439960956573486,0.45502647982858907
UBFC_PHYS_s04_T3_test,2,129,6.3,1.0803630352020264,0.8699832246869339
UBFC_PHYS_s04_T3_test,2,130,6.333333333333333,1.1380316019058228,1.1670852866767971
UBFC_PHYS_s04_T3_test,2,131,6.366666666666666,1.255532145500183,1.3323862515378901
UBFC_PHYS_s04_T3_test,2,132,6.4,1.39287269115448,1.3768067644929682
UBFC_PHYS_s04_T3_test,2,133,6.433333333333334,1.3717268705368042,1.3267402877953804
UBFC_PHYS_s04_T3_test,2,134,6.466666666666667,1.1301383972167969,1.2120845388659158
UBFC_PHYS_s04_T3_test,2,135,6.5,0.8685930967330933,1.0570061501070462
UBFC_PHYS_s04_T3_test,2,136,6.533333333333333,0.8165276646614075,0.8761319981891389
UBFC_PHYS_s04_T3_test,2,137,6.566666666666666,0.8948158621788025,0.6755888546797367
UBFC_PHYS_s04_T3_test,2,138,6.6,0.8185740113258362,0.4567550136528383
UBFC_PHYS_s04_T3_test,2,139,6.633333333333334,0.49629050493240356,0.22062264551117514
UBFC_PHYS_s04_T3_test,2,140,6.666666666666667,0.24829991161823273,-0.028844890671988543
UBFC_PHYS_s04_T3_test,2,141,6.7,0.4841097593307495,-0.2833662854093367
UBFC_PHYS_s04_T3_test,2,142,6.733333333333333,1.1854488849639893,-0.5311892991523312
UBFC_PHYS_s04_T3_test,2,143,6.766666666666667,1.835365653038025,-0.759423926436037
UBFC_PHYS_s04_T3_test,2,144,6.8,1.9457720518112183,-0.9565125623641817
UBFC_PHYS_s04_T3_test,2,145,6.833333333333333,1.6093297004699707,-1.113448114286389
UBFC_PHYS_s04_T3_test,2,146,6.866666666666666,1.2812774181365967,-1.2230509216749932
UBFC_PHYS_s04_T3_test,2,147,6.9,1.1877095699310303,-1.2777768081633123
UBFC_PHYS_s04_T3_test,2,148,6.933333333333334,1.1910812854766846,-1.2675869403117255
UBFC_PHYS_s04_T3_test,2,149,6.966666666666667,1.1772536039352417,-1.1797457193851535
UBFC_PHYS_s04_T3_test,2,150,7.0,1.1808104515075684,-1.0017230698337602
UBFC_PHYS_s04_T3_test,2,151,7.033333333333333,1.1659693717956543,-0.7269617559825055
UBFC_PHYS_s04_T3_test,2,152,7.066666666666666,1.0689617395401,-0.3617405059413334
UBFC_PHYS_s04_T3_test,2,153,7.1,0.942057728767395,0.06973245085930646
UBFC_PHYS_s04_T3_test,2,154,7.133333333333334,0.8128441572189331,0.5249919826402824
UBFC_PHYS_s04_T3_test,2,155,7.166666666666667,0.5952080488204956,0.9494000707000078
UBFC_PHYS_s04_T3_test,2,156,7.2,0.27181366086006165,1.2875995415161692
UBFC_PHYS_s04_T3_test,2,157,7.233333333333333,-0.032900311052799225,1.4965484870008505
UBFC_PHYS_s04_T3_test,2,158,7.266666666666667,-0.25507742166519165,1.5551684455949182
UBFC_PHYS_s04_T3_test,2,159,7.3,-0.4901076853275299,1.4670529089825488
UBFC_PHYS_s04_T3_test,2,160,7.333333333333333,-0.8178579211235046,1.2561544515049587
UBFC_PHYS_s04_T3_test,2,161,7.366666666666666,-1.191622257232666,0.9583960379989495
UBFC_PHYS_s04_T3_test,2,162,7.4,-1.4577767848968506,0.6127179433434295
UBFC_PHYS_s04_T3_test,2,163,7.433333333333334,-1.4528069496154785,0.2538875600793608
UBFC_PHYS_s04_T3_test,2,164,7.466666666666667,-1.160975456237793,-0.09186687114187873
UBFC_PHYS_s04_T3_test,2,165,7.5,-0.739998459815979,-0.40814282385413986
UBFC_PHYS_s04_T3_test,2,166,7.533333333333333,-0.345682829618454,-0.6868475033843389
UBFC_PHYS_s04_T3_test,2,167,7.566666666666666,-0.010331791825592518,-0.9245975343040688
UBFC_PHYS_s04_T3_test,2,168,7.6,0.27929753065109253,-1.1181613419909004
UBFC_PHYS_s04_T3_test,2,169,7.633333333333334,0.5087928175926208,-1.2603483167075218
UBFC_PHYS_s04_T3_test,2,170,7.666666666666667,0.6547476053237915,-1.337757684520386
UBFC_PHYS_s04_T3_test,2,171,7.7,0.7256689071655273,-1.3315279740352206
UBFC_PHYS_s04_T3_test,2,172,7.733333333333333,0.751725971698761,-1.2216560029666461
UBFC_PHYS_s04_T3_test,2,173,7.766666666666667,0.7563936710357666,-0.9944658180908489
UBFC_PHYS_s04_T3_test,2,174,7.8,0.7608664035797119,-0.6514205440787392
UBFC_PHYS_s04_T3_test,2,175,7.833333333333333,0.766567051410675,-0.21604078165895832
UBFC_PHYS_s04_T3_test,2,176,7.866666666666666,0.7398667931556702,0.26493182619173294
UBFC_PHYS_s04_T3_test,2,177,7.9,0.6606236100196838,0.7285878647068764
UBFC_PHYS_s04_T3_test,2,178,7.933333333333334,0.5493693947792053,1.1100060712575872
UBFC_PHYS_s04_T3_test,2,179,7.966666666666667,0.41955170035362244,1.3586619747589241
UBFC_PHYS_s04_T3_test,2,180,8.0,0.25936004519462585,1.4507762382823535
UBFC_PHYS_s04_T3_test,2,181,8.033333333333333,0.0725850984454155,1.3929814718287725
UBFC_PHYS_s04_T3_test,2,182,8.066666666666666,-0.1113736554980278,1.2166298512519136
UBFC_PHYS_s04_T3_test,2,183,8.1,-0.28666946291923523,0.9659260613321181
UBFC_PHYS_s04_T3_test,2,184,8.133333333333333,-0.5020253658294678,0.6848089764730275
UBFC_PHYS_s04_T3_test,2,185,8.166666666666666,-0.8074799180030823,0.40694191778591426
UBFC_PHYS_s04_T3_test,2,186,8.2,-1.13936185836792,0.15122569909501124
UBFC_PHYS_s04_T3_test,2,187,8.233333333333333,-1.334643840789795,-0.07714391175814597
UBFC_PHYS_s04_T3_test,2,188,8.266666666666667,-1.310038685798645,-0.28202040384309707
UBFC_PHYS_s04_T3_test,2,189,8.3,-1.1453255414962769,-0.47071802221171594
UBFC_PHYS_s04_T3_test,2,190,8.333333333333334,-0.9497025012969971,-0.6494185160646699
UBFC_PHYS_s04_T3_test,2,191,8.366666666666667,-0.7698267102241516,-0.820088422906074
UBFC_PHYS_s04_T3_test,2,192,8.4,-0.6079785227775574,-0.9784241510168898
UBFC_PHYS_s04_T3_test,2,193,8.433333333333334,-0.45691755414009094,-1.1123883938459174
UBFC_PHYS_s04_T3_test,2,194,8.466666666666667,-0.32350409030914307,-1.2018185476213332
UBFC_PHYS_s04_T3_test,2,195,8.5,-0.20794275403022766,-1.220373488624629
UBFC_PHYS_s04_T3_test,2,196,8.533333333333333,-0.07791066914796829,-1.1408170785921616
UBFC_PHYS_s04_T3_test,2,197,8.566666666666666,0.08349906653165817,-0.9433554340293243
UBFC_PHYS_s04_T3_test,2,198,8.6,0.24690644443035126,-0.6250615108036908
UBFC_PHYS_s04_T3_test,2,199,8.633333333333333,0.37157899141311646,-0.2069303973417854
UBFC_PHYS_s04_T3_test,2,200,8.666666666666666,0.42648011445999146,0.26536753251460793
UBFC_PHYS_s04_T3_test,2,201,8.7,0.4003840684890747,0.7292941695162651
UBFC_PHYS_s04_T3_test,2,202,8.733333333333333,0.32257333397865295,1.120246930425088
UBFC_PHYS_s04_T3_test,2,203,8.766666666666667,0.22377273440361023,1.3880495531557802
UBFC_PHYS_s04_T3_test,2,204,8.8,0.07907500863075256,1.5086845454955342
UBFC_PHYS_s04_T3_test,2,205,8.833333333333334,-0.13812261819839478,1.4870030209528116
UBFC_PHYS_s04_T3_test,2,206,8.866666666666667,-0.38935816287994385,1.3504289289898868
UBFC_PHYS_s04_T3_test,2,207,8.9,-0.6223615407943726,1.137431566024046
UBFC_PHYS_s04_T3_test,2,208,8.933333333333334,-0.8536303639411926,0.8857103056415896
UBFC_PHYS_s04_T3_test,2,209,8.966666666666667,-1.1440880298614502,0.6238394007480912
UBFC_PHYS_s04_T3_test,2,210,9.0,-1.4711365699768066,0.3679513747970982
UBFC_PHYS_s04_T3_test,2,211,9.033333333333333,-1.6373310089111328,0.12299528449425981
UBFC_PHYS_s04_T3_test,2,212,9.066666666666666,-1.4634675979614258,-0.11318310357097716
UBFC_PHYS_s04_T3_test,2,213,9.1,-1.0234496593475342,-0.3450113776521553
UBFC_PHYS_s04_T3_test,2,214,9.133333333333333,-0.5535938143730164,-0.575181625552169
UBFC_PHYS_s04_T3_test,2,215,9.166666666666666,-0.17987826466560364,-0.8020984245276722
UBFC_PHYS_s04_T3_test,2,216,9.2,0.11322012543678284,-1.0185799147853294
UBFC_PHYS_s04_T3_test,2,217,9.233333333333333,0.33895403146743774,-1.2114183066315476
UBFC_PHYS_s04_T3_test,2,218,9.266666666666667,0.4938056468963623,-1.361922849808016
UBFC_PHYS_s04_T3_test,2,219,9.3,0.608587384223938,-1.4480260953461879
UBFC_PHYS_s04_T3_test,2,220,9.333333333333334,0.7068325877189636,-1.4482361938492834
UBFC_PHYS_s04_T3_test,2,221,9.366666666666667,0.7808429002761841,-1.3468967875883666
UBFC_PHYS_s04_T3_test,2,222,9.4,0.8264378905296326,-1.1394791058101583
UBFC_PHYS_s04_T3_test,2,223,9.433333333333334,0.83769291639328,-0.8362605606366732
UBFC_PHYS_s04_T3_test,2,224,9.466666666666667,0.7954598069190979,-0.46289714017607886
UBFC_PHYS_s04_T3_test,2,225,9.5,0.7038604617118835,-0.05732512147165364
UBFC_PHYS_s04_T3_test,2,226,9.533333333333333,0.592216432094574,0.33612231437239876
UBFC_PHYS_s04_T3_test,2,227,9.566666666666666,0.46545857191085815,0.6737046574538151
UBFC_PHYS_s04_T3_test,2,228,9.6,0.30668962001800537,0.9191725166779058
UBFC_PHYS_s04_T3_test,2,229,9.633333333333333,0.12939618527889252,1.0499308921230706
UBFC_PHYS_s04_T3_test,2,230,9.666666666666666,-0.03200380504131317,1.06139805190362
UBFC_PHYS_s04_T3_test,2,231,9.7,-0.18543270230293274,0.9680687547061805
UBFC_PHYS_s04_T3_test,2,232,9.733333333333333,-0.3880816102027893,0.8005502409332899
UBFC_PHYS_s04_T3_test,2,233,9.766666666666667,-0.6619149446487427,0.5992104810614121
UBFC_PHYS_s04_T3_test,2,234,9.8,-0.8871323466300964,0.40597468542131254
UBFC_PHYS_s04_T3_test,2,235,9.833333333333334,-0.8745715618133545,0.25606687284109453
UBFC_PHYS_s04_T3_test,2,236,9.866666666666667,-0.5808300375938416,0.17139284145186473
UBFC_PHYS_s04_T3_test,2,237,9.9,-0.17821194231510162,0.15686335062633847
UBFC_PHYS_s04_T3_test,2,238,9.933333333333334,0.1482519954442978,0.20029101539550065
UBFC_PHYS_s04_T3_test,2,239,9.966666666666667,0.3719395399093628,0.2757902009214547
UBFC_PHYS_s04_T3_test,3,0,3.0,0.6813504099845886,0.13211218574710268
UBFC_PHYS_s04_T3_test,3,1,3.033333333333333,0.6441259980201721,-0.2341097108464043
UBFC_PHYS_s04_T3_test,3,2,3.066666666666667,0.5636452436447144,-0.5041265656153074
UBFC_PHYS_s04_T3_test,3,3,3.1,0.4467196762561798,-0.6007681621751895
UBFC_PHYS_s04_T3_test,3,4,3.1333333333333333,0.2912541627883911,-0.4847907589030442
UBFC_PHYS_s04_T3_test,3,5,3.1666666666666665,0.09594292938709259,-0.16428773113248174
UBFC_PHYS_s04_T3_test,3,6,3.2,-0.12494789808988571,0.3072336379846676
UBFC_PHYS_s04_T3_test,3,7,3.2333333333333334,-0.3148118853569031,0.84450653442305
UBFC_PHYS_s04_T3_test,3,8,3.2666666666666666,-0.33717578649520874,1.3518715322459547
UBFC_PHYS_s04_T3_test,3,9,3.3,-0.08752859383821487,1.7452207909851627
UBFC_PHYS_s04_T3_test,3,10,3.3333333333333335,0.3472077250480652,1.9676921609816005
UBFC_PHYS_s04_T3_test,3,11,3.3666666666666667,0.7906264662742615,1.9957594854467426
UBFC_PHYS_s04_T3_test,3,12,3.4,1.15169358253479,1.836851430260863
UBFC_PHYS_s04_T3_test,3,13,3.433333333333333,1.434160590171814,1.522213598577852
UBFC_PHYS_s04_T3_test,3,14,3.466666666666667,1.6604304313659668,1.0980997156728896
UBFC_PHYS_s04_T3_test,3,15,3.5,1.836525321006775,0.6165543365617526
UBFC_PHYS_s04_T3_test,3,16,3.533333333333333,1.9503618478775024,0.1264654519298493
UBFC_PHYS_s04_T3_test,3,17,3.566666666666667,2.0028560161590576,-0.33392069536865265
UBFC_PHYS_s04_T3_test,3,18,3.6,1.9969605207443237,-0.7414953989219977
UBFC_PHYS_s04_T3_test,3,19,3.6333333333333333,1.9406659603118896,-1.0885900732643505
UBFC_PHYS_s04_T3_test,3,20,3.6666666666666665,1.87404203414917,-1.3787827575341949
UBFC_PHYS_s04_T3_test,3,21,3.7,1.8137813806533813,-1.6192015896598404
UBFC_PHYS_s04_T3_test,3,22,3.7333333333333334,1.6967582702636719,-1.8116461537330715
UBFC_PHYS_s04_T3_test,3,23,3.7666666666666666,1.4470429420471191,-1.9456385999048131
UBFC_PHYS_s04_T3_test,3,24,3.8,1.0145576000213623,-1.9963317747588272
UBFC_PHYS_s04_T3_test,3,25,3.8333333333333335,0.350131094455719,-1.929066298121634
UBFC_PHYS_s04_T3_test,3,26,3.8666666666666667,-0.4677535593509674,-1.7104810585699495
UBFC_PHYS_s04_T3_test,3,27,3.9,-1.168274164199829,-1.3235433231003026
UBFC_PHYS_s04_T3_test,3,28,3.933333333333333,-1.5568209886550903,-0.7812832406766771
UBFC_PHYS_s04_T3_test,3,29,3.966666666666667,-1.6944246292114258,-0.1329072777409419
UBFC_PHYS_s04_T3_test,3,30,4.0,-1.7069075107574463,0.5422440025143566
UBFC_PHYS_s04_T3_test,3,31,4.033333333333333,-1.6251014471054077,1.1525144456383845
UBFC_PHYS_s04_T3_test,3,32,4.066666666666666,-1.4814074039459229,1.617072122471303
UBFC_PHYS_s04_T3_test,3,33,4.1,-1.3316327333450317,1.884983192250828
UBFC_PHYS_s04_T3_test,3,34,4.133333333333334,-1.1851128339767456,1.9435868002010022
UBFC_PHYS_s04_T3_test,3,35,4.166666666666667,-1.0246385335922241,1.815232981029686
UBFC_PHYS_s04_T3_test,3,36,4.2,-0.8702936768531799,1.5458604251830852
UBFC_PHYS_s04_T3_test,3,37,4.233333333333333,-0.7455626726150513,1.1905896282332848
UBFC_PHYS_s04_T3_test,3,38,4.266666666666667,-0.6201494932174683,0.8009947537461597
UBFC_PHYS_s04_T3_test,3,39,4.3,-0.44839102029800415,0.41686400286663805
UBFC_PHYS_s04_T3_test,3,40,4.333333333333333,-0.22830899059772491,0.06306734080089892
UBFC_PHYS_s04_T3_test,3,41,4.366666666666666,-0.014180912636220455,-0.24937886778789017
UBFC_PHYS_s04_T3_test,3,42,4.4,0.11588040739297867,-0.5194212989304107
UBFC_PHYS_s04_T3_test,3,43,4.433333333333334,0.18178319931030273,-0.7505369638771646
UBFC_PHYS_s04_T3_test,3,44,4.466666666666667,0.3206244111061096,-0.9450690416411252
UBFC_PHYS_s04_T3_test,3,45,4.5,0.5297729969024658,-1.099785564232487
UBFC_PHYS_s04_T3_test,3,46,4.533333333333333,0.5720548629760742,-1.2040053687336567
UBFC_PHYS_s04_T3_test,3,47,4.566666666666666,0.3914482593536377,-1.2410080311190845
UBFC_PHYS_s04_T3_test,3,48,4.6,0.24550321698188782,-1.1923869026866964
UBFC_PHYS_s04_T3_test,3,49,4.633333333333334,0.28823333978652954,-1.0440768184079905
UBFC_PHYS_s04_T3_test,3,50,4.666666666666667,0.32089725136756897,-0.7924285627230621
UBFC_PHYS_s04_T3_test,3,51,4.7,0.07135728001594543,-0.44868244585084044
UBFC_PHYS_s04_T3_test,3,52,4.733333333333333,-0.43831509351730347,-0.040303238773284594
UBFC_PHYS_s04_T3_test,3,53,4.766666666666667,-0.8656064867973328,0.3916823863326826
UBFC_PHYS_s04_T3_test,3,54,4.8,-0.9527038335800171,0.7988019401035774
UBFC_PHYS_s04_T3_test,3,55,4.833333333333333,-0.8758870959281921,1.1330150352781856
UBFC_PHYS_s04_T3_test,3,56,4.866666666666666,-0.8957855701446533,1.3546007638293975
UBFC_PHYS_s04_T3_test,3,57,4.9,-0.8971887826919556,1.4387807573718565
UBFC_PHYS_s04_T3_test,3,58,4.933333333333334,-0.6582996845245361,1.3799883682903995
UBFC_PHYS_s04_T3_test,3,59,4.966666666666667,-0.3694888949394226,1.1926445682677433
UBFC_PHYS_s04_T3_test,3,60,5.0,-0.4010322093963623,0.9076166944648972
UBFC_PHYS_s04_T3_test,3,61,5.033333333333333,-0.7040700912475586,0.5647324043826479
UBFC_PHYS_s04_T3_test,3,62,5.066666666666666,-0.9234505295753479,0.20354988378468916
UBFC_PHYS_s04_T3_test,3,63,5.1,-1.0447319746017456,-0.1443344726770449
UBFC_PHYS_s04_T3_test,3,64,5.133333333333334,-1.39849054813385,-0.45888106981778454
UBFC_PHYS_s04_T3_test,3,65,5.166666666666667,-2.1322596073150635,-0.7304178394569887
UBFC_PHYS_s04_T3_test,3,66,5.2,-2.8608837127685547,-0.9547830190340721
UBFC_PHYS_s04_T3_test,3,67,5.233333333333333,-2.9553089141845703,-1.1271611943076632
UBFC_PHYS_s04_T3_test,3,68,5.266666666666667,-2.4268198013305664,-1.2374986448284968
UBFC_PHYS_s04_T3_test,3,69,5.3,-2.3250861167907715,-1.2698381562836787
UBFC_PHYS_s04_T3_test,3,70,5.333333333333333,-3.148768663406372,-1.2062535651671822
UBFC_PHYS_s04_T3_test,3,71,5.366666666666666,-3.859755039215088,-1.0340115080603927
UBFC_PHYS_s04_T3_test,3,72,5.4,-3.475846529006958,-0.753111974039779
UBFC_PHYS_s04_T3_test,3,73,5.433333333333334,-2.392411470413208,-0.3810745524829468
UBFC_PHYS_s04_T3_test,3,74,5.466666666666667,-1.3483740091323853,0.047151323301034186
UBFC_PHYS_s04_T3_test,3,75,5.5,-0.5381388664245605,0.48439088790618406
UBFC_PHYS_s04_T3_test,3,76,5.533333333333333,-0.0550108328461647,0.8798553146559267
UBFC_PHYS_s04_T3_test,3,77,5.566666666666666,0.10063983500003815,1.1883824056579515
UBFC_PHYS_s04_T3_test,3,78,5.6,0.21059802174568176,1.3777839186532743
UBFC_PHYS_s04_T3_test,3,79,5.633333333333334,0.513236403465271,1.4328419240328458
UBFC_PHYS_s04_T3_test,3,80,5.666666666666667,0.9717398285865784,1.3555871273948228
UBFC_PHYS_s04_T3_test,3,81,5.7,1.4238312244415283,1.162286025158965
UBFC_PHYS_s04_T3_test,3,82,5.733333333333333,1.784664511680603,0.8781275057613829
UBFC_PHYS_s04_T3_test,3,83,5.766666666666667,2.0401973724365234,0.5311348279019719
UBFC_PHYS_s04_T3_test,3,84,5.8,2.094426155090332,0.14727116154294875
UBFC_PHYS_s04_T3_test,3,85,5.833333333333333,1.8649795055389404,-0.251527861014951
UBFC_PHYS_s04_T3_test,3,86,5.866666666666666,1.4648853540420532,-0.6459031099206483
UBFC_PHYS_s04_T3_test,3,87,5.9,1.0100263357162476,-1.0153187175243321
UBFC_PHYS_s04_T3_test,3,88,5.933333333333334,0.4424125552177429,-1.3341981760259087
UBFC_PHYS_s04_T3_test,3,89,5.966666666666667,-0.1723359376192093,-1.5703395489648302
UBFC_PHYS_s04_T3_test,3,90,6.0,-0.4811328947544098,-1.6873790582449362
UBFC_PHYS_s04_T3_test,3,91,6.033333333333333,-0.2100963145494461,-1.651829648182112
UBFC_PHYS_s04_T3_test,3,92,6.066666666666666,0.37158873677253723,-1.4435608295747704
UBFC_PHYS_s04_T3_test,3,93,6.1,0.7462202906608582,-1.0666572408420374
UBFC_PHYS_s04_T3_test,3,94,6.133333333333334,0.7686718702316284,-0.5560646954564608
UBFC_PHYS_s04_T3_test,3,95,6.166666666666667,0.7533143758773804,0.024187086743640698
UBFC_PHYS_s04_T3_test,3,96,6.2,0.8778894543647766,0.5923914827618753
UBFC_PHYS_s04_T3_test,3,97,6.233333333333333,0.9985179901123047,1.067290676514834
UBFC_PHYS_s04_T3_test,3,98,6.266666666666667,1.0439960956573486,1.387072926396972
UBFC_PHYS_s04_T3_test,3,99,6.3,1.0803630352020264,1.522978363014606
UBFC_PHYS_s04_T3_test,3,100,6.333333333333333,1.1380316019058228,1.4833815862361084
UBFC_PHYS_s04_T3_test,3,101,6.366666666666666,1.255532145500183,1.3076622470570722
UBFC_PHYS_s04_T3_test,3,102,6.4,1.39287269115448,1.0524066634001925
UBFC_PHYS_s04_T3_test,3,103,6.433333333333334,1.3717268705368042,0.7746657938636777
UBFC_PHYS_s04_T3_test,3,104,6.466666666666667,1.1301383972167969,0.5177010896202416
UBFC_PHYS_s04_T3_test,3,105,6.5,0.8685930967330933,0.30349528589848207
UBFC_PHYS_s04_T3_test,3,106,6.533333333333333,0.8165276646614075,0.13349228158897114
UBFC_PHYS_s04_T3_test,3,107,6.566666666666666,0.8948158621788025,-0.004199169604922183
UBFC_PHYS_s04_T3_test,3,108,6.6,0.8185740113258362,-0.1250654564385127
UBFC_PHYS_s04_T3_test,3,109,6.633333333333334,0.49629050493240356,-0.24008333831274117
UBFC_PHYS_s04_T3_test,3,110,6.666666666666667,0.24829991161823273,-0.3518466892171396
UBFC_PHYS_s04_T3_test,3,111,6.7,0.4841097593307495,-0.4552043100400179
UBFC_PHYS_s04_T3_test,3,112,6.733333333333333,1.1854488849639893,-0.5408911200132651
UBFC_PHYS_s04_T3_test,3,113,6.766666666666667,1.835365653038025,-0.5999979184096069
UBFC_PHYS_s04_T3_test,3,114,6.8,1.9457720518112183,-0.6275350240058489
UBFC_PHYS_s04_T3_test,3,115,6.833333333333333,1.6093297004699707,-0.6240767305090583
UBFC_PHYS_s04_T3_test,3,116,6.866666666666666,1.2812774181365967,-0.595010566497353
UBFC_PHYS_s04_T3_test,3,117,6.9,1.1877095699310303,-0.5476215377365543
UBFC_PHYS_s04_T3_test,3,118,6.933333333333334,1.1910812854766846,-0.4873561755119596
UBFC_PHYS_s04_T3_test,3,119,6.966666666666667,1.1772536039352417,-0.4152911251317809
UBFC_PHYS_s04_T3_test,3,120,7.0,1.1808104515075684,-0.3282526037049354
UBFC_PHYS_s04_T3_test,3,121,7.033333333333333,1.1659693717956543,-0.22153501678674895
UBFC_PHYS_s04_T3_test,3,122,7.066666666666666,1.0689617395401,-0.09272807891360492
UBFC_PHYS_s04_T3_test,3,123,7.1,0.942057728767395,0.05535947903701186
UBFC_PHYS_s04_T3_test,3,124,7.133333333333334,0.8128441572189331,0.21400439085893677
UBFC_PHYS_s04_T3_test,3,125,7.166666666666667,0.5952080488204956,0.37005615189005475
UBFC_PHYS_s04_T3_test,3,126,7.2,0.27181366086006165,0.5084328865431785
UBFC_PHYS_s04_T3_test,3,127,7.233333333333333,-0.032900311052799225,0.6143351226889823
UBFC_PHYS_s04_T3_test,3,128,7.266666666666667,-0.25507742166519165,0.6748045459209673
UBFC_PHYS_s04_T3_test,3,129,7.3,-0.4901076853275299,0.6801701402766507
UBFC_PHYS_s04_T3_test,3,130,7.333333333333333,-0.8178579211235046,0.6258630361770208
UBFC_PHYS_s04_T3_test,3,131,7.366666666666666,-1.191622257232666,0.5142180824946814
UBFC_PHYS_s04_T3_test,3,132,7.4,-1.4577767848968506,0.3550873169504923
UBFC_PHYS_s04_T3_test,3,133,7.433333333333334,-1.4528069496154785,0.16420350856688046
UBFC_PHYS_s04_T3_test,3,134,7.466666666666667,-1.160975456237793,-0.04057772078114918
UBFC_PHYS_s04_T3_test,3,135,7.5,-0.739998459815979,-0.24362687444664372
UBFC_PHYS_s04_T3_test,3,136,7.533333333333333,-0.345682829618454,-0.4343841761647807
UBFC_PHYS_s04_T3_test,3,137,7.566666666666666,-0.010331791825592518,-0.6071679829213933
UBFC_PHYS_s04_T3_test,3,138,7.6,0.27929753065109253,-0.7578072248128882
UBFC_PHYS_s04_T3_test,3,139,7.633333333333334,0.5087928175926208,-0.8785880525470118
UBFC_PHYS_s04_T3_test,3,140,7.666666666666667,0.6547476053237915,-0.9542043827152286
UBFC_PHYS_s04_T3_test,3,141,7.7,0.7256689071655273,-0.9616040978148719
UBFC_PHYS_s04_T3_test,3,142,7.733333333333333,0.751725971698761,-0.8754607271480119
UBFC_PHYS_s04_T3_test,3,143,7.766666666666667,0.7563936710357666,-0.6784085427532947
UBFC_PHYS_s04_T3_test,3,144,7.8,0.7608664035797119,-0.3720473867087593
UBFC_PHYS_s04_T3_test,3,145,7.833333333333333,0.766567051410675,0.016798402555808077
UBFC_PHYS_s04_T3_test,3,146,7.866666666666666,0.7398667931556702,0.4384557789928524
UBFC_PHYS_s04_T3_test,3,147,7.9,0.6606236100196838,0.8313291199711133
UBFC_PHYS_s04_T3_test,3,148,7.933333333333334,0.5493693947792053,1.137236700370099
UBFC_PHYS_s04_T3_test,3,149,7.966666666666667,0.41955170035362244,1.315209553187081
UBFC_PHYS_s04_T3_test,3,150,8.0,0.25936004519462585,1.3491991182986183
UBFC_PHYS_s04_T3_test,3,151,8.033333333333333,0.0725850984454155,1.2483512278058757
UBFC_PHYS_s04_T3_test,3,152,8.066666666666666,-0.1113736554980278,1.0413633327750942
UBFC_PHYS_s04_T3_test,3,153,8.1,-0.28666946291923523,0.7677598326299717
UBFC_PHYS_s04_T3_test,3,154,8.133333333333333,-0.5020253658294678,0.46870409645432076
UBFC_PHYS_s04_T3_test,3,155,8.166666666666666,-0.8074799180030823,0.17916757214498744
UBFC_PHYS_s04_T3_test,3,156,8.2,-1.13936185836792,-0.07725397105564419
UBFC_PHYS_s04_T3_test,3,157,8.233333333333333,-1.334643840789795,-0.2900223468091207
UBFC_PHYS_s04_T3_test,3,158,8.266666666666667,-1.310038685798645,-0.4597783209448387
UBFC_PHYS_s04_T3_test,3,159,8.3,-1.1453255414962769,-0.5938514832263914
UBFC_PHYS_s04_T3_test,3,160,8.333333333333334,-0.9497025012969971,-0.7008383083537582
UBFC_PHYS_s04_T3_test,3,161,8.366666666666667,-0.7698267102241516,-0.7859754296965081
UBFC_PHYS_s04_T3_test,3,162,8.4,-0.6079785227775574,-0.8483863424842017
UBFC_PHYS_s04_T3_test,3,163,8.433333333333334,-0.45691755414009094,-0.8804963425496821
UBFC_PHYS_s04_T3_test,3,164,8.466666666666667,-0.32350409030914307,-0.8695172695093158
UBFC_PHYS_s04_T3_test,3,165,8.5,-0.20794275403022766,-0.8008167312449808
UBFC_PHYS_s04_T3_test,3,166,8.533333333333333,-0.07791066914796829,-0.6628282657995496
UBFC_PHYS_s04_T3_test,3,167,8.566666666666666,0.08349906653165817,-0.45269652279679334
UBFC_PHYS_s04_T3_test,3,168,8.6,0.24690644443035126,-0.18116582476657267
UBFC_PHYS_s04_T3_test,3,169,8.633333333333333,0.37157899141311646,0.12526279376802682
UBFC_PHYS_s04_T3_test,3,170,8.666666666666666,0.42648011445999146,0.42664672380465096
UBFC_PHYS_s04_T3_test,3,171,8.7,0.4003840684890747,0.6769053787052696
UBFC_PHYS_s04_T3_test,3,172,8.733333333333333,0.32257333397865295,0.8346602142181676
UBFC_PHYS_s04_T3_test,3,173,8.766666666666667,0.22377273440361023,0.8743228352779078
UBFC_PHYS_s04_T3_test,3,174,8.8,0.07907500863075256,0.7934550100966404
UBFC_PHYS_s04_T3_test,3,175,8.833333333333334,-0.13812261819839478,0.6134562446544082
UBFC_PHYS_s04_T3_test,3,176,8.866666666666667,-0.38935816287994385,0.3731573720559612
UBFC_PHYS_s04_T3_test,3,177,8.9,-0.6223615407943726,0.11775610865068716
UBFC_PHYS_s04_T3_test,3,178,8.933333333333334,-0.8536303639411926,-0.11269363559940249
UBFC_PHYS_s04_T3_test,3,179,8.966666666666667,-1.1440880298614502,-0.29124028276992975
UBFC_PHYS_s04_T3_test,3,180,9.0,-1.4711365699768066,-0.40651147699311513
UBFC_PHYS_s04_T3_test,3,181,9.033333333333333,-1.6373310089111328,-0.46032336183389116
UBFC_PHYS_s04_T3_test,3,182,9.066666666666666,-1.4634675979614258,-0.4625957645815058
UBFC_PHYS_s04_T3_test,3,183,9.1,-1.0234496593475342,-0.42593770693366867
UBFC_PHYS_s04_T3_test,3,184,9.133333333333333,-0.5535938143730164,-0.36153619522258185
UBFC_PHYS_s04_T3_test,3,185,9.166666666666666,-0.17987826466560364,-0.2770712997057296
UBFC_PHYS_s04_T3_test,3,186,9.2,0.11322012543678284,-0.1767850250179929
UBFC_PHYS_s04_T3_test,3,187,9.233333333333333,0.33895403146743774,-0.06340323365603018
UBFC_PHYS_s04_T3_test,3,188,9.266666666666667,0.4938056468963623,0.05894094283933424
UBFC_PHYS_s04_T3_test,3,189,9.3,0.608587384223938,0.18218261294180715
UBFC_PHYS_s04_T3_test,3,190,9.333333333333334,0.7068325877189636,0.2937188188721449
UBFC_PHYS_s04_T3_test,3,191,9.366666666666667,0.7808429002761841,0.3784728605528121
UBFC_PHYS_s04_T3_test,3,192,9.4,0.8264378905296326,0.42287309429421194
UBFC_PHYS_s04_T3_test,3,193,9.433333333333334,0.83769291639328,0.4188906436011531
UBFC_PHYS_s04_T3_test,3,194,9.466666666666667,0.7954598069190979,0.36650695072086703
UBFC_PHYS_s04_T3_test,3,195,9.5,0.7038604617118835,0.27405381174679744
UBFC_PHYS_s04_T3_test,3,196,9.533333333333333,0.592216432094574,0.15677563239559159
UBFC_PHYS_s04_T3_test,3,197,9.566666666666666,0.46545857191085815,0.03422087935857589
UBFC_PHYS_s04_T3_test,3,198,9.6,0.30668962001800537,-0.07315834513815272
UBFC_PHYS_s04_T3_test,3,199,9.633333333333333,0.12939618527889252,-0.14786946951461033
UBFC_PHYS_s04_T3_test,3,200,9.666666666666666,-0.03200380504131317,-0.17889606297525232
UBFC_PHYS_s04_T3_test,3,201,9.7,-0.18543270230293274,-0.16367010330362758
UBFC_PHYS_s04_T3_test,3,202,9.733333333333333,-0.3880816102027893,-0.10770623458669427
UBFC_PHYS_s04_T3_test,3,203,9.766666666666667,-0.6619149446487427,-0.022131260912799582
UBFC_PHYS_s04_T3_test,3,204,9.8,-0.8871323466300964,0.07969455550958449
UBFC_PHYS_s04_T3_test,3,205,9.833333333333334,-0.8745715618133545,0.1850112381580583
UBFC_PHYS_s04_T3_test,3,206,9.866666666666667,-0.5808300375938416,0.2830958414444713
UBFC_PHYS_s04_T3_test,3,207,9.9,-0.17821194231510162,0.36530132083721145
UBFC_PHYS_s04_T3_test,3,208,9.933333333333334,0.1482519954442978,0.42416868854374234
UBFC_PHYS_s04_T3_test,3,209,9.966666666666667,0.3719395399093628,0.45224417554515234
UBFC_PHYS_s04_T3_test,3,210,10.0,0.5372276306152344,0.44136789340260485
UBFC_PHYS_s04_T3_test,3,211,10.033333333333333,0.6380063891410828,0.3832526379191876
UBFC_PHYS_s04_T3_test,3,212,10.066666666666666,0.6673474311828613,0.27179851032192825
UBFC_PHYS_s04_T3_test,3,213,10.1,0.6574371457099915,0.10638299392546807
UBFC_PHYS_s04_T3_test,3,214,10.133333333333333,0.6288561820983887,-0.10614649458820982
UBFC_PHYS_s04_T3_test,3,215,10.166666666666666,0.5794705152511597,-0.3528167284267382
UBFC_PHYS_s04_T3_test,3,216,10.2,0.5218798518180847,-0.618470161709606
UBFC_PHYS_s04_T3_test,3,217,10.233333333333333,0.46887892484664917,-0.8890047180480035
UBFC_PHYS_s04_T3_test,3,218,10.266666666666667,0.39327049255371094,-1.1510735033072241
UBFC_PHYS_s04_T3_test,3,219,10.3,0.25564736127853394,-1.3881583742313872
UBFC_PHYS_s04_T3_test,3,220,10.333333333333334,0.06480889767408371,-1.575633304399623
UBFC_PHYS_s04_T3_test,3,221,10.366666666666667,-0.12550334632396698,-1.6786541704272198
UBFC_PHYS_s04_T3_test,3,222,10.4,-0.2840968668460846,-1.6560217008725528
UBFC_PHYS_s04_T3_test,3,223,10.433333333333334,-0.45128515362739563,-1.4708603268053293
UBFC_PHYS_s04_T3_test,3,224,10.466666666666667,-0.6791141629219055,-1.105795114149315
UBFC_PHYS_s04_T3_test,3,225,10.5,-0.9231484532356262,-0.5771807204677257
UBFC_PHYS_s04_T3_test,3,226,10.533333333333333,-1.0215104818344116,0.05872592983636572
UBFC_PHYS_s04_T3_test,3,227,10.566666666666666,-0.8575282096862793,0.7128669303876816
UBFC_PHYS_s04_T3_test,3,228,10.6,-0.49607139825820923,1.2832620872253935
UBFC_PHYS_s04_T3_test,3,229,10.633333333333333,-0.11732761561870575,1.6810817649028804
UBFC_PHYS_s04_T3_test,3,230,10.666666666666666,0.1671760380268097,1.8537085000303535
UBFC_PHYS_s04_T3_test,3,231,10.7,0.35779035091400146,1.7971404915116955
UBFC_PHYS_s04_T3_test,3,232,10.733333333333333,0.4723772406578064,1.5543742584244018
UBFC_PHYS_s04_T3_test,3,233,10.766666666666667,0.5172122120857239,1.2014117433573692
UBFC_PHYS_s04_T3_test,3,234,10.8,0.5288375020027161,0.8263219911319172
UBFC_PHYS_s04_T3_test,3,235,10.833333333333334,0.5427333116531372,0.5079379421775733
UBFC_PHYS_s04_T3_test,3,236,10.866666666666667,0.5408428907394409,0.2992447459047444
UBFC_PHYS_s04_T3_test,3,237,10.9,0.48618534207344055,0.2180554649144351
UBFC_PHYS_s04_T3_test,3,238,10.933333333333334,0.39414751529693604,0.2458542095000063
UBFC_PHYS_s04_T3_test,3,239,10.966666666666667,0.30335697531700134,0.33465867166433855
UBFC_PHYS_s04_T3_test,4,0,4.0,-1.7069075107574463,0.11994741132312099
UBFC_PHYS_s04_T3_test,4,1,4.033333333333333,-1.6251014471054077,0.34726222471757384
UBFC_PHYS_s04_T3_test,4,2,4.066666666666666,-1.4814074039459229,0.5546123992979796
UBFC_PHYS_s04_T3_test,4,3,4.1,-1.3316327333450317,0.7238760224792404
UBFC_PHYS_s04_T3_test,4,4,4.133333333333334,-1.1851128339767456,0.8325263117789262
UBFC_PHYS_s04_T3_test,4,5,4.166666666666667,-1.0246385335922241,0.8589990965661247
UBFC_PHYS_s04_T3_test,4,6,4.2,-0.8702936768531799,0.7916566176099438
UBFC_PHYS_s04_T3_test,4,7,4.233333333333333,-0.7455626726150513,0.636435578807611
UBFC_PHYS_s04_T3_test,4,8,4.266666666666667,-0.6201494932174683,0.4178339448600718
UBFC_PHYS_s04_T3_test,4,9,4.3,-0.44839102029800415,0.17101069362437757
UBFC_PHYS_s04_T3_test,4,10,4.333333333333333,-0.22830899059772491,-0.0717273555008333
UBFC_PHYS_s04_T3_test,4,11,4.366666666666666,-0.014180912636220455,-0.29284888259480774
UBFC_PHYS_s04_T3_test,4,12,4.4,0.11588040739297867,-0.49349479159174464
UBFC_PHYS_s04_T3_test,4,13,4.433333333333334,0.18178319931030273,-0.6873219810099827
UBFC_PHYS_s04_T3_test,4,14,4.466666666666667,0.3206244111061096,-0.8872333003070279
UBFC_PHYS_s04_T3_test,4,15,4.5,0.5297729969024658,-1.0911345665581866
UBFC_PHYS_s04_T3_test,4,16,4.533333333333333,0.5720548629760742,-1.2732752174593225
UBFC_PHYS_s04_T3_test,4,17,4.566666666666666,0.3914482593536377,-1.3856672189580286
UBFC_PHYS_s04_T3_test,4,18,4.6,0.24550321698188782,-1.3705257692982833
UBFC_PHYS_s04_T3_test,4,19,4.633333333333334,0.28823333978652954,-1.180578471840915
UBFC_PHYS_s04_T3_test,4,20,4.666666666666667,0.32089725136756897,-0.8005205963599398
UBFC_PHYS_s04_T3_test,4,21,4.7,0.07135728001594543,-0.2612221762628115
UBFC_PHYS_s04_T3_test,4,22,4.733333333333333,-0.43831509351730347,0.3603081049128555
UBFC_PHYS_s04_T3_test,4,23,4.766666666666667,-0.8656064867973328,0.9573650520780627
UBFC_PHYS_s04_T3_test,4,24,4.8,-0.9527038335800171,1.4217223335834601
UBFC_PHYS_s04_T3_test,4,25,4.833333333333333,-0.8758870959281921,1.6736666044612385
UBFC_PHYS_s04_T3_test,4,26,4.866666666666666,-0.8957855701446533,1.6834227208069592
UBFC_PHYS_s04_T3_test,4,27,4.9,-0.8971887826919556,1.477117897821921
UBFC_PHYS_s04_T3_test,4,28,4.933333333333334,-0.6582996845245361,1.1259931061240054
UBFC_PHYS_s04_T3_test,4,29,4.966666666666667,-0.3694888949394226,0.7229607677859373
UBFC_PHYS_s04_T3_test,4,30,5.0,-0.4010322093963623,0.35430401795577016
UBFC_PHYS_s04_T3_test,4,31,5.033333333333333,-0.7040700912475586,0.07551776665079876
UBFC_PHYS_s04_T3_test,4,32,5.066666666666666,-0.9234505295753479,-0.10115688241825328
UBFC_PHYS_s04_T3_test,4,33,5.1,-1.0447319746017456,-0.20371843538224996
UBFC_PHYS_s04_T3_test,4,34,5.133333333333334,-1.39849054813385,-0.28323499530866403
UBFC_PHYS_s04_T3_test,4,35,5.166666666666667,-2.1322596073150635,-0.38861782769412895
UBFC_PHYS_s04_T3_test,4,36,5.2,-2.8608837127685547,-0.5422931452486018
UBFC_PHYS_s04_T3_test,4,37,5.233333333333333,-2.9553089141845703,-0.7259655606274664
UBFC_PHYS_s04_T3_test,4,38,5.266666666666667,-2.4268198013305664,-0.8830525473229902
UBFC_PHYS_s04_T3_test,4,39,5.3,-2.3250861167907715,-0.938765542042527
UBFC_PHYS_s04_T3_test,4,40,5.333333333333333,-3.148768663406372,-0.8314022970764376
UBFC_PHYS_s04_T3_test,4,41,5.366666666666666,-3.859755039215088,-0.5425568971176984
UBFC_PHYS_s04_T3_test,4,42,5.4,-3.475846529006958,-0.11297709560991656
UBFC_PHYS_s04_T3_test,4,43,5.433333333333334,-2.392411470413208,0.3643840080870952
UBFC_PHYS_s04_T3_test,4,44,5.466666666666667,-1.3483740091323853,0.7734438147291571
UBFC_PHYS_s04_T3_test,4,45,5.5,-0.5381388664245605,1.015312499653357
UBFC_PHYS_s04_T3_test,4,46,5.533333333333333,-0.0550108328461647,1.0424098727484823
UBFC_PHYS_s04_T3_test,4,47,5.566666666666666,0.10063983500003815,0.87118377459
UBFC_PHYS_s04_T3_test,4,48,5.6,0.21059802174568176,0.5696745596479468
UBFC_PHYS_s04_T3_test,4,49,5.633333333333334,0.513236403465271,0.22852320575842883
UBFC_PHYS_s04_T3_test,4,50,5.666666666666667,0.9717398285865784,-0.07099863810900456
UBFC_PHYS_s04_T3_test,4,51,5.7,1.4238312244415283,-0.28057362703315025
UBFC_PHYS_s04_T3_test,4,52,5.733333333333333,1.784664511680603,-0.39384745071659
UBFC_PHYS_s04_T3_test,4,53,5.766666666666667,2.0401973724365234,-0.4402441754540799
UBFC_PHYS_s04_T3_test,4,54,5.8,2.094426155090332,-0.467714640490676
UBFC_PHYS_s04_T3_test,4,55,5.833333333333333,1.8649795055389404,-0.5214076957400312
UBFC_PHYS_s04_T3_test,4,56,5.866666666666666,1.4648853540420532,-0.6256458217040027
UBFC_PHYS_s04_T3_test,4,57,5.9,1.0100263357162476,-0.7746182775284528
UBFC_PHYS_s04_T3_test,4,58,5.933333333333334,0.4424125552177429,-0.933724506207323
UBFC_PHYS_s04_T3_test,4,59,5.966666666666667,-0.1723359376192093,-1.0500155377657536
UBFC_PHYS_s04_T3_test,4,60,6.0,-0.4811328947544098,-1.0679642397281361
UBFC_PHYS_s04_T3_test,4,61,6.033333333333333,-0.2100963145494461,-0.9461258454716271
UBFC_PHYS_s04_T3_test,4,62,6.066666666666666,0.37158873677253723,-0.6706581036891528
UBFC_PHYS_s04_T3_test,4,63,6.1,0.7462202906608582,-0.26239922366552915
UBFC_PHYS_s04_T3_test,4,64,6.133333333333334,0.7686718702316284,0.22493961491992304
UBFC_PHYS_s04_T3_test,4,65,6.166666666666667,0.7533143758773804,0.7160505586232656
UBFC_PHYS_s04_T3_test,4,66,6.2,0.8778894543647766,1.13213957011792
UBFC_PHYS_s04_T3_test,4,67,6.233333333333333,0.9985179901123047,1.4102381483490547
UBFC_PHYS_s04_T3_test,4,68,6.266666666666667,1.0439960956573486,1.5172998636079853
UBFC_PHYS_s04_T3_test,4,69,6.3,1.0803630352020264,1.4547343103795076
UBFC_PHYS_s04_T3_test,4,70,6.333333333333333,1.1380316019058228,1.2530722287345988
UBFC_PHYS_s04_T3_test,4,71,6.366666666666666,1.255532145500183,0.9603884367808748
UBFC_PHYS_s04_T3_test,4,72,6.4,1.39287269115448,0.6298309429382676
UBFC_PHYS_s04_T3_test,4,73,6.433333333333334,1.3717268705368042,0.3101873318871229
UBFC_PHYS_s04_T3_test,4,74,6.466666666666667,1.1301383972167969,0.03999218704376411
UBFC_PHYS_s04_T3_test,4,75,6.5,0.8685930967330933,-0.15643199550158352
UBFC_PHYS_s04_T3_test,4,76,6.533333333333333,0.8165276646614075,-0.27150137211337455
UBFC_PHYS_s04_T3_test,4,77,6.566666666666666,0.8948158621788025,-0.31416039248863376
UBFC_PHYS_s04_T3_test,4,78,6.6,0.8185740113258362,-0.3060461467483324
UBFC_PHYS_s04_T3_test,4,79,6.633333333333334,0.49629050493240356,-0.2749376692456407
UBFC_PHYS_s04_T3_test,4,80,6.666666666666667,0.24829991161823273,-0.24747494047840504
UBFC_PHYS_s04_T3_test,4,81,6.7,0.4841097593307495,-0.24312494637677132
UBFC_PHYS_s04_T3_test,4,82,6.733333333333333,1.1854488849639893,-0.270811801904875
UBFC_PHYS_s04_T3_test,4,83,6.766666666666667,1.835365653038025,-0.32871974782844
UBFC_PHYS_s04_T3_test,4,84,6.8,1.9457720518112183,-0.4066953557080722
UBFC_PHYS_s04_T3_test,4,85,6.833333333333333,1.6093297004699707,-0.48991350442503506
UBFC_PHYS_s04_T3_test,4,86,6.866666666666666,1.2812774181365967,-0.5624404520884358
UBFC_PHYS_s04_T3_test,4,87,6.9,1.1877095699310303,-0.6099547473318366
UBFC_PHYS_s04_T3_test,4,88,6.933333333333334,1.1910812854766846,-0.6216856856368054
UBFC_PHYS_s04_T3_test,4,89,6.966666666666667,1.1772536039352417,-0.5919091484250101
UBFC_PHYS_s04_T3_test,4,90,7.0,1.1808104515075684,-0.5208693159919388
UBFC_PHYS_s04_T3_test,4,91,7.033333333333333,1.1659693717956543,-0.4144680797210621
UBFC_PHYS_s04_T3_test,4,92,7.066666666666666,1.0689617395401,-0.2822597017028033
UBFC_PHYS_s04_T3_test,4,93,7.1,0.942057728767395,-0.1341796749741705
UBFC_PHYS_s04_T3_test,4,94,7.133333333333334,0.8128441572189331,0.02258473539347762
UBFC_PHYS_s04_T3_test,4,95,7.166666666666667,0.5952080488204956,0.18484227044023535
UBFC_PHYS_s04_T3_test,4,96,7.2,0.27181366086006165,0.3517416595288535
UBFC_PHYS_s04_T3_test,4,97,7.233333333333333,-0.032900311052799225,0.520681422866377
UBFC_PHYS_s04_T3_test,4,98,7.266666666666667,-0.25507742166519165,0.682771816468735
UBFC_PHYS_s04_T3_test,4,99,7.3,-0.4901076853275299,0.8205303714760797
UBFC_PHYS_s04_T3_test,4,100,7.333333333333333,-0.8178579211235046,0.9098055667367677
UBFC_PHYS_s04_T3_test,4,101,7.366666666666666,-1.191622257232666,0.9259058287582167
UBFC_PHYS_s04_T3_test,4,102,7.4,-1.4577767848968506,0.851480411057813
UBFC_PHYS_s04_T3_test,4,103,7.433333333333334,-1.4528069496154785,0.682577861784548
UBFC_PHYS_s04_T3_test,4,104,7.466666666666667,-1.160975456237793,0.4304424672954449
UBFC_PHYS_s04_T3_test,4,105,7.5,-0.739998459815979,0.1188493908043419
UBFC_PHYS_s04_T3_test,4,106,7.533333333333333,-0.345682829618454,-0.2214843923912629
UBFC_PHYS_s04_T3_test,4,107,7.566666666666666,-0.010331791825592518,-0.5589595077977605
UBFC_PHYS_s04_T3_test,4,108,7.6,0.27929753065109253,-0.8649844732984222
UBFC_PHYS_s04_T3_test,4,109,7.633333333333334,0.5087928175926208,-1.1141229996486963
UBFC_PHYS_s04_T3_test,4,110,7.666666666666667,0.6547476053237915,-1.2813352369655593
UBFC_PHYS_s04_T3_test,4,111,7.7,0.7256689071655273,-1.339623397149419
UBFC_PHYS_s04_T3_test,4,112,7.733333333333333,0.751725971698761,-1.2621333731929245
UBFC_PHYS_s04_T3_test,4,113,7.766666666666667,0.7563936710357666,-1.0305973497226353
UBFC_PHYS_s04_T3_test,4,114,7.8,0.7608664035797119,-0.6475558454620729
UBFC_PHYS_s04_T3_test,4,115,7.833333333333333,0.766567051410675,-0.14604671761471616
UBFC_PHYS_s04_T3_test,4,116,7.866666666666666,0.7398667931556702,0.40975925926567264
UBFC_PHYS_s04_T3_test,4,117,7.9,0.6606236100196838,0.9359349690780031
UBFC_PHYS_s04_T3_test,4,118,7.933333333333334,0.5493693947792053,1.3495841078727406
UBFC_PHYS_s04_T3_test,4,119,7.966666666666667,0.41955170035362244,1.591382387304109
UBFC_PHYS_s04_T3_test,4,120,8.0,0.25936004519462585,1.640326410122663
UBFC_PHYS_s04_T3_test,4,121,8.033333333333333,0.0725850984454155,1.5145080340158918
UBFC_PHYS_s04_T3_test,4,122,8.066666666666666,-0.1113736554980278,1.2592520230151198
UBFC_PHYS_s04_T3_test,4,123,8.1,-0.28666946291923523,0.9298306869031031
UBFC_PHYS_s04_T3_test,4,124,8.133333333333333,-0.5020253658294678,0.5758743007910452
UBFC_PHYS_s04_T3_test,4,125,8.166666666666666,-0.8074799180030823,0.23124536936129717
UBFC_PHYS_s04_T3_test,4,126,8.2,-1.13936185836792,-0.0891849231152411
UBFC_PHYS_s04_T3_test,4,127,8.233333333333333,-1.334643840789795,-0.3858278178854771
UBFC_PHYS_s04_T3_test,4,128,8.266666666666667,-1.310038685798645,-0.665683007424744
UBFC_PHYS_s04_T3_test,4,129,8.3,-1.1453255414962769,-0.9324009865366276
UBFC_PHYS_s04_T3_test,4,130,8.333333333333334,-0.9497025012969971,-1.1790204798021136
UBFC_PHYS_s04_T3_test,4,131,8.366666666666667,-0.7698267102241516,-1.3856997436115357
UBFC_PHYS_s04_T3_test,4,132,8.4,-0.6079785227775574,-1.5223893424311192
UBFC_PHYS_s04_T3_test,4,133,8.433333333333334,-0.45691755414009094,-1.554901840279646
UBFC_PHYS_s04_T3_test,4,134,8.466666666666667,-0.32350409030914307,-1.4529890591309456
UBFC_PHYS_s04_T3_test,4,135,8.5,-0.20794275403022766,-1.1995775515865041
UBFC_PHYS_s04_T3_test,4,136,8.533333333333333,-0.07791066914796829,-0.7997729811173966
UBFC_PHYS_s04_T3_test,4,137,8.566666666666666,0.08349906653165817,-0.28684594362789584
UBFC_PHYS_s04_T3_test,4,138,8.6,0.24690644443035126,0.27843811532444585
UBFC_PHYS_s04_T3_test,4,139,8.633333333333333,0.37157899141311646,0.8175421994867613
UBFC_PHYS_s04_T3_test,4,140,8.666666666666666,0.42648011445999146,1.251685298269406
UBFC_PHYS_s04_T3_test,4,141,8.7,0.4003840684890747,1.5217243931356594
UBFC_PHYS_s04_T3_test,4,142,8.733333333333333,0.32257333397865295,1.602843218797071
UBFC_PHYS_s04_T3_test,4,143,8.766666666666667,0.22377273440361023,1.508227219886054
UBFC_PHYS_s04_T3_test,4,144,8.8,0.07907500863075256,1.2809398114953532
UBFC_PHYS_s04_T3_test,4,145,8.833333333333334,-0.13812261819839478,0.9782554598726768
UBFC_PHYS_s04_T3_test,4,146,8.866666666666667,-0.38935816287994385,0.6547257075296551
UBFC_PHYS_s04_T3_test,4,147,8.9,-0.6223615407943726,0.34942323688295923
UBFC_PHYS_s04_T3_test,4,148,8.933333333333334,-0.8536303639411926,0.08068882610533064
UBFC_PHYS_s04_T3_test,4,149,8.966666666666667,-1.1440880298614502,-0.15096001333748776
UBFC_PHYS_s04_T3_test,4,150,9.0,-1.4711365699768066,-0.35390036547395126
UBFC_PHYS_s04_T3_test,4,151,9.033333333333333,-1.6373310089111328,-0.5347152588093059
UBFC_PHYS_s04_T3_test,4,152,9.066666666666666,-1.4634675979614258,-0.6905574737063486
UBFC_PHYS_s04_T3_test,4,153,9.1,-1.0234496593475342,-0.807865613994236
UBFC_PHYS_s04_T3_test,4,154,9.133333333333333,-0.5535938143730164,-0.8676150844236212
UBFC_PHYS_s04_T3_test,4,155,9.166666666666666,-0.17987826466560364,-0.8542859541317601
UBFC_PHYS_s04_T3_test,4,156,9.2,0.11322012543678284,-0.7644359154803855
UBFC_PHYS_s04_T3_test,4,157,9.233333333333333,0.33895403146743774,-0.6113066606194011
UBFC_PHYS_s04_T3_test,4,158,9.266666666666667,0.4938056468963623,-0.4235390436993315
UBFC_PHYS_s04_T3_test,4,159,9.3,0.608587384223938,-0.2380996249848088
UBFC_PHYS_s04_T3_test,4,160,9.333333333333334,0.7068325877189636,-0.08942800363636721
UBFC_PHYS_s04_T3_test,4,161,9.366666666666667,0.7808429002761841,0.0016156456985584092
UBFC_PHYS_s04_T3_test,4,162,9.4,0.8264378905296326,0.034645503774753526
UBFC_PHYS_s04_T3_test,4,163,9.433333333333334,0.83769291639328,0.02919003134374311
UBFC_PHYS_s04_T3_test,4,164,9.466666666666667,0.7954598069190979,0.01652180147542285
UBFC_PHYS_s04_T3_test,4,165,9.5,0.7038604617118835,0.027213900056023685
UBFC_PHYS_s04_T3_test,4,166,9.533333333333333,0.592216432094574,0.079527972929342
UBFC_PHYS_s04_T3_test,4,167,9.566666666666666,0.46545857191085815,0.1731538379309335
UBFC_PHYS_s04_T3_test,4,168,9.6,0.30668962001800537,0.2904196967380975
UBFC_PHYS_s04_T3_test,4,169,9.633333333333333,0.12939618527889252,0.40395490842309667
UBFC_PHYS_s04_T3_test,4,170,9.666666666666666,-0.03200380504131317,0.4872039571279705
UBFC_PHYS_s04_T3_test,4,171,9.7,-0.18543270230293274,0.5233046793587952
UBFC_PHYS_s04_T3_test,4,172,9.733333333333333,-0.3880816102027893,0.509075030434375
UBFC_PHYS_s04_T3_test,4,173,9.766666666666667,-0.6619149446487427,0.4535080056706658
UBFC_PHYS_s04_T3_test,4,174,9.8,-0.8871323466300964,0.3728104565677586
UBFC_PHYS_s04_T3_test,4,175,9.833333333333334,-0.8745715618133545,0.2850406347172157
UBFC_PHYS_s04_T3_test,4,176,9.866666666666667,-0.5808300375938416,0.20627832145476052
UBFC_PHYS_s04_T3_test,4,177,9.9,-0.17821194231510162,0.14838699038168035
UBFC_PHYS_s04_T3_test,4,178,9.933333333333334,0.1482519954442978,0.11751218052870643
UBFC_PHYS_s04_T3_test,4,179,9.966666666666667,0.3719395399093628,0.11287323466058716
UBFC_PHYS_s04_T3_test,4,180,10.0,0.5372276306152344,0.126392467353581
UBFC_PHYS_s04_T3_test,4,181,10.033333333333333,0.6380063891410828,0.1440648978139684
UBFC_PHYS_s04_T3_test,4,182,10.066666666666666,0.6673474311828613,0.14912389194389664
UBFC_PHYS_s04_T3_test,4,183,10.1,0.6574371457099915,0.1258548382803975
UBFC_PHYS_s04_T3_test,4,184,10.133333333333333,0.6288561820983887,0.06252745332736082
UBFC_PHYS_s04_T3_test,4,185,10.166666666666666,0.5794705152511597,-0.04738060655645425
UBFC_PHYS_s04_T3_test,4,186,10.2,0.5218798518180847,-0.2052169526054229
UBFC_PHYS_s04_T3_test,4,187,10.233333333333333,0.46887892484664917,-0.4069766747228741
UBFC_PHYS_s04_T3_test,4,188,10.266666666666667,0.39327049255371094,-0.6414918934490776
UBFC_PHYS_s04_T3_test,4,189,10.3,0.25564736127853394,-0.8870510959648276
UBFC_PHYS_s04_T3_test,4,190,10.333333333333334,0.06480889767408371,-1.1087909608102022
UBFC_PHYS_s04_T3_test,4,191,10.366666666666667,-0.12550334632396698,-1.2604111894677088
UBFC_PHYS_s04_T3_test,4,192,10.4,-0.2840968668460846,-1.2925039044105255
UBFC_PHYS_s04_T3_test,4,193,10.433333333333334,-0.45128515362739563,-1.1667135525326244
UBFC_PHYS_s04_T3_test,4,194,10.466666666666667,-0.6791141629219055,-0.8716855541987254
UBFC_PHYS_s04_T3_test,4,195,10.5,-0.9231484532356262,-0.4345547673879515
UBFC_PHYS_s04_T3_test,4,196,10.533333333333333,-1.0215104818344116,0.07839977431881259
UBFC_PHYS_s04_T3_test,4,197,10.566666666666666,-0.8575282096862793,0.5753392696313449
UBFC_PHYS_s04_T3_test,4,198,10.6,-0.49607139825820923,0.9642352352855591
UBFC_PHYS_s04_T3_test,4,199,10.633333333333333,-0.11732761561870575,1.1811319133980298
UBFC_PHYS_s04_T3_test,4,200,10.666666666666666,0.1671760380268097,1.209061802052655
UBFC_PHYS_s04_T3_test,4,201,10.7,0.35779035091400146,1.0787428430277632
UBFC_PHYS_s04_T3_test,4,202,10.733333333333333,0.4723772406578064,0.8518192096860775
UBFC_PHYS_s04_T3_test,4,203,10.766666666666667,0.5172122120857239,0.5961849289718179
UBFC_PHYS_s04_T3_test,4,204,10.8,0.5288375020027161,0.3644667318451833
UBFC_PHYS_s04_T3_test,4,205,10.833333333333334,0.5427333116531372,0.18250492537769425
UBFC_PHYS_s04_T3_test,4,206,10.866666666666667,0.5408428907394409,0.04940184222821817
UBFC_PHYS_s04_T3_test,4,207,10.9,0.48618534207344055,-0.05323400769743731
UBFC_PHYS_s04_T3_test,4,208,10.933333333333334,0.39414751529693604,-0.1474335009663845
UBFC_PHYS_s04_T3_test,4,209,10.966666666666667,0.30335697531700134,-0.24569653763969998
UBFC_PHYS_s04_T3_test,4,210,11.0,0.19694581627845764,-0.3432524238056798
UBFC_PHYS_s04_T3_test,4,211,11.033333333333333,0.035760216414928436,-0.41853026668936466
UBFC_PHYS_s04_T3_test,4,212,11.066666666666666,-0.14585009217262268,-0.4414522201917294
UBFC_PHYS_s04_T3_test,4,213,11.1,-0.2855585813522339,-0.38616184598947123
UBFC_PHYS_s04_T3_test,4,214,11.133333333333333,-0.39379197359085083,-0.24330037162704915
UBFC_PHYS_s04_T3_test,4,215,11.166666666666666,-0.5549483299255371,-0.02707411851483765
UBFC_PHYS_s04_T3_test,4,216,11.2,-0.8099842667579651,0.22614125366792262
UBFC_PHYS_s04_T3_test,4,217,11.233333333333333,-1.0488344430923462,0.46785161340495834
UBFC_PHYS_s04_T3_test,4,218,11.266666666666667,-1.0691616535186768,0.6523600572323948
UBFC_PHYS_s04_T3_test,4,219,11.3,-0.802091121673584,0.7503354506129153
UBFC_PHYS_s04_T3_test,4,220,11.333333333333334,-0.3964035212993622,0.7557880795958709
UBFC_PHYS_s04_T3_test,4,221,11.366666666666667,-0.03141912817955017,0.6844097314572684
UBFC_PHYS_s04_T3_test,4,222,11.4,0.233137309551239,0.5645400438433644
UBFC_PHYS_s04_T3_test,4,223,11.433333333333334,0.416813462972641,0.42456789447747045
UBFC_PHYS_s04_T3_test,4,224,11.466666666666667,0.5273563265800476,0.28200401827809324
UBFC_PHYS_s04_T3_test,4,225,11.5,0.5749392509460449,0.1389449925940239
UBFC_PHYS_s04_T3_test,4,226,11.533333333333333,0.6051183342933655,-0.014154278438488484
UBFC_PHYS_s04_T3_test,4,227,11.566666666666666,0.635638415813446,-0.18852252248904774
UBFC_PHYS_s04_T3_test,4,228,11.6,0.6128847599029541,-0.3863340153856826
UBFC_PHYS_s04_T3_test,4,229,11.633333333333333,0.5143960118293762,-0.5949945439772054
UBFC_PHYS_s04_T3_test,4,230,11.666666666666666,0.4081115424633026,-0.7891993297405885
UBFC_PHYS_s04_T3_test,4,231,11.7,0.33452022075653076,-0.9391698444091471
UBFC_PHYS_s04_T3_test,4,232,11.733333333333333,0.23517392575740814,-1.0206725524656612
UBFC_PHYS_s04_T3_test,4,233,11.766666666666667,0.0692427009344101,-1.0223404451934621
UBFC_PHYS_s04_T3_test,4,234,11.8,-0.1082846149802208,-0.9479092839930925
UBFC_PHYS_s04_T3_test,4,235,11.833333333333334,-0.24999074637889862,-0.8134850839274197
UBFC_PHYS_s04_T3_test,4,236,11.866666666666667,-0.38400837779045105,-0.6414319910296682
UBFC_PHYS_s04_T3_test,4,237,11.9,-0.5645662546157837,-0.4530833626644468
UBFC_PHYS_s04_T3_test,4,238,11.933333333333334,-0.8027635216712952,-0.2628379723889414
UBFC_PHYS_s04_T3_test,4,239,11.966666666666667,-1.0037851333618164,-0.07602352548389499
UBFC_PHYS_s04_T3_test,5,0,5.0,-0.4010322093963623,0.10947139972117338
UBFC_PHYS_s04_T3_test,5,1,5.033333333333333,-0.7040700912475586,0.23154035186166846
UBFC_PHYS_s04_T3_test,5,2,5.066666666666666,-0.9234505295753479,0.33796411958067646
UBFC_PHYS_s04_T3_test,5,3,5.1,-1.0447319746017456,0.4099374984530091
UBFC_PHYS_s04_T3_test,5,4,5.133333333333334,-1.39849054813385,0.4235194509901191
UBFC_PHYS_s04_T3_test,5,5,5.166666666666667,-2.1322596073150635,0.35883128565915184
UBFC_PHYS_s04_T3_test,5,6,5.2,-2.8608837127685547,0.2143942076848193
UBFC_PHYS_s04_T3_test,5,7,5.233333333333333,-2.9553089141845703,0.01827725414410218
UBFC_PHYS_s04_T3_test,5,8,5.266666666666667,-2.4268198013305664,-0.1722909096662298
UBFC_PHYS_s04_T3_test,5,9,5.3,-2.3250861167907715,-0.28622310727297434
UBFC_PHYS_s04_T3_test,5,10,5.333333333333333,-3.148768663406372,-0.2647738611895195
UBFC_PHYS_s04_T3_test,5,11,5.366666666666666,-3.859755039215088,-0.0885156075354566
UBFC_PHYS_s04_T3_test,5,12,5.4,-3.475846529006958,0.20689307718013714
UBFC_PHYS_s04_T3_test,5,13,5.433333333333334,-2.392411470413208,0.5351462633656622
UBFC_PHYS_s04_T3_test,5,14,5.466666666666667,-1.3483740091323853,0.7859032661127269
UBFC_PHYS_s04_T3_test,5,15,5.5,-0.5381388664245605,0.8654995476715462
UBFC_PHYS_s04_T3_test,5,16,5.533333333333333,-0.0550108328461647,0.7343853647655623
UBFC_PHYS_s04_T3_test,5,17,5.566666666666666,0.10063983500003815,0.4232073586935689
UBFC_PHYS_s04_T3_test,5,18,5.6,0.21059802174568176,0.020529231233836386
UBFC_PHYS_s04_T3_test,5,19,5.633333333333334,0.513236403465271,-0.36055523944144835
UBFC_PHYS_s04_T3_test,5,20,5.666666666666667,0.9717398285865784,-0.6223048627679475
UBFC_PHYS_s04_T3_test,5,21,5.7,1.4238312244415283,-0.7143780962773109
UBFC_PHYS_s04_T3_test,5,22,5.733333333333333,1.784664511680603,-0.6479284514685643
UBFC_PHYS_s04_T3_test,5,23,5.766666666666667,2.0401973724365234,-0.4880184769600999
UBFC_PHYS_s04_T3_test,5,24,5.8,2.094426155090332,-0.32801129617744246
UBFC_PHYS_s04_T3_test,5,25,5.833333333333333,1.8649795055389404,-0.2554801190370941
UBFC_PHYS_s04_T3_test,5,26,5.866666666666666,1.4648853540420532,-0.3213219614214272
UBFC_PHYS_s04_T3_test,5,27,5.9,1.0100263357162476,-0.5218712654646646
UBFC_PHYS_s04_T3_test,5,28,5.933333333333334,0.4424125552177429,-0.7990183791384896
UBFC_PHYS_s04_T3_test,5,29,5.966666666666667,-0.1723359376192093,-1.0574411616616752
UBFC_PHYS_s04_T3_test,5,30,6.0,-0.4811328947544098,-1.1930120552087544
UBFC_PHYS_s04_T3_test,5,31,6.033333333333333,-0.2100963145494461,-1.1239248411848886
UBFC_PHYS_s04_T3_test,5,32,6.066666666666666,0.37158873677253723,-0.8164050028283384
UBFC_PHYS_s04_T3_test,5,33,6.1,0.7462202906608582,-0.29831551188715416
UBFC_PHYS_s04_T3_test,5,34,6.133333333333334,0.7686718702316284,0.34435081424217256
UBFC_PHYS_s04_T3_test,5,35,6.166666666666667,0.7533143758773804,0.9890316191358799
UBFC_PHYS_s04_T3_test,5,36,6.2,0.8778894543647766,1.5099755406828155
UBFC_PHYS_s04_T3_test,5,37,6.233333333333333,0.9985179901123047,1.8116789090802405
UBFC_PHYS_s04_T3_test,5,38,6.266666666666667,1.0439960956573486,1.8512612244973292
UBFC_PHYS_s04_T3_test,5,39,6.3,1.0803630352020264,1.644070797168841
UBFC_PHYS_s04_T3_test,5,40,6.333333333333333,1.1380316019058228,1.2530647399280377
UBFC_PHYS_s04_T3_test,5,41,6.366666666666666,1.255532145500183,0.7674163941029617
UBFC_PHYS_s04_T3_test,5,42,6.4,1.39287269115448,0.2783790277906447
UBFC_PHYS_s04_T3_test,5,43,6.433333333333334,1.3717268705368042,-0.14014163761888673
UBFC_PHYS_s04_T3_test,5,44,6.466666666666667,1.1301383972167969,-0.4422509380601046
UBFC_PHYS_s04_T3_test,5,45,6.5,0.8685930967330933,-0.6119134872003112
UBFC_PHYS_s04_T3_test,5,46,6.533333333333333,0.8165276646614075,-0.6583971682372409
UBFC_PHYS_s04_T3_test,5,47,6.566666666666666,0.8948158621788025,-0.6083938520246448
UBFC_PHYS_s04_T3_test,5,48,6.6,0.8185740113258362,-0.4974978122260651
UBFC_PHYS_s04_T3_test,5,49,6.633333333333334,0.49629050493240356,-0.36270314590359504
UBFC_PHYS_s04_T3_test,5,50,6.666666666666667,0.24829991161823273,-0.2363725968808975
UBFC_PHYS_s04_T3_test,5,51,6.7,0.4841097593307495,-0.14148270875641733
UBFC_PHYS_s04_T3_test,5,52,6.733333333333333,1.1854488849639893,-0.08827335549316351
UBFC_PHYS_s04_T3_test,5,53,6.766666666666667,1.835365653038025,-0.07325695235717634
UBFC_PHYS_s04_T3_test,5,54,6.8,1.9457720518112183,-0.08185808985043111
UBFC_PHYS_s04_T3_test,5,55,6.833333333333333,1.6093297004699707,-0.09476062634543307
UBFC_PHYS_s04_T3_test,5,56,6.866666666666666,1.2812774181365967,-0.09566516544964968
UBFC_PHYS_s04_T3_test,5,57,6.9,1.1877095699310303,-0.07702594494083957
UBFC_PHYS_s04_T3_test,5,58,6.933333333333334,1.1910812854766846,-0.041962697151475804
UBFC_PHYS_s04_T3_test,5,59,6.966666666666667,1.1772536039352417,-0.0028954967782526325
UBFC_PHYS_s04_T3_test,5,60,7.0,1.1808104515075684,0.021924434163406236
UBFC_PHYS_s04_T3_test,5,61,7.033333333333333,1.1659693717956543,0.013516036617422662
UBFC_PHYS_s04_T3_test,5,62,7.066666666666666,1.0689617395401,-0.04122707666130274
UBFC_PHYS_s04_T3_test,5,63,7.1,0.942057728767395,-0.14242918316841116
UBFC_PHYS_s04_T3_test,5,64,7.133333333333334,0.8128441572189331,-0.27224125484054046
UBFC_PHYS_s04_T3_test,5,65,7.166666666666667,0.5952080488204956,-0.3952445181640377
UBFC_PHYS_s04_T3_test,5,66,7.2,0.27181366086006165,-0.4659764666079742
UBFC_PHYS_s04_T3_test,5,67,7.233333333333333,-0.032900311052799225,-0.44231817894130504
UBFC_PHYS_s04_T3_test,5,68,7.266666666666667,-0.25507742166519165,-0.30074539163084857
UBFC_PHYS_s04_T3_test,5,69,7.3,-0.4901076853275299,-0.048134166807959004
UBFC_PHYS_s04_T3_test,5,70,7.333333333333333,-0.8178579211235046,0.2746233752738309
UBFC_PHYS_s04_T3_test,5,71,7.366666666666666,-1.191622257232666,0.599754391661636
UBFC_PHYS_s04_T3_test,5,72,7.4,-1.4577767848968506,0.8497425780678483
UBFC_PHYS_s04_T3_test,5,73,7.433333333333334,-1.4528069496154785,0.95959830691798
UBFC_PHYS_s04_T3_test,5,74,7.466666666666667,-1.160975456237793,0.8958984323320861
UBFC_PHYS_s04_T3_test,5,75,7.5,-0.739998459815979,0.6646957301016835
UBFC_PHYS_s04_T3_test,5,76,7.533333333333333,-0.345682829618454,0.30607743856474645
UBFC_PHYS_s04_T3_test,5,77,7.566666666666666,-0.010331791825592518,-0.12008476511282815
UBFC_PHYS_s04_T3_test,5,78,7.6,0.27929753065109253,-0.5496776751116442
UBFC_PHYS_s04_T3_test,5,79,7.633333333333334,0.5087928175926208,-0.925175184216621
UBFC_PHYS_s04_T3_test,5,80,7.666666666666667,0.6547476053237915,-1.1997453478286513
UBFC_PHYS_s04_T3_test,5,81,7.7,0.7256689071655273,-1.3368696510654667
UBFC_PHYS_s04_T3_test,5,82,7.733333333333333,0.751725971698761,-1.3101502543874541
UBFC_PHYS_s04_T3_test,5,83,7.766666666666667,0.7563936710357666,-1.107115158211336
UBFC_PHYS_s04_T3_test,5,84,7.8,0.7608664035797119,-0.7369095502421064
UBFC_PHYS_s04_T3_test,5,85,7.833333333333333,0.766567051410675,-0.23745206332041385
UBFC_PHYS_s04_T3_test,5,86,7.866666666666666,0.7398667931556702,0.3240272301286758
UBFC_PHYS_s04_T3_test,5,87,7.9,0.6606236100196838,0.8609668411836824
UBFC_PHYS_s04_T3_test,5,88,7.933333333333334,0.5493693947792053,1.2867888890021808
UBFC_PHYS_s04_T3_test,5,89,7.966666666666667,0.41955170035362244,1.537065970796007
UBFC_PHYS_s04_T3_test,5,90,8.0,0.25936004519462585,1.585622275889316
UBFC_PHYS_s04_T3_test,5,91,8.033333333333333,0.0725850984454155,1.448032871304042
UBFC_PHYS_s04_T3_test,5,92,8.066666666666666,-0.1113736554980278,1.1722581026151033
UBFC_PHYS_s04_T3_test,5,93,8.1,-0.28666946291923523,0.8217572592770584
UBFC_PHYS_s04_T3_test,5,94,8.133333333333333,-0.5020253658294678,0.45771828241319695
UBFC_PHYS_s04_T3_test,5,95,8.166666666666666,-0.8074799180030823,0.12540436298126406
UBFC_PHYS_s04_T3_test,5,96,8.2,-1.13936185836792,-0.15224199110727613
UBFC_PHYS_s04_T3_test,5,97,8.233333333333333,-1.334643840789795,-0.37274023215409746
UBFC_PHYS_s04_T3_test,5,98,8.266666666666667,-1.310038685798645,-0.5459599098111023
UBFC_PHYS_s04_T3_test,5,99,8.3,-1.1453255414962769,-0.6841286289417314
UBFC_PHYS_s04_T3_test,5,100,8.333333333333334,-0.9497025012969971,-0.7943573681424311
UBFC_PHYS_s04_T3_test,5,101,8.366666666666667,-0.7698267102241516,-0.8758180944156402
UBFC_PHYS_s04_T3_test,5,102,8.4,-0.6079785227775574,-0.9207391633451552
UBFC_PHYS_s04_T3_test,5,103,8.433333333333334,-0.45691755414009094,-0.9170004340531455
UBFC_PHYS_s04_T3_test,5,104,8.466666666666667,-0.32350409030914307,-0.8512151016871198
UBFC_PHYS_s04_T3_test,5,105,8.5,-0.20794275403022766,-0.7127602444201493
UBFC_PHYS_s04_T3_test,5,106,8.533333333333333,-0.07791066914796829,-0.4990574153345221
UBFC_PHYS_s04_T3_test,5,107,8.566666666666666,0.08349906653165817,-0.22089582381300313
UBFC_PHYS_s04_T3_test,5,108,8.6,0.24690644443035126,0.09462661248002294
UBFC_PHYS_s04_T3_test,5,109,8.633333333333333,0.37157899141311646,0.4058687423463044
UBFC_PHYS_s04_T3_test,5,110,8.666666666666666,0.42648011445999146,0.6639046785313308
UBFC_PHYS_s04_T3_test,5,111,8.7,0.4003840684890747,0.8238318186419872
UBFC_PHYS_s04_T3_test,5,112,8.733333333333333,0.32257333397865295,0.856825597188032
UBFC_PHYS_s04_T3_test,5,113,8.766666666666667,0.22377273440361023,0.758887150147627
UBFC_PHYS_s04_T3_test,5,114,8.8,0.07907500863075256,0.5529361947724052
UBFC_PHYS_s04_T3_test,5,115,8.833333333333334,-0.13812261819839478,0.2830361374588068
UBFC_PHYS_s04_T3_test,5,116,8.866666666666667,-0.38935816287994385,0.002478358277854225
UBFC_PHYS_s04_T3_test,5,117,8.9,-0.6223615407943726,-0.24008605150259127
UBFC_PHYS_s04_T3_test,5,118,8.933333333333334,-0.8536303639411926,-0.411552068622844
UBFC_PHYS_s04_T3_test,5,119,8.966666666666667,-1.1440880298614502,-0.4988931481205715
UBFC_PHYS_s04_T3_test,5,120,9.0,-1.4711365699768066,-0.5069973202450506
UBFC_PHYS_s04_T3_test,5,121,9.033333333333333,-1.6373310089111328,-0.45233311374163626
UBFC_PHYS_s04_T3_test,5,122,9.066666666666666,-1.4634675979614258,-0.3559555662240427
UBFC_PHYS_s04_T3_test,5,123,9.1,-1.0234496593475342,-0.2383417138793155
UBFC_PHYS_s04_T3_test,5,124,9.133333333333333,-0.5535938143730164,-0.11658680461677501
UBFC_PHYS_s04_T3_test,5,125,9.166666666666666,-0.17987826466560364,-0.003176645098317845
UBFC_PHYS_s04_T3_test,5,126,9.2,0.11322012543678284,0.09433822847432062
UBFC_PHYS_s04_T3_test,5,127,9.233333333333333,0.33895403146743774,0.172864678991602
UBFC_PHYS_s04_T3_test,5,128,9.266666666666667,0.4938056468963623,0.23263705564152545
UBFC_PHYS_s04_T3_test,5,129,9.3,0.608587384223938,0.2758708837658497
UBFC_PHYS_s04_T3_test,5,130,9.333333333333334,0.7068325877189636,0.305452620189526
UBFC_PHYS_s04_T3_test,5,131,9.366666666666667,0.7808429002761841,0.3236031009818985
UBFC_PHYS_s04_T3_test,5,132,9.4,0.8264378905296326,0.3305749055301517
UBFC_PHYS_s04_T3_test,5,133,9.433333333333334,0.83769291639328,0.3238982266256575
UBFC_PHYS_s04_T3_test,5,134,9.466666666666667,0.7954598069190979,0.29893241396535797
UBFC_PHYS_s04_T3_test,5,135,9.5,0.7038604617118835,0.25096529488569475
UBFC_PHYS_s04_T3_test,5,136,9.533333333333333,0.592216432094574,0.1779485452673184
UBFC_PHYS_s04_T3_test,5,137,9.566666666666666,0.46545857191085815,0.08234450929075349
UBFC_PHYS_s04_T3_test,5,138,9.6,0.30668962001800537,-0.02874557098815304
UBFC_PHYS_s04_T3_test,5,139,9.633333333333333,0.12939618527889252,-0.14496181642890674
UBFC_PHYS_s04_T3_test,5,140,9.666666666666666,-0.03200380504131317,-0.2550166100948249
UBFC_PHYS_s04_T3_test,5,141,9.7,-0.18543270230293274,-0.3492240704767549
UBFC_PHYS_s04_T3_test,5,142,9.733333333333333,-0.3880816102027893,-0.4209067310714777
UBFC_PHYS_s04_T3_test,5,143,9.766666666666667,-0.6619149446487427,-0.4654585412875008
UBFC_PHYS_s04_T3_test,5,144,9.8,-0.8871323466300964,-0.47741363455058355
UBFC_PHYS_s04_T3_test,5,145,9.833333333333334,-0.8745715618133545,-0.4477020378939407
UBFC_PHYS_s04_T3_test,5,146,9.866666666666667,-0.5808300375938416,-0.36373276116602465
UBFC_PHYS_s04_T3_test,5,147,9.9,-0.17821194231510162,-0.21375523954472286
UBFC_PHYS_s04_T3_test,5,148,9.933333333333334,0.1482519954442978,0.005242098236947213
UBFC_PHYS_s04_T3_test,5,149,9.966666666666667,0.3719395399093628,0.27920719482002426
UBFC_PHYS_s04_T3_test,5,150,10.0,0.5372276306152344,0.572839289645889
UBFC_PHYS_s04_T3_test,5,151,10.033333333333333,0.6380063891410828,0.8333269695953222
UBFC_PHYS_s04_T3_test,5,152,10.066666666666666,0.6673474311828613,1.0024165925613195
UBFC_PHYS_s04_T3_test,5,153,10.1,0.6574371457099915,1.0327867072603847
UBFC_PHYS_s04_T3_test,5,154,10.133333333333333,0.6288561820983887,0.9018035542386778
UBFC_PHYS_s04_T3_test,5,155,10.166666666666666,0.5794705152511597,0.6167017408536712
UBFC_PHYS_s04_T3_test,5,156,10.2,0.5218798518180847,0.21011191887164207
UBFC_PHYS_s04_T3_test,5,157,10.233333333333333,0.46887892484664917,-0.269881420492293
UBFC_PHYS_s04_T3_test,5,158,10.266666666666667,0.39327049255371094,-0.7691067613083058
UBFC_PHYS_s04_T3_test,5,159,10.3,0.25564736127853394,-1.2322315067793346
UBFC_PHYS_s04_T3_test,5,160,10.333333333333334,0.06480889767408371,-1.6036746125289698
UBFC_PHYS_s04_T3_test,5,161,10.366666666666667,-0.12550334632396698,-1.8283267277849045
UBFC_PHYS_s04_T3_test,5,162,10.4,-0.2840968668460846,-1.8562198445964508
UBFC_PHYS_s04_T3_test,5,163,10.433333333333334,-0.45128515362739563,-1.652777602216076
UBFC_PHYS_s04_T3_test,5,164,10.466666666666667,-0.6791141629219055,-1.2125769856924793
UBFC_PHYS_s04_T3_test,5,165,10.5,-0.9231484532356262,-0.5712611839983064
UBFC_PHYS_s04_T3_test,5,166,10.533333333333333,-1.0215104818344116,0.1911592194245616
UBFC_PHYS_s04_T3_test,5,167,10.566666666666666,-0.8575282096862793,0.9606019774144823
UBFC_PHYS_s04_T3_test,5,168,10.6,-0.49607139825820923,1.6127292375246631
UBFC_PHYS_s04_T3_test,5,169,10.633333333333333,-0.11732761561870575,2.0436741356568957
UBFC_PHYS_s04_T3_test,5,170,10.666666666666666,0.1671760380268097,2.196368322837272
UBFC_PHYS_s04_T3_test,5,171,10.7,0.35779035091400146,2.0720222348121684
UBFC_PHYS_s04_T3_test,5,172,10.733333333333333,0.4723772406578064,1.723332391777668
UBFC_PHYS_s04_T3_test,5,173,10.766666666666667,0.5172122120857239,1.2341232295242073
UBFC_PHYS_s04_T3_test,5,174,10.8,0.5288375020027161,0.694080430589515
UBFC_PHYS_s04_T3_test,5,175,10.833333333333334,0.5427333116531372,0.17686314357483737
UBFC_PHYS_s04_T3_test,5,176,10.866666666666667,0.5408428907394409,-0.27254973927830567
UBFC_PHYS_s04_T3_test,5,177,10.9,0.48618534207344055,-0.6388195291638414
UBFC_PHYS_s04_T3_test,5,178,10.933333333333334,0.39414751529693604,-0.9269155850089539
UBFC_PHYS_s04_T3_test,5,179,10.966666666666667,0.30335697531700134,-1.1473208547185618
UBFC_PHYS_s04_T3_test,5,180,11.0,0.19694581627845764,-1.3024410901741554
UBFC_PHYS_s04_T3_test,5,181,11.033333333333333,0.035760216414928436,-1.3800391358106252
UBFC_PHYS_s04_T3_test,5,182,11.066666666666666,-0.14585009217262268,-1.356075187395073
UBFC_PHYS_s04_T3_test,5,183,11.1,-0.2855585813522339,-1.205344565827093
UBFC_PHYS_s04_T3_test,5,184,11.133333333333333,-0.39379197359085083,-0.9157530977868106
UBFC_PHYS_s04_T3_test,5,185,11.166666666666666,-0.5549483299255371,-0.5009604726118413
UBFC_PHYS_s04_T3_test,5,186,11.2,-0.8099842667579651,-0.0060192773704507395
UBFC_PHYS_s04_T3_test,5,187,11.233333333333333,-1.0488344430923462,0.4977227484971169
UBFC_PHYS_s04_T3_test,5,188,11.266666666666667,-1.0691616535186768,0.9283643036211462
UBFC_PHYS_s04_T3_test,5,189,11.3,-0.802091121673584,1.215093580628871
UBFC_PHYS_s04_T3_test,5,190,11.333333333333334,-0.3964035212993622,1.3178171436767232
UBFC_PHYS_s04_T3_test,5,191,11.366666666666667,-0.03141912817955017,1.2371201688533446
UBFC_PHYS_s04_T3_test,5,192,11.4,0.233137309551239,1.0108895007132013
UBFC_PHYS_s04_T3_test,5,193,11.433333333333334,0.416813462972641,0.6994293699423669
UBFC_PHYS_s04_T3_test,5,194,11.466666666666667,0.5273563265800476,0.3651541841493904
UBFC_PHYS_s04_T3_test,5,195,11.5,0.5749392509460449,0.05472606348430464
UBFC_PHYS_s04_T3_test,5,196,11.533333333333333,0.6051183342933655,-0.2095274044157413
UBFC_PHYS_s04_T3_test,5,197,11.566666666666666,0.635638415813446,-0.42621811126590714
UBFC_PHYS_s04_T3_test,5,198,11.6,0.6128847599029541,-0.6028564171949728
UBFC_PHYS_s04_T3_test,5,199,11.633333333333333,0.5143960118293762,-0.7426826387439277
UBFC_PHYS_s04_T3_test,5,200,11.666666666666666,0.4081115424633026,-0.8374002382295375
UBFC_PHYS_s04_T3_test,5,201,11.7,0.33452022075653076,-0.8688755439251752
UBFC_PHYS_s04_T3_test,5,202,11.733333333333333,0.23517392575740814,-0.8183872476878125
UBFC_PHYS_s04_T3_test,5,203,11.766666666666667,0.0692427009344101,-0.6789038767146954
UBFC_PHYS_s04_T3_test,5,204,11.8,-0.1082846149802208,-0.4648311280491776
UBFC_PHYS_s04_T3_test,5,205,11.833333333333334,-0.24999074637889862,-0.2145454122261295
UBFC_PHYS_s04_T3_test,5,206,11.866666666666667,-0.38400837779045105,0.01671203905048715
UBFC_PHYS_s04_T3_test,5,207,11.9,-0.5645662546157837,0.17280666417035956
UBFC_PHYS_s04_T3_test,5,208,11.933333333333334,-0.8027635216712952,0.2171643267090298
UBFC_PHYS_s04_T3_test,5,209,11.966666666666667,-1.0037851333618164,0.15015932941378593
UBFC_PHYS_s04_T3_test,5,210,12.0,-0.9918479323387146,0.0147617000118852
UBFC_PHYS_s04_T3_test,5,211,12.033333333333333,-0.6996850371360779,-0.11503442447539025
UBFC_PHYS_s04_T3_test,5,212,12.066666666666666,-0.3102514147758484,-0.16082175719915792
UBFC_PHYS_s04_T3_test,5,213,12.1,-0.00658011669293046,-0.07133246312447604
UBFC_PHYS_s04_T3_test,5,214,12.133333333333333,0.2084054797887802,0.1544830069550335
UBFC_PHYS_s04_T3_test,5,215,12.166666666666666,0.39393311738967896,0.4634752288312435
UBFC_PHYS_s04_T3_test,5,216,12.2,0.5312346816062927,0.7663971293660818
UBFC_PHYS_s04_T3_test,5,217,12.233333333333333,0.5872369408607483,0.9712496405547931
UBFC_PHYS_s04_T3_test,5,218,12.266666666666667,0.5886986255645752,1.0172249757117982
UBFC_PHYS_s04_T3_test,5,219,12.3,0.5713727474212646,0.894068629669905
UBFC_PHYS_s04_T3_test,5,220,12.333333333333334,0.5410767197608948,0.6399025739339274
UBFC_PHYS_s04_T3_test,5,221,12.366666666666667,0.5021567940711975,0.32154591168038327
UBFC_PHYS_s04_T3_test,5,222,12.4,0.4489706754684448,0.008010090318803675
UBFC_PHYS_s04_T3_test,5,223,12.433333333333334,0.3562409579753876,-0.25153587358077567
UBFC_PHYS_s04_T3_test,5,224,12.466666666666667,0.21746796369552612,-0.43766692409960123
UBFC_PHYS_s04_T3_test,5,225,12.5,0.05852362513542175,-0.556645583863893
UBFC_PHYS_s04_T3_test,5,226,12.533333333333333,-0.10004067420959473,-0.6264689893599056
UBFC_PHYS_s04_T3_test,5,227,12.566666666666666,-0.25431734323501587,-0.6606940735378121
UBFC_PHYS_s04_T3_test,5,228,12.6,-0.4002721309661865,-0.6577108614402373
UBFC_PHYS_s04_T3_test,5,229,12.633333333333333,-0.5449893474578857,-0.6000102904955591
UBFC_PHYS_s04_T3_test,5,230,12.666666666666666,-0.7231890559196472,-0.4634673503675995
UBFC_PHYS_s04_T3_test,5,231,12.7,-0.9478802680969238,-0.23275010967684812
UBFC_PHYS_s04_T3_test,5,232,12.733333333333333,-1.1193171739578247,0.08312745588472457
UBFC_PHYS_s04_T3_test,5,233,12.766666666666667,-1.0539698600769043,0.44172631501292065
UBFC_PHYS_s04_T3_test,5,234,12.8,-0.712986409664154,0.7704619543181022
UBFC_PHYS_s04_T3_test,5,235,12.833333333333334,-0.2843892276287079,0.9843344829051464
UBFC_PHYS_s04_T3_test,5,236,12.866666666666667,0.05358310788869858,1.0132211579178498
UBFC_PHYS_s04_T3_test,5,237,12.9,0.28847694396972656,0.8279778321522503
UBFC_PHYS_s04_T3_test,5,238,12.933333333333334,0.4693759083747864,0.45429191467918095
UBFC_PHYS_s04_T3_test,5,239,12.966666666666667,0.5948182940483093,-0.03141947373559325
UBFC_PHYS_s04_T3_test,6,0,6.0,-0.4811328947544098,-0.0058293813353912025
UBFC_PHYS_s04_T3_test,6,1,6.033333333333333,-0.2100963145494461,-0.45773872060173065
UBFC_PHYS_s04_T3_test,6,2,6.066666666666666,0.37158873677253723,-0.7917299353230584
UBFC_PHYS_s04_T3_test,6,3,6.1,0.7462202906608582,-0.9195046515897216
UBFC_PHYS_s04_T3_test,6,4,6.133333333333334,0.7686718702316284,-0.8025252016705426
UBFC_PHYS_s04_T3_test,6,5,6.166666666666667,0.7533143758773804,-0.4609876888500513
UBFC_PHYS_s04_T3_test,6,6,6.2,0.8778894543647766,0.03349511952849554
UBFC_PHYS_s04_T3_test,6,7,6.233333333333333,0.9985179901123047,0.5796499399730761
UBFC_PHYS_s04_T3_test,6,8,6.266666666666667,1.0439960956573486,1.075142034207365
UBFC_PHYS_s04_T3_test,6,9,6.3,1.0803630352020264,1.441823701494843
UBFC_PHYS_s04_T3_test,6,10,6.333333333333333,1.1380316019058228,1.6397974021110286
UBFC_PHYS_s04_T3_test,6,11,6.366666666666666,1.255532145500183,1.6679996875365124
UBFC_PHYS_s04_T3_test,6,12,6.4,1.39287269115448,1.5543865538487422
UBFC_PHYS_s04_T3_test,6,13,6.433333333333334,1.3717268705368042,1.3415584643644993
UBFC_PHYS_s04_T3_test,6,14,6.466666666666667,1.1301383972167969,1.0731963854839275
UBFC_PHYS_s04_T3_test,6,15,6.5,0.8685930967330933,0.78447224304958
UBFC_PHYS_s04_T3_test,6,16,6.533333333333333,0.8165276646614075,0.49752624048400024
UBFC_PHYS_s04_T3_test,6,17,6.566666666666666,0.8948158621788025,0.22174149017977737
UBFC_PHYS_s04_T3_test,6,18,6.6,0.8185740113258362,-0.042355429731593605
UBFC_PHYS_s04_T3_test,6,19,6.633333333333334,0.49629050493240356,-0.29739586609919694
UBFC_PHYS_s04_T3_test,6,20,6.666666666666667,0.24829991161823273,-0.543862945720688
UBFC_PHYS_s04_T3_test,6,21,6.7,0.4841097593307495,-0.7770651257157092
UBFC_PHYS_s04_T3_test,6,22,6.733333333333333,1.1854488849639893,-0.9871479562920331
UBFC_PHYS_s04_T3_test,6,23,6.766666666666667,1.835365653038025,-1.1615039465386974
UBFC_PHYS_s04_T3_test,6,24,6.8,1.9457720518112183,-1.288012672756811
UBFC_PHYS_s04_T3_test,6,25,6.833333333333333,1.6093297004699707,-1.357416650626146
UBFC_PHYS_s04_T3_test,6,26,6.866666666666666,1.2812774181365967,-1.3637944704078195
UBFC_PHYS_s04_T3_test,6,27,6.9,1.1877095699310303,-1.3033212663681388
UBFC_PHYS_s04_T3_test,6,28,6.933333333333334,1.1910812854766846,-1.172784121351752
UBFC_PHYS_s04_T3_test,6,29,6.966666666666667,1.1772536039352417,-0.9697893041874306
UBFC_PHYS_s04_T3_test,6,30,7.0,1.1808104515075684,-0.6957223642060055
UBFC_PHYS_s04_T3_test,6,31,7.033333333333333,1.1659693717956543,-0.3606577441441317
UBFC_PHYS_s04_T3_test,6,32,7.066666666666666,1.0689617395401,0.012432930449322772
UBFC_PHYS_s04_T3_test,6,33,7.1,0.942057728767395,0.3874841173090551
UBFC_PHYS_s04_T3_test,6,34,7.133333333333334,0.8128441572189331,0.721172524334463
UBFC_PHYS_s04_T3_test,6,35,7.166666666666667,0.5952080488204956,0.9737149781507708
UBFC_PHYS_s04_T3_test,6,36,7.2,0.27181366086006165,1.120137515279916
UBFC_PHYS_s04_T3_test,6,37,7.233333333333333,-0.032900311052799225,1.156503734767427
UBFC_PHYS_s04_T3_test,6,38,7.266666666666667,-0.25507742166519165,1.0983112944742135
UBFC_PHYS_s04_T3_test,6,39,7.3,-0.4901076853275299,0.9725281783683197
UBFC_PHYS_s04_T3_test,6,40,7.333333333333333,-0.8178579211235046,0.8074301838866201
UBFC_PHYS_s04_T3_test,6,41,7.366666666666666,-1.191622257232666,0.6244318824589341
UBFC_PHYS_s04_T3_test,6,42,7.4,-1.4577767848968506,0.43420490544790624
UBFC_PHYS_s04_T3_test,6,43,7.433333333333334,-1.4528069496154785,0.2372136378928724
UBFC_PHYS_s04_T3_test,6,44,7.466666666666667,-1.160975456237793,0.027623432486602015
UBFC_PHYS_s04_T3_test,6,45,7.5,-0.739998459815979,-0.20089262715550402
UBFC_PHYS_s04_T3_test,6,46,7.533333333333333,-0.345682829618454,-0.44921498019250417
UBFC_PHYS_s04_T3_test,6,47,7.566666666666666,-0.010331791825592518,-0.7083619961545077
UBFC_PHYS_s04_T3_test,6,48,7.6,0.27929753065109253,-0.9574861120110585
UBFC_PHYS_s04_T3_test,6,49,7.633333333333334,0.5087928175926208,-1.1644492309247743
UBFC_PHYS_s04_T3_test,6,50,7.666666666666667,0.6547476053237915,-1.2891294553684305
UBFC_PHYS_s04_T3_test,6,51,7.7,0.7256689071655273,-1.289950152072582
UBFC_PHYS_s04_T3_test,6,52,7.733333333333333,0.751725971698761,-1.1339224143014879
UBFC_PHYS_s04_T3_test,6,53,7.766666666666667,0.7563936710357666,-0.8090379154192406
UBFC_PHYS_s04_T3_test,6,54,7.8,0.7608664035797119,-0.3353808714508903
UBFC_PHYS_s04_T3_test,6,55,7.833333333333333,0.766567051410675,0.23056039523048089
UBFC_PHYS_s04_T3_test,6,56,7.866666666666666,0.7398667931556702,0.8032404956594861
UBFC_PHYS_s04_T3_test,6,57,7.9,0.6606236100196838,1.287621490948362
UBFC_PHYS_s04_T3_test,6,58,7.933333333333334,0.5493693947792053,1.6049293991796725
UBFC_PHYS_s04_T3_test,6,59,7.966666666666667,0.41955170035362244,1.7141645074864584
UBFC_PHYS_s04_T3_test,6,60,8.0,0.25936004519462585,1.620364182954881
UBFC_PHYS_s04_T3_test,6,61,8.033333333333333,0.0725850984454155,1.3670781000390302
UBFC_PHYS_s04_T3_test,6,62,8.066666666666666,-0.1113736554980278,1.018053193741811
UBFC_PHYS_s04_T3_test,6,63,8.1,-0.28666946291923523,0.6371422689526336
UBFC_PHYS_s04_T3_test,6,64,8.133333333333333,-0.5020253658294678,0.273853835378125
UBFC_PHYS_s04_T3_test,6,65,8.166666666666666,-0.8074799180030823,-0.04262486466234371
UBFC_PHYS_s04_T3_test,6,66,8.2,-1.13936185836792,-0.3019270980568873
UBFC_PHYS_s04_T3_test,6,67,8.233333333333333,-1.334643840789795,-0.5065650687888994
UBFC_PHYS_s04_T3_test,6,68,8.266666666666667,-1.310038685798645,-0.6652117361096008
UBFC_PHYS_s04_T3_test,6,69,8.3,-1.1453255414962769,-0.7879787373875745
UBFC_PHYS_s04_T3_test,6,70,8.333333333333334,-0.9497025012969971,-0.884303330569032
UBFC_PHYS_s04_T3_test,6,71,8.366666666666667,-0.7698267102241516,-0.9620507917921088
UBFC_PHYS_s04_T3_test,6,72,8.4,-0.6079785227775574,-1.0259616192674035
UBFC_PHYS_s04_T3_test,6,73,8.433333333333334,-0.45691755414009094,-1.0747514175985136
UBFC_PHYS_s04_T3_test,6,74,8.466666666666667,-0.32350409030914307,-1.0980851250814188
UBFC_PHYS_s04_T3_test,6,75,8.5,-0.20794275403022766,-1.0759100441597744
UBFC_PHYS_s04_T3_test,6,76,8.533333333333333,-0.07791066914796829,-0.9822502964843752
UBFC_PHYS_s04_T3_test,6,77,8.566666666666666,0.08349906653165817,-0.7936612793610806
UBFC_PHYS_s04_T3_test,6,78,8.6,0.24690644443035126,-0.5000836071696915
UBFC_PHYS_s04_T3_test,6,79,8.633333333333333,0.37157899141311646,-0.11407990060212217
UBFC_PHYS_s04_T3_test,6,80,8.666666666666666,0.42648011445999146,0.32569636797253837
UBFC_PHYS_s04_T3_test,6,81,8.7,0.4003840684890747,0.7594176460000858
UBFC_PHYS_s04_T3_test,6,82,8.733333333333333,0.32257333397865295,1.1192571498994706
UBFC_PHYS_s04_T3_test,6,83,8.766666666666667,0.22377273440361023,1.347245550789102
UBFC_PHYS_s04_T3_test,6,84,8.8,0.07907500863075256,1.4113337886328554
UBFC_PHYS_s04_T3_test,6,85,8.833333333333334,-0.13812261819839478,1.3131993818682044
UBFC_PHYS_s04_T3_test,6,86,8.866666666666667,-0.38935816287994385,1.085161828888804
UBFC_PHYS_s04_T3_test,6,87,8.9,-0.6223615407943726,0.7785287949731288
UBFC_PHYS_s04_T3_test,6,88,8.933333333333334,-0.8536303639411926,0.4485363376105009
UBFC_PHYS_s04_T3_test,6,89,8.966666666666667,-1.1440880298614502,0.1411754675315746
UBFC_PHYS_s04_T3_test,6,90,9.0,-1.4711365699768066,-0.11443689179547925
UBFC_PHYS_s04_T3_test,6,91,9.033333333333333,-1.6373310089111328,-0.3069987894797929
UBFC_PHYS_s04_T3_test,6,92,9.066666666666666,-1.4634675979614258,-0.43867184176798035
UBFC_PHYS_s04_T3_test,6,93,9.1,-1.0234496593475342,-0.5184095668043125
UBFC_PHYS_s04_T3_test,6,94,9.133333333333333,-0.5535938143730164,-0.5559936556058372
UBFC_PHYS_s04_T3_test,6,95,9.166666666666666,-0.17987826466560364,-0.5586596354660968
UBFC_PHYS_s04_T3_test,6,96,9.2,0.11322012543678284,-0.5306400705442011
UBFC_PHYS_s04_T3_test,6,97,9.233333333333333,0.33895403146743774,-0.4747586400097467
UBFC_PHYS_s04_T3_test,6,98,9.266666666666667,0.4938056468963623,-0.39474449257209776
UBFC_PHYS_s04_T3_test,6,99,9.3,0.608587384223938,-0.29699508627679627
UBFC_PHYS_s04_T3_test,6,100,9.333333333333334,0.7068325877189636,-0.19081230180267014
UBFC_PHYS_s04_T3_test,6,101,9.366666666666667,0.7808429002761841,-0.08679412576551823
UBFC_PHYS_s04_T3_test,6,102,9.4,0.8264378905296326,0.005913093814282116
UBFC_PHYS_s04_T3_test,6,103,9.433333333333334,0.83769291639328,0.08202900293070335
UBFC_PHYS_s04_T3_test,6,104,9.466666666666667,0.7954598069190979,0.1408615886986528
UBFC_PHYS_s04_T3_test,6,105,9.5,0.7038604617118835,0.1849586401072715
UBFC_PHYS_s04_T3_test,6,106,9.533333333333333,0.592216432094574,0.2175673860816577
UBFC_PHYS_s04_T3_test,6,107,9.566666666666666,0.46545857191085815,0.2404392694523319
UBFC_PHYS_s04_T3_test,6,108,9.6,0.30668962001800537,0.25308835721723966
UBFC_PHYS_s04_T3_test,6,109,9.633333333333333,0.12939618527889252,0.25354370590409153
UBFC_PHYS_s04_T3_test,6,110,9.666666666666666,-0.03200380504131317,0.239776806194914
UBFC_PHYS_s04_T3_test,6,111,9.7,-0.18543270230293274,0.21091291508291485
UBFC_PHYS_s04_T3_test,6,112,9.733333333333333,-0.3880816102027893,0.16798059388643646
UBFC_PHYS_s04_T3_test,6,113,9.766666666666667,-0.6619149446487427,0.11448316764606618
UBFC_PHYS_s04_T3_test,6,114,9.8,-0.8871323466300964,0.056840345696666905
UBFC_PHYS_s04_T3_test,6,115,9.833333333333334,-0.8745715618133545,0.004146898895445877
UBFC_PHYS_s04_T3_test,6,116,9.866666666666667,-0.5808300375938416,-0.033478081347043005
UBFC_PHYS_s04_T3_test,6,117,9.9,-0.17821194231510162,-0.04805885938502021
UBFC_PHYS_s04_T3_test,6,118,9.933333333333334,0.1482519954442978,-0.03742837005455254
UBFC_PHYS_s04_T3_test,6,119,9.966666666666667,0.3719395399093628,-0.007630397510308041
UBFC_PHYS_s04_T3_test,6,120,10.0,0.5372276306152344,0.027386196480646996
UBFC_PHYS_s04_T3_test,6,121,10.033333333333333,0.6380063891410828,0.049158981091458165
UBFC_PHYS_s04_T3_test,6,122,10.066666666666666,0.6673474311828613,0.04036958776723342
UBFC_PHYS_s04_T3_test,6,123,10.1,0.6574371457099915,-0.009191654486564345
UBFC_PHYS_s04_T3_test,6,124,10.133333333333333,0.6288561820983887,-0.09901977538197625
UBFC_PHYS_s04_T3_test,6,125,10.166666666666666,0.5794705152511597,-0.21851567901511296
UBFC_PHYS_s04_T3_test,6,126,10.2,0.5218798518180847,-0.3512168006496806
UBFC_PHYS_s04_T3_test,6,127,10.233333333333333,0.46887892484664917,-0.4798422633428563
UBFC_PHYS_s04_T3_test,6,128,10.266666666666667,0.39327049255371094,-0.5893844185710276
UBFC_PHYS_s04_T3_test,6,129,10.3,0.25564736127853394,-0.6672780288052084
UBFC_PHYS_s04_T3_test,6,130,10.333333333333334,0.06480889767408371,-0.7016533221404423
UBFC_PHYS_s04_T3_test,6,131,10.366666666666667,-0.12550334632396698,-0.679668270073537
UBFC_PHYS_s04_T3_test,6,132,10.4,-0.2840968668460846,-0.587635126342028
UBFC_PHYS_s04_T3_test,6,133,10.433333333333334,-0.45128515362739563,-0.4137838756606085
UBFC_PHYS_s04_T3_test,6,134,10.466666666666667,-0.6791141629219055,-0.15367620157339942
UBFC_PHYS_s04_T3_test,6,135,10.5,-0.9231484532356262,0.18282140166197947
UBFC_PHYS_s04_T3_test,6,136,10.533333333333333,-1.0215104818344116,0.5656922884904488
UBFC_PHYS_s04_T3_test,6,137,10.566666666666666,-0.8575282096862793,0.9439037178018554
UBFC_PHYS_s04_T3_test,6,138,10.6,-0.49607139825820923,1.2527442941995373
UBFC_PHYS_s04_T3_test,6,139,10.633333333333333,-0.11732761561870575,1.429353356987566
UBFC_PHYS_s04_T3_test,6,140,10.666666666666666,0.1671760380268097,1.4315875881330014
UBFC_PHYS_s04_T3_test,6,141,10.7,0.35779035091400146,1.252322933387188
UBFC_PHYS_s04_T3_test,6,142,10.733333333333333,0.4723772406578064,0.9227325318043398
UBFC_PHYS_s04_T3_test,6,143,10.766666666666667,0.5172122120857239,0.5030493569919573
UBFC_PHYS_s04_T3_test,6,144,10.8,0.5288375020027161,0.06477301717566626
UBFC_PHYS_s04_T3_test,6,145,10.833333333333334,0.5427333116531372,-0.3286199533332966
UBFC_PHYS_s04_T3_test,6,146,10.866666666666667,0.5408428907394409,-0.6358666048615287
UBFC_PHYS_s04_T3_test,6,147,10.9,0.48618534207344055,-0.8432180550186954
UBFC_PHYS_s04_T3_test,6,148,10.933333333333334,0.39414751529693604,-0.9603116554782621
UBFC_PHYS_s04_T3_test,6,149,10.966666666666667,0.30335697531700134,-1.0090572066913086
UBFC_PHYS_s04_T3_test,6,150,11.0,0.19694581627845764,-1.0102949009421567
UBFC_PHYS_s04_T3_test,6,151,11.033333333333333,0.035760216414928436,-0.9735686075253572
UBFC_PHYS_s04_T3_test,6,152,11.066666666666666,-0.14585009217262268,-0.8936697158532794
UBFC_PHYS_s04_T3_test,6,153,11.1,-0.2855585813522339,-0.7547332155869523
UBFC_PHYS_s04_T3_test,6,154,11.133333333333333,-0.39379197359085083,-0.5400587268488972
UBFC_PHYS_s04_T3_test,6,155,11.166666666666666,-0.5549483299255371,-0.2439701320243159
UBFC_PHYS_s04_T3_test,6,156,11.2,-0.8099842667579651,0.1189144398434326
UBFC_PHYS_s04_T3_test,6,157,11.233333333333333,-1.0488344430923462,0.511076912154776
UBFC_PHYS_s04_T3_test,6,158,11.266666666666667,-1.0691616535186768,0.877937828674716
UBFC_PHYS_s04_T3_test,6,159,11.3,-0.802091121673584,1.1607144144605408
UBFC_PHYS_s04_T3_test,6,160,11.333333333333334,-0.3964035212993622,1.312087196608816
UBFC_PHYS_s04_T3_test,6,161,11.366666666666667,-0.03141912817955017,1.3091822733556613
UBFC_PHYS_s04_T3_test,6,162,11.4,0.233137309551239,1.1591582441150396
UBFC_PHYS_s04_T3_test,6,163,11.433333333333334,0.416813462972641,0.8953865381772295
UBFC_PHYS_s04_T3_test,6,164,11.466666666666667,0.5273563265800476,0.5658766068391027
UBFC_PHYS_s04_T3_test,6,165,11.5,0.5749392509460449,0.21856475064437106
UBFC_PHYS_s04_T3_test,6,166,11.533333333333333,0.6051183342933655,-0.11101201148287
UBFC_PHYS_s04_T3_test,6,167,11.566666666666666,0.635638415813446,-0.4054587956073282
UBFC_PHYS_s04_T3_test,6,168,11.6,0.6128847599029541,-0.6632828133290078
UBFC_PHYS_s04_T3_test,6,169,11.633333333333333,0.5143960118293762,-0.8904066607583552
UBFC_PHYS_s04_T3_test,6,170,11.666666666666666,0.4081115424633026,-1.0894975507782323
UBFC_PHYS_s04_T3_test,6,171,11.7,0.33452022075653076,-1.2518785798234329
UBFC_PHYS_s04_T3_test,6,172,11.733333333333333,0.23517392575740814,-1.355638709405178
UBFC_PHYS_s04_T3_test,6,173,11.766666666666667,0.0692427009344101,-1.3710363173221871
UBFC_PHYS_s04_T3_test,6,174,11.8,-0.1082846149802208,-1.27133725784008
UBFC_PHYS_s04_T3_test,6,175,11.833333333333334,-0.24999074637889862,-1.04490644252086
UBFC_PHYS_s04_T3_test,6,176,11.866666666666667,-0.38400837779045105,-0.7035609021603231
UBFC_PHYS_s04_T3_test,6,177,11.9,-0.5645662546157837,-0.2833008553050442
UBFC_PHYS_s04_T3_test,6,178,11.933333333333334,-0.8027635216712952,0.16360977685115324
UBFC_PHYS_s04_T3_test,6,179,11.966666666666667,-1.0037851333618164,0.5824209229159831
UBFC_PHYS_s04_T3_test,6,180,12.0,-0.9918479323387146,0.9296003144645875
UBFC_PHYS_s04_T3_test,6,181,12.033333333333333,-0.6996850371360779,1.1804954431637156
UBFC_PHYS_s04_T3_test,6,182,12.066666666666666,-0.3102514147758484,1.328745404165585
UBFC_PHYS_s04_T3_test,6,183,12.1,-0.00658011669293046,1.3798285929123546
UBFC_PHYS_s04_T3_test,6,184,12.133333333333333,0.2084054797887802,1.343251389626041
UBFC_PHYS_s04_T3_test,6,185,12.166666666666666,0.39393311738967896,1.2272709318416868
UBFC_PHYS_s04_T3_test,6,186,12.2,0.5312346816062927,1.038063352787697
UBFC_PHYS_s04_T3_test,6,187,12.233333333333333,0.5872369408607483,0.7828860094021847
UBFC_PHYS_s04_T3_test,6,188,12.266666666666667,0.5886986255645752,0.4747974609901377
UBFC_PHYS_s04_T3_test,6,189,12.3,0.5713727474212646,0.13573587942308563
UBFC_PHYS_s04_T3_test,6,190,12.333333333333334,0.5410767197608948,-0.20437935346918726
UBFC_PHYS_s04_T3_test,6,191,12.366666666666667,0.5021567940711975,-0.5128262621249853
UBFC_PHYS_s04_T3_test,6,192,12.4,0.4489706754684448,-0.7616368834201085
UBFC_PHYS_s04_T3_test,6,193,12.433333333333334,0.3562409579753876,-0.9342955355569909
UBFC_PHYS_s04_T3_test,6,194,12.466666666666667,0.21746796369552612,-1.0285208036742495
UBFC_PHYS_s04_T3_test,6,195,12.5,0.05852362513542175,-1.0536603767419668
UBFC_PHYS_s04_T3_test,6,196,12.533333333333333,-0.10004067420959473,-1.023555807716409
UBFC_PHYS_s04_T3_test,6,197,12.566666666666666,-0.25431734323501587,-0.9478914557152679
UBFC_PHYS_s04_T3_test,6,198,12.6,-0.4002721309661865,-0.8260979576705949
UBFC_PHYS_s04_T3_test,6,199,12.633333333333333,-0.5449893474578857,-0.6471433015231608
UBFC_PHYS_s04_T3_test,6,200,12.666666666666666,-0.7231890559196472,-0.39608718090922185
UBFC_PHYS_s04_T3_test,6,201,12.7,-0.9478802680969238,-0.06526081532257536
UBFC_PHYS_s04_T3_test,6,202,12.733333333333333,-1.1193171739578247,0.3342871214724293
UBFC_PHYS_s04_T3_test,6,203,12.766666666666667,-1.0539698600769043,0.766278825330293
UBFC_PHYS_s04_T3_test,6,204,12.8,-0.712986409664154,1.17192597120794
UBFC_PHYS_s04_T3_test,6,205,12.833333333333334,-0.2843892276287079,1.4828928021900816
UBFC_PHYS_s04_T3_test,6,206,12.866666666666667,0.05358310788869858,1.640518586421604
UBFC_PHYS_s04_T3_test,6,207,12.9,0.28847694396972656,1.6136885842329614
UBFC_PHYS_s04_T3_test,6,208,12.933333333333334,0.4693759083747864,1.4081447130087288
UBFC_PHYS_s04_T3_test,6,209,12.966666666666667,0.5948182940483093,1.0638762479116692
UBFC_PHYS_s04_T3_test,6,210,13.0,0.6541629433631897,0.6421296497624045
UBFC_PHYS_s04_T3_test,6,211,13.033333333333333,0.6656031012535095,0.20730182028211372
UBFC_PHYS_s04_T3_test,6,212,13.066666666666666,0.6479068994522095,-0.18980016985180098
UBFC_PHYS_s04_T3_test,6,213,13.1,0.6055470705032349,-0.5222080895385793
UBFC_PHYS_s04_T3_test,6,214,13.133333333333333,0.5469722151756287,-0.7883741747475542
UBFC_PHYS_s04_T3_test,6,215,13.166666666666666,0.47656741738319397,-1.0058727407582189
UBFC_PHYS_s04_T3_test,6,216,13.2,0.38515323400497437,-1.1998601221088632
UBFC_PHYS_s04_T3_test,6,217,13.233333333333333,0.2598375380039215,-1.3897770389535862
UBFC_PHYS_s04_T3_test,6,218,13.266666666666667,0.09857397526502609,-1.5780987310728865
UBFC_PHYS_s04_T3_test,6,219,13.3,-0.0795769914984703,-1.744646123968123
UBFC_PHYS_s04_T3_test,6,220,13.333333333333334,-0.24161037802696228,-1.8487814492625547
UBFC_PHYS_s04_T3_test,6,221,13.366666666666667,-0.3766414523124695,-1.8398040905220956
UBFC_PHYS_s04_T3_test,6,222,13.4,-0.5223526358604431,-1.6733902058911025
UBFC_PHYS_s04_T3_test,6,223,13.433333333333334,-0.7288408875465393,-1.3294686766116854
UBFC_PHYS_s04_T3_test,6,224,13.466666666666667,-0.9783321619033813,-0.8253131414934438
UBFC_PHYS_s04_T3_test,6,225,13.5,-1.133047342300415,-0.2180125531197323
UBFC_PHYS_s04_T3_test,6,226,13.533333333333333,-1.0196980237960815,0.40644023928021755
UBFC_PHYS_s04_T3_test,6,227,13.566666666666666,-0.6574421525001526,0.9549822399597129
UBFC_PHYS_s04_T3_test,6,228,13.6,-0.23381468653678894,1.3525182468898642
UBFC_PHYS_s04_T3_test,6,229,13.633333333333333,0.10034749656915665,1.5605185363048795
UBFC_PHYS_s04_T3_test,6,230,13.666666666666666,0.3324933648109436,1.5827205803693676
UBFC_PHYS_s04_T3_test,6,231,13.7,0.5061228275299072,1.4575842508291321
UBFC_PHYS_s04_T3_test,6,232,13.733333333333333,0.64000403881073,1.2424318004272246
UBFC_PHYS_s04_T3_test,6,233,13.766666666666667,0.7226772904396057,0.9963058692776043
UBFC_PHYS_s04_T3_test,6,234,13.8,0.7472727298736572,0.7671552270589213
UBFC_PHYS_s04_T3_test,6,235,13.833333333333334,0.7348970174789429,0.5855860437095348
UBFC_PHYS_s04_T3_test,6,236,13.866666666666667,0.7194420695304871,0.46427947628632305
UBFC_PHYS_s04_T3_test,6,237,13.9,0.7061699628829956,0.4006549713078773
UBFC_PHYS_s04_T3_test,6,238,13.933333333333334,0.6532956957817078,0.3806571730694382
UBFC_PHYS_s04_T3_test,6,239,13.966666666666667,0.5255243182182312,0.3827725182787919
UBFC_PHYS_s04_T3_test,7,0,7.0,1.1808104515075684,0.13985739686841342
UBFC_PHYS_s04_T3_test,7,1,7.033333333333333,1.1659693717956543,-0.17246770319743773
UBFC_PHYS_s04_T3_test,7,2,7.066666666666666,1.0689617395401,-0.4300331485126755
UBFC_PHYS_s04_T3_test,7,3,7.1,0.942057728767395,-0.5860341547807969
UBFC_PHYS_s04_T3_test,7,4,7.133333333333334,0.8128441572189331,-0.60920667929824
UBFC_PHYS_s04_T3_test,7,5,7.166666666666667,0.5952080488204956,-0.48847209605583103
UBFC_PHYS_s04_T3_test,7,6,7.2,0.27181366086006165,-0.23450262397449298
UBFC_PHYS_s04_T3_test,7,7,7.233333333333333,-0.032900311052799225,0.12158171119396612
UBFC_PHYS_s04_T3_test,7,8,7.266666666666667,-0.25507742166519165,0.5320414280541123
UBFC_PHYS_s04_T3_test,7,9,7.3,-0.4901076853275299,0.938862534360815
UBFC_PHYS_s04_T3_test,7,10,7.333333333333333,-0.8178579211235046,1.2824141885370737
UBFC_PHYS_s04_T3_test,7,11,7.366666666666666,-1.191622257232666,1.5112065425303303
UBFC_PHYS_s04_T3_test,7,12,7.4,-1.4577767848968506,1.590312774311021
UBFC_PHYS_s04_T3_test,7,13,7.433333333333334,-1.4528069496154785,1.5058452366393122
UBFC_PHYS_s04_T3_test,7,14,7.466666666666667,-1.160975456237793,1.2644090638919145
UBFC_PHYS_s04_T3_test,7,15,7.5,-0.739998459815979,0.888677641405424
UBFC_PHYS_s04_T3_test,7,16,7.533333333333333,-0.345682829618454,0.4116629705733659
UBFC_PHYS_s04_T3_test,7,17,7.566666666666666,-0.010331791825592518,-0.12766576346383646
UBFC_PHYS_s04_T3_test,7,18,7.6,0.27929753065109253,-0.6858989749391363
UBFC_PHYS_s04_T3_test,7,19,7.633333333333334,0.5087928175926208,-1.2143087928316671
UBFC_PHYS_s04_T3_test,7,20,7.666666666666667,0.6547476053237915,-1.6581074065579273
UBFC_PHYS_s04_T3_test,7,21,7.7,0.7256689071655273,-1.9592747251226617
UBFC_PHYS_s04_T3_test,7,22,7.733333333333333,0.751725971698761,-2.0652318966378793
UBFC_PHYS_s04_T3_test,7,23,7.766666666666667,0.7563936710357666,-1.942598909918847
UBFC_PHYS_s04_T3_test,7,24,7.8,0.7608664035797119,-1.591615171229851
UBFC_PHYS_s04_T3_test,7,25,7.833333333333333,0.766567051410675,-1.0545002250516833
UBFC_PHYS_s04_T3_test,7,26,7.866666666666666,0.7398667931556702,-0.41183201251149315
UBFC_PHYS_s04_T3_test,7,27,7.9,0.6606236100196838,0.23455769285020076
UBFC_PHYS_s04_T3_test,7,28,7.933333333333334,0.5493693947792053,0.7871770393225599
UBFC_PHYS_s04_T3_test,7,29,7.966666666666667,0.41955170035362244,1.1771665055033924
UBFC_PHYS_s04_T3_test,7,30,8.0,0.25936004519462585,1.3776848215558255
UBFC_PHYS_s04_T3_test,7,31,8.033333333333333,0.0725850984454155,1.402105679531392
UBFC_PHYS_s04_T3_test,7,32,8.066666666666666,-0.1113736554980278,1.2902699791608896
UBFC_PHYS_s04_T3_test,7,33,8.1,-0.28666946291923523,1.090855763493911
UBFC_PHYS_s04_T3_test,7,34,8.133333333333333,-0.5020253658294678,0.8471502233919593
UBFC_PHYS_s04_T3_test,7,35,8.166666666666666,-0.8074799180030823,0.5895100139702588
UBFC_PHYS_s04_T3_test,7,36,8.2,-1.13936185836792,0.3343806511301341
UBFC_PHYS_s04_T3_test,7,37,8.233333333333333,-1.334643840789795,0.0879222846736217
UBFC_PHYS_s04_T3_test,7,38,8.266666666666667,-1.310038685798645,-0.1484537257336334
UBFC_PHYS_s04_T3_test,7,39,8.3,-1.1453255414962769,-0.3731104139407947
UBFC_PHYS_s04_T3_test,7,40,8.333333333333334,-0.9497025012969971,-0.5811638472934921
UBFC_PHYS_s04_T3_test,7,41,8.366666666666667,-0.7698267102241516,-0.7634637298290287
UBFC_PHYS_s04_T3_test,7,42,8.4,-0.6079785227775574,-0.9067809480654384
UBFC_PHYS_s04_T3_test,7,43,8.433333333333334,-0.45691755414009094,-0.99459109963335
UBFC_PHYS_s04_T3_test,7,44,8.466666666666667,-0.32350409030914307,-1.0088275958986725
UBFC_PHYS_s04_T3_test,7,45,8.5,-0.20794275403022766,-0.9335409408494951
UBFC_PHYS_s04_T3_test,7,46,8.533333333333333,-0.07791066914796829,-0.7605910302343347
UBFC_PHYS_s04_T3_test,7,47,8.566666666666666,0.08349906653165817,-0.4958029144458832
UBFC_PHYS_s04_T3_test,7,48,8.6,0.24690644443035126,-0.16270743961456932
UBFC_PHYS_s04_T3_test,7,49,8.633333333333333,0.37157899141311646,0.19884788909026113
UBFC_PHYS_s04_T3_test,7,50,8.666666666666666,0.42648011445999146,0.5400090591879003
UBFC_PHYS_s04_T3_test,7,51,8.7,0.4003840684890747,0.814120071149444
UBFC_PHYS_s04_T3_test,7,52,8.733333333333333,0.32257333397865295,0.9876393233091841
UBFC_PHYS_s04_T3_test,7,53,8.766666666666667,0.22377273440361023,1.0466077228103963
UBFC_PHYS_s04_T3_test,7,54,8.8,0.07907500863075256,0.9969119862964859
UBFC_PHYS_s04_T3_test,7,55,8.833333333333334,-0.13812261819839478,0.8594393042161198
UBFC_PHYS_s04_T3_test,7,56,8.866666666666667,-0.38935816287994385,0.6626088268237835
UBFC_PHYS_s04_T3_test,7,57,8.9,-0.6223615407943726,0.43488712730501056
UBFC_PHYS_s04_T3_test,7,58,8.933333333333334,-0.8536303639411926,0.1995835971726149
UBFC_PHYS_s04_T3_test,7,59,8.966666666666667,-1.1440880298614502,-0.02671486374622792
UBFC_PHYS_s04_T3_test,7,60,9.0,-1.4711365699768066,-0.2324403761305851
UBFC_PHYS_s04_T3_test,7,61,9.033333333333333,-1.6373310089111328,-0.40799390913115796
UBFC_PHYS_s04_T3_test,7,62,9.066666666666666,-1.4634675979614258,-0.5435893755574898
UBFC_PHYS_s04_T3_test,7,63,9.1,-1.0234496593475342,-0.6293017012309743
UBFC_PHYS_s04_T3_test,7,64,9.133333333333333,-0.5535938143730164,-0.6571741989971651
UBFC_PHYS_s04_T3_test,7,65,9.166666666666666,-0.17987826466560364,-0.6241860605162362
UBFC_PHYS_s04_T3_test,7,66,9.2,0.11322012543678284,-0.534720876966278
UBFC_PHYS_s04_T3_test,7,67,9.233333333333333,0.33895403146743774,-0.4015392453151397
UBFC_PHYS_s04_T3_test,7,68,9.266666666666667,0.4938056468963623,-0.24462328325700908
UBFC_PHYS_s04_T3_test,7,69,9.3,0.608587384223938,-0.08770027919523102
UBFC_PHYS_s04_T3_test,7,70,9.333333333333334,0.7068325877189636,0.046985666234619486
UBFC_PHYS_s04_T3_test,7,71,9.366666666666667,0.7808429002761841,0.14409735747374264
UBFC_PHYS_s04_T3_test,7,72,9.4,0.8264378905296326,0.19859794667225134
UBFC_PHYS_s04_T3_test,7,73,9.433333333333334,0.83769291639328,0.21541933522613183
UBFC_PHYS_s04_T3_test,7,74,9.466666666666667,0.7954598069190979,0.2056081698808913
UBFC_PHYS_s04_T3_test,7,75,9.5,0.7038604617118835,0.1810621521562472
UBFC_PHYS_s04_T3_test,7,76,9.533333333333333,0.592216432094574,0.15043811779537797
UBFC_PHYS_s04_T3_test,7,77,9.566666666666666,0.46545857191085815,0.11775956989879825
UBFC_PHYS_s04_T3_test,7,78,9.6,0.30668962001800537,0.0835615208456673
UBFC_PHYS_s04_T3_test,7,79,9.633333333333333,0.12939618527889252,0.047189610151258304
UBFC_PHYS_s04_T3_test,7,80,9.666666666666666,-0.03200380504131317,0.008782770393579515
UBFC_PHYS_s04_T3_test,7,81,9.7,-0.18543270230293274,-0.02973648032711377
UBFC_PHYS_s04_T3_test,7,82,9.733333333333333,-0.3880816102027893,-0.06442506522289143
UBFC_PHYS_s04_T3_test,7,83,9.766666666666667,-0.6619149446487427,-0.08925858491226694
UBFC_PHYS_s04_T3_test,7,84,9.8,-0.8871323466300964,-0.09611523492861737
UBFC_PHYS_s04_T3_test,7,85,9.833333333333334,-0.8745715618133545,-0.07539297858862969
UBFC_PHYS_s04_T3_test,7,86,9.866666666666667,-0.5808300375938416,-0.01811927798279042
UBFC_PHYS_s04_T3_test,7,87,9.9,-0.17821194231510162,0.08011873858050925
UBFC_PHYS_s04_T3_test,7,88,9.933333333333334,0.1482519954442978,0.21429183287006953
UBFC_PHYS_s04_T3_test,7,89,9.966666666666667,0.3719395399093628,0.36624972161077846
UBFC_PHYS_s04_T3_test,7,90,10.0,0.5372276306152344,0.5049704934646783
UBFC_PHYS_s04_T3_test,7,91,10.033333333333333,0.6380063891410828,0.5925855928425703
UBFC_PHYS_s04_T3_test,7,92,10.066666666666666,0.6673474311828613,0.5955287153912261
UBFC_PHYS_s04_T3_test,7,93,10.1,0.6574371457099915,0.4967552085312651
UBFC_PHYS_s04_T3_test,7,94,10.133333333333333,0.6288561820983887,0.3026658651647407
UBFC_PHYS_s04_T3_test,7,95,10.166666666666666,0.5794705152511597,0.040204881931651275
UBFC_PHYS_s04_T3_test,7,96,10.2,0.5218798518180847,-0.2541402007084131
UBFC_PHYS_s04_T3_test,7,97,10.233333333333333,0.46887892484664917,-0.5463752552279293
UBFC_PHYS_s04_T3_test,7,98,10.266666666666667,0.39327049255371094,-0.811455810166755
UBFC_PHYS_s04_T3_test,7,99,10.3,0.25564736127853394,-1.0321715955218256
UBFC_PHYS_s04_T3_test,7,100,10.333333333333334,0.06480889767408371,-1.1930178659927253
UBFC_PHYS_s04_T3_test,7,101,10.366666666666667,-0.12550334632396698,-1.273900424767895
UBFC_PHYS_s04_T3_test,7,102,10.4,-0.2840968668460846,-1.2482726890010234
UBFC_PHYS_s04_T3_test,7,103,10.433333333333334,-0.45128515362739563,-1.0882177088427087
UBFC_PHYS_s04_T3_test,7,104,10.466666666666667,-0.6791141629219055,-0.7759795542500273
UBFC_PHYS_s04_T3_test,7,105,10.5,-0.9231484532356262,-0.3179778085470859
UBFC_PHYS_s04_T3_test,7,106,10.533333333333333,-1.0215104818344116,0.24549285327052667
UBFC_PHYS_s04_T3_test,7,107,10.566666666666666,-0.8575282096862793,0.8413302215366051
UBFC_PHYS_s04_T3_test,7,108,10.6,-0.49607139825820923,1.377310095338987
UBFC_PHYS_s04_T3_test,7,109,10.633333333333333,-0.11732761561870575,1.7642492599208484
UBFC_PHYS_s04_T3_test,7,110,10.666666666666666,0.1671760380268097,1.9388514382093303
UBFC_PHYS_s04_T3_test,7,111,10.7,0.35779035091400146,1.8793262208300585
UBFC_PHYS_s04_T3_test,7,112,10.733333333333333,0.4723772406578064,1.6086672678676235
UBFC_PHYS_s04_T3_test,7,113,10.766666666666667,0.5172122120857239,1.1849946224511683
UBFC_PHYS_s04_T3_test,7,114,10.8,0.5288375020027161,0.6829995036077232
UBFC_PHYS_s04_T3_test,7,115,10.833333333333334,0.5427333116531372,0.17341703697103375
UBFC_PHYS_s04_T3_test,7,116,10.866666666666667,0.5408428907394409,-0.29253543230643453
UBFC_PHYS_s04_T3_test,7,117,10.9,0.48618534207344055,-0.689277192990345
UBFC_PHYS_s04_T3_test,7,118,10.933333333333334,0.39414751529693604,-1.0127488316960547
UBFC_PHYS_s04_T3_test,7,119,10.966666666666667,0.30335697531700134,-1.2689355481542481
UBFC_PHYS_s04_T3_test,7,120,11.0,0.19694581627845764,-1.4604419059080722
UBFC_PHYS_s04_T3_test,7,121,11.033333333333333,0.035760216414928436,-1.5770534601468273
UBFC_PHYS_s04_T3_test,7,122,11.066666666666666,-0.14585009217262268,-1.594480526122935
UBFC_PHYS_s04_T3_test,7,123,11.1,-0.2855585813522339,-1.4822056534484576
UBFC_PHYS_s04_T3_test,7,124,11.133333333333333,-0.39379197359085083,-1.217751984402861
UBFC_PHYS_s04_T3_test,7,125,11.166666666666666,-0.5549483299255371,-0.8018560900642118
UBFC_PHYS_s04_T3_test,7,126,11.2,-0.8099842667579651,-0.26795446458302685
UBFC_PHYS_s04_T3_test,7,127,11.233333333333333,-1.0488344430923462,0.319091424730909
UBFC_PHYS_s04_T3_test,7,128,11.266666666666667,-1.0691616535186768,0.8760441609455175
UBFC_PHYS_s04_T3_test,7,129,11.3,-0.802091121673584,1.3219859395207196
UBFC_PHYS_s04_T3_test,7,130,11.333333333333334,-0.3964035212993622,1.5987251687978228
UBFC_PHYS_s04_T3_test,7,131,11.366666666666667,-0.03141912817955017,1.6829845202324414
UBFC_PHYS_s04_T3_test,7,132,11.4,0.233137309551239,1.586724182382912
UBFC_PHYS_s04_T3_test,7,133,11.433333333333334,0.416813462972641,1.3475083441483917
UBFC_PHYS_s04_T3_test,7,134,11.466666666666667,0.5273563265800476,1.0141813765144914
UBFC_PHYS_s04_T3_test,7,135,11.5,0.5749392509460449,0.6334599032518888
UBFC_PHYS_s04_T3_test,7,136,11.533333333333333,0.6051183342933655,0.2413337002609388
UBFC_PHYS_s04_T3_test,7,137,11.566666666666666,0.635638415813446,-0.13931149295249629
UBFC_PHYS_s04_T3_test,7,138,11.6,0.6128847599029541,-0.49563261649562046
UBFC_PHYS_s04_T3_test,7,139,11.633333333333333,0.5143960118293762,-0.8185450379504907
UBFC_PHYS_s04_T3_test,7,140,11.666666666666666,0.4081115424633026,-1.0960554109805118
UBFC_PHYS_s04_T3_test,7,141,11.7,0.33452022075653076,-1.3089783611229668
UBFC_PHYS_s04_T3_test,7,142,11.733333333333333,0.23517392575740814,-1.431101885658412
UBFC_PHYS_s04_T3_test,7,143,11.766666666666667,0.0692427009344101,-1.4344752120898088
UBFC_PHYS_s04_T3_test,7,144,11.8,-0.1082846149802208,-1.2985789849450795
UBFC_PHYS_s04_T3_test,7,145,11.833333333333334,-0.24999074637889862,-1.0204119958466666
UBFC_PHYS_s04_T3_test,7,146,11.866666666666667,-0.38400837779045105,-0.6217033768460958
UBFC_PHYS_s04_T3_test,7,147,11.9,-0.5645662546157837,-0.14967788822090555
UBFC_PHYS_s04_T3_test,7,148,11.933333333333334,-0.8027635216712952,0.3307666571140911
UBFC_PHYS_s04_T3_test,7,149,11.966666666666667,-1.0037851333618164,0.7523184270425065
UBFC_PHYS_s04_T3_test,7,150,12.0,-0.9918479323387146,1.062436060422037
UBFC_PHYS_s04_T3_test,7,151,12.033333333333333,-0.6996850371360779,1.2351141857281835
UBFC_PHYS_s04_T3_test,7,152,12.066666666666666,-0.3102514147758484,1.2728635159679598
UBFC_PHYS_s04_T3_test,7,153,12.1,-0.00658011669293046,1.1996035682318862
UBFC_PHYS_s04_T3_test,7,154,12.133333333333333,0.2084054797887802,1.0485176060421217
UBFC_PHYS_s04_T3_test,7,155,12.166666666666666,0.39393311738967896,0.8499524903664745
UBFC_PHYS_s04_T3_test,7,156,12.2,0.5312346816062927,0.6239222208001907
UBFC_PHYS_s04_T3_test,7,157,12.233333333333333,0.5872369408607483,0.379527359253282
UBFC_PHYS_s04_T3_test,7,158,12.266666666666667,0.5886986255645752,0.12000609475140406
UBFC_PHYS_s04_T3_test,7,159,12.3,0.5713727474212646,-0.15052216629625806
UBFC_PHYS_s04_T3_test,7,160,12.333333333333334,0.5410767197608948,-0.42242340665410033
UBFC_PHYS_s04_T3_test,7,161,12.366666666666667,0.5021567940711975,-0.6797208531131654
UBFC_PHYS_s04_T3_test,7,162,12.4,0.4489706754684448,-0.9025608909465989
UBFC_PHYS_s04_T3_test,7,163,12.433333333333334,0.3562409579753876,-1.0711278439059333
UBFC_PHYS_s04_T3_test,7,164,12.466666666666667,0.21746796369552612,-1.1689377362236337
UBFC_PHYS_s04_T3_test,7,165,12.5,0.05852362513542175,-1.1842945258534696
UBFC_PHYS_s04_T3_test,7,166,12.533333333333333,-0.10004067420959473,-1.1101548149589002
UBFC_PHYS_s04_T3_test,7,167,12.566666666666666,-0.25431734323501587,-0.9437541847740484
UBFC_PHYS_s04_T3_test,7,168,12.6,-0.4002721309661865,-0.6873900404339448
UBFC_PHYS_s04_T3_test,7,169,12.633333333333333,-0.5449893474578857,-0.3509288739780526
UBFC_PHYS_s04_T3_test,7,170,12.666666666666666,-0.7231890559196472,0.04456985589736141
UBFC_PHYS_s04_T3_test,7,171,12.7,-0.9478802680969238,0.4640619610550559
UBFC_PHYS_s04_T3_test,7,172,12.733333333333333,-1.1193171739578247,0.8594745843944168
UBFC_PHYS_s04_T3_test,7,173,12.766666666666667,-1.0539698600769043,1.1765065097677843
UBFC_PHYS_s04_T3_test,7,174,12.8,-0.712986409664154,1.3663637514259899
UBFC_PHYS_s04_T3_test,7,175,12.833333333333334,-0.2843892276287079,1.3984877669933913
UBFC_PHYS_s04_T3_test,7,176,12.866666666666667,0.05358310788869858,1.2695730258302294
UBFC_PHYS_s04_T3_test,7,177,12.9,0.28847694396972656,1.0056344553442231
UBFC_PHYS_s04_T3_test,7,178,12.933333333333334,0.4693759083747864,0.6563033042307849
UBFC_PHYS_s04_T3_test,7,179,12.966666666666667,0.5948182940483093,0.2829341564722075
UBFC_PHYS_s04_T3_test,7,180,13.0,0.6541629433631897,-0.056106338084246914
UBFC_PHYS_s04_T3_test,7,181,13.033333333333333,0.6656031012535095,-0.31879667805750694
UBFC_PHYS_s04_T3_test,7,182,13.066666666666666,0.6479068994522095,-0.4876517879480262
UBFC_PHYS_s04_T3_test,7,183,13.1,0.6055470705032349,-0.5704644362154575
UBFC_PHYS_s04_T3_test,7,184,13.133333333333333,0.5469722151756287,-0.5936584162226911
UBFC_PHYS_s04_T3_test,7,185,13.166666666666666,0.47656741738319397,-0.5906370995790695
UBFC_PHYS_s04_T3_test,7,186,13.2,0.38515323400497437,-0.5889530344817335
UBFC_PHYS_s04_T3_test,7,187,13.233333333333333,0.2598375380039215,-0.6003012910950652
UBFC_PHYS_s04_T3_test,7,188,13.266666666666667,0.09857397526502609,-0.616350434901739
UBFC_PHYS_s04_T3_test,7,189,13.3,-0.0795769914984703,-0.611759565796669
UBFC_PHYS_s04_T3_test,7,190,13.333333333333334,-0.24161037802696228,-0.5538535063391501
UBFC_PHYS_s04_T3_test,7,191,13.366666666666667,-0.3766414523124695,-0.4164669547338266
UBFC_PHYS_s04_T3_test,7,192,13.4,-0.5223526358604431,-0.19365493831612923
UBFC_PHYS_s04_T3_test,7,193,13.433333333333334,-0.7288408875465393,0.09196378368333047
UBFC_PHYS_s04_T3_test,7,194,13.466666666666667,-0.9783321619033813,0.39060017141129316
UBFC_PHYS_s04_T3_test,7,195,13.5,-1.133047342300415,0.6375811771915018
UBFC_PHYS_s04_T3_test,7,196,13.533333333333333,-1.0196980237960815,0.7728651510661187
UBFC_PHYS_s04_T3_test,7,197,13.566666666666666,-0.6574421525001526,0.7602604426243609
UBFC_PHYS_s04_T3_test,7,198,13.6,-0.23381468653678894,0.5984912824201035
UBFC_PHYS_s04_T3_test,7,199,13.633333333333333,0.10034749656915665,0.3201130472969461
UBFC_PHYS_s04_T3_test,7,200,13.666666666666666,0.3324933648109436,-0.01957490603960156
UBFC_PHYS_s04_T3_test,7,201,13.7,0.5061228275299072,-0.3572437791320148
UBFC_PHYS_s04_T3_test,7,202,13.733333333333333,0.64000403881073,-0.6340064331154525
UBFC_PHYS_s04_T3_test,7,203,13.766666666666667,0.7226772904396057,-0.8032564457319594
UBFC_PHYS_s04_T3_test,7,204,13.8,0.7472727298736572,-0.8346036729637618
UBFC_PHYS_s04_T3_test,7,205,13.833333333333334,0.7348970174789429,-0.715936532585779
UBFC_PHYS_s04_T3_test,7,206,13.866666666666667,0.7194420695304871,-0.45520518756838646
UBFC_PHYS_s04_T3_test,7,207,13.9,0.7061699628829956,-0.08196463718268861
UBFC_PHYS_s04_T3_test,7,208,13.933333333333334,0.6532956957817078,0.352991010986717
UBFC_PHYS_s04_T3_test,7,209,13.966666666666667,0.5255243182182312,0.782374192855208
UBFC_PHYS_s04_T3_test,7,210,14.0,0.3553932011127472,1.133095957449005
UBFC_PHYS_s04_T3_test,7,211,14.033333333333333,0.20446865260601044,1.3416263479383608
UBFC_PHYS_s04_T3_test,7,212,14.066666666666666,0.08494126796722412,1.3691693025082743
UBFC_PHYS_s04_T3_test,7,213,14.1,-0.016636554151773453,1.210455474454148
UBFC_PHYS_s04_T3_test,7,214,14.133333333333333,-0.0933266431093216,0.8926447334064753
UBFC_PHYS_s04_T3_test,7,215,14.166666666666666,-0.13290925323963165,0.4656240844546485
UBFC_PHYS_s04_T3_test,7,216,14.2,-0.1542402058839798,-0.011412810839763364
UBFC_PHYS_s04_T3_test,7,217,14.233333333333333,-0.20542864501476288,-0.48164016831963286
UBFC_PHYS_s04_T3_test,7,218,14.266666666666667,-0.2817484438419342,-0.8973478087165667
UBFC_PHYS_s04_T3_test,7,219,14.3,-0.2503318190574646,-1.221777413975711
UBFC_PHYS_s04_T3_test,7,220,14.333333333333334,0.006877190433442593,-1.4281663135610796
UBFC_PHYS_s04_T3_test,7,221,14.366666666666667,0.40229400992393494,-1.4987180824274988
UBFC_PHYS_s04_T3_test,7,222,14.4,0.6997092366218567,-1.4256489713707872
UBFC_PHYS_s04_T3_test,7,223,14.433333333333334,0.7433748841285706,-1.214712230384591
UBFC_PHYS_s04_T3_test,7,224,14.466666666666667,0.5741889476776123,-0.8891628590739088
UBFC_PHYS_s04_T3_test,7,225,14.5,0.3545161783695221,-0.49066678702141603
UBFC_PHYS_s04_T3_test,7,226,14.533333333333333,0.21411582827568054,-0.07452428458653247
UBFC_PHYS_s04_T3_test,7,227,14.566666666666666,0.13614919781684875,0.3006743076312822
UBFC_PHYS_s04_T3_test,7,228,14.6,0.040632519870996475,0.5858377004028338
UBFC_PHYS_s04_T3_test,7,229,14.633333333333333,-0.08273424953222275,0.7520094885965859
UBFC_PHYS_s04_T3_test,7,230,14.666666666666666,-0.1817297488451004,0.7952016036820031
UBFC_PHYS_s04_T3_test,7,231,14.7,-0.24884088337421417,0.7344009940489652
UBFC_PHYS_s04_T3_test,7,232,14.733333333333333,-0.3317188024520874,0.6044168597231284
UBFC_PHYS_s04_T3_test,7,233,14.766666666666667,-0.4509246051311493,0.44657442864547586
UBFC_PHYS_s04_T3_test,7,234,14.8,-0.5834513306617737,0.29984231405224343
UBFC_PHYS_s04_T3_test,7,235,14.833333333333334,-0.7064282894134521,0.19385057592612695
UBFC_PHYS_s04_T3_test,7,236,14.866666666666667,-0.8019644618034363,0.14454710121108405
UBFC_PHYS_s04_T3_test,7,237,14.9,-0.8554721474647522,0.1528425465629404
UBFC_PHYS_s04_T3_test,7,238,14.933333333333334,-0.8649146556854248,0.20604890009590776
UBFC_PHYS_s04_T3_test,7,239,14.966666666666667,-0.8409234285354614,0.281459894415898
UBFC_PHYS_s04_T3_test,8,0,8.0,0.25936004519462585,-0.07243951613583753
UBFC_PHYS_s04_T3_test,8,1,8.033333333333333,0.0725850984454155,-0.3227064914647317
UBFC_PHYS_s04_T3_test,8,2,8.066666666666666,-0.1113736554980278,-0.4923838747220156
UBFC_PHYS_s04_T3_test,8,3,8.1,-0.28666946291923523,-0.5255124921598687
UBFC_PHYS_s04_T3_test,8,4,8.133333333333333,-0.5020253658294678,-0.4084606842246746
UBFC_PHYS_s04_T3_test,8,5,8.166666666666666,-0.8074799180030823,-0.17375824889210045
UBFC_PHYS_s04_T3_test,8,6,8.2,-1.13936185836792,0.1110015464926187
UBFC_PHYS_s04_T3_test,8,7,8.233333333333333,-1.334643840789795,0.36466311922635286
UBFC_PHYS_s04_T3_test,8,8,8.266666666666667,-1.310038685798645,0.5162867901780392
UBFC_PHYS_s04_T3_test,8,9,8.3,-1.1453255414962769,0.5232870438810964
UBFC_PHYS_s04_T3_test,8,10,8.333333333333334,-0.9497025012969971,0.3794092816149888
UBFC_PHYS_s04_T3_test,8,11,8.366666666666667,-0.7698267102241516,0.11250757115998071
UBFC_PHYS_s04_T3_test,8,12,8.4,-0.6079785227775574,-0.22462614360950267
UBFC_PHYS_s04_T3_test,8,13,8.433333333333334,-0.45691755414009094,-0.5662573136623198
UBFC_PHYS_s04_T3_test,8,14,8.466666666666667,-0.32350409030914307,-0.84569322040654
UBFC_PHYS_s04_T3_test,8,15,8.5,-0.20794275403022766,-1.0062630622211723
UBFC_PHYS_s04_T3_test,8,16,8.533333333333333,-0.07791066914796829,-1.0110832455465812
UBFC_PHYS_s04_T3_test,8,17,8.566666666666666,0.08349906653165817,-0.8507910954560924
UBFC_PHYS_s04_T3_test,8,18,8.6,0.24690644443035126,-0.5472472006003726
UBFC_PHYS_s04_T3_test,8,19,8.633333333333333,0.37157899141311646,-0.150797650824969
UBFC_PHYS_s04_T3_test,8,20,8.666666666666666,0.42648011445999146,0.2699690386596499
UBFC_PHYS_s04_T3_test,8,21,8.7,0.4003840684890747,0.6441370380764293
UBFC_PHYS_s04_T3_test,8,22,8.733333333333333,0.32257333397865295,0.9151833202421288
UBFC_PHYS_s04_T3_test,8,23,8.766666666666667,0.22377273440361023,1.052670609607724
UBFC_PHYS_s04_T3_test,8,24,8.8,0.07907500863075256,1.0552969713951923
UBFC_PHYS_s04_T3_test,8,25,8.833333333333334,-0.13812261819839478,0.9455686202239664
UBFC_PHYS_s04_T3_test,8,26,8.866666666666667,-0.38935816287994385,0.7594896168708389
UBFC_PHYS_s04_T3_test,8,27,8.9,-0.6223615407943726,0.5357123656956106
UBFC_PHYS_s04_T3_test,8,28,8.933333333333334,-0.8536303639411926,0.3075583560459407
UBFC_PHYS_s04_T3_test,8,29,8.966666666666667,-1.1440880298614502,0.0992499319231167
UBFC_PHYS_s04_T3_test,8,30,9.0,-1.4711365699768066,-0.07417298278347086
UBFC_PHYS_s04_T3_test,8,31,9.033333333333333,-1.6373310089111328,-0.20486817123435255
UBFC_PHYS_s04_T3_test,8,32,9.066666666666666,-1.4634675979614258,-0.28997068111015406
UBFC_PHYS_s04_T3_test,8,33,9.1,-1.0234496593475342,-0.3303251284973535
UBFC_PHYS_s04_T3_test,8,34,9.133333333333333,-0.5535938143730164,-0.33022747090688603
UBFC_PHYS_s04_T3_test,8,35,9.166666666666666,-0.17987826466560364,-0.29748539776371563
UBFC_PHYS_s04_T3_test,8,36,9.2,0.11322012543678284,-0.24320737739208742
UBFC_PHYS_s04_T3_test,8,37,9.233333333333333,0.33895403146743774,-0.18100441006786192
UBFC_PHYS_s04_T3_test,8,38,9.266666666666667,0.4938056468963623,-0.12515302509848383
UBFC_PHYS_s04_T3_test,8,39,9.3,0.608587384223938,-0.08739645921114449
UBFC_PHYS_s04_T3_test,8,40,9.333333333333334,0.7068325877189636,-0.07308184271883914
UBFC_PHYS_s04_T3_test,8,41,9.366666666666667,0.7808429002761841,-0.07852269613254634
UBFC_PHYS_s04_T3_test,8,42,9.4,0.8264378905296326,-0.09164348438447073
UBFC_PHYS_s04_T3_test,8,43,9.433333333333334,0.83769291639328,-0.0965536407420455
UBFC_PHYS_s04_T3_test,8,44,9.466666666666667,0.7954598069190979,-0.08034680188328369
UBFC_PHYS_s04_T3_test,8,45,9.5,0.7038604617118835,-0.03903612561074841
UBFC_PHYS_s04_T3_test,8,46,9.533333333333333,0.592216432094574,0.019685464464001646
UBFC_PHYS_s04_T3_test,8,47,9.566666666666666,0.46545857191085815,0.0774654324101611
UBFC_PHYS_s04_T3_test,8,48,9.6,0.30668962001800537,0.1096626698598982
UBFC_PHYS_s04_T3_test,8,49,9.633333333333333,0.12939618527889252,0.09208559250523876
UBFC_PHYS_s04_T3_test,8,50,9.666666666666666,-0.03200380504131317,0.008432369249916536
UBFC_PHYS_s04_T3_test,8,51,9.7,-0.18543270230293274,-0.143522086127364
UBFC_PHYS_s04_T3_test,8,52,9.733333333333333,-0.3880816102027893,-0.34834466992783836
UBFC_PHYS_s04_T3_test,8,53,9.766666666666667,-0.6619149446487427,-0.5725167068337297
UBFC_PHYS_s04_T3_test,8,54,9.8,-0.8871323466300964,-0.7675061558091286
UBFC_PHYS_s04_T3_test,8,55,9.833333333333334,-0.8745715618133545,-0.8768765761121523
UBFC_PHYS_s04_T3_test,8,56,9.866666666666667,-0.5808300375938416,-0.8477553022806993
UBFC_PHYS_s04_T3_test,8,57,9.9,-0.17821194231510162,-0.6456547437086096
UBFC_PHYS_s04_T3_test,8,58,9.933333333333334,0.1482519954442978,-0.2692756488637673
UBFC_PHYS_s04_T3_test,8,59,9.966666666666667,0.3719395399093628,0.2402300331363469
UBFC_PHYS_s04_T3_test,8,60,10.0,0.5372276306152344,0.8012330315103722
UBFC_PHYS_s04_T3_test,8,61,10.033333333333333,0.6380063891410828,1.307426639950038
UBFC_PHYS_s04_T3_test,8,62,10.066666666666666,0.6673474311828613,1.6541481178051949
UBFC_PHYS_s04_T3_test,8,63,10.1,0.6574371457099915,1.766278658320193
UBFC_PHYS_s04_T3_test,8,64,10.133333333333333,0.6288561820983887,1.6170210974724966
UBFC_PHYS_s04_T3_test,8,65,10.166666666666666,0.5794705152511597,1.2308670456656163
UBFC_PHYS_s04_T3_test,8,66,10.2,0.5218798518180847,0.6721328897424323
UBFC_PHYS_s04_T3_test,8,67,10.233333333333333,0.46887892484664917,0.026640858738765736
UBFC_PHYS_s04_T3_test,8,68,10.266666666666667,0.39327049255371094,-0.6158468018148119
UBFC_PHYS_s04_T3_test,8,69,10.3,0.25564736127853394,-1.174451782848346
UBFC_PHYS_s04_T3_test,8,70,10.333333333333334,0.06480889767408371,-1.5842804340430123
UBFC_PHYS_s04_T3_test,8,71,10.366666666666667,-0.12550334632396698,-1.7987758751219443
UBFC_PHYS_s04_T3_test,8,72,10.4,-0.2840968668460846,-1.790039059662236
UBFC_PHYS_s04_T3_test,8,73,10.433333333333334,-0.45128515362739563,-1.550359173251971
UBFC_PHYS_s04_T3_test,8,74,10.466666666666667,-0.6791141629219055,-1.096459717088849
UBFC_PHYS_s04_T3_test,8,75,10.5,-0.9231484532356262,-0.4748754680647288
UBFC_PHYS_s04_T3_test,8,76,10.533333333333333,-1.0215104818344116,0.2357345488471061
UBFC_PHYS_s04_T3_test,8,77,10.566666666666666,-0.8575282096862793,0.9302356189930182
UBFC_PHYS_s04_T3_test,8,78,10.6,-0.49607139825820923,1.4934864877972591
UBFC_PHYS_s04_T3_test,8,79,10.633333333333333,-0.11732761561870575,1.8255480689977295
UBFC_PHYS_s04_T3_test,8,80,10.666666666666666,0.1671760380268097,1.867600772600606
UBFC_PHYS_s04_T3_test,8,81,10.7,0.35779035091400146,1.6181225877252472
UBFC_PHYS_s04_T3_test,8,82,10.733333333333333,0.4723772406578064,1.1327369065788293
UBFC_PHYS_s04_T3_test,8,83,10.766666666666667,0.5172122120857239,0.5083053057633268
UBFC_PHYS_s04_T3_test,8,84,10.8,0.5288375020027161,-0.14243250638307803
UBFC_PHYS_s04_T3_test,8,85,10.833333333333334,0.5427333116531372,-0.7171206466488735
UBFC_PHYS_s04_T3_test,8,86,10.866666666666667,0.5408428907394409,-1.14342148609294
UBFC_PHYS_s04_T3_test,8,87,10.9,0.48618534207344055,-1.3875939578601495
UBFC_PHYS_s04_T3_test,8,88,10.933333333333334,0.39414751529693604,-1.4514257600275011
UBFC_PHYS_s04_T3_test,8,89,10.966666666666667,0.30335697531700134,-1.3606720134482586
UBFC_PHYS_s04_T3_test,8,90,11.0,0.19694581627845764,-1.1508484599101747
UBFC_PHYS_s04_T3_test,8,91,11.033333333333333,0.035760216414928436,-0.8562491089929871
UBFC_PHYS_s04_T3_test,8,92,11.066666666666666,-0.14585009217262268,-0.5050646720250379
UBFC_PHYS_s04_T3_test,8,93,11.1,-0.2855585813522339,-0.11999420093515582
UBFC_PHYS_s04_T3_test,8,94,11.133333333333333,-0.39379197359085083,0.2778059119481951
UBFC_PHYS_s04_T3_test,8,95,11.166666666666666,-0.5549483299255371,0.6637247774359107
UBFC_PHYS_s04_T3_test,8,96,11.2,-0.8099842667579651,1.0060864615525702
UBFC_PHYS_s04_T3_test,8,97,11.233333333333333,-1.0488344430923462,1.2664851089061813
UBFC_PHYS_s04_T3_test,8,98,11.266666666666667,-1.0691616535186768,1.405838701857823
UBFC_PHYS_s04_T3_test,8,99,11.3,-0.802091121673584,1.3955641690317195
UBFC_PHYS_s04_T3_test,8,100,11.333333333333334,-0.3964035212993622,1.229844757374805
UBFC_PHYS_s04_T3_test,8,101,11.366666666666667,-0.03141912817955017,0.9327032025691012
UBFC_PHYS_s04_T3_test,8,102,11.4,0.233137309551239,0.5546755114726646
UBFC_PHYS_s04_T3_test,8,103,11.433333333333334,0.416813462972641,0.15850519585506714
UBFC_PHYS_s04_T3_test,8,104,11.466666666666667,0.5273563265800476,-0.20065195381134154
UBFC_PHYS_s04_T3_test,8,105,11.5,0.5749392509460449,-0.49142082122513164
UBFC_PHYS_s04_T3_test,8,106,11.533333333333333,0.6051183342933655,-0.7112745515364168
UBFC_PHYS_s04_T3_test,8,107,11.566666666666666,0.635638415813446,-0.8785161585821262
UBFC_PHYS_s04_T3_test,8,108,11.6,0.6128847599029541,-1.015454157603672
UBFC_PHYS_s04_T3_test,8,109,11.633333333333333,0.5143960118293762,-1.1309418430402627
UBFC_PHYS_s04_T3_test,8,110,11.666666666666666,0.4081115424633026,-1.2103882187824433
UBFC_PHYS_s04_T3_test,8,111,11.7,0.33452022075653076,-1.2178113877898198
UBFC_PHYS_s04_T3_test,8,112,11.733333333333333,0.23517392575740814,-1.1094124312862443
UBFC_PHYS_s04_T3_test,8,113,11.766666666666667,0.0692427009344101,-0.8538624045042739
UBFC_PHYS_s04_T3_test,8,114,11.8,-0.1082846149802208,-0.45240273870507575
UBFC_PHYS_s04_T3_test,8,115,11.833333333333334,-0.24999074637889862,0.04862015809317112
UBFC_PHYS_s04_T3_test,8,116,11.866666666666667,-0.38400837779045105,0.5595319486565717
UBFC_PHYS_s04_T3_test,8,117,11.9,-0.5645662546157837,0.9670343110929268
UBFC_PHYS_s04_T3_test,8,118,11.933333333333334,-0.8027635216712952,1.168831282723357
UBFC_PHYS_s04_T3_test,8,119,11.966666666666667,-1.0037851333618164,1.1118216131288947
UBFC_PHYS_s04_T3_test,8,120,12.0,-0.9918479323387146,0.816940374940112
UBFC_PHYS_s04_T3_test,8,121,12.033333333333333,-0.6996850371360779,0.3769659969645645
UBFC_PHYS_s04_T3_test,8,122,12.066666666666666,-0.3102514147758484,-0.07342380717066957
UBFC_PHYS_s04_T3_test,8,123,12.1,-0.00658011669293046,-0.4023241650208226
UBFC_PHYS_s04_T3_test,8,124,12.133333333333333,0.2084054797887802,-0.5219103878181697
UBFC_PHYS_s04_T3_test,8,125,12.166666666666666,0.39393311738967896,-0.41221341218347907
UBFC_PHYS_s04_T3_test,8,126,12.2,0.5312346816062927,-0.12141043809053498
UBFC_PHYS_s04_T3_test,8,127,12.233333333333333,0.5872369408607483,0.2548225145179712
UBFC_PHYS_s04_T3_test,8,128,12.266666666666667,0.5886986255645752,0.6061097176174092
UBFC_PHYS_s04_T3_test,8,129,12.3,0.5713727474212646,0.8407278946167775
UBFC_PHYS_s04_T3_test,8,130,12.333333333333334,0.5410767197608948,0.9087715842530394
UBFC_PHYS_s04_T3_test,8,131,12.366666666666667,0.5021567940711975,0.8087896551965076
UBFC_PHYS_s04_T3_test,8,132,12.4,0.4489706754684448,0.5782220712953976
UBFC_PHYS_s04_T3_test,8,133,12.433333333333334,0.3562409579753876,0.27393541328880217
UBFC_PHYS_s04_T3_test,8,134,12.466666666666667,0.21746796369552612,-0.04826753167673269
UBFC_PHYS_s04_T3_test,8,135,12.5,0.05852362513542175,-0.3475974800533713
UBFC_PHYS_s04_T3_test,8,136,12.533333333333333,-0.10004067420959473,-0.6020926407471628
UBFC_PHYS_s04_T3_test,8,137,12.566666666666666,-0.25431734323501587,-0.8033488495709671
UBFC_PHYS_s04_T3_test,8,138,12.6,-0.4002721309661865,-0.9466812406202565
UBFC_PHYS_s04_T3_test,8,139,12.633333333333333,-0.5449893474578857,-1.022520523537201
UBFC_PHYS_s04_T3_test,8,140,12.666666666666666,-0.7231890559196472,-1.0137670858620944
UBFC_PHYS_s04_T3_test,8,141,12.7,-0.9478802680969238,-0.900741231233261
UBFC_PHYS_s04_T3_test,8,142,12.733333333333333,-1.1193171739578247,-0.6714674228520514
UBFC_PHYS_s04_T3_test,8,143,12.766666666666667,-1.0539698600769043,-0.3323929867240129
UBFC_PHYS_s04_T3_test,8,144,12.8,-0.712986409664154,0.08540744472613743
UBFC_PHYS_s04_T3_test,8,145,12.833333333333334,-0.2843892276287079,0.5277634352837647
UBFC_PHYS_s04_T3_test,8,146,12.866666666666667,0.05358310788869858,0.9275560276313629
UBFC_PHYS_s04_T3_test,8,147,12.9,0.28847694396972656,1.2211474808508587
UBFC_PHYS_s04_T3_test,8,148,12.933333333333334,0.4693759083747864,1.365126676064568
UBFC_PHYS_s04_T3_test,8,149,12.966666666666667,0.5948182940483093,1.3463509470734865
UBFC_PHYS_s04_T3_test,8,150,13.0,0.6541629433631897,1.1816421039189136
UBFC_PHYS_s04_T3_test,8,151,13.033333333333333,0.6656031012535095,0.9086090532472363
UBFC_PHYS_s04_T3_test,8,152,13.066666666666666,0.6479068994522095,0.572242063205211
UBFC_PHYS_s04_T3_test,8,153,13.1,0.6055470705032349,0.2123661484678405
UBFC_PHYS_s04_T3_test,8,154,13.133333333333333,0.5469722151756287,-0.14423723138645209
UBFC_PHYS_s04_T3_test,8,155,13.166666666666666,0.47656741738319397,-0.48516643147439376
UBFC_PHYS_s04_T3_test,8,156,13.2,0.38515323400497437,-0.8072877244698259
UBFC_PHYS_s04_T3_test,8,157,13.233333333333333,0.2598375380039215,-1.1072556436233805
UBFC_PHYS_s04_T3_test,8,158,13.266666666666667,0.09857397526502609,-1.3715884566275247
UBFC_PHYS_s04_T3_test,8,159,13.3,-0.0795769914984703,-1.570923397607607
UBFC_PHYS_s04_T3_test,8,160,13.333333333333334,-0.24161037802696228,-1.6618522482955067
UBFC_PHYS_s04_T3_test,8,161,13.366666666666667,-0.3766414523124695,-1.5970837741233366
UBFC_PHYS_s04_T3_test,8,162,13.4,-0.5223526358604431,-1.3416953714265747
UBFC_PHYS_s04_T3_test,8,163,13.433333333333334,-0.7288408875465393,-0.8907916506345581
UBFC_PHYS_s04_T3_test,8,164,13.466666666666667,-0.9783321619033813,-0.282540057362834
UBFC_PHYS_s04_T3_test,8,165,13.5,-1.133047342300415,0.3994358373098468
UBFC_PHYS_s04_T3_test,8,166,13.533333333333333,-1.0196980237960815,1.038426045473943
UBFC_PHYS_s04_T3_test,8,167,13.566666666666666,-0.6574421525001526,1.5110484797540176
UBFC_PHYS_s04_T3_test,8,168,13.6,-0.23381468653678894,1.720151921763847
UBFC_PHYS_s04_T3_test,8,169,13.633333333333333,0.10034749656915665,1.6225303866440877
UBFC_PHYS_s04_T3_test,8,170,13.666666666666666,0.3324933648109436,1.2419382699414563
UBFC_PHYS_s04_T3_test,8,171,13.7,0.5061228275299072,0.6641490800054486
UBFC_PHYS_s04_T3_test,8,172,13.733333333333333,0.64000403881073,0.016785851035981646
UBFC_PHYS_s04_T3_test,8,173,13.766666666666667,0.7226772904396057,-0.5598480485558289
UBFC_PHYS_s04_T3_test,8,174,13.8,0.7472727298736572,-0.943827287652089
UBFC_PHYS_s04_T3_test,8,175,13.833333333333334,0.7348970174789429,-1.0581213293753087
UBFC_PHYS_s04_T3_test,8,176,13.866666666666667,0.7194420695304871,-0.8873006412427153
UBFC_PHYS_s04_T3_test,8,177,13.9,0.7061699628829956,-0.48068880608037945
UBFC_PHYS_s04_T3_test,8,178,13.933333333333334,0.6532956957817078,0.059492544550971985
UBFC_PHYS_s04_T3_test,8,179,13.966666666666667,0.5255243182182312,0.6032450912708847
UBFC_PHYS_s04_T3_test,8,180,14.0,0.3553932011127472,1.0256849907124115
UBFC_PHYS_s04_T3_test,8,181,14.033333333333333,0.20446865260601044,1.2387749783989839
UBFC_PHYS_s04_T3_test,8,182,14.066666666666666,0.08494126796722412,1.2116501183176778
UBFC_PHYS_s04_T3_test,8,183,14.1,-0.016636554151773453,0.9726007310628331
UBFC_PHYS_s04_T3_test,8,184,14.133333333333333,-0.0933266431093216,0.5936637150503401
UBFC_PHYS_s04_T3_test,8,185,14.166666666666666,-0.13290925323963165,0.16615692193293546
UBFC_PHYS_s04_T3_test,8,186,14.2,-0.1542402058839798,-0.22271054461993894
UBFC_PHYS_s04_T3_test,8,187,14.233333333333333,-0.20542864501476288,-0.5058038718814054
UBFC_PHYS_s04_T3_test,8,188,14.266666666666667,-0.2817484438419342,-0.6440438941621064
UBFC_PHYS_s04_T3_test,8,189,14.3,-0.2503318190574646,-0.6292578626238408
UBFC_PHYS_s04_T3_test,8,190,14.333333333333334,0.006877190433442593,-0.48384732836888744
UBFC_PHYS_s04_T3_test,8,191,14.366666666666667,0.40229400992393494,-0.25666259710262285
UBFC_PHYS_s04_T3_test,8,192,14.4,0.6997092366218567,-0.013751713159049059
UBFC_PHYS_s04_T3_test,8,193,14.433333333333334,0.7433748841285706,0.17597101802016646
UBFC_PHYS_s04_T3_test,8,194,14.466666666666667,0.5741889476776123,0.25793512008340796
UBFC_PHYS_s04_T3_test,8,195,14.5,0.3545161783695221,0.20749950114005875
UBFC_PHYS_s04_T3_test,8,196,14.533333333333333,0.21411582827568054,0.0379496479569599
UBFC_PHYS_s04_T3_test,8,197,14.566666666666666,0.13614919781684875,-0.2034939539650084
UBFC_PHYS_s04_T3_test,8,198,14.6,0.040632519870996475,-0.4509320432480858
UBFC_PHYS_s04_T3_test,8,199,14.633333333333333,-0.08273424953222275,-0.6403205014303492
UBFC_PHYS_s04_T3_test,8,200,14.666666666666666,-0.1817297488451004,-0.7276018215090713
UBFC_PHYS_s04_T3_test,8,201,14.7,-0.24884088337421417,-0.6988073678946664
UBFC_PHYS_s04_T3_test,8,202,14.733333333333333,-0.3317188024520874,-0.5703386359436209
UBFC_PHYS_s04_T3_test,8,203,14.766666666666667,-0.4509246051311493,-0.38124548414833404
UBFC_PHYS_s04_T3_test,8,204,14.8,-0.5834513306617737,-0.18132101004653597
UBFC_PHYS_s04_T3_test,8,205,14.833333333333334,-0.7064282894134521,-0.018814872877761485
UBFC_PHYS_s04_T3_test,8,206,14.866666666666667,-0.8019644618034363,0.0698282346457888
UBFC_PHYS_s04_T3_test,8,207,14.9,-0.8554721474647522,0.06712455518013428
UBFC_PHYS_s04_T3_test,8,208,14.933333333333334,-0.8649146556854248,-0.022124167953603384
UBFC_PHYS_s04_T3_test,8,209,14.966666666666667,-0.8409234285354614,-0.1719880884284474
UBFC_PHYS_s04_T3_test,8,210,15.0,-0.8157141208648682,-0.3409405843236012
UBFC_PHYS_s04_T3_test,8,211,15.033333333333333,-0.8456300497055054,-0.4804262388664893
UBFC_PHYS_s04_T3_test,8,212,15.066666666666666,-0.9392855167388916,-0.5443033923811244
UBFC_PHYS_s04_T3_test,8,213,15.1,-0.9847733378410339,-0.49730028043989477
UBFC_PHYS_s04_T3_test,8,214,15.133333333333333,-0.8126640319824219,-0.32182072977761766
UBFC_PHYS_s04_T3_test,8,215,15.166666666666666,-0.39791393280029297,-0.022925151582370636
UBFC_PHYS_s04_T3_test,8,216,15.2,0.08012742549180984,0.36966424996149344
UBFC_PHYS_s04_T3_test,8,217,15.233333333333333,0.43927478790283203,0.804208070416226
UBFC_PHYS_s04_T3_test,8,218,15.266666666666667,0.6532859206199646,1.2144477049958469
UBFC_PHYS_s04_T3_test,8,219,15.3,0.7754248976707458,1.5304503488447587
UBFC_PHYS_s04_T3_test,8,220,15.333333333333334,0.8238653540611267,1.6911832878612318
UBFC_PHYS_s04_T3_test,8,221,15.366666666666667,0.8013260364532471,1.6573808131218633
UBFC_PHYS_s04_T3_test,8,222,15.4,0.7249380350112915,1.4221963161116804
UBFC_PHYS_s04_T3_test,8,223,15.433333333333334,0.6082268357276917,1.0160196430802764
UBFC_PHYS_s04_T3_test,8,224,15.466666666666667,0.46960002183914185,0.5025800936964304
UBFC_PHYS_s04_T3_test,8,225,15.5,0.36664822697639465,-0.03381566052837665
UBFC_PHYS_s04_T3_test,8,226,15.533333333333333,0.3632960617542267,-0.5066422066521056
UBFC_PHYS_s04_T3_test,8,227,15.566666666666666,0.43513333797454834,-0.845597954858959
UBFC_PHYS_s04_T3_test,8,228,15.6,0.4923829138278961,-1.009834863892166
UBFC_PHYS_s04_T3_test,8,229,15.633333333333333,0.446047306060791,-0.9930791416371569
UBFC_PHYS_s04_T3_test,8,230,15.666666666666666,0.22705666720867157,-0.8209322494873825
UBFC_PHYS_s04_T3_test,8,231,15.7,-0.1642674058675766,-0.5428657043624804
UBFC_PHYS_s04_T3_test,8,232,15.733333333333333,-0.5687077045440674,-0.22173543225651
UBFC_PHYS_s04_T3_test,8,233,15.766666666666667,-0.7634829878807068,0.07729439543421088
UBFC_PHYS_s04_T3_test,8,234,15.8,-0.7520135641098022,0.29739707979795155
UBFC_PHYS_s04_T3_test,8,235,15.833333333333334,-0.7658216953277588,0.39927946973132855
UBFC_PHYS_s04_T3_test,8,236,15.866666666666667,-0.9184515476226807,0.3672735348423172
UBFC_PHYS_s04_T3_test,8,237,15.9,-1.0444395542144775,0.21070604510708704
UBFC_PHYS_s04_T3_test,8,238,15.933333333333334,-0.9156743288040161,-0.03958045376160135
UBFC_PHYS_s04_T3_test,8,239,15.966666666666667,-0.5185911655426025,-0.3378991090046076
UBFC_PHYS_s04_T3_test,9,0,9.0,-1.4711365699768066,0.0017400012411515095
UBFC_PHYS_s04_T3_test,9,1,9.033333333333333,-1.6373310089111328,-0.1378374064755556
UBFC_PHYS_s04_T3_test,9,2,9.066666666666666,-1.4634675979614258,-0.24251095589652777
UBFC_PHYS_s04_T3_test,9,3,9.1,-1.0234496593475342,-0.28795330056440116
UBFC_PHYS_s04_T3_test,9,4,9.133333333333333,-0.5535938143730164,-0.26768901909456416
UBFC_PHYS_s04_T3_test,9,5,9.166666666666666,-0.17987826466560364,-0.19459117738399867
UBFC_PHYS_s04_T3_test,9,6,9.2,0.11322012543678284,-0.09608797146297461
UBFC_PHYS_s04_T3_test,9,7,9.233333333333333,0.33895403146743774,-0.0053525944370139454
UBFC_PHYS_s04_T3_test,9,8,9.266666666666667,0.4938056468963623,0.048291186303701314
UBFC_PHYS_s04_T3_test,9,9,9.3,0.608587384223938,0.04715157823800986
UBFC_PHYS_s04_T3_test,9,10,9.333333333333334,0.7068325877189636,-0.010485477501809561
UBFC_PHYS_s04_T3_test,9,11,9.366666666666667,0.7808429002761841,-0.11027510380649694
UBFC_PHYS_s04_T3_test,9,12,9.4,0.8264378905296326,-0.2260743075017709
UBFC_PHYS_s04_T3_test,9,13,9.433333333333334,0.83769291639328,-0.327599204585078
UBFC_PHYS_s04_T3_test,9,14,9.466666666666667,0.7954598069190979,-0.38927327533913725
UBFC_PHYS_s04_T3_test,9,15,9.5,0.7038604617118835,-0.3973447934394935
UBFC_PHYS_s04_T3_test,9,16,9.533333333333333,0.592216432094574,-0.35289781688892524
UBFC_PHYS_s04_T3_test,9,17,9.566666666666666,0.46545857191085815,-0.2700094821665296
UBFC_PHYS_s04_T3_test,9,18,9.6,0.30668962001800537,-0.1701889632972252
UBFC_PHYS_s04_T3_test,9,19,9.633333333333333,0.12939618527889252,-0.07536768452448935
UBFC_PHYS_s04_T3_test,9,20,9.666666666666666,-0.03200380504131317,-0.0016135744180303985
UBFC_PHYS_s04_T3_test,9,21,9.7,-0.18543270230293274,0.04504681950112185
UBFC_PHYS_s04_T3_test,9,22,9.733333333333333,-0.3880816102027893,0.07002183735687169
UBFC_PHYS_s04_T3_test,9,23,9.766666666666667,-0.6619149446487427,0.08853285092539993
UBFC_PHYS_s04_T3_test,9,24,9.8,-0.8871323466300964,0.12115047107881896
UBFC_PHYS_s04_T3_test,9,25,9.833333333333334,-0.8745715618133545,0.1872644600029243
UBFC_PHYS_s04_T3_test,9,26,9.866666666666667,-0.5808300375938416,0.2980239846051548
UBFC_PHYS_s04_T3_test,9,27,9.9,-0.17821194231510162,0.4507196723653919
UBFC_PHYS_s04_T3_test,9,28,9.933333333333334,0.1482519954442978,0.626323472856751
UBFC_PHYS_s04_T3_test,9,29,9.966666666666667,0.3719395399093628,0.7912580058505507
UBFC_PHYS_s04_T3_test,9,30,10.0,0.5372276306152344,0.9037401241658475
UBFC_PHYS_s04_T3_test,9,31,10.033333333333333,0.6380063891410828,0.9239303385057158
UBFC_PHYS_s04_T3_test,9,32,10.066666666666666,0.6673474311828613,0.8254509729378903
UBFC_PHYS_s04_T3_test,9,33,10.1,0.6574371457099915,0.6042890797042574
UBFC_PHYS_s04_T3_test,9,34,10.133333333333333,0.6288561820983887,0.2809455060265264
UBFC_PHYS_s04_T3_test,9,35,10.166666666666666,0.5794705152511597,-0.1058024848088427
UBFC_PHYS_s04_T3_test,9,36,10.2,0.5218798518180847,-0.5105467011884562
UBFC_PHYS_s04_T3_test,9,37,10.233333333333333,0.46887892484664917,-0.8921368911189351
UBFC_PHYS_s04_T3_test,9,38,10.266666666666667,0.39327049255371094,-1.2187658374477246
UBFC_PHYS_s04_T3_test,9,39,10.3,0.25564736127853394,-1.4664146914737317
UBFC_PHYS_s04_T3_test,9,40,10.333333333333334,0.06480889767408371,-1.6139198918225837
UBFC_PHYS_s04_T3_test,9,41,10.366666666666667,-0.12550334632396698,-1.6395105549340345
UBFC_PHYS_s04_T3_test,9,42,10.4,-0.2840968668460846,-1.5221651393795161
UBFC_PHYS_s04_T3_test,9,43,10.433333333333334,-0.45128515362739563,-1.2481035106858194
UBFC_PHYS_s04_T3_test,9,44,10.466666666666667,-0.6791141629219055,-0.8201497633072445
UBFC_PHYS_s04_T3_test,9,45,10.5,-0.9231484532356262,-0.26622700695186063
UBFC_PHYS_s04_T3_test,9,46,10.533333333333333,-1.0215104818344116,0.3571691746813574
UBFC_PHYS_s04_T3_test,9,47,10.566666666666666,-0.8575282096862793,0.9699007456546735
UBFC_PHYS_s04_T3_test,9,48,10.6,-0.49607139825820923,1.482655508100485
UBFC_PHYS_s04_T3_test,9,49,10.633333333333333,-0.11732761561870575,1.8181462723787962
UBFC_PHYS_s04_T3_test,9,50,10.666666666666666,0.1671760380268097,1.9318230149375015
UBFC_PHYS_s04_T3_test,9,51,10.7,0.35779035091400146,1.823457082389212
UBFC_PHYS_s04_T3_test,9,52,10.733333333333333,0.4723772406578064,1.5346323866497769
UBFC_PHYS_s04_T3_test,9,53,10.766666666666667,0.5172122120857239,1.1335155814552957
UBFC_PHYS_s04_T3_test,9,54,10.8,0.5288375020027161,0.6933110689167056
UBFC_PHYS_s04_T3_test,9,55,10.833333333333334,0.5427333116531372,0.2725802681998234
UBFC_PHYS_s04_T3_test,9,56,10.866666666666667,0.5408428907394409,-0.09596621356540525
UBFC_PHYS_s04_T3_test,9,57,10.9,0.48618534207344055,-0.4054814915461264
UBFC_PHYS_s04_T3_test,9,58,10.933333333333334,0.39414751529693604,-0.6655602605542785
UBFC_PHYS_s04_T3_test,9,59,10.966666666666667,0.30335697531700134,-0.8883218467192892
UBFC_PHYS_s04_T3_test,9,60,11.0,0.19694581627845764,-1.0757384714116613
UBFC_PHYS_s04_T3_test,9,61,11.033333333333333,0.035760216414928436,-1.212807905088133
UBFC_PHYS_s04_T3_test,9,62,11.066666666666666,-0.14585009217262268,-1.269064638145027
UBFC_PHYS_s04_T3_test,9,63,11.1,-0.2855585813522339,-1.2083271021768798
UBFC_PHYS_s04_T3_test,9,64,11.133333333333333,-0.39379197359085083,-1.0038046929334583
UBFC_PHYS_s04_T3_test,9,65,11.166666666666666,-0.5549483299255371,-0.6533852390174756
UBFC_PHYS_s04_T3_test,9,66,11.2,-0.8099842667579651,-0.18899886946484087
UBFC_PHYS_s04_T3_test,9,67,11.233333333333333,-1.0488344430923462,0.3246987129237574
UBFC_PHYS_s04_T3_test,9,68,11.266666666666667,-1.0691616535186768,0.803380237097521
UBFC_PHYS_s04_T3_test,9,69,11.3,-0.802091121673584,1.1642017840071417
UBFC_PHYS_s04_T3_test,9,70,11.333333333333334,-0.3964035212993622,1.3478372777039451
UBFC_PHYS_s04_T3_test,9,71,11.366666666666667,-0.03141912817955017,1.3335471744185483
UBFC_PHYS_s04_T3_test,9,72,11.4,0.233137309551239,1.1422741897599944
UBFC_PHYS_s04_T3_test,9,73,11.433333333333334,0.416813462972641,0.8274807059056384
UBFC_PHYS_s04_T3_test,9,74,11.466666666666667,0.5273563265800476,0.45774332986851485
UBFC_PHYS_s04_T3_test,9,75,11.5,0.5749392509460449,0.09748910013758763
UBFC_PHYS_s04_T3_test,9,76,11.533333333333333,0.6051183342933655,-0.2078517517285273
UBFC_PHYS_s04_T3_test,9,77,11.566666666666666,0.635638415813446,-0.43829509979424586
UBFC_PHYS_s04_T3_test,9,78,11.6,0.6128847599029541,-0.5968346659616627
UBFC_PHYS_s04_T3_test,9,79,11.633333333333333,0.5143960118293762,-0.7006759775780435
UBFC_PHYS_s04_T3_test,9,80,11.666666666666666,0.4081115424633026,-0.7703887239738753
UBFC_PHYS_s04_T3_test,9,81,11.7,0.33452022075653076,-0.8209271667683058
UBFC_PHYS_s04_T3_test,9,82,11.733333333333333,0.23517392575740814,-0.856868064529898
UBFC_PHYS_s04_T3_test,9,83,11.766666666666667,0.0692427009344101,-0.8723700686423381
UBFC_PHYS_s04_T3_test,9,84,11.8,-0.1082846149802208,-0.8550828450355007
UBFC_PHYS_s04_T3_test,9,85,11.833333333333334,-0.24999074637889862,-0.7924201725742777
UBFC_PHYS_s04_T3_test,9,86,11.866666666666667,-0.38400837779045105,-0.6779543271533576
UBFC_PHYS_s04_T3_test,9,87,11.9,-0.5645662546157837,-0.515468584702139
UBFC_PHYS_s04_T3_test,9,88,11.933333333333334,-0.8027635216712952,-0.31888875725532256
UBFC_PHYS_s04_T3_test,9,89,11.966666666666667,-1.0037851333618164,-0.10800911942231677
UBFC_PHYS_s04_T3_test,9,90,12.0,-0.9918479323387146,0.0979619016987752
UBFC_PHYS_s04_T3_test,9,91,12.033333333333333,-0.6996850371360779,0.2858602653288178
UBFC_PHYS_s04_T3_test,9,92,12.066666666666666,-0.3102514147758484,0.45057036118123645
UBFC_PHYS_s04_T3_test,9,93,12.1,-0.00658011669293046,0.5930356929844459
UBFC_PHYS_s04_T3_test,9,94,12.133333333333333,0.2084054797887802,0.7156102389576019
UBFC_PHYS_s04_T3_test,9,95,12.166666666666666,0.39393311738967896,0.8172406375604644
UBFC_PHYS_s04_T3_test,9,96,12.2,0.5312346816062927,0.8911066146380153
UBFC_PHYS_s04_T3_test,9,97,12.233333333333333,0.5872369408607483,0.926204150293822
UBFC_PHYS_s04_T3_test,9,98,12.266666666666667,0.5886986255645752,0.9122161166119642
UBFC_PHYS_s04_T3_test,9,99,12.3,0.5713727474212646,0.8450657315574536
UBFC_PHYS_s04_T3_test,9,100,12.333333333333334,0.5410767197608948,0.7300088614440922
UBFC_PHYS_s04_T3_test,9,101,12.366666666666667,0.5021567940711975,0.5803327945427518
UBFC_PHYS_s04_T3_test,9,102,12.4,0.4489706754684448,0.41209913583516417
UBFC_PHYS_s04_T3_test,9,103,12.433333333333334,0.3562409579753876,0.23761668182877485
UBFC_PHYS_s04_T3_test,9,104,12.466666666666667,0.21746796369552612,0.061179898005533376
UBFC_PHYS_s04_T3_test,9,105,12.5,0.05852362513542175,-0.12050885870596373
UBFC_PHYS_s04_T3_test,9,106,12.533333333333333,-0.10004067420959473,-0.31336593602402685
UBFC_PHYS_s04_T3_test,9,107,12.566666666666666,-0.25431734323501587,-0.5188521876201272
UBFC_PHYS_s04_T3_test,9,108,12.6,-0.4002721309661865,-0.7279434254528376
UBFC_PHYS_s04_T3_test,9,109,12.633333333333333,-0.5449893474578857,-0.9185364756674922
UBFC_PHYS_s04_T3_test,9,110,12.666666666666666,-0.7231890559196472,-1.057404049281994
UBFC_PHYS_s04_T3_test,9,111,12.7,-0.9478802680969238,-1.1066450486841473
UBFC_PHYS_s04_T3_test,9,112,12.733333333333333,-1.1193171739578247,-1.0336207236151576
UBFC_PHYS_s04_T3_test,9,113,12.766666666666667,-1.0539698600769043,-0.8222191060882776
UBFC_PHYS_s04_T3_test,9,114,12.8,-0.712986409664154,-0.48195016781749545
UBFC_PHYS_s04_T3_test,9,115,12.833333333333334,-0.2843892276287079,-0.050947563809505804
UBFC_PHYS_s04_T3_test,9,116,12.866666666666667,0.05358310788869858,0.4095151935993016
UBFC_PHYS_s04_T3_test,9,117,12.9,0.28847694396972656,0.8281565958489364
UBFC_PHYS_s04_T3_test,9,118,12.933333333333334,0.4693759083747864,1.1401921343704495
UBFC_PHYS_s04_T3_test,9,119,12.966666666666667,0.5948182940483093,1.3014688278577478
UBFC_PHYS_s04_T3_test,9,120,13.0,0.6541629433631897,1.2960328845394244
UBFC_PHYS_s04_T3_test,9,121,13.033333333333333,0.6656031012535095,1.1359739221868894
UBFC_PHYS_s04_T3_test,9,122,13.066666666666666,0.6479068994522095,0.8548358110597162
UBFC_PHYS_s04_T3_test,9,123,13.1,0.6055470705032349,0.49722011575755715
UBFC_PHYS_s04_T3_test,9,124,13.133333333333333,0.5469722151756287,0.10774480597262846
UBFC_PHYS_s04_T3_test,9,125,13.166666666666666,0.47656741738319397,-0.27766005038464836
UBFC_PHYS_s04_T3_test,9,126,13.2,0.38515323400497437,-0.6360153902923796
UBFC_PHYS_s04_T3_test,9,127,13.233333333333333,0.2598375380039215,-0.9563328088699317
UBFC_PHYS_s04_T3_test,9,128,13.266666666666667,0.09857397526502609,-1.2341025058895951
UBFC_PHYS_s04_T3_test,9,129,13.3,-0.0795769914984703,-1.4632599516127833
UBFC_PHYS_s04_T3_test,9,130,13.333333333333334,-0.24161037802696228,-1.6287120524892145
UBFC_PHYS_s04_T3_test,9,131,13.366666666666667,-0.3766414523124695,-1.7029809123150341
UBFC_PHYS_s04_T3_test,9,132,13.4,-0.5223526358604431,-1.6499176706715992
UBFC_PHYS_s04_T3_test,9,133,13.433333333333334,-0.7288408875465393,-1.4360052310036324
UBFC_PHYS_s04_T3_test,9,134,13.466666666666667,-0.9783321619033813,-1.0458678613628793
UBFC_PHYS_s04_T3_test,9,135,13.5,-1.133047342300415,-0.4956606182571287
UBFC_PHYS_s04_T3_test,9,136,13.533333333333333,-1.0196980237960815,0.16181000468222234
UBFC_PHYS_s04_T3_test,9,137,13.566666666666666,-0.6574421525001526,0.8434660915825382
UBFC_PHYS_s04_T3_test,9,138,13.6,-0.23381468653678894,1.4530202632173588
UBFC_PHYS_s04_T3_test,9,139,13.633333333333333,0.10034749656915665,1.9038707763184572
UBFC_PHYS_s04_T3_test,9,140,13.666666666666666,0.3324933648109436,2.140178880961236
UBFC_PHYS_s04_T3_test,9,141,13.7,0.5061228275299072,2.1486311321312104
UBFC_PHYS_s04_T3_test,9,142,13.733333333333333,0.64000403881073,1.9571441050603942
UBFC_PHYS_s04_T3_test,9,143,13.766666666666667,0.7226772904396057,1.6223164502251548
UBFC_PHYS_s04_T3_test,9,144,13.8,0.7472727298736572,1.2117762553751275
UBFC_PHYS_s04_T3_test,9,145,13.833333333333334,0.7348970174789429,0.7882159463100591
UBFC_PHYS_s04_T3_test,9,146,13.866666666666667,0.7194420695304871,0.3987794729760094
UBFC_PHYS_s04_T3_test,9,147,13.9,0.7061699628829956,0.06996076226845219
UBFC_PHYS_s04_T3_test,9,148,13.933333333333334,0.6532956957817078,-0.1927842039233843
UBFC_PHYS_s04_T3_test,9,149,13.966666666666667,0.5255243182182312,-0.401081815123205
UBFC_PHYS_s04_T3_test,9,150,14.0,0.3553932011127472,-0.5761285580733226
UBFC_PHYS_s04_T3_test,9,151,14.033333333333333,0.20446865260601044,-0.7395124583227392
UBFC_PHYS_s04_T3_test,9,152,14.066666666666666,0.08494126796722412,-0.9048459152023679
UBFC_PHYS_s04_T3_test,9,153,14.1,-0.016636554151773453,-1.0723364103759103
UBFC_PHYS_s04_T3_test,9,154,14.133333333333333,-0.0933266431093216,-1.2274131900405838
UBFC_PHYS_s04_T3_test,9,155,14.166666666666666,-0.13290925323963165,-1.3435062707826686
UBFC_PHYS_s04_T3_test,9,156,14.2,-0.1542402058839798,-1.3884433372696816
UBFC_PHYS_s04_T3_test,9,157,14.233333333333333,-0.20542864501476288,-1.3333879880442583
UBFC_PHYS_s04_T3_test,9,158,14.266666666666667,-0.2817484438419342,-1.1624121470333895
UBFC_PHYS_s04_T3_test,9,159,14.3,-0.2503318190574646,-0.8798834945752758
UBFC_PHYS_s04_T3_test,9,160,14.333333333333334,0.006877190433442593,-0.5126228641959552
UBFC_PHYS_s04_T3_test,9,161,14.366666666666667,0.40229400992393494,-0.10525084081853457
UBFC_PHYS_s04_T3_test,9,162,14.4,0.6997092366218567,0.28984498049251883
UBFC_PHYS_s04_T3_test,9,163,14.433333333333334,0.7433748841285706,0.624183592484536
UBFC_PHYS_s04_T3_test,9,164,14.466666666666667,0.5741889476776123,0.8629383604407369
UBFC_PHYS_s04_T3_test,9,165,14.5,0.3545161783695221,0.9907209418510331
UBFC_PHYS_s04_T3_test,9,166,14.533333333333333,0.21411582827568054,1.012509386853349
UBFC_PHYS_s04_T3_test,9,167,14.566666666666666,0.13614919781684875,0.9496829186442433
UBFC_PHYS_s04_T3_test,9,168,14.6,0.040632519870996475,0.8323438070015812
UBFC_PHYS_s04_T3_test,9,169,14.633333333333333,-0.08273424953222275,0.6903668822591987
UBFC_PHYS_s04_T3_test,9,170,14.666666666666666,-0.1817297488451004,0.5461430412674898
UBFC_PHYS_s04_T3_test,9,171,14.7,-0.24884088337421417,0.4113066117073772
UBFC_PHYS_s04_T3_test,9,172,14.733333333333333,-0.3317188024520874,0.28794792252128576
UBFC_PHYS_s04_T3_test,9,173,14.766666666666667,-0.4509246051311493,0.17265301003057362
UBFC_PHYS_s04_T3_test,9,174,14.8,-0.5834513306617737,0.060386627844401894
UBFC_PHYS_s04_T3_test,9,175,14.833333333333334,-0.7064282894134521,-0.053980820298508314
UBFC_PHYS_s04_T3_test,9,176,14.866666666666667,-0.8019644618034363,-0.17598024130028617
UBFC_PHYS_s04_T3_test,9,177,14.9,-0.8554721474647522,-0.3111106752746731
UBFC_PHYS_s04_T3_test,9,178,14.933333333333334,-0.8649146556854248,-0.4618591173229775
UBFC_PHYS_s04_T3_test,9,179,14.966666666666667,-0.8409234285354614,-0.6229253059534966
UBFC_PHYS_s04_T3_test,9,180,15.0,-0.8157141208648682,-0.7773912604227603
UBFC_PHYS_s04_T3_test,9,181,15.033333333333333,-0.8456300497055054,-0.8966517914405481
UBFC_PHYS_s04_T3_test,9,182,15.066666666666666,-0.9392855167388916,-0.9451864661984888
UBFC_PHYS_s04_T3_test,9,183,15.1,-0.9847733378410339,-0.8891081327215873
UBFC_PHYS_s04_T3_test,9,184,15.133333333333333,-0.8126640319824219,-0.7062065867587899
UBFC_PHYS_s04_T3_test,9,185,15.166666666666666,-0.39791393280029297,-0.3949054008008824
UBFC_PHYS_s04_T3_test,9,186,15.2,0.08012742549180984,0.020367345031999037
UBFC_PHYS_s04_T3_test,9,187,15.233333333333333,0.43927478790283203,0.489479856132407
UBFC_PHYS_s04_T3_test,9,188,15.266666666666667,0.6532859206199646,0.9436890229141994
UBFC_PHYS_s04_T3_test,9,189,15.3,0.7754248976707458,1.3090340121674264
UBFC_PHYS_s04_T3_test,9,190,15.333333333333334,0.8238653540611267,1.5234361910589802
UBFC_PHYS_s04_T3_test,9,191,15.366666666666667,0.8013260364532471,1.5527670821171202
UBFC_PHYS_s04_T3_test,9,192,15.4,0.7249380350112915,1.4000377806400852
UBFC_PHYS_s04_T3_test,9,193,15.433333333333334,0.6082268357276917,1.103459925028473
UBFC_PHYS_s04_T3_test,9,194,15.466666666666667,0.46960002183914185,0.7236660087206763
UBFC_PHYS_s04_T3_test,9,195,15.5,0.36664822697639465,0.3250811122313257
UBFC_PHYS_s04_T3_test,9,196,15.533333333333333,0.3632960617542267,-0.041668857781846154
UBFC_PHYS_s04_T3_test,9,197,15.566666666666666,0.43513333797454834,-0.3506273410361611
UBFC_PHYS_s04_T3_test,9,198,15.6,0.4923829138278961,-0.6019136511490044
UBFC_PHYS_s04_T3_test,9,199,15.633333333333333,0.446047306060791,-0.8142049349520977
UBFC_PHYS_s04_T3_test,9,200,15.666666666666666,0.22705666720867157,-1.0114526816122928
UBFC_PHYS_s04_T3_test,9,201,15.7,-0.1642674058675766,-1.2085545472148083
UBFC_PHYS_s04_T3_test,9,202,15.733333333333333,-0.5687077045440674,-1.4010277538042508
UBFC_PHYS_s04_T3_test,9,203,15.766666666666667,-0.7634829878807068,-1.5624867435968686
UBFC_PHYS_s04_T3_test,9,204,15.8,-0.7520135641098022,-1.651009005997959
UBFC_PHYS_s04_T3_test,9,205,15.833333333333334,-0.7658216953277588,-1.622341751095365
UBFC_PHYS_s04_T3_test,9,206,15.866666666666667,-0.9184515476226807,-1.4456021975763673
UBFC_PHYS_s04_T3_test,9,207,15.9,-1.0444395542144775,-1.1162445365052005
UBFC_PHYS_s04_T3_test,9,208,15.933333333333334,-0.9156743288040161,-0.661737221593138
UBFC_PHYS_s04_T3_test,9,209,15.966666666666667,-0.5185911655426025,-0.13755793102114708
UBFC_PHYS_s04_T3_test,9,210,16.0,-0.05241876468062401,0.38567450223430444
UBFC_PHYS_s04_T3_test,9,211,16.033333333333335,0.3031328320503235,0.8398553303200947
UBFC_PHYS_s04_T3_test,9,212,16.066666666666666,0.5462900996208191,1.1757951775584714
UBFC_PHYS_s04_T3_test,9,213,16.1,0.7405781745910645,1.3729177872540526
UBFC_PHYS_s04_T3_test,9,214,16.133333333333333,0.9087993502616882,1.4399373452516842
UBFC_PHYS_s04_T3_test,9,215,16.166666666666668,1.0499889850616455,1.4077504358701172
UBFC_PHYS_s04_T3_test,9,216,16.2,1.1661350727081299,1.3177197409785646
UBFC_PHYS_s04_T3_test,9,217,16.233333333333334,1.2508741617202759,1.2090166274058314
UBFC_PHYS_s04_T3_test,9,218,16.266666666666666,1.3006983995437622,1.108565056692797
UBFC_PHYS_s04_T3_test,9,219,16.3,1.3407779932022095,1.026203419287595
UBFC_PHYS_s04_T3_test,9,220,16.333333333333332,1.3865678310394287,0.9557429999862961
UBFC_PHYS_s04_T3_test,9,221,16.366666666666667,1.4124008417129517,0.8805293945132777
UBFC_PHYS_s04_T3_test,9,222,16.4,1.4027537107467651,0.7809445231640909
UBFC_PHYS_s04_T3_test,9,223,16.433333333333334,1.376881718635559,0.6412262377589313
UBFC_PHYS_s04_T3_test,9,224,16.466666666666665,1.3132396936416626,0.4537381678383812
UBFC_PHYS_s04_T3_test,9,225,16.5,1.1451451778411865,0.22008140827750822
UBFC_PHYS_s04_T3_test,9,226,16.533333333333335,0.8612262010574341,-0.05022492439396998
UBFC_PHYS_s04_T3_test,9,227,16.566666666666666,0.5194826722145081,-0.34199004264331995
UBFC_PHYS_s04_T3_test,9,228,16.6,0.20837624371051788,-0.6362153210442587
UBFC_PHYS_s04_T3_test,9,229,16.633333333333333,0.05551254004240036,-0.9112544042418064
UBFC_PHYS_s04_T3_test,9,230,16.666666666666668,0.09160657972097397,-1.1440498549094777
UBFC_PHYS_s04_T3_test,9,231,16.7,0.15908800065517426,-1.312528635721145
UBFC_PHYS_s04_T3_test,9,232,16.733333333333334,0.11740056425333023,-1.3993887375803176
UBFC_PHYS_s04_T3_test,9,233,16.766666666666666,-0.0028869095258414745,-1.396295603764981
UBFC_PHYS_s04_T3_test,9,234,16.8,-0.15947306156158447,-1.3068601251010097
UBFC_PHYS_s04_T3_test,9,235,16.833333333333332,-0.3968907594680786,-1.1467259226206061
UBFC_PHYS_s04_T3_test,9,236,16.866666666666667,-0.7108815908432007,-0.9396031334566678
UBFC_PHYS_s04_T3_test,9,237,16.9,-1.0068156719207764,-0.7097986935494122
UBFC_PHYS_s04_T3_test,9,238,16.933333333333334,-1.2180203199386597,-0.4744728654136587
UBFC_PHYS_s04_T3_test,9,239,16.966666666666665,-1.358557105064392,-0.24013190056212544
UBFC_PHYS_s04_T3_test,10,0,10.0,0.5372276306152344,-0.11621881577513234
UBFC_PHYS_s04_T3_test,10,1,10.033333333333333,0.6380063891410828,-0.3228900846053256
UBFC_PHYS_s04_T3_test,10,2,10.066666666666666,0.6673474311828613,-0.512143090477155
UBFC_PHYS_s04_T3_test,10,3,10.1,0.6574371457099915,-0.6722219965936101
UBFC_PHYS_s04_T3_test,10,4,10.133333333333333,0.6288561820983887,-0.7961220016976326
UBFC_PHYS_s04_T3_test,10,5,10.166666666666666,0.5794705152511597,-0.883625240025816
UBFC_PHYS_s04_T3_test,10,6,10.2,0.5218798518180847,-0.9412499542785001
UBFC_PHYS_s04_T3_test,10,7,10.233333333333333,0.46887892484664917,-0.979022296006265
UBFC_PHYS_s04_T3_test,10,8,10.266666666666667,0.39327049255371094,-1.0044652498720106
UBFC_PHYS_s04_T3_test,10,9,10.3,0.25564736127853394,-1.0160044942321607
UBFC_PHYS_s04_T3_test,10,10,10.333333333333334,0.06480889767408371,-0.9991326468880739
UBFC_PHYS_s04_T3_test,10,11,10.366666666666667,-0.12550334632396698,-0.9281867509078495
UBFC_PHYS_s04_T3_test,10,12,10.4,-0.2840968668460846,-0.7743329080669071
UBFC_PHYS_s04_T3_test,10,13,10.433333333333334,-0.45128515362739563,-0.5175373606525587
UBFC_PHYS_s04_T3_test,10,14,10.466666666666667,-0.6791141629219055,-0.15838242181059167
UBFC_PHYS_s04_T3_test,10,15,10.5,-0.9231484532356262,0.2749691811245101
UBFC_PHYS_s04_T3_test,10,16,10.533333333333333,-1.0215104818344116,0.7284180245851486
UBFC_PHYS_s04_T3_test,10,17,10.566666666666666,-0.8575282096862793,1.133064176153011
UBFC_PHYS_s04_T3_test,10,18,10.6,-0.49607139825820923,1.4224949022549633
UBFC_PHYS_s04_T3_test,10,19,10.633333333333333,-0.11732761561870575,1.5499016264631669
UBFC_PHYS_s04_T3_test,10,20,10.666666666666666,0.1671760380268097,1.4990719435551174
UBFC_PHYS_s04_T3_test,10,21,10.7,0.35779035091400146,1.2862381735281998
UBFC_PHYS_s04_T3_test,10,22,10.733333333333333,0.4723772406578064,0.9532266415316542
UBFC_PHYS_s04_T3_test,10,23,10.766666666666667,0.5172122120857239,0.5550435481750992
UBFC_PHYS_s04_T3_test,10,24,10.8,0.5288375020027161,0.14634662687490296
UBFC_PHYS_s04_T3_test,10,25,10.833333333333334,0.5427333116531372,-0.22906724086980845
UBFC_PHYS_s04_T3_test,10,26,10.866666666666667,0.5408428907394409,-0.5433140227024453
UBFC_PHYS_s04_T3_test,10,27,10.9,0.48618534207344055,-0.7837559421711753
UBFC_PHYS_s04_T3_test,10,28,10.933333333333334,0.39414751529693604,-0.9481637263008645
UBFC_PHYS_s04_T3_test,10,29,10.966666666666667,0.30335697531700134,-1.0383129343625501
UBFC_PHYS_s04_T3_test,10,30,11.0,0.19694581627845764,-1.0548333340806957
UBFC_PHYS_s04_T3_test,10,31,11.033333333333333,0.035760216414928436,-0.9953711946236754
UBFC_PHYS_s04_T3_test,10,32,11.066666666666666,-0.14585009217262268,-0.8565627715468928
UBFC_PHYS_s04_T3_test,10,33,11.1,-0.2855585813522339,-0.6387088265139231
UBFC_PHYS_s04_T3_test,10,34,11.133333333333333,-0.39379197359085083,-0.3510743251764645
UBFC_PHYS_s04_T3_test,10,35,11.166666666666666,-0.5549483299255371,-0.01542903159001617
UBFC_PHYS_s04_T3_test,10,36,11.2,-0.8099842667579651,0.3342698719402398
UBFC_PHYS_s04_T3_test,10,37,11.233333333333333,-1.0488344430923462,0.6568530746473282
UBFC_PHYS_s04_T3_test,10,38,11.266666666666667,-1.0691616535186768,0.9121809838523004
UBFC_PHYS_s04_T3_test,10,39,11.3,-0.802091121673584,1.0696902001974864
UBFC_PHYS_s04_T3_test,10,40,11.333333333333334,-0.3964035212993622,1.114505285574342
UBFC_PHYS_s04_T3_test,10,41,11.366666666666667,-0.03141912817955017,1.0496008431357229
UBFC_PHYS_s04_T3_test,10,42,11.4,0.233137309551239,0.8935637131904748
UBFC_PHYS_s04_T3_test,10,43,11.433333333333334,0.416813462972641,0.6745520809615948
UBFC_PHYS_s04_T3_test,10,44,11.466666666666667,0.5273563265800476,0.4223740106777797
UBFC_PHYS_s04_T3_test,10,45,11.5,0.5749392509460449,0.16143260510943427
UBFC_PHYS_s04_T3_test,10,46,11.533333333333333,0.6051183342933655,-0.09316899256244701
UBFC_PHYS_s04_T3_test,10,47,11.566666666666666,0.635638415813446,-0.3354391243959721
UBFC_PHYS_s04_T3_test,10,48,11.6,0.6128847599029541,-0.5647517195697909
UBFC_PHYS_s04_T3_test,10,49,11.633333333333333,0.5143960118293762,-0.7801037311653974
UBFC_PHYS_s04_T3_test,10,50,11.666666666666666,0.4081115424633026,-0.9744227012150414
UBFC_PHYS_s04_T3_test,10,51,11.7,0.33452022075653076,-1.1310105239610233
UBFC_PHYS_s04_T3_test,10,52,11.733333333333333,0.23517392575740814,-1.2238725937726194
UBFC_PHYS_s04_T3_test,10,53,11.766666666666667,0.0692427009344101,-1.2228132731610548
UBFC_PHYS_s04_T3_test,10,54,11.8,-0.1082846149802208,-1.1026789636080716
UBFC_PHYS_s04_T3_test,10,55,11.833333333333334,-0.24999074637889862,-0.85426848211057
UBFC_PHYS_s04_T3_test,10,56,11.866666666666667,-0.38400837779045105,-0.49288807268315804
UBFC_PHYS_s04_T3_test,10,57,11.9,-0.5645662546157837,-0.06025520900873513
UBFC_PHYS_s04_T3_test,10,58,11.933333333333334,-0.8027635216712952,0.3827919036480929
UBFC_PHYS_s04_T3_test,10,59,11.966666666666667,-1.0037851333618164,0.7714900961037421
UBFC_PHYS_s04_T3_test,10,60,12.0,-0.9918479323387146,1.0545567542083003
UBFC_PHYS_s04_T3_test,10,61,12.033333333333333,-0.6996850371360779,1.2064463573314277
UBFC_PHYS_s04_T3_test,10,62,12.066666666666666,-0.3102514147758484,1.2299933478011076
UBFC_PHYS_s04_T3_test,10,63,12.1,-0.00658011669293046,1.1499083566192816
UBFC_PHYS_s04_T3_test,10,64,12.133333333333333,0.2084054797887802,1.001042803514556
UBFC_PHYS_s04_T3_test,10,65,12.166666666666666,0.39393311738967896,0.8164086613787569
UBFC_PHYS_s04_T3_test,10,66,12.2,0.5312346816062927,0.6192062043684793
UBFC_PHYS_s04_T3_test,10,67,12.233333333333333,0.5872369408607483,0.42092759253455114
UBFC_PHYS_s04_T3_test,10,68,12.266666666666667,0.5886986255645752,0.2246528228205997
UBFC_PHYS_s04_T3_test,10,69,12.3,0.5713727474212646,0.030492732150880594
UBFC_PHYS_s04_T3_test,10,70,12.333333333333334,0.5410767197608948,-0.16005576643949834
UBFC_PHYS_s04_T3_test,10,71,12.366666666666667,0.5021567940711975,-0.34261486450065937
UBFC_PHYS_s04_T3_test,10,72,12.4,0.4489706754684448,-0.5111053864926868
UBFC_PHYS_s04_T3_test,10,73,12.433333333333334,0.3562409579753876,-0.6600221741146967
UBFC_PHYS_s04_T3_test,10,74,12.466666666666667,0.21746796369552612,-0.7859565206060417
UBFC_PHYS_s04_T3_test,10,75,12.5,0.05852362513542175,-0.8872128568760195
UBFC_PHYS_s04_T3_test,10,76,12.533333333333333,-0.10004067420959473,-0.9615095792868043
UBFC_PHYS_s04_T3_test,10,77,12.566666666666666,-0.25431734323501587,-1.0028930117874504
UBFC_PHYS_s04_T3_test,10,78,12.6,-0.4002721309661865,-0.9997222253243706
UBFC_PHYS_s04_T3_test,10,79,12.633333333333333,-0.5449893474578857,-0.9354891935230982
UBFC_PHYS_s04_T3_test,10,80,12.666666666666666,-0.7231890559196472,-0.7931825371471439
UBFC_PHYS_s04_T3_test,10,81,12.7,-0.9478802680969238,-0.5622384181137179
UBFC_PHYS_s04_T3_test,10,82,12.733333333333333,-1.1193171739578247,-0.24559810582386382
UBFC_PHYS_s04_T3_test,10,83,12.766666666666667,-1.0539698600769043,0.13609305527614682
UBFC_PHYS_s04_T3_test,10,84,12.8,-0.712986409664154,0.5451607180616576
UBFC_PHYS_s04_T3_test,10,85,12.833333333333334,-0.2843892276287079,0.9326948517749124
UBFC_PHYS_s04_T3_test,10,86,12.866666666666667,0.05358310788869858,1.2480216843291125
UBFC_PHYS_s04_T3_test,10,87,12.9,0.28847694396972656,1.4492469221450879
UBFC_PHYS_s04_T3_test,10,88,12.933333333333334,0.4693759083747864,1.5118255054209717
UBFC_PHYS_s04_T3_test,10,89,12.966666666666667,0.5948182940483093,1.432724052657398
UBFC_PHYS_s04_T3_test,10,90,13.0,0.6541629433631897,1.2293361201482613
UBFC_PHYS_s04_T3_test,10,91,13.033333333333333,0.6656031012535095,0.9340313810721321
UBFC_PHYS_s04_T3_test,10,92,13.066666666666666,0.6479068994522095,0.5862242736054764
UBFC_PHYS_s04_T3_test,10,93,13.1,0.6055470705032349,0.22408344962240417
UBFC_PHYS_s04_T3_test,10,94,13.133333333333333,0.5469722151756287,-0.12221698966056871
UBFC_PHYS_s04_T3_test,10,95,13.166666666666666,0.47656741738319397,-0.43433419142077523
UBFC_PHYS_s04_T3_test,10,96,13.2,0.38515323400497437,-0.706063808560931
UBFC_PHYS_s04_T3_test,10,97,13.233333333333333,0.2598375380039215,-0.9402629218144891
UBFC_PHYS_s04_T3_test,10,98,13.266666666666667,0.09857397526502609,-1.143158861323874
UBFC_PHYS_s04_T3_test,10,99,13.3,-0.0795769914984703,-1.3173713998822636
UBFC_PHYS_s04_T3_test,10,100,13.333333333333334,-0.24161037802696228,-1.4555374713661418
UBFC_PHYS_s04_T3_test,10,101,13.366666666666667,-0.3766414523124695,-1.5368649745099228
UBFC_PHYS_s04_T3_test,10,102,13.4,-0.5223526358604431,-1.5288769703687735
UBFC_PHYS_s04_T3_test,10,103,13.433333333333334,-0.7288408875465393,-1.3955177561614247
UBFC_PHYS_s04_T3_test,10,104,13.466666666666667,-0.9783321619033813,-1.1105103639314067
UBFC_PHYS_s04_T3_test,10,105,13.5,-1.133047342300415,-0.6719934148828922
UBFC_PHYS_s04_T3_test,10,106,13.533333333333333,-1.0196980237960815,-0.11236900678583933
UBFC_PHYS_s04_T3_test,10,107,13.566666666666666,-0.6574421525001526,0.5023428265023994
UBFC_PHYS_s04_T3_test,10,108,13.6,-0.23381468653678894,1.0857336216394002
UBFC_PHYS_s04_T3_test,10,109,13.633333333333333,0.10034749656915665,1.5532188228086194
UBFC_PHYS_s04_T3_test,10,110,13.666666666666666,0.3324933648109436,1.8446635602901795
UBFC_PHYS_s04_T3_test,10,111,13.7,0.5061228275299072,1.9380631879527317
UBFC_PHYS_s04_T3_test,10,112,13.733333333333333,0.64000403881073,1.84951945669389
UBFC_PHYS_s04_T3_test,10,113,13.766666666666667,0.7226772904396057,1.6215236154258883
UBFC_PHYS_s04_T3_test,10,114,13.8,0.7472727298736572,1.306157082270351
UBFC_PHYS_s04_T3_test,10,115,13.833333333333334,0.7348970174789429,0.950434978339431
UBFC_PHYS_s04_T3_test,10,116,13.866666666666667,0.7194420695304871,0.5882754253450971
UBFC_PHYS_s04_T3_test,10,117,13.9,0.7061699628829956,0.2396070449985641
UBFC_PHYS_s04_T3_test,10,118,13.933333333333334,0.6532956957817078,-0.08585329599765432
UBFC_PHYS_s04_T3_test,10,119,13.966666666666667,0.5255243182182312,-0.3836134504054959
UBFC_PHYS_s04_T3_test,10,120,14.0,0.3553932011127472,-0.650842734873685
UBFC_PHYS_s04_T3_test,10,121,14.033333333333333,0.20446865260601044,-0.8850873722912779
UBFC_PHYS_s04_T3_test,10,122,14.066666666666666,0.08494126796722412,-1.084435672371536
UBFC_PHYS_s04_T3_test,10,123,14.1,-0.016636554151773453,-1.2474203342495123
UBFC_PHYS_s04_T3_test,10,124,14.133333333333333,-0.0933266431093216,-1.3712214310893314
UBFC_PHYS_s04_T3_test,10,125,14.166666666666666,-0.13290925323963165,-1.448273554703521
UBFC_PHYS_s04_T3_test,10,126,14.2,-0.1542402058839798,-1.4634817782472402
UBFC_PHYS_s04_T3_test,10,127,14.233333333333333,-0.20542864501476288,-1.3951456958989477
UBFC_PHYS_s04_T3_test,10,128,14.266666666666667,-0.2817484438419342,-1.2211945462456941
UBFC_PHYS_s04_T3_test,10,129,14.3,-0.2503318190574646,-0.9293224777560205
UBFC_PHYS_s04_T3_test,10,130,14.333333333333334,0.006877190433442593,-0.5269699750407358
UBFC_PHYS_s04_T3_test,10,131,14.366666666666667,0.40229400992393494,-0.04631152802349195
UBFC_PHYS_s04_T3_test,10,132,14.4,0.6997092366218567,0.4589677697294061
UBFC_PHYS_s04_T3_test,10,133,14.433333333333334,0.7433748841285706,0.9249241254046382
UBFC_PHYS_s04_T3_test,10,134,14.466666666666667,0.5741889476776123,1.2928105917799118
UBFC_PHYS_s04_T3_test,10,135,14.5,0.3545161783695221,1.5229047676057927
UBFC_PHYS_s04_T3_test,10,136,14.533333333333333,0.21411582827568054,1.6016644161151787
UBFC_PHYS_s04_T3_test,10,137,14.566666666666666,0.13614919781684875,1.540316877120271
UBFC_PHYS_s04_T3_test,10,138,14.6,0.040632519870996475,1.3668421508652875
UBFC_PHYS_s04_T3_test,10,139,14.633333333333333,-0.08273424953222275,1.115724154965604
UBFC_PHYS_s04_T3_test,10,140,14.666666666666666,-0.1817297488451004,0.8196077727092319
UBFC_PHYS_s04_T3_test,10,141,14.7,-0.24884088337421417,0.5049084165967356
UBFC_PHYS_s04_T3_test,10,142,14.733333333333333,-0.3317188024520874,0.1911275400828879
UBFC_PHYS_s04_T3_test,10,143,14.766666666666667,-0.4509246051311493,-0.10775962041212087
UBFC_PHYS_s04_T3_test,10,144,14.8,-0.5834513306617737,-0.38161572899360197
UBFC_PHYS_s04_T3_test,10,145,14.833333333333334,-0.7064282894134521,-0.623144671308458
UBFC_PHYS_s04_T3_test,10,146,14.866666666666667,-0.8019644618034363,-0.8275562065554252
UBFC_PHYS_s04_T3_test,10,147,14.9,-0.8554721474647522,-0.9922007079583939
UBFC_PHYS_s04_T3_test,10,148,14.933333333333334,-0.8649146556854248,-1.1154826071650894
UBFC_PHYS_s04_T3_test,10,149,14.966666666666667,-0.8409234285354614,-1.1949045884201626
UBFC_PHYS_s04_T3_test,10,150,15.0,-0.8157141208648682,-1.2248295363278856
UBFC_PHYS_s04_T3_test,10,151,15.033333333333333,-0.8456300497055054,-1.1951345235574595
UBFC_PHYS_s04_T3_test,10,152,15.066666666666666,-0.9392855167388916,-1.0920667071634955
UBFC_PHYS_s04_T3_test,10,153,15.1,-0.9847733378410339,-0.9020480238209875
UBFC_PHYS_s04_T3_test,10,154,15.133333333333333,-0.8126640319824219,-0.6179570124289088
UBFC_PHYS_s04_T3_test,10,155,15.166666666666666,-0.39791393280029297,-0.24603126709232426
UBFC_PHYS_s04_T3_test,10,156,15.2,0.08012742549180984,0.18934429666556962
UBFC_PHYS_s04_T3_test,10,157,15.233333333333333,0.43927478790283203,0.6455600847924451
UBFC_PHYS_s04_T3_test,10,158,15.266666666666667,0.6532859206199646,1.067697207026832
UBFC_PHYS_s04_T3_test,10,159,15.3,0.7754248976707458,1.3995341921295072
UBFC_PHYS_s04_T3_test,10,160,15.333333333333334,0.8238653540611267,1.5964850326115212
UBFC_PHYS_s04_T3_test,10,161,15.366666666666667,0.8013260364532471,1.6361054853999635
UBFC_PHYS_s04_T3_test,10,162,15.4,0.7249380350112915,1.5224619705757745
UBFC_PHYS_s04_T3_test,10,163,15.433333333333334,0.6082268357276917,1.283038023918732
UBFC_PHYS_s04_T3_test,10,164,15.466666666666667,0.46960002183914185,0.9598911220497719
UBFC_PHYS_s04_T3_test,10,165,15.5,0.36664822697639465,0.5987829895842759
UBFC_PHYS_s04_T3_test,10,166,15.533333333333333,0.3632960617542267,0.23990935695934917
UBFC_PHYS_s04_T3_test,10,167,15.566666666666666,0.43513333797454834,-0.08780728342180749
UBFC_PHYS_s04_T3_test,10,168,15.6,0.4923829138278961,-0.3687716922490798
UBFC_PHYS_s04_T3_test,10,169,15.633333333333333,0.446047306060791,-0.6000047314927198
UBFC_PHYS_s04_T3_test,10,170,15.666666666666666,0.22705666720867157,-0.7883830927230171
UBFC_PHYS_s04_T3_test,10,171,15.7,-0.1642674058675766,-0.9460602201849715
UBFC_PHYS_s04_T3_test,10,172,15.733333333333333,-0.5687077045440674,-1.084427255992176
UBFC_PHYS_s04_T3_test,10,173,15.766666666666667,-0.7634829878807068,-1.207721425892148
UBFC_PHYS_s04_T3_test,10,174,15.8,-0.7520135641098022,-1.3081670433221837
UBFC_PHYS_s04_T3_test,10,175,15.833333333333334,-0.7658216953277588,-1.3647343467600883
UBFC_PHYS_s04_T3_test,10,176,15.866666666666667,-0.9184515476226807,-1.3468818314058284
UBFC_PHYS_s04_T3_test,10,177,15.9,-1.0444395542144775,-1.2231414948372021
UBFC_PHYS_s04_T3_test,10,178,15.933333333333334,-0.9156743288040161,-0.9725786856188089
UBFC_PHYS_s04_T3_test,10,179,15.966666666666667,-0.5185911655426025,-0.5955747796299754
UBFC_PHYS_s04_T3_test,10,180,16.0,-0.05241876468062401,-0.11973921598021645
UBFC_PHYS_s04_T3_test,10,181,16.033333333333335,0.3031328320503235,0.40218785485022795
UBFC_PHYS_s04_T3_test,10,182,16.066666666666666,0.5462900996208191,0.9027640698622043
UBFC_PHYS_s04_T3_test,10,183,16.1,0.7405781745910645,1.3155459570299397
UBFC_PHYS_s04_T3_test,10,184,16.133333333333333,0.9087993502616882,1.5907081408944757
UBFC_PHYS_s04_T3_test,10,185,16.166666666666668,1.0499889850616455,1.7051156177834756
UBFC_PHYS_s04_T3_test,10,186,16.2,1.1661350727081299,1.6636458089641182
UBFC_PHYS_s04_T3_test,10,187,16.233333333333334,1.2508741617202759,1.4923286035009204
UBFC_PHYS_s04_T3_test,10,188,16.266666666666666,1.3006983995437622,1.2273998274321043
UBFC_PHYS_s04_T3_test,10,189,16.3,1.3407779932022095,0.9054593205054171
UBFC_PHYS_s04_T3_test,10,190,16.333333333333332,1.3865678310394287,0.5578487378666872
UBFC_PHYS_s04_T3_test,10,191,16.366666666666667,1.4124008417129517,0.2092051400375369
UBFC_PHYS_s04_T3_test,10,192,16.4,1.4027537107467651,-0.12163304762021264
UBFC_PHYS_s04_T3_test,10,193,16.433333333333334,1.376881718635559,-0.4202808230933519
UBFC_PHYS_s04_T3_test,10,194,16.466666666666665,1.3132396936416626,-0.6761720428953366
UBFC_PHYS_s04_T3_test,10,195,16.5,1.1451451778411865,-0.8827206751993292
UBFC_PHYS_s04_T3_test,10,196,16.533333333333335,0.8612262010574341,-1.037448885524849
UBFC_PHYS_s04_T3_test,10,197,16.566666666666666,0.5194826722145081,-1.1411167508094484
UBFC_PHYS_s04_T3_test,10,198,16.6,0.20837624371051788,-1.195690635168948
UBFC_PHYS_s04_T3_test,10,199,16.633333333333333,0.05551254004240036,-1.201943402198446
UBFC_PHYS_s04_T3_test,10,200,16.666666666666668,0.09160657972097397,-1.1577739230758295
UBFC_PHYS_s04_T3_test,10,201,16.7,0.15908800065517426,-1.0580332882509043
UBFC_PHYS_s04_T3_test,10,202,16.733333333333334,0.11740056425333023,-0.8961817937443849
UBFC_PHYS_s04_T3_test,10,203,16.766666666666666,-0.0028869095258414745,-0.6676227610134011
UBFC_PHYS_s04_T3_test,10,204,16.8,-0.15947306156158447,-0.3740127199040657
UBFC_PHYS_s04_T3_test,10,205,16.833333333333332,-0.3968907594680786,-0.02716619713340946
UBFC_PHYS_s04_T3_test,10,206,16.866666666666667,-0.7108815908432007,0.34931880366929124
UBFC_PHYS_s04_T3_test,10,207,16.9,-1.0068156719207764,0.7219720128952379
UBFC_PHYS_s04_T3_test,10,208,16.933333333333334,-1.2180203199386597,1.0523182708910743
UBFC_PHYS_s04_T3_test,10,209,16.966666666666665,-1.358557105064392,1.3028533665500832
UBFC_PHYS_s04_T3_test,10,210,17.0,-1.4790297746658325,1.4428576736444658
UBFC_PHYS_s04_T3_test,10,211,17.033333333333335,-1.652025818824768,1.4537425277623826
UBFC_PHYS_s04_T3_test,10,212,17.066666666666666,-1.9342005252838135,1.3333259993339477
UBFC_PHYS_s04_T3_test,10,213,17.1,-2.2589590549468994,1.0976125769238891
UBFC_PHYS_s04_T3_test,10,214,17.133333333333333,-2.4230096340179443,0.7787565082233838
UBFC_PHYS_s04_T3_test,10,215,17.166666666666668,-2.2790136337280273,0.4190750466776383
UBFC_PHYS_s04_T3_test,10,216,17.2,-1.846820592880249,0.0625058978008206
UBFC_PHYS_s04_T3_test,10,217,17.233333333333334,-1.1755338907241821,-0.2541004600101489
UBFC_PHYS_s04_T3_test,10,218,17.266666666666666,-0.32477089762687683,-0.5074832022728732
UBFC_PHYS_s04_T3_test,10,219,17.3,0.4395866096019745,-0.6906533329230902
UBFC_PHYS_s04_T3_test,10,220,17.333333333333332,0.8463754057884216,-0.8111453932250642
UBFC_PHYS_s04_T3_test,10,221,17.366666666666667,0.9766023755073547,-0.885375358330381
UBFC_PHYS_s04_T3_test,10,222,17.4,1.0860636234283447,-0.9308194587152848
UBFC_PHYS_s04_T3_test,10,223,17.433333333333334,1.2112427949905396,-0.9584256654537795
UBFC_PHYS_s04_T3_test,10,224,17.466666666666665,1.2421332597732544,-0.9675120423390488
UBFC_PHYS_s04_T3_test,10,225,17.5,1.1872419118881226,-0.9446845522951881
UBFC_PHYS_s04_T3_test,10,226,17.533333333333335,1.1228396892547607,-0.8674311960690858
UBFC_PHYS_s04_T3_test,10,227,17.566666666666666,1.025929570198059,-0.7120108624354683
UBFC_PHYS_s04_T3_test,10,228,17.6,0.8418734073638916,-0.4639162396052342
UBFC_PHYS_s04_T3_test,10,229,17.633333333333333,0.5977708697319031,-0.12766152664822117
UBFC_PHYS_s04_T3_test,10,230,17.666666666666668,0.35583168268203735,0.26832306859422655
UBFC_PHYS_s04_T3_test,10,231,17.7,0.11377556622028351,0.6748675263711996
UBFC_PHYS_s04_T3_test,10,232,17.733333333333334,-0.16880840063095093,1.0330472364534193
UBFC_PHYS_s04_T3_test,10,233,17.766666666666666,-0.48399782180786133,1.2889739367602906
UBFC_PHYS_s04_T3_test,10,234,17.8,-0.7607837319374084,1.4067974399745455
UBFC_PHYS_s04_T3_test,10,235,17.833333333333332,-0.9058517813682556,1.3754016533774434
UBFC_PHYS_s04_T3_test,10,236,17.866666666666667,-0.852071225643158,1.2071535908771331
UBFC_PHYS_s04_T3_test,10,237,17.9,-0.6369784474372864,0.9304444392435072
UBFC_PHYS_s04_T3_test,10,238,17.933333333333334,-0.40172407031059265,0.5802443326772766
UBFC_PHYS_s04_T3_test,10,239,17.966666666666665,-0.2518324851989746,0.19126772298633918
UBFC_PHYS_s04_T3_test,11,0,11.0,0.19694581627845764,0.050390940828021105
UBFC_PHYS_s04_T3_test,11,1,11.033333333333333,0.035760216414928436,-0.2343985524020812
UBFC_PHYS_s04_T3_test,11,2,11.066666666666666,-0.14585009217262268,-0.45897609613059137
UBFC_PHYS_s04_T3_test,11,3,11.1,-0.2855585813522339,-0.5732525363565083
UBFC_PHYS_s04_T3_test,11,4,11.133333333333333,-0.39379197359085083,-0.5461642653461052
UBFC_PHYS_s04_T3_test,11,5,11.166666666666666,-0.5549483299255371,-0.37259546500478474
UBFC_PHYS_s04_T3_test,11,6,11.2,-0.8099842667579651,-0.07582396079171885
UBFC_PHYS_s04_T3_test,11,7,11.233333333333333,-1.0488344430923462,0.2961507998159026
UBFC_PHYS_s04_T3_test,11,8,11.266666666666667,-1.0691616535186768,0.680485324660692
UBFC_PHYS_s04_T3_test,11,9,11.3,-0.802091121673584,1.013510439802925
UBFC_PHYS_s04_T3_test,11,10,11.333333333333334,-0.3964035212993622,1.2448775468612825
UBFC_PHYS_s04_T3_test,11,11,11.366666666666667,-0.03141912817955017,1.3473395230973173
UBFC_PHYS_s04_T3_test,11,12,11.4,0.233137309551239,1.3193157655751497
UBFC_PHYS_s04_T3_test,11,13,11.433333333333334,0.416813462972641,1.1802853856913966
UBFC_PHYS_s04_T3_test,11,14,11.466666666666667,0.5273563265800476,0.961650227661085
UBFC_PHYS_s04_T3_test,11,15,11.5,0.5749392509460449,0.6968488105134286
UBFC_PHYS_s04_T3_test,11,16,11.533333333333333,0.6051183342933655,0.41388505161792316
UBFC_PHYS_s04_T3_test,11,17,11.566666666666666,0.635638415813446,0.13180686917419912
UBFC_PHYS_s04_T3_test,11,18,11.6,0.6128847599029541,-0.13895852711707493
UBFC_PHYS_s04_T3_test,11,19,11.633333333333333,0.5143960118293762,-0.39365276244781755
UBFC_PHYS_s04_T3_test,11,20,11.666666666666666,0.4081115424633026,-0.6293942435251659
UBFC_PHYS_s04_T3_test,11,21,11.7,0.33452022075653076,-0.8421531812633702
UBFC_PHYS_s04_T3_test,11,22,11.733333333333333,0.23517392575740814,-1.025339193190852
UBFC_PHYS_s04_T3_test,11,23,11.766666666666667,0.0692427009344101,-1.1699568317042779
UBFC_PHYS_s04_T3_test,11,24,11.8,-0.1082846149802208,-1.2657341832583218
UBFC_PHYS_s04_T3_test,11,25,11.833333333333334,-0.24999074637889862,-1.3025601398012325
UBFC_PHYS_s04_T3_test,11,26,11.866666666666667,-0.38400837779045105,-1.2718425846636283
UBFC_PHYS_s04_T3_test,11,27,11.9,-0.5645662546157837,-1.1677594502078164
UBFC_PHYS_s04_T3_test,11,28,11.933333333333334,-0.8027635216712952,-0.988585795099148
UBFC_PHYS_s04_T3_test,11,29,11.966666666666667,-1.0037851333618164,-0.7382755093468549
UBFC_PHYS_s04_T3_test,11,30,12.0,-0.9918479323387146,-0.4282324312071474
UBFC_PHYS_s04_T3_test,11,31,12.033333333333333,-0.6996850371360779,-0.07862124636093344
UBFC_PHYS_s04_T3_test,11,32,12.066666666666666,-0.3102514147758484,0.2820871480409952
UBFC_PHYS_s04_T3_test,11,33,12.1,-0.00658011669293046,0.6204419569575796
UBFC_PHYS_s04_T3_test,11,34,12.133333333333333,0.2084054797887802,0.9038476586655219
UBFC_PHYS_s04_T3_test,11,35,12.166666666666666,0.39393311738967896,1.1068935944727103
UBFC_PHYS_s04_T3_test,11,36,12.2,0.5312346816062927,1.215701150155614
UBFC_PHYS_s04_T3_test,11,37,12.233333333333333,0.5872369408607483,1.228843122408384
UBFC_PHYS_s04_T3_test,11,38,12.266666666666667,0.5886986255645752,1.1551889027119835
UBFC_PHYS_s04_T3_test,11,39,12.3,0.5713727474212646,1.0102556114118018
UBFC_PHYS_s04_T3_test,11,40,12.333333333333334,0.5410767197608948,0.8125199600430931
UBFC_PHYS_s04_T3_test,11,41,12.366666666666667,0.5021567940711975,0.5803875816565516
UBFC_PHYS_s04_T3_test,11,42,12.4,0.4489706754684448,0.3301023004722919
UBFC_PHYS_s04_T3_test,11,43,12.433333333333334,0.3562409579753876,0.07473578063240023
UBFC_PHYS_s04_T3_test,11,44,12.466666666666667,0.21746796369552612,-0.1758372152934162
UBFC_PHYS_s04_T3_test,11,45,12.5,0.05852362513542175,-0.41417648973715193
UBFC_PHYS_s04_T3_test,11,46,12.533333333333333,-0.10004067420959473,-0.6337295661334832
UBFC_PHYS_s04_T3_test,11,47,12.566666666666666,-0.25431734323501587,-0.8265254347170697
UBFC_PHYS_s04_T3_test,11,48,12.6,-0.4002721309661865,-0.9807511385288589
UBFC_PHYS_s04_T3_test,11,49,12.633333333333333,-0.5449893474578857,-1.0795237644478062
UBFC_PHYS_s04_T3_test,11,50,12.666666666666666,-0.7231890559196472,-1.1021660880523314
UBFC_PHYS_s04_T3_test,11,51,12.7,-0.9478802680969238,-1.0285288487767776
UBFC_PHYS_s04_T3_test,11,52,12.733333333333333,-1.1193171739578247,-0.8457130487039902
UBFC_PHYS_s04_T3_test,11,53,12.766666666666667,-1.0539698600769043,-0.5553325505430339
UBFC_PHYS_s04_T3_test,11,54,12.8,-0.712986409664154,-0.17864679558517746
UBFC_PHYS_s04_T3_test,11,55,12.833333333333334,-0.2843892276287079,0.24311653698554456
UBFC_PHYS_s04_T3_test,11,56,12.866666666666667,0.05358310788869858,0.6548211423484751
UBFC_PHYS_s04_T3_test,11,57,12.9,0.28847694396972656,0.999077841480286
UBFC_PHYS_s04_T3_test,11,58,12.933333333333334,0.4693759083747864,1.2298376996979918
UBFC_PHYS_s04_T3_test,11,59,12.966666666666667,0.5948182940483093,1.322839586790494
UBFC_PHYS_s04_T3_test,11,60,13.0,0.6541629433631897,1.2791804660749153
UBFC_PHYS_s04_T3_test,11,61,13.033333333333333,0.6656031012535095,1.121400794268115
UBFC_PHYS_s04_T3_test,11,62,13.066666666666666,0.6479068994522095,0.8843982879674039
UBFC_PHYS_s04_T3_test,11,63,13.1,0.6055470705032349,0.6049218556106584
UBFC_PHYS_s04_T3_test,11,64,13.133333333333333,0.5469722151756287,0.3130814018724381
UBFC_PHYS_s04_T3_test,11,65,13.166666666666666,0.47656741738319397,0.027912468672611854
UBFC_PHYS_s04_T3_test,11,66,13.2,0.38515323400497437,-0.24254755998390065
UBFC_PHYS_s04_T3_test,11,67,13.233333333333333,0.2598375380039215,-0.49758010214080284
UBFC_PHYS_s04_T3_test,11,68,13.266666666666667,0.09857397526502609,-0.7383559780318273
UBFC_PHYS_s04_T3_test,11,69,13.3,-0.0795769914984703,-0.9627493729905913
UBFC_PHYS_s04_T3_test,11,70,13.333333333333334,-0.24161037802696228,-1.16171261214694
UBFC_PHYS_s04_T3_test,11,71,13.366666666666667,-0.3766414523124695,-1.3178440744722761
UBFC_PHYS_s04_T3_test,11,72,13.4,-0.5223526358604431,-1.4066733078362468
UBFC_PHYS_s04_T3_test,11,73,13.433333333333334,-0.7288408875465393,-1.401105839746849
UBFC_PHYS_s04_T3_test,11,74,13.466666666666667,-0.9783321619033813,-1.278705137077019
UBFC_PHYS_s04_T3_test,11,75,13.5,-1.133047342300415,-1.0302311147060101
UBFC_PHYS_s04_T3_test,11,76,13.533333333333333,-1.0196980237960815,-0.6667718868904995
UBFC_PHYS_s04_T3_test,11,77,13.566666666666666,-0.6574421525001526,-0.2224164063912132
UBFC_PHYS_s04_T3_test,11,78,13.6,-0.23381468653678894,0.24985890306246505
UBFC_PHYS_s04_T3_test,11,79,13.633333333333333,0.10034749656915665,0.6892336034168668
UBFC_PHYS_s04_T3_test,11,80,13.666666666666666,0.3324933648109436,1.0419902511107275
UBFC_PHYS_s04_T3_test,11,81,13.7,0.5061228275299072,1.2749260693732234
UBFC_PHYS_s04_T3_test,11,82,13.733333333333333,0.64000403881073,1.3818554395289175
UBFC_PHYS_s04_T3_test,11,83,13.766666666666667,0.7226772904396057,1.380680849885141
UBFC_PHYS_s04_T3_test,11,84,13.8,0.7472727298736572,1.3028506773304849
UBFC_PHYS_s04_T3_test,11,85,13.833333333333334,0.7348970174789429,1.180290765691906
UBFC_PHYS_s04_T3_test,11,86,13.866666666666667,0.7194420695304871,1.0352038197373772
UBFC_PHYS_s04_T3_test,11,87,13.9,0.7061699628829956,0.8759575041483431
UBFC_PHYS_s04_T3_test,11,88,13.933333333333334,0.6532956957817078,0.6993047018388009
UBFC_PHYS_s04_T3_test,11,89,13.966666666666667,0.5255243182182312,0.4967402430904694
UBFC_PHYS_s04_T3_test,11,90,14.0,0.3553932011127472,0.26166935089825416
UBFC_PHYS_s04_T3_test,11,91,14.033333333333333,0.20446865260601044,-0.005542998774075216
UBFC_PHYS_s04_T3_test,11,92,14.066666666666666,0.08494126796722412,-0.2960274258613964
UBFC_PHYS_s04_T3_test,11,93,14.1,-0.016636554151773453,-0.593904147992896
UBFC_PHYS_s04_T3_test,11,94,14.133333333333333,-0.0933266431093216,-0.8791175961936492
UBFC_PHYS_s04_T3_test,11,95,14.166666666666666,-0.13290925323963165,-1.1299131575776247
UBFC_PHYS_s04_T3_test,11,96,14.2,-0.1542402058839798,-1.3243670658926037
UBFC_PHYS_s04_T3_test,11,97,14.233333333333333,-0.20542864501476288,-1.4415806152911146
UBFC_PHYS_s04_T3_test,11,98,14.266666666666667,-0.2817484438419342,-1.463491742289116
UBFC_PHYS_s04_T3_test,11,99,14.3,-0.2503318190574646,-1.3777804159412925
UBFC_PHYS_s04_T3_test,11,100,14.333333333333334,0.006877190433442593,-1.1815700810945107
UBFC_PHYS_s04_T3_test,11,101,14.366666666666667,0.40229400992393494,-0.8848824596612
UBFC_PHYS_s04_T3_test,11,102,14.4,0.6997092366218567,-0.5123007632904917
UBFC_PHYS_s04_T3_test,11,103,14.433333333333334,0.7433748841285706,-0.10127223263814006
UBFC_PHYS_s04_T3_test,11,104,14.466666666666667,0.5741889476776123,0.30378042863115534
UBFC_PHYS_s04_T3_test,11,105,14.5,0.3545161783695221,0.6605892081924285
UBFC_PHYS_s04_T3_test,11,106,14.533333333333333,0.21411582827568054,0.9382282075723662
UBFC_PHYS_s04_T3_test,11,107,14.566666666666666,0.13614919781684875,1.1224460192582504
UBFC_PHYS_s04_T3_test,11,108,14.6,0.040632519870996475,1.215160982159224
UBFC_PHYS_s04_T3_test,11,109,14.633333333333333,-0.08273424953222275,1.2291396969726365
UBFC_PHYS_s04_T3_test,11,110,14.666666666666666,-0.1817297488451004,1.1807192430972653
UBFC_PHYS_s04_T3_test,11,111,14.7,-0.24884088337421417,1.0835403314893084
UBFC_PHYS_s04_T3_test,11,112,14.733333333333333,-0.3317188024520874,0.945207268416861
UBFC_PHYS_s04_T3_test,11,113,14.766666666666667,-0.4509246051311493,0.7673688742527454
UBFC_PHYS_s04_T3_test,11,114,14.8,-0.5834513306617737,0.5485574185688737
UBFC_PHYS_s04_T3_test,11,115,14.833333333333334,-0.7064282894134521,0.2884758629190174
UBFC_PHYS_s04_T3_test,11,116,14.866666666666667,-0.8019644618034363,-0.007770617426361894
UBFC_PHYS_s04_T3_test,11,117,14.9,-0.8554721474647522,-0.3269146669150864
UBFC_PHYS_s04_T3_test,11,118,14.933333333333334,-0.8649146556854248,-0.6473229966794627
UBFC_PHYS_s04_T3_test,11,119,14.966666666666667,-0.8409234285354614,-0.9416315379820522
UBFC_PHYS_s04_T3_test,11,120,15.0,-0.8157141208648682,-1.18128658695003
UBFC_PHYS_s04_T3_test,11,121,15.033333333333333,-0.8456300497055054,-1.3412269758231892
UBFC_PHYS_s04_T3_test,11,122,15.066666666666666,-0.9392855167388916,-1.4031832671730753
UBFC_PHYS_s04_T3_test,11,123,15.1,-0.9847733378410339,-1.3571309027322658
UBFC_PHYS_s04_T3_test,11,124,15.133333333333333,-0.8126640319824219,-1.2015431458948977
UBFC_PHYS_s04_T3_test,11,125,15.166666666666666,-0.39791393280029297,-0.9435618433502548
UBFC_PHYS_s04_T3_test,11,126,15.2,0.08012742549180984,-0.5997492130564832
UBFC_PHYS_s04_T3_test,11,127,15.233333333333333,0.43927478790283203,-0.19697172367555366
UBFC_PHYS_s04_T3_test,11,128,15.266666666666667,0.6532859206199646,0.22809874183125922
UBFC_PHYS_s04_T3_test,11,129,15.3,0.7754248976707458,0.6325489939817553
UBFC_PHYS_s04_T3_test,11,130,15.333333333333334,0.8238653540611267,0.9743433528764972
UBFC_PHYS_s04_T3_test,11,131,15.366666666666667,0.8013260364532471,1.2212889186087061
UBFC_PHYS_s04_T3_test,11,132,15.4,0.7249380350112915,1.3581715583506733
UBFC_PHYS_s04_T3_test,11,133,15.433333333333334,0.6082268357276917,1.3884608596716828
UBFC_PHYS_s04_T3_test,11,134,15.466666666666667,0.46960002183914185,1.3296888826588695
UBFC_PHYS_s04_T3_test,11,135,15.5,0.36664822697639465,1.2049395992908079
UBFC_PHYS_s04_T3_test,11,136,15.533333333333333,0.3632960617542267,1.0344425186857753
UBFC_PHYS_s04_T3_test,11,137,15.566666666666666,0.43513333797454834,0.830595009034393
UBFC_PHYS_s04_T3_test,11,138,15.6,0.4923829138278961,0.597732303677903
UBFC_PHYS_s04_T3_test,11,139,15.633333333333333,0.446047306060791,0.33577727976996447
UBFC_PHYS_s04_T3_test,11,140,15.666666666666666,0.22705666720867157,0.04548608367642619
UBFC_PHYS_s04_T3_test,11,141,15.7,-0.1642674058675766,-0.2672258655253198
UBFC_PHYS_s04_T3_test,11,142,15.733333333333333,-0.5687077045440674,-0.5895455110838176
UBFC_PHYS_s04_T3_test,11,143,15.766666666666667,-0.7634829878807068,-0.9028152137361348
UBFC_PHYS_s04_T3_test,11,144,15.8,-0.7520135641098022,-1.185206334807308
UBFC_PHYS_s04_T3_test,11,145,15.833333333333334,-0.7658216953277588,-1.4143375039950892
UBFC_PHYS_s04_T3_test,11,146,15.866666666666667,-0.9184515476226807,-1.568825836361304
UBFC_PHYS_s04_T3_test,11,147,15.9,-1.0444395542144775,-1.6290167012230126
UBFC_PHYS_s04_T3_test,11,148,15.933333333333334,-0.9156743288040161,-1.5780829334659672
UBFC_PHYS_s04_T3_test,11,149,15.966666666666667,-0.5185911655426025,-1.404737098138357
UBFC_PHYS_s04_T3_test,11,150,16.0,-0.05241876468062401,-1.1078645097109532
UBFC_PHYS_s04_T3_test,11,151,16.033333333333335,0.3031328320503235,-0.7018476955159916
UBFC_PHYS_s04_T3_test,11,152,16.066666666666666,0.5462900996208191,-0.21995430585481102
UBFC_PHYS_s04_T3_test,11,153,16.1,0.7405781745910645,0.2872645286453566
UBFC_PHYS_s04_T3_test,11,154,16.133333333333333,0.9087993502616882,0.7603624776793478
UBFC_PHYS_s04_T3_test,11,155,16.166666666666668,1.0499889850616455,1.1447227812663572
UBFC_PHYS_s04_T3_test,11,156,16.2,1.1661350727081299,1.4042485079158948
UBFC_PHYS_s04_T3_test,11,157,16.233333333333334,1.2508741617202759,1.528578701913326
UBFC_PHYS_s04_T3_test,11,158,16.266666666666666,1.3006983995437622,1.531006370652813
UBFC_PHYS_s04_T3_test,11,159,16.3,1.3407779932022095,1.439387396745909
UBFC_PHYS_s04_T3_test,11,160,16.333333333333332,1.3865678310394287,1.284886200453321
UBFC_PHYS_s04_T3_test,11,161,16.366666666666667,1.4124008417129517,1.0929256477632037
UBFC_PHYS_s04_T3_test,11,162,16.4,1.4027537107467651,0.8787440264184135
UBFC_PHYS_s04_T3_test,11,163,16.433333333333334,1.376881718635559,0.6477998167298817
UBFC_PHYS_s04_T3_test,11,164,16.466666666666665,1.3132396936416626,0.3996545318874493
UBFC_PHYS_s04_T3_test,11,165,16.5,1.1451451778411865,0.13315341197269653
UBFC_PHYS_s04_T3_test,11,166,16.533333333333335,0.8612262010574341,-0.14930309751817716
UBFC_PHYS_s04_T3_test,11,167,16.566666666666666,0.5194826722145081,-0.43983989736956525
UBFC_PHYS_s04_T3_test,11,168,16.6,0.20837624371051788,-0.7256576344704251
UBFC_PHYS_s04_T3_test,11,169,16.633333333333333,0.05551254004240036,-0.9909806967492186
UBFC_PHYS_s04_T3_test,11,170,16.666666666666668,0.09160657972097397,-1.2189299529296556
UBFC_PHYS_s04_T3_test,11,171,16.7,0.15908800065517426,-1.3923524818196555
UBFC_PHYS_s04_T3_test,11,172,16.733333333333334,0.11740056425333023,-1.4936991241534538
UBFC_PHYS_s04_T3_test,11,173,16.766666666666666,-0.0028869095258414745,-1.505050719462511
UBFC_PHYS_s04_T3_test,11,174,16.8,-0.15947306156158447,-1.4097709925133284
UBFC_PHYS_s04_T3_test,11,175,16.833333333333332,-0.3968907594680786,-1.1967046480684433
UBFC_PHYS_s04_T3_test,11,176,16.866666666666667,-0.7108815908432007,-0.8664307156222727
UBFC_PHYS_s04_T3_test,11,177,16.9,-1.0068156719207764,-0.4373070028267357
UBFC_PHYS_s04_T3_test,11,178,16.933333333333334,-1.2180203199386597,0.05214922031203703
UBFC_PHYS_s04_T3_test,11,179,16.966666666666665,-1.358557105064392,0.5473346714531504
UBFC_PHYS_s04_T3_test,11,180,17.0,-1.4790297746658325,0.9880504446053021
UBFC_PHYS_s04_T3_test,11,181,17.033333333333335,-1.652025818824768,1.3220204413436734
UBFC_PHYS_s04_T3_test,11,182,17.066666666666666,-1.9342005252838135,1.516319373443077
UBFC_PHYS_s04_T3_test,11,183,17.1,-2.2589590549468994,1.5624821278176702
UBFC_PHYS_s04_T3_test,11,184,17.133333333333333,-2.4230096340179443,1.4740858903027536
UBFC_PHYS_s04_T3_test,11,185,17.166666666666668,-2.2790136337280273,1.2789206399583168
UBFC_PHYS_s04_T3_test,11,186,17.2,-1.846820592880249,1.0096516779329254
UBFC_PHYS_s04_T3_test,11,187,17.233333333333334,-1.1755338907241821,0.696561597465325
UBFC_PHYS_s04_T3_test,11,188,17.266666666666666,-0.32477089762687683,0.36412377651257155
UBFC_PHYS_s04_T3_test,11,189,17.3,0.4395866096019745,0.031048231049048518
UBFC_PHYS_s04_T3_test,11,190,17.333333333333332,0.8463754057884216,-0.2878297602796822
UBFC_PHYS_s04_T3_test,11,191,17.366666666666667,0.9766023755073547,-0.5795665619691296
UBFC_PHYS_s04_T3_test,11,192,17.4,1.0860636234283447,-0.8320629757520345
UBFC_PHYS_s04_T3_test,11,193,17.433333333333334,1.2112427949905396,-1.0339831136788171
UBFC_PHYS_s04_T3_test,11,194,17.466666666666665,1.2421332597732544,-1.1749764307763733
UBFC_PHYS_s04_T3_test,11,195,17.5,1.1872419118881226,-1.245588762930636
UBFC_PHYS_s04_T3_test,11,196,17.533333333333335,1.1228396892547607,-1.236976724193013
UBFC_PHYS_s04_T3_test,11,197,17.566666666666666,1.025929570198059,-1.1412308082439888
UBFC_PHYS_s04_T3_test,11,198,17.6,0.8418734073638916,-0.953104452047899
UBFC_PHYS_s04_T3_test,11,199,17.633333333333333,0.5977708697319031,-0.6733189471781124
UBFC_PHYS_s04_T3_test,11,200,17.666666666666668,0.35583168268203735,-0.3127520842825206
UBFC_PHYS_s04_T3_test,11,201,17.7,0.11377556622028351,0.10411991739989646
UBFC_PHYS_s04_T3_test,11,202,17.733333333333334,-0.16880840063095093,0.5388181544985641
UBFC_PHYS_s04_T3_test,11,203,17.766666666666666,-0.48399782180786133,0.943295622438509
UBFC_PHYS_s04_T3_test,11,204,17.8,-0.7607837319374084,1.269002477015172
UBFC_PHYS_s04_T3_test,11,205,17.833333333333332,-0.9058517813682556,1.477862583011119
UBFC_PHYS_s04_T3_test,11,206,17.866666666666667,-0.852071225643158,1.5509934185131544
UBFC_PHYS_s04_T3_test,11,207,17.9,-0.6369784474372864,1.4916466630954095
UBFC_PHYS_s04_T3_test,11,208,17.933333333333334,-0.40172407031059265,1.3214398689260247
UBFC_PHYS_s04_T3_test,11,209,17.966666666666665,-0.2518324851989746,1.0719115282293847
UBFC_PHYS_s04_T3_test,11,210,18.0,-0.16540752351284027,0.7750495050104503
UBFC_PHYS_s04_T3_test,11,211,18.033333333333335,-0.08784042298793793,0.45619619462932215
UBFC_PHYS_s04_T3_test,11,212,18.066666666666666,-0.04973899573087692,0.13113524021338144
UBFC_PHYS_s04_T3_test,11,213,18.1,-0.09574330598115921,-0.1927395260431936
UBFC_PHYS_s04_T3_test,11,214,18.133333333333333,-0.1840294748544693,-0.5125629309528288
UBFC_PHYS_s04_T3_test,11,215,18.166666666666668,-0.24643395841121674,-0.8252731027966803
UBFC_PHYS_s04_T3_test,11,216,18.2,-0.2935394048690796,-1.1236339446531511
UBFC_PHYS_s04_T3_test,11,217,18.233333333333334,-0.38646402955055237,-1.3940039726280675
UBFC_PHYS_s04_T3_test,11,218,18.266666666666666,-0.5598401427268982,-1.616148244403403
UBFC_PHYS_s04_T3_test,11,219,18.3,-0.7865679860115051,-1.7649780467123588
UBFC_PHYS_s04_T3_test,11,220,18.333333333333332,-0.969630241394043,-1.814093038728104
UBFC_PHYS_s04_T3_test,11,221,18.366666666666667,-1.060791015625,-1.7410175218548893
UBFC_PHYS_s04_T3_test,11,222,18.4,-1.184498906135559,-1.5336310300626186
UBFC_PHYS_s04_T3_test,11,223,18.433333333333334,-1.4357831478118896,-1.1964530491851664
UBFC_PHYS_s04_T3_test,11,224,18.466666666666665,-1.6448440551757812,-0.7545685204548649
UBFC_PHYS_s04_T3_test,11,225,18.5,-1.5858794450759888,-0.2528097822391429
UBFC_PHYS_s04_T3_test,11,226,18.533333333333335,-1.2619880437850952,0.2510681006001545
UBFC_PHYS_s04_T3_test,11,227,18.566666666666666,-0.8315491080284119,0.6980928175836252
UBFC_PHYS_s04_T3_test,11,228,18.6,-0.40313705801963806,1.0408967826895836
UBFC_PHYS_s04_T3_test,11,229,18.633333333333333,-0.04541239142417908,1.253001310185142
UBFC_PHYS_s04_T3_test,11,230,18.666666666666668,0.20474150776863098,1.331777801750345
UBFC_PHYS_s04_T3_test,11,231,18.7,0.3620000183582306,1.2953077017802401
UBFC_PHYS_s04_T3_test,11,232,18.733333333333334,0.4665207266807556,1.1753350090600938
UBFC_PHYS_s04_T3_test,11,233,18.766666666666666,0.5185471773147583,1.0089586182778603
UBFC_PHYS_s04_T3_test,11,234,18.8,0.48919644951820374,0.83119291617157
UBFC_PHYS_s04_T3_test,11,235,18.833333333333332,0.4096706807613373,0.669571124745422
UBFC_PHYS_s04_T3_test,11,236,18.866666666666667,0.35574400424957275,0.5410271612293893
UBFC_PHYS_s04_T3_test,11,237,18.9,0.33694663643836975,0.45075603097628997
UBFC_PHYS_s04_T3_test,11,238,18.933333333333334,0.2892662584781647,0.3927564080064561
UBFC_PHYS_s04_T3_test,11,239,18.966666666666665,0.18556411564350128,0.35209301833312595
UBFC_PHYS_s04_T3_test,12,0,12.0,-0.9918479323387146,0.07056186629615285
UBFC_PHYS_s04_T3_test,12,1,12.033333333333333,-0.6996850371360779,0.0048612915887165115
UBFC_PHYS_s04_T3_test,12,2,12.066666666666666,-0.3102514147758484,-0.014705245067929008
UBFC_PHYS_s04_T3_test,12,3,12.1,-0.00658011669293046,0.04501754323541228
UBFC_PHYS_s04_T3_test,12,4,12.133333333333333,0.2084054797887802,0.193053437350137
UBFC_PHYS_s04_T3_test,12,5,12.166666666666666,0.39393311738967896,0.41143901909786096
UBFC_PHYS_s04_T3_test,12,6,12.2,0.5312346816062927,0.6603251002558658
UBFC_PHYS_s04_T3_test,12,7,12.233333333333333,0.5872369408607483,0.8893493367846694
UBFC_PHYS_s04_T3_test,12,8,12.266666666666667,0.5886986255645752,1.0514077771249979
UBFC_PHYS_s04_T3_test,12,9,12.3,0.5713727474212646,1.1142262587930627
UBFC_PHYS_s04_T3_test,12,10,12.333333333333334,0.5410767197608948,1.0662574877456186
UBFC_PHYS_s04_T3_test,12,11,12.366666666666667,0.5021567940711975,0.9158368131230762
UBFC_PHYS_s04_T3_test,12,12,12.4,0.4489706754684448,0.6851082023821462
UBFC_PHYS_s04_T3_test,12,13,12.433333333333334,0.3562409579753876,0.4018865214941799
UBFC_PHYS_s04_T3_test,12,14,12.466666666666667,0.21746796369552612,0.09275145646447863
UBFC_PHYS_s04_T3_test,12,15,12.5,0.05852362513542175,-0.2205180141837671
UBFC_PHYS_s04_T3_test,12,16,12.533333333333333,-0.10004067420959473,-0.520822440127377
UBFC_PHYS_s04_T3_test,12,17,12.566666666666666,-0.25431734323501587,-0.7930691337204651
UBFC_PHYS_s04_T3_test,12,18,12.6,-0.4002721309661865,-1.020765628498435
UBFC_PHYS_s04_T3_test,12,19,12.633333333333333,-0.5449893474578857,-1.1837098922114635
UBFC_PHYS_s04_T3_test,12,20,12.666666666666666,-0.7231890559196472,-1.2582732154725351
UBFC_PHYS_s04_T3_test,12,21,12.7,-0.9478802680969238,-1.2211285737931965
UBFC_PHYS_s04_T3_test,12,22,12.733333333333333,-1.1193171739578247,-1.0562074896248639
UBFC_PHYS_s04_T3_test,12,23,12.766666666666667,-1.0539698600769043,-0.7631449600894906
UBFC_PHYS_s04_T3_test,12,24,12.8,-0.712986409664154,-0.36393808477816647
UBFC_PHYS_s04_T3_test,12,25,12.833333333333334,-0.2843892276287079,0.09591235925970498
UBFC_PHYS_s04_T3_test,12,26,12.866666666666667,0.05358310788869858,0.5540244123250655
UBFC_PHYS_s04_T3_test,12,27,12.9,0.28847694396972656,0.9445849258509901
UBFC_PHYS_s04_T3_test,12,28,12.933333333333334,0.4693759083747864,1.214218849760445
UBFC_PHYS_s04_T3_test,12,29,12.966666666666667,0.5948182940483093,1.3343253195225784
UBFC_PHYS_s04_T3_test,12,30,13.0,0.6541629433631897,1.3055442367741608
UBFC_PHYS_s04_T3_test,12,31,13.033333333333333,0.6656031012535095,1.1535584341664145
UBFC_PHYS_s04_T3_test,12,32,13.066666666666666,0.6479068994522095,0.9187280850516051
UBFC_PHYS_s04_T3_test,12,33,13.1,0.6055470705032349,0.6437877433148533
UBFC_PHYS_s04_T3_test,12,34,13.133333333333333,0.5469722151756287,0.36369961144836643
UBFC_PHYS_s04_T3_test,12,35,13.166666666666666,0.47656741738319397,0.10020475597241633
UBFC_PHYS_s04_T3_test,12,36,13.2,0.38515323400497437,-0.13847832728377094
UBFC_PHYS_s04_T3_test,12,37,13.233333333333333,0.2598375380039215,-0.35410194485591795
UBFC_PHYS_s04_T3_test,12,38,13.266666666666667,0.09857397526502609,-0.5530821660489913
UBFC_PHYS_s04_T3_test,12,39,13.3,-0.0795769914984703,-0.7412926161442933
UBFC_PHYS_s04_T3_test,12,40,13.333333333333334,-0.24161037802696228,-0.9199623554841146
UBFC_PHYS_s04_T3_test,12,41,13.366666666666667,-0.3766414523124695,-1.08307822412709
UBFC_PHYS_s04_T3_test,12,42,13.4,-0.5223526358604431,-1.2167528699060743
UBFC_PHYS_s04_T3_test,12,43,13.433333333333334,-0.7288408875465393,-1.3010540259706351
UBFC_PHYS_s04_T3_test,12,44,13.466666666666667,-0.9783321619033813,-1.3141268143118536
UBFC_PHYS_s04_T3_test,12,45,13.5,-1.133047342300415,-1.2375440954702335
UBFC_PHYS_s04_T3_test,12,46,13.533333333333333,-1.0196980237960815,-1.0614724968623472
UBFC_PHYS_s04_T3_test,12,47,13.566666666666666,-0.6574421525001526,-0.7885781958475849
UBFC_PHYS_s04_T3_test,12,48,13.6,-0.23381468653678894,-0.4361339289717704
UBFC_PHYS_s04_T3_test,12,49,13.633333333333333,0.10034749656915665,-0.035706627852780295
UBFC_PHYS_s04_T3_test,12,50,13.666666666666666,0.3324933648109436,0.37080923671249066
UBFC_PHYS_s04_T3_test,12,51,13.7,0.5061228275299072,0.7393747426737726
UBFC_PHYS_s04_T3_test,12,52,13.733333333333333,0.64000403881073,1.034030124063271
UBFC_PHYS_s04_T3_test,12,53,13.766666666666667,0.7226772904396057,1.234801593662469
UBFC_PHYS_s04_T3_test,12,54,13.8,0.7472727298736572,1.3398658358946074
UBFC_PHYS_s04_T3_test,12,55,13.833333333333334,0.7348970174789429,1.3615829147540324
UBFC_PHYS_s04_T3_test,12,56,13.866666666666667,0.7194420695304871,1.318724404362596
UBFC_PHYS_s04_T3_test,12,57,13.9,0.7061699628829956,1.2284446982635615
UBFC_PHYS_s04_T3_test,12,58,13.933333333333334,0.6532956957817078,1.1011561993944383
UBFC_PHYS_s04_T3_test,12,59,13.966666666666667,0.5255243182182312,0.9398344175390446
UBFC_PHYS_s04_T3_test,12,60,14.0,0.3553932011127472,0.7431662595521337
UBFC_PHYS_s04_T3_test,12,61,14.033333333333333,0.20446865260601044,0.5104030752098345
UBFC_PHYS_s04_T3_test,12,62,14.066666666666666,0.08494126796722412,0.245482169949602
UBFC_PHYS_s04_T3_test,12,63,14.1,-0.016636554151773453,-0.04120920609468818
UBFC_PHYS_s04_T3_test,12,64,14.133333333333333,-0.0933266431093216,-0.333739836572311
UBFC_PHYS_s04_T3_test,12,65,14.166666666666666,-0.13290925323963165,-0.6132728949389272
UBFC_PHYS_s04_T3_test,12,66,14.2,-0.1542402058839798,-0.8608235434357319
UBFC_PHYS_s04_T3_test,12,67,14.233333333333333,-0.20542864501476288,-1.058884004374217
UBFC_PHYS_s04_T3_test,12,68,14.266666666666667,-0.2817484438419342,-1.1919189314945022
UBFC_PHYS_s04_T3_test,12,69,14.3,-0.2503318190574646,-1.2467815918943284
UBFC_PHYS_s04_T3_test,12,70,14.333333333333334,0.006877190433442593,-1.2140187109718055
UBFC_PHYS_s04_T3_test,12,71,14.366666666666667,0.40229400992393494,-1.0901324776304255
UBFC_PHYS_s04_T3_test,12,72,14.4,0.6997092366218567,-0.8800117388715105
UBFC_PHYS_s04_T3_test,12,73,14.433333333333334,0.7433748841285706,-0.5984435795657248
UBFC_PHYS_s04_T3_test,12,74,14.466666666666667,0.5741889476776123,-0.2699129435426888
UBFC_PHYS_s04_T3_test,12,75,14.5,0.3545161783695221,0.07357363054923746
UBFC_PHYS_s04_T3_test,12,76,14.533333333333333,0.21411582827568054,0.39648430626676
UBFC_PHYS_s04_T3_test,12,77,14.566666666666666,0.13614919781684875,0.665036028220099
UBFC_PHYS_s04_T3_test,12,78,14.6,0.040632519870996475,0.8527184666442263
UBFC_PHYS_s04_T3_test,12,79,14.633333333333333,-0.08273424953222275,0.9446488503309843
UBFC_PHYS_s04_T3_test,12,80,14.666666666666666,-0.1817297488451004,0.9394035983325775
UBFC_PHYS_s04_T3_test,12,81,14.7,-0.24884088337421417,0.8477587448902077
UBFC_PHYS_s04_T3_test,12,82,14.733333333333333,-0.3317188024520874,0.6890583277980951
UBFC_PHYS_s04_T3_test,12,83,14.766666666666667,-0.4509246051311493,0.4867994127863248
UBFC_PHYS_s04_T3_test,12,84,14.8,-0.5834513306617737,0.26479683923447545
UBFC_PHYS_s04_T3_test,12,85,14.833333333333334,-0.7064282894134521,0.04439250048043645
UBFC_PHYS_s04_T3_test,12,86,14.866666666666667,-0.8019644618034363,-0.1575366700546946
UBFC_PHYS_s04_T3_test,12,87,14.9,-0.8554721474647522,-0.33006021841869443
UBFC_PHYS_s04_T3_test,12,88,14.933333333333334,-0.8649146556854248,-0.46894104198466324
UBFC_PHYS_s04_T3_test,12,89,14.966666666666667,-0.8409234285354614,-0.5760323457716627
UBFC_PHYS_s04_T3_test,12,90,15.0,-0.8157141208648682,-0.656972728552541
UBFC_PHYS_s04_T3_test,12,91,15.033333333333333,-0.8456300497055054,-0.7174920728818641
UBFC_PHYS_s04_T3_test,12,92,15.066666666666666,-0.9392855167388916,-0.759227991405908
UBFC_PHYS_s04_T3_test,12,93,15.1,-0.9847733378410339,-0.7763952199184618
UBFC_PHYS_s04_T3_test,12,94,15.133333333333333,-0.8126640319824219,-0.7549077620335021
UBFC_PHYS_s04_T3_test,12,95,15.166666666666666,-0.39791393280029297,-0.6752311211486157
UBFC_PHYS_s04_T3_test,12,96,15.2,0.08012742549180984,-0.5190445206444
UBFC_PHYS_s04_T3_test,12,97,15.233333333333333,0.43927478790283203,-0.27799291737698645
UBFC_PHYS_s04_T3_test,12,98,15.266666666666667,0.6532859206199646,0.038790457469706247
UBFC_PHYS_s04_T3_test,12,99,15.3,0.7754248976707458,0.4020294949071642
UBFC_PHYS_s04_T3_test,12,100,15.333333333333334,0.8238653540611267,0.7665935507090935
UBFC_PHYS_s04_T3_test,12,101,15.366666666666667,0.8013260364532471,1.0818778563064593
UBFC_PHYS_s04_T3_test,12,102,15.4,0.7249380350112915,1.3045235891650675
UBFC_PHYS_s04_T3_test,12,103,15.433333333333334,0.6082268357276917,1.408535205750417
UBFC_PHYS_s04_T3_test,12,104,15.466666666666667,0.46960002183914185,1.389216280189234
UBFC_PHYS_s04_T3_test,12,105,15.5,0.36664822697639465,1.2603668331064404
UBFC_PHYS_s04_T3_test,12,106,15.533333333333333,0.3632960617542267,1.0470818082741982
UBFC_PHYS_s04_T3_test,12,107,15.566666666666666,0.43513333797454834,0.7777229598613141
UBFC_PHYS_s04_T3_test,12,108,15.6,0.4923829138278961,0.477805757537164
UBFC_PHYS_s04_T3_test,12,109,15.633333333333333,0.446047306060791,0.16686284594394846
UBFC_PHYS_s04_T3_test,12,110,15.666666666666666,0.22705666720867157,-0.14183385623909664
UBFC_PHYS_s04_T3_test,12,111,15.7,-0.1642674058675766,-0.43945086897524793
UBFC_PHYS_s04_T3_test,12,112,15.733333333333333,-0.5687077045440674,-0.7189082164284258
UBFC_PHYS_s04_T3_test,12,113,15.766666666666667,-0.7634829878807068,-0.9726188310227499
UBFC_PHYS_s04_T3_test,12,114,15.8,-0.7520135641098022,-1.191311386056277
UBFC_PHYS_s04_T3_test,12,115,15.833333333333334,-0.7658216953277588,-1.3637682198278835
UBFC_PHYS_s04_T3_test,12,116,15.866666666666667,-0.9184515476226807,-1.4769512807194145
UBFC_PHYS_s04_T3_test,12,117,15.9,-1.0444395542144775,-1.5163455287973344
UBFC_PHYS_s04_T3_test,12,118,15.933333333333334,-0.9156743288040161,-1.4670841505042334
UBFC_PHYS_s04_T3_test,12,119,15.966666666666667,-0.5185911655426025,-1.316684880498143
UBFC_PHYS_s04_T3_test,12,120,16.0,-0.05241876468062401,-1.059502351928574
UBFC_PHYS_s04_T3_test,12,121,16.033333333333335,0.3031328320503235,-0.7018141365899099
UBFC_PHYS_s04_T3_test,12,122,16.066666666666666,0.5462900996208191,-0.2656308693251808
UBFC_PHYS_s04_T3_test,12,123,16.1,0.7405781745910645,0.2108863399258387
UBFC_PHYS_s04_T3_test,12,124,16.133333333333333,0.9087993502616882,0.6779687362701767
UBFC_PHYS_s04_T3_test,12,125,16.166666666666668,1.0499889850616455,1.0835606677146907
UBFC_PHYS_s04_T3_test,12,126,16.2,1.1661350727081299,1.3846330561069111
UBFC_PHYS_s04_T3_test,12,127,16.233333333333334,1.2508741617202759,1.556197652200099
UBFC_PHYS_s04_T3_test,12,128,16.266666666666666,1.3006983995437622,1.5947797273381594
UBFC_PHYS_s04_T3_test,12,129,16.3,1.3407779932022095,1.5157253632658054
UBFC_PHYS_s04_T3_test,12,130,16.333333333333332,1.3865678310394287,1.3460570171195763
UBFC_PHYS_s04_T3_test,12,131,16.366666666666667,1.4124008417129517,1.1157997110269362
UBFC_PHYS_s04_T3_test,12,132,16.4,1.4027537107467651,0.850722206703911
UBFC_PHYS_s04_T3_test,12,133,16.433333333333334,1.376881718635559,0.5684983828846054
UBFC_PHYS_s04_T3_test,12,134,16.466666666666665,1.3132396936416626,0.278817503242815
UBFC_PHYS_s04_T3_test,12,135,16.5,1.1451451778411865,-0.013496247234185025
UBFC_PHYS_s04_T3_test,12,136,16.533333333333335,0.8612262010574341,-0.3042381833471384
UBFC_PHYS_s04_T3_test,12,137,16.566666666666666,0.5194826722145081,-0.5863991622046623
UBFC_PHYS_s04_T3_test,12,138,16.6,0.20837624371051788,-0.8487143208539145
UBFC_PHYS_s04_T3_test,12,139,16.633333333333333,0.05551254004240036,-1.0761808292202397
UBFC_PHYS_s04_T3_test,12,140,16.666666666666668,0.09160657972097397,-1.2516967616641788
UBFC_PHYS_s04_T3_test,12,141,16.7,0.15908800065517426,-1.3579099177212055
UBFC_PHYS_s04_T3_test,12,142,16.733333333333334,0.11740056425333023,-1.3790271310853026
UBFC_PHYS_s04_T3_test,12,143,16.766666666666666,-0.0028869095258414745,-1.3030058680146608
UBFC_PHYS_s04_T3_test,12,144,16.8,-0.15947306156158447,-1.1245263711088975
UBFC_PHYS_s04_T3_test,12,145,16.833333333333332,-0.3968907594680786,-0.8483930108210239
UBFC_PHYS_s04_T3_test,12,146,16.866666666666667,-0.7108815908432007,-0.4920921680691095
UBFC_PHYS_s04_T3_test,12,147,16.9,-1.0068156719207764,-0.08595838244970096
UBFC_PHYS_s04_T3_test,12,148,16.933333333333334,-1.2180203199386597,0.3298649937522276
UBFC_PHYS_s04_T3_test,12,149,16.966666666666665,-1.358557105064392,0.7113775581351331
UBFC_PHYS_s04_T3_test,12,150,17.0,-1.4790297746658325,1.018500108056985
UBFC_PHYS_s04_T3_test,12,151,17.033333333333335,-1.652025818824768,1.2229117354701557
UBFC_PHYS_s04_T3_test,12,152,17.066666666666666,-1.9342005252838135,1.3134901794520093
UBFC_PHYS_s04_T3_test,12,153,17.1,-2.2589590549468994,1.2970852306997034
UBFC_PHYS_s04_T3_test,12,154,17.133333333333333,-2.4230096340179443,1.1940423852549324
UBFC_PHYS_s04_T3_test,12,155,17.166666666666668,-2.2790136337280273,1.0302438794060862
UBFC_PHYS_s04_T3_test,12,156,17.2,-1.846820592880249,0.8290034339579029
UBFC_PHYS_s04_T3_test,12,157,17.233333333333334,-1.1755338907241821,0.6060059646869722
UBFC_PHYS_s04_T3_test,12,158,17.266666666666666,-0.32477089762687683,0.36868789684895964
UBFC_PHYS_s04_T3_test,12,159,17.3,0.4395866096019745,0.1192201712011405
UBFC_PHYS_s04_T3_test,12,160,17.333333333333332,0.8463754057884216,-0.1410690819652362
UBFC_PHYS_s04_T3_test,12,161,17.366666666666667,0.9766023755073547,-0.4079653150386194
UBFC_PHYS_s04_T3_test,12,162,17.4,1.0860636234283447,-0.672446850774696
UBFC_PHYS_s04_T3_test,12,163,17.433333333333334,1.2112427949905396,-0.9204937401023504
UBFC_PHYS_s04_T3_test,12,164,17.466666666666665,1.2421332597732544,-1.1339118844567604
UBFC_PHYS_s04_T3_test,12,165,17.5,1.1872419118881226,-1.2915806333818725
UBFC_PHYS_s04_T3_test,12,166,17.533333333333335,1.1228396892547607,-1.3711282987592255
UBFC_PHYS_s04_T3_test,12,167,17.566666666666666,1.025929570198059,-1.3515697487995137
UBFC_PHYS_s04_T3_test,12,168,17.6,0.8418734073638916,-1.2174292316199231
UBFC_PHYS_s04_T3_test,12,169,17.633333333333333,0.5977708697319031,-0.9642049829337607
UBFC_PHYS_s04_T3_test,12,170,17.666666666666668,0.35583168268203735,-0.6039290161753524
UBFC_PHYS_s04_T3_test,12,171,17.7,0.11377556622028351,-0.1684548098638671
UBFC_PHYS_s04_T3_test,12,172,17.733333333333334,-0.16880840063095093,0.29230756911893413
UBFC_PHYS_s04_T3_test,12,173,17.766666666666666,-0.48399782180786133,0.7187251519975505
UBFC_PHYS_s04_T3_test,12,174,17.8,-0.7607837319374084,1.054859470282748
UBFC_PHYS_s04_T3_test,12,175,17.833333333333332,-0.9058517813682556,1.2624520703829698
UBFC_PHYS_s04_T3_test,12,176,17.866666666666667,-0.852071225643158,1.32995868293466
UBFC_PHYS_s04_T3_test,12,177,17.9,-0.6369784474372864,1.2729290357401457
UBFC_PHYS_s04_T3_test,12,178,17.933333333333334,-0.40172407031059265,1.1258495451932016
UBFC_PHYS_s04_T3_test,12,179,17.966666666666665,-0.2518324851989746,0.9291515171551337
UBFC_PHYS_s04_T3_test,12,180,18.0,-0.16540752351284027,0.7164916237605032
UBFC_PHYS_s04_T3_test,12,181,18.033333333333335,-0.08784042298793793,0.5065641859194661
UBFC_PHYS_s04_T3_test,12,182,18.066666666666666,-0.04973899573087692,0.3015788900346311
UBFC_PHYS_s04_T3_test,12,183,18.1,-0.09574330598115921,0.09201912139600939
UBFC_PHYS_s04_T3_test,12,184,18.133333333333333,-0.1840294748544693,-0.13483005696919406
UBFC_PHYS_s04_T3_test,12,185,18.166666666666668,-0.24643395841121674,-0.3860548940574887
UBFC_PHYS_s04_T3_test,12,186,18.2,-0.2935394048690796,-0.6569457890993571
UBFC_PHYS_s04_T3_test,12,187,18.233333333333334,-0.38646402955055237,-0.9289720122139333
UBFC_PHYS_s04_T3_test,12,188,18.266666666666666,-0.5598401427268982,-1.1718154000862635
UBFC_PHYS_s04_T3_test,12,189,18.3,-0.7865679860115051,-1.3484521004814207
UBFC_PHYS_s04_T3_test,12,190,18.333333333333332,-0.969630241394043,-1.4221394781028984
UBFC_PHYS_s04_T3_test,12,191,18.366666666666667,-1.060791015625,-1.364243368650397
UBFC_PHYS_s04_T3_test,12,192,18.4,-1.184498906135559,-1.1615903357738226
UBFC_PHYS_s04_T3_test,12,193,18.433333333333334,-1.4357831478118896,-0.82169864409178
UBFC_PHYS_s04_T3_test,12,194,18.466666666666665,-1.6448440551757812,-0.3743396167476175
UBFC_PHYS_s04_T3_test,12,195,18.5,-1.5858794450759888,0.13148551925352261
UBFC_PHYS_s04_T3_test,12,196,18.533333333333335,-1.2619880437850952,0.635083336387846
UBFC_PHYS_s04_T3_test,12,197,18.566666666666666,-0.8315491080284119,1.0749858850904102
UBFC_PHYS_s04_T3_test,12,198,18.6,-0.40313705801963806,1.4011197575626733
UBFC_PHYS_s04_T3_test,12,199,18.633333333333333,-0.04541239142417908,1.5850657775697206
UBFC_PHYS_s04_T3_test,12,200,18.666666666666668,0.20474150776863098,1.624647369954643
UBFC_PHYS_s04_T3_test,12,201,18.7,0.3620000183582306,1.5404848059680682
UBFC_PHYS_s04_T3_test,12,202,18.733333333333334,0.4665207266807556,1.3659039507123336
UBFC_PHYS_s04_T3_test,12,203,18.766666666666666,0.5185471773147583,1.1349292619289033
UBFC_PHYS_s04_T3_test,12,204,18.8,0.48919644951820374,0.8733162029978956
UBFC_PHYS_s04_T3_test,12,205,18.833333333333332,0.4096706807613373,0.5952300396481297
UBFC_PHYS_s04_T3_test,12,206,18.866666666666667,0.35574400424957275,0.3053233037095687
UBFC_PHYS_s04_T3_test,12,207,18.9,0.33694663643836975,0.003953526961950158
UBFC_PHYS_s04_T3_test,12,208,18.933333333333334,0.2892662584781647,-0.3073495947636067
UBFC_PHYS_s04_T3_test,12,209,18.966666666666665,0.18556411564350128,-0.6223483871287073
UBFC_PHYS_s04_T3_test,12,210,19.0,0.07021716237068176,-0.9291803093157291
UBFC_PHYS_s04_T3_test,12,211,19.033333333333335,-0.01383010670542717,-1.2113818920739858
UBFC_PHYS_s04_T3_test,12,212,19.066666666666666,-0.0936579555273056,-1.4496421379870068
UBFC_PHYS_s04_T3_test,12,213,19.1,-0.2424386739730835,-1.6234150408399186
UBFC_PHYS_s04_T3_test,12,214,19.133333333333333,-0.4611856937408447,-1.7123158276450747
UBFC_PHYS_s04_T3_test,12,215,19.166666666666668,-0.5836949348449707,-1.697942453631232
UBFC_PHYS_s04_T3_test,12,216,19.2,-0.42687490582466125,-1.5669303344990413
UBFC_PHYS_s04_T3_test,12,217,19.233333333333334,-0.03270541876554489,-1.3153980332619752
UBFC_PHYS_s04_T3_test,12,218,19.266666666666666,0.3863128423690796,-0.9536809616823345
UBFC_PHYS_s04_T3_test,12,219,19.3,0.6967858672142029,-0.5091605302831901
UBFC_PHYS_s04_T3_test,12,220,19.333333333333332,0.8839408755302429,-0.024937924686841667
UBFC_PHYS_s04_T3_test,12,221,19.366666666666667,0.9323618412017822,0.44654757211740753
UBFC_PHYS_s04_T3_test,12,222,19.4,0.8347988128662109,0.8535522805034743
UBFC_PHYS_s04_T3_test,12,223,19.433333333333334,0.6462892889976501,1.155408505001546
UBFC_PHYS_s04_T3_test,12,224,19.466666666666665,0.46421125531196594,1.3296710878881048
UBFC_PHYS_s04_T3_test,12,225,19.5,0.3670867085456848,1.3738889579943812
UBFC_PHYS_s04_T3_test,12,226,19.533333333333335,0.3793746829032898,1.3021776626875932
UBFC_PHYS_s04_T3_test,12,227,19.566666666666666,0.47544679045677185,1.1387110980350947
UBFC_PHYS_s04_T3_test,12,228,19.6,0.6174744963645935,0.9109089782101732
UBFC_PHYS_s04_T3_test,12,229,19.633333333333333,0.7429168820381165,0.6445221833759309
UBFC_PHYS_s04_T3_test,12,230,19.666666666666668,0.7952648997306824,0.36161208950883617
UBFC_PHYS_s04_T3_test,12,231,19.7,0.792322039604187,0.08117183866830582
UBFC_PHYS_s04_T3_test,12,232,19.733333333333334,0.7921661138534546,-0.17877421443999053
UBFC_PHYS_s04_T3_test,12,233,19.766666666666666,0.7687205672264099,-0.39924197045912857
UBFC_PHYS_s04_T3_test,12,234,19.8,0.6187022924423218,-0.5601785970503533
UBFC_PHYS_s04_T3_test,12,235,19.833333333333332,0.3263542354106903,-0.643080883669836
UBFC_PHYS_s04_T3_test,12,236,19.866666666666667,-0.009006524458527565,-0.6358082258060684
UBFC_PHYS_s04_T3_test,12,237,19.9,-0.3139738440513611,-0.5376704047417787
UBFC_PHYS_s04_T3_test,12,238,19.933333333333334,-0.6258891224861145,-0.3623922233662777
UBFC_PHYS_s04_T3_test,12,239,19.966666666666665,-1.0302319526672363,-0.13727339108218042
UBFC_PHYS_s04_T3_test,13,0,13.0,0.6541629433631897,-0.058069447910703634
UBFC_PHYS_s04_T3_test,13,1,13.033333333333333,0.6656031012535095,-0.15022593418906321
UBFC_PHYS_s04_T3_test,13,2,13.066666666666666,0.6479068994522095,-0.2456985789730744
UBFC_PHYS_s04_T3_test,13,3,13.1,0.6055470705032349,-0.34920588213247333
UBFC_PHYS_s04_T3_test,13,4,13.133333333333333,0.5469722151756287,-0.4659455262359498
UBFC_PHYS_s04_T3_test,13,5,13.166666666666666,0.47656741738319397,-0.6004133156880267
UBFC_PHYS_s04_T3_test,13,6,13.2,0.38515323400497437,-0.7538293183673689
UBFC_PHYS_s04_T3_test,13,7,13.233333333333333,0.2598375380039215,-0.9207641130943442
UBFC_PHYS_s04_T3_test,13,8,13.266666666666667,0.09857397526502609,-1.0862607358584986
UBFC_PHYS_s04_T3_test,13,9,13.3,-0.0795769914984703,-1.225102162482819
UBFC_PHYS_s04_T3_test,13,10,13.333333333333334,-0.24161037802696228,-1.3048210977185462
UBFC_PHYS_s04_T3_test,13,11,13.366666666666667,-0.3766414523124695,-1.2930512031951877
UBFC_PHYS_s04_T3_test,13,12,13.4,-0.5223526358604431,-1.1677561603888567
UBFC_PHYS_s04_T3_test,13,13,13.433333333333334,-0.7288408875465393,-0.9268192336262308
UBFC_PHYS_s04_T3_test,13,14,13.466666666666667,-0.9783321619033813,-0.5928069431465026
UBFC_PHYS_s04_T3_test,13,15,13.5,-1.133047342300415,-0.21005108721933338
UBFC_PHYS_s04_T3_test,13,16,13.533333333333333,-1.0196980237960815,0.1658814942659907
UBFC_PHYS_s04_T3_test,13,17,13.566666666666666,-0.6574421525001526,0.48311231349670514
UBFC_PHYS_s04_T3_test,13,18,13.6,-0.23381468653678894,0.7076562697981849
UBFC_PHYS_s04_T3_test,13,19,13.633333333333333,0.10034749656915665,0.8318649445747467
UBFC_PHYS_s04_T3_test,13,20,13.666666666666666,0.3324933648109436,0.8740172567002644
UBFC_PHYS_s04_T3_test,13,21,13.7,0.5061228275299072,0.8691326032252147
UBFC_PHYS_s04_T3_test,13,22,13.733333333333333,0.64000403881073,0.8543857439760997
UBFC_PHYS_s04_T3_test,13,23,13.766666666666667,0.7226772904396057,0.8547290827948292
UBFC_PHYS_s04_T3_test,13,24,13.8,0.7472727298736572,0.8744264249511821
UBFC_PHYS_s04_T3_test,13,25,13.833333333333334,0.7348970174789429,0.8976339636817325
UBFC_PHYS_s04_T3_test,13,26,13.866666666666667,0.7194420695304871,0.8968148233806333
UBFC_PHYS_s04_T3_test,13,27,13.9,0.7061699628829956,0.8444134484802641
UBFC_PHYS_s04_T3_test,13,28,13.933333333333334,0.6532956957817078,0.7229440387664346
UBFC_PHYS_s04_T3_test,13,29,13.966666666666667,0.5255243182182312,0.5305821861921433
UBFC_PHYS_s04_T3_test,13,30,14.0,0.3553932011127472,0.2815210654974415
UBFC_PHYS_s04_T3_test,13,31,14.033333333333333,0.20446865260601044,0.0019214397110583672
UBFC_PHYS_s04_T3_test,13,32,14.066666666666666,0.08494126796722412,-0.2767652208276772
UBFC_PHYS_s04_T3_test,13,33,14.1,-0.016636554151773453,-0.5248564017190082
UBFC_PHYS_s04_T3_test,13,34,14.133333333333333,-0.0933266431093216,-0.7196811711738584
UBFC_PHYS_s04_T3_test,13,35,14.166666666666666,-0.13290925323963165,-0.847701222440314
UBFC_PHYS_s04_T3_test,13,36,14.2,-0.1542402058839798,-0.9038455258162631
UBFC_PHYS_s04_T3_test,13,37,14.233333333333333,-0.20542864501476288,-0.8895955712351371
UBFC_PHYS_s04_T3_test,13,38,14.266666666666667,-0.2817484438419342,-0.811194258810973
UBFC_PHYS_s04_T3_test,13,39,14.3,-0.2503318190574646,-0.678389944011956
UBFC_PHYS_s04_T3_test,13,40,14.333333333333334,0.006877190433442593,-0.5034578554037278
UBFC_PHYS_s04_T3_test,13,41,14.366666666666667,0.40229400992393494,-0.3003131956937267
UBFC_PHYS_s04_T3_test,13,42,14.4,0.6997092366218567,-0.08399611573844135
UBFC_PHYS_s04_T3_test,13,43,14.433333333333334,0.7433748841285706,0.12928662933828708
UBFC_PHYS_s04_T3_test,13,44,14.466666666666667,0.5741889476776123,0.32231442497587154
UBFC_PHYS_s04_T3_test,13,45,14.5,0.3545161783695221,0.4783463774392238
UBFC_PHYS_s04_T3_test,13,46,14.533333333333333,0.21411582827568054,0.5839516134898798
UBFC_PHYS_s04_T3_test,13,47,14.566666666666666,0.13614919781684875,0.6317414801307789
UBFC_PHYS_s04_T3_test,13,48,14.6,0.040632519870996475,0.6214707922855228
UBFC_PHYS_s04_T3_test,13,49,14.633333333333333,-0.08273424953222275,0.5590901279469649
UBFC_PHYS_s04_T3_test,13,50,14.666666666666666,-0.1817297488451004,0.4545640136035413
UBFC_PHYS_s04_T3_test,13,51,14.7,-0.24884088337421417,0.319692971272195
UBFC_PHYS_s04_T3_test,13,52,14.733333333333333,-0.3317188024520874,0.16659306080015987
UBFC_PHYS_s04_T3_test,13,53,14.766666666666667,-0.4509246051311493,0.006689927016807459
UBFC_PHYS_s04_T3_test,13,54,14.8,-0.5834513306617737,-0.15011080931003282
UBFC_PHYS_s04_T3_test,13,55,14.833333333333334,-0.7064282894134521,-0.29613526662976675
UBFC_PHYS_s04_T3_test,13,56,14.866666666666667,-0.8019644618034363,-0.42634421593757593
UBFC_PHYS_s04_T3_test,13,57,14.9,-0.8554721474647522,-0.538188787466552
UBFC_PHYS_s04_T3_test,13,58,14.933333333333334,-0.8649146556854248,-0.6307929601411065
UBFC_PHYS_s04_T3_test,13,59,14.966666666666667,-0.8409234285354614,-0.7035652514601218
UBFC_PHYS_s04_T3_test,13,60,15.0,-0.8157141208648682,-0.754593633437272
UBFC_PHYS_s04_T3_test,13,61,15.033333333333333,-0.8456300497055054,-0.7792771981278579
UBFC_PHYS_s04_T3_test,13,62,15.066666666666666,-0.9392855167388916,-0.769552407336057
UBFC_PHYS_s04_T3_test,13,63,15.1,-0.9847733378410339,-0.714032302317198
UBFC_PHYS_s04_T3_test,13,64,15.133333333333333,-0.8126640319824219,-0.599527828911596
UBFC_PHYS_s04_T3_test,13,65,15.166666666666666,-0.39791393280029297,-0.41442434045909643
UBFC_PHYS_s04_T3_test,13,66,15.2,0.08012742549180984,-0.153836886058658
UBFC_PHYS_s04_T3_test,13,67,15.233333333333333,0.43927478790283203,0.17465557692461905
UBFC_PHYS_s04_T3_test,13,68,15.266666666666667,0.6532859206199646,0.5470750647474224
UBFC_PHYS_s04_T3_test,13,69,15.3,0.7754248976707458,0.9235345134875552
UBFC_PHYS_s04_T3_test,13,70,15.333333333333334,0.8238653540611267,1.254441078634294
UBFC_PHYS_s04_T3_test,13,71,15.366666666666667,0.8013260364532471,1.491179458041681
UBFC_PHYS_s04_T3_test,13,72,15.4,0.7249380350112915,1.5976377887532829
UBFC_PHYS_s04_T3_test,13,73,15.433333333333334,0.6082268357276917,1.5583458161033727
UBFC_PHYS_s04_T3_test,13,74,15.466666666666667,0.46960002183914185,1.3808100237288072
UBFC_PHYS_s04_T3_test,13,75,15.5,0.36664822697639465,1.0922396614345893
UBFC_PHYS_s04_T3_test,13,76,15.533333333333333,0.3632960617542267,0.7324207030067813
UBFC_PHYS_s04_T3_test,13,77,15.566666666666666,0.43513333797454834,0.3449537069584277
UBFC_PHYS_s04_T3_test,13,78,15.6,0.4923829138278961,-0.03091994832649997
UBFC_PHYS_s04_T3_test,13,79,15.633333333333333,0.446047306060791,-0.3660814677900985
UBFC_PHYS_s04_T3_test,13,80,15.666666666666666,0.22705666720867157,-0.6439867955670746
UBFC_PHYS_s04_T3_test,13,81,15.7,-0.1642674058675766,-0.8600016776429186
UBFC_PHYS_s04_T3_test,13,82,15.733333333333333,-0.5687077045440674,-1.0185904971013102
UBFC_PHYS_s04_T3_test,13,83,15.766666666666667,-0.7634829878807068,-1.1295076004228428
UBFC_PHYS_s04_T3_test,13,84,15.8,-0.7520135641098022,-1.2037906388030593
UBFC_PHYS_s04_T3_test,13,85,15.833333333333334,-0.7658216953277588,-1.249922946555151
UBFC_PHYS_s04_T3_test,13,86,15.866666666666667,-0.9184515476226807,-1.2704468057337772
UBFC_PHYS_s04_T3_test,13,87,15.9,-1.0444395542144775,-1.2596242723220863
UBFC_PHYS_s04_T3_test,13,88,15.933333333333334,-0.9156743288040161,-1.2031416393451644
UBFC_PHYS_s04_T3_test,13,89,15.966666666666667,-0.5185911655426025,-1.0808203797316824
UBFC_PHYS_s04_T3_test,13,90,16.0,-0.05241876468062401,-0.8725298007550889
UBFC_PHYS_s04_T3_test,13,91,16.033333333333335,0.3031328320503235,-0.5662606844163748
UBFC_PHYS_s04_T3_test,13,92,16.066666666666666,0.5462900996208191,-0.16615354061150203
UBFC_PHYS_s04_T3_test,13,93,16.1,0.7405781745910645,0.30240065445152126
UBFC_PHYS_s04_T3_test,13,94,16.133333333333333,0.9087993502616882,0.7932479101492061
UBFC_PHYS_s04_T3_test,13,95,16.166666666666668,1.0499889850616455,1.2466426590731206
UBFC_PHYS_s04_T3_test,13,96,16.2,1.1661350727081299,1.6015476908001594
UBFC_PHYS_s04_T3_test,13,97,16.233333333333334,1.2508741617202759,1.8092498276687443
UBFC_PHYS_s04_T3_test,13,98,16.266666666666666,1.3006983995437622,1.8439987182802313
UBFC_PHYS_s04_T3_test,13,99,16.3,1.3407779932022095,1.7076415580231614
UBFC_PHYS_s04_T3_test,13,100,16.333333333333332,1.3865678310394287,1.4273717059400337
UBFC_PHYS_s04_T3_test,13,101,16.366666666666667,1.4124008417129517,1.0478569900538497
UBFC_PHYS_s04_T3_test,13,102,16.4,1.4027537107467651,0.6204859391358913
UBFC_PHYS_s04_T3_test,13,103,16.433333333333334,1.376881718635559,0.19288783320833783
UBFC_PHYS_s04_T3_test,13,104,16.466666666666665,1.3132396936416626,-0.19872829638930464
UBFC_PHYS_s04_T3_test,13,105,16.5,1.1451451778411865,-0.5330632228556801
UBFC_PHYS_s04_T3_test,13,106,16.533333333333335,0.8612262010574341,-0.8029589129342836
UBFC_PHYS_s04_T3_test,13,107,16.566666666666666,0.5194826722145081,-1.0113701765514447
UBFC_PHYS_s04_T3_test,13,108,16.6,0.20837624371051788,-1.1658029817686186
UBFC_PHYS_s04_T3_test,13,109,16.633333333333333,0.05551254004240036,-1.2730155119731321
UBFC_PHYS_s04_T3_test,13,110,16.666666666666668,0.09160657972097397,-1.3351614139017056
UBFC_PHYS_s04_T3_test,13,111,16.7,0.15908800065517426,-1.3478258885448078
UBFC_PHYS_s04_T3_test,13,112,16.733333333333334,0.11740056425333023,-1.3001100806841654
UBFC_PHYS_s04_T3_test,13,113,16.766666666666666,-0.0028869095258414745,-1.1769776663802725
UBFC_PHYS_s04_T3_test,13,114,16.8,-0.15947306156158447,-0.9640079895078367
UBFC_PHYS_s04_T3_test,13,115,16.833333333333332,-0.3968907594680786,-0.6540210625906308
UBFC_PHYS_s04_T3_test,13,116,16.866666666666667,-0.7108815908432007,-0.2538212215494809
UBFC_PHYS_s04_T3_test,13,117,16.9,-1.0068156719207764,0.2115086998818186
UBFC_PHYS_s04_T3_test,13,118,16.933333333333334,-1.2180203199386597,0.6989071047277954
UBFC_PHYS_s04_T3_test,13,119,16.966666666666665,-1.358557105064392,1.15295714691539
UBFC_PHYS_s04_T3_test,13,120,17.0,-1.4790297746658325,1.5158832107006392
UBFC_PHYS_s04_T3_test,13,121,17.033333333333335,-1.652025818824768,1.7394778337276366
UBFC_PHYS_s04_T3_test,13,122,17.066666666666666,-1.9342005252838135,1.7955881153090019
UBFC_PHYS_s04_T3_test,13,123,17.1,-2.2589590549468994,1.6819253242324266
UBFC_PHYS_s04_T3_test,13,124,17.133333333333333,-2.4230096340179443,1.4213809032406997
UBFC_PHYS_s04_T3_test,13,125,17.166666666666668,-2.2790136337280273,1.055296464013983
UBFC_PHYS_s04_T3_test,13,126,17.2,-1.846820592880249,0.6332826743412145
UBFC_PHYS_s04_T3_test,13,127,17.233333333333334,-1.1755338907241821,0.20304791942237846
UBFC_PHYS_s04_T3_test,13,128,17.266666666666666,-0.32477089762687683,-0.19715320531248962
UBFC_PHYS_s04_T3_test,13,129,17.3,0.4395866096019745,-0.5424263978915955
UBFC_PHYS_s04_T3_test,13,130,17.333333333333332,0.8463754057884216,-0.821605059656252
UBFC_PHYS_s04_T3_test,13,131,17.366666666666667,0.9766023755073547,-1.0347010226960929
UBFC_PHYS_s04_T3_test,13,132,17.4,1.0860636234283447,-1.1883403510999746
UBFC_PHYS_s04_T3_test,13,133,17.433333333333334,1.2112427949905396,-1.290331966686773
UBFC_PHYS_s04_T3_test,13,134,17.466666666666665,1.2421332597732544,-1.3447187637658191
UBFC_PHYS_s04_T3_test,13,135,17.5,1.1872419118881226,-1.3486740305836755
UBFC_PHYS_s04_T3_test,13,136,17.533333333333335,1.1228396892547607,-1.2922865765949043
UBFC_PHYS_s04_T3_test,13,137,17.566666666666666,1.025929570198059,-1.161644008009126
UBFC_PHYS_s04_T3_test,13,138,17.6,0.8418734073638916,-0.9447447776461682
UBFC_PHYS_s04_T3_test,13,139,17.633333333333333,0.5977708697319031,-0.6386674008585732
UBFC_PHYS_s04_T3_test,13,140,17.666666666666668,0.35583168268203735,-0.2554223308943007
UBFC_PHYS_s04_T3_test,13,141,17.7,0.11377556622028351,0.17615747715297103
UBFC_PHYS_s04_T3_test,13,142,17.733333333333334,-0.16880840063095093,0.6137848163530766
UBFC_PHYS_s04_T3_test,13,143,17.766666666666666,-0.48399782180786133,1.0095349526911164
UBFC_PHYS_s04_T3_test,13,144,17.8,-0.7607837319374084,1.319563966833732
UBFC_PHYS_s04_T3_test,13,145,17.833333333333332,-0.9058517813682556,1.512599436540584
UBFC_PHYS_s04_T3_test,13,146,17.866666666666667,-0.852071225643158,1.5748104108528065
UBFC_PHYS_s04_T3_test,13,147,17.9,-0.6369784474372864,1.5101924027036957
UBFC_PHYS_s04_T3_test,13,148,17.933333333333334,-0.40172407031059265,1.3371288354492414
UBFC_PHYS_s04_T3_test,13,149,17.966666666666665,-0.2518324851989746,1.0827177325887916
UBFC_PHYS_s04_T3_test,13,150,18.0,-0.16540752351284027,0.7766195254129465
UBFC_PHYS_s04_T3_test,13,151,18.033333333333335,-0.08784042298793793,0.44592757877920186
UBFC_PHYS_s04_T3_test,13,152,18.066666666666666,-0.04973899573087692,0.11217759821620085
UBFC_PHYS_s04_T3_test,13,153,18.1,-0.09574330598115921,-0.20913443273301227
UBFC_PHYS_s04_T3_test,13,154,18.133333333333333,-0.1840294748544693,-0.5072588205142236
UBFC_PHYS_s04_T3_test,13,155,18.166666666666668,-0.24643395841121674,-0.7744014400973595
UBFC_PHYS_s04_T3_test,13,156,18.2,-0.2935394048690796,-1.004124420163102
UBFC_PHYS_s04_T3_test,13,157,18.233333333333334,-0.38646402955055237,-1.1897891790824777
UBFC_PHYS_s04_T3_test,13,158,18.266666666666666,-0.5598401427268982,-1.3228687550756775
UBFC_PHYS_s04_T3_test,13,159,18.3,-0.7865679860115051,-1.3916315126723067
UBFC_PHYS_s04_T3_test,13,160,18.333333333333332,-0.969630241394043,-1.3812967553704363
UBFC_PHYS_s04_T3_test,13,161,18.366666666666667,-1.060791015625,-1.276641083072036
UBFC_PHYS_s04_T3_test,13,162,18.4,-1.184498906135559,-1.0670414078424253
UBFC_PHYS_s04_T3_test,13,163,18.433333333333334,-1.4357831478118896,-0.7525956331490016
UBFC_PHYS_s04_T3_test,13,164,18.466666666666665,-1.6448440551757812,-0.34904017948219485
UBFC_PHYS_s04_T3_test,13,165,18.5,-1.5858794450759888,0.11079914511368631
UBFC_PHYS_s04_T3_test,13,166,18.533333333333335,-1.2619880437850952,0.5802568471913969
UBFC_PHYS_s04_T3_test,13,167,18.566666666666666,-0.8315491080284119,1.0063969999974693
UBFC_PHYS_s04_T3_test,13,168,18.6,-0.40313705801963806,1.3399807664476366
UBFC_PHYS_s04_T3_test,13,169,18.633333333333333,-0.04541239142417908,1.545013657538678
UBFC_PHYS_s04_T3_test,13,170,18.666666666666668,0.20474150776863098,1.6051282680171008
UBFC_PHYS_s04_T3_test,13,171,18.7,0.3620000183582306,1.5250951959941756
UBFC_PHYS_s04_T3_test,13,172,18.733333333333334,0.4665207266807556,1.327378907882663
UBFC_PHYS_s04_T3_test,13,173,18.766666666666666,0.5185471773147583,1.045175679848011
UBFC_PHYS_s04_T3_test,13,174,18.8,0.48919644951820374,0.7142204053147094
UBFC_PHYS_s04_T3_test,13,175,18.833333333333332,0.4096706807613373,0.3657678349723551
UBFC_PHYS_s04_T3_test,13,176,18.866666666666667,0.35574400424957275,0.02264092042315854
UBFC_PHYS_s04_T3_test,13,177,18.9,0.33694663643836975,-0.30099219736459876
UBFC_PHYS_s04_T3_test,13,178,18.933333333333334,0.2892662584781647,-0.5971007357263511
UBFC_PHYS_s04_T3_test,13,179,18.966666666666665,0.18556411564350128,-0.8604526680783077
UBFC_PHYS_s04_T3_test,13,180,19.0,0.07021716237068176,-1.0858728901660821
UBFC_PHYS_s04_T3_test,13,181,19.033333333333335,-0.01383010670542717,-1.2664057486329252
UBFC_PHYS_s04_T3_test,13,182,19.066666666666666,-0.0936579555273056,-1.3921385209027803
UBFC_PHYS_s04_T3_test,13,183,19.1,-0.2424386739730835,-1.4496576377693773
UBFC_PHYS_s04_T3_test,13,184,19.133333333333333,-0.4611856937408447,-1.4226485005107983
UBFC_PHYS_s04_T3_test,13,185,19.166666666666668,-0.5836949348449707,-1.2944979265814993
UBFC_PHYS_s04_T3_test,13,186,19.2,-0.42687490582466125,-1.0534615827213831
UBFC_PHYS_s04_T3_test,13,187,19.233333333333334,-0.03270541876554489,-0.6997466953386821
UBFC_PHYS_s04_T3_test,13,188,19.266666666666666,0.3863128423690796,-0.2521018336115604
UBFC_PHYS_s04_T3_test,13,189,19.3,0.6967858672142029,0.2495780607578957
UBFC_PHYS_s04_T3_test,13,190,19.333333333333332,0.8839408755302429,0.7483893151790812
UBFC_PHYS_s04_T3_test,13,191,19.366666666666667,0.9323618412017822,1.18141307624706
UBFC_PHYS_s04_T3_test,13,192,19.4,0.8347988128662109,1.4942655546299206
UBFC_PHYS_s04_T3_test,13,193,19.433333333333334,0.6462892889976501,1.653845076333575
UBFC_PHYS_s04_T3_test,13,194,19.466666666666665,0.46421125531196594,1.654659449046504
UBFC_PHYS_s04_T3_test,13,195,19.5,0.3670867085456848,1.5170031939222801
UBFC_PHYS_s04_T3_test,13,196,19.533333333333335,0.3793746829032898,1.2785030211544297
UBFC_PHYS_s04_T3_test,13,197,19.566666666666666,0.47544679045677185,0.9826077543379287
UBFC_PHYS_s04_T3_test,13,198,19.6,0.6174744963645935,0.667814915126516
UBFC_PHYS_s04_T3_test,13,199,19.633333333333333,0.7429168820381165,0.3603803127094376
UBFC_PHYS_s04_T3_test,13,200,19.666666666666668,0.7952648997306824,0.07186062290495233
UBFC_PHYS_s04_T3_test,13,201,19.7,0.792322039604187,-0.1985910057672812
UBFC_PHYS_s04_T3_test,13,202,19.733333333333334,0.7921661138534546,-0.45858128354486943
UBFC_PHYS_s04_T3_test,13,203,19.766666666666666,0.7687205672264099,-0.7156279467958686
UBFC_PHYS_s04_T3_test,13,204,19.8,0.6187022924423218,-0.9710833726922805
UBFC_PHYS_s04_T3_test,13,205,19.833333333333332,0.3263542354106903,-1.2160780033643477
UBFC_PHYS_s04_T3_test,13,206,19.866666666666667,-0.009006524458527565,-1.430030064687448
UBFC_PHYS_s04_T3_test,13,207,19.9,-0.3139738440513611,-1.5819813732891455
UBFC_PHYS_s04_T3_test,13,208,19.933333333333334,-0.6258891224861145,-1.6350849229452065
UBFC_PHYS_s04_T3_test,13,209,19.966666666666665,-1.0302319526672363,-1.5544409173643807
UBFC_PHYS_s04_T3_test,13,210,20.0,-1.515864372253418,-1.3176006069089623
UBFC_PHYS_s04_T3_test,13,211,20.033333333333335,-1.852852463722229,-0.9253763777626705
UBFC_PHYS_s04_T3_test,13,212,20.066666666666666,-1.775431513786316,-0.40891051197469663
UBFC_PHYS_s04_T3_test,13,213,20.1,-1.3209624290466309,0.17110324252069598
UBFC_PHYS_s04_T3_test,13,214,20.133333333333333,-0.808415412902832,0.7346927190606691
UBFC_PHYS_s04_T3_test,13,215,20.166666666666668,-0.4869309365749359,1.2002736576158088
UBFC_PHYS_s04_T3_test,13,216,20.2,-0.37977921962738037,1.504545486483517
UBFC_PHYS_s04_T3_test,13,217,20.233333333333334,-0.4056608974933624,1.6181797480574063
UBFC_PHYS_s04_T3_test,13,218,20.266666666666666,-0.47909629344940186,1.551807771131108
UBFC_PHYS_s04_T3_test,13,219,20.3,-0.5197215676307678,1.3500690339965349
UBFC_PHYS_s04_T3_test,13,220,20.333333333333332,-0.4749937951564789,1.0761018362774375
UBFC_PHYS_s04_T3_test,13,221,20.366666666666667,-0.34627723693847656,0.792433302382153
UBFC_PHYS_s04_T3_test,13,222,20.4,-0.1774226278066635,0.5448433659493329
UBFC_PHYS_s04_T3_test,13,223,20.433333333333334,0.001956162042915821,0.3538381164224864
UBFC_PHYS_s04_T3_test,13,224,20.466666666666665,0.18280638754367828,0.21530767454707728
UBFC_PHYS_s04_T3_test,13,225,20.5,0.3225051164627075,0.10870245193992739
UBFC_PHYS_s04_T3_test,13,226,20.533333333333335,0.3638417720794678,0.008520134624938563
UBFC_PHYS_s04_T3_test,13,227,20.566666666666666,0.33422788977622986,-0.10562759322979448
UBFC_PHYS_s04_T3_test,13,228,20.6,0.2887985110282898,-0.24322366976728302
UBFC_PHYS_s04_T3_test,13,229,20.633333333333333,0.2113775908946991,-0.40157125297041674
UBFC_PHYS_s04_T3_test,13,230,20.666666666666668,0.06222657859325409,-0.5677847989997279
UBFC_PHYS_s04_T3_test,13,231,20.7,-0.1241585910320282,-0.7226166463254702
UBFC_PHYS_s04_T3_test,13,232,20.733333333333334,-0.2845646142959595,-0.8450571165110721
UBFC_PHYS_s04_T3_test,13,233,20.766666666666666,-0.4365513026714325,-0.9169013349959899
UBFC_PHYS_s04_T3_test,13,234,20.8,-0.6551619172096252,-0.9264275642738351
UBFC_PHYS_s04_T3_test,13,235,20.833333333333332,-0.9216867685317993,-0.870375127973294
UBFC_PHYS_s04_T3_test,13,236,20.866666666666667,-1.0824825763702393,-0.7539049131588453
UBFC_PHYS_s04_T3_test,13,237,20.9,-0.9934850335121155,-0.5888793977184865
UBFC_PHYS_s04_T3_test,13,238,20.933333333333334,-0.6792116165161133,-0.39120709185761576
UBFC_PHYS_s04_T3_test,13,239,20.966666666666665,-0.2939194440841675,-0.17822156118214247
UBFC_PHYS_s04_T3_test,14,0,14.0,0.3553932011127472,-0.0719096363138186
UBFC_PHYS_s04_T3_test,14,1,14.033333333333333,0.20446865260601044,-0.22665927407700703
UBFC_PHYS_s04_T3_test,14,2,14.066666666666666,0.08494126796722412,-0.3816038702657102
UBFC_PHYS_s04_T3_test,14,3,14.1,-0.016636554151773453,-0.5358660172566543
UBFC_PHYS_s04_T3_test,14,4,14.133333333333333,-0.0933266431093216,-0.6827269803933527
UBFC_PHYS_s04_T3_test,14,5,14.166666666666666,-0.13290925323963165,-0.8091517618758328
UBFC_PHYS_s04_T3_test,14,6,14.2,-0.1542402058839798,-0.8970974493992026
UBFC_PHYS_s04_T3_test,14,7,14.233333333333333,-0.20542864501476288,-0.9264518660443611
UBFC_PHYS_s04_T3_test,14,8,14.266666666666667,-0.2817484438419342,-0.8793211962390223
UBFC_PHYS_s04_T3_test,14,9,14.3,-0.2503318190574646,-0.74504864076957
UBFC_PHYS_s04_T3_test,14,10,14.333333333333334,0.006877190433442593,-0.5248259014801913
UBFC_PHYS_s04_T3_test,14,11,14.366666666666667,0.40229400992393494,-0.23431395353256812
UBFC_PHYS_s04_T3_test,14,12,14.4,0.6997092366218567,0.09723491301707535
UBFC_PHYS_s04_T3_test,14,13,14.433333333333334,0.7433748841285706,0.4317918481876481
UBFC_PHYS_s04_T3_test,14,14,14.466666666666667,0.5741889476776123,0.7299160059859707
UBFC_PHYS_s04_T3_test,14,15,14.5,0.3545161783695221,0.9581260543111612
UBFC_PHYS_s04_T3_test,14,16,14.533333333333333,0.21411582827568054,1.094232074743397
UBFC_PHYS_s04_T3_test,14,17,14.566666666666666,0.13614919781684875,1.1298029762060364
UBFC_PHYS_s04_T3_test,14,18,14.6,0.040632519870996475,1.0696901105625798
UBFC_PHYS_s04_T3_test,14,19,14.633333333333333,-0.08273424953222275,0.929016219989112
UBFC_PHYS_s04_T3_test,14,20,14.666666666666666,-0.1817297488451004,0.7287520792086927
UBFC_PHYS_s04_T3_test,14,21,14.7,-0.24884088337421417,0.4914143689280549
UBFC_PHYS_s04_T3_test,14,22,14.733333333333333,-0.3317188024520874,0.23795743299193323
UBFC_PHYS_s04_T3_test,14,23,14.766666666666667,-0.4509246051311493,-0.01398939866751208
UBFC_PHYS_s04_T3_test,14,24,14.8,-0.5834513306617737,-0.2510027841672569
UBFC_PHYS_s04_T3_test,14,25,14.833333333333334,-0.7064282894134521,-0.46428213917200195
UBFC_PHYS_s04_T3_test,14,26,14.866666666666667,-0.8019644618034363,-0.6495053335713581
UBFC_PHYS_s04_T3_test,14,27,14.9,-0.8554721474647522,-0.8057073485094406
UBFC_PHYS_s04_T3_test,14,28,14.933333333333334,-0.8649146556854248,-0.9330866978844736
UBFC_PHYS_s04_T3_test,14,29,14.966666666666667,-0.8409234285354614,-1.030238232292391
UBFC_PHYS_s04_T3_test,14,30,15.0,-0.8157141208648682,-1.0916515139000469
UBFC_PHYS_s04_T3_test,14,31,15.033333333333333,-0.8456300497055054,-1.106423970729449
UBFC_PHYS_s04_T3_test,14,32,15.066666666666666,-0.9392855167388916,-1.059133277386949
UBFC_PHYS_s04_T3_test,14,33,15.1,-0.9847733378410339,-0.9334255317499677
UBFC_PHYS_s04_T3_test,14,34,15.133333333333333,-0.8126640319824219,-0.7179190125855063
UBFC_PHYS_s04_T3_test,14,35,15.166666666666666,-0.39791393280029297,-0.4128607755710011
UBFC_PHYS_s04_T3_test,14,36,15.2,0.08012742549180984,-0.035179197142497357
UBFC_PHYS_s04_T3_test,14,37,15.233333333333333,0.43927478790283203,0.3804966034003431
UBFC_PHYS_s04_T3_test,14,38,15.266666666666667,0.6532859206199646,0.7864198391373038
UBFC_PHYS_s04_T3_test,14,39,15.3,0.7754248976707458,1.1315561508931877
UBFC_PHYS_s04_T3_test,14,40,15.333333333333334,0.8238653540611267,1.3737910960190156
UBFC_PHYS_s04_T3_test,14,41,15.366666666666667,0.8013260364532471,1.4899530043459177
UBFC_PHYS_s04_T3_test,14,42,15.4,0.7249380350112915,1.4795511206505256
UBFC_PHYS_s04_T3_test,14,43,15.433333333333334,0.6082268357276917,1.3609278266475373
UBFC_PHYS_s04_T3_test,14,44,15.466666666666667,0.46960002183914185,1.1623359339919457
UBFC_PHYS_s04_T3_test,14,45,15.5,0.36664822697639465,0.9126292227874429
UBFC_PHYS_s04_T3_test,14,46,15.533333333333333,0.3632960617542267,0.6352153790518896
UBFC_PHYS_s04_T3_test,14,47,15.566666666666666,0.43513333797454834,0.3461573093495561
UBFC_PHYS_s04_T3_test,14,48,15.6,0.4923829138278961,0.05521507260492012
UBFC_PHYS_s04_T3_test,14,49,15.633333333333333,0.446047306060791,-0.2319625870504635
UBFC_PHYS_s04_T3_test,14,50,15.666666666666666,0.22705666720867157,-0.5117177685788258
UBFC_PHYS_s04_T3_test,14,51,15.7,-0.1642674058675766,-0.7805558091889986
UBFC_PHYS_s04_T3_test,14,52,15.733333333333333,-0.5687077045440674,-1.0331620063506743
UBFC_PHYS_s04_T3_test,14,53,15.766666666666667,-0.7634829878807068,-1.2599577351187903
UBFC_PHYS_s04_T3_test,14,54,15.8,-0.7520135641098022,-1.4447670293898223
UBFC_PHYS_s04_T3_test,14,55,15.833333333333334,-0.7658216953277588,-1.5640445304210318
UBFC_PHYS_s04_T3_test,14,56,15.866666666666667,-0.9184515476226807,-1.5892216947680606
UBFC_PHYS_s04_T3_test,14,57,15.9,-1.0444395542144775,-1.4928600809203756
UBFC_PHYS_s04_T3_test,14,58,15.933333333333334,-0.9156743288040161,-1.257735448414886
UBFC_PHYS_s04_T3_test,14,59,15.966666666666667,-0.5185911655426025,-0.8862221355775095
UBFC_PHYS_s04_T3_test,14,60,16.0,-0.05241876468062401,-0.4061741244586673
UBFC_PHYS_s04_T3_test,14,61,16.033333333333335,0.3031328320503235,0.130153233018491
UBFC_PHYS_s04_T3_test,14,62,16.066666666666666,0.5462900996208191,0.6553478132026057
UBFC_PHYS_s04_T3_test,14,63,16.1,0.7405781745910645,1.1020923117907435
UBFC_PHYS_s04_T3_test,14,64,16.133333333333333,0.9087993502616882,1.4193291963745875
UBFC_PHYS_s04_T3_test,14,65,16.166666666666668,1.0499889850616455,1.5833715298383653
UBFC_PHYS_s04_T3_test,14,66,16.2,1.1661350727081299,1.59992860984933
UBFC_PHYS_s04_T3_test,14,67,16.233333333333334,1.2508741617202759,1.4969034527100473
UBFC_PHYS_s04_T3_test,14,68,16.266666666666666,1.3006983995437622,1.3117464012777842
UBFC_PHYS_s04_T3_test,14,69,16.3,1.3407779932022095,1.0790413826456902
UBFC_PHYS_s04_T3_test,14,70,16.333333333333332,1.3865678310394287,0.8229064816762802
UBFC_PHYS_s04_T3_test,14,71,16.366666666666667,1.4124008417129517,0.5557947123358381
UBFC_PHYS_s04_T3_test,14,72,16.4,1.4027537107467651,0.282289086841527
UBFC_PHYS_s04_T3_test,14,73,16.433333333333334,1.376881718635559,0.004786882856842461
UBFC_PHYS_s04_T3_test,14,74,16.466666666666665,1.3132396936416626,-0.2720016842501258
UBFC_PHYS_s04_T3_test,14,75,16.5,1.1451451778411865,-0.5393922497385185
UBFC_PHYS_s04_T3_test,14,76,16.533333333333335,0.8612262010574341,-0.7856462461993341
UBFC_PHYS_s04_T3_test,14,77,16.566666666666666,0.5194826722145081,-0.9979519512607268
UBFC_PHYS_s04_T3_test,14,78,16.6,0.20837624371051788,-1.1639577427690517
UBFC_PHYS_s04_T3_test,14,79,16.633333333333333,0.05551254004240036,-1.2722423835320587
UBFC_PHYS_s04_T3_test,14,80,16.666666666666668,0.09160657972097397,-1.3120897022967768
UBFC_PHYS_s04_T3_test,14,81,16.7,0.15908800065517426,-1.273548167489506
UBFC_PHYS_s04_T3_test,14,82,16.733333333333334,0.11740056425333023,-1.1487933122031466
UBFC_PHYS_s04_T3_test,14,83,16.766666666666666,-0.0028869095258414745,-0.935140890293958
UBFC_PHYS_s04_T3_test,14,84,16.8,-0.15947306156158447,-0.638876778954361
UBFC_PHYS_s04_T3_test,14,85,16.833333333333332,-0.3968907594680786,-0.2780558073272599
UBFC_PHYS_s04_T3_test,14,86,16.866666666666667,-0.7108815908432007,0.11766689483578052
UBFC_PHYS_s04_T3_test,14,87,16.9,-1.0068156719207764,0.5109066593096895
UBFC_PHYS_s04_T3_test,14,88,16.933333333333334,-1.2180203199386597,0.8628913032594234
UBFC_PHYS_s04_T3_test,14,89,16.966666666666665,-1.358557105064392,1.1399014278553228
UBFC_PHYS_s04_T3_test,14,90,17.0,-1.4790297746658325,1.3180619849332436
UBFC_PHYS_s04_T3_test,14,91,17.033333333333335,-1.652025818824768,1.385981232274727
UBFC_PHYS_s04_T3_test,14,92,17.066666666666666,-1.9342005252838135,1.3452147765099522
UBFC_PHYS_s04_T3_test,14,93,17.1,-2.2589590549468994,1.208561880310447
UBFC_PHYS_s04_T3_test,14,94,17.133333333333333,-2.4230096340179443,0.9965709875321352
UBFC_PHYS_s04_T3_test,14,95,17.166666666666668,-2.2790136337280273,0.733201267730172
UBFC_PHYS_s04_T3_test,14,96,17.2,-1.846820592880249,0.44183496993619414
UBFC_PHYS_s04_T3_test,14,97,17.233333333333334,-1.1755338907241821,0.14259253542717343
UBFC_PHYS_s04_T3_test,14,98,17.266666666666666,-0.32477089762687683,-0.14869181372269236
UBFC_PHYS_s04_T3_test,14,99,17.3,0.4395866096019745,-0.42012522140937264
UBFC_PHYS_s04_T3_test,14,100,17.333333333333332,0.8463754057884216,-0.6627275714052052
UBFC_PHYS_s04_T3_test,14,101,17.366666666666667,0.9766023755073547,-0.8693654118480622
UBFC_PHYS_s04_T3_test,14,102,17.4,1.0860636234283447,-1.0338941772134815
UBFC_PHYS_s04_T3_test,14,103,17.433333333333334,1.2112427949905396,-1.1503502451582677
UBFC_PHYS_s04_T3_test,14,104,17.466666666666665,1.2421332597732544,-1.212006791982966
UBFC_PHYS_s04_T3_test,14,105,17.5,1.1872419118881226,-1.2105858273881067
UBFC_PHYS_s04_T3_test,14,106,17.533333333333335,1.1228396892547607,-1.1365713165752795
UBFC_PHYS_s04_T3_test,14,107,17.566666666666666,1.025929570198059,-0.9815833036944414
UBFC_PHYS_s04_T3_test,14,108,17.6,0.8418734073638916,-0.7427220869707788
UBFC_PHYS_s04_T3_test,14,109,17.633333333333333,0.5977708697319031,-0.42735926942758323
UBFC_PHYS_s04_T3_test,14,110,17.666666666666668,0.35583168268203735,-0.05609874854805496
UBFC_PHYS_s04_T3_test,14,111,17.7,0.11377556622028351,0.3379078028821993
UBFC_PHYS_s04_T3_test,14,112,17.733333333333334,-0.16880840063095093,0.7136321879732184
UBFC_PHYS_s04_T3_test,14,113,17.766666666666666,-0.48399782180786133,1.0295840692912233
UBFC_PHYS_s04_T3_test,14,114,17.8,-0.7607837319374084,1.2518546705182199
UBFC_PHYS_s04_T3_test,14,115,17.833333333333332,-0.9058517813682556,1.360545303891199
UBFC_PHYS_s04_T3_test,14,116,17.866666666666667,-0.852071225643158,1.3527130472751212
UBFC_PHYS_s04_T3_test,14,117,17.9,-0.6369784474372864,1.2409534738305505
UBFC_PHYS_s04_T3_test,14,118,17.933333333333334,-0.40172407031059265,1.0482840847372439
UBFC_PHYS_s04_T3_test,14,119,17.966666666666665,-0.2518324851989746,0.801397439922903
UBFC_PHYS_s04_T3_test,14,120,18.0,-0.16540752351284027,0.5248132666471527
UBFC_PHYS_s04_T3_test,14,121,18.033333333333335,-0.08784042298793793,0.23765998514932174
UBFC_PHYS_s04_T3_test,14,122,18.066666666666666,-0.04973899573087692,-0.046788713852496416
UBFC_PHYS_s04_T3_test,14,123,18.1,-0.09574330598115921,-0.3198768467802607
UBFC_PHYS_s04_T3_test,14,124,18.133333333333333,-0.1840294748544693,-0.5756354309403153
UBFC_PHYS_s04_T3_test,14,125,18.166666666666668,-0.24643395841121674,-0.808532602174355
UBFC_PHYS_s04_T3_test,14,126,18.2,-0.2935394048690796,-1.0110526598915441
UBFC_PHYS_s04_T3_test,14,127,18.233333333333334,-0.38646402955055237,-1.1715487723533626
UBFC_PHYS_s04_T3_test,14,128,18.266666666666666,-0.5598401427268982,-1.2732353319720398
UBFC_PHYS_s04_T3_test,14,129,18.3,-0.7865679860115051,-1.2953959217115654
UBFC_PHYS_s04_T3_test,14,130,18.333333333333332,-0.969630241394043,-1.2175853086840862
UBFC_PHYS_s04_T3_test,14,131,18.366666666666667,-1.060791015625,-1.0265242202651883
UBFC_PHYS_s04_T3_test,14,132,18.4,-1.184498906135559,-0.7237373268141697
UBFC_PHYS_s04_T3_test,14,133,18.433333333333334,-1.4357831478118896,-0.3307603455934942
UBFC_PHYS_s04_T3_test,14,134,18.466666666666665,-1.6448440551757812,0.11105180012664047
UBFC_PHYS_s04_T3_test,14,135,18.5,-1.5858794450759888,0.5472524695380107
UBFC_PHYS_s04_T3_test,14,136,18.533333333333335,-1.2619880437850952,0.921959334403029
UBFC_PHYS_s04_T3_test,14,137,18.566666666666666,-0.8315491080284119,1.1905919159015084
UBFC_PHYS_s04_T3_test,14,138,18.6,-0.40313705801963806,1.329316372850141
UBFC_PHYS_s04_T3_test,14,139,18.633333333333333,-0.04541239142417908,1.3381484566449464
UBFC_PHYS_s04_T3_test,14,140,18.666666666666668,0.20474150776863098,1.2371378808418843
UBFC_PHYS_s04_T3_test,14,141,18.7,0.3620000183582306,1.057586054527013
UBFC_PHYS_s04_T3_test,14,142,18.733333333333334,0.4665207266807556,0.8318239255123029
UBFC_PHYS_s04_T3_test,14,143,18.766666666666666,0.5185471773147583,0.5851820217545121
UBFC_PHYS_s04_T3_test,14,144,18.8,0.48919644951820374,0.332498386513346
UBFC_PHYS_s04_T3_test,14,145,18.833333333333332,0.4096706807613373,0.07945547669719424
UBFC_PHYS_s04_T3_test,14,146,18.866666666666667,0.35574400424957275,-0.17288568613736663
UBFC_PHYS_s04_T3_test,14,147,18.9,0.33694663643836975,-0.42292461957803573
UBFC_PHYS_s04_T3_test,14,148,18.933333333333334,0.2892662584781647,-0.6649130342910359
UBFC_PHYS_s04_T3_test,14,149,18.966666666666665,0.18556411564350128,-0.8878153369720992
UBFC_PHYS_s04_T3_test,14,150,19.0,0.07021716237068176,-1.0762521605913546
UBFC_PHYS_s04_T3_test,14,151,19.033333333333335,-0.01383010670542717,-1.2124788786018865
UBFC_PHYS_s04_T3_test,14,152,19.066666666666666,-0.0936579555273056,-1.278542997461893
UBFC_PHYS_s04_T3_test,14,153,19.1,-0.2424386739730835,-1.258428066216437
UBFC_PHYS_s04_T3_test,14,154,19.133333333333333,-0.4611856937408447,-1.1405196143653888
UBFC_PHYS_s04_T3_test,14,155,19.166666666666668,-0.5836949348449707,-0.9207256405333812
UBFC_PHYS_s04_T3_test,14,156,19.2,-0.42687490582466125,-0.6059924492006477
UBFC_PHYS_s04_T3_test,14,157,19.233333333333334,-0.03270541876554489,-0.21705640774633794
UBFC_PHYS_s04_T3_test,14,158,19.266666666666666,0.3863128423690796,0.21134458771968725
UBFC_PHYS_s04_T3_test,14,159,19.3,0.6967858672142029,0.6341678590644112
UBFC_PHYS_s04_T3_test,14,160,19.333333333333332,0.8839408755302429,1.003470956618398
UBFC_PHYS_s04_T3_test,14,161,19.366666666666667,0.9323618412017822,1.277618782036311
UBFC_PHYS_s04_T3_test,14,162,19.4,0.8347988128662109,1.429620418354275
UBFC_PHYS_s04_T3_test,14,163,19.433333333333334,0.6462892889976501,1.452115380353723
UBFC_PHYS_s04_T3_test,14,164,19.466666666666665,0.46421125531196594,1.3573475231639227
UBFC_PHYS_s04_T3_test,14,165,19.5,0.3670867085456848,1.1720099386393625
UBFC_PHYS_s04_T3_test,14,166,19.533333333333335,0.3793746829032898,0.928866869265961
UBFC_PHYS_s04_T3_test,14,167,19.566666666666666,0.47544679045677185,0.6582815046778832
UBFC_PHYS_s04_T3_test,14,168,19.6,0.6174744963645935,0.38228724168120176
UBFC_PHYS_s04_T3_test,14,169,19.633333333333333,0.7429168820381165,0.11237460805234874
UBFC_PHYS_s04_T3_test,14,170,19.666666666666668,0.7952648997306824,-0.14911423524733577
UBFC_PHYS_s04_T3_test,14,171,19.7,0.792322039604187,-0.4049517853701669
UBFC_PHYS_s04_T3_test,14,172,19.733333333333334,0.7921661138534546,-0.6578995904984255
UBFC_PHYS_s04_T3_test,14,173,19.766666666666666,0.7687205672264099,-0.9061420360977952
UBFC_PHYS_s04_T3_test,14,174,19.8,0.6187022924423218,-1.140423995804825
UBFC_PHYS_s04_T3_test,14,175,19.833333333333332,0.3263542354106903,-1.3432570382640496
UBFC_PHYS_s04_T3_test,14,176,19.866666666666667,-0.009006524458527565,-1.490006531951476
UBFC_PHYS_s04_T3_test,14,177,19.9,-0.3139738440513611,-1.5516470202744514
UBFC_PHYS_s04_T3_test,14,178,19.933333333333334,-0.6258891224861145,-1.4993288218667749
UBFC_PHYS_s04_T3_test,14,179,19.966666666666665,-1.0302319526672363,-1.3109768597864278
UBFC_PHYS_s04_T3_test,14,180,20.0,-1.515864372253418,-0.9793814295640633
UBFC_PHYS_s04_T3_test,14,181,20.033333333333335,-1.852852463722229,-0.5197589457787569
UBFC_PHYS_s04_T3_test,14,182,20.066666666666666,-1.775431513786316,0.02657930654975226
UBFC_PHYS_s04_T3_test,14,183,20.1,-1.3209624290466309,0.5956673841879985
UBFC_PHYS_s04_T3_test,14,184,20.133333333333333,-0.808415412902832,1.1123264644606148
UBFC_PHYS_s04_T3_test,14,185,20.166666666666668,-0.4869309365749359,1.5069070440994652
UBFC_PHYS_s04_T3_test,14,186,20.2,-0.37977921962738037,1.7316812687187275
UBFC_PHYS_s04_T3_test,14,187,20.233333333333334,-0.4056608974933624,1.770849207359524
UBFC_PHYS_s04_T3_test,14,188,20.266666666666666,-0.47909629344940186,1.640863843352816
UBFC_PHYS_s04_T3_test,14,189,20.3,-0.5197215676307678,1.381921866717934
UBFC_PHYS_s04_T3_test,14,190,20.333333333333332,-0.4749937951564789,1.0446446052965586
UBFC_PHYS_s04_T3_test,14,191,20.366666666666667,-0.34627723693847656,0.6770050640291795
UBFC_PHYS_s04_T3_test,14,192,20.4,-0.1774226278066635,0.31546636484974494
UBFC_PHYS_s04_T3_test,14,193,20.433333333333334,0.001956162042915821,-0.01806893058659953
UBFC_PHYS_s04_T3_test,14,194,20.466666666666665,0.18280638754367828,-0.31432150544536297
UBFC_PHYS_s04_T3_test,14,195,20.5,0.3225051164627075,-0.5719194704724265
UBFC_PHYS_s04_T3_test,14,196,20.533333333333335,0.3638417720794678,-0.7920714035796506
UBFC_PHYS_s04_T3_test,14,197,20.566666666666666,0.33422788977622986,-0.9739425216247329
UBFC_PHYS_s04_T3_test,14,198,20.6,0.2887985110282898,-1.1113261776662897
UBFC_PHYS_s04_T3_test,14,199,20.633333333333333,0.2113775908946991,-1.1911131005368105
UBFC_PHYS_s04_T3_test,14,200,20.666666666666668,0.06222657859325409,-1.1944145212160795
UBFC_PHYS_s04_T3_test,14,201,20.7,-0.1241585910320282,-1.1011684736766358
UBFC_PHYS_s04_T3_test,14,202,20.733333333333334,-0.2845646142959595,-0.8979818019976736
UBFC_PHYS_s04_T3_test,14,203,20.766666666666666,-0.4365513026714325,-0.5870703828457564
UBFC_PHYS_s04_T3_test,14,204,20.8,-0.6551619172096252,-0.1924692974701284
UBFC_PHYS_s04_T3_test,14,205,20.833333333333332,-0.9216867685317993,0.24047813561161993
UBFC_PHYS_s04_T3_test,14,206,20.866666666666667,-1.0824825763702393,0.6541141821150692
UBFC_PHYS_s04_T3_test,14,207,20.9,-0.9934850335121155,0.993393971159313
UBFC_PHYS_s04_T3_test,14,208,20.933333333333334,-0.6792116165161133,1.2199785087704793
UBFC_PHYS_s04_T3_test,14,209,20.966666666666665,-0.2939194440841675,1.318561635316793
UBFC_PHYS_s04_T3_test,14,210,21.0,0.049314968287944794,1.293727116474875
UBFC_PHYS_s04_T3_test,14,211,21.033333333333335,0.3412732481956482,1.161496178965672
UBFC_PHYS_s04_T3_test,14,212,21.066666666666666,0.5904234647750854,0.941198159125946
UBFC_PHYS_s04_T3_test,14,213,21.1,0.7596094012260437,0.6509688651307516
UBFC_PHYS_s04_T3_test,14,214,21.133333333333333,0.8254634737968445,0.3072290498547581
UBFC_PHYS_s04_T3_test,14,215,21.166666666666668,0.826983630657196,-0.0733072370781093
UBFC_PHYS_s04_T3_test,14,216,21.2,0.8224913477897644,-0.4709115736651557
UBFC_PHYS_s04_T3_test,14,217,21.233333333333334,0.830014169216156,-0.8607695691854977
UBFC_PHYS_s04_T3_test,14,218,21.266666666666666,0.8281822204589844,-1.2124327115233744
UBFC_PHYS_s04_T3_test,14,219,21.3,0.7982272505760193,-1.4913841763115987
UBFC_PHYS_s04_T3_test,14,220,21.333333333333332,0.7416208386421204,-1.663033991380423
UBFC_PHYS_s04_T3_test,14,221,21.366666666666667,0.654036283493042,-1.6988898997552995
UBFC_PHYS_s04_T3_test,14,222,21.4,0.5212951898574829,-1.583719056062451
UBFC_PHYS_s04_T3_test,14,223,21.433333333333334,0.3516220152378082,-1.3216346192297832
UBFC_PHYS_s04_T3_test,14,224,21.466666666666665,0.18265047669410706,-0.9387740855065541
UBFC_PHYS_s04_T3_test,14,225,21.5,0.03601357713341713,-0.48087670013760225
UBFC_PHYS_s04_T3_test,14,226,21.533333333333335,-0.1163434088230133,-0.005550878371730957
UBFC_PHYS_s04_T3_test,14,227,21.566666666666666,-0.3194698095321655,0.42907721785145775
UBFC_PHYS_s04_T3_test,14,228,21.6,-0.5756458640098572,0.7760705334462219
UBFC_PHYS_s04_T3_test,14,229,21.633333333333333,-0.7835568785667419,1.0081287472437637
UBFC_PHYS_s04_T3_test,14,230,21.666666666666668,-0.7738609910011292,1.1204116952848968
UBFC_PHYS_s04_T3_test,14,231,21.7,-0.49648067355155945,1.1275583230277897
UBFC_PHYS_s04_T3_test,14,232,21.733333333333334,-0.10170700401067734,1.0567191308925676
UBFC_PHYS_s04_T3_test,14,233,21.766666666666666,0.2475593239068985,0.9393775311899429
UBFC_PHYS_s04_T3_test,14,234,21.8,0.5150391459465027,0.804397976758013
UBFC_PHYS_s04_T3_test,14,235,21.833333333333332,0.6977213621139526,0.6735822968139363
UBFC_PHYS_s04_T3_test,14,236,21.866666666666667,0.7870014905929565,0.5597989082767942
UBFC_PHYS_s04_T3_test,14,237,21.9,0.818223237991333,0.4670127564370705
UBFC_PHYS_s04_T3_test,14,238,21.933333333333334,0.8346136212348938,0.39147158113494285
UBFC_PHYS_s04_T3_test,14,239,21.966666666666665,0.8363871574401855,0.3237289033819338
UBFC_PHYS_s04_T3_test,15,0,15.0,-0.8157141208648682,0.01896494476497201
UBFC_PHYS_s04_T3_test,15,1,15.033333333333333,-0.8456300497055054,-0.19221979577318088
UBFC_PHYS_s04_T3_test,15,2,15.066666666666666,-0.9392855167388916,-0.36691163144075173
UBFC_PHYS_s04_T3_test,15,3,15.1,-0.9847733378410339,-0.474351786818338
UBFC_PHYS_s04_T3_test,15,4,15.133333333333333,-0.8126640319824219,-0.4929754195402671
UBFC_PHYS_s04_T3_test,15,5,15.166666666666666,-0.39791393280029297,-0.4137556659242699
UBFC_PHYS_s04_T3_test,15,6,15.2,0.08012742549180984,-0.24174515991754936
UBFC_PHYS_s04_T3_test,15,7,15.233333333333333,0.43927478790283203,0.004375425090989508
UBFC_PHYS_s04_T3_test,15,8,15.266666666666667,0.6532859206199646,0.29466298329457014
UBFC_PHYS_s04_T3_test,15,9,15.3,0.7754248976707458,0.5920641999378615
UBFC_PHYS_s04_T3_test,15,10,15.333333333333334,0.8238653540611267,0.858037269223387
UBFC_PHYS_s04_T3_test,15,11,15.366666666666667,0.8013260364532471,1.0588207086263222
UBFC_PHYS_s04_T3_test,15,12,15.4,0.7249380350112915,1.170918033546393
UBFC_PHYS_s04_T3_test,15,13,15.433333333333334,0.6082268357276917,1.1842784947950913
UBFC_PHYS_s04_T3_test,15,14,15.466666666666667,0.46960002183914185,1.1024361134687635
UBFC_PHYS_s04_T3_test,15,15,15.5,0.36664822697639465,0.9399966927152649
UBFC_PHYS_s04_T3_test,15,16,15.533333333333333,0.3632960617542267,0.7185877473640335
UBFC_PHYS_s04_T3_test,15,17,15.566666666666666,0.43513333797454834,0.46247055312352886
UBFC_PHYS_s04_T3_test,15,18,15.6,0.4923829138278961,0.19464328655066437
UBFC_PHYS_s04_T3_test,15,19,15.633333333333333,0.446047306060791,-0.06618609237052689
UBFC_PHYS_s04_T3_test,15,20,15.666666666666666,0.22705666720867157,-0.3075984089464638
UBFC_PHYS_s04_T3_test,15,21,15.7,-0.1642674058675766,-0.5242218148993568
UBFC_PHYS_s04_T3_test,15,22,15.733333333333333,-0.5687077045440674,-0.7169159116692685
UBFC_PHYS_s04_T3_test,15,23,15.766666666666667,-0.7634829878807068,-0.8901731843767027
UBFC_PHYS_s04_T3_test,15,24,15.8,-0.7520135641098022,-1.0480648099185077
UBFC_PHYS_s04_T3_test,15,25,15.833333333333334,-0.7658216953277588,-1.1897845739579445
UBFC_PHYS_s04_T3_test,15,26,15.866666666666667,-0.9184515476226807,-1.306349224538841
UBFC_PHYS_s04_T3_test,15,27,15.9,-1.0444395542144775,-1.3799558805837222
UBFC_PHYS_s04_T3_test,15,28,15.933333333333334,-0.9156743288040161,-1.3867873663454238
UBFC_PHYS_s04_T3_test,15,29,15.966666666666667,-0.5185911655426025,-1.302965508433931
UBFC_PHYS_s04_T3_test,15,30,16.0,-0.05241876468062401,-1.112271286946843
UBFC_PHYS_s04_T3_test,15,31,16.033333333333335,0.3031328320503235,-0.813428018140669
UBFC_PHYS_s04_T3_test,15,32,16.066666666666666,0.5462900996208191,-0.4244097769445263
UBFC_PHYS_s04_T3_test,15,33,16.1,0.7405781745910645,0.018296886782668796
UBFC_PHYS_s04_T3_test,15,34,16.133333333333333,0.9087993502616882,0.46611341605306567
UBFC_PHYS_s04_T3_test,15,35,16.166666666666668,1.0499889850616455,0.8689114198238774
UBFC_PHYS_s04_T3_test,15,36,16.2,1.1661350727081299,1.1860315077781076
UBFC_PHYS_s04_T3_test,15,37,16.233333333333334,1.2508741617202759,1.393699887808568
UBFC_PHYS_s04_T3_test,15,38,16.266666666666666,1.3006983995437622,1.4866526888546239
UBFC_PHYS_s04_T3_test,15,39,16.3,1.3407779932022095,1.4745299480255012
UBFC_PHYS_s04_T3_test,15,40,16.333333333333332,1.3865678310394287,1.375374502572404
UBFC_PHYS_s04_T3_test,15,41,16.366666666666667,1.4124008417129517,1.2089933557384318
UBFC_PHYS_s04_T3_test,15,42,16.4,1.4027537107467651,0.9924283152279296
UBFC_PHYS_s04_T3_test,15,43,16.433333333333334,1.376881718635559,0.7385983829491158
UBFC_PHYS_s04_T3_test,15,44,16.466666666666665,1.3132396936416626,0.4576650440329122
UBFC_PHYS_s04_T3_test,15,45,16.5,1.1451451778411865,0.1595465855046546
UBFC_PHYS_s04_T3_test,15,46,16.533333333333335,0.8612262010574341,-0.14415645239610195
UBFC_PHYS_s04_T3_test,15,47,16.566666666666666,0.5194826722145081,-0.43980257087672486
UBFC_PHYS_s04_T3_test,15,48,16.6,0.20837624371051788,-0.7127296969489051
UBFC_PHYS_s04_T3_test,15,49,16.633333333333333,0.05551254004240036,-0.948613651756299
UBFC_PHYS_s04_T3_test,15,50,16.666666666666668,0.09160657972097397,-1.13409008053139
UBFC_PHYS_s04_T3_test,15,51,16.7,0.15908800065517426,-1.2563180464498007
UBFC_PHYS_s04_T3_test,15,52,16.733333333333334,0.11740056425333023,-1.3022127598407067
UBFC_PHYS_s04_T3_test,15,53,16.766666666666666,-0.0028869095258414745,-1.25871439401942
UBFC_PHYS_s04_T3_test,15,54,16.8,-0.15947306156158447,-1.1151972097890803
UBFC_PHYS_s04_T3_test,15,55,16.833333333333332,-0.3968907594680786,-0.868041563010459
UBFC_PHYS_s04_T3_test,15,56,16.866666666666667,-0.7108815908432007,-0.5260091221367985
UBFC_PHYS_s04_T3_test,15,57,16.9,-1.0068156719207764,-0.11404938603131919
UBFC_PHYS_s04_T3_test,15,58,16.933333333333334,-1.2180203199386597,0.3268879379718349
UBFC_PHYS_s04_T3_test,15,59,16.966666666666665,-1.358557105064392,0.7452840937113933
UBFC_PHYS_s04_T3_test,15,60,17.0,-1.4790297746658325,1.0888711025420506
UBFC_PHYS_s04_T3_test,15,61,17.033333333333335,-1.652025818824768,1.315915079872236
UBFC_PHYS_s04_T3_test,15,62,17.066666666666666,-1.9342005252838135,1.4040961703235464
UBFC_PHYS_s04_T3_test,15,63,17.1,-2.2589590549468994,1.353924730793421
UBFC_PHYS_s04_T3_test,15,64,17.133333333333333,-2.4230096340179443,1.1859198998920615
UBFC_PHYS_s04_T3_test,15,65,17.166666666666668,-2.2790136337280273,0.9332455532802533
UBFC_PHYS_s04_T3_test,15,66,17.2,-1.846820592880249,0.6328252556142618
UBFC_PHYS_s04_T3_test,15,67,17.233333333333334,-1.1755338907241821,0.3177844037848491
UBFC_PHYS_s04_T3_test,15,68,17.266666666666666,-0.32477089762687683,0.012850758616834244
UBFC_PHYS_s04_T3_test,15,69,17.3,0.4395866096019745,-0.2670602994338274
UBFC_PHYS_s04_T3_test,15,70,17.333333333333332,0.8463754057884216,-0.5157284590552854
UBFC_PHYS_s04_T3_test,15,71,17.366666666666667,0.9766023755073547,-0.7328507396821997
UBFC_PHYS_s04_T3_test,15,72,17.4,1.0860636234283447,-0.9203330085785825
UBFC_PHYS_s04_T3_test,15,73,17.433333333333334,1.2112427949905396,-1.0783042560700948
UBFC_PHYS_s04_T3_test,15,74,17.466666666666665,1.2421332597732544,-1.2016980746533996
UBFC_PHYS_s04_T3_test,15,75,17.5,1.1872419118881226,-1.2784434878391768
UBFC_PHYS_s04_T3_test,15,76,17.533333333333335,1.1228396892547607,-1.2901623382417353
UBFC_PHYS_s04_T3_test,15,77,17.566666666666666,1.025929570198059,-1.2157683413745284
UBFC_PHYS_s04_T3_test,15,78,17.6,0.8418734073638916,-1.037631397180726
UBFC_PHYS_s04_T3_test,15,79,17.633333333333333,0.5977708697319031,-0.7490528035621525
UBFC_PHYS_s04_T3_test,15,80,17.666666666666668,0.35583168268203735,-0.3608666005851069
UBFC_PHYS_s04_T3_test,15,81,17.7,0.11377556622028351,0.09549272355643368
UBFC_PHYS_s04_T3_test,15,82,17.733333333333334,-0.16880840063095093,0.5706158512616555
UBFC_PHYS_s04_T3_test,15,83,17.766666666666666,-0.48399782180786133,1.0058783603492945
UBFC_PHYS_s04_T3_test,15,84,17.8,-0.7607837319374084,1.3462569812017673
UBFC_PHYS_s04_T3_test,15,85,17.833333333333332,-0.9058517813682556,1.5530603990940852
UBFC_PHYS_s04_T3_test,15,86,17.866666666666667,-0.852071225643158,1.6120696665917085
UBFC_PHYS_s04_T3_test,15,87,17.9,-0.6369784474372864,1.5342686063208975
UBFC_PHYS_s04_T3_test,15,88,17.933333333333334,-0.40172407031059265,1.3493745183773442
UBFC_PHYS_s04_T3_test,15,89,17.966666666666665,-0.2518324851989746,1.0951735809634997
UBFC_PHYS_s04_T3_test,15,90,18.0,-0.16540752351284027,0.8068352194891767
UBFC_PHYS_s04_T3_test,15,91,18.033333333333335,-0.08784042298793793,0.5097212106677956
UBFC_PHYS_s04_T3_test,15,92,18.066666666666666,-0.04973899573087692,0.21734106893821714
UBFC_PHYS_s04_T3_test,15,93,18.1,-0.09574330598115921,-0.06610188989894485
UBFC_PHYS_s04_T3_test,15,94,18.133333333333333,-0.1840294748544693,-0.34078467947131263
UBFC_PHYS_s04_T3_test,15,95,18.166666666666668,-0.24643395841121674,-0.6065269442020137
UBFC_PHYS_s04_T3_test,15,96,18.2,-0.2935394048690796,-0.8597858148317479
UBFC_PHYS_s04_T3_test,15,97,18.233333333333334,-0.38646402955055237,-1.0924114175360542
UBFC_PHYS_s04_T3_test,15,98,18.266666666666666,-0.5598401427268982,-1.291295024820406
UBFC_PHYS_s04_T3_test,15,99,18.3,-0.7865679860115051,-1.4382972995303382
UBFC_PHYS_s04_T3_test,15,100,18.333333333333332,-0.969630241394043,-1.510918242587384
UBFC_PHYS_s04_T3_test,15,101,18.366666666666667,-1.060791015625,-1.4849197465890753
UBFC_PHYS_s04_T3_test,15,102,18.4,-1.184498906135559,-1.3396312211350754
UBFC_PHYS_s04_T3_test,15,103,18.433333333333334,-1.4357831478118896,-1.065250591962496
UBFC_PHYS_s04_T3_test,15,104,18.466666666666665,-1.6448440551757812,-0.67000810273827
UBFC_PHYS_s04_T3_test,15,105,18.5,-1.5858794450759888,-0.18431137376375475
UBFC_PHYS_s04_T3_test,15,106,18.533333333333335,-1.2619880437850952,0.34064920069754995
UBFC_PHYS_s04_T3_test,15,107,18.566666666666666,-0.8315491080284119,0.8408201125170782
UBFC_PHYS_s04_T3_test,15,108,18.6,-0.40313705801963806,1.2523657986958507
UBFC_PHYS_s04_T3_test,15,109,18.633333333333333,-0.04541239142417908,1.5261574266841533
UBFC_PHYS_s04_T3_test,15,110,18.666666666666668,0.20474150776863098,1.6386024273170037
UBFC_PHYS_s04_T3_test,15,111,18.7,0.3620000183582306,1.5947209026692217
UBFC_PHYS_s04_T3_test,15,112,18.733333333333334,0.4665207266807556,1.4226951687915068
UBFC_PHYS_s04_T3_test,15,113,18.766666666666666,0.5185471773147583,1.1628044224944782
UBFC_PHYS_s04_T3_test,15,114,18.8,0.48919644951820374,0.8554997336591385
UBFC_PHYS_s04_T3_test,15,115,18.833333333333332,0.4096706807613373,0.5328340584798381
UBFC_PHYS_s04_T3_test,15,116,18.866666666666667,0.35574400424957275,0.21528727957696142
UBFC_PHYS_s04_T3_test,15,117,18.9,0.33694663643836975,-0.08653424012050395
UBFC_PHYS_s04_T3_test,15,118,18.933333333333334,0.2892662584781647,-0.36760524833662495
UBFC_PHYS_s04_T3_test,15,119,18.966666666666665,0.18556411564350128,-0.6241953100810134
UBFC_PHYS_s04_T3_test,15,120,19.0,0.07021716237068176,-0.8511878960434758
UBFC_PHYS_s04_T3_test,15,121,19.033333333333335,-0.01383010670542717,-1.0411655517309342
UBFC_PHYS_s04_T3_test,15,122,19.066666666666666,-0.0936579555273056,-1.1845110101685385
UBFC_PHYS_s04_T3_test,15,123,19.1,-0.2424386739730835,-1.2697891860198853
UBFC_PHYS_s04_T3_test,15,124,19.133333333333333,-0.4611856937408447,-1.2843677298169243
UBFC_PHYS_s04_T3_test,15,125,19.166666666666668,-0.5836949348449707,-1.2158761055581975
UBFC_PHYS_s04_T3_test,15,126,19.2,-0.42687490582466125,-1.0550546892566603
UBFC_PHYS_s04_T3_test,15,127,19.233333333333334,-0.03270541876554489,-0.7997798756820722
UBFC_PHYS_s04_T3_test,15,128,19.266666666666666,0.3863128423690796,-0.4590739548691695
UBFC_PHYS_s04_T3_test,15,129,19.3,0.6967858672142029,-0.055467903935171224
UBFC_PHYS_s04_T3_test,15,130,19.333333333333332,0.8839408755302429,0.3754714127831059
UBFC_PHYS_s04_T3_test,15,131,19.366666666666667,0.9323618412017822,0.7888574162705124
UBFC_PHYS_s04_T3_test,15,132,19.4,0.8347988128662109,1.1372565622224977
UBFC_PHYS_s04_T3_test,15,133,19.433333333333334,0.6462892889976501,1.379558333965756
UBFC_PHYS_s04_T3_test,15,134,19.466666666666665,0.46421125531196594,1.4897752268677327
UBFC_PHYS_s04_T3_test,15,135,19.5,0.3670867085456848,1.462765428649932
UBFC_PHYS_s04_T3_test,15,136,19.533333333333335,0.3793746829032898,1.3143953996794988
UBFC_PHYS_s04_T3_test,15,137,19.566666666666666,0.47544679045677185,1.0757192898638785
UBFC_PHYS_s04_T3_test,15,138,19.6,0.6174744963645935,0.783458305662378
UBFC_PHYS_s04_T3_test,15,139,19.633333333333333,0.7429168820381165,0.4706254641122053
UBFC_PHYS_s04_T3_test,15,140,19.666666666666668,0.7952648997306824,0.16044836034432022
UBFC_PHYS_s04_T3_test,15,141,19.7,0.792322039604187,-0.1352879856067947
UBFC_PHYS_s04_T3_test,15,142,19.733333333333334,0.7921661138534546,-0.414139924717479
UBFC_PHYS_s04_T3_test,15,143,19.766666666666666,0.7687205672264099,-0.6786541287232783
UBFC_PHYS_s04_T3_test,15,144,19.8,0.6187022924423218,-0.9312645201493946
UBFC_PHYS_s04_T3_test,15,145,19.833333333333332,0.3263542354106903,-1.1694823589235477
UBFC_PHYS_s04_T3_test,15,146,19.866666666666667,-0.009006524458527565,-1.382049115816123
UBFC_PHYS_s04_T3_test,15,147,19.9,-0.3139738440513611,-1.5468117278353501
UBFC_PHYS_s04_T3_test,15,148,19.933333333333334,-0.6258891224861145,-1.6315431346596652
UBFC_PHYS_s04_T3_test,15,149,19.966666666666665,-1.0302319526672363,-1.5990558162704398
UBFC_PHYS_s04_T3_test,15,150,20.0,-1.515864372253418,-1.4170002933984756
UBFC_PHYS_s04_T3_test,15,151,20.033333333333335,-1.852852463722229,-1.0705774927096274
UBFC_PHYS_s04_T3_test,15,152,20.066666666666666,-1.775431513786316,-0.5738787802209824
UBFC_PHYS_s04_T3_test,15,153,20.1,-1.3209624290466309,0.02549210552564386
UBFC_PHYS_s04_T3_test,15,154,20.133333333333333,-0.808415412902832,0.6521420725918979
UBFC_PHYS_s04_T3_test,15,155,20.166666666666668,-0.4869309365749359,1.2185991025439713
UBFC_PHYS_s04_T3_test,15,156,20.2,-0.37977921962738037,1.6462637860772271
UBFC_PHYS_s04_T3_test,15,157,20.233333333333334,-0.4056608974933624,1.884318784188691
UBFC_PHYS_s04_T3_test,15,158,20.266666666666666,-0.47909629344940186,1.9200325442338524
UBFC_PHYS_s04_T3_test,15,159,20.3,-0.5197215676307678,1.7774116904759207
UBFC_PHYS_s04_T3_test,15,160,20.333333333333332,-0.4749937951564789,1.5057435655399027
UBFC_PHYS_s04_T3_test,15,161,20.366666666666667,-0.34627723693847656,1.1631684900721027
UBFC_PHYS_s04_T3_test,15,162,20.4,-0.1774226278066635,0.8015367294695356
UBFC_PHYS_s04_T3_test,15,163,20.433333333333334,0.001956162042915821,0.45721036687416455
UBFC_PHYS_s04_T3_test,15,164,20.466666666666665,0.18280638754367828,0.14916383329828767
UBFC_PHYS_s04_T3_test,15,165,20.5,0.3225051164627075,-0.11743669328653475
UBFC_PHYS_s04_T3_test,15,166,20.533333333333335,0.3638417720794678,-0.34548962202693817
UBFC_PHYS_s04_T3_test,15,167,20.566666666666666,0.33422788977622986,-0.5409250084312519
UBFC_PHYS_s04_T3_test,15,168,20.6,0.2887985110282898,-0.7096394324994564
UBFC_PHYS_s04_T3_test,15,169,20.633333333333333,0.2113775908946991,-0.8560264362208303
UBFC_PHYS_s04_T3_test,15,170,20.666666666666668,0.06222657859325409,-0.982000749978133
UBFC_PHYS_s04_T3_test,15,171,20.7,-0.1241585910320282,-1.0857176738749954
UBFC_PHYS_s04_T3_test,15,172,20.733333333333334,-0.2845646142959595,-1.16007309366194
UBFC_PHYS_s04_T3_test,15,173,20.766666666666666,-0.4365513026714325,-1.1918923953809295
UBFC_PHYS_s04_T3_test,15,174,20.8,-0.6551619172096252,-1.1629798022965148
UBFC_PHYS_s04_T3_test,15,175,20.833333333333332,-0.9216867685317993,-1.0538150374708601
UBFC_PHYS_s04_T3_test,15,176,20.866666666666667,-1.0824825763702393,-0.8498058946012467
UBFC_PHYS_s04_T3_test,15,177,20.9,-0.9934850335121155,-0.5488056368680801
UBFC_PHYS_s04_T3_test,15,178,20.933333333333334,-0.6792116165161133,-0.16743386212611233
UBFC_PHYS_s04_T3_test,15,179,20.966666666666665,-0.2939194440841675,0.2567754735216472
UBFC_PHYS_s04_T3_test,15,180,21.0,0.049314968287944794,0.6696211358163243
UBFC_PHYS_s04_T3_test,15,181,21.033333333333335,0.3412732481956482,1.0108356183059066
UBFC_PHYS_s04_T3_test,15,182,21.066666666666666,0.5904234647750854,1.2279768122146661
UBFC_PHYS_s04_T3_test,15,183,21.1,0.7596094012260437,1.2887658108169184
UBFC_PHYS_s04_T3_test,15,184,21.133333333333333,0.8254634737968445,1.187860327079009
UBFC_PHYS_s04_T3_test,15,185,21.166666666666668,0.826983630657196,0.9465655912472336
UBFC_PHYS_s04_T3_test,15,186,21.2,0.8224913477897644,0.6064447572723867
UBFC_PHYS_s04_T3_test,15,187,21.233333333333334,0.830014169216156,0.21941943831373065
UBFC_PHYS_s04_T3_test,15,188,21.266666666666666,0.8281822204589844,-0.1624218154921901
UBFC_PHYS_s04_T3_test,15,189,21.3,0.7982272505760193,-0.4945990826101447
UBFC_PHYS_s04_T3_test,15,190,21.333333333333332,0.7416208386421204,-0.7443458930531216
UBFC_PHYS_s04_T3_test,15,191,21.366666666666667,0.654036283493042,-0.8914086100506949
UBFC_PHYS_s04_T3_test,15,192,21.4,0.5212951898574829,-0.926923298759978
UBFC_PHYS_s04_T3_test,15,193,21.433333333333334,0.3516220152378082,-0.8519673576335499
UBFC_PHYS_s04_T3_test,15,194,21.466666666666665,0.18265047669410706,-0.6769127871077183
UBFC_PHYS_s04_T3_test,15,195,21.5,0.03601357713341713,-0.42165980737415665
UBFC_PHYS_s04_T3_test,15,196,21.533333333333335,-0.1163434088230133,-0.1155867668205314
UBFC_PHYS_s04_T3_test,15,197,21.566666666666666,-0.3194698095321655,0.2045200208657553
UBFC_PHYS_s04_T3_test,15,198,21.6,-0.5756458640098572,0.499562415020541
UBFC_PHYS_s04_T3_test,15,199,21.633333333333333,-0.7835568785667419,0.7354905930917682
UBFC_PHYS_s04_T3_test,15,200,21.666666666666668,-0.7738609910011292,0.8903816849930624
UBFC_PHYS_s04_T3_test,15,201,21.7,-0.49648067355155945,0.958237989402731
UBFC_PHYS_s04_T3_test,15,202,21.733333333333334,-0.10170700401067734,0.9479251169134504
UBFC_PHYS_s04_T3_test,15,203,21.766666666666666,0.2475593239068985,0.87784989279522
UBFC_PHYS_s04_T3_test,15,204,21.8,0.5150391459465027,0.7684820375782974
UBFC_PHYS_s04_T3_test,15,205,21.833333333333332,0.6977213621139526,0.6353110279819844
UBFC_PHYS_s04_T3_test,15,206,21.866666666666667,0.7870014905929565,0.4845454779147371
UBFC_PHYS_s04_T3_test,15,207,21.9,0.818223237991333,0.3129359265813639
UBFC_PHYS_s04_T3_test,15,208,21.933333333333334,0.8346136212348938,0.11171248143978645
UBFC_PHYS_s04_T3_test,15,209,21.966666666666665,0.8363871574401855,-0.12677623685319853
UBFC_PHYS_s04_T3_test,15,210,22.0,0.8139258623123169,-0.4020533767068175
UBFC_PHYS_s04_T3_test,15,211,22.033333333333335,0.7840781211853027,-0.7005731988551299
UBFC_PHYS_s04_T3_test,15,212,22.066666666666666,0.7553704977035522,-0.994593143537663
UBFC_PHYS_s04_T3_test,15,213,22.1,0.6950902938842773,-1.2454866904377373
UBFC_PHYS_s04_T3_test,15,214,22.133333333333333,0.5734385848045349,-1.411002413657264
UBFC_PHYS_s04_T3_test,15,215,22.166666666666668,0.42326441407203674,-1.4549637011019103
UBFC_PHYS_s04_T3_test,15,216,22.2,0.29742249846458435,-1.3570612554237877
UBFC_PHYS_s04_T3_test,15,217,22.233333333333334,0.17672574520111084,-1.1199612734457136
UBFC_PHYS_s04_T3_test,15,218,22.266666666666666,0.010404739528894424,-0.7712614059465835
UBFC_PHYS_s04_T3_test,15,219,22.3,-0.1705819070339203,-0.35907527507611825
UBFC_PHYS_s04_T3_test,15,220,22.333333333333332,-0.3098713755607605,0.05799040932505445
UBFC_PHYS_s04_T3_test,15,221,22.366666666666667,-0.43921157717704773,0.4237705760174791
UBFC_PHYS_s04_T3_test,15,222,22.4,-0.6340550780296326,0.6966522028419245
UBFC_PHYS_s04_T3_test,15,223,22.433333333333334,-0.8994982838630676,0.8573000394474282
UBFC_PHYS_s04_T3_test,15,224,22.466666666666665,-1.1205840110778809,0.9097643369050091
UBFC_PHYS_s04_T3_test,15,225,22.5,-1.1207691431045532,0.8759453688592533
UBFC_PHYS_s04_T3_test,15,226,22.533333333333335,-0.829736590385437,0.785810035948606
UBFC_PHYS_s04_T3_test,15,227,22.566666666666666,-0.40685948729515076,0.6672372592281021
UBFC_PHYS_s04_T3_test,15,228,22.6,-0.04212845489382744,0.5390999385372207
UBFC_PHYS_s04_T3_test,15,229,22.633333333333333,0.21204021573066711,0.40945183923329964
UBFC_PHYS_s04_T3_test,15,230,22.666666666666668,0.40280070900917053,0.27844455562774884
UBFC_PHYS_s04_T3_test,15,231,22.7,0.5604392886161804,0.14390717207467316
UBFC_PHYS_s04_T3_test,15,232,22.733333333333334,0.6788167953491211,0.006973064403587258
UBFC_PHYS_s04_T3_test,15,233,22.766666666666666,0.7509756684303284,-0.12449451722047133
UBFC_PHYS_s04_T3_test,15,234,22.8,0.7744017243385315,-0.23607136056157818
UBFC_PHYS_s04_T3_test,15,235,22.833333333333332,0.7510243654251099,-0.31058900755247604
UBFC_PHYS_s04_T3_test,15,236,22.866666666666667,0.7113832831382751,-0.3340235746886454
UBFC_PHYS_s04_T3_test,15,237,22.9,0.6893020272254944,-0.30092325598501746
UBFC_PHYS_s04_T3_test,15,238,22.933333333333334,0.6556733846664429,-0.2172488377625214
UBFC_PHYS_s04_T3_test,15,239,22.966666666666665,0.5577107667922974,-0.09973663913515037
UBFC_PHYS_s04_T3_test,16,0,16.0,-0.05241876468062401,0.11608279027211361
UBFC_PHYS_s04_T3_test,16,1,16.033333333333335,0.3031328320503235,0.17762723880649442
UBFC_PHYS_s04_T3_test,16,2,16.066666666666666,0.5462900996208191,0.23840426223138758
UBFC_PHYS_s04_T3_test,16,3,16.1,0.7405781745910645,0.29936309865804644
UBFC_PHYS_s04_T3_test,16,4,16.133333333333333,0.9087993502616882,0.3614835350830761
UBFC_PHYS_s04_T3_test,16,5,16.166666666666668,1.0499889850616455,0.4252464618905685
UBFC_PHYS_s04_T3_test,16,6,16.2,1.1661350727081299,0.48988322981477816
UBFC_PHYS_s04_T3_test,16,7,16.233333333333334,1.2508741617202759,0.5528930591777278
UBFC_PHYS_s04_T3_test,16,8,16.266666666666666,1.3006983995437622,0.6102330130971136
UBFC_PHYS_s04_T3_test,16,9,16.3,1.3407779932022095,0.6570615846369458
UBFC_PHYS_s04_T3_test,16,10,16.333333333333332,1.3865678310394287,0.68839650241921
UBFC_PHYS_s04_T3_test,16,11,16.366666666666667,1.4124008417129517,0.6990835492143208
UBFC_PHYS_s04_T3_test,16,12,16.4,1.4027537107467651,0.6831962755929967
UBFC_PHYS_s04_T3_test,16,13,16.433333333333334,1.376881718635559,0.6337323458448101
UBFC_PHYS_s04_T3_test,16,14,16.466666666666665,1.3132396936416626,0.5434995727012858
UBFC_PHYS_s04_T3_test,16,15,16.5,1.1451451778411865,0.40733119292232023
UBFC_PHYS_s04_T3_test,16,16,16.533333333333335,0.8612262010574341,0.22473956944165507
UBFC_PHYS_s04_T3_test,16,17,16.566666666666666,0.5194826722145081,0.0015517468080985938
UBFC_PHYS_s04_T3_test,16,18,16.6,0.20837624371051788,-0.25054126822766337
UBFC_PHYS_s04_T3_test,16,19,16.633333333333333,0.05551254004240036,-0.5164173785099176
UBFC_PHYS_s04_T3_test,16,20,16.666666666666668,0.09160657972097397,-0.7805604038657958
UBFC_PHYS_s04_T3_test,16,21,16.7,0.15908800065517426,-1.0288079156390482
UBFC_PHYS_s04_T3_test,16,22,16.733333333333334,0.11740056425333023,-1.2476298543494413
UBFC_PHYS_s04_T3_test,16,23,16.766666666666666,-0.0028869095258414745,-1.4213335423980364
UBFC_PHYS_s04_T3_test,16,24,16.8,-0.15947306156158447,-1.529156427026347
UBFC_PHYS_s04_T3_test,16,25,16.833333333333332,-0.3968907594680786,-1.5448891991919196
UBFC_PHYS_s04_T3_test,16,26,16.866666666666667,-0.7108815908432007,-1.4409682511169737
UBFC_PHYS_s04_T3_test,16,27,16.9,-1.0068156719207764,-1.1970384811935735
UBFC_PHYS_s04_T3_test,16,28,16.933333333333334,-1.2180203199386597,-0.8105504199738782
UBFC_PHYS_s04_T3_test,16,29,16.966666666666665,-1.358557105064392,-0.30509727359174055
UBFC_PHYS_s04_T3_test,16,30,17.0,-1.4790297746658325,0.2680090489857699
UBFC_PHYS_s04_T3_test,16,31,17.033333333333335,-1.652025818824768,0.8373268547618116
UBFC_PHYS_s04_T3_test,16,32,17.066666666666666,-1.9342005252838135,1.3265659121457414
UBFC_PHYS_s04_T3_test,16,33,17.1,-2.2589590549468994,1.6725209294724233
UBFC_PHYS_s04_T3_test,16,34,17.133333333333333,-2.4230096340179443,1.8394112781068215
UBFC_PHYS_s04_T3_test,16,35,17.166666666666668,-2.2790136337280273,1.824930885254308
UBFC_PHYS_s04_T3_test,16,36,17.2,-1.846820592880249,1.6566451847124755
UBFC_PHYS_s04_T3_test,16,37,17.233333333333334,-1.1755338907241821,1.3808490247460414
UBFC_PHYS_s04_T3_test,16,38,17.266666666666666,-0.32477089762687683,1.0481999837757032
UBFC_PHYS_s04_T3_test,16,39,17.3,0.4395866096019745,0.7009102151843989
UBFC_PHYS_s04_T3_test,16,40,17.333333333333332,0.8463754057884216,0.3652201514018179
UBFC_PHYS_s04_T3_test,16,41,17.366666666666667,0.9766023755073547,0.05069536178115167
UBFC_PHYS_s04_T3_test,16,42,17.4,1.0860636234283447,-0.24469729916089425
UBFC_PHYS_s04_T3_test,16,43,17.433333333333334,1.2112427949905396,-0.5266552779064925
UBFC_PHYS_s04_T3_test,16,44,17.466666666666665,1.2421332597732544,-0.797049430521343
UBFC_PHYS_s04_T3_test,16,45,17.5,1.1872419118881226,-1.049217508779872
UBFC_PHYS_s04_T3_test,16,46,17.533333333333335,1.1228396892547607,-1.266846387277347
UBFC_PHYS_s04_T3_test,16,47,17.566666666666666,1.025929570198059,-1.4260111333678505
UBFC_PHYS_s04_T3_test,16,48,17.6,0.8418734073638916,-1.4994808348519766
UBFC_PHYS_s04_T3_test,16,49,17.633333333333333,0.5977708697319031,-1.4624780192956852
UBFC_PHYS_s04_T3_test,16,50,17.666666666666668,0.35583168268203735,-1.2991446467334768
UBFC_PHYS_s04_T3_test,16,51,17.7,0.11377556622028351,-1.0086933149945052
UBFC_PHYS_s04_T3_test,16,52,17.733333333333334,-0.16880840063095093,-0.6096777253576976
UBFC_PHYS_s04_T3_test,16,53,17.766666666666666,-0.48399782180786133,-0.1404738691708961
UBFC_PHYS_s04_T3_test,16,54,17.8,-0.7607837319374084,0.3454780299644309
UBFC_PHYS_s04_T3_test,16,55,17.833333333333332,-0.9058517813682556,0.7895064747276584
UBFC_PHYS_s04_T3_test,16,56,17.866666666666667,-0.852071225643158,1.140092761931054
UBFC_PHYS_s04_T3_test,16,57,17.9,-0.6369784474372864,1.3635937053012144
UBFC_PHYS_s04_T3_test,16,58,17.933333333333334,-0.40172407031059265,1.4493930680360891
UBFC_PHYS_s04_T3_test,16,59,17.966666666666665,-0.2518324851989746,1.407957457838397
UBFC_PHYS_s04_T3_test,16,60,18.0,-0.16540752351284027,1.2635363500288785
UBFC_PHYS_s04_T3_test,16,61,18.033333333333335,-0.08784042298793793,1.0452708079002
UBFC_PHYS_s04_T3_test,16,62,18.066666666666666,-0.04973899573087692,0.7800364833309682
UBFC_PHYS_s04_T3_test,16,63,18.1,-0.09574330598115921,0.48857789862959417
UBFC_PHYS_s04_T3_test,16,64,18.133333333333333,-0.1840294748544693,0.1850473188943669
UBFC_PHYS_s04_T3_test,16,65,18.166666666666668,-0.24643395841121674,-0.12084400701618614
UBFC_PHYS_s04_T3_test,16,66,18.2,-0.2935394048690796,-0.42052539876834294
UBFC_PHYS_s04_T3_test,16,67,18.233333333333334,-0.38646402955055237,-0.7036923633816887
UBFC_PHYS_s04_T3_test,16,68,18.266666666666666,-0.5598401427268982,-0.9567683559803939
UBFC_PHYS_s04_T3_test,16,69,18.3,-0.7865679860115051,-1.162799031052509
UBFC_PHYS_s04_T3_test,16,70,18.333333333333332,-0.969630241394043,-1.302570777824054
UBFC_PHYS_s04_T3_test,16,71,18.366666666666667,-1.060791015625,-1.3568226724144041
UBFC_PHYS_s04_T3_test,16,72,18.4,-1.184498906135559,-1.3094348029090455
UBFC_PHYS_s04_T3_test,16,73,18.433333333333334,-1.4357831478118896,-1.1512580082948034
UBFC_PHYS_s04_T3_test,16,74,18.466666666666665,-1.6448440551757812,-0.8839055030266348
UBFC_PHYS_s04_T3_test,16,75,18.5,-1.5858794450759888,-0.5226078589806319
UBFC_PHYS_s04_T3_test,16,76,18.533333333333335,-1.2619880437850952,-0.09724032116045433
UBFC_PHYS_s04_T3_test,16,77,18.566666666666666,-0.8315491080284119,0.3494200865853793
UBFC_PHYS_s04_T3_test,16,78,18.6,-0.40313705801963806,0.7671692783631192
UBFC_PHYS_s04_T3_test,16,79,18.633333333333333,-0.04541239142417908,1.1074970913091355
UBFC_PHYS_s04_T3_test,16,80,18.666666666666668,0.20474150776863098,1.333926784576394
UBFC_PHYS_s04_T3_test,16,81,18.7,0.3620000183582306,1.4295179475241262
UBFC_PHYS_s04_T3_test,16,82,18.733333333333334,0.4665207266807556,1.3984243665466576
UBFC_PHYS_s04_T3_test,16,83,18.766666666666666,0.5185471773147583,1.261231431596855
UBFC_PHYS_s04_T3_test,16,84,18.8,0.48919644951820374,1.046572515683265
UBFC_PHYS_s04_T3_test,16,85,18.833333333333332,0.4096706807613373,0.7827855097441736
UBFC_PHYS_s04_T3_test,16,86,18.866666666666667,0.35574400424957275,0.4926591455348537
UBFC_PHYS_s04_T3_test,16,87,18.9,0.33694663643836975,0.19231374778289223
UBFC_PHYS_s04_T3_test,16,88,18.933333333333334,0.2892662584781647,-0.10680801123776273
UBFC_PHYS_s04_T3_test,16,89,18.966666666666665,0.18556411564350128,-0.39495246392033
UBFC_PHYS_s04_T3_test,16,90,19.0,0.07021716237068176,-0.6619003990085907
UBFC_PHYS_s04_T3_test,16,91,19.033333333333335,-0.01383010670542717,-0.8963339507199674
UBFC_PHYS_s04_T3_test,16,92,19.066666666666666,-0.0936579555273056,-1.0862844533050793
UBFC_PHYS_s04_T3_test,16,93,19.1,-0.2424386739730835,-1.2197546815408706
UBFC_PHYS_s04_T3_test,16,94,19.133333333333333,-0.4611856937408447,-1.2849729546377884
UBFC_PHYS_s04_T3_test,16,95,19.166666666666668,-0.5836949348449707,-1.2705657110343367
UBFC_PHYS_s04_T3_test,16,96,19.2,-0.42687490582466125,-1.166578309665004
UBFC_PHYS_s04_T3_test,16,97,19.233333333333334,-0.03270541876554489,-0.9671428165126358
UBFC_PHYS_s04_T3_test,16,98,19.266666666666666,0.3863128423690796,-0.6745884004583454
UBFC_PHYS_s04_T3_test,16,99,19.3,0.6967858672142029,-0.30355771913695595
UBFC_PHYS_s04_T3_test,16,100,19.333333333333332,0.8839408755302429,0.11694653597248877
UBFC_PHYS_s04_T3_test,16,101,19.366666666666667,0.9323618412017822,0.5453406939620021
UBFC_PHYS_s04_T3_test,16,102,19.4,0.8347988128662109,0.9336009574325483
UBFC_PHYS_s04_T3_test,16,103,19.433333333333334,0.6462892889976501,1.236521876678391
UBFC_PHYS_s04_T3_test,16,104,19.466666666666665,0.46421125531196594,1.4212080344231794
UBFC_PHYS_s04_T3_test,16,105,19.5,0.3670867085456848,1.4734283017751781
UBFC_PHYS_s04_T3_test,16,106,19.533333333333335,0.3793746829032898,1.3986481393245123
UBFC_PHYS_s04_T3_test,16,107,19.566666666666666,0.47544679045677185,1.2177572392673381
UBFC_PHYS_s04_T3_test,16,108,19.6,0.6174744963645935,0.9595420680808433
UBFC_PHYS_s04_T3_test,16,109,19.633333333333333,0.7429168820381165,0.6529126227168315
UBFC_PHYS_s04_T3_test,16,110,19.666666666666668,0.7952648997306824,0.3214805308418941
UBFC_PHYS_s04_T3_test,16,111,19.7,0.792322039604187,-0.01827293563419157
UBFC_PHYS_s04_T3_test,16,112,19.733333333333334,0.7921661138534546,-0.3555283870235956
UBFC_PHYS_s04_T3_test,16,113,19.766666666666666,0.7687205672264099,-0.6816674370592399
UBFC_PHYS_s04_T3_test,16,114,19.8,0.6187022924423218,-0.986351408737215
UBFC_PHYS_s04_T3_test,16,115,19.833333333333332,0.3263542354106903,-1.2543493584295846
UBFC_PHYS_s04_T3_test,16,116,19.866666666666667,-0.009006524458527565,-1.4639231135023396
UBFC_PHYS_s04_T3_test,16,117,19.9,-0.3139738440513611,-1.587411712472247
UBFC_PHYS_s04_T3_test,16,118,19.933333333333334,-0.6258891224861145,-1.5946632261594893
UBFC_PHYS_s04_T3_test,16,119,19.966666666666665,-1.0302319526672363,-1.459639998428235
UBFC_PHYS_s04_T3_test,16,120,20.0,-1.515864372253418,-1.169463466640222
UBFC_PHYS_s04_T3_test,16,121,20.033333333333335,-1.852852463722229,-0.7335543326292363
UBFC_PHYS_s04_T3_test,16,122,20.066666666666666,-1.775431513786316,-0.18915822751340602
UBFC_PHYS_s04_T3_test,16,123,20.1,-1.3209624290466309,0.4004312433048354
UBFC_PHYS_s04_T3_test,16,124,20.133333333333333,-0.808415412902832,0.9565347499441921
UBFC_PHYS_s04_T3_test,16,125,20.166666666666668,-0.4869309365749359,1.4024960429688393
UBFC_PHYS_s04_T3_test,16,126,20.2,-0.37977921962738037,1.6820387075817835
UBFC_PHYS_s04_T3_test,16,127,20.233333333333334,-0.4056608974933624,1.77163792694657
UBFC_PHYS_s04_T3_test,16,128,20.266666666666666,-0.47909629344940186,1.6825630745825686
UBFC_PHYS_s04_T3_test,16,129,20.3,-0.5197215676307678,1.4528188590822897
UBFC_PHYS_s04_T3_test,16,130,20.333333333333332,-0.4749937951564789,1.133032472802006
UBFC_PHYS_s04_T3_test,16,131,20.366666666666667,-0.34627723693847656,0.7719147660676214
UBFC_PHYS_s04_T3_test,16,132,20.4,-0.1774226278066635,0.40609138697371294
UBFC_PHYS_s04_T3_test,16,133,20.433333333333334,0.001956162042915821,0.05661366856380687
UBFC_PHYS_s04_T3_test,16,134,20.466666666666665,0.18280638754367828,-0.2684154269259176
UBFC_PHYS_s04_T3_test,16,135,20.5,0.3225051164627075,-0.5676540429511036
UBFC_PHYS_s04_T3_test,16,136,20.533333333333335,0.3638417720794678,-0.8397585546923606
UBFC_PHYS_s04_T3_test,16,137,20.566666666666666,0.33422788977622986,-1.078219386149877
UBFC_PHYS_s04_T3_test,16,138,20.6,0.2887985110282898,-1.2687763986870173
UBFC_PHYS_s04_T3_test,16,139,20.633333333333333,0.2113775908946991,-1.3896423235403614
UBFC_PHYS_s04_T3_test,16,140,20.666666666666668,0.06222657859325409,-1.414677773959496
UBFC_PHYS_s04_T3_test,16,141,20.7,-0.1241585910320282,-1.319591688526636
UBFC_PHYS_s04_T3_test,16,142,20.733333333333334,-0.2845646142959595,-1.090470786889377
UBFC_PHYS_s04_T3_test,16,143,20.766666666666666,-0.4365513026714325,-0.7325389182303778
UBFC_PHYS_s04_T3_test,16,144,20.8,-0.6551619172096252,-0.27575978987400424
UBFC_PHYS_s04_T3_test,16,145,20.833333333333332,-0.9216867685317993,0.2262522165370115
UBFC_PHYS_s04_T3_test,16,146,20.866666666666667,-1.0824825763702393,0.7057639431735087
UBFC_PHYS_s04_T3_test,16,147,20.9,-0.9934850335121155,1.0968818488898069
UBFC_PHYS_s04_T3_test,16,148,20.933333333333334,-0.6792116165161133,1.3517875465720153
UBFC_PHYS_s04_T3_test,16,149,20.966666666666665,-0.2939194440841675,1.4501324445741923
UBFC_PHYS_s04_T3_test,16,150,21.0,0.049314968287944794,1.3983837094871554
UBFC_PHYS_s04_T3_test,16,151,21.033333333333335,0.3412732481956482,1.221477605483047
UBFC_PHYS_s04_T3_test,16,152,21.066666666666666,0.5904234647750854,0.9521175729136908
UBFC_PHYS_s04_T3_test,16,153,21.1,0.7596094012260437,0.6224845886941726
UBFC_PHYS_s04_T3_test,16,154,21.133333333333333,0.8254634737968445,0.2604347095165104
UBFC_PHYS_s04_T3_test,16,155,21.166666666666668,0.826983630657196,-0.1104825837009343
UBFC_PHYS_s04_T3_test,16,156,21.2,0.8224913477897644,-0.4691430733068117
UBFC_PHYS_s04_T3_test,16,157,21.233333333333334,0.830014169216156,-0.7948806912096832
UBFC_PHYS_s04_T3_test,16,158,21.266666666666666,0.8281822204589844,-1.0664016430837358
UBFC_PHYS_s04_T3_test,16,159,21.3,0.7982272505760193,-1.2619045587753326
UBFC_PHYS_s04_T3_test,16,160,21.333333333333332,0.7416208386421204,-1.3605713543795976
UBFC_PHYS_s04_T3_test,16,161,21.366666666666667,0.654036283493042,-1.34555170314239
UBFC_PHYS_s04_T3_test,16,162,21.4,0.5212951898574829,-1.2081698849485663
UBFC_PHYS_s04_T3_test,16,163,21.433333333333334,0.3516220152378082,-0.9523748773509546
UBFC_PHYS_s04_T3_test,16,164,21.466666666666665,0.18265047669410706,-0.5978337970466113
UBFC_PHYS_s04_T3_test,16,165,21.5,0.03601357713341713,-0.17998994277821775
UBFC_PHYS_s04_T3_test,16,166,21.533333333333335,-0.1163434088230133,0.25389918951031326
UBFC_PHYS_s04_T3_test,16,167,21.566666666666666,-0.3194698095321655,0.6524764537153978
UBFC_PHYS_s04_T3_test,16,168,21.6,-0.5756458640098572,0.9701207036139308
UBFC_PHYS_s04_T3_test,16,169,21.633333333333333,-0.7835568785667419,1.1761971112110106
UBFC_PHYS_s04_T3_test,16,170,21.666666666666668,-0.7738609910011292,1.2606762641271974
UBFC_PHYS_s04_T3_test,16,171,21.7,-0.49648067355155945,1.2339918895604853
UBFC_PHYS_s04_T3_test,16,172,21.733333333333334,-0.10170700401067734,1.1211461102116775
UBFC_PHYS_s04_T3_test,16,173,21.766666666666666,0.2475593239068985,0.9523730692645204
UBFC_PHYS_s04_T3_test,16,174,21.8,0.5150391459465027,0.753900768598496
UBFC_PHYS_s04_T3_test,16,175,21.833333333333332,0.6977213621139526,0.5420253532813071
UBFC_PHYS_s04_T3_test,16,176,21.866666666666667,0.7870014905929565,0.32212426445829934
UBFC_PHYS_s04_T3_test,16,177,21.9,0.818223237991333,0.09223838223368647
UBFC_PHYS_s04_T3_test,16,178,21.933333333333334,0.8346136212348938,-0.15069926406550435
UBFC_PHYS_s04_T3_test,16,179,21.966666666666665,0.8363871574401855,-0.4046799533505486
UBFC_PHYS_s04_T3_test,16,180,22.0,0.8139258623123169,-0.6590442294454142
UBFC_PHYS_s04_T3_test,16,181,22.033333333333335,0.7840781211853027,-0.8948455249315812
UBFC_PHYS_s04_T3_test,16,182,22.066666666666666,0.7553704977035522,-1.0884826309151945
UBFC_PHYS_s04_T3_test,16,183,22.1,0.6950902938842773,-1.2165220984458947
UBFC_PHYS_s04_T3_test,16,184,22.133333333333333,0.5734385848045349,-1.2598223230155785
UBFC_PHYS_s04_T3_test,16,185,22.166666666666668,0.42326441407203674,-1.2062740868608621
UBFC_PHYS_s04_T3_test,16,186,22.2,0.29742249846458435,-1.052490354143272
UBFC_PHYS_s04_T3_test,16,187,22.233333333333334,0.17672574520111084,-0.8049999167306365
UBFC_PHYS_s04_T3_test,16,188,22.266666666666666,0.010404739528894424,-0.48098389069483033
UBFC_PHYS_s04_T3_test,16,189,22.3,-0.1705819070339203,-0.10788109604366042
UBFC_PHYS_s04_T3_test,16,190,22.333333333333332,-0.3098713755607605,0.2790612148513506
UBFC_PHYS_s04_T3_test,16,191,22.366666666666667,-0.43921157717704773,0.6416239048628478
UBFC_PHYS_s04_T3_test,16,192,22.4,-0.6340550780296326,0.9449412582079632
UBFC_PHYS_s04_T3_test,16,193,22.433333333333334,-0.8994982838630676,1.163400548519842
UBFC_PHYS_s04_T3_test,16,194,22.466666666666665,-1.1205840110778809,1.2841731965470244
UBFC_PHYS_s04_T3_test,16,195,22.5,-1.1207691431045532,1.3073627824708427
UBFC_PHYS_s04_T3_test,16,196,22.533333333333335,-0.829736590385437,1.243093047134241
UBFC_PHYS_s04_T3_test,16,197,22.566666666666666,-0.40685948729515076,1.1070002182615764
UBFC_PHYS_s04_T3_test,16,198,22.6,-0.04212845489382744,0.9160474069155722
UBFC_PHYS_s04_T3_test,16,199,22.633333333333333,0.21204021573066711,0.6861049115580945
UBFC_PHYS_s04_T3_test,16,200,22.666666666666668,0.40280070900917053,0.4315471584552331
UBFC_PHYS_s04_T3_test,16,201,22.7,0.5604392886161804,0.16592407492017286
UBFC_PHYS_s04_T3_test,16,202,22.733333333333334,0.6788167953491211,-0.09769925211616355
UBFC_PHYS_s04_T3_test,16,203,22.766666666666666,0.7509756684303284,-0.347642314078498
UBFC_PHYS_s04_T3_test,16,204,22.8,0.7744017243385315,-0.575502005886255
UBFC_PHYS_s04_T3_test,16,205,22.833333333333332,0.7510243654251099,-0.777693357857486
UBFC_PHYS_s04_T3_test,16,206,22.866666666666667,0.7113832831382751,-0.9549837233112615
UBFC_PHYS_s04_T3_test,16,207,22.9,0.6893020272254944,-1.1092052241994317
UBFC_PHYS_s04_T3_test,16,208,22.933333333333334,0.6556733846664429,-1.2380364364097398
UBFC_PHYS_s04_T3_test,16,209,22.966666666666665,0.5577107667922974,-1.330344512761422
UBFC_PHYS_s04_T3_test,16,210,23.0,0.41561487317085266,-1.3650265871649623
UBFC_PHYS_s04_T3_test,16,211,23.033333333333335,0.2891005873680115,-1.3151362814317846
UBFC_PHYS_s04_T3_test,16,212,23.066666666666666,0.17042098939418793,-1.1567192199381187
UBFC_PHYS_s04_T3_test,16,213,23.1,0.018970252946019173,-0.8794165273692058
UBFC_PHYS_s04_T3_test,16,214,23.133333333333333,-0.1535678207874298,-0.4947375193406076
UBFC_PHYS_s04_T3_test,16,215,23.166666666666668,-0.3058273494243622,-0.03835105750790413
UBFC_PHYS_s04_T3_test,16,216,23.2,-0.439503937959671,0.4353670927298243
UBFC_PHYS_s04_T3_test,16,217,23.233333333333334,-0.6072379350662231,0.8653375867493786
UBFC_PHYS_s04_T3_test,16,218,23.266666666666666,-0.849732518196106,1.1981489272622772
UBFC_PHYS_s04_T3_test,16,219,23.3,-1.086302399635315,1.3995144474202008
UBFC_PHYS_s04_T3_test,16,220,23.333333333333332,-1.124910593032837,1.4593092989208976
UBFC_PHYS_s04_T3_test,16,221,23.366666666666667,-0.8733437657356262,1.3898458196700643
UBFC_PHYS_s04_T3_test,16,222,23.4,-0.46689602732658386,1.2194425578724553
UBFC_PHYS_s04_T3_test,16,223,23.433333333333334,-0.09911493957042694,0.9841589938819024
UBFC_PHYS_s04_T3_test,16,224,23.466666666666665,0.16793611645698547,0.7201030686562563
UBFC_PHYS_s04_T3_test,16,225,23.5,0.36898690462112427,0.4577351027130193
UBFC_PHYS_s04_T3_test,16,226,23.533333333333335,0.5314685702323914,0.21873726790521286
UBFC_PHYS_s04_T3_test,16,227,23.566666666666666,0.6570960879325867,0.01537166348607726
UBFC_PHYS_s04_T3_test,16,228,23.6,0.7359299659729004,-0.14829111319233418
UBFC_PHYS_s04_T3_test,16,229,23.633333333333333,0.756793200969696,-0.2741475623035445
UBFC_PHYS_s04_T3_test,16,230,23.666666666666668,0.728904128074646,-0.36755656969609773
UBFC_PHYS_s04_T3_test,16,231,23.7,0.6952072381973267,-0.434949714664179
UBFC_PHYS_s04_T3_test,16,232,23.733333333333334,0.6855601072311401,-0.4817904066543346
UBFC_PHYS_s04_T3_test,16,233,23.766666666666666,0.6652328372001648,-0.5111627039547191
UBFC_PHYS_s04_T3_test,16,234,23.8,0.579441249370575,-0.5233496605868335
UBFC_PHYS_s04_T3_test,16,235,23.833333333333332,0.4331551790237427,-0.5166126916858217
UBFC_PHYS_s04_T3_test,16,236,23.866666666666667,0.2779819965362549,-0.4889241117439026
UBFC_PHYS_s04_T3_test,16,237,23.9,0.14593277871608734,-0.43991751938148416
UBFC_PHYS_s04_T3_test,16,238,23.933333333333334,0.01619303785264492,-0.37216932915635875
UBFC_PHYS_s04_T3_test,16,239,23.966666666666665,-0.14294619858264923,-0.29122873592679077
UBFC_PHYS_s04_T3_test,17,0,17.0,-1.4790297746658325,0.12539145964733564
UBFC_PHYS_s04_T3_test,17,1,17.033333333333335,-1.652025818824768,0.281407101764376
UBFC_PHYS_s04_T3_test,17,2,17.066666666666666,-1.9342005252838135,0.4182244192050177
UBFC_PHYS_s04_T3_test,17,3,17.1,-2.2589590549468994,0.5224923084642314
UBFC_PHYS_s04_T3_test,17,4,17.133333333333333,-2.4230096340179443,0.5831685157312192
UBFC_PHYS_s04_T3_test,17,5,17.166666666666668,-2.2790136337280273,0.5930017506968408
UBFC_PHYS_s04_T3_test,17,6,17.2,-1.846820592880249,0.5495418418055802
UBFC_PHYS_s04_T3_test,17,7,17.233333333333334,-1.1755338907241821,0.45532910739744237
UBFC_PHYS_s04_T3_test,17,8,17.266666666666666,-0.32477089762687683,0.31720235792065865
UBFC_PHYS_s04_T3_test,17,9,17.3,0.4395866096019745,0.14487043311805609
UBFC_PHYS_s04_T3_test,17,10,17.333333333333332,0.8463754057884216,-0.05099188147307307
UBFC_PHYS_s04_T3_test,17,11,17.366666666666667,0.9766023755073547,-0.26065554447146944
UBFC_PHYS_s04_T3_test,17,12,17.4,1.0860636234283447,-0.47645919572992046
UBFC_PHYS_s04_T3_test,17,13,17.433333333333334,1.2112427949905396,-0.692277317774178
UBFC_PHYS_s04_T3_test,17,14,17.466666666666665,1.2421332597732544,-0.9010258614293344
UBFC_PHYS_s04_T3_test,17,15,17.5,1.1872419118881226,-1.0909488668523077
UBFC_PHYS_s04_T3_test,17,16,17.533333333333335,1.1228396892547607,-1.242474178880829
UBFC_PHYS_s04_T3_test,17,17,17.566666666666666,1.025929570198059,-1.3278319356120603
UBFC_PHYS_s04_T3_test,17,18,17.6,0.8418734073638916,-1.314979721000172
UBFC_PHYS_s04_T3_test,17,19,17.633333333333333,0.5977708697319031,-1.1757730698357152
UBFC_PHYS_s04_T3_test,17,20,17.666666666666668,0.35583168268203735,-0.8963236474499267
UBFC_PHYS_s04_T3_test,17,21,17.7,0.11377556622028351,-0.48593476712304384
UBFC_PHYS_s04_T3_test,17,22,17.733333333333334,-0.16880840063095093,0.01928494250645876
UBFC_PHYS_s04_T3_test,17,23,17.766666666666666,-0.48399782180786133,0.5605829423571183
UBFC_PHYS_s04_T3_test,17,24,17.8,-0.7607837319374084,1.0680753613749419
UBFC_PHYS_s04_T3_test,17,25,17.833333333333332,-0.9058517813682556,1.4761691202899234
UBFC_PHYS_s04_T3_test,17,26,17.866666666666667,-0.852071225643158,1.7378033778392916
UBFC_PHYS_s04_T3_test,17,27,17.9,-0.6369784474372864,1.8329968651644302
UBFC_PHYS_s04_T3_test,17,28,17.933333333333334,-0.40172407031059265,1.7697049954589756
UBFC_PHYS_s04_T3_test,17,29,17.966666666666665,-0.2518324851989746,1.5778847260047133
UBFC_PHYS_s04_T3_test,17,30,18.0,-0.16540752351284027,1.2994390996761966
UBFC_PHYS_s04_T3_test,17,31,18.033333333333335,-0.08784042298793793,0.9771977627715442
UBFC_PHYS_s04_T3_test,17,32,18.066666666666666,-0.04973899573087692,0.6457858966229643
UBFC_PHYS_s04_T3_test,17,33,18.1,-0.09574330598115921,0.32644735460632607
UBFC_PHYS_s04_T3_test,17,34,18.133333333333333,-0.1840294748544693,0.026733649064373408
UBFC_PHYS_s04_T3_test,17,35,18.166666666666668,-0.24643395841121674,-0.25545470329895525
UBFC_PHYS_s04_T3_test,17,36,18.2,-0.2935394048690796,-0.5253766652133912
UBFC_PHYS_s04_T3_test,17,37,18.233333333333334,-0.38646402955055237,-0.7850936791634485
UBFC_PHYS_s04_T3_test,17,38,18.266666666666666,-0.5598401427268982,-1.0293783610788605
UBFC_PHYS_s04_T3_test,17,39,18.3,-0.7865679860115051,-1.2447973045813265
UBFC_PHYS_s04_T3_test,17,40,18.333333333333332,-0.969630241394043,-1.411617207449076
UBFC_PHYS_s04_T3_test,17,41,18.366666666666667,-1.060791015625,-1.5074521776483745
UBFC_PHYS_s04_T3_test,17,42,18.4,-1.184498906135559,-1.5115454901659762
UBFC_PHYS_s04_T3_test,17,43,18.433333333333334,-1.4357831478118896,-1.4089867955428075
UBFC_PHYS_s04_T3_test,17,44,18.466666666666665,-1.6448440551757812,-1.1945449064141185
UBFC_PHYS_s04_T3_test,17,45,18.5,-1.5858794450759888,-0.8758149218964063
UBFC_PHYS_s04_T3_test,17,46,18.533333333333335,-1.2619880437850952,-0.474995002282902
UBFC_PHYS_s04_T3_test,17,47,18.566666666666666,-0.8315491080284119,-0.028113132136343075
UBFC_PHYS_s04_T3_test,17,48,18.6,-0.40313705801963806,0.4194580690980218
UBFC_PHYS_s04_T3_test,17,49,18.633333333333333,-0.04541239142417908,0.821039849757415
UBFC_PHYS_s04_T3_test,17,50,18.666666666666668,0.20474150776863098,1.1377512540523558
UBFC_PHYS_s04_T3_test,17,51,18.7,0.3620000183582306,1.3450454794834146
UBFC_PHYS_s04_T3_test,17,52,18.733333333333334,0.4665207266807556,1.434569122576969
UBFC_PHYS_s04_T3_test,17,53,18.766666666666666,0.5185471773147583,1.4118364715402367
UBFC_PHYS_s04_T3_test,17,54,18.8,0.48919644951820374,1.2916550288499122
UBFC_PHYS_s04_T3_test,17,55,18.833333333333332,0.4096706807613373,1.093292667626695
UBFC_PHYS_s04_T3_test,17,56,18.866666666666667,0.35574400424957275,0.8368124149506545
UBFC_PHYS_s04_T3_test,17,57,18.9,0.33694663643836975,0.5412116916567113
UBFC_PHYS_s04_T3_test,17,58,18.933333333333334,0.2892662584781647,0.22416730267880933
UBFC_PHYS_s04_T3_test,17,59,18.966666666666665,0.18556411564350128,-0.09742502227553201
UBFC_PHYS_s04_T3_test,17,60,19.0,0.07021716237068176,-0.40707076777272533
UBFC_PHYS_s04_T3_test,17,61,19.033333333333335,-0.01383010670542717,-0.6889857216537456
UBFC_PHYS_s04_T3_test,17,62,19.066666666666666,-0.0936579555273056,-0.9288555252438487
UBFC_PHYS_s04_T3_test,17,63,19.1,-0.2424386739730835,-1.114312181659896
UBFC_PHYS_s04_T3_test,17,64,19.133333333333333,-0.4611856937408447,-1.234633859211547
UBFC_PHYS_s04_T3_test,17,65,19.166666666666668,-0.5836949348449707,-1.279966052694901
UBFC_PHYS_s04_T3_test,17,66,19.2,-0.42687490582466125,-1.2411041962074945
UBFC_PHYS_s04_T3_test,17,67,19.233333333333334,-0.03270541876554489,-1.110939256019489
UBFC_PHYS_s04_T3_test,17,68,19.266666666666666,0.3863128423690796,-0.8878177077499178
UBFC_PHYS_s04_T3_test,17,69,19.3,0.6967858672142029,-0.579766357749799
UBFC_PHYS_s04_T3_test,17,70,19.333333333333332,0.8839408755302429,-0.20755693435755732
UBFC_PHYS_s04_T3_test,17,71,19.366666666666667,0.9323618412017822,0.19546947052005806
UBFC_PHYS_s04_T3_test,17,72,19.4,0.8347988128662109,0.5878367285776602
UBFC_PHYS_s04_T3_test,17,73,19.433333333333334,0.6462892889976501,0.927783605172199
UBFC_PHYS_s04_T3_test,17,74,19.466666666666665,0.46421125531196594,1.181861170900079
UBFC_PHYS_s04_T3_test,17,75,19.5,0.3670867085456848,1.3310008950923289
UBFC_PHYS_s04_T3_test,17,76,19.533333333333335,0.3793746829032898,1.3719734568493462
UBFC_PHYS_s04_T3_test,17,77,19.566666666666666,0.47544679045677185,1.3144014030453648
UBFC_PHYS_s04_T3_test,17,78,19.6,0.6174744963645935,1.1753919668499562
UBFC_PHYS_s04_T3_test,17,79,19.633333333333333,0.7429168820381165,0.9743422039456042
UBFC_PHYS_s04_T3_test,17,80,19.666666666666668,0.7952648997306824,0.7294362176886835
UBFC_PHYS_s04_T3_test,17,81,19.7,0.792322039604187,0.45598484261196365
UBFC_PHYS_s04_T3_test,17,82,19.733333333333334,0.7921661138534546,0.16616945620936074
UBFC_PHYS_s04_T3_test,17,83,19.766666666666666,0.7687205672264099,-0.13027155023258258
UBFC_PHYS_s04_T3_test,17,84,19.8,0.6187022924423218,-0.4249170877109862
UBFC_PHYS_s04_T3_test,17,85,19.833333333333332,0.3263542354106903,-0.7095165152424445
UBFC_PHYS_s04_T3_test,17,86,19.866666666666667,-0.009006524458527565,-0.9748262668752542
UBFC_PHYS_s04_T3_test,17,87,19.9,-0.3139738440513611,-1.2091586694215228
UBFC_PHYS_s04_T3_test,17,88,19.933333333333334,-0.6258891224861145,-1.3967178936921214
UBFC_PHYS_s04_T3_test,17,89,19.966666666666665,-1.0302319526672363,-1.5165997309614856
UBFC_PHYS_s04_T3_test,17,90,20.0,-1.515864372253418,-1.5439487494999602
UBFC_PHYS_s04_T3_test,17,91,20.033333333333335,-1.852852463722229,-1.454466737663053
UBFC_PHYS_s04_T3_test,17,92,20.066666666666666,-1.775431513786316,-1.232038508906927
UBFC_PHYS_s04_T3_test,17,93,20.1,-1.3209624290466309,-0.8774294618808469
UBFC_PHYS_s04_T3_test,17,94,20.133333333333333,-0.808415412902832,-0.414804569515059
UBFC_PHYS_s04_T3_test,17,95,20.166666666666668,-0.4869309365749359,0.10734511117272388
UBFC_PHYS_s04_T3_test,17,96,20.2,-0.37977921962738037,0.623139004311488
UBFC_PHYS_s04_T3_test,17,97,20.233333333333334,-0.4056608974933624,1.063475307728342
UBFC_PHYS_s04_T3_test,17,98,20.266666666666666,-0.47909629344940186,1.3728720430377033
UBFC_PHYS_s04_T3_test,17,99,20.3,-0.5197215676307678,1.5223194805052014
UBFC_PHYS_s04_T3_test,17,100,20.333333333333332,-0.4749937951564789,1.513294859728329
UBFC_PHYS_s04_T3_test,17,101,20.366666666666667,-0.34627723693847656,1.3724584359411247
UBFC_PHYS_s04_T3_test,17,102,20.4,-0.1774226278066635,1.1405522193579327
UBFC_PHYS_s04_T3_test,17,103,20.433333333333334,0.001956162042915821,0.8606018624232676
UBFC_PHYS_s04_T3_test,17,104,20.466666666666665,0.18280638754367828,0.5693030937508189
UBFC_PHYS_s04_T3_test,17,105,20.5,0.3225051164627075,0.29295681934102624
UBFC_PHYS_s04_T3_test,17,106,20.533333333333335,0.3638417720794678,0.04731827992067723
UBFC_PHYS_s04_T3_test,17,107,20.566666666666666,0.33422788977622986,-0.1601934943481017
UBFC_PHYS_s04_T3_test,17,108,20.6,0.2887985110282898,-0.3275526204431742
UBFC_PHYS_s04_T3_test,17,109,20.633333333333333,0.2113775908946991,-0.45556075308780375
UBFC_PHYS_s04_T3_test,17,110,20.666666666666668,0.06222657859325409,-0.5460038226199422
UBFC_PHYS_s04_T3_test,17,111,20.7,-0.1241585910320282,-0.6003587000609104
UBFC_PHYS_s04_T3_test,17,112,20.733333333333334,-0.2845646142959595,-0.6188883681101136
UBFC_PHYS_s04_T3_test,17,113,20.766666666666666,-0.4365513026714325,-0.600274738292633
UBFC_PHYS_s04_T3_test,17,114,20.8,-0.6551619172096252,-0.5421347524832539
UBFC_PHYS_s04_T3_test,17,115,20.833333333333332,-0.9216867685317993,-0.4426397491949677
UBFC_PHYS_s04_T3_test,17,116,20.866666666666667,-1.0824825763702393,-0.3030493821323463
UBFC_PHYS_s04_T3_test,17,117,20.9,-0.9934850335121155,-0.13051140243113996
UBFC_PHYS_s04_T3_test,17,118,20.933333333333334,-0.6792116165161133,0.05982937900016893
UBFC_PHYS_s04_T3_test,17,119,20.966666666666665,-0.2939194440841675,0.24455289569382452
UBFC_PHYS_s04_T3_test,17,120,21.0,0.049314968287944794,0.3945982269932203
UBFC_PHYS_s04_T3_test,17,121,21.033333333333335,0.3412732481956482,0.4810517991044672
UBFC_PHYS_s04_T3_test,17,122,21.066666666666666,0.5904234647750854,0.48263853146809244
UBFC_PHYS_s04_T3_test,17,123,21.1,0.7596094012260437,0.3920563169813611
UBFC_PHYS_s04_T3_test,17,124,21.133333333333333,0.8254634737968445,0.21840001037222206
UBFC_PHYS_s04_T3_test,17,125,21.166666666666668,0.826983630657196,-0.015326121698426953
UBFC_PHYS_s04_T3_test,17,126,21.2,0.8224913477897644,-0.2781512784447045
UBFC_PHYS_s04_T3_test,17,127,21.233333333333334,0.830014169216156,-0.5375253467535189
UBFC_PHYS_s04_T3_test,17,128,21.266666666666666,0.8281822204589844,-0.7635613665009128
UBFC_PHYS_s04_T3_test,17,129,21.3,0.7982272505760193,-0.9304696246336369
UBFC_PHYS_s04_T3_test,17,130,21.333333333333332,0.7416208386421204,-1.016555741565552
UBFC_PHYS_s04_T3_test,17,131,21.366666666666667,0.654036283493042,-1.0049355975460208
UBFC_PHYS_s04_T3_test,17,132,21.4,0.5212951898574829,-0.8861621319444724
UBFC_PHYS_s04_T3_test,17,133,21.433333333333334,0.3516220152378082,-0.6621853241872966
UBFC_PHYS_s04_T3_test,17,134,21.466666666666665,0.18265047669410706,-0.3497611429225917
UBFC_PHYS_s04_T3_test,17,135,21.5,0.03601357713341713,0.018913074895014977
UBFC_PHYS_s04_T3_test,17,136,21.533333333333335,-0.1163434088230133,0.39992415840232387
UBFC_PHYS_s04_T3_test,17,137,21.566666666666666,-0.3194698095321655,0.745749449625191
UBFC_PHYS_s04_T3_test,17,138,21.6,-0.5756458640098572,1.0156978661319083
UBFC_PHYS_s04_T3_test,17,139,21.633333333333333,-0.7835568785667419,1.1851403353885694
UBFC_PHYS_s04_T3_test,17,140,21.666666666666668,-0.7738609910011292,1.25002551982851
UBFC_PHYS_s04_T3_test,17,141,21.7,-0.49648067355155945,1.224896618996489
UBFC_PHYS_s04_T3_test,17,142,21.733333333333334,-0.10170700401067734,1.1352923341610985
UBFC_PHYS_s04_T3_test,17,143,21.766666666666666,0.2475593239068985,1.0076664199818197
UBFC_PHYS_s04_T3_test,17,144,21.8,0.5150391459465027,0.860667408611641
UBFC_PHYS_s04_T3_test,17,145,21.833333333333332,0.6977213621139526,0.7006798939708773
UBFC_PHYS_s04_T3_test,17,146,21.866666666666667,0.7870014905929565,0.5226069169809406
UBFC_PHYS_s04_T3_test,17,147,21.9,0.818223237991333,0.3149289290772618
UBFC_PHYS_s04_T3_test,17,148,21.933333333333334,0.8346136212348938,0.06688096843714988
UBFC_PHYS_s04_T3_test,17,149,21.966666666666665,0.8363871574401855,-0.224642472867728
UBFC_PHYS_s04_T3_test,17,150,22.0,0.8139258623123169,-0.5503492769337475
UBFC_PHYS_s04_T3_test,17,151,22.033333333333335,0.7840781211853027,-0.8870839760917457
UBFC_PHYS_s04_T3_test,17,152,22.066666666666666,0.7553704977035522,-1.1999931429204609
UBFC_PHYS_s04_T3_test,17,153,22.1,0.6950902938842773,-1.4479970587063704
UBFC_PHYS_s04_T3_test,17,154,22.133333333333333,0.5734385848045349,-1.5915513868019968
UBFC_PHYS_s04_T3_test,17,155,22.166666666666668,0.42326441407203674,-1.601081482012842
UBFC_PHYS_s04_T3_test,17,156,22.2,0.29742249846458435,-1.4641528890258213
UBFC_PHYS_s04_T3_test,17,157,22.233333333333334,0.17672574520111084,-1.189548407692245
UBFC_PHYS_s04_T3_test,17,158,22.266666666666666,0.010404739528894424,-0.8070034096057248
UBFC_PHYS_s04_T3_test,17,159,22.3,-0.1705819070339203,-0.36230859540008353
UBFC_PHYS_s04_T3_test,17,160,22.333333333333332,-0.3098713755607605,0.09136259619759399
UBFC_PHYS_s04_T3_test,17,161,22.366666666666667,-0.43921157717704773,0.5039186290650449
UBFC_PHYS_s04_T3_test,17,162,22.4,-0.6340550780296326,0.83783121618209
UBFC_PHYS_s04_T3_test,17,163,22.433333333333334,-0.8994982838630676,1.073824527981617
UBFC_PHYS_s04_T3_test,17,164,22.466666666666665,-1.1205840110778809,1.2109928285217821
UBFC_PHYS_s04_T3_test,17,165,22.5,-1.1207691431045532,1.2615819115250753
UBFC_PHYS_s04_T3_test,17,166,22.533333333333335,-0.829736590385437,1.242946914046227
UBFC_PHYS_s04_T3_test,17,167,22.566666666666666,-0.40685948729515076,1.1703379281247694
UBFC_PHYS_s04_T3_test,17,168,22.6,-0.04212845489382744,1.0532883905162505
UBFC_PHYS_s04_T3_test,17,169,22.633333333333333,0.21204021573066711,0.8961893758874023
UBFC_PHYS_s04_T3_test,17,170,22.666666666666668,0.40280070900917053,0.7015582755952698
UBFC_PHYS_s04_T3_test,17,171,22.7,0.5604392886161804,0.4736350324032048
UBFC_PHYS_s04_T3_test,17,172,22.733333333333334,0.6788167953491211,0.22049842954098822
UBFC_PHYS_s04_T3_test,17,173,22.766666666666666,0.7509756684303284,-0.045899607709767754
UBFC_PHYS_s04_T3_test,17,174,22.8,0.7744017243385315,-0.3114346498699892
UBFC_PHYS_s04_T3_test,17,175,22.833333333333332,0.7510243654251099,-0.5623266362660313
UBFC_PHYS_s04_T3_test,17,176,22.866666666666667,0.7113832831382751,-0.7872264391375765
UBFC_PHYS_s04_T3_test,17,177,22.9,0.6893020272254944,-0.9777747759745666
UBFC_PHYS_s04_T3_test,17,178,22.933333333333334,0.6556733846664429,-1.1273253610365657
UBFC_PHYS_s04_T3_test,17,179,22.966666666666665,0.5577107667922974,-1.228591658314019
UBFC_PHYS_s04_T3_test,17,180,23.0,0.41561487317085266,-1.2717257739941588
UBFC_PHYS_s04_T3_test,17,181,23.033333333333335,0.2891005873680115,-1.2443221262129343
UBFC_PHYS_s04_T3_test,17,182,23.066666666666666,0.17042098939418793,-1.134011908906473
UBFC_PHYS_s04_T3_test,17,183,23.1,0.018970252946019173,-0.9331567369663842
UBFC_PHYS_s04_T3_test,17,184,23.133333333333333,-0.1535678207874298,-0.6441921400640309
UBFC_PHYS_s04_T3_test,17,185,23.166666666666668,-0.3058273494243622,-0.28353120410730476
UBFC_PHYS_s04_T3_test,17,186,23.2,-0.439503937959671,0.1181924188648872
UBFC_PHYS_s04_T3_test,17,187,23.233333333333334,-0.6072379350662231,0.5207098293526708
UBFC_PHYS_s04_T3_test,17,188,23.266666666666666,-0.849732518196106,0.8824001696473416
UBFC_PHYS_s04_T3_test,17,189,23.3,-1.086302399635315,1.1690554582433783
UBFC_PHYS_s04_T3_test,17,190,23.333333333333332,-1.124910593032837,1.35961928582884
UBFC_PHYS_s04_T3_test,17,191,23.366666666666667,-0.8733437657356262,1.4471173403711153
UBFC_PHYS_s04_T3_test,17,192,23.4,-0.46689602732658386,1.4356535581464671
UBFC_PHYS_s04_T3_test,17,193,23.433333333333334,-0.09911493957042694,1.3360568286073615
UBFC_PHYS_s04_T3_test,17,194,23.466666666666665,0.16793611645698547,1.1624158830120446
UBFC_PHYS_s04_T3_test,17,195,23.5,0.36898690462112427,0.9302280189598159
UBFC_PHYS_s04_T3_test,17,196,23.533333333333335,0.5314685702323914,0.6557064982300995
UBFC_PHYS_s04_T3_test,17,197,23.566666666666666,0.6570960879325867,0.3554456299510552
UBFC_PHYS_s04_T3_test,17,198,23.6,0.7359299659729004,0.04588278106830892
UBFC_PHYS_s04_T3_test,17,199,23.633333333333333,0.756793200969696,-0.25762779984260903
UBFC_PHYS_s04_T3_test,17,200,23.666666666666668,0.728904128074646,-0.5420832904708416
UBFC_PHYS_s04_T3_test,17,201,23.7,0.6952072381973267,-0.7981530132632363
UBFC_PHYS_s04_T3_test,17,202,23.733333333333334,0.6855601072311401,-1.020869012498693
UBFC_PHYS_s04_T3_test,17,203,23.766666666666666,0.6652328372001648,-1.20879275320828
UBFC_PHYS_s04_T3_test,17,204,23.8,0.579441249370575,-1.3611638673050506
UBFC_PHYS_s04_T3_test,17,205,23.833333333333332,0.4331551790237427,-1.4736321274535105
UBFC_PHYS_s04_T3_test,17,206,23.866666666666667,0.2779819965362549,-1.5345053882010438
UBFC_PHYS_s04_T3_test,17,207,23.9,0.14593277871608734,-1.5240262675533622
UBFC_PHYS_s04_T3_test,17,208,23.933333333333334,0.01619303785264492,-1.4183055997077623
UBFC_PHYS_s04_T3_test,17,209,23.966666666666665,-0.14294619858264923,-1.1974965012538559
UBFC_PHYS_s04_T3_test,17,210,24.0,-0.3136230409145355,-0.855578026963604
UBFC_PHYS_s04_T3_test,17,211,24.033333333333335,-0.4602307081222534,-0.4078327134447226
UBFC_PHYS_s04_T3_test,17,212,24.066666666666666,-0.6152772307395935,0.1075127894957397
UBFC_PHYS_s04_T3_test,17,213,24.1,-0.8376687169075012,0.6349735445191291
UBFC_PHYS_s04_T3_test,17,214,24.133333333333333,-1.0801048278808594,1.1133841473084307
UBFC_PHYS_s04_T3_test,17,215,24.166666666666668,-1.1662276983261108,1.4894533030601462
UBFC_PHYS_s04_T3_test,17,216,24.2,-0.9668237566947937,1.7285823714323794
UBFC_PHYS_s04_T3_test,17,217,24.233333333333334,-0.5646442174911499,1.8196285180122624
UBFC_PHYS_s04_T3_test,17,218,24.266666666666666,-0.16939307749271393,1.7732036296532225
UBFC_PHYS_s04_T3_test,17,219,24.3,0.1058824360370636,1.6155998664641487
UBFC_PHYS_s04_T3_test,17,220,24.333333333333332,0.29341745376586914,1.3810670495825252
UBFC_PHYS_s04_T3_test,17,221,24.366666666666667,0.4424612820148468,1.1044702623982376
UBFC_PHYS_s04_T3_test,17,222,24.4,0.5554987788200378,0.8155429093888054
UBFC_PHYS_s04_T3_test,17,223,24.433333333333334,0.6122903823852539,0.5353975777191662
UBFC_PHYS_s04_T3_test,17,224,24.466666666666665,0.6167728900909424,0.27551241263607085
UBFC_PHYS_s04_T3_test,17,225,24.5,0.6041731238365173,0.03896433718704649
UBFC_PHYS_s04_T3_test,17,226,24.533333333333335,0.5907742381095886,-0.1767456614474407
UBFC_PHYS_s04_T3_test,17,227,24.566666666666666,0.5542514324188232,-0.37615919135085185
UBFC_PHYS_s04_T3_test,17,228,24.6,0.489254891872406,-0.5624430683516844
UBFC_PHYS_s04_T3_test,17,229,24.633333333333333,0.4149230122566223,-0.7347718109653357
UBFC_PHYS_s04_T3_test,17,230,24.666666666666668,0.32382065057754517,-0.8871350643324151
UBFC_PHYS_s04_T3_test,17,231,24.7,0.1886434108018875,-1.0090194352239015
UBFC_PHYS_s04_T3_test,17,232,24.733333333333334,0.02255626954138279,-1.0879164672176456
UBFC_PHYS_s04_T3_test,17,233,24.766666666666666,-0.12388573586940765,-1.1129465261420608
UBFC_PHYS_s04_T3_test,17,234,24.8,-0.23165138065814972,-1.0783892945993843
UBFC_PHYS_s04_T3_test,17,235,24.833333333333332,-0.33632799983024597,-0.9858042585120007
UBFC_PHYS_s04_T3_test,17,236,24.866666666666667,-0.48424142599105835,-0.8438322943985347
UBFC_PHYS_s04_T3_test,17,237,24.9,-0.6822909116744995,-0.6657121740695533
UBFC_PHYS_s04_T3_test,17,238,24.933333333333334,-0.8395981788635254,-0.46572885441396644
UBFC_PHYS_s04_T3_test,17,239,24.966666666666665,-0.7947632074356079,-0.25652041413928006
UBFC_PHYS_s04_T3_test,18,0,18.0,-0.16540752351284027,-0.17265787571827892
UBFC_PHYS_s04_T3_test,18,1,18.033333333333335,-0.08784042298793793,-0.3187399746800036
UBFC_PHYS_s04_T3_test,18,2,18.066666666666666,-0.04973899573087692,-0.45564114551397755
UBFC_PHYS_s04_T3_test,18,3,18.1,-0.09574330598115921,-0.5797315756693661
UBFC_PHYS_s04_T3_test,18,4,18.133333333333333,-0.1840294748544693,-0.6901848078933893
UBFC_PHYS_s04_T3_test,18,5,18.166666666666668,-0.24643395841121674,-0.7889079190420596
UBFC_PHYS_s04_T3_test,18,6,18.2,-0.2935394048690796,-0.8786515007925993
UBFC_PHYS_s04_T3_test,18,7,18.233333333333334,-0.38646402955055237,-0.9596030361066246
UBFC_PHYS_s04_T3_test,18,8,18.266666666666666,-0.5598401427268982,-1.0255761010606232
UBFC_PHYS_s04_T3_test,18,9,18.3,-0.7865679860115051,-1.0615002565006375
UBFC_PHYS_s04_T3_test,18,10,18.333333333333332,-0.969630241394043,-1.0441082006642515
UBFC_PHYS_s04_T3_test,18,11,18.366666666666667,-1.060791015625,-0.9469816014604918
UBFC_PHYS_s04_T3_test,18,12,18.4,-1.184498906135559,-0.7492884929205219
UBFC_PHYS_s04_T3_test,18,13,18.433333333333334,-1.4357831478118896,-0.4454307594531264
UBFC_PHYS_s04_T3_test,18,14,18.466666666666665,-1.6448440551757812,-0.05165035909585386
UBFC_PHYS_s04_T3_test,18,15,18.5,-1.5858794450759888,0.39367982189312845
UBFC_PHYS_s04_T3_test,18,16,18.533333333333335,-1.2619880437850952,0.8368641875101754
UBFC_PHYS_s04_T3_test,18,17,18.566666666666666,-0.8315491080284119,1.2205642836069333
UBFC_PHYS_s04_T3_test,18,18,18.6,-0.40313705801963806,1.4962218863571866
UBFC_PHYS_s04_T3_test,18,19,18.633333333333333,-0.04541239142417908,1.633233000445294
UBFC_PHYS_s04_T3_test,18,20,18.666666666666668,0.20474150776863098,1.622817457475354
UBFC_PHYS_s04_T3_test,18,21,18.7,0.3620000183582306,1.4767947826057881
UBFC_PHYS_s04_T3_test,18,22,18.733333333333334,0.4665207266807556,1.2227300084939523
UBFC_PHYS_s04_T3_test,18,23,18.766666666666666,0.5185471773147583,0.8971930012470132
UBFC_PHYS_s04_T3_test,18,24,18.8,0.48919644951820374,0.5387771299226151
UBFC_PHYS_s04_T3_test,18,25,18.833333333333332,0.4096706807613373,0.1821847842943716
UBFC_PHYS_s04_T3_test,18,26,18.866666666666667,0.35574400424957275,-0.14589725685350424
UBFC_PHYS_s04_T3_test,18,27,18.9,0.33694663643836975,-0.4289633376708022
UBFC_PHYS_s04_T3_test,18,28,18.933333333333334,0.2892662584781647,-0.6609794237617644
UBFC_PHYS_s04_T3_test,18,29,18.966666666666665,0.18556411564350128,-0.8448575594956539
UBFC_PHYS_s04_T3_test,18,30,19.0,0.07021716237068176,-0.9891265743308572
UBFC_PHYS_s04_T3_test,18,31,19.033333333333335,-0.01383010670542717,-1.1030824060901823
UBFC_PHYS_s04_T3_test,18,32,19.066666666666666,-0.0936579555273056,-1.191379848355237
UBFC_PHYS_s04_T3_test,18,33,19.1,-0.2424386739730835,-1.2497214280595645
UBFC_PHYS_s04_T3_test,18,34,19.133333333333333,-0.4611856937408447,-1.2634767619324254
UBFC_PHYS_s04_T3_test,18,35,19.166666666666668,-0.5836949348449707,-1.2104753442620981
UBFC_PHYS_s04_T3_test,18,36,19.2,-0.42687490582466125,-1.067917424014448
UBFC_PHYS_s04_T3_test,18,37,19.233333333333334,-0.03270541876554489,-0.8216680487006073
UBFC_PHYS_s04_T3_test,18,38,19.266666666666666,0.3863128423690796,-0.4747778814880629
UBFC_PHYS_s04_T3_test,18,39,19.3,0.6967858672142029,-0.051781804228193645
UBFC_PHYS_s04_T3_test,18,40,19.333333333333332,0.8839408755302429,0.4033924751232752
UBFC_PHYS_s04_T3_test,18,41,19.366666666666667,0.9323618412017822,0.8357630886336462
UBFC_PHYS_s04_T3_test,18,42,19.4,0.8347988128662109,1.1914374375968315
UBFC_PHYS_s04_T3_test,18,43,19.433333333333334,0.6462892889976501,1.4297238949374307
UBFC_PHYS_s04_T3_test,18,44,19.466666666666665,0.46421125531196594,1.5313788579469838
UBFC_PHYS_s04_T3_test,18,45,19.5,0.3670867085456848,1.5004951743897519
UBFC_PHYS_s04_T3_test,18,46,19.533333333333335,0.3793746829032898,1.3597337968156091
UBFC_PHYS_s04_T3_test,18,47,19.566666666666666,0.47544679045677185,1.1409596658497905
UBFC_PHYS_s04_T3_test,18,48,19.6,0.6174744963645935,0.8750115172876413
UBFC_PHYS_s04_T3_test,18,49,19.633333333333333,0.7429168820381165,0.5844206318111592
UBFC_PHYS_s04_T3_test,18,50,19.666666666666668,0.7952648997306824,0.2812168770604348
UBFC_PHYS_s04_T3_test,18,51,19.7,0.792322039604187,-0.030386683100643595
UBFC_PHYS_s04_T3_test,18,52,19.733333333333334,0.7921661138534546,-0.3483501400984497
UBFC_PHYS_s04_T3_test,18,53,19.766666666666666,0.7687205672264099,-0.6667654366501944
UBFC_PHYS_s04_T3_test,18,54,19.8,0.6187022924423218,-0.9716987393254535
UBFC_PHYS_s04_T3_test,18,55,19.833333333333332,0.3263542354106903,-1.2402397109517775
UBFC_PHYS_s04_T3_test,18,56,19.866666666666667,-0.009006524458527565,-1.442848506096113
UBFC_PHYS_s04_T3_test,18,57,19.9,-0.3139738440513611,-1.5482074851539416
UBFC_PHYS_s04_T3_test,18,58,19.933333333333334,-0.6258891224861145,-1.5295541574645146
UBFC_PHYS_s04_T3_test,18,59,19.966666666666665,-1.0302319526672363,-1.3714773625775658
UBFC_PHYS_s04_T3_test,18,60,20.0,-1.515864372253418,-1.075902347879797
UBFC_PHYS_s04_T3_test,18,61,20.033333333333335,-1.852852463722229,-0.6655481302480764
UBFC_PHYS_s04_T3_test,18,62,20.066666666666666,-1.775431513786316,-0.18305024681779383
UBFC_PHYS_s04_T3_test,18,63,20.1,-1.3209624290466309,0.3151412355860499
UBFC_PHYS_s04_T3_test,18,64,20.133333333333333,-0.808415412902832,0.7690420602208631
UBFC_PHYS_s04_T3_test,18,65,20.166666666666668,-0.4869309365749359,1.1267505788311198
UBFC_PHYS_s04_T3_test,18,66,20.2,-0.37977921962738037,1.3540650965801844
UBFC_PHYS_s04_T3_test,18,67,20.233333333333334,-0.4056608974933624,1.4395389028333097
UBFC_PHYS_s04_T3_test,18,68,20.266666666666666,-0.47909629344940186,1.3938385103790234
UBFC_PHYS_s04_T3_test,18,69,20.3,-0.5197215676307678,1.2439408120124338
UBFC_PHYS_s04_T3_test,18,70,20.333333333333332,-0.4749937951564789,1.0242490993310907
UBFC_PHYS_s04_T3_test,18,71,20.366666666666667,-0.34627723693847656,0.7675962225775139
UBFC_PHYS_s04_T3_test,18,72,20.4,-0.1774226278066635,0.49892063410101634
UBFC_PHYS_s04_T3_test,18,73,20.433333333333334,0.001956162042915821,0.23314173251976653
UBFC_PHYS_s04_T3_test,18,74,20.466666666666665,0.18280638754367828,-0.023067763158934544
UBFC_PHYS_s04_T3_test,18,75,20.5,0.3225051164627075,-0.267334523227595
UBFC_PHYS_s04_T3_test,18,76,20.533333333333335,0.3638417720794678,-0.49746381516696425
UBFC_PHYS_s04_T3_test,18,77,20.566666666666666,0.33422788977622986,-0.7084293142688368
UBFC_PHYS_s04_T3_test,18,78,20.6,0.2887985110282898,-0.8907602647800075
UBFC_PHYS_s04_T3_test,18,79,20.633333333333333,0.2113775908946991,-1.03012998134147
UBFC_PHYS_s04_T3_test,18,80,20.666666666666668,0.06222657859325409,-1.1082456441661535
UBFC_PHYS_s04_T3_test,18,81,20.7,-0.1241585910320282,-1.1055692478714976
UBFC_PHYS_s04_T3_test,18,82,20.733333333333334,-0.2845646142959595,-1.0061719917223524
UBFC_PHYS_s04_T3_test,18,83,20.766666666666666,-0.4365513026714325,-0.8040279271740183
UBFC_PHYS_s04_T3_test,18,84,20.8,-0.6551619172096252,-0.508780480951591
UBFC_PHYS_s04_T3_test,18,85,20.833333333333332,-0.9216867685317993,-0.1482490859650563
UBFC_PHYS_s04_T3_test,18,86,20.866666666666667,-1.0824825763702393,0.23455647513909755
UBFC_PHYS_s04_T3_test,18,87,20.9,-0.9934850335121155,0.5899990547518246
UBFC_PHYS_s04_T3_test,18,88,20.933333333333334,-0.6792116165161133,0.8730253225316242
UBFC_PHYS_s04_T3_test,18,89,20.966666666666665,-0.2939194440841675,1.0524997440213264
UBFC_PHYS_s04_T3_test,18,90,21.0,0.049314968287944794,1.1154441862892175
UBFC_PHYS_s04_T3_test,18,91,21.033333333333335,0.3412732481956482,1.0658267318492791
UBFC_PHYS_s04_T3_test,18,92,21.066666666666666,0.5904234647750854,0.9197458785189574
UBFC_PHYS_s04_T3_test,18,93,21.1,0.7596094012260437,0.6995902554647289
UBFC_PHYS_s04_T3_test,18,94,21.133333333333333,0.8254634737968445,0.4292688237519991
UBFC_PHYS_s04_T3_test,18,95,21.166666666666668,0.826983630657196,0.13146884942214493
UBFC_PHYS_s04_T3_test,18,96,21.2,0.8224913477897644,-0.17322964764767826
UBFC_PHYS_s04_T3_test,18,97,21.233333333333334,0.830014169216156,-0.46611207698296137
UBFC_PHYS_s04_T3_test,18,98,21.266666666666666,0.8281822204589844,-0.7295736171534217
UBFC_PHYS_s04_T3_test,18,99,21.3,0.7982272505760193,-0.9462051302880106
UBFC_PHYS_s04_T3_test,18,100,21.333333333333332,0.7416208386421204,-1.0981758856671313
UBFC_PHYS_s04_T3_test,18,101,21.366666666666667,0.654036283493042,-1.1676651922688783
UBFC_PHYS_s04_T3_test,18,102,21.4,0.5212951898574829,-1.1391000658671302
UBFC_PHYS_s04_T3_test,18,103,21.433333333333334,0.3516220152378082,-1.0033409398962512
UBFC_PHYS_s04_T3_test,18,104,21.466666666666665,0.18265047669410706,-0.7628008820940917
UBFC_PHYS_s04_T3_test,18,105,21.5,0.03601357713341713,-0.4353689340539346
UBFC_PHYS_s04_T3_test,18,106,21.533333333333335,-0.1163434088230133,-0.05470216794616263
UBFC_PHYS_s04_T3_test,18,107,21.566666666666666,-0.3194698095321655,0.334522573475397
UBFC_PHYS_s04_T3_test,18,108,21.6,-0.5756458640098572,0.6856382096272545
UBFC_PHYS_s04_T3_test,18,109,21.633333333333333,-0.7835568785667419,0.9603746811739426
UBFC_PHYS_s04_T3_test,18,110,21.666666666666668,-0.7738609910011292,1.1367951644378655
UBFC_PHYS_s04_T3_test,18,111,21.7,-0.49648067355155945,1.2118742605896557
UBFC_PHYS_s04_T3_test,18,112,21.733333333333334,-0.10170700401067734,1.1980898393283437
UBFC_PHYS_s04_T3_test,18,113,21.766666666666666,0.2475593239068985,1.1158614046160906
UBFC_PHYS_s04_T3_test,18,114,21.8,0.5150391459465027,0.9851043567384623
UBFC_PHYS_s04_T3_test,18,115,21.833333333333332,0.6977213621139526,0.8191172352315836
UBFC_PHYS_s04_T3_test,18,116,21.866666666666667,0.7870014905929565,0.6227210351559889
UBFC_PHYS_s04_T3_test,18,117,21.9,0.818223237991333,0.39473454006719
UBFC_PHYS_s04_T3_test,18,118,21.933333333333334,0.8346136212348938,0.13326235758570526
UBFC_PHYS_s04_T3_test,18,119,21.966666666666665,0.8363871574401855,-0.15865930379901796
UBFC_PHYS_s04_T3_test,18,120,22.0,0.8139258623123169,-0.4695185717586366
UBFC_PHYS_s04_T3_test,18,121,22.033333333333335,0.7840781211853027,-0.779218327436614
UBFC_PHYS_s04_T3_test,18,122,22.066666666666666,0.7553704977035522,-1.0618678342169734
UBFC_PHYS_s04_T3_test,18,123,22.1,0.6950902938842773,-1.289685407112682
UBFC_PHYS_s04_T3_test,18,124,22.133333333333333,0.5734385848045349,-1.4365219802423805
UBFC_PHYS_s04_T3_test,18,125,22.166666666666668,0.42326441407203674,-1.4807096674031686
UBFC_PHYS_s04_T3_test,18,126,22.2,0.29742249846458435,-1.4077942863896842
UBFC_PHYS_s04_T3_test,18,127,22.233333333333334,0.17672574520111084,-1.2136646312937758
UBFC_PHYS_s04_T3_test,18,128,22.266666666666666,0.010404739528894424,-0.9077705507210392
UBFC_PHYS_s04_T3_test,18,129,22.3,-0.1705819070339203,-0.5150869731819538
UBFC_PHYS_s04_T3_test,18,130,22.333333333333332,-0.3098713755607605,-0.0749880090937454
UBFC_PHYS_s04_T3_test,18,131,22.366666666666667,-0.43921157717704773,0.36412607805231584
UBFC_PHYS_s04_T3_test,18,132,22.4,-0.6340550780296326,0.7537895654234691
UBFC_PHYS_s04_T3_test,18,133,22.433333333333334,-0.8994982838630676,1.0554167512742958
UBFC_PHYS_s04_T3_test,18,134,22.466666666666665,-1.1205840110778809,1.2477749614026223
UBFC_PHYS_s04_T3_test,18,135,22.5,-1.1207691431045532,1.3293096887166331
UBFC_PHYS_s04_T3_test,18,136,22.533333333333335,-0.829736590385437,1.314741975994282
UBFC_PHYS_s04_T3_test,18,137,22.566666666666666,-0.40685948729515076,1.227648664810893
UBFC_PHYS_s04_T3_test,18,138,22.6,-0.04212845489382744,1.092074569851582
UBFC_PHYS_s04_T3_test,18,139,22.633333333333333,0.21204021573066711,0.926195842539762
UBFC_PHYS_s04_T3_test,18,140,22.666666666666668,0.40280070900917053,0.7398671192578037
UBFC_PHYS_s04_T3_test,18,141,22.7,0.5604392886161804,0.5361000879239737
UBFC_PHYS_s04_T3_test,18,142,22.733333333333334,0.6788167953491211,0.31489040464995655
UBFC_PHYS_s04_T3_test,18,143,22.766666666666666,0.7509756684303284,0.07709516244668704
UBFC_PHYS_s04_T3_test,18,144,22.8,0.7744017243385315,-0.17340601101171715
UBFC_PHYS_s04_T3_test,18,145,22.833333333333332,0.7510243654251099,-0.429672390456255
UBFC_PHYS_s04_T3_test,18,146,22.866666666666667,0.7113832831382751,-0.6828357159691331
UBFC_PHYS_s04_T3_test,18,147,22.9,0.6893020272254944,-0.9229006548968938
UBFC_PHYS_s04_T3_test,18,148,22.933333333333334,0.6556733846664429,-1.1382637018510886
UBFC_PHYS_s04_T3_test,18,149,22.966666666666665,0.5577107667922974,-1.3142135962279202
UBFC_PHYS_s04_T3_test,18,150,23.0,0.41561487317085266,-1.4317431692688833
UBFC_PHYS_s04_T3_test,18,151,23.033333333333335,0.2891005873680115,-1.4683167453139878
UBFC_PHYS_s04_T3_test,18,152,23.066666666666666,0.17042098939418793,-1.401599317654241
UBFC_PHYS_s04_T3_test,18,153,23.1,0.018970252946019173,-1.2158562224748
UBFC_PHYS_s04_T3_test,18,154,23.133333333333333,-0.1535678207874298,-0.9093231684864502
UBFC_PHYS_s04_T3_test,18,155,23.166666666666668,-0.3058273494243622,-0.49982974697298344
UBFC_PHYS_s04_T3_test,18,156,23.2,-0.439503937959671,-0.025818550423550572
UBFC_PHYS_s04_T3_test,18,157,23.233333333333334,-0.6072379350662231,0.45891358803187243
UBFC_PHYS_s04_T3_test,18,158,23.266666666666666,-0.849732518196106,0.896028607509846
UBFC_PHYS_s04_T3_test,18,159,23.3,-1.086302399635315,1.2357360333267426
UBFC_PHYS_s04_T3_test,18,160,23.333333333333332,-1.124910593032837,1.4475451151419696
UBFC_PHYS_s04_T3_test,18,161,23.366666666666667,-0.8733437657356262,1.5248776888820343
UBFC_PHYS_s04_T3_test,18,162,23.4,-0.46689602732658386,1.4824724724715952
UBFC_PHYS_s04_T3_test,18,163,23.433333333333334,-0.09911493957042694,1.3484783044253252
UBFC_PHYS_s04_T3_test,18,164,23.466666666666665,0.16793611645698547,1.154673709465589
UBFC_PHYS_s04_T3_test,18,165,23.5,0.36898690462112427,0.9281856482290236
UBFC_PHYS_s04_T3_test,18,166,23.533333333333335,0.5314685702323914,0.6870068725055439
UBFC_PHYS_s04_T3_test,18,167,23.566666666666666,0.6570960879325867,0.43995946532529306
UBFC_PHYS_s04_T3_test,18,168,23.6,0.7359299659729004,0.18998474782460054
UBFC_PHYS_s04_T3_test,18,169,23.633333333333333,0.756793200969696,-0.06149615320858359
UBFC_PHYS_s04_T3_test,18,170,23.666666666666668,0.728904128074646,-0.3113673491434783
UBFC_PHYS_s04_T3_test,18,171,23.7,0.6952072381973267,-0.5538588347073499
UBFC_PHYS_s04_T3_test,18,172,23.733333333333334,0.6855601072311401,-0.7814238372979506
UBFC_PHYS_s04_T3_test,18,173,23.766666666666666,0.6652328372001648,-0.9859821630511597
UBFC_PHYS_s04_T3_test,18,174,23.8,0.579441249370575,-1.1591038567556802
UBFC_PHYS_s04_T3_test,18,175,23.833333333333332,0.4331551790237427,-1.2907518877244966
UBFC_PHYS_s04_T3_test,18,176,23.866666666666667,0.2779819965362549,-1.367578352931787
UBFC_PHYS_s04_T3_test,18,177,23.9,0.14593277871608734,-1.3725775509269684
UBFC_PHYS_s04_T3_test,18,178,23.933333333333334,0.01619303785264492,-1.2875612473568647
UBFC_PHYS_s04_T3_test,18,179,23.966666666666665,-0.14294619858264923,-1.0986175431641023
UBFC_PHYS_s04_T3_test,18,180,24.0,-0.3136230409145355,-0.8031061944614413
UBFC_PHYS_s04_T3_test,18,181,24.033333333333335,-0.4602307081222534,-0.4155413790362012
UBFC_PHYS_s04_T3_test,18,182,24.066666666666666,-0.6152772307395935,0.030512312375143135
UBFC_PHYS_s04_T3_test,18,183,24.1,-0.8376687169075012,0.4863911815211679
UBFC_PHYS_s04_T3_test,18,184,24.133333333333333,-1.0801048278808594,0.8979129948703652
UBFC_PHYS_s04_T3_test,18,185,24.166666666666668,-1.1662276983261108,1.2178742551581574
UBFC_PHYS_s04_T3_test,18,186,24.2,-0.9668237566947937,1.416952234599637
UBFC_PHYS_s04_T3_test,18,187,24.233333333333334,-0.5646442174911499,1.4887521071310232
UBFC_PHYS_s04_T3_test,18,188,24.266666666666666,-0.16939307749271393,1.447393150559191
UBFC_PHYS_s04_T3_test,18,189,24.3,0.1058824360370636,1.3194736962318805
UBFC_PHYS_s04_T3_test,18,190,24.333333333333332,0.29341745376586914,1.1343962594719095
UBFC_PHYS_s04_T3_test,18,191,24.366666666666667,0.4424612820148468,0.9169297578345227
UBFC_PHYS_s04_T3_test,18,192,24.4,0.5554987788200378,0.6839332112825955
UBFC_PHYS_s04_T3_test,18,193,24.433333333333334,0.6122903823852539,0.4448302214401077
UBFC_PHYS_s04_T3_test,18,194,24.466666666666665,0.6167728900909424,0.2040941916680889
UBFC_PHYS_s04_T3_test,18,195,24.5,0.6041731238365173,-0.036061648018384414
UBFC_PHYS_s04_T3_test,18,196,24.533333333333335,0.5907742381095886,-0.27387701969005057
UBFC_PHYS_s04_T3_test,18,197,24.566666666666666,0.5542514324188232,-0.5072741167273486
UBFC_PHYS_s04_T3_test,18,198,24.6,0.489254891872406,-0.7335925728065822
UBFC_PHYS_s04_T3_test,18,199,24.633333333333333,0.4149230122566223,-0.94910874616393
UBFC_PHYS_s04_T3_test,18,200,24.666666666666668,0.32382065057754517,-1.1479058701793348
UBFC_PHYS_s04_T3_test,18,201,24.7,0.1886434108018875,-1.32018393176245
UBFC_PHYS_s04_T3_test,18,202,24.733333333333334,0.02255626954138279,-1.4506219438565897
UBFC_PHYS_s04_T3_test,18,203,24.766666666666666,-0.12388573586940765,-1.517911444358845
UBFC_PHYS_s04_T3_test,18,204,24.8,-0.23165138065814972,-1.496882224375009
UBFC_PHYS_s04_T3_test,18,205,24.833333333333332,-0.33632799983024597,-1.3640980284577422
UBFC_PHYS_s04_T3_test,18,206,24.866666666666667,-0.48424142599105835,-1.1061487737362365
UBFC_PHYS_s04_T3_test,18,207,24.9,-0.6822909116744995,-0.727948926754808
UBFC_PHYS_s04_T3_test,18,208,24.933333333333334,-0.8395981788635254,-0.25740607754308675
UBFC_PHYS_s04_T3_test,18,209,24.966666666666665,-0.7947632074356079,0.2564156357733751
UBFC_PHYS_s04_T3_test,18,210,25.0,-0.48975688219070435,0.7521549765639582
UBFC_PHYS_s04_T3_test,18,211,25.033333333333335,-0.0714304968714714,1.1696400181777153
UBFC_PHYS_s04_T3_test,18,212,25.066666666666666,0.2731194496154785,1.4635238412061287
UBFC_PHYS_s04_T3_test,18,213,25.1,0.499954491853714,1.612366688132256
UBFC_PHYS_s04_T3_test,18,214,25.133333333333333,0.633894145488739,1.6202927533028542
UBFC_PHYS_s04_T3_test,18,215,25.166666666666668,0.6745291948318481,1.5113729205031778
UBFC_PHYS_s04_T3_test,18,216,25.2,0.6160712838172913,1.319659656763273
UBFC_PHYS_s04_T3_test,18,217,25.233333333333334,0.4941467046737671,1.07896557364513
UBFC_PHYS_s04_T3_test,18,218,25.266666666666666,0.36493316292762756,0.8156002741547953
UBFC_PHYS_s04_T3_test,18,219,25.3,0.2569628655910492,0.5453940632004206
UBFC_PHYS_s04_T3_test,18,220,25.333333333333332,0.17667703330516815,0.27475733841117583
UBFC_PHYS_s04_T3_test,18,221,25.366666666666667,0.12120096385478973,0.004636052952586359
UBFC_PHYS_s04_T3_test,18,222,25.4,0.06571514904499054,-0.2641682643370803
UBFC_PHYS_s04_T3_test,18,223,25.433333333333334,-0.00477736396715045,-0.52592891484046
UBFC_PHYS_s04_T3_test,18,224,25.466666666666665,-0.0718884989619255,-0.7666548868852562
UBFC_PHYS_s04_T3_test,18,225,25.5,-0.1322271227836609,-0.9636004427655878
UBFC_PHYS_s04_T3_test,18,226,25.533333333333335,-0.2045906037092209,-1.0881360502814703
UBFC_PHYS_s04_T3_test,18,227,25.566666666666666,-0.2779480218887329,-1.1117427971137672
UBFC_PHYS_s04_T3_test,18,228,25.6,-0.33847180008888245,-1.0140841972648782
UBFC_PHYS_s04_T3_test,18,229,25.633333333333333,-0.41116660833358765,-0.7912134453558022
UBFC_PHYS_s04_T3_test,18,230,25.666666666666668,-0.5317074060440063,-0.46122098705649023
UBFC_PHYS_s04_T3_test,18,231,25.7,-0.669808030128479,-0.06474920775953007
UBFC_PHYS_s04_T3_test,18,232,25.733333333333334,-0.6702855229377747,0.34074249344560237
UBFC_PHYS_s04_T3_test,18,233,25.766666666666666,-0.37556955218315125,0.691835810229603
UBFC_PHYS_s04_T3_test,18,234,25.8,0.11129069328308105,0.9320671361258961
UBFC_PHYS_s04_T3_test,18,235,25.833333333333332,0.5331836342811584,1.0231516033074104
UBFC_PHYS_s04_T3_test,18,236,25.866666666666667,0.7931210994720459,0.9516710038113616
UBFC_PHYS_s04_T3_test,18,237,25.9,0.9369710087776184,0.7301904563764617
UBFC_PHYS_s04_T3_test,18,238,25.933333333333334,0.9940939545631409,0.39352384269877905
UBFC_PHYS_s04_T3_test,18,239,25.966666666666665,0.990780770778656,-0.00798678433071515
UBFC_PHYS_s04_T3_test,19,0,19.0,0.07021716237068176,-0.00827366581788857
UBFC_PHYS_s04_T3_test,19,1,19.033333333333335,-0.01383010670542717,-0.20982358631565345
UBFC_PHYS_s04_T3_test,19,2,19.066666666666666,-0.0936579555273056,-0.40055113795513564
UBFC_PHYS_s04_T3_test,19,3,19.1,-0.2424386739730835,-0.567764158970251
UBFC_PHYS_s04_T3_test,19,4,19.133333333333333,-0.4611856937408447,-0.6930933322948664
UBFC_PHYS_s04_T3_test,19,5,19.166666666666668,-0.5836949348449707,-0.7542769631194591
UBFC_PHYS_s04_T3_test,19,6,19.2,-0.42687490582466125,-0.7301011384090695
UBFC_PHYS_s04_T3_test,19,7,19.233333333333334,-0.03270541876554489,-0.6069922601154503
UBFC_PHYS_s04_T3_test,19,8,19.266666666666666,0.3863128423690796,-0.3849850243327792
UBFC_PHYS_s04_T3_test,19,9,19.3,0.6967858672142029,-0.08080904242059392
UBFC_PHYS_s04_T3_test,19,10,19.333333333333332,0.8839408755302429,0.2731681464322654
UBFC_PHYS_s04_T3_test,19,11,19.366666666666667,0.9323618412017822,0.6339218702470071
UBFC_PHYS_s04_T3_test,19,12,19.4,0.8347988128662109,0.9552209064206647
UBFC_PHYS_s04_T3_test,19,13,19.433333333333334,0.6462892889976501,1.1955967336025741
UBFC_PHYS_s04_T3_test,19,14,19.466666666666665,0.46421125531196594,1.3251420475790445
UBFC_PHYS_s04_T3_test,19,15,19.5,0.3670867085456848,1.3299664181210145
UBFC_PHYS_s04_T3_test,19,16,19.533333333333335,0.3793746829032898,1.2135300837141518
UBFC_PHYS_s04_T3_test,19,17,19.566666666666666,0.47544679045677185,0.9946366512468381
UBFC_PHYS_s04_T3_test,19,18,19.6,0.6174744963645935,0.7027935654407116
UBFC_PHYS_s04_T3_test,19,19,19.633333333333333,0.7429168820381165,0.3723238494615762
UBFC_PHYS_s04_T3_test,19,20,19.666666666666668,0.7952648997306824,0.03650063809913403
UBFC_PHYS_s04_T3_test,19,21,19.7,0.792322039604187,-0.2774723141483429
UBFC_PHYS_s04_T3_test,19,22,19.733333333333334,0.7921661138534546,-0.5519845325286917
UBFC_PHYS_s04_T3_test,19,23,19.766666666666666,0.7687205672264099,-0.7803901997977354
UBFC_PHYS_s04_T3_test,19,24,19.8,0.6187022924423218,-0.9657523510343886
UBFC_PHYS_s04_T3_test,19,25,19.833333333333332,0.3263542354106903,-1.116943293210304
UBFC_PHYS_s04_T3_test,19,26,19.866666666666667,-0.009006524458527565,-1.2427402806552865
UBFC_PHYS_s04_T3_test,19,27,19.9,-0.3139738440513611,-1.3453421947176425
UBFC_PHYS_s04_T3_test,19,28,19.933333333333334,-0.6258891224861145,-1.4154430462063912
UBFC_PHYS_s04_T3_test,19,29,19.966666666666665,-1.0302319526672363,-1.4311947188997514
UBFC_PHYS_s04_T3_test,19,30,20.0,-1.515864372253418,-1.3626418051376217
UBFC_PHYS_s04_T3_test,19,31,20.033333333333335,-1.852852463722229,-1.181381593020531
UBFC_PHYS_s04_T3_test,19,32,20.066666666666666,-1.775431513786316,-0.872780406979504
UBFC_PHYS_s04_T3_test,19,33,20.1,-1.3209624290466309,-0.4462855729319294
UBFC_PHYS_s04_T3_test,19,34,20.133333333333333,-0.808415412902832,0.06063642871478658
UBFC_PHYS_s04_T3_test,19,35,20.166666666666668,-0.4869309365749359,0.5873908882294666
UBFC_PHYS_s04_T3_test,19,36,20.2,-0.37977921962738037,1.0631085793496342
UBFC_PHYS_s04_T3_test,19,37,20.233333333333334,-0.4056608974933624,1.423402622638125
UBFC_PHYS_s04_T3_test,19,38,20.266666666666666,-0.47909629344940186,1.6253725049727021
UBFC_PHYS_s04_T3_test,19,39,20.3,-0.5197215676307678,1.6559789034548862
UBFC_PHYS_s04_T3_test,19,40,20.333333333333332,-0.4749937951564789,1.5317387087535612
UBFC_PHYS_s04_T3_test,19,41,20.366666666666667,-0.34627723693847656,1.2910180844471024
UBFC_PHYS_s04_T3_test,19,42,20.4,-0.1774226278066635,0.9824116694547156
UBFC_PHYS_s04_T3_test,19,43,20.433333333333334,0.001956162042915821,0.6532040019191704
UBFC_PHYS_s04_T3_test,19,44,20.466666666666665,0.18280638754367828,0.3409763801045428
UBFC_PHYS_s04_T3_test,19,45,20.5,0.3225051164627075,0.06970829669220356
UBFC_PHYS_s04_T3_test,19,46,20.533333333333335,0.3638417720794678,-0.1499937864061892
UBFC_PHYS_s04_T3_test,19,47,20.566666666666666,0.33422788977622986,-0.3179733594861836
UBFC_PHYS_s04_T3_test,19,48,20.6,0.2887985110282898,-0.4405031641999074
UBFC_PHYS_s04_T3_test,19,49,20.633333333333333,0.2113775908946991,-0.5263041568437525
UBFC_PHYS_s04_T3_test,19,50,20.666666666666668,0.06222657859325409,-0.5831697354241674
UBFC_PHYS_s04_T3_test,19,51,20.7,-0.1241585910320282,-0.6154686942943738
UBFC_PHYS_s04_T3_test,19,52,20.733333333333334,-0.2845646142959595,-0.6228584459533267
UBFC_PHYS_s04_T3_test,19,53,20.766666666666666,-0.4365513026714325,-0.6006405617433068
UBFC_PHYS_s04_T3_test,19,54,20.8,-0.6551619172096252,-0.5419632813339085
UBFC_PHYS_s04_T3_test,19,55,20.833333333333332,-0.9216867685317993,-0.44143442859173976
UBFC_PHYS_s04_T3_test,19,56,20.866666666666667,-1.0824825763702393,-0.2989442526677928
UBFC_PHYS_s04_T3_test,19,57,20.9,-0.9934850335121155,-0.12221541246040567
UBFC_PHYS_s04_T3_test,19,58,20.933333333333334,-0.6792116165161133,0.07286196668484839
UBFC_PHYS_s04_T3_test,19,59,20.966666666666665,-0.2939194440841675,0.2641025587890087
UBFC_PHYS_s04_T3_test,19,60,21.0,0.049314968287944794,0.42637841875848076
UBFC_PHYS_s04_T3_test,19,61,21.033333333333335,0.3412732481956482,0.5354974656189951
UBFC_PHYS_s04_T3_test,19,62,21.066666666666666,0.5904234647750854,0.571850166856315
UBFC_PHYS_s04_T3_test,19,63,21.1,0.7596094012260437,0.5234584137114875
UBFC_PHYS_s04_T3_test,19,64,21.133333333333333,0.8254634737968445,0.3883416387239878
UBFC_PHYS_s04_T3_test,19,65,21.166666666666668,0.826983630657196,0.17600436235639025
UBFC_PHYS_s04_T3_test,19,66,21.2,0.8224913477897644,-0.09254498171430879
UBFC_PHYS_s04_T3_test,19,67,21.233333333333334,0.830014169216156,-0.3868159905142179
UBFC_PHYS_s04_T3_test,19,68,21.266666666666666,0.8281822204589844,-0.6706790753400984
UBFC_PHYS_s04_T3_test,19,69,21.3,0.7982272505760193,-0.9070065303976416
UBFC_PHYS_s04_T3_test,19,70,21.333333333333332,0.7416208386421204,-1.0621105086406686
UBFC_PHYS_s04_T3_test,19,71,21.366666666666667,0.654036283493042,-1.1096353826052017
UBFC_PHYS_s04_T3_test,19,72,21.4,0.5212951898574829,-1.0341366737066244
UBFC_PHYS_s04_T3_test,19,73,21.433333333333334,0.3516220152378082,-0.8345088378264378
UBFC_PHYS_s04_T3_test,19,74,21.466666666666665,0.18265047669410706,-0.5266513493406799
UBFC_PHYS_s04_T3_test,19,75,21.5,0.03601357713341713,-0.14387085537726702
UBFC_PHYS_s04_T3_test,19,76,21.533333333333335,-0.1163434088230133,0.2666661721779646
UBFC_PHYS_s04_T3_test,19,77,21.566666666666666,-0.3194698095321655,0.6520402163852249
UBFC_PHYS_s04_T3_test,19,78,21.6,-0.5756458640098572,0.9647314199766344
UBFC_PHYS_s04_T3_test,19,79,21.633333333333333,-0.7835568785667419,1.1733245175923592
UBFC_PHYS_s04_T3_test,19,80,21.666666666666668,-0.7738609910011292,1.2687523102051204
UBFC_PHYS_s04_T3_test,19,81,21.7,-0.49648067355155945,1.2635027104083116
UBFC_PHYS_s04_T3_test,19,82,21.733333333333334,-0.10170700401067734,1.1840761937768407
UBFC_PHYS_s04_T3_test,19,83,21.766666666666666,0.2475593239068985,1.0598065270704524
UBFC_PHYS_s04_T3_test,19,84,21.8,0.5150391459465027,0.9124951538222317
UBFC_PHYS_s04_T3_test,19,85,21.833333333333332,0.6977213621139526,0.7506431786847979
UBFC_PHYS_s04_T3_test,19,86,21.866666666666667,0.7870014905929565,0.5698556309890155
UBFC_PHYS_s04_T3_test,19,87,21.9,0.818223237991333,0.35842798797520725
UBFC_PHYS_s04_T3_test,19,88,21.933333333333334,0.8346136212348938,0.1053874206422112
UBFC_PHYS_s04_T3_test,19,89,21.966666666666665,0.8363871574401855,-0.19215487319257177
UBFC_PHYS_s04_T3_test,19,90,22.0,0.8139258623123169,-0.5247026414198682
UBFC_PHYS_s04_T3_test,19,91,22.033333333333335,0.7840781211853027,-0.8700021953986152
UBFC_PHYS_s04_T3_test,19,92,22.066666666666666,0.7553704977035522,-1.1959807195575665
UBFC_PHYS_s04_T3_test,19,93,22.1,0.6950902938842773,-1.4655743990187338
UBFC_PHYS_s04_T3_test,19,94,22.133333333333333,0.5734385848045349,-1.6421738900860803
UBFC_PHYS_s04_T3_test,19,95,22.166666666666668,0.42326441407203674,-1.6950384406499897
UBFC_PHYS_s04_T3_test,19,96,22.2,0.29742249846458435,-1.60445819336356
UBFC_PHYS_s04_T3_test,19,97,22.233333333333334,0.17672574520111084,-1.3663983585387536
UBFC_PHYS_s04_T3_test,19,98,22.266666666666666,0.010404739528894424,-0.995909631289052
UBFC_PHYS_s04_T3_test,19,99,22.3,-0.1705819070339203,-0.5279737923983853
UBFC_PHYS_s04_T3_test,19,100,22.333333333333332,-0.3098713755607605,-0.014191057657589684
UBFC_PHYS_s04_T3_test,19,101,22.366666666666667,-0.43921157717704773,0.48541421260232265
UBFC_PHYS_s04_T3_test,19,102,22.4,-0.6340550780296326,0.9140824360699227
UBFC_PHYS_s04_T3_test,19,103,22.433333333333334,-0.8994982838630676,1.2300271403959875
UBFC_PHYS_s04_T3_test,19,104,22.466666666666665,-1.1205840110778809,1.414106550710789
UBFC_PHYS_s04_T3_test,19,105,22.5,-1.1207691431045532,1.4707596985952343
UBFC_PHYS_s04_T3_test,19,106,22.533333333333335,-0.829736590385437,1.4221955226170548
UBFC_PHYS_s04_T3_test,19,107,22.566666666666666,-0.40685948729515076,1.298537530625398
UBFC_PHYS_s04_T3_test,19,108,22.6,-0.04212845489382744,1.128034386419543
UBFC_PHYS_s04_T3_test,19,109,22.633333333333333,0.21204021573066711,0.9308615942638321
UBFC_PHYS_s04_T3_test,19,110,22.666666666666668,0.40280070900917053,0.7178231069995467
UBFC_PHYS_s04_T3_test,19,111,22.7,0.5604392886161804,0.49289592481093814
UBFC_PHYS_s04_T3_test,19,112,22.733333333333334,0.6788167953491211,0.25739666453679677
UBFC_PHYS_s04_T3_test,19,113,22.766666666666666,0.7509756684303284,0.013648630143528235
UBFC_PHYS_s04_T3_test,19,114,22.8,0.7744017243385315,-0.23318884197289408
UBFC_PHYS_s04_T3_test,19,115,22.833333333333332,0.7510243654251099,-0.4753741762248712
UBFC_PHYS_s04_T3_test,19,116,22.866666666666667,0.7113832831382751,-0.7040897417332685
UBFC_PHYS_s04_T3_test,19,117,22.9,0.6893020272254944,-0.9108102088551078
UBFC_PHYS_s04_T3_test,19,118,22.933333333333334,0.6556733846664429,-1.0874296767136313
UBFC_PHYS_s04_T3_test,19,119,22.966666666666665,0.5577107667922974,-1.225026090743784
UBFC_PHYS_s04_T3_test,19,120,23.0,0.41561487317085266,-1.3122661791447454
UBFC_PHYS_s04_T3_test,19,121,23.033333333333335,0.2891005873680115,-1.334984217518765
UBFC_PHYS_s04_T3_test,19,122,23.066666666666666,0.17042098939418793,-1.2780111809698091
UBFC_PHYS_s04_T3_test,19,123,23.1,0.018970252946019173,-1.1292532734872478
UBFC_PHYS_s04_T3_test,19,124,23.133333333333333,-0.1535678207874298,-0.8849513352462658
UBFC_PHYS_s04_T3_test,19,125,23.166666666666668,-0.3058273494243622,-0.5543254531496251
UBFC_PHYS_s04_T3_test,19,126,23.2,-0.439503937959671,-0.1616032878047744
UBFC_PHYS_s04_T3_test,19,127,23.233333333333334,-0.6072379350662231,0.25603222367267475
UBFC_PHYS_s04_T3_test,19,128,23.266666666666666,-0.849732518196106,0.6547279592534523
UBFC_PHYS_s04_T3_test,19,129,23.3,-1.086302399635315,0.9929165998067332
UBFC_PHYS_s04_T3_test,19,130,23.333333333333332,-1.124910593032837,1.239995363162226
UBFC_PHYS_s04_T3_test,19,131,23.366666666666667,-0.8733437657356262,1.3816108558947993
UBFC_PHYS_s04_T3_test,19,132,23.4,-0.46689602732658386,1.4198268491498118
UBFC_PHYS_s04_T3_test,19,133,23.433333333333334,-0.09911493957042694,1.3686483767620108
UBFC_PHYS_s04_T3_test,19,134,23.466666666666665,0.16793611645698547,1.2471921935060617
UBFC_PHYS_s04_T3_test,19,135,23.5,0.36898690462112427,1.073434808102619
UBFC_PHYS_s04_T3_test,19,136,23.533333333333335,0.5314685702323914,0.8607623321875573
UBFC_PHYS_s04_T3_test,19,137,23.566666666666666,0.6570960879325867,0.6179782266723715
UBFC_PHYS_s04_T3_test,19,138,23.6,0.7359299659729004,0.35180393768349866
UBFC_PHYS_s04_T3_test,19,139,23.633333333333333,0.756793200969696,0.06995406352677205
UBFC_PHYS_s04_T3_test,19,140,23.666666666666668,0.728904128074646,-0.21705366887745678
UBFC_PHYS_s04_T3_test,19,141,23.7,0.6952072381973267,-0.49622731424182864
UBFC_PHYS_s04_T3_test,19,142,23.733333333333334,0.6855601072311401,-0.7541215270098115
UBFC_PHYS_s04_T3_test,19,143,23.766666666666666,0.6652328372001648,-0.9791221486364761
UBFC_PHYS_s04_T3_test,19,144,23.8,0.579441249370575,-1.1624449605962694
UBFC_PHYS_s04_T3_test,19,145,23.833333333333332,0.4331551790237427,-1.2971034760651177
UBFC_PHYS_s04_T3_test,19,146,23.866666666666667,0.2779819965362549,-1.375433943349795
UBFC_PHYS_s04_T3_test,19,147,23.9,0.14593277871608734,-1.386901344779206
UBFC_PHYS_s04_T3_test,19,148,23.933333333333334,0.01619303785264492,-1.318172761764902
UBFC_PHYS_s04_T3_test,19,149,23.966666666666665,-0.14294619858264923,-1.156586326436801
UBFC_PHYS_s04_T3_test,19,150,24.0,-0.3136230409145355,-0.8964423667650427
UBFC_PHYS_s04_T3_test,19,151,24.033333333333335,-0.4602307081222534,-0.5457435945882012
UBFC_PHYS_s04_T3_test,19,152,24.066666666666666,-0.6152772307395935,-0.13005518305521854
UBFC_PHYS_s04_T3_test,19,153,24.1,-0.8376687169075012,0.3091872576084675
UBFC_PHYS_s04_T3_test,19,154,24.133333333333333,-1.0801048278808594,0.7223306551477748
UBFC_PHYS_s04_T3_test,19,155,24.166666666666668,-1.1662276983261108,1.0628160789180938
UBFC_PHYS_s04_T3_test,19,156,24.2,-0.9668237566947937,1.2981192881016987
UBFC_PHYS_s04_T3_test,19,157,24.233333333333334,-0.5646442174911499,1.416277808639076
UBFC_PHYS_s04_T3_test,19,158,24.266666666666666,-0.16939307749271393,1.42564856849412
UBFC_PHYS_s04_T3_test,19,159,24.3,0.1058824360370636,1.348317694038388
UBFC_PHYS_s04_T3_test,19,160,24.333333333333332,0.29341745376586914,1.210315034576267
UBFC_PHYS_s04_T3_test,19,161,24.366666666666667,0.4424612820148468,1.0330224690610028
UBFC_PHYS_s04_T3_test,19,162,24.4,0.5554987788200378,0.8291273578136926
UBFC_PHYS_s04_T3_test,19,163,24.433333333333334,0.6122903823852539,0.603842025580183
UBFC_PHYS_s04_T3_test,19,164,24.466666666666665,0.6167728900909424,0.35941615969143786
UBFC_PHYS_s04_T3_test,19,165,24.5,0.6041731238365173,0.09970645517966759
UBFC_PHYS_s04_T3_test,19,166,24.533333333333335,0.5907742381095886,-0.16765988455776745
UBFC_PHYS_s04_T3_test,19,167,24.566666666666666,0.5542514324188232,-0.4320127069792264
UBFC_PHYS_s04_T3_test,19,168,24.6,0.489254891872406,-0.6819574832458922
UBFC_PHYS_s04_T3_test,19,169,24.633333333333333,0.4149230122566223,-0.9073361524559019
UBFC_PHYS_s04_T3_test,19,170,24.666666666666668,0.32382065057754517,-1.0995193072666187
UBFC_PHYS_s04_T3_test,19,171,24.7,0.1886434108018875,-1.2499629377070898
UBFC_PHYS_s04_T3_test,19,172,24.733333333333334,0.02255626954138279,-1.347998056699857
UBFC_PHYS_s04_T3_test,19,173,24.766666666666666,-0.12388573586940765,-1.3793957724396582
UBFC_PHYS_s04_T3_test,19,174,24.8,-0.23165138065814972,-1.3273029801988672
UBFC_PHYS_s04_T3_test,19,175,24.833333333333332,-0.33632799983024597,-1.1763831599113028
UBFC_PHYS_s04_T3_test,19,176,24.866666666666667,-0.48424142599105835,-0.9194331299588812
UBFC_PHYS_s04_T3_test,19,177,24.9,-0.6822909116744995,-0.5641555294616452
UBFC_PHYS_s04_T3_test,19,178,24.933333333333334,-0.8395981788635254,-0.13707319344250743
UBFC_PHYS_s04_T3_test,19,179,24.966666666666665,-0.7947632074356079,0.31784678546398093
UBFC_PHYS_s04_T3_test,19,180,25.0,-0.48975688219070435,0.7465647276719084
UBFC_PHYS_s04_T3_test,19,181,25.033333333333335,-0.0714304968714714,1.0966442925147462
UBFC_PHYS_s04_T3_test,19,182,25.066666666666666,0.2731194496154785,1.3293969972865636
UBFC_PHYS_s04_T3_test,19,183,25.1,0.499954491853714,1.4280755210410352
UBFC_PHYS_s04_T3_test,19,184,25.133333333333333,0.633894145488739,1.3992958233321586
UBFC_PHYS_s04_T3_test,19,185,25.166666666666668,0.6745291948318481,1.2677067297228097
UBFC_PHYS_s04_T3_test,19,186,25.2,0.6160712838172913,1.0664534921300517
UBFC_PHYS_s04_T3_test,19,187,25.233333333333334,0.4941467046737671,0.8271884485856412
UBFC_PHYS_s04_T3_test,19,188,25.266666666666666,0.36493316292762756,0.5729830575909362
UBFC_PHYS_s04_T3_test,19,189,25.3,0.2569628655910492,0.31588364709506983
UBFC_PHYS_s04_T3_test,19,190,25.333333333333332,0.17667703330516815,0.05884860464585245
UBFC_PHYS_s04_T3_test,19,191,25.366666666666667,0.12120096385478973,-0.1996777869178575
UBFC_PHYS_s04_T3_test,19,192,25.4,0.06571514904499054,-0.46069448723560497
UBFC_PHYS_s04_T3_test,19,193,25.433333333333334,-0.00477736396715045,-0.7206185970150302
UBFC_PHYS_s04_T3_test,19,194,25.466666666666665,-0.0718884989619255,-0.9688547720220084
UBFC_PHYS_s04_T3_test,19,195,25.5,-0.1322271227836609,-1.1868943861032781
UBFC_PHYS_s04_T3_test,19,196,25.533333333333335,-0.2045906037092209,-1.3490105859245067
UBFC_PHYS_s04_T3_test,19,197,25.566666666666666,-0.2779480218887329,-1.4250274138160457
UBFC_PHYS_s04_T3_test,19,198,25.6,-0.33847180008888245,-1.3856189406328305
UBFC_PHYS_s04_T3_test,19,199,25.633333333333333,-0.41116660833358765,-1.2098506159248874
UBFC_PHYS_s04_T3_test,19,200,25.666666666666668,-0.5317074060440063,-0.8934280223158934
UBFC_PHYS_s04_T3_test,19,201,25.7,-0.669808030128479,-0.4549760787566272
UBFC_PHYS_s04_T3_test,19,202,25.733333333333334,-0.6702855229377747,0.06262495275043642
UBFC_PHYS_s04_T3_test,19,203,25.766666666666666,-0.37556955218315125,0.5977457912993711
UBFC_PHYS_s04_T3_test,19,204,25.8,0.11129069328308105,1.0818880844831886
UBFC_PHYS_s04_T3_test,19,205,25.833333333333332,0.5331836342811584,1.4547137126934917
UBFC_PHYS_s04_T3_test,19,206,25.866666666666667,0.7931210994720459,1.6772069650292751
UBFC_PHYS_s04_T3_test,19,207,25.9,0.9369710087776184,1.738338444558493
UBFC_PHYS_s04_T3_test,19,208,25.933333333333334,0.9940939545631409,1.6533028505570653
UBFC_PHYS_s04_T3_test,19,209,25.966666666666665,0.990780770778656,1.4548730788863873
UBFC_PHYS_s04_T3_test,19,210,26.0,0.9536635279655457,1.1817426935689748
UBFC_PHYS_s04_T3_test,19,211,26.033333333333335,0.8494449257850647,0.8680879409241054
UBFC_PHYS_s04_T3_test,19,212,26.066666666666666,0.667474091053009,0.53724734104413
UBFC_PHYS_s04_T3_test,19,213,26.1,0.48472365736961365,0.20044209303492608
UBFC_PHYS_s04_T3_test,19,214,26.133333333333333,0.37307965755462646,-0.14014428267458187
UBFC_PHYS_s04_T3_test,19,215,26.166666666666668,0.31159114837646484,-0.485580244791124
UBFC_PHYS_s04_T3_test,19,216,26.2,0.22968770563602448,-0.8337853214900236
UBFC_PHYS_s04_T3_test,19,217,26.233333333333334,0.10271543264389038,-1.1744597988349912
UBFC_PHYS_s04_T3_test,19,218,26.266666666666666,-0.039555877447128296,-1.486640378490669
UBFC_PHYS_s04_T3_test,19,219,26.3,-0.18046294152736664,-1.7395022045717246
UBFC_PHYS_s04_T3_test,19,220,26.333333333333332,-0.3230265974998474,-1.8966301902254903
UBFC_PHYS_s04_T3_test,19,221,26.366666666666667,-0.4495701193809509,-1.9235074387213689
UBFC_PHYS_s04_T3_test,19,222,26.4,-0.5533112287521362,-1.7970110869176021
UBFC_PHYS_s04_T3_test,19,223,26.433333333333334,-0.6735695004463196,-1.5144544375171314
UBFC_PHYS_s04_T3_test,19,224,26.466666666666665,-0.860315203666687,-1.0988657934019121
UBFC_PHYS_s04_T3_test,19,225,26.5,-1.1138992309570312,-0.5976237219256053
UBFC_PHYS_s04_T3_test,19,226,26.533333333333335,-1.3075635433197021,-0.07365159547960821
UBFC_PHYS_s04_T3_test,19,227,26.566666666666666,-1.2393512725830078,0.40857155798438033
UBFC_PHYS_s04_T3_test,19,228,26.6,-0.871199905872345,0.7973934823097715
UBFC_PHYS_s04_T3_test,19,229,26.633333333333333,-0.40017467737197876,1.063686698764485
UBFC_PHYS_s04_T3_test,19,230,26.666666666666668,-0.01787411980330944,1.2032181655011844
UBFC_PHYS_s04_T3_test,19,231,26.7,0.2537471652030945,1.2323496630552153
UBFC_PHYS_s04_T3_test,19,232,26.733333333333334,0.4560452699661255,1.1797673396421497
UBFC_PHYS_s04_T3_test,19,233,26.766666666666666,0.5979365706443787,1.0773918696381586
UBFC_PHYS_s04_T3_test,19,234,26.8,0.6805611252784729,0.9530902788373481
UBFC_PHYS_s04_T3_test,19,235,26.833333333333332,0.7076608538627625,0.8266257433324183
UBFC_PHYS_s04_T3_test,19,236,26.866666666666667,0.6839230060577393,0.7087865697091129
UBFC_PHYS_s04_T3_test,19,237,26.9,0.6378797292709351,0.6025509467096213
UBFC_PHYS_s04_T3_test,19,238,26.933333333333334,0.6005870699882507,0.5050065238985939
UBFC_PHYS_s04_T3_test,19,239,26.966666666666665,0.5611993670463562,0.40940141418092113
UBFC_PHYS_s04_T3_test,20,0,20.0,-1.515864372253418,-0.0608678424970699
UBFC_PHYS_s04_T3_test,20,1,20.033333333333335,-1.852852463722229,-0.005312405888055083
UBFC_PHYS_s04_T3_test,20,2,20.066666666666666,-1.775431513786316,0.05996937926776033
UBFC_PHYS_s04_T3_test,20,3,20.1,-1.3209624290466309,0.14048838604247127
UBFC_PHYS_s04_T3_test,20,4,20.133333333333333,-0.808415412902832,0.23552905973921373
UBFC_PHYS_s04_T3_test,20,5,20.166666666666668,-0.4869309365749359,0.3369533973670007
UBFC_PHYS_s04_T3_test,20,6,20.2,-0.37977921962738037,0.430000521275774
UBFC_PHYS_s04_T3_test,20,7,20.233333333333334,-0.4056608974933624,0.4964026120105867
UBFC_PHYS_s04_T3_test,20,8,20.266666666666666,-0.47909629344940186,0.5192378861293547
UBFC_PHYS_s04_T3_test,20,9,20.3,-0.5197215676307678,0.487968613027789
UBFC_PHYS_s04_T3_test,20,10,20.333333333333332,-0.4749937951564789,0.40193235348187184
UBFC_PHYS_s04_T3_test,20,11,20.366666666666667,-0.34627723693847656,0.2711811583280184
UBFC_PHYS_s04_T3_test,20,12,20.4,-0.1774226278066635,0.11452571158766321
UBFC_PHYS_s04_T3_test,20,13,20.433333333333334,0.001956162042915821,-0.044482816724689477
UBFC_PHYS_s04_T3_test,20,14,20.466666666666665,0.18280638754367828,-0.18239049332769186
UBFC_PHYS_s04_T3_test,20,15,20.5,0.3225051164627075,-0.2802210615389972
UBFC_PHYS_s04_T3_test,20,16,20.533333333333335,0.3638417720794678,-0.32648727074187617
UBFC_PHYS_s04_T3_test,20,17,20.566666666666666,0.33422788977622986,-0.3184485097557818
UBFC_PHYS_s04_T3_test,20,18,20.6,0.2887985110282898,-0.2616659180888977
UBFC_PHYS_s04_T3_test,20,19,20.633333333333333,0.2113775908946991,-0.16811060181763976
UBFC_PHYS_s04_T3_test,20,20,20.666666666666668,0.06222657859325409,-0.05314466344754231
UBFC_PHYS_s04_T3_test,20,21,20.7,-0.1241585910320282,0.0680417287376349
UBFC_PHYS_s04_T3_test,20,22,20.733333333333334,-0.2845646142959595,0.18344465543068766
UBFC_PHYS_s04_T3_test,20,23,20.766666666666666,-0.4365513026714325,0.285516894474796
UBFC_PHYS_s04_T3_test,20,24,20.8,-0.6551619172096252,0.37028878677730936
UBFC_PHYS_s04_T3_test,20,25,20.833333333333332,-0.9216867685317993,0.435109202574285
UBFC_PHYS_s04_T3_test,20,26,20.866666666666667,-1.0824825763702393,0.47648352686461
UBFC_PHYS_s04_T3_test,20,27,20.9,-0.9934850335121155,0.4893094633194141
UBFC_PHYS_s04_T3_test,20,28,20.933333333333334,-0.6792116165161133,0.46788715605303705
UBFC_PHYS_s04_T3_test,20,29,20.966666666666665,-0.2939194440841675,0.4080106476310495
UBFC_PHYS_s04_T3_test,20,30,21.0,0.049314968287944794,0.30889987649484935
UBFC_PHYS_s04_T3_test,20,31,21.033333333333335,0.3412732481956482,0.17401585157136207
UBFC_PHYS_s04_T3_test,20,32,21.066666666666666,0.5904234647750854,0.010657304499141934
UBFC_PHYS_s04_T3_test,20,33,21.1,0.7596094012260437,-0.17116385108585358
UBFC_PHYS_s04_T3_test,20,34,21.133333333333333,0.8254634737968445,-0.3602022987560601
UBFC_PHYS_s04_T3_test,20,35,21.166666666666668,0.826983630657196,-0.545666247052699
UBFC_PHYS_s04_T3_test,20,36,21.2,0.8224913477897644,-0.7186314892764908
UBFC_PHYS_s04_T3_test,20,37,21.233333333333334,0.830014169216156,-0.8723028473330049
UBFC_PHYS_s04_T3_test,20,38,21.266666666666666,0.8281822204589844,-1.0005370008599646
UBFC_PHYS_s04_T3_test,20,39,21.3,0.7982272505760193,-1.0950862059819655
UBFC_PHYS_s04_T3_test,20,40,21.333333333333332,0.7416208386421204,-1.1432121138880276
UBFC_PHYS_s04_T3_test,20,41,21.366666666666667,0.654036283493042,-1.1276895755820568
UBFC_PHYS_s04_T3_test,20,42,21.4,0.5212951898574829,-1.0302482620798332
UBFC_PHYS_s04_T3_test,20,43,21.433333333333334,0.3516220152378082,-0.8377549103609967
UBFC_PHYS_s04_T3_test,20,44,21.466666666666665,0.18265047669410706,-0.5489492947323782
UBFC_PHYS_s04_T3_test,20,45,21.5,0.03601357713341713,-0.17900507477421762
UBFC_PHYS_s04_T3_test,20,46,21.533333333333335,-0.1163434088230133,0.2402062069202407
UBFC_PHYS_s04_T3_test,20,47,21.566666666666666,-0.3194698095321655,0.6648068713995556
UBFC_PHYS_s04_T3_test,20,48,21.6,-0.5756458640098572,1.0474757002945405
UBFC_PHYS_s04_T3_test,20,49,21.633333333333333,-0.7835568785667419,1.3473635425954351
UBFC_PHYS_s04_T3_test,20,50,21.666666666666668,-0.7738609910011292,1.53821905329564
UBFC_PHYS_s04_T3_test,20,51,21.7,-0.49648067355155945,1.612067321865076
UBFC_PHYS_s04_T3_test,20,52,21.733333333333334,-0.10170700401067734,1.5773376996602115
UBFC_PHYS_s04_T3_test,20,53,21.766666666666666,0.2475593239068985,1.4524719034714844
UBFC_PHYS_s04_T3_test,20,54,21.8,0.5150391459465027,1.25791132240118
UBFC_PHYS_s04_T3_test,20,55,21.833333333333332,0.6977213621139526,1.0099622262269652
UBFC_PHYS_s04_T3_test,20,56,21.866666666666667,0.7870014905929565,0.7188998000750193
UBFC_PHYS_s04_T3_test,20,57,21.9,0.818223237991333,0.39140601975519396
UBFC_PHYS_s04_T3_test,20,58,21.933333333333334,0.8346136212348938,0.035270626166112394
UBFC_PHYS_s04_T3_test,20,59,21.966666666666665,0.8363871574401855,-0.3365942113586623
UBFC_PHYS_s04_T3_test,20,60,22.0,0.8139258623123169,-0.7049111946146134
UBFC_PHYS_s04_T3_test,20,61,22.033333333333335,0.7840781211853027,-1.0457670197848574
UBFC_PHYS_s04_T3_test,20,62,22.066666666666666,0.7553704977035522,-1.3338796640010118
UBFC_PHYS_s04_T3_test,20,63,22.1,0.6950902938842773,-1.545616644882705
UBFC_PHYS_s04_T3_test,20,64,22.133333333333333,0.5734385848045349,-1.661000729899445
UBFC_PHYS_s04_T3_test,20,65,22.166666666666668,0.42326441407203674,-1.6651780974467343
UBFC_PHYS_s04_T3_test,20,66,22.2,0.29742249846458435,-1.5501326914439426
UBFC_PHYS_s04_T3_test,20,67,22.233333333333334,0.17672574520111084,-1.3169241254103374
UBFC_PHYS_s04_T3_test,20,68,22.266666666666666,0.010404739528894424,-0.9780425726272015
UBFC_PHYS_s04_T3_test,20,69,22.3,-0.1705819070339203,-0.5588461848411932
UBFC_PHYS_s04_T3_test,20,70,22.333333333333332,-0.3098713755607605,-0.0966624643243115
UBFC_PHYS_s04_T3_test,20,71,22.366666666666667,-0.43921157717704773,0.3634890702965391
UBFC_PHYS_s04_T3_test,20,72,22.4,-0.6340550780296326,0.7762553883240996
UBFC_PHYS_s04_T3_test,20,73,22.433333333333334,-0.8994982838630676,1.1044549032339792
UBFC_PHYS_s04_T3_test,20,74,22.466666666666665,-1.1205840110778809,1.3258428886049702
UBFC_PHYS_s04_T3_test,20,75,22.5,-1.1207691431045532,1.435589134081138
UBFC_PHYS_s04_T3_test,20,76,22.533333333333335,-0.829736590385437,1.4435545427216427
UBFC_PHYS_s04_T3_test,20,77,22.566666666666666,-0.40685948729515076,1.3677512486128764
UBFC_PHYS_s04_T3_test,20,78,22.6,-0.04212845489382744,1.227188781099917
UBFC_PHYS_s04_T3_test,20,79,22.633333333333333,0.21204021573066711,1.0373255821798386
UBFC_PHYS_s04_T3_test,20,80,22.666666666666668,0.40280070900917053,0.8093213005839752
UBFC_PHYS_s04_T3_test,20,81,22.7,0.5604392886161804,0.5519503859490034
UBFC_PHYS_s04_T3_test,20,82,22.733333333333334,0.6788167953491211,0.2741514909566548
UBFC_PHYS_s04_T3_test,20,83,22.766666666666666,0.7509756684303284,-0.013376221775715489
UBFC_PHYS_s04_T3_test,20,84,22.8,0.7744017243385315,-0.2982726888332539
UBFC_PHYS_s04_T3_test,20,85,22.833333333333332,0.7510243654251099,-0.5681281243063179
UBFC_PHYS_s04_T3_test,20,86,22.866666666666667,0.7113832831382751,-0.8125439824454838
UBFC_PHYS_s04_T3_test,20,87,22.9,0.6893020272254944,-1.0241910838511352
UBFC_PHYS_s04_T3_test,20,88,22.933333333333334,0.6556733846664429,-1.1978666156163054
UBFC_PHYS_s04_T3_test,20,89,22.966666666666665,0.5577107667922974,-1.3277338751161645
UBFC_PHYS_s04_T3_test,20,90,23.0,0.41561487317085266,-1.4042554425112277
UBFC_PHYS_s04_T3_test,20,91,23.033333333333335,0.2891005873680115,-1.4129307781059917
UBFC_PHYS_s04_T3_test,20,92,23.066666666666666,0.17042098939418793,-1.336320671880261
UBFC_PHYS_s04_T3_test,20,93,23.1,0.018970252946019173,-1.1593929452241194
UBFC_PHYS_s04_T3_test,20,94,23.133333333333333,-0.1535678207874298,-0.8767075827519829
UBFC_PHYS_s04_T3_test,20,95,23.166666666666668,-0.3058273494243622,-0.49880759784510204
UBFC_PHYS_s04_T3_test,20,96,23.2,-0.439503937959671,-0.0547969509517007
UBFC_PHYS_s04_T3_test,20,97,23.233333333333334,-0.6072379350662231,0.4108994160638135
UBFC_PHYS_s04_T3_test,20,98,23.266666666666666,-0.849732518196106,0.8471834787331184
UBFC_PHYS_s04_T3_test,20,99,23.3,-1.086302399635315,1.2074243785417276
UBFC_PHYS_s04_T3_test,20,100,23.333333333333332,-1.124910593032837,1.4590770896571668
UBFC_PHYS_s04_T3_test,20,101,23.366666666666667,-0.8733437657356262,1.588542089244861
UBFC_PHYS_s04_T3_test,20,102,23.4,-0.46689602732658386,1.6001739502483847
UBFC_PHYS_s04_T3_test,20,103,23.433333333333334,-0.09911493957042694,1.5107410686483196
UBFC_PHYS_s04_T3_test,20,104,23.466666666666665,0.16793611645698547,1.3421628973703683
UBFC_PHYS_s04_T3_test,20,105,23.5,0.36898690462112427,1.1154691839675028
UBFC_PHYS_s04_T3_test,20,106,23.533333333333335,0.5314685702323914,0.8477811760770217
UBFC_PHYS_s04_T3_test,20,107,23.566666666666666,0.6570960879325867,0.5524242507832534
UBFC_PHYS_s04_T3_test,20,108,23.6,0.7359299659729004,0.24090212317522458
UBFC_PHYS_s04_T3_test,20,109,23.633333333333333,0.756793200969696,-0.07504939063071087
UBFC_PHYS_s04_T3_test,20,110,23.666666666666668,0.728904128074646,-0.38267211178891636
UBFC_PHYS_s04_T3_test,20,111,23.7,0.6952072381973267,-0.6690142799542951
UBFC_PHYS_s04_T3_test,20,112,23.733333333333334,0.6855601072311401,-0.9227549305662586
UBFC_PHYS_s04_T3_test,20,113,23.766666666666666,0.6652328372001648,-1.1357898899421008
UBFC_PHYS_s04_T3_test,20,114,23.8,0.579441249370575,-1.303314926162279
UBFC_PHYS_s04_T3_test,20,115,23.833333333333332,0.4331551790237427,-1.4218412720312477
UBFC_PHYS_s04_T3_test,20,116,23.866666666666667,0.2779819965362549,-1.4858446454585315
UBFC_PHYS_s04_T3_test,20,117,23.9,0.14593277871608734,-1.4849363474412829
UBFC_PHYS_s04_T3_test,20,118,23.933333333333334,0.01619303785264492,-1.403797620139098
UBFC_PHYS_s04_T3_test,20,119,23.966666666666665,-0.14294619858264923,-1.2262078137121513
UBFC_PHYS_s04_T3_test,20,120,24.0,-0.3136230409145355,-0.9425319812952098
UBFC_PHYS_s04_T3_test,20,121,24.033333333333335,-0.4602307081222534,-0.5579718936420033
UBFC_PHYS_s04_T3_test,20,122,24.066666666666666,-0.6152772307395935,-0.09784894983909116
UBFC_PHYS_s04_T3_test,20,123,24.1,-0.8376687169075012,0.3931989170092669
UBFC_PHYS_s04_T3_test,20,124,24.133333333333333,-1.0801048278808594,0.859037804913268
UBFC_PHYS_s04_T3_test,20,125,24.166666666666668,-1.1662276983261108,1.2448401641185565
UBFC_PHYS_s04_T3_test,20,126,24.2,-0.9668237566947937,1.5103653502852497
UBFC_PHYS_s04_T3_test,20,127,24.233333333333334,-0.5646442174911499,1.6386120749652533
UBFC_PHYS_s04_T3_test,20,128,24.266666666666666,-0.16939307749271393,1.636598988589962
UBFC_PHYS_s04_T3_test,20,129,24.3,0.1058824360370636,1.5285330379782687
UBFC_PHYS_s04_T3_test,20,130,24.333333333333332,0.29341745376586914,1.3450104236022833
UBFC_PHYS_s04_T3_test,20,131,24.366666666666667,0.4424612820148468,1.1132690628399158
UBFC_PHYS_s04_T3_test,20,132,24.4,0.5554987788200378,0.8521127659903817
UBFC_PHYS_s04_T3_test,20,133,24.433333333333334,0.6122903823852539,0.5722148605892299
UBFC_PHYS_s04_T3_test,20,134,24.466666666666665,0.6167728900909424,0.27999249113106167
UBFC_PHYS_s04_T3_test,20,135,24.5,0.6041731238365173,-0.017858376414732015
UBFC_PHYS_s04_T3_test,20,136,24.533333333333335,0.5907742381095886,-0.3116564407909054
UBFC_PHYS_s04_T3_test,20,137,24.566666666666666,0.5542514324188232,-0.5889010608817896
UBFC_PHYS_s04_T3_test,20,138,24.6,0.489254891872406,-0.8366949566099515
UBFC_PHYS_s04_T3_test,20,139,24.633333333333333,0.4149230122566223,-1.0447145592688756
UBFC_PHYS_s04_T3_test,20,140,24.666666666666668,0.32382065057754517,-1.206919948045224
UBFC_PHYS_s04_T3_test,20,141,24.7,0.1886434108018875,-1.3209672395778742
UBFC_PHYS_s04_T3_test,20,142,24.733333333333334,0.02255626954138279,-1.385476659367906
UBFC_PHYS_s04_T3_test,20,143,24.766666666666666,-0.12388573586940765,-1.3964438098328202
UBFC_PHYS_s04_T3_test,20,144,24.8,-0.23165138065814972,-1.3447488295627847
UBFC_PHYS_s04_T3_test,20,145,24.833333333333332,-0.33632799983024597,-1.2166336503113913
UBFC_PHYS_s04_T3_test,20,146,24.866666666666667,-0.48424142599105835,-0.9980809016898736
UBFC_PHYS_s04_T3_test,20,147,24.9,-0.6822909116744995,-0.6823689245175407
UBFC_PHYS_s04_T3_test,20,148,24.933333333333334,-0.8395981788635254,-0.2782039365468196
UBFC_PHYS_s04_T3_test,20,149,24.966666666666665,-0.7947632074356079,0.18534548618304877
UBFC_PHYS_s04_T3_test,20,150,25.0,-0.48975688219070435,0.6604622748594842
UBFC_PHYS_s04_T3_test,20,151,25.033333333333335,-0.0714304968714714,1.0896692047894032
UBFC_PHYS_s04_T3_test,20,152,25.066666666666666,0.2731194496154785,1.4196714032084068
UBFC_PHYS_s04_T3_test,20,153,25.1,0.499954491853714,1.6145945322220592
UBFC_PHYS_s04_T3_test,20,154,25.133333333333333,0.633894145488739,1.6634691120488885
UBFC_PHYS_s04_T3_test,20,155,25.166666666666668,0.6745291948318481,1.5795619137946775
UBFC_PHYS_s04_T3_test,20,156,25.2,0.6160712838172913,1.3927556160150107
UBFC_PHYS_s04_T3_test,20,157,25.233333333333334,0.4941467046737671,1.138756435137754
UBFC_PHYS_s04_T3_test,20,158,25.266666666666666,0.36493316292762756,0.8493712279290542
UBFC_PHYS_s04_T3_test,20,159,25.3,0.2569628655910492,0.5467773498765488
UBFC_PHYS_s04_T3_test,20,160,25.333333333333332,0.17667703330516815,0.242667648669979
UBFC_PHYS_s04_T3_test,20,161,25.366666666666667,0.12120096385478973,-0.05872179608210716
UBFC_PHYS_s04_T3_test,20,162,25.4,0.06571514904499054,-0.3558138315201033
UBFC_PHYS_s04_T3_test,20,163,25.433333333333334,-0.00477736396715045,-0.6452971458799183
UBFC_PHYS_s04_T3_test,20,164,25.466666666666665,-0.0718884989619255,-0.9194592253610322
UBFC_PHYS_s04_T3_test,20,165,25.5,-0.1322271227836609,-1.1654283797883307
UBFC_PHYS_s04_T3_test,20,166,25.533333333333335,-0.2045906037092209,-1.3657687090299213
UBFC_PHYS_s04_T3_test,20,167,25.566666666666666,-0.2779480218887329,-1.4998403253702006
UBFC_PHYS_s04_T3_test,20,168,25.6,-0.33847180008888245,-1.5458484398852024
UBFC_PHYS_s04_T3_test,20,169,25.633333333333333,-0.41116660833358765,-1.4839991235740921
UBFC_PHYS_s04_T3_test,20,170,25.666666666666668,-0.5317074060440063,-1.3011007080479187
UBFC_PHYS_s04_T3_test,20,171,25.7,-0.669808030128479,-0.9961439144200751
UBFC_PHYS_s04_T3_test,20,172,25.733333333333334,-0.6702855229377747,-0.5852188012844155
UBFC_PHYS_s04_T3_test,20,173,25.766666666666666,-0.37556955218315125,-0.10336601982970962
UBFC_PHYS_s04_T3_test,20,174,25.8,0.11129069328308105,0.3986486869675379
UBFC_PHYS_s04_T3_test,20,175,25.833333333333332,0.5331836342811584,0.8629108491680031
UBFC_PHYS_s04_T3_test,20,176,25.866666666666667,0.7931210994720459,1.2361070231130407
UBFC_PHYS_s04_T3_test,20,177,25.9,0.9369710087776184,1.4805499248005518
UBFC_PHYS_s04_T3_test,20,178,25.933333333333334,0.9940939545631409,1.580739640300064
UBFC_PHYS_s04_T3_test,20,179,25.966666666666665,0.990780770778656,1.5435685600195475
UBFC_PHYS_s04_T3_test,20,180,26.0,0.9536635279655457,1.392769804984191
UBFC_PHYS_s04_T3_test,20,181,26.033333333333335,0.8494449257850647,1.160197015005682
UBFC_PHYS_s04_T3_test,20,182,26.066666666666666,0.667474091053009,0.8772355488285574
UBFC_PHYS_s04_T3_test,20,183,26.1,0.48472365736961365,0.5690244271094265
UBFC_PHYS_s04_T3_test,20,184,26.133333333333333,0.37307965755462646,0.25267524379093415
UBFC_PHYS_s04_T3_test,20,185,26.166666666666668,0.31159114837646484,-0.061031450695375376
UBFC_PHYS_s04_T3_test,20,186,26.2,0.22968770563602448,-0.36422863386901483
UBFC_PHYS_s04_T3_test,20,187,26.233333333333334,0.10271543264389038,-0.6488056037775379
UBFC_PHYS_s04_T3_test,20,188,26.266666666666666,-0.039555877447128296,-0.9046740684638025
UBFC_PHYS_s04_T3_test,20,189,26.3,-0.18046294152736664,-1.1194510301259823
UBFC_PHYS_s04_T3_test,20,190,26.333333333333332,-0.3230265974998474,-1.2788674713511534
UBFC_PHYS_s04_T3_test,20,191,26.366666666666667,-0.4495701193809509,-1.3673768864195945
UBFC_PHYS_s04_T3_test,20,192,26.4,-0.5533112287521362,-1.369191949970894
UBFC_PHYS_s04_T3_test,20,193,26.433333333333334,-0.6735695004463196,-1.2705235679452487
UBFC_PHYS_s04_T3_test,20,194,26.466666666666665,-0.860315203666687,-1.0634945587054359
UBFC_PHYS_s04_T3_test,20,195,26.5,-1.1138992309570312,-0.7512019416520823
UBFC_PHYS_s04_T3_test,20,196,26.533333333333335,-1.3075635433197021,-0.3522892040612074
UBFC_PHYS_s04_T3_test,20,197,26.566666666666666,-1.2393512725830078,0.09734107854480888
UBFC_PHYS_s04_T3_test,20,198,26.6,-0.871199905872345,0.5478840922058924
UBFC_PHYS_s04_T3_test,20,199,26.633333333333333,-0.40017467737197876,0.944651174629304
UBFC_PHYS_s04_T3_test,20,200,26.666666666666668,-0.01787411980330944,1.2405394663322893
UBFC_PHYS_s04_T3_test,20,201,26.7,0.2537471652030945,1.4074819853356308
UBFC_PHYS_s04_T3_test,20,202,26.733333333333334,0.4560452699661255,1.4423437494694002
UBFC_PHYS_s04_T3_test,20,203,26.766666666666666,0.5979365706443787,1.364892900165404
UBFC_PHYS_s04_T3_test,20,204,26.8,0.6805611252784729,1.208726571700902
UBFC_PHYS_s04_T3_test,20,205,26.833333333333332,0.7076608538627625,1.008885236716649
UBFC_PHYS_s04_T3_test,20,206,26.866666666666667,0.6839230060577393,0.7910775545728874
UBFC_PHYS_s04_T3_test,20,207,26.9,0.6378797292709351,0.566398036745768
UBFC_PHYS_s04_T3_test,20,208,26.933333333333334,0.6005870699882507,0.33266752925923176
UBFC_PHYS_s04_T3_test,20,209,26.966666666666665,0.5611993670463562,0.08070809424098319
UBFC_PHYS_s04_T3_test,20,210,27.0,0.48212185502052307,-0.19753072276456457
UBFC_PHYS_s04_T3_test,20,211,27.033333333333335,0.3444110155105591,-0.5019063288365455
UBFC_PHYS_s04_T3_test,20,212,27.066666666666666,0.16693241894245148,-0.8199462686807572
UBFC_PHYS_s04_T3_test,20,213,27.1,-0.02385731227695942,-1.1263370588037331
UBFC_PHYS_s04_T3_test,20,214,27.133333333333333,-0.22319306433200836,-1.385902049691656
UBFC_PHYS_s04_T3_test,20,215,27.166666666666668,-0.4497552514076233,-1.5594562242364398
UBFC_PHYS_s04_T3_test,20,216,27.2,-0.705414891242981,-1.6115907606827469
UBFC_PHYS_s04_T3_test,20,217,27.233333333333334,-0.9582582712173462,-1.5190847567090207
UBFC_PHYS_s04_T3_test,20,218,27.266666666666666,-1.199885606765747,-1.2782589987712427
UBFC_PHYS_s04_T3_test,20,219,27.3,-1.4757555723190308,-0.90933606406316
UBFC_PHYS_s04_T3_test,20,220,27.333333333333332,-1.7875441312789917,-0.45601071609737925
UBFC_PHYS_s04_T3_test,20,221,27.366666666666667,-2.0027928352355957,0.02081998038789316
UBFC_PHYS_s04_T3_test,20,222,27.4,-1.9492851495742798,0.4547494588313363
UBFC_PHYS_s04_T3_test,20,223,27.433333333333334,-1.6097731590270996,0.7884263790869721
UBFC_PHYS_s04_T3_test,20,224,27.466666666666665,-1.1451599597930908,0.9864312042424377
UBFC_PHYS_s04_T3_test,20,225,27.5,-0.7126648426055908,1.0417794924462105
UBFC_PHYS_s04_T3_test,20,226,27.533333333333335,-0.35634341835975647,0.9739708620975187
UBFC_PHYS_s04_T3_test,20,227,27.566666666666666,-0.06570067256689072,0.8201499360812207
UBFC_PHYS_s04_T3_test,20,228,27.6,0.1556384116411209,0.6233158766984995
UBFC_PHYS_s04_T3_test,20,229,27.633333333333333,0.3023727536201477,0.4217703174300323
UBFC_PHYS_s04_T3_test,20,230,27.666666666666668,0.37610048055648804,0.24256348339078818
UBFC_PHYS_s04_T3_test,20,231,27.7,0.39605745673179626,0.0996483408561781
UBFC_PHYS_s04_T3_test,20,232,27.733333333333334,0.40124157071113586,-0.0041793633907720755
UBFC_PHYS_s04_T3_test,20,233,27.766666666666666,0.4076535403728485,-0.07324147046478686
UBFC_PHYS_s04_T3_test,20,234,27.8,0.37617844343185425,-0.11452140403395107
UBFC_PHYS_s04_T3_test,20,235,27.833333333333332,0.26842254400253296,-0.1341185538093544
UBFC_PHYS_s04_T3_test,20,236,27.866666666666667,0.11414586007595062,-0.1355189076088585
UBFC_PHYS_s04_T3_test,20,237,27.9,-0.0246173907071352,-0.11993862359260683
UBFC_PHYS_s04_T3_test,20,238,27.933333333333334,-0.15331445634365082,-0.0880598057641451
UBFC_PHYS_s04_T3_test,20,239,27.966666666666665,-0.3412587642669678,-0.0418258255853157
UBFC_PHYS_s04_T3_test,21,0,21.0,0.049314968287944794,-0.12378992122476318
UBFC_PHYS_s04_T3_test,21,1,21.033333333333335,0.3412732481956482,-0.06678340187132796
UBFC_PHYS_s04_T3_test,21,2,21.066666666666666,0.5904234647750854,-0.030402897402158537
UBFC_PHYS_s04_T3_test,21,3,21.1,0.7596094012260437,-0.03290934125661559
UBFC_PHYS_s04_T3_test,21,4,21.133333333333333,0.8254634737968445,-0.08393618340281343
UBFC_PHYS_s04_T3_test,21,5,21.166666666666668,0.826983630657196,-0.18302871736308834
UBFC_PHYS_s04_T3_test,21,6,21.2,0.8224913477897644,-0.3203830266532697
UBFC_PHYS_s04_T3_test,21,7,21.233333333333334,0.830014169216156,-0.47876525140981263
UBFC_PHYS_s04_T3_test,21,8,21.266666666666666,0.8281822204589844,-0.6356077240746001
UBFC_PHYS_s04_T3_test,21,9,21.3,0.7982272505760193,-0.7650874629901538
UBFC_PHYS_s04_T3_test,21,10,21.333333333333332,0.7416208386421204,-0.8407354373001578
UBFC_PHYS_s04_T3_test,21,11,21.366666666666667,0.654036283493042,-0.839223107047959
UBFC_PHYS_s04_T3_test,21,12,21.4,0.5212951898574829,-0.7453022322693721
UBFC_PHYS_s04_T3_test,21,13,21.433333333333334,0.3516220152378082,-0.5567673418342461
UBFC_PHYS_s04_T3_test,21,14,21.466666666666665,0.18265047669410706,-0.28744154092000723
UBFC_PHYS_s04_T3_test,21,15,21.5,0.03601357713341713,0.03368146050202292
UBFC_PHYS_s04_T3_test,21,16,21.533333333333335,-0.1163434088230133,0.36764324818997585
UBFC_PHYS_s04_T3_test,21,17,21.566666666666666,-0.3194698095321655,0.6737407940443879
UBFC_PHYS_s04_T3_test,21,18,21.6,-0.5756458640098572,0.9181599076867117
UBFC_PHYS_s04_T3_test,21,19,21.633333333333333,-0.7835568785667419,1.0802616447354538
UBFC_PHYS_s04_T3_test,21,20,21.666666666666668,-0.7738609910011292,1.1546884734419014
UBFC_PHYS_s04_T3_test,21,21,21.7,-0.49648067355155945,1.1490124110205662
UBFC_PHYS_s04_T3_test,21,22,21.733333333333334,-0.10170700401067734,1.0781893142468413
UBFC_PHYS_s04_T3_test,21,23,21.766666666666666,0.2475593239068985,0.958064906195793
UBFC_PHYS_s04_T3_test,21,24,21.8,0.5150391459465027,0.8002959340644065
UBFC_PHYS_s04_T3_test,21,25,21.833333333333332,0.6977213621139526,0.6103289626125361
UBFC_PHYS_s04_T3_test,21,26,21.866666666666667,0.7870014905929565,0.3888110507983522
UBFC_PHYS_s04_T3_test,21,27,21.9,0.818223237991333,0.1354440589838062
UBFC_PHYS_s04_T3_test,21,28,21.933333333333334,0.8346136212348938,-0.14663064339941503
UBFC_PHYS_s04_T3_test,21,29,21.966666666666665,0.8363871574401855,-0.44782024819482746
UBFC_PHYS_s04_T3_test,21,30,22.0,0.8139258623123169,-0.7513763814244208
UBFC_PHYS_s04_T3_test,21,31,22.033333333333335,0.7840781211853027,-1.0347528679183395
UBFC_PHYS_s04_T3_test,21,32,22.066666666666666,0.7553704977035522,-1.2721807332003376
UBFC_PHYS_s04_T3_test,21,33,22.1,0.6950902938842773,-1.4377254615106971
UBFC_PHYS_s04_T3_test,21,34,22.133333333333333,0.5734385848045349,-1.508535734825209
UBFC_PHYS_s04_T3_test,21,35,22.166666666666668,0.42326441407203674,-1.468254473185708
UBFC_PHYS_s04_T3_test,21,36,22.2,0.29742249846458435,-1.3103689736931283
UBFC_PHYS_s04_T3_test,21,37,22.233333333333334,0.17672574520111084,-1.0408729742002203
UBFC_PHYS_s04_T3_test,21,38,22.266666666666666,0.010404739528894424,-0.6793937619199518
UBFC_PHYS_s04_T3_test,21,39,22.3,-0.1705819070339203,-0.2580153838219216
UBFC_PHYS_s04_T3_test,21,40,22.333333333333332,-0.3098713755607605,0.1825966734633556
UBFC_PHYS_s04_T3_test,21,41,22.366666666666667,-0.43921157717704773,0.5994172398014113
UBFC_PHYS_s04_T3_test,21,42,22.4,-0.6340550780296326,0.9542875230739409
UBFC_PHYS_s04_T3_test,21,43,22.433333333333334,-0.8994982838630676,1.2201174571787337
UBFC_PHYS_s04_T3_test,21,44,22.466666666666665,-1.1205840110778809,1.384172135037004
UBFC_PHYS_s04_T3_test,21,45,22.5,-1.1207691431045532,1.4475239792090808
UBFC_PHYS_s04_T3_test,21,46,22.533333333333335,-0.829736590385437,1.421166005141631
UBFC_PHYS_s04_T3_test,21,47,22.566666666666666,-0.40685948729515076,1.3205326484164346
UBFC_PHYS_s04_T3_test,21,48,22.6,-0.04212845489382744,1.1606899956746854
UBFC_PHYS_s04_T3_test,21,49,22.633333333333333,0.21204021573066711,0.9539298132415179
UBFC_PHYS_s04_T3_test,21,50,22.666666666666668,0.40280070900917053,0.7101422174257049
UBFC_PHYS_s04_T3_test,21,51,22.7,0.5604392886161804,0.43897425200840134
UBFC_PHYS_s04_T3_test,21,52,22.733333333333334,0.6788167953491211,0.1521572686048484
UBFC_PHYS_s04_T3_test,21,53,22.766666666666666,0.7509756684303284,-0.13546105972869105
UBFC_PHYS_s04_T3_test,21,54,22.8,0.7744017243385315,-0.4070040028219097
UBFC_PHYS_s04_T3_test,21,55,22.833333333333332,0.7510243654251099,-0.6466049002463189
UBFC_PHYS_s04_T3_test,21,56,22.866666666666667,0.7113832831382751,-0.8431340382001687
UBFC_PHYS_s04_T3_test,21,57,22.9,0.6893020272254944,-0.9927471209930064
UBFC_PHYS_s04_T3_test,21,58,22.933333333333334,0.6556733846664429,-1.0987509078532705
UBFC_PHYS_s04_T3_test,21,59,22.966666666666665,0.5577107667922974,-1.1684725754092664
UBFC_PHYS_s04_T3_test,21,60,23.0,0.41561487317085266,-1.2082565495039113
UBFC_PHYS_s04_T3_test,21,61,23.033333333333335,0.2891005873680115,-1.2186650541723612
UBFC_PHYS_s04_T3_test,21,62,23.066666666666666,0.17042098939418793,-1.1919584016984432
UBFC_PHYS_s04_T3_test,21,63,23.1,0.018970252946019173,-1.1130997614335798
UBFC_PHYS_s04_T3_test,21,64,23.133333333333333,-0.1535678207874298,-0.9642922333587046
UBFC_PHYS_s04_T3_test,21,65,23.166666666666668,-0.3058273494243622,-0.7317911767165819
UBFC_PHYS_s04_T3_test,21,66,23.2,-0.439503937959671,-0.41281737536922125
UBFC_PHYS_s04_T3_test,21,67,23.233333333333334,-0.6072379350662231,-0.02024912634366536
UBFC_PHYS_s04_T3_test,21,68,23.266666666666666,-0.849732518196106,0.4164963825657193
UBFC_PHYS_s04_T3_test,21,69,23.3,-1.086302399635315,0.8548566762241423
UBFC_PHYS_s04_T3_test,21,70,23.333333333333332,-1.124910593032837,1.2462229333929111
UBFC_PHYS_s04_T3_test,21,71,23.366666666666667,-0.8733437657356262,1.545165327931654
UBFC_PHYS_s04_T3_test,21,72,23.4,-0.46689602732658386,1.718268287230265
UBFC_PHYS_s04_T3_test,21,73,23.433333333333334,-0.09911493957042694,1.749953399056589
UBFC_PHYS_s04_T3_test,21,74,23.466666666666665,0.16793611645698547,1.6438609297445328
UBFC_PHYS_s04_T3_test,21,75,23.5,0.36898690462112427,1.4200782207257936
UBFC_PHYS_s04_T3_test,21,76,23.533333333333335,0.5314685702323914,1.10968087407497
UBFC_PHYS_s04_T3_test,21,77,23.566666666666666,0.6570960879325867,0.7483827574079925
UBFC_PHYS_s04_T3_test,21,78,23.6,0.7359299659729004,0.370788589783065
UBFC_PHYS_s04_T3_test,21,79,23.633333333333333,0.756793200969696,0.006130362761188746
UBFC_PHYS_s04_T3_test,21,80,23.666666666666668,0.728904128074646,-0.32425462322377596
UBFC_PHYS_s04_T3_test,21,81,23.7,0.6952072381973267,-0.6078818959995116
UBFC_PHYS_s04_T3_test,21,82,23.733333333333334,0.6855601072311401,-0.8408326260776303
UBFC_PHYS_s04_T3_test,21,83,23.766666666666666,0.6652328372001648,-1.0263299830537058
UBFC_PHYS_s04_T3_test,21,84,23.8,0.579441249370575,-1.1719435507350522
UBFC_PHYS_s04_T3_test,21,85,23.833333333333332,0.4331551790237427,-1.2853070678538008
UBFC_PHYS_s04_T3_test,21,86,23.866666666666667,0.2779819965362549,-1.3691026917478173
UBFC_PHYS_s04_T3_test,21,87,23.9,0.14593277871608734,-1.4170627167681078
UBFC_PHYS_s04_T3_test,21,88,23.933333333333334,0.01619303785264492,-1.4130145746662686
UBFC_PHYS_s04_T3_test,21,89,23.966666666666665,-0.14294619858264923,-1.3342391343653557
UBFC_PHYS_s04_T3_test,21,90,24.0,-0.3136230409145355,-1.158852664153122
UBFC_PHYS_s04_T3_test,21,91,24.033333333333335,-0.4602307081222534,-0.8751430343033298
UBFC_PHYS_s04_T3_test,21,92,24.066666666666666,-0.6152772307395935,-0.48955033907715123
UBFC_PHYS_s04_T3_test,21,93,24.1,-0.8376687169075012,-0.029962513985448976
UBFC_PHYS_s04_T3_test,21,94,24.133333333333333,-1.0801048278808594,0.45754990145855773
UBFC_PHYS_s04_T3_test,21,95,24.166666666666668,-1.1662276983261108,0.9179513467960514
UBFC_PHYS_s04_T3_test,21,96,24.2,-0.9668237566947937,1.2993275620872693
UBFC_PHYS_s04_T3_test,21,97,24.233333333333334,-0.5646442174911499,1.5636298174800083
UBFC_PHYS_s04_T3_test,21,98,24.266666666666666,-0.16939307749271393,1.6927637723732574
UBFC_PHYS_s04_T3_test,21,99,24.3,0.1058824360370636,1.6888832566463878
UBFC_PHYS_s04_T3_test,21,100,24.333333333333332,0.29341745376586914,1.5699050590091717
UBFC_PHYS_s04_T3_test,21,101,24.366666666666667,0.4424612820148468,1.3625810401974827
UBFC_PHYS_s04_T3_test,21,102,24.4,0.5554987788200378,1.095688940611865
UBFC_PHYS_s04_T3_test,21,103,24.433333333333334,0.6122903823852539,0.7952079040514296
UBFC_PHYS_s04_T3_test,21,104,24.466666666666665,0.6167728900909424,0.482167395851716
UBFC_PHYS_s04_T3_test,21,105,24.5,0.6041731238365173,0.1726977275183092
UBFC_PHYS_s04_T3_test,21,106,24.533333333333335,0.5907742381095886,-0.12090809216727617
UBFC_PHYS_s04_T3_test,21,107,24.566666666666666,0.5542514324188232,-0.38932898556259093
UBFC_PHYS_s04_T3_test,21,108,24.6,0.489254891872406,-0.6261209909270051
UBFC_PHYS_s04_T3_test,21,109,24.633333333333333,0.4149230122566223,-0.8280962009632457
UBFC_PHYS_s04_T3_test,21,110,24.666666666666668,0.32382065057754517,-0.9952874535035262
UBFC_PHYS_s04_T3_test,21,111,24.7,0.1886434108018875,-1.1296297046113088
UBFC_PHYS_s04_T3_test,21,112,24.733333333333334,0.02255626954138279,-1.2321527112834534
UBFC_PHYS_s04_T3_test,21,113,24.766666666666666,-0.12388573586940765,-1.2995079966005494
UBFC_PHYS_s04_T3_test,21,114,24.8,-0.23165138065814972,-1.3215227490622092
UBFC_PHYS_s04_T3_test,21,115,24.833333333333332,-0.33632799983024597,-1.2815804875939927
UBFC_PHYS_s04_T3_test,21,116,24.866666666666667,-0.48424142599105835,-1.1606961566293676
UBFC_PHYS_s04_T3_test,21,117,24.9,-0.6822909116744995,-0.9445525446293168
UBFC_PHYS_s04_T3_test,21,118,24.933333333333334,-0.8395981788635254,-0.6312420967197907
UBFC_PHYS_s04_T3_test,21,119,24.966666666666665,-0.7947632074356079,-0.23673673256963246
UBFC_PHYS_s04_T3_test,21,120,25.0,-0.48975688219070435,0.20440564756630544
UBFC_PHYS_s04_T3_test,21,121,25.033333333333335,-0.0714304968714714,0.6440267677174178
UBFC_PHYS_s04_T3_test,21,122,25.066666666666666,0.2731194496154785,1.0299095078470588
UBFC_PHYS_s04_T3_test,21,123,25.1,0.499954491853714,1.3169821674472453
UBFC_PHYS_s04_T3_test,21,124,25.133333333333333,0.633894145488739,1.4765962690630725
UBFC_PHYS_s04_T3_test,21,125,25.166666666666668,0.6745291948318481,1.501047875682023
UBFC_PHYS_s04_T3_test,21,126,25.2,0.6160712838172913,1.4024479087622173
UBFC_PHYS_s04_T3_test,21,127,25.233333333333334,0.4941467046737671,1.2070815157854116
UBFC_PHYS_s04_T3_test,21,128,25.266666666666666,0.36493316292762756,0.9475325160399775
UBFC_PHYS_s04_T3_test,21,129,25.3,0.2569628655910492,0.6549889731265098
UBFC_PHYS_s04_T3_test,21,130,25.333333333333332,0.17667703330516815,0.3536638061280178
UBFC_PHYS_s04_T3_test,21,131,25.366666666666667,0.12120096385478973,0.058439800081262795
UBFC_PHYS_s04_T3_test,21,132,25.4,0.06571514904499054,-0.22412092532183833
UBFC_PHYS_s04_T3_test,21,133,25.433333333333334,-0.00477736396715045,-0.49216034761315464
UBFC_PHYS_s04_T3_test,21,134,25.466666666666665,-0.0718884989619255,-0.7436856418179153
UBFC_PHYS_s04_T3_test,21,135,25.5,-0.1322271227836609,-0.972104183955209
UBFC_PHYS_s04_T3_test,21,136,25.533333333333335,-0.2045906037092209,-1.163511378576496
UBFC_PHYS_s04_T3_test,21,137,25.566666666666666,-0.2779480218887329,-1.2966442598804064
UBFC_PHYS_s04_T3_test,21,138,25.6,-0.33847180008888245,-1.3458653059006238
UBFC_PHYS_s04_T3_test,21,139,25.633333333333333,-0.41116660833358765,-1.2868949404608887
UBFC_PHYS_s04_T3_test,21,140,25.666666666666668,-0.5317074060440063,-1.1042280011305536
UBFC_PHYS_s04_T3_test,21,141,25.7,-0.669808030128479,-0.7983651226611032
UBFC_PHYS_s04_T3_test,21,142,25.733333333333334,-0.6702855229377747,-0.3904637130804131
UBFC_PHYS_s04_T3_test,21,143,25.766666666666666,-0.37556955218315125,0.07782656052061092
UBFC_PHYS_s04_T3_test,21,144,25.8,0.11129069328308105,0.5504301738599886
UBFC_PHYS_s04_T3_test,21,145,25.833333333333332,0.5331836342811584,0.9678099117830747
UBFC_PHYS_s04_T3_test,21,146,25.866666666666667,0.7931210994720459,1.2795394503501554
UBFC_PHYS_s04_T3_test,21,147,25.9,0.9369710087776184,1.4542446869995114
UBFC_PHYS_s04_T3_test,21,148,25.933333333333334,0.9940939545631409,1.4839336793677025
UBFC_PHYS_s04_T3_test,21,149,25.966666666666665,0.990780770778656,1.3821800117709602
UBFC_PHYS_s04_T3_test,21,150,26.0,0.9536635279655457,1.1776748715592964
UBFC_PHYS_s04_T3_test,21,151,26.033333333333335,0.8494449257850647,0.9056843985353589
UBFC_PHYS_s04_T3_test,21,152,26.066666666666666,0.667474091053009,0.6000025800459104
UBFC_PHYS_s04_T3_test,21,153,26.1,0.48472365736961365,0.2873286948160731
UBFC_PHYS_s04_T3_test,21,154,26.133333333333333,0.37307965755462646,-0.015043387994454725
UBFC_PHYS_s04_T3_test,21,155,26.166666666666668,0.31159114837646484,-0.29840789849198146
UBFC_PHYS_s04_T3_test,21,156,26.2,0.22968770563602448,-0.5596804533107997
UBFC_PHYS_s04_T3_test,21,157,26.233333333333334,0.10271543264389038,-0.797547296541441
UBFC_PHYS_s04_T3_test,21,158,26.266666666666666,-0.039555877447128296,-1.0087900362964286
UBFC_PHYS_s04_T3_test,21,159,26.3,-0.18046294152736664,-1.185507913100519
UBFC_PHYS_s04_T3_test,21,160,26.333333333333332,-0.3230265974998474,-1.3138210826092147
UBFC_PHYS_s04_T3_test,21,161,26.366666666666667,-0.4495701193809509,-1.3746586255364643
UBFC_PHYS_s04_T3_test,21,162,26.4,-0.5533112287521362,-1.3471046689151627
UBFC_PHYS_s04_T3_test,21,163,26.433333333333334,-0.6735695004463196,-1.2141477591214436
UBFC_PHYS_s04_T3_test,21,164,26.466666666666665,-0.860315203666687,-0.969550809744192
UBFC_PHYS_s04_T3_test,21,165,26.5,-1.1138992309570312,-0.6235290091640255
UBFC_PHYS_s04_T3_test,21,166,26.533333333333335,-1.3075635433197021,-0.20473352740266854
UBFC_PHYS_s04_T3_test,21,167,26.566666666666666,-1.2393512725830078,0.2429707662368692
UBFC_PHYS_s04_T3_test,21,168,26.6,-0.871199905872345,0.6685387995215232
UBFC_PHYS_s04_T3_test,21,169,26.633333333333333,-0.40017467737197876,1.0242534530514844
UBFC_PHYS_s04_T3_test,21,170,26.666666666666668,-0.01787411980330944,1.275350262447283
UBFC_PHYS_s04_T3_test,21,171,26.7,0.2537471652030945,1.4057477754515262
UBFC_PHYS_s04_T3_test,21,172,26.733333333333334,0.4560452699661255,1.418407463010855
UBFC_PHYS_s04_T3_test,21,173,26.766666666666666,0.5979365706443787,1.3308113011506273
UBFC_PHYS_s04_T3_test,21,174,26.8,0.6805611252784729,1.1675943982972856
UBFC_PHYS_s04_T3_test,21,175,26.833333333333332,0.7076608538627625,0.9530579658968281
UBFC_PHYS_s04_T3_test,21,176,26.866666666666667,0.6839230060577393,0.7060134363251135
UBFC_PHYS_s04_T3_test,21,177,26.9,0.6378797292709351,0.43827843237132275
UBFC_PHYS_s04_T3_test,21,178,26.933333333333334,0.6005870699882507,0.15656086331044422
UBFC_PHYS_s04_T3_test,21,179,26.966666666666665,0.5611993670463562,-0.133844615467695
UBFC_PHYS_s04_T3_test,21,180,27.0,0.48212185502052307,-0.42553987475770483
UBFC_PHYS_s04_T3_test,21,181,27.033333333333335,0.3444110155105591,-0.7070816947879279
UBFC_PHYS_s04_T3_test,21,182,27.066666666666666,0.16693241894245148,-0.9628427370441308
UBFC_PHYS_s04_T3_test,21,183,27.1,-0.02385731227695942,-1.1740349382431507
UBFC_PHYS_s04_T3_test,21,184,27.133333333333333,-0.22319306433200836,-1.3202585228810853
UBFC_PHYS_s04_T3_test,21,185,27.166666666666668,-0.4497552514076233,-1.3814839673840749
UBFC_PHYS_s04_T3_test,21,186,27.2,-0.705414891242981,-1.340770457438893
UBFC_PHYS_s04_T3_test,21,187,27.233333333333334,-0.9582582712173462,-1.1878993517386016
UBFC_PHYS_s04_T3_test,21,188,27.266666666666666,-1.199885606765747,-0.9234817142667919
UBFC_PHYS_s04_T3_test,21,189,27.3,-1.4757555723190308,-0.5623388827550505
UBFC_PHYS_s04_T3_test,21,190,27.333333333333332,-1.7875441312789917,-0.13455034594143675
UBFC_PHYS_s04_T3_test,21,191,27.366666666666667,-2.0027928352355957,0.31709646465489855
UBFC_PHYS_s04_T3_test,21,192,27.4,-1.9492851495742798,0.7433941304922478
UBFC_PHYS_s04_T3_test,21,193,27.433333333333334,-1.6097731590270996,1.0974204223904038
UBFC_PHYS_s04_T3_test,21,194,27.466666666666665,-1.1451599597930908,1.3432320784892184
UBFC_PHYS_s04_T3_test,21,195,27.5,-0.7126648426055908,1.4619381759726058
UBFC_PHYS_s04_T3_test,21,196,27.533333333333335,-0.35634341835975647,1.4534510156131268
UBFC_PHYS_s04_T3_test,21,197,27.566666666666666,-0.06570067256689072,1.3337573371838607
UBFC_PHYS_s04_T3_test,21,198,27.6,0.1556384116411209,1.1290212460607192
UBFC_PHYS_s04_T3_test,21,199,27.633333333333333,0.3023727536201477,0.868652935554764
UBFC_PHYS_s04_T3_test,21,200,27.666666666666668,0.37610048055648804,0.5794179045371499
UBFC_PHYS_s04_T3_test,21,201,27.7,0.39605745673179626,0.2819015347618976
UBFC_PHYS_s04_T3_test,21,202,27.733333333333334,0.40124157071113586,-0.010383637507968476
UBFC_PHYS_s04_T3_test,21,203,27.766666666666666,0.4076535403728485,-0.2897889420710777
UBFC_PHYS_s04_T3_test,21,204,27.8,0.37617844343185425,-0.5521113376621094
UBFC_PHYS_s04_T3_test,21,205,27.833333333333332,0.26842254400253296,-0.7937857740712901
UBFC_PHYS_s04_T3_test,21,206,27.866666666666667,0.11414586007595062,-1.0092693440368206
UBFC_PHYS_s04_T3_test,21,207,27.9,-0.0246173907071352,-1.189070439955244
UBFC_PHYS_s04_T3_test,21,208,27.933333333333334,-0.15331445634365082,-1.3189558505341212
UBFC_PHYS_s04_T3_test,21,209,27.966666666666665,-0.3412587642669678,-1.380961957633297
UBFC_PHYS_s04_T3_test,21,210,28.0,-0.5859361886978149,-1.3566392475269533
UBFC_PHYS_s04_T3_test,21,211,28.033333333333335,-0.7300687432289124,-1.2323001604536588
UBFC_PHYS_s04_T3_test,21,212,28.066666666666666,-0.618678092956543,-1.0050333648659424
UBFC_PHYS_s04_T3_test,21,213,28.1,-0.2879265248775482,-0.6873460100934607
UBFC_PHYS_s04_T3_test,21,214,28.133333333333333,0.07966943085193634,-0.3081043646218278
UBFC_PHYS_s04_T3_test,21,215,28.166666666666668,0.3554418981075287,0.09156551007094695
UBFC_PHYS_s04_T3_test,21,216,28.2,0.5380461812019348,0.4667147484077064
UBFC_PHYS_s04_T3_test,21,217,28.233333333333334,0.6600779294967651,0.7785759796655899
UBFC_PHYS_s04_T3_test,21,218,28.266666666666666,0.7265166640281677,1.0024748864842294
UBFC_PHYS_s04_T3_test,21,219,28.3,0.7390287518501282,1.1308630654685603
UBFC_PHYS_s04_T3_test,21,220,28.333333333333332,0.7054682970046997,1.1709591579840506
UBFC_PHYS_s04_T3_test,21,221,28.366666666666667,0.6401599645614624,1.1388154380014732
UBFC_PHYS_s04_T3_test,21,222,28.4,0.5743545889854431,1.0527106723133108
UBFC_PHYS_s04_T3_test,21,223,28.433333333333334,0.5222111940383911,0.9283261208872886
UBFC_PHYS_s04_T3_test,21,224,28.466666666666665,0.4443907141685486,0.7767529864907997
UBFC_PHYS_s04_T3_test,21,225,28.5,0.29020175337791443,0.604958083399693
UBFC_PHYS_s04_T3_test,21,226,28.533333333333335,0.07062643021345139,0.417621669167181
UBFC_PHYS_s04_T3_test,21,227,28.566666666666666,-0.14474895596504211,0.2192594431734182
UBFC_PHYS_s04_T3_test,21,228,28.6,-0.32379642128944397,0.01587197057909013
UBFC_PHYS_s04_T3_test,21,229,28.633333333333333,-0.5219920873641968,-0.1842649294221674
UBFC_PHYS_s04_T3_test,21,230,28.666666666666668,-0.799927830696106,-0.3707733088290772
UBFC_PHYS_s04_T3_test,21,231,28.7,-1.065429449081421,-0.5321936832832637
UBFC_PHYS_s04_T3_test,21,232,28.733333333333334,-1.0969728231430054,-0.6575317833404456
UBFC_PHYS_s04_T3_test,21,233,28.766666666666666,-0.8025394082069397,-0.7378940302763675
UBFC_PHYS_s04_T3_test,21,234,28.8,-0.36028024554252625,-0.7678209643786117
UBFC_PHYS_s04_T3_test,21,235,28.833333333333332,0.024709828197956085,-0.7460798702932018
UBFC_PHYS_s04_T3_test,21,236,28.866666666666667,0.3188021779060364,-0.6758351629306301
UBFC_PHYS_s04_T3_test,21,237,28.9,0.568800151348114,-0.5642331763795789
UBFC_PHYS_s04_T3_test,21,238,28.933333333333334,0.7737585306167603,-0.4215272292661869
UBFC_PHYS_s04_T3_test,21,239,28.966666666666665,0.8970863223075867,-0.2599682446326881
UBFC_PHYS_s04_T3_test,22,0,22.0,0.8139258623123169,-0.10170711316995099
UBFC_PHYS_s04_T3_test,22,1,22.033333333333335,0.7840781211853027,-0.3666070140365449
UBFC_PHYS_s04_T3_test,22,2,22.066666666666666,0.7553704977035522,-0.6225455774977628
UBFC_PHYS_s04_T3_test,22,3,22.1,0.6950902938842773,-0.8588865057425545
UBFC_PHYS_s04_T3_test,22,4,22.133333333333333,0.5734385848045349,-1.0580480878132792
UBFC_PHYS_s04_T3_test,22,5,22.166666666666668,0.42326441407203674,-1.196841934109989
UBFC_PHYS_s04_T3_test,22,6,22.2,0.29742249846458435,-1.250856254903737
UBFC_PHYS_s04_T3_test,22,7,22.233333333333334,0.17672574520111084,-1.2004930676318486
UBFC_PHYS_s04_T3_test,22,8,22.266666666666666,0.010404739528894424,-1.0369569441171624
UBFC_PHYS_s04_T3_test,22,9,22.3,-0.1705819070339203,-0.7665633029392991
UBFC_PHYS_s04_T3_test,22,10,22.333333333333332,-0.3098713755607605,-0.41204237564741314
UBFC_PHYS_s04_T3_test,22,11,22.366666666666667,-0.43921157717704773,-0.010079982959971617
UBFC_PHYS_s04_T3_test,22,12,22.4,-0.6340550780296326,0.39476201798965477
UBFC_PHYS_s04_T3_test,22,13,22.433333333333334,-0.8994982838630676,0.7583919615757676
UBFC_PHYS_s04_T3_test,22,14,22.466666666666665,-1.1205840110778809,1.045335822124304
UBFC_PHYS_s04_T3_test,22,15,22.5,-1.1207691431045532,1.234097826486546
UBFC_PHYS_s04_T3_test,22,16,22.533333333333335,-0.829736590385437,1.3184227592801587
UBFC_PHYS_s04_T3_test,22,17,22.566666666666666,-0.40685948729515076,1.3049315018545926
UBFC_PHYS_s04_T3_test,22,18,22.6,-0.04212845489382744,1.2087208345569411
UBFC_PHYS_s04_T3_test,22,19,22.633333333333333,0.21204021573066711,1.0486404698125438
UBFC_PHYS_s04_T3_test,22,20,22.666666666666668,0.40280070900917053,0.8434087475124292
UBFC_PHYS_s04_T3_test,22,21,22.7,0.5604392886161804,0.6090688661877443
UBFC_PHYS_s04_T3_test,22,22,22.733333333333334,0.6788167953491211,0.3579021711689543
UBFC_PHYS_s04_T3_test,22,23,22.766666666666666,0.7509756684303284,0.09869279346121942
UBFC_PHYS_s04_T3_test,22,24,22.8,0.7744017243385315,-0.16204528046651406
UBFC_PHYS_s04_T3_test,22,25,22.833333333333332,0.7510243654251099,-0.4185241030685386
UBFC_PHYS_s04_T3_test,22,26,22.866666666666667,0.7113832831382751,-0.6644651738016301
UBFC_PHYS_s04_T3_test,22,27,22.9,0.6893020272254944,-0.8924722657344942
UBFC_PHYS_s04_T3_test,22,28,22.933333333333334,0.6556733846664429,-1.0936811920766847
UBFC_PHYS_s04_T3_test,22,29,22.966666666666665,0.5577107667922974,-1.2571967966673272
UBFC_PHYS_s04_T3_test,22,30,23.0,0.41561487317085266,-1.3693758673489542
UBFC_PHYS_s04_T3_test,22,31,23.033333333333335,0.2891005873680115,-1.4137938559817316
UBFC_PHYS_s04_T3_test,22,32,23.066666666666666,0.17042098939418793,-1.3729956809025852
UBFC_PHYS_s04_T3_test,22,33,23.1,0.018970252946019173,-1.232557456700032
UBFC_PHYS_s04_T3_test,22,34,23.133333333333333,-0.1535678207874298,-0.9867695406606789
UBFC_PHYS_s04_T3_test,22,35,23.166666666666668,-0.3058273494243622,-0.6439988466673949
UBFC_PHYS_s04_T3_test,22,36,23.2,-0.439503937959671,-0.22923327592465104
UBFC_PHYS_s04_T3_test,22,37,23.233333333333334,-0.6072379350662231,0.21804242663124107
UBFC_PHYS_s04_T3_test,22,38,23.266666666666666,-0.849732518196106,0.6507116572612224
UBFC_PHYS_s04_T3_test,22,39,23.3,-1.086302399635315,1.0236132761099916
UBFC_PHYS_s04_T3_test,22,40,23.333333333333332,-1.124910593032837,1.3025244654460104
UBFC_PHYS_s04_T3_test,22,41,23.366666666666667,-0.8733437657356262,1.4694675150752614
UBFC_PHYS_s04_T3_test,22,42,23.4,-0.46689602732658386,1.5230426502152261
UBFC_PHYS_s04_T3_test,22,43,23.433333333333334,-0.09911493957042694,1.4746581707508866
UBFC_PHYS_s04_T3_test,22,44,23.466666666666665,0.16793611645698547,1.3428491652454388
UBFC_PHYS_s04_T3_test,22,45,23.5,0.36898690462112427,1.1479540602214082
UBFC_PHYS_s04_T3_test,22,46,23.533333333333335,0.5314685702323914,0.9085777370508522
UBFC_PHYS_s04_T3_test,22,47,23.566666666666666,0.6570960879325867,0.6401735389672966
UBFC_PHYS_s04_T3_test,22,48,23.6,0.7359299659729004,0.3552812423446647
UBFC_PHYS_s04_T3_test,22,49,23.633333333333333,0.756793200969696,0.06456052650586193
UBFC_PHYS_s04_T3_test,22,50,23.666666666666668,0.728904128074646,-0.22231178368497528
UBFC_PHYS_s04_T3_test,22,51,23.7,0.6952072381973267,-0.49645743069459525
UBFC_PHYS_s04_T3_test,22,52,23.733333333333334,0.6855601072311401,-0.7501662173228724
UBFC_PHYS_s04_T3_test,22,53,23.766666666666666,0.6652328372001648,-0.9770215725692225
UBFC_PHYS_s04_T3_test,22,54,23.8,0.579441249370575,-1.1709630174453574
UBFC_PHYS_s04_T3_test,22,55,23.833333333333332,0.4331551790237427,-1.324199145410368
UBFC_PHYS_s04_T3_test,22,56,23.866666666666667,0.2779819965362549,-1.425003465894809
UBFC_PHYS_s04_T3_test,22,57,23.9,0.14593277871608734,-1.45712038134708
UBFC_PHYS_s04_T3_test,22,58,23.933333333333334,0.01619303785264492,-1.4021408319286055
UBFC_PHYS_s04_T3_test,22,59,23.966666666666665,-0.14294619858264923,-1.2448790409095598
UBFC_PHYS_s04_T3_test,22,60,24.0,-0.3136230409145355,-0.9801619378387871
UBFC_PHYS_s04_T3_test,22,61,24.033333333333335,-0.4602307081222534,-0.6183956113628468
UBFC_PHYS_s04_T3_test,22,62,24.066666666666666,-0.6152772307395935,-0.18739753152109628
UBFC_PHYS_s04_T3_test,22,63,24.1,-0.8376687169075012,0.27077490736845433
UBFC_PHYS_s04_T3_test,22,64,24.133333333333333,-1.0801048278808594,0.7074469570505711
UBFC_PHYS_s04_T3_test,22,65,24.166666666666668,-1.1662276983261108,1.0771665101378165
UBFC_PHYS_s04_T3_test,22,66,24.2,-0.9668237566947937,1.346649362751308
UBFC_PHYS_s04_T3_test,22,67,24.233333333333334,-0.5646442174911499,1.5000145634680917
UBFC_PHYS_s04_T3_test,22,68,24.266666666666666,-0.16939307749271393,1.5389055349628276
UBFC_PHYS_s04_T3_test,22,69,24.3,0.1058824360370636,1.4780694334549145
UBFC_PHYS_s04_T3_test,22,70,24.333333333333332,0.29341745376586914,1.338665191363273
UBFC_PHYS_s04_T3_test,22,71,24.366666666666667,0.4424612820148468,1.142129627739926
UBFC_PHYS_s04_T3_test,22,72,24.4,0.5554987788200378,0.9065645064526051
UBFC_PHYS_s04_T3_test,22,73,24.433333333333334,0.6122903823852539,0.6460159947071004
UBFC_PHYS_s04_T3_test,22,74,24.466666666666665,0.6167728900909424,0.37169465325215484
UBFC_PHYS_s04_T3_test,22,75,24.5,0.6041731238365173,0.0936496329866748
UBFC_PHYS_s04_T3_test,22,76,24.533333333333335,0.5907742381095886,-0.17830971308307325
UBFC_PHYS_s04_T3_test,22,77,24.566666666666666,0.5542514324188232,-0.43487387520194976
UBFC_PHYS_s04_T3_test,22,78,24.6,0.489254891872406,-0.6682797520379993
UBFC_PHYS_s04_T3_test,22,79,24.633333333333333,0.4149230122566223,-0.8732449503073029
UBFC_PHYS_s04_T3_test,22,80,24.666666666666668,0.32382065057754517,-1.0468915838483734
UBFC_PHYS_s04_T3_test,22,81,24.7,0.1886434108018875,-1.1872301600438953
UBFC_PHYS_s04_T3_test,22,82,24.733333333333334,0.02255626954138279,-1.2905217607470754
UBFC_PHYS_s04_T3_test,22,83,24.766666666666666,-0.12388573586940765,-1.3486156525412527
UBFC_PHYS_s04_T3_test,22,84,24.8,-0.23165138065814972,-1.347842016820883
UBFC_PHYS_s04_T3_test,22,85,24.833333333333332,-0.33632799983024597,-1.2708367376628702
UBFC_PHYS_s04_T3_test,22,86,24.866666666666667,-0.48424142599105835,-1.1016368383463222
UBFC_PHYS_s04_T3_test,22,87,24.9,-0.6822909116744995,-0.8328505976423524
UBFC_PHYS_s04_T3_test,22,88,24.933333333333334,-0.8395981788635254,-0.47235445502942186
UBFC_PHYS_s04_T3_test,22,89,24.966666666666665,-0.7947632074356079,-0.04653941903721612
UBFC_PHYS_s04_T3_test,22,90,25.0,-0.48975688219070435,0.4019593600233098
UBFC_PHYS_s04_T3_test,22,91,25.033333333333335,-0.0714304968714714,0.8220892134215539
UBFC_PHYS_s04_T3_test,22,92,25.066666666666666,0.2731194496154785,1.1654670284099273
UBFC_PHYS_s04_T3_test,22,93,25.1,0.499954491853714,1.3969357236263293
UBFC_PHYS_s04_T3_test,22,94,25.133333333333333,0.633894145488739,1.500972114894715
UBFC_PHYS_s04_T3_test,22,95,25.166666666666668,0.6745291948318481,1.48209015513925
UBFC_PHYS_s04_T3_test,22,96,25.2,0.6160712838172913,1.3598751567020158
UBFC_PHYS_s04_T3_test,22,97,25.233333333333334,0.4941467046737671,1.1612261689781334
UBFC_PHYS_s04_T3_test,22,98,25.266666666666666,0.36493316292762756,0.9128664054086147
UBFC_PHYS_s04_T3_test,22,99,25.3,0.2569628655910492,0.6363213529492782
UBFC_PHYS_s04_T3_test,22,100,25.333333333333332,0.17667703330516815,0.34611549523855467
UBFC_PHYS_s04_T3_test,22,101,25.366666666666667,0.12120096385478973,0.05072335461138268
UBFC_PHYS_s04_T3_test,22,102,25.4,0.06571514904499054,-0.24472079383393
UBFC_PHYS_s04_T3_test,22,103,25.433333333333334,-0.00477736396715045,-0.5349801671685749
UBFC_PHYS_s04_T3_test,22,104,25.466666666666665,-0.0718884989619255,-0.8114740793773705
UBFC_PHYS_s04_T3_test,22,105,25.5,-0.1322271227836609,-1.0600535534876268
UBFC_PHYS_s04_T3_test,22,106,25.533333333333335,-0.2045906037092209,-1.2604217280461045
UBFC_PHYS_s04_T3_test,22,107,25.566666666666666,-0.2779480218887329,-1.387623532299934
UBFC_PHYS_s04_T3_test,22,108,25.6,-0.33847180008888245,-1.4158040668178355
UBFC_PHYS_s04_T3_test,22,109,25.633333333333333,-0.41116660833358765,-1.3240035047912015
UBFC_PHYS_s04_T3_test,22,110,25.666666666666668,-0.5317074060440063,-1.103004082433305
UBFC_PHYS_s04_T3_test,22,111,25.7,-0.669808030128479,-0.7613620016844596
UBFC_PHYS_s04_T3_test,22,112,25.733333333333334,-0.6702855229377747,-0.3282219679894714
UBFC_PHYS_s04_T3_test,22,113,25.766666666666666,-0.37556955218315125,0.1490704652399972
UBFC_PHYS_s04_T3_test,22,114,25.8,0.11129069328308105,0.6129335467234139
UBFC_PHYS_s04_T3_test,22,115,25.833333333333332,0.5331836342811584,1.0071960138861917
UBFC_PHYS_s04_T3_test,22,116,25.866666666666667,0.7931210994720459,1.2886938210018537
UBFC_PHYS_s04_T3_test,22,117,25.9,0.9369710087776184,1.4348913952342268
UBFC_PHYS_s04_T3_test,22,118,25.933333333333334,0.9940939545631409,1.445405424835702
UBFC_PHYS_s04_T3_test,22,119,25.966666666666665,0.990780770778656,1.3378963879188284
UBFC_PHYS_s04_T3_test,22,120,26.0,0.9536635279655457,1.1406231938916451
UBFC_PHYS_s04_T3_test,22,121,26.033333333333335,0.8494449257850647,0.8844824166026293
UBFC_PHYS_s04_T3_test,22,122,26.066666666666666,0.667474091053009,0.5968045096143314
UBFC_PHYS_s04_T3_test,22,123,26.1,0.48472365736961365,0.29807568271917434
UBFC_PHYS_s04_T3_test,22,124,26.133333333333333,0.37307965755462646,0.001621510061346134
UBFC_PHYS_s04_T3_test,22,125,26.166666666666668,0.31159114837646484,-0.28456262681757866
UBFC_PHYS_s04_T3_test,22,126,26.2,0.22968770563602448,-0.5550531269152411
UBFC_PHYS_s04_T3_test,22,127,26.233333333333334,0.10271543264389038,-0.804348172956323
UBFC_PHYS_s04_T3_test,22,128,26.266666666666666,-0.039555877447128296,-1.0247521180016903
UBFC_PHYS_s04_T3_test,22,129,26.3,-0.18046294152736664,-1.2048183127432437
UBFC_PHYS_s04_T3_test,22,130,26.333333333333332,-0.3230265974998474,-1.3286120543056585
UBFC_PHYS_s04_T3_test,22,131,26.366666666666667,-0.4495701193809509,-1.3765647071989722
UBFC_PHYS_s04_T3_test,22,132,26.4,-0.5533112287521362,-1.3287646916701932
UBFC_PHYS_s04_T3_test,22,133,26.433333333333334,-0.6735695004463196,-1.1707389495278475
UBFC_PHYS_s04_T3_test,22,134,26.466666666666665,-0.860315203666687,-0.9003077085349429
UBFC_PHYS_s04_T3_test,22,135,26.5,-1.1138992309570312,-0.5328632475102636
UBFC_PHYS_s04_T3_test,22,136,26.533333333333335,-1.3075635433197021,-0.10237133331371062
UBFC_PHYS_s04_T3_test,22,137,26.566666666666666,-1.2393512725830078,0.34326270137634085
UBFC_PHYS_s04_T3_test,22,138,26.6,-0.871199905872345,0.7516068164776775
UBFC_PHYS_s04_T3_test,22,139,26.633333333333333,-0.40017467737197876,1.076993256503094
UBFC_PHYS_s04_T3_test,22,140,26.666666666666668,-0.01787411980330944,1.2899116151453582
UBFC_PHYS_s04_T3_test,22,141,26.7,0.2537471652030945,1.3814191735549064
UBFC_PHYS_s04_T3_test,22,142,26.733333333333334,0.4560452699661255,1.361438257362337
UBFC_PHYS_s04_T3_test,22,143,26.766666666666666,0.5979365706443787,1.252116311205191
UBFC_PHYS_s04_T3_test,22,144,26.8,0.6805611252784729,1.0790827286405054
UBFC_PHYS_s04_T3_test,22,145,26.833333333333332,0.7076608538627625,0.8638864421822202
UBFC_PHYS_s04_T3_test,22,146,26.866666666666667,0.6839230060577393,0.6200855587372625
UBFC_PHYS_s04_T3_test,22,147,26.9,0.6378797292709351,0.35377479377226534
UBFC_PHYS_s04_T3_test,22,148,26.933333333333334,0.6005870699882507,0.0674951429392299
UBFC_PHYS_s04_T3_test,22,149,26.966666666666665,0.5611993670463562,-0.2346708006574507
UBFC_PHYS_s04_T3_test,22,150,27.0,0.48212185502052307,-0.5429901010300531
UBFC_PHYS_s04_T3_test,22,151,27.033333333333335,0.3444110155105591,-0.8402648393993889
UBFC_PHYS_s04_T3_test,22,152,27.066666666666666,0.16693241894245148,-1.102579260222841
UBFC_PHYS_s04_T3_test,22,153,27.1,-0.02385731227695942,-1.3021330165512752
UBFC_PHYS_s04_T3_test,22,154,27.133333333333333,-0.22319306433200836,-1.4114023048566051
UBFC_PHYS_s04_T3_test,22,155,27.166666666666668,-0.4497552514076233,-1.4079261481194223
UBFC_PHYS_s04_T3_test,22,156,27.2,-0.705414891242981,-1.2791233887103943
UBFC_PHYS_s04_T3_test,22,157,27.233333333333334,-0.9582582712173462,-1.026431679612311
UBFC_PHYS_s04_T3_test,22,158,27.266666666666666,-1.199885606765747,-0.6677247914172917
UBFC_PHYS_s04_T3_test,22,159,27.3,-1.4757555723190308,-0.23682753914215732
UBFC_PHYS_s04_T3_test,22,160,27.333333333333332,-1.7875441312789917,0.2205648346067426
UBFC_PHYS_s04_T3_test,22,161,27.366666666666667,-2.0027928352355957,0.6541484387385234
UBFC_PHYS_s04_T3_test,22,162,27.4,-1.9492851495742798,1.0177527577851668
UBFC_PHYS_s04_T3_test,22,163,27.433333333333334,-1.6097731590270996,1.2771144774795098
UBFC_PHYS_s04_T3_test,22,164,27.466666666666665,-1.1451599597930908,1.4145294648293443
UBFC_PHYS_s04_T3_test,22,165,27.5,-0.7126648426055908,1.429412164766687
UBFC_PHYS_s04_T3_test,22,166,27.533333333333335,-0.35634341835975647,1.3352552115763499
UBFC_PHYS_s04_T3_test,22,167,27.566666666666666,-0.06570067256689072,1.154507015855968
UBFC_PHYS_s04_T3_test,22,168,27.6,0.1556384116411209,0.9130714970315805
UBFC_PHYS_s04_T3_test,22,169,27.633333333333333,0.3023727536201477,0.6357098875106962
UBFC_PHYS_s04_T3_test,22,170,27.666666666666668,0.37610048055648804,0.3430356455960331
UBFC_PHYS_s04_T3_test,22,171,27.7,0.39605745673179626,0.05025025702479086
UBFC_PHYS_s04_T3_test,22,172,27.733333333333334,0.40124157071113586,-0.23265290042854234
UBFC_PHYS_s04_T3_test,22,173,27.766666666666666,0.4076535403728485,-0.4996707891533229
UBFC_PHYS_s04_T3_test,22,174,27.8,0.37617844343185425,-0.7469290655098388
UBFC_PHYS_s04_T3_test,22,175,27.833333333333332,0.26842254400253296,-0.9703685378811625
UBFC_PHYS_s04_T3_test,22,176,27.866666666666667,0.11414586007595062,-1.1631599702011837
UBFC_PHYS_s04_T3_test,22,177,27.9,-0.0246173907071352,-1.3133864006326863
UBFC_PHYS_s04_T3_test,22,178,27.933333333333334,-0.15331445634365082,-1.4031202562557978
UBFC_PHYS_s04_T3_test,22,179,27.966666666666665,-0.3412587642669678,-1.4102091140020985
UBFC_PHYS_s04_T3_test,22,180,28.0,-0.5859361886978149,-1.313358617391002
UBFC_PHYS_s04_T3_test,22,181,28.033333333333335,-0.7300687432289124,-1.099666137483844
UBFC_PHYS_s04_T3_test,22,182,28.066666666666666,-0.618678092956543,-0.7722810439815673
UBFC_PHYS_s04_T3_test,22,183,28.1,-0.2879265248775482,-0.3550585298407432
UBFC_PHYS_s04_T3_test,22,184,28.133333333333333,0.07966943085193634,0.10850574711423781
UBFC_PHYS_s04_T3_test,22,185,28.166666666666668,0.3554418981075287,0.5629106520256132
UBFC_PHYS_s04_T3_test,22,186,28.2,0.5380461812019348,0.9529237255956893
UBFC_PHYS_s04_T3_test,22,187,28.233333333333334,0.6600779294967651,1.2362830947647772
UBFC_PHYS_s04_T3_test,22,188,28.266666666666666,0.7265166640281677,1.3921957877348259
UBFC_PHYS_s04_T3_test,22,189,28.3,0.7390287518501282,1.422761448974227
UBFC_PHYS_s04_T3_test,22,190,28.333333333333332,0.7054682970046997,1.347571434284709
UBFC_PHYS_s04_T3_test,22,191,28.366666666666667,0.6401599645614624,1.19451514800474
UBFC_PHYS_s04_T3_test,22,192,28.4,0.5743545889854431,0.990821419447742
UBFC_PHYS_s04_T3_test,22,193,28.433333333333334,0.5222111940383911,0.7574130636696634
UBFC_PHYS_s04_T3_test,22,194,28.466666666666665,0.4443907141685486,0.5075801136632193
UBFC_PHYS_s04_T3_test,22,195,28.5,0.29020175337791443,0.24898041579724223
UBFC_PHYS_s04_T3_test,22,196,28.533333333333335,0.07062643021345139,-0.013015492128515323
UBFC_PHYS_s04_T3_test,22,197,28.566666666666666,-0.14474895596504211,-0.272450494747766
UBFC_PHYS_s04_T3_test,22,198,28.6,-0.32379642128944397,-0.5212827822824638
UBFC_PHYS_s04_T3_test,22,199,28.633333333333333,-0.5219920873641968,-0.7491253448936329
UBFC_PHYS_s04_T3_test,22,200,28.666666666666668,-0.799927830696106,-0.9434807787760203
UBFC_PHYS_s04_T3_test,22,201,28.7,-1.065429449081421,-1.0899024106829454
UBFC_PHYS_s04_T3_test,22,202,28.733333333333334,-1.0969728231430054,-1.1723047717535386
UBFC_PHYS_s04_T3_test,22,203,28.766666666666666,-0.8025394082069397,-1.1743169370356903
UBFC_PHYS_s04_T3_test,22,204,28.8,-0.36028024554252625,-1.0824443283083556
UBFC_PHYS_s04_T3_test,22,205,28.833333333333332,0.024709828197956085,-0.890889437695511
UBFC_PHYS_s04_T3_test,22,206,28.866666666666667,0.3188021779060364,-0.606680509046529
UBFC_PHYS_s04_T3_test,22,207,28.9,0.568800151348114,-0.2528859810446251
UBFC_PHYS_s04_T3_test,22,208,28.933333333333334,0.7737585306167603,0.132272018818567
UBFC_PHYS_s04_T3_test,22,209,28.966666666666665,0.8970863223075867,0.501288435254385
UBFC_PHYS_s04_T3_test,22,210,29.0,0.9340769052505493,0.8069004758445862
UBFC_PHYS_s04_T3_test,22,211,29.033333333333335,0.9200446605682373,1.012155311816038
UBFC_PHYS_s04_T3_test,22,212,29.066666666666666,0.8870786428451538,1.097721928809233
UBFC_PHYS_s04_T3_test,22,213,29.1,0.8357342481613159,1.0644291860540385
UBFC_PHYS_s04_T3_test,22,214,29.133333333333333,0.758566677570343,0.9308671926592456
UBFC_PHYS_s04_T3_test,22,215,29.166666666666668,0.6520678400993347,0.7274298692872437
UBFC_PHYS_s04_T3_test,22,216,29.2,0.5131681561470032,0.4888650258358822
UBFC_PHYS_s04_T3_test,22,217,29.233333333333334,0.33894428610801697,0.24723989163040397
UBFC_PHYS_s04_T3_test,22,218,29.266666666666666,0.14087532460689545,0.026608207433211486
UBFC_PHYS_s04_T3_test,22,219,29.3,-0.05282803997397423,-0.1599270534003148
UBFC_PHYS_s04_T3_test,22,220,29.333333333333332,-0.22558049857616425,-0.3103767090233474
UBFC_PHYS_s04_T3_test,22,221,29.366666666666667,-0.39277851581573486,-0.4311351032338187
UBFC_PHYS_s04_T3_test,22,222,29.4,-0.5990329384803772,-0.5317884400902134
UBFC_PHYS_s04_T3_test,22,223,29.433333333333334,-0.8703521490097046,-0.6188045305306799
UBFC_PHYS_s04_T3_test,22,224,29.466666666666665,-1.116013765335083,-0.6903328375092643
UBFC_PHYS_s04_T3_test,22,225,29.5,-1.1286622285842896,-0.734397415017716
UBFC_PHYS_s04_T3_test,22,226,29.533333333333335,-0.7927655577659607,-0.731565865102983
UBFC_PHYS_s04_T3_test,22,227,29.566666666666666,-0.278825044631958,-0.6613918482375923
UBFC_PHYS_s04_T3_test,22,228,29.6,0.1850184202194214,-0.5105238711707157
UBFC_PHYS_s04_T3_test,22,229,29.633333333333333,0.5269275903701782,-0.27973414299802457
UBFC_PHYS_s04_T3_test,22,230,29.666666666666668,0.7956547141075134,0.012678216693688533
UBFC_PHYS_s04_T3_test,22,231,29.7,1.024087905883789,0.3325075803697459
UBFC_PHYS_s04_T3_test,22,232,29.733333333333334,1.1923967599868774,0.6358509600201273
UBFC_PHYS_s04_T3_test,22,233,29.766666666666666,1.2690380811691284,0.8779036509240121
UBFC_PHYS_s04_T3_test,22,234,29.8,1.2603557109832764,1.021825384653639
UBFC_PHYS_s04_T3_test,22,235,29.833333333333332,1.2039051055908203,1.0455324605313383
UBFC_PHYS_s04_T3_test,22,236,29.866666666666667,1.1240187883377075,0.945030509253246
UBFC_PHYS_s04_T3_test,22,237,29.9,1.0323902368545532,0.7339206378829863
UBFC_PHYS_s04_T3_test,22,238,29.933333333333334,0.9395923614501953,0.4398766886590575
UBFC_PHYS_s04_T3_test,22,239,29.966666666666665,0.8345259428024292,0.09971243331609529
UBFC_PHYS_s04_T3_test,23,0,23.0,0.41561487317085266,-0.001394960400099623
UBFC_PHYS_s04_T3_test,23,1,23.033333333333335,0.2891005873680115,-0.21712622903118406
UBFC_PHYS_s04_T3_test,23,2,23.066666666666666,0.17042098939418793,-0.41516530724043205
UBFC_PHYS_s04_T3_test,23,3,23.1,0.018970252946019173,-0.5763267586675892
UBFC_PHYS_s04_T3_test,23,4,23.133333333333333,-0.1535678207874298,-0.677492939652534
UBFC_PHYS_s04_T3_test,23,5,23.166666666666668,-0.3058273494243622,-0.694740590001711
UBFC_PHYS_s04_T3_test,23,6,23.2,-0.439503937959671,-0.6096867137628991
UBFC_PHYS_s04_T3_test,23,7,23.233333333333334,-0.6072379350662231,-0.4168984481902572
UBFC_PHYS_s04_T3_test,23,8,23.266666666666666,-0.849732518196106,-0.12937080966459932
UBFC_PHYS_s04_T3_test,23,9,23.3,-1.086302399635315,0.22061560128444735
UBFC_PHYS_s04_T3_test,23,10,23.333333333333332,-1.124910593032837,0.5864249731138258
UBFC_PHYS_s04_T3_test,23,11,23.366666666666667,-0.8733437657356262,0.9167106284194307
UBFC_PHYS_s04_T3_test,23,12,23.4,-0.46689602732658386,1.1666600911847524
UBFC_PHYS_s04_T3_test,23,13,23.433333333333334,-0.09911493957042694,1.3069844665521322
UBFC_PHYS_s04_T3_test,23,14,23.466666666666665,0.16793611645698547,1.3278672394460884
UBFC_PHYS_s04_T3_test,23,15,23.5,0.36898690462112427,1.2373311758008374
UBFC_PHYS_s04_T3_test,23,16,23.533333333333335,0.5314685702323914,1.0556690738873797
UBFC_PHYS_s04_T3_test,23,17,23.566666666666666,0.6570960879325867,0.8086510036833119
UBFC_PHYS_s04_T3_test,23,18,23.6,0.7359299659729004,0.5218226666958415
UBFC_PHYS_s04_T3_test,23,19,23.633333333333333,0.756793200969696,0.21701628032918172
UBFC_PHYS_s04_T3_test,23,20,23.666666666666668,0.728904128074646,-0.08889146306025748
UBFC_PHYS_s04_T3_test,23,21,23.7,0.6952072381973267,-0.383598679128154
UBFC_PHYS_s04_T3_test,23,22,23.733333333333334,0.6855601072311401,-0.6582425823567604
UBFC_PHYS_s04_T3_test,23,23,23.766666666666666,0.6652328372001648,-0.9061710858196012
UBFC_PHYS_s04_T3_test,23,24,23.8,0.579441249370575,-1.1217598035067915
UBFC_PHYS_s04_T3_test,23,25,23.833333333333332,0.4331551790237427,-1.2990361506727326
UBFC_PHYS_s04_T3_test,23,26,23.866666666666667,0.2779819965362549,-1.4300262740137366
UBFC_PHYS_s04_T3_test,23,27,23.9,0.14593277871608734,-1.5033336104075028
UBFC_PHYS_s04_T3_test,23,28,23.933333333333334,0.01619303785264492,-1.5040308742927047
UBFC_PHYS_s04_T3_test,23,29,23.966666666666665,-0.14294619858264923,-1.4159295479330951
UBFC_PHYS_s04_T3_test,23,30,24.0,-0.3136230409145355,-1.2264190978243905
UBFC_PHYS_s04_T3_test,23,31,24.033333333333335,-0.4602307081222534,-0.9327076073558206
UBFC_PHYS_s04_T3_test,23,32,24.066666666666666,-0.6152772307395935,-0.5471552879404762
UBFC_PHYS_s04_T3_test,23,33,24.1,-0.8376687169075012,-0.09910789121139493
UBFC_PHYS_s04_T3_test,23,34,24.133333333333333,-1.0801048278808594,0.3684391796196104
UBFC_PHYS_s04_T3_test,23,35,24.166666666666668,-1.1662276983261108,0.8069729507150313
UBFC_PHYS_s04_T3_test,23,36,24.2,-0.9668237566947937,1.1726636226688574
UBFC_PHYS_s04_T3_test,23,37,24.233333333333334,-0.5646442174911499,1.4347803840020075
UBFC_PHYS_s04_T3_test,23,38,24.266666666666666,-0.16939307749271393,1.5795020360558958
UBFC_PHYS_s04_T3_test,23,39,24.3,0.1058824360370636,1.6086558127690842
UBFC_PHYS_s04_T3_test,23,40,24.333333333333332,0.29341745376586914,1.5350409996989816
UBFC_PHYS_s04_T3_test,23,41,24.366666666666667,0.4424612820148468,1.3769098571605767
UBFC_PHYS_s04_T3_test,23,42,24.4,0.5554987788200378,1.1537199279172534
UBFC_PHYS_s04_T3_test,23,43,24.433333333333334,0.6122903823852539,0.8840201388552953
UBFC_PHYS_s04_T3_test,23,44,24.466666666666665,0.6167728900909424,0.5851078510430705
UBFC_PHYS_s04_T3_test,23,45,24.5,0.6041731238365173,0.2734095004419697
UBFC_PHYS_s04_T3_test,23,46,24.533333333333335,0.5907742381095886,-0.035461913213927804
UBFC_PHYS_s04_T3_test,23,47,24.566666666666666,0.5542514324188232,-0.3274838932921804
UBFC_PHYS_s04_T3_test,23,48,24.6,0.489254891872406,-0.5915993800963738
UBFC_PHYS_s04_T3_test,23,49,24.633333333333333,0.4149230122566223,-0.8208305937586875
UBFC_PHYS_s04_T3_test,23,50,24.666666666666668,0.32382065057754517,-1.0120838268001113
UBFC_PHYS_s04_T3_test,23,51,24.7,0.1886434108018875,-1.164072438432677
UBFC_PHYS_s04_T3_test,23,52,24.733333333333334,0.02255626954138279,-1.2738425362926444
UBFC_PHYS_s04_T3_test,23,53,24.766666666666666,-0.12388573586940765,-1.3334862904661415
UBFC_PHYS_s04_T3_test,23,54,24.8,-0.23165138065814972,-1.3290936498382828
UBFC_PHYS_s04_T3_test,23,55,24.833333333333332,-0.33632799983024597,-1.2433969477451352
UBFC_PHYS_s04_T3_test,23,56,24.866666666666667,-0.48424142599105835,-1.0619807989988355
UBFC_PHYS_s04_T3_test,23,57,24.9,-0.6822909116744995,-0.7810468736675218
UBFC_PHYS_s04_T3_test,23,58,24.933333333333334,-0.8395981788635254,-0.41349837881895074
UBFC_PHYS_s04_T3_test,23,59,24.966666666666665,-0.7947632074356079,0.009675709554151552
UBFC_PHYS_s04_T3_test,23,60,25.0,-0.48975688219070435,0.44395045035944275
UBFC_PHYS_s04_T3_test,23,61,25.033333333333335,-0.0714304968714714,0.8404382997843459
UBFC_PHYS_s04_T3_test,23,62,25.066666666666666,0.2731194496154785,1.1563499551810443
UBFC_PHYS_s04_T3_test,23,63,25.1,0.499954491853714,1.362997927264733
UBFC_PHYS_s04_T3_test,23,64,25.133333333333333,0.633894145488739,1.449045498487956
UBFC_PHYS_s04_T3_test,23,65,25.166666666666668,0.6745291948318481,1.418978897832658
UBFC_PHYS_s04_T3_test,23,66,25.2,0.6160712838172913,1.2885260600339838
UBFC_PHYS_s04_T3_test,23,67,25.233333333333334,0.4941467046737671,1.0792903678246615
UBFC_PHYS_s04_T3_test,23,68,25.266666666666666,0.36493316292762756,0.8143024344618467
UBFC_PHYS_s04_T3_test,23,69,25.3,0.2569628655910492,0.5151705975301424
UBFC_PHYS_s04_T3_test,23,70,25.333333333333332,0.17667703330516815,0.20071711276201287
UBFC_PHYS_s04_T3_test,23,71,25.366666666666667,0.12120096385478973,-0.1133520697220693
UBFC_PHYS_s04_T3_test,23,72,25.4,0.06571514904499054,-0.4141743731978828
UBFC_PHYS_s04_T3_test,23,73,25.433333333333334,-0.00477736396715045,-0.6910525150030619
UBFC_PHYS_s04_T3_test,23,74,25.466666666666665,-0.0718884989619255,-0.9343346537245459
UBFC_PHYS_s04_T3_test,23,75,25.5,-0.1322271227836609,-1.1338406309327693
UBFC_PHYS_s04_T3_test,23,76,25.533333333333335,-0.2045906037092209,-1.2772055342480997
UBFC_PHYS_s04_T3_test,23,77,25.566666666666666,-0.2779480218887329,-1.3490367014956275
UBFC_PHYS_s04_T3_test,23,78,25.6,-0.33847180008888245,-1.3320310917459555
UBFC_PHYS_s04_T3_test,23,79,25.633333333333333,-0.41116660833358765,-1.2107739760184695
UBFC_PHYS_s04_T3_test,23,80,25.666666666666668,-0.5317074060440063,-0.9777634826101222
UBFC_PHYS_s04_T3_test,23,81,25.7,-0.669808030128479,-0.6397502380155645
UBFC_PHYS_s04_T3_test,23,82,25.733333333333334,-0.6702855229377747,-0.22155515590149089
UBFC_PHYS_s04_T3_test,23,83,25.766666666666666,-0.37556955218315125,0.23508575982347613
UBFC_PHYS_s04_T3_test,23,84,25.8,0.11129069328308105,0.6782422888842804
UBFC_PHYS_s04_T3_test,23,85,25.833333333333332,0.5331836342811584,1.0562158130990238
UBFC_PHYS_s04_T3_test,23,86,25.866666666666667,0.7931210994720459,1.328082703929957
UBFC_PHYS_s04_T3_test,23,87,25.9,0.9369710087776184,1.4707675557558115
UBFC_PHYS_s04_T3_test,23,88,25.933333333333334,0.9940939545631409,1.4808286895699794
UBFC_PHYS_s04_T3_test,23,89,25.966666666666665,0.990780770778656,1.371445268953617
UBFC_PHYS_s04_T3_test,23,90,26.0,0.9536635279655457,1.1665718109704457
UBFC_PHYS_s04_T3_test,23,91,26.033333333333335,0.8494449257850647,0.8945212169543103
UBFC_PHYS_s04_T3_test,23,92,26.066666666666666,0.667474091053009,0.5827053362113291
UBFC_PHYS_s04_T3_test,23,93,26.1,0.48472365736961365,0.2544053306448071
UBFC_PHYS_s04_T3_test,23,94,26.133333333333333,0.37307965755462646,-0.07232912522105825
UBFC_PHYS_s04_T3_test,23,95,26.166666666666668,0.31159114837646484,-0.3840802001486374
UBFC_PHYS_s04_T3_test,23,96,26.2,0.22968770563602448,-0.6704592661863722
UBFC_PHYS_s04_T3_test,23,97,26.233333333333334,0.10271543264389038,-0.9221948563961239
UBFC_PHYS_s04_T3_test,23,98,26.266666666666666,-0.039555877447128296,-1.129404970821457
UBFC_PHYS_s04_T3_test,23,99,26.3,-0.18046294152736664,-1.2803959747222957
UBFC_PHYS_s04_T3_test,23,100,26.333333333333332,-0.3230265974998474,-1.3613854001300096
UBFC_PHYS_s04_T3_test,23,101,26.366666666666667,-0.4495701193809509,-1.3576694321204004
UBFC_PHYS_s04_T3_test,23,102,26.4,-0.5533112287521362,-1.2566426798881731
UBFC_PHYS_s04_T3_test,23,103,26.433333333333334,-0.6735695004463196,-1.052468891478198
UBFC_PHYS_s04_T3_test,23,104,26.466666666666665,-0.860315203666687,-0.751160622849957
UBFC_PHYS_s04_T3_test,23,105,26.5,-1.1138992309570312,-0.37389901227901595
UBFC_PHYS_s04_T3_test,23,106,26.533333333333335,-1.3075635433197021,0.043646786288686464
UBFC_PHYS_s04_T3_test,23,107,26.566666666666666,-1.2393512725830078,0.4569273490437991
UBFC_PHYS_s04_T3_test,23,108,26.6,-0.871199905872345,0.8216070535202038
UBFC_PHYS_s04_T3_test,23,109,26.633333333333333,-0.40017467737197876,1.1028199617878072
UBFC_PHYS_s04_T3_test,23,110,26.666666666666668,-0.01787411980330944,1.2812088051553006
UBFC_PHYS_s04_T3_test,23,111,26.7,0.2537471652030945,1.3539412652520344
UBFC_PHYS_s04_T3_test,23,112,26.733333333333334,0.4560452699661255,1.3310305272967875
UBFC_PHYS_s04_T3_test,23,113,26.766666666666666,0.5979365706443787,1.2290046302661564
UBFC_PHYS_s04_T3_test,23,114,26.8,0.6805611252784729,1.06465983916693
UBFC_PHYS_s04_T3_test,23,115,26.833333333333332,0.7076608538627625,0.8511714056286723
UBFC_PHYS_s04_T3_test,23,116,26.866666666666667,0.6839230060577393,0.5975395897407909
UBFC_PHYS_s04_T3_test,23,117,26.9,0.6378797292709351,0.3108380687650462
UBFC_PHYS_s04_T3_test,23,118,26.933333333333334,0.6005870699882507,-0.00035828816426660033
UBFC_PHYS_s04_T3_test,23,119,26.966666666666665,0.5611993670463562,-0.32326935510011884
UBFC_PHYS_s04_T3_test,23,120,27.0,0.48212185502052307,-0.6402412370481729
UBFC_PHYS_s04_T3_test,23,121,27.033333333333335,0.3444110155105591,-0.930228282762251
UBFC_PHYS_s04_T3_test,23,122,27.066666666666666,0.16693241894245148,-1.1713445501853785
UBFC_PHYS_s04_T3_test,23,123,27.1,-0.02385731227695942,-1.3430575742063318
UBFC_PHYS_s04_T3_test,23,124,27.133333333333333,-0.22319306433200836,-1.4274251994510911
UBFC_PHYS_s04_T3_test,23,125,27.166666666666668,-0.4497552514076233,-1.4099951499458154
UBFC_PHYS_s04_T3_test,23,126,27.2,-0.705414891242981,-1.281523848934151
UBFC_PHYS_s04_T3_test,23,127,27.233333333333334,-0.9582582712173462,-1.0410898173574432
UBFC_PHYS_s04_T3_test,23,128,27.266666666666666,-1.199885606765747,-0.6998203073135385
UBFC_PHYS_s04_T3_test,23,129,27.3,-1.4757555723190308,-0.283286908447
UBFC_PHYS_s04_T3_test,23,130,27.333333333333332,-1.7875441312789917,0.16944611810980484
UBFC_PHYS_s04_T3_test,23,131,27.366666666666667,-2.0027928352355957,0.610977692123446
UBFC_PHYS_s04_T3_test,23,132,27.4,-1.9492851495742798,0.9939452919793689
UBFC_PHYS_s04_T3_test,23,133,27.433333333333334,-1.6097731590270996,1.2800528238523894
UBFC_PHYS_s04_T3_test,23,134,27.466666666666665,-1.1451599597930908,1.4467153669713708
UBFC_PHYS_s04_T3_test,23,135,27.5,-0.7126648426055908,1.4892323642031182
UBFC_PHYS_s04_T3_test,23,136,27.533333333333335,-0.35634341835975647,1.4183315048635239
UBFC_PHYS_s04_T3_test,23,137,27.566666666666666,-0.06570067256689072,1.2547195149584016
UBFC_PHYS_s04_T3_test,23,138,27.6,0.1556384116411209,1.0229771490631203
UBFC_PHYS_s04_T3_test,23,139,27.633333333333333,0.3023727536201477,0.74672941556375
UBFC_PHYS_s04_T3_test,23,140,27.666666666666668,0.37610048055648804,0.4460325195746975
UBFC_PHYS_s04_T3_test,23,141,27.7,0.39605745673179626,0.13684543018889184
UBFC_PHYS_s04_T3_test,23,142,27.733333333333334,0.40124157071113586,-0.16829054697255993
UBFC_PHYS_s04_T3_test,23,143,27.766666666666666,0.4076535403728485,-0.4593309256118158
UBFC_PHYS_s04_T3_test,23,144,27.8,0.37617844343185425,-0.7279904845718259
UBFC_PHYS_s04_T3_test,23,145,27.833333333333332,0.26842254400253296,-0.966954970618058
UBFC_PHYS_s04_T3_test,23,146,27.866666666666667,0.11414586007595062,-1.1686023943901294
UBFC_PHYS_s04_T3_test,23,147,27.9,-0.0246173907071352,-1.3232099182641615
UBFC_PHYS_s04_T3_test,23,148,27.933333333333334,-0.15331445634365082,-1.4174029018449192
UBFC_PHYS_s04_T3_test,23,149,27.966666666666665,-0.3412587642669678,-1.4342029928025577
UBFC_PHYS_s04_T3_test,23,150,28.0,-0.5859361886978149,-1.355902612269515
UBFC_PHYS_s04_T3_test,23,151,28.033333333333335,-0.7300687432289124,-1.1698884863566847
UBFC_PHYS_s04_T3_test,23,152,28.066666666666666,-0.618678092956543,-0.8757925588081141
UBFC_PHYS_s04_T3_test,23,153,28.1,-0.2879265248775482,-0.490955039359898
UBFC_PHYS_s04_T3_test,23,154,28.133333333333333,0.07966943085193634,-0.05113551277587391
UBFC_PHYS_s04_T3_test,23,155,28.166666666666668,0.3554418981075287,0.39499600712757416
UBFC_PHYS_s04_T3_test,23,156,28.2,0.5380461812019348,0.7963725463272588
UBFC_PHYS_s04_T3_test,23,157,28.233333333333334,0.6600779294967651,1.1113679285185563
UBFC_PHYS_s04_T3_test,23,158,28.266666666666666,0.7265166640281677,1.3163917466828836
UBFC_PHYS_s04_T3_test,23,159,28.3,0.7390287518501282,1.4080224248260038
UBFC_PHYS_s04_T3_test,23,160,28.333333333333332,0.7054682970046997,1.3985311387329442
UBFC_PHYS_s04_T3_test,23,161,28.366666666666667,0.6401599645614624,1.3076670943458502
UBFC_PHYS_s04_T3_test,23,162,28.4,0.5743545889854431,1.154804284151032
UBFC_PHYS_s04_T3_test,23,163,28.433333333333334,0.5222111940383911,0.9545937595976625
UBFC_PHYS_s04_T3_test,23,164,28.466666666666665,0.4443907141685486,0.7169248194202297
UBFC_PHYS_s04_T3_test,23,165,28.5,0.29020175337791443,0.4497445770563632
UBFC_PHYS_s04_T3_test,23,166,28.533333333333335,0.07062643021345139,0.1623254899393084
UBFC_PHYS_s04_T3_test,23,167,28.566666666666666,-0.14474895596504211,-0.13295032047783567
UBFC_PHYS_s04_T3_test,23,168,28.6,-0.32379642128944397,-0.4209151021664139
UBFC_PHYS_s04_T3_test,23,169,28.633333333333333,-0.5219920873641968,-0.6853623949760099
UBFC_PHYS_s04_T3_test,23,170,28.666666666666668,-0.799927830696106,-0.9108872545181168
UBFC_PHYS_s04_T3_test,23,171,28.7,-1.065429449081421,-1.0837550668212812
UBFC_PHYS_s04_T3_test,23,172,28.733333333333334,-1.0969728231430054,-1.191668326802964
UBFC_PHYS_s04_T3_test,23,173,28.766666666666666,-0.8025394082069397,-1.2232843001934848
UBFC_PHYS_s04_T3_test,23,174,28.8,-0.36028024554252625,-1.1687473927687166
UBFC_PHYS_s04_T3_test,23,175,28.833333333333332,0.024709828197956085,-1.0220867733323167
UBFC_PHYS_s04_T3_test,23,176,28.866666666666667,0.3188021779060364,-0.7852287641823055
UBFC_PHYS_s04_T3_test,23,177,28.9,0.568800151348114,-0.47201094286347056
UBFC_PHYS_s04_T3_test,23,178,28.933333333333334,0.7737585306167603,-0.1097216299752314
UBFC_PHYS_s04_T3_test,23,179,28.966666666666665,0.8970863223075867,0.2636875336481755
UBFC_PHYS_s04_T3_test,23,180,29.0,0.9340769052505493,0.6063703996960279
UBFC_PHYS_s04_T3_test,23,181,29.033333333333335,0.9200446605682373,0.8808497374957859
UBFC_PHYS_s04_T3_test,23,182,29.066666666666666,0.8870786428451538,1.0608189971363278
UBFC_PHYS_s04_T3_test,23,183,29.1,0.8357342481613159,1.1345961820682458
UBFC_PHYS_s04_T3_test,23,184,29.133333333333333,0.758566677570343,1.104906424135643
UBFC_PHYS_s04_T3_test,23,185,29.166666666666668,0.6520678400993347,0.9859083268934318
UBFC_PHYS_s04_T3_test,23,186,29.2,0.5131681561470032,0.7988940869370685
UBFC_PHYS_s04_T3_test,23,187,29.233333333333334,0.33894428610801697,0.5679013295513959
UBFC_PHYS_s04_T3_test,23,188,29.266666666666666,0.14087532460689545,0.3159202373493124
UBFC_PHYS_s04_T3_test,23,189,29.3,-0.05282803997397423,0.06195406849257748
UBFC_PHYS_s04_T3_test,23,190,29.333333333333332,-0.22558049857616425,-0.18083340552508848
UBFC_PHYS_s04_T3_test,23,191,29.366666666666667,-0.39277851581573486,-0.4054792286538558
UBFC_PHYS_s04_T3_test,23,192,29.4,-0.5990329384803772,-0.6097188888334443
UBFC_PHYS_s04_T3_test,23,193,29.433333333333334,-0.8703521490097046,-0.792703665344022
UBFC_PHYS_s04_T3_test,23,194,29.466666666666665,-1.116013765335083,-0.9508099479354223
UBFC_PHYS_s04_T3_test,23,195,29.5,-1.1286622285842896,-1.074115348817183
UBFC_PHYS_s04_T3_test,23,196,29.533333333333335,-0.7927655577659607,-1.1452710552170198
UBFC_PHYS_s04_T3_test,23,197,29.566666666666666,-0.278825044631958,-1.1419240135706796
UBFC_PHYS_s04_T3_test,23,198,29.6,0.1850184202194214,-1.04264955918354
UBFC_PHYS_s04_T3_test,23,199,29.633333333333333,0.5269275903701782,-0.8348974718986516
UBFC_PHYS_s04_T3_test,23,200,29.666666666666668,0.7956547141075134,-0.5222717984873054
UBFC_PHYS_s04_T3_test,23,201,29.7,1.024087905883789,-0.12815908984324062
UBFC_PHYS_s04_T3_test,23,202,29.733333333333334,1.1923967599868774,0.3063435226818794
UBFC_PHYS_s04_T3_test,23,203,29.766666666666666,1.2690380811691284,0.7302177705444728
UBFC_PHYS_s04_T3_test,23,204,29.8,1.2603557109832764,1.093658928264417
UBFC_PHYS_s04_T3_test,23,205,29.833333333333332,1.2039051055908203,1.3586443407570956
UBFC_PHYS_s04_T3_test,23,206,29.866666666666667,1.1240187883377075,1.5052625953084369
UBFC_PHYS_s04_T3_test,23,207,29.9,1.0323902368545532,1.5320848379440284
UBFC_PHYS_s04_T3_test,23,208,29.933333333333334,0.9395923614501953,1.4515548521605235
UBFC_PHYS_s04_T3_test,23,209,29.966666666666665,0.8345259428024292,1.2832807729887477
UBFC_PHYS_s04_T3_test,23,210,30.0,0.6936286091804504,1.048216812208031
UBFC_PHYS_s04_T3_test,23,211,30.033333333333335,0.5290324091911316,0.7654149184909694
UBFC_PHYS_s04_T3_test,23,212,30.066666666666666,0.372348815202713,0.45137581202420496
UBFC_PHYS_s04_T3_test,23,213,30.1,0.22237925231456757,0.12087653487047381
UBFC_PHYS_s04_T3_test,23,214,30.133333333333333,0.06421447545289993,-0.21211576575032334
UBFC_PHYS_s04_T3_test,23,215,30.166666666666668,-0.10655007511377335,-0.5343149702783335
UBFC_PHYS_s04_T3_test,23,216,30.2,-0.2894466817378998,-0.8337593225823642
UBFC_PHYS_s04_T3_test,23,217,30.233333333333334,-0.47050154209136963,-1.1004647717116016
UBFC_PHYS_s04_T3_test,23,218,30.266666666666666,-0.6346884965896606,-1.3261223696515232
UBFC_PHYS_s04_T3_test,23,219,30.3,-0.8265306353569031,-1.5024069756786849
UBFC_PHYS_s04_T3_test,23,220,30.333333333333332,-1.1065419912338257,-1.6185344853190007
UBFC_PHYS_s04_T3_test,23,221,30.366666666666667,-1.3944952487945557,-1.6596762178109024
UBFC_PHYS_s04_T3_test,23,222,30.4,-1.4565489292144775,-1.6080323022898075
UBFC_PHYS_s04_T3_test,23,223,30.433333333333334,-1.1521565914154053,-1.4474843905115753
UBFC_PHYS_s04_T3_test,23,224,30.466666666666665,-0.6142345666885376,-1.1710163681633976
UBFC_PHYS_s04_T3_test,23,225,30.5,-0.08223727345466614,-0.7882356450127871
UBFC_PHYS_s04_T3_test,23,226,30.533333333333335,0.34819191694259644,-0.32933461073815884
UBFC_PHYS_s04_T3_test,23,227,30.566666666666666,0.7140825390815735,0.15741876203941474
UBFC_PHYS_s04_T3_test,23,228,30.6,1.0204628705978394,0.6150024319990458
UBFC_PHYS_s04_T3_test,23,229,30.633333333333333,1.2293872833251953,0.990913387917628
UBFC_PHYS_s04_T3_test,23,230,30.666666666666668,1.327807903289795,1.2494364562594875
UBFC_PHYS_s04_T3_test,23,231,30.7,1.3517991304397583,1.378310518497609
UBFC_PHYS_s04_T3_test,23,232,30.733333333333334,1.343369960784912,1.38798946992253
UBFC_PHYS_s04_T3_test,23,233,30.766666666666666,1.3180632591247559,1.305027777509354
UBFC_PHYS_s04_T3_test,23,234,30.8,1.2833627462387085,1.1629354082637164
UBFC_PHYS_s04_T3_test,23,235,30.833333333333332,1.2357699871063232,0.993685808372458
UBFC_PHYS_s04_T3_test,23,236,30.866666666666667,1.1472889184951782,0.8216838955818312
UBFC_PHYS_s04_T3_test,23,237,30.9,1.0010515451431274,0.6605838542514803
UBFC_PHYS_s04_T3_test,23,238,30.933333333333334,0.8048925995826721,0.512723063097303
UBFC_PHYS_s04_T3_test,23,239,30.966666666666665,0.5608680248260498,0.37104106531859715
UBFC_PHYS_s04_T3_test,24,0,24.0,-0.3136230409145355,0.12156120625803059
UBFC_PHYS_s04_T3_test,24,1,24.033333333333335,-0.4602307081222534,0.3237534394304826
UBFC_PHYS_s04_T3_test,24,2,24.066666666666666,-0.6152772307395935,0.5232737244638449
UBFC_PHYS_s04_T3_test,24,3,24.1,-0.8376687169075012,0.7181684995260608
UBFC_PHYS_s04_T3_test,24,4,24.133333333333333,-1.0801048278808594,0.905334240935992
UBFC_PHYS_s04_T3_test,24,5,24.166666666666668,-1.1662276983261108,1.0796685751663693
UBFC_PHYS_s04_T3_test,24,6,24.2,-0.9668237566947937,1.2329255017749148
UBFC_PHYS_s04_T3_test,24,7,24.233333333333334,-0.5646442174911499,1.353156583550738
UBFC_PHYS_s04_T3_test,24,8,24.266666666666666,-0.16939307749271393,1.425729559898448
UBFC_PHYS_s04_T3_test,24,9,24.3,0.1058824360370636,1.4361166031459143
UBFC_PHYS_s04_T3_test,24,10,24.333333333333332,0.29341745376586914,1.373650228576936
UBFC_PHYS_s04_T3_test,24,11,24.366666666666667,0.4424612820148468,1.2348869501265636
UBFC_PHYS_s04_T3_test,24,12,24.4,0.5554987788200378,1.0253648040514947
UBFC_PHYS_s04_T3_test,24,13,24.433333333333334,0.6122903823852539,0.759157486663011
UBFC_PHYS_s04_T3_test,24,14,24.466666666666665,0.6167728900909424,0.4563290561749654
UBFC_PHYS_s04_T3_test,24,15,24.5,0.6041731238365173,0.1390150120058697
UBFC_PHYS_s04_T3_test,24,16,24.533333333333335,0.5907742381095886,-0.17270033435221738
UBFC_PHYS_s04_T3_test,24,17,24.566666666666666,0.5542514324188232,-0.46388937962876287
UBFC_PHYS_s04_T3_test,24,18,24.6,0.489254891872406,-0.7260697852656024
UBFC_PHYS_s04_T3_test,24,19,24.633333333333333,0.4149230122566223,-0.9564831641991571
UBFC_PHYS_s04_T3_test,24,20,24.666666666666668,0.32382065057754517,-1.1556545415450445
UBFC_PHYS_s04_T3_test,24,21,24.7,0.1886434108018875,-1.3238806965361318
UBFC_PHYS_s04_T3_test,24,22,24.733333333333334,0.02255626954138279,-1.4576181962816845
UBFC_PHYS_s04_T3_test,24,23,24.766666666666666,-0.12388573586940765,-1.5469671716729232
UBFC_PHYS_s04_T3_test,24,24,24.8,-0.23165138065814972,-1.5754145251016802
UBFC_PHYS_s04_T3_test,24,25,24.833333333333332,-0.33632799983024597,-1.5225759899652624
UBFC_PHYS_s04_T3_test,24,26,24.866666666666667,-0.48424142599105835,-1.3698282702078206
UBFC_PHYS_s04_T3_test,24,27,24.9,-0.6822909116744995,-1.1075885989260177
UBFC_PHYS_s04_T3_test,24,28,24.933333333333334,-0.8395981788635254,-0.7419577605928885
UBFC_PHYS_s04_T3_test,24,29,24.966666666666665,-0.7947632074356079,-0.29808284916289024
UBFC_PHYS_s04_T3_test,24,30,25.0,-0.48975688219070435,0.18167039674247645
UBFC_PHYS_s04_T3_test,24,31,25.033333333333335,-0.0714304968714714,0.6449598611452402
UBFC_PHYS_s04_T3_test,24,32,25.066666666666666,0.2731194496154785,1.0403066842863418
UBFC_PHYS_s04_T3_test,24,33,25.1,0.499954491853714,1.3281396314821108
UBFC_PHYS_s04_T3_test,24,34,25.133333333333333,0.633894145488739,1.4883097984186355
UBFC_PHYS_s04_T3_test,24,35,25.166666666666668,0.6745291948318481,1.5216393072086478
UBFC_PHYS_s04_T3_test,24,36,25.2,0.6160712838172913,1.4455920110069957
UBFC_PHYS_s04_T3_test,24,37,25.233333333333334,0.4941467046737671,1.2864601588265734
UBFC_PHYS_s04_T3_test,24,38,25.266666666666666,0.36493316292762756,1.0712674865108864
UBFC_PHYS_s04_T3_test,24,39,25.3,0.2569628655910492,0.8219095321302164
UBFC_PHYS_s04_T3_test,24,40,25.333333333333332,0.17667703330516815,0.552668779582871
UBFC_PHYS_s04_T3_test,24,41,25.366666666666667,0.12120096385478973,0.2709434806502399
UBFC_PHYS_s04_T3_test,24,42,25.4,0.06571514904499054,-0.019739864528497804
UBFC_PHYS_s04_T3_test,24,43,25.433333333333334,-0.00477736396715045,-0.31566496236742386
UBFC_PHYS_s04_T3_test,24,44,25.466666666666665,-0.0718884989619255,-0.6091117583580106
UBFC_PHYS_s04_T3_test,24,45,25.5,-0.1322271227836609,-0.8858982918097957
UBFC_PHYS_s04_T3_test,24,46,25.533333333333335,-0.2045906037092209,-1.124923294077811
UBFC_PHYS_s04_T3_test,24,47,25.566666666666666,-0.2779480218887329,-1.2998293692040748
UBFC_PHYS_s04_T3_test,24,48,25.6,-0.33847180008888245,-1.3825507920186217
UBFC_PHYS_s04_T3_test,24,49,25.633333333333333,-0.41116660833358765,-1.3483528235317772
UBFC_PHYS_s04_T3_test,24,50,25.666666666666668,-0.5317074060440063,-1.1818398899846005
UBFC_PHYS_s04_T3_test,24,51,25.7,-0.669808030128479,-0.8830217320575352
UBFC_PHYS_s04_T3_test,24,52,25.733333333333334,-0.6702855229377747,-0.4718472831774137
UBFC_PHYS_s04_T3_test,24,53,25.766666666666666,-0.37556955218315125,0.010875750339371663
UBFC_PHYS_s04_T3_test,24,54,25.8,0.11129069328308105,0.5078964498753785
UBFC_PHYS_s04_T3_test,24,55,25.833333333333332,0.5331836342811584,0.9553769437035454
UBFC_PHYS_s04_T3_test,24,56,25.866666666666667,0.7931210994720459,1.2958576410173097
UBFC_PHYS_s04_T3_test,24,57,25.9,0.9369710087776184,1.4902693877537037
UBFC_PHYS_s04_T3_test,24,58,25.933333333333334,0.9940939545631409,1.5251561890267784
UBFC_PHYS_s04_T3_test,24,59,25.966666666666665,0.990780770778656,1.4131090174825078
UBFC_PHYS_s04_T3_test,24,60,26.0,0.9536635279655457,1.1867440746921956
UBFC_PHYS_s04_T3_test,24,61,26.033333333333335,0.8494449257850647,0.8885484577560604
UBFC_PHYS_s04_T3_test,24,62,26.066666666666666,0.667474091053009,0.5600189626599681
UBFC_PHYS_s04_T3_test,24,63,26.1,0.48472365736961365,0.2333874055313611
UBFC_PHYS_s04_T3_test,24,64,26.133333333333333,0.37307965755462646,-0.07207780109181446
UBFC_PHYS_s04_T3_test,24,65,26.166666666666668,0.31159114837646484,-0.3490600854792309
UBFC_PHYS_s04_T3_test,24,66,26.2,0.22968770563602448,-0.5979204663525411
UBFC_PHYS_s04_T3_test,24,67,26.233333333333334,0.10271543264389038,-0.8212676257970964
UBFC_PHYS_s04_T3_test,24,68,26.266666666666666,-0.039555877447128296,-1.0191161377258373
UBFC_PHYS_s04_T3_test,24,69,26.3,-0.18046294152736664,-1.1856097902171872
UBFC_PHYS_s04_T3_test,24,70,26.333333333333332,-0.3230265974998474,-1.307790309173875
UBFC_PHYS_s04_T3_test,24,71,26.366666666666667,-0.4495701193809509,-1.3667494996265295
UBFC_PHYS_s04_T3_test,24,72,26.4,-0.5533112287521362,-1.341367979450245
UBFC_PHYS_s04_T3_test,24,73,26.433333333333334,-0.6735695004463196,-1.2142922464928165
UBFC_PHYS_s04_T3_test,24,74,26.466666666666665,-0.860315203666687,-0.9787869740382867
UBFC_PHYS_s04_T3_test,24,75,26.5,-1.1138992309570312,-0.6442494031693827
UBFC_PHYS_s04_T3_test,24,76,26.533333333333335,-1.3075635433197021,-0.2381642318990445
UBFC_PHYS_s04_T3_test,24,77,26.566666666666666,-1.2393512725830078,0.19684087544982268
UBFC_PHYS_s04_T3_test,24,78,26.6,-0.871199905872345,0.6107126905411697
UBFC_PHYS_s04_T3_test,24,79,26.633333333333333,-0.40017467737197876,0.9565858767125738
UBFC_PHYS_s04_T3_test,24,80,26.666666666666668,-0.01787411980330944,1.2009457810769923
UBFC_PHYS_s04_T3_test,24,81,26.7,0.2537471652030945,1.3297899344095296
UBFC_PHYS_s04_T3_test,24,82,26.733333333333334,0.4560452699661255,1.3487773541737293
UBFC_PHYS_s04_T3_test,24,83,26.766666666666666,0.5979365706443787,1.2778011873086008
UBFC_PHYS_s04_T3_test,24,84,26.8,0.6805611252784729,1.1424581706809955
UBFC_PHYS_s04_T3_test,24,85,26.833333333333332,0.7076608538627625,0.9657105514577651
UBFC_PHYS_s04_T3_test,24,86,26.866666666666667,0.6839230060577393,0.7624964044485095
UBFC_PHYS_s04_T3_test,24,87,26.9,0.6378797292709351,0.5385975364747273
UBFC_PHYS_s04_T3_test,24,88,26.933333333333334,0.6005870699882507,0.2934287290166616
UBFC_PHYS_s04_T3_test,24,89,26.966666666666665,0.5611993670463562,0.025155287581624136
UBFC_PHYS_s04_T3_test,24,90,27.0,0.48212185502052307,-0.263975479221931
UBFC_PHYS_s04_T3_test,24,91,27.033333333333335,0.3444110155105591,-0.5639159795832671
UBFC_PHYS_s04_T3_test,24,92,27.066666666666666,0.16693241894245148,-0.8556757545460177
UBFC_PHYS_s04_T3_test,24,93,27.1,-0.02385731227695942,-1.1127735005646877
UBFC_PHYS_s04_T3_test,24,94,27.133333333333333,-0.22319306433200836,-1.3047104855039688
UBFC_PHYS_s04_T3_test,24,95,27.166666666666668,-0.4497552514076233,-1.4017279127402633
UBFC_PHYS_s04_T3_test,24,96,27.2,-0.705414891242981,-1.3801722423565612
UBFC_PHYS_s04_T3_test,24,97,27.233333333333334,-0.9582582712173462,-1.2277749062101695
UBFC_PHYS_s04_T3_test,24,98,27.266666666666666,-1.199885606765747,-0.9479263647579321
UBFC_PHYS_s04_T3_test,24,99,27.3,-1.4757555723190308,-0.5618223687743231
UBFC_PHYS_s04_T3_test,24,100,27.333333333333332,-1.7875441312789917,-0.10748710397547061
UBFC_PHYS_s04_T3_test,24,101,27.366666666666667,-2.0027928352355957,0.3648285336082557
UBFC_PHYS_s04_T3_test,24,102,27.4,-1.9492851495742798,0.8005663165887874
UBFC_PHYS_s04_T3_test,24,103,27.433333333333334,-1.6097731590270996,1.1506244924671638
UBFC_PHYS_s04_T3_test,24,104,27.466666666666665,-1.1451599597930908,1.3803086634163675
UBFC_PHYS_s04_T3_test,24,105,27.5,-0.7126648426055908,1.4746354042551408
UBFC_PHYS_s04_T3_test,24,106,27.533333333333335,-0.35634341835975647,1.4385416340711294
UBFC_PHYS_s04_T3_test,24,107,27.566666666666666,-0.06570067256689072,1.2925693376190068
UBFC_PHYS_s04_T3_test,24,108,27.6,0.1556384116411209,1.0659614158787227
UBFC_PHYS_s04_T3_test,24,109,27.633333333333333,0.3023727536201477,0.7894539108501812
UBFC_PHYS_s04_T3_test,24,110,27.666666666666668,0.37610048055648804,0.4896285933532991
UBFC_PHYS_s04_T3_test,24,111,27.7,0.39605745673179626,0.18584469113277838
UBFC_PHYS_s04_T3_test,24,112,27.733333333333334,0.40124157071113586,-0.11015224840305299
UBFC_PHYS_s04_T3_test,24,113,27.766666666666666,0.4076535403728485,-0.39253904837559533
UBFC_PHYS_s04_T3_test,24,114,27.8,0.37617844343185425,-0.6585405862713588
UBFC_PHYS_s04_T3_test,24,115,27.833333333333332,0.26842254400253296,-0.9052176328940414
UBFC_PHYS_s04_T3_test,24,116,27.866666666666667,0.11414586007595062,-1.1265407244996297
UBFC_PHYS_s04_T3_test,24,117,27.9,-0.0246173907071352,-1.3112698742050712
UBFC_PHYS_s04_T3_test,24,118,27.933333333333334,-0.15331445634365082,-1.442276469768261
UBFC_PHYS_s04_T3_test,24,119,27.966666666666665,-0.3412587642669678,-1.4980177842851259
UBFC_PHYS_s04_T3_test,24,120,28.0,-0.5859361886978149,-1.4565648513206215
UBFC_PHYS_s04_T3_test,24,121,28.033333333333335,-0.7300687432289124,-1.3018088004756296
UBFC_PHYS_s04_T3_test,24,122,28.066666666666666,-0.618678092956543,-1.030422611080594
UBFC_PHYS_s04_T3_test,24,123,28.1,-0.2879265248775482,-0.6572234274917507
UBFC_PHYS_s04_T3_test,24,124,28.133333333333333,0.07966943085193634,-0.21631753304244206
UBFC_PHYS_s04_T3_test,24,125,28.166666666666668,0.3554418981075287,0.24360622752693953
UBFC_PHYS_s04_T3_test,24,126,28.2,0.5380461812019348,0.6692396041212741
UBFC_PHYS_s04_T3_test,24,127,28.233333333333334,0.6600779294967651,1.014823928807336
UBFC_PHYS_s04_T3_test,24,128,28.266666666666666,0.7265166640281677,1.2521500029578503
UBFC_PHYS_s04_T3_test,24,129,28.3,0.7390287518501282,1.3746799974015598
UBFC_PHYS_s04_T3_test,24,130,28.333333333333332,0.7054682970046997,1.394600256776567
UBFC_PHYS_s04_T3_test,24,131,28.366666666666667,0.6401599645614624,1.3346519614271946
UBFC_PHYS_s04_T3_test,24,132,28.4,0.5743545889854431,1.2185531958982667
UBFC_PHYS_s04_T3_test,24,133,28.433333333333334,0.5222111940383911,1.063879821247208
UBFC_PHYS_s04_T3_test,24,134,28.466666666666665,0.4443907141685486,0.879577828363818
UBFC_PHYS_s04_T3_test,24,135,28.5,0.29020175337791443,0.6679433151159866
UBFC_PHYS_s04_T3_test,24,136,28.533333333333335,0.07062643021345139,0.4291752820018895
UBFC_PHYS_s04_T3_test,24,137,28.566666666666666,-0.14474895596504211,0.1660698558242204
UBFC_PHYS_s04_T3_test,24,138,28.6,-0.32379642128944397,-0.11300569653870854
UBFC_PHYS_s04_T3_test,24,139,28.633333333333333,-0.5219920873641968,-0.3936001859183411
UBFC_PHYS_s04_T3_test,24,140,28.666666666666668,-0.799927830696106,-0.6568178736165781
UBFC_PHYS_s04_T3_test,24,141,28.7,-1.065429449081421,-0.8821378007157352
UBFC_PHYS_s04_T3_test,24,142,28.733333333333334,-1.0969728231430054,-1.0502630815959313
UBFC_PHYS_s04_T3_test,24,143,28.766666666666666,-0.8025394082069397,-1.145199487112668
UBFC_PHYS_s04_T3_test,24,144,28.8,-0.36028024554252625,-1.1554870297169417
UBFC_PHYS_s04_T3_test,24,145,28.833333333333332,0.024709828197956085,-1.0751675390145246
UBFC_PHYS_s04_T3_test,24,146,28.866666666666667,0.3188021779060364,-0.9051873659421344
UBFC_PHYS_s04_T3_test,24,147,28.9,0.568800151348114,-0.655267524580141
UBFC_PHYS_s04_T3_test,24,148,28.933333333333334,0.7737585306167603,-0.3451905983335423
UBFC_PHYS_s04_T3_test,24,149,28.966666666666665,0.8970863223075867,-0.004058064935431588
UBFC_PHYS_s04_T3_test,24,150,29.0,0.9340769052505493,0.3330250996799136
UBFC_PHYS_s04_T3_test,24,151,29.033333333333335,0.9200446605682373,0.6301034410913965
UBFC_PHYS_s04_T3_test,24,152,29.066666666666666,0.8870786428451538,0.8560719987846069
UBFC_PHYS_s04_T3_test,24,153,29.1,0.8357342481613159,0.989665390022213
UBFC_PHYS_s04_T3_test,24,154,29.133333333333333,0.758566677570343,1.022590768556466
UBFC_PHYS_s04_T3_test,24,155,29.166666666666668,0.6520678400993347,0.9600055440564847
UBFC_PHYS_s04_T3_test,24,156,29.2,0.5131681561470032,0.8183043606599459
UBFC_PHYS_s04_T3_test,24,157,29.233333333333334,0.33894428610801697,0.6209450572235149
UBFC_PHYS_s04_T3_test,24,158,29.266666666666666,0.14087532460689545,0.39336026592692525
UBFC_PHYS_s04_T3_test,24,159,29.3,-0.05282803997397423,0.15797700491686906
UBFC_PHYS_s04_T3_test,24,160,29.333333333333332,-0.22558049857616425,-0.06968338534971505
UBFC_PHYS_s04_T3_test,24,161,29.366666666666667,-0.39277851581573486,-0.2828225070574403
UBFC_PHYS_s04_T3_test,24,162,29.4,-0.5990329384803772,-0.4822071250683774
UBFC_PHYS_s04_T3_test,24,163,29.433333333333334,-0.8703521490097046,-0.6718876217641836
UBFC_PHYS_s04_T3_test,24,164,29.466666666666665,-1.116013765335083,-0.8530698829441161
UBFC_PHYS_s04_T3_test,24,165,29.5,-1.1286622285842896,-1.0185806524060315
UBFC_PHYS_s04_T3_test,24,166,29.533333333333335,-0.7927655577659607,-1.1503501768902444
UBFC_PHYS_s04_T3_test,24,167,29.566666666666666,-0.278825044631958,-1.221296188364696
UBFC_PHYS_s04_T3_test,24,168,29.6,0.1850184202194214,-1.2015632524102136
UBFC_PHYS_s04_T3_test,24,169,29.633333333333333,0.5269275903701782,-1.0676323298567267
UBFC_PHYS_s04_T3_test,24,170,29.666666666666668,0.7956547141075134,-0.8116384689890002
UBFC_PHYS_s04_T3_test,24,171,29.7,1.024087905883789,-0.4476823266509655
UBFC_PHYS_s04_T3_test,24,172,29.733333333333334,1.1923967599868774,-0.012377638917060263
UBFC_PHYS_s04_T3_test,24,173,29.766666666666666,1.2690380811691284,0.44141175383330167
UBFC_PHYS_s04_T3_test,24,174,29.8,1.2603557109832764,0.8560892319839227
UBFC_PHYS_s04_T3_test,24,175,29.833333333333332,1.2039051055908203,1.1823137996951192
UBFC_PHYS_s04_T3_test,24,176,29.866666666666667,1.1240187883377075,1.3890718528647352
UBFC_PHYS_s04_T3_test,24,177,29.9,1.0323902368545532,1.467733252753545
UBFC_PHYS_s04_T3_test,24,178,29.933333333333334,0.9395923614501953,1.4295163427430768
UBFC_PHYS_s04_T3_test,24,179,29.966666666666665,0.8345259428024292,1.2982824935066462
UBFC_PHYS_s04_T3_test,24,180,30.0,0.6936286091804504,1.1019106162804515
UBFC_PHYS_s04_T3_test,24,181,30.033333333333335,0.5290324091911316,0.8653142486039991
UBFC_PHYS_s04_T3_test,24,182,30.066666666666666,0.372348815202713,0.6068324486410414
UBFC_PHYS_s04_T3_test,24,183,30.1,0.22237925231456757,0.3380767976933421
UBFC_PHYS_s04_T3_test,24,184,30.133333333333333,0.06421447545289993,0.06612562263087857
UBFC_PHYS_s04_T3_test,24,185,30.166666666666668,-0.10655007511377335,-0.2034858092502682
UBFC_PHYS_s04_T3_test,24,186,30.2,-0.2894466817378998,-0.4643098797705301
UBFC_PHYS_s04_T3_test,24,187,30.233333333333334,-0.47050154209136963,-0.7077507692703046
UBFC_PHYS_s04_T3_test,24,188,30.266666666666666,-0.6346884965896606,-0.9229887554297519
UBFC_PHYS_s04_T3_test,24,189,30.3,-0.8265306353569031,-1.0975210103998856
UBFC_PHYS_s04_T3_test,24,190,30.333333333333332,-1.1065419912338257,-1.217770120530773
UBFC_PHYS_s04_T3_test,24,191,30.366666666666667,-1.3944952487945557,-1.2696430520811608
UBFC_PHYS_s04_T3_test,24,192,30.4,-1.4565489292144775,-1.2394985863976404
UBFC_PHYS_s04_T3_test,24,193,30.433333333333334,-1.1521565914154053,-1.1162539057080492
UBFC_PHYS_s04_T3_test,24,194,30.466666666666665,-0.6142345666885376,-0.8949938742923838
UBFC_PHYS_s04_T3_test,24,195,30.5,-0.08223727345466614,-0.5814494694500949
UBFC_PHYS_s04_T3_test,24,196,30.533333333333335,0.34819191694259644,-0.19555347729337125
UBFC_PHYS_s04_T3_test,24,197,30.566666666666666,0.7140825390815735,0.22817622211557606
UBFC_PHYS_s04_T3_test,24,198,30.6,1.0204628705978394,0.6448127295728312
UBFC_PHYS_s04_T3_test,24,199,30.633333333333333,1.2293872833251953,1.007168778068616
UBFC_PHYS_s04_T3_test,24,200,30.666666666666668,1.327807903289795,1.2752423399682455
UBFC_PHYS_s04_T3_test,24,201,30.7,1.3517991304397583,1.4235221295066596
UBFC_PHYS_s04_T3_test,24,202,30.733333333333334,1.343369960784912,1.4439518356469425
UBFC_PHYS_s04_T3_test,24,203,30.766666666666666,1.3180632591247559,1.344522423514971
UBFC_PHYS_s04_T3_test,24,204,30.8,1.2833627462387085,1.1450318610561663
UBFC_PHYS_s04_T3_test,24,205,30.833333333333332,1.2357699871063232,0.871916687271878
UBFC_PHYS_s04_T3_test,24,206,30.866666666666667,1.1472889184951782,0.5534845450119361
UBFC_PHYS_s04_T3_test,24,207,30.9,1.0010515451431274,0.21610349296428139
UBFC_PHYS_s04_T3_test,24,208,30.933333333333334,0.8048925995826721,-0.11845464442092729
UBFC_PHYS_s04_T3_test,24,209,30.966666666666665,0.5608680248260498,-0.434291412211764
UBFC_PHYS_s04_T3_test,24,210,31.0,0.2644759714603424,-0.7210150997552239
UBFC_PHYS_s04_T3_test,24,211,31.033333333333335,-0.07524064183235168,-0.9717019674414547
UBFC_PHYS_s04_T3_test,24,212,31.066666666666666,-0.4313282072544098,-1.179713471679722
UBFC_PHYS_s04_T3_test,24,213,31.1,-0.771658718585968,-1.335530520739793
UBFC_PHYS_s04_T3_test,24,214,31.133333333333333,-1.0862635374069214,-1.4251048018274772
UBFC_PHYS_s04_T3_test,24,215,31.166666666666668,-1.4038013219833374,-1.431002191134336
UBFC_PHYS_s04_T3_test,24,216,31.2,-1.7602884769439697,-1.336751907704923
UBFC_PHYS_s04_T3_test,24,217,31.233333333333334,-2.166667938232422,-1.1335009534827063
UBFC_PHYS_s04_T3_test,24,218,31.266666666666666,-2.5738658905029297,-0.8267601945166047
UBFC_PHYS_s04_T3_test,24,219,31.3,-2.8349239826202393,-0.44035903982848257
UBFC_PHYS_s04_T3_test,24,220,31.333333333333332,-2.8045403957366943,-0.015228488771340507
UBFC_PHYS_s04_T3_test,24,221,31.366666666666667,-2.494203805923462,0.3975989191870297
UBFC_PHYS_s04_T3_test,24,222,31.4,-2.0464584827423096,0.7479265024267743
UBFC_PHYS_s04_T3_test,24,223,31.433333333333334,-1.5591694116592407,0.9975474465100059
UBFC_PHYS_s04_T3_test,24,224,31.466666666666665,-1.0591150522232056,1.1277050332201
UBFC_PHYS_s04_T3_test,24,225,31.5,-0.6027456521987915,1.1405381371543226
UBFC_PHYS_s04_T3_test,24,226,31.533333333333335,-0.26647862792015076,1.0547455670693124
UBFC_PHYS_s04_T3_test,24,227,31.566666666666666,-0.030444668605923653,0.8978805879961463
UBFC_PHYS_s04_T3_test,24,228,31.6,0.17028456926345825,0.6984648388345658
UBFC_PHYS_s04_T3_test,24,229,31.633333333333333,0.3442453444004059,0.48050132865447354
UBFC_PHYS_s04_T3_test,24,230,31.666666666666668,0.47042831778526306,0.2615762310421792
UBFC_PHYS_s04_T3_test,24,231,31.7,0.5730390548706055,0.054172322171115214
UBFC_PHYS_s04_T3_test,24,232,31.733333333333334,0.6767411828041077,-0.1314090899143335
UBFC_PHYS_s04_T3_test,24,233,31.766666666666666,0.7403053045272827,-0.28458587923806833
UBFC_PHYS_s04_T3_test,24,234,31.8,0.720874547958374,-0.39408034652835977
UBFC_PHYS_s04_T3_test,24,235,31.833333333333332,0.6391075253486633,-0.4498643308374151
UBFC_PHYS_s04_T3_test,24,236,31.866666666666667,0.5355223417282104,-0.4463101235511443
UBFC_PHYS_s04_T3_test,24,237,31.9,0.42602211236953735,-0.3847631914389611
UBFC_PHYS_s04_T3_test,24,238,31.933333333333334,0.2941288352012634,-0.27441227310567695
UBFC_PHYS_s04_T3_test,24,239,31.966666666666665,0.1185017079114914,-0.13137591715904673
UBFC_PHYS_s04_T3_test,25,0,25.0,-0.48975688219070435,0.10304036588259108
UBFC_PHYS_s04_T3_test,25,1,25.033333333333335,-0.0714304968714714,0.34727746864679615
UBFC_PHYS_s04_T3_test,25,2,25.066666666666666,0.2731194496154785,0.5571697904843309
UBFC_PHYS_s04_T3_test,25,3,25.1,0.499954491853714,0.7069556521252859
UBFC_PHYS_s04_T3_test,25,4,25.133333333333333,0.633894145488739,0.7797740890377264
UBFC_PHYS_s04_T3_test,25,5,25.166666666666668,0.6745291948318481,0.7705238068935933
UBFC_PHYS_s04_T3_test,25,6,25.2,0.6160712838172913,0.6862028253571741
UBFC_PHYS_s04_T3_test,25,7,25.233333333333334,0.4941467046737671,0.5435218775120454
UBFC_PHYS_s04_T3_test,25,8,25.266666666666666,0.36493316292762756,0.36435426806243326
UBFC_PHYS_s04_T3_test,25,9,25.3,0.2569628655910492,0.17015383355360877
UBFC_PHYS_s04_T3_test,25,10,25.333333333333332,0.17667703330516815,-0.023075365930606006
UBFC_PHYS_s04_T3_test,25,11,25.366666666666667,0.12120096385478973,-0.20760254865852062
UBFC_PHYS_s04_T3_test,25,12,25.4,0.06571514904499054,-0.3835095118233281
UBFC_PHYS_s04_T3_test,25,13,25.433333333333334,-0.00477736396715045,-0.5549763196470733
UBFC_PHYS_s04_T3_test,25,14,25.466666666666665,-0.0718884989619255,-0.7245721605502685
UBFC_PHYS_s04_T3_test,25,15,25.5,-0.1322271227836609,-0.8876478839731524
UBFC_PHYS_s04_T3_test,25,16,25.533333333333335,-0.2045906037092209,-1.0290192031505168
UBFC_PHYS_s04_T3_test,25,17,25.566666666666666,-0.2779480218887329,-1.123498185027955
UBFC_PHYS_s04_T3_test,25,18,25.6,-0.33847180008888245,-1.1407046585166098
UBFC_PHYS_s04_T3_test,25,19,25.633333333333333,-0.41116660833358765,-1.053212090042288
UBFC_PHYS_s04_T3_test,25,20,25.666666666666668,-0.5317074060440063,-0.8457831881432774
UBFC_PHYS_s04_T3_test,25,21,25.7,-0.669808030128479,-0.52269631604914
UBFC_PHYS_s04_T3_test,25,22,25.733333333333334,-0.6702855229377747,-0.11038685483833895
UBFC_PHYS_s04_T3_test,25,23,25.766666666666666,-0.37556955218315125,0.34599790576875245
UBFC_PHYS_s04_T3_test,25,24,25.8,0.11129069328308105,0.7913549530518061
UBFC_PHYS_s04_T3_test,25,25,25.833333333333332,0.5331836342811584,1.1719303364416782
UBFC_PHYS_s04_T3_test,25,26,25.866666666666667,0.7931210994720459,1.4456107002565315
UBFC_PHYS_s04_T3_test,25,27,25.9,0.9369710087776184,1.588367596421526
UBFC_PHYS_s04_T3_test,25,28,25.933333333333334,0.9940939545631409,1.5958257422271789
UBFC_PHYS_s04_T3_test,25,29,25.966666666666665,0.990780770778656,1.4806809773211778
UBFC_PHYS_s04_T3_test,25,30,26.0,0.9536635279655457,1.2675107215178267
UBFC_PHYS_s04_T3_test,25,31,26.033333333333335,0.8494449257850647,0.986542790153692
UBFC_PHYS_s04_T3_test,25,32,26.066666666666666,0.667474091053009,0.667726746799826
UBFC_PHYS_s04_T3_test,25,33,26.1,0.48472365736961365,0.3361894247894891
UBFC_PHYS_s04_T3_test,25,34,26.133333333333333,0.37307965755462646,0.009815747066613822
UBFC_PHYS_s04_T3_test,25,35,26.166666666666668,0.31159114837646484,-0.30075668399718974
UBFC_PHYS_s04_T3_test,25,36,26.2,0.22968770563602448,-0.5899906036375164
UBFC_PHYS_s04_T3_test,25,37,26.233333333333334,0.10271543264389038,-0.8539575807593691
UBFC_PHYS_s04_T3_test,25,38,26.266666666666666,-0.039555877447128296,-1.0866931432608928
UBFC_PHYS_s04_T3_test,25,39,26.3,-0.18046294152736664,-1.277649498024236
UBFC_PHYS_s04_T3_test,25,40,26.333333333333332,-0.3230265974998474,-1.4111751541670643
UBFC_PHYS_s04_T3_test,25,41,26.366666666666667,-0.4495701193809509,-1.4683795276661014
UBFC_PHYS_s04_T3_test,25,42,26.4,-0.5533112287521362,-1.4311056208939028
UBFC_PHYS_s04_T3_test,25,43,26.433333333333334,-0.6735695004463196,-1.2871405755758667
UBFC_PHYS_s04_T3_test,25,44,26.466666666666665,-0.860315203666687,-1.0353240098758316
UBFC_PHYS_s04_T3_test,25,45,26.5,-1.1138992309570312,-0.6889887293945678
UBFC_PHYS_s04_T3_test,25,46,26.533333333333335,-1.3075635433197021,-0.27634798204931044
UBFC_PHYS_s04_T3_test,25,47,26.566666666666666,-1.2393512725830078,0.16282591473651128
UBFC_PHYS_s04_T3_test,25,48,26.6,-0.871199905872345,0.5836972200140494
UBFC_PHYS_s04_T3_test,25,49,26.633333333333333,-0.40017467737197876,0.9443458775054587
UBFC_PHYS_s04_T3_test,25,50,26.666666666666668,-0.01787411980330944,1.2129652259115433
UBFC_PHYS_s04_T3_test,25,51,26.7,0.2537471652030945,1.3722491290328545
UBFC_PHYS_s04_T3_test,25,52,26.733333333333334,0.4560452699661255,1.4198937290778628
UBFC_PHYS_s04_T3_test,25,53,26.766666666666666,0.5979365706443787,1.3654799503524635
UBFC_PHYS_s04_T3_test,25,54,26.8,0.6805611252784729,1.225240260508579
UBFC_PHYS_s04_T3_test,25,55,26.833333333333332,0.7076608538627625,1.0168202706606995
UBFC_PHYS_s04_T3_test,25,56,26.866666666666667,0.6839230060577393,0.7558487185778563
UBFC_PHYS_s04_T3_test,25,57,26.9,0.6378797292709351,0.4551348532400481
UBFC_PHYS_s04_T3_test,25,58,26.933333333333334,0.6005870699882507,0.12611475803811412
UBFC_PHYS_s04_T3_test,25,59,26.966666666666665,0.5611993670463562,-0.21871407718076044
UBFC_PHYS_s04_T3_test,25,60,27.0,0.48212185502052307,-0.5638194368808174
UBFC_PHYS_s04_T3_test,25,61,27.033333333333335,0.3444110155105591,-0.8899523192533537
UBFC_PHYS_s04_T3_test,25,62,27.066666666666666,0.16693241894245148,-1.1745641773536035
UBFC_PHYS_s04_T3_test,25,63,27.1,-0.02385731227695942,-1.3927050020292115
UBFC_PHYS_s04_T3_test,25,64,27.133333333333333,-0.22319306433200836,-1.5184335534043496
UBFC_PHYS_s04_T3_test,25,65,27.166666666666668,-0.4497552514076233,-1.5275636091525835
UBFC_PHYS_s04_T3_test,25,66,27.2,-0.705414891242981,-1.4023760737676823
UBFC_PHYS_s04_T3_test,25,67,27.233333333333334,-0.9582582712173462,-1.137728032891339
UBFC_PHYS_s04_T3_test,25,68,27.266666666666666,-1.199885606765747,-0.7465797311379843
UBFC_PHYS_s04_T3_test,25,69,27.3,-1.4757555723190308,-0.26231914584821114
UBFC_PHYS_s04_T3_test,25,70,27.333333333333332,-1.7875441312789917,0.26402491556725743
UBFC_PHYS_s04_T3_test,25,71,27.366666666666667,-2.0027928352355957,0.7718013066414838
UBFC_PHYS_s04_T3_test,25,72,27.4,-1.9492851495742798,1.2020609145189045
UBFC_PHYS_s04_T3_test,25,73,27.433333333333334,-1.6097731590270996,1.5088427411326022
UBFC_PHYS_s04_T3_test,25,74,27.466666666666665,-1.1451599597930908,1.6669437403143152
UBFC_PHYS_s04_T3_test,25,75,27.5,-0.7126648426055908,1.6740305625595697
UBFC_PHYS_s04_T3_test,25,76,27.533333333333335,-0.35634341835975647,1.547229463121838
UBFC_PHYS_s04_T3_test,25,77,27.566666666666666,-0.06570067256689072,1.3162774025634776
UBFC_PHYS_s04_T3_test,25,78,27.6,0.1556384116411209,1.0159063975848603
UBFC_PHYS_s04_T3_test,25,79,27.633333333333333,0.3023727536201477,0.6794803836146233
UBFC_PHYS_s04_T3_test,25,80,27.666666666666668,0.37610048055648804,0.33476942823481004
UBFC_PHYS_s04_T3_test,25,81,27.7,0.39605745673179626,0.0018360568035103528
UBFC_PHYS_s04_T3_test,25,82,27.733333333333334,0.40124157071113586,-0.30733763861848945
UBFC_PHYS_s04_T3_test,25,83,27.766666666666666,0.4076535403728485,-0.5877974381482947
UBFC_PHYS_s04_T3_test,25,84,27.8,0.37617844343185425,-0.8393475545239978
UBFC_PHYS_s04_T3_test,25,85,27.833333333333332,0.26842254400253296,-1.0632856783199633
UBFC_PHYS_s04_T3_test,25,86,27.866666666666667,0.11414586007595062,-1.2585476299362102
UBFC_PHYS_s04_T3_test,25,87,27.9,-0.0246173907071352,-1.4180680332397848
UBFC_PHYS_s04_T3_test,25,88,27.933333333333334,-0.15331445634365082,-1.5266485272226342
UBFC_PHYS_s04_T3_test,25,89,27.966666666666665,-0.3412587642669678,-1.561780443546996
UBFC_PHYS_s04_T3_test,25,90,28.0,-0.5859361886978149,-1.4982945125130394
UBFC_PHYS_s04_T3_test,25,91,28.033333333333335,-0.7300687432289124,-1.3163457362648865
UBFC_PHYS_s04_T3_test,25,92,28.066666666666666,-0.618678092956543,-1.0105115467367407
UBFC_PHYS_s04_T3_test,25,93,28.1,-0.2879265248775482,-0.5965675034477063
UBFC_PHYS_s04_T3_test,25,94,28.133333333333333,0.07966943085193634,-0.1126517342065814
UBFC_PHYS_s04_T3_test,25,95,28.166666666666668,0.3554418981075287,0.3866948415349951
UBFC_PHYS_s04_T3_test,25,96,28.2,0.5380461812019348,0.8422633070816028
UBFC_PHYS_s04_T3_test,25,97,28.233333333333334,0.6600779294967651,1.2037297623134477
UBFC_PHYS_s04_T3_test,25,98,28.266666666666666,0.7265166640281677,1.4401170485619323
UBFC_PHYS_s04_T3_test,25,99,28.3,0.7390287518501282,1.5436135759407135
UBFC_PHYS_s04_T3_test,25,100,28.333333333333332,0.7054682970046997,1.5263110494584875
UBFC_PHYS_s04_T3_test,25,101,28.366666666666667,0.6401599645614624,1.4124390057007583
UBFC_PHYS_s04_T3_test,25,102,28.4,0.5743545889854431,1.2298757376165415
UBFC_PHYS_s04_T3_test,25,103,28.433333333333334,0.5222111940383911,1.0038892178272962
UBFC_PHYS_s04_T3_test,25,104,28.466666666666665,0.4443907141685486,0.7541409550774351
UBFC_PHYS_s04_T3_test,25,105,28.5,0.29020175337791443,0.49431067076781177
UBFC_PHYS_s04_T3_test,25,106,28.533333333333335,0.07062643021345139,0.2331430537359134
UBFC_PHYS_s04_T3_test,25,107,28.566666666666666,-0.14474895596504211,-0.023961311564868144
UBFC_PHYS_s04_T3_test,25,108,28.6,-0.32379642128944397,-0.2731886104071545
UBFC_PHYS_s04_T3_test,25,109,28.633333333333333,-0.5219920873641968,-0.5104378497338309
UBFC_PHYS_s04_T3_test,25,110,28.666666666666668,-0.799927830696106,-0.7293333179485528
UBFC_PHYS_s04_T3_test,25,111,28.7,-1.065429449081421,-0.919444446981746
UBFC_PHYS_s04_T3_test,25,112,28.733333333333334,-1.0969728231430054,-1.0655416875215786
UBFC_PHYS_s04_T3_test,25,113,28.766666666666666,-0.8025394082069397,-1.148847566627626
UBFC_PHYS_s04_T3_test,25,114,28.8,-0.36028024554252625,-1.1506262013112227
UBFC_PHYS_s04_T3_test,25,115,28.833333333333332,0.024709828197956085,-1.0574472535601596
UBFC_PHYS_s04_T3_test,25,116,28.866666666666667,0.3188021779060364,-0.8666411282016333
UBFC_PHYS_s04_T3_test,25,117,28.9,0.568800151348114,-0.5900573301752461
UBFC_PHYS_s04_T3_test,25,118,28.933333333333334,0.7737585306167603,-0.254387197559663
UBFC_PHYS_s04_T3_test,25,119,28.966666666666665,0.8970863223075867,0.10266844927114689
UBFC_PHYS_s04_T3_test,25,120,29.0,0.9340769052505493,0.4393719836629043
UBFC_PHYS_s04_T3_test,25,121,29.033333333333335,0.9200446605682373,0.717719395907585
UBFC_PHYS_s04_T3_test,25,122,29.066666666666666,0.8870786428451538,0.9096878253260013
UBFC_PHYS_s04_T3_test,25,123,29.1,0.8357342481613159,1.0006795653931972
UBFC_PHYS_s04_T3_test,25,124,29.133333333333333,0.758566677570343,0.9900528999823445
UBFC_PHYS_s04_T3_test,25,125,29.166666666666668,0.6520678400993347,0.8893867469037132
UBFC_PHYS_s04_T3_test,25,126,29.2,0.5131681561470032,0.7193296405219661
UBFC_PHYS_s04_T3_test,25,127,29.233333333333334,0.33894428610801697,0.5056925203163949
UBFC_PHYS_s04_T3_test,25,128,29.266666666666666,0.14087532460689545,0.2751627531445865
UBFC_PHYS_s04_T3_test,25,129,29.3,-0.05282803997397423,0.05090850827212654
UBFC_PHYS_s04_T3_test,25,130,29.333333333333332,-0.22558049857616425,-0.15143084239070034
UBFC_PHYS_s04_T3_test,25,131,29.366666666666667,-0.39277851581573486,-0.3262784209105971
UBFC_PHYS_s04_T3_test,25,132,29.4,-0.5990329384803772,-0.4775978319383129
UBFC_PHYS_s04_T3_test,25,133,29.433333333333334,-0.8703521490097046,-0.6144698696806956
UBFC_PHYS_s04_T3_test,25,134,29.466666666666665,-1.116013765335083,-0.7441161727183612
UBFC_PHYS_s04_T3_test,25,135,29.5,-1.1286622285842896,-0.8655254005603941
UBFC_PHYS_s04_T3_test,25,136,29.533333333333335,-0.7927655577659607,-0.9665501131567327
UBFC_PHYS_s04_T3_test,25,137,29.566666666666666,-0.278825044631958,-1.025582803269808
UBFC_PHYS_s04_T3_test,25,138,29.6,0.1850184202194214,-1.0171673165557795
UBFC_PHYS_s04_T3_test,25,139,29.633333333333333,0.5269275903701782,-0.9197321547700175
UBFC_PHYS_s04_T3_test,25,140,29.666666666666668,0.7956547141075134,-0.7230695977009792
UBFC_PHYS_s04_T3_test,25,141,29.7,1.024087905883789,-0.4332866908747327
UBFC_PHYS_s04_T3_test,25,142,29.733333333333334,1.1923967599868774,-0.07371141877347377
UBFC_PHYS_s04_T3_test,25,143,29.766666666666666,1.2690380811691284,0.3185716006930731
UBFC_PHYS_s04_T3_test,25,144,29.8,1.2603557109832764,0.6996090723285783
UBFC_PHYS_s04_T3_test,25,145,29.833333333333332,1.2039051055908203,1.0269749129604013
UBFC_PHYS_s04_T3_test,25,146,29.866666666666667,1.1240187883377075,1.26739325215278
UBFC_PHYS_s04_T3_test,25,147,29.9,1.0323902368545532,1.4016527791942173
UBFC_PHYS_s04_T3_test,25,148,29.933333333333334,0.9395923614501953,1.4258233733798278
UBFC_PHYS_s04_T3_test,25,149,29.966666666666665,0.8345259428024292,1.349018529124963
UBFC_PHYS_s04_T3_test,25,150,30.0,0.6936286091804504,1.1890097360555216
UBFC_PHYS_s04_T3_test,25,151,30.033333333333335,0.5290324091911316,0.9674021076133461
UBFC_PHYS_s04_T3_test,25,152,30.066666666666666,0.372348815202713,0.7056677801441611
UBFC_PHYS_s04_T3_test,25,153,30.1,0.22237925231456757,0.42254598093467766
UBFC_PHYS_s04_T3_test,25,154,30.133333333333333,0.06421447545289993,0.1327396329144731
UBFC_PHYS_s04_T3_test,25,155,30.166666666666668,-0.10655007511377335,-0.15329130166410132
UBFC_PHYS_s04_T3_test,25,156,30.2,-0.2894466817378998,-0.42847911259655497
UBFC_PHYS_s04_T3_test,25,157,30.233333333333334,-0.47050154209136963,-0.6872794150024918
UBFC_PHYS_s04_T3_test,25,158,30.266666666666666,-0.6346884965896606,-0.9232155878844304
UBFC_PHYS_s04_T3_test,25,159,30.3,-0.8265306353569031,-1.126658058435311
UBFC_PHYS_s04_T3_test,25,160,30.333333333333332,-1.1065419912338257,-1.2836274339860085
UBFC_PHYS_s04_T3_test,25,161,30.366666666666667,-1.3944952487945557,-1.376129911830561
UBFC_PHYS_s04_T3_test,25,162,30.4,-1.4565489292144775,-1.3843079388855997
UBFC_PHYS_s04_T3_test,25,163,30.433333333333334,-1.1521565914154053,-1.2904467997711857
UBFC_PHYS_s04_T3_test,25,164,30.466666666666665,-0.6142345666885376,-1.0844008518373964
UBFC_PHYS_s04_T3_test,25,165,30.5,-0.08223727345466614,-0.7692369779879636
UBFC_PHYS_s04_T3_test,25,166,30.533333333333335,0.34819191694259644,-0.3651274592549452
UBFC_PHYS_s04_T3_test,25,167,30.566666666666666,0.7140825390815735,0.09058045856695837
UBFC_PHYS_s04_T3_test,25,168,30.6,1.0204628705978394,0.5481657595583121
UBFC_PHYS_s04_T3_test,25,169,30.633333333333333,1.2293872833251953,0.9543545384959206
UBFC_PHYS_s04_T3_test,25,170,30.666666666666668,1.327807903289795,1.2624489422041902
UBFC_PHYS_s04_T3_test,25,171,30.7,1.3517991304397583,1.4404704738756853
UBFC_PHYS_s04_T3_test,25,172,30.733333333333334,1.343369960784912,1.4752240662623086
UBFC_PHYS_s04_T3_test,25,173,30.766666666666666,1.3180632591247559,1.3721172043534646
UBFC_PHYS_s04_T3_test,25,174,30.8,1.2833627462387085,1.151851957149109
UBFC_PHYS_s04_T3_test,25,175,30.833333333333332,1.2357699871063232,0.8453798809631907
UBFC_PHYS_s04_T3_test,25,176,30.866666666666667,1.1472889184951782,0.488181512739878
UBFC_PHYS_s04_T3_test,25,177,30.9,1.0010515451431274,0.1146626538332819
UBFC_PHYS_s04_T3_test,25,178,30.933333333333334,0.8048925995826721,-0.24641406651880635
UBFC_PHYS_s04_T3_test,25,179,30.966666666666665,0.5608680248260498,-0.5744061036839141
UBFC_PHYS_s04_T3_test,25,180,31.0,0.2644759714603424,-0.8564903193689238
UBFC_PHYS_s04_T3_test,25,181,31.033333333333335,-0.07524064183235168,-1.0847688892379568
UBFC_PHYS_s04_T3_test,25,182,31.066666666666666,-0.4313282072544098,-1.2519719925148411
UBFC_PHYS_s04_T3_test,25,183,31.1,-0.771658718585968,-1.347673033644287
UBFC_PHYS_s04_T3_test,25,184,31.133333333333333,-1.0862635374069214,-1.3570193723889026
UBFC_PHYS_s04_T3_test,25,185,31.166666666666668,-1.4038013219833374,-1.2632447333478025
UBFC_PHYS_s04_T3_test,25,186,31.2,-1.7602884769439697,-1.0537749350277015
UBFC_PHYS_s04_T3_test,25,187,31.233333333333334,-2.166667938232422,-0.728023739247129
UBFC_PHYS_s04_T3_test,25,188,31.266666666666666,-2.5738658905029297,-0.30372642137106637
UBFC_PHYS_s04_T3_test,25,189,31.3,-2.8349239826202393,0.18133010401506724
UBFC_PHYS_s04_T3_test,25,190,31.333333333333332,-2.8045403957366943,0.6737547692166268
UBFC_PHYS_s04_T3_test,25,191,31.366666666666667,-2.494203805923462,1.1142815550515641
UBFC_PHYS_s04_T3_test,25,192,31.4,-2.0464584827423096,1.449691880875546
UBFC_PHYS_s04_T3_test,25,193,31.433333333333334,-1.5591694116592407,1.6430345555853672
UBFC_PHYS_s04_T3_test,25,194,31.466666666666665,-1.0591150522232056,1.679229000670088
UBFC_PHYS_s04_T3_test,25,195,31.5,-0.6027456521987915,1.5651873574663768
UBFC_PHYS_s04_T3_test,25,196,31.533333333333335,-0.26647862792015076,1.3255331570068305
UBFC_PHYS_s04_T3_test,25,197,31.566666666666666,-0.030444668605923653,0.9959784668553489
UBFC_PHYS_s04_T3_test,25,198,31.6,0.17028456926345825,0.6162758377654071
UBFC_PHYS_s04_T3_test,25,199,31.633333333333333,0.3442453444004059,0.22398715566573513
UBFC_PHYS_s04_T3_test,25,200,31.666666666666668,0.47042831778526306,-0.15021960598782302
UBFC_PHYS_s04_T3_test,25,201,31.7,0.5730390548706055,-0.48535609400328683
UBFC_PHYS_s04_T3_test,25,202,31.733333333333334,0.6767411828041077,-0.7708530120838448
UBFC_PHYS_s04_T3_test,25,203,31.766666666666666,0.7403053045272827,-1.0052032640188446
UBFC_PHYS_s04_T3_test,25,204,31.8,0.720874547958374,-1.192403140387699
UBFC_PHYS_s04_T3_test,25,205,31.833333333333332,0.6391075253486633,-1.3364813742039143
UBFC_PHYS_s04_T3_test,25,206,31.866666666666667,0.5355223417282104,-1.435526649818688
UBFC_PHYS_s04_T3_test,25,207,31.9,0.42602211236953735,-1.4777025395398873
UBFC_PHYS_s04_T3_test,25,208,31.933333333333334,0.2941288352012634,-1.441743002175321
UBFC_PHYS_s04_T3_test,25,209,31.966666666666665,0.1185017079114914,-1.3029847833531325
UBFC_PHYS_s04_T3_test,25,210,32.0,-0.08238343894481659,-1.0435769701926687
UBFC_PHYS_s04_T3_test,25,211,32.03333333333333,-0.26168426871299744,-0.6632864898266013
UBFC_PHYS_s04_T3_test,25,212,32.06666666666667,-0.41363197565078735,-0.18647449778085495
UBFC_PHYS_s04_T3_test,25,213,32.1,-0.5806741118431091,0.33819103248855875
UBFC_PHYS_s04_T3_test,25,214,32.13333333333333,-0.7651200890541077,0.8461777783402616
UBFC_PHYS_s04_T3_test,25,215,32.166666666666664,-0.844606876373291,1.2713308308179168
UBFC_PHYS_s04_T3_test,25,216,32.2,-0.6574713587760925,1.5609421862088733
UBFC_PHYS_s04_T3_test,25,217,32.233333333333334,-0.21088562905788422,1.6862476749048139
UBFC_PHYS_s04_T3_test,25,218,32.266666666666666,0.2955223023891449,1.645249679663054
UBFC_PHYS_s04_T3_test,25,219,32.3,0.6982475519180298,1.4583662308666607
UBFC_PHYS_s04_T3_test,25,220,32.333333333333336,0.9953217506408691,1.1602117077919691
UBFC_PHYS_s04_T3_test,25,221,32.36666666666667,1.2138934135437012,0.7915380040147447
UBFC_PHYS_s04_T3_test,25,222,32.4,1.3408071994781494,0.3939461209866276
UBFC_PHYS_s04_T3_test,25,223,32.43333333333333,1.390455961227417,0.007562556012350001
UBFC_PHYS_s04_T3_test,25,224,32.46666666666667,1.4320557117462158,-0.33004015550635823
UBFC_PHYS_s04_T3_test,25,225,32.5,1.5123220682144165,-0.5858911822951711
UBFC_PHYS_s04_T3_test,25,226,32.53333333333333,1.5896260738372803,-0.7357821224140061
UBFC_PHYS_s04_T3_test,25,227,32.56666666666667,1.5736936330795288,-0.7696552872090964
UBFC_PHYS_s04_T3_test,25,228,32.6,1.415616512298584,-0.6955348275502725
UBFC_PHYS_s04_T3_test,25,229,32.63333333333333,1.1319996118545532,-0.5391860393630687
UBFC_PHYS_s04_T3_test,25,230,32.666666666666664,0.7673466205596924,-0.33864908005104777
UBFC_PHYS_s04_T3_test,25,231,32.7,0.3729919493198395,-0.13534159037978022
UBFC_PHYS_s04_T3_test,25,232,32.733333333333334,0.0028526661917567253,0.03521743347061974
UBFC_PHYS_s04_T3_test,25,233,32.766666666666666,-0.32025912404060364,0.1501623182147266
UBFC_PHYS_s04_T3_test,25,234,32.8,-0.6079785227775574,0.2017358339704727
UBFC_PHYS_s04_T3_test,25,235,32.833333333333336,-0.8765692114830017,0.19524209871072093
UBFC_PHYS_s04_T3_test,25,236,32.86666666666667,-1.1722694635391235,0.143836865790136
UBFC_PHYS_s04_T3_test,25,237,32.9,-1.520541787147522,0.062481739423508834
UBFC_PHYS_s04_T3_test,25,238,32.93333333333333,-1.7902628183364868,-0.03654605288856735
UBFC_PHYS_s04_T3_test,25,239,32.96666666666667,-1.7793294191360474,-0.14509266631757436
UBFC_PHYS_s04_T3_test,26,0,26.0,0.9536635279655457,-0.06968713740435348
UBFC_PHYS_s04_T3_test,26,1,26.033333333333335,0.8494449257850647,-0.25166935853550887
UBFC_PHYS_s04_T3_test,26,2,26.066666666666666,0.667474091053009,-0.42513872626952265
UBFC_PHYS_s04_T3_test,26,3,26.1,0.48472365736961365,-0.5847622384584149
UBFC_PHYS_s04_T3_test,26,4,26.133333333333333,0.37307965755462646,-0.7293478238077054
UBFC_PHYS_s04_T3_test,26,5,26.166666666666668,0.31159114837646484,-0.8620924979476103
UBFC_PHYS_s04_T3_test,26,6,26.2,0.22968770563602448,-0.9885411152327522
UBFC_PHYS_s04_T3_test,26,7,26.233333333333334,0.10271543264389038,-1.112405241816087
UBFC_PHYS_s04_T3_test,26,8,26.266666666666666,-0.039555877447128296,-1.2305692537511665
UBFC_PHYS_s04_T3_test,26,9,26.3,-0.18046294152736664,-1.329433082211255
UBFC_PHYS_s04_T3_test,26,10,26.333333333333332,-0.3230265974998474,-1.3847539583901403
UBFC_PHYS_s04_T3_test,26,11,26.366666666666667,-0.4495701193809509,-1.3662106361435171
UBFC_PHYS_s04_T3_test,26,12,26.4,-0.5533112287521362,-1.2462150778721524
UBFC_PHYS_s04_T3_test,26,13,26.433333333333334,-0.6735695004463196,-1.0105184809929202
UBFC_PHYS_s04_T3_test,26,14,26.466666666666665,-0.860315203666687,-0.6666873592469641
UBFC_PHYS_s04_T3_test,26,15,26.5,-1.1138992309570312,-0.24653582723228087
UBFC_PHYS_s04_T3_test,26,16,26.533333333333335,-1.3075635433197021,0.19943962079101815
UBFC_PHYS_s04_T3_test,26,17,26.566666666666666,-1.2393512725830078,0.6143031444886643
UBFC_PHYS_s04_T3_test,26,18,26.6,-0.871199905872345,0.9492042283218703
UBFC_PHYS_s04_T3_test,26,19,26.633333333333333,-0.40017467737197876,1.1747420964918966
UBFC_PHYS_s04_T3_test,26,20,26.666666666666668,-0.01787411980330944,1.2854639906688317
UBFC_PHYS_s04_T3_test,26,21,26.7,0.2537471652030945,1.296913657958901
UBFC_PHYS_s04_T3_test,26,22,26.733333333333334,0.4560452699661255,1.2372255392562763
UBFC_PHYS_s04_T3_test,26,23,26.766666666666666,0.5979365706443787,1.1365672606335027
UBFC_PHYS_s04_T3_test,26,24,26.8,0.6805611252784729,1.0178674319258456
UBFC_PHYS_s04_T3_test,26,25,26.833333333333332,0.7076608538627625,0.8914839408974965
UBFC_PHYS_s04_T3_test,26,26,26.866666666666667,0.6839230060577393,0.7550586222637802
UBFC_PHYS_s04_T3_test,26,27,26.9,0.6378797292709351,0.5980578855119656
UBFC_PHYS_s04_T3_test,26,28,26.933333333333334,0.6005870699882507,0.40887699118105686
UBFC_PHYS_s04_T3_test,26,29,26.966666666666665,0.5611993670463562,0.18164050995239825
UBFC_PHYS_s04_T3_test,26,30,27.0,0.48212185502052307,-0.0795952927272836
UBFC_PHYS_s04_T3_test,26,31,27.033333333333335,0.3444110155105591,-0.3600471297746917
UBFC_PHYS_s04_T3_test,26,32,27.066666666666666,0.16693241894245148,-0.6361284026063052
UBFC_PHYS_s04_T3_test,26,33,27.1,-0.02385731227695942,-0.8787793227690124
UBFC_PHYS_s04_T3_test,26,34,27.133333333333333,-0.22319306433200836,-1.0573640771724124
UBFC_PHYS_s04_T3_test,26,35,27.166666666666668,-0.4497552514076233,-1.1440479298949422
UBFC_PHYS_s04_T3_test,26,36,27.2,-0.705414891242981,-1.118676444624477
UBFC_PHYS_s04_T3_test,26,37,27.233333333333334,-0.9582582712173462,-0.973582877559718
UBFC_PHYS_s04_T3_test,26,38,27.266666666666666,-1.199885606765747,-0.7170242419744238
UBFC_PHYS_s04_T3_test,26,39,27.3,-1.4757555723190308,-0.3738177677193184
UBFC_PHYS_s04_T3_test,26,40,27.333333333333332,-1.7875441312789917,0.017483927583398666
UBFC_PHYS_s04_T3_test,26,41,27.366666666666667,-2.0027928352355957,0.4104273023118175
UBFC_PHYS_s04_T3_test,26,42,27.4,-1.9492851495742798,0.7582552852495884
UBFC_PHYS_s04_T3_test,26,43,27.433333333333334,-1.6097731590270996,1.0215716785375673
UBFC_PHYS_s04_T3_test,26,44,27.466666666666665,-1.1451599597930908,1.1742064313908862
UBFC_PHYS_s04_T3_test,26,45,27.5,-0.7126648426055908,1.2059135432367996
UBFC_PHYS_s04_T3_test,26,46,27.533333333333335,-0.35634341835975647,1.1217779863990447
UBFC_PHYS_s04_T3_test,26,47,27.566666666666666,-0.06570067256689072,0.9392865466901933
UBFC_PHYS_s04_T3_test,26,48,27.6,0.1556384116411209,0.6841560066930547
UBFC_PHYS_s04_T3_test,26,49,27.633333333333333,0.3023727536201477,0.38564820496732355
UBFC_PHYS_s04_T3_test,26,50,27.666666666666668,0.37610048055648804,0.07196479545060439
UBFC_PHYS_s04_T3_test,26,51,27.7,0.39605745673179626,-0.23359035566252523
UBFC_PHYS_s04_T3_test,26,52,27.733333333333334,0.40124157071113586,-0.5149806046201953
UBFC_PHYS_s04_T3_test,26,53,27.766666666666666,0.4076535403728485,-0.7637853048594838
UBFC_PHYS_s04_T3_test,26,54,27.8,0.37617844343185425,-0.9772877214145791
UBFC_PHYS_s04_T3_test,26,55,27.833333333333332,0.26842254400253296,-1.1546480623074509
UBFC_PHYS_s04_T3_test,26,56,27.866666666666667,0.11414586007595062,-1.2923365752099722
UBFC_PHYS_s04_T3_test,26,57,27.9,-0.0246173907071352,-1.380700054999866
UBFC_PHYS_s04_T3_test,26,58,27.933333333333334,-0.15331445634365082,-1.403587957633997
UBFC_PHYS_s04_T3_test,26,59,27.966666666666665,-0.3412587642669678,-1.3420101072767263
UBFC_PHYS_s04_T3_test,26,60,28.0,-0.5859361886978149,-1.181028556540799
UBFC_PHYS_s04_T3_test,26,61,28.033333333333335,-0.7300687432289124,-0.9174658210361855
UBFC_PHYS_s04_T3_test,26,62,28.066666666666666,-0.618678092956543,-0.565453144701109
UBFC_PHYS_s04_T3_test,26,63,28.1,-0.2879265248775482,-0.1573902426327027
UBFC_PHYS_s04_T3_test,26,64,28.133333333333333,0.07966943085193634,0.2608098823108216
UBFC_PHYS_s04_T3_test,26,65,28.166666666666668,0.3554418981075287,0.6394560877843665
UBFC_PHYS_s04_T3_test,26,66,28.2,0.5380461812019348,0.9370253569228465
UBFC_PHYS_s04_T3_test,26,67,28.233333333333334,0.6600779294967651,1.1302323600563673
UBFC_PHYS_s04_T3_test,26,68,28.266666666666666,0.7265166640281677,1.2183976251514919
UBFC_PHYS_s04_T3_test,26,69,28.3,0.7390287518501282,1.220383555861037
UBFC_PHYS_s04_T3_test,26,70,28.333333333333332,0.7054682970046997,1.1655485869298816
UBFC_PHYS_s04_T3_test,26,71,28.366666666666667,0.6401599645614624,1.0826467276078353
UBFC_PHYS_s04_T3_test,26,72,28.4,0.5743545889854431,0.9909486396099718
UBFC_PHYS_s04_T3_test,26,73,28.433333333333334,0.5222111940383911,0.8963239949908375
UBFC_PHYS_s04_T3_test,26,74,28.466666666666665,0.4443907141685486,0.7927546066562992
UBFC_PHYS_s04_T3_test,26,75,28.5,0.29020175337791443,0.6677792555498391
UBFC_PHYS_s04_T3_test,26,76,28.533333333333335,0.07062643021345139,0.5093543899421049
UBFC_PHYS_s04_T3_test,26,77,28.566666666666666,-0.14474895596504211,0.3117215790874931
UBFC_PHYS_s04_T3_test,26,78,28.6,-0.32379642128944397,0.07879932777847429
UBFC_PHYS_s04_T3_test,26,79,28.633333333333333,-0.5219920873641968,-0.17528725887047555
UBFC_PHYS_s04_T3_test,26,80,28.666666666666668,-0.799927830696106,-0.4281893095043306
UBFC_PHYS_s04_T3_test,26,81,28.7,-1.065429449081421,-0.6531308576594362
UBFC_PHYS_s04_T3_test,26,82,28.733333333333334,-1.0969728231430054,-0.8236492684741218
UBFC_PHYS_s04_T3_test,26,83,28.766666666666666,-0.8025394082069397,-0.9183180505719944
UBFC_PHYS_s04_T3_test,26,84,28.8,-0.36028024554252625,-0.9245247299706018
UBFC_PHYS_s04_T3_test,26,85,28.833333333333332,0.024709828197956085,-0.8406657071763919
UBFC_PHYS_s04_T3_test,26,86,28.866666666666667,0.3188021779060364,-0.6766200435276065
UBFC_PHYS_s04_T3_test,26,87,28.9,0.568800151348114,-0.45265794548497007
UBFC_PHYS_s04_T3_test,26,88,28.933333333333334,0.7737585306167603,-0.19684138892976363
UBFC_PHYS_s04_T3_test,26,89,28.966666666666665,0.8970863223075867,0.058970152577360865
UBFC_PHYS_s04_T3_test,26,90,29.0,0.9340769052505493,0.2838282468715933
UBFC_PHYS_s04_T3_test,26,91,29.033333333333335,0.9200446605682373,0.45202271645713304
UBFC_PHYS_s04_T3_test,26,92,29.066666666666666,0.8870786428451538,0.5462792716118183
UBFC_PHYS_s04_T3_test,26,93,29.1,0.8357342481613159,0.5596742121301028
UBFC_PHYS_s04_T3_test,26,94,29.133333333333333,0.758566677570343,0.49625369784775214
UBFC_PHYS_s04_T3_test,26,95,29.166666666666668,0.6520678400993347,0.3701497374286719
UBFC_PHYS_s04_T3_test,26,96,29.2,0.5131681561470032,0.2029308967042637
UBFC_PHYS_s04_T3_test,26,97,29.233333333333334,0.33894428610801697,0.01923320922877314
UBFC_PHYS_s04_T3_test,26,98,29.266666666666666,0.14087532460689545,-0.1586589887677918
UBFC_PHYS_s04_T3_test,26,99,29.3,-0.05282803997397423,-0.31588734399341284
UBFC_PHYS_s04_T3_test,26,100,29.333333333333332,-0.22558049857616425,-0.44791247222798114
UBFC_PHYS_s04_T3_test,26,101,29.366666666666667,-0.39277851581573486,-0.5597000664238405
UBFC_PHYS_s04_T3_test,26,102,29.4,-0.5990329384803772,-0.6609164605346195
UBFC_PHYS_s04_T3_test,26,103,29.433333333333334,-0.8703521490097046,-0.7586054592733216
UBFC_PHYS_s04_T3_test,26,104,29.466666666666665,-1.116013765335083,-0.8502586456391562
UBFC_PHYS_s04_T3_test,26,105,29.5,-1.1286622285842896,-0.920426227556506
UBFC_PHYS_s04_T3_test,26,106,29.533333333333335,-0.7927655577659607,-0.9427245485552468
UBFC_PHYS_s04_T3_test,26,107,29.566666666666666,-0.278825044631958,-0.8869977376564104
UBFC_PHYS_s04_T3_test,26,108,29.6,0.1850184202194214,-0.7295072179573715
UBFC_PHYS_s04_T3_test,26,109,29.633333333333333,0.5269275903701782,-0.46287748900764436
UBFC_PHYS_s04_T3_test,26,110,29.666666666666668,0.7956547141075134,-0.1023258207301136
UBFC_PHYS_s04_T3_test,26,111,29.7,1.024087905883789,0.3144013491826184
UBFC_PHYS_s04_T3_test,26,112,29.733333333333334,1.1923967599868774,0.7340510986325322
UBFC_PHYS_s04_T3_test,26,113,29.766666666666666,1.2690380811691284,1.100078530166881
UBFC_PHYS_s04_T3_test,26,114,29.8,1.2603557109832764,1.3661932693661887
UBFC_PHYS_s04_T3_test,26,115,29.833333333333332,1.2039051055908203,1.506669485672058
UBFC_PHYS_s04_T3_test,26,116,29.866666666666667,1.1240187883377075,1.5200671024342343
UBFC_PHYS_s04_T3_test,26,117,29.9,1.0323902368545532,1.4256111013896176
UBFC_PHYS_s04_T3_test,26,118,29.933333333333334,0.9395923614501953,1.2542627281130092
UBFC_PHYS_s04_T3_test,26,119,29.966666666666665,0.8345259428024292,1.038257490529113
UBFC_PHYS_s04_T3_test,26,120,30.0,0.6936286091804504,0.8028757845763558
UBFC_PHYS_s04_T3_test,26,121,30.033333333333335,0.5290324091911316,0.5626813472466239
UBFC_PHYS_s04_T3_test,26,122,30.066666666666666,0.372348815202713,0.32230380679814
UBFC_PHYS_s04_T3_test,26,123,30.1,0.22237925231456757,0.08016722495341562
UBFC_PHYS_s04_T3_test,26,124,30.133333333333333,0.06421447545289993,-0.16692676127894523
UBFC_PHYS_s04_T3_test,26,125,30.166666666666668,-0.10655007511377335,-0.41994806617732316
UBFC_PHYS_s04_T3_test,26,126,30.2,-0.2894466817378998,-0.6752246276965033
UBFC_PHYS_s04_T3_test,26,127,30.233333333333334,-0.47050154209136963,-0.9234080803707857
UBFC_PHYS_s04_T3_test,26,128,30.266666666666666,-0.6346884965896606,-1.1493997796302904
UBFC_PHYS_s04_T3_test,26,129,30.3,-0.8265306353569031,-1.3329493011508449
UBFC_PHYS_s04_T3_test,26,130,30.333333333333332,-1.1065419912338257,-1.4500875515644163
UBFC_PHYS_s04_T3_test,26,131,30.366666666666667,-1.3944952487945557,-1.4759111623581074
UBFC_PHYS_s04_T3_test,26,132,30.4,-1.4565489292144775,-1.3891060789874188
UBFC_PHYS_s04_T3_test,26,133,30.433333333333334,-1.1521565914154053,-1.1778897415187208
UBFC_PHYS_s04_T3_test,26,134,30.466666666666665,-0.6142345666885376,-0.8460226072131312
UBFC_PHYS_s04_T3_test,26,135,30.5,-0.08223727345466614,-0.4167428035634924
UBFC_PHYS_s04_T3_test,26,136,30.533333333333335,0.34819191694259644,0.06753056210988564
UBFC_PHYS_s04_T3_test,26,137,30.566666666666666,0.7140825390815735,0.5508583876034584
UBFC_PHYS_s04_T3_test,26,138,30.6,1.0204628705978394,0.974080478394657
UBFC_PHYS_s04_T3_test,26,139,30.633333333333333,1.2293872833251953,1.2869575439707106
UBFC_PHYS_s04_T3_test,26,140,30.666666666666668,1.327807903289795,1.4580937400460716
UBFC_PHYS_s04_T3_test,26,141,30.7,1.3517991304397583,1.479260206086982
UBFC_PHYS_s04_T3_test,26,142,30.733333333333334,1.343369960784912,1.3634149398551305
UBFC_PHYS_s04_T3_test,26,143,30.766666666666666,1.3180632591247559,1.1384306283254542
UBFC_PHYS_s04_T3_test,26,144,30.8,1.2833627462387085,0.8394281186073078
UBFC_PHYS_s04_T3_test,26,145,30.833333333333332,1.2357699871063232,0.5018965110862427
UBFC_PHYS_s04_T3_test,26,146,30.866666666666667,1.1472889184951782,0.15666538491519338
UBFC_PHYS_s04_T3_test,26,147,30.9,1.0010515451431274,-0.17300023895491382
UBFC_PHYS_s04_T3_test,26,148,30.933333333333334,0.8048925995826721,-0.47222098140002283
UBFC_PHYS_s04_T3_test,26,149,30.966666666666665,0.5608680248260498,-0.7332946878032589
UBFC_PHYS_s04_T3_test,26,150,31.0,0.2644759714603424,-0.952607487014618
UBFC_PHYS_s04_T3_test,26,151,31.033333333333335,-0.07524064183235168,-1.1262976485585297
UBFC_PHYS_s04_T3_test,26,152,31.066666666666666,-0.4313282072544098,-1.2461190612944848
UBFC_PHYS_s04_T3_test,26,153,31.1,-0.771658718585968,-1.2975090711002388
UBFC_PHYS_s04_T3_test,26,154,31.133333333333333,-1.0862635374069214,-1.2615263939027874
UBFC_PHYS_s04_T3_test,26,155,31.166666666666668,-1.4038013219833374,-1.1209217851125983
UBFC_PHYS_s04_T3_test,26,156,31.2,-1.7602884769439697,-0.8685907725450165
UBFC_PHYS_s04_T3_test,26,157,31.233333333333334,-2.166667938232422,-0.5150428929895505
UBFC_PHYS_s04_T3_test,26,158,31.266666666666666,-2.5738658905029297,-0.09129507943466578
UBFC_PHYS_s04_T3_test,26,159,31.3,-2.8349239826202393,0.35488579815757376
UBFC_PHYS_s04_T3_test,26,160,31.333333333333332,-2.8045403957366943,0.7687220919950106
UBFC_PHYS_s04_T3_test,26,161,31.366666666666667,-2.494203805923462,1.1008704323257934
UBFC_PHYS_s04_T3_test,26,162,31.4,-2.0464584827423096,1.318166355402553
UBFC_PHYS_s04_T3_test,26,163,31.433333333333334,-1.5591694116592407,1.4090436834696352
UBFC_PHYS_s04_T3_test,26,164,31.466666666666665,-1.0591150522232056,1.3822594813482245
UBFC_PHYS_s04_T3_test,26,165,31.5,-0.6027456521987915,1.26024676904093
UBFC_PHYS_s04_T3_test,26,166,31.533333333333335,-0.26647862792015076,1.0703416539562882
UBFC_PHYS_s04_T3_test,26,167,31.566666666666666,-0.030444668605923653,0.8373936020998731
UBFC_PHYS_s04_T3_test,26,168,31.6,0.17028456926345825,0.5798397816867451
UBFC_PHYS_s04_T3_test,26,169,31.633333333333333,0.3442453444004059,0.3093349877946674
UBFC_PHYS_s04_T3_test,26,170,31.666666666666668,0.47042831778526306,0.03272003620669013
UBFC_PHYS_s04_T3_test,26,171,31.7,0.5730390548706055,-0.24519286049626896
UBFC_PHYS_s04_T3_test,26,172,31.733333333333334,0.6767411828041077,-0.5191407151156185
UBFC_PHYS_s04_T3_test,26,173,31.766666666666666,0.7403053045272827,-0.781666930121807
UBFC_PHYS_s04_T3_test,26,174,31.8,0.720874547958374,-1.0219659420290668
UBFC_PHYS_s04_T3_test,26,175,31.833333333333332,0.6391075253486633,-1.2250311488485681
UBFC_PHYS_s04_T3_test,26,176,31.866666666666667,0.5355223417282104,-1.3712133055878366
UBFC_PHYS_s04_T3_test,26,177,31.9,0.42602211236953735,-1.4369589562693195
UBFC_PHYS_s04_T3_test,26,178,31.933333333333334,0.2941288352012634,-1.3978800924953485
UBFC_PHYS_s04_T3_test,26,179,31.966666666666665,0.1185017079114914,-1.2347301387077951
UBFC_PHYS_s04_T3_test,26,180,32.0,-0.08238343894481659,-0.941233041936163
UBFC_PHYS_s04_T3_test,26,181,32.03333333333333,-0.26168426871299744,-0.5310213838913316
UBFC_PHYS_s04_T3_test,26,182,32.06666666666667,-0.41363197565078735,-0.040409282435659416
UBFC_PHYS_s04_T3_test,26,183,32.1,-0.5806741118431091,0.4751611418535113
UBFC_PHYS_s04_T3_test,26,184,32.13333333333333,-0.7651200890541077,0.9508122023375115
UBFC_PHYS_s04_T3_test,26,185,32.166666666666664,-0.844606876373291,1.3254493328734958
UBFC_PHYS_s04_T3_test,26,186,32.2,-0.6574713587760925,1.5545470971138247
UBFC_PHYS_s04_T3_test,26,187,32.233333333333334,-0.21088562905788422,1.6186790128843658
UBFC_PHYS_s04_T3_test,26,188,32.266666666666666,0.2955223023891449,1.5254152299633088
UBFC_PHYS_s04_T3_test,26,189,32.3,0.6982475519180298,1.3045399374226634
UBFC_PHYS_s04_T3_test,26,190,32.333333333333336,0.9953217506408691,0.9989099301599699
UBFC_PHYS_s04_T3_test,26,191,32.36666666666667,1.2138934135437012,0.6544096251222092
UBFC_PHYS_s04_T3_test,26,192,32.4,1.3408071994781494,0.3117419196652634
UBFC_PHYS_s04_T3_test,26,193,32.43333333333333,1.390455961227417,0.0011667749997506323
UBFC_PHYS_s04_T3_test,26,194,32.46666666666667,1.4320557117462158,-0.2599075426200718
UBFC_PHYS_s04_T3_test,26,195,32.5,1.5123220682144165,-0.4668944463366116
UBFC_PHYS_s04_T3_test,26,196,32.53333333333333,1.5896260738372803,-0.6257160296485993
UBFC_PHYS_s04_T3_test,26,197,32.56666666666667,1.5736936330795288,-0.7482093486705071
UBFC_PHYS_s04_T3_test,26,198,32.6,1.415616512298584,-0.8457568107712584
UBFC_PHYS_s04_T3_test,26,199,32.63333333333333,1.1319996118545532,-0.922784081158196
UBFC_PHYS_s04_T3_test,26,200,32.666666666666664,0.7673466205596924,-0.9728205392618322
UBFC_PHYS_s04_T3_test,26,201,32.7,0.3729919493198395,-0.9795351558439811
UBFC_PHYS_s04_T3_test,26,202,32.733333333333334,0.0028526661917567253,-0.9230469598955868
UBFC_PHYS_s04_T3_test,26,203,32.766666666666666,-0.32025912404060364,-0.7891416700933448
UBFC_PHYS_s04_T3_test,26,204,32.8,-0.6079785227775574,-0.5775323051020216
UBFC_PHYS_s04_T3_test,26,205,32.833333333333336,-0.8765692114830017,-0.3056536425043033
UBFC_PHYS_s04_T3_test,26,206,32.86666666666667,-1.1722694635391235,-0.006347713676956791
UBFC_PHYS_s04_T3_test,26,207,32.9,-1.520541787147522,0.27977707076253616
UBFC_PHYS_s04_T3_test,26,208,32.93333333333333,-1.7902628183364868,0.514595158990611
UBFC_PHYS_s04_T3_test,26,209,32.96666666666667,-1.7793294191360474,0.671778441140511
UBFC_PHYS_s04_T3_test,26,210,33.0,-1.4920388460159302,0.7420752225596642
UBFC_PHYS_s04_T3_test,26,211,33.03333333333333,-1.1584807634353638,0.7329366993114816
UBFC_PHYS_s04_T3_test,26,212,33.06666666666667,-0.935455858707428,0.6629181392005126
UBFC_PHYS_s04_T3_test,26,213,33.1,-0.760316014289856,0.5532854083072254
UBFC_PHYS_s04_T3_test,26,214,33.13333333333333,-0.5091681480407715,0.42047733024800166
UBFC_PHYS_s04_T3_test,26,215,33.166666666666664,-0.17008493840694427,0.27268312203040607
UBFC_PHYS_s04_T3_test,26,216,33.2,0.15175031125545502,0.1116804625908451
UBFC_PHYS_s04_T3_test,26,217,33.233333333333334,0.35912537574768066,-0.06154727142913058
UBFC_PHYS_s04_T3_test,26,218,33.266666666666666,0.4502374827861786,-0.24057415380429903
UBFC_PHYS_s04_T3_test,26,219,33.3,0.4796954393386841,-0.4099913179461006
UBFC_PHYS_s04_T3_test,26,220,33.333333333333336,0.47310808300971985,-0.5466527423497795
UBFC_PHYS_s04_T3_test,26,221,33.36666666666667,0.423410564661026,-0.6256532710345263
UBFC_PHYS_s04_T3_test,26,222,33.4,0.3303690254688263,-0.628732312480845
UBFC_PHYS_s04_T3_test,26,223,33.43333333333333,0.20459534227848053,-0.5515241324112294
UBFC_PHYS_s04_T3_test,26,224,33.46666666666667,0.04692754149436951,-0.4064793410832137
UBFC_PHYS_s04_T3_test,26,225,33.5,-0.1483057290315628,-0.2200877466828958
UBFC_PHYS_s04_T3_test,26,226,33.53333333333333,-0.36747175455093384,-0.025367912075030453
UBFC_PHYS_s04_T3_test,26,227,33.56666666666667,-0.5873686671257019,0.14748669678278986
UBFC_PHYS_s04_T3_test,26,228,33.6,-0.8194560408592224,0.2786846134336848
UBFC_PHYS_s04_T3_test,26,229,33.63333333333333,-1.1034139394760132,0.3619175390765227
UBFC_PHYS_s04_T3_test,26,230,33.666666666666664,-1.4267499446868896,0.40243149212924206
UBFC_PHYS_s04_T3_test,26,231,33.7,-1.6401666402816772,0.41178413301506483
UBFC_PHYS_s04_T3_test,26,232,33.733333333333334,-1.5355972051620483,0.401981101986914
UBFC_PHYS_s04_T3_test,26,233,33.766666666666666,-1.0780292749404907,0.3813246989250509
UBFC_PHYS_s04_T3_test,26,234,33.8,-0.48569339513778687,0.353122870251906
UBFC_PHYS_s04_T3_test,26,235,33.833333333333336,0.036111023277044296,0.3169889571182546
UBFC_PHYS_s04_T3_test,26,236,33.86666666666667,0.45259568095207214,0.27138097576175074
UBFC_PHYS_s04_T3_test,26,237,33.9,0.7926728129386902,0.2157799739375579
UBFC_PHYS_s04_T3_test,26,238,33.93333333333333,1.0371845960617065,0.15158138123605744
UBFC_PHYS_s04_T3_test,26,239,33.96666666666667,1.1321848630905151,0.08184614799365329
UBFC_PHYS_s04_T3_test,27,0,27.0,0.48212185502052307,-0.03838441945820241
UBFC_PHYS_s04_T3_test,27,1,27.033333333333335,0.3444110155105591,-0.35682096549488096
UBFC_PHYS_s04_T3_test,27,2,27.066666666666666,0.16693241894245148,-0.6456022303843586
UBFC_PHYS_s04_T3_test,27,3,27.1,-0.02385731227695942,-0.8761549869512305
UBFC_PHYS_s04_T3_test,27,4,27.133333333333333,-0.22319306433200836,-1.0185649920843043
UBFC_PHYS_s04_T3_test,27,5,27.166666666666668,-0.4497552514076233,-1.0453529196630744
UBFC_PHYS_s04_T3_test,27,6,27.2,-0.705414891242981,-0.9379181576477613
UBFC_PHYS_s04_T3_test,27,7,27.233333333333334,-0.9582582712173462,-0.6938210381936688
UBFC_PHYS_s04_T3_test,27,8,27.266666666666666,-1.199885606765747,-0.33202446160990323
UBFC_PHYS_s04_T3_test,27,9,27.3,-1.4757555723190308,0.1068331321469452
UBFC_PHYS_s04_T3_test,27,10,27.333333333333332,-1.7875441312789917,0.5664704245966828
UBFC_PHYS_s04_T3_test,27,11,27.366666666666667,-2.0027928352355957,0.9860661323378475
UBFC_PHYS_s04_T3_test,27,12,27.4,-1.9492851495742798,1.3129803925655805
UBFC_PHYS_s04_T3_test,27,13,27.433333333333334,-1.6097731590270996,1.5129249834288103
UBFC_PHYS_s04_T3_test,27,14,27.466666666666665,-1.1451599597930908,1.574562924177418
UBFC_PHYS_s04_T3_test,27,15,27.5,-0.7126648426055908,1.5077918158186983
UBFC_PHYS_s04_T3_test,27,16,27.533333333333335,-0.35634341835975647,1.3371865297308974
UBFC_PHYS_s04_T3_test,27,17,27.566666666666666,-0.06570067256689072,1.0934170851601137
UBFC_PHYS_s04_T3_test,27,18,27.6,0.1556384116411209,0.8055841744406957
UBFC_PHYS_s04_T3_test,27,19,27.633333333333333,0.3023727536201477,0.4964735334854153
UBFC_PHYS_s04_T3_test,27,20,27.666666666666668,0.37610048055648804,0.18124258427561113
UBFC_PHYS_s04_T3_test,27,21,27.7,0.39605745673179626,-0.13126157001744088
UBFC_PHYS_s04_T3_test,27,22,27.733333333333334,0.40124157071113586,-0.43595766934650987
UBFC_PHYS_s04_T3_test,27,23,27.766666666666666,0.4076535403728485,-0.729002361969199
UBFC_PHYS_s04_T3_test,27,24,27.8,0.37617844343185425,-1.0058874817994155
UBFC_PHYS_s04_T3_test,27,25,27.833333333333332,0.26842254400253296,-1.2600735314000193
UBFC_PHYS_s04_T3_test,27,26,27.866666666666667,0.11414586007595062,-1.4817190234589426
UBFC_PHYS_s04_T3_test,27,27,27.9,-0.0246173907071352,-1.65636473623979
UBFC_PHYS_s04_T3_test,27,28,27.933333333333334,-0.15331445634365082,-1.7642654476033155
UBFC_PHYS_s04_T3_test,27,29,27.966666666666665,-0.3412587642669678,-1.7817307587700741
UBFC_PHYS_s04_T3_test,27,30,28.0,-0.5859361886978149,-1.6856119551110407
UBFC_PHYS_s04_T3_test,27,31,28.033333333333335,-0.7300687432289124,-1.4607811057683293
UBFC_PHYS_s04_T3_test,27,32,28.066666666666666,-0.618678092956543,-1.1085669743329596
UBFC_PHYS_s04_T3_test,27,33,28.1,-0.2879265248775482,-0.6526238620306396
UBFC_PHYS_s04_T3_test,27,34,28.133333333333333,0.07966943085193634,-0.13866523416147616
UBFC_PHYS_s04_T3_test,27,35,28.166666666666668,0.3554418981075287,0.373516710119503
UBFC_PHYS_s04_T3_test,27,36,28.2,0.5380461812019348,0.8238389378322225
UBFC_PHYS_s04_T3_test,27,37,28.233333333333334,0.6600779294967651,1.1665928604456501
UBFC_PHYS_s04_T3_test,27,38,28.266666666666666,0.7265166640281677,1.3803858859560345
UBFC_PHYS_s04_T3_test,27,39,28.3,0.7390287518501282,1.4697524662228574
UBFC_PHYS_s04_T3_test,27,40,28.333333333333332,0.7054682970046997,1.4584264010257
UBFC_PHYS_s04_T3_test,27,41,28.366666666666667,0.6401599645614624,1.377663778845428
UBFC_PHYS_s04_T3_test,27,42,28.4,0.5743545889854431,1.2546345807037063
UBFC_PHYS_s04_T3_test,27,43,28.433333333333334,0.5222111940383911,1.1053051479079585
UBFC_PHYS_s04_T3_test,27,44,28.466666666666665,0.4443907141685486,0.9339047961328327
UBFC_PHYS_s04_T3_test,27,45,28.5,0.29020175337791443,0.7380316851661778
UBFC_PHYS_s04_T3_test,27,46,28.533333333333335,0.07062643021345139,0.5160077998239573
UBFC_PHYS_s04_T3_test,27,47,28.566666666666666,-0.14474895596504211,0.2725033192942561
UBFC_PHYS_s04_T3_test,27,48,28.6,-0.32379642128944397,0.020028095286743285
UBFC_PHYS_s04_T3_test,27,49,28.633333333333333,-0.5219920873641968,-0.22362159443763607
UBFC_PHYS_s04_T3_test,27,50,28.666666666666668,-0.799927830696106,-0.4400540197960937
UBFC_PHYS_s04_T3_test,27,51,28.7,-1.065429449081421,-0.6146671111549987
UBFC_PHYS_s04_T3_test,27,52,28.733333333333334,-1.0969728231430054,-0.7388721309656303
UBFC_PHYS_s04_T3_test,27,53,28.766666666666666,-0.8025394082069397,-0.8095595010426773
UBFC_PHYS_s04_T3_test,27,54,28.8,-0.36028024554252625,-0.8265781099165483
UBFC_PHYS_s04_T3_test,27,55,28.833333333333332,0.024709828197956085,-0.7899705438087113
UBFC_PHYS_s04_T3_test,27,56,28.866666666666667,0.3188021779060364,-0.6988814678943547
UBFC_PHYS_s04_T3_test,27,57,28.9,0.568800151348114,-0.5531767068845636
UBFC_PHYS_s04_T3_test,27,58,28.933333333333334,0.7737585306167603,-0.3571562883757549
UBFC_PHYS_s04_T3_test,27,59,28.966666666666665,0.8970863223075867,-0.12336186990057639
UBFC_PHYS_s04_T3_test,27,60,29.0,0.9340769052505493,0.1257217487583566
UBFC_PHYS_s04_T3_test,27,61,29.033333333333335,0.9200446605682373,0.3593755061513518
UBFC_PHYS_s04_T3_test,27,62,29.066666666666666,0.8870786428451538,0.5437291262326018
UBFC_PHYS_s04_T3_test,27,63,29.1,0.8357342481613159,0.649006855560105
UBFC_PHYS_s04_T3_test,27,64,29.133333333333333,0.758566677570343,0.6570262358464284
UBFC_PHYS_s04_T3_test,27,65,29.166666666666668,0.6520678400993347,0.5667149547391953
UBFC_PHYS_s04_T3_test,27,66,29.2,0.5131681561470032,0.39546348465263126
UBFC_PHYS_s04_T3_test,27,67,29.233333333333334,0.33894428610801697,0.17509495115885826
UBFC_PHYS_s04_T3_test,27,68,29.266666666666666,0.14087532460689545,-0.05674220883017249
UBFC_PHYS_s04_T3_test,27,69,29.3,-0.05282803997397423,-0.26691584320776013
UBFC_PHYS_s04_T3_test,27,70,29.333333333333332,-0.22558049857616425,-0.43521838613776687
UBFC_PHYS_s04_T3_test,27,71,29.366666666666667,-0.39277851581573486,-0.5578520447146181
UBFC_PHYS_s04_T3_test,27,72,29.4,-0.5990329384803772,-0.6447863681924503
UBFC_PHYS_s04_T3_test,27,73,29.433333333333334,-0.8703521490097046,-0.7120397563181682
UBFC_PHYS_s04_T3_test,27,74,29.466666666666665,-1.116013765335083,-0.7718856334460118
UBFC_PHYS_s04_T3_test,27,75,29.5,-1.1286622285842896,-0.824829375427983
UBFC_PHYS_s04_T3_test,27,76,29.533333333333335,-0.7927655577659607,-0.856544445768349
UBFC_PHYS_s04_T3_test,27,77,29.566666666666666,-0.278825044631958,-0.8411285412235797
UBFC_PHYS_s04_T3_test,27,78,29.6,0.1850184202194214,-0.7497781924373824
UBFC_PHYS_s04_T3_test,27,79,29.633333333333333,0.5269275903701782,-0.5620136234632869
UBFC_PHYS_s04_T3_test,27,80,29.666666666666668,0.7956547141075134,-0.2755165569277948
UBFC_PHYS_s04_T3_test,27,81,29.7,1.024087905883789,0.08914540280493082
UBFC_PHYS_s04_T3_test,27,82,29.733333333333334,1.1923967599868774,0.4910640933153327
UBFC_PHYS_s04_T3_test,27,83,29.766666666666666,1.2690380811691284,0.878331863823409
UBFC_PHYS_s04_T3_test,27,84,29.8,1.2603557109832764,1.2008978608138277
UBFC_PHYS_s04_T3_test,27,85,29.833333333333332,1.2039051055908203,1.4221610604106805
UBFC_PHYS_s04_T3_test,27,86,29.866666666666667,1.1240187883377075,1.525305503943044
UBFC_PHYS_s04_T3_test,27,87,29.9,1.0323902368545532,1.5129178637840828
UBFC_PHYS_s04_T3_test,27,88,29.933333333333334,0.9395923614501953,1.4013060259795036
UBFC_PHYS_s04_T3_test,27,89,29.966666666666665,0.8345259428024292,1.212769690625999
UBFC_PHYS_s04_T3_test,27,90,30.0,0.6936286091804504,0.9691268946482182
UBFC_PHYS_s04_T3_test,27,91,30.033333333333335,0.5290324091911316,0.6884031515026543
UBFC_PHYS_s04_T3_test,27,92,30.066666666666666,0.372348815202713,0.38470254844797774
UBFC_PHYS_s04_T3_test,27,93,30.1,0.22237925231456757,0.06989234487856537
UBFC_PHYS_s04_T3_test,27,94,30.133333333333333,0.06421447545289993,-0.24459506193830408
UBFC_PHYS_s04_T3_test,27,95,30.166666666666668,-0.10655007511377335,-0.5469567063775739
UBFC_PHYS_s04_T3_test,27,96,30.2,-0.2894466817378998,-0.8253679232972476
UBFC_PHYS_s04_T3_test,27,97,30.233333333333334,-0.47050154209136963,-1.0688064852812822
UBFC_PHYS_s04_T3_test,27,98,30.266666666666666,-0.6346884965896606,-1.2673339139812243
UBFC_PHYS_s04_T3_test,27,99,30.3,-0.8265306353569031,-1.4112154212689065
UBFC_PHYS_s04_T3_test,27,100,30.333333333333332,-1.1065419912338257,-1.4892643296566686
UBFC_PHYS_s04_T3_test,27,101,30.366666666666667,-1.3944952487945557,-1.4877787280939245
UBFC_PHYS_s04_T3_test,27,102,30.4,-1.4565489292144775,-1.3916909605005783
UBFC_PHYS_s04_T3_test,27,103,30.433333333333334,-1.1521565914154053,-1.1887489248141623
UBFC_PHYS_s04_T3_test,27,104,30.466666666666665,-0.6142345666885376,-0.8759468756175008
UBFC_PHYS_s04_T3_test,27,105,30.5,-0.08223727345466614,-0.46586423214977474
UBFC_PHYS_s04_T3_test,27,106,30.533333333333335,0.34819191694259644,0.010061148839430717
UBFC_PHYS_s04_T3_test,27,107,30.566666666666666,0.7140825390815735,0.5036508724250859
UBFC_PHYS_s04_T3_test,27,108,30.6,1.0204628705978394,0.9580103595931839
UBFC_PHYS_s04_T3_test,27,109,30.633333333333333,1.2293872833251953,1.319424567817307
UBFC_PHYS_s04_T3_test,27,110,30.666666666666668,1.327807903289795,1.5488657979547298
UBFC_PHYS_s04_T3_test,27,111,30.7,1.3517991304397583,1.6287413399830413
UBFC_PHYS_s04_T3_test,27,112,30.733333333333334,1.343369960784912,1.563105332909066
UBFC_PHYS_s04_T3_test,27,113,30.766666666666666,1.3180632591247559,1.3727617946725812
UBFC_PHYS_s04_T3_test,27,114,30.8,1.2833627462387085,1.0881477934051098
UBFC_PHYS_s04_T3_test,27,115,30.833333333333332,1.2357699871063232,0.7425337210503088
UBFC_PHYS_s04_T3_test,27,116,30.866666666666667,1.1472889184951782,0.3670063401265511
UBFC_PHYS_s04_T3_test,27,117,30.9,1.0010515451431274,-0.012351255997152595
UBFC_PHYS_s04_T3_test,27,118,30.933333333333334,0.8048925995826721,-0.3753563589466896
UBFC_PHYS_s04_T3_test,27,119,30.966666666666665,0.5608680248260498,-0.7071723790512233
UBFC_PHYS_s04_T3_test,27,120,31.0,0.2644759714603424,-0.9966410239652107
UBFC_PHYS_s04_T3_test,27,121,31.033333333333335,-0.07524064183235168,-1.2337690539542934
UBFC_PHYS_s04_T3_test,27,122,31.066666666666666,-0.4313282072544098,-1.4069296147517079
UBFC_PHYS_s04_T3_test,27,123,31.1,-0.771658718585968,-1.5008848305313758
UBFC_PHYS_s04_T3_test,27,124,31.133333333333333,-1.0862635374069214,-1.497098692267793
UBFC_PHYS_s04_T3_test,27,125,31.166666666666668,-1.4038013219833374,-1.377437469532724
UBFC_PHYS_s04_T3_test,27,126,31.2,-1.7602884769439697,-1.1310324473329827
UBFC_PHYS_s04_T3_test,27,127,31.233333333333334,-2.166667938232422,-0.7622730802486767
UBFC_PHYS_s04_T3_test,27,128,31.266666666666666,-2.5738658905029297,-0.2965387713560005
UBFC_PHYS_s04_T3_test,27,129,31.3,-2.8349239826202393,0.2196562412027324
UBFC_PHYS_s04_T3_test,27,130,31.333333333333332,-2.8045403957366943,0.7255622923683605
UBFC_PHYS_s04_T3_test,27,131,31.366666666666667,-2.494203805923462,1.1586484169997064
UBFC_PHYS_s04_T3_test,27,132,31.4,-2.0464584827423096,1.4685018255136426
UBFC_PHYS_s04_T3_test,27,133,31.433333333333334,-1.5591694116592407,1.6271991796774188
UBFC_PHYS_s04_T3_test,27,134,31.466666666666665,-1.0591150522232056,1.6326808272037625
UBFC_PHYS_s04_T3_test,27,135,31.5,-0.6027456521987915,1.5047237028361264
UBFC_PHYS_s04_T3_test,27,136,31.533333333333335,-0.26647862792015076,1.2761158227323404
UBFC_PHYS_s04_T3_test,27,137,31.566666666666666,-0.030444668605923653,0.983024214942262
UBFC_PHYS_s04_T3_test,27,138,31.6,0.17028456926345825,0.6577591659312779
UBFC_PHYS_s04_T3_test,27,139,31.633333333333333,0.3442453444004059,0.32520557789759913
UBFC_PHYS_s04_T3_test,27,140,31.666666666666668,0.47042831778526306,0.0025231917738265212
UBFC_PHYS_s04_T3_test,27,141,31.7,0.5730390548706055,-0.2991968639323055
UBFC_PHYS_s04_T3_test,27,142,31.733333333333334,0.6767411828041077,-0.5728232157076608
UBFC_PHYS_s04_T3_test,27,143,31.766666666666666,0.7403053045272827,-0.8135609610630116
UBFC_PHYS_s04_T3_test,27,144,31.8,0.720874547958374,-1.0177066244791861
UBFC_PHYS_s04_T3_test,27,145,31.833333333333332,0.6391075253486633,-1.181040088125387
UBFC_PHYS_s04_T3_test,27,146,31.866666666666667,0.5355223417282104,-1.296542597125995
UBFC_PHYS_s04_T3_test,27,147,31.9,0.42602211236953735,-1.3522746269865795
UBFC_PHYS_s04_T3_test,27,148,31.933333333333334,0.2941288352012634,-1.3311650653369915
UBFC_PHYS_s04_T3_test,27,149,31.966666666666665,0.1185017079114914,-1.2142718661513257
UBFC_PHYS_s04_T3_test,27,150,32.0,-0.08238343894481659,-0.9875575352234116
UBFC_PHYS_s04_T3_test,27,151,32.03333333333333,-0.26168426871299744,-0.6502045536945287
UBFC_PHYS_s04_T3_test,27,152,32.06666666666667,-0.41363197565078735,-0.22116354490919315
UBFC_PHYS_s04_T3_test,27,153,32.1,-0.5806741118431091,0.25928779729655355
UBFC_PHYS_s04_T3_test,27,154,32.13333333333333,-0.7651200890541077,0.7346131304599336
UBFC_PHYS_s04_T3_test,27,155,32.166666666666664,-0.844606876373291,1.1428500452605688
UBFC_PHYS_s04_T3_test,27,156,32.2,-0.6574713587760925,1.429959718785879
UBFC_PHYS_s04_T3_test,27,157,32.233333333333334,-0.21088562905788422,1.561320809278244
UBFC_PHYS_s04_T3_test,27,158,32.266666666666666,0.2955223023891449,1.5277530038711191
UBFC_PHYS_s04_T3_test,27,159,32.3,0.6982475519180298,1.3447143658298681
UBFC_PHYS_s04_T3_test,27,160,32.333333333333336,0.9953217506408691,1.0459746474325933
UBFC_PHYS_s04_T3_test,27,161,32.36666666666667,1.2138934135437012,0.6748039941864713
UBFC_PHYS_s04_T3_test,27,162,32.4,1.3408071994781494,0.2757753236548651
UBFC_PHYS_s04_T3_test,27,163,32.43333333333333,1.390455961227417,-0.11095273309552088
UBFC_PHYS_s04_T3_test,27,164,32.46666666666667,1.4320557117462158,-0.45257487730906104
UBFC_PHYS_s04_T3_test,27,165,32.5,1.5123220682144165,-0.7246262892463495
UBFC_PHYS_s04_T3_test,27,166,32.53333333333333,1.5896260738372803,-0.9111452447437772
UBFC_PHYS_s04_T3_test,27,167,32.56666666666667,1.5736936330795288,-1.0047143691842135
UBFC_PHYS_s04_T3_test,27,168,32.6,1.415616512298584,-1.0063842266745542
UBFC_PHYS_s04_T3_test,27,169,32.63333333333333,1.1319996118545532,-0.9250830351310426
UBFC_PHYS_s04_T3_test,27,170,32.666666666666664,0.7673466205596924,-0.7762782284277784
UBFC_PHYS_s04_T3_test,27,171,32.7,0.3729919493198395,-0.5800264413598183
UBFC_PHYS_s04_T3_test,27,172,32.733333333333334,0.0028526661917567253,-0.35868313789899686
UBFC_PHYS_s04_T3_test,27,173,32.766666666666666,-0.32025912404060364,-0.1344539490588247
UBFC_PHYS_s04_T3_test,27,174,32.8,-0.6079785227775574,0.07308007258392181
UBFC_PHYS_s04_T3_test,27,175,32.833333333333336,-0.8765692114830017,0.24914249225529264
UBFC_PHYS_s04_T3_test,27,176,32.86666666666667,-1.1722694635391235,0.38501011369960336
UBFC_PHYS_s04_T3_test,27,177,32.9,-1.520541787147522,0.47777646905827015
UBFC_PHYS_s04_T3_test,27,178,32.93333333333333,-1.7902628183364868,0.5287810323336889
UBFC_PHYS_s04_T3_test,27,179,32.96666666666667,-1.7793294191360474,0.5414979015882164
UBFC_PHYS_s04_T3_test,27,180,33.0,-1.4920388460159302,0.5196191473104467
UBFC_PHYS_s04_T3_test,27,181,33.03333333333333,-1.1584807634353638,0.46564520031698375
UBFC_PHYS_s04_T3_test,27,182,33.06666666666667,-0.935455858707428,0.38012879715249853
UBFC_PHYS_s04_T3_test,27,183,33.1,-0.760316014289856,0.26191323902590896
UBFC_PHYS_s04_T3_test,27,184,33.13333333333333,-0.5091681480407715,0.10988535715257078
UBFC_PHYS_s04_T3_test,27,185,33.166666666666664,-0.17008493840694427,-0.07366649984688474
UBFC_PHYS_s04_T3_test,27,186,33.2,0.15175031125545502,-0.2791316363376871
UBFC_PHYS_s04_T3_test,27,187,33.233333333333334,0.35912537574768066,-0.4870394385651709
UBFC_PHYS_s04_T3_test,27,188,33.266666666666666,0.4502374827861786,-0.6686528979823813
UBFC_PHYS_s04_T3_test,27,189,33.3,0.4796954393386841,-0.7904037548760897
UBFC_PHYS_s04_T3_test,27,190,33.333333333333336,0.47310808300971985,-0.821625854587027
UBFC_PHYS_s04_T3_test,27,191,33.36666666666667,0.423410564661026,-0.7436806562611018
UBFC_PHYS_s04_T3_test,27,192,33.4,0.3303690254688263,-0.557344399164186
UBFC_PHYS_s04_T3_test,27,193,33.43333333333333,0.20459534227848053,-0.28521348345918623
UBFC_PHYS_s04_T3_test,27,194,33.46666666666667,0.04692754149436951,0.032483988500725244
UBFC_PHYS_s04_T3_test,27,195,33.5,-0.1483057290315628,0.34763081114794353
UBFC_PHYS_s04_T3_test,27,196,33.53333333333333,-0.36747175455093384,0.6161884817328931
UBFC_PHYS_s04_T3_test,27,197,33.56666666666667,-0.5873686671257019,0.8082415066165755
UBFC_PHYS_s04_T3_test,27,198,33.6,-0.8194560408592224,0.912961739521599
UBFC_PHYS_s04_T3_test,27,199,33.63333333333333,-1.1034139394760132,0.9374673252015734
UBFC_PHYS_s04_T3_test,27,200,33.666666666666664,-1.4267499446868896,0.9007549103918983
UBFC_PHYS_s04_T3_test,27,201,33.7,-1.6401666402816772,0.8254004613540643
UBFC_PHYS_s04_T3_test,27,202,33.733333333333334,-1.5355972051620483,0.730143107895942
UBFC_PHYS_s04_T3_test,27,203,33.766666666666666,-1.0780292749404907,0.6256631791593142
UBFC_PHYS_s04_T3_test,27,204,33.8,-0.48569339513778687,0.5141955263373329
UBFC_PHYS_s04_T3_test,27,205,33.833333333333336,0.036111023277044296,0.39199955371274336
UBFC_PHYS_s04_T3_test,27,206,33.86666666666667,0.45259568095207214,0.25294828197043534
UBFC_PHYS_s04_T3_test,27,207,33.9,0.7926728129386902,0.09169033832143315
UBFC_PHYS_s04_T3_test,27,208,33.93333333333333,1.0371845960617065,-0.09438952563822417
UBFC_PHYS_s04_T3_test,27,209,33.96666666666667,1.1321848630905151,-0.3042670794757817
UBFC_PHYS_s04_T3_test,27,210,34.0,1.0875544548034668,-0.5326709371920442
UBFC_PHYS_s04_T3_test,27,211,34.03333333333333,1.0047155618667603,-0.7691213707519778
UBFC_PHYS_s04_T3_test,27,212,34.06666666666667,0.9437240362167358,-0.9968031564778662
UBFC_PHYS_s04_T3_test,27,213,34.1,0.853508472442627,-1.1923225343569968
UBFC_PHYS_s04_T3_test,27,214,34.13333333333333,0.6867392063140869,-1.3275579215620241
UBFC_PHYS_s04_T3_test,27,215,34.166666666666664,0.4612196683883667,-1.374189547081962
UBFC_PHYS_s04_T3_test,27,216,34.2,0.2037280648946762,-1.3104108649223856
UBFC_PHYS_s04_T3_test,27,217,34.233333333333334,-0.10677420347929001,-1.128147091831202
UBFC_PHYS_s04_T3_test,27,218,34.266666666666666,-0.5471136569976807,-0.8382704139333037
UBFC_PHYS_s04_T3_test,27,219,34.3,-1.125885009765625,-0.4713231014783738
UBFC_PHYS_s04_T3_test,27,220,34.333333333333336,-1.6538968086242676,-0.07246499339919153
UBFC_PHYS_s04_T3_test,27,221,34.36666666666667,-1.9087378978729248,0.30838209846743814
UBFC_PHYS_s04_T3_test,27,222,34.4,-1.9087378978729248,0.6278099848817716
UBFC_PHYS_s04_T3_test,27,223,34.43333333333333,-1.8892486095428467,0.8573457214470525
UBFC_PHYS_s04_T3_test,27,224,34.46666666666667,-1.9864023923873901,0.9862927619534407
UBFC_PHYS_s04_T3_test,27,225,34.5,-2.04455828666687,1.0191081543759173
UBFC_PHYS_s04_T3_test,27,226,34.53333333333333,-1.8061952590942383,0.9696907804487113
UBFC_PHYS_s04_T3_test,27,227,34.56666666666667,-1.2935898303985596,0.8555800412109948
UBFC_PHYS_s04_T3_test,27,228,34.6,-0.7378936409950256,0.6941058121705358
UBFC_PHYS_s04_T3_test,27,229,34.63333333333333,-0.27913686633110046,0.501006130658257
UBFC_PHYS_s04_T3_test,27,230,34.666666666666664,0.10446946322917938,0.29095849733805385
UBFC_PHYS_s04_T3_test,27,231,34.7,0.4539988934993744,0.07897911779620932
UBFC_PHYS_s04_T3_test,27,232,34.733333333333334,0.762756884098053,-0.1185165751293897
UBFC_PHYS_s04_T3_test,27,233,34.766666666666666,0.9811725616455078,-0.28399394131487954
UBFC_PHYS_s04_T3_test,27,234,34.8,1.0591684579849243,-0.4007773870311427
UBFC_PHYS_s04_T3_test,27,235,34.833333333333336,1.0299150943756104,-0.45619780287888617
UBFC_PHYS_s04_T3_test,27,236,34.86666666666667,0.9901571273803711,-0.4446676662851602
UBFC_PHYS_s04_T3_test,27,237,34.9,0.9841251969337463,-0.36940061395721147
UBFC_PHYS_s04_T3_test,27,238,34.93333333333333,0.9633204340934753,-0.2422270912118617
UBFC_PHYS_s04_T3_test,27,239,34.96666666666667,0.8696357607841492,-0.08184531353011043
UBFC_PHYS_s04_T3_test,28,0,28.0,-0.5859361886978149,-0.07916907934910036
UBFC_PHYS_s04_T3_test,28,1,28.033333333333335,-0.7300687432289124,-0.17473400273357062
UBFC_PHYS_s04_T3_test,28,2,28.066666666666666,-0.618678092956543,-0.238186552419133
UBFC_PHYS_s04_T3_test,28,3,28.1,-0.2879265248775482,-0.24762258606817586
UBFC_PHYS_s04_T3_test,28,4,28.133333333333333,0.07966943085193634,-0.19379703185776623
UBFC_PHYS_s04_T3_test,28,5,28.166666666666668,0.3554418981075287,-0.08085069343021282
UBFC_PHYS_s04_T3_test,28,6,28.2,0.5380461812019348,0.07697610980712402
UBFC_PHYS_s04_T3_test,28,7,28.233333333333334,0.6600779294967651,0.26067264139816465
UBFC_PHYS_s04_T3_test,28,8,28.266666666666666,0.7265166640281677,0.4514310831654295
UBFC_PHYS_s04_T3_test,28,9,28.3,0.7390287518501282,0.633585177469005
UBFC_PHYS_s04_T3_test,28,10,28.333333333333332,0.7054682970046997,0.7950198362874328
UBFC_PHYS_s04_T3_test,28,11,28.366666666666667,0.6401599645614624,0.9257808532833708
UBFC_PHYS_s04_T3_test,28,12,28.4,0.5743545889854431,1.0164745538419404
UBFC_PHYS_s04_T3_test,28,13,28.433333333333334,0.5222111940383911,1.0579159063977985
UBFC_PHYS_s04_T3_test,28,14,28.466666666666665,0.4443907141685486,1.0422981671486542
UBFC_PHYS_s04_T3_test,28,15,28.5,0.29020175337791443,0.9650254626954315
UBFC_PHYS_s04_T3_test,28,16,28.533333333333335,0.07062643021345139,0.8262569875230213
UBFC_PHYS_s04_T3_test,28,17,28.566666666666666,-0.14474895596504211,0.6317877599444011
UBFC_PHYS_s04_T3_test,28,18,28.6,-0.32379642128944397,0.39329193837787124
UBFC_PHYS_s04_T3_test,28,19,28.633333333333333,-0.5219920873641968,0.12792089953718702
UBFC_PHYS_s04_T3_test,28,20,28.666666666666668,-0.799927830696106,-0.14298962400704235
UBFC_PHYS_s04_T3_test,28,21,28.7,-1.065429449081421,-0.3963791869747084
UBFC_PHYS_s04_T3_test,28,22,28.733333333333334,-1.0969728231430054,-0.6109535681228369
UBFC_PHYS_s04_T3_test,28,23,28.766666666666666,-0.8025394082069397,-0.7709501497249464
UBFC_PHYS_s04_T3_test,28,24,28.8,-0.36028024554252625,-0.8690136633539388
UBFC_PHYS_s04_T3_test,28,25,28.833333333333332,0.024709828197956085,-0.9070877727843552
UBFC_PHYS_s04_T3_test,28,26,28.866666666666667,0.3188021779060364,-0.8948014557415889
UBFC_PHYS_s04_T3_test,28,27,28.9,0.568800151348114,-0.8456941340596145
UBFC_PHYS_s04_T3_test,28,28,28.933333333333334,0.7737585306167603,-0.7724539441767805
UBFC_PHYS_s04_T3_test,28,29,28.966666666666665,0.8970863223075867,-0.6828536307980442
UBFC_PHYS_s04_T3_test,28,30,29.0,0.9340769052505493,-0.57801238910221
UBFC_PHYS_s04_T3_test,28,31,29.033333333333335,0.9200446605682373,-0.4538010759254902
UBFC_PHYS_s04_T3_test,28,32,29.066666666666666,0.8870786428451538,-0.30483739780693575
UBFC_PHYS_s04_T3_test,28,33,29.1,0.8357342481613159,-0.12937350450485985
UBFC_PHYS_s04_T3_test,28,34,29.133333333333333,0.758566677570343,0.06687092306424423
UBFC_PHYS_s04_T3_test,28,35,29.166666666666668,0.6520678400993347,0.26935499443916344
UBFC_PHYS_s04_T3_test,28,36,29.2,0.5131681561470032,0.4564101199770001
UBFC_PHYS_s04_T3_test,28,37,29.233333333333334,0.33894428610801697,0.603549365654328
UBFC_PHYS_s04_T3_test,28,38,29.266666666666666,0.14087532460689545,0.6889928722530712
UBFC_PHYS_s04_T3_test,28,39,29.3,-0.05282803997397423,0.6984749634400574
UBFC_PHYS_s04_T3_test,28,40,29.333333333333332,-0.22558049857616425,0.627680881543108
UBFC_PHYS_s04_T3_test,28,41,29.366666666666667,-0.39277851581573486,0.4818316395096665
UBFC_PHYS_s04_T3_test,28,42,29.4,-0.5990329384803772,0.273474832285214
UBFC_PHYS_s04_T3_test,28,43,29.433333333333334,-0.8703521490097046,0.020271440785239243
UBFC_PHYS_s04_T3_test,28,44,29.466666666666665,-1.116013765335083,-0.25615762140910203
UBFC_PHYS_s04_T3_test,28,45,29.5,-1.1286622285842896,-0.5305824110330575
UBFC_PHYS_s04_T3_test,28,46,29.533333333333335,-0.7927655577659607,-0.7746983891572699
UBFC_PHYS_s04_T3_test,28,47,29.566666666666666,-0.278825044631958,-0.9587548716825413
UBFC_PHYS_s04_T3_test,28,48,29.6,0.1850184202194214,-1.0546769597969075
UBFC_PHYS_s04_T3_test,28,49,29.633333333333333,0.5269275903701782,-1.0404700625034657
UBFC_PHYS_s04_T3_test,28,50,29.666666666666668,0.7956547141075134,-0.9051643674800395
UBFC_PHYS_s04_T3_test,28,51,29.7,1.024087905883789,-0.6530927342385395
UBFC_PHYS_s04_T3_test,28,52,29.733333333333334,1.1923967599868774,-0.3059664117552136
UBFC_PHYS_s04_T3_test,28,53,29.766666666666666,1.2690380811691284,0.09862319752998557
UBFC_PHYS_s04_T3_test,28,54,29.8,1.2603557109832764,0.5127328737922348
UBFC_PHYS_s04_T3_test,28,55,29.833333333333332,1.2039051055908203,0.8866509718956753
UBFC_PHYS_s04_T3_test,28,56,29.866666666666667,1.1240187883377075,1.1782378655332661
UBFC_PHYS_s04_T3_test,28,57,29.9,1.0323902368545532,1.3602632442595433
UBFC_PHYS_s04_T3_test,28,58,29.933333333333334,0.9395923614501953,1.4237212598051854
UBFC_PHYS_s04_T3_test,28,59,29.966666666666665,0.8345259428024292,1.3765594829694794
UBFC_PHYS_s04_T3_test,28,60,30.0,0.6936286091804504,1.2386879510666502
UBFC_PHYS_s04_T3_test,28,61,30.033333333333335,0.5290324091911316,1.0351841216363358
UBFC_PHYS_s04_T3_test,28,62,30.066666666666666,0.372348815202713,0.7900602124530716
UBFC_PHYS_s04_T3_test,28,63,30.1,0.22237925231456757,0.5224568370041442
UBFC_PHYS_s04_T3_test,28,64,30.133333333333333,0.06421447545289993,0.24574957261435548
UBFC_PHYS_s04_T3_test,28,65,30.166666666666668,-0.10655007511377335,-0.031235694475863288
UBFC_PHYS_s04_T3_test,28,66,30.2,-0.2894466817378998,-0.30207504929461665
UBFC_PHYS_s04_T3_test,28,67,30.233333333333334,-0.47050154209136963,-0.5605424921741353
UBFC_PHYS_s04_T3_test,28,68,30.266666666666666,-0.6346884965896606,-0.7988679663893858
UBFC_PHYS_s04_T3_test,28,69,30.3,-0.8265306353569031,-1.0067157162702574
UBFC_PHYS_s04_T3_test,28,70,30.333333333333332,-1.1065419912338257,-1.1709283928779761
UBFC_PHYS_s04_T3_test,28,71,30.366666666666667,-1.3944952487945557,-1.276019107240873
UBFC_PHYS_s04_T3_test,28,72,30.4,-1.4565489292144775,-1.3055310122419288
UBFC_PHYS_s04_T3_test,28,73,30.433333333333334,-1.1521565914154053,-1.2445303199266
UBFC_PHYS_s04_T3_test,28,74,30.466666666666665,-0.6142345666885376,-1.0833571710403156
UBFC_PHYS_s04_T3_test,28,75,30.5,-0.08223727345466614,-0.8221201870886935
UBFC_PHYS_s04_T3_test,28,76,30.533333333333335,0.34819191694259644,-0.4744954803357549
UBFC_PHYS_s04_T3_test,28,77,30.566666666666666,0.7140825390815735,-0.06897054720142948
UBFC_PHYS_s04_T3_test,28,78,30.6,1.0204628705978394,0.353644379446794
UBFC_PHYS_s04_T3_test,28,79,30.633333333333333,1.2293872833251953,0.7461566940540104
UBFC_PHYS_s04_T3_test,28,80,30.666666666666668,1.327807903289795,1.0627317886434404
UBFC_PHYS_s04_T3_test,28,81,30.7,1.3517991304397583,1.26631198481852
UBFC_PHYS_s04_T3_test,28,82,30.733333333333334,1.343369960784912,1.3342066780502453
UBFC_PHYS_s04_T3_test,28,83,30.766666666666666,1.3180632591247559,1.2612472018020213
UBFC_PHYS_s04_T3_test,28,84,30.8,1.2833627462387085,1.0602810819339388
UBFC_PHYS_s04_T3_test,28,85,30.833333333333332,1.2357699871063232,0.7597630967426967
UBFC_PHYS_s04_T3_test,28,86,30.866666666666667,1.1472889184951782,0.3983904082940847
UBFC_PHYS_s04_T3_test,28,87,30.9,1.0010515451431274,0.017554686383009804
UBFC_PHYS_s04_T3_test,28,88,30.933333333333334,0.8048925995826721,-0.3463650407948105
UBFC_PHYS_s04_T3_test,28,89,30.966666666666665,0.5608680248260498,-0.6672077698187074
UBFC_PHYS_s04_T3_test,28,90,31.0,0.2644759714603424,-0.9298863390386428
UBFC_PHYS_s04_T3_test,28,91,31.033333333333335,-0.07524064183235168,-1.126948470796652
UBFC_PHYS_s04_T3_test,28,92,31.066666666666666,-0.4313282072544098,-1.2528570091835904
UBFC_PHYS_s04_T3_test,28,93,31.1,-0.771658718585968,-1.2990757613848787
UBFC_PHYS_s04_T3_test,28,94,31.133333333333333,-1.0862635374069214,-1.2527337206421054
UBFC_PHYS_s04_T3_test,28,95,31.166666666666668,-1.4038013219833374,-1.1001049058817347
UBFC_PHYS_s04_T3_test,28,96,31.2,-1.7602884769439697,-0.8339897047857024
UBFC_PHYS_s04_T3_test,28,97,31.233333333333334,-2.166667938232422,-0.46204716151318337
UBFC_PHYS_s04_T3_test,28,98,31.266666666666666,-2.5738658905029297,-0.01205573382099438
UBFC_PHYS_s04_T3_test,28,99,31.3,-2.8349239826202393,0.4691441208606486
UBFC_PHYS_s04_T3_test,28,100,31.333333333333332,-2.8045403957366943,0.9235998385066748
UBFC_PHYS_s04_T3_test,28,101,31.366666666666667,-2.494203805923462,1.2945151542810753
UBFC_PHYS_s04_T3_test,28,102,31.4,-2.0464584827423096,1.5384014204157996
UBFC_PHYS_s04_T3_test,28,103,31.433333333333334,-1.5591694116592407,1.6329480789153332
UBFC_PHYS_s04_T3_test,28,104,31.466666666666665,-1.0591150522232056,1.57857975974996
UBFC_PHYS_s04_T3_test,28,105,31.5,-0.6027456521987915,1.3944101470655548
UBFC_PHYS_s04_T3_test,28,106,31.533333333333335,-0.26647862792015076,1.1112153724234317
UBFC_PHYS_s04_T3_test,28,107,31.566666666666666,-0.030444668605923653,0.7643062598569437
UBFC_PHYS_s04_T3_test,28,108,31.6,0.17028456926345825,0.38797828553247143
UBFC_PHYS_s04_T3_test,28,109,31.633333333333333,0.3442453444004059,0.011833395255107982
UBFC_PHYS_s04_T3_test,28,110,31.666666666666668,0.47042831778526306,-0.3412318231397695
UBFC_PHYS_s04_T3_test,28,111,31.7,0.5730390548706055,-0.6554670804984171
UBFC_PHYS_s04_T3_test,28,112,31.733333333333334,0.6767411828041077,-0.9212274287371642
UBFC_PHYS_s04_T3_test,28,113,31.766666666666666,0.7403053045272827,-1.1327109361143681
UBFC_PHYS_s04_T3_test,28,114,31.8,0.720874547958374,-1.2849210668219828
UBFC_PHYS_s04_T3_test,28,115,31.833333333333332,0.6391075253486633,-1.3706052624622456
UBFC_PHYS_s04_T3_test,28,116,31.866666666666667,0.5355223417282104,-1.378378565638484
UBFC_PHYS_s04_T3_test,28,117,31.9,0.42602211236953735,-1.2934939575413442
UBFC_PHYS_s04_T3_test,28,118,31.933333333333334,0.2941288352012634,-1.1022457435469426
UBFC_PHYS_s04_T3_test,28,119,31.966666666666665,0.1185017079114914,-0.7994346149202369
UBFC_PHYS_s04_T3_test,28,120,32.0,-0.08238343894481659,-0.39616867493486885
UBFC_PHYS_s04_T3_test,28,121,32.03333333333333,-0.26168426871299744,0.07581013704497684
UBFC_PHYS_s04_T3_test,28,122,32.06666666666667,-0.41363197565078735,0.5659286459319007
UBFC_PHYS_s04_T3_test,28,123,32.1,-0.5806741118431091,1.0128308288095156
UBFC_PHYS_s04_T3_test,28,124,32.13333333333333,-0.7651200890541077,1.356458524650962
UBFC_PHYS_s04_T3_test,28,125,32.166666666666664,-0.844606876373291,1.550612718552252
UBFC_PHYS_s04_T3_test,28,126,32.2,-0.6574713587760925,1.5722947432514263
UBFC_PHYS_s04_T3_test,28,127,32.233333333333334,-0.21088562905788422,1.4251920894149612
UBFC_PHYS_s04_T3_test,28,128,32.266666666666666,0.2955223023891449,1.136660064359678
UBFC_PHYS_s04_T3_test,28,129,32.3,0.6982475519180298,0.7497261097619877
UBFC_PHYS_s04_T3_test,28,130,32.333333333333336,0.9953217506408691,0.31315646735702335
UBFC_PHYS_s04_T3_test,28,131,32.36666666666667,1.2138934135437012,-0.1271366262013922
UBFC_PHYS_s04_T3_test,28,132,32.4,1.3408071994781494,-0.5331606800102162
UBFC_PHYS_s04_T3_test,28,133,32.43333333333333,1.390455961227417,-0.8759494122627334
UBFC_PHYS_s04_T3_test,28,134,32.46666666666667,1.4320557117462158,-1.13385429452369
UBFC_PHYS_s04_T3_test,28,135,32.5,1.5123220682144165,-1.2901127888861073
UBFC_PHYS_s04_T3_test,28,136,32.53333333333333,1.5896260738372803,-1.3318823726580433
UBFC_PHYS_s04_T3_test,28,137,32.56666666666667,1.5736936330795288,-1.2519761241973373
UBFC_PHYS_s04_T3_test,28,138,32.6,1.415616512298584,-1.0527826825694213
UBFC_PHYS_s04_T3_test,28,139,32.63333333333333,1.1319996118545532,-0.7503146535804781
UBFC_PHYS_s04_T3_test,28,140,32.666666666666664,0.7673466205596924,-0.37591329737552237
UBFC_PHYS_s04_T3_test,28,141,32.7,0.3729919493198395,0.026190688087187095
UBFC_PHYS_s04_T3_test,28,142,32.733333333333334,0.0028526661917567253,0.40590804819144916
UBFC_PHYS_s04_T3_test,28,143,32.766666666666666,-0.32025912404060364,0.7174656106445865
UBFC_PHYS_s04_T3_test,28,144,32.8,-0.6079785227775574,0.929357399153214
UBFC_PHYS_s04_T3_test,28,145,32.833333333333336,-0.8765692114830017,1.0301706240720607
UBFC_PHYS_s04_T3_test,28,146,32.86666666666667,-1.1722694635391235,1.0280825556309887
UBFC_PHYS_s04_T3_test,28,147,32.9,-1.520541787147522,0.9447256931227077
UBFC_PHYS_s04_T3_test,28,148,32.93333333333333,-1.7902628183364868,0.8064357976338622
UBFC_PHYS_s04_T3_test,28,149,32.96666666666667,-1.7793294191360474,0.6364652737715415
UBFC_PHYS_s04_T3_test,28,150,33.0,-1.4920388460159302,0.45049181615385137
UBFC_PHYS_s04_T3_test,28,151,33.03333333333333,-1.1584807634353638,0.2557871014185819
UBFC_PHYS_s04_T3_test,28,152,33.06666666666667,-0.935455858707428,0.053057979879129386
UBFC_PHYS_s04_T3_test,28,153,33.1,-0.760316014289856,-0.1602157064214
UBFC_PHYS_s04_T3_test,28,154,33.13333333333333,-0.5091681480407715,-0.38554487444747865
UBFC_PHYS_s04_T3_test,28,155,33.166666666666664,-0.17008493840694427,-0.6186938325468598
UBFC_PHYS_s04_T3_test,28,156,33.2,0.15175031125545502,-0.8456219564454374
UBFC_PHYS_s04_T3_test,28,157,33.233333333333334,0.35912537574768066,-1.0410901319524999
UBFC_PHYS_s04_T3_test,28,158,33.266666666666666,0.4502374827861786,-1.1715551275930063
UBFC_PHYS_s04_T3_test,28,159,33.3,0.4796954393386841,-1.2024874585312741
UBFC_PHYS_s04_T3_test,28,160,33.333333333333336,0.47310808300971985,-1.1084052795249537
UBFC_PHYS_s04_T3_test,28,161,33.36666666666667,0.423410564661026,-0.8824449465951758
UBFC_PHYS_s04_T3_test,28,162,33.4,0.3303690254688263,-0.5418307835051106
UBFC_PHYS_s04_T3_test,28,163,33.43333333333333,0.20459534227848053,-0.12667717826139674
UBFC_PHYS_s04_T3_test,28,164,33.46666666666667,0.04692754149436951,0.30800572658377223
UBFC_PHYS_s04_T3_test,28,165,33.5,-0.1483057290315628,0.7046282053319946
UBFC_PHYS_s04_T3_test,28,166,33.53333333333333,-0.36747175455093384,1.0157209320655887
UBFC_PHYS_s04_T3_test,28,167,33.56666666666667,-0.5873686671257019,1.2131883510520132
UBFC_PHYS_s04_T3_test,28,168,33.6,-0.8194560408592224,1.2916712589533634
UBFC_PHYS_s04_T3_test,28,169,33.63333333333333,-1.1034139394760132,1.2655744542371081
UBFC_PHYS_s04_T3_test,28,170,33.666666666666664,-1.4267499446868896,1.161241353398232
UBFC_PHYS_s04_T3_test,28,171,33.7,-1.6401666402816772,1.0071841889017956
UBFC_PHYS_s04_T3_test,28,172,33.733333333333334,-1.5355972051620483,0.8258505610892766
UBFC_PHYS_s04_T3_test,28,173,33.766666666666666,-1.0780292749404907,0.6296683385871145
UBFC_PHYS_s04_T3_test,28,174,33.8,-0.48569339513778687,0.4220991471758182
UBFC_PHYS_s04_T3_test,28,175,33.833333333333336,0.036111023277044296,0.2021639832107665
UBFC_PHYS_s04_T3_test,28,176,33.86666666666667,0.45259568095207214,-0.03038731171124183
UBFC_PHYS_s04_T3_test,28,177,33.9,0.7926728129386902,-0.2718159507246066
UBFC_PHYS_s04_T3_test,28,178,33.93333333333333,1.0371845960617065,-0.514015769887734
UBFC_PHYS_s04_T3_test,28,179,33.96666666666667,1.1321848630905151,-0.746152637988228
UBFC_PHYS_s04_T3_test,28,180,34.0,1.0875544548034668,-0.9564871633644785
UBFC_PHYS_s04_T3_test,28,181,34.03333333333333,1.0047155618667603,-1.132905620006794
UBFC_PHYS_s04_T3_test,28,182,34.06666666666667,0.9437240362167358,-1.262042802106205
UBFC_PHYS_s04_T3_test,28,183,34.1,0.853508472442627,-1.3282492122005227
UBFC_PHYS_s04_T3_test,28,184,34.13333333333333,0.6867392063140869,-1.3141105417868242
UBFC_PHYS_s04_T3_test,28,185,34.166666666666664,0.4612196683883667,-1.2036012424751596
UBFC_PHYS_s04_T3_test,28,186,34.2,0.2037280648946762,-0.9876337564693048
UBFC_PHYS_s04_T3_test,28,187,34.233333333333334,-0.10677420347929001,-0.6703198882279966
UBFC_PHYS_s04_T3_test,28,188,34.266666666666666,-0.5471136569976807,-0.27331918723413356
UBFC_PHYS_s04_T3_test,28,189,34.3,-1.125885009765625,0.16424460471333288
UBFC_PHYS_s04_T3_test,28,190,34.333333333333336,-1.6538968086242676,0.5914691140627041
UBFC_PHYS_s04_T3_test,28,191,34.36666666666667,-1.9087378978729248,0.9558946955383054
UBFC_PHYS_s04_T3_test,28,192,34.4,-1.9087378978729248,1.2149878144337403
UBFC_PHYS_s04_T3_test,28,193,34.43333333333333,-1.8892486095428467,1.344720155295613
UBFC_PHYS_s04_T3_test,28,194,34.46666666666667,-1.9864023923873901,1.3422356948974492
UBFC_PHYS_s04_T3_test,28,195,34.5,-2.04455828666687,1.2222122339133643
UBFC_PHYS_s04_T3_test,28,196,34.53333333333333,-1.8061952590942383,1.009209050519314
UBFC_PHYS_s04_T3_test,28,197,34.56666666666667,-1.2935898303985596,0.7296693807705177
UBFC_PHYS_s04_T3_test,28,198,34.6,-0.7378936409950256,0.40672466833446613
UBFC_PHYS_s04_T3_test,28,199,34.63333333333333,-0.27913686633110046,0.05923433097423175
UBFC_PHYS_s04_T3_test,28,200,34.666666666666664,0.10446946322917938,-0.29534342469873787
UBFC_PHYS_s04_T3_test,28,201,34.7,0.4539988934993744,-0.636183473428376
UBFC_PHYS_s04_T3_test,28,202,34.733333333333334,0.762756884098053,-0.9353528620618135
UBFC_PHYS_s04_T3_test,28,203,34.766666666666666,0.9811725616455078,-1.1579455407977015
UBFC_PHYS_s04_T3_test,28,204,34.8,1.0591684579849243,-1.267472306576098
UBFC_PHYS_s04_T3_test,28,205,34.833333333333336,1.0299150943756104,-1.2354176751238586
UBFC_PHYS_s04_T3_test,28,206,34.86666666666667,0.9901571273803711,-1.051478333987368
UBFC_PHYS_s04_T3_test,28,207,34.9,0.9841251969337463,-0.7301236962162828
UBFC_PHYS_s04_T3_test,28,208,34.93333333333333,0.9633204340934753,-0.31049268317361467
UBFC_PHYS_s04_T3_test,28,209,34.96666666666667,0.8696357607841492,0.1506385240383244
UBFC_PHYS_s04_T3_test,28,210,35.0,0.7075147032737732,0.5905425007694084
UBFC_PHYS_s04_T3_test,28,211,35.03333333333333,0.5185861587524414,0.9532196441568984
UBFC_PHYS_s04_T3_test,28,212,35.06666666666667,0.32202765345573425,1.1994594504859688
UBFC_PHYS_s04_T3_test,28,213,35.1,0.10465461015701294,1.3118388556842884
UBFC_PHYS_s04_T3_test,28,214,35.13333333333333,-0.14119216799736023,1.2939218227360412
UBFC_PHYS_s04_T3_test,28,215,35.166666666666664,-0.39586755633354187,1.16469983928327
UBFC_PHYS_s04_T3_test,28,216,35.2,-0.6412173509597778,0.950700323420672
UBFC_PHYS_s04_T3_test,28,217,35.233333333333334,-0.9091551899909973,0.6786627037512059
UBFC_PHYS_s04_T3_test,28,218,35.266666666666666,-1.2289246320724487,0.37101396297034783
UBFC_PHYS_s04_T3_test,28,219,35.3,-1.4748201370239258,0.044959613913295345
UBFC_PHYS_s04_T3_test,28,220,35.333333333333336,-1.4284552335739136,-0.28545850721495586
UBFC_PHYS_s04_T3_test,28,221,35.36666666666667,-1.0603233575820923,-0.6058811515192739
UBFC_PHYS_s04_T3_test,28,222,35.4,-0.5860238671302795,-0.8983804641887606
UBFC_PHYS_s04_T3_test,28,223,35.43333333333333,-0.1909676343202591,-1.1397731812645764
UBFC_PHYS_s04_T3_test,28,224,35.46666666666667,0.12983468174934387,-1.3024709514874093
UBFC_PHYS_s04_T3_test,28,225,35.5,0.42672374844551086,-1.3583419471686653
UBFC_PHYS_s04_T3_test,28,226,35.53333333333333,0.6660221219062805,-1.2851896298562195
UBFC_PHYS_s04_T3_test,28,227,35.56666666666667,0.8154850006103516,-1.0742763460196707
UBFC_PHYS_s04_T3_test,28,228,35.6,0.9051061868667603,-0.7362894058197552
UBFC_PHYS_s04_T3_test,28,229,35.63333333333333,0.9606016874313354,-0.30304520251902545
UBFC_PHYS_s04_T3_test,28,230,35.666666666666664,0.9755402207374573,0.1764640909762384
UBFC_PHYS_s04_T3_test,28,231,35.7,0.9606504440307617,0.6447397723116777
UBFC_PHYS_s04_T3_test,28,232,35.733333333333334,0.9370879530906677,1.0460519363258303
UBFC_PHYS_s04_T3_test,28,233,35.766666666666666,0.8911908268928528,1.334849109165897
UBFC_PHYS_s04_T3_test,28,234,35.8,0.8084883689880371,1.4807098772179275
UBFC_PHYS_s04_T3_test,28,235,35.833333333333336,0.6907052397727966,1.4703881648974884
UBFC_PHYS_s04_T3_test,28,236,35.86666666666667,0.5165398120880127,1.307981098971505
UBFC_PHYS_s04_T3_test,28,237,35.9,0.28429651260375977,1.0135699041329342
UBFC_PHYS_s04_T3_test,28,238,35.93333333333333,0.0528230294585228,0.6203021335260412
UBFC_PHYS_s04_T3_test,28,239,35.96666666666667,-0.12991765141487122,0.17031352221914547
UBFC_PHYS_s04_T3_test,29,0,29.0,0.9340769052505493,0.14938559602508195
UBFC_PHYS_s04_T3_test,29,1,29.033333333333335,0.9200446605682373,0.29312773544915893
UBFC_PHYS_s04_T3_test,29,2,29.066666666666666,0.8870786428451538,0.4315924689419558
UBFC_PHYS_s04_T3_test,29,3,29.1,0.8357342481613159,0.5622443271798861
UBFC_PHYS_s04_T3_test,29,4,29.133333333333333,0.758566677570343,0.6802348167028621
UBFC_PHYS_s04_T3_test,29,5,29.166666666666668,0.6520678400993347,0.7785096798680302
UBFC_PHYS_s04_T3_test,29,6,29.2,0.5131681561470032,0.8483086970099154
UBFC_PHYS_s04_T3_test,29,7,29.233333333333334,0.33894428610801697,0.8799595986467856
UBFC_PHYS_s04_T3_test,29,8,29.266666666666666,0.14087532460689545,0.8640118304207901
UBFC_PHYS_s04_T3_test,29,9,29.3,-0.05282803997397423,0.7926021672116361
UBFC_PHYS_s04_T3_test,29,10,29.333333333333332,-0.22558049857616425,0.6607303959336134
UBFC_PHYS_s04_T3_test,29,11,29.366666666666667,-0.39277851581573486,0.4672398698506448
UBFC_PHYS_s04_T3_test,29,12,29.4,-0.5990329384803772,0.2157712547023863
UBFC_PHYS_s04_T3_test,29,13,29.433333333333334,-0.8703521490097046,-0.08390845065932358
UBFC_PHYS_s04_T3_test,29,14,29.466666666666665,-1.116013765335083,-0.4144449053247248
UBFC_PHYS_s04_T3_test,29,15,29.5,-1.1286622285842896,-0.7502735631862336
UBFC_PHYS_s04_T3_test,29,16,29.533333333333335,-0.7927655577659607,-1.0587920743583283
UBFC_PHYS_s04_T3_test,29,17,29.566666666666666,-0.278825044631958,-1.3036591515868148
UBFC_PHYS_s04_T3_test,29,18,29.6,0.1850184202194214,-1.4498554362605116
UBFC_PHYS_s04_T3_test,29,19,29.633333333333333,0.5269275903701782,-1.4696501803749453
UBFC_PHYS_s04_T3_test,29,20,29.666666666666668,0.7956547141075134,-1.3483620481216718
UBFC_PHYS_s04_T3_test,29,21,29.7,1.024087905883789,-1.0887059403338408
UBFC_PHYS_s04_T3_test,29,22,29.733333333333334,1.1923967599868774,-0.7125456729685294
UBFC_PHYS_s04_T3_test,29,23,29.766666666666666,1.2690380811691284,-0.259138281147943
UBFC_PHYS_s04_T3_test,29,24,29.8,1.2603557109832764,0.22039354990418417
UBFC_PHYS_s04_T3_test,29,25,29.833333333333332,1.2039051055908203,0.6715726402891837
UBFC_PHYS_s04_T3_test,29,26,29.866666666666667,1.1240187883377075,1.0461105877100672
UBFC_PHYS_s04_T3_test,29,27,29.9,1.0323902368545532,1.3099076253928004
UBFC_PHYS_s04_T3_test,29,28,29.933333333333334,0.9395923614501953,1.4473458742637009
UBFC_PHYS_s04_T3_test,29,29,29.966666666666665,0.8345259428024292,1.4610062775671415
UBFC_PHYS_s04_T3_test,29,30,30.0,0.6936286091804504,1.367507973430183
UBFC_PHYS_s04_T3_test,29,31,30.033333333333335,0.5290324091911316,1.1912935584236406
UBFC_PHYS_s04_T3_test,29,32,30.066666666666666,0.372348815202713,0.9584223836018992
UBFC_PHYS_s04_T3_test,29,33,30.1,0.22237925231456757,0.6919120902930194
UBFC_PHYS_s04_T3_test,29,34,30.133333333333333,0.06421447545289993,0.4093261874275204
UBFC_PHYS_s04_T3_test,29,35,30.166666666666668,-0.10655007511377335,0.12256657990519872
UBFC_PHYS_s04_T3_test,29,36,30.2,-0.2894466817378998,-0.160607883692689
UBFC_PHYS_s04_T3_test,29,37,30.233333333333334,-0.47050154209136963,-0.434077903848353
UBFC_PHYS_s04_T3_test,29,38,30.266666666666666,-0.6346884965896606,-0.6908056063487571
UBFC_PHYS_s04_T3_test,29,39,30.3,-0.8265306353569031,-0.9210353708618648
UBFC_PHYS_s04_T3_test,29,40,30.333333333333332,-1.1065419912338257,-1.1115524306801638
UBFC_PHYS_s04_T3_test,29,41,30.366666666666667,-1.3944952487945557,-1.245873322024659
UBFC_PHYS_s04_T3_test,29,42,30.4,-1.4565489292144775,-1.3053402453933747
UBFC_PHYS_s04_T3_test,29,43,30.433333333333334,-1.1521565914154053,-1.271476218406359
UBFC_PHYS_s04_T3_test,29,44,30.466666666666665,-0.6142345666885376,-1.1300461271215825
UBFC_PHYS_s04_T3_test,29,45,30.5,-0.08223727345466614,-0.876604885396346
UBFC_PHYS_s04_T3_test,29,46,30.533333333333335,0.34819191694259644,-0.5220253630780086
UBFC_PHYS_s04_T3_test,29,47,30.566666666666666,0.7140825390815735,-0.09552052007107524
UBFC_PHYS_s04_T3_test,29,48,30.6,1.0204628705978394,0.3570602333523817
UBFC_PHYS_s04_T3_test,29,49,30.633333333333333,1.2293872833251953,0.7802871261643597
UBFC_PHYS_s04_T3_test,29,50,30.666666666666668,1.327807903289795,1.119949228531446
UBFC_PHYS_s04_T3_test,29,51,30.7,1.3517991304397583,1.3342211182473458
UBFC_PHYS_s04_T3_test,29,52,30.733333333333334,1.343369960784912,1.4014992236227843
UBFC_PHYS_s04_T3_test,29,53,30.766666666666666,1.3180632591247559,1.322618971134058
UBFC_PHYS_s04_T3_test,29,54,30.8,1.2833627462387085,1.1176273526782263
UBFC_PHYS_s04_T3_test,29,55,30.833333333333332,1.2357699871063232,0.8192014461810132
UBFC_PHYS_s04_T3_test,29,56,30.866666666666667,1.1472889184951782,0.46509391565081154
UBFC_PHYS_s04_T3_test,29,57,30.9,1.0010515451431274,0.09132639826697249
UBFC_PHYS_s04_T3_test,29,58,30.933333333333334,0.8048925995826721,-0.27267638010409345
UBFC_PHYS_s04_T3_test,29,59,30.966666666666665,0.5608680248260498,-0.6061757831451516
UBFC_PHYS_s04_T3_test,29,60,31.0,0.2644759714603424,-0.8961710841508657
UBFC_PHYS_s04_T3_test,29,61,31.033333333333335,-0.07524064183235168,-1.1339342395228926
UBFC_PHYS_s04_T3_test,29,62,31.066666666666666,-0.4313282072544098,-1.310323204773228
UBFC_PHYS_s04_T3_test,29,63,31.1,-0.771658718585968,-1.4118152620167832
UBFC_PHYS_s04_T3_test,29,64,31.133333333333333,-1.0862635374069214,-1.4194624676959935
UBFC_PHYS_s04_T3_test,29,65,31.166666666666668,-1.4038013219833374,-1.312328319531212
UBFC_PHYS_s04_T3_test,29,66,31.2,-1.7602884769439697,-1.0752209364195986
UBFC_PHYS_s04_T3_test,29,67,31.233333333333334,-2.166667938232422,-0.7083340928364785
UBFC_PHYS_s04_T3_test,29,68,31.266666666666666,-2.5738658905029297,-0.2348215381817617
UBFC_PHYS_s04_T3_test,29,69,31.3,-2.8349239826202393,0.29770867842350435
UBFC_PHYS_s04_T3_test,29,70,31.333333333333332,-2.8045403957366943,0.8239062740855131
UBFC_PHYS_s04_T3_test,29,71,31.366666666666667,-2.494203805923462,1.274371641725736
UBFC_PHYS_s04_T3_test,29,72,31.4,-2.0464584827423096,1.5916958150810818
UBFC_PHYS_s04_T3_test,29,73,31.433333333333334,-1.5591694116592407,1.7428726738421219
UBFC_PHYS_s04_T3_test,29,74,31.466666666666665,-1.0591150522232056,1.7239377782570071
UBFC_PHYS_s04_T3_test,29,75,31.5,-0.6027456521987915,1.5563395060794496
UBFC_PHYS_s04_T3_test,29,76,31.533333333333335,-0.26647862792015076,1.277757800980476
UBFC_PHYS_s04_T3_test,29,77,31.566666666666666,-0.030444668605923653,0.9314867717671054
UBFC_PHYS_s04_T3_test,29,78,31.6,0.17028456926345825,0.5578790564748622
UBFC_PHYS_s04_T3_test,29,79,31.633333333333333,0.3442453444004059,0.1895035416911899
UBFC_PHYS_s04_T3_test,29,80,31.666666666666668,0.47042831778526306,-0.15025604850379315
UBFC_PHYS_s04_T3_test,29,81,31.7,0.5730390548706055,-0.4466156543785934
UBFC_PHYS_s04_T3_test,29,82,31.733333333333334,0.6767411828041077,-0.6923592946719035
UBFC_PHYS_s04_T3_test,29,83,31.766666666666666,0.7403053045272827,-0.8869767921987814
UBFC_PHYS_s04_T3_test,29,84,31.8,0.720874547958374,-1.035302637474364
UBFC_PHYS_s04_T3_test,29,85,31.833333333333332,0.6391075253486633,-1.1445169268258206
UBFC_PHYS_s04_T3_test,29,86,31.866666666666667,0.5355223417282104,-1.2193479270784944
UBFC_PHYS_s04_T3_test,29,87,31.9,0.42602211236953735,-1.2569930156904048
UBFC_PHYS_s04_T3_test,29,88,31.933333333333334,0.2941288352012634,-1.2443534860097718
UBFC_PHYS_s04_T3_test,29,89,31.966666666666665,0.1185017079114914,-1.159875433618019
UBFC_PHYS_s04_T3_test,29,90,32.0,-0.08238343894481659,-0.9805844806877684
UBFC_PHYS_s04_T3_test,29,91,32.03333333333333,-0.26168426871299744,-0.6925418747456407
UBFC_PHYS_s04_T3_test,29,92,32.06666666666667,-0.41363197565078735,-0.30103378328399744
UBFC_PHYS_s04_T3_test,29,93,32.1,-0.5806741118431091,0.1637391811203444
UBFC_PHYS_s04_T3_test,29,94,32.13333333333333,-0.7651200890541077,0.6484791526802475
UBFC_PHYS_s04_T3_test,29,95,32.166666666666664,-0.844606876373291,1.0864849100609195
UBFC_PHYS_s04_T3_test,29,96,32.2,-0.6574713587760925,1.4125405818430423
UBFC_PHYS_s04_T3_test,29,97,32.233333333333334,-0.21088562905788422,1.5781810479979819
UBFC_PHYS_s04_T3_test,29,98,32.266666666666666,0.2955223023891449,1.5623286089476531
UBFC_PHYS_s04_T3_test,29,99,32.3,0.6982475519180298,1.3742100505459822
UBFC_PHYS_s04_T3_test,29,100,32.333333333333336,0.9953217506408691,1.0486244080823452
UBFC_PHYS_s04_T3_test,29,101,32.36666666666667,1.2138934135437012,0.6363405079786735
UBFC_PHYS_s04_T3_test,29,102,32.4,1.3408071994781494,0.19331927237503047
UBFC_PHYS_s04_T3_test,29,103,32.43333333333333,1.390455961227417,-0.2283450566958009
UBFC_PHYS_s04_T3_test,29,104,32.46666666666667,1.4320557117462158,-0.5864547008932453
UBFC_PHYS_s04_T3_test,29,105,32.5,1.5123220682144165,-0.8517943341481321
UBFC_PHYS_s04_T3_test,29,106,32.53333333333333,1.5896260738372803,-1.0089912593035983
UBFC_PHYS_s04_T3_test,29,107,32.56666666666667,1.5736936330795288,-1.055799586836821
UBFC_PHYS_s04_T3_test,29,108,32.6,1.415616512298584,-1.0011461315407715
UBFC_PHYS_s04_T3_test,29,109,32.63333333333333,1.1319996118545532,-0.8621965576143866
UBFC_PHYS_s04_T3_test,29,110,32.666666666666664,0.7673466205596924,-0.6609878928388477
UBFC_PHYS_s04_T3_test,29,111,32.7,0.3729919493198395,-0.4214150222906145
UBFC_PHYS_s04_T3_test,29,112,32.733333333333334,0.0028526661917567253,-0.1671247497703865
UBFC_PHYS_s04_T3_test,29,113,32.766666666666666,-0.32025912404060364,0.07973744430685425
UBFC_PHYS_s04_T3_test,29,114,32.8,-0.6079785227775574,0.29950328908834783
UBFC_PHYS_s04_T3_test,29,115,32.833333333333336,-0.8765692114830017,0.4761827869003182
UBFC_PHYS_s04_T3_test,29,116,32.86666666666667,-1.1722694635391235,0.598726464143894
UBFC_PHYS_s04_T3_test,29,117,32.9,-1.520541787147522,0.6617718368488417
UBFC_PHYS_s04_T3_test,29,118,32.93333333333333,-1.7902628183364868,0.6656682154350455
UBFC_PHYS_s04_T3_test,29,119,32.96666666666667,-1.7793294191360474,0.6159191846175983
UBFC_PHYS_s04_T3_test,29,120,33.0,-1.4920388460159302,0.5218398920075101
UBFC_PHYS_s04_T3_test,29,121,33.03333333333333,-1.1584807634353638,0.39409555769795435
UBFC_PHYS_s04_T3_test,29,122,33.06666666666667,-0.935455858707428,0.241688976556555
UBFC_PHYS_s04_T3_test,29,123,33.1,-0.760316014289856,0.07002094866449465
UBFC_PHYS_s04_T3_test,29,124,33.13333333333333,-0.5091681480407715,-0.11841467195568066
UBFC_PHYS_s04_T3_test,29,125,33.166666666666664,-0.17008493840694427,-0.32049055545801547
UBFC_PHYS_s04_T3_test,29,126,33.2,0.15175031125545502,-0.527669142408686
UBFC_PHYS_s04_T3_test,29,127,33.233333333333334,0.35912537574768066,-0.722575315912355
UBFC_PHYS_s04_T3_test,29,128,33.266666666666666,0.4502374827861786,-0.8789236896446847
UBFC_PHYS_s04_T3_test,29,129,33.3,0.4796954393386841,-0.9654188066718336
UBFC_PHYS_s04_T3_test,29,130,33.333333333333336,0.47310808300971985,-0.9530317649047586
UBFC_PHYS_s04_T3_test,29,131,33.36666666666667,0.423410564661026,-0.8239538227880808
UBFC_PHYS_s04_T3_test,29,132,33.4,0.3303690254688263,-0.5793978463476804
UBFC_PHYS_s04_T3_test,29,133,33.43333333333333,0.20459534227848053,-0.24303182914882682
UBFC_PHYS_s04_T3_test,29,134,33.46666666666667,0.04692754149436951,0.14204508000294994
UBFC_PHYS_s04_T3_test,29,135,33.5,-0.1483057290315628,0.5224639989593137
UBFC_PHYS_s04_T3_test,29,136,33.53333333333333,-0.36747175455093384,0.8469566859539451
UBFC_PHYS_s04_T3_test,29,137,33.56666666666667,-0.5873686671257019,1.0776830563400115
UBFC_PHYS_s04_T3_test,29,138,33.6,-0.8194560408592224,1.196998245080642
UBFC_PHYS_s04_T3_test,29,139,33.63333333333333,-1.1034139394760132,1.2081129780015114
UBFC_PHYS_s04_T3_test,29,140,33.666666666666664,-1.4267499446868896,1.1300898691641572
UBFC_PHYS_s04_T3_test,29,141,33.7,-1.6401666402816772,0.9892653567359168
UBFC_PHYS_s04_T3_test,29,142,33.733333333333334,-1.5355972051620483,0.8103421342617791
UBFC_PHYS_s04_T3_test,29,143,33.766666666666666,-1.0780292749404907,0.6103934944687401
UBFC_PHYS_s04_T3_test,29,144,33.8,-0.48569339513778687,0.3975119582330981
UBFC_PHYS_s04_T3_test,29,145,33.833333333333336,0.036111023277044296,0.17359432112443052
UBFC_PHYS_s04_T3_test,29,146,33.86666666666667,0.45259568095207214,-0.06098982480289437
UBFC_PHYS_s04_T3_test,29,147,33.9,0.7926728129386902,-0.3034952291140151
UBFC_PHYS_s04_T3_test,29,148,33.93333333333333,1.0371845960617065,-0.5472444134318857
UBFC_PHYS_s04_T3_test,29,149,33.96666666666667,1.1321848630905151,-0.7822098674188255
UBFC_PHYS_s04_T3_test,29,150,34.0,1.0875544548034668,-0.9961720676548225
UBFC_PHYS_s04_T3_test,29,151,34.03333333333333,1.0047155618667603,-1.1749398966813167
UBFC_PHYS_s04_T3_test,29,152,34.06666666666667,0.9437240362167358,-1.3015963397815378
UBFC_PHYS_s04_T3_test,29,153,34.1,0.853508472442627,-1.3562893319484361
UBFC_PHYS_s04_T3_test,29,154,34.13333333333333,0.6867392063140869,-1.3183475271484069
UBFC_PHYS_s04_T3_test,29,155,34.166666666666664,0.4612196683883667,-1.1713985171748118
UBFC_PHYS_s04_T3_test,29,156,34.2,0.2037280648946762,-0.9104534179541434
UBFC_PHYS_s04_T3_test,29,157,34.233333333333334,-0.10677420347929001,-0.5483814341372114
UBFC_PHYS_s04_T3_test,29,158,34.266666666666666,-0.5471136569976807,-0.1185534071356174
UBFC_PHYS_s04_T3_test,29,159,34.3,-1.125885009765625,0.32874237605484585
UBFC_PHYS_s04_T3_test,29,160,34.333333333333336,-1.6538968086242676,0.736206382768668
UBFC_PHYS_s04_T3_test,29,161,34.36666666666667,-1.9087378978729248,1.0529064112005164
UBFC_PHYS_s04_T3_test,29,162,34.4,-1.9087378978729248,1.2461403766720403
UBFC_PHYS_s04_T3_test,29,163,34.43333333333333,-1.8892486095428467,1.3070247454810233
UBFC_PHYS_s04_T3_test,29,164,34.46666666666667,-1.9864023923873901,1.2479937964093986
UBFC_PHYS_s04_T3_test,29,165,34.5,-2.04455828666687,1.0942256114929718
UBFC_PHYS_s04_T3_test,29,166,34.53333333333333,-1.8061952590942383,0.8734164070296947
UBFC_PHYS_s04_T3_test,29,167,34.56666666666667,-1.2935898303985596,0.6083532908278985
UBFC_PHYS_s04_T3_test,29,168,34.6,-0.7378936409950256,0.3147710117675681
UBFC_PHYS_s04_T3_test,29,169,34.63333333333333,-0.27913686633110046,0.004275102225148106
UBFC_PHYS_s04_T3_test,29,170,34.666666666666664,0.10446946322917938,-0.3100087373932318
UBFC_PHYS_s04_T3_test,29,171,34.7,0.4539988934993744,-0.608308103491448
UBFC_PHYS_s04_T3_test,29,172,34.733333333333334,0.762756884098053,-0.8624790177176319
UBFC_PHYS_s04_T3_test,29,173,34.766666666666666,0.9811725616455078,-1.0391293396103591
UBFC_PHYS_s04_T3_test,29,174,34.8,1.0591684579849243,-1.1070165032789279
UBFC_PHYS_s04_T3_test,29,175,34.833333333333336,1.0299150943756104,-1.0462261005979758
UBFC_PHYS_s04_T3_test,29,176,34.86666666666667,0.9901571273803711,-0.8555970695362684
UBFC_PHYS_s04_T3_test,29,177,34.9,0.9841251969337463,-0.555374765581099
UBFC_PHYS_s04_T3_test,29,178,34.93333333333333,0.9633204340934753,-0.18408662843011375
UBFC_PHYS_s04_T3_test,29,179,34.96666666666667,0.8696357607841492,0.2090709295069554
UBFC_PHYS_s04_T3_test,29,180,35.0,0.7075147032737732,0.5737505681639118
UBFC_PHYS_s04_T3_test,29,181,35.03333333333333,0.5185861587524414,0.8672411269284402
UBFC_PHYS_s04_T3_test,29,182,35.06666666666667,0.32202765345573425,1.0606348880433603
UBFC_PHYS_s04_T3_test,29,183,35.1,0.10465461015701294,1.1414690574432034
UBFC_PHYS_s04_T3_test,29,184,35.13333333333333,-0.14119216799736023,1.1127921741732756
UBFC_PHYS_s04_T3_test,29,185,35.166666666666664,-0.39586755633354187,0.9893530549619731
UBFC_PHYS_s04_T3_test,29,186,35.2,-0.6412173509597778,0.7922787867116927
UBFC_PHYS_s04_T3_test,29,187,35.233333333333334,-0.9091551899909973,0.5438845272559324
UBFC_PHYS_s04_T3_test,29,188,35.266666666666666,-1.2289246320724487,0.2639249841929239
UBFC_PHYS_s04_T3_test,29,189,35.3,-1.4748201370239258,-0.03202325061067385
UBFC_PHYS_s04_T3_test,29,190,35.333333333333336,-1.4284552335739136,-0.3319123229755079
UBFC_PHYS_s04_T3_test,29,191,35.36666666666667,-1.0603233575820923,-0.624751241004882
UBFC_PHYS_s04_T3_test,29,192,35.4,-0.5860238671302795,-0.8974348521398614
UBFC_PHYS_s04_T3_test,29,193,35.43333333333333,-0.1909676343202591,-1.1323522841978448
UBFC_PHYS_s04_T3_test,29,194,35.46666666666667,0.12983468174934387,-1.3069359373639589
UBFC_PHYS_s04_T3_test,29,195,35.5,0.42672374844551086,-1.395609402946073
UBFC_PHYS_s04_T3_test,29,196,35.53333333333333,0.6660221219062805,-1.3739523698565914
UBFC_PHYS_s04_T3_test,29,197,35.56666666666667,0.8154850006103516,-1.2244135037374884
UBFC_PHYS_s04_T3_test,29,198,35.6,0.9051061868667603,-0.9424527659359605
UBFC_PHYS_s04_T3_test,29,199,35.63333333333333,0.9606016874313354,-0.5415028122388338
UBFC_PHYS_s04_T3_test,29,200,35.666666666666664,0.9755402207374573,-0.05480862469842895
UBFC_PHYS_s04_T3_test,29,201,35.7,0.9606504440307617,0.46738207450297864
UBFC_PHYS_s04_T3_test,29,202,35.733333333333334,0.9370879530906677,0.9653789165654083
UBFC_PHYS_s04_T3_test,29,203,35.766666666666666,0.8911908268928528,1.3806789052146171
UBFC_PHYS_s04_T3_test,29,204,35.8,0.8084883689880371,1.666795705022791
UBFC_PHYS_s04_T3_test,29,205,35.833333333333336,0.6907052397727966,1.7973037424924623
UBFC_PHYS_s04_T3_test,29,206,35.86666666666667,0.5165398120880127,1.769035781375677
UBFC_PHYS_s04_T3_test,29,207,35.9,0.28429651260375977,1.5998602093566747
UBFC_PHYS_s04_T3_test,29,208,35.93333333333333,0.0528230294585228,1.3219599718903594
UBFC_PHYS_s04_T3_test,29,209,35.96666666666667,-0.12991765141487122,0.9727232043394165
UBFC_PHYS_s04_T3_test,29,210,36.0,-0.28512006998062134,0.586015476199236
UBFC_PHYS_s04_T3_test,29,211,36.03333333333333,-0.48056772351264954,0.1864496514878067
UBFC_PHYS_s04_T3_test,29,212,36.06666666666667,-0.7574413418769836,-0.21179338841698273
UBFC_PHYS_s04_T3_test,29,213,36.1,-1.0128378868103027,-0.6016638758618779
UBFC_PHYS_s04_T3_test,29,214,36.13333333333333,-1.016014575958252,-0.977119574792413
UBFC_PHYS_s04_T3_test,29,215,36.166666666666664,-0.6752455234527588,-1.326795971099327
UBFC_PHYS_s04_T3_test,29,216,36.2,-0.18271395564079285,-1.6300791652605129
UBFC_PHYS_s04_T3_test,29,217,36.233333333333334,0.2213170975446701,-1.8573111500614647
UBFC_PHYS_s04_T3_test,29,218,36.266666666666666,0.49505293369293213,-1.9744871575377005
UBFC_PHYS_s04_T3_test,29,219,36.3,0.719968318939209,-1.9514136361614265
UBFC_PHYS_s04_T3_test,29,220,36.333333333333336,0.9085460305213928,-1.7712184618926952
UBFC_PHYS_s04_T3_test,29,221,36.36666666666667,1.0188647508621216,-1.4383947077154484
UBFC_PHYS_s04_T3_test,29,222,36.4,1.0558942556381226,-0.9823870780230312
UBFC_PHYS_s04_T3_test,29,223,36.43333333333333,1.0643526315689087,-0.4546759713085562
UBFC_PHYS_s04_T3_test,29,224,36.46666666666667,1.0588078498840332,0.08046857410472158
UBFC_PHYS_s04_T3_test,29,225,36.5,1.0282098054885864,0.5589142777284103
UBFC_PHYS_s04_T3_test,29,226,36.53333333333333,0.9704048037528992,0.9292285198481136
UBFC_PHYS_s04_T3_test,29,227,36.56666666666667,0.8773339986801147,1.1611838012833455
UBFC_PHYS_s04_T3_test,29,228,36.6,0.7409289479255676,1.2483937982692623
UBFC_PHYS_s04_T3_test,29,229,36.63333333333333,0.5782719254493713,1.2055621830871615
UBFC_PHYS_s04_T3_test,29,230,36.666666666666664,0.3970513939857483,1.062366697405151
UBFC_PHYS_s04_T3_test,29,231,36.7,0.19215147197246552,0.8563357478560041
UBFC_PHYS_s04_T3_test,29,232,36.733333333333334,-0.0071647935546934605,0.6264351518056258
UBFC_PHYS_s04_T3_test,29,233,36.766666666666666,-0.16658662259578705,0.40811385133625305
UBFC_PHYS_s04_T3_test,29,234,36.8,-0.3224808871746063,0.2298482366471766
UBFC_PHYS_s04_T3_test,29,235,36.833333333333336,-0.5484194159507751,0.1109101547050314
UBFC_PHYS_s04_T3_test,29,236,36.86666666666667,-0.8426676988601685,0.06004868766017549
UBFC_PHYS_s04_T3_test,29,237,36.9,-1.0473045110702515,0.07495323813960603
UBFC_PHYS_s04_T3_test,29,238,36.93333333333333,-0.9501897096633911,0.14267225781459278
UBFC_PHYS_s04_T3_test,29,239,36.96666666666667,-0.5402047634124756,0.24142164646455003
UBFC_PHYS_s04_T3_test,30,0,30.0,0.6936286091804504,-0.12702894749267166
UBFC_PHYS_s04_T3_test,30,1,30.033333333333335,0.5290324091911316,-0.20686378882507905
UBFC_PHYS_s04_T3_test,30,2,30.066666666666666,0.372348815202713,-0.28593439026905243
UBFC_PHYS_s04_T3_test,30,3,30.1,0.22237925231456757,-0.3652364015479348
UBFC_PHYS_s04_T3_test,30,4,30.133333333333333,0.06421447545289993,-0.44456958541926994
UBFC_PHYS_s04_T3_test,30,5,30.166666666666668,-0.10655007511377335,-0.5233476411753283
UBFC_PHYS_s04_T3_test,30,6,30.2,-0.2894466817378998,-0.6016166070470779
UBFC_PHYS_s04_T3_test,30,7,30.233333333333334,-0.47050154209136963,-0.6802445502631834
UBFC_PHYS_s04_T3_test,30,8,30.266666666666666,-0.6346884965896606,-0.759491939687754
UBFC_PHYS_s04_T3_test,30,9,30.3,-0.8265306353569031,-0.8360946094267212
UBFC_PHYS_s04_T3_test,30,10,30.333333333333332,-1.1065419912338257,-0.9002718709496556
UBFC_PHYS_s04_T3_test,30,11,30.366666666666667,-1.3944952487945557,-0.934632894774927
UBFC_PHYS_s04_T3_test,30,12,30.4,-1.4565489292144775,-0.9161636698416394
UBFC_PHYS_s04_T3_test,30,13,30.433333333333334,-1.1521565914154053,-0.8212015802093217
UBFC_PHYS_s04_T3_test,30,14,30.466666666666665,-0.6142345666885376,-0.6325077963828611
UBFC_PHYS_s04_T3_test,30,15,30.5,-0.08223727345466614,-0.3468896405303995
UBFC_PHYS_s04_T3_test,30,16,30.533333333333335,0.34819191694259644,0.019092829520426697
UBFC_PHYS_s04_T3_test,30,17,30.566666666666666,0.7140825390815735,0.4281822620419541
UBFC_PHYS_s04_T3_test,30,18,30.6,1.0204628705978394,0.8279742842059129
UBFC_PHYS_s04_T3_test,30,19,30.633333333333333,1.2293872833251953,1.1621612311626186
UBFC_PHYS_s04_T3_test,30,20,30.666666666666668,1.327807903289795,1.3838548675573041
UBFC_PHYS_s04_T3_test,30,21,30.7,1.3517991304397583,1.4661181996154466
UBFC_PHYS_s04_T3_test,30,22,30.733333333333334,1.343369960784912,1.4061916494998825
UBFC_PHYS_s04_T3_test,30,23,30.766666666666666,1.3180632591247559,1.2228920843566264
UBFC_PHYS_s04_T3_test,30,24,30.8,1.2833627462387085,0.9493917891985689
UBFC_PHYS_s04_T3_test,30,25,30.833333333333332,1.2357699871063232,0.6246175150449358
UBFC_PHYS_s04_T3_test,30,26,30.866666666666667,1.1472889184951782,0.28566161641741433
UBFC_PHYS_s04_T3_test,30,27,30.9,1.0010515451431274,-0.037774306274469566
UBFC_PHYS_s04_T3_test,30,28,30.933333333333334,0.8048925995826721,-0.32647633508072993
UBFC_PHYS_s04_T3_test,30,29,30.966666666666665,0.5608680248260498,-0.572001969037806
UBFC_PHYS_s04_T3_test,30,30,31.0,0.2644759714603424,-0.7741458436483157
UBFC_PHYS_s04_T3_test,30,31,31.033333333333335,-0.07524064183235168,-0.9362854781432269
UBFC_PHYS_s04_T3_test,30,32,31.066666666666666,-0.4313282072544098,-1.0600032924071523
UBFC_PHYS_s04_T3_test,30,33,31.1,-0.771658718585968,-1.1407553337513254
UBFC_PHYS_s04_T3_test,30,34,31.133333333333333,-1.0862635374069214,-1.1662166888358338
UBFC_PHYS_s04_T3_test,30,35,31.166666666666668,-1.4038013219833374,-1.1182780457814903
UBFC_PHYS_s04_T3_test,30,36,31.2,-1.7602884769439697,-0.9786213120855587
UBFC_PHYS_s04_T3_test,30,37,31.233333333333334,-2.166667938232422,-0.7365421107031057
UBFC_PHYS_s04_T3_test,30,38,31.266666666666666,-2.5738658905029297,-0.39655828270858107
UBFC_PHYS_s04_T3_test,30,39,31.3,-2.8349239826202393,0.01709534036228551
UBFC_PHYS_s04_T3_test,30,40,31.333333333333332,-2.8045403957366943,0.4613284118867431
UBFC_PHYS_s04_T3_test,30,41,31.366666666666667,-2.494203805923462,0.8810164334084573
UBFC_PHYS_s04_T3_test,30,42,31.4,-2.0464584827423096,1.220281519098217
UBFC_PHYS_s04_T3_test,30,43,31.433333333333334,-1.5591694116592407,1.4348608844018387
UBFC_PHYS_s04_T3_test,30,44,31.466666666666665,-1.0591150522232056,1.5013866532462536
UBFC_PHYS_s04_T3_test,30,45,31.5,-0.6027456521987915,1.4204806414942
UBFC_PHYS_s04_T3_test,30,46,31.533333333333335,-0.26647862792015076,1.2133557837776356
UBFC_PHYS_s04_T3_test,30,47,31.566666666666666,-0.030444668605923653,0.9142720894643535
UBFC_PHYS_s04_T3_test,30,48,31.6,0.17028456926345825,0.5620304447159629
UBFC_PHYS_s04_T3_test,30,49,31.633333333333333,0.3442453444004059,0.19290893127180653
UBFC_PHYS_s04_T3_test,30,50,31.666666666666668,0.47042831778526306,-0.16381337375084995
UBFC_PHYS_s04_T3_test,30,51,31.7,0.5730390548706055,-0.4875604247340966
UBFC_PHYS_s04_T3_test,30,52,31.733333333333334,0.6767411828041077,-0.7656592681457908
UBFC_PHYS_s04_T3_test,30,53,31.766666666666666,0.7403053045272827,-0.9905550049488234
UBFC_PHYS_s04_T3_test,30,54,31.8,0.720874547958374,-1.1559695779268457
UBFC_PHYS_s04_T3_test,30,55,31.833333333333332,0.6391075253486633,-1.2534555306231592
UBFC_PHYS_s04_T3_test,30,56,31.866666666666667,0.5355223417282104,-1.2710593133391679
UBFC_PHYS_s04_T3_test,30,57,31.9,0.42602211236953735,-1.1953680487593248
UBFC_PHYS_s04_T3_test,30,58,31.933333333333334,0.2941288352012634,-1.0168879478495942
UBFC_PHYS_s04_T3_test,30,59,31.966666666666665,0.1185017079114914,-0.7368541930408267
UBFC_PHYS_s04_T3_test,30,60,32.0,-0.08238343894481659,-0.3722018574062079
UBFC_PHYS_s04_T3_test,30,61,32.03333333333333,-0.26168426871299744,0.04401593423110317
UBFC_PHYS_s04_T3_test,30,62,32.06666666666667,-0.41363197565078735,0.4668828803236309
UBFC_PHYS_s04_T3_test,30,63,32.1,-0.5806741118431091,0.8465570773972962
UBFC_PHYS_s04_T3_test,30,64,32.13333333333333,-0.7651200890541077,1.136152962056822
UBFC_PHYS_s04_T3_test,30,65,32.166666666666664,-0.844606876373291,1.2997036187409303
UBFC_PHYS_s04_T3_test,30,66,32.2,-0.6574713587760925,1.3188183439987868
UBFC_PHYS_s04_T3_test,30,67,32.233333333333334,-0.21088562905788422,1.1958546398794818
UBFC_PHYS_s04_T3_test,30,68,32.266666666666666,0.2955223023891449,0.952184283107327
UBFC_PHYS_s04_T3_test,30,69,32.3,0.6982475519180298,0.6222056221033373
UBFC_PHYS_s04_T3_test,30,70,32.333333333333336,0.9953217506408691,0.2456700236403208
UBFC_PHYS_s04_T3_test,30,71,32.36666666666667,1.2138934135437012,-0.13868667148489575
UBFC_PHYS_s04_T3_test,30,72,32.4,1.3408071994781494,-0.49659206970888276
UBFC_PHYS_s04_T3_test,30,73,32.43333333333333,1.390455961227417,-0.7990791734343033
UBFC_PHYS_s04_T3_test,30,74,32.46666666666667,1.4320557117462158,-1.0221159758364295
UBFC_PHYS_s04_T3_test,30,75,32.5,1.5123220682144165,-1.1464802986214846
UBFC_PHYS_s04_T3_test,30,76,32.53333333333333,1.5896260738372803,-1.1588455477931068
UBFC_PHYS_s04_T3_test,30,77,32.56666666666667,1.5736936330795288,-1.0542366823205098
UBFC_PHYS_s04_T3_test,30,78,32.6,1.415616512298584,-0.8390947958015585
UBFC_PHYS_s04_T3_test,30,79,32.63333333333333,1.1319996118545532,-0.5335457937422342
UBFC_PHYS_s04_T3_test,30,80,32.666666666666664,0.7673466205596924,-0.1713865066835436
UBFC_PHYS_s04_T3_test,30,81,32.7,0.3729919493198395,0.20332324412669295
UBFC_PHYS_s04_T3_test,30,82,32.733333333333334,0.0028526661917567253,0.5433874695245201
UBFC_PHYS_s04_T3_test,30,83,32.766666666666666,-0.32025912404060364,0.8080748550313231
UBFC_PHYS_s04_T3_test,30,84,32.8,-0.6079785227775574,0.9719390892323382
UBFC_PHYS_s04_T3_test,30,85,32.833333333333336,-0.8765692114830017,1.0290463334097264
UBFC_PHYS_s04_T3_test,30,86,32.86666666666667,-1.1722694635391235,0.9908891337920984
UBFC_PHYS_s04_T3_test,30,87,32.9,-1.520541787147522,0.8794696302413103
UBFC_PHYS_s04_T3_test,30,88,32.93333333333333,-1.7902628183364868,0.7190203014197087
UBFC_PHYS_s04_T3_test,30,89,32.96666666666667,-1.7793294191360474,0.5297148684351763
UBFC_PHYS_s04_T3_test,30,90,33.0,-1.4920388460159302,0.3250050226072868
UBFC_PHYS_s04_T3_test,30,91,33.03333333333333,-1.1584807634353638,0.11221781153979224
UBFC_PHYS_s04_T3_test,30,92,33.06666666666667,-0.935455858707428,-0.10503579015166964
UBFC_PHYS_s04_T3_test,30,93,33.1,-0.760316014289856,-0.3240099285571522
UBFC_PHYS_s04_T3_test,30,94,33.13333333333333,-0.5091681480407715,-0.5401850129884238
UBFC_PHYS_s04_T3_test,30,95,33.166666666666664,-0.17008493840694427,-0.7449991485841713
UBFC_PHYS_s04_T3_test,30,96,33.2,0.15175031125545502,-0.924296029538222
UBFC_PHYS_s04_T3_test,30,97,33.233333333333334,0.35912537574768066,-1.0582678272258714
UBFC_PHYS_s04_T3_test,30,98,33.266666666666666,0.4502374827861786,-1.123659792513886
UBFC_PHYS_s04_T3_test,30,99,33.3,0.4796954393386841,-1.0983760894566945
UBFC_PHYS_s04_T3_test,30,100,33.333333333333336,0.47310808300971985,-0.9676525848533634
UBFC_PHYS_s04_T3_test,30,101,33.36666666666667,0.423410564661026,-0.730106620232022
UBFC_PHYS_s04_T3_test,30,102,33.4,0.3303690254688263,-0.40164664684489243
UBFC_PHYS_s04_T3_test,30,103,33.43333333333333,0.20459534227848053,-0.01554374857982772
UBFC_PHYS_s04_T3_test,30,104,33.46666666666667,0.04692754149436951,0.38212786276663785
UBFC_PHYS_s04_T3_test,30,105,33.5,-0.1483057290315628,0.7410894600353423
UBFC_PHYS_s04_T3_test,30,106,33.53333333333333,-0.36747175455093384,1.0173687209954207
UBFC_PHYS_s04_T3_test,30,107,33.56666666666667,-0.5873686671257019,1.18257638968032
UBFC_PHYS_s04_T3_test,30,108,33.6,-0.8194560408592224,1.2289222254458334
UBFC_PHYS_s04_T3_test,30,109,33.63333333333333,-1.1034139394760132,1.1683691761199115
UBFC_PHYS_s04_T3_test,30,110,33.666666666666664,-1.4267499446868896,1.0265696258059296
UBFC_PHYS_s04_T3_test,30,111,33.7,-1.6401666402816772,0.834158636493867
UBFC_PHYS_s04_T3_test,30,112,33.733333333333334,-1.5355972051620483,0.618613702082786
UBFC_PHYS_s04_T3_test,30,113,33.766666666666666,-1.0780292749404907,0.39915038595161156
UBFC_PHYS_s04_T3_test,30,114,33.8,-0.48569339513778687,0.1855776066811323
UBFC_PHYS_s04_T3_test,30,115,33.833333333333336,0.036111023277044296,-0.01954042477084725
UBFC_PHYS_s04_T3_test,30,116,33.86666666666667,0.45259568095207214,-0.21703947984445218
UBFC_PHYS_s04_T3_test,30,117,33.9,0.7926728129386902,-0.40737762304174285
UBFC_PHYS_s04_T3_test,30,118,33.93333333333333,1.0371845960617065,-0.5881053780194374
UBFC_PHYS_s04_T3_test,30,119,33.96666666666667,1.1321848630905151,-0.7529184039688419
UBFC_PHYS_s04_T3_test,30,120,34.0,1.0875544548034668,-0.89195963078785
UBFC_PHYS_s04_T3_test,30,121,34.03333333333333,1.0047155618667603,-0.9928264195668539
UBFC_PHYS_s04_T3_test,30,122,34.06666666666667,0.9437240362167358,-1.041963430455232
UBFC_PHYS_s04_T3_test,30,123,34.1,0.853508472442627,-1.0264559016362418
UBFC_PHYS_s04_T3_test,30,124,34.13333333333333,0.6867392063140869,-0.9363618361867171
UBFC_PHYS_s04_T3_test,30,125,34.166666666666664,0.4612196683883667,-0.7676233815908731
UBFC_PHYS_s04_T3_test,30,126,34.2,0.2037280648946762,-0.5253115726312454
UBFC_PHYS_s04_T3_test,30,127,34.233333333333334,-0.10677420347929001,-0.22630150075639752
UBFC_PHYS_s04_T3_test,30,128,34.266666666666666,-0.5471136569976807,0.1003414593369655
UBFC_PHYS_s04_T3_test,30,129,34.3,-1.125885009765625,0.4169140708250729
UBFC_PHYS_s04_T3_test,30,130,34.333333333333336,-1.6538968086242676,0.6845985651400629
UBFC_PHYS_s04_T3_test,30,131,34.36666666666667,-1.9087378978729248,0.8726591505925586
UBFC_PHYS_s04_T3_test,30,132,34.4,-1.9087378978729248,0.9655427093616545
UBFC_PHYS_s04_T3_test,30,133,34.43333333333333,-1.8892486095428467,0.9647308693096074
UBFC_PHYS_s04_T3_test,30,134,34.46666666666667,-1.9864023923873901,0.884847187141791
UBFC_PHYS_s04_T3_test,30,135,34.5,-2.04455828666687,0.7464069089189281
UBFC_PHYS_s04_T3_test,30,136,34.53333333333333,-1.8061952590942383,0.5688042130683838
UBFC_PHYS_s04_T3_test,30,137,34.56666666666667,-1.2935898303985596,0.36636681430111767
UBFC_PHYS_s04_T3_test,30,138,34.6,-0.7378936409950256,0.14841877152192065
UBFC_PHYS_s04_T3_test,30,139,34.63333333333333,-0.27913686633110046,-0.0775769899877863
UBFC_PHYS_s04_T3_test,30,140,34.666666666666664,0.10446946322917938,-0.3017584442081998
UBFC_PHYS_s04_T3_test,30,141,34.7,0.4539988934993744,-0.5086039269141459
UBFC_PHYS_s04_T3_test,30,142,34.733333333333334,0.762756884098053,-0.6763678331667268
UBFC_PHYS_s04_T3_test,30,143,34.766666666666666,0.9811725616455078,-0.7800449135408059
UBFC_PHYS_s04_T3_test,30,144,34.8,1.0591684579849243,-0.7974604856974362
UBFC_PHYS_s04_T3_test,30,145,34.833333333333336,1.0299150943756104,-0.7166834196793704
UBFC_PHYS_s04_T3_test,30,146,34.86666666666667,0.9901571273803711,-0.5418910519338338
UBFC_PHYS_s04_T3_test,30,147,34.9,0.9841251969337463,-0.29489005332039775
UBFC_PHYS_s04_T3_test,30,148,34.93333333333333,0.9633204340934753,-0.011092798048722874
UBFC_PHYS_s04_T3_test,30,149,34.96666666666667,0.8696357607841492,0.26883482750655285
UBFC_PHYS_s04_T3_test,30,150,35.0,0.7075147032737732,0.5084807207757347
UBFC_PHYS_s04_T3_test,30,151,35.03333333333333,0.5185861587524414,0.682821102054038
UBFC_PHYS_s04_T3_test,30,152,35.06666666666667,0.32202765345573425,0.7809234546860366
UBFC_PHYS_s04_T3_test,30,153,35.1,0.10465461015701294,0.8042684445421279
UBFC_PHYS_s04_T3_test,30,154,35.13333333333333,-0.14119216799736023,0.7621692663491656
UBFC_PHYS_s04_T3_test,30,155,35.166666666666664,-0.39586755633354187,0.6663137207251962
UBFC_PHYS_s04_T3_test,30,156,35.2,-0.6412173509597778,0.5264289400400417
UBFC_PHYS_s04_T3_test,30,157,35.233333333333334,-0.9091551899909973,0.34850157586943925
UBFC_PHYS_s04_T3_test,30,158,35.266666666666666,-1.2289246320724487,0.13593015440549788
UBFC_PHYS_s04_T3_test,30,159,35.3,-1.4748201370239258,-0.10712978242372374
UBFC_PHYS_s04_T3_test,30,160,35.333333333333336,-1.4284552335739136,-0.37168477285679424
UBFC_PHYS_s04_T3_test,30,161,35.36666666666667,-1.0603233575820923,-0.6407294272061688
UBFC_PHYS_s04_T3_test,30,162,35.4,-0.5860238671302795,-0.888359487183386
UBFC_PHYS_s04_T3_test,30,163,35.43333333333333,-0.1909676343202591,-1.0819817221922108
UBFC_PHYS_s04_T3_test,30,164,35.46666666666667,0.12983468174934387,-1.187665940763026
UBFC_PHYS_s04_T3_test,30,165,35.5,0.42672374844551086,-1.1777825119352805
UBFC_PHYS_s04_T3_test,30,166,35.53333333333333,0.6660221219062805,-1.0391377648700197
UBFC_PHYS_s04_T3_test,30,167,35.56666666666667,0.8154850006103516,-0.7791140143502122
UBFC_PHYS_s04_T3_test,30,168,35.6,0.9051061868667603,-0.4272509943291699
UBFC_PHYS_s04_T3_test,30,169,35.63333333333333,0.9606016874313354,-0.030731121076154198
UBFC_PHYS_s04_T3_test,30,170,35.666666666666664,0.9755402207374573,0.35566633074652876
UBFC_PHYS_s04_T3_test,30,171,35.7,0.9606504440307617,0.6822941453296383
UBFC_PHYS_s04_T3_test,30,172,35.733333333333334,0.9370879530906677,0.9158841098101008
UBFC_PHYS_s04_T3_test,30,173,35.766666666666666,0.8911908268928528,1.045444813598105
UBFC_PHYS_s04_T3_test,30,174,35.8,0.8084883689880371,1.0808521385995766
UBFC_PHYS_s04_T3_test,30,175,35.833333333333336,0.6907052397727966,1.0450402226086017
UBFC_PHYS_s04_T3_test,30,176,35.86666666666667,0.5165398120880127,0.9633131995693524
UBFC_PHYS_s04_T3_test,30,177,35.9,0.28429651260375977,0.8541710108939942
UBFC_PHYS_s04_T3_test,30,178,35.93333333333333,0.0528230294585228,0.7246396450452386
UBFC_PHYS_s04_T3_test,30,179,35.96666666666667,-0.12991765141487122,0.5707485986232712
UBFC_PHYS_s04_T3_test,30,180,36.0,-0.28512006998062134,0.38209997173194993
UBFC_PHYS_s04_T3_test,30,181,36.03333333333333,-0.48056772351264954,0.14864872023104542
UBFC_PHYS_s04_T3_test,30,182,36.06666666666667,-0.7574413418769836,-0.132499872149191
UBFC_PHYS_s04_T3_test,30,183,36.1,-1.0128378868103027,-0.4522203993799423
UBFC_PHYS_s04_T3_test,30,184,36.13333333333333,-1.016014575958252,-0.7875514064557084
UBFC_PHYS_s04_T3_test,30,185,36.166666666666664,-0.6752455234527588,-1.1032105939289958
UBFC_PHYS_s04_T3_test,30,186,36.2,-0.18271395564079285,-1.3562727600057842
UBFC_PHYS_s04_T3_test,30,187,36.233333333333334,0.2213170975446701,-1.5035399539759664
UBFC_PHYS_s04_T3_test,30,188,36.266666666666666,0.49505293369293213,-1.5105545284029744
UBFC_PHYS_s04_T3_test,30,189,36.3,0.719968318939209,-1.3603715230835849
UBFC_PHYS_s04_T3_test,30,190,36.333333333333336,0.9085460305213928,-1.0595829740956577
UBFC_PHYS_s04_T3_test,30,191,36.36666666666667,1.0188647508621216,-0.6393710472834994
UBFC_PHYS_s04_T3_test,30,192,36.4,1.0558942556381226,-0.15079898067272457
UBFC_PHYS_s04_T3_test,30,193,36.43333333333333,1.0643526315689087,0.34464357026713577
UBFC_PHYS_s04_T3_test,30,194,36.46666666666667,1.0588078498840332,0.7869233870553805
UBFC_PHYS_s04_T3_test,30,195,36.5,1.0282098054885864,1.1287378402331432
UBFC_PHYS_s04_T3_test,30,196,36.53333333333333,0.9704048037528992,1.3430100757918741
UBFC_PHYS_s04_T3_test,30,197,36.56666666666667,0.8773339986801147,1.4245255615234242
UBFC_PHYS_s04_T3_test,30,198,36.6,0.7409289479255676,1.3860221380819089
UBFC_PHYS_s04_T3_test,30,199,36.63333333333333,0.5782719254493713,1.251216266978357
UBFC_PHYS_s04_T3_test,30,200,36.666666666666664,0.3970513939857483,1.04771868685629
UBFC_PHYS_s04_T3_test,30,201,36.7,0.19215147197246552,0.8017718225172494
UBFC_PHYS_s04_T3_test,30,202,36.733333333333334,-0.0071647935546934605,0.5353151600544552
UBFC_PHYS_s04_T3_test,30,203,36.766666666666666,-0.16658662259578705,0.2649098411427141
UBFC_PHYS_s04_T3_test,30,204,36.8,-0.3224808871746063,0.0018504939025547843
UBFC_PHYS_s04_T3_test,30,205,36.833333333333336,-0.5484194159507751,-0.24691922507192862
UBFC_PHYS_s04_T3_test,30,206,36.86666666666667,-0.8426676988601685,-0.4771954434720857
UBFC_PHYS_s04_T3_test,30,207,36.9,-1.0473045110702515,-0.6853399830341121
UBFC_PHYS_s04_T3_test,30,208,36.93333333333333,-0.9501897096633911,-0.8659708591055243
UBFC_PHYS_s04_T3_test,30,209,36.96666666666667,-0.5402047634124756,-1.0102006184309738
UBFC_PHYS_s04_T3_test,30,210,37.0,-0.06162742152810097,-1.1050811495611637
UBFC_PHYS_s04_T3_test,30,211,37.03333333333333,0.25966212153434753,-1.1347522906419385
UBFC_PHYS_s04_T3_test,30,212,37.06666666666667,0.44719716906547546,-1.0835969159248682
UBFC_PHYS_s04_T3_test,30,213,37.1,0.6088504791259766,-0.9411535900953727
UBFC_PHYS_s04_T3_test,30,214,37.13333333333333,0.755711555480957,-0.7075412941784611
UBFC_PHYS_s04_T3_test,30,215,37.166666666666664,0.8405286073684692,-0.39743184817140453
UBFC_PHYS_s04_T3_test,30,216,37.2,0.8608461618423462,-0.04081358211935806
UBFC_PHYS_s04_T3_test,30,217,37.233333333333334,0.8505168557167053,0.3203805369455504
UBFC_PHYS_s04_T3_test,30,218,37.266666666666666,0.8229883313179016,0.6397011750318079
UBFC_PHYS_s04_T3_test,30,219,37.3,0.7733784914016724,0.876175860539843
UBFC_PHYS_s04_T3_test,30,220,37.333333333333336,0.6971367001533508,1.0037070467055833
UBFC_PHYS_s04_T3_test,30,221,37.36666666666667,0.5925769805908203,1.0162142632092963
UBFC_PHYS_s04_T3_test,30,222,37.4,0.4643184542655945,0.9265652666621171
UBFC_PHYS_s04_T3_test,30,223,37.43333333333333,0.3185098469257355,0.7603123952655018
UBFC_PHYS_s04_T3_test,30,224,37.46666666666667,0.1533484309911728,0.5475963284382716
UBFC_PHYS_s04_T3_test,30,225,37.5,-0.02625448629260063,0.31685094603878206
UBFC_PHYS_s04_T3_test,30,226,37.53333333333333,-0.1959763616323471,0.0920335395684556
UBFC_PHYS_s04_T3_test,30,227,37.56666666666667,-0.34819692373275757,-0.10733080567663308
UBFC_PHYS_s04_T3_test,30,228,37.6,-0.5223233699798584,-0.2652045388922502
UBFC_PHYS_s04_T3_test,30,229,37.63333333333333,-0.7652857303619385,-0.36886324893146133
UBFC_PHYS_s04_T3_test,30,230,37.666666666666664,-1.0273183584213257,-0.4101860930198196
UBFC_PHYS_s04_T3_test,30,231,37.7,-1.1167348623275757,-0.3880831161110957
UBFC_PHYS_s04_T3_test,30,232,37.733333333333334,-0.8753121495246887,-0.3110398226678963
UBFC_PHYS_s04_T3_test,30,233,37.766666666666666,-0.40343913435935974,-0.19835576344832287
UBFC_PHYS_s04_T3_test,30,234,37.8,0.03443494811654091,-0.0785314999653734
UBFC_PHYS_s04_T3_test,30,235,37.833333333333336,0.3207998275756836,0.016151720432180067
UBFC_PHYS_s04_T3_test,30,236,37.86666666666667,0.5029168725013733,0.0582561279635944
UBFC_PHYS_s04_T3_test,30,237,37.9,0.6347516775131226,0.034400926687289626
UBFC_PHYS_s04_T3_test,30,238,37.93333333333333,0.7214592099189758,-0.04886651742179891
UBFC_PHYS_s04_T3_test,30,239,37.96666666666667,0.7613341808319092,-0.165758557739369
UBFC_PHYS_s04_T3_test,31,0,31.0,0.2644759714603424,-0.04334638841816822
UBFC_PHYS_s04_T3_test,31,1,31.033333333333335,-0.07524064183235168,-0.3696106862557479
UBFC_PHYS_s04_T3_test,31,2,31.066666666666666,-0.4313282072544098,-0.663175909912965
UBFC_PHYS_s04_T3_test,31,3,31.1,-0.771658718585968,-0.8937949414788294
UBFC_PHYS_s04_T3_test,31,4,31.133333333333333,-1.0862635374069214,-1.0334428162726168
UBFC_PHYS_s04_T3_test,31,5,31.166666666666668,-1.4038013219833374,-1.0596990246442377
UBFC_PHYS_s04_T3_test,31,6,31.2,-1.7602884769439697,-0.960151394065107
UBFC_PHYS_s04_T3_test,31,7,31.233333333333334,-2.166667938232422,-0.7368289869705201
UBFC_PHYS_s04_T3_test,31,8,31.266666666666666,-2.5738658905029297,-0.409057991083635
UBFC_PHYS_s04_T3_test,31,9,31.3,-2.8349239826202393,-0.012907089018697368
UBFC_PHYS_s04_T3_test,31,10,31.333333333333332,-2.8045403957366943,0.40371949174268223
UBFC_PHYS_s04_T3_test,31,11,31.366666666666667,-2.494203805923462,0.7895317372523408
UBFC_PHYS_s04_T3_test,31,12,31.4,-2.0464584827423096,1.0993684161216806
UBFC_PHYS_s04_T3_test,31,13,31.433333333333334,-1.5591694116592407,1.301757987286177
UBFC_PHYS_s04_T3_test,31,14,31.466666666666665,-1.0591150522232056,1.3825082437653333
UBFC_PHYS_s04_T3_test,31,15,31.5,-0.6027456521987915,1.3441018057408918
UBFC_PHYS_s04_T3_test,31,16,31.533333333333335,-0.26647862792015076,1.20212938913342
UBFC_PHYS_s04_T3_test,31,17,31.566666666666666,-0.030444668605923653,0.9804743690413974
UBFC_PHYS_s04_T3_test,31,18,31.6,0.17028456926345825,0.706523964914928
UBFC_PHYS_s04_T3_test,31,19,31.633333333333333,0.3442453444004059,0.40699231432080074
UBFC_PHYS_s04_T3_test,31,20,31.666666666666668,0.47042831778526306,0.10461693392749896
UBFC_PHYS_s04_T3_test,31,21,31.7,0.5730390548706055,-0.1840041197731428
UBFC_PHYS_s04_T3_test,31,22,31.733333333333334,0.6767411828041077,-0.4491532328746939
UBFC_PHYS_s04_T3_test,31,23,31.766666666666666,0.7403053045272827,-0.6871260939935921
UBFC_PHYS_s04_T3_test,31,24,31.8,0.720874547958374,-0.8977637995729348
UBFC_PHYS_s04_T3_test,31,25,31.833333333333332,0.6391075253486633,-1.080679300423508
UBFC_PHYS_s04_T3_test,31,26,31.866666666666667,0.5355223417282104,-1.2308987365646056
UBFC_PHYS_s04_T3_test,31,27,31.9,0.42602211236953735,-1.3353013182324456
UBFC_PHYS_s04_T3_test,31,28,31.933333333333334,0.2941288352012634,-1.371871968679852
UBFC_PHYS_s04_T3_test,31,29,31.966666666666665,0.1185017079114914,-1.3134879289004482
UBFC_PHYS_s04_T3_test,31,30,32.0,-0.08238343894481659,-1.1362647633395773
UBFC_PHYS_s04_T3_test,31,31,32.03333333333333,-0.26168426871299744,-0.8302399103370082
UBFC_PHYS_s04_T3_test,31,32,32.06666666666667,-0.41363197565078735,-0.4086378206488369
UBFC_PHYS_s04_T3_test,31,33,32.1,-0.5806741118431091,0.08826243599137774
UBFC_PHYS_s04_T3_test,31,34,32.13333333333333,-0.7651200890541077,0.59739262360856
UBFC_PHYS_s04_T3_test,31,35,32.166666666666664,-0.844606876373291,1.0452994475629716
UBFC_PHYS_s04_T3_test,31,36,32.2,-0.6574713587760925,1.365214213252288
UBFC_PHYS_s04_T3_test,31,37,32.233333333333334,-0.21088562905788422,1.512967048702724
UBFC_PHYS_s04_T3_test,31,38,32.266666666666666,0.2955223023891449,1.476260533111437
UBFC_PHYS_s04_T3_test,31,39,32.3,0.6982475519180298,1.2746330081927428
UBFC_PHYS_s04_T3_test,31,40,32.333333333333336,0.9953217506408691,0.9512382047414838
UBFC_PHYS_s04_T3_test,31,41,32.36666666666667,1.2138934135437012,0.5604174281508734
UBFC_PHYS_s04_T3_test,31,42,32.4,1.3408071994781494,0.15566616265848696
UBFC_PHYS_s04_T3_test,31,43,32.43333333333333,1.390455961227417,-0.21879162986754105
UBFC_PHYS_s04_T3_test,31,44,32.46666666666667,1.4320557117462158,-0.531846038210117
UBFC_PHYS_s04_T3_test,31,45,32.5,1.5123220682144165,-0.7655599112427454
UBFC_PHYS_s04_T3_test,31,46,32.53333333333333,1.5896260738372803,-0.9128580879130972
UBFC_PHYS_s04_T3_test,31,47,32.56666666666667,1.5736936330795288,-0.9741122472218001
UBFC_PHYS_s04_T3_test,31,48,32.6,1.415616512298584,-0.9537039137767375
UBFC_PHYS_s04_T3_test,31,49,32.63333333333333,1.1319996118545532,-0.8576474187256548
UBFC_PHYS_s04_T3_test,31,50,32.666666666666664,0.7673466205596924,-0.6932382756066344
UBFC_PHYS_s04_T3_test,31,51,32.7,0.3729919493198395,-0.4709116575320054
UBFC_PHYS_s04_T3_test,31,52,32.733333333333334,0.0028526661917567253,-0.20702873336526478
UBFC_PHYS_s04_T3_test,31,53,32.766666666666666,-0.32025912404060364,0.07476661192076109
UBFC_PHYS_s04_T3_test,31,54,32.8,-0.6079785227775574,0.345549725709708
UBFC_PHYS_s04_T3_test,31,55,32.833333333333336,-0.8765692114830017,0.576456004081534
UBFC_PHYS_s04_T3_test,31,56,32.86666666666667,-1.1722694635391235,0.745008996648096
UBFC_PHYS_s04_T3_test,31,57,32.9,-1.520541787147522,0.8392732977444789
UBFC_PHYS_s04_T3_test,31,58,32.93333333333333,-1.7902628183364868,0.8582317767897579
UBFC_PHYS_s04_T3_test,31,59,32.96666666666667,-1.7793294191360474,0.8090936978225659
UBFC_PHYS_s04_T3_test,31,60,33.0,-1.4920388460159302,0.7033094366490289
UBFC_PHYS_s04_T3_test,31,61,33.03333333333333,-1.1584807634353638,0.5527902918756222
UBFC_PHYS_s04_T3_test,31,62,33.06666666666667,-0.935455858707428,0.3671576075037492
UBFC_PHYS_s04_T3_test,31,63,33.1,-0.760316014289856,0.15255092961693403
UBFC_PHYS_s04_T3_test,31,64,33.13333333333333,-0.5091681480407715,-0.087339526091017
UBFC_PHYS_s04_T3_test,31,65,33.166666666666664,-0.17008493840694427,-0.34766538181183637
UBFC_PHYS_s04_T3_test,31,66,33.2,0.15175031125545502,-0.6172260591391271
UBFC_PHYS_s04_T3_test,31,67,33.233333333333334,0.35912537574768066,-0.8741859498873374
UBFC_PHYS_s04_T3_test,31,68,33.266666666666666,0.4502374827861786,-1.0855926159438376
UBFC_PHYS_s04_T3_test,31,69,33.3,0.4796954393386841,-1.212353682256261
UBFC_PHYS_s04_T3_test,31,70,33.333333333333336,0.47310808300971985,-1.2189155066801507
UBFC_PHYS_s04_T3_test,31,71,33.36666666666667,0.423410564661026,-1.0845260225993099
UBFC_PHYS_s04_T3_test,31,72,33.4,0.3303690254688263,-0.8119011437869731
UBFC_PHYS_s04_T3_test,31,73,33.43333333333333,0.20459534227848053,-0.4297986813260095
UBFC_PHYS_s04_T3_test,31,74,33.46666666666667,0.04692754149436951,0.011875779897111208
UBFC_PHYS_s04_T3_test,31,75,33.5,-0.1483057290315628,0.453087853042591
UBFC_PHYS_s04_T3_test,31,76,33.53333333333333,-0.36747175455093384,0.8372318990392268
UBFC_PHYS_s04_T3_test,31,77,33.56666666666667,-0.5873686671257019,1.1228364348932276
UBFC_PHYS_s04_T3_test,31,78,33.6,-0.8194560408592224,1.290001684154345
UBFC_PHYS_s04_T3_test,31,79,33.63333333333333,-1.1034139394760132,1.3402788821287848
UBFC_PHYS_s04_T3_test,31,80,33.666666666666664,-1.4267499446868896,1.2909684294230384
UBFC_PHYS_s04_T3_test,31,81,33.7,-1.6401666402816772,1.166492008999286
UBFC_PHYS_s04_T3_test,31,82,33.733333333333334,-1.5355972051620483,0.9901466126432584
UBFC_PHYS_s04_T3_test,31,83,33.766666666666666,-1.0780292749404907,0.7789632135830543
UBFC_PHYS_s04_T3_test,31,84,33.8,-0.48569339513778687,0.5427763769075515
UBFC_PHYS_s04_T3_test,31,85,33.833333333333336,0.036111023277044296,0.28670782687175217
UBFC_PHYS_s04_T3_test,31,86,33.86666666666667,0.45259568095207214,0.014973555428485478
UBFC_PHYS_s04_T3_test,31,87,33.9,0.7926728129386902,-0.26614081411570223
UBFC_PHYS_s04_T3_test,31,88,33.93333333333333,1.0371845960617065,-0.5471711056419521
UBFC_PHYS_s04_T3_test,31,89,33.96666666666667,1.1321848630905151,-0.8158344165118124
UBFC_PHYS_s04_T3_test,31,90,34.0,1.0875544548034668,-1.0577110065329498
UBFC_PHYS_s04_T3_test,31,91,34.03333333333333,1.0047155618667603,-1.2564165551219475
UBFC_PHYS_s04_T3_test,31,92,34.06666666666667,0.9437240362167358,-1.3934754836538075
UBFC_PHYS_s04_T3_test,31,93,34.1,0.853508472442627,-1.448985406429947
UBFC_PHYS_s04_T3_test,31,94,34.13333333333333,0.6867392063140869,-1.404146526077729
UBFC_PHYS_s04_T3_test,31,95,34.166666666666664,0.4612196683883667,-1.245888762435216
UBFC_PHYS_s04_T3_test,31,96,34.2,0.2037280648946762,-0.9726775801441162
UBFC_PHYS_s04_T3_test,31,97,34.233333333333334,-0.10677420347929001,-0.5995677014925859
UBFC_PHYS_s04_T3_test,31,98,34.266666666666666,-0.5471136569976807,-0.16011073219876717
UBFC_PHYS_s04_T3_test,31,99,34.3,-1.125885009765625,0.29680197270347414
UBFC_PHYS_s04_T3_test,31,100,34.333333333333336,-1.6538968086242676,0.7155231249965754
UBFC_PHYS_s04_T3_test,31,101,34.36666666666667,-1.9087378978729248,1.0456927257226087
UBFC_PHYS_s04_T3_test,31,102,34.4,-1.9087378978729248,1.2536358419564484
UBFC_PHYS_s04_T3_test,31,103,34.43333333333333,-1.8892486095428467,1.3286190308579664
UBFC_PHYS_s04_T3_test,31,104,34.46666666666667,-1.9864023923873901,1.281582695276815
UBFC_PHYS_s04_T3_test,31,105,34.5,-2.04455828666687,1.1373786737784917
UBFC_PHYS_s04_T3_test,31,106,34.53333333333333,-1.8061952590942383,0.9242914408821095
UBFC_PHYS_s04_T3_test,31,107,34.56666666666667,-1.2935898303985596,0.6654513580483356
UBFC_PHYS_s04_T3_test,31,108,34.6,-0.7378936409950256,0.3754500827777943
UBFC_PHYS_s04_T3_test,31,109,34.63333333333333,-0.27913686633110046,0.06288023253280695
UBFC_PHYS_s04_T3_test,31,110,34.666666666666664,0.10446946322917938,-0.26308789001969085
UBFC_PHYS_s04_T3_test,31,111,34.7,0.4539988934993744,-0.5856095187493318
UBFC_PHYS_s04_T3_test,31,112,34.733333333333334,0.762756884098053,-0.8762363260842239
UBFC_PHYS_s04_T3_test,31,113,34.766666666666666,0.9811725616455078,-1.096682256354177
UBFC_PHYS_s04_T3_test,31,114,34.8,1.0591684579849243,-1.206737129409155
UBFC_PHYS_s04_T3_test,31,115,34.833333333333336,1.0299150943756104,-1.1761814672735624
UBFC_PHYS_s04_T3_test,31,116,34.86666666666667,0.9901571273803711,-0.9962247733935362
UBFC_PHYS_s04_T3_test,31,117,34.9,0.9841251969337463,-0.6853971814578554
UBFC_PHYS_s04_T3_test,31,118,34.93333333333333,0.9633204340934753,-0.2868513240917966
UBFC_PHYS_s04_T3_test,31,119,34.96666666666667,0.8696357607841492,0.14218866267432698
UBFC_PHYS_s04_T3_test,31,120,35.0,0.7075147032737732,0.5445462470459628
UBFC_PHYS_s04_T3_test,31,121,35.03333333333333,0.5185861587524414,0.8752581876600983
UBFC_PHYS_s04_T3_test,31,122,35.06666666666667,0.32202765345573425,1.1080324918921758
UBFC_PHYS_s04_T3_test,31,123,35.1,0.10465461015701294,1.2353189749582238
UBFC_PHYS_s04_T3_test,31,124,35.13333333333333,-0.14119216799736023,1.2635868198075417
UBFC_PHYS_s04_T3_test,31,125,35.166666666666664,-0.39586755633354187,1.2064000787776759
UBFC_PHYS_s04_T3_test,31,126,35.2,-0.6412173509597778,1.0779879208204337
UBFC_PHYS_s04_T3_test,31,127,35.233333333333334,-0.9091551899909973,0.8893851196308102
UBFC_PHYS_s04_T3_test,31,128,35.266666666666666,-1.2289246320724487,0.647992104379141
UBFC_PHYS_s04_T3_test,31,129,35.3,-1.4748201370239258,0.35994576585176996
UBFC_PHYS_s04_T3_test,31,130,35.333333333333336,-1.4284552335739136,0.03357712849977741
UBFC_PHYS_s04_T3_test,31,131,35.36666666666667,-1.0603233575820923,-0.31789000999708583
UBFC_PHYS_s04_T3_test,31,132,35.4,-0.5860238671302795,-0.6752969331789453
UBFC_PHYS_s04_T3_test,31,133,35.43333333333333,-0.1909676343202591,-1.013992231467384
UBFC_PHYS_s04_T3_test,31,134,35.46666666666667,0.12983468174934387,-1.3052976964449883
UBFC_PHYS_s04_T3_test,31,135,35.5,0.42672374844551086,-1.5188526429429403
UBFC_PHYS_s04_T3_test,31,136,35.53333333333333,0.6660221219062805,-1.6259641825426412
UBFC_PHYS_s04_T3_test,31,137,35.56666666666667,0.8154850006103516,-1.603998513216265
UBFC_PHYS_s04_T3_test,31,138,35.6,0.9051061868667603,-1.441395089038648
UBFC_PHYS_s04_T3_test,31,139,35.63333333333333,0.9606016874313354,-1.14226977567584
UBFC_PHYS_s04_T3_test,31,140,35.666666666666664,0.9755402207374573,-0.7291225637771193
UBFC_PHYS_s04_T3_test,31,141,35.7,0.9606504440307617,-0.2422181477918156
UBFC_PHYS_s04_T3_test,31,142,35.733333333333334,0.9370879530906677,0.26508907489985684
UBFC_PHYS_s04_T3_test,31,143,35.766666666666666,0.8911908268928528,0.7346631081334798
UBFC_PHYS_s04_T3_test,31,144,35.8,0.8084883689880371,1.1138899821105277
UBFC_PHYS_s04_T3_test,31,145,35.833333333333336,0.6907052397727966,1.3654076344617725
UBFC_PHYS_s04_T3_test,31,146,35.86666666666667,0.5165398120880127,1.4734034465134298
UBFC_PHYS_s04_T3_test,31,147,35.9,0.28429651260375977,1.4443465965613915
UBFC_PHYS_s04_T3_test,31,148,35.93333333333333,0.0528230294585228,1.3018017367890051
UBFC_PHYS_s04_T3_test,31,149,35.96666666666667,-0.12991765141487122,1.077217315136814
UBFC_PHYS_s04_T3_test,31,150,36.0,-0.28512006998062134,0.8002913542612875
UBFC_PHYS_s04_T3_test,31,151,36.03333333333333,-0.48056772351264954,0.4926440658932633
UBFC_PHYS_s04_T3_test,31,152,36.06666666666667,-0.7574413418769836,0.16680815723552309
UBFC_PHYS_s04_T3_test,31,153,36.1,-1.0128378868103027,-0.1699051457825459
UBFC_PHYS_s04_T3_test,31,154,36.13333333333333,-1.016014575958252,-0.5089251318236968
UBFC_PHYS_s04_T3_test,31,155,36.166666666666664,-0.6752455234527588,-0.83431139328212
UBFC_PHYS_s04_T3_test,31,156,36.2,-0.18271395564079285,-1.1197432750341296
UBFC_PHYS_s04_T3_test,31,157,36.233333333333334,0.2213170975446701,-1.3302666707413906
UBFC_PHYS_s04_T3_test,31,158,36.266666666666666,0.49505293369293213,-1.4288370032256827
UBFC_PHYS_s04_T3_test,31,159,36.3,0.719968318939209,-1.385985109932926
UBFC_PHYS_s04_T3_test,31,160,36.333333333333336,0.9085460305213928,-1.1896483087923932
UBFC_PHYS_s04_T3_test,31,161,36.36666666666667,1.0188647508621216,-0.8517923301254772
UBFC_PHYS_s04_T3_test,31,162,36.4,1.0558942556381226,-0.4091584592554258
UBFC_PHYS_s04_T3_test,31,163,36.43333333333333,1.0643526315689087,0.0827307898507161
UBFC_PHYS_s04_T3_test,31,164,36.46666666666667,1.0588078498840332,0.5607857730762615
UBFC_PHYS_s04_T3_test,31,165,36.5,1.0282098054885864,0.9673027984683574
UBFC_PHYS_s04_T3_test,31,166,36.53333333333333,0.9704048037528992,1.2606050361742984
UBFC_PHYS_s04_T3_test,31,167,36.56666666666667,0.8773339986801147,1.420440604064109
UBFC_PHYS_s04_T3_test,31,168,36.6,0.7409289479255676,1.4474838937492374
UBFC_PHYS_s04_T3_test,31,169,36.63333333333333,0.5782719254493713,1.3584167507083011
UBFC_PHYS_s04_T3_test,31,170,36.666666666666664,0.3970513939857483,1.1789912613311528
UBFC_PHYS_s04_T3_test,31,171,36.7,0.19215147197246552,0.9372720038696382
UBFC_PHYS_s04_T3_test,31,172,36.733333333333334,-0.0071647935546934605,0.6585421427782158
UBFC_PHYS_s04_T3_test,31,173,36.766666666666666,-0.16658662259578705,0.36254434046405953
UBFC_PHYS_s04_T3_test,31,174,36.8,-0.3224808871746063,0.06301488459320595
UBFC_PHYS_s04_T3_test,31,175,36.833333333333336,-0.5484194159507751,-0.23102029004352378
UBFC_PHYS_s04_T3_test,31,176,36.86666666666667,-0.8426676988601685,-0.5129346072066618
UBFC_PHYS_s04_T3_test,31,177,36.9,-1.0473045110702515,-0.7758593687154284
UBFC_PHYS_s04_T3_test,31,178,36.93333333333333,-0.9501897096633911,-1.010186975667262
UBFC_PHYS_s04_T3_test,31,179,36.96666666666667,-0.5402047634124756,-1.2016522687473257
UBFC_PHYS_s04_T3_test,31,180,37.0,-0.06162742152810097,-1.3306946282338916
UBFC_PHYS_s04_T3_test,31,181,37.03333333333333,0.25966212153434753,-1.3740781471795458
UBFC_PHYS_s04_T3_test,31,182,37.06666666666667,0.44719716906547546,-1.3095158392153843
UBFC_PHYS_s04_T3_test,31,183,37.1,0.6088504791259766,-1.1229440490988825
UBFC_PHYS_s04_T3_test,31,184,37.13333333333333,0.755711555480957,-0.8163955454069893
UBFC_PHYS_s04_T3_test,31,185,37.166666666666664,0.8405286073684692,-0.41326793598326955
UBFC_PHYS_s04_T3_test,31,186,37.2,0.8608461618423462,0.04185013041311497
UBFC_PHYS_s04_T3_test,31,187,37.233333333333334,0.8505168557167053,0.48996994584615483
UBFC_PHYS_s04_T3_test,31,188,37.266666666666666,0.8229883313179016,0.8700558272695806
UBFC_PHYS_s04_T3_test,31,189,37.3,0.7733784914016724,1.1335180765765998
UBFC_PHYS_s04_T3_test,31,190,37.333333333333336,0.6971367001533508,1.2556958195634993
UBFC_PHYS_s04_T3_test,31,191,37.36666666666667,0.5925769805908203,1.2396829684566966
UBFC_PHYS_s04_T3_test,31,192,37.4,0.4643184542655945,1.1111719543200542
UBFC_PHYS_s04_T3_test,31,193,37.43333333333333,0.3185098469257355,0.9071693654801001
UBFC_PHYS_s04_T3_test,31,194,37.46666666666667,0.1533484309911728,0.6638629287454776
UBFC_PHYS_s04_T3_test,31,195,37.5,-0.02625448629260063,0.4084714608189285
UBFC_PHYS_s04_T3_test,31,196,37.53333333333333,-0.1959763616323471,0.15713853277615117
UBFC_PHYS_s04_T3_test,31,197,37.56666666666667,-0.34819692373275757,-0.0823323767736314
UBFC_PHYS_s04_T3_test,31,198,37.6,-0.5223233699798584,-0.30597411425832693
UBFC_PHYS_s04_T3_test,31,199,37.63333333333333,-0.7652857303619385,-0.5101909403849464
UBFC_PHYS_s04_T3_test,31,200,37.666666666666664,-1.0273183584213257,-0.6903394066604192
UBFC_PHYS_s04_T3_test,31,201,37.7,-1.1167348623275757,-0.8406962830191599
UBFC_PHYS_s04_T3_test,31,202,37.733333333333334,-0.8753121495246887,-0.9548273163097623
UBFC_PHYS_s04_T3_test,31,203,37.766666666666666,-0.40343913435935974,-1.025820620613566
UBFC_PHYS_s04_T3_test,31,204,37.8,0.03443494811654091,-1.0461350078828209
UBFC_PHYS_s04_T3_test,31,205,37.833333333333336,0.3207998275756836,-1.0071165593753955
UBFC_PHYS_s04_T3_test,31,206,37.86666666666667,0.5029168725013733,-0.8989263088170923
UBFC_PHYS_s04_T3_test,31,207,37.9,0.6347516775131226,-0.7122238799337898
UBFC_PHYS_s04_T3_test,31,208,37.93333333333333,0.7214592099189758,-0.44264674104184326
UBFC_PHYS_s04_T3_test,31,209,37.96666666666667,0.7613341808319092,-0.09744138384388487
UBFC_PHYS_s04_T3_test,31,210,38.0,0.7651053667068481,0.2988186221639632
UBFC_PHYS_s04_T3_test,31,211,38.03333333333333,0.7443493008613586,0.7035814803549473
UBFC_PHYS_s04_T3_test,31,212,38.06666666666667,0.7051857113838196,1.06310740994204
UBFC_PHYS_s04_T3_test,31,213,38.1,0.6468252539634705,1.3252609751826918
UBFC_PHYS_s04_T3_test,31,214,38.13333333333333,0.5676990151405334,1.453351655956229
UBFC_PHYS_s04_T3_test,31,215,38.166666666666664,0.4665791988372803,1.4352429028390687
UBFC_PHYS_s04_T3_test,31,216,38.2,0.33294159173965454,1.2845271244752179
UBFC_PHYS_s04_T3_test,31,217,38.233333333333334,0.16025735437870026,1.0344398480822241
UBFC_PHYS_s04_T3_test,31,218,38.266666666666666,-0.020300528034567833,0.7277515206530397
UBFC_PHYS_s04_T3_test,31,219,38.3,-0.1691494584083557,0.4064484010415523
UBFC_PHYS_s04_T3_test,31,220,38.333333333333336,-0.30119866132736206,0.10416782895072454
UBFC_PHYS_s04_T3_test,31,221,38.36666666666667,-0.46927371621131897,-0.15720169607514536
UBFC_PHYS_s04_T3_test,31,222,38.4,-0.7023161053657532,-0.36696324847473755
UBFC_PHYS_s04_T3_test,31,223,38.43333333333333,-0.9365862607955933,-0.5224849327174986
UBFC_PHYS_s04_T3_test,31,224,38.46666666666667,-1.006279706954956,-0.6253696094759421
UBFC_PHYS_s04_T3_test,31,225,38.5,-0.7910115122795105,-0.6785436905203915
UBFC_PHYS_s04_T3_test,31,226,38.53333333333333,-0.37753796577453613,-0.6851086495987483
UBFC_PHYS_s04_T3_test,31,227,38.56666666666667,0.018707146868109703,-0.6487991364233997
UBFC_PHYS_s04_T3_test,31,228,38.6,0.29011404514312744,-0.575091794430926
UBFC_PHYS_s04_T3_test,31,229,38.63333333333333,0.4509780704975128,-0.4718789213627574
UBFC_PHYS_s04_T3_test,31,230,38.666666666666664,0.5430256724357605,-0.3492429692690534
UBFC_PHYS_s04_T3_test,31,231,38.7,0.5913978815078735,-0.21863131675877975
UBFC_PHYS_s04_T3_test,31,232,38.733333333333334,0.6042705178260803,-0.09197147508743737
UBFC_PHYS_s04_T3_test,31,233,38.766666666666666,0.5770246386528015,0.019083015466022733
UBFC_PHYS_s04_T3_test,31,234,38.8,0.5138113498687744,0.10408708335837258
UBFC_PHYS_s04_T3_test,31,235,38.833333333333336,0.43939173221588135,0.15523117317928195
UBFC_PHYS_s04_T3_test,31,236,38.86666666666667,0.3666384816169739,0.16891622832610212
UBFC_PHYS_s04_T3_test,31,237,38.9,0.26430055499076843,0.14665124917756575
UBFC_PHYS_s04_T3_test,31,238,38.93333333333333,0.1026667132973671,0.09482588506156256
UBFC_PHYS_s04_T3_test,31,239,38.96666666666667,-0.0826270580291748,0.02359556327064983
UBFC_PHYS_s04_T3_test,32,0,32.0,-0.08238343894481659,0.0012691634182457135
UBFC_PHYS_s04_T3_test,32,1,32.03333333333333,-0.26168426871299744,0.036109676212593894
UBFC_PHYS_s04_T3_test,32,2,32.06666666666667,-0.41363197565078735,0.0553130809644761
UBFC_PHYS_s04_T3_test,32,3,32.1,-0.5806741118431091,0.04667661127564991
UBFC_PHYS_s04_T3_test,32,4,32.13333333333333,-0.7651200890541077,0.003434945110730482
UBFC_PHYS_s04_T3_test,32,5,32.166666666666664,-0.844606876373291,-0.07493447183790844
UBFC_PHYS_s04_T3_test,32,6,32.2,-0.6574713587760925,-0.18325643907285263
UBFC_PHYS_s04_T3_test,32,7,32.233333333333334,-0.21088562905788422,-0.3119910390076184
UBFC_PHYS_s04_T3_test,32,8,32.266666666666666,0.2955223023891449,-0.44872904622117693
UBFC_PHYS_s04_T3_test,32,9,32.3,0.6982475519180298,-0.5794894395807901
UBFC_PHYS_s04_T3_test,32,10,32.333333333333336,0.9953217506408691,-0.6897713579598389
UBFC_PHYS_s04_T3_test,32,11,32.36666666666667,1.2138934135437012,-0.7655498868978127
UBFC_PHYS_s04_T3_test,32,12,32.4,1.3408071994781494,-0.7944958499836408
UBFC_PHYS_s04_T3_test,32,13,32.43333333333333,1.390455961227417,-0.7674985555736192
UBFC_PHYS_s04_T3_test,32,14,32.46666666666667,1.4320557117462158,-0.6801457768873223
UBFC_PHYS_s04_T3_test,32,15,32.5,1.5123220682144165,-0.533656468054556
UBFC_PHYS_s04_T3_test,32,16,32.53333333333333,1.5896260738372803,-0.33515577341635666
UBFC_PHYS_s04_T3_test,32,17,32.56666666666667,1.5736936330795288,-0.09766780295143622
UBFC_PHYS_s04_T3_test,32,18,32.6,1.415616512298584,0.15984581746366852
UBFC_PHYS_s04_T3_test,32,19,32.63333333333333,1.1319996118545532,0.4127835457854151
UBFC_PHYS_s04_T3_test,32,20,32.666666666666664,0.7673466205596924,0.6327362236455918
UBFC_PHYS_s04_T3_test,32,21,32.7,0.3729919493198395,0.7918398084683953
UBFC_PHYS_s04_T3_test,32,22,32.733333333333334,0.0028526661917567253,0.8689696903142783
UBFC_PHYS_s04_T3_test,32,23,32.766666666666666,-0.32025912404060364,0.8552994002048706
UBFC_PHYS_s04_T3_test,32,24,32.8,-0.6079785227775574,0.7564530885185489
UBFC_PHYS_s04_T3_test,32,25,32.833333333333336,-0.8765692114830017,0.5900719246622269
UBFC_PHYS_s04_T3_test,32,26,32.86666666666667,-1.1722694635391235,0.3801448114369866
UBFC_PHYS_s04_T3_test,32,27,32.9,-1.520541787147522,0.15108462689237312
UBFC_PHYS_s04_T3_test,32,28,32.93333333333333,-1.7902628183364868,-0.07592931601120462
UBFC_PHYS_s04_T3_test,32,29,32.96666666666667,-1.7793294191360474,-0.2836216445959336
UBFC_PHYS_s04_T3_test,32,30,33.0,-1.4920388460159302,-0.4572725522113483
UBFC_PHYS_s04_T3_test,32,31,33.03333333333333,-1.1584807634353638,-0.5832170065803306
UBFC_PHYS_s04_T3_test,32,32,33.06666666666667,-0.935455858707428,-0.6490061349994188
UBFC_PHYS_s04_T3_test,32,33,33.1,-0.760316014289856,-0.6459708231822268
UBFC_PHYS_s04_T3_test,32,34,33.13333333333333,-0.5091681480407715,-0.5732065969100532
UBFC_PHYS_s04_T3_test,32,35,33.166666666666664,-0.17008493840694427,-0.4406966604823167
UBFC_PHYS_s04_T3_test,32,36,33.2,0.15175031125545502,-0.26931599696565367
UBFC_PHYS_s04_T3_test,32,37,33.233333333333334,0.35912537574768066,-0.08675754976336059
UBFC_PHYS_s04_T3_test,32,38,33.266666666666666,0.4502374827861786,0.07969248740652829
UBFC_PHYS_s04_T3_test,32,39,33.3,0.4796954393386841,0.21091209493530053
UBFC_PHYS_s04_T3_test,32,40,33.333333333333336,0.47310808300971985,0.3009268572500081
UBFC_PHYS_s04_T3_test,32,41,33.36666666666667,0.423410564661026,0.3568474134974265
UBFC_PHYS_s04_T3_test,32,42,33.4,0.3303690254688263,0.3940167551524048
UBFC_PHYS_s04_T3_test,32,43,33.43333333333333,0.20459534227848053,0.4289099414104792
UBFC_PHYS_s04_T3_test,32,44,33.46666666666667,0.04692754149436951,0.47281639294064104
UBFC_PHYS_s04_T3_test,32,45,33.5,-0.1483057290315628,0.5282540671415098
UBFC_PHYS_s04_T3_test,32,46,33.53333333333333,-0.36747175455093384,0.5885635101377181
UBFC_PHYS_s04_T3_test,32,47,33.56666666666667,-0.5873686671257019,0.6400917928007367
UBFC_PHYS_s04_T3_test,32,48,33.6,-0.8194560408592224,0.6660431164981163
UBFC_PHYS_s04_T3_test,32,49,33.63333333333333,-1.1034139394760132,0.6509611721659677
UBFC_PHYS_s04_T3_test,32,50,33.666666666666664,-1.4267499446868896,0.5845714615110199
UBFC_PHYS_s04_T3_test,32,51,33.7,-1.6401666402816772,0.46390128410781567
UBFC_PHYS_s04_T3_test,32,52,33.733333333333334,-1.5355972051620483,0.2935512474116206
UBFC_PHYS_s04_T3_test,32,53,33.766666666666666,-1.0780292749404907,0.084795990748452
UBFC_PHYS_s04_T3_test,32,54,33.8,-0.48569339513778687,-0.1459837579869866
UBFC_PHYS_s04_T3_test,32,55,33.833333333333336,0.036111023277044296,-0.37960898448761954
UBFC_PHYS_s04_T3_test,32,56,33.86666666666667,0.45259568095207214,-0.5972475845913869
UBFC_PHYS_s04_T3_test,32,57,33.9,0.7926728129386902,-0.7838610669115063
UBFC_PHYS_s04_T3_test,32,58,33.93333333333333,1.0371845960617065,-0.9306749331728029
UBFC_PHYS_s04_T3_test,32,59,33.96666666666667,1.1321848630905151,-1.0353076664440855
UBFC_PHYS_s04_T3_test,32,60,34.0,1.0875544548034668,-1.0991374664208158
UBFC_PHYS_s04_T3_test,32,61,34.03333333333333,1.0047155618667603,-1.122984518327034
UBFC_PHYS_s04_T3_test,32,62,34.06666666666667,0.9437240362167358,-1.1033070414406458
UBFC_PHYS_s04_T3_test,32,63,34.1,0.853508472442627,-1.0310440801054617
UBFC_PHYS_s04_T3_test,32,64,34.13333333333333,0.6867392063140869,-0.893929992131312
UBFC_PHYS_s04_T3_test,32,65,34.166666666666664,0.4612196683883667,-0.6816083649560939
UBFC_PHYS_s04_T3_test,32,66,34.2,0.2037280648946762,-0.3920803189056169
UBFC_PHYS_s04_T3_test,32,67,34.233333333333334,-0.10677420347929001,-0.03750505671961917
UBFC_PHYS_s04_T3_test,32,68,34.266666666666666,-0.5471136569976807,0.35322928752357363
UBFC_PHYS_s04_T3_test,32,69,34.3,-1.125885009765625,0.7373973170008029
UBFC_PHYS_s04_T3_test,32,70,34.333333333333336,-1.6538968086242676,1.0669268521274498
UBFC_PHYS_s04_T3_test,32,71,34.36666666666667,-1.9087378978729248,1.2998248452407457
UBFC_PHYS_s04_T3_test,32,72,34.4,-1.9087378978729248,1.4101579727286504
UBFC_PHYS_s04_T3_test,32,73,34.43333333333333,-1.8892486095428467,1.392676342883721
UBFC_PHYS_s04_T3_test,32,74,34.46666666666667,-1.9864023923873901,1.2606938383707713
UBFC_PHYS_s04_T3_test,32,75,34.5,-2.04455828666687,1.0389079703098254
UBFC_PHYS_s04_T3_test,32,76,34.53333333333333,-1.8061952590942383,0.7547528422678543
UBFC_PHYS_s04_T3_test,32,77,34.56666666666667,-1.2935898303985596,0.431964350020894
UBFC_PHYS_s04_T3_test,32,78,34.6,-0.7378936409950256,0.08856559512562374
UBFC_PHYS_s04_T3_test,32,79,34.63333333333333,-0.27913686633110046,-0.2607359830937535
UBFC_PHYS_s04_T3_test,32,80,34.666666666666664,0.10446946322917938,-0.5997148401525466
UBFC_PHYS_s04_T3_test,32,81,34.7,0.4539988934993744,-0.9062384453487726
UBFC_PHYS_s04_T3_test,32,82,34.733333333333334,0.762756884098053,-1.1508086057356517
UBFC_PHYS_s04_T3_test,32,83,34.766666666666666,0.9811725616455078,-1.2993443361270713
UBFC_PHYS_s04_T3_test,32,84,34.8,1.0591684579849243,-1.3201561963233999
UBFC_PHYS_s04_T3_test,32,85,34.833333333333336,1.0299150943756104,-1.1935233646456238
UBFC_PHYS_s04_T3_test,32,86,34.86666666666667,0.9901571273803711,-0.9207150266573483
UBFC_PHYS_s04_T3_test,32,87,34.9,0.9841251969337463,-0.5286400502389829
UBFC_PHYS_s04_T3_test,32,88,34.93333333333333,0.9633204340934753,-0.06739170387491679
UBFC_PHYS_s04_T3_test,32,89,34.96666666666667,0.8696357607841492,0.39946965753843217
UBFC_PHYS_s04_T3_test,32,90,35.0,0.7075147032737732,0.8090782705092804
UBFC_PHYS_s04_T3_test,32,91,35.03333333333333,0.5185861587524414,1.1131098937802224
UBFC_PHYS_s04_T3_test,32,92,35.06666666666667,0.32202765345573425,1.2866574851653505
UBFC_PHYS_s04_T3_test,32,93,35.1,0.10465461015701294,1.3295592665813365
UBFC_PHYS_s04_T3_test,32,94,35.13333333333333,-0.14119216799736023,1.2606685681751515
UBFC_PHYS_s04_T3_test,32,95,35.166666666666664,-0.39586755633354187,1.108103978029571
UBFC_PHYS_s04_T3_test,32,96,35.2,-0.6412173509597778,0.8994226065091793
UBFC_PHYS_s04_T3_test,32,97,35.233333333333334,-0.9091551899909973,0.654905143482478
UBFC_PHYS_s04_T3_test,32,98,35.266666666666666,-1.2289246320724487,0.3854424207517853
UBFC_PHYS_s04_T3_test,32,99,35.3,-1.4748201370239258,0.09472698194149247
UBFC_PHYS_s04_T3_test,32,100,35.333333333333336,-1.4284552335739136,-0.21578393254406542
UBFC_PHYS_s04_T3_test,32,101,35.36666666666667,-1.0603233575820923,-0.5411712721308793
UBFC_PHYS_s04_T3_test,32,102,35.4,-0.5860238671302795,-0.8685417264072387
UBFC_PHYS_s04_T3_test,32,103,35.43333333333333,-0.1909676343202591,-1.1750538883215633
UBFC_PHYS_s04_T3_test,32,104,35.46666666666667,0.12983468174934387,-1.4290590783577832
UBFC_PHYS_s04_T3_test,32,105,35.5,0.42672374844551086,-1.594250406243228
UBFC_PHYS_s04_T3_test,32,106,35.53333333333333,0.6660221219062805,-1.6362487110799167
UBFC_PHYS_s04_T3_test,32,107,35.56666666666667,0.8154850006103516,-1.5305725262606822
UBFC_PHYS_s04_T3_test,32,108,35.6,0.9051061868667603,-1.2702832705007352
UBFC_PHYS_s04_T3_test,32,109,35.63333333333333,0.9606016874313354,-0.8710747525984941
UBFC_PHYS_s04_T3_test,32,110,35.666666666666664,0.9755402207374573,-0.3717088136745587
UBFC_PHYS_s04_T3_test,32,111,35.7,0.9606504440307617,0.1711692680199554
UBFC_PHYS_s04_T3_test,32,112,35.733333333333334,0.9370879530906677,0.6928948322627853
UBFC_PHYS_s04_T3_test,32,113,35.766666666666666,0.8911908268928528,1.1326988651069936
UBFC_PHYS_s04_T3_test,32,114,35.8,0.8084883689880371,1.4444889548249622
UBFC_PHYS_s04_T3_test,32,115,35.833333333333336,0.6907052397727966,1.6038759572079093
UBFC_PHYS_s04_T3_test,32,116,35.86666666666667,0.5165398120880127,1.6100061647636406
UBFC_PHYS_s04_T3_test,32,117,35.9,0.28429651260375977,1.482107049328509
UBFC_PHYS_s04_T3_test,32,118,35.93333333333333,0.0528230294585228,1.2519143161616164
UBFC_PHYS_s04_T3_test,32,119,35.96666666666667,-0.12991765141487122,0.9542567248617052
UBFC_PHYS_s04_T3_test,32,120,36.0,-0.28512006998062134,0.6188016797175853
UBFC_PHYS_s04_T3_test,32,121,36.03333333333333,-0.48056772351264954,0.26565624201407245
UBFC_PHYS_s04_T3_test,32,122,36.06666666666667,-0.7574413418769836,-0.09406531872885052
UBFC_PHYS_s04_T3_test,32,123,36.1,-1.0128378868103027,-0.4535458498878061
UBFC_PHYS_s04_T3_test,32,124,36.13333333333333,-1.016014575958252,-0.8035677354688057
UBFC_PHYS_s04_T3_test,32,125,36.166666666666664,-0.6752455234527588,-1.1264695171081918
UBFC_PHYS_s04_T3_test,32,126,36.2,-0.18271395564079285,-1.3933985857239195
UBFC_PHYS_s04_T3_test,32,127,36.233333333333334,0.2213170975446701,-1.5667692232181023
UBFC_PHYS_s04_T3_test,32,128,36.266666666666666,0.49505293369293213,-1.6082236350435786
UBFC_PHYS_s04_T3_test,32,129,36.3,0.719968318939209,-1.490236360496566
UBFC_PHYS_s04_T3_test,32,130,36.333333333333336,0.9085460305213928,-1.2075622281008584
UBFC_PHYS_s04_T3_test,32,131,36.36666666666667,1.0188647508621216,-0.7839608051206916
UBFC_PHYS_s04_T3_test,32,132,36.4,1.0558942556381226,-0.2707240747883987
UBFC_PHYS_s04_T3_test,32,133,36.43333333333333,1.0643526315689087,0.26355011120438615
UBFC_PHYS_s04_T3_test,32,134,36.46666666666667,1.0588078498840332,0.7487955538407985
UBFC_PHYS_s04_T3_test,32,135,36.5,1.0282098054885864,1.1292785705422232
UBFC_PHYS_s04_T3_test,32,136,36.53333333333333,0.9704048037528992,1.3739228695132568
UBFC_PHYS_s04_T3_test,32,137,36.56666666666667,0.8773339986801147,1.4783896331689264
UBFC_PHYS_s04_T3_test,32,138,36.6,0.7409289479255676,1.459731670419247
UBFC_PHYS_s04_T3_test,32,139,36.63333333333333,0.5782719254493713,1.346982997000029
UBFC_PHYS_s04_T3_test,32,140,36.666666666666664,0.3970513939857483,1.1714298453154106
UBFC_PHYS_s04_T3_test,32,141,36.7,0.19215147197246552,0.9591994876945358
UBFC_PHYS_s04_T3_test,32,142,36.733333333333334,-0.0071647935546934605,0.7274299135429204
UBFC_PHYS_s04_T3_test,32,143,36.766666666666666,-0.16658662259578705,0.4841060057598712
UBFC_PHYS_s04_T3_test,32,144,36.8,-0.3224808871746063,0.23069864766850645
UBFC_PHYS_s04_T3_test,32,145,36.833333333333336,-0.5484194159507751,-0.0338156618394298
UBFC_PHYS_s04_T3_test,32,146,36.86666666666667,-0.8426676988601685,-0.30899811017498857
UBFC_PHYS_s04_T3_test,32,147,36.9,-1.0473045110702515,-0.5900277952958631
UBFC_PHYS_s04_T3_test,32,148,36.93333333333333,-0.9501897096633911,-0.8660994591322912
UBFC_PHYS_s04_T3_test,32,149,36.96666666666667,-0.5402047634124756,-1.1199529290397927
UBFC_PHYS_s04_T3_test,32,150,37.0,-0.06162742152810097,-1.328397894300528
UBFC_PHYS_s04_T3_test,32,151,37.03333333333333,0.25966212153434753,-1.4641074469781088
UBFC_PHYS_s04_T3_test,32,152,37.06666666666667,0.44719716906547546,-1.4992720770118224
UBFC_PHYS_s04_T3_test,32,153,37.1,0.6088504791259766,-1.4114514761620964
UBFC_PHYS_s04_T3_test,32,154,37.13333333333333,0.755711555480957,-1.1909514729853783
UBFC_PHYS_s04_T3_test,32,155,37.166666666666664,0.8405286073684692,-0.8476323077588265
UBFC_PHYS_s04_T3_test,32,156,37.2,0.8608461618423462,-0.41405192984652417
UBFC_PHYS_s04_T3_test,32,157,37.233333333333334,0.8505168557167053,0.05768334106554187
UBFC_PHYS_s04_T3_test,32,158,37.266666666666666,0.8229883313179016,0.5057315433117484
UBFC_PHYS_s04_T3_test,32,159,37.3,0.7733784914016724,0.8724700552691912
UBFC_PHYS_s04_T3_test,32,160,37.333333333333336,0.6971367001533508,1.118113693308307
UBFC_PHYS_s04_T3_test,32,161,37.36666666666667,0.5925769805908203,1.2292679081785634
UBFC_PHYS_s04_T3_test,32,162,37.4,0.4643184542655945,1.219246051580654
UBFC_PHYS_s04_T3_test,32,163,37.43333333333333,0.3185098469257355,1.1200367730466887
UBFC_PHYS_s04_T3_test,32,164,37.46666666666667,0.1533484309911728,0.969313055559482
UBFC_PHYS_s04_T3_test,32,165,37.5,-0.02625448629260063,0.7979122165900072
UBFC_PHYS_s04_T3_test,32,166,37.53333333333333,-0.1959763616323471,0.6224822513133782
UBFC_PHYS_s04_T3_test,32,167,37.56666666666667,-0.34819692373275757,0.445111184530448
UBFC_PHYS_s04_T3_test,32,168,37.6,-0.5223233699798584,0.2585016181288562
UBFC_PHYS_s04_T3_test,32,169,37.63333333333333,-0.7652857303619385,0.05338295042942672
UBFC_PHYS_s04_T3_test,32,170,37.666666666666664,-1.0273183584213257,-0.17491497334194797
UBFC_PHYS_s04_T3_test,32,171,37.7,-1.1167348623275757,-0.42242941752122243
UBFC_PHYS_s04_T3_test,32,172,37.733333333333334,-0.8753121495246887,-0.675541043400332
UBFC_PHYS_s04_T3_test,32,173,37.766666666666666,-0.40343913435935974,-0.9125416986268216
UBFC_PHYS_s04_T3_test,32,174,37.8,0.03443494811654091,-1.106732445901407
UBFC_PHYS_s04_T3_test,32,175,37.833333333333336,0.3207998275756836,-1.2300410428157433
UBFC_PHYS_s04_T3_test,32,176,37.86666666666667,0.5029168725013733,-1.2570007516599355
UBFC_PHYS_s04_T3_test,32,177,37.9,0.6347516775131226,-1.1695463877026961
UBFC_PHYS_s04_T3_test,32,178,37.93333333333333,0.7214592099189758,-0.9624985084109924
UBFC_PHYS_s04_T3_test,32,179,37.96666666666667,0.7613341808319092,-0.6481517116734833
UBFC_PHYS_s04_T3_test,32,180,38.0,0.7651053667068481,-0.25730940224395676
UBFC_PHYS_s04_T3_test,32,181,38.03333333333333,0.7443493008613586,0.16518018234660758
UBFC_PHYS_s04_T3_test,32,182,38.06666666666667,0.7051857113838196,0.5696530375531873
UBFC_PHYS_s04_T3_test,32,183,38.1,0.6468252539634705,0.9122137836031058
UBFC_PHYS_s04_T3_test,32,184,38.13333333333333,0.5676990151405334,1.162682186739758
UBFC_PHYS_s04_T3_test,32,185,38.166666666666664,0.4665791988372803,1.3075310406730358
UBFC_PHYS_s04_T3_test,32,186,38.2,0.33294159173965454,1.3479969433213723
UBFC_PHYS_s04_T3_test,32,187,38.233333333333334,0.16025735437870026,1.2954393792463437
UBFC_PHYS_s04_T3_test,32,188,38.266666666666666,-0.020300528034567833,1.1663348888555012
UBFC_PHYS_s04_T3_test,32,189,38.3,-0.1691494584083557,0.9784540864398052
UBFC_PHYS_s04_T3_test,32,190,38.333333333333336,-0.30119866132736206,0.7487380007717718
UBFC_PHYS_s04_T3_test,32,191,38.36666666666667,-0.46927371621131897,0.49267137625720225
UBFC_PHYS_s04_T3_test,32,192,38.4,-0.7023161053657532,0.22459904481070134
UBFC_PHYS_s04_T3_test,32,193,38.43333333333333,-0.9365862607955933,-0.04173459687143844
UBFC_PHYS_s04_T3_test,32,194,38.46666666666667,-1.006279706954956,-0.2932112334379788
UBFC_PHYS_s04_T3_test,32,195,38.5,-0.7910115122795105,-0.5184213065198712
UBFC_PHYS_s04_T3_test,32,196,38.53333333333333,-0.37753796577453613,-0.7095062744811713
UBFC_PHYS_s04_T3_test,32,197,38.56666666666667,0.018707146868109703,-0.8636506372906307
UBFC_PHYS_s04_T3_test,32,198,38.6,0.29011404514312744,-0.9829148058816132
UBFC_PHYS_s04_T3_test,32,199,38.63333333333333,0.4509780704975128,-1.071797317005077
UBFC_PHYS_s04_T3_test,32,200,38.666666666666664,0.5430256724357605,-1.133215644600941
UBFC_PHYS_s04_T3_test,32,201,38.7,0.5913978815078735,-1.1646135869350338
UBFC_PHYS_s04_T3_test,32,202,38.733333333333334,0.6042705178260803,-1.155959660523952
UBFC_PHYS_s04_T3_test,32,203,38.766666666666666,0.5770246386528015,-1.090741252018697
UBFC_PHYS_s04_T3_test,32,204,38.8,0.5138113498687744,-0.9502285781503378
UBFC_PHYS_s04_T3_test,32,205,38.833333333333336,0.43939173221588135,-0.7204208770583465
UBFC_PHYS_s04_T3_test,32,206,38.86666666666667,0.3666384816169739,-0.40010304700048144
UBFC_PHYS_s04_T3_test,32,207,38.9,0.26430055499076843,-0.0073105549856156225
UBFC_PHYS_s04_T3_test,32,208,38.93333333333333,0.1026667132973671,0.4192127525593142
UBFC_PHYS_s04_T3_test,32,209,38.96666666666667,-0.0826270580291748,0.8259105717636102
UBFC_PHYS_s04_T3_test,32,210,39.0,-0.23337619006633759,1.1567565324825104
UBFC_PHYS_s04_T3_test,32,211,39.03333333333333,-0.36320361495018005,1.3677074889504623
UBFC_PHYS_s04_T3_test,32,212,39.06666666666667,-0.5493841767311096,1.4377196059996253
UBFC_PHYS_s04_T3_test,32,213,39.1,-0.7950165867805481,1.3723286117663513
UBFC_PHYS_s04_T3_test,32,214,39.13333333333333,-0.9452199935913086,1.1990759852104642
UBFC_PHYS_s04_T3_test,32,215,39.166666666666664,-0.8201479315757751,0.9572566950030894
UBFC_PHYS_s04_T3_test,32,216,39.2,-0.4528345465660095,0.6860785281830103
UBFC_PHYS_s04_T3_test,32,217,39.233333333333334,-0.06623662263154984,0.41513355405144725
UBFC_PHYS_s04_T3_test,32,218,39.266666666666666,0.19748176634311676,0.15968942812890058
UBFC_PHYS_s04_T3_test,32,219,39.3,0.3698054552078247,-0.07853730976676518
UBFC_PHYS_s04_T3_test,32,220,39.333333333333336,0.4891379773616791,-0.30611896634502034
UBFC_PHYS_s04_T3_test,32,221,39.36666666666667,0.543493390083313,-0.530228677643042
UBFC_PHYS_s04_T3_test,32,222,39.4,0.542168140411377,-0.7509783092801676
UBFC_PHYS_s04_T3_test,32,223,39.43333333333333,0.5114531517028809,-0.9560976617033824
UBFC_PHYS_s04_T3_test,32,224,39.46666666666667,0.45293673872947693,-1.1197772936224724
UBFC_PHYS_s04_T3_test,32,225,39.5,0.37629538774490356,-1.2066436959763882
UBFC_PHYS_s04_T3_test,32,226,39.53333333333333,0.3140370547771454,-1.1805636705620228
UBFC_PHYS_s04_T3_test,32,227,39.56666666666667,0.2506873607635498,-1.0163648879173013
UBFC_PHYS_s04_T3_test,32,228,39.6,0.1303219199180603,-0.7110136290480932
UBFC_PHYS_s04_T3_test,32,229,39.63333333333333,-0.0513760931789875,-0.29007752406447074
UBFC_PHYS_s04_T3_test,32,230,39.666666666666664,-0.23371724784374237,0.19384221268583443
UBFC_PHYS_s04_T3_test,32,231,39.7,-0.3775574266910553,0.6713780068383958
UBFC_PHYS_s04_T3_test,32,232,39.733333333333334,-0.5207252502441406,1.0723896869408935
UBFC_PHYS_s04_T3_test,32,233,39.766666666666666,-0.7291624546051025,1.3420432452307378
UBFC_PHYS_s04_T3_test,32,234,39.8,-0.9719981551170349,1.4513248990932934
UBFC_PHYS_s04_T3_test,32,235,39.833333333333336,-1.0809136629104614,1.3989769453127314
UBFC_PHYS_s04_T3_test,32,236,39.86666666666667,-0.9079955816268921,1.2056954091832095
UBFC_PHYS_s04_T3_test,32,237,39.9,-0.5127931237220764,0.9044019421570896
UBFC_PHYS_s04_T3_test,32,238,39.93333333333333,-0.10771942883729935,0.531088482964516
UBFC_PHYS_s04_T3_test,32,239,39.96666666666667,0.18139341473579407,0.11951072845199544
UBFC_PHYS_s04_T3_test,33,0,33.0,-1.4920388460159302,-0.06268516644904643
UBFC_PHYS_s04_T3_test,33,1,33.03333333333333,-1.1584807634353638,-0.3219439227245761
UBFC_PHYS_s04_T3_test,33,2,33.06666666666667,-0.935455858707428,-0.5576186447685558
UBFC_PHYS_s04_T3_test,33,3,33.1,-0.760316014289856,-0.7491551996049335
UBFC_PHYS_s04_T3_test,33,4,33.13333333333333,-0.5091681480407715,-0.8784093130166134
UBFC_PHYS_s04_T3_test,33,5,33.166666666666664,-0.17008493840694427,-0.9311764553143841
UBFC_PHYS_s04_T3_test,33,6,33.2,0.15175031125545502,-0.8986086887333828
UBFC_PHYS_s04_T3_test,33,7,33.233333333333334,0.35912537574768066,-0.7785412914265075
UBFC_PHYS_s04_T3_test,33,8,33.266666666666666,0.4502374827861786,-0.5766509547671634
UBFC_PHYS_s04_T3_test,33,9,33.3,0.4796954393386841,-0.30708228527513537
UBFC_PHYS_s04_T3_test,33,10,33.333333333333336,0.47310808300971985,0.007866918862465481
UBFC_PHYS_s04_T3_test,33,11,33.36666666666667,0.423410564661026,0.33925248477046277
UBFC_PHYS_s04_T3_test,33,12,33.4,0.3303690254688263,0.6542697229510436
UBFC_PHYS_s04_T3_test,33,13,33.43333333333333,0.20459534227848053,0.9202455354107709
UBFC_PHYS_s04_T3_test,33,14,33.46666666666667,0.04692754149436951,1.1094885757015207
UBFC_PHYS_s04_T3_test,33,15,33.5,-0.1483057290315628,1.2041377191955158
UBFC_PHYS_s04_T3_test,33,16,33.53333333333333,-0.36747175455093384,1.1995681310785244
UBFC_PHYS_s04_T3_test,33,17,33.56666666666667,-0.5873686671257019,1.1048747651175166
UBFC_PHYS_s04_T3_test,33,18,33.6,-0.8194560408592224,0.9398429366867393
UBFC_PHYS_s04_T3_test,33,19,33.63333333333333,-1.1034139394760132,0.7291869386041612
UBFC_PHYS_s04_T3_test,33,20,33.666666666666664,-1.4267499446868896,0.49593605280124314
UBFC_PHYS_s04_T3_test,33,21,33.7,-1.6401666402816772,0.2562508361128746
UBFC_PHYS_s04_T3_test,33,22,33.733333333333334,-1.5355972051620483,0.017525486402103746
UBFC_PHYS_s04_T3_test,33,23,33.766666666666666,-1.0780292749404907,-0.21959210552628244
UBFC_PHYS_s04_T3_test,33,24,33.8,-0.48569339513778687,-0.4562796148007468
UBFC_PHYS_s04_T3_test,33,25,33.833333333333336,0.036111023277044296,-0.6900152850863774
UBFC_PHYS_s04_T3_test,33,26,33.86666666666667,0.45259568095207214,-0.9109607366914928
UBFC_PHYS_s04_T3_test,33,27,33.9,0.7926728129386902,-1.1018297967656645
UBFC_PHYS_s04_T3_test,33,28,33.93333333333333,1.0371845960617065,-1.2412147888067104
UBFC_PHYS_s04_T3_test,33,29,33.96666666666667,1.1321848630905151,-1.3088862906121457
UBFC_PHYS_s04_T3_test,33,30,34.0,1.0875544548034668,-1.2909652158894696
UBFC_PHYS_s04_T3_test,33,31,34.03333333333333,1.0047155618667603,-1.183208805535812
UBFC_PHYS_s04_T3_test,33,32,34.06666666666667,0.9437240362167358,-0.9916244004762367
UBFC_PHYS_s04_T3_test,33,33,34.1,0.853508472442627,-0.7306883363878249
UBFC_PHYS_s04_T3_test,33,34,34.13333333333333,0.6867392063140869,-0.4201737344235051
UBFC_PHYS_s04_T3_test,33,35,34.166666666666664,0.4612196683883667,-0.0819084308882221
UBFC_PHYS_s04_T3_test,33,36,34.2,0.2037280648946762,0.2623167953444741
UBFC_PHYS_s04_T3_test,33,37,34.233333333333334,-0.10677420347929001,0.5912167946929804
UBFC_PHYS_s04_T3_test,33,38,34.266666666666666,-0.5471136569976807,0.8836291265041616
UBFC_PHYS_s04_T3_test,33,39,34.3,-1.125885009765625,1.118800579421922
UBFC_PHYS_s04_T3_test,33,40,34.333333333333336,-1.6538968086242676,1.2783224615749766
UBFC_PHYS_s04_T3_test,33,41,34.36666666666667,-1.9087378978729248,1.349253971056505
UBFC_PHYS_s04_T3_test,33,42,34.4,-1.9087378978729248,1.326728359565599
UBFC_PHYS_s04_T3_test,33,43,34.43333333333333,-1.8892486095428467,1.214320823436412
UBFC_PHYS_s04_T3_test,33,44,34.46666666666667,-1.9864023923873901,1.0218669250543346
UBFC_PHYS_s04_T3_test,33,45,34.5,-2.04455828666687,0.7621487928118665
UBFC_PHYS_s04_T3_test,33,46,34.53333333333333,-1.8061952590942383,0.44857339993322626
UBFC_PHYS_s04_T3_test,33,47,34.56666666666667,-1.2935898303985596,0.0952401600613896
UBFC_PHYS_s04_T3_test,33,48,34.6,-0.7378936409950256,-0.2808349739467908
UBFC_PHYS_s04_T3_test,33,49,34.63333333333333,-0.27913686633110046,-0.6569561328092872
UBFC_PHYS_s04_T3_test,33,50,34.666666666666664,0.10446946322917938,-1.0033430971592172
UBFC_PHYS_s04_T3_test,33,51,34.7,0.4539988934993744,-1.2843752111564288
UBFC_PHYS_s04_T3_test,33,52,34.733333333333334,0.762756884098053,-1.4629005282638183
UBFC_PHYS_s04_T3_test,33,53,34.766666666666666,0.9811725616455078,-1.5071519488141367
UBFC_PHYS_s04_T3_test,33,54,34.8,1.0591684579849243,-1.3989262186736835
UBFC_PHYS_s04_T3_test,33,55,34.833333333333336,1.0299150943756104,-1.1407472234219804
UBFC_PHYS_s04_T3_test,33,56,34.86666666666667,0.9901571273803711,-0.7591088174287169
UBFC_PHYS_s04_T3_test,33,57,34.9,0.9841251969337463,-0.3015381161269985
UBFC_PHYS_s04_T3_test,33,58,34.93333333333333,0.9633204340934753,0.1724926631790554
UBFC_PHYS_s04_T3_test,33,59,34.96666666666667,0.8696357607841492,0.6041045882170425
UBFC_PHYS_s04_T3_test,33,60,35.0,0.7075147032737732,0.9468806336508053
UBFC_PHYS_s04_T3_test,33,61,35.03333333333333,0.5185861587524414,1.1743997064609548
UBFC_PHYS_s04_T3_test,33,62,35.06666666666667,0.32202765345573425,1.2816852689223543
UBFC_PHYS_s04_T3_test,33,63,35.1,0.10465461015701294,1.281061583382647
UBFC_PHYS_s04_T3_test,33,64,35.13333333333333,-0.14119216799736023,1.1944680269656158
UBFC_PHYS_s04_T3_test,33,65,35.166666666666664,-0.39586755633354187,1.0449730103875945
UBFC_PHYS_s04_T3_test,33,66,35.2,-0.6412173509597778,0.8502170693600107
UBFC_PHYS_s04_T3_test,33,67,35.233333333333334,-0.9091551899909973,0.6197299637842117
UBFC_PHYS_s04_T3_test,33,68,35.266666666666666,-1.2289246320724487,0.3565742254045212
UBFC_PHYS_s04_T3_test,33,69,35.3,-1.4748201370239258,0.06215711341641834
UBFC_PHYS_s04_T3_test,33,70,35.333333333333336,-1.4284552335739136,-0.25798080780923116
UBFC_PHYS_s04_T3_test,33,71,35.36666666666667,-1.0603233575820923,-0.5897092548992585
UBFC_PHYS_s04_T3_test,33,72,35.4,-0.5860238671302795,-0.9087746840140107
UBFC_PHYS_s04_T3_test,33,73,35.43333333333333,-0.1909676343202591,-1.182678566849704
UBFC_PHYS_s04_T3_test,33,74,35.46666666666667,0.12983468174934387,-1.3754749763314422
UBFC_PHYS_s04_T3_test,33,75,35.5,0.42672374844551086,-1.4543926663934137
UBFC_PHYS_s04_T3_test,33,76,35.53333333333333,0.6660221219062805,-1.396960797669439
UBFC_PHYS_s04_T3_test,33,77,35.56666666666667,0.8154850006103516,-1.1972834396253629
UBFC_PHYS_s04_T3_test,33,78,35.6,0.9051061868667603,-0.8700833687375441
UBFC_PHYS_s04_T3_test,33,79,35.63333333333333,0.9606016874313354,-0.45109438885090036
UBFC_PHYS_s04_T3_test,33,80,35.666666666666664,0.9755402207374573,0.0073986056047269854
UBFC_PHYS_s04_T3_test,33,81,35.7,0.9606504440307617,0.44602864599585085
UBFC_PHYS_s04_T3_test,33,82,35.733333333333334,0.9370879530906677,0.811000090307417
UBFC_PHYS_s04_T3_test,33,83,35.766666666666666,0.8911908268928528,1.0661036393242787
UBFC_PHYS_s04_T3_test,33,84,35.8,0.8084883689880371,1.19960324152243
UBFC_PHYS_s04_T3_test,33,85,35.833333333333336,0.6907052397727966,1.2231007921432195
UBFC_PHYS_s04_T3_test,33,86,35.86666666666667,0.5165398120880127,1.162988942666903
UBFC_PHYS_s04_T3_test,33,87,35.9,0.28429651260375977,1.0484333202621152
UBFC_PHYS_s04_T3_test,33,88,35.93333333333333,0.0528230294585228,0.9009431832941466
UBFC_PHYS_s04_T3_test,33,89,35.96666666666667,-0.12991765141487122,0.7292654664486613
UBFC_PHYS_s04_T3_test,33,90,36.0,-0.28512006998062134,0.5306448080438807
UBFC_PHYS_s04_T3_test,33,91,36.03333333333333,-0.48056772351264954,0.29688358023145045
UBFC_PHYS_s04_T3_test,33,92,36.06666666666667,-0.7574413418769836,0.022222735187084654
UBFC_PHYS_s04_T3_test,33,93,36.1,-1.0128378868103027,-0.28992388149178927
UBFC_PHYS_s04_T3_test,33,94,36.13333333333333,-1.016014575958252,-0.6233527642310887
UBFC_PHYS_s04_T3_test,33,95,36.166666666666664,-0.6752455234527588,-0.9492663268700621
UBFC_PHYS_s04_T3_test,33,96,36.2,-0.18271395564079285,-1.2299653116533689
UBFC_PHYS_s04_T3_test,33,97,36.233333333333334,0.2213170975446701,-1.4250651651598505
UBFC_PHYS_s04_T3_test,33,98,36.266666666666666,0.49505293369293213,-1.4988874536778125
UBFC_PHYS_s04_T3_test,33,99,36.3,0.719968318939209,-1.427698440428743
UBFC_PHYS_s04_T3_test,33,100,36.333333333333336,0.9085460305213928,-1.2057914580335978
UBFC_PHYS_s04_T3_test,33,101,36.36666666666667,1.0188647508621216,-0.8494000756336175
UBFC_PHYS_s04_T3_test,33,102,36.4,1.0558942556381226,-0.39690602511615236
UBFC_PHYS_s04_T3_test,33,103,36.43333333333333,1.0643526315689087,0.09616414896795114
UBFC_PHYS_s04_T3_test,33,104,36.46666666666667,1.0588078498840332,0.5673518342255136
UBFC_PHYS_s04_T3_test,33,105,36.5,1.0282098054885864,0.9602941142967695
UBFC_PHYS_s04_T3_test,33,106,36.53333333333333,0.9704048037528992,1.2363616566324491
UBFC_PHYS_s04_T3_test,33,107,36.56666666666667,0.8773339986801147,1.380794633928547
UBFC_PHYS_s04_T3_test,33,108,36.6,0.7409289479255676,1.4014973623725695
UBFC_PHYS_s04_T3_test,33,109,36.63333333333333,0.5782719254493713,1.3217737091741688
UBFC_PHYS_s04_T3_test,33,110,36.666666666666664,0.3970513939857483,1.1704789040657317
UBFC_PHYS_s04_T3_test,33,111,36.7,0.19215147197246552,0.9734096187800264
UBFC_PHYS_s04_T3_test,33,112,36.733333333333334,-0.0071647935546934605,0.7484018172513649
UBFC_PHYS_s04_T3_test,33,113,36.766666666666666,-0.16658662259578705,0.5046239978466808
UBFC_PHYS_s04_T3_test,33,114,36.8,-0.3224808871746063,0.2450640153536016
UBFC_PHYS_s04_T3_test,33,115,36.833333333333336,-0.5484194159507751,-0.029432204239600714
UBFC_PHYS_s04_T3_test,33,116,36.86666666666667,-0.8426676988601685,-0.316161497888984
UBFC_PHYS_s04_T3_test,33,117,36.9,-1.0473045110702515,-0.6077000167263849
UBFC_PHYS_s04_T3_test,33,118,36.93333333333333,-0.9501897096633911,-0.8906072673293638
UBFC_PHYS_s04_T3_test,33,119,36.96666666666667,-0.5402047634124756,-1.1455849311605084
UBFC_PHYS_s04_T3_test,33,120,37.0,-0.06162742152810097,-1.348759005090551
UBFC_PHYS_s04_T3_test,33,121,37.03333333333333,0.25966212153434753,-1.4739215901900233
UBFC_PHYS_s04_T3_test,33,122,37.06666666666667,0.44719716906547546,-1.495933306269656
UBFC_PHYS_s04_T3_test,33,123,37.1,0.6088504791259766,-1.395594804200677
UBFC_PHYS_s04_T3_test,33,124,37.13333333333333,0.755711555480957,-1.165749305391997
UBFC_PHYS_s04_T3_test,33,125,37.166666666666664,0.8405286073684692,-0.8171553890149115
UBFC_PHYS_s04_T3_test,33,126,37.2,0.8608461618423462,-0.38141157307355705
UBFC_PHYS_s04_T3_test,33,127,37.233333333333334,0.8505168557167053,0.09176981794576844
UBFC_PHYS_s04_T3_test,33,128,37.266666666666666,0.8229883313179016,0.5436419489129849
UBFC_PHYS_s04_T3_test,33,129,37.3,0.7733784914016724,0.9195543208089779
UBFC_PHYS_s04_T3_test,33,130,37.333333333333336,0.6971367001533508,1.1815847364290097
UBFC_PHYS_s04_T3_test,33,131,37.36666666666667,0.5925769805908203,1.315947628783248
UBFC_PHYS_s04_T3_test,33,132,37.4,0.4643184542655945,1.3325998547485696
UBFC_PHYS_s04_T3_test,33,133,37.43333333333333,0.3185098469257355,1.2578021494971776
UBFC_PHYS_s04_T3_test,33,134,37.46666666666667,0.1533484309911728,1.1232039942183845
UBFC_PHYS_s04_T3_test,33,135,37.5,-0.02625448629260063,0.9559548660640672
UBFC_PHYS_s04_T3_test,33,136,37.53333333333333,-0.1959763616323471,0.7730940159086621
UBFC_PHYS_s04_T3_test,33,137,37.56666666666667,-0.34819692373275757,0.5810818948198208
UBFC_PHYS_s04_T3_test,33,138,37.6,-0.5223233699798584,0.37922839829558297
UBFC_PHYS_s04_T3_test,33,139,37.63333333333333,-0.7652857303619385,0.16468562855626456
UBFC_PHYS_s04_T3_test,33,140,37.666666666666664,-1.0273183584213257,-0.06329058858164062
UBFC_PHYS_s04_T3_test,33,141,37.7,-1.1167348623275757,-0.3012067932453559
UBFC_PHYS_s04_T3_test,33,142,37.733333333333334,-0.8753121495246887,-0.5414288523905703
UBFC_PHYS_s04_T3_test,33,143,37.766666666666666,-0.40343913435935974,-0.7734362539595961
UBFC_PHYS_s04_T3_test,33,144,37.8,0.03443494811654091,-0.9846345003051948
UBFC_PHYS_s04_T3_test,33,145,37.833333333333336,0.3207998275756836,-1.1597716183849387
UBFC_PHYS_s04_T3_test,33,146,37.86666666666667,0.5029168725013733,-1.2796596193542205
UBFC_PHYS_s04_T3_test,33,147,37.9,0.6347516775131226,-1.3212910355526097
UBFC_PHYS_s04_T3_test,33,148,37.93333333333333,0.7214592099189758,-1.2613139467678744
UBFC_PHYS_s04_T3_test,33,149,37.96666666666667,0.7613341808319092,-1.083115761181664
UBFC_PHYS_s04_T3_test,33,150,38.0,0.7651053667068481,-0.7853978712934837
UBFC_PHYS_s04_T3_test,33,151,38.03333333333333,0.7443493008613586,-0.3884952514938294
UBFC_PHYS_s04_T3_test,33,152,38.06666666666667,0.7051857113838196,0.06511678575757487
UBFC_PHYS_s04_T3_test,33,153,38.1,0.6468252539634705,0.5176257502263447
UBFC_PHYS_s04_T3_test,33,154,38.13333333333333,0.5676990151405334,0.9084402720326384
UBFC_PHYS_s04_T3_test,33,155,38.166666666666664,0.4665791988372803,1.1883551272675588
UBFC_PHYS_s04_T3_test,33,156,38.2,0.33294159173965454,1.330339708320667
UBFC_PHYS_s04_T3_test,33,157,38.233333333333334,0.16025735437870026,1.3333484210405433
UBFC_PHYS_s04_T3_test,33,158,38.266666666666666,-0.020300528034567833,1.218540499974069
UBFC_PHYS_s04_T3_test,33,159,38.3,-0.1691494584083557,1.020304123639534
UBFC_PHYS_s04_T3_test,33,160,38.333333333333336,-0.30119866132736206,0.7759865592771962
UBFC_PHYS_s04_T3_test,33,161,38.36666666666667,-0.46927371621131897,0.5177960542632719
UBFC_PHYS_s04_T3_test,33,162,38.4,-0.7023161053657532,0.26854150654152364
UBFC_PHYS_s04_T3_test,33,163,38.43333333333333,-0.9365862607955933,0.040935617130786556
UBFC_PHYS_s04_T3_test,33,164,38.46666666666667,-1.006279706954956,-0.16084436780332714
UBFC_PHYS_s04_T3_test,33,165,38.5,-0.7910115122795105,-0.3385928423534155
UBFC_PHYS_s04_T3_test,33,166,38.53333333333333,-0.37753796577453613,-0.4971366125997518
UBFC_PHYS_s04_T3_test,33,167,38.56666666666667,0.018707146868109703,-0.6411964406656383
UBFC_PHYS_s04_T3_test,33,168,38.6,0.29011404514312744,-0.7723509026649247
UBFC_PHYS_s04_T3_test,33,169,38.63333333333333,0.4509780704975128,-0.8867358850110003
UBFC_PHYS_s04_T3_test,33,170,38.666666666666664,0.5430256724357605,-0.9741394810725303
UBFC_PHYS_s04_T3_test,33,171,38.7,0.5913978815078735,-1.018906532752848
UBFC_PHYS_s04_T3_test,33,172,38.733333333333334,0.6042705178260803,-1.0027618408480468
UBFC_PHYS_s04_T3_test,33,173,38.766666666666666,0.5770246386528015,-0.909257764283696
UBFC_PHYS_s04_T3_test,33,174,38.8,0.5138113498687744,-0.7290004004838004
UBFC_PHYS_s04_T3_test,33,175,38.833333333333336,0.43939173221588135,-0.4643021737482952
UBFC_PHYS_s04_T3_test,33,176,38.86666666666667,0.3666384816169739,-0.13174333700320343
UBFC_PHYS_s04_T3_test,33,177,38.9,0.26430055499076843,0.23850605132170302
UBFC_PHYS_s04_T3_test,33,178,38.93333333333333,0.1026667132973671,0.6068762086415407
UBFC_PHYS_s04_T3_test,33,179,38.96666666666667,-0.0826270580291748,0.9313019315797844
UBFC_PHYS_s04_T3_test,33,180,39.0,-0.23337619006633759,1.1751653842068877
UBFC_PHYS_s04_T3_test,33,181,39.03333333333333,-0.36320361495018005,1.3141487387576238
UBFC_PHYS_s04_T3_test,33,182,39.06666666666667,-0.5493841767311096,1.3400060758236978
UBFC_PHYS_s04_T3_test,33,183,39.1,-0.7950165867805481,1.2601624537963174
UBFC_PHYS_s04_T3_test,33,184,39.13333333333333,-0.9452199935913086,1.093540393497963
UBFC_PHYS_s04_T3_test,33,185,39.166666666666664,-0.8201479315757751,0.8643471114493597
UBFC_PHYS_s04_T3_test,33,186,39.2,-0.4528345465660095,0.5960327156232611
UBFC_PHYS_s04_T3_test,33,187,39.233333333333334,-0.06623662263154984,0.30724029857839297
UBFC_PHYS_s04_T3_test,33,188,39.266666666666666,0.19748176634311676,0.010650767972034304
UBFC_PHYS_s04_T3_test,33,189,39.3,0.3698054552078247,-0.28556060474774675
UBFC_PHYS_s04_T3_test,33,190,39.333333333333336,0.4891379773616791,-0.5749796488784181
UBFC_PHYS_s04_T3_test,33,191,39.36666666666667,0.543493390083313,-0.8503950416500723
UBFC_PHYS_s04_T3_test,33,192,39.4,0.542168140411377,-1.1019945378764837
UBFC_PHYS_s04_T3_test,33,193,39.43333333333333,0.5114531517028809,-1.3160349686214914
UBFC_PHYS_s04_T3_test,33,194,39.46666666666667,0.45293673872947693,-1.4739303285764775
UBFC_PHYS_s04_T3_test,33,195,39.5,0.37629538774490356,-1.5525924797756214
UBFC_PHYS_s04_T3_test,33,196,39.53333333333333,0.3140370547771454,-1.5273271153304164
UBFC_PHYS_s04_T3_test,33,197,39.56666666666667,0.2506873607635498,-1.3779060658668927
UBFC_PHYS_s04_T3_test,33,198,39.6,0.1303219199180603,-1.0966812492881695
UBFC_PHYS_s04_T3_test,33,199,39.63333333333333,-0.0513760931789875,-0.6957952519526813
UBFC_PHYS_s04_T3_test,33,200,39.666666666666664,-0.23371724784374237,-0.20992880692076352
UBFC_PHYS_s04_T3_test,33,201,39.7,-0.3775574266910553,0.30775000697076815
UBFC_PHYS_s04_T3_test,33,202,39.733333333333334,-0.5207252502441406,0.7960375042361498
UBFC_PHYS_s04_T3_test,33,203,39.766666666666666,-0.7291624546051025,1.199273545563191
UBFC_PHYS_s04_T3_test,33,204,39.8,-0.9719981551170349,1.479281508154322
UBFC_PHYS_s04_T3_test,33,205,39.833333333333336,-1.0809136629104614,1.6215369444495606
UBFC_PHYS_s04_T3_test,33,206,39.86666666666667,-0.9079955816268921,1.6339235486618815
UBFC_PHYS_s04_T3_test,33,207,39.9,-0.5127931237220764,1.5395571252417644
UBFC_PHYS_s04_T3_test,33,208,39.93333333333333,-0.10771942883729935,1.3673743211519305
UBFC_PHYS_s04_T3_test,33,209,39.96666666666667,0.18139341473579407,1.1443763307728436
UBFC_PHYS_s04_T3_test,33,210,40.0,0.3818497955799103,0.8916124809864199
UBFC_PHYS_s04_T3_test,33,211,40.03333333333333,0.5292468070983887,0.6236897887997293
UBFC_PHYS_s04_T3_test,33,212,40.06666666666667,0.6161102652549744,0.3503340884869663
UBFC_PHYS_s04_T3_test,33,213,40.1,0.6489593386650085,0.07845758448568471
UBFC_PHYS_s04_T3_test,33,214,40.13333333333333,0.6518632173538208,-0.18627791908899022
UBFC_PHYS_s04_T3_test,33,215,40.166666666666664,0.6337966918945312,-0.4386876468149828
UBFC_PHYS_s04_T3_test,33,216,40.2,0.5859019756317139,-0.6737415436513798
UBFC_PHYS_s04_T3_test,33,217,40.233333333333334,0.5064736008644104,-0.8861367649238009
UBFC_PHYS_s04_T3_test,33,218,40.266666666666666,0.41081079840660095,-1.0695042703440325
UBFC_PHYS_s04_T3_test,33,219,40.3,0.30326926708221436,-1.2155527034832654
UBFC_PHYS_s04_T3_test,33,220,40.333333333333336,0.1730228066444397,-1.3138669313601947
UBFC_PHYS_s04_T3_test,33,221,40.36666666666667,0.02677568420767784,-1.352993070673806
UBFC_PHYS_s04_T3_test,33,222,40.4,-0.11869186162948608,-1.3228229688432347
UBFC_PHYS_s04_T3_test,33,223,40.43333333333333,-0.26012513041496277,-1.2175574315201045
UBFC_PHYS_s04_T3_test,33,224,40.46666666666667,-0.3975241482257843,-1.0381605195911316
UBFC_PHYS_s04_T3_test,33,225,40.5,-0.5349231362342834,-0.7933505928283509
UBFC_PHYS_s04_T3_test,33,226,40.53333333333333,-0.7072858214378357,-0.49871641098378117
UBFC_PHYS_s04_T3_test,33,227,40.56666666666667,-0.9317432045936584,-0.1743680977649298
UBFC_PHYS_s04_T3_test,33,228,40.6,-1.1041935682296753,0.15773231328615375
UBFC_PHYS_s04_T3_test,33,229,40.63333333333333,-1.0422762632369995,0.4756700419438074
UBFC_PHYS_s04_T3_test,33,230,40.666666666666664,-0.7101312279701233,0.758615042656882
UBFC_PHYS_s04_T3_test,33,231,40.7,-0.28813114762306213,0.9877812937681857
UBFC_PHYS_s04_T3_test,33,232,40.733333333333334,0.04692754149436951,1.1479030637201202
UBFC_PHYS_s04_T3_test,33,233,40.766666666666666,0.27189162373542786,1.2290634593354477
UBFC_PHYS_s04_T3_test,33,234,40.8,0.434266060590744,1.228255750303814
UBFC_PHYS_s04_T3_test,33,235,40.833333333333336,0.5531600713729858,1.1499811370153776
UBFC_PHYS_s04_T3_test,33,236,40.86666666666667,0.6236720681190491,1.00531008942138
UBFC_PHYS_s04_T3_test,33,237,40.9,0.6434633731842041,0.80937358760164
UBFC_PHYS_s04_T3_test,33,238,40.93333333333333,0.6275016665458679,0.5782217611413771
UBFC_PHYS_s04_T3_test,33,239,40.96666666666667,0.5956660509109497,0.32667529232691855
UBFC_PHYS_s04_T3_test,34,0,34.0,1.0875544548034668,0.08008106676975871
UBFC_PHYS_s04_T3_test,34,1,34.03333333333333,1.0047155618667603,-0.21698541716913813
UBFC_PHYS_s04_T3_test,34,2,34.06666666666667,0.9437240362167358,-0.46562599994449083
UBFC_PHYS_s04_T3_test,34,3,34.1,0.853508472442627,-0.622463463905672
UBFC_PHYS_s04_T3_test,34,4,34.13333333333333,0.6867392063140869,-0.6550452162248458
UBFC_PHYS_s04_T3_test,34,5,34.166666666666664,0.4612196683883667,-0.5478094212274259
UBFC_PHYS_s04_T3_test,34,6,34.2,0.2037280648946762,-0.30657128042867143
UBFC_PHYS_s04_T3_test,34,7,34.233333333333334,-0.10677420347929001,0.040449100527935294
UBFC_PHYS_s04_T3_test,34,8,34.266666666666666,-0.5471136569976807,0.4463822416633425
UBFC_PHYS_s04_T3_test,34,9,34.3,-1.125885009765625,0.8540809098624439
UBFC_PHYS_s04_T3_test,34,10,34.333333333333336,-1.6538968086242676,1.2071332426963663
UBFC_PHYS_s04_T3_test,34,11,34.36666666666667,-1.9087378978729248,1.4602983342038223
UBFC_PHYS_s04_T3_test,34,12,34.4,-1.9087378978729248,1.5862022921444474
UBFC_PHYS_s04_T3_test,34,13,34.43333333333333,-1.8892486095428467,1.5766023194951635
UBFC_PHYS_s04_T3_test,34,14,34.46666666666667,-1.9864023923873901,1.438803766412526
UBFC_PHYS_s04_T3_test,34,15,34.5,-2.04455828666687,1.1897093505925214
UBFC_PHYS_s04_T3_test,34,16,34.53333333333333,-1.8061952590942383,0.8504817744297244
UBFC_PHYS_s04_T3_test,34,17,34.56666666666667,-1.2935898303985596,0.4437965417802913
UBFC_PHYS_s04_T3_test,34,18,34.6,-0.7378936409950256,-0.006162278797428278
UBFC_PHYS_s04_T3_test,34,19,34.63333333333333,-0.27913686633110046,-0.47231577817050574
UBFC_PHYS_s04_T3_test,34,20,34.666666666666664,0.10446946322917938,-0.9236494413980684
UBFC_PHYS_s04_T3_test,34,21,34.7,0.4539988934993744,-1.3256897875297011
UBFC_PHYS_s04_T3_test,34,22,34.733333333333334,0.762756884098053,-1.6428132976106085
UBFC_PHYS_s04_T3_test,34,23,34.766666666666666,0.9811725616455078,-1.8420426337217548
UBFC_PHYS_s04_T3_test,34,24,34.8,1.0591684579849243,-1.8976879366222217
UBFC_PHYS_s04_T3_test,34,25,34.833333333333336,1.0299150943756104,-1.7960901541809122
UBFC_PHYS_s04_T3_test,34,26,34.86666666666667,0.9901571273803711,-1.5395976260087543
UBFC_PHYS_s04_T3_test,34,27,34.9,0.9841251969337463,-1.1487619163649385
UBFC_PHYS_s04_T3_test,34,28,34.93333333333333,0.9633204340934753,-0.6617421519528542
UBFC_PHYS_s04_T3_test,34,29,34.96666666666667,0.8696357607841492,-0.13023627867479398
UBFC_PHYS_s04_T3_test,34,30,35.0,0.7075147032737732,0.38797950190451747
UBFC_PHYS_s04_T3_test,34,31,35.03333333333333,0.5185861587524414,0.838667406875868
UBFC_PHYS_s04_T3_test,34,32,35.06666666666667,0.32202765345573425,1.1804842694709148
UBFC_PHYS_s04_T3_test,34,33,35.1,0.10465461015701294,1.391182115052867
UBFC_PHYS_s04_T3_test,34,34,35.13333333333333,-0.14119216799736023,1.468545754874877
UBFC_PHYS_s04_T3_test,34,35,35.166666666666664,-0.39586755633354187,1.4258870721007915
UBFC_PHYS_s04_T3_test,34,36,35.2,-0.6412173509597778,1.284186903736573
UBFC_PHYS_s04_T3_test,34,37,35.233333333333334,-0.9091551899909973,1.0643769160914611
UBFC_PHYS_s04_T3_test,34,38,35.266666666666666,-1.2289246320724487,0.782941293381321
UBFC_PHYS_s04_T3_test,34,39,35.3,-1.4748201370239258,0.45220857852682883
UBFC_PHYS_s04_T3_test,34,40,35.333333333333336,-1.4284552335739136,0.08437264257958238
UBFC_PHYS_s04_T3_test,34,41,35.36666666666667,-1.0603233575820923,-0.30337443131137104
UBFC_PHYS_s04_T3_test,34,42,35.4,-0.5860238671302795,-0.6854378111955657
UBFC_PHYS_s04_T3_test,34,43,35.43333333333333,-0.1909676343202591,-1.0279568115868027
UBFC_PHYS_s04_T3_test,34,44,35.46666666666667,0.12983468174934387,-1.2927301246682716
UBFC_PHYS_s04_T3_test,34,45,35.5,0.42672374844551086,-1.4437596903177041
UBFC_PHYS_s04_T3_test,34,46,35.53333333333333,0.6660221219062805,-1.454458825344044
UBFC_PHYS_s04_T3_test,34,47,35.56666666666667,0.8154850006103516,-1.3136045027893424
UBFC_PHYS_s04_T3_test,34,48,35.6,0.9051061868667603,-1.028771799089451
UBFC_PHYS_s04_T3_test,34,49,35.63333333333333,0.9606016874313354,-0.6267144742281135
UBFC_PHYS_s04_T3_test,34,50,35.666666666666664,0.9755402207374573,-0.1505644179743594
UBFC_PHYS_s04_T3_test,34,51,35.7,0.9606504440307617,0.34597232290071106
UBFC_PHYS_s04_T3_test,34,52,35.733333333333334,0.9370879530906677,0.8066851488668477
UBFC_PHYS_s04_T3_test,34,53,35.766666666666666,0.8911908268928528,1.18165673867174
UBFC_PHYS_s04_T3_test,34,54,35.8,0.8084883689880371,1.4346332781996771
UBFC_PHYS_s04_T3_test,34,55,35.833333333333336,0.6907052397727966,1.5470356443223212
UBFC_PHYS_s04_T3_test,34,56,35.86666666666667,0.5165398120880127,1.517954664021905
UBFC_PHYS_s04_T3_test,34,57,35.9,0.28429651260375977,1.3609983580298417
UBFC_PHYS_s04_T3_test,34,58,35.93333333333333,0.0528230294585228,1.0996566151753184
UBFC_PHYS_s04_T3_test,34,59,35.96666666666667,-0.12991765141487122,0.7626579345176175
UBFC_PHYS_s04_T3_test,34,60,36.0,-0.28512006998062134,0.3800322174217366
UBFC_PHYS_s04_T3_test,34,61,36.03333333333333,-0.48056772351264954,-0.019926279297310872
UBFC_PHYS_s04_T3_test,34,62,36.06666666666667,-0.7574413418769836,-0.41250297138507513
UBFC_PHYS_s04_T3_test,34,63,36.1,-1.0128378868103027,-0.7768745486292334
UBFC_PHYS_s04_T3_test,34,64,36.13333333333333,-1.016014575958252,-1.0951236880874604
UBFC_PHYS_s04_T3_test,34,65,36.166666666666664,-0.6752455234527588,-1.350752608489723
UBFC_PHYS_s04_T3_test,34,66,36.2,-0.18271395564079285,-1.527395278270587
UBFC_PHYS_s04_T3_test,34,67,36.233333333333334,0.2213170975446701,-1.6082349492197732
UBFC_PHYS_s04_T3_test,34,68,36.266666666666666,0.49505293369293213,-1.5768977719893749
UBFC_PHYS_s04_T3_test,34,69,36.3,0.719968318939209,-1.4206753229304863
UBFC_PHYS_s04_T3_test,34,70,36.333333333333336,0.9085460305213928,-1.1360531622760188
UBFC_PHYS_s04_T3_test,34,71,36.36666666666667,1.0188647508621216,-0.7349281219485195
UBFC_PHYS_s04_T3_test,34,72,36.4,1.0558942556381226,-0.24855235673827306
UBFC_PHYS_s04_T3_test,34,73,36.43333333333333,1.0643526315689087,0.27375391297136586
UBFC_PHYS_s04_T3_test,34,74,36.46666666666667,1.0588078498840332,0.7722582597202373
UBFC_PHYS_s04_T3_test,34,75,36.5,1.0282098054885864,1.1890816264304096
UBFC_PHYS_s04_T3_test,34,76,36.53333333333333,0.9704048037528992,1.4808573406545933
UBFC_PHYS_s04_T3_test,34,77,36.56666666666667,0.8773339986801147,1.6271036290051766
UBFC_PHYS_s04_T3_test,34,78,36.6,0.7409289479255676,1.6316268879186524
UBFC_PHYS_s04_T3_test,34,79,36.63333333333333,0.5782719254493713,1.5173315976359618
UBFC_PHYS_s04_T3_test,34,80,36.666666666666664,0.3970513939857483,1.317108229276534
UBFC_PHYS_s04_T3_test,34,81,36.7,0.19215147197246552,1.0642967050558172
UBFC_PHYS_s04_T3_test,34,82,36.733333333333334,-0.0071647935546934605,0.7857008151995754
UBFC_PHYS_s04_T3_test,34,83,36.766666666666666,-0.16658662259578705,0.498640351152929
UBFC_PHYS_s04_T3_test,34,84,36.8,-0.3224808871746063,0.2117351456571568
UBFC_PHYS_s04_T3_test,34,85,36.833333333333336,-0.5484194159507751,-0.07205238469243583
UBFC_PHYS_s04_T3_test,34,86,36.86666666666667,-0.8426676988601685,-0.3516435940407523
UBFC_PHYS_s04_T3_test,34,87,36.9,-1.0473045110702515,-0.6242961252428592
UBFC_PHYS_s04_T3_test,34,88,36.93333333333333,-0.9501897096633911,-0.8827784965626796
UBFC_PHYS_s04_T3_test,34,89,36.96666666666667,-0.5402047634124756,-1.1135940859004674
UBFC_PHYS_s04_T3_test,34,90,37.0,-0.06162742152810097,-1.2966087417424723
UBFC_PHYS_s04_T3_test,34,91,37.03333333333333,0.25966212153434753,-1.4066696210121754
UBFC_PHYS_s04_T3_test,34,92,37.06666666666667,0.44719716906547546,-1.4179811036989898
UBFC_PHYS_s04_T3_test,34,93,37.1,0.6088504791259766,-1.3113368171940876
UBFC_PHYS_s04_T3_test,34,94,37.13333333333333,0.755711555480957,-1.0825586489118613
UBFC_PHYS_s04_T3_test,34,95,37.166666666666664,0.8405286073684692,-0.7488596556548012
UBFC_PHYS_s04_T3_test,34,96,37.2,0.8608461618423462,-0.34975731129809107
UBFC_PHYS_s04_T3_test,34,97,37.233333333333334,0.8505168557167053,0.05906301277903651
UBFC_PHYS_s04_T3_test,34,98,37.266666666666666,0.8229883313179016,0.417683607798998
UBFC_PHYS_s04_T3_test,34,99,37.3,0.7733784914016724,0.6760224956091898
UBFC_PHYS_s04_T3_test,34,100,37.333333333333336,0.6971367001533508,0.8056014854350948
UBFC_PHYS_s04_T3_test,34,101,37.36666666666667,0.5925769805908203,0.8054648830870079
UBFC_PHYS_s04_T3_test,34,102,37.4,0.4643184542655945,0.7006216725811202
UBFC_PHYS_s04_T3_test,34,103,37.43333333333333,0.3185098469257355,0.5338617376693191
UBFC_PHYS_s04_T3_test,34,104,37.46666666666667,0.1533484309911728,0.3540898735946041
UBFC_PHYS_s04_T3_test,34,105,37.5,-0.02625448629260063,0.20511976627267342
UBFC_PHYS_s04_T3_test,34,106,37.53333333333333,-0.1959763616323471,0.11761129358912922
UBFC_PHYS_s04_T3_test,34,107,37.56666666666667,-0.34819692373275757,0.10479463621940521
UBFC_PHYS_s04_T3_test,34,108,37.6,-0.5223233699798584,0.16143069258960663
UBFC_PHYS_s04_T3_test,34,109,37.63333333333333,-0.7652857303619385,0.26550817241773295
UBFC_PHYS_s04_T3_test,34,110,37.666666666666664,-1.0273183584213257,0.382783756179402
UBFC_PHYS_s04_T3_test,34,111,37.7,-1.1167348623275757,0.4742417791374594
UBFC_PHYS_s04_T3_test,34,112,37.733333333333334,-0.8753121495246887,0.5053745437948484
UBFC_PHYS_s04_T3_test,34,113,37.766666666666666,-0.40343913435935974,0.45492277173756457
UBFC_PHYS_s04_T3_test,34,114,37.8,0.03443494811654091,0.3205679147189711
UBFC_PHYS_s04_T3_test,34,115,37.833333333333336,0.3207998275756836,0.11987427795636314
UBFC_PHYS_s04_T3_test,34,116,37.86666666666667,0.5029168725013733,-0.11406915496588328
UBFC_PHYS_s04_T3_test,34,117,37.9,0.6347516775131226,-0.34137909953423845
UBFC_PHYS_s04_T3_test,34,118,37.93333333333333,0.7214592099189758,-0.5258690153083718
UBFC_PHYS_s04_T3_test,34,119,37.96666666666667,0.7613341808319092,-0.6436962358119097
UBFC_PHYS_s04_T3_test,34,120,38.0,0.7651053667068481,-0.6871284066302106
UBFC_PHYS_s04_T3_test,34,121,38.03333333333333,0.7443493008613586,-0.6624954713092158
UBFC_PHYS_s04_T3_test,34,122,38.06666666666667,0.7051857113838196,-0.5840588560763158
UBFC_PHYS_s04_T3_test,34,123,38.1,0.6468252539634705,-0.4671148771748126
UBFC_PHYS_s04_T3_test,34,124,38.13333333333333,0.5676990151405334,-0.3232255306972141
UBFC_PHYS_s04_T3_test,34,125,38.166666666666664,0.4665791988372803,-0.15894417188856927
UBFC_PHYS_s04_T3_test,34,126,38.2,0.33294159173965454,0.021982047203411022
UBFC_PHYS_s04_T3_test,34,127,38.233333333333334,0.16025735437870026,0.2141728833741986
UBFC_PHYS_s04_T3_test,34,128,38.266666666666666,-0.020300528034567833,0.4063329231755448
UBFC_PHYS_s04_T3_test,34,129,38.3,-0.1691494584083557,0.579678755439564
UBFC_PHYS_s04_T3_test,34,130,38.333333333333336,-0.30119866132736206,0.7102137657999239
UBFC_PHYS_s04_T3_test,34,131,38.36666666666667,-0.46927371621131897,0.7740856369436312
UBFC_PHYS_s04_T3_test,34,132,38.4,-0.7023161053657532,0.7541491930515157
UBFC_PHYS_s04_T3_test,34,133,38.43333333333333,-0.9365862607955933,0.6455056730588646
UBFC_PHYS_s04_T3_test,34,134,38.46666666666667,-1.006279706954956,0.4578448117713649
UBFC_PHYS_s04_T3_test,34,135,38.5,-0.7910115122795105,0.2132706056933192
UBFC_PHYS_s04_T3_test,34,136,38.53333333333333,-0.37753796577453613,-0.059839838780539494
UBFC_PHYS_s04_T3_test,34,137,38.56666666666667,0.018707146868109703,-0.3343978276319373
UBFC_PHYS_s04_T3_test,34,138,38.6,0.29011404514312744,-0.5901572911363656
UBFC_PHYS_s04_T3_test,34,139,38.63333333333333,0.4509780704975128,-0.8147518873460344
UBFC_PHYS_s04_T3_test,34,140,38.666666666666664,0.5430256724357605,-1.0001047428109944
UBFC_PHYS_s04_T3_test,34,141,38.7,0.5913978815078735,-1.1365541509707782
UBFC_PHYS_s04_T3_test,34,142,38.733333333333334,0.6042705178260803,-1.2081522916170622
UBFC_PHYS_s04_T3_test,34,143,38.766666666666666,0.5770246386528015,-1.1921274968390725
UBFC_PHYS_s04_T3_test,34,144,38.8,0.5138113498687744,-1.0638904173944428
UBFC_PHYS_s04_T3_test,34,145,38.833333333333336,0.43939173221588135,-0.8066673450639956
UBFC_PHYS_s04_T3_test,34,146,38.86666666666667,0.3666384816169739,-0.42250049647763704
UBFC_PHYS_s04_T3_test,34,147,38.9,0.26430055499076843,0.060067801848247296
UBFC_PHYS_s04_T3_test,34,148,38.93333333333333,0.1026667132973671,0.5859327386688991
UBFC_PHYS_s04_T3_test,34,149,38.96666666666667,-0.0826270580291748,1.0828006150328986
UBFC_PHYS_s04_T3_test,34,150,39.0,-0.23337619006633759,1.477888715019589
UBFC_PHYS_s04_T3_test,34,151,39.03333333333333,-0.36320361495018005,1.7163030586915622
UBFC_PHYS_s04_T3_test,34,152,39.06666666666667,-0.5493841767311096,1.774219761767947
UBFC_PHYS_s04_T3_test,34,153,39.1,-0.7950165867805481,1.6619852244512627
UBFC_PHYS_s04_T3_test,34,154,39.13333333333333,-0.9452199935913086,1.4166974356079625
UBFC_PHYS_s04_T3_test,34,155,39.166666666666664,-0.8201479315757751,1.0881967820272487
UBFC_PHYS_s04_T3_test,34,156,39.2,-0.4528345465660095,0.7243215542120796
UBFC_PHYS_s04_T3_test,34,157,39.233333333333334,-0.06623662263154984,0.36046358554661534
UBFC_PHYS_s04_T3_test,34,158,39.266666666666666,0.19748176634311676,0.015923778950757937
UBFC_PHYS_s04_T3_test,34,159,39.3,0.3698054552078247,-0.3034270042859635
UBFC_PHYS_s04_T3_test,34,160,39.333333333333336,0.4891379773616791,-0.5989219362447651
UBFC_PHYS_s04_T3_test,34,161,39.36666666666667,0.543493390083313,-0.8725770204738571
UBFC_PHYS_s04_T3_test,34,162,39.4,0.542168140411377,-1.1223324923213898
UBFC_PHYS_s04_T3_test,34,163,39.43333333333333,0.5114531517028809,-1.3394680517226307
UBFC_PHYS_s04_T3_test,34,164,39.46666666666667,0.45293673872947693,-1.507867200373896
UBFC_PHYS_s04_T3_test,34,165,39.5,0.37629538774490356,-1.6051028210128349
UBFC_PHYS_s04_T3_test,34,166,39.53333333333333,0.3140370547771454,-1.605865142881874
UBFC_PHYS_s04_T3_test,34,167,39.56666666666667,0.2506873607635498,-1.4880623409311986
UBFC_PHYS_s04_T3_test,34,168,39.6,0.1303219199180603,-1.2406428943559138
UBFC_PHYS_s04_T3_test,34,169,39.63333333333333,-0.0513760931789875,-0.8706998721486553
UBFC_PHYS_s04_T3_test,34,170,39.666666666666664,-0.23371724784374237,-0.40692390724772
UBFC_PHYS_s04_T3_test,34,171,39.7,-0.3775574266910553,0.10256813817038954
UBFC_PHYS_s04_T3_test,34,172,39.733333333333334,-0.5207252502441406,0.5979960113443956
UBFC_PHYS_s04_T3_test,34,173,39.766666666666666,-0.7291624546051025,1.0192862337212907
UBFC_PHYS_s04_T3_test,34,174,39.8,-0.9719981551170349,1.3180594532144347
UBFC_PHYS_s04_T3_test,34,175,39.833333333333336,-1.0809136629104614,1.467069568073981
UBFC_PHYS_s04_T3_test,34,176,39.86666666666667,-0.9079955816268921,1.464345088024977
UBFC_PHYS_s04_T3_test,34,177,39.9,-0.5127931237220764,1.3307714175095873
UBFC_PHYS_s04_T3_test,34,178,39.93333333333333,-0.10771942883729935,1.102394601879888
UBFC_PHYS_s04_T3_test,34,179,39.96666666666667,0.18139341473579407,0.8207235241256096
UBFC_PHYS_s04_T3_test,34,180,40.0,0.3818497955799103,0.5243322538406564
UBFC_PHYS_s04_T3_test,34,181,40.03333333333333,0.5292468070983887,0.243587220666966
UBFC_PHYS_s04_T3_test,34,182,40.06666666666667,0.6161102652549744,-0.001334408745444978
UBFC_PHYS_s04_T3_test,34,183,40.1,0.6489593386650085,-0.19996265755584133
UBFC_PHYS_s04_T3_test,34,184,40.13333333333333,0.6518632173538208,-0.3495774632534691
UBFC_PHYS_s04_T3_test,34,185,40.166666666666664,0.6337966918945312,-0.45251072682554344
UBFC_PHYS_s04_T3_test,34,186,40.2,0.5859019756317139,-0.5132578845709759
UBFC_PHYS_s04_T3_test,34,187,40.233333333333334,0.5064736008644104,-0.5358773201525645
UBFC_PHYS_s04_T3_test,34,188,40.266666666666666,0.41081079840660095,-0.5221030512795468
UBFC_PHYS_s04_T3_test,34,189,40.3,0.30326926708221436,-0.4707016277591935
UBFC_PHYS_s04_T3_test,34,190,40.333333333333336,0.1730228066444397,-0.37878796003258364
UBFC_PHYS_s04_T3_test,34,191,40.36666666666667,0.02677568420767784,-0.24542749157587562
UBFC_PHYS_s04_T3_test,34,192,40.4,-0.11869186162948608,-0.07656663112915336
UBFC_PHYS_s04_T3_test,34,193,40.43333333333333,-0.26012513041496277,0.11107237430313838
UBFC_PHYS_s04_T3_test,34,194,40.46666666666667,-0.3975241482257843,0.2898376173115211
UBFC_PHYS_s04_T3_test,34,195,40.5,-0.5349231362342834,0.42603379067306724
UBFC_PHYS_s04_T3_test,34,196,40.53333333333333,-0.7072858214378357,0.488470040726698
UBFC_PHYS_s04_T3_test,34,197,40.56666666666667,-0.9317432045936584,0.4572182129745764
UBFC_PHYS_s04_T3_test,34,198,40.6,-1.1041935682296753,0.32921973644769736
UBFC_PHYS_s04_T3_test,34,199,40.63333333333333,-1.0422762632369995,0.11925164750201243
UBFC_PHYS_s04_T3_test,34,200,40.666666666666664,-0.7101312279701233,-0.14305881186032232
UBFC_PHYS_s04_T3_test,34,201,40.7,-0.28813114762306213,-0.4183479332436309
UBFC_PHYS_s04_T3_test,34,202,40.733333333333334,0.04692754149436951,-0.6632904164027144
UBFC_PHYS_s04_T3_test,34,203,40.766666666666666,0.27189162373542786,-0.8365374802685425
UBFC_PHYS_s04_T3_test,34,204,40.8,0.434266060590744,-0.9047854205694629
UBFC_PHYS_s04_T3_test,34,205,40.833333333333336,0.5531600713729858,-0.8486794338452132
UBFC_PHYS_s04_T3_test,34,206,40.86666666666667,0.6236720681190491,-0.6676209043220527
UBFC_PHYS_s04_T3_test,34,207,40.9,0.6434633731842041,-0.3819146076214323
UBFC_PHYS_s04_T3_test,34,208,40.93333333333333,0.6275016665458679,-0.030580343112048148
UBFC_PHYS_s04_T3_test,34,209,40.96666666666667,0.5956660509109497,0.33575638721926354
UBFC_PHYS_s04_T3_test,34,210,41.0,0.5585682988166809,0.6652752987535371
UBFC_PHYS_s04_T3_test,34,211,41.03333333333333,0.5177091360092163,0.9152526616413608
UBFC_PHYS_s04_T3_test,34,212,41.06666666666667,0.4498476982116699,1.0588407917123117
UBFC_PHYS_s04_T3_test,34,213,41.1,0.33101215958595276,1.0866183999618477
UBFC_PHYS_s04_T3_test,34,214,41.13333333333333,0.1934962272644043,1.0034062743204522
UBFC_PHYS_s04_T3_test,34,215,41.166666666666664,0.08605214953422546,0.8225486021826723
UBFC_PHYS_s04_T3_test,34,216,41.2,-0.012485350482165813,0.5604605614303384
UBFC_PHYS_s04_T3_test,34,217,41.233333333333334,-0.15072239935398102,0.23377613645672432
UBFC_PHYS_s04_T3_test,34,218,41.266666666666666,-0.3068700432777405,-0.1397960970194528
UBFC_PHYS_s04_T3_test,34,219,41.3,-0.42889204621315,-0.5375998631187385
UBFC_PHYS_s04_T3_test,34,220,41.333333333333336,-0.5339487195014954,-0.9277089225424917
UBFC_PHYS_s04_T3_test,34,221,41.36666666666667,-0.685935378074646,-1.2675536852802263
UBFC_PHYS_s04_T3_test,34,222,41.4,-0.8943823575973511,-1.5078942600838143
UBFC_PHYS_s04_T3_test,34,223,41.43333333333333,-1.0412434339523315,-1.6021826799097247
UBFC_PHYS_s04_T3_test,34,224,41.46666666666667,-0.9580926299095154,-1.5188257904980296
UBFC_PHYS_s04_T3_test,34,225,41.5,-0.6224784851074219,-1.2522527315640686
UBFC_PHYS_s04_T3_test,34,226,41.53333333333333,-0.21180161833763123,-0.8286406366557748
UBFC_PHYS_s04_T3_test,34,227,41.56666666666667,0.09377963095903397,-0.3035762040667813
UBFC_PHYS_s04_T3_test,34,228,41.6,0.2686271667480469,0.2486398287616122
UBFC_PHYS_s04_T3_test,34,229,41.63333333333333,0.3688504993915558,0.7513955472197511
UBFC_PHYS_s04_T3_test,34,230,41.666666666666664,0.43622472882270813,1.142714377140741
UBFC_PHYS_s04_T3_test,34,231,41.7,0.4770059287548065,1.3871302956685874
UBFC_PHYS_s04_T3_test,34,232,41.733333333333334,0.48205363750457764,1.4792045359169403
UBFC_PHYS_s04_T3_test,34,233,41.766666666666666,0.44824957847595215,1.438940585677311
UBFC_PHYS_s04_T3_test,34,234,41.8,0.38912904262542725,1.3019714503001745
UBFC_PHYS_s04_T3_test,34,235,41.833333333333336,0.32684147357940674,1.1082240747609449
UBFC_PHYS_s04_T3_test,34,236,41.86666666666667,0.2677404284477234,0.8921028315246397
UBFC_PHYS_s04_T3_test,34,237,41.9,0.18446297943592072,0.6759758898802075
UBFC_PHYS_s04_T3_test,34,238,41.93333333333333,0.048340506851673126,0.4677368824310912
UBFC_PHYS_s04_T3_test,34,239,41.96666666666667,-0.11244556307792664,0.2626782982658298
UBFC_PHYS_s04_T3_test,35,0,35.0,0.7075147032737732,0.0630005487379282
UBFC_PHYS_s04_T3_test,35,1,35.03333333333333,0.5185861587524414,0.009578989150175677
UBFC_PHYS_s04_T3_test,35,2,35.06666666666667,0.32202765345573425,-0.013414568434513151
UBFC_PHYS_s04_T3_test,35,3,35.1,0.10465461015701294,0.01802873181757691
UBFC_PHYS_s04_T3_test,35,4,35.13333333333333,-0.14119216799736023,0.11104999133582824
UBFC_PHYS_s04_T3_test,35,5,35.166666666666664,-0.39586755633354187,0.2524869381330176
UBFC_PHYS_s04_T3_test,35,6,35.2,-0.6412173509597778,0.41055580642530987
UBFC_PHYS_s04_T3_test,35,7,35.233333333333334,-0.9091551899909973,0.5417663841553784
UBFC_PHYS_s04_T3_test,35,8,35.266666666666666,-1.2289246320724487,0.6016446192815529
UBFC_PHYS_s04_T3_test,35,9,35.3,-1.4748201370239258,0.5564329346231316
UBFC_PHYS_s04_T3_test,35,10,35.333333333333336,-1.4284552335739136,0.3923576358505947
UBFC_PHYS_s04_T3_test,35,11,35.36666666666667,-1.0603233575820923,0.11974808088101198
UBFC_PHYS_s04_T3_test,35,12,35.4,-0.5860238671302795,-0.2288605801925467
UBFC_PHYS_s04_T3_test,35,13,35.43333333333333,-0.1909676343202591,-0.6053978859071258
UBFC_PHYS_s04_T3_test,35,14,35.46666666666667,0.12983468174934387,-0.9551466837260776
UBFC_PHYS_s04_T3_test,35,15,35.5,0.42672374844551086,-1.2253741962653764
UBFC_PHYS_s04_T3_test,35,16,35.53333333333333,0.6660221219062805,-1.3724642999331926
UBFC_PHYS_s04_T3_test,35,17,35.56666666666667,0.8154850006103516,-1.3675621827255675
UBFC_PHYS_s04_T3_test,35,18,35.6,0.9051061868667603,-1.200994770162663
UBFC_PHYS_s04_T3_test,35,19,35.63333333333333,0.9606016874313354,-0.8850300254380505
UBFC_PHYS_s04_T3_test,35,20,35.666666666666664,0.9755402207374573,-0.4537382646512052
UBFC_PHYS_s04_T3_test,35,21,35.7,0.9606504440307617,0.041113585781505584
UBFC_PHYS_s04_T3_test,35,22,35.733333333333334,0.9370879530906677,0.537827465559605
UBFC_PHYS_s04_T3_test,35,23,35.766666666666666,0.8911908268928528,0.9746015973509462
UBFC_PHYS_s04_T3_test,35,24,35.8,0.8084883689880371,1.2996647637102607
UBFC_PHYS_s04_T3_test,35,25,35.833333333333336,0.6907052397727966,1.480074847981466
UBFC_PHYS_s04_T3_test,35,26,35.86666666666667,0.5165398120880127,1.5070634665835134
UBFC_PHYS_s04_T3_test,35,27,35.9,0.28429651260375977,1.3957674361547954
UBFC_PHYS_s04_T3_test,35,28,35.93333333333333,0.0528230294585228,1.178740763096543
UBFC_PHYS_s04_T3_test,35,29,35.96666666666667,-0.12991765141487122,0.8952119294922192
UBFC_PHYS_s04_T3_test,35,30,36.0,-0.28512006998062134,0.5801017314028502
UBFC_PHYS_s04_T3_test,35,31,36.03333333333333,-0.48056772351264954,0.2570207064067905
UBFC_PHYS_s04_T3_test,35,32,36.06666666666667,-0.7574413418769836,-0.06248241088790639
UBFC_PHYS_s04_T3_test,35,33,36.1,-1.0128378868103027,-0.3740546839817672
UBFC_PHYS_s04_T3_test,35,34,36.13333333333333,-1.016014575958252,-0.6729440918627262
UBFC_PHYS_s04_T3_test,35,35,36.166666666666664,-0.6752455234527588,-0.9473442910181324
UBFC_PHYS_s04_T3_test,35,36,36.2,-0.18271395564079285,-1.1756205881400663
UBFC_PHYS_s04_T3_test,35,37,36.233333333333334,0.2213170975446701,-1.328644406289697
UBFC_PHYS_s04_T3_test,35,38,36.266666666666666,0.49505293369293213,-1.376517549965893
UBFC_PHYS_s04_T3_test,35,39,36.3,0.719968318939209,-1.2974571367570567
UBFC_PHYS_s04_T3_test,35,40,36.333333333333336,0.9085460305213928,-1.0859391372273703
UBFC_PHYS_s04_T3_test,35,41,36.36666666666667,1.0188647508621216,-0.7574148247790006
UBFC_PHYS_s04_T3_test,35,42,36.4,1.0558942556381226,-0.3478521639211799
UBFC_PHYS_s04_T3_test,35,43,36.43333333333333,1.0643526315689087,0.09223339825363838
UBFC_PHYS_s04_T3_test,35,44,36.46666666666667,1.0588078498840332,0.5079698452711907
UBFC_PHYS_s04_T3_test,35,45,36.5,1.0282098054885864,0.8516808241064048
UBFC_PHYS_s04_T3_test,35,46,36.53333333333333,0.9704048037528992,1.0920094263181943
UBFC_PHYS_s04_T3_test,35,47,36.56666666666667,0.8773339986801147,1.2175874332949885
UBFC_PHYS_s04_T3_test,35,48,36.6,0.7409289479255676,1.234822548664081
UBFC_PHYS_s04_T3_test,35,49,36.63333333333333,0.5782719254493713,1.1619597384335651
UBFC_PHYS_s04_T3_test,35,50,36.666666666666664,0.3970513939857483,1.022334528019667
UBFC_PHYS_s04_T3_test,35,51,36.7,0.19215147197246552,0.8389226560646803
UBFC_PHYS_s04_T3_test,35,52,36.733333333333334,-0.0071647935546934605,0.631064624968547
UBFC_PHYS_s04_T3_test,35,53,36.766666666666666,-0.16658662259578705,0.41323720265657177
UBFC_PHYS_s04_T3_test,35,54,36.8,-0.3224808871746063,0.19517270616164703
UBFC_PHYS_s04_T3_test,35,55,36.833333333333336,-0.5484194159507751,-0.017390714323190132
UBFC_PHYS_s04_T3_test,35,56,36.86666666666667,-0.8426676988601685,-0.22163508759804906
UBFC_PHYS_s04_T3_test,35,57,36.9,-1.0473045110702515,-0.41618382509332413
UBFC_PHYS_s04_T3_test,35,58,36.93333333333333,-0.9501897096633911,-0.5991383529901774
UBFC_PHYS_s04_T3_test,35,59,36.96666666666667,-0.5402047634124756,-0.7658708010733802
UBFC_PHYS_s04_T3_test,35,60,37.0,-0.06162742152810097,-0.9071883882492254
UBFC_PHYS_s04_T3_test,35,61,37.03333333333333,0.25966212153434753,-1.0087722982503322
UBFC_PHYS_s04_T3_test,35,62,37.06666666666667,0.44719716906547546,-1.052815200487179
UBFC_PHYS_s04_T3_test,35,63,37.1,0.6088504791259766,-1.0221974373379872
UBFC_PHYS_s04_T3_test,35,64,37.13333333333333,0.755711555480957,-0.9063450458751382
UBFC_PHYS_s04_T3_test,35,65,37.166666666666664,0.8405286073684692,-0.7068126845907158
UBFC_PHYS_s04_T3_test,35,66,37.2,0.8608461618423462,-0.44037896006345684
UBFC_PHYS_s04_T3_test,35,67,37.233333333333334,0.8505168557167053,-0.1381030774464927
UBFC_PHYS_s04_T3_test,35,68,37.266666666666666,0.8229883313179016,0.15995115881301142
UBFC_PHYS_s04_T3_test,35,69,37.3,0.7733784914016724,0.41309532446104513
UBFC_PHYS_s04_T3_test,35,70,37.333333333333336,0.6971367001533508,0.5889665434808835
UBFC_PHYS_s04_T3_test,35,71,37.36666666666667,0.5925769805908203,0.6701536463877471
UBFC_PHYS_s04_T3_test,35,72,37.4,0.4643184542655945,0.6565730148097911
UBFC_PHYS_s04_T3_test,35,73,37.43333333333333,0.3185098469257355,0.5634878675162981
UBFC_PHYS_s04_T3_test,35,74,37.46666666666667,0.1533484309911728,0.4167432825486627
UBFC_PHYS_s04_T3_test,35,75,37.5,-0.02625448629260063,0.24733361653444386
UBFC_PHYS_s04_T3_test,35,76,37.53333333333333,-0.1959763616323471,0.08658887348350817
UBFC_PHYS_s04_T3_test,35,77,37.56666666666667,-0.34819692373275757,-0.03794954182340419
UBFC_PHYS_s04_T3_test,35,78,37.6,-0.5223233699798584,-0.10637877146253986
UBFC_PHYS_s04_T3_test,35,79,37.63333333333333,-0.7652857303619385,-0.11005695455212776
UBFC_PHYS_s04_T3_test,35,80,37.666666666666664,-1.0273183584213257,-0.054323960351612036
UBFC_PHYS_s04_T3_test,35,81,37.7,-1.1167348623275757,0.04091427748737449
UBFC_PHYS_s04_T3_test,35,82,37.733333333333334,-0.8753121495246887,0.14397874367076127
UBFC_PHYS_s04_T3_test,35,83,37.766666666666666,-0.40343913435935974,0.21809550754779813
UBFC_PHYS_s04_T3_test,35,84,37.8,0.03443494811654091,0.2311070386274938
UBFC_PHYS_s04_T3_test,35,85,37.833333333333336,0.3207998275756836,0.16580011380866136
UBFC_PHYS_s04_T3_test,35,86,37.86666666666667,0.5029168725013733,0.027351787120351256
UBFC_PHYS_s04_T3_test,35,87,37.9,0.6347516775131226,-0.15542252778559087
UBFC_PHYS_s04_T3_test,35,88,37.93333333333333,0.7214592099189758,-0.33653415156271754
UBFC_PHYS_s04_T3_test,35,89,37.96666666666667,0.7613341808319092,-0.465614910508021
UBFC_PHYS_s04_T3_test,35,90,38.0,0.7651053667068481,-0.5028669580852818
UBFC_PHYS_s04_T3_test,35,91,38.03333333333333,0.7443493008613586,-0.4307945136756408
UBFC_PHYS_s04_T3_test,35,92,38.06666666666667,0.7051857113838196,-0.2585720854770305
UBFC_PHYS_s04_T3_test,35,93,38.1,0.6468252539634705,-0.01802928478731374
UBFC_PHYS_s04_T3_test,35,94,38.13333333333333,0.5676990151405334,0.24630051978261636
UBFC_PHYS_s04_T3_test,35,95,38.166666666666664,0.4665791988372803,0.48870832526637037
UBFC_PHYS_s04_T3_test,35,96,38.2,0.33294159173965454,0.6716272441080688
UBFC_PHYS_s04_T3_test,35,97,38.233333333333334,0.16025735437870026,0.7710041673988203
UBFC_PHYS_s04_T3_test,35,98,38.266666666666666,-0.020300528034567833,0.7778761601858839
UBFC_PHYS_s04_T3_test,35,99,38.3,-0.1691494584083557,0.6972037088607396
UBFC_PHYS_s04_T3_test,35,100,38.333333333333336,-0.30119866132736206,0.5449911242683191
UBFC_PHYS_s04_T3_test,35,101,38.36666666666667,-0.46927371621131897,0.34441507501695084
UBFC_PHYS_s04_T3_test,35,102,38.4,-0.7023161053657532,0.12162140795463677
UBFC_PHYS_s04_T3_test,35,103,38.43333333333333,-0.9365862607955933,-0.09811193191949606
UBFC_PHYS_s04_T3_test,35,104,38.46666666666667,-1.006279706954956,-0.29334935864756334
UBFC_PHYS_s04_T3_test,35,105,38.5,-0.7910115122795105,-0.4484862233528627
UBFC_PHYS_s04_T3_test,35,106,38.53333333333333,-0.37753796577453613,-0.5548866832571514
UBFC_PHYS_s04_T3_test,35,107,38.56666666666667,0.018707146868109703,-0.6112226935615902
UBFC_PHYS_s04_T3_test,35,108,38.6,0.29011404514312744,-0.6227309695520337
UBFC_PHYS_s04_T3_test,35,109,38.63333333333333,0.4509780704975128,-0.5990492783223427
UBFC_PHYS_s04_T3_test,35,110,38.666666666666664,0.5430256724357605,-0.5508614985066905
UBFC_PHYS_s04_T3_test,35,111,38.7,0.5913978815078735,-0.4863705202797745
UBFC_PHYS_s04_T3_test,35,112,38.733333333333334,0.6042705178260803,-0.4089871095804282
UBFC_PHYS_s04_T3_test,35,113,38.766666666666666,0.5770246386528015,-0.31730113868023946
UBFC_PHYS_s04_T3_test,35,114,38.8,0.5138113498687744,-0.2075055880153493
UBFC_PHYS_s04_T3_test,35,115,38.833333333333336,0.43939173221588135,-0.0773643987202598
UBFC_PHYS_s04_T3_test,35,116,38.86666666666667,0.3666384816169739,0.06995421212679728
UBFC_PHYS_s04_T3_test,35,117,38.9,0.26430055499076843,0.22392830312838635
UBFC_PHYS_s04_T3_test,35,118,38.93333333333333,0.1026667132973671,0.3676632039018523
UBFC_PHYS_s04_T3_test,35,119,38.96666666666667,-0.0826270580291748,0.4817341505784498
UBFC_PHYS_s04_T3_test,35,120,39.0,-0.23337619006633759,0.5497591877009345
UBFC_PHYS_s04_T3_test,35,121,39.03333333333333,-0.36320361495018005,0.5637911069003685
UBFC_PHYS_s04_T3_test,35,122,39.06666666666667,-0.5493841767311096,0.5273364718500325
UBFC_PHYS_s04_T3_test,35,123,39.1,-0.7950165867805481,0.45442547888094337
UBFC_PHYS_s04_T3_test,35,124,39.13333333333333,-0.9452199935913086,0.3647244074384888
UBFC_PHYS_s04_T3_test,35,125,39.166666666666664,-0.8201479315757751,0.27647309770126843
UBFC_PHYS_s04_T3_test,35,126,39.2,-0.4528345465660095,0.20007050175253055
UBFC_PHYS_s04_T3_test,35,127,39.233333333333334,-0.06623662263154984,0.1348546541561115
UBFC_PHYS_s04_T3_test,35,128,39.266666666666666,0.19748176634311676,0.07016311674965799
UBFC_PHYS_s04_T3_test,35,129,39.3,0.3698054552078247,-0.009976005291514187
UBFC_PHYS_s04_T3_test,35,130,39.333333333333336,0.4891379773616791,-0.12028150312881934
UBFC_PHYS_s04_T3_test,35,131,39.36666666666667,0.543493390083313,-0.2678722619785082
UBFC_PHYS_s04_T3_test,35,132,39.4,0.542168140411377,-0.44798881674047486
UBFC_PHYS_s04_T3_test,35,133,39.43333333333333,0.5114531517028809,-0.6429434327397894
UBFC_PHYS_s04_T3_test,35,134,39.46666666666667,0.45293673872947693,-0.8244712986101586
UBFC_PHYS_s04_T3_test,35,135,39.5,0.37629538774490356,-0.958788894726791
UBFC_PHYS_s04_T3_test,35,136,39.53333333333333,0.3140370547771454,-1.013255420527475
UBFC_PHYS_s04_T3_test,35,137,39.56666666666667,0.2506873607635498,-0.9635304542962855
UBFC_PHYS_s04_T3_test,35,138,39.6,0.1303219199180603,-0.8001687023579036
UBFC_PHYS_s04_T3_test,35,139,39.63333333333333,-0.0513760931789875,-0.5332165840787222
UBFC_PHYS_s04_T3_test,35,140,39.666666666666664,-0.23371724784374237,-0.19277431689321756
UBFC_PHYS_s04_T3_test,35,141,39.7,-0.3775574266910553,0.17599667508601582
UBFC_PHYS_s04_T3_test,35,142,39.733333333333334,-0.5207252502441406,0.5226468044150194
UBFC_PHYS_s04_T3_test,35,143,39.766666666666666,-0.7291624546051025,0.8027536013307448
UBFC_PHYS_s04_T3_test,35,144,39.8,-0.9719981551170349,0.9868326430212532
UBFC_PHYS_s04_T3_test,35,145,39.833333333333336,-1.0809136629104614,1.0640783995051064
UBFC_PHYS_s04_T3_test,35,146,39.86666666666667,-0.9079955816268921,1.0403484844872837
UBFC_PHYS_s04_T3_test,35,147,39.9,-0.5127931237220764,0.9321626046213922
UBFC_PHYS_s04_T3_test,35,148,39.93333333333333,-0.10771942883729935,0.7601110475342593
UBFC_PHYS_s04_T3_test,35,149,39.96666666666667,0.18139341473579407,0.5448137636916102
UBFC_PHYS_s04_T3_test,35,150,40.0,0.3818497955799103,0.3063169169834355
UBFC_PHYS_s04_T3_test,35,151,40.03333333333333,0.5292468070983887,0.06537468171380273
UBFC_PHYS_s04_T3_test,35,152,40.06666666666667,0.6161102652549744,-0.15571933122161938
UBFC_PHYS_s04_T3_test,35,153,40.1,0.6489593386650085,-0.33425126705788566
UBFC_PHYS_s04_T3_test,35,154,40.13333333333333,0.6518632173538208,-0.4502518061600702
UBFC_PHYS_s04_T3_test,35,155,40.166666666666664,0.6337966918945312,-0.4906613057563463
UBFC_PHYS_s04_T3_test,35,156,40.2,0.5859019756317139,-0.4529799002466589
UBFC_PHYS_s04_T3_test,35,157,40.233333333333334,0.5064736008644104,-0.34704583486280827
UBFC_PHYS_s04_T3_test,35,158,40.266666666666666,0.41081079840660095,-0.19413284021999275
UBFC_PHYS_s04_T3_test,35,159,40.3,0.30326926708221436,-0.02333515615455149
UBFC_PHYS_s04_T3_test,35,160,40.333333333333336,0.1730228066444397,0.1339670803865861
UBFC_PHYS_s04_T3_test,35,161,40.36666666666667,0.02677568420767784,0.25022892144735376
UBFC_PHYS_s04_T3_test,35,162,40.4,-0.11869186162948608,0.3070472473365163
UBFC_PHYS_s04_T3_test,35,163,40.43333333333333,-0.26012513041496277,0.29845898859295283
UBFC_PHYS_s04_T3_test,35,164,40.46666666666667,-0.3975241482257843,0.2313517523835293
UBFC_PHYS_s04_T3_test,35,165,40.5,-0.5349231362342834,0.1227601093881735
UBFC_PHYS_s04_T3_test,35,166,40.53333333333333,-0.7072858214378357,-0.00512157751602931
UBFC_PHYS_s04_T3_test,35,167,40.56666666666667,-0.9317432045936584,-0.13052320761354919
UBFC_PHYS_s04_T3_test,35,168,40.6,-1.1041935682296753,-0.2365446690724895
UBFC_PHYS_s04_T3_test,35,169,40.63333333333333,-1.0422762632369995,-0.3133889502663793
UBFC_PHYS_s04_T3_test,35,170,40.666666666666664,-0.7101312279701233,-0.35820895112707213
UBFC_PHYS_s04_T3_test,35,171,40.7,-0.28813114762306213,-0.37313794930920985
UBFC_PHYS_s04_T3_test,35,172,40.733333333333334,0.04692754149436951,-0.3624719338454338
UBFC_PHYS_s04_T3_test,35,173,40.766666666666666,0.27189162373542786,-0.33008389275556527
UBFC_PHYS_s04_T3_test,35,174,40.8,0.434266060590744,-0.2780366057934463
UBFC_PHYS_s04_T3_test,35,175,40.833333333333336,0.5531600713729858,-0.2068719024744867
UBFC_PHYS_s04_T3_test,35,176,40.86666666666667,0.6236720681190491,-0.11722033608951858
UBFC_PHYS_s04_T3_test,35,177,40.9,0.6434633731842041,-0.01174291535383937
UBFC_PHYS_s04_T3_test,35,178,40.93333333333333,0.6275016665458679,0.10356788156155944
UBFC_PHYS_s04_T3_test,35,179,40.96666666666667,0.5956660509109497,0.21927896465193147
UBFC_PHYS_s04_T3_test,35,180,41.0,0.5585682988166809,0.3237136438393937
UBFC_PHYS_s04_T3_test,35,181,41.03333333333333,0.5177091360092163,0.40508491902160804
UBFC_PHYS_s04_T3_test,35,182,41.06666666666667,0.4498476982116699,0.45366441748695246
UBFC_PHYS_s04_T3_test,35,183,41.1,0.33101215958595276,0.4629860036399065
UBFC_PHYS_s04_T3_test,35,184,41.13333333333333,0.1934962272644043,0.4297216183233251
UBFC_PHYS_s04_T3_test,35,185,41.166666666666664,0.08605214953422546,0.35278005228795106
UBFC_PHYS_s04_T3_test,35,186,41.2,-0.012485350482165813,0.23268591935900973
UBFC_PHYS_s04_T3_test,35,187,41.233333333333334,-0.15072239935398102,0.07213842325662921
UBFC_PHYS_s04_T3_test,35,188,41.266666666666666,-0.3068700432777405,-0.12205926320301579
UBFC_PHYS_s04_T3_test,35,189,41.3,-0.42889204621315,-0.33646168928114834
UBFC_PHYS_s04_T3_test,35,190,41.333333333333336,-0.5339487195014954,-0.549351271579296
UBFC_PHYS_s04_T3_test,35,191,41.36666666666667,-0.685935378074646,-0.7316255253420433
UBFC_PHYS_s04_T3_test,35,192,41.4,-0.8943823575973511,-0.8510272643136786
UBFC_PHYS_s04_T3_test,35,193,41.43333333333333,-1.0412434339523315,-0.8791590974636465
UBFC_PHYS_s04_T3_test,35,194,41.46666666666667,-0.9580926299095154,-0.7993416457013262
UBFC_PHYS_s04_T3_test,35,195,41.5,-0.6224784851074219,-0.612671496923824
UBFC_PHYS_s04_T3_test,35,196,41.53333333333333,-0.21180161833763123,-0.33999219760734384
UBFC_PHYS_s04_T3_test,35,197,41.56666666666667,0.09377963095903397,-0.01870849860400941
UBFC_PHYS_s04_T3_test,35,198,41.6,0.2686271667480469,0.305020072956044
UBFC_PHYS_s04_T3_test,35,199,41.63333333333333,0.3688504993915558,0.5865590309231176
UBFC_PHYS_s04_T3_test,35,200,41.666666666666664,0.43622472882270813,0.792268709462051
UBFC_PHYS_s04_T3_test,35,201,41.7,0.4770059287548065,0.9049267621136703
UBFC_PHYS_s04_T3_test,35,202,41.733333333333334,0.48205363750457764,0.9234356223570067
UBFC_PHYS_s04_T3_test,35,203,41.766666666666666,0.44824957847595215,0.8576771693155348
UBFC_PHYS_s04_T3_test,35,204,41.8,0.38912904262542725,0.7216294129019599
UBFC_PHYS_s04_T3_test,35,205,41.833333333333336,0.32684147357940674,0.5284007591819895
UBFC_PHYS_s04_T3_test,35,206,41.86666666666667,0.2677404284477234,0.2892167957648143
UBFC_PHYS_s04_T3_test,35,207,41.9,0.18446297943592072,0.015997392776150234
UBFC_PHYS_s04_T3_test,35,208,41.93333333333333,0.048340506851673126,-0.2744003677091408
UBFC_PHYS_s04_T3_test,35,209,41.96666666666667,-0.11244556307792664,-0.5567256727624945
UBFC_PHYS_s04_T3_test,35,210,42.0,-0.2406846433877945,-0.7969872052474942
UBFC_PHYS_s04_T3_test,35,211,42.03333333333333,-0.33956319093704224,-0.9566838801031794
UBFC_PHYS_s04_T3_test,35,212,42.06666666666667,-0.4688936769962311,-1.0013844528639544
UBFC_PHYS_s04_T3_test,35,213,42.1,-0.6444915533065796,-0.9112437673794924
UBFC_PHYS_s04_T3_test,35,214,42.13333333333333,-0.7784019708633423,-0.6893213683743104
UBFC_PHYS_s04_T3_test,35,215,42.166666666666664,-0.7272330522537231,-0.36371112812844963
UBFC_PHYS_s04_T3_test,35,216,42.2,-0.45628413558006287,0.018000012468702583
UBFC_PHYS_s04_T3_test,35,217,42.233333333333334,-0.10851848870515823,0.4000410346107369
UBFC_PHYS_s04_T3_test,35,218,42.266666666666666,0.16212832927703857,0.7313740595368428
UBFC_PHYS_s04_T3_test,35,219,42.3,0.34241336584091187,0.9757958747699285
UBFC_PHYS_s04_T3_test,35,220,42.333333333333336,0.46901535987854004,1.1163022179923572
UBFC_PHYS_s04_T3_test,35,221,42.36666666666667,0.5308059453964233,1.1531527175548824
UBFC_PHYS_s04_T3_test,35,222,42.4,0.5291590690612793,1.0973169905301083
UBFC_PHYS_s04_T3_test,35,223,42.43333333333333,0.5151852965354919,0.9626208059736462
UBFC_PHYS_s04_T3_test,35,224,42.46666666666667,0.5100498795509338,0.7604947586932849
UBFC_PHYS_s04_T3_test,35,225,42.5,0.48212185502052307,0.49994246677314524
UBFC_PHYS_s04_T3_test,35,226,42.53333333333333,0.4333403408527374,0.19227398968518056
UBFC_PHYS_s04_T3_test,35,227,42.56666666666667,0.39656415581703186,-0.14273117745291228
UBFC_PHYS_s04_T3_test,35,228,42.6,0.34659379720687866,-0.4733441227164703
UBFC_PHYS_s04_T3_test,35,229,42.63333333333333,0.23670382797718048,-0.7579644666782505
UBFC_PHYS_s04_T3_test,35,230,42.666666666666664,0.08493152260780334,-0.9533983774023832
UBFC_PHYS_s04_T3_test,35,231,42.7,-0.04782905429601669,-1.0273582846453817
UBFC_PHYS_s04_T3_test,35,232,42.733333333333334,-0.13747946918010712,-0.9708303718287673
UBFC_PHYS_s04_T3_test,35,233,42.766666666666666,-0.22616517543792725,-0.8049487004648033
UBFC_PHYS_s04_T3_test,35,234,42.8,-0.3707751929759979,-0.5782676250636073
UBFC_PHYS_s04_T3_test,35,235,42.833333333333336,-0.5367746353149414,-0.35373508786969543
UBFC_PHYS_s04_T3_test,35,236,42.86666666666667,-0.5693508386611938,-0.18905747571501194
UBFC_PHYS_s04_T3_test,35,237,42.9,-0.3405474126338959,-0.11749776567965936
UBFC_PHYS_s04_T3_test,35,238,42.93333333333333,0.07687272876501083,-0.1366564344986971
UBFC_PHYS_s04_T3_test,35,239,42.96666666666667,0.4982881546020508,-0.20990787865475097
UBFC_PHYS_s04_T3_test,36,0,36.0,-0.28512006998062134,-0.10728725930580466
UBFC_PHYS_s04_T3_test,36,1,36.03333333333333,-0.48056772351264954,-0.29735309053500175
UBFC_PHYS_s04_T3_test,36,2,36.06666666666667,-0.7574413418769836,-0.4885231322524111
UBFC_PHYS_s04_T3_test,36,3,36.1,-1.0128378868103027,-0.6804874908614631
UBFC_PHYS_s04_T3_test,36,4,36.13333333333333,-1.016014575958252,-0.8648373060234082
UBFC_PHYS_s04_T3_test,36,5,36.166666666666664,-0.6752455234527588,-1.0229266881797392
UBFC_PHYS_s04_T3_test,36,6,36.2,-0.18271395564079285,-1.1264699194610208
UBFC_PHYS_s04_T3_test,36,7,36.233333333333334,0.2213170975446701,-1.1422343857128894
UBFC_PHYS_s04_T3_test,36,8,36.266666666666666,0.49505293369293213,-1.0408823597483483
UBFC_PHYS_s04_T3_test,36,9,36.3,0.719968318939209,-0.8077760851792267
UBFC_PHYS_s04_T3_test,36,10,36.333333333333336,0.9085460305213928,-0.45177344919993984
UBFC_PHYS_s04_T3_test,36,11,36.36666666666667,1.0188647508621216,-0.007914781033796186
UBFC_PHYS_s04_T3_test,36,12,36.4,1.0558942556381226,0.4681039038393848
UBFC_PHYS_s04_T3_test,36,13,36.43333333333333,1.0643526315689087,0.912314403235132
UBFC_PHYS_s04_T3_test,36,14,36.46666666666667,1.0588078498840332,1.267115020624637
UBFC_PHYS_s04_T3_test,36,15,36.5,1.0282098054885864,1.4927749023457668
UBFC_PHYS_s04_T3_test,36,16,36.53333333333333,0.9704048037528992,1.5727987535659227
UBFC_PHYS_s04_T3_test,36,17,36.56666666666667,0.8773339986801147,1.513345368066122
UBFC_PHYS_s04_T3_test,36,18,36.6,0.7409289479255676,1.3383965781800924
UBFC_PHYS_s04_T3_test,36,19,36.63333333333333,0.5782719254493713,1.0824208500122003
UBFC_PHYS_s04_T3_test,36,20,36.666666666666664,0.3970513939857483,0.7821899476656793
UBFC_PHYS_s04_T3_test,36,21,36.7,0.19215147197246552,0.4695077267218746
UBFC_PHYS_s04_T3_test,36,22,36.733333333333334,-0.0071647935546934605,0.16651106777046304
UBFC_PHYS_s04_T3_test,36,23,36.766666666666666,-0.16658662259578705,-0.11552756427374648
UBFC_PHYS_s04_T3_test,36,24,36.8,-0.3224808871746063,-0.3742681144789359
UBFC_PHYS_s04_T3_test,36,25,36.833333333333336,-0.5484194159507751,-0.612582752146114
UBFC_PHYS_s04_T3_test,36,26,36.86666666666667,-0.8426676988601685,-0.8343404104354153
UBFC_PHYS_s04_T3_test,36,27,36.9,-1.0473045110702515,-1.0404385115534205
UBFC_PHYS_s04_T3_test,36,28,36.93333333333333,-0.9501897096633911,-1.2255634215208453
UBFC_PHYS_s04_T3_test,36,29,36.96666666666667,-0.5402047634124756,-1.3762455186411249
UBFC_PHYS_s04_T3_test,36,30,37.0,-0.06162742152810097,-1.470892149477598
UBFC_PHYS_s04_T3_test,36,31,37.03333333333333,0.25966212153434753,-1.482482781953223
UBFC_PHYS_s04_T3_test,36,32,37.06666666666667,0.44719716906547546,-1.3843321723864828
UBFC_PHYS_s04_T3_test,36,33,37.1,0.6088504791259766,-1.1584383661830528
UBFC_PHYS_s04_T3_test,36,34,37.13333333333333,0.755711555480957,-0.8044635810212488
UBFC_PHYS_s04_T3_test,36,35,37.166666666666664,0.8405286073684692,-0.3461411641463426
UBFC_PHYS_s04_T3_test,36,36,37.2,0.8608461618423462,0.16819547855114303
UBFC_PHYS_s04_T3_test,36,37,37.233333333333334,0.8505168557167053,0.6728372909920947
UBFC_PHYS_s04_T3_test,36,38,37.266666666666666,0.8229883313179016,1.0988768215788456
UBFC_PHYS_s04_T3_test,36,39,37.3,0.7733784914016724,1.3914433891765439
UBFC_PHYS_s04_T3_test,36,40,37.333333333333336,0.6971367001533508,1.5239169189324713
UBFC_PHYS_s04_T3_test,36,41,37.36666666666667,0.5925769805908203,1.503319635103123
UBFC_PHYS_s04_T3_test,36,42,37.4,0.4643184542655945,1.364397028156371
UBFC_PHYS_s04_T3_test,36,43,37.43333333333333,0.3185098469257355,1.1548660431434268
UBFC_PHYS_s04_T3_test,36,44,37.46666666666667,0.1533484309911728,0.918380245095572
UBFC_PHYS_s04_T3_test,36,45,37.5,-0.02625448629260063,0.682438864111866
UBFC_PHYS_s04_T3_test,36,46,37.53333333333333,-0.1959763616323471,0.4551556495705147
UBFC_PHYS_s04_T3_test,36,47,37.56666666666667,-0.34819692373275757,0.23004528798697788
UBFC_PHYS_s04_T3_test,36,48,37.6,-0.5223233699798584,-0.005094703045016451
UBFC_PHYS_s04_T3_test,36,49,37.63333333333333,-0.7652857303619385,-0.2595107895268014
UBFC_PHYS_s04_T3_test,36,50,37.666666666666664,-1.0273183584213257,-0.5337411315161343
UBFC_PHYS_s04_T3_test,36,51,37.7,-1.1167348623275757,-0.8174053319413019
UBFC_PHYS_s04_T3_test,36,52,37.733333333333334,-0.8753121495246887,-1.0898248274570723
UBFC_PHYS_s04_T3_test,36,53,37.766666666666666,-0.40343913435935974,-1.3224400466483037
UBFC_PHYS_s04_T3_test,36,54,37.8,0.03443494811654091,-1.4823284450052878
UBFC_PHYS_s04_T3_test,36,55,37.833333333333336,0.3207998275756836,-1.5367924723065698
UBFC_PHYS_s04_T3_test,36,56,37.86666666666667,0.5029168725013733,-1.4594817748821998
UBFC_PHYS_s04_T3_test,36,57,37.9,0.6347516775131226,-1.2380495570176135
UBFC_PHYS_s04_T3_test,36,58,37.93333333333333,0.7214592099189758,-0.8817013861548049
UBFC_PHYS_s04_T3_test,36,59,37.96666666666667,0.7613341808319092,-0.42519189732347595
UBFC_PHYS_s04_T3_test,36,60,38.0,0.7651053667068481,0.0744890236304337
UBFC_PHYS_s04_T3_test,36,61,38.03333333333333,0.7443493008613586,0.5499679719759
UBFC_PHYS_s04_T3_test,36,62,38.06666666666667,0.7051857113838196,0.9403624988778155
UBFC_PHYS_s04_T3_test,36,63,38.1,0.6468252539634705,1.206282022632069
UBFC_PHYS_s04_T3_test,36,64,38.13333333333333,0.5676990151405334,1.3369746733105883
UBFC_PHYS_s04_T3_test,36,65,38.166666666666664,0.4665791988372803,1.3477526595013798
UBFC_PHYS_s04_T3_test,36,66,38.2,0.33294159173965454,1.2701278445791708
UBFC_PHYS_s04_T3_test,36,67,38.233333333333334,0.16025735437870026,1.1394295356156543
UBFC_PHYS_s04_T3_test,36,68,38.266666666666666,-0.020300528034567833,0.9844414198002062
UBFC_PHYS_s04_T3_test,36,69,38.3,-0.1691494584083557,0.8217598685309283
UBFC_PHYS_s04_T3_test,36,70,38.333333333333336,-0.30119866132736206,0.6555330550517252
UBFC_PHYS_s04_T3_test,36,71,38.36666666666667,-0.46927371621131897,0.48158712607328186
UBFC_PHYS_s04_T3_test,36,72,38.4,-0.7023161053657532,0.29378658074331043
UBFC_PHYS_s04_T3_test,36,73,38.43333333333333,-0.9365862607955933,0.08994920363988104
UBFC_PHYS_s04_T3_test,36,74,38.46666666666667,-1.006279706954956,-0.12507554093845208
UBFC_PHYS_s04_T3_test,36,75,38.5,-0.7910115122795105,-0.3403110027439572
UBFC_PHYS_s04_T3_test,36,76,38.53333333333333,-0.37753796577453613,-0.5427661787882292
UBFC_PHYS_s04_T3_test,36,77,38.56666666666667,0.018707146868109703,-0.7223515906653764
UBFC_PHYS_s04_T3_test,36,78,38.6,0.29011404514312744,-0.8748049222150643
UBFC_PHYS_s04_T3_test,36,79,38.63333333333333,0.4509780704975128,-1.0009011666389274
UBFC_PHYS_s04_T3_test,36,80,38.666666666666664,0.5430256724357605,-1.1022077773331134
UBFC_PHYS_s04_T3_test,36,81,38.7,0.5913978815078735,-1.17548260241857
UBFC_PHYS_s04_T3_test,36,82,38.733333333333334,0.6042705178260803,-1.2085822614648343
UBFC_PHYS_s04_T3_test,36,83,38.766666666666666,0.5770246386528015,-1.180293109393919
UBFC_PHYS_s04_T3_test,36,84,38.8,0.5138113498687744,-1.0651378959837776
UBFC_PHYS_s04_T3_test,36,85,38.833333333333336,0.43939173221588135,-0.8423541770115718
UBFC_PHYS_s04_T3_test,36,86,38.86666666666667,0.3666384816169739,-0.5063872505930298
UBFC_PHYS_s04_T3_test,36,87,38.9,0.26430055499076843,-0.07500573993246684
UBFC_PHYS_s04_T3_test,36,88,38.93333333333333,0.1026667132973671,0.4088301283400487
UBFC_PHYS_s04_T3_test,36,89,38.96666666666667,-0.0826270580291748,0.8834575199351923
UBFC_PHYS_s04_T3_test,36,90,39.0,-0.23337619006633759,1.282245562830854
UBFC_PHYS_s04_T3_test,36,91,39.03333333333333,-0.36320361495018005,1.550211393982644
UBFC_PHYS_s04_T3_test,36,92,39.06666666666667,-0.5493841767311096,1.6575604195579028
UBFC_PHYS_s04_T3_test,36,93,39.1,-0.7950165867805481,1.605172160472298
UBFC_PHYS_s04_T3_test,36,94,39.13333333333333,-0.9452199935913086,1.4203200930480349
UBFC_PHYS_s04_T3_test,36,95,39.166666666666664,-0.8201479315757751,1.1449108627554605
UBFC_PHYS_s04_T3_test,36,96,39.2,-0.4528345465660095,0.8213476158551294
UBFC_PHYS_s04_T3_test,36,97,39.233333333333334,-0.06623662263154984,0.4815344096761201
UBFC_PHYS_s04_T3_test,36,98,39.266666666666666,0.19748176634311676,0.14250541317208004
UBFC_PHYS_s04_T3_test,36,99,39.3,0.3698054552078247,-0.1910090483833638
UBFC_PHYS_s04_T3_test,36,100,39.333333333333336,0.4891379773616791,-0.5194404300336171
UBFC_PHYS_s04_T3_test,36,101,39.36666666666667,0.543493390083313,-0.8402868685051914
UBFC_PHYS_s04_T3_test,36,102,39.4,0.542168140411377,-1.1423824053535336
UBFC_PHYS_s04_T3_test,36,103,39.43333333333333,0.5114531517028809,-1.4043573972295842
UBFC_PHYS_s04_T3_test,36,104,39.46666666666667,0.45293673872947693,-1.5972446284381576
UBFC_PHYS_s04_T3_test,36,105,39.5,0.37629538774490356,-1.689949760741117
UBFC_PHYS_s04_T3_test,36,106,39.53333333333333,0.3140370547771454,-1.656144248709073
UBFC_PHYS_s04_T3_test,36,107,39.56666666666667,0.2506873607635498,-1.4813600868142145
UBFC_PHYS_s04_T3_test,36,108,39.6,0.1303219199180603,-1.1688847253963353
UBFC_PHYS_s04_T3_test,36,109,39.63333333333333,-0.0513760931789875,-0.7426400217347423
UBFC_PHYS_s04_T3_test,36,110,39.666666666666664,-0.23371724784374237,-0.2453241349082199
UBFC_PHYS_s04_T3_test,36,111,39.7,-0.3775574266910553,0.26864989470436734
UBFC_PHYS_s04_T3_test,36,112,39.733333333333334,-0.5207252502441406,0.7436750125882758
UBFC_PHYS_s04_T3_test,36,113,39.766666666666666,-0.7291624546051025,1.1335168680267578
UBFC_PHYS_s04_T3_test,36,114,39.8,-0.9719981551170349,1.4086563628113216
UBFC_PHYS_s04_T3_test,36,115,39.833333333333336,-1.0809136629104614,1.5586840522612224
UBFC_PHYS_s04_T3_test,36,116,39.86666666666667,-0.9079955816268921,1.5898599330515368
UBFC_PHYS_s04_T3_test,36,117,39.9,-0.5127931237220764,1.5194633291015882
UBFC_PHYS_s04_T3_test,36,118,39.93333333333333,-0.10771942883729935,1.3694057058813076
UBFC_PHYS_s04_T3_test,36,119,39.96666666666667,0.18139341473579407,1.1613806827779363
UBFC_PHYS_s04_T3_test,36,120,40.0,0.3818497955799103,0.9146024698756064
UBFC_PHYS_s04_T3_test,36,121,40.03333333333333,0.5292468070983887,0.6457216668257635
UBFC_PHYS_s04_T3_test,36,122,40.06666666666667,0.6161102652549744,0.369666667824849
UBFC_PHYS_s04_T3_test,36,123,40.1,0.6489593386650085,0.1001793763413325
UBFC_PHYS_s04_T3_test,36,124,40.13333333333333,0.6518632173538208,-0.1505496926063644
UBFC_PHYS_s04_T3_test,36,125,40.166666666666664,0.6337966918945312,-0.3729195819851812
UBFC_PHYS_s04_T3_test,36,126,40.2,0.5859019756317139,-0.5608453600720879
UBFC_PHYS_s04_T3_test,36,127,40.233333333333334,0.5064736008644104,-0.7118122910575383
UBFC_PHYS_s04_T3_test,36,128,40.266666666666666,0.41081079840660095,-0.8258766351317761
UBFC_PHYS_s04_T3_test,36,129,40.3,0.30326926708221436,-0.9041034544108157
UBFC_PHYS_s04_T3_test,36,130,40.333333333333336,0.1730228066444397,-0.9472310569350246
UBFC_PHYS_s04_T3_test,36,131,40.36666666666667,0.02677568420767784,-0.9552395657512932
UBFC_PHYS_s04_T3_test,36,132,40.4,-0.11869186162948608,-0.9281030586439123
UBFC_PHYS_s04_T3_test,36,133,40.43333333333333,-0.26012513041496277,-0.8673097130755894
UBFC_PHYS_s04_T3_test,36,134,40.46666666666667,-0.3975241482257843,-0.7769937364690152
UBFC_PHYS_s04_T3_test,36,135,40.5,-0.5349231362342834,-0.6635421523822719
UBFC_PHYS_s04_T3_test,36,136,40.53333333333333,-0.7072858214378357,-0.5336732375285937
UBFC_PHYS_s04_T3_test,36,137,40.56666666666667,-0.9317432045936584,-0.3922852159137623
UBFC_PHYS_s04_T3_test,36,138,40.6,-1.1041935682296753,-0.24167847679906088
UBFC_PHYS_s04_T3_test,36,139,40.63333333333333,-1.0422762632369995,-0.08285866537325048
UBFC_PHYS_s04_T3_test,36,140,40.666666666666664,-0.7101312279701233,0.08181435182669737
UBFC_PHYS_s04_T3_test,36,141,40.7,-0.28813114762306213,0.24627167677240477
UBFC_PHYS_s04_T3_test,36,142,40.733333333333334,0.04692754149436951,0.400074753138464
UBFC_PHYS_s04_T3_test,36,143,40.766666666666666,0.27189162373542786,0.5300442135831623
UBFC_PHYS_s04_T3_test,36,144,40.8,0.434266060590744,0.6240572488165649
UBFC_PHYS_s04_T3_test,36,145,40.833333333333336,0.5531600713729858,0.6759017466195661
UBFC_PHYS_s04_T3_test,36,146,40.86666666666667,0.6236720681190491,0.6887731689212447
UBFC_PHYS_s04_T3_test,36,147,40.9,0.6434633731842041,0.6748724457333479
UBFC_PHYS_s04_T3_test,36,148,40.93333333333333,0.6275016665458679,0.650567999598111
UBFC_PHYS_s04_T3_test,36,149,40.96666666666667,0.5956660509109497,0.6292487731891682
UBFC_PHYS_s04_T3_test,36,150,41.0,0.5585682988166809,0.6152610988633433
UBFC_PHYS_s04_T3_test,36,151,41.03333333333333,0.5177091360092163,0.6016382539625161
UBFC_PHYS_s04_T3_test,36,152,41.06666666666667,0.4498476982116699,0.572376812549131
UBFC_PHYS_s04_T3_test,36,153,41.1,0.33101215958595276,0.5079901366678906
UBFC_PHYS_s04_T3_test,36,154,41.13333333333333,0.1934962272644043,0.3920137229483516
UBFC_PHYS_s04_T3_test,36,155,41.166666666666664,0.08605214953422546,0.2163332249622475
UBFC_PHYS_s04_T3_test,36,156,41.2,-0.012485350482165813,-0.01576333040673636
UBFC_PHYS_s04_T3_test,36,157,41.233333333333334,-0.15072239935398102,-0.2888763199461948
UBFC_PHYS_s04_T3_test,36,158,41.266666666666666,-0.3068700432777405,-0.5767786957365688
UBFC_PHYS_s04_T3_test,36,159,41.3,-0.42889204621315,-0.8454244699606248
UBFC_PHYS_s04_T3_test,36,160,41.333333333333336,-0.5339487195014954,-1.0575324465737743
UBFC_PHYS_s04_T3_test,36,161,41.36666666666667,-0.685935378074646,-1.17847704884567
UBFC_PHYS_s04_T3_test,36,162,41.4,-0.8943823575973511,-1.1828095746329026
UBFC_PHYS_s04_T3_test,36,163,41.43333333333333,-1.0412434339523315,-1.0601641809190794
UBFC_PHYS_s04_T3_test,36,164,41.46666666666667,-0.9580926299095154,-0.8189044311323733
UBFC_PHYS_s04_T3_test,36,165,41.5,-0.6224784851074219,-0.48609891578229375
UBFC_PHYS_s04_T3_test,36,166,41.53333333333333,-0.21180161833763123,-0.10341422882146642
UBFC_PHYS_s04_T3_test,36,167,41.56666666666667,0.09377963095903397,0.280264088724372
UBFC_PHYS_s04_T3_test,36,168,41.6,0.2686271667480469,0.6178144094913658
UBFC_PHYS_s04_T3_test,36,169,41.63333333333333,0.3688504993915558,0.8722987125449339
UBFC_PHYS_s04_T3_test,36,170,41.666666666666664,0.43622472882270813,1.0224862789150149
UBFC_PHYS_s04_T3_test,36,171,41.7,0.4770059287548065,1.0638068750864589
UBFC_PHYS_s04_T3_test,36,172,41.733333333333334,0.48205363750457764,1.004750834386067
UBFC_PHYS_s04_T3_test,36,173,41.766666666666666,0.44824957847595215,0.8606395696884823
UBFC_PHYS_s04_T3_test,36,174,41.8,0.38912904262542725,0.6477153067475352
UBFC_PHYS_s04_T3_test,36,175,41.833333333333336,0.32684147357940674,0.3801491557229205
UBFC_PHYS_s04_T3_test,36,176,41.86666666666667,0.2677404284477234,0.07103085077939747
UBFC_PHYS_s04_T3_test,36,177,41.9,0.18446297943592072,-0.26357152720689647
UBFC_PHYS_s04_T3_test,36,178,41.93333333333333,0.048340506851673126,-0.5999269036961382
UBFC_PHYS_s04_T3_test,36,179,41.96666666666667,-0.11244556307792664,-0.9042981379720042
UBFC_PHYS_s04_T3_test,36,180,42.0,-0.2406846433877945,-1.13521238195214
UBFC_PHYS_s04_T3_test,36,181,42.03333333333333,-0.33956319093704224,-1.250844516351675
UBFC_PHYS_s04_T3_test,36,182,42.06666666666667,-0.4688936769962311,-1.219728010972283
UBFC_PHYS_s04_T3_test,36,183,42.1,-0.6444915533065796,-1.0311776003834512
UBFC_PHYS_s04_T3_test,36,184,42.13333333333333,-0.7784019708633423,-0.7013685263404246
UBFC_PHYS_s04_T3_test,36,185,42.166666666666664,-0.7272330522537231,-0.27239287200693774
UBFC_PHYS_s04_T3_test,36,186,42.2,-0.45628413558006287,0.1956640022694927
UBFC_PHYS_s04_T3_test,36,187,42.233333333333334,-0.10851848870515823,0.6369941134063608
UBFC_PHYS_s04_T3_test,36,188,42.266666666666666,0.16212832927703857,0.9929203178976256
UBFC_PHYS_s04_T3_test,36,189,42.3,0.34241336584091187,1.2219696931122208
UBFC_PHYS_s04_T3_test,36,190,42.333333333333336,0.46901535987854004,1.3050817028437143
UBFC_PHYS_s04_T3_test,36,191,42.36666666666667,0.5308059453964233,1.2453628093335338
UBFC_PHYS_s04_T3_test,36,192,42.4,0.5291590690612793,1.06314850409258
UBFC_PHYS_s04_T3_test,36,193,42.43333333333333,0.5151852965354919,0.7883627862634459
UBFC_PHYS_s04_T3_test,36,194,42.46666666666667,0.5100498795509338,0.45311737068600916
UBFC_PHYS_s04_T3_test,36,195,42.5,0.48212185502052307,0.08736298767512661
UBFC_PHYS_s04_T3_test,36,196,42.53333333333333,0.4333403408527374,-0.2812584636879355
UBFC_PHYS_s04_T3_test,36,197,42.56666666666667,0.39656415581703186,-0.6245663540536587
UBFC_PHYS_s04_T3_test,36,198,42.6,0.34659379720687866,-0.9109113291748567
UBFC_PHYS_s04_T3_test,36,199,42.63333333333333,0.23670382797718048,-1.1052899588524152
UBFC_PHYS_s04_T3_test,36,200,42.666666666666664,0.08493152260780334,-1.1742073227368994
UBFC_PHYS_s04_T3_test,36,201,42.7,-0.04782905429601669,-1.0944923699007032
UBFC_PHYS_s04_T3_test,36,202,42.733333333333334,-0.13747946918010712,-0.8628268200322379
UBFC_PHYS_s04_T3_test,36,203,42.766666666666666,-0.22616517543792725,-0.5017289309959212
UBFC_PHYS_s04_T3_test,36,204,42.8,-0.3707751929759979,-0.05882359911387193
UBFC_PHYS_s04_T3_test,36,205,42.833333333333336,-0.5367746353149414,0.4012962527502887
UBFC_PHYS_s04_T3_test,36,206,42.86666666666667,-0.5693508386611938,0.8106741491040982
UBFC_PHYS_s04_T3_test,36,207,42.9,-0.3405474126338959,1.1130041611918966
UBFC_PHYS_s04_T3_test,36,208,42.93333333333333,0.07687272876501083,1.2750042653660032
UBFC_PHYS_s04_T3_test,36,209,42.96666666666667,0.4982881546020508,1.2901453372431233
UBFC_PHYS_s04_T3_test,36,210,43.0,0.8549993634223938,1.1739267307897643
UBFC_PHYS_s04_T3_test,36,211,43.03333333333333,1.1900677680969238,0.9535787044247748
UBFC_PHYS_s04_T3_test,36,212,43.06666666666667,1.495873212814331,0.6572079337333974
UBFC_PHYS_s04_T3_test,36,213,43.1,1.6932209730148315,0.3070606200994621
UBFC_PHYS_s04_T3_test,36,214,43.13333333333333,1.7105274200439453,-0.08087224688901934
UBFC_PHYS_s04_T3_test,36,215,43.166666666666664,1.5726412534713745,-0.49181489308149157
UBFC_PHYS_s04_T3_test,36,216,43.2,1.4007949829101562,-0.904941131815272
UBFC_PHYS_s04_T3_test,36,217,43.233333333333334,1.2642242908477783,-1.2879000379388488
UBFC_PHYS_s04_T3_test,36,218,43.266666666666666,1.1118477582931519,-1.5964645059315417
UBFC_PHYS_s04_T3_test,36,219,43.3,0.8968330025672913,-1.7807520446557403
UBFC_PHYS_s04_T3_test,36,220,43.333333333333336,0.6245880722999573,-1.7969746174228045
UBFC_PHYS_s04_T3_test,36,221,43.36666666666667,0.3006284832954407,-1.6214267579895403
UBFC_PHYS_s04_T3_test,36,222,43.4,-0.04408712312579155,-1.2621492695738614
UBFC_PHYS_s04_T3_test,36,223,43.43333333333333,-0.3558269739151001,-0.7636565804542287
UBFC_PHYS_s04_T3_test,36,224,43.46666666666667,-0.6164563298225403,-0.20146815494757572
UBFC_PHYS_s04_T3_test,36,225,43.5,-0.8524025678634644,0.333648034235018
UBFC_PHYS_s04_T3_test,36,226,43.53333333333333,-1.1090853214263916,0.7574500512727661
UBFC_PHYS_s04_T3_test,36,227,43.56666666666667,-1.4232418537139893,1.0127664576044682
UBFC_PHYS_s04_T3_test,36,228,43.6,-1.7691171169281006,1.082064105662678
UBFC_PHYS_s04_T3_test,36,229,43.63333333333333,-2.03029203414917,0.9885389378238977
UBFC_PHYS_s04_T3_test,36,230,43.666666666666664,-2.0918684005737305,0.7861945536027349
UBFC_PHYS_s04_T3_test,36,231,43.7,-1.9647791385650635,0.5426478398187858
UBFC_PHYS_s04_T3_test,36,232,43.733333333333334,-1.755689024925232,0.32024269801124033
UBFC_PHYS_s04_T3_test,36,233,43.766666666666666,-1.5233482122421265,0.16115642433513308
UBFC_PHYS_s04_T3_test,36,234,43.8,-1.2430834770202637,0.08061898054884031
UBFC_PHYS_s04_T3_test,36,235,43.833333333333336,-0.9123319387435913,0.06952636895050644
UBFC_PHYS_s04_T3_test,36,236,43.86666666666667,-0.5861116051673889,0.10439980764543592
UBFC_PHYS_s04_T3_test,36,237,43.9,-0.3278014659881592,0.1600118224412354
UBFC_PHYS_s04_T3_test,36,238,43.93333333333333,-0.17704258859157562,0.21922149982588474
UBFC_PHYS_s04_T3_test,36,239,43.96666666666667,-0.12479198724031448,0.27624716828299045
UBFC_PHYS_s04_T3_test,37,0,37.0,-0.06162742152810097,0.07969469040464042
UBFC_PHYS_s04_T3_test,37,1,37.03333333333333,0.25966212153434753,-0.015711128141652417
UBFC_PHYS_s04_T3_test,37,2,37.06666666666667,0.44719716906547546,-0.0585442207121872
UBFC_PHYS_s04_T3_test,37,3,37.1,0.6088504791259766,-0.011722477354901954
UBFC_PHYS_s04_T3_test,37,4,37.13333333333333,0.755711555480957,0.13251486838046225
UBFC_PHYS_s04_T3_test,37,5,37.166666666666664,0.8405286073684692,0.3489856318768486
UBFC_PHYS_s04_T3_test,37,6,37.2,0.8608461618423462,0.5866006027263001
UBFC_PHYS_s04_T3_test,37,7,37.233333333333334,0.8505168557167053,0.7842647574758259
UBFC_PHYS_s04_T3_test,37,8,37.266666666666666,0.8229883313179016,0.8899041287476438
UBFC_PHYS_s04_T3_test,37,9,37.3,0.7733784914016724,0.8753654167816256
UBFC_PHYS_s04_T3_test,37,10,37.333333333333336,0.6971367001533508,0.7423720418196224
UBFC_PHYS_s04_T3_test,37,11,37.36666666666667,0.5925769805908203,0.5190804791188778
UBFC_PHYS_s04_T3_test,37,12,37.4,0.4643184542655945,0.2501057854454698
UBFC_PHYS_s04_T3_test,37,13,37.43333333333333,0.3185098469257355,-0.015834263149825976
UBFC_PHYS_s04_T3_test,37,14,37.46666666666667,0.1533484309911728,-0.23691357040626268
UBFC_PHYS_s04_T3_test,37,15,37.5,-0.02625448629260063,-0.38554052518283577
UBFC_PHYS_s04_T3_test,37,16,37.53333333333333,-0.1959763616323471,-0.45151167006428305
UBFC_PHYS_s04_T3_test,37,17,37.56666666666667,-0.34819692373275757,-0.4417464304159001
UBFC_PHYS_s04_T3_test,37,18,37.6,-0.5223233699798584,-0.37778480887819005
UBFC_PHYS_s04_T3_test,37,19,37.63333333333333,-0.7652857303619385,-0.29176534304631085
UBFC_PHYS_s04_T3_test,37,20,37.666666666666664,-1.0273183584213257,-0.2208088147480425
UBFC_PHYS_s04_T3_test,37,21,37.7,-1.1167348623275757,-0.19956551894048655
UBFC_PHYS_s04_T3_test,37,22,37.733333333333334,-0.8753121495246887,-0.2516154193405609
UBFC_PHYS_s04_T3_test,37,23,37.766666666666666,-0.40343913435935974,-0.38175094130063825
UBFC_PHYS_s04_T3_test,37,24,37.8,0.03443494811654091,-0.5718273054555041
UBFC_PHYS_s04_T3_test,37,25,37.833333333333336,0.3207998275756836,-0.7822762416257409
UBFC_PHYS_s04_T3_test,37,26,37.86666666666667,0.5029168725013733,-0.9597093465216212
UBFC_PHYS_s04_T3_test,37,27,37.9,0.6347516775131226,-1.0491197059175867
UBFC_PHYS_s04_T3_test,37,28,37.93333333333333,0.7214592099189758,-1.0078235075772026
UBFC_PHYS_s04_T3_test,37,29,37.96666666666667,0.7613341808319092,-0.8175743452678041
UBFC_PHYS_s04_T3_test,37,30,38.0,0.7651053667068481,-0.4912282819170986
UBFC_PHYS_s04_T3_test,37,31,38.03333333333333,0.7443493008613586,-0.07137952103601203
UBFC_PHYS_s04_T3_test,37,32,38.06666666666667,0.7051857113838196,0.3792773925175406
UBFC_PHYS_s04_T3_test,37,33,38.1,0.6468252539634705,0.7932107187439537
UBFC_PHYS_s04_T3_test,37,34,38.13333333333333,0.5676990151405334,1.1141067422531095
UBFC_PHYS_s04_T3_test,37,35,38.166666666666664,0.4665791988372803,1.308562479600181
UBFC_PHYS_s04_T3_test,37,36,38.2,0.33294159173965454,1.370137094515182
UBFC_PHYS_s04_T3_test,37,37,38.233333333333334,0.16025735437870026,1.3155686783250558
UBFC_PHYS_s04_T3_test,37,38,38.266666666666666,-0.020300528034567833,1.1757210046228017
UBFC_PHYS_s04_T3_test,37,39,38.3,-0.1691494584083557,0.985089109083572
UBFC_PHYS_s04_T3_test,37,40,38.333333333333336,-0.30119866132736206,0.7731777485472096
UBFC_PHYS_s04_T3_test,37,41,38.36666666666667,-0.46927371621131897,0.5595768785076147
UBFC_PHYS_s04_T3_test,37,42,38.4,-0.7023161053657532,0.35309510127142596
UBFC_PHYS_s04_T3_test,37,43,38.43333333333333,-0.9365862607955933,0.15419632962282953
UBFC_PHYS_s04_T3_test,37,44,38.46666666666667,-1.006279706954956,-0.040784956772166064
UBFC_PHYS_s04_T3_test,37,45,38.5,-0.7910115122795105,-0.23542543652290684
UBFC_PHYS_s04_T3_test,37,46,38.53333333333333,-0.37753796577453613,-0.4303638881127915
UBFC_PHYS_s04_T3_test,37,47,38.56666666666667,0.018707146868109703,-0.6222907875247737
UBFC_PHYS_s04_T3_test,37,48,38.6,0.29011404514312744,-0.8042596600683631
UBFC_PHYS_s04_T3_test,37,49,38.63333333333333,0.4509780704975128,-0.9663012895902783
UBFC_PHYS_s04_T3_test,37,50,38.666666666666664,0.5430256724357605,-1.0956161949282204
UBFC_PHYS_s04_T3_test,37,51,38.7,0.5913978815078735,-1.1764438371812074
UBFC_PHYS_s04_T3_test,37,52,38.733333333333334,0.6042705178260803,-1.190486261082063
UBFC_PHYS_s04_T3_test,37,53,38.766666666666666,0.5770246386528015,-1.1190004382542447
UBFC_PHYS_s04_T3_test,37,54,38.8,0.5138113498687744,-0.9471556550471373
UBFC_PHYS_s04_T3_test,37,55,38.833333333333336,0.43939173221588135,-0.6701755152403274
UBFC_PHYS_s04_T3_test,37,56,38.86666666666667,0.3666384816169739,-0.29955504928043497
UBFC_PHYS_s04_T3_test,37,57,38.9,0.26430055499076843,0.13336984916960096
UBFC_PHYS_s04_T3_test,37,58,38.93333333333333,0.1026667132973671,0.5793968584713707
UBFC_PHYS_s04_T3_test,37,59,38.96666666666667,-0.0826270580291748,0.9801977763857065
UBFC_PHYS_s04_T3_test,37,60,39.0,-0.23337619006633759,1.2816466686773171
UBFC_PHYS_s04_T3_test,37,61,39.03333333333333,-0.36320361495018005,1.446794955878341
UBFC_PHYS_s04_T3_test,37,62,39.06666666666667,-0.5493841767311096,1.4636162930757959
UBFC_PHYS_s04_T3_test,37,63,39.1,-0.7950165867805481,1.3451358099683874
UBFC_PHYS_s04_T3_test,37,64,39.13333333333333,-0.9452199935913086,1.1227187817210362
UBFC_PHYS_s04_T3_test,37,65,39.166666666666664,-0.8201479315757751,0.8356720212130057
UBFC_PHYS_s04_T3_test,37,66,39.2,-0.4528345465660095,0.5211066128754008
UBFC_PHYS_s04_T3_test,37,67,39.233333333333334,-0.06623662263154984,0.20715393111091845
UBFC_PHYS_s04_T3_test,37,68,39.266666666666666,0.19748176634311676,-0.089275401475655
UBFC_PHYS_s04_T3_test,37,69,39.3,0.3698054552078247,-0.36089040709396586
UBFC_PHYS_s04_T3_test,37,70,39.333333333333336,0.4891379773616791,-0.6062986777423405
UBFC_PHYS_s04_T3_test,37,71,39.36666666666667,0.543493390083313,-0.8259221639345927
UBFC_PHYS_s04_T3_test,37,72,39.4,0.542168140411377,-1.0187152355278817
UBFC_PHYS_s04_T3_test,37,73,39.43333333333333,0.5114531517028809,-1.1800661960118937
UBFC_PHYS_s04_T3_test,37,74,39.46666666666667,0.45293673872947693,-1.3007142628006338
UBFC_PHYS_s04_T3_test,37,75,39.5,0.37629538774490356,-1.366573066207534
UBFC_PHYS_s04_T3_test,37,76,39.53333333333333,0.3140370547771454,-1.359937013256207
UBFC_PHYS_s04_T3_test,37,77,39.56666666666667,0.2506873607635498,-1.2628994962604898
UBFC_PHYS_s04_T3_test,37,78,39.6,0.1303219199180603,-1.063205472554333
UBFC_PHYS_s04_T3_test,37,79,39.63333333333333,-0.0513760931789875,-0.7612196379291382
UBFC_PHYS_s04_T3_test,37,80,39.666666666666664,-0.23371724784374237,-0.3751017409186256
UBFC_PHYS_s04_T3_test,37,81,39.7,-0.3775574266910553,0.058858102665503106
UBFC_PHYS_s04_T3_test,37,82,39.733333333333334,-0.5207252502441406,0.49184148788813503
UBFC_PHYS_s04_T3_test,37,83,39.766666666666666,-0.7291624546051025,0.8725062962919502
UBFC_PHYS_s04_T3_test,37,84,39.8,-0.9719981551170349,1.1582565953800301
UBFC_PHYS_s04_T3_test,37,85,39.833333333333336,-1.0809136629104614,1.3242632097471805
UBFC_PHYS_s04_T3_test,37,86,39.86666666666667,-0.9079955816268921,1.3672637399430103
UBFC_PHYS_s04_T3_test,37,87,39.9,-0.5127931237220764,1.3029737081725412
UBFC_PHYS_s04_T3_test,37,88,39.93333333333333,-0.10771942883729935,1.1587524933373816
UBFC_PHYS_s04_T3_test,37,89,39.96666666666667,0.18139341473579407,0.965085359298348
UBFC_PHYS_s04_T3_test,37,90,40.0,0.3818497955799103,0.7490037654372708
UBFC_PHYS_s04_T3_test,37,91,40.03333333333333,0.5292468070983887,0.530708735269784
UBFC_PHYS_s04_T3_test,37,92,40.06666666666667,0.6161102652549744,0.32308143925644794
UBFC_PHYS_s04_T3_test,37,93,40.1,0.6489593386650085,0.13302929125173663
UBFC_PHYS_s04_T3_test,37,94,40.13333333333333,0.6518632173538208,-0.036464869063308925
UBFC_PHYS_s04_T3_test,37,95,40.166666666666664,0.6337966918945312,-0.1844117266300389
UBFC_PHYS_s04_T3_test,37,96,40.2,0.5859019756317139,-0.31038502506719706
UBFC_PHYS_s04_T3_test,37,97,40.233333333333334,0.5064736008644104,-0.41364551175307507
UBFC_PHYS_s04_T3_test,37,98,40.266666666666666,0.41081079840660095,-0.49276015779381976
UBFC_PHYS_s04_T3_test,37,99,40.3,0.30326926708221436,-0.5456887966576051
UBFC_PHYS_s04_T3_test,37,100,40.333333333333336,0.1730228066444397,-0.5703352270787985
UBFC_PHYS_s04_T3_test,37,101,40.36666666666667,0.02677568420767784,-0.5654735775480471
UBFC_PHYS_s04_T3_test,37,102,40.4,-0.11869186162948608,-0.5317698887801051
UBFC_PHYS_s04_T3_test,37,103,40.43333333333333,-0.26012513041496277,-0.4724593967251659
UBFC_PHYS_s04_T3_test,37,104,40.46666666666667,-0.3975241482257843,-0.3932825882011919
UBFC_PHYS_s04_T3_test,37,105,40.5,-0.5349231362342834,-0.3016154917277755
UBFC_PHYS_s04_T3_test,37,106,40.53333333333333,-0.7072858214378357,-0.2052013598809133
UBFC_PHYS_s04_T3_test,37,107,40.56666666666667,-0.9317432045936584,-0.11105245950757553
UBFC_PHYS_s04_T3_test,37,108,40.6,-1.1041935682296753,-0.024752107339998608
UBFC_PHYS_s04_T3_test,37,109,40.63333333333333,-1.0422762632369995,0.04992749511808121
UBFC_PHYS_s04_T3_test,37,110,40.666666666666664,-0.7101312279701233,0.11105810219393276
UBFC_PHYS_s04_T3_test,37,111,40.7,-0.28813114762306213,0.15813154417936412
UBFC_PHYS_s04_T3_test,37,112,40.733333333333334,0.04692754149436951,0.19144848551694463
UBFC_PHYS_s04_T3_test,37,113,40.766666666666666,0.27189162373542786,0.2118299626487831
UBFC_PHYS_s04_T3_test,37,114,40.8,0.434266060590744,0.22074238107690775
UBFC_PHYS_s04_T3_test,37,115,40.833333333333336,0.5531600713729858,0.22042262928473885
UBFC_PHYS_s04_T3_test,37,116,40.86666666666667,0.6236720681190491,0.21367501753184998
UBFC_PHYS_s04_T3_test,37,117,40.9,0.6434633731842041,0.2034127086298269
UBFC_PHYS_s04_T3_test,37,118,40.93333333333333,0.6275016665458679,0.19217852320256074
UBFC_PHYS_s04_T3_test,37,119,40.96666666666667,0.5956660509109497,0.18174799890070456
UBFC_PHYS_s04_T3_test,37,120,41.0,0.5585682988166809,0.17273108289100275
UBFC_PHYS_s04_T3_test,37,121,41.03333333333333,0.5177091360092163,0.16405383090376546
UBFC_PHYS_s04_T3_test,37,122,41.06666666666667,0.4498476982116699,0.15238288392789892
UBFC_PHYS_s04_T3_test,37,123,41.1,0.33101215958595276,0.13182879812901063
UBFC_PHYS_s04_T3_test,37,124,41.13333333333333,0.1934962272644043,0.09440658700220139
UBFC_PHYS_s04_T3_test,37,125,41.166666666666664,0.08605214953422546,0.03155578116585784
UBFC_PHYS_s04_T3_test,37,126,41.2,-0.012485350482165813,-0.06344035791114915
UBFC_PHYS_s04_T3_test,37,127,41.233333333333334,-0.15072239935398102,-0.1926933693389974
UBFC_PHYS_s04_T3_test,37,128,41.266666666666666,-0.3068700432777405,-0.35122819516103443
UBFC_PHYS_s04_T3_test,37,129,41.3,-0.42889204621315,-0.5253317932153189
UBFC_PHYS_s04_T3_test,37,130,41.333333333333336,-0.5339487195014954,-0.6923403304595258
UBFC_PHYS_s04_T3_test,37,131,41.36666666666667,-0.685935378074646,-0.8226024420233872
UBFC_PHYS_s04_T3_test,37,132,41.4,-0.8943823575973511,-0.8842138005028639
UBFC_PHYS_s04_T3_test,37,133,41.43333333333333,-1.0412434339523315,-0.8502758609383361
UBFC_PHYS_s04_T3_test,37,134,41.46666666666667,-0.9580926299095154,-0.7069678480854523
UBFC_PHYS_s04_T3_test,37,135,41.5,-0.6224784851074219,-0.45962202558264464
UBFC_PHYS_s04_T3_test,37,136,41.53333333333333,-0.21180161833763123,-0.13419519247996525
UBFC_PHYS_s04_T3_test,37,137,41.56666666666667,0.09377963095903397,0.22705512682894918
UBFC_PHYS_s04_T3_test,37,138,41.6,0.2686271667480469,0.5748807751487172
UBFC_PHYS_s04_T3_test,37,139,41.63333333333333,0.3688504993915558,0.8644745321564515
UBFC_PHYS_s04_T3_test,37,140,41.666666666666664,0.43622472882270813,1.0648171965918996
UBFC_PHYS_s04_T3_test,37,141,41.7,0.4770059287548065,1.1623292001564312
UBFC_PHYS_s04_T3_test,37,142,41.733333333333334,0.48205363750457764,1.1580476137254931
UBFC_PHYS_s04_T3_test,37,143,41.766666666666666,0.44824957847595215,1.0608932641207185
UBFC_PHYS_s04_T3_test,37,144,41.8,0.38912904262542725,0.8813008424097345
UBFC_PHYS_s04_T3_test,37,145,41.833333333333336,0.32684147357940674,0.6287561183269795
UBFC_PHYS_s04_T3_test,37,146,41.86666666666667,0.2677404284477234,0.3142114685914162
UBFC_PHYS_s04_T3_test,37,147,41.9,0.18446297943592072,-0.04450056607434285
UBFC_PHYS_s04_T3_test,37,148,41.93333333333333,0.048340506851673126,-0.4177605964176133
UBFC_PHYS_s04_T3_test,37,149,41.96666666666667,-0.11244556307792664,-0.7631875078052923
UBFC_PHYS_s04_T3_test,37,150,42.0,-0.2406846433877945,-1.0305196720219099
UBFC_PHYS_s04_T3_test,37,151,42.03333333333333,-0.33956319093704224,-1.1719218967665421
UBFC_PHYS_s04_T3_test,37,152,42.06666666666667,-0.4688936769962311,-1.1548658247656272
UBFC_PHYS_s04_T3_test,37,153,42.1,-0.6444915533065796,-0.9731648634548463
UBFC_PHYS_s04_T3_test,37,154,42.13333333333333,-0.7784019708633423,-0.651789259557133
UBFC_PHYS_s04_T3_test,37,155,42.166666666666664,-0.7272330522537231,-0.24301424152767762
UBFC_PHYS_s04_T3_test,37,156,42.2,-0.45628413558006287,0.18530581221727963
UBFC_PHYS_s04_T3_test,37,157,42.233333333333334,-0.10851848870515823,0.5655295111675048
UBFC_PHYS_s04_T3_test,37,158,42.266666666666666,0.16212832927703857,0.8449690887185565
UBFC_PHYS_s04_T3_test,37,159,42.3,0.34241336584091187,0.9952530495966361
UBFC_PHYS_s04_T3_test,37,160,42.333333333333336,0.46901535987854004,1.0142707967884028
UBFC_PHYS_s04_T3_test,37,161,42.36666666666667,0.5308059453964233,0.9211997010750559
UBFC_PHYS_s04_T3_test,37,162,42.4,0.5291590690612793,0.7469210450806963
UBFC_PHYS_s04_T3_test,37,163,42.43333333333333,0.5151852965354919,0.5231825035298592
UBFC_PHYS_s04_T3_test,37,164,42.46666666666667,0.5100498795509338,0.2742807381654819
UBFC_PHYS_s04_T3_test,37,165,42.5,0.48212185502052307,0.014262913072445742
UBFC_PHYS_s04_T3_test,37,166,42.53333333333333,0.4333403408527374,-0.24963859289138943
UBFC_PHYS_s04_T3_test,37,167,42.56666666666667,0.39656415581703186,-0.5095739575572537
UBFC_PHYS_s04_T3_test,37,168,42.6,0.34659379720687866,-0.7500038402424374
UBFC_PHYS_s04_T3_test,37,169,42.63333333333333,0.23670382797718048,-0.9452823265628393
UBFC_PHYS_s04_T3_test,37,170,42.666666666666664,0.08493152260780334,-1.0637053249640571
UBFC_PHYS_s04_T3_test,37,171,42.7,-0.04782905429601669,-1.076446270051749
UBFC_PHYS_s04_T3_test,37,172,42.733333333333334,-0.13747946918010712,-0.9674972525358733
UBFC_PHYS_s04_T3_test,37,173,42.766666666666666,-0.22616517543792725,-0.7405434486216133
UBFC_PHYS_s04_T3_test,37,174,42.8,-0.3707751929759979,-0.4203995205246262
UBFC_PHYS_s04_T3_test,37,175,42.833333333333336,-0.5367746353149414,-0.048891014327021726
UBFC_PHYS_s04_T3_test,37,176,42.86666666666667,-0.5693508386611938,0.323368062119056
UBFC_PHYS_s04_T3_test,37,177,42.9,-0.3405474126338959,0.6470179568526528
UBFC_PHYS_s04_T3_test,37,178,42.93333333333333,0.07687272876501083,0.8831036491566148
UBFC_PHYS_s04_T3_test,37,179,42.96666666666667,0.4982881546020508,1.008807720043706
UBFC_PHYS_s04_T3_test,37,180,43.0,0.8549993634223938,1.0183569416392746
UBFC_PHYS_s04_T3_test,37,181,43.03333333333333,1.1900677680969238,0.9195780255263012
UBFC_PHYS_s04_T3_test,37,182,43.06666666666667,1.495873212814331,0.7284704916086953
UBFC_PHYS_s04_T3_test,37,183,43.1,1.6932209730148315,0.4648174913875716
UBFC_PHYS_s04_T3_test,37,184,43.13333333333333,1.7105274200439453,0.15067089363642955
UBFC_PHYS_s04_T3_test,37,185,43.166666666666664,1.5726412534713745,-0.1884898241586684
UBFC_PHYS_s04_T3_test,37,186,43.2,1.4007949829101562,-0.5216485658511122
UBFC_PHYS_s04_T3_test,37,187,43.233333333333334,1.2642242908477783,-0.8114879285295076
UBFC_PHYS_s04_T3_test,37,188,43.266666666666666,1.1118477582931519,-1.0169544228636744
UBFC_PHYS_s04_T3_test,37,189,43.3,0.8968330025672913,-1.0999540781996617
UBFC_PHYS_s04_T3_test,37,190,43.333333333333336,0.6245880722999573,-1.0351148201345657
UBFC_PHYS_s04_T3_test,37,191,43.36666666666667,0.3006284832954407,-0.8196586344870305
UBFC_PHYS_s04_T3_test,37,192,43.4,-0.04408712312579155,-0.4793751482213781
UBFC_PHYS_s04_T3_test,37,193,43.43333333333333,-0.3558269739151001,-0.0672197467636313
UBFC_PHYS_s04_T3_test,37,194,43.46666666666667,-0.6164563298225403,0.3466494006011027
UBFC_PHYS_s04_T3_test,37,195,43.5,-0.8524025678634644,0.6912339484545302
UBFC_PHYS_s04_T3_test,37,196,43.53333333333333,-1.1090853214263916,0.9123139174263167
UBFC_PHYS_s04_T3_test,37,197,43.56666666666667,-1.4232418537139893,0.9852672406126296
UBFC_PHYS_s04_T3_test,37,198,43.6,-1.7691171169281006,0.9189654966521977
UBFC_PHYS_s04_T3_test,37,199,43.63333333333333,-2.03029203414917,0.7502618683243364
UBFC_PHYS_s04_T3_test,37,200,43.666666666666664,-2.0918684005737305,0.5319368161243495
UBFC_PHYS_s04_T3_test,37,201,43.7,-1.9647791385650635,0.3184454905848153
UBFC_PHYS_s04_T3_test,37,202,43.733333333333334,-1.755689024925232,0.15310840680658316
UBFC_PHYS_s04_T3_test,37,203,43.766666666666666,-1.5233482122421265,0.05884295855690426
UBFC_PHYS_s04_T3_test,37,204,43.8,-1.2430834770202637,0.03359913234069075
UBFC_PHYS_s04_T3_test,37,205,43.833333333333336,-0.9123319387435913,0.05141001905935157
UBFC_PHYS_s04_T3_test,37,206,43.86666666666667,-0.5861116051673889,0.06959227951641347
UBFC_PHYS_s04_T3_test,37,207,43.9,-0.3278014659881592,0.04135898288990038
UBFC_PHYS_s04_T3_test,37,208,43.93333333333333,-0.17704258859157562,-0.06900285177437694
UBFC_PHYS_s04_T3_test,37,209,43.96666666666667,-0.12479198724031448,-0.27283369962829157
UBFC_PHYS_s04_T3_test,37,210,44.0,-0.11103259772062302,-0.5499666302604277
UBFC_PHYS_s04_T3_test,37,211,44.03333333333333,-0.11147110164165497,-0.8504082783245495
UBFC_PHYS_s04_T3_test,37,212,44.06666666666667,-0.1696561723947525,-1.1052201401535908
UBFC_PHYS_s04_T3_test,37,213,44.1,-0.2747713029384613,-1.244388737467454
UBFC_PHYS_s04_T3_test,37,214,44.13333333333333,-0.349522203207016,-1.2169354676611057
UBFC_PHYS_s04_T3_test,37,215,44.166666666666664,-0.393480122089386,-1.0071058284020153
UBFC_PHYS_s04_T3_test,37,216,44.2,-0.483968585729599,-0.641150237769951
UBFC_PHYS_s04_T3_test,37,217,44.233333333333334,-0.6114768385887146,-0.18193510071440427
UBFC_PHYS_s04_T3_test,37,218,44.266666666666666,-0.6627334952354431,0.28743401941278085
UBFC_PHYS_s04_T3_test,37,219,44.3,-0.5790662169456482,0.6859113828562947
UBFC_PHYS_s04_T3_test,37,220,44.333333333333336,-0.40741491317749023,0.9553092336807286
UBFC_PHYS_s04_T3_test,37,221,44.36666666666667,-0.24493329226970673,1.0726384712007333
UBFC_PHYS_s04_T3_test,37,222,44.4,-0.19987420737743378,1.0504940357334165
UBFC_PHYS_s04_T3_test,37,223,44.43333333333333,-0.26012513041496277,0.9267919626344884
UBFC_PHYS_s04_T3_test,37,224,44.46666666666667,-0.21788224577903748,0.7489967030588617
UBFC_PHYS_s04_T3_test,37,225,44.5,0.08600343018770218,0.5591872138446922
UBFC_PHYS_s04_T3_test,37,226,44.53333333333333,0.5050996541976929,0.3846543868026939
UBFC_PHYS_s04_T3_test,37,227,44.56666666666667,0.7849550843238831,0.23564466493570888
UBFC_PHYS_s04_T3_test,37,228,44.6,0.8946989178657532,0.10913490189755458
UBFC_PHYS_s04_T3_test,37,229,44.63333333333333,0.9383645057678223,-0.0041277872964110805
UBFC_PHYS_s04_T3_test,37,230,44.666666666666664,0.9455267786979675,-0.11257160113642896
UBFC_PHYS_s04_T3_test,37,231,44.7,0.8828007578849792,-0.21922876812260159
UBFC_PHYS_s04_T3_test,37,232,44.733333333333334,0.7595606446266174,-0.3204871468879464
UBFC_PHYS_s04_T3_test,37,233,44.766666666666666,0.6002070307731628,-0.40748618103639384
UBFC_PHYS_s04_T3_test,37,234,44.8,0.3892459571361542,-0.4689333350952201
UBFC_PHYS_s04_T3_test,37,235,44.833333333333336,0.138721764087677,-0.4943436652700477
UBFC_PHYS_s04_T3_test,37,236,44.86666666666667,-0.09085150808095932,-0.4770578816799
UBFC_PHYS_s04_T3_test,37,237,44.9,-0.29254546761512756,-0.41652344906017397
UBFC_PHYS_s04_T3_test,37,238,44.93333333333333,-0.5192927718162537,-0.31927098022324024
UBFC_PHYS_s04_T3_test,37,239,44.96666666666667,-0.7491584420204163,-0.19812584212485723
UBFC_PHYS_s04_T3_test,38,0,38.0,0.7651053667068481,0.11399390588517559
UBFC_PHYS_s04_T3_test,38,1,38.03333333333333,0.7443493008613586,0.1835328055398568
UBFC_PHYS_s04_T3_test,38,2,38.06666666666667,0.7051857113838196,0.25390379746495095
UBFC_PHYS_s04_T3_test,38,3,38.1,0.6468252539634705,0.32611083120567586
UBFC_PHYS_s04_T3_test,38,4,38.13333333333333,0.5676990151405334,0.3990804648005785
UBFC_PHYS_s04_T3_test,38,5,38.166666666666664,0.4665791988372803,0.46968744891789227
UBFC_PHYS_s04_T3_test,38,6,38.2,0.33294159173965454,0.5333899991397535
UBFC_PHYS_s04_T3_test,38,7,38.233333333333334,0.16025735437870026,0.5850061395501808
UBFC_PHYS_s04_T3_test,38,8,38.266666666666666,-0.020300528034567833,0.6193039865265862
UBFC_PHYS_s04_T3_test,38,9,38.3,-0.1691494584083557,0.631326996825864
UBFC_PHYS_s04_T3_test,38,10,38.333333333333336,-0.30119866132736206,0.6164747227328862
UBFC_PHYS_s04_T3_test,38,11,38.36666666666667,-0.46927371621131897,0.5705171540861737
UBFC_PHYS_s04_T3_test,38,12,38.4,-0.7023161053657532,0.490025189455159
UBFC_PHYS_s04_T3_test,38,13,38.43333333333333,-0.9365862607955933,0.3735989683350006
UBFC_PHYS_s04_T3_test,38,14,38.46666666666667,-1.006279706954956,0.22347126057294492
UBFC_PHYS_s04_T3_test,38,15,38.5,-0.7910115122795105,0.046314203335873834
UBFC_PHYS_s04_T3_test,38,16,38.53333333333333,-0.37753796577453613,-0.14773656978255978
UBFC_PHYS_s04_T3_test,38,17,38.56666666666667,0.018707146868109703,-0.3477166420221436
UBFC_PHYS_s04_T3_test,38,18,38.6,0.29011404514312744,-0.544698057315418
UBFC_PHYS_s04_T3_test,38,19,38.63333333333333,0.4509780704975128,-0.7329524981757164
UBFC_PHYS_s04_T3_test,38,20,38.666666666666664,0.5430256724357605,-0.9082970340424842
UBFC_PHYS_s04_T3_test,38,21,38.7,0.5913978815078735,-1.0641157800878394
UBFC_PHYS_s04_T3_test,38,22,38.733333333333334,0.6042705178260803,-1.1869834261083403
UBFC_PHYS_s04_T3_test,38,23,38.766666666666666,0.5770246386528015,-1.2544274199678085
UBFC_PHYS_s04_T3_test,38,24,38.8,0.5138113498687744,-1.2369213682351838
UBFC_PHYS_s04_T3_test,38,25,38.833333333333336,0.43939173221588135,-1.1048475928615435
UBFC_PHYS_s04_T3_test,38,26,38.86666666666667,0.3666384816169739,-0.8392569134619002
UBFC_PHYS_s04_T3_test,38,27,38.9,0.26430055499076843,-0.44317779209757907
UBFC_PHYS_s04_T3_test,38,28,38.93333333333333,0.1026667132973671,0.05126083638289138
UBFC_PHYS_s04_T3_test,38,29,38.96666666666667,-0.0826270580291748,0.5842617004300372
UBFC_PHYS_s04_T3_test,38,30,39.0,-0.23337619006633759,1.0798484708096607
UBFC_PHYS_s04_T3_test,38,31,39.03333333333333,-0.36320361495018005,1.464544462849976
UBFC_PHYS_s04_T3_test,38,32,39.06666666666667,-0.5493841767311096,1.686606561267657
UBFC_PHYS_s04_T3_test,38,33,39.1,-0.7950165867805481,1.7282764891232512
UBFC_PHYS_s04_T3_test,38,34,39.13333333333333,-0.9452199935913086,1.6063886228492015
UBFC_PHYS_s04_T3_test,38,35,39.166666666666664,-0.8201479315757751,1.361797099991749
UBFC_PHYS_s04_T3_test,38,36,39.2,-0.4528345465660095,1.0427786352164528
UBFC_PHYS_s04_T3_test,38,37,39.233333333333334,-0.06623662263154984,0.6896739954856994
UBFC_PHYS_s04_T3_test,38,38,39.266666666666666,0.19748176634311676,0.3267082996366725
UBFC_PHYS_s04_T3_test,38,39,39.3,0.3698054552078247,-0.03695935680984187
UBFC_PHYS_s04_T3_test,38,40,39.333333333333336,0.4891379773616791,-0.3993460563682836
UBFC_PHYS_s04_T3_test,38,41,39.36666666666667,0.543493390083313,-0.7559909502117741
UBFC_PHYS_s04_T3_test,38,42,39.4,0.542168140411377,-1.09330351042215
UBFC_PHYS_s04_T3_test,38,43,39.43333333333333,0.5114531517028809,-1.387165159421781
UBFC_PHYS_s04_T3_test,38,44,39.46666666666667,0.45293673872947693,-1.606188518059848
UBFC_PHYS_s04_T3_test,38,45,39.5,0.37629538774490356,-1.7175468864811916
UBFC_PHYS_s04_T3_test,38,46,39.53333333333333,0.3140370547771454,-1.693620006968138
UBFC_PHYS_s04_T3_test,38,47,39.56666666666667,0.2506873607635498,-1.518589382760149
UBFC_PHYS_s04_T3_test,38,48,39.6,0.1303219199180603,-1.1941957763921593
UBFC_PHYS_s04_T3_test,38,49,39.63333333333333,-0.0513760931789875,-0.7433235934758773
UBFC_PHYS_s04_T3_test,38,50,39.666666666666664,-0.23371724784374237,-0.2098190745076119
UBFC_PHYS_s04_T3_test,38,51,39.7,-0.3775574266910553,0.3465007895262405
UBFC_PHYS_s04_T3_test,38,52,39.733333333333334,-0.5207252502441406,0.8593463464962278
UBFC_PHYS_s04_T3_test,38,53,39.766666666666666,-0.7291624546051025,1.2679999907678403
UBFC_PHYS_s04_T3_test,38,54,39.8,-0.9719981551170349,1.528716957643498
UBFC_PHYS_s04_T3_test,38,55,39.833333333333336,-1.0809136629104614,1.6221687455910903
UBFC_PHYS_s04_T3_test,38,56,39.86666666666667,-0.9079955816268921,1.5548663724103229
UBFC_PHYS_s04_T3_test,38,57,39.9,-0.5127931237220764,1.3547146253765048
UBFC_PHYS_s04_T3_test,38,58,39.93333333333333,-0.10771942883729935,1.0629999865307214
UBFC_PHYS_s04_T3_test,38,59,39.96666666666667,0.18139341473579407,0.7258400701527157
UBFC_PHYS_s04_T3_test,38,60,40.0,0.3818497955799103,0.38701300861313664
UBFC_PHYS_s04_T3_test,38,61,40.03333333333333,0.5292468070983887,0.08263391163351717
UBFC_PHYS_s04_T3_test,38,62,40.06666666666667,0.6161102652549744,-0.1622271392973878
UBFC_PHYS_s04_T3_test,38,63,40.1,0.6489593386650085,-0.33472538071122165
UBFC_PHYS_s04_T3_test,38,64,40.13333333333333,0.6518632173538208,-0.4332754668787825
UBFC_PHYS_s04_T3_test,38,65,40.166666666666664,0.6337966918945312,-0.4651088842357524
UBFC_PHYS_s04_T3_test,38,66,40.2,0.5859019756317139,-0.44329957933282843
UBFC_PHYS_s04_T3_test,38,67,40.233333333333334,0.5064736008644104,-0.3840074069378826
UBFC_PHYS_s04_T3_test,38,68,40.266666666666666,0.41081079840660095,-0.3042716857686201
UBFC_PHYS_s04_T3_test,38,69,40.3,0.30326926708221436,-0.22040442933897655
UBFC_PHYS_s04_T3_test,38,70,40.333333333333336,0.1730228066444397,-0.1470299904123979
UBFC_PHYS_s04_T3_test,38,71,40.36666666666667,0.02677568420767784,-0.09681016493954404
UBFC_PHYS_s04_T3_test,38,72,40.4,-0.11869186162948608,-0.08060062881228612
UBFC_PHYS_s04_T3_test,38,73,40.43333333333333,-0.26012513041496277,-0.10736298435905149
UBFC_PHYS_s04_T3_test,38,74,40.46666666666667,-0.3975241482257843,-0.1830121596150462
UBFC_PHYS_s04_T3_test,38,75,40.5,-0.5349231362342834,-0.3078571274740019
UBFC_PHYS_s04_T3_test,38,76,40.53333333333333,-0.7072858214378357,-0.47331864142666935
UBFC_PHYS_s04_T3_test,38,77,40.56666666666667,-0.9317432045936584,-0.6594794871105504
UBFC_PHYS_s04_T3_test,38,78,40.6,-1.1041935682296753,-0.8351053469663612
UBFC_PHYS_s04_T3_test,38,79,40.63333333333333,-1.0422762632369995,-0.9611752816908672
UBFC_PHYS_s04_T3_test,38,80,40.666666666666664,-0.7101312279701233,-0.9980399835983134
UBFC_PHYS_s04_T3_test,38,81,40.7,-0.28813114762306213,-0.9151487552561961
UBFC_PHYS_s04_T3_test,38,82,40.733333333333334,0.04692754149436951,-0.7009496925444613
UBFC_PHYS_s04_T3_test,38,83,40.766666666666666,0.27189162373542786,-0.3695353510540404
UBFC_PHYS_s04_T3_test,38,84,40.8,0.434266060590744,0.03934533539998804
UBFC_PHYS_s04_T3_test,38,85,40.833333333333336,0.5531600713729858,0.4683333313106921
UBFC_PHYS_s04_T3_test,38,86,40.86666666666667,0.6236720681190491,0.8564392986059317
UBFC_PHYS_s04_T3_test,38,87,40.9,0.6434633731842041,1.15393422408345
UBFC_PHYS_s04_T3_test,38,88,40.93333333333333,0.6275016665458679,1.3328964035208295
UBFC_PHYS_s04_T3_test,38,89,40.96666666666667,0.5956660509109497,1.3902595707364833
UBFC_PHYS_s04_T3_test,38,90,41.0,0.5585682988166809,1.3431414154978223
UBFC_PHYS_s04_T3_test,38,91,41.03333333333333,0.5177091360092163,1.2188834949736969
UBFC_PHYS_s04_T3_test,38,92,41.06666666666667,0.4498476982116699,1.0438649409170002
UBFC_PHYS_s04_T3_test,38,93,41.1,0.33101215958595276,0.8352338041456493
UBFC_PHYS_s04_T3_test,38,94,41.13333333333333,0.1934962272644043,0.5982259701259236
UBFC_PHYS_s04_T3_test,38,95,41.166666666666664,0.08605214953422546,0.329448499635123
UBFC_PHYS_s04_T3_test,38,96,41.2,-0.012485350482165813,0.02436149082497222
UBFC_PHYS_s04_T3_test,38,97,41.233333333333334,-0.15072239935398102,-0.3141313248993412
UBFC_PHYS_s04_T3_test,38,98,41.266666666666666,-0.3068700432777405,-0.6692959773946451
UBFC_PHYS_s04_T3_test,38,99,41.3,-0.42889204621315,-1.0088978549734309
UBFC_PHYS_s04_T3_test,38,100,41.333333333333336,-0.5339487195014954,-1.2892499148479166
UBFC_PHYS_s04_T3_test,38,101,41.36666666666667,-0.685935378074646,-1.464186532419672
UBFC_PHYS_s04_T3_test,38,102,41.4,-0.8943823575973511,-1.4965542147829733
UBFC_PHYS_s04_T3_test,38,103,41.43333333333333,-1.0412434339523315,-1.3688245244889574
UBFC_PHYS_s04_T3_test,38,104,41.46666666666667,-0.9580926299095154,-1.0894449338603283
UBFC_PHYS_s04_T3_test,38,105,41.5,-0.6224784851074219,-0.6927300846771027
UBFC_PHYS_s04_T3_test,38,106,41.53333333333333,-0.21180161833763123,-0.23218275080768525
UBFC_PHYS_s04_T3_test,38,107,41.56666666666667,0.09377963095903397,0.23077859843628235
UBFC_PHYS_s04_T3_test,38,108,41.6,0.2686271667480469,0.6394555019978275
UBFC_PHYS_s04_T3_test,38,109,41.63333333333333,0.3688504993915558,0.9523378548719674
UBFC_PHYS_s04_T3_test,38,110,41.666666666666664,0.43622472882270813,1.1484278488997695
UBFC_PHYS_s04_T3_test,38,111,41.7,0.4770059287548065,1.226034313118861
UBFC_PHYS_s04_T3_test,38,112,41.733333333333334,0.48205363750457764,1.1961282758887293
UBFC_PHYS_s04_T3_test,38,113,41.766666666666666,0.44824957847595215,1.0736537620477056
UBFC_PHYS_s04_T3_test,38,114,41.8,0.38912904262542725,0.8710573422231587
UBFC_PHYS_s04_T3_test,38,115,41.833333333333336,0.32684147357940674,0.5971001773784296
UBFC_PHYS_s04_T3_test,38,116,41.86666666666667,0.2677404284477234,0.261155696568612
UBFC_PHYS_s04_T3_test,38,117,41.9,0.18446297943592072,-0.11977463408590518
UBFC_PHYS_s04_T3_test,38,118,41.93333333333333,0.048340506851673126,-0.5155567917120781
UBFC_PHYS_s04_T3_test,38,119,41.96666666666667,-0.11244556307792664,-0.8825236066612048
UBFC_PHYS_s04_T3_test,38,120,42.0,-0.2406846433877945,-1.169476448292897
UBFC_PHYS_s04_T3_test,38,121,42.03333333333333,-0.33956319093704224,-1.3285965702426141
UBFC_PHYS_s04_T3_test,38,122,42.06666666666667,-0.4688936769962311,-1.3277253187269837
UBFC_PHYS_s04_T3_test,38,123,42.1,-0.6444915533065796,-1.1598573655151956
UBFC_PHYS_s04_T3_test,38,124,42.13333333333333,-0.7784019708633423,-0.8465934531900219
UBFC_PHYS_s04_T3_test,38,125,42.166666666666664,-0.7272330522537231,-0.4342955086484702
UBFC_PHYS_s04_T3_test,38,126,42.2,-0.45628413558006287,0.015953356748417025
UBFC_PHYS_s04_T3_test,38,127,42.233333333333334,-0.10851848870515823,0.441562319497971
UBFC_PHYS_s04_T3_test,38,128,42.266666666666666,0.16212832927703857,0.7909233629577036
UBFC_PHYS_s04_T3_test,38,129,42.3,0.34241336584091187,1.031637453290432
UBFC_PHYS_s04_T3_test,38,130,42.333333333333336,0.46901535987854004,1.1523932975062563
UBFC_PHYS_s04_T3_test,38,131,42.36666666666667,0.5308059453964233,1.158663555517686
UBFC_PHYS_s04_T3_test,38,132,42.4,0.5291590690612793,1.0647557426638365
UBFC_PHYS_s04_T3_test,38,133,42.43333333333333,0.5151852965354919,0.886164177335892
UBFC_PHYS_s04_T3_test,38,134,42.46666666666667,0.5100498795509338,0.6357745865987553
UBFC_PHYS_s04_T3_test,38,135,42.5,0.48212185502052307,0.3253297571270352
UBFC_PHYS_s04_T3_test,38,136,42.53333333333333,0.4333403408527374,-0.02932685103297458
UBFC_PHYS_s04_T3_test,38,137,42.56666666666667,0.39656415581703186,-0.40266246902506025
UBFC_PHYS_s04_T3_test,38,138,42.6,0.34659379720687866,-0.7569200050910391
UBFC_PHYS_s04_T3_test,38,139,42.63333333333333,0.23670382797718048,-1.0447185897996294
UBFC_PHYS_s04_T3_test,38,140,42.666666666666664,0.08493152260780334,-1.2172670557277578
UBFC_PHYS_s04_T3_test,38,141,42.7,-0.04782905429601669,-1.236602949820371
UBFC_PHYS_s04_T3_test,38,142,42.733333333333334,-0.13747946918010712,-1.0878543634827502
UBFC_PHYS_s04_T3_test,38,143,42.766666666666666,-0.22616517543792725,-0.7864952175659176
UBFC_PHYS_s04_T3_test,38,144,42.8,-0.3707751929759979,-0.3772469455944654
UBFC_PHYS_s04_T3_test,38,145,42.833333333333336,-0.5367746353149414,0.07541739248097282
UBFC_PHYS_s04_T3_test,38,146,42.86666666666667,-0.5693508386611938,0.5022127664867571
UBFC_PHYS_s04_T3_test,38,147,42.9,-0.3405474126338959,0.8447113431995728
UBFC_PHYS_s04_T3_test,38,148,42.93333333333333,0.07687272876501083,1.0667832315044756
UBFC_PHYS_s04_T3_test,38,149,42.96666666666667,0.4982881546020508,1.1582958693348446
UBFC_PHYS_s04_T3_test,38,150,43.0,0.8549993634223938,1.1304391427468696
UBFC_PHYS_s04_T3_test,38,151,43.03333333333333,1.1900677680969238,1.0053876233090946
UBFC_PHYS_s04_T3_test,38,152,43.06666666666667,1.495873212814331,0.8053856487231611
UBFC_PHYS_s04_T3_test,38,153,43.1,1.6932209730148315,0.546295029864681
UBFC_PHYS_s04_T3_test,38,154,43.13333333333333,1.7105274200439453,0.23793673075016736
UBFC_PHYS_s04_T3_test,38,155,43.166666666666664,1.5726412534713745,-0.10999055771872332
UBFC_PHYS_s04_T3_test,38,156,43.2,1.4007949829101562,-0.4799649245040028
UBFC_PHYS_s04_T3_test,38,157,43.233333333333334,1.2642242908477783,-0.8409048686760313
UBFC_PHYS_s04_T3_test,38,158,43.266666666666666,1.1118477582931519,-1.148213898487293
UBFC_PHYS_s04_T3_test,38,159,43.3,0.8968330025672913,-1.351091127827281
UBFC_PHYS_s04_T3_test,38,160,43.333333333333336,0.6245880722999573,-1.4054334657828074
UBFC_PHYS_s04_T3_test,38,161,43.36666666666667,0.3006284832954407,-1.2879248274241701
UBFC_PHYS_s04_T3_test,38,162,43.4,-0.04408712312579155,-1.0060561772221246
UBFC_PHYS_s04_T3_test,38,163,43.43333333333333,-0.3558269739151001,-0.6000136457532601
UBFC_PHYS_s04_T3_test,38,164,43.46666666666667,-0.6164563298225403,-0.13500203313959488
UBFC_PHYS_s04_T3_test,38,165,43.5,-0.8524025678634644,0.31406318500032215
UBFC_PHYS_s04_T3_test,38,166,43.53333333333333,-1.1090853214263916,0.6805700778996071
UBFC_PHYS_s04_T3_test,38,167,43.56666666666667,-1.4232418537139893,0.9210860188794756
UBFC_PHYS_s04_T3_test,38,168,43.6,-1.7691171169281006,1.0230682788378198
UBFC_PHYS_s04_T3_test,38,169,43.63333333333333,-2.03029203414917,1.0042538382400692
UBFC_PHYS_s04_T3_test,38,170,43.666666666666664,-2.0918684005737305,0.9046296901173306
UBFC_PHYS_s04_T3_test,38,171,43.7,-1.9647791385650635,0.7732106497354709
UBFC_PHYS_s04_T3_test,38,172,43.733333333333334,-1.755689024925232,0.6530480518284496
UBFC_PHYS_s04_T3_test,38,173,43.766666666666666,-1.5233482122421265,0.5684529292356466
UBFC_PHYS_s04_T3_test,38,174,43.8,-1.2430834770202637,0.5177912063033571
UBFC_PHYS_s04_T3_test,38,175,43.833333333333336,-0.9123319387435913,0.4739744518004996
UBFC_PHYS_s04_T3_test,38,176,43.86666666666667,-0.5861116051673889,0.3934044849204156
UBFC_PHYS_s04_T3_test,38,177,43.9,-0.3278014659881592,0.23191257555651051
UBFC_PHYS_s04_T3_test,38,178,43.93333333333333,-0.17704258859157562,-0.03691383919994826
UBFC_PHYS_s04_T3_test,38,179,43.96666666666667,-0.12479198724031448,-0.4075463862306802
UBFC_PHYS_s04_T3_test,38,180,44.0,-0.11103259772062302,-0.8378012708406211
UBFC_PHYS_s04_T3_test,38,181,44.03333333333333,-0.11147110164165497,-1.2554631600266508
UBFC_PHYS_s04_T3_test,38,182,44.06666666666667,-0.1696561723947525,-1.5744442760997934
UBFC_PHYS_s04_T3_test,38,183,44.1,-0.2747713029384613,-1.7160777468267432
UBFC_PHYS_s04_T3_test,38,184,44.13333333333333,-0.349522203207016,-1.6300345228117672
UBFC_PHYS_s04_T3_test,38,185,44.166666666666664,-0.393480122089386,-1.3095107809704942
UBFC_PHYS_s04_T3_test,38,186,44.2,-0.483968585729599,-0.7964292488360074
UBFC_PHYS_s04_T3_test,38,187,44.233333333333334,-0.6114768385887146,-0.17442195670783697
UBFC_PHYS_s04_T3_test,38,188,44.266666666666666,-0.6627334952354431,0.4496649637609996
UBFC_PHYS_s04_T3_test,38,189,44.3,-0.5790662169456482,0.9714465609800991
UBFC_PHYS_s04_T3_test,38,190,44.333333333333336,-0.40741491317749023,1.3145096310842257
UBFC_PHYS_s04_T3_test,38,191,44.36666666666667,-0.24493329226970673,1.447712586533169
UBFC_PHYS_s04_T3_test,38,192,44.4,-0.19987420737743378,1.388895399848925
UBFC_PHYS_s04_T3_test,38,193,44.43333333333333,-0.26012513041496277,1.1944612197153535
UBFC_PHYS_s04_T3_test,38,194,44.46666666666667,-0.21788224577903748,0.939071635190084
UBFC_PHYS_s04_T3_test,38,195,44.5,0.08600343018770218,0.6926177915351346
UBFC_PHYS_s04_T3_test,38,196,44.53333333333333,0.5050996541976929,0.5017842252135263
UBFC_PHYS_s04_T3_test,38,197,44.56666666666667,0.7849550843238831,0.3810978232433706
UBFC_PHYS_s04_T3_test,38,198,44.6,0.8946989178657532,0.31451604938819877
UBFC_PHYS_s04_T3_test,38,199,44.63333333333333,0.9383645057678223,0.2651718668512439
UBFC_PHYS_s04_T3_test,38,200,44.666666666666664,0.9455267786979675,0.18921015251597523
UBFC_PHYS_s04_T3_test,38,201,44.7,0.8828007578849792,0.049710087108221584
UBFC_PHYS_s04_T3_test,38,202,44.733333333333334,0.7595606446266174,-0.17233408908116418
UBFC_PHYS_s04_T3_test,38,203,44.766666666666666,0.6002070307731628,-0.4719582203006551
UBFC_PHYS_s04_T3_test,38,204,44.8,0.3892459571361542,-0.8202365693110499
UBFC_PHYS_s04_T3_test,38,205,44.833333333333336,0.138721764087677,-1.1702281176749663
UBFC_PHYS_s04_T3_test,38,206,44.86666666666667,-0.09085150808095932,-1.4668765917176083
UBFC_PHYS_s04_T3_test,38,207,44.9,-0.29254546761512756,-1.6578005274773986
UBFC_PHYS_s04_T3_test,38,208,44.93333333333333,-0.5192927718162537,-1.7026447452320845
UBFC_PHYS_s04_T3_test,38,209,44.96666666666667,-0.7491584420204163,-1.5801004481242258
UBFC_PHYS_s04_T3_test,38,210,45.0,-0.8890910148620605,-1.292306947601248
UBFC_PHYS_s04_T3_test,38,211,45.03333333333333,-0.9320744872093201,-0.8660429113823668
UBFC_PHYS_s04_T3_test,38,212,45.06666666666667,-0.9640076160430908,-0.349749563854327
UBFC_PHYS_s04_T3_test,38,213,45.1,-1.0049738883972168,0.1941378895520727
UBFC_PHYS_s04_T3_test,38,214,45.13333333333333,-1.0289748907089233,0.7006012473061943
UBFC_PHYS_s04_T3_test,38,215,45.166666666666664,-1.070438265800476,1.1144978601319018
UBFC_PHYS_s04_T3_test,38,216,45.2,-1.1963093280792236,1.4004853730513556
UBFC_PHYS_s04_T3_test,38,217,45.233333333333334,-1.3834155797958374,1.547485548646341
UBFC_PHYS_s04_T3_test,38,218,45.266666666666666,-1.4736506938934326,1.5667981994037643
UBFC_PHYS_s04_T3_test,38,219,45.3,-1.2972537279129028,1.485280297173908
UBFC_PHYS_s04_T3_test,38,220,45.333333333333336,-0.8741330504417419,1.3363558721639548
UBFC_PHYS_s04_T3_test,38,221,45.36666666666667,-0.39507824182510376,1.1515793633221454
UBFC_PHYS_s04_T3_test,38,222,45.4,-0.01388857513666153,0.9544405466373657
UBFC_PHYS_s04_T3_test,38,223,45.43333333333333,0.26060736179351807,0.7570901846369981
UBFC_PHYS_s04_T3_test,38,224,45.46666666666667,0.4645620584487915,0.5603061706218382
UBFC_PHYS_s04_T3_test,38,225,45.5,0.6043192744255066,0.3567482717286397
UBFC_PHYS_s04_T3_test,38,226,45.53333333333333,0.6894481778144836,0.13672290674488938
UBFC_PHYS_s04_T3_test,38,227,45.56666666666667,0.7412115335464478,-0.10528425872882036
UBFC_PHYS_s04_T3_test,38,228,45.6,0.7606033086776733,-0.3654223783653209
UBFC_PHYS_s04_T3_test,38,229,45.63333333333333,0.7519988417625427,-0.6283975357170543
UBFC_PHYS_s04_T3_test,38,230,45.666666666666664,0.7368459701538086,-0.8693942775715514
UBFC_PHYS_s04_T3_test,38,231,45.7,0.7127183079719543,-1.0597037604683113
UBFC_PHYS_s04_T3_test,38,232,45.733333333333334,0.6461236476898193,-1.174517444055002
UBFC_PHYS_s04_T3_test,38,233,45.766666666666666,0.5271614193916321,-1.2003951640118244
UBFC_PHYS_s04_T3_test,38,234,45.8,0.3849778175354004,-1.1396563985281623
UBFC_PHYS_s04_T3_test,38,235,45.833333333333336,0.24011445045471191,-1.0096585350601395
UBFC_PHYS_s04_T3_test,38,236,45.86666666666667,0.0915091335773468,-0.8366550019149319
UBFC_PHYS_s04_T3_test,38,237,45.9,-0.060458067804574966,-0.6463399937903768
UBFC_PHYS_s04_T3_test,38,238,45.93333333333333,-0.20812790095806122,-0.45529614242741245
UBFC_PHYS_s04_T3_test,38,239,45.96666666666667,-0.35701578855514526,-0.2677044408475506
UBFC_PHYS_s04_T3_test,39,0,39.0,-0.23337619006633759,0.03307271078494505
UBFC_PHYS_s04_T3_test,39,1,39.03333333333333,-0.36320361495018005,-0.10800566461967419
UBFC_PHYS_s04_T3_test,39,2,39.06666666666667,-0.5493841767311096,-0.21238407937474818
UBFC_PHYS_s04_T3_test,39,3,39.1,-0.7950165867805481,-0.2495680258319078
UBFC_PHYS_s04_T3_test,39,4,39.13333333333333,-0.9452199935913086,-0.20708161245266482
UBFC_PHYS_s04_T3_test,39,5,39.166666666666664,-0.8201479315757751,-0.09484823244959896
UBFC_PHYS_s04_T3_test,39,6,39.2,-0.4528345465660095,0.055722657323594674
UBFC_PHYS_s04_T3_test,39,7,39.233333333333334,-0.06623662263154984,0.1982978604007586
UBFC_PHYS_s04_T3_test,39,8,39.266666666666666,0.19748176634311676,0.2826342253280106
UBFC_PHYS_s04_T3_test,39,9,39.3,0.3698054552078247,0.2674547944632409
UBFC_PHYS_s04_T3_test,39,10,39.333333333333336,0.4891379773616791,0.13185336897537567
UBFC_PHYS_s04_T3_test,39,11,39.36666666666667,0.543493390083313,-0.11787521588964381
UBFC_PHYS_s04_T3_test,39,12,39.4,0.542168140411377,-0.44787161512013285
UBFC_PHYS_s04_T3_test,39,13,39.43333333333333,0.5114531517028809,-0.8029588245809494
UBFC_PHYS_s04_T3_test,39,14,39.46666666666667,0.45293673872947693,-1.1179374106628241
UBFC_PHYS_s04_T3_test,39,15,39.5,0.37629538774490356,-1.3311189542864978
UBFC_PHYS_s04_T3_test,39,16,39.53333333333333,0.3140370547771454,-1.3968049365395565
UBFC_PHYS_s04_T3_test,39,17,39.56666666666667,0.2506873607635498,-1.2939676175911095
UBFC_PHYS_s04_T3_test,39,18,39.6,0.1303219199180603,-1.0297724188626358
UBFC_PHYS_s04_T3_test,39,19,39.63333333333333,-0.0513760931789875,-0.6378342534418642
UBFC_PHYS_s04_T3_test,39,20,39.666666666666664,-0.23371724784374237,-0.1716259730823453
UBFC_PHYS_s04_T3_test,39,21,39.7,-0.3775574266910553,0.3060327497025835
UBFC_PHYS_s04_T3_test,39,22,39.733333333333334,-0.5207252502441406,0.7353348193508231
UBFC_PHYS_s04_T3_test,39,23,39.766666666666666,-0.7291624546051025,1.0705959724120346
UBFC_PHYS_s04_T3_test,39,24,39.8,-0.9719981551170349,1.2871548944071058
UBFC_PHYS_s04_T3_test,39,25,39.833333333333336,-1.0809136629104614,1.3824601244824055
UBFC_PHYS_s04_T3_test,39,26,39.86666666666667,-0.9079955816268921,1.3717059869407235
UBFC_PHYS_s04_T3_test,39,27,39.9,-0.5127931237220764,1.2801939576332269
UBFC_PHYS_s04_T3_test,39,28,39.93333333333333,-0.10771942883729935,1.1355084258386716
UBFC_PHYS_s04_T3_test,39,29,39.96666666666667,0.18139341473579407,0.9620288854846677
UBFC_PHYS_s04_T3_test,39,30,40.0,0.3818497955799103,0.7784897908226307
UBFC_PHYS_s04_T3_test,39,31,40.03333333333333,0.5292468070983887,0.5976708449561368
UBFC_PHYS_s04_T3_test,39,32,40.06666666666667,0.6161102652549744,0.4270075718169987
UBFC_PHYS_s04_T3_test,39,33,40.1,0.6489593386650085,0.2695021393223943
UBFC_PHYS_s04_T3_test,39,34,40.13333333333333,0.6518632173538208,0.12480748065023645
UBFC_PHYS_s04_T3_test,39,35,40.166666666666664,0.6337966918945312,-0.00949145078391185
UBFC_PHYS_s04_T3_test,39,36,40.2,0.5859019756317139,-0.13640307744200988
UBFC_PHYS_s04_T3_test,39,37,40.233333333333334,0.5064736008644104,-0.2580059416051754
UBFC_PHYS_s04_T3_test,39,38,40.266666666666666,0.41081079840660095,-0.37422230868078254
UBFC_PHYS_s04_T3_test,39,39,40.3,0.30326926708221436,-0.48234878655545016
UBFC_PHYS_s04_T3_test,39,40,40.333333333333336,0.1730228066444397,-0.5776810880318077
UBFC_PHYS_s04_T3_test,39,41,40.36666666666667,0.02677568420767784,-0.6551535199012425
UBFC_PHYS_s04_T3_test,39,42,40.4,-0.11869186162948608,-0.7113597088070681
UBFC_PHYS_s04_T3_test,39,43,40.43333333333333,-0.26012513041496277,-0.7460330056793749
UBFC_PHYS_s04_T3_test,39,44,40.46666666666667,-0.3975241482257843,-0.7623105805230618
UBFC_PHYS_s04_T3_test,39,45,40.5,-0.5349231362342834,-0.7656742763833039
UBFC_PHYS_s04_T3_test,39,46,40.53333333333333,-0.7072858214378357,-0.7619626240498044
UBFC_PHYS_s04_T3_test,39,47,40.56666666666667,-0.9317432045936584,-0.7550659831552781
UBFC_PHYS_s04_T3_test,39,48,40.6,-1.1041935682296753,-0.7448688141114004
UBFC_PHYS_s04_T3_test,39,49,40.63333333333333,-1.0422762632369995,-0.725908346151829
UBFC_PHYS_s04_T3_test,39,50,40.666666666666664,-0.7101312279701233,-0.6872307874424861
UBFC_PHYS_s04_T3_test,39,51,40.7,-0.28813114762306213,-0.6139093762558877
UBFC_PHYS_s04_T3_test,39,52,40.733333333333334,0.04692754149436951,-0.49041560113463695
UBFC_PHYS_s04_T3_test,39,53,40.766666666666666,0.27189162373542786,-0.30543701705332055
UBFC_PHYS_s04_T3_test,39,54,40.8,0.434266060590744,-0.056972917454483796
UBFC_PHYS_s04_T3_test,39,55,40.833333333333336,0.5531600713729858,0.24401433512882287
UBFC_PHYS_s04_T3_test,39,56,40.86666666666667,0.6236720681190491,0.5730603338865161
UBFC_PHYS_s04_T3_test,39,57,40.9,0.6434633731842041,0.8955812867043104
UBFC_PHYS_s04_T3_test,39,58,40.93333333333333,0.6275016665458679,1.1735152656310663
UBFC_PHYS_s04_T3_test,39,59,40.96666666666667,0.5956660509109497,1.373123075393288
UBFC_PHYS_s04_T3_test,39,60,41.0,0.5585682988166809,1.471255159282187
UBFC_PHYS_s04_T3_test,39,61,41.03333333333333,0.5177091360092163,1.45820371788848
UBFC_PHYS_s04_T3_test,39,62,41.06666666666667,0.4498476982116699,1.337142670495557
UBFC_PHYS_s04_T3_test,39,63,41.1,0.33101215958595276,1.1215289246163256
UBFC_PHYS_s04_T3_test,39,64,41.13333333333333,0.1934962272644043,0.8316704097624811
UBFC_PHYS_s04_T3_test,39,65,41.166666666666664,0.08605214953422546,0.49105055120571256
UBFC_PHYS_s04_T3_test,39,66,41.2,-0.012485350482165813,0.1231519129441748
UBFC_PHYS_s04_T3_test,39,67,41.233333333333334,-0.15072239935398102,-0.250220891178961
UBFC_PHYS_s04_T3_test,39,68,41.266666666666666,-0.3068700432777405,-0.6087248791596659
UBFC_PHYS_s04_T3_test,39,69,41.3,-0.42889204621315,-0.9319829435805196
UBFC_PHYS_s04_T3_test,39,70,41.333333333333336,-0.5339487195014954,-1.1979837844044752
UBFC_PHYS_s04_T3_test,39,71,41.36666666666667,-0.685935378074646,-1.382632685168808
UBFC_PHYS_s04_T3_test,39,72,41.4,-0.8943823575973511,-1.4615118703476015
UBFC_PHYS_s04_T3_test,39,73,41.43333333333333,-1.0412434339523315,-1.4142317153595705
UBFC_PHYS_s04_T3_test,39,74,41.46666666666667,-0.9580926299095154,-1.2305489886633931
UBFC_PHYS_s04_T3_test,39,75,41.5,-0.6224784851074219,-0.9163442730037897
UBFC_PHYS_s04_T3_test,39,76,41.53333333333333,-0.21180161833763123,-0.4972243947784088
UBFC_PHYS_s04_T3_test,39,77,41.56666666666667,0.09377963095903397,-0.017853498749490593
UBFC_PHYS_s04_T3_test,39,78,41.6,0.2686271667480469,0.4640072371484727
UBFC_PHYS_s04_T3_test,39,79,41.63333333333333,0.3688504993915558,0.8878780281523184
UBFC_PHYS_s04_T3_test,39,80,41.666666666666664,0.43622472882270813,1.2019418978966587
UBFC_PHYS_s04_T3_test,39,81,41.7,0.4770059287548065,1.3711481899188345
UBFC_PHYS_s04_T3_test,39,82,41.733333333333334,0.48205363750457764,1.3799734261031862
UBFC_PHYS_s04_T3_test,39,83,41.766666666666666,0.44824957847595215,1.230980345878744
UBFC_PHYS_s04_T3_test,39,84,41.8,0.38912904262542725,0.9417617897611192
UBFC_PHYS_s04_T3_test,39,85,41.833333333333336,0.32684147357940674,0.5422123920246079
UBFC_PHYS_s04_T3_test,39,86,41.86666666666667,0.2677404284477234,0.07254998537570066
UBFC_PHYS_s04_T3_test,39,87,41.9,0.18446297943592072,-0.4186046224244758
UBFC_PHYS_s04_T3_test,39,88,41.93333333333333,0.048340506851673126,-0.8769230990059005
UBFC_PHYS_s04_T3_test,39,89,41.96666666666667,-0.11244556307792664,-1.24645577458291
UBFC_PHYS_s04_T3_test,39,90,42.0,-0.2406846433877945,-1.4756975328222914
UBFC_PHYS_s04_T3_test,39,91,42.03333333333333,-0.33956319093704224,-1.525718462021889
UBFC_PHYS_s04_T3_test,39,92,42.06666666666667,-0.4688936769962311,-1.3789721384581137
UBFC_PHYS_s04_T3_test,39,93,42.1,-0.6444915533065796,-1.0459949291867265
UBFC_PHYS_s04_T3_test,39,94,42.13333333333333,-0.7784019708633423,-0.5671353575483715
UBFC_PHYS_s04_T3_test,39,95,42.166666666666664,-0.7272330522537231,-0.00771869781836956
UBFC_PHYS_s04_T3_test,39,96,42.2,-0.45628413558006287,0.5530201073218047
UBFC_PHYS_s04_T3_test,39,97,42.233333333333334,-0.10851848870515823,1.0369256934994764
UBFC_PHYS_s04_T3_test,39,98,42.266666666666666,0.16212832927703857,1.3820638109619583
UBFC_PHYS_s04_T3_test,39,99,42.3,0.34241336584091187,1.553860850461767
UBFC_PHYS_s04_T3_test,39,100,42.333333333333336,0.46901535987854004,1.5490792103077746
UBFC_PHYS_s04_T3_test,39,101,42.36666666666667,0.5308059453964233,1.3916280427039884
UBFC_PHYS_s04_T3_test,39,102,42.4,0.5291590690612793,1.1218990798441746
UBFC_PHYS_s04_T3_test,39,103,42.43333333333333,0.5151852965354919,0.783627356445345
UBFC_PHYS_s04_T3_test,39,104,42.46666666666667,0.5100498795509338,0.41322811704907353
UBFC_PHYS_s04_T3_test,39,105,42.5,0.48212185502052307,0.035386919349482474
UBFC_PHYS_s04_T3_test,39,106,42.53333333333333,0.4333403408527374,-0.33440637784898786
UBFC_PHYS_s04_T3_test,39,107,42.56666666666667,0.39656415581703186,-0.6830002280179208
UBFC_PHYS_s04_T3_test,39,108,42.6,0.34659379720687866,-0.992724632719295
UBFC_PHYS_s04_T3_test,39,109,42.63333333333333,0.23670382797718048,-1.238354615587924
UBFC_PHYS_s04_T3_test,39,110,42.666666666666664,0.08493152260780334,-1.3895470552548115
UBFC_PHYS_s04_T3_test,39,111,42.7,-0.04782905429601669,-1.4178205171058589
UBFC_PHYS_s04_T3_test,39,112,42.733333333333334,-0.13747946918010712,-1.3053674084368505
UBFC_PHYS_s04_T3_test,39,113,42.766666666666666,-0.22616517543792725,-1.052545019393801
UBFC_PHYS_s04_T3_test,39,114,42.8,-0.3707751929759979,-0.6816083894285354
UBFC_PHYS_s04_T3_test,39,115,42.833333333333336,-0.5367746353149414,-0.23543198275073948
UBFC_PHYS_s04_T3_test,39,116,42.86666666666667,-0.5693508386611938,0.2289051145405772
UBFC_PHYS_s04_T3_test,39,117,42.9,-0.3405474126338959,0.6505491593927971
UBFC_PHYS_s04_T3_test,39,118,42.93333333333333,0.07687272876501083,0.9767113112494601
UBFC_PHYS_s04_T3_test,39,119,42.96666666666667,0.4982881546020508,1.1722648729884035
UBFC_PHYS_s04_T3_test,39,120,43.0,0.8549993634223938,1.2238103576680563
UBFC_PHYS_s04_T3_test,39,121,43.03333333333333,1.1900677680969238,1.137239603848545
UBFC_PHYS_s04_T3_test,39,122,43.06666666666667,1.495873212814331,0.9312704992820778
UBFC_PHYS_s04_T3_test,39,123,43.1,1.6932209730148315,0.6313011469808603
UBFC_PHYS_s04_T3_test,39,124,43.13333333333333,1.7105274200439453,0.26652994146203773
UBFC_PHYS_s04_T3_test,39,125,43.166666666666664,1.5726412534713745,-0.1296770324514242
UBFC_PHYS_s04_T3_test,39,126,43.2,1.4007949829101562,-0.5181882975647605
UBFC_PHYS_s04_T3_test,39,127,43.233333333333334,1.2642242908477783,-0.8538630327633789
UBFC_PHYS_s04_T3_test,39,128,43.266666666666666,1.1118477582931519,-1.0888709127603011
UBFC_PHYS_s04_T3_test,39,129,43.3,0.8968330025672913,-1.180455730932163
UBFC_PHYS_s04_T3_test,39,130,43.333333333333336,0.6245880722999573,-1.101849629653885
UBFC_PHYS_s04_T3_test,39,131,43.36666666666667,0.3006284832954407,-0.8529413844021793
UBFC_PHYS_s04_T3_test,39,132,43.4,-0.04408712312579155,-0.4663452676755341
UBFC_PHYS_s04_T3_test,39,133,43.43333333333333,-0.3558269739151001,-0.005208674199785053
UBFC_PHYS_s04_T3_test,39,134,43.46666666666667,-0.6164563298225403,0.4485882242305711
UBFC_PHYS_s04_T3_test,39,135,43.5,-0.8524025678634644,0.813665105791237
UBFC_PHYS_s04_T3_test,39,136,43.53333333333333,-1.1090853214263916,1.0300878039193682
UBFC_PHYS_s04_T3_test,39,137,43.56666666666667,-1.4232418537139893,1.0748036705081312
UBFC_PHYS_s04_T3_test,39,138,43.6,-1.7691171169281006,0.9661384884272086
UBFC_PHYS_s04_T3_test,39,139,43.63333333333333,-2.03029203414917,0.7560208470481137
UBFC_PHYS_s04_T3_test,39,140,43.666666666666664,-2.0918684005737305,0.5128856480581832
UBFC_PHYS_s04_T3_test,39,141,43.7,-1.9647791385650635,0.3009793330925847
UBFC_PHYS_s04_T3_test,39,142,43.733333333333334,-1.755689024925232,0.16228035592418175
UBFC_PHYS_s04_T3_test,39,143,43.766666666666666,-1.5233482122421265,0.10585286172119004
UBFC_PHYS_s04_T3_test,39,144,43.8,-1.2430834770202637,0.10709225480055284
UBFC_PHYS_s04_T3_test,39,145,43.833333333333336,-0.9123319387435913,0.11676669357838082
UBFC_PHYS_s04_T3_test,39,146,43.86666666666667,-0.5861116051673889,0.07744228729259536
UBFC_PHYS_s04_T3_test,39,147,43.9,-0.3278014659881592,-0.05706840486620814
UBFC_PHYS_s04_T3_test,39,148,43.93333333333333,-0.17704258859157562,-0.3048295184219527
UBFC_PHYS_s04_T3_test,39,149,43.96666666666667,-0.12479198724031448,-0.6466763649304262
UBFC_PHYS_s04_T3_test,39,150,44.0,-0.11103259772062302,-1.0276815546189069
UBFC_PHYS_s04_T3_test,39,151,44.03333333333333,-0.11147110164165497,-1.3687792268506613
UBFC_PHYS_s04_T3_test,39,152,44.06666666666667,-0.1696561723947525,-1.585574082139956
UBFC_PHYS_s04_T3_test,39,153,44.1,-0.2747713029384613,-1.609868651150259
UBFC_PHYS_s04_T3_test,39,154,44.13333333333333,-0.349522203207016,-1.4088108672918591
UBFC_PHYS_s04_T3_test,39,155,44.166666666666664,-0.393480122089386,-0.996612999726561
UBFC_PHYS_s04_T3_test,39,156,44.2,-0.483968585729599,-0.434738472201598
UBFC_PHYS_s04_T3_test,39,157,44.233333333333334,-0.6114768385887146,0.18102514592686866
UBFC_PHYS_s04_T3_test,39,158,44.266666666666666,-0.6627334952354431,0.7440497298293669
UBFC_PHYS_s04_T3_test,39,159,44.3,-0.5790662169456482,1.1641381224589182
UBFC_PHYS_s04_T3_test,39,160,44.333333333333336,-0.40741491317749023,1.3897147059216992
UBFC_PHYS_s04_T3_test,39,161,44.36666666666667,-0.24493329226970673,1.4176069947266905
UBFC_PHYS_s04_T3_test,39,162,44.4,-0.19987420737743378,1.2879944436054487
UBFC_PHYS_s04_T3_test,39,163,44.43333333333333,-0.26012513041496277,1.0676669055063086
UBFC_PHYS_s04_T3_test,39,164,44.46666666666667,-0.21788224577903748,0.8281356318522193
UBFC_PHYS_s04_T3_test,39,165,44.5,0.08600343018770218,0.6257027962012861
UBFC_PHYS_s04_T3_test,39,166,44.53333333333333,0.5050996541976929,0.4889827464568695
UBFC_PHYS_s04_T3_test,39,167,44.56666666666667,0.7849550843238831,0.4163685153895024
UBFC_PHYS_s04_T3_test,39,168,44.6,0.8946989178657532,0.3825008444356475
UBFC_PHYS_s04_T3_test,39,169,44.63333333333333,0.9383645057678223,0.35015584735712096
UBFC_PHYS_s04_T3_test,39,170,44.666666666666664,0.9455267786979675,0.28303700531757886
UBFC_PHYS_s04_T3_test,39,171,44.7,0.8828007578849792,0.1558222618740288
UBFC_PHYS_s04_T3_test,39,172,44.733333333333334,0.7595606446266174,-0.040248020076653
UBFC_PHYS_s04_T3_test,39,173,44.766666666666666,0.6002070307731628,-0.2962444936063122
UBFC_PHYS_s04_T3_test,39,174,44.8,0.3892459571361542,-0.5881643857369646
UBFC_PHYS_s04_T3_test,39,175,44.833333333333336,0.138721764087677,-0.8822540319924287
UBFC_PHYS_s04_T3_test,39,176,44.86666666666667,-0.09085150808095932,-1.1414543604869165
UBFC_PHYS_s04_T3_test,39,177,44.9,-0.29254546761512756,-1.3311941451971037
UBFC_PHYS_s04_T3_test,39,178,44.93333333333333,-0.5192927718162537,-1.4235455599457751
UBFC_PHYS_s04_T3_test,39,179,44.96666666666667,-0.7491584420204163,-1.3999237538958564
UBFC_PHYS_s04_T3_test,39,180,45.0,-0.8890910148620605,-1.2530929041046355
UBFC_PHYS_s04_T3_test,39,181,45.03333333333333,-0.9320744872093201,-0.9889229367100021
UBFC_PHYS_s04_T3_test,39,182,45.06666666666667,-0.9640076160430908,-0.6274745505813388
UBFC_PHYS_s04_T3_test,39,183,45.1,-1.0049738883972168,-0.20234390883370745
UBFC_PHYS_s04_T3_test,39,184,45.13333333333333,-1.0289748907089233,0.24266218787117394
UBFC_PHYS_s04_T3_test,39,185,45.166666666666664,-1.070438265800476,0.6597008093623135
UBFC_PHYS_s04_T3_test,39,186,45.2,-1.1963093280792236,1.0051302227948342
UBFC_PHYS_s04_T3_test,39,187,45.233333333333334,-1.3834155797958374,1.2478709831553831
UBFC_PHYS_s04_T3_test,39,188,45.266666666666666,-1.4736506938934326,1.3749799391166444
UBFC_PHYS_s04_T3_test,39,189,45.3,-1.2972537279129028,1.3919619482189272
UBFC_PHYS_s04_T3_test,39,190,45.333333333333336,-0.8741330504417419,1.317665525034255
UBFC_PHYS_s04_T3_test,39,191,45.36666666666667,-0.39507824182510376,1.176172570774172
UBFC_PHYS_s04_T3_test,39,192,45.4,-0.01388857513666153,0.9890269433769681
UBFC_PHYS_s04_T3_test,39,193,45.43333333333333,0.26060736179351807,0.7703401648604852
UBFC_PHYS_s04_T3_test,39,194,45.46666666666667,0.4645620584487915,0.5257221470576336
UBFC_PHYS_s04_T3_test,39,195,45.5,0.6043192744255066,0.2545743157246108
UBFC_PHYS_s04_T3_test,39,196,45.53333333333333,0.6894481778144836,-0.04543769781206805
UBFC_PHYS_s04_T3_test,39,197,45.56666666666667,0.7412115335464478,-0.37312068281868516
UBFC_PHYS_s04_T3_test,39,198,45.6,0.7606033086776733,-0.719129071248096
UBFC_PHYS_s04_T3_test,39,199,45.63333333333333,0.7519988417625427,-1.0632566760293087
UBFC_PHYS_s04_T3_test,39,200,45.666666666666664,0.7368459701538086,-1.3744721971005394
UBFC_PHYS_s04_T3_test,39,201,45.7,0.7127183079719543,-1.6139502554493523
UBFC_PHYS_s04_T3_test,39,202,45.733333333333334,0.6461236476898193,-1.7408547179722638
UBFC_PHYS_s04_T3_test,39,203,45.766666666666666,0.5271614193916321,-1.7202021307025963
UBFC_PHYS_s04_T3_test,39,204,45.8,0.3849778175354004,-1.5316476572128008
UBFC_PHYS_s04_T3_test,39,205,45.833333333333336,0.24011445045471191,-1.1774232991280758
UBFC_PHYS_s04_T3_test,39,206,45.86666666666667,0.0915091335773468,-0.6870703105564296
UBFC_PHYS_s04_T3_test,39,207,45.9,-0.060458067804574966,-0.11647779031043339
UBFC_PHYS_s04_T3_test,39,208,45.93333333333333,-0.20812790095806122,0.4603717219009916
UBFC_PHYS_s04_T3_test,39,209,45.96666666666667,-0.35701578855514526,0.9662331206096466
UBFC_PHYS_s04_T3_test,39,210,46.0,-0.5479322075843811,1.3381004747561096
UBFC_PHYS_s04_T3_test,39,211,46.03333333333333,-0.7869870066642761,1.541378739353463
UBFC_PHYS_s04_T3_test,39,212,46.06666666666667,-0.9300378561019897,1.5754684693437913
UBFC_PHYS_s04_T3_test,39,213,46.1,-0.8082302212715149,1.4689619359409296
UBFC_PHYS_s04_T3_test,39,214,46.13333333333333,-0.4545885920524597,1.267089226545612
UBFC_PHYS_s04_T3_test,39,215,46.166666666666664,-0.07088480144739151,1.0169687352478938
UBFC_PHYS_s04_T3_test,39,216,46.2,0.2067391574382782,0.7560503172665161
UBFC_PHYS_s04_T3_test,39,217,46.233333333333334,0.38126513361930847,0.5066841766130161
UBFC_PHYS_s04_T3_test,39,218,46.266666666666666,0.48881638050079346,0.27683490965108387
UBFC_PHYS_s04_T3_test,39,219,46.3,0.5438344478607178,0.06485612573265255
UBFC_PHYS_s04_T3_test,39,220,46.333333333333336,0.5665102005004883,-0.134512158565151
UBFC_PHYS_s04_T3_test,39,221,46.36666666666667,0.582198977470398,-0.325209890271721
UBFC_PHYS_s04_T3_test,39,222,46.4,0.5995541214942932,-0.50696040777003
UBFC_PHYS_s04_T3_test,39,223,46.43333333333333,0.608762800693512,-0.674140688828626
UBFC_PHYS_s04_T3_test,39,224,46.46666666666667,0.5907352566719055,-0.8156518004861093
UBFC_PHYS_s04_T3_test,39,225,46.5,0.5351812243461609,-0.9154334711059319
UBFC_PHYS_s04_T3_test,39,226,46.53333333333333,0.4561329782009125,-0.9541189797529922
UBFC_PHYS_s04_T3_test,39,227,46.56666666666667,0.36293551325798035,-0.9126583524147975
UBFC_PHYS_s04_T3_test,39,228,46.6,0.23530060052871704,-0.7779643793339426
UBFC_PHYS_s04_T3_test,39,229,46.63333333333333,0.07585928589105606,-0.5492797464865057
UBFC_PHYS_s04_T3_test,39,230,46.666666666666664,-0.07439286261796951,-0.2429767920961884
UBFC_PHYS_s04_T3_test,39,231,46.7,-0.20294375717639923,0.10658051910034062
UBFC_PHYS_s04_T3_test,39,232,46.733333333333334,-0.35120800137519836,0.45151289125023847
UBFC_PHYS_s04_T3_test,39,233,46.766666666666666,-0.562588095664978,0.7397308948697184
UBFC_PHYS_s04_T3_test,39,234,46.8,-0.8178189396858215,0.9263676880938531
UBFC_PHYS_s04_T3_test,39,235,46.833333333333336,-0.9973536729812622,0.9834677566782789
UBFC_PHYS_s04_T3_test,39,236,46.86666666666667,-0.9418678283691406,0.9048183356301145
UBFC_PHYS_s04_T3_test,39,237,46.9,-0.6254603266716003,0.7050527962738542
UBFC_PHYS_s04_T3_test,39,238,46.93333333333333,-0.2192952185869217,0.4146004232575386
UBFC_PHYS_s04_T3_test,39,239,46.96666666666667,0.09166504442691803,0.07337196031474687
UBFC_PHYS_s04_T3_test,40,0,40.0,0.3818497955799103,-0.03314543995736331
UBFC_PHYS_s04_T3_test,40,1,40.03333333333333,0.5292468070983887,-0.24277827510424238
UBFC_PHYS_s04_T3_test,40,2,40.06666666666667,0.6161102652549744,-0.3897987203224362
UBFC_PHYS_s04_T3_test,40,3,40.1,0.6489593386650085,-0.4277023189074384
UBFC_PHYS_s04_T3_test,40,4,40.13333333333333,0.6518632173538208,-0.33712601266644077
UBFC_PHYS_s04_T3_test,40,5,40.166666666666664,0.6337966918945312,-0.13129244479261096
UBFC_PHYS_s04_T3_test,40,6,40.2,0.5859019756317139,0.1470506122242708
UBFC_PHYS_s04_T3_test,40,7,40.233333333333334,0.5064736008644104,0.436834681174426
UBFC_PHYS_s04_T3_test,40,8,40.266666666666666,0.41081079840660095,0.6751664499914385
UBFC_PHYS_s04_T3_test,40,9,40.3,0.30326926708221436,0.8143194121464762
UBFC_PHYS_s04_T3_test,40,10,40.333333333333336,0.1730228066444397,0.8337087057703716
UBFC_PHYS_s04_T3_test,40,11,40.36666666666667,0.02677568420767784,0.7428351068483109
UBFC_PHYS_s04_T3_test,40,12,40.4,-0.11869186162948608,0.5748565541125246
UBFC_PHYS_s04_T3_test,40,13,40.43333333333333,-0.26012513041496277,0.3741683301523321
UBFC_PHYS_s04_T3_test,40,14,40.46666666666667,-0.3975241482257843,0.18296569214809533
UBFC_PHYS_s04_T3_test,40,15,40.5,-0.5349231362342834,0.031035642409071668
UBFC_PHYS_s04_T3_test,40,16,40.53333333333333,-0.7072858214378357,-0.06898153492418443
UBFC_PHYS_s04_T3_test,40,17,40.56666666666667,-0.9317432045936584,-0.12078344546819343
UBFC_PHYS_s04_T3_test,40,18,40.6,-1.1041935682296753,-0.13950751167325615
UBFC_PHYS_s04_T3_test,40,19,40.63333333333333,-1.0422762632369995,-0.14487354854540935
UBFC_PHYS_s04_T3_test,40,20,40.666666666666664,-0.7101312279701233,-0.1544554627785821
UBFC_PHYS_s04_T3_test,40,21,40.7,-0.28813114762306213,-0.17868121407562546
UBFC_PHYS_s04_T3_test,40,22,40.733333333333334,0.04692754149436951,-0.2184735784538301
UBFC_PHYS_s04_T3_test,40,23,40.766666666666666,0.27189162373542786,-0.26573116037985645
UBFC_PHYS_s04_T3_test,40,24,40.8,0.434266060590744,-0.3062174226071867
UBFC_PHYS_s04_T3_test,40,25,40.833333333333336,0.5531600713729858,-0.3239787673206781
UBFC_PHYS_s04_T3_test,40,26,40.86666666666667,0.6236720681190491,-0.30619421198184976
UBFC_PHYS_s04_T3_test,40,27,40.9,0.6434633731842041,-0.24730734863105122
UBFC_PHYS_s04_T3_test,40,28,40.93333333333333,0.6275016665458679,-0.15138697882941865
UBFC_PHYS_s04_T3_test,40,29,40.96666666666667,0.5956660509109497,-0.032031424547681694
UBFC_PHYS_s04_T3_test,40,30,41.0,0.5585682988166809,0.0902024383047073
UBFC_PHYS_s04_T3_test,40,31,41.03333333333333,0.5177091360092163,0.19220276476750978
UBFC_PHYS_s04_T3_test,40,32,41.06666666666667,0.4498476982116699,0.253502606358573
UBFC_PHYS_s04_T3_test,40,33,41.1,0.33101215958595276,0.2609943330380727
UBFC_PHYS_s04_T3_test,40,34,41.13333333333333,0.1934962272644043,0.21173832165531836
UBFC_PHYS_s04_T3_test,40,35,41.166666666666664,0.08605214953422546,0.11284957286102026
UBFC_PHYS_s04_T3_test,40,36,41.2,-0.012485350482165813,-0.0213843634003792
UBFC_PHYS_s04_T3_test,40,37,41.233333333333334,-0.15072239935398102,-0.17369483196129118
UBFC_PHYS_s04_T3_test,40,38,41.266666666666666,-0.3068700432777405,-0.3273216683233932
UBFC_PHYS_s04_T3_test,40,39,41.3,-0.42889204621315,-0.4674262101174187
UBFC_PHYS_s04_T3_test,40,40,41.333333333333336,-0.5339487195014954,-0.5805549739162043
UBFC_PHYS_s04_T3_test,40,41,41.36666666666667,-0.685935378074646,-0.6535368703095722
UBFC_PHYS_s04_T3_test,40,42,41.4,-0.8943823575973511,-0.6733047002164323
UBFC_PHYS_s04_T3_test,40,43,41.43333333333333,-1.0412434339523315,-0.6283140856130358
UBFC_PHYS_s04_T3_test,40,44,41.46666666666667,-0.9580926299095154,-0.5112557071350792
UBFC_PHYS_s04_T3_test,40,45,41.5,-0.6224784851074219,-0.3221621495326499
UBFC_PHYS_s04_T3_test,40,46,41.53333333333333,-0.21180161833763123,-0.07092931730472125
UBFC_PHYS_s04_T3_test,40,47,41.56666666666667,0.09377963095903397,0.2215886891778215
UBFC_PHYS_s04_T3_test,40,48,41.6,0.2686271667480469,0.5246363155626542
UBFC_PHYS_s04_T3_test,40,49,41.63333333333333,0.3688504993915558,0.8011709779334791
UBFC_PHYS_s04_T3_test,40,50,41.666666666666664,0.43622472882270813,1.0136776914608345
UBFC_PHYS_s04_T3_test,40,51,41.7,0.4770059287548065,1.1308468422689018
UBFC_PHYS_s04_T3_test,40,52,41.733333333333334,0.48205363750457764,1.1331460285568882
UBFC_PHYS_s04_T3_test,40,53,41.766666666666666,0.44824957847595215,1.0156381024631271
UBFC_PHYS_s04_T3_test,40,54,41.8,0.38912904262542725,0.7877309729608757
UBFC_PHYS_s04_T3_test,40,55,41.833333333333336,0.32684147357940674,0.47099511291789903
UBFC_PHYS_s04_T3_test,40,56,41.86666666666667,0.2677404284477234,0.09671708367199192
UBFC_PHYS_s04_T3_test,40,57,41.9,0.18446297943592072,-0.2958289228232434
UBFC_PHYS_s04_T3_test,40,58,41.93333333333333,0.048340506851673126,-0.660840248868957
UBFC_PHYS_s04_T3_test,40,59,41.96666666666667,-0.11244556307792664,-0.9487873759492864
UBFC_PHYS_s04_T3_test,40,60,42.0,-0.2406846433877945,-1.1121713864636396
UBFC_PHYS_s04_T3_test,40,61,42.03333333333333,-0.33956319093704224,-1.1145378381164266
UBFC_PHYS_s04_T3_test,40,62,42.06666666666667,-0.4688936769962311,-0.9409849072477384
UBFC_PHYS_s04_T3_test,40,63,42.1,-0.6444915533065796,-0.6066111330764969
UBFC_PHYS_s04_T3_test,40,64,42.13333333333333,-0.7784019708633423,-0.15886965531135083
UBFC_PHYS_s04_T3_test,40,65,42.166666666666664,-0.7272330522537231,0.3287829813794111
UBFC_PHYS_s04_T3_test,40,66,42.2,-0.45628413558006287,0.7715176870814999
UBFC_PHYS_s04_T3_test,40,67,42.233333333333334,-0.10851848870515823,1.092279478824328
UBFC_PHYS_s04_T3_test,40,68,42.266666666666666,0.16212832927703857,1.239609404029289
UBFC_PHYS_s04_T3_test,40,69,42.3,0.34241336584091187,1.198402853150144
UBFC_PHYS_s04_T3_test,40,70,42.333333333333336,0.46901535987854004,0.9902008301286211
UBFC_PHYS_s04_T3_test,40,71,42.36666666666667,0.5308059453964233,0.6633599097503611
UBFC_PHYS_s04_T3_test,40,72,42.4,0.5291590690612793,0.2771566017573168
UBFC_PHYS_s04_T3_test,40,73,42.43333333333333,0.5151852965354919,-0.11411788077077525
UBFC_PHYS_s04_T3_test,40,74,42.46666666666667,0.5100498795509338,-0.4716793903216306
UBFC_PHYS_s04_T3_test,40,75,42.5,0.48212185502052307,-0.7748085192772981
UBFC_PHYS_s04_T3_test,40,76,42.53333333333333,0.4333403408527374,-1.0163709776654164
UBFC_PHYS_s04_T3_test,40,77,42.56666666666667,0.39656415581703186,-1.1948113331457497
UBFC_PHYS_s04_T3_test,40,78,42.6,0.34659379720687866,-1.30677983362925
UBFC_PHYS_s04_T3_test,40,79,42.63333333333333,0.23670382797718048,-1.3434096328043863
UBFC_PHYS_s04_T3_test,40,80,42.666666666666664,0.08493152260780334,-1.2912389219762386
UBFC_PHYS_s04_T3_test,40,81,42.7,-0.04782905429601669,-1.1369576226648046
UBFC_PHYS_s04_T3_test,40,82,42.733333333333334,-0.13747946918010712,-0.8741900180233926
UBFC_PHYS_s04_T3_test,40,83,42.766666666666666,-0.22616517543792725,-0.5101865257482378
UBFC_PHYS_s04_T3_test,40,84,42.8,-0.3707751929759979,-0.07017207184790918
UBFC_PHYS_s04_T3_test,40,85,42.833333333333336,-0.5367746353149414,0.4027465778053573
UBFC_PHYS_s04_T3_test,40,86,42.86666666666667,-0.5693508386611938,0.8533684367078336
UBFC_PHYS_s04_T3_test,40,87,42.9,-0.3405474126338959,1.225219848858465
UBFC_PHYS_s04_T3_test,40,88,42.93333333333333,0.07687272876501083,1.4731890065496849
UBFC_PHYS_s04_T3_test,40,89,42.96666666666667,0.4982881546020508,1.573251651344803
UBFC_PHYS_s04_T3_test,40,90,43.0,0.8549993634223938,1.525527519939958
UBFC_PHYS_s04_T3_test,40,91,43.03333333333333,1.1900677680969238,1.3498874530460536
UBFC_PHYS_s04_T3_test,40,92,43.06666666666667,1.495873212814331,1.0767004106696612
UBFC_PHYS_s04_T3_test,40,93,43.1,1.6932209730148315,0.7373128264366424
UBFC_PHYS_s04_T3_test,40,94,43.13333333333333,1.7105274200439453,0.3584705807397761
UBFC_PHYS_s04_T3_test,40,95,43.166666666666664,1.5726412534713745,-0.03753370213693863
UBFC_PHYS_s04_T3_test,40,96,43.2,1.4007949829101562,-0.4283737288552341
UBFC_PHYS_s04_T3_test,40,97,43.233333333333334,1.2642242908477783,-0.7865636510272043
UBFC_PHYS_s04_T3_test,40,98,43.266666666666666,1.1118477582931519,-1.077725702914589
UBFC_PHYS_s04_T3_test,40,99,43.3,0.8968330025672913,-1.2645684981306102
UBFC_PHYS_s04_T3_test,40,100,43.333333333333336,0.6245880722999573,-1.31597024466708
UBFC_PHYS_s04_T3_test,40,101,43.36666666666667,0.3006284832954407,-1.2177612589981972
UBFC_PHYS_s04_T3_test,40,102,43.4,-0.04408712312579155,-0.9804489250454035
UBFC_PHYS_s04_T3_test,40,103,43.43333333333333,-0.3558269739151001,-0.6400365395019675
UBFC_PHYS_s04_T3_test,40,104,43.46666666666667,-0.6164563298225403,-0.2509830701336785
UBFC_PHYS_s04_T3_test,40,105,43.5,-0.8524025678634644,0.12637120262584217
UBFC_PHYS_s04_T3_test,40,106,43.53333333333333,-1.1090853214263916,0.43967029603010843
UBFC_PHYS_s04_T3_test,40,107,43.56666666666667,-1.4232418537139893,0.6555534804192744
UBFC_PHYS_s04_T3_test,40,108,43.6,-1.7691171169281006,0.7652593204877751
UBFC_PHYS_s04_T3_test,40,109,43.63333333333333,-2.03029203414917,0.7839770866189345
UBFC_PHYS_s04_T3_test,40,110,43.666666666666664,-2.0918684005737305,0.7440837818486833
UBFC_PHYS_s04_T3_test,40,111,43.7,-1.9647791385650635,0.6834772365818449
UBFC_PHYS_s04_T3_test,40,112,43.733333333333334,-1.755689024925232,0.6320407854299678
UBFC_PHYS_s04_T3_test,40,113,43.766666666666666,-1.5233482122421265,0.6006481700344165
UBFC_PHYS_s04_T3_test,40,114,43.8,-1.2430834770202637,0.576663506368353
UBFC_PHYS_s04_T3_test,40,115,43.833333333333336,-0.9123319387435913,0.5279170662089808
UBFC_PHYS_s04_T3_test,40,116,43.86666666666667,-0.5861116051673889,0.41458769872957063
UBFC_PHYS_s04_T3_test,40,117,43.9,-0.3278014659881592,0.2056733172649056
UBFC_PHYS_s04_T3_test,40,118,43.93333333333333,-0.17704258859157562,-0.10560799245206084
UBFC_PHYS_s04_T3_test,40,119,43.96666666666667,-0.12479198724031448,-0.4935334990872997
UBFC_PHYS_s04_T3_test,40,120,44.0,-0.11103259772062302,-0.9023027872944676
UBFC_PHYS_s04_T3_test,40,121,44.03333333333333,-0.11147110164165497,-1.2586890371254986
UBFC_PHYS_s04_T3_test,40,122,44.06666666666667,-0.1696561723947525,-1.4907931871317341
UBFC_PHYS_s04_T3_test,40,123,44.1,-0.2747713029384613,-1.5470191403887819
UBFC_PHYS_s04_T3_test,40,124,44.13333333333333,-0.349522203207016,-1.409834624747199
UBFC_PHYS_s04_T3_test,40,125,44.166666666666664,-0.393480122089386,-1.1006981822530377
UBFC_PHYS_s04_T3_test,40,126,44.2,-0.483968585729599,-0.6747684510627762
UBFC_PHYS_s04_T3_test,40,127,44.233333333333334,-0.6114768385887146,-0.2065542865969204
UBFC_PHYS_s04_T3_test,40,128,44.266666666666666,-0.6627334952354431,0.22956167300549304
UBFC_PHYS_s04_T3_test,40,129,44.3,-0.5790662169456482,0.5778819304648813
UBFC_PHYS_s04_T3_test,40,130,44.333333333333336,-0.40741491317749023,0.8128001951266552
UBFC_PHYS_s04_T3_test,40,131,44.36666666666667,-0.24493329226970673,0.9394318484186243
UBFC_PHYS_s04_T3_test,40,132,44.4,-0.19987420737743378,0.984576782028237
UBFC_PHYS_s04_T3_test,40,133,44.43333333333333,-0.26012513041496277,0.9830321605687823
UBFC_PHYS_s04_T3_test,40,134,44.46666666666667,-0.21788224577903748,0.964894510504214
UBFC_PHYS_s04_T3_test,40,135,44.5,0.08600343018770218,0.9473949521135839
UBFC_PHYS_s04_T3_test,40,136,44.53333333333333,0.5050996541976929,0.9320899821002101
UBFC_PHYS_s04_T3_test,40,137,44.56666666666667,0.7849550843238831,0.9064811389742315
UBFC_PHYS_s04_T3_test,40,138,44.6,0.8946989178657532,0.8487939133499415
UBFC_PHYS_s04_T3_test,40,139,44.63333333333333,0.9383645057678223,0.7348309123606894
UBFC_PHYS_s04_T3_test,40,140,44.666666666666664,0.9455267786979675,0.5455855100064272
UBFC_PHYS_s04_T3_test,40,141,44.7,0.8828007578849792,0.27387952186089104
UBFC_PHYS_s04_T3_test,40,142,44.733333333333334,0.7595606446266174,-0.07167295383387184
UBFC_PHYS_s04_T3_test,40,143,44.766666666666666,0.6002070307731628,-0.4664257808435896
UBFC_PHYS_s04_T3_test,40,144,44.8,0.3892459571361542,-0.8731745534690885
UBFC_PHYS_s04_T3_test,40,145,44.833333333333336,0.138721764087677,-1.2481247022131186
UBFC_PHYS_s04_T3_test,40,146,44.86666666666667,-0.09085150808095932,-1.547301444119476
UBFC_PHYS_s04_T3_test,40,147,44.9,-0.29254546761512756,-1.7317390700948272
UBFC_PHYS_s04_T3_test,40,148,44.93333333333333,-0.5192927718162537,-1.7714163133968042
UBFC_PHYS_s04_T3_test,40,149,44.96666666666667,-0.7491584420204163,-1.649104668380902
UBFC_PHYS_s04_T3_test,40,150,45.0,-0.8890910148620605,-1.3646777782150086
UBFC_PHYS_s04_T3_test,40,151,45.03333333333333,-0.9320744872093201,-0.938738523284362
UBFC_PHYS_s04_T3_test,40,152,45.06666666666667,-0.9640076160430908,-0.4132832532012007
UBFC_PHYS_s04_T3_test,40,153,45.1,-1.0049738883972168,0.15256303273794386
UBFC_PHYS_s04_T3_test,40,154,45.13333333333333,-1.0289748907089233,0.6920009616157506
UBFC_PHYS_s04_T3_test,40,155,45.166666666666664,-1.070438265800476,1.1432611952162703
UBFC_PHYS_s04_T3_test,40,156,45.2,-1.1963093280792236,1.4620165678071986
UBFC_PHYS_s04_T3_test,40,157,45.233333333333334,-1.3834155797958374,1.629540467611098
UBFC_PHYS_s04_T3_test,40,158,45.266666666666666,-1.4736506938934326,1.653645495717691
UBFC_PHYS_s04_T3_test,40,159,45.3,-1.2972537279129028,1.561915315048004
UBFC_PHYS_s04_T3_test,40,160,45.333333333333336,-0.8741330504417419,1.3899805138218717
UBFC_PHYS_s04_T3_test,40,161,45.36666666666667,-0.39507824182510376,1.1696904003509994
UBFC_PHYS_s04_T3_test,40,162,45.4,-0.01388857513666153,0.92158212458513
UBFC_PHYS_s04_T3_test,40,163,45.43333333333333,0.26060736179351807,0.6536406641081014
UBFC_PHYS_s04_T3_test,40,164,45.46666666666667,0.4645620584487915,0.3655491781647471
UBFC_PHYS_s04_T3_test,40,165,45.5,0.6043192744255066,0.05567044441809043
UBFC_PHYS_s04_T3_test,40,166,45.53333333333333,0.6894481778144836,-0.2725413932578578
UBFC_PHYS_s04_T3_test,40,167,45.56666666666667,0.7412115335464478,-0.6072204184482863
UBFC_PHYS_s04_T3_test,40,168,45.6,0.7606033086776733,-0.9287888886233954
UBFC_PHYS_s04_T3_test,40,169,45.63333333333333,0.7519988417625427,-1.2137834308058957
UBFC_PHYS_s04_T3_test,40,170,45.666666666666664,0.7368459701538086,-1.4395531697798158
UBFC_PHYS_s04_T3_test,40,171,45.7,0.7127183079719543,-1.5874864073129251
UBFC_PHYS_s04_T3_test,40,172,45.733333333333334,0.6461236476898193,-1.6437842712774562
UBFC_PHYS_s04_T3_test,40,173,45.766666666666666,0.5271614193916321,-1.5986122991924123
UBFC_PHYS_s04_T3_test,40,174,45.8,0.3849778175354004,-1.445471711554013
UBFC_PHYS_s04_T3_test,40,175,45.833333333333336,0.24011445045471191,-1.1823460729218893
UBFC_PHYS_s04_T3_test,40,176,45.86666666666667,0.0915091335773468,-0.8149095173048927
UBFC_PHYS_s04_T3_test,40,177,45.9,-0.060458067804574966,-0.3607150653863272
UBFC_PHYS_s04_T3_test,40,178,45.93333333333333,-0.20812790095806122,0.14750450638128432
UBFC_PHYS_s04_T3_test,40,179,45.96666666666667,-0.35701578855514526,0.6616791018553184
UBFC_PHYS_s04_T3_test,40,180,46.0,-0.5479322075843811,1.1235733097973248
UBFC_PHYS_s04_T3_test,40,181,46.03333333333333,-0.7869870066642761,1.4757140737438568
UBFC_PHYS_s04_T3_test,40,182,46.06666666666667,-0.9300378561019897,1.674947170491491
UBFC_PHYS_s04_T3_test,40,183,46.1,-0.8082302212715149,1.7030646365323983
UBFC_PHYS_s04_T3_test,40,184,46.13333333333333,-0.4545885920524597,1.5701481331600045
UBFC_PHYS_s04_T3_test,40,185,46.166666666666664,-0.07088480144739151,1.3098807516329578
UBFC_PHYS_s04_T3_test,40,186,46.2,0.2067391574382782,0.969361786686262
UBFC_PHYS_s04_T3_test,40,187,46.233333333333334,0.38126513361930847,0.597451317193434
UBFC_PHYS_s04_T3_test,40,188,46.266666666666666,0.48881638050079346,0.23524362906061977
UBFC_PHYS_s04_T3_test,40,189,46.3,0.5438344478607178,-0.08931875225398597
UBFC_PHYS_s04_T3_test,40,190,46.333333333333336,0.5665102005004883,-0.36239959642656516
UBFC_PHYS_s04_T3_test,40,191,46.36666666666667,0.582198977470398,-0.5816934885436934
UBFC_PHYS_s04_T3_test,40,192,46.4,0.5995541214942932,-0.7517161001781851
UBFC_PHYS_s04_T3_test,40,193,46.43333333333333,0.608762800693512,-0.8783962975018208
UBFC_PHYS_s04_T3_test,40,194,46.46666666666667,0.5907352566719055,-0.9643093673484033
UBFC_PHYS_s04_T3_test,40,195,46.5,0.5351812243461609,-1.0057209658081474
UBFC_PHYS_s04_T3_test,40,196,46.53333333333333,0.4561329782009125,-0.992291807916075
UBFC_PHYS_s04_T3_test,40,197,46.56666666666667,0.36293551325798035,-0.9098060717743404
UBFC_PHYS_s04_T3_test,40,198,46.6,0.23530060052871704,-0.7456057504270096
UBFC_PHYS_s04_T3_test,40,199,46.63333333333333,0.07585928589105606,-0.49546191958351904
UBFC_PHYS_s04_T3_test,40,200,46.666666666666664,-0.07439286261796951,-0.16960886905589762
UBFC_PHYS_s04_T3_test,40,201,46.7,-0.20294375717639923,0.2046669855946439
UBFC_PHYS_s04_T3_test,40,202,46.733333333333334,-0.35120800137519836,0.5855998504533719
UBFC_PHYS_s04_T3_test,40,203,46.766666666666666,-0.562588095664978,0.9245617860239174
UBFC_PHYS_s04_T3_test,40,204,46.8,-0.8178189396858215,1.1766372483796692
UBFC_PHYS_s04_T3_test,40,205,46.833333333333336,-0.9973536729812622,1.3108004383818375
UBFC_PHYS_s04_T3_test,40,206,46.86666666666667,-0.9418678283691406,1.3163401266325518
UBFC_PHYS_s04_T3_test,40,207,46.9,-0.6254603266716003,1.2034846610049803
UBFC_PHYS_s04_T3_test,40,208,46.93333333333333,-0.2192952185869217,0.9983009946931964
UBFC_PHYS_s04_T3_test,40,209,46.96666666666667,0.09166504442691803,0.7339586733342807
UBFC_PHYS_s04_T3_test,40,210,47.0,0.2774850130081177,0.4415257948344131
UBFC_PHYS_s04_T3_test,40,211,47.03333333333333,0.4016411006450653,0.14331192648147525
UBFC_PHYS_s04_T3_test,40,212,47.06666666666667,0.49290913343429565,-0.14940762861040494
UBFC_PHYS_s04_T3_test,40,213,47.1,0.5414957404136658,-0.4341539617735563
UBFC_PHYS_s04_T3_test,40,214,47.13333333333333,0.5547289252281189,-0.7119418674085184
UBFC_PHYS_s04_T3_test,40,215,47.166666666666664,0.5494083762168884,-0.9812232214264445
UBFC_PHYS_s04_T3_test,40,216,47.2,0.5279020071029663,-1.233275894751198
UBFC_PHYS_s04_T3_test,40,217,47.233333333333334,0.4850257337093353,-1.4504383487909462
UBFC_PHYS_s04_T3_test,40,218,47.266666666666666,0.4056461453437805,-1.6076112657491703
UBFC_PHYS_s04_T3_test,40,219,47.3,0.26921185851097107,-1.6766664807416576
UBFC_PHYS_s04_T3_test,40,220,47.333333333333336,0.08931659907102585,-1.632904895620457
UBFC_PHYS_s04_T3_test,40,221,47.36666666666667,-0.08752859383821487,-1.4622569379377002
UBFC_PHYS_s04_T3_test,40,222,47.4,-0.23849210143089294,-1.1674095265598476
UBFC_PHYS_s04_T3_test,40,223,47.43333333333333,-0.40201640129089355,-0.7708436411930638
UBFC_PHYS_s04_T3_test,40,224,47.46666666666667,-0.6201592683792114,-0.31329053345811086
UBFC_PHYS_s04_T3_test,40,225,47.5,-0.8095750212669373,0.1526852906884484
UBFC_PHYS_s04_T3_test,40,226,47.53333333333333,-0.765412449836731,0.5727580224271395
UBFC_PHYS_s04_T3_test,40,227,47.56666666666667,-0.4426904320716858,0.9019779299856647
UBFC_PHYS_s04_T3_test,40,228,47.6,-0.027131499722599983,1.113679835040765
UBFC_PHYS_s04_T3_test,40,229,47.63333333333333,0.2931738495826721,1.2033682195064037
UBFC_PHYS_s04_T3_test,40,230,47.666666666666664,0.47754189372062683,1.186562113886322
UBFC_PHYS_s04_T3_test,40,231,47.7,0.5486288070678711,1.0918753225031546
UBFC_PHYS_s04_T3_test,40,232,47.733333333333334,0.5258264541625977,0.95228738765543
UBFC_PHYS_s04_T3_test,40,233,47.766666666666666,0.4553631544113159,0.7977424579806164
UBFC_PHYS_s04_T3_test,40,234,47.8,0.4013487696647644,0.6508459120917814
UBFC_PHYS_s04_T3_test,40,235,47.833333333333336,0.3809240758419037,0.525614672511591
UBFC_PHYS_s04_T3_test,40,236,47.86666666666667,0.35169023275375366,0.42816549451593494
UBFC_PHYS_s04_T3_test,40,237,47.9,0.2671947181224823,0.358114335302424
UBFC_PHYS_s04_T3_test,40,238,47.93333333333333,0.13047783076763153,0.30994463477347867
UBFC_PHYS_s04_T3_test,40,239,47.96666666666667,-0.02699507586658001,0.2743296315249545
UBFC_PHYS_s04_T3_test,41,0,41.0,0.5585682988166809,-0.0557395593465451
UBFC_PHYS_s04_T3_test,41,1,41.03333333333333,0.5177091360092163,-0.0033884470383504367
UBFC_PHYS_s04_T3_test,41,2,41.06666666666667,0.4498476982116699,0.05618472768531147
UBFC_PHYS_s04_T3_test,41,3,41.1,0.33101215958595276,0.12318355055014894
UBFC_PHYS_s04_T3_test,41,4,41.13333333333333,0.1934962272644043,0.18872451047405336
UBFC_PHYS_s04_T3_test,41,5,41.166666666666664,0.08605214953422546,0.23535084852941374
UBFC_PHYS_s04_T3_test,41,6,41.2,-0.012485350482165813,0.24148013403128005
UBFC_PHYS_s04_T3_test,41,7,41.233333333333334,-0.15072239935398102,0.1885155534839172
UBFC_PHYS_s04_T3_test,41,8,41.266666666666666,-0.3068700432777405,0.06857804703361528
UBFC_PHYS_s04_T3_test,41,9,41.3,-0.42889204621315,-0.10950646664750996
UBFC_PHYS_s04_T3_test,41,10,41.333333333333336,-0.5339487195014954,-0.31826681995619954
UBFC_PHYS_s04_T3_test,41,11,41.36666666666667,-0.685935378074646,-0.515278466370943
UBFC_PHYS_s04_T3_test,41,12,41.4,-0.8943823575973511,-0.6524949233036347
UBFC_PHYS_s04_T3_test,41,13,41.43333333333333,-1.0412434339523315,-0.6890743003346801
UBFC_PHYS_s04_T3_test,41,14,41.46666666666667,-0.9580926299095154,-0.6036554218660692
UBFC_PHYS_s04_T3_test,41,15,41.5,-0.6224784851074219,-0.4015677539489409
UBFC_PHYS_s04_T3_test,41,16,41.53333333333333,-0.21180161833763123,-0.11410299464235
UBFC_PHYS_s04_T3_test,41,17,41.56666666666667,0.09377963095903397,0.20983562164266362
UBFC_PHYS_s04_T3_test,41,18,41.6,0.2686271667480469,0.5161934790403098
UBFC_PHYS_s04_T3_test,41,19,41.63333333333333,0.3688504993915558,0.7574933440514692
UBFC_PHYS_s04_T3_test,41,20,41.666666666666664,0.43622472882270813,0.9003254571446793
UBFC_PHYS_s04_T3_test,41,21,41.7,0.4770059287548065,0.927734677731187
UBFC_PHYS_s04_T3_test,41,22,41.733333333333334,0.48205363750457764,0.8377284458458837
UBFC_PHYS_s04_T3_test,41,23,41.766666666666666,0.44824957847595215,0.6400368377957716
UBFC_PHYS_s04_T3_test,41,24,41.8,0.38912904262542725,0.3531621510869328
UBFC_PHYS_s04_T3_test,41,25,41.833333333333336,0.32684147357940674,0.0029087534191518643
UBFC_PHYS_s04_T3_test,41,26,41.86666666666667,0.2677404284477234,-0.37765465087398703
UBFC_PHYS_s04_T3_test,41,27,41.9,0.18446297943592072,-0.7479353526167857
UBFC_PHYS_s04_T3_test,41,28,41.93333333333333,0.048340506851673126,-1.0609123260384608
UBFC_PHYS_s04_T3_test,41,29,41.96666666666667,-0.11244556307792664,-1.2671519854426698
UBFC_PHYS_s04_T3_test,41,30,42.0,-0.2406846433877945,-1.3226220227421621
UBFC_PHYS_s04_T3_test,41,31,42.03333333333333,-0.33956319093704224,-1.1996536751061855
UBFC_PHYS_s04_T3_test,41,32,42.06666666666667,-0.4688936769962311,-0.8981894067936347
UBFC_PHYS_s04_T3_test,41,33,42.1,-0.6444915533065796,-0.4526313028587175
UBFC_PHYS_s04_T3_test,41,34,42.13333333333333,-0.7784019708633423,0.07038690591181114
UBFC_PHYS_s04_T3_test,41,35,42.166666666666664,-0.7272330522537231,0.5851546659653247
UBFC_PHYS_s04_T3_test,41,36,42.2,-0.45628413558006287,1.0078229634198945
UBFC_PHYS_s04_T3_test,41,37,42.233333333333334,-0.10851848870515823,1.277749881162106
UBFC_PHYS_s04_T3_test,41,38,42.266666666666666,0.16212832927703857,1.3712101587816117
UBFC_PHYS_s04_T3_test,41,39,42.3,0.34241336584091187,1.3025785422672411
UBFC_PHYS_s04_T3_test,41,40,42.333333333333336,0.46901535987854004,1.1133550163831167
UBFC_PHYS_s04_T3_test,41,41,42.36666666666667,0.5308059453964233,0.8542746886656004
UBFC_PHYS_s04_T3_test,41,42,42.4,0.5291590690612793,0.5680858796830577
UBFC_PHYS_s04_T3_test,41,43,42.43333333333333,0.5151852965354919,0.27954933708974883
UBFC_PHYS_s04_T3_test,41,44,42.46666666666667,0.5100498795509338,-0.004512198214618302
UBFC_PHYS_s04_T3_test,41,45,42.5,0.48212185502052307,-0.28672413862455287
UBFC_PHYS_s04_T3_test,41,46,42.53333333333333,0.4333403408527374,-0.5669834524309435
UBFC_PHYS_s04_T3_test,41,47,42.56666666666667,0.39656415581703186,-0.8323458848926456
UBFC_PHYS_s04_T3_test,41,48,42.6,0.34659379720687866,-1.0536175665781178
UBFC_PHYS_s04_T3_test,41,49,42.63333333333333,0.23670382797718048,-1.1905041471060558
UBFC_PHYS_s04_T3_test,41,50,42.666666666666664,0.08493152260780334,-1.2036349378320548
UBFC_PHYS_s04_T3_test,41,51,42.7,-0.04782905429601669,-1.0689633401549505
UBFC_PHYS_s04_T3_test,41,52,42.733333333333334,-0.13747946918010712,-0.7891221604419849
UBFC_PHYS_s04_T3_test,41,53,42.766666666666666,-0.22616517543792725,-0.3974046367012797
UBFC_PHYS_s04_T3_test,41,54,42.8,-0.3707751929759979,0.04744890871584307
UBFC_PHYS_s04_T3_test,41,55,42.833333333333336,-0.5367746353149414,0.4743894648047518
UBFC_PHYS_s04_T3_test,41,56,42.86666666666667,-0.5693508386611938,0.817122322531695
UBFC_PHYS_s04_T3_test,41,57,42.9,-0.3405474126338959,1.0296396101357217
UBFC_PHYS_s04_T3_test,41,58,42.93333333333333,0.07687272876501083,1.095187201696099
UBFC_PHYS_s04_T3_test,41,59,42.96666666666667,0.4982881546020508,1.0259207668723553
UBFC_PHYS_s04_T3_test,41,60,43.0,0.8549993634223938,0.8539643222486553
UBFC_PHYS_s04_T3_test,41,61,43.03333333333333,1.1900677680969238,0.617870244306792
UBFC_PHYS_s04_T3_test,41,62,43.06666666666667,1.495873212814331,0.35017095408353405
UBFC_PHYS_s04_T3_test,41,63,43.1,1.6932209730148315,0.07093155814088467
UBFC_PHYS_s04_T3_test,41,64,43.13333333333333,1.7105274200439453,-0.21081976116408732
UBFC_PHYS_s04_T3_test,41,65,43.166666666666664,1.5726412534713745,-0.48961741206245635
UBFC_PHYS_s04_T3_test,41,66,43.2,1.4007949829101562,-0.7544208546396958
UBFC_PHYS_s04_T3_test,41,67,43.233333333333334,1.2642242908477783,-0.9826149241148905
UBFC_PHYS_s04_T3_test,41,68,43.266666666666666,1.1118477582931519,-1.1403270291123608
UBFC_PHYS_s04_T3_test,41,69,43.3,0.8968330025672913,-1.189559081402106
UBFC_PHYS_s04_T3_test,41,70,43.333333333333336,0.6245880722999573,-1.1000434377044035
UBFC_PHYS_s04_T3_test,41,71,43.36666666666667,0.3006284832954407,-0.8618595307360922
UBFC_PHYS_s04_T3_test,41,72,43.4,-0.04408712312579155,-0.4940734463226622
UBFC_PHYS_s04_T3_test,41,73,43.43333333333333,-0.3558269739151001,-0.04545784488742708
UBFC_PHYS_s04_T3_test,41,74,43.46666666666667,-0.6164563298225403,0.4142138659942817
UBFC_PHYS_s04_T3_test,41,75,43.5,-0.8524025678634644,0.8105164345085425
UBFC_PHYS_s04_T3_test,41,76,43.53333333333333,-1.1090853214263916,1.083629383317892
UBFC_PHYS_s04_T3_test,41,77,43.56666666666667,-1.4232418537139893,1.2041573906155865
UBFC_PHYS_s04_T3_test,41,78,43.6,-1.7691171169281006,1.1796735702304644
UBFC_PHYS_s04_T3_test,41,79,43.63333333333333,-2.03029203414917,1.0491911866650598
UBFC_PHYS_s04_T3_test,41,80,43.666666666666664,-2.0918684005737305,0.8675724457018213
UBFC_PHYS_s04_T3_test,41,81,43.7,-1.9647791385650635,0.6859108199764862
UBFC_PHYS_s04_T3_test,41,82,43.733333333333334,-1.755689024925232,0.5349764924893001
UBFC_PHYS_s04_T3_test,41,83,43.766666666666666,-1.5233482122421265,0.41701763690777616
UBFC_PHYS_s04_T3_test,41,84,43.8,-1.2430834770202637,0.30798288565243276
UBFC_PHYS_s04_T3_test,41,85,43.833333333333336,-0.9123319387435913,0.1688995655256857
UBFC_PHYS_s04_T3_test,41,86,43.86666666666667,-0.5861116051673889,-0.037415493946528176
UBFC_PHYS_s04_T3_test,41,87,43.9,-0.3278014659881592,-0.3295928040326558
UBFC_PHYS_s04_T3_test,41,88,43.93333333333333,-0.17704258859157562,-0.6963343914659909
UBFC_PHYS_s04_T3_test,41,89,43.96666666666667,-0.12479198724031448,-1.0943063287977186
UBFC_PHYS_s04_T3_test,41,90,44.0,-0.11103259772062302,-1.4560783018828176
UBFC_PHYS_s04_T3_test,41,91,44.03333333333333,-0.11147110164165497,-1.7057197468421321
UBFC_PHYS_s04_T3_test,41,92,44.06666666666667,-0.1696561723947525,-1.7778283787757199
UBFC_PHYS_s04_T3_test,41,93,44.1,-0.2747713029384613,-1.6352692119597025
UBFC_PHYS_s04_T3_test,41,94,44.13333333333333,-0.349522203207016,-1.2811792861664322
UBFC_PHYS_s04_T3_test,41,95,44.166666666666664,-0.393480122089386,-0.7617002748175414
UBFC_PHYS_s04_T3_test,41,96,44.2,-0.483968585729599,-0.15763365949614114
UBFC_PHYS_s04_T3_test,41,97,44.233333333333334,-0.6114768385887146,0.43403687830344123
UBFC_PHYS_s04_T3_test,41,98,44.266666666666666,-0.6627334952354431,0.9243528046843511
UBFC_PHYS_s04_T3_test,41,99,44.3,-0.5790662169456482,1.2549025869304182
UBFC_PHYS_s04_T3_test,41,100,44.333333333333336,-0.40741491317749023,1.410438474937009
UBFC_PHYS_s04_T3_test,41,101,44.36666666666667,-0.24493329226970673,1.4165108134625313
UBFC_PHYS_s04_T3_test,41,102,44.4,-0.19987420737743378,1.3236829417597438
UBFC_PHYS_s04_T3_test,41,103,44.43333333333333,-0.26012513041496277,1.18594106927224
UBFC_PHYS_s04_T3_test,41,104,44.46666666666667,-0.21788224577903748,1.0424367955447449
UBFC_PHYS_s04_T3_test,41,105,44.5,0.08600343018770218,0.9086810795742292
UBFC_PHYS_s04_T3_test,41,106,44.53333333333333,0.5050996541976929,0.778253590915736
UBFC_PHYS_s04_T3_test,41,107,44.56666666666667,0.7849550843238831,0.631798276861953
UBFC_PHYS_s04_T3_test,41,108,44.6,0.8946989178657532,0.44833904644812067
UBFC_PHYS_s04_T3_test,41,109,44.63333333333333,0.9383645057678223,0.21472528763104137
UBFC_PHYS_s04_T3_test,41,110,44.666666666666664,0.9455267786979675,-0.06895640915939373
UBFC_PHYS_s04_T3_test,41,111,44.7,0.8828007578849792,-0.3883871563705632
UBFC_PHYS_s04_T3_test,41,112,44.733333333333334,0.7595606446266174,-0.7179852660637349
UBFC_PHYS_s04_T3_test,41,113,44.766666666666666,0.6002070307731628,-1.0267797351532442
UBFC_PHYS_s04_T3_test,41,114,44.8,0.3892459571361542,-1.2851066951426011
UBFC_PHYS_s04_T3_test,41,115,44.833333333333336,0.138721764087677,-1.4694924004219467
UBFC_PHYS_s04_T3_test,41,116,44.86666666666667,-0.09085150808095932,-1.5640204765726102
UBFC_PHYS_s04_T3_test,41,117,44.9,-0.29254546761512756,-1.5585736513827106
UBFC_PHYS_s04_T3_test,41,118,44.93333333333333,-0.5192927718162537,-1.4463265239630552
UBFC_PHYS_s04_T3_test,41,119,44.96666666666667,-0.7491584420204163,-1.2233373158577008
UBFC_PHYS_s04_T3_test,41,120,45.0,-0.8890910148620605,-0.8915359493007469
UBFC_PHYS_s04_T3_test,41,121,45.03333333333333,-0.9320744872093201,-0.4639616347313932
UBFC_PHYS_s04_T3_test,41,122,45.06666666666667,-0.9640076160430908,0.030638999857741052
UBFC_PHYS_s04_T3_test,41,123,45.1,-1.0049738883972168,0.5470383315224774
UBFC_PHYS_s04_T3_test,41,124,45.13333333333333,-1.0289748907089233,1.0285830695755906
UBFC_PHYS_s04_T3_test,41,125,45.166666666666664,-1.070438265800476,1.4177532917629705
UBFC_PHYS_s04_T3_test,41,126,45.2,-1.1963093280792236,1.6692434957454265
UBFC_PHYS_s04_T3_test,41,127,45.233333333333334,-1.3834155797958374,1.760915658439546
UBFC_PHYS_s04_T3_test,41,128,45.266666666666666,-1.4736506938934326,1.6983282292673803
UBFC_PHYS_s04_T3_test,41,129,45.3,-1.2972537279129028,1.510931328266505
UBFC_PHYS_s04_T3_test,41,130,45.333333333333336,-0.8741330504417419,1.241434104851497
UBFC_PHYS_s04_T3_test,41,131,45.36666666666667,-0.39507824182510376,0.9325963989361206
UBFC_PHYS_s04_T3_test,41,132,45.4,-0.01388857513666153,0.6163952230761061
UBFC_PHYS_s04_T3_test,41,133,45.43333333333333,0.26060736179351807,0.30903214709473653
UBFC_PHYS_s04_T3_test,41,134,45.46666666666667,0.4645620584487915,0.01249512657774244
UBFC_PHYS_s04_T3_test,41,135,45.5,0.6043192744255066,-0.27916867329374273
UBFC_PHYS_s04_T3_test,41,136,45.53333333333333,0.6894481778144836,-0.5719470577949531
UBFC_PHYS_s04_T3_test,41,137,45.56666666666667,0.7412115335464478,-0.8652467807300521
UBFC_PHYS_s04_T3_test,41,138,45.6,0.7606033086776733,-1.1484694341208306
UBFC_PHYS_s04_T3_test,41,139,45.63333333333333,0.7519988417625427,-1.4012871009455914
UBFC_PHYS_s04_T3_test,41,140,45.666666666666664,0.7368459701538086,-1.5968347185908331
UBFC_PHYS_s04_T3_test,41,141,45.7,0.7127183079719543,-1.7063842268161538
UBFC_PHYS_s04_T3_test,41,142,45.733333333333334,0.6461236476898193,-1.704279656197693
UBFC_PHYS_s04_T3_test,41,143,45.766666666666666,0.5271614193916321,-1.572637654722191
UBFC_PHYS_s04_T3_test,41,144,45.8,0.3849778175354004,-1.3058696068593316
UBFC_PHYS_s04_T3_test,41,145,45.833333333333336,0.24011445045471191,-0.9148114834662447
UBFC_PHYS_s04_T3_test,41,146,45.86666666666667,0.0915091335773468,-0.4291873626242606
UBFC_PHYS_s04_T3_test,41,147,45.9,-0.060458067804574966,0.10364123046016313
UBFC_PHYS_s04_T3_test,41,148,45.93333333333333,-0.20812790095806122,0.6250903420370436
UBFC_PHYS_s04_T3_test,41,149,45.96666666666667,-0.35701578855514526,1.0763975599113011
UBFC_PHYS_s04_T3_test,41,150,46.0,-0.5479322075843811,1.411314919372388
UBFC_PHYS_s04_T3_test,41,151,46.03333333333333,-0.7869870066642761,1.6059653590049423
UBFC_PHYS_s04_T3_test,41,152,46.06666666666667,-0.9300378561019897,1.6619248149032428
UBFC_PHYS_s04_T3_test,41,153,46.1,-0.8082302212715149,1.6013056016094305
UBFC_PHYS_s04_T3_test,41,154,46.13333333333333,-0.4545885920524597,1.4563081120826604
UBFC_PHYS_s04_T3_test,41,155,46.166666666666664,-0.07088480144739151,1.2580335862170564
UBFC_PHYS_s04_T3_test,41,156,46.2,0.2067391574382782,1.0288019056815592
UBFC_PHYS_s04_T3_test,41,157,46.233333333333334,0.38126513361930847,0.7798206136095377
UBFC_PHYS_s04_T3_test,41,158,46.266666666666666,0.48881638050079346,0.5136849476458784
UBFC_PHYS_s04_T3_test,41,159,46.3,0.5438344478607178,0.22966736302111088
UBFC_PHYS_s04_T3_test,41,160,46.333333333333336,0.5665102005004883,-0.07081877856764973
UBFC_PHYS_s04_T3_test,41,161,46.36666666666667,0.582198977470398,-0.38078787640997014
UBFC_PHYS_s04_T3_test,41,162,46.4,0.5995541214942932,-0.6872527851331414
UBFC_PHYS_s04_T3_test,41,163,46.43333333333333,0.608762800693512,-0.9731816798470301
UBFC_PHYS_s04_T3_test,41,164,46.46666666666667,0.5907352566719055,-1.2200305770413467
UBFC_PHYS_s04_T3_test,41,165,46.5,0.5351812243461609,-1.4090754518920534
UBFC_PHYS_s04_T3_test,41,166,46.53333333333333,0.4561329782009125,-1.5211946512147791
UBFC_PHYS_s04_T3_test,41,167,46.56666666666667,0.36293551325798035,-1.5365091889389995
UBFC_PHYS_s04_T3_test,41,168,46.6,0.23530060052871704,-1.4360424132896688
UBFC_PHYS_s04_T3_test,41,169,46.63333333333333,0.07585928589105606,-1.2067693913073334
UBFC_PHYS_s04_T3_test,41,170,46.666666666666664,-0.07439286261796951,-0.8493852158503005
UBFC_PHYS_s04_T3_test,41,171,46.7,-0.20294375717639923,-0.38573252859211077
UBFC_PHYS_s04_T3_test,41,172,46.733333333333334,-0.35120800137519836,0.13855072560140044
UBFC_PHYS_s04_T3_test,41,173,46.766666666666666,-0.562588095664978,0.6595212102070224
UBFC_PHYS_s04_T3_test,41,174,46.8,-0.8178189396858215,1.1082108709321865
UBFC_PHYS_s04_T3_test,41,175,46.833333333333336,-0.9973536729812622,1.4271190999646302
UBFC_PHYS_s04_T3_test,41,176,46.86666666666667,-0.9418678283691406,1.5833047959113054
UBFC_PHYS_s04_T3_test,41,177,46.9,-0.6254603266716003,1.5730817149114138
UBFC_PHYS_s04_T3_test,41,178,46.93333333333333,-0.2192952185869217,1.417771978939582
UBFC_PHYS_s04_T3_test,41,179,46.96666666666667,0.09166504442691803,1.1540026667379253
UBFC_PHYS_s04_T3_test,41,180,47.0,0.2774850130081177,0.8230072558024403
UBFC_PHYS_s04_T3_test,41,181,47.03333333333333,0.4016411006450653,0.46209253179781345
UBFC_PHYS_s04_T3_test,41,182,47.06666666666667,0.49290913343429565,0.09982781375817294
UBFC_PHYS_s04_T3_test,41,183,47.1,0.5414957404136658,-0.2448046461994356
UBFC_PHYS_s04_T3_test,41,184,47.13333333333333,0.5547289252281189,-0.560194635464626
UBFC_PHYS_s04_T3_test,41,185,47.166666666666664,0.5494083762168884,-0.8384269233110635
UBFC_PHYS_s04_T3_test,41,186,47.2,0.5279020071029663,-1.0717731093332323
UBFC_PHYS_s04_T3_test,41,187,47.233333333333334,0.4850257337093353,-1.2504805569701614
UBFC_PHYS_s04_T3_test,41,188,47.266666666666666,0.4056461453437805,-1.3623095086881192
UBFC_PHYS_s04_T3_test,41,189,47.3,0.26921185851097107,-1.393750978407892
UBFC_PHYS_s04_T3_test,41,190,47.333333333333336,0.08931659907102585,-1.3326225995837833
UBFC_PHYS_s04_T3_test,41,191,47.36666666666667,-0.08752859383821487,-1.1716154455045136
UBFC_PHYS_s04_T3_test,41,192,47.4,-0.23849210143089294,-0.9121492719392708
UBFC_PHYS_s04_T3_test,41,193,47.43333333333333,-0.40201640129089355,-0.5676219278911195
UBFC_PHYS_s04_T3_test,41,194,47.46666666666667,-0.6201592683792114,-0.1649225761491374
UBFC_PHYS_s04_T3_test,41,195,47.5,-0.8095750212669373,0.25709369818386296
UBFC_PHYS_s04_T3_test,41,196,47.53333333333333,-0.765412449836731,0.6532697883740132
UBFC_PHYS_s04_T3_test,41,197,47.56666666666667,-0.4426904320716858,0.9815250243048053
UBFC_PHYS_s04_T3_test,41,198,47.6,-0.027131499722599983,1.21282746027028
UBFC_PHYS_s04_T3_test,41,199,47.63333333333333,0.2931738495826721,1.337283999721923
UBFC_PHYS_s04_T3_test,41,200,47.666666666666664,0.47754189372062683,1.3637253280064507
UBFC_PHYS_s04_T3_test,41,201,47.7,0.5486288070678711,1.3136184220341065
UBFC_PHYS_s04_T3_test,41,202,47.733333333333334,0.5258264541625977,1.2125103926007565
UBFC_PHYS_s04_T3_test,41,203,47.766666666666666,0.4553631544113159,1.0825094157822823
UBFC_PHYS_s04_T3_test,41,204,47.8,0.4013487696647644,0.9379910886476114
UBFC_PHYS_s04_T3_test,41,205,47.833333333333336,0.3809240758419037,0.7848635231164776
UBFC_PHYS_s04_T3_test,41,206,47.86666666666667,0.35169023275375366,0.6223785539765572
UBFC_PHYS_s04_T3_test,41,207,47.9,0.2671947181224823,0.4460691481696585
UBFC_PHYS_s04_T3_test,41,208,47.93333333333333,0.13047783076763153,0.2507400568007776
UBFC_PHYS_s04_T3_test,41,209,47.96666666666667,-0.02699507586658001,0.03296970121016571
UBFC_PHYS_s04_T3_test,41,210,48.0,-0.20063428580760956,-0.20714032097573304
UBFC_PHYS_s04_T3_test,41,211,48.03333333333333,-0.4164969027042389,-0.465084147691242
UBFC_PHYS_s04_T3_test,41,212,48.06666666666667,-0.6866759657859802,-0.7317961699517608
UBFC_PHYS_s04_T3_test,41,213,48.1,-0.9530254006385803,-0.993836087886219
UBFC_PHYS_s04_T3_test,41,214,48.13333333333333,-1.0570296049118042,-1.2335663628775364
UBFC_PHYS_s04_T3_test,41,215,48.166666666666664,-0.8672630786895752,-1.429379065476149
UBFC_PHYS_s04_T3_test,41,216,48.2,-0.4627448320388794,-1.5566243431498854
UBFC_PHYS_s04_T3_test,41,217,48.233333333333334,-0.06948158144950867,-1.5902413347758801
UBFC_PHYS_s04_T3_test,41,218,48.266666666666666,0.1949092000722885,-1.5097543420118962
UBFC_PHYS_s04_T3_test,41,219,48.3,0.3756229877471924,-1.3061137588268303
UBFC_PHYS_s04_T3_test,41,220,48.333333333333336,0.5032676458358765,-0.9882484893439588
UBFC_PHYS_s04_T3_test,41,221,48.36666666666667,0.5548361539840698,-0.586221974612565
UBFC_PHYS_s04_T3_test,41,222,48.4,0.5384554266929626,-0.14847072204357306
UBFC_PHYS_s04_T3_test,41,223,48.43333333333333,0.4947313666343689,0.2672650437104525
UBFC_PHYS_s04_T3_test,41,224,48.46666666666667,0.4446343183517456,0.6069431580651892
UBFC_PHYS_s04_T3_test,41,225,48.5,0.3790725767612457,0.832825972961868
UBFC_PHYS_s04_T3_test,41,226,48.53333333333333,0.2783815264701843,0.931343470495504
UBFC_PHYS_s04_T3_test,41,227,48.56666666666667,0.13340121507644653,0.9137735527281845
UBFC_PHYS_s04_T3_test,41,228,48.6,-0.04274236783385277,0.8101680414857827
UBFC_PHYS_s04_T3_test,41,229,48.63333333333333,-0.23130057752132416,0.6592920776212042
UBFC_PHYS_s04_T3_test,41,230,48.666666666666664,-0.44629591703414917,0.4981320674299619
UBFC_PHYS_s04_T3_test,41,231,48.7,-0.7213765382766724,0.35399944410347634
UBFC_PHYS_s04_T3_test,41,232,48.733333333333334,-0.999019980430603,0.24109224448880995
UBFC_PHYS_s04_T3_test,41,233,48.766666666666666,-1.0784775018692017,0.16179484420032397
UBFC_PHYS_s04_T3_test,41,234,48.8,-0.8258582353591919,0.11124819975356341
UBFC_PHYS_s04_T3_test,41,235,48.833333333333336,-0.37394219636917114,0.08261150316228007
UBFC_PHYS_s04_T3_test,41,236,48.86666666666667,0.05029917508363724,0.07062975285655657
UBFC_PHYS_s04_T3_test,41,237,48.9,0.3553932011127472,0.07246689101358776
UBFC_PHYS_s04_T3_test,41,238,48.93333333333333,0.5797725915908813,0.08645996385593442
UBFC_PHYS_s04_T3_test,41,239,48.96666666666667,0.759131908416748,0.1104358378248973
UBFC_PHYS_s04_T3_test,42,0,42.0,-0.2406846433877945,0.12163009396475534
UBFC_PHYS_s04_T3_test,42,1,42.03333333333333,-0.33956319093704224,0.11293213499478982
UBFC_PHYS_s04_T3_test,42,2,42.06666666666667,-0.4688936769962311,0.1541509243225246
UBFC_PHYS_s04_T3_test,42,3,42.1,-0.6444915533065796,0.27838573716638704
UBFC_PHYS_s04_T3_test,42,4,42.13333333333333,-0.7784019708633423,0.4850840336782784
UBFC_PHYS_s04_T3_test,42,5,42.166666666666664,-0.7272330522537231,0.7386396461656975
UBFC_PHYS_s04_T3_test,42,6,42.2,-0.45628413558006287,0.9790044812268568
UBFC_PHYS_s04_T3_test,42,7,42.233333333333334,-0.10851848870515823,1.140131205916387
UBFC_PHYS_s04_T3_test,42,8,42.266666666666666,0.16212832927703857,1.16987294265762
UBFC_PHYS_s04_T3_test,42,9,42.3,0.34241336584091187,1.0450768034784348
UBFC_PHYS_s04_T3_test,42,10,42.333333333333336,0.46901535987854004,0.7772163545747723
UBFC_PHYS_s04_T3_test,42,11,42.36666666666667,0.5308059453964233,0.4070344400514135
UBFC_PHYS_s04_T3_test,42,12,42.4,0.5291590690612793,-0.009120337568110159
UBFC_PHYS_s04_T3_test,42,13,42.43333333333333,0.5151852965354919,-0.41538713510843195
UBFC_PHYS_s04_T3_test,42,14,42.46666666666667,0.5100498795509338,-0.768761904987261
UBFC_PHYS_s04_T3_test,42,15,42.5,0.48212185502052307,-1.0440253218915656
UBFC_PHYS_s04_T3_test,42,16,42.53333333333333,0.4333403408527374,-1.2311381848815328
UBFC_PHYS_s04_T3_test,42,17,42.56666666666667,0.39656415581703186,-1.328127606721457
UBFC_PHYS_s04_T3_test,42,18,42.6,0.34659379720687866,-1.333883263166866
UBFC_PHYS_s04_T3_test,42,19,42.63333333333333,0.23670382797718048,-1.2446909846515675
UBFC_PHYS_s04_T3_test,42,20,42.666666666666664,0.08493152260780334,-1.0562130938283179
UBFC_PHYS_s04_T3_test,42,21,42.7,-0.04782905429601669,-0.7698032992956632
UBFC_PHYS_s04_T3_test,42,22,42.733333333333334,-0.13747946918010712,-0.3996396402460727
UBFC_PHYS_s04_T3_test,42,23,42.766666666666666,-0.22616517543792725,0.023547687030027895
UBFC_PHYS_s04_T3_test,42,24,42.8,-0.3707751929759979,0.4548548800610942
UBFC_PHYS_s04_T3_test,42,25,42.833333333333336,-0.5367746353149414,0.8435611354492727
UBFC_PHYS_s04_T3_test,42,26,42.86666666666667,-0.5693508386611938,1.1446456331992196
UBFC_PHYS_s04_T3_test,42,27,42.9,-0.3405474126338959,1.3290153521262054
UBFC_PHYS_s04_T3_test,42,28,42.93333333333333,0.07687272876501083,1.388067084449625
UBFC_PHYS_s04_T3_test,42,29,42.96666666666667,0.4982881546020508,1.3306428045324994
UBFC_PHYS_s04_T3_test,42,30,43.0,0.8549993634223938,1.1745724710262024
UBFC_PHYS_s04_T3_test,42,31,43.03333333333333,1.1900677680969238,0.9379504073807224
UBFC_PHYS_s04_T3_test,42,32,43.06666666666667,1.495873212814331,0.6347831470458241
UBFC_PHYS_s04_T3_test,42,33,43.1,1.6932209730148315,0.2766389406885859
UBFC_PHYS_s04_T3_test,42,34,43.13333333333333,1.7105274200439453,-0.12127675097240515
UBFC_PHYS_s04_T3_test,42,35,43.166666666666664,1.5726412534713745,-0.5332875844865801
UBFC_PHYS_s04_T3_test,42,36,43.2,1.4007949829101562,-0.9198083639410892
UBFC_PHYS_s04_T3_test,42,37,43.233333333333334,1.2642242908477783,-1.2301814098029742
UBFC_PHYS_s04_T3_test,42,38,43.266666666666666,1.1118477582931519,-1.4120743153746362
UBFC_PHYS_s04_T3_test,42,39,43.3,0.8968330025672913,-1.4250082918358238
UBFC_PHYS_s04_T3_test,42,40,43.333333333333336,0.6245880722999573,-1.2538426137841532
UBFC_PHYS_s04_T3_test,42,41,43.36666666666667,0.3006284832954407,-0.9175073358338426
UBFC_PHYS_s04_T3_test,42,42,43.4,-0.04408712312579155,-0.4689943730732835
UBFC_PHYS_s04_T3_test,42,43,43.43333333333333,-0.3558269739151001,0.014941495292326272
UBFC_PHYS_s04_T3_test,42,44,43.46666666666667,-0.6164563298225403,0.45201008108878393
UBFC_PHYS_s04_T3_test,42,45,43.5,-0.8524025678634644,0.7747528584360459
UBFC_PHYS_s04_T3_test,42,46,43.53333333333333,-1.1090853214263916,0.9463316389638795
UBFC_PHYS_s04_T3_test,42,47,43.56666666666667,-1.4232418537139893,0.9669392624200174
UBFC_PHYS_s04_T3_test,42,48,43.6,-1.7691171169281006,0.8696886416722481
UBFC_PHYS_s04_T3_test,42,49,43.63333333333333,-2.03029203414917,0.7083126381410385
UBFC_PHYS_s04_T3_test,42,50,43.666666666666664,-2.0918684005737305,0.5408287291731554
UBFC_PHYS_s04_T3_test,42,51,43.7,-1.9647791385650635,0.413483919893482
UBFC_PHYS_s04_T3_test,42,52,43.733333333333334,-1.755689024925232,0.34855852192816567
UBFC_PHYS_s04_T3_test,42,53,43.766666666666666,-1.5233482122421265,0.3385839547606807
UBFC_PHYS_s04_T3_test,42,54,43.8,-1.2430834770202637,0.3484391130144445
UBFC_PHYS_s04_T3_test,42,55,43.833333333333336,-0.9123319387435913,0.3254742459086469
UBFC_PHYS_s04_T3_test,42,56,43.86666666666667,-0.5861116051673889,0.21603581059240268
UBFC_PHYS_s04_T3_test,42,57,43.9,-0.3278014659881592,-0.015409605536339157
UBFC_PHYS_s04_T3_test,42,58,43.93333333333333,-0.17704258859157562,-0.3702170043334011
UBFC_PHYS_s04_T3_test,42,59,43.96666666666667,-0.12479198724031448,-0.8083774819074958
UBFC_PHYS_s04_T3_test,42,60,44.0,-0.11103259772062302,-1.2536214830809187
UBFC_PHYS_s04_T3_test,42,61,44.03333333333333,-0.11147110164165497,-1.6102645214289462
UBFC_PHYS_s04_T3_test,42,62,44.06666666666667,-0.1696561723947525,-1.787463490728205
UBFC_PHYS_s04_T3_test,42,63,44.1,-0.2747713029384613,-1.7242466166654113
UBFC_PHYS_s04_T3_test,42,64,44.13333333333333,-0.349522203207016,-1.4083470864520118
UBFC_PHYS_s04_T3_test,42,65,44.166666666666664,-0.393480122089386,-0.8830750542021204
UBFC_PHYS_s04_T3_test,42,66,44.2,-0.483968585729599,-0.23889542150610776
UBFC_PHYS_s04_T3_test,42,67,44.233333333333334,-0.6114768385887146,0.40935543085686593
UBFC_PHYS_s04_T3_test,42,68,44.266666666666666,-0.6627334952354431,0.953044956774883
UBFC_PHYS_s04_T3_test,42,69,44.3,-0.5790662169456482,1.3176891695353954
UBFC_PHYS_s04_T3_test,42,70,44.333333333333336,-0.40741491317749023,1.4786718790647355
UBFC_PHYS_s04_T3_test,42,71,44.36666666666667,-0.24493329226970673,1.4602730314490482
UBFC_PHYS_s04_T3_test,42,72,44.4,-0.19987420737743378,1.3202626094905983
UBFC_PHYS_s04_T3_test,42,73,44.43333333333333,-0.26012513041496277,1.127284270383188
UBFC_PHYS_s04_T3_test,42,74,44.46666666666667,-0.21788224577903748,0.939363079169475
UBFC_PHYS_s04_T3_test,42,75,44.5,0.08600343018770218,0.7896753922328865
UBFC_PHYS_s04_T3_test,42,76,44.53333333333333,0.5050996541976929,0.682140864061278
UBFC_PHYS_s04_T3_test,42,77,44.56666666666667,0.7849550843238831,0.5961077704721921
UBFC_PHYS_s04_T3_test,42,78,44.6,0.8946989178657532,0.4972954081468222
UBFC_PHYS_s04_T3_test,42,79,44.63333333333333,0.9383645057678223,0.35121707451512296
UBFC_PHYS_s04_T3_test,42,80,44.666666666666664,0.9455267786979675,0.13521460443409056
UBFC_PHYS_s04_T3_test,42,81,44.7,0.8828007578849792,-0.15400407635597416
UBFC_PHYS_s04_T3_test,42,82,44.733333333333334,0.7595606446266174,-0.49884147348910685
UBFC_PHYS_s04_T3_test,42,83,44.766666666666666,0.6002070307731628,-0.8648904293303381
UBFC_PHYS_s04_T3_test,42,84,44.8,0.3892459571361542,-1.2086112294777147
UBFC_PHYS_s04_T3_test,42,85,44.833333333333336,0.138721764087677,-1.4858320983232254
UBFC_PHYS_s04_T3_test,42,86,44.86666666666667,-0.09085150808095932,-1.6586238823536597
UBFC_PHYS_s04_T3_test,42,87,44.9,-0.29254546761512756,-1.6995198717614755
UBFC_PHYS_s04_T3_test,42,88,44.93333333333333,-0.5192927718162537,-1.5938932208629357
UBFC_PHYS_s04_T3_test,42,89,44.96666666666667,-0.7491584420204163,-1.3420325670519653
UBFC_PHYS_s04_T3_test,42,90,45.0,-0.8890910148620605,-0.9612655918748454
UBFC_PHYS_s04_T3_test,42,91,45.03333333333333,-0.9320744872093201,-0.4866133014516763
UBFC_PHYS_s04_T3_test,42,92,45.06666666666667,-0.9640076160430908,0.03221231027211943
UBFC_PHYS_s04_T3_test,42,93,45.1,-1.0049738883972168,0.5383070676813251
UBFC_PHYS_s04_T3_test,42,94,45.13333333333333,-1.0289748907089233,0.9777932264867006
UBFC_PHYS_s04_T3_test,42,95,45.166666666666664,-1.070438265800476,1.3093157111193297
UBFC_PHYS_s04_T3_test,42,96,45.2,-1.1963093280792236,1.5100764141496512
UBFC_PHYS_s04_T3_test,42,97,45.233333333333334,-1.3834155797958374,1.5773952884883984
UBFC_PHYS_s04_T3_test,42,98,45.266666666666666,-1.4736506938934326,1.5258403037584385
UBFC_PHYS_s04_T3_test,42,99,45.3,-1.2972537279129028,1.380759116648157
UBFC_PHYS_s04_T3_test,42,100,45.333333333333336,-0.8741330504417419,1.1702781521052221
UBFC_PHYS_s04_T3_test,42,101,45.36666666666667,-0.39507824182510376,0.9185575945921921
UBFC_PHYS_s04_T3_test,42,102,45.4,-0.01388857513666153,0.6423133781811913
UBFC_PHYS_s04_T3_test,42,103,45.43333333333333,0.26060736179351807,0.3510132848476278
UBFC_PHYS_s04_T3_test,42,104,45.46666666666667,0.4645620584487915,0.04986639112758882
UBFC_PHYS_s04_T3_test,42,105,45.5,0.6043192744255066,-0.25598274516499925
UBFC_PHYS_s04_T3_test,42,106,45.53333333333333,0.6894481778144836,-0.5578875550492779
UBFC_PHYS_s04_T3_test,42,107,45.56666666666667,0.7412115335464478,-0.8422314216217578
UBFC_PHYS_s04_T3_test,42,108,45.6,0.7606033086776733,-1.0915260826742155
UBFC_PHYS_s04_T3_test,42,109,45.63333333333333,0.7519988417625427,-1.2873473137240574
UBFC_PHYS_s04_T3_test,42,110,45.666666666666664,0.7368459701538086,-1.4136063682863556
UBFC_PHYS_s04_T3_test,42,111,45.7,0.7127183079719543,-1.4587189940316252
UBFC_PHYS_s04_T3_test,42,112,45.733333333333334,0.6461236476898193,-1.4161044357437533
UBFC_PHYS_s04_T3_test,42,113,45.766666666666666,0.5271614193916321,-1.2835653340268431
UBFC_PHYS_s04_T3_test,42,114,45.8,0.3849778175354004,-1.062786421992141
UBFC_PHYS_s04_T3_test,42,115,45.833333333333336,0.24011445045471191,-0.7600917481569212
UBFC_PHYS_s04_T3_test,42,116,45.86666666666667,0.0915091335773468,-0.3887136782476924
UBFC_PHYS_s04_T3_test,42,117,45.9,-0.060458067804574966,0.028575537424370943
UBFC_PHYS_s04_T3_test,42,118,45.93333333333333,-0.20812790095806122,0.4587736149744305
UBFC_PHYS_s04_T3_test,42,119,45.96666666666667,-0.35701578855514526,0.8618461337548303
UBFC_PHYS_s04_T3_test,42,120,46.0,-0.5479322075843811,1.1975669358218823
UBFC_PHYS_s04_T3_test,42,121,46.03333333333333,-0.7869870066642761,1.4334567724291216
UBFC_PHYS_s04_T3_test,42,122,46.06666666666667,-0.9300378561019897,1.5507252945743895
UBFC_PHYS_s04_T3_test,42,123,46.1,-0.8082302212715149,1.5463170223396485
UBFC_PHYS_s04_T3_test,42,124,46.13333333333333,-0.4545885920524597,1.4310179961887328
UBFC_PHYS_s04_T3_test,42,125,46.166666666666664,-0.07088480144739151,1.2250789691135353
UBFC_PHYS_s04_T3_test,42,126,46.2,0.2067391574382782,0.9533556360062645
UBFC_PHYS_s04_T3_test,42,127,46.233333333333334,0.38126513361930847,0.641543722289347
UBFC_PHYS_s04_T3_test,42,128,46.266666666666666,0.48881638050079346,0.31409042167284457
UBFC_PHYS_s04_T3_test,42,129,46.3,0.5438344478607178,-0.006690764172276221
UBFC_PHYS_s04_T3_test,42,130,46.333333333333336,0.5665102005004883,-0.30136057179635267
UBFC_PHYS_s04_T3_test,42,131,46.36666666666667,0.582198977470398,-0.5546950666844583
UBFC_PHYS_s04_T3_test,42,132,46.4,0.5995541214942932,-0.7573035981728127
UBFC_PHYS_s04_T3_test,42,133,46.43333333333333,0.608762800693512,-0.906366222411343
UBFC_PHYS_s04_T3_test,42,134,46.46666666666667,0.5907352566719055,-1.0045575986668007
UBFC_PHYS_s04_T3_test,42,135,46.5,0.5351812243461609,-1.0572117829042667
UBFC_PHYS_s04_T3_test,42,136,46.53333333333333,0.4561329782009125,-1.0687321766307492
UBFC_PHYS_s04_T3_test,42,137,46.56666666666667,0.36293551325798035,-1.0396550832275757
UBFC_PHYS_s04_T3_test,42,138,46.6,0.23530060052871704,-0.965523063706117
UBFC_PHYS_s04_T3_test,42,139,46.63333333333333,0.07585928589105606,-0.8380575173805617
UBFC_PHYS_s04_T3_test,42,140,46.666666666666664,-0.07439286261796951,-0.6484170257900205
UBFC_PHYS_s04_T3_test,42,141,46.7,-0.20294375717639923,-0.39186338827231043
UBFC_PHYS_s04_T3_test,42,142,46.733333333333334,-0.35120800137519836,-0.07290224577751915
UBFC_PHYS_s04_T3_test,42,143,46.766666666666666,-0.562588095664978,0.29047654884124696
UBFC_PHYS_s04_T3_test,42,144,46.8,-0.8178189396858215,0.6654477743837254
UBFC_PHYS_s04_T3_test,42,145,46.833333333333336,-0.9973536729812622,1.0076649177056172
UBFC_PHYS_s04_T3_test,42,146,46.86666666666667,-0.9418678283691406,1.2693148452807597
UBFC_PHYS_s04_T3_test,42,147,46.9,-0.6254603266716003,1.4097170421624408
UBFC_PHYS_s04_T3_test,42,148,46.93333333333333,-0.2192952185869217,1.4048816858183268
UBFC_PHYS_s04_T3_test,42,149,46.96666666666667,0.09166504442691803,1.2526526429448335
UBFC_PHYS_s04_T3_test,42,150,47.0,0.2774850130081177,0.9718002967468121
UBFC_PHYS_s04_T3_test,42,151,47.03333333333333,0.4016411006450653,0.5960021640539904
UBFC_PHYS_s04_T3_test,42,152,47.06666666666667,0.49290913343429565,0.16583653363577133
UBFC_PHYS_s04_T3_test,42,153,47.1,0.5414957404136658,-0.2777554232280347
UBFC_PHYS_s04_T3_test,42,154,47.13333333333333,0.5547289252281189,-0.6969613720021334
UBFC_PHYS_s04_T3_test,42,155,47.166666666666664,0.5494083762168884,-1.058298319103645
UBFC_PHYS_s04_T3_test,42,156,47.2,0.5279020071029663,-1.333185809644326
UBFC_PHYS_s04_T3_test,42,157,47.233333333333334,0.4850257337093353,-1.4990263928523189
UBFC_PHYS_s04_T3_test,42,158,47.266666666666666,0.4056461453437805,-1.5409484822752084
UBFC_PHYS_s04_T3_test,42,159,47.3,0.26921185851097107,-1.45368954784979
UBFC_PHYS_s04_T3_test,42,160,47.333333333333336,0.08931659907102585,-1.2429914715714232
UBFC_PHYS_s04_T3_test,42,161,47.36666666666667,-0.08752859383821487,-0.9261073928305429
UBFC_PHYS_s04_T3_test,42,162,47.4,-0.23849210143089294,-0.531207234232015
UBFC_PHYS_s04_T3_test,42,163,47.43333333333333,-0.40201640129089355,-0.09551318970540891
UBFC_PHYS_s04_T3_test,42,164,47.46666666666667,-0.6201592683792114,0.33803458683091
UBFC_PHYS_s04_T3_test,42,165,47.5,-0.8095750212669373,0.7258203048363279
UBFC_PHYS_s04_T3_test,42,166,47.53333333333333,-0.765412449836731,1.030312293546129
UBFC_PHYS_s04_T3_test,42,167,47.56666666666667,-0.4426904320716858,1.227472892639057
UBFC_PHYS_s04_T3_test,42,168,47.6,-0.027131499722599983,1.312080504772149
UBFC_PHYS_s04_T3_test,42,169,47.63333333333333,0.2931738495826721,1.297833809844899
UBFC_PHYS_s04_T3_test,42,170,47.666666666666664,0.47754189372062683,1.211243385268417
UBFC_PHYS_s04_T3_test,42,171,47.7,0.5486288070678711,1.0815460849376377
UBFC_PHYS_s04_T3_test,42,172,47.733333333333334,0.5258264541625977,0.9308856791078676
UBFC_PHYS_s04_T3_test,42,173,47.766666666666666,0.4553631544113159,0.7687367899851855
UBFC_PHYS_s04_T3_test,42,174,47.8,0.4013487696647644,0.5923532897479603
UBFC_PHYS_s04_T3_test,42,175,47.833333333333336,0.3809240758419037,0.3922877963185881
UBFC_PHYS_s04_T3_test,42,176,47.86666666666667,0.35169023275375366,0.1602007296723111
UBFC_PHYS_s04_T3_test,42,177,47.9,0.2671947181224823,-0.10420059334541537
UBFC_PHYS_s04_T3_test,42,178,47.93333333333333,0.13047783076763153,-0.3894292904150416
UBFC_PHYS_s04_T3_test,42,179,47.96666666666667,-0.02699507586658001,-0.672681020496938
UBFC_PHYS_s04_T3_test,42,180,48.0,-0.20063428580760956,-0.9241672923307824
UBFC_PHYS_s04_T3_test,42,181,48.03333333333333,-0.4164969027042389,-1.1137521586763177
UBFC_PHYS_s04_T3_test,42,182,48.06666666666667,-0.6866759657859802,-1.2173586848333495
UBFC_PHYS_s04_T3_test,42,183,48.1,-0.9530254006385803,-1.2209199225245557
UBFC_PHYS_s04_T3_test,42,184,48.13333333333333,-1.0570296049118042,-1.1215100234936501
UBFC_PHYS_s04_T3_test,42,185,48.166666666666664,-0.8672630786895752,-0.9270000412626088
UBFC_PHYS_s04_T3_test,42,186,48.2,-0.4627448320388794,-0.6555186531114442
UBFC_PHYS_s04_T3_test,42,187,48.233333333333334,-0.06948158144950867,-0.33465746609121716
UBFC_PHYS_s04_T3_test,42,188,48.266666666666666,0.1949092000722885,0.0007389861621262027
UBFC_PHYS_s04_T3_test,42,189,48.3,0.3756229877471924,0.3131814525996846
UBFC_PHYS_s04_T3_test,42,190,48.333333333333336,0.5032676458358765,0.5690698439261012
UBFC_PHYS_s04_T3_test,42,191,48.36666666666667,0.5548361539840698,0.7451181397035924
UBFC_PHYS_s04_T3_test,42,192,48.4,0.5384554266929626,0.8322273914457461
UBFC_PHYS_s04_T3_test,42,193,48.43333333333333,0.4947313666343689,0.8353341162746596
UBFC_PHYS_s04_T3_test,42,194,48.46666666666667,0.4446343183517456,0.7694777313704613
UBFC_PHYS_s04_T3_test,42,195,48.5,0.3790725767612457,0.6537825248753281
UBFC_PHYS_s04_T3_test,42,196,48.53333333333333,0.2783815264701843,0.505537017950111
UBFC_PHYS_s04_T3_test,42,197,48.56666666666667,0.13340121507644653,0.33623967540175786
UBFC_PHYS_s04_T3_test,42,198,48.6,-0.04274236783385277,0.15079377463254515
UBFC_PHYS_s04_T3_test,42,199,48.63333333333333,-0.23130057752132416,-0.04997437175485317
UBFC_PHYS_s04_T3_test,42,200,48.666666666666664,-0.44629591703414917,-0.2645435746791268
UBFC_PHYS_s04_T3_test,42,201,48.7,-0.7213765382766724,-0.4856607859629145
UBFC_PHYS_s04_T3_test,42,202,48.733333333333334,-0.999019980430603,-0.6971235595317635
UBFC_PHYS_s04_T3_test,42,203,48.766666666666666,-1.0784775018692017,-0.8738471611749737
UBFC_PHYS_s04_T3_test,42,204,48.8,-0.8258582353591919,-0.9856982038448875
UBFC_PHYS_s04_T3_test,42,205,48.833333333333336,-0.37394219636917114,-1.0044191264323588
UBFC_PHYS_s04_T3_test,42,206,48.86666666666667,0.05029917508363724,-0.9118591442883383
UBFC_PHYS_s04_T3_test,42,207,48.9,0.3553932011127472,-0.7071210878895442
UBFC_PHYS_s04_T3_test,42,208,48.93333333333333,0.5797725915908813,-0.4103633450040426
UBFC_PHYS_s04_T3_test,42,209,48.96666666666667,0.759131908416748,-0.061480299266771406
UBFC_PHYS_s04_T3_test,42,210,49.0,0.872978150844574,0.2873531059933492
UBFC_PHYS_s04_T3_test,42,211,49.03333333333333,0.8891932368278503,0.5843068475493477
UBFC_PHYS_s04_T3_test,42,212,49.06666666666667,0.833541750907898,0.7916080899692771
UBFC_PHYS_s04_T3_test,42,213,49.1,0.7532948851585388,0.8947286748233647
UBFC_PHYS_s04_T3_test,42,214,49.13333333333333,0.6534126400947571,0.9035376678643187
UBFC_PHYS_s04_T3_test,42,215,49.166666666666664,0.5082374215126038,0.8458425188323336
UBFC_PHYS_s04_T3_test,42,216,49.2,0.32361599802970886,0.7565752725318943
UBFC_PHYS_s04_T3_test,42,217,49.233333333333334,0.13059476017951965,0.6666416891148848
UBFC_PHYS_s04_T3_test,42,218,49.266666666666666,-0.06637305021286011,0.5946555971039961
UBFC_PHYS_s04_T3_test,42,219,49.3,-0.2936563491821289,0.5433920887375092
UBFC_PHYS_s04_T3_test,42,220,49.333333333333336,-0.5764352083206177,0.5014804311087387
UBFC_PHYS_s04_T3_test,42,221,49.36666666666667,-0.8704106211662292,0.4494853961205843
UBFC_PHYS_s04_T3_test,42,222,49.4,-0.9976069927215576,0.36805285581788155
UBFC_PHYS_s04_T3_test,42,223,49.43333333333333,-0.7953478693962097,0.24513313814949259
UBFC_PHYS_s04_T3_test,42,224,49.46666666666667,-0.35476478934288025,0.08011407823055577
UBFC_PHYS_s04_T3_test,42,225,49.5,0.07621009647846222,-0.11573602600390138
UBFC_PHYS_s04_T3_test,42,226,49.53333333333333,0.3829996585845947,-0.3218863997990855
UBFC_PHYS_s04_T3_test,42,227,49.56666666666667,0.6119200587272644,-0.5130068373584181
UBFC_PHYS_s04_T3_test,42,228,49.6,0.7795760631561279,-0.6639663288518066
UBFC_PHYS_s04_T3_test,42,229,49.63333333333333,0.8563830852508545,-0.7543617128016729
UBFC_PHYS_s04_T3_test,42,230,49.666666666666664,0.8457419872283936,-0.7721003868323976
UBFC_PHYS_s04_T3_test,42,231,49.7,0.7939298748970032,-0.7159312175989966
UBFC_PHYS_s04_T3_test,42,232,49.733333333333334,0.7121336460113525,-0.5967525645825343
UBFC_PHYS_s04_T3_test,42,233,49.766666666666666,0.5664907097816467,-0.4371367633022764
UBFC_PHYS_s04_T3_test,42,234,49.8,0.37813711166381836,-0.26823358880690695
UBFC_PHYS_s04_T3_test,42,235,49.833333333333336,0.20922403037548065,-0.12361262511099895
UBFC_PHYS_s04_T3_test,42,236,49.86666666666667,0.05105925351381302,-0.030864852309846865
UBFC_PHYS_s04_T3_test,42,237,49.9,-0.1516091525554657,-0.003351025561028372
UBFC_PHYS_s04_T3_test,42,238,49.93333333333333,-0.41993674635887146,-0.03536656119135439
UBFC_PHYS_s04_T3_test,42,239,49.96666666666667,-0.7289578318595886,-0.10327560079785576
UBFC_PHYS_s04_T3_test,43,0,43.0,0.8549993634223938,-0.07047292505249503
UBFC_PHYS_s04_T3_test,43,1,43.03333333333333,1.1900677680969238,-0.27984166538804023
UBFC_PHYS_s04_T3_test,43,2,43.06666666666667,1.495873212814331,-0.4936563830471443
UBFC_PHYS_s04_T3_test,43,3,43.1,1.6932209730148315,-0.7170468729692926
UBFC_PHYS_s04_T3_test,43,4,43.13333333333333,1.7105274200439453,-0.9501637299889032
UBFC_PHYS_s04_T3_test,43,5,43.166666666666664,1.5726412534713745,-1.184057192218714
UBFC_PHYS_s04_T3_test,43,6,43.2,1.4007949829101562,-1.39647673149859
UBFC_PHYS_s04_T3_test,43,7,43.233333333333334,1.2642242908477783,-1.5503898744937423
UBFC_PHYS_s04_T3_test,43,8,43.266666666666666,1.1118477582931519,-1.598278822190739
UBFC_PHYS_s04_T3_test,43,9,43.3,0.8968330025672913,-1.493464260953561
UBFC_PHYS_s04_T3_test,43,10,43.333333333333336,0.6245880722999573,-1.2064329215015375
UBFC_PHYS_s04_T3_test,43,11,43.36666666666667,0.3006284832954407,-0.7407791415161208
UBFC_PHYS_s04_T3_test,43,12,43.4,-0.04408712312579155,-0.14170462071352413
UBFC_PHYS_s04_T3_test,43,13,43.43333333333333,-0.3558269739151001,0.5082960984455192
UBFC_PHYS_s04_T3_test,43,14,43.46666666666667,-0.6164563298225403,1.1069194367046344
UBFC_PHYS_s04_T3_test,43,15,43.5,-0.8524025678634644,1.557405408331542
UBFC_PHYS_s04_T3_test,43,16,43.53333333333333,-1.1090853214263916,1.7932851726989636
UBFC_PHYS_s04_T3_test,43,17,43.56666666666667,-1.4232418537139893,1.7944859720269482
UBFC_PHYS_s04_T3_test,43,18,43.6,-1.7691171169281006,1.5901266286576936
UBFC_PHYS_s04_T3_test,43,19,43.63333333333333,-2.03029203414917,1.2478932938098322
UBFC_PHYS_s04_T3_test,43,20,43.666666666666664,-2.0918684005737305,0.8538268097466433
UBFC_PHYS_s04_T3_test,43,21,43.7,-1.9647791385650635,0.48872950587707487
UBFC_PHYS_s04_T3_test,43,22,43.733333333333334,-1.755689024925232,0.2078971137720939
UBFC_PHYS_s04_T3_test,43,23,43.766666666666666,-1.5233482122421265,0.029453821876138406
UBFC_PHYS_s04_T3_test,43,24,43.8,-1.2430834770202637,-0.0662864448897606
UBFC_PHYS_s04_T3_test,43,25,43.833333333333336,-0.9123319387435913,-0.12702527466976404
UBFC_PHYS_s04_T3_test,43,26,43.86666666666667,-0.5861116051673889,-0.21106169200917263
UBFC_PHYS_s04_T3_test,43,27,43.9,-0.3278014659881592,-0.36670971583337947
UBFC_PHYS_s04_T3_test,43,28,43.93333333333333,-0.17704258859157562,-0.6142641104936962
UBFC_PHYS_s04_T3_test,43,29,43.96666666666667,-0.12479198724031448,-0.9360593976152685
UBFC_PHYS_s04_T3_test,43,30,44.0,-0.11103259772062302,-1.2778336946995643
UBFC_PHYS_s04_T3_test,43,31,44.03333333333333,-0.11147110164165497,-1.5611529569179694
UBFC_PHYS_s04_T3_test,43,32,44.06666666666667,-0.1696561723947525,-1.7036378089040942
UBFC_PHYS_s04_T3_test,43,33,44.1,-0.2747713029384613,-1.6418394863936563
UBFC_PHYS_s04_T3_test,43,34,44.13333333333333,-0.349522203207016,-1.3508850664645404
UBFC_PHYS_s04_T3_test,43,35,44.166666666666664,-0.393480122089386,-0.8553476904784281
UBFC_PHYS_s04_T3_test,43,36,44.2,-0.483968585729599,-0.2273056834755313
UBFC_PHYS_s04_T3_test,43,37,44.233333333333334,-0.6114768385887146,0.429314524337004
UBFC_PHYS_s04_T3_test,43,38,44.266666666666666,-0.6627334952354431,1.004510382482774
UBFC_PHYS_s04_T3_test,43,39,44.3,-0.5790662169456482,1.4104061636521632
UBFC_PHYS_s04_T3_test,43,40,44.333333333333336,-0.40741491317749023,1.602678259358946
UBFC_PHYS_s04_T3_test,43,41,44.36666666666667,-0.24493329226970673,1.5880396106509045
UBFC_PHYS_s04_T3_test,43,42,44.4,-0.19987420737743378,1.4157073115440513
UBFC_PHYS_s04_T3_test,43,43,44.43333333333333,-0.26012513041496277,1.1568221707233113
UBFC_PHYS_s04_T3_test,43,44,44.46666666666667,-0.21788224577903748,0.8801390920567612
UBFC_PHYS_s04_T3_test,43,45,44.5,0.08600343018770218,0.6329221287187657
UBFC_PHYS_s04_T3_test,43,46,44.53333333333333,0.5050996541976929,0.43263301893396144
UBFC_PHYS_s04_T3_test,43,47,44.56666666666667,0.7849550843238831,0.2699537840600402
UBFC_PHYS_s04_T3_test,43,48,44.6,0.8946989178657532,0.119684823885653
UBFC_PHYS_s04_T3_test,43,49,44.63333333333333,0.9383645057678223,-0.04568706867588465
UBFC_PHYS_s04_T3_test,43,50,44.666666666666664,0.9455267786979675,-0.24454910009931213
UBFC_PHYS_s04_T3_test,43,51,44.7,0.8828007578849792,-0.4797956206977905
UBFC_PHYS_s04_T3_test,43,52,44.733333333333334,0.7595606446266174,-0.7381415763689171
UBFC_PHYS_s04_T3_test,43,53,44.766666666666666,0.6002070307731628,-0.993807930638977
UBFC_PHYS_s04_T3_test,43,54,44.8,0.3892459571361542,-1.2143488408596614
UBFC_PHYS_s04_T3_test,43,55,44.833333333333336,0.138721764087677,-1.3665713126292542
UBFC_PHYS_s04_T3_test,43,56,44.86666666666667,-0.09085150808095932,-1.4214570056524691
UBFC_PHYS_s04_T3_test,43,57,44.9,-0.29254546761512756,-1.358111491215853
UBFC_PHYS_s04_T3_test,43,58,44.93333333333333,-0.5192927718162537,-1.1673591266010148
UBFC_PHYS_s04_T3_test,43,59,44.96666666666667,-0.7491584420204163,-0.855180942210672
UBFC_PHYS_s04_T3_test,43,60,45.0,-0.8890910148620605,-0.4449851309834384
UBFC_PHYS_s04_T3_test,43,61,45.03333333333333,-0.9320744872093201,0.02309715114290331
UBFC_PHYS_s04_T3_test,43,62,45.06666666666667,-0.9640076160430908,0.4971118928049063
UBFC_PHYS_s04_T3_test,43,63,45.1,-1.0049738883972168,0.9220096133599708
UBFC_PHYS_s04_T3_test,43,64,45.13333333333333,-1.0289748907089233,1.2502150849196056
UBFC_PHYS_s04_T3_test,43,65,45.166666666666664,-1.070438265800476,1.451025007872356
UBFC_PHYS_s04_T3_test,43,66,45.2,-1.1963093280792236,1.5157625442947154
UBFC_PHYS_s04_T3_test,43,67,45.233333333333334,-1.3834155797958374,1.4568774695610975
UBFC_PHYS_s04_T3_test,43,68,45.266666666666666,-1.4736506938934326,1.3015140198791004
UBFC_PHYS_s04_T3_test,43,69,45.3,-1.2972537279129028,1.0822600883702571
UBFC_PHYS_s04_T3_test,43,70,45.333333333333336,-0.8741330504417419,0.8286062280177816
UBFC_PHYS_s04_T3_test,43,71,45.36666666666667,-0.39507824182510376,0.5618058582904211
UBFC_PHYS_s04_T3_test,43,72,45.4,-0.01388857513666153,0.2939493422630806
UBFC_PHYS_s04_T3_test,43,73,45.43333333333333,0.26060736179351807,0.030283344018808576
UBFC_PHYS_s04_T3_test,43,74,45.46666666666667,0.4645620584487915,-0.2270047508912576
UBFC_PHYS_s04_T3_test,43,75,45.5,0.6043192744255066,-0.47521372869248857
UBFC_PHYS_s04_T3_test,43,76,45.53333333333333,0.6894481778144836,-0.7089052093445729
UBFC_PHYS_s04_T3_test,43,77,45.56666666666667,0.7412115335464478,-0.9194816330179499
UBFC_PHYS_s04_T3_test,43,78,45.6,0.7606033086776733,-1.0963054704178876
UBFC_PHYS_s04_T3_test,43,79,45.63333333333333,0.7519988417625427,-1.2284682443468247
UBFC_PHYS_s04_T3_test,43,80,45.666666666666664,0.7368459701538086,-1.3060238581217862
UBFC_PHYS_s04_T3_test,43,81,45.7,0.7127183079719543,-1.3200339998646322
UBFC_PHYS_s04_T3_test,43,82,45.733333333333334,0.6461236476898193,-1.262067815183141
UBFC_PHYS_s04_T3_test,43,83,45.766666666666666,0.5271614193916321,-1.1246458414946419
UBFC_PHYS_s04_T3_test,43,84,45.8,0.3849778175354004,-0.9035832907681451
UBFC_PHYS_s04_T3_test,43,85,45.833333333333336,0.24011445045471191,-0.6019233748979251
UBFC_PHYS_s04_T3_test,43,86,45.86666666666667,0.0915091335773468,-0.23415950871766122
UBFC_PHYS_s04_T3_test,43,87,45.9,-0.060458067804574966,0.17126997421065127
UBFC_PHYS_s04_T3_test,43,88,45.93333333333333,-0.20812790095806122,0.5735955655902764
UBFC_PHYS_s04_T3_test,43,89,45.96666666666667,-0.35701578855514526,0.9266943203389434
UBFC_PHYS_s04_T3_test,43,90,46.0,-0.5479322075843811,1.1897597799478559
UBFC_PHYS_s04_T3_test,43,91,46.03333333333333,-0.7869870066642761,1.337397052030215
UBFC_PHYS_s04_T3_test,43,92,46.06666666666667,-0.9300378561019897,1.3648448772219044
UBFC_PHYS_s04_T3_test,43,93,46.1,-0.8082302212715149,1.2864461124575832
UBFC_PHYS_s04_T3_test,43,94,46.13333333333333,-0.4545885920524597,1.128696171847322
UBFC_PHYS_s04_T3_test,43,95,46.166666666666664,-0.07088480144739151,0.9213286645356005
UBFC_PHYS_s04_T3_test,43,96,46.2,0.2067391574382782,0.6899372122835724
UBFC_PHYS_s04_T3_test,43,97,46.233333333333334,0.38126513361930847,0.45214974966527
UBFC_PHYS_s04_T3_test,43,98,46.266666666666666,0.48881638050079346,0.2175758713463756
UBFC_PHYS_s04_T3_test,43,99,46.3,0.5438344478607178,-0.00961331369425097
UBFC_PHYS_s04_T3_test,43,100,46.333333333333336,0.5665102005004883,-0.22723432053731032
UBFC_PHYS_s04_T3_test,43,101,46.36666666666667,0.582198977470398,-0.43233713022593323
UBFC_PHYS_s04_T3_test,43,102,46.4,0.5995541214942932,-0.6199072944292638
UBFC_PHYS_s04_T3_test,43,103,46.43333333333333,0.608762800693512,-0.782826801602747
UBFC_PHYS_s04_T3_test,43,104,46.46666666666667,0.5907352566719055,-0.9122941058598532
UBFC_PHYS_s04_T3_test,43,105,46.5,0.5351812243461609,-0.9979712007979137
UBFC_PHYS_s04_T3_test,43,106,46.53333333333333,0.4561329782009125,-1.0278179808134136
UBFC_PHYS_s04_T3_test,43,107,46.56666666666667,0.36293551325798035,-0.9884356882363682
UBFC_PHYS_s04_T3_test,43,108,46.6,0.23530060052871704,-0.8671230017988737
UBFC_PHYS_s04_T3_test,43,109,46.63333333333333,0.07585928589105606,-0.6562104255033085
UBFC_PHYS_s04_T3_test,43,110,46.666666666666664,-0.07439286261796951,-0.358710766526187
UBFC_PHYS_s04_T3_test,43,111,46.7,-0.20294375717639923,0.00698007175687025
UBFC_PHYS_s04_T3_test,43,112,46.733333333333334,-0.35120800137519836,0.4056914406478389
UBFC_PHYS_s04_T3_test,43,113,46.766666666666666,-0.562588095664978,0.7888554668090089
UBFC_PHYS_s04_T3_test,43,114,46.8,-0.8178189396858215,1.1027875406567713
UBFC_PHYS_s04_T3_test,43,115,46.833333333333336,-0.9973536729812622,1.3002416288314564
UBFC_PHYS_s04_T3_test,43,116,46.86666666666667,-0.9418678283691406,1.3517306869584325
UBFC_PHYS_s04_T3_test,43,117,46.9,-0.6254603266716003,1.252514365189084
UBFC_PHYS_s04_T3_test,43,118,46.93333333333333,-0.2192952185869217,1.0227702039644193
UBFC_PHYS_s04_T3_test,43,119,46.96666666666667,0.09166504442691803,0.7011991534201563
UBFC_PHYS_s04_T3_test,43,120,47.0,0.2774850130081177,0.3345165469224289
UBFC_PHYS_s04_T3_test,43,121,47.03333333333333,0.4016411006450653,-0.03369011056816239
UBFC_PHYS_s04_T3_test,43,122,47.06666666666667,0.49290913343429565,-0.37136524640291135
UBFC_PHYS_s04_T3_test,43,123,47.1,0.5414957404136658,-0.6614090006644303
UBFC_PHYS_s04_T3_test,43,124,47.13333333333333,0.5547289252281189,-0.8996966063716365
UBFC_PHYS_s04_T3_test,43,125,47.166666666666664,0.5494083762168884,-1.0891091474416292
UBFC_PHYS_s04_T3_test,43,126,47.2,0.5279020071029663,-1.232192906775597
UBFC_PHYS_s04_T3_test,43,127,47.233333333333334,0.4850257337093353,-1.3253102374128813
UBFC_PHYS_s04_T3_test,43,128,47.266666666666666,0.4056461453437805,-1.3564555032079437
UBFC_PHYS_s04_T3_test,43,129,47.3,0.26921185851097107,-1.3075702999875145
UBFC_PHYS_s04_T3_test,43,130,47.333333333333336,0.08931659907102585,-1.1606566932501714
UBFC_PHYS_s04_T3_test,43,131,47.36666666666667,-0.08752859383821487,-0.9057701489269115
UBFC_PHYS_s04_T3_test,43,132,47.4,-0.23849210143089294,-0.5483972881328284
UBFC_PHYS_s04_T3_test,43,133,47.43333333333333,-0.40201640129089355,-0.1137295959045043
UBFC_PHYS_s04_T3_test,43,134,47.46666666666667,-0.6201592683792114,0.3541573009529346
UBFC_PHYS_s04_T3_test,43,135,47.5,-0.8095750212669373,0.7990477759083423
UBFC_PHYS_s04_T3_test,43,136,47.53333333333333,-0.765412449836731,1.1642163593607662
UBFC_PHYS_s04_T3_test,43,137,47.56666666666667,-0.4426904320716858,1.405819622863059
UBFC_PHYS_s04_T3_test,43,138,47.6,-0.027131499722599983,1.5035612381161978
UBFC_PHYS_s04_T3_test,43,139,47.63333333333333,0.2931738495826721,1.4646069119173941
UBFC_PHYS_s04_T3_test,43,140,47.666666666666664,0.47754189372062683,1.3192716317650115
UBFC_PHYS_s04_T3_test,43,141,47.7,0.5486288070678711,1.110245897628194
UBFC_PHYS_s04_T3_test,43,142,47.733333333333334,0.5258264541625977,0.8793441241908023
UBFC_PHYS_s04_T3_test,43,143,47.766666666666666,0.4553631544113159,0.6562686249113444
UBFC_PHYS_s04_T3_test,43,144,47.8,0.4013487696647644,0.45282352502398365
UBFC_PHYS_s04_T3_test,43,145,47.833333333333336,0.3809240758419037,0.2638681154649314
UBFC_PHYS_s04_T3_test,43,146,47.86666666666667,0.35169023275375366,0.07385606437406653
UBFC_PHYS_s04_T3_test,43,147,47.9,0.2671947181224823,-0.1339172212712571
UBFC_PHYS_s04_T3_test,43,148,47.93333333333333,0.13047783076763153,-0.36861173166143324
UBFC_PHYS_s04_T3_test,43,149,47.96666666666667,-0.02699507586658001,-0.6262102814774796
UBFC_PHYS_s04_T3_test,43,150,48.0,-0.20063428580760956,-0.8882438382374175
UBFC_PHYS_s04_T3_test,43,151,48.03333333333333,-0.4164969027042389,-1.1247596444865793
UBFC_PHYS_s04_T3_test,43,152,48.06666666666667,-0.6866759657859802,-1.3001931015826267
UBFC_PHYS_s04_T3_test,43,153,48.1,-0.9530254006385803,-1.3803651919395865
UBFC_PHYS_s04_T3_test,43,154,48.13333333333333,-1.0570296049118042,-1.3393289109384068
UBFC_PHYS_s04_T3_test,43,155,48.166666666666664,-0.8672630786895752,-1.1653758930056426
UBFC_PHYS_s04_T3_test,43,156,48.2,-0.4627448320388794,-0.8654113907227067
UBFC_PHYS_s04_T3_test,43,157,48.233333333333334,-0.06948158144950867,-0.4664446765803652
UBFC_PHYS_s04_T3_test,43,158,48.266666666666666,0.1949092000722885,-0.012958004702007616
UBFC_PHYS_s04_T3_test,43,159,48.3,0.3756229877471924,0.4400934459987269
UBFC_PHYS_s04_T3_test,43,160,48.333333333333336,0.5032676458358765,0.8371838787825523
UBFC_PHYS_s04_T3_test,43,161,48.36666666666667,0.5548361539840698,1.1322240780352337
UBFC_PHYS_s04_T3_test,43,162,48.4,0.5384554266929626,1.2959011299996768
UBFC_PHYS_s04_T3_test,43,163,48.43333333333333,0.4947313666343689,1.3188206911025135
UBFC_PHYS_s04_T3_test,43,164,48.46666666666667,0.4446343183517456,1.2105368554225835
UBFC_PHYS_s04_T3_test,43,165,48.5,0.3790725767612457,0.9956286047942304
UBFC_PHYS_s04_T3_test,43,166,48.53333333333333,0.2783815264701843,0.7081185258122838
UBFC_PHYS_s04_T3_test,43,167,48.56666666666667,0.13340121507644653,0.3852175097428344
UBFC_PHYS_s04_T3_test,43,168,48.6,-0.04274236783385277,0.06127143132186234
UBFC_PHYS_s04_T3_test,43,169,48.63333333333333,-0.23130057752132416,-0.2370551047726071
UBFC_PHYS_s04_T3_test,43,170,48.666666666666664,-0.44629591703414917,-0.49325253408154485
UBFC_PHYS_s04_T3_test,43,171,48.7,-0.7213765382766724,-0.700412339758603
UBFC_PHYS_s04_T3_test,43,172,48.733333333333334,-0.999019980430603,-0.8579603322373273
UBFC_PHYS_s04_T3_test,43,173,48.766666666666666,-1.0784775018692017,-0.9671009034815504
UBFC_PHYS_s04_T3_test,43,174,48.8,-0.8258582353591919,-1.0269486938633996
UBFC_PHYS_s04_T3_test,43,175,48.833333333333336,-0.37394219636917114,-1.0329253735021724
UBFC_PHYS_s04_T3_test,43,176,48.86666666666667,0.05029917508363724,-0.9778321869547091
UBFC_PHYS_s04_T3_test,43,177,48.9,0.3553932011127472,-0.8549460517356302
UBFC_PHYS_s04_T3_test,43,178,48.93333333333333,0.5797725915908813,-0.6621318280768514
UBFC_PHYS_s04_T3_test,43,179,48.96666666666667,0.759131908416748,-0.4058260272087399
UBFC_PHYS_s04_T3_test,43,180,49.0,0.872978150844574,-0.10337184977485214
UBFC_PHYS_s04_T3_test,43,181,49.03333333333333,0.8891932368278503,0.21776784063187826
UBFC_PHYS_s04_T3_test,43,182,49.06666666666667,0.833541750907898,0.5242977862532147
UBFC_PHYS_s04_T3_test,43,183,49.1,0.7532948851585388,0.7837021400830945
UBFC_PHYS_s04_T3_test,43,184,49.13333333333333,0.6534126400947571,0.9709741478187077
UBFC_PHYS_s04_T3_test,43,185,49.166666666666664,0.5082374215126038,1.0731387737952285
UBFC_PHYS_s04_T3_test,43,186,49.2,0.32361599802970886,1.0900261320111877
UBFC_PHYS_s04_T3_test,43,187,49.233333333333334,0.13059476017951965,1.031322617637333
UBFC_PHYS_s04_T3_test,43,188,49.266666666666666,-0.06637305021286011,0.9117138546956911
UBFC_PHYS_s04_T3_test,43,189,49.3,-0.2936563491821289,0.7467190800169135
UBFC_PHYS_s04_T3_test,43,190,49.333333333333336,-0.5764352083206177,0.5508745078812879
UBFC_PHYS_s04_T3_test,43,191,49.36666666666667,-0.8704106211662292,0.33801724133587285
UBFC_PHYS_s04_T3_test,43,192,49.4,-0.9976069927215576,0.1219893944342847
UBFC_PHYS_s04_T3_test,43,193,49.43333333333333,-0.7953478693962097,-0.08382867937079694
UBFC_PHYS_s04_T3_test,43,194,49.46666666666667,-0.35476478934288025,-0.26824042036368084
UBFC_PHYS_s04_T3_test,43,195,49.5,0.07621009647846222,-0.4239381238304063
UBFC_PHYS_s04_T3_test,43,196,49.53333333333333,0.3829996585845947,-0.5480034902726315
UBFC_PHYS_s04_T3_test,43,197,49.56666666666667,0.6119200587272644,-0.6409474322706483
UBFC_PHYS_s04_T3_test,43,198,49.6,0.7795760631561279,-0.7046883486185963
UBFC_PHYS_s04_T3_test,43,199,49.63333333333333,0.8563830852508545,-0.7401426345118444
UBFC_PHYS_s04_T3_test,43,200,49.666666666666664,0.8457419872283936,-0.7452833526402075
UBFC_PHYS_s04_T3_test,43,201,49.7,0.7939298748970032,-0.7145035657318636
UBFC_PHYS_s04_T3_test,43,202,49.733333333333334,0.7121336460113525,-0.6397296997691242
UBFC_PHYS_s04_T3_test,43,203,49.766666666666666,0.5664907097816467,-0.5131304483734593
UBFC_PHYS_s04_T3_test,43,204,49.8,0.37813711166381836,-0.3307491884511314
UBFC_PHYS_s04_T3_test,43,205,49.833333333333336,0.20922403037548065,-0.09612214833871928
UBFC_PHYS_s04_T3_test,43,206,49.86666666666667,0.05105925351381302,0.17707896112645533
UBFC_PHYS_s04_T3_test,43,207,49.9,-0.1516091525554657,0.46430348635698526
UBFC_PHYS_s04_T3_test,43,208,49.93333333333333,-0.41993674635887146,0.7321199959647939
UBFC_PHYS_s04_T3_test,43,209,49.96666666666667,-0.7289578318595886,0.9432912980440855
UBFC_PHYS_s04_T3_test,43,210,50.0,-0.9586675763130188,1.0641216643504932
UBFC_PHYS_s04_T3_test,43,211,50.03333333333333,-0.8984361290931702,1.0719987605124637
UBFC_PHYS_s04_T3_test,43,212,50.06666666666667,-0.5249836444854736,0.9604786181431264
UBFC_PHYS_s04_T3_test,43,213,50.1,-0.059756457805633545,0.7400087100000189
UBFC_PHYS_s04_T3_test,43,214,50.13333333333333,0.2975784242153168,0.4343261746477932
UBFC_PHYS_s04_T3_test,43,215,50.166666666666664,0.5402971506118774,0.0745405893750729
UBFC_PHYS_s04_T3_test,43,216,50.2,0.7182142734527588,-0.3063636848723502
UBFC_PHYS_s04_T3_test,43,217,50.233333333333334,0.8177457451820374,-0.6767978101690786
UBFC_PHYS_s04_T3_test,43,218,50.266666666666666,0.8163522481918335,-1.0077039707536897
UBFC_PHYS_s04_T3_test,43,219,50.3,0.7460156679153442,-1.272933590033649
UBFC_PHYS_s04_T3_test,43,220,50.333333333333336,0.6601071357727051,-1.4499559061568648
UBFC_PHYS_s04_T3_test,43,221,50.36666666666667,0.5782816410064697,-1.521055862229654
UBFC_PHYS_s04_T3_test,43,222,50.4,0.4819756746292114,-1.4748612124483742
UBFC_PHYS_s04_T3_test,43,223,50.43333333333333,0.3392268717288971,-1.3082110079804588
UBFC_PHYS_s04_T3_test,43,224,50.46666666666667,0.14006653428077698,-1.0283418068171954
UBFC_PHYS_s04_T3_test,43,225,50.5,-0.08121409267187119,-0.6548851398355792
UBFC_PHYS_s04_T3_test,43,226,50.53333333333333,-0.28031596541404724,-0.2205072639264767
UBFC_PHYS_s04_T3_test,43,227,50.56666666666667,-0.47760534286499023,0.23122364690178324
UBFC_PHYS_s04_T3_test,43,228,50.6,-0.7334501147270203,0.6515016842118897
UBFC_PHYS_s04_T3_test,43,229,50.63333333333333,-1.0081311464309692,0.9947344985738965
UBFC_PHYS_s04_T3_test,43,230,50.666666666666664,-1.1070291996002197,1.2273994898183564
UBFC_PHYS_s04_T3_test,43,231,50.7,-0.8765497207641602,1.334377333356593
UBFC_PHYS_s04_T3_test,43,232,50.733333333333334,-0.4157075881958008,1.3209462605529974
UBFC_PHYS_s04_T3_test,43,233,50.766666666666666,0.03360665589570999,1.2103352917296535
UBFC_PHYS_s04_T3_test,43,234,50.8,0.36214619874954224,1.0377773969181678
UBFC_PHYS_s04_T3_test,43,235,50.833333333333336,0.605732262134552,0.8423150077475501
UBFC_PHYS_s04_T3_test,43,236,50.86666666666667,0.7684574723243713,0.6577780747195603
UBFC_PHYS_s04_T3_test,43,237,50.9,0.8222574591636658,0.5047813735842919
UBFC_PHYS_s04_T3_test,43,238,50.93333333333333,0.8001664280891418,0.3861062636790857
UBFC_PHYS_s04_T3_test,43,239,50.96666666666667,0.7728620767593384,0.2876062375463197
UBFC_PHYS_s04_T3_test,44,0,44.0,-0.11103259772062302,0.07445708996166703
UBFC_PHYS_s04_T3_test,44,1,44.03333333333333,-0.11147110164165497,-0.1844418444375937
UBFC_PHYS_s04_T3_test,44,2,44.06666666666667,-0.1696561723947525,-0.3241759667000158
UBFC_PHYS_s04_T3_test,44,3,44.1,-0.2747713029384613,-0.263571684240971
UBFC_PHYS_s04_T3_test,44,4,44.13333333333333,-0.349522203207016,0.01436162177496976
UBFC_PHYS_s04_T3_test,44,5,44.166666666666664,-0.393480122089386,0.4574397414923848
UBFC_PHYS_s04_T3_test,44,6,44.2,-0.483968585729599,0.9626065636539733
UBFC_PHYS_s04_T3_test,44,7,44.233333333333334,-0.6114768385887146,1.4104749730857138
UBFC_PHYS_s04_T3_test,44,8,44.266666666666666,-0.6627334952354431,1.7023224759036757
UBFC_PHYS_s04_T3_test,44,9,44.3,-0.5790662169456482,1.7856679421833612
UBFC_PHYS_s04_T3_test,44,10,44.333333333333336,-0.40741491317749023,1.661489949097889
UBFC_PHYS_s04_T3_test,44,11,44.36666666666667,-0.24493329226970673,1.3748184648545463
UBFC_PHYS_s04_T3_test,44,12,44.4,-0.19987420737743378,0.9953647221550087
UBFC_PHYS_s04_T3_test,44,13,44.43333333333333,-0.26012513041496277,0.5957575035176427
UBFC_PHYS_s04_T3_test,44,14,44.46666666666667,-0.21788224577903748,0.23383622546897537
UBFC_PHYS_s04_T3_test,44,15,44.5,0.08600343018770218,-0.057037314780516886
UBFC_PHYS_s04_T3_test,44,16,44.53333333333333,0.5050996541976929,-0.26913579557615624
UBFC_PHYS_s04_T3_test,44,17,44.56666666666667,0.7849550843238831,-0.4153001647522202
UBFC_PHYS_s04_T3_test,44,18,44.6,0.8946989178657532,-0.5208452954229204
UBFC_PHYS_s04_T3_test,44,19,44.63333333333333,0.9383645057678223,-0.6149307127502809
UBFC_PHYS_s04_T3_test,44,20,44.666666666666664,0.9455267786979675,-0.7227764396654787
UBFC_PHYS_s04_T3_test,44,21,44.7,0.8828007578849792,-0.8595022288797727
UBFC_PHYS_s04_T3_test,44,22,44.733333333333334,0.7595606446266174,-1.0264127710124076
UBFC_PHYS_s04_T3_test,44,23,44.766666666666666,0.6002070307731628,-1.2104278845599992
UBFC_PHYS_s04_T3_test,44,24,44.8,0.3892459571361542,-1.3864737734415054
UBFC_PHYS_s04_T3_test,44,25,44.833333333333336,0.138721764087677,-1.5217169557983332
UBFC_PHYS_s04_T3_test,44,26,44.86666666666667,-0.09085150808095932,-1.5804849205823317
UBFC_PHYS_s04_T3_test,44,27,44.9,-0.29254546761512756,-1.5295852015818379
UBFC_PHYS_s04_T3_test,44,28,44.93333333333333,-0.5192927718162537,-1.344617748288668
UBFC_PHYS_s04_T3_test,44,29,44.96666666666667,-0.7491584420204163,-1.0174053502144063
UBFC_PHYS_s04_T3_test,44,30,45.0,-0.8890910148620605,-0.5626162740293112
UBFC_PHYS_s04_T3_test,44,31,45.03333333333333,-0.9320744872093201,-0.020092205489920467
UBFC_PHYS_s04_T3_test,44,32,45.06666666666667,-0.9640076160430908,0.5497136351333115
UBFC_PHYS_s04_T3_test,44,33,45.1,-1.0049738883972168,1.076990197200131
UBFC_PHYS_s04_T3_test,44,34,45.13333333333333,-1.0289748907089233,1.4974452010462287
UBFC_PHYS_s04_T3_test,44,35,45.166666666666664,-1.070438265800476,1.7661727903471314
UBFC_PHYS_s04_T3_test,44,36,45.2,-1.1963093280792236,1.8662197523853634
UBFC_PHYS_s04_T3_test,44,37,45.233333333333334,-1.3834155797958374,1.8095169931673123
UBFC_PHYS_s04_T3_test,44,38,45.266666666666666,-1.4736506938934326,1.6305165011739828
UBFC_PHYS_s04_T3_test,44,39,45.3,-1.2972537279129028,1.3751286076613727
UBFC_PHYS_s04_T3_test,44,40,45.333333333333336,-0.8741330504417419,1.0885630146631562
UBFC_PHYS_s04_T3_test,44,41,45.36666666666667,-0.39507824182510376,0.8053355104943175
UBFC_PHYS_s04_T3_test,44,42,45.4,-0.01388857513666153,0.5434789487907493
UBFC_PHYS_s04_T3_test,44,43,45.43333333333333,0.26060736179351807,0.3036369795365806
UBFC_PHYS_s04_T3_test,44,44,45.46666666666667,0.4645620584487915,0.07271073042053107
UBFC_PHYS_s04_T3_test,44,45,45.5,0.6043192744255066,-0.1690672689947823
UBFC_PHYS_s04_T3_test,44,46,45.53333333333333,0.6894481778144836,-0.43950145868412493
UBFC_PHYS_s04_T3_test,44,47,45.56666666666667,0.7412115335464478,-0.7463911347652094
UBFC_PHYS_s04_T3_test,44,48,45.6,0.7606033086776733,-1.0817500942682328
UBFC_PHYS_s04_T3_test,44,49,45.63333333333333,0.7519988417625427,-1.4192661406890685
UBFC_PHYS_s04_T3_test,44,50,45.666666666666664,0.7368459701538086,-1.7156599103764185
UBFC_PHYS_s04_T3_test,44,51,45.7,0.7127183079719543,-1.916556048208617
UBFC_PHYS_s04_T3_test,44,52,45.733333333333334,0.6461236476898193,-1.967100334366769
UBFC_PHYS_s04_T3_test,44,53,45.766666666666666,0.5271614193916321,-1.826174142353532
UBFC_PHYS_s04_T3_test,44,54,45.8,0.3849778175354004,-1.4808131181707087
UBFC_PHYS_s04_T3_test,44,55,45.833333333333336,0.24011445045471191,-0.9558284780716628
UBFC_PHYS_s04_T3_test,44,56,45.86666666666667,0.0915091335773468,-0.3141498751481753
UBFC_PHYS_s04_T3_test,44,57,45.9,-0.060458067804574966,0.35389796196010215
UBFC_PHYS_s04_T3_test,44,58,45.93333333333333,-0.20812790095806122,0.9503443132612122
UBFC_PHYS_s04_T3_test,44,59,45.96666666666667,-0.35701578855514526,1.3927661276516186
UBFC_PHYS_s04_T3_test,44,60,46.0,-0.5479322075843811,1.633535959336217
UBFC_PHYS_s04_T3_test,44,61,46.03333333333333,-0.7869870066642761,1.6687044574326242
UBFC_PHYS_s04_T3_test,44,62,46.06666666666667,-0.9300378561019897,1.5338269473657773
UBFC_PHYS_s04_T3_test,44,63,46.1,-0.8082302212715149,1.2890102662857472
UBFC_PHYS_s04_T3_test,44,64,46.13333333333333,-0.4545885920524597,0.9994108169107377
UBFC_PHYS_s04_T3_test,44,65,46.166666666666664,-0.07088480144739151,0.718397500361244
UBFC_PHYS_s04_T3_test,44,66,46.2,0.2067391574382782,0.4781957190216097
UBFC_PHYS_s04_T3_test,44,67,46.233333333333334,0.38126513361930847,0.28897192285646905
UBFC_PHYS_s04_T3_test,44,68,46.266666666666666,0.48881638050079346,0.1443049290707232
UBFC_PHYS_s04_T3_test,44,69,46.3,0.5438344478607178,0.02953097716616929
UBFC_PHYS_s04_T3_test,44,70,46.333333333333336,0.5665102005004883,-0.07063589629987832
UBFC_PHYS_s04_T3_test,44,71,46.36666666666667,0.582198977470398,-0.16758265312993653
UBFC_PHYS_s04_T3_test,44,72,46.4,0.5995541214942932,-0.2676425388078006
UBFC_PHYS_s04_T3_test,44,73,46.43333333333333,0.608762800693512,-0.3728084930886473
UBFC_PHYS_s04_T3_test,44,74,46.46666666666667,0.5907352566719055,-0.48143448449167814
UBFC_PHYS_s04_T3_test,44,75,46.5,0.5351812243461609,-0.5879897946378598
UBFC_PHYS_s04_T3_test,44,76,46.53333333333333,0.4561329782009125,-0.6823518911466201
UBFC_PHYS_s04_T3_test,44,77,46.56666666666667,0.36293551325798035,-0.7499545100623618
UBFC_PHYS_s04_T3_test,44,78,46.6,0.23530060052871704,-0.7737932332674202
UBFC_PHYS_s04_T3_test,44,79,46.63333333333333,0.07585928589105606,-0.7383005216972486
UBFC_PHYS_s04_T3_test,44,80,46.666666666666664,-0.07439286261796951,-0.6341981541178923
UBFC_PHYS_s04_T3_test,44,81,46.7,-0.20294375717639923,-0.46285868305541766
UBFC_PHYS_s04_T3_test,44,82,46.733333333333334,-0.35120800137519836,-0.23851456347083808
UBFC_PHYS_s04_T3_test,44,83,46.766666666666666,-0.562588095664978,0.012891146691647749
UBFC_PHYS_s04_T3_test,44,84,46.8,-0.8178189396858215,0.25826982692998335
UBFC_PHYS_s04_T3_test,44,85,46.833333333333336,-0.9973536729812622,0.4641443960529393
UBFC_PHYS_s04_T3_test,44,86,46.86666666666667,-0.9418678283691406,0.6036366789602727
UBFC_PHYS_s04_T3_test,44,87,46.9,-0.6254603266716003,0.6617769082489579
UBFC_PHYS_s04_T3_test,44,88,46.93333333333333,-0.2192952185869217,0.6378786588484385
UBFC_PHYS_s04_T3_test,44,89,46.96666666666667,0.09166504442691803,0.5444610231155734
UBFC_PHYS_s04_T3_test,44,90,47.0,0.2774850130081177,0.4028088822067973
UBFC_PHYS_s04_T3_test,44,91,47.03333333333333,0.4016411006450653,0.23625838830017937
UBFC_PHYS_s04_T3_test,44,92,47.06666666666667,0.49290913343429565,0.0636976275544044
UBFC_PHYS_s04_T3_test,44,93,47.1,0.5414957404136658,-0.1039022142956324
UBFC_PHYS_s04_T3_test,44,94,47.13333333333333,0.5547289252281189,-0.2628236705171326
UBFC_PHYS_s04_T3_test,44,95,47.166666666666664,0.5494083762168884,-0.41302622662184824
UBFC_PHYS_s04_T3_test,44,96,47.2,0.5279020071029663,-0.5538916550796206
UBFC_PHYS_s04_T3_test,44,97,47.233333333333334,0.4850257337093353,-0.6809601664088516
UBFC_PHYS_s04_T3_test,44,98,47.266666666666666,0.4056461453437805,-0.784100889204856
UBFC_PHYS_s04_T3_test,44,99,47.3,0.26921185851097107,-0.8469239705483593
UBFC_PHYS_s04_T3_test,44,100,47.333333333333336,0.08931659907102585,-0.8477093196718749
UBFC_PHYS_s04_T3_test,44,101,47.36666666666667,-0.08752859383821487,-0.7627580757463747
UBFC_PHYS_s04_T3_test,44,102,47.4,-0.23849210143089294,-0.5727431279725221
UBFC_PHYS_s04_T3_test,44,103,47.43333333333333,-0.40201640129089355,-0.2713901556416668
UBFC_PHYS_s04_T3_test,44,104,47.46666666666667,-0.6201592683792114,0.12576531190709445
UBFC_PHYS_s04_T3_test,44,105,47.5,-0.8095750212669373,0.5764501403485588
UBFC_PHYS_s04_T3_test,44,106,47.53333333333333,-0.765412449836731,1.0151824819682755
UBFC_PHYS_s04_T3_test,44,107,47.56666666666667,-0.4426904320716858,1.3673368545565474
UBFC_PHYS_s04_T3_test,44,108,47.6,-0.027131499722599983,1.5698162752374873
UBFC_PHYS_s04_T3_test,44,109,47.63333333333333,0.2931738495826721,1.5896064259811242
UBFC_PHYS_s04_T3_test,44,110,47.666666666666664,0.47754189372062683,1.4322602641588882
UBFC_PHYS_s04_T3_test,44,111,47.7,0.5486288070678711,1.1375843438767945
UBFC_PHYS_s04_T3_test,44,112,47.733333333333334,0.5258264541625977,0.7655724468866986
UBFC_PHYS_s04_T3_test,44,113,47.766666666666666,0.4553631544113159,0.3789561436879254
UBFC_PHYS_s04_T3_test,44,114,47.8,0.4013487696647644,0.028535739344279467
UBFC_PHYS_s04_T3_test,44,115,47.833333333333336,0.3809240758419037,-0.2551658857371845
UBFC_PHYS_s04_T3_test,44,116,47.86666666666667,0.35169023275375366,-0.4634084349113067
UBFC_PHYS_s04_T3_test,44,117,47.9,0.2671947181224823,-0.6053956434269895
UBFC_PHYS_s04_T3_test,44,118,47.93333333333333,0.13047783076763153,-0.701226557485066
UBFC_PHYS_s04_T3_test,44,119,47.96666666666667,-0.02699507586658001,-0.7736896107920317
UBFC_PHYS_s04_T3_test,44,120,48.0,-0.20063428580760956,-0.8408503991160381
UBFC_PHYS_s04_T3_test,44,121,48.03333333333333,-0.4164969027042389,-0.9110553450241213
UBFC_PHYS_s04_T3_test,44,122,48.06666666666667,-0.6866759657859802,-0.9810961775728019
UBFC_PHYS_s04_T3_test,44,123,48.1,-0.9530254006385803,-1.0372951513558413
UBFC_PHYS_s04_T3_test,44,124,48.13333333333333,-1.0570296049118042,-1.0587558957663707
UBFC_PHYS_s04_T3_test,44,125,48.166666666666664,-0.8672630786895752,-1.0220119748719294
UBFC_PHYS_s04_T3_test,44,126,48.2,-0.4627448320388794,-0.9064696654592913
UBFC_PHYS_s04_T3_test,44,127,48.233333333333334,-0.06948158144950867,-0.7000234725055142
UBFC_PHYS_s04_T3_test,44,128,48.266666666666666,0.1949092000722885,-0.40391970557569234
UBFC_PHYS_s04_T3_test,44,129,48.3,0.3756229877471924,-0.03567909751518299
UBFC_PHYS_s04_T3_test,44,130,48.333333333333336,0.5032676458358765,0.3709866963373485
UBFC_PHYS_s04_T3_test,44,131,48.36666666666667,0.5548361539840698,0.7698680044506404
UBFC_PHYS_s04_T3_test,44,132,48.4,0.5384554266929626,1.1095089309697894
UBFC_PHYS_s04_T3_test,44,133,48.43333333333333,0.4947313666343689,1.3430493968791457
UBFC_PHYS_s04_T3_test,44,134,48.46666666666667,0.4446343183517456,1.438553405488756
UBFC_PHYS_s04_T3_test,44,135,48.5,0.3790725767612457,1.3868335216270353
UBFC_PHYS_s04_T3_test,44,136,48.53333333333333,0.2783815264701843,1.2038238503495728
UBFC_PHYS_s04_T3_test,44,137,48.56666666666667,0.13340121507644653,0.9260579865877332
UBFC_PHYS_s04_T3_test,44,138,48.6,-0.04274236783385277,0.6005099870802111
UBFC_PHYS_s04_T3_test,44,139,48.63333333333333,-0.23130057752132416,0.2724977769770213
UBFC_PHYS_s04_T3_test,44,140,48.666666666666664,-0.44629591703414917,-0.023961496824711572
UBFC_PHYS_s04_T3_test,44,141,48.7,-0.7213765382766724,-0.2703295683034601
UBFC_PHYS_s04_T3_test,44,142,48.733333333333334,-0.999019980430603,-0.46190795981585564
UBFC_PHYS_s04_T3_test,44,143,48.766666666666666,-1.0784775018692017,-0.602548841431332
UBFC_PHYS_s04_T3_test,44,144,48.8,-0.8258582353591919,-0.6989819976878686
UBFC_PHYS_s04_T3_test,44,145,48.833333333333336,-0.37394219636917114,-0.757341737955198
UBFC_PHYS_s04_T3_test,44,146,48.86666666666667,0.05029917508363724,-0.7825872588819182
UBFC_PHYS_s04_T3_test,44,147,48.9,0.3553932011127472,-0.7796487890919158
UBFC_PHYS_s04_T3_test,44,148,48.93333333333333,0.5797725915908813,-0.7543704103455408
UBFC_PHYS_s04_T3_test,44,149,48.96666666666667,0.759131908416748,-0.7128217205949914
UBFC_PHYS_s04_T3_test,44,150,49.0,0.872978150844574,-0.6588239743930567
UBFC_PHYS_s04_T3_test,44,151,49.03333333333333,0.8891932368278503,-0.5909006675563571
UBFC_PHYS_s04_T3_test,44,152,49.06666666666667,0.833541750907898,-0.5006406737120908
UBFC_PHYS_s04_T3_test,44,153,49.1,0.7532948851585388,-0.37416452646493853
UBFC_PHYS_s04_T3_test,44,154,49.13333333333333,0.6534126400947571,-0.19704697635117413
UBFC_PHYS_s04_T3_test,44,155,49.166666666666664,0.5082374215126038,0.03858878062841977
UBFC_PHYS_s04_T3_test,44,156,49.2,0.32361599802970886,0.32721372392337067
UBFC_PHYS_s04_T3_test,44,157,49.233333333333334,0.13059476017951965,0.6460400937783635
UBFC_PHYS_s04_T3_test,44,158,49.266666666666666,-0.06637305021286011,0.9564576271896347
UBFC_PHYS_s04_T3_test,44,159,49.3,-0.2936563491821289,1.2114247512894838
UBFC_PHYS_s04_T3_test,44,160,49.333333333333336,-0.5764352083206177,1.3669659048260439
UBFC_PHYS_s04_T3_test,44,161,49.36666666666667,-0.8704106211662292,1.3938851547563698
UBFC_PHYS_s04_T3_test,44,162,49.4,-0.9976069927215576,1.2855497322969274
UBFC_PHYS_s04_T3_test,44,163,49.43333333333333,-0.7953478693962097,1.0591617667010083
UBFC_PHYS_s04_T3_test,44,164,49.46666666666667,-0.35476478934288025,0.7504464131596745
UBFC_PHYS_s04_T3_test,44,165,49.5,0.07621009647846222,0.40398807610137744
UBFC_PHYS_s04_T3_test,44,166,49.53333333333333,0.3829996585845947,0.06261193256217722
UBFC_PHYS_s04_T3_test,44,167,49.56666666666667,0.6119200587272644,-0.24107626037754712
UBFC_PHYS_s04_T3_test,44,168,49.6,0.7795760631561279,-0.4892430594591947
UBFC_PHYS_s04_T3_test,44,169,49.63333333333333,0.8563830852508545,-0.6792491375740054
UBFC_PHYS_s04_T3_test,44,170,49.666666666666664,0.8457419872283936,-0.8206463501087984
UBFC_PHYS_s04_T3_test,44,171,49.7,0.7939298748970032,-0.929795604565779
UBFC_PHYS_s04_T3_test,44,172,49.733333333333334,0.7121336460113525,-1.023265071374293
UBFC_PHYS_s04_T3_test,44,173,49.766666666666666,0.5664907097816467,-1.1112576850823754
UBFC_PHYS_s04_T3_test,44,174,49.8,0.37813711166381836,-1.192428848450263
UBFC_PHYS_s04_T3_test,44,175,49.833333333333336,0.20922403037548065,-1.2515855045263817
UBFC_PHYS_s04_T3_test,44,176,49.86666666666667,0.05105925351381302,-1.261665027360166
UBFC_PHYS_s04_T3_test,44,177,49.9,-0.1516091525554657,-1.1905442201336736
UBFC_PHYS_s04_T3_test,44,178,49.93333333333333,-0.41993674635887146,-1.0114707210792804
UBFC_PHYS_s04_T3_test,44,179,49.96666666666667,-0.7289578318595886,-0.7140181363247939
UBFC_PHYS_s04_T3_test,44,180,50.0,-0.9586675763130188,-0.31157997095663836
UBFC_PHYS_s04_T3_test,44,181,50.03333333333333,-0.8984361290931702,0.15772058143219939
UBFC_PHYS_s04_T3_test,44,182,50.06666666666667,-0.5249836444854736,0.637391432047304
UBFC_PHYS_s04_T3_test,44,183,50.1,-0.059756457805633545,1.0642060844520056
UBFC_PHYS_s04_T3_test,44,184,50.13333333333333,0.2975784242153168,1.381598239932042
UBFC_PHYS_s04_T3_test,44,185,50.166666666666664,0.5402971506118774,1.5513668460757981
UBFC_PHYS_s04_T3_test,44,186,50.2,0.7182142734527588,1.5613309794114878
UBFC_PHYS_s04_T3_test,44,187,50.233333333333334,0.8177457451820374,1.42752632068326
UBFC_PHYS_s04_T3_test,44,188,50.266666666666666,0.8163522481918335,1.1899447492961557
UBFC_PHYS_s04_T3_test,44,189,50.3,0.7460156679153442,0.9019982120741689
UBFC_PHYS_s04_T3_test,44,190,50.333333333333336,0.6601071357727051,0.6165207550392918
UBFC_PHYS_s04_T3_test,44,191,50.36666666666667,0.5782816410064697,0.3731642380884048
UBFC_PHYS_s04_T3_test,44,192,50.4,0.4819756746292114,0.19138281561971324
UBFC_PHYS_s04_T3_test,44,193,50.43333333333333,0.3392268717288971,0.07043284248197423
UBFC_PHYS_s04_T3_test,44,194,50.46666666666667,0.14006653428077698,-0.005095542363339568
UBFC_PHYS_s04_T3_test,44,195,50.5,-0.08121409267187119,-0.05723515388899344
UBFC_PHYS_s04_T3_test,44,196,50.53333333333333,-0.28031596541404724,-0.10690882412031892
UBFC_PHYS_s04_T3_test,44,197,50.56666666666667,-0.47760534286499023,-0.16843315433540423
UBFC_PHYS_s04_T3_test,44,198,50.6,-0.7334501147270203,-0.24753905739491422
UBFC_PHYS_s04_T3_test,44,199,50.63333333333333,-1.0081311464309692,-0.34329660424731057
UBFC_PHYS_s04_T3_test,44,200,50.666666666666664,-1.1070291996002197,-0.45264701968002413
UBFC_PHYS_s04_T3_test,44,201,50.7,-0.8765497207641602,-0.5746238874567893
UBFC_PHYS_s04_T3_test,44,202,50.733333333333334,-0.4157075881958008,-0.7111391517585534
UBFC_PHYS_s04_T3_test,44,203,50.766666666666666,0.03360665589570999,-0.8630811189099015
UBFC_PHYS_s04_T3_test,44,204,50.8,0.36214619874954224,-1.0236646421273499
UBFC_PHYS_s04_T3_test,44,205,50.833333333333336,0.605732262134552,-1.1731021816810414
UBFC_PHYS_s04_T3_test,44,206,50.86666666666667,0.7684574723243713,-1.2780483632105102
UBFC_PHYS_s04_T3_test,44,207,50.9,0.8222574591636658,-1.2970149636532562
UBFC_PHYS_s04_T3_test,44,208,50.93333333333333,0.8001664280891418,-1.1908963241513262
UBFC_PHYS_s04_T3_test,44,209,50.96666666666667,0.7728620767593384,-0.93620234480957
UBFC_PHYS_s04_T3_test,44,210,51.0,0.7520962953567505,-0.5372588167513818
UBFC_PHYS_s04_T3_test,44,211,51.03333333333333,0.696581244468689,-0.03274141034942881
UBFC_PHYS_s04_T3_test,44,212,51.06666666666667,0.6005773544311523,0.5076917457475982
UBFC_PHYS_s04_T3_test,44,213,51.1,0.485746830701828,0.9980812295952164
UBFC_PHYS_s04_T3_test,44,214,51.13333333333333,0.35085219144821167,1.358578653716163
UBFC_PHYS_s04_T3_test,44,215,51.166666666666664,0.1797953099012375,1.5376793922211522
UBFC_PHYS_s04_T3_test,44,216,51.2,-0.021752474829554558,1.5256911327248195
UBFC_PHYS_s04_T3_test,44,217,51.233333333333334,-0.2182915210723877,1.3543654384532164
UBFC_PHYS_s04_T3_test,44,218,51.266666666666666,-0.37728458642959595,1.0835477215019307
UBFC_PHYS_s04_T3_test,44,219,51.3,-0.5188153386116028,0.7808783853297294
UBFC_PHYS_s04_T3_test,44,220,51.333333333333336,-0.7075002193450928,0.5024447396569912
UBFC_PHYS_s04_T3_test,44,221,51.36666666666667,-0.9743661284446716,0.2806522626937466
UBFC_PHYS_s04_T3_test,44,222,51.4,-1.2225905656814575,0.12190310208075021
UBFC_PHYS_s04_T3_test,44,223,51.43333333333333,-1.2356873750686646,0.012818378666693267
UBFC_PHYS_s04_T3_test,44,224,51.46666666666667,-0.9018369913101196,-0.0687994648350429
UBFC_PHYS_s04_T3_test,44,225,51.5,-0.38860782980918884,-0.1427985373164254
UBFC_PHYS_s04_T3_test,44,226,51.53333333333333,0.05228707566857338,-0.21903451320793865
UBFC_PHYS_s04_T3_test,44,227,51.56666666666667,0.3675057291984558,-0.295281816212965
UBFC_PHYS_s04_T3_test,44,228,51.6,0.6065117716789246,-0.3607248178562296
UBFC_PHYS_s04_T3_test,44,229,51.63333333333333,0.7722481489181519,-0.4030432429035652
UBFC_PHYS_s04_T3_test,44,230,51.666666666666664,0.8605538010597229,-0.41555190939976766
UBFC_PHYS_s04_T3_test,44,231,51.7,0.9000194668769836,-0.4007856106465905
UBFC_PHYS_s04_T3_test,44,232,51.733333333333334,0.9004579782485962,-0.36885204578611414
UBFC_PHYS_s04_T3_test,44,233,51.766666666666666,0.8486653566360474,-0.33184533827128887
UBFC_PHYS_s04_T3_test,44,234,51.8,0.7751910090446472,-0.2978716758855333
UBFC_PHYS_s04_T3_test,44,235,51.833333333333336,0.7313402891159058,-0.26825169914673364
UBFC_PHYS_s04_T3_test,44,236,51.86666666666667,0.69130939245224,-0.23908131348802814
UBFC_PHYS_s04_T3_test,44,237,51.9,0.5791489481925964,-0.20547399854652157
UBFC_PHYS_s04_T3_test,44,238,51.93333333333333,0.3987177312374115,-0.16556334987014598
UBFC_PHYS_s04_T3_test,44,239,51.96666666666667,0.23320551216602325,-0.12203762759615126
UBFC_PHYS_s04_T3_test,45,0,45.0,-0.8890910148620605,0.14315974738404144
UBFC_PHYS_s04_T3_test,45,1,45.03333333333333,-0.9320744872093201,-0.042544516222955395
UBFC_PHYS_s04_T3_test,45,2,45.06666666666667,-0.9640076160430908,-0.16211299226970774
UBFC_PHYS_s04_T3_test,45,3,45.1,-1.0049738883972168,-0.16594096459084806
UBFC_PHYS_s04_T3_test,45,4,45.13333333333333,-1.0289748907089233,-0.036460163209039595
UBFC_PHYS_s04_T3_test,45,5,45.166666666666664,-1.070438265800476,0.20759185545166148
UBFC_PHYS_s04_T3_test,45,6,45.2,-1.1963093280792236,0.5175323116050814
UBFC_PHYS_s04_T3_test,45,7,45.233333333333334,-1.3834155797958374,0.8294635647548771
UBFC_PHYS_s04_T3_test,45,8,45.266666666666666,-1.4736506938934326,1.0821750771603824
UBFC_PHYS_s04_T3_test,45,9,45.3,-1.2972537279129028,1.2321681821604733
UBFC_PHYS_s04_T3_test,45,10,45.333333333333336,-0.8741330504417419,1.2613149626189704
UBFC_PHYS_s04_T3_test,45,11,45.36666666666667,-0.39507824182510376,1.175807598644676
UBFC_PHYS_s04_T3_test,45,12,45.4,-0.01388857513666153,0.9983537159752148
UBFC_PHYS_s04_T3_test,45,13,45.43333333333333,0.26060736179351807,0.7576689914121731
UBFC_PHYS_s04_T3_test,45,14,45.46666666666667,0.4645620584487915,0.47948800051376994
UBFC_PHYS_s04_T3_test,45,15,45.5,0.6043192744255066,0.181827456084843
UBFC_PHYS_s04_T3_test,45,16,45.53333333333333,0.6894481778144836,-0.1249799553396982
UBFC_PHYS_s04_T3_test,45,17,45.56666666666667,0.7412115335464478,-0.43481444883801074
UBFC_PHYS_s04_T3_test,45,18,45.6,0.7606033086776733,-0.740984130679569
UBFC_PHYS_s04_T3_test,45,19,45.63333333333333,0.7519988417625427,-1.0320640776482308
UBFC_PHYS_s04_T3_test,45,20,45.666666666666664,0.7368459701538086,-1.289633944892013
UBFC_PHYS_s04_T3_test,45,21,45.7,0.7127183079719543,-1.4884762414263961
UBFC_PHYS_s04_T3_test,45,22,45.733333333333334,0.6461236476898193,-1.599279688396942
UBFC_PHYS_s04_T3_test,45,23,45.766666666666666,0.5271614193916321,-1.5936180531049828
UBFC_PHYS_s04_T3_test,45,24,45.8,0.3849778175354004,-1.450759641684263
UBFC_PHYS_s04_T3_test,45,25,45.833333333333336,0.24011445045471191,-1.1653462345491605
UBFC_PHYS_s04_T3_test,45,26,45.86666666666667,0.0915091335773468,-0.7540189204575091
UBFC_PHYS_s04_T3_test,45,27,45.9,-0.060458067804574966,-0.2580389332137448
UBFC_PHYS_s04_T3_test,45,28,45.93333333333333,-0.20812790095806122,0.26115660898563564
UBFC_PHYS_s04_T3_test,45,29,45.96666666666667,-0.35701578855514526,0.7343457109504725
UBFC_PHYS_s04_T3_test,45,30,46.0,-0.5479322075843811,1.1014637130598797
UBFC_PHYS_s04_T3_test,45,31,46.03333333333333,-0.7869870066642761,1.3264216696173796
UBFC_PHYS_s04_T3_test,45,32,46.06666666666667,-0.9300378561019897,1.40371598595393
UBFC_PHYS_s04_T3_test,45,33,46.1,-0.8082302212715149,1.3547169401609565
UBFC_PHYS_s04_T3_test,45,34,46.13333333333333,-0.4545885920524597,1.216283161485001
UBFC_PHYS_s04_T3_test,45,35,46.166666666666664,-0.07088480144739151,1.02718208789039
UBFC_PHYS_s04_T3_test,45,36,46.2,0.2067391574382782,0.8174327105830791
UBFC_PHYS_s04_T3_test,45,37,46.233333333333334,0.38126513361930847,0.6033061461989162
UBFC_PHYS_s04_T3_test,45,38,46.266666666666666,0.48881638050079346,0.3882264983139804
UBFC_PHYS_s04_T3_test,45,39,46.3,0.5438344478607178,0.16796284392608773
UBFC_PHYS_s04_T3_test,45,40,46.333333333333336,0.5665102005004883,-0.0625875150986942
UBFC_PHYS_s04_T3_test,45,41,46.36666666666667,0.582198977470398,-0.30377949592416814
UBFC_PHYS_s04_T3_test,45,42,46.4,0.5995541214942932,-0.5484896504603086
UBFC_PHYS_s04_T3_test,45,43,46.43333333333333,0.608762800693512,-0.7824418348302689
UBFC_PHYS_s04_T3_test,45,44,46.46666666666667,0.5907352566719055,-0.9864692904348727
UBFC_PHYS_s04_T3_test,45,45,46.5,0.5351812243461609,-1.1391905606625383
UBFC_PHYS_s04_T3_test,45,46,46.53333333333333,0.4561329782009125,-1.2191739587515362
UBFC_PHYS_s04_T3_test,45,47,46.56666666666667,0.36293551325798035,-1.2067365426551253
UBFC_PHYS_s04_T3_test,45,48,46.6,0.23530060052871704,-1.0863041701264802
UBFC_PHYS_s04_T3_test,45,49,46.63333333333333,0.07585928589105606,-0.8502222562640893
UBFC_PHYS_s04_T3_test,45,50,46.666666666666664,-0.07439286261796951,-0.5039456134142571
UBFC_PHYS_s04_T3_test,45,51,46.7,-0.20294375717639923,-0.0710106396533027
UBFC_PHYS_s04_T3_test,45,52,46.733333333333334,-0.35120800137519836,0.40505594050751287
UBFC_PHYS_s04_T3_test,45,53,46.766666666666666,-0.562588095664978,0.8645765649724126
UBFC_PHYS_s04_T3_test,45,54,46.8,-0.8178189396858215,1.241946947600421
UBFC_PHYS_s04_T3_test,45,55,46.833333333333336,-0.9973536729812622,1.4798858764698726
UBFC_PHYS_s04_T3_test,45,56,46.86666666666667,-0.9418678283691406,1.543059712512929
UBFC_PHYS_s04_T3_test,45,57,46.9,-0.6254603266716003,1.426216330609195
UBFC_PHYS_s04_T3_test,45,58,46.93333333333333,-0.2192952185869217,1.154088851897606
UBFC_PHYS_s04_T3_test,45,59,46.96666666666667,0.09166504442691803,0.7734600289593855
UBFC_PHYS_s04_T3_test,45,60,47.0,0.2774850130081177,0.34030004338450376
UBFC_PHYS_s04_T3_test,45,61,47.03333333333333,0.4016411006450653,-0.09373944012973338
UBFC_PHYS_s04_T3_test,45,62,47.06666666666667,0.49290913343429565,-0.49105201056043113
UBFC_PHYS_s04_T3_test,45,63,47.1,0.5414957404136658,-0.831022933143776
UBFC_PHYS_s04_T3_test,45,64,47.13333333333333,0.5547289252281189,-1.1060248049811403
UBFC_PHYS_s04_T3_test,45,65,47.166666666666664,0.5494083762168884,-1.3132282238387274
UBFC_PHYS_s04_T3_test,45,66,47.2,0.5279020071029663,-1.4465548717359422
UBFC_PHYS_s04_T3_test,45,67,47.233333333333334,0.4850257337093353,-1.4926843603178377
UBFC_PHYS_s04_T3_test,45,68,47.266666666666666,0.4056461453437805,-1.4329695684160975
UBFC_PHYS_s04_T3_test,45,69,47.3,0.26921185851097107,-1.2504834117288819
UBFC_PHYS_s04_T3_test,45,70,47.333333333333336,0.08931659907102585,-0.9393533914151999
UBFC_PHYS_s04_T3_test,45,71,47.36666666666667,-0.08752859383821487,-0.5126289656213746
UBFC_PHYS_s04_T3_test,45,72,47.4,-0.23849210143089294,-0.005356982324089345
UBFC_PHYS_s04_T3_test,45,73,47.43333333333333,-0.40201640129089355,0.5286778472508087
UBFC_PHYS_s04_T3_test,45,74,47.46666666666667,-0.6201592683792114,1.0256083520230346
UBFC_PHYS_s04_T3_test,45,75,47.5,-0.8095750212669373,1.423016425604506
UBFC_PHYS_s04_T3_test,45,76,47.53333333333333,-0.765412449836731,1.6718794298068163
UBFC_PHYS_s04_T3_test,45,77,47.56666666666667,-0.4426904320716858,1.7465869834538292
UBFC_PHYS_s04_T3_test,45,78,47.6,-0.027131499722599983,1.6499019932446393
UBFC_PHYS_s04_T3_test,45,79,47.63333333333333,0.2931738495826721,1.4103197945152086
UBFC_PHYS_s04_T3_test,45,80,47.666666666666664,0.47754189372062683,1.0727335405384903
UBFC_PHYS_s04_T3_test,45,81,47.7,0.5486288070678711,0.68668339072015
UBFC_PHYS_s04_T3_test,45,82,47.733333333333334,0.5258264541625977,0.2965530586834598
UBFC_PHYS_s04_T3_test,45,83,47.766666666666666,0.4553631544113159,-0.06418567677266651
UBFC_PHYS_s04_T3_test,45,84,47.8,0.4013487696647644,-0.3746955725877907
UBFC_PHYS_s04_T3_test,45,85,47.833333333333336,0.3809240758419037,-0.6255244111035609
UBFC_PHYS_s04_T3_test,45,86,47.86666666666667,0.35169023275375366,-0.8156359762614072
UBFC_PHYS_s04_T3_test,45,87,47.9,0.2671947181224823,-0.9487367503405728
UBFC_PHYS_s04_T3_test,45,88,47.93333333333333,0.13047783076763153,-1.0296432761606666
UBFC_PHYS_s04_T3_test,45,89,47.96666666666667,-0.02699507586658001,-1.0613272672932466
UBFC_PHYS_s04_T3_test,45,90,48.0,-0.20063428580760956,-1.0432771542105919
UBFC_PHYS_s04_T3_test,45,91,48.03333333333333,-0.4164969027042389,-0.9716960981027374
UBFC_PHYS_s04_T3_test,45,92,48.06666666666667,-0.6866759657859802,-0.8416308330817002
UBFC_PHYS_s04_T3_test,45,93,48.1,-0.9530254006385803,-0.6504623096124174
UBFC_PHYS_s04_T3_test,45,94,48.13333333333333,-1.0570296049118042,-0.401592144164037
UBFC_PHYS_s04_T3_test,45,95,48.166666666666664,-0.8672630786895752,-0.10704654184368838
UBFC_PHYS_s04_T3_test,45,96,48.2,-0.4627448320388794,0.2117754178454614
UBFC_PHYS_s04_T3_test,45,97,48.233333333333334,-0.06948158144950867,0.5253158111362253
UBFC_PHYS_s04_T3_test,45,98,48.266666666666666,0.1949092000722885,0.7988325686383986
UBFC_PHYS_s04_T3_test,45,99,48.3,0.3756229877471924,0.9970260720313697
UBFC_PHYS_s04_T3_test,45,100,48.333333333333336,0.5032676458358765,1.0902627050897113
UBFC_PHYS_s04_T3_test,45,101,48.36666666666667,0.5548361539840698,1.0616379103829185
UBFC_PHYS_s04_T3_test,45,102,48.4,0.5384554266929626,0.9126904883827582
UBFC_PHYS_s04_T3_test,45,103,48.43333333333333,0.4947313666343689,0.6648975138559395
UBFC_PHYS_s04_T3_test,45,104,48.46666666666667,0.4446343183517456,0.35537033513343036
UBFC_PHYS_s04_T3_test,45,105,48.5,0.3790725767612457,0.027754603930535672
UBFC_PHYS_s04_T3_test,45,106,48.53333333333333,0.2783815264701843,-0.27840702103272474
UBFC_PHYS_s04_T3_test,45,107,48.56666666666667,0.13340121507644653,-0.5358890658787822
UBFC_PHYS_s04_T3_test,45,108,48.6,-0.04274236783385277,-0.7327915251249519
UBFC_PHYS_s04_T3_test,45,109,48.63333333333333,-0.23130057752132416,-0.8698314847312544
UBFC_PHYS_s04_T3_test,45,110,48.666666666666664,-0.44629591703414917,-0.953592859802323
UBFC_PHYS_s04_T3_test,45,111,48.7,-0.7213765382766724,-0.9887288685734765
UBFC_PHYS_s04_T3_test,45,112,48.733333333333334,-0.999019980430603,-0.9722814838682213
UBFC_PHYS_s04_T3_test,45,113,48.766666666666666,-1.0784775018692017,-0.8924389243878167
UBFC_PHYS_s04_T3_test,45,114,48.8,-0.8258582353591919,-0.7325559077525544
UBFC_PHYS_s04_T3_test,45,115,48.833333333333336,-0.37394219636917114,-0.47949540765357923
UBFC_PHYS_s04_T3_test,45,116,48.86666666666667,0.05029917508363724,-0.1337016495471605
UBFC_PHYS_s04_T3_test,45,117,48.9,0.3553932011127472,0.28271943332309696
UBFC_PHYS_s04_T3_test,45,118,48.93333333333333,0.5797725915908813,0.7237736762981354
UBFC_PHYS_s04_T3_test,45,119,48.96666666666667,0.759131908416748,1.1256863141072742
UBFC_PHYS_s04_T3_test,45,120,49.0,0.872978150844574,1.4208844010264643
UBFC_PHYS_s04_T3_test,45,121,49.03333333333333,0.8891932368278503,1.5557842040145167
UBFC_PHYS_s04_T3_test,45,122,49.06666666666667,0.833541750907898,1.5057744928288603
UBFC_PHYS_s04_T3_test,45,123,49.1,0.7532948851585388,1.281454624159633
UBFC_PHYS_s04_T3_test,45,124,49.13333333333333,0.6534126400947571,0.9243633317671057
UBFC_PHYS_s04_T3_test,45,125,49.166666666666664,0.5082374215126038,0.49496879863867044
UBFC_PHYS_s04_T3_test,45,126,49.2,0.32361599802970886,0.05754345484347765
UBFC_PHYS_s04_T3_test,45,127,49.233333333333334,0.13059476017951965,-0.33374964860503836
UBFC_PHYS_s04_T3_test,45,128,49.266666666666666,-0.06637305021286011,-0.6440485352219457
UBFC_PHYS_s04_T3_test,45,129,49.3,-0.2936563491821289,-0.860173416767011
UBFC_PHYS_s04_T3_test,45,130,49.333333333333336,-0.5764352083206177,-0.9864978144909705
UBFC_PHYS_s04_T3_test,45,131,49.36666666666667,-0.8704106211662292,-1.036940603862572
UBFC_PHYS_s04_T3_test,45,132,49.4,-0.9976069927215576,-1.0266913261869561
UBFC_PHYS_s04_T3_test,45,133,49.43333333333333,-0.7953478693962097,-0.9666312365250006
UBFC_PHYS_s04_T3_test,45,134,49.46666666666667,-0.35476478934288025,-0.8617061992711728
UBFC_PHYS_s04_T3_test,45,135,49.5,0.07621009647846222,-0.7127569277363401
UBFC_PHYS_s04_T3_test,45,136,49.53333333333333,0.3829996585845947,-0.5203059102153591
UBFC_PHYS_s04_T3_test,45,137,49.56666666666667,0.6119200587272644,-0.28857292758371533
UBFC_PHYS_s04_T3_test,45,138,49.6,0.7795760631561279,-0.02823960907801458
UBFC_PHYS_s04_T3_test,45,139,49.63333333333333,0.8563830852508545,0.24292227342060452
UBFC_PHYS_s04_T3_test,45,140,49.666666666666664,0.8457419872283936,0.5016307092140841
UBFC_PHYS_s04_T3_test,45,141,49.7,0.7939298748970032,0.7222573702385191
UBFC_PHYS_s04_T3_test,45,142,49.733333333333334,0.7121336460113525,0.8806724792471494
UBFC_PHYS_s04_T3_test,45,143,49.766666666666666,0.5664907097816467,0.9580309890369239
UBFC_PHYS_s04_T3_test,45,144,49.8,0.37813711166381836,0.9440795445849235
UBFC_PHYS_s04_T3_test,45,145,49.833333333333336,0.20922403037548065,0.839518260735211
UBFC_PHYS_s04_T3_test,45,146,49.86666666666667,0.05105925351381302,0.6565203199038041
UBFC_PHYS_s04_T3_test,45,147,49.9,-0.1516091525554657,0.41667668871935615
UBFC_PHYS_s04_T3_test,45,148,49.93333333333333,-0.41993674635887146,0.1468982900149334
UBFC_PHYS_s04_T3_test,45,149,49.96666666666667,-0.7289578318595886,-0.12508755885651687
UBFC_PHYS_s04_T3_test,45,150,50.0,-0.9586675763130188,-0.37429295254461376
UBFC_PHYS_s04_T3_test,45,151,50.03333333333333,-0.8984361290931702,-0.58078610031471
UBFC_PHYS_s04_T3_test,45,152,50.06666666666667,-0.5249836444854736,-0.7311001435406511
UBFC_PHYS_s04_T3_test,45,153,50.1,-0.059756457805633545,-0.8188830288610517
UBFC_PHYS_s04_T3_test,45,154,50.13333333333333,0.2975784242153168,-0.844374091287705
UBFC_PHYS_s04_T3_test,45,155,50.166666666666664,0.5402971506118774,-0.8121629268369798
UBFC_PHYS_s04_T3_test,45,156,50.2,0.7182142734527588,-0.7274920787357447
UBFC_PHYS_s04_T3_test,45,157,50.233333333333334,0.8177457451820374,-0.5927150692102405
UBFC_PHYS_s04_T3_test,45,158,50.266666666666666,0.8163522481918335,-0.4063760923864163
UBFC_PHYS_s04_T3_test,45,159,50.3,0.7460156679153442,-0.16658659548784666
UBFC_PHYS_s04_T3_test,45,160,50.333333333333336,0.6601071357727051,0.12219665274250749
UBFC_PHYS_s04_T3_test,45,161,50.36666666666667,0.5782816410064697,0.44258426371911835
UBFC_PHYS_s04_T3_test,45,162,50.4,0.4819756746292114,0.762207027739417
UBFC_PHYS_s04_T3_test,45,163,50.43333333333333,0.3392268717288971,1.0384813131797221
UBFC_PHYS_s04_T3_test,45,164,50.46666666666667,0.14006653428077698,1.2285649976423652
UBFC_PHYS_s04_T3_test,45,165,50.5,-0.08121409267187119,1.3001333038385612
UBFC_PHYS_s04_T3_test,45,166,50.53333333333333,-0.28031596541404724,1.2390043118270229
UBFC_PHYS_s04_T3_test,45,167,50.56666666666667,-0.47760534286499023,1.0517099115137618
UBFC_PHYS_s04_T3_test,45,168,50.6,-0.7334501147270203,0.7626800864484758
UBFC_PHYS_s04_T3_test,45,169,50.63333333333333,-1.0081311464309692,0.40692859070944487
UBFC_PHYS_s04_T3_test,45,170,50.666666666666664,-1.1070291996002197,0.020686942234058883
UBFC_PHYS_s04_T3_test,45,171,50.7,-0.8765497207641602,-0.36643879895466447
UBFC_PHYS_s04_T3_test,45,172,50.733333333333334,-0.4157075881958008,-0.7346297037683103
UBFC_PHYS_s04_T3_test,45,173,50.766666666666666,0.03360665589570999,-1.0712317982902748
UBFC_PHYS_s04_T3_test,45,174,50.8,0.36214619874954224,-1.364048694101888
UBFC_PHYS_s04_T3_test,45,175,50.833333333333336,0.605732262134552,-1.5942663475780385
UBFC_PHYS_s04_T3_test,45,176,50.86666666666667,0.7684574723243713,-1.7329113290636218
UBFC_PHYS_s04_T3_test,45,177,50.9,0.8222574591636658,-1.7434569383421183
UBFC_PHYS_s04_T3_test,45,178,50.93333333333333,0.8001664280891418,-1.5912050596455627
UBFC_PHYS_s04_T3_test,45,179,50.96666666666667,0.7728620767593384,-1.257510552064179
UBFC_PHYS_s04_T3_test,45,180,51.0,0.7520962953567505,-0.754084247648798
UBFC_PHYS_s04_T3_test,45,181,51.03333333333333,0.696581244468689,-0.13078792604706505
UBFC_PHYS_s04_T3_test,45,182,51.06666666666667,0.6005773544311523,0.5288519517214365
UBFC_PHYS_s04_T3_test,45,183,51.1,0.485746830701828,1.1256920895593505
UBFC_PHYS_s04_T3_test,45,184,51.13333333333333,0.35085219144821167,1.5709595894311041
UBFC_PHYS_s04_T3_test,45,185,51.166666666666664,0.1797953099012375,1.809734085433683
UBFC_PHYS_s04_T3_test,45,186,51.2,-0.021752474829554558,1.8324671532185464
UBFC_PHYS_s04_T3_test,45,187,51.233333333333334,-0.2182915210723877,1.6710245053310637
UBFC_PHYS_s04_T3_test,45,188,51.266666666666666,-0.37728458642959595,1.3828702934934913
UBFC_PHYS_s04_T3_test,45,189,51.3,-0.5188153386116028,1.0313153015234862
UBFC_PHYS_s04_T3_test,45,190,51.333333333333336,-0.7075002193450928,0.6693069530863768
UBFC_PHYS_s04_T3_test,45,191,51.36666666666667,-0.9743661284446716,0.33079519829418685
UBFC_PHYS_s04_T3_test,45,192,51.4,-1.2225905656814575,0.030142574585572526
UBFC_PHYS_s04_T3_test,45,193,51.43333333333333,-1.2356873750686646,-0.2324148535492463
UBFC_PHYS_s04_T3_test,45,194,51.46666666666667,-0.9018369913101196,-0.46250578522347435
UBFC_PHYS_s04_T3_test,45,195,51.5,-0.38860782980918884,-0.6638741682090302
UBFC_PHYS_s04_T3_test,45,196,51.53333333333333,0.05228707566857338,-0.8335297860005298
UBFC_PHYS_s04_T3_test,45,197,51.56666666666667,0.3675057291984558,-0.9607928734427844
UBFC_PHYS_s04_T3_test,45,198,51.6,0.6065117716789246,-1.029890967012388
UBFC_PHYS_s04_T3_test,45,199,51.63333333333333,0.7722481489181519,-1.0247752003343735
UBFC_PHYS_s04_T3_test,45,200,51.666666666666664,0.8605538010597229,-0.9343265820188402
UBFC_PHYS_s04_T3_test,45,201,51.7,0.9000194668769836,-0.7562732511510418
UBFC_PHYS_s04_T3_test,45,202,51.733333333333334,0.9004579782485962,-0.4989117153750035
UBFC_PHYS_s04_T3_test,45,203,51.766666666666666,0.8486653566360474,-0.18075218529824583
UBFC_PHYS_s04_T3_test,45,204,51.8,0.7751910090446472,0.17108035770374921
UBFC_PHYS_s04_T3_test,45,205,51.833333333333336,0.7313402891159058,0.5230230581628872
UBFC_PHYS_s04_T3_test,45,206,51.86666666666667,0.69130939245224,0.8380720168054206
UBFC_PHYS_s04_T3_test,45,207,51.9,0.5791489481925964,1.0802520536898466
UBFC_PHYS_s04_T3_test,45,208,51.93333333333333,0.3987177312374115,1.2202900595087998
UBFC_PHYS_s04_T3_test,45,209,51.96666666666667,0.23320551216602325,1.2408824368835218
UBFC_PHYS_s04_T3_test,45,210,52.0,0.11611427366733551,1.1395586684887324
UBFC_PHYS_s04_T3_test,45,211,52.03333333333333,-0.0038223920855671167,0.9280317260319028
UBFC_PHYS_s04_T3_test,45,212,52.06666666666667,-0.1617143154144287,0.6284956251657932
UBFC_PHYS_s04_T3_test,45,213,52.1,-0.33145567774772644,0.2685323609166295
UBFC_PHYS_s04_T3_test,45,214,52.13333333333333,-0.4782485067844391,-0.12355959158675722
UBFC_PHYS_s04_T3_test,45,215,52.166666666666664,-0.6143904328346252,-0.5217617460564662
UBFC_PHYS_s04_T3_test,45,216,52.2,-0.8041667342185974,-0.9030674725450056
UBFC_PHYS_s04_T3_test,45,217,52.233333333333334,-1.071402907371521,-1.2460885127174468
UBFC_PHYS_s04_T3_test,45,218,52.266666666666666,-1.2629917860031128,-1.5285601449663324
UBFC_PHYS_s04_T3_test,45,219,52.3,-1.1439515352249146,-1.725520295423495
UBFC_PHYS_s04_T3_test,45,220,52.333333333333336,-0.7218735218048096,-1.8100864337419886
UBFC_PHYS_s04_T3_test,45,221,52.36666666666667,-0.24028511345386505,-1.7579644600247535
UBFC_PHYS_s04_T3_test,45,222,52.4,0.12260418385267258,-1.5551713830648848
UBFC_PHYS_s04_T3_test,45,223,52.43333333333333,0.37488240003585815,-1.2065883591358182
UBFC_PHYS_s04_T3_test,45,224,52.46666666666667,0.5649705529212952,-0.741737180346847
UBFC_PHYS_s04_T3_test,45,225,52.5,0.6937747597694397,-0.2141908021900284
UBFC_PHYS_s04_T3_test,45,226,52.53333333333333,0.7633610367774963,0.3073291264915148
UBFC_PHYS_s04_T3_test,45,227,52.56666666666667,0.7978180050849915,0.7546697107761359
UBFC_PHYS_s04_T3_test,45,228,52.6,0.7939298748970032,1.0772220743473118
UBFC_PHYS_s04_T3_test,45,229,52.63333333333333,0.7423321604728699,1.253108295797223
UBFC_PHYS_s04_T3_test,45,230,52.666666666666664,0.6752113103866577,1.2904858967816861
UBFC_PHYS_s04_T3_test,45,231,52.7,0.6235551238059998,1.2199208045017644
UBFC_PHYS_s04_T3_test,45,232,52.733333333333334,0.5567168593406677,1.082317689298205
UBFC_PHYS_s04_T3_test,45,233,52.766666666666666,0.4313037097454071,0.9174697956821929
UBFC_PHYS_s04_T3_test,45,234,52.8,0.2751463055610657,0.75645424596653
UBFC_PHYS_s04_T3_test,45,235,52.833333333333336,0.15177954733371735,0.6185516143647621
UBFC_PHYS_s04_T3_test,45,236,52.86666666666667,0.05867953971028328,0.5116620263278302
UBFC_PHYS_s04_T3_test,45,237,52.9,-0.06726954877376556,0.4346075234779039
UBFC_PHYS_s04_T3_test,45,238,52.93333333333333,-0.23827771842479706,0.3798753693213483
UBFC_PHYS_s04_T3_test,45,239,52.96666666666667,-0.39178457856178284,0.3360722380778805
UBFC_PHYS_s04_T3_test,46,0,46.0,-0.5479322075843811,-0.005367745603208796
UBFC_PHYS_s04_T3_test,46,1,46.03333333333333,-0.7869870066642761,0.054823506472092345
UBFC_PHYS_s04_T3_test,46,2,46.06666666666667,-0.9300378561019897,0.14964406980437056
UBFC_PHYS_s04_T3_test,46,3,46.1,-0.8082302212715149,0.3007084814093623
UBFC_PHYS_s04_T3_test,46,4,46.13333333333333,-0.4545885920524597,0.5045963344534771
UBFC_PHYS_s04_T3_test,46,5,46.166666666666664,-0.07088480144739151,0.7340550198673136
UBFC_PHYS_s04_T3_test,46,6,46.2,0.2067391574382782,0.9476921893204613
UBFC_PHYS_s04_T3_test,46,7,46.233333333333334,0.38126513361930847,1.1020946103346185
UBFC_PHYS_s04_T3_test,46,8,46.266666666666666,0.48881638050079346,1.16116344867952
UBFC_PHYS_s04_T3_test,46,9,46.3,0.5438344478607178,1.1014118069166436
UBFC_PHYS_s04_T3_test,46,10,46.333333333333336,0.5665102005004883,0.9151094453462186
UBFC_PHYS_s04_T3_test,46,11,46.36666666666667,0.582198977470398,0.6131635208721522
UBFC_PHYS_s04_T3_test,46,12,46.4,0.5995541214942932,0.22697770635599285
UBFC_PHYS_s04_T3_test,46,13,46.43333333333333,0.608762800693512,-0.19343113256110367
UBFC_PHYS_s04_T3_test,46,14,46.46666666666667,0.5907352566719055,-0.5865193806454521
UBFC_PHYS_s04_T3_test,46,15,46.5,0.5351812243461609,-0.8900336040407696
UBFC_PHYS_s04_T3_test,46,16,46.53333333333333,0.4561329782009125,-1.0523967613842073
UBFC_PHYS_s04_T3_test,46,17,46.56666666666667,0.36293551325798035,-1.0420743398059675
UBFC_PHYS_s04_T3_test,46,18,46.6,0.23530060052871704,-0.8541816884525776
UBFC_PHYS_s04_T3_test,46,19,46.63333333333333,0.07585928589105606,-0.5144576100733652
UBFC_PHYS_s04_T3_test,46,20,46.666666666666664,-0.07439286261796951,-0.0794218092875472
UBFC_PHYS_s04_T3_test,46,21,46.7,-0.20294375717639923,0.37016058340874874
UBFC_PHYS_s04_T3_test,46,22,46.733333333333334,-0.35120800137519836,0.7447250580240987
UBFC_PHYS_s04_T3_test,46,23,46.766666666666666,-0.562588095664978,0.9682580404750629
UBFC_PHYS_s04_T3_test,46,24,46.8,-0.8178189396858215,0.9997122461668746
UBFC_PHYS_s04_T3_test,46,25,46.833333333333336,-0.9973536729812622,0.8436620838544231
UBFC_PHYS_s04_T3_test,46,26,46.86666666666667,-0.9418678283691406,0.5454156983845185
UBFC_PHYS_s04_T3_test,46,27,46.9,-0.6254603266716003,0.17376763288708352
UBFC_PHYS_s04_T3_test,46,28,46.93333333333333,-0.2192952185869217,-0.20054558779070358
UBFC_PHYS_s04_T3_test,46,29,46.96666666666667,0.09166504442691803,-0.5227056494542799
UBFC_PHYS_s04_T3_test,46,30,47.0,0.2774850130081177,-0.7634723193236209
UBFC_PHYS_s04_T3_test,46,31,47.03333333333333,0.4016411006450653,-0.9199320278955704
UBFC_PHYS_s04_T3_test,46,32,47.06666666666667,0.49290913343429565,-1.0086927383025686
UBFC_PHYS_s04_T3_test,46,33,47.1,0.5414957404136658,-1.0539708509839847
UBFC_PHYS_s04_T3_test,46,34,47.13333333333333,0.5547289252281189,-1.0743858079812783
UBFC_PHYS_s04_T3_test,46,35,47.166666666666664,0.5494083762168884,-1.073208801795482
UBFC_PHYS_s04_T3_test,46,36,47.2,0.5279020071029663,-1.035958559576955
UBFC_PHYS_s04_T3_test,46,37,47.233333333333334,0.4850257337093353,-0.9363841681275136
UBFC_PHYS_s04_T3_test,46,38,47.266666666666666,0.4056461453437805,-0.7481409090633908
UBFC_PHYS_s04_T3_test,46,39,47.3,0.26921185851097107,-0.4570248239453302
UBFC_PHYS_s04_T3_test,46,40,47.333333333333336,0.08931659907102585,-0.06901945084802463
UBFC_PHYS_s04_T3_test,46,41,47.36666666666667,-0.08752859383821487,0.3879855538015883
UBFC_PHYS_s04_T3_test,46,42,47.4,-0.23849210143089294,0.8679457253049909
UBFC_PHYS_s04_T3_test,46,43,47.43333333333333,-0.40201640129089355,1.313357583488859
UBFC_PHYS_s04_T3_test,46,44,47.46666666666667,-0.6201592683792114,1.6628428778109525
UBFC_PHYS_s04_T3_test,46,45,47.5,-0.8095750212669373,1.8595900600714235
UBFC_PHYS_s04_T3_test,46,46,47.53333333333333,-0.765412449836731,1.8621873333821501
UBFC_PHYS_s04_T3_test,46,47,47.56666666666667,-0.4426904320716858,1.6575821284726315
UBFC_PHYS_s04_T3_test,46,48,47.6,-0.027131499722599983,1.2709300847969156
UBFC_PHYS_s04_T3_test,46,49,47.63333333333333,0.2931738495826721,0.7649415556036786
UBFC_PHYS_s04_T3_test,46,50,47.666666666666664,0.47754189372062683,0.22622608506171404
UBFC_PHYS_s04_T3_test,46,51,47.7,0.5486288070678711,-0.25639047017196515
UBFC_PHYS_s04_T3_test,46,52,47.733333333333334,0.5258264541625977,-0.6130685573939795
UBFC_PHYS_s04_T3_test,46,53,47.766666666666666,0.4553631544113159,-0.8067046586435572
UBFC_PHYS_s04_T3_test,46,54,47.8,0.4013487696647644,-0.8364737894615815
UBFC_PHYS_s04_T3_test,46,55,47.833333333333336,0.3809240758419037,-0.7325979852988767
UBFC_PHYS_s04_T3_test,46,56,47.86666666666667,0.35169023275375366,-0.5460175324853048
UBFC_PHYS_s04_T3_test,46,57,47.9,0.2671947181224823,-0.33652136807855093
UBFC_PHYS_s04_T3_test,46,58,47.93333333333333,0.13047783076763153,-0.16133010815249782
UBFC_PHYS_s04_T3_test,46,59,47.96666666666667,-0.02699507586658001,-0.0647789876583196
UBFC_PHYS_s04_T3_test,46,60,48.0,-0.20063428580760956,-0.06974383088221034
UBFC_PHYS_s04_T3_test,46,61,48.03333333333333,-0.4164969027042389,-0.17238259721875693
UBFC_PHYS_s04_T3_test,46,62,48.06666666666667,-0.6866759657859802,-0.3423155748518719
UBFC_PHYS_s04_T3_test,46,63,48.1,-0.9530254006385803,-0.5293414932161281
UBFC_PHYS_s04_T3_test,46,64,48.13333333333333,-1.0570296049118042,-0.6752755769936353
UBFC_PHYS_s04_T3_test,46,65,48.166666666666664,-0.8672630786895752,-0.7275415514772687
UBFC_PHYS_s04_T3_test,46,66,48.2,-0.4627448320388794,-0.6513515891528048
UBFC_PHYS_s04_T3_test,46,67,48.233333333333334,-0.06948158144950867,-0.43859477938094976
UBFC_PHYS_s04_T3_test,46,68,48.266666666666666,0.1949092000722885,-0.11219180605127901
UBFC_PHYS_s04_T3_test,46,69,48.3,0.3756229877471924,0.2755066000267804
UBFC_PHYS_s04_T3_test,46,70,48.333333333333336,0.5032676458358765,0.6516192042625907
UBFC_PHYS_s04_T3_test,46,71,48.36666666666667,0.5548361539840698,0.9385132141521492
UBFC_PHYS_s04_T3_test,46,72,48.4,0.5384554266929626,1.0726264486570654
UBFC_PHYS_s04_T3_test,46,73,48.43333333333333,0.4947313666343689,1.0200818160422176
UBFC_PHYS_s04_T3_test,46,74,48.46666666666667,0.4446343183517456,0.78384753173414
UBFC_PHYS_s04_T3_test,46,75,48.5,0.3790725767612457,0.40091576119906613
UBFC_PHYS_s04_T3_test,46,76,48.53333333333333,0.2783815264701843,-0.06803625846682601
UBFC_PHYS_s04_T3_test,46,77,48.56666666666667,0.13340121507644653,-0.5519597915446034
UBFC_PHYS_s04_T3_test,46,78,48.6,-0.04274236783385277,-0.9817478446473759
UBFC_PHYS_s04_T3_test,46,79,48.63333333333333,-0.23130057752132416,-1.2994393093480854
UBFC_PHYS_s04_T3_test,46,80,48.666666666666664,-0.44629591703414917,-1.4637297545819599
UBFC_PHYS_s04_T3_test,46,81,48.7,-0.7213765382766724,-1.4522454885076115
UBFC_PHYS_s04_T3_test,46,82,48.733333333333334,-0.999019980430603,-1.2619016997510941
UBFC_PHYS_s04_T3_test,46,83,48.766666666666666,-1.0784775018692017,-0.9088651769807143
UBFC_PHYS_s04_T3_test,46,84,48.8,-0.8258582353591919,-0.42870350680739655
UBFC_PHYS_s04_T3_test,46,85,48.833333333333336,-0.37394219636917114,0.12436035673352142
UBFC_PHYS_s04_T3_test,46,86,48.86666666666667,0.05029917508363724,0.6814433864141461
UBFC_PHYS_s04_T3_test,46,87,48.9,0.3553932011127472,1.1681574073750538
UBFC_PHYS_s04_T3_test,46,88,48.93333333333333,0.5797725915908813,1.5183169743569875
UBFC_PHYS_s04_T3_test,46,89,48.96666666666667,0.759131908416748,1.6884975130273387
UBFC_PHYS_s04_T3_test,46,90,49.0,0.872978150844574,1.6681489133094771
UBFC_PHYS_s04_T3_test,46,91,49.03333333333333,0.8891932368278503,1.4810460693347243
UBFC_PHYS_s04_T3_test,46,92,49.06666666666667,0.833541750907898,1.1772771035866374
UBFC_PHYS_s04_T3_test,46,93,49.1,0.7532948851585388,0.8188338840329485
UBFC_PHYS_s04_T3_test,46,94,49.13333333333333,0.6534126400947571,0.4640740983226127
UBFC_PHYS_s04_T3_test,46,95,49.166666666666664,0.5082374215126038,0.15598702762504665
UBFC_PHYS_s04_T3_test,46,96,49.2,0.32361599802970886,-0.08316247724553738
UBFC_PHYS_s04_T3_test,46,97,49.233333333333334,0.13059476017951965,-0.25096374969773416
UBFC_PHYS_s04_T3_test,46,98,49.266666666666666,-0.06637305021286011,-0.3595425004197712
UBFC_PHYS_s04_T3_test,46,99,49.3,-0.2936563491821289,-0.42798027436918756
UBFC_PHYS_s04_T3_test,46,100,49.333333333333336,-0.5764352083206177,-0.4745203477578706
UBFC_PHYS_s04_T3_test,46,101,49.36666666666667,-0.8704106211662292,-0.5105719733486939
UBFC_PHYS_s04_T3_test,46,102,49.4,-0.9976069927215576,-0.5385405521224775
UBFC_PHYS_s04_T3_test,46,103,49.43333333333333,-0.7953478693962097,-0.5545656406426092
UBFC_PHYS_s04_T3_test,46,104,49.46666666666667,-0.35476478934288025,-0.5548988702302867
UBFC_PHYS_s04_T3_test,46,105,49.5,0.07621009647846222,-0.5423752555219725
UBFC_PHYS_s04_T3_test,46,106,49.53333333333333,0.3829996585845947,-0.5290577562671237
UBFC_PHYS_s04_T3_test,46,107,49.56666666666667,0.6119200587272644,-0.5330958458384912
UBFC_PHYS_s04_T3_test,46,108,49.6,0.7795760631561279,-0.5710515336977489
UBFC_PHYS_s04_T3_test,46,109,49.63333333333333,0.8563830852508545,-0.6492514122292683
UBFC_PHYS_s04_T3_test,46,110,49.666666666666664,0.8457419872283936,-0.7577130001318397
UBFC_PHYS_s04_T3_test,46,111,49.7,0.7939298748970032,-0.8687412481464517
UBFC_PHYS_s04_T3_test,46,112,49.733333333333334,0.7121336460113525,-0.9408305477035896
UBFC_PHYS_s04_T3_test,46,113,49.766666666666666,0.5664907097816467,-0.9271815133223943
UBFC_PHYS_s04_T3_test,46,114,49.8,0.37813711166381836,-0.7868542964554187
UBFC_PHYS_s04_T3_test,46,115,49.833333333333336,0.20922403037548065,-0.496164646568134
UBFC_PHYS_s04_T3_test,46,116,49.86666666666667,0.05105925351381302,-0.05859429203095185
UBFC_PHYS_s04_T3_test,46,117,49.9,-0.1516091525554657,0.48850609562881864
UBFC_PHYS_s04_T3_test,46,118,49.93333333333333,-0.41993674635887146,1.0736403427496903
UBFC_PHYS_s04_T3_test,46,119,49.96666666666667,-0.7289578318595886,1.601061644617624
UBFC_PHYS_s04_T3_test,46,120,50.0,-0.9586675763130188,1.971576443742379
UBFC_PHYS_s04_T3_test,46,121,50.03333333333333,-0.8984361290931702,2.1091990179583764
UBFC_PHYS_s04_T3_test,46,122,50.06666666666667,-0.5249836444854736,1.983522692707292
UBFC_PHYS_s04_T3_test,46,123,50.1,-0.059756457805633545,1.6178680847344775
UBFC_PHYS_s04_T3_test,46,124,50.13333333333333,0.2975784242153168,1.0801217977130682
UBFC_PHYS_s04_T3_test,46,125,50.166666666666664,0.5402971506118774,0.4617959744843818
UBFC_PHYS_s04_T3_test,46,126,50.2,0.7182142734527588,-0.1448460037852376
UBFC_PHYS_s04_T3_test,46,127,50.233333333333334,0.8177457451820374,-0.663442184662685
UBFC_PHYS_s04_T3_test,46,128,50.266666666666666,0.8163522481918335,-1.04127049288394
UBFC_PHYS_s04_T3_test,46,129,50.3,0.7460156679153442,-1.250299635724785
UBFC_PHYS_s04_T3_test,46,130,50.333333333333336,0.6601071357727051,-1.28507889779283
UBFC_PHYS_s04_T3_test,46,131,50.36666666666667,0.5782816410064697,-1.1595461762820305
UBFC_PHYS_s04_T3_test,46,132,50.4,0.4819756746292114,-0.9032213152562093
UBFC_PHYS_s04_T3_test,46,133,50.43333333333333,0.3392268717288971,-0.5569156172974055
UBFC_PHYS_s04_T3_test,46,134,50.46666666666667,0.14006653428077698,-0.16873949006747507
UBFC_PHYS_s04_T3_test,46,135,50.5,-0.08121409267187119,0.2089925814976112
UBFC_PHYS_s04_T3_test,46,136,50.53333333333333,-0.28031596541404724,0.5231240044138182
UBFC_PHYS_s04_T3_test,46,137,50.56666666666667,-0.47760534286499023,0.7253379631293245
UBFC_PHYS_s04_T3_test,46,138,50.6,-0.7334501147270203,0.7802085299265288
UBFC_PHYS_s04_T3_test,46,139,50.63333333333333,-1.0081311464309692,0.6726955094631223
UBFC_PHYS_s04_T3_test,46,140,50.666666666666664,-1.1070291996002197,0.4113405947656267
UBFC_PHYS_s04_T3_test,46,141,50.7,-0.8765497207641602,0.025826526387365316
UBFC_PHYS_s04_T3_test,46,142,50.733333333333334,-0.4157075881958008,-0.438480420182766
UBFC_PHYS_s04_T3_test,46,143,50.766666666666666,0.03360665589570999,-0.9248344797165712
UBFC_PHYS_s04_T3_test,46,144,50.8,0.36214619874954224,-1.3670352683321607
UBFC_PHYS_s04_T3_test,46,145,50.833333333333336,0.605732262134552,-1.6919549283979745
UBFC_PHYS_s04_T3_test,46,146,50.86666666666667,0.7684574723243713,-1.8268503997081367
UBFC_PHYS_s04_T3_test,46,147,50.9,0.8222574591636658,-1.7132260482122212
UBFC_PHYS_s04_T3_test,46,148,50.93333333333333,0.8001664280891418,-1.3248419354271723
UBFC_PHYS_s04_T3_test,46,149,50.96666666666667,0.7728620767593384,-0.683785588573964
UBFC_PHYS_s04_T3_test,46,150,51.0,0.7520962953567505,0.13281484994154633
UBFC_PHYS_s04_T3_test,46,151,51.03333333333333,0.696581244468689,1.0010472757280162
UBFC_PHYS_s04_T3_test,46,152,51.06666666666667,0.6005773544311523,1.7743548180880135
UBFC_PHYS_s04_T3_test,46,153,51.1,0.485746830701828,2.318058836026648
UBFC_PHYS_s04_T3_test,46,154,51.13333333333333,0.35085219144821167,2.5431583652029044
UBFC_PHYS_s04_T3_test,46,155,51.166666666666664,0.1797953099012375,2.4272463323760203
UBFC_PHYS_s04_T3_test,46,156,51.2,-0.021752474829554558,2.015575454572887
UBFC_PHYS_s04_T3_test,46,157,51.233333333333334,-0.2182915210723877,1.4036341239937478
UBFC_PHYS_s04_T3_test,46,158,51.266666666666666,-0.37728458642959595,0.7092627635632928
UBFC_PHYS_s04_T3_test,46,159,51.3,-0.5188153386116028,0.044530453098557264
UBFC_PHYS_s04_T3_test,46,160,51.333333333333336,-0.7075002193450928,-0.504819275655248
UBFC_PHYS_s04_T3_test,46,161,51.36666666666667,-0.9743661284446716,-0.8891682677756151
UBFC_PHYS_s04_T3_test,46,162,51.4,-1.2225905656814575,-1.094908897395005
UBFC_PHYS_s04_T3_test,46,163,51.43333333333333,-1.2356873750686646,-1.1374830179277442
UBFC_PHYS_s04_T3_test,46,164,51.46666666666667,-0.9018369913101196,-1.051209540047655
UBFC_PHYS_s04_T3_test,46,165,51.5,-0.38860782980918884,-0.8790999063135583
UBFC_PHYS_s04_T3_test,46,166,51.53333333333333,0.05228707566857338,-0.6649676832096468
UBFC_PHYS_s04_T3_test,46,167,51.56666666666667,0.3675057291984558,-0.44875427103693766
UBFC_PHYS_s04_T3_test,46,168,51.6,0.6065117716789246,-0.2642365883895132
UBFC_PHYS_s04_T3_test,46,169,51.63333333333333,0.7722481489181519,-0.13714020147536962
UBFC_PHYS_s04_T3_test,46,170,51.666666666666664,0.8605538010597229,-0.08206594017086405
UBFC_PHYS_s04_T3_test,46,171,51.7,0.9000194668769836,-0.09842582514058036
UBFC_PHYS_s04_T3_test,46,172,51.733333333333334,0.9004579782485962,-0.1677021769466058
UBFC_PHYS_s04_T3_test,46,173,51.766666666666666,0.8486653566360474,-0.2552110044726172
UBFC_PHYS_s04_T3_test,46,174,51.8,0.7751910090446472,-0.31815577172426385
UBFC_PHYS_s04_T3_test,46,175,51.833333333333336,0.7313402891159058,-0.31857393944076234
UBFC_PHYS_s04_T3_test,46,176,51.86666666666667,0.69130939245224,-0.2365112403028915
UBFC_PHYS_s04_T3_test,46,177,51.9,0.5791489481925964,-0.07762825393178201
UBFC_PHYS_s04_T3_test,46,178,51.93333333333333,0.3987177312374115,0.12837762894938523
UBFC_PHYS_s04_T3_test,46,179,51.96666666666667,0.23320551216602325,0.3377937870062502
UBFC_PHYS_s04_T3_test,46,180,52.0,0.11611427366733551,0.5065956280786652
UBFC_PHYS_s04_T3_test,46,181,52.03333333333333,-0.0038223920855671167,0.6018822515106443
UBFC_PHYS_s04_T3_test,46,182,52.06666666666667,-0.1617143154144287,0.6074565995295671
UBFC_PHYS_s04_T3_test,46,183,52.1,-0.33145567774772644,0.5236757964370553
UBFC_PHYS_s04_T3_test,46,184,52.13333333333333,-0.4782485067844391,0.36401659354413185
UBFC_PHYS_s04_T3_test,46,185,52.166666666666664,-0.6143904328346252,0.15092452827354016
UBFC_PHYS_s04_T3_test,46,186,52.2,-0.8041667342185974,-0.0877624591981306
UBFC_PHYS_s04_T3_test,46,187,52.233333333333334,-1.071402907371521,-0.3217755757977919
UBFC_PHYS_s04_T3_test,46,188,52.266666666666666,-1.2629917860031128,-0.5210653434017386
UBFC_PHYS_s04_T3_test,46,189,52.3,-1.1439515352249146,-0.6584421378581562
UBFC_PHYS_s04_T3_test,46,190,52.333333333333336,-0.7218735218048096,-0.712762889855016
UBFC_PHYS_s04_T3_test,46,191,52.36666666666667,-0.24028511345386505,-0.6729854643122466
UBFC_PHYS_s04_T3_test,46,192,52.4,0.12260418385267258,-0.5421091397865936
UBFC_PHYS_s04_T3_test,46,193,52.43333333333333,0.37488240003585815,-0.3387041721119757
UBFC_PHYS_s04_T3_test,46,194,52.46666666666667,0.5649705529212952,-0.0938694332836116
UBFC_PHYS_s04_T3_test,46,195,52.5,0.6937747597694397,0.15653400200660478
UBFC_PHYS_s04_T3_test,46,196,52.53333333333333,0.7633610367774963,0.38162202471510065
UBFC_PHYS_s04_T3_test,46,197,52.56666666666667,0.7978180050849915,0.5628458456294396
UBFC_PHYS_s04_T3_test,46,198,52.6,0.7939298748970032,0.6957940477471515
UBFC_PHYS_s04_T3_test,46,199,52.63333333333333,0.7423321604728699,0.7862820663522399
UBFC_PHYS_s04_T3_test,46,200,52.666666666666664,0.6752113103866577,0.8433385426401449
UBFC_PHYS_s04_T3_test,46,201,52.7,0.6235551238059998,0.8726305751904474
UBFC_PHYS_s04_T3_test,46,202,52.733333333333334,0.5567168593406677,0.8727056397086278
UBFC_PHYS_s04_T3_test,46,203,52.766666666666666,0.4313037097454071,0.8345233271071499
UBFC_PHYS_s04_T3_test,46,204,52.8,0.2751463055610657,0.7436539612294285
UBFC_PHYS_s04_T3_test,46,205,52.833333333333336,0.15177954733371735,0.584533028535979
UBFC_PHYS_s04_T3_test,46,206,52.86666666666667,0.05867953971028328,0.34651689428347116
UBFC_PHYS_s04_T3_test,46,207,52.9,-0.06726954877376556,0.030993703687515226
UBFC_PHYS_s04_T3_test,46,208,52.93333333333333,-0.23827771842479706,-0.3427309663900475
UBFC_PHYS_s04_T3_test,46,209,52.96666666666667,-0.39178457856178284,-0.7358441695196941
UBFC_PHYS_s04_T3_test,46,210,53.0,-0.4989655315876007,-1.0943939718081084
UBFC_PHYS_s04_T3_test,46,211,53.03333333333333,-0.6158910989761353,-1.3587794705135638
UBFC_PHYS_s04_T3_test,46,212,53.06666666666667,-0.8063884973526001,-1.4758740245960755
UBFC_PHYS_s04_T3_test,46,213,53.1,-1.0451412200927734,-1.4112110566130929
UBFC_PHYS_s04_T3_test,46,214,53.13333333333333,-1.1740916967391968,-1.1594833145519343
UBFC_PHYS_s04_T3_test,46,215,53.166666666666664,-1.0224460363388062,-0.751667496480528
UBFC_PHYS_s04_T3_test,46,216,53.2,-0.6250510811805725,-0.2557874579287686
UBFC_PHYS_s04_T3_test,46,217,53.233333333333334,-0.19813966751098633,0.23229685573924239
UBFC_PHYS_s04_T3_test,46,218,53.266666666666666,0.10650608688592911,0.6093566609864363
UBFC_PHYS_s04_T3_test,46,219,53.3,0.2953468859195709,0.792571271725233
UBFC_PHYS_s04_T3_test,46,220,53.333333333333336,0.4116683006286621,0.7452132874655166
UBFC_PHYS_s04_T3_test,46,221,53.36666666666667,0.4725428819656372,0.48962495491020636
UBFC_PHYS_s04_T3_test,46,222,53.4,0.4983173906803131,0.10198984020537703
UBFC_PHYS_s04_T3_test,46,223,53.43333333333333,0.5150293707847595,-0.3088006318912502
UBFC_PHYS_s04_T3_test,46,224,53.46666666666667,0.5224840044975281,-0.6304926979419162
UBFC_PHYS_s04_T3_test,46,225,53.5,0.4944000542163849,-0.7760385150932638
UBFC_PHYS_s04_T3_test,46,226,53.53333333333333,0.43041694164276123,-0.7042066036529778
UBFC_PHYS_s04_T3_test,46,227,53.56666666666667,0.36213645339012146,-0.4279448422044953
UBFC_PHYS_s04_T3_test,46,228,53.6,0.2840334177017212,-0.008889179188491907
UBFC_PHYS_s04_T3_test,46,229,53.63333333333333,0.1570221483707428,0.4604471012109881
UBFC_PHYS_s04_T3_test,46,230,53.666666666666664,-0.011393954046070576,0.8814450385305841
UBFC_PHYS_s04_T3_test,46,231,53.7,-0.1598823368549347,1.1736915902912803
UBFC_PHYS_s04_T3_test,46,232,53.733333333333334,-0.2641691565513611,1.2928067430841286
UBFC_PHYS_s04_T3_test,46,233,53.766666666666666,-0.36917707324028015,1.2383444229160445
UBFC_PHYS_s04_T3_test,46,234,53.8,-0.523668110370636,1.0498625188538186
UBFC_PHYS_s04_T3_test,46,235,53.833333333333336,-0.7256251573562622,0.7913935356210013
UBFC_PHYS_s04_T3_test,46,236,53.86666666666667,-0.8854367733001709,0.528778425782816
UBFC_PHYS_s04_T3_test,46,237,53.9,-0.842024564743042,0.3079793086039357
UBFC_PHYS_s04_T3_test,46,238,53.93333333333333,-0.5365992188453674,0.14235483656085549
UBFC_PHYS_s04_T3_test,46,239,53.96666666666667,-0.12997612357139587,0.013222453517328297
UBFC_PHYS_s04_T3_test,47,0,47.0,0.2774850130081177,-0.10494109572955773
UBFC_PHYS_s04_T3_test,47,1,47.03333333333333,0.4016411006450653,-0.35192662886482284
UBFC_PHYS_s04_T3_test,47,2,47.06666666666667,0.49290913343429565,-0.5926578354211067
UBFC_PHYS_s04_T3_test,47,3,47.1,0.5414957404136658,-0.82563278892186
UBFC_PHYS_s04_T3_test,47,4,47.13333333333333,0.5547289252281189,-1.0477206670357646
UBFC_PHYS_s04_T3_test,47,5,47.166666666666664,0.5494083762168884,-1.2514725413198609
UBFC_PHYS_s04_T3_test,47,6,47.2,0.5279020071029663,-1.4213095363120627
UBFC_PHYS_s04_T3_test,47,7,47.233333333333334,0.4850257337093353,-1.530893780836822
UBFC_PHYS_s04_T3_test,47,8,47.266666666666666,0.4056461453437805,-1.5446087865509588
UBFC_PHYS_s04_T3_test,47,9,47.3,0.26921185851097107,-1.424719335301979
UBFC_PHYS_s04_T3_test,47,10,47.333333333333336,0.08931659907102585,-1.1431365990507807
UBFC_PHYS_s04_T3_test,47,11,47.36666666666667,-0.08752859383821487,-0.6941102727141814
UBFC_PHYS_s04_T3_test,47,12,47.4,-0.23849210143089294,-0.10306822302398476
UBFC_PHYS_s04_T3_test,47,13,47.43333333333333,-0.40201640129089355,0.5717649592988352
UBFC_PHYS_s04_T3_test,47,14,47.46666666666667,-0.6201592683792114,1.2452072831835812
UBFC_PHYS_s04_T3_test,47,15,47.5,-0.8095750212669373,1.8170682291520384
UBFC_PHYS_s04_T3_test,47,16,47.53333333333333,-0.765412449836731,2.189974952310655
UBFC_PHYS_s04_T3_test,47,17,47.56666666666667,-0.4426904320716858,2.2920740887369235
UBFC_PHYS_s04_T3_test,47,18,47.6,-0.027131499722599983,2.098382392530811
UBFC_PHYS_s04_T3_test,47,19,47.63333333333333,0.2931738495826721,1.641203937208642
UBFC_PHYS_s04_T3_test,47,20,47.666666666666664,0.47754189372062683,1.00430358279483
UBFC_PHYS_s04_T3_test,47,21,47.7,0.5486288070678711,0.3032295947675507
UBFC_PHYS_s04_T3_test,47,22,47.733333333333334,0.5258264541625977,-0.34135187581884047
UBFC_PHYS_s04_T3_test,47,23,47.766666666666666,0.4553631544113159,-0.829928321348866
UBFC_PHYS_s04_T3_test,47,24,47.8,0.4013487696647644,-1.1039054990162782
UBFC_PHYS_s04_T3_test,47,25,47.833333333333336,0.3809240758419037,-1.1549223431605535
UBFC_PHYS_s04_T3_test,47,26,47.86666666666667,0.35169023275375366,-1.0225483238028223
UBFC_PHYS_s04_T3_test,47,27,47.9,0.2671947181224823,-0.7817481580934914
UBFC_PHYS_s04_T3_test,47,28,47.93333333333333,0.13047783076763153,-0.523221228895284
UBFC_PHYS_s04_T3_test,47,29,47.96666666666667,-0.02699507586658001,-0.330875020204009
UBFC_PHYS_s04_T3_test,47,30,48.0,-0.20063428580760956,-0.26151485239294514
UBFC_PHYS_s04_T3_test,47,31,48.03333333333333,-0.4164969027042389,-0.33174835765373173
UBFC_PHYS_s04_T3_test,47,32,48.06666666666667,-0.6866759657859802,-0.515426908850475
UBFC_PHYS_s04_T3_test,47,33,48.1,-0.9530254006385803,-0.7517750531197764
UBFC_PHYS_s04_T3_test,47,34,48.13333333333333,-1.0570296049118042,-0.9609486430630774
UBFC_PHYS_s04_T3_test,47,35,48.166666666666664,-0.8672630786895752,-1.0624603927002487
UBFC_PHYS_s04_T3_test,47,36,48.2,-0.4627448320388794,-0.993468708194386
UBFC_PHYS_s04_T3_test,47,37,48.233333333333334,-0.06948158144950867,-0.7254198578661324
UBFC_PHYS_s04_T3_test,47,38,48.266666666666666,0.1949092000722885,-0.2763463854910293
UBFC_PHYS_s04_T3_test,47,39,48.3,0.3756229877471924,0.2862555434086393
UBFC_PHYS_s04_T3_test,47,40,48.333333333333336,0.5032676458358765,0.8570954758502889
UBFC_PHYS_s04_T3_test,47,41,48.36666666666667,0.5548361539840698,1.3196282630711351
UBFC_PHYS_s04_T3_test,47,42,48.4,0.5384554266929626,1.5794928578591811
UBFC_PHYS_s04_T3_test,47,43,48.43333333333333,0.4947313666343689,1.5916625554509605
UBFC_PHYS_s04_T3_test,47,44,48.46666666666667,0.4446343183517456,1.3709722948287062
UBFC_PHYS_s04_T3_test,47,45,48.5,0.3790725767612457,0.9837131659950811
UBFC_PHYS_s04_T3_test,47,46,48.53333333333333,0.2783815264701843,0.5253152372358733
UBFC_PHYS_s04_T3_test,47,47,48.56666666666667,0.13340121507644653,0.09286023148334405
UBFC_PHYS_s04_T3_test,47,48,48.6,-0.04274236783385277,-0.23892697438500934
UBFC_PHYS_s04_T3_test,47,49,48.63333333333333,-0.23130057752132416,-0.43222938999651767
UBFC_PHYS_s04_T3_test,47,50,48.666666666666664,-0.44629591703414917,-0.4888314744747948
UBFC_PHYS_s04_T3_test,47,51,48.7,-0.7213765382766724,-0.44186238108945347
UBFC_PHYS_s04_T3_test,47,52,48.733333333333334,-0.999019980430603,-0.3400442456605981
UBFC_PHYS_s04_T3_test,47,53,48.766666666666666,-1.0784775018692017,-0.22974364689562324
UBFC_PHYS_s04_T3_test,47,54,48.8,-0.8258582353591919,-0.1410062215627362
UBFC_PHYS_s04_T3_test,47,55,48.833333333333336,-0.37394219636917114,-0.08251301945241123
UBFC_PHYS_s04_T3_test,47,56,48.86666666666667,0.05029917508363724,-0.04657109815433528
UBFC_PHYS_s04_T3_test,47,57,48.9,0.3553932011127472,-0.02056511013437504
UBFC_PHYS_s04_T3_test,47,58,48.93333333333333,0.5797725915908813,0.0016767038628851608
UBFC_PHYS_s04_T3_test,47,59,48.96666666666667,0.759131908416748,0.014683475386241627
UBFC_PHYS_s04_T3_test,47,60,49.0,0.872978150844574,0.004622658968148199
UBFC_PHYS_s04_T3_test,47,61,49.03333333333333,0.8891932368278503,-0.04128773680445421
UBFC_PHYS_s04_T3_test,47,62,49.06666666666667,0.833541750907898,-0.12442741382821441
UBFC_PHYS_s04_T3_test,47,63,49.1,0.7532948851585388,-0.22871345935721138
UBFC_PHYS_s04_T3_test,47,64,49.13333333333333,0.6534126400947571,-0.3218828367742827
UBFC_PHYS_s04_T3_test,47,65,49.166666666666664,0.5082374215126038,-0.3642503359022952
UBFC_PHYS_s04_T3_test,47,66,49.2,0.32361599802970886,-0.32258684988326114
UBFC_PHYS_s04_T3_test,47,67,49.233333333333334,0.13059476017951965,-0.1846174114034303
UBFC_PHYS_s04_T3_test,47,68,49.266666666666666,-0.06637305021286011,0.031939114236343755
UBFC_PHYS_s04_T3_test,47,69,49.3,-0.2936563491821289,0.2809777711635155
UBFC_PHYS_s04_T3_test,47,70,49.333333333333336,-0.5764352083206177,0.5010960923661293
UBFC_PHYS_s04_T3_test,47,71,49.36666666666667,-0.8704106211662292,0.6354512552524547
UBFC_PHYS_s04_T3_test,47,72,49.4,-0.9976069927215576,0.6503111297164558
UBFC_PHYS_s04_T3_test,47,73,49.43333333333333,-0.7953478693962097,0.5448788391084274
UBFC_PHYS_s04_T3_test,47,74,49.46666666666667,-0.35476478934288025,0.3492112178107932
UBFC_PHYS_s04_T3_test,47,75,49.5,0.07621009647846222,0.11220777388602254
UBFC_PHYS_s04_T3_test,47,76,49.53333333333333,0.3829996585845947,-0.11505423597018745
UBFC_PHYS_s04_T3_test,47,77,49.56666666666667,0.6119200587272644,-0.29471289192331235
UBFC_PHYS_s04_T3_test,47,78,49.6,0.7795760631561279,-0.41166317659323126
UBFC_PHYS_s04_T3_test,47,79,49.63333333333333,0.8563830852508545,-0.4749167021253066
UBFC_PHYS_s04_T3_test,47,80,49.666666666666664,0.8457419872283936,-0.5107614069276423
UBFC_PHYS_s04_T3_test,47,81,49.7,0.7939298748970032,-0.5499322457987139
UBFC_PHYS_s04_T3_test,47,82,49.733333333333334,0.7121336460113525,-0.6129965367280492
UBFC_PHYS_s04_T3_test,47,83,49.766666666666666,0.5664907097816467,-0.6990615150111524
UBFC_PHYS_s04_T3_test,47,84,49.8,0.37813711166381836,-0.7820701144029388
UBFC_PHYS_s04_T3_test,47,85,49.833333333333336,0.20922403037548065,-0.8168260084726724
UBFC_PHYS_s04_T3_test,47,86,49.86666666666667,0.05105925351381302,-0.7540995637588708
UBFC_PHYS_s04_T3_test,47,87,49.9,-0.1516091525554657,-0.5605966530960386
UBFC_PHYS_s04_T3_test,47,88,49.93333333333333,-0.41993674635887146,-0.2360201634527072
UBFC_PHYS_s04_T3_test,47,89,49.96666666666667,-0.7289578318595886,0.18112816316784752
UBFC_PHYS_s04_T3_test,47,90,50.0,-0.9586675763130188,0.6229507481725278
UBFC_PHYS_s04_T3_test,47,91,50.03333333333333,-0.8984361290931702,1.013160676892898
UBFC_PHYS_s04_T3_test,47,92,50.06666666666667,-0.5249836444854736,1.2897731581498102
UBFC_PHYS_s04_T3_test,47,93,50.1,-0.059756457805633545,1.4190191961003387
UBFC_PHYS_s04_T3_test,47,94,50.13333333333333,0.2975784242153168,1.3962743538982463
UBFC_PHYS_s04_T3_test,47,95,50.166666666666664,0.5402971506118774,1.2378921173286745
UBFC_PHYS_s04_T3_test,47,96,50.2,0.7182142734527588,0.9717355193501213
UBFC_PHYS_s04_T3_test,47,97,50.233333333333334,0.8177457451820374,0.6320734770519806
UBFC_PHYS_s04_T3_test,47,98,50.266666666666666,0.8163522481918335,0.2587582787562358
UBFC_PHYS_s04_T3_test,47,99,50.3,0.7460156679153442,-0.10365915213964594
UBFC_PHYS_s04_T3_test,47,100,50.333333333333336,0.6601071357727051,-0.4105153795316949
UBFC_PHYS_s04_T3_test,47,101,50.36666666666667,0.5782816410064697,-0.6250854484231481
UBFC_PHYS_s04_T3_test,47,102,50.4,0.4819756746292114,-0.726700463071606
UBFC_PHYS_s04_T3_test,47,103,50.43333333333333,0.3392268717288971,-0.7151217827188638
UBFC_PHYS_s04_T3_test,47,104,50.46666666666667,0.14006653428077698,-0.609474344126133
UBFC_PHYS_s04_T3_test,47,105,50.5,-0.08121409267187119,-0.44267578765777804
UBFC_PHYS_s04_T3_test,47,106,50.53333333333333,-0.28031596541404724,-0.2536280534205243
UBFC_PHYS_s04_T3_test,47,107,50.56666666666667,-0.47760534286499023,-0.07961191434302622
UBFC_PHYS_s04_T3_test,47,108,50.6,-0.7334501147270203,0.048952619669850476
UBFC_PHYS_s04_T3_test,47,109,50.63333333333333,-1.0081311464309692,0.11026602932544917
UBFC_PHYS_s04_T3_test,47,110,50.666666666666664,-1.1070291996002197,0.09033176713481439
UBFC_PHYS_s04_T3_test,47,111,50.7,-0.8765497207641602,-0.017653476135605348
UBFC_PHYS_s04_T3_test,47,112,50.733333333333334,-0.4157075881958008,-0.21076780285240215
UBFC_PHYS_s04_T3_test,47,113,50.766666666666666,0.03360665589570999,-0.47035730308310975
UBFC_PHYS_s04_T3_test,47,114,50.8,0.36214619874954224,-0.7564526228333975
UBFC_PHYS_s04_T3_test,47,115,50.833333333333336,0.605732262134552,-1.0083993242409468
UBFC_PHYS_s04_T3_test,47,116,50.86666666666667,0.7684574723243713,-1.1546157154988737
UBFC_PHYS_s04_T3_test,47,117,50.9,0.8222574591636658,-1.129688624784096
UBFC_PHYS_s04_T3_test,47,118,50.93333333333333,0.8001664280891418,-0.8942046459941149
UBFC_PHYS_s04_T3_test,47,119,50.96666666666667,0.7728620767593384,-0.45147304806437616
UBFC_PHYS_s04_T3_test,47,120,51.0,0.7520962953567505,0.14537817138704312
UBFC_PHYS_s04_T3_test,47,121,51.03333333333333,0.696581244468689,0.8007247786259051
UBFC_PHYS_s04_T3_test,47,122,51.06666666666667,0.6005773544311523,1.397692797923578
UBFC_PHYS_s04_T3_test,47,123,51.1,0.485746830701828,1.8269450092324484
UBFC_PHYS_s04_T3_test,47,124,51.13333333333333,0.35085219144821167,2.0138004677671115
UBFC_PHYS_s04_T3_test,47,125,51.166666666666664,0.1797953099012375,1.9353852229526993
UBFC_PHYS_s04_T3_test,47,126,51.2,-0.021752474829554558,1.6230268685425469
UBFC_PHYS_s04_T3_test,47,127,51.233333333333334,-0.2182915210723877,1.150070146937218
UBFC_PHYS_s04_T3_test,47,128,51.266666666666666,-0.37728458642959595,0.6101566784293793
UBFC_PHYS_s04_T3_test,47,129,51.3,-0.5188153386116028,0.09352299578010845
UBFC_PHYS_s04_T3_test,47,130,51.333333333333336,-0.7075002193450928,-0.33211199851835116
UBFC_PHYS_s04_T3_test,47,131,51.36666666666667,-0.9743661284446716,-0.6325002378003849
UBFC_PHYS_s04_T3_test,47,132,51.4,-1.2225905656814575,-0.8088637929143149
UBFC_PHYS_s04_T3_test,47,133,51.43333333333333,-1.2356873750686646,-0.8916955222799392
UBFC_PHYS_s04_T3_test,47,134,51.46666666666667,-0.9018369913101196,-0.9278411990626259
UBFC_PHYS_s04_T3_test,47,135,51.5,-0.38860782980918884,-0.9635769559904825
UBFC_PHYS_s04_T3_test,47,136,51.53333333333333,0.05228707566857338,-1.0284650602501921
UBFC_PHYS_s04_T3_test,47,137,51.56666666666667,0.3675057291984558,-1.125543801591044
UBFC_PHYS_s04_T3_test,47,138,51.6,0.6065117716789246,-1.2310785144374046
UBFC_PHYS_s04_T3_test,47,139,51.63333333333333,0.7722481489181519,-1.3029626634735048
UBFC_PHYS_s04_T3_test,47,140,51.666666666666664,0.8605538010597229,-1.2935783799030007
UBFC_PHYS_s04_T3_test,47,141,51.7,0.9000194668769836,-1.1623007499247118
UBFC_PHYS_s04_T3_test,47,142,51.733333333333334,0.9004579782485962,-0.8848696246823781
UBFC_PHYS_s04_T3_test,47,143,51.766666666666666,0.8486653566360474,-0.4595204653295594
UBFC_PHYS_s04_T3_test,47,144,51.8,0.7751910090446472,0.08916581359058567
UBFC_PHYS_s04_T3_test,47,145,51.833333333333336,0.7313402891159058,0.7088077963719127
UBFC_PHYS_s04_T3_test,47,146,51.86666666666667,0.69130939245224,1.3222827900584382
UBFC_PHYS_s04_T3_test,47,147,51.9,0.5791489481925964,1.83803214653319
UBFC_PHYS_s04_T3_test,47,148,51.93333333333333,0.3987177312374115,2.168023692207176
UBFC_PHYS_s04_T3_test,47,149,51.96666666666667,0.23320551216602325,2.249410488777485
UBFC_PHYS_s04_T3_test,47,150,52.0,0.11611427366733551,2.062227988565495
UBFC_PHYS_s04_T3_test,47,151,52.03333333333333,-0.0038223920855671167,1.635671648939897
UBFC_PHYS_s04_T3_test,47,152,52.06666666666667,-0.1617143154144287,1.0404177229383733
UBFC_PHYS_s04_T3_test,47,153,52.1,-0.33145567774772644,0.37045127991970495
UBFC_PHYS_s04_T3_test,47,154,52.13333333333333,-0.4782485067844391,-0.27902536348959095
UBFC_PHYS_s04_T3_test,47,155,52.166666666666664,-0.6143904328346252,-0.8309363454690436
UBFC_PHYS_s04_T3_test,47,156,52.2,-0.8041667342185974,-1.237750552222354
UBFC_PHYS_s04_T3_test,47,157,52.233333333333334,-1.071402907371521,-1.4826641365272497
UBFC_PHYS_s04_T3_test,47,158,52.266666666666666,-1.2629917860031128,-1.572172313566432
UBFC_PHYS_s04_T3_test,47,159,52.3,-1.1439515352249146,-1.5248068927642688
UBFC_PHYS_s04_T3_test,47,160,52.333333333333336,-0.7218735218048096,-1.3614644468212453
UBFC_PHYS_s04_T3_test,47,161,52.36666666666667,-0.24028511345386505,-1.1010019889280445
UBFC_PHYS_s04_T3_test,47,162,52.4,0.12260418385267258,-0.7618291604154493
UBFC_PHYS_s04_T3_test,47,163,52.43333333333333,0.37488240003585815,-0.3673237135882645
UBFC_PHYS_s04_T3_test,47,164,52.46666666666667,0.5649705529212952,0.04896972363949392
UBFC_PHYS_s04_T3_test,47,165,52.5,0.6937747597694397,0.4426639076317987
UBFC_PHYS_s04_T3_test,47,166,52.53333333333333,0.7633610367774963,0.7650152149850129
UBFC_PHYS_s04_T3_test,47,167,52.56666666666667,0.7978180050849915,0.9753751058081899
UBFC_PHYS_s04_T3_test,47,168,52.6,0.7939298748970032,1.0538686611129573
UBFC_PHYS_s04_T3_test,47,169,52.63333333333333,0.7423321604728699,1.0074078739613566
UBFC_PHYS_s04_T3_test,47,170,52.666666666666664,0.6752113103866577,0.8663195603405923
UBFC_PHYS_s04_T3_test,47,171,52.7,0.6235551238059998,0.6741329135491237
UBFC_PHYS_s04_T3_test,47,172,52.733333333333334,0.5567168593406677,0.4748458952174502
UBFC_PHYS_s04_T3_test,47,173,52.766666666666666,0.4313037097454071,0.3012209504099126
UBFC_PHYS_s04_T3_test,47,174,52.8,0.2751463055610657,0.16702326744176163
UBFC_PHYS_s04_T3_test,47,175,52.833333333333336,0.15177954733371735,0.06557164654312195
UBFC_PHYS_s04_T3_test,47,176,52.86666666666667,0.05867953971028328,-0.024612055590897304
UBFC_PHYS_s04_T3_test,47,177,52.9,-0.06726954877376556,-0.12892518871346254
UBFC_PHYS_s04_T3_test,47,178,52.93333333333333,-0.23827771842479706,-0.2649574482327113
UBFC_PHYS_s04_T3_test,47,179,52.96666666666667,-0.39178457856178284,-0.4345873542144966
UBFC_PHYS_s04_T3_test,47,180,53.0,-0.4989655315876007,-0.6219693682594757
UBFC_PHYS_s04_T3_test,47,181,53.03333333333333,-0.6158910989761353,-0.7964270992816729
UBFC_PHYS_s04_T3_test,47,182,53.06666666666667,-0.8063884973526001,-0.9183826355071307
UBFC_PHYS_s04_T3_test,47,183,53.1,-1.0451412200927734,-0.9475054812383794
UBFC_PHYS_s04_T3_test,47,184,53.13333333333333,-1.1740916967391968,-0.8532993312874155
UBFC_PHYS_s04_T3_test,47,185,53.166666666666664,-1.0224460363388062,-0.6274924135879911
UBFC_PHYS_s04_T3_test,47,186,53.2,-0.6250510811805725,-0.2946596184384272
UBFC_PHYS_s04_T3_test,47,187,53.233333333333334,-0.19813966751098633,0.08515570614163948
UBFC_PHYS_s04_T3_test,47,188,53.266666666666666,0.10650608688592911,0.4273815583545897
UBFC_PHYS_s04_T3_test,47,189,53.3,0.2953468859195709,0.6475132837455181
UBFC_PHYS_s04_T3_test,47,190,53.333333333333336,0.4116683006286621,0.6911683263513018
UBFC_PHYS_s04_T3_test,47,191,53.36666666666667,0.4725428819656372,0.5562326238026443
UBFC_PHYS_s04_T3_test,47,192,53.4,0.4983173906803131,0.2963149570845458
UBFC_PHYS_s04_T3_test,47,193,53.43333333333333,0.5150293707847595,0.0034165326658895778
UBFC_PHYS_s04_T3_test,47,194,53.46666666666667,0.5224840044975281,-0.22282014417823853
UBFC_PHYS_s04_T3_test,47,195,53.5,0.4944000542163849,-0.30687511630940634
UBFC_PHYS_s04_T3_test,47,196,53.53333333333333,0.43041694164276123,-0.2192116760183937
UBFC_PHYS_s04_T3_test,47,197,53.56666666666667,0.36213645339012146,0.017349304459198
UBFC_PHYS_s04_T3_test,47,198,53.6,0.2840334177017212,0.33694115997117857
UBFC_PHYS_s04_T3_test,47,199,53.63333333333333,0.1570221483707428,0.6514442794412708
UBFC_PHYS_s04_T3_test,47,200,53.666666666666664,-0.011393954046070576,0.8753297239316259
UBFC_PHYS_s04_T3_test,47,201,53.7,-0.1598823368549347,0.9467226277521371
UBFC_PHYS_s04_T3_test,47,202,53.733333333333334,-0.2641691565513611,0.8398929562369819
UBFC_PHYS_s04_T3_test,47,203,53.766666666666666,-0.36917707324028015,0.5681876383536478
UBFC_PHYS_s04_T3_test,47,204,53.8,-0.523668110370636,0.178486020569117
UBFC_PHYS_s04_T3_test,47,205,53.833333333333336,-0.7256251573562622,-0.2604934890072876
UBFC_PHYS_s04_T3_test,47,206,53.86666666666667,-0.8854367733001709,-0.6721005108346549
UBFC_PHYS_s04_T3_test,47,207,53.9,-0.842024564743042,-0.9837301539990063
UBFC_PHYS_s04_T3_test,47,208,53.93333333333333,-0.5365992188453674,-1.1354055187527992
UBFC_PHYS_s04_T3_test,47,209,53.96666666666667,-0.12997612357139587,-1.0870430312448298
UBFC_PHYS_s04_T3_test,47,210,54.0,0.17209705710411072,-0.8275773023083227
UBFC_PHYS_s04_T3_test,47,211,54.03333333333333,0.33582600951194763,-0.3859826563188703
UBFC_PHYS_s04_T3_test,47,212,54.06666666666667,0.44127243757247925,0.16165938618371775
UBFC_PHYS_s04_T3_test,47,213,54.1,0.5059182047843933,0.6982837760863203
UBFC_PHYS_s04_T3_test,47,214,54.13333333333333,0.5185569524765015,1.0907695071086778
UBFC_PHYS_s04_T3_test,47,215,54.166666666666664,0.5100401639938354,1.2292720914317223
UBFC_PHYS_s04_T3_test,47,216,54.2,0.5127881169319153,1.0657994788988925
UBFC_PHYS_s04_T3_test,47,217,54.233333333333334,0.5092411041259766,0.6339084740282782
UBFC_PHYS_s04_T3_test,47,218,54.266666666666666,0.46616992354393005,0.04011470788151919
UBFC_PHYS_s04_T3_test,47,219,54.3,0.3793357014656067,-0.5687864662540504
UBFC_PHYS_s04_T3_test,47,220,54.333333333333336,0.2660351097583771,-1.0491224664530214
UBFC_PHYS_s04_T3_test,47,221,54.36666666666667,0.1324559897184372,-1.299304402779604
UBFC_PHYS_s04_T3_test,47,222,54.4,-0.03329983726143837,-1.2830564899707384
UBFC_PHYS_s04_T3_test,47,223,54.43333333333333,-0.22658419609069824,-1.0322426909440854
UBFC_PHYS_s04_T3_test,47,224,54.46666666666667,-0.4009055197238922,-0.6311571223282902
UBFC_PHYS_s04_T3_test,47,225,54.5,-0.5262991786003113,-0.18882800739803984
UBFC_PHYS_s04_T3_test,47,226,54.53333333333333,-0.6449203491210938,0.19195025010530037
UBFC_PHYS_s04_T3_test,47,227,54.56666666666667,-0.8219896554946899,0.4403819179740174
UBFC_PHYS_s04_T3_test,47,228,54.6,-1.0586472749710083,0.5318788473908654
UBFC_PHYS_s04_T3_test,47,229,54.63333333333333,-1.2427424192428589,0.4877302920633834
UBFC_PHYS_s04_T3_test,47,230,54.666666666666664,-1.1980925798416138,0.36128507675326893
UBFC_PHYS_s04_T3_test,47,231,54.7,-0.8745033740997314,0.21584097009773598
UBFC_PHYS_s04_T3_test,47,232,54.733333333333334,-0.44019579887390137,0.10253940411626172
UBFC_PHYS_s04_T3_test,47,233,54.766666666666666,-0.09882260113954544,0.04657180241174769
UBFC_PHYS_s04_T3_test,47,234,54.8,0.10936126112937927,0.045965448625318775
UBFC_PHYS_s04_T3_test,47,235,54.833333333333336,0.2431352734565735,0.08106851005840525
UBFC_PHYS_s04_T3_test,47,236,54.86666666666667,0.33397454023361206,0.12802948564422612
UBFC_PHYS_s04_T3_test,47,237,54.9,0.3856794238090515,0.1690529787163743
UBFC_PHYS_s04_T3_test,47,238,54.93333333333333,0.4042234420776367,0.1962152511224355
UBFC_PHYS_s04_T3_test,47,239,54.96666666666667,0.40676677227020264,0.21022569479086878
UBFC_PHYS_s04_T3_test,48,0,48.0,-0.20063428580760956,0.05228490343154051
UBFC_PHYS_s04_T3_test,48,1,48.03333333333333,-0.4164969027042389,-0.1661962885568973
UBFC_PHYS_s04_T3_test,48,2,48.06666666666667,-0.6866759657859802,-0.3229603130563506
UBFC_PHYS_s04_T3_test,48,3,48.1,-0.9530254006385803,-0.37350994475251387
UBFC_PHYS_s04_T3_test,48,4,48.13333333333333,-1.0570296049118042,-0.30463787267595277
UBFC_PHYS_s04_T3_test,48,5,48.166666666666664,-0.8672630786895752,-0.13506086786712487
UBFC_PHYS_s04_T3_test,48,6,48.2,-0.4627448320388794,0.09431737814521442
UBFC_PHYS_s04_T3_test,48,7,48.233333333333334,-0.06948158144950867,0.3341864469133739
UBFC_PHYS_s04_T3_test,48,8,48.266666666666666,0.1949092000722885,0.5384508331921789
UBFC_PHYS_s04_T3_test,48,9,48.3,0.3756229877471924,0.6713301201941262
UBFC_PHYS_s04_T3_test,48,10,48.333333333333336,0.5032676458358765,0.7109416993610636
UBFC_PHYS_s04_T3_test,48,11,48.36666666666667,0.5548361539840698,0.6511541380193053
UBFC_PHYS_s04_T3_test,48,12,48.4,0.5384554266929626,0.5020712893974736
UBFC_PHYS_s04_T3_test,48,13,48.43333333333333,0.4947313666343689,0.28808101455742136
UBFC_PHYS_s04_T3_test,48,14,48.46666666666667,0.4446343183517456,0.04279968593728936
UBFC_PHYS_s04_T3_test,48,15,48.5,0.3790725767612457,-0.19813313086168294
UBFC_PHYS_s04_T3_test,48,16,48.53333333333333,0.2783815264701843,-0.4042390273856031
UBFC_PHYS_s04_T3_test,48,17,48.56666666666667,0.13340121507644653,-0.5552475023985572
UBFC_PHYS_s04_T3_test,48,18,48.6,-0.04274236783385277,-0.64304533333017
UBFC_PHYS_s04_T3_test,48,19,48.63333333333333,-0.23130057752132416,-0.6707707961074971
UBFC_PHYS_s04_T3_test,48,20,48.666666666666664,-0.44629591703414917,-0.6496927633566765
UBFC_PHYS_s04_T3_test,48,21,48.7,-0.7213765382766724,-0.5944443117284225
UBFC_PHYS_s04_T3_test,48,22,48.733333333333334,-0.999019980430603,-0.5174069632529056
UBFC_PHYS_s04_T3_test,48,23,48.766666666666666,-1.0784775018692017,-0.4238266367719019
UBFC_PHYS_s04_T3_test,48,24,48.8,-0.8258582353591919,-0.3100479672197381
UBFC_PHYS_s04_T3_test,48,25,48.833333333333336,-0.37394219636917114,-0.16681742569496705
UBFC_PHYS_s04_T3_test,48,26,48.86666666666667,0.05029917508363724,0.012728189771032131
UBFC_PHYS_s04_T3_test,48,27,48.9,0.3553932011127472,0.22390317179226762
UBFC_PHYS_s04_T3_test,48,28,48.93333333333333,0.5797725915908813,0.4454677682088925
UBFC_PHYS_s04_T3_test,48,29,48.96666666666667,0.759131908416748,0.6426365260490923
UBFC_PHYS_s04_T3_test,48,30,49.0,0.872978150844574,0.7773936032309848
UBFC_PHYS_s04_T3_test,48,31,49.03333333333333,0.8891932368278503,0.8212074263865095
UBFC_PHYS_s04_T3_test,48,32,49.06666666666667,0.833541750907898,0.7646040264375338
UBFC_PHYS_s04_T3_test,48,33,49.1,0.7532948851585388,0.620463809918438
UBFC_PHYS_s04_T3_test,48,34,49.13333333333333,0.6534126400947571,0.4209001885626238
UBFC_PHYS_s04_T3_test,48,35,49.166666666666664,0.5082374215126038,0.20927965990455302
UBFC_PHYS_s04_T3_test,48,36,49.2,0.32361599802970886,0.029107126166054615
UBFC_PHYS_s04_T3_test,48,37,49.233333333333334,0.13059476017951965,-0.08814937426492077
UBFC_PHYS_s04_T3_test,48,38,49.266666666666666,-0.06637305021286011,-0.13269543487801355
UBFC_PHYS_s04_T3_test,48,39,49.3,-0.2936563491821289,-0.11927912925561705
UBFC_PHYS_s04_T3_test,48,40,49.333333333333336,-0.5764352083206177,-0.08135332774915896
UBFC_PHYS_s04_T3_test,48,41,49.36666666666667,-0.8704106211662292,-0.05860088021483199
UBFC_PHYS_s04_T3_test,48,42,49.4,-0.9976069927215576,-0.08294265719809552
UBFC_PHYS_s04_T3_test,48,43,49.43333333333333,-0.7953478693962097,-0.16844989361167026
UBFC_PHYS_s04_T3_test,48,44,49.46666666666667,-0.35476478934288025,-0.3081089032654703
UBFC_PHYS_s04_T3_test,48,45,49.5,0.07621009647846222,-0.4771334910801135
UBFC_PHYS_s04_T3_test,48,46,49.53333333333333,0.3829996585845947,-0.6405566069034495
UBFC_PHYS_s04_T3_test,48,47,49.56666666666667,0.6119200587272644,-0.7624078466260694
UBFC_PHYS_s04_T3_test,48,48,49.6,0.7795760631561279,-0.814173862852827
UBFC_PHYS_s04_T3_test,48,49,49.63333333333333,0.8563830852508545,-0.780940019884615
UBFC_PHYS_s04_T3_test,48,50,49.666666666666664,0.8457419872283936,-0.6643339557283768
UBFC_PHYS_s04_T3_test,48,51,49.7,0.7939298748970032,-0.4818980118613103
UBFC_PHYS_s04_T3_test,48,52,49.733333333333334,0.7121336460113525,-0.26278676928722705
UBFC_PHYS_s04_T3_test,48,53,49.766666666666666,0.5664907097816467,-0.03997907075271824
UBFC_PHYS_s04_T3_test,48,54,49.8,0.37813711166381836,0.15994403507581934
UBFC_PHYS_s04_T3_test,48,55,49.833333333333336,0.20922403037548065,0.32629511447423903
UBFC_PHYS_s04_T3_test,48,56,49.86666666666667,0.05105925351381302,0.46752928662807686
UBFC_PHYS_s04_T3_test,48,57,49.9,-0.1516091525554657,0.6038239807278584
UBFC_PHYS_s04_T3_test,48,58,49.93333333333333,-0.41993674635887146,0.7507584140292457
UBFC_PHYS_s04_T3_test,48,59,49.96666666666667,-0.7289578318595886,0.9026317644776748
UBFC_PHYS_s04_T3_test,48,60,50.0,-0.9586675763130188,1.0256233357122664
UBFC_PHYS_s04_T3_test,48,61,50.03333333333333,-0.8984361290931702,1.0662486851644428
UBFC_PHYS_s04_T3_test,48,62,50.06666666666667,-0.5249836444854736,0.9722476603582432
UBFC_PHYS_s04_T3_test,48,63,50.1,-0.059756457805633545,0.7164332896223239
UBFC_PHYS_s04_T3_test,48,64,50.13333333333333,0.2975784242153168,0.31309705940874105
UBFC_PHYS_s04_T3_test,48,65,50.166666666666664,0.5402971506118774,-0.179293131338642
UBFC_PHYS_s04_T3_test,48,66,50.2,0.7182142734527588,-0.6694334096087508
UBFC_PHYS_s04_T3_test,48,67,50.233333333333334,0.8177457451820374,-1.0544056832371214
UBFC_PHYS_s04_T3_test,48,68,50.266666666666666,0.8163522481918335,-1.2449927130151819
UBFC_PHYS_s04_T3_test,48,69,50.3,0.7460156679153442,-1.1891552277681188
UBFC_PHYS_s04_T3_test,48,70,50.333333333333336,0.6601071357727051,-0.8876004343927596
UBFC_PHYS_s04_T3_test,48,71,50.36666666666667,0.5782816410064697,-0.3961827438639526
UBFC_PHYS_s04_T3_test,48,72,50.4,0.4819756746292114,0.18692605649795882
UBFC_PHYS_s04_T3_test,48,73,50.43333333333333,0.3392268717288971,0.746189064288827
UBFC_PHYS_s04_T3_test,48,74,50.46666666666667,0.14006653428077698,1.177686840144686
UBFC_PHYS_s04_T3_test,48,75,50.5,-0.08121409267187119,1.4123443824533712
UBFC_PHYS_s04_T3_test,48,76,50.53333333333333,-0.28031596541404724,1.4266431407341407
UBFC_PHYS_s04_T3_test,48,77,50.56666666666667,-0.47760534286499023,1.2394547069785826
UBFC_PHYS_s04_T3_test,48,78,50.6,-0.7334501147270203,0.8981424025655844
UBFC_PHYS_s04_T3_test,48,79,50.63333333333333,-1.0081311464309692,0.45961588687951477
UBFC_PHYS_s04_T3_test,48,80,50.666666666666664,-1.1070291996002197,-0.02714256071473026
UBFC_PHYS_s04_T3_test,48,81,50.7,-0.8765497207641602,-0.5311398345082823
UBFC_PHYS_s04_T3_test,48,82,50.733333333333334,-0.4157075881958008,-1.038153219993324
UBFC_PHYS_s04_T3_test,48,83,50.766666666666666,0.03360665589570999,-1.5384104897729198
UBFC_PHYS_s04_T3_test,48,84,50.8,0.36214619874954224,-2.00872862914351
UBFC_PHYS_s04_T3_test,48,85,50.833333333333336,0.605732262134552,-2.3984570374141434
UBFC_PHYS_s04_T3_test,48,86,50.86666666666667,0.7684574723243713,-2.628105797618183
UBFC_PHYS_s04_T3_test,48,87,50.9,0.8222574591636658,-2.6050329381592348
UBFC_PHYS_s04_T3_test,48,88,50.93333333333333,0.8001664280891418,-2.253853675278557
UBFC_PHYS_s04_T3_test,48,89,50.96666666666667,0.7728620767593384,-1.5521366454099728
UBFC_PHYS_s04_T3_test,48,90,51.0,0.7520962953567505,-0.5568780281664318
UBFC_PHYS_s04_T3_test,48,91,51.03333333333333,0.696581244468689,0.5924769164253528
UBFC_PHYS_s04_T3_test,48,92,51.06666666666667,0.6005773544311523,1.7012221355162733
UBFC_PHYS_s04_T3_test,48,93,51.1,0.485746830701828,2.5707608033664986
UBFC_PHYS_s04_T3_test,48,94,51.13333333333333,0.35085219144821167,3.055616600470033
UBFC_PHYS_s04_T3_test,48,95,51.166666666666664,0.1797953099012375,3.1031843899411427
UBFC_PHYS_s04_T3_test,48,96,51.2,-0.021752474829554558,2.761091076612937
UBFC_PHYS_s04_T3_test,48,97,51.233333333333334,-0.2182915210723877,2.1519769915379507
UBFC_PHYS_s04_T3_test,48,98,51.266666666666666,-0.37728458642959595,1.4288691137509477
UBFC_PHYS_s04_T3_test,48,99,51.3,-0.5188153386116028,0.7299378398045637
UBFC_PHYS_s04_T3_test,48,100,51.333333333333336,-0.7075002193450928,0.14791078301498645
UBFC_PHYS_s04_T3_test,48,101,51.36666666666667,-0.9743661284446716,-0.2793598131341267
UBFC_PHYS_s04_T3_test,48,102,51.4,-1.2225905656814575,-0.5593728573601088
UBFC_PHYS_s04_T3_test,48,103,51.43333333333333,-1.2356873750686646,-0.7244724317960154
UBFC_PHYS_s04_T3_test,48,104,51.46666666666667,-0.9018369913101196,-0.810335352675698
UBFC_PHYS_s04_T3_test,48,105,51.5,-0.38860782980918884,-0.8414761421070999
UBFC_PHYS_s04_T3_test,48,106,51.53333333333333,0.05228707566857338,-0.8270403105851343
UBFC_PHYS_s04_T3_test,48,107,51.56666666666667,0.3675057291984558,-0.7654620350532496
UBFC_PHYS_s04_T3_test,48,108,51.6,0.6065117716789246,-0.6541059618703029
UBFC_PHYS_s04_T3_test,48,109,51.63333333333333,0.7722481489181519,-0.4992785762902641
UBFC_PHYS_s04_T3_test,48,110,51.666666666666664,0.8605538010597229,-0.32190217723594167
UBFC_PHYS_s04_T3_test,48,111,51.7,0.9000194668769836,-0.1552884585143171
UBFC_PHYS_s04_T3_test,48,112,51.733333333333334,0.9004579782485962,-0.034655331375927106
UBFC_PHYS_s04_T3_test,48,113,51.766666666666666,0.8486653566360474,0.017356264630033192
UBFC_PHYS_s04_T3_test,48,114,51.8,0.7751910090446472,0.0012996855055424422
UBFC_PHYS_s04_T3_test,48,115,51.833333333333336,0.7313402891159058,-0.059144562837103634
UBFC_PHYS_s04_T3_test,48,116,51.86666666666667,0.69130939245224,-0.12822714570970167
UBFC_PHYS_s04_T3_test,48,117,51.9,0.5791489481925964,-0.1736399901489509
UBFC_PHYS_s04_T3_test,48,118,51.93333333333333,0.3987177312374115,-0.17826970430605896
UBFC_PHYS_s04_T3_test,48,119,51.96666666666667,0.23320551216602325,-0.14366176584737436
UBFC_PHYS_s04_T3_test,48,120,52.0,0.11611427366733551,-0.0861396825582911
UBFC_PHYS_s04_T3_test,48,121,52.03333333333333,-0.0038223920855671167,-0.029555150375504
UBFC_PHYS_s04_T3_test,48,122,52.06666666666667,-0.1617143154144287,0.002384354318529169
UBFC_PHYS_s04_T3_test,48,123,52.1,-0.33145567774772644,-0.006850072002310497
UBFC_PHYS_s04_T3_test,48,124,52.13333333333333,-0.4782485067844391,-0.06161124510932356
UBFC_PHYS_s04_T3_test,48,125,52.166666666666664,-0.6143904328346252,-0.15325334261556448
UBFC_PHYS_s04_T3_test,48,126,52.2,-0.8041667342185974,-0.2640913673341018
UBFC_PHYS_s04_T3_test,48,127,52.233333333333334,-1.071402907371521,-0.37389837815970967
UBFC_PHYS_s04_T3_test,48,128,52.266666666666666,-1.2629917860031128,-0.46509057314794794
UBFC_PHYS_s04_T3_test,48,129,52.3,-1.1439515352249146,-0.5238484611964958
UBFC_PHYS_s04_T3_test,48,130,52.333333333333336,-0.7218735218048096,-0.53775754056453
UBFC_PHYS_s04_T3_test,48,131,52.36666666666667,-0.24028511345386505,-0.49363908116562405
UBFC_PHYS_s04_T3_test,48,132,52.4,0.12260418385267258,-0.37955174523333385
UBFC_PHYS_s04_T3_test,48,133,52.43333333333333,0.37488240003585815,-0.19192942228758716
UBFC_PHYS_s04_T3_test,48,134,52.46666666666667,0.5649705529212952,0.055822686552542494
UBFC_PHYS_s04_T3_test,48,135,52.5,0.6937747597694397,0.32984511154616153
UBFC_PHYS_s04_T3_test,48,136,52.53333333333333,0.7633610367774963,0.582478576795648
UBFC_PHYS_s04_T3_test,48,137,52.56666666666667,0.7978180050849915,0.7682901228076587
UBFC_PHYS_s04_T3_test,48,138,52.6,0.7939298748970032,0.861931917564898
UBFC_PHYS_s04_T3_test,48,139,52.63333333333333,0.7423321604728699,0.8678691165055351
UBFC_PHYS_s04_T3_test,48,140,52.666666666666664,0.6752113103866577,0.8165678187059003
UBFC_PHYS_s04_T3_test,48,141,52.7,0.6235551238059998,0.7493732027528123
UBFC_PHYS_s04_T3_test,48,142,52.733333333333334,0.5567168593406677,0.6995003924486052
UBFC_PHYS_s04_T3_test,48,143,52.766666666666666,0.4313037097454071,0.6775539537431939
UBFC_PHYS_s04_T3_test,48,144,52.8,0.2751463055610657,0.6675817346523413
UBFC_PHYS_s04_T3_test,48,145,52.833333333333336,0.15177954733371735,0.6350853352457786
UBFC_PHYS_s04_T3_test,48,146,52.86666666666667,0.05867953971028328,0.5432929943737544
UBFC_PHYS_s04_T3_test,48,147,52.9,-0.06726954877376556,0.3704116317264062
UBFC_PHYS_s04_T3_test,48,148,52.93333333333333,-0.23827771842479706,0.12022020531220676
UBFC_PHYS_s04_T3_test,48,149,52.96666666666667,-0.39178457856178284,-0.17816155093538297
UBFC_PHYS_s04_T3_test,48,150,53.0,-0.4989655315876007,-0.47973054021464817
UBFC_PHYS_s04_T3_test,48,151,53.03333333333333,-0.6158910989761353,-0.7366030440244571
UBFC_PHYS_s04_T3_test,48,152,53.06666666666667,-0.8063884973526001,-0.9092188836700713
UBFC_PHYS_s04_T3_test,48,153,53.1,-1.0451412200927734,-0.9734570468652584
UBFC_PHYS_s04_T3_test,48,154,53.13333333333333,-1.1740916967391968,-0.9239475063153826
UBFC_PHYS_s04_T3_test,48,155,53.166666666666664,-1.0224460363388062,-0.7747004286558393
UBFC_PHYS_s04_T3_test,48,156,53.2,-0.6250510811805725,-0.5575492705474443
UBFC_PHYS_s04_T3_test,48,157,53.233333333333334,-0.19813966751098633,-0.3175940420952396
UBFC_PHYS_s04_T3_test,48,158,53.266666666666666,0.10650608688592911,-0.10414206225130358
UBFC_PHYS_s04_T3_test,48,159,53.3,0.2953468859195709,0.042762665871325434
UBFC_PHYS_s04_T3_test,48,160,53.333333333333336,0.4116683006286621,0.10625704929868983
UBFC_PHYS_s04_T3_test,48,161,53.36666666666667,0.4725428819656372,0.09995159924156402
UBFC_PHYS_s04_T3_test,48,162,53.4,0.4983173906803131,0.06258378303293925
UBFC_PHYS_s04_T3_test,48,163,53.43333333333333,0.5150293707847595,0.040017780073927055
UBFC_PHYS_s04_T3_test,48,164,53.46666666666667,0.5224840044975281,0.06260536108791709
UBFC_PHYS_s04_T3_test,48,165,53.5,0.4944000542163849,0.12972456770086369
UBFC_PHYS_s04_T3_test,48,166,53.53333333333333,0.43041694164276123,0.2092100821451273
UBFC_PHYS_s04_T3_test,48,167,53.56666666666667,0.36213645339012146,0.2513088609619263
UBFC_PHYS_s04_T3_test,48,168,53.6,0.2840334177017212,0.2106451263021347
UBFC_PHYS_s04_T3_test,48,169,53.63333333333333,0.1570221483707428,0.06712162921885831
UBFC_PHYS_s04_T3_test,48,170,53.666666666666664,-0.011393954046070576,-0.1627784995177528
UBFC_PHYS_s04_T3_test,48,171,53.7,-0.1598823368549347,-0.4290186972771264
UBFC_PHYS_s04_T3_test,48,172,53.733333333333334,-0.2641691565513611,-0.6638069855326503
UBFC_PHYS_s04_T3_test,48,173,53.766666666666666,-0.36917707324028015,-0.80309193106559
UBFC_PHYS_s04_T3_test,48,174,53.8,-0.523668110370636,-0.8050461630330175
UBFC_PHYS_s04_T3_test,48,175,53.833333333333336,-0.7256251573562622,-0.6594080116394437
UBFC_PHYS_s04_T3_test,48,176,53.86666666666667,-0.8854367733001709,-0.38640853167306244
UBFC_PHYS_s04_T3_test,48,177,53.9,-0.842024564743042,-0.028135576001521043
UBFC_PHYS_s04_T3_test,48,178,53.93333333333333,-0.5365992188453674,0.3633713167742158
UBFC_PHYS_s04_T3_test,48,179,53.96666666666667,-0.12997612357139587,0.7375036275363817
UBFC_PHYS_s04_T3_test,48,180,54.0,0.17209705710411072,1.0530679688675124
UBFC_PHYS_s04_T3_test,48,181,54.03333333333333,0.33582600951194763,1.2810954883413472
UBFC_PHYS_s04_T3_test,48,182,54.06666666666667,0.44127243757247925,1.4024580113792253
UBFC_PHYS_s04_T3_test,48,183,54.1,0.5059182047843933,1.4028546000130004
UBFC_PHYS_s04_T3_test,48,184,54.13333333333333,0.5185569524765015,1.2700201517804262
UBFC_PHYS_s04_T3_test,48,185,54.166666666666664,0.5100401639938354,0.9972106832394726
UBFC_PHYS_s04_T3_test,48,186,54.2,0.5127881169319153,0.5922171605534938
UBFC_PHYS_s04_T3_test,48,187,54.233333333333334,0.5092411041259766,0.08618880064633704
UBFC_PHYS_s04_T3_test,48,188,54.266666666666666,0.46616992354393005,-0.4642606566533687
UBFC_PHYS_s04_T3_test,48,189,54.3,0.3793357014656067,-0.984521709469695
UBFC_PHYS_s04_T3_test,48,190,54.333333333333336,0.2660351097583771,-1.3965483040713973
UBFC_PHYS_s04_T3_test,48,191,54.36666666666667,0.1324559897184372,-1.6348565570319167
UBFC_PHYS_s04_T3_test,48,192,54.4,-0.03329983726143837,-1.6592682345557153
UBFC_PHYS_s04_T3_test,48,193,54.43333333333333,-0.22658419609069824,-1.462644252865389
UBFC_PHYS_s04_T3_test,48,194,54.46666666666667,-0.4009055197238922,-1.0736362314691088
UBFC_PHYS_s04_T3_test,48,195,54.5,-0.5262991786003113,-0.5543509066246012
UBFC_PHYS_s04_T3_test,48,196,54.53333333333333,-0.6449203491210938,0.008074166646905627
UBFC_PHYS_s04_T3_test,48,197,54.56666666666667,-0.8219896554946899,0.5168688410257237
UBFC_PHYS_s04_T3_test,48,198,54.6,-1.0586472749710083,0.8866422021939553
UBFC_PHYS_s04_T3_test,48,199,54.63333333333333,-1.2427424192428589,1.0648560930549305
UBFC_PHYS_s04_T3_test,48,200,54.666666666666664,-1.1980925798416138,1.0456384450170164
UBFC_PHYS_s04_T3_test,48,201,54.7,-0.8745033740997314,0.8691056927935558
UBFC_PHYS_s04_T3_test,48,202,54.733333333333334,-0.44019579887390137,0.6057929426091087
UBFC_PHYS_s04_T3_test,48,203,54.766666666666666,-0.09882260113954544,0.33291718398831754
UBFC_PHYS_s04_T3_test,48,204,54.8,0.10936126112937927,0.11203016249352638
UBFC_PHYS_s04_T3_test,48,205,54.833333333333336,0.2431352734565735,-0.02440503059350766
UBFC_PHYS_s04_T3_test,48,206,54.86666666666667,0.33397454023361206,-0.07465137959253706
UBFC_PHYS_s04_T3_test,48,207,54.9,0.3856794238090515,-0.05962874051602094
UBFC_PHYS_s04_T3_test,48,208,54.93333333333333,0.4042234420776367,-0.010437267540991096
UBFC_PHYS_s04_T3_test,48,209,54.96666666666667,0.40676677227020264,0.043020077838875945
UBFC_PHYS_s04_T3_test,48,210,55.0,0.4134223461151123,0.07925811904975717
UBFC_PHYS_s04_T3_test,48,211,55.03333333333333,0.4166478216648102,0.08790738015158225
UBFC_PHYS_s04_T3_test,48,212,55.06666666666667,0.3838864266872406,0.06857743343622097
UBFC_PHYS_s04_T3_test,48,213,55.1,0.30704042315483093,0.026903113418618455
UBFC_PHYS_s04_T3_test,48,214,55.13333333333333,0.21059802174568176,-0.030371388290933676
UBFC_PHYS_s04_T3_test,48,215,55.166666666666664,0.10724668204784393,-0.0990865278112514
UBFC_PHYS_s04_T3_test,48,216,55.2,-0.015788773074746132,-0.17910730454836757
UBFC_PHYS_s04_T3_test,48,217,55.233333333333334,-0.16423816978931427,-0.27370598988174166
UBFC_PHYS_s04_T3_test,48,218,55.266666666666666,-0.31585457921028137,-0.387060156461708
UBFC_PHYS_s04_T3_test,48,219,55.3,-0.44476601481437683,-0.5198987724130418
UBFC_PHYS_s04_T3_test,48,220,55.333333333333336,-0.5698575973510742,-0.6643631475269037
UBFC_PHYS_s04_T3_test,48,221,55.36666666666667,-0.7507272958755493,-0.8004109122598804
UBFC_PHYS_s04_T3_test,48,222,55.4,-0.9737229943275452,-0.8961468594851099
UBFC_PHYS_s04_T3_test,48,223,55.43333333333333,-1.0698145627975464,-0.913382953089091
UBFC_PHYS_s04_T3_test,48,224,55.46666666666667,-0.8767836093902588,-0.818127384709573
UBFC_PHYS_s04_T3_test,48,225,55.5,-0.46213090419769287,-0.5936263482673163
UBFC_PHYS_s04_T3_test,48,226,55.53333333333333,-0.0584799125790596,-0.2514417371304125
UBFC_PHYS_s04_T3_test,48,227,55.56666666666667,0.1987583190202713,0.16459970179075537
UBFC_PHYS_s04_T3_test,48,228,55.6,0.3354264795780182,0.5847484761490455
UBFC_PHYS_s04_T3_test,48,229,55.63333333333333,0.42162731289863586,0.9292328915546584
UBFC_PHYS_s04_T3_test,48,230,55.666666666666664,0.48865073919296265,1.1291272008428666
UBFC_PHYS_s04_T3_test,48,231,55.7,0.5283113121986389,1.145732017505083
UBFC_PHYS_s04_T3_test,48,232,55.733333333333334,0.5329887270927429,0.9828372728736314
UBFC_PHYS_s04_T3_test,48,233,55.766666666666666,0.519414484500885,0.6883451768770724
UBFC_PHYS_s04_T3_test,48,234,55.8,0.506707489490509,0.34377509887869007
UBFC_PHYS_s04_T3_test,48,235,55.833333333333336,0.4819756746292114,0.04284866112949424
UBFC_PHYS_s04_T3_test,48,236,55.86666666666667,0.415731817483902,-0.1357550470772385
UBFC_PHYS_s04_T3_test,48,237,55.9,0.3080928325653076,-0.15296781957676198
UBFC_PHYS_s04_T3_test,48,238,55.93333333333333,0.18826337158679962,-0.022218309983738617
UBFC_PHYS_s04_T3_test,48,239,55.96666666666667,0.06873597949743271,0.19475777710655193
UBFC_PHYS_s04_T3_test,49,0,49.0,0.872978150844574,0.10213172892917612
UBFC_PHYS_s04_T3_test,49,1,49.03333333333333,0.8891932368278503,0.09310167527577697
UBFC_PHYS_s04_T3_test,49,2,49.06666666666667,0.833541750907898,0.08666904345917387
UBFC_PHYS_s04_T3_test,49,3,49.1,0.7532948851585388,0.07724540645778372
UBFC_PHYS_s04_T3_test,49,4,49.13333333333333,0.6534126400947571,0.047571373734510126
UBFC_PHYS_s04_T3_test,49,5,49.166666666666664,0.5082374215126038,-0.022515355595725373
UBFC_PHYS_s04_T3_test,49,6,49.2,0.32361599802970886,-0.14164137514847036
UBFC_PHYS_s04_T3_test,49,7,49.233333333333334,0.13059476017951965,-0.2972198285723433
UBFC_PHYS_s04_T3_test,49,8,49.266666666666666,-0.06637305021286011,-0.45680975791509704
UBFC_PHYS_s04_T3_test,49,9,49.3,-0.2936563491821289,-0.5786178361618667
UBFC_PHYS_s04_T3_test,49,10,49.333333333333336,-0.5764352083206177,-0.6251655051627354
UBFC_PHYS_s04_T3_test,49,11,49.36666666666667,-0.8704106211662292,-0.5749432668194625
UBFC_PHYS_s04_T3_test,49,12,49.4,-0.9976069927215576,-0.4293413643355152
UBFC_PHYS_s04_T3_test,49,13,49.43333333333333,-0.7953478693962097,-0.2139645127168007
UBFC_PHYS_s04_T3_test,49,14,49.46666666666667,-0.35476478934288025,0.025933339149279783
UBFC_PHYS_s04_T3_test,49,15,49.5,0.07621009647846222,0.23549137124841926
UBFC_PHYS_s04_T3_test,49,16,49.53333333333333,0.3829996585845947,0.363632729524514
UBFC_PHYS_s04_T3_test,49,17,49.56666666666667,0.6119200587272644,0.37595086596973976
UBFC_PHYS_s04_T3_test,49,18,49.6,0.7795760631561279,0.26308640493894575
UBFC_PHYS_s04_T3_test,49,19,49.63333333333333,0.8563830852508545,0.042238149210843526
UBFC_PHYS_s04_T3_test,49,20,49.666666666666664,0.8457419872283936,-0.24792335057734624
UBFC_PHYS_s04_T3_test,49,21,49.7,0.7939298748970032,-0.5563057120536193
UBFC_PHYS_s04_T3_test,49,22,49.733333333333334,0.7121336460113525,-0.828796340901806
UBFC_PHYS_s04_T3_test,49,23,49.766666666666666,0.5664907097816467,-1.0153468376762027
UBFC_PHYS_s04_T3_test,49,24,49.8,0.37813711166381836,-1.0744580037834863
UBFC_PHYS_s04_T3_test,49,25,49.833333333333336,0.20922403037548065,-0.9770322053230165
UBFC_PHYS_s04_T3_test,49,26,49.86666666666667,0.05105925351381302,-0.711948379093752
UBFC_PHYS_s04_T3_test,49,27,49.9,-0.1516091525554657,-0.29342797410563415
UBFC_PHYS_s04_T3_test,49,28,49.93333333333333,-0.41993674635887146,0.23351785691971952
UBFC_PHYS_s04_T3_test,49,29,49.96666666666667,-0.7289578318595886,0.7950386488360782
UBFC_PHYS_s04_T3_test,49,30,50.0,-0.9586675763130188,1.3006210829215505
UBFC_PHYS_s04_T3_test,49,31,50.03333333333333,-0.8984361290931702,1.6629801782000413
UBFC_PHYS_s04_T3_test,49,32,50.06666666666667,-0.5249836444854736,1.8188009716442377
UBFC_PHYS_s04_T3_test,49,33,50.1,-0.059756457805633545,1.7427846390569992
UBFC_PHYS_s04_T3_test,49,34,50.13333333333333,0.2975784242153168,1.4508748404746794
UBFC_PHYS_s04_T3_test,49,35,50.166666666666664,0.5402971506118774,0.9937669521577447
UBFC_PHYS_s04_T3_test,49,36,50.2,0.7182142734527588,0.4454549244036477
UBFC_PHYS_s04_T3_test,49,37,50.233333333333334,0.8177457451820374,-0.10879794109136667
UBFC_PHYS_s04_T3_test,49,38,50.266666666666666,0.8163522481918335,-0.5843684789474404
UBFC_PHYS_s04_T3_test,49,39,50.3,0.7460156679153442,-0.9105578952420543
UBFC_PHYS_s04_T3_test,49,40,50.333333333333336,0.6601071357727051,-1.0442756029459808
UBFC_PHYS_s04_T3_test,49,41,50.36666666666667,0.5782816410064697,-0.9795731199007551
UBFC_PHYS_s04_T3_test,49,42,50.4,0.4819756746292114,-0.7485272280640856
UBFC_PHYS_s04_T3_test,49,43,50.43333333333333,0.3392268717288971,-0.4124852452426549
UBFC_PHYS_s04_T3_test,49,44,50.46666666666667,0.14006653428077698,-0.04671491670489961
UBFC_PHYS_s04_T3_test,49,45,50.5,-0.08121409267187119,0.27649672039362827
UBFC_PHYS_s04_T3_test,49,46,50.53333333333333,-0.28031596541404724,0.5019662706371978
UBFC_PHYS_s04_T3_test,49,47,50.56666666666667,-0.47760534286499023,0.600205415717235
UBFC_PHYS_s04_T3_test,49,48,50.6,-0.7334501147270203,0.5685875197288115
UBFC_PHYS_s04_T3_test,49,49,50.63333333333333,-1.0081311464309692,0.42460725362803453
UBFC_PHYS_s04_T3_test,49,50,50.666666666666664,-1.1070291996002197,0.19395577502484604
UBFC_PHYS_s04_T3_test,49,51,50.7,-0.8765497207641602,-0.10057401549844684
UBFC_PHYS_s04_T3_test,49,52,50.733333333333334,-0.4157075881958008,-0.4428251607870521
UBFC_PHYS_s04_T3_test,49,53,50.766666666666666,0.03360665589570999,-0.8170184995380655
UBFC_PHYS_s04_T3_test,49,54,50.8,0.36214619874954224,-1.195696019212201
UBFC_PHYS_s04_T3_test,49,55,50.833333333333336,0.605732262134552,-1.5306382954733742
UBFC_PHYS_s04_T3_test,49,56,50.86666666666667,0.7684574723243713,-1.754028198450604
UBFC_PHYS_s04_T3_test,49,57,50.9,0.8222574591636658,-1.791798263910356
UBFC_PHYS_s04_T3_test,49,58,50.93333333333333,0.8001664280891418,-1.5860292485414733
UBFC_PHYS_s04_T3_test,49,59,50.96666666666667,0.7728620767593384,-1.1196627612188372
UBFC_PHYS_s04_T3_test,49,60,51.0,0.7520962953567505,-0.43457270203806786
UBFC_PHYS_s04_T3_test,49,61,51.03333333333333,0.696581244468689,0.36601998121824103
UBFC_PHYS_s04_T3_test,49,62,51.06666666666667,0.6005773544311523,1.1364958448376925
UBFC_PHYS_s04_T3_test,49,63,51.1,0.485746830701828,1.7274356702364264
UBFC_PHYS_s04_T3_test,49,64,51.13333333333333,0.35085219144821167,2.032256573948453
UBFC_PHYS_s04_T3_test,49,65,51.166666666666664,0.1797953099012375,2.022989721412502
UBFC_PHYS_s04_T3_test,49,66,51.2,-0.021752474829554558,1.7573545063902503
UBFC_PHYS_s04_T3_test,49,67,51.233333333333334,-0.2182915210723877,1.3515031253293652
UBFC_PHYS_s04_T3_test,49,68,51.266666666666666,-0.37728458642959595,0.9315832637816555
UBFC_PHYS_s04_T3_test,49,69,51.3,-0.5188153386116028,0.5886801040633047
UBFC_PHYS_s04_T3_test,49,70,51.333333333333336,-0.7075002193450928,0.35631733911719043
UBFC_PHYS_s04_T3_test,49,71,51.36666666666667,-0.9743661284446716,0.21479284972729884
UBFC_PHYS_s04_T3_test,49,72,51.4,-1.2225905656814575,0.11455024030846993
UBFC_PHYS_s04_T3_test,49,73,51.43333333333333,-1.2356873750686646,0.00572720460140529
UBFC_PHYS_s04_T3_test,49,74,51.46666666666667,-0.9018369913101196,-0.1383136708337499
UBFC_PHYS_s04_T3_test,49,75,51.5,-0.38860782980918884,-0.3112005183409705
UBFC_PHYS_s04_T3_test,49,76,51.53333333333333,0.05228707566857338,-0.4790902133795212
UBFC_PHYS_s04_T3_test,49,77,51.56666666666667,0.3675057291984558,-0.5974716974751288
UBFC_PHYS_s04_T3_test,49,78,51.6,0.6065117716789246,-0.6316878361999038
UBFC_PHYS_s04_T3_test,49,79,51.63333333333333,0.7722481489181519,-0.5729110703607765
UBFC_PHYS_s04_T3_test,49,80,51.666666666666664,0.8605538010597229,-0.4432761893586594
UBFC_PHYS_s04_T3_test,49,81,51.7,0.9000194668769836,-0.2880679965533359
UBFC_PHYS_s04_T3_test,49,82,51.733333333333334,0.9004579782485962,-0.15815953858227252
UBFC_PHYS_s04_T3_test,49,83,51.766666666666666,0.8486653566360474,-0.09031485075979091
UBFC_PHYS_s04_T3_test,49,84,51.8,0.7751910090446472,-0.09433046421240916
UBFC_PHYS_s04_T3_test,49,85,51.833333333333336,0.7313402891159058,-0.15279267021956588
UBFC_PHYS_s04_T3_test,49,86,51.86666666666667,0.69130939245224,-0.23248645444566585
UBFC_PHYS_s04_T3_test,49,87,51.9,0.5791489481925964,-0.30074806398794707
UBFC_PHYS_s04_T3_test,49,88,51.93333333333333,0.3987177312374115,-0.33912296333217673
UBFC_PHYS_s04_T3_test,49,89,51.96666666666667,0.23320551216602325,-0.3496923135332769
UBFC_PHYS_s04_T3_test,49,90,52.0,0.11611427366733551,-0.3532031258405144
UBFC_PHYS_s04_T3_test,49,91,52.03333333333333,-0.0038223920855671167,-0.38042732812564445
UBFC_PHYS_s04_T3_test,49,92,52.06666666666667,-0.1617143154144287,-0.4587850113002757
UBFC_PHYS_s04_T3_test,49,93,52.1,-0.33145567774772644,-0.5972583768500422
UBFC_PHYS_s04_T3_test,49,94,52.13333333333333,-0.4782485067844391,-0.7750125373339558
UBFC_PHYS_s04_T3_test,49,95,52.166666666666664,-0.6143904328346252,-0.9401217013960846
UBFC_PHYS_s04_T3_test,49,96,52.2,-0.8041667342185974,-1.0216316041951188
UBFC_PHYS_s04_T3_test,49,97,52.233333333333334,-1.071402907371521,-0.9522145913582135
UBFC_PHYS_s04_T3_test,49,98,52.266666666666666,-1.2629917860031128,-0.6933181263420403
UBFC_PHYS_s04_T3_test,49,99,52.3,-1.1439515352249146,-0.25267363991958364
UBFC_PHYS_s04_T3_test,49,100,52.333333333333336,-0.7218735218048096,0.31346508478511037
UBFC_PHYS_s04_T3_test,49,101,52.36666666666667,-0.24028511345386505,0.9145799712459735
UBFC_PHYS_s04_T3_test,49,102,52.4,0.12260418385267258,1.450407687363704
UBFC_PHYS_s04_T3_test,49,103,52.43333333333333,0.37488240003585815,1.8356548099071839
UBFC_PHYS_s04_T3_test,49,104,52.46666666666667,0.5649705529212952,2.0171446093489527
UBFC_PHYS_s04_T3_test,49,105,52.5,0.6937747597694397,1.981090754467158
UBFC_PHYS_s04_T3_test,49,106,52.53333333333333,0.7633610367774963,1.752160347277893
UBFC_PHYS_s04_T3_test,49,107,52.56666666666667,0.7978180050849915,1.386441605839341
UBFC_PHYS_s04_T3_test,49,108,52.6,0.7939298748970032,0.958693841871851
UBFC_PHYS_s04_T3_test,49,109,52.63333333333333,0.7423321604728699,0.544305826286617
UBFC_PHYS_s04_T3_test,49,110,52.666666666666664,0.6752113103866577,0.2000945852695426
UBFC_PHYS_s04_T3_test,49,111,52.7,0.6235551238059998,-0.04861692491655354
UBFC_PHYS_s04_T3_test,49,112,52.733333333333334,0.5567168593406677,-0.2088844951402757
UBFC_PHYS_s04_T3_test,49,113,52.766666666666666,0.4313037097454071,-0.3092693217317352
UBFC_PHYS_s04_T3_test,49,114,52.8,0.2751463055610657,-0.38373282141764
UBFC_PHYS_s04_T3_test,49,115,52.833333333333336,0.15177954733371735,-0.4586874837804074
UBFC_PHYS_s04_T3_test,49,116,52.86666666666667,0.05867953971028328,-0.5476444759169818
UBFC_PHYS_s04_T3_test,49,117,52.9,-0.06726954877376556,-0.6523007218208567
UBFC_PHYS_s04_T3_test,49,118,52.93333333333333,-0.23827771842479706,-0.7663616378134104
UBFC_PHYS_s04_T3_test,49,119,52.96666666666667,-0.39178457856178284,-0.8790133771394648
UBFC_PHYS_s04_T3_test,49,120,53.0,-0.4989655315876007,-0.9766492468388072
UBFC_PHYS_s04_T3_test,49,121,53.03333333333333,-0.6158910989761353,-1.0431368301585335
UBFC_PHYS_s04_T3_test,49,122,53.06666666666667,-0.8063884973526001,-1.060178060112052
UBFC_PHYS_s04_T3_test,49,123,53.1,-1.0451412200927734,-1.0097342315344584
UBFC_PHYS_s04_T3_test,49,124,53.13333333333333,-1.1740916967391968,-0.8797394177648397
UBFC_PHYS_s04_T3_test,49,125,53.166666666666664,-1.0224460363388062,-0.6723602444397465
UBFC_PHYS_s04_T3_test,49,126,53.2,-0.6250510811805725,-0.41140697421390326
UBFC_PHYS_s04_T3_test,49,127,53.233333333333334,-0.19813966751098633,-0.14339574172637384
UBFC_PHYS_s04_T3_test,49,128,53.266666666666666,0.10650608688592911,0.07283090122287696
UBFC_PHYS_s04_T3_test,49,129,53.3,0.2953468859195709,0.18783997677671585
UBFC_PHYS_s04_T3_test,49,130,53.333333333333336,0.4116683006286621,0.18590329709911008
UBFC_PHYS_s04_T3_test,49,131,53.36666666666667,0.4725428819656372,0.09798807292598395
UBFC_PHYS_s04_T3_test,49,132,53.4,0.4983173906803131,-0.006076990058415275
UBFC_PHYS_s04_T3_test,49,133,53.43333333333333,0.5150293707847595,-0.04470194631410204
UBFC_PHYS_s04_T3_test,49,134,53.46666666666667,0.5224840044975281,0.04124164018002665
UBFC_PHYS_s04_T3_test,49,135,53.5,0.4944000542163849,0.263102296702947
UBFC_PHYS_s04_T3_test,49,136,53.53333333333333,0.43041694164276123,0.5791264388251386
UBFC_PHYS_s04_T3_test,49,137,53.56666666666667,0.36213645339012146,0.9101079116021387
UBFC_PHYS_s04_T3_test,49,138,53.6,0.2840334177017212,1.1676825302264964
UBFC_PHYS_s04_T3_test,49,139,53.63333333333333,0.1570221483707428,1.2827497651262556
UBFC_PHYS_s04_T3_test,49,140,53.666666666666664,-0.011393954046070576,1.2236391338860781
UBFC_PHYS_s04_T3_test,49,141,53.7,-0.1598823368549347,0.999918426052935
UBFC_PHYS_s04_T3_test,49,142,53.733333333333334,-0.2641691565513611,0.6543074617114129
UBFC_PHYS_s04_T3_test,49,143,53.766666666666666,-0.36917707324028015,0.2486154429888107
UBFC_PHYS_s04_T3_test,49,144,53.8,-0.523668110370636,-0.15100070126752985
UBFC_PHYS_s04_T3_test,49,145,53.833333333333336,-0.7256251573562622,-0.486365258873897
UBFC_PHYS_s04_T3_test,49,146,53.86666666666667,-0.8854367733001709,-0.7153567273538598
UBFC_PHYS_s04_T3_test,49,147,53.9,-0.842024564743042,-0.8148179815283779
UBFC_PHYS_s04_T3_test,49,148,53.93333333333333,-0.5365992188453674,-0.7792547235745858
UBFC_PHYS_s04_T3_test,49,149,53.96666666666667,-0.12997612357139587,-0.6179850955220043
UBFC_PHYS_s04_T3_test,49,150,54.0,0.17209705710411072,-0.3534073233918451
UBFC_PHYS_s04_T3_test,49,151,54.03333333333333,0.33582600951194763,-0.021379436437785043
UBFC_PHYS_s04_T3_test,49,152,54.06666666666667,0.44127243757247925,0.32767911133565447
UBFC_PHYS_s04_T3_test,49,153,54.1,0.5059182047843933,0.630519059735155
UBFC_PHYS_s04_T3_test,49,154,54.13333333333333,0.5185569524765015,0.8197123657586092
UBFC_PHYS_s04_T3_test,49,155,54.166666666666664,0.5100401639938354,0.8400724489425306
UBFC_PHYS_s04_T3_test,49,156,54.2,0.5127881169319153,0.6672892558813445
UBFC_PHYS_s04_T3_test,49,157,54.233333333333334,0.5092411041259766,0.3193915303579732
UBFC_PHYS_s04_T3_test,49,158,54.266666666666666,0.46616992354393005,-0.14518218774094271
UBFC_PHYS_s04_T3_test,49,159,54.3,0.3793357014656067,-0.6418742243729394
UBFC_PHYS_s04_T3_test,49,160,54.333333333333336,0.2660351097583771,-1.0800778145973648
UBFC_PHYS_s04_T3_test,49,161,54.36666666666667,0.1324559897184372,-1.3816065251509095
UBFC_PHYS_s04_T3_test,49,162,54.4,-0.03329983726143837,-1.493581300810564
UBFC_PHYS_s04_T3_test,49,163,54.43333333333333,-0.22658419609069824,-1.3956624208019954
UBFC_PHYS_s04_T3_test,49,164,54.46666666666667,-0.4009055197238922,-1.102747875400115
UBFC_PHYS_s04_T3_test,49,165,54.5,-0.5262991786003113,-0.6632397800393894
UBFC_PHYS_s04_T3_test,49,166,54.53333333333333,-0.6449203491210938,-0.15193518682611526
UBFC_PHYS_s04_T3_test,49,167,54.56666666666667,-0.8219896554946899,0.34329880834384746
UBFC_PHYS_s04_T3_test,49,168,54.6,-1.0586472749710083,0.7402703435527399
UBFC_PHYS_s04_T3_test,49,169,54.63333333333333,-1.2427424192428589,0.9825526616081448
UBFC_PHYS_s04_T3_test,49,170,54.666666666666664,-1.1980925798416138,1.0534869523809403
UBFC_PHYS_s04_T3_test,49,171,54.7,-0.8745033740997314,0.977170618823538
UBFC_PHYS_s04_T3_test,49,172,54.733333333333334,-0.44019579887390137,0.8055167206372039
UBFC_PHYS_s04_T3_test,49,173,54.766666666666666,-0.09882260113954544,0.5974816111445896
UBFC_PHYS_s04_T3_test,49,174,54.8,0.10936126112937927,0.3993631679708555
UBFC_PHYS_s04_T3_test,49,175,54.833333333333336,0.2431352734565735,0.23350293241387016
UBFC_PHYS_s04_T3_test,49,176,54.86666666666667,0.33397454023361206,0.09892412175255606
UBFC_PHYS_s04_T3_test,49,177,54.9,0.3856794238090515,-0.017599050416835606
UBFC_PHYS_s04_T3_test,49,178,54.93333333333333,0.4042234420776367,-0.12650845103941646
UBFC_PHYS_s04_T3_test,49,179,54.96666666666667,0.40676677227020264,-0.22476586206014365
UBFC_PHYS_s04_T3_test,49,180,55.0,0.4134223461151123,-0.29478146057386495
UBFC_PHYS_s04_T3_test,49,181,55.03333333333333,0.4166478216648102,-0.3127560564503588
UBFC_PHYS_s04_T3_test,49,182,55.06666666666667,0.3838864266872406,-0.26182314081971936
UBFC_PHYS_s04_T3_test,49,183,55.1,0.30704042315483093,-0.14365647390271918
UBFC_PHYS_s04_T3_test,49,184,55.13333333333333,0.21059802174568176,0.016829158278437943
UBFC_PHYS_s04_T3_test,49,185,55.166666666666664,0.10724668204784393,0.17604886749252127
UBFC_PHYS_s04_T3_test,49,186,55.2,-0.015788773074746132,0.2841207598840596
UBFC_PHYS_s04_T3_test,49,187,55.233333333333334,-0.16423816978931427,0.30058443504580373
UBFC_PHYS_s04_T3_test,49,188,55.266666666666666,-0.31585457921028137,0.20804126148242388
UBFC_PHYS_s04_T3_test,49,189,55.3,-0.44476601481437683,0.019233454792543313
UBFC_PHYS_s04_T3_test,49,190,55.333333333333336,-0.5698575973510742,-0.22480639558034185
UBFC_PHYS_s04_T3_test,49,191,55.36666666666667,-0.7507272958755493,-0.4651980827965903
UBFC_PHYS_s04_T3_test,49,192,55.4,-0.9737229943275452,-0.6412240430136629
UBFC_PHYS_s04_T3_test,49,193,55.43333333333333,-1.0698145627975464,-0.7070834746657173
UBFC_PHYS_s04_T3_test,49,194,55.46666666666667,-0.8767836093902588,-0.6443217999869111
UBFC_PHYS_s04_T3_test,49,195,55.5,-0.46213090419769287,-0.4661711748355354
UBFC_PHYS_s04_T3_test,49,196,55.53333333333333,-0.0584799125790596,-0.21247505787810686
UBFC_PHYS_s04_T3_test,49,197,55.56666666666667,0.1987583190202713,0.06309531829592262
UBFC_PHYS_s04_T3_test,49,198,55.6,0.3354264795780182,0.3090251842132475
UBFC_PHYS_s04_T3_test,49,199,55.63333333333333,0.42162731289863586,0.48928837353118665
UBFC_PHYS_s04_T3_test,49,200,55.666666666666664,0.48865073919296265,0.5892637105756373
UBFC_PHYS_s04_T3_test,49,201,55.7,0.5283113121986389,0.6130675864823794
UBFC_PHYS_s04_T3_test,49,202,55.733333333333334,0.5329887270927429,0.5756879191912538
UBFC_PHYS_s04_T3_test,49,203,55.766666666666666,0.519414484500885,0.49551086874388733
UBFC_PHYS_s04_T3_test,49,204,55.8,0.506707489490509,0.3907996952324412
UBFC_PHYS_s04_T3_test,49,205,55.833333333333336,0.4819756746292114,0.2796139111739494
UBFC_PHYS_s04_T3_test,49,206,55.86666666666667,0.415731817483902,0.18005050593326438
UBFC_PHYS_s04_T3_test,49,207,55.9,0.3080928325653076,0.10810710393877913
UBFC_PHYS_s04_T3_test,49,208,55.93333333333333,0.18826337158679962,0.07314882078690113
UBFC_PHYS_s04_T3_test,49,209,55.96666666666667,0.06873597949743271,0.07335564604698708
UBFC_PHYS_s04_T3_test,49,210,56.0,-0.06513547897338867,0.09367550795604833
UBFC_PHYS_s04_T3_test,49,211,56.03333333333333,-0.21567022800445557,0.10743897743524729
UBFC_PHYS_s04_T3_test,49,212,56.06666666666667,-0.35822412371635437,0.08160840677076303
UBFC_PHYS_s04_T3_test,49,213,56.1,-0.4785310924053192,-0.014748290029680856
UBFC_PHYS_s04_T3_test,49,214,56.13333333333333,-0.5969768166542053,-0.1993859975562295
UBFC_PHYS_s04_T3_test,49,215,56.166666666666664,-0.7592440843582153,-0.4653576669142138
UBFC_PHYS_s04_T3_test,49,216,56.2,-0.9502481818199158,-0.7739528094993463
UBFC_PHYS_s04_T3_test,49,217,56.233333333333334,-1.0079265832901,-1.0578074385956744
UBFC_PHYS_s04_T3_test,49,218,56.266666666666666,-0.7643015384674072,-1.2362752703068356
UBFC_PHYS_s04_T3_test,49,219,56.3,-0.31794965267181396,-1.239283137526327
UBFC_PHYS_s04_T3_test,49,220,56.333333333333336,0.07630754262208939,-1.0316565723837128
UBFC_PHYS_s04_T3_test,49,221,56.36666666666667,0.3203905522823334,-0.6293416626128276
UBFC_PHYS_s04_T3_test,49,222,56.4,0.4699898064136505,-0.10188242890240691
UBFC_PHYS_s04_T3_test,49,223,56.43333333333333,0.5662665367126465,0.4401134729791066
UBFC_PHYS_s04_T3_test,49,224,56.46666666666667,0.6144731640815735,0.8701333973300956
UBFC_PHYS_s04_T3_test,49,225,56.5,0.6284371614456177,1.0788434523262858
UBFC_PHYS_s04_T3_test,49,226,56.53333333333333,0.6160712838172913,1.0085117270780553
UBFC_PHYS_s04_T3_test,49,227,56.56666666666667,0.585346519947052,0.6789259527814548
UBFC_PHYS_s04_T3_test,49,228,56.6,0.5533062219619751,0.1918085597638762
UBFC_PHYS_s04_T3_test,49,229,56.63333333333333,0.5193267464637756,-0.2950256008512107
UBFC_PHYS_s04_T3_test,49,230,56.666666666666664,0.4611709415912628,-0.6182008666546787
UBFC_PHYS_s04_T3_test,49,231,56.7,0.3710625171661377,-0.6647356675397139
UBFC_PHYS_s04_T3_test,49,232,56.733333333333334,0.2592236399650574,-0.4120418023282871
UBFC_PHYS_s04_T3_test,49,233,56.766666666666666,0.1261025071144104,0.062089357769065205
UBFC_PHYS_s04_T3_test,49,234,56.8,-0.03365064412355423,0.6035777659834589
UBFC_PHYS_s04_T3_test,49,235,56.833333333333336,-0.19834430515766144,1.0331277698820995
UBFC_PHYS_s04_T3_test,49,236,56.86666666666667,-0.33726346492767334,1.2062210353750267
UBFC_PHYS_s04_T3_test,49,237,56.9,-0.46213090419769287,1.059724206026359
UBFC_PHYS_s04_T3_test,49,238,56.93333333333333,-0.6209485530853271,0.6295816807294615
UBFC_PHYS_s04_T3_test,49,239,56.96666666666667,-0.8297170996665955,0.036901143066661805
UBFC_PHYS_s04_T3_test,50,0,50.0,-0.9586675763130188,0.12190801799257399
UBFC_PHYS_s04_T3_test,50,1,50.03333333333333,-0.8984361290931702,0.47273021023490236
UBFC_PHYS_s04_T3_test,50,2,50.06666666666667,-0.5249836444854736,0.8116774195083399
UBFC_PHYS_s04_T3_test,50,3,50.1,-0.059756457805633545,1.1203083215243537
UBFC_PHYS_s04_T3_test,50,4,50.13333333333333,0.2975784242153168,1.3635922911560456
UBFC_PHYS_s04_T3_test,50,5,50.166666666666664,0.5402971506118774,1.4974432633434975
UBFC_PHYS_s04_T3_test,50,6,50.2,0.7182142734527588,1.4857556997097403
UBFC_PHYS_s04_T3_test,50,7,50.233333333333334,0.8177457451820374,1.318327082799276
UBFC_PHYS_s04_T3_test,50,8,50.266666666666666,0.8163522481918335,1.0192377585825443
UBFC_PHYS_s04_T3_test,50,9,50.3,0.7460156679153442,0.6398957011928141
UBFC_PHYS_s04_T3_test,50,10,50.333333333333336,0.6601071357727051,0.24047275898370868
UBFC_PHYS_s04_T3_test,50,11,50.36666666666667,0.5782816410064697,-0.12923930053492758
UBFC_PHYS_s04_T3_test,50,12,50.4,0.4819756746292114,-0.4393777189977322
UBFC_PHYS_s04_T3_test,50,13,50.43333333333333,0.3392268717288971,-0.6772477610404146
UBFC_PHYS_s04_T3_test,50,14,50.46666666666667,0.14006653428077698,-0.8376657960249891
UBFC_PHYS_s04_T3_test,50,15,50.5,-0.08121409267187119,-0.9149813055791756
UBFC_PHYS_s04_T3_test,50,16,50.53333333333333,-0.28031596541404724,-0.9018994645576562
UBFC_PHYS_s04_T3_test,50,17,50.56666666666667,-0.47760534286499023,-0.7946105205726718
UBFC_PHYS_s04_T3_test,50,18,50.6,-0.7334501147270203,-0.6009170350261875
UBFC_PHYS_s04_T3_test,50,19,50.63333333333333,-1.0081311464309692,-0.3478954165152338
UBFC_PHYS_s04_T3_test,50,20,50.666666666666664,-1.1070291996002197,-0.0857576182705697
UBFC_PHYS_s04_T3_test,50,21,50.7,-0.8765497207641602,0.11585888681123123
UBFC_PHYS_s04_T3_test,50,22,50.733333333333334,-0.4157075881958008,0.18263097940315567
UBFC_PHYS_s04_T3_test,50,23,50.766666666666666,0.03360665589570999,0.060685161169487196
UBFC_PHYS_s04_T3_test,50,24,50.8,0.36214619874954224,-0.2563304095323108
UBFC_PHYS_s04_T3_test,50,25,50.833333333333336,0.605732262134552,-0.7115751560425875
UBFC_PHYS_s04_T3_test,50,26,50.86666666666667,0.7684574723243713,-1.19041568526544
UBFC_PHYS_s04_T3_test,50,27,50.9,0.8222574591636658,-1.5472952916339655
UBFC_PHYS_s04_T3_test,50,28,50.93333333333333,0.8001664280891418,-1.6459851188933345
UBFC_PHYS_s04_T3_test,50,29,50.96666666666667,0.7728620767593384,-1.4009223860931321
UBFC_PHYS_s04_T3_test,50,30,51.0,0.7520962953567505,-0.8076446011565815
UBFC_PHYS_s04_T3_test,50,31,51.03333333333333,0.696581244468689,0.04703880700625644
UBFC_PHYS_s04_T3_test,50,32,51.06666666666667,0.6005773544311523,1.0008807576055088
UBFC_PHYS_s04_T3_test,50,33,51.1,0.485746830701828,1.8571935642522033
UBFC_PHYS_s04_T3_test,50,34,51.13333333333333,0.35085219144821167,2.4400887951072314
UBFC_PHYS_s04_T3_test,50,35,51.166666666666664,0.1797953099012375,2.6447802169699335
UBFC_PHYS_s04_T3_test,50,36,51.2,-0.021752474829554558,2.4636489102586605
UBFC_PHYS_s04_T3_test,50,37,51.233333333333334,-0.2182915210723877,1.9785278918844713
UBFC_PHYS_s04_T3_test,50,38,51.266666666666666,-0.37728458642959595,1.3250471433393511
UBFC_PHYS_s04_T3_test,50,39,51.3,-0.5188153386116028,0.6462903762303772
UBFC_PHYS_s04_T3_test,50,40,51.333333333333336,-0.7075002193450928,0.05364958580226961
UBFC_PHYS_s04_T3_test,50,41,51.36666666666667,-0.9743661284446716,-0.39429123411099687
UBFC_PHYS_s04_T3_test,50,42,51.4,-1.2225905656814575,-0.6921536866892555
UBFC_PHYS_s04_T3_test,50,43,51.43333333333333,-1.2356873750686646,-0.8712226981153599
UBFC_PHYS_s04_T3_test,50,44,51.46666666666667,-0.9018369913101196,-0.9742060354237053
UBFC_PHYS_s04_T3_test,50,45,51.5,-0.38860782980918884,-1.0315454449925372
UBFC_PHYS_s04_T3_test,50,46,51.53333333333333,0.05228707566857338,-1.048485061843421
UBFC_PHYS_s04_T3_test,50,47,51.56666666666667,0.3675057291984558,-1.0075974337586782
UBFC_PHYS_s04_T3_test,50,48,51.6,0.6065117716789246,-0.884503082186079
UBFC_PHYS_s04_T3_test,50,49,51.63333333333333,0.7722481489181519,-0.6683834102955323
UBFC_PHYS_s04_T3_test,50,50,51.666666666666664,0.8605538010597229,-0.3768338366879285
UBFC_PHYS_s04_T3_test,50,51,51.7,0.9000194668769836,-0.05746146989530262
UBFC_PHYS_s04_T3_test,50,52,51.733333333333334,0.9004579782485962,0.22501118562991682
UBFC_PHYS_s04_T3_test,50,53,51.766666666666666,0.8486653566360474,0.41034426594605844
UBFC_PHYS_s04_T3_test,50,54,51.8,0.7751910090446472,0.4629354245016978
UBFC_PHYS_s04_T3_test,50,55,51.833333333333336,0.7313402891159058,0.38149502341047786
UBFC_PHYS_s04_T3_test,50,56,51.86666666666667,0.69130939245224,0.1955551001588328
UBFC_PHYS_s04_T3_test,50,57,51.9,0.5791489481925964,-0.04695764138293813
UBFC_PHYS_s04_T3_test,50,58,51.93333333333333,0.3987177312374115,-0.29405647771673876
UBFC_PHYS_s04_T3_test,50,59,51.96666666666667,0.23320551216602325,-0.5005471547928958
UBFC_PHYS_s04_T3_test,50,60,52.0,0.11611427366733551,-0.6336274914518955
UBFC_PHYS_s04_T3_test,50,61,52.03333333333333,-0.0038223920855671167,-0.6744070948223453
UBFC_PHYS_s04_T3_test,50,62,52.06666666666667,-0.1617143154144287,-0.6173486700050013
UBFC_PHYS_s04_T3_test,50,63,52.1,-0.33145567774772644,-0.4689518690191203
UBFC_PHYS_s04_T3_test,50,64,52.13333333333333,-0.4782485067844391,-0.24616889304058567
UBFC_PHYS_s04_T3_test,50,65,52.166666666666664,-0.6143904328346252,0.02536273683443412
UBFC_PHYS_s04_T3_test,50,66,52.2,-0.8041667342185974,0.31331245200453395
UBFC_PHYS_s04_T3_test,50,67,52.233333333333334,-1.071402907371521,0.5812572351215369
UBFC_PHYS_s04_T3_test,50,68,52.266666666666666,-1.2629917860031128,0.7927849799089707
UBFC_PHYS_s04_T3_test,50,69,52.3,-1.1439515352249146,0.9174889707115957
UBFC_PHYS_s04_T3_test,50,70,52.333333333333336,-0.7218735218048096,0.9373219345021576
UBFC_PHYS_s04_T3_test,50,71,52.36666666666667,-0.24028511345386505,0.8504610872679057
UBFC_PHYS_s04_T3_test,50,72,52.4,0.12260418385267258,0.6709140717932304
UBFC_PHYS_s04_T3_test,50,73,52.43333333333333,0.37488240003585815,0.42454890728792716
UBFC_PHYS_s04_T3_test,50,74,52.46666666666667,0.5649705529212952,0.14392290023391918
UBFC_PHYS_s04_T3_test,50,75,52.5,0.6937747597694397,-0.13589671613319237
UBFC_PHYS_s04_T3_test,50,76,52.53333333333333,0.7633610367774963,-0.38006831033330674
UBFC_PHYS_s04_T3_test,50,77,52.56666666666667,0.7978180050849915,-0.5565190816936233
UBFC_PHYS_s04_T3_test,50,78,52.6,0.7939298748970032,-0.6397434190563248
UBFC_PHYS_s04_T3_test,50,79,52.63333333333333,0.7423321604728699,-0.6159848712098266
UBFC_PHYS_s04_T3_test,50,80,52.666666666666664,0.6752113103866577,-0.48815780257154073
UBFC_PHYS_s04_T3_test,50,81,52.7,0.6235551238059998,-0.27796809869389894
UBFC_PHYS_s04_T3_test,50,82,52.733333333333334,0.5567168593406677,-0.02342545394406551
UBFC_PHYS_s04_T3_test,50,83,52.766666666666666,0.4313037097454071,0.22815481125664416
UBFC_PHYS_s04_T3_test,50,84,52.8,0.2751463055610657,0.42967425175127927
UBFC_PHYS_s04_T3_test,50,85,52.833333333333336,0.15177954733371735,0.5436229304161482
UBFC_PHYS_s04_T3_test,50,86,52.86666666666667,0.05867953971028328,0.5493614684957092
UBFC_PHYS_s04_T3_test,50,87,52.9,-0.06726954877376556,0.4472315559506315
UBFC_PHYS_s04_T3_test,50,88,52.93333333333333,-0.23827771842479706,0.25847886903232486
UBFC_PHYS_s04_T3_test,50,89,52.96666666666667,-0.39178457856178284,0.02042351945674916
UBFC_PHYS_s04_T3_test,50,90,53.0,-0.4989655315876007,-0.22186755536412708
UBFC_PHYS_s04_T3_test,50,91,53.03333333333333,-0.6158910989761353,-0.42439840287574915
UBFC_PHYS_s04_T3_test,50,92,53.06666666666667,-0.8063884973526001,-0.5507699032895684
UBFC_PHYS_s04_T3_test,50,93,53.1,-1.0451412200927734,-0.5760237412529355
UBFC_PHYS_s04_T3_test,50,94,53.13333333333333,-1.1740916967391968,-0.4901865550819181
UBFC_PHYS_s04_T3_test,50,95,53.166666666666664,-1.0224460363388062,-0.3038467470798046
UBFC_PHYS_s04_T3_test,50,96,53.2,-0.6250510811805725,-0.05407728751152296
UBFC_PHYS_s04_T3_test,50,97,53.233333333333334,-0.19813966751098633,0.19538741434357892
UBFC_PHYS_s04_T3_test,50,98,53.266666666666666,0.10650608688592911,0.3659014509130179
UBFC_PHYS_s04_T3_test,50,99,53.3,0.2953468859195709,0.38789026958133266
UBFC_PHYS_s04_T3_test,50,100,53.333333333333336,0.4116683006286621,0.22845583853233123
UBFC_PHYS_s04_T3_test,50,101,53.36666666666667,0.4725428819656372,-0.09074267133089246
UBFC_PHYS_s04_T3_test,50,102,53.4,0.4983173906803131,-0.49451328236360076
UBFC_PHYS_s04_T3_test,50,103,53.43333333333333,0.5150293707847595,-0.8739008063490956
UBFC_PHYS_s04_T3_test,50,104,53.46666666666667,0.5224840044975281,-1.1168136842084666
UBFC_PHYS_s04_T3_test,50,105,53.5,0.4944000542163849,-1.1389127466765332
UBFC_PHYS_s04_T3_test,50,106,53.53333333333333,0.43041694164276123,-0.9061665580177638
UBFC_PHYS_s04_T3_test,50,107,53.56666666666667,0.36213645339012146,-0.44422322943673626
UBFC_PHYS_s04_T3_test,50,108,53.6,0.2840334177017212,0.16719219410569178
UBFC_PHYS_s04_T3_test,50,109,53.63333333333333,0.1570221483707428,0.813499480094165
UBFC_PHYS_s04_T3_test,50,110,53.666666666666664,-0.011393954046070576,1.3726632148252553
UBFC_PHYS_s04_T3_test,50,111,53.7,-0.1598823368549347,1.742559500286484
UBFC_PHYS_s04_T3_test,50,112,53.733333333333334,-0.2641691565513611,1.8609124332695748
UBFC_PHYS_s04_T3_test,50,113,53.766666666666666,-0.36917707324028015,1.7138274718132875
UBFC_PHYS_s04_T3_test,50,114,53.8,-0.523668110370636,1.3328259085152594
UBFC_PHYS_s04_T3_test,50,115,53.833333333333336,-0.7256251573562622,0.7836617621176087
UBFC_PHYS_s04_T3_test,50,116,53.86666666666667,-0.8854367733001709,0.15231744462044813
UBFC_PHYS_s04_T3_test,50,117,53.9,-0.842024564743042,-0.4672094516696864
UBFC_PHYS_s04_T3_test,50,118,53.93333333333333,-0.5365992188453674,-0.9825383176153626
UBFC_PHYS_s04_T3_test,50,119,53.96666666666667,-0.12997612357139587,-1.312766138899921
UBFC_PHYS_s04_T3_test,50,120,54.0,0.17209705710411072,-1.4014132670834558
UBFC_PHYS_s04_T3_test,50,121,54.03333333333333,0.33582600951194763,-1.2317923993405455
UBFC_PHYS_s04_T3_test,50,122,54.06666666666667,0.44127243757247925,-0.8394871764010418
UBFC_PHYS_s04_T3_test,50,123,54.1,0.5059182047843933,-0.31393061264337163
UBFC_PHYS_s04_T3_test,50,124,54.13333333333333,0.5185569524765015,0.217169256290342
UBFC_PHYS_s04_T3_test,50,125,54.166666666666664,0.5100401639938354,0.6198522127709017
UBFC_PHYS_s04_T3_test,50,126,54.2,0.5127881169319153,0.7922806604697059
UBFC_PHYS_s04_T3_test,50,127,54.233333333333334,0.5092411041259766,0.6942768391636376
UBFC_PHYS_s04_T3_test,50,128,54.266666666666666,0.46616992354393005,0.3566643651684698
UBFC_PHYS_s04_T3_test,50,129,54.3,0.3793357014656067,-0.13112865503611498
UBFC_PHYS_s04_T3_test,50,130,54.333333333333336,0.2660351097583771,-0.6476025073486057
UBFC_PHYS_s04_T3_test,50,131,54.36666666666667,0.1324559897184372,-1.0689964319855922
UBFC_PHYS_s04_T3_test,50,132,54.4,-0.03329983726143837,-1.2948984663987144
UBFC_PHYS_s04_T3_test,50,133,54.43333333333333,-0.22658419609069824,-1.2671565050017095
UBFC_PHYS_s04_T3_test,50,134,54.46666666666667,-0.4009055197238922,-0.9812050144882044
UBFC_PHYS_s04_T3_test,50,135,54.5,-0.5262991786003113,-0.4878734726496718
UBFC_PHYS_s04_T3_test,50,136,54.53333333333333,-0.6449203491210938,0.11661172553772087
UBFC_PHYS_s04_T3_test,50,137,54.56666666666667,-0.8219896554946899,0.7125440994757851
UBFC_PHYS_s04_T3_test,50,138,54.6,-1.0586472749710083,1.1862645965442407
UBFC_PHYS_s04_T3_test,50,139,54.63333333333333,-1.2427424192428589,1.458486052481067
UBFC_PHYS_s04_T3_test,50,140,54.666666666666664,-1.1980925798416138,1.5011081833502367
UBFC_PHYS_s04_T3_test,50,141,54.7,-0.8745033740997314,1.3363282533203285
UBFC_PHYS_s04_T3_test,50,142,54.733333333333334,-0.44019579887390137,1.020594886096224
UBFC_PHYS_s04_T3_test,50,143,54.766666666666666,-0.09882260113954544,0.6229899061632564
UBFC_PHYS_s04_T3_test,50,144,54.8,0.10936126112937927,0.20768057014927316
UBFC_PHYS_s04_T3_test,50,145,54.833333333333336,0.2431352734565735,-0.17500619182816599
UBFC_PHYS_s04_T3_test,50,146,54.86666666666667,0.33397454023361206,-0.489730002242432
UBFC_PHYS_s04_T3_test,50,147,54.9,0.3856794238090515,-0.7133000165962169
UBFC_PHYS_s04_T3_test,50,148,54.93333333333333,0.4042234420776367,-0.8317075595313829
UBFC_PHYS_s04_T3_test,50,149,54.96666666666667,0.40676677227020264,-0.8390954896972058
UBFC_PHYS_s04_T3_test,50,150,55.0,0.4134223461151123,-0.7387138801773406
UBFC_PHYS_s04_T3_test,50,151,55.03333333333333,0.4166478216648102,-0.5447841749914657
UBFC_PHYS_s04_T3_test,50,152,55.06666666666667,0.3838864266872406,-0.284072320234604
UBFC_PHYS_s04_T3_test,50,153,55.1,0.30704042315483093,0.004110434050964415
UBFC_PHYS_s04_T3_test,50,154,55.13333333333333,0.21059802174568176,0.27122349790747974
UBFC_PHYS_s04_T3_test,50,155,55.166666666666664,0.10724668204784393,0.4672664912291882
UBFC_PHYS_s04_T3_test,50,156,55.2,-0.015788773074746132,0.5516439932829363
UBFC_PHYS_s04_T3_test,50,157,55.233333333333334,-0.16423816978931427,0.5034910183652946
UBFC_PHYS_s04_T3_test,50,158,55.266666666666666,-0.31585457921028137,0.3279030805796197
UBFC_PHYS_s04_T3_test,50,159,55.3,-0.44476601481437683,0.05617021435185164
UBFC_PHYS_s04_T3_test,50,160,55.333333333333336,-0.5698575973510742,-0.2602463213076359
UBFC_PHYS_s04_T3_test,50,161,55.36666666666667,-0.7507272958755493,-0.5606933281448612
UBFC_PHYS_s04_T3_test,50,162,55.4,-0.9737229943275452,-0.7882832122133243
UBFC_PHYS_s04_T3_test,50,163,55.43333333333333,-1.0698145627975464,-0.9010278109972746
UBFC_PHYS_s04_T3_test,50,164,55.46666666666667,-0.8767836093902588,-0.8782573249651563
UBFC_PHYS_s04_T3_test,50,165,55.5,-0.46213090419769287,-0.7215794212238589
UBFC_PHYS_s04_T3_test,50,166,55.53333333333333,-0.0584799125790596,-0.4517397778857799
UBFC_PHYS_s04_T3_test,50,167,55.56666666666667,0.1987583190202713,-0.1036348433939234
UBFC_PHYS_s04_T3_test,50,168,55.6,0.3354264795780182,0.2788910134254249
UBFC_PHYS_s04_T3_test,50,169,55.63333333333333,0.42162731289863586,0.6479174055760298
UBFC_PHYS_s04_T3_test,50,170,55.666666666666664,0.48865073919296265,0.9559928624215981
UBFC_PHYS_s04_T3_test,50,171,55.7,0.5283113121986389,1.1607035122835423
UBFC_PHYS_s04_T3_test,50,172,55.733333333333334,0.5329887270927429,1.2300278657041104
UBFC_PHYS_s04_T3_test,50,173,55.766666666666666,0.519414484500885,1.148578839727615
UBFC_PHYS_s04_T3_test,50,174,55.8,0.506707489490509,0.9227593886321928
UBFC_PHYS_s04_T3_test,50,175,55.833333333333336,0.4819756746292114,0.5817186352468692
UBFC_PHYS_s04_T3_test,50,176,55.86666666666667,0.415731817483902,0.17268996224624478
UBFC_PHYS_s04_T3_test,50,177,55.9,0.3080928325653076,-0.24773818432982095
UBFC_PHYS_s04_T3_test,50,178,55.93333333333333,0.18826337158679962,-0.623242723917691
UBFC_PHYS_s04_T3_test,50,179,55.96666666666667,0.06873597949743271,-0.9056754360322973
UBFC_PHYS_s04_T3_test,50,180,56.0,-0.06513547897338867,-1.0606055706408855
UBFC_PHYS_s04_T3_test,50,181,56.03333333333333,-0.21567022800445557,-1.0713793016529642
UBFC_PHYS_s04_T3_test,50,182,56.06666666666667,-0.35822412371635437,-0.9423893557359341
UBFC_PHYS_s04_T3_test,50,183,56.1,-0.4785310924053192,-0.7006615950549616
UBFC_PHYS_s04_T3_test,50,184,56.13333333333333,-0.5969768166542053,-0.3934006809740223
UBFC_PHYS_s04_T3_test,50,185,56.166666666666664,-0.7592440843582153,-0.07954080514608361
UBFC_PHYS_s04_T3_test,50,186,56.2,-0.9502481818199158,0.1839192315375466
UBFC_PHYS_s04_T3_test,50,187,56.233333333333334,-1.0079265832901,0.35681443832097
UBFC_PHYS_s04_T3_test,50,188,56.266666666666666,-0.7643015384674072,0.4265971754766498
UBFC_PHYS_s04_T3_test,50,189,56.3,-0.31794965267181396,0.410811582867642
UBFC_PHYS_s04_T3_test,50,190,56.333333333333336,0.07630754262208939,0.34999072339285386
UBFC_PHYS_s04_T3_test,50,191,56.36666666666667,0.3203905522823334,0.2928889291884575
UBFC_PHYS_s04_T3_test,50,192,56.4,0.4699898064136505,0.2782644893075702
UBFC_PHYS_s04_T3_test,50,193,56.43333333333333,0.5662665367126465,0.3190222281098211
UBFC_PHYS_s04_T3_test,50,194,56.46666666666667,0.6144731640815735,0.39534503987608083
UBFC_PHYS_s04_T3_test,50,195,56.5,0.6284371614456177,0.4618657725178681
UBFC_PHYS_s04_T3_test,50,196,56.53333333333333,0.6160712838172913,0.4686589043513138
UBFC_PHYS_s04_T3_test,50,197,56.56666666666667,0.585346519947052,0.3878806913042062
UBFC_PHYS_s04_T3_test,50,198,56.6,0.5533062219619751,0.2315638760700312
UBFC_PHYS_s04_T3_test,50,199,56.63333333333333,0.5193267464637756,0.04848504728559895
UBFC_PHYS_s04_T3_test,50,200,56.666666666666664,0.4611709415912628,-0.09926647050992378
UBFC_PHYS_s04_T3_test,50,201,56.7,0.3710625171661377,-0.16672832455376044
UBFC_PHYS_s04_T3_test,50,202,56.733333333333334,0.2592236399650574,-0.14793486925530666
UBFC_PHYS_s04_T3_test,50,203,56.766666666666666,0.1261025071144104,-0.08008469931410268
UBFC_PHYS_s04_T3_test,50,204,56.8,-0.03365064412355423,-0.02920252156065645
UBFC_PHYS_s04_T3_test,50,205,56.833333333333336,-0.19834430515766144,-0.06317188393405784
UBFC_PHYS_s04_T3_test,50,206,56.86666666666667,-0.33726346492767334,-0.22208605005408805
UBFC_PHYS_s04_T3_test,50,207,56.9,-0.46213090419769287,-0.49698909928370516
UBFC_PHYS_s04_T3_test,50,208,56.93333333333333,-0.6209485530853271,-0.8259531346001765
UBFC_PHYS_s04_T3_test,50,209,56.96666666666667,-0.8297170996665955,-1.110530446493389
UBFC_PHYS_s04_T3_test,50,210,57.0,-1.0009104013442993,-1.2471848449624547
UBFC_PHYS_s04_T3_test,50,211,57.03333333333333,-0.9607918858528137,-1.1618748151731062
UBFC_PHYS_s04_T3_test,50,212,57.06666666666667,-0.6581924557685852,-0.8353930704566165
UBFC_PHYS_s04_T3_test,50,213,57.1,-0.2540445029735565,-0.3117262906682162
UBFC_PHYS_s04_T3_test,50,214,57.13333333333333,0.05224809795618057,0.3116826223783668
UBFC_PHYS_s04_T3_test,50,215,57.166666666666664,0.21736077964305878,0.9075492417659174
UBFC_PHYS_s04_T3_test,50,216,57.2,0.3068065643310547,1.3495233915290636
UBFC_PHYS_s04_T3_test,50,217,57.233333333333334,0.360323965549469,1.5427580010249244
UBFC_PHYS_s04_T3_test,50,218,57.266666666666666,0.3788289725780487,1.4468498043441331
UBFC_PHYS_s04_T3_test,50,219,57.3,0.368753045797348,1.0850095985009829
UBFC_PHYS_s04_T3_test,50,220,57.333333333333336,0.3403864800930023,0.5368870865759288
UBFC_PHYS_s04_T3_test,50,221,57.36666666666667,0.30686503648757935,-0.08254013753327799
UBFC_PHYS_s04_T3_test,50,222,57.4,0.2876291573047638,-0.6512372317953387
UBFC_PHYS_s04_T3_test,50,223,57.43333333333333,0.2625270485877991,-1.0670958691482755
UBFC_PHYS_s04_T3_test,50,224,57.46666666666667,0.17504967749118805,-1.26695465108743
UBFC_PHYS_s04_T3_test,50,225,57.5,0.023004520684480667,-1.234616542624426
UBFC_PHYS_s04_T3_test,50,226,57.53333333333333,-0.12979097664356232,-0.9981167976426302
UBFC_PHYS_s04_T3_test,50,227,57.56666666666667,-0.2630290389060974,-0.6183860225459974
UBFC_PHYS_s04_T3_test,50,228,57.6,-0.43055838346481323,-0.1722463441879883
UBFC_PHYS_s04_T3_test,50,229,57.63333333333333,-0.6563994884490967,0.26632964566000583
UBFC_PHYS_s04_T3_test,50,230,57.666666666666664,-0.8344237804412842,0.6413444520163021
UBFC_PHYS_s04_T3_test,50,231,57.7,-0.790573000907898,0.921406337031159
UBFC_PHYS_s04_T3_test,50,232,57.733333333333334,-0.4875546097755432,1.0968667645110726
UBFC_PHYS_s04_T3_test,50,233,57.766666666666666,-0.10111258178949356,1.1712825708004566
UBFC_PHYS_s04_T3_test,50,234,57.8,0.17347104847431183,1.153172896548515
UBFC_PHYS_s04_T3_test,50,235,57.833333333333336,0.3137349784374237,1.0521539239209634
UBFC_PHYS_s04_T3_test,50,236,57.86666666666667,0.3765682280063629,0.8791341614272505
UBFC_PHYS_s04_T3_test,50,237,57.9,0.3845977783203125,0.6473472436128128
UBFC_PHYS_s04_T3_test,50,238,57.93333333333333,0.3486694097518921,0.37210586607226304
UBFC_PHYS_s04_T3_test,50,239,57.96666666666667,0.300326406955719,0.06997106132825993
UBFC_PHYS_s04_T3_test,51,0,51.0,0.7520962953567505,-0.0030287841396376683
UBFC_PHYS_s04_T3_test,51,1,51.03333333333333,0.696581244468689,0.5473330198264328
UBFC_PHYS_s04_T3_test,51,2,51.06666666666667,0.6005773544311523,1.0436593727007264
UBFC_PHYS_s04_T3_test,51,3,51.1,0.485746830701828,1.4366997448491885
UBFC_PHYS_s04_T3_test,51,4,51.13333333333333,0.35085219144821167,1.6859682484919034
UBFC_PHYS_s04_T3_test,51,5,51.166666666666664,0.1797953099012375,1.7702921240628653
UBFC_PHYS_s04_T3_test,51,6,51.2,-0.021752474829554558,1.6964937560591722
UBFC_PHYS_s04_T3_test,51,7,51.233333333333334,-0.2182915210723877,1.4991877678427026
UBFC_PHYS_s04_T3_test,51,8,51.266666666666666,-0.37728458642959595,1.2297842920004933
UBFC_PHYS_s04_T3_test,51,9,51.3,-0.5188153386116028,0.9394790547803954
UBFC_PHYS_s04_T3_test,51,10,51.333333333333336,-0.7075002193450928,0.6638887728569067
UBFC_PHYS_s04_T3_test,51,11,51.36666666666667,-0.9743661284446716,0.41544244627117455
UBFC_PHYS_s04_T3_test,51,12,51.4,-1.2225905656814575,0.18584743202491394
UBFC_PHYS_s04_T3_test,51,13,51.43333333333333,-1.2356873750686646,-0.04307909759820571
UBFC_PHYS_s04_T3_test,51,14,51.46666666666667,-0.9018369913101196,-0.28482979162935845
UBFC_PHYS_s04_T3_test,51,15,51.5,-0.38860782980918884,-0.5356662177625844
UBFC_PHYS_s04_T3_test,51,16,51.53333333333333,0.05228707566857338,-0.7692685136910996
UBFC_PHYS_s04_T3_test,51,17,51.56666666666667,0.3675057291984558,-0.9414570135674325
UBFC_PHYS_s04_T3_test,51,18,51.6,0.6065117716789246,-1.0043831064135769
UBFC_PHYS_s04_T3_test,51,19,51.63333333333333,0.7722481489181519,-0.9256020286394223
UBFC_PHYS_s04_T3_test,51,20,51.666666666666664,0.8605538010597229,-0.7043600113024477
UBFC_PHYS_s04_T3_test,51,21,51.7,0.9000194668769836,-0.37742348533972664
UBFC_PHYS_s04_T3_test,51,22,51.733333333333334,0.9004579782485962,-0.010884425057892404
UBFC_PHYS_s04_T3_test,51,23,51.766666666666666,0.8486653566360474,0.31916090905909417
UBFC_PHYS_s04_T3_test,51,24,51.8,0.7751910090446472,0.5487912264848641
UBFC_PHYS_s04_T3_test,51,25,51.833333333333336,0.7313402891159058,0.6421577718564999
UBFC_PHYS_s04_T3_test,51,26,51.86666666666667,0.69130939245224,0.596288795388034
UBFC_PHYS_s04_T3_test,51,27,51.9,0.5791489481925964,0.4357706159211722
UBFC_PHYS_s04_T3_test,51,28,51.93333333333333,0.3987177312374115,0.20149987492340704
UBFC_PHYS_s04_T3_test,51,29,51.96666666666667,0.23320551216602325,-0.06175309482793884
UBFC_PHYS_s04_T3_test,51,30,52.0,0.11611427366733551,-0.3148871435490613
UBFC_PHYS_s04_T3_test,51,31,52.03333333333333,-0.0038223920855671167,-0.5286583390276884
UBFC_PHYS_s04_T3_test,51,32,52.06666666666667,-0.1617143154144287,-0.682622382741388
UBFC_PHYS_s04_T3_test,51,33,52.1,-0.33145567774772644,-0.7614133515267091
UBFC_PHYS_s04_T3_test,51,34,52.13333333333333,-0.4782485067844391,-0.7520674835474624
UBFC_PHYS_s04_T3_test,51,35,52.166666666666664,-0.6143904328346252,-0.6453754693481295
UBFC_PHYS_s04_T3_test,51,36,52.2,-0.8041667342185974,-0.44189611538007123
UBFC_PHYS_s04_T3_test,51,37,52.233333333333334,-1.071402907371521,-0.16005592360220983
UBFC_PHYS_s04_T3_test,51,38,52.266666666666666,-1.2629917860031128,0.1588363126136518
UBFC_PHYS_s04_T3_test,51,39,52.3,-1.1439515352249146,0.4537598329864671
UBFC_PHYS_s04_T3_test,51,40,52.333333333333336,-0.7218735218048096,0.656906928222818
UBFC_PHYS_s04_T3_test,51,41,52.36666666666667,-0.24028511345386505,0.7128839747122558
UBFC_PHYS_s04_T3_test,51,42,52.4,0.12260418385267258,0.5971448038898414
UBFC_PHYS_s04_T3_test,51,43,52.43333333333333,0.37488240003585815,0.3265194316058629
UBFC_PHYS_s04_T3_test,51,44,52.46666666666667,0.5649705529212952,-0.041947988102779596
UBFC_PHYS_s04_T3_test,51,45,52.5,0.6937747597694397,-0.4232132495163698
UBFC_PHYS_s04_T3_test,51,46,52.53333333333333,0.7633610367774963,-0.7238315699728727
UBFC_PHYS_s04_T3_test,51,47,52.56666666666667,0.7978180050849915,-0.8640505323952086
UBFC_PHYS_s04_T3_test,51,48,52.6,0.7939298748970032,-0.7973827296796656
UBFC_PHYS_s04_T3_test,51,49,52.63333333333333,0.7423321604728699,-0.5231625758335475
UBFC_PHYS_s04_T3_test,51,50,52.666666666666664,0.6752113103866577,-0.08871454735434799
UBFC_PHYS_s04_T3_test,51,51,52.7,0.6235551238059998,0.42024863796684575
UBFC_PHYS_s04_T3_test,51,52,52.733333333333334,0.5567168593406677,0.8994192059927179
UBFC_PHYS_s04_T3_test,51,53,52.766666666666666,0.4313037097454071,1.2509173827080162
UBFC_PHYS_s04_T3_test,51,54,52.8,0.2751463055610657,1.406153870401795
UBFC_PHYS_s04_T3_test,51,55,52.833333333333336,0.15177954733371735,1.3396499106367625
UBFC_PHYS_s04_T3_test,51,56,52.86666666666667,0.05867953971028328,1.0708301534729954
UBFC_PHYS_s04_T3_test,51,57,52.9,-0.06726954877376556,0.6553381124897155
UBFC_PHYS_s04_T3_test,51,58,52.93333333333333,-0.23827771842479706,0.16983074786866026
UBFC_PHYS_s04_T3_test,51,59,52.96666666666667,-0.39178457856178284,-0.30517991832886315
UBFC_PHYS_s04_T3_test,51,60,53.0,-0.4989655315876007,-0.699928999850715
UBFC_PHYS_s04_T3_test,51,61,53.03333333333333,-0.6158910989761353,-0.9642678678007143
UBFC_PHYS_s04_T3_test,51,62,53.06666666666667,-0.8063884973526001,-1.0705803756294452
UBFC_PHYS_s04_T3_test,51,63,53.1,-1.0451412200927734,-1.013204717324978
UBFC_PHYS_s04_T3_test,51,64,53.13333333333333,-1.1740916967391968,-0.8072542839902059
UBFC_PHYS_s04_T3_test,51,65,53.166666666666664,-1.0224460363388062,-0.48814594700443376
UBFC_PHYS_s04_T3_test,51,66,53.2,-0.6250510811805725,-0.11085410440192071
UBFC_PHYS_s04_T3_test,51,67,53.233333333333334,-0.19813966751098633,0.25413729061797385
UBFC_PHYS_s04_T3_test,51,68,53.266666666666666,0.10650608688592911,0.5317183351081064
UBFC_PHYS_s04_T3_test,51,69,53.3,0.2953468859195709,0.6602279093177913
UBFC_PHYS_s04_T3_test,51,70,53.333333333333336,0.4116683006286621,0.6107867129797142
UBFC_PHYS_s04_T3_test,51,71,53.36666666666667,0.4725428819656372,0.39836471866109624
UBFC_PHYS_s04_T3_test,51,72,53.4,0.4983173906803131,0.07860532974805078
UBFC_PHYS_s04_T3_test,51,73,53.43333333333333,0.5150293707847595,-0.2680004161688979
UBFC_PHYS_s04_T3_test,51,74,53.46666666666667,0.5224840044975281,-0.5574134690606936
UBFC_PHYS_s04_T3_test,51,75,53.5,0.4944000542163849,-0.7212167706772071
UBFC_PHYS_s04_T3_test,51,76,53.53333333333333,0.43041694164276123,-0.7199078157437222
UBFC_PHYS_s04_T3_test,51,77,53.56666666666667,0.36213645339012146,-0.5501734748371363
UBFC_PHYS_s04_T3_test,51,78,53.6,0.2840334177017212,-0.24611362198087697
UBFC_PHYS_s04_T3_test,51,79,53.63333333333333,0.1570221483707428,0.1267250162401121
UBFC_PHYS_s04_T3_test,51,80,53.666666666666664,-0.011393954046070576,0.4846610790216029
UBFC_PHYS_s04_T3_test,51,81,53.7,-0.1598823368549347,0.7442573704301672
UBFC_PHYS_s04_T3_test,51,82,53.733333333333334,-0.2641691565513611,0.841685520339177
UBFC_PHYS_s04_T3_test,51,83,53.766666666666666,-0.36917707324028015,0.7482696745256017
UBFC_PHYS_s04_T3_test,51,84,53.8,-0.523668110370636,0.47772555013335055
UBFC_PHYS_s04_T3_test,51,85,53.833333333333336,-0.7256251573562622,0.08278578585495461
UBFC_PHYS_s04_T3_test,51,86,53.86666666666667,-0.8854367733001709,-0.3572118222017476
UBFC_PHYS_s04_T3_test,51,87,53.9,-0.842024564743042,-0.7531683936219044
UBFC_PHYS_s04_T3_test,51,88,53.93333333333333,-0.5365992188453674,-1.0229196893064276
UBFC_PHYS_s04_T3_test,51,89,53.96666666666667,-0.12997612357139587,-1.1054008981546357
UBFC_PHYS_s04_T3_test,51,90,54.0,0.17209705710411072,-0.9719097308518461
UBFC_PHYS_s04_T3_test,51,91,54.03333333333333,0.33582600951194763,-0.6342089685501514
UBFC_PHYS_s04_T3_test,51,92,54.06666666666667,0.44127243757247925,-0.14743815672954225
UBFC_PHYS_s04_T3_test,51,93,54.1,0.5059182047843933,0.395748013440149
UBFC_PHYS_s04_T3_test,51,94,54.13333333333333,0.5185569524765015,0.8823417216544089
UBFC_PHYS_s04_T3_test,51,95,54.166666666666664,0.5100401639938354,1.205620184794343
UBFC_PHYS_s04_T3_test,51,96,54.2,0.5127881169319153,1.293684341557752
UBFC_PHYS_s04_T3_test,51,97,54.233333333333334,0.5092411041259766,1.1295135073013216
UBFC_PHYS_s04_T3_test,51,98,54.266666666666666,0.46616992354393005,0.7551495325660048
UBFC_PHYS_s04_T3_test,51,99,54.3,0.3793357014656067,0.25933109988499137
UBFC_PHYS_s04_T3_test,51,100,54.333333333333336,0.2660351097583771,-0.2459950735608874
UBFC_PHYS_s04_T3_test,51,101,54.36666666666667,0.1324559897184372,-0.6523721141845952
UBFC_PHYS_s04_T3_test,51,102,54.4,-0.03329983726143837,-0.8783085560694023
UBFC_PHYS_s04_T3_test,51,103,54.43333333333333,-0.22658419609069824,-0.8858760284394191
UBFC_PHYS_s04_T3_test,51,104,54.46666666666667,-0.4009055197238922,-0.6882099764054155
UBFC_PHYS_s04_T3_test,51,105,54.5,-0.5262991786003113,-0.346082885768343
UBFC_PHYS_s04_T3_test,51,106,54.53333333333333,-0.6449203491210938,0.047222050546383953
UBFC_PHYS_s04_T3_test,51,107,54.56666666666667,-0.8219896554946899,0.3907964086910914
UBFC_PHYS_s04_T3_test,51,108,54.6,-1.0586472749710083,0.6047942881010929
UBFC_PHYS_s04_T3_test,51,109,54.63333333333333,-1.2427424192428589,0.6533954297344928
UBFC_PHYS_s04_T3_test,51,110,54.666666666666664,-1.1980925798416138,0.5521740783332109
UBFC_PHYS_s04_T3_test,51,111,54.7,-0.8745033740997314,0.35570602675343926
UBFC_PHYS_s04_T3_test,51,112,54.733333333333334,-0.44019579887390137,0.13172547845453664
UBFC_PHYS_s04_T3_test,51,113,54.766666666666666,-0.09882260113954544,-0.06458020733418149
UBFC_PHYS_s04_T3_test,51,114,54.8,0.10936126112937927,-0.20474844564534841
UBFC_PHYS_s04_T3_test,51,115,54.833333333333336,0.2431352734565735,-0.2866671422302243
UBFC_PHYS_s04_T3_test,51,116,54.86666666666667,0.33397454023361206,-0.3241463188199712
UBFC_PHYS_s04_T3_test,51,117,54.9,0.3856794238090515,-0.3340630294779897
UBFC_PHYS_s04_T3_test,51,118,54.93333333333333,0.4042234420776367,-0.3273799376619774
UBFC_PHYS_s04_T3_test,51,119,54.96666666666667,0.40676677227020264,-0.30663716536148783
UBFC_PHYS_s04_T3_test,51,120,55.0,0.4134223461151123,-0.26897653207897193
UBFC_PHYS_s04_T3_test,51,121,55.03333333333333,0.4166478216648102,-0.21170322889491108
UBFC_PHYS_s04_T3_test,51,122,55.06666666666667,0.3838864266872406,-0.13703339562170905
UBFC_PHYS_s04_T3_test,51,123,55.1,0.30704042315483093,-0.053640389767153726
UBFC_PHYS_s04_T3_test,51,124,55.13333333333333,0.21059802174568176,0.025688127947279826
UBFC_PHYS_s04_T3_test,51,125,55.166666666666664,0.10724668204784393,0.08899250924267774
UBFC_PHYS_s04_T3_test,51,126,55.2,-0.015788773074746132,0.12983100156647406
UBFC_PHYS_s04_T3_test,51,127,55.233333333333334,-0.16423816978931427,0.1489223686629319
UBFC_PHYS_s04_T3_test,51,128,55.266666666666666,-0.31585457921028137,0.15198459524901575
UBFC_PHYS_s04_T3_test,51,129,55.3,-0.44476601481437683,0.14546843332624687
UBFC_PHYS_s04_T3_test,51,130,55.333333333333336,-0.5698575973510742,0.13294309568101764
UBFC_PHYS_s04_T3_test,51,131,55.36666666666667,-0.7507272958755493,0.11425080529670105
UBFC_PHYS_s04_T3_test,51,132,55.4,-0.9737229943275452,0.08785046937425574
UBFC_PHYS_s04_T3_test,51,133,55.43333333333333,-1.0698145627975464,0.05472754251181485
UBFC_PHYS_s04_T3_test,51,134,55.46666666666667,-0.8767836093902588,0.02087613972796453
UBFC_PHYS_s04_T3_test,51,135,55.5,-0.46213090419769287,-0.003892943787674817
UBFC_PHYS_s04_T3_test,51,136,55.53333333333333,-0.0584799125790596,-0.010155998799132886
UBFC_PHYS_s04_T3_test,51,137,55.56666666666667,0.1987583190202713,0.00695967034177176
UBFC_PHYS_s04_T3_test,51,138,55.6,0.3354264795780182,0.04621489462611946
UBFC_PHYS_s04_T3_test,51,139,55.63333333333333,0.42162731289863586,0.10139267442653543
UBFC_PHYS_s04_T3_test,51,140,55.666666666666664,0.48865073919296265,0.1631976768776684
UBFC_PHYS_s04_T3_test,51,141,55.7,0.5283113121986389,0.2200787646038511
UBFC_PHYS_s04_T3_test,51,142,55.733333333333334,0.5329887270927429,0.2581414946666155
UBFC_PHYS_s04_T3_test,51,143,55.766666666666666,0.519414484500885,0.2619027323701064
UBFC_PHYS_s04_T3_test,51,144,55.8,0.506707489490509,0.21698237619661762
UBFC_PHYS_s04_T3_test,51,145,55.833333333333336,0.4819756746292114,0.1140908417708222
UBFC_PHYS_s04_T3_test,51,146,55.86666666666667,0.415731817483902,-0.04718715894236451
UBFC_PHYS_s04_T3_test,51,147,55.9,0.3080928325653076,-0.2560330291230291
UBFC_PHYS_s04_T3_test,51,148,55.93333333333333,0.18826337158679962,-0.490025520447766
UBFC_PHYS_s04_T3_test,51,149,55.96666666666667,0.06873597949743271,-0.7169900110081354
UBFC_PHYS_s04_T3_test,51,150,56.0,-0.06513547897338867,-0.8993306662907641
UBFC_PHYS_s04_T3_test,51,151,56.03333333333333,-0.21567022800445557,-1.0007097574669854
UBFC_PHYS_s04_T3_test,51,152,56.06666666666667,-0.35822412371635437,-0.9936856545299793
UBFC_PHYS_s04_T3_test,51,153,56.1,-0.4785310924053192,-0.8659149292033858
UBFC_PHYS_s04_T3_test,51,154,56.13333333333333,-0.5969768166542053,-0.6229305357605005
UBFC_PHYS_s04_T3_test,51,155,56.166666666666664,-0.7592440843582153,-0.2870453617072877
UBFC_PHYS_s04_T3_test,51,156,56.2,-0.9502481818199158,0.10650930760212776
UBFC_PHYS_s04_T3_test,51,157,56.233333333333334,-1.0079265832901,0.5145189036428425
UBFC_PHYS_s04_T3_test,51,158,56.266666666666666,-0.7643015384674072,0.890749606437921
UBFC_PHYS_s04_T3_test,51,159,56.3,-0.31794965267181396,1.190920326464045
UBFC_PHYS_s04_T3_test,51,160,56.333333333333336,0.07630754262208939,1.3779989806555624
UBFC_PHYS_s04_T3_test,51,161,56.36666666666667,0.3203905522823334,1.4274741395756436
UBFC_PHYS_s04_T3_test,51,162,56.4,0.4699898064136505,1.3312240864577045
UBFC_PHYS_s04_T3_test,51,163,56.43333333333333,0.5662665367126465,1.0986106445554196
UBFC_PHYS_s04_T3_test,51,164,56.46666666666667,0.6144731640815735,0.7550508482021199
UBFC_PHYS_s04_T3_test,51,165,56.5,0.6284371614456177,0.34008391578010977
UBFC_PHYS_s04_T3_test,51,166,56.53333333333333,0.6160712838172913,-0.09329772985144094
UBFC_PHYS_s04_T3_test,51,167,56.56666666666667,0.585346519947052,-0.47962884543354034
UBFC_PHYS_s04_T3_test,51,168,56.6,0.5533062219619751,-0.7480441423438803
UBFC_PHYS_s04_T3_test,51,169,56.63333333333333,0.5193267464637756,-0.8399235596112543
UBFC_PHYS_s04_T3_test,51,170,56.666666666666664,0.4611709415912628,-0.7325878940268025
UBFC_PHYS_s04_T3_test,51,171,56.7,0.3710625171661377,-0.45648118157130857
UBFC_PHYS_s04_T3_test,51,172,56.733333333333334,0.2592236399650574,-0.09481634427405805
UBFC_PHYS_s04_T3_test,51,173,56.766666666666666,0.1261025071144104,0.23663772975781086
UBFC_PHYS_s04_T3_test,51,174,56.8,-0.03365064412355423,0.4231788552571476
UBFC_PHYS_s04_T3_test,51,175,56.833333333333336,-0.19834430515766144,0.386623037029103
UBFC_PHYS_s04_T3_test,51,176,56.86666666666667,-0.33726346492767334,0.11047610009944019
UBFC_PHYS_s04_T3_test,51,177,56.9,-0.46213090419769287,-0.35329440458702704
UBFC_PHYS_s04_T3_test,51,178,56.93333333333333,-0.6209485530853271,-0.8971359799212832
UBFC_PHYS_s04_T3_test,51,179,56.96666666666667,-0.8297170996665955,-1.3853131249107764
UBFC_PHYS_s04_T3_test,51,180,57.0,-1.0009104013442993,-1.6875347297625591
UBFC_PHYS_s04_T3_test,51,181,57.03333333333333,-0.9607918858528137,-1.710430924369803
UBFC_PHYS_s04_T3_test,51,182,57.06666666666667,-0.6581924557685852,-1.4200856101593666
UBFC_PHYS_s04_T3_test,51,183,57.1,-0.2540445029735565,-0.8510851255414924
UBFC_PHYS_s04_T3_test,51,184,57.13333333333333,0.05224809795618057,-0.10015004476409084
UBFC_PHYS_s04_T3_test,51,185,57.166666666666664,0.21736077964305878,0.6945255976382351
UBFC_PHYS_s04_T3_test,51,186,57.2,0.3068065643310547,1.3837405192586651
UBFC_PHYS_s04_T3_test,51,187,57.233333333333334,0.360323965549469,1.8403811092679563
UBFC_PHYS_s04_T3_test,51,188,57.266666666666666,0.3788289725780487,1.9870491704377613
UBFC_PHYS_s04_T3_test,51,189,57.3,0.368753045797348,1.8113210754196305
UBFC_PHYS_s04_T3_test,51,190,57.333333333333336,0.3403864800930023,1.3648741713639705
UBFC_PHYS_s04_T3_test,51,191,57.36666666666667,0.30686503648757935,0.747361633449549
UBFC_PHYS_s04_T3_test,51,192,57.4,0.2876291573047638,0.08077651394422256
UBFC_PHYS_s04_T3_test,51,193,57.43333333333333,0.2625270485877991,-0.5173503486528258
UBFC_PHYS_s04_T3_test,51,194,57.46666666666667,0.17504967749118805,-0.9547753654133116
UBFC_PHYS_s04_T3_test,51,195,57.5,0.023004520684480667,-1.1760145662536965
UBFC_PHYS_s04_T3_test,51,196,57.53333333333333,-0.12979097664356232,-1.165000966458712
UBFC_PHYS_s04_T3_test,51,197,57.56666666666667,-0.2630290389060974,-0.9418529750588207
UBFC_PHYS_s04_T3_test,51,198,57.6,-0.43055838346481323,-0.556904412582798
UBFC_PHYS_s04_T3_test,51,199,57.63333333333333,-0.6563994884490967,-0.08348933756079453
UBFC_PHYS_s04_T3_test,51,200,57.666666666666664,-0.8344237804412842,0.39126148350206424
UBFC_PHYS_s04_T3_test,51,201,57.7,-0.790573000907898,0.7790810890694982
UBFC_PHYS_s04_T3_test,51,202,57.733333333333334,-0.4875546097755432,1.0063244418876662
UBFC_PHYS_s04_T3_test,51,203,57.766666666666666,-0.10111258178949356,1.0295230924845635
UBFC_PHYS_s04_T3_test,51,204,57.8,0.17347104847431183,0.8457293197666576
UBFC_PHYS_s04_T3_test,51,205,57.833333333333336,0.3137349784374237,0.49348448330622746
UBFC_PHYS_s04_T3_test,51,206,57.86666666666667,0.3765682280063629,0.04344305603779688
UBFC_PHYS_s04_T3_test,51,207,57.9,0.3845977783203125,-0.4184211209654874
UBFC_PHYS_s04_T3_test,51,208,57.93333333333333,0.3486694097518921,-0.8095321105362209
UBFC_PHYS_s04_T3_test,51,209,57.96666666666667,0.300326406955719,-1.0657988917035675
UBFC_PHYS_s04_T3_test,51,210,58.0,0.25789836049079895,-1.1498986394848185
UBFC_PHYS_s04_T3_test,51,211,58.03333333333333,0.21729256212711334,-1.0530564473595245
UBFC_PHYS_s04_T3_test,51,212,58.06666666666667,0.1667570173740387,-0.7931885095429564
UBFC_PHYS_s04_T3_test,51,213,58.1,0.0819399282336235,-0.41212175317277466
UBFC_PHYS_s04_T3_test,51,214,58.13333333333333,-0.054396919906139374,0.02818521487760154
UBFC_PHYS_s04_T3_test,51,215,58.166666666666664,-0.2257266640663147,0.4529313809864585
UBFC_PHYS_s04_T3_test,51,216,58.2,-0.39521467685699463,0.7871366392085352
UBFC_PHYS_s04_T3_test,51,217,58.233333333333334,-0.5438589453697205,0.9723856357920095
UBFC_PHYS_s04_T3_test,51,218,58.266666666666666,-0.71399986743927,0.9829423355986312
UBFC_PHYS_s04_T3_test,51,219,58.3,-0.9585798382759094,0.8345212376013
UBFC_PHYS_s04_T3_test,51,220,58.333333333333336,-1.1673483848571777,0.5798102569661089
UBFC_PHYS_s04_T3_test,51,221,58.36666666666667,-1.1111804246902466,0.28987699977930365
UBFC_PHYS_s04_T3_test,51,222,58.4,-0.7502887845039368,0.028515674958880584
UBFC_PHYS_s04_T3_test,51,223,58.43333333333333,-0.3080004155635834,-0.16845505848624412
UBFC_PHYS_s04_T3_test,51,224,58.46666666666667,0.026171518489718437,-0.299481898594273
UBFC_PHYS_s04_T3_test,51,225,58.5,0.25409796833992004,-0.3874524222306199
UBFC_PHYS_s04_T3_test,51,226,58.53333333333333,0.4198245406150818,-0.4597463369090933
UBFC_PHYS_s04_T3_test,51,227,58.56666666666667,0.5172803997993469,-0.5283473034660783
UBFC_PHYS_s04_T3_test,51,228,58.6,0.5446529984474182,-0.5796450038114527
UBFC_PHYS_s04_T3_test,51,229,58.63333333333333,0.5268593430519104,-0.5787375042467796
UBFC_PHYS_s04_T3_test,51,230,58.666666666666664,0.4840220510959625,-0.48614829363455647
UBFC_PHYS_s04_T3_test,51,231,58.7,0.43052414059638977,-0.2793377340522736
UBFC_PHYS_s04_T3_test,51,232,58.733333333333334,0.3897721767425537,0.030269370509043953
UBFC_PHYS_s04_T3_test,51,233,58.766666666666666,0.3572739064693451,0.3920377017644463
UBFC_PHYS_s04_T3_test,51,234,58.8,0.26725319027900696,0.7257969598107031
UBFC_PHYS_s04_T3_test,51,235,58.833333333333336,0.08678299933671951,0.9441708751325152
UBFC_PHYS_s04_T3_test,51,236,58.86666666666667,-0.1136733889579773,0.9799969583807082
UBFC_PHYS_s04_T3_test,51,237,58.9,-0.2580203115940094,0.808780034188369
UBFC_PHYS_s04_T3_test,51,238,58.93333333333333,-0.37911656498908997,0.4581756037079966
UBFC_PHYS_s04_T3_test,51,239,58.96666666666667,-0.5741354823112488,0.0018154445208075926
UBFC_PHYS_s04_T3_test,52,0,52.0,0.11611427366733551,0.035796382834981405
UBFC_PHYS_s04_T3_test,52,1,52.03333333333333,-0.0038223920855671167,-0.16453252644361532
UBFC_PHYS_s04_T3_test,52,2,52.06666666666667,-0.1617143154144287,-0.33834942525798084
UBFC_PHYS_s04_T3_test,52,3,52.1,-0.33145567774772644,-0.4636103396183258
UBFC_PHYS_s04_T3_test,52,4,52.13333333333333,-0.4782485067844391,-0.529088920050412
UBFC_PHYS_s04_T3_test,52,5,52.166666666666664,-0.6143904328346252,-0.534975125156205
UBFC_PHYS_s04_T3_test,52,6,52.2,-0.8041667342185974,-0.49025549586690464
UBFC_PHYS_s04_T3_test,52,7,52.233333333333334,-1.071402907371521,-0.40911969431666795
UBFC_PHYS_s04_T3_test,52,8,52.266666666666666,-1.2629917860031128,-0.3080042865339041
UBFC_PHYS_s04_T3_test,52,9,52.3,-1.1439515352249146,-0.20323985878290468
UBFC_PHYS_s04_T3_test,52,10,52.333333333333336,-0.7218735218048096,-0.10886084517297329
UBFC_PHYS_s04_T3_test,52,11,52.36666666666667,-0.24028511345386505,-0.03484577500570086
UBFC_PHYS_s04_T3_test,52,12,52.4,0.12260418385267258,0.013418549508673699
UBFC_PHYS_s04_T3_test,52,13,52.43333333333333,0.37488240003585815,0.034079425426614685
UBFC_PHYS_s04_T3_test,52,14,52.46666666666667,0.5649705529212952,0.027037442062505707
UBFC_PHYS_s04_T3_test,52,15,52.5,0.6937747597694397,-0.00666223987895092
UBFC_PHYS_s04_T3_test,52,16,52.53333333333333,0.7633610367774963,-0.06273328971931802
UBFC_PHYS_s04_T3_test,52,17,52.56666666666667,0.7978180050849915,-0.12952024365502166
UBFC_PHYS_s04_T3_test,52,18,52.6,0.7939298748970032,-0.18540597296649625
UBFC_PHYS_s04_T3_test,52,19,52.63333333333333,0.7423321604728699,-0.20187973784015456
UBFC_PHYS_s04_T3_test,52,20,52.666666666666664,0.6752113103866577,-0.15303425347578176
UBFC_PHYS_s04_T3_test,52,21,52.7,0.6235551238059998,-0.02764035201645611
UBFC_PHYS_s04_T3_test,52,22,52.733333333333334,0.5567168593406677,0.16223009813964787
UBFC_PHYS_s04_T3_test,52,23,52.766666666666666,0.4313037097454071,0.38064588576265
UBFC_PHYS_s04_T3_test,52,24,52.8,0.2751463055610657,0.5761251514927576
UBFC_PHYS_s04_T3_test,52,25,52.833333333333336,0.15177954733371735,0.695913869481719
UBFC_PHYS_s04_T3_test,52,26,52.86666666666667,0.05867953971028328,0.7015823299874875
UBFC_PHYS_s04_T3_test,52,27,52.9,-0.06726954877376556,0.5810136843885515
UBFC_PHYS_s04_T3_test,52,28,52.93333333333333,-0.23827771842479706,0.3524043309055036
UBFC_PHYS_s04_T3_test,52,29,52.96666666666667,-0.39178457856178284,0.05843547967203209
UBFC_PHYS_s04_T3_test,52,30,53.0,-0.4989655315876007,-0.24654098208775058
UBFC_PHYS_s04_T3_test,52,31,53.03333333333333,-0.6158910989761353,-0.5100472060126645
UBFC_PHYS_s04_T3_test,52,32,53.06666666666667,-0.8063884973526001,-0.6904540721723379
UBFC_PHYS_s04_T3_test,52,33,53.1,-1.0451412200927734,-0.7603178512944161
UBFC_PHYS_s04_T3_test,52,34,53.13333333333333,-1.1740916967391968,-0.7070609554735025
UBFC_PHYS_s04_T3_test,52,35,53.166666666666664,-1.0224460363388062,-0.5347180223319821
UBFC_PHYS_s04_T3_test,52,36,53.2,-0.6250510811805725,-0.2672286187379416
UBFC_PHYS_s04_T3_test,52,37,53.233333333333334,-0.19813966751098633,0.05049277856029165
UBFC_PHYS_s04_T3_test,52,38,53.266666666666666,0.10650608688592911,0.3587599365047547
UBFC_PHYS_s04_T3_test,52,39,53.3,0.2953468859195709,0.5980165248792764
UBFC_PHYS_s04_T3_test,52,40,53.333333333333336,0.4116683006286621,0.7271536703735765
UBFC_PHYS_s04_T3_test,52,41,53.36666666666667,0.4725428819656372,0.7360022929215776
UBFC_PHYS_s04_T3_test,52,42,53.4,0.4983173906803131,0.6456612294092459
UBFC_PHYS_s04_T3_test,52,43,53.43333333333333,0.5150293707847595,0.49734662547087183
UBFC_PHYS_s04_T3_test,52,44,53.46666666666667,0.5224840044975281,0.3361201806567807
UBFC_PHYS_s04_T3_test,52,45,53.5,0.4944000542163849,0.19707097421321135
UBFC_PHYS_s04_T3_test,52,46,53.53333333333333,0.43041694164276123,0.0984249530210061
UBFC_PHYS_s04_T3_test,52,47,53.56666666666667,0.36213645339012146,0.04165362543866491
UBFC_PHYS_s04_T3_test,52,48,53.6,0.2840334177017212,0.016032238063432215
UBFC_PHYS_s04_T3_test,52,49,53.63333333333333,0.1570221483707428,0.004717897835647031
UBFC_PHYS_s04_T3_test,52,50,53.666666666666664,-0.011393954046070576,-0.009773810556268544
UBFC_PHYS_s04_T3_test,52,51,53.7,-0.1598823368549347,-0.04171603286961385
UBFC_PHYS_s04_T3_test,52,52,53.733333333333334,-0.2641691565513611,-0.10012842564585177
UBFC_PHYS_s04_T3_test,52,53,53.766666666666666,-0.36917707324028015,-0.188408454827379
UBFC_PHYS_s04_T3_test,52,54,53.8,-0.523668110370636,-0.3054227706184661
UBFC_PHYS_s04_T3_test,52,55,53.833333333333336,-0.7256251573562622,-0.44725421337296856
UBFC_PHYS_s04_T3_test,52,56,53.86666666666667,-0.8854367733001709,-0.6077297270510335
UBFC_PHYS_s04_T3_test,52,57,53.9,-0.842024564743042,-0.7760630982404136
UBFC_PHYS_s04_T3_test,52,58,53.93333333333333,-0.5365992188453674,-0.9324077997269958
UBFC_PHYS_s04_T3_test,52,59,53.96666666666667,-0.12997612357139587,-1.0447876512036982
UBFC_PHYS_s04_T3_test,52,60,54.0,0.17209705710411072,-1.0713123881606115
UBFC_PHYS_s04_T3_test,52,61,54.03333333333333,0.33582600951194763,-0.9697527980679607
UBFC_PHYS_s04_T3_test,52,62,54.06666666666667,0.44127243757247925,-0.7134701718665851
UBFC_PHYS_s04_T3_test,52,63,54.1,0.5059182047843933,-0.30879911579630515
UBFC_PHYS_s04_T3_test,52,64,54.13333333333333,0.5185569524765015,0.19444794290319137
UBFC_PHYS_s04_T3_test,52,65,54.166666666666664,0.5100401639938354,0.7074534342060593
UBFC_PHYS_s04_T3_test,52,66,54.2,0.5127881169319153,1.1241643548540723
UBFC_PHYS_s04_T3_test,52,67,54.233333333333334,0.5092411041259766,1.3537390750659355
UBFC_PHYS_s04_T3_test,52,68,54.266666666666666,0.46616992354393005,1.3501395551747764
UBFC_PHYS_s04_T3_test,52,69,54.3,0.3793357014656067,1.1258279205373525
UBFC_PHYS_s04_T3_test,52,70,54.333333333333336,0.2660351097583771,0.7451943400329804
UBFC_PHYS_s04_T3_test,52,71,54.36666666666667,0.1324559897184372,0.3031887881981058
UBFC_PHYS_s04_T3_test,52,72,54.4,-0.03329983726143837,-0.10140513163518011
UBFC_PHYS_s04_T3_test,52,73,54.43333333333333,-0.22658419609069824,-0.3900419623911741
UBFC_PHYS_s04_T3_test,52,74,54.46666666666667,-0.4009055197238922,-0.5207631236222393
UBFC_PHYS_s04_T3_test,52,75,54.5,-0.5262991786003113,-0.49431156106781454
UBFC_PHYS_s04_T3_test,52,76,54.53333333333333,-0.6449203491210938,-0.3494856953842278
UBFC_PHYS_s04_T3_test,52,77,54.56666666666667,-0.8219896554946899,-0.14899597454825692
UBFC_PHYS_s04_T3_test,52,78,54.6,-1.0586472749710083,0.040822810484073165
UBFC_PHYS_s04_T3_test,52,79,54.63333333333333,-1.2427424192428589,0.17058614818628812
UBFC_PHYS_s04_T3_test,52,80,54.666666666666664,-1.1980925798416138,0.22115778801405417
UBFC_PHYS_s04_T3_test,52,81,54.7,-0.8745033740997314,0.20400634397611966
UBFC_PHYS_s04_T3_test,52,82,54.733333333333334,-0.44019579887390137,0.14923466746039935
UBFC_PHYS_s04_T3_test,52,83,54.766666666666666,-0.09882260113954544,0.08833842408534964
UBFC_PHYS_s04_T3_test,52,84,54.8,0.10936126112937927,0.04063983879806716
UBFC_PHYS_s04_T3_test,52,85,54.833333333333336,0.2431352734565735,0.009205153005300091
UBFC_PHYS_s04_T3_test,52,86,54.86666666666667,0.33397454023361206,-0.013607663086996244
UBFC_PHYS_s04_T3_test,52,87,54.9,0.3856794238090515,-0.035815834734252976
UBFC_PHYS_s04_T3_test,52,88,54.93333333333333,0.4042234420776367,-0.057426975403142184
UBFC_PHYS_s04_T3_test,52,89,54.96666666666667,0.40676677227020264,-0.06897131766580682
UBFC_PHYS_s04_T3_test,52,90,55.0,0.4134223461151123,-0.05766515111107918
UBFC_PHYS_s04_T3_test,52,91,55.03333333333333,0.4166478216648102,-0.017385052206363143
UBFC_PHYS_s04_T3_test,52,92,55.06666666666667,0.3838864266872406,0.043853076766389935
UBFC_PHYS_s04_T3_test,52,93,55.1,0.30704042315483093,0.10416226558301928
UBFC_PHYS_s04_T3_test,52,94,55.13333333333333,0.21059802174568176,0.1367043067664361
UBFC_PHYS_s04_T3_test,52,95,55.166666666666664,0.10724668204784393,0.12287543690386252
UBFC_PHYS_s04_T3_test,52,96,55.2,-0.015788773074746132,0.062318676723710664
UBFC_PHYS_s04_T3_test,52,97,55.233333333333334,-0.16423816978931427,-0.026105020268938694
UBFC_PHYS_s04_T3_test,52,98,55.266666666666666,-0.31585457921028137,-0.11258560895103042
UBFC_PHYS_s04_T3_test,52,99,55.3,-0.44476601481437683,-0.16883775528569114
UBFC_PHYS_s04_T3_test,52,100,55.333333333333336,-0.5698575973510742,-0.17881762576887134
UBFC_PHYS_s04_T3_test,52,101,55.36666666666667,-0.7507272958755493,-0.1439503957390982
UBFC_PHYS_s04_T3_test,52,102,55.4,-0.9737229943275452,-0.08166954033536954
UBFC_PHYS_s04_T3_test,52,103,55.43333333333333,-1.0698145627975464,-0.01821842221951866
UBFC_PHYS_s04_T3_test,52,104,55.46666666666667,-0.8767836093902588,0.021414240078196235
UBFC_PHYS_s04_T3_test,52,105,55.5,-0.46213090419769287,0.022598258722075788
UBFC_PHYS_s04_T3_test,52,106,55.53333333333333,-0.0584799125790596,-0.013970460527479354
UBFC_PHYS_s04_T3_test,52,107,55.56666666666667,0.1987583190202713,-0.07286579561293835
UBFC_PHYS_s04_T3_test,52,108,55.6,0.3354264795780182,-0.12963826205776258
UBFC_PHYS_s04_T3_test,52,109,55.63333333333333,0.42162731289863586,-0.1597882310936779
UBFC_PHYS_s04_T3_test,52,110,55.666666666666664,0.48865073919296265,-0.14835430172353253
UBFC_PHYS_s04_T3_test,52,111,55.7,0.5283113121986389,-0.09687366497429915
UBFC_PHYS_s04_T3_test,52,112,55.733333333333334,0.5329887270927429,-0.024307642586229708
UBFC_PHYS_s04_T3_test,52,113,55.766666666666666,0.519414484500885,0.03970323093150487
UBFC_PHYS_s04_T3_test,52,114,55.8,0.506707489490509,0.06687067523664399
UBFC_PHYS_s04_T3_test,52,115,55.833333333333336,0.4819756746292114,0.0418732940594374
UBFC_PHYS_s04_T3_test,52,116,55.86666666666667,0.415731817483902,-0.03180938575879654
UBFC_PHYS_s04_T3_test,52,117,55.9,0.3080928325653076,-0.1335796887951691
UBFC_PHYS_s04_T3_test,52,118,55.93333333333333,0.18826337158679962,-0.23249058688534335
UBFC_PHYS_s04_T3_test,52,119,55.96666666666667,0.06873597949743271,-0.2952398664109512
UBFC_PHYS_s04_T3_test,52,120,56.0,-0.06513547897338867,-0.2937072142410361
UBFC_PHYS_s04_T3_test,52,121,56.03333333333333,-0.21567022800445557,-0.21265150689140977
UBFC_PHYS_s04_T3_test,52,122,56.06666666666667,-0.35822412371635437,-0.05728118268484336
UBFC_PHYS_s04_T3_test,52,123,56.1,-0.4785310924053192,0.1424517631799808
UBFC_PHYS_s04_T3_test,52,124,56.13333333333333,-0.5969768166542053,0.33538262549652653
UBFC_PHYS_s04_T3_test,52,125,56.166666666666664,-0.7592440843582153,0.4627285855921515
UBFC_PHYS_s04_T3_test,52,126,56.2,-0.9502481818199158,0.47848637654526827
UBFC_PHYS_s04_T3_test,52,127,56.233333333333334,-1.0079265832901,0.368489531456835
UBFC_PHYS_s04_T3_test,52,128,56.266666666666666,-0.7643015384674072,0.1594237861517252
UBFC_PHYS_s04_T3_test,52,129,56.3,-0.31794965267181396,-0.08694024428678025
UBFC_PHYS_s04_T3_test,52,130,56.333333333333336,0.07630754262208939,-0.2929049864818279
UBFC_PHYS_s04_T3_test,52,131,56.36666666666667,0.3203905522823334,-0.39076822925581817
UBFC_PHYS_s04_T3_test,52,132,56.4,0.4699898064136505,-0.346685236350269
UBFC_PHYS_s04_T3_test,52,133,56.43333333333333,0.5662665367126465,-0.1744202145356152
UBFC_PHYS_s04_T3_test,52,134,56.46666666666667,0.6144731640815735,0.06636052081273043
UBFC_PHYS_s04_T3_test,52,135,56.5,0.6284371614456177,0.2886056983451576
UBFC_PHYS_s04_T3_test,52,136,56.53333333333333,0.6160712838172913,0.4093589759185823
UBFC_PHYS_s04_T3_test,52,137,56.56666666666667,0.585346519947052,0.38380261023767587
UBFC_PHYS_s04_T3_test,52,138,56.6,0.5533062219619751,0.22620592518792906
UBFC_PHYS_s04_T3_test,52,139,56.63333333333333,0.5193267464637756,0.005251447125180925
UBFC_PHYS_s04_T3_test,52,140,56.666666666666664,0.4611709415912628,-0.18514649418075949
UBFC_PHYS_s04_T3_test,52,141,56.7,0.3710625171661377,-0.26486549381979313
UBFC_PHYS_s04_T3_test,52,142,56.733333333333334,0.2592236399650574,-0.19899060680705183
UBFC_PHYS_s04_T3_test,52,143,56.766666666666666,0.1261025071144104,-0.010195286455573037
UBFC_PHYS_s04_T3_test,52,144,56.8,-0.03365064412355423,0.2313058335436863
UBFC_PHYS_s04_T3_test,52,145,56.833333333333336,-0.19834430515766144,0.43586800168472384
UBFC_PHYS_s04_T3_test,52,146,56.86666666666667,-0.33726346492767334,0.5293993407915888
UBFC_PHYS_s04_T3_test,52,147,56.9,-0.46213090419769287,0.480894355682621
UBFC_PHYS_s04_T3_test,52,148,56.93333333333333,-0.6209485530853271,0.3111849277384901
UBFC_PHYS_s04_T3_test,52,149,56.96666666666667,-0.8297170996665955,0.08004284652252827
UBFC_PHYS_s04_T3_test,52,150,57.0,-1.0009104013442993,-0.1410098599692937
UBFC_PHYS_s04_T3_test,52,151,57.03333333333333,-0.9607918858528137,-0.2966663508010265
UBFC_PHYS_s04_T3_test,52,152,57.06666666666667,-0.6581924557685852,-0.36459231474030374
UBFC_PHYS_s04_T3_test,52,153,57.1,-0.2540445029735565,-0.35608814229681907
UBFC_PHYS_s04_T3_test,52,154,57.13333333333333,0.05224809795618057,-0.3036342041256897
UBFC_PHYS_s04_T3_test,52,155,57.166666666666664,0.21736077964305878,-0.24334481977391997
UBFC_PHYS_s04_T3_test,52,156,57.2,0.3068065643310547,-0.20092884970145702
UBFC_PHYS_s04_T3_test,52,157,57.233333333333334,0.360323965549469,-0.18612529121800483
UBFC_PHYS_s04_T3_test,52,158,57.266666666666666,0.3788289725780487,-0.19503444344337117
UBFC_PHYS_s04_T3_test,52,159,57.3,0.368753045797348,-0.21608110157122187
UBFC_PHYS_s04_T3_test,52,160,57.333333333333336,0.3403864800930023,-0.23566018058393914
UBFC_PHYS_s04_T3_test,52,161,57.36666666666667,0.30686503648757935,-0.24184837975318244
UBFC_PHYS_s04_T3_test,52,162,57.4,0.2876291573047638,-0.22610716620999294
UBFC_PHYS_s04_T3_test,52,163,57.43333333333333,0.2625270485877991,-0.18350622468135866
UBFC_PHYS_s04_T3_test,52,164,57.46666666666667,0.17504967749118805,-0.11243104339721048
UBFC_PHYS_s04_T3_test,52,165,57.5,0.023004520684480667,-0.014547506972861016
UBFC_PHYS_s04_T3_test,52,166,57.53333333333333,-0.12979097664356232,0.10526270977827926
UBFC_PHYS_s04_T3_test,52,167,57.56666666666667,-0.2630290389060974,0.23984684498984082
UBFC_PHYS_s04_T3_test,52,168,57.6,-0.43055838346481323,0.3814933020449919
UBFC_PHYS_s04_T3_test,52,169,57.63333333333333,-0.6563994884490967,0.52291534881875
UBFC_PHYS_s04_T3_test,52,170,57.666666666666664,-0.8344237804412842,0.6559267134132727
UBFC_PHYS_s04_T3_test,52,171,57.7,-0.790573000907898,0.7679672190261992
UBFC_PHYS_s04_T3_test,52,172,57.733333333333334,-0.4875546097755432,0.8391717841769513
UBFC_PHYS_s04_T3_test,52,173,57.766666666666666,-0.10111258178949356,0.843718975899338
UBFC_PHYS_s04_T3_test,52,174,57.8,0.17347104847431183,0.7571616473229514
UBFC_PHYS_s04_T3_test,52,175,57.833333333333336,0.3137349784374237,0.5672167716466646
UBFC_PHYS_s04_T3_test,52,176,57.86666666666667,0.3765682280063629,0.2819434464601756
UBFC_PHYS_s04_T3_test,52,177,57.9,0.3845977783203125,-0.07008368877227315
UBFC_PHYS_s04_T3_test,52,178,57.93333333333333,0.3486694097518921,-0.44754927486416207
UBFC_PHYS_s04_T3_test,52,179,57.96666666666667,0.300326406955719,-0.8068602164815287
UBFC_PHYS_s04_T3_test,52,180,58.0,0.25789836049079895,-1.1098501757699581
UBFC_PHYS_s04_T3_test,52,181,58.03333333333333,0.21729256212711334,-1.3269358367238175
UBFC_PHYS_s04_T3_test,52,182,58.06666666666667,0.1667570173740387,-1.4375448023490245
UBFC_PHYS_s04_T3_test,52,183,58.1,0.0819399282336235,-1.4308360031260317
UBFC_PHYS_s04_T3_test,52,184,58.13333333333333,-0.054396919906139374,-1.3082580182188919
UBFC_PHYS_s04_T3_test,52,185,58.166666666666664,-0.2257266640663147,-1.0868727002959846
UBFC_PHYS_s04_T3_test,52,186,58.2,-0.39521467685699463,-0.8004834857256106
UBFC_PHYS_s04_T3_test,52,187,58.233333333333334,-0.5438589453697205,-0.49514217775084685
UBFC_PHYS_s04_T3_test,52,188,58.266666666666666,-0.71399986743927,-0.21711420342986593
UBFC_PHYS_s04_T3_test,52,189,58.3,-0.9585798382759094,0.0037800123888428495
UBFC_PHYS_s04_T3_test,52,190,58.333333333333336,-1.1673483848571777,0.16616663682138078
UBFC_PHYS_s04_T3_test,52,191,58.36666666666667,-1.1111804246902466,0.2949118091033553
UBFC_PHYS_s04_T3_test,52,192,58.4,-0.7502887845039368,0.4245971855254857
UBFC_PHYS_s04_T3_test,52,193,58.43333333333333,-0.3080004155635834,0.5789766776072588
UBFC_PHYS_s04_T3_test,52,194,58.46666666666667,0.026171518489718437,0.7582897932465125
UBFC_PHYS_s04_T3_test,52,195,58.5,0.25409796833992004,0.9399653206709854
UBFC_PHYS_s04_T3_test,52,196,58.53333333333333,0.4198245406150818,1.090381994355051
UBFC_PHYS_s04_T3_test,52,197,58.56666666666667,0.5172803997993469,1.1805627438101303
UBFC_PHYS_s04_T3_test,52,198,58.6,0.5446529984474182,1.198501338868621
UBFC_PHYS_s04_T3_test,52,199,58.63333333333333,0.5268593430519104,1.1537444291403682
UBFC_PHYS_s04_T3_test,52,200,58.666666666666664,0.4840220510959625,1.073366372041815
UBFC_PHYS_s04_T3_test,52,201,58.7,0.43052414059638977,0.991286592587287
UBFC_PHYS_s04_T3_test,52,202,58.733333333333334,0.3897721767425537,0.9347095980780932
UBFC_PHYS_s04_T3_test,52,203,58.766666666666666,0.3572739064693451,0.9123729022744661
UBFC_PHYS_s04_T3_test,52,204,58.8,0.26725319027900696,0.9091468218382341
UBFC_PHYS_s04_T3_test,52,205,58.833333333333336,0.08678299933671951,0.8897367975407712
UBFC_PHYS_s04_T3_test,52,206,58.86666666666667,-0.1136733889579773,0.8108015089960412
UBFC_PHYS_s04_T3_test,52,207,58.9,-0.2580203115940094,0.6373046064796631
UBFC_PHYS_s04_T3_test,52,208,58.93333333333333,-0.37911656498908997,0.35712498288295
UBFC_PHYS_s04_T3_test,52,209,58.96666666666667,-0.5741354823112488,-0.011698595958526176
UBFC_PHYS_s04_T3_test,52,210,59.0,-0.8611727356910706,-0.4244603280067912
UBFC_PHYS_s04_T3_test,52,211,59.03333333333333,-1.0827358961105347,-0.8234134937238224
UBFC_PHYS_s04_T3_test,52,212,59.06666666666667,-1.0245411396026611,-1.1563693161244641
UBFC_PHYS_s04_T3_test,52,213,59.1,-0.6666215658187866,-1.3927917782044923
UBFC_PHYS_s04_T3_test,52,214,59.13333333333333,-0.21731705963611603,-1.5315851869156816
UBFC_PHYS_s04_T3_test,52,215,59.166666666666664,0.13151076436042786,-1.5986772815136963
UBFC_PHYS_s04_T3_test,52,216,59.2,0.3717348873615265,-1.6358918312809174
UBFC_PHYS_s04_T3_test,52,217,59.233333333333334,0.5633334517478943,-1.6845274612161079
UBFC_PHYS_s04_T3_test,52,218,59.266666666666666,0.6915627717971802,-1.767945233183244
UBFC_PHYS_s04_T3_test,52,219,59.3,0.7262535691261292,-1.878147915816278
UBFC_PHYS_s04_T3_test,52,220,59.333333333333336,0.7176491022109985,-1.9717437951102277
UBFC_PHYS_s04_T3_test,52,221,59.36666666666667,0.7197831273078918,-1.9790872129837647
UBFC_PHYS_s04_T3_test,52,222,59.4,0.7079532146453857,-1.8258299509309859
UBFC_PHYS_s04_T3_test,52,223,59.43333333333333,0.646844744682312,-1.4607288774183262
UBFC_PHYS_s04_T3_test,52,224,59.46666666666667,0.5639863014221191,-0.8801908017536616
UBFC_PHYS_s04_T3_test,52,225,59.5,0.4819756746292114,-0.1396263351934132
UBFC_PHYS_s04_T3_test,52,226,59.53333333333333,0.35908639430999756,0.6553587056534717
UBFC_PHYS_s04_T3_test,52,227,59.56666666666667,0.17507891356945038,1.3773658545625003
UBFC_PHYS_s04_T3_test,52,228,59.6,-0.021343201398849487,1.9144030261809686
UBFC_PHYS_s04_T3_test,52,229,59.63333333333333,-0.18639741837978363,2.199943434824483
UBFC_PHYS_s04_T3_test,52,230,59.666666666666664,-0.3397873342037201,2.2250252669106008
UBFC_PHYS_s04_T3_test,52,231,59.7,-0.5318828225135803,2.0318115478396344
UBFC_PHYS_s04_T3_test,52,232,59.733333333333334,-0.7834302186965942,1.6953332522411604
UBFC_PHYS_s04_T3_test,52,233,59.766666666666666,-1.0147380828857422,1.3018787606702196
UBFC_PHYS_s04_T3_test,52,234,59.8,-1.0305535793304443,0.9302276262602547
UBFC_PHYS_s04_T3_test,52,235,59.833333333333336,-0.730156421661377,0.638544164531017
UBFC_PHYS_s04_T3_test,52,236,59.86666666666667,-0.2657088041305542,0.4574860108485403
UBFC_PHYS_s04_T3_test,52,237,59.9,0.12862636148929596,0.38904831933908884
UBFC_PHYS_s04_T3_test,52,238,59.93333333333333,0.38742372393608093,0.41008471040237143
UBFC_PHYS_s04_T3_test,52,239,59.96666666666667,0.5721230506896973,0.4792806183326358
UBFC_PHYS_s04_T3_test,53,0,53.0,-0.4989655315876007,0.08871161679704306
UBFC_PHYS_s04_T3_test,53,1,53.03333333333333,-0.6158910989761353,-0.00015441216214639357
UBFC_PHYS_s04_T3_test,53,2,53.06666666666667,-0.8063884973526001,-0.07122488904447721
UBFC_PHYS_s04_T3_test,53,3,53.1,-1.0451412200927734,-0.10772333201630725
UBFC_PHYS_s04_T3_test,53,4,53.13333333333333,-1.1740916967391968,-0.09736540581067249
UBFC_PHYS_s04_T3_test,53,5,53.166666666666664,-1.0224460363388062,-0.035494057182993095
UBFC_PHYS_s04_T3_test,53,6,53.2,-0.6250510811805725,0.07212305593718063
UBFC_PHYS_s04_T3_test,53,7,53.233333333333334,-0.19813966751098633,0.20830246385644183
UBFC_PHYS_s04_T3_test,53,8,53.266666666666666,0.10650608688592911,0.34669779339436957
UBFC_PHYS_s04_T3_test,53,9,53.3,0.2953468859195709,0.45762339363931376
UBFC_PHYS_s04_T3_test,53,10,53.333333333333336,0.4116683006286621,0.5157561211099
UBFC_PHYS_s04_T3_test,53,11,53.36666666666667,0.4725428819656372,0.5066598002115466
UBFC_PHYS_s04_T3_test,53,12,53.4,0.4983173906803131,0.42967308241988217
UBFC_PHYS_s04_T3_test,53,13,53.43333333333333,0.5150293707847595,0.2967051167547245
UBFC_PHYS_s04_T3_test,53,14,53.46666666666667,0.5224840044975281,0.12838426998556382
UBFC_PHYS_s04_T3_test,53,15,53.5,0.4944000542163849,-0.05041931754662197
UBFC_PHYS_s04_T3_test,53,16,53.53333333333333,0.43041694164276123,-0.21459286129765612
UBFC_PHYS_s04_T3_test,53,17,53.56666666666667,0.36213645339012146,-0.3423650585749358
UBFC_PHYS_s04_T3_test,53,18,53.6,0.2840334177017212,-0.41873888729621844
UBFC_PHYS_s04_T3_test,53,19,53.63333333333333,0.1570221483707428,-0.438457257602665
UBFC_PHYS_s04_T3_test,53,20,53.666666666666664,-0.011393954046070576,-0.4076493648128044
UBFC_PHYS_s04_T3_test,53,21,53.7,-0.1598823368549347,-0.34324314906462816
UBFC_PHYS_s04_T3_test,53,22,53.733333333333334,-0.2641691565513611,-0.2696996402161569
UBFC_PHYS_s04_T3_test,53,23,53.766666666666666,-0.36917707324028015,-0.21347947023111927
UBFC_PHYS_s04_T3_test,53,24,53.8,-0.523668110370636,-0.19652382210988228
UBFC_PHYS_s04_T3_test,53,25,53.833333333333336,-0.7256251573562622,-0.23040111728779833
UBFC_PHYS_s04_T3_test,53,26,53.86666666666667,-0.8854367733001709,-0.3124289853992891
UBFC_PHYS_s04_T3_test,53,27,53.9,-0.842024564743042,-0.42449321034720133
UBFC_PHYS_s04_T3_test,53,28,53.93333333333333,-0.5365992188453674,-0.5349792581390912
UBFC_PHYS_s04_T3_test,53,29,53.96666666666667,-0.12997612357139587,-0.6041884260993938
UBFC_PHYS_s04_T3_test,53,30,54.0,0.17209705710411072,-0.5933331805838425
UBFC_PHYS_s04_T3_test,53,31,54.03333333333333,0.33582600951194763,-0.47601873376473014
UBFC_PHYS_s04_T3_test,53,32,54.06666666666667,0.44127243757247925,-0.249105862297801
UBFC_PHYS_s04_T3_test,53,33,54.1,0.5059182047843933,0.06150967023102104
UBFC_PHYS_s04_T3_test,53,34,54.13333333333333,0.5185569524765015,0.40384619924203313
UBFC_PHYS_s04_T3_test,53,35,54.166666666666664,0.5100401639938354,0.7120351117967395
UBFC_PHYS_s04_T3_test,53,36,54.2,0.5127881169319153,0.924180681093765
UBFC_PHYS_s04_T3_test,53,37,54.233333333333334,0.5092411041259766,0.9994854768677152
UBFC_PHYS_s04_T3_test,53,38,54.266666666666666,0.46616992354393005,0.9284924647905343
UBFC_PHYS_s04_T3_test,53,39,54.3,0.3793357014656067,0.733420178882034
UBFC_PHYS_s04_T3_test,53,40,54.333333333333336,0.2660351097583771,0.4598392206103957
UBFC_PHYS_s04_T3_test,53,41,54.36666666666667,0.1324559897184372,0.16392910116724121
UBFC_PHYS_s04_T3_test,53,42,54.4,-0.03329983726143837,-0.10019914435170711
UBFC_PHYS_s04_T3_test,53,43,54.43333333333333,-0.22658419609069824,-0.29034022898566403
UBFC_PHYS_s04_T3_test,53,44,54.46666666666667,-0.4009055197238922,-0.3823476967753904
UBFC_PHYS_s04_T3_test,53,45,54.5,-0.5262991786003113,-0.372797222934821
UBFC_PHYS_s04_T3_test,53,46,54.53333333333333,-0.6449203491210938,-0.2783327198154262
UBFC_PHYS_s04_T3_test,53,47,54.56666666666667,-0.8219896554946899,-0.1314603300366282
UBFC_PHYS_s04_T3_test,53,48,54.6,-1.0586472749710083,0.027293870335853912
UBFC_PHYS_s04_T3_test,53,49,54.63333333333333,-1.2427424192428589,0.15970165479711512
UBFC_PHYS_s04_T3_test,53,50,54.666666666666664,-1.1980925798416138,0.23962448275006654
UBFC_PHYS_s04_T3_test,53,51,54.7,-0.8745033740997314,0.2585650314483226
UBFC_PHYS_s04_T3_test,53,52,54.733333333333334,-0.44019579887390137,0.22486976922681862
UBFC_PHYS_s04_T3_test,53,53,54.766666666666666,-0.09882260113954544,0.15744981375407066
UBFC_PHYS_s04_T3_test,53,54,54.8,0.10936126112937927,0.07731474136828381
UBFC_PHYS_s04_T3_test,53,55,54.833333333333336,0.2431352734565735,0.0007355279161235235
UBFC_PHYS_s04_T3_test,53,56,54.86666666666667,0.33397454023361206,-0.06366862575751854
UBFC_PHYS_s04_T3_test,53,57,54.9,0.3856794238090515,-0.11388200374683745
UBFC_PHYS_s04_T3_test,53,58,54.93333333333333,0.4042234420776367,-0.15102624192997843
UBFC_PHYS_s04_T3_test,53,59,54.96666666666667,0.40676677227020264,-0.17571664295576778
UBFC_PHYS_s04_T3_test,53,60,55.0,0.4134223461151123,-0.186450151733378
UBFC_PHYS_s04_T3_test,53,61,55.03333333333333,0.4166478216648102,-0.1810634457274513
UBFC_PHYS_s04_T3_test,53,62,55.06666666666667,0.3838864266872406,-0.16010568565180391
UBFC_PHYS_s04_T3_test,53,63,55.1,0.30704042315483093,-0.12934281105880113
UBFC_PHYS_s04_T3_test,53,64,55.13333333333333,0.21059802174568176,-0.09902869160629751
UBFC_PHYS_s04_T3_test,53,65,55.166666666666664,0.10724668204784393,-0.07982543474398988
UBFC_PHYS_s04_T3_test,53,66,55.2,-0.015788773074746132,-0.07777421251009628
UBFC_PHYS_s04_T3_test,53,67,55.233333333333334,-0.16423816978931427,-0.09148316243011737
UBFC_PHYS_s04_T3_test,53,68,55.266666666666666,-0.31585457921028137,-0.11296194517393682
UBFC_PHYS_s04_T3_test,53,69,55.3,-0.44476601481437683,-0.1310845255735809
UBFC_PHYS_s04_T3_test,53,70,55.333333333333336,-0.5698575973510742,-0.13560358921633425
UBFC_PHYS_s04_T3_test,53,71,55.36666666666667,-0.7507272958755493,-0.12006849204941727
UBFC_PHYS_s04_T3_test,53,72,55.4,-0.9737229943275452,-0.08296586000311633
UBFC_PHYS_s04_T3_test,53,73,55.43333333333333,-1.0698145627975464,-0.027265669286396555
UBFC_PHYS_s04_T3_test,53,74,55.46666666666667,-0.8767836093902588,0.04096559588047354
UBFC_PHYS_s04_T3_test,53,75,55.5,-0.46213090419769287,0.11417905275424482
UBFC_PHYS_s04_T3_test,53,76,55.53333333333333,-0.0584799125790596,0.1847202105823245
UBFC_PHYS_s04_T3_test,53,77,55.56666666666667,0.1987583190202713,0.24577154369324106
UBFC_PHYS_s04_T3_test,53,78,55.6,0.3354264795780182,0.29180323040530265
UBFC_PHYS_s04_T3_test,53,79,55.63333333333333,0.42162731289863586,0.3185863214851764
UBFC_PHYS_s04_T3_test,53,80,55.666666666666664,0.48865073919296265,0.32301536939617737
UBFC_PHYS_s04_T3_test,53,81,55.7,0.5283113121986389,0.3031263792057357
UBFC_PHYS_s04_T3_test,53,82,55.733333333333334,0.5329887270927429,0.2585879475487573
UBFC_PHYS_s04_T3_test,53,83,55.766666666666666,0.519414484500885,0.1915599199271011
UBFC_PHYS_s04_T3_test,53,84,55.8,0.506707489490509,0.10734627149011579
UBFC_PHYS_s04_T3_test,53,85,55.833333333333336,0.4819756746292114,0.014097630533404572
UBFC_PHYS_s04_T3_test,53,86,55.86666666666667,0.415731817483902,-0.07881161945752824
UBFC_PHYS_s04_T3_test,53,87,55.9,0.3080928325653076,-0.16337380500695942
UBFC_PHYS_s04_T3_test,53,88,55.93333333333333,0.18826337158679962,-0.23546903925862084
UBFC_PHYS_s04_T3_test,53,89,55.96666666666667,0.06873597949743271,-0.2960413822954599
UBFC_PHYS_s04_T3_test,53,90,56.0,-0.06513547897338867,-0.3500505283617164
UBFC_PHYS_s04_T3_test,53,91,56.03333333333333,-0.21567022800445557,-0.40324091387311223
UBFC_PHYS_s04_T3_test,53,92,56.06666666666667,-0.35822412371635437,-0.45783395539713595
UBFC_PHYS_s04_T3_test,53,93,56.1,-0.4785310924053192,-0.5089144862915413
UBFC_PHYS_s04_T3_test,53,94,56.13333333333333,-0.5969768166542053,-0.543191045747942
UBFC_PHYS_s04_T3_test,53,95,56.166666666666664,-0.7592440843582153,-0.5410756915066156
UBFC_PHYS_s04_T3_test,53,96,56.2,-0.9502481818199158,-0.48197209450947603
UBFC_PHYS_s04_T3_test,53,97,56.233333333333334,-1.0079265832901,-0.35150384636790843
UBFC_PHYS_s04_T3_test,53,98,56.266666666666666,-0.7643015384674072,-0.14844070546475382
UBFC_PHYS_s04_T3_test,53,99,56.3,-0.31794965267181396,0.11123546083949752
UBFC_PHYS_s04_T3_test,53,100,56.333333333333336,0.07630754262208939,0.39500141620719503
UBFC_PHYS_s04_T3_test,53,101,56.36666666666667,0.3203905522823334,0.6595293277532334
UBFC_PHYS_s04_T3_test,53,102,56.4,0.4699898064136505,0.8599675973877472
UBFC_PHYS_s04_T3_test,53,103,56.43333333333333,0.5662665367126465,0.9599041656107588
UBFC_PHYS_s04_T3_test,53,104,56.46666666666667,0.6144731640815735,0.9390167079045937
UBFC_PHYS_s04_T3_test,53,105,56.5,0.6284371614456177,0.7966840448262118
UBFC_PHYS_s04_T3_test,53,106,56.53333333333333,0.6160712838172913,0.5518016727343644
UBFC_PHYS_s04_T3_test,53,107,56.56666666666667,0.585346519947052,0.24001365001792205
UBFC_PHYS_s04_T3_test,53,108,56.6,0.5533062219619751,-0.09120623830624738
UBFC_PHYS_s04_T3_test,53,109,56.63333333333333,0.5193267464637756,-0.38997866795535124
UBFC_PHYS_s04_T3_test,53,110,56.666666666666664,0.4611709415912628,-0.6094690849314172
UBFC_PHYS_s04_T3_test,53,111,56.7,0.3710625171661377,-0.7174488226145114
UBFC_PHYS_s04_T3_test,53,112,56.733333333333334,0.2592236399650574,-0.703579622717714
UBFC_PHYS_s04_T3_test,53,113,56.766666666666666,0.1261025071144104,-0.5823049686352845
UBFC_PHYS_s04_T3_test,53,114,56.8,-0.03365064412355423,-0.38971277728552356
UBFC_PHYS_s04_T3_test,53,115,56.833333333333336,-0.19834430515766144,-0.17413282793083218
UBFC_PHYS_s04_T3_test,53,116,56.86666666666667,-0.33726346492767334,0.017179507965489657
UBFC_PHYS_s04_T3_test,53,117,56.9,-0.46213090419769287,0.15085497607126722
UBFC_PHYS_s04_T3_test,53,118,56.93333333333333,-0.6209485530853271,0.2154225702216654
UBFC_PHYS_s04_T3_test,53,119,56.96666666666667,-0.8297170996665955,0.2220974272723664
UBFC_PHYS_s04_T3_test,53,120,57.0,-1.0009104013442993,0.19828241100953875
UBFC_PHYS_s04_T3_test,53,121,57.03333333333333,-0.9607918858528137,0.1760371727235994
UBFC_PHYS_s04_T3_test,53,122,57.06666666666667,-0.6581924557685852,0.17963327008606103
UBFC_PHYS_s04_T3_test,53,123,57.1,-0.2540445029735565,0.21680936458070474
UBFC_PHYS_s04_T3_test,53,124,57.13333333333333,0.05224809795618057,0.27688042015743913
UBFC_PHYS_s04_T3_test,53,125,57.166666666666664,0.21736077964305878,0.3360164775733649
UBFC_PHYS_s04_T3_test,53,126,57.2,0.3068065643310547,0.36709471630348633
UBFC_PHYS_s04_T3_test,53,127,57.233333333333334,0.360323965549469,0.3499113449297008
UBFC_PHYS_s04_T3_test,53,128,57.266666666666666,0.3788289725780487,0.2779140686048306
UBFC_PHYS_s04_T3_test,53,129,57.3,0.368753045797348,0.15948223190381108
UBFC_PHYS_s04_T3_test,53,130,57.333333333333336,0.3403864800930023,0.014063607373823594
UBFC_PHYS_s04_T3_test,53,131,57.36666666666667,0.30686503648757935,-0.13472762685946005
UBFC_PHYS_s04_T3_test,53,132,57.4,0.2876291573047638,-0.2661745427790132
UBFC_PHYS_s04_T3_test,53,133,57.43333333333333,0.2625270485877991,-0.3671796770578107
UBFC_PHYS_s04_T3_test,53,134,57.46666666666667,0.17504967749118805,-0.43338516597437876
UBFC_PHYS_s04_T3_test,53,135,57.5,0.023004520684480667,-0.46695241987030095
UBFC_PHYS_s04_T3_test,53,136,57.53333333333333,-0.12979097664356232,-0.472477483564555
UBFC_PHYS_s04_T3_test,53,137,57.56666666666667,-0.2630290389060974,-0.4531135736773095
UBFC_PHYS_s04_T3_test,53,138,57.6,-0.43055838346481323,-0.40880638002080827
UBFC_PHYS_s04_T3_test,53,139,57.63333333333333,-0.6563994884490967,-0.3375215684283096
UBFC_PHYS_s04_T3_test,53,140,57.666666666666664,-0.8344237804412842,-0.2387315218638872
UBFC_PHYS_s04_T3_test,53,141,57.7,-0.790573000907898,-0.11710630244519352
UBFC_PHYS_s04_T3_test,53,142,57.733333333333334,-0.4875546097755432,0.015843856326582917
UBFC_PHYS_s04_T3_test,53,143,57.766666666666666,-0.10111258178949356,0.1433648227139445
UBFC_PHYS_s04_T3_test,53,144,57.8,0.17347104847431183,0.24773552389995246
UBFC_PHYS_s04_T3_test,53,145,57.833333333333336,0.3137349784374237,0.3152921459192164
UBFC_PHYS_s04_T3_test,53,146,57.86666666666667,0.3765682280063629,0.3400686144026868
UBFC_PHYS_s04_T3_test,53,147,57.9,0.3845977783203125,0.32480764797162004
UBFC_PHYS_s04_T3_test,53,148,57.93333333333333,0.3486694097518921,0.2793900276007772
UBFC_PHYS_s04_T3_test,53,149,57.96666666666667,0.300326406955719,0.21768258401889806
UBFC_PHYS_s04_T3_test,53,150,58.0,0.25789836049079895,0.1540105205053597
UBFC_PHYS_s04_T3_test,53,151,58.03333333333333,0.21729256212711334,0.1001205437726167
UBFC_PHYS_s04_T3_test,53,152,58.06666666666667,0.1667570173740387,0.06307138400418355
UBFC_PHYS_s04_T3_test,53,153,58.1,0.0819399282336235,0.044239977427174254
UBFC_PHYS_s04_T3_test,53,154,58.13333333333333,-0.054396919906139374,0.039569009887227766
UBFC_PHYS_s04_T3_test,53,155,58.166666666666664,-0.2257266640663147,0.04107982892891194
UBFC_PHYS_s04_T3_test,53,156,58.2,-0.39521467685699463,0.03938173295917405
UBFC_PHYS_s04_T3_test,53,157,58.233333333333334,-0.5438589453697205,0.026612820978001675
UBFC_PHYS_s04_T3_test,53,158,58.266666666666666,-0.71399986743927,-0.0008729849444447601
UBFC_PHYS_s04_T3_test,53,159,58.3,-0.9585798382759094,-0.04088256010803264
UBFC_PHYS_s04_T3_test,53,160,58.333333333333336,-1.1673483848571777,-0.08577074395603965
UBFC_PHYS_s04_T3_test,53,161,58.36666666666667,-1.1111804246902466,-0.12533924010995262
UBFC_PHYS_s04_T3_test,53,162,58.4,-0.7502887845039368,-0.15145327959458976
UBFC_PHYS_s04_T3_test,53,163,58.43333333333333,-0.3080004155635834,-0.16232290814485828
UBFC_PHYS_s04_T3_test,53,164,58.46666666666667,0.026171518489718437,-0.16419586752360066
UBFC_PHYS_s04_T3_test,53,165,58.5,0.25409796833992004,-0.16913467649568603
UBFC_PHYS_s04_T3_test,53,166,58.53333333333333,0.4198245406150818,-0.18913982583935493
UBFC_PHYS_s04_T3_test,53,167,58.56666666666667,0.5172803997993469,-0.2287266116546699
UBFC_PHYS_s04_T3_test,53,168,58.6,0.5446529984474182,-0.27944886547325193
UBFC_PHYS_s04_T3_test,53,169,58.63333333333333,0.5268593430519104,-0.31953947135068916
UBFC_PHYS_s04_T3_test,53,170,58.666666666666664,0.4840220510959625,-0.3194613551317157
UBFC_PHYS_s04_T3_test,53,171,58.7,0.43052414059638977,-0.2514463016560601
UBFC_PHYS_s04_T3_test,53,172,58.733333333333334,0.3897721767425537,-0.09981834374915827
UBFC_PHYS_s04_T3_test,53,173,58.766666666666666,0.3572739064693451,0.1310962177265095
UBFC_PHYS_s04_T3_test,53,174,58.8,0.26725319027900696,0.4141471681422341
UBFC_PHYS_s04_T3_test,53,175,58.833333333333336,0.08678299933671951,0.703162016897174
UBFC_PHYS_s04_T3_test,53,176,58.86666666666667,-0.1136733889579773,0.9429575920650628
UBFC_PHYS_s04_T3_test,53,177,58.9,-0.2580203115940094,1.0830110531118078
UBFC_PHYS_s04_T3_test,53,178,58.93333333333333,-0.37911656498908997,1.090789949121842
UBFC_PHYS_s04_T3_test,53,179,58.96666666666667,-0.5741354823112488,0.9604392083534438
UBFC_PHYS_s04_T3_test,53,180,59.0,-0.8611727356910706,0.7136006178180737
UBFC_PHYS_s04_T3_test,53,181,59.03333333333333,-1.0827358961105347,0.39176836728471814
UBFC_PHYS_s04_T3_test,53,182,59.06666666666667,-1.0245411396026611,0.043091572202482685
UBFC_PHYS_s04_T3_test,53,183,59.1,-0.6666215658187866,-0.2911025802345566
UBFC_PHYS_s04_T3_test,53,184,59.13333333333333,-0.21731705963611603,-0.585130195260907
UBFC_PHYS_s04_T3_test,53,185,59.166666666666664,0.13151076436042786,-0.8306074468939225
UBFC_PHYS_s04_T3_test,53,186,59.2,0.3717348873615265,-1.031354045537823
UBFC_PHYS_s04_T3_test,53,187,59.233333333333334,0.5633334517478943,-1.1942720917255518
UBFC_PHYS_s04_T3_test,53,188,59.266666666666666,0.6915627717971802,-1.3200954204250788
UBFC_PHYS_s04_T3_test,53,189,59.3,0.7262535691261292,-1.397747986169654
UBFC_PHYS_s04_T3_test,53,190,59.333333333333336,0.7176491022109985,-1.4047117867200312
UBFC_PHYS_s04_T3_test,53,191,59.36666666666667,0.7197831273078918,-1.3136659097163983
UBFC_PHYS_s04_T3_test,53,192,59.4,0.7079532146453857,-1.1033297073875108
UBFC_PHYS_s04_T3_test,53,193,59.43333333333333,0.646844744682312,-0.7697294224121022
UBFC_PHYS_s04_T3_test,53,194,59.46666666666667,0.5639863014221191,-0.3336404880570205
UBFC_PHYS_s04_T3_test,53,195,59.5,0.4819756746292114,0.1591522837770933
UBFC_PHYS_s04_T3_test,53,196,59.53333333333333,0.35908639430999756,0.6460647157978813
UBFC_PHYS_s04_T3_test,53,197,59.56666666666667,0.17507891356945038,1.0626717557960066
UBFC_PHYS_s04_T3_test,53,198,59.6,-0.021343201398849487,1.359576997419814
UBFC_PHYS_s04_T3_test,53,199,59.63333333333333,-0.18639741837978363,1.5148822168415903
UBFC_PHYS_s04_T3_test,53,200,59.666666666666664,-0.3397873342037201,1.537389625705272
UBFC_PHYS_s04_T3_test,53,201,59.7,-0.5318828225135803,1.4595031270691319
UBFC_PHYS_s04_T3_test,53,202,59.733333333333334,-0.7834302186965942,1.3231682690060644
UBFC_PHYS_s04_T3_test,53,203,59.766666666666666,-1.0147380828857422,1.1648421945431104
UBFC_PHYS_s04_T3_test,53,204,59.8,-1.0305535793304443,1.0051202398539456
UBFC_PHYS_s04_T3_test,53,205,59.833333333333336,-0.730156421661377,0.845996893873554
UBFC_PHYS_s04_T3_test,53,206,59.86666666666667,-0.2657088041305542,0.6754845758256214
UBFC_PHYS_s04_T3_test,53,207,59.9,0.12862636148929596,0.476761634798899
UBFC_PHYS_s04_T3_test,53,208,59.93333333333333,0.38742372393608093,0.23788951742753153
UBFC_PHYS_s04_T3_test,53,209,59.96666666666667,0.5721230506896973,-0.04142046223298604
UBFC_PHYS_s04_T3_test,53,210,60.0,0.7061991691589355,-0.3478797749837588
UBFC_PHYS_s04_T3_test,53,211,60.03333333333333,0.7752202153205872,-0.6573825574984659
UBFC_PHYS_s04_T3_test,53,212,60.06666666666667,0.8039765954017639,-0.9406950343152816
UBFC_PHYS_s04_T3_test,53,213,60.1,0.8270226120948792,-1.1697465249291386
UBFC_PHYS_s04_T3_test,53,214,60.13333333333333,0.8492890000343323,-1.322698297695996
UBFC_PHYS_s04_T3_test,53,215,60.166666666666664,0.858848512172699,-1.3868934538894881
UBFC_PHYS_s04_T3_test,53,216,60.2,0.8476032018661499,-1.3594967948702232
UBFC_PHYS_s04_T3_test,53,217,60.233333333333334,0.8147151470184326,-1.2461243328688698
UBFC_PHYS_s04_T3_test,53,218,60.266666666666666,0.7590149641036987,-1.0582603555464716
UBFC_PHYS_s04_T3_test,53,219,60.3,0.6687213778495789,-0.8106769125911947
UBFC_PHYS_s04_T3_test,53,220,60.333333333333336,0.5484826564788818,-0.5200963436128021
UBFC_PHYS_s04_T3_test,53,221,60.36666666666667,0.4435429275035858,-0.20566018342626372
UBFC_PHYS_s04_T3_test,53,222,60.4,0.3838961720466614,0.10953724626817617
UBFC_PHYS_s04_T3_test,53,223,60.43333333333333,0.32499974966049194,0.39780050189417726
UBFC_PHYS_s04_T3_test,53,224,60.46666666666667,0.19631241261959076,0.6291687909518981
UBFC_PHYS_s04_T3_test,53,225,60.5,-0.017045829445123672,0.7772738270130458
UBFC_PHYS_s04_T3_test,53,226,60.53333333333333,-0.22097130119800568,0.82657183041246
UBFC_PHYS_s04_T3_test,53,227,60.56666666666667,-0.23055998980998993,0.7772637246682497
UBFC_PHYS_s04_T3_test,53,228,60.6,0.03727063164114952,0.6454129363703051
UBFC_PHYS_s04_T3_test,53,229,60.63333333333333,0.3942059576511383,0.45845670847102804
UBFC_PHYS_s04_T3_test,53,230,60.666666666666664,0.5419050455093384,0.24832575338065072
UBFC_PHYS_s04_T3_test,53,231,60.7,0.41666731238365173,0.04489484203011137
UBFC_PHYS_s04_T3_test,53,232,60.733333333333334,0.21025696396827698,-0.12828864053915712
UBFC_PHYS_s04_T3_test,53,233,60.766666666666666,0.07286769151687622,-0.2554562762725185
UBFC_PHYS_s04_T3_test,53,234,60.8,-0.011491400189697742,-0.3279892296564425
UBFC_PHYS_s04_T3_test,53,235,60.833333333333336,-0.06684079021215439,-0.3430530780746842
UBFC_PHYS_s04_T3_test,53,236,60.86666666666667,-0.08723625540733337,-0.30261398978453724
UBFC_PHYS_s04_T3_test,53,237,60.9,-0.11310820281505585,-0.21317311792868288
UBFC_PHYS_s04_T3_test,53,238,60.93333333333333,-0.16924689710140228,-0.08576008563800123
UBFC_PHYS_s04_T3_test,53,239,60.96666666666667,-0.2117723822593689,0.06455517596835264
UBFC_PHYS_s04_T3_test,54,0,54.0,0.17209705710411072,-0.02826855769137494
UBFC_PHYS_s04_T3_test,54,1,54.03333333333333,0.33582600951194763,-0.08330887166834258
UBFC_PHYS_s04_T3_test,54,2,54.06666666666667,0.44127243757247925,-0.09720201948129324
UBFC_PHYS_s04_T3_test,54,3,54.1,0.5059182047843933,-0.04657446624359598
UBFC_PHYS_s04_T3_test,54,4,54.13333333333333,0.5185569524765015,0.06414969017222104
UBFC_PHYS_s04_T3_test,54,5,54.166666666666664,0.5100401639938354,0.20334164636643828
UBFC_PHYS_s04_T3_test,54,6,54.2,0.5127881169319153,0.32375030312023606
UBFC_PHYS_s04_T3_test,54,7,54.233333333333334,0.5092411041259766,0.38005918384493115
UBFC_PHYS_s04_T3_test,54,8,54.266666666666666,0.46616992354393005,0.3451162049251848
UBFC_PHYS_s04_T3_test,54,9,54.3,0.3793357014656067,0.2188159491490347
UBFC_PHYS_s04_T3_test,54,10,54.333333333333336,0.2660351097583771,0.027397499139276405
UBFC_PHYS_s04_T3_test,54,11,54.36666666666667,0.1324559897184372,-0.18518474108326632
UBFC_PHYS_s04_T3_test,54,12,54.4,-0.03329983726143837,-0.3701004925963821
UBFC_PHYS_s04_T3_test,54,13,54.43333333333333,-0.22658419609069824,-0.48674195929004044
UBFC_PHYS_s04_T3_test,54,14,54.46666666666667,-0.4009055197238922,-0.5127916667413918
UBFC_PHYS_s04_T3_test,54,15,54.5,-0.5262991786003113,-0.4490021013941653
UBFC_PHYS_s04_T3_test,54,16,54.53333333333333,-0.6449203491210938,-0.31767547519092504
UBFC_PHYS_s04_T3_test,54,17,54.56666666666667,-0.8219896554946899,-0.15522541125373002
UBFC_PHYS_s04_T3_test,54,18,54.6,-1.0586472749710083,-0.0007122541761893325
UBFC_PHYS_s04_T3_test,54,19,54.63333333333333,-1.2427424192428589,0.1162181046813345
UBFC_PHYS_s04_T3_test,54,20,54.666666666666664,-1.1980925798416138,0.1836080589545006
UBFC_PHYS_s04_T3_test,54,21,54.7,-0.8745033740997314,0.208240678810812
UBFC_PHYS_s04_T3_test,54,22,54.733333333333334,-0.44019579887390137,0.2092643222881125
UBFC_PHYS_s04_T3_test,54,23,54.766666666666666,-0.09882260113954544,0.20774940943184977
UBFC_PHYS_s04_T3_test,54,24,54.8,0.10936126112937927,0.2171201597807794
UBFC_PHYS_s04_T3_test,54,25,54.833333333333336,0.2431352734565735,0.2383969107864194
UBFC_PHYS_s04_T3_test,54,26,54.86666666666667,0.33397454023361206,0.26147202498552247
UBFC_PHYS_s04_T3_test,54,27,54.9,0.3856794238090515,0.27087566806753743
UBFC_PHYS_s04_T3_test,54,28,54.93333333333333,0.4042234420776367,0.25302835613358754
UBFC_PHYS_s04_T3_test,54,29,54.96666666666667,0.40676677227020264,0.2020058501301273
UBFC_PHYS_s04_T3_test,54,30,55.0,0.4134223461151123,0.12185875694188104
UBFC_PHYS_s04_T3_test,54,31,55.03333333333333,0.4166478216648102,0.025047149850371354
UBFC_PHYS_s04_T3_test,54,32,55.06666666666667,0.3838864266872406,-0.07192611084316453
UBFC_PHYS_s04_T3_test,54,33,55.1,0.30704042315483093,-0.15365385541372067
UBFC_PHYS_s04_T3_test,54,34,55.13333333333333,0.21059802174568176,-0.20972059433750345
UBFC_PHYS_s04_T3_test,54,35,55.166666666666664,0.10724668204784393,-0.2362566962022349
UBFC_PHYS_s04_T3_test,54,36,55.2,-0.015788773074746132,-0.23534702544342861
UBFC_PHYS_s04_T3_test,54,37,55.233333333333334,-0.16423816978931427,-0.21331684441642365
UBFC_PHYS_s04_T3_test,54,38,55.266666666666666,-0.31585457921028137,-0.17881090614560322
UBFC_PHYS_s04_T3_test,54,39,55.3,-0.44476601481437683,-0.14102266957549675
UBFC_PHYS_s04_T3_test,54,40,55.333333333333336,-0.5698575973510742,-0.10809236744088026
UBFC_PHYS_s04_T3_test,54,41,55.36666666666667,-0.7507272958755493,-0.08563498730021013
UBFC_PHYS_s04_T3_test,54,42,55.4,-0.9737229943275452,-0.07540734542139313
UBFC_PHYS_s04_T3_test,54,43,55.43333333333333,-1.0698145627975464,-0.07434286415827225
UBFC_PHYS_s04_T3_test,54,44,55.46666666666667,-0.8767836093902588,-0.07452883227713841
UBFC_PHYS_s04_T3_test,54,45,55.5,-0.46213090419769287,-0.06471010602191521
UBFC_PHYS_s04_T3_test,54,46,55.53333333333333,-0.0584799125790596,-0.03329766765540779
UBFC_PHYS_s04_T3_test,54,47,55.56666666666667,0.1987583190202713,0.02790761594333723
UBFC_PHYS_s04_T3_test,54,48,55.6,0.3354264795780182,0.12041335175512898
UBFC_PHYS_s04_T3_test,54,49,55.63333333333333,0.42162731289863586,0.2371594057150079
UBFC_PHYS_s04_T3_test,54,50,55.666666666666664,0.48865073919296265,0.36268572373443186
UBFC_PHYS_s04_T3_test,54,51,55.7,0.5283113121986389,0.47552177200228296
UBFC_PHYS_s04_T3_test,54,52,55.733333333333334,0.5329887270927429,0.5525390442310296
UBFC_PHYS_s04_T3_test,54,53,55.766666666666666,0.519414484500885,0.5744877570946844
UBFC_PHYS_s04_T3_test,54,54,55.8,0.506707489490509,0.5313331918157947
UBFC_PHYS_s04_T3_test,54,55,55.833333333333336,0.4819756746292114,0.4256013261693505
UBFC_PHYS_s04_T3_test,54,56,55.86666666666667,0.415731817483902,0.2721572460607785
UBFC_PHYS_s04_T3_test,54,57,55.9,0.3080928325653076,0.09397673117043955
UBFC_PHYS_s04_T3_test,54,58,55.93333333333333,0.18826337158679962,-0.08474116742686279
UBFC_PHYS_s04_T3_test,54,59,55.96666666666667,0.06873597949743271,-0.2454401246201006
UBFC_PHYS_s04_T3_test,54,60,56.0,-0.06513547897338867,-0.3794386680278941
UBFC_PHYS_s04_T3_test,54,61,56.03333333333333,-0.21567022800445557,-0.4882094260220947
UBFC_PHYS_s04_T3_test,54,62,56.06666666666667,-0.35822412371635437,-0.5800427682400853
UBFC_PHYS_s04_T3_test,54,63,56.1,-0.4785310924053192,-0.6645600900188116
UBFC_PHYS_s04_T3_test,54,64,56.13333333333333,-0.5969768166542053,-0.7468021749812503
UBFC_PHYS_s04_T3_test,54,65,56.166666666666664,-0.7592440843582153,-0.8225661671286376
UBFC_PHYS_s04_T3_test,54,66,56.2,-0.9502481818199158,-0.8767386454647061
UBFC_PHYS_s04_T3_test,54,67,56.233333333333334,-1.0079265832901,-0.8859824997074005
UBFC_PHYS_s04_T3_test,54,68,56.266666666666666,-0.7643015384674072,-0.8256971841105049
UBFC_PHYS_s04_T3_test,54,69,56.3,-0.31794965267181396,-0.6791920448176213
UBFC_PHYS_s04_T3_test,54,70,56.333333333333336,0.07630754262208939,-0.4456206122412941
UBFC_PHYS_s04_T3_test,54,71,56.36666666666667,0.3203905522823334,-0.14342947942350753
UBFC_PHYS_s04_T3_test,54,72,56.4,0.4699898064136505,0.1920090834878428
UBFC_PHYS_s04_T3_test,54,73,56.43333333333333,0.5662665367126465,0.5155540002922995
UBFC_PHYS_s04_T3_test,54,74,56.46666666666667,0.6144731640815735,0.7818389529771248
UBFC_PHYS_s04_T3_test,54,75,56.5,0.6284371614456177,0.9547304074448957
UBFC_PHYS_s04_T3_test,54,76,56.53333333333333,0.6160712838172913,1.0148965015127056
UBFC_PHYS_s04_T3_test,54,77,56.56666666666667,0.585346519947052,0.9641599405333507
UBFC_PHYS_s04_T3_test,54,78,56.6,0.5533062219619751,0.8253207456432999
UBFC_PHYS_s04_T3_test,54,79,56.63333333333333,0.5193267464637756,0.6367489344305135
UBFC_PHYS_s04_T3_test,54,80,56.666666666666664,0.4611709415912628,0.44291088039876203
UBFC_PHYS_s04_T3_test,54,81,56.7,0.3710625171661377,0.2837336565584301
UBFC_PHYS_s04_T3_test,54,82,56.733333333333334,0.2592236399650574,0.18584762139416003
UBFC_PHYS_s04_T3_test,54,83,56.766666666666666,0.1261025071144104,0.15767684314076794
UBFC_PHYS_s04_T3_test,54,84,56.8,-0.03365064412355423,0.1891249351032897
UBFC_PHYS_s04_T3_test,54,85,56.833333333333336,-0.19834430515766144,0.2555127458706656
UBFC_PHYS_s04_T3_test,54,86,56.86666666666667,-0.33726346492767334,0.32446436296910813
UBFC_PHYS_s04_T3_test,54,87,56.9,-0.46213090419769287,0.36395904853675237
UBFC_PHYS_s04_T3_test,54,88,56.93333333333333,-0.6209485530853271,0.34990398187266086
UBFC_PHYS_s04_T3_test,54,89,56.96666666666667,-0.8297170996665955,0.27174900597137613
UBFC_PHYS_s04_T3_test,54,90,57.0,-1.0009104013442993,0.134602042738249
UBFC_PHYS_s04_T3_test,54,91,57.03333333333333,-0.9607918858528137,-0.04305209933487195
UBFC_PHYS_s04_T3_test,54,92,57.06666666666667,-0.6581924557685852,-0.2351018184034061
UBFC_PHYS_s04_T3_test,54,93,57.1,-0.2540445029735565,-0.4145721122628639
UBFC_PHYS_s04_T3_test,54,94,57.13333333333333,0.05224809795618057,-0.5591521353621427
UBFC_PHYS_s04_T3_test,54,95,57.166666666666664,0.21736077964305878,-0.6545686581710443
UBFC_PHYS_s04_T3_test,54,96,57.2,0.3068065643310547,-0.6959755516522816
UBFC_PHYS_s04_T3_test,54,97,57.233333333333334,0.360323965549469,-0.6878156780667877
UBFC_PHYS_s04_T3_test,54,98,57.266666666666666,0.3788289725780487,-0.6423279762881955
UBFC_PHYS_s04_T3_test,54,99,57.3,0.368753045797348,-0.5766901993890711
UBFC_PHYS_s04_T3_test,54,100,57.333333333333336,0.3403864800930023,-0.5091344675642745
UBFC_PHYS_s04_T3_test,54,101,57.36666666666667,0.30686503648757935,-0.45486997098235915
UBFC_PHYS_s04_T3_test,54,102,57.4,0.2876291573047638,-0.4227462532255236
UBFC_PHYS_s04_T3_test,54,103,57.43333333333333,0.2625270485877991,-0.41328635599506774
UBFC_PHYS_s04_T3_test,54,104,57.46666666666667,0.17504967749118805,-0.41829987616505965
UBFC_PHYS_s04_T3_test,54,105,57.5,0.023004520684480667,-0.4219746469664605
UBFC_PHYS_s04_T3_test,54,106,57.53333333333333,-0.12979097664356232,-0.40324542545014325
UBFC_PHYS_s04_T3_test,54,107,57.56666666666667,-0.2630290389060974,-0.3393312880317516
UBFC_PHYS_s04_T3_test,54,108,57.6,-0.43055838346481323,-0.2104413520624785
UBFC_PHYS_s04_T3_test,54,109,57.63333333333333,-0.6563994884490967,-0.005453274917314507
UBFC_PHYS_s04_T3_test,54,110,57.666666666666664,-0.8344237804412842,0.27229942273057933
UBFC_PHYS_s04_T3_test,54,111,57.7,-0.790573000907898,0.6009217903736808
UBFC_PHYS_s04_T3_test,54,112,57.733333333333334,-0.4875546097755432,0.9398948154637086
UBFC_PHYS_s04_T3_test,54,113,57.766666666666666,-0.10111258178949356,1.235794358818089
UBFC_PHYS_s04_T3_test,54,114,57.8,0.17347104847431183,1.433452592530504
UBFC_PHYS_s04_T3_test,54,115,57.833333333333336,0.3137349784374237,1.489629887514766
UBFC_PHYS_s04_T3_test,54,116,57.86666666666667,0.3765682280063629,1.3846208240538982
UBFC_PHYS_s04_T3_test,54,117,57.9,0.3845977783203125,1.1276046227065748
UBFC_PHYS_s04_T3_test,54,118,57.93333333333333,0.3486694097518921,0.7539914013731843
UBFC_PHYS_s04_T3_test,54,119,57.96666666666667,0.300326406955719,0.3161281291024121
UBFC_PHYS_s04_T3_test,54,120,58.0,0.25789836049079895,-0.12911154794545454
UBFC_PHYS_s04_T3_test,54,121,58.03333333333333,0.21729256212711334,-0.5317695760041986
UBFC_PHYS_s04_T3_test,54,122,58.06666666666667,0.1667570173740387,-0.856127172163244
UBFC_PHYS_s04_T3_test,54,123,58.1,0.0819399282336235,-1.0827609493367234
UBFC_PHYS_s04_T3_test,54,124,58.13333333333333,-0.054396919906139374,-1.2064284576856792
UBFC_PHYS_s04_T3_test,54,125,58.166666666666664,-0.2257266640663147,-1.2321498980144254
UBFC_PHYS_s04_T3_test,54,126,58.2,-0.39521467685699463,-1.1714959017185704
UBFC_PHYS_s04_T3_test,54,127,58.233333333333334,-0.5438589453697205,-1.0397951662839264
UBFC_PHYS_s04_T3_test,54,128,58.266666666666666,-0.71399986743927,-0.8539496154321817
UBFC_PHYS_s04_T3_test,54,129,58.3,-0.9585798382759094,-0.6305328782207653
UBFC_PHYS_s04_T3_test,54,130,58.333333333333336,-1.1673483848571777,-0.3846305382071795
UBFC_PHYS_s04_T3_test,54,131,58.36666666666667,-1.1111804246902466,-0.13018115547674583
UBFC_PHYS_s04_T3_test,54,132,58.4,-0.7502887845039368,0.11840125455291252
UBFC_PHYS_s04_T3_test,54,133,58.43333333333333,-0.3080004155635834,0.3447817619391533
UBFC_PHYS_s04_T3_test,54,134,58.46666666666667,0.026171518489718437,0.5310354487680001
UBFC_PHYS_s04_T3_test,54,135,58.5,0.25409796833992004,0.6603247614372024
UBFC_PHYS_s04_T3_test,54,136,58.53333333333333,0.4198245406150818,0.7210761158526102
UBFC_PHYS_s04_T3_test,54,137,58.56666666666667,0.5172803997993469,0.7108817777179094
UBFC_PHYS_s04_T3_test,54,138,58.6,0.5446529984474182,0.6384416587630269
UBFC_PHYS_s04_T3_test,54,139,58.63333333333333,0.5268593430519104,0.5228185555063029
UBFC_PHYS_s04_T3_test,54,140,58.666666666666664,0.4840220510959625,0.39042836160503036
UBFC_PHYS_s04_T3_test,54,141,58.7,0.43052414059638977,0.27062742039155085
UBFC_PHYS_s04_T3_test,54,142,58.733333333333334,0.3897721767425537,0.19031492583166318
UBFC_PHYS_s04_T3_test,54,143,58.766666666666666,0.3572739064693451,0.16780899894599208
UBFC_PHYS_s04_T3_test,54,144,58.8,0.26725319027900696,0.20720707677949274
UBFC_PHYS_s04_T3_test,54,145,58.833333333333336,0.08678299933671951,0.2954524411941662
UBFC_PHYS_s04_T3_test,54,146,58.86666666666667,-0.1136733889579773,0.40402034706370066
UBFC_PHYS_s04_T3_test,54,147,58.9,-0.2580203115940094,0.49552961929276546
UBFC_PHYS_s04_T3_test,54,148,58.93333333333333,-0.37911656498908997,0.5335924441611383
UBFC_PHYS_s04_T3_test,54,149,58.96666666666667,-0.5741354823112488,0.4928066087140417
UBFC_PHYS_s04_T3_test,54,150,59.0,-0.8611727356910706,0.3656174553116664
UBFC_PHYS_s04_T3_test,54,151,59.03333333333333,-1.0827358961105347,0.1638768167958022
UBFC_PHYS_s04_T3_test,54,152,59.06666666666667,-1.0245411396026611,-0.08518288124790432
UBFC_PHYS_s04_T3_test,54,153,59.1,-0.6666215658187866,-0.3469736227405791
UBFC_PHYS_s04_T3_test,54,154,59.13333333333333,-0.21731705963611603,-0.5888626750810513
UBFC_PHYS_s04_T3_test,54,155,59.166666666666664,0.13151076436042786,-0.7879127775965836
UBFC_PHYS_s04_T3_test,54,156,59.2,0.3717348873615265,-0.9348762038233677
UBFC_PHYS_s04_T3_test,54,157,59.233333333333334,0.5633334517478943,-1.0333770896999879
UBFC_PHYS_s04_T3_test,54,158,59.266666666666666,0.6915627717971802,-1.094482835771506
UBFC_PHYS_s04_T3_test,54,159,59.3,0.7262535691261292,-1.1283785803497846
UBFC_PHYS_s04_T3_test,54,160,59.333333333333336,0.7176491022109985,-1.1363827925411767
UBFC_PHYS_s04_T3_test,54,161,59.36666666666667,0.7197831273078918,-1.106974841033644
UBFC_PHYS_s04_T3_test,54,162,59.4,0.7079532146453857,-1.018088633774787
UBFC_PHYS_s04_T3_test,54,163,59.43333333333333,0.646844744682312,-0.8454011097263949
UBFC_PHYS_s04_T3_test,54,164,59.46666666666667,0.5639863014221191,-0.5739412841217398
UBFC_PHYS_s04_T3_test,54,165,59.5,0.4819756746292114,-0.20864055074260135
UBFC_PHYS_s04_T3_test,54,166,59.53333333333333,0.35908639430999756,0.22101802810222101
UBFC_PHYS_s04_T3_test,54,167,59.56666666666667,0.17507891356945038,0.6652479260601448
UBFC_PHYS_s04_T3_test,54,168,59.6,-0.021343201398849487,1.066042657636371
UBFC_PHYS_s04_T3_test,54,169,59.63333333333333,-0.18639741837978363,1.3723490826485263
UBFC_PHYS_s04_T3_test,54,170,59.666666666666664,-0.3397873342037201,1.5526855611364458
UBFC_PHYS_s04_T3_test,54,171,59.7,-0.5318828225135803,1.6010519004492731
UBFC_PHYS_s04_T3_test,54,172,59.733333333333334,-0.7834302186965942,1.5344363291616765
UBFC_PHYS_s04_T3_test,54,173,59.766666666666666,-1.0147380828857422,1.3832338887847608
UBFC_PHYS_s04_T3_test,54,174,59.8,-1.0305535793304443,1.178867302081229
UBFC_PHYS_s04_T3_test,54,175,59.833333333333336,-0.730156421661377,0.943940615471155
UBFC_PHYS_s04_T3_test,54,176,59.86666666666667,-0.2657088041305542,0.6883022609949553
UBFC_PHYS_s04_T3_test,54,177,59.9,0.12862636148929596,0.41118236554905246
UBFC_PHYS_s04_T3_test,54,178,59.93333333333333,0.38742372393608093,0.10737383150097829
UBFC_PHYS_s04_T3_test,54,179,59.96666666666667,0.5721230506896973,-0.22532759143696
UBFC_PHYS_s04_T3_test,54,180,60.0,0.7061991691589355,-0.5800465055646918
UBFC_PHYS_s04_T3_test,54,181,60.03333333333333,0.7752202153205872,-0.9378830808084877
UBFC_PHYS_s04_T3_test,54,182,60.06666666666667,0.8039765954017639,-1.268592711404149
UBFC_PHYS_s04_T3_test,54,183,60.1,0.8270226120948792,-1.534396297032826
UBFC_PHYS_s04_T3_test,54,184,60.13333333333333,0.8492890000343323,-1.6961476439453054
UBFC_PHYS_s04_T3_test,54,185,60.166666666666664,0.858848512172699,-1.7210203037856997
UBFC_PHYS_s04_T3_test,54,186,60.2,0.8476032018661499,-1.590434537173839
UBFC_PHYS_s04_T3_test,54,187,60.233333333333334,0.8147151470184326,-1.3062641746150478
UBFC_PHYS_s04_T3_test,54,188,60.266666666666666,0.7590149641036987,-0.8930939123610676
UBFC_PHYS_s04_T3_test,54,189,60.3,0.6687213778495789,-0.3951305774974267
UBFC_PHYS_s04_T3_test,54,190,60.333333333333336,0.5484826564788818,0.1316908634501746
UBFC_PHYS_s04_T3_test,54,191,60.36666666666667,0.4435429275035858,0.62999871294992
UBFC_PHYS_s04_T3_test,54,192,60.4,0.3838961720466614,1.0506574951223677
UBFC_PHYS_s04_T3_test,54,193,60.43333333333333,0.32499974966049194,1.3594807999694998
UBFC_PHYS_s04_T3_test,54,194,60.46666666666667,0.19631241261959076,1.5399383056574731
UBFC_PHYS_s04_T3_test,54,195,60.5,-0.017045829445123672,1.5920810724929957
UBFC_PHYS_s04_T3_test,54,196,60.53333333333333,-0.22097130119800568,1.528754889178087
UBFC_PHYS_s04_T3_test,54,197,60.56666666666667,-0.23055998980998993,1.370545682435211
UBFC_PHYS_s04_T3_test,54,198,60.6,0.03727063164114952,1.1408861680095823
UBFC_PHYS_s04_T3_test,54,199,60.63333333333333,0.3942059576511383,0.8623245845771629
UBFC_PHYS_s04_T3_test,54,200,60.666666666666664,0.5419050455093384,0.5542335690525337
UBFC_PHYS_s04_T3_test,54,201,60.7,0.41666731238365173,0.23170692016718608
UBFC_PHYS_s04_T3_test,54,202,60.733333333333334,0.21025696396827698,-0.09461864884339505
UBFC_PHYS_s04_T3_test,54,203,60.766666666666666,0.07286769151687622,-0.4178633286121327
UBFC_PHYS_s04_T3_test,54,204,60.8,-0.011491400189697742,-0.7333186850076044
UBFC_PHYS_s04_T3_test,54,205,60.833333333333336,-0.06684079021215439,-1.0360160449141698
UBFC_PHYS_s04_T3_test,54,206,60.86666666666667,-0.08723625540733337,-1.317548085978931
UBFC_PHYS_s04_T3_test,54,207,60.9,-0.11310820281505585,-1.562640950715949
UBFC_PHYS_s04_T3_test,54,208,60.93333333333333,-0.16924689710140228,-1.7468271092724617
UBFC_PHYS_s04_T3_test,54,209,60.96666666666667,-0.2117723822593689,-1.8372456470206293
UBFC_PHYS_s04_T3_test,54,210,61.0,-0.22826026380062103,-1.7982266240302542
UBFC_PHYS_s04_T3_test,54,211,61.03333333333333,-0.26870039105415344,-1.601451489938578
UBFC_PHYS_s04_T3_test,54,212,61.06666666666667,-0.3532836139202118,-1.2377342136000984
UBFC_PHYS_s04_T3_test,54,213,61.1,-0.46710067987442017,-0.725746372865725
UBFC_PHYS_s04_T3_test,54,214,61.13333333333333,-0.6016737222671509,-0.11374038253147299
UBFC_PHYS_s04_T3_test,54,215,61.166666666666664,-0.7435065507888794,0.5271915861682315
UBFC_PHYS_s04_T3_test,54,216,61.2,-0.8811393976211548,1.117004645638831
UBFC_PHYS_s04_T3_test,54,217,61.233333333333334,-1.0567665100097656,1.583975496952163
UBFC_PHYS_s04_T3_test,54,218,61.266666666666666,-1.3448659181594849,1.8800171423746639
UBFC_PHYS_s04_T3_test,54,219,61.3,-1.686122179031372,1.989051818172242
UBFC_PHYS_s04_T3_test,54,220,61.333333333333336,-1.8178986310958862,1.926175274798465
UBFC_PHYS_s04_T3_test,54,221,61.36666666666667,-1.532342553138733,1.728958639133637
UBFC_PHYS_s04_T3_test,54,222,61.4,-0.9434074759483337,1.4448036608437622
UBFC_PHYS_s04_T3_test,54,223,61.43333333333333,-0.34999969601631165,1.1188799314042144
UBFC_PHYS_s04_T3_test,54,224,61.46666666666667,0.08222252130508423,0.7859827596750197
UBFC_PHYS_s04_T3_test,54,225,61.5,0.3717641234397888,0.4675728718748959
UBFC_PHYS_s04_T3_test,54,226,61.53333333333333,0.5691899657249451,0.17332804384298642
UBFC_PHYS_s04_T3_test,54,227,61.56666666666667,0.700907826423645,-0.09469083555763678
UBFC_PHYS_s04_T3_test,54,228,61.6,0.7831718325614929,-0.33748833760516916
UBFC_PHYS_s04_T3_test,54,229,61.63333333333333,0.8297803401947021,-0.5558021726780655
UBFC_PHYS_s04_T3_test,54,230,61.666666666666664,0.8473011255264282,-0.7483628000131544
UBFC_PHYS_s04_T3_test,54,231,61.7,0.8277534246444702,-0.9112059175910253
UBFC_PHYS_s04_T3_test,54,232,61.733333333333334,0.7557602524757385,-1.0375334288809748
UBFC_PHYS_s04_T3_test,54,233,61.766666666666666,0.6387859582901001,-1.1181773226944725
UBFC_PHYS_s04_T3_test,54,234,61.8,0.5024101138114929,-1.1430385854718572
UBFC_PHYS_s04_T3_test,54,235,61.833333333333336,0.34111732244491577,-1.1036737062698554
UBFC_PHYS_s04_T3_test,54,236,61.86666666666667,0.1442762017250061,-0.9966118953841065
UBFC_PHYS_s04_T3_test,54,237,61.9,-0.05385122448205948,-0.8262927975228774
UBFC_PHYS_s04_T3_test,54,238,61.93333333333333,-0.21780429780483246,-0.6061871182273688
UBFC_PHYS_s04_T3_test,54,239,61.96666666666667,-0.36311593651771545,-0.35729088986540086
UBFC_PHYS_s04_T3_test,55,0,55.0,0.4134223461151123,-0.012034832368301069
UBFC_PHYS_s04_T3_test,55,1,55.03333333333333,0.4166478216648102,-0.045262448998963825
UBFC_PHYS_s04_T3_test,55,2,55.06666666666667,0.3838864266872406,-0.07244903798835627
UBFC_PHYS_s04_T3_test,55,3,55.1,0.30704042315483093,-0.09048686984996225
UBFC_PHYS_s04_T3_test,55,4,55.13333333333333,0.21059802174568176,-0.09959413350226558
UBFC_PHYS_s04_T3_test,55,5,55.166666666666664,0.10724668204784393,-0.10298738467181887
UBFC_PHYS_s04_T3_test,55,6,55.2,-0.015788773074746132,-0.10513375646409004
UBFC_PHYS_s04_T3_test,55,7,55.233333333333334,-0.16423816978931427,-0.10966935239645992
UBFC_PHYS_s04_T3_test,55,8,55.266666666666666,-0.31585457921028137,-0.11803383654732433
UBFC_PHYS_s04_T3_test,55,9,55.3,-0.44476601481437683,-0.12918028432378226
UBFC_PHYS_s04_T3_test,55,10,55.333333333333336,-0.5698575973510742,-0.14016614759849205
UBFC_PHYS_s04_T3_test,55,11,55.36666666666667,-0.7507272958755493,-0.14716755352998534
UBFC_PHYS_s04_T3_test,55,12,55.4,-0.9737229943275452,-0.1463734221550198
UBFC_PHYS_s04_T3_test,55,13,55.43333333333333,-1.0698145627975464,-0.1344189774939427
UBFC_PHYS_s04_T3_test,55,14,55.46666666666667,-0.8767836093902588,-0.10850477817472864
UBFC_PHYS_s04_T3_test,55,15,55.5,-0.46213090419769287,-0.06668619262070638
UBFC_PHYS_s04_T3_test,55,16,55.53333333333333,-0.0584799125790596,-0.008644703797869406
UBFC_PHYS_s04_T3_test,55,17,55.56666666666667,0.1987583190202713,0.06325860154220214
UBFC_PHYS_s04_T3_test,55,18,55.6,0.3354264795780182,0.14324662162925889
UBFC_PHYS_s04_T3_test,55,19,55.63333333333333,0.42162731289863586,0.22224623222115508
UBFC_PHYS_s04_T3_test,55,20,55.666666666666664,0.48865073919296265,0.28891728899144703
UBFC_PHYS_s04_T3_test,55,21,55.7,0.5283113121986389,0.33127182707347647
UBFC_PHYS_s04_T3_test,55,22,55.733333333333334,0.5329887270927429,0.3386604149821057
UBFC_PHYS_s04_T3_test,55,23,55.766666666666666,0.519414484500885,0.30401676943035866
UBFC_PHYS_s04_T3_test,55,24,55.8,0.506707489490509,0.2259283238679851
UBFC_PHYS_s04_T3_test,55,25,55.833333333333336,0.4819756746292114,0.10967034811687554
UBFC_PHYS_s04_T3_test,55,26,55.86666666666667,0.415731817483902,-0.0335928212677242
UBFC_PHYS_s04_T3_test,55,27,55.9,0.3080928325653076,-0.18944983253819023
UBFC_PHYS_s04_T3_test,55,28,55.93333333333333,0.18826337158679962,-0.34359407794332714
UBFC_PHYS_s04_T3_test,55,29,55.96666666666667,0.06873597949743271,-0.4841727002324788
UBFC_PHYS_s04_T3_test,55,30,56.0,-0.06513547897338867,-0.6020240868888306
UBFC_PHYS_s04_T3_test,55,31,56.03333333333333,-0.21567022800445557,-0.6890254354830947
UBFC_PHYS_s04_T3_test,55,32,56.06666666666667,-0.35822412371635437,-0.7359093428241856
UBFC_PHYS_s04_T3_test,55,33,56.1,-0.4785310924053192,-0.7312448562202783
UBFC_PHYS_s04_T3_test,55,34,56.13333333333333,-0.5969768166542053,-0.6627127403327273
UBFC_PHYS_s04_T3_test,55,35,56.166666666666664,-0.7592440843582153,-0.520756885117218
UBFC_PHYS_s04_T3_test,55,36,56.2,-0.9502481818199158,-0.30367889843790635
UBFC_PHYS_s04_T3_test,55,37,56.233333333333334,-1.0079265832901,-0.022448759107135816
UBFC_PHYS_s04_T3_test,55,38,56.266666666666666,-0.7643015384674072,0.2969497570790871
UBFC_PHYS_s04_T3_test,55,39,56.3,-0.31794965267181396,0.6156160393532722
UBFC_PHYS_s04_T3_test,55,40,56.333333333333336,0.07630754262208939,0.8890180788545
UBFC_PHYS_s04_T3_test,55,41,56.36666666666667,0.3203905522823334,1.077788754768922
UBFC_PHYS_s04_T3_test,55,42,56.4,0.4699898064136505,1.1577023448699513
UBFC_PHYS_s04_T3_test,55,43,56.43333333333333,0.5662665367126465,1.1241635075745073
UBFC_PHYS_s04_T3_test,55,44,56.46666666666667,0.6144731640815735,0.9897299651186371
UBFC_PHYS_s04_T3_test,55,45,56.5,0.6284371614456177,0.7773115389807905
UBFC_PHYS_s04_T3_test,55,46,56.53333333333333,0.6160712838172913,0.5134339362264806
UBFC_PHYS_s04_T3_test,55,47,56.56666666666667,0.585346519947052,0.22466758971124717
UBFC_PHYS_s04_T3_test,55,48,56.6,0.5533062219619751,-0.06260095398081236
UBFC_PHYS_s04_T3_test,55,49,56.63333333333333,0.5193267464637756,-0.32132926763363934
UBFC_PHYS_s04_T3_test,55,50,56.666666666666664,0.4611709415912628,-0.5246794374843875
UBFC_PHYS_s04_T3_test,55,51,56.7,0.3710625171661377,-0.6500621000344157
UBFC_PHYS_s04_T3_test,55,52,56.733333333333334,0.2592236399650574,-0.6857839104419629
UBFC_PHYS_s04_T3_test,55,53,56.766666666666666,0.1261025071144104,-0.637616748621138
UBFC_PHYS_s04_T3_test,55,54,56.8,-0.03365064412355423,-0.5313152768258393
UBFC_PHYS_s04_T3_test,55,55,56.833333333333336,-0.19834430515766144,-0.4078921009931402
UBFC_PHYS_s04_T3_test,55,56,56.86666666666667,-0.33726346492767334,-0.31164412210539655
UBFC_PHYS_s04_T3_test,55,57,56.9,-0.46213090419769287,-0.2748109623053135
UBFC_PHYS_s04_T3_test,55,58,56.93333333333333,-0.6209485530853271,-0.3050337363648111
UBFC_PHYS_s04_T3_test,55,59,56.96666666666667,-0.8297170996665955,-0.3812344665285912
UBFC_PHYS_s04_T3_test,55,60,57.0,-1.0009104013442993,-0.4602936491968017
UBFC_PHYS_s04_T3_test,55,61,57.03333333333333,-0.9607918858528137,-0.49238362564593874
UBFC_PHYS_s04_T3_test,55,62,57.06666666666667,-0.6581924557685852,-0.43905600705696485
UBFC_PHYS_s04_T3_test,55,63,57.1,-0.2540445029735565,-0.286996184899665
UBFC_PHYS_s04_T3_test,55,64,57.13333333333333,0.05224809795618057,-0.052388588922529754
UBFC_PHYS_s04_T3_test,55,65,57.166666666666664,0.21736077964305878,0.22506867629116362
UBFC_PHYS_s04_T3_test,55,66,57.2,0.3068065643310547,0.49533449660344714
UBFC_PHYS_s04_T3_test,55,67,57.233333333333334,0.360323965549469,0.7128292006462712
UBFC_PHYS_s04_T3_test,55,68,57.266666666666666,0.3788289725780487,0.8475193651075622
UBFC_PHYS_s04_T3_test,55,69,57.3,0.368753045797348,0.889257401879002
UBFC_PHYS_s04_T3_test,55,70,57.333333333333336,0.3403864800930023,0.8454880453603613
UBFC_PHYS_s04_T3_test,55,71,57.36666666666667,0.30686503648757935,0.7348417552717408
UBFC_PHYS_s04_T3_test,55,72,57.4,0.2876291573047638,0.5798606014073626
UBFC_PHYS_s04_T3_test,55,73,57.43333333333333,0.2625270485877991,0.40134955471245104
UBFC_PHYS_s04_T3_test,55,74,57.46666666666667,0.17504967749118805,0.215453992074721
UBFC_PHYS_s04_T3_test,55,75,57.5,0.023004520684480667,0.03331453786204177
UBFC_PHYS_s04_T3_test,55,76,57.53333333333333,-0.12979097664356232,-0.1375365578751001
UBFC_PHYS_s04_T3_test,55,77,57.56666666666667,-0.2630290389060974,-0.2910603792030218
UBFC_PHYS_s04_T3_test,55,78,57.6,-0.43055838346481323,-0.4208566463991337
UBFC_PHYS_s04_T3_test,55,79,57.63333333333333,-0.6563994884490967,-0.519416439566518
UBFC_PHYS_s04_T3_test,55,80,57.666666666666664,-0.8344237804412842,-0.5790348194424769
UBFC_PHYS_s04_T3_test,55,81,57.7,-0.790573000907898,-0.5942235356941794
UBFC_PHYS_s04_T3_test,55,82,57.733333333333334,-0.4875546097755432,-0.5644372114182549
UBFC_PHYS_s04_T3_test,55,83,57.766666666666666,-0.10111258178949356,-0.49544063257177656
UBFC_PHYS_s04_T3_test,55,84,57.8,0.17347104847431183,-0.3983358779212903
UBFC_PHYS_s04_T3_test,55,85,57.833333333333336,0.3137349784374237,-0.28663527970571634
UBFC_PHYS_s04_T3_test,55,86,57.86666666666667,0.3765682280063629,-0.17282655962281884
UBFC_PHYS_s04_T3_test,55,87,57.9,0.3845977783203125,-0.06600045152056869
UBFC_PHYS_s04_T3_test,55,88,57.93333333333333,0.3486694097518921,0.028703363127452752
UBFC_PHYS_s04_T3_test,55,89,57.96666666666667,0.300326406955719,0.10915913544055743
UBFC_PHYS_s04_T3_test,55,90,58.0,0.25789836049079895,0.1747560081702452
UBFC_PHYS_s04_T3_test,55,91,58.03333333333333,0.21729256212711334,0.22516235306406573
UBFC_PHYS_s04_T3_test,55,92,58.06666666666667,0.1667570173740387,0.2596444998624926
UBFC_PHYS_s04_T3_test,55,93,58.1,0.0819399282336235,0.27683138956420156
UBFC_PHYS_s04_T3_test,55,94,58.13333333333333,-0.054396919906139374,0.27487810556261055
UBFC_PHYS_s04_T3_test,55,95,58.166666666666664,-0.2257266640663147,0.25217651940779806
UBFC_PHYS_s04_T3_test,55,96,58.2,-0.39521467685699463,0.2086503264954816
UBFC_PHYS_s04_T3_test,55,97,58.233333333333334,-0.5438589453697205,0.1472873988390605
UBFC_PHYS_s04_T3_test,55,98,58.266666666666666,-0.71399986743927,0.07518778297907315
UBFC_PHYS_s04_T3_test,55,99,58.3,-0.9585798382759094,0.003247130503272251
UBFC_PHYS_s04_T3_test,55,100,58.333333333333336,-1.1673483848571777,-0.056151001213004946
UBFC_PHYS_s04_T3_test,55,101,58.36666666666667,-1.1111804246902466,-0.09316221756138793
UBFC_PHYS_s04_T3_test,55,102,58.4,-0.7502887845039368,-0.10466295031166992
UBFC_PHYS_s04_T3_test,55,103,58.43333333333333,-0.3080004155635834,-0.09639860688350589
UBFC_PHYS_s04_T3_test,55,104,58.46666666666667,0.026171518489718437,-0.08169818350554192
UBFC_PHYS_s04_T3_test,55,105,58.5,0.25409796833992004,-0.0769314341060191
UBFC_PHYS_s04_T3_test,55,106,58.53333333333333,0.4198245406150818,-0.09520983002082034
UBFC_PHYS_s04_T3_test,55,107,58.56666666666667,0.5172803997993469,-0.14053457471487818
UBFC_PHYS_s04_T3_test,55,108,58.6,0.5446529984474182,-0.2046124772890753
UBFC_PHYS_s04_T3_test,55,109,58.63333333333333,0.5268593430519104,-0.2676939959889515
UBFC_PHYS_s04_T3_test,55,110,58.666666666666664,0.4840220510959625,-0.3032233860129
UBFC_PHYS_s04_T3_test,55,111,58.7,0.43052414059638977,-0.2848217368371653
UBFC_PHYS_s04_T3_test,55,112,58.733333333333334,0.3897721767425537,-0.19386212216564852
UBFC_PHYS_s04_T3_test,55,113,58.766666666666666,0.3572739064693451,-0.026102962138418114
UBFC_PHYS_s04_T3_test,55,114,58.8,0.26725319027900696,0.20418268166857168
UBFC_PHYS_s04_T3_test,55,115,58.833333333333336,0.08678299933671951,0.46415957207021835
UBFC_PHYS_s04_T3_test,55,116,58.86666666666667,-0.1136733889579773,0.7074620217145594
UBFC_PHYS_s04_T3_test,55,117,58.9,-0.2580203115940094,0.8840139104133993
UBFC_PHYS_s04_T3_test,55,118,58.93333333333333,-0.37911656498908997,0.9526358648009867
UBFC_PHYS_s04_T3_test,55,119,58.96666666666667,-0.5741354823112488,0.8927869506722171
UBFC_PHYS_s04_T3_test,55,120,59.0,-0.8611727356910706,0.7110347761127823
UBFC_PHYS_s04_T3_test,55,121,59.03333333333333,-1.0827358961105347,0.43914868471946394
UBFC_PHYS_s04_T3_test,55,122,59.06666666666667,-1.0245411396026611,0.12416387607056682
UBFC_PHYS_s04_T3_test,55,123,59.1,-0.6666215658187866,-0.18563739283180955
UBFC_PHYS_s04_T3_test,55,124,59.13333333333333,-0.21731705963611603,-0.4533754072051141
UBFC_PHYS_s04_T3_test,55,125,59.166666666666664,0.13151076436042786,-0.6604713758527986
UBFC_PHYS_s04_T3_test,55,126,59.2,0.3717348873615265,-0.8061664692162384
UBFC_PHYS_s04_T3_test,55,127,59.233333333333334,0.5633334517478943,-0.901018039477757
UBFC_PHYS_s04_T3_test,55,128,59.266666666666666,0.6915627717971802,-0.957684175241745
UBFC_PHYS_s04_T3_test,55,129,59.3,0.7262535691261292,-0.982782299435873
UBFC_PHYS_s04_T3_test,55,130,59.333333333333336,0.7176491022109985,-0.9727854664172086
UBFC_PHYS_s04_T3_test,55,131,59.36666666666667,0.7197831273078918,-0.9152729883930509
UBFC_PHYS_s04_T3_test,55,132,59.4,0.7079532146453857,-0.7949269311774875
UBFC_PHYS_s04_T3_test,55,133,59.43333333333333,0.646844744682312,-0.6019315348383433
UBFC_PHYS_s04_T3_test,55,134,59.46666666666667,0.5639863014221191,-0.339372845528655
UBFC_PHYS_s04_T3_test,55,135,59.5,0.4819756746292114,-0.026413470815157696
UBFC_PHYS_s04_T3_test,55,136,59.53333333333333,0.35908639430999756,0.3043788438048727
UBFC_PHYS_s04_T3_test,55,137,59.56666666666667,0.17507891356945038,0.6147232455581388
UBFC_PHYS_s04_T3_test,55,138,59.6,-0.021343201398849487,0.8703122610728968
UBFC_PHYS_s04_T3_test,55,139,59.63333333333333,-0.18639741837978363,1.0486684622348583
UBFC_PHYS_s04_T3_test,55,140,59.666666666666664,-0.3397873342037201,1.1424205647997454
UBFC_PHYS_s04_T3_test,55,141,59.7,-0.5318828225135803,1.157426939137685
UBFC_PHYS_s04_T3_test,55,142,59.733333333333334,-0.7834302186965942,1.1072407964935354
UBFC_PHYS_s04_T3_test,55,143,59.766666666666666,-1.0147380828857422,1.0065925154255981
UBFC_PHYS_s04_T3_test,55,144,59.8,-1.0305535793304443,0.8665731056839523
UBFC_PHYS_s04_T3_test,55,145,59.833333333333336,-0.730156421661377,0.6931168493455128
UBFC_PHYS_s04_T3_test,55,146,59.86666666666667,-0.2657088041305542,0.4886918279858325
UBFC_PHYS_s04_T3_test,55,147,59.9,0.12862636148929596,0.2556723050081794
UBFC_PHYS_s04_T3_test,55,148,59.93333333333333,0.38742372393608093,-0.0006028855376381693
UBFC_PHYS_s04_T3_test,55,149,59.96666666666667,0.5721230506896973,-0.27048629658885626
UBFC_PHYS_s04_T3_test,55,150,60.0,0.7061991691589355,-0.5405734997575815
UBFC_PHYS_s04_T3_test,55,151,60.03333333333333,0.7752202153205872,-0.795236827189879
UBFC_PHYS_s04_T3_test,55,152,60.06666666666667,0.8039765954017639,-1.017893547583953
UBFC_PHYS_s04_T3_test,55,153,60.1,0.8270226120948792,-1.1913434712494546
UBFC_PHYS_s04_T3_test,55,154,60.13333333333333,0.8492890000343323,-1.2976221952674556
UBFC_PHYS_s04_T3_test,55,155,60.166666666666664,0.858848512172699,-1.3186484049013054
UBFC_PHYS_s04_T3_test,55,156,60.2,0.8476032018661499,-1.2388398364617246
UBFC_PHYS_s04_T3_test,55,157,60.233333333333334,0.8147151470184326,-1.0498465935302288
UBFC_PHYS_s04_T3_test,55,158,60.266666666666666,0.7590149641036987,-0.7561328254154697
UBFC_PHYS_s04_T3_test,55,159,60.3,0.6687213778495789,-0.3790461507493541
UBFC_PHYS_s04_T3_test,55,160,60.333333333333336,0.5484826564788818,0.043118960587411166
UBFC_PHYS_s04_T3_test,55,161,60.36666666666667,0.4435429275035858,0.4604533024221317
UBFC_PHYS_s04_T3_test,55,162,60.4,0.3838961720466614,0.8214659144181082
UBFC_PHYS_s04_T3_test,55,163,60.43333333333333,0.32499974966049194,1.0848916340429964
UBFC_PHYS_s04_T3_test,55,164,60.46666666666667,0.19631241261959076,1.2290711473524532
UBFC_PHYS_s04_T3_test,55,165,60.5,-0.017045829445123672,1.255319934867313
UBFC_PHYS_s04_T3_test,55,166,60.53333333333333,-0.22097130119800568,1.1842105855656269
UBFC_PHYS_s04_T3_test,55,167,60.56666666666667,-0.23055998980998993,1.046648958936958
UBFC_PHYS_s04_T3_test,55,168,60.6,0.03727063164114952,0.8733836158491469
UBFC_PHYS_s04_T3_test,55,169,60.63333333333333,0.3942059576511383,0.6865914593522225
UBFC_PHYS_s04_T3_test,55,170,60.666666666666664,0.5419050455093384,0.4958239812696666
UBFC_PHYS_s04_T3_test,55,171,60.7,0.41666731238365173,0.29878209130578903
UBFC_PHYS_s04_T3_test,55,172,60.733333333333334,0.21025696396827698,0.08594192637443615
UBFC_PHYS_s04_T3_test,55,173,60.766666666666666,0.07286769151687622,-0.15275467202529092
UBFC_PHYS_s04_T3_test,55,174,60.8,-0.011491400189697742,-0.4211652432416457
UBFC_PHYS_s04_T3_test,55,175,60.833333333333336,-0.06684079021215439,-0.711898279821081
UBFC_PHYS_s04_T3_test,55,176,60.86666666666667,-0.08723625540733337,-1.0040408010143118
UBFC_PHYS_s04_T3_test,55,177,60.9,-0.11310820281505585,-1.2641795356270629
UBFC_PHYS_s04_T3_test,55,178,60.93333333333333,-0.16924689710140228,-1.4509390343069652
UBFC_PHYS_s04_T3_test,55,179,60.96666666666667,-0.2117723822593689,-1.5228859388462785
UBFC_PHYS_s04_T3_test,55,180,61.0,-0.22826026380062103,-1.4487622318716316
UBFC_PHYS_s04_T3_test,55,181,61.03333333333333,-0.26870039105415344,-1.2176429081418718
UBFC_PHYS_s04_T3_test,55,182,61.06666666666667,-0.3532836139202118,-0.8454855108627377
UBFC_PHYS_s04_T3_test,55,183,61.1,-0.46710067987442017,-0.37496239564347766
UBFC_PHYS_s04_T3_test,55,184,61.13333333333333,-0.6016737222671509,0.13213172921769425
UBFC_PHYS_s04_T3_test,55,185,61.166666666666664,-0.7435065507888794,0.6078678751800162
UBFC_PHYS_s04_T3_test,55,186,61.2,-0.8811393976211548,0.9931144609775486
UBFC_PHYS_s04_T3_test,55,187,61.233333333333334,-1.0567665100097656,1.2504744976566957
UBFC_PHYS_s04_T3_test,55,188,61.266666666666666,-1.3448659181594849,1.3711814303474774
UBFC_PHYS_s04_T3_test,55,189,61.3,-1.686122179031372,1.3732585673727682
UBFC_PHYS_s04_T3_test,55,190,61.333333333333336,-1.8178986310958862,1.2916410371056146
UBFC_PHYS_s04_T3_test,55,191,61.36666666666667,-1.532342553138733,1.1644266383841941
UBFC_PHYS_s04_T3_test,55,192,61.4,-0.9434074759483337,1.0206413731825417
UBFC_PHYS_s04_T3_test,55,193,61.43333333333333,-0.34999969601631165,0.8735834608216649
UBFC_PHYS_s04_T3_test,55,194,61.46666666666667,0.08222252130508423,0.7210315146358699
UBFC_PHYS_s04_T3_test,55,195,61.5,0.3717641234397888,0.5507403469933483
UBFC_PHYS_s04_T3_test,55,196,61.53333333333333,0.5691899657249451,0.34792061629955506
UBFC_PHYS_s04_T3_test,55,197,61.56666666666667,0.700907826423645,0.1015299559674914
UBFC_PHYS_s04_T3_test,55,198,61.6,0.7831718325614929,-0.19206260845465362
UBFC_PHYS_s04_T3_test,55,199,61.63333333333333,0.8297803401947021,-0.5275474433390345
UBFC_PHYS_s04_T3_test,55,200,61.666666666666664,0.8473011255264282,-0.8900077709237912
UBFC_PHYS_s04_T3_test,55,201,61.7,0.8277534246444702,-1.2543395764640617
UBFC_PHYS_s04_T3_test,55,202,61.733333333333334,0.7557602524757385,-1.5851008899002945
UBFC_PHYS_s04_T3_test,55,203,61.766666666666666,0.6387859582901001,-1.8381497373254188
UBFC_PHYS_s04_T3_test,55,204,61.8,0.5024101138114929,-1.965700591241126
UBFC_PHYS_s04_T3_test,55,205,61.833333333333336,0.34111732244491577,-1.9255157179112616
UBFC_PHYS_s04_T3_test,55,206,61.86666666666667,0.1442762017250061,-1.6929395773921425
UBFC_PHYS_s04_T3_test,55,207,61.9,-0.05385122448205948,-1.272168335939779
UBFC_PHYS_s04_T3_test,55,208,61.93333333333333,-0.21780429780483246,-0.7018335413970227
UBFC_PHYS_s04_T3_test,55,209,61.96666666666667,-0.36311593651771545,-0.05107562685615935
UBFC_PHYS_s04_T3_test,55,210,62.0,-0.52834552526474,0.5940482463706361
UBFC_PHYS_s04_T3_test,55,211,62.03333333333333,-0.7430777549743652,1.1497697176036494
UBFC_PHYS_s04_T3_test,55,212,62.06666666666667,-0.9716863632202148,1.553049876093652
UBFC_PHYS_s04_T3_test,55,213,62.1,-1.0587348937988281,1.7732816661905342
UBFC_PHYS_s04_T3_test,55,214,62.13333333333333,-0.8507069945335388,1.813957422769154
UBFC_PHYS_s04_T3_test,55,215,62.166666666666664,-0.40994852781295776,1.7048298351344198
UBFC_PHYS_s04_T3_test,55,216,62.2,0.03519503027200699,1.4885519047341413
UBFC_PHYS_s04_T3_test,55,217,62.233333333333334,0.3386714458465576,1.2073077760723516
UBFC_PHYS_s04_T3_test,55,218,62.266666666666666,0.5015720725059509,0.8938963690134658
UBFC_PHYS_s04_T3_test,55,219,62.3,0.5671923160552979,0.5690724616811603
UBFC_PHYS_s04_T3_test,55,220,62.333333333333336,0.578154981136322,0.24426965429871345
UBFC_PHYS_s04_T3_test,55,221,62.36666666666667,0.5732241868972778,-0.07281081548444224
UBFC_PHYS_s04_T3_test,55,222,62.4,0.560526967048645,-0.3725542343092896
UBFC_PHYS_s04_T3_test,55,223,62.43333333333333,0.5320240259170532,-0.6398729920493961
UBFC_PHYS_s04_T3_test,55,224,62.46666666666667,0.4840415418148041,-0.8538605864648481
UBFC_PHYS_s04_T3_test,55,225,62.5,0.3988054394721985,-0.990759708033312
UBFC_PHYS_s04_T3_test,55,226,62.53333333333333,0.2523634135723114,-1.0294367284340662
UBFC_PHYS_s04_T3_test,55,227,62.56666666666667,0.060862332582473755,-0.9578516210102075
UBFC_PHYS_s04_T3_test,55,228,62.6,-0.13295796513557434,-0.778612528649075
UBFC_PHYS_s04_T3_test,55,229,62.63333333333333,-0.2962191700935364,-0.5117387683125361
UBFC_PHYS_s04_T3_test,55,230,62.666666666666664,-0.4550173580646515,-0.1933128550796649
UBFC_PHYS_s04_T3_test,55,231,62.7,-0.6809753775596619,0.13028109713798958
UBFC_PHYS_s04_T3_test,55,232,62.733333333333334,-0.9394511580467224,0.41152310653584034
UBFC_PHYS_s04_T3_test,55,233,62.766666666666666,-1.0048375129699707,0.611928713165898
UBFC_PHYS_s04_T3_test,55,234,62.8,-0.7222827672958374,0.7098883039854407
UBFC_PHYS_s04_T3_test,55,235,62.833333333333336,-0.25223201513290405,0.7032746302822489
UBFC_PHYS_s04_T3_test,55,236,62.86666666666667,0.14718984067440033,0.6060619796428156
UBFC_PHYS_s04_T3_test,55,237,62.9,0.3796572685241699,0.4409359176708762
UBFC_PHYS_s04_T3_test,55,238,62.93333333333333,0.4860002100467682,0.2316114208136876
UBFC_PHYS_s04_T3_test,55,239,62.96666666666667,0.5167542099952698,-0.0015929339296803105
UBFC_PHYS_s04_T3_test,56,0,56.0,-0.06513547897338867,-0.05048024032367497
UBFC_PHYS_s04_T3_test,56,1,56.03333333333333,-0.21567022800445557,-0.25120392366796473
UBFC_PHYS_s04_T3_test,56,2,56.06666666666667,-0.35822412371635437,-0.4186296516014247
UBFC_PHYS_s04_T3_test,56,3,56.1,-0.4785310924053192,-0.5275219681451694
UBFC_PHYS_s04_T3_test,56,4,56.13333333333333,-0.5969768166542053,-0.5630158992365032
UBFC_PHYS_s04_T3_test,56,5,56.166666666666664,-0.7592440843582153,-0.5223891690446252
UBFC_PHYS_s04_T3_test,56,6,56.2,-0.9502481818199158,-0.4138223519966952
UBFC_PHYS_s04_T3_test,56,7,56.233333333333334,-1.0079265832901,-0.2530728886041058
UBFC_PHYS_s04_T3_test,56,8,56.266666666666666,-0.7643015384674072,-0.05958310623009962
UBFC_PHYS_s04_T3_test,56,9,56.3,-0.31794965267181396,0.14683594384073925
UBFC_PHYS_s04_T3_test,56,10,56.333333333333336,0.07630754262208939,0.3484431422454216
UBFC_PHYS_s04_T3_test,56,11,56.36666666666667,0.3203905522823334,0.5311985680294824
UBFC_PHYS_s04_T3_test,56,12,56.4,0.4699898064136505,0.6852264098587277
UBFC_PHYS_s04_T3_test,56,13,56.43333333333333,0.5662665367126465,0.8035207379184959
UBFC_PHYS_s04_T3_test,56,14,56.46666666666667,0.6144731640815735,0.879192380023898
UBFC_PHYS_s04_T3_test,56,15,56.5,0.6284371614456177,0.9029657100025995
UBFC_PHYS_s04_T3_test,56,16,56.53333333333333,0.6160712838172913,0.8632708103074046
UBFC_PHYS_s04_T3_test,56,17,56.56666666666667,0.585346519947052,0.7502539179222717
UBFC_PHYS_s04_T3_test,56,18,56.6,0.5533062219619751,0.5625614494265335
UBFC_PHYS_s04_T3_test,56,19,56.63333333333333,0.5193267464637756,0.31343947996504573
UBFC_PHYS_s04_T3_test,56,20,56.666666666666664,0.4611709415912628,0.03224056845408586
UBFC_PHYS_s04_T3_test,56,21,56.7,0.3710625171661377,-0.24069249717561206
UBFC_PHYS_s04_T3_test,56,22,56.733333333333334,0.2592236399650574,-0.46450133393906085
UBFC_PHYS_s04_T3_test,56,23,56.766666666666666,0.1261025071144104,-0.6096106116540098
UBFC_PHYS_s04_T3_test,56,24,56.8,-0.03365064412355423,-0.6661720485374494
UBFC_PHYS_s04_T3_test,56,25,56.833333333333336,-0.19834430515766144,-0.645958065755109
UBFC_PHYS_s04_T3_test,56,26,56.86666666666667,-0.33726346492767334,-0.5771186708741387
UBFC_PHYS_s04_T3_test,56,27,56.9,-0.46213090419769287,-0.49383160254333147
UBFC_PHYS_s04_T3_test,56,28,56.93333333333333,-0.6209485530853271,-0.4246057377485405
UBFC_PHYS_s04_T3_test,56,29,56.96666666666667,-0.8297170996665955,-0.3833933330530763
UBFC_PHYS_s04_T3_test,56,30,57.0,-1.0009104013442993,-0.36664809797799564
UBFC_PHYS_s04_T3_test,56,31,57.03333333333333,-0.9607918858528137,-0.35720498485173247
UBFC_PHYS_s04_T3_test,56,32,57.06666666666667,-0.6581924557685852,-0.33305116873590357
UBFC_PHYS_s04_T3_test,56,33,57.1,-0.2540445029735565,-0.2770680948616723
UBFC_PHYS_s04_T3_test,56,34,57.13333333333333,0.05224809795618057,-0.18374755405962193
UBFC_PHYS_s04_T3_test,56,35,57.166666666666664,0.21736077964305878,-0.06066706652491914
UBFC_PHYS_s04_T3_test,56,36,57.2,0.3068065643310547,0.07488404284495452
UBFC_PHYS_s04_T3_test,56,37,57.233333333333334,0.360323965549469,0.20184701612761788
UBFC_PHYS_s04_T3_test,56,38,57.266666666666666,0.3788289725780487,0.3013772813427496
UBFC_PHYS_s04_T3_test,56,39,57.3,0.368753045797348,0.3611831950001147
UBFC_PHYS_s04_T3_test,56,40,57.333333333333336,0.3403864800930023,0.37745968236564276
UBFC_PHYS_s04_T3_test,56,41,57.36666666666667,0.30686503648757935,0.35436606050251795
UBFC_PHYS_s04_T3_test,56,42,57.4,0.2876291573047638,0.3015844351881215
UBFC_PHYS_s04_T3_test,56,43,57.43333333333333,0.2625270485877991,0.23095117824046052
UBFC_PHYS_s04_T3_test,56,44,57.46666666666667,0.17504967749118805,0.15334485220982735
UBFC_PHYS_s04_T3_test,56,45,57.5,0.023004520684480667,0.076738802457122
UBFC_PHYS_s04_T3_test,56,46,57.53333333333333,-0.12979097664356232,0.005656142123616879
UBFC_PHYS_s04_T3_test,56,47,57.56666666666667,-0.2630290389060974,-0.058211192656130416
UBFC_PHYS_s04_T3_test,56,48,57.6,-0.43055838346481323,-0.11443071244307781
UBFC_PHYS_s04_T3_test,56,49,57.63333333333333,-0.6563994884490967,-0.16162894454618593
UBFC_PHYS_s04_T3_test,56,50,57.666666666666664,-0.8344237804412842,-0.19566105997916505
UBFC_PHYS_s04_T3_test,56,51,57.7,-0.790573000907898,-0.20952137745970462
UBFC_PHYS_s04_T3_test,56,52,57.733333333333334,-0.4875546097755432,-0.19559983653278762
UBFC_PHYS_s04_T3_test,56,53,57.766666666666666,-0.10111258178949356,-0.14951816301024312
UBFC_PHYS_s04_T3_test,56,54,57.8,0.17347104847431183,-0.07381220849431537
UBFC_PHYS_s04_T3_test,56,55,57.833333333333336,0.3137349784374237,0.02042664770919413
UBFC_PHYS_s04_T3_test,56,56,57.86666666666667,0.3765682280063629,0.11517695471034538
UBFC_PHYS_s04_T3_test,56,57,57.9,0.3845977783203125,0.19022031790700686
UBFC_PHYS_s04_T3_test,56,58,57.93333333333333,0.3486694097518921,0.2292333145515738
UBFC_PHYS_s04_T3_test,56,59,57.96666666666667,0.300326406955719,0.2248320451192814
UBFC_PHYS_s04_T3_test,56,60,58.0,0.25789836049079895,0.180979500099563
UBFC_PHYS_s04_T3_test,56,61,58.03333333333333,0.21729256212711334,0.11239865762354337
UBFC_PHYS_s04_T3_test,56,62,58.06666666666667,0.1667570173740387,0.04117189755082189
UBFC_PHYS_s04_T3_test,56,63,58.1,0.0819399282336235,-0.009093739292131272
UBFC_PHYS_s04_T3_test,56,64,58.13333333333333,-0.054396919906139374,-0.02051255868296922
UBFC_PHYS_s04_T3_test,56,65,58.166666666666664,-0.2257266640663147,0.012511868106503996
UBFC_PHYS_s04_T3_test,56,66,58.2,-0.39521467685699463,0.08021536637456567
UBFC_PHYS_s04_T3_test,56,67,58.233333333333334,-0.5438589453697205,0.16002853811275805
UBFC_PHYS_s04_T3_test,56,68,58.266666666666666,-0.71399986743927,0.2244679348958636
UBFC_PHYS_s04_T3_test,56,69,58.3,-0.9585798382759094,0.2512068423285119
UBFC_PHYS_s04_T3_test,56,70,58.333333333333336,-1.1673483848571777,0.23072608481190746
UBFC_PHYS_s04_T3_test,56,71,58.36666666666667,-1.1111804246902466,0.1680788538073002
UBFC_PHYS_s04_T3_test,56,72,58.4,-0.7502887845039368,0.07856988512703832
UBFC_PHYS_s04_T3_test,56,73,58.43333333333333,-0.3080004155635834,-0.019823460200949557
UBFC_PHYS_s04_T3_test,56,74,58.46666666666667,0.026171518489718437,-0.1136688740576018
UBFC_PHYS_s04_T3_test,56,75,58.5,0.25409796833992004,-0.19825358322477754
UBFC_PHYS_s04_T3_test,56,76,58.53333333333333,0.4198245406150818,-0.2773791405171418
UBFC_PHYS_s04_T3_test,56,77,58.56666666666667,0.5172803997993469,-0.35898238365629037
UBFC_PHYS_s04_T3_test,56,78,58.6,0.5446529984474182,-0.448504671522992
UBFC_PHYS_s04_T3_test,56,79,58.63333333333333,0.5268593430519104,-0.5429386086840627
UBFC_PHYS_s04_T3_test,56,80,58.666666666666664,0.4840220510959625,-0.6280638201719027
UBFC_PHYS_s04_T3_test,56,81,58.7,0.43052414059638977,-0.6800136843622694
UBFC_PHYS_s04_T3_test,56,82,58.733333333333334,0.3897721767425537,-0.6708558178892347
UBFC_PHYS_s04_T3_test,56,83,58.766666666666666,0.3572739064693451,-0.5766775188335181
UBFC_PHYS_s04_T3_test,56,84,58.8,0.26725319027900696,-0.38587175097548865
UBFC_PHYS_s04_T3_test,56,85,58.833333333333336,0.08678299933671951,-0.10518800153775036
UBFC_PHYS_s04_T3_test,56,86,58.86666666666667,-0.1136733889579773,0.2382741322829648
UBFC_PHYS_s04_T3_test,56,87,58.9,-0.2580203115940094,0.6000088213843836
UBFC_PHYS_s04_T3_test,56,88,58.93333333333333,-0.37911656498908997,0.9259057438338846
UBFC_PHYS_s04_T3_test,56,89,58.96666666666667,-0.5741354823112488,1.163553815401695
UBFC_PHYS_s04_T3_test,56,90,59.0,-0.8611727356910706,1.2740981195686758
UBFC_PHYS_s04_T3_test,56,91,59.03333333333333,-1.0827358961105347,1.24087060963823
UBFC_PHYS_s04_T3_test,56,92,59.06666666666667,-1.0245411396026611,1.0719177626273948
UBFC_PHYS_s04_T3_test,56,93,59.1,-0.6666215658187866,0.7958230761928405
UBFC_PHYS_s04_T3_test,56,94,59.13333333333333,-0.21731705963611603,0.4527225606054253
UBFC_PHYS_s04_T3_test,56,95,59.166666666666664,0.13151076436042786,0.08401219377002066
UBFC_PHYS_s04_T3_test,56,96,59.2,0.3717348873615265,-0.27569196637172455
UBFC_PHYS_s04_T3_test,56,97,59.233333333333334,0.5633334517478943,-0.6021039613220163
UBFC_PHYS_s04_T3_test,56,98,59.266666666666666,0.6915627717971802,-0.8801063267011953
UBFC_PHYS_s04_T3_test,56,99,59.3,0.7262535691261292,-1.0995055872962216
UBFC_PHYS_s04_T3_test,56,100,59.333333333333336,0.7176491022109985,-1.2503354147552603
UBFC_PHYS_s04_T3_test,56,101,59.36666666666667,0.7197831273078918,-1.3202310471210374
UBFC_PHYS_s04_T3_test,56,102,59.4,0.7079532146453857,-1.2953428751051306
UBFC_PHYS_s04_T3_test,56,103,59.43333333333333,0.646844744682312,-1.1647286883095085
UBFC_PHYS_s04_T3_test,56,104,59.46666666666667,0.5639863014221191,-0.926684861140957
UBFC_PHYS_s04_T3_test,56,105,59.5,0.4819756746292114,-0.5943752383674226
UBFC_PHYS_s04_T3_test,56,106,59.53333333333333,0.35908639430999756,-0.19778780900410775
UBFC_PHYS_s04_T3_test,56,107,59.56666666666667,0.17507891356945038,0.21986636440980145
UBFC_PHYS_s04_T3_test,56,108,59.6,-0.021343201398849487,0.610737298127555
UBFC_PHYS_s04_T3_test,56,109,59.63333333333333,-0.18639741837978363,0.9329297875765901
UBFC_PHYS_s04_T3_test,56,110,59.666666666666664,-0.3397873342037201,1.1592828272803875
UBFC_PHYS_s04_T3_test,56,111,59.7,-0.5318828225135803,1.2813602542391553
UBFC_PHYS_s04_T3_test,56,112,59.733333333333334,-0.7834302186965942,1.307552576006089
UBFC_PHYS_s04_T3_test,56,113,59.766666666666666,-1.0147380828857422,1.2563437690813701
UBFC_PHYS_s04_T3_test,56,114,59.8,-1.0305535793304443,1.1475349678021542
UBFC_PHYS_s04_T3_test,56,115,59.833333333333336,-0.730156421661377,0.9949556098759603
UBFC_PHYS_s04_T3_test,56,116,59.86666666666667,-0.2657088041305542,0.8035784616291569
UBFC_PHYS_s04_T3_test,56,117,59.9,0.12862636148929596,0.5719785959506121
UBFC_PHYS_s04_T3_test,56,118,59.93333333333333,0.38742372393608093,0.29844921926949697
UBFC_PHYS_s04_T3_test,56,119,59.96666666666667,0.5721230506896973,-0.012609278373213892
UBFC_PHYS_s04_T3_test,56,120,60.0,0.7061991691589355,-0.3470747912068929
UBFC_PHYS_s04_T3_test,56,121,60.03333333333333,0.7752202153205872,-0.6815198373823779
UBFC_PHYS_s04_T3_test,56,122,60.06666666666667,0.8039765954017639,-0.9869973289514979
UBFC_PHYS_s04_T3_test,56,123,60.1,0.8270226120948792,-1.2344104369296651
UBFC_PHYS_s04_T3_test,56,124,60.13333333333333,0.8492890000343323,-1.3995982121116461
UBFC_PHYS_s04_T3_test,56,125,60.166666666666664,0.858848512172699,-1.4668079199025201
UBFC_PHYS_s04_T3_test,56,126,60.2,0.8476032018661499,-1.429901880299391
UBFC_PHYS_s04_T3_test,56,127,60.233333333333334,0.8147151470184326,-1.2914711944336852
UBFC_PHYS_s04_T3_test,56,128,60.266666666666666,0.7590149641036987,-1.0609483845626437
UBFC_PHYS_s04_T3_test,56,129,60.3,0.6687213778495789,-0.7531664245751857
UBFC_PHYS_s04_T3_test,56,130,60.333333333333336,0.5484826564788818,-0.3881169523511616
UBFC_PHYS_s04_T3_test,56,131,60.36666666666667,0.4435429275035858,0.008646362736172673
UBFC_PHYS_s04_T3_test,56,132,60.4,0.3838961720466614,0.40647888626123724
UBFC_PHYS_s04_T3_test,56,133,60.43333333333333,0.32499974966049194,0.7722808218048949
UBFC_PHYS_s04_T3_test,56,134,60.46666666666667,0.19631241261959076,1.075135463344436
UBFC_PHYS_s04_T3_test,56,135,60.5,-0.017045829445123672,1.2913256123014079
UBFC_PHYS_s04_T3_test,56,136,60.53333333333333,-0.22097130119800568,1.4078060323798602
UBFC_PHYS_s04_T3_test,56,137,60.56666666666667,-0.23055998980998993,1.4229473581045395
UBFC_PHYS_s04_T3_test,56,138,60.6,0.03727063164114952,1.344448022101609
UBFC_PHYS_s04_T3_test,56,139,60.63333333333333,0.3942059576511383,1.1854023047725293
UBFC_PHYS_s04_T3_test,56,140,60.666666666666664,0.5419050455093384,0.9603245298337121
UBFC_PHYS_s04_T3_test,56,141,60.7,0.41666731238365173,0.682874942334278
UBFC_PHYS_s04_T3_test,56,142,60.733333333333334,0.21025696396827698,0.3659277088038093
UBFC_PHYS_s04_T3_test,56,143,60.766666666666666,0.07286769151687622,0.023267944165574192
UBFC_PHYS_s04_T3_test,56,144,60.8,-0.011491400189697742,-0.32847088791606427
UBFC_PHYS_s04_T3_test,56,145,60.833333333333336,-0.06684079021215439,-0.6688638615298148
UBFC_PHYS_s04_T3_test,56,146,60.86666666666667,-0.08723625540733337,-0.9743420191052918
UBFC_PHYS_s04_T3_test,56,147,60.9,-0.11310820281505585,-1.2202958072140513
UBFC_PHYS_s04_T3_test,56,148,60.93333333333333,-0.16924689710140228,-1.3839908900197107
UBFC_PHYS_s04_T3_test,56,149,60.96666666666667,-0.2117723822593689,-1.4475301431218943
UBFC_PHYS_s04_T3_test,56,150,61.0,-0.22826026380062103,-1.4003236375173156
UBFC_PHYS_s04_T3_test,56,151,61.03333333333333,-0.26870039105415344,-1.2408820172239272
UBFC_PHYS_s04_T3_test,56,152,61.06666666666667,-0.3532836139202118,-0.9779679893365503
UBFC_PHYS_s04_T3_test,56,153,61.1,-0.46710067987442017,-0.6310874015288028
UBFC_PHYS_s04_T3_test,56,154,61.13333333333333,-0.6016737222671509,-0.23000950303713022
UBFC_PHYS_s04_T3_test,56,155,61.166666666666664,-0.7435065507888794,0.18733143158622026
UBFC_PHYS_s04_T3_test,56,156,61.2,-0.8811393976211548,0.5792230654104414
UBFC_PHYS_s04_T3_test,56,157,61.233333333333334,-1.0567665100097656,0.9067757080969305
UBFC_PHYS_s04_T3_test,56,158,61.266666666666666,-1.3448659181594849,1.141224428386061
UBFC_PHYS_s04_T3_test,56,159,61.3,-1.686122179031372,1.2693088904714849
UBFC_PHYS_s04_T3_test,56,160,61.333333333333336,-1.8178986310958862,1.2943515591189891
UBFC_PHYS_s04_T3_test,56,161,61.36666666666667,-1.532342553138733,1.2323134218556848
UBFC_PHYS_s04_T3_test,56,162,61.4,-0.9434074759483337,1.1043787159843486
UBFC_PHYS_s04_T3_test,56,163,61.43333333333333,-0.34999969601631165,0.9292573468181546
UBFC_PHYS_s04_T3_test,56,164,61.46666666666667,0.08222252130508423,0.7184415120671975
UBFC_PHYS_s04_T3_test,56,165,61.5,0.3717641234397888,0.476112146201983
UBFC_PHYS_s04_T3_test,56,166,61.53333333333333,0.5691899657249451,0.20309162018114787
UBFC_PHYS_s04_T3_test,56,167,61.56666666666667,0.700907826423645,-0.09754366301890799
UBFC_PHYS_s04_T3_test,56,168,61.6,0.7831718325614929,-0.4159241414788729
UBFC_PHYS_s04_T3_test,56,169,61.63333333333333,0.8297803401947021,-0.7336686458575282
UBFC_PHYS_s04_T3_test,56,170,61.666666666666664,0.8473011255264282,-1.0251979083696003
UBFC_PHYS_s04_T3_test,56,171,61.7,0.8277534246444702,-1.2611178140125048
UBFC_PHYS_s04_T3_test,56,172,61.733333333333334,0.7557602524757385,-1.4124293321513757
UBFC_PHYS_s04_T3_test,56,173,61.766666666666666,0.6387859582901001,-1.4547376902821212
UBFC_PHYS_s04_T3_test,56,174,61.8,0.5024101138114929,-1.3721925899754228
UBFC_PHYS_s04_T3_test,56,175,61.833333333333336,0.34111732244491577,-1.1611653027629742
UBFC_PHYS_s04_T3_test,56,176,61.86666666666667,0.1442762017250061,-0.8334286014762905
UBFC_PHYS_s04_T3_test,56,177,61.9,-0.05385122448205948,-0.41781989427862704
UBFC_PHYS_s04_T3_test,56,178,61.93333333333333,-0.21780429780483246,0.04142180907377293
UBFC_PHYS_s04_T3_test,56,179,61.96666666666667,-0.36311593651771545,0.4910068474946963
UBFC_PHYS_s04_T3_test,56,180,62.0,-0.52834552526474,0.8788323926483055
UBFC_PHYS_s04_T3_test,56,181,62.03333333333333,-0.7430777549743652,1.164905623356829
UBFC_PHYS_s04_T3_test,56,182,62.06666666666667,-0.9716863632202148,1.3289507553466164
UBFC_PHYS_s04_T3_test,56,183,62.1,-1.0587348937988281,1.3719147186947587
UBFC_PHYS_s04_T3_test,56,184,62.13333333333333,-0.8507069945335388,1.3111000227049145
UBFC_PHYS_s04_T3_test,56,185,62.166666666666664,-0.40994852781295776,1.1712563832172966
UBFC_PHYS_s04_T3_test,56,186,62.2,0.03519503027200699,0.975459383355022
UBFC_PHYS_s04_T3_test,56,187,62.233333333333334,0.3386714458465576,0.7392935821864655
UBFC_PHYS_s04_T3_test,56,188,62.266666666666666,0.5015720725059509,0.4699485891301644
UBFC_PHYS_s04_T3_test,56,189,62.3,0.5671923160552979,0.16958806022796297
UBFC_PHYS_s04_T3_test,56,190,62.333333333333336,0.578154981136322,-0.15901454222282074
UBFC_PHYS_s04_T3_test,56,191,62.36666666666667,0.5732241868972778,-0.5069000060419311
UBFC_PHYS_s04_T3_test,56,192,62.4,0.560526967048645,-0.8553645022221182
UBFC_PHYS_s04_T3_test,56,193,62.43333333333333,0.5320240259170532,-1.1754932152046165
UBFC_PHYS_s04_T3_test,56,194,62.46666666666667,0.4840415418148041,-1.4307443277196836
UBFC_PHYS_s04_T3_test,56,195,62.5,0.3988054394721985,-1.5818522168533333
UBFC_PHYS_s04_T3_test,56,196,62.53333333333333,0.2523634135723114,-1.5933678477679547
UBFC_PHYS_s04_T3_test,56,197,62.56666666666667,0.060862332582473755,-1.4412978329669515
UBFC_PHYS_s04_T3_test,56,198,62.6,-0.13295796513557434,-1.120830871653104
UBFC_PHYS_s04_T3_test,56,199,62.63333333333333,-0.2962191700935364,-0.6521815686171892
UBFC_PHYS_s04_T3_test,56,200,62.666666666666664,-0.4550173580646515,-0.08191429149249843
UBFC_PHYS_s04_T3_test,56,201,62.7,-0.6809753775596619,0.5223351415278633
UBFC_PHYS_s04_T3_test,56,202,62.733333333333334,-0.9394511580467224,1.0837190948971263
UBFC_PHYS_s04_T3_test,56,203,62.766666666666666,-1.0048375129699707,1.5318042528862172
UBFC_PHYS_s04_T3_test,56,204,62.8,-0.7222827672958374,1.8171271712735761
UBFC_PHYS_s04_T3_test,56,205,62.833333333333336,-0.25223201513290405,1.9198311524495089
UBFC_PHYS_s04_T3_test,56,206,62.86666666666667,0.14718984067440033,1.8497823087004368
UBFC_PHYS_s04_T3_test,56,207,62.9,0.3796572685241699,1.6388412822398835
UBFC_PHYS_s04_T3_test,56,208,62.93333333333333,0.4860002100467682,1.328630908292052
UBFC_PHYS_s04_T3_test,56,209,62.96666666666667,0.5167542099952698,0.9582698860006716
UBFC_PHYS_s04_T3_test,56,210,63.0,0.5039010643959045,0.5560189363626191
UBFC_PHYS_s04_T3_test,56,211,63.03333333333333,0.4689861238002777,0.13711122913500853
UBFC_PHYS_s04_T3_test,56,212,63.06666666666667,0.426499605178833,-0.2921197216668324
UBFC_PHYS_s04_T3_test,56,213,63.1,0.38541632890701294,-0.7259174178211409
UBFC_PHYS_s04_T3_test,56,214,63.13333333333333,0.3460383713245392,-1.1504170703572343
UBFC_PHYS_s04_T3_test,56,215,63.166666666666664,0.28810665011405945,-1.538708110054161
UBFC_PHYS_s04_T3_test,56,216,63.2,0.17212629318237305,-1.8521245343179926
UBFC_PHYS_s04_T3_test,56,217,63.233333333333334,-0.009600945748388767,-2.047578029388551
UBFC_PHYS_s04_T3_test,56,218,63.266666666666666,-0.20259295403957367,-2.0884285316896194
UBFC_PHYS_s04_T3_test,56,219,63.3,-0.3663608729839325,-1.955319107349434
UBFC_PHYS_s04_T3_test,56,220,63.333333333333336,-0.5503683686256409,-1.6537182028161796
UBFC_PHYS_s04_T3_test,56,221,63.36666666666667,-0.8164839148521423,-1.2159330905673107
UBFC_PHYS_s04_T3_test,56,222,63.4,-1.0877057313919067,-0.6965193456832938
UBFC_PHYS_s04_T3_test,56,223,63.43333333333333,-1.1382607221603394,-0.16163894121191102
UBFC_PHYS_s04_T3_test,56,224,63.46666666666667,-0.8291324377059937,0.32487325425670777
UBFC_PHYS_s04_T3_test,56,225,63.5,-0.3036835491657257,0.7143335517241339
UBFC_PHYS_s04_T3_test,56,226,63.53333333333333,0.1693490892648697,0.9807274643828459
UBFC_PHYS_s04_T3_test,56,227,63.56666666666667,0.48643872141838074,1.1209211681054287
UBFC_PHYS_s04_T3_test,56,228,63.6,0.6788362860679626,1.148755937365155
UBFC_PHYS_s04_T3_test,56,229,63.63333333333333,0.7775102257728577,1.0866268949802587
UBFC_PHYS_s04_T3_test,56,230,63.666666666666664,0.8077380061149597,0.9584581543734384
UBFC_PHYS_s04_T3_test,56,231,63.7,0.7962101101875305,0.7863927670218631
UBFC_PHYS_s04_T3_test,56,232,63.733333333333334,0.7460253834724426,0.5911537960717937
UBFC_PHYS_s04_T3_test,56,233,63.766666666666666,0.6599122881889343,0.3941142320811278
UBFC_PHYS_s04_T3_test,56,234,63.8,0.5649412870407104,0.2184520679589868
UBFC_PHYS_s04_T3_test,56,235,63.833333333333336,0.46984362602233887,0.08747066183570018
UBFC_PHYS_s04_T3_test,56,236,63.86666666666667,0.33209383487701416,0.01981012208789637
UBFC_PHYS_s04_T3_test,56,237,63.9,0.11020904034376144,0.023212645639010036
UBFC_PHYS_s04_T3_test,56,238,63.93333333333333,-0.1592976599931717,0.08988541689020926
UBFC_PHYS_s04_T3_test,56,239,63.96666666666667,-0.38521671295166016,0.19638626875663373
UBFC_PHYS_s04_T3_test,57,0,57.0,-1.0009104013442993,-0.002412451621518769
UBFC_PHYS_s04_T3_test,57,1,57.03333333333333,-0.9607918858528137,0.010000653965409532
UBFC_PHYS_s04_T3_test,57,2,57.06666666666667,-0.6581924557685852,0.030702209961166755
UBFC_PHYS_s04_T3_test,57,3,57.1,-0.2540445029735565,0.06618432143365648
UBFC_PHYS_s04_T3_test,57,4,57.13333333333333,0.05224809795618057,0.12007181816086902
UBFC_PHYS_s04_T3_test,57,5,57.166666666666664,0.21736077964305878,0.19243068581767367
UBFC_PHYS_s04_T3_test,57,6,57.2,0.3068065643310547,0.27953094120619437
UBFC_PHYS_s04_T3_test,57,7,57.233333333333334,0.360323965549469,0.3739714974300913
UBFC_PHYS_s04_T3_test,57,8,57.266666666666666,0.3788289725780487,0.4652236934416738
UBFC_PHYS_s04_T3_test,57,9,57.3,0.368753045797348,0.5407595002004967
UBFC_PHYS_s04_T3_test,57,10,57.333333333333336,0.3403864800930023,0.5878186954109633
UBFC_PHYS_s04_T3_test,57,11,57.36666666666667,0.30686503648757935,0.5956259014427294
UBFC_PHYS_s04_T3_test,57,12,57.4,0.2876291573047638,0.5576628381543943
UBFC_PHYS_s04_T3_test,57,13,57.43333333333333,0.2625270485877991,0.4734634505592243
UBFC_PHYS_s04_T3_test,57,14,57.46666666666667,0.17504967749118805,0.3493490901371702
UBFC_PHYS_s04_T3_test,57,15,57.5,0.023004520684480667,0.19769149453873433
UBFC_PHYS_s04_T3_test,57,16,57.53333333333333,-0.12979097664356232,0.034757425730929374
UBFC_PHYS_s04_T3_test,57,17,57.56666666666667,-0.2630290389060974,-0.12220251779496244
UBFC_PHYS_s04_T3_test,57,18,57.6,-0.43055838346481323,-0.25757777811734617
UBFC_PHYS_s04_T3_test,57,19,57.63333333333333,-0.6563994884490967,-0.3590157399114857
UBFC_PHYS_s04_T3_test,57,20,57.666666666666664,-0.8344237804412842,-0.41827869227547926
UBFC_PHYS_s04_T3_test,57,21,57.7,-0.790573000907898,-0.43213938627818055
UBFC_PHYS_s04_T3_test,57,22,57.733333333333334,-0.4875546097755432,-0.40352111712193994
UBFC_PHYS_s04_T3_test,57,23,57.766666666666666,-0.10111258178949356,-0.34208766557003284
UBFC_PHYS_s04_T3_test,57,24,57.8,0.17347104847431183,-0.2632058678671782
UBFC_PHYS_s04_T3_test,57,25,57.833333333333336,0.3137349784374237,-0.1848908023790098
UBFC_PHYS_s04_T3_test,57,26,57.86666666666667,0.3765682280063629,-0.12349526859234493
UBFC_PHYS_s04_T3_test,57,27,57.9,0.3845977783203125,-0.08967207412487899
UBFC_PHYS_s04_T3_test,57,28,57.93333333333333,0.3486694097518921,-0.08597030057992117
UBFC_PHYS_s04_T3_test,57,29,57.96666666666667,0.300326406955719,-0.10660472679511983
UBFC_PHYS_s04_T3_test,57,30,58.0,0.25789836049079895,-0.13911451090173207
UBFC_PHYS_s04_T3_test,57,31,58.03333333333333,0.21729256212711334,-0.16725196104770101
UBFC_PHYS_s04_T3_test,57,32,58.06666666666667,0.1667570173740387,-0.17454913504630032
UBFC_PHYS_s04_T3_test,57,33,58.1,0.0819399282336235,-0.1481814943868684
UBFC_PHYS_s04_T3_test,57,34,58.13333333333333,-0.054396919906139374,-0.08261460011402458
UBFC_PHYS_s04_T3_test,57,35,58.166666666666664,-0.2257266640663147,0.017774450446661053
UBFC_PHYS_s04_T3_test,57,36,58.2,-0.39521467685699463,0.13806006989028866
UBFC_PHYS_s04_T3_test,57,37,58.233333333333334,-0.5438589453697205,0.25504146747497397
UBFC_PHYS_s04_T3_test,57,38,58.266666666666666,-0.71399986743927,0.34293831864123187
UBFC_PHYS_s04_T3_test,57,39,58.3,-0.9585798382759094,0.38156425986444353
UBFC_PHYS_s04_T3_test,57,40,58.333333333333336,-1.1673483848571777,0.3637890069536376
UBFC_PHYS_s04_T3_test,57,41,58.36666666666667,-1.1111804246902466,0.29824804962350104
UBFC_PHYS_s04_T3_test,57,42,58.4,-0.7502887845039368,0.20536480752884512
UBFC_PHYS_s04_T3_test,57,43,58.43333333333333,-0.3080004155635834,0.1083890549447915
UBFC_PHYS_s04_T3_test,57,44,58.46666666666667,0.026171518489718437,0.023767839394644347
UBFC_PHYS_s04_T3_test,57,45,58.5,0.25409796833992004,-0.04465341068747415
UBFC_PHYS_s04_T3_test,57,46,58.53333333333333,0.4198245406150818,-0.10524093607479723
UBFC_PHYS_s04_T3_test,57,47,58.56666666666667,0.5172803997993469,-0.17264188924278376
UBFC_PHYS_s04_T3_test,57,48,58.6,0.5446529984474182,-0.259152996929744
UBFC_PHYS_s04_T3_test,57,49,58.63333333333333,0.5268593430519104,-0.36682926520060927
UBFC_PHYS_s04_T3_test,57,50,58.666666666666664,0.4840220510959625,-0.482981253509476
UBFC_PHYS_s04_T3_test,57,51,58.7,0.43052414059638977,-0.5804323741939897
UBFC_PHYS_s04_T3_test,57,52,58.733333333333334,0.3897721767425537,-0.6228621236822713
UBFC_PHYS_s04_T3_test,57,53,58.766666666666666,0.3572739064693451,-0.5745373833075786
UBFC_PHYS_s04_T3_test,57,54,58.8,0.26725319027900696,-0.4123532119840416
UBFC_PHYS_s04_T3_test,57,55,58.833333333333336,0.08678299933671951,-0.13666459456523794
UBFC_PHYS_s04_T3_test,57,56,58.86666666666667,-0.1136733889579773,0.2232751342268226
UBFC_PHYS_s04_T3_test,57,57,58.9,-0.2580203115940094,0.6124058174405067
UBFC_PHYS_s04_T3_test,57,58,58.93333333333333,-0.37911656498908997,0.9616831562079926
UBFC_PHYS_s04_T3_test,57,59,58.96666666666667,-0.5741354823112488,1.205262916576021
UBFC_PHYS_s04_T3_test,57,60,59.0,-0.8611727356910706,1.2972784902670853
UBFC_PHYS_s04_T3_test,57,61,59.03333333333333,-1.0827358961105347,1.2224797756439991
UBFC_PHYS_s04_T3_test,57,62,59.06666666666667,-1.0245411396026611,0.9975511109136702
UBFC_PHYS_s04_T3_test,57,63,59.1,-0.6666215658187866,0.6635940913183769
UBFC_PHYS_s04_T3_test,57,64,59.13333333333333,-0.21731705963611603,0.2732471349606038
UBFC_PHYS_s04_T3_test,57,65,59.166666666666664,0.13151076436042786,-0.12283570369663707
UBFC_PHYS_s04_T3_test,57,66,59.2,0.3717348873615265,-0.48602502424536986
UBFC_PHYS_s04_T3_test,57,67,59.233333333333334,0.5633334517478943,-0.7938965479798639
UBFC_PHYS_s04_T3_test,57,68,59.266666666666666,0.6915627717971802,-1.038204576614337
UBFC_PHYS_s04_T3_test,57,69,59.3,0.7262535691261292,-1.2182457955585846
UBFC_PHYS_s04_T3_test,57,70,59.333333333333336,0.7176491022109985,-1.332773663224248
UBFC_PHYS_s04_T3_test,57,71,59.36666666666667,0.7197831273078918,-1.3741599478084043
UBFC_PHYS_s04_T3_test,57,72,59.4,0.7079532146453857,-1.3275797100723508
UBFC_PHYS_s04_T3_test,57,73,59.43333333333333,0.646844744682312,-1.1759755739627342
UBFC_PHYS_s04_T3_test,57,74,59.46666666666667,0.5639863014221191,-0.9092039811910154
UBFC_PHYS_s04_T3_test,57,75,59.5,0.4819756746292114,-0.5337918134480787
UBFC_PHYS_s04_T3_test,57,76,59.53333333333333,0.35908639430999756,-0.07884364808492329
UBFC_PHYS_s04_T3_test,57,77,59.56666666666667,0.17507891356945038,0.40545160832825333
UBFC_PHYS_s04_T3_test,57,78,59.6,-0.021343201398849487,0.8574793290978839
UBFC_PHYS_s04_T3_test,57,79,59.63333333333333,-0.18639741837978363,1.2191745416514346
UBFC_PHYS_s04_T3_test,57,80,59.666666666666664,-0.3397873342037201,1.450722122538618
UBFC_PHYS_s04_T3_test,57,81,59.7,-0.5318828225135803,1.539113739544071
UBFC_PHYS_s04_T3_test,57,82,59.733333333333334,-0.7834302186965942,1.4973600875458917
UBFC_PHYS_s04_T3_test,57,83,59.766666666666666,-1.0147380828857422,1.355408799932755
UBFC_PHYS_s04_T3_test,57,84,59.8,-1.0305535793304443,1.1474103065778658
UBFC_PHYS_s04_T3_test,57,85,59.833333333333336,-0.730156421661377,0.9010098282459523
UBFC_PHYS_s04_T3_test,57,86,59.86666666666667,-0.2657088041305542,0.6323880468426909
UBFC_PHYS_s04_T3_test,57,87,59.9,0.12862636148929596,0.34747277380816216
UBFC_PHYS_s04_T3_test,57,88,59.93333333333333,0.38742372393608093,0.04720132645533876
UBFC_PHYS_s04_T3_test,57,89,59.96666666666667,0.5721230506896973,-0.2662260818970064
UBFC_PHYS_s04_T3_test,57,90,60.0,0.7061991691589355,-0.5846861786345505
UBFC_PHYS_s04_T3_test,57,91,60.03333333333333,0.7752202153205872,-0.8923853355614809
UBFC_PHYS_s04_T3_test,57,92,60.06666666666667,0.8039765954017639,-1.1670051049856884
UBFC_PHYS_s04_T3_test,57,93,60.1,0.8270226120948792,-1.3828059628267644
UBFC_PHYS_s04_T3_test,57,94,60.13333333333333,0.8492890000343323,-1.5144853286631865
UBFC_PHYS_s04_T3_test,57,95,60.166666666666664,0.858848512172699,-1.5409411176261831
UBFC_PHYS_s04_T3_test,57,96,60.2,0.8476032018661499,-1.4487416883637179
UBFC_PHYS_s04_T3_test,57,97,60.233333333333334,0.8147151470184326,-1.2354332063257776
UBFC_PHYS_s04_T3_test,57,98,60.266666666666666,0.7590149641036987,-0.9124494370104748
UBFC_PHYS_s04_T3_test,57,99,60.3,0.6687213778495789,-0.5066133778479143
UBFC_PHYS_s04_T3_test,57,100,60.333333333333336,0.5484826564788818,-0.05870631475670853
UBFC_PHYS_s04_T3_test,57,101,60.36666666666667,0.4435429275035858,0.3820581348695603
UBFC_PHYS_s04_T3_test,57,102,60.4,0.3838961720466614,0.7673589743499063
UBFC_PHYS_s04_T3_test,57,103,60.43333333333333,0.32499974966049194,1.0604377652248678
UBFC_PHYS_s04_T3_test,57,104,60.46666666666667,0.19631241261959076,1.2439508696415262
UBFC_PHYS_s04_T3_test,57,105,60.5,-0.017045829445123672,1.321287512228246
UBFC_PHYS_s04_T3_test,57,106,60.53333333333333,-0.22097130119800568,1.310728637272007
UBFC_PHYS_s04_T3_test,57,107,60.56666666666667,-0.23055998980998993,1.235463350996785
UBFC_PHYS_s04_T3_test,57,108,60.6,0.03727063164114952,1.1141635411081476
UBFC_PHYS_s04_T3_test,57,109,60.63333333333333,0.3942059576511383,0.955952507310017
UBFC_PHYS_s04_T3_test,57,110,60.666666666666664,0.5419050455093384,0.7610970768003514
UBFC_PHYS_s04_T3_test,57,111,60.7,0.41666731238365173,0.5260799420048022
UBFC_PHYS_s04_T3_test,57,112,60.733333333333334,0.21025696396827698,0.2501338608679252
UBFC_PHYS_s04_T3_test,57,113,60.766666666666666,0.07286769151687622,-0.05974864162355636
UBFC_PHYS_s04_T3_test,57,114,60.8,-0.011491400189697742,-0.3871774002924645
UBFC_PHYS_s04_T3_test,57,115,60.833333333333336,-0.06684079021215439,-0.7082569080803457
UBFC_PHYS_s04_T3_test,57,116,60.86666666666667,-0.08723625540733337,-0.9956988799406061
UBFC_PHYS_s04_T3_test,57,117,60.9,-0.11310820281505585,-1.2232439914819044
UBFC_PHYS_s04_T3_test,57,118,60.93333333333333,-0.16924689710140228,-1.3689432151519703
UBFC_PHYS_s04_T3_test,57,119,60.96666666666667,-0.2117723822593689,-1.416935717772009
UBFC_PHYS_s04_T3_test,57,120,61.0,-0.22826026380062103,-1.3583343626350812
UBFC_PHYS_s04_T3_test,57,121,61.03333333333333,-0.26870039105415344,-1.1920749492490852
UBFC_PHYS_s04_T3_test,57,122,61.06666666666667,-0.3532836139202118,-0.9260173927816299
UBFC_PHYS_s04_T3_test,57,123,61.1,-0.46710067987442017,-0.5778606695857852
UBFC_PHYS_s04_T3_test,57,124,61.13333333333333,-0.6016737222671509,-0.1751619337746407
UBFC_PHYS_s04_T3_test,57,125,61.166666666666664,-0.7435065507888794,0.24623496937050082
UBFC_PHYS_s04_T3_test,57,126,61.2,-0.8811393976211548,0.6459678450057511
UBFC_PHYS_s04_T3_test,57,127,61.233333333333334,-1.0567665100097656,0.9850928350931499
UBFC_PHYS_s04_T3_test,57,128,61.266666666666666,-1.3448659181594849,1.2328184418338561
UBFC_PHYS_s04_T3_test,57,129,61.3,-1.686122179031372,1.3716544872554777
UBFC_PHYS_s04_T3_test,57,130,61.333333333333336,-1.8178986310958862,1.3989658787579446
UBFC_PHYS_s04_T3_test,57,131,61.36666666666667,-1.532342553138733,1.3245076383626961
UBFC_PHYS_s04_T3_test,57,132,61.4,-0.9434074759483337,1.1653553321381478
UBFC_PHYS_s04_T3_test,57,133,61.43333333333333,-0.34999969601631165,0.9406904738132877
UBFC_PHYS_s04_T3_test,57,134,61.46666666666667,0.08222252130508423,0.6685641317426212
UBFC_PHYS_s04_T3_test,57,135,61.5,0.3717641234397888,0.36528959738791644
UBFC_PHYS_s04_T3_test,57,136,61.53333333333333,0.5691899657249451,0.04642161546460334
UBFC_PHYS_s04_T3_test,57,137,61.56666666666667,0.700907826423645,-0.27244365457656994
UBFC_PHYS_s04_T3_test,57,138,61.6,0.7831718325614929,-0.5760389944019694
UBFC_PHYS_s04_T3_test,57,139,61.63333333333333,0.8297803401947021,-0.8505112502635677
UBFC_PHYS_s04_T3_test,57,140,61.666666666666664,0.8473011255264282,-1.083917498768596
UBFC_PHYS_s04_T3_test,57,141,61.7,0.8277534246444702,-1.2652206992377923
UBFC_PHYS_s04_T3_test,57,142,61.733333333333334,0.7557602524757385,-1.3822283886228475
UBFC_PHYS_s04_T3_test,57,143,61.766666666666666,0.6387859582901001,-1.420102155566777
UBFC_PHYS_s04_T3_test,57,144,61.8,0.5024101138114929,-1.3621244185857813
UBFC_PHYS_s04_T3_test,57,145,61.833333333333336,0.34111732244491577,-1.193527788935631
UBFC_PHYS_s04_T3_test,57,146,61.86666666666667,0.1442762017250061,-0.9079579069960607
UBFC_PHYS_s04_T3_test,57,147,61.9,-0.05385122448205948,-0.5146943286101272
UBFC_PHYS_s04_T3_test,57,148,61.93333333333333,-0.21780429780483246,-0.04345040775190779
UBFC_PHYS_s04_T3_test,57,149,61.96666666666667,-0.36311593651771545,0.45645515277075693
UBFC_PHYS_s04_T3_test,57,150,62.0,-0.52834552526474,0.9238295352792579
UBFC_PHYS_s04_T3_test,57,151,62.03333333333333,-0.7430777549743652,1.2985158327686805
UBFC_PHYS_s04_T3_test,57,152,62.06666666666667,-0.9716863632202148,1.5352909634516185
UBFC_PHYS_s04_T3_test,57,153,62.1,-1.0587348937988281,1.6137866240634064
UBFC_PHYS_s04_T3_test,57,154,62.13333333333333,-0.8507069945335388,1.5408192386755413
UBFC_PHYS_s04_T3_test,57,155,62.166666666666664,-0.40994852781295776,1.3445897113462462
UBFC_PHYS_s04_T3_test,57,156,62.2,0.03519503027200699,1.0637032800230948
UBFC_PHYS_s04_T3_test,57,157,62.233333333333334,0.3386714458465576,0.735855714212171
UBFC_PHYS_s04_T3_test,57,158,62.266666666666666,0.5015720725059509,0.39022179281050295
UBFC_PHYS_s04_T3_test,57,159,62.3,0.5671923160552979,0.045145753104250376
UBFC_PHYS_s04_T3_test,57,160,62.333333333333336,0.578154981136322,-0.2895393356347197
UBFC_PHYS_s04_T3_test,57,161,62.36666666666667,0.5732241868972778,-0.6075193214481119
UBFC_PHYS_s04_T3_test,57,162,62.4,0.560526967048645,-0.9005720551430086
UBFC_PHYS_s04_T3_test,57,163,62.43333333333333,0.5320240259170532,-1.1545531789470824
UBFC_PHYS_s04_T3_test,57,164,62.46666666666667,0.4840415418148041,-1.347993788721868
UBFC_PHYS_s04_T3_test,57,165,62.5,0.3988054394721985,-1.4538891668021177
UBFC_PHYS_s04_T3_test,57,166,62.53333333333333,0.2523634135723114,-1.4446919004733352
UBFC_PHYS_s04_T3_test,57,167,62.56666666666667,0.060862332582473755,-1.2997879830270762
UBFC_PHYS_s04_T3_test,57,168,62.6,-0.13295796513557434,-1.0137560383893303
UBFC_PHYS_s04_T3_test,57,169,62.63333333333333,-0.2962191700935364,-0.6028958330051927
UBFC_PHYS_s04_T3_test,57,170,62.666666666666664,-0.4550173580646515,-0.10738716384775025
UBFC_PHYS_s04_T3_test,57,171,62.7,-0.6809753775596619,0.41280992650743914
UBFC_PHYS_s04_T3_test,57,172,62.733333333333334,-0.9394511580467224,0.888574977870832
UBFC_PHYS_s04_T3_test,57,173,62.766666666666666,-1.0048375129699707,1.256553542473366
UBFC_PHYS_s04_T3_test,57,174,62.8,-0.7222827672958374,1.4736400120949757
UBFC_PHYS_s04_T3_test,57,175,62.833333333333336,-0.25223201513290405,1.5256155102927769
UBFC_PHYS_s04_T3_test,57,176,62.86666666666667,0.14718984067440033,1.4268904323666096
UBFC_PHYS_s04_T3_test,57,177,62.9,0.3796572685241699,1.212167941410752
UBFC_PHYS_s04_T3_test,57,178,62.93333333333333,0.4860002100467682,0.9238686460402474
UBFC_PHYS_s04_T3_test,57,179,62.96666666666667,0.5167542099952698,0.6001280446854158
UBFC_PHYS_s04_T3_test,57,180,63.0,0.5039010643959045,0.26713689392616313
UBFC_PHYS_s04_T3_test,57,181,63.03333333333333,0.4689861238002777,-0.06250231479976406
UBFC_PHYS_s04_T3_test,57,182,63.06666666666667,0.426499605178833,-0.3858282060429104
UBFC_PHYS_s04_T3_test,57,183,63.1,0.38541632890701294,-0.7021020891933589
UBFC_PHYS_s04_T3_test,57,184,63.13333333333333,0.3460383713245392,-1.0051122150635927
UBFC_PHYS_s04_T3_test,57,185,63.166666666666664,0.28810665011405945,-1.278312042408211
UBFC_PHYS_s04_T3_test,57,186,63.2,0.17212629318237305,-1.4945283176264457
UBFC_PHYS_s04_T3_test,57,187,63.233333333333334,-0.009600945748388767,-1.6202193090220838
UBFC_PHYS_s04_T3_test,57,188,63.266666666666666,-0.20259295403957367,-1.6230695304621698
UBFC_PHYS_s04_T3_test,57,189,63.3,-0.3663608729839325,-1.4810568599362477
UBFC_PHYS_s04_T3_test,57,190,63.333333333333336,-0.5503683686256409,-1.1906689549646776
UBFC_PHYS_s04_T3_test,57,191,63.36666666666667,-0.8164839148521423,-0.7717317507562114
UBFC_PHYS_s04_T3_test,57,192,63.4,-1.0877057313919067,-0.2667128857875005
UBFC_PHYS_s04_T3_test,57,193,63.43333333333333,-1.1382607221603394,0.2662323244831194
UBFC_PHYS_s04_T3_test,57,194,63.46666666666667,-0.8291324377059937,0.7649469609826677
UBFC_PHYS_s04_T3_test,57,195,63.5,-0.3036835491657257,1.176138103957734
UBFC_PHYS_s04_T3_test,57,196,63.53333333333333,0.1693490892648697,1.4652610216884359
UBFC_PHYS_s04_T3_test,57,197,63.56666666666667,0.48643872141838074,1.6204484790422116
UBFC_PHYS_s04_T3_test,57,198,63.6,0.6788362860679626,1.6499716850274564
UBFC_PHYS_s04_T3_test,57,199,63.63333333333333,0.7775102257728577,1.5752092371918907
UBFC_PHYS_s04_T3_test,57,200,63.666666666666664,0.8077380061149597,1.4224151224925685
UBFC_PHYS_s04_T3_test,57,201,63.7,0.7962101101875305,1.2162793926563658
UBFC_PHYS_s04_T3_test,57,202,63.733333333333334,0.7460253834724426,0.9767487686023463
UBFC_PHYS_s04_T3_test,57,203,63.766666666666666,0.6599122881889343,0.7188216821858208
UBFC_PHYS_s04_T3_test,57,204,63.8,0.5649412870407104,0.4539666003464905
UBFC_PHYS_s04_T3_test,57,205,63.833333333333336,0.46984362602233887,0.1916286269695698
UBFC_PHYS_s04_T3_test,57,206,63.86666666666667,0.33209383487701416,-0.06024122530967981
UBFC_PHYS_s04_T3_test,57,207,63.9,0.11020904034376144,-0.295804986555063
UBFC_PHYS_s04_T3_test,57,208,63.93333333333333,-0.1592976599931717,-0.5123001409066614
UBFC_PHYS_s04_T3_test,57,209,63.96666666666667,-0.38521671295166016,-0.7100487528012419
UBFC_PHYS_s04_T3_test,57,210,64.0,-0.5530481338500977,-0.8906200733624179
UBFC_PHYS_s04_T3_test,57,211,64.03333333333333,-0.7776029109954834,-1.0534662306441949
UBFC_PHYS_s04_T3_test,57,212,64.06666666666666,-1.1046710014343262,-1.1926985511003325
UBFC_PHYS_s04_T3_test,57,213,64.1,-1.3275984525680542,-1.2960277209789317
UBFC_PHYS_s04_T3_test,57,214,64.13333333333334,-1.186974048614502,-1.3467671547681728
UBFC_PHYS_s04_T3_test,57,215,64.16666666666667,-0.7434090971946716,-1.3282127160972546
UBFC_PHYS_s04_T3_test,57,216,64.2,-0.33566537499427795,-1.2288465644107283
UBFC_PHYS_s04_T3_test,57,217,64.23333333333333,-0.14916326105594635,-1.0466429935057975
UBFC_PHYS_s04_T3_test,57,218,64.26666666666667,-0.04681561514735222,-0.7909309558494708
UBFC_PHYS_s04_T3_test,57,219,64.3,0.1649640053510666,-0.48109662144843285
UBFC_PHYS_s04_T3_test,57,220,64.33333333333333,0.488504558801651,-0.14291853202619145
UBFC_PHYS_s04_T3_test,57,221,64.36666666666666,0.7697145342826843,0.19558859765845144
UBFC_PHYS_s04_T3_test,57,222,64.4,0.8488602638244629,0.5072421737846846
UBFC_PHYS_s04_T3_test,57,223,64.43333333333334,0.7274131774902344,0.7673190669196722
UBFC_PHYS_s04_T3_test,57,224,64.46666666666667,0.5527020692825317,0.9544992664426872
UBFC_PHYS_s04_T3_test,57,225,64.5,0.39427417516708374,1.052260203402498
UBFC_PHYS_s04_T3_test,57,226,64.53333333333333,0.16858899593353271,1.0513786402462357
UBFC_PHYS_s04_T3_test,57,227,64.56666666666666,-0.16661585867404938,0.9531224981714136
UBFC_PHYS_s04_T3_test,57,228,64.6,-0.552814245223999,0.7716347812475918
UBFC_PHYS_s04_T3_test,57,229,64.63333333333334,-0.921638011932373,0.5336927520715645
UBFC_PHYS_s04_T3_test,57,230,64.66666666666667,-1.17475426197052,0.2748541549940786
UBFC_PHYS_s04_T3_test,57,231,64.7,-1.1257388591766357,0.0325447577348239
UBFC_PHYS_s04_T3_test,57,232,64.73333333333333,-0.6173430681228638,-0.16193063513136036
UBFC_PHYS_s04_T3_test,57,233,64.76666666666667,0.2709561288356781,-0.28982373264474015
UBFC_PHYS_s04_T3_test,57,234,64.8,1.3006398677825928,-0.34761916355881584
UBFC_PHYS_s04_T3_test,57,235,64.83333333333333,2.375889539718628,-0.34505752165658227
UBFC_PHYS_s04_T3_test,57,236,64.86666666666666,3.3956336975097656,-0.29931975637191377
UBFC_PHYS_s04_T3_test,57,237,64.9,4.054145336151123,-0.2277302054045531
UBFC_PHYS_s04_T3_test,57,238,64.93333333333334,4.148200035095215,-0.14207903435032293
UBFC_PHYS_s04_T3_test,57,239,64.96666666666667,3.789364814758301,-0.046969853494035
UBFC_PHYS_s04_T3_test,58,0,58.0,0.25789836049079895,0.025744436141533864
UBFC_PHYS_s04_T3_test,58,1,58.03333333333333,0.21729256212711334,-0.27159713510111383
UBFC_PHYS_s04_T3_test,58,2,58.06666666666667,0.1667570173740387,-0.5230395685190605
UBFC_PHYS_s04_T3_test,58,3,58.1,0.0819399282336235,-0.6897341190142499
UBFC_PHYS_s04_T3_test,58,4,58.13333333333333,-0.054396919906139374,-0.7454710022985975
UBFC_PHYS_s04_T3_test,58,5,58.166666666666664,-0.2257266640663147,-0.681835245500811
UBFC_PHYS_s04_T3_test,58,6,58.2,-0.39521467685699463,-0.510659953352572
UBFC_PHYS_s04_T3_test,58,7,58.233333333333334,-0.5438589453697205,-0.2623942246093133
UBFC_PHYS_s04_T3_test,58,8,58.266666666666666,-0.71399986743927,0.020232097760120187
UBFC_PHYS_s04_T3_test,58,9,58.3,-0.9585798382759094,0.292282045451198
UBFC_PHYS_s04_T3_test,58,10,58.333333333333336,-1.1673483848571777,0.5173064082181831
UBFC_PHYS_s04_T3_test,58,11,58.36666666666667,-1.1111804246902466,0.6745436144137616
UBFC_PHYS_s04_T3_test,58,12,58.4,-0.7502887845039368,0.7599520301937105
UBFC_PHYS_s04_T3_test,58,13,58.43333333333333,-0.3080004155635834,0.7813319333824963
UBFC_PHYS_s04_T3_test,58,14,58.46666666666667,0.026171518489718437,0.7503397554182454
UBFC_PHYS_s04_T3_test,58,15,58.5,0.25409796833992004,0.6752238633173795
UBFC_PHYS_s04_T3_test,58,16,58.53333333333333,0.4198245406150818,0.5573965955160867
UBFC_PHYS_s04_T3_test,58,17,58.56666666666667,0.5172803997993469,0.39305148877496615
UBFC_PHYS_s04_T3_test,58,18,58.6,0.5446529984474182,0.17885665582413895
UBFC_PHYS_s04_T3_test,58,19,58.63333333333333,0.5268593430519104,-0.0808686541112196
UBFC_PHYS_s04_T3_test,58,20,58.666666666666664,0.4840220510959625,-0.368641931652654
UBFC_PHYS_s04_T3_test,58,21,58.7,0.43052414059638977,-0.652513450980291
UBFC_PHYS_s04_T3_test,58,22,58.733333333333334,0.3897721767425537,-0.8900327100839925
UBFC_PHYS_s04_T3_test,58,23,58.766666666666666,0.3572739064693451,-1.0367215578432363
UBFC_PHYS_s04_T3_test,58,24,58.8,0.26725319027900696,-1.0567376936604322
UBFC_PHYS_s04_T3_test,58,25,58.833333333333336,0.08678299933671951,-0.9326626190274325
UBFC_PHYS_s04_T3_test,58,26,58.86666666666667,-0.1136733889579773,-0.6716245627730654
UBFC_PHYS_s04_T3_test,58,27,58.9,-0.2580203115940094,-0.3060347860360835
UBFC_PHYS_s04_T3_test,58,28,58.93333333333333,-0.37911656498908997,0.11137919383636358
UBFC_PHYS_s04_T3_test,58,29,58.96666666666667,-0.5741354823112488,0.5172328080408833
UBFC_PHYS_s04_T3_test,58,30,59.0,-0.8611727356910706,0.8497969375481048
UBFC_PHYS_s04_T3_test,58,31,59.03333333333333,-1.0827358961105347,1.061161478599479
UBFC_PHYS_s04_T3_test,58,32,59.06666666666667,-1.0245411396026611,1.12608454422902
UBFC_PHYS_s04_T3_test,58,33,59.1,-0.6666215658187866,1.0449947397261052
UBFC_PHYS_s04_T3_test,58,34,59.13333333333333,-0.21731705963611603,0.8404984362363468
UBFC_PHYS_s04_T3_test,58,35,59.166666666666664,0.13151076436042786,0.5490537117876833
UBFC_PHYS_s04_T3_test,58,36,59.2,0.3717348873615265,0.21103588165744566
UBFC_PHYS_s04_T3_test,58,37,59.233333333333334,0.5633334517478943,-0.13740897179879302
UBFC_PHYS_s04_T3_test,58,38,59.266666666666666,0.6915627717971802,-0.4685085262713065
UBFC_PHYS_s04_T3_test,58,39,59.3,0.7262535691261292,-0.7626548811031687
UBFC_PHYS_s04_T3_test,58,40,59.333333333333336,0.7176491022109985,-1.005166939882178
UBFC_PHYS_s04_T3_test,58,41,59.36666666666667,0.7197831273078918,-1.1822551065190197
UBFC_PHYS_s04_T3_test,58,42,59.4,0.7079532146453857,-1.2783966128270534
UBFC_PHYS_s04_T3_test,58,43,59.43333333333333,0.646844744682312,-1.2766707674989843
UBFC_PHYS_s04_T3_test,58,44,59.46666666666667,0.5639863014221191,-1.162600190730916
UBFC_PHYS_s04_T3_test,58,45,59.5,0.4819756746292114,-0.9306222098582615
UBFC_PHYS_s04_T3_test,58,46,59.53333333333333,0.35908639430999756,-0.590672302214044
UBFC_PHYS_s04_T3_test,58,47,59.56666666666667,0.17507891356945038,-0.17151010997294078
UBFC_PHYS_s04_T3_test,58,48,59.6,-0.021343201398849487,0.28173375701783565
UBFC_PHYS_s04_T3_test,58,49,59.63333333333333,-0.18639741837978363,0.715915279375401
UBFC_PHYS_s04_T3_test,58,50,59.666666666666664,-0.3397873342037201,1.0814282972706477
UBFC_PHYS_s04_T3_test,58,51,59.7,-0.5318828225135803,1.3425967200612987
UBFC_PHYS_s04_T3_test,58,52,59.733333333333334,-0.7834302186965942,1.48314024856363
UBFC_PHYS_s04_T3_test,58,53,59.766666666666666,-1.0147380828857422,1.5052524101056601
UBFC_PHYS_s04_T3_test,58,54,59.8,-1.0305535793304443,1.4235428653338291
UBFC_PHYS_s04_T3_test,58,55,59.833333333333336,-0.730156421661377,1.2570596529948392
UBFC_PHYS_s04_T3_test,58,56,59.86666666666667,-0.2657088041305542,1.0230659057824576
UBFC_PHYS_s04_T3_test,58,57,59.9,0.12862636148929596,0.7349585163163793
UBFC_PHYS_s04_T3_test,58,58,59.93333333333333,0.38742372393608093,0.40425229934774276
UBFC_PHYS_s04_T3_test,58,59,59.96666666666667,0.5721230506896973,0.04435520831926202
UBFC_PHYS_s04_T3_test,58,60,60.0,0.7061991691589355,-0.32675683648716636
UBFC_PHYS_s04_T3_test,58,61,60.03333333333333,0.7752202153205872,-0.6866665253257414
UBFC_PHYS_s04_T3_test,58,62,60.06666666666667,0.8039765954017639,-1.0110289051155725
UBFC_PHYS_s04_T3_test,58,63,60.1,0.8270226120948792,-1.276641172310928
UBFC_PHYS_s04_T3_test,58,64,60.13333333333333,0.8492890000343323,-1.4635351653042898
UBFC_PHYS_s04_T3_test,58,65,60.166666666666664,0.858848512172699,-1.555881370456981
UBFC_PHYS_s04_T3_test,58,66,60.2,0.8476032018661499,-1.5425345784725788
UBFC_PHYS_s04_T3_test,58,67,60.233333333333334,0.8147151470184326,-1.418196396807399
UBFC_PHYS_s04_T3_test,58,68,60.266666666666666,0.7590149641036987,-1.1855017472693612
UBFC_PHYS_s04_T3_test,58,69,60.3,0.6687213778495789,-0.8573707378522805
UBFC_PHYS_s04_T3_test,58,70,60.333333333333336,0.5484826564788818,-0.4582982863274788
UBFC_PHYS_s04_T3_test,58,71,60.36666666666667,0.4435429275035858,-0.02319110529265455
UBFC_PHYS_s04_T3_test,58,72,60.4,0.3838961720466614,0.40699424666350753
UBFC_PHYS_s04_T3_test,58,73,60.43333333333333,0.32499974966049194,0.7921977224305762
UBFC_PHYS_s04_T3_test,58,74,60.46666666666667,0.19631241261959076,1.1005703573829853
UBFC_PHYS_s04_T3_test,58,75,60.5,-0.017045829445123672,1.3132738686197991
UBFC_PHYS_s04_T3_test,58,76,60.53333333333333,-0.22097130119800568,1.4249459379386256
UBFC_PHYS_s04_T3_test,58,77,60.56666666666667,-0.23055998980998993,1.440237678484394
UBFC_PHYS_s04_T3_test,58,78,60.6,0.03727063164114952,1.3688194172543624
UBFC_PHYS_s04_T3_test,58,79,60.63333333333333,0.3942059576511383,1.2216232047097524
UBFC_PHYS_s04_T3_test,58,80,60.666666666666664,0.5419050455093384,1.009566452414878
UBFC_PHYS_s04_T3_test,58,81,60.7,0.41666731238365173,0.7440824347741779
UBFC_PHYS_s04_T3_test,58,82,60.733333333333334,0.21025696396827698,0.43806289844612417
UBFC_PHYS_s04_T3_test,58,83,60.766666666666666,0.07286769151687622,0.10628892524704521
UBFC_PHYS_s04_T3_test,58,84,60.8,-0.011491400189697742,-0.2347761057459741
UBFC_PHYS_s04_T3_test,58,85,60.833333333333336,-0.06684079021215439,-0.5674875883155996
UBFC_PHYS_s04_T3_test,58,86,60.86666666666667,-0.08723625540733337,-0.873515915141615
UBFC_PHYS_s04_T3_test,58,87,60.9,-0.11310820281505585,-1.1342765750274166
UBFC_PHYS_s04_T3_test,58,88,60.93333333333333,-0.16924689710140228,-1.3313318277500727
UBFC_PHYS_s04_T3_test,58,89,60.96666666666667,-0.2117723822593689,-1.4469064978714465
UBFC_PHYS_s04_T3_test,58,90,61.0,-0.22826026380062103,-1.4649272104817395
UBFC_PHYS_s04_T3_test,58,91,61.03333333333333,-0.26870039105415344,-1.3731201328283456
UBFC_PHYS_s04_T3_test,58,92,61.06666666666667,-0.3532836139202118,-1.1663495956510026
UBFC_PHYS_s04_T3_test,58,93,61.1,-0.46710067987442017,-0.8506357537314053
UBFC_PHYS_s04_T3_test,58,94,61.13333333333333,-0.6016737222671509,-0.4465016567991632
UBFC_PHYS_s04_T3_test,58,95,61.166666666666664,-0.7435065507888794,0.01018363713001083
UBFC_PHYS_s04_T3_test,58,96,61.2,-0.8811393976211548,0.4714899339907002
UBFC_PHYS_s04_T3_test,58,97,61.233333333333334,-1.0567665100097656,0.885148131747411
UBFC_PHYS_s04_T3_test,58,98,61.266666666666666,-1.3448659181594849,1.2048521910173149
UBFC_PHYS_s04_T3_test,58,99,61.3,-1.686122179031372,1.399638547796283
UBFC_PHYS_s04_T3_test,58,100,61.333333333333336,-1.8178986310958862,1.4589811561039125
UBFC_PHYS_s04_T3_test,58,101,61.36666666666667,-1.532342553138733,1.3920790051837768
UBFC_PHYS_s04_T3_test,58,102,61.4,-0.9434074759483337,1.2222837183263981
UBFC_PHYS_s04_T3_test,58,103,61.43333333333333,-0.34999969601631165,0.979370627033183
UBFC_PHYS_s04_T3_test,58,104,61.46666666666667,0.08222252130508423,0.6925629334551983
UBFC_PHYS_s04_T3_test,58,105,61.5,0.3717641234397888,0.3861526947470352
UBFC_PHYS_s04_T3_test,58,106,61.53333333333333,0.5691899657249451,0.07808124093714149
UBFC_PHYS_s04_T3_test,58,107,61.56666666666667,0.700907826423645,-0.21931284120812783
UBFC_PHYS_s04_T3_test,58,108,61.6,0.7831718325614929,-0.49757180734766976
UBFC_PHYS_s04_T3_test,58,109,61.63333333333333,0.8297803401947021,-0.7502196296829584
UBFC_PHYS_s04_T3_test,58,110,61.666666666666664,0.8473011255264282,-0.9707313167821503
UBFC_PHYS_s04_T3_test,58,111,61.7,0.8277534246444702,-1.1501845653448868
UBFC_PHYS_s04_T3_test,58,112,61.733333333333334,0.7557602524757385,-1.275098162837025
UBFC_PHYS_s04_T3_test,58,113,61.766666666666666,0.6387859582901001,-1.326804888648796
UBFC_PHYS_s04_T3_test,58,114,61.8,0.5024101138114929,-1.2837243288779934
UBFC_PHYS_s04_T3_test,58,115,61.833333333333336,0.34111732244491577,-1.1269669775428839
UBFC_PHYS_s04_T3_test,58,116,61.86666666666667,0.1442762017250061,-0.8482418420837875
UBFC_PHYS_s04_T3_test,58,117,61.9,-0.05385122448205948,-0.45754570062071576
UBFC_PHYS_s04_T3_test,58,118,61.93333333333333,-0.21780429780483246,0.01274753870438442
UBFC_PHYS_s04_T3_test,58,119,61.96666666666667,-0.36311593651771545,0.5101377288165154
UBFC_PHYS_s04_T3_test,58,120,62.0,-0.52834552526474,0.9709858018735867
UBFC_PHYS_s04_T3_test,58,121,62.03333333333333,-0.7430777549743652,1.3337291281478814
UBFC_PHYS_s04_T3_test,58,122,62.06666666666667,-0.9716863632202148,1.5519523811362574
UBFC_PHYS_s04_T3_test,58,123,62.1,-1.0587348937988281,1.6031057252819558
UBFC_PHYS_s04_T3_test,58,124,62.13333333333333,-0.8507069945335388,1.4907226470237618
UBFC_PHYS_s04_T3_test,58,125,62.166666666666664,-0.40994852781295776,1.2405486257279952
UBFC_PHYS_s04_T3_test,58,126,62.2,0.03519503027200699,0.8926536200521321
UBFC_PHYS_s04_T3_test,58,127,62.233333333333334,0.3386714458465576,0.49217639984552336
UBFC_PHYS_s04_T3_test,58,128,62.266666666666666,0.5015720725059509,0.08119749893465096
UBFC_PHYS_s04_T3_test,58,129,62.3,0.5671923160552979,-0.3065553392177701
UBFC_PHYS_s04_T3_test,58,130,62.333333333333336,0.578154981136322,-0.6477081258677598
UBFC_PHYS_s04_T3_test,58,131,62.36666666666667,0.5732241868972778,-0.9284753727463654
UBFC_PHYS_s04_T3_test,58,132,62.4,0.560526967048645,-1.1419367705829027
UBFC_PHYS_s04_T3_test,58,133,62.43333333333333,0.5320240259170532,-1.2841872022621796
UBFC_PHYS_s04_T3_test,58,134,62.46666666666667,0.4840415418148041,-1.3504902914462855
UBFC_PHYS_s04_T3_test,58,135,62.5,0.3988054394721985,-1.332921211300118
UBFC_PHYS_s04_T3_test,58,136,62.53333333333333,0.2523634135723114,-1.2208677998329092
UBFC_PHYS_s04_T3_test,58,137,62.56666666666667,0.060862332582473755,-1.0049369760913422
UBFC_PHYS_s04_T3_test,58,138,62.6,-0.13295796513557434,-0.683451176535273
UBFC_PHYS_s04_T3_test,58,139,62.63333333333333,-0.2962191700935364,-0.2693507777327044
UBFC_PHYS_s04_T3_test,58,140,62.666666666666664,-0.4550173580646515,0.20543998853054485
UBFC_PHYS_s04_T3_test,58,141,62.7,-0.6809753775596619,0.6909077821504707
UBFC_PHYS_s04_T3_test,58,142,62.733333333333334,-0.9394511580467224,1.1264397449071784
UBFC_PHYS_s04_T3_test,58,143,62.766666666666666,-1.0048375129699707,1.4536022932817787
UBFC_PHYS_s04_T3_test,58,144,62.8,-0.7222827672958374,1.6298891962921156
UBFC_PHYS_s04_T3_test,58,145,62.833333333333336,-0.25223201513290405,1.638024549157879
UBFC_PHYS_s04_T3_test,58,146,62.86666666666667,0.14718984067440033,1.4875534536826132
UBFC_PHYS_s04_T3_test,58,147,62.9,0.3796572685241699,1.2090962264051155
UBFC_PHYS_s04_T3_test,58,148,62.93333333333333,0.4860002100467682,0.8442748824054785
UBFC_PHYS_s04_T3_test,58,149,62.96666666666667,0.5167542099952698,0.43521769011675626
UBFC_PHYS_s04_T3_test,58,150,63.0,0.5039010643959045,0.0170341352711032
UBFC_PHYS_s04_T3_test,58,151,63.03333333333333,0.4689861238002777,-0.38498805971444267
UBFC_PHYS_s04_T3_test,58,152,63.06666666666667,0.426499605178833,-0.7538922013387303
UBFC_PHYS_s04_T3_test,58,153,63.1,0.38541632890701294,-1.0772047262851352
UBFC_PHYS_s04_T3_test,58,154,63.13333333333333,0.3460383713245392,-1.342774480152119
UBFC_PHYS_s04_T3_test,58,155,63.166666666666664,0.28810665011405945,-1.535724504086647
UBFC_PHYS_s04_T3_test,58,156,63.2,0.17212629318237305,-1.6375200375788035
UBFC_PHYS_s04_T3_test,58,157,63.233333333333334,-0.009600945748388767,-1.6279064529838023
UBFC_PHYS_s04_T3_test,58,158,63.266666666666666,-0.20259295403957367,-1.489903074778235
UBFC_PHYS_s04_T3_test,58,159,63.3,-0.3663608729839325,-1.2169193126061115
UBFC_PHYS_s04_T3_test,58,160,63.333333333333336,-0.5503683686256409,-0.8196761695581237
UBFC_PHYS_s04_T3_test,58,161,63.36666666666667,-0.8164839148521423,-0.3298256702768124
UBFC_PHYS_s04_T3_test,58,162,63.4,-1.0877057313919067,0.202245559345838
UBFC_PHYS_s04_T3_test,58,163,63.43333333333333,-1.1382607221603394,0.7159103803591045
UBFC_PHYS_s04_T3_test,58,164,63.46666666666667,-0.8291324377059937,1.15285462239464
UBFC_PHYS_s04_T3_test,58,165,63.5,-0.3036835491657257,1.4693977590944995
UBFC_PHYS_s04_T3_test,58,166,63.53333333333333,0.1693490892648697,1.6441018635781401
UBFC_PHYS_s04_T3_test,58,167,63.56666666666667,0.48643872141838074,1.6781614801693552
UBFC_PHYS_s04_T3_test,58,168,63.6,0.6788362860679626,1.5893523806483942
UBFC_PHYS_s04_T3_test,58,169,63.63333333333333,0.7775102257728577,1.4030679979327714
UBFC_PHYS_s04_T3_test,58,170,63.666666666666664,0.8077380061149597,1.1446360614731645
UBFC_PHYS_s04_T3_test,58,171,63.7,0.7962101101875305,0.8356284098974477
UBFC_PHYS_s04_T3_test,58,172,63.733333333333334,0.7460253834724426,0.4943279432156166
UBFC_PHYS_s04_T3_test,58,173,63.766666666666666,0.6599122881889343,0.13837729137922872
UBFC_PHYS_s04_T3_test,58,174,63.8,0.5649412870407104,-0.21301075750346016
UBFC_PHYS_s04_T3_test,58,175,63.833333333333336,0.46984362602233887,-0.5389899495876393
UBFC_PHYS_s04_T3_test,58,176,63.86666666666667,0.33209383487701416,-0.8191731146411959
UBFC_PHYS_s04_T3_test,58,177,63.9,0.11020904034376144,-1.0365297082869243
UBFC_PHYS_s04_T3_test,58,178,63.93333333333333,-0.1592976599931717,-1.1794944778471375
UBFC_PHYS_s04_T3_test,58,179,63.96666666666667,-0.38521671295166016,-1.242424997708462
UBFC_PHYS_s04_T3_test,58,180,64.0,-0.5530481338500977,-1.2246016737683574
UBFC_PHYS_s04_T3_test,58,181,64.03333333333333,-0.7776029109954834,-1.1287564630057951
UBFC_PHYS_s04_T3_test,58,182,64.06666666666666,-1.1046710014343262,-0.9602950561553922
UBFC_PHYS_s04_T3_test,58,183,64.1,-1.3275984525680542,-0.7279032197645918
UBFC_PHYS_s04_T3_test,58,184,64.13333333333334,-1.186974048614502,-0.44532290313682915
UBFC_PHYS_s04_T3_test,58,185,64.16666666666667,-0.7434090971946716,-0.13311103427637758
UBFC_PHYS_s04_T3_test,58,186,64.2,-0.33566537499427795,0.18134073081862376
UBFC_PHYS_s04_T3_test,58,187,64.23333333333333,-0.14916326105594635,0.4667650695355327
UBFC_PHYS_s04_T3_test,58,188,64.26666666666667,-0.04681561514735222,0.6936605996061
UBFC_PHYS_s04_T3_test,58,189,64.3,0.1649640053510666,0.840672888640786
UBFC_PHYS_s04_T3_test,58,190,64.33333333333333,0.488504558801651,0.8991092745189129
UBFC_PHYS_s04_T3_test,58,191,64.36666666666666,0.7697145342826843,0.8736512564607543
UBFC_PHYS_s04_T3_test,58,192,64.4,0.8488602638244629,0.7789529375573299
UBFC_PHYS_s04_T3_test,58,193,64.43333333333334,0.7274131774902344,0.6335518550920624
UBFC_PHYS_s04_T3_test,58,194,64.46666666666667,0.5527020692825317,0.4535863403942972
UBFC_PHYS_s04_T3_test,58,195,64.5,0.39427417516708374,0.2489675360476995
UBFC_PHYS_s04_T3_test,58,196,64.53333333333333,0.16858899593353271,0.023870554249109582
UBFC_PHYS_s04_T3_test,58,197,64.56666666666666,-0.16661585867404938,-0.2184458813670488
UBFC_PHYS_s04_T3_test,58,198,64.6,-0.552814245223999,-0.46889443823769456
UBFC_PHYS_s04_T3_test,58,199,64.63333333333334,-0.921638011932373,-0.7075659131789105
UBFC_PHYS_s04_T3_test,58,200,64.66666666666667,-1.17475426197052,-0.9032039782248668
UBFC_PHYS_s04_T3_test,58,201,64.7,-1.1257388591766357,-1.017763736152607
UBFC_PHYS_s04_T3_test,58,202,64.73333333333333,-0.6173430681228638,-1.014993639849001
UBFC_PHYS_s04_T3_test,58,203,64.76666666666667,0.2709561288356781,-0.8709193532095741
UBFC_PHYS_s04_T3_test,58,204,64.8,1.3006398677825928,-0.5833459207952351
UBFC_PHYS_s04_T3_test,58,205,64.83333333333333,2.375889539718628,-0.17727189247157382
UBFC_PHYS_s04_T3_test,58,206,64.86666666666666,3.3956336975097656,0.2961754291268271
UBFC_PHYS_s04_T3_test,58,207,64.9,4.054145336151123,0.768017420050332
UBFC_PHYS_s04_T3_test,58,208,64.93333333333334,4.148200035095215,1.1654119958104197
UBFC_PHYS_s04_T3_test,58,209,64.96666666666667,3.789364814758301,1.4276474003150414
UBFC_PHYS_s04_T3_test,58,210,65.0,3.1836202144622803,1.5191708325084863
UBFC_PHYS_s04_T3_test,58,211,65.03333333333333,2.486159563064575,1.435413913458728
UBFC_PHYS_s04_T3_test,58,212,65.06666666666666,1.7612676620483398,1.2000401818999646
UBFC_PHYS_s04_T3_test,58,213,65.1,0.9571423530578613,0.8555974302209821
UBFC_PHYS_s04_T3_test,58,214,65.13333333333334,0.12252622842788696,0.45153316541024885
UBFC_PHYS_s04_T3_test,58,215,65.16666666666667,-0.5621593594551086,0.0336014812099007
UBFC_PHYS_s04_T3_test,58,216,65.2,-1.0732057094573975,-0.3626585305098535
UBFC_PHYS_s04_T3_test,58,217,65.23333333333333,-1.5701905488967896,-0.7136241572951593
UBFC_PHYS_s04_T3_test,58,218,65.26666666666667,-2.1349785327911377,-1.0054288450542777
UBFC_PHYS_s04_T3_test,58,219,65.3,-2.705827474594116,-1.2298879814661197
UBFC_PHYS_s04_T3_test,58,220,65.33333333333333,-3.200366497039795,-1.3805986452632437
UBFC_PHYS_s04_T3_test,58,221,65.36666666666666,-3.5814781188964844,-1.4507610286774686
UBFC_PHYS_s04_T3_test,58,222,65.4,-3.861499309539795,-1.4333690699505108
UBFC_PHYS_s04_T3_test,58,223,65.43333333333334,-3.9855384826660156,-1.3234839630695239
UBFC_PHYS_s04_T3_test,58,224,65.46666666666667,-3.7564914226531982,-1.1215937639435807
UBFC_PHYS_s04_T3_test,58,225,65.5,-3.091860294342041,-0.8367320022471769
UBFC_PHYS_s04_T3_test,58,226,65.53333333333333,-2.2228357791900635,-0.4881173411185401
UBFC_PHYS_s04_T3_test,58,227,65.56666666666666,-1.4112657308578491,-0.10450828367499487
UBFC_PHYS_s04_T3_test,58,228,65.6,-0.7240076065063477,0.2789002741502469
UBFC_PHYS_s04_T3_test,58,229,65.63333333333334,-0.2210882306098938,0.62554140412107
UBFC_PHYS_s04_T3_test,58,230,65.66666666666667,0.036793146282434464,0.903446379776888
UBFC_PHYS_s04_T3_test,58,231,65.7,0.14800839126110077,1.0907348294303634
UBFC_PHYS_s04_T3_test,58,232,65.73333333333333,0.2750781178474426,1.1792189932614223
UBFC_PHYS_s04_T3_test,58,233,65.76666666666667,0.4542425274848938,1.1750541276435609
UBFC_PHYS_s04_T3_test,58,234,65.8,0.6423524618148804,1.0960616423884268
UBFC_PHYS_s04_T3_test,58,235,65.83333333333333,0.8423801064491272,0.9663248540052873
UBFC_PHYS_s04_T3_test,58,236,65.86666666666666,1.0796711444854736,0.8096306131758365
UBFC_PHYS_s04_T3_test,58,237,65.9,1.3682869672775269,0.6437762797645883
UBFC_PHYS_s04_T3_test,58,238,65.93333333333334,1.725767970085144,0.4774018530954786
UBFC_PHYS_s04_T3_test,58,239,65.96666666666667,2.151705026626587,0.31023908036117004
UBFC_PHYS_s04_T3_test,59,0,59.0,-0.8611727356910706,-0.13022042837726855
UBFC_PHYS_s04_T3_test,59,1,59.03333333333333,-1.0827358961105347,-0.37044169282759304
UBFC_PHYS_s04_T3_test,59,2,59.06666666666667,-1.0245411396026611,-0.5860237500427409
UBFC_PHYS_s04_T3_test,59,3,59.1,-0.6666215658187866,-0.7608334519029242
UBFC_PHYS_s04_T3_test,59,4,59.13333333333333,-0.21731705963611603,-0.8897341748317976
UBFC_PHYS_s04_T3_test,59,5,59.166666666666664,0.13151076436042786,-0.9792330486630232
UBFC_PHYS_s04_T3_test,59,6,59.2,0.3717348873615265,-1.0437758182233243
UBFC_PHYS_s04_T3_test,59,7,59.233333333333334,0.5633334517478943,-1.099092097514555
UBFC_PHYS_s04_T3_test,59,8,59.266666666666666,0.6915627717971802,-1.1548646543388694
UBFC_PHYS_s04_T3_test,59,9,59.3,0.7262535691261292,-1.2089509501942104
UBFC_PHYS_s04_T3_test,59,10,59.333333333333336,0.7176491022109985,-1.2451079022837024
UBFC_PHYS_s04_T3_test,59,11,59.36666666666667,0.7197831273078918,-1.2355221784001758
UBFC_PHYS_s04_T3_test,59,12,59.4,0.7079532146453857,-1.1481377993856905
UBFC_PHYS_s04_T3_test,59,13,59.43333333333333,0.646844744682312,-0.9571598109580685
UBFC_PHYS_s04_T3_test,59,14,59.46666666666667,0.5639863014221191,-0.6537782161179467
UBFC_PHYS_s04_T3_test,59,15,59.5,0.4819756746292114,-0.25338705049405996
UBFC_PHYS_s04_T3_test,59,16,59.53333333333333,0.35908639430999756,0.20420331704607325
UBFC_PHYS_s04_T3_test,59,17,59.56666666666667,0.17507891356945038,0.6629925591748901
UBFC_PHYS_s04_T3_test,59,18,59.6,-0.021343201398849487,1.0651260400627485
UBFC_PHYS_s04_T3_test,59,19,59.63333333333333,-0.18639741837978363,1.3658315494043518
UBFC_PHYS_s04_T3_test,59,20,59.666666666666664,-0.3397873342037201,1.5431277865411834
UBFC_PHYS_s04_T3_test,59,21,59.7,-0.5318828225135803,1.5990985649089642
UBFC_PHYS_s04_T3_test,59,22,59.733333333333334,-0.7834302186965942,1.5534856192977822
UBFC_PHYS_s04_T3_test,59,23,59.766666666666666,-1.0147380828857422,1.433402582955347
UBFC_PHYS_s04_T3_test,59,24,59.8,-1.0305535793304443,1.2636442201555516
UBFC_PHYS_s04_T3_test,59,25,59.833333333333336,-0.730156421661377,1.060762123004745
UBFC_PHYS_s04_T3_test,59,26,59.86666666666667,-0.2657088041305542,0.8320362403971927
UBFC_PHYS_s04_T3_test,59,27,59.9,0.12862636148929596,0.5785007412012423
UBFC_PHYS_s04_T3_test,59,28,59.93333333333333,0.38742372393608093,0.29981572436669857
UBFC_PHYS_s04_T3_test,59,29,59.96666666666667,0.5721230506896973,-0.0014365138458805552
UBFC_PHYS_s04_T3_test,59,30,60.0,0.7061991691589355,-0.3174489132992054
UBFC_PHYS_s04_T3_test,59,31,60.03333333333333,0.7752202153205872,-0.6348829030827376
UBFC_PHYS_s04_T3_test,59,32,60.06666666666667,0.8039765954017639,-0.9356828761122036
UBFC_PHYS_s04_T3_test,59,33,60.1,0.8270226120948792,-1.1981579672649192
UBFC_PHYS_s04_T3_test,59,34,60.13333333333333,0.8492890000343323,-1.3981633220344871
UBFC_PHYS_s04_T3_test,59,35,60.166666666666664,0.858848512172699,-1.510964161277871
UBFC_PHYS_s04_T3_test,59,36,60.2,0.8476032018661499,-1.5145649254910387
UBFC_PHYS_s04_T3_test,59,37,60.233333333333334,0.8147151470184326,-1.3946515616759354
UBFC_PHYS_s04_T3_test,59,38,60.266666666666666,0.7590149641036987,-1.1500870585797913
UBFC_PHYS_s04_T3_test,59,39,60.3,0.6687213778495789,-0.7969247653764849
UBFC_PHYS_s04_T3_test,59,40,60.333333333333336,0.5484826564788818,-0.3688849378792156
UBFC_PHYS_s04_T3_test,59,41,60.36666666666667,0.4435429275035858,0.08679578296969753
UBFC_PHYS_s04_T3_test,59,42,60.4,0.3838961720466614,0.5176998917018626
UBFC_PHYS_s04_T3_test,59,43,60.43333333333333,0.32499974966049194,0.8766857783314851
UBFC_PHYS_s04_T3_test,59,44,60.46666666666667,0.19631241261959076,1.131276098940221
UBFC_PHYS_s04_T3_test,59,45,60.5,-0.017045829445123672,1.2688419805816058
UBFC_PHYS_s04_T3_test,59,46,60.53333333333333,-0.22097130119800568,1.295930953821456
UBFC_PHYS_s04_T3_test,59,47,60.56666666666667,-0.23055998980998993,1.2323757148618009
UBFC_PHYS_s04_T3_test,59,48,60.6,0.03727063164114952,1.1028158865985593
UBFC_PHYS_s04_T3_test,59,49,60.63333333333333,0.3942059576511383,0.9289503460968034
UBFC_PHYS_s04_T3_test,59,50,60.666666666666664,0.5419050455093384,0.724930849007848
UBFC_PHYS_s04_T3_test,59,51,60.7,0.41666731238365173,0.49666677180842883
UBFC_PHYS_s04_T3_test,59,52,60.733333333333334,0.21025696396827698,0.24446771221733754
UBFC_PHYS_s04_T3_test,59,53,60.766666666666666,0.07286769151687622,-0.03236010345652894
UBFC_PHYS_s04_T3_test,59,54,60.8,-0.011491400189697742,-0.3307337967735917
UBFC_PHYS_s04_T3_test,59,55,60.833333333333336,-0.06684079021215439,-0.6404318060296099
UBFC_PHYS_s04_T3_test,59,56,60.86666666666667,-0.08723625540733337,-0.9430059999254748
UBFC_PHYS_s04_T3_test,59,57,60.9,-0.11310820281505585,-1.2129416908306168
UBFC_PHYS_s04_T3_test,59,58,60.93333333333333,-0.16924689710140228,-1.4205099431856738
UBFC_PHYS_s04_T3_test,59,59,60.96666666666667,-0.2117723822593689,-1.5357004062283026
UBFC_PHYS_s04_T3_test,59,60,61.0,-0.22826026380062103,-1.5328296015436815
UBFC_PHYS_s04_T3_test,59,61,61.03333333333333,-0.26870039105415344,-1.3955114787121055
UBFC_PHYS_s04_T3_test,59,62,61.06666666666667,-0.3532836139202118,-1.1214139438953221
UBFC_PHYS_s04_T3_test,59,63,61.1,-0.46710067987442017,-0.7257450236713245
UBFC_PHYS_s04_T3_test,59,64,61.13333333333333,-0.6016737222671509,-0.24209719279514844
UBFC_PHYS_s04_T3_test,59,65,61.166666666666664,-0.7435065507888794,0.2804916234396319
UBFC_PHYS_s04_T3_test,59,66,61.2,-0.8811393976211548,0.7844716914482537
UBFC_PHYS_s04_T3_test,59,67,61.233333333333334,-1.0567665100097656,1.2135277972567526
UBFC_PHYS_s04_T3_test,59,68,61.266666666666666,-1.3448659181594849,1.5226799857069595
UBFC_PHYS_s04_T3_test,59,69,61.3,-1.686122179031372,1.685860612038215
UBFC_PHYS_s04_T3_test,59,70,61.333333333333336,-1.8178986310958862,1.6988894666590895
UBFC_PHYS_s04_T3_test,59,71,61.36666666666667,-1.532342553138733,1.5773372213561105
UBFC_PHYS_s04_T3_test,59,72,61.4,-0.9434074759483337,1.3503518137322155
UBFC_PHYS_s04_T3_test,59,73,61.43333333333333,-0.34999969601631165,1.0526504209839653
UBFC_PHYS_s04_T3_test,59,74,61.46666666666667,0.08222252130508423,0.7172513480582956
UBFC_PHYS_s04_T3_test,59,75,61.5,0.3717641234397888,0.3708600514557714
UBFC_PHYS_s04_T3_test,59,76,61.53333333333333,0.5691899657249451,0.03234511232957033
UBFC_PHYS_s04_T3_test,59,77,61.56666666666667,0.700907826423645,-0.28652977792695256
UBFC_PHYS_s04_T3_test,59,78,61.6,0.7831718325614929,-0.5791880177237833
UBFC_PHYS_s04_T3_test,59,79,61.63333333333333,0.8297803401947021,-0.8417133338293502
UBFC_PHYS_s04_T3_test,59,80,61.666666666666664,0.8473011255264282,-1.069883042545767
UBFC_PHYS_s04_T3_test,59,81,61.7,0.8277534246444702,-1.2561253759403401
UBFC_PHYS_s04_T3_test,59,82,61.733333333333334,0.7557602524757385,-1.38743866161862
UBFC_PHYS_s04_T3_test,59,83,61.766666666666666,0.6387859582901001,-1.4456320509841016
UBFC_PHYS_s04_T3_test,59,84,61.8,0.5024101138114929,-1.4106001540113564
UBFC_PHYS_s04_T3_test,59,85,61.833333333333336,0.34111732244491577,-1.2661709017583027
UBFC_PHYS_s04_T3_test,59,86,61.86666666666667,0.1442762017250061,-1.0070669214851529
UBFC_PHYS_s04_T3_test,59,87,61.9,-0.05385122448205948,-0.6447679076841912
UBFC_PHYS_s04_T3_test,59,88,61.93333333333333,-0.21780429780483246,-0.2096829708952159
UBFC_PHYS_s04_T3_test,59,89,61.96666666666667,-0.36311593651771545,0.25215784688636317
UBFC_PHYS_s04_T3_test,59,90,62.0,-0.52834552526474,0.6874662737944804
UBFC_PHYS_s04_T3_test,59,91,62.03333333333333,-0.7430777549743652,1.0464548972789611
UBFC_PHYS_s04_T3_test,59,92,62.06666666666667,-0.9716863632202148,1.2925675297138428
UBFC_PHYS_s04_T3_test,59,93,62.1,-1.0587348937988281,1.4083958861146362
UBFC_PHYS_s04_T3_test,59,94,62.13333333333333,-0.8507069945335388,1.3963345863049474
UBFC_PHYS_s04_T3_test,59,95,62.166666666666664,-0.40994852781295776,1.2742600070150847
UBFC_PHYS_s04_T3_test,59,96,62.2,0.03519503027200699,1.0682832315585313
UBFC_PHYS_s04_T3_test,59,97,62.233333333333334,0.3386714458465576,0.8055033080361744
UBFC_PHYS_s04_T3_test,59,98,62.266666666666666,0.5015720725059509,0.5091036111769836
UBFC_PHYS_s04_T3_test,59,99,62.3,0.5671923160552979,0.1966899979056249
UBFC_PHYS_s04_T3_test,59,100,62.333333333333336,0.578154981136322,-0.11856606342836244
UBFC_PHYS_s04_T3_test,59,101,62.36666666666667,0.5732241868972778,-0.4251979570629944
UBFC_PHYS_s04_T3_test,59,102,62.4,0.560526967048645,-0.7105390734931171
UBFC_PHYS_s04_T3_test,59,103,62.43333333333333,0.5320240259170532,-0.9587579467981685
UBFC_PHYS_s04_T3_test,59,104,62.46666666666667,0.4840415418148041,-1.1504134852645254
UBFC_PHYS_s04_T3_test,59,105,62.5,0.3988054394721985,-1.2637227942530345
UBFC_PHYS_s04_T3_test,59,106,62.53333333333333,0.2523634135723114,-1.2776315503228293
UBFC_PHYS_s04_T3_test,59,107,62.56666666666667,0.060862332582473755,-1.1765797277048595
UBFC_PHYS_s04_T3_test,59,108,62.6,-0.13295796513557434,-0.956201848329415
UBFC_PHYS_s04_T3_test,59,109,62.63333333333333,-0.2962191700935364,-0.6282819744368988
UBFC_PHYS_s04_T3_test,59,110,62.666666666666664,-0.4550173580646515,-0.22270511029061194
UBFC_PHYS_s04_T3_test,59,111,62.7,-0.6809753775596619,0.2154065380858259
UBFC_PHYS_s04_T3_test,59,112,62.733333333333334,-0.9394511580467224,0.6335039046001125
UBFC_PHYS_s04_T3_test,59,113,62.766666666666666,-1.0048375129699707,0.9822747057493704
UBFC_PHYS_s04_T3_test,59,114,62.8,-0.7222827672958374,1.2254908638663078
UBFC_PHYS_s04_T3_test,59,115,62.833333333333336,-0.25223201513290405,1.3455364620271582
UBFC_PHYS_s04_T3_test,59,116,62.86666666666667,0.14718984067440033,1.3431633029188916
UBFC_PHYS_s04_T3_test,59,117,62.9,0.3796572685241699,1.2325984114552022
UBFC_PHYS_s04_T3_test,59,118,62.93333333333333,0.4860002100467682,1.0346881523265117
UBFC_PHYS_s04_T3_test,59,119,62.96666666666667,0.5167542099952698,0.770925130107686
UBFC_PHYS_s04_T3_test,59,120,63.0,0.5039010643959045,0.46031557417477487
UBFC_PHYS_s04_T3_test,59,121,63.03333333333333,0.4689861238002777,0.11952399538800332
UBFC_PHYS_s04_T3_test,59,122,63.06666666666667,0.426499605178833,-0.23485111657458443
UBFC_PHYS_s04_T3_test,59,123,63.1,0.38541632890701294,-0.5838605657108263
UBFC_PHYS_s04_T3_test,59,124,63.13333333333333,0.3460383713245392,-0.9052945758865818
UBFC_PHYS_s04_T3_test,59,125,63.166666666666664,0.28810665011405945,-1.174786021834508
UBFC_PHYS_s04_T3_test,59,126,63.2,0.17212629318237305,-1.3683077499328167
UBFC_PHYS_s04_T3_test,59,127,63.233333333333334,-0.009600945748388767,-1.4650397456187716
UBFC_PHYS_s04_T3_test,59,128,63.266666666666666,-0.20259295403957367,-1.4500313300224346
UBFC_PHYS_s04_T3_test,59,129,63.3,-0.3663608729839325,-1.3167206912343326
UBFC_PHYS_s04_T3_test,59,130,63.333333333333336,-0.5503683686256409,-1.0694401174245558
UBFC_PHYS_s04_T3_test,59,131,63.36666666666667,-0.8164839148521423,-0.7254155104595801
UBFC_PHYS_s04_T3_test,59,132,63.4,-1.0877057313919067,-0.31498933970394305
UBFC_PHYS_s04_T3_test,59,133,63.43333333333333,-1.1382607221603394,0.12124788133010601
UBFC_PHYS_s04_T3_test,59,134,63.46666666666667,-0.8291324377059937,0.53859326253787
UBFC_PHYS_s04_T3_test,59,135,63.5,-0.3036835491657257,0.896146733127291
UBFC_PHYS_s04_T3_test,59,136,63.53333333333333,0.1693490892648697,1.163935759813312
UBFC_PHYS_s04_T3_test,59,137,63.56666666666667,0.48643872141838074,1.326884444830831
UBFC_PHYS_s04_T3_test,59,138,63.6,0.6788362860679626,1.3846910712520364
UBFC_PHYS_s04_T3_test,59,139,63.63333333333333,0.7775102257728577,1.3483908025667548
UBFC_PHYS_s04_T3_test,59,140,63.666666666666664,0.8077380061149597,1.2353674920418827
UBFC_PHYS_s04_T3_test,59,141,63.7,0.7962101101875305,1.0645754441318631
UBFC_PHYS_s04_T3_test,59,142,63.733333333333334,0.7460253834724426,0.8530764599212551
UBFC_PHYS_s04_T3_test,59,143,63.766666666666666,0.6599122881889343,0.614280307715006
UBFC_PHYS_s04_T3_test,59,144,63.8,0.5649412870407104,0.35786879215894934
UBFC_PHYS_s04_T3_test,59,145,63.833333333333336,0.46984362602233887,0.09109231216055859
UBFC_PHYS_s04_T3_test,59,146,63.86666666666667,0.33209383487701416,-0.17924986755789413
UBFC_PHYS_s04_T3_test,59,147,63.9,0.11020904034376144,-0.44496498603539525
UBFC_PHYS_s04_T3_test,59,148,63.93333333333333,-0.1592976599931717,-0.6952194906003191
UBFC_PHYS_s04_T3_test,59,149,63.96666666666667,-0.38521671295166016,-0.9159645367893192
UBFC_PHYS_s04_T3_test,59,150,64.0,-0.5530481338500977,-1.0901523136852351
UBFC_PHYS_s04_T3_test,59,151,64.03333333333333,-0.7776029109954834,-1.1990911948825023
UBFC_PHYS_s04_T3_test,59,152,64.06666666666666,-1.1046710014343262,-1.2252390365219485
UBFC_PHYS_s04_T3_test,59,153,64.1,-1.3275984525680542,-1.1562904226553026
UBFC_PHYS_s04_T3_test,59,154,64.13333333333334,-1.186974048614502,-0.9897351149454244
UBFC_PHYS_s04_T3_test,59,155,64.16666666666667,-0.7434090971946716,-0.7364084581298024
UBFC_PHYS_s04_T3_test,59,156,64.2,-0.33566537499427795,-0.4212847010662323
UBFC_PHYS_s04_T3_test,59,157,64.23333333333333,-0.14916326105594635,-0.08029985754614456
UBFC_PHYS_s04_T3_test,59,158,64.26666666666667,-0.04681561514735222,0.24656937495561926
UBFC_PHYS_s04_T3_test,59,159,64.3,0.1649640053510666,0.5239168313264422
UBFC_PHYS_s04_T3_test,59,160,64.33333333333333,0.488504558801651,0.7279174975555408
UBFC_PHYS_s04_T3_test,59,161,64.36666666666666,0.7697145342826843,0.8488779242911229
UBFC_PHYS_s04_T3_test,59,162,64.4,0.8488602638244629,0.8887100200603775
UBFC_PHYS_s04_T3_test,59,163,64.43333333333334,0.7274131774902344,0.8552507295208838
UBFC_PHYS_s04_T3_test,59,164,64.46666666666667,0.5527020692825317,0.7565351897731324
UBFC_PHYS_s04_T3_test,59,165,64.5,0.39427417516708374,0.5977432094540951
UBFC_PHYS_s04_T3_test,59,166,64.53333333333333,0.16858899593353271,0.38215706406902
UBFC_PHYS_s04_T3_test,59,167,64.56666666666666,-0.16661585867404938,0.11558963856702113
UBFC_PHYS_s04_T3_test,59,168,64.6,-0.552814245223999,-0.18801086915110002
UBFC_PHYS_s04_T3_test,59,169,64.63333333333334,-0.921638011932373,-0.5027521398222035
UBFC_PHYS_s04_T3_test,59,170,64.66666666666667,-1.17475426197052,-0.7909259880688239
UBFC_PHYS_s04_T3_test,59,171,64.7,-1.1257388591766357,-1.0076366728068074
UBFC_PHYS_s04_T3_test,59,172,64.73333333333333,-0.6173430681228638,-1.1091349594880722
UBFC_PHYS_s04_T3_test,59,173,64.76666666666667,0.2709561288356781,-1.063083330579968
UBFC_PHYS_s04_T3_test,59,174,64.8,1.3006398677825928,-0.8582289782025125
UBFC_PHYS_s04_T3_test,59,175,64.83333333333333,2.375889539718628,-0.5106229315227867
UBFC_PHYS_s04_T3_test,59,176,64.86666666666666,3.3956336975097656,-0.06392851429402702
UBFC_PHYS_s04_T3_test,59,177,64.9,4.054145336151123,0.41731134080612536
UBFC_PHYS_s04_T3_test,59,178,64.93333333333334,4.148200035095215,0.8604923182161268
UBFC_PHYS_s04_T3_test,59,179,64.96666666666667,3.789364814758301,1.2006651339957388
UBFC_PHYS_s04_T3_test,59,180,65.0,3.1836202144622803,1.3945098870723731
UBFC_PHYS_s04_T3_test,59,181,65.03333333333333,2.486159563064575,1.4281913489433657
UBFC_PHYS_s04_T3_test,59,182,65.06666666666666,1.7612676620483398,1.3169155150475387
UBFC_PHYS_s04_T3_test,59,183,65.1,0.9571423530578613,1.0970858701643331
UBFC_PHYS_s04_T3_test,59,184,65.13333333333334,0.12252622842788696,0.8144076687965598
UBFC_PHYS_s04_T3_test,59,185,65.16666666666667,-0.5621593594551086,0.5120998402626965
UBFC_PHYS_s04_T3_test,59,186,65.2,-1.0732057094573975,0.22244273519923344
UBFC_PHYS_s04_T3_test,59,187,65.23333333333333,-1.5701905488967896,-0.03687037534666076
UBFC_PHYS_s04_T3_test,59,188,65.26666666666667,-2.1349785327911377,-0.26168941144656077
UBFC_PHYS_s04_T3_test,59,189,65.3,-2.705827474594116,-0.4569450531128306
UBFC_PHYS_s04_T3_test,59,190,65.33333333333333,-3.200366497039795,-0.6308155796296442
UBFC_PHYS_s04_T3_test,59,191,65.36666666666666,-3.5814781188964844,-0.7896403316337389
UBFC_PHYS_s04_T3_test,59,192,65.4,-3.861499309539795,-0.9348959247580962
UBFC_PHYS_s04_T3_test,59,193,65.43333333333334,-3.9855384826660156,-1.0623591605762277
UBFC_PHYS_s04_T3_test,59,194,65.46666666666667,-3.7564914226531982,-1.1627171026624152
UBFC_PHYS_s04_T3_test,59,195,65.5,-3.091860294342041,-1.2228234949143817
UBFC_PHYS_s04_T3_test,59,196,65.53333333333333,-2.2228357791900635,-1.2274272296779034
UBFC_PHYS_s04_T3_test,59,197,65.56666666666666,-1.4112657308578491,-1.1616955303084744
UBFC_PHYS_s04_T3_test,59,198,65.6,-0.7240076065063477,-1.0145992909587718
UBFC_PHYS_s04_T3_test,59,199,65.63333333333334,-0.2210882306098938,-0.7825996823269604
UBFC_PHYS_s04_T3_test,59,200,65.66666666666667,0.036793146282434464,-0.4727139519639499
UBFC_PHYS_s04_T3_test,59,201,65.7,0.14800839126110077,-0.10400460231663075
UBFC_PHYS_s04_T3_test,59,202,65.73333333333333,0.2750781178474426,0.2933138616689415
UBFC_PHYS_s04_T3_test,59,203,65.76666666666667,0.4542425274848938,0.6815250135664503
UBFC_PHYS_s04_T3_test,59,204,65.8,0.6423524618148804,1.021387033344409
UBFC_PHYS_s04_T3_test,59,205,65.83333333333333,0.8423801064491272,1.2790176361387606
UBFC_PHYS_s04_T3_test,59,206,65.86666666666666,1.0796711444854736,1.4316013287481877
UBFC_PHYS_s04_T3_test,59,207,65.9,1.3682869672775269,1.470179054986806
UBFC_PHYS_s04_T3_test,59,208,65.93333333333334,1.725767970085144,1.3992152708731862
UBFC_PHYS_s04_T3_test,59,209,65.96666666666667,2.151705026626587,1.2340174794723824
UBFC_PHYS_s04_T3_test,59,210,66.0,2.603036403656006,0.9973525131696611
UBFC_PHYS_s04_T3_test,59,211,66.03333333333333,3.0348784923553467,0.71605802324717
UBFC_PHYS_s04_T3_test,59,212,66.06666666666666,3.51067852973938,0.4178792385643452
UBFC_PHYS_s04_T3_test,59,213,66.1,4.193707466125488,0.12843192667353992
UBFC_PHYS_s04_T3_test,59,214,66.13333333333334,5.074532508850098,-0.1318625671855801
UBFC_PHYS_s04_T3_test,59,215,66.16666666666667,5.773347854614258,-0.3505960112413952
UBFC_PHYS_s04_T3_test,59,216,66.2,5.8560895919799805,-0.5249016258885846
UBFC_PHYS_s04_T3_test,59,217,66.23333333333333,5.271149635314941,-0.6604182386705978
UBFC_PHYS_s04_T3_test,59,218,66.26666666666667,4.295139312744141,-0.7673328205255241
UBFC_PHYS_s04_T3_test,59,219,66.3,3.2122108936309814,-0.85460651285978
UBFC_PHYS_s04_T3_test,59,220,66.33333333333333,2.164821147918701,-0.924499089664343
UBFC_PHYS_s04_T3_test,59,221,66.36666666666666,1.2002508640289307,-0.9696274794076565
UBFC_PHYS_s04_T3_test,59,222,66.4,0.31133779883384705,-0.9740512959884331
UBFC_PHYS_s04_T3_test,59,223,66.43333333333334,-0.5071802735328674,-0.9185171776052042
UBFC_PHYS_s04_T3_test,59,224,66.46666666666667,-1.1884552240371704,-0.7884268353654299
UBFC_PHYS_s04_T3_test,59,225,66.5,-1.6335304975509644,-0.5818320356496581
UBFC_PHYS_s04_T3_test,59,226,66.53333333333333,-1.858328938484192,-0.314313182452323
UBFC_PHYS_s04_T3_test,59,227,66.56666666666666,-2.0478713512420654,-0.01833788775653769
UBFC_PHYS_s04_T3_test,59,228,66.6,-2.33078670501709,0.26342643888275685
UBFC_PHYS_s04_T3_test,59,229,66.63333333333334,-2.658965587615967,0.48902001258465716
UBFC_PHYS_s04_T3_test,59,230,66.66666666666667,-2.926250696182251,0.6286482407245733
UBFC_PHYS_s04_T3_test,59,231,66.7,-3.122555732727051,0.6725699659327405
UBFC_PHYS_s04_T3_test,59,232,66.73333333333333,-3.2903287410736084,0.6325947913920196
UBFC_PHYS_s04_T3_test,59,233,66.76666666666667,-3.381986618041992,0.5369169053206082
UBFC_PHYS_s04_T3_test,59,234,66.8,-3.251652479171753,0.420661157198723
UBFC_PHYS_s04_T3_test,59,235,66.83333333333333,-2.842252016067505,0.3158561831539723
UBFC_PHYS_s04_T3_test,59,236,66.86666666666666,-2.2782046794891357,0.2439369278169708
UBFC_PHYS_s04_T3_test,59,237,66.9,-1.7272249460220337,0.21220239936750304
UBFC_PHYS_s04_T3_test,59,238,66.93333333333334,-1.241845965385437,0.2141811350307516
UBFC_PHYS_s04_T3_test,59,239,66.96666666666667,-0.7980179190635681,0.23300798048333435
UBFC_PHYS_s04_T3_test,60,0,60.0,0.7061991691589355,-0.0454164365367945
UBFC_PHYS_s04_T3_test,60,1,60.03333333333333,0.7752202153205872,-0.3491823866149201
UBFC_PHYS_s04_T3_test,60,2,60.06666666666667,0.8039765954017639,-0.6249172040927345
UBFC_PHYS_s04_T3_test,60,3,60.1,0.8270226120948792,-0.8495497200141061
UBFC_PHYS_s04_T3_test,60,4,60.13333333333333,0.8492890000343323,-1.004642470613828
UBFC_PHYS_s04_T3_test,60,5,60.166666666666664,0.858848512172699,-1.0780652116698726
UBFC_PHYS_s04_T3_test,60,6,60.2,0.8476032018661499,-1.064266822185117
UBFC_PHYS_s04_T3_test,60,7,60.233333333333334,0.8147151470184326,-0.9633025543549656
UBFC_PHYS_s04_T3_test,60,8,60.266666666666666,0.7590149641036987,-0.7794812133963553
UBFC_PHYS_s04_T3_test,60,9,60.3,0.6687213778495789,-0.5206809780108468
UBFC_PHYS_s04_T3_test,60,10,60.333333333333336,0.5484826564788818,-0.19907179734225172
UBFC_PHYS_s04_T3_test,60,11,60.36666666666667,0.4435429275035858,0.16685631596823078
UBFC_PHYS_s04_T3_test,60,12,60.4,0.3838961720466614,0.5502025742891066
UBFC_PHYS_s04_T3_test,60,13,60.43333333333333,0.32499974966049194,0.9154727179250451
UBFC_PHYS_s04_T3_test,60,14,60.46666666666667,0.19631241261959076,1.221905487236776
UBFC_PHYS_s04_T3_test,60,15,60.5,-0.017045829445123672,1.4303664729202483
UBFC_PHYS_s04_T3_test,60,16,60.53333333333333,-0.22097130119800568,1.5118340385227447
UBFC_PHYS_s04_T3_test,60,17,60.56666666666667,-0.23055998980998993,1.4543032258389805
UBFC_PHYS_s04_T3_test,60,18,60.6,0.03727063164114952,1.2654583484107305
UBFC_PHYS_s04_T3_test,60,19,60.63333333333333,0.3942059576511383,0.970222076405832
UBFC_PHYS_s04_T3_test,60,20,60.666666666666664,0.5419050455093384,0.6041908868945502
UBFC_PHYS_s04_T3_test,60,21,60.7,0.41666731238365173,0.20529051810873938
UBFC_PHYS_s04_T3_test,60,22,60.733333333333334,0.21025696396827698,-0.19360940648529765
UBFC_PHYS_s04_T3_test,60,23,60.766666666666666,0.07286769151687622,-0.5689710737608036
UBFC_PHYS_s04_T3_test,60,24,60.8,-0.011491400189697742,-0.9069080510229804
UBFC_PHYS_s04_T3_test,60,25,60.833333333333336,-0.06684079021215439,-1.200069417095962
UBFC_PHYS_s04_T3_test,60,26,60.86666666666667,-0.08723625540733337,-1.4425160114753115
UBFC_PHYS_s04_T3_test,60,27,60.9,-0.11310820281505585,-1.6244916423720044
UBFC_PHYS_s04_T3_test,60,28,60.93333333333333,-0.16924689710140228,-1.7291856543693684
UBFC_PHYS_s04_T3_test,60,29,60.96666666666667,-0.2117723822593689,-1.7333221110291883
UBFC_PHYS_s04_T3_test,60,30,61.0,-0.22826026380062103,-1.6124333959370403
UBFC_PHYS_s04_T3_test,60,31,61.03333333333333,-0.26870039105415344,-1.3499698567797498
UBFC_PHYS_s04_T3_test,60,32,61.06666666666667,-0.3532836139202118,-0.9474108644024591
UBFC_PHYS_s04_T3_test,60,33,61.1,-0.46710067987442017,-0.4312318009254513
UBFC_PHYS_s04_T3_test,60,34,61.13333333333333,-0.6016737222671509,0.1471006170276333
UBFC_PHYS_s04_T3_test,60,35,61.166666666666664,-0.7435065507888794,0.7196259621977387
UBFC_PHYS_s04_T3_test,60,36,61.2,-0.8811393976211548,1.216793976487899
UBFC_PHYS_s04_T3_test,60,37,61.233333333333334,-1.0567665100097656,1.583632044742669
UBFC_PHYS_s04_T3_test,60,38,61.266666666666666,-1.3448659181594849,1.7912817518588178
UBFC_PHYS_s04_T3_test,60,39,61.3,-1.686122179031372,1.839930112202634
UBFC_PHYS_s04_T3_test,60,40,61.333333333333336,-1.8178986310958862,1.7528156254209417
UBFC_PHYS_s04_T3_test,60,41,61.36666666666667,-1.532342553138733,1.5646019945982261
UBFC_PHYS_s04_T3_test,60,42,61.4,-0.9434074759483337,1.3092952922249275
UBFC_PHYS_s04_T3_test,60,43,61.43333333333333,-0.34999969601631165,1.0123166310291032
UBFC_PHYS_s04_T3_test,60,44,61.46666666666667,0.08222252130508423,0.6887832508141826
UBFC_PHYS_s04_T3_test,60,45,61.5,0.3717641234397888,0.34697060121264073
UBFC_PHYS_s04_T3_test,60,46,61.53333333333333,0.5691899657249451,-0.006107216648905421
UBFC_PHYS_s04_T3_test,60,47,61.56666666666667,0.700907826423645,-0.36030806054506415
UBFC_PHYS_s04_T3_test,60,48,61.6,0.7831718325614929,-0.7010893084500367
UBFC_PHYS_s04_T3_test,60,49,61.63333333333333,0.8297803401947021,-1.0111223283117974
UBFC_PHYS_s04_T3_test,60,50,61.666666666666664,0.8473011255264282,-1.2728453226620708
UBFC_PHYS_s04_T3_test,60,51,61.7,0.8277534246444702,-1.4698413046637697
UBFC_PHYS_s04_T3_test,60,52,61.733333333333334,0.7557602524757385,-1.586460478855066
UBFC_PHYS_s04_T3_test,60,53,61.766666666666666,0.6387859582901001,-1.6069745704463054
UBFC_PHYS_s04_T3_test,60,54,61.8,0.5024101138114929,-1.5162714174236036
UBFC_PHYS_s04_T3_test,60,55,61.833333333333336,0.34111732244491577,-1.30347664268592
UBFC_PHYS_s04_T3_test,60,56,61.86666666666667,0.1442762017250061,-0.9683920611036411
UBFC_PHYS_s04_T3_test,60,57,61.9,-0.05385122448205948,-0.5285644407943297
UBFC_PHYS_s04_T3_test,60,58,61.93333333333333,-0.21780429780483246,-0.022985125470470057
UBFC_PHYS_s04_T3_test,60,59,61.96666666666667,-0.36311593651771545,0.49125849152792744
UBFC_PHYS_s04_T3_test,60,60,62.0,-0.52834552526474,0.9498299228745435
UBFC_PHYS_s04_T3_test,60,61,62.03333333333333,-0.7430777549743652,1.2959058031323716
UBFC_PHYS_s04_T3_test,60,62,62.06666666666667,-0.9716863632202148,1.4932039518768239
UBFC_PHYS_s04_T3_test,60,63,62.1,-1.0587348937988281,1.5324885476668695
UBFC_PHYS_s04_T3_test,60,64,62.13333333333333,-0.8507069945335388,1.4298038497837846
UBFC_PHYS_s04_T3_test,60,65,62.166666666666664,-0.40994852781295776,1.2181336005723287
UBFC_PHYS_s04_T3_test,60,66,62.2,0.03519503027200699,0.9363365053028413
UBFC_PHYS_s04_T3_test,60,67,62.233333333333334,0.3386714458465576,0.6194583609632176
UBFC_PHYS_s04_T3_test,60,68,62.266666666666666,0.5015720725059509,0.2932035329852799
UBFC_PHYS_s04_T3_test,60,69,62.3,0.5671923160552979,-0.026685248527168318
UBFC_PHYS_s04_T3_test,60,70,62.333333333333336,0.578154981136322,-0.3312148910250818
UBFC_PHYS_s04_T3_test,60,71,62.36666666666667,0.5732241868972778,-0.6131886423254471
UBFC_PHYS_s04_T3_test,60,72,62.4,0.560526967048645,-0.8626667706504667
UBFC_PHYS_s04_T3_test,60,73,62.43333333333333,0.5320240259170532,-1.0644134974084685
UBFC_PHYS_s04_T3_test,60,74,62.46666666666667,0.4840415418148041,-1.198111320290917
UBFC_PHYS_s04_T3_test,60,75,62.5,0.3988054394721985,-1.2413975649187932
UBFC_PHYS_s04_T3_test,60,76,62.53333333333333,0.2523634135723114,-1.1751675908221046
UBFC_PHYS_s04_T3_test,60,77,62.56666666666667,0.060862332582473755,-0.9899827044176512
UBFC_PHYS_s04_T3_test,60,78,62.6,-0.13295796513557434,-0.6918213051709555
UBFC_PHYS_s04_T3_test,60,79,62.63333333333333,-0.2962191700935364,-0.3051497080907625
UBFC_PHYS_s04_T3_test,60,80,62.666666666666664,-0.4550173580646515,0.12829241507552686
UBFC_PHYS_s04_T3_test,60,81,62.7,-0.6809753775596619,0.5555079593797057
UBFC_PHYS_s04_T3_test,60,82,62.733333333333334,-0.9394511580467224,0.9220781142926677
UBFC_PHYS_s04_T3_test,60,83,62.766666666666666,-1.0048375129699707,1.1832862940436126
UBFC_PHYS_s04_T3_test,60,84,62.8,-0.7222827672958374,1.3129984589041719
UBFC_PHYS_s04_T3_test,60,85,62.833333333333336,-0.25223201513290405,1.3071876687249673
UBFC_PHYS_s04_T3_test,60,86,62.86666666666667,0.14718984067440033,1.1810973466636734
UBFC_PHYS_s04_T3_test,60,87,62.9,0.3796572685241699,0.9617801900239551
UBFC_PHYS_s04_T3_test,60,88,62.93333333333333,0.4860002100467682,0.6795754995898006
UBFC_PHYS_s04_T3_test,60,89,62.96666666666667,0.5167542099952698,0.3619549795059747
UBFC_PHYS_s04_T3_test,60,90,63.0,0.5039010643959045,0.031211494034333112
UBFC_PHYS_s04_T3_test,60,91,63.03333333333333,0.4689861238002777,-0.29473834710817837
UBFC_PHYS_s04_T3_test,60,92,63.06666666666667,0.426499605178833,-0.6001470103171549
UBFC_PHYS_s04_T3_test,60,93,63.1,0.38541632890701294,-0.8693758238556859
UBFC_PHYS_s04_T3_test,60,94,63.13333333333333,0.3460383713245392,-1.0859851037431416
UBFC_PHYS_s04_T3_test,60,95,63.166666666666664,0.28810665011405945,-1.2333259707198316
UBFC_PHYS_s04_T3_test,60,96,63.2,0.17212629318237305,-1.2963288573012528
UBFC_PHYS_s04_T3_test,60,97,63.233333333333334,-0.009600945748388767,-1.2638232121294832
UBFC_PHYS_s04_T3_test,60,98,63.266666666666666,-0.20259295403957367,-1.1308396070987792
UBFC_PHYS_s04_T3_test,60,99,63.3,-0.3663608729839325,-0.9007131845643207
UBFC_PHYS_s04_T3_test,60,100,63.333333333333336,-0.5503683686256409,-0.5869593004451414
UBFC_PHYS_s04_T3_test,60,101,63.36666666666667,-0.8164839148521423,-0.21438640059743172
UBFC_PHYS_s04_T3_test,60,102,63.4,-1.0877057313919067,0.1819604571146796
UBFC_PHYS_s04_T3_test,60,103,63.43333333333333,-1.1382607221603394,0.5612566054718994
UBFC_PHYS_s04_T3_test,60,104,63.46666666666667,-0.8291324377059937,0.8840882552748781
UBFC_PHYS_s04_T3_test,60,105,63.5,-0.3036835491657257,1.1197309747419952
UBFC_PHYS_s04_T3_test,60,106,63.53333333333333,0.1693490892648697,1.2507033757431862
UBFC_PHYS_s04_T3_test,60,107,63.56666666666667,0.48643872141838074,1.2733700104174166
UBFC_PHYS_s04_T3_test,60,108,63.6,0.6788362860679626,1.1954109256838863
UBFC_PHYS_s04_T3_test,60,109,63.63333333333333,0.7775102257728577,1.032108560351926
UBFC_PHYS_s04_T3_test,60,110,63.666666666666664,0.8077380061149597,0.8030614568270232
UBFC_PHYS_s04_T3_test,60,111,63.7,0.7962101101875305,0.5299003904867575
UBFC_PHYS_s04_T3_test,60,112,63.733333333333334,0.7460253834724426,0.2348762083472241
UBFC_PHYS_s04_T3_test,60,113,63.766666666666666,0.6599122881889343,-0.0600863350585245
UBFC_PHYS_s04_T3_test,60,114,63.8,0.5649412870407104,-0.3343527521938562
UBFC_PHYS_s04_T3_test,60,115,63.833333333333336,0.46984362602233887,-0.5697862849943687
UBFC_PHYS_s04_T3_test,60,116,63.86666666666667,0.33209383487701416,-0.7518354898983148
UBFC_PHYS_s04_T3_test,60,117,63.9,0.11020904034376144,-0.8698560868592146
UBFC_PHYS_s04_T3_test,60,118,63.93333333333333,-0.1592976599931717,-0.9165251183187056
UBFC_PHYS_s04_T3_test,60,119,63.96666666666667,-0.38521671295166016,-0.8870878080494831
UBFC_PHYS_s04_T3_test,60,120,64.0,-0.5530481338500977,-0.7796379296083668
UBFC_PHYS_s04_T3_test,60,121,64.03333333333333,-0.7776029109954834,-0.5971432692910212
UBFC_PHYS_s04_T3_test,60,122,64.06666666666666,-1.1046710014343262,-0.35061721349837
UBFC_PHYS_s04_T3_test,60,123,64.1,-1.3275984525680542,-0.061628505758221326
UBFC_PHYS_s04_T3_test,60,124,64.13333333333334,-1.186974048614502,0.23784551165274523
UBFC_PHYS_s04_T3_test,60,125,64.16666666666667,-0.7434090971946716,0.5092719260607194
UBFC_PHYS_s04_T3_test,60,126,64.2,-0.33566537499427795,0.7146076274877571
UBFC_PHYS_s04_T3_test,60,127,64.23333333333333,-0.14916326105594635,0.824582330002686
UBFC_PHYS_s04_T3_test,60,128,64.26666666666667,-0.04681561514735222,0.8255714284688678
UBFC_PHYS_s04_T3_test,60,129,64.3,0.1649640053510666,0.7226733694192272
UBFC_PHYS_s04_T3_test,60,130,64.33333333333333,0.488504558801651,0.5377108930657867
UBFC_PHYS_s04_T3_test,60,131,64.36666666666666,0.7697145342826843,0.3025415147068364
UBFC_PHYS_s04_T3_test,60,132,64.4,0.8488602638244629,0.04982173607998401
UBFC_PHYS_s04_T3_test,60,133,64.43333333333334,0.7274131774902344,-0.19541848256964633
UBFC_PHYS_s04_T3_test,60,134,64.46666666666667,0.5527020692825317,-0.42000659195339063
UBFC_PHYS_s04_T3_test,60,135,64.5,0.39427417516708374,-0.6208291146814694
UBFC_PHYS_s04_T3_test,60,136,64.53333333333333,0.16858899593353271,-0.7979579579760303
UBFC_PHYS_s04_T3_test,60,137,64.56666666666666,-0.16661585867404938,-0.9463306504560024
UBFC_PHYS_s04_T3_test,60,138,64.6,-0.552814245223999,-1.0506234798625642
UBFC_PHYS_s04_T3_test,60,139,64.63333333333334,-0.921638011932373,-1.0864803526876015
UBFC_PHYS_s04_T3_test,60,140,64.66666666666667,-1.17475426197052,-1.0278838141310063
UBFC_PHYS_s04_T3_test,60,141,64.7,-1.1257388591766357,-0.8573747893129376
UBFC_PHYS_s04_T3_test,60,142,64.73333333333333,-0.6173430681228638,-0.5749064016550212
UBFC_PHYS_s04_T3_test,60,143,64.76666666666667,0.2709561288356781,-0.20208195371825358
UBFC_PHYS_s04_T3_test,60,144,64.8,1.3006398677825928,0.21977615398222244
UBFC_PHYS_s04_T3_test,60,145,64.83333333333333,2.375889539718628,0.6373800849063112
UBFC_PHYS_s04_T3_test,60,146,64.86666666666666,3.3956336975097656,0.9968509631409426
UBFC_PHYS_s04_T3_test,60,147,64.9,4.054145336151123,1.255187918735209
UBFC_PHYS_s04_T3_test,60,148,64.93333333333334,4.148200035095215,1.3881344416056955
UBFC_PHYS_s04_T3_test,60,149,64.96666666666667,3.789364814758301,1.3922411734983435
UBFC_PHYS_s04_T3_test,60,150,65.0,3.1836202144622803,1.2816473347925899
UBFC_PHYS_s04_T3_test,60,151,65.03333333333333,2.486159563064575,1.0821229856582182
UBFC_PHYS_s04_T3_test,60,152,65.06666666666666,1.7612676620483398,0.8248253552855888
UBFC_PHYS_s04_T3_test,60,153,65.1,0.9571423530578613,0.540950818531266
UBFC_PHYS_s04_T3_test,60,154,65.13333333333334,0.12252622842788696,0.2575797373907837
UBFC_PHYS_s04_T3_test,60,155,65.16666666666667,-0.5621593594551086,-0.005167994092919597
UBFC_PHYS_s04_T3_test,60,156,65.2,-1.0732057094573975,-0.23546204516914554
UBFC_PHYS_s04_T3_test,60,157,65.23333333333333,-1.5701905488967896,-0.429385762785896
UBFC_PHYS_s04_T3_test,60,158,65.26666666666667,-2.1349785327911377,-0.5889234340710536
UBFC_PHYS_s04_T3_test,60,159,65.3,-2.705827474594116,-0.7187444612616247
UBFC_PHYS_s04_T3_test,60,160,65.33333333333333,-3.200366497039795,-0.8224901083320176
UBFC_PHYS_s04_T3_test,60,161,65.36666666666666,-3.5814781188964844,-0.8994117361883214
UBFC_PHYS_s04_T3_test,60,162,65.4,-3.861499309539795,-0.9422628572122866
UBFC_PHYS_s04_T3_test,60,163,65.43333333333334,-3.9855384826660156,-0.9373085990770301
UBFC_PHYS_s04_T3_test,60,164,65.46666666666667,-3.7564914226531982,-0.8671058977065842
UBFC_PHYS_s04_T3_test,60,165,65.5,-3.091860294342041,-0.7161885120038032
UBFC_PHYS_s04_T3_test,60,166,65.53333333333333,-2.2228357791900635,-0.4788329924474872
UBFC_PHYS_s04_T3_test,60,167,65.56666666666666,-1.4112657308578491,-0.16665882703247942
UBFC_PHYS_s04_T3_test,60,168,65.6,-0.7240076065063477,0.18747816741531959
UBFC_PHYS_s04_T3_test,60,169,65.63333333333334,-0.2210882306098938,0.532561360625802
UBFC_PHYS_s04_T3_test,60,170,65.66666666666667,0.036793146282434464,0.8101185423293185
UBFC_PHYS_s04_T3_test,60,171,65.7,0.14800839126110077,0.9695942266647115
UBFC_PHYS_s04_T3_test,60,172,65.73333333333333,0.2750781178474426,0.9828807399144774
UBFC_PHYS_s04_T3_test,60,173,65.76666666666667,0.4542425274848938,0.8523639432151581
UBFC_PHYS_s04_T3_test,60,174,65.8,0.6423524618148804,0.6092719405214683
UBFC_PHYS_s04_T3_test,60,175,65.83333333333333,0.8423801064491272,0.3030421532285658
UBFC_PHYS_s04_T3_test,60,176,65.86666666666666,1.0796711444854736,-0.013900591209256994
UBFC_PHYS_s04_T3_test,60,177,65.9,1.3682869672775269,-0.29980196282353644
UBFC_PHYS_s04_T3_test,60,178,65.93333333333334,1.725767970085144,-0.5305428677890377
UBFC_PHYS_s04_T3_test,60,179,65.96666666666667,2.151705026626587,-0.698139948123941
UBFC_PHYS_s04_T3_test,60,180,66.0,2.603036403656006,-0.8031196531996511
UBFC_PHYS_s04_T3_test,60,181,66.03333333333333,3.0348784923553467,-0.8457652519763547
UBFC_PHYS_s04_T3_test,60,182,66.06666666666666,3.51067852973938,-0.8210529539153033
UBFC_PHYS_s04_T3_test,60,183,66.1,4.193707466125488,-0.7196182227193012
UBFC_PHYS_s04_T3_test,60,184,66.13333333333334,5.074532508850098,-0.5339368486153683
UBFC_PHYS_s04_T3_test,60,185,66.16666666666667,5.773347854614258,-0.26653997688463893
UBFC_PHYS_s04_T3_test,60,186,66.2,5.8560895919799805,0.06367300646956073
UBFC_PHYS_s04_T3_test,60,187,66.23333333333333,5.271149635314941,0.4201943528549033
UBFC_PHYS_s04_T3_test,60,188,66.26666666666667,4.295139312744141,0.7541445329916726
UBFC_PHYS_s04_T3_test,60,189,66.3,3.2122108936309814,1.0150401387642445
UBFC_PHYS_s04_T3_test,60,190,66.33333333333333,2.164821147918701,1.1637927959741978
UBFC_PHYS_s04_T3_test,60,191,66.36666666666666,1.2002508640289307,1.1832549271760042
UBFC_PHYS_s04_T3_test,60,192,66.4,0.31133779883384705,1.0820636146964606
UBFC_PHYS_s04_T3_test,60,193,66.43333333333334,-0.5071802735328674,0.8899314045969166
UBFC_PHYS_s04_T3_test,60,194,66.46666666666667,-1.1884552240371704,0.6461017525845674
UBFC_PHYS_s04_T3_test,60,195,66.5,-1.6335304975509644,0.38574601427020755
UBFC_PHYS_s04_T3_test,60,196,66.53333333333333,-1.858328938484192,0.13000285545680615
UBFC_PHYS_s04_T3_test,60,197,66.56666666666666,-2.0478713512420654,-0.11644358792538075
UBFC_PHYS_s04_T3_test,60,198,66.6,-2.33078670501709,-0.3600418029681501
UBFC_PHYS_s04_T3_test,60,199,66.63333333333334,-2.658965587615967,-0.6084531473622039
UBFC_PHYS_s04_T3_test,60,200,66.66666666666667,-2.926250696182251,-0.8603928980553283
UBFC_PHYS_s04_T3_test,60,201,66.7,-3.122555732727051,-1.0989180689406735
UBFC_PHYS_s04_T3_test,60,202,66.73333333333333,-3.2903287410736084,-1.2904543663243178
UBFC_PHYS_s04_T3_test,60,203,66.76666666666667,-3.381986618041992,-1.390409187433325
UBFC_PHYS_s04_T3_test,60,204,66.8,-3.251652479171753,-1.3547446023350984
UBFC_PHYS_s04_T3_test,60,205,66.83333333333333,-2.842252016067505,-1.1549720980989266
UBFC_PHYS_s04_T3_test,60,206,66.86666666666666,-2.2782046794891357,-0.7918702038774962
UBFC_PHYS_s04_T3_test,60,207,66.9,-1.7272249460220337,-0.3023699556305547
UBFC_PHYS_s04_T3_test,60,208,66.93333333333334,-1.241845965385437,0.24422404271348833
UBFC_PHYS_s04_T3_test,60,209,66.96666666666667,-0.7980179190635681,0.7608625935565287
UBFC_PHYS_s04_T3_test,60,210,67.0,-0.40176305174827576,1.1644124749217226
UBFC_PHYS_s04_T3_test,60,211,67.03333333333333,-0.10040123015642166,1.3973605551596688
UBFC_PHYS_s04_T3_test,60,212,67.06666666666666,0.08696814626455307,1.4414993190682106
UBFC_PHYS_s04_T3_test,60,213,67.1,0.1914498656988144,1.3181840736904045
UBFC_PHYS_s04_T3_test,60,214,67.13333333333334,0.25856098532676697,1.0758621093738332
UBFC_PHYS_s04_T3_test,60,215,67.16666666666667,0.29843592643737793,0.7712865543886885
UBFC_PHYS_s04_T3_test,60,216,67.2,0.2789759635925293,0.4524279639912157
UBFC_PHYS_s04_T3_test,60,217,67.23333333333333,0.14906080067157745,0.148706608077383
UBFC_PHYS_s04_T3_test,60,218,67.26666666666667,-0.10045969486236572,-0.12986792834754224
UBFC_PHYS_s04_T3_test,60,219,67.3,-0.37849292159080505,-0.38652199758657757
UBFC_PHYS_s04_T3_test,60,220,67.33333333333333,-0.5819408893585205,-0.6280511867835169
UBFC_PHYS_s04_T3_test,60,221,67.36666666666666,-0.7076756358146667,-0.8552977333541033
UBFC_PHYS_s04_T3_test,60,222,67.4,-0.8330497741699219,-1.056724709870903
UBFC_PHYS_s04_T3_test,60,223,67.43333333333334,-1.0318788290023804,-1.2070111161925923
UBFC_PHYS_s04_T3_test,60,224,67.46666666666667,-1.3115588426589966,-1.271354972015801
UBFC_PHYS_s04_T3_test,60,225,67.5,-1.6037120819091797,-1.214849903661568
UBFC_PHYS_s04_T3_test,60,226,67.53333333333333,-1.789853572845459,-1.0149177313661237
UBFC_PHYS_s04_T3_test,60,227,67.56666666666666,-1.7569265365600586,-0.6732345114515362
UBFC_PHYS_s04_T3_test,60,228,67.6,-1.473416805267334,-0.22238308462447923
UBFC_PHYS_s04_T3_test,60,229,67.63333333333334,-1.047635793685913,0.27687919260819005
UBFC_PHYS_s04_T3_test,60,230,67.66666666666667,-0.6396777033805847,0.7485294312928914
UBFC_PHYS_s04_T3_test,60,231,67.7,-0.3324204087257385,1.120652838216409
UBFC_PHYS_s04_T3_test,60,232,67.73333333333333,-0.11668447405099869,1.3443498115114545
UBFC_PHYS_s04_T3_test,60,233,67.76666666666667,0.05631159991025925,1.4050772367999234
UBFC_PHYS_s04_T3_test,60,234,67.8,0.21387220919132233,1.322447470386744
UBFC_PHYS_s04_T3_test,60,235,67.83333333333333,0.33999669551849365,1.1392729219131463
UBFC_PHYS_s04_T3_test,60,236,67.86666666666666,0.42373213171958923,0.9047133255299297
UBFC_PHYS_s04_T3_test,60,237,67.9,0.4747549295425415,0.6581089492762983
UBFC_PHYS_s04_T3_test,60,238,67.93333333333334,0.498453825712204,0.4190734082121133
UBFC_PHYS_s04_T3_test,60,239,67.96666666666667,0.5076526999473572,0.1867017288981955
UBFC_PHYS_s04_T3_test,61,0,61.0,-0.22826026380062103,0.1358596479478359
UBFC_PHYS_s04_T3_test,61,1,61.03333333333333,-0.26870039105415344,0.11533389659358846
UBFC_PHYS_s04_T3_test,61,2,61.06666666666667,-0.3532836139202118,0.1380986954993497
UBFC_PHYS_s04_T3_test,61,3,61.1,-0.46710067987442017,0.23542318712835913
UBFC_PHYS_s04_T3_test,61,4,61.13333333333333,-0.6016737222671509,0.4151105786515122
UBFC_PHYS_s04_T3_test,61,5,61.166666666666664,-0.7435065507888794,0.6591426239020302
UBFC_PHYS_s04_T3_test,61,6,61.2,-0.8811393976211548,0.9290402823217127
UBFC_PHYS_s04_T3_test,61,7,61.233333333333334,-1.0567665100097656,1.1766881950166328
UBFC_PHYS_s04_T3_test,61,8,61.266666666666666,-1.3448659181594849,1.3567285040191435
UBFC_PHYS_s04_T3_test,61,9,61.3,-1.686122179031372,1.4366118126458913
UBFC_PHYS_s04_T3_test,61,10,61.333333333333336,-1.8178986310958862,1.4018437452625778
UBFC_PHYS_s04_T3_test,61,11,61.36666666666667,-1.532342553138733,1.2560705952117122
UBFC_PHYS_s04_T3_test,61,12,61.4,-0.9434074759483337,1.0173926147868728
UBFC_PHYS_s04_T3_test,61,13,61.43333333333333,-0.34999969601631165,0.7129470029184048
UBFC_PHYS_s04_T3_test,61,14,61.46666666666667,0.08222252130508423,0.37331123072487904
UBFC_PHYS_s04_T3_test,61,15,61.5,0.3717641234397888,0.02741973679495721
UBFC_PHYS_s04_T3_test,61,16,61.53333333333333,0.5691899657249451,-0.30170535834654205
UBFC_PHYS_s04_T3_test,61,17,61.56666666666667,0.700907826423645,-0.5999135898436438
UBFC_PHYS_s04_T3_test,61,18,61.6,0.7831718325614929,-0.8627083289819187
UBFC_PHYS_s04_T3_test,61,19,61.63333333333333,0.8297803401947021,-1.0929828086284357
UBFC_PHYS_s04_T3_test,61,20,61.666666666666664,0.8473011255264282,-1.2955784184082506
UBFC_PHYS_s04_T3_test,61,21,61.7,0.8277534246444702,-1.4699453057488034
UBFC_PHYS_s04_T3_test,61,22,61.733333333333334,0.7557602524757385,-1.603675509938038
UBFC_PHYS_s04_T3_test,61,23,61.766666666666666,0.6387859582901001,-1.6702374998299885
UBFC_PHYS_s04_T3_test,61,24,61.8,0.5024101138114929,-1.6331994190114252
UBFC_PHYS_s04_T3_test,61,25,61.833333333333336,0.34111732244491577,-1.4569436119165666
UBFC_PHYS_s04_T3_test,61,26,61.86666666666667,0.1442762017250061,-1.1212272348862462
UBFC_PHYS_s04_T3_test,61,27,61.9,-0.05385122448205948,-0.6346939832941256
UBFC_PHYS_s04_T3_test,61,28,61.93333333333333,-0.21780429780483246,-0.04148780949958564
UBFC_PHYS_s04_T3_test,61,29,61.96666666666667,-0.36311593651771545,0.5833766830460175
UBFC_PHYS_s04_T3_test,61,30,62.0,-0.52834552526474,1.1500706412904698
UBFC_PHYS_s04_T3_test,61,31,62.03333333333333,-0.7430777549743652,1.5765579524030877
UBFC_PHYS_s04_T3_test,61,32,62.06666666666667,-0.9716863632202148,1.8095443981097923
UBFC_PHYS_s04_T3_test,61,33,62.1,-1.0587348937988281,1.8359840618193053
UBFC_PHYS_s04_T3_test,61,34,62.13333333333333,-0.8507069945335388,1.681604984710199
UBFC_PHYS_s04_T3_test,61,35,62.166666666666664,-0.40994852781295776,1.3983415802936143
UBFC_PHYS_s04_T3_test,61,36,62.2,0.03519503027200699,1.0462104679723254
UBFC_PHYS_s04_T3_test,61,37,62.233333333333334,0.3386714458465576,0.676201211809641
UBFC_PHYS_s04_T3_test,61,38,62.266666666666666,0.5015720725059509,0.31962050694754457
UBFC_PHYS_s04_T3_test,61,39,62.3,0.5671923160552979,-0.013458981929402937
UBFC_PHYS_s04_T3_test,61,40,62.333333333333336,0.578154981136322,-0.32755827004574806
UBFC_PHYS_s04_T3_test,61,41,62.36666666666667,0.5732241868972778,-0.6306712629369885
UBFC_PHYS_s04_T3_test,61,42,62.4,0.560526967048645,-0.9232611589629611
UBFC_PHYS_s04_T3_test,61,43,62.43333333333333,0.5320240259170532,-1.1911356745314468
UBFC_PHYS_s04_T3_test,61,44,62.46666666666667,0.4840415418148041,-1.4042904351294143
UBFC_PHYS_s04_T3_test,61,45,62.5,0.3988054394721985,-1.522078184169322
UBFC_PHYS_s04_T3_test,61,46,62.53333333333333,0.2523634135723114,-1.5036070895558427
UBFC_PHYS_s04_T3_test,61,47,62.56666666666667,0.060862332582473755,-1.3209099361841854
UBFC_PHYS_s04_T3_test,61,48,62.6,-0.13295796513557434,-0.9711267750359585
UBFC_PHYS_s04_T3_test,61,49,62.63333333333333,-0.2962191700935364,-0.4834076845090972
UBFC_PHYS_s04_T3_test,61,50,62.666666666666664,-0.4550173580646515,0.08275229267753931
UBFC_PHYS_s04_T3_test,61,51,62.7,-0.6809753775596619,0.6484254882477487
UBFC_PHYS_s04_T3_test,61,52,62.733333333333334,-0.9394511580467224,1.132668395423956
UBFC_PHYS_s04_T3_test,61,53,62.766666666666666,-1.0048375129699707,1.470968588101156
UBFC_PHYS_s04_T3_test,61,54,62.8,-0.7222827672958374,1.6286066055559218
UBFC_PHYS_s04_T3_test,61,55,62.833333333333336,-0.25223201513290405,1.6047122199556947
UBFC_PHYS_s04_T3_test,61,56,62.86666666666667,0.14718984067440033,1.426503473176724
UBFC_PHYS_s04_T3_test,61,57,62.9,0.3796572685241699,1.136948423642415
UBFC_PHYS_s04_T3_test,61,58,62.93333333333333,0.4860002100467682,0.7811210275611155
UBFC_PHYS_s04_T3_test,61,59,62.96666666666667,0.5167542099952698,0.3961275269083626
UBFC_PHYS_s04_T3_test,61,60,63.0,0.5039010643959045,0.0071487795520602535
UBFC_PHYS_s04_T3_test,61,61,63.03333333333333,0.4689861238002777,-0.3706536140918151
UBFC_PHYS_s04_T3_test,61,62,63.06666666666667,0.426499605178833,-0.7265352189283618
UBFC_PHYS_s04_T3_test,61,63,63.1,0.38541632890701294,-1.047818185493476
UBFC_PHYS_s04_T3_test,61,64,63.13333333333333,0.3460383713245392,-1.3156189856973608
UBFC_PHYS_s04_T3_test,61,65,63.166666666666664,0.28810665011405945,-1.5044477576039768
UBFC_PHYS_s04_T3_test,61,66,63.2,0.17212629318237305,-1.585784719843559
UBFC_PHYS_s04_T3_test,61,67,63.233333333333334,-0.009600945748388767,-1.5344091035486103
UBFC_PHYS_s04_T3_test,61,68,63.266666666666666,-0.20259295403957367,-1.335922559798069
UBFC_PHYS_s04_T3_test,61,69,63.3,-0.3663608729839325,-0.9938715358907124
UBFC_PHYS_s04_T3_test,61,70,63.333333333333336,-0.5503683686256409,-0.5344198318108813
UBFC_PHYS_s04_T3_test,61,71,63.36666666666667,-0.8164839148521423,-0.0062254162772038294
UBFC_PHYS_s04_T3_test,61,72,63.4,-1.0877057313919067,0.5260178593265188
UBFC_PHYS_s04_T3_test,61,73,63.43333333333333,-1.1382607221603394,0.9938133048339369
UBFC_PHYS_s04_T3_test,61,74,63.46666666666667,-0.8291324377059937,1.3396644285930304
UBFC_PHYS_s04_T3_test,61,75,63.5,-0.3036835491657257,1.529562309264179
UBFC_PHYS_s04_T3_test,61,76,63.53333333333333,0.1693490892648697,1.5587628011394041
UBFC_PHYS_s04_T3_test,61,77,63.56666666666667,0.48643872141838074,1.449014150804895
UBFC_PHYS_s04_T3_test,61,78,63.6,0.6788362860679626,1.238807281774913
UBFC_PHYS_s04_T3_test,61,79,63.63333333333333,0.7775102257728577,0.9707482692683547
UBFC_PHYS_s04_T3_test,61,80,63.666666666666664,0.8077380061149597,0.6806080625583429
UBFC_PHYS_s04_T3_test,61,81,63.7,0.7962101101875305,0.3912469103677645
UBFC_PHYS_s04_T3_test,61,82,63.733333333333334,0.7460253834724426,0.11242783923445053
UBFC_PHYS_s04_T3_test,61,83,63.766666666666666,0.6599122881889343,-0.15465236229405316
UBFC_PHYS_s04_T3_test,61,84,63.8,0.5649412870407104,-0.41081725150388526
UBFC_PHYS_s04_T3_test,61,85,63.833333333333336,0.46984362602233887,-0.6533423013503494
UBFC_PHYS_s04_T3_test,61,86,63.86666666666667,0.33209383487701416,-0.8733027986712868
UBFC_PHYS_s04_T3_test,61,87,63.9,0.11020904034376144,-1.0560591135185953
UBFC_PHYS_s04_T3_test,61,88,63.93333333333333,-0.1592976599931717,-1.1837155085598714
UBFC_PHYS_s04_T3_test,61,89,63.96666666666667,-0.38521671295166016,-1.238098965823333
UBFC_PHYS_s04_T3_test,61,90,64.0,-0.5530481338500977,-1.2036145338666715
UBFC_PHYS_s04_T3_test,61,91,64.03333333333333,-0.7776029109954834,-1.0702515690959253
UBFC_PHYS_s04_T3_test,61,92,64.06666666666666,-1.1046710014343262,-0.837058459374121
UBFC_PHYS_s04_T3_test,61,93,64.1,-1.3275984525680542,-0.5155849946227548
UBFC_PHYS_s04_T3_test,61,94,64.13333333333334,-1.186974048614502,-0.13182818461629534
UBFC_PHYS_s04_T3_test,61,95,64.16666666666667,-0.7434090971946716,0.2750463615410202
UBFC_PHYS_s04_T3_test,61,96,64.2,-0.33566537499427795,0.658055915109176
UBFC_PHYS_s04_T3_test,61,97,64.23333333333333,-0.14916326105594635,0.971004039206394
UBFC_PHYS_s04_T3_test,61,98,64.26666666666667,-0.04681561514735222,1.1779004895884098
UBFC_PHYS_s04_T3_test,61,99,64.3,0.1649640053510666,1.2600572068414344
UBFC_PHYS_s04_T3_test,61,100,64.33333333333333,0.488504558801651,1.218384559196339
UBFC_PHYS_s04_T3_test,61,101,64.36666666666666,0.7697145342826843,1.0702092338965408
UBFC_PHYS_s04_T3_test,61,102,64.4,0.8488602638244629,0.8420881837137163
UBFC_PHYS_s04_T3_test,61,103,64.43333333333334,0.7274131774902344,0.5615986828450471
UBFC_PHYS_s04_T3_test,61,104,64.46666666666667,0.5527020692825317,0.25126670793803857
UBFC_PHYS_s04_T3_test,61,105,64.5,0.39427417516708374,-0.07324118950269835
UBFC_PHYS_s04_T3_test,61,106,64.53333333333333,0.16858899593353271,-0.40030388622069984
UBFC_PHYS_s04_T3_test,61,107,64.56666666666666,-0.16661585867404938,-0.7166301019393462
UBFC_PHYS_s04_T3_test,61,108,64.6,-0.552814245223999,-1.0020219087033453
UBFC_PHYS_s04_T3_test,61,109,64.63333333333334,-0.921638011932373,-1.2279375090063613
UBFC_PHYS_s04_T3_test,61,110,64.66666666666667,-1.17475426197052,-1.3610240149124997
UBFC_PHYS_s04_T3_test,61,111,64.7,-1.1257388591766357,-1.370318703864373
UBFC_PHYS_s04_T3_test,61,112,64.73333333333333,-0.6173430681228638,-1.2357859886942137
UBFC_PHYS_s04_T3_test,61,113,64.76666666666667,0.2709561288356781,-0.9559312012429602
UBFC_PHYS_s04_T3_test,61,114,64.8,1.3006398677825928,-0.5523938237480722
UBFC_PHYS_s04_T3_test,61,115,64.83333333333333,2.375889539718628,-0.06962684639706589
UBFC_PHYS_s04_T3_test,61,116,64.86666666666666,3.3956336975097656,0.4314212841925834
UBFC_PHYS_s04_T3_test,61,117,64.9,4.054145336151123,0.8848199615487962
UBFC_PHYS_s04_T3_test,61,118,64.93333333333334,4.148200035095215,1.2330896971701295
UBFC_PHYS_s04_T3_test,61,119,64.96666666666667,3.789364814758301,1.438139188050509
UBFC_PHYS_s04_T3_test,61,120,65.0,3.1836202144622803,1.4867001276569658
UBFC_PHYS_s04_T3_test,61,121,65.03333333333333,2.486159563064575,1.3898183607565753
UBFC_PHYS_s04_T3_test,61,122,65.06666666666666,1.7612676620483398,1.177684155103836
UBFC_PHYS_s04_T3_test,61,123,65.1,0.9571423530578613,0.8915741076289095
UBFC_PHYS_s04_T3_test,61,124,65.13333333333334,0.12252622842788696,0.5745816945428451
UBFC_PHYS_s04_T3_test,61,125,65.16666666666667,-0.5621593594551086,0.26284676208890345
UBFC_PHYS_s04_T3_test,61,126,65.2,-1.0732057094573975,-0.02069533672422246
UBFC_PHYS_s04_T3_test,61,127,65.23333333333333,-1.5701905488967896,-0.26818870832572245
UBFC_PHYS_s04_T3_test,61,128,65.26666666666667,-2.1349785327911377,-0.483769801435408
UBFC_PHYS_s04_T3_test,61,129,65.3,-2.705827474594116,-0.676799843940057
UBFC_PHYS_s04_T3_test,61,130,65.33333333333333,-3.200366497039795,-0.854084679837726
UBFC_PHYS_s04_T3_test,61,131,65.36666666666666,-3.5814781188964844,-1.013808851265412
UBFC_PHYS_s04_T3_test,61,132,65.4,-3.861499309539795,-1.1427044926547392
UBFC_PHYS_s04_T3_test,61,133,65.43333333333334,-3.9855384826660156,-1.2168159552528977
UBFC_PHYS_s04_T3_test,61,134,65.46666666666667,-3.7564914226531982,-1.2060212094070286
UBFC_PHYS_s04_T3_test,61,135,65.5,-3.091860294342041,-1.0823111300092922
UBFC_PHYS_s04_T3_test,61,136,65.53333333333333,-2.2228357791900635,-0.8305788729977418
UBFC_PHYS_s04_T3_test,61,137,65.56666666666666,-1.4112657308578491,-0.4587266515963154
UBFC_PHYS_s04_T3_test,61,138,65.6,-0.7240076065063477,-0.0026704651060621143
UBFC_PHYS_s04_T3_test,61,139,65.63333333333334,-0.2210882306098938,0.4772277884606623
UBFC_PHYS_s04_T3_test,61,140,65.66666666666667,0.036793146282434464,0.908435260624176
UBFC_PHYS_s04_T3_test,61,141,65.7,0.14800839126110077,1.2235494949278403
UBFC_PHYS_s04_T3_test,61,142,65.73333333333333,0.2750781178474426,1.3768791681685695
UBFC_PHYS_s04_T3_test,61,143,65.76666666666667,0.4542425274848938,1.3548658895933279
UBFC_PHYS_s04_T3_test,61,144,65.8,0.6423524618148804,1.1771041343136905
UBFC_PHYS_s04_T3_test,61,145,65.83333333333333,0.8423801064491272,0.8880001221737447
UBFC_PHYS_s04_T3_test,61,146,65.86666666666666,1.0796711444854736,0.54241263052004
UBFC_PHYS_s04_T3_test,61,147,65.9,1.3682869672775269,0.19065197773910453
UBFC_PHYS_s04_T3_test,61,148,65.93333333333334,1.725767970085144,-0.13192189966902756
UBFC_PHYS_s04_T3_test,61,149,65.96666666666667,2.151705026626587,-0.4077306375915111
UBFC_PHYS_s04_T3_test,61,150,66.0,2.603036403656006,-0.632680967665395
UBFC_PHYS_s04_T3_test,61,151,66.03333333333333,3.0348784923553467,-0.8080413152349157
UBFC_PHYS_s04_T3_test,61,152,66.06666666666666,3.51067852973938,-0.9327456738580973
UBFC_PHYS_s04_T3_test,61,153,66.1,4.193707466125488,-0.9993750992151927
UBFC_PHYS_s04_T3_test,61,154,66.13333333333334,5.074532508850098,-0.9949806472985454
UBFC_PHYS_s04_T3_test,61,155,66.16666666666667,5.773347854614258,-0.9059077432338032
UBFC_PHYS_s04_T3_test,61,156,66.2,5.8560895919799805,-0.7246340620564276
UBFC_PHYS_s04_T3_test,61,157,66.23333333333333,5.271149635314941,-0.4562444391377651
UBFC_PHYS_s04_T3_test,61,158,66.26666666666667,4.295139312744141,-0.12217323475816035
UBFC_PHYS_s04_T3_test,61,159,66.3,3.2122108936309814,0.24072749686815126
UBFC_PHYS_s04_T3_test,61,160,66.33333333333333,2.164821147918701,0.5865805869978568
UBFC_PHYS_s04_T3_test,61,161,66.36666666666666,1.2002508640289307,0.8709668019110224
UBFC_PHYS_s04_T3_test,61,162,66.4,0.31133779883384705,1.0616017468212817
UBFC_PHYS_s04_T3_test,61,163,66.43333333333334,-0.5071802735328674,1.1444538968619118
UBFC_PHYS_s04_T3_test,61,164,66.46666666666667,-1.1884552240371704,1.1227191880277887
UBFC_PHYS_s04_T3_test,61,165,66.5,-1.6335304975509644,1.0100074728074695
UBFC_PHYS_s04_T3_test,61,166,66.53333333333333,-1.858328938484192,0.8222267983664477
UBFC_PHYS_s04_T3_test,61,167,66.56666666666666,-2.0478713512420654,0.5728507643982209
UBFC_PHYS_s04_T3_test,61,168,66.6,-2.33078670501709,0.27333371408848234
UBFC_PHYS_s04_T3_test,61,169,66.63333333333334,-2.658965587615967,-0.06308441972924626
UBFC_PHYS_s04_T3_test,61,170,66.66666666666667,-2.926250696182251,-0.4173961542448999
UBFC_PHYS_s04_T3_test,61,171,66.7,-3.122555732727051,-0.7630042161057128
UBFC_PHYS_s04_T3_test,61,172,66.73333333333333,-3.2903287410736084,-1.0665853201181668
UBFC_PHYS_s04_T3_test,61,173,66.76666666666667,-3.381986618041992,-1.2910962276172373
UBFC_PHYS_s04_T3_test,61,174,66.8,-3.251652479171753,-1.4006539015915869
UBFC_PHYS_s04_T3_test,61,175,66.83333333333333,-2.842252016067505,-1.3673204114938295
UBFC_PHYS_s04_T3_test,61,176,66.86666666666666,-2.2782046794891357,-1.1789014724345985
UBFC_PHYS_s04_T3_test,61,177,66.9,-1.7272249460220337,-0.8455190278534441
UBFC_PHYS_s04_T3_test,61,178,66.93333333333334,-1.241845965385437,-0.40229227615510443
UBFC_PHYS_s04_T3_test,61,179,66.96666666666667,-0.7980179190635681,0.09387612608385028
UBFC_PHYS_s04_T3_test,61,180,67.0,-0.40176305174827576,0.5739710053554168
UBFC_PHYS_s04_T3_test,61,181,67.03333333333333,-0.10040123015642166,0.9712858834611117
UBFC_PHYS_s04_T3_test,61,182,67.06666666666666,0.08696814626455307,1.2363212080494212
UBFC_PHYS_s04_T3_test,61,183,67.1,0.1914498656988144,1.3468532016957517
UBFC_PHYS_s04_T3_test,61,184,67.13333333333334,0.25856098532676697,1.3096242615120701
UBFC_PHYS_s04_T3_test,61,185,67.16666666666667,0.29843592643737793,1.153588910383014
UBFC_PHYS_s04_T3_test,61,186,67.2,0.2789759635925293,0.9178451294605113
UBFC_PHYS_s04_T3_test,61,187,67.23333333333333,0.14906080067157745,0.6390090952092384
UBFC_PHYS_s04_T3_test,61,188,67.26666666666667,-0.10045969486236572,0.34248883063520347
UBFC_PHYS_s04_T3_test,61,189,67.3,-0.37849292159080505,0.0403079684842364
UBFC_PHYS_s04_T3_test,61,190,67.33333333333333,-0.5819408893585205,-0.2643828529296898
UBFC_PHYS_s04_T3_test,61,191,67.36666666666666,-0.7076756358146667,-0.5684810218380166
UBFC_PHYS_s04_T3_test,61,192,67.4,-0.8330497741699219,-0.859946204870156
UBFC_PHYS_s04_T3_test,61,193,67.43333333333334,-1.0318788290023804,-1.1130112023001255
UBFC_PHYS_s04_T3_test,61,194,67.46666666666667,-1.3115588426589966,-1.2902765898731778
UBFC_PHYS_s04_T3_test,61,195,67.5,-1.6037120819091797,-1.3516171507316899
UBFC_PHYS_s04_T3_test,61,196,67.53333333333333,-1.789853572845459,-1.2671429248545196
UBFC_PHYS_s04_T3_test,61,197,67.56666666666666,-1.7569265365600586,-1.029601674313149
UBFC_PHYS_s04_T3_test,61,198,67.6,-1.473416805267334,-0.6611688857513293
UBFC_PHYS_s04_T3_test,61,199,67.63333333333334,-1.047635793685913,-0.21119250797184191
UBFC_PHYS_s04_T3_test,61,200,67.66666666666667,-0.6396777033805847,0.25501410947106595
UBFC_PHYS_s04_T3_test,61,201,67.7,-0.3324204087257385,0.6724397910821234
UBFC_PHYS_s04_T3_test,61,202,67.73333333333333,-0.11668447405099869,0.9917146227210546
UBFC_PHYS_s04_T3_test,61,203,67.76666666666667,0.05631159991025925,1.1881521410235059
UBFC_PHYS_s04_T3_test,61,204,67.8,0.21387220919132233,1.2621300903787718
UBFC_PHYS_s04_T3_test,61,205,67.83333333333333,0.33999669551849365,1.2321520749916888
UBFC_PHYS_s04_T3_test,61,206,67.86666666666666,0.42373213171958923,1.1244687247643395
UBFC_PHYS_s04_T3_test,61,207,67.9,0.4747549295425415,0.9636053542010524
UBFC_PHYS_s04_T3_test,61,208,67.93333333333334,0.498453825712204,0.7667594913780611
UBFC_PHYS_s04_T3_test,61,209,67.96666666666667,0.5076526999473572,0.5429031868086145
UBFC_PHYS_s04_T3_test,61,210,68.0,0.5134020447731018,0.2956937425309713
UBFC_PHYS_s04_T3_test,61,211,68.03333333333333,0.49613460898399353,0.028356368658862676
UBFC_PHYS_s04_T3_test,61,212,68.06666666666666,0.44414710998535156,-0.25153796631905767
UBFC_PHYS_s04_T3_test,61,213,68.1,0.3736935555934906,-0.5291575779776939
UBFC_PHYS_s04_T3_test,61,214,68.13333333333334,0.2918583154678345,-0.7824051739858294
UBFC_PHYS_s04_T3_test,61,215,68.16666666666667,0.18763971328735352,-0.984988679376794
UBFC_PHYS_s04_T3_test,61,216,68.2,0.05586334690451622,-1.1118660932983198
UBFC_PHYS_s04_T3_test,61,217,68.23333333333333,-0.08976985514163971,-1.1456076185841861
UBFC_PHYS_s04_T3_test,61,218,68.26666666666667,-0.24597597122192383,-1.0817282718227619
UBFC_PHYS_s04_T3_test,61,219,68.3,-0.4466954469680786,-0.931123740061526
UBFC_PHYS_s04_T3_test,61,220,68.33333333333333,-0.6545382738113403,-0.7185284459835601
UBFC_PHYS_s04_T3_test,61,221,68.36666666666666,-0.6930391788482666,-0.4770782644811107
UBFC_PHYS_s04_T3_test,61,222,68.4,-0.46639904379844666,-0.24023257042738314
UBFC_PHYS_s04_T3_test,61,223,68.43333333333334,-0.12401241809129715,-0.033487594027310746
UBFC_PHYS_s04_T3_test,61,224,68.46666666666667,0.1601599156856537,0.13087871485306748
UBFC_PHYS_s04_T3_test,61,225,68.5,0.3824344873428345,0.2536282042023406
UBFC_PHYS_s04_T3_test,61,226,68.53333333333333,0.5755531787872314,0.34337812541180657
UBFC_PHYS_s04_T3_test,61,227,68.56666666666666,0.7042112946510315,0.4095471463344912
UBFC_PHYS_s04_T3_test,61,228,68.6,0.755984365940094,0.4570108223603722
UBFC_PHYS_s04_T3_test,61,229,68.63333333333334,0.7715757489204407,0.48450351870434283
UBFC_PHYS_s04_T3_test,61,230,68.66666666666667,0.7878590226173401,0.4867548472998907
UBFC_PHYS_s04_T3_test,61,231,68.7,0.8149782419204712,0.4588253995516428
UBFC_PHYS_s04_T3_test,61,232,68.73333333333333,0.8445141911506653,0.4005169673202967
UBFC_PHYS_s04_T3_test,61,233,68.76666666666667,0.8443387746810913,0.31895835800964595
UBFC_PHYS_s04_T3_test,61,234,68.8,0.7850135564804077,0.22820568076876319
UBFC_PHYS_s04_T3_test,61,235,68.83333333333333,0.7023987770080566,0.1458018173937419
UBFC_PHYS_s04_T3_test,61,236,68.86666666666666,0.6696081757545471,0.08748127771281396
UBFC_PHYS_s04_T3_test,61,237,68.9,0.6769945621490479,0.06201806958370055
UBFC_PHYS_s04_T3_test,61,238,68.93333333333334,0.5926744341850281,0.06816219820377764
UBFC_PHYS_s04_T3_test,61,239,68.96666666666667,0.3039221465587616,0.09483951031657452
UBFC_PHYS_s04_T3_test,62,0,62.0,-0.52834552526474,-0.18686541697002287
UBFC_PHYS_s04_T3_test,62,1,62.03333333333333,-0.7430777549743652,-0.23170281843351911
UBFC_PHYS_s04_T3_test,62,2,62.06666666666667,-0.9716863632202148,-0.2601058135944984
UBFC_PHYS_s04_T3_test,62,3,62.1,-1.0587348937988281,-0.2632779947442054
UBFC_PHYS_s04_T3_test,62,4,62.13333333333333,-0.8507069945335388,-0.24124807835734188
UBFC_PHYS_s04_T3_test,62,5,62.166666666666664,-0.40994852781295776,-0.2044959937375775
UBFC_PHYS_s04_T3_test,62,6,62.2,0.03519503027200699,-0.17258839341246437
UBFC_PHYS_s04_T3_test,62,7,62.233333333333334,0.3386714458465576,-0.16991005877895837
UBFC_PHYS_s04_T3_test,62,8,62.266666666666666,0.5015720725059509,-0.21911439213996242
UBFC_PHYS_s04_T3_test,62,9,62.3,0.5671923160552979,-0.3334936726754895
UBFC_PHYS_s04_T3_test,62,10,62.333333333333336,0.578154981136322,-0.5102418861750009
UBFC_PHYS_s04_T3_test,62,11,62.36666666666667,0.5732241868972778,-0.7268452246770843
UBFC_PHYS_s04_T3_test,62,12,62.4,0.560526967048645,-0.942054038872672
UBFC_PHYS_s04_T3_test,62,13,62.43333333333333,0.5320240259170532,-1.1017038361318716
UBFC_PHYS_s04_T3_test,62,14,62.46666666666667,0.4840415418148041,-1.1488185781117066
UBFC_PHYS_s04_T3_test,62,15,62.5,0.3988054394721985,-1.0367531431994448
UBFC_PHYS_s04_T3_test,62,16,62.53333333333333,0.2523634135723114,-0.7431067572035689
UBFC_PHYS_s04_T3_test,62,17,62.56666666666667,0.060862332582473755,-0.28072880797432304
UBFC_PHYS_s04_T3_test,62,18,62.6,-0.13295796513557434,0.298796605426999
UBFC_PHYS_s04_T3_test,62,19,62.63333333333333,-0.2962191700935364,0.9125250608593617
UBFC_PHYS_s04_T3_test,62,20,62.666666666666664,-0.4550173580646515,1.4636804948512783
UBFC_PHYS_s04_T3_test,62,21,62.7,-0.6809753775596619,1.8641298015003647
UBFC_PHYS_s04_T3_test,62,22,62.733333333333334,-0.9394511580467224,2.0544992134627664
UBFC_PHYS_s04_T3_test,62,23,62.766666666666666,-1.0048375129699707,2.015821479510386
UBFC_PHYS_s04_T3_test,62,24,62.8,-0.7222827672958374,1.7701307543755431
UBFC_PHYS_s04_T3_test,62,25,62.833333333333336,-0.25223201513290405,1.3712454792072348
UBFC_PHYS_s04_T3_test,62,26,62.86666666666667,0.14718984067440033,0.8894039671054328
UBFC_PHYS_s04_T3_test,62,27,62.9,0.3796572685241699,0.3942957756407531
UBFC_PHYS_s04_T3_test,62,28,62.93333333333333,0.4860002100467682,-0.059120848146492225
UBFC_PHYS_s04_T3_test,62,29,62.96666666666667,0.5167542099952698,-0.43869126842569256
UBFC_PHYS_s04_T3_test,62,30,63.0,0.5039010643959045,-0.735640969292951
UBFC_PHYS_s04_T3_test,62,31,63.03333333333333,0.4689861238002777,-0.9586399867078347
UBFC_PHYS_s04_T3_test,62,32,63.06666666666667,0.426499605178833,-1.1243605558751146
UBFC_PHYS_s04_T3_test,62,33,63.1,0.38541632890701294,-1.2482825838591385
UBFC_PHYS_s04_T3_test,62,34,63.13333333333333,0.3460383713245392,-1.3386094094443868
UBFC_PHYS_s04_T3_test,62,35,63.166666666666664,0.28810665011405945,-1.394360933545294
UBFC_PHYS_s04_T3_test,62,36,63.2,0.17212629318237305,-1.4070768511857936
UBFC_PHYS_s04_T3_test,62,37,63.233333333333334,-0.009600945748388767,-1.3646331453086549
UBFC_PHYS_s04_T3_test,62,38,63.266666666666666,-0.20259295403957367,-1.255538316565529
UBFC_PHYS_s04_T3_test,62,39,63.3,-0.3663608729839325,-1.0725968609772862
UBFC_PHYS_s04_T3_test,62,40,63.333333333333336,-0.5503683686256409,-0.8155970551781089
UBFC_PHYS_s04_T3_test,62,41,63.36666666666667,-0.8164839148521423,-0.4930340167061381
UBFC_PHYS_s04_T3_test,62,42,63.4,-1.0877057313919067,-0.12259196923829763
UBFC_PHYS_s04_T3_test,62,43,63.43333333333333,-1.1382607221603394,0.27010339837173303
UBFC_PHYS_s04_T3_test,62,44,63.46666666666667,-0.8291324377059937,0.6544682860781975
UBFC_PHYS_s04_T3_test,62,45,63.5,-0.3036835491657257,0.9989695593018326
UBFC_PHYS_s04_T3_test,62,46,63.53333333333333,0.1693490892648697,1.275199409070845
UBFC_PHYS_s04_T3_test,62,47,63.56666666666667,0.48643872141838074,1.461258468177328
UBFC_PHYS_s04_T3_test,62,48,63.6,0.6788362860679626,1.5440199826928542
UBFC_PHYS_s04_T3_test,62,49,63.63333333333333,0.7775102257728577,1.5201927292588215
UBFC_PHYS_s04_T3_test,62,50,63.666666666666664,0.8077380061149597,1.3963990807541515
UBFC_PHYS_s04_T3_test,62,51,63.7,0.7962101101875305,1.1885358398710129
UBFC_PHYS_s04_T3_test,62,52,63.733333333333334,0.7460253834724426,0.9204425210706958
UBFC_PHYS_s04_T3_test,62,53,63.766666666666666,0.6599122881889343,0.6217105917707204
UBFC_PHYS_s04_T3_test,62,54,63.8,0.5649412870407104,0.3245809526339111
UBFC_PHYS_s04_T3_test,62,55,63.833333333333336,0.46984362602233887,0.06001497889302049
UBFC_PHYS_s04_T3_test,62,56,63.86666666666667,0.33209383487701416,-0.14697169339079078
UBFC_PHYS_s04_T3_test,62,57,63.9,0.11020904034376144,-0.28220040698482995
UBFC_PHYS_s04_T3_test,62,58,63.93333333333333,-0.1592976599931717,-0.34593417616084354
UBFC_PHYS_s04_T3_test,62,59,63.96666666666667,-0.38521671295166016,-0.3532870596159526
UBFC_PHYS_s04_T3_test,62,60,64.0,-0.5530481338500977,-0.33064628598258805
UBFC_PHYS_s04_T3_test,62,61,64.03333333333333,-0.7776029109954834,-0.30906082566019016
UBFC_PHYS_s04_T3_test,62,62,64.06666666666666,-1.1046710014343262,-0.31658069840437836
UBFC_PHYS_s04_T3_test,62,63,64.1,-1.3275984525680542,-0.37155830708197124
UBFC_PHYS_s04_T3_test,62,64,64.13333333333334,-1.186974048614502,-0.4783178531293186
UBFC_PHYS_s04_T3_test,62,65,64.16666666666667,-0.7434090971946716,-0.6257615989799822
UBFC_PHYS_s04_T3_test,62,66,64.2,-0.33566537499427795,-0.7887805018495506
UBFC_PHYS_s04_T3_test,62,67,64.23333333333333,-0.14916326105594635,-0.9320957402170837
UBFC_PHYS_s04_T3_test,62,68,64.26666666666667,-0.04681561514735222,-1.0163270645629816
UBFC_PHYS_s04_T3_test,62,69,64.3,0.1649640053510666,-1.006060385482246
UBFC_PHYS_s04_T3_test,62,70,64.33333333333333,0.488504558801651,-0.879054035535143
UBFC_PHYS_s04_T3_test,62,71,64.36666666666666,0.7697145342826843,-0.6349095250910309
UBFC_PHYS_s04_T3_test,62,72,64.4,0.8488602638244629,-0.301003783409036
UBFC_PHYS_s04_T3_test,62,73,64.43333333333334,0.7274131774902344,0.06707812475140894
UBFC_PHYS_s04_T3_test,62,74,64.46666666666667,0.5527020692825317,0.39367791786655976
UBFC_PHYS_s04_T3_test,62,75,64.5,0.39427417516708374,0.6009666495607406
UBFC_PHYS_s04_T3_test,62,76,64.53333333333333,0.16858899593353271,0.6329910615998812
UBFC_PHYS_s04_T3_test,62,77,64.56666666666666,-0.16661585867404938,0.4772416604318231
UBFC_PHYS_s04_T3_test,62,78,64.6,-0.552814245223999,0.17383451714640533
UBFC_PHYS_s04_T3_test,62,79,64.63333333333334,-0.921638011932373,-0.19322769534117537
UBFC_PHYS_s04_T3_test,62,80,64.66666666666667,-1.17475426197052,-0.5198715380969677
UBFC_PHYS_s04_T3_test,62,81,64.7,-1.1257388591766357,-0.7112578474036636
UBFC_PHYS_s04_T3_test,62,82,64.73333333333333,-0.6173430681228638,-0.7063048754550741
UBFC_PHYS_s04_T3_test,62,83,64.76666666666667,0.2709561288356781,-0.4910089672397156
UBFC_PHYS_s04_T3_test,62,84,64.8,1.3006398677825928,-0.09875384063461079
UBFC_PHYS_s04_T3_test,62,85,64.83333333333333,2.375889539718628,0.40046952494686605
UBFC_PHYS_s04_T3_test,62,86,64.86666666666666,3.3956336975097656,0.9175310119463638
UBFC_PHYS_s04_T3_test,62,87,64.9,4.054145336151123,1.3632431833874412
UBFC_PHYS_s04_T3_test,62,88,64.93333333333334,4.148200035095215,1.6650821933338231
UBFC_PHYS_s04_T3_test,62,89,64.96666666666667,3.789364814758301,1.7791551178227418
UBFC_PHYS_s04_T3_test,62,90,65.0,3.1836202144622803,1.6959717070614784
UBFC_PHYS_s04_T3_test,62,91,65.03333333333333,2.486159563064575,1.4392291501816625
UBFC_PHYS_s04_T3_test,62,92,65.06666666666666,1.7612676620483398,1.0579343932296477
UBFC_PHYS_s04_T3_test,62,93,65.1,0.9571423530578613,0.6137495387948179
UBFC_PHYS_s04_T3_test,62,94,65.13333333333334,0.12252622842788696,0.16684595476663827
UBFC_PHYS_s04_T3_test,62,95,65.16666666666667,-0.5621593594551086,-0.23593369284940865
UBFC_PHYS_s04_T3_test,62,96,65.2,-1.0732057094573975,-0.567594065590607
UBFC_PHYS_s04_T3_test,62,97,65.23333333333333,-1.5701905488967896,-0.8209937906962181
UBFC_PHYS_s04_T3_test,62,98,65.26666666666667,-2.1349785327911377,-1.0032844300047061
UBFC_PHYS_s04_T3_test,62,99,65.3,-2.705827474594116,-1.1273807955957122
UBFC_PHYS_s04_T3_test,62,100,65.33333333333333,-3.200366497039795,-1.20371142796647
UBFC_PHYS_s04_T3_test,62,101,65.36666666666666,-3.5814781188964844,-1.2351693930423249
UBFC_PHYS_s04_T3_test,62,102,65.4,-3.861499309539795,-1.217045506512743
UBFC_PHYS_s04_T3_test,62,103,65.43333333333334,-3.9855384826660156,-1.1417247745154906
UBFC_PHYS_s04_T3_test,62,104,65.46666666666667,-3.7564914226531982,-1.0055245812140967
UBFC_PHYS_s04_T3_test,62,105,65.5,-3.091860294342041,-0.813792089708173
UBFC_PHYS_s04_T3_test,62,106,65.53333333333333,-2.2228357791900635,-0.5814029772636765
UBFC_PHYS_s04_T3_test,62,107,65.56666666666666,-1.4112657308578491,-0.328465016661466
UBFC_PHYS_s04_T3_test,62,108,65.6,-0.7240076065063477,-0.07369843002331321
UBFC_PHYS_s04_T3_test,62,109,65.63333333333334,-0.2210882306098938,0.17081915536352768
UBFC_PHYS_s04_T3_test,62,110,65.66666666666667,0.036793146282434464,0.40069736879153944
UBFC_PHYS_s04_T3_test,62,111,65.7,0.14800839126110077,0.6154809819236055
UBFC_PHYS_s04_T3_test,62,112,65.73333333333333,0.2750781178474426,0.8119545975849622
UBFC_PHYS_s04_T3_test,62,113,65.76666666666667,0.4542425274848938,0.9779523735202595
UBFC_PHYS_s04_T3_test,62,114,65.8,0.6423524618148804,1.090223525559651
UBFC_PHYS_s04_T3_test,62,115,65.83333333333333,0.8423801064491272,1.118310075984161
UBFC_PHYS_s04_T3_test,62,116,65.86666666666666,1.0796711444854736,1.0336790765753296
UBFC_PHYS_s04_T3_test,62,117,65.9,1.3682869672775269,0.820991449173566
UBFC_PHYS_s04_T3_test,62,118,65.93333333333334,1.725767970085144,0.487593329586749
UBFC_PHYS_s04_T3_test,62,119,65.96666666666667,2.151705026626587,0.06796581217807107
UBFC_PHYS_s04_T3_test,62,120,66.0,2.603036403656006,-0.3787411018694305
UBFC_PHYS_s04_T3_test,62,121,66.03333333333333,3.0348784923553467,-0.7782478301285914
UBFC_PHYS_s04_T3_test,62,122,66.06666666666666,3.51067852973938,-1.0561225577065003
UBFC_PHYS_s04_T3_test,62,123,66.1,4.193707466125488,-1.155040293938263
UBFC_PHYS_s04_T3_test,62,124,66.13333333333334,5.074532508850098,-1.050215133375829
UBFC_PHYS_s04_T3_test,62,125,66.16666666666667,5.773347854614258,-0.758601905863822
UBFC_PHYS_s04_T3_test,62,126,66.2,5.8560895919799805,-0.33810713464739883
UBFC_PHYS_s04_T3_test,62,127,66.23333333333333,5.271149635314941,0.1246810923290296
UBFC_PHYS_s04_T3_test,62,128,66.26666666666667,4.295139312744141,0.5358887707276816
UBFC_PHYS_s04_T3_test,62,129,66.3,3.2122108936309814,0.8188219536322435
UBFC_PHYS_s04_T3_test,62,130,66.33333333333333,2.164821147918701,0.9338348285887477
UBFC_PHYS_s04_T3_test,62,131,66.36666666666666,1.2002508640289307,0.8869637939694432
UBFC_PHYS_s04_T3_test,62,132,66.4,0.31133779883384705,0.7240117106872144
UBFC_PHYS_s04_T3_test,62,133,66.43333333333334,-0.5071802735328674,0.5117423951684262
UBFC_PHYS_s04_T3_test,62,134,66.46666666666667,-1.1884552240371704,0.31300886283760915
UBFC_PHYS_s04_T3_test,62,135,66.5,-1.6335304975509644,0.1653822160192024
UBFC_PHYS_s04_T3_test,62,136,66.53333333333333,-1.858328938484192,0.07133613768539955
UBFC_PHYS_s04_T3_test,62,137,66.56666666666666,-2.0478713512420654,0.0029970757814257844
UBFC_PHYS_s04_T3_test,62,138,66.6,-2.33078670501709,-0.08163625319768558
UBFC_PHYS_s04_T3_test,62,139,66.63333333333334,-2.658965587615967,-0.2183803685991293
UBFC_PHYS_s04_T3_test,62,140,66.66666666666667,-2.926250696182251,-0.4204344484267869
UBFC_PHYS_s04_T3_test,62,141,66.7,-3.122555732727051,-0.6709916236619096
UBFC_PHYS_s04_T3_test,62,142,66.73333333333333,-3.2903287410736084,-0.9258068019912962
UBFC_PHYS_s04_T3_test,62,143,66.76666666666667,-3.381986618041992,-1.1236352517688954
UBFC_PHYS_s04_T3_test,62,144,66.8,-3.251652479171753,-1.201849428446529
UBFC_PHYS_s04_T3_test,62,145,66.83333333333333,-2.842252016067505,-1.114321995186371
UBFC_PHYS_s04_T3_test,62,146,66.86666666666666,-2.2782046794891357,-0.8471132473726982
UBFC_PHYS_s04_T3_test,62,147,66.9,-1.7272249460220337,-0.42641493157949795
UBFC_PHYS_s04_T3_test,62,148,66.93333333333334,-1.241845965385437,0.08506507620710593
UBFC_PHYS_s04_T3_test,62,149,66.96666666666667,-0.7980179190635681,0.6029436350909929
UBFC_PHYS_s04_T3_test,62,150,67.0,-0.40176305174827576,1.0424653626463218
UBFC_PHYS_s04_T3_test,62,151,67.03333333333333,-0.10040123015642166,1.3389887937650602
UBFC_PHYS_s04_T3_test,62,152,67.06666666666666,0.08696814626455307,1.4609823781398725
UBFC_PHYS_s04_T3_test,62,153,67.1,0.1914498656988144,1.412059709944272
UBFC_PHYS_s04_T3_test,62,154,67.13333333333334,0.25856098532676697,1.222799587419055
UBFC_PHYS_s04_T3_test,62,155,67.16666666666667,0.29843592643737793,0.9366162443755606
UBFC_PHYS_s04_T3_test,62,156,67.2,0.2789759635925293,0.5955173364998492
UBFC_PHYS_s04_T3_test,62,157,67.23333333333333,0.14906080067157745,0.23083579407005367
UBFC_PHYS_s04_T3_test,62,158,67.26666666666667,-0.10045969486236572,-0.1385679448283609
UBFC_PHYS_s04_T3_test,62,159,67.3,-0.37849292159080505,-0.501419848878407
UBFC_PHYS_s04_T3_test,62,160,67.33333333333333,-0.5819408893585205,-0.8458810875993515
UBFC_PHYS_s04_T3_test,62,161,67.36666666666666,-0.7076756358146667,-1.152468726484182
UBFC_PHYS_s04_T3_test,62,162,67.4,-0.8330497741699219,-1.3913714160234176
UBFC_PHYS_s04_T3_test,62,163,67.43333333333334,-1.0318788290023804,-1.5254707196919972
UBFC_PHYS_s04_T3_test,62,164,67.46666666666667,-1.3115588426589966,-1.5184932555427655
UBFC_PHYS_s04_T3_test,62,165,67.5,-1.6037120819091797,-1.3463335139622425
UBFC_PHYS_s04_T3_test,62,166,67.53333333333333,-1.789853572845459,-1.0085382956444764
UBFC_PHYS_s04_T3_test,62,167,67.56666666666666,-1.7569265365600586,-0.5359753566573771
UBFC_PHYS_s04_T3_test,62,168,67.6,-1.473416805267334,0.009683771070977402
UBFC_PHYS_s04_T3_test,62,169,67.63333333333334,-1.047635793685913,0.5471861184158657
UBFC_PHYS_s04_T3_test,62,170,67.66666666666667,-0.6396777033805847,0.9955120196567384
UBFC_PHYS_s04_T3_test,62,171,67.7,-0.3324204087257385,1.2953015540725363
UBFC_PHYS_s04_T3_test,62,172,67.73333333333333,-0.11668447405099869,1.423181943603372
UBFC_PHYS_s04_T3_test,62,173,67.76666666666667,0.05631159991025925,1.3932126484997827
UBFC_PHYS_s04_T3_test,62,174,67.8,0.21387220919132233,1.245946526346093
UBFC_PHYS_s04_T3_test,62,175,67.83333333333333,0.33999669551849365,1.031120076923777
UBFC_PHYS_s04_T3_test,62,176,67.86666666666666,0.42373213171958923,0.7913672464276954
UBFC_PHYS_s04_T3_test,62,177,67.9,0.4747549295425415,0.5522410717424548
UBFC_PHYS_s04_T3_test,62,178,67.93333333333334,0.498453825712204,0.3205772493367697
UBFC_PHYS_s04_T3_test,62,179,67.96666666666667,0.5076526999473572,0.09009628021154734
UBFC_PHYS_s04_T3_test,62,180,68.0,0.5134020447731018,-0.14920845459937535
UBFC_PHYS_s04_T3_test,62,181,68.03333333333333,0.49613460898399353,-0.401985245091993
UBFC_PHYS_s04_T3_test,62,182,68.06666666666666,0.44414710998535156,-0.6615475803012915
UBFC_PHYS_s04_T3_test,62,183,68.1,0.3736935555934906,-0.9079090775830965
UBFC_PHYS_s04_T3_test,62,184,68.13333333333334,0.2918583154678345,-1.1096125134773192
UBFC_PHYS_s04_T3_test,62,185,68.16666666666667,0.18763971328735352,-1.2289438697595598
UBFC_PHYS_s04_T3_test,62,186,68.2,0.05586334690451622,-1.2301403298723743
UBFC_PHYS_s04_T3_test,62,187,68.23333333333333,-0.08976985514163971,-1.0896100925445218
UBFC_PHYS_s04_T3_test,62,188,68.26666666666667,-0.24597597122192383,-0.805818241674681
UBFC_PHYS_s04_T3_test,62,189,68.3,-0.4466954469680786,-0.40531698990622744
UBFC_PHYS_s04_T3_test,62,190,68.33333333333333,-0.6545382738113403,0.058396399892983966
UBFC_PHYS_s04_T3_test,62,191,68.36666666666666,-0.6930391788482666,0.5145448862024621
UBFC_PHYS_s04_T3_test,62,192,68.4,-0.46639904379844666,0.8914252397859695
UBFC_PHYS_s04_T3_test,62,193,68.43333333333334,-0.12401241809129715,1.1344873637560573
UBFC_PHYS_s04_T3_test,62,194,68.46666666666667,0.1601599156856537,1.2196776252339092
UBFC_PHYS_s04_T3_test,62,195,68.5,0.3824344873428345,1.1569610104551695
UBFC_PHYS_s04_T3_test,62,196,68.53333333333333,0.5755531787872314,0.9830170359449917
UBFC_PHYS_s04_T3_test,62,197,68.56666666666666,0.7042112946510315,0.7466250575337982
UBFC_PHYS_s04_T3_test,62,198,68.6,0.755984365940094,0.4927321176905862
UBFC_PHYS_s04_T3_test,62,199,68.63333333333334,0.7715757489204407,0.2508626633426213
UBFC_PHYS_s04_T3_test,62,200,68.66666666666667,0.7878590226173401,0.031042881101709153
UBFC_PHYS_s04_T3_test,62,201,68.7,0.8149782419204712,-0.1728684547026839
UBFC_PHYS_s04_T3_test,62,202,68.73333333333333,0.8445141911506653,-0.37516246864579955
UBFC_PHYS_s04_T3_test,62,203,68.76666666666667,0.8443387746810913,-0.5892225073563774
UBFC_PHYS_s04_T3_test,62,204,68.8,0.7850135564804077,-0.8202236222908817
UBFC_PHYS_s04_T3_test,62,205,68.83333333333333,0.7023987770080566,-1.0607690971613797
UBFC_PHYS_s04_T3_test,62,206,68.86666666666666,0.6696081757545471,-1.2894878326816828
UBFC_PHYS_s04_T3_test,62,207,68.9,0.6769945621490479,-1.472472708847273
UBFC_PHYS_s04_T3_test,62,208,68.93333333333334,0.5926744341850281,-1.5679451862777902
UBFC_PHYS_s04_T3_test,62,209,68.96666666666667,0.3039221465587616,-1.5345531970069985
UBFC_PHYS_s04_T3_test,62,210,69.0,-0.12521100044250488,-1.342478263311397
UBFC_PHYS_s04_T3_test,62,211,69.03333333333333,-0.5193902254104614,-0.9846267515797396
UBFC_PHYS_s04_T3_test,62,212,69.06666666666666,-0.8252735733985901,-0.48388730141462294
UBFC_PHYS_s04_T3_test,62,213,69.1,-1.111268162727356,0.1072379174986659
UBFC_PHYS_s04_T3_test,62,214,69.13333333333334,-1.359287977218628,0.7160637939232282
UBFC_PHYS_s04_T3_test,62,215,69.16666666666667,-1.4042885303497314,1.2660946063734273
UBFC_PHYS_s04_T3_test,62,216,69.2,-1.1380170583724976,1.694873803198978
UBFC_PHYS_s04_T3_test,62,217,69.23333333333333,-0.6830412149429321,1.9667117623033232
UBFC_PHYS_s04_T3_test,62,218,69.26666666666667,-0.27830857038497925,2.0758272514112055
UBFC_PHYS_s04_T3_test,62,219,69.3,-0.020378485321998596,2.039787365730994
UBFC_PHYS_s04_T3_test,62,220,69.33333333333333,0.15314379334449768,1.8873746245991039
UBFC_PHYS_s04_T3_test,62,221,69.36666666666666,0.2828153371810913,1.646841153066301
UBFC_PHYS_s04_T3_test,62,222,69.4,0.356153279542923,1.3390743230148354
UBFC_PHYS_s04_T3_test,62,223,69.43333333333334,0.37860485911369324,0.9770337538934999
UBFC_PHYS_s04_T3_test,62,224,69.46666666666667,0.3761979341506958,0.5701005393623012
UBFC_PHYS_s04_T3_test,62,225,69.5,0.35787805914878845,0.13062386225617306
UBFC_PHYS_s04_T3_test,62,226,69.53333333333333,0.31016844511032104,-0.32018420023330657
UBFC_PHYS_s04_T3_test,62,227,69.56666666666666,0.21713665127754211,-0.7493571131258111
UBFC_PHYS_s04_T3_test,62,228,69.6,0.07390062510967255,-1.1139404783768674
UBFC_PHYS_s04_T3_test,62,229,69.63333333333334,-0.11251378059387207,-1.3680116041996053
UBFC_PHYS_s04_T3_test,62,230,69.66666666666667,-0.3154745399951935,-1.4739196206554237
UBFC_PHYS_s04_T3_test,62,231,69.7,-0.48294541239738464,-1.4149014195159881
UBFC_PHYS_s04_T3_test,62,232,69.73333333333333,-0.5899119973182678,-1.204919711840376
UBFC_PHYS_s04_T3_test,62,233,69.76666666666667,-0.6875627636909485,-0.8913293346274229
UBFC_PHYS_s04_T3_test,62,234,69.8,-0.830155611038208,-0.5473023684251496
UBFC_PHYS_s04_T3_test,62,235,69.83333333333333,-0.9944790005683899,-0.2542172766699284
UBFC_PHYS_s04_T3_test,62,236,69.86666666666666,-1.1102644205093384,-0.07870426991405328
UBFC_PHYS_s04_T3_test,62,237,69.9,-1.0996330976486206,-0.05224551552919415
UBFC_PHYS_s04_T3_test,62,238,69.93333333333334,-0.9250388741493225,-0.16095032735493447
UBFC_PHYS_s04_T3_test,62,239,69.96666666666667,-0.6582801938056946,-0.34949385380496456
UBFC_PHYS_s04_T3_test,63,0,63.0,0.5039010643959045,-0.06095880884467787
UBFC_PHYS_s04_T3_test,63,1,63.03333333333333,0.4689861238002777,-0.3435476017378505
UBFC_PHYS_s04_T3_test,63,2,63.06666666666667,0.426499605178833,-0.5994377923728432
UBFC_PHYS_s04_T3_test,63,3,63.1,0.38541632890701294,-0.8040970758377718
UBFC_PHYS_s04_T3_test,63,4,63.13333333333333,0.3460383713245392,-0.9338826864746568
UBFC_PHYS_s04_T3_test,63,5,63.166666666666664,0.28810665011405945,-0.9684838957656742
UBFC_PHYS_s04_T3_test,63,6,63.2,0.17212629318237305,-0.8944479335478582
UBFC_PHYS_s04_T3_test,63,7,63.233333333333334,-0.009600945748388767,-0.709156836010915
UBFC_PHYS_s04_T3_test,63,8,63.266666666666666,-0.20259295403957367,-0.4240632663764233
UBFC_PHYS_s04_T3_test,63,9,63.3,-0.3663608729839325,-0.06560007597850379
UBFC_PHYS_s04_T3_test,63,10,63.333333333333336,-0.5503683686256409,0.3273817519843459
UBFC_PHYS_s04_T3_test,63,11,63.36666666666667,-0.8164839148521423,0.7095374446952066
UBFC_PHYS_s04_T3_test,63,12,63.4,-1.0877057313919067,1.0367463347239838
UBFC_PHYS_s04_T3_test,63,13,63.43333333333333,-1.1382607221603394,1.2732738066497202
UBFC_PHYS_s04_T3_test,63,14,63.46666666666667,-0.8291324377059937,1.396443022761316
UBFC_PHYS_s04_T3_test,63,15,63.5,-0.3036835491657257,1.3981211129332587
UBFC_PHYS_s04_T3_test,63,16,63.53333333333333,0.1693490892648697,1.2835875928627862
UBFC_PHYS_s04_T3_test,63,17,63.56666666666667,0.48643872141838074,1.069006529653527
UBFC_PHYS_s04_T3_test,63,18,63.6,0.6788362860679626,0.778556643166642
UBFC_PHYS_s04_T3_test,63,19,63.63333333333333,0.7775102257728577,0.4415915137445881
UBFC_PHYS_s04_T3_test,63,20,63.666666666666664,0.8077380061149597,0.08959150208747994
UBFC_PHYS_s04_T3_test,63,21,63.7,0.7962101101875305,-0.24733280343056865
UBFC_PHYS_s04_T3_test,63,22,63.733333333333334,0.7460253834724426,-0.5439727322007282
UBFC_PHYS_s04_T3_test,63,23,63.766666666666666,0.6599122881889343,-0.7825583090350268
UBFC_PHYS_s04_T3_test,63,24,63.8,0.5649412870407104,-0.9533843865160843
UBFC_PHYS_s04_T3_test,63,25,63.833333333333336,0.46984362602233887,-1.053429646849898
UBFC_PHYS_s04_T3_test,63,26,63.86666666666667,0.33209383487701416,-1.083846324279898
UBFC_PHYS_s04_T3_test,63,27,63.9,0.11020904034376144,-1.0476732444268366
UBFC_PHYS_s04_T3_test,63,28,63.93333333333333,-0.1592976599931717,-0.9487896032407244
UBFC_PHYS_s04_T3_test,63,29,63.96666666666667,-0.38521671295166016,-0.792341330021159
UBFC_PHYS_s04_T3_test,63,30,64.0,-0.5530481338500977,-0.5861908919657692
UBFC_PHYS_s04_T3_test,63,31,64.03333333333333,-0.7776029109954834,-0.34258875857596666
UBFC_PHYS_s04_T3_test,63,32,64.06666666666666,-1.1046710014343262,-0.0792109585369477
UBFC_PHYS_s04_T3_test,63,33,64.1,-1.3275984525680542,0.18115402819366944
UBFC_PHYS_s04_T3_test,63,34,64.13333333333334,-1.186974048614502,0.4127038769999929
UBFC_PHYS_s04_T3_test,63,35,64.16666666666667,-0.7434090971946716,0.5904292323624597
UBFC_PHYS_s04_T3_test,63,36,64.2,-0.33566537499427795,0.6948425546723425
UBFC_PHYS_s04_T3_test,63,37,64.23333333333333,-0.14916326105594635,0.7163095425233091
UBFC_PHYS_s04_T3_test,63,38,64.26666666666667,-0.04681561514735222,0.6576210615557874
UBFC_PHYS_s04_T3_test,63,39,64.3,0.1649640053510666,0.53376103366079
UBFC_PHYS_s04_T3_test,63,40,64.33333333333333,0.488504558801651,0.36835228821988064
UBFC_PHYS_s04_T3_test,63,41,64.36666666666666,0.7697145342826843,0.18721838983610017
UBFC_PHYS_s04_T3_test,63,42,64.4,0.8488602638244629,0.010891287809057721
UBFC_PHYS_s04_T3_test,63,43,64.43333333333334,0.7274131774902344,-0.15100383941331752
UBFC_PHYS_s04_T3_test,63,44,64.46666666666667,0.5527020692825317,-0.30065022409886394
UBFC_PHYS_s04_T3_test,63,45,64.5,0.39427417516708374,-0.44708239026991137
UBFC_PHYS_s04_T3_test,63,46,64.53333333333333,0.16858899593353271,-0.597024832598678
UBFC_PHYS_s04_T3_test,63,47,64.56666666666666,-0.16661585867404938,-0.7456280167488236
UBFC_PHYS_s04_T3_test,63,48,64.6,-0.552814245223999,-0.8717876700559275
UBFC_PHYS_s04_T3_test,63,49,64.63333333333334,-0.921638011932373,-0.940893612265595
UBFC_PHYS_s04_T3_test,63,50,64.66666666666667,-1.17475426197052,-0.914391702450354
UBFC_PHYS_s04_T3_test,63,51,64.7,-1.1257388591766357,-0.7625847593116958
UBFC_PHYS_s04_T3_test,63,52,64.73333333333333,-0.6173430681228638,-0.4762711602067839
UBFC_PHYS_s04_T3_test,63,53,64.76666666666667,0.2709561288356781,-0.07362808080779455
UBFC_PHYS_s04_T3_test,63,54,64.8,1.3006398677825928,0.39991285188900666
UBFC_PHYS_s04_T3_test,63,55,64.83333333333333,2.375889539718628,0.8792421790162035
UBFC_PHYS_s04_T3_test,63,56,64.86666666666666,3.3956336975097656,1.29275912248663
UBFC_PHYS_s04_T3_test,63,57,64.9,4.054145336151123,1.5775268615783438
UBFC_PHYS_s04_T3_test,63,58,64.93333333333334,4.148200035095215,1.6923620380024218
UBFC_PHYS_s04_T3_test,63,59,64.96666666666667,3.789364814758301,1.6256371920695525
UBFC_PHYS_s04_T3_test,63,60,65.0,3.1836202144622803,1.3960163287478071
UBFC_PHYS_s04_T3_test,63,61,65.03333333333333,2.486159563064575,1.0462470777703623
UBFC_PHYS_s04_T3_test,63,62,65.06666666666666,1.7612676620483398,0.6321863657803918
UBFC_PHYS_s04_T3_test,63,63,65.1,0.9571423530578613,0.21044591526794007
UBFC_PHYS_s04_T3_test,63,64,65.13333333333334,0.12252622842788696,-0.17223676948112954
UBFC_PHYS_s04_T3_test,63,65,65.16666666666667,-0.5621593594551086,-0.48592061576752293
UBFC_PHYS_s04_T3_test,63,66,65.2,-1.0732057094573975,-0.7197593851724238
UBFC_PHYS_s04_T3_test,63,67,65.23333333333333,-1.5701905488967896,-0.8796701285141723
UBFC_PHYS_s04_T3_test,63,68,65.26666666666667,-2.1349785327911377,-0.9823172145563612
UBFC_PHYS_s04_T3_test,63,69,65.3,-2.705827474594116,-1.04716612752374
UBFC_PHYS_s04_T3_test,63,70,65.33333333333333,-3.200366497039795,-1.088722726593571
UBFC_PHYS_s04_T3_test,63,71,65.36666666666666,-3.5814781188964844,-1.1109039809192807
UBFC_PHYS_s04_T3_test,63,72,65.4,-3.861499309539795,-1.1049118900547115
UBFC_PHYS_s04_T3_test,63,73,65.43333333333334,-3.9855384826660156,-1.0512851291612904
UBFC_PHYS_s04_T3_test,63,74,65.46666666666667,-3.7564914226531982,-0.9260963327871531
UBFC_PHYS_s04_T3_test,63,75,65.5,-3.091860294342041,-0.7102776120677372
UBFC_PHYS_s04_T3_test,63,76,65.53333333333333,-2.2228357791900635,-0.3997122799177097
UBFC_PHYS_s04_T3_test,63,77,65.56666666666666,-1.4112657308578491,-0.012634044686336172
UBFC_PHYS_s04_T3_test,63,78,65.6,-0.7240076065063477,0.4091149276468747
UBFC_PHYS_s04_T3_test,63,79,65.63333333333334,-0.2210882306098938,0.806795505386513
UBFC_PHYS_s04_T3_test,63,80,65.66666666666667,0.036793146282434464,1.1183128019773687
UBFC_PHYS_s04_T3_test,63,81,65.7,0.14800839126110077,1.2943440094267422
UBFC_PHYS_s04_T3_test,63,82,65.73333333333333,0.2750781178474426,1.3111915141573915
UBFC_PHYS_s04_T3_test,63,83,65.76666666666667,0.4542425274848938,1.1756408894516128
UBFC_PHYS_s04_T3_test,63,84,65.8,0.6423524618148804,0.9207400045268376
UBFC_PHYS_s04_T3_test,63,85,65.83333333333333,0.8423801064491272,0.5950567531078337
UBFC_PHYS_s04_T3_test,63,86,65.86666666666666,1.0796711444854736,0.24945327579230295
UBFC_PHYS_s04_T3_test,63,87,65.9,1.3682869672775269,-0.07473173152578831
UBFC_PHYS_s04_T3_test,63,88,65.93333333333334,1.725767970085144,-0.3527628472427467
UBFC_PHYS_s04_T3_test,63,89,65.96666666666667,2.151705026626587,-0.5768039144230274
UBFC_PHYS_s04_T3_test,63,90,66.0,2.603036403656006,-0.7498246372140323
UBFC_PHYS_s04_T3_test,63,91,66.03333333333333,3.0348784923553467,-0.8761232486095463
UBFC_PHYS_s04_T3_test,63,92,66.06666666666666,3.51067852973938,-0.9528528026750109
UBFC_PHYS_s04_T3_test,63,93,66.1,4.193707466125488,-0.9664886827377988
UBFC_PHYS_s04_T3_test,63,94,66.13333333333334,5.074532508850098,-0.8961158843716746
UBFC_PHYS_s04_T3_test,63,95,66.16666666666667,5.773347854614258,-0.7225963710974571
UBFC_PHYS_s04_T3_test,63,96,66.2,5.8560895919799805,-0.44017650222295907
UBFC_PHYS_s04_T3_test,63,97,66.23333333333333,5.271149635314941,-0.06578345940862944
UBFC_PHYS_s04_T3_test,63,98,66.26666666666667,4.295139312744141,0.35835783635662827
UBFC_PHYS_s04_T3_test,63,99,66.3,3.2122108936309814,0.7710475860727442
UBFC_PHYS_s04_T3_test,63,100,66.33333333333333,2.164821147918701,1.1063101973173497
UBFC_PHYS_s04_T3_test,63,101,66.36666666666666,1.2002508640289307,1.310899285878601
UBFC_PHYS_s04_T3_test,63,102,66.4,0.31133779883384705,1.3583724682320522
UBFC_PHYS_s04_T3_test,63,103,66.43333333333334,-0.5071802735328674,1.2539107360612973
UBFC_PHYS_s04_T3_test,63,104,66.46666666666667,-1.1884552240371704,1.0283124501129417
UBFC_PHYS_s04_T3_test,63,105,66.5,-1.6335304975509644,0.7247391196164907
UBFC_PHYS_s04_T3_test,63,106,66.53333333333333,-1.858328938484192,0.38471749775464675
UBFC_PHYS_s04_T3_test,63,107,66.56666666666666,-2.0478713512420654,0.039149629258052765
UBFC_PHYS_s04_T3_test,63,108,66.6,-2.33078670501709,-0.29356545410849905
UBFC_PHYS_s04_T3_test,63,109,66.63333333333334,-2.658965587615967,-0.6038929367777522
UBFC_PHYS_s04_T3_test,63,110,66.66666666666667,-2.926250696182251,-0.8850232082942378
UBFC_PHYS_s04_T3_test,63,111,66.7,-3.122555732727051,-1.1268750993583367
UBFC_PHYS_s04_T3_test,63,112,66.73333333333333,-3.2903287410736084,-1.31223072196898
UBFC_PHYS_s04_T3_test,63,113,66.76666666666667,-3.381986618041992,-1.416497668499016
UBFC_PHYS_s04_T3_test,63,114,66.8,-3.251652479171753,-1.4119091268583237
UBFC_PHYS_s04_T3_test,63,115,66.83333333333333,-2.842252016067505,-1.2756571798141538
UBFC_PHYS_s04_T3_test,63,116,66.86666666666666,-2.2782046794891357,-0.9996277960256198
UBFC_PHYS_s04_T3_test,63,117,66.9,-1.7272249460220337,-0.5981607413298877
UBFC_PHYS_s04_T3_test,63,118,66.93333333333334,-1.241845965385437,-0.11055909134965683
UBFC_PHYS_s04_T3_test,63,119,66.96666666666667,-0.7980179190635681,0.40334731673166274
UBFC_PHYS_s04_T3_test,63,120,67.0,-0.40176305174827576,0.8741759324095861
UBFC_PHYS_s04_T3_test,63,121,67.03333333333333,-0.10040123015642166,1.2378458152296683
UBFC_PHYS_s04_T3_test,63,122,67.06666666666666,0.08696814626455307,1.4497989321655813
UBFC_PHYS_s04_T3_test,63,123,67.1,0.1914498656988144,1.4937644753326578
UBFC_PHYS_s04_T3_test,63,124,67.13333333333334,0.25856098532676697,1.3821584179234705
UBFC_PHYS_s04_T3_test,63,125,67.16666666666667,0.29843592643737793,1.148543751548713
UBFC_PHYS_s04_T3_test,63,126,67.2,0.2789759635925293,0.8356807269480839
UBFC_PHYS_s04_T3_test,63,127,67.23333333333333,0.14906080067157745,0.4840251736956294
UBFC_PHYS_s04_T3_test,63,128,67.26666666666667,-0.10045969486236572,0.12451973022954296
UBFC_PHYS_s04_T3_test,63,129,67.3,-0.37849292159080505,-0.22286157531233167
UBFC_PHYS_s04_T3_test,63,130,67.33333333333333,-0.5819408893585205,-0.5456815884966548
UBFC_PHYS_s04_T3_test,63,131,67.36666666666666,-0.7076756358146667,-0.8331312633921938
UBFC_PHYS_s04_T3_test,63,132,67.4,-0.8330497741699219,-1.0706196259142022
UBFC_PHYS_s04_T3_test,63,133,67.43333333333334,-1.0318788290023804,-1.237387568206627
UBFC_PHYS_s04_T3_test,63,134,67.46666666666667,-1.3115588426589966,-1.30842999505473
UBFC_PHYS_s04_T3_test,63,135,67.5,-1.6037120819091797,-1.2605556710583017
UBFC_PHYS_s04_T3_test,63,136,67.53333333333333,-1.789853572845459,-1.0811127128986806
UBFC_PHYS_s04_T3_test,63,137,67.56666666666666,-1.7569265365600586,-0.7765029215439595
UBFC_PHYS_s04_T3_test,63,138,67.6,-1.473416805267334,-0.3764146879187331
UBFC_PHYS_s04_T3_test,63,139,67.63333333333334,-1.047635793685913,0.06949444541521721
UBFC_PHYS_s04_T3_test,63,140,67.66666666666667,-0.6396777033805847,0.5021839055161695
UBFC_PHYS_s04_T3_test,63,141,67.7,-0.3324204087257385,0.8669551073184922
UBFC_PHYS_s04_T3_test,63,142,67.73333333333333,-0.11668447405099869,1.1249365835810228
UBFC_PHYS_s04_T3_test,63,143,67.76666666666667,0.05631159991025925,1.25867351649499
UBFC_PHYS_s04_T3_test,63,144,67.8,0.21387220919132233,1.2713108484069366
UBFC_PHYS_s04_T3_test,63,145,67.83333333333333,0.33999669551849365,1.1812398000004714
UBFC_PHYS_s04_T3_test,63,146,67.86666666666666,0.42373213171958923,1.0145471474606578
UBFC_PHYS_s04_T3_test,63,147,67.9,0.4747549295425415,0.7972562756325682
UBFC_PHYS_s04_T3_test,63,148,67.93333333333334,0.498453825712204,0.5494214771127705
UBFC_PHYS_s04_T3_test,63,149,67.96666666666667,0.5076526999473572,0.2829547309773592
UBFC_PHYS_s04_T3_test,63,150,68.0,0.5134020447731018,0.003706550895027608
UBFC_PHYS_s04_T3_test,63,151,68.03333333333333,0.49613460898399353,-0.2835318027642817
UBFC_PHYS_s04_T3_test,63,152,68.06666666666666,0.44414710998535156,-0.5695714200497843
UBFC_PHYS_s04_T3_test,63,153,68.1,0.3736935555934906,-0.8373316578451055
UBFC_PHYS_s04_T3_test,63,154,68.13333333333334,0.2918583154678345,-1.0617252282204925
UBFC_PHYS_s04_T3_test,63,155,68.16666666666667,0.18763971328735352,-1.2130159107021936
UBFC_PHYS_s04_T3_test,63,156,68.2,0.05586334690451622,-1.2627083712285256
UBFC_PHYS_s04_T3_test,63,157,68.23333333333333,-0.08976985514163971,-1.190507104684547
UBFC_PHYS_s04_T3_test,63,158,68.26666666666667,-0.24597597122192383,-0.9907640386552722
UBFC_PHYS_s04_T3_test,63,159,68.3,-0.4466954469680786,-0.6768619055665955
UBFC_PHYS_s04_T3_test,63,160,68.33333333333333,-0.6545382738113403,-0.28205676578409616
UBFC_PHYS_s04_T3_test,63,161,68.36666666666666,-0.6930391788482666,0.14429790869221243
UBFC_PHYS_s04_T3_test,63,162,68.4,-0.46639904379844666,0.5451965824014429
UBFC_PHYS_s04_T3_test,63,163,68.43333333333334,-0.12401241809129715,0.8675540369618382
UBFC_PHYS_s04_T3_test,63,164,68.46666666666667,0.1601599156856537,1.0737448994786531
UBFC_PHYS_s04_T3_test,63,165,68.5,0.3824344873428345,1.149251669598627
UBFC_PHYS_s04_T3_test,63,166,68.53333333333333,0.5755531787872314,1.103516211591244
UBFC_PHYS_s04_T3_test,63,167,68.56666666666666,0.7042112946510315,0.9636105279159143
UBFC_PHYS_s04_T3_test,63,168,68.6,0.755984365940094,0.7634060885341188
UBFC_PHYS_s04_T3_test,63,169,68.63333333333334,0.7715757489204407,0.5327644110251296
UBFC_PHYS_s04_T3_test,63,170,68.66666666666667,0.7878590226173401,0.2907456392472999
UBFC_PHYS_s04_T3_test,63,171,68.7,0.8149782419204712,0.04456530175555107
UBFC_PHYS_s04_T3_test,63,172,68.73333333333333,0.8445141911506653,-0.20648285749166462
UBFC_PHYS_s04_T3_test,63,173,68.76666666666667,0.8443387746810913,-0.4644891263086595
UBFC_PHYS_s04_T3_test,63,174,68.8,0.7850135564804077,-0.7263290860865921
UBFC_PHYS_s04_T3_test,63,175,68.83333333333333,0.7023987770080566,-0.9788914142022397
UBFC_PHYS_s04_T3_test,63,176,68.86666666666666,0.6696081757545471,-1.1972720068622287
UBFC_PHYS_s04_T3_test,63,177,68.9,0.6769945621490479,-1.3466421938832884
UBFC_PHYS_s04_T3_test,63,178,68.93333333333334,0.5926744341850281,-1.3882168630005118
UBFC_PHYS_s04_T3_test,63,179,68.96666666666667,0.3039221465587616,-1.2889874871863873
UBFC_PHYS_s04_T3_test,63,180,69.0,-0.12521100044250488,-1.0333013930121797
UBFC_PHYS_s04_T3_test,63,181,69.03333333333333,-0.5193902254104614,-0.6325506064018899
UBFC_PHYS_s04_T3_test,63,182,69.06666666666666,-0.8252735733985901,-0.12844910869474183
UBFC_PHYS_s04_T3_test,63,183,69.1,-1.111268162727356,0.4130262872494786
UBFC_PHYS_s04_T3_test,63,184,69.13333333333334,-1.359287977218628,0.9160067809303432
UBFC_PHYS_s04_T3_test,63,185,69.16666666666667,-1.4042885303497314,1.3124824265974704
UBFC_PHYS_s04_T3_test,63,186,69.2,-1.1380170583724976,1.557174604831533
UBFC_PHYS_s04_T3_test,63,187,69.23333333333333,-0.6830412149429321,1.634894849395717
UBFC_PHYS_s04_T3_test,63,188,69.26666666666667,-0.27830857038497925,1.5590800893774466
UBFC_PHYS_s04_T3_test,63,189,69.3,-0.020378485321998596,1.3634312804501687
UBFC_PHYS_s04_T3_test,63,190,69.33333333333333,0.15314379334449768,1.0903651553635199
UBFC_PHYS_s04_T3_test,63,191,69.36666666666666,0.2828153371810913,0.7801207552259317
UBFC_PHYS_s04_T3_test,63,192,69.4,0.356153279542923,0.46334286041773326
UBFC_PHYS_s04_T3_test,63,193,69.43333333333334,0.37860485911369324,0.15833453222979993
UBFC_PHYS_s04_T3_test,63,194,69.46666666666667,0.3761979341506958,-0.12749428034091365
UBFC_PHYS_s04_T3_test,63,195,69.5,0.35787805914878845,-0.3934948154983433
UBFC_PHYS_s04_T3_test,63,196,69.53333333333333,0.31016844511032104,-0.6406186156621848
UBFC_PHYS_s04_T3_test,63,197,69.56666666666666,0.21713665127754211,-0.8665750748376944
UBFC_PHYS_s04_T3_test,63,198,69.6,0.07390062510967255,-1.0624159702144198
UBFC_PHYS_s04_T3_test,63,199,69.63333333333334,-0.11251378059387207,-1.211432364515587
UBFC_PHYS_s04_T3_test,63,200,69.66666666666667,-0.3154745399951935,-1.2908218807014469
UBFC_PHYS_s04_T3_test,63,201,69.7,-0.48294541239738464,-1.2760603343379076
UBFC_PHYS_s04_T3_test,63,202,69.73333333333333,-0.5899119973182678,-1.1474089789903823
UBFC_PHYS_s04_T3_test,63,203,69.76666666666667,-0.6875627636909485,-0.8973249347676152
UBFC_PHYS_s04_T3_test,63,204,69.8,-0.830155611038208,-0.5367115982102886
UBFC_PHYS_s04_T3_test,63,205,69.83333333333333,-0.9944790005683899,-0.0975137246623187
UBFC_PHYS_s04_T3_test,63,206,69.86666666666666,-1.1102644205093384,0.37023580861179856
UBFC_PHYS_s04_T3_test,63,207,69.9,-1.0996330976486206,0.8070588217046627
UBFC_PHYS_s04_T3_test,63,208,69.93333333333334,-0.9250388741493225,1.1561869294794653
UBFC_PHYS_s04_T3_test,63,209,69.96666666666667,-0.6582801938056946,1.37538026954252
UBFC_PHYS_s04_T3_test,63,210,70.0,-0.4274888336658478,1.4445407549082727
UBFC_PHYS_s04_T3_test,63,211,70.03333333333333,-0.28344398736953735,1.3668657265966595
UBFC_PHYS_s04_T3_test,63,212,70.06666666666666,-0.19980600476264954,1.1637719553712753
UBFC_PHYS_s04_T3_test,63,213,70.1,-0.17569783329963684,0.8661339535657565
UBFC_PHYS_s04_T3_test,63,214,70.13333333333334,-0.20791351795196533,0.5055595359850484
UBFC_PHYS_s04_T3_test,63,215,70.16666666666667,-0.2561298608779907,0.10890427785457812
UBFC_PHYS_s04_T3_test,63,216,70.2,-0.27442046999931335,-0.3027270251752343
UBFC_PHYS_s04_T3_test,63,217,70.23333333333333,-0.23382443189620972,-0.7113436086810857
UBFC_PHYS_s04_T3_test,63,218,70.26666666666667,-0.13750870525836945,-1.0977498199617162
UBFC_PHYS_s04_T3_test,63,219,70.3,-0.04224539175629616,-1.4376592774334738
UBFC_PHYS_s04_T3_test,63,220,70.33333333333333,-0.01080927811563015,-1.7001231841342035
UBFC_PHYS_s04_T3_test,63,221,70.36666666666666,-0.061490997672080994,-1.849678865348847
UBFC_PHYS_s04_T3_test,63,222,70.4,-0.16751235723495483,-1.85273661371417
UBFC_PHYS_s04_T3_test,63,223,70.43333333333334,-0.2742840647697449,-1.687188770811946
UBFC_PHYS_s04_T3_test,63,224,70.46666666666667,-0.35785382986068726,-1.352319148321557
UBFC_PHYS_s04_T3_test,63,225,70.5,-0.4593537151813507,-0.8749629344392179
UBFC_PHYS_s04_T3_test,63,226,70.53333333333333,-0.5859459638595581,-0.3085686262637157
UBFC_PHYS_s04_T3_test,63,227,70.56666666666666,-0.6108531355857849,0.2757183112838001
UBFC_PHYS_s04_T3_test,63,228,70.6,-0.4129888415336609,0.8036546613981485
UBFC_PHYS_s04_T3_test,63,229,70.63333333333334,-0.054046113044023514,1.2136103621997147
UBFC_PHYS_s04_T3_test,63,230,70.66666666666667,0.28922727704048157,1.4685908885130938
UBFC_PHYS_s04_T3_test,63,231,70.7,0.5199504494667053,1.561404949949499
UBFC_PHYS_s04_T3_test,63,232,70.73333333333333,0.6426448225975037,1.5123126600842713
UBFC_PHYS_s04_T3_test,63,233,70.76666666666667,0.6779202818870544,1.360782027646602
UBFC_PHYS_s04_T3_test,63,234,70.8,0.674100399017334,1.1542966459894344
UBFC_PHYS_s04_T3_test,63,235,70.83333333333333,0.6841763257980347,0.9372739191120242
UBFC_PHYS_s04_T3_test,63,236,70.86666666666666,0.6920987367630005,0.7423646270465861
UBFC_PHYS_s04_T3_test,63,237,70.9,0.6591911911964417,0.5853509412707242
UBFC_PHYS_s04_T3_test,63,238,70.93333333333334,0.591972827911377,0.46409344625071103
UBFC_PHYS_s04_T3_test,63,239,70.96666666666667,0.5039887428283691,0.3616158876186548
UBFC_PHYS_s04_T3_test,64,0,64.0,-0.5530481338500977,0.0925510737214903
UBFC_PHYS_s04_T3_test,64,1,64.03333333333333,-0.7776029109954834,0.10885674210045933
UBFC_PHYS_s04_T3_test,64,2,64.06666666666666,-1.1046710014343262,0.14079146895867534
UBFC_PHYS_s04_T3_test,64,3,64.1,-1.3275984525680542,0.19644475532711508
UBFC_PHYS_s04_T3_test,64,4,64.13333333333334,-1.186974048614502,0.2696142588162016
UBFC_PHYS_s04_T3_test,64,5,64.16666666666667,-0.7434090971946716,0.3406163466162728
UBFC_PHYS_s04_T3_test,64,6,64.2,-0.33566537499427795,0.3830409696383582
UBFC_PHYS_s04_T3_test,64,7,64.23333333333333,-0.14916326105594635,0.37397757915498403
UBFC_PHYS_s04_T3_test,64,8,64.26666666666667,-0.04681561514735222,0.30387463903698764
UBFC_PHYS_s04_T3_test,64,9,64.3,0.1649640053510666,0.18224520428831506
UBFC_PHYS_s04_T3_test,64,10,64.33333333333333,0.488504558801651,0.03665562901726752
UBFC_PHYS_s04_T3_test,64,11,64.36666666666666,0.7697145342826843,-0.09550030616221547
UBFC_PHYS_s04_T3_test,64,12,64.4,0.8488602638244629,-0.18043898787768825
UBFC_PHYS_s04_T3_test,64,13,64.43333333333334,0.7274131774902344,-0.20221133096632835
UBFC_PHYS_s04_T3_test,64,14,64.46666666666667,0.5527020692825317,-0.17180494667124943
UBFC_PHYS_s04_T3_test,64,15,64.5,0.39427417516708374,-0.12591013100600518
UBFC_PHYS_s04_T3_test,64,16,64.53333333333333,0.16858899593353271,-0.11370797124345518
UBFC_PHYS_s04_T3_test,64,17,64.56666666666666,-0.16661585867404938,-0.1757554589670783
UBFC_PHYS_s04_T3_test,64,18,64.6,-0.552814245223999,-0.3242269470001032
UBFC_PHYS_s04_T3_test,64,19,64.63333333333334,-0.921638011932373,-0.534094702333997
UBFC_PHYS_s04_T3_test,64,20,64.66666666666667,-1.17475426197052,-0.7488551389935489
UBFC_PHYS_s04_T3_test,64,21,64.7,-1.1257388591766357,-0.897139147487784
UBFC_PHYS_s04_T3_test,64,22,64.73333333333333,-0.6173430681228638,-0.913442513753668
UBFC_PHYS_s04_T3_test,64,23,64.76666666666667,0.2709561288356781,-0.7570990752052511
UBFC_PHYS_s04_T3_test,64,24,64.8,1.3006398677825928,-0.42554755202118005
UBFC_PHYS_s04_T3_test,64,25,64.83333333333333,2.375889539718628,0.040917102179404814
UBFC_PHYS_s04_T3_test,64,26,64.86666666666666,3.3956336975097656,0.565192827678378
UBFC_PHYS_s04_T3_test,64,27,64.9,4.054145336151123,1.0505382336641143
UBFC_PHYS_s04_T3_test,64,28,64.93333333333334,4.148200035095215,1.4048766324132593
UBFC_PHYS_s04_T3_test,64,29,64.96666666666667,3.789364814758301,1.5644895674361459
UBFC_PHYS_s04_T3_test,64,30,65.0,3.1836202144622803,1.5092811133667356
UBFC_PHYS_s04_T3_test,64,31,65.03333333333333,2.486159563064575,1.2651539987381704
UBFC_PHYS_s04_T3_test,64,32,65.06666666666666,1.7612676620483398,0.8936612152640887
UBFC_PHYS_s04_T3_test,64,33,65.1,0.9571423530578613,0.4730321981981978
UBFC_PHYS_s04_T3_test,64,34,65.13333333333334,0.12252622842788696,0.076749758275823
UBFC_PHYS_s04_T3_test,64,35,65.16666666666667,-0.5621593594551086,-0.2441018232987419
UBFC_PHYS_s04_T3_test,64,36,65.2,-1.0732057094573975,-0.4700687136419815
UBFC_PHYS_s04_T3_test,64,37,65.23333333333333,-1.5701905488967896,-0.6121475124327957
UBFC_PHYS_s04_T3_test,64,38,65.26666666666667,-2.1349785327911377,-0.7013209974026484
UBFC_PHYS_s04_T3_test,64,39,65.3,-2.705827474594116,-0.7727391513251755
UBFC_PHYS_s04_T3_test,64,40,65.33333333333333,-3.200366497039795,-0.8501031454108154
UBFC_PHYS_s04_T3_test,64,41,65.36666666666666,-3.5814781188964844,-0.935493398619508
UBFC_PHYS_s04_T3_test,64,42,65.4,-3.861499309539795,-1.0076171921038954
UBFC_PHYS_s04_T3_test,64,43,65.43333333333334,-3.9855384826660156,-1.0285019994431424
UBFC_PHYS_s04_T3_test,64,44,65.46666666666667,-3.7564914226531982,-0.9563709754472024
UBFC_PHYS_s04_T3_test,64,45,65.5,-3.091860294342041,-0.7610804676673857
UBFC_PHYS_s04_T3_test,64,46,65.53333333333333,-2.2228357791900635,-0.43782919627263717
UBFC_PHYS_s04_T3_test,64,47,65.56666666666666,-1.4112657308578491,-0.014815642857018568
UBFC_PHYS_s04_T3_test,64,48,65.6,-0.7240076065063477,0.44857441833151734
UBFC_PHYS_s04_T3_test,64,49,65.63333333333334,-0.2210882306098938,0.8740927496079859
UBFC_PHYS_s04_T3_test,64,50,65.66666666666667,0.036793146282434464,1.1847573810438763
UBFC_PHYS_s04_T3_test,64,51,65.7,0.14800839126110077,1.3263639813860175
UBFC_PHYS_s04_T3_test,64,52,65.73333333333333,0.2750781178474426,1.28234708941381
UBFC_PHYS_s04_T3_test,64,53,65.76666666666667,0.4542425274848938,1.076128649011817
UBFC_PHYS_s04_T3_test,64,54,65.8,0.6423524618148804,0.7606462967093821
UBFC_PHYS_s04_T3_test,64,55,65.83333333333333,0.8423801064491272,0.4001965840697951
UBFC_PHYS_s04_T3_test,64,56,65.86666666666666,1.0796711444854736,0.051792540301960906
UBFC_PHYS_s04_T3_test,64,57,65.9,1.3682869672775269,-0.2478967610405953
UBFC_PHYS_s04_T3_test,64,58,65.93333333333334,1.725767970085144,-0.48655900195937385
UBFC_PHYS_s04_T3_test,64,59,65.96666666666667,2.151705026626587,-0.6709012948691704
UBFC_PHYS_s04_T3_test,64,60,66.0,2.603036403656006,-0.8148315422116437
UBFC_PHYS_s04_T3_test,64,61,66.03333333333333,3.0348784923553467,-0.9262850599728516
UBFC_PHYS_s04_T3_test,64,62,66.06666666666666,3.51067852973938,-0.9982970659819486
UBFC_PHYS_s04_T3_test,64,63,66.1,4.193707466125488,-1.0082930404901413
UBFC_PHYS_s04_T3_test,64,64,66.13333333333334,5.074532508850098,-0.9262903410630607
UBFC_PHYS_s04_T3_test,64,65,66.16666666666667,5.773347854614258,-0.729053808491633
UBFC_PHYS_s04_T3_test,64,66,66.2,5.8560895919799805,-0.41465970665621893
UBFC_PHYS_s04_T3_test,64,67,66.23333333333333,5.271149635314941,-0.011276067178568888
UBFC_PHYS_s04_T3_test,64,68,66.26666666666667,4.295139312744141,0.4244206175688609
UBFC_PHYS_s04_T3_test,64,69,66.3,3.2122108936309814,0.8200872695680761
UBFC_PHYS_s04_T3_test,64,70,66.33333333333333,2.164821147918701,1.1080008221283792
UBFC_PHYS_s04_T3_test,64,71,66.36666666666666,1.2002508640289307,1.2452977350592636
UBFC_PHYS_s04_T3_test,64,72,66.4,0.31133779883384705,1.2259930561150725
UBFC_PHYS_s04_T3_test,64,73,66.43333333333334,-0.5071802735328674,1.0796250786582293
UBFC_PHYS_s04_T3_test,64,74,66.46666666666667,-1.1884552240371704,0.8570857237508128
UBFC_PHYS_s04_T3_test,64,75,66.5,-1.6335304975509644,0.6099244901253935
UBFC_PHYS_s04_T3_test,64,76,66.53333333333333,-1.858328938484192,0.37226619152016666
UBFC_PHYS_s04_T3_test,64,77,66.56666666666666,-2.0478713512420654,0.15294089782652592
UBFC_PHYS_s04_T3_test,64,78,66.6,-2.33078670501709,-0.05985145065154042
UBFC_PHYS_s04_T3_test,64,79,66.63333333333334,-2.658965587615967,-0.28504051529296504
UBFC_PHYS_s04_T3_test,64,80,66.66666666666667,-2.926250696182251,-0.5335221163756864
UBFC_PHYS_s04_T3_test,64,81,66.7,-3.122555732727051,-0.7979341662739471
UBFC_PHYS_s04_T3_test,64,82,66.73333333333333,-3.2903287410736084,-1.050303444318158
UBFC_PHYS_s04_T3_test,64,83,66.76666666666667,-3.381986618041992,-1.246914890630282
UBFC_PHYS_s04_T3_test,64,84,66.8,-3.251652479171753,-1.3385199658376725
UBFC_PHYS_s04_T3_test,64,85,66.83333333333333,-2.842252016067505,-1.2837444862491776
UBFC_PHYS_s04_T3_test,64,86,66.86666666666666,-2.2782046794891357,-1.0624670691593407
UBFC_PHYS_s04_T3_test,64,87,66.9,-1.7272249460220337,-0.6850574873436234
UBFC_PHYS_s04_T3_test,64,88,66.93333333333334,-1.241845965385437,-0.19424783435786624
UBFC_PHYS_s04_T3_test,64,89,66.96666666666667,-0.7980179190635681,0.34151411910181434
UBFC_PHYS_s04_T3_test,64,90,67.0,-0.40176305174827576,0.8422050302459138
UBFC_PHYS_s04_T3_test,64,91,67.03333333333333,-0.10040123015642166,1.2344314572628654
UBFC_PHYS_s04_T3_test,64,92,67.06666666666666,0.08696814626455307,1.4679275698715795
UBFC_PHYS_s04_T3_test,64,93,67.1,0.1914498656988144,1.5244293146724337
UBFC_PHYS_s04_T3_test,64,94,67.13333333333334,0.25856098532676697,1.4163301639191885
UBFC_PHYS_s04_T3_test,64,95,67.16666666666667,0.29843592643737793,1.177159482525179
UBFC_PHYS_s04_T3_test,64,96,67.2,0.2789759635925293,0.8488475105145952
UBFC_PHYS_s04_T3_test,64,97,67.23333333333333,0.14906080067157745,0.4708909697537834
UBFC_PHYS_s04_T3_test,64,98,67.26666666666667,-0.10045969486236572,0.07453125340425248
UBFC_PHYS_s04_T3_test,64,99,67.3,-0.37849292159080505,-0.317664587587604
UBFC_PHYS_s04_T3_test,64,100,67.33333333333333,-0.5819408893585205,-0.6884838710430831
UBFC_PHYS_s04_T3_test,64,101,67.36666666666666,-0.7076756358146667,-1.0214594405349746
UBFC_PHYS_s04_T3_test,64,102,67.4,-0.8330497741699219,-1.2971077624003926
UBFC_PHYS_s04_T3_test,64,103,67.43333333333334,-1.0318788290023804,-1.4913791337408502
UBFC_PHYS_s04_T3_test,64,104,67.46666666666667,-1.3115588426589966,-1.577039297206574
UBFC_PHYS_s04_T3_test,64,105,67.5,-1.6037120819091797,-1.5282481564885322
UBFC_PHYS_s04_T3_test,64,106,67.53333333333333,-1.789853572845459,-1.3279931101927949
UBFC_PHYS_s04_T3_test,64,107,67.56666666666666,-1.7569265365600586,-0.9768125564311142
UBFC_PHYS_s04_T3_test,64,108,67.6,-1.473416805267334,-0.49962889358788515
UBFC_PHYS_s04_T3_test,64,109,67.63333333333334,-1.047635793685913,0.053110040669358774
UBFC_PHYS_s04_T3_test,64,110,67.66666666666667,-0.6396777033805847,0.6122427361656013
UBFC_PHYS_s04_T3_test,64,111,67.7,-0.3324204087257385,1.1036784380419171
UBFC_PHYS_s04_T3_test,64,112,67.73333333333333,-0.11668447405099869,1.464849933143905
UBFC_PHYS_s04_T3_test,64,113,67.76666666666667,0.05631159991025925,1.65802135168051
UBFC_PHYS_s04_T3_test,64,114,67.8,0.21387220919132233,1.675931278033308
UBFC_PHYS_s04_T3_test,64,115,67.83333333333333,0.33999669551849365,1.5385164694454088
UBFC_PHYS_s04_T3_test,64,116,67.86666666666666,0.42373213171958923,1.2829450470124555
UBFC_PHYS_s04_T3_test,64,117,67.9,0.4747549295425415,0.9513761961152407
UBFC_PHYS_s04_T3_test,64,118,67.93333333333334,0.498453825712204,0.580988676876453
UBFC_PHYS_s04_T3_test,64,119,67.96666666666667,0.5076526999473572,0.19911707883258387
UBFC_PHYS_s04_T3_test,64,120,68.0,0.5134020447731018,-0.1762080571042219
UBFC_PHYS_s04_T3_test,64,121,68.03333333333333,0.49613460898399353,-0.5320947083512325
UBFC_PHYS_s04_T3_test,64,122,68.06666666666666,0.44414710998535156,-0.8555536862671096
UBFC_PHYS_s04_T3_test,64,123,68.1,0.3736935555934906,-1.1294641884804992
UBFC_PHYS_s04_T3_test,64,124,68.13333333333334,0.2918583154678345,-1.3312919860244732
UBFC_PHYS_s04_T3_test,64,125,68.16666666666667,0.18763971328735352,-1.4352033748279618
UBFC_PHYS_s04_T3_test,64,126,68.2,0.05586334690451622,-1.4172164539776966
UBFC_PHYS_s04_T3_test,64,127,68.23333333333333,-0.08976985514163971,-1.2622098517057583
UBFC_PHYS_s04_T3_test,64,128,68.26666666666667,-0.24597597122192383,-0.9710871912766206
UBFC_PHYS_s04_T3_test,64,129,68.3,-0.4466954469680786,-0.565867360011498
UBFC_PHYS_s04_T3_test,64,130,68.33333333333333,-0.6545382738113403,-0.09007597026265039
UBFC_PHYS_s04_T3_test,64,131,68.36666666666666,-0.6930391788482666,0.39723498389387296
UBFC_PHYS_s04_T3_test,64,132,68.4,-0.46639904379844666,0.8327892473759204
UBFC_PHYS_s04_T3_test,64,133,68.43333333333334,-0.12401241809129715,1.1621218958438346
UBFC_PHYS_s04_T3_test,64,134,68.46666666666667,0.1601599156856537,1.3503313314096281
UBFC_PHYS_s04_T3_test,64,135,68.5,0.3824344873428345,1.3876833852300887
UBFC_PHYS_s04_T3_test,64,136,68.53333333333333,0.5755531787872314,1.2886859504678143
UBFC_PHYS_s04_T3_test,64,137,68.56666666666666,0.7042112946510315,1.0850192901275673
UBFC_PHYS_s04_T3_test,64,138,68.6,0.755984365940094,0.8148175390850634
UBFC_PHYS_s04_T3_test,64,139,68.63333333333334,0.7715757489204407,0.5122234518018505
UBFC_PHYS_s04_T3_test,64,140,68.66666666666667,0.7878590226173401,0.20085023060367446
UBFC_PHYS_s04_T3_test,64,141,68.7,0.8149782419204712,-0.10708473626497965
UBFC_PHYS_s04_T3_test,64,142,68.73333333333333,0.8445141911506653,-0.40665861555366006
UBFC_PHYS_s04_T3_test,64,143,68.76666666666667,0.8443387746810913,-0.6937070744169157
UBFC_PHYS_s04_T3_test,64,144,68.8,0.7850135564804077,-0.9588043659275268
UBFC_PHYS_s04_T3_test,64,145,68.83333333333333,0.7023987770080566,-1.1839718928592928
UBFC_PHYS_s04_T3_test,64,146,68.86666666666666,0.6696081757545471,-1.3431627085749054
UBFC_PHYS_s04_T3_test,64,147,68.9,0.6769945621490479,-1.406520612525258
UBFC_PHYS_s04_T3_test,64,148,68.93333333333334,0.5926744341850281,-1.3476404601986378
UBFC_PHYS_s04_T3_test,64,149,68.96666666666667,0.3039221465587616,-1.1523417917347991
UBFC_PHYS_s04_T3_test,64,150,69.0,-0.12521100044250488,-0.8266305964123264
UBFC_PHYS_s04_T3_test,64,151,69.03333333333333,-0.5193902254104614,-0.40081045502698504
UBFC_PHYS_s04_T3_test,64,152,69.06666666666666,-0.8252735733985901,0.07314430222943612
UBFC_PHYS_s04_T3_test,64,153,69.1,-1.111268162727356,0.5318073386825342
UBFC_PHYS_s04_T3_test,64,154,69.13333333333334,-1.359287977218628,0.9152933417960847
UBFC_PHYS_s04_T3_test,64,155,69.16666666666667,-1.4042885303497314,1.1814783434071559
UBFC_PHYS_s04_T3_test,64,156,69.2,-1.1380170583724976,1.3143092137994903
UBFC_PHYS_s04_T3_test,64,157,69.23333333333333,-0.6830412149429321,1.3237948164675717
UBFC_PHYS_s04_T3_test,64,158,69.26666666666667,-0.27830857038497925,1.2383330733743587
UBFC_PHYS_s04_T3_test,64,159,69.3,-0.020378485321998596,1.0924529061884887
UBFC_PHYS_s04_T3_test,64,160,69.33333333333333,0.15314379334449768,0.9144597130547671
UBFC_PHYS_s04_T3_test,64,161,69.36666666666666,0.2828153371810913,0.7184032287170414
UBFC_PHYS_s04_T3_test,64,162,69.4,0.356153279542923,0.503081493824824
UBFC_PHYS_s04_T3_test,64,163,69.43333333333334,0.37860485911369324,0.25801304069085973
UBFC_PHYS_s04_T3_test,64,164,69.46666666666667,0.3761979341506958,-0.026456569502928393
UBFC_PHYS_s04_T3_test,64,165,69.5,0.35787805914878845,-0.3492121985593792
UBFC_PHYS_s04_T3_test,64,166,69.53333333333333,0.31016844511032104,-0.692402899234553
UBFC_PHYS_s04_T3_test,64,167,69.56666666666666,0.21713665127754211,-1.0214559879047214
UBFC_PHYS_s04_T3_test,64,168,69.6,0.07390062510967255,-1.2909977056862827
UBFC_PHYS_s04_T3_test,64,169,69.63333333333334,-0.11251378059387207,-1.4548145519237132
UBFC_PHYS_s04_T3_test,64,170,69.66666666666667,-0.3154745399951935,-1.476832955110881
UBFC_PHYS_s04_T3_test,64,171,69.7,-0.48294541239738464,-1.3400920062577824
UBFC_PHYS_s04_T3_test,64,172,69.73333333333333,-0.5899119973182678,-1.0518168501192444
UBFC_PHYS_s04_T3_test,64,173,69.76666666666667,-0.6875627636909485,-0.643862616910673
UBFC_PHYS_s04_T3_test,64,174,69.8,-0.830155611038208,-0.168237096822086
UBFC_PHYS_s04_T3_test,64,175,69.83333333333333,-0.9944790005683899,0.31203458837643666
UBFC_PHYS_s04_T3_test,64,176,69.86666666666666,-1.1102644205093384,0.7350104100285137
UBFC_PHYS_s04_T3_test,64,177,69.9,-1.0996330976486206,1.051871042270199
UBFC_PHYS_s04_T3_test,64,178,69.93333333333334,-0.9250388741493225,1.235791158495992
UBFC_PHYS_s04_T3_test,64,179,69.96666666666667,-0.6582801938056946,1.285380321495551
UBFC_PHYS_s04_T3_test,64,180,70.0,-0.4274888336658478,1.2215642569439782
UBFC_PHYS_s04_T3_test,64,181,70.03333333333333,-0.28344398736953735,1.0784621008707307
UBFC_PHYS_s04_T3_test,64,182,70.06666666666666,-0.19980600476264954,0.8910892948985378
UBFC_PHYS_s04_T3_test,64,183,70.1,-0.17569783329963684,0.6843160928487587
UBFC_PHYS_s04_T3_test,64,184,70.13333333333334,-0.20791351795196533,0.46716546142960996
UBFC_PHYS_s04_T3_test,64,185,70.16666666666667,-0.2561298608779907,0.23433888069836825
UBFC_PHYS_s04_T3_test,64,186,70.2,-0.27442046999931335,-0.026077514261938797
UBFC_PHYS_s04_T3_test,64,187,70.23333333333333,-0.23382443189620972,-0.3220160510804828
UBFC_PHYS_s04_T3_test,64,188,70.26666666666667,-0.13750870525836945,-0.6478661358385116
UBFC_PHYS_s04_T3_test,64,189,70.3,-0.04224539175629616,-0.979166595696692
UBFC_PHYS_s04_T3_test,64,190,70.33333333333333,-0.01080927811563015,-1.273436274090615
UBFC_PHYS_s04_T3_test,64,191,70.36666666666666,-0.061490997672080994,-1.4774459746520918
UBFC_PHYS_s04_T3_test,64,192,70.4,-0.16751235723495483,-1.5395627769216809
UBFC_PHYS_s04_T3_test,64,193,70.43333333333334,-0.2742840647697449,-1.424242866341769
UBFC_PHYS_s04_T3_test,64,194,70.46666666666667,-0.35785382986068726,-1.1246436099640615
UBFC_PHYS_s04_T3_test,64,195,70.5,-0.4593537151813507,-0.6691140343845435
UBFC_PHYS_s04_T3_test,64,196,70.53333333333333,-0.5859459638595581,-0.1184718386099915
UBFC_PHYS_s04_T3_test,64,197,70.56666666666666,-0.6108531355857849,0.44624089853943777
UBFC_PHYS_s04_T3_test,64,198,70.6,-0.4129888415336609,0.9421057412672205
UBFC_PHYS_s04_T3_test,64,199,70.63333333333334,-0.054046113044023514,1.3028028608328135
UBFC_PHYS_s04_T3_test,64,200,70.66666666666667,0.28922727704048157,1.491482683104897
UBFC_PHYS_s04_T3_test,64,201,70.7,0.5199504494667053,1.504755816014389
UBFC_PHYS_s04_T3_test,64,202,70.73333333333333,0.6426448225975037,1.367611285252839
UBFC_PHYS_s04_T3_test,64,203,70.76666666666667,0.6779202818870544,1.1217894325823603
UBFC_PHYS_s04_T3_test,64,204,70.8,0.674100399017334,0.8119134194854002
UBFC_PHYS_s04_T3_test,64,205,70.83333333333333,0.6841763257980347,0.4740812421511295
UBFC_PHYS_s04_T3_test,64,206,70.86666666666666,0.6920987367630005,0.13046561641167564
UBFC_PHYS_s04_T3_test,64,207,70.9,0.6591911911964417,-0.20897964020686605
UBFC_PHYS_s04_T3_test,64,208,70.93333333333334,0.591972827911377,-0.5395054574318209
UBFC_PHYS_s04_T3_test,64,209,70.96666666666667,0.5039887428283691,-0.85296144887631
UBFC_PHYS_s04_T3_test,64,210,71.0,0.371179461479187,-1.1313405146082895
UBFC_PHYS_s04_T3_test,64,211,71.03333333333333,0.16927112638950348,-1.3448970449493598
UBFC_PHYS_s04_T3_test,64,212,71.06666666666666,-0.062192607671022415,-1.4556899123013465
UBFC_PHYS_s04_T3_test,64,213,71.1,-0.2718479037284851,-1.4261823741833721
UBFC_PHYS_s04_T3_test,64,214,71.13333333333334,-0.47183653712272644,-1.2315128823827914
UBFC_PHYS_s04_T3_test,64,215,71.16666666666667,-0.6966837048530579,-0.8724264573486693
UBFC_PHYS_s04_T3_test,64,216,71.2,-0.9301937818527222,-0.3837651599278461
UBFC_PHYS_s04_T3_test,64,217,71.23333333333333,-1.1316733360290527,0.1669011773832278
UBFC_PHYS_s04_T3_test,64,218,71.26666666666667,-1.2472541332244873,0.6926973266836822
UBFC_PHYS_s04_T3_test,64,219,71.3,-1.245743751525879,1.1095753605193386
UBFC_PHYS_s04_T3_test,64,220,71.33333333333333,-1.182403802871704,1.3590456545645264
UBFC_PHYS_s04_T3_test,64,221,71.36666666666666,-1.0379204750061035,1.422427358256968
UBFC_PHYS_s04_T3_test,64,222,71.4,-0.6245540976524353,1.3213691203407696
UBFC_PHYS_s04_T3_test,64,223,71.43333333333334,0.09524131566286087,1.105620525272906
UBFC_PHYS_s04_T3_test,64,224,71.46666666666667,0.8169174194335938,0.8341062733463342
UBFC_PHYS_s04_T3_test,64,225,71.5,1.2338697910308838,0.5571200133976969
UBFC_PHYS_s04_T3_test,64,226,71.53333333333333,1.336461067199707,0.30565572528026136
UBFC_PHYS_s04_T3_test,64,227,71.56666666666666,1.3083089590072632,0.09001428215330495
UBFC_PHYS_s04_T3_test,64,228,71.6,1.2604726552963257,-0.09406261278061145
UBFC_PHYS_s04_T3_test,64,229,71.63333333333334,1.1856924295425415,-0.2559163936659963
UBFC_PHYS_s04_T3_test,64,230,71.66666666666667,1.045896291732788,-0.4017133759546033
UBFC_PHYS_s04_T3_test,64,231,71.7,0.8673068284988403,-0.5304256097354736
UBFC_PHYS_s04_T3_test,64,232,71.73333333333333,0.6898185014724731,-0.6345163137008801
UBFC_PHYS_s04_T3_test,64,233,71.76666666666667,0.48848506808280945,-0.7036681101412634
UBFC_PHYS_s04_T3_test,64,234,71.8,0.2329326719045639,-0.7291946276392877
UBFC_PHYS_s04_T3_test,64,235,71.83333333333333,-0.04579243063926697,-0.7072637651855687
UBFC_PHYS_s04_T3_test,64,236,71.86666666666666,-0.306139200925827,-0.6399901178551879
UBFC_PHYS_s04_T3_test,64,237,71.9,-0.5400098562240601,-0.5344590570110114
UBFC_PHYS_s04_T3_test,64,238,71.93333333333334,-0.7642625570297241,-0.40061648074270456
UBFC_PHYS_s04_T3_test,64,239,71.96666666666667,-0.9809339642524719,-0.24932636582332535
UBFC_PHYS_s04_T3_test,65,0,65.0,3.1836202144622803,-0.07586164971353626
UBFC_PHYS_s04_T3_test,65,1,65.03333333333333,2.486159563064575,-0.298753768985513
UBFC_PHYS_s04_T3_test,65,2,65.06666666666666,1.7612676620483398,-0.49636418526875037
UBFC_PHYS_s04_T3_test,65,3,65.1,0.9571423530578613,-0.649081209480588
UBFC_PHYS_s04_T3_test,65,4,65.13333333333334,0.12252622842788696,-0.7432617695333212
UBFC_PHYS_s04_T3_test,65,5,65.16666666666667,-0.5621593594551086,-0.7734677895247433
UBFC_PHYS_s04_T3_test,65,6,65.2,-1.0732057094573975,-0.7429861280944275
UBFC_PHYS_s04_T3_test,65,7,65.23333333333333,-1.5701905488967896,-0.6624074985522584
UBFC_PHYS_s04_T3_test,65,8,65.26666666666667,-2.1349785327911377,-0.546714936643109
UBFC_PHYS_s04_T3_test,65,9,65.3,-2.705827474594116,-0.41171638700730984
UBFC_PHYS_s04_T3_test,65,10,65.33333333333333,-3.200366497039795,-0.27081418110564637
UBFC_PHYS_s04_T3_test,65,11,65.36666666666666,-3.5814781188964844,-0.1329004410002794
UBFC_PHYS_s04_T3_test,65,12,65.4,-3.861499309539795,-0.0016338360864882233
UBFC_PHYS_s04_T3_test,65,13,65.43333333333334,-3.9855384826660156,0.1239869748454169
UBFC_PHYS_s04_T3_test,65,14,65.46666666666667,-3.7564914226531982,0.24771125173997674
UBFC_PHYS_s04_T3_test,65,15,65.5,-3.091860294342041,0.37275424976829524
UBFC_PHYS_s04_T3_test,65,16,65.53333333333333,-2.2228357791900635,0.4978071085823614
UBFC_PHYS_s04_T3_test,65,17,65.56666666666666,-1.4112657308578491,0.6139407303394356
UBFC_PHYS_s04_T3_test,65,18,65.6,-0.7240076065063477,0.7043233122737392
UBFC_PHYS_s04_T3_test,65,19,65.63333333333334,-0.2210882306098938,0.7478104777464725
UBFC_PHYS_s04_T3_test,65,20,65.66666666666667,0.036793146282434464,0.72560109125116
UBFC_PHYS_s04_T3_test,65,21,65.7,0.14800839126110077,0.6283389778514417
UBFC_PHYS_s04_T3_test,65,22,65.73333333333333,0.2750781178474426,0.4604537550556331
UBFC_PHYS_s04_T3_test,65,23,65.76666666666667,0.4542425274848938,0.23961948024733398
UBFC_PHYS_s04_T3_test,65,24,65.8,0.6423524618148804,-0.008494179513712523
UBFC_PHYS_s04_T3_test,65,25,65.83333333333333,0.8423801064491272,-0.25775610544016553
UBFC_PHYS_s04_T3_test,65,26,65.86666666666666,1.0796711444854736,-0.487982848598842
UBFC_PHYS_s04_T3_test,65,27,65.9,1.3682869672775269,-0.6874201186926447
UBFC_PHYS_s04_T3_test,65,28,65.93333333333334,1.725767970085144,-0.8503407914337713
UBFC_PHYS_s04_T3_test,65,29,65.96666666666667,2.151705026626587,-0.971206005931865
UBFC_PHYS_s04_T3_test,65,30,66.0,2.603036403656006,-1.0388173110066399
UBFC_PHYS_s04_T3_test,65,31,66.03333333333333,3.0348784923553467,-1.0343044925891238
UBFC_PHYS_s04_T3_test,65,32,66.06666666666666,3.51067852973938,-0.9351480811029378
UBFC_PHYS_s04_T3_test,65,33,66.1,4.193707466125488,-0.7245231550408489
UBFC_PHYS_s04_T3_test,65,34,66.13333333333334,5.074532508850098,-0.4024773872952186
UBFC_PHYS_s04_T3_test,65,35,66.16666666666667,5.773347854614258,0.006030162551751688
UBFC_PHYS_s04_T3_test,65,36,66.2,5.8560895919799805,0.4507024125742494
UBFC_PHYS_s04_T3_test,65,37,66.23333333333333,5.271149635314941,0.8649274194361919
UBFC_PHYS_s04_T3_test,65,38,66.26666666666667,4.295139312744141,1.1821089275903482
UBFC_PHYS_s04_T3_test,65,39,66.3,3.2122108936309814,1.3536930568177603
UBFC_PHYS_s04_T3_test,65,40,66.33333333333333,2.164821147918701,1.362131061841348
UBFC_PHYS_s04_T3_test,65,41,66.36666666666666,1.2002508640289307,1.22379825990711
UBFC_PHYS_s04_T3_test,65,42,66.4,0.31133779883384705,0.9808883140944583
UBFC_PHYS_s04_T3_test,65,43,66.43333333333334,-0.5071802735328674,0.685736182138688
UBFC_PHYS_s04_T3_test,65,44,66.46666666666667,-1.1884552240371704,0.3839183540264165
UBFC_PHYS_s04_T3_test,65,45,66.5,-1.6335304975509644,0.10260656360091078
UBFC_PHYS_s04_T3_test,65,46,66.53333333333333,-1.858328938484192,-0.1519860780659143
UBFC_PHYS_s04_T3_test,65,47,66.56666666666666,-2.0478713512420654,-0.38824503133475824
UBFC_PHYS_s04_T3_test,65,48,66.6,-2.33078670501709,-0.6175688327460779
UBFC_PHYS_s04_T3_test,65,49,66.63333333333334,-2.658965587615967,-0.8428421383971623
UBFC_PHYS_s04_T3_test,65,50,66.66666666666667,-2.926250696182251,-1.051503538713357
UBFC_PHYS_s04_T3_test,65,51,66.7,-3.122555732727051,-1.2153957703497154
UBFC_PHYS_s04_T3_test,65,52,66.73333333333333,-3.2903287410736084,-1.2969442274689111
UBFC_PHYS_s04_T3_test,65,53,66.76666666666667,-3.381986618041992,-1.259428935725372
UBFC_PHYS_s04_T3_test,65,54,66.8,-3.251652479171753,-1.0785524959807087
UBFC_PHYS_s04_T3_test,65,55,66.83333333333333,-2.842252016067505,-0.7524103523368767
UBFC_PHYS_s04_T3_test,65,56,66.86666666666666,-2.2782046794891357,-0.30681397805997795
UBFC_PHYS_s04_T3_test,65,57,66.9,-1.7272249460220337,0.20644635916178367
UBFC_PHYS_s04_T3_test,65,58,66.93333333333334,-1.241845965385437,0.7186732594855586
UBFC_PHYS_s04_T3_test,65,59,66.96666666666667,-0.7980179190635681,1.1582685705555238
UBFC_PHYS_s04_T3_test,65,60,67.0,-0.40176305174827576,1.4655661334018972
UBFC_PHYS_s04_T3_test,65,61,67.03333333333333,-0.10040123015642166,1.6042936139092452
UBFC_PHYS_s04_T3_test,65,62,67.06666666666666,0.08696814626455307,1.5668180044313924
UBFC_PHYS_s04_T3_test,65,63,67.1,0.1914498656988144,1.372374535084828
UBFC_PHYS_s04_T3_test,65,64,67.13333333333334,0.25856098532676697,1.0594376438109996
UBFC_PHYS_s04_T3_test,65,65,67.16666666666667,0.29843592643737793,0.6749204038382491
UBFC_PHYS_s04_T3_test,65,66,67.2,0.2789759635925293,0.26369547656190784
UBFC_PHYS_s04_T3_test,65,67,67.23333333333333,0.14906080067157745,-0.13857792950015413
UBFC_PHYS_s04_T3_test,65,68,67.26666666666667,-0.10045969486236572,-0.5081498779598349
UBFC_PHYS_s04_T3_test,65,69,67.3,-0.37849292159080505,-0.8319881567293645
UBFC_PHYS_s04_T3_test,65,70,67.33333333333333,-0.5819408893585205,-1.1038862119917647
UBFC_PHYS_s04_T3_test,65,71,67.36666666666666,-0.7076756358146667,-1.319083098747711
UBFC_PHYS_s04_T3_test,65,72,67.4,-0.8330497741699219,-1.4689830857524229
UBFC_PHYS_s04_T3_test,65,73,67.43333333333334,-1.0318788290023804,-1.5380489879926693
UBFC_PHYS_s04_T3_test,65,74,67.46666666666667,-1.3115588426589966,-1.5048024271172051
UBFC_PHYS_s04_T3_test,65,75,67.5,-1.6037120819091797,-1.3477766411989642
UBFC_PHYS_s04_T3_test,65,76,67.53333333333333,-1.789853572845459,-1.0553547063509674
UBFC_PHYS_s04_T3_test,65,77,67.56666666666666,-1.7569265365600586,-0.636144705343724
UBFC_PHYS_s04_T3_test,65,78,67.6,-1.473416805267334,-0.12496360494524958
UBFC_PHYS_s04_T3_test,65,79,67.63333333333334,-1.047635793685913,0.41970775901571106
UBFC_PHYS_s04_T3_test,65,80,67.66666666666667,-0.6396777033805847,0.9272850608166903
UBFC_PHYS_s04_T3_test,65,81,67.7,-0.3324204087257385,1.3317397607022974
UBFC_PHYS_s04_T3_test,65,82,67.73333333333333,-0.11668447405099869,1.587030405046567
UBFC_PHYS_s04_T3_test,65,83,67.76666666666667,0.05631159991025925,1.6757196539851744
UBFC_PHYS_s04_T3_test,65,84,67.8,0.21387220919132233,1.608471201259647
UBFC_PHYS_s04_T3_test,65,85,67.83333333333333,0.33999669551849365,1.4159590597021217
UBFC_PHYS_s04_T3_test,65,86,67.86666666666666,0.42373213171958923,1.1371798210432351
UBFC_PHYS_s04_T3_test,65,87,67.9,0.4747549295425415,0.8086644360626298
UBFC_PHYS_s04_T3_test,65,88,67.93333333333334,0.498453825712204,0.4579904297539808
UBFC_PHYS_s04_T3_test,65,89,67.96666666666667,0.5076526999473572,0.1028589107823909
UBFC_PHYS_s04_T3_test,65,90,68.0,0.5134020447731018,-0.24538175950157126
UBFC_PHYS_s04_T3_test,65,91,68.03333333333333,0.49613460898399353,-0.5764583826712995
UBFC_PHYS_s04_T3_test,65,92,68.06666666666666,0.44414710998535156,-0.8769279627795831
UBFC_PHYS_s04_T3_test,65,93,68.1,0.3736935555934906,-1.128597973664975
UBFC_PHYS_s04_T3_test,65,94,68.13333333333334,0.2918583154678345,-1.309677788454001
UBFC_PHYS_s04_T3_test,65,95,68.16666666666667,0.18763971328735352,-1.3977027913035593
UBFC_PHYS_s04_T3_test,65,96,68.2,0.05586334690451622,-1.3732639387272878
UBFC_PHYS_s04_T3_test,65,97,68.23333333333333,-0.08976985514163971,-1.224172596344976
UBFC_PHYS_s04_T3_test,65,98,68.26666666666667,-0.24597597122192383,-0.9500423616827683
UBFC_PHYS_s04_T3_test,65,99,68.3,-0.4466954469680786,-0.5666927568097067
UBFC_PHYS_s04_T3_test,65,100,68.33333333333333,-0.6545382738113403,-0.10850253944743692
UBFC_PHYS_s04_T3_test,65,101,68.36666666666666,-0.6930391788482666,0.37364122418378193
UBFC_PHYS_s04_T3_test,65,102,68.4,-0.46639904379844666,0.819753930277773
UBFC_PHYS_s04_T3_test,65,103,68.43333333333334,-0.12401241809129715,1.1720803819989185
UBFC_PHYS_s04_T3_test,65,104,68.46666666666667,0.1601599156856537,1.3870555423345217
UBFC_PHYS_s04_T3_test,65,105,68.5,0.3824344873428345,1.4440469393041502
UBFC_PHYS_s04_T3_test,65,106,68.53333333333333,0.5755531787872314,1.3478637243187475
UBFC_PHYS_s04_T3_test,65,107,68.56666666666666,0.7042112946510315,1.1242666573300764
UBFC_PHYS_s04_T3_test,65,108,68.6,0.755984365940094,0.8106760543576162
UBFC_PHYS_s04_T3_test,65,109,68.63333333333334,0.7715757489204407,0.44618996105244085
UBFC_PHYS_s04_T3_test,65,110,68.66666666666667,0.7878590226173401,0.06461760801349171
UBFC_PHYS_s04_T3_test,65,111,68.7,0.8149782419204712,-0.30787620294539103
UBFC_PHYS_s04_T3_test,65,112,68.73333333333333,0.8445141911506653,-0.6512247724052377
UBFC_PHYS_s04_T3_test,65,113,68.76666666666667,0.8443387746810913,-0.9481112521882432
UBFC_PHYS_s04_T3_test,65,114,68.8,0.7850135564804077,-1.1810257508165063
UBFC_PHYS_s04_T3_test,65,115,68.83333333333333,0.7023987770080566,-1.33117224982776
UBFC_PHYS_s04_T3_test,65,116,68.86666666666666,0.6696081757545471,-1.379730893807645
UBFC_PHYS_s04_T3_test,65,117,68.9,0.6769945621490479,-1.3112878001960266
UBFC_PHYS_s04_T3_test,65,118,68.93333333333334,0.5926744341850281,-1.1187904427745825
UBFC_PHYS_s04_T3_test,65,119,68.96666666666667,0.3039221465587616,-0.8087862729973261
UBFC_PHYS_s04_T3_test,65,120,69.0,-0.12521100044250488,-0.40491283041434745
UBFC_PHYS_s04_T3_test,65,121,69.03333333333333,-0.5193902254104614,0.05251860412857552
UBFC_PHYS_s04_T3_test,65,122,69.06666666666666,-0.8252735733985901,0.5117934669494764
UBFC_PHYS_s04_T3_test,65,123,69.1,-1.111268162727356,0.9188820890877435
UBFC_PHYS_s04_T3_test,65,124,69.13333333333334,-1.359287977218628,1.2276747079623227
UBFC_PHYS_s04_T3_test,65,125,69.16666666666667,-1.4042885303497314,1.4082020441847636
UBFC_PHYS_s04_T3_test,65,126,69.2,-1.1380170583724976,1.4505098814274662
UBFC_PHYS_s04_T3_test,65,127,69.23333333333333,-0.6830412149429321,1.363469610542651
UBFC_PHYS_s04_T3_test,65,128,69.26666666666667,-0.27830857038497925,1.1694541155908544
UBFC_PHYS_s04_T3_test,65,129,69.3,-0.020378485321998596,0.8970449937350639
UBFC_PHYS_s04_T3_test,65,130,69.33333333333333,0.15314379334449768,0.5744515336166929
UBFC_PHYS_s04_T3_test,65,131,69.36666666666666,0.2828153371810913,0.22573984841229178
UBFC_PHYS_s04_T3_test,65,132,69.4,0.356153279542923,-0.1296030012681356
UBFC_PHYS_s04_T3_test,65,133,69.43333333333334,0.37860485911369324,-0.4748117972620179
UBFC_PHYS_s04_T3_test,65,134,69.46666666666667,0.3761979341506958,-0.7933426676920682
UBFC_PHYS_s04_T3_test,65,135,69.5,0.35787805914878845,-1.067034995351174
UBFC_PHYS_s04_T3_test,65,136,69.53333333333333,0.31016844511032104,-1.2755424084077838
UBFC_PHYS_s04_T3_test,65,137,69.56666666666666,0.21713665127754211,-1.397196696760439
UBFC_PHYS_s04_T3_test,65,138,69.6,0.07390062510967255,-1.4114537090872932
UBFC_PHYS_s04_T3_test,65,139,69.63333333333334,-0.11251378059387207,-1.302972166040545
UBFC_PHYS_s04_T3_test,65,140,69.66666666666667,-0.3154745399951935,-1.0667709490303627
UBFC_PHYS_s04_T3_test,65,141,69.7,-0.48294541239738464,-0.7131942950611452
UBFC_PHYS_s04_T3_test,65,142,69.73333333333333,-0.5899119973182678,-0.2710765664987228
UBFC_PHYS_s04_T3_test,65,143,69.76666666666667,-0.6875627636909485,0.21264839523670842
UBFC_PHYS_s04_T3_test,65,144,69.8,-0.830155611038208,0.6785479120534872
UBFC_PHYS_s04_T3_test,65,145,69.83333333333333,-0.9944790005683899,1.0657458349548414
UBFC_PHYS_s04_T3_test,65,146,69.86666666666666,-1.1102644205093384,1.3257196491053584
UBFC_PHYS_s04_T3_test,65,147,69.9,-1.0996330976486206,1.433741212149321
UBFC_PHYS_s04_T3_test,65,148,69.93333333333334,-0.9250388741493225,1.3932454966682661
UBFC_PHYS_s04_T3_test,65,149,69.96666666666667,-0.6582801938056946,1.231433872880069
UBFC_PHYS_s04_T3_test,65,150,70.0,-0.4274888336658478,0.9883183309450162
UBFC_PHYS_s04_T3_test,65,151,70.03333333333333,-0.28344398736953735,0.7040546417236768
UBFC_PHYS_s04_T3_test,65,152,70.06666666666666,-0.19980600476264954,0.40945586254259664
UBFC_PHYS_s04_T3_test,65,153,70.1,-0.17569783329963684,0.12236696484763303
UBFC_PHYS_s04_T3_test,65,154,70.13333333333334,-0.20791351795196533,-0.15040732395625284
UBFC_PHYS_s04_T3_test,65,155,70.16666666666667,-0.2561298608779907,-0.4079843017977878
UBFC_PHYS_s04_T3_test,65,156,70.2,-0.27442046999931335,-0.6496921185266741
UBFC_PHYS_s04_T3_test,65,157,70.23333333333333,-0.23382443189620972,-0.8704358894887358
UBFC_PHYS_s04_T3_test,65,158,70.26666666666667,-0.13750870525836945,-1.0579092438776885
UBFC_PHYS_s04_T3_test,65,159,70.3,-0.04224539175629616,-1.1920923467504227
UBFC_PHYS_s04_T3_test,65,160,70.33333333333333,-0.01080927811563015,-1.2475434171140718
UBFC_PHYS_s04_T3_test,65,161,70.36666666666666,-0.061490997672080994,-1.1987742694505343
UBFC_PHYS_s04_T3_test,65,162,70.4,-0.16751235723495483,-1.0280459011861833
UBFC_PHYS_s04_T3_test,65,163,70.43333333333334,-0.2742840647697449,-0.733620424255749
UBFC_PHYS_s04_T3_test,65,164,70.46666666666667,-0.35785382986068726,-0.33563669413054414
UBFC_PHYS_s04_T3_test,65,165,70.5,-0.4593537151813507,0.12313898976292488
UBFC_PHYS_s04_T3_test,65,166,70.53333333333333,-0.5859459638595581,0.583206558416992
UBFC_PHYS_s04_T3_test,65,167,70.56666666666666,-0.6108531355857849,0.9801665868656918
UBFC_PHYS_s04_T3_test,65,168,70.6,-0.4129888415336609,1.2592575078388157
UBFC_PHYS_s04_T3_test,65,169,70.63333333333334,-0.054046113044023514,1.3877412705767347
UBFC_PHYS_s04_T3_test,65,170,70.66666666666667,0.28922727704048157,1.3606478776681734
UBFC_PHYS_s04_T3_test,65,171,70.7,0.5199504494667053,1.1978968507404593
UBFC_PHYS_s04_T3_test,65,172,70.73333333333333,0.6426448225975037,0.9345038730241979
UBFC_PHYS_s04_T3_test,65,173,70.76666666666667,0.6779202818870544,0.6085028433176066
UBFC_PHYS_s04_T3_test,65,174,70.8,0.674100399017334,0.2517371203266414
UBFC_PHYS_s04_T3_test,65,175,70.83333333333333,0.6841763257980347,-0.11328293283916094
UBFC_PHYS_s04_T3_test,65,176,70.86666666666666,0.6920987367630005,-0.47052067536547226
UBFC_PHYS_s04_T3_test,65,177,70.9,0.6591911911964417,-0.8044288740973494
UBFC_PHYS_s04_T3_test,65,178,70.93333333333334,0.591972827911377,-1.0947301099179139
UBFC_PHYS_s04_T3_test,65,179,70.96666666666667,0.5039887428283691,-1.3149364911134098
UBFC_PHYS_s04_T3_test,65,180,71.0,0.371179461479187,-1.4355277602604826
UBFC_PHYS_s04_T3_test,65,181,71.03333333333333,0.16927112638950348,-1.4306427095394099
UBFC_PHYS_s04_T3_test,65,182,71.06666666666666,-0.062192607671022415,-1.2859295102110413
UBFC_PHYS_s04_T3_test,65,183,71.1,-0.2718479037284851,-1.0049764062724817
UBFC_PHYS_s04_T3_test,65,184,71.13333333333334,-0.47183653712272644,-0.6122076367687895
UBFC_PHYS_s04_T3_test,65,185,71.16666666666667,-0.6966837048530579,-0.1509739914593958
UBFC_PHYS_s04_T3_test,65,186,71.2,-0.9301937818527222,0.3233204235010219
UBFC_PHYS_s04_T3_test,65,187,71.23333333333333,-1.1316733360290527,0.7537044101286459
UBFC_PHYS_s04_T3_test,65,188,71.26666666666667,-1.2472541332244873,1.0927678928346756
UBFC_PHYS_s04_T3_test,65,189,71.3,-1.245743751525879,1.3109104224793486
UBFC_PHYS_s04_T3_test,65,190,71.33333333333333,-1.182403802871704,1.399448762404287
UBFC_PHYS_s04_T3_test,65,191,71.36666666666666,-1.0379204750061035,1.3684705956192722
UBFC_PHYS_s04_T3_test,65,192,71.4,-0.6245540976524353,1.2409633745315116
UBFC_PHYS_s04_T3_test,65,193,71.43333333333334,0.09524131566286087,1.045359051070619
UBFC_PHYS_s04_T3_test,65,194,71.46666666666667,0.8169174194335938,0.8084518034265983
UBFC_PHYS_s04_T3_test,65,195,71.5,1.2338697910308838,0.5502603673399761
UBFC_PHYS_s04_T3_test,65,196,71.53333333333333,1.336461067199707,0.2821026151740909
UBFC_PHYS_s04_T3_test,65,197,71.56666666666666,1.3083089590072632,0.008427871803558949
UBFC_PHYS_s04_T3_test,65,198,71.6,1.2604726552963257,-0.26846106052752666
UBFC_PHYS_s04_T3_test,65,199,71.63333333333334,1.1856924295425415,-0.5428761331433306
UBFC_PHYS_s04_T3_test,65,200,71.66666666666667,1.045896291732788,-0.8015847632954469
UBFC_PHYS_s04_T3_test,65,201,71.7,0.8673068284988403,-1.0224583101074491
UBFC_PHYS_s04_T3_test,65,202,71.73333333333333,0.6898185014724731,-1.1764826135466087
UBFC_PHYS_s04_T3_test,65,203,71.76666666666667,0.48848506808280945,-1.2329827625331675
UBFC_PHYS_s04_T3_test,65,204,71.8,0.2329326719045639,-1.1673069796411397
UBFC_PHYS_s04_T3_test,65,205,71.83333333333333,-0.04579243063926697,-0.9694209651341931
UBFC_PHYS_s04_T3_test,65,206,71.86666666666666,-0.306139200925827,-0.650897401694624
UBFC_PHYS_s04_T3_test,65,207,71.9,-0.5400098562240601,-0.24730287897269446
UBFC_PHYS_s04_T3_test,65,208,71.93333333333334,-0.7642625570297241,0.18623464986629404
UBFC_PHYS_s04_T3_test,65,209,71.96666666666667,-0.9809339642524719,0.5861992666606738
UBFC_PHYS_s04_T3_test,65,210,72.0,-1.114337682723999,0.8954375778390099
UBFC_PHYS_s04_T3_test,65,211,72.03333333333333,-1.0206140279769897,1.0762459087765088
UBFC_PHYS_s04_T3_test,65,212,72.06666666666666,-0.6793187856674194,1.116980120328131
UBFC_PHYS_s04_T3_test,65,213,72.1,-0.2472037822008133,1.0301575086121928
UBFC_PHYS_s04_T3_test,65,214,72.13333333333334,0.11023827642202377,0.8437312313305677
UBFC_PHYS_s04_T3_test,65,215,72.16666666666667,0.36781755089759827,0.5899120728043393
UBFC_PHYS_s04_T3_test,65,216,72.2,0.5570481419563293,0.29627312814122175
UBFC_PHYS_s04_T3_test,65,217,72.23333333333333,0.6611108779907227,-0.017868919069094345
UBFC_PHYS_s04_T3_test,65,218,72.26666666666667,0.6572617292404175,-0.33946950941981313
UBFC_PHYS_s04_T3_test,65,219,72.3,0.5542124509811401,-0.6561753865182116
UBFC_PHYS_s04_T3_test,65,220,72.33333333333333,0.35588040947914124,-0.9503163818095574
UBFC_PHYS_s04_T3_test,65,221,72.36666666666666,0.08985254913568497,-1.1955329030941342
UBFC_PHYS_s04_T3_test,65,222,72.4,-0.15780672430992126,-1.3580542617853728
UBFC_PHYS_s04_T3_test,65,223,72.43333333333334,-0.3422040045261383,-1.4030123842786664
UBFC_PHYS_s04_T3_test,65,224,72.46666666666667,-0.5251980423927307,-1.304332593246933
UBFC_PHYS_s04_T3_test,65,225,72.5,-0.751691997051239,-1.0551108083671068
UBFC_PHYS_s04_T3_test,65,226,72.53333333333333,-0.9522361159324646,-0.6745268282656998
UBFC_PHYS_s04_T3_test,65,227,72.56666666666666,-1.07514488697052,-0.20794116578476746
UBFC_PHYS_s04_T3_test,65,228,72.6,-1.176430344581604,0.280936592831334
UBFC_PHYS_s04_T3_test,65,229,72.63333333333334,-1.2935800552368164,0.7238779388389384
UBFC_PHYS_s04_T3_test,65,230,72.66666666666667,-1.3531781435012817,1.0635844577049585
UBFC_PHYS_s04_T3_test,65,231,72.7,-1.273749828338623,1.2657852596431913
UBFC_PHYS_s04_T3_test,65,232,72.73333333333333,-1.1103911399841309,1.32459125862956
UBFC_PHYS_s04_T3_test,65,233,72.76666666666667,-1.0332040786743164,1.260282629714477
UBFC_PHYS_s04_T3_test,65,234,72.8,-1.070603847503662,1.1108658533430835
UBFC_PHYS_s04_T3_test,65,235,72.83333333333333,-0.9779131412506104,0.9201464252255288
UBFC_PHYS_s04_T3_test,65,236,72.86666666666666,-0.5479906797409058,0.7257989115810721
UBFC_PHYS_s04_T3_test,65,237,72.9,0.10184816271066666,0.5506989627716559
UBFC_PHYS_s04_T3_test,65,238,72.93333333333334,0.7098923921585083,0.39953741946582233
UBFC_PHYS_s04_T3_test,65,239,72.96666666666667,1.1665832996368408,0.26116066947647965
UBFC_PHYS_s04_T3_test,66,0,66.0,2.603036403656006,0.06993348891666125
UBFC_PHYS_s04_T3_test,66,1,66.03333333333333,3.0348784923553467,0.005512008208844234
UBFC_PHYS_s04_T3_test,66,2,66.06666666666666,3.51067852973938,-0.010413166672998806
UBFC_PHYS_s04_T3_test,66,3,66.1,4.193707466125488,0.05802370318620244
UBFC_PHYS_s04_T3_test,66,4,66.13333333333334,5.074532508850098,0.22299007348333696
UBFC_PHYS_s04_T3_test,66,5,66.16666666666667,5.773347854614258,0.46842432450495763
UBFC_PHYS_s04_T3_test,66,6,66.2,5.8560895919799805,0.7530032351098424
UBFC_PHYS_s04_T3_test,66,7,66.23333333333333,5.271149635314941,1.020301716951937
UBFC_PHYS_s04_T3_test,66,8,66.26666666666667,4.295139312744141,1.2134984656129921
UBFC_PHYS_s04_T3_test,66,9,66.3,3.2122108936309814,1.2902958628142085
UBFC_PHYS_s04_T3_test,66,10,66.33333333333333,2.164821147918701,1.2335806740776292
UBFC_PHYS_s04_T3_test,66,11,66.36666666666666,1.2002508640289307,1.0547725093167646
UBFC_PHYS_s04_T3_test,66,12,66.4,0.31133779883384705,0.7891663126616175
UBFC_PHYS_s04_T3_test,66,13,66.43333333333334,-0.5071802735328674,0.48499208364689134
UBFC_PHYS_s04_T3_test,66,14,66.46666666666667,-1.1884552240371704,0.1896322930716288
UBFC_PHYS_s04_T3_test,66,15,66.5,-1.6335304975509644,-0.06287215235333067
UBFC_PHYS_s04_T3_test,66,16,66.53333333333333,-1.858328938484192,-0.2593121653830753
UBFC_PHYS_s04_T3_test,66,17,66.56666666666666,-2.0478713512420654,-0.4076248683567135
UBFC_PHYS_s04_T3_test,66,18,66.6,-2.33078670501709,-0.5302322388158757
UBFC_PHYS_s04_T3_test,66,19,66.63333333333334,-2.658965587615967,-0.6529590176398332
UBFC_PHYS_s04_T3_test,66,20,66.66666666666667,-2.926250696182251,-0.7934535309616837
UBFC_PHYS_s04_T3_test,66,21,66.7,-3.122555732727051,-0.952818808382817
UBFC_PHYS_s04_T3_test,66,22,66.73333333333333,-3.2903287410736084,-1.1125764689419364
UBFC_PHYS_s04_T3_test,66,23,66.76666666666667,-3.381986618041992,-1.2373589288166724
UBFC_PHYS_s04_T3_test,66,24,66.8,-3.251652479171753,-1.282774954553398
UBFC_PHYS_s04_T3_test,66,25,66.83333333333333,-2.842252016067505,-1.2072001021487113
UBFC_PHYS_s04_T3_test,66,26,66.86666666666666,-2.2782046794891357,-0.9851014971146818
UBFC_PHYS_s04_T3_test,66,27,66.9,-1.7272249460220337,-0.6183441199029995
UBFC_PHYS_s04_T3_test,66,28,66.93333333333334,-1.241845965385437,-0.14161268507576164
UBFC_PHYS_s04_T3_test,66,29,66.96666666666667,-0.7980179190635681,0.38100832350404207
UBFC_PHYS_s04_T3_test,66,30,67.0,-0.40176305174827576,0.8690376516725228
UBFC_PHYS_s04_T3_test,66,31,67.03333333333333,-0.10040123015642166,1.2453827917685076
UBFC_PHYS_s04_T3_test,66,32,67.06666666666666,0.08696814626455307,1.456345406421267
UBFC_PHYS_s04_T3_test,66,33,67.1,0.1914498656988144,1.4841270129614648
UBFC_PHYS_s04_T3_test,66,34,67.13333333333334,0.25856098532676697,1.3472648726900225
UBFC_PHYS_s04_T3_test,66,35,67.16666666666667,0.29843592643737793,1.089911942704183
UBFC_PHYS_s04_T3_test,66,36,67.2,0.2789759635925293,0.7653235272920254
UBFC_PHYS_s04_T3_test,66,37,67.23333333333333,0.14906080067157745,0.42031434291385616
UBFC_PHYS_s04_T3_test,66,38,67.26666666666667,-0.10045969486236572,0.08569118210762512
UBFC_PHYS_s04_T3_test,66,39,67.3,-0.37849292159080505,-0.22558768960299794
UBFC_PHYS_s04_T3_test,66,40,67.33333333333333,-0.5819408893585205,-0.5135879494222226
UBFC_PHYS_s04_T3_test,66,41,67.36666666666666,-0.7076756358146667,-0.7826012305052107
UBFC_PHYS_s04_T3_test,66,42,67.4,-0.8330497741699219,-1.0316410930171191
UBFC_PHYS_s04_T3_test,66,43,67.43333333333334,-1.0318788290023804,-1.247355847348672
UBFC_PHYS_s04_T3_test,66,44,67.46666666666667,-1.3115588426589966,-1.4018635647537956
UBFC_PHYS_s04_T3_test,66,45,67.5,-1.6037120819091797,-1.4569248554424752
UBFC_PHYS_s04_T3_test,66,46,67.53333333333333,-1.789853572845459,-1.3741996038862316
UBFC_PHYS_s04_T3_test,66,47,67.56666666666666,-1.7569265365600586,-1.1291247691890585
UBFC_PHYS_s04_T3_test,66,48,67.6,-1.473416805267334,-0.7238178559482562
UBFC_PHYS_s04_T3_test,66,49,67.63333333333334,-1.047635793685913,-0.19372407031868139
UBFC_PHYS_s04_T3_test,66,50,67.66666666666667,-0.6396777033805847,0.3955478121394408
UBFC_PHYS_s04_T3_test,66,51,67.7,-0.3324204087257385,0.9611627833752142
UBFC_PHYS_s04_T3_test,66,52,67.73333333333333,-0.11668447405099869,1.421866607595372
UBFC_PHYS_s04_T3_test,66,53,67.76666666666667,0.05631159991025925,1.716445814705061
UBFC_PHYS_s04_T3_test,66,54,67.8,0.21387220919132233,1.815955906613802
UBFC_PHYS_s04_T3_test,66,55,67.83333333333333,0.33999669551849365,1.7264156221330293
UBFC_PHYS_s04_T3_test,66,56,67.86666666666666,0.42373213171958923,1.482199176012042
UBFC_PHYS_s04_T3_test,66,57,67.9,0.4747549295425415,1.13343965687532
UBFC_PHYS_s04_T3_test,66,58,67.93333333333334,0.498453825712204,0.7322869255494376
UBFC_PHYS_s04_T3_test,66,59,67.96666666666667,0.5076526999473572,0.3223453523494322
UBFC_PHYS_s04_T3_test,66,60,68.0,0.5134020447731018,-0.06652054625851794
UBFC_PHYS_s04_T3_test,66,61,68.03333333333333,0.49613460898399353,-0.41815780996922336
UBFC_PHYS_s04_T3_test,66,62,68.06666666666666,0.44414710998535156,-0.7263335021008721
UBFC_PHYS_s04_T3_test,66,63,68.1,0.3736935555934906,-0.9889871183877803
UBFC_PHYS_s04_T3_test,66,64,68.13333333333334,0.2918583154678345,-1.202319509737719
UBFC_PHYS_s04_T3_test,66,65,68.16666666666667,0.18763971328735352,-1.3563859697464669
UBFC_PHYS_s04_T3_test,66,66,68.2,0.05586334690451622,-1.4336119699595924
UBFC_PHYS_s04_T3_test,66,67,68.23333333333333,-0.08976985514163971,-1.4112438244410046
UBFC_PHYS_s04_T3_test,66,68,68.26666666666667,-0.24597597122192383,-1.2679954633474624
UBFC_PHYS_s04_T3_test,66,69,68.3,-0.4466954469680786,-0.9936826019972962
UBFC_PHYS_s04_T3_test,66,70,68.33333333333333,-0.6545382738113403,-0.5986749704662709
UBFC_PHYS_s04_T3_test,66,71,68.36666666666666,-0.6930391788482666,-0.11891925874584547
UBFC_PHYS_s04_T3_test,66,72,68.4,-0.46639904379844666,0.3867330842928851
UBFC_PHYS_s04_T3_test,66,73,68.43333333333334,-0.12401241809129715,0.847481791254612
UBFC_PHYS_s04_T3_test,66,74,68.46666666666667,0.1601599156856537,1.1971932224445372
UBFC_PHYS_s04_T3_test,66,75,68.5,0.3824344873428345,1.3912825457304723
UBFC_PHYS_s04_T3_test,66,76,68.53333333333333,0.5755531787872314,1.4173091391537829
UBFC_PHYS_s04_T3_test,66,77,68.56666666666666,0.7042112946510315,1.2947327055986686
UBFC_PHYS_s04_T3_test,66,78,68.6,0.755984365940094,1.064351406771431
UBFC_PHYS_s04_T3_test,66,79,68.63333333333334,0.7715757489204407,0.7728378882136738
UBFC_PHYS_s04_T3_test,66,80,68.66666666666667,0.7878590226173401,0.4592191811043307
UBFC_PHYS_s04_T3_test,66,81,68.7,0.8149782419204712,0.14796196498878586
UBFC_PHYS_s04_T3_test,66,82,68.73333333333333,0.8445141911506653,-0.15051550420535437
UBFC_PHYS_s04_T3_test,66,83,68.76666666666667,0.8443387746810913,-0.43425013995017975
UBFC_PHYS_s04_T3_test,66,84,68.8,0.7850135564804077,-0.7024716263483173
UBFC_PHYS_s04_T3_test,66,85,68.83333333333333,0.7023987770080566,-0.9493853313347634
UBFC_PHYS_s04_T3_test,66,86,68.86666666666666,0.6696081757545471,-1.160472974380316
UBFC_PHYS_s04_T3_test,66,87,68.9,0.6769945621490479,-1.3119541549974136
UBFC_PHYS_s04_T3_test,66,88,68.93333333333334,0.5926744341850281,-1.3738243135436792
UBFC_PHYS_s04_T3_test,66,89,68.96666666666667,0.3039221465587616,-1.316547646482428
UBFC_PHYS_s04_T3_test,66,90,69.0,-0.12521100044250488,-1.1203764168890882
UBFC_PHYS_s04_T3_test,66,91,69.03333333333333,-0.5193902254104614,-0.7847185758451077
UBFC_PHYS_s04_T3_test,66,92,69.06666666666666,-0.8252735733985901,-0.33397934290364156
UBFC_PHYS_s04_T3_test,66,93,69.1,-1.111268162727356,0.18311152817162984
UBFC_PHYS_s04_T3_test,66,94,69.13333333333334,-1.359287977218628,0.701349317960324
UBFC_PHYS_s04_T3_test,66,95,69.16666666666667,-1.4042885303497314,1.1520157255891301
UBFC_PHYS_s04_T3_test,66,96,69.2,-1.1380170583724976,1.4772320380711643
UBFC_PHYS_s04_T3_test,66,97,69.23333333333333,-0.6830412149429321,1.6416249301708659
UBFC_PHYS_s04_T3_test,66,98,69.26666666666667,-0.27830857038497925,1.6378971140365794
UBFC_PHYS_s04_T3_test,66,99,69.3,-0.020378485321998596,1.4847111788700087
UBFC_PHYS_s04_T3_test,66,100,69.33333333333333,0.15314379334449768,1.2180340445855193
UBFC_PHYS_s04_T3_test,66,101,69.36666666666666,0.2828153371810913,0.8795204795270793
UBFC_PHYS_s04_T3_test,66,102,69.4,0.356153279542923,0.5063374561291196
UBFC_PHYS_s04_T3_test,66,103,69.43333333333334,0.37860485911369324,0.12569232625015983
UBFC_PHYS_s04_T3_test,66,104,69.46666666666667,0.3761979341506958,-0.24512970232874162
UBFC_PHYS_s04_T3_test,66,105,69.5,0.35787805914878845,-0.5948009532872588
UBFC_PHYS_s04_T3_test,66,106,69.53333333333333,0.31016844511032104,-0.9127675357295876
UBFC_PHYS_s04_T3_test,66,107,69.56666666666666,0.21713665127754211,-1.185262734966075
UBFC_PHYS_s04_T3_test,66,108,69.6,0.07390062510967255,-1.3938073758824376
UBFC_PHYS_s04_T3_test,66,109,69.63333333333334,-0.11251378059387207,-1.5163163286306036
UBFC_PHYS_s04_T3_test,66,110,69.66666666666667,-0.3154745399951935,-1.5302861370667458
UBFC_PHYS_s04_T3_test,66,111,69.7,-0.48294541239738464,-1.417471824167747
UBFC_PHYS_s04_T3_test,66,112,69.73333333333333,-0.5899119973182678,-1.169562454322135
UBFC_PHYS_s04_T3_test,66,113,69.76666666666667,-0.6875627636909485,-0.7940083664462827
UBFC_PHYS_s04_T3_test,66,114,69.8,-0.830155611038208,-0.3182281849737709
UBFC_PHYS_s04_T3_test,66,115,69.83333333333333,-0.9944790005683899,0.210158056316774
UBFC_PHYS_s04_T3_test,66,116,69.86666666666666,-1.1102644205093384,0.7287260210081251
UBFC_PHYS_s04_T3_test,66,117,69.9,-1.0996330976486206,1.171047004503352
UBFC_PHYS_s04_T3_test,66,118,69.93333333333334,-0.9250388741493225,1.4804002037674673
UBFC_PHYS_s04_T3_test,66,119,69.96666666666667,-0.6582801938056946,1.6222217473256753
UBFC_PHYS_s04_T3_test,66,120,70.0,-0.4274888336658478,1.590897178606344
UBFC_PHYS_s04_T3_test,66,121,70.03333333333333,-0.28344398736953735,1.408319543059688
UBFC_PHYS_s04_T3_test,66,122,70.06666666666666,-0.19980600476264954,1.1150209945480098
UBFC_PHYS_s04_T3_test,66,123,70.1,-0.17569783329963684,0.7577589054973412
UBFC_PHYS_s04_T3_test,66,124,70.13333333333334,-0.20791351795196533,0.378400849300006
UBFC_PHYS_s04_T3_test,66,125,70.16666666666667,-0.2561298608779907,0.007591971616191094
UBFC_PHYS_s04_T3_test,66,126,70.2,-0.27442046999931335,-0.3359491817989769
UBFC_PHYS_s04_T3_test,66,127,70.23333333333333,-0.23382443189620972,-0.6419907163078649
UBFC_PHYS_s04_T3_test,66,128,70.26666666666667,-0.13750870525836945,-0.9036263647736339
UBFC_PHYS_s04_T3_test,66,129,70.3,-0.04224539175629616,-1.1125743928813445
UBFC_PHYS_s04_T3_test,66,130,70.33333333333333,-0.01080927811563015,-1.256448309497546
UBFC_PHYS_s04_T3_test,66,131,70.36666666666666,-0.061490997672080994,-1.3188031908211795
UBFC_PHYS_s04_T3_test,66,132,70.4,-0.16751235723495483,-1.282086325905796
UBFC_PHYS_s04_T3_test,66,133,70.43333333333334,-0.2742840647697449,-1.1329625660647027
UBFC_PHYS_s04_T3_test,66,134,70.46666666666667,-0.35785382986068726,-0.8688139926840229
UBFC_PHYS_s04_T3_test,66,135,70.5,-0.4593537151813507,-0.5035686561261306
UBFC_PHYS_s04_T3_test,66,136,70.53333333333333,-0.5859459638595581,-0.07058812299649496
UBFC_PHYS_s04_T3_test,66,137,70.56666666666666,-0.6108531355857849,0.37951549895701725
UBFC_PHYS_s04_T3_test,66,138,70.6,-0.4129888415336609,0.7871520932440285
UBFC_PHYS_s04_T3_test,66,139,70.63333333333334,-0.054046113044023514,1.0967885663760852
UBFC_PHYS_s04_T3_test,66,140,70.66666666666667,0.28922727704048157,1.2705413611277931
UBFC_PHYS_s04_T3_test,66,141,70.7,0.5199504494667053,1.2968356264265533
UBFC_PHYS_s04_T3_test,66,142,70.73333333333333,0.6426448225975037,1.1904611318108351
UBFC_PHYS_s04_T3_test,66,143,70.76666666666667,0.6779202818870544,0.9842959831289634
UBFC_PHYS_s04_T3_test,66,144,70.8,0.674100399017334,0.7167309156405843
UBFC_PHYS_s04_T3_test,66,145,70.83333333333333,0.6841763257980347,0.4204455775307592
UBFC_PHYS_s04_T3_test,66,146,70.86666666666666,0.6920987367630005,0.11691187689885561
UBFC_PHYS_s04_T3_test,66,147,70.9,0.6591911911964417,-0.18223807661144736
UBFC_PHYS_s04_T3_test,66,148,70.93333333333334,0.591972827911377,-0.4691817072359702
UBFC_PHYS_s04_T3_test,66,149,70.96666666666667,0.5039887428283691,-0.7331012009633673
UBFC_PHYS_s04_T3_test,66,150,71.0,0.371179461479187,-0.9559167002650402
UBFC_PHYS_s04_T3_test,66,151,71.03333333333333,0.16927112638950348,-1.1121945806697064
UBFC_PHYS_s04_T3_test,66,152,71.06666666666666,-0.062192607671022415,-1.173457783056351
UBFC_PHYS_s04_T3_test,66,153,71.1,-0.2718479037284851,-1.1160067386470807
UBFC_PHYS_s04_T3_test,66,154,71.13333333333334,-0.47183653712272644,-0.9301135661222688
UBFC_PHYS_s04_T3_test,66,155,71.16666666666667,-0.6966837048530579,-0.6273141157535661
UBFC_PHYS_s04_T3_test,66,156,71.2,-0.9301937818527222,-0.2422934762429333
UBFC_PHYS_s04_T3_test,66,157,71.23333333333333,-1.1316733360290527,0.17250191434520443
UBFC_PHYS_s04_T3_test,66,158,71.26666666666667,-1.2472541332244873,0.5581061058974417
UBFC_PHYS_s04_T3_test,66,159,71.3,-1.245743751525879,0.8620843165808061
UBFC_PHYS_s04_T3_test,66,160,71.33333333333333,-1.182403802871704,1.04927141156255
UBFC_PHYS_s04_T3_test,66,161,71.36666666666666,-1.0379204750061035,1.1076546017472202
UBFC_PHYS_s04_T3_test,66,162,71.4,-0.6245540976524353,1.048402263980219
UBFC_PHYS_s04_T3_test,66,163,71.43333333333334,0.09524131566286087,0.9003030622599822
UBFC_PHYS_s04_T3_test,66,164,71.46666666666667,0.8169174194335938,0.7002100932786468
UBFC_PHYS_s04_T3_test,66,165,71.5,1.2338697910308838,0.482310059407682
UBFC_PHYS_s04_T3_test,66,166,71.53333333333333,1.336461067199707,0.2696108674468579
UBFC_PHYS_s04_T3_test,66,167,71.56666666666666,1.3083089590072632,0.07041151318769384
UBFC_PHYS_s04_T3_test,66,168,71.6,1.2604726552963257,-0.11934479301096396
UBFC_PHYS_s04_T3_test,66,169,71.63333333333334,1.1856924295425415,-0.3091492610634504
UBFC_PHYS_s04_T3_test,66,170,71.66666666666667,1.045896291732788,-0.5052708437148193
UBFC_PHYS_s04_T3_test,66,171,71.7,0.8673068284988403,-0.7035844329245212
UBFC_PHYS_s04_T3_test,66,172,71.73333333333333,0.6898185014724731,-0.886439919032156
UBFC_PHYS_s04_T3_test,66,173,71.76666666666667,0.48848506808280945,-1.024755599037985
UBFC_PHYS_s04_T3_test,66,174,71.8,0.2329326719045639,-1.0848819162291632
UBFC_PHYS_s04_T3_test,66,175,71.83333333333333,-0.04579243063926697,-1.038291017416452
UBFC_PHYS_s04_T3_test,66,176,71.86666666666666,-0.306139200925827,-0.8711751795041529
UBFC_PHYS_s04_T3_test,66,177,71.9,-0.5400098562240601,-0.5909071946280341
UBFC_PHYS_s04_T3_test,66,178,71.93333333333334,-0.7642625570297241,-0.22715399317271542
UBFC_PHYS_s04_T3_test,66,179,71.96666666666667,-0.9809339642524719,0.1729803142534869
UBFC_PHYS_s04_T3_test,66,180,72.0,-1.114337682723999,0.5545529497185593
UBFC_PHYS_s04_T3_test,66,181,72.03333333333333,-1.0206140279769897,0.86637052424274
UBFC_PHYS_s04_T3_test,66,182,72.06666666666666,-0.6793187856674194,1.0711745535228223
UBFC_PHYS_s04_T3_test,66,183,72.1,-0.2472037822008133,1.1516028784788437
UBFC_PHYS_s04_T3_test,66,184,72.13333333333334,0.11023827642202377,1.110717631620189
UBFC_PHYS_s04_T3_test,66,185,72.16666666666667,0.36781755089759827,0.9677283977070839
UBFC_PHYS_s04_T3_test,66,186,72.2,0.5570481419563293,0.7508134377078687
UBFC_PHYS_s04_T3_test,66,187,72.23333333333333,0.6611108779907227,0.48951789769792525
UBFC_PHYS_s04_T3_test,66,188,72.26666666666667,0.6572617292404175,0.2091566204034306
UBFC_PHYS_s04_T3_test,66,189,72.3,0.5542124509811401,-0.07123150497300966
UBFC_PHYS_s04_T3_test,66,190,72.33333333333333,0.35588040947914124,-0.33745888430821824
UBFC_PHYS_s04_T3_test,66,191,72.36666666666666,0.08985254913568497,-0.5768813826268917
UBFC_PHYS_s04_T3_test,66,192,72.4,-0.15780672430992126,-0.7753296117395498
UBFC_PHYS_s04_T3_test,66,193,72.43333333333334,-0.3422040045261383,-0.9159487706528532
UBFC_PHYS_s04_T3_test,66,194,72.46666666666667,-0.5251980423927307,-0.9806282774413261
UBFC_PHYS_s04_T3_test,66,195,72.5,-0.751691997051239,-0.9536025260582701
UBFC_PHYS_s04_T3_test,66,196,72.53333333333333,-0.9522361159324646,-0.8259865327178108
UBFC_PHYS_s04_T3_test,66,197,72.56666666666666,-1.07514488697052,-0.599869057946015
UBFC_PHYS_s04_T3_test,66,198,72.6,-1.176430344581604,-0.29104374046886883
UBFC_PHYS_s04_T3_test,66,199,72.63333333333334,-1.2935800552368164,0.07033011120559848
UBFC_PHYS_s04_T3_test,66,200,72.66666666666667,-1.3531781435012817,0.4421771030031597
UBFC_PHYS_s04_T3_test,66,201,72.7,-1.273749828338623,0.7766784079020104
UBFC_PHYS_s04_T3_test,66,202,72.73333333333333,-1.1103911399841309,1.0288710401254142
UBFC_PHYS_s04_T3_test,66,203,72.76666666666667,-1.0332040786743164,1.1647949720727628
UBFC_PHYS_s04_T3_test,66,204,72.8,-1.070603847503662,1.1667981330271502
UBFC_PHYS_s04_T3_test,66,205,72.83333333333333,-0.9779131412506104,1.0352466894373575
UBFC_PHYS_s04_T3_test,66,206,72.86666666666666,-0.5479906797409058,0.787031554553828
UBFC_PHYS_s04_T3_test,66,207,72.9,0.10184816271066666,0.4517475017397297
UBFC_PHYS_s04_T3_test,66,208,72.93333333333334,0.7098923921585083,0.06670591819428807
UBFC_PHYS_s04_T3_test,66,209,72.96666666666667,1.1665832996368408,-0.3280121046733674
UBFC_PHYS_s04_T3_test,66,210,73.0,1.4757797718048096,-0.693619233173909
UBFC_PHYS_s04_T3_test,66,211,73.03333333333333,1.6005010604858398,-0.9955697536495308
UBFC_PHYS_s04_T3_test,66,212,73.06666666666666,1.5250388383865356,-1.2057011151846029
UBFC_PHYS_s04_T3_test,66,213,73.1,1.316046118736267,-1.3041069023283227
UBFC_PHYS_s04_T3_test,66,214,73.13333333333334,1.0417742729187012,-1.281093286948672
UBFC_PHYS_s04_T3_test,66,215,73.16666666666667,0.6739932298660278,-1.1390375860898392
UBFC_PHYS_s04_T3_test,66,216,73.2,0.15949727594852448,-0.8933636846687458
UBFC_PHYS_s04_T3_test,66,217,73.23333333333333,-0.45299047231674194,-0.5716306565175353
UBFC_PHYS_s04_T3_test,66,218,73.26666666666667,-1.0481815338134766,-0.21017467963982717
UBFC_PHYS_s04_T3_test,66,219,73.3,-1.5438411235809326,0.15135835258194477
UBFC_PHYS_s04_T3_test,66,220,73.33333333333333,-1.8788998126983643,0.4763631315141734
UBFC_PHYS_s04_T3_test,66,221,73.36666666666666,-2.0189201831817627,0.7367982148805923
UBFC_PHYS_s04_T3_test,66,222,73.4,-2.0256147384643555,0.9163332042598082
UBFC_PHYS_s04_T3_test,66,223,73.43333333333334,-2.012673854827881,1.0103982816591077
UBFC_PHYS_s04_T3_test,66,224,73.46666666666667,-2.024474620819092,1.0236038219089292
UBFC_PHYS_s04_T3_test,66,225,73.5,-1.9964685440063477,0.9659023048232125
UBFC_PHYS_s04_T3_test,66,226,73.53333333333333,-1.7894541025161743,0.8490063928660093
UBFC_PHYS_s04_T3_test,66,227,73.56666666666666,-1.296328067779541,0.6840977372536089
UBFC_PHYS_s04_T3_test,66,228,73.6,-0.5462074279785156,0.48119356163091753
UBFC_PHYS_s04_T3_test,66,229,73.63333333333334,0.25548169016838074,0.24999380407666305
UBFC_PHYS_s04_T3_test,66,230,73.66666666666667,0.8560712933540344,0.001696112691973008
UBFC_PHYS_s04_T3_test,66,231,73.7,1.1528921127319336,-0.24899646117651922
UBFC_PHYS_s04_T3_test,66,232,73.73333333333333,1.2371731996536255,-0.48270803846151844
UBFC_PHYS_s04_T3_test,66,233,73.76666666666667,1.263756513595581,-0.6761066746162403
UBFC_PHYS_s04_T3_test,66,234,73.8,1.3417719602584839,-0.8050383758969092
UBFC_PHYS_s04_T3_test,66,235,73.83333333333333,1.4819189310073853,-0.8495963685597854
UBFC_PHYS_s04_T3_test,66,236,73.86666666666666,1.5790044069290161,-0.7995389374158214
UBFC_PHYS_s04_T3_test,66,237,73.9,1.5530740022659302,-0.6580342745000964
UBFC_PHYS_s04_T3_test,66,238,73.93333333333334,1.5498095750808716,-0.44236280751598406
UBFC_PHYS_s04_T3_test,66,239,73.96666666666667,1.7752803564071655,-0.18143835320330412
UBFC_PHYS_s04_T3_test,67,0,67.0,-0.40176305174827576,-0.05438975822193162
UBFC_PHYS_s04_T3_test,67,1,67.03333333333333,-0.10040123015642166,-0.11772965598722412
UBFC_PHYS_s04_T3_test,67,2,67.06666666666666,0.08696814626455307,-0.17576646318487507
UBFC_PHYS_s04_T3_test,67,3,67.1,0.1914498656988144,-0.22338175737247973
UBFC_PHYS_s04_T3_test,67,4,67.13333333333334,0.25856098532676697,-0.25865379491417706
UBFC_PHYS_s04_T3_test,67,5,67.16666666666667,0.29843592643737793,-0.2838946103355885
UBFC_PHYS_s04_T3_test,67,6,67.2,0.2789759635925293,-0.30562376069774577
UBFC_PHYS_s04_T3_test,67,7,67.23333333333333,0.14906080067157745,-0.33334470643059555
UBFC_PHYS_s04_T3_test,67,8,67.26666666666667,-0.10045969486236572,-0.37738589583908344
UBFC_PHYS_s04_T3_test,67,9,67.3,-0.37849292159080505,-0.44623351414089657
UBFC_PHYS_s04_T3_test,67,10,67.33333333333333,-0.5819408893585205,-0.5436678504970702
UBFC_PHYS_s04_T3_test,67,11,67.36666666666666,-0.7076756358146667,-0.6659565660365733
UBFC_PHYS_s04_T3_test,67,12,67.4,-0.8330497741699219,-0.7996318499442517
UBFC_PHYS_s04_T3_test,67,13,67.43333333333334,-1.0318788290023804,-0.9207836930433027
UBFC_PHYS_s04_T3_test,67,14,67.46666666666667,-1.3115588426589966,-0.9969503868294106
UBFC_PHYS_s04_T3_test,67,15,67.5,-1.6037120819091797,-0.992383233789482
UBFC_PHYS_s04_T3_test,67,16,67.53333333333333,-1.789853572845459,-0.8766063667795845
UBFC_PHYS_s04_T3_test,67,17,67.56666666666666,-1.7569265365600586,-0.6346887369757366
UBFC_PHYS_s04_T3_test,67,18,67.6,-1.473416805267334,-0.2759211067339346
UBFC_PHYS_s04_T3_test,67,19,67.63333333333334,-1.047635793685913,0.16309607600675388
UBFC_PHYS_s04_T3_test,67,20,67.66666666666667,-0.6396777033805847,0.623605143668661
UBFC_PHYS_s04_T3_test,67,21,67.7,-0.3324204087257385,1.0377132709392567
UBFC_PHYS_s04_T3_test,67,22,67.73333333333333,-0.11668447405099869,1.3455227113100623
UBFC_PHYS_s04_T3_test,67,23,67.76666666666667,0.05631159991025925,1.510410445214242
UBFC_PHYS_s04_T3_test,67,24,67.8,0.21387220919132233,1.5267174280543439
UBFC_PHYS_s04_T3_test,67,25,67.83333333333333,0.33999669551849365,1.4170731914720367
UBFC_PHYS_s04_T3_test,67,26,67.86666666666666,0.42373213171958923,1.2211553117282998
UBFC_PHYS_s04_T3_test,67,27,67.9,0.4747549295425415,0.9811492065911814
UBFC_PHYS_s04_T3_test,67,28,67.93333333333334,0.498453825712204,0.7295235293077066
UBFC_PHYS_s04_T3_test,67,29,67.96666666666667,0.5076526999473572,0.482701813677166
UBFC_PHYS_s04_T3_test,67,30,68.0,0.5134020447731018,0.24160660554719376
UBFC_PHYS_s04_T3_test,67,31,68.03333333333333,0.49613460898399353,-0.002182598620015269
UBFC_PHYS_s04_T3_test,67,32,68.06666666666666,0.44414710998535156,-0.25743814810690324
UBFC_PHYS_s04_T3_test,67,33,68.1,0.3736935555934906,-0.5247381652460825
UBFC_PHYS_s04_T3_test,67,34,68.13333333333334,0.2918583154678345,-0.7910789763469653
UBFC_PHYS_s04_T3_test,67,35,68.16666666666667,0.18763971328735352,-1.0291785550959813
UBFC_PHYS_s04_T3_test,67,36,68.2,0.05586334690451622,-1.2017474515829893
UBFC_PHYS_s04_T3_test,67,37,68.23333333333333,-0.08976985514163971,-1.2699416628298261
UBFC_PHYS_s04_T3_test,67,38,68.26666666666667,-0.24597597122192383,-1.2043098530446
UBFC_PHYS_s04_T3_test,67,39,68.3,-0.4466954469680786,-0.9955781035979456
UBFC_PHYS_s04_T3_test,67,40,68.33333333333333,-0.6545382738113403,-0.6617416983371096
UBFC_PHYS_s04_T3_test,67,41,68.36666666666666,-0.6930391788482666,-0.24808177445950738
UBFC_PHYS_s04_T3_test,67,42,68.4,-0.46639904379844666,0.181371241671724
UBFC_PHYS_s04_T3_test,67,43,68.43333333333334,-0.12401241809129715,0.5591816647775272
UBFC_PHYS_s04_T3_test,67,44,68.46666666666667,0.1601599156856537,0.8317497143455505
UBFC_PHYS_s04_T3_test,67,45,68.5,0.3824344873428345,0.9721714107647652
UBFC_PHYS_s04_T3_test,67,46,68.53333333333333,0.5755531787872314,0.9839126344072903
UBFC_PHYS_s04_T3_test,67,47,68.56666666666666,0.7042112946510315,0.8942686968720261
UBFC_PHYS_s04_T3_test,67,48,68.6,0.755984365940094,0.7409035266068216
UBFC_PHYS_s04_T3_test,67,49,68.63333333333334,0.7715757489204407,0.5574145952632567
UBFC_PHYS_s04_T3_test,67,50,68.66666666666667,0.7878590226173401,0.3635251237462943
UBFC_PHYS_s04_T3_test,67,51,68.7,0.8149782419204712,0.16279849890795428
UBFC_PHYS_s04_T3_test,67,52,68.73333333333333,0.8445141911506653,-0.0525860736129055
UBFC_PHYS_s04_T3_test,67,53,68.76666666666667,0.8443387746810913,-0.2928553436784576
UBFC_PHYS_s04_T3_test,67,54,68.8,0.7850135564804077,-0.5610071978961805
UBFC_PHYS_s04_T3_test,67,55,68.83333333333333,0.7023987770080566,-0.8455421114561499
UBFC_PHYS_s04_T3_test,67,56,68.86666666666666,0.6696081757545471,-1.1176901159660717
UBFC_PHYS_s04_T3_test,67,57,68.9,0.6769945621490479,-1.3342277031943575
UBFC_PHYS_s04_T3_test,67,58,68.93333333333334,0.5926744341850281,-1.445707731342182
UBFC_PHYS_s04_T3_test,67,59,68.96666666666667,0.3039221465587616,-1.4084807575050897
UBFC_PHYS_s04_T3_test,67,60,69.0,-0.12521100044250488,-1.1975657261013821
UBFC_PHYS_s04_T3_test,67,61,69.03333333333333,-0.5193902254104614,-0.8167307598654611
UBFC_PHYS_s04_T3_test,67,62,69.06666666666666,-0.8252735733985901,-0.30246785942593585
UBFC_PHYS_s04_T3_test,67,63,69.1,-1.111268162727356,0.28014641076088515
UBFC_PHYS_s04_T3_test,67,64,69.13333333333334,-1.359287977218628,0.8496484376062535
UBFC_PHYS_s04_T3_test,67,65,69.16666666666667,-1.4042885303497314,1.3257703563639487
UBFC_PHYS_s04_T3_test,67,66,69.2,-1.1380170583724976,1.6472885501555825
UBFC_PHYS_s04_T3_test,67,67,69.23333333333333,-0.6830412149429321,1.7843158060183784
UBFC_PHYS_s04_T3_test,67,68,69.26666666666667,-0.27830857038497925,1.7411996387731175
UBFC_PHYS_s04_T3_test,67,69,69.3,-0.020378485321998596,1.549820129709048
UBFC_PHYS_s04_T3_test,67,70,69.33333333333333,0.15314379334449768,1.2564957611771177
UBFC_PHYS_s04_T3_test,67,71,69.36666666666666,0.2828153371810913,0.907630206727066
UBFC_PHYS_s04_T3_test,67,72,69.4,0.356153279542923,0.5391122653836641
UBFC_PHYS_s04_T3_test,67,73,69.43333333333334,0.37860485911369324,0.17240088971177622
UBFC_PHYS_s04_T3_test,67,74,69.46666666666667,0.3761979341506958,-0.18290356982736083
UBFC_PHYS_s04_T3_test,67,75,69.5,0.35787805914878845,-0.5226770170583513
UBFC_PHYS_s04_T3_test,67,76,69.53333333333333,0.31016844511032104,-0.8413697320431422
UBFC_PHYS_s04_T3_test,67,77,69.56666666666666,0.21713665127754211,-1.1270261457079127
UBFC_PHYS_s04_T3_test,67,78,69.6,0.07390062510967255,-1.3594294727147649
UBFC_PHYS_s04_T3_test,67,79,69.63333333333334,-0.11251378059387207,-1.5116050567233514
UBFC_PHYS_s04_T3_test,67,80,69.66666666666667,-0.3154745399951935,-1.5543606872297304
UBFC_PHYS_s04_T3_test,67,81,69.7,-0.48294541239738464,-1.4631956636847299
UBFC_PHYS_s04_T3_test,67,82,69.73333333333333,-0.5899119973182678,-1.2264362745519402
UBFC_PHYS_s04_T3_test,67,83,69.76666666666667,-0.6875627636909485,-0.8526490577036591
UBFC_PHYS_s04_T3_test,67,84,69.8,-0.830155611038208,-0.3745702704835369
UBFC_PHYS_s04_T3_test,67,85,69.83333333333333,-0.9944790005683899,0.1530293937091484
UBFC_PHYS_s04_T3_test,67,86,69.86666666666666,-1.1102644205093384,0.66233033362133
UBFC_PHYS_s04_T3_test,67,87,69.9,-1.0996330976486206,1.086400946378993
UBFC_PHYS_s04_T3_test,67,88,69.93333333333334,-0.9250388741493225,1.3739570007529107
UBFC_PHYS_s04_T3_test,67,89,69.96666666666667,-0.6582801938056946,1.5000360281535114
UBFC_PHYS_s04_T3_test,67,90,70.0,-0.4274888336658478,1.4688277496363806
UBFC_PHYS_s04_T3_test,67,91,70.03333333333333,-0.28344398736953735,1.3078608124894016
UBFC_PHYS_s04_T3_test,67,92,70.06666666666666,-0.19980600476264954,1.05642144565772
UBFC_PHYS_s04_T3_test,67,93,70.1,-0.17569783329963684,0.7533243441007689
UBFC_PHYS_s04_T3_test,67,94,70.13333333333334,-0.20791351795196533,0.4285556093660564
UBFC_PHYS_s04_T3_test,67,95,70.16666666666667,-0.2561298608779907,0.10073642375319893
UBFC_PHYS_s04_T3_test,67,96,70.2,-0.27442046999931335,-0.22034264436615764
UBFC_PHYS_s04_T3_test,67,97,70.23333333333333,-0.23382443189620972,-0.5284903236950241
UBFC_PHYS_s04_T3_test,67,98,70.26666666666667,-0.13750870525836945,-0.81578050194024
UBFC_PHYS_s04_T3_test,67,99,70.3,-0.04224539175629616,-1.0689586790848487
UBFC_PHYS_s04_T3_test,67,100,70.33333333333333,-0.01080927811563015,-1.2684310579873503
UBFC_PHYS_s04_T3_test,67,101,70.36666666666666,-0.061490997672080994,-1.3899248766828016
UBFC_PHYS_s04_T3_test,67,102,70.4,-0.16751235723495483,-1.4085190161285415
UBFC_PHYS_s04_T3_test,67,103,70.43333333333334,-0.2742840647697449,-1.304472759878206
UBFC_PHYS_s04_T3_test,67,104,70.46666666666667,-0.35785382986068726,-1.0698256787603513
UBFC_PHYS_s04_T3_test,67,105,70.5,-0.4593537151813507,-0.7140648717562902
UBFC_PHYS_s04_T3_test,67,106,70.53333333333333,-0.5859459638595581,-0.26664540347868104
UBFC_PHYS_s04_T3_test,67,107,70.56666666666666,-0.6108531355857849,0.2254266017180768
UBFC_PHYS_s04_T3_test,67,108,70.6,-0.4129888415336609,0.705065752844822
UBFC_PHYS_s04_T3_test,67,109,70.63333333333334,-0.054046113044023514,1.1156651926536303
UBFC_PHYS_s04_T3_test,67,110,70.66666666666667,0.28922727704048157,1.4114856494637038
UBFC_PHYS_s04_T3_test,67,111,70.7,0.5199504494667053,1.5647962307139183
UBFC_PHYS_s04_T3_test,67,112,70.73333333333333,0.6426448225975037,1.568174711908065
UBFC_PHYS_s04_T3_test,67,113,70.76666666666667,0.6779202818870544,1.432221174967941
UBFC_PHYS_s04_T3_test,67,114,70.8,0.674100399017334,1.1802090047195402
UBFC_PHYS_s04_T3_test,67,115,70.83333333333333,0.6841763257980347,0.8417418634346733
UBFC_PHYS_s04_T3_test,67,116,70.86666666666666,0.6920987367630005,0.4474688449813341
UBFC_PHYS_s04_T3_test,67,117,70.9,0.6591911911964417,0.026255060689732105
UBFC_PHYS_s04_T3_test,67,118,70.93333333333334,0.591972827911377,-0.39501880033617687
UBFC_PHYS_s04_T3_test,67,119,70.96666666666667,0.5039887428283691,-0.7900425680098958
UBFC_PHYS_s04_T3_test,67,120,71.0,0.371179461479187,-1.1315898223254917
UBFC_PHYS_s04_T3_test,67,121,71.03333333333333,0.16927112638950348,-1.3912442919997179
UBFC_PHYS_s04_T3_test,67,122,71.06666666666666,-0.062192607671022415,-1.5409238782820642
UBFC_PHYS_s04_T3_test,67,123,71.1,-0.2718479037284851,-1.556229182429363
UBFC_PHYS_s04_T3_test,67,124,71.13333333333334,-0.47183653712272644,-1.421436265466479
UBFC_PHYS_s04_T3_test,67,125,71.16666666666667,-0.6966837048530579,-1.1354722415310898
UBFC_PHYS_s04_T3_test,67,126,71.2,-0.9301937818527222,-0.7171287948451522
UBFC_PHYS_s04_T3_test,67,127,71.23333333333333,-1.1316733360290527,-0.20704655972534136
UBFC_PHYS_s04_T3_test,67,128,71.26666666666667,-1.2472541332244873,0.3353992161307
UBFC_PHYS_s04_T3_test,67,129,71.3,-1.245743751525879,0.8406521174888587
UBFC_PHYS_s04_T3_test,67,130,71.33333333333333,-1.182403802871704,1.2416410701088472
UBFC_PHYS_s04_T3_test,67,131,71.36666666666666,-1.0379204750061035,1.4875798610865372
UBFC_PHYS_s04_T3_test,67,132,71.4,-0.6245540976524353,1.5546194386317236
UBFC_PHYS_s04_T3_test,67,133,71.43333333333334,0.09524131566286087,1.4493847106944187
UBFC_PHYS_s04_T3_test,67,134,71.46666666666667,0.8169174194335938,1.2040160058122313
UBFC_PHYS_s04_T3_test,67,135,71.5,1.2338697910308838,0.8648865911655346
UBFC_PHYS_s04_T3_test,67,136,71.53333333333333,1.336461067199707,0.4796655632387841
UBFC_PHYS_s04_T3_test,67,137,71.56666666666666,1.3083089590072632,0.08766338676297243
UBFC_PHYS_s04_T3_test,67,138,71.6,1.2604726552963257,-0.2835900775200397
UBFC_PHYS_s04_T3_test,67,139,71.63333333333334,1.1856924295425415,-0.6157484923063744
UBFC_PHYS_s04_T3_test,67,140,71.66666666666667,1.045896291732788,-0.8939886144022321
UBFC_PHYS_s04_T3_test,67,141,71.7,0.8673068284988403,-1.102174841520824
UBFC_PHYS_s04_T3_test,67,142,71.73333333333333,0.6898185014724731,-1.2215321447767702
UBFC_PHYS_s04_T3_test,67,143,71.76666666666667,0.48848506808280945,-1.2333902826373382
UBFC_PHYS_s04_T3_test,67,144,71.8,0.2329326719045639,-1.1249060489567049
UBFC_PHYS_s04_T3_test,67,145,71.83333333333333,-0.04579243063926697,-0.8956472018888586
UBFC_PHYS_s04_T3_test,67,146,71.86666666666666,-0.306139200925827,-0.5623602516085979
UBFC_PHYS_s04_T3_test,67,147,71.9,-0.5400098562240601,-0.15961382335717372
UBFC_PHYS_s04_T3_test,67,148,71.93333333333334,-0.7642625570297241,0.26447151696656446
UBFC_PHYS_s04_T3_test,67,149,71.96666666666667,-0.9809339642524719,0.6564265228158581
UBFC_PHYS_s04_T3_test,67,150,72.0,-1.114337682723999,0.9674919797102728
UBFC_PHYS_s04_T3_test,67,151,72.03333333333333,-1.0206140279769897,1.1628988357488765
UBFC_PHYS_s04_T3_test,67,152,72.06666666666666,-0.6793187856674194,1.2275324634597318
UBFC_PHYS_s04_T3_test,67,153,72.1,-0.2472037822008133,1.1660112556048605
UBFC_PHYS_s04_T3_test,67,154,72.13333333333334,0.11023827642202377,0.9974752421315319
UBFC_PHYS_s04_T3_test,67,155,72.16666666666667,0.36781755089759827,0.7477672499186291
UBFC_PHYS_s04_T3_test,67,156,72.2,0.5570481419563293,0.4426077241412141
UBFC_PHYS_s04_T3_test,67,157,72.23333333333333,0.6611108779907227,0.10435744229291402
UBFC_PHYS_s04_T3_test,67,158,72.26666666666667,0.6572617292404175,-0.24727901854081585
UBFC_PHYS_s04_T3_test,67,159,72.3,0.5542124509811401,-0.5922701951140458
UBFC_PHYS_s04_T3_test,67,160,72.33333333333333,0.35588040947914124,-0.9073230722072049
UBFC_PHYS_s04_T3_test,67,161,72.36666666666666,0.08985254913568497,-1.1648196595766631
UBFC_PHYS_s04_T3_test,67,162,72.4,-0.15780672430992126,-1.3345232641789773
UBFC_PHYS_s04_T3_test,67,163,72.43333333333334,-0.3422040045261383,-1.3880480894915377
UBFC_PHYS_s04_T3_test,67,164,72.46666666666667,-0.5251980423927307,-1.3052932022720432
UBFC_PHYS_s04_T3_test,67,165,72.5,-0.751691997051239,-1.0812613220579292
UBFC_PHYS_s04_T3_test,67,166,72.53333333333333,-0.9522361159324646,-0.731011438968383
UBFC_PHYS_s04_T3_test,67,167,72.56666666666666,-1.07514488697052,-0.29050602532650754
UBFC_PHYS_s04_T3_test,67,168,72.6,-1.176430344581604,0.18781057914038807
UBFC_PHYS_s04_T3_test,67,169,72.63333333333334,-1.2935800552368164,0.6441877387841378
UBFC_PHYS_s04_T3_test,67,170,72.66666666666667,-1.3531781435012817,1.0233839673101837
UBFC_PHYS_s04_T3_test,67,171,72.7,-1.273749828338623,1.2857174069108483
UBFC_PHYS_s04_T3_test,67,172,72.73333333333333,-1.1103911399841309,1.413404721914322
UBFC_PHYS_s04_T3_test,67,173,72.76666666666667,-1.0332040786743164,1.4096087373032025
UBFC_PHYS_s04_T3_test,67,174,72.8,-1.070603847503662,1.291067023287026
UBFC_PHYS_s04_T3_test,67,175,72.83333333333333,-0.9779131412506104,1.0785051914710342
UBFC_PHYS_s04_T3_test,67,176,72.86666666666666,-0.5479906797409058,0.7898539518860098
UBFC_PHYS_s04_T3_test,67,177,72.9,0.10184816271066666,0.43930888505878657
UBFC_PHYS_s04_T3_test,67,178,72.93333333333334,0.7098923921585083,0.041850311918351674
UBFC_PHYS_s04_T3_test,67,179,72.96666666666667,1.1665832996368408,-0.38007379808471947
UBFC_PHYS_s04_T3_test,67,180,73.0,1.4757797718048096,-0.7919418387753265
UBFC_PHYS_s04_T3_test,67,181,73.03333333333333,1.6005010604858398,-1.1477362403089912
UBFC_PHYS_s04_T3_test,67,182,73.06666666666666,1.5250388383865356,-1.3964768235081413
UBFC_PHYS_s04_T3_test,67,183,73.1,1.316046118736267,-1.4931323876355622
UBFC_PHYS_s04_T3_test,67,184,73.13333333333334,1.0417742729187012,-1.4108311158732392
UBFC_PHYS_s04_T3_test,67,185,73.16666666666667,0.6739932298660278,-1.1507127531259789
UBFC_PHYS_s04_T3_test,67,186,73.2,0.15949727594852448,-0.7459556858336353
UBFC_PHYS_s04_T3_test,67,187,73.23333333333333,-0.45299047231674194,-0.2576446204805992
UBFC_PHYS_s04_T3_test,67,188,73.26666666666667,-1.0481815338134766,0.23764399626740285
UBFC_PHYS_s04_T3_test,67,189,73.3,-1.5438411235809326,0.665735836252072
UBFC_PHYS_s04_T3_test,67,190,73.33333333333333,-1.8788998126983643,0.9727901307364227
UBFC_PHYS_s04_T3_test,67,191,73.36666666666666,-2.0189201831817627,1.1369848863071588
UBFC_PHYS_s04_T3_test,67,192,73.4,-2.0256147384643555,1.1695951164424825
UBFC_PHYS_s04_T3_test,67,193,73.43333333333334,-2.012673854827881,1.1052440485851835
UBFC_PHYS_s04_T3_test,67,194,73.46666666666667,-2.024474620819092,0.9856477487808036
UBFC_PHYS_s04_T3_test,67,195,73.5,-1.9964685440063477,0.8436945027537619
UBFC_PHYS_s04_T3_test,67,196,73.53333333333333,-1.7894541025161743,0.6938132312257452
UBFC_PHYS_s04_T3_test,67,197,73.56666666666666,-1.296328067779541,0.5312473228911846
UBFC_PHYS_s04_T3_test,67,198,73.6,-0.5462074279785156,0.3391143155769324
UBFC_PHYS_s04_T3_test,67,199,73.63333333333334,0.25548169016838074,0.0995973131947544
UBFC_PHYS_s04_T3_test,67,200,73.66666666666667,0.8560712933540344,-0.19505165209352654
UBFC_PHYS_s04_T3_test,67,201,73.7,1.1528921127319336,-0.5351902087443655
UBFC_PHYS_s04_T3_test,67,202,73.73333333333333,1.2371731996536255,-0.8921087316793515
UBFC_PHYS_s04_T3_test,67,203,73.76666666666667,1.263756513595581,-1.222240482978883
UBFC_PHYS_s04_T3_test,67,204,73.8,1.3417719602584839,-1.4759155914603785
UBFC_PHYS_s04_T3_test,67,205,73.83333333333333,1.4819189310073853,-1.608200677952197
UBFC_PHYS_s04_T3_test,67,206,73.86666666666666,1.5790044069290161,-1.5889899777398735
UBFC_PHYS_s04_T3_test,67,207,73.9,1.5530740022659302,-1.4099756026882417
UBFC_PHYS_s04_T3_test,67,208,73.93333333333334,1.5498095750808716,-1.0872012848576467
UBFC_PHYS_s04_T3_test,67,209,73.96666666666667,1.7752803564071655,-0.6589682078230797
UBFC_PHYS_s04_T3_test,67,210,74.0,2.098752737045288,-0.17949162734414512
UBFC_PHYS_s04_T3_test,67,211,74.03333333333333,2.110485315322876,0.29081834048257643
UBFC_PHYS_s04_T3_test,67,212,74.06666666666666,1.6794323921203613,0.6968343276647803
UBFC_PHYS_s04_T3_test,67,213,74.1,1.021661400794983,0.9993595243261534
UBFC_PHYS_s04_T3_test,67,214,74.13333333333334,0.34630146622657776,1.181766869999335
UBFC_PHYS_s04_T3_test,67,215,74.16666666666667,-0.2589070498943329,1.2502225264100382
UBFC_PHYS_s04_T3_test,67,216,74.2,-0.6164270639419556,1.227471789523744
UBFC_PHYS_s04_T3_test,67,217,74.23333333333333,-0.4816201329231262,1.1428087397179172
UBFC_PHYS_s04_T3_test,67,218,74.26666666666667,0.0856623649597168,1.022146806359739
UBFC_PHYS_s04_T3_test,67,219,74.3,0.6471176147460938,0.8816640154421007
UBFC_PHYS_s04_T3_test,67,220,74.33333333333333,0.9323228597640991,0.726787812660218
UBFC_PHYS_s04_T3_test,67,221,74.36666666666666,1.0761046409606934,0.5560417022494243
UBFC_PHYS_s04_T3_test,67,222,74.4,1.2638344764709473,0.3673572378913897
UBFC_PHYS_s04_T3_test,67,223,74.43333333333334,1.436070442199707,0.16370961485166358
UBFC_PHYS_s04_T3_test,67,224,74.46666666666667,1.427738904953003,-0.04431666393974419
UBFC_PHYS_s04_T3_test,67,225,74.5,1.2134062051773071,-0.23976520020560058
UBFC_PHYS_s04_T3_test,67,226,74.53333333333333,0.9220130443572998,-0.40344163544437384
UBFC_PHYS_s04_T3_test,67,227,74.56666666666666,0.6693645119667053,-0.5190717556432335
UBFC_PHYS_s04_T3_test,67,228,74.6,0.45832550525665283,-0.5775473205366541
UBFC_PHYS_s04_T3_test,67,229,74.63333333333334,0.24709159135818481,-0.5789693008585235
UBFC_PHYS_s04_T3_test,67,230,74.66666666666667,0.0217377208173275,-0.5321471278894466
UBFC_PHYS_s04_T3_test,67,231,74.7,-0.20569173991680145,-0.45207620218359185
UBFC_PHYS_s04_T3_test,67,232,74.73333333333333,-0.4194105565547943,-0.3564253829537821
UBFC_PHYS_s04_T3_test,67,233,74.76666666666667,-0.6128702759742737,-0.26211526022794623
UBFC_PHYS_s04_T3_test,67,234,74.8,-0.8306525945663452,-0.18273536326851925
UBFC_PHYS_s04_T3_test,67,235,74.83333333333333,-1.1301239728927612,-0.127074258324363
UBFC_PHYS_s04_T3_test,67,236,74.86666666666666,-1.4000399112701416,-0.0986640758931808
UBFC_PHYS_s04_T3_test,67,237,74.9,-1.3669179677963257,-0.09607561321254895
UBFC_PHYS_s04_T3_test,67,238,74.93333333333334,-0.9380479454994202,-0.11371705318848044
UBFC_PHYS_s04_T3_test,67,239,74.96666666666667,-0.33918315172195435,-0.1429897514466904
UBFC_PHYS_s04_T3_test,68,0,68.0,0.5134020447731018,0.05256127527439007
UBFC_PHYS_s04_T3_test,68,1,68.03333333333333,0.49613460898399353,-0.19708809413132736
UBFC_PHYS_s04_T3_test,68,2,68.06666666666666,0.44414710998535156,-0.4232697847310479
UBFC_PHYS_s04_T3_test,68,3,68.1,0.3736935555934906,-0.6022994746455821
UBFC_PHYS_s04_T3_test,68,4,68.13333333333334,0.2918583154678345,-0.7111812807988512
UBFC_PHYS_s04_T3_test,68,5,68.16666666666667,0.18763971328735352,-0.7302317744166095
UBFC_PHYS_s04_T3_test,68,6,68.2,0.05586334690451622,-0.6469879036423967
UBFC_PHYS_s04_T3_test,68,7,68.23333333333333,-0.08976985514163971,-0.4607495647020829
UBFC_PHYS_s04_T3_test,68,8,68.26666666666667,-0.24597597122192383,-0.18646481316288988
UBFC_PHYS_s04_T3_test,68,9,68.3,-0.4466954469680786,0.14399738179297827
UBFC_PHYS_s04_T3_test,68,10,68.33333333333333,-0.6545382738113403,0.48499572515163264
UBFC_PHYS_s04_T3_test,68,11,68.36666666666666,-0.6930391788482666,0.7850883304434114
UBFC_PHYS_s04_T3_test,68,12,68.4,-0.46639904379844666,0.9979621767043697
UBFC_PHYS_s04_T3_test,68,13,68.43333333333334,-0.12401241809129715,1.0927402612229005
UBFC_PHYS_s04_T3_test,68,14,68.46666666666667,0.1601599156856537,1.0601553153532468
UBFC_PHYS_s04_T3_test,68,15,68.5,0.3824344873428345,0.9128154429851939
UBFC_PHYS_s04_T3_test,68,16,68.53333333333333,0.5755531787872314,0.68013649433059
UBFC_PHYS_s04_T3_test,68,17,68.56666666666666,0.7042112946510315,0.40020110452090163
UBFC_PHYS_s04_T3_test,68,18,68.6,0.755984365940094,0.1111181028479166
UBFC_PHYS_s04_T3_test,68,19,68.63333333333334,0.7715757489204407,-0.15617685158409014
UBFC_PHYS_s04_T3_test,68,20,68.66666666666667,0.7878590226173401,-0.3825274290156306
UBFC_PHYS_s04_T3_test,68,21,68.7,0.8149782419204712,-0.5620550568209784
UBFC_PHYS_s04_T3_test,68,22,68.73333333333333,0.8445141911506653,-0.7005436337048704
UBFC_PHYS_s04_T3_test,68,23,68.76666666666667,0.8443387746810913,-0.8111171175633662
UBFC_PHYS_s04_T3_test,68,24,68.8,0.7850135564804077,-0.9079914313092706
UBFC_PHYS_s04_T3_test,68,25,68.83333333333333,0.7023987770080566,-0.9995137408154098
UBFC_PHYS_s04_T3_test,68,26,68.86666666666666,0.6696081757545471,-1.0821863278830437
UBFC_PHYS_s04_T3_test,68,27,68.9,0.6769945621490479,-1.1377223579941749
UBFC_PHYS_s04_T3_test,68,28,68.93333333333334,0.5926744341850281,-1.1350280037024183
UBFC_PHYS_s04_T3_test,68,29,68.96666666666667,0.3039221465587616,-1.0379183286044016
UBFC_PHYS_s04_T3_test,68,30,69.0,-0.12521100044250488,-0.8173212106832661
UBFC_PHYS_s04_T3_test,68,31,69.03333333333333,-0.5193902254104614,-0.4644268389051589
UBFC_PHYS_s04_T3_test,68,32,69.06666666666666,-0.8252735733985901,0.00012920663924270107
UBFC_PHYS_s04_T3_test,68,33,69.1,-1.111268162727356,0.5253104991851485
UBFC_PHYS_s04_T3_test,68,34,69.13333333333334,-1.359287977218628,1.0383722214944098
UBFC_PHYS_s04_T3_test,68,35,69.16666666666667,-1.4042885303497314,1.4609325384674252
UBFC_PHYS_s04_T3_test,68,36,69.2,-1.1380170583724976,1.727416149739142
UBFC_PHYS_s04_T3_test,68,37,69.23333333333333,-0.6830412149429321,1.800132070642399
UBFC_PHYS_s04_T3_test,68,38,69.26666666666667,-0.27830857038497925,1.6766354929994542
UBFC_PHYS_s04_T3_test,68,39,69.3,-0.020378485321998596,1.3877699951387477
UBFC_PHYS_s04_T3_test,68,40,69.33333333333333,0.15314379334449768,0.9877545597911517
UBFC_PHYS_s04_T3_test,68,41,69.36666666666666,0.2828153371810913,0.5398899404503799
UBFC_PHYS_s04_T3_test,68,42,69.4,0.356153279542923,0.10230074561865664
UBFC_PHYS_s04_T3_test,68,43,69.43333333333334,0.37860485911369324,-0.2825362401757947
UBFC_PHYS_s04_T3_test,68,44,69.46666666666667,0.3761979341506958,-0.592481858545756
UBFC_PHYS_s04_T3_test,68,45,69.5,0.35787805914878845,-0.8245446895795521
UBFC_PHYS_s04_T3_test,68,46,69.53333333333333,0.31016844511032104,-0.98901601682947
UBFC_PHYS_s04_T3_test,68,47,69.56666666666666,0.21713665127754211,-1.100909011139928
UBFC_PHYS_s04_T3_test,68,48,69.6,0.07390062510967255,-1.171204356253346
UBFC_PHYS_s04_T3_test,68,49,69.63333333333334,-0.11251378059387207,-1.2005091869843263
UBFC_PHYS_s04_T3_test,68,50,69.66666666666667,-0.3154745399951935,-1.1771586184162532
UBFC_PHYS_s04_T3_test,68,51,69.7,-0.48294541239738464,-1.0806190843871006
UBFC_PHYS_s04_T3_test,68,52,69.73333333333333,-0.5899119973182678,-0.8895610381931546
UBFC_PHYS_s04_T3_test,68,53,69.76666666666667,-0.6875627636909485,-0.5924097577184143
UBFC_PHYS_s04_T3_test,68,54,69.8,-0.830155611038208,-0.19695874783060074
UBFC_PHYS_s04_T3_test,68,55,69.83333333333333,-0.9944790005683899,0.2646215721922267
UBFC_PHYS_s04_T3_test,68,56,69.86666666666666,-1.1102644205093384,0.7379268073488459
UBFC_PHYS_s04_T3_test,68,57,69.9,-1.0996330976486206,1.1559711016328582
UBFC_PHYS_s04_T3_test,68,58,69.93333333333334,-0.9250388741493225,1.4541525010262075
UBFC_PHYS_s04_T3_test,68,59,69.96666666666667,-0.6582801938056946,1.5861221380438804
UBFC_PHYS_s04_T3_test,68,60,70.0,-0.4274888336658478,1.53515195034036
UBFC_PHYS_s04_T3_test,68,61,70.03333333333333,-0.28344398736953735,1.3168798761650478
UBFC_PHYS_s04_T3_test,68,62,70.06666666666666,-0.19980600476264954,0.9728547136675646
UBFC_PHYS_s04_T3_test,68,63,70.1,-0.17569783329963684,0.5580345168368367
UBFC_PHYS_s04_T3_test,68,64,70.13333333333334,-0.20791351795196533,0.1271302136044307
UBFC_PHYS_s04_T3_test,68,65,70.16666666666667,-0.2561298608779907,-0.2758901499333184
UBFC_PHYS_s04_T3_test,68,66,70.2,-0.27442046999931335,-0.62278699881338
UBFC_PHYS_s04_T3_test,68,67,70.23333333333333,-0.23382443189620972,-0.9003762857158586
UBFC_PHYS_s04_T3_test,68,68,70.26666666666667,-0.13750870525836945,-1.105666825588114
UBFC_PHYS_s04_T3_test,68,69,70.3,-0.04224539175629616,-1.2391755585899387
UBFC_PHYS_s04_T3_test,68,70,70.33333333333333,-0.01080927811563015,-1.2990940840116003
UBFC_PHYS_s04_T3_test,68,71,70.36666666666666,-0.061490997672080994,-1.2785938913252834
UBFC_PHYS_s04_T3_test,68,72,70.4,-0.16751235723495483,-1.1674092964121043
UBFC_PHYS_s04_T3_test,68,73,70.43333333333334,-0.2742840647697449,-0.9572032170143563
UBFC_PHYS_s04_T3_test,68,74,70.46666666666667,-0.35785382986068726,-0.6486618335013564
UBFC_PHYS_s04_T3_test,68,75,70.5,-0.4593537151813507,-0.25746384492998836
UBFC_PHYS_s04_T3_test,68,76,70.53333333333333,-0.5859459638595581,0.1834141905227565
UBFC_PHYS_s04_T3_test,68,77,70.56666666666666,-0.6108531355857849,0.6264974242602666
UBFC_PHYS_s04_T3_test,68,78,70.6,-0.4129888415336609,1.0176945416910197
UBFC_PHYS_s04_T3_test,68,79,70.63333333333334,-0.054046113044023514,1.3073451777541896
UBFC_PHYS_s04_T3_test,68,80,70.66666666666667,0.28922727704048157,1.4606382431138785
UBFC_PHYS_s04_T3_test,68,81,70.7,0.5199504494667053,1.4634644751068437
UBFC_PHYS_s04_T3_test,68,82,70.73333333333333,0.6426448225975037,1.3221916468343133
UBFC_PHYS_s04_T3_test,68,83,70.76666666666667,0.6779202818870544,1.0588960522129467
UBFC_PHYS_s04_T3_test,68,84,70.8,0.674100399017334,0.7049446064657992
UBFC_PHYS_s04_T3_test,68,85,70.83333333333333,0.6841763257980347,0.2953742750749525
UBFC_PHYS_s04_T3_test,68,86,70.86666666666666,0.6920987367630005,-0.1346982519257592
UBFC_PHYS_s04_T3_test,68,87,70.9,0.6591911911964417,-0.5516087132169024
UBFC_PHYS_s04_T3_test,68,88,70.93333333333334,0.591972827911377,-0.9233881879044923
UBFC_PHYS_s04_T3_test,68,89,70.96666666666667,0.5039887428283691,-1.2197542476756493
UBFC_PHYS_s04_T3_test,68,90,71.0,0.371179461479187,-1.4127605060420991
UBFC_PHYS_s04_T3_test,68,91,71.03333333333333,0.16927112638950348,-1.4787728180067585
UBFC_PHYS_s04_T3_test,68,92,71.06666666666666,-0.062192607671022415,-1.402161915058816
UBFC_PHYS_s04_T3_test,68,93,71.1,-0.2718479037284851,-1.1804323565895725
UBFC_PHYS_s04_T3_test,68,94,71.13333333333334,-0.47183653712272644,-0.8292658154906751
UBFC_PHYS_s04_T3_test,68,95,71.16666666666667,-0.6966837048530579,-0.38469266935954916
UBFC_PHYS_s04_T3_test,68,96,71.2,-0.9301937818527222,0.10051907261953387
UBFC_PHYS_s04_T3_test,68,97,71.23333333333333,-1.1316733360290527,0.5668297884713567
UBFC_PHYS_s04_T3_test,68,98,71.26666666666667,-1.2472541332244873,0.9606399934511276
UBFC_PHYS_s04_T3_test,68,99,71.3,-1.245743751525879,1.244024051364514
UBFC_PHYS_s04_T3_test,68,100,71.33333333333333,-1.182403802871704,1.3982522790043177
UBFC_PHYS_s04_T3_test,68,101,71.36666666666666,-1.0379204750061035,1.421963993577518
UBFC_PHYS_s04_T3_test,68,102,71.4,-0.6245540976524353,1.3266329402710249
UBFC_PHYS_s04_T3_test,68,103,71.43333333333334,0.09524131566286087,1.1315011091018232
UBFC_PHYS_s04_T3_test,68,104,71.46666666666667,0.8169174194335938,0.8592743726914729
UBFC_PHYS_s04_T3_test,68,105,71.5,1.2338697910308838,0.5332258558852528
UBFC_PHYS_s04_T3_test,68,106,71.53333333333333,1.336461067199707,0.17585549405984188
UBFC_PHYS_s04_T3_test,68,107,71.56666666666666,1.3083089590072632,-0.19110431746207082
UBFC_PHYS_s04_T3_test,68,108,71.6,1.2604726552963257,-0.5457911224077313
UBFC_PHYS_s04_T3_test,68,109,71.63333333333334,1.1856924295425415,-0.8651369173507283
UBFC_PHYS_s04_T3_test,68,110,71.66666666666667,1.045896291732788,-1.1245763651432121
UBFC_PHYS_s04_T3_test,68,111,71.7,0.8673068284988403,-1.2993676503963756
UBFC_PHYS_s04_T3_test,68,112,71.73333333333333,0.6898185014724731,-1.3676719221282512
UBFC_PHYS_s04_T3_test,68,113,71.76666666666667,0.48848506808280945,-1.3148066681223856
UBFC_PHYS_s04_T3_test,68,114,71.8,0.2329326719045639,-1.1377324643916253
UBFC_PHYS_s04_T3_test,68,115,71.83333333333333,-0.04579243063926697,-0.8484873969057392
UBFC_PHYS_s04_T3_test,68,116,71.86666666666666,-0.306139200925827,-0.4748381770149764
UBFC_PHYS_s04_T3_test,68,117,71.9,-0.5400098562240601,-0.056912649075980155
UBFC_PHYS_s04_T3_test,68,118,71.93333333333334,-0.7642625570297241,0.3595167667858861
UBFC_PHYS_s04_T3_test,68,119,71.96666666666667,-0.9809339642524719,0.7307459475166703
UBFC_PHYS_s04_T3_test,68,120,72.0,-1.114337682723999,1.0215712002560553
UBFC_PHYS_s04_T3_test,68,121,72.03333333333333,-1.0206140279769897,1.2092721505658595
UBFC_PHYS_s04_T3_test,68,122,72.06666666666666,-0.6793187856674194,1.2847889494374496
UBFC_PHYS_s04_T3_test,68,123,72.1,-0.2472037822008133,1.2511818796452328
UBFC_PHYS_s04_T3_test,68,124,72.13333333333334,0.11023827642202377,1.1200011711773465
UBFC_PHYS_s04_T3_test,68,125,72.16666666666667,0.36781755089759827,0.9068540054387771
UBFC_PHYS_s04_T3_test,68,126,72.2,0.5570481419563293,0.6278827868185182
UBFC_PHYS_s04_T3_test,68,127,72.23333333333333,0.6611108779907227,0.2985890087593012
UBFC_PHYS_s04_T3_test,68,128,72.26666666666667,0.6572617292404175,-0.06468270938932567
UBFC_PHYS_s04_T3_test,68,129,72.3,0.5542124509811401,-0.44167227056102315
UBFC_PHYS_s04_T3_test,68,130,72.33333333333333,0.35588040947914124,-0.8054958947344606
UBFC_PHYS_s04_T3_test,68,131,72.36666666666666,0.08985254913568497,-1.122241210862771
UBFC_PHYS_s04_T3_test,68,132,72.4,-0.15780672430992126,-1.353952310785365
UBFC_PHYS_s04_T3_test,68,133,72.43333333333334,-0.3422040045261383,-1.4648216987083906
UBFC_PHYS_s04_T3_test,68,134,72.46666666666667,-0.5251980423927307,-1.4292014961398403
UBFC_PHYS_s04_T3_test,68,135,72.5,-0.751691997051239,-1.2391581171392536
UBFC_PHYS_s04_T3_test,68,136,72.53333333333333,-0.9522361159324646,-0.9089895839507681
UBFC_PHYS_s04_T3_test,68,137,72.56666666666666,-1.07514488697052,-0.47488270467215754
UBFC_PHYS_s04_T3_test,68,138,72.6,-1.176430344581604,0.010371347513285915
UBFC_PHYS_s04_T3_test,68,139,72.63333333333334,-1.2935800552368164,0.4861983144726297
UBFC_PHYS_s04_T3_test,68,140,72.66666666666667,-1.3531781435012817,0.8948157487569953
UBFC_PHYS_s04_T3_test,68,141,72.7,-1.273749828338623,1.1916080750543523
UBFC_PHYS_s04_T3_test,68,142,72.73333333333333,-1.1103911399841309,1.352648577630413
UBFC_PHYS_s04_T3_test,68,143,72.76666666666667,-1.0332040786743164,1.3767055621516022
UBFC_PHYS_s04_T3_test,68,144,72.8,-1.070603847503662,1.2809115409401866
UBFC_PHYS_s04_T3_test,68,145,72.83333333333333,-0.9779131412506104,1.0919979898904106
UBFC_PHYS_s04_T3_test,68,146,72.86666666666666,-0.5479906797409058,0.8368420388990112
UBFC_PHYS_s04_T3_test,68,147,72.9,0.10184816271066666,0.5361424926357068
UBFC_PHYS_s04_T3_test,68,148,72.93333333333334,0.7098923921585083,0.20342468099953018
UBFC_PHYS_s04_T3_test,68,149,72.96666666666667,1.1665832996368408,-0.15088228743365242
UBFC_PHYS_s04_T3_test,68,150,73.0,1.4757797718048096,-0.5127346315398049
UBFC_PHYS_s04_T3_test,68,151,73.03333333333333,1.6005010604858398,-0.8586517691263131
UBFC_PHYS_s04_T3_test,68,152,73.06666666666666,1.5250388383865356,-1.1539649705647206
UBFC_PHYS_s04_T3_test,68,153,73.1,1.316046118736267,-1.3568011745020438
UBFC_PHYS_s04_T3_test,68,154,73.13333333333334,1.0417742729187012,-1.4273240899857087
UBFC_PHYS_s04_T3_test,68,155,73.16666666666667,0.6739932298660278,-1.3395534115611891
UBFC_PHYS_s04_T3_test,68,156,73.2,0.15949727594852448,-1.0915457063995186
UBFC_PHYS_s04_T3_test,68,157,73.23333333333333,-0.45299047231674194,-0.7097915749022812
UBFC_PHYS_s04_T3_test,68,158,73.26666666666667,-1.0481815338134766,-0.245678724608976
UBFC_PHYS_s04_T3_test,68,159,73.3,-1.5438411235809326,0.23522625671074401
UBFC_PHYS_s04_T3_test,68,160,73.33333333333333,-1.8788998126983643,0.6678782117143672
UBFC_PHYS_s04_T3_test,68,161,73.36666666666666,-2.0189201831817627,1.0018964818090885
UBFC_PHYS_s04_T3_test,68,162,73.4,-2.0256147384643555,1.2106547837276096
UBFC_PHYS_s04_T3_test,68,163,73.43333333333334,-2.012673854827881,1.2925632619556051
UBFC_PHYS_s04_T3_test,68,164,73.46666666666667,-2.024474620819092,1.2648850585511149
UBFC_PHYS_s04_T3_test,68,165,73.5,-1.9964685440063477,1.153339668144464
UBFC_PHYS_s04_T3_test,68,166,73.53333333333333,-1.7894541025161743,0.9819384613181813
UBFC_PHYS_s04_T3_test,68,167,73.56666666666666,-1.296328067779541,0.7666838032657088
UBFC_PHYS_s04_T3_test,68,168,73.6,-0.5462074279785156,0.5146429271406697
UBFC_PHYS_s04_T3_test,68,169,73.63333333333334,0.25548169016838074,0.22762707316318076
UBFC_PHYS_s04_T3_test,68,170,73.66666666666667,0.8560712933540344,-0.09176636190957418
UBFC_PHYS_s04_T3_test,68,171,73.7,1.1528921127319336,-0.434369228314478
UBFC_PHYS_s04_T3_test,68,172,73.73333333333333,1.2371731996536255,-0.7810221501040816
UBFC_PHYS_s04_T3_test,68,173,73.76666666666667,1.263756513595581,-1.1025801734461924
UBFC_PHYS_s04_T3_test,68,174,73.8,1.3417719602584839,-1.3632511938416967
UBFC_PHYS_s04_T3_test,68,175,73.83333333333333,1.4819189310073853,-1.5263181436831394
UBFC_PHYS_s04_T3_test,68,176,73.86666666666666,1.5790044069290161,-1.5609499389806334
UBFC_PHYS_s04_T3_test,68,177,73.9,1.5530740022659302,-1.4488632732869666
UBFC_PHYS_s04_T3_test,68,178,73.93333333333334,1.5498095750808716,-1.1897641415521996
UBFC_PHYS_s04_T3_test,68,179,73.96666666666667,1.7752803564071655,-0.8044745082767666
UBFC_PHYS_s04_T3_test,68,180,74.0,2.098752737045288,-0.33447030765715446
UBFC_PHYS_s04_T3_test,68,181,74.03333333333333,2.110485315322876,0.16323213009073922
UBFC_PHYS_s04_T3_test,68,182,74.06666666666666,1.6794323921203613,0.6258193527080064
UBFC_PHYS_s04_T3_test,68,183,74.1,1.021661400794983,0.9972384566368406
UBFC_PHYS_s04_T3_test,68,184,74.13333333333334,0.34630146622657776,1.2400404888923446
UBFC_PHYS_s04_T3_test,68,185,74.16666666666667,-0.2589070498943329,1.342475007982296
UBFC_PHYS_s04_T3_test,68,186,74.2,-0.6164270639419556,1.318185909897868
UBFC_PHYS_s04_T3_test,68,187,74.23333333333333,-0.4816201329231262,1.1986823787411618
UBFC_PHYS_s04_T3_test,68,188,74.26666666666667,0.0856623649597168,1.0217054270205836
UBFC_PHYS_s04_T3_test,68,189,74.3,0.6471176147460938,0.8200658359506346
UBFC_PHYS_s04_T3_test,68,190,74.33333333333333,0.9323228597640991,0.6146734576031051
UBFC_PHYS_s04_T3_test,68,191,74.36666666666666,1.0761046409606934,0.41312490953500436
UBFC_PHYS_s04_T3_test,68,192,74.4,1.2638344764709473,0.21288175568350673
UBFC_PHYS_s04_T3_test,68,193,74.43333333333334,1.436070442199707,0.006838761737567684
UBFC_PHYS_s04_T3_test,68,194,74.46666666666667,1.427738904953003,-0.21081184477771525
UBFC_PHYS_s04_T3_test,68,195,74.5,1.2134062051773071,-0.43976544814031404
UBFC_PHYS_s04_T3_test,68,196,74.53333333333333,0.9220130443572998,-0.670605890658443
UBFC_PHYS_s04_T3_test,68,197,74.56666666666666,0.6693645119667053,-0.8841053498443604
UBFC_PHYS_s04_T3_test,68,198,74.6,0.45832550525665283,-1.053082869118226
UBFC_PHYS_s04_T3_test,68,199,74.63333333333334,0.24709159135818481,-1.1468091665166145
UBFC_PHYS_s04_T3_test,68,200,74.66666666666667,0.0217377208173275,-1.1375634781767174
UBFC_PHYS_s04_T3_test,68,201,74.7,-0.20569173991680145,-1.0083411118229089
UBFC_PHYS_s04_T3_test,68,202,74.73333333333333,-0.4194105565547943,-0.7599070897499869
UBFC_PHYS_s04_T3_test,68,203,74.76666666666667,-0.6128702759742737,-0.4147069243087708
UBFC_PHYS_s04_T3_test,68,204,74.8,-0.8306525945663452,-0.015210497330555427
UBFC_PHYS_s04_T3_test,68,205,74.83333333333333,-1.1301239728927612,0.3841355083958497
UBFC_PHYS_s04_T3_test,68,206,74.86666666666666,-1.4000399112701416,0.7292228741456501
UBFC_PHYS_s04_T3_test,68,207,74.9,-1.3669179677963257,0.9783811895060801
UBFC_PHYS_s04_T3_test,68,208,74.93333333333334,-0.9380479454994202,1.1098487558336023
UBFC_PHYS_s04_T3_test,68,209,74.96666666666667,-0.33918315172195435,1.1225843991131457
UBFC_PHYS_s04_T3_test,68,210,75.0,0.1991383582353592,1.0315258176729778
UBFC_PHYS_s04_T3_test,68,211,75.03333333333333,0.623701274394989,0.8603259862598119
UBFC_PHYS_s04_T3_test,68,212,75.06666666666666,0.9285321831703186,0.6343899939917051
UBFC_PHYS_s04_T3_test,68,213,75.1,1.093956708908081,0.3758319789799172
UBFC_PHYS_s04_T3_test,68,214,75.13333333333334,1.1258020401000977,0.10118313766945142
UBFC_PHYS_s04_T3_test,68,215,75.16666666666667,1.0321077108383179,-0.1778442567715491
UBFC_PHYS_s04_T3_test,68,216,75.2,0.8607584238052368,-0.4511196340568801
UBFC_PHYS_s04_T3_test,68,217,75.23333333333333,0.7162750959396362,-0.7059986466213896
UBFC_PHYS_s04_T3_test,68,218,75.26666666666667,0.6476340293884277,-0.9245261944292825
UBFC_PHYS_s04_T3_test,68,219,75.3,0.5978001356124878,-1.083726979175362
UBFC_PHYS_s04_T3_test,68,220,75.33333333333333,0.5365455150604248,-1.1595362000630873
UBFC_PHYS_s04_T3_test,68,221,75.36666666666666,0.5046806335449219,-1.133423036319493
UBFC_PHYS_s04_T3_test,68,222,75.4,0.4977326989173889,-0.9996324977102439
UBFC_PHYS_s04_T3_test,68,223,75.43333333333334,0.4155466556549072,-0.770364545895509
UBFC_PHYS_s04_T3_test,68,224,75.46666666666667,0.137971431016922,-0.47626341180830606
UBFC_PHYS_s04_T3_test,68,225,75.5,-0.40351709723472595,-0.1608595758796815
UBFC_PHYS_s04_T3_test,68,226,75.53333333333333,-1.113431453704834,0.12988338552316578
UBFC_PHYS_s04_T3_test,68,227,75.56666666666666,-1.6168185472488403,0.3593213489114978
UBFC_PHYS_s04_T3_test,68,228,75.6,-1.5222958326339722,0.508743465303042
UBFC_PHYS_s04_T3_test,68,229,75.63333333333334,-0.7832937836647034,0.5796943645213625
UBFC_PHYS_s04_T3_test,68,230,75.66666666666667,0.2832830548286438,0.5896409016248055
UBFC_PHYS_s04_T3_test,68,231,75.7,1.285262942314148,0.5633653332387116
UBFC_PHYS_s04_T3_test,68,232,75.73333333333333,1.9981396198272705,0.5237734530247244
UBFC_PHYS_s04_T3_test,68,233,75.76666666666667,2.3649072647094727,0.4854260297826219
UBFC_PHYS_s04_T3_test,68,234,75.8,2.346421718597412,0.4525658103364642
UBFC_PHYS_s04_T3_test,68,235,75.83333333333333,1.963010311126709,0.4214393305294931
UBFC_PHYS_s04_T3_test,68,236,75.86666666666666,1.4655674695968628,0.3850632592903083
UBFC_PHYS_s04_T3_test,68,237,75.9,1.1240383386611938,0.33794669432675783
UBFC_PHYS_s04_T3_test,68,238,75.93333333333334,0.8685443997383118,0.2788749847424618
UBFC_PHYS_s04_T3_test,68,239,75.96666666666667,0.4857078492641449,0.21118337712172364
UBFC_PHYS_s04_T3_test,69,0,69.0,-0.12521100044250488,0.1173846651370798
UBFC_PHYS_s04_T3_test,69,1,69.03333333333333,-0.5193902254104614,0.029120626829133245
UBFC_PHYS_s04_T3_test,69,2,69.06666666666666,-0.8252735733985901,-0.029831215550249566
UBFC_PHYS_s04_T3_test,69,3,69.1,-1.111268162727356,-0.03577021079078929
UBFC_PHYS_s04_T3_test,69,4,69.13333333333334,-1.359287977218628,0.022190722012287015
UBFC_PHYS_s04_T3_test,69,5,69.16666666666667,-1.4042885303497314,0.14000079250904157
UBFC_PHYS_s04_T3_test,69,6,69.2,-1.1380170583724976,0.3003147863367237
UBFC_PHYS_s04_T3_test,69,7,69.23333333333333,-0.6830412149429321,0.47714312928104674
UBFC_PHYS_s04_T3_test,69,8,69.26666666666667,-0.27830857038497925,0.6417915935723023
UBFC_PHYS_s04_T3_test,69,9,69.3,-0.020378485321998596,0.7682057820420388
UBFC_PHYS_s04_T3_test,69,10,69.33333333333333,0.15314379334449768,0.8364756611390766
UBFC_PHYS_s04_T3_test,69,11,69.36666666666666,0.2828153371810913,0.8342598377000932
UBFC_PHYS_s04_T3_test,69,12,69.4,0.356153279542923,0.7566922399037692
UBFC_PHYS_s04_T3_test,69,13,69.43333333333334,0.37860485911369324,0.6056095764658206
UBFC_PHYS_s04_T3_test,69,14,69.46666666666667,0.3761979341506958,0.3887138317578154
UBFC_PHYS_s04_T3_test,69,15,69.5,0.35787805914878845,0.11892259200825822
UBFC_PHYS_s04_T3_test,69,16,69.53333333333333,0.31016844511032104,-0.1860366041307478
UBFC_PHYS_s04_T3_test,69,17,69.56666666666666,0.21713665127754211,-0.5038683377539002
UBFC_PHYS_s04_T3_test,69,18,69.6,0.07390062510967255,-0.8081021195716687
UBFC_PHYS_s04_T3_test,69,19,69.63333333333334,-0.11251378059387207,-1.0691141351239317
UBFC_PHYS_s04_T3_test,69,20,69.66666666666667,-0.3154745399951935,-1.2561737543231464
UBFC_PHYS_s04_T3_test,69,21,69.7,-0.48294541239738464,-1.3407249915482775
UBFC_PHYS_s04_T3_test,69,22,69.73333333333333,-0.5899119973182678,-1.3009235501516412
UBFC_PHYS_s04_T3_test,69,23,69.76666666666667,-0.6875627636909485,-1.1269841032620367
UBFC_PHYS_s04_T3_test,69,24,69.8,-0.830155611038208,-0.8260355643927889
UBFC_PHYS_s04_T3_test,69,25,69.83333333333333,-0.9944790005683899,-0.42445122665542556
UBFC_PHYS_s04_T3_test,69,26,69.86666666666666,-1.1102644205093384,0.03423198801883637
UBFC_PHYS_s04_T3_test,69,27,69.9,-1.0996330976486206,0.49621874528847737
UBFC_PHYS_s04_T3_test,69,28,69.93333333333334,-0.9250388741493225,0.9072897691355141
UBFC_PHYS_s04_T3_test,69,29,69.96666666666667,-0.6582801938056946,1.2222264590304486
UBFC_PHYS_s04_T3_test,69,30,70.0,-0.4274888336658478,1.411095156768683
UBFC_PHYS_s04_T3_test,69,31,70.03333333333333,-0.28344398736953735,1.461441412269701
UBFC_PHYS_s04_T3_test,69,32,70.06666666666666,-0.19980600476264954,1.3769239453213689
UBFC_PHYS_s04_T3_test,69,33,70.1,-0.17569783329963684,1.173682489540472
UBFC_PHYS_s04_T3_test,69,34,70.13333333333334,-0.20791351795196533,0.8759566752024296
UBFC_PHYS_s04_T3_test,69,35,70.16666666666667,-0.2561298608779907,0.512204826589684
UBFC_PHYS_s04_T3_test,69,36,70.2,-0.27442046999931335,0.11233466984357711
UBFC_PHYS_s04_T3_test,69,37,70.23333333333333,-0.23382443189620972,-0.2939376358701509
UBFC_PHYS_s04_T3_test,69,38,70.26666666666667,-0.13750870525836945,-0.6778397048462137
UBFC_PHYS_s04_T3_test,69,39,70.3,-0.04224539175629616,-1.0117157868538593
UBFC_PHYS_s04_T3_test,69,40,70.33333333333333,-0.01080927811563015,-1.269085337104929
UBFC_PHYS_s04_T3_test,69,41,70.36666666666666,-0.061490997672080994,-1.42530718372216
UBFC_PHYS_s04_T3_test,69,42,70.4,-0.16751235723495483,-1.4596721701004702
UBFC_PHYS_s04_T3_test,69,43,70.43333333333334,-0.2742840647697449,-1.3593080734297949
UBFC_PHYS_s04_T3_test,69,44,70.46666666666667,-0.35785382986068726,-1.124210594728953
UBFC_PHYS_s04_T3_test,69,45,70.5,-0.4593537151813507,-0.7715652135223885
UBFC_PHYS_s04_T3_test,69,46,70.53333333333333,-0.5859459638595581,-0.3370372744536135
UBFC_PHYS_s04_T3_test,69,47,70.56666666666666,-0.6108531355857849,0.12873691585197652
UBFC_PHYS_s04_T3_test,69,48,70.6,-0.4129888415336609,0.5686606239913519
UBFC_PHYS_s04_T3_test,69,49,70.63333333333334,-0.054046113044023514,0.9307200159187944
UBFC_PHYS_s04_T3_test,69,50,70.66666666666667,0.28922727704048157,1.178717086329678
UBFC_PHYS_s04_T3_test,69,51,70.7,0.5199504494667053,1.2981068783181473
UBFC_PHYS_s04_T3_test,69,52,70.73333333333333,0.6426448225975037,1.294837101460102
UBFC_PHYS_s04_T3_test,69,53,70.76666666666667,0.6779202818870544,1.1881816343354563
UBFC_PHYS_s04_T3_test,69,54,70.8,0.674100399017334,1.0010524106213843
UBFC_PHYS_s04_T3_test,69,55,70.83333333333333,0.6841763257980347,0.7521662724425751
UBFC_PHYS_s04_T3_test,69,56,70.86666666666666,0.6920987367630005,0.45346719717059863
UBFC_PHYS_s04_T3_test,69,57,70.9,0.6591911911964417,0.11364166030295418
UBFC_PHYS_s04_T3_test,69,58,70.93333333333334,0.591972827911377,-0.25457481678028765
UBFC_PHYS_s04_T3_test,69,59,70.96666666666667,0.5039887428283691,-0.6276092518720184
UBFC_PHYS_s04_T3_test,69,60,71.0,0.371179461479187,-0.9687823848038256
UBFC_PHYS_s04_T3_test,69,61,71.03333333333333,0.16927112638950348,-1.2323558717432002
UBFC_PHYS_s04_T3_test,69,62,71.06666666666666,-0.062192607671022415,-1.3729259412751973
UBFC_PHYS_s04_T3_test,69,63,71.1,-0.2718479037284851,-1.3571655441047779
UBFC_PHYS_s04_T3_test,69,64,71.13333333333334,-0.47183653712272644,-1.1742614312265915
UBFC_PHYS_s04_T3_test,69,65,71.16666666666667,-0.6966837048530579,-0.8417265071314853
UBFC_PHYS_s04_T3_test,69,66,71.2,-0.9301937818527222,-0.4041864849208203
UBFC_PHYS_s04_T3_test,69,67,71.23333333333333,-1.1316733360290527,0.07529477012006783
UBFC_PHYS_s04_T3_test,69,68,71.26666666666667,-1.2472541332244873,0.5288612951882001
UBFC_PHYS_s04_T3_test,69,69,71.3,-1.245743751525879,0.8979853646293244
UBFC_PHYS_s04_T3_test,69,70,71.33333333333333,-1.182403802871704,1.1439655605979209
UBFC_PHYS_s04_T3_test,69,71,71.36666666666666,-1.0379204750061035,1.252532407436281
UBFC_PHYS_s04_T3_test,69,72,71.4,-0.6245540976524353,1.2320213221358325
UBFC_PHYS_s04_T3_test,69,73,71.43333333333334,0.09524131566286087,1.1061930019258261
UBFC_PHYS_s04_T3_test,69,74,71.46666666666667,0.8169174194335938,0.9045101116621999
UBFC_PHYS_s04_T3_test,69,75,71.5,1.2338697910308838,0.6535720134998255
UBFC_PHYS_s04_T3_test,69,76,71.53333333333333,1.336461067199707,0.37259418573867503
UBFC_PHYS_s04_T3_test,69,77,71.56666666666666,1.3083089590072632,0.07379151355864054
UBFC_PHYS_s04_T3_test,69,78,71.6,1.2604726552963257,-0.2335699954406026
UBFC_PHYS_s04_T3_test,69,79,71.63333333333334,1.1856924295425415,-0.5379786147113848
UBFC_PHYS_s04_T3_test,69,80,71.66666666666667,1.045896291732788,-0.8219511520082682
UBFC_PHYS_s04_T3_test,69,81,71.7,0.8673068284988403,-1.0613792295332023
UBFC_PHYS_s04_T3_test,69,82,71.73333333333333,0.6898185014724731,-1.2280458457233352
UBFC_PHYS_s04_T3_test,69,83,71.76666666666667,0.48848506808280945,-1.2943428235872227
UBFC_PHYS_s04_T3_test,69,84,71.8,0.2329326719045639,-1.2390529016374763
UBFC_PHYS_s04_T3_test,69,85,71.83333333333333,-0.04579243063926697,-1.053186654432462
UBFC_PHYS_s04_T3_test,69,86,71.86666666666666,-0.306139200925827,-0.7446367989561289
UBFC_PHYS_s04_T3_test,69,87,71.9,-0.5400098562240601,-0.340159515520645
UBFC_PHYS_s04_T3_test,69,88,71.93333333333334,-0.7642625570297241,0.11648094113910665
UBFC_PHYS_s04_T3_test,69,89,71.96666666666667,-0.9809339642524719,0.5704314234254803
UBFC_PHYS_s04_T3_test,69,90,72.0,-1.114337682723999,0.9647626356978104
UBFC_PHYS_s04_T3_test,69,91,72.03333333333333,-1.0206140279769897,1.2505483951098815
UBFC_PHYS_s04_T3_test,69,92,72.06666666666666,-0.6793187856674194,1.395435016504186
UBFC_PHYS_s04_T3_test,69,93,72.1,-0.2472037822008133,1.3883270150254863
UBFC_PHYS_s04_T3_test,69,94,72.13333333333334,0.11023827642202377,1.2388799679711997
UBFC_PHYS_s04_T3_test,69,95,72.16666666666667,0.36781755089759827,0.9723618529654564
UBFC_PHYS_s04_T3_test,69,96,72.2,0.5570481419563293,0.622437344490511
UBFC_PHYS_s04_T3_test,69,97,72.23333333333333,0.6611108779907227,0.22501698833276673
UBFC_PHYS_s04_T3_test,69,98,72.26666666666667,0.6572617292404175,-0.1851815212989096
UBFC_PHYS_s04_T3_test,69,99,72.3,0.5542124509811401,-0.5757116054121268
UBFC_PHYS_s04_T3_test,69,100,72.33333333333333,0.35588040947914124,-0.9162677523171553
UBFC_PHYS_s04_T3_test,69,101,72.36666666666666,0.08985254913568497,-1.1784094692090643
UBFC_PHYS_s04_T3_test,69,102,72.4,-0.15780672430992126,-1.336130156712849
UBFC_PHYS_s04_T3_test,69,103,72.43333333333334,-0.3422040045261383,-1.3680858536173954
UBFC_PHYS_s04_T3_test,69,104,72.46666666666667,-0.5251980423927307,-1.2615932030376604
UBFC_PHYS_s04_T3_test,69,105,72.5,-0.751691997051239,-1.0174479704953698
UBFC_PHYS_s04_T3_test,69,106,72.53333333333333,-0.9522361159324646,-0.6537484720854928
UBFC_PHYS_s04_T3_test,69,107,72.56666666666666,-1.07514488697052,-0.2067477730703718
UBFC_PHYS_s04_T3_test,69,108,72.6,-1.176430344581604,0.27250398151742733
UBFC_PHYS_s04_T3_test,69,109,72.63333333333334,-1.2935800552368164,0.7256682524799289
UBFC_PHYS_s04_T3_test,69,110,72.66666666666667,-1.3531781435012817,1.0973378607066617
UBFC_PHYS_s04_T3_test,69,111,72.7,-1.273749828338623,1.3452761322450444
UBFC_PHYS_s04_T3_test,69,112,72.73333333333333,-1.1103911399841309,1.4472994874552612
UBFC_PHYS_s04_T3_test,69,113,72.76666666666667,-1.0332040786743164,1.402321387300077
UBFC_PHYS_s04_T3_test,69,114,72.8,-1.070603847503662,1.2257479893745058
UBFC_PHYS_s04_T3_test,69,115,72.83333333333333,-0.9779131412506104,0.9421239837600824
UBFC_PHYS_s04_T3_test,69,116,72.86666666666666,-0.5479906797409058,0.5787673430790169
UBFC_PHYS_s04_T3_test,69,117,72.9,0.10184816271066666,0.16290428440732896
UBFC_PHYS_s04_T3_test,69,118,72.93333333333334,0.7098923921585083,-0.2774764949307177
UBFC_PHYS_s04_T3_test,69,119,72.96666666666667,1.1665832996368408,-0.7108907156492283
UBFC_PHYS_s04_T3_test,69,120,73.0,1.4757797718048096,-1.1004310530780428
UBFC_PHYS_s04_T3_test,69,121,73.03333333333333,1.6005010604858398,-1.4047556374220835
UBFC_PHYS_s04_T3_test,69,122,73.06666666666666,1.5250388383865356,-1.5826413668588757
UBFC_PHYS_s04_T3_test,69,123,73.1,1.316046118736267,-1.6003894325180155
UBFC_PHYS_s04_T3_test,69,124,73.13333333333334,1.0417742729187012,-1.4406209453248269
UBFC_PHYS_s04_T3_test,69,125,73.16666666666667,0.6739932298660278,-1.1102110793141868
UBFC_PHYS_s04_T3_test,69,126,73.2,0.15949727594852448,-0.6440715808027605
UBFC_PHYS_s04_T3_test,69,127,73.23333333333333,-0.45299047231674194,-0.1018051249758612
UBFC_PHYS_s04_T3_test,69,128,73.26666666666667,-1.0481815338134766,0.44304395161097737
UBFC_PHYS_s04_T3_test,69,129,73.3,-1.5438411235809326,0.9180917222604409
UBFC_PHYS_s04_T3_test,69,130,73.33333333333333,-1.8788998126983643,1.2668545080529345
UBFC_PHYS_s04_T3_test,69,131,73.36666666666666,-2.0189201831817627,1.4587353618788979
UBFC_PHYS_s04_T3_test,69,132,73.4,-2.0256147384643555,1.491512459714797
UBFC_PHYS_s04_T3_test,69,133,73.43333333333334,-2.012673854827881,1.386162288805281
UBFC_PHYS_s04_T3_test,69,134,73.46666666666667,-2.024474620819092,1.1766748590401563
UBFC_PHYS_s04_T3_test,69,135,73.5,-1.9964685440063477,0.8990885877490535
UBFC_PHYS_s04_T3_test,69,136,73.53333333333333,-1.7894541025161743,0.5833833323659134
UBFC_PHYS_s04_T3_test,69,137,73.56666666666666,-1.296328067779541,0.25004764779316935
UBFC_PHYS_s04_T3_test,69,138,73.6,-0.5462074279785156,-0.08858907716845661
UBFC_PHYS_s04_T3_test,69,139,73.63333333333334,0.25548169016838074,-0.4235604573351748
UBFC_PHYS_s04_T3_test,69,140,73.66666666666667,0.8560712933540344,-0.7434140305583641
UBFC_PHYS_s04_T3_test,69,141,73.7,1.1528921127319336,-1.0299672525328616
UBFC_PHYS_s04_T3_test,69,142,73.73333333333333,1.2371731996536255,-1.25739031619151
UBFC_PHYS_s04_T3_test,69,143,73.76666666666667,1.263756513595581,-1.395018706407385
UBFC_PHYS_s04_T3_test,69,144,73.8,1.3417719602584839,-1.4134087294456943
UBFC_PHYS_s04_T3_test,69,145,73.83333333333333,1.4819189310073853,-1.2924440714915277
UBFC_PHYS_s04_T3_test,69,146,73.86666666666666,1.5790044069290161,-1.029393594294719
UBFC_PHYS_s04_T3_test,69,147,73.9,1.5530740022659302,-0.644147977689774
UBFC_PHYS_s04_T3_test,69,148,73.93333333333334,1.5498095750808716,-0.17914615100899642
UBFC_PHYS_s04_T3_test,69,149,73.96666666666667,1.7752803564071655,0.306982194862698
UBFC_PHYS_s04_T3_test,69,150,74.0,2.098752737045288,0.7507138019593352
UBFC_PHYS_s04_T3_test,69,151,74.03333333333333,2.110485315322876,1.0965645036144354
UBFC_PHYS_s04_T3_test,69,152,74.06666666666666,1.6794323921203613,1.307771183124159
UBFC_PHYS_s04_T3_test,69,153,74.1,1.021661400794983,1.3716716451463011
UBFC_PHYS_s04_T3_test,69,154,74.13333333333334,0.34630146622657776,1.29850685957619
UBFC_PHYS_s04_T3_test,69,155,74.16666666666667,-0.2589070498943329,1.1146710443811882
UBFC_PHYS_s04_T3_test,69,156,74.2,-0.6164270639419556,0.8535212767065101
UBFC_PHYS_s04_T3_test,69,157,74.23333333333333,-0.4816201329231262,0.5473926147971991
UBFC_PHYS_s04_T3_test,69,158,74.26666666666667,0.0856623649597168,0.2229501597170341
UBFC_PHYS_s04_T3_test,69,159,74.3,0.6471176147460938,-0.1000439722198288
UBFC_PHYS_s04_T3_test,69,160,74.33333333333333,0.9323228597640991,-0.4074528302477624
UBFC_PHYS_s04_T3_test,69,161,74.36666666666666,1.0761046409606934,-0.6879728974901941
UBFC_PHYS_s04_T3_test,69,162,74.4,1.2638344764709473,-0.9298574632205456
UBFC_PHYS_s04_T3_test,69,163,74.43333333333334,1.436070442199707,-1.118235707689436
UBFC_PHYS_s04_T3_test,69,164,74.46666666666667,1.427738904953003,-1.2339841208634261
UBFC_PHYS_s04_T3_test,69,165,74.5,1.2134062051773071,-1.2549582161340809
UBFC_PHYS_s04_T3_test,69,166,74.53333333333333,0.9220130443572998,-1.16021630167974
UBFC_PHYS_s04_T3_test,69,167,74.56666666666666,0.6693645119667053,-0.9370953399348121
UBFC_PHYS_s04_T3_test,69,168,74.6,0.45832550525665283,-0.5894055087858472
UBFC_PHYS_s04_T3_test,69,169,74.63333333333334,0.24709159135818481,-0.14349987554843116
UBFC_PHYS_s04_T3_test,69,170,74.66666666666667,0.0217377208173275,0.35122593036511895
UBFC_PHYS_s04_T3_test,69,171,74.7,-0.20569173991680145,0.8291941269460795
UBFC_PHYS_s04_T3_test,69,172,74.73333333333333,-0.4194105565547943,1.2216448667622792
UBFC_PHYS_s04_T3_test,69,173,74.76666666666667,-0.6128702759742737,1.4717621224045883
UBFC_PHYS_s04_T3_test,69,174,74.8,-0.8306525945663452,1.5468901555645074
UBFC_PHYS_s04_T3_test,69,175,74.83333333333333,-1.1301239728927612,1.4439847183015535
UBFC_PHYS_s04_T3_test,69,176,74.86666666666666,-1.4000399112701416,1.1871763343000983
UBFC_PHYS_s04_T3_test,69,177,74.9,-1.3669179677963257,0.8192566886448522
UBFC_PHYS_s04_T3_test,69,178,74.93333333333334,-0.9380479454994202,0.39070579194123983
UBFC_PHYS_s04_T3_test,69,179,74.96666666666667,-0.33918315172195435,-0.050052991758828755
UBFC_PHYS_s04_T3_test,69,180,75.0,0.1991383582353592,-0.462860235833895
UBFC_PHYS_s04_T3_test,69,181,75.03333333333333,0.623701274394989,-0.8179108522038007
UBFC_PHYS_s04_T3_test,69,182,75.06666666666666,0.9285321831703186,-1.0943436491272154
UBFC_PHYS_s04_T3_test,69,183,75.1,1.093956708908081,-1.2767720787674055
UBFC_PHYS_s04_T3_test,69,184,75.13333333333334,1.1258020401000977,-1.3519442852718495
UBFC_PHYS_s04_T3_test,69,185,75.16666666666667,1.0321077108383179,-1.3078418750417218
UBFC_PHYS_s04_T3_test,69,186,75.2,0.8607584238052368,-1.1364734610035427
UBFC_PHYS_s04_T3_test,69,187,75.23333333333333,0.7162750959396362,-0.8397414960698109
UBFC_PHYS_s04_T3_test,69,188,75.26666666666667,0.6476340293884277,-0.4359167870518905
UBFC_PHYS_s04_T3_test,69,189,75.3,0.5978001356124878,0.036762992183320416
UBFC_PHYS_s04_T3_test,69,190,75.33333333333333,0.5365455150604248,0.5224073989954465
UBFC_PHYS_s04_T3_test,69,191,75.36666666666666,0.5046806335449219,0.9564426883931116
UBFC_PHYS_s04_T3_test,69,192,75.4,0.4977326989173889,1.2785679725481478
UBFC_PHYS_s04_T3_test,69,193,75.43333333333334,0.4155466556549072,1.4448084580535205
UBFC_PHYS_s04_T3_test,69,194,75.46666666666667,0.137971431016922,1.4344874770620735
UBFC_PHYS_s04_T3_test,69,195,75.5,-0.40351709723472595,1.2507764623164863
UBFC_PHYS_s04_T3_test,69,196,75.53333333333333,-1.113431453704834,0.9164225089288144
UBFC_PHYS_s04_T3_test,69,197,75.56666666666666,-1.6168185472488403,0.4677926506848197
UBFC_PHYS_s04_T3_test,69,198,75.6,-1.5222958326339722,-0.05000032251109529
UBFC_PHYS_s04_T3_test,69,199,75.63333333333334,-0.7832937836647034,-0.5858380694070869
UBFC_PHYS_s04_T3_test,69,200,75.66666666666667,0.2832830548286438,-1.0840804287351355
UBFC_PHYS_s04_T3_test,69,201,75.7,1.285262942314148,-1.4868338129614458
UBFC_PHYS_s04_T3_test,69,202,75.73333333333333,1.9981396198272705,-1.738931973146648
UBFC_PHYS_s04_T3_test,69,203,75.76666666666667,2.3649072647094727,-1.796295448637508
UBFC_PHYS_s04_T3_test,69,204,75.8,2.346421718597412,-1.6364492422077608
UBFC_PHYS_s04_T3_test,69,205,75.83333333333333,1.963010311126709,-1.2680517017260053
UBFC_PHYS_s04_T3_test,69,206,75.86666666666666,1.4655674695968628,-0.7351448691888105
UBFC_PHYS_s04_T3_test,69,207,75.9,1.1240383386611938,-0.11258427091076989
UBFC_PHYS_s04_T3_test,69,208,75.93333333333334,0.8685443997383118,0.5079053775663953
UBFC_PHYS_s04_T3_test,69,209,75.96666666666667,0.4857078492641449,1.037631957945501
UBFC_PHYS_s04_T3_test,69,210,76.0,-0.007544833235442638,1.4104601040987093
UBFC_PHYS_s04_T3_test,69,211,76.03333333333333,-0.4878566861152649,1.5954185601898294
UBFC_PHYS_s04_T3_test,69,212,76.06666666666666,-0.9669991731643677,1.5986750381441253
UBFC_PHYS_s04_T3_test,69,213,76.1,-1.4233977794647217,1.455400755301031
UBFC_PHYS_s04_T3_test,69,214,76.13333333333334,-1.72311270236969,1.2155165000304309
UBFC_PHYS_s04_T3_test,69,215,76.16666666666667,-1.867303729057312,0.9287546673269624
UBFC_PHYS_s04_T3_test,69,216,76.2,-2.0427165031433105,0.6337107901289497
UBFC_PHYS_s04_T3_test,69,217,76.23333333333333,-2.366032838821411,0.35331206629774925
UBFC_PHYS_s04_T3_test,69,218,76.26666666666667,-2.779623508453369,0.0964999809913118
UBFC_PHYS_s04_T3_test,69,219,76.3,-3.1219711303710938,-0.1361459080339214
UBFC_PHYS_s04_T3_test,69,220,76.33333333333333,-3.235349655151367,-0.34601125210777955
UBFC_PHYS_s04_T3_test,69,221,76.36666666666666,-3.1064867973327637,-0.5319380204351528
UBFC_PHYS_s04_T3_test,69,222,76.4,-2.822324275970459,-0.6887072230530183
UBFC_PHYS_s04_T3_test,69,223,76.43333333333334,-2.3792757987976074,-0.8079906937797738
UBFC_PHYS_s04_T3_test,69,224,76.46666666666667,-1.766115665435791,-0.8804413595062816
UBFC_PHYS_s04_T3_test,69,225,76.5,-1.0798417329788208,-0.8977396750901936
UBFC_PHYS_s04_T3_test,69,226,76.53333333333333,-0.39807960391044617,-0.8541068093136835
UBFC_PHYS_s04_T3_test,69,227,76.56666666666666,0.1857687532901764,-0.7474590333675969
UBFC_PHYS_s04_T3_test,69,228,76.6,0.5222306847572327,-0.5805934882011029
UBFC_PHYS_s04_T3_test,69,229,76.63333333333334,0.6632838845252991,-0.36253380203723323
UBFC_PHYS_s04_T3_test,69,230,76.66666666666667,0.8423313498497009,-0.10965866646656322
UBFC_PHYS_s04_T3_test,69,231,76.7,1.1137772798538208,0.15423154875776277
UBFC_PHYS_s04_T3_test,69,232,76.73333333333333,1.32268226146698,0.39986495840875147
UBFC_PHYS_s04_T3_test,69,233,76.76666666666667,1.380204677581787,0.5968454548109641
UBFC_PHYS_s04_T3_test,69,234,76.8,1.3272719383239746,0.7195758560015105
UBFC_PHYS_s04_T3_test,69,235,76.83333333333333,1.207072138786316,0.7528074408226803
UBFC_PHYS_s04_T3_test,69,236,76.86666666666666,1.0584765672683716,0.6946493942991064
UBFC_PHYS_s04_T3_test,69,237,76.9,0.9419992566108704,0.555949348484989
UBFC_PHYS_s04_T3_test,69,238,76.93333333333334,0.8306280970573425,0.35686254548414886
UBFC_PHYS_s04_T3_test,69,239,76.96666666666667,0.5656331777572632,0.12275753719806963
UBFC_PHYS_s04_T3_test,70,0,70.0,-0.4274888336658478,-0.10674481849081455
UBFC_PHYS_s04_T3_test,70,1,70.03333333333333,-0.28344398736953735,-0.12707224719421412
UBFC_PHYS_s04_T3_test,70,2,70.06666666666666,-0.19980600476264954,-0.1508131330310019
UBFC_PHYS_s04_T3_test,70,3,70.1,-0.17569783329963684,-0.18489231564953743
UBFC_PHYS_s04_T3_test,70,4,70.13333333333334,-0.20791351795196533,-0.23765333262888744
UBFC_PHYS_s04_T3_test,70,5,70.16666666666667,-0.2561298608779907,-0.3180998672707802
UBFC_PHYS_s04_T3_test,70,6,70.2,-0.27442046999931335,-0.4334644146782479
UBFC_PHYS_s04_T3_test,70,7,70.23333333333333,-0.23382443189620972,-0.5853460359480778
UBFC_PHYS_s04_T3_test,70,8,70.26666666666667,-0.13750870525836945,-0.765390119265044
UBFC_PHYS_s04_T3_test,70,9,70.3,-0.04224539175629616,-0.9521273580202619
UBFC_PHYS_s04_T3_test,70,10,70.33333333333333,-0.01080927811563015,-1.1109228361029395
UBFC_PHYS_s04_T3_test,70,11,70.36666666666666,-0.061490997672080994,-1.1985759936704365
UBFC_PHYS_s04_T3_test,70,12,70.4,-0.16751235723495483,-1.1727242590569869
UBFC_PHYS_s04_T3_test,70,13,70.43333333333334,-0.2742840647697449,-1.0041902709524528
UBFC_PHYS_s04_T3_test,70,14,70.46666666666667,-0.35785382986068726,-0.6885625775781771
UBFC_PHYS_s04_T3_test,70,15,70.5,-0.4593537151813507,-0.2525152599651857
UBFC_PHYS_s04_T3_test,70,16,70.53333333333333,-0.5859459638595581,0.2486091326131048
UBFC_PHYS_s04_T3_test,70,17,70.56666666666666,-0.6108531355857849,0.7423553372389795
UBFC_PHYS_s04_T3_test,70,18,70.6,-0.4129888415336609,1.1561517086660926
UBFC_PHYS_s04_T3_test,70,19,70.63333333333334,-0.054046113044023514,1.4335725301289368
UBFC_PHYS_s04_T3_test,70,20,70.66666666666667,0.28922727704048157,1.5446543335011313
UBFC_PHYS_s04_T3_test,70,21,70.7,0.5199504494667053,1.4882363714332998
UBFC_PHYS_s04_T3_test,70,22,70.73333333333333,0.6426448225975037,1.2873628941263688
UBFC_PHYS_s04_T3_test,70,23,70.76666666666667,0.6779202818870544,0.9805453008731814
UBFC_PHYS_s04_T3_test,70,24,70.8,0.674100399017334,0.6120049396561021
UBFC_PHYS_s04_T3_test,70,25,70.83333333333333,0.6841763257980347,0.22332891275298958
UBFC_PHYS_s04_T3_test,70,26,70.86666666666666,0.6920987367630005,-0.15208106417491185
UBFC_PHYS_s04_T3_test,70,27,70.9,0.6591911911964417,-0.4912691512506992
UBFC_PHYS_s04_T3_test,70,28,70.93333333333334,0.591972827911377,-0.7807482293068565
UBFC_PHYS_s04_T3_test,70,29,70.96666666666667,0.5039887428283691,-1.0128371865959516
UBFC_PHYS_s04_T3_test,70,30,71.0,0.371179461479187,-1.1805598492427327
UBFC_PHYS_s04_T3_test,70,31,71.03333333333333,0.16927112638950348,-1.2730055457198022
UBFC_PHYS_s04_T3_test,70,32,71.06666666666666,-0.062192607671022415,-1.2732801197787365
UBFC_PHYS_s04_T3_test,70,33,71.1,-0.2718479037284851,-1.1608847941780978
UBFC_PHYS_s04_T3_test,70,34,71.13333333333334,-0.47183653712272644,-0.919351669453134
UBFC_PHYS_s04_T3_test,70,35,71.16666666666667,-0.6966837048530579,-0.5476717297981208
UBFC_PHYS_s04_T3_test,70,36,71.2,-0.9301937818527222,-0.07091873520448894
UBFC_PHYS_s04_T3_test,70,37,71.23333333333333,-1.1316733360290527,0.45606255465136536
UBFC_PHYS_s04_T3_test,70,38,71.26666666666667,-1.2472541332244873,0.9559811734432769
UBFC_PHYS_s04_T3_test,70,39,71.3,-1.245743751525879,1.346713955348259
UBFC_PHYS_s04_T3_test,70,40,71.33333333333333,-1.182403802871704,1.5634806335703366
UBFC_PHYS_s04_T3_test,70,41,71.36666666666666,-1.0379204750061035,1.5771560349147355
UBFC_PHYS_s04_T3_test,70,42,71.4,-0.6245540976524353,1.4013876775319603
UBFC_PHYS_s04_T3_test,70,43,71.43333333333334,0.09524131566286087,1.0857957848671884
UBFC_PHYS_s04_T3_test,70,44,71.46666666666667,0.8169174194335938,0.6986011022053114
UBFC_PHYS_s04_T3_test,70,45,71.5,1.2338697910308838,0.3062269948147501
UBFC_PHYS_s04_T3_test,70,46,71.53333333333333,1.336461067199707,-0.04249753212598224
UBFC_PHYS_s04_T3_test,70,47,71.56666666666666,1.3083089590072632,-0.32314559130052084
UBFC_PHYS_s04_T3_test,70,48,71.6,1.2604726552963257,-0.5333274976107155
UBFC_PHYS_s04_T3_test,70,49,71.63333333333334,1.1856924295425415,-0.6841880754541461
UBFC_PHYS_s04_T3_test,70,50,71.66666666666667,1.045896291732788,-0.7900571566186997
UBFC_PHYS_s04_T3_test,70,51,71.7,0.8673068284988403,-0.8599983611352949
UBFC_PHYS_s04_T3_test,70,52,71.73333333333333,0.6898185014724731,-0.8934956791738768
UBFC_PHYS_s04_T3_test,70,53,71.76666666666667,0.48848506808280945,-0.880965892346566
UBFC_PHYS_s04_T3_test,70,54,71.8,0.2329326719045639,-0.8086213811107846
UBFC_PHYS_s04_T3_test,70,55,71.83333333333333,-0.04579243063926697,-0.6661054240602118
UBFC_PHYS_s04_T3_test,70,56,71.86666666666666,-0.306139200925827,-0.45412598721295705
UBFC_PHYS_s04_T3_test,70,57,71.9,-0.5400098562240601,-0.1888753885132146
UBFC_PHYS_s04_T3_test,70,58,71.93333333333334,-0.7642625570297241,0.09889600141032362
UBFC_PHYS_s04_T3_test,70,59,71.96666666666667,-0.9809339642524719,0.370150173917756
UBFC_PHYS_s04_T3_test,70,60,72.0,-1.114337682723999,0.587043637064179
UBFC_PHYS_s04_T3_test,70,61,72.03333333333333,-1.0206140279769897,0.7221743954898548
UBFC_PHYS_s04_T3_test,70,62,72.06666666666666,-0.6793187856674194,0.7641387141614883
UBFC_PHYS_s04_T3_test,70,63,72.1,-0.2472037822008133,0.717406144256187
UBFC_PHYS_s04_T3_test,70,64,72.13333333333334,0.11023827642202377,0.597037574900252
UBFC_PHYS_s04_T3_test,70,65,72.16666666666667,0.36781755089759827,0.4212192184387463
UBFC_PHYS_s04_T3_test,70,66,72.2,0.5570481419563293,0.20564302211031565
UBFC_PHYS_s04_T3_test,70,67,72.23333333333333,0.6611108779907227,-0.03747663124437491
UBFC_PHYS_s04_T3_test,70,68,72.26666666666667,0.6572617292404175,-0.2960413320122705
UBFC_PHYS_s04_T3_test,70,69,72.3,0.5542124509811401,-0.5532705645660744
UBFC_PHYS_s04_T3_test,70,70,72.33333333333333,0.35588040947914124,-0.7846688622705029
UBFC_PHYS_s04_T3_test,70,71,72.36666666666666,0.08985254913568497,-0.9586209321727747
UBFC_PHYS_s04_T3_test,70,72,72.4,-0.15780672430992126,-1.041022370081485
UBFC_PHYS_s04_T3_test,70,73,72.43333333333334,-0.3422040045261383,-1.0031423425813555
UBFC_PHYS_s04_T3_test,70,74,72.46666666666667,-0.5251980423927307,-0.8307550995225297
UBFC_PHYS_s04_T3_test,70,75,72.5,-0.751691997051239,-0.5315976421702758
UBFC_PHYS_s04_T3_test,70,76,72.53333333333333,-0.9522361159324646,-0.13795609638943424
UBFC_PHYS_s04_T3_test,70,77,72.56666666666666,-1.07514488697052,0.29753908332382345
UBFC_PHYS_s04_T3_test,70,78,72.6,-1.176430344581604,0.7121117089332403
UBFC_PHYS_s04_T3_test,70,79,72.63333333333334,-1.2935800552368164,1.0459297172110704
UBFC_PHYS_s04_T3_test,70,80,72.66666666666667,-1.3531781435012817,1.254537283589562
UBFC_PHYS_s04_T3_test,70,81,72.7,-1.273749828338623,1.3175372099089058
UBFC_PHYS_s04_T3_test,70,82,72.73333333333333,-1.1103911399841309,1.2408011690275769
UBFC_PHYS_s04_T3_test,70,83,72.76666666666667,-1.0332040786743164,1.0510140055213562
UBFC_PHYS_s04_T3_test,70,84,72.8,-1.070603847503662,0.7847590073621131
UBFC_PHYS_s04_T3_test,70,85,72.83333333333333,-0.9779131412506104,0.47718182016862937
UBFC_PHYS_s04_T3_test,70,86,72.86666666666666,-0.5479906797409058,0.15500139419004913
UBFC_PHYS_s04_T3_test,70,87,72.9,0.10184816271066666,-0.1641682109492721
UBFC_PHYS_s04_T3_test,70,88,72.93333333333334,0.7098923921585083,-0.4674429837439314
UBFC_PHYS_s04_T3_test,70,89,72.96666666666667,1.1665832996368408,-0.7405466813023373
UBFC_PHYS_s04_T3_test,70,90,73.0,1.4757797718048096,-0.9634839346174734
UBFC_PHYS_s04_T3_test,70,91,73.03333333333333,1.6005010604858398,-1.1103424746703985
UBFC_PHYS_s04_T3_test,70,92,73.06666666666666,1.5250388383865356,-1.153746392796453
UBFC_PHYS_s04_T3_test,70,93,73.1,1.316046118736267,-1.0727796932812863
UBFC_PHYS_s04_T3_test,70,94,73.13333333333334,1.0417742729187012,-0.8619592530606327
UBFC_PHYS_s04_T3_test,70,95,73.16666666666667,0.6739932298660278,-0.5380071393481276
UBFC_PHYS_s04_T3_test,70,96,73.2,0.15949727594852448,-0.14099641465576737
UBFC_PHYS_s04_T3_test,70,97,73.23333333333333,-0.45299047231674194,0.2720531360381446
UBFC_PHYS_s04_T3_test,70,98,73.26666666666667,-1.0481815338134766,0.6397134440841653
UBFC_PHYS_s04_T3_test,70,99,73.3,-1.5438411235809326,0.910312799193162
UBFC_PHYS_s04_T3_test,70,100,73.33333333333333,-1.8788998126983643,1.0525885107087234
UBFC_PHYS_s04_T3_test,70,101,73.36666666666666,-2.0189201831817627,1.0596490940749856
UBFC_PHYS_s04_T3_test,70,102,73.4,-2.0256147384643555,0.9462128449436161
UBFC_PHYS_s04_T3_test,70,103,73.43333333333334,-2.012673854827881,0.7415579305181289
UBFC_PHYS_s04_T3_test,70,104,73.46666666666667,-2.024474620819092,0.4812523524054947
UBFC_PHYS_s04_T3_test,70,105,73.5,-1.9964685440063477,0.19993515971025913
UBFC_PHYS_s04_T3_test,70,106,73.53333333333333,-1.7894541025161743,-0.07372858692719222
UBFC_PHYS_s04_T3_test,70,107,73.56666666666666,-1.296328067779541,-0.3196299193240343
UBFC_PHYS_s04_T3_test,70,108,73.6,-0.5462074279785156,-0.5264334527785015
UBFC_PHYS_s04_T3_test,70,109,73.63333333333334,0.25548169016838074,-0.6897444523260472
UBFC_PHYS_s04_T3_test,70,110,73.66666666666667,0.8560712933540344,-0.8088941886021997
UBFC_PHYS_s04_T3_test,70,111,73.7,1.1528921127319336,-0.8834813144921895
UBFC_PHYS_s04_T3_test,70,112,73.73333333333333,1.2371731996536255,-0.9110607808515797
UBFC_PHYS_s04_T3_test,70,113,73.76666666666667,1.263756513595581,-0.8869571601002302
UBFC_PHYS_s04_T3_test,70,114,73.8,1.3417719602584839,-0.8060765421858785
UBFC_PHYS_s04_T3_test,70,115,73.83333333333333,1.4819189310073853,-0.6656172821421437
UBFC_PHYS_s04_T3_test,70,116,73.86666666666666,1.5790044069290161,-0.4674953634928266
UBFC_PHYS_s04_T3_test,70,117,73.9,1.5530740022659302,-0.21993259307719312
UBFC_PHYS_s04_T3_test,70,118,73.93333333333334,1.5498095750808716,0.06170415140622473
UBFC_PHYS_s04_T3_test,70,119,73.96666666666667,1.7752803564071655,0.35472221692162564
UBFC_PHYS_s04_T3_test,70,120,74.0,2.098752737045288,0.6301311938644198
UBFC_PHYS_s04_T3_test,70,121,74.03333333333333,2.110485315322876,0.855775097063168
UBFC_PHYS_s04_T3_test,70,122,74.06666666666666,1.6794323921203613,1.001750649747558
UBFC_PHYS_s04_T3_test,70,123,74.1,1.021661400794983,1.0469902553578674
UBFC_PHYS_s04_T3_test,70,124,74.13333333333334,0.34630146622657776,0.9849593555569544
UBFC_PHYS_s04_T3_test,70,125,74.16666666666667,-0.2589070498943329,0.8263840737862341
UBFC_PHYS_s04_T3_test,70,126,74.2,-0.6164270639419556,0.5977889723139022
UBFC_PHYS_s04_T3_test,70,127,74.23333333333333,-0.4816201329231262,0.33596863758095086
UBFC_PHYS_s04_T3_test,70,128,74.26666666666667,0.0856623649597168,0.07982038948950856
UBFC_PHYS_s04_T3_test,70,129,74.3,0.6471176147460938,-0.13807707865734578
UBFC_PHYS_s04_T3_test,70,130,74.33333333333333,0.9323228597640991,-0.29745295349056755
UBFC_PHYS_s04_T3_test,70,131,74.36666666666666,1.0761046409606934,-0.3920576147087324
UBFC_PHYS_s04_T3_test,70,132,74.4,1.2638344764709473,-0.4271537668337787
UBFC_PHYS_s04_T3_test,70,133,74.43333333333334,1.436070442199707,-0.4145477458027406
UBFC_PHYS_s04_T3_test,70,134,74.46666666666667,1.427738904953003,-0.3673477277324432
UBFC_PHYS_s04_T3_test,70,135,74.5,1.2134062051773071,-0.29607430662590384
UBFC_PHYS_s04_T3_test,70,136,74.53333333333333,0.9220130443572998,-0.20701138702339075
UBFC_PHYS_s04_T3_test,70,137,74.56666666666666,0.6693645119667053,-0.10304972801725429
UBFC_PHYS_s04_T3_test,70,138,74.6,0.45832550525665283,0.013367087494548386
UBFC_PHYS_s04_T3_test,70,139,74.63333333333334,0.24709159135818481,0.1363862929330294
UBFC_PHYS_s04_T3_test,70,140,74.66666666666667,0.0217377208173275,0.25394780140218903
UBFC_PHYS_s04_T3_test,70,141,74.7,-0.20569173991680145,0.34802647422176053
UBFC_PHYS_s04_T3_test,70,142,74.73333333333333,-0.4194105565547943,0.39864349869661725
UBFC_PHYS_s04_T3_test,70,143,74.76666666666667,-0.6128702759742737,0.390335457587522
UBFC_PHYS_s04_T3_test,70,144,74.8,-0.8306525945663452,0.31809611914613967
UBFC_PHYS_s04_T3_test,70,145,74.83333333333333,-1.1301239728927612,0.18974070175063515
UBFC_PHYS_s04_T3_test,70,146,74.86666666666666,-1.4000399112701416,0.02350204107204081
UBFC_PHYS_s04_T3_test,70,147,74.9,-1.3669179677963257,-0.1578586418860331
UBFC_PHYS_s04_T3_test,70,148,74.93333333333334,-0.9380479454994202,-0.33368086151872534
UBFC_PHYS_s04_T3_test,70,149,74.96666666666667,-0.33918315172195435,-0.49010042621247946
UBFC_PHYS_s04_T3_test,70,150,75.0,0.1991383582353592,-0.6213253915868183
UBFC_PHYS_s04_T3_test,70,151,75.03333333333333,0.623701274394989,-0.7274306567385288
UBFC_PHYS_s04_T3_test,70,152,75.06666666666666,0.9285321831703186,-0.809635391254952
UBFC_PHYS_s04_T3_test,70,153,75.1,1.093956708908081,-0.864804591379713
UBFC_PHYS_s04_T3_test,70,154,75.13333333333334,1.1258020401000977,-0.8815985749340506
UBFC_PHYS_s04_T3_test,70,155,75.16666666666667,1.0321077108383179,-0.8406886189946067
UBFC_PHYS_s04_T3_test,70,156,75.2,0.8607584238052368,-0.7201783705280027
UBFC_PHYS_s04_T3_test,70,157,75.23333333333333,0.7162750959396362,-0.5050767541781517
UBFC_PHYS_s04_T3_test,70,158,75.26666666666667,0.6476340293884277,-0.19731198808144323
UBFC_PHYS_s04_T3_test,70,159,75.3,0.5978001356124878,0.17839996787582513
UBFC_PHYS_s04_T3_test,70,160,75.33333333333333,0.5365455150604248,0.5765038853124919
UBFC_PHYS_s04_T3_test,70,161,75.36666666666666,0.5046806335449219,0.9405894205038114
UBFC_PHYS_s04_T3_test,70,162,75.4,0.4977326989173889,1.2172090086779255
UBFC_PHYS_s04_T3_test,70,163,75.43333333333334,0.4155466556549072,1.3674303317020033
UBFC_PHYS_s04_T3_test,70,164,75.46666666666667,0.137971431016922,1.372498367944825
UBFC_PHYS_s04_T3_test,70,165,75.5,-0.40351709723472595,1.2339566330613876
UBFC_PHYS_s04_T3_test,70,166,75.53333333333333,-1.113431453704834,0.97049013913947
UBFC_PHYS_s04_T3_test,70,167,75.56666666666666,-1.6168185472488403,0.6135714591222088
UBFC_PHYS_s04_T3_test,70,168,75.6,-1.5222958326339722,0.20323004673490347
UBFC_PHYS_s04_T3_test,70,169,75.63333333333334,-0.7832937836647034,-0.2155944480092156
UBFC_PHYS_s04_T3_test,70,170,75.66666666666667,0.2832830548286438,-0.5965178979888394
UBFC_PHYS_s04_T3_test,70,171,75.7,1.285262942314148,-0.8956955650478424
UBFC_PHYS_s04_T3_test,70,172,75.73333333333333,1.9981396198272705,-1.0764942016858445
UBFC_PHYS_s04_T3_test,70,173,75.76666666666667,2.3649072647094727,-1.1144102468665837
UBFC_PHYS_s04_T3_test,70,174,75.8,2.346421718597412,-1.0017032428408854
UBFC_PHYS_s04_T3_test,70,175,75.83333333333333,1.963010311126709,-0.751064177534156
UBFC_PHYS_s04_T3_test,70,176,75.86666666666666,1.4655674695968628,-0.39691529178708984
UBFC_PHYS_s04_T3_test,70,177,75.9,1.1240383386611938,0.007574378275567218
UBFC_PHYS_s04_T3_test,70,178,75.93333333333334,0.8685443997383118,0.3989049743866275
UBFC_PHYS_s04_T3_test,70,179,75.96666666666667,0.4857078492641449,0.7160282542934459
UBFC_PHYS_s04_T3_test,70,180,76.0,-0.007544833235442638,0.913796368023134
UBFC_PHYS_s04_T3_test,70,181,76.03333333333333,-0.4878566861152649,0.9723258716727959
UBFC_PHYS_s04_T3_test,70,182,76.06666666666666,-0.9669991731643677,0.8991808555723045
UBFC_PHYS_s04_T3_test,70,183,76.1,-1.4233977794647217,0.7242923859889824
UBFC_PHYS_s04_T3_test,70,184,76.13333333333334,-1.72311270236969,0.4899283832018137
UBFC_PHYS_s04_T3_test,70,185,76.16666666666667,-1.867303729057312,0.2392256945875851
UBFC_PHYS_s04_T3_test,70,186,76.2,-2.0427165031433105,0.006899701248836482
UBFC_PHYS_s04_T3_test,70,187,76.23333333333333,-2.366032838821411,-0.1853842298111013
UBFC_PHYS_s04_T3_test,70,188,76.26666666666667,-2.779623508453369,-0.3286384745826575
UBFC_PHYS_s04_T3_test,70,189,76.3,-3.1219711303710938,-0.4228585357752314
UBFC_PHYS_s04_T3_test,70,190,76.33333333333333,-3.235349655151367,-0.4724928472489705
UBFC_PHYS_s04_T3_test,70,191,76.36666666666666,-3.1064867973327637,-0.48310308455153866
UBFC_PHYS_s04_T3_test,70,192,76.4,-2.822324275970459,-0.4600820544635251
UBFC_PHYS_s04_T3_test,70,193,76.43333333333334,-2.3792757987976074,-0.40905645736395807
UBFC_PHYS_s04_T3_test,70,194,76.46666666666667,-1.766115665435791,-0.33681199252262084
UBFC_PHYS_s04_T3_test,70,195,76.5,-1.0798417329788208,-0.25160740224955885
UBFC_PHYS_s04_T3_test,70,196,76.53333333333333,-0.39807960391044617,-0.162504885513445
UBFC_PHYS_s04_T3_test,70,197,76.56666666666666,0.1857687532901764,-0.07815172342792136
UBFC_PHYS_s04_T3_test,70,198,76.6,0.5222306847572327,-0.0056822528103615075
UBFC_PHYS_s04_T3_test,70,199,76.63333333333334,0.6632838845252991,0.049861229206673977
UBFC_PHYS_s04_T3_test,70,200,76.66666666666667,0.8423313498497009,0.08557441461411519
UBFC_PHYS_s04_T3_test,70,201,76.7,1.1137772798538208,0.10045502604558237
UBFC_PHYS_s04_T3_test,70,202,76.73333333333333,1.32268226146698,0.09520005863151847
UBFC_PHYS_s04_T3_test,70,203,76.76666666666667,1.380204677581787,0.07220528193694514
UBFC_PHYS_s04_T3_test,70,204,76.8,1.3272719383239746,0.03565807454173167
UBFC_PHYS_s04_T3_test,70,205,76.83333333333333,1.207072138786316,-0.008641667796274434
UBFC_PHYS_s04_T3_test,70,206,76.86666666666666,1.0584765672683716,-0.05414489445048243
UBFC_PHYS_s04_T3_test,70,207,76.9,0.9419992566108704,-0.09519184994240222
UBFC_PHYS_s04_T3_test,70,208,76.93333333333334,0.8306280970573425,-0.12891738906713573
UBFC_PHYS_s04_T3_test,70,209,76.96666666666667,0.5656331777572632,-0.1565089283740111
UBFC_PHYS_s04_T3_test,70,210,77.0,0.09813547134399414,-0.18304800929164805
UBFC_PHYS_s04_T3_test,70,211,77.03333333333333,-0.2877316176891327,-0.21565399386356823
UBFC_PHYS_s04_T3_test,70,212,77.06666666666666,-0.2751123607158661,-0.26013065153243975
UBFC_PHYS_s04_T3_test,70,213,77.1,0.061651647090911865,-0.316770201703914
UBFC_PHYS_s04_T3_test,70,214,77.13333333333334,0.40905675292015076,-0.3764850822515339
UBFC_PHYS_s04_T3_test,70,215,77.16666666666667,0.6392049789428711,-0.41895241125475785
UBFC_PHYS_s04_T3_test,70,216,77.2,0.802758514881134,-0.4146371695052217
UBFC_PHYS_s04_T3_test,70,217,77.23333333333333,0.870191216468811,-0.3318375643266008
UBFC_PHYS_s04_T3_test,70,218,77.26666666666667,0.7979836463928223,-0.1480128967983919
UBFC_PHYS_s04_T3_test,70,219,77.3,0.6925177574157715,0.13784812563761734
UBFC_PHYS_s04_T3_test,70,220,77.33333333333333,0.6426643133163452,0.4969850747182375
UBFC_PHYS_s04_T3_test,70,221,77.36666666666666,0.5993494987487793,0.8718406491689333
UBFC_PHYS_s04_T3_test,70,222,77.4,0.512671172618866,1.1884488138742242
UBFC_PHYS_s04_T3_test,70,223,77.43333333333334,0.41494250297546387,1.3772369160902402
UBFC_PHYS_s04_T3_test,70,224,77.46666666666667,0.32867345213890076,1.394133793830065
UBFC_PHYS_s04_T3_test,70,225,77.5,0.21536312997341156,1.2328927539968908
UBFC_PHYS_s04_T3_test,70,226,77.53333333333333,0.053066644817590714,0.9243221046290857
UBFC_PHYS_s04_T3_test,70,227,77.56666666666666,-0.10763172805309296,0.5246677266594548
UBFC_PHYS_s04_T3_test,70,228,77.6,-0.22659394145011902,0.09895191101041734
UBFC_PHYS_s04_T3_test,70,229,77.63333333333334,-0.33867645263671875,-0.2948017789610751
UBFC_PHYS_s04_T3_test,70,230,77.66666666666667,-0.5090025067329407,-0.6161302691599886
UBFC_PHYS_s04_T3_test,70,231,77.7,-0.7573341727256775,-0.8455549129086338
UBFC_PHYS_s04_T3_test,70,232,77.73333333333333,-1.0055196285247803,-0.9815910136605973
UBFC_PHYS_s04_T3_test,70,233,77.76666666666667,-1.050890564918518,-1.0340663926032772
UBFC_PHYS_s04_T3_test,70,234,77.8,-0.7344732880592346,-1.0170948384457907
UBFC_PHYS_s04_T3_test,70,235,77.83333333333333,-0.18158358335494995,-0.9442099978300174
UBFC_PHYS_s04_T3_test,70,236,77.86666666666666,0.3305639326572418,-0.8264414507468635
UBFC_PHYS_s04_T3_test,70,237,77.9,0.6658272743225098,-0.6725837084544463
UBFC_PHYS_s04_T3_test,70,238,77.93333333333334,0.8625026941299438,-0.4903827039494362
UBFC_PHYS_s04_T3_test,70,239,77.96666666666667,0.9758033156394958,-0.2877541515231211
UBFC_PHYS_s04_T3_test,71,0,71.0,0.371179461479187,0.011548518763929934
UBFC_PHYS_s04_T3_test,71,1,71.03333333333333,0.16927112638950348,-0.2992488515219025
UBFC_PHYS_s04_T3_test,71,2,71.06666666666666,-0.062192607671022415,-0.5296798635657902
UBFC_PHYS_s04_T3_test,71,3,71.1,-0.2718479037284851,-0.6155706062298705
UBFC_PHYS_s04_T3_test,71,4,71.13333333333334,-0.47183653712272644,-0.5224767873485152
UBFC_PHYS_s04_T3_test,71,5,71.16666666666667,-0.6966837048530579,-0.25490358219117354
UBFC_PHYS_s04_T3_test,71,6,71.2,-0.9301937818527222,0.1426494502152514
UBFC_PHYS_s04_T3_test,71,7,71.23333333333333,-1.1316733360290527,0.5948133123089322
UBFC_PHYS_s04_T3_test,71,8,71.26666666666667,-1.2472541332244873,1.0133409861339684
UBFC_PHYS_s04_T3_test,71,9,71.3,-1.245743751525879,1.3190625441372872
UBFC_PHYS_s04_T3_test,71,10,71.33333333333333,-1.182403802871704,1.460878302820111
UBFC_PHYS_s04_T3_test,71,11,71.36666666666666,-1.0379204750061035,1.425670620680274
UBFC_PHYS_s04_T3_test,71,12,71.4,-0.6245540976524353,1.2365400659602628
UBFC_PHYS_s04_T3_test,71,13,71.43333333333334,0.09524131566286087,0.9412000038932802
UBFC_PHYS_s04_T3_test,71,14,71.46666666666667,0.8169174194335938,0.5955610074849482
UBFC_PHYS_s04_T3_test,71,15,71.5,1.2338697910308838,0.24849872836541476
UBFC_PHYS_s04_T3_test,71,16,71.53333333333333,1.336461067199707,-0.06744838421708499
UBFC_PHYS_s04_T3_test,71,17,71.56666666666666,1.3083089590072632,-0.33749841190186713
UBFC_PHYS_s04_T3_test,71,18,71.6,1.2604726552963257,-0.5594227701343406
UBFC_PHYS_s04_T3_test,71,19,71.63333333333334,1.1856924295425415,-0.7352636770115806
UBFC_PHYS_s04_T3_test,71,20,71.66666666666667,1.045896291732788,-0.8640010987495232
UBFC_PHYS_s04_T3_test,71,21,71.7,0.8673068284988403,-0.9380577876996996
UBFC_PHYS_s04_T3_test,71,22,71.73333333333333,0.6898185014724731,-0.9445921643272015
UBFC_PHYS_s04_T3_test,71,23,71.76666666666667,0.48848506808280945,-0.8707305169666012
UBFC_PHYS_s04_T3_test,71,24,71.8,0.2329326719045639,-0.7107760996899443
UBFC_PHYS_s04_T3_test,71,25,71.83333333333333,-0.04579243063926697,-0.47284378353894424
UBFC_PHYS_s04_T3_test,71,26,71.86666666666666,-0.306139200925827,-0.18214520596162012
UBFC_PHYS_s04_T3_test,71,27,71.9,-0.5400098562240601,0.12122952408799614
UBFC_PHYS_s04_T3_test,71,28,71.93333333333334,-0.7642625570297241,0.390351495195853
UBFC_PHYS_s04_T3_test,71,29,71.96666666666667,-0.9809339642524719,0.5831112972014442
UBFC_PHYS_s04_T3_test,71,30,72.0,-1.114337682723999,0.6732726173717738
UBFC_PHYS_s04_T3_test,71,31,72.03333333333333,-1.0206140279769897,0.6564947592950031
UBFC_PHYS_s04_T3_test,71,32,72.06666666666666,-0.6793187856674194,0.5489684794360836
UBFC_PHYS_s04_T3_test,71,33,72.1,-0.2472037822008133,0.37950349671481964
UBFC_PHYS_s04_T3_test,71,34,72.13333333333334,0.11023827642202377,0.17853281308668115
UBFC_PHYS_s04_T3_test,71,35,72.16666666666667,0.36781755089759827,-0.031445630031563525
UBFC_PHYS_s04_T3_test,71,36,72.2,0.5570481419563293,-0.24023034288205716
UBFC_PHYS_s04_T3_test,71,37,72.23333333333333,0.6611108779907227,-0.4475349940829764
UBFC_PHYS_s04_T3_test,71,38,72.26666666666667,0.6572617292404175,-0.6551368943781045
UBFC_PHYS_s04_T3_test,71,39,72.3,0.5542124509811401,-0.8571286520090005
UBFC_PHYS_s04_T3_test,71,40,72.33333333333333,0.35588040947914124,-1.032738576813546
UBFC_PHYS_s04_T3_test,71,41,72.36666666666666,0.08985254913568497,-1.1454475178818118
UBFC_PHYS_s04_T3_test,71,42,72.4,-0.15780672430992126,-1.1500629345820403
UBFC_PHYS_s04_T3_test,71,43,72.43333333333334,-0.3422040045261383,-1.006602352743759
UBFC_PHYS_s04_T3_test,71,44,72.46666666666667,-0.5251980423927307,-0.6970104771008284
UBFC_PHYS_s04_T3_test,71,45,72.5,-0.751691997051239,-0.23860534814845116
UBFC_PHYS_s04_T3_test,71,46,72.53333333333333,-0.9522361159324646,0.3122308768509609
UBFC_PHYS_s04_T3_test,71,47,72.56666666666666,-1.07514488697052,0.8697818628727246
UBFC_PHYS_s04_T3_test,71,48,72.6,-1.176430344581604,1.3399999258162039
UBFC_PHYS_s04_T3_test,71,49,72.63333333333334,-1.2935800552368164,1.6452231116766345
UBFC_PHYS_s04_T3_test,71,50,72.66666666666667,-1.3531781435012817,1.7435029506844826
UBFC_PHYS_s04_T3_test,71,51,72.7,-1.273749828338623,1.6360771489402512
UBFC_PHYS_s04_T3_test,71,52,72.73333333333333,-1.1103911399841309,1.3614983935399207
UBFC_PHYS_s04_T3_test,71,53,72.76666666666667,-1.0332040786743164,0.9798975241224256
UBFC_PHYS_s04_T3_test,71,54,72.8,-1.070603847503662,0.5538970482771987
UBFC_PHYS_s04_T3_test,71,55,72.83333333333333,-0.9779131412506104,0.1330086700352125
UBFC_PHYS_s04_T3_test,71,56,72.86666666666666,-0.5479906797409058,-0.2537707309728974
UBFC_PHYS_s04_T3_test,71,57,72.9,0.10184816271066666,-0.5959623463977329
UBFC_PHYS_s04_T3_test,71,58,72.93333333333334,0.7098923921585083,-0.8925448185187927
UBFC_PHYS_s04_T3_test,71,59,72.96666666666667,1.1665832996368408,-1.140487846877327
UBFC_PHYS_s04_T3_test,71,60,73.0,1.4757797718048096,-1.325972900740309
UBFC_PHYS_s04_T3_test,71,61,73.03333333333333,1.6005010604858398,-1.422136254779472
UBFC_PHYS_s04_T3_test,71,62,73.06666666666666,1.5250388383865356,-1.3948451952739311
UBFC_PHYS_s04_T3_test,71,63,73.1,1.316046118736267,-1.215222983949001
UBFC_PHYS_s04_T3_test,71,64,73.13333333333334,1.0417742729187012,-0.8749271042598505
UBFC_PHYS_s04_T3_test,71,65,73.16666666666667,0.6739932298660278,-0.39813866608351917
UBFC_PHYS_s04_T3_test,71,66,73.2,0.15949727594852448,0.15609932270606974
UBFC_PHYS_s04_T3_test,71,67,73.23333333333333,-0.45299047231674194,0.7044937225221917
UBFC_PHYS_s04_T3_test,71,68,73.26666666666667,-1.0481815338134766,1.1601754503190764
UBFC_PHYS_s04_T3_test,71,69,73.3,-1.5438411235809326,1.4552906273841686
UBFC_PHYS_s04_T3_test,71,70,73.33333333333333,-1.8788998126983643,1.5568420905206601
UBFC_PHYS_s04_T3_test,71,71,73.36666666666666,-2.0189201831817627,1.4708775822908828
UBFC_PHYS_s04_T3_test,71,72,73.4,-2.0256147384643555,1.2353054102629262
UBFC_PHYS_s04_T3_test,71,73,73.43333333333334,-2.012673854827881,0.9055964893413154
UBFC_PHYS_s04_T3_test,71,74,73.46666666666667,-2.024474620819092,0.5390041232551335
UBFC_PHYS_s04_T3_test,71,75,73.5,-1.9964685440063477,0.1819957873215269
UBFC_PHYS_s04_T3_test,71,76,73.53333333333333,-1.7894541025161743,-0.13649083604310927
UBFC_PHYS_s04_T3_test,71,77,73.56666666666666,-1.296328067779541,-0.4055711866579102
UBFC_PHYS_s04_T3_test,71,78,73.6,-0.5462074279785156,-0.6280173468806957
UBFC_PHYS_s04_T3_test,71,79,73.63333333333334,0.25548169016838074,-0.8131137062757531
UBFC_PHYS_s04_T3_test,71,80,73.66666666666667,0.8560712933540344,-0.9690426170616875
UBFC_PHYS_s04_T3_test,71,81,73.7,1.1528921127319336,-1.0967655130728475
UBFC_PHYS_s04_T3_test,71,82,73.73333333333333,1.2371731996536255,-1.1869096464846163
UBFC_PHYS_s04_T3_test,71,83,73.76666666666667,1.263756513595581,-1.2205105512874568
UBFC_PHYS_s04_T3_test,71,84,73.8,1.3417719602584839,-1.1735270918666607
UBFC_PHYS_s04_T3_test,71,85,73.83333333333333,1.4819189310073853,-1.024127424467954
UBFC_PHYS_s04_T3_test,71,86,73.86666666666666,1.5790044069290161,-0.7611096582926763
UBFC_PHYS_s04_T3_test,71,87,73.9,1.5530740022659302,-0.39135382048174877
UBFC_PHYS_s04_T3_test,71,88,73.93333333333334,1.5498095750808716,0.056109569093042745
UBFC_PHYS_s04_T3_test,71,89,73.96666666666667,1.7752803564071655,0.5314816269833855
UBFC_PHYS_s04_T3_test,71,90,74.0,2.098752737045288,0.9716994836115588
UBFC_PHYS_s04_T3_test,71,91,74.03333333333333,2.110485315322876,1.3126610754680252
UBFC_PHYS_s04_T3_test,71,92,74.06666666666666,1.6794323921203613,1.50288674771937
UBFC_PHYS_s04_T3_test,71,93,74.1,1.021661400794983,1.5145572733084778
UBFC_PHYS_s04_T3_test,71,94,74.13333333333334,0.34630146622657776,1.348676224435103
UBFC_PHYS_s04_T3_test,71,95,74.16666666666667,-0.2589070498943329,1.033165932805538
UBFC_PHYS_s04_T3_test,71,96,74.2,-0.6164270639419556,0.6151141753414862
UBFC_PHYS_s04_T3_test,71,97,74.23333333333333,-0.4816201329231262,0.15005901496226315
UBFC_PHYS_s04_T3_test,71,98,74.26666666666667,0.0856623649597168,-0.30847286434037957
UBFC_PHYS_s04_T3_test,71,99,74.3,0.6471176147460938,-0.7166143004903399
UBFC_PHYS_s04_T3_test,71,100,74.33333333333333,0.9323228597640991,-1.04348318153521
UBFC_PHYS_s04_T3_test,71,101,74.36666666666666,1.0761046409606934,-1.2700456855364395
UBFC_PHYS_s04_T3_test,71,102,74.4,1.2638344764709473,-1.384993597801434
UBFC_PHYS_s04_T3_test,71,103,74.43333333333334,1.436070442199707,-1.380358467122635
UBFC_PHYS_s04_T3_test,71,104,74.46666666666667,1.427738904953003,-1.2497377726358978
UBFC_PHYS_s04_T3_test,71,105,74.5,1.2134062051773071,-0.9907716071411141
UBFC_PHYS_s04_T3_test,71,106,74.53333333333333,0.9220130443572998,-0.6112199861754996
UBFC_PHYS_s04_T3_test,71,107,74.56666666666666,0.6693645119667053,-0.13564423145515395
UBFC_PHYS_s04_T3_test,71,108,74.6,0.45832550525665283,0.3914498224579545
UBFC_PHYS_s04_T3_test,71,109,74.63333333333334,0.24709159135818481,0.9090973195887303
UBFC_PHYS_s04_T3_test,71,110,74.66666666666667,0.0217377208173275,1.3500022930696585
UBFC_PHYS_s04_T3_test,71,111,74.7,-0.20569173991680145,1.654092465369947
UBFC_PHYS_s04_T3_test,71,112,74.73333333333333,-0.4194105565547943,1.7808819157213083
UBFC_PHYS_s04_T3_test,71,113,74.76666666666667,-0.6128702759742737,1.7168921518500435
UBFC_PHYS_s04_T3_test,71,114,74.8,-0.8306525945663452,1.4766755609571132
UBFC_PHYS_s04_T3_test,71,115,74.83333333333333,-1.1301239728927612,1.0982209551265651
UBFC_PHYS_s04_T3_test,71,116,74.86666666666666,-1.4000399112701416,0.6346342016748233
UBFC_PHYS_s04_T3_test,71,117,74.9,-1.3669179677963257,0.14415574260690422
UBFC_PHYS_s04_T3_test,71,118,74.93333333333334,-0.9380479454994202,-0.3195485335976312
UBFC_PHYS_s04_T3_test,71,119,74.96666666666667,-0.33918315172195435,-0.715097716246402
UBFC_PHYS_s04_T3_test,71,120,75.0,0.1991383582353592,-1.0177537726768833
UBFC_PHYS_s04_T3_test,71,121,75.03333333333333,0.623701274394989,-1.2196338566582117
UBFC_PHYS_s04_T3_test,71,122,75.06666666666666,0.9285321831703186,-1.3257937129599853
UBFC_PHYS_s04_T3_test,71,123,75.1,1.093956708908081,-1.3473811048315758
UBFC_PHYS_s04_T3_test,71,124,75.13333333333334,1.1258020401000977,-1.2943583913866454
UBFC_PHYS_s04_T3_test,71,125,75.16666666666667,1.0321077108383179,-1.170798972554761
UBFC_PHYS_s04_T3_test,71,126,75.2,0.8607584238052368,-0.9748142491221908
UBFC_PHYS_s04_T3_test,71,127,75.23333333333333,0.7162750959396362,-0.703231643905575
UBFC_PHYS_s04_T3_test,71,128,75.26666666666667,0.6476340293884277,-0.3591830411208077
UBFC_PHYS_s04_T3_test,71,129,75.3,0.5978001356124878,0.04054238120499731
UBFC_PHYS_s04_T3_test,71,130,75.33333333333333,0.5365455150604248,0.4617800582286561
UBFC_PHYS_s04_T3_test,71,131,75.36666666666666,0.5046806335449219,0.8553225027520258
UBFC_PHYS_s04_T3_test,71,132,75.4,0.4977326989173889,1.1656296552733838
UBFC_PHYS_s04_T3_test,71,133,75.43333333333334,0.4155466556549072,1.3435765346093766
UBFC_PHYS_s04_T3_test,71,134,75.46666666666667,0.137971431016922,1.3587241574618079
UBFC_PHYS_s04_T3_test,71,135,75.5,-0.40351709723472595,1.206465943879682
UBFC_PHYS_s04_T3_test,71,136,75.53333333333333,-1.113431453704834,0.9078302406749462
UBFC_PHYS_s04_T3_test,71,137,75.56666666666666,-1.6168185472488403,0.5030253039730659
UBFC_PHYS_s04_T3_test,71,138,75.6,-1.5222958326339722,0.04192802848265095
UBFC_PHYS_s04_T3_test,71,139,75.63333333333334,-0.7832937836647034,-0.42488394071999164
UBFC_PHYS_s04_T3_test,71,140,75.66666666666667,0.2832830548286438,-0.8518780305178018
UBFC_PHYS_s04_T3_test,71,141,75.7,1.285262942314148,-1.2002483477405737
UBFC_PHYS_s04_T3_test,71,142,75.73333333333333,1.9981396198272705,-1.4368514074566183
UBFC_PHYS_s04_T3_test,71,143,75.76666666666667,2.3649072647094727,-1.5332290652921219
UBFC_PHYS_s04_T3_test,71,144,75.8,2.346421718597412,-1.46755386208133
UBFC_PHYS_s04_T3_test,71,145,75.83333333333333,1.963010311126709,-1.2305543356974544
UBFC_PHYS_s04_T3_test,71,146,75.86666666666666,1.4655674695968628,-0.8335768507053013
UBFC_PHYS_s04_T3_test,71,147,75.9,1.1240383386611938,-0.31452496850452294
UBFC_PHYS_s04_T3_test,71,148,75.93333333333334,0.8685443997383118,0.2629086049061622
UBFC_PHYS_s04_T3_test,71,149,75.96666666666667,0.4857078492641449,0.8189535460855093
UBFC_PHYS_s04_T3_test,71,150,76.0,-0.007544833235442638,1.2744980484082193
UBFC_PHYS_s04_T3_test,71,151,76.03333333333333,-0.4878566861152649,1.5692531705500943
UBFC_PHYS_s04_T3_test,71,152,76.06666666666666,-0.9669991731643677,1.6747271450358665
UBFC_PHYS_s04_T3_test,71,153,76.1,-1.4233977794647217,1.5975737852181437
UBFC_PHYS_s04_T3_test,71,154,76.13333333333334,-1.72311270236969,1.3731048710201788
UBFC_PHYS_s04_T3_test,71,155,76.16666666666667,-1.867303729057312,1.0526182923648502
UBFC_PHYS_s04_T3_test,71,156,76.2,-2.0427165031433105,0.6896957384724414
UBFC_PHYS_s04_T3_test,71,157,76.23333333333333,-2.366032838821411,0.32965599922179306
UBFC_PHYS_s04_T3_test,71,158,76.26666666666667,-2.779623508453369,0.004074366614928951
UBFC_PHYS_s04_T3_test,71,159,76.3,-3.1219711303710938,-0.2698802970360177
UBFC_PHYS_s04_T3_test,71,160,76.33333333333333,-3.235349655151367,-0.4866849938935524
UBFC_PHYS_s04_T3_test,71,161,76.36666666666666,-3.1064867973327637,-0.6479481992461023
UBFC_PHYS_s04_T3_test,71,162,76.4,-2.822324275970459,-0.7577420469970856
UBFC_PHYS_s04_T3_test,71,163,76.43333333333334,-2.3792757987976074,-0.8191103917595042
UBFC_PHYS_s04_T3_test,71,164,76.46666666666667,-1.766115665435791,-0.8325642301969584
UBFC_PHYS_s04_T3_test,71,165,76.5,-1.0798417329788208,-0.7967013697638616
UBFC_PHYS_s04_T3_test,71,166,76.53333333333333,-0.39807960391044617,-0.7104314190662905
UBFC_PHYS_s04_T3_test,71,167,76.56666666666666,0.1857687532901764,-0.5758373690614037
UBFC_PHYS_s04_T3_test,71,168,76.6,0.5222306847572327,-0.4005818585749964
UBFC_PHYS_s04_T3_test,71,169,76.63333333333334,0.6632838845252991,-0.198957461924884
UBFC_PHYS_s04_T3_test,71,170,76.66666666666667,0.8423313498497009,0.008915111737203309
UBFC_PHYS_s04_T3_test,71,171,76.7,1.1137772798538208,0.19975564352667538
UBFC_PHYS_s04_T3_test,71,172,76.73333333333333,1.32268226146698,0.35119104007984825
UBFC_PHYS_s04_T3_test,71,173,76.76666666666667,1.380204677581787,0.44622400016989
UBFC_PHYS_s04_T3_test,71,174,76.8,1.3272719383239746,0.47666589122185354
UBFC_PHYS_s04_T3_test,71,175,76.83333333333333,1.207072138786316,0.44423673034471906
UBFC_PHYS_s04_T3_test,71,176,76.86666666666666,1.0584765672683716,0.3589802166348758
UBFC_PHYS_s04_T3_test,71,177,76.9,0.9419992566108704,0.23577247429144546
UBFC_PHYS_s04_T3_test,71,178,76.93333333333334,0.8306280970573425,0.09027967187651877
UBFC_PHYS_s04_T3_test,71,179,76.96666666666667,0.5656331777572632,-0.06435647434261589
UBFC_PHYS_s04_T3_test,71,180,77.0,0.09813547134399414,-0.21924504849607337
UBFC_PHYS_s04_T3_test,71,181,77.03333333333333,-0.2877316176891327,-0.3694422607874399
UBFC_PHYS_s04_T3_test,71,182,77.06666666666666,-0.2751123607158661,-0.5115177301426911
UBFC_PHYS_s04_T3_test,71,183,77.1,0.061651647090911865,-0.6395004982695724
UBFC_PHYS_s04_T3_test,71,184,77.13333333333334,0.40905675292015076,-0.7407382730249181
UBFC_PHYS_s04_T3_test,71,185,77.16666666666667,0.6392049789428711,-0.7940466184504457
UBFC_PHYS_s04_T3_test,71,186,77.2,0.802758514881134,-0.7723673787605743
UBFC_PHYS_s04_T3_test,71,187,77.23333333333333,0.870191216468811,-0.6506116799976013
UBFC_PHYS_s04_T3_test,71,188,77.26666666666667,0.7979836463928223,-0.4167904010022295
UBFC_PHYS_s04_T3_test,71,189,77.3,0.6925177574157715,-0.08210335658784164
UBFC_PHYS_s04_T3_test,71,190,77.33333333333333,0.6426643133163452,0.31516649146989234
UBFC_PHYS_s04_T3_test,71,191,77.36666666666666,0.5993494987487793,0.7152596865234782
UBFC_PHYS_s04_T3_test,71,192,77.4,0.512671172618866,1.0511660481010776
UBFC_PHYS_s04_T3_test,71,193,77.43333333333334,0.41494250297546387,1.266348876905887
UBFC_PHYS_s04_T3_test,71,194,77.46666666666667,0.32867345213890076,1.3291222724298244
UBFC_PHYS_s04_T3_test,71,195,77.5,0.21536312997341156,1.2386427739634334
UBFC_PHYS_s04_T3_test,71,196,77.53333333333333,0.053066644817590714,1.0217294550386284
UBFC_PHYS_s04_T3_test,71,197,77.56666666666666,-0.10763172805309296,0.7234031305520922
UBFC_PHYS_s04_T3_test,71,198,77.6,-0.22659394145011902,0.3949605434195649
UBFC_PHYS_s04_T3_test,71,199,77.63333333333334,-0.33867645263671875,0.08263692622943447
UBFC_PHYS_s04_T3_test,71,200,77.66666666666667,-0.5090025067329407,-0.1807248920758308
UBFC_PHYS_s04_T3_test,71,201,77.7,-0.7573341727256775,-0.37921562333828795
UBFC_PHYS_s04_T3_test,71,202,77.73333333333333,-1.0055196285247803,-0.5121967729437648
UBFC_PHYS_s04_T3_test,71,203,77.76666666666667,-1.050890564918518,-0.5887950061051932
UBFC_PHYS_s04_T3_test,71,204,77.8,-0.7344732880592346,-0.6211854735745824
UBFC_PHYS_s04_T3_test,71,205,77.83333333333333,-0.18158358335494995,-0.6193137849921507
UBFC_PHYS_s04_T3_test,71,206,77.86666666666666,0.3305639326572418,-0.5884596283006439
UBFC_PHYS_s04_T3_test,71,207,77.9,0.6658272743225098,-0.52958550462127
UBFC_PHYS_s04_T3_test,71,208,77.93333333333334,0.8625026941299438,-0.4416988737325882
UBFC_PHYS_s04_T3_test,71,209,77.96666666666667,0.9758033156394958,-0.32526954843489553
UBFC_PHYS_s04_T3_test,71,210,78.0,1.0317178964614868,-0.18553783263045082
UBFC_PHYS_s04_T3_test,71,211,78.03333333333333,1.0717195272445679,-0.034399960648378955
UBFC_PHYS_s04_T3_test,71,212,78.06666666666666,1.1156872510910034,0.11018206443048088
UBFC_PHYS_s04_T3_test,71,213,78.1,1.0957107543945312,0.22751042981761727
UBFC_PHYS_s04_T3_test,71,214,78.13333333333334,0.9581460952758789,0.29937675901778354
UBFC_PHYS_s04_T3_test,71,215,78.16666666666667,0.7844483852386475,0.31542380150683896
UBFC_PHYS_s04_T3_test,71,216,78.2,0.6750358939170837,0.2766514542344141
UBFC_PHYS_s04_T3_test,71,217,78.23333333333333,0.5978488326072693,0.19563815130688256
UBFC_PHYS_s04_T3_test,71,218,78.26666666666667,0.46182382106781006,0.09318223447638521
UBFC_PHYS_s04_T3_test,71,219,78.3,0.23483286798000336,-0.007676176025484011
UBFC_PHYS_s04_T3_test,71,220,78.33333333333333,-0.05690128728747368,-0.08836616737006761
UBFC_PHYS_s04_T3_test,71,221,78.36666666666666,-0.36896270513534546,-0.1399965770461189
UBFC_PHYS_s04_T3_test,71,222,78.4,-0.7171376347541809,-0.16517108208251471
UBFC_PHYS_s04_T3_test,71,223,78.43333333333334,-1.182881236076355,-0.17556280963320517
UBFC_PHYS_s04_T3_test,71,224,78.46666666666667,-1.713309645652771,-0.1859372209114513
UBFC_PHYS_s04_T3_test,71,225,78.5,-2.0524513721466064,-0.20672355404496429
UBFC_PHYS_s04_T3_test,71,226,78.53333333333333,-2.025254249572754,-0.23790695304216708
UBFC_PHYS_s04_T3_test,71,227,78.56666666666666,-1.7388113737106323,-0.2667056096629044
UBFC_PHYS_s04_T3_test,71,228,78.6,-1.3534704446792603,-0.27032166418296527
UBFC_PHYS_s04_T3_test,71,229,78.63333333333334,-0.981918215751648,-0.22337704777337494
UBFC_PHYS_s04_T3_test,71,230,78.66666666666667,-0.67441725730896,-0.10796190018094388
UBFC_PHYS_s04_T3_test,71,231,78.7,-0.3799838423728943,0.07697547415519665
UBFC_PHYS_s04_T3_test,71,232,78.73333333333333,-0.05252595618367195,0.31044834834019963
UBFC_PHYS_s04_T3_test,71,233,78.76666666666667,0.21783825755119324,0.5510801360175686
UBFC_PHYS_s04_T3_test,71,234,78.8,0.33501720428466797,0.7460926071587062
UBFC_PHYS_s04_T3_test,71,235,78.83333333333333,0.36021676659584045,0.845383624249004
UBFC_PHYS_s04_T3_test,71,236,78.86666666666666,0.3938356637954712,0.8160959250729483
UBFC_PHYS_s04_T3_test,71,237,78.9,0.4233618378639221,0.652585656740534
UBFC_PHYS_s04_T3_test,71,238,78.93333333333334,0.3549644351005554,0.3786551158921012
UBFC_PHYS_s04_T3_test,71,239,78.96666666666667,0.16670829057693481,0.04207013131766686
UBFC_PHYS_s04_T3_test,72,0,72.0,-1.114337682723999,-0.013115737139833498
UBFC_PHYS_s04_T3_test,72,1,72.03333333333333,-1.0206140279769897,-0.1628152113407009
UBFC_PHYS_s04_T3_test,72,2,72.06666666666666,-0.6793187856674194,-0.28409130220467077
UBFC_PHYS_s04_T3_test,72,3,72.1,-0.2472037822008133,-0.35851081068109136
UBFC_PHYS_s04_T3_test,72,4,72.13333333333334,0.11023827642202377,-0.3809555243471769
UBFC_PHYS_s04_T3_test,72,5,72.16666666666667,0.36781755089759827,-0.36059739018672987
UBFC_PHYS_s04_T3_test,72,6,72.2,0.5570481419563293,-0.31667979761666815
UBFC_PHYS_s04_T3_test,72,7,72.23333333333333,0.6611108779907227,-0.2706203693611501
UBFC_PHYS_s04_T3_test,72,8,72.26666666666667,0.6572617292404175,-0.23747157729390697
UBFC_PHYS_s04_T3_test,72,9,72.3,0.5542124509811401,-0.21995018839311406
UBFC_PHYS_s04_T3_test,72,10,72.33333333333333,0.35588040947914124,-0.20722937662264204
UBFC_PHYS_s04_T3_test,72,11,72.36666666666666,0.08985254913568497,-0.1790320675268898
UBFC_PHYS_s04_T3_test,72,12,72.4,-0.15780672430992126,-0.11386580488344308
UBFC_PHYS_s04_T3_test,72,13,72.43333333333334,-0.3422040045261383,0.001169072981991445
UBFC_PHYS_s04_T3_test,72,14,72.46666666666667,-0.5251980423927307,0.16244761564594615
UBFC_PHYS_s04_T3_test,72,15,72.5,-0.751691997051239,0.34724545656719047
UBFC_PHYS_s04_T3_test,72,16,72.53333333333333,-0.9522361159324646,0.5186950180968323
UBFC_PHYS_s04_T3_test,72,17,72.56666666666666,-1.07514488697052,0.6372652598298338
UBFC_PHYS_s04_T3_test,72,18,72.6,-1.176430344581604,0.6737540133971572
UBFC_PHYS_s04_T3_test,72,19,72.63333333333334,-1.2935800552368164,0.6175990637563104
UBFC_PHYS_s04_T3_test,72,20,72.66666666666667,-1.3531781435012817,0.4777823143110865
UBFC_PHYS_s04_T3_test,72,21,72.7,-1.273749828338623,0.27798283060768236
UBFC_PHYS_s04_T3_test,72,22,72.73333333333333,-1.1103911399841309,0.0489110393636218
UBFC_PHYS_s04_T3_test,72,23,72.76666666666667,-1.0332040786743164,-0.18004213420749657
UBFC_PHYS_s04_T3_test,72,24,72.8,-1.070603847503662,-0.38798857725650726
UBFC_PHYS_s04_T3_test,72,25,72.83333333333333,-0.9779131412506104,-0.5664023353418955
UBFC_PHYS_s04_T3_test,72,26,72.86666666666666,-0.5479906797409058,-0.7178604778490572
UBFC_PHYS_s04_T3_test,72,27,72.9,0.10184816271066666,-0.8496128795082131
UBFC_PHYS_s04_T3_test,72,28,72.93333333333334,0.7098923921585083,-0.9645650271097747
UBFC_PHYS_s04_T3_test,72,29,72.96666666666667,1.1665832996368408,-1.053926756573482
UBFC_PHYS_s04_T3_test,72,30,73.0,1.4757797718048096,-1.095082990583978
UBFC_PHYS_s04_T3_test,72,31,73.03333333333333,1.6005010604858398,-1.0559552655677746
UBFC_PHYS_s04_T3_test,72,32,73.06666666666666,1.5250388383865356,-0.9047874592149294
UBFC_PHYS_s04_T3_test,72,33,73.1,1.316046118736267,-0.6225829862431418
UBFC_PHYS_s04_T3_test,72,34,73.13333333333334,1.0417742729187012,-0.2144125110223735
UBFC_PHYS_s04_T3_test,72,35,73.16666666666667,0.6739932298660278,0.28453078294408274
UBFC_PHYS_s04_T3_test,72,36,73.2,0.15949727594852448,0.811598748548335
UBFC_PHYS_s04_T3_test,72,37,73.23333333333333,-0.45299047231674194,1.289031485796127
UBFC_PHYS_s04_T3_test,72,38,73.26666666666667,-1.0481815338134766,1.6427426214821672
UBFC_PHYS_s04_T3_test,72,39,73.3,-1.5438411235809326,1.8209714670181318
UBFC_PHYS_s04_T3_test,72,40,73.33333333333333,-1.8788998126983643,1.806121751828738
UBFC_PHYS_s04_T3_test,72,41,73.36666666666666,-2.0189201831817627,1.6160286293554558
UBFC_PHYS_s04_T3_test,72,42,73.4,-2.0256147384643555,1.2950881494217188
UBFC_PHYS_s04_T3_test,72,43,73.43333333333334,-2.012673854827881,0.8993714032220181
UBFC_PHYS_s04_T3_test,72,44,73.46666666666667,-2.024474620819092,0.4816364004552634
UBFC_PHYS_s04_T3_test,72,45,73.5,-1.9964685440063477,0.08128526697226503
UBFC_PHYS_s04_T3_test,72,46,73.53333333333333,-1.7894541025161743,-0.2787190500180185
UBFC_PHYS_s04_T3_test,72,47,73.56666666666666,-1.296328067779541,-0.5891726169559365
UBFC_PHYS_s04_T3_test,72,48,73.6,-0.5462074279785156,-0.848952910997784
UBFC_PHYS_s04_T3_test,72,49,73.63333333333334,0.25548169016838074,-1.0589512462903046
UBFC_PHYS_s04_T3_test,72,50,73.66666666666667,0.8560712933540344,-1.2172801506174307
UBFC_PHYS_s04_T3_test,72,51,73.7,1.1528921127319336,-1.3166177866443154
UBFC_PHYS_s04_T3_test,72,52,73.73333333333333,1.2371731996536255,-1.3442621237936145
UBFC_PHYS_s04_T3_test,72,53,73.76666666666667,1.263756513595581,-1.2852715726815875
UBFC_PHYS_s04_T3_test,72,54,73.8,1.3417719602584839,-1.1283634217224774
UBFC_PHYS_s04_T3_test,72,55,73.83333333333333,1.4819189310073853,-0.872942563072286
UBFC_PHYS_s04_T3_test,72,56,73.86666666666666,1.5790044069290161,-0.5344038211796452
UBFC_PHYS_s04_T3_test,72,57,73.9,1.5530740022659302,-0.14499365341290715
UBFC_PHYS_s04_T3_test,72,58,73.93333333333334,1.5498095750808716,0.25052123275612276
UBFC_PHYS_s04_T3_test,72,59,73.96666666666667,1.7752803564071655,0.602951524917811
UBFC_PHYS_s04_T3_test,72,60,74.0,2.098752737045288,0.8682993389655812
UBFC_PHYS_s04_T3_test,72,61,74.03333333333333,2.110485315322876,1.0166804493308488
UBFC_PHYS_s04_T3_test,72,62,74.06666666666666,1.6794323921203613,1.0383355805318335
UBFC_PHYS_s04_T3_test,72,63,74.1,1.021661400794983,0.9448689515653936
UBFC_PHYS_s04_T3_test,72,64,74.13333333333334,0.34630146622657776,0.7651899663861642
UBFC_PHYS_s04_T3_test,72,65,74.16666666666667,-0.2589070498943329,0.5374570872245512
UBFC_PHYS_s04_T3_test,72,66,74.2,-0.6164270639419556,0.29967240785591004
UBFC_PHYS_s04_T3_test,72,67,74.23333333333333,-0.4816201329231262,0.08186430380500341
UBFC_PHYS_s04_T3_test,72,68,74.26666666666667,0.0856623649597168,-0.09801852099835687
UBFC_PHYS_s04_T3_test,72,69,74.3,0.6471176147460938,-0.2337865500840212
UBFC_PHYS_s04_T3_test,72,70,74.33333333333333,0.9323228597640991,-0.32697990933746646
UBFC_PHYS_s04_T3_test,72,71,74.36666666666666,1.0761046409606934,-0.3811218602997162
UBFC_PHYS_s04_T3_test,72,72,74.4,1.2638344764709473,-0.39707322520850197
UBFC_PHYS_s04_T3_test,72,73,74.43333333333334,1.436070442199707,-0.37186112247002634
UBFC_PHYS_s04_T3_test,72,74,74.46666666666667,1.427738904953003,-0.30140319114047026
UBFC_PHYS_s04_T3_test,72,75,74.5,1.2134062051773071,-0.18538369203709557
UBFC_PHYS_s04_T3_test,72,76,74.53333333333333,0.9220130443572998,-0.03161080232932797
UBFC_PHYS_s04_T3_test,72,77,74.56666666666666,0.6693645119667053,0.14233491288617553
UBFC_PHYS_s04_T3_test,72,78,74.6,0.45832550525665283,0.31106960061844585
UBFC_PHYS_s04_T3_test,72,79,74.63333333333334,0.24709159135818481,0.44644604255025444
UBFC_PHYS_s04_T3_test,72,80,74.66666666666667,0.0217377208173275,0.5239946823494471
UBFC_PHYS_s04_T3_test,72,81,74.7,-0.20569173991680145,0.5286391985203953
UBFC_PHYS_s04_T3_test,72,82,74.73333333333333,-0.4194105565547943,0.45786763286283405
UBFC_PHYS_s04_T3_test,72,83,74.76666666666667,-0.6128702759742737,0.3214605381691314
UBFC_PHYS_s04_T3_test,72,84,74.8,-0.8306525945663452,0.13806731110691772
UBFC_PHYS_s04_T3_test,72,85,74.83333333333333,-1.1301239728927612,-0.07006763180138663
UBFC_PHYS_s04_T3_test,72,86,74.86666666666666,-1.4000399112701416,-0.28242344918158946
UBFC_PHYS_s04_T3_test,72,87,74.9,-1.3669179677963257,-0.4837892348743055
UBFC_PHYS_s04_T3_test,72,88,74.93333333333334,-0.9380479454994202,-0.6648453602625549
UBFC_PHYS_s04_T3_test,72,89,74.96666666666667,-0.33918315172195435,-0.819509467383804
UBFC_PHYS_s04_T3_test,72,90,75.0,0.1991383582353592,-0.9402490691308489
UBFC_PHYS_s04_T3_test,72,91,75.03333333333333,0.623701274394989,-1.0137462605352172
UBFC_PHYS_s04_T3_test,72,92,75.06666666666666,0.9285321831703186,-1.0195472310316978
UBFC_PHYS_s04_T3_test,72,93,75.1,1.093956708908081,-0.9334015705609584
UBFC_PHYS_s04_T3_test,72,94,75.13333333333334,1.1258020401000977,-0.7351488598600618
UBFC_PHYS_s04_T3_test,72,95,75.16666666666667,1.0321077108383179,-0.41890685555676993
UBFC_PHYS_s04_T3_test,72,96,75.2,0.8607584238052368,-0.0017703135326986056
UBFC_PHYS_s04_T3_test,72,97,75.23333333333333,0.7162750959396362,0.473109071782211
UBFC_PHYS_s04_T3_test,72,98,75.26666666666667,0.6476340293884277,0.9418871291070509
UBFC_PHYS_s04_T3_test,72,99,75.3,0.5978001356124878,1.333570026854524
UBFC_PHYS_s04_T3_test,72,100,75.33333333333333,0.5365455150604248,1.5875116061667984
UBFC_PHYS_s04_T3_test,72,101,75.36666666666666,0.5046806335449219,1.6682116420614441
UBFC_PHYS_s04_T3_test,72,102,75.4,0.4977326989173889,1.5717564117335698
UBFC_PHYS_s04_T3_test,72,103,75.43333333333334,0.4155466556549072,1.3221758782462885
UBFC_PHYS_s04_T3_test,72,104,75.46666666666667,0.137971431016922,0.9606237566434309
UBFC_PHYS_s04_T3_test,72,105,75.5,-0.40351709723472595,0.5328560758885615
UBFC_PHYS_s04_T3_test,72,106,75.53333333333333,-1.113431453704834,0.07970265962647372
UBFC_PHYS_s04_T3_test,72,107,75.56666666666666,-1.6168185472488403,-0.3672794811342085
UBFC_PHYS_s04_T3_test,72,108,75.6,-1.5222958326339722,-0.7848673744693667
UBFC_PHYS_s04_T3_test,72,109,75.63333333333334,-0.7832937836647034,-1.153318578315428
UBFC_PHYS_s04_T3_test,72,110,75.66666666666667,0.2832830548286438,-1.4503133590538597
UBFC_PHYS_s04_T3_test,72,111,75.7,1.285262942314148,-1.6471767046472325
UBFC_PHYS_s04_T3_test,72,112,75.73333333333333,1.9981396198272705,-1.710362844146249
UBFC_PHYS_s04_T3_test,72,113,75.76666666666667,2.3649072647094727,-1.609270109114668
UBFC_PHYS_s04_T3_test,72,114,75.8,2.346421718597412,-1.328602902541348
UBFC_PHYS_s04_T3_test,72,115,75.83333333333333,1.963010311126709,-0.8806790693359425
UBFC_PHYS_s04_T3_test,72,116,75.86666666666666,1.4655674695968628,-0.311653786942146
UBFC_PHYS_s04_T3_test,72,117,75.9,1.1240383386611938,0.3029776019645787
UBFC_PHYS_s04_T3_test,72,118,75.93333333333334,0.8685443997383118,0.8738669115734403
UBFC_PHYS_s04_T3_test,72,119,75.96666666666667,0.4857078492641449,1.3193067691691847
UBFC_PHYS_s04_T3_test,72,120,76.0,-0.007544833235442638,1.5845752337766454
UBFC_PHYS_s04_T3_test,72,121,76.03333333333333,-0.4878566861152649,1.6519739384625873
UBFC_PHYS_s04_T3_test,72,122,76.06666666666666,-0.9669991731643677,1.5392357199108087
UBFC_PHYS_s04_T3_test,72,123,76.1,-1.4233977794647217,1.2891600427724554
UBFC_PHYS_s04_T3_test,72,124,76.13333333333334,-1.72311270236969,0.9555953551691968
UBFC_PHYS_s04_T3_test,72,125,76.16666666666667,-1.867303729057312,0.5903778317404322
UBFC_PHYS_s04_T3_test,72,126,76.2,-2.0427165031433105,0.23424921173724803
UBFC_PHYS_s04_T3_test,72,127,76.23333333333333,-2.366032838821411,-0.08703859721041891
UBFC_PHYS_s04_T3_test,72,128,76.26666666666667,-2.779623508453369,-0.36192917528504687
UBFC_PHYS_s04_T3_test,72,129,76.3,-3.1219711303710938,-0.5891954925015721
UBFC_PHYS_s04_T3_test,72,130,76.33333333333333,-3.235349655151367,-0.7728785427987432
UBFC_PHYS_s04_T3_test,72,131,76.36666666666666,-3.1064867973327637,-0.9175059997548766
UBFC_PHYS_s04_T3_test,72,132,76.4,-2.822324275970459,-1.024437835896491
UBFC_PHYS_s04_T3_test,72,133,76.43333333333334,-2.3792757987976074,-1.089695662120522
UBFC_PHYS_s04_T3_test,72,134,76.46666666666667,-1.766115665435791,-1.103445467929693
UBFC_PHYS_s04_T3_test,72,135,76.5,-1.0798417329788208,-1.0513479360443643
UBFC_PHYS_s04_T3_test,72,136,76.53333333333333,-0.39807960391044617,-0.9180055328684745
UBFC_PHYS_s04_T3_test,72,137,76.56666666666666,0.1857687532901764,-0.6923956822824421
UBFC_PHYS_s04_T3_test,72,138,76.6,0.5222306847572327,-0.37436868902969705
UBFC_PHYS_s04_T3_test,72,139,76.63333333333334,0.6632838845252991,0.019698547291885485
UBFC_PHYS_s04_T3_test,72,140,76.66666666666667,0.8423313498497009,0.4545598141318634
UBFC_PHYS_s04_T3_test,72,141,76.7,1.1137772798538208,0.8789927071501662
UBFC_PHYS_s04_T3_test,72,142,76.73333333333333,1.32268226146698,1.2341051732517152
UBFC_PHYS_s04_T3_test,72,143,76.76666666666667,1.380204677581787,1.4651928408523198
UBFC_PHYS_s04_T3_test,72,144,76.8,1.3272719383239746,1.5339907704393816
UBFC_PHYS_s04_T3_test,72,145,76.83333333333333,1.207072138786316,1.427854082521102
UBFC_PHYS_s04_T3_test,72,146,76.86666666666666,1.0584765672683716,1.162983505412419
UBFC_PHYS_s04_T3_test,72,147,76.9,0.9419992566108704,0.7803857738786701
UBFC_PHYS_s04_T3_test,72,148,76.93333333333334,0.8306280970573425,0.3356153956637117
UBFC_PHYS_s04_T3_test,72,149,76.96666666666667,0.5656331777572632,-0.11449561455247172
UBFC_PHYS_s04_T3_test,72,150,77.0,0.09813547134399414,-0.5239416922468543
UBFC_PHYS_s04_T3_test,72,151,77.03333333333333,-0.2877316176891327,-0.8647347440578443
UBFC_PHYS_s04_T3_test,72,152,77.06666666666666,-0.2751123607158661,-1.1270434336361304
UBFC_PHYS_s04_T3_test,72,153,77.1,0.061651647090911865,-1.3126592001453525
UBFC_PHYS_s04_T3_test,72,154,77.13333333333334,0.40905675292015076,-1.4249131426295587
UBFC_PHYS_s04_T3_test,72,155,77.16666666666667,0.6392049789428711,-1.4597863477990012
UBFC_PHYS_s04_T3_test,72,156,77.2,0.802758514881134,-1.4024747977828316
UBFC_PHYS_s04_T3_test,72,157,77.23333333333333,0.870191216468811,-1.2314838415980667
UBFC_PHYS_s04_T3_test,72,158,77.26666666666667,0.7979836463928223,-0.9294345601177686
UBFC_PHYS_s04_T3_test,72,159,77.3,0.6925177574157715,-0.4968771780661358
UBFC_PHYS_s04_T3_test,72,160,77.33333333333333,0.6426643133163452,0.036690894576698864
UBFC_PHYS_s04_T3_test,72,161,77.36666666666666,0.5993494987487793,0.6105414060281736
UBFC_PHYS_s04_T3_test,72,162,77.4,0.512671172618866,1.1424549663536523
UBFC_PHYS_s04_T3_test,72,163,77.43333333333334,0.41494250297546387,1.5486356070347098
UBFC_PHYS_s04_T3_test,72,164,77.46666666666667,0.32867345213890076,1.766442758805954
UBFC_PHYS_s04_T3_test,72,165,77.5,0.21536312997341156,1.7706344830792844
UBFC_PHYS_s04_T3_test,72,166,77.53333333333333,0.053066644817590714,1.577389486397022
UBFC_PHYS_s04_T3_test,72,167,77.56666666666666,-0.10763172805309296,1.2363199786292662
UBFC_PHYS_s04_T3_test,72,168,77.6,-0.22659394145011902,0.8147906010560456
UBFC_PHYS_s04_T3_test,72,169,77.63333333333334,-0.33867645263671875,0.3801903532444296
UBFC_PHYS_s04_T3_test,72,170,77.66666666666667,-0.5090025067329407,-0.014703400091781907
UBFC_PHYS_s04_T3_test,72,171,77.7,-0.7573341727256775,-0.3397846345653591
UBFC_PHYS_s04_T3_test,72,172,77.73333333333333,-1.0055196285247803,-0.5879269781340247
UBFC_PHYS_s04_T3_test,72,173,77.76666666666667,-1.050890564918518,-0.7687456230290384
UBFC_PHYS_s04_T3_test,72,174,77.8,-0.7344732880592346,-0.8988198873080249
UBFC_PHYS_s04_T3_test,72,175,77.83333333333333,-0.18158358335494995,-0.9919373807010364
UBFC_PHYS_s04_T3_test,72,176,77.86666666666666,0.3305639326572418,-1.0521194917373413
UBFC_PHYS_s04_T3_test,72,177,77.9,0.6658272743225098,-1.0709157574676567
UBFC_PHYS_s04_T3_test,72,178,77.93333333333334,0.8625026941299438,-1.029522334769108
UBFC_PHYS_s04_T3_test,72,179,77.96666666666667,0.9758033156394958,-0.9054613283441848
UBFC_PHYS_s04_T3_test,72,180,78.0,1.0317178964614868,-0.6823792860056626
UBFC_PHYS_s04_T3_test,72,181,78.03333333333333,1.0717195272445679,-0.3601744922714981
UBFC_PHYS_s04_T3_test,72,182,78.06666666666666,1.1156872510910034,0.038179627375552756
UBFC_PHYS_s04_T3_test,72,183,78.1,1.0957107543945312,0.4663452238707045
UBFC_PHYS_s04_T3_test,72,184,78.13333333333334,0.9581460952758789,0.8621733598763501
UBFC_PHYS_s04_T3_test,72,185,78.16666666666667,0.7844483852386475,1.161582634651937
UBFC_PHYS_s04_T3_test,72,186,78.2,0.6750358939170837,1.3146622616392656
UBFC_PHYS_s04_T3_test,72,187,78.23333333333333,0.5978488326072693,1.2986935629294172
UBFC_PHYS_s04_T3_test,72,188,78.26666666666667,0.46182382106781006,1.1236000817729253
UBFC_PHYS_s04_T3_test,72,189,78.3,0.23483286798000336,0.8279401455913155
UBFC_PHYS_s04_T3_test,72,190,78.33333333333333,-0.05690128728747368,0.46695092945037847
UBFC_PHYS_s04_T3_test,72,191,78.36666666666666,-0.36896270513534546,0.09689500631840674
UBFC_PHYS_s04_T3_test,72,192,78.4,-0.7171376347541809,-0.23904922083701838
UBFC_PHYS_s04_T3_test,72,193,78.43333333333334,-1.182881236076355,-0.5189379561190827
UBFC_PHYS_s04_T3_test,72,194,78.46666666666667,-1.713309645652771,-0.7419384529519532
UBFC_PHYS_s04_T3_test,72,195,78.5,-2.0524513721466064,-0.9203761947233277
UBFC_PHYS_s04_T3_test,72,196,78.53333333333333,-2.025254249572754,-1.0671125476327776
UBFC_PHYS_s04_T3_test,72,197,78.56666666666666,-1.7388113737106323,-1.1832415547959245
UBFC_PHYS_s04_T3_test,72,198,78.6,-1.3534704446792603,-1.2513088664965895
UBFC_PHYS_s04_T3_test,72,199,78.63333333333334,-0.981918215751648,-1.237536792231946
UBFC_PHYS_s04_T3_test,72,200,78.66666666666667,-0.67441725730896,-1.1032369315797936
UBFC_PHYS_s04_T3_test,72,201,78.7,-0.3799838423728943,-0.8218521007768897
UBFC_PHYS_s04_T3_test,72,202,78.73333333333333,-0.05252595618367195,-0.395338144246867
UBFC_PHYS_s04_T3_test,72,203,78.76666666666667,0.21783825755119324,0.13699168663637082
UBFC_PHYS_s04_T3_test,72,204,78.8,0.33501720428466797,0.7019709317239881
UBFC_PHYS_s04_T3_test,72,205,78.83333333333333,0.36021676659584045,1.2088696327834998
UBFC_PHYS_s04_T3_test,72,206,78.86666666666666,0.3938356637954712,1.5736171170051738
UBFC_PHYS_s04_T3_test,72,207,78.9,0.4233618378639221,1.7422353692792543
UBFC_PHYS_s04_T3_test,72,208,78.93333333333334,0.3549644351005554,1.7044565379174208
UBFC_PHYS_s04_T3_test,72,209,78.96666666666667,0.16670829057693481,1.4925181665120786
UBFC_PHYS_s04_T3_test,72,210,79.0,-0.03283209726214409,1.1668720932293386
UBFC_PHYS_s04_T3_test,72,211,79.03333333333333,-0.14381346106529236,0.795836555643051
UBFC_PHYS_s04_T3_test,72,212,79.06666666666666,-0.2459077537059784,0.4369596690777988
UBFC_PHYS_s04_T3_test,72,213,79.1,-0.44079020619392395,0.12523119104493627
UBFC_PHYS_s04_T3_test,72,214,79.13333333333334,-0.6104146838188171,-0.12996519463309844
UBFC_PHYS_s04_T3_test,72,215,79.16666666666667,-0.5527070760726929,-0.3399648028248178
UBFC_PHYS_s04_T3_test,72,216,79.2,-0.2815535366535187,-0.526774271524065
UBFC_PHYS_s04_T3_test,72,217,79.23333333333333,0.0325152613222599,-0.711578850919204
UBFC_PHYS_s04_T3_test,72,218,79.26666666666667,0.2906305193901062,-0.9052561156361956
UBFC_PHYS_s04_T3_test,72,219,79.3,0.492938369512558,-1.1031079534366621
UBFC_PHYS_s04_T3_test,72,220,79.33333333333333,0.6728239059448242,-1.2844101887120232
UBFC_PHYS_s04_T3_test,72,221,79.36666666666666,0.8352275490760803,-1.4162537714891996
UBFC_PHYS_s04_T3_test,72,222,79.4,0.9025043249130249,-1.4608670007948534
UBFC_PHYS_s04_T3_test,72,223,79.43333333333334,0.8197336196899414,-1.385471402452817
UBFC_PHYS_s04_T3_test,72,224,79.46666666666667,0.6903641819953918,-1.1729751021611212
UBFC_PHYS_s04_T3_test,72,225,79.5,0.6467083096504211,-0.8306175949007579
UBFC_PHYS_s04_T3_test,72,226,79.53333333333333,0.6420796513557434,-0.3930239096975673
UBFC_PHYS_s04_T3_test,72,227,79.56666666666666,0.5381631255149841,0.08273289994261052
UBFC_PHYS_s04_T3_test,72,228,79.6,0.32262206077575684,0.5293440102668067
UBFC_PHYS_s04_T3_test,72,229,79.63333333333334,0.08840060234069824,0.8848408335201786
UBFC_PHYS_s04_T3_test,72,230,79.66666666666667,-0.0964156836271286,1.1064616718018199
UBFC_PHYS_s04_T3_test,72,231,79.7,-0.23548102378845215,1.178940012846307
UBFC_PHYS_s04_T3_test,72,232,79.73333333333333,-0.39482489228248596,1.1158342000112524
UBFC_PHYS_s04_T3_test,72,233,79.76666666666667,-0.634454607963562,0.954632923636642
UBFC_PHYS_s04_T3_test,72,234,79.8,-0.8359731435775757,0.7471731392764848
UBFC_PHYS_s04_T3_test,72,235,79.83333333333333,-0.7410703897476196,0.5471240281930791
UBFC_PHYS_s04_T3_test,72,236,79.86666666666666,-0.29510828852653503,0.39690568964788575
UBFC_PHYS_s04_T3_test,72,237,79.9,0.23994877934455872,0.3171859348245141
UBFC_PHYS_s04_T3_test,72,238,79.93333333333334,0.617766797542572,0.3021572879307236
UBFC_PHYS_s04_T3_test,72,239,79.96666666666667,0.8367087244987488,0.3225459824848264
UBFC_PHYS_s04_T3_test,73,0,73.0,1.4757797718048096,0.1724710342170194
UBFC_PHYS_s04_T3_test,73,1,73.03333333333333,1.6005010604858398,0.10265392606201691
UBFC_PHYS_s04_T3_test,73,2,73.06666666666666,1.5250388383865356,0.08035640765043564
UBFC_PHYS_s04_T3_test,73,3,73.1,1.316046118736267,0.14430919447563684
UBFC_PHYS_s04_T3_test,73,4,73.13333333333334,1.0417742729187012,0.3119651112047251
UBFC_PHYS_s04_T3_test,73,5,73.16666666666667,0.6739932298660278,0.5736958566309903
UBFC_PHYS_s04_T3_test,73,6,73.2,0.15949727594852448,0.8931545812995365
UBFC_PHYS_s04_T3_test,73,7,73.23333333333333,-0.45299047231674194,1.2148294185813673
UBFC_PHYS_s04_T3_test,73,8,73.26666666666667,-1.0481815338134766,1.4772093446506374
UBFC_PHYS_s04_T3_test,73,9,73.3,-1.5438411235809326,1.6275586415294871
UBFC_PHYS_s04_T3_test,73,10,73.33333333333333,-1.8788998126983643,1.6337887056667073
UBFC_PHYS_s04_T3_test,73,11,73.36666666666666,-2.0189201831817627,1.4902788542307182
UBFC_PHYS_s04_T3_test,73,12,73.4,-2.0256147384643555,1.2166948353415212
UBFC_PHYS_s04_T3_test,73,13,73.43333333333334,-2.012673854827881,0.8509645748408662
UBFC_PHYS_s04_T3_test,73,14,73.46666666666667,-2.024474620819092,0.4389842809645972
UBFC_PHYS_s04_T3_test,73,15,73.5,-1.9964685440063477,0.02407510546824753
UBFC_PHYS_s04_T3_test,73,16,73.53333333333333,-1.7894541025161743,-0.3612201733056201
UBFC_PHYS_s04_T3_test,73,17,73.56666666666666,-1.296328067779541,-0.6993341751343221
UBFC_PHYS_s04_T3_test,73,18,73.6,-0.5462074279785156,-0.987237815016266
UBFC_PHYS_s04_T3_test,73,19,73.63333333333334,0.25548169016838074,-1.231761705289267
UBFC_PHYS_s04_T3_test,73,20,73.66666666666667,0.8560712933540344,-1.4420349625588418
UBFC_PHYS_s04_T3_test,73,21,73.7,1.1528921127319336,-1.621172601482276
UBFC_PHYS_s04_T3_test,73,22,73.73333333333333,1.2371731996536255,-1.759750631305001
UBFC_PHYS_s04_T3_test,73,23,73.76666666666667,1.263756513595581,-1.8335666259934398
UBFC_PHYS_s04_T3_test,73,24,73.8,1.3417719602584839,-1.8075214204822823
UBFC_PHYS_s04_T3_test,73,25,73.83333333333333,1.4819189310073853,-1.6458494258386096
UBFC_PHYS_s04_T3_test,73,26,73.86666666666666,1.5790044069290161,-1.326429465909787
UBFC_PHYS_s04_T3_test,73,27,73.9,1.5530740022659302,-0.8544070964634324
UBFC_PHYS_s04_T3_test,73,28,73.93333333333334,1.5498095750808716,-0.2692573385432851
UBFC_PHYS_s04_T3_test,73,29,73.96666666666667,1.7752803564071655,0.3589498356160038
UBFC_PHYS_s04_T3_test,73,30,74.0,2.098752737045288,0.9440110021161112
UBFC_PHYS_s04_T3_test,73,31,74.03333333333333,2.110485315322876,1.4040822218864664
UBFC_PHYS_s04_T3_test,73,32,74.06666666666666,1.6794323921203613,1.6812011864425844
UBFC_PHYS_s04_T3_test,73,33,74.1,1.021661400794983,1.7536288282155368
UBFC_PHYS_s04_T3_test,73,34,74.13333333333334,0.34630146622657776,1.637880854504984
UBFC_PHYS_s04_T3_test,73,35,74.16666666666667,-0.2589070498943329,1.3810369304840378
UBFC_PHYS_s04_T3_test,73,36,74.2,-0.6164270639419556,1.046711077207687
UBFC_PHYS_s04_T3_test,73,37,74.23333333333333,-0.4816201329231262,0.6992751115874161
UBFC_PHYS_s04_T3_test,73,38,74.26666666666667,0.0856623649597168,0.39061118087376995
UBFC_PHYS_s04_T3_test,73,39,74.3,0.6471176147460938,0.15225316746739057
UBFC_PHYS_s04_T3_test,73,40,74.33333333333333,0.9323228597640991,-0.006158005861419092
UBFC_PHYS_s04_T3_test,73,41,74.36666666666666,1.0761046409606934,-0.0930424390294493
UBFC_PHYS_s04_T3_test,73,42,74.4,1.2638344764709473,-0.1278882582447879
UBFC_PHYS_s04_T3_test,73,43,74.43333333333334,1.436070442199707,-0.13362221504026597
UBFC_PHYS_s04_T3_test,73,44,74.46666666666667,1.427738904953003,-0.13025113999308313
UBFC_PHYS_s04_T3_test,73,45,74.5,1.2134062051773071,-0.13079281149122388
UBFC_PHYS_s04_T3_test,73,46,74.53333333333333,0.9220130443572998,-0.13992383283966434
UBFC_PHYS_s04_T3_test,73,47,74.56666666666666,0.6693645119667053,-0.15534694632066304
UBFC_PHYS_s04_T3_test,73,48,74.6,0.45832550525665283,-0.17127925831626856
UBFC_PHYS_s04_T3_test,73,49,74.63333333333334,0.24709159135818481,-0.18272359755390677
UBFC_PHYS_s04_T3_test,73,50,74.66666666666667,0.0217377208173275,-0.18871649422194334
UBFC_PHYS_s04_T3_test,73,51,74.7,-0.20569173991680145,-0.19313539368316957
UBFC_PHYS_s04_T3_test,73,52,74.73333333333333,-0.4194105565547943,-0.2029672854759366
UBFC_PHYS_s04_T3_test,73,53,74.76666666666667,-0.6128702759742737,-0.22523135060202162
UBFC_PHYS_s04_T3_test,73,54,74.8,-0.8306525945663452,-0.2640686294432431
UBFC_PHYS_s04_T3_test,73,55,74.83333333333333,-1.1301239728927612,-0.3189831327003659
UBFC_PHYS_s04_T3_test,73,56,74.86666666666666,-1.4000399112701416,-0.38449946980011557
UBFC_PHYS_s04_T3_test,73,57,74.9,-1.3669179677963257,-0.4510723056614368
UBFC_PHYS_s04_T3_test,73,58,74.93333333333334,-0.9380479454994202,-0.5070230345478653
UBFC_PHYS_s04_T3_test,73,59,74.96666666666667,-0.33918315172195435,-0.5412306340336384
UBFC_PHYS_s04_T3_test,73,60,75.0,0.1991383582353592,-0.5459605132267382
UBFC_PHYS_s04_T3_test,73,61,75.03333333333333,0.623701274394989,-0.5187839672185921
UBFC_PHYS_s04_T3_test,73,62,75.06666666666666,0.9285321831703186,-0.4624984734494229
UBFC_PHYS_s04_T3_test,73,63,75.1,1.093956708908081,-0.3826725959548882
UBFC_PHYS_s04_T3_test,73,64,75.13333333333334,1.1258020401000977,-0.28377993495152753
UBFC_PHYS_s04_T3_test,73,65,75.16666666666667,1.0321077108383179,-0.16602356200756194
UBFC_PHYS_s04_T3_test,73,66,75.2,0.8607584238052368,-0.025004008696085975
UBFC_PHYS_s04_T3_test,73,67,75.23333333333333,0.7162750959396362,0.14487893353019007
UBFC_PHYS_s04_T3_test,73,68,75.26666666666667,0.6476340293884277,0.34445765299055664
UBFC_PHYS_s04_T3_test,73,69,75.3,0.5978001356124878,0.5641669200870746
UBFC_PHYS_s04_T3_test,73,70,75.33333333333333,0.5365455150604248,0.7819693931883416
UBFC_PHYS_s04_T3_test,73,71,75.36666666666666,0.5046806335449219,0.9664669271818892
UBFC_PHYS_s04_T3_test,73,72,75.4,0.4977326989173889,1.0840392062328938
UBFC_PHYS_s04_T3_test,73,73,75.43333333333334,0.4155466556549072,1.1068352805467623
UBFC_PHYS_s04_T3_test,73,74,75.46666666666667,0.137971431016922,1.0186574763492675
UBFC_PHYS_s04_T3_test,73,75,75.5,-0.40351709723472595,0.8175470836744562
UBFC_PHYS_s04_T3_test,73,76,75.53333333333333,-1.113431453704834,0.5156400215754529
UBFC_PHYS_s04_T3_test,73,77,75.56666666666666,-1.6168185472488403,0.13768326262008224
UBFC_PHYS_s04_T3_test,73,78,75.6,-1.5222958326339722,-0.2806785249648103
UBFC_PHYS_s04_T3_test,73,79,75.63333333333334,-0.7832937836647034,-0.6947207193414172
UBFC_PHYS_s04_T3_test,73,80,75.66666666666667,0.2832830548286438,-1.053432235631614
UBFC_PHYS_s04_T3_test,73,81,75.7,1.285262942314148,-1.3045424209597647
UBFC_PHYS_s04_T3_test,73,82,75.73333333333333,1.9981396198272705,-1.4024901711894235
UBFC_PHYS_s04_T3_test,73,83,75.76666666666667,2.3649072647094727,-1.31867271431035
UBFC_PHYS_s04_T3_test,73,84,75.8,2.346421718597412,-1.0515869538639633
UBFC_PHYS_s04_T3_test,73,85,75.83333333333333,1.963010311126709,-0.6330404196940512
UBFC_PHYS_s04_T3_test,73,86,75.86666666666666,1.4655674695968628,-0.12638750896762793
UBFC_PHYS_s04_T3_test,73,87,75.9,1.1240383386611938,0.38513245840137045
UBFC_PHYS_s04_T3_test,73,88,75.93333333333334,0.8685443997383118,0.8175952814149465
UBFC_PHYS_s04_T3_test,73,89,75.96666666666667,0.4857078492641449,1.1068859737267354
UBFC_PHYS_s04_T3_test,73,90,76.0,-0.007544833235442638,1.2233630381269804
UBFC_PHYS_s04_T3_test,73,91,76.03333333333333,-0.4878566861152649,1.1759220966090294
UBFC_PHYS_s04_T3_test,73,92,76.06666666666666,-0.9669991731643677,1.0048216272518657
UBFC_PHYS_s04_T3_test,73,93,76.1,-1.4233977794647217,0.7666310556015523
UBFC_PHYS_s04_T3_test,73,94,76.13333333333334,-1.72311270236969,0.5169442407367171
UBFC_PHYS_s04_T3_test,73,95,76.16666666666667,-1.867303729057312,0.29646195986379353
UBFC_PHYS_s04_T3_test,73,96,76.2,-2.0427165031433105,0.12405840113972466
UBFC_PHYS_s04_T3_test,73,97,76.23333333333333,-2.366032838821411,-0.002380708541740481
UBFC_PHYS_s04_T3_test,73,98,76.26666666666667,-2.779623508453369,-0.09904596787954885
UBFC_PHYS_s04_T3_test,73,99,76.3,-3.1219711303710938,-0.18640592528358635
UBFC_PHYS_s04_T3_test,73,100,76.33333333333333,-3.235349655151367,-0.28001985172464766
UBFC_PHYS_s04_T3_test,73,101,76.36666666666666,-3.1064867973327637,-0.38467142559824696
UBFC_PHYS_s04_T3_test,73,102,76.4,-2.822324275970459,-0.49303223501440274
UBFC_PHYS_s04_T3_test,73,103,76.43333333333334,-2.3792757987976074,-0.588537370984568
UBFC_PHYS_s04_T3_test,73,104,76.46666666666667,-1.766115665435791,-0.6511331063933481
UBFC_PHYS_s04_T3_test,73,105,76.5,-1.0798417329788208,-0.6640436362701494
UBFC_PHYS_s04_T3_test,73,106,76.53333333333333,-0.39807960391044617,-0.6195394752497962
UBFC_PHYS_s04_T3_test,73,107,76.56666666666666,0.1857687532901764,-0.5219371654610888
UBFC_PHYS_s04_T3_test,73,108,76.6,0.5222306847572327,-0.38683110593817666
UBFC_PHYS_s04_T3_test,73,109,76.63333333333334,0.6632838845252991,-0.23676361707767632
UBFC_PHYS_s04_T3_test,73,110,76.66666666666667,0.8423313498497009,-0.09482150871531679
UBFC_PHYS_s04_T3_test,73,111,76.7,1.1137772798538208,0.02159098933158699
UBFC_PHYS_s04_T3_test,73,112,76.73333333333333,1.32268226146698,0.10471847513044735
UBFC_PHYS_s04_T3_test,73,113,76.76666666666667,1.380204677581787,0.15699239474986476
UBFC_PHYS_s04_T3_test,73,114,76.8,1.3272719383239746,0.18818068716807088
UBFC_PHYS_s04_T3_test,73,115,76.83333333333333,1.207072138786316,0.21029833424134634
UBFC_PHYS_s04_T3_test,73,116,76.86666666666666,1.0584765672683716,0.23211672390412394
UBFC_PHYS_s04_T3_test,73,117,76.9,0.9419992566108704,0.2550869516958011
UBFC_PHYS_s04_T3_test,73,118,76.93333333333334,0.8306280970573425,0.27180656295019096
UBFC_PHYS_s04_T3_test,73,119,76.96666666666667,0.5656331777572632,0.2674078585934247
UBFC_PHYS_s04_T3_test,73,120,77.0,0.09813547134399414,0.22382604983440202
UBFC_PHYS_s04_T3_test,73,121,77.03333333333333,-0.2877316176891327,0.12638478679845197
UBFC_PHYS_s04_T3_test,73,122,77.06666666666666,-0.2751123607158661,-0.028854123890673055
UBFC_PHYS_s04_T3_test,73,123,77.1,0.061651647090911865,-0.2294270683808362
UBFC_PHYS_s04_T3_test,73,124,77.13333333333334,0.40905675292015076,-0.44495925744129
UBFC_PHYS_s04_T3_test,73,125,77.16666666666667,0.6392049789428711,-0.6312557084636866
UBFC_PHYS_s04_T3_test,73,126,77.2,0.802758514881134,-0.7397121234722622
UBFC_PHYS_s04_T3_test,73,127,77.23333333333333,0.870191216468811,-0.7298944784563058
UBFC_PHYS_s04_T3_test,73,128,77.26666666666667,0.7979836463928223,-0.5817480789771776
UBFC_PHYS_s04_T3_test,73,129,77.3,0.6925177574157715,-0.30350411726374354
UBFC_PHYS_s04_T3_test,73,130,77.33333333333333,0.6426643133163452,0.06774842588122981
UBFC_PHYS_s04_T3_test,73,131,77.36666666666666,0.5993494987487793,0.4736917332592488
UBFC_PHYS_s04_T3_test,73,132,77.4,0.512671172618866,0.8486031753064409
UBFC_PHYS_s04_T3_test,73,133,77.43333333333334,0.41494250297546387,1.1349570429478233
UBFC_PHYS_s04_T3_test,73,134,77.46666666666667,0.32867345213890076,1.2956441303881963
UBFC_PHYS_s04_T3_test,73,135,77.5,0.21536312997341156,1.3191823043057689
UBFC_PHYS_s04_T3_test,73,136,77.53333333333333,0.053066644817590714,1.2174866194770373
UBFC_PHYS_s04_T3_test,73,137,77.56666666666666,-0.10763172805309296,1.018561497538538
UBFC_PHYS_s04_T3_test,73,138,77.6,-0.22659394145011902,0.757281821200116
UBFC_PHYS_s04_T3_test,73,139,77.63333333333334,-0.33867645263671875,0.4668442317202244
UBFC_PHYS_s04_T3_test,73,140,77.66666666666667,-0.5090025067329407,0.17272416782527578
UBFC_PHYS_s04_T3_test,73,141,77.7,-0.7573341727256775,-0.10980563672549648
UBFC_PHYS_s04_T3_test,73,142,77.73333333333333,-1.0055196285247803,-0.37458758798814573
UBFC_PHYS_s04_T3_test,73,143,77.76666666666667,-1.050890564918518,-0.6208779966173076
UBFC_PHYS_s04_T3_test,73,144,77.8,-0.7344732880592346,-0.8484392097600313
UBFC_PHYS_s04_T3_test,73,145,77.83333333333333,-0.18158358335494995,-1.0528344106096557
UBFC_PHYS_s04_T3_test,73,146,77.86666666666666,0.3305639326572418,-1.2221622500606748
UBFC_PHYS_s04_T3_test,73,147,77.9,0.6658272743225098,-1.3362747252150955
UBFC_PHYS_s04_T3_test,73,148,77.93333333333334,0.8625026941299438,-1.3692458226021893
UBFC_PHYS_s04_T3_test,73,149,77.96666666666667,0.9758033156394958,-1.2952570749398227
UBFC_PHYS_s04_T3_test,73,150,78.0,1.0317178964614868,-1.0970012775179927
UBFC_PHYS_s04_T3_test,73,151,78.03333333333333,1.0717195272445679,-0.7744133509962182
UBFC_PHYS_s04_T3_test,73,152,78.06666666666666,1.1156872510910034,-0.35059771992108407
UBFC_PHYS_s04_T3_test,73,153,78.1,1.0957107543945312,0.12803635864709792
UBFC_PHYS_s04_T3_test,73,154,78.13333333333334,0.9581460952758789,0.5988248829424707
UBFC_PHYS_s04_T3_test,73,155,78.16666666666667,0.7844483852386475,0.9958596684576501
UBFC_PHYS_s04_T3_test,73,156,78.2,0.6750358939170837,1.2651584604590993
UBFC_PHYS_s04_T3_test,73,157,78.23333333333333,0.5978488326072693,1.3769689450427698
UBFC_PHYS_s04_T3_test,73,158,78.26666666666667,0.46182382106781006,1.3310866313397243
UBFC_PHYS_s04_T3_test,73,159,78.3,0.23483286798000336,1.1537004185111361
UBFC_PHYS_s04_T3_test,73,160,78.33333333333333,-0.05690128728747368,0.8874332995473838
UBFC_PHYS_s04_T3_test,73,161,78.36666666666666,-0.36896270513534546,0.578507923644243
UBFC_PHYS_s04_T3_test,73,162,78.4,-0.7171376347541809,0.2654338432320373
UBFC_PHYS_s04_T3_test,73,163,78.43333333333334,-1.182881236076355,-0.027570483654229754
UBFC_PHYS_s04_T3_test,73,164,78.46666666666667,-1.713309645652771,-0.291236710607304
UBFC_PHYS_s04_T3_test,73,165,78.5,-2.0524513721466064,-0.5267544531816186
UBFC_PHYS_s04_T3_test,73,166,78.53333333333333,-2.025254249572754,-0.7381784600977149
UBFC_PHYS_s04_T3_test,73,167,78.56666666666666,-1.7388113737106323,-0.9244076057887687
UBFC_PHYS_s04_T3_test,73,168,78.6,-1.3534704446792603,-1.073549438956819
UBFC_PHYS_s04_T3_test,73,169,78.63333333333334,-0.981918215751648,-1.1620521987098775
UBFC_PHYS_s04_T3_test,73,170,78.66666666666667,-0.67441725730896,-1.1597680968001656
UBFC_PHYS_s04_T3_test,73,171,78.7,-0.3799838423728943,-1.0400609692245488
UBFC_PHYS_s04_T3_test,73,172,78.73333333333333,-0.05252595618367195,-0.7916885443304676
UBFC_PHYS_s04_T3_test,73,173,78.76666666666667,0.21783825755119324,-0.42770242598591335
UBFC_PHYS_s04_T3_test,73,174,78.8,0.33501720428466797,0.012855281954654787
UBFC_PHYS_s04_T3_test,73,175,78.83333333333333,0.36021676659584045,0.4719775762604597
UBFC_PHYS_s04_T3_test,73,176,78.86666666666666,0.3938356637954712,0.8861750476382754
UBFC_PHYS_s04_T3_test,73,177,78.9,0.4233618378639221,1.2014320400619507
UBFC_PHYS_s04_T3_test,73,178,78.93333333333334,0.3549644351005554,1.3845409225752237
UBFC_PHYS_s04_T3_test,73,179,78.96666666666667,0.16670829057693481,1.4276709035524242
UBFC_PHYS_s04_T3_test,73,180,79.0,-0.03283209726214409,1.3456210721007495
UBFC_PHYS_s04_T3_test,73,181,79.03333333333333,-0.14381346106529236,1.1675650420691868
UBFC_PHYS_s04_T3_test,73,182,79.06666666666666,-0.2459077537059784,0.9266937388595511
UBFC_PHYS_s04_T3_test,73,183,79.1,-0.44079020619392395,0.6514750058053855
UBFC_PHYS_s04_T3_test,73,184,79.13333333333334,-0.6104146838188171,0.3611311511191426
UBFC_PHYS_s04_T3_test,73,185,79.16666666666667,-0.5527070760726929,0.06596719943890439
UBFC_PHYS_s04_T3_test,73,186,79.2,-0.2815535366535187,-0.2287385032942434
UBFC_PHYS_s04_T3_test,73,187,79.23333333333333,0.0325152613222599,-0.5176969373227829
UBFC_PHYS_s04_T3_test,73,188,79.26666666666667,0.2906305193901062,-0.7918103481618607
UBFC_PHYS_s04_T3_test,73,189,79.3,0.492938369512558,-1.0369495664053097
UBFC_PHYS_s04_T3_test,73,190,79.33333333333333,0.6728239059448242,-1.2351889268819516
UBFC_PHYS_s04_T3_test,73,191,79.36666666666666,0.8352275490760803,-1.367462079576722
UBFC_PHYS_s04_T3_test,73,192,79.4,0.9025043249130249,-1.4166692486247807
UBFC_PHYS_s04_T3_test,73,193,79.43333333333334,0.8197336196899414,-1.3706768142268042
UBFC_PHYS_s04_T3_test,73,194,79.46666666666667,0.6903641819953918,-1.2246920628614613
UBFC_PHYS_s04_T3_test,73,195,79.5,0.6467083096504211,-0.9824122729588244
UBFC_PHYS_s04_T3_test,73,196,79.53333333333333,0.6420796513557434,-0.6556855424272884
UBFC_PHYS_s04_T3_test,73,197,79.56666666666666,0.5381631255149841,-0.26323234068581586
UBFC_PHYS_s04_T3_test,73,198,79.6,0.32262206077575684,0.17032500714902812
UBFC_PHYS_s04_T3_test,73,199,79.63333333333334,0.08840060234069824,0.6143718192770754
UBFC_PHYS_s04_T3_test,73,200,79.66666666666667,-0.0964156836271286,1.0322048261298538
UBFC_PHYS_s04_T3_test,73,201,79.7,-0.23548102378845215,1.3832025009632567
UBFC_PHYS_s04_T3_test,73,202,79.73333333333333,-0.39482489228248596,1.6285027993726147
UBFC_PHYS_s04_T3_test,73,203,79.76666666666667,-0.634454607963562,1.7389500425528575
UBFC_PHYS_s04_T3_test,73,204,79.8,-0.8359731435775757,1.702129283145958
UBFC_PHYS_s04_T3_test,73,205,79.83333333333333,-0.7410703897476196,1.5253159802539216
UBFC_PHYS_s04_T3_test,73,206,79.86666666666666,-0.29510828852653503,1.2331804632976138
UBFC_PHYS_s04_T3_test,73,207,79.9,0.23994877934455872,0.8614884506771987
UBFC_PHYS_s04_T3_test,73,208,79.93333333333334,0.617766797542572,0.4492089463705775
UBFC_PHYS_s04_T3_test,73,209,79.96666666666667,0.8367087244987488,0.031358376647296723
UBFC_PHYS_s04_T3_test,73,210,80.0,0.9735425710678101,-0.3656848457019228
UBFC_PHYS_s04_T3_test,73,211,80.03333333333333,1.0294864177703857,-0.7253691258024577
UBFC_PHYS_s04_T3_test,73,212,80.06666666666666,1.0068690776824951,-1.0384566876600745
UBFC_PHYS_s04_T3_test,73,213,80.1,0.9357432126998901,-1.297761127783994
UBFC_PHYS_s04_T3_test,73,214,80.13333333333334,0.8318364024162292,-1.4924728302206078
UBFC_PHYS_s04_T3_test,73,215,80.16666666666667,0.7168207764625549,-1.605164296223002
UBFC_PHYS_s04_T3_test,73,216,80.2,0.6371488571166992,-1.6138614659211084
UBFC_PHYS_s04_T3_test,73,217,80.23333333333333,0.5940484404563904,-1.4994339229495524
UBFC_PHYS_s04_T3_test,73,218,80.26666666666667,0.5128660798072815,-1.2558137679732193
UBFC_PHYS_s04_T3_test,73,219,80.3,0.3475877642631531,-0.8984628638973549
UBFC_PHYS_s04_T3_test,73,220,80.33333333333333,0.15621334314346313,-0.46633179573557515
UBFC_PHYS_s04_T3_test,73,221,80.36666666666666,0.002141309669241309,-0.015023515104204284
UBFC_PHYS_s04_T3_test,73,222,80.4,-0.16160713136196136,0.39676193927732895
UBFC_PHYS_s04_T3_test,73,223,80.43333333333334,-0.45512452721595764,0.7218682735284906
UBFC_PHYS_s04_T3_test,73,224,80.46666666666667,-0.8828739523887634,0.9344220577618375
UBFC_PHYS_s04_T3_test,73,225,80.5,-1.2195794582366943,1.0314406028519458
UBFC_PHYS_s04_T3_test,73,226,80.53333333333333,-1.2103025913238525,1.0271114938093233
UBFC_PHYS_s04_T3_test,73,227,80.56666666666666,-0.9349491596221924,0.9435895832214186
UBFC_PHYS_s04_T3_test,73,228,80.6,-0.6628211736679077,0.8027821718991665
UBFC_PHYS_s04_T3_test,73,229,80.63333333333334,-0.50342857837677,0.6221319384905967
UBFC_PHYS_s04_T3_test,73,230,80.66666666666667,-0.36658501625061035,0.41507176395152967
UBFC_PHYS_s04_T3_test,73,231,80.7,-0.1954306662082672,0.19459668763275023
UBFC_PHYS_s04_T3_test,73,232,80.73333333333333,-0.04848194122314453,-0.02296279550871184
UBFC_PHYS_s04_T3_test,73,233,80.76666666666667,0.019165143370628357,-0.21671192983262583
UBFC_PHYS_s04_T3_test,73,234,80.8,0.023676898330450058,-0.36357999402290164
UBFC_PHYS_s04_T3_test,73,235,80.83333333333333,0.010336526669561863,-0.44333699165985413
UBFC_PHYS_s04_T3_test,73,236,80.86666666666666,0.03282708674669266,-0.4440507425689413
UBFC_PHYS_s04_T3_test,73,237,80.9,0.12684309482574463,-0.36586436970557445
UBFC_PHYS_s04_T3_test,73,238,80.93333333333334,0.24119609594345093,-0.22195048796100403
UBFC_PHYS_s04_T3_test,73,239,80.96666666666667,0.2814803123474121,-0.036604461176224935
UBFC_PHYS_s04_T3_test,74,0,74.0,2.098752737045288,-0.039672005560648996
UBFC_PHYS_s04_T3_test,74,1,74.03333333333333,2.110485315322876,-0.22261992005206752
UBFC_PHYS_s04_T3_test,74,2,74.06666666666666,1.6794323921203613,-0.3867776013913414
UBFC_PHYS_s04_T3_test,74,3,74.1,1.021661400794983,-0.5178474253772909
UBFC_PHYS_s04_T3_test,74,4,74.13333333333334,0.34630146622657776,-0.6055701408676545
UBFC_PHYS_s04_T3_test,74,5,74.16666666666667,-0.2589070498943329,-0.6439453687830768
UBFC_PHYS_s04_T3_test,74,6,74.2,-0.6164270639419556,-0.6300397296445258
UBFC_PHYS_s04_T3_test,74,7,74.23333333333333,-0.4816201329231262,-0.5626725012418008
UBFC_PHYS_s04_T3_test,74,8,74.26666666666667,0.0856623649597168,-0.4423585763250164
UBFC_PHYS_s04_T3_test,74,9,74.3,0.6471176147460938,-0.27279584213647246
UBFC_PHYS_s04_T3_test,74,10,74.33333333333333,0.9323228597640991,-0.06284611122042738
UBFC_PHYS_s04_T3_test,74,11,74.36666666666666,1.0761046409606934,0.17252557662342544
UBFC_PHYS_s04_T3_test,74,12,74.4,1.2638344764709473,0.41312262341492767
UBFC_PHYS_s04_T3_test,74,13,74.43333333333334,1.436070442199707,0.6358437019445228
UBFC_PHYS_s04_T3_test,74,14,74.46666666666667,1.427738904953003,0.8176513642168076
UBFC_PHYS_s04_T3_test,74,15,74.5,1.2134062051773071,0.9385590292828658
UBFC_PHYS_s04_T3_test,74,16,74.53333333333333,0.9220130443572998,0.9843002934457801
UBFC_PHYS_s04_T3_test,74,17,74.56666666666666,0.6693645119667053,0.9483757260330585
UBFC_PHYS_s04_T3_test,74,18,74.6,0.45832550525665283,0.8329737725485529
UBFC_PHYS_s04_T3_test,74,19,74.63333333333334,0.24709159135818481,0.6482461583724427
UBFC_PHYS_s04_T3_test,74,20,74.66666666666667,0.0217377208173275,0.409903866529952
UBFC_PHYS_s04_T3_test,74,21,74.7,-0.20569173991680145,0.13586381837646588
UBFC_PHYS_s04_T3_test,74,22,74.73333333333333,-0.4194105565547943,-0.15678426298905013
UBFC_PHYS_s04_T3_test,74,23,74.76666666666667,-0.6128702759742737,-0.45330622652238767
UBFC_PHYS_s04_T3_test,74,24,74.8,-0.8306525945663452,-0.740874206724493
UBFC_PHYS_s04_T3_test,74,25,74.83333333333333,-1.1301239728927612,-1.006457341546291
UBFC_PHYS_s04_T3_test,74,26,74.86666666666666,-1.4000399112701416,-1.2338230491947826
UBFC_PHYS_s04_T3_test,74,27,74.9,-1.3669179677963257,-1.4008511801964743
UBFC_PHYS_s04_T3_test,74,28,74.93333333333334,-0.9380479454994202,-1.4789792962609876
UBFC_PHYS_s04_T3_test,74,29,74.96666666666667,-0.33918315172195435,-1.4367118067728766
UBFC_PHYS_s04_T3_test,74,30,75.0,0.1991383582353592,-1.2479747623784914
UBFC_PHYS_s04_T3_test,74,31,75.03333333333333,0.623701274394989,-0.9037528964855204
UBFC_PHYS_s04_T3_test,74,32,75.06666666666666,0.9285321831703186,-0.4228258792064819
UBFC_PHYS_s04_T3_test,74,33,75.1,1.093956708908081,0.14401594257418227
UBFC_PHYS_s04_T3_test,74,34,75.13333333333334,1.1258020401000977,0.7207076115571968
UBFC_PHYS_s04_T3_test,74,35,75.16666666666667,1.0321077108383179,1.223475083781196
UBFC_PHYS_s04_T3_test,74,36,75.2,0.8607584238052368,1.582825621964509
UBFC_PHYS_s04_T3_test,74,37,75.23333333333333,0.7162750959396362,1.7603416540899441
UBFC_PHYS_s04_T3_test,74,38,75.26666666666667,0.6476340293884277,1.7536558607805692
UBFC_PHYS_s04_T3_test,74,39,75.3,0.5978001356124878,1.589430164327483
UBFC_PHYS_s04_T3_test,74,40,75.33333333333333,0.5365455150604248,1.3092905766724814
UBFC_PHYS_s04_T3_test,74,41,75.36666666666666,0.5046806335449219,0.955328734940182
UBFC_PHYS_s04_T3_test,74,42,75.4,0.4977326989173889,0.5602763644983171
UBFC_PHYS_s04_T3_test,74,43,75.43333333333334,0.4155466556549072,0.14448961549964678
UBFC_PHYS_s04_T3_test,74,44,75.46666666666667,0.137971431016922,-0.28079271503237896
UBFC_PHYS_s04_T3_test,74,45,75.5,-0.40351709723472595,-0.7061928830871581
UBFC_PHYS_s04_T3_test,74,46,75.53333333333333,-1.113431453704834,-1.1160897450881069
UBFC_PHYS_s04_T3_test,74,47,75.56666666666666,-1.6168185472488403,-1.4829001309138834
UBFC_PHYS_s04_T3_test,74,48,75.6,-1.5222958326339722,-1.7663234105798051
UBFC_PHYS_s04_T3_test,74,49,75.63333333333334,-0.7832937836647034,-1.9188277762179389
UBFC_PHYS_s04_T3_test,74,50,75.66666666666667,0.2832830548286438,-1.896843054471116
UBFC_PHYS_s04_T3_test,74,51,75.7,1.285262942314148,-1.6749949574139797
UBFC_PHYS_s04_T3_test,74,52,75.73333333333333,1.9981396198272705,-1.2587799554464405
UBFC_PHYS_s04_T3_test,74,53,75.76666666666667,2.3649072647094727,-0.6902644271430274
UBFC_PHYS_s04_T3_test,74,54,75.8,2.346421718597412,-0.042759333757003755
UBFC_PHYS_s04_T3_test,74,55,75.83333333333333,1.963010311126709,0.5953174620892783
UBFC_PHYS_s04_T3_test,74,56,75.86666666666666,1.4655674695968628,1.1414316883584725
UBFC_PHYS_s04_T3_test,74,57,75.9,1.1240383386611938,1.5360643645724645
UBFC_PHYS_s04_T3_test,74,58,75.93333333333334,0.8685443997383118,1.7503370548432073
UBFC_PHYS_s04_T3_test,74,59,75.96666666666667,0.4857078492641449,1.7843281301601774
UBFC_PHYS_s04_T3_test,74,60,76.0,-0.007544833235442638,1.6601562879984078
UBFC_PHYS_s04_T3_test,74,61,76.03333333333333,-0.4878566861152649,1.4140952135395106
UBFC_PHYS_s04_T3_test,74,62,76.06666666666666,-0.9669991731643677,1.089626703665352
UBFC_PHYS_s04_T3_test,74,63,76.1,-1.4233977794647217,0.7311817107375133
UBFC_PHYS_s04_T3_test,74,64,76.13333333333334,-1.72311270236969,0.37825526771266554
UBFC_PHYS_s04_T3_test,74,65,76.16666666666667,-1.867303729057312,0.060656177177298064
UBFC_PHYS_s04_T3_test,74,66,76.2,-2.0427165031433105,-0.20394703002905293
UBFC_PHYS_s04_T3_test,74,67,76.23333333333333,-2.366032838821411,-0.4096328321026986
UBFC_PHYS_s04_T3_test,74,68,76.26666666666667,-2.779623508453369,-0.5594379429632358
UBFC_PHYS_s04_T3_test,74,69,76.3,-3.1219711303710938,-0.6613615432675771
UBFC_PHYS_s04_T3_test,74,70,76.33333333333333,-3.235349655151367,-0.7244554577249553
UBFC_PHYS_s04_T3_test,74,71,76.36666666666666,-3.1064867973327637,-0.7558977029703621
UBFC_PHYS_s04_T3_test,74,72,76.4,-2.822324275970459,-0.7594188992511479
UBFC_PHYS_s04_T3_test,74,73,76.43333333333334,-2.3792757987976074,-0.7350636781364063
UBFC_PHYS_s04_T3_test,74,74,76.46666666666667,-1.766115665435791,-0.6801008536065579
UBFC_PHYS_s04_T3_test,74,75,76.5,-1.0798417329788208,-0.5908219157616607
UBFC_PHYS_s04_T3_test,74,76,76.53333333333333,-0.39807960391044617,-0.4648587575692723
UBFC_PHYS_s04_T3_test,74,77,76.56666666666666,0.1857687532901764,-0.30356732121215846
UBFC_PHYS_s04_T3_test,74,78,76.6,0.5222306847572327,-0.11402002850990087
UBFC_PHYS_s04_T3_test,74,79,76.63333333333334,0.6632838845252991,0.08991390568667904
UBFC_PHYS_s04_T3_test,74,80,76.66666666666667,0.8423313498497009,0.2880577186820049
UBFC_PHYS_s04_T3_test,74,81,76.7,1.1137772798538208,0.4564782322976206
UBFC_PHYS_s04_T3_test,74,82,76.73333333333333,1.32268226146698,0.5718806020814384
UBFC_PHYS_s04_T3_test,74,83,76.76666666666667,1.380204677581787,0.6167418182668402
UBFC_PHYS_s04_T3_test,74,84,76.8,1.3272719383239746,0.58358388619868
UBFC_PHYS_s04_T3_test,74,85,76.83333333333333,1.207072138786316,0.47694959636879447
UBFC_PHYS_s04_T3_test,74,86,76.86666666666666,1.0584765672683716,0.31238298977289125
UBFC_PHYS_s04_T3_test,74,87,76.9,0.9419992566108704,0.11267901394514174
UBFC_PHYS_s04_T3_test,74,88,76.93333333333334,0.8306280970573425,-0.09751828224817882
UBFC_PHYS_s04_T3_test,74,89,76.96666666666667,0.5656331777572632,-0.2971690554484547
UBFC_PHYS_s04_T3_test,74,90,77.0,0.09813547134399414,-0.4726028359780313
UBFC_PHYS_s04_T3_test,74,91,77.03333333333333,-0.2877316176891327,-0.6182838276537719
UBFC_PHYS_s04_T3_test,74,92,77.06666666666666,-0.2751123607158661,-0.7342737669501891
UBFC_PHYS_s04_T3_test,74,93,77.1,0.061651647090911865,-0.8212724532173445
UBFC_PHYS_s04_T3_test,74,94,77.13333333333334,0.40905675292015076,-0.8750384217929491
UBFC_PHYS_s04_T3_test,74,95,77.16666666666667,0.6392049789428711,-0.8825840172819043
UBFC_PHYS_s04_T3_test,74,96,77.2,0.802758514881134,-0.8226206115374849
UBFC_PHYS_s04_T3_test,74,97,77.23333333333333,0.870191216468811,-0.6716392113072007
UBFC_PHYS_s04_T3_test,74,98,77.26666666666667,0.7979836463928223,-0.41455139646518374
UBFC_PHYS_s04_T3_test,74,99,77.3,0.6925177574157715,-0.05608305799662102
UBFC_PHYS_s04_T3_test,74,100,77.33333333333333,0.6426643133163452,0.372313931066673
UBFC_PHYS_s04_T3_test,74,101,77.36666666666666,0.5993494987487793,0.8143803884154308
UBFC_PHYS_s04_T3_test,74,102,77.4,0.512671172618866,1.2008981314290792
UBFC_PHYS_s04_T3_test,74,103,77.43333333333334,0.41494250297546387,1.4680134765514894
UBFC_PHYS_s04_T3_test,74,104,77.46666666666667,0.32867345213890076,1.5748682014197968
UBFC_PHYS_s04_T3_test,74,105,77.5,0.21536312997341156,1.513273260056075
UBFC_PHYS_s04_T3_test,74,106,77.53333333333333,0.053066644817590714,1.3064194146477586
UBFC_PHYS_s04_T3_test,74,107,77.56666666666666,-0.10763172805309296,0.998941679557205
UBFC_PHYS_s04_T3_test,74,108,77.6,-0.22659394145011902,0.6433617173934093
UBFC_PHYS_s04_T3_test,74,109,77.63333333333334,-0.33867645263671875,0.2876819804384878
UBFC_PHYS_s04_T3_test,74,110,77.66666666666667,-0.5090025067329407,-0.032815390361143136
UBFC_PHYS_s04_T3_test,74,111,77.7,-0.7573341727256775,-0.2985360224637698
UBFC_PHYS_s04_T3_test,74,112,77.73333333333333,-1.0055196285247803,-0.5039336383617985
UBFC_PHYS_s04_T3_test,74,113,77.76666666666667,-1.050890564918518,-0.6528643935686319
UBFC_PHYS_s04_T3_test,74,114,77.8,-0.7344732880592346,-0.7528395891324321
UBFC_PHYS_s04_T3_test,74,115,77.83333333333333,-0.18158358335494995,-0.8099062467422503
UBFC_PHYS_s04_T3_test,74,116,77.86666666666666,0.3305639326572418,-0.8254556213226333
UBFC_PHYS_s04_T3_test,74,117,77.9,0.6658272743225098,-0.795717878897519
UBFC_PHYS_s04_T3_test,74,118,77.93333333333334,0.8625026941299438,-0.7140718400498949
UBFC_PHYS_s04_T3_test,74,119,77.96666666666667,0.9758033156394958,-0.5755344519377825
UBFC_PHYS_s04_T3_test,74,120,78.0,1.0317178964614868,-0.38197234886799614
UBFC_PHYS_s04_T3_test,74,121,78.03333333333333,1.0717195272445679,-0.14604415520490044
UBFC_PHYS_s04_T3_test,74,122,78.06666666666666,1.1156872510910034,0.10796427389497354
UBFC_PHYS_s04_T3_test,74,123,78.1,1.0957107543945312,0.3472403157442481
UBFC_PHYS_s04_T3_test,74,124,78.13333333333334,0.9581460952758789,0.5367584676967284
UBFC_PHYS_s04_T3_test,74,125,78.16666666666667,0.7844483852386475,0.6468818650072639
UBFC_PHYS_s04_T3_test,74,126,78.2,0.6750358939170837,0.6601106044879983
UBFC_PHYS_s04_T3_test,74,127,78.23333333333333,0.5978488326072693,0.5752707814289018
UBFC_PHYS_s04_T3_test,74,128,78.26666666666667,0.46182382106781006,0.4079812761229589
UBFC_PHYS_s04_T3_test,74,129,78.3,0.23483286798000336,0.18694939378896558
UBFC_PHYS_s04_T3_test,74,130,78.33333333333333,-0.05690128728747368,-0.05324860704951635
UBFC_PHYS_s04_T3_test,74,131,78.36666666666666,-0.36896270513534546,-0.280926490452461
UBFC_PHYS_s04_T3_test,74,132,78.4,-0.7171376347541809,-0.47465863282845006
UBFC_PHYS_s04_T3_test,74,133,78.43333333333334,-1.182881236076355,-0.6265497985165356
UBFC_PHYS_s04_T3_test,74,134,78.46666666666667,-1.713309645652771,-0.740308137515861
UBFC_PHYS_s04_T3_test,74,135,78.5,-2.0524513721466064,-0.8250890213984058
UBFC_PHYS_s04_T3_test,74,136,78.53333333333333,-2.025254249572754,-0.8874835372102613
UBFC_PHYS_s04_T3_test,74,137,78.56666666666666,-1.7388113737106323,-0.924584031910488
UBFC_PHYS_s04_T3_test,74,138,78.6,-1.3534704446792603,-0.9209315065561638
UBFC_PHYS_s04_T3_test,74,139,78.63333333333334,-0.981918215751648,-0.8511988383637362
UBFC_PHYS_s04_T3_test,74,140,78.66666666666667,-0.67441725730896,-0.6886243441264002
UBFC_PHYS_s04_T3_test,74,141,78.7,-0.3799838423728943,-0.4169185268290335
UBFC_PHYS_s04_T3_test,74,142,78.73333333333333,-0.05252595618367195,-0.041449356829298956
UBFC_PHYS_s04_T3_test,74,143,78.76666666666667,0.21783825755119324,0.40508840408441066
UBFC_PHYS_s04_T3_test,74,144,78.8,0.33501720428466797,0.865938879530669
UBFC_PHYS_s04_T3_test,74,145,78.83333333333333,0.36021676659584045,1.2725899562050176
UBFC_PHYS_s04_T3_test,74,146,78.86666666666666,0.3938356637954712,1.5621402094519123
UBFC_PHYS_s04_T3_test,74,147,78.9,0.4233618378639221,1.6932688303321366
UBFC_PHYS_s04_T3_test,74,148,78.93333333333334,0.3549644351005554,1.6551310793006373
UBFC_PHYS_s04_T3_test,74,149,78.96666666666667,0.16670829057693481,1.4668009427285567
UBFC_PHYS_s04_T3_test,74,150,79.0,-0.03283209726214409,1.1686829534125462
UBFC_PHYS_s04_T3_test,74,151,79.03333333333333,-0.14381346106529236,0.8098547819086258
UBFC_PHYS_s04_T3_test,74,152,79.06666666666666,-0.2459077537059784,0.4357784984058191
UBFC_PHYS_s04_T3_test,74,153,79.1,-0.44079020619392395,0.07971950462225784
UBFC_PHYS_s04_T3_test,74,154,79.13333333333334,-0.6104146838188171,-0.24048090251243487
UBFC_PHYS_s04_T3_test,74,155,79.16666666666667,-0.5527070760726929,-0.5203216488935821
UBFC_PHYS_s04_T3_test,74,156,79.2,-0.2815535366535187,-0.7626904432276741
UBFC_PHYS_s04_T3_test,74,157,79.23333333333333,0.0325152613222599,-0.9703957661973754
UBFC_PHYS_s04_T3_test,74,158,79.26666666666667,0.2906305193901062,-1.1397959143685374
UBFC_PHYS_s04_T3_test,74,159,79.3,0.492938369512558,-1.2576727127896719
UBFC_PHYS_s04_T3_test,74,160,79.33333333333333,0.6728239059448242,-1.302418964472668
UBFC_PHYS_s04_T3_test,74,161,79.36666666666666,0.8352275490760803,-1.2493494174009887
UBFC_PHYS_s04_T3_test,74,162,79.4,0.9025043249130249,-1.078893143812762
UBFC_PHYS_s04_T3_test,74,163,79.43333333333334,0.8197336196899414,-0.7856128039529275
UBFC_PHYS_s04_T3_test,74,164,79.46666666666667,0.6903641819953918,-0.38536951376561984
UBFC_PHYS_s04_T3_test,74,165,79.5,0.6467083096504211,0.08234424354571836
UBFC_PHYS_s04_T3_test,74,166,79.53333333333333,0.6420796513557434,0.5592491072055046
UBFC_PHYS_s04_T3_test,74,167,79.56666666666666,0.5381631255149841,0.9800679900021025
UBFC_PHYS_s04_T3_test,74,168,79.6,0.32262206077575684,1.2870830675770288
UBFC_PHYS_s04_T3_test,74,169,79.63333333333334,0.08840060234069824,1.4415332066337752
UBFC_PHYS_s04_T3_test,74,170,79.66666666666667,-0.0964156836271286,1.4285972271815426
UBFC_PHYS_s04_T3_test,74,171,79.7,-0.23548102378845215,1.2568538079653266
UBFC_PHYS_s04_T3_test,74,172,79.73333333333333,-0.39482489228248596,0.9547987691711792
UBFC_PHYS_s04_T3_test,74,173,79.76666666666667,-0.634454607963562,0.5658819673221027
UBFC_PHYS_s04_T3_test,74,174,79.8,-0.8359731435775757,0.14171186304987954
UBFC_PHYS_s04_T3_test,74,175,79.83333333333333,-0.7410703897476196,-0.26697203373571665
UBFC_PHYS_s04_T3_test,74,176,79.86666666666666,-0.29510828852653503,-0.6197069474209483
UBFC_PHYS_s04_T3_test,74,177,79.9,0.23994877934455872,-0.8925247479603898
UBFC_PHYS_s04_T3_test,74,178,79.93333333333334,0.617766797542572,-1.0787109257771028
UBFC_PHYS_s04_T3_test,74,179,79.96666666666667,0.8367087244987488,-1.1846993123482292
UBFC_PHYS_s04_T3_test,74,180,80.0,0.9735425710678101,-1.2234674404793089
UBFC_PHYS_s04_T3_test,74,181,80.03333333333333,1.0294864177703857,-1.2078241497387365
UBFC_PHYS_s04_T3_test,74,182,80.06666666666666,1.0068690776824951,-1.1451017012179443
UBFC_PHYS_s04_T3_test,74,183,80.1,0.9357432126998901,-1.0341874137086737
UBFC_PHYS_s04_T3_test,74,184,80.13333333333334,0.8318364024162292,-0.8660053157233567
UBFC_PHYS_s04_T3_test,74,185,80.16666666666667,0.7168207764625549,-0.628430001604221
UBFC_PHYS_s04_T3_test,74,186,80.2,0.6371488571166992,-0.3151096770116844
UBFC_PHYS_s04_T3_test,74,187,80.23333333333333,0.5940484404563904,0.06476042032182074
UBFC_PHYS_s04_T3_test,74,188,80.26666666666667,0.5128660798072815,0.48047975461068576
UBFC_PHYS_s04_T3_test,74,189,80.3,0.3475877642631531,0.8818731579390269
UBFC_PHYS_s04_T3_test,74,190,80.33333333333333,0.15621334314346313,1.2100277960718437
UBFC_PHYS_s04_T3_test,74,191,80.36666666666666,0.002141309669241309,1.4130612408115193
UBFC_PHYS_s04_T3_test,74,192,80.4,-0.16160713136196136,1.460620266051941
UBFC_PHYS_s04_T3_test,74,193,80.43333333333334,-0.45512452721595764,1.3514988375832402
UBFC_PHYS_s04_T3_test,74,194,80.46666666666667,-0.8828739523887634,1.1123420879420434
UBFC_PHYS_s04_T3_test,74,195,80.5,-1.2195794582366943,0.7893333116460979
UBFC_PHYS_s04_T3_test,74,196,80.53333333333333,-1.2103025913238525,0.43665431855696746
UBFC_PHYS_s04_T3_test,74,197,80.56666666666666,-0.9349491596221924,0.10526161176697715
UBFC_PHYS_s04_T3_test,74,198,80.6,-0.6628211736679077,-0.1657182734017065
UBFC_PHYS_s04_T3_test,74,199,80.63333333333334,-0.50342857837677,-0.35395372902297945
UBFC_PHYS_s04_T3_test,74,200,80.66666666666667,-0.36658501625061035,-0.4550896713206631
UBFC_PHYS_s04_T3_test,74,201,80.7,-0.1954306662082672,-0.48053566639560835
UBFC_PHYS_s04_T3_test,74,202,80.73333333333333,-0.04848194122314453,-0.45266352949540456
UBFC_PHYS_s04_T3_test,74,203,80.76666666666667,0.019165143370628357,-0.3984890313319081
UBFC_PHYS_s04_T3_test,74,204,80.8,0.023676898330450058,-0.342968880636999
UBFC_PHYS_s04_T3_test,74,205,80.83333333333333,0.010336526669561863,-0.3029960541320077
UBFC_PHYS_s04_T3_test,74,206,80.86666666666666,0.03282708674669266,-0.2832065141779784
UBFC_PHYS_s04_T3_test,74,207,80.9,0.12684309482574463,-0.27494036997108356
UBFC_PHYS_s04_T3_test,74,208,80.93333333333334,0.24119609594345093,-0.25972426178159
UBFC_PHYS_s04_T3_test,74,209,80.96666666666667,0.2814803123474121,-0.21732292154767005
UBFC_PHYS_s04_T3_test,74,210,81.0,0.2521977722644806,-0.13563881971287323
UBFC_PHYS_s04_T3_test,74,211,81.03333333333333,0.2725445032119751,-0.017798170510506067
UBFC_PHYS_s04_T3_test,74,212,81.06666666666666,0.3927929997444153,0.11724444102710857
UBFC_PHYS_s04_T3_test,74,213,81.1,0.4782337546348572,0.2409542967792944
UBFC_PHYS_s04_T3_test,74,214,81.13333333333334,0.34270569682121277,0.32528440307272605
UBFC_PHYS_s04_T3_test,74,215,81.16666666666667,0.03869334235787392,0.3520212950582261
UBFC_PHYS_s04_T3_test,74,216,81.2,-0.10670599341392517,0.3179315086700088
UBFC_PHYS_s04_T3_test,74,217,81.23333333333333,0.12925975024700165,0.23457208875736207
UBFC_PHYS_s04_T3_test,74,218,81.26666666666667,0.6067749261856079,0.1235653496206236
UBFC_PHYS_s04_T3_test,74,219,81.3,1.0337642431259155,0.009252039304543255
UBFC_PHYS_s04_T3_test,74,220,81.33333333333333,1.2537975311279297,-0.08883168939966446
UBFC_PHYS_s04_T3_test,74,221,81.36666666666666,1.2356140613555908,-0.16122290836894027
UBFC_PHYS_s04_T3_test,74,222,81.4,1.010669469833374,-0.20978096973700183
UBFC_PHYS_s04_T3_test,74,223,81.43333333333334,0.6418164968490601,-0.24450802401414576
UBFC_PHYS_s04_T3_test,74,224,81.46666666666667,0.17772944271564484,-0.2772560391593467
UBFC_PHYS_s04_T3_test,74,225,81.5,-0.371652215719223,-0.3148548186307875
UBFC_PHYS_s04_T3_test,74,226,81.53333333333333,-1.0055196285247803,-0.35425674173607663
UBFC_PHYS_s04_T3_test,74,227,81.56666666666666,-1.6715539693832397,-0.381472157102065
UBFC_PHYS_s04_T3_test,74,228,81.6,-2.245306968688965,-0.37493853411108824
UBFC_PHYS_s04_T3_test,74,229,81.63333333333334,-2.55820631980896,-0.3127142409414384
UBFC_PHYS_s04_T3_test,74,230,81.66666666666667,-2.495100259780884,-0.18157942879402367
UBFC_PHYS_s04_T3_test,74,231,81.7,-2.079375743865967,0.014951045013431969
UBFC_PHYS_s04_T3_test,74,232,81.73333333333333,-1.4769638776779175,0.25301561437931963
UBFC_PHYS_s04_T3_test,74,233,81.76666666666667,-0.9547209739685059,0.49143734506002607
UBFC_PHYS_s04_T3_test,74,234,81.8,-0.7147696614265442,0.6811750572145086
UBFC_PHYS_s04_T3_test,74,235,81.83333333333333,-0.6735402345657349,0.7782749587151605
UBFC_PHYS_s04_T3_test,74,236,81.86666666666666,-0.5874661207199097,0.7559318194946094
UBFC_PHYS_s04_T3_test,74,237,81.9,-0.30830249190330505,0.6117469802474339
UBFC_PHYS_s04_T3_test,74,238,81.93333333333334,0.1973843276500702,0.36839578524645866
UBFC_PHYS_s04_T3_test,74,239,81.96666666666667,0.8875366449356079,0.06837872738777982
UBFC_PHYS_s04_T3_test,75,0,75.0,0.1991383582353592,0.15550979011576072
UBFC_PHYS_s04_T3_test,75,1,75.03333333333333,0.623701274394989,-0.017286869984844147
UBFC_PHYS_s04_T3_test,75,2,75.06666666666666,0.9285321831703186,-0.14294465208686913
UBFC_PHYS_s04_T3_test,75,3,75.1,1.093956708908081,-0.18083087282351978
UBFC_PHYS_s04_T3_test,75,4,75.13333333333334,1.1258020401000977,-0.10604307415025284
UBFC_PHYS_s04_T3_test,75,5,75.16666666666667,1.0321077108383179,0.08516755764968646
UBFC_PHYS_s04_T3_test,75,6,75.2,0.8607584238052368,0.37319601150191417
UBFC_PHYS_s04_T3_test,75,7,75.23333333333333,0.7162750959396362,0.7172411470601248
UBFC_PHYS_s04_T3_test,75,8,75.26666666666667,0.6476340293884277,1.0623656375390431
UBFC_PHYS_s04_T3_test,75,9,75.3,0.5978001356124878,1.350568978246802
UBFC_PHYS_s04_T3_test,75,10,75.33333333333333,0.5365455150604248,1.5329518291862192
UBFC_PHYS_s04_T3_test,75,11,75.36666666666666,0.5046806335449219,1.579016418887724
UBFC_PHYS_s04_T3_test,75,12,75.4,0.4977326989173889,1.4803220771143133
UBFC_PHYS_s04_T3_test,75,13,75.43333333333334,0.4155466556549072,1.2482616275010563
UBFC_PHYS_s04_T3_test,75,14,75.46666666666667,0.137971431016922,0.9079643256149408
UBFC_PHYS_s04_T3_test,75,15,75.5,-0.40351709723472595,0.4912337267411073
UBFC_PHYS_s04_T3_test,75,16,75.53333333333333,-1.113431453704834,0.030890397243865053
UBFC_PHYS_s04_T3_test,75,17,75.56666666666666,-1.6168185472488403,-0.4423342534996157
UBFC_PHYS_s04_T3_test,75,18,75.6,-1.5222958326339722,-0.9002703174058467
UBFC_PHYS_s04_T3_test,75,19,75.63333333333334,-0.7832937836647034,-1.3157700097793013
UBFC_PHYS_s04_T3_test,75,20,75.66666666666667,0.2832830548286438,-1.6603134869498803
UBFC_PHYS_s04_T3_test,75,21,75.7,1.285262942314148,-1.902428964193042
UBFC_PHYS_s04_T3_test,75,22,75.73333333333333,1.9981396198272705,-2.0089042864982374
UBFC_PHYS_s04_T3_test,75,23,75.76666666666667,2.3649072647094727,-1.9502542848952051
UBFC_PHYS_s04_T3_test,75,24,75.8,2.346421718597412,-1.7101737732412083
UBFC_PHYS_s04_T3_test,75,25,75.83333333333333,1.963010311126709,-1.2961941666184302
UBFC_PHYS_s04_T3_test,75,26,75.86666666666666,1.4655674695968628,-0.7466848762637835
UBFC_PHYS_s04_T3_test,75,27,75.9,1.1240383386611938,-0.12927276833060722
UBFC_PHYS_s04_T3_test,75,28,75.93333333333334,0.8685443997383118,0.4714343177750253
UBFC_PHYS_s04_T3_test,75,29,75.96666666666667,0.4857078492641449,0.9739925970919484
UBFC_PHYS_s04_T3_test,75,30,76.0,-0.007544833235442638,1.320634745207213
UBFC_PHYS_s04_T3_test,75,31,76.03333333333333,-0.4878566861152649,1.4896594976967892
UBFC_PHYS_s04_T3_test,75,32,76.06666666666666,-0.9669991731643677,1.4952913799633762
UBFC_PHYS_s04_T3_test,75,33,76.1,-1.4233977794647217,1.3767249698542685
UBFC_PHYS_s04_T3_test,75,34,76.13333333333334,-1.72311270236969,1.1821512650262056
UBFC_PHYS_s04_T3_test,75,35,76.16666666666667,-1.867303729057312,0.9541882884098848
UBFC_PHYS_s04_T3_test,75,36,76.2,-2.0427165031433105,0.7210619818674444
UBFC_PHYS_s04_T3_test,75,37,76.23333333333333,-2.366032838821411,0.494793658957317
UBFC_PHYS_s04_T3_test,75,38,76.26666666666667,-2.779623508453369,0.27510553048164077
UBFC_PHYS_s04_T3_test,75,39,76.3,-3.1219711303710938,0.05632404979986644
UBFC_PHYS_s04_T3_test,75,40,76.33333333333333,-3.235349655151367,-0.1657842944506935
UBFC_PHYS_s04_T3_test,75,41,76.36666666666666,-3.1064867973327637,-0.38959683336130235
UBFC_PHYS_s04_T3_test,75,42,76.4,-2.822324275970459,-0.6064938159091261
UBFC_PHYS_s04_T3_test,75,43,76.43333333333334,-2.3792757987976074,-0.802328157990096
UBFC_PHYS_s04_T3_test,75,44,76.46666666666667,-1.766115665435791,-0.9600329380446998
UBFC_PHYS_s04_T3_test,75,45,76.5,-1.0798417329788208,-1.062020712124256
UBFC_PHYS_s04_T3_test,75,46,76.53333333333333,-0.39807960391044617,-1.0918442912393078
UBFC_PHYS_s04_T3_test,75,47,76.56666666666666,0.1857687532901764,-1.0355647209601864
UBFC_PHYS_s04_T3_test,75,48,76.6,0.5222306847572327,-0.8838231148824274
UBFC_PHYS_s04_T3_test,75,49,76.63333333333334,0.6632838845252991,-0.6353301060996777
UBFC_PHYS_s04_T3_test,75,50,76.66666666666667,0.8423313498497009,-0.30136410658126594
UBFC_PHYS_s04_T3_test,75,51,76.7,1.1137772798538208,0.09059448656157662
UBFC_PHYS_s04_T3_test,75,52,76.73333333333333,1.32268226146698,0.4968630829156617
UBFC_PHYS_s04_T3_test,75,53,76.76666666666667,1.380204677581787,0.8632510559870733
UBFC_PHYS_s04_T3_test,75,54,76.8,1.3272719383239746,1.1359935384482935
UBFC_PHYS_s04_T3_test,75,55,76.83333333333333,1.207072138786316,1.2744957153603498
UBFC_PHYS_s04_T3_test,75,56,76.86666666666666,1.0584765672683716,1.2609323717277179
UBFC_PHYS_s04_T3_test,75,57,76.9,0.9419992566108704,1.1029009163729158
UBFC_PHYS_s04_T3_test,75,58,76.93333333333334,0.8306280970573425,0.8287509882959783
UBFC_PHYS_s04_T3_test,75,59,76.96666666666667,0.5656331777572632,0.47846794979838486
UBFC_PHYS_s04_T3_test,75,60,77.0,0.09813547134399414,0.09396277789531009
UBFC_PHYS_s04_T3_test,75,61,77.03333333333333,-0.2877316176891327,-0.28825150539346633
UBFC_PHYS_s04_T3_test,75,62,77.06666666666666,-0.2751123607158661,-0.6403666714111139
UBFC_PHYS_s04_T3_test,75,63,77.1,0.061651647090911865,-0.942348012439936
UBFC_PHYS_s04_T3_test,75,64,77.13333333333334,0.40905675292015076,-1.1780185579845157
UBFC_PHYS_s04_T3_test,75,65,77.16666666666667,0.6392049789428711,-1.3306207398847127
UBFC_PHYS_s04_T3_test,75,66,77.2,0.802758514881134,-1.3807519268187018
UBFC_PHYS_s04_T3_test,75,67,77.23333333333333,0.870191216468811,-1.3088393783964893
UBFC_PHYS_s04_T3_test,75,68,77.26666666666667,0.7979836463928223,-1.1023908382312948
UBFC_PHYS_s04_T3_test,75,69,77.3,0.6925177574157715,-0.76563943882432
UBFC_PHYS_s04_T3_test,75,70,77.33333333333333,0.6426643133163452,-0.3269648786372975
UBFC_PHYS_s04_T3_test,75,71,77.36666666666666,0.5993494987487793,0.16096470901727325
UBFC_PHYS_s04_T3_test,75,72,77.4,0.512671172618866,0.631010254853116
UBFC_PHYS_s04_T3_test,75,73,77.43333333333334,0.41494250297546387,1.0189668272897012
UBFC_PHYS_s04_T3_test,75,74,77.46666666666667,0.32867345213890076,1.2808510983019612
UBFC_PHYS_s04_T3_test,75,75,77.5,0.21536312997341156,1.401600915647249
UBFC_PHYS_s04_T3_test,75,76,77.53333333333333,0.053066644817590714,1.3924173588332878
UBFC_PHYS_s04_T3_test,75,77,77.56666666666666,-0.10763172805309296,1.2807410531665726
UBFC_PHYS_s04_T3_test,75,78,77.6,-0.22659394145011902,1.0988678560237777
UBFC_PHYS_s04_T3_test,75,79,77.63333333333334,-0.33867645263671875,0.8752512042853607
UBFC_PHYS_s04_T3_test,75,80,77.66666666666667,-0.5090025067329407,0.6300825027147855
UBFC_PHYS_s04_T3_test,75,81,77.7,-0.7573341727256775,0.37507430410976583
UBFC_PHYS_s04_T3_test,75,82,77.73333333333333,-1.0055196285247803,0.11632167919673889
UBFC_PHYS_s04_T3_test,75,83,77.76666666666667,-1.050890564918518,-0.14151855847279773
UBFC_PHYS_s04_T3_test,75,84,77.8,-0.7344732880592346,-0.3916964841607424
UBFC_PHYS_s04_T3_test,75,85,77.83333333333333,-0.18158358335494995,-0.623900841537451
UBFC_PHYS_s04_T3_test,75,86,77.86666666666666,0.3305639326572418,-0.8249688726323376
UBFC_PHYS_s04_T3_test,75,87,77.9,0.6658272743225098,-0.9807270365127637
UBFC_PHYS_s04_T3_test,75,88,77.93333333333334,0.8625026941299438,-1.077733650874334
UBFC_PHYS_s04_T3_test,75,89,77.96666666666667,0.9758033156394958,-1.1043710556104922
UBFC_PHYS_s04_T3_test,75,90,78.0,1.0317178964614868,-1.0516042295869676
UBFC_PHYS_s04_T3_test,75,91,78.03333333333333,1.0717195272445679,-0.9141899903802753
UBFC_PHYS_s04_T3_test,75,92,78.06666666666666,1.1156872510910034,-0.692899935701962
UBFC_PHYS_s04_T3_test,75,93,78.1,1.0957107543945312,-0.39755066125548544
UBFC_PHYS_s04_T3_test,75,94,78.13333333333334,0.9581460952758789,-0.04972224372058377
UBFC_PHYS_s04_T3_test,75,95,78.16666666666667,0.7844483852386475,0.3165797204891435
UBFC_PHYS_s04_T3_test,75,96,78.2,0.6750358939170837,0.6579685147524794
UBFC_PHYS_s04_T3_test,75,97,78.23333333333333,0.5978488326072693,0.9288819148971702
UBFC_PHYS_s04_T3_test,75,98,78.26666666666667,0.46182382106781006,1.091340221707766
UBFC_PHYS_s04_T3_test,75,99,78.3,0.23483286798000336,1.1239147568960137
UBFC_PHYS_s04_T3_test,75,100,78.33333333333333,-0.05690128728747368,1.0263907196803994
UBFC_PHYS_s04_T3_test,75,101,78.36666666666666,-0.36896270513534546,0.8182560447416004
UBFC_PHYS_s04_T3_test,75,102,78.4,-0.7171376347541809,0.5318462805947117
UBFC_PHYS_s04_T3_test,75,103,78.43333333333334,-1.182881236076355,0.20319394950785516
UBFC_PHYS_s04_T3_test,75,104,78.46666666666667,-1.713309645652771,-0.13581372690645263
UBFC_PHYS_s04_T3_test,75,105,78.5,-2.0524513721466064,-0.46133227917291464
UBFC_PHYS_s04_T3_test,75,106,78.53333333333333,-2.025254249572754,-0.7566229905988741
UBFC_PHYS_s04_T3_test,75,107,78.56666666666666,-1.7388113737106323,-1.0074367702610707
UBFC_PHYS_s04_T3_test,75,108,78.6,-1.3534704446792603,-1.1966650379683346
UBFC_PHYS_s04_T3_test,75,109,78.63333333333334,-0.981918215751648,-1.3017859577556452
UBFC_PHYS_s04_T3_test,75,110,78.66666666666667,-0.67441725730896,-1.2974433298014167
UBFC_PHYS_s04_T3_test,75,111,78.7,-0.3799838423728943,-1.1630792869375763
UBFC_PHYS_s04_T3_test,75,112,78.73333333333333,-0.05252595618367195,-0.8930140548554254
UBFC_PHYS_s04_T3_test,75,113,78.76666666666667,0.21783825755119324,-0.5046942419690149
UBFC_PHYS_s04_T3_test,75,114,78.8,0.33501720428466797,-0.04075496886272291
UBFC_PHYS_s04_T3_test,75,115,78.83333333333333,0.36021676659584045,0.43749080359128195
UBFC_PHYS_s04_T3_test,75,116,78.86666666666666,0.3938356637954712,0.8639337332693617
UBFC_PHYS_s04_T3_test,75,117,78.9,0.4233618378639221,1.1841542592557937
UBFC_PHYS_s04_T3_test,75,118,78.93333333333334,0.3549644351005554,1.368146871299061
UBFC_PHYS_s04_T3_test,75,119,78.96666666666667,0.16670829057693481,1.4144184554871577
UBFC_PHYS_s04_T3_test,75,120,79.0,-0.03283209726214409,1.3446822919416135
UBFC_PHYS_s04_T3_test,75,121,79.03333333333333,-0.14381346106529236,1.1925270222508944
UBFC_PHYS_s04_T3_test,75,122,79.06666666666666,-0.2459077537059784,0.9912679068897648
UBFC_PHYS_s04_T3_test,75,123,79.1,-0.44079020619392395,0.7654232591935131
UBFC_PHYS_s04_T3_test,75,124,79.13333333333334,-0.6104146838188171,0.5279789384284612
UBFC_PHYS_s04_T3_test,75,125,79.16666666666667,-0.5527070760726929,0.2830067181853878
UBFC_PHYS_s04_T3_test,75,126,79.2,-0.2815535366535187,0.03126382263492242
UBFC_PHYS_s04_T3_test,75,127,79.23333333333333,0.0325152613222599,-0.22430854086841107
UBFC_PHYS_s04_T3_test,75,128,79.26666666666667,0.2906305193901062,-0.47564124269942715
UBFC_PHYS_s04_T3_test,75,129,79.3,0.492938369512558,-0.709935999250678
UBFC_PHYS_s04_T3_test,75,130,79.33333333333333,0.6728239059448242,-0.9122638563735248
UBFC_PHYS_s04_T3_test,75,131,79.36666666666666,0.8352275490760803,-1.0681942084047258
UBFC_PHYS_s04_T3_test,75,132,79.4,0.9025043249130249,-1.164838211805798
UBFC_PHYS_s04_T3_test,75,133,79.43333333333334,0.8197336196899414,-1.1902704882335362
UBFC_PHYS_s04_T3_test,75,134,79.46666666666667,0.6903641819953918,-1.132760228252663
UBFC_PHYS_s04_T3_test,75,135,79.5,0.6467083096504211,-0.9817071077736509
UBFC_PHYS_s04_T3_test,75,136,79.53333333333333,0.6420796513557434,-0.7313669620831728
UBFC_PHYS_s04_T3_test,75,137,79.56666666666666,0.5381631255149841,-0.386863142657648
UBFC_PHYS_s04_T3_test,75,138,79.6,0.32262206077575684,0.029630440936319856
UBFC_PHYS_s04_T3_test,75,139,79.63333333333334,0.08840060234069824,0.4758215068067712
UBFC_PHYS_s04_T3_test,75,140,79.66666666666667,-0.0964156836271286,0.8927298904102589
UBFC_PHYS_s04_T3_test,75,141,79.7,-0.23548102378845215,1.2158674662193092
UBFC_PHYS_s04_T3_test,75,142,79.73333333333333,-0.39482489228248596,1.3912579662305917
UBFC_PHYS_s04_T3_test,75,143,79.76666666666667,-0.634454607963562,1.3901382546053573
UBFC_PHYS_s04_T3_test,75,144,79.8,-0.8359731435775757,1.216502081147784
UBFC_PHYS_s04_T3_test,75,145,79.83333333333333,-0.7410703897476196,0.904923852586033
UBFC_PHYS_s04_T3_test,75,146,79.86666666666666,-0.29510828852653503,0.5100428076562232
UBFC_PHYS_s04_T3_test,75,147,79.9,0.23994877934455872,0.09187262831330338
UBFC_PHYS_s04_T3_test,75,148,79.93333333333334,0.617766797542572,-0.2981097874690658
UBFC_PHYS_s04_T3_test,75,149,79.96666666666667,0.8367087244987488,-0.6260776805740504
UBFC_PHYS_s04_T3_test,75,150,80.0,0.9735425710678101,-0.8780653350133542
UBFC_PHYS_s04_T3_test,75,151,80.03333333333333,1.0294864177703857,-1.0555339386366183
UBFC_PHYS_s04_T3_test,75,152,80.06666666666666,1.0068690776824951,-1.166796265498573
UBFC_PHYS_s04_T3_test,75,153,80.1,0.9357432126998901,-1.218053447512797
UBFC_PHYS_s04_T3_test,75,154,80.13333333333334,0.8318364024162292,-1.2075128098035763
UBFC_PHYS_s04_T3_test,75,155,80.16666666666667,0.7168207764625549,-1.124640121852089
UBFC_PHYS_s04_T3_test,75,156,80.2,0.6371488571166992,-0.9547958212666876
UBFC_PHYS_s04_T3_test,75,157,80.23333333333333,0.5940484404563904,-0.6877509228335335
UBFC_PHYS_s04_T3_test,75,158,80.26666666666667,0.5128660798072815,-0.3271330548311124
UBFC_PHYS_s04_T3_test,75,159,80.3,0.3475877642631531,0.1029877035255163
UBFC_PHYS_s04_T3_test,75,160,80.33333333333333,0.15621334314346313,0.5578956514028883
UBFC_PHYS_s04_T3_test,75,161,80.36666666666666,0.002141309669241309,0.9798586573770872
UBFC_PHYS_s04_T3_test,75,162,80.4,-0.16160713136196136,1.3114593404687058
UBFC_PHYS_s04_T3_test,75,163,80.43333333333334,-0.45512452721595764,1.509563390062485
UBFC_PHYS_s04_T3_test,75,164,80.46666666666667,-0.8828739523887634,1.5546289022569353
UBFC_PHYS_s04_T3_test,75,165,80.5,-1.2195794582366943,1.4525172115081928
UBFC_PHYS_s04_T3_test,75,166,80.53333333333333,-1.2103025913238525,1.229507668565904
UBFC_PHYS_s04_T3_test,75,167,80.56666666666666,-0.9349491596221924,0.9236806215777756
UBFC_PHYS_s04_T3_test,75,168,80.6,-0.6628211736679077,0.5760034308239034
UBFC_PHYS_s04_T3_test,75,169,80.63333333333334,-0.50342857837677,0.22320223007679005
UBFC_PHYS_s04_T3_test,75,170,80.66666666666667,-0.36658501625061035,-0.10670506004221145
UBFC_PHYS_s04_T3_test,75,171,80.7,-0.1954306662082672,-0.39606983132534185
UBFC_PHYS_s04_T3_test,75,172,80.73333333333333,-0.04848194122314453,-0.6367693188363769
UBFC_PHYS_s04_T3_test,75,173,80.76666666666667,0.019165143370628357,-0.8274349638132713
UBFC_PHYS_s04_T3_test,75,174,80.8,0.023676898330450058,-0.9695099676751805
UBFC_PHYS_s04_T3_test,75,175,80.83333333333333,0.010336526669561863,-1.0630976370789744
UBFC_PHYS_s04_T3_test,75,176,80.86666666666666,0.03282708674669266,-1.10379636725868
UBFC_PHYS_s04_T3_test,75,177,80.9,0.12684309482574463,-1.0817860812107916
UBFC_PHYS_s04_T3_test,75,178,80.93333333333334,0.24119609594345093,-0.9840722833879492
UBFC_PHYS_s04_T3_test,75,179,80.96666666666667,0.2814803123474121,-0.7998717593772984
UBFC_PHYS_s04_T3_test,75,180,81.0,0.2521977722644806,-0.5277996171940992
UBFC_PHYS_s04_T3_test,75,181,81.03333333333333,0.2725445032119751,-0.18232424334750996
UBFC_PHYS_s04_T3_test,75,182,81.06666666666666,0.3927929997444153,0.20347100328415907
UBFC_PHYS_s04_T3_test,75,183,81.1,0.4782337546348572,0.581053361883572
UBFC_PHYS_s04_T3_test,75,184,81.13333333333334,0.34270569682121277,0.8958481480190607
UBFC_PHYS_s04_T3_test,75,185,81.16666666666667,0.03869334235787392,1.1004601135731007
UBFC_PHYS_s04_T3_test,75,186,81.2,-0.10670599341392517,1.1668760340054312
UBFC_PHYS_s04_T3_test,75,187,81.23333333333333,0.12925975024700165,1.0927543608999215
UBFC_PHYS_s04_T3_test,75,188,81.26666666666667,0.6067749261856079,0.8998792907041412
UBFC_PHYS_s04_T3_test,75,189,81.3,1.0337642431259155,0.6265087144505757
UBFC_PHYS_s04_T3_test,75,190,81.33333333333333,1.2537975311279297,0.31706011765476677
UBFC_PHYS_s04_T3_test,75,191,81.36666666666666,1.2356140613555908,0.01230933888501356
UBFC_PHYS_s04_T3_test,75,192,81.4,1.010669469833374,-0.2577477289335243
UBFC_PHYS_s04_T3_test,75,193,81.43333333333334,0.6418164968490601,-0.4772505580333387
UBFC_PHYS_s04_T3_test,75,194,81.46666666666667,0.17772944271564484,-0.6437626796949156
UBFC_PHYS_s04_T3_test,75,195,81.5,-0.371652215719223,-0.7639722249398156
UBFC_PHYS_s04_T3_test,75,196,81.53333333333333,-1.0055196285247803,-0.8471041574003713
UBFC_PHYS_s04_T3_test,75,197,81.56666666666666,-1.6715539693832397,-0.8980600911291504
UBFC_PHYS_s04_T3_test,75,198,81.6,-2.245306968688965,-0.9125932926002669
UBFC_PHYS_s04_T3_test,75,199,81.63333333333334,-2.55820631980896,-0.8764606492958386
UBFC_PHYS_s04_T3_test,75,200,81.66666666666667,-2.495100259780884,-0.7694114954388067
UBFC_PHYS_s04_T3_test,75,201,81.7,-2.079375743865967,-0.5732665270554059
UBFC_PHYS_s04_T3_test,75,202,81.73333333333333,-1.4769638776779175,-0.281659149153381
UBFC_PHYS_s04_T3_test,75,203,81.76666666666667,-0.9547209739685059,0.0921040069504685
UBFC_PHYS_s04_T3_test,75,204,81.8,-0.7147696614265442,0.5125425487820359
UBFC_PHYS_s04_T3_test,75,205,81.83333333333333,-0.6735402345657349,0.9267790388508518
UBFC_PHYS_s04_T3_test,75,206,81.86666666666666,-0.5874661207199097,1.275765859648526
UBFC_PHYS_s04_T3_test,75,207,81.9,-0.30830249190330505,1.5083289964289395
UBFC_PHYS_s04_T3_test,75,208,81.93333333333334,0.1973843276500702,1.5929412328579842
UBFC_PHYS_s04_T3_test,75,209,81.96666666666667,0.8875366449356079,1.5230749741467995
UBFC_PHYS_s04_T3_test,75,210,82.0,1.5908149480819702,1.3150614716229212
UBFC_PHYS_s04_T3_test,75,211,82.03333333333333,2.090304136276245,1.0005462600072748
UBFC_PHYS_s04_T3_test,75,212,82.06666666666666,2.3729660511016846,0.6169923078202411
UBFC_PHYS_s04_T3_test,75,213,82.1,2.595640182495117,0.19938088999753312
UBFC_PHYS_s04_T3_test,75,214,82.13333333333334,2.7949271202087402,-0.22471124294392159
UBFC_PHYS_s04_T3_test,75,215,82.16666666666667,2.779608726501465,-0.6357095361035751
UBFC_PHYS_s04_T3_test,75,216,82.2,2.4588842391967773,-1.0187615672361074
UBFC_PHYS_s04_T3_test,75,217,82.23333333333333,2.0260677337646484,-1.358348723486962
UBFC_PHYS_s04_T3_test,75,218,82.26666666666667,1.6253011226654053,-1.6334546780475834
UBFC_PHYS_s04_T3_test,75,219,82.3,1.1858386993408203,-1.8160669620674925
UBFC_PHYS_s04_T3_test,75,220,82.33333333333333,0.706150472164154,-1.8748584051729715
UBFC_PHYS_s04_T3_test,75,221,82.36666666666666,0.24764703214168549,-1.7839160400919047
UBFC_PHYS_s04_T3_test,75,222,82.4,-0.24395883083343506,-1.5338763025031763
UBFC_PHYS_s04_T3_test,75,223,82.43333333333334,-0.7983005046844482,-1.14095292960319
UBFC_PHYS_s04_T3_test,75,224,82.46666666666667,-1.293394923210144,-0.6492721353379568
UBFC_PHYS_s04_T3_test,75,225,82.5,-1.653701901435852,-0.12409555224009684
UBFC_PHYS_s04_T3_test,75,226,82.53333333333333,-2.00075626373291,0.3627287150065771
UBFC_PHYS_s04_T3_test,75,227,82.56666666666666,-2.3947696685791016,0.7501500662531358
UBFC_PHYS_s04_T3_test,75,228,82.6,-2.5607399940490723,1.0016842148288934
UBFC_PHYS_s04_T3_test,75,229,82.63333333333334,-2.1307005882263184,1.1107070741290646
UBFC_PHYS_s04_T3_test,75,230,82.66666666666667,-1.0430558919906616,1.096474815298419
UBFC_PHYS_s04_T3_test,75,231,82.7,0.4387388527393341,0.9940852919054827
UBFC_PHYS_s04_T3_test,75,232,82.73333333333333,1.835960030555725,0.8432256577184672
UBFC_PHYS_s04_T3_test,75,233,82.76666666666667,2.5615339279174805,0.6796056682819904
UBFC_PHYS_s04_T3_test,75,234,82.8,2.445553779602051,0.5306397262069008
UBFC_PHYS_s04_T3_test,75,235,82.83333333333333,2.0781428813934326,0.41455827905921294
UBFC_PHYS_s04_T3_test,75,236,82.86666666666666,2.1135644912719727,0.340826149690854
UBFC_PHYS_s04_T3_test,75,237,82.9,2.484668493270874,0.3101772317520747
UBFC_PHYS_s04_T3_test,75,238,82.93333333333334,2.692793846130371,0.3143438801512446
UBFC_PHYS_s04_T3_test,75,239,82.96666666666667,2.646390199661255,0.3370024387465388
UBFC_PHYS_s04_T3_test,76,0,76.0,-0.007544833235442638,0.021787140437545212
UBFC_PHYS_s04_T3_test,76,1,76.03333333333333,-0.4878566861152649,0.15748343163801806
UBFC_PHYS_s04_T3_test,76,2,76.06666666666666,-0.9669991731643677,0.26601847112444293
UBFC_PHYS_s04_T3_test,76,3,76.1,-1.4233977794647217,0.32944877466415573
UBFC_PHYS_s04_T3_test,76,4,76.13333333333334,-1.72311270236969,0.34139870271932915
UBFC_PHYS_s04_T3_test,76,5,76.16666666666667,-1.867303729057312,0.30699527638808327
UBFC_PHYS_s04_T3_test,76,6,76.2,-2.0427165031433105,0.23850883637317796
UBFC_PHYS_s04_T3_test,76,7,76.23333333333333,-2.366032838821411,0.14911847288202582
UBFC_PHYS_s04_T3_test,76,8,76.26666666666667,-2.779623508453369,0.04819593842778758
UBFC_PHYS_s04_T3_test,76,9,76.3,-3.1219711303710938,-0.05966988619493104
UBFC_PHYS_s04_T3_test,76,10,76.33333333333333,-3.235349655151367,-0.1724199011493698
UBFC_PHYS_s04_T3_test,76,11,76.36666666666666,-3.1064867973327637,-0.2875188278055701
UBFC_PHYS_s04_T3_test,76,12,76.4,-2.822324275970459,-0.40019900919987883
UBFC_PHYS_s04_T3_test,76,13,76.43333333333334,-2.3792757987976074,-0.5031879968002194
UBFC_PHYS_s04_T3_test,76,14,76.46666666666667,-1.766115665435791,-0.5870726977408095
UBFC_PHYS_s04_T3_test,76,15,76.5,-1.0798417329788208,-0.64061279460018
UBFC_PHYS_s04_T3_test,76,16,76.53333333333333,-0.39807960391044617,-0.6511729643173176
UBFC_PHYS_s04_T3_test,76,17,76.56666666666666,0.1857687532901764,-0.6061360800441934
UBFC_PHYS_s04_T3_test,76,18,76.6,0.5222306847572327,-0.4960190627346042
UBFC_PHYS_s04_T3_test,76,19,76.63333333333334,0.6632838845252991,-0.3189866406943382
UBFC_PHYS_s04_T3_test,76,20,76.66666666666667,0.8423313498497009,-0.08509784215212678
UBFC_PHYS_s04_T3_test,76,21,76.7,1.1137772798538208,0.1821563198130818
UBFC_PHYS_s04_T3_test,76,22,76.73333333333333,1.32268226146698,0.4488965081622301
UBFC_PHYS_s04_T3_test,76,23,76.76666666666667,1.380204677581787,0.678341985635089
UBFC_PHYS_s04_T3_test,76,24,76.8,1.3272719383239746,0.8400383692534702
UBFC_PHYS_s04_T3_test,76,25,76.83333333333333,1.207072138786316,0.9168318044634679
UBFC_PHYS_s04_T3_test,76,26,76.86666666666666,1.0584765672683716,0.9067417709018061
UBFC_PHYS_s04_T3_test,76,27,76.9,0.9419992566108704,0.8195834986515425
UBFC_PHYS_s04_T3_test,76,28,76.93333333333334,0.8306280970573425,0.6706421849986218
UBFC_PHYS_s04_T3_test,76,29,76.96666666666667,0.5656331777572632,0.4746416519519074
UBFC_PHYS_s04_T3_test,76,30,77.0,0.09813547134399414,0.24246566087097782
UBFC_PHYS_s04_T3_test,76,31,77.03333333333333,-0.2877316176891327,-0.01846182786705566
UBFC_PHYS_s04_T3_test,76,32,77.06666666666666,-0.2751123607158661,-0.300520160064716
UBFC_PHYS_s04_T3_test,76,33,77.1,0.061651647090911865,-0.5903111204897485
UBFC_PHYS_s04_T3_test,76,34,77.13333333333334,0.40905675292015076,-0.8634065929784916
UBFC_PHYS_s04_T3_test,76,35,77.16666666666667,0.6392049789428711,-1.0822771642619675
UBFC_PHYS_s04_T3_test,76,36,77.2,0.802758514881134,-1.200005610658947
UBFC_PHYS_s04_T3_test,76,37,77.23333333333333,0.870191216468811,-1.170812468224537
UBFC_PHYS_s04_T3_test,76,38,77.26666666666667,0.7979836463928223,-0.9655849262596574
UBFC_PHYS_s04_T3_test,76,39,77.3,0.6925177574157715,-0.5874627214523179
UBFC_PHYS_s04_T3_test,76,40,77.33333333333333,0.6426643133163452,-0.08063561749170252
UBFC_PHYS_s04_T3_test,76,41,77.36666666666666,0.5993494987487793,0.473625376017377
UBFC_PHYS_s04_T3_test,76,42,77.4,0.512671172618866,0.975376927033564
UBFC_PHYS_s04_T3_test,76,43,77.43333333333334,0.41494250297546387,1.333683724417602
UBFC_PHYS_s04_T3_test,76,44,77.46666666666667,0.32867345213890076,1.4922811940441099
UBFC_PHYS_s04_T3_test,76,45,77.5,0.21536312997341156,1.4419674405734615
UBFC_PHYS_s04_T3_test,76,46,77.53333333333333,0.053066644817590714,1.2162544127146673
UBFC_PHYS_s04_T3_test,76,47,77.56666666666666,-0.10763172805309296,0.8754186434613481
UBFC_PHYS_s04_T3_test,76,48,77.6,-0.22659394145011902,0.48670765221686285
UBFC_PHYS_s04_T3_test,76,49,77.63333333333334,-0.33867645263671875,0.10680945114504443
UBFC_PHYS_s04_T3_test,76,50,77.66666666666667,-0.5090025067329407,-0.22898353412645253
UBFC_PHYS_s04_T3_test,76,51,77.7,-0.7573341727256775,-0.508343227015932
UBFC_PHYS_s04_T3_test,76,52,77.73333333333333,-1.0055196285247803,-0.7349720666882497
UBFC_PHYS_s04_T3_test,76,53,77.76666666666667,-1.050890564918518,-0.9172901168253789
UBFC_PHYS_s04_T3_test,76,54,77.8,-0.7344732880592346,-1.05810695670458
UBFC_PHYS_s04_T3_test,76,55,77.83333333333333,-0.18158358335494995,-1.1493772300125709
UBFC_PHYS_s04_T3_test,76,56,77.86666666666666,0.3305639326572418,-1.1733981798162127
UBFC_PHYS_s04_T3_test,76,57,77.9,0.6658272743225098,-1.1092328905590172
UBFC_PHYS_s04_T3_test,76,58,77.93333333333334,0.8625026941299438,-0.9418119243922102
UBFC_PHYS_s04_T3_test,76,59,77.96666666666667,0.9758033156394958,-0.6707054035091077
UBFC_PHYS_s04_T3_test,76,60,78.0,1.0317178964614868,-0.31542039356108703
UBFC_PHYS_s04_T3_test,76,61,78.03333333333333,1.0717195272445679,0.08518868748095142
UBFC_PHYS_s04_T3_test,76,62,78.06666666666666,1.1156872510910034,0.47977088342757407
UBFC_PHYS_s04_T3_test,76,63,78.1,1.0957107543945312,0.815549016397977
UBFC_PHYS_s04_T3_test,76,64,78.13333333333334,0.9581460952758789,1.0500596738627213
UBFC_PHYS_s04_T3_test,76,65,78.16666666666667,0.7844483852386475,1.159903525133503
UBFC_PHYS_s04_T3_test,76,66,78.2,0.6750358939170837,1.1439993686158862
UBFC_PHYS_s04_T3_test,76,67,78.23333333333333,0.5978488326072693,1.0208252032295744
UBFC_PHYS_s04_T3_test,76,68,78.26666666666667,0.46182382106781006,0.8212102167640124
UBFC_PHYS_s04_T3_test,76,69,78.3,0.23483286798000336,0.5793836547306989
UBFC_PHYS_s04_T3_test,76,70,78.33333333333333,-0.05690128728747368,0.32478429416211857
UBFC_PHYS_s04_T3_test,76,71,78.36666666666666,-0.36896270513534546,0.07648500895382339
UBFC_PHYS_s04_T3_test,76,72,78.4,-0.7171376347541809,-0.15827537869681502
UBFC_PHYS_s04_T3_test,76,73,78.43333333333334,-1.182881236076355,-0.3807864915973174
UBFC_PHYS_s04_T3_test,76,74,78.46666666666667,-1.713309645652771,-0.5940045711696514
UBFC_PHYS_s04_T3_test,76,75,78.5,-2.0524513721466064,-0.7951205415009311
UBFC_PHYS_s04_T3_test,76,76,78.53333333333333,-2.025254249572754,-0.9707797388252435
UBFC_PHYS_s04_T3_test,76,77,78.56666666666666,-1.7388113737106323,-1.0968882958741484
UBFC_PHYS_s04_T3_test,76,78,78.6,-1.3534704446792603,-1.143078534970021
UBFC_PHYS_s04_T3_test,76,79,78.63333333333334,-0.981918215751648,-1.080533992489046
UBFC_PHYS_s04_T3_test,76,80,78.66666666666667,-0.67441725730896,-0.8914006832790456
UBFC_PHYS_s04_T3_test,76,81,78.7,-0.3799838423728943,-0.57770097246419
UBFC_PHYS_s04_T3_test,76,82,78.73333333333333,-0.05252595618367195,-0.16694889091846407
UBFC_PHYS_s04_T3_test,76,83,78.76666666666667,0.21783825755119324,0.28867644334154074
UBFC_PHYS_s04_T3_test,76,84,78.8,0.33501720428466797,0.7215117576383594
UBFC_PHYS_s04_T3_test,76,85,78.83333333333333,0.36021676659584045,1.0646518811035377
UBFC_PHYS_s04_T3_test,76,86,78.86666666666666,0.3938356637954712,1.2699525658999327
UBFC_PHYS_s04_T3_test,76,87,78.9,0.4233618378639221,1.3205838102934493
UBFC_PHYS_s04_T3_test,76,88,78.93333333333334,0.3549644351005554,1.233067076324252
UBFC_PHYS_s04_T3_test,76,89,78.96666666666667,0.16670829057693481,1.0485180649486578
UBFC_PHYS_s04_T3_test,76,90,79.0,-0.03283209726214409,0.8172994599558137
UBFC_PHYS_s04_T3_test,76,91,79.03333333333333,-0.14381346106529236,0.5833128737303748
UBFC_PHYS_s04_T3_test,76,92,79.06666666666666,-0.2459077537059784,0.37319414798768663
UBFC_PHYS_s04_T3_test,76,93,79.1,-0.44079020619392395,0.19304627330278976
UBFC_PHYS_s04_T3_test,76,94,79.13333333333334,-0.6104146838188171,0.03267231666748234
UBFC_PHYS_s04_T3_test,76,95,79.16666666666667,-0.5527070760726929,-0.12504184246585676
UBFC_PHYS_s04_T3_test,76,96,79.2,-0.2815535366535187,-0.2937345958494469
UBFC_PHYS_s04_T3_test,76,97,79.23333333333333,0.0325152613222599,-0.4765708135721928
UBFC_PHYS_s04_T3_test,76,98,79.26666666666667,0.2906305193901062,-0.6651479679833696
UBFC_PHYS_s04_T3_test,76,99,79.3,0.492938369512558,-0.8436633483469014
UBFC_PHYS_s04_T3_test,76,100,79.33333333333333,0.6728239059448242,-0.9950465055785332
UBFC_PHYS_s04_T3_test,76,101,79.36666666666666,0.8352275490760803,-1.1052011815340481
UBFC_PHYS_s04_T3_test,76,102,79.4,0.9025043249130249,-1.1633872168470003
UBFC_PHYS_s04_T3_test,76,103,79.43333333333334,0.8197336196899414,-1.1595624961888147
UBFC_PHYS_s04_T3_test,76,104,79.46666666666667,0.6903641819953918,-1.0813387290344345
UBFC_PHYS_s04_T3_test,76,105,79.5,0.6467083096504211,-0.913552063573819
UBFC_PHYS_s04_T3_test,76,106,79.53333333333333,0.6420796513557434,-0.6425049123699104
UBFC_PHYS_s04_T3_test,76,107,79.56666666666666,0.5381631255149841,-0.26479573283435326
UBFC_PHYS_s04_T3_test,76,108,79.6,0.32262206077575684,0.2022190136047332
UBFC_PHYS_s04_T3_test,76,109,79.63333333333334,0.08840060234069824,0.7136637364029947
UBFC_PHYS_s04_T3_test,76,110,79.66666666666667,-0.0964156836271286,1.1996600639621928
UBFC_PHYS_s04_T3_test,76,111,79.7,-0.23548102378845215,1.5793977580729806
UBFC_PHYS_s04_T3_test,76,112,79.73333333333333,-0.39482489228248596,1.7829044811934847
UBFC_PHYS_s04_T3_test,76,113,79.76666666666667,-0.634454607963562,1.7716787318495932
UBFC_PHYS_s04_T3_test,76,114,79.8,-0.8359731435775757,1.5492852777553632
UBFC_PHYS_s04_T3_test,76,115,79.83333333333333,-0.7410703897476196,1.1578799706388856
UBFC_PHYS_s04_T3_test,76,116,79.86666666666666,-0.29510828852653503,0.6634401972774474
UBFC_PHYS_s04_T3_test,76,117,79.9,0.23994877934455872,0.13700920738581157
UBFC_PHYS_s04_T3_test,76,118,79.93333333333334,0.617766797542572,-0.3609243752790035
UBFC_PHYS_s04_T3_test,76,119,79.96666666666667,0.8367087244987488,-0.7890493412020831
UBFC_PHYS_s04_T3_test,76,120,80.0,0.9735425710678101,-1.126314427631794
UBFC_PHYS_s04_T3_test,76,121,80.03333333333333,1.0294864177703857,-1.367031408722434
UBFC_PHYS_s04_T3_test,76,122,80.06666666666666,1.0068690776824951,-1.5125866347837944
UBFC_PHYS_s04_T3_test,76,123,80.1,0.9357432126998901,-1.5629119832335667
UBFC_PHYS_s04_T3_test,76,124,80.13333333333334,0.8318364024162292,-1.5112034699972403
UBFC_PHYS_s04_T3_test,76,125,80.16666666666667,0.7168207764625549,-1.3447627510506053
UBFC_PHYS_s04_T3_test,76,126,80.2,0.6371488571166992,-1.0526135712158882
UBFC_PHYS_s04_T3_test,76,127,80.23333333333333,0.5940484404563904,-0.6372239325410921
UBFC_PHYS_s04_T3_test,76,128,80.26666666666667,0.5128660798072815,-0.12478268014386144
UBFC_PHYS_s04_T3_test,76,129,80.3,0.3475877642631531,0.43197532444876946
UBFC_PHYS_s04_T3_test,76,130,80.33333333333333,0.15621334314346313,0.961474024718748
UBFC_PHYS_s04_T3_test,76,131,80.36666666666666,0.002141309669241309,1.3895932437391747
UBFC_PHYS_s04_T3_test,76,132,80.4,-0.16160713136196136,1.658215772352436
UBFC_PHYS_s04_T3_test,76,133,80.43333333333334,-0.45512452721595764,1.738641782819052
UBFC_PHYS_s04_T3_test,76,134,80.46666666666667,-0.8828739523887634,1.6355824545871123
UBFC_PHYS_s04_T3_test,76,135,80.5,-1.2195794582366943,1.3821038427417547
UBFC_PHYS_s04_T3_test,76,136,80.53333333333333,-1.2103025913238525,1.0289501508356944
UBFC_PHYS_s04_T3_test,76,137,80.56666666666666,-0.9349491596221924,0.632250908011798
UBFC_PHYS_s04_T3_test,76,138,80.6,-0.6628211736679077,0.24257006868746245
UBFC_PHYS_s04_T3_test,76,139,80.63333333333334,-0.50342857837677,-0.10300286338711662
UBFC_PHYS_s04_T3_test,76,140,80.66666666666667,-0.36658501625061035,-0.3846730833467702
UBFC_PHYS_s04_T3_test,76,141,80.7,-0.1954306662082672,-0.5992443278694433
UBFC_PHYS_s04_T3_test,76,142,80.73333333333333,-0.04848194122314453,-0.7556697466341795
UBFC_PHYS_s04_T3_test,76,143,80.76666666666667,0.019165143370628357,-0.86864972133343
UBFC_PHYS_s04_T3_test,76,144,80.8,0.023676898330450058,-0.9521123370003514
UBFC_PHYS_s04_T3_test,76,145,80.83333333333333,0.010336526669561863,-1.013779814883711
UBFC_PHYS_s04_T3_test,76,146,80.86666666666666,0.03282708674669266,-1.0515441261861587
UBFC_PHYS_s04_T3_test,76,147,80.9,0.12684309482574463,-1.0524848706591436
UBFC_PHYS_s04_T3_test,76,148,80.93333333333334,0.24119609594345093,-0.9956832599564958
UBFC_PHYS_s04_T3_test,76,149,80.96666666666667,0.2814803123474121,-0.8592649357568471
UBFC_PHYS_s04_T3_test,76,150,81.0,0.2521977722644806,-0.629906780089448
UBFC_PHYS_s04_T3_test,76,151,81.03333333333333,0.2725445032119751,-0.31112299452496534
UBFC_PHYS_s04_T3_test,76,152,81.06666666666666,0.3927929997444153,0.07316774756746364
UBFC_PHYS_s04_T3_test,76,153,81.1,0.4782337546348572,0.48128780771021384
UBFC_PHYS_s04_T3_test,76,154,81.13333333333334,0.34270569682121277,0.8617463543269586
UBFC_PHYS_s04_T3_test,76,155,81.16666666666667,0.03869334235787392,1.1639263081400752
UBFC_PHYS_s04_T3_test,76,156,81.2,-0.10670599341392517,1.3485349786225895
UBFC_PHYS_s04_T3_test,76,157,81.23333333333333,0.12925975024700165,1.3952745083405256
UBFC_PHYS_s04_T3_test,76,158,81.26666666666667,0.6067749261856079,1.3059385560870247
UBFC_PHYS_s04_T3_test,76,159,81.3,1.0337642431259155,1.1021816137765517
UBFC_PHYS_s04_T3_test,76,160,81.33333333333333,1.2537975311279297,0.8186190280556283
UBFC_PHYS_s04_T3_test,76,161,81.36666666666666,1.2356140613555908,0.4933938566661065
UBFC_PHYS_s04_T3_test,76,162,81.4,1.010669469833374,0.15929045190815724
UBFC_PHYS_s04_T3_test,76,163,81.43333333333334,0.6418164968490601,-0.1617669052822882
UBFC_PHYS_s04_T3_test,76,164,81.46666666666667,0.17772944271564484,-0.4594846874421917
UBFC_PHYS_s04_T3_test,76,165,81.5,-0.371652215719223,-0.7316559588520082
UBFC_PHYS_s04_T3_test,76,166,81.53333333333333,-1.0055196285247803,-0.9778247433547435
UBFC_PHYS_s04_T3_test,76,167,81.56666666666666,-1.6715539693832397,-1.1923140252784776
UBFC_PHYS_s04_T3_test,76,168,81.6,-2.245306968688965,-1.3592533121714767
UBFC_PHYS_s04_T3_test,76,169,81.63333333333334,-2.55820631980896,-1.4520675119702815
UBFC_PHYS_s04_T3_test,76,170,81.66666666666667,-2.495100259780884,-1.4385553624013532
UBFC_PHYS_s04_T3_test,76,171,81.7,-2.079375743865967,-1.2905971344817835
UBFC_PHYS_s04_T3_test,76,172,81.73333333333333,-1.4769638776779175,-0.9955756780188356
UBFC_PHYS_s04_T3_test,76,173,81.76666666666667,-0.9547209739685059,-0.5655443176489798
UBFC_PHYS_s04_T3_test,76,174,81.8,-0.7147696614265442,-0.04047829364152463
UBFC_PHYS_s04_T3_test,76,175,81.83333333333333,-0.6735402345657349,0.5164160797546702
UBFC_PHYS_s04_T3_test,76,176,81.86666666666666,-0.5874661207199097,1.0308022988112593
UBFC_PHYS_s04_T3_test,76,177,81.9,-0.30830249190330505,1.4333939260049544
UBFC_PHYS_s04_T3_test,76,178,81.93333333333334,0.1973843276500702,1.674932103221042
UBFC_PHYS_s04_T3_test,76,179,81.96666666666667,0.8875366449356079,1.7350139792372934
UBFC_PHYS_s04_T3_test,76,180,82.0,1.5908149480819702,1.6226981135973462
UBFC_PHYS_s04_T3_test,76,181,82.03333333333333,2.090304136276245,1.3701057352030348
UBFC_PHYS_s04_T3_test,76,182,82.06666666666666,2.3729660511016846,1.0218854122427632
UBFC_PHYS_s04_T3_test,76,183,82.1,2.595640182495117,0.623735624107684
UBFC_PHYS_s04_T3_test,76,184,82.13333333333334,2.7949271202087402,0.2131820548504469
UBFC_PHYS_s04_T3_test,76,185,82.16666666666667,2.779608726501465,-0.18476419251679724
UBFC_PHYS_s04_T3_test,76,186,82.2,2.4588842391967773,-0.556075024055191
UBFC_PHYS_s04_T3_test,76,187,82.23333333333333,2.0260677337646484,-0.8915296379714472
UBFC_PHYS_s04_T3_test,76,188,82.26666666666667,1.6253011226654053,-1.1789800206613912
UBFC_PHYS_s04_T3_test,76,189,82.3,1.1858386993408203,-1.397876645654705
UBFC_PHYS_s04_T3_test,76,190,82.33333333333333,0.706150472164154,-1.5191403181141276
UBFC_PHYS_s04_T3_test,76,191,82.36666666666666,0.24764703214168549,-1.511462158046849
UBFC_PHYS_s04_T3_test,76,192,82.4,-0.24395883083343506,-1.3524713515571511
UBFC_PHYS_s04_T3_test,76,193,82.43333333333334,-0.7983005046844482,-1.0408087609656884
UBFC_PHYS_s04_T3_test,76,194,82.46666666666667,-1.293394923210144,-0.6039147693261325
UBFC_PHYS_s04_T3_test,76,195,82.5,-1.653701901435852,-0.09700926938273846
UBFC_PHYS_s04_T3_test,76,196,82.53333333333333,-2.00075626373291,0.4083811846422138
UBFC_PHYS_s04_T3_test,76,197,82.56666666666666,-2.3947696685791016,0.8432337101285851
UBFC_PHYS_s04_T3_test,76,198,82.6,-2.5607399940490723,1.15936399806607
UBFC_PHYS_s04_T3_test,76,199,82.63333333333334,-2.1307005882263184,1.3387354810197656
UBFC_PHYS_s04_T3_test,76,200,82.66666666666667,-1.0430558919906616,1.3901942229350503
UBFC_PHYS_s04_T3_test,76,201,82.7,0.4387388527393341,1.3370897508098394
UBFC_PHYS_s04_T3_test,76,202,82.73333333333333,1.835960030555725,1.2032466988184094
UBFC_PHYS_s04_T3_test,76,203,82.76666666666667,2.5615339279174805,1.004148307096351
UBFC_PHYS_s04_T3_test,76,204,82.8,2.445553779602051,0.7462724607676816
UBFC_PHYS_s04_T3_test,76,205,82.83333333333333,2.0781428813934326,0.43293552416248043
UBFC_PHYS_s04_T3_test,76,206,82.86666666666666,2.1135644912719727,0.07222320357077652
UBFC_PHYS_s04_T3_test,76,207,82.9,2.484668493270874,-0.31744104103905774
UBFC_PHYS_s04_T3_test,76,208,82.93333333333334,2.692793846130371,-0.7064313026161146
UBFC_PHYS_s04_T3_test,76,209,82.96666666666667,2.646390199661255,-1.0575068048672305
UBFC_PHYS_s04_T3_test,76,210,83.0,2.6303699016571045,-1.3320016861183581
UBFC_PHYS_s04_T3_test,76,211,83.03333333333333,2.720848560333252,-1.4964041616201937
UBFC_PHYS_s04_T3_test,76,212,83.06666666666666,2.7771236896514893,-1.5275588902268722
UBFC_PHYS_s04_T3_test,76,213,83.1,2.662644147872925,-1.4156744452344445
UBFC_PHYS_s04_T3_test,76,214,83.13333333333334,2.2102115154266357,-1.1654180600029234
UBFC_PHYS_s04_T3_test,76,215,83.16666666666667,1.4060571193695068,-0.7960429835846563
UBFC_PHYS_s04_T3_test,76,216,83.2,0.5082569122314453,-0.3412297807646597
UBFC_PHYS_s04_T3_test,76,217,83.23333333333333,-0.25799107551574707,0.15192723229371088
UBFC_PHYS_s04_T3_test,76,218,83.26666666666667,-0.872281551361084,0.6267479750668417
UBFC_PHYS_s04_T3_test,76,219,83.3,-1.336777925491333,1.0252514425606742
UBFC_PHYS_s04_T3_test,76,220,83.33333333333333,-1.5837843418121338,1.2998003455638252
UBFC_PHYS_s04_T3_test,76,221,83.36666666666666,-1.587409257888794,1.4239854051502243
UBFC_PHYS_s04_T3_test,76,222,83.4,-1.4113534688949585,1.3979854411909707
UBFC_PHYS_s04_T3_test,76,223,83.43333333333334,-1.160751223564148,1.2459772395968662
UBFC_PHYS_s04_T3_test,76,224,83.46666666666667,-0.919055700302124,1.0070534381617473
UBFC_PHYS_s04_T3_test,76,225,83.5,-0.733128547668457,0.7238380186873452
UBFC_PHYS_s04_T3_test,76,226,83.53333333333333,-0.6498315930366516,0.43286232042703787
UBFC_PHYS_s04_T3_test,76,227,83.56666666666666,-0.6495100259780884,0.15892589934752066
UBFC_PHYS_s04_T3_test,76,228,83.6,-0.625343382358551,-0.08596752350732255
UBFC_PHYS_s04_T3_test,76,229,83.63333333333334,-0.5498518943786621,-0.29954422045144363
UBFC_PHYS_s04_T3_test,76,230,83.66666666666667,-0.5421828627586365,-0.4834121967490618
UBFC_PHYS_s04_T3_test,76,231,83.7,-0.6603070497512817,-0.636811201802537
UBFC_PHYS_s04_T3_test,76,232,83.73333333333333,-0.8165034055709839,-0.7530822826051646
UBFC_PHYS_s04_T3_test,76,233,83.76666666666667,-0.9649040699005127,-0.8211855025691327
UBFC_PHYS_s04_T3_test,76,234,83.8,-1.1665785312652588,-0.8317618902628742
UBFC_PHYS_s04_T3_test,76,235,83.83333333333333,-1.4424387216567993,-0.7839249682977543
UBFC_PHYS_s04_T3_test,76,236,83.86666666666666,-1.7287646532058716,-0.6876878188296989
UBFC_PHYS_s04_T3_test,76,237,83.9,-1.9418013095855713,-0.5595647931550848
UBFC_PHYS_s04_T3_test,76,238,83.93333333333334,-2.0430185794830322,-0.4144219265577196
UBFC_PHYS_s04_T3_test,76,239,83.96666666666667,-2.0278170108795166,-0.2600274028357014
UBFC_PHYS_s04_T3_test,77,0,77.0,0.09813547134399414,0.019204693631112418
UBFC_PHYS_s04_T3_test,77,1,77.03333333333333,-0.2877316176891327,-0.1827478546829516
UBFC_PHYS_s04_T3_test,77,2,77.06666666666666,-0.2751123607158661,-0.3787019041234101
UBFC_PHYS_s04_T3_test,77,3,77.1,0.061651647090911865,-0.5571292898860044
UBFC_PHYS_s04_T3_test,77,4,77.13333333333334,0.40905675292015076,-0.6972725796020778
UBFC_PHYS_s04_T3_test,77,5,77.16666666666667,0.6392049789428711,-0.7698926575219156
UBFC_PHYS_s04_T3_test,77,6,77.2,0.802758514881134,-0.7428114891152032
UBFC_PHYS_s04_T3_test,77,7,77.23333333333333,0.870191216468811,-0.5908358196477472
UBFC_PHYS_s04_T3_test,77,8,77.26666666666667,0.7979836463928223,-0.3077137876248881
UBFC_PHYS_s04_T3_test,77,9,77.3,0.6925177574157715,0.08432578412380606
UBFC_PHYS_s04_T3_test,77,10,77.33333333333333,0.6426643133163452,0.5327135718232887
UBFC_PHYS_s04_T3_test,77,11,77.36666666666666,0.5993494987487793,0.9635746110824918
UBFC_PHYS_s04_T3_test,77,12,77.4,0.512671172618866,1.2999969276506875
UBFC_PHYS_s04_T3_test,77,13,77.43333333333334,0.41494250297546387,1.4829752523368824
UBFC_PHYS_s04_T3_test,77,14,77.46666666666667,0.32867345213890076,1.486769510403152
UBFC_PHYS_s04_T3_test,77,15,77.5,0.21536312997341156,1.3229479550047067
UBFC_PHYS_s04_T3_test,77,16,77.53333333333333,0.053066644817590714,1.032723919326653
UBFC_PHYS_s04_T3_test,77,17,77.56666666666666,-0.10763172805309296,0.6720122607043607
UBFC_PHYS_s04_T3_test,77,18,77.6,-0.22659394145011902,0.2952937657221499
UBFC_PHYS_s04_T3_test,77,19,77.63333333333334,-0.33867645263671875,-0.05676476492818854
UBFC_PHYS_s04_T3_test,77,20,77.66666666666667,-0.5090025067329407,-0.3632064710963435
UBFC_PHYS_s04_T3_test,77,21,77.7,-0.7573341727256775,-0.6216931784007684
UBFC_PHYS_s04_T3_test,77,22,77.73333333333333,-1.0055196285247803,-0.8417411344288785
UBFC_PHYS_s04_T3_test,77,23,77.76666666666667,-1.050890564918518,-1.034898951951941
UBFC_PHYS_s04_T3_test,77,24,77.8,-0.7344732880592346,-1.20518405293828
UBFC_PHYS_s04_T3_test,77,25,77.83333333333333,-0.18158358335494995,-1.3429031706137273
UBFC_PHYS_s04_T3_test,77,26,77.86666666666666,0.3305639326572418,-1.4238379210267889
UBFC_PHYS_s04_T3_test,77,27,77.9,0.6658272743225098,-1.4142704235054244
UBFC_PHYS_s04_T3_test,77,28,77.93333333333334,0.8625026941299438,-1.280991195788098
UBFC_PHYS_s04_T3_test,77,29,77.96666666666667,0.9758033156394958,-1.0041148387444274
UBFC_PHYS_s04_T3_test,77,30,78.0,1.0317178964614868,-0.5890934481235568
UBFC_PHYS_s04_T3_test,77,31,78.03333333333333,1.0717195272445679,-0.07334645926322352
UBFC_PHYS_s04_T3_test,77,32,78.06666666666666,1.1156872510910034,0.47655202901394506
UBFC_PHYS_s04_T3_test,77,33,78.1,1.0957107543945312,0.9782710516045443
UBFC_PHYS_s04_T3_test,77,34,78.13333333333334,0.9581460952758789,1.3540961510047769
UBFC_PHYS_s04_T3_test,77,35,78.16666666666667,0.7844483852386475,1.55091952581885
UBFC_PHYS_s04_T3_test,77,36,78.2,0.6750358939170837,1.5524037976361669
UBFC_PHYS_s04_T3_test,77,37,78.23333333333333,0.5978488326072693,1.3794563014506112
UBFC_PHYS_s04_T3_test,77,38,78.26666666666667,0.46182382106781006,1.0802723027768542
UBFC_PHYS_s04_T3_test,77,39,78.3,0.23483286798000336,0.71487381867861
UBFC_PHYS_s04_T3_test,77,40,78.33333333333333,-0.05690128728747368,0.33957224806358083
UBFC_PHYS_s04_T3_test,77,41,78.36666666666666,-0.36896270513534546,-0.004686179889885178
UBFC_PHYS_s04_T3_test,77,42,78.4,-0.7171376347541809,-0.2977244277858679
UBFC_PHYS_s04_T3_test,77,43,78.43333333333334,-1.182881236076355,-0.5385055629791837
UBFC_PHYS_s04_T3_test,77,44,78.46666666666667,-1.713309645652771,-0.7376431803304146
UBFC_PHYS_s04_T3_test,77,45,78.5,-2.0524513721466064,-0.9069340838666455
UBFC_PHYS_s04_T3_test,77,46,78.53333333333333,-2.025254249572754,-1.049488659264498
UBFC_PHYS_s04_T3_test,77,47,78.56666666666666,-1.7388113737106323,-1.1537276797000735
UBFC_PHYS_s04_T3_test,77,48,78.6,-1.3534704446792603,-1.193520025207286
UBFC_PHYS_s04_T3_test,77,49,78.63333333333334,-0.981918215751648,-1.1351273878908201
UBFC_PHYS_s04_T3_test,77,50,78.66666666666667,-0.67441725730896,-0.949500471652156
UBFC_PHYS_s04_T3_test,77,51,78.7,-0.3799838423728943,-0.6262905276596716
UBFC_PHYS_s04_T3_test,77,52,78.73333333333333,-0.05252595618367195,-0.18448086770211183
UBFC_PHYS_s04_T3_test,77,53,78.76666666666667,0.21783825755119324,0.3252890826079746
UBFC_PHYS_s04_T3_test,77,54,78.8,0.33501720428466797,0.8292663984834678
UBFC_PHYS_s04_T3_test,77,55,78.83333333333333,0.36021676659584045,1.2482176871026907
UBFC_PHYS_s04_T3_test,77,56,78.86666666666666,0.3938356637954712,1.517790925014439
UBFC_PHYS_s04_T3_test,77,57,78.9,0.4233618378639221,1.6037157111761307
UBFC_PHYS_s04_T3_test,77,58,78.93333333333334,0.3549644351005554,1.5070681363908318
UBFC_PHYS_s04_T3_test,77,59,78.96666666666667,0.16670829057693481,1.259716679165475
UBFC_PHYS_s04_T3_test,77,60,79.0,-0.03283209726214409,0.9131292585938684
UBFC_PHYS_s04_T3_test,77,61,79.03333333333333,-0.14381346106529236,0.5245415966769481
UBFC_PHYS_s04_T3_test,77,62,79.06666666666666,-0.2459077537059784,0.1442134371969998
UBFC_PHYS_s04_T3_test,77,63,79.1,-0.44079020619392395,-0.19335155940943266
UBFC_PHYS_s04_T3_test,77,64,79.13333333333334,-0.6104146838188171,-0.47263990076312234
UBFC_PHYS_s04_T3_test,77,65,79.16666666666667,-0.5527070760726929,-0.6946850901130319
UBFC_PHYS_s04_T3_test,77,66,79.2,-0.2815535366535187,-0.8701605110321429
UBFC_PHYS_s04_T3_test,77,67,79.23333333333333,0.0325152613222599,-1.0103514288336544
UBFC_PHYS_s04_T3_test,77,68,79.26666666666667,0.2906305193901062,-1.1190488443772801
UBFC_PHYS_s04_T3_test,77,69,79.3,0.492938369512558,-1.1881764970547255
UBFC_PHYS_s04_T3_test,77,70,79.33333333333333,0.6728239059448242,-1.1986139317084428
UBFC_PHYS_s04_T3_test,77,71,79.36666666666666,0.8352275490760803,-1.1258875030543127
UBFC_PHYS_s04_T3_test,77,72,79.4,0.9025043249130249,-0.9489957205762504
UBFC_PHYS_s04_T3_test,77,73,79.43333333333334,0.8197336196899414,-0.6598627132294349
UBFC_PHYS_s04_T3_test,77,74,79.46666666666667,0.6903641819953918,-0.2706811907953645
UBFC_PHYS_s04_T3_test,77,75,79.5,0.6467083096504211,0.18337121167617404
UBFC_PHYS_s04_T3_test,77,76,79.53333333333333,0.6420796513557434,0.6477556897529249
UBFC_PHYS_s04_T3_test,77,77,79.56666666666666,0.5381631255149841,1.0585003734584497
UBFC_PHYS_s04_T3_test,77,78,79.6,0.32262206077575684,1.35591519322851
UBFC_PHYS_s04_T3_test,77,79,79.63333333333334,0.08840060234069824,1.4977753231904778
UBFC_PHYS_s04_T3_test,77,80,79.66666666666667,-0.0964156836271286,1.4678367836676298
UBFC_PHYS_s04_T3_test,77,81,79.7,-0.23548102378845215,1.2775638291176565
UBFC_PHYS_s04_T3_test,77,82,79.73333333333333,-0.39482489228248596,0.9615820815943629
UBFC_PHYS_s04_T3_test,77,83,79.76666666666667,-0.634454607963562,0.5690773199062956
UBFC_PHYS_s04_T3_test,77,84,79.8,-0.8359731435775757,0.1534848163886803
UBFC_PHYS_s04_T3_test,77,85,79.83333333333333,-0.7410703897476196,-0.23755239411963527
UBFC_PHYS_s04_T3_test,77,86,79.86666666666666,-0.29510828852653503,-0.5698268463644899
UBFC_PHYS_s04_T3_test,77,87,79.9,0.23994877934455872,-0.8258017234938335
UBFC_PHYS_s04_T3_test,77,88,79.93333333333334,0.617766797542572,-1.0027604590731032
UBFC_PHYS_s04_T3_test,77,89,79.96666666666667,0.8367087244987488,-1.1070708432774363
UBFC_PHYS_s04_T3_test,77,90,80.0,0.9735425710678101,-1.147003752532655
UBFC_PHYS_s04_T3_test,77,91,80.03333333333333,1.0294864177703857,-1.1267642751609974
UBFC_PHYS_s04_T3_test,77,92,80.06666666666666,1.0068690776824951,-1.0437719127285272
UBFC_PHYS_s04_T3_test,77,93,80.1,0.9357432126998901,-0.8901076445701497
UBFC_PHYS_s04_T3_test,77,94,80.13333333333334,0.8318364024162292,-0.6577552387458601
UBFC_PHYS_s04_T3_test,77,95,80.16666666666667,0.7168207764625549,-0.34601110854179423
UBFC_PHYS_s04_T3_test,77,96,80.2,0.6371488571166992,0.0315619853622342
UBFC_PHYS_s04_T3_test,77,97,80.23333333333333,0.5940484404563904,0.44366683537837864
UBFC_PHYS_s04_T3_test,77,98,80.26666666666667,0.5128660798072815,0.8436719197959452
UBFC_PHYS_s04_T3_test,77,99,80.3,0.3475877642631531,1.1781318808731103
UBFC_PHYS_s04_T3_test,77,100,80.33333333333333,0.15621334314346313,1.3986660070595691
UBFC_PHYS_s04_T3_test,77,101,80.36666666666666,0.002141309669241309,1.4727888197648284
UBFC_PHYS_s04_T3_test,77,102,80.4,-0.16160713136196136,1.3904427144326892
UBFC_PHYS_s04_T3_test,77,103,80.43333333333334,-0.45512452721595764,1.1653412932176692
UBFC_PHYS_s04_T3_test,77,104,80.46666666666667,-0.8828739523887634,0.8316576211220926
UBFC_PHYS_s04_T3_test,77,105,80.5,-1.2195794582366943,0.4370398271007344
UBFC_PHYS_s04_T3_test,77,106,80.53333333333333,-1.2103025913238525,0.03328511428026246
UBFC_PHYS_s04_T3_test,77,107,80.56666666666666,-0.9349491596221924,-0.33350333586051123
UBFC_PHYS_s04_T3_test,77,108,80.6,-0.6628211736679077,-0.631054896624062
UBFC_PHYS_s04_T3_test,77,109,80.63333333333334,-0.50342857837677,-0.8451710224879883
UBFC_PHYS_s04_T3_test,77,110,80.66666666666667,-0.36658501625061035,-0.9786415809384732
UBFC_PHYS_s04_T3_test,77,111,80.7,-0.1954306662082672,-1.0450885829362007
UBFC_PHYS_s04_T3_test,77,112,80.73333333333333,-0.04848194122314453,-1.0601054281486493
UBFC_PHYS_s04_T3_test,77,113,80.76666666666667,0.019165143370628357,-1.0332986566110733
UBFC_PHYS_s04_T3_test,77,114,80.8,0.023676898330450058,-0.9642498655419631
UBFC_PHYS_s04_T3_test,77,115,80.83333333333333,0.010336526669561863,-0.8435565116439255
UBFC_PHYS_s04_T3_test,77,116,80.86666666666666,0.03282708674669266,-0.6582056952524794
UBFC_PHYS_s04_T3_test,77,117,80.9,0.12684309482574463,-0.3994238666552203
UBFC_PHYS_s04_T3_test,77,118,80.93333333333334,0.24119609594345093,-0.07083364650915319
UBFC_PHYS_s04_T3_test,77,119,80.96666666666667,0.2814803123474121,0.30568252421526626
UBFC_PHYS_s04_T3_test,77,120,81.0,0.2521977722644806,0.6896325842348577
UBFC_PHYS_s04_T3_test,77,121,81.03333333333333,0.2725445032119751,1.0290023837901086
UBFC_PHYS_s04_T3_test,77,122,81.06666666666666,0.3927929997444153,1.2727038745512274
UBFC_PHYS_s04_T3_test,77,123,81.1,0.4782337546348572,1.3831488424484715
UBFC_PHYS_s04_T3_test,77,124,81.13333333333334,0.34270569682121277,1.3445280009135894
UBFC_PHYS_s04_T3_test,77,125,81.16666666666667,0.03869334235787392,1.165260601893277
UBFC_PHYS_s04_T3_test,77,126,81.2,-0.10670599341392517,0.8749437801466897
UBFC_PHYS_s04_T3_test,77,127,81.23333333333333,0.12925975024700165,0.5169339073555705
UBFC_PHYS_s04_T3_test,77,128,81.26666666666667,0.6067749261856079,0.13852292593560248
UBFC_PHYS_s04_T3_test,77,129,81.3,1.0337642431259155,-0.21866389056732732
UBFC_PHYS_s04_T3_test,77,130,81.33333333333333,1.2537975311279297,-0.5255634868110134
UBFC_PHYS_s04_T3_test,77,131,81.36666666666666,1.2356140613555908,-0.7683014776951452
UBFC_PHYS_s04_T3_test,77,132,81.4,1.010669469833374,-0.9462830937654589
UBFC_PHYS_s04_T3_test,77,133,81.43333333333334,0.6418164968490601,-1.066742883135598
UBFC_PHYS_s04_T3_test,77,134,81.46666666666667,0.17772944271564484,-1.137671524543982
UBFC_PHYS_s04_T3_test,77,135,81.5,-0.371652215719223,-1.161483425925999
UBFC_PHYS_s04_T3_test,77,136,81.53333333333333,-1.0055196285247803,-1.1316666982387653
UBFC_PHYS_s04_T3_test,77,137,81.56666666666666,-1.6715539693832397,-1.0338572907555212
UBFC_PHYS_s04_T3_test,77,138,81.6,-2.245306968688965,-0.8513809771661396
UBFC_PHYS_s04_T3_test,77,139,81.63333333333334,-2.55820631980896,-0.5737712140160485
UBFC_PHYS_s04_T3_test,77,140,81.66666666666667,-2.495100259780884,-0.20558686461746753
UBFC_PHYS_s04_T3_test,77,141,81.7,-2.079375743865967,0.22781478868867905
UBFC_PHYS_s04_T3_test,77,142,81.73333333333333,-1.4769638776779175,0.6806953357173491
UBFC_PHYS_s04_T3_test,77,143,81.76666666666667,-0.9547209739685059,1.0947341560180839
UBFC_PHYS_s04_T3_test,77,144,81.8,-0.7147696614265442,1.4118861090605028
UBFC_PHYS_s04_T3_test,77,145,81.83333333333333,-0.6735402345657349,1.587419507049973
UBFC_PHYS_s04_T3_test,77,146,81.86666666666666,-0.5874661207199097,1.5987413131290353
UBFC_PHYS_s04_T3_test,77,147,81.9,-0.30830249190330505,1.4481508566027923
UBFC_PHYS_s04_T3_test,77,148,81.93333333333334,0.1973843276500702,1.1600861123851929
UBFC_PHYS_s04_T3_test,77,149,81.96666666666667,0.8875366449356079,0.7747012565984702
UBFC_PHYS_s04_T3_test,77,150,82.0,1.5908149480819702,0.3397699621279485
UBFC_PHYS_s04_T3_test,77,151,82.03333333333333,2.090304136276245,-0.0974629671052071
UBFC_PHYS_s04_T3_test,77,152,82.06666666666666,2.3729660511016846,-0.4971601532774354
UBFC_PHYS_s04_T3_test,77,153,82.1,2.595640182495117,-0.8312982759841674
UBFC_PHYS_s04_T3_test,77,154,82.13333333333334,2.7949271202087402,-1.0846416057098842
UBFC_PHYS_s04_T3_test,77,155,82.16666666666667,2.779608726501465,-1.2521197841286575
UBFC_PHYS_s04_T3_test,77,156,82.2,2.4588842391967773,-1.3338093265728843
UBFC_PHYS_s04_T3_test,77,157,82.23333333333333,2.0260677337646484,-1.3298224474852605
UBFC_PHYS_s04_T3_test,77,158,82.26666666666667,1.6253011226654053,-1.237456128232027
UBFC_PHYS_s04_T3_test,77,159,82.3,1.1858386993408203,-1.0520480894117006
UBFC_PHYS_s04_T3_test,77,160,82.33333333333333,0.706150472164154,-0.7716135829353509
UBFC_PHYS_s04_T3_test,77,161,82.36666666666666,0.24764703214168549,-0.4037731662330898
UBFC_PHYS_s04_T3_test,77,162,82.4,-0.24395883083343506,0.02792149571155289
UBFC_PHYS_s04_T3_test,77,163,82.43333333333334,-0.7983005046844482,0.48170224988515853
UBFC_PHYS_s04_T3_test,77,164,82.46666666666667,-1.293394923210144,0.9018492975462792
UBFC_PHYS_s04_T3_test,77,165,82.5,-1.653701901435852,1.2295622605610244
UBFC_PHYS_s04_T3_test,77,166,82.53333333333333,-2.00075626373291,1.4173368914095192
UBFC_PHYS_s04_T3_test,77,167,82.56666666666666,-2.3947696685791016,1.4415958672398586
UBFC_PHYS_s04_T3_test,77,168,82.6,-2.5607399940490723,1.3085927739738779
UBFC_PHYS_s04_T3_test,77,169,82.63333333333334,-2.1307005882263184,1.0512812690347804
UBFC_PHYS_s04_T3_test,77,170,82.66666666666667,-1.0430558919906616,0.7186218096685753
UBFC_PHYS_s04_T3_test,77,171,82.7,0.4387388527393341,0.3616807646808984
UBFC_PHYS_s04_T3_test,77,172,82.73333333333333,1.835960030555725,0.02146301723846071
UBFC_PHYS_s04_T3_test,77,173,82.76666666666667,2.5615339279174805,-0.27798579206487267
UBFC_PHYS_s04_T3_test,77,174,82.8,2.445553779602051,-0.529920903261879
UBFC_PHYS_s04_T3_test,77,175,82.83333333333333,2.0781428813934326,-0.7395816294078117
UBFC_PHYS_s04_T3_test,77,176,82.86666666666666,2.1135644912719727,-0.9156769632262859
UBFC_PHYS_s04_T3_test,77,177,82.9,2.484668493270874,-1.0618058172763394
UBFC_PHYS_s04_T3_test,77,178,82.93333333333334,2.692793846130371,-1.1707099122625748
UBFC_PHYS_s04_T3_test,77,179,82.96666666666667,2.646390199661255,-1.2233005338882856
UBFC_PHYS_s04_T3_test,77,180,83.0,2.6303699016571045,-1.1929903150477057
UBFC_PHYS_s04_T3_test,77,181,83.03333333333333,2.720848560333252,-1.0542860026945022
UBFC_PHYS_s04_T3_test,77,182,83.06666666666666,2.7771236896514893,-0.7931930985971599
UBFC_PHYS_s04_T3_test,77,183,83.1,2.662644147872925,-0.41615339700884013
UBFC_PHYS_s04_T3_test,77,184,83.13333333333334,2.2102115154266357,0.045664030946664935
UBFC_PHYS_s04_T3_test,77,185,83.16666666666667,1.4060571193695068,0.5387312146843762
UBFC_PHYS_s04_T3_test,77,186,83.2,0.5082569122314453,0.9962080803518105
UBFC_PHYS_s04_T3_test,77,187,83.23333333333333,-0.25799107551574707,1.3515701228472534
UBFC_PHYS_s04_T3_test,77,188,83.26666666666667,-0.872281551361084,1.5532243976196547
UBFC_PHYS_s04_T3_test,77,189,83.3,-1.336777925491333,1.5759988854968918
UBFC_PHYS_s04_T3_test,77,190,83.33333333333333,-1.5837843418121338,1.4260095596931315
UBFC_PHYS_s04_T3_test,77,191,83.36666666666666,-1.587409257888794,1.1373460984258825
UBFC_PHYS_s04_T3_test,77,192,83.4,-1.4113534688949585,0.7618588542887426
UBFC_PHYS_s04_T3_test,77,193,83.43333333333334,-1.160751223564148,0.3556395873287387
UBFC_PHYS_s04_T3_test,77,194,83.46666666666667,-0.919055700302124,-0.033600759461761755
UBFC_PHYS_s04_T3_test,77,195,83.5,-0.733128547668457,-0.37482806361480286
UBFC_PHYS_s04_T3_test,77,196,83.53333333333333,-0.6498315930366516,-0.6556138748717459
UBFC_PHYS_s04_T3_test,77,197,83.56666666666666,-0.6495100259780884,-0.8775345201328801
UBFC_PHYS_s04_T3_test,77,198,83.6,-0.625343382358551,-1.0471046899656682
UBFC_PHYS_s04_T3_test,77,199,83.63333333333334,-0.5498518943786621,-1.1660094881491567
UBFC_PHYS_s04_T3_test,77,200,83.66666666666667,-0.5421828627586365,-1.2247014403589644
UBFC_PHYS_s04_T3_test,77,201,83.7,-0.6603070497512817,-1.2022696600890617
UBFC_PHYS_s04_T3_test,77,202,83.73333333333333,-0.8165034055709839,-1.0733123369192088
UBFC_PHYS_s04_T3_test,77,203,83.76666666666667,-0.9649040699005127,-0.8199092757368294
UBFC_PHYS_s04_T3_test,77,204,83.8,-1.1665785312652588,-0.44442023230954225
UBFC_PHYS_s04_T3_test,77,205,83.83333333333333,-1.4424387216567993,0.02237353204140083
UBFC_PHYS_s04_T3_test,77,206,83.86666666666666,-1.7287646532058716,0.5224379446308092
UBFC_PHYS_s04_T3_test,77,207,83.9,-1.9418013095855713,0.9822310343196888
UBFC_PHYS_s04_T3_test,77,208,83.93333333333334,-2.0430185794830322,1.3312892355279282
UBFC_PHYS_s04_T3_test,77,209,83.96666666666667,-2.0278170108795166,1.5203372335621728
UBFC_PHYS_s04_T3_test,77,210,84.0,-1.8403599262237549,1.5319577220014875
UBFC_PHYS_s04_T3_test,77,211,84.03333333333333,-1.429585576057434,1.380665287444509
UBFC_PHYS_s04_T3_test,77,212,84.06666666666666,-0.9308272004127502,1.1040455270130627
UBFC_PHYS_s04_T3_test,77,213,84.1,-0.4872720241546631,0.749732574031877
UBFC_PHYS_s04_T3_test,77,214,84.13333333333334,-0.05376351997256279,0.36309180328286567
UBFC_PHYS_s04_T3_test,77,215,84.16666666666667,0.4276007413864136,-0.021254173459061335
UBFC_PHYS_s04_T3_test,77,216,84.2,0.8395054340362549,-0.3826676673031641
UBFC_PHYS_s04_T3_test,77,217,84.23333333333333,1.0350213050842285,-0.7124956698965215
UBFC_PHYS_s04_T3_test,77,218,84.26666666666667,1.0130666494369507,-1.00811258523596
UBFC_PHYS_s04_T3_test,77,219,84.3,0.8956051468849182,-1.265418260546152
UBFC_PHYS_s04_T3_test,77,220,84.33333333333333,0.8266912698745728,-1.4727687814992283
UBFC_PHYS_s04_T3_test,77,221,84.36666666666666,0.9246830940246582,-1.608877674941604
UBFC_PHYS_s04_T3_test,77,222,84.4,1.2328174114227295,-1.645760941312454
UBFC_PHYS_s04_T3_test,77,223,84.43333333333334,1.6904340982437134,-1.556081976315631
UBFC_PHYS_s04_T3_test,77,224,84.46666666666667,2.1519291400909424,-1.323017336282205
UBFC_PHYS_s04_T3_test,77,225,84.5,2.42427134513855,-0.9499342892178123
UBFC_PHYS_s04_T3_test,77,226,84.53333333333333,2.405386447906494,-0.4665713828428228
UBFC_PHYS_s04_T3_test,77,227,84.56666666666666,2.2020163536071777,0.07151341712346891
UBFC_PHYS_s04_T3_test,77,228,84.6,1.8585383892059326,0.5920314912584418
UBFC_PHYS_s04_T3_test,77,229,84.63333333333334,1.2324957847595215,1.0222678890535055
UBFC_PHYS_s04_T3_test,77,230,84.66666666666667,0.2812367081642151,1.3074418490376127
UBFC_PHYS_s04_T3_test,77,231,84.7,-0.7418694496154785,1.424170765557421
UBFC_PHYS_s04_T3_test,77,232,84.73333333333333,-1.433454155921936,1.3841647628591858
UBFC_PHYS_s04_T3_test,77,233,84.76666666666667,-1.509871482849121,1.2276854467556706
UBFC_PHYS_s04_T3_test,77,234,84.8,-1.1498860120773315,1.0101527133456192
UBFC_PHYS_s04_T3_test,77,235,84.83333333333333,-0.8374933004379272,0.7868432504984137
UBFC_PHYS_s04_T3_test,77,236,84.86666666666666,-0.7544205188751221,0.5998169778416138
UBFC_PHYS_s04_T3_test,77,237,84.9,-0.760111391544342,0.4694973871712357
UBFC_PHYS_s04_T3_test,77,238,84.93333333333334,-0.8548192381858826,0.3921229375049838
UBFC_PHYS_s04_T3_test,77,239,84.96666666666667,-1.1371498107910156,0.343469622569064
UBFC_PHYS_s04_T3_test,78,0,78.0,1.0317178964614868,0.1191295492691095
UBFC_PHYS_s04_T3_test,78,1,78.03333333333333,1.0717195272445679,0.12129712944339442
UBFC_PHYS_s04_T3_test,78,2,78.06666666666666,1.1156872510910034,0.15432686654848352
UBFC_PHYS_s04_T3_test,78,3,78.1,1.0957107543945312,0.24050922737319486
UBFC_PHYS_s04_T3_test,78,4,78.13333333333334,0.9581460952758789,0.38464782599773095
UBFC_PHYS_s04_T3_test,78,5,78.16666666666667,0.7844483852386475,0.5727172522917414
UBFC_PHYS_s04_T3_test,78,6,78.2,0.6750358939170837,0.7762593344052809
UBFC_PHYS_s04_T3_test,78,7,78.23333333333333,0.5978488326072693,0.9606501153038771
UBFC_PHYS_s04_T3_test,78,8,78.26666666666667,0.46182382106781006,1.0942033197980854
UBFC_PHYS_s04_T3_test,78,9,78.3,0.23483286798000336,1.155102177664127
UBFC_PHYS_s04_T3_test,78,10,78.33333333333333,-0.05690128728747368,1.1342638803254235
UBFC_PHYS_s04_T3_test,78,11,78.36666666666666,-0.36896270513534546,1.033991425045319
UBFC_PHYS_s04_T3_test,78,12,78.4,-0.7171376347541809,0.8639549119377454
UBFC_PHYS_s04_T3_test,78,13,78.43333333333334,-1.182881236076355,0.6368616085190295
UBFC_PHYS_s04_T3_test,78,14,78.46666666666667,-1.713309645652771,0.36573559538821826
UBFC_PHYS_s04_T3_test,78,15,78.5,-2.0524513721466064,0.06346867113269762
UBFC_PHYS_s04_T3_test,78,16,78.53333333333333,-2.025254249572754,-0.2559607889917363
UBFC_PHYS_s04_T3_test,78,17,78.56666666666666,-1.7388113737106323,-0.5758296559975442
UBFC_PHYS_s04_T3_test,78,18,78.6,-1.3534704446792603,-0.8756476126393765
UBFC_PHYS_s04_T3_test,78,19,78.63333333333334,-0.981918215751648,-1.1314168648573042
UBFC_PHYS_s04_T3_test,78,20,78.66666666666667,-0.67441725730896,-1.317560759256649
UBFC_PHYS_s04_T3_test,78,21,78.7,-0.3799838423728943,-1.4105635942832027
UBFC_PHYS_s04_T3_test,78,22,78.73333333333333,-0.05252595618367195,-1.3936466134106382
UBFC_PHYS_s04_T3_test,78,23,78.76666666666667,0.21783825755119324,-1.2610847351654495
UBFC_PHYS_s04_T3_test,78,24,78.8,0.33501720428466797,-1.0206211093368986
UBFC_PHYS_s04_T3_test,78,25,78.83333333333333,0.36021676659584045,-0.6930802278379109
UBFC_PHYS_s04_T3_test,78,26,78.86666666666666,0.3938356637954712,-0.30942466742650604
UBFC_PHYS_s04_T3_test,78,27,78.9,0.4233618378639221,0.09362355058282856
UBFC_PHYS_s04_T3_test,78,28,78.93333333333334,0.3549644351005554,0.47822361667272667
UBFC_PHYS_s04_T3_test,78,29,78.96666666666667,0.16670829057693481,0.8096492277227775
UBFC_PHYS_s04_T3_test,78,30,79.0,-0.03283209726214409,1.0598970069883562
UBFC_PHYS_s04_T3_test,78,31,79.03333333333333,-0.14381346106529236,1.210500635447394
UBFC_PHYS_s04_T3_test,78,32,79.06666666666666,-0.2459077537059784,1.254121125411343
UBFC_PHYS_s04_T3_test,78,33,79.1,-0.44079020619392395,1.1944503852690607
UBFC_PHYS_s04_T3_test,78,34,79.13333333333334,-0.6104146838188171,1.044462690361775
UBFC_PHYS_s04_T3_test,78,35,79.16666666666667,-0.5527070760726929,0.8235750408436567
UBFC_PHYS_s04_T3_test,78,36,79.2,-0.2815535366535187,0.5543209307050534
UBFC_PHYS_s04_T3_test,78,37,79.23333333333333,0.0325152613222599,0.25897946281883527
UBFC_PHYS_s04_T3_test,78,38,79.26666666666667,0.2906305193901062,-0.04332509087726204
UBFC_PHYS_s04_T3_test,78,39,79.3,0.492938369512558,-0.3383082551037748
UBFC_PHYS_s04_T3_test,78,40,79.33333333333333,0.6728239059448242,-0.6162357269748163
UBFC_PHYS_s04_T3_test,78,41,79.36666666666666,0.8352275490760803,-0.8693981490335104
UBFC_PHYS_s04_T3_test,78,42,79.4,0.9025043249130249,-1.0880663330894316
UBFC_PHYS_s04_T3_test,78,43,79.43333333333334,0.8197336196899414,-1.256601300512802
UBFC_PHYS_s04_T3_test,78,44,79.46666666666667,0.6903641819953918,-1.3517724636804664
UBFC_PHYS_s04_T3_test,78,45,79.5,0.6467083096504211,-1.344953860561072
UBFC_PHYS_s04_T3_test,78,46,79.53333333333333,0.6420796513557434,-1.2088006167002123
UBFC_PHYS_s04_T3_test,78,47,79.56666666666666,0.5381631255149841,-0.9274276365118876
UBFC_PHYS_s04_T3_test,78,48,79.6,0.32262206077575684,-0.5073230719515506
UBFC_PHYS_s04_T3_test,78,49,79.63333333333334,0.08840060234069824,0.01531309272094564
UBFC_PHYS_s04_T3_test,78,50,79.66666666666667,-0.0964156836271286,0.575468655628446
UBFC_PHYS_s04_T3_test,78,51,79.7,-0.23548102378845215,1.0908246283469138
UBFC_PHYS_s04_T3_test,78,52,79.73333333333333,-0.39482489228248596,1.4813134773874785
UBFC_PHYS_s04_T3_test,78,53,79.76666666666667,-0.634454607963562,1.6896526876518136
UBFC_PHYS_s04_T3_test,78,54,79.8,-0.8359731435775757,1.6948866822059128
UBFC_PHYS_s04_T3_test,78,55,79.83333333333333,-0.7410703897476196,1.5142229506819715
UBFC_PHYS_s04_T3_test,78,56,79.86666666666666,-0.29510828852653503,1.1938707688073094
UBFC_PHYS_s04_T3_test,78,57,79.9,0.23994877934455872,0.7938310053575036
UBFC_PHYS_s04_T3_test,78,58,79.93333333333334,0.617766797542572,0.3724133975045106
UBFC_PHYS_s04_T3_test,78,59,79.96666666666667,0.8367087244987488,-0.02540305694726301
UBFC_PHYS_s04_T3_test,78,60,80.0,0.9735425710678101,-0.3737185495533445
UBFC_PHYS_s04_T3_test,78,61,80.03333333333333,1.0294864177703857,-0.6650808940040771
UBFC_PHYS_s04_T3_test,78,62,80.06666666666666,1.0068690776824951,-0.9041641674086902
UBFC_PHYS_s04_T3_test,78,63,80.1,0.9357432126998901,-1.0977832600219564
UBFC_PHYS_s04_T3_test,78,64,80.13333333333334,0.8318364024162292,-1.2448342275480375
UBFC_PHYS_s04_T3_test,78,65,80.16666666666667,0.7168207764625549,-1.3305115934555964
UBFC_PHYS_s04_T3_test,78,66,80.2,0.6371488571166992,-1.3280417682096142
UBFC_PHYS_s04_T3_test,78,67,80.23333333333333,0.5940484404563904,-1.208263250553469
UBFC_PHYS_s04_T3_test,78,68,80.26666666666667,0.5128660798072815,-0.9537941125754154
UBFC_PHYS_s04_T3_test,78,69,80.3,0.3475877642631531,-0.5719492830623798
UBFC_PHYS_s04_T3_test,78,70,80.33333333333333,0.15621334314346313,-0.10041838870679207
UBFC_PHYS_s04_T3_test,78,71,80.36666666666666,0.002141309669241309,0.3977070020152152
UBFC_PHYS_s04_T3_test,78,72,80.4,-0.16160713136196136,0.848589183036861
UBFC_PHYS_s04_T3_test,78,73,80.43333333333334,-0.45512452721595764,1.1867765830084407
UBFC_PHYS_s04_T3_test,78,74,80.46666666666667,-0.8828739523887634,1.3715511174143578
UBFC_PHYS_s04_T3_test,78,75,80.5,-1.2195794582366943,1.3945253272407636
UBFC_PHYS_s04_T3_test,78,76,80.53333333333333,-1.2103025913238525,1.2766643002018605
UBFC_PHYS_s04_T3_test,78,77,80.56666666666666,-0.9349491596221924,1.0574224242901038
UBFC_PHYS_s04_T3_test,78,78,80.6,-0.6628211736679077,0.7811168253282438
UBFC_PHYS_s04_T3_test,78,79,80.63333333333334,-0.50342857837677,0.48548093276599025
UBFC_PHYS_s04_T3_test,78,80,80.66666666666667,-0.36658501625061035,0.19540667646970228
UBFC_PHYS_s04_T3_test,78,81,80.7,-0.1954306662082672,-0.07756254535148185
UBFC_PHYS_s04_T3_test,78,82,80.73333333333333,-0.04848194122314453,-0.33133402716681337
UBFC_PHYS_s04_T3_test,78,83,80.76666666666667,0.019165143370628357,-0.5672390915634657
UBFC_PHYS_s04_T3_test,78,84,80.8,0.023676898330450058,-0.7841628529110907
UBFC_PHYS_s04_T3_test,78,85,80.83333333333333,0.010336526669561863,-0.9744864745236703
UBFC_PHYS_s04_T3_test,78,86,80.86666666666666,0.03282708674669266,-1.1226630220941316
UBFC_PHYS_s04_T3_test,78,87,80.9,0.12684309482574463,-1.206711523709587
UBFC_PHYS_s04_T3_test,78,88,80.93333333333334,0.24119609594345093,-1.2027102775048217
UBFC_PHYS_s04_T3_test,78,89,80.96666666666667,0.2814803123474121,-1.0917457910570172
UBFC_PHYS_s04_T3_test,78,90,81.0,0.2521977722644806,-0.8674202038150389
UBFC_PHYS_s04_T3_test,78,91,81.03333333333333,0.2725445032119751,-0.5411175464851544
UBFC_PHYS_s04_T3_test,78,92,81.06666666666666,0.3927929997444153,-0.14287128069396354
UBFC_PHYS_s04_T3_test,78,93,81.1,0.4782337546348572,0.28271514899242073
UBFC_PHYS_s04_T3_test,78,94,81.13333333333334,0.34270569682121277,0.6845372016265566
UBFC_PHYS_s04_T3_test,78,95,81.16666666666667,0.03869334235787392,1.0149225808023825
UBFC_PHYS_s04_T3_test,78,96,81.2,-0.10670599341392517,1.23854956469604
UBFC_PHYS_s04_T3_test,78,97,81.23333333333333,0.12925975024700165,1.3377638561050462
UBFC_PHYS_s04_T3_test,78,98,81.26666666666667,0.6067749261856079,1.3132656391361688
UBFC_PHYS_s04_T3_test,78,99,81.3,1.0337642431259155,1.1808839282094408
UBFC_PHYS_s04_T3_test,78,100,81.33333333333333,1.2537975311279297,0.9659962849404503
UBFC_PHYS_s04_T3_test,78,101,81.36666666666666,1.2356140613555908,0.6972470329669663
UBFC_PHYS_s04_T3_test,78,102,81.4,1.010669469833374,0.40111369643509115
UBFC_PHYS_s04_T3_test,78,103,81.43333333333334,0.6418164968490601,0.09852279194789385
UBFC_PHYS_s04_T3_test,78,104,81.46666666666667,0.17772944271564484,-0.19601877656248845
UBFC_PHYS_s04_T3_test,78,105,81.5,-0.371652215719223,-0.47308366695504944
UBFC_PHYS_s04_T3_test,78,106,81.53333333333333,-1.0055196285247803,-0.7255267156648703
UBFC_PHYS_s04_T3_test,78,107,81.56666666666666,-1.6715539693832397,-0.9451838379094196
UBFC_PHYS_s04_T3_test,78,108,81.6,-2.245306968688965,-1.1201670480231638
UBFC_PHYS_s04_T3_test,78,109,81.63333333333334,-2.55820631980896,-1.2338519291033436
UBFC_PHYS_s04_T3_test,78,110,81.66666666666667,-2.495100259780884,-1.2663288723189425
UBFC_PHYS_s04_T3_test,78,111,81.7,-2.079375743865967,-1.1984567544316573
UBFC_PHYS_s04_T3_test,78,112,81.73333333333333,-1.4769638776779175,-1.0178439547565459
UBFC_PHYS_s04_T3_test,78,113,81.76666666666667,-0.9547209739685059,-0.7252282234741516
UBFC_PHYS_s04_T3_test,78,114,81.8,-0.7147696614265442,-0.33908452741233747
UBFC_PHYS_s04_T3_test,78,115,81.83333333333333,-0.6735402345657349,0.10374526549597027
UBFC_PHYS_s04_T3_test,78,116,81.86666666666666,-0.5874661207199097,0.5526941309245312
UBFC_PHYS_s04_T3_test,78,117,81.9,-0.30830249190330505,0.9527741224087503
UBFC_PHYS_s04_T3_test,78,118,81.93333333333334,0.1973843276500702,1.255708259490395
UBFC_PHYS_s04_T3_test,78,119,81.96666666666667,0.8875366449356079,1.4290178130617612
UBFC_PHYS_s04_T3_test,78,120,82.0,1.5908149480819702,1.4602806372153272
UBFC_PHYS_s04_T3_test,78,121,82.03333333333333,2.090304136276245,1.3560970116136948
UBFC_PHYS_s04_T3_test,78,122,82.06666666666666,2.3729660511016846,1.1372794085562474
UBFC_PHYS_s04_T3_test,78,123,82.1,2.595640182495117,0.8325342606554282
UBFC_PHYS_s04_T3_test,78,124,82.13333333333334,2.7949271202087402,0.4724882475053216
UBFC_PHYS_s04_T3_test,78,125,82.16666666666667,2.779608726501465,0.08523068925704284
UBFC_PHYS_s04_T3_test,78,126,82.2,2.4588842391967773,-0.30573881493861504
UBFC_PHYS_s04_T3_test,78,127,82.23333333333333,2.0260677337646484,-0.6806424450972128
UBFC_PHYS_s04_T3_test,78,128,82.26666666666667,1.6253011226654053,-1.020176729120535
UBFC_PHYS_s04_T3_test,78,129,82.3,1.1858386993408203,-1.3017329087228682
UBFC_PHYS_s04_T3_test,78,130,82.33333333333333,0.706150472164154,-1.4976123641280383
UBFC_PHYS_s04_T3_test,78,131,82.36666666666666,0.24764703214168549,-1.5772828337184304
UBFC_PHYS_s04_T3_test,78,132,82.4,-0.24395883083343506,-1.5141028467286848
UBFC_PHYS_s04_T3_test,78,133,82.43333333333334,-0.7983005046844482,-1.2948226269275165
UBFC_PHYS_s04_T3_test,78,134,82.46666666666667,-1.293394923210144,-0.9284370601413398
UBFC_PHYS_s04_T3_test,78,135,82.5,-1.653701901435852,-0.4503182818104586
UBFC_PHYS_s04_T3_test,78,136,82.53333333333333,-2.00075626373291,0.08149183888941429
UBFC_PHYS_s04_T3_test,78,137,82.56666666666666,-2.3947696685791016,0.598086200181437
UBFC_PHYS_s04_T3_test,78,138,82.6,-2.5607399940490723,1.0358751878847048
UBFC_PHYS_s04_T3_test,78,139,82.63333333333334,-2.1307005882263184,1.350768316254058
UBFC_PHYS_s04_T3_test,78,140,82.66666666666667,-1.0430558919906616,1.524706111979704
UBFC_PHYS_s04_T3_test,78,141,82.7,0.4387388527393341,1.562789032529924
UBFC_PHYS_s04_T3_test,78,142,82.73333333333333,1.835960030555725,1.4840800626831876
UBFC_PHYS_s04_T3_test,78,143,82.76666666666667,2.5615339279174805,1.3116940502445131
UBFC_PHYS_s04_T3_test,78,144,82.8,2.445553779602051,1.0664099909429001
UBFC_PHYS_s04_T3_test,78,145,82.83333333333333,2.0781428813934326,0.7647431270610984
UBFC_PHYS_s04_T3_test,78,146,82.86666666666666,2.1135644912719727,0.4200970831880223
UBFC_PHYS_s04_T3_test,78,147,82.9,2.484668493270874,0.04513936472002896
UBFC_PHYS_s04_T3_test,78,148,82.93333333333334,2.692793846130371,-0.34575195895515204
UBFC_PHYS_s04_T3_test,78,149,82.96666666666667,2.646390199661255,-0.7342690794115913
UBFC_PHYS_s04_T3_test,78,150,83.0,2.6303699016571045,-1.0962671566028446
UBFC_PHYS_s04_T3_test,78,151,83.03333333333333,2.720848560333252,-1.4007537736138158
UBFC_PHYS_s04_T3_test,78,152,83.06666666666666,2.7771236896514893,-1.611020745118314
UBFC_PHYS_s04_T3_test,78,153,83.1,2.662644147872925,-1.6891435206282153
UBFC_PHYS_s04_T3_test,78,154,83.13333333333334,2.2102115154266357,-1.603971394429609
UBFC_PHYS_s04_T3_test,78,155,83.16666666666667,1.4060571193695068,-1.3411574444976289
UBFC_PHYS_s04_T3_test,78,156,83.2,0.5082569122314453,-0.9125068054970682
UBFC_PHYS_s04_T3_test,78,157,83.23333333333333,-0.25799107551574707,-0.36101456719712105
UBFC_PHYS_s04_T3_test,78,158,83.26666666666667,-0.872281551361084,0.24220562758437833
UBFC_PHYS_s04_T3_test,78,159,83.3,-1.336777925491333,0.8108314012441942
UBFC_PHYS_s04_T3_test,78,160,83.33333333333333,-1.5837843418121338,1.263220253567256
UBFC_PHYS_s04_T3_test,78,161,83.36666666666666,-1.587409257888794,1.54220644854284
UBFC_PHYS_s04_T3_test,78,162,83.4,-1.4113534688949585,1.6271042883089164
UBFC_PHYS_s04_T3_test,78,163,83.43333333333334,-1.160751223564148,1.5335834522168441
UBFC_PHYS_s04_T3_test,78,164,83.46666666666667,-0.919055700302124,1.3025308655107855
UBFC_PHYS_s04_T3_test,78,165,83.5,-0.733128547668457,0.9835229384786115
UBFC_PHYS_s04_T3_test,78,166,83.53333333333333,-0.6498315930366516,0.6198558899609974
UBFC_PHYS_s04_T3_test,78,167,83.56666666666666,-0.6495100259780884,0.2403167093476038
UBFC_PHYS_s04_T3_test,78,168,83.6,-0.625343382358551,-0.14048748065428904
UBFC_PHYS_s04_T3_test,78,169,83.63333333333334,-0.5498518943786621,-0.5148425310709508
UBFC_PHYS_s04_T3_test,78,170,83.66666666666667,-0.5421828627586365,-0.8716568608633263
UBFC_PHYS_s04_T3_test,78,171,83.7,-0.6603070497512817,-1.1881070382996082
UBFC_PHYS_s04_T3_test,78,172,83.73333333333333,-0.8165034055709839,-1.4275205108065536
UBFC_PHYS_s04_T3_test,78,173,83.76666666666667,-0.9649040699005127,-1.545656639325544
UBFC_PHYS_s04_T3_test,78,174,83.8,-1.1665785312652588,-1.5041585716569439
UBFC_PHYS_s04_T3_test,78,175,83.83333333333333,-1.4424387216567993,-1.2865217049369986
UBFC_PHYS_s04_T3_test,78,176,83.86666666666666,-1.7287646532058716,-0.9099499692353996
UBFC_PHYS_s04_T3_test,78,177,83.9,-1.9418013095855713,-0.4270399862488097
UBFC_PHYS_s04_T3_test,78,178,83.93333333333334,-2.0430185794830322,0.0853357586509982
UBFC_PHYS_s04_T3_test,78,179,83.96666666666667,-2.0278170108795166,0.546992478183827
UBFC_PHYS_s04_T3_test,78,180,84.0,-1.8403599262237549,0.8969015134773071
UBFC_PHYS_s04_T3_test,78,181,84.03333333333333,-1.429585576057434,1.107587427109317
UBFC_PHYS_s04_T3_test,78,182,84.06666666666666,-0.9308272004127502,1.1864592249198318
UBFC_PHYS_s04_T3_test,78,183,84.1,-0.4872720241546631,1.1656893293488868
UBFC_PHYS_s04_T3_test,78,184,84.13333333333334,-0.05376351997256279,1.0862455627489918
UBFC_PHYS_s04_T3_test,78,185,84.16666666666667,0.4276007413864136,0.9823776220253041
UBFC_PHYS_s04_T3_test,78,186,84.2,0.8395054340362549,0.8716100595755963
UBFC_PHYS_s04_T3_test,78,187,84.23333333333333,1.0350213050842285,0.7528315716811328
UBFC_PHYS_s04_T3_test,78,188,84.26666666666667,1.0130666494369507,0.6119660347302424
UBFC_PHYS_s04_T3_test,78,189,84.3,0.8956051468849182,0.4320631426069879
UBFC_PHYS_s04_T3_test,78,190,84.33333333333333,0.8266912698745728,0.20344298892861082
UBFC_PHYS_s04_T3_test,78,191,84.36666666666666,0.9246830940246582,-0.06998390857758047
UBFC_PHYS_s04_T3_test,78,192,84.4,1.2328174114227295,-0.37024839501205287
UBFC_PHYS_s04_T3_test,78,193,84.43333333333334,1.6904340982437134,-0.6701412010313307
UBFC_PHYS_s04_T3_test,78,194,84.46666666666667,2.1519291400909424,-0.940415003009951
UBFC_PHYS_s04_T3_test,78,195,84.5,2.42427134513855,-1.155715661272974
UBFC_PHYS_s04_T3_test,78,196,84.53333333333333,2.405386447906494,-1.2969940416994827
UBFC_PHYS_s04_T3_test,78,197,84.56666666666666,2.2020163536071777,-1.3506472995055505
UBFC_PHYS_s04_T3_test,78,198,84.6,1.8585383892059326,-1.3065809333829543
UBFC_PHYS_s04_T3_test,78,199,84.63333333333334,1.2324957847595215,-1.1577804644948329
UBFC_PHYS_s04_T3_test,78,200,84.66666666666667,0.2812367081642151,-0.9027655861137905
UBFC_PHYS_s04_T3_test,78,201,84.7,-0.7418694496154785,-0.5502664897127015
UBFC_PHYS_s04_T3_test,78,202,84.73333333333333,-1.433454155921936,-0.12373170788257609
UBFC_PHYS_s04_T3_test,78,203,84.76666666666667,-1.509871482849121,0.3373309224494032
UBFC_PHYS_s04_T3_test,78,204,84.8,-1.1498860120773315,0.7813128563432737
UBFC_PHYS_s04_T3_test,78,205,84.83333333333333,-0.8374933004379272,1.1537218640678617
UBFC_PHYS_s04_T3_test,78,206,84.86666666666666,-0.7544205188751221,1.4089874762033219
UBFC_PHYS_s04_T3_test,78,207,84.9,-0.760111391544342,1.5205921221082368
UBFC_PHYS_s04_T3_test,78,208,84.93333333333334,-0.8548192381858826,1.4857751692536163
UBFC_PHYS_s04_T3_test,78,209,84.96666666666667,-1.1371498107910156,1.3233529467583494
UBFC_PHYS_s04_T3_test,78,210,85.0,-1.4782989025115967,1.0660420271009483
UBFC_PHYS_s04_T3_test,78,211,85.03333333333333,-1.7007489204406738,0.750654941229753
UBFC_PHYS_s04_T3_test,78,212,85.06666666666666,-1.8423088788986206,0.4097888884184047
UBFC_PHYS_s04_T3_test,78,213,85.1,-1.9359545707702637,0.06734607047948674
UBFC_PHYS_s04_T3_test,78,214,85.13333333333334,-1.8970930576324463,-0.26168443896545157
UBFC_PHYS_s04_T3_test,78,215,85.16666666666667,-1.730830430984497,-0.568229379415153
UBFC_PHYS_s04_T3_test,78,216,85.2,-1.5858209133148193,-0.844514103018481
UBFC_PHYS_s04_T3_test,78,217,85.23333333333333,-1.5282011032104492,-1.0795760710468376
UBFC_PHYS_s04_T3_test,78,218,85.26666666666667,-1.4855294227600098,-1.2568733681354396
UBFC_PHYS_s04_T3_test,78,219,85.3,-1.435091257095337,-1.3555839955755065
UBFC_PHYS_s04_T3_test,78,220,85.33333333333333,-1.3894767761230469,-1.355700464447634
UBFC_PHYS_s04_T3_test,78,221,85.36666666666666,-1.2595031261444092,-1.2451810641731842
UBFC_PHYS_s04_T3_test,78,222,85.4,-0.9797743558883667,-1.0263879442170483
UBFC_PHYS_s04_T3_test,78,223,85.43333333333334,-0.6745244264602661,-0.7192894167176793
UBFC_PHYS_s04_T3_test,78,224,85.46666666666667,-0.5134168267250061,-0.3601349832630931
UBFC_PHYS_s04_T3_test,78,225,85.5,-0.4336279332637787,0.004335014696145714
UBFC_PHYS_s04_T3_test,78,226,85.53333333333333,-0.145879328250885,0.3261251416925684
UBFC_PHYS_s04_T3_test,78,227,85.56666666666666,0.43587392568588257,0.5665471496357387
UBFC_PHYS_s04_T3_test,78,228,85.6,1.0486443042755127,0.7046942717075848
UBFC_PHYS_s04_T3_test,78,229,85.63333333333334,1.4567192792892456,0.7406324126573421
UBFC_PHYS_s04_T3_test,78,230,85.66666666666667,1.710381269454956,0.6927013281308396
UBFC_PHYS_s04_T3_test,78,231,85.7,1.9095805883407593,0.5909270144381901
UBFC_PHYS_s04_T3_test,78,232,85.73333333333333,2.0209615230560303,0.46893912493634154
UBFC_PHYS_s04_T3_test,78,233,85.76666666666667,2.036426305770874,0.35609262702081323
UBFC_PHYS_s04_T3_test,78,234,85.8,2.0177457332611084,0.27146548478582727
UBFC_PHYS_s04_T3_test,78,235,85.83333333333333,1.9413772821426392,0.22147850069799846
UBFC_PHYS_s04_T3_test,78,236,85.86666666666666,1.7720744609832764,0.20186197993896726
UBFC_PHYS_s04_T3_test,78,237,85.9,1.586575984954834,0.20276844330686056
UBFC_PHYS_s04_T3_test,78,238,85.93333333333334,1.4040594100952148,0.2142023829978208
UBFC_PHYS_s04_T3_test,78,239,85.96666666666667,1.0881391763687134,0.2289995931493917
UBFC_PHYS_s04_T3_test,79,0,79.0,-0.03283209726214409,-0.07010078438275062
UBFC_PHYS_s04_T3_test,79,1,79.03333333333333,-0.14381346106529236,-0.20072573794436965
UBFC_PHYS_s04_T3_test,79,2,79.06666666666666,-0.2459077537059784,-0.3168603012809978
UBFC_PHYS_s04_T3_test,79,3,79.1,-0.44079020619392395,-0.40838794163327846
UBFC_PHYS_s04_T3_test,79,4,79.13333333333334,-0.6104146838188171,-0.4681637161370222
UBFC_PHYS_s04_T3_test,79,5,79.16666666666667,-0.5527070760726929,-0.49238149754196975
UBFC_PHYS_s04_T3_test,79,6,79.2,-0.2815535366535187,-0.47960452430440886
UBFC_PHYS_s04_T3_test,79,7,79.23333333333333,0.0325152613222599,-0.42899716131961996
UBFC_PHYS_s04_T3_test,79,8,79.26666666666667,0.2906305193901062,-0.3390990480587157
UBFC_PHYS_s04_T3_test,79,9,79.3,0.492938369512558,-0.20842411511553924
UBFC_PHYS_s04_T3_test,79,10,79.33333333333333,0.6728239059448242,-0.0380633313182439
UBFC_PHYS_s04_T3_test,79,11,79.36666666666666,0.8352275490760803,0.1649067563087482
UBFC_PHYS_s04_T3_test,79,12,79.4,0.9025043249130249,0.3850991059985004
UBFC_PHYS_s04_T3_test,79,13,79.43333333333334,0.8197336196899414,0.5991634293161183
UBFC_PHYS_s04_T3_test,79,14,79.46666666666667,0.6903641819953918,0.7793350633926531
UBFC_PHYS_s04_T3_test,79,15,79.5,0.6467083096504211,0.8993866806290307
UBFC_PHYS_s04_T3_test,79,16,79.53333333333333,0.6420796513557434,0.9411014292330178
UBFC_PHYS_s04_T3_test,79,17,79.56666666666666,0.5381631255149841,0.8988765164382582
UBFC_PHYS_s04_T3_test,79,18,79.6,0.32262206077575684,0.7804374732641951
UBFC_PHYS_s04_T3_test,79,19,79.63333333333334,0.08840060234069824,0.6032929854135076
UBFC_PHYS_s04_T3_test,79,20,79.66666666666667,-0.0964156836271286,0.3889706466610699
UBFC_PHYS_s04_T3_test,79,21,79.7,-0.23548102378845215,0.1581511276235219
UBFC_PHYS_s04_T3_test,79,22,79.73333333333333,-0.39482489228248596,-0.07164817735985095
UBFC_PHYS_s04_T3_test,79,23,79.76666666666667,-0.634454607963562,-0.286386498127973
UBFC_PHYS_s04_T3_test,79,24,79.8,-0.8359731435775757,-0.47509492887088134
UBFC_PHYS_s04_T3_test,79,25,79.83333333333333,-0.7410703897476196,-0.6295113472945872
UBFC_PHYS_s04_T3_test,79,26,79.86666666666666,-0.29510828852653503,-0.7439396554687085
UBFC_PHYS_s04_T3_test,79,27,79.9,0.23994877934455872,-0.8153778928475234
UBFC_PHYS_s04_T3_test,79,28,79.93333333333334,0.617766797542572,-0.844048055251077
UBFC_PHYS_s04_T3_test,79,29,79.96666666666667,0.8367087244987488,-0.834263755029728
UBFC_PHYS_s04_T3_test,79,30,80.0,0.9735425710678101,-0.7949033803152739
UBFC_PHYS_s04_T3_test,79,31,80.03333333333333,1.0294864177703857,-0.7382480467761582
UBFC_PHYS_s04_T3_test,79,32,80.06666666666666,1.0068690776824951,-0.6763606465278988
UBFC_PHYS_s04_T3_test,79,33,80.1,0.9357432126998901,-0.6156479798413056
UBFC_PHYS_s04_T3_test,79,34,80.13333333333334,0.8318364024162292,-0.5520351581801279
UBFC_PHYS_s04_T3_test,79,35,80.16666666666667,0.7168207764625549,-0.46984398122619087
UBFC_PHYS_s04_T3_test,79,36,80.2,0.6371488571166992,-0.3461385555312939
UBFC_PHYS_s04_T3_test,79,37,80.23333333333333,0.5940484404563904,-0.1598145211863217
UBFC_PHYS_s04_T3_test,79,38,80.26666666666667,0.5128660798072815,0.09751141178221996
UBFC_PHYS_s04_T3_test,79,39,80.3,0.3475877642631531,0.4129818123199032
UBFC_PHYS_s04_T3_test,79,40,80.33333333333333,0.15621334314346313,0.7503738122139737
UBFC_PHYS_s04_T3_test,79,41,80.36666666666666,0.002141309669241309,1.0564238888093265
UBFC_PHYS_s04_T3_test,79,42,80.4,-0.16160713136196136,1.2742261481651536
UBFC_PHYS_s04_T3_test,79,43,80.43333333333334,-0.45512452721595764,1.3592868195292611
UBFC_PHYS_s04_T3_test,79,44,80.46666666666667,-0.8828739523887634,1.2928227683992701
UBFC_PHYS_s04_T3_test,79,45,80.5,-1.2195794582366943,1.087785902879624
UBFC_PHYS_s04_T3_test,79,46,80.53333333333333,-1.2103025913238525,0.7851714821380872
UBFC_PHYS_s04_T3_test,79,47,80.56666666666666,-0.9349491596221924,0.441504764988346
UBFC_PHYS_s04_T3_test,79,48,80.6,-0.6628211736679077,0.11233926699198112
UBFC_PHYS_s04_T3_test,79,49,80.63333333333334,-0.50342857837677,-0.16152570785004589
UBFC_PHYS_s04_T3_test,79,50,80.66666666666667,-0.36658501625061035,-0.36041085161544434
UBFC_PHYS_s04_T3_test,79,51,80.7,-0.1954306662082672,-0.48423395472425584
UBFC_PHYS_s04_T3_test,79,52,80.73333333333333,-0.04848194122314453,-0.5460721037190813
UBFC_PHYS_s04_T3_test,79,53,80.76666666666667,0.019165143370628357,-0.5647438997718264
UBFC_PHYS_s04_T3_test,79,54,80.8,0.023676898330450058,-0.558911102319857
UBFC_PHYS_s04_T3_test,79,55,80.83333333333333,0.010336526669561863,-0.5430690429503208
UBFC_PHYS_s04_T3_test,79,56,80.86666666666666,0.03282708674669266,-0.5247581140069646
UBFC_PHYS_s04_T3_test,79,57,80.9,0.12684309482574463,-0.5027675349890794
UBFC_PHYS_s04_T3_test,79,58,80.93333333333334,0.24119609594345093,-0.46719264481868616
UBFC_PHYS_s04_T3_test,79,59,80.96666666666667,0.2814803123474121,-0.4025991658507903
UBFC_PHYS_s04_T3_test,79,60,81.0,0.2521977722644806,-0.2944557198071048
UBFC_PHYS_s04_T3_test,79,61,81.03333333333333,0.2725445032119751,-0.137059987401333
UBFC_PHYS_s04_T3_test,79,62,81.06666666666666,0.3927929997444153,0.06029071671872693
UBFC_PHYS_s04_T3_test,79,63,81.1,0.4782337546348572,0.2722058497174951
UBFC_PHYS_s04_T3_test,79,64,81.13333333333334,0.34270569682121277,0.4628248337760757
UBFC_PHYS_s04_T3_test,79,65,81.16666666666667,0.03869334235787392,0.596673735747776
UBFC_PHYS_s04_T3_test,79,66,81.2,-0.10670599341392517,0.6501156385761708
UBFC_PHYS_s04_T3_test,79,67,81.23333333333333,0.12925975024700165,0.618076130172389
UBFC_PHYS_s04_T3_test,79,68,81.26666666666667,0.6067749261856079,0.513554739510005
UBFC_PHYS_s04_T3_test,79,69,81.3,1.0337642431259155,0.36124426590036096
UBFC_PHYS_s04_T3_test,79,70,81.33333333333333,1.2537975311279297,0.18850016110518983
UBFC_PHYS_s04_T3_test,79,71,81.36666666666666,1.2356140613555908,0.016993599923666287
UBFC_PHYS_s04_T3_test,79,72,81.4,1.010669469833374,-0.14220859205005124
UBFC_PHYS_s04_T3_test,79,73,81.43333333333334,0.6418164968490601,-0.28865651460321473
UBFC_PHYS_s04_T3_test,79,74,81.46666666666667,0.17772944271564484,-0.42815282434165913
UBFC_PHYS_s04_T3_test,79,75,81.5,-0.371652215719223,-0.5662857962811427
UBFC_PHYS_s04_T3_test,79,76,81.53333333333333,-1.0055196285247803,-0.7025767186522821
UBFC_PHYS_s04_T3_test,79,77,81.56666666666666,-1.6715539693832397,-0.8271619311552716
UBFC_PHYS_s04_T3_test,79,78,81.6,-2.245306968688965,-0.9206598715019227
UBFC_PHYS_s04_T3_test,79,79,81.63333333333334,-2.55820631980896,-0.9569746819399463
UBFC_PHYS_s04_T3_test,79,80,81.66666666666667,-2.495100259780884,-0.9085538237500767
UBFC_PHYS_s04_T3_test,79,81,81.7,-2.079375743865967,-0.75341806708576
UBFC_PHYS_s04_T3_test,79,82,81.73333333333333,-1.4769638776779175,-0.4825860846725647
UBFC_PHYS_s04_T3_test,79,83,81.76666666666667,-0.9547209739685059,-0.10585069507705526
UBFC_PHYS_s04_T3_test,79,84,81.8,-0.7147696614265442,0.3460383333886269
UBFC_PHYS_s04_T3_test,79,85,81.83333333333333,-0.6735402345657349,0.8239082370715852
UBFC_PHYS_s04_T3_test,79,86,81.86666666666666,-0.5874661207199097,1.2673761874635452
UBFC_PHYS_s04_T3_test,79,87,81.9,-0.30830249190330505,1.6154084436692064
UBFC_PHYS_s04_T3_test,79,88,81.93333333333334,0.1973843276500702,1.8177568895310936
UBFC_PHYS_s04_T3_test,79,89,81.96666666666667,0.8875366449356079,1.8444397456106207
UBFC_PHYS_s04_T3_test,79,90,82.0,1.5908149480819702,1.6910965574177261
UBFC_PHYS_s04_T3_test,79,91,82.03333333333333,2.090304136276245,1.3790567646270515
UBFC_PHYS_s04_T3_test,79,92,82.06666666666666,2.3729660511016846,0.9498007620511761
UBFC_PHYS_s04_T3_test,79,93,82.1,2.595640182495117,0.45478150015561447
UBFC_PHYS_s04_T3_test,79,94,82.13333333333334,2.7949271202087402,-0.056419387377604165
UBFC_PHYS_s04_T3_test,79,95,82.16666666666667,2.779608726501465,-0.5453365909412076
UBFC_PHYS_s04_T3_test,79,96,82.2,2.4588842391967773,-0.9878677514375845
UBFC_PHYS_s04_T3_test,79,97,82.23333333333333,2.0260677337646484,-1.3708038019685358
UBFC_PHYS_s04_T3_test,79,98,82.26666666666667,1.6253011226654053,-1.6839911105420475
UBFC_PHYS_s04_T3_test,79,99,82.3,1.1858386993408203,-1.9124571969790596
UBFC_PHYS_s04_T3_test,79,100,82.33333333333333,0.706150472164154,-2.032821870846475
UBFC_PHYS_s04_T3_test,79,101,82.36666666666666,0.24764703214168549,-2.016373085049378
UBFC_PHYS_s04_T3_test,79,102,82.4,-0.24395883083343506,-1.838185308302214
UBFC_PHYS_s04_T3_test,79,103,82.43333333333334,-0.7983005046844482,-1.4889124564992173
UBFC_PHYS_s04_T3_test,79,104,82.46666666666667,-1.293394923210144,-0.9845334106149118
UBFC_PHYS_s04_T3_test,79,105,82.5,-1.653701901435852,-0.3697683220679363
UBFC_PHYS_s04_T3_test,79,106,82.53333333333333,-2.00075626373291,0.28710315882652593
UBFC_PHYS_s04_T3_test,79,107,82.56666666666666,-2.3947696685791016,0.9073171480079232
UBFC_PHYS_s04_T3_test,79,108,82.6,-2.5607399940490723,1.4188729452960513
UBFC_PHYS_s04_T3_test,79,109,82.63333333333334,-2.1307005882263184,1.7722547490801872
UBFC_PHYS_s04_T3_test,79,110,82.66666666666667,-1.0430558919906616,1.9490001015126224
UBFC_PHYS_s04_T3_test,79,111,82.7,0.4387388527393341,1.9602051188179437
UBFC_PHYS_s04_T3_test,79,112,82.73333333333333,1.835960030555725,1.8365974096714532
UBFC_PHYS_s04_T3_test,79,113,82.76666666666667,2.5615339279174805,1.6153587981834183
UBFC_PHYS_s04_T3_test,79,114,82.8,2.445553779602051,1.3291733898686695
UBFC_PHYS_s04_T3_test,79,115,82.83333333333333,2.0781428813934326,1.00064238726776
UBFC_PHYS_s04_T3_test,79,116,82.86666666666666,2.1135644912719727,0.6422895260840578
UBFC_PHYS_s04_T3_test,79,117,82.9,2.484668493270874,0.260401241236111
UBFC_PHYS_s04_T3_test,79,118,82.93333333333334,2.692793846130371,-0.13958110501801846
UBFC_PHYS_s04_T3_test,79,119,82.96666666666667,2.646390199661255,-0.5480078320953191
UBFC_PHYS_s04_T3_test,79,120,83.0,2.6303699016571045,-0.9476322450681544
UBFC_PHYS_s04_T3_test,79,121,83.03333333333333,2.720848560333252,-1.3125846792164424
UBFC_PHYS_s04_T3_test,79,122,83.06666666666666,2.7771236896514893,-1.609707599005898
UBFC_PHYS_s04_T3_test,79,123,83.1,2.662644147872925,-1.8019414434072611
UBFC_PHYS_s04_T3_test,79,124,83.13333333333334,2.2102115154266357,-1.8537052659343938
UBFC_PHYS_s04_T3_test,79,125,83.16666666666667,1.4060571193695068,-1.7382651640957065
UBFC_PHYS_s04_T3_test,79,126,83.2,0.5082569122314453,-1.4462395751982824
UBFC_PHYS_s04_T3_test,79,127,83.23333333333333,-0.25799107551574707,-0.9930451493720699
UBFC_PHYS_s04_T3_test,79,128,83.26666666666667,-0.872281551361084,-0.4222105097221601
UBFC_PHYS_s04_T3_test,79,129,83.3,-1.336777925491333,0.19813383034333923
UBFC_PHYS_s04_T3_test,79,130,83.33333333333333,-1.5837843418121338,0.7863832930997492
UBFC_PHYS_s04_T3_test,79,131,83.36666666666666,-1.587409257888794,1.2640641746930235
UBFC_PHYS_s04_T3_test,79,132,83.4,-1.4113534688949585,1.5729857437346992
UBFC_PHYS_s04_T3_test,79,133,83.43333333333334,-1.160751223564148,1.6869479716766262
UBFC_PHYS_s04_T3_test,79,134,83.46666666666667,-0.919055700302124,1.613674031551521
UBFC_PHYS_s04_T3_test,79,135,83.5,-0.733128547668457,1.3865456278371164
UBFC_PHYS_s04_T3_test,79,136,83.53333333333333,-0.6498315930366516,1.0501602139067012
UBFC_PHYS_s04_T3_test,79,137,83.56666666666666,-0.6495100259780884,0.6463752222662857
UBFC_PHYS_s04_T3_test,79,138,83.6,-0.625343382358551,0.20681364234976382
UBFC_PHYS_s04_T3_test,79,139,83.63333333333334,-0.5498518943786621,-0.2457960733355114
UBFC_PHYS_s04_T3_test,79,140,83.66666666666667,-0.5421828627586365,-0.6897048724329716
UBFC_PHYS_s04_T3_test,79,141,83.7,-0.6603070497512817,-1.0951979519717003
UBFC_PHYS_s04_T3_test,79,142,83.73333333333333,-0.8165034055709839,-1.4205038188271362
UBFC_PHYS_s04_T3_test,79,143,83.76666666666667,-0.9649040699005127,-1.6160170876761686
UBFC_PHYS_s04_T3_test,79,144,83.8,-1.1665785312652588,-1.6364637799140211
UBFC_PHYS_s04_T3_test,79,145,83.83333333333333,-1.4424387216567993,-1.4570106609693148
UBFC_PHYS_s04_T3_test,79,146,83.86666666666666,-1.7287646532058716,-1.0871755873206466
UBFC_PHYS_s04_T3_test,79,147,83.9,-1.9418013095855713,-0.5762510993716585
UBFC_PHYS_s04_T3_test,79,148,83.93333333333334,-2.0430185794830322,-0.00602966445738168
UBFC_PHYS_s04_T3_test,79,149,83.96666666666667,-2.0278170108795166,0.5287717399749312
UBFC_PHYS_s04_T3_test,79,150,84.0,-1.8403599262237549,0.9460236586099743
UBFC_PHYS_s04_T3_test,79,151,84.03333333333333,-1.429585576057434,1.1976794339863344
UBFC_PHYS_s04_T3_test,79,152,84.06666666666666,-0.9308272004127502,1.2789653318774492
UBFC_PHYS_s04_T3_test,79,153,84.1,-0.4872720241546631,1.2226790326160277
UBFC_PHYS_s04_T3_test,79,154,84.13333333333334,-0.05376351997256279,1.082332169016799
UBFC_PHYS_s04_T3_test,79,155,84.16666666666667,0.4276007413864136,0.911803665093741
UBFC_PHYS_s04_T3_test,79,156,84.2,0.8395054340362549,0.7492743806137964
UBFC_PHYS_s04_T3_test,79,157,84.23333333333333,1.0350213050842285,0.6102269610632044
UBFC_PHYS_s04_T3_test,79,158,84.26666666666667,1.0130666494369507,0.4900963115487734
UBFC_PHYS_s04_T3_test,79,159,84.3,0.8956051468849182,0.37348533970079895
UBFC_PHYS_s04_T3_test,79,160,84.33333333333333,0.8266912698745728,0.2449571268426235
UBFC_PHYS_s04_T3_test,79,161,84.36666666666666,0.9246830940246582,0.09687243670801345
UBFC_PHYS_s04_T3_test,79,162,84.4,1.2328174114227295,-0.06788308616063204
UBFC_PHYS_s04_T3_test,79,163,84.43333333333334,1.6904340982437134,-0.23773343521961543
UBFC_PHYS_s04_T3_test,79,164,84.46666666666667,2.1519291400909424,-0.3967420953484819
UBFC_PHYS_s04_T3_test,79,165,84.5,2.42427134513855,-0.5293459956198305
UBFC_PHYS_s04_T3_test,79,166,84.53333333333333,2.405386447906494,-0.6242526886089979
UBFC_PHYS_s04_T3_test,79,167,84.56666666666666,2.2020163536071777,-0.6770554122890408
UBFC_PHYS_s04_T3_test,79,168,84.6,1.8585383892059326,-0.691311309072777
UBFC_PHYS_s04_T3_test,79,169,84.63333333333334,1.2324957847595215,-0.6777340673653658
UBFC_PHYS_s04_T3_test,79,170,84.66666666666667,0.2812367081642151,-0.651347012413729
UBFC_PHYS_s04_T3_test,79,171,84.7,-0.7418694496154785,-0.6270289176986764
UBFC_PHYS_s04_T3_test,79,172,84.73333333333333,-1.433454155921936,-0.6145889166383378
UBFC_PHYS_s04_T3_test,79,173,84.76666666666667,-1.509871482849121,-0.6149319857471721
UBFC_PHYS_s04_T3_test,79,174,84.8,-1.1498860120773315,-0.6187296621448987
UBFC_PHYS_s04_T3_test,79,175,84.83333333333333,-0.8374933004379272,-0.6083099593334711
UBFC_PHYS_s04_T3_test,79,176,84.86666666666666,-0.7544205188751221,-0.5624796247506673
UBFC_PHYS_s04_T3_test,79,177,84.9,-0.760111391544342,-0.46304434751963
UBFC_PHYS_s04_T3_test,79,178,84.93333333333334,-0.8548192381858826,-0.3011894558481379
UBFC_PHYS_s04_T3_test,79,179,84.96666666666667,-1.1371498107910156,-0.08171776530221425
UBFC_PHYS_s04_T3_test,79,180,85.0,-1.4782989025115967,0.17647270699350415
UBFC_PHYS_s04_T3_test,79,181,85.03333333333333,-1.7007489204406738,0.44405959993495653
UBFC_PHYS_s04_T3_test,79,182,85.06666666666666,-1.8423088788986206,0.6877092500950133
UBFC_PHYS_s04_T3_test,79,183,85.1,-1.9359545707702637,0.8768469104753748
UBFC_PHYS_s04_T3_test,79,184,85.13333333333334,-1.8970930576324463,0.9890802040901817
UBFC_PHYS_s04_T3_test,79,185,85.16666666666667,-1.730830430984497,1.0137677860066925
UBFC_PHYS_s04_T3_test,79,186,85.2,-1.5858209133148193,0.9535735496967032
UBFC_PHYS_s04_T3_test,79,187,85.23333333333333,-1.5282011032104492,0.8235913941246973
UBFC_PHYS_s04_T3_test,79,188,85.26666666666667,-1.4855294227600098,0.6477163867704964
UBFC_PHYS_s04_T3_test,79,189,85.3,-1.435091257095337,0.45281666663126774
UBFC_PHYS_s04_T3_test,79,190,85.33333333333333,-1.3894767761230469,0.26253812866763976
UBFC_PHYS_s04_T3_test,79,191,85.36666666666666,-1.2595031261444092,0.09306812015848363
UBFC_PHYS_s04_T3_test,79,192,85.4,-0.9797743558883667,-0.047848019116517225
UBFC_PHYS_s04_T3_test,79,193,85.43333333333334,-0.6745244264602661,-0.15911529728049745
UBFC_PHYS_s04_T3_test,79,194,85.46666666666667,-0.5134168267250061,-0.24338905497511573
UBFC_PHYS_s04_T3_test,79,195,85.5,-0.4336279332637787,-0.30468040114646416
UBFC_PHYS_s04_T3_test,79,196,85.53333333333333,-0.145879328250885,-0.3470202747914547
UBFC_PHYS_s04_T3_test,79,197,85.56666666666666,0.43587392568588257,-0.3736882165487715
UBFC_PHYS_s04_T3_test,79,198,85.6,1.0486443042755127,-0.3863304657660753
UBFC_PHYS_s04_T3_test,79,199,85.63333333333334,1.4567192792892456,-0.3837944509055665
UBFC_PHYS_s04_T3_test,79,200,85.66666666666667,1.710381269454956,-0.36111171841955175
UBFC_PHYS_s04_T3_test,79,201,85.7,1.9095805883407593,-0.3095607974075066
UBFC_PHYS_s04_T3_test,79,202,85.73333333333333,2.0209615230560303,-0.21891296010263286
UBFC_PHYS_s04_T3_test,79,203,85.76666666666667,2.036426305770874,-0.08220324902428217
UBFC_PHYS_s04_T3_test,79,204,85.8,2.0177457332611084,0.09836843231420747
UBFC_PHYS_s04_T3_test,79,205,85.83333333333333,1.9413772821426392,0.3072569855598704
UBFC_PHYS_s04_T3_test,79,206,85.86666666666666,1.7720744609832764,0.5158121185190175
UBFC_PHYS_s04_T3_test,79,207,85.9,1.586575984954834,0.6877984446311757
UBFC_PHYS_s04_T3_test,79,208,85.93333333333334,1.4040594100952148,0.7885062981891044
UBFC_PHYS_s04_T3_test,79,209,85.96666666666667,1.0881391763687134,0.7939872088384168
UBFC_PHYS_s04_T3_test,79,210,86.0,0.6138202548027039,0.6969457811235136
UBFC_PHYS_s04_T3_test,79,211,86.03333333333333,0.17053791880607605,0.5072979340449227
UBFC_PHYS_s04_T3_test,79,212,86.06666666666666,-0.1412408947944641,0.24748761830394386
UBFC_PHYS_s04_T3_test,79,213,86.1,-0.34209680557250977,-0.05526582542032301
UBFC_PHYS_s04_T3_test,79,214,86.13333333333334,-0.3732990324497223,-0.3761913808896318
UBFC_PHYS_s04_T3_test,79,215,86.16666666666667,-0.20604254305362701,-0.6962799019577943
UBFC_PHYS_s04_T3_test,79,216,86.2,-9.020622383104637e-05,-1.00047057432125
UBFC_PHYS_s04_T3_test,79,217,86.23333333333333,0.08345033973455429,-1.2723784937943372
UBFC_PHYS_s04_T3_test,79,218,86.26666666666667,0.07478737831115723,-1.4891724977754188
UBFC_PHYS_s04_T3_test,79,219,86.3,0.06422422081232071,-1.6203498834042551
UBFC_PHYS_s04_T3_test,79,220,86.33333333333333,0.01827838458120823,-1.6324858935007114
UBFC_PHYS_s04_T3_test,79,221,86.36666666666666,-0.1351505070924759,-1.4992128195880703
UBFC_PHYS_s04_T3_test,79,222,86.4,-0.36913809180259705,-1.2128904166635053
UBFC_PHYS_s04_T3_test,79,223,86.43333333333334,-0.5987990498542786,-0.7931048935314615
UBFC_PHYS_s04_T3_test,79,224,86.46666666666667,-0.7903878688812256,-0.28800591600064257
UBFC_PHYS_s04_T3_test,79,225,86.5,-0.9251947999000549,0.23318082002587934
UBFC_PHYS_s04_T3_test,79,226,86.53333333333333,-0.9197086095809937,0.6953564033514158
UBFC_PHYS_s04_T3_test,79,227,86.56666666666666,-0.7433896064758301,1.0362552600954515
UBFC_PHYS_s04_T3_test,79,228,86.6,-0.49458047747612,1.221810231184635
UBFC_PHYS_s04_T3_test,79,229,86.63333333333334,-0.28039392828941345,1.251905102006692
UBFC_PHYS_s04_T3_test,79,230,86.66666666666667,-0.15751439332962036,1.155095165253476
UBFC_PHYS_s04_T3_test,79,231,86.7,-0.210807666182518,0.9763193091853511
UBFC_PHYS_s04_T3_test,79,232,86.73333333333333,-0.4304511845111847,0.7635642798717843
UBFC_PHYS_s04_T3_test,79,233,86.76666666666667,-0.562276303768158,0.5578597730859999
UBFC_PHYS_s04_T3_test,79,234,86.8,-0.4363759160041809,0.38812115595419977
UBFC_PHYS_s04_T3_test,79,235,86.83333333333333,-0.24984458088874817,0.2700725941494046
UBFC_PHYS_s04_T3_test,79,236,86.86666666666666,-0.18167127668857574,0.20761213572187912
UBFC_PHYS_s04_T3_test,79,237,86.9,-0.128923699259758,0.19518514969779066
UBFC_PHYS_s04_T3_test,79,238,86.93333333333334,0.004294868558645248,0.22027782283500974
UBFC_PHYS_s04_T3_test,79,239,86.96666666666667,0.14230778813362122,0.265761194516997
UBFC_PHYS_s04_T3_test,80,0,80.0,0.9735425710678101,-0.05243923246570233
UBFC_PHYS_s04_T3_test,80,1,80.03333333333333,1.0294864177703857,-0.3461157018109775
UBFC_PHYS_s04_T3_test,80,2,80.06666666666666,1.0068690776824951,-0.6354209857589652
UBFC_PHYS_s04_T3_test,80,3,80.1,0.9357432126998901,-0.9102228349843954
UBFC_PHYS_s04_T3_test,80,4,80.13333333333334,0.8318364024162292,-1.1477245048008928
UBFC_PHYS_s04_T3_test,80,5,80.16666666666667,0.7168207764625549,-1.312550109636575
UBFC_PHYS_s04_T3_test,80,6,80.2,0.6371488571166992,-1.3625757077352696
UBFC_PHYS_s04_T3_test,80,7,80.23333333333333,0.5940484404563904,-1.2601769843723833
UBFC_PHYS_s04_T3_test,80,8,80.26666666666667,0.5128660798072815,-0.9863786026415635
UBFC_PHYS_s04_T3_test,80,9,80.3,0.3475877642631531,-0.5530654617628658
UBFC_PHYS_s04_T3_test,80,10,80.33333333333333,0.15621334314346313,-0.007695320024055671
UBFC_PHYS_s04_T3_test,80,11,80.36666666666666,0.002141309669241309,0.5730004079147764
UBFC_PHYS_s04_T3_test,80,12,80.4,-0.16160713136196136,1.099420143910563
UBFC_PHYS_s04_T3_test,80,13,80.43333333333334,-0.45512452721595764,1.4903168426677806
UBFC_PHYS_s04_T3_test,80,14,80.46666666666667,-0.8828739523887634,1.6917050285361366
UBFC_PHYS_s04_T3_test,80,15,80.5,-1.2195794582366943,1.687497945689097
UBFC_PHYS_s04_T3_test,80,16,80.53333333333333,-1.2103025913238525,1.4992203948361587
UBFC_PHYS_s04_T3_test,80,17,80.56666666666666,-0.9349491596221924,1.1760859258898155
UBFC_PHYS_s04_T3_test,80,18,80.6,-0.6628211736679077,0.7798023143503007
UBFC_PHYS_s04_T3_test,80,19,80.63333333333334,-0.50342857837677,0.3695478399919763
UBFC_PHYS_s04_T3_test,80,20,80.66666666666667,-0.36658501625061035,-0.008616781216412201
UBFC_PHYS_s04_T3_test,80,21,80.7,-0.1954306662082672,-0.32620951842761636
UBFC_PHYS_s04_T3_test,80,22,80.73333333333333,-0.04848194122314453,-0.5715438471606482
UBFC_PHYS_s04_T3_test,80,23,80.76666666666667,0.019165143370628357,-0.7459299838586927
UBFC_PHYS_s04_T3_test,80,24,80.8,0.023676898330450058,-0.8588250745690962
UBFC_PHYS_s04_T3_test,80,25,80.83333333333333,0.010336526669561863,-0.9228445728605997
UBFC_PHYS_s04_T3_test,80,26,80.86666666666666,0.03282708674669266,-0.9488807786524999
UBFC_PHYS_s04_T3_test,80,27,80.9,0.12684309482574463,-0.9418715590340524
UBFC_PHYS_s04_T3_test,80,28,80.93333333333334,0.24119609594345093,-0.8986222321726274
UBFC_PHYS_s04_T3_test,80,29,80.96666666666667,0.2814803123474121,-0.8091691374719454
UBFC_PHYS_s04_T3_test,80,30,81.0,0.2521977722644806,-0.6617629700685452
UBFC_PHYS_s04_T3_test,80,31,81.03333333333333,0.2725445032119751,-0.44985099438885745
UBFC_PHYS_s04_T3_test,80,32,81.06666666666666,0.3927929997444153,-0.17877190674297141
UBFC_PHYS_s04_T3_test,80,33,81.1,0.4782337546348572,0.13016318917512676
UBFC_PHYS_s04_T3_test,80,34,81.13333333333334,0.34270569682121277,0.4404614540920894
UBFC_PHYS_s04_T3_test,80,35,81.16666666666667,0.03869334235787392,0.7072094191396296
UBFC_PHYS_s04_T3_test,80,36,81.2,-0.10670599341392517,0.8881716110211644
UBFC_PHYS_s04_T3_test,80,37,81.23333333333333,0.12925975024700165,0.9551594727505546
UBFC_PHYS_s04_T3_test,80,38,81.26666666666667,0.6067749261856079,0.9014322791211773
UBFC_PHYS_s04_T3_test,80,39,81.3,1.0337642431259155,0.7426983229928966
UBFC_PHYS_s04_T3_test,80,40,81.33333333333333,1.2537975311279297,0.5117105496296831
UBFC_PHYS_s04_T3_test,80,41,81.36666666666666,1.2356140613555908,0.24858769666938127
UBFC_PHYS_s04_T3_test,80,42,81.4,1.010669469833374,-0.009707932741114169
UBFC_PHYS_s04_T3_test,80,43,81.43333333333334,0.6418164968490601,-0.23728002933831105
UBFC_PHYS_s04_T3_test,80,44,81.46666666666667,0.17772944271564484,-0.42239798593326977
UBFC_PHYS_s04_T3_test,80,45,81.5,-0.371652215719223,-0.5654701762639701
UBFC_PHYS_s04_T3_test,80,46,81.53333333333333,-1.0055196285247803,-0.6732542616302795
UBFC_PHYS_s04_T3_test,80,47,81.56666666666666,-1.6715539693832397,-0.7516846444395643
UBFC_PHYS_s04_T3_test,80,48,81.6,-2.245306968688965,-0.7999070174336002
UBFC_PHYS_s04_T3_test,80,49,81.63333333333334,-2.55820631980896,-0.8075537912642937
UBFC_PHYS_s04_T3_test,80,50,81.66666666666667,-2.495100259780884,-0.7562121901832463
UBFC_PHYS_s04_T3_test,80,51,81.7,-2.079375743865967,-0.6248692774295606
UBFC_PHYS_s04_T3_test,80,52,81.73333333333333,-1.4769638776779175,-0.3981611431011584
UBFC_PHYS_s04_T3_test,80,53,81.76666666666667,-0.9547209739685059,-0.07540404747275484
UBFC_PHYS_s04_T3_test,80,54,81.8,-0.7147696614265442,0.3223949493377467
UBFC_PHYS_s04_T3_test,80,55,81.83333333333333,-0.6735402345657349,0.7506236569484128
UBFC_PHYS_s04_T3_test,80,56,81.86666666666666,-0.5874661207199097,1.1464928993176808
UBFC_PHYS_s04_T3_test,80,57,81.9,-0.30830249190330505,1.4418345600877538
UBFC_PHYS_s04_T3_test,80,58,81.93333333333334,0.1973843276500702,1.5801636763520643
UBFC_PHYS_s04_T3_test,80,59,81.96666666666667,0.8875366449356079,1.5322867892455048
UBFC_PHYS_s04_T3_test,80,60,82.0,1.5908149480819702,1.3043202251357564
UBFC_PHYS_s04_T3_test,80,61,82.03333333333333,2.090304136276245,0.9347443544980727
UBFC_PHYS_s04_T3_test,80,62,82.06666666666666,2.3729660511016846,0.4821562166023664
UBFC_PHYS_s04_T3_test,80,63,82.1,2.595640182495117,0.009328360582777204
UBFC_PHYS_s04_T3_test,80,64,82.13333333333334,2.7949271202087402,-0.4305573589552103
UBFC_PHYS_s04_T3_test,80,65,82.16666666666667,2.779608726501465,-0.8019382148366053
UBFC_PHYS_s04_T3_test,80,66,82.2,2.4588842391967773,-1.088138472400036
UBFC_PHYS_s04_T3_test,80,67,82.23333333333333,2.0260677337646484,-1.2869275137461973
UBFC_PHYS_s04_T3_test,80,68,82.26666666666667,1.6253011226654053,-1.403052479296891
UBFC_PHYS_s04_T3_test,80,69,82.3,1.1858386993408203,-1.4411263047457623
UBFC_PHYS_s04_T3_test,80,70,82.33333333333333,0.706150472164154,-1.4016352660624727
UBFC_PHYS_s04_T3_test,80,71,82.36666666666666,0.24764703214168549,-1.2813310092338999
UBFC_PHYS_s04_T3_test,80,72,82.4,-0.24395883083343506,-1.0775698501642657
UBFC_PHYS_s04_T3_test,80,73,82.43333333333334,-0.7983005046844482,-0.7945976105234693
UBFC_PHYS_s04_T3_test,80,74,82.46666666666667,-1.293394923210144,-0.4487010668875372
UBFC_PHYS_s04_T3_test,80,75,82.5,-1.653701901435852,-0.06924284153725095
UBFC_PHYS_s04_T3_test,80,76,82.53333333333333,-2.00075626373291,0.305787022096375
UBFC_PHYS_s04_T3_test,80,77,82.56666666666666,-2.3947696685791016,0.6385521958376575
UBFC_PHYS_s04_T3_test,80,78,82.6,-2.5607399940490723,0.901087843917921
UBFC_PHYS_s04_T3_test,80,79,82.63333333333334,-2.1307005882263184,1.0817024387745908
UBFC_PHYS_s04_T3_test,80,80,82.66666666666667,-1.0430558919906616,1.1849644264945092
UBFC_PHYS_s04_T3_test,80,81,82.7,0.4387388527393341,1.2251261006317484
UBFC_PHYS_s04_T3_test,80,82,82.73333333333333,1.835960030555725,1.216322146230503
UBFC_PHYS_s04_T3_test,80,83,82.76666666666667,2.5615339279174805,1.1647198754679153
UBFC_PHYS_s04_T3_test,80,84,82.8,2.445553779602051,1.066597569230573
UBFC_PHYS_s04_T3_test,80,85,82.83333333333333,2.0781428813934326,0.9129446564674158
UBFC_PHYS_s04_T3_test,80,86,82.86666666666666,2.1135644912719727,0.6977077231594436
UBFC_PHYS_s04_T3_test,80,87,82.9,2.484668493270874,0.42515341572928783
UBFC_PHYS_s04_T3_test,80,88,82.93333333333334,2.692793846130371,0.1127463618933025
UBFC_PHYS_s04_T3_test,80,89,82.96666666666667,2.646390199661255,-0.21147543827626347
UBFC_PHYS_s04_T3_test,80,90,83.0,2.6303699016571045,-0.5154226773491863
UBFC_PHYS_s04_T3_test,80,91,83.03333333333333,2.720848560333252,-0.7702524146135381
UBFC_PHYS_s04_T3_test,80,92,83.06666666666666,2.7771236896514893,-0.955377685763939
UBFC_PHYS_s04_T3_test,80,93,83.1,2.662644147872925,-1.0595888833160825
UBFC_PHYS_s04_T3_test,80,94,83.13333333333334,2.2102115154266357,-1.0788244581111395
UBFC_PHYS_s04_T3_test,80,95,83.16666666666667,1.4060571193695068,-1.0128631277994053
UBFC_PHYS_s04_T3_test,80,96,83.2,0.5082569122314453,-0.8636396504104582
UBFC_PHYS_s04_T3_test,80,97,83.23333333333333,-0.25799107551574707,-0.636757058558858
UBFC_PHYS_s04_T3_test,80,98,83.26666666666667,-0.872281551361084,-0.3456017284326237
UBFC_PHYS_s04_T3_test,80,99,83.3,-1.336777925491333,-0.01545094596083728
UBFC_PHYS_s04_T3_test,80,100,83.33333333333333,-1.5837843418121338,0.3157193411561393
UBFC_PHYS_s04_T3_test,80,101,83.36666666666666,-1.587409257888794,0.6018682607279132
UBFC_PHYS_s04_T3_test,80,102,83.4,-1.4113534688949585,0.7985217140798314
UBFC_PHYS_s04_T3_test,80,103,83.43333333333334,-1.160751223564148,0.8741698193078691
UBFC_PHYS_s04_T3_test,80,104,83.46666666666667,-0.919055700302124,0.818716927336408
UBFC_PHYS_s04_T3_test,80,105,83.5,-0.733128547668457,0.6452051958106052
UBFC_PHYS_s04_T3_test,80,106,83.53333333333333,-0.6498315930366516,0.38420672732231537
UBFC_PHYS_s04_T3_test,80,107,83.56666666666666,-0.6495100259780884,0.07376465544178885
UBFC_PHYS_s04_T3_test,80,108,83.6,-0.625343382358551,-0.25049229736665035
UBFC_PHYS_s04_T3_test,80,109,83.63333333333334,-0.5498518943786621,-0.5609513517345797
UBFC_PHYS_s04_T3_test,80,110,83.66666666666667,-0.5421828627586365,-0.8374530462385037
UBFC_PHYS_s04_T3_test,80,111,83.7,-0.6603070497512817,-1.0618127193007025
UBFC_PHYS_s04_T3_test,80,112,83.73333333333333,-0.8165034055709839,-1.211499899739994
UBFC_PHYS_s04_T3_test,80,113,83.76666666666667,-0.9649040699005127,-1.2574803888406296
UBFC_PHYS_s04_T3_test,80,114,83.8,-1.1665785312652588,-1.1693775919382148
UBFC_PHYS_s04_T3_test,80,115,83.83333333333333,-1.4424387216567993,-0.9272397180751409
UBFC_PHYS_s04_T3_test,80,116,83.86666666666666,-1.7287646532058716,-0.5351598309778508
UBFC_PHYS_s04_T3_test,80,117,83.9,-1.9418013095855713,-0.029826512993824026
UBFC_PHYS_s04_T3_test,80,118,83.93333333333334,-2.0430185794830322,0.5217757188466885
UBFC_PHYS_s04_T3_test,80,119,83.96666666666667,-2.0278170108795166,1.0366904358318045
UBFC_PHYS_s04_T3_test,80,120,84.0,-1.8403599262237549,1.4373294209958103
UBFC_PHYS_s04_T3_test,80,121,84.03333333333333,-1.429585576057434,1.6710536236844467
UBFC_PHYS_s04_T3_test,80,122,84.06666666666666,-0.9308272004127502,1.7205619583705514
UBFC_PHYS_s04_T3_test,80,123,84.1,-0.4872720241546631,1.6025161607324288
UBFC_PHYS_s04_T3_test,80,124,84.13333333333334,-0.05376351997256279,1.3568049158042574
UBFC_PHYS_s04_T3_test,80,125,84.16666666666667,0.4276007413864136,1.0317513531153244
UBFC_PHYS_s04_T3_test,80,126,84.2,0.8395054340362549,0.6707969389780326
UBFC_PHYS_s04_T3_test,80,127,84.23333333333333,1.0350213050842285,0.30449796826015835
UBFC_PHYS_s04_T3_test,80,128,84.26666666666667,1.0130666494369507,-0.05073636499883989
UBFC_PHYS_s04_T3_test,80,129,84.3,0.8956051468849182,-0.38806661107279206
UBFC_PHYS_s04_T3_test,80,130,84.33333333333333,0.8266912698745728,-0.7024828299678914
UBFC_PHYS_s04_T3_test,80,131,84.36666666666666,0.9246830940246582,-0.9833327092853718
UBFC_PHYS_s04_T3_test,80,132,84.4,1.2328174114227295,-1.2101190103777018
UBFC_PHYS_s04_T3_test,80,133,84.43333333333334,1.6904340982437134,-1.3533195622431489
UBFC_PHYS_s04_T3_test,80,134,84.46666666666667,2.1519291400909424,-1.380428341984452
UBFC_PHYS_s04_T3_test,80,135,84.5,2.42427134513855,-1.2658401490770532
UBFC_PHYS_s04_T3_test,80,136,84.53333333333333,2.405386447906494,-1.0018132548944931
UBFC_PHYS_s04_T3_test,80,137,84.56666666666666,2.2020163536071777,-0.6068687805517056
UBFC_PHYS_s04_T3_test,80,138,84.6,1.8585383892059326,-0.12806683995249743
UBFC_PHYS_s04_T3_test,80,139,84.63333333333334,1.2324957847595215,0.3649240756571816
UBFC_PHYS_s04_T3_test,80,140,84.66666666666667,0.2812367081642151,0.7933047224761346
UBFC_PHYS_s04_T3_test,80,141,84.7,-0.7418694496154785,1.0866153597903137
UBFC_PHYS_s04_T3_test,80,142,84.73333333333333,-1.433454155921936,1.1989524522685067
UBFC_PHYS_s04_T3_test,80,143,84.76666666666667,-1.509871482849121,1.118925306466077
UBFC_PHYS_s04_T3_test,80,144,84.8,-1.1498860120773315,0.8704585264405461
UBFC_PHYS_s04_T3_test,80,145,84.83333333333333,-0.8374933004379272,0.5047145287399398
UBFC_PHYS_s04_T3_test,80,146,84.86666666666666,-0.7544205188751221,0.08637254796548986
UBFC_PHYS_s04_T3_test,80,147,84.9,-0.760111391544342,-0.3210260574944839
UBFC_PHYS_s04_T3_test,80,148,84.93333333333334,-0.8548192381858826,-0.6665005266659682
UBFC_PHYS_s04_T3_test,80,149,84.96666666666667,-1.1371498107910156,-0.917448346654963
UBFC_PHYS_s04_T3_test,80,150,85.0,-1.4782989025115967,-1.0594627247270816
UBFC_PHYS_s04_T3_test,80,151,85.03333333333333,-1.7007489204406738,-1.0915705187313967
UBFC_PHYS_s04_T3_test,80,152,85.06666666666666,-1.8423088788986206,-1.0197927197727774
UBFC_PHYS_s04_T3_test,80,153,85.1,-1.9359545707702637,-0.8524600992721546
UBFC_PHYS_s04_T3_test,80,154,85.13333333333334,-1.8970930576324463,-0.5997096205871946
UBFC_PHYS_s04_T3_test,80,155,85.16666666666667,-1.730830430984497,-0.27705548547468617
UBFC_PHYS_s04_T3_test,80,156,85.2,-1.5858209133148193,0.09003714452726022
UBFC_PHYS_s04_T3_test,80,157,85.23333333333333,-1.5282011032104492,0.4648037003009591
UBFC_PHYS_s04_T3_test,80,158,85.26666666666667,-1.4855294227600098,0.8033622534030649
UBFC_PHYS_s04_T3_test,80,159,85.3,-1.435091257095337,1.0632472316709825
UBFC_PHYS_s04_T3_test,80,160,85.33333333333333,-1.3894767761230469,1.2126034901716123
UBFC_PHYS_s04_T3_test,80,161,85.36666666666666,-1.2595031261444092,1.2362180602350858
UBFC_PHYS_s04_T3_test,80,162,85.4,-0.9797743558883667,1.1366451554131016
UBFC_PHYS_s04_T3_test,80,163,85.43333333333334,-0.6745244264602661,0.9313322631557822
UBFC_PHYS_s04_T3_test,80,164,85.46666666666667,-0.5134168267250061,0.6480891887966224
UBFC_PHYS_s04_T3_test,80,165,85.5,-0.4336279332637787,0.32083132621937427
UBFC_PHYS_s04_T3_test,80,166,85.53333333333333,-0.145879328250885,-0.014042702528939079
UBFC_PHYS_s04_T3_test,80,167,85.56666666666666,0.43587392568588257,-0.3213652485528003
UBFC_PHYS_s04_T3_test,80,168,85.6,1.0486443042755127,-0.5712861118460296
UBFC_PHYS_s04_T3_test,80,169,85.63333333333334,1.4567192792892456,-0.7428737691413849
UBFC_PHYS_s04_T3_test,80,170,85.66666666666667,1.710381269454956,-0.8259397868550505
UBFC_PHYS_s04_T3_test,80,171,85.7,1.9095805883407593,-0.8204620473806584
UBFC_PHYS_s04_T3_test,80,172,85.73333333333333,2.0209615230560303,-0.7342404032488392
UBFC_PHYS_s04_T3_test,80,173,85.76666666666667,2.036426305770874,-0.5803007834104706
UBFC_PHYS_s04_T3_test,80,174,85.8,2.0177457332611084,-0.3753663224055837
UBFC_PHYS_s04_T3_test,80,175,85.83333333333333,1.9413772821426392,-0.13961493748645237
UBFC_PHYS_s04_T3_test,80,176,85.86666666666666,1.7720744609832764,0.10326625050084354
UBFC_PHYS_s04_T3_test,80,177,85.9,1.586575984954834,0.3271275506106477
UBFC_PHYS_s04_T3_test,80,178,85.93333333333334,1.4040594100952148,0.5061383400564512
UBFC_PHYS_s04_T3_test,80,179,85.96666666666667,1.0881391763687134,0.6186275111099538
UBFC_PHYS_s04_T3_test,80,180,86.0,0.6138202548027039,0.6504484682813975
UBFC_PHYS_s04_T3_test,80,181,86.03333333333333,0.17053791880607605,0.5965346514754257
UBFC_PHYS_s04_T3_test,80,182,86.06666666666666,-0.1412408947944641,0.46045720687021857
UBFC_PHYS_s04_T3_test,80,183,86.1,-0.34209680557250977,0.2529928578816119
UBFC_PHYS_s04_T3_test,80,184,86.13333333333334,-0.3732990324497223,-0.008937413107490882
UBFC_PHYS_s04_T3_test,80,185,86.16666666666667,-0.20604254305362701,-0.3022092746314785
UBFC_PHYS_s04_T3_test,80,186,86.2,-9.020622383104637e-05,-0.596685286016218
UBFC_PHYS_s04_T3_test,80,187,86.23333333333333,0.08345033973455429,-0.8550212653346086
UBFC_PHYS_s04_T3_test,80,188,86.26666666666667,0.07478737831115723,-1.0348181980437392
UBFC_PHYS_s04_T3_test,80,189,86.3,0.06422422081232071,-1.0944283075696806
UBFC_PHYS_s04_T3_test,80,190,86.33333333333333,0.01827838458120823,-1.0025034888694113
UBFC_PHYS_s04_T3_test,80,191,86.36666666666666,-0.1351505070924759,-0.7492571030863883
UBFC_PHYS_s04_T3_test,80,192,86.4,-0.36913809180259705,-0.3550976983407532
UBFC_PHYS_s04_T3_test,80,193,86.43333333333334,-0.5987990498542786,0.12816740270344978
UBFC_PHYS_s04_T3_test,80,194,86.46666666666667,-0.7903878688812256,0.6257638367273062
UBFC_PHYS_s04_T3_test,80,195,86.5,-0.9251947999000549,1.0561565051891768
UBFC_PHYS_s04_T3_test,80,196,86.53333333333333,-0.9197086095809937,1.3500691498054953
UBFC_PHYS_s04_T3_test,80,197,86.56666666666666,-0.7433896064758301,1.4662650172093166
UBFC_PHYS_s04_T3_test,80,198,86.6,-0.49458047747612,1.3990197316671915
UBFC_PHYS_s04_T3_test,80,199,86.63333333333334,-0.28039392828941345,1.1750568037316786
UBFC_PHYS_s04_T3_test,80,200,86.66666666666667,-0.15751439332962036,0.8415973832384569
UBFC_PHYS_s04_T3_test,80,201,86.7,-0.210807666182518,0.4504744037324245
UBFC_PHYS_s04_T3_test,80,202,86.73333333333333,-0.4304511845111847,0.04446400360320949
UBFC_PHYS_s04_T3_test,80,203,86.76666666666667,-0.562276303768158,-0.3493776314382295
UBFC_PHYS_s04_T3_test,80,204,86.8,-0.4363759160041809,-0.7178579968501411
UBFC_PHYS_s04_T3_test,80,205,86.83333333333333,-0.24984458088874817,-1.0533705826310131
UBFC_PHYS_s04_T3_test,80,206,86.86666666666666,-0.18167127668857574,-1.3437077163481337
UBFC_PHYS_s04_T3_test,80,207,86.9,-0.128923699259758,-1.5650781343384335
UBFC_PHYS_s04_T3_test,80,208,86.93333333333334,0.004294868558645248,-1.682234405340596
UBFC_PHYS_s04_T3_test,80,209,86.96666666666667,0.14230778813362122,-1.6567821804704557
UBFC_PHYS_s04_T3_test,80,210,87.0,0.2434276044368744,-1.461066806131139
UBFC_PHYS_s04_T3_test,80,211,87.03333333333333,0.3206633925437927,-1.0921642222674965
UBFC_PHYS_s04_T3_test,80,212,87.06666666666666,0.30197322368621826,-0.5799439672537258
UBFC_PHYS_s04_T3_test,80,213,87.1,0.1586495041847229,0.01476214800952626
UBFC_PHYS_s04_T3_test,80,214,87.13333333333334,0.013630205765366554,0.6120269064951058
UBFC_PHYS_s04_T3_test,80,215,87.16666666666667,-0.04018927738070488,1.1310000146042596
UBFC_PHYS_s04_T3_test,80,216,87.2,-0.039380475878715515,1.5083741315517587
UBFC_PHYS_s04_T3_test,80,217,87.23333333333333,-0.035073358565568924,1.7111184693763524
UBFC_PHYS_s04_T3_test,80,218,87.26666666666667,-0.048764534294605255,1.7396043669249481
UBFC_PHYS_s04_T3_test,80,219,87.3,-0.09565560519695282,1.6210075192351896
UBFC_PHYS_s04_T3_test,80,220,87.33333333333333,-0.15264208614826202,1.3968675917270141
UBFC_PHYS_s04_T3_test,80,221,87.36666666666666,-0.19655129313468933,1.1106070523759983
UBFC_PHYS_s04_T3_test,80,222,87.4,-0.2719648480415344,0.7993855985966245
UBFC_PHYS_s04_T3_test,80,223,87.43333333333334,-0.42828789353370667,0.4913185310690214
UBFC_PHYS_s04_T3_test,80,224,87.46666666666667,-0.6367153525352478,0.20624839318079186
UBFC_PHYS_s04_T3_test,80,225,87.5,-0.8440709114074707,-0.04263390381330048
UBFC_PHYS_s04_T3_test,80,226,87.53333333333333,-1.0416624546051025,-0.24795885934492568
UBFC_PHYS_s04_T3_test,80,227,87.56666666666666,-1.2284666299819946,-0.4080576737786949
UBFC_PHYS_s04_T3_test,80,228,87.6,-1.374548077583313,-0.5265003746769701
UBFC_PHYS_s04_T3_test,80,229,87.63333333333334,-1.4322750568389893,-0.6103679578405035
UBFC_PHYS_s04_T3_test,80,230,87.66666666666667,-1.3464056253433228,-0.6671985367548814
UBFC_PHYS_s04_T3_test,80,231,87.7,-1.1237802505493164,-0.7017189055265947
UBFC_PHYS_s04_T3_test,80,232,87.73333333333333,-0.88495934009552,-0.7142644545775948
UBFC_PHYS_s04_T3_test,80,233,87.76666666666667,-0.7633270621299744,-0.7021871930956564
UBFC_PHYS_s04_T3_test,80,234,87.8,-0.774348258972168,-0.6634747815583102
UBFC_PHYS_s04_T3_test,80,235,87.83333333333333,-0.8384677767753601,-0.6000309235903339
UBFC_PHYS_s04_T3_test,80,236,87.86666666666666,-0.8595941066741943,-0.5183041613227365
UBFC_PHYS_s04_T3_test,80,237,87.9,-0.7665720582008362,-0.42690393105323154
UBFC_PHYS_s04_T3_test,80,238,87.93333333333334,-0.5668367743492126,-0.3329821573968903
UBFC_PHYS_s04_T3_test,80,239,87.96666666666667,-0.34398725628852844,-0.23995702753176304
UBFC_PHYS_s04_T3_test,81,0,81.0,0.2521977722644806,0.0979372949025822
UBFC_PHYS_s04_T3_test,81,1,81.03333333333333,0.2725445032119751,-0.10964520932203678
UBFC_PHYS_s04_T3_test,81,2,81.06666666666666,0.3927929997444153,-0.2739505618869898
UBFC_PHYS_s04_T3_test,81,3,81.1,0.4782337546348572,-0.3588823950136354
UBFC_PHYS_s04_T3_test,81,4,81.13333333333334,0.34270569682121277,-0.34302357666483274
UBFC_PHYS_s04_T3_test,81,5,81.16666666666667,0.03869334235787392,-0.22397471472123723
UBFC_PHYS_s04_T3_test,81,6,81.2,-0.10670599341392517,-0.018966973302942326
UBFC_PHYS_s04_T3_test,81,7,81.23333333333333,0.12925975024700165,0.23857538847976176
UBFC_PHYS_s04_T3_test,81,8,81.26666666666667,0.6067749261856079,0.5058620142149127
UBFC_PHYS_s04_T3_test,81,9,81.3,1.0337642431259155,0.7394538183760264
UBFC_PHYS_s04_T3_test,81,10,81.33333333333333,1.2537975311279297,0.9037242668878915
UBFC_PHYS_s04_T3_test,81,11,81.36666666666666,1.2356140613555908,0.976860484494433
UBFC_PHYS_s04_T3_test,81,12,81.4,1.010669469833374,0.9529918666211857
UBFC_PHYS_s04_T3_test,81,13,81.43333333333334,0.6418164968490601,0.8403038915912032
UBFC_PHYS_s04_T3_test,81,14,81.46666666666667,0.17772944271564484,0.6561757489387392
UBFC_PHYS_s04_T3_test,81,15,81.5,-0.371652215719223,0.42119010172737487
UBFC_PHYS_s04_T3_test,81,16,81.53333333333333,-1.0055196285247803,0.15414899938665388
UBFC_PHYS_s04_T3_test,81,17,81.56666666666666,-1.6715539693832397,-0.1302134753237137
UBFC_PHYS_s04_T3_test,81,18,81.6,-2.245306968688965,-0.4202774792794789
UBFC_PHYS_s04_T3_test,81,19,81.63333333333334,-2.55820631980896,-0.704142893388197
UBFC_PHYS_s04_T3_test,81,20,81.66666666666667,-2.495100259780884,-0.9655477260440504
UBFC_PHYS_s04_T3_test,81,21,81.7,-2.079375743865967,-1.18115511637104
UBFC_PHYS_s04_T3_test,81,22,81.73333333333333,-1.4769638776779175,-1.320924131032428
UBFC_PHYS_s04_T3_test,81,23,81.76666666666667,-0.9547209739685059,-1.3524468224537152
UBFC_PHYS_s04_T3_test,81,24,81.8,-0.7147696614265442,-1.2489587868225835
UBFC_PHYS_s04_T3_test,81,25,81.83333333333333,-0.6735402345657349,-0.9992784858055412
UBFC_PHYS_s04_T3_test,81,26,81.86666666666666,-0.5874661207199097,-0.6164953046282781
UBFC_PHYS_s04_T3_test,81,27,81.9,-0.30830249190330505,-0.14154552430585532
UBFC_PHYS_s04_T3_test,81,28,81.93333333333334,0.1973843276500702,0.3613209704147037
UBFC_PHYS_s04_T3_test,81,29,81.96666666666667,0.8875366449356079,0.8174437173890002
UBFC_PHYS_s04_T3_test,81,30,82.0,1.5908149480819702,1.159452812676225
UBFC_PHYS_s04_T3_test,81,31,82.03333333333333,2.090304136276245,1.3434176930613437
UBFC_PHYS_s04_T3_test,81,32,82.06666666666666,2.3729660511016846,1.3572955091805792
UBFC_PHYS_s04_T3_test,81,33,82.1,2.595640182495117,1.2188201146983635
UBFC_PHYS_s04_T3_test,81,34,82.13333333333334,2.7949271202087402,0.9647500663267802
UBFC_PHYS_s04_T3_test,81,35,82.16666666666667,2.779608726501465,0.6370309733383219
UBFC_PHYS_s04_T3_test,81,36,82.2,2.4588842391967773,0.2719797073269001
UBFC_PHYS_s04_T3_test,81,37,82.23333333333333,2.0260677337646484,-0.10371706589228956
UBFC_PHYS_s04_T3_test,81,38,82.26666666666667,1.6253011226654053,-0.4700286134566027
UBFC_PHYS_s04_T3_test,81,39,82.3,1.1858386993408203,-0.8067416214924473
UBFC_PHYS_s04_T3_test,81,40,82.33333333333333,0.706150472164154,-1.0874799303824887
UBFC_PHYS_s04_T3_test,81,41,82.36666666666666,0.24764703214168549,-1.2786522357042818
UBFC_PHYS_s04_T3_test,81,42,82.4,-0.24395883083343506,-1.3448559651318914
UBFC_PHYS_s04_T3_test,81,43,82.43333333333334,-0.7983005046844482,-1.2591980602699306
UBFC_PHYS_s04_T3_test,81,44,82.46666666666667,-1.293394923210144,-1.0147678232436952
UBFC_PHYS_s04_T3_test,81,45,82.5,-1.653701901435852,-0.632561190853621
UBFC_PHYS_s04_T3_test,81,46,82.53333333333333,-2.00075626373291,-0.1616723176936148
UBFC_PHYS_s04_T3_test,81,47,82.56666666666666,-2.3947696685791016,0.3299508433212032
UBFC_PHYS_s04_T3_test,81,48,82.6,-2.5607399940490723,0.7717966596374268
UBFC_PHYS_s04_T3_test,81,49,82.63333333333334,-2.1307005882263184,1.1082204609206112
UBFC_PHYS_s04_T3_test,81,50,82.66666666666667,-1.0430558919906616,1.3103832807353506
UBFC_PHYS_s04_T3_test,81,51,82.7,0.4387388527393341,1.3784485433854923
UBFC_PHYS_s04_T3_test,81,52,82.73333333333333,1.835960030555725,1.334029899816287
UBFC_PHYS_s04_T3_test,81,53,82.76666666666667,2.5615339279174805,1.2069653062401058
UBFC_PHYS_s04_T3_test,81,54,82.8,2.445553779602051,1.0225251073376391
UBFC_PHYS_s04_T3_test,81,55,82.83333333333333,2.0781428813934326,0.7942456463433112
UBFC_PHYS_s04_T3_test,81,56,82.86666666666666,2.1135644912719727,0.524302473640435
UBFC_PHYS_s04_T3_test,81,57,82.9,2.484668493270874,0.20981712818024015
UBFC_PHYS_s04_T3_test,81,58,82.93333333333334,2.692793846130371,-0.14837947162920803
UBFC_PHYS_s04_T3_test,81,59,82.96666666666667,2.646390199661255,-0.5381632654408718
UBFC_PHYS_s04_T3_test,81,60,83.0,2.6303699016571045,-0.932516885820253
UBFC_PHYS_s04_T3_test,81,61,83.03333333333333,2.720848560333252,-1.2911267837760627
UBFC_PHYS_s04_T3_test,81,62,83.06666666666666,2.7771236896514893,-1.5664065598508286
UBFC_PHYS_s04_T3_test,81,63,83.1,2.662644147872925,-1.7119287973136972
UBFC_PHYS_s04_T3_test,81,64,83.13333333333334,2.2102115154266357,-1.6914153058197914
UBFC_PHYS_s04_T3_test,81,65,83.16666666666667,1.4060571193695068,-1.4871731973915334
UBFC_PHYS_s04_T3_test,81,66,83.2,0.5082569122314453,-1.1069807873631292
UBFC_PHYS_s04_T3_test,81,67,83.23333333333333,-0.25799107551574707,-0.5876740605110977
UBFC_PHYS_s04_T3_test,81,68,83.26666666666667,-0.872281551361084,0.007095021135502396
UBFC_PHYS_s04_T3_test,81,69,83.3,-1.336777925491333,0.5966722566457752
UBFC_PHYS_s04_T3_test,81,70,83.33333333333333,-1.5837843418121338,1.0995508991005472
UBFC_PHYS_s04_T3_test,81,71,83.36666666666666,-1.587409257888794,1.4511452899352575
UBFC_PHYS_s04_T3_test,81,72,83.4,-1.4113534688949585,1.6169274327545393
UBFC_PHYS_s04_T3_test,81,73,83.43333333333334,-1.160751223564148,1.5962428372185646
UBFC_PHYS_s04_T3_test,81,74,83.46666666666667,-0.919055700302124,1.4162140647271677
UBFC_PHYS_s04_T3_test,81,75,83.5,-0.733128547668457,1.119343654136362
UBFC_PHYS_s04_T3_test,81,76,83.53333333333333,-0.6498315930366516,0.7503842322716926
UBFC_PHYS_s04_T3_test,81,77,83.56666666666666,-0.6495100259780884,0.34723770364884937
UBFC_PHYS_s04_T3_test,81,78,83.6,-0.625343382358551,-0.06196492651696901
UBFC_PHYS_s04_T3_test,81,79,83.63333333333334,-0.5498518943786621,-0.4562766095413318
UBFC_PHYS_s04_T3_test,81,80,83.66666666666667,-0.5421828627586365,-0.8163205489963936
UBFC_PHYS_s04_T3_test,81,81,83.7,-0.6603070497512817,-1.1188085055526502
UBFC_PHYS_s04_T3_test,81,82,83.73333333333333,-0.8165034055709839,-1.3341989244360821
UBFC_PHYS_s04_T3_test,81,83,83.76666666666667,-0.9649040699005127,-1.4294268742961231
UBFC_PHYS_s04_T3_test,81,84,83.8,-1.1665785312652588,-1.3756730201652063
UBFC_PHYS_s04_T3_test,81,85,83.83333333333333,-1.4424387216567993,-1.1590171926031267
UBFC_PHYS_s04_T3_test,81,86,83.86666666666666,-1.7287646532058716,-0.7903446186269004
UBFC_PHYS_s04_T3_test,81,87,83.9,-1.9418013095855713,-0.31026091504365577
UBFC_PHYS_s04_T3_test,81,88,83.93333333333334,-2.0430185794830322,0.21464535658900136
UBFC_PHYS_s04_T3_test,81,89,83.96666666666667,-2.0278170108795166,0.7051160149124435
UBFC_PHYS_s04_T3_test,81,90,84.0,-1.8403599262237549,1.0884265721552222
UBFC_PHYS_s04_T3_test,81,91,84.03333333333333,-1.429585576057434,1.3162939885065539
UBFC_PHYS_s04_T3_test,81,92,84.06666666666666,-0.9308272004127502,1.3746512316332116
UBFC_PHYS_s04_T3_test,81,93,84.1,-0.4872720241546631,1.2821951887198493
UBFC_PHYS_s04_T3_test,81,94,84.13333333333334,-0.05376351997256279,1.0794028161828428
UBFC_PHYS_s04_T3_test,81,95,84.16666666666667,0.4276007413864136,0.8132024065687076
UBFC_PHYS_s04_T3_test,81,96,84.2,0.8395054340362549,0.5233194459532072
UBFC_PHYS_s04_T3_test,81,97,84.23333333333333,1.0350213050842285,0.2346926125253145
UBFC_PHYS_s04_T3_test,81,98,84.26666666666667,1.0130666494369507,-0.04258888363121788
UBFC_PHYS_s04_T3_test,81,99,84.3,0.8956051468849182,-0.30741598644659657
UBFC_PHYS_s04_T3_test,81,100,84.33333333333333,0.8266912698745728,-0.5594831924617963
UBFC_PHYS_s04_T3_test,81,101,84.36666666666666,0.9246830940246582,-0.7926082728867949
UBFC_PHYS_s04_T3_test,81,102,84.4,1.2328174114227295,-0.9917526847897528
UBFC_PHYS_s04_T3_test,81,103,84.43333333333334,1.6904340982437134,-1.1339711661487832
UBFC_PHYS_s04_T3_test,81,104,84.46666666666667,2.1519291400909424,-1.1924835573492227
UBFC_PHYS_s04_T3_test,81,105,84.5,2.42427134513855,-1.1428858349080087
UBFC_PHYS_s04_T3_test,81,106,84.53333333333333,2.405386447906494,-0.9704547228206297
UBFC_PHYS_s04_T3_test,81,107,84.56666666666666,2.2020163536071777,-0.6771334420084029
UBFC_PHYS_s04_T3_test,81,108,84.6,1.8585383892059326,-0.2862175170883659
UBFC_PHYS_s04_T3_test,81,109,84.63333333333334,1.2324957847595215,0.15744735716309965
UBFC_PHYS_s04_T3_test,81,110,84.66666666666667,0.2812367081642151,0.5932048555362236
UBFC_PHYS_s04_T3_test,81,111,84.7,-0.7418694496154785,0.9559256184317645
UBFC_PHYS_s04_T3_test,81,112,84.73333333333333,-1.433454155921936,1.190294853647858
UBFC_PHYS_s04_T3_test,81,113,84.76666666666667,-1.509871482849121,1.2636725973552967
UBFC_PHYS_s04_T3_test,81,114,84.8,-1.1498860120773315,1.173083630570396
UBFC_PHYS_s04_T3_test,81,115,84.83333333333333,-0.8374933004379272,0.9439109754395386
UBFC_PHYS_s04_T3_test,81,116,84.86666666666666,-0.7544205188751221,0.6212514208436444
UBFC_PHYS_s04_T3_test,81,117,84.9,-0.760111391544342,0.2576901847861514
UBFC_PHYS_s04_T3_test,81,118,84.93333333333334,-0.8548192381858826,-0.09812082900709024
UBFC_PHYS_s04_T3_test,81,119,84.96666666666667,-1.1371498107910156,-0.40898211468873324
UBFC_PHYS_s04_T3_test,81,120,85.0,-1.4782989025115967,-0.6516762568205314
UBFC_PHYS_s04_T3_test,81,121,85.03333333333333,-1.7007489204406738,-0.8152372005267297
UBFC_PHYS_s04_T3_test,81,122,85.06666666666666,-1.8423088788986206,-0.8968190460074729
UBFC_PHYS_s04_T3_test,81,123,85.1,-1.9359545707702637,-0.8973735901515224
UBFC_PHYS_s04_T3_test,81,124,85.13333333333334,-1.8970930576324463,-0.8190321521072943
UBFC_PHYS_s04_T3_test,81,125,85.16666666666667,-1.730830430984497,-0.6652433798679253
UBFC_PHYS_s04_T3_test,81,126,85.2,-1.5858209133148193,-0.44350484737295076
UBFC_PHYS_s04_T3_test,81,127,85.23333333333333,-1.5282011032104492,-0.16919179500866938
UBFC_PHYS_s04_T3_test,81,128,85.26666666666667,-1.4855294227600098,0.1319827609946051
UBFC_PHYS_s04_T3_test,81,129,85.3,-1.435091257095337,0.42519010378606303
UBFC_PHYS_s04_T3_test,81,130,85.33333333333333,-1.3894767761230469,0.672093065971243
UBFC_PHYS_s04_T3_test,81,131,85.36666666666666,-1.2595031261444092,0.8391479795448931
UBFC_PHYS_s04_T3_test,81,132,85.4,-0.9797743558883667,0.9051214915052158
UBFC_PHYS_s04_T3_test,81,133,85.43333333333334,-0.6745244264602661,0.86466054632988
UBFC_PHYS_s04_T3_test,81,134,85.46666666666667,-0.5134168267250061,0.7272721614392853
UBFC_PHYS_s04_T3_test,81,135,85.5,-0.4336279332637787,0.5134567685311808
UBFC_PHYS_s04_T3_test,81,136,85.53333333333333,-0.145879328250885,0.2500118120728958
UBFC_PHYS_s04_T3_test,81,137,85.56666666666666,0.43587392568588257,-0.034356254727052865
UBFC_PHYS_s04_T3_test,81,138,85.6,1.0486443042755127,-0.312368239463205
UBFC_PHYS_s04_T3_test,81,139,85.63333333333334,1.4567192792892456,-0.559818606160766
UBFC_PHYS_s04_T3_test,81,140,85.66666666666667,1.710381269454956,-0.7555020006317421
UBFC_PHYS_s04_T3_test,81,141,85.7,1.9095805883407593,-0.8803692344844157
UBFC_PHYS_s04_T3_test,81,142,85.73333333333333,2.0209615230560303,-0.9175224303096855
UBFC_PHYS_s04_T3_test,81,143,85.76666666666667,2.036426305770874,-0.854374557989498
UBFC_PHYS_s04_T3_test,81,144,85.8,2.0177457332611084,-0.6869681144666405
UBFC_PHYS_s04_T3_test,81,145,85.83333333333333,1.9413772821426392,-0.42478082168862186
UBFC_PHYS_s04_T3_test,81,146,85.86666666666666,1.7720744609832764,-0.09336295726991567
UBFC_PHYS_s04_T3_test,81,147,85.9,1.586575984954834,0.2674492521306041
UBFC_PHYS_s04_T3_test,81,148,85.93333333333334,1.4040594100952148,0.6101973094082465
UBFC_PHYS_s04_T3_test,81,149,85.96666666666667,1.0881391763687134,0.8894032925590342
UBFC_PHYS_s04_T3_test,81,150,86.0,0.6138202548027039,1.0704865825643246
UBFC_PHYS_s04_T3_test,81,151,86.03333333333333,0.17053791880607605,1.1346089137012356
UBFC_PHYS_s04_T3_test,81,152,86.06666666666666,-0.1412408947944641,1.0783635826879419
UBFC_PHYS_s04_T3_test,81,153,86.1,-0.34209680557250977,0.9099739214769678
UBFC_PHYS_s04_T3_test,81,154,86.13333333333334,-0.3732990324497223,0.6450220510965073
UBFC_PHYS_s04_T3_test,81,155,86.16666666666667,-0.20604254305362701,0.3042118759802782
UBFC_PHYS_s04_T3_test,81,156,86.2,-9.020622383104637e-05,-0.08612753241157743
UBFC_PHYS_s04_T3_test,81,157,86.23333333333333,0.08345033973455429,-0.4921582648631357
UBFC_PHYS_s04_T3_test,81,158,86.26666666666667,0.07478737831115723,-0.8718951528742693
UBFC_PHYS_s04_T3_test,81,159,86.3,0.06422422081232071,-1.1781386120178352
UBFC_PHYS_s04_T3_test,81,160,86.33333333333333,0.01827838458120823,-1.3655043924829282
UBFC_PHYS_s04_T3_test,81,161,86.36666666666666,-0.1351505070924759,-1.3999230945148986
UBFC_PHYS_s04_T3_test,81,162,86.4,-0.36913809180259705,-1.2677099517870087
UBFC_PHYS_s04_T3_test,81,163,86.43333333333334,-0.5987990498542786,-0.9812228568605025
UBFC_PHYS_s04_T3_test,81,164,86.46666666666667,-0.7903878688812256,-0.5789487648620124
UBFC_PHYS_s04_T3_test,81,165,86.5,-0.9251947999000549,-0.1192123220726702
UBFC_PHYS_s04_T3_test,81,166,86.53333333333333,-0.9197086095809937,0.3316451191147698
UBFC_PHYS_s04_T3_test,81,167,86.56666666666666,-0.7433896064758301,0.713811981661613
UBFC_PHYS_s04_T3_test,81,168,86.6,-0.49458047747612,0.9867239106581791
UBFC_PHYS_s04_T3_test,81,169,86.63333333333334,-0.28039392828941345,1.1353644316604452
UBFC_PHYS_s04_T3_test,81,170,86.66666666666667,-0.15751439332962036,1.1680597000533244
UBFC_PHYS_s04_T3_test,81,171,86.7,-0.210807666182518,1.1072942669034513
UBFC_PHYS_s04_T3_test,81,172,86.73333333333333,-0.4304511845111847,0.9777303141328381
UBFC_PHYS_s04_T3_test,81,173,86.76666666666667,-0.562276303768158,0.7963578805470839
UBFC_PHYS_s04_T3_test,81,174,86.8,-0.4363759160041809,0.5685708758752225
UBFC_PHYS_s04_T3_test,81,175,86.83333333333333,-0.24984458088874817,0.29151856072543253
UBFC_PHYS_s04_T3_test,81,176,86.86666666666666,-0.18167127668857574,-0.03680444869296853
UBFC_PHYS_s04_T3_test,81,177,86.9,-0.128923699259758,-0.40665401886307534
UBFC_PHYS_s04_T3_test,81,178,86.93333333333334,0.004294868558645248,-0.7888001042759385
UBFC_PHYS_s04_T3_test,81,179,86.96666666666667,0.14230778813362122,-1.1341270718482703
UBFC_PHYS_s04_T3_test,81,180,87.0,0.2434276044368744,-1.3821298500754857
UBFC_PHYS_s04_T3_test,81,181,87.03333333333333,0.3206633925437927,-1.4763606479036204
UBFC_PHYS_s04_T3_test,81,182,87.06666666666666,0.30197322368621826,-1.3818409942035597
UBFC_PHYS_s04_T3_test,81,183,87.1,0.1586495041847229,-1.098177621710786
UBFC_PHYS_s04_T3_test,81,184,87.13333333333334,0.013630205765366554,-0.6632732636093437
UBFC_PHYS_s04_T3_test,81,185,87.16666666666667,-0.04018927738070488,-0.1456899344476961
UBFC_PHYS_s04_T3_test,81,186,87.2,-0.039380475878715515,0.3722640355111033
UBFC_PHYS_s04_T3_test,81,187,87.23333333333333,-0.035073358565568924,0.8152154617681729
UBFC_PHYS_s04_T3_test,81,188,87.26666666666667,-0.048764534294605255,1.1321414141366166
UBFC_PHYS_s04_T3_test,81,189,87.3,-0.09565560519695282,1.304733956242679
UBFC_PHYS_s04_T3_test,81,190,87.33333333333333,-0.15264208614826202,1.3446967642400667
UBFC_PHYS_s04_T3_test,81,191,87.36666666666666,-0.19655129313468933,1.2824547157989672
UBFC_PHYS_s04_T3_test,81,192,87.4,-0.2719648480415344,1.152816358177234
UBFC_PHYS_s04_T3_test,81,193,87.43333333333334,-0.42828789353370667,0.9834362188826434
UBFC_PHYS_s04_T3_test,81,194,87.46666666666667,-0.6367153525352478,0.7895734105762254
UBFC_PHYS_s04_T3_test,81,195,87.5,-0.8440709114074707,0.5752442284809455
UBFC_PHYS_s04_T3_test,81,196,87.53333333333333,-1.0416624546051025,0.33832101020300404
UBFC_PHYS_s04_T3_test,81,197,87.56666666666666,-1.2284666299819946,0.07637933105805979
UBFC_PHYS_s04_T3_test,81,198,87.6,-1.374548077583313,-0.20901641717105696
UBFC_PHYS_s04_T3_test,81,199,87.63333333333334,-1.4322750568389893,-0.5103806204566634
UBFC_PHYS_s04_T3_test,81,200,87.66666666666667,-1.3464056253433228,-0.814369717031883
UBFC_PHYS_s04_T3_test,81,201,87.7,-1.1237802505493164,-1.1029172402396046
UBFC_PHYS_s04_T3_test,81,202,87.73333333333333,-0.88495934009552,-1.3544217657725148
UBFC_PHYS_s04_T3_test,81,203,87.76666666666667,-0.7633270621299744,-1.5444831550656517
UBFC_PHYS_s04_T3_test,81,204,87.8,-0.774348258972168,-1.6467100847728244
UBFC_PHYS_s04_T3_test,81,205,87.83333333333333,-0.8384677767753601,-1.6349076201090256
UBFC_PHYS_s04_T3_test,81,206,87.86666666666666,-0.8595941066741943,-1.4877492841746875
UBFC_PHYS_s04_T3_test,81,207,87.9,-0.7665720582008362,-1.1957915031717126
UBFC_PHYS_s04_T3_test,81,208,87.93333333333334,-0.5668367743492126,-0.7689570422145677
UBFC_PHYS_s04_T3_test,81,209,87.96666666666667,-0.34398725628852844,-0.24126670189298294
UBFC_PHYS_s04_T3_test,81,210,88.0,-0.16540752351284027,0.33045104863954555
UBFC_PHYS_s04_T3_test,81,211,88.03333333333333,-0.0517951101064682,0.875274923246176
UBFC_PHYS_s04_T3_test,81,212,88.06666666666666,-0.023496760055422783,1.3224358667512093
UBFC_PHYS_s04_T3_test,81,213,88.1,-0.08264654874801636,1.6165085700156143
UBFC_PHYS_s04_T3_test,81,214,88.13333333333334,-0.1737878918647766,1.728643561042837
UBFC_PHYS_s04_T3_test,81,215,88.16666666666667,-0.24901628494262695,1.6607125090706003
UBFC_PHYS_s04_T3_test,81,216,88.2,-0.29865533113479614,1.4418325212480632
UBFC_PHYS_s04_T3_test,81,217,88.23333333333333,-0.3066848814487457,1.1191434063854695
UBFC_PHYS_s04_T3_test,81,218,88.26666666666667,-0.27917584776878357,0.7462343178554306
UBFC_PHYS_s04_T3_test,81,219,88.3,-0.271146297454834,0.37272015696514893
UBFC_PHYS_s04_T3_test,81,220,88.33333333333333,-0.3078737258911133,0.037214057072803335
UBFC_PHYS_s04_T3_test,81,221,88.36666666666666,-0.3648602068424225,-0.235742650932468
UBFC_PHYS_s04_T3_test,81,222,88.4,-0.4017338156700134,-0.4353872606603043
UBFC_PHYS_s04_T3_test,81,223,88.43333333333334,-0.35158804059028625,-0.5621011518328413
UBFC_PHYS_s04_T3_test,81,224,88.46666666666667,-0.15580908954143524,-0.6234802613494309
UBFC_PHYS_s04_T3_test,81,225,88.5,0.1533874124288559,-0.6301881759352143
UBFC_PHYS_s04_T3_test,81,226,88.53333333333333,0.4736245572566986,-0.5927826678694929
UBFC_PHYS_s04_T3_test,81,227,88.56666666666666,0.6892825365066528,-0.520404442908981
UBFC_PHYS_s04_T3_test,81,228,88.6,0.6840399503707886,-0.4212435753605808
UBFC_PHYS_s04_T3_test,81,229,88.63333333333334,0.45806241035461426,-0.30377471322343175
UBFC_PHYS_s04_T3_test,81,230,88.66666666666667,0.2311006784439087,-0.17763757739952615
UBFC_PHYS_s04_T3_test,81,231,88.7,0.2268812656402588,-0.05357470402991467
UBFC_PHYS_s04_T3_test,81,232,88.73333333333333,0.3980453610420227,0.05752768344816001
UBFC_PHYS_s04_T3_test,81,233,88.76666666666667,0.5498273968696594,0.1459953883121362
UBFC_PHYS_s04_T3_test,81,234,88.8,0.5942335724830627,0.20447200261095033
UBFC_PHYS_s04_T3_test,81,235,88.83333333333333,0.48889434337615967,0.22845359631144638
UBFC_PHYS_s04_T3_test,81,236,88.86666666666666,0.17195089161396027,0.2165507247630372
UBFC_PHYS_s04_T3_test,81,237,88.9,-0.2945041358470917,0.17092420823207405
UBFC_PHYS_s04_T3_test,81,238,88.93333333333334,-0.7731204032897949,0.0976929465875661
UBFC_PHYS_s04_T3_test,81,239,88.96666666666667,-1.2194528579711914,0.0066283023188471275
UBFC_PHYS_s04_T3_test,82,0,82.0,1.5908149480819702,-0.15469338599598204
UBFC_PHYS_s04_T3_test,82,1,82.03333333333333,2.090304136276245,-0.3410937802308416
UBFC_PHYS_s04_T3_test,82,2,82.06666666666666,2.3729660511016846,-0.5187105293823954
UBFC_PHYS_s04_T3_test,82,3,82.1,2.595640182495117,-0.6835253635783562
UBFC_PHYS_s04_T3_test,82,4,82.13333333333334,2.7949271202087402,-0.8340513055242365
UBFC_PHYS_s04_T3_test,82,5,82.16666666666667,2.779608726501465,-0.9712631853248649
UBFC_PHYS_s04_T3_test,82,6,82.2,2.4588842391967773,-1.0966638013910106
UBFC_PHYS_s04_T3_test,82,7,82.23333333333333,2.0260677337646484,-1.2086564682204146
UBFC_PHYS_s04_T3_test,82,8,82.26666666666667,1.6253011226654053,-1.2984615461715936
UBFC_PHYS_s04_T3_test,82,9,82.3,1.1858386993408203,-1.3476096848114771
UBFC_PHYS_s04_T3_test,82,10,82.33333333333333,0.706150472164154,-1.329157842092557
UBFC_PHYS_s04_T3_test,82,11,82.36666666666666,0.24764703214168549,-1.213763510232337
UBFC_PHYS_s04_T3_test,82,12,82.4,-0.24395883083343506,-0.9796671401103915
UBFC_PHYS_s04_T3_test,82,13,82.43333333333334,-0.7983005046844482,-0.6234008514712019
UBFC_PHYS_s04_T3_test,82,14,82.46666666666667,-1.293394923210144,-0.16688424942317814
UBFC_PHYS_s04_T3_test,82,15,82.5,-1.653701901435852,0.34273308364800925
UBFC_PHYS_s04_T3_test,82,16,82.53333333333333,-2.00075626373291,0.8416091590827854
UBFC_PHYS_s04_T3_test,82,17,82.56666666666666,-2.3947696685791016,1.2639477268698562
UBFC_PHYS_s04_T3_test,82,18,82.6,-2.5607399940490723,1.5581046051862715
UBFC_PHYS_s04_T3_test,82,19,82.63333333333334,-2.1307005882263184,1.6984032343087052
UBFC_PHYS_s04_T3_test,82,20,82.66666666666667,-1.0430558919906616,1.6884922191243465
UBFC_PHYS_s04_T3_test,82,21,82.7,0.4387388527393341,1.5554388441311662
UBFC_PHYS_s04_T3_test,82,22,82.73333333333333,1.835960030555725,1.33761720785819
UBFC_PHYS_s04_T3_test,82,23,82.76666666666667,2.5615339279174805,1.07183071477949
UBFC_PHYS_s04_T3_test,82,24,82.8,2.445553779602051,0.7846903709567706
UBFC_PHYS_s04_T3_test,82,25,82.83333333333333,2.0781428813934326,0.49051144792198986
UBFC_PHYS_s04_T3_test,82,26,82.86666666666666,2.1135644912719727,0.1945862705833371
UBFC_PHYS_s04_T3_test,82,27,82.9,2.484668493270874,-0.10135752212509637
UBFC_PHYS_s04_T3_test,82,28,82.93333333333334,2.692793846130371,-0.3944246325733487
UBFC_PHYS_s04_T3_test,82,29,82.96666666666667,2.646390199661255,-0.6778457120180738
UBFC_PHYS_s04_T3_test,82,30,83.0,2.6303699016571045,-0.9401971761159713
UBFC_PHYS_s04_T3_test,82,31,83.03333333333333,2.720848560333252,-1.1657923779400814
UBFC_PHYS_s04_T3_test,82,32,83.06666666666666,2.7771236896514893,-1.3354880423449969
UBFC_PHYS_s04_T3_test,82,33,83.1,2.662644147872925,-1.427728828127926
UBFC_PHYS_s04_T3_test,82,34,83.13333333333334,2.2102115154266357,-1.4205032428832458
UBFC_PHYS_s04_T3_test,82,35,83.16666666666667,1.4060571193695068,-1.2952712835077305
UBFC_PHYS_s04_T3_test,82,36,83.2,0.5082569122314453,-1.043241757577115
UBFC_PHYS_s04_T3_test,82,37,83.23333333333333,-0.25799107551574707,-0.6726831684580388
UBFC_PHYS_s04_T3_test,82,38,83.26666666666667,-0.872281551361084,-0.21410900512188893
UBFC_PHYS_s04_T3_test,82,39,83.3,-1.336777925491333,0.28032795805322197
UBFC_PHYS_s04_T3_test,82,40,83.33333333333333,-1.5837843418121338,0.7451189979921568
UBFC_PHYS_s04_T3_test,82,41,83.36666666666666,-1.587409257888794,1.115801283314049
UBFC_PHYS_s04_T3_test,82,42,83.4,-1.4113534688949585,1.3445854620810682
UBFC_PHYS_s04_T3_test,82,43,83.43333333333334,-1.160751223564148,1.4111938315872592
UBFC_PHYS_s04_T3_test,82,44,83.46666666666667,-0.919055700302124,1.3249295226403686
UBFC_PHYS_s04_T3_test,82,45,83.5,-0.733128547668457,1.1178714419599995
UBFC_PHYS_s04_T3_test,82,46,83.53333333333333,-0.6498315930366516,0.8325979264640725
UBFC_PHYS_s04_T3_test,82,47,83.56666666666666,-0.6495100259780884,0.5095346056453596
UBFC_PHYS_s04_T3_test,82,48,83.6,-0.625343382358551,0.17848299546073212
UBFC_PHYS_s04_T3_test,82,49,83.63333333333334,-0.5498518943786621,-0.1433328274651024
UBFC_PHYS_s04_T3_test,82,50,83.66666666666667,-0.5421828627586365,-0.44718196014894884
UBFC_PHYS_s04_T3_test,82,51,83.7,-0.6603070497512817,-0.7255125381074093
UBFC_PHYS_s04_T3_test,82,52,83.73333333333333,-0.8165034055709839,-0.9652656133910937
UBFC_PHYS_s04_T3_test,82,53,83.76666666666667,-0.9649040699005127,-1.1451660199044609
UBFC_PHYS_s04_T3_test,82,54,83.8,-1.1665785312652588,-1.238539324228318
UBFC_PHYS_s04_T3_test,82,55,83.83333333333333,-1.4424387216567993,-1.2208633718163626
UBFC_PHYS_s04_T3_test,82,56,83.86666666666666,-1.7287646532058716,-1.079264358264316
UBFC_PHYS_s04_T3_test,82,57,83.9,-1.9418013095855713,-0.8201686130136592
UBFC_PHYS_s04_T3_test,82,58,83.93333333333334,-2.0430185794830322,-0.47170223187723087
UBFC_PHYS_s04_T3_test,82,59,83.96666666666667,-2.0278170108795166,-0.07927094533863187
UBFC_PHYS_s04_T3_test,82,60,84.0,-1.8403599262237549,0.30450898648840624
UBFC_PHYS_s04_T3_test,82,61,84.03333333333333,-1.429585576057434,0.6320905220068105
UBFC_PHYS_s04_T3_test,82,62,84.06666666666666,-0.9308272004127502,0.8713879121917334
UBFC_PHYS_s04_T3_test,82,63,84.1,-0.4872720241546631,1.0110628437192857
UBFC_PHYS_s04_T3_test,82,64,84.13333333333334,-0.05376351997256279,1.0592684448384113
UBFC_PHYS_s04_T3_test,82,65,84.16666666666667,0.4276007413864136,1.036647304224294
UBFC_PHYS_s04_T3_test,82,66,84.2,0.8395054340362549,0.9665103060035657
UBFC_PHYS_s04_T3_test,82,67,84.23333333333333,1.0350213050842285,0.8662122039845737
UBFC_PHYS_s04_T3_test,82,68,84.26666666666667,1.0130666494369507,0.7430902256209388
UBFC_PHYS_s04_T3_test,82,69,84.3,0.8956051468849182,0.5961120597466084
UBFC_PHYS_s04_T3_test,82,70,84.33333333333333,0.8266912698745728,0.4215978478109066
UBFC_PHYS_s04_T3_test,82,71,84.36666666666666,0.9246830940246582,0.21959314042670905
UBFC_PHYS_s04_T3_test,82,72,84.4,1.2328174114227295,-0.0023233505819728745
UBFC_PHYS_s04_T3_test,82,73,84.43333333333334,1.6904340982437134,-0.2292846414509565
UBFC_PHYS_s04_T3_test,82,74,84.46666666666667,2.1519291400909424,-0.44285957110059093
UBFC_PHYS_s04_T3_test,82,75,84.5,2.42427134513855,-0.6262319199807553
UBFC_PHYS_s04_T3_test,82,76,84.53333333333333,2.405386447906494,-0.7684438587184181
UBFC_PHYS_s04_T3_test,82,77,84.56666666666666,2.2020163536071777,-0.8659988750583976
UBFC_PHYS_s04_T3_test,82,78,84.6,1.8585383892059326,-0.9214181045896034
UBFC_PHYS_s04_T3_test,82,79,84.63333333333334,1.2324957847595215,-0.9396037276384155
UBFC_PHYS_s04_T3_test,82,80,84.66666666666667,0.2812367081642151,-0.9236012663583993
UBFC_PHYS_s04_T3_test,82,81,84.7,-0.7418694496154785,-0.8715503914163858
UBFC_PHYS_s04_T3_test,82,82,84.73333333333333,-1.433454155921936,-0.7763469115787593
UBFC_PHYS_s04_T3_test,82,83,84.76666666666667,-1.509871482849121,-0.6286210088716092
UBFC_PHYS_s04_T3_test,82,84,84.8,-1.1498860120773315,-0.4221327430193835
UBFC_PHYS_s04_T3_test,82,85,84.83333333333333,-0.8374933004379272,-0.1593630405131163
UBFC_PHYS_s04_T3_test,82,86,84.86666666666666,-0.7544205188751221,0.14519928374271096
UBFC_PHYS_s04_T3_test,82,87,84.9,-0.760111391544342,0.46552783854540253
UBFC_PHYS_s04_T3_test,82,88,84.93333333333334,-0.8548192381858826,0.7679228290747182
UBFC_PHYS_s04_T3_test,82,89,84.96666666666667,-1.1371498107910156,1.0166564278811916
UBFC_PHYS_s04_T3_test,82,90,85.0,-1.4782989025115967,1.179912024232698
UBFC_PHYS_s04_T3_test,82,91,85.03333333333333,-1.7007489204406738,1.2352097939323659
UBFC_PHYS_s04_T3_test,82,92,85.06666666666666,-1.8423088788986206,1.1736721170555702
UBFC_PHYS_s04_T3_test,82,93,85.1,-1.9359545707702637,1.0022416863765522
UBFC_PHYS_s04_T3_test,82,94,85.13333333333334,-1.8970930576324463,0.7429856326837608
UBFC_PHYS_s04_T3_test,82,95,85.16666666666667,-1.730830430984497,0.42921318643723055
UBFC_PHYS_s04_T3_test,82,96,85.2,-1.5858209133148193,0.09913886438212745
UBFC_PHYS_s04_T3_test,82,97,85.23333333333333,-1.5282011032104492,-0.2113381357632188
UBFC_PHYS_s04_T3_test,82,98,85.26666666666667,-1.4855294227600098,-0.47496017769410825
UBFC_PHYS_s04_T3_test,82,99,85.3,-1.435091257095337,-0.6770575399567942
UBFC_PHYS_s04_T3_test,82,100,85.33333333333333,-1.3894767761230469,-0.8161321794941951
UBFC_PHYS_s04_T3_test,82,101,85.36666666666666,-1.2595031261444092,-0.9008213343299885
UBFC_PHYS_s04_T3_test,82,102,85.4,-0.9797743558883667,-0.9439692648381535
UBFC_PHYS_s04_T3_test,82,103,85.43333333333334,-0.6745244264602661,-0.9555290575862854
UBFC_PHYS_s04_T3_test,82,104,85.46666666666667,-0.5134168267250061,-0.9366487299019727
UBFC_PHYS_s04_T3_test,82,105,85.5,-0.4336279332637787,-0.8773216872673797
UBFC_PHYS_s04_T3_test,82,106,85.53333333333333,-0.145879328250885,-0.7592283919361628
UBFC_PHYS_s04_T3_test,82,107,85.56666666666666,0.43587392568588257,-0.5637484057071913
UBFC_PHYS_s04_T3_test,82,108,85.6,1.0486443042755127,-0.28284355269570555
UBFC_PHYS_s04_T3_test,82,109,85.63333333333334,1.4567192792892456,0.07153243986191955
UBFC_PHYS_s04_T3_test,82,110,85.66666666666667,1.710381269454956,0.4643817234550988
UBFC_PHYS_s04_T3_test,82,111,85.7,1.9095805883407593,0.8436454428555187
UBFC_PHYS_s04_T3_test,82,112,85.73333333333333,2.0209615230560303,1.153360493696405
UBFC_PHYS_s04_T3_test,82,113,85.76666666666667,2.036426305770874,1.3483647836723265
UBFC_PHYS_s04_T3_test,82,114,85.8,2.0177457332611084,1.4047134984263514
UBFC_PHYS_s04_T3_test,82,115,85.83333333333333,1.9413772821426392,1.3228027282377923
UBFC_PHYS_s04_T3_test,82,116,85.86666666666666,1.7720744609832764,1.1237744586430156
UBFC_PHYS_s04_T3_test,82,117,85.9,1.586575984954834,0.8420911066905693
UBFC_PHYS_s04_T3_test,82,118,85.93333333333334,1.4040594100952148,0.5173789527250792
UBFC_PHYS_s04_T3_test,82,119,85.96666666666667,1.0881391763687134,0.1874612702713229
UBFC_PHYS_s04_T3_test,82,120,86.0,0.6138202548027039,-0.11677938500501642
UBFC_PHYS_s04_T3_test,82,121,86.03333333333333,0.17053791880607605,-0.3747189673968676
UBFC_PHYS_s04_T3_test,82,122,86.06666666666666,-0.1412408947944641,-0.5774567455270591
UBFC_PHYS_s04_T3_test,82,123,86.1,-0.34209680557250977,-0.7271064690101541
UBFC_PHYS_s04_T3_test,82,124,86.13333333333334,-0.3732990324497223,-0.833629598641753
UBFC_PHYS_s04_T3_test,82,125,86.16666666666667,-0.20604254305362701,-0.9095570285113215
UBFC_PHYS_s04_T3_test,82,126,86.2,-9.020622383104637e-05,-0.9639498717473778
UBFC_PHYS_s04_T3_test,82,127,86.23333333333333,0.08345033973455429,-0.9976206323700281
UBFC_PHYS_s04_T3_test,82,128,86.26666666666667,0.07478737831115723,-1.0014079847281128
UBFC_PHYS_s04_T3_test,82,129,86.3,0.06422422081232071,-0.9583412126376324
UBFC_PHYS_s04_T3_test,82,130,86.33333333333333,0.01827838458120823,-0.849326091459342
UBFC_PHYS_s04_T3_test,82,131,86.36666666666666,-0.1351505070924759,-0.6608222027250397
UBFC_PHYS_s04_T3_test,82,132,86.4,-0.36913809180259705,-0.39211946077139453
UBFC_PHYS_s04_T3_test,82,133,86.43333333333334,-0.5987990498542786,-0.05965414707520273
UBFC_PHYS_s04_T3_test,82,134,86.46666666666667,-0.7903878688812256,0.3034483282743039
UBFC_PHYS_s04_T3_test,82,135,86.5,-0.9251947999000549,0.6530153452926839
UBFC_PHYS_s04_T3_test,82,136,86.53333333333333,-0.9197086095809937,0.9434406174738672
UBFC_PHYS_s04_T3_test,82,137,86.56666666666666,-0.7433896064758301,1.1384885314700148
UBFC_PHYS_s04_T3_test,82,138,86.6,-0.49458047747612,1.219520316055882
UBFC_PHYS_s04_T3_test,82,139,86.63333333333334,-0.28039392828941345,1.187984033975593
UBFC_PHYS_s04_T3_test,82,140,86.66666666666667,-0.15751439332962036,1.0614989158344512
UBFC_PHYS_s04_T3_test,82,141,86.7,-0.210807666182518,0.8657398637861426
UBFC_PHYS_s04_T3_test,82,142,86.73333333333333,-0.4304511845111847,0.6258278200908992
UBFC_PHYS_s04_T3_test,82,143,86.76666666666667,-0.562276303768158,0.36062059559017584
UBFC_PHYS_s04_T3_test,82,144,86.8,-0.4363759160041809,0.08168365958583955
UBFC_PHYS_s04_T3_test,82,145,86.83333333333333,-0.24984458088874817,-0.20342901343422506
UBFC_PHYS_s04_T3_test,82,146,86.86666666666666,-0.18167127668857574,-0.48577543443452265
UBFC_PHYS_s04_T3_test,82,147,86.9,-0.128923699259758,-0.7503928297489698
UBFC_PHYS_s04_T3_test,82,148,86.93333333333334,0.004294868558645248,-0.9746511324269997
UBFC_PHYS_s04_T3_test,82,149,86.96666666666667,0.14230778813362122,-1.1304509884998897
UBFC_PHYS_s04_T3_test,82,150,87.0,0.2434276044368744,-1.1898573533757761
UBFC_PHYS_s04_T3_test,82,151,87.03333333333333,0.3206633925437927,-1.1327446204133509
UBFC_PHYS_s04_T3_test,82,152,87.06666666666666,0.30197322368621826,-0.9542216293095148
UBFC_PHYS_s04_T3_test,82,153,87.1,0.1586495041847229,-0.6692657252169512
UBFC_PHYS_s04_T3_test,82,154,87.13333333333334,0.013630205765366554,-0.31245030422098585
UBFC_PHYS_s04_T3_test,82,155,87.16666666666667,-0.04018927738070488,0.0680431443698458
UBFC_PHYS_s04_T3_test,82,156,87.2,-0.039380475878715515,0.42102958543639496
UBFC_PHYS_s04_T3_test,82,157,87.23333333333333,-0.035073358565568924,0.7044628426823859
UBFC_PHYS_s04_T3_test,82,158,87.26666666666667,-0.048764534294605255,0.8948391322156165
UBFC_PHYS_s04_T3_test,82,159,87.3,-0.09565560519695282,0.9902209078120429
UBFC_PHYS_s04_T3_test,82,160,87.33333333333333,-0.15264208614826202,1.005918206393175
UBFC_PHYS_s04_T3_test,82,161,87.36666666666666,-0.19655129313468933,0.9651439408430824
UBFC_PHYS_s04_T3_test,82,162,87.4,-0.2719648480415344,0.888960517356712
UBFC_PHYS_s04_T3_test,82,163,87.43333333333334,-0.42828789353370667,0.789615352609198
UBFC_PHYS_s04_T3_test,82,164,87.46666666666667,-0.6367153525352478,0.6692199331578373
UBFC_PHYS_s04_T3_test,82,165,87.5,-0.8440709114074707,0.5230933820103744
UBFC_PHYS_s04_T3_test,82,166,87.53333333333333,-1.0416624546051025,0.3454115944344664
UBFC_PHYS_s04_T3_test,82,167,87.56666666666666,-1.2284666299819946,0.13446512201500468
UBFC_PHYS_s04_T3_test,82,168,87.6,-1.374548077583313,-0.10447346189454688
UBFC_PHYS_s04_T3_test,82,169,87.63333333333334,-1.4322750568389893,-0.35935935139580877
UBFC_PHYS_s04_T3_test,82,170,87.66666666666667,-1.3464056253433228,-0.6139406726108672
UBFC_PHYS_s04_T3_test,82,171,87.7,-1.1237802505493164,-0.8510769787989504
UBFC_PHYS_s04_T3_test,82,172,87.73333333333333,-0.88495934009552,-1.0552181735015158
UBFC_PHYS_s04_T3_test,82,173,87.76666666666667,-0.7633270621299744,-1.213162795746858
UBFC_PHYS_s04_T3_test,82,174,87.8,-0.774348258972168,-1.3131837994511881
UBFC_PHYS_s04_T3_test,82,175,87.83333333333333,-0.8384677767753601,-1.343479410915485
UBFC_PHYS_s04_T3_test,82,176,87.86666666666666,-0.8595941066741943,-1.291403310815145
UBFC_PHYS_s04_T3_test,82,177,87.9,-0.7665720582008362,-1.1448248781992918
UBFC_PHYS_s04_T3_test,82,178,87.93333333333334,-0.5668367743492126,-0.8961676806630582
UBFC_PHYS_s04_T3_test,82,179,87.96666666666667,-0.34398725628852844,-0.5482849697985485
UBFC_PHYS_s04_T3_test,82,180,88.0,-0.16540752351284027,-0.11985292592177102
UBFC_PHYS_s04_T3_test,82,181,88.03333333333333,-0.0517951101064682,0.3526874058828839
UBFC_PHYS_s04_T3_test,82,182,88.06666666666666,-0.023496760055422783,0.8187507308637457
UBFC_PHYS_s04_T3_test,82,183,88.1,-0.08264654874801636,1.2227210529748038
UBFC_PHYS_s04_T3_test,82,184,88.13333333333334,-0.1737878918647766,1.5159496545808306
UBFC_PHYS_s04_T3_test,82,185,88.16666666666667,-0.24901628494262695,1.6675255951756192
UBFC_PHYS_s04_T3_test,82,186,88.2,-0.29865533113479614,1.6701479013279017
UBFC_PHYS_s04_T3_test,82,187,88.23333333333333,-0.3066848814487457,1.5394621887638447
UBFC_PHYS_s04_T3_test,82,188,88.26666666666667,-0.27917584776878357,1.3077378860539075
UBFC_PHYS_s04_T3_test,82,189,88.3,-0.271146297454834,1.0146033483911279
UBFC_PHYS_s04_T3_test,82,190,88.33333333333333,-0.3078737258911133,0.6980306168695647
UBFC_PHYS_s04_T3_test,82,191,88.36666666666666,-0.3648602068424225,0.38796062825089056
UBFC_PHYS_s04_T3_test,82,192,88.4,-0.4017338156700134,0.10349116284241588
UBFC_PHYS_s04_T3_test,82,193,88.43333333333334,-0.35158804059028625,-0.1468571498247687
UBFC_PHYS_s04_T3_test,82,194,88.46666666666667,-0.15580908954143524,-0.36307105697146175
UBFC_PHYS_s04_T3_test,82,195,88.5,0.1533874124288559,-0.5510381716936033
UBFC_PHYS_s04_T3_test,82,196,88.53333333333333,0.4736245572566986,-0.7200437818313346
UBFC_PHYS_s04_T3_test,82,197,88.56666666666666,0.6892825365066528,-0.8801766350469293
UBFC_PHYS_s04_T3_test,82,198,88.6,0.6840399503707886,-1.0389568966356681
UBFC_PHYS_s04_T3_test,82,199,88.63333333333334,0.45806241035461426,-1.1968897029501686
UBFC_PHYS_s04_T3_test,82,200,88.66666666666667,0.2311006784439087,-1.3429203714360816
UBFC_PHYS_s04_T3_test,82,201,88.7,0.2268812656402588,-1.452042942298743
UBFC_PHYS_s04_T3_test,82,202,88.73333333333333,0.3980453610420227,-1.487543483548131
UBFC_PHYS_s04_T3_test,82,203,88.76666666666667,0.5498273968696594,-1.4091298789243525
UBFC_PHYS_s04_T3_test,82,204,88.8,0.5942335724830627,-1.1858165745790614
UBFC_PHYS_s04_T3_test,82,205,88.83333333333333,0.48889434337615967,-0.8097852165037935
UBFC_PHYS_s04_T3_test,82,206,88.86666666666666,0.17195089161396027,-0.3057785034271577
UBFC_PHYS_s04_T3_test,82,207,88.9,-0.2945041358470917,0.26888259658278935
UBFC_PHYS_s04_T3_test,82,208,88.93333333333334,-0.7731204032897949,0.8354370201324113
UBFC_PHYS_s04_T3_test,82,209,88.96666666666667,-1.2194528579711914,1.3130333742444493
UBFC_PHYS_s04_T3_test,82,210,89.0,-1.590703010559082,1.6392216621539768
UBFC_PHYS_s04_T3_test,82,211,89.03333333333333,-1.7546755075454712,1.7836753717643206
UBFC_PHYS_s04_T3_test,82,212,89.06666666666666,-1.6838419437408447,1.750671556475438
UBFC_PHYS_s04_T3_test,82,213,89.1,-1.446550965309143,1.571217989159384
UBFC_PHYS_s04_T3_test,82,214,89.13333333333334,-1.0282635688781738,1.289679437978741
UBFC_PHYS_s04_T3_test,82,215,89.16666666666667,-0.39650097489356995,0.9507207076129351
UBFC_PHYS_s04_T3_test,82,216,89.2,0.3136180341243744,0.5906075104309217
UBFC_PHYS_s04_T3_test,82,217,89.23333333333333,0.8861236572265625,0.23397716847082292
UBFC_PHYS_s04_T3_test,82,218,89.26666666666667,1.2371829748153687,-0.10511903281515998
UBFC_PHYS_s04_T3_test,82,219,89.3,1.426550030708313,-0.4199481489076088
UBFC_PHYS_s04_T3_test,82,220,89.33333333333333,1.5066702365875244,-0.7071870869284729
UBFC_PHYS_s04_T3_test,82,221,89.36666666666666,1.494674563407898,-0.9630276318088938
UBFC_PHYS_s04_T3_test,82,222,89.4,1.4246498346328735,-1.1794712163416794
UBFC_PHYS_s04_T3_test,82,223,89.43333333333334,1.313366413116455,-1.3413670210445283
UBFC_PHYS_s04_T3_test,82,224,89.46666666666667,1.1290276050567627,-1.425622140053986
UBFC_PHYS_s04_T3_test,82,225,89.5,0.8772170543670654,-1.40434025194672
UBFC_PHYS_s04_T3_test,82,226,89.53333333333333,0.6466401219367981,-1.2525869742810156
UBFC_PHYS_s04_T3_test,82,227,89.56666666666666,0.47223106026649475,-0.9592518228252155
UBFC_PHYS_s04_T3_test,82,228,89.6,0.29256969690322876,-0.5371494892658636
UBFC_PHYS_s04_T3_test,82,229,89.63333333333334,0.1031636893749237,-0.02747292869038876
UBFC_PHYS_s04_T3_test,82,230,89.66666666666667,-0.012368415482342243,0.5049831535477294
UBFC_PHYS_s04_T3_test,82,231,89.7,-0.04239156097173691,0.9857297574910392
UBFC_PHYS_s04_T3_test,82,232,89.73333333333333,-0.10274967551231384,1.3489431569240964
UBFC_PHYS_s04_T3_test,82,233,89.76666666666667,-0.29000210762023926,1.5530719493305722
UBFC_PHYS_s04_T3_test,82,234,89.8,-0.5264453291893005,1.587932019339131
UBFC_PHYS_s04_T3_test,82,235,89.83333333333333,-0.6056203246116638,1.4716207232456668
UBFC_PHYS_s04_T3_test,82,236,89.86666666666666,-0.409763365983963,1.2396951501953506
UBFC_PHYS_s04_T3_test,82,237,89.9,-0.07434413582086563,0.9316047895685936
UBFC_PHYS_s04_T3_test,82,238,89.93333333333334,0.13474597036838531,0.5798169085421686
UBFC_PHYS_s04_T3_test,82,239,89.96666666666667,0.09489051252603531,0.20559379612370915
UBFC_PHYS_s04_T3_test,83,0,83.0,2.6303699016571045,0.04662703640432933
UBFC_PHYS_s04_T3_test,83,1,83.03333333333333,2.720848560333252,-0.2877881104776277
UBFC_PHYS_s04_T3_test,83,2,83.06666666666666,2.7771236896514893,-0.5713432386803216
UBFC_PHYS_s04_T3_test,83,3,83.1,2.662644147872925,-0.7588187100479844
UBFC_PHYS_s04_T3_test,83,4,83.13333333333334,2.2102115154266357,-0.8167195990834379
UBFC_PHYS_s04_T3_test,83,5,83.16666666666667,1.4060571193695068,-0.7295306853736281
UBFC_PHYS_s04_T3_test,83,6,83.2,0.5082569122314453,-0.5042975375568246
UBFC_PHYS_s04_T3_test,83,7,83.23333333333333,-0.25799107551574707,-0.17153305025726917
UBFC_PHYS_s04_T3_test,83,8,83.26666666666667,-0.872281551361084,0.2191448895380961
UBFC_PHYS_s04_T3_test,83,9,83.3,-1.336777925491333,0.6086701065869637
UBFC_PHYS_s04_T3_test,83,10,83.33333333333333,-1.5837843418121338,0.9409787629542541
UBFC_PHYS_s04_T3_test,83,11,83.36666666666666,-1.587409257888794,1.1740960144816548
UBFC_PHYS_s04_T3_test,83,12,83.4,-1.4113534688949585,1.2863886838023575
UBFC_PHYS_s04_T3_test,83,13,83.43333333333334,-1.160751223564148,1.2767878247342694
UBFC_PHYS_s04_T3_test,83,14,83.46666666666667,-0.919055700302124,1.1600158289668445
UBFC_PHYS_s04_T3_test,83,15,83.5,-0.733128547668457,0.9591874585168144
UBFC_PHYS_s04_T3_test,83,16,83.53333333333333,-0.6498315930366516,0.698456387221457
UBFC_PHYS_s04_T3_test,83,17,83.56666666666666,-0.6495100259780884,0.3978851897183535
UBFC_PHYS_s04_T3_test,83,18,83.6,-0.625343382358551,0.07179331334476223
UBFC_PHYS_s04_T3_test,83,19,83.63333333333334,-0.5498518943786621,-0.2692375208611203
UBFC_PHYS_s04_T3_test,83,20,83.66666666666667,-0.5421828627586365,-0.6136046732421022
UBFC_PHYS_s04_T3_test,83,21,83.7,-0.6603070497512817,-0.9431139898846507
UBFC_PHYS_s04_T3_test,83,22,83.73333333333333,-0.8165034055709839,-1.2293168606330551
UBFC_PHYS_s04_T3_test,83,23,83.76666666666667,-0.9649040699005127,-1.4344712674076
UBFC_PHYS_s04_T3_test,83,24,83.8,-1.1665785312652588,-1.5185788778567904
UBFC_PHYS_s04_T3_test,83,25,83.83333333333333,-1.4424387216567993,-1.4514124277837341
UBFC_PHYS_s04_T3_test,83,26,83.86666666666666,-1.7287646532058716,-1.2254748953377235
UBFC_PHYS_s04_T3_test,83,27,83.9,-1.9418013095855713,-0.864183660234226
UBFC_PHYS_s04_T3_test,83,28,83.93333333333334,-2.0430185794830322,-0.42065172954764746
UBFC_PHYS_s04_T3_test,83,29,83.96666666666667,-2.0278170108795166,0.03395447003042225
UBFC_PHYS_s04_T3_test,83,30,84.0,-1.8403599262237549,0.42895758424420605
UBFC_PHYS_s04_T3_test,83,31,84.03333333333333,-1.429585576057434,0.7129300559146906
UBFC_PHYS_s04_T3_test,83,32,84.06666666666666,-0.9308272004127502,0.8658770852232489
UBFC_PHYS_s04_T3_test,83,33,84.1,-0.4872720241546631,0.9007762322294975
UBFC_PHYS_s04_T3_test,83,34,84.13333333333334,-0.05376351997256279,0.8545521034201354
UBFC_PHYS_s04_T3_test,83,35,84.16666666666667,0.4276007413864136,0.772417558106621
UBFC_PHYS_s04_T3_test,83,36,84.2,0.8395054340362549,0.6916438300846937
UBFC_PHYS_s04_T3_test,83,37,84.23333333333333,1.0350213050842285,0.6305059587685893
UBFC_PHYS_s04_T3_test,83,38,84.26666666666667,1.0130666494369507,0.585647479473296
UBFC_PHYS_s04_T3_test,83,39,84.3,0.8956051468849182,0.5377039620152868
UBFC_PHYS_s04_T3_test,83,40,84.33333333333333,0.8266912698745728,0.46217493233585233
UBFC_PHYS_s04_T3_test,83,41,84.36666666666666,0.9246830940246582,0.3410321889724341
UBFC_PHYS_s04_T3_test,83,42,84.4,1.2328174114227295,0.17067110751092082
UBFC_PHYS_s04_T3_test,83,43,84.43333333333334,1.6904340982437134,-0.036437064106789034
UBFC_PHYS_s04_T3_test,83,44,84.46666666666667,2.1519291400909424,-0.2562399002568754
UBFC_PHYS_s04_T3_test,83,45,84.5,2.42427134513855,-0.46116398174198964
UBFC_PHYS_s04_T3_test,83,46,84.53333333333333,2.405386447906494,-0.6282689738111866
UBFC_PHYS_s04_T3_test,83,47,84.56666666666666,2.2020163536071777,-0.7446522651533845
UBFC_PHYS_s04_T3_test,83,48,84.6,1.8585383892059326,-0.8087103235995665
UBFC_PHYS_s04_T3_test,83,49,84.63333333333334,1.2324957847595215,-0.8274658502362612
UBFC_PHYS_s04_T3_test,83,50,84.66666666666667,0.2812367081642151,-0.8114319371324713
UBFC_PHYS_s04_T3_test,83,51,84.7,-0.7418694496154785,-0.7691142866438332
UBFC_PHYS_s04_T3_test,83,52,84.73333333333333,-1.433454155921936,-0.7031667886963947
UBFC_PHYS_s04_T3_test,83,53,84.76666666666667,-1.509871482849121,-0.6095059978036681
UBFC_PHYS_s04_T3_test,83,54,84.8,-1.1498860120773315,-0.47960749108588613
UBFC_PHYS_s04_T3_test,83,55,84.83333333333333,-0.8374933004379272,-0.30513642665857826
UBFC_PHYS_s04_T3_test,83,56,84.86666666666666,-0.7544205188751221,-0.08335002194595847
UBFC_PHYS_s04_T3_test,83,57,84.9,-0.760111391544342,0.17849798034867398
UBFC_PHYS_s04_T3_test,83,58,84.93333333333334,-0.8548192381858826,0.4612434406635034
UBFC_PHYS_s04_T3_test,83,59,84.96666666666667,-1.1371498107910156,0.7352614709523894
UBFC_PHYS_s04_T3_test,83,60,85.0,-1.4782989025115967,0.9653163161153794
UBFC_PHYS_s04_T3_test,83,61,85.03333333333333,-1.7007489204406738,1.1178181046537288
UBFC_PHYS_s04_T3_test,83,62,85.06666666666666,-1.8423088788986206,1.168489504377797
UBFC_PHYS_s04_T3_test,83,63,85.1,-1.9359545707702637,1.108101686526168
UBFC_PHYS_s04_T3_test,83,64,85.13333333333334,-1.8970930576324463,0.9446457224381153
UBFC_PHYS_s04_T3_test,83,65,85.16666666666667,-1.730830430984497,0.7016039577581127
UBFC_PHYS_s04_T3_test,83,66,85.2,-1.5858209133148193,0.41310616837260566
UBFC_PHYS_s04_T3_test,83,67,85.23333333333333,-1.5282011032104492,0.11724967463580031
UBFC_PHYS_s04_T3_test,83,68,85.26666666666667,-1.4855294227600098,-0.15118934500311879
UBFC_PHYS_s04_T3_test,83,69,85.3,-1.435091257095337,-0.3674234611493994
UBFC_PHYS_s04_T3_test,83,70,85.33333333333333,-1.3894767761230469,-0.52111438820067
UBFC_PHYS_s04_T3_test,83,71,85.36666666666666,-1.2595031261444092,-0.616994559373226
UBFC_PHYS_s04_T3_test,83,72,85.4,-0.9797743558883667,-0.6709747117511692
UBFC_PHYS_s04_T3_test,83,73,85.43333333333334,-0.6745244264602661,-0.7027470429912265
UBFC_PHYS_s04_T3_test,83,74,85.46666666666667,-0.5134168267250061,-0.7274165670800896
UBFC_PHYS_s04_T3_test,83,75,85.5,-0.4336279332637787,-0.7491455121147638
UBFC_PHYS_s04_T3_test,83,76,85.53333333333333,-0.145879328250885,-0.7588837353414418
UBFC_PHYS_s04_T3_test,83,77,85.56666666666666,0.43587392568588257,-0.7367365982778535
UBFC_PHYS_s04_T3_test,83,78,85.6,1.0486443042755127,-0.6582728681190166
UBFC_PHYS_s04_T3_test,83,79,85.63333333333334,1.4567192792892456,-0.5031948544637497
UBFC_PHYS_s04_T3_test,83,80,85.66666666666667,1.710381269454956,-0.2640936427597968
UBFC_PHYS_s04_T3_test,83,81,85.7,1.9095805883407593,0.04736533102221554
UBFC_PHYS_s04_T3_test,83,82,85.73333333333333,2.0209615230560303,0.39919885443943903
UBFC_PHYS_s04_T3_test,83,83,85.76666666666667,2.036426305770874,0.7439799771519933
UBFC_PHYS_s04_T3_test,83,84,85.8,2.0177457332611084,1.0290075895008597
UBFC_PHYS_s04_T3_test,83,85,85.83333333333333,1.9413772821426392,1.2088335387056146
UBFC_PHYS_s04_T3_test,83,86,85.86666666666666,1.7720744609832764,1.2559998526473124
UBFC_PHYS_s04_T3_test,83,87,85.9,1.586575984954834,1.1665082937619493
UBFC_PHYS_s04_T3_test,83,88,85.93333333333334,1.4040594100952148,0.958986936624861
UBFC_PHYS_s04_T3_test,83,89,85.96666666666667,1.0881391763687134,0.6688803753827024
UBFC_PHYS_s04_T3_test,83,90,86.0,0.6138202548027039,0.33975322178635614
UBFC_PHYS_s04_T3_test,83,91,86.03333333333333,0.17053791880607605,0.013684416038815978
UBFC_PHYS_s04_T3_test,83,92,86.06666666666666,-0.1412408947944641,-0.2771128398340763
UBFC_PHYS_s04_T3_test,83,93,86.1,-0.34209680557250977,-0.5152620932787876
UBFC_PHYS_s04_T3_test,83,94,86.13333333333334,-0.3732990324497223,-0.6984359246338558
UBFC_PHYS_s04_T3_test,83,95,86.16666666666667,-0.20604254305362701,-0.8349856319262474
UBFC_PHYS_s04_T3_test,83,96,86.2,-9.020622383104637e-05,-0.9366714620868547
UBFC_PHYS_s04_T3_test,83,97,86.23333333333333,0.08345033973455429,-1.0110744356514014
UBFC_PHYS_s04_T3_test,83,98,86.26666666666667,0.07478737831115723,-1.056276501727837
UBFC_PHYS_s04_T3_test,83,99,86.3,0.06422422081232071,-1.0596280430432827
UBFC_PHYS_s04_T3_test,83,100,86.33333333333333,0.01827838458120823,-1.0011914748153072
UBFC_PHYS_s04_T3_test,83,101,86.36666666666666,-0.1351505070924759,-0.8610405413629315
UBFC_PHYS_s04_T3_test,83,102,86.4,-0.36913809180259705,-0.6282910082240429
UBFC_PHYS_s04_T3_test,83,103,86.43333333333334,-0.5987990498542786,-0.30887275994477326
UBFC_PHYS_s04_T3_test,83,104,86.46666666666667,-0.7903878688812256,0.07102056026203182
UBFC_PHYS_s04_T3_test,83,105,86.5,-0.9251947999000549,0.4678711749207456
UBFC_PHYS_s04_T3_test,83,106,86.53333333333333,-0.9197086095809937,0.8301529663817032
UBFC_PHYS_s04_T3_test,83,107,86.56666666666666,-0.7433896064758301,1.1112791057946558
UBFC_PHYS_s04_T3_test,83,108,86.6,-0.49458047747612,1.281218204855141
UBFC_PHYS_s04_T3_test,83,109,86.63333333333334,-0.28039392828941345,1.3319714948656278
UBFC_PHYS_s04_T3_test,83,110,86.66666666666667,-0.15751439332962036,1.2752257154853186
UBFC_PHYS_s04_T3_test,83,111,86.7,-0.210807666182518,1.1343404278711624
UBFC_PHYS_s04_T3_test,83,112,86.73333333333333,-0.4304511845111847,0.9347941716776603
UBFC_PHYS_s04_T3_test,83,113,86.76666666666667,-0.562276303768158,0.6969312643620648
UBFC_PHYS_s04_T3_test,83,114,86.8,-0.4363759160041809,0.4332365629243847
UBFC_PHYS_s04_T3_test,83,115,86.83333333333333,-0.24984458088874817,0.15024724671082276
UBFC_PHYS_s04_T3_test,83,116,86.86666666666666,-0.18167127668857574,-0.14666907014267874
UBFC_PHYS_s04_T3_test,83,117,86.9,-0.128923699259758,-0.4483141127847283
UBFC_PHYS_s04_T3_test,83,118,86.93333333333334,0.004294868558645248,-0.7386535325836251
UBFC_PHYS_s04_T3_test,83,119,86.96666666666667,0.14230778813362122,-0.9948327809233768
UBFC_PHYS_s04_T3_test,83,120,87.0,0.2434276044368744,-1.1900651864255043
UBFC_PHYS_s04_T3_test,83,121,87.03333333333333,0.3206633925437927,-1.2984705671594758
UBFC_PHYS_s04_T3_test,83,122,87.06666666666666,0.30197322368621826,-1.30061254523349
UBFC_PHYS_s04_T3_test,83,123,87.1,0.1586495041847229,-1.1884696229865104
UBFC_PHYS_s04_T3_test,83,124,87.13333333333334,0.013630205765366554,-0.9687075604845693
UBFC_PHYS_s04_T3_test,83,125,87.16666666666667,-0.04018927738070488,-0.6632849896629287
UBFC_PHYS_s04_T3_test,83,126,87.2,-0.039380475878715515,-0.3067164319881548
UBFC_PHYS_s04_T3_test,83,127,87.23333333333333,-0.035073358565568924,0.059926175238337695
UBFC_PHYS_s04_T3_test,83,128,87.26666666666667,-0.048764534294605255,0.39694460240472623
UBFC_PHYS_s04_T3_test,83,129,87.3,-0.09565560519695282,0.673533185047867
UBFC_PHYS_s04_T3_test,83,130,87.33333333333333,-0.15264208614826202,0.8725254760963737
UBFC_PHYS_s04_T3_test,83,131,87.36666666666666,-0.19655129313468933,0.9910533663528894
UBFC_PHYS_s04_T3_test,83,132,87.4,-0.2719648480415344,1.037390286507649
UBFC_PHYS_s04_T3_test,83,133,87.43333333333334,-0.42828789353370667,1.0256050450630223
UBFC_PHYS_s04_T3_test,83,134,87.46666666666667,-0.6367153525352478,0.970145505547412
UBFC_PHYS_s04_T3_test,83,135,87.5,-0.8440709114074707,0.8819648654604925
UBFC_PHYS_s04_T3_test,83,136,87.53333333333333,-1.0416624546051025,0.7667178461284488
UBFC_PHYS_s04_T3_test,83,137,87.56666666666666,-1.2284666299819946,0.6247481030293239
UBFC_PHYS_s04_T3_test,83,138,87.6,-1.374548077583313,0.4525407796518851
UBFC_PHYS_s04_T3_test,83,139,87.63333333333334,-1.4322750568389893,0.24548320208828436
UBFC_PHYS_s04_T3_test,83,140,87.66666666666667,-1.3464056253433228,0.001503934905789226
UBFC_PHYS_s04_T3_test,83,141,87.7,-1.1237802505493164,-0.2753854902274788
UBFC_PHYS_s04_T3_test,83,142,87.73333333333333,-0.88495934009552,-0.5728603772912497
UBFC_PHYS_s04_T3_test,83,143,87.76666666666667,-0.7633270621299744,-0.8701252493082152
UBFC_PHYS_s04_T3_test,83,144,87.8,-0.774348258972168,-1.1396269017895222
UBFC_PHYS_s04_T3_test,83,145,87.83333333333333,-0.8384677767753601,-1.3498588219429892
UBFC_PHYS_s04_T3_test,83,146,87.86666666666666,-0.8595941066741943,-1.4688628690228196
UBFC_PHYS_s04_T3_test,83,147,87.9,-0.7665720582008362,-1.4687369414369444
UBFC_PHYS_s04_T3_test,83,148,87.93333333333334,-0.5668367743492126,-1.3314911712005244
UBFC_PHYS_s04_T3_test,83,149,87.96666666666667,-0.34398725628852844,-1.0556574517092023
UBFC_PHYS_s04_T3_test,83,150,88.0,-0.16540752351284027,-0.6615979981459671
UBFC_PHYS_s04_T3_test,83,151,88.03333333333333,-0.0517951101064682,-0.19245056338398828
UBFC_PHYS_s04_T3_test,83,152,88.06666666666666,-0.023496760055422783,0.2918501291923645
UBFC_PHYS_s04_T3_test,83,153,88.1,-0.08264654874801636,0.72741599634987
UBFC_PHYS_s04_T3_test,83,154,88.13333333333334,-0.1737878918647766,1.0621686559216565
UBFC_PHYS_s04_T3_test,83,155,88.16666666666667,-0.24901628494262695,1.268189752374449
UBFC_PHYS_s04_T3_test,83,156,88.2,-0.29865533113479614,1.3455919365891265
UBFC_PHYS_s04_T3_test,83,157,88.23333333333333,-0.3066848814487457,1.3169147623381363
UBFC_PHYS_s04_T3_test,83,158,88.26666666666667,-0.27917584776878357,1.2153645361325445
UBFC_PHYS_s04_T3_test,83,159,88.3,-0.271146297454834,1.07237926790557
UBFC_PHYS_s04_T3_test,83,160,88.33333333333333,-0.3078737258911133,0.9090995558336867
UBFC_PHYS_s04_T3_test,83,161,88.36666666666666,-0.3648602068424225,0.7337114395167257
UBFC_PHYS_s04_T3_test,83,162,88.4,-0.4017338156700134,0.5441911687332412
UBFC_PHYS_s04_T3_test,83,163,88.43333333333334,-0.35158804059028625,0.3343606509571044
UBFC_PHYS_s04_T3_test,83,164,88.46666666666667,-0.15580908954143524,0.10035810315170476
UBFC_PHYS_s04_T3_test,83,165,88.5,0.1533874124288559,-0.15511682541401048
UBFC_PHYS_s04_T3_test,83,166,88.53333333333333,0.4736245572566986,-0.4220681455383194
UBFC_PHYS_s04_T3_test,83,167,88.56666666666666,0.6892825365066528,-0.6854198850441006
UBFC_PHYS_s04_T3_test,83,168,88.6,0.6840399503707886,-0.9282267435721633
UBFC_PHYS_s04_T3_test,83,169,88.63333333333334,0.45806241035461426,-1.1337733832387349
UBFC_PHYS_s04_T3_test,83,170,88.66666666666667,0.2311006784439087,-1.2856818425816656
UBFC_PHYS_s04_T3_test,83,171,88.7,0.2268812656402588,-1.3668642361074732
UBFC_PHYS_s04_T3_test,83,172,88.73333333333333,0.3980453610420227,-1.3592391560290913
UBFC_PHYS_s04_T3_test,83,173,88.76666666666667,0.5498273968696594,-1.246032936948626
UBFC_PHYS_s04_T3_test,83,174,88.8,0.5942335724830627,-1.0172411863605204
UBFC_PHYS_s04_T3_test,83,175,88.83333333333333,0.48889434337615967,-0.6768449990931438
UBFC_PHYS_s04_T3_test,83,176,88.86666666666666,0.17195089161396027,-0.24855145805257348
UBFC_PHYS_s04_T3_test,83,177,88.9,-0.2945041358470917,0.22355260893827383
UBFC_PHYS_s04_T3_test,83,178,88.93333333333334,-0.7731204032897949,0.6813169078886535
UBFC_PHYS_s04_T3_test,83,179,88.96666666666667,-1.2194528579711914,1.0646747012849975
UBFC_PHYS_s04_T3_test,83,180,89.0,-1.590703010559082,1.3257217431887545
UBFC_PHYS_s04_T3_test,83,181,89.03333333333333,-1.7546755075454712,1.4396471580854553
UBFC_PHYS_s04_T3_test,83,182,89.06666666666666,-1.6838419437408447,1.4084823673113376
UBFC_PHYS_s04_T3_test,83,183,89.1,-1.446550965309143,1.256636464423792
UBFC_PHYS_s04_T3_test,83,184,89.13333333333334,-1.0282635688781738,1.0208116825491016
UBFC_PHYS_s04_T3_test,83,185,89.16666666666667,-0.39650097489356995,0.7389442769878675
UBFC_PHYS_s04_T3_test,83,186,89.2,0.3136180341243744,0.4420617479003387
UBFC_PHYS_s04_T3_test,83,187,89.23333333333333,0.8861236572265625,0.1506086616210558
UBFC_PHYS_s04_T3_test,83,188,89.26666666666667,1.2371829748153687,-0.12520811464708248
UBFC_PHYS_s04_T3_test,83,189,89.3,1.426550030708313,-0.3824899338036179
UBFC_PHYS_s04_T3_test,83,190,89.33333333333333,1.5066702365875244,-0.6217008162944323
UBFC_PHYS_s04_T3_test,83,191,89.36666666666666,1.494674563407898,-0.8428142566987009
UBFC_PHYS_s04_T3_test,83,192,89.4,1.4246498346328735,-1.0419902595763038
UBFC_PHYS_s04_T3_test,83,193,89.43333333333334,1.313366413116455,-1.2088704250094662
UBFC_PHYS_s04_T3_test,83,194,89.46666666666667,1.1290276050567627,-1.3248546449222585
UBFC_PHYS_s04_T3_test,83,195,89.5,0.8772170543670654,-1.363418025521766
UBFC_PHYS_s04_T3_test,83,196,89.53333333333333,0.6466401219367981,-1.29397057927725
UBFC_PHYS_s04_T3_test,83,197,89.56666666666666,0.47223106026649475,-1.0900733290814555
UBFC_PHYS_s04_T3_test,83,198,89.6,0.29256969690322876,-0.7407313395486523
UBFC_PHYS_s04_T3_test,83,199,89.63333333333334,0.1031636893749237,-0.2609463076638298
UBFC_PHYS_s04_T3_test,83,200,89.66666666666667,-0.012368415482342243,0.3036274612498477
UBFC_PHYS_s04_T3_test,83,201,89.7,-0.04239156097173691,0.8817626857264432
UBFC_PHYS_s04_T3_test,83,202,89.73333333333333,-0.10274967551231384,1.391337500841487
UBFC_PHYS_s04_T3_test,83,203,89.76666666666667,-0.29000210762023926,1.7590870747683727
UBFC_PHYS_s04_T3_test,83,204,89.8,-0.5264453291893005,1.9386436575490102
UBFC_PHYS_s04_T3_test,83,205,89.83333333333333,-0.6056203246116638,1.9207201500129811
UBFC_PHYS_s04_T3_test,83,206,89.86666666666666,-0.409763365983963,1.7322249412445394
UBFC_PHYS_s04_T3_test,83,207,89.9,-0.07434413582086563,1.4251320282390747
UBFC_PHYS_s04_T3_test,83,208,89.93333333333334,0.13474597036838531,1.0595539563483838
UBFC_PHYS_s04_T3_test,83,209,89.96666666666667,0.09489051252603531,0.6871314993077845
UBFC_PHYS_s04_T3_test,83,210,90.0,-0.11717170476913452,0.3399032075954977
UBFC_PHYS_s04_T3_test,83,211,90.03333333333333,-0.38722410798072815,0.027141283076065937
UBFC_PHYS_s04_T3_test,83,212,90.06666666666666,-0.6488181948661804,-0.26026963417419635
UBFC_PHYS_s04_T3_test,83,213,90.1,-0.8419660925865173,-0.5404478295453048
UBFC_PHYS_s04_T3_test,83,214,90.13333333333334,-0.9001219272613525,-0.8295571849165136
UBFC_PHYS_s04_T3_test,83,215,90.16666666666667,-0.8101109862327576,-1.1324807691496601
UBFC_PHYS_s04_T3_test,83,216,90.2,-0.6401357054710388,-1.4373873247701088
UBFC_PHYS_s04_T3_test,83,217,90.23333333333333,-0.486814022064209,-1.7153047299747335
UBFC_PHYS_s04_T3_test,83,218,90.26666666666667,-0.41388535499572754,-1.9247909473637475
UBFC_PHYS_s04_T3_test,83,219,90.3,-0.42298680543899536,-2.0209077626695
UBFC_PHYS_s04_T3_test,83,220,90.33333333333333,-0.4489269554615021,-1.9668085422575032
UBFC_PHYS_s04_T3_test,83,221,90.36666666666666,-0.43481677770614624,-1.7452668562219378
UBFC_PHYS_s04_T3_test,83,222,90.4,-0.4544716477394104,-1.3667063038482294
UBFC_PHYS_s04_T3_test,83,223,90.43333333333334,-0.6343084573745728,-0.8705579821069237
UBFC_PHYS_s04_T3_test,83,224,90.46666666666667,-0.901603102684021,-0.3185985911275059
UBFC_PHYS_s04_T3_test,83,225,90.5,-1.0038337707519531,0.2182153878550885
UBFC_PHYS_s04_T3_test,83,226,90.53333333333333,-0.8208105564117432,0.675297017695922
UBFC_PHYS_s04_T3_test,83,227,90.56666666666666,-0.49171555042266846,1.0073774432825182
UBFC_PHYS_s04_T3_test,83,228,90.6,-0.16754159331321716,1.1953213254441093
UBFC_PHYS_s04_T3_test,83,229,90.63333333333334,0.08584751188755035,1.2458924554078852
UBFC_PHYS_s04_T3_test,83,230,90.66666666666667,0.24620482325553894,1.1857765698745135
UBFC_PHYS_s04_T3_test,83,231,90.7,0.33490025997161865,1.052440240231431
UBFC_PHYS_s04_T3_test,83,232,90.73333333333333,0.4235762357711792,0.8847607181873326
UBFC_PHYS_s04_T3_test,83,233,90.76666666666667,0.5581687688827515,0.7158217308161047
UBFC_PHYS_s04_T3_test,83,234,90.8,0.7028957605361938,0.5690313941084806
UBFC_PHYS_s04_T3_test,83,235,90.83333333333333,0.8147541284561157,0.45736103941194645
UBFC_PHYS_s04_T3_test,83,236,90.86666666666666,0.9027479887008667,0.3846124557885729
UBFC_PHYS_s04_T3_test,83,237,90.9,0.9740395545959473,0.34742288890026485
UBFC_PHYS_s04_T3_test,83,238,90.93333333333334,0.9897575974464417,0.33712442676198684
UBFC_PHYS_s04_T3_test,83,239,90.96666666666667,0.9256380796432495,0.3413192998427165
UBFC_PHYS_s04_T3_test,84,0,84.0,-1.8403599262237549,0.08979022695786627
UBFC_PHYS_s04_T3_test,84,1,84.03333333333333,-1.429585576057434,0.07579646348424443
UBFC_PHYS_s04_T3_test,84,2,84.06666666666666,-0.9308272004127502,0.09410962173736621
UBFC_PHYS_s04_T3_test,84,3,84.1,-0.4872720241546631,0.1694741611854837
UBFC_PHYS_s04_T3_test,84,4,84.13333333333334,-0.05376351997256279,0.3109297859233896
UBFC_PHYS_s04_T3_test,84,5,84.16666666666667,0.4276007413864136,0.5084103749571512
UBFC_PHYS_s04_T3_test,84,6,84.2,0.8395054340362549,0.7339693582041151
UBFC_PHYS_s04_T3_test,84,7,84.23333333333333,1.0350213050842285,0.9477211192551458
UBFC_PHYS_s04_T3_test,84,8,84.26666666666667,1.0130666494369507,1.107170580028244
UBFC_PHYS_s04_T3_test,84,9,84.3,0.8956051468849182,1.1774220035563456
UBFC_PHYS_s04_T3_test,84,10,84.33333333333333,0.8266912698745728,1.1394369856482707
UBFC_PHYS_s04_T3_test,84,11,84.36666666666666,0.9246830940246582,0.9940805902306691
UBFC_PHYS_s04_T3_test,84,12,84.4,1.2328174114227295,0.7608971116648138
UBFC_PHYS_s04_T3_test,84,13,84.43333333333334,1.6904340982437134,0.472202452403377
UBFC_PHYS_s04_T3_test,84,14,84.46666666666667,2.1519291400909424,0.16471434497693158
UBFC_PHYS_s04_T3_test,84,15,84.5,2.42427134513855,-0.12839458357557154
UBFC_PHYS_s04_T3_test,84,16,84.53333333333333,2.405386447906494,-0.3829246368814897
UBFC_PHYS_s04_T3_test,84,17,84.56666666666666,2.2020163536071777,-0.585867522371188
UBFC_PHYS_s04_T3_test,84,18,84.6,1.8585383892059326,-0.7347070179834606
UBFC_PHYS_s04_T3_test,84,19,84.63333333333334,1.2324957847595215,-0.834548581665279
UBFC_PHYS_s04_T3_test,84,20,84.66666666666667,0.2812367081642151,-0.8940834600086525
UBFC_PHYS_s04_T3_test,84,21,84.7,-0.7418694496154785,-0.9215365881848143
UBFC_PHYS_s04_T3_test,84,22,84.73333333333333,-1.433454155921936,-0.9216917967087338
UBFC_PHYS_s04_T3_test,84,23,84.76666666666667,-1.509871482849121,-0.894769979102066
UBFC_PHYS_s04_T3_test,84,24,84.8,-1.1498860120773315,-0.837374145873742
UBFC_PHYS_s04_T3_test,84,25,84.83333333333333,-0.8374933004379272,-0.7450575264664238
UBFC_PHYS_s04_T3_test,84,26,84.86666666666666,-0.7544205188751221,-0.6155167043446257
UBFC_PHYS_s04_T3_test,84,27,84.9,-0.760111391544342,-0.45111866100461023
UBFC_PHYS_s04_T3_test,84,28,84.93333333333334,-0.8548192381858826,-0.2596196933099106
UBFC_PHYS_s04_T3_test,84,29,84.96666666666667,-1.1371498107910156,-0.05275185781690995
UBFC_PHYS_s04_T3_test,84,30,85.0,-1.4782989025115967,0.1563791998455443
UBFC_PHYS_s04_T3_test,84,31,85.03333333333333,-1.7007489204406738,0.3554136196076481
UBFC_PHYS_s04_T3_test,84,32,85.06666666666666,-1.8423088788986206,0.5332605453589748
UBFC_PHYS_s04_T3_test,84,33,85.1,-1.9359545707702637,0.6793055579178451
UBFC_PHYS_s04_T3_test,84,34,85.13333333333334,-1.8970930576324463,0.7827440017362381
UBFC_PHYS_s04_T3_test,84,35,85.16666666666667,-1.730830430984497,0.8335374922798643
UBFC_PHYS_s04_T3_test,84,36,85.2,-1.5858209133148193,0.8252805802258154
UBFC_PHYS_s04_T3_test,84,37,85.23333333333333,-1.5282011032104492,0.75860140875699
UBFC_PHYS_s04_T3_test,84,38,85.26666666666667,-1.4855294227600098,0.6428131403257292
UBFC_PHYS_s04_T3_test,84,39,85.3,-1.435091257095337,0.49424686156207587
UBFC_PHYS_s04_T3_test,84,40,85.33333333333333,-1.3894767761230469,0.3317860153771921
UBFC_PHYS_s04_T3_test,84,41,85.36666666666666,-1.2595031261444092,0.17187580623756862
UBFC_PHYS_s04_T3_test,84,42,85.4,-0.9797743558883667,0.025256525986137347
UBFC_PHYS_s04_T3_test,84,43,85.43333333333334,-0.6745244264602661,-0.10367546141731195
UBFC_PHYS_s04_T3_test,84,44,85.46666666666667,-0.5134168267250061,-0.21534966358560595
UBFC_PHYS_s04_T3_test,84,45,85.5,-0.4336279332637787,-0.31245453097404474
UBFC_PHYS_s04_T3_test,84,46,85.53333333333333,-0.145879328250885,-0.3972778446777986
UBFC_PHYS_s04_T3_test,84,47,85.56666666666666,0.43587392568588257,-0.46951598311319026
UBFC_PHYS_s04_T3_test,84,48,85.6,1.0486443042755127,-0.5249597118961242
UBFC_PHYS_s04_T3_test,84,49,85.63333333333334,1.4567192792892456,-0.5553705032423026
UBFC_PHYS_s04_T3_test,84,50,85.66666666666667,1.710381269454956,-0.5495751756205971
UBFC_PHYS_s04_T3_test,84,51,85.7,1.9095805883407593,-0.49562834404556294
UBFC_PHYS_s04_T3_test,84,52,85.73333333333333,2.0209615230560303,-0.3840255274731903
UBFC_PHYS_s04_T3_test,84,53,85.76666666666667,2.036426305770874,-0.21189180922559017
UBFC_PHYS_s04_T3_test,84,54,85.8,2.0177457332611084,0.012624514457977397
UBFC_PHYS_s04_T3_test,84,55,85.83333333333333,1.9413772821426392,0.26749408405299735
UBFC_PHYS_s04_T3_test,84,56,85.86666666666666,1.7720744609832764,0.5176447594991853
UBFC_PHYS_s04_T3_test,84,57,85.9,1.586575984954834,0.7208047201868195
UBFC_PHYS_s04_T3_test,84,58,85.93333333333334,1.4040594100952148,0.8375205355475271
UBFC_PHYS_s04_T3_test,84,59,85.96666666666667,1.0881391763687134,0.8421509540250336
UBFC_PHYS_s04_T3_test,84,60,86.0,0.6138202548027039,0.7304708554024617
UBFC_PHYS_s04_T3_test,84,61,86.03333333333333,0.17053791880607605,0.5204930126741416
UBFC_PHYS_s04_T3_test,84,62,86.06666666666666,-0.1412408947944641,0.24604671994166005
UBFC_PHYS_s04_T3_test,84,63,86.1,-0.34209680557250977,-0.05402646140530451
UBFC_PHYS_s04_T3_test,84,64,86.13333333333334,-0.3732990324497223,-0.3463257240763037
UBFC_PHYS_s04_T3_test,84,65,86.16666666666667,-0.20604254305362701,-0.608719592917076
UBFC_PHYS_s04_T3_test,84,66,86.2,-9.020622383104637e-05,-0.8297680944231314
UBFC_PHYS_s04_T3_test,84,67,86.23333333333333,0.08345033973455429,-1.003108405680748
UBFC_PHYS_s04_T3_test,84,68,86.26666666666667,0.07478737831115723,-1.1204130881683774
UBFC_PHYS_s04_T3_test,84,69,86.3,0.06422422081232071,-1.1669722943679481
UBFC_PHYS_s04_T3_test,84,70,86.33333333333333,0.01827838458120823,-1.1225754014945974
UBFC_PHYS_s04_T3_test,84,71,86.36666666666666,-0.1351505070924759,-0.9679328029891887
UBFC_PHYS_s04_T3_test,84,72,86.4,-0.36913809180259705,-0.6944288684708355
UBFC_PHYS_s04_T3_test,84,73,86.43333333333334,-0.5987990498542786,-0.31333425221121136
UBFC_PHYS_s04_T3_test,84,74,86.46666666666667,-0.7903878688812256,0.13975293964445135
UBFC_PHYS_s04_T3_test,84,75,86.5,-0.9251947999000549,0.6082732662886143
UBFC_PHYS_s04_T3_test,84,76,86.53333333333333,-0.9197086095809937,1.0262683507359478
UBFC_PHYS_s04_T3_test,84,77,86.56666666666666,-0.7433896064758301,1.3349531649964024
UBFC_PHYS_s04_T3_test,84,78,86.6,-0.49458047747612,1.4980132110308402
UBFC_PHYS_s04_T3_test,84,79,86.63333333333334,-0.28039392828941345,1.509090766214205
UBFC_PHYS_s04_T3_test,84,80,86.66666666666667,-0.15751439332962036,1.3885403519949695
UBFC_PHYS_s04_T3_test,84,81,86.7,-0.210807666182518,1.1717582039054657
UBFC_PHYS_s04_T3_test,84,82,86.73333333333333,-0.4304511845111847,0.8949820695083511
UBFC_PHYS_s04_T3_test,84,83,86.76666666666667,-0.562276303768158,0.5848259387607174
UBFC_PHYS_s04_T3_test,84,84,86.8,-0.4363759160041809,0.2552363799684902
UBFC_PHYS_s04_T3_test,84,85,86.83333333333333,-0.24984458088874817,-0.08823716805626684
UBFC_PHYS_s04_T3_test,84,86,86.86666666666666,-0.18167127668857574,-0.4400164996397546
UBFC_PHYS_s04_T3_test,84,87,86.9,-0.128923699259758,-0.7863894822024595
UBFC_PHYS_s04_T3_test,84,88,86.93333333333334,0.004294868558645248,-1.1016558472519609
UBFC_PHYS_s04_T3_test,84,89,86.96666666666667,0.14230778813362122,-1.3503948110279815
UBFC_PHYS_s04_T3_test,84,90,87.0,0.2434276044368744,-1.4950182415170963
UBFC_PHYS_s04_T3_test,84,91,87.03333333333333,0.3206633925437927,-1.5057313032139203
UBFC_PHYS_s04_T3_test,84,92,87.06666666666666,0.30197322368621826,-1.3695141880510917
UBFC_PHYS_s04_T3_test,84,93,87.1,0.1586495041847229,-1.0954566928864307
UBFC_PHYS_s04_T3_test,84,94,87.13333333333334,0.013630205765366554,-0.7149620850152122
UBFC_PHYS_s04_T3_test,84,95,87.16666666666667,-0.04018927738070488,-0.27659413254447807
UBFC_PHYS_s04_T3_test,84,96,87.2,-0.039380475878715515,0.16341982906333125
UBFC_PHYS_s04_T3_test,84,97,87.23333333333333,-0.035073358565568924,0.5528238730895835
UBFC_PHYS_s04_T3_test,84,98,87.26666666666667,-0.048764534294605255,0.8539712716437589
UBFC_PHYS_s04_T3_test,84,99,87.3,-0.09565560519695282,1.050214978509419
UBFC_PHYS_s04_T3_test,84,100,87.33333333333333,-0.15264208614826202,1.1459413231482085
UBFC_PHYS_s04_T3_test,84,101,87.36666666666666,-0.19655129313468933,1.16038047826781
UBFC_PHYS_s04_T3_test,84,102,87.4,-0.2719648480415344,1.1178252145486662
UBFC_PHYS_s04_T3_test,84,103,87.43333333333334,-0.42828789353370667,1.0382440605971246
UBFC_PHYS_s04_T3_test,84,104,87.46666666666667,-0.6367153525352478,0.9316386722921791
UBFC_PHYS_s04_T3_test,84,105,87.5,-0.8440709114074707,0.7975109856997502
UBFC_PHYS_s04_T3_test,84,106,87.53333333333333,-1.0416624546051025,0.6287236485348557
UBFC_PHYS_s04_T3_test,84,107,87.56666666666666,-1.2284666299819946,0.41766463306756235
UBFC_PHYS_s04_T3_test,84,108,87.6,-1.374548077583313,0.1622396383137298
UBFC_PHYS_s04_T3_test,84,109,87.63333333333334,-1.4322750568389893,-0.13032456409459622
UBFC_PHYS_s04_T3_test,84,110,87.66666666666667,-1.3464056253433228,-0.44291301377679326
UBFC_PHYS_s04_T3_test,84,111,87.7,-1.1237802505493164,-0.7510720128685812
UBFC_PHYS_s04_T3_test,84,112,87.73333333333333,-0.88495934009552,-1.027505470966293
UBFC_PHYS_s04_T3_test,84,113,87.76666666666667,-0.7633270621299744,-1.2467803588436017
UBFC_PHYS_s04_T3_test,84,114,87.8,-0.774348258972168,-1.3886722381395475
UBFC_PHYS_s04_T3_test,84,115,87.83333333333333,-0.8384677767753601,-1.4394744863471498
UBFC_PHYS_s04_T3_test,84,116,87.86666666666666,-0.8595941066741943,-1.3918114448966659
UBFC_PHYS_s04_T3_test,84,117,87.9,-0.7665720582008362,-1.2442529769437258
UBFC_PHYS_s04_T3_test,84,118,87.93333333333334,-0.5668367743492126,-1.0017871546746722
UBFC_PHYS_s04_T3_test,84,119,87.96666666666667,-0.34398725628852844,-0.6772221206446404
UBFC_PHYS_s04_T3_test,84,120,88.0,-0.16540752351284027,-0.29255269185849403
UBFC_PHYS_s04_T3_test,84,121,88.03333333333333,-0.0517951101064682,0.12112405977419068
UBFC_PHYS_s04_T3_test,84,122,88.06666666666666,-0.023496760055422783,0.5261772712556985
UBFC_PHYS_s04_T3_test,84,123,88.1,-0.08264654874801636,0.8836287933485041
UBFC_PHYS_s04_T3_test,84,124,88.13333333333334,-0.1737878918647766,1.1600996276042856
UBFC_PHYS_s04_T3_test,84,125,88.16666666666667,-0.24901628494262695,1.3346404601892101
UBFC_PHYS_s04_T3_test,84,126,88.2,-0.29865533113479614,1.402817524038551
UBFC_PHYS_s04_T3_test,84,127,88.23333333333333,-0.3066848814487457,1.3759081315758266
UBFC_PHYS_s04_T3_test,84,128,88.26666666666667,-0.27917584776878357,1.2751655151171088
UBFC_PHYS_s04_T3_test,84,129,88.3,-0.271146297454834,1.1235451425459548
UBFC_PHYS_s04_T3_test,84,130,88.33333333333333,-0.3078737258911133,0.9384246683872306
UBFC_PHYS_s04_T3_test,84,131,88.36666666666666,-0.3648602068424225,0.7282473324267463
UBFC_PHYS_s04_T3_test,84,132,88.4,-0.4017338156700134,0.4941380243143204
UBFC_PHYS_s04_T3_test,84,133,88.43333333333334,-0.35158804059028625,0.2352163899874022
UBFC_PHYS_s04_T3_test,84,134,88.46666666666667,-0.15580908954143524,-0.04541815669703422
UBFC_PHYS_s04_T3_test,84,135,88.5,0.1533874124288559,-0.3372551163387396
UBFC_PHYS_s04_T3_test,84,136,88.53333333333333,0.4736245572566986,-0.6231283377137024
UBFC_PHYS_s04_T3_test,84,137,88.56666666666666,0.6892825365066528,-0.883362058756834
UBFC_PHYS_s04_T3_test,84,138,88.6,0.6840399503707886,-1.1006800973446342
UBFC_PHYS_s04_T3_test,84,139,88.63333333333334,0.45806241035461426,-1.2630484611093482
UBFC_PHYS_s04_T3_test,84,140,88.66666666666667,0.2311006784439087,-1.3631515003936445
UBFC_PHYS_s04_T3_test,84,141,88.7,0.2268812656402588,-1.395426367040154
UBFC_PHYS_s04_T3_test,84,142,88.73333333333333,0.3980453610420227,-1.3531181483474612
UBFC_PHYS_s04_T3_test,84,143,88.76666666666667,0.5498273968696594,-1.2278431857865417
UBFC_PHYS_s04_T3_test,84,144,88.8,0.5942335724830627,-1.0126839392823315
UBFC_PHYS_s04_T3_test,84,145,88.83333333333333,0.48889434337615967,-0.7077660914832982
UBFC_PHYS_s04_T3_test,84,146,88.86666666666666,0.17195089161396027,-0.32573279467104815
UBFC_PHYS_s04_T3_test,84,147,88.9,-0.2945041358470917,0.10572447556597356
UBFC_PHYS_s04_T3_test,84,148,88.93333333333334,-0.7731204032897949,0.546012124282793
UBFC_PHYS_s04_T3_test,84,149,88.96666666666667,-1.2194528579711914,0.9483548680684626
UBFC_PHYS_s04_T3_test,84,150,89.0,-1.590703010559082,1.2692492957860126
UBFC_PHYS_s04_T3_test,84,151,89.03333333333333,-1.7546755075454712,1.4776523012444989
UBFC_PHYS_s04_T3_test,84,152,89.06666666666666,-1.6838419437408447,1.5606801416719214
UBFC_PHYS_s04_T3_test,84,153,89.1,-1.446550965309143,1.5237293149099354
UBFC_PHYS_s04_T3_test,84,154,89.13333333333334,-1.0282635688781738,1.3852854463157216
UBFC_PHYS_s04_T3_test,84,155,89.16666666666667,-0.39650097489356995,1.1690415870092143
UBFC_PHYS_s04_T3_test,84,156,89.2,0.3136180341243744,0.8969272535197942
UBFC_PHYS_s04_T3_test,84,157,89.23333333333333,0.8861236572265625,0.5857275690617444
UBFC_PHYS_s04_T3_test,84,158,89.26666666666667,1.2371829748153687,0.24771359960961795
UBFC_PHYS_s04_T3_test,84,159,89.3,1.426550030708313,-0.1063543474615653
UBFC_PHYS_s04_T3_test,84,160,89.33333333333333,1.5066702365875244,-0.4640681534571388
UBFC_PHYS_s04_T3_test,84,161,89.36666666666666,1.494674563407898,-0.8094556272266675
UBFC_PHYS_s04_T3_test,84,162,89.4,1.4246498346328735,-1.122449241718266
UBFC_PHYS_s04_T3_test,84,163,89.43333333333334,1.313366413116455,-1.379250737186896
UBFC_PHYS_s04_T3_test,84,164,89.46666666666667,1.1290276050567627,-1.5534888445184722
UBFC_PHYS_s04_T3_test,84,165,89.5,0.8772170543670654,-1.618736669000989
UBFC_PHYS_s04_T3_test,84,166,89.53333333333333,0.6466401219367981,-1.5529661986692345
UBFC_PHYS_s04_T3_test,84,167,89.56666666666666,0.47223106026649475,-1.344726441966871
UBFC_PHYS_s04_T3_test,84,168,89.6,0.29256969690322876,-0.9996503810202068
UBFC_PHYS_s04_T3_test,84,169,89.63333333333334,0.1031636893749237,-0.5448379575809974
UBFC_PHYS_s04_T3_test,84,170,89.66666666666667,-0.012368415482342243,-0.02836525030133879
UBFC_PHYS_s04_T3_test,84,171,89.7,-0.04239156097173691,0.48766899754262794
UBFC_PHYS_s04_T3_test,84,172,89.73333333333333,-0.10274967551231384,0.939557513323309
UBFC_PHYS_s04_T3_test,84,173,89.76666666666667,-0.29000210762023926,1.2761533433461236
UBFC_PHYS_s04_T3_test,84,174,89.8,-0.5264453291893005,1.469862840724157
UBFC_PHYS_s04_T3_test,84,175,89.83333333333333,-0.6056203246116638,1.520501529582268
UBFC_PHYS_s04_T3_test,84,176,89.86666666666666,-0.409763365983963,1.4508490972498445
UBFC_PHYS_s04_T3_test,84,177,89.9,-0.07434413582086563,1.296038944800344
UBFC_PHYS_s04_T3_test,84,178,89.93333333333334,0.13474597036838531,1.0911550005844386
UBFC_PHYS_s04_T3_test,84,179,89.96666666666667,0.09489051252603531,0.8615750569564425
UBFC_PHYS_s04_T3_test,84,180,90.0,-0.11717170476913452,0.6187774519883161
UBFC_PHYS_s04_T3_test,84,181,90.03333333333333,-0.38722410798072815,0.3618809614408681
UBFC_PHYS_s04_T3_test,84,182,90.06666666666666,-0.6488181948661804,0.0834671777383485
UBFC_PHYS_s04_T3_test,84,183,90.1,-0.8419660925865173,-0.22263298473593965
UBFC_PHYS_s04_T3_test,84,184,90.13333333333334,-0.9001219272613525,-0.5542408504738366
UBFC_PHYS_s04_T3_test,84,185,90.16666666666667,-0.8101109862327576,-0.8967160146333302
UBFC_PHYS_s04_T3_test,84,186,90.2,-0.6401357054710388,-1.222971572723095
UBFC_PHYS_s04_T3_test,84,187,90.23333333333333,-0.486814022064209,-1.497341384782931
UBFC_PHYS_s04_T3_test,84,188,90.26666666666667,-0.41388535499572754,-1.6819955341561863
UBFC_PHYS_s04_T3_test,84,189,90.3,-0.42298680543899536,-1.7442413825348062
UBFC_PHYS_s04_T3_test,84,190,90.33333333333333,-0.4489269554615021,-1.6632335314738251
UBFC_PHYS_s04_T3_test,84,191,90.36666666666666,-0.43481677770614624,-1.4349586897519904
UBFC_PHYS_s04_T3_test,84,192,90.4,-0.4544716477394104,-1.074585217132098
UBFC_PHYS_s04_T3_test,84,193,90.43333333333334,-0.6343084573745728,-0.6155012241689781
UBFC_PHYS_s04_T3_test,84,194,90.46666666666667,-0.901603102684021,-0.10486142226807468
UBFC_PHYS_s04_T3_test,84,195,90.5,-1.0038337707519531,0.4037578881515811
UBFC_PHYS_s04_T3_test,84,196,90.53333333333333,-0.8208105564117432,0.8591571883487418
UBFC_PHYS_s04_T3_test,84,197,90.56666666666666,-0.49171555042266846,1.220807359410295
UBFC_PHYS_s04_T3_test,84,198,90.6,-0.16754159331321716,1.4647546200800747
UBFC_PHYS_s04_T3_test,84,199,90.63333333333334,0.08584751188755035,1.5858427668521122
UBFC_PHYS_s04_T3_test,84,200,90.66666666666667,0.24620482325553894,1.5958430310398626
UBFC_PHYS_s04_T3_test,84,201,90.7,0.33490025997161865,1.518117432585441
UBFC_PHYS_s04_T3_test,84,202,90.73333333333333,0.4235762357711792,1.3804011415349964
UBFC_PHYS_s04_T3_test,84,203,90.76666666666667,0.5581687688827515,1.2077263214348923
UBFC_PHYS_s04_T3_test,84,204,90.8,0.7028957605361938,1.0171875316781647
UBFC_PHYS_s04_T3_test,84,205,90.83333333333333,0.8147541284561157,0.815520766971437
UBFC_PHYS_s04_T3_test,84,206,90.86666666666666,0.9027479887008667,0.5997950295874306
UBFC_PHYS_s04_T3_test,84,207,90.9,0.9740395545959473,0.36097482241799084
UBFC_PHYS_s04_T3_test,84,208,90.93333333333334,0.9897575974464417,0.08954353087101337
UBFC_PHYS_s04_T3_test,84,209,90.96666666666667,0.9256380796432495,-0.21835872715735744
UBFC_PHYS_s04_T3_test,84,210,91.0,0.8542685508728027,-0.5564285142996194
UBFC_PHYS_s04_T3_test,84,211,91.03333333333333,0.8868447542190552,-0.906980084758265
UBFC_PHYS_s04_T3_test,84,212,91.06666666666666,0.9957310557365417,-1.2428789231732247
UBFC_PHYS_s04_T3_test,84,213,91.1,1.0617995262145996,-1.5310410386929896
UBFC_PHYS_s04_T3_test,84,214,91.13333333333334,1.0669445991516113,-1.736241368443581
UBFC_PHYS_s04_T3_test,84,215,91.16666666666667,1.1240967512130737,-1.8253452601263493
UBFC_PHYS_s04_T3_test,84,216,91.2,1.335837483406067,-1.7728461287684194
UBFC_PHYS_s04_T3_test,84,217,91.23333333333333,1.6748427152633667,-1.567863890183314
UBFC_PHYS_s04_T3_test,84,218,91.26666666666667,1.9408900737762451,-1.2208643743424519
UBFC_PHYS_s04_T3_test,84,219,91.3,1.8880645036697388,-0.7668465919412343
UBFC_PHYS_s04_T3_test,84,220,91.33333333333333,1.5098859071731567,-0.26208203586496387
UBFC_PHYS_s04_T3_test,84,221,91.36666666666666,1.0489463806152344,0.2262299248904675
UBFC_PHYS_s04_T3_test,84,222,91.4,0.7160801887512207,0.6348815026321749
UBFC_PHYS_s04_T3_test,84,223,91.43333333333334,0.5400340557098389,0.9192632304914444
UBFC_PHYS_s04_T3_test,84,224,91.46666666666667,0.5118331909179688,1.0624903827059509
UBFC_PHYS_s04_T3_test,84,225,91.5,0.656647801399231,1.075944616431273
UBFC_PHYS_s04_T3_test,84,226,91.53333333333333,0.9051159024238586,0.9916158928472524
UBFC_PHYS_s04_T3_test,84,227,91.56666666666666,1.0846214294433594,0.8497415572052279
UBFC_PHYS_s04_T3_test,84,228,91.6,1.054929494857788,0.6864906274689309
UBFC_PHYS_s04_T3_test,84,229,91.63333333333334,0.7103114128112793,0.5257483948195246
UBFC_PHYS_s04_T3_test,84,230,91.66666666666667,0.04263991117477417,0.37713317060275225
UBFC_PHYS_s04_T3_test,84,231,91.7,-0.743740439414978,0.23993305563556072
UBFC_PHYS_s04_T3_test,84,232,91.73333333333333,-1.3889116048812866,0.11042136530521485
UBFC_PHYS_s04_T3_test,84,233,91.76666666666667,-1.841334342956543,-0.011162659660228778
UBFC_PHYS_s04_T3_test,84,234,91.8,-2.2260711193084717,-0.11725143875273501
UBFC_PHYS_s04_T3_test,84,235,91.83333333333333,-2.6125714778900146,-0.19457754270023148
UBFC_PHYS_s04_T3_test,84,236,91.86666666666666,-2.9087979793548584,-0.2296224020882522
UBFC_PHYS_s04_T3_test,84,237,91.9,-2.9268643856048584,-0.21496094396795157
UBFC_PHYS_s04_T3_test,84,238,91.93333333333334,-2.598529577255249,-0.1535476852681983
UBFC_PHYS_s04_T3_test,84,239,91.96666666666667,-2.0859923362731934,-0.05923934224790765
UBFC_PHYS_s04_T3_test,85,0,85.0,-1.4782989025115967,-0.13598140675242854
UBFC_PHYS_s04_T3_test,85,1,85.03333333333333,-1.7007489204406738,-0.29829909962346085
UBFC_PHYS_s04_T3_test,85,2,85.06666666666666,-1.8423088788986206,-0.4367030992874044
UBFC_PHYS_s04_T3_test,85,3,85.1,-1.9359545707702637,-0.534248800687063
UBFC_PHYS_s04_T3_test,85,4,85.13333333333334,-1.8970930576324463,-0.5798619529320296
UBFC_PHYS_s04_T3_test,85,5,85.16666666666667,-1.730830430984497,-0.5693823561226435
UBFC_PHYS_s04_T3_test,85,6,85.2,-1.5858209133148193,-0.5047148802956292
UBFC_PHYS_s04_T3_test,85,7,85.23333333333333,-1.5282011032104492,-0.3916924829714317
UBFC_PHYS_s04_T3_test,85,8,85.26666666666667,-1.4855294227600098,-0.23807024534817453
UBFC_PHYS_s04_T3_test,85,9,85.3,-1.435091257095337,-0.05291169681653168
UBFC_PHYS_s04_T3_test,85,10,85.33333333333333,-1.3894767761230469,0.15261689746274046
UBFC_PHYS_s04_T3_test,85,11,85.36666666666666,-1.2595031261444092,0.36427863044209896
UBFC_PHYS_s04_T3_test,85,12,85.4,-0.9797743558883667,0.5649995411261687
UBFC_PHYS_s04_T3_test,85,13,85.43333333333334,-0.6745244264602661,0.7367505658946117
UBFC_PHYS_s04_T3_test,85,14,85.46666666666667,-0.5134168267250061,0.863352251140136
UBFC_PHYS_s04_T3_test,85,15,85.5,-0.4336279332637787,0.93299992791297
UBFC_PHYS_s04_T3_test,85,16,85.53333333333333,-0.145879328250885,0.939832460546267
UBFC_PHYS_s04_T3_test,85,17,85.56666666666666,0.43587392568588257,0.8845794313451802
UBFC_PHYS_s04_T3_test,85,18,85.6,1.0486443042755127,0.7744290829007169
UBFC_PHYS_s04_T3_test,85,19,85.63333333333334,1.4567192792892456,0.6221080787030351
UBFC_PHYS_s04_T3_test,85,20,85.66666666666667,1.710381269454956,0.44428587210081455
UBFC_PHYS_s04_T3_test,85,21,85.7,1.9095805883407593,0.2595074454997159
UBFC_PHYS_s04_T3_test,85,22,85.73333333333333,2.0209615230560303,0.08561939301593735
UBFC_PHYS_s04_T3_test,85,23,85.76666666666667,2.036426305770874,-0.06336671195170623
UBFC_PHYS_s04_T3_test,85,24,85.8,2.0177457332611084,-0.1803764486619575
UBFC_PHYS_s04_T3_test,85,25,85.83333333333333,1.9413772821426392,-0.26696091875805167
UBFC_PHYS_s04_T3_test,85,26,85.86666666666666,1.7720744609832764,-0.332174156802588
UBFC_PHYS_s04_T3_test,85,27,85.9,1.586575984954834,-0.38839976081057725
UBFC_PHYS_s04_T3_test,85,28,85.93333333333334,1.4040594100952148,-0.4457495329559074
UBFC_PHYS_s04_T3_test,85,29,85.96666666666667,1.0881391763687134,-0.507813575405451
UBFC_PHYS_s04_T3_test,85,30,86.0,0.6138202548027039,-0.5709248442084855
UBFC_PHYS_s04_T3_test,85,31,86.03333333333333,0.17053791880607605,-0.6271719379215479
UBFC_PHYS_s04_T3_test,85,32,86.06666666666666,-0.1412408947944641,-0.6694206229053109
UBFC_PHYS_s04_T3_test,85,33,86.1,-0.34209680557250977,-0.6956623567972938
UBFC_PHYS_s04_T3_test,85,34,86.13333333333334,-0.3732990324497223,-0.7104849874793769
UBFC_PHYS_s04_T3_test,85,35,86.16666666666667,-0.20604254305362701,-0.7228148401953359
UBFC_PHYS_s04_T3_test,85,36,86.2,-9.020622383104637e-05,-0.7405344126796706
UBFC_PHYS_s04_T3_test,85,37,86.23333333333333,0.08345033973455429,-0.7638454167765348
UBFC_PHYS_s04_T3_test,85,38,86.26666666666667,0.07478737831115723,-0.7801601500280932
UBFC_PHYS_s04_T3_test,85,39,86.3,0.06422422081232071,-0.7634270629611539
UBFC_PHYS_s04_T3_test,85,40,86.33333333333333,0.01827838458120823,-0.6796945281980618
UBFC_PHYS_s04_T3_test,85,41,86.36666666666666,-0.1351505070924759,-0.4983309402666378
UBFC_PHYS_s04_T3_test,85,42,86.4,-0.36913809180259705,-0.20537406011341827
UBFC_PHYS_s04_T3_test,85,43,86.43333333333334,-0.5987990498542786,0.1863806406833884
UBFC_PHYS_s04_T3_test,85,44,86.46666666666667,-0.7903878688812256,0.6353572078068365
UBFC_PHYS_s04_T3_test,85,45,86.5,-0.9251947999000549,1.0790949981831917
UBFC_PHYS_s04_T3_test,85,46,86.53333333333333,-0.9197086095809937,1.4498379163726378
UBFC_PHYS_s04_T3_test,85,47,86.56666666666666,-0.7433896064758301,1.6921432552723077
UBFC_PHYS_s04_T3_test,85,48,86.6,-0.49458047747612,1.7757216025135794
UBFC_PHYS_s04_T3_test,85,49,86.63333333333334,-0.28039392828941345,1.6989746773045136
UBFC_PHYS_s04_T3_test,85,50,86.66666666666667,-0.15751439332962036,1.4834954813804582
UBFC_PHYS_s04_T3_test,85,51,86.7,-0.210807666182518,1.163854666400455
UBFC_PHYS_s04_T3_test,85,52,86.73333333333333,-0.4304511845111847,0.7776688166187988
UBFC_PHYS_s04_T3_test,85,53,86.76666666666667,-0.562276303768158,0.35903523043080704
UBFC_PHYS_s04_T3_test,85,54,86.8,-0.4363759160041809,-0.06389315914741032
UBFC_PHYS_s04_T3_test,85,55,86.83333333333333,-0.24984458088874817,-0.4680859413079336
UBFC_PHYS_s04_T3_test,85,56,86.86666666666666,-0.18167127668857574,-0.8332956665819939
UBFC_PHYS_s04_T3_test,85,57,86.9,-0.128923699259758,-1.1399300916283095
UBFC_PHYS_s04_T3_test,85,58,86.93333333333334,0.004294868558645248,-1.3682535588847045
UBFC_PHYS_s04_T3_test,85,59,86.96666666666667,0.14230778813362122,-1.4992794013728035
UBFC_PHYS_s04_T3_test,85,60,87.0,0.2434276044368744,-1.5171934449192535
UBFC_PHYS_s04_T3_test,85,61,87.03333333333333,0.3206633925437927,-1.4128748198667391
UBFC_PHYS_s04_T3_test,85,62,87.06666666666666,0.30197322368621826,-1.1878515177611833
UBFC_PHYS_s04_T3_test,85,63,87.1,0.1586495041847229,-0.8576581294825809
UBFC_PHYS_s04_T3_test,85,64,87.13333333333334,0.013630205765366554,-0.45312326614847
UBFC_PHYS_s04_T3_test,85,65,87.16666666666667,-0.04018927738070488,-0.018048617535423698
UBFC_PHYS_s04_T3_test,85,66,87.2,-0.039380475878715515,0.39747196381700245
UBFC_PHYS_s04_T3_test,85,67,87.23333333333333,-0.035073358565568924,0.7470983810814339
UBFC_PHYS_s04_T3_test,85,68,87.26666666666667,-0.048764534294605255,0.9985693875811608
UBFC_PHYS_s04_T3_test,85,69,87.3,-0.09565560519695282,1.140197812554217
UBFC_PHYS_s04_T3_test,85,70,87.33333333333333,-0.15264208614826202,1.18057619129222
UBFC_PHYS_s04_T3_test,85,71,87.36666666666666,-0.19655129313468933,1.1415867290927872
UBFC_PHYS_s04_T3_test,85,72,87.4,-0.2719648480415344,1.0481952144838815
UBFC_PHYS_s04_T3_test,85,73,87.43333333333334,-0.42828789353370667,0.919899655393774
UBFC_PHYS_s04_T3_test,85,74,87.46666666666667,-0.6367153525352478,0.7670090568271573
UBFC_PHYS_s04_T3_test,85,75,87.5,-0.8440709114074707,0.5918447933650757
UBFC_PHYS_s04_T3_test,85,76,87.53333333333333,-1.0416624546051025,0.3928385390224973
UBFC_PHYS_s04_T3_test,85,77,87.56666666666666,-1.2284666299819946,0.16902671892699198
UBFC_PHYS_s04_T3_test,85,78,87.6,-1.374548077583313,-0.07687231780897626
UBFC_PHYS_s04_T3_test,85,79,87.63333333333334,-1.4322750568389893,-0.33746725575015674
UBFC_PHYS_s04_T3_test,85,80,87.66666666666667,-1.3464056253433228,-0.6014534609057092
UBFC_PHYS_s04_T3_test,85,81,87.7,-1.1237802505493164,-0.855212100635838
UBFC_PHYS_s04_T3_test,85,82,87.73333333333333,-0.88495934009552,-1.0842300568512484
UBFC_PHYS_s04_T3_test,85,83,87.76666666666667,-0.7633270621299744,-1.2736244623799728
UBFC_PHYS_s04_T3_test,85,84,87.8,-0.774348258972168,-1.4076644669211666
UBFC_PHYS_s04_T3_test,85,85,87.83333333333333,-0.8384677767753601,-1.4689791470104538
UBFC_PHYS_s04_T3_test,85,86,87.86666666666666,-0.8595941066741943,-1.4388348153308443
UBFC_PHYS_s04_T3_test,85,87,87.9,-0.7665720582008362,-1.2999118627179824
UBFC_PHYS_s04_T3_test,85,88,87.93333333333334,-0.5668367743492126,-1.0420300037617467
UBFC_PHYS_s04_T3_test,85,89,87.96666666666667,-0.34398725628852844,-0.6694511286221041
UBFC_PHYS_s04_T3_test,85,90,88.0,-0.16540752351284027,-0.20657381367793437
UBFC_PHYS_s04_T3_test,85,91,88.03333333333333,-0.0517951101064682,0.3016572584651291
UBFC_PHYS_s04_T3_test,85,92,88.06666666666666,-0.023496760055422783,0.7966304992987725
UBFC_PHYS_s04_T3_test,85,93,88.1,-0.08264654874801636,1.2188961466875998
UBFC_PHYS_s04_T3_test,85,94,88.13333333333334,-0.1737878918647766,1.5222813234420791
UBFC_PHYS_s04_T3_test,85,95,88.16666666666667,-0.24901628494262695,1.6836103379864809
UBFC_PHYS_s04_T3_test,85,96,88.2,-0.29865533113479614,1.7046219398715048
UBFC_PHYS_s04_T3_test,85,97,88.23333333333333,-0.3066848814487457,1.6064467458824307
UBFC_PHYS_s04_T3_test,85,98,88.26666666666667,-0.27917584776878357,1.4198107178454331
UBFC_PHYS_s04_T3_test,85,99,88.3,-0.271146297454834,1.1751087513263736
UBFC_PHYS_s04_T3_test,85,100,88.33333333333333,-0.3078737258911133,0.8958521438622888
UBFC_PHYS_s04_T3_test,85,101,88.36666666666666,-0.3648602068424225,0.5970921890323962
UBFC_PHYS_s04_T3_test,85,102,88.4,-0.4017338156700134,0.28799676907294075
UBFC_PHYS_s04_T3_test,85,103,88.43333333333334,-0.35158804059028625,-0.023900153111016495
UBFC_PHYS_s04_T3_test,85,104,88.46666666666667,-0.15580908954143524,-0.3293054453794987
UBFC_PHYS_s04_T3_test,85,105,88.5,0.1533874124288559,-0.6160638647349514
UBFC_PHYS_s04_T3_test,85,106,88.53333333333333,0.4736245572566986,-0.8704644125220208
UBFC_PHYS_s04_T3_test,85,107,88.56666666666666,0.6892825365066528,-1.079974263809337
UBFC_PHYS_s04_T3_test,85,108,88.6,0.6840399503707886,-1.2357521685063904
UBFC_PHYS_s04_T3_test,85,109,88.63333333333334,0.45806241035461426,-1.3334423154924904
UBFC_PHYS_s04_T3_test,85,110,88.66666666666667,0.2311006784439087,-1.3717965657250424
UBFC_PHYS_s04_T3_test,85,111,88.7,0.2268812656402588,-1.3500095855984378
UBFC_PHYS_s04_T3_test,85,112,88.73333333333333,0.3980453610420227,-1.2654690778613154
UBFC_PHYS_s04_T3_test,85,113,88.76666666666667,0.5498273968696594,-1.1134772312265153
UBFC_PHYS_s04_T3_test,85,114,88.8,0.5942335724830627,-0.8894924978537354
UBFC_PHYS_s04_T3_test,85,115,88.83333333333333,0.48889434337615967,-0.5932235778132451
UBFC_PHYS_s04_T3_test,85,116,88.86666666666666,0.17195089161396027,-0.23310835728856494
UBFC_PHYS_s04_T3_test,85,117,88.9,-0.2945041358470917,0.17059928369406968
UBFC_PHYS_s04_T3_test,85,118,88.93333333333334,-0.7731204032897949,0.5857907719638799
UBFC_PHYS_s04_T3_test,85,119,88.96666666666667,-1.2194528579711914,0.9723655886525547
UBFC_PHYS_s04_T3_test,85,120,89.0,-1.590703010559082,1.2893418503541612
UBFC_PHYS_s04_T3_test,85,121,89.03333333333333,-1.7546755075454712,1.5030487061905229
UBFC_PHYS_s04_T3_test,85,122,89.06666666666666,-1.6838419437408447,1.593608498503937
UBFC_PHYS_s04_T3_test,85,123,89.1,-1.446550965309143,1.5576273686030717
UBFC_PHYS_s04_T3_test,85,124,89.13333333333334,-1.0282635688781738,1.4067529835615953
UBFC_PHYS_s04_T3_test,85,125,89.16666666666667,-0.39650097489356995,1.1633953843101736
UBFC_PHYS_s04_T3_test,85,126,89.2,0.3136180341243744,0.855486899437064
UBFC_PHYS_s04_T3_test,85,127,89.23333333333333,0.8861236572265625,0.5118180919174403
UBFC_PHYS_s04_T3_test,85,128,89.26666666666667,1.2371829748153687,0.15879801355626533
UBFC_PHYS_s04_T3_test,85,129,89.3,1.426550030708313,-0.18133843801958288
UBFC_PHYS_s04_T3_test,85,130,89.33333333333333,1.5066702365875244,-0.49155942899511984
UBFC_PHYS_s04_T3_test,85,131,89.36666666666666,1.494674563407898,-0.7608765964648079
UBFC_PHYS_s04_T3_test,85,132,89.4,1.4246498346328735,-0.9845462915232035
UBFC_PHYS_s04_T3_test,85,133,89.43333333333334,1.313366413116455,-1.1625283388431518
UBFC_PHYS_s04_T3_test,85,134,89.46666666666667,1.1290276050567627,-1.2958772334671085
UBFC_PHYS_s04_T3_test,85,135,89.5,0.8772170543670654,-1.382229555187383
UBFC_PHYS_s04_T3_test,85,136,89.53333333333333,0.6466401219367981,-1.412457205265706
UBFC_PHYS_s04_T3_test,85,137,89.56666666666666,0.47223106026649475,-1.370446316172057
UBFC_PHYS_s04_T3_test,85,138,89.6,0.29256969690322876,-1.236998113947747
UBFC_PHYS_s04_T3_test,85,139,89.63333333333334,0.1031636893749237,-0.9973192200460862
UBFC_PHYS_s04_T3_test,85,140,89.66666666666667,-0.012368415482342243,-0.6499064846996611
UBFC_PHYS_s04_T3_test,85,141,89.7,-0.04239156097173691,-0.21341267483494647
UBFC_PHYS_s04_T3_test,85,142,89.73333333333333,-0.10274967551231384,0.27201533449369986
UBFC_PHYS_s04_T3_test,85,143,89.76666666666667,-0.29000210762023926,0.7507751490307968
UBFC_PHYS_s04_T3_test,85,144,89.8,-0.5264453291893005,1.163925453215403
UBFC_PHYS_s04_T3_test,85,145,89.83333333333333,-0.6056203246116638,1.463170407311673
UBFC_PHYS_s04_T3_test,85,146,89.86666666666666,-0.409763365983963,1.6216030840776536
UBFC_PHYS_s04_T3_test,85,147,89.9,-0.07434413582086563,1.637571754217557
UBFC_PHYS_s04_T3_test,85,148,89.93333333333334,0.13474597036838531,1.5310005799093072
UBFC_PHYS_s04_T3_test,85,149,89.96666666666667,0.09489051252603531,1.334417614842542
UBFC_PHYS_s04_T3_test,85,150,90.0,-0.11717170476913452,1.0824891854893817
UBFC_PHYS_s04_T3_test,85,151,90.03333333333333,-0.38722410798072815,0.8036812993309034
UBFC_PHYS_s04_T3_test,85,152,90.06666666666666,-0.6488181948661804,0.5162008281972098
UBFC_PHYS_s04_T3_test,85,153,90.1,-0.8419660925865173,0.22841688393923465
UBFC_PHYS_s04_T3_test,85,154,90.13333333333334,-0.9001219272613525,-0.05763453618135026
UBFC_PHYS_s04_T3_test,85,155,90.16666666666667,-0.8101109862327576,-0.3417204925561583
UBFC_PHYS_s04_T3_test,85,156,90.2,-0.6401357054710388,-0.6215435089919097
UBFC_PHYS_s04_T3_test,85,157,90.23333333333333,-0.486814022064209,-0.8902887364556074
UBFC_PHYS_s04_T3_test,85,158,90.26666666666667,-0.41388535499572754,-1.1355130657559114
UBFC_PHYS_s04_T3_test,85,159,90.3,-0.42298680543899536,-1.3390812612681375
UBFC_PHYS_s04_T3_test,85,160,90.33333333333333,-0.4489269554615021,-1.4782319051866728
UBFC_PHYS_s04_T3_test,85,161,90.36666666666666,-0.43481677770614624,-1.5282237550421183
UBFC_PHYS_s04_T3_test,85,162,90.4,-0.4544716477394104,-1.466833042161803
UBFC_PHYS_s04_T3_test,85,163,90.43333333333334,-0.6343084573745728,-1.2804196467954152
UBFC_PHYS_s04_T3_test,85,164,90.46666666666667,-0.901603102684021,-0.9706197055999307
UBFC_PHYS_s04_T3_test,85,165,90.5,-1.0038337707519531,-0.5596752218948836
UBFC_PHYS_s04_T3_test,85,166,90.53333333333333,-0.8208105564117432,-0.09128566142507237
UBFC_PHYS_s04_T3_test,85,167,90.56666666666666,-0.49171555042266846,0.3755894568906825
UBFC_PHYS_s04_T3_test,85,168,90.6,-0.16754159331321716,0.7794467622236322
UBFC_PHYS_s04_T3_test,85,169,90.63333333333334,0.08584751188755035,1.0712894299032494
UBFC_PHYS_s04_T3_test,85,170,90.66666666666667,0.24620482325553894,1.226295493471206
UBFC_PHYS_s04_T3_test,85,171,90.7,0.33490025997161865,1.2478034055869707
UBFC_PHYS_s04_T3_test,85,172,90.73333333333333,0.4235762357711792,1.162739475609391
UBFC_PHYS_s04_T3_test,85,173,90.76666666666667,0.5581687688827515,1.0110381899789511
UBFC_PHYS_s04_T3_test,85,174,90.8,0.7028957605361938,0.8332902444125652
UBFC_PHYS_s04_T3_test,85,175,90.83333333333333,0.8147541284561157,0.6605062726407203
UBFC_PHYS_s04_T3_test,85,176,90.86666666666666,0.9027479887008667,0.5082790804287156
UBFC_PHYS_s04_T3_test,85,177,90.9,0.9740395545959473,0.3758692271518582
UBFC_PHYS_s04_T3_test,85,178,90.93333333333334,0.9897575974464417,0.249597614251044
UBFC_PHYS_s04_T3_test,85,179,90.96666666666667,0.9256380796432495,0.10937513450460656
UBFC_PHYS_s04_T3_test,85,180,91.0,0.8542685508728027,-0.06315268313068022
UBFC_PHYS_s04_T3_test,85,181,91.03333333333333,0.8868447542190552,-0.2766933388830031
UBFC_PHYS_s04_T3_test,85,182,91.06666666666666,0.9957310557365417,-0.5246641682007753
UBFC_PHYS_s04_T3_test,85,183,91.1,1.0617995262145996,-0.7836059007764234
UBFC_PHYS_s04_T3_test,85,184,91.13333333333334,1.0669445991516113,-1.0165558077063934
UBFC_PHYS_s04_T3_test,85,185,91.16666666666667,1.1240967512130737,-1.1809724727324005
UBFC_PHYS_s04_T3_test,85,186,91.2,1.335837483406067,-1.239475743125952
UBFC_PHYS_s04_T3_test,85,187,91.23333333333333,1.6748427152633667,-1.1706615041887483
UBFC_PHYS_s04_T3_test,85,188,91.26666666666667,1.9408900737762451,-0.9768187811772631
UBFC_PHYS_s04_T3_test,85,189,91.3,1.8880645036697388,-0.6856468841669209
UBFC_PHYS_s04_T3_test,85,190,91.33333333333333,1.5098859071731567,-0.3443042255943358
UBFC_PHYS_s04_T3_test,85,191,91.36666666666666,1.0489463806152344,-0.00679956982906391
UBFC_PHYS_s04_T3_test,85,192,91.4,0.7160801887512207,0.2808216351210026
UBFC_PHYS_s04_T3_test,85,193,91.43333333333334,0.5400340557098389,0.4916083561714988
UBFC_PHYS_s04_T3_test,85,194,91.46666666666667,0.5118331909179688,0.6215371770233227
UBFC_PHYS_s04_T3_test,85,195,91.5,0.656647801399231,0.6862223964928267
UBFC_PHYS_s04_T3_test,85,196,91.53333333333333,0.9051159024238586,0.7129785926703398
UBFC_PHYS_s04_T3_test,85,197,91.56666666666666,1.0846214294433594,0.7310269075169238
UBFC_PHYS_s04_T3_test,85,198,91.6,1.054929494857788,0.7620811071392135
UBFC_PHYS_s04_T3_test,85,199,91.63333333333334,0.7103114128112793,0.8133081825886175
UBFC_PHYS_s04_T3_test,85,200,91.66666666666667,0.04263991117477417,0.8748975657213329
UBFC_PHYS_s04_T3_test,85,201,91.7,-0.743740439414978,0.9237721970624607
UBFC_PHYS_s04_T3_test,85,202,91.73333333333333,-1.3889116048812866,0.9324647873584654
UBFC_PHYS_s04_T3_test,85,203,91.76666666666667,-1.841334342956543,0.8795016269370473
UBFC_PHYS_s04_T3_test,85,204,91.8,-2.2260711193084717,0.7569107258972352
UBFC_PHYS_s04_T3_test,85,205,91.83333333333333,-2.6125714778900146,0.5720515170819247
UBFC_PHYS_s04_T3_test,85,206,91.86666666666666,-2.9087979793548584,0.3437775462610856
UBFC_PHYS_s04_T3_test,85,207,91.9,-2.9268643856048584,0.09534496373263801
UBFC_PHYS_s04_T3_test,85,208,91.93333333333334,-2.598529577255249,-0.15272632561849098
UBFC_PHYS_s04_T3_test,85,209,91.96666666666667,-2.0859923362731934,-0.387359283152301
UBFC_PHYS_s04_T3_test,85,210,92.0,-1.5895336866378784,-0.6041208087344078
UBFC_PHYS_s04_T3_test,85,211,92.03333333333333,-1.1759235858917236,-0.8050838084363069
UBFC_PHYS_s04_T3_test,85,212,92.06666666666666,-0.8425702452659607,-0.9942179899683653
UBFC_PHYS_s04_T3_test,85,213,92.1,-0.5966357588768005,-1.1716773063119776
UBFC_PHYS_s04_T3_test,85,214,92.13333333333334,-0.4266897737979889,-1.3289416978950324
UBFC_PHYS_s04_T3_test,85,215,92.16666666666667,-0.3125024139881134,-1.4469861800336217
UBFC_PHYS_s04_T3_test,85,216,92.2,-0.24094773828983307,-1.4989382134185736
UBFC_PHYS_s04_T3_test,85,217,92.23333333333333,-0.1917179673910141,-1.4571626048011426
UBFC_PHYS_s04_T3_test,85,218,92.26666666666667,-0.14732152223587036,-1.3029491824052353
UBFC_PHYS_s04_T3_test,85,219,92.3,-0.12079669535160065,-1.035618521022808
UBFC_PHYS_s04_T3_test,85,220,92.33333333333333,-0.13125266134738922,-0.6774592416543918
UBFC_PHYS_s04_T3_test,85,221,92.36666666666666,-0.1685647815465927,-0.271755357355218
UBFC_PHYS_s04_T3_test,85,222,92.4,-0.22869877517223358,0.12671714525720393
UBFC_PHYS_s04_T3_test,85,223,92.43333333333334,-0.3434220850467682,0.46618106506077855
UBFC_PHYS_s04_T3_test,85,224,92.46666666666667,-0.5019181370735168,0.7117935574155163
UBFC_PHYS_s04_T3_test,85,225,92.5,-0.5583102107048035,0.8531419152083621
UBFC_PHYS_s04_T3_test,85,226,92.53333333333333,-0.3187292218208313,0.9027871514070742
UBFC_PHYS_s04_T3_test,85,227,92.56666666666666,0.18758125603199005,0.8877936397064986
UBFC_PHYS_s04_T3_test,85,228,92.6,0.7118997573852539,0.8385613277524957
UBFC_PHYS_s04_T3_test,85,229,92.63333333333334,1.0066742897033691,0.7792441002339631
UBFC_PHYS_s04_T3_test,85,230,92.66666666666667,0.9825563430786133,0.7226661749351625
UBFC_PHYS_s04_T3_test,85,231,92.7,0.6630500555038452,0.6705412904953307
UBFC_PHYS_s04_T3_test,85,232,92.73333333333333,0.11977824568748474,0.6175525235799495
UBFC_PHYS_s04_T3_test,85,233,92.76666666666667,-0.4949605166912079,0.5566079111668542
UBFC_PHYS_s04_T3_test,85,234,92.8,-0.9799790382385254,0.48298147798847463
UBFC_PHYS_s04_T3_test,85,235,92.83333333333333,-1.2977800369262695,0.3963045198393902
UBFC_PHYS_s04_T3_test,85,236,92.86666666666666,-1.5770410299301147,0.3004027718739875
UBFC_PHYS_s04_T3_test,85,237,92.9,-1.8157742023468018,0.20155160590300855
UBFC_PHYS_s04_T3_test,85,238,92.93333333333334,-1.8386350870132446,0.10607438258976636
UBFC_PHYS_s04_T3_test,85,239,92.96666666666667,-1.6584182977676392,0.018436756923546255
UBFC_PHYS_s04_T3_test,86,0,86.0,0.6138202548027039,-0.0662963969667442
UBFC_PHYS_s04_T3_test,86,1,86.03333333333333,0.17053791880607605,-0.24185233164751893
UBFC_PHYS_s04_T3_test,86,2,86.06666666666666,-0.1412408947944641,-0.4147205409677339
UBFC_PHYS_s04_T3_test,86,3,86.1,-0.34209680557250977,-0.584742415981375
UBFC_PHYS_s04_T3_test,86,4,86.13333333333334,-0.3732990324497223,-0.7520778252319065
UBFC_PHYS_s04_T3_test,86,5,86.16666666666667,-0.20604254305362701,-0.9156738029835646
UBFC_PHYS_s04_T3_test,86,6,86.2,-9.020622383104637e-05,-1.0701839312060641
UBFC_PHYS_s04_T3_test,86,7,86.23333333333333,0.08345033973455429,-1.202444985842461
UBFC_PHYS_s04_T3_test,86,8,86.26666666666667,0.07478737831115723,-1.2895489823147959
UBFC_PHYS_s04_T3_test,86,9,86.3,0.06422422081232071,-1.3006429366797774
UBFC_PHYS_s04_T3_test,86,10,86.33333333333333,0.01827838458120823,-1.2036504131010726
UBFC_PHYS_s04_T3_test,86,11,86.36666666666666,-0.1351505070924759,-0.9760941851028202
UBFC_PHYS_s04_T3_test,86,12,86.4,-0.36913809180259705,-0.6166825578741744
UBFC_PHYS_s04_T3_test,86,13,86.43333333333334,-0.5987990498542786,-0.15275058903071026
UBFC_PHYS_s04_T3_test,86,14,86.46666666666667,-0.7903878688812256,0.3606901306178391
UBFC_PHYS_s04_T3_test,86,15,86.5,-0.9251947999000549,0.851576574489662
UBFC_PHYS_s04_T3_test,86,16,86.53333333333333,-0.9197086095809937,1.2482696494389234
UBFC_PHYS_s04_T3_test,86,17,86.56666666666666,-0.7433896064758301,1.4977886650576524
UBFC_PHYS_s04_T3_test,86,18,86.6,-0.49458047747612,1.5780343831656596
UBFC_PHYS_s04_T3_test,86,19,86.63333333333334,-0.28039392828941345,1.4995967081741721
UBFC_PHYS_s04_T3_test,86,20,86.66666666666667,-0.15751439332962036,1.2971629918279317
UBFC_PHYS_s04_T3_test,86,21,86.7,-0.210807666182518,1.014830068329424
UBFC_PHYS_s04_T3_test,86,22,86.73333333333333,-0.4304511845111847,0.6916887756641694
UBFC_PHYS_s04_T3_test,86,23,86.76666666666667,-0.562276303768158,0.35315475062315566
UBFC_PHYS_s04_T3_test,86,24,86.8,-0.4363759160041809,0.010362923839669514
UBFC_PHYS_s04_T3_test,86,25,86.83333333333333,-0.24984458088874817,-0.3336755109784234
UBFC_PHYS_s04_T3_test,86,26,86.86666666666666,-0.18167127668857574,-0.6748212628355341
UBFC_PHYS_s04_T3_test,86,27,86.9,-0.128923699259758,-0.9996918965578162
UBFC_PHYS_s04_T3_test,86,28,86.93333333333334,0.004294868558645248,-1.2819936170317976
UBFC_PHYS_s04_T3_test,86,29,86.96666666666667,0.14230778813362122,-1.484831121298752
UBFC_PHYS_s04_T3_test,86,30,87.0,0.2434276044368744,-1.5685291133973702
UBFC_PHYS_s04_T3_test,86,31,87.03333333333333,0.3206633925437927,-1.5017275043657299
UBFC_PHYS_s04_T3_test,86,32,87.06666666666666,0.30197322368621826,-1.2723198676111647
UBFC_PHYS_s04_T3_test,86,33,87.1,0.1586495041847229,-0.8945767552952497
UBFC_PHYS_s04_T3_test,86,34,87.13333333333334,0.013630205765366554,-0.4097349010723655
UBFC_PHYS_s04_T3_test,86,35,87.16666666666667,-0.04018927738070488,0.12077407757323232
UBFC_PHYS_s04_T3_test,86,36,87.2,-0.039380475878715515,0.6279614490231222
UBFC_PHYS_s04_T3_test,86,37,87.23333333333333,-0.035073358565568924,1.0502201700875053
UBFC_PHYS_s04_T3_test,86,38,87.26666666666667,-0.048764534294605255,1.345930234191934
UBFC_PHYS_s04_T3_test,86,39,87.3,-0.09565560519695282,1.4997098399855007
UBFC_PHYS_s04_T3_test,86,40,87.33333333333333,-0.15264208614826202,1.5206552122432144
UBFC_PHYS_s04_T3_test,86,41,87.36666666666666,-0.19655129313468933,1.434066356618485
UBFC_PHYS_s04_T3_test,86,42,87.4,-0.2719648480415344,1.2706269842213023
UBFC_PHYS_s04_T3_test,86,43,87.43333333333334,-0.42828789353370667,1.057497621739102
UBFC_PHYS_s04_T3_test,86,44,87.46666666666667,-0.6367153525352478,0.8140251489146727
UBFC_PHYS_s04_T3_test,86,45,87.5,-0.8440709114074707,0.5520627131111377
UBFC_PHYS_s04_T3_test,86,46,87.53333333333333,-1.0416624546051025,0.2789184489879457
UBFC_PHYS_s04_T3_test,86,47,87.56666666666666,-1.2284666299819946,0.0005292694588309148
UBFC_PHYS_s04_T3_test,86,48,87.6,-1.374548077583313,-0.2766086873227759
UBFC_PHYS_s04_T3_test,86,49,87.63333333333334,-1.4322750568389893,-0.5449173018525366
UBFC_PHYS_s04_T3_test,86,50,87.66666666666667,-1.3464056253433228,-0.7960415558905024
UBFC_PHYS_s04_T3_test,86,51,87.7,-1.1237802505493164,-1.0213103704030388
UBFC_PHYS_s04_T3_test,86,52,87.73333333333333,-0.88495934009552,-1.2118895541399817
UBFC_PHYS_s04_T3_test,86,53,87.76666666666667,-0.7633270621299744,-1.358436566208382
UBFC_PHYS_s04_T3_test,86,54,87.8,-0.774348258972168,-1.450356511734505
UBFC_PHYS_s04_T3_test,86,55,87.83333333333333,-0.8384677767753601,-1.4751676553531996
UBFC_PHYS_s04_T3_test,86,56,87.86666666666666,-0.8595941066741943,-1.4189422985239932
UBFC_PHYS_s04_T3_test,86,57,87.9,-0.7665720582008362,-1.268806940303415
UBFC_PHYS_s04_T3_test,86,58,87.93333333333334,-0.5668367743492126,-1.0176713347121265
UBFC_PHYS_s04_T3_test,86,59,87.96666666666667,-0.34398725628852844,-0.6699234053173917
UBFC_PHYS_s04_T3_test,86,60,88.0,-0.16540752351284027,-0.24556666383788558
UBFC_PHYS_s04_T3_test,86,61,88.03333333333333,-0.0517951101064682,0.2197163699336278
UBFC_PHYS_s04_T3_test,86,62,88.06666666666666,-0.023496760055422783,0.6794404678849743
UBFC_PHYS_s04_T3_test,86,63,88.1,-0.08264654874801636,1.0848301928377457
UBFC_PHYS_s04_T3_test,86,64,88.13333333333334,-0.1737878918647766,1.3943606493504452
UBFC_PHYS_s04_T3_test,86,65,88.16666666666667,-0.24901628494262695,1.5815956674823797
UBFC_PHYS_s04_T3_test,86,66,88.2,-0.29865533113479614,1.639276857401796
UBFC_PHYS_s04_T3_test,86,67,88.23333333333333,-0.3066848814487457,1.5786493177833545
UBFC_PHYS_s04_T3_test,86,68,88.26666666666667,-0.27917584776878357,1.42417298420153
UBFC_PHYS_s04_T3_test,86,69,88.3,-0.271146297454834,1.2052387850904513
UBFC_PHYS_s04_T3_test,86,70,88.33333333333333,-0.3078737258911133,0.9480152734878551
UBFC_PHYS_s04_T3_test,86,71,88.36666666666666,-0.3648602068424225,0.6707425435218484
UBFC_PHYS_s04_T3_test,86,72,88.4,-0.4017338156700134,0.3838901043805419
UBFC_PHYS_s04_T3_test,86,73,88.43333333333334,-0.35158804059028625,0.0939062330574892
UBFC_PHYS_s04_T3_test,86,74,88.46666666666667,-0.15580908954143524,-0.1923305480960489
UBFC_PHYS_s04_T3_test,86,75,88.5,0.1533874124288559,-0.465098147400539
UBFC_PHYS_s04_T3_test,86,76,88.53333333333333,0.4736245572566986,-0.7126343763889131
UBFC_PHYS_s04_T3_test,86,77,88.56666666666666,0.6892825365066528,-0.9242811875254231
UBFC_PHYS_s04_T3_test,86,78,88.6,0.6840399503707886,-1.0936280350491796
UBFC_PHYS_s04_T3_test,86,79,88.63333333333334,0.45806241035461426,-1.2192475550602226
UBFC_PHYS_s04_T3_test,86,80,88.66666666666667,0.2311006784439087,-1.3020625785193984
UBFC_PHYS_s04_T3_test,86,81,88.7,0.2268812656402588,-1.3405368105781714
UBFC_PHYS_s04_T3_test,86,82,88.73333333333333,0.3980453610420227,-1.3265178234338846
UBFC_PHYS_s04_T3_test,86,83,88.76666666666667,0.5498273968696594,-1.2446740834966064
UBFC_PHYS_s04_T3_test,86,84,88.8,0.5942335724830627,-1.076850130613978
UBFC_PHYS_s04_T3_test,86,85,88.83333333333333,0.48889434337615967,-0.8102339663051455
UBFC_PHYS_s04_T3_test,86,86,88.86666666666666,0.17195089161396027,-0.44627631351482133
UBFC_PHYS_s04_T3_test,86,87,88.9,-0.2945041358470917,-0.006617810639079782
UBFC_PHYS_s04_T3_test,86,88,88.93333333333334,-0.7731204032897949,0.4669116683757806
UBFC_PHYS_s04_T3_test,86,89,88.96666666666667,-1.2194528579711914,0.919133590523989
UBFC_PHYS_s04_T3_test,86,90,89.0,-1.590703010559082,1.2935415618631794
UBFC_PHYS_s04_T3_test,86,91,89.03333333333333,-1.7546755075454712,1.5456084011266937
UBFC_PHYS_s04_T3_test,86,92,89.06666666666666,-1.6838419437408447,1.6525661264393892
UBFC_PHYS_s04_T3_test,86,93,89.1,-1.446550965309143,1.616092364829085
UBFC_PHYS_s04_T3_test,86,94,89.13333333333334,-1.0282635688781738,1.4575450276237394
UBFC_PHYS_s04_T3_test,86,95,89.16666666666667,-0.39650097489356995,1.2086783781330526
UBFC_PHYS_s04_T3_test,86,96,89.2,0.3136180341243744,0.9021678910672415
UBFC_PHYS_s04_T3_test,86,97,89.23333333333333,0.8861236572265625,0.5653022234556313
UBFC_PHYS_s04_T3_test,86,98,89.26666666666667,1.2371829748153687,0.2178171837727885
UBFC_PHYS_s04_T3_test,86,99,89.3,1.426550030708313,-0.1271714007052883
UBFC_PHYS_s04_T3_test,86,100,89.33333333333333,1.5066702365875244,-0.4606482070536264
UBFC_PHYS_s04_T3_test,86,101,89.36666666666666,1.494674563407898,-0.7745809531027652
UBFC_PHYS_s04_T3_test,86,102,89.4,1.4246498346328735,-1.0587945874779934
UBFC_PHYS_s04_T3_test,86,103,89.43333333333334,1.313366413116455,-1.2984648798693732
UBFC_PHYS_s04_T3_test,86,104,89.46666666666667,1.1290276050567627,-1.4730773684920357
UBFC_PHYS_s04_T3_test,86,105,89.5,0.8772170543670654,-1.557765223568747
UBFC_PHYS_s04_T3_test,86,106,89.53333333333333,0.6466401219367981,-1.5275982433230653
UBFC_PHYS_s04_T3_test,86,107,89.56666666666666,0.47223106026649475,-1.3645861964510824
UBFC_PHYS_s04_T3_test,86,108,89.6,0.29256969690322876,-1.0659910523691132
UBFC_PHYS_s04_T3_test,86,109,89.63333333333334,0.1031636893749237,-0.651217692654863
UBFC_PHYS_s04_T3_test,86,110,89.66666666666667,-0.012368415482342243,-0.1636993395800755
UBFC_PHYS_s04_T3_test,86,111,89.7,-0.04239156097173691,0.3350230623349278
UBFC_PHYS_s04_T3_test,86,112,89.73333333333333,-0.10274967551231384,0.778878238000458
UBFC_PHYS_s04_T3_test,86,113,89.76666666666667,-0.29000210762023926,1.1143558258428188
UBFC_PHYS_s04_T3_test,86,114,89.8,-0.5264453291893005,1.314189362762175
UBFC_PHYS_s04_T3_test,86,115,89.83333333333333,-0.6056203246116638,1.3815209638542147
UBFC_PHYS_s04_T3_test,86,116,89.86666666666666,-0.409763365983963,1.3431503373856235
UBFC_PHYS_s04_T3_test,86,117,89.9,-0.07434413582086563,1.2358320995826955
UBFC_PHYS_s04_T3_test,86,118,89.93333333333334,0.13474597036838531,1.0920308405981085
UBFC_PHYS_s04_T3_test,86,119,89.96666666666667,0.09489051252603531,0.9305367154470103
UBFC_PHYS_s04_T3_test,86,120,90.0,-0.11717170476913452,0.7543580342607514
UBFC_PHYS_s04_T3_test,86,121,90.03333333333333,-0.38722410798072815,0.5551247593616101
UBFC_PHYS_s04_T3_test,86,122,90.06666666666666,-0.6488181948661804,0.3211739659438044
UBFC_PHYS_s04_T3_test,86,123,90.1,-0.8419660925865173,0.04589630474040946
UBFC_PHYS_s04_T3_test,86,124,90.13333333333334,-0.9001219272613525,-0.26648565389527223
UBFC_PHYS_s04_T3_test,86,125,90.16666666666667,-0.8101109862327576,-0.5991849577380995
UBFC_PHYS_s04_T3_test,86,126,90.2,-0.6401357054710388,-0.9250375497101608
UBFC_PHYS_s04_T3_test,86,127,90.23333333333333,-0.486814022064209,-1.211209961961984
UBFC_PHYS_s04_T3_test,86,128,90.26666666666667,-0.41388535499572754,-1.424551004119978
UBFC_PHYS_s04_T3_test,86,129,90.3,-0.42298680543899536,-1.5362118062469867
UBFC_PHYS_s04_T3_test,86,130,90.33333333333333,-0.4489269554615021,-1.5252798629724338
UBFC_PHYS_s04_T3_test,86,131,90.36666666666666,-0.43481677770614624,-1.3819383044634268
UBFC_PHYS_s04_T3_test,86,132,90.4,-0.4544716477394104,-1.1103983945160536
UBFC_PHYS_s04_T3_test,86,133,90.43333333333334,-0.6343084573745728,-0.7309864153817229
UBFC_PHYS_s04_T3_test,86,134,90.46666666666667,-0.901603102684021,-0.2801232074944397
UBFC_PHYS_s04_T3_test,86,135,90.5,-1.0038337707519531,0.19310156691654112
UBFC_PHYS_s04_T3_test,86,136,90.53333333333333,-0.8208105564117432,0.6343336117468386
UBFC_PHYS_s04_T3_test,86,137,90.56666666666666,-0.49171555042266846,0.9942291541490199
UBFC_PHYS_s04_T3_test,86,138,90.6,-0.16754159331321716,1.2384201787219808
UBFC_PHYS_s04_T3_test,86,139,90.63333333333334,0.08584751188755035,1.3533403910799844
UBFC_PHYS_s04_T3_test,86,140,90.66666666666667,0.24620482325553894,1.34592767168344
UBFC_PHYS_s04_T3_test,86,141,90.7,0.33490025997161865,1.2381070731452353
UBFC_PHYS_s04_T3_test,86,142,90.73333333333333,0.4235762357711792,1.058810550061674
UBFC_PHYS_s04_T3_test,86,143,90.76666666666667,0.5581687688827515,0.8365031642367636
UBFC_PHYS_s04_T3_test,86,144,90.8,0.7028957605361938,0.5942152807723089
UBFC_PHYS_s04_T3_test,86,145,90.83333333333333,0.8147541284561157,0.3476400599277587
UBFC_PHYS_s04_T3_test,86,146,90.86666666666666,0.9027479887008667,0.10564721394965337
UBFC_PHYS_s04_T3_test,86,147,90.9,0.9740395545959473,-0.12792806792473838
UBFC_PHYS_s04_T3_test,86,148,90.93333333333334,0.9897575974464417,-0.3520921741564398
UBFC_PHYS_s04_T3_test,86,149,90.96666666666667,0.9256380796432495,-0.5663925642360985
UBFC_PHYS_s04_T3_test,86,150,91.0,0.8542685508728027,-0.7684770443305828
UBFC_PHYS_s04_T3_test,86,151,91.03333333333333,0.8868447542190552,-0.9516161309741766
UBFC_PHYS_s04_T3_test,86,152,91.06666666666666,0.9957310557365417,-1.1027728219244393
UBFC_PHYS_s04_T3_test,86,153,91.1,1.0617995262145996,-1.202294624531765
UBFC_PHYS_s04_T3_test,86,154,91.13333333333334,1.0669445991516113,-1.2263744108973955
UBFC_PHYS_s04_T3_test,86,155,91.16666666666667,1.1240967512130737,-1.1527325139076725
UBFC_PHYS_s04_T3_test,86,156,91.2,1.335837483406067,-0.9685426010400575
UBFC_PHYS_s04_T3_test,86,157,91.23333333333333,1.6748427152633667,-0.678045160296167
UBFC_PHYS_s04_T3_test,86,158,91.26666666666667,1.9408900737762451,-0.3064636297170183
UBFC_PHYS_s04_T3_test,86,159,91.3,1.8880645036697388,0.10243081830088588
UBFC_PHYS_s04_T3_test,86,160,91.33333333333333,1.5098859071731567,0.49538958235977976
UBFC_PHYS_s04_T3_test,86,161,91.36666666666666,1.0489463806152344,0.8227483393306086
UBFC_PHYS_s04_T3_test,86,162,91.4,0.7160801887512207,1.0508430264541337
UBFC_PHYS_s04_T3_test,86,163,91.43333333333334,0.5400340557098389,1.169072242512876
UBFC_PHYS_s04_T3_test,86,164,91.46666666666667,0.5118331909179688,1.1889344035836935
UBFC_PHYS_s04_T3_test,86,165,91.5,0.656647801399231,1.1357940753667666
UBFC_PHYS_s04_T3_test,86,166,91.53333333333333,0.9051159024238586,1.0374177989853541
UBFC_PHYS_s04_T3_test,86,167,91.56666666666666,1.0846214294433594,0.9144850460386703
UBFC_PHYS_s04_T3_test,86,168,91.6,1.054929494857788,0.7765000153578538
UBFC_PHYS_s04_T3_test,86,169,91.63333333333334,0.7103114128112793,0.6233667148038508
UBFC_PHYS_s04_T3_test,86,170,91.66666666666667,0.04263991117477417,0.4505123686422758
UBFC_PHYS_s04_T3_test,86,171,91.7,-0.743740439414978,0.2546874385301636
UBFC_PHYS_s04_T3_test,86,172,91.73333333333333,-1.3889116048812866,0.03816026417121437
UBFC_PHYS_s04_T3_test,86,173,91.76666666666667,-1.841334342956543,-0.18978525706724286
UBFC_PHYS_s04_T3_test,86,174,91.8,-2.2260711193084717,-0.41404429362602285
UBFC_PHYS_s04_T3_test,86,175,91.83333333333333,-2.6125714778900146,-0.6167924596955705
UBFC_PHYS_s04_T3_test,86,176,91.86666666666666,-2.9087979793548584,-0.7812610301792523
UBFC_PHYS_s04_T3_test,86,177,91.9,-2.9268643856048584,-0.8950005391763064
UBFC_PHYS_s04_T3_test,86,178,91.93333333333334,-2.598529577255249,-0.9519723526784833
UBFC_PHYS_s04_T3_test,86,179,91.96666666666667,-2.0859923362731934,-0.9533306449143872
UBFC_PHYS_s04_T3_test,86,180,92.0,-1.5895336866378784,-0.9068972146913473
UBFC_PHYS_s04_T3_test,86,181,92.03333333333333,-1.1759235858917236,-0.8253130061291375
UBFC_PHYS_s04_T3_test,86,182,92.06666666666666,-0.8425702452659607,-0.7230360433595767
UBFC_PHYS_s04_T3_test,86,183,92.1,-0.5966357588768005,-0.6127239574851224
UBFC_PHYS_s04_T3_test,86,184,92.13333333333334,-0.4266897737979889,-0.5018920465299733
UBFC_PHYS_s04_T3_test,86,185,92.16666666666667,-0.3125024139881134,-0.3909842611641452
UBFC_PHYS_s04_T3_test,86,186,92.2,-0.24094773828983307,-0.2739407074717881
UBFC_PHYS_s04_T3_test,86,187,92.23333333333333,-0.1917179673910141,-0.14155333412142018
UBFC_PHYS_s04_T3_test,86,188,92.26666666666667,-0.14732152223587036,0.013546127889339633
UBFC_PHYS_s04_T3_test,86,189,92.3,-0.12079669535160065,0.19235294284361362
UBFC_PHYS_s04_T3_test,86,190,92.33333333333333,-0.13125266134738922,0.38706010869789703
UBFC_PHYS_s04_T3_test,86,191,92.36666666666666,-0.1685647815465927,0.5813428503844544
UBFC_PHYS_s04_T3_test,86,192,92.4,-0.22869877517223358,0.7533084400810244
UBFC_PHYS_s04_T3_test,86,193,92.43333333333334,-0.3434220850467682,0.8805371134207389
UBFC_PHYS_s04_T3_test,86,194,92.46666666666667,-0.5019181370735168,0.9458201673347666
UBFC_PHYS_s04_T3_test,86,195,92.5,-0.5583102107048035,0.9416183794783548
UBFC_PHYS_s04_T3_test,86,196,92.53333333333333,-0.3187292218208313,0.8716010045768559
UBFC_PHYS_s04_T3_test,86,197,92.56666666666666,0.18758125603199005,0.7488020273220226
UBFC_PHYS_s04_T3_test,86,198,92.6,0.7118997573852539,0.5913117293630421
UBFC_PHYS_s04_T3_test,86,199,92.63333333333334,1.0066742897033691,0.4172293912873131
UBFC_PHYS_s04_T3_test,86,200,92.66666666666667,0.9825563430786133,0.24047666435878604
UBFC_PHYS_s04_T3_test,86,201,92.7,0.6630500555038452,0.06847258649253858
UBFC_PHYS_s04_T3_test,86,202,92.73333333333333,0.11977824568748474,-0.09784114481079878
UBFC_PHYS_s04_T3_test,86,203,92.76666666666667,-0.4949605166912079,-0.26162712110584807
UBFC_PHYS_s04_T3_test,86,204,92.8,-0.9799790382385254,-0.4261017077037488
UBFC_PHYS_s04_T3_test,86,205,92.83333333333333,-1.2977800369262695,-0.5900917871166389
UBFC_PHYS_s04_T3_test,86,206,92.86666666666666,-1.5770410299301147,-0.7447191285453757
UBFC_PHYS_s04_T3_test,86,207,92.9,-1.8157742023468018,-0.8725615433016182
UBFC_PHYS_s04_T3_test,86,208,92.93333333333334,-1.8386350870132446,-0.9501076737699652
UBFC_PHYS_s04_T3_test,86,209,92.96666666666667,-1.6584182977676392,-0.9533352457400943
UBFC_PHYS_s04_T3_test,86,210,93.0,-1.550798773765564,-0.8649399220318854
UBFC_PHYS_s04_T3_test,86,211,93.03333333333333,-1.692407488822937,-0.6807942026731051
UBFC_PHYS_s04_T3_test,86,212,93.06666666666666,-1.9249041080474854,-0.4132667686269813
UBFC_PHYS_s04_T3_test,86,213,93.1,-1.9138829708099365,-0.09011014840344386
UBFC_PHYS_s04_T3_test,86,214,93.13333333333334,-1.4003713130950928,0.2507588501811686
UBFC_PHYS_s04_T3_test,86,215,93.16666666666667,-0.4746527373790741,0.5688525313212013
UBFC_PHYS_s04_T3_test,86,216,93.2,0.49290913343429565,0.828741857861628
UBFC_PHYS_s04_T3_test,86,217,93.23333333333333,1.270071029663086,1.005679932746096
UBFC_PHYS_s04_T3_test,86,218,93.26666666666667,1.9331527948379517,1.0880732181098762
UBFC_PHYS_s04_T3_test,86,219,93.3,2.5769011974334717,1.0766699495711218
UBFC_PHYS_s04_T3_test,86,220,93.33333333333333,3.0241496562957764,0.9811488123777796
UBFC_PHYS_s04_T3_test,86,221,93.36666666666666,3.032910108566284,0.8154778790509963
UBFC_PHYS_s04_T3_test,86,222,93.4,2.6786935329437256,0.593957532130084
UBFC_PHYS_s04_T3_test,86,223,93.43333333333334,2.2398741245269775,0.32972868444467507
UBFC_PHYS_s04_T3_test,86,224,93.46666666666667,1.7732632160186768,0.036387350295000315
UBFC_PHYS_s04_T3_test,86,225,93.5,1.1755483150482178,-0.2682424618985584
UBFC_PHYS_s04_T3_test,86,226,93.53333333333333,0.5144544839859009,-0.5583347593326032
UBFC_PHYS_s04_T3_test,86,227,93.56666666666666,-0.09779941290616989,-0.7988891896397903
UBFC_PHYS_s04_T3_test,86,228,93.6,-0.7180731296539307,-0.949296836192268
UBFC_PHYS_s04_T3_test,86,229,93.63333333333334,-1.408615231513977,-0.9722448364559428
UBFC_PHYS_s04_T3_test,86,230,93.66666666666667,-2.07822585105896,-0.8461716397231441
UBFC_PHYS_s04_T3_test,86,231,93.7,-2.471430540084839,-0.5771396252009534
UBFC_PHYS_s04_T3_test,86,232,93.73333333333333,-2.3220748901367188,-0.20491343959640151
UBFC_PHYS_s04_T3_test,86,233,93.76666666666667,-1.7181235551834106,0.20077114522202638
UBFC_PHYS_s04_T3_test,86,234,93.8,-1.2170653343200684,0.554312419743654
UBFC_PHYS_s04_T3_test,86,235,93.83333333333333,-1.1936588287353516,0.7751583609480546
UBFC_PHYS_s04_T3_test,86,236,93.86666666666666,-1.3487930297851562,0.809163178983083
UBFC_PHYS_s04_T3_test,86,237,93.9,-1.0904536247253418,0.6436676809429158
UBFC_PHYS_s04_T3_test,86,238,93.93333333333334,-0.24459223449230194,0.3117359595539079
UBFC_PHYS_s04_T3_test,86,239,93.96666666666667,0.8323236703872681,-0.11536867964275054
UBFC_PHYS_s04_T3_test,87,0,87.0,0.2434276044368744,0.062245806921822966
UBFC_PHYS_s04_T3_test,87,1,87.03333333333333,0.3206633925437927,-0.23103547334944535
UBFC_PHYS_s04_T3_test,87,2,87.06666666666666,0.30197322368621826,-0.45235770961447686
UBFC_PHYS_s04_T3_test,87,3,87.1,0.1586495041847229,-0.5445596862974401
UBFC_PHYS_s04_T3_test,87,4,87.13333333333334,0.013630205765366554,-0.47739493176951686
UBFC_PHYS_s04_T3_test,87,5,87.16666666666667,-0.04018927738070488,-0.2544208415953616
UBFC_PHYS_s04_T3_test,87,6,87.2,-0.039380475878715515,0.08774492408168322
UBFC_PHYS_s04_T3_test,87,7,87.23333333333333,-0.035073358565568924,0.48819417411857574
UBFC_PHYS_s04_T3_test,87,8,87.26666666666667,-0.048764534294605255,0.8764737752852053
UBFC_PHYS_s04_T3_test,87,9,87.3,-0.09565560519695282,1.1891880959686234
UBFC_PHYS_s04_T3_test,87,10,87.33333333333333,-0.15264208614826202,1.3835291470779878
UBFC_PHYS_s04_T3_test,87,11,87.36666666666666,-0.19655129313468933,1.4438127959997606
UBFC_PHYS_s04_T3_test,87,12,87.4,-0.2719648480415344,1.3797335244398883
UBFC_PHYS_s04_T3_test,87,13,87.43333333333334,-0.42828789353370667,1.2181283982876283
UBFC_PHYS_s04_T3_test,87,14,87.46666666666667,-0.6367153525352478,0.9921279557335038
UBFC_PHYS_s04_T3_test,87,15,87.5,-0.8440709114074707,0.7317985471743433
UBFC_PHYS_s04_T3_test,87,16,87.53333333333333,-1.0416624546051025,0.4588249419604108
UBFC_PHYS_s04_T3_test,87,17,87.56666666666666,-1.2284666299819946,0.18555663752140075
UBFC_PHYS_s04_T3_test,87,18,87.6,-1.374548077583313,-0.08289769965897491
UBFC_PHYS_s04_T3_test,87,19,87.63333333333334,-1.4322750568389893,-0.34538217253214737
UBFC_PHYS_s04_T3_test,87,20,87.66666666666667,-1.3464056253433228,-0.601661293959422
UBFC_PHYS_s04_T3_test,87,21,87.7,-1.1237802505493164,-0.850259274907912
UBFC_PHYS_s04_T3_test,87,22,87.73333333333333,-0.88495934009552,-1.087073775941962
UBFC_PHYS_s04_T3_test,87,23,87.76666666666667,-0.7633270621299744,-1.3043610996564385
UBFC_PHYS_s04_T3_test,87,24,87.8,-0.774348258972168,-1.4898248740441735
UBFC_PHYS_s04_T3_test,87,25,87.83333333333333,-0.8384677767753601,-1.6259972701594338
UBFC_PHYS_s04_T3_test,87,26,87.86666666666666,-0.8595941066741943,-1.6906262073549172
UBFC_PHYS_s04_T3_test,87,27,87.9,-0.7665720582008362,-1.65903901573568
UBFC_PHYS_s04_T3_test,87,28,87.93333333333334,-0.5668367743492126,-1.5091378489542722
UBFC_PHYS_s04_T3_test,87,29,87.96666666666667,-0.34398725628852844,-1.2286448464545103
UBFC_PHYS_s04_T3_test,87,30,88.0,-0.16540752351284027,-0.8227136975888091
UBFC_PHYS_s04_T3_test,87,31,88.03333333333333,-0.0517951101064682,-0.3188377738660799
UBFC_PHYS_s04_T3_test,87,32,88.06666666666666,-0.023496760055422783,0.23398597547904007
UBFC_PHYS_s04_T3_test,87,33,88.1,-0.08264654874801636,0.7731173237909984
UBFC_PHYS_s04_T3_test,87,34,88.13333333333334,-0.1737878918647766,1.235409259237645
UBFC_PHYS_s04_T3_test,87,35,88.16666666666667,-0.24901628494262695,1.5712921444610262
UBFC_PHYS_s04_T3_test,87,36,88.2,-0.29865533113479614,1.7549271778167013
UBFC_PHYS_s04_T3_test,87,37,88.23333333333333,-0.3066848814487457,1.787116116239131
UBFC_PHYS_s04_T3_test,87,38,88.26666666666667,-0.27917584776878357,1.690443622531295
UBFC_PHYS_s04_T3_test,87,39,88.3,-0.271146297454834,1.4990733224644868
UBFC_PHYS_s04_T3_test,87,40,88.33333333333333,-0.3078737258911133,1.247585406067883
UBFC_PHYS_s04_T3_test,87,41,88.36666666666666,-0.3648602068424225,0.9631626905921196
UBFC_PHYS_s04_T3_test,87,42,88.4,-0.4017338156700134,0.6632059951306253
UBFC_PHYS_s04_T3_test,87,43,88.43333333333334,-0.35158804059028625,0.3575884418280375
UBFC_PHYS_s04_T3_test,87,44,88.46666666666667,-0.15580908954143524,0.05297245930559727
UBFC_PHYS_s04_T3_test,87,45,88.5,0.1533874124288559,-0.24353757596852244
UBFC_PHYS_s04_T3_test,87,46,88.53333333333333,0.4736245572566986,-0.5230257924922913
UBFC_PHYS_s04_T3_test,87,47,88.56666666666666,0.6892825365066528,-0.7756641067889007
UBFC_PHYS_s04_T3_test,87,48,88.6,0.6840399503707886,-0.9925375245173135
UBFC_PHYS_s04_T3_test,87,49,88.63333333333334,0.45806241035461426,-1.1666997000106403
UBFC_PHYS_s04_T3_test,87,50,88.66666666666667,0.2311006784439087,-1.292528228029379
UBFC_PHYS_s04_T3_test,87,51,88.7,0.2268812656402588,-1.3637500978120451
UBFC_PHYS_s04_T3_test,87,52,88.73333333333333,0.3980453610420227,-1.3715297937415685
UBFC_PHYS_s04_T3_test,87,53,88.76666666666667,0.5498273968696594,-1.3042657879570203
UBFC_PHYS_s04_T3_test,87,54,88.8,0.5942335724830627,-1.1501299788274895
UBFC_PHYS_s04_T3_test,87,55,88.83333333333333,0.48889434337615967,-0.9021534724265406
UBFC_PHYS_s04_T3_test,87,56,88.86666666666666,0.17195089161396027,-0.5642922115659721
UBFC_PHYS_s04_T3_test,87,57,88.9,-0.2945041358470917,-0.1559542754990306
UBFC_PHYS_s04_T3_test,87,58,88.93333333333334,-0.7731204032897949,0.2875347981491965
UBFC_PHYS_s04_T3_test,87,59,88.96666666666667,-1.2194528579711914,0.7197529942454107
UBFC_PHYS_s04_T3_test,87,60,89.0,-1.590703010559082,1.092226014076362
UBFC_PHYS_s04_T3_test,87,61,89.03333333333333,-1.7546755075454712,1.3646420187700077
UBFC_PHYS_s04_T3_test,87,62,89.06666666666666,-1.6838419437408447,1.5127022524826597
UBFC_PHYS_s04_T3_test,87,63,89.1,-1.446550965309143,1.531190254888206
UBFC_PHYS_s04_T3_test,87,64,89.13333333333334,-1.0282635688781738,1.4318353391228336
UBFC_PHYS_s04_T3_test,87,65,89.16666666666667,-0.39650097489356995,1.2374273132800198
UBFC_PHYS_s04_T3_test,87,66,89.2,0.3136180341243744,0.9746499457738744
UBFC_PHYS_s04_T3_test,87,67,89.23333333333333,0.8861236572265625,0.6680888408976631
UBFC_PHYS_s04_T3_test,87,68,89.26666666666667,1.2371829748153687,0.33706899083416825
UBFC_PHYS_s04_T3_test,87,69,89.3,1.426550030708313,-0.004301840628589477
UBFC_PHYS_s04_T3_test,87,70,89.33333333333333,1.5066702365875244,-0.34480122690624876
UBFC_PHYS_s04_T3_test,87,71,89.36666666666666,1.494674563407898,-0.6730235941777618
UBFC_PHYS_s04_T3_test,87,72,89.4,1.4246498346328735,-0.974833934265033
UBFC_PHYS_s04_T3_test,87,73,89.43333333333334,1.313366413116455,-1.2319877959368557
UBFC_PHYS_s04_T3_test,87,74,89.46666666666667,1.1290276050567627,-1.4222780621389042
UBFC_PHYS_s04_T3_test,87,75,89.5,0.8772170543670654,-1.5215018931802184
UBFC_PHYS_s04_T3_test,87,76,89.53333333333333,0.6466401219367981,-1.5073115271596067
UBFC_PHYS_s04_T3_test,87,77,89.56666666666666,0.47223106026649475,-1.3645996148739181
UBFC_PHYS_s04_T3_test,87,78,89.6,0.29256969690322876,-1.0915454667098468
UBFC_PHYS_s04_T3_test,87,79,89.63333333333334,0.1031636893749237,-0.7046815879441205
UBFC_PHYS_s04_T3_test,87,80,89.66666666666667,-0.012368415482342243,-0.24057721970135718
UBFC_PHYS_s04_T3_test,87,81,89.7,-0.04239156097173691,0.24799607517048292
UBFC_PHYS_s04_T3_test,87,82,89.73333333333333,-0.10274967551231384,0.701640774075561
UBFC_PHYS_s04_T3_test,87,83,89.76666666666667,-0.29000210762023926,1.0672174138763146
UBFC_PHYS_s04_T3_test,87,84,89.8,-0.5264453291893005,1.309734662704451
UBFC_PHYS_s04_T3_test,87,85,89.83333333333333,-0.6056203246116638,1.4189204404183782
UBFC_PHYS_s04_T3_test,87,86,89.86666666666666,-0.409763365983963,1.4081191659717267
UBFC_PHYS_s04_T3_test,87,87,89.9,-0.07434413582086563,1.306219146895033
UBFC_PHYS_s04_T3_test,87,88,89.93333333333334,0.13474597036838531,1.1460414718293863
UBFC_PHYS_s04_T3_test,87,89,89.96666666666667,0.09489051252603531,0.9537691603725746
UBFC_PHYS_s04_T3_test,87,90,90.0,-0.11717170476913452,0.7430912479248647
UBFC_PHYS_s04_T3_test,87,91,90.03333333333333,-0.38722410798072815,0.5154584945147157
UBFC_PHYS_s04_T3_test,87,92,90.06666666666666,-0.6488181948661804,0.2653852393286556
UBFC_PHYS_s04_T3_test,87,93,90.1,-0.8419660925865173,-0.011961082384804408
UBFC_PHYS_s04_T3_test,87,94,90.13333333333334,-0.9001219272613525,-0.31408078676757817
UBFC_PHYS_s04_T3_test,87,95,90.16666666666667,-0.8101109862327576,-0.6278095297945984
UBFC_PHYS_s04_T3_test,87,96,90.2,-0.6401357054710388,-0.9302332803916395
UBFC_PHYS_s04_T3_test,87,97,90.23333333333333,-0.486814022064209,-1.1930220273214818
UBFC_PHYS_s04_T3_test,87,98,90.26666666666667,-0.41388535499572754,-1.3880954775343501
UBFC_PHYS_s04_T3_test,87,99,90.3,-0.42298680543899536,-1.4924070165950762
UBFC_PHYS_s04_T3_test,87,100,90.33333333333333,-0.4489269554615021,-1.49071119865779
UBFC_PHYS_s04_T3_test,87,101,90.36666666666666,-0.43481677770614624,-1.376558577745265
UBFC_PHYS_s04_T3_test,87,102,90.4,-0.4544716477394104,-1.152472102442822
UBFC_PHYS_s04_T3_test,87,103,90.43333333333334,-0.6343084573745728,-0.8301880793004094
UBFC_PHYS_s04_T3_test,87,104,90.46666666666667,-0.901603102684021,-0.43128040488869507
UBFC_PHYS_s04_T3_test,87,105,90.5,-1.0038337707519531,0.012461472376642808
UBFC_PHYS_s04_T3_test,87,106,90.53333333333333,-0.8208105564117432,0.46045189617067067
UBFC_PHYS_s04_T3_test,87,107,90.56666666666666,-0.49171555042266846,0.8678974656048666
UBFC_PHYS_s04_T3_test,87,108,90.6,-0.16754159331321716,1.193213649361498
UBFC_PHYS_s04_T3_test,87,109,90.63333333333334,0.08584751188755035,1.4059747896953914
UBFC_PHYS_s04_T3_test,87,110,90.66666666666667,0.24620482325553894,1.4924821011374527
UBFC_PHYS_s04_T3_test,87,111,90.7,0.33490025997161865,1.457031204213721
UBFC_PHYS_s04_T3_test,87,112,90.73333333333333,0.4235762357711792,1.3188164554106383
UBFC_PHYS_s04_T3_test,87,113,90.76666666666667,0.5581687688827515,1.1059401924403307
UBFC_PHYS_s04_T3_test,87,114,90.8,0.7028957605361938,0.8484679163009067
UBFC_PHYS_s04_T3_test,87,115,90.83333333333333,0.8147541284561157,0.572272328725599
UBFC_PHYS_s04_T3_test,87,116,90.86666666666666,0.9027479887008667,0.2951144670038719
UBFC_PHYS_s04_T3_test,87,117,90.9,0.9740395545959473,0.025827964765259753
UBFC_PHYS_s04_T3_test,87,118,90.93333333333334,0.9897575974464417,-0.23359853788749946
UBFC_PHYS_s04_T3_test,87,119,90.96666666666667,0.9256380796432495,-0.48421905203328924
UBFC_PHYS_s04_T3_test,87,120,91.0,0.8542685508728027,-0.7260294825463558
UBFC_PHYS_s04_T3_test,87,121,91.03333333333333,0.8868447542190552,-0.9546025179886329
UBFC_PHYS_s04_T3_test,87,122,91.06666666666666,0.9957310557365417,-1.1589729439261944
UBFC_PHYS_s04_T3_test,87,123,91.1,1.0617995262145996,-1.3210642206740224
UBFC_PHYS_s04_T3_test,87,124,91.13333333333334,1.0669445991516113,-1.4170808131141246
UBFC_PHYS_s04_T3_test,87,125,91.16666666666667,1.1240967512130737,-1.4213522360822517
UBFC_PHYS_s04_T3_test,87,126,91.2,1.335837483406067,-1.3126161584833966
UBFC_PHYS_s04_T3_test,87,127,91.23333333333333,1.6748427152633667,-1.0815969524520483
UBFC_PHYS_s04_T3_test,87,128,91.26666666666667,1.9408900737762451,-0.7374513646655771
UBFC_PHYS_s04_T3_test,87,129,91.3,1.8880645036697388,-0.3101509234122752
UBFC_PHYS_s04_T3_test,87,130,91.33333333333333,1.5098859071731567,0.1531503090694782
UBFC_PHYS_s04_T3_test,87,131,91.36666666666666,1.0489463806152344,0.5974561011263186
UBFC_PHYS_s04_T3_test,87,132,91.4,0.7160801887512207,0.9721344999429123
UBFC_PHYS_s04_T3_test,87,133,91.43333333333334,0.5400340557098389,1.241751332033831
UBFC_PHYS_s04_T3_test,87,134,91.46666666666667,0.5118331909179688,1.3918965144107875
UBFC_PHYS_s04_T3_test,87,135,91.5,0.656647801399231,1.4284796721557935
UBFC_PHYS_s04_T3_test,87,136,91.53333333333333,0.9051159024238586,1.3714382934503742
UBFC_PHYS_s04_T3_test,87,137,91.56666666666666,1.0846214294433594,1.2456986159525594
UBFC_PHYS_s04_T3_test,87,138,91.6,1.054929494857788,1.0729696633294297
UBFC_PHYS_s04_T3_test,87,139,91.63333333333334,0.7103114128112793,0.8672838209610754
UBFC_PHYS_s04_T3_test,87,140,91.66666666666667,0.04263991117477417,0.6353718279913395
UBFC_PHYS_s04_T3_test,87,141,91.7,-0.743740439414978,0.38078459353522587
UBFC_PHYS_s04_T3_test,87,142,91.73333333333333,-1.3889116048812866,0.10911668643678396
UBFC_PHYS_s04_T3_test,87,143,91.76666666666667,-1.841334342956543,-0.16856890354946813
UBFC_PHYS_s04_T3_test,87,144,91.8,-2.2260711193084717,-0.43586254508349803
UBFC_PHYS_s04_T3_test,87,145,91.83333333333333,-2.6125714778900146,-0.6744714279418221
UBFC_PHYS_s04_T3_test,87,146,91.86666666666666,-2.9087979793548584,-0.8690696504601202
UBFC_PHYS_s04_T3_test,87,147,91.9,-2.9268643856048584,-1.0109921584060433
UBFC_PHYS_s04_T3_test,87,148,91.93333333333334,-2.598529577255249,-1.0990970313184432
UBFC_PHYS_s04_T3_test,87,149,91.96666666666667,-2.0859923362731934,-1.137668049249283
UBFC_PHYS_s04_T3_test,87,150,92.0,-1.5895336866378784,-1.132467443874353
UBFC_PHYS_s04_T3_test,87,151,92.03333333333333,-1.1759235858917236,-1.0866614060182707
UBFC_PHYS_s04_T3_test,87,152,92.06666666666666,-0.8425702452659607,-0.9983794862665744
UBFC_PHYS_s04_T3_test,87,153,92.1,-0.5966357588768005,-0.8611200478015271
UBFC_PHYS_s04_T3_test,87,154,92.13333333333334,-0.4266897737979889,-0.6671592007223471
UBFC_PHYS_s04_T3_test,87,155,92.16666666666667,-0.3125024139881134,-0.4129152922943502
UBFC_PHYS_s04_T3_test,87,156,92.2,-0.24094773828983307,-0.10432667768418205
UBFC_PHYS_s04_T3_test,87,157,92.23333333333333,-0.1917179673910141,0.23992216825157173
UBFC_PHYS_s04_T3_test,87,158,92.26666666666667,-0.14732152223587036,0.5889105849753076
UBFC_PHYS_s04_T3_test,87,159,92.3,-0.12079669535160065,0.9041113977924238
UBFC_PHYS_s04_T3_test,87,160,92.33333333333333,-0.13125266134738922,1.1471007028363562
UBFC_PHYS_s04_T3_test,87,161,92.36666666666666,-0.1685647815465927,1.2881315403135882
UBFC_PHYS_s04_T3_test,87,162,92.4,-0.22869877517223358,1.3128513959674908
UBFC_PHYS_s04_T3_test,87,163,92.43333333333334,-0.3434220850467682,1.2248718751137857
UBFC_PHYS_s04_T3_test,87,164,92.46666666666667,-0.5019181370735168,1.043268015148953
UBFC_PHYS_s04_T3_test,87,165,92.5,-0.5583102107048035,0.7960907844218246
UBFC_PHYS_s04_T3_test,87,166,92.53333333333333,-0.3187292218208313,0.5127898222649626
UBFC_PHYS_s04_T3_test,87,167,92.56666666666666,0.18758125603199005,0.21870394238359406
UBFC_PHYS_s04_T3_test,87,168,92.6,0.7118997573852539,-0.0669711327862634
UBFC_PHYS_s04_T3_test,87,169,92.63333333333334,1.0066742897033691,-0.33050539113082394
UBFC_PHYS_s04_T3_test,87,170,92.66666666666667,0.9825563430786133,-0.5618694509207528
UBFC_PHYS_s04_T3_test,87,171,92.7,0.6630500555038452,-0.7530139696925396
UBFC_PHYS_s04_T3_test,87,172,92.73333333333333,0.11977824568748474,-0.8964808531160319
UBFC_PHYS_s04_T3_test,87,173,92.76666666666667,-0.4949605166912079,-0.9843228040677561
UBFC_PHYS_s04_T3_test,87,174,92.8,-0.9799790382385254,-1.007733999193024
UBFC_PHYS_s04_T3_test,87,175,92.83333333333333,-1.2977800369262695,-0.9581982077336004
UBFC_PHYS_s04_T3_test,87,176,92.86666666666666,-1.5770410299301147,-0.8305415006277247
UBFC_PHYS_s04_T3_test,87,177,92.9,-1.8157742023468018,-0.6271425346796256
UBFC_PHYS_s04_T3_test,87,178,92.93333333333334,-1.8386350870132446,-0.3614201951347635
UBFC_PHYS_s04_T3_test,87,179,92.96666666666667,-1.6584182977676392,-0.058363621745149086
UBFC_PHYS_s04_T3_test,87,180,93.0,-1.550798773765564,0.24919602174406477
UBFC_PHYS_s04_T3_test,87,181,93.03333333333333,-1.692407488822937,0.5276814706068241
UBFC_PHYS_s04_T3_test,87,182,93.06666666666666,-1.9249041080474854,0.7499949136175195
UBFC_PHYS_s04_T3_test,87,183,93.1,-1.9138829708099365,0.8993943995103606
UBFC_PHYS_s04_T3_test,87,184,93.13333333333334,-1.4003713130950928,0.9692011995962985
UBFC_PHYS_s04_T3_test,87,185,93.16666666666667,-0.4746527373790741,0.9603132771940311
UBFC_PHYS_s04_T3_test,87,186,93.2,0.49290913343429565,0.878746311864758
UBFC_PHYS_s04_T3_test,87,187,93.23333333333333,1.270071029663086,0.7340893527347668
UBFC_PHYS_s04_T3_test,87,188,93.26666666666667,1.9331527948379517,0.5388605391631558
UBFC_PHYS_s04_T3_test,87,189,93.3,2.5769011974334717,0.30834906493108716
UBFC_PHYS_s04_T3_test,87,190,93.33333333333333,3.0241496562957764,0.060109950609249535
UBFC_PHYS_s04_T3_test,87,191,93.36666666666666,3.032910108566284,-0.18766278096554842
UBFC_PHYS_s04_T3_test,87,192,93.4,2.6786935329437256,-0.4187101831567713
UBFC_PHYS_s04_T3_test,87,193,93.43333333333334,2.2398741245269775,-0.6210093416416429
UBFC_PHYS_s04_T3_test,87,194,93.46666666666667,1.7732632160186768,-0.787424326073579
UBFC_PHYS_s04_T3_test,87,195,93.5,1.1755483150482178,-0.9141410080029144
UBFC_PHYS_s04_T3_test,87,196,93.53333333333333,0.5144544839859009,-0.9975333730731211
UBFC_PHYS_s04_T3_test,87,197,93.56666666666666,-0.09779941290616989,-1.0310209865091202
UBFC_PHYS_s04_T3_test,87,198,93.6,-0.7180731296539307,-1.0036202240559349
UBFC_PHYS_s04_T3_test,87,199,93.63333333333334,-1.408615231513977,-0.9013220305235503
UBFC_PHYS_s04_T3_test,87,200,93.66666666666667,-2.07822585105896,-0.7114610798793584
UBFC_PHYS_s04_T3_test,87,201,93.7,-2.471430540084839,-0.4291274992931713
UBFC_PHYS_s04_T3_test,87,202,93.73333333333333,-2.3220748901367188,-0.06364580647804387
UBFC_PHYS_s04_T3_test,87,203,93.76666666666667,-1.7181235551834106,0.35751120111821266
UBFC_PHYS_s04_T3_test,87,204,93.8,-1.2170653343200684,0.7898557784049388
UBFC_PHYS_s04_T3_test,87,205,93.83333333333333,-1.1936588287353516,1.1790230894313762
UBFC_PHYS_s04_T3_test,87,206,93.86666666666666,-1.3487930297851562,1.4721817698140145
UBFC_PHYS_s04_T3_test,87,207,93.9,-1.0904536247253418,1.6297697964168874
UBFC_PHYS_s04_T3_test,87,208,93.93333333333334,-0.24459223449230194,1.633408053684497
UBFC_PHYS_s04_T3_test,87,209,93.96666666666667,0.8323236703872681,1.487574437330549
UBFC_PHYS_s04_T3_test,87,210,94.0,1.7024881839752197,1.2151928670252712
UBFC_PHYS_s04_T3_test,87,211,94.03333333333333,2.074176788330078,0.8495443924116534
UBFC_PHYS_s04_T3_test,87,212,94.06666666666666,1.8131382465362549,0.4259721941715511
UBFC_PHYS_s04_T3_test,87,213,94.1,1.0512460470199585,-0.0236110849960108
UBFC_PHYS_s04_T3_test,87,214,94.13333333333334,0.2530650198459625,-0.4720974795697732
UBFC_PHYS_s04_T3_test,87,215,94.16666666666667,-0.19244882464408875,-0.8951617375833736
UBFC_PHYS_s04_T3_test,87,216,94.2,-0.28579244017601013,-1.2679924638900797
UBFC_PHYS_s04_T3_test,87,217,94.23333333333333,-0.24333517253398895,-1.5632114905430585
UBFC_PHYS_s04_T3_test,87,218,94.26666666666667,-0.2986748218536377,-1.7516420567935418
UBFC_PHYS_s04_T3_test,87,219,94.3,-0.6484088897705078,-1.806424859758778
UBFC_PHYS_s04_T3_test,87,220,94.33333333333333,-1.222259283065796,-1.7099485554810743
UBFC_PHYS_s04_T3_test,87,221,94.36666666666666,-1.6027863025665283,-1.461896023688623
UBFC_PHYS_s04_T3_test,87,222,94.4,-1.404249668121338,-1.085356404505428
UBFC_PHYS_s04_T3_test,87,223,94.43333333333334,-0.6623436808586121,-0.6274568832905604
UBFC_PHYS_s04_T3_test,87,224,94.46666666666667,0.268578439950943,-0.15234469414727542
UBFC_PHYS_s04_T3_test,87,225,94.5,1.0312793254852295,0.27261646419775326
UBFC_PHYS_s04_T3_test,87,226,94.53333333333333,1.4081618785858154,0.5932244884682762
UBFC_PHYS_s04_T3_test,87,227,94.56666666666666,1.4429404735565186,0.7814702061551302
UBFC_PHYS_s04_T3_test,87,228,94.6,1.3302537202835083,0.8404400480062358
UBFC_PHYS_s04_T3_test,87,229,94.63333333333334,1.1791245937347412,0.7996288644861264
UBFC_PHYS_s04_T3_test,87,230,94.66666666666667,0.9706678986549377,0.702956162290375
UBFC_PHYS_s04_T3_test,87,231,94.7,0.7237687110900879,0.5942641103670293
UBFC_PHYS_s04_T3_test,87,232,94.73333333333333,0.5005391836166382,0.5053492792462858
UBFC_PHYS_s04_T3_test,87,233,94.76666666666667,0.31000280380249023,0.4499158741266385
UBFC_PHYS_s04_T3_test,87,234,94.8,0.13473622500896454,0.42427662417139705
UBFC_PHYS_s04_T3_test,87,235,94.83333333333333,-0.010419493541121483,0.4133451243259324
UBFC_PHYS_s04_T3_test,87,236,94.86666666666666,-0.08535555005073547,0.39918663498209156
UBFC_PHYS_s04_T3_test,87,237,94.9,-0.03210125118494034,0.3690280799741836
UBFC_PHYS_s04_T3_test,87,238,94.93333333333334,0.1716000884771347,0.319958456789691
UBFC_PHYS_s04_T3_test,87,239,94.96666666666667,0.4133736193180084,0.258904690422395
UBFC_PHYS_s04_T3_test,88,0,88.0,-0.16540752351284027,0.13985575513021928
UBFC_PHYS_s04_T3_test,88,1,88.03333333333333,-0.0517951101064682,0.10012103024506462
UBFC_PHYS_s04_T3_test,88,2,88.06666666666666,-0.023496760055422783,0.08827482928741237
UBFC_PHYS_s04_T3_test,88,3,88.1,-0.08264654874801636,0.12641722725712626
UBFC_PHYS_s04_T3_test,88,4,88.13333333333334,-0.1737878918647766,0.22323224449742832
UBFC_PHYS_s04_T3_test,88,5,88.16666666666667,-0.24901628494262695,0.3722301686060427
UBFC_PHYS_s04_T3_test,88,6,88.2,-0.29865533113479614,0.5535950174513469
UBFC_PHYS_s04_T3_test,88,7,88.23333333333333,-0.3066848814487457,0.7383096069587892
UBFC_PHYS_s04_T3_test,88,8,88.26666666666667,-0.27917584776878357,0.8936858292580543
UBFC_PHYS_s04_T3_test,88,9,88.3,-0.271146297454834,0.9899722002097179
UBFC_PHYS_s04_T3_test,88,10,88.33333333333333,-0.3078737258911133,1.0069239704440829
UBFC_PHYS_s04_T3_test,88,11,88.36666666666666,-0.3648602068424225,0.9381917146684866
UBFC_PHYS_s04_T3_test,88,12,88.4,-0.4017338156700134,0.7917324109677234
UBFC_PHYS_s04_T3_test,88,13,88.43333333333334,-0.35158804059028625,0.5860830688574489
UBFC_PHYS_s04_T3_test,88,14,88.46666666666667,-0.15580908954143524,0.34414580674775086
UBFC_PHYS_s04_T3_test,88,15,88.5,0.1533874124288559,0.08706013973027396
UBFC_PHYS_s04_T3_test,88,16,88.53333333333333,0.4736245572566986,-0.16968774168661355
UBFC_PHYS_s04_T3_test,88,17,88.56666666666666,0.6892825365066528,-0.417122007520977
UBFC_PHYS_s04_T3_test,88,18,88.6,0.6840399503707886,-0.6511853972500663
UBFC_PHYS_s04_T3_test,88,19,88.63333333333334,0.45806241035461426,-0.8698900760992779
UBFC_PHYS_s04_T3_test,88,20,88.66666666666667,0.2311006784439087,-1.0700828336229555
UBFC_PHYS_s04_T3_test,88,21,88.7,0.2268812656402588,-1.2442438291976694
UBFC_PHYS_s04_T3_test,88,22,88.73333333333333,0.3980453610420227,-1.3779168155160837
UBFC_PHYS_s04_T3_test,88,23,88.76666666666667,0.5498273968696594,-1.4489718075749538
UBFC_PHYS_s04_T3_test,88,24,88.8,0.5942335724830627,-1.430151999021437
UBFC_PHYS_s04_T3_test,88,25,88.83333333333333,0.48889434337615967,-1.2955718396981646
UBFC_PHYS_s04_T3_test,88,26,88.86666666666666,0.17195089161396027,-1.0299958354262664
UBFC_PHYS_s04_T3_test,88,27,88.9,-0.2945041358470917,-0.637820831626822
UBFC_PHYS_s04_T3_test,88,28,88.93333333333334,-0.7731204032897949,-0.14794604031092448
UBFC_PHYS_s04_T3_test,88,29,88.96666666666667,-1.2194528579711914,0.38824244279302683
UBFC_PHYS_s04_T3_test,88,30,89.0,-1.590703010559082,0.9060054992621694
UBFC_PHYS_s04_T3_test,88,31,89.03333333333333,-1.7546755075454712,1.3408744174359581
UBFC_PHYS_s04_T3_test,88,32,89.06666666666666,-1.6838419437408447,1.6423154305539769
UBFC_PHYS_s04_T3_test,88,33,89.1,-1.446550965309143,1.7829868534517117
UBFC_PHYS_s04_T3_test,88,34,89.13333333333334,-1.0282635688781738,1.7609539652710597
UBFC_PHYS_s04_T3_test,88,35,89.16666666666667,-0.39650097489356995,1.5950723203729924
UBFC_PHYS_s04_T3_test,88,36,89.2,0.3136180341243744,1.316367740578737
UBFC_PHYS_s04_T3_test,88,37,89.23333333333333,0.8861236572265625,0.9593241200421384
UBFC_PHYS_s04_T3_test,88,38,89.26666666666667,1.2371829748153687,0.5560408895188956
UBFC_PHYS_s04_T3_test,88,39,89.3,1.426550030708313,0.13415037771547172
UBFC_PHYS_s04_T3_test,88,40,89.33333333333333,1.5066702365875244,-0.2824444735310288
UBFC_PHYS_s04_T3_test,88,41,89.36666666666666,1.494674563407898,-0.6717845027495624
UBFC_PHYS_s04_T3_test,88,42,89.4,1.4246498346328735,-1.0125736764523496
UBFC_PHYS_s04_T3_test,88,43,89.43333333333334,1.313366413116455,-1.2841529377983918
UBFC_PHYS_s04_T3_test,88,44,89.46666666666667,1.1290276050567627,-1.467673519152501
UBFC_PHYS_s04_T3_test,88,45,89.5,0.8772170543670654,-1.5479002482239117
UBFC_PHYS_s04_T3_test,88,46,89.53333333333333,0.6466401219367981,-1.5149590954336887
UBFC_PHYS_s04_T3_test,88,47,89.56666666666666,0.47223106026649475,-1.365724050297464
UBFC_PHYS_s04_T3_test,88,48,89.6,0.29256969690322876,-1.1051594399586726
UBFC_PHYS_s04_T3_test,88,49,89.63333333333334,0.1031636893749237,-0.7479693180073099
UBFC_PHYS_s04_T3_test,88,50,89.66666666666667,-0.012368415482342243,-0.31998080413575797
UBFC_PHYS_s04_T3_test,88,51,89.7,-0.04239156097173691,0.1422785970084978
UBFC_PHYS_s04_T3_test,88,52,89.73333333333333,-0.10274967551231384,0.5952016332858876
UBFC_PHYS_s04_T3_test,88,53,89.76666666666667,-0.29000210762023926,0.994832153667126
UBFC_PHYS_s04_T3_test,88,54,89.8,-0.5264453291893005,1.3046276387961626
UBFC_PHYS_s04_T3_test,88,55,89.83333333333333,-0.6056203246116638,1.5012207325389841
UBFC_PHYS_s04_T3_test,88,56,89.86666666666666,-0.409763365983963,1.5761475383618748
UBFC_PHYS_s04_T3_test,88,57,89.9,-0.07434413582086563,1.533613005350529
UBFC_PHYS_s04_T3_test,88,58,89.93333333333334,0.13474597036838531,1.3860721889385295
UBFC_PHYS_s04_T3_test,88,59,89.96666666666667,0.09489051252603531,1.1499246979597004
UBFC_PHYS_s04_T3_test,88,60,90.0,-0.11717170476913452,0.8429381904283206
UBFC_PHYS_s04_T3_test,88,61,90.03333333333333,-0.38722410798072815,0.4837104922884224
UBFC_PHYS_s04_T3_test,88,62,90.06666666666666,-0.6488181948661804,0.09232487241712575
UBFC_PHYS_s04_T3_test,88,63,90.1,-0.8419660925865173,-0.3090921695785112
UBFC_PHYS_s04_T3_test,88,64,90.13333333333334,-0.9001219272613525,-0.6968032393798247
UBFC_PHYS_s04_T3_test,88,65,90.16666666666667,-0.8101109862327576,-1.0468846803485292
UBFC_PHYS_s04_T3_test,88,66,90.2,-0.6401357054710388,-1.336880946576913
UBFC_PHYS_s04_T3_test,88,67,90.23333333333333,-0.486814022064209,-1.5468688853159243
UBFC_PHYS_s04_T3_test,88,68,90.26666666666667,-0.41388535499572754,-1.65983699895012
UBFC_PHYS_s04_T3_test,88,69,90.3,-0.42298680543899536,-1.6620812415290758
UBFC_PHYS_s04_T3_test,88,70,90.33333333333333,-0.4489269554615021,-1.5444523586545011
UBFC_PHYS_s04_T3_test,88,71,90.36666666666666,-0.43481677770614624,-1.3047674002777598
UBFC_PHYS_s04_T3_test,88,72,90.4,-0.4544716477394104,-0.9509673270576442
UBFC_PHYS_s04_T3_test,88,73,90.43333333333334,-0.6343084573745728,-0.504087079393382
UBFC_PHYS_s04_T3_test,88,74,90.46666666666667,-0.901603102684021,0.00010216788578419275
UBFC_PHYS_s04_T3_test,88,75,90.5,-1.0038337707519531,0.512208213566134
UBFC_PHYS_s04_T3_test,88,76,90.53333333333333,-0.8208105564117432,0.9747411976854407
UBFC_PHYS_s04_T3_test,88,77,90.56666666666666,-0.49171555042266846,1.3324112165945494
UBFC_PHYS_s04_T3_test,88,78,90.6,-0.16754159331321716,1.544456421966221
UBFC_PHYS_s04_T3_test,88,79,90.63333333333334,0.08584751188755035,1.5940936183144079
UBFC_PHYS_s04_T3_test,88,80,90.66666666666667,0.24620482325553894,1.4913827190954725
UBFC_PHYS_s04_T3_test,88,81,90.7,0.33490025997161865,1.2690558980112723
UBFC_PHYS_s04_T3_test,88,82,90.73333333333333,0.4235762357711792,0.973529695172298
UBFC_PHYS_s04_T3_test,88,83,90.76666666666667,0.5581687688827515,0.6542499360868838
UBFC_PHYS_s04_T3_test,88,84,90.8,0.7028957605361938,0.35395391272338583
UBFC_PHYS_s04_T3_test,88,85,90.83333333333333,0.8147541284561157,0.10132409168420815
UBFC_PHYS_s04_T3_test,88,86,90.86666666666666,0.9027479887008667,-0.09321696251872362
UBFC_PHYS_s04_T3_test,88,87,90.9,0.9740395545959473,-0.23790459021792676
UBFC_PHYS_s04_T3_test,88,88,90.93333333333334,0.9897575974464417,-0.3554857125968964
UBFC_PHYS_s04_T3_test,88,89,90.96666666666667,0.9256380796432495,-0.4745239783166638
UBFC_PHYS_s04_T3_test,88,90,91.0,0.8542685508728027,-0.6179836505057849
UBFC_PHYS_s04_T3_test,88,91,91.03333333333333,0.8868447542190552,-0.7926047740947998
UBFC_PHYS_s04_T3_test,88,92,91.06666666666666,0.9957310557365417,-0.9827736950770063
UBFC_PHYS_s04_T3_test,88,93,91.1,1.0617995262145996,-1.1513559851202602
UBFC_PHYS_s04_T3_test,88,94,91.13333333333334,1.0669445991516113,-1.2480254894442064
UBFC_PHYS_s04_T3_test,88,95,91.16666666666667,1.1240967512130737,-1.2234591504251078
UBFC_PHYS_s04_T3_test,88,96,91.2,1.335837483406067,-1.0457645545045902
UBFC_PHYS_s04_T3_test,88,97,91.23333333333333,1.6748427152633667,-0.7142418743771687
UBFC_PHYS_s04_T3_test,88,98,91.26666666666667,1.9408900737762451,-0.2655843593678534
UBFC_PHYS_s04_T3_test,88,99,91.3,1.8880645036697388,0.23092431805998054
UBFC_PHYS_s04_T3_test,88,100,91.33333333333333,1.5098859071731567,0.6897043818204611
UBFC_PHYS_s04_T3_test,88,101,91.36666666666666,1.0489463806152344,1.0326828710337632
UBFC_PHYS_s04_T3_test,88,102,91.4,0.7160801887512207,1.2120728307011284
UBFC_PHYS_s04_T3_test,88,103,91.43333333333334,0.5400340557098389,1.2226855701094117
UBFC_PHYS_s04_T3_test,88,104,91.46666666666667,0.5118331909179688,1.0990458586523035
UBFC_PHYS_s04_T3_test,88,105,91.5,0.656647801399231,0.8996664308711946
UBFC_PHYS_s04_T3_test,88,106,91.53333333333333,0.9051159024238586,0.6856886552728826
UBFC_PHYS_s04_T3_test,88,107,91.56666666666666,1.0846214294433594,0.5020720312199137
UBFC_PHYS_s04_T3_test,88,108,91.6,1.054929494857788,0.3673089981813222
UBFC_PHYS_s04_T3_test,88,109,91.63333333333334,0.7103114128112793,0.2738354697832556
UBFC_PHYS_s04_T3_test,88,110,91.66666666666667,0.04263991117477417,0.19749900587708827
UBFC_PHYS_s04_T3_test,88,111,91.7,-0.743740439414978,0.11156124704892427
UBFC_PHYS_s04_T3_test,88,112,91.73333333333333,-1.3889116048812866,-0.0006275545374595532
UBFC_PHYS_s04_T3_test,88,113,91.76666666666667,-1.841334342956543,-0.13918724310265654
UBFC_PHYS_s04_T3_test,88,114,91.8,-2.2260711193084717,-0.2892660947752519
UBFC_PHYS_s04_T3_test,88,115,91.83333333333333,-2.6125714778900146,-0.4288156140301846
UBFC_PHYS_s04_T3_test,88,116,91.86666666666666,-2.9087979793548584,-0.5386933798123476
UBFC_PHYS_s04_T3_test,88,117,91.9,-2.9268643856048584,-0.6109156052195412
UBFC_PHYS_s04_T3_test,88,118,91.93333333333334,-2.598529577255249,-0.6519254291923676
UBFC_PHYS_s04_T3_test,88,119,91.96666666666667,-2.0859923362731934,-0.6796672670217595
UBFC_PHYS_s04_T3_test,88,120,92.0,-1.5895336866378784,-0.7155258855235611
UBFC_PHYS_s04_T3_test,88,121,92.03333333333333,-1.1759235858917236,-0.7740132665833962
UBFC_PHYS_s04_T3_test,88,122,92.06666666666666,-0.8425702452659607,-0.8538610360041855
UBFC_PHYS_s04_T3_test,88,123,92.1,-0.5966357588768005,-0.9338665154658468
UBFC_PHYS_s04_T3_test,88,124,92.13333333333334,-0.4266897737979889,-0.9756407143887146
UBFC_PHYS_s04_T3_test,88,125,92.16666666666667,-0.3125024139881134,-0.9334064801933561
UBFC_PHYS_s04_T3_test,88,126,92.2,-0.24094773828983307,-0.7685284585499089
UBFC_PHYS_s04_T3_test,88,127,92.23333333333333,-0.1917179673910141,-0.4644131006267735
UBFC_PHYS_s04_T3_test,88,128,92.26666666666667,-0.14732152223587036,-0.036703146905736714
UBFC_PHYS_s04_T3_test,88,129,92.3,-0.12079669535160065,0.46537394677119326
UBFC_PHYS_s04_T3_test,88,130,92.33333333333333,-0.13125266134738922,0.9681746500580544
UBFC_PHYS_s04_T3_test,88,131,92.36666666666666,-0.1685647815465927,1.3913516057469075
UBFC_PHYS_s04_T3_test,88,132,92.4,-0.22869877517223358,1.6684699229299478
UBFC_PHYS_s04_T3_test,88,133,92.43333333333334,-0.3434220850467682,1.7634032213094697
UBFC_PHYS_s04_T3_test,88,134,92.46666666666667,-0.5019181370735168,1.6773088040876087
UBFC_PHYS_s04_T3_test,88,135,92.5,-0.5583102107048035,1.444802775042891
UBFC_PHYS_s04_T3_test,88,136,92.53333333333333,-0.3187292218208313,1.1214253628587503
UBFC_PHYS_s04_T3_test,88,137,92.56666666666666,0.18758125603199005,0.7667837153553311
UBFC_PHYS_s04_T3_test,88,138,92.6,0.7118997573852539,0.42876580864191877
UBFC_PHYS_s04_T3_test,88,139,92.63333333333334,1.0066742897033691,0.1335501401200485
UBFC_PHYS_s04_T3_test,88,140,92.66666666666667,0.9825563430786133,-0.1161922264569519
UBFC_PHYS_s04_T3_test,88,141,92.7,0.6630500555038452,-0.33542193485441585
UBFC_PHYS_s04_T3_test,88,142,92.73333333333333,0.11977824568748474,-0.5459402199634854
UBFC_PHYS_s04_T3_test,88,143,92.76666666666667,-0.4949605166912079,-0.7644438346471782
UBFC_PHYS_s04_T3_test,88,144,92.8,-0.9799790382385254,-0.9930104408470998
UBFC_PHYS_s04_T3_test,88,145,92.83333333333333,-1.2977800369262695,-1.2146435999727287
UBFC_PHYS_s04_T3_test,88,146,92.86666666666666,-1.5770410299301147,-1.395158178453304
UBFC_PHYS_s04_T3_test,88,147,92.9,-1.8157742023468018,-1.4910592331457333
UBFC_PHYS_s04_T3_test,88,148,92.93333333333334,-1.8386350870132446,-1.4613521499517936
UBFC_PHYS_s04_T3_test,88,149,92.96666666666667,-1.6584182977676392,-1.2800329389769172
UBFC_PHYS_s04_T3_test,88,150,93.0,-1.550798773765564,-0.9458405923931731
UBFC_PHYS_s04_T3_test,88,151,93.03333333333333,-1.692407488822937,-0.4865423381717267
UBFC_PHYS_s04_T3_test,88,152,93.06666666666666,-1.9249041080474854,0.0437791936871853
UBFC_PHYS_s04_T3_test,88,153,93.1,-1.9138829708099365,0.5743174015628844
UBFC_PHYS_s04_T3_test,88,154,93.13333333333334,-1.4003713130950928,1.0319397485820052
UBFC_PHYS_s04_T3_test,88,155,93.16666666666667,-0.4746527373790741,1.3566971426107512
UBFC_PHYS_s04_T3_test,88,156,93.2,0.49290913343429565,1.5141402781234803
UBFC_PHYS_s04_T3_test,88,157,93.23333333333333,1.270071029663086,1.5007810258933212
UBFC_PHYS_s04_T3_test,88,158,93.26666666666667,1.9331527948379517,1.3409015431292628
UBFC_PHYS_s04_T3_test,88,159,93.3,2.5769011974334717,1.0758746747512202
UBFC_PHYS_s04_T3_test,88,160,93.33333333333333,3.0241496562957764,0.7503195346490971
UBFC_PHYS_s04_T3_test,88,161,93.36666666666666,3.032910108566284,0.400719586106139
UBFC_PHYS_s04_T3_test,88,162,93.4,2.6786935329437256,0.05038402660817186
UBFC_PHYS_s04_T3_test,88,163,93.43333333333334,2.2398741245269775,-0.2887158677469998
UBFC_PHYS_s04_T3_test,88,164,93.46666666666667,1.7732632160186768,-0.6094439222062549
UBFC_PHYS_s04_T3_test,88,165,93.5,1.1755483150482178,-0.901790098356424
UBFC_PHYS_s04_T3_test,88,166,93.53333333333333,0.5144544839859009,-1.147320637834946
UBFC_PHYS_s04_T3_test,88,167,93.56666666666666,-0.09779941290616989,-1.3181824201037968
UBFC_PHYS_s04_T3_test,88,168,93.6,-0.7180731296539307,-1.3816190305708398
UBFC_PHYS_s04_T3_test,88,169,93.63333333333334,-1.408615231513977,-1.3091393263157962
UBFC_PHYS_s04_T3_test,88,170,93.66666666666667,-2.07822585105896,-1.0875299621134886
UBFC_PHYS_s04_T3_test,88,171,93.7,-2.471430540084839,-0.7276624977830907
UBFC_PHYS_s04_T3_test,88,172,93.73333333333333,-2.3220748901367188,-0.267311661489852
UBFC_PHYS_s04_T3_test,88,173,93.76666666666667,-1.7181235551834106,0.23397215601131696
UBFC_PHYS_s04_T3_test,88,174,93.8,-1.2170653343200684,0.7070857712558754
UBFC_PHYS_s04_T3_test,88,175,93.83333333333333,-1.1936588287353516,1.088997846645315
UBFC_PHYS_s04_T3_test,88,176,93.86666666666666,-1.3487930297851562,1.336378617643708
UBFC_PHYS_s04_T3_test,88,177,93.9,-1.0904536247253418,1.4324238685281838
UBFC_PHYS_s04_T3_test,88,178,93.93333333333334,-0.24459223449230194,1.3850593777832012
UBFC_PHYS_s04_T3_test,88,179,93.96666666666667,0.8323236703872681,1.2184980662740037
UBFC_PHYS_s04_T3_test,88,180,94.0,1.7024881839752197,0.9626271248021869
UBFC_PHYS_s04_T3_test,88,181,94.03333333333333,2.074176788330078,0.6448520386239992
UBFC_PHYS_s04_T3_test,88,182,94.06666666666666,1.8131382465362549,0.28703640393719637
UBFC_PHYS_s04_T3_test,88,183,94.1,1.0512460470199585,-0.09256438724724646
UBFC_PHYS_s04_T3_test,88,184,94.13333333333334,0.2530650198459625,-0.47451806052849155
UBFC_PHYS_s04_T3_test,88,185,94.16666666666667,-0.19244882464408875,-0.833584773228647
UBFC_PHYS_s04_T3_test,88,186,94.2,-0.28579244017601013,-1.1370252795651
UBFC_PHYS_s04_T3_test,88,187,94.23333333333333,-0.24333517253398895,-1.3474100375698623
UBFC_PHYS_s04_T3_test,88,188,94.26666666666667,-0.2986748218536377,-1.4296061851702007
UBFC_PHYS_s04_T3_test,88,189,94.3,-0.6484088897705078,-1.3599077428998114
UBFC_PHYS_s04_T3_test,88,190,94.33333333333333,-1.222259283065796,-1.1344532173199877
UBFC_PHYS_s04_T3_test,88,191,94.36666666666666,-1.6027863025665283,-0.7741662786155279
UBFC_PHYS_s04_T3_test,88,192,94.4,-1.404249668121338,-0.32418116956381626
UBFC_PHYS_s04_T3_test,88,193,94.43333333333334,-0.6623436808586121,0.1530587653777213
UBFC_PHYS_s04_T3_test,88,194,94.46666666666667,0.268578439950943,0.5901529569252458
UBFC_PHYS_s04_T3_test,88,195,94.5,1.0312793254852295,0.9296262075164733
UBFC_PHYS_s04_T3_test,88,196,94.53333333333333,1.4081618785858154,1.136676789079323
UBFC_PHYS_s04_T3_test,88,197,94.56666666666666,1.4429404735565186,1.205097071409084
UBFC_PHYS_s04_T3_test,88,198,94.6,1.3302537202835083,1.154125420802711
UBFC_PHYS_s04_T3_test,88,199,94.63333333333334,1.1791245937347412,1.017745137749876
UBFC_PHYS_s04_T3_test,88,200,94.66666666666667,0.9706678986549377,0.8310044672608469
UBFC_PHYS_s04_T3_test,88,201,94.7,0.7237687110900879,0.6188573712339089
UBFC_PHYS_s04_T3_test,88,202,94.73333333333333,0.5005391836166382,0.39150182860083427
UBFC_PHYS_s04_T3_test,88,203,94.76666666666667,0.31000280380249023,0.14721941614141773
UBFC_PHYS_s04_T3_test,88,204,94.8,0.13473622500896454,-0.11925181435822697
UBFC_PHYS_s04_T3_test,88,205,94.83333333333333,-0.010419493541121483,-0.40677796610305295
UBFC_PHYS_s04_T3_test,88,206,94.86666666666666,-0.08535555005073547,-0.7007681576527489
UBFC_PHYS_s04_T3_test,88,207,94.9,-0.03210125118494034,-0.9720973279335385
UBFC_PHYS_s04_T3_test,88,208,94.93333333333334,0.1716000884771347,-1.1824118090735793
UBFC_PHYS_s04_T3_test,88,209,94.96666666666667,0.4133736193180084,-1.2936420106412856
UBFC_PHYS_s04_T3_test,88,210,95.0,0.498785138130188,-1.27840079374876
UBFC_PHYS_s04_T3_test,88,211,95.03333333333333,0.3643289804458618,-1.128162325332771
UBFC_PHYS_s04_T3_test,88,212,95.06666666666666,0.16252785921096802,-0.8569975019746658
UBFC_PHYS_s04_T3_test,88,213,95.1,0.05554177612066269,-0.4997715790394493
UBFC_PHYS_s04_T3_test,88,214,95.13333333333334,0.08054644614458084,-0.10497155259756825
UBFC_PHYS_s04_T3_test,88,215,95.16666666666667,0.12829503417015076,0.2762653333671039
UBFC_PHYS_s04_T3_test,88,216,95.2,0.039726272225379944,0.6019759450346963
UBFC_PHYS_s04_T3_test,88,217,95.23333333333333,-0.19043168425559998,0.8483324303195515
UBFC_PHYS_s04_T3_test,88,218,95.26666666666667,-0.3129604160785675,1.01249767375197
UBFC_PHYS_s04_T3_test,88,219,95.3,-0.07045603543519974,1.1081001413039062
UBFC_PHYS_s04_T3_test,88,220,95.33333333333333,0.45581141114234924,1.1550098501558341
UBFC_PHYS_s04_T3_test,88,221,95.36666666666666,0.9582337737083435,1.1676453618229887
UBFC_PHYS_s04_T3_test,88,222,95.4,1.2797377109527588,1.146812176121529
UBFC_PHYS_s04_T3_test,88,223,95.43333333333334,1.5029574632644653,1.0786803989953324
UBFC_PHYS_s04_T3_test,88,224,95.46666666666667,1.7113558053970337,0.9415249130949448
UBFC_PHYS_s04_T3_test,88,225,95.5,1.886368989944458,0.717513493087484
UBFC_PHYS_s04_T3_test,88,226,95.53333333333333,1.9928970336914062,0.404575108773886
UBFC_PHYS_s04_T3_test,88,227,95.56666666666666,2.02636981010437,0.023312932532762967
UBFC_PHYS_s04_T3_test,88,228,95.6,1.996142029762268,-0.38387726493061797
UBFC_PHYS_s04_T3_test,88,229,95.63333333333334,1.9331527948379517,-0.7611991193744331
UBFC_PHYS_s04_T3_test,88,230,95.66666666666667,1.8826172351837158,-1.0526224006619291
UBFC_PHYS_s04_T3_test,88,231,95.7,1.8673962354660034,-1.2159890726394114
UBFC_PHYS_s04_T3_test,88,232,95.73333333333333,1.8458898067474365,-1.2343222688343367
UBFC_PHYS_s04_T3_test,88,233,95.76666666666667,1.7230980396270752,-1.1212887287245008
UBFC_PHYS_s04_T3_test,88,234,95.8,1.4749319553375244,-0.9186844388785456
UBFC_PHYS_s04_T3_test,88,235,95.83333333333333,1.2005432844161987,-0.6853614537137687
UBFC_PHYS_s04_T3_test,88,236,95.86666666666666,0.9735912680625916,-0.47958806951614014
UBFC_PHYS_s04_T3_test,88,237,95.9,0.7551073431968689,-0.3400043948916549
UBFC_PHYS_s04_T3_test,88,238,95.93333333333334,0.5184594988822937,-0.2725663590578271
UBFC_PHYS_s04_T3_test,88,239,95.96666666666667,0.3495951294898987,-0.24978288875598298
UBFC_PHYS_s04_T3_test,89,0,89.0,-1.590703010559082,0.0554106689331635
UBFC_PHYS_s04_T3_test,89,1,89.03333333333333,-1.7546755075454712,0.03742179107157882
UBFC_PHYS_s04_T3_test,89,2,89.06666666666666,-1.6838419437408447,0.04326231361282851
UBFC_PHYS_s04_T3_test,89,3,89.1,-1.446550965309143,0.09140256011971569
UBFC_PHYS_s04_T3_test,89,4,89.13333333333334,-1.0282635688781738,0.18482880248352265
UBFC_PHYS_s04_T3_test,89,5,89.16666666666667,-0.39650097489356995,0.3084625697776489
UBFC_PHYS_s04_T3_test,89,6,89.2,0.3136180341243744,0.4316805210214781
UBFC_PHYS_s04_T3_test,89,7,89.23333333333333,0.8861236572265625,0.5157925778548654
UBFC_PHYS_s04_T3_test,89,8,89.26666666666667,1.2371829748153687,0.5247366937532261
UBFC_PHYS_s04_T3_test,89,9,89.3,1.426550030708313,0.4358213984232738
UBFC_PHYS_s04_T3_test,89,10,89.33333333333333,1.5066702365875244,0.2468646306487964
UBFC_PHYS_s04_T3_test,89,11,89.36666666666666,1.494674563407898,-0.022786867539789406
UBFC_PHYS_s04_T3_test,89,12,89.4,1.4246498346328735,-0.337302999000722
UBFC_PHYS_s04_T3_test,89,13,89.43333333333334,1.313366413116455,-0.6529520442149954
UBFC_PHYS_s04_T3_test,89,14,89.46666666666667,1.1290276050567627,-0.9268159288512312
UBFC_PHYS_s04_T3_test,89,15,89.5,0.8772170543670654,-1.1230681583794992
UBFC_PHYS_s04_T3_test,89,16,89.53333333333333,0.6466401219367981,-1.2159803531341808
UBFC_PHYS_s04_T3_test,89,17,89.56666666666666,0.47223106026649475,-1.1905346890869803
UBFC_PHYS_s04_T3_test,89,18,89.6,0.29256969690322876,-1.0424145425662106
UBFC_PHYS_s04_T3_test,89,19,89.63333333333334,0.1031636893749237,-0.7787642182873027
UBFC_PHYS_s04_T3_test,89,20,89.66666666666667,-0.012368415482342243,-0.4196620443946111
UBFC_PHYS_s04_T3_test,89,21,89.7,-0.04239156097173691,0.001255547044417615
UBFC_PHYS_s04_T3_test,89,22,89.73333333333333,-0.10274967551231384,0.43906302287315063
UBFC_PHYS_s04_T3_test,89,23,89.76666666666667,-0.29000210762023926,0.843794290119808
UBFC_PHYS_s04_T3_test,89,24,89.8,-0.5264453291893005,1.1697568153126296
UBFC_PHYS_s04_T3_test,89,25,89.83333333333333,-0.6056203246116638,1.385028273960124
UBFC_PHYS_s04_T3_test,89,26,89.86666666666666,-0.409763365983963,1.4774862434450389
UBFC_PHYS_s04_T3_test,89,27,89.9,-0.07434413582086563,1.4547849798292738
UBFC_PHYS_s04_T3_test,89,28,89.93333333333334,0.13474597036838531,1.338271464997907
UBFC_PHYS_s04_T3_test,89,29,89.96666666666667,0.09489051252603531,1.1535621330720853
UBFC_PHYS_s04_T3_test,89,30,90.0,-0.11717170476913452,0.921872460633051
UBFC_PHYS_s04_T3_test,89,31,90.03333333333333,-0.38722410798072815,0.655512430021764
UBFC_PHYS_s04_T3_test,89,32,90.06666666666666,-0.6488181948661804,0.35866097269422287
UBFC_PHYS_s04_T3_test,89,33,90.1,-0.8419660925865173,0.03210129122149067
UBFC_PHYS_s04_T3_test,89,34,90.13333333333334,-0.9001219272613525,-0.32061508115849285
UBFC_PHYS_s04_T3_test,89,35,90.16666666666667,-0.8101109862327576,-0.6880039902477179
UBFC_PHYS_s04_T3_test,89,36,90.2,-0.6401357054710388,-1.0481029879075403
UBFC_PHYS_s04_T3_test,89,37,90.23333333333333,-0.486814022064209,-1.3692054423623745
UBFC_PHYS_s04_T3_test,89,38,90.26666666666667,-0.41388535499572754,-1.6137317100104707
UBFC_PHYS_s04_T3_test,89,39,90.3,-0.42298680543899536,-1.7444467282361942
UBFC_PHYS_s04_T3_test,89,40,90.33333333333333,-0.4489269554615021,-1.7316969055576965
UBFC_PHYS_s04_T3_test,89,41,90.36666666666666,-0.43481677770614624,-1.560083571320854
UBFC_PHYS_s04_T3_test,89,42,90.4,-0.4544716477394104,-1.2331878346752607
UBFC_PHYS_s04_T3_test,89,43,90.43333333333334,-0.6343084573745728,-0.7755385804056462
UBFC_PHYS_s04_T3_test,89,44,90.46666666666667,-0.901603102684021,-0.23160648524144184
UBFC_PHYS_s04_T3_test,89,45,90.5,-1.0038337707519531,0.33838126811117514
UBFC_PHYS_s04_T3_test,89,46,90.53333333333333,-0.8208105564117432,0.866419865750296
UBFC_PHYS_s04_T3_test,89,47,90.56666666666666,-0.49171555042266846,1.288392039476163
UBFC_PHYS_s04_T3_test,89,48,90.6,-0.16754159331321716,1.556856800226071
UBFC_PHYS_s04_T3_test,89,49,90.63333333333334,0.08584751188755035,1.650509794006155
UBFC_PHYS_s04_T3_test,89,50,90.66666666666667,0.24620482325553894,1.5768174001735091
UBFC_PHYS_s04_T3_test,89,51,90.7,0.33490025997161865,1.3673905141570175
UBFC_PHYS_s04_T3_test,89,52,90.73333333333333,0.4235762357711792,1.068581967892991
UBFC_PHYS_s04_T3_test,89,53,90.76666666666667,0.5581687688827515,0.7308463671889588
UBFC_PHYS_s04_T3_test,89,54,90.8,0.7028957605361938,0.39936575873997554
UBFC_PHYS_s04_T3_test,89,55,90.83333333333333,0.8147541284561157,0.10694824608896832
UBFC_PHYS_s04_T3_test,89,56,90.86666666666666,0.9027479887008667,-0.1302221808674163
UBFC_PHYS_s04_T3_test,89,57,90.9,0.9740395545959473,-0.31318262452295
UBFC_PHYS_s04_T3_test,89,58,90.93333333333334,0.9897575974464417,-0.4565983494714799
UBFC_PHYS_s04_T3_test,89,59,90.96666666666667,0.9256380796432495,-0.5815263862954767
UBFC_PHYS_s04_T3_test,89,60,91.0,0.8542685508728027,-0.7064999439568646
UBFC_PHYS_s04_T3_test,89,61,91.03333333333333,0.8868447542190552,-0.8396992285657175
UBFC_PHYS_s04_T3_test,89,62,91.06666666666666,0.9957310557365417,-0.9745628917304298
UBFC_PHYS_s04_T3_test,89,63,91.1,1.0617995262145996,-1.0900377612688505
UBFC_PHYS_s04_T3_test,89,64,91.13333333333334,1.0669445991516113,-1.155496183867176
UBFC_PHYS_s04_T3_test,89,65,91.16666666666667,1.1240967512130737,-1.1393198641571893
UBFC_PHYS_s04_T3_test,89,66,91.2,1.335837483406067,-1.0191498497022458
UBFC_PHYS_s04_T3_test,89,67,91.23333333333333,1.6748427152633667,-0.7909204840384768
UBFC_PHYS_s04_T3_test,89,68,91.26666666666667,1.9408900737762451,-0.4734295183753535
UBFC_PHYS_s04_T3_test,89,69,91.3,1.8880645036697388,-0.10598970754337386
UBFC_PHYS_s04_T3_test,89,70,91.33333333333333,1.5098859071731567,0.2610584621683477
UBFC_PHYS_s04_T3_test,89,71,91.36666666666666,1.0489463806152344,0.5801439128392939
UBFC_PHYS_s04_T3_test,89,72,91.4,0.7160801887512207,0.819291269200052
UBFC_PHYS_s04_T3_test,89,73,91.43333333333334,0.5400340557098389,0.9685860812652357
UBFC_PHYS_s04_T3_test,89,74,91.46666666666667,0.5118331909179688,1.0377869382203764
UBFC_PHYS_s04_T3_test,89,75,91.5,0.656647801399231,1.046978682418408
UBFC_PHYS_s04_T3_test,89,76,91.53333333333333,0.9051159024238586,1.0154913886308337
UBFC_PHYS_s04_T3_test,89,77,91.56666666666666,1.0846214294433594,0.9545545540596739
UBFC_PHYS_s04_T3_test,89,78,91.6,1.054929494857788,0.8661946359132239
UBFC_PHYS_s04_T3_test,89,79,91.63333333333334,0.7103114128112793,0.7472309978700055
UBFC_PHYS_s04_T3_test,89,80,91.66666666666667,0.04263991117477417,0.5954098837521248
UBFC_PHYS_s04_T3_test,89,81,91.7,-0.743740439414978,0.4147387084270053
UBFC_PHYS_s04_T3_test,89,82,91.73333333333333,-1.3889116048812866,0.21785544363142534
UBFC_PHYS_s04_T3_test,89,83,91.76666666666667,-1.841334342956543,0.024427920771977207
UBFC_PHYS_s04_T3_test,89,84,91.8,-2.2260711193084717,-0.14395007917893932
UBFC_PHYS_s04_T3_test,89,85,91.83333333333333,-2.6125714778900146,-0.27054508733858845
UBFC_PHYS_s04_T3_test,89,86,91.86666666666666,-2.9087979793548584,-0.34941823610475115
UBFC_PHYS_s04_T3_test,89,87,91.9,-2.9268643856048584,-0.3881894147390647
UBFC_PHYS_s04_T3_test,89,88,91.93333333333334,-2.598529577255249,-0.4064086052532653
UBFC_PHYS_s04_T3_test,89,89,91.96666666666667,-2.0859923362731934,-0.4298627096483261
UBFC_PHYS_s04_T3_test,89,90,92.0,-1.5895336866378784,-0.4825589307785694
UBFC_PHYS_s04_T3_test,89,91,92.03333333333333,-1.1759235858917236,-0.5788776263429012
UBFC_PHYS_s04_T3_test,89,92,92.06666666666666,-0.8425702452659607,-0.7182242788864368
UBFC_PHYS_s04_T3_test,89,93,92.1,-0.5966357588768005,-0.8835781891091767
UBFC_PHYS_s04_T3_test,89,94,92.13333333333334,-0.4266897737979889,-1.0440893761932386
UBFC_PHYS_s04_T3_test,89,95,92.16666666666667,-0.3125024139881134,-1.1609134307070879
UBFC_PHYS_s04_T3_test,89,96,92.2,-0.24094773828983307,-1.1951091278986794
UBFC_PHYS_s04_T3_test,89,97,92.23333333333333,-0.1917179673910141,-1.1163751881224973
UBFC_PHYS_s04_T3_test,89,98,92.26666666666667,-0.14732152223587036,-0.91120453379483
UBFC_PHYS_s04_T3_test,89,99,92.3,-0.12079669535160065,-0.5885006543934006
UBFC_PHYS_s04_T3_test,89,100,92.33333333333333,-0.13125266134738922,-0.1802987903517267
UBFC_PHYS_s04_T3_test,89,101,92.36666666666666,-0.1685647815465927,0.26386126374967794
UBFC_PHYS_s04_T3_test,89,102,92.4,-0.22869877517223358,0.6878155181977739
UBFC_PHYS_s04_T3_test,89,103,92.43333333333334,-0.3434220850467682,1.0413642379869115
UBFC_PHYS_s04_T3_test,89,104,92.46666666666667,-0.5019181370735168,1.2905077920285493
UBFC_PHYS_s04_T3_test,89,105,92.5,-0.5583102107048035,1.422562153930745
UBFC_PHYS_s04_T3_test,89,106,92.53333333333333,-0.3187292218208313,1.445345156961715
UBFC_PHYS_s04_T3_test,89,107,92.56666666666666,0.18758125603199005,1.381366111444304
UBFC_PHYS_s04_T3_test,89,108,92.6,0.7118997573852539,1.2590572921964605
UBFC_PHYS_s04_T3_test,89,109,92.63333333333334,1.0066742897033691,1.1035793523860495
UBFC_PHYS_s04_T3_test,89,110,92.66666666666667,0.9825563430786133,0.9297623386891021
UBFC_PHYS_s04_T3_test,89,111,92.7,0.6630500555038452,0.7392736876168597
UBFC_PHYS_s04_T3_test,89,112,92.73333333333333,0.11977824568748474,0.523020089269236
UBFC_PHYS_s04_T3_test,89,113,92.76666666666667,-0.4949605166912079,0.2681111523870303
UBFC_PHYS_s04_T3_test,89,114,92.8,-0.9799790382385254,-0.033124458561376274
UBFC_PHYS_s04_T3_test,89,115,92.83333333333333,-1.2977800369262695,-0.37559474408775156
UBFC_PHYS_s04_T3_test,89,116,92.86666666666666,-1.5770410299301147,-0.7383291091969267
UBFC_PHYS_s04_T3_test,89,117,92.9,-1.8157742023468018,-1.086805882686798
UBFC_PHYS_s04_T3_test,89,118,92.93333333333334,-1.8386350870132446,-1.3794126688245383
UBFC_PHYS_s04_T3_test,89,119,92.96666666666667,-1.6584182977676392,-1.5753731797270993
UBFC_PHYS_s04_T3_test,89,120,93.0,-1.550798773765564,-1.6418044245263137
UBFC_PHYS_s04_T3_test,89,121,93.03333333333333,-1.692407488822937,-1.5589233176666204
UBFC_PHYS_s04_T3_test,89,122,93.06666666666666,-1.9249041080474854,-1.3235677025772237
UBFC_PHYS_s04_T3_test,89,123,93.1,-1.9138829708099365,-0.951320821803715
UBFC_PHYS_s04_T3_test,89,124,93.13333333333334,-1.4003713130950928,-0.47672412944383374
UBFC_PHYS_s04_T3_test,89,125,93.16666666666667,-0.4746527373790741,0.04956040434994082
UBFC_PHYS_s04_T3_test,89,126,93.2,0.49290913343429565,0.5672515429921482
UBFC_PHYS_s04_T3_test,89,127,93.23333333333333,1.270071029663086,1.0158233473624305
UBFC_PHYS_s04_T3_test,89,128,93.26666666666667,1.9331527948379517,1.3446138758147268
UBFC_PHYS_s04_T3_test,89,129,93.3,2.5769011974334717,1.5209865256868034
UBFC_PHYS_s04_T3_test,89,130,93.33333333333333,3.0241496562957764,1.5344013021494485
UBFC_PHYS_s04_T3_test,89,131,93.36666666666666,3.032910108566284,1.3955297336118215
UBFC_PHYS_s04_T3_test,89,132,93.4,2.6786935329437256,1.1310190651096987
UBFC_PHYS_s04_T3_test,89,133,93.43333333333334,2.2398741245269775,0.7758747274754894
UBFC_PHYS_s04_T3_test,89,134,93.46666666666667,1.7732632160186768,0.36630874479909903
UBFC_PHYS_s04_T3_test,89,135,93.5,1.1755483150482178,-0.0644109476995314
UBFC_PHYS_s04_T3_test,89,136,93.53333333333333,0.5144544839859009,-0.4862795038013607
UBFC_PHYS_s04_T3_test,89,137,93.56666666666666,-0.09779941290616989,-0.8702958943523036
UBFC_PHYS_s04_T3_test,89,138,93.6,-0.7180731296539307,-1.1860693849105342
UBFC_PHYS_s04_T3_test,89,139,93.63333333333334,-1.408615231513977,-1.4015417388978828
UBFC_PHYS_s04_T3_test,89,140,93.66666666666667,-2.07822585105896,-1.4858447505426626
UBFC_PHYS_s04_T3_test,89,141,93.7,-2.471430540084839,-1.414998487781207
UBFC_PHYS_s04_T3_test,89,142,93.73333333333333,-2.3220748901367188,-1.1793647833970542
UBFC_PHYS_s04_T3_test,89,143,93.76666666666667,-1.7181235551834106,-0.7910108986954647
UBFC_PHYS_s04_T3_test,89,144,93.8,-1.2170653343200684,-0.2881151516506388
UBFC_PHYS_s04_T3_test,89,145,93.83333333333333,-1.1936588287353516,0.2666550762434473
UBFC_PHYS_s04_T3_test,89,146,93.86666666666666,-1.3487930297851562,0.7952247706877682
UBFC_PHYS_s04_T3_test,89,147,93.9,-1.0904536247253418,1.2191676979876254
UBFC_PHYS_s04_T3_test,89,148,93.93333333333334,-0.24459223449230194,1.4765244460970448
UBFC_PHYS_s04_T3_test,89,149,93.96666666666667,0.8323236703872681,1.5349822855146236
UBFC_PHYS_s04_T3_test,89,150,94.0,1.7024881839752197,1.3970749642147133
UBFC_PHYS_s04_T3_test,89,151,94.03333333333333,2.074176788330078,1.0960343481188948
UBFC_PHYS_s04_T3_test,89,152,94.06666666666666,1.8131382465362549,0.6845790994969847
UBFC_PHYS_s04_T3_test,89,153,94.1,1.0512460470199585,0.2214982405274443
UBFC_PHYS_s04_T3_test,89,154,94.13333333333334,0.2530650198459625,-0.2389293691693001
UBFC_PHYS_s04_T3_test,89,155,94.16666666666667,-0.19244882464408875,-0.6518450050736752
UBFC_PHYS_s04_T3_test,89,156,94.2,-0.28579244017601013,-0.9815945575494922
UBFC_PHYS_s04_T3_test,89,157,94.23333333333333,-0.24333517253398895,-1.1995189374955217
UBFC_PHYS_s04_T3_test,89,158,94.26666666666667,-0.2986748218536377,-1.283254734470646
UBFC_PHYS_s04_T3_test,89,159,94.3,-0.6484088897705078,-1.2194241607619158
UBFC_PHYS_s04_T3_test,89,160,94.33333333333333,-1.222259283065796,-1.009117768852884
UBFC_PHYS_s04_T3_test,89,161,94.36666666666666,-1.6027863025665283,-0.6733512441491406
UBFC_PHYS_s04_T3_test,89,162,94.4,-1.404249668121338,-0.2546889552770513
UBFC_PHYS_s04_T3_test,89,163,94.43333333333334,-0.6623436808586121,0.187714525434753
UBFC_PHYS_s04_T3_test,89,164,94.46666666666667,0.268578439950943,0.5894492399079941
UBFC_PHYS_s04_T3_test,89,165,94.5,1.0312793254852295,0.8951352696521059
UBFC_PHYS_s04_T3_test,89,166,94.53333333333333,1.4081618785858154,1.070605274641742
UBFC_PHYS_s04_T3_test,89,167,94.56666666666666,1.4429404735565186,1.108632553691301
UBFC_PHYS_s04_T3_test,89,168,94.6,1.3302537202835083,1.0264608120271634
UBFC_PHYS_s04_T3_test,89,169,94.63333333333334,1.1791245937347412,0.8566299746711189
UBFC_PHYS_s04_T3_test,89,170,94.66666666666667,0.9706678986549377,0.6350191488040658
UBFC_PHYS_s04_T3_test,89,171,94.7,0.7237687110900879,0.3907348590962036
UBFC_PHYS_s04_T3_test,89,172,94.73333333333333,0.5005391836166382,0.14130454618180402
UBFC_PHYS_s04_T3_test,89,173,94.76666666666667,0.31000280380249023,-0.10579411845420385
UBFC_PHYS_s04_T3_test,89,174,94.8,0.13473622500896454,-0.3469023649719215
UBFC_PHYS_s04_T3_test,89,175,94.83333333333333,-0.010419493541121483,-0.5747727770900555
UBFC_PHYS_s04_T3_test,89,176,94.86666666666666,-0.08535555005073547,-0.7738791500407814
UBFC_PHYS_s04_T3_test,89,177,94.9,-0.03210125118494034,-0.9208944127399895
UBFC_PHYS_s04_T3_test,89,178,94.93333333333334,0.1716000884771347,-0.9901110715049992
UBFC_PHYS_s04_T3_test,89,179,94.96666666666667,0.4133736193180084,-0.9612785677309742
UBFC_PHYS_s04_T3_test,89,180,95.0,0.498785138130188,-0.8267247167650779
UBFC_PHYS_s04_T3_test,89,181,95.03333333333333,0.3643289804458618,-0.5955320612430828
UBFC_PHYS_s04_T3_test,89,182,95.06666666666666,0.16252785921096802,-0.2939134574040589
UBFC_PHYS_s04_T3_test,89,183,95.1,0.05554177612066269,0.03820147461331283
UBFC_PHYS_s04_T3_test,89,184,95.13333333333334,0.08054644614458084,0.3541842343162088
UBFC_PHYS_s04_T3_test,89,185,95.16666666666667,0.12829503417015076,0.6107126822751754
UBFC_PHYS_s04_T3_test,89,186,95.2,0.039726272225379944,0.7786765885069276
UBFC_PHYS_s04_T3_test,89,187,95.23333333333333,-0.19043168425559998,0.8510316439575136
UBFC_PHYS_s04_T3_test,89,188,95.26666666666667,-0.3129604160785675,0.8431150329207614
UBFC_PHYS_s04_T3_test,89,189,95.3,-0.07045603543519974,0.7836513729192339
UBFC_PHYS_s04_T3_test,89,190,95.33333333333333,0.45581141114234924,0.7002006570547045
UBFC_PHYS_s04_T3_test,89,191,95.36666666666666,0.9582337737083435,0.6066578491761444
UBFC_PHYS_s04_T3_test,89,192,95.4,1.2797377109527588,0.49896201361996545
UBFC_PHYS_s04_T3_test,89,193,95.43333333333334,1.5029574632644653,0.3601996360038695
UBFC_PHYS_s04_T3_test,89,194,95.46666666666667,1.7113558053970337,0.17171887712342046
UBFC_PHYS_s04_T3_test,89,195,95.5,1.886368989944458,-0.07526246182666307
UBFC_PHYS_s04_T3_test,89,196,95.53333333333333,1.9928970336914062,-0.37249343326777434
UBFC_PHYS_s04_T3_test,89,197,95.56666666666666,2.02636981010437,-0.6942777592908251
UBFC_PHYS_s04_T3_test,89,198,95.6,1.996142029762268,-1.0028253010806978
UBFC_PHYS_s04_T3_test,89,199,95.63333333333334,1.9331527948379517,-1.2561766669615682
UBFC_PHYS_s04_T3_test,89,200,95.66666666666667,1.8826172351837158,-1.4154814870765091
UBFC_PHYS_s04_T3_test,89,201,95.7,1.8673962354660034,-1.450166757357375
UBFC_PHYS_s04_T3_test,89,202,95.73333333333333,1.8458898067474365,-1.3416414078620296
UBFC_PHYS_s04_T3_test,89,203,95.76666666666667,1.7230980396270752,-1.0869560073071456
UBFC_PHYS_s04_T3_test,89,204,95.8,1.4749319553375244,-0.7025729928028603
UBFC_PHYS_s04_T3_test,89,205,95.83333333333333,1.2005432844161987,-0.22625983206270342
UBFC_PHYS_s04_T3_test,89,206,95.86666666666666,0.9735912680625916,0.28591972673020627
UBFC_PHYS_s04_T3_test,89,207,95.9,0.7551073431968689,0.7690359912625575
UBFC_PHYS_s04_T3_test,89,208,95.93333333333334,0.5184594988822937,1.1630255241413787
UBFC_PHYS_s04_T3_test,89,209,95.96666666666667,0.3495951294898987,1.4256782660900114
UBFC_PHYS_s04_T3_test,89,210,96.0,0.3239668309688568,1.5400779278550283
UBFC_PHYS_s04_T3_test,89,211,96.03333333333333,0.36167845129966736,1.5144810006453524
UBFC_PHYS_s04_T3_test,89,212,96.06666666666666,0.28744402527809143,1.3758009535711166
UBFC_PHYS_s04_T3_test,89,213,96.1,0.03560430184006691,1.1598678352505405
UBFC_PHYS_s04_T3_test,89,214,96.13333333333334,-0.2592286467552185,0.9019019340410572
UBFC_PHYS_s04_T3_test,89,215,96.16666666666667,-0.36219993233680725,0.6296568392031741
UBFC_PHYS_s04_T3_test,89,216,96.2,-0.17485004663467407,0.3603148023985184
UBFC_PHYS_s04_T3_test,89,217,96.23333333333333,0.15044453740119934,0.1009807081373885
UBFC_PHYS_s04_T3_test,89,218,96.26666666666667,0.4041844606399536,-0.14825566054931633
UBFC_PHYS_s04_T3_test,89,219,96.3,0.5662275552749634,-0.3901237991973589
UBFC_PHYS_s04_T3_test,89,220,96.33333333333333,0.7022526264190674,-0.6261828986753866
UBFC_PHYS_s04_T3_test,89,221,96.36666666666666,0.776789128780365,-0.8538227621228317
UBFC_PHYS_s04_T3_test,89,222,96.4,0.7440277338027954,-1.0642939887437237
UBFC_PHYS_s04_T3_test,89,223,96.43333333333334,0.6304348111152649,-1.2414706276094873
UBFC_PHYS_s04_T3_test,89,224,96.46666666666667,0.4475674629211426,-1.3615035108498632
UBFC_PHYS_s04_T3_test,89,225,96.5,0.19343775510787964,-1.3944561831762259
UBFC_PHYS_s04_T3_test,89,226,96.53333333333333,-0.06217312067747116,-1.309521161685273
UBFC_PHYS_s04_T3_test,89,227,96.56666666666666,-0.25620779395103455,-1.0843554010123906
UBFC_PHYS_s04_T3_test,89,228,96.6,-0.43125998973846436,-0.7163640745847837
UBFC_PHYS_s04_T3_test,89,229,96.63333333333334,-0.6484088897705078,-0.23125624507298714
UBFC_PHYS_s04_T3_test,89,230,96.66666666666667,-0.8777385354042053,0.31602475291478427
UBFC_PHYS_s04_T3_test,89,231,96.7,-1.0377451181411743,0.8503916047285036
UBFC_PHYS_s04_T3_test,89,232,96.73333333333333,-1.1049244403839111,1.2939047199501632
UBFC_PHYS_s04_T3_test,89,233,96.76666666666667,-1.1294028759002686,1.585316194698633
UBFC_PHYS_s04_T3_test,89,234,96.8,-1.180172324180603,1.6940301511358367
UBFC_PHYS_s04_T3_test,89,235,96.83333333333333,-1.3051371574401855,1.6228817158395694
UBFC_PHYS_s04_T3_test,89,236,96.86666666666666,-1.4397590160369873,1.4000078717605344
UBFC_PHYS_s04_T3_test,89,237,96.9,-1.3589956760406494,1.065419334358916
UBFC_PHYS_s04_T3_test,89,238,96.93333333333334,-0.9283618330955505,0.6590181684967847
UBFC_PHYS_s04_T3_test,89,239,96.96666666666667,-0.33119258284568787,0.21454532513445887
UBFC_PHYS_s04_T3_test,90,0,90.0,-0.11717170476913452,-0.028745484748918585
UBFC_PHYS_s04_T3_test,90,1,90.03333333333333,-0.38722410798072815,-0.22131488407829614
UBFC_PHYS_s04_T3_test,90,2,90.06666666666666,-0.6488181948661804,-0.40246294121065984
UBFC_PHYS_s04_T3_test,90,3,90.1,-0.8419660925865173,-0.5651669559595797
UBFC_PHYS_s04_T3_test,90,4,90.13333333333334,-0.9001219272613525,-0.7063546310820475
UBFC_PHYS_s04_T3_test,90,5,90.16666666666667,-0.8101109862327576,-0.8245706467428014
UBFC_PHYS_s04_T3_test,90,6,90.2,-0.6401357054710388,-0.9152553248758357
UBFC_PHYS_s04_T3_test,90,7,90.23333333333333,-0.486814022064209,-0.966723563972855
UBFC_PHYS_s04_T3_test,90,8,90.26666666666667,-0.41388535499572754,-0.9601998917744041
UBFC_PHYS_s04_T3_test,90,9,90.3,-0.42298680543899536,-0.8752753297137988
UBFC_PHYS_s04_T3_test,90,10,90.33333333333333,-0.4489269554615021,-0.6990638884991535
UBFC_PHYS_s04_T3_test,90,11,90.36666666666666,-0.43481677770614624,-0.43491944783643643
UBFC_PHYS_s04_T3_test,90,12,90.4,-0.4544716477394104,-0.10629809638652961
UBFC_PHYS_s04_T3_test,90,13,90.43333333333334,-0.6343084573745728,0.24643709483695395
UBFC_PHYS_s04_T3_test,90,14,90.46666666666667,-0.901603102684021,0.574907492056774
UBFC_PHYS_s04_T3_test,90,15,90.5,-1.0038337707519531,0.8334932324497157
UBFC_PHYS_s04_T3_test,90,16,90.53333333333333,-0.8208105564117432,0.9884466395823868
UBFC_PHYS_s04_T3_test,90,17,90.56666666666666,-0.49171555042266846,1.023690586057253
UBFC_PHYS_s04_T3_test,90,18,90.6,-0.16754159331321716,0.9431549084404957
UBFC_PHYS_s04_T3_test,90,19,90.63333333333334,0.08584751188755035,0.7698257338301607
UBFC_PHYS_s04_T3_test,90,20,90.66666666666667,0.24620482325553894,0.5413108456123933
UBFC_PHYS_s04_T3_test,90,21,90.7,0.33490025997161865,0.3019746584784463
UBFC_PHYS_s04_T3_test,90,22,90.73333333333333,0.4235762357711792,0.09315692726212135
UBFC_PHYS_s04_T3_test,90,23,90.76666666666667,0.5581687688827515,-0.055710033021242646
UBFC_PHYS_s04_T3_test,90,24,90.8,0.7028957605361938,-0.1325822677414491
UBFC_PHYS_s04_T3_test,90,25,90.83333333333333,0.8147541284561157,-0.14389304729323044
UBFC_PHYS_s04_T3_test,90,26,90.86666666666666,0.9027479887008667,-0.11172618366493292
UBFC_PHYS_s04_T3_test,90,27,90.9,0.9740395545959473,-0.06821619825126354
UBFC_PHYS_s04_T3_test,90,28,90.93333333333334,0.9897575974464417,-0.04820617170586284
UBFC_PHYS_s04_T3_test,90,29,90.96666666666667,0.9256380796432495,-0.08106191839237342
UBFC_PHYS_s04_T3_test,90,30,91.0,0.8542685508728027,-0.18293628616096777
UBFC_PHYS_s04_T3_test,90,31,91.03333333333333,0.8868447542190552,-0.351215803349768
UBFC_PHYS_s04_T3_test,90,32,91.06666666666666,0.9957310557365417,-0.5627287582356438
UBFC_PHYS_s04_T3_test,90,33,91.1,1.0617995262145996,-0.7767284601352982
UBFC_PHYS_s04_T3_test,90,34,91.13333333333334,1.0669445991516113,-0.9429477601093574
UBFC_PHYS_s04_T3_test,90,35,91.16666666666667,1.1240967512130737,-1.0137655934463723
UBFC_PHYS_s04_T3_test,90,36,91.2,1.335837483406067,-0.9576310803315773
UBFC_PHYS_s04_T3_test,90,37,91.23333333333333,1.6748427152633667,-0.7693700330535801
UBFC_PHYS_s04_T3_test,90,38,91.26666666666667,1.9408900737762451,-0.47313583345225235
UBFC_PHYS_s04_T3_test,90,39,91.3,1.8880645036697388,-0.11606907744404851
UBFC_PHYS_s04_T3_test,90,40,91.33333333333333,1.5098859071731567,0.24546801894780423
UBFC_PHYS_s04_T3_test,90,41,91.36666666666666,1.0489463806152344,0.5617751221282866
UBFC_PHYS_s04_T3_test,90,42,91.4,0.7160801887512207,0.8014288083798419
UBFC_PHYS_s04_T3_test,90,43,91.43333333333334,0.5400340557098389,0.9544977166671689
UBFC_PHYS_s04_T3_test,90,44,91.46666666666667,0.5118331909179688,1.027832839088292
UBFC_PHYS_s04_T3_test,90,45,91.5,0.656647801399231,1.0366659653362498
UBFC_PHYS_s04_T3_test,90,46,91.53333333333333,0.9051159024238586,0.9971292625722866
UBFC_PHYS_s04_T3_test,90,47,91.56666666666666,1.0846214294433594,0.9220717629027528
UBFC_PHYS_s04_T3_test,90,48,91.6,1.054929494857788,0.8200159481915521
UBFC_PHYS_s04_T3_test,90,49,91.63333333333334,0.7103114128112793,0.6958862741652064
UBFC_PHYS_s04_T3_test,90,50,91.66666666666667,0.04263991117477417,0.5524796084208193
UBFC_PHYS_s04_T3_test,90,51,91.7,-0.743740439414978,0.3922922785503804
UBFC_PHYS_s04_T3_test,90,52,91.73333333333333,-1.3889116048812866,0.21919984510578222
UBFC_PHYS_s04_T3_test,90,53,91.76666666666667,-1.841334342956543,0.03922370336595862
UBFC_PHYS_s04_T3_test,90,54,91.8,-2.2260711193084717,-0.1399197780785157
UBFC_PHYS_s04_T3_test,90,55,91.83333333333333,-2.6125714778900146,-0.31005355071925234
UBFC_PHYS_s04_T3_test,90,56,91.86666666666666,-2.9087979793548584,-0.46389531658388355
UBFC_PHYS_s04_T3_test,90,57,91.9,-2.9268643856048584,-0.5961560514327744
UBFC_PHYS_s04_T3_test,90,58,91.93333333333334,-2.598529577255249,-0.7043530041745097
UBFC_PHYS_s04_T3_test,90,59,91.96666666666667,-2.0859923362731934,-0.789343205858469
UBFC_PHYS_s04_T3_test,90,60,92.0,-1.5895336866378784,-0.8552516813773265
UBFC_PHYS_s04_T3_test,90,61,92.03333333333333,-1.1759235858917236,-0.9081657916673449
UBFC_PHYS_s04_T3_test,90,62,92.06666666666666,-0.8425702452659607,-0.9531755981851883
UBFC_PHYS_s04_T3_test,90,63,92.1,-0.5966357588768005,-0.9902177708421582
UBFC_PHYS_s04_T3_test,90,64,92.13333333333334,-0.4266897737979889,-1.0103793338052935
UBFC_PHYS_s04_T3_test,90,65,92.16666666666667,-0.3125024139881134,-0.9949996818722925
UBFC_PHYS_s04_T3_test,90,66,92.2,-0.24094773828983307,-0.9193350998177929
UBFC_PHYS_s04_T3_test,90,67,92.23333333333333,-0.1917179673910141,-0.7606747227489968
UBFC_PHYS_s04_T3_test,90,68,92.26666666666667,-0.14732152223587036,-0.5083870235286327
UBFC_PHYS_s04_T3_test,90,69,92.3,-0.12079669535160065,-0.17183689822984222
UBFC_PHYS_s04_T3_test,90,70,92.33333333333333,-0.13125266134738922,0.21750770032384453
UBFC_PHYS_s04_T3_test,90,71,92.36666666666666,-0.1685647815465927,0.611384954782745
UBFC_PHYS_s04_T3_test,90,72,92.4,-0.22869877517223358,0.9562562671659822
UBFC_PHYS_s04_T3_test,90,73,92.43333333333334,-0.3434220850467682,1.2072404614413041
UBFC_PHYS_s04_T3_test,90,74,92.46666666666667,-0.5019181370735168,1.339336880994948
UBFC_PHYS_s04_T3_test,90,75,92.5,-0.5583102107048035,1.351761450276963
UBFC_PHYS_s04_T3_test,90,76,92.53333333333333,-0.3187292218208313,1.2643939010882645
UBFC_PHYS_s04_T3_test,90,77,92.56666666666666,0.18758125603199005,1.1087368180407715
UBFC_PHYS_s04_T3_test,90,78,92.6,0.7118997573852539,0.9173808003017829
UBFC_PHYS_s04_T3_test,90,79,92.63333333333334,1.0066742897033691,0.7155502387966326
UBFC_PHYS_s04_T3_test,90,80,92.66666666666667,0.9825563430786133,0.5167810729058755
UBFC_PHYS_s04_T3_test,90,81,92.7,0.6630500555038452,0.3230980567749917
UBFC_PHYS_s04_T3_test,90,82,92.73333333333333,0.11977824568748474,0.1288020934930375
UBFC_PHYS_s04_T3_test,90,83,92.76666666666667,-0.4949605166912079,-0.0737912969450861
UBFC_PHYS_s04_T3_test,90,84,92.8,-0.9799790382385254,-0.2886609000349297
UBFC_PHYS_s04_T3_test,90,85,92.83333333333333,-1.2977800369262695,-0.5121025147080779
UBFC_PHYS_s04_T3_test,90,86,92.86666666666666,-1.5770410299301147,-0.7311466491481463
UBFC_PHYS_s04_T3_test,90,87,92.9,-1.8157742023468018,-0.9241941560986485
UBFC_PHYS_s04_T3_test,90,88,92.93333333333334,-1.8386350870132446,-1.0635675708066163
UBFC_PHYS_s04_T3_test,90,89,92.96666666666667,-1.6584182977676392,-1.1198639762268185
UBFC_PHYS_s04_T3_test,90,90,93.0,-1.550798773765564,-1.0678524770610536
UBFC_PHYS_s04_T3_test,90,91,93.03333333333333,-1.692407488822937,-0.8932042692477767
UBFC_PHYS_s04_T3_test,90,92,93.06666666666666,-1.9249041080474854,-0.5988573006351474
UBFC_PHYS_s04_T3_test,90,93,93.1,-1.9138829708099365,-0.20933562624322496
UBFC_PHYS_s04_T3_test,90,94,93.13333333333334,-1.4003713130950928,0.22901239322331976
UBFC_PHYS_s04_T3_test,90,95,93.16666666666667,-0.4746527373790741,0.6536344489685617
UBFC_PHYS_s04_T3_test,90,96,93.2,0.49290913343429565,0.9976218915160344
UBFC_PHYS_s04_T3_test,90,97,93.23333333333333,1.270071029663086,1.205428252507557
UBFC_PHYS_s04_T3_test,90,98,93.26666666666667,1.9331527948379517,1.2471124455940192
UBFC_PHYS_s04_T3_test,90,99,93.3,2.5769011974334717,1.125112172341285
UBFC_PHYS_s04_T3_test,90,100,93.33333333333333,3.0241496562957764,0.8706769152505985
UBFC_PHYS_s04_T3_test,90,101,93.36666666666666,3.032910108566284,0.5318642919142922
UBFC_PHYS_s04_T3_test,90,102,93.4,2.6786935329437256,0.15832871838634768
UBFC_PHYS_s04_T3_test,90,103,93.43333333333334,2.2398741245269775,-0.21116243777714505
UBFC_PHYS_s04_T3_test,90,104,93.46666666666667,1.7732632160186768,-0.5541533972728405
UBFC_PHYS_s04_T3_test,90,105,93.5,1.1755483150482178,-0.8615982651737227
UBFC_PHYS_s04_T3_test,90,106,93.53333333333333,0.5144544839859009,-1.1287598405927388
UBFC_PHYS_s04_T3_test,90,107,93.56666666666666,-0.09779941290616989,-1.3445738364132491
UBFC_PHYS_s04_T3_test,90,108,93.6,-0.7180731296539307,-1.484899032278653
UBFC_PHYS_s04_T3_test,90,109,93.63333333333334,-1.408615231513977,-1.5136473484708006
UBFC_PHYS_s04_T3_test,90,110,93.66666666666667,-2.07822585105896,-1.392562458851066
UBFC_PHYS_s04_T3_test,90,111,93.7,-2.471430540084839,-1.096647644780273
UBFC_PHYS_s04_T3_test,90,112,93.73333333333333,-2.3220748901367188,-0.6294643851980819
UBFC_PHYS_s04_T3_test,90,113,93.76666666666667,-1.7181235551834106,-0.03185345149812742
UBFC_PHYS_s04_T3_test,90,114,93.8,-1.2170653343200684,0.620515121064585
UBFC_PHYS_s04_T3_test,90,115,93.83333333333333,-1.1936588287353516,1.231435545270169
UBFC_PHYS_s04_T3_test,90,116,93.86666666666666,-1.3487930297851562,1.7063421417277649
UBFC_PHYS_s04_T3_test,90,117,93.9,-1.0904536247253418,1.9750946303750032
UBFC_PHYS_s04_T3_test,90,118,93.93333333333334,-0.24459223449230194,2.007698816668085
UBFC_PHYS_s04_T3_test,90,119,93.96666666666667,0.8323236703872681,1.817896503885813
UBFC_PHYS_s04_T3_test,90,120,94.0,1.7024881839752197,1.4540911234602298
UBFC_PHYS_s04_T3_test,90,121,94.03333333333333,2.074176788330078,0.9818526760424771
UBFC_PHYS_s04_T3_test,90,122,94.06666666666666,1.8131382465362549,0.4653456947977673
UBFC_PHYS_s04_T3_test,90,123,94.1,1.0512460470199585,-0.04526134562450595
UBFC_PHYS_s04_T3_test,90,124,94.13333333333334,0.2530650198459625,-0.5170965200957354
UBFC_PHYS_s04_T3_test,90,125,94.16666666666667,-0.19244882464408875,-0.9300135625456701
UBFC_PHYS_s04_T3_test,90,126,94.2,-0.28579244017601013,-1.2685049696447037
UBFC_PHYS_s04_T3_test,90,127,94.23333333333333,-0.24333517253398895,-1.5148660391913626
UBFC_PHYS_s04_T3_test,90,128,94.26666666666667,-0.2986748218536377,-1.646952984800453
UBFC_PHYS_s04_T3_test,90,129,94.3,-0.6484088897705078,-1.6416467666501844
UBFC_PHYS_s04_T3_test,90,130,94.33333333333333,-1.222259283065796,-1.4829300983107043
UBFC_PHYS_s04_T3_test,90,131,94.36666666666666,-1.6027863025665283,-1.1716203146396824
UBFC_PHYS_s04_T3_test,90,132,94.4,-1.404249668121338,-0.732590775544859
UBFC_PHYS_s04_T3_test,90,133,94.43333333333334,-0.6623436808586121,-0.21556085427474223
UBFC_PHYS_s04_T3_test,90,134,94.46666666666667,0.268578439950943,0.31230692776194036
UBFC_PHYS_s04_T3_test,90,135,94.5,1.0312793254852295,0.7804102649316115
UBFC_PHYS_s04_T3_test,90,136,94.53333333333333,1.4081618785858154,1.1306866040119739
UBFC_PHYS_s04_T3_test,90,137,94.56666666666666,1.4429404735565186,1.3298897730874535
UBFC_PHYS_s04_T3_test,90,138,94.6,1.3302537202835083,1.3741165019551425
UBFC_PHYS_s04_T3_test,90,139,94.63333333333334,1.1791245937347412,1.2848076804443098
UBFC_PHYS_s04_T3_test,90,140,94.66666666666667,0.9706678986549377,1.0986078280537
UBFC_PHYS_s04_T3_test,90,141,94.7,0.7237687110900879,0.8552849607662397
UBFC_PHYS_s04_T3_test,90,142,94.73333333333333,0.5005391836166382,0.5879366289032046
UBFC_PHYS_s04_T3_test,90,143,94.76666666666667,0.31000280380249023,0.3182367015318189
UBFC_PHYS_s04_T3_test,90,144,94.8,0.13473622500896454,0.05726491553612798
UBFC_PHYS_s04_T3_test,90,145,94.83333333333333,-0.010419493541121483,-0.18965389116473794
UBFC_PHYS_s04_T3_test,90,146,94.86666666666666,-0.08535555005073547,-0.41700160242093137
UBFC_PHYS_s04_T3_test,90,147,94.9,-0.03210125118494034,-0.6150708849004305
UBFC_PHYS_s04_T3_test,90,148,94.93333333333334,0.1716000884771347,-0.7699204500016747
UBFC_PHYS_s04_T3_test,90,149,94.96666666666667,0.4133736193180084,-0.8672397851738219
UBFC_PHYS_s04_T3_test,90,150,95.0,0.498785138130188,-0.8978601608044019
UBFC_PHYS_s04_T3_test,90,151,95.03333333333333,0.3643289804458618,-0.8616682892532099
UBFC_PHYS_s04_T3_test,90,152,95.06666666666666,0.16252785921096802,-0.7677427106991042
UBFC_PHYS_s04_T3_test,90,153,95.1,0.05554177612066269,-0.63077234184474
UBFC_PHYS_s04_T3_test,90,154,95.13333333333334,0.08054644614458084,-0.46571576721943253
UBFC_PHYS_s04_T3_test,90,155,95.16666666666667,0.12829503417015076,-0.2832918751007049
UBFC_PHYS_s04_T3_test,90,156,95.2,0.039726272225379944,-0.08819093434378168
UBFC_PHYS_s04_T3_test,90,157,95.23333333333333,-0.19043168425559998,0.11939072034060767
UBFC_PHYS_s04_T3_test,90,158,95.26666666666667,-0.3129604160785675,0.33941626656992957
UBFC_PHYS_s04_T3_test,90,159,95.3,-0.07045603543519974,0.5663779689892205
UBFC_PHYS_s04_T3_test,90,160,95.33333333333333,0.45581141114234924,0.7847403839907863
UBFC_PHYS_s04_T3_test,90,161,95.36666666666666,0.9582337737083435,0.9679064907691652
UBFC_PHYS_s04_T3_test,90,162,95.4,1.2797377109527588,1.0819565550182557
UBFC_PHYS_s04_T3_test,90,163,95.43333333333334,1.5029574632644653,1.0934992893890616
UBFC_PHYS_s04_T3_test,90,164,95.46666666666667,1.7113558053970337,0.9793108255851932
UBFC_PHYS_s04_T3_test,90,165,95.5,1.886368989944458,0.7345643135383423
UBFC_PHYS_s04_T3_test,90,166,95.53333333333333,1.9928970336914062,0.3766646712152913
UBFC_PHYS_s04_T3_test,90,167,95.56666666666666,2.02636981010437,-0.056760219917947594
UBFC_PHYS_s04_T3_test,90,168,95.6,1.996142029762268,-0.5147168180683611
UBFC_PHYS_s04_T3_test,90,169,95.63333333333334,1.9331527948379517,-0.9416913322713715
UBFC_PHYS_s04_T3_test,90,170,95.66666666666667,1.8826172351837158,-1.2855842366201413
UBFC_PHYS_s04_T3_test,90,171,95.7,1.8673962354660034,-1.5033910719552348
UBFC_PHYS_s04_T3_test,90,172,95.73333333333333,1.8458898067474365,-1.5651828733144861
UBFC_PHYS_s04_T3_test,90,173,95.76666666666667,1.7230980396270752,-1.4577181064434528
UBFC_PHYS_s04_T3_test,90,174,95.8,1.4749319553375244,-1.1880478857710286
UBFC_PHYS_s04_T3_test,90,175,95.83333333333333,1.2005432844161987,-0.7856592572872176
UBFC_PHYS_s04_T3_test,90,176,95.86666666666666,0.9735912680625916,-0.3006460198348344
UBFC_PHYS_s04_T3_test,90,177,95.9,0.7551073431968689,0.20369507437562212
UBFC_PHYS_s04_T3_test,90,178,95.93333333333334,0.5184594988822937,0.6627494554587395
UBFC_PHYS_s04_T3_test,90,179,95.96666666666667,0.3495951294898987,1.0233849858818962
UBFC_PHYS_s04_T3_test,90,180,96.0,0.3239668309688568,1.2536715614452965
UBFC_PHYS_s04_T3_test,90,181,96.03333333333333,0.36167845129966736,1.3468185322050261
UBFC_PHYS_s04_T3_test,90,182,96.06666666666666,0.28744402527809143,1.31850538738858
UBFC_PHYS_s04_T3_test,90,183,96.1,0.03560430184006691,1.1988346114189292
UBFC_PHYS_s04_T3_test,90,184,96.13333333333334,-0.2592286467552185,1.0219933520661653
UBFC_PHYS_s04_T3_test,90,185,96.16666666666667,-0.36219993233680725,0.817292712601924
UBFC_PHYS_s04_T3_test,90,186,96.2,-0.17485004663467407,0.6040121970142451
UBFC_PHYS_s04_T3_test,90,187,96.23333333333333,0.15044453740119934,0.3905003559084085
UBFC_PHYS_s04_T3_test,90,188,96.26666666666667,0.4041844606399536,0.176628864401964
UBFC_PHYS_s04_T3_test,90,189,96.3,0.5662275552749634,-0.04182725060419234
UBFC_PHYS_s04_T3_test,90,190,96.33333333333333,0.7022526264190674,-0.26836734449033894
UBFC_PHYS_s04_T3_test,90,191,96.36666666666666,0.776789128780365,-0.5017084202026495
UBFC_PHYS_s04_T3_test,90,192,96.4,0.7440277338027954,-0.7332050135045504
UBFC_PHYS_s04_T3_test,90,193,96.43333333333334,0.6304348111152649,-0.9460920715337596
UBFC_PHYS_s04_T3_test,90,194,96.46666666666667,0.4475674629211426,-1.1168185921914375
UBFC_PHYS_s04_T3_test,90,195,96.5,0.19343775510787964,-1.2185639347011141
UBFC_PHYS_s04_T3_test,90,196,96.53333333333333,-0.06217312067747116,-1.226458138859906
UBFC_PHYS_s04_T3_test,90,197,96.56666666666666,-0.25620779395103455,-1.123440236755469
UBFC_PHYS_s04_T3_test,90,198,96.6,-0.43125998973846436,-0.9055037845264614
UBFC_PHYS_s04_T3_test,90,199,96.63333333333334,-0.6484088897705078,-0.585100136841625
UBFC_PHYS_s04_T3_test,90,200,96.66666666666667,-0.8777385354042053,-0.19149002052002878
UBFC_PHYS_s04_T3_test,90,201,96.7,-1.0377451181411743,0.23278278206584496
UBFC_PHYS_s04_T3_test,90,202,96.73333333333333,-1.1049244403839111,0.6390574460203916
UBFC_PHYS_s04_T3_test,90,203,96.76666666666667,-1.1294028759002686,0.9817438817037784
UBFC_PHYS_s04_T3_test,90,204,96.8,-1.180172324180603,1.2269091205371656
UBFC_PHYS_s04_T3_test,90,205,96.83333333333333,-1.3051371574401855,1.3575214073057675
UBFC_PHYS_s04_T3_test,90,206,96.86666666666666,-1.4397590160369873,1.3735922385296062
UBFC_PHYS_s04_T3_test,90,207,96.9,-1.3589956760406494,1.2873765756220803
UBFC_PHYS_s04_T3_test,90,208,96.93333333333334,-0.9283618330955505,1.1159408155037736
UBFC_PHYS_s04_T3_test,90,209,96.96666666666667,-0.33119258284568787,0.8745354108163167
UBFC_PHYS_s04_T3_test,90,210,97.0,0.16990453004837036,0.5735646720434348
UBFC_PHYS_s04_T3_test,90,211,97.03333333333333,0.5306597352027893,0.22017605252110758
UBFC_PHYS_s04_T3_test,90,212,97.06666666666666,0.8117333054542542,-0.17637507322887575
UBFC_PHYS_s04_T3_test,90,213,97.1,0.9961110949516296,-0.598063362925306
UBFC_PHYS_s04_T3_test,90,214,97.13333333333334,1.0747792720794678,-1.013686064745843
UBFC_PHYS_s04_T3_test,90,215,97.16666666666667,1.0879442691802979,-1.3797719700650284
UBFC_PHYS_s04_T3_test,90,216,97.2,1.0672954320907593,-1.6474814385259628
UBFC_PHYS_s04_T3_test,90,217,97.23333333333333,1.0270696878433228,-1.7733912134753698
UBFC_PHYS_s04_T3_test,90,218,97.26666666666667,0.9879840612411499,-1.730603840907948
UBFC_PHYS_s04_T3_test,90,219,97.3,0.9484891891479492,-1.5167417374717334
UBFC_PHYS_s04_T3_test,90,220,97.33333333333333,0.8578740358352661,-1.1564915082929947
UBFC_PHYS_s04_T3_test,90,221,97.36666666666666,0.6869340538978577,-0.6979310940731678
UBFC_PHYS_s04_T3_test,90,222,97.4,0.49931132793426514,-0.20349296192579028
UBFC_PHYS_s04_T3_test,90,223,97.43333333333334,0.36991265416145325,0.26227050977153815
UBFC_PHYS_s04_T3_test,90,224,97.46666666666667,0.26909491419792175,0.6451611853875118
UBFC_PHYS_s04_T3_test,90,225,97.5,0.13204671442508698,0.9108244607962489
UBFC_PHYS_s04_T3_test,90,226,97.53333333333333,0.004587206989526749,1.04848149697123
UBFC_PHYS_s04_T3_test,90,227,97.56666666666666,-0.019647639244794846,1.067908087281948
UBFC_PHYS_s04_T3_test,90,228,97.6,0.031745437532663345,0.9915657102110872
UBFC_PHYS_s04_T3_test,90,229,97.63333333333334,0.025684289634227753,0.8458761622384181
UBFC_PHYS_s04_T3_test,90,230,97.66666666666667,-0.1257469654083252,0.6552726146995791
UBFC_PHYS_s04_T3_test,90,231,97.7,-0.37264615297317505,0.44052633404112745
UBFC_PHYS_s04_T3_test,90,232,97.73333333333333,-0.5686882138252258,0.22055666621140926
UBFC_PHYS_s04_T3_test,90,233,97.76666666666667,-0.6654717326164246,0.015394951774116143
UBFC_PHYS_s04_T3_test,90,234,97.8,-0.8752634525299072,-0.1524449639349174
UBFC_PHYS_s04_T3_test,90,235,97.83333333333333,-1.3678925037384033,-0.26005377482795167
UBFC_PHYS_s04_T3_test,90,236,97.86666666666666,-1.9075684547424316,-0.28961416585341415
UBFC_PHYS_s04_T3_test,90,237,97.9,-2.0971498489379883,-0.2351534153306628
UBFC_PHYS_s04_T3_test,90,238,97.93333333333334,-1.8699055910110474,-0.10726045487427388
UBFC_PHYS_s04_T3_test,90,239,97.96666666666667,-1.450741171836853,0.06704313476033591
UBFC_PHYS_s04_T3_test,91,0,91.0,0.8542685508728027,-0.12786672816298714
UBFC_PHYS_s04_T3_test,91,1,91.03333333333333,0.8868447542190552,-0.528582671721788
UBFC_PHYS_s04_T3_test,91,2,91.06666666666666,0.9957310557365417,-0.8931075997689513
UBFC_PHYS_s04_T3_test,91,3,91.1,1.0617995262145996,-1.1862093554505753
UBFC_PHYS_s04_T3_test,91,4,91.13333333333334,1.0669445991516113,-1.371538462112194
UBFC_PHYS_s04_T3_test,91,5,91.16666666666667,1.1240967512130737,-1.4165224401648773
UBFC_PHYS_s04_T3_test,91,6,91.2,1.335837483406067,-1.3003506209930487
UBFC_PHYS_s04_T3_test,91,7,91.23333333333333,1.6748427152633667,-1.0229353534111112
UBFC_PHYS_s04_T3_test,91,8,91.26666666666667,1.9408900737762451,-0.6114552115242946
UBFC_PHYS_s04_T3_test,91,9,91.3,1.8880645036697388,-0.12055001742141613
UBFC_PHYS_s04_T3_test,91,10,91.33333333333333,1.5098859071731567,0.37641270883136974
UBFC_PHYS_s04_T3_test,91,11,91.36666666666666,1.0489463806152344,0.8040692652200294
UBFC_PHYS_s04_T3_test,91,12,91.4,0.7160801887512207,1.1044793438315914
UBFC_PHYS_s04_T3_test,91,13,91.43333333333334,0.5400340557098389,1.2516418284266146
UBFC_PHYS_s04_T3_test,91,14,91.46666666666667,0.5118331909179688,1.2553661282826065
UBFC_PHYS_s04_T3_test,91,15,91.5,0.656647801399231,1.1534953954313851
UBFC_PHYS_s04_T3_test,91,16,91.53333333333333,0.9051159024238586,0.99626839678366
UBFC_PHYS_s04_T3_test,91,17,91.56666666666666,1.0846214294433594,0.8292454652388864
UBFC_PHYS_s04_T3_test,91,18,91.6,1.054929494857788,0.6808563242839767
UBFC_PHYS_s04_T3_test,91,19,91.63333333333334,0.7103114128112793,0.557996787329279
UBFC_PHYS_s04_T3_test,91,20,91.66666666666667,0.04263991117477417,0.44974442867330205
UBFC_PHYS_s04_T3_test,91,21,91.7,-0.743740439414978,0.3365499476398883
UBFC_PHYS_s04_T3_test,91,22,91.73333333333333,-1.3889116048812866,0.20095446756577165
UBFC_PHYS_s04_T3_test,91,23,91.76666666666667,-1.841334342956543,0.035958590734283494
UBFC_PHYS_s04_T3_test,91,24,91.8,-2.2260711193084717,-0.15170018907668137
UBFC_PHYS_s04_T3_test,91,25,91.83333333333333,-2.6125714778900146,-0.3440626606034779
UBFC_PHYS_s04_T3_test,91,26,91.86666666666666,-2.9087979793548584,-0.5185271410457533
UBFC_PHYS_s04_T3_test,91,27,91.9,-2.9268643856048584,-0.6553236449025008
UBFC_PHYS_s04_T3_test,91,28,91.93333333333334,-2.598529577255249,-0.7431431808938115
UBFC_PHYS_s04_T3_test,91,29,91.96666666666667,-2.0859923362731934,-0.7816751097112209
UBFC_PHYS_s04_T3_test,91,30,92.0,-1.5895336866378784,-0.781049442270918
UBFC_PHYS_s04_T3_test,91,31,92.03333333333333,-1.1759235858917236,-0.7586859002223363
UBFC_PHYS_s04_T3_test,91,32,92.06666666666666,-0.8425702452659607,-0.7341035252620155
UBFC_PHYS_s04_T3_test,91,33,92.1,-0.5966357588768005,-0.722524281813
UBFC_PHYS_s04_T3_test,91,34,92.13333333333334,-0.4266897737979889,-0.7288957062182616
UBFC_PHYS_s04_T3_test,91,35,92.16666666666667,-0.3125024139881134,-0.744547870817485
UBFC_PHYS_s04_T3_test,91,36,92.2,-0.24094773828983307,-0.748248296806202
UBFC_PHYS_s04_T3_test,91,37,92.23333333333333,-0.1917179673910141,-0.7119245059813674
UBFC_PHYS_s04_T3_test,91,38,92.26666666666667,-0.14732152223587036,-0.6094717857257492
UBFC_PHYS_s04_T3_test,91,39,92.3,-0.12079669535160065,-0.425819428471168
UBFC_PHYS_s04_T3_test,91,40,92.33333333333333,-0.13125266134738922,-0.16335889217536323
UBFC_PHYS_s04_T3_test,91,41,92.36666666666666,-0.1685647815465927,0.15643093788489576
UBFC_PHYS_s04_T3_test,91,42,92.4,-0.22869877517223358,0.4971862975510761
UBFC_PHYS_s04_T3_test,91,43,92.43333333333334,-0.3434220850467682,0.8167467857161677
UBFC_PHYS_s04_T3_test,91,44,92.46666666666667,-0.5019181370735168,1.0776619110105585
UBFC_PHYS_s04_T3_test,91,45,92.5,-0.5583102107048035,1.2547472901225198
UBFC_PHYS_s04_T3_test,91,46,92.53333333333333,-0.3187292218208313,1.3373736918468684
UBFC_PHYS_s04_T3_test,91,47,92.56666666666666,0.18758125603199005,1.3271545109593912
UBFC_PHYS_s04_T3_test,91,48,92.6,0.7118997573852539,1.2331623756912893
UBFC_PHYS_s04_T3_test,91,49,92.63333333333334,1.0066742897033691,1.0669243963953035
UBFC_PHYS_s04_T3_test,91,50,92.66666666666667,0.9825563430786133,0.8392174671695531
UBFC_PHYS_s04_T3_test,91,51,92.7,0.6630500555038452,0.5598562744575585
UBFC_PHYS_s04_T3_test,91,52,92.73333333333333,0.11977824568748474,0.24001261494236847
UBFC_PHYS_s04_T3_test,91,53,92.76666666666667,-0.4949605166912079,-0.10473195818489528
UBFC_PHYS_s04_T3_test,91,54,92.8,-0.9799790382385254,-0.4523905725373047
UBFC_PHYS_s04_T3_test,91,55,92.83333333333333,-1.2977800369262695,-0.774617133182856
UBFC_PHYS_s04_T3_test,91,56,92.86666666666666,-1.5770410299301147,-1.0391084189587168
UBFC_PHYS_s04_T3_test,91,57,92.9,-1.8157742023468018,-1.2141636468807389
UBFC_PHYS_s04_T3_test,91,58,92.93333333333334,-1.8386350870132446,-1.2745679270454258
UBFC_PHYS_s04_T3_test,91,59,92.96666666666667,-1.6584182977676392,-1.2073832045054367
UBFC_PHYS_s04_T3_test,91,60,93.0,-1.550798773765564,-1.0160304292881503
UBFC_PHYS_s04_T3_test,91,61,93.03333333333333,-1.692407488822937,-0.7213260999596343
UBFC_PHYS_s04_T3_test,91,62,93.06666666666666,-1.9249041080474854,-0.358830528789525
UBFC_PHYS_s04_T3_test,91,63,93.1,-1.9138829708099365,0.027149858320775527
UBFC_PHYS_s04_T3_test,91,64,93.13333333333334,-1.4003713130950928,0.3915111408389041
UBFC_PHYS_s04_T3_test,91,65,93.16666666666667,-0.4746527373790741,0.6960776550143283
UBFC_PHYS_s04_T3_test,91,66,93.2,0.49290913343429565,0.9148357977253417
UBFC_PHYS_s04_T3_test,91,67,93.23333333333333,1.270071029663086,1.035349245229167
UBFC_PHYS_s04_T3_test,91,68,93.26666666666667,1.9331527948379517,1.0567575838890164
UBFC_PHYS_s04_T3_test,91,69,93.3,2.5769011974334717,0.9860694940238611
UBFC_PHYS_s04_T3_test,91,70,93.33333333333333,3.0241496562957764,0.834467387841185
UBFC_PHYS_s04_T3_test,91,71,93.36666666666666,3.032910108566284,0.6146302430910665
UBFC_PHYS_s04_T3_test,91,72,93.4,2.6786935329437256,0.3395784328442257
UBFC_PHYS_s04_T3_test,91,73,93.43333333333334,2.2398741245269775,0.023275502748513678
UBFC_PHYS_s04_T3_test,91,74,93.46666666666667,1.7732632160186768,-0.3172094621912693
UBFC_PHYS_s04_T3_test,91,75,93.5,1.1755483150482178,-0.6589130582181784
UBFC_PHYS_s04_T3_test,91,76,93.53333333333333,0.5144544839859009,-0.9712592491608653
UBFC_PHYS_s04_T3_test,91,77,93.56666666666666,-0.09779941290616989,-1.2172103506776506
UBFC_PHYS_s04_T3_test,91,78,93.6,-0.7180731296539307,-1.358127848227438
UBFC_PHYS_s04_T3_test,91,79,93.63333333333334,-1.408615231513977,-1.3616655425145856
UBFC_PHYS_s04_T3_test,91,80,93.66666666666667,-2.07822585105896,-1.2107280674309713
UBFC_PHYS_s04_T3_test,91,81,93.7,-2.471430540084839,-0.9108387162456467
UBFC_PHYS_s04_T3_test,91,82,93.73333333333333,-2.3220748901367188,-0.4932663120387281
UBFC_PHYS_s04_T3_test,91,83,93.76666666666667,-1.7181235551834106,-0.011992869571098378
UBFC_PHYS_s04_T3_test,91,84,93.8,-1.2170653343200684,0.4659054075184826
UBFC_PHYS_s04_T3_test,91,85,93.83333333333333,-1.1936588287353516,0.8746316312723098
UBFC_PHYS_s04_T3_test,91,86,93.86666666666666,-1.3487930297851562,1.164533018688399
UBFC_PHYS_s04_T3_test,91,87,93.9,-1.0904536247253418,1.3121388029653063
UBFC_PHYS_s04_T3_test,91,88,93.93333333333334,-0.24459223449230194,1.3215481038290833
UBFC_PHYS_s04_T3_test,91,89,93.96666666666667,0.8323236703872681,1.2169001865709115
UBFC_PHYS_s04_T3_test,91,90,94.0,1.7024881839752197,1.0295871477018181
UBFC_PHYS_s04_T3_test,91,91,94.03333333333333,2.074176788330078,0.7861492360185333
UBFC_PHYS_s04_T3_test,91,92,94.06666666666666,1.8131382465362549,0.502165083460882
UBFC_PHYS_s04_T3_test,91,93,94.1,1.0512460470199585,0.18428526624377048
UBFC_PHYS_s04_T3_test,91,94,94.13333333333334,0.2530650198459625,-0.1615174073411696
UBFC_PHYS_s04_T3_test,91,95,94.16666666666667,-0.19244882464408875,-0.5202741132286555
UBFC_PHYS_s04_T3_test,91,96,94.2,-0.28579244017601013,-0.8620100603657959
UBFC_PHYS_s04_T3_test,91,97,94.23333333333333,-0.24333517253398895,-1.14258115736499
UBFC_PHYS_s04_T3_test,91,98,94.26666666666667,-0.2986748218536377,-1.3117137009959163
UBFC_PHYS_s04_T3_test,91,99,94.3,-0.6484088897705078,-1.3259708264730723
UBFC_PHYS_s04_T3_test,91,100,94.33333333333333,-1.222259283065796,-1.162649511047023
UBFC_PHYS_s04_T3_test,91,101,94.36666666666666,-1.6027863025665283,-0.8300826434890106
UBFC_PHYS_s04_T3_test,91,102,94.4,-1.404249668121338,-0.37053506751047083
UBFC_PHYS_s04_T3_test,91,103,94.43333333333334,-0.6623436808586121,0.1461389860854159
UBFC_PHYS_s04_T3_test,91,104,94.46666666666667,0.268578439950943,0.6370022022994565
UBFC_PHYS_s04_T3_test,91,105,94.5,1.0312793254852295,1.0247668007143604
UBFC_PHYS_s04_T3_test,91,106,94.53333333333333,1.4081618785858154,1.255142855731882
UBFC_PHYS_s04_T3_test,91,107,94.56666666666666,1.4429404735565186,1.3074530524557333
UBFC_PHYS_s04_T3_test,91,108,94.6,1.3302537202835083,1.1954186545586287
UBFC_PHYS_s04_T3_test,91,109,94.63333333333334,1.1791245937347412,0.9584874871655089
UBFC_PHYS_s04_T3_test,91,110,94.66666666666667,0.9706678986549377,0.6474253501880893
UBFC_PHYS_s04_T3_test,91,111,94.7,0.7237687110900879,0.30969426788201765
UBFC_PHYS_s04_T3_test,91,112,94.73333333333333,0.5005391836166382,-0.02039305359157944
UBFC_PHYS_s04_T3_test,91,113,94.76666666666667,0.31000280380249023,-0.3241784185511518
UBFC_PHYS_s04_T3_test,91,114,94.8,0.13473622500896454,-0.5943799655299482
UBFC_PHYS_s04_T3_test,91,115,94.83333333333333,-0.010419493541121483,-0.8271186921528534
UBFC_PHYS_s04_T3_test,91,116,94.86666666666666,-0.08535555005073547,-1.0143776662344854
UBFC_PHYS_s04_T3_test,91,117,94.9,-0.03210125118494034,-1.1403876140401683
UBFC_PHYS_s04_T3_test,91,118,94.93333333333334,0.1716000884771347,-1.183562168159791
UBFC_PHYS_s04_T3_test,91,119,94.96666666666667,0.4133736193180084,-1.1233236714325217
UBFC_PHYS_s04_T3_test,91,120,95.0,0.498785138130188,-0.9492711198383682
UBFC_PHYS_s04_T3_test,91,121,95.03333333333333,0.3643289804458618,-0.669086397188354
UBFC_PHYS_s04_T3_test,91,122,95.06666666666666,0.16252785921096802,-0.3116283459427736
UBFC_PHYS_s04_T3_test,91,123,95.1,0.05554177612066269,0.07687633180501216
UBFC_PHYS_s04_T3_test,91,124,95.13333333333334,0.08054644614458084,0.4429911514096468
UBFC_PHYS_s04_T3_test,91,125,95.16666666666667,0.12829503417015076,0.7393564276910011
UBFC_PHYS_s04_T3_test,91,126,95.2,0.039726272225379944,0.9364887117135182
UBFC_PHYS_s04_T3_test,91,127,95.23333333333333,-0.19043168425559998,1.0288871985220318
UBFC_PHYS_s04_T3_test,91,128,95.26666666666667,-0.3129604160785675,1.0332613131555775
UBFC_PHYS_s04_T3_test,91,129,95.3,-0.07045603543519974,0.9796082601871607
UBFC_PHYS_s04_T3_test,91,130,95.33333333333333,0.45581141114234924,0.8985934426299955
UBFC_PHYS_s04_T3_test,91,131,95.36666666666666,0.9582337737083435,0.8100111960414146
UBFC_PHYS_s04_T3_test,91,132,95.4,1.2797377109527588,0.716424623658909
UBFC_PHYS_s04_T3_test,91,133,95.43333333333334,1.5029574632644653,0.6039730413164882
UBFC_PHYS_s04_T3_test,91,134,95.46666666666667,1.7113558053970337,0.44979503007642296
UBFC_PHYS_s04_T3_test,91,135,95.5,1.886368989944458,0.23317001399243678
UBFC_PHYS_s04_T3_test,91,136,95.53333333333333,1.9928970336914062,-0.05400978285706
UBFC_PHYS_s04_T3_test,91,137,95.56666666666666,2.02636981010437,-0.40140210056272635
UBFC_PHYS_s04_T3_test,91,138,95.6,1.996142029762268,-0.7804547487737095
UBFC_PHYS_s04_T3_test,91,139,95.63333333333334,1.9331527948379517,-1.149264454461515
UBFC_PHYS_s04_T3_test,91,140,95.66666666666667,1.8826172351837158,-1.459300004166938
UBFC_PHYS_s04_T3_test,91,141,95.7,1.8673962354660034,-1.6620568493490908
UBFC_PHYS_s04_T3_test,91,142,95.73333333333333,1.8458898067474365,-1.7156267776359022
UBFC_PHYS_s04_T3_test,91,143,95.76666666666667,1.7230980396270752,-1.5921397803698936
UBFC_PHYS_s04_T3_test,91,144,95.8,1.4749319553375244,-1.285857188836888
UBFC_PHYS_s04_T3_test,91,145,95.83333333333333,1.2005432844161987,-0.8194851965303346
UBFC_PHYS_s04_T3_test,91,146,95.86666666666666,0.9735912680625916,-0.24509096401635866
UBFC_PHYS_s04_T3_test,91,147,95.9,0.7551073431968689,0.36295621034111547
UBFC_PHYS_s04_T3_test,91,148,95.93333333333334,0.5184594988822937,0.9225122812767379
UBFC_PHYS_s04_T3_test,91,149,95.96666666666667,0.3495951294898987,1.3616395531541143
UBFC_PHYS_s04_T3_test,91,150,96.0,0.3239668309688568,1.6340715157764512
UBFC_PHYS_s04_T3_test,91,151,96.03333333333333,0.36167845129966736,1.726899094315421
UBFC_PHYS_s04_T3_test,91,152,96.06666666666666,0.28744402527809143,1.6583571284523548
UBFC_PHYS_s04_T3_test,91,153,96.1,0.03560430184006691,1.4675314322561737
UBFC_PHYS_s04_T3_test,91,154,96.13333333333334,-0.2592286467552185,1.2005882075054235
UBFC_PHYS_s04_T3_test,91,155,96.16666666666667,-0.36219993233680725,0.8986172357562183
UBFC_PHYS_s04_T3_test,91,156,96.2,-0.17485004663467407,0.5904652603972042
UBFC_PHYS_s04_T3_test,91,157,96.23333333333333,0.15044453740119934,0.2913241018932429
UBFC_PHYS_s04_T3_test,91,158,96.26666666666667,0.4041844606399536,0.005775830172610616
UBFC_PHYS_s04_T3_test,91,159,96.3,0.5662275552749634,-0.26697547453524745
UBFC_PHYS_s04_T3_test,91,160,96.33333333333333,0.7022526264190674,-0.5279377180462664
UBFC_PHYS_s04_T3_test,91,161,96.36666666666666,0.776789128780365,-0.7747206317580345
UBFC_PHYS_s04_T3_test,91,162,96.4,0.7440277338027954,-0.9998794407234473
UBFC_PHYS_s04_T3_test,91,163,96.43333333333334,0.6304348111152649,-1.1907879315084555
UBFC_PHYS_s04_T3_test,91,164,96.46666666666667,0.4475674629211426,-1.3304694185201182
UBFC_PHYS_s04_T3_test,91,165,96.5,0.19343775510787964,-1.399252885627899
UBFC_PHYS_s04_T3_test,91,166,96.53333333333333,-0.06217312067747116,-1.3776383178995977
UBFC_PHYS_s04_T3_test,91,167,96.56666666666666,-0.25620779395103455,-1.2506597094843548
UBFC_PHYS_s04_T3_test,91,168,96.6,-0.43125998973846436,-1.0131285561285983
UBFC_PHYS_s04_T3_test,91,169,96.63333333333334,-0.6484088897705078,-0.6741970450968271
UBFC_PHYS_s04_T3_test,91,170,96.66666666666667,-0.8777385354042053,-0.2594889809248776
UBFC_PHYS_s04_T3_test,91,171,96.7,-1.0377451181411743,0.19054552055148338
UBFC_PHYS_s04_T3_test,91,172,96.73333333333333,-1.1049244403839111,0.6266559828511712
UBFC_PHYS_s04_T3_test,91,173,96.76666666666667,-1.1294028759002686,1.0002939234203285
UBFC_PHYS_s04_T3_test,91,174,96.8,-1.180172324180603,1.2735571346794747
UBFC_PHYS_s04_T3_test,91,175,96.83333333333333,-1.3051371574401855,1.4255834540247416
UBFC_PHYS_s04_T3_test,91,176,96.86666666666666,-1.4397590160369873,1.4529980665889295
UBFC_PHYS_s04_T3_test,91,177,96.9,-1.3589956760406494,1.3651637055178363
UBFC_PHYS_s04_T3_test,91,178,96.93333333333334,-0.9283618330955505,1.1775468113580934
UBFC_PHYS_s04_T3_test,91,179,96.96666666666667,-0.33119258284568787,0.9069269997067696
UBFC_PHYS_s04_T3_test,91,180,97.0,0.16990453004837036,0.5703057738987919
UBFC_PHYS_s04_T3_test,91,181,97.03333333333333,0.5306597352027893,0.18685471045872779
UBFC_PHYS_s04_T3_test,91,182,97.06666666666666,0.8117333054542542,-0.21916165487504893
UBFC_PHYS_s04_T3_test,91,183,97.1,0.9961110949516296,-0.6166276862204416
UBFC_PHYS_s04_T3_test,91,184,97.13333333333334,1.0747792720794678,-0.968440421280616
UBFC_PHYS_s04_T3_test,91,185,97.16666666666667,1.0879442691802979,-1.235362778640709
UBFC_PHYS_s04_T3_test,91,186,97.2,1.0672954320907593,-1.3820680100633704
UBFC_PHYS_s04_T3_test,91,187,97.23333333333333,1.0270696878433228,-1.3839116267107598
UBFC_PHYS_s04_T3_test,91,188,97.26666666666667,0.9879840612411499,-1.233005424738056
UBFC_PHYS_s04_T3_test,91,189,97.3,0.9484891891479492,-0.9422658922661821
UBFC_PHYS_s04_T3_test,91,190,97.33333333333333,0.8578740358352661,-0.5458811336573581
UBFC_PHYS_s04_T3_test,91,191,97.36666666666666,0.6869340538978577,-0.09491768244406927
UBFC_PHYS_s04_T3_test,91,192,97.4,0.49931132793426514,0.3516932421891979
UBFC_PHYS_s04_T3_test,91,193,97.43333333333334,0.36991265416145325,0.7384721269216263
UBFC_PHYS_s04_T3_test,91,194,97.46666666666667,0.26909491419792175,1.0233913808894601
UBFC_PHYS_s04_T3_test,91,195,97.5,0.13204671442508698,1.183359076675966
UBFC_PHYS_s04_T3_test,91,196,97.53333333333333,0.004587206989526749,1.2140654444753403
UBFC_PHYS_s04_T3_test,91,197,97.56666666666666,-0.019647639244794846,1.1254828185499188
UBFC_PHYS_s04_T3_test,91,198,97.6,0.031745437532663345,0.9356541135137636
UBFC_PHYS_s04_T3_test,91,199,97.63333333333334,0.025684289634227753,0.6654101297344174
UBFC_PHYS_s04_T3_test,91,200,97.66666666666667,-0.1257469654083252,0.3357446205750295
UBFC_PHYS_s04_T3_test,91,201,97.7,-0.37264615297317505,-0.0317854212263018
UBFC_PHYS_s04_T3_test,91,202,97.73333333333333,-0.5686882138252258,-0.4126264885045391
UBFC_PHYS_s04_T3_test,91,203,97.76666666666667,-0.6654717326164246,-0.7766709334662186
UBFC_PHYS_s04_T3_test,91,204,97.8,-0.8752634525299072,-1.0876494540446304
UBFC_PHYS_s04_T3_test,91,205,97.83333333333333,-1.3678925037384033,-1.305892467637645
UBFC_PHYS_s04_T3_test,91,206,97.86666666666666,-1.9075684547424316,-1.3946092412656879
UBFC_PHYS_s04_T3_test,91,207,97.9,-2.0971498489379883,-1.3284226607255263
UBFC_PHYS_s04_T3_test,91,208,97.93333333333334,-1.8699055910110474,-1.1018253028476528
UBFC_PHYS_s04_T3_test,91,209,97.96666666666667,-1.450741171836853,-0.7347267135861003
UBFC_PHYS_s04_T3_test,91,210,98.0,-1.0107038021087646,-0.2724957026406523
UBFC_PHYS_s04_T3_test,91,211,98.03333333333333,-0.6200715899467468,0.2209352126251928
UBFC_PHYS_s04_T3_test,91,212,98.06666666666666,-0.331981897354126,0.6761999652751127
UBFC_PHYS_s04_T3_test,91,213,98.1,-0.11652855575084686,1.034392302162029
UBFC_PHYS_s04_T3_test,91,214,98.13333333333334,0.11743953824043274,1.260032160408825
UBFC_PHYS_s04_T3_test,91,215,98.16666666666667,0.3565138280391693,1.3458382787794239
UBFC_PHYS_s04_T3_test,91,216,98.2,0.4942246675491333,1.3078465106906862
UBFC_PHYS_s04_T3_test,91,217,98.23333333333333,0.49712854623794556,1.1741432520529187
UBFC_PHYS_s04_T3_test,91,218,98.26666666666667,0.429345041513443,0.9729990088943791
UBFC_PHYS_s04_T3_test,91,219,98.3,0.34559985995292664,0.725449273228828
UBFC_PHYS_s04_T3_test,91,220,98.33333333333333,0.21945586800575256,0.44430122756721846
UBFC_PHYS_s04_T3_test,91,221,98.36666666666666,-0.01940402388572693,0.13821496937293615
UBFC_PHYS_s04_T3_test,91,222,98.4,-0.3651330769062042,-0.18228930702216015
UBFC_PHYS_s04_T3_test,91,223,98.43333333333334,-0.7036120891571045,-0.5000328326976069
UBFC_PHYS_s04_T3_test,91,224,98.46666666666667,-0.9498974084854126,-0.7895677812123372
UBFC_PHYS_s04_T3_test,91,225,98.5,-1.1434253454208374,-1.019186109058532
UBFC_PHYS_s04_T3_test,91,226,98.53333333333333,-1.3707281351089478,-1.1556962503376056
UBFC_PHYS_s04_T3_test,91,227,98.56666666666666,-1.6330628395080566,-1.1705926864046976
UBFC_PHYS_s04_T3_test,91,228,98.6,-1.7903701066970825,-1.0464669325033682
UBFC_PHYS_s04_T3_test,91,229,98.63333333333334,-1.6723140478134155,-0.7828033621463883
UBFC_PHYS_s04_T3_test,91,230,98.66666666666667,-1.3104966878890991,-0.4001128931651239
UBFC_PHYS_s04_T3_test,91,231,98.7,-0.9316847324371338,0.05905044367715705
UBFC_PHYS_s04_T3_test,91,232,98.73333333333333,-0.6628698706626892,0.5335989511297534
UBFC_PHYS_s04_T3_test,91,233,98.76666666666667,-0.4177344739437103,0.9523978365056128
UBFC_PHYS_s04_T3_test,91,234,98.8,-0.10047918558120728,1.246488637345672
UBFC_PHYS_s04_T3_test,91,235,98.83333333333333,0.2629655599594116,1.362382489086944
UBFC_PHYS_s04_T3_test,91,236,98.86666666666666,0.6137617826461792,1.2734004712710287
UBFC_PHYS_s04_T3_test,91,237,98.9,0.9139055609703064,0.9864221647393397
UBFC_PHYS_s04_T3_test,91,238,98.93333333333334,1.123862862586975,0.5421022819691828
UBFC_PHYS_s04_T3_test,91,239,98.96666666666667,1.22372567653656,0.00811097615557398
UBFC_PHYS_s04_T3_test,92,0,92.0,-1.5895336866378784,-0.05160621700174907
UBFC_PHYS_s04_T3_test,92,1,92.03333333333333,-1.1759235858917236,-0.38172860366610417
UBFC_PHYS_s04_T3_test,92,2,92.06666666666666,-0.8425702452659607,-0.6785894192357711
UBFC_PHYS_s04_T3_test,92,3,92.1,-0.5966357588768005,-0.9101579423012375
UBFC_PHYS_s04_T3_test,92,4,92.13333333333334,-0.4266897737979889,-1.0449025243072345
UBFC_PHYS_s04_T3_test,92,5,92.16666666666667,-0.3125024139881134,-1.0566374708046984
UBFC_PHYS_s04_T3_test,92,6,92.2,-0.24094773828983307,-0.9315033061878153
UBFC_PHYS_s04_T3_test,92,7,92.23333333333333,-0.1917179673910141,-0.6744863677858517
UBFC_PHYS_s04_T3_test,92,8,92.26666666666667,-0.14732152223587036,-0.31241817700528074
UBFC_PHYS_s04_T3_test,92,9,92.3,-0.12079669535160065,0.10874662790722672
UBFC_PHYS_s04_T3_test,92,10,92.33333333333333,-0.13125266134738922,0.5324623340065948
UBFC_PHYS_s04_T3_test,92,11,92.36666666666666,-0.1685647815465927,0.9035502812266978
UBFC_PHYS_s04_T3_test,92,12,92.4,-0.22869877517223358,1.1795931080342603
UBFC_PHYS_s04_T3_test,92,13,92.43333333333334,-0.3434220850467682,1.3379599049289657
UBFC_PHYS_s04_T3_test,92,14,92.46666666666667,-0.5019181370735168,1.3766554408608316
UBFC_PHYS_s04_T3_test,92,15,92.5,-0.5583102107048035,1.3097928106261851
UBFC_PHYS_s04_T3_test,92,16,92.53333333333333,-0.3187292218208313,1.160271070471327
UBFC_PHYS_s04_T3_test,92,17,92.56666666666666,0.18758125603199005,0.952590018889174
UBFC_PHYS_s04_T3_test,92,18,92.6,0.7118997573852539,0.7078595174112138
UBFC_PHYS_s04_T3_test,92,19,92.63333333333334,1.0066742897033691,0.44169860426439717
UBFC_PHYS_s04_T3_test,92,20,92.66666666666667,0.9825563430786133,0.1646101702816272
UBFC_PHYS_s04_T3_test,92,21,92.7,0.6630500555038452,-0.11616758543205331
UBFC_PHYS_s04_T3_test,92,22,92.73333333333333,0.11977824568748474,-0.3944249016212249
UBFC_PHYS_s04_T3_test,92,23,92.76666666666667,-0.4949605166912079,-0.6631235355505574
UBFC_PHYS_s04_T3_test,92,24,92.8,-0.9799790382385254,-0.9131334301906056
UBFC_PHYS_s04_T3_test,92,25,92.83333333333333,-1.2977800369262695,-1.1324050468582172
UBFC_PHYS_s04_T3_test,92,26,92.86666666666666,-1.5770410299301147,-1.3054966904992242
UBFC_PHYS_s04_T3_test,92,27,92.9,-1.8157742023468018,-1.4137688317635377
UBFC_PHYS_s04_T3_test,92,28,92.93333333333334,-1.8386350870132446,-1.4368903862701534
UBFC_PHYS_s04_T3_test,92,29,92.96666666666667,-1.6584182977676392,-1.3562186930139801
UBFC_PHYS_s04_T3_test,92,30,93.0,-1.550798773765564,-1.1599853028153393
UBFC_PHYS_s04_T3_test,92,31,93.03333333333333,-1.692407488822937,-0.8492724623937091
UBFC_PHYS_s04_T3_test,92,32,93.06666666666666,-1.9249041080474854,-0.4429063453824563
UBFC_PHYS_s04_T3_test,92,33,93.1,-1.9138829708099365,0.02103882687339745
UBFC_PHYS_s04_T3_test,92,34,93.13333333333334,-1.4003713130950928,0.48904730276215785
UBFC_PHYS_s04_T3_test,92,35,93.16666666666667,-0.4746527373790741,0.9015219938898051
UBFC_PHYS_s04_T3_test,92,36,93.2,0.49290913343429565,1.205298288416547
UBFC_PHYS_s04_T3_test,92,37,93.23333333333333,1.270071029663086,1.3650502988965147
UBFC_PHYS_s04_T3_test,92,38,93.26666666666667,1.9331527948379517,1.3697178151821303
UBFC_PHYS_s04_T3_test,92,39,93.3,2.5769011974334717,1.2322717996192711
UBFC_PHYS_s04_T3_test,92,40,93.33333333333333,3.0241496562957764,0.9837065807181519
UBFC_PHYS_s04_T3_test,92,41,93.36666666666666,3.032910108566284,0.6639684874268149
UBFC_PHYS_s04_T3_test,92,42,93.4,2.6786935329437256,0.3130553950434782
UBFC_PHYS_s04_T3_test,92,43,93.43333333333334,2.2398741245269775,-0.03515322556443599
UBFC_PHYS_s04_T3_test,92,44,93.46666666666667,1.7732632160186768,-0.3551711555547112
UBFC_PHYS_s04_T3_test,92,45,93.5,1.1755483150482178,-0.6287001190724518
UBFC_PHYS_s04_T3_test,92,46,93.53333333333333,0.5144544839859009,-0.8415951125015284
UBFC_PHYS_s04_T3_test,92,47,93.56666666666666,-0.09779941290616989,-0.9810560254841678
UBFC_PHYS_s04_T3_test,92,48,93.6,-0.7180731296539307,-1.0345662399029596
UBFC_PHYS_s04_T3_test,92,49,93.63333333333334,-1.408615231513977,-0.9911228827205649
UBFC_PHYS_s04_T3_test,92,50,93.66666666666667,-2.07822585105896,-0.8444564602140675
UBFC_PHYS_s04_T3_test,92,51,93.7,-2.471430540084839,-0.5973390897497013
UBFC_PHYS_s04_T3_test,92,52,93.73333333333333,-2.3220748901367188,-0.26562127650427364
UBFC_PHYS_s04_T3_test,92,53,93.76666666666667,-1.7181235551834106,0.11970460735120554
UBFC_PHYS_s04_T3_test,92,54,93.8,-1.2170653343200684,0.51411875422956
UBFC_PHYS_s04_T3_test,92,55,93.83333333333333,-1.1936588287353516,0.8657615494389244
UBFC_PHYS_s04_T3_test,92,56,93.86666666666666,-1.3487930297851562,1.1253313744465527
UBFC_PHYS_s04_T3_test,92,57,93.9,-1.0904536247253418,1.2568220700912198
UBFC_PHYS_s04_T3_test,92,58,93.93333333333334,-0.24459223449230194,1.2451633453743578
UBFC_PHYS_s04_T3_test,92,59,93.96666666666667,0.8323236703872681,1.0977976392246893
UBFC_PHYS_s04_T3_test,92,60,94.0,1.7024881839752197,0.8401055159104611
UBFC_PHYS_s04_T3_test,92,61,94.03333333333333,2.074176788330078,0.5073185011136293
UBFC_PHYS_s04_T3_test,92,62,94.06666666666666,1.8131382465362549,0.1362877204868911
UBFC_PHYS_s04_T3_test,92,63,94.1,1.0512460470199585,-0.24037491498367455
UBFC_PHYS_s04_T3_test,92,64,94.13333333333334,0.2530650198459625,-0.5965028783623911
UBFC_PHYS_s04_T3_test,92,65,94.16666666666667,-0.19244882464408875,-0.9110107988729029
UBFC_PHYS_s04_T3_test,92,66,94.2,-0.28579244017601013,-1.1645017734148995
UBFC_PHYS_s04_T3_test,92,67,94.23333333333333,-0.24333517253398895,-1.336299547789139
UBFC_PHYS_s04_T3_test,92,68,94.26666666666667,-0.2986748218536377,-1.4041374282647976
UBFC_PHYS_s04_T3_test,92,69,94.3,-0.6484088897705078,-1.347566617279472
UBFC_PHYS_s04_T3_test,92,70,94.33333333333333,-1.222259283065796,-1.1545714981941901
UBFC_PHYS_s04_T3_test,92,71,94.36666666666666,-1.6027863025665283,-0.8293012980160877
UBFC_PHYS_s04_T3_test,92,72,94.4,-1.404249668121338,-0.3976909886417112
UBFC_PHYS_s04_T3_test,92,73,94.43333333333334,-0.6623436808586121,0.09230975074290017
UBFC_PHYS_s04_T3_test,92,74,94.46666666666667,0.268578439950943,0.5777076201830365
UBFC_PHYS_s04_T3_test,92,75,94.5,1.0312793254852295,0.9936121890118605
UBFC_PHYS_s04_T3_test,92,76,94.53333333333333,1.4081618785858154,1.2883986263115836
UBFC_PHYS_s04_T3_test,92,77,94.56666666666666,1.4429404735565186,1.435193355156395
UBFC_PHYS_s04_T3_test,92,78,94.6,1.3302537202835083,1.4353180649191015
UBFC_PHYS_s04_T3_test,92,79,94.63333333333334,1.1791245937347412,1.3128113117297504
UBFC_PHYS_s04_T3_test,92,80,94.66666666666667,0.9706678986549377,1.1029153267497511
UBFC_PHYS_s04_T3_test,92,81,94.7,0.7237687110900879,0.8396161768036388
UBFC_PHYS_s04_T3_test,92,82,94.73333333333333,0.5005391836166382,0.5470317739132811
UBFC_PHYS_s04_T3_test,92,83,94.76666666666667,0.31000280380249023,0.237246357363295
UBFC_PHYS_s04_T3_test,92,84,94.8,0.13473622500896454,-0.08560478744148702
UBFC_PHYS_s04_T3_test,92,85,94.83333333333333,-0.010419493541121483,-0.41754068605335215
UBFC_PHYS_s04_T3_test,92,86,94.86666666666666,-0.08535555005073547,-0.7469744061589866
UBFC_PHYS_s04_T3_test,92,87,94.9,-0.03210125118494034,-1.05042894507579
UBFC_PHYS_s04_T3_test,92,88,94.93333333333334,0.1716000884771347,-1.2935698611660276
UBFC_PHYS_s04_T3_test,92,89,94.96666666666667,0.4133736193180084,-1.4373968215183686
UBFC_PHYS_s04_T3_test,92,90,95.0,0.498785138130188,-1.4478979210681318
UBFC_PHYS_s04_T3_test,92,91,95.03333333333333,0.3643289804458618,-1.3065404747604503
UBFC_PHYS_s04_T3_test,92,92,95.06666666666666,0.16252785921096802,-1.01851507505194
UBFC_PHYS_s04_T3_test,92,93,95.1,0.05554177612066269,-0.6157528637053828
UBFC_PHYS_s04_T3_test,92,94,95.13333333333334,0.08054644614458084,-0.1526859343329537
UBFC_PHYS_s04_T3_test,92,95,95.16666666666667,0.12829503417015076,0.30519676192980477
UBFC_PHYS_s04_T3_test,92,96,95.2,0.039726272225379944,0.6970501574110292
UBFC_PHYS_s04_T3_test,92,97,95.23333333333333,-0.19043168425559998,0.9813077676033853
UBFC_PHYS_s04_T3_test,92,98,95.26666666666667,-0.3129604160785675,1.1436100211519948
UBFC_PHYS_s04_T3_test,92,99,95.3,-0.07045603543519974,1.1948768999892128
UBFC_PHYS_s04_T3_test,92,100,95.33333333333333,0.45581141114234924,1.160874411250981
UBFC_PHYS_s04_T3_test,92,101,95.36666666666666,0.9582337737083435,1.0685166326441784
UBFC_PHYS_s04_T3_test,92,102,95.4,1.2797377109527588,0.9350813117159914
UBFC_PHYS_s04_T3_test,92,103,95.43333333333334,1.5029574632644653,0.764419588112748
UBFC_PHYS_s04_T3_test,92,104,95.46666666666667,1.7113558053970337,0.5506168047176456
UBFC_PHYS_s04_T3_test,92,105,95.5,1.886368989944458,0.2863192229919134
UBFC_PHYS_s04_T3_test,92,106,95.53333333333333,1.9928970336914062,-0.028497383212449733
UBFC_PHYS_s04_T3_test,92,107,95.56666666666666,2.02636981010437,-0.3809055092084048
UBFC_PHYS_s04_T3_test,92,108,95.6,1.996142029762268,-0.7441430643591852
UBFC_PHYS_s04_T3_test,92,109,95.63333333333334,1.9331527948379517,-1.080956054689842
UBFC_PHYS_s04_T3_test,92,110,95.66666666666667,1.8826172351837158,-1.3494864431328282
UBFC_PHYS_s04_T3_test,92,111,95.7,1.8673962354660034,-1.5100487636605942
UBFC_PHYS_s04_T3_test,92,112,95.73333333333333,1.8458898067474365,-1.5318484836948023
UBFC_PHYS_s04_T3_test,92,113,95.76666666666667,1.7230980396270752,-1.3991459002349895
UBFC_PHYS_s04_T3_test,92,114,95.8,1.4749319553375244,-1.1160316821302594
UBFC_PHYS_s04_T3_test,92,115,95.83333333333333,1.2005432844161987,-0.7083928601020375
UBFC_PHYS_s04_T3_test,92,116,95.86666666666666,0.9735912680625916,-0.22167455922539184
UBFC_PHYS_s04_T3_test,92,117,95.9,0.7551073431968689,0.2860246958451526
UBFC_PHYS_s04_T3_test,92,118,95.93333333333334,0.5184594988822937,0.7544201056350325
UBFC_PHYS_s04_T3_test,92,119,95.96666666666667,0.3495951294898987,1.1323972495081818
UBFC_PHYS_s04_T3_test,92,120,96.0,0.3239668309688568,1.3868211869902778
UBFC_PHYS_s04_T3_test,92,121,96.03333333333333,0.36167845129966736,1.5061034074812198
UBFC_PHYS_s04_T3_test,92,122,96.06666666666666,0.28744402527809143,1.4979987889386024
UBFC_PHYS_s04_T3_test,92,123,96.1,0.03560430184006691,1.3833928494893626
UBFC_PHYS_s04_T3_test,92,124,96.13333333333334,-0.2592286467552185,1.1888955217057842
UBFC_PHYS_s04_T3_test,92,125,96.16666666666667,-0.36219993233680725,0.9406580458566679
UBFC_PHYS_s04_T3_test,92,126,96.2,-0.17485004663467407,0.6605975853112562
UBFC_PHYS_s04_T3_test,92,127,96.23333333333333,0.15044453740119934,0.3650507526173347
UBFC_PHYS_s04_T3_test,92,128,96.26666666666667,0.4041844606399536,0.0653344148584629
UBFC_PHYS_s04_T3_test,92,129,96.3,0.5662275552749634,-0.23046881698107352
UBFC_PHYS_s04_T3_test,92,130,96.33333333333333,0.7022526264190674,-0.5153264254884912
UBFC_PHYS_s04_T3_test,92,131,96.36666666666666,0.776789128780365,-0.7814239612442094
UBFC_PHYS_s04_T3_test,92,132,96.4,0.7440277338027954,-1.0189567332270082
UBFC_PHYS_s04_T3_test,92,133,96.43333333333334,0.6304348111152649,-1.2153628770142866
UBFC_PHYS_s04_T3_test,92,134,96.46666666666667,0.4475674629211426,-1.354871242294301
UBFC_PHYS_s04_T3_test,92,135,96.5,0.19343775510787964,-1.418752749926095
UBFC_PHYS_s04_T3_test,92,136,96.53333333333333,-0.06217312067747116,-1.3871707362821977
UBFC_PHYS_s04_T3_test,92,137,96.56666666666666,-0.25620779395103455,-1.243429849723781
UBFC_PHYS_s04_T3_test,92,138,96.6,-0.43125998973846436,-0.9804206868817984
UBFC_PHYS_s04_T3_test,92,139,96.63333333333334,-0.6484088897705078,-0.6074646779179608
UBFC_PHYS_s04_T3_test,92,140,96.66666666666667,-0.8777385354042053,-0.15445108411454947
UBFC_PHYS_s04_T3_test,92,141,96.7,-1.0377451181411743,0.32975077755661436
UBFC_PHYS_s04_T3_test,92,142,96.73333333333333,-1.1049244403839111,0.7856234032369159
UBFC_PHYS_s04_T3_test,92,143,96.76666666666667,-1.1294028759002686,1.1560164744452033
UBFC_PHYS_s04_T3_test,92,144,96.8,-1.180172324180603,1.3992432226000662
UBFC_PHYS_s04_T3_test,92,145,96.83333333333333,-1.3051371574401855,1.4972309616558335
UBFC_PHYS_s04_T3_test,92,146,96.86666666666666,-1.4397590160369873,1.4558913049040076
UBFC_PHYS_s04_T3_test,92,147,96.9,-1.3589956760406494,1.298394830570547
UBFC_PHYS_s04_T3_test,92,148,96.93333333333334,-0.9283618330955505,1.0549291200795015
UBFC_PHYS_s04_T3_test,92,149,96.96666666666667,-0.33119258284568787,0.7535005172712185
UBFC_PHYS_s04_T3_test,92,150,97.0,0.16990453004837036,0.4151651361189448
UBFC_PHYS_s04_T3_test,92,151,97.03333333333333,0.5306597352027893,0.05458410686270599
UBFC_PHYS_s04_T3_test,92,152,97.06666666666666,0.8117333054542542,-0.3156693161083362
UBFC_PHYS_s04_T3_test,92,153,97.1,0.9961110949516296,-0.6799278697243353
UBFC_PHYS_s04_T3_test,92,154,97.13333333333334,1.0747792720794678,-1.0159864982603661
UBFC_PHYS_s04_T3_test,92,155,97.16666666666667,1.0879442691802979,-1.294774838140249
UBFC_PHYS_s04_T3_test,92,156,97.2,1.0672954320907593,-1.4832486221188748
UBFC_PHYS_s04_T3_test,92,157,97.23333333333333,1.0270696878433228,-1.5498101212234994
UBFC_PHYS_s04_T3_test,92,158,97.26666666666667,0.9879840612411499,-1.471245358815992
UBFC_PHYS_s04_T3_test,92,159,97.3,0.9484891891479492,-1.2398681750550224
UBFC_PHYS_s04_T3_test,92,160,97.33333333333333,0.8578740358352661,-0.8690251074648863
UBFC_PHYS_s04_T3_test,92,161,97.36666666666666,0.6869340538978577,-0.3947693399305099
UBFC_PHYS_s04_T3_test,92,162,97.4,0.49931132793426514,0.1279694064742786
UBFC_PHYS_s04_T3_test,92,163,97.43333333333334,0.36991265416145325,0.6346963020371083
UBFC_PHYS_s04_T3_test,92,164,97.46666666666667,0.26909491419792175,1.063759495158609
UBFC_PHYS_s04_T3_test,92,165,97.5,0.13204671442508698,1.367932269311878
UBFC_PHYS_s04_T3_test,92,166,97.53333333333333,0.004587206989526749,1.5216766391902579
UBFC_PHYS_s04_T3_test,92,167,97.56666666666666,-0.019647639244794846,1.522552023439584
UBFC_PHYS_s04_T3_test,92,168,97.6,0.031745437532663345,1.3874735975590706
UBFC_PHYS_s04_T3_test,92,169,97.63333333333334,0.025684289634227753,1.1460429811953488
UBFC_PHYS_s04_T3_test,92,170,97.66666666666667,-0.1257469654083252,0.8335048727012614
UBFC_PHYS_s04_T3_test,92,171,97.7,-0.37264615297317505,0.4852044227359273
UBFC_PHYS_s04_T3_test,92,172,97.73333333333333,-0.5686882138252258,0.13326509838173922
UBFC_PHYS_s04_T3_test,92,173,97.76666666666667,-0.6654717326164246,-0.19489220449190942
UBFC_PHYS_s04_T3_test,92,174,97.8,-0.8752634525299072,-0.4771895823645731
UBFC_PHYS_s04_T3_test,92,175,97.83333333333333,-1.3678925037384033,-0.6975780031785163
UBFC_PHYS_s04_T3_test,92,176,97.86666666666666,-1.9075684547424316,-0.8469177639747395
UBFC_PHYS_s04_T3_test,92,177,97.9,-2.0971498489379883,-0.9234238139423251
UBFC_PHYS_s04_T3_test,92,178,97.93333333333334,-1.8699055910110474,-0.9318409764204524
UBFC_PHYS_s04_T3_test,92,179,97.96666666666667,-1.450741171836853,-0.8810895611898978
UBFC_PHYS_s04_T3_test,92,180,98.0,-1.0107038021087646,-0.7811440294228919
UBFC_PHYS_s04_T3_test,92,181,98.03333333333333,-0.6200715899467468,-0.6405713987913678
UBFC_PHYS_s04_T3_test,92,182,98.06666666666666,-0.331981897354126,-0.4658935203973985
UBFC_PHYS_s04_T3_test,92,183,98.1,-0.11652855575084686,-0.2630390286808445
UBFC_PHYS_s04_T3_test,92,184,98.13333333333334,0.11743953824043274,-0.0402104819164024
UBFC_PHYS_s04_T3_test,92,185,98.16666666666667,0.3565138280391693,0.18923894873168542
UBFC_PHYS_s04_T3_test,92,186,98.2,0.4942246675491333,0.4056512287498627
UBFC_PHYS_s04_T3_test,92,187,98.23333333333333,0.49712854623794556,0.584852816921251
UBFC_PHYS_s04_T3_test,92,188,98.26666666666667,0.429345041513443,0.7027101745382567
UBFC_PHYS_s04_T3_test,92,189,98.3,0.34559985995292664,0.7408287430713276
UBFC_PHYS_s04_T3_test,92,190,98.33333333333333,0.21945586800575256,0.6912154265774292
UBFC_PHYS_s04_T3_test,92,191,98.36666666666666,-0.01940402388572693,0.5582386674381858
UBFC_PHYS_s04_T3_test,92,192,98.4,-0.3651330769062042,0.3574137060961699
UBFC_PHYS_s04_T3_test,92,193,98.43333333333334,-0.7036120891571045,0.11180617578826918
UBFC_PHYS_s04_T3_test,92,194,98.46666666666667,-0.9498974084854126,-0.1523548852716238
UBFC_PHYS_s04_T3_test,92,195,98.5,-1.1434253454208374,-0.40916796425723184
UBFC_PHYS_s04_T3_test,92,196,98.53333333333333,-1.3707281351089478,-0.6345748723112833
UBFC_PHYS_s04_T3_test,92,197,98.56666666666666,-1.6330628395080566,-0.8060149002335417
UBFC_PHYS_s04_T3_test,92,198,98.6,-1.7903701066970825,-0.9016606005925828
UBFC_PHYS_s04_T3_test,92,199,98.63333333333334,-1.6723140478134155,-0.9012660355560386
UBFC_PHYS_s04_T3_test,92,200,98.66666666666667,-1.3104966878890991,-0.789902235216287
UBFC_PHYS_s04_T3_test,92,201,98.7,-0.9316847324371338,-0.564075588477248
UBFC_PHYS_s04_T3_test,92,202,98.73333333333333,-0.6628698706626892,-0.2378353666261495
UBFC_PHYS_s04_T3_test,92,203,98.76666666666667,-0.4177344739437103,0.15455341705050635
UBFC_PHYS_s04_T3_test,92,204,98.8,-0.10047918558120728,0.5621999058522217
UBFC_PHYS_s04_T3_test,92,205,98.83333333333333,0.2629655599594116,0.9277379304469107
UBFC_PHYS_s04_T3_test,92,206,98.86666666666666,0.6137617826461792,1.200798118536817
UBFC_PHYS_s04_T3_test,92,207,98.9,0.9139055609703064,1.3495184770310846
UBFC_PHYS_s04_T3_test,92,208,98.93333333333334,1.123862862586975,1.365926370578169
UBFC_PHYS_s04_T3_test,92,209,98.96666666666667,1.22372567653656,1.2640024128603131
UBFC_PHYS_s04_T3_test,92,210,99.0,1.2572568655014038,1.071906610662017
UBFC_PHYS_s04_T3_test,92,211,99.03333333333333,1.2777107954025269,0.8215130856710714
UBFC_PHYS_s04_T3_test,92,212,99.06666666666666,1.2650233507156372,0.5390624348829077
UBFC_PHYS_s04_T3_test,92,213,99.1,1.1861017942428589,0.2400617055161028
UBFC_PHYS_s04_T3_test,92,214,99.13333333333334,1.0832278728485107,-0.07040987949476049
UBFC_PHYS_s04_T3_test,92,215,99.16666666666667,1.0252376794815063,-0.39298096401173527
UBFC_PHYS_s04_T3_test,92,216,99.2,1.010114073753357,-0.7270690570253392
UBFC_PHYS_s04_T3_test,92,217,99.23333333333333,0.9710869193077087,-1.0642292796171842
UBFC_PHYS_s04_T3_test,92,218,99.26666666666667,0.8613333702087402,-1.3839533613854187
UBFC_PHYS_s04_T3_test,92,219,99.3,0.7006447315216064,-1.653478988615922
UBFC_PHYS_s04_T3_test,92,220,99.33333333333333,0.5369840264320374,-1.8322411786337875
UBFC_PHYS_s04_T3_test,92,221,99.36666666666666,0.3660537898540497,-1.8804352249636156
UBFC_PHYS_s04_T3_test,92,222,99.4,0.09407196193933487,-1.7698970891253836
UBFC_PHYS_s04_T3_test,92,223,99.43333333333334,-0.338910311460495,-1.4943482234902399
UBFC_PHYS_s04_T3_test,92,224,99.46666666666667,-0.7789282202720642,-1.075440970075363
UBFC_PHYS_s04_T3_test,92,225,99.5,-0.9420042634010315,-0.5616745660274791
UBFC_PHYS_s04_T3_test,92,226,99.53333333333333,-0.7284218668937683,-0.01942443017392806
UBFC_PHYS_s04_T3_test,92,227,99.56666666666666,-0.3675692081451416,0.4816582930021832
UBFC_PHYS_s04_T3_test,92,228,99.6,-0.0890195220708847,0.8841471671677882
UBFC_PHYS_s04_T3_test,92,229,99.63333333333334,0.11164149641990662,1.154069696217583
UBFC_PHYS_s04_T3_test,92,230,99.66666666666667,0.38784274458885193,1.2847416642951743
UBFC_PHYS_s04_T3_test,92,231,99.7,0.7882585525512695,1.2932193069753495
UBFC_PHYS_s04_T3_test,92,232,99.73333333333333,1.1628413200378418,1.2117849907162517
UBFC_PHYS_s04_T3_test,92,233,99.76666666666667,1.3274765014648438,1.077837099946563
UBFC_PHYS_s04_T3_test,92,234,99.8,1.2752649784088135,0.9251994863418332
UBFC_PHYS_s04_T3_test,92,235,99.83333333333333,1.129699945449829,0.7786422243143908
UBFC_PHYS_s04_T3_test,92,236,99.86666666666666,0.9567331075668335,0.6519065416392841
UBFC_PHYS_s04_T3_test,92,237,99.9,0.7262243628501892,0.5483679815081178
UBFC_PHYS_s04_T3_test,92,238,99.93333333333334,0.37931621074676514,0.4630780138745012
UBFC_PHYS_s04_T3_test,92,239,99.96666666666667,-0.126419335603714,0.38538634431912283
UBFC_PHYS_s04_T3_test,93,0,93.0,-1.550798773765564,0.15779785108667665
UBFC_PHYS_s04_T3_test,93,1,93.03333333333333,-1.692407488822937,0.3307367064034344
UBFC_PHYS_s04_T3_test,93,2,93.06666666666666,-1.9249041080474854,0.5116407717057702
UBFC_PHYS_s04_T3_test,93,3,93.1,-1.9138829708099365,0.7054507893217462
UBFC_PHYS_s04_T3_test,93,4,93.13333333333334,-1.4003713130950928,0.9065990140168321
UBFC_PHYS_s04_T3_test,93,5,93.16666666666667,-0.4746527373790741,1.0983870674494922
UBFC_PHYS_s04_T3_test,93,6,93.2,0.49290913343429565,1.2558267240992713
UBFC_PHYS_s04_T3_test,93,7,93.23333333333333,1.270071029663086,1.3513053591743123
UBFC_PHYS_s04_T3_test,93,8,93.26666666666667,1.9331527948379517,1.3613810234265034
UBFC_PHYS_s04_T3_test,93,9,93.3,2.5769011974334717,1.2724282424328655
UBFC_PHYS_s04_T3_test,93,10,93.33333333333333,3.0241496562957764,1.0834684641397614
UBFC_PHYS_s04_T3_test,93,11,93.36666666666666,3.032910108566284,0.8058064904895305
UBFC_PHYS_s04_T3_test,93,12,93.4,2.6786935329437256,0.46016667231739916
UBFC_PHYS_s04_T3_test,93,13,93.43333333333334,2.2398741245269775,0.07261815545207065
UBFC_PHYS_s04_T3_test,93,14,93.46666666666667,1.7732632160186768,-0.3292368689239972
UBFC_PHYS_s04_T3_test,93,15,93.5,1.1755483150482178,-0.7185916675536409
UBFC_PHYS_s04_T3_test,93,16,93.53333333333333,0.5144544839859009,-1.0697757976270315
UBFC_PHYS_s04_T3_test,93,17,93.56666666666666,-0.09779941290616989,-1.3571540705415948
UBFC_PHYS_s04_T3_test,93,18,93.6,-0.7180731296539307,-1.5541388200278077
UBFC_PHYS_s04_T3_test,93,19,93.63333333333334,-1.408615231513977,-1.634213998188463
UBFC_PHYS_s04_T3_test,93,20,93.66666666666667,-2.07822585105896,-1.575134223436656
UBFC_PHYS_s04_T3_test,93,21,93.7,-2.471430540084839,-1.3658719059378983
UBFC_PHYS_s04_T3_test,93,22,93.73333333333333,-2.3220748901367188,-1.0141211892691757
UBFC_PHYS_s04_T3_test,93,23,93.76666666666667,-1.7181235551834106,-0.5510344308162405
UBFC_PHYS_s04_T3_test,93,24,93.8,-1.2170653343200684,-0.030060834122371333
UBFC_PHYS_s04_T3_test,93,25,93.83333333333333,-1.1936588287353516,0.48139047452027933
UBFC_PHYS_s04_T3_test,93,26,93.86666666666666,-1.3487930297851562,0.9157207758220357
UBFC_PHYS_s04_T3_test,93,27,93.9,-1.0904536247253418,1.2199395688379364
UBFC_PHYS_s04_T3_test,93,28,93.93333333333334,-0.24459223449230194,1.366305651703404
UBFC_PHYS_s04_T3_test,93,29,93.96666666666667,0.8323236703872681,1.3551945973223418
UBFC_PHYS_s04_T3_test,93,30,94.0,1.7024881839752197,1.2097946940492685
UBFC_PHYS_s04_T3_test,93,31,94.03333333333333,2.074176788330078,0.965515086964545
UBFC_PHYS_s04_T3_test,93,32,94.06666666666666,1.8131382465362549,0.6587783720834368
UBFC_PHYS_s04_T3_test,93,33,94.1,1.0512460470199585,0.3195435647046951
UBFC_PHYS_s04_T3_test,93,34,94.13333333333334,0.2530650198459625,-0.030210492350740886
UBFC_PHYS_s04_T3_test,93,35,94.16666666666667,-0.19244882464408875,-0.37269339295696335
UBFC_PHYS_s04_T3_test,93,36,94.2,-0.28579244017601013,-0.6882342429220053
UBFC_PHYS_s04_T3_test,93,37,94.23333333333333,-0.24333517253398895,-0.9508185329107817
UBFC_PHYS_s04_T3_test,93,38,94.26666666666667,-0.2986748218536377,-1.12814867340408
UBFC_PHYS_s04_T3_test,93,39,94.3,-0.6484088897705078,-1.1870782702203435
UBFC_PHYS_s04_T3_test,93,40,94.33333333333333,-1.222259283065796,-1.1030952828966747
UBFC_PHYS_s04_T3_test,93,41,94.36666666666666,-1.6027863025665283,-0.870778030342886
UBFC_PHYS_s04_T3_test,93,42,94.4,-1.404249668121338,-0.5111797797716622
UBFC_PHYS_s04_T3_test,93,43,94.43333333333334,-0.6623436808586121,-0.07243287984031044
UBFC_PHYS_s04_T3_test,93,44,94.46666666666667,0.268578439950943,0.3782129005069894
UBFC_PHYS_s04_T3_test,93,45,94.5,1.0312793254852295,0.7695669657131528
UBFC_PHYS_s04_T3_test,93,46,94.53333333333333,1.4081618785858154,1.0442845582716527
UBFC_PHYS_s04_T3_test,93,47,94.56666666666666,1.4429404735565186,1.1729090200016319
UBFC_PHYS_s04_T3_test,93,48,94.6,1.3302537202835083,1.1587788383767672
UBFC_PHYS_s04_T3_test,93,49,94.63333333333334,1.1791245937347412,1.0319809357061034
UBFC_PHYS_s04_T3_test,93,50,94.66666666666667,0.9706678986549377,0.8352341127579839
UBFC_PHYS_s04_T3_test,93,51,94.7,0.7237687110900879,0.6079398303453715
UBFC_PHYS_s04_T3_test,93,52,94.73333333333333,0.5005391836166382,0.3748351725050358
UBFC_PHYS_s04_T3_test,93,53,94.76666666666667,0.31000280380249023,0.143061012672662
UBFC_PHYS_s04_T3_test,93,54,94.8,0.13473622500896454,-0.09236048340939176
UBFC_PHYS_s04_T3_test,93,55,94.83333333333333,-0.010419493541121483,-0.3379687409369824
UBFC_PHYS_s04_T3_test,93,56,94.86666666666666,-0.08535555005073547,-0.5912068918102972
UBFC_PHYS_s04_T3_test,93,57,94.9,-0.03210125118494034,-0.8343094912889825
UBFC_PHYS_s04_T3_test,93,58,94.93333333333334,0.1716000884771347,-1.0354195053893858
UBFC_PHYS_s04_T3_test,93,59,94.96666666666667,0.4133736193180084,-1.156698655113182
UBFC_PHYS_s04_T3_test,93,60,95.0,0.498785138130188,-1.1663427924193626
UBFC_PHYS_s04_T3_test,93,61,95.03333333333333,0.3643289804458618,-1.0499573495968502
UBFC_PHYS_s04_T3_test,93,62,95.06666666666666,0.16252785921096802,-0.8173061021184893
UBFC_PHYS_s04_T3_test,93,63,95.1,0.05554177612066269,-0.5021322626117579
UBFC_PHYS_s04_T3_test,93,64,95.13333333333334,0.08054644614458084,-0.15457711271822205
UBFC_PHYS_s04_T3_test,93,65,95.16666666666667,0.12829503417015076,0.1720752702114828
UBFC_PHYS_s04_T3_test,93,66,95.2,0.039726272225379944,0.4360397694072937
UBFC_PHYS_s04_T3_test,93,67,95.23333333333333,-0.19043168425559998,0.6175226673233201
UBFC_PHYS_s04_T3_test,93,68,95.26666666666667,-0.3129604160785675,0.7210006394644074
UBFC_PHYS_s04_T3_test,93,69,95.3,-0.07045603543519974,0.7686457550439004
UBFC_PHYS_s04_T3_test,93,70,95.33333333333333,0.45581141114234924,0.7877852615169813
UBFC_PHYS_s04_T3_test,93,71,95.36666666666666,0.9582337737083435,0.7974461594981652
UBFC_PHYS_s04_T3_test,93,72,95.4,1.2797377109527588,0.7991525203345493
UBFC_PHYS_s04_T3_test,93,73,95.43333333333334,1.5029574632644653,0.775499182560065
UBFC_PHYS_s04_T3_test,93,74,95.46666666666667,1.7113558053970337,0.6972926992242352
UBFC_PHYS_s04_T3_test,93,75,95.5,1.886368989944458,0.5367307287061458
UBFC_PHYS_s04_T3_test,93,76,95.53333333333333,1.9928970336914062,0.28119262216077945
UBFC_PHYS_s04_T3_test,93,77,95.56666666666666,2.02636981010437,-0.058274018146600735
UBFC_PHYS_s04_T3_test,93,78,95.6,1.996142029762268,-0.4468809134998027
UBFC_PHYS_s04_T3_test,93,79,95.63333333333334,1.9331527948379517,-0.8334522205447975
UBFC_PHYS_s04_T3_test,93,80,95.66666666666667,1.8826172351837158,-1.161534604781168
UBFC_PHYS_s04_T3_test,93,81,95.7,1.8673962354660034,-1.3803608351415335
UBFC_PHYS_s04_T3_test,93,82,95.73333333333333,1.8458898067474365,-1.4533617760032727
UBFC_PHYS_s04_T3_test,93,83,95.76666666666667,1.7230980396270752,-1.3637495552667012
UBFC_PHYS_s04_T3_test,93,84,95.8,1.4749319553375244,-1.1174055638423905
UBFC_PHYS_s04_T3_test,93,85,95.83333333333333,1.2005432844161987,-0.7428869550185451
UBFC_PHYS_s04_T3_test,93,86,95.86666666666666,0.9735912680625916,-0.2877573314980711
UBFC_PHYS_s04_T3_test,93,87,95.9,0.7551073431968689,0.18921672684268465
UBFC_PHYS_s04_T3_test,93,88,95.93333333333334,0.5184594988822937,0.6288727145307864
UBFC_PHYS_s04_T3_test,93,89,95.96666666666667,0.3495951294898987,0.9826806925933594
UBFC_PHYS_s04_T3_test,93,90,96.0,0.3239668309688568,1.220842099864033
UBFC_PHYS_s04_T3_test,93,91,96.03333333333333,0.36167845129966736,1.3352940532240487
UBFC_PHYS_s04_T3_test,93,92,96.06666666666666,0.28744402527809143,1.3371515528527655
UBFC_PHYS_s04_T3_test,93,93,96.1,0.03560430184006691,1.2499460438413388
UBFC_PHYS_s04_T3_test,93,94,96.13333333333334,-0.2592286467552185,1.1013604689847307
UBFC_PHYS_s04_T3_test,93,95,96.16666666666667,-0.36219993233680725,0.9162811166027081
UBFC_PHYS_s04_T3_test,93,96,96.2,-0.17485004663467407,0.7127577682016283
UBFC_PHYS_s04_T3_test,93,97,96.23333333333333,0.15044453740119934,0.5009177424090238
UBFC_PHYS_s04_T3_test,93,98,96.26666666666667,0.4041844606399536,0.28407994464516756
UBFC_PHYS_s04_T3_test,93,99,96.3,0.5662275552749634,0.06125427616519828
UBFC_PHYS_s04_T3_test,93,100,96.33333333333333,0.7022526264190674,-0.1696473779097891
UBFC_PHYS_s04_T3_test,93,101,96.36666666666666,0.776789128780365,-0.4085425619051296
UBFC_PHYS_s04_T3_test,93,102,96.4,0.7440277338027954,-0.6505872058783377
UBFC_PHYS_s04_T3_test,93,103,96.43333333333334,0.6304348111152649,-0.8848608127126282
UBFC_PHYS_s04_T3_test,93,104,96.46666666666667,0.4475674629211426,-1.0944553325218689
UBFC_PHYS_s04_T3_test,93,105,96.5,0.19343775510787964,-1.2577931579985902
UBFC_PHYS_s04_T3_test,93,106,96.53333333333333,-0.06217312067747116,-1.3511911084994652
UBFC_PHYS_s04_T3_test,93,107,96.56666666666666,-0.25620779395103455,-1.3527947137436893
UBFC_PHYS_s04_T3_test,93,108,96.6,-0.43125998973846436,-1.2474886055459855
UBFC_PHYS_s04_T3_test,93,109,96.63333333333334,-0.6484088897705078,-1.0316644927573606
UBFC_PHYS_s04_T3_test,93,110,96.66666666666667,-0.8777385354042053,-0.7164378627127193
UBFC_PHYS_s04_T3_test,93,111,96.7,-1.0377451181411743,-0.3280671475564379
UBFC_PHYS_s04_T3_test,93,112,96.73333333333333,-1.1049244403839111,0.09517068145470675
UBFC_PHYS_s04_T3_test,93,113,96.76666666666667,-1.1294028759002686,0.5093020116687058
UBFC_PHYS_s04_T3_test,93,114,96.8,-1.180172324180603,0.8723121599209045
UBFC_PHYS_s04_T3_test,93,115,96.83333333333333,-1.3051371574401855,1.150545623753271
UBFC_PHYS_s04_T3_test,93,116,96.86666666666666,-1.4397590160369873,1.3221475109107668
UBFC_PHYS_s04_T3_test,93,117,96.9,-1.3589956760406494,1.3774255359776604
UBFC_PHYS_s04_T3_test,93,118,96.93333333333334,-0.9283618330955505,1.3170242553058502
UBFC_PHYS_s04_T3_test,93,119,96.96666666666667,-0.33119258284568787,1.149105805023992
UBFC_PHYS_s04_T3_test,93,120,97.0,0.16990453004837036,0.8867286541287925
UBFC_PHYS_s04_T3_test,93,121,97.03333333333333,0.5306597352027893,0.5464583077969399
UBFC_PHYS_s04_T3_test,93,122,97.06666666666666,0.8117333054542542,0.14881748081693047
UBFC_PHYS_s04_T3_test,93,123,97.1,0.9961110949516296,-0.27973966439905634
UBFC_PHYS_s04_T3_test,93,124,97.13333333333334,1.0747792720794678,-0.704879975756716
UBFC_PHYS_s04_T3_test,93,125,97.16666666666667,1.0879442691802979,-1.0846119587106409
UBFC_PHYS_s04_T3_test,93,126,97.2,1.0672954320907593,-1.3730667553250429
UBFC_PHYS_s04_T3_test,93,127,97.23333333333333,1.0270696878433228,-1.5276771204616608
UBFC_PHYS_s04_T3_test,93,128,97.26666666666667,0.9879840612411499,-1.5181870514435651
UBFC_PHYS_s04_T3_test,93,129,97.3,0.9484891891479492,-1.335098197898379
UBFC_PHYS_s04_T3_test,93,130,97.33333333333333,0.8578740358352661,-0.9949677914607213
UBFC_PHYS_s04_T3_test,93,131,97.36666666666666,0.6869340538978577,-0.5403829889739311
UBFC_PHYS_s04_T3_test,93,132,97.4,0.49931132793426514,-0.03349543142049054
UBFC_PHYS_s04_T3_test,93,133,97.43333333333334,0.36991265416145325,0.45611126214407544
UBFC_PHYS_s04_T3_test,93,134,97.46666666666667,0.26909491419792175,0.8660738191714924
UBFC_PHYS_s04_T3_test,93,135,97.5,0.13204671442508698,1.1537549849895947
UBFC_PHYS_s04_T3_test,93,136,97.53333333333333,0.004587206989526749,1.302469489098426
UBFC_PHYS_s04_T3_test,93,137,97.56666666666666,-0.019647639244794846,1.3197681649448292
UBFC_PHYS_s04_T3_test,93,138,97.6,0.031745437532663345,1.2293731881444256
UBFC_PHYS_s04_T3_test,93,139,97.63333333333334,0.025684289634227753,1.0608091873482335
UBFC_PHYS_s04_T3_test,93,140,97.66666666666667,-0.1257469654083252,0.84120499385419
UBFC_PHYS_s04_T3_test,93,141,97.7,-0.37264615297317505,0.5919967416652279
UBFC_PHYS_s04_T3_test,93,142,97.73333333333333,-0.5686882138252258,0.3303174644678338
UBFC_PHYS_s04_T3_test,93,143,97.76666666666667,-0.6654717326164246,0.07251651238958275
UBFC_PHYS_s04_T3_test,93,144,97.8,-0.8752634525299072,-0.16320537068319788
UBFC_PHYS_s04_T3_test,93,145,97.83333333333333,-1.3678925037384033,-0.3570175771213899
UBFC_PHYS_s04_T3_test,93,146,97.86666666666666,-1.9075684547424316,-0.49095642794757005
UBFC_PHYS_s04_T3_test,93,147,97.9,-2.0971498489379883,-0.5544257988892657
UBFC_PHYS_s04_T3_test,93,148,97.93333333333334,-1.8699055910110474,-0.5489679690519566
UBFC_PHYS_s04_T3_test,93,149,97.96666666666667,-1.450741171836853,-0.4893130793221206
UBFC_PHYS_s04_T3_test,93,150,98.0,-1.0107038021087646,-0.39927027979186586
UBFC_PHYS_s04_T3_test,93,151,98.03333333333333,-0.6200715899467468,-0.30371038585842813
UBFC_PHYS_s04_T3_test,93,152,98.06666666666666,-0.331981897354126,-0.22021990520741808
UBFC_PHYS_s04_T3_test,93,153,98.1,-0.11652855575084686,-0.15446960645355837
UBFC_PHYS_s04_T3_test,93,154,98.13333333333334,0.11743953824043274,-0.10144050585340975
UBFC_PHYS_s04_T3_test,93,155,98.16666666666667,0.3565138280391693,-0.05160936123020084
UBFC_PHYS_s04_T3_test,93,156,98.2,0.4942246675491333,0.0011616912354641953
UBFC_PHYS_s04_T3_test,93,157,98.23333333333333,0.49712854623794556,0.053846363087733995
UBFC_PHYS_s04_T3_test,93,158,98.26666666666667,0.429345041513443,0.09310456551600685
UBFC_PHYS_s04_T3_test,93,159,98.3,0.34559985995292664,0.0991115342733792
UBFC_PHYS_s04_T3_test,93,160,98.33333333333333,0.21945586800575256,0.052825109141807026
UBFC_PHYS_s04_T3_test,93,161,98.36666666666666,-0.01940402388572693,-0.05600900182700077
UBFC_PHYS_s04_T3_test,93,162,98.4,-0.3651330769062042,-0.22310059333635804
UBFC_PHYS_s04_T3_test,93,163,98.43333333333334,-0.7036120891571045,-0.4282052416795731
UBFC_PHYS_s04_T3_test,93,164,98.46666666666667,-0.9498974084854126,-0.638285059705964
UBFC_PHYS_s04_T3_test,93,165,98.5,-1.1434253454208374,-0.8138062813520424
UBFC_PHYS_s04_T3_test,93,166,98.53333333333333,-1.3707281351089478,-0.9163032340703635
UBFC_PHYS_s04_T3_test,93,167,98.56666666666666,-1.6330628395080566,-0.9157928011000339
UBFC_PHYS_s04_T3_test,93,168,98.6,-1.7903701066970825,-0.7970784022271196
UBFC_PHYS_s04_T3_test,93,169,98.63333333333334,-1.6723140478134155,-0.5639513500927567
UBFC_PHYS_s04_T3_test,93,170,98.66666666666667,-1.3104966878890991,-0.2399787387011103
UBFC_PHYS_s04_T3_test,93,171,98.7,-0.9316847324371338,0.13519439563713034
UBFC_PHYS_s04_T3_test,93,172,98.73333333333333,-0.6628698706626892,0.5137658074945739
UBFC_PHYS_s04_T3_test,93,173,98.76666666666667,-0.4177344739437103,0.8498456288835045
UBFC_PHYS_s04_T3_test,93,174,98.8,-0.10047918558120728,1.1084617243647585
UBFC_PHYS_s04_T3_test,93,175,98.83333333333333,0.2629655599594116,1.2706322905291343
UBFC_PHYS_s04_T3_test,93,176,98.86666666666666,0.6137617826461792,1.3334322066225466
UBFC_PHYS_s04_T3_test,93,177,98.9,0.9139055609703064,1.3061179944299304
UBFC_PHYS_s04_T3_test,93,178,98.93333333333334,1.123862862586975,1.2046006340646502
UBFC_PHYS_s04_T3_test,93,179,98.96666666666667,1.22372567653656,1.046420365349749
UBFC_PHYS_s04_T3_test,93,180,99.0,1.2572568655014038,0.847288319437698
UBFC_PHYS_s04_T3_test,93,181,99.03333333333333,1.2777107954025269,0.6192112654357326
UBFC_PHYS_s04_T3_test,93,182,99.06666666666666,1.2650233507156372,0.3699194505544622
UBFC_PHYS_s04_T3_test,93,183,99.1,1.1861017942428589,0.10348067450695307
UBFC_PHYS_s04_T3_test,93,184,99.13333333333334,1.0832278728485107,-0.17798172474587046
UBFC_PHYS_s04_T3_test,93,185,99.16666666666667,1.0252376794815063,-0.4717090314678395
UBFC_PHYS_s04_T3_test,93,186,99.2,1.010114073753357,-0.7712962314063384
UBFC_PHYS_s04_T3_test,93,187,99.23333333333333,0.9710869193077087,-1.063896661354662
UBFC_PHYS_s04_T3_test,93,188,99.26666666666667,0.8613333702087402,-1.3285263444636113
UBFC_PHYS_s04_T3_test,93,189,99.3,0.7006447315216064,-1.536436491220612
UBFC_PHYS_s04_T3_test,93,190,99.33333333333333,0.5369840264320374,-1.6542592765905193
UBFC_PHYS_s04_T3_test,93,191,99.36666666666666,0.3660537898540497,-1.6499862904730747
UBFC_PHYS_s04_T3_test,93,192,99.4,0.09407196193933487,-1.5009098632471753
UBFC_PHYS_s04_T3_test,93,193,99.43333333333334,-0.338910311460495,-1.20162171090139
UBFC_PHYS_s04_T3_test,93,194,99.46666666666667,-0.7789282202720642,-0.7694088025266536
UBFC_PHYS_s04_T3_test,93,195,99.5,-0.9420042634010315,-0.2445380524393058
UBFC_PHYS_s04_T3_test,93,196,99.53333333333333,-0.7284218668937683,0.31566170892296147
UBFC_PHYS_s04_T3_test,93,197,99.56666666666666,-0.3675692081451416,0.847706308602773
UBFC_PHYS_s04_T3_test,93,198,99.6,-0.0890195220708847,1.294467543128678
UBFC_PHYS_s04_T3_test,93,199,99.63333333333334,0.11164149641990662,1.6152112157731977
UBFC_PHYS_s04_T3_test,93,200,99.66666666666667,0.38784274458885193,1.7904497150127239
UBFC_PHYS_s04_T3_test,93,201,99.7,0.7882585525512695,1.8213141976037888
UBFC_PHYS_s04_T3_test,93,202,99.73333333333333,1.1628413200378418,1.725073256444505
UBFC_PHYS_s04_T3_test,93,203,99.76666666666667,1.3274765014648438,1.5289837931590078
UBFC_PHYS_s04_T3_test,93,204,99.8,1.2752649784088135,1.2640231616551219
UBFC_PHYS_s04_T3_test,93,205,99.83333333333333,1.129699945449829,0.9593762162078712
UBFC_PHYS_s04_T3_test,93,206,99.86666666666666,0.9567331075668335,0.6385787877079963
UBFC_PHYS_s04_T3_test,93,207,99.9,0.7262243628501892,0.31810598779281807
UBFC_PHYS_s04_T3_test,93,208,99.93333333333334,0.37931621074676514,0.0081532423697988
UBFC_PHYS_s04_T3_test,93,209,99.96666666666667,-0.126419335603714,-0.2857043292094555
UBFC_PHYS_s04_T3_test,93,210,100.0,-0.7527152299880981,-0.5612136714202288
UBFC_PHYS_s04_T3_test,93,211,100.03333333333333,-1.3370118141174316,-0.8186925457664216
UBFC_PHYS_s04_T3_test,93,212,100.06666666666666,-1.7422024011611938,-1.0599356198246668
UBFC_PHYS_s04_T3_test,93,213,100.1,-1.9687548875808716,-1.2857102517139107
UBFC_PHYS_s04_T3_test,93,214,100.13333333333334,-2.0491089820861816,-1.491779962504185
UBFC_PHYS_s04_T3_test,93,215,100.16666666666667,-1.9946171045303345,-1.6648798291458822
UBFC_PHYS_s04_T3_test,93,216,100.2,-1.8776623010635376,-1.780988960324293
UBFC_PHYS_s04_T3_test,93,217,100.23333333333333,-1.8219035863876343,-1.8079910994545279
UBFC_PHYS_s04_T3_test,93,218,100.26666666666667,-1.8555810451507568,-1.7133543437835974
UBFC_PHYS_s04_T3_test,93,219,100.3,-1.8293094635009766,-1.4753104018357348
UBFC_PHYS_s04_T3_test,93,220,100.33333333333333,-1.5767195224761963,-1.0940321514219022
UBFC_PHYS_s04_T3_test,93,221,100.36666666666666,-1.1302798986434937,-0.5983867684659964
UBFC_PHYS_s04_T3_test,93,222,100.4,-0.6941013932228088,-0.04461715686378102
UBFC_PHYS_s04_T3_test,93,223,100.43333333333334,-0.4177344739437103,0.49411932192650876
UBFC_PHYS_s04_T3_test,93,224,100.46666666666667,-0.27984821796417236,0.9447804395066919
UBFC_PHYS_s04_T3_test,93,225,100.5,-0.16979259252548218,1.25237743781452
UBFC_PHYS_s04_T3_test,93,226,100.53333333333333,-0.005927227903157473,1.3923143949780414
UBFC_PHYS_s04_T3_test,93,227,100.56666666666666,0.21040312945842743,1.3727873307632785
UBFC_PHYS_s04_T3_test,93,228,100.6,0.45347270369529724,1.2273083948817618
UBFC_PHYS_s04_T3_test,93,229,100.63333333333334,0.7184871435165405,1.0015681575941122
UBFC_PHYS_s04_T3_test,93,230,100.66666666666667,1.0009249448776245,0.7404242128909879
UBFC_PHYS_s04_T3_test,93,231,100.7,1.2623435258865356,0.479517057393541
UBFC_PHYS_s04_T3_test,93,232,100.73333333333333,1.4463022947311401,0.24305283624957089
UBFC_PHYS_s04_T3_test,93,233,100.76666666666667,1.5313045978546143,0.04631722741958916
UBFC_PHYS_s04_T3_test,93,234,100.8,1.5614933967590332,-0.1001784817656293
UBFC_PHYS_s04_T3_test,93,235,100.83333333333333,1.5921791791915894,-0.18799551372053322
UBFC_PHYS_s04_T3_test,93,236,100.86666666666666,1.6195322275161743,-0.2112092597872634
UBFC_PHYS_s04_T3_test,93,237,100.9,1.5736838579177856,-0.1695639441975447
UBFC_PHYS_s04_T3_test,93,238,100.93333333333334,1.4074993133544922,-0.07196834212285681
UBFC_PHYS_s04_T3_test,93,239,100.96666666666667,1.1897852420806885,0.06253716694835801
UBFC_PHYS_s04_T3_test,94,0,94.0,1.7024881839752197,-0.032737799066606565
UBFC_PHYS_s04_T3_test,94,1,94.03333333333333,2.074176788330078,-0.1912977217265727
UBFC_PHYS_s04_T3_test,94,2,94.06666666666666,1.8131382465362549,-0.3568212619794526
UBFC_PHYS_s04_T3_test,94,3,94.1,1.0512460470199585,-0.5346037873225984
UBFC_PHYS_s04_T3_test,94,4,94.13333333333334,0.2530650198459625,-0.7237424781541305
UBFC_PHYS_s04_T3_test,94,5,94.16666666666667,-0.19244882464408875,-0.914053065396711
UBFC_PHYS_s04_T3_test,94,6,94.2,-0.28579244017601013,-1.0838599782037526
UBFC_PHYS_s04_T3_test,94,7,94.23333333333333,-0.24333517253398895,-1.2005393418898327
UBFC_PHYS_s04_T3_test,94,8,94.26666666666667,-0.2986748218536377,-1.225458233499431
UBFC_PHYS_s04_T3_test,94,9,94.3,-0.6484088897705078,-1.1234599435673172
UBFC_PHYS_s04_T3_test,94,10,94.33333333333333,-1.222259283065796,-0.8750026292093802
UBFC_PHYS_s04_T3_test,94,11,94.36666666666666,-1.6027863025665283,-0.4871771400153709
UBFC_PHYS_s04_T3_test,94,12,94.4,-1.404249668121338,0.0010622218225130335
UBFC_PHYS_s04_T3_test,94,13,94.43333333333334,-0.6623436808586121,0.5230463821473067
UBFC_PHYS_s04_T3_test,94,14,94.46666666666667,0.268578439950943,0.9982601045312288
UBFC_PHYS_s04_T3_test,94,15,94.5,1.0312793254852295,1.3521245935136568
UBFC_PHYS_s04_T3_test,94,16,94.53333333333333,1.4081618785858154,1.5348819038980202
UBFC_PHYS_s04_T3_test,94,17,94.56666666666666,1.4429404735565186,1.532638278843265
UBFC_PHYS_s04_T3_test,94,18,94.6,1.3302537202835083,1.3667660127064898
UBFC_PHYS_s04_T3_test,94,19,94.63333333333334,1.1791245937347412,1.082679186761363
UBFC_PHYS_s04_T3_test,94,20,94.66666666666667,0.9706678986549377,0.7331007976447441
UBFC_PHYS_s04_T3_test,94,21,94.7,0.7237687110900879,0.36258969784208056
UBFC_PHYS_s04_T3_test,94,22,94.73333333333333,0.5005391836166382,-0.0011967140796552184
UBFC_PHYS_s04_T3_test,94,23,94.76666666666667,0.31000280380249023,-0.347297727449097
UBFC_PHYS_s04_T3_test,94,24,94.8,0.13473622500896454,-0.6737393943078017
UBFC_PHYS_s04_T3_test,94,25,94.83333333333333,-0.010419493541121483,-0.9764607794606691
UBFC_PHYS_s04_T3_test,94,26,94.86666666666666,-0.08535555005073547,-1.2400240397035134
UBFC_PHYS_s04_T3_test,94,27,94.9,-0.03210125118494034,-1.4344293480278056
UBFC_PHYS_s04_T3_test,94,28,94.93333333333334,0.1716000884771347,-1.5200593837914051
UBFC_PHYS_s04_T3_test,94,29,94.96666666666667,0.4133736193180084,-1.4596957486366409
UBFC_PHYS_s04_T3_test,94,30,95.0,0.498785138130188,-1.2335988311924646
UBFC_PHYS_s04_T3_test,94,31,95.03333333333333,0.3643289804458618,-0.8518543871960672
UBFC_PHYS_s04_T3_test,94,32,95.06666666666666,0.16252785921096802,-0.3584293038166778
UBFC_PHYS_s04_T3_test,94,33,95.1,0.05554177612066269,0.17598669304958509
UBFC_PHYS_s04_T3_test,94,34,95.13333333333334,0.08054644614458084,0.6708926515950896
UBFC_PHYS_s04_T3_test,94,35,95.16666666666667,0.12829503417015076,1.0569569133265901
UBFC_PHYS_s04_T3_test,94,36,95.2,0.039726272225379944,1.2934107137734472
UBFC_PHYS_s04_T3_test,94,37,95.23333333333333,-0.19043168425559998,1.3755498867484912
UBFC_PHYS_s04_T3_test,94,38,95.26666666666667,-0.3129604160785675,1.3302139732034068
UBFC_PHYS_s04_T3_test,94,39,95.3,-0.07045603543519974,1.2019468552125894
UBFC_PHYS_s04_T3_test,94,40,95.33333333333333,0.45581141114234924,1.0357111300751491
UBFC_PHYS_s04_T3_test,94,41,95.36666666666666,0.9582337737083435,0.8625459174552996
UBFC_PHYS_s04_T3_test,94,42,95.4,1.2797377109527588,0.6926913427863726
UBFC_PHYS_s04_T3_test,94,43,95.43333333333334,1.5029574632644653,0.517515325064422
UBFC_PHYS_s04_T3_test,94,44,95.46666666666667,1.7113558053970337,0.31836418643125874
UBFC_PHYS_s04_T3_test,94,45,95.5,1.886368989944458,0.07821647337028742
UBFC_PHYS_s04_T3_test,94,46,95.53333333333333,1.9928970336914062,-0.20859957071205146
UBFC_PHYS_s04_T3_test,94,47,95.56666666666666,2.02636981010437,-0.5320314240424564
UBFC_PHYS_s04_T3_test,94,48,95.6,1.996142029762268,-0.8678690080707229
UBFC_PHYS_s04_T3_test,94,49,95.63333333333334,1.9331527948379517,-1.1831305030243093
UBFC_PHYS_s04_T3_test,94,50,95.66666666666667,1.8826172351837158,-1.4420729534224526
UBFC_PHYS_s04_T3_test,94,51,95.7,1.8673962354660034,-1.6106776681572403
UBFC_PHYS_s04_T3_test,94,52,95.73333333333333,1.8458898067474365,-1.6597508744624772
UBFC_PHYS_s04_T3_test,94,53,95.76666666666667,1.7230980396270752,-1.5683399293353688
UBFC_PHYS_s04_T3_test,94,54,95.8,1.4749319553375244,-1.3286006969615667
UBFC_PHYS_s04_T3_test,94,55,95.83333333333333,1.2005432844161987,-0.9512059870909794
UBFC_PHYS_s04_T3_test,94,56,95.86666666666666,0.9735912680625916,-0.46856240756566675
UBFC_PHYS_s04_T3_test,94,57,95.9,0.7551073431968689,0.06711466503288774
UBFC_PHYS_s04_T3_test,94,58,95.93333333333334,0.5184594988822937,0.5920293287244898
UBFC_PHYS_s04_T3_test,94,59,95.96666666666667,0.3495951294898987,1.0435970124370473
UBFC_PHYS_s04_T3_test,94,60,96.0,0.3239668309688568,1.3736520413548752
UBFC_PHYS_s04_T3_test,94,61,96.03333333333333,0.36167845129966736,1.5574775902907825
UBFC_PHYS_s04_T3_test,94,62,96.06666666666666,0.28744402527809143,1.5959447685870356
UBFC_PHYS_s04_T3_test,94,63,96.1,0.03560430184006691,1.5108983579995088
UBFC_PHYS_s04_T3_test,94,64,96.13333333333334,-0.2592286467552185,1.336089917015915
UBFC_PHYS_s04_T3_test,94,65,96.16666666666667,-0.36219993233680725,1.106933426051911
UBFC_PHYS_s04_T3_test,94,66,96.2,-0.17485004663467407,0.8522721752476824
UBFC_PHYS_s04_T3_test,94,67,96.23333333333333,0.15044453740119934,0.5902266576129127
UBFC_PHYS_s04_T3_test,94,68,96.26666666666667,0.4041844606399536,0.3283723841131159
UBFC_PHYS_s04_T3_test,94,69,96.3,0.5662275552749634,0.0669703907860555
UBFC_PHYS_s04_T3_test,94,70,96.33333333333333,0.7022526264190674,-0.19648484596191068
UBFC_PHYS_s04_T3_test,94,71,96.36666666666666,0.776789128780365,-0.4627739737475407
UBFC_PHYS_s04_T3_test,94,72,96.4,0.7440277338027954,-0.7273633422421113
UBFC_PHYS_s04_T3_test,94,73,96.43333333333334,0.6304348111152649,-0.9781843049347869
UBFC_PHYS_s04_T3_test,94,74,96.46666666666667,0.4475674629211426,-1.1950817293580311
UBFC_PHYS_s04_T3_test,94,75,96.5,0.19343775510787964,-1.3512946245883075
UBFC_PHYS_s04_T3_test,94,76,96.53333333333333,-0.06217312067747116,-1.4174174224941298
UBFC_PHYS_s04_T3_test,94,77,96.56666666666666,-0.25620779395103455,-1.36789362540922
UBFC_PHYS_s04_T3_test,94,78,96.6,-0.43125998973846436,-1.1889882831865632
UBFC_PHYS_s04_T3_test,94,79,96.63333333333334,-0.6484088897705078,-0.8859083959375432
UBFC_PHYS_s04_T3_test,94,80,96.66666666666667,-0.8777385354042053,-0.48614814919793903
UBFC_PHYS_s04_T3_test,94,81,96.7,-1.0377451181411743,-0.036807053594205955
UBFC_PHYS_s04_T3_test,94,82,96.73333333333333,-1.1049244403839111,0.4044048989717228
UBFC_PHYS_s04_T3_test,94,83,96.76666666666667,-1.1294028759002686,0.7821372349906272
UBFC_PHYS_s04_T3_test,94,84,96.8,-1.180172324180603,1.055904542036865
UBFC_PHYS_s04_T3_test,94,85,96.83333333333333,-1.3051371574401855,1.2074843283388792
UBFC_PHYS_s04_T3_test,94,86,96.86666666666666,-1.4397590160369873,1.2407553946131276
UBFC_PHYS_s04_T3_test,94,87,96.9,-1.3589956760406494,1.1749011420488833
UBFC_PHYS_s04_T3_test,94,88,96.93333333333334,-0.9283618330955505,1.0345850117909638
UBFC_PHYS_s04_T3_test,94,89,96.96666666666667,-0.33119258284568787,0.8414069034224787
UBFC_PHYS_s04_T3_test,94,90,97.0,0.16990453004837036,0.6095516279265837
UBFC_PHYS_s04_T3_test,94,91,97.03333333333333,0.5306597352027893,0.346273880582076
UBFC_PHYS_s04_T3_test,94,92,97.06666666666666,0.8117333054542542,0.05609811160399014
UBFC_PHYS_s04_T3_test,94,93,97.1,0.9961110949516296,-0.2533261874740093
UBFC_PHYS_s04_T3_test,94,94,97.13333333333334,1.0747792720794678,-0.5661054780879372
UBFC_PHYS_s04_T3_test,94,95,97.16666666666667,1.0879442691802979,-0.8559178380005266
UBFC_PHYS_s04_T3_test,94,96,97.2,1.0672954320907593,-1.088190786767321
UBFC_PHYS_s04_T3_test,94,97,97.23333333333333,1.0270696878433228,-1.2266816448704732
UBFC_PHYS_s04_T3_test,94,98,97.26666666666667,0.9879840612411499,-1.2427584557768963
UBFC_PHYS_s04_T3_test,94,99,97.3,0.9484891891479492,-1.1243396487819246
UBFC_PHYS_s04_T3_test,94,100,97.33333333333333,0.8578740358352661,-0.8812461550734308
UBFC_PHYS_s04_T3_test,94,101,97.36666666666666,0.6869340538978577,-0.5447998971787555
UBFC_PHYS_s04_T3_test,94,102,97.4,0.49931132793426514,-0.16148109508578276
UBFC_PHYS_s04_T3_test,94,103,97.43333333333334,0.36991265416145325,0.21740471059248737
UBFC_PHYS_s04_T3_test,94,104,97.46666666666667,0.26909491419792175,0.5466436328555445
UBFC_PHYS_s04_T3_test,94,105,97.5,0.13204671442508698,0.7950976556795379
UBFC_PHYS_s04_T3_test,94,106,97.53333333333333,0.004587206989526749,0.948575597729967
UBFC_PHYS_s04_T3_test,94,107,97.56666666666666,-0.019647639244794846,1.0074973704931338
UBFC_PHYS_s04_T3_test,94,108,97.6,0.031745437532663345,0.9811456705847665
UBFC_PHYS_s04_T3_test,94,109,97.63333333333334,0.025684289634227753,0.8813721629785704
UBFC_PHYS_s04_T3_test,94,110,97.66666666666667,-0.1257469654083252,0.718596316695922
UBFC_PHYS_s04_T3_test,94,111,97.7,-0.37264615297317505,0.5017560000458419
UBFC_PHYS_s04_T3_test,94,112,97.73333333333333,-0.5686882138252258,0.2419071573242224
UBFC_PHYS_s04_T3_test,94,113,97.76666666666667,-0.6654717326164246,-0.042703125619921185
UBFC_PHYS_s04_T3_test,94,114,97.8,-0.8752634525299072,-0.3231865315192657
UBFC_PHYS_s04_T3_test,94,115,97.83333333333333,-1.3678925037384033,-0.5609133897014358
UBFC_PHYS_s04_T3_test,94,116,97.86666666666666,-1.9075684547424316,-0.7139492994931709
UBFC_PHYS_s04_T3_test,94,117,97.9,-2.0971498489379883,-0.7479155904619811
UBFC_PHYS_s04_T3_test,94,118,97.93333333333334,-1.8699055910110474,-0.6478446823832311
UBFC_PHYS_s04_T3_test,94,119,97.96666666666667,-1.450741171836853,-0.4262900125053758
UBFC_PHYS_s04_T3_test,94,120,98.0,-1.0107038021087646,-0.12354769399580899
UBFC_PHYS_s04_T3_test,94,121,98.03333333333333,-0.6200715899467468,0.2013125308255758
UBFC_PHYS_s04_T3_test,94,122,98.06666666666666,-0.331981897354126,0.4857649290797073
UBFC_PHYS_s04_T3_test,94,123,98.1,-0.11652855575084686,0.6796928469767565
UBFC_PHYS_s04_T3_test,94,124,98.13333333333334,0.11743953824043274,0.7561617240710666
UBFC_PHYS_s04_T3_test,94,125,98.16666666666667,0.3565138280391693,0.7141755507989379
UBFC_PHYS_s04_T3_test,94,126,98.2,0.4942246675491333,0.5738935460985705
UBFC_PHYS_s04_T3_test,94,127,98.23333333333333,0.49712854623794556,0.36730548794370704
UBFC_PHYS_s04_T3_test,94,128,98.26666666666667,0.429345041513443,0.12819935681496958
UBFC_PHYS_s04_T3_test,94,129,98.3,0.34559985995292664,-0.11549674564662356
UBFC_PHYS_s04_T3_test,94,130,98.33333333333333,0.21945586800575256,-0.3455236147412735
UBFC_PHYS_s04_T3_test,94,131,98.36666666666666,-0.01940402388572693,-0.5533028253771685
UBFC_PHYS_s04_T3_test,94,132,98.4,-0.3651330769062042,-0.7370469937004905
UBFC_PHYS_s04_T3_test,94,133,98.43333333333334,-0.7036120891571045,-0.8971160584710955
UBFC_PHYS_s04_T3_test,94,134,98.46666666666667,-0.9498974084854126,-1.0308619047140135
UBFC_PHYS_s04_T3_test,94,135,98.5,-1.1434253454208374,-1.128448147655467
UBFC_PHYS_s04_T3_test,94,136,98.53333333333333,-1.3707281351089478,-1.1714016933553835
UBFC_PHYS_s04_T3_test,94,137,98.56666666666666,-1.6330628395080566,-1.135306074742484
UBFC_PHYS_s04_T3_test,94,138,98.6,-1.7903701066970825,-0.9966858275228244
UBFC_PHYS_s04_T3_test,94,139,98.63333333333334,-1.6723140478134155,-0.7423062381070579
UBFC_PHYS_s04_T3_test,94,140,98.66666666666667,-1.3104966878890991,-0.3777404995197533
UBFC_PHYS_s04_T3_test,94,141,98.7,-0.9316847324371338,0.06830760028370673
UBFC_PHYS_s04_T3_test,94,142,98.73333333333333,-0.6628698706626892,0.5465131969395829
UBFC_PHYS_s04_T3_test,94,143,98.76666666666667,-0.4177344739437103,0.9965321904778978
UBFC_PHYS_s04_T3_test,94,144,98.8,-0.10047918558120728,1.3608564673534245
UBFC_PHYS_s04_T3_test,94,145,98.83333333333333,0.2629655599594116,1.5979360682573562
UBFC_PHYS_s04_T3_test,94,146,98.86666666666666,0.6137617826461792,1.6898543204149663
UBFC_PHYS_s04_T3_test,94,147,98.9,0.9139055609703064,1.6424248031379725
UBFC_PHYS_s04_T3_test,94,148,98.93333333333334,1.123862862586975,1.4790254634460531
UBFC_PHYS_s04_T3_test,94,149,98.96666666666667,1.22372567653656,1.2316992360638592
UBFC_PHYS_s04_T3_test,94,150,99.0,1.2572568655014038,0.9328834296747723
UBFC_PHYS_s04_T3_test,94,151,99.03333333333333,1.2777107954025269,0.6096070922306068
UBFC_PHYS_s04_T3_test,94,152,99.06666666666666,1.2650233507156372,0.2806910246741668
UBFC_PHYS_s04_T3_test,94,153,99.1,1.1861017942428589,-0.04323678537983031
UBFC_PHYS_s04_T3_test,94,154,99.13333333333334,1.0832278728485107,-0.3575255782772077
UBFC_PHYS_s04_T3_test,94,155,99.16666666666667,1.0252376794815063,-0.6599297638062424
UBFC_PHYS_s04_T3_test,94,156,99.2,1.010114073753357,-0.9465759746910869
UBFC_PHYS_s04_T3_test,94,157,99.23333333333333,0.9710869193077087,-1.2083763100605769
UBFC_PHYS_s04_T3_test,94,158,99.26666666666667,0.8613333702087402,-1.4288418011367727
UBFC_PHYS_s04_T3_test,94,159,99.3,0.7006447315216064,-1.5842157954701737
UBFC_PHYS_s04_T3_test,94,160,99.33333333333333,0.5369840264320374,-1.6465468985934817
UBFC_PHYS_s04_T3_test,94,161,99.36666666666666,0.3660537898540497,-1.5896773946441924
UBFC_PHYS_s04_T3_test,94,162,99.4,0.09407196193933487,-1.3971732838890811
UBFC_PHYS_s04_T3_test,94,163,99.43333333333334,-0.338910311460495,-1.0701049109748688
UBFC_PHYS_s04_T3_test,94,164,99.46666666666667,-0.7789282202720642,-0.6317532483525358
UBFC_PHYS_s04_T3_test,94,165,99.5,-0.9420042634010315,-0.12658570001342756
UBFC_PHYS_s04_T3_test,94,166,99.53333333333333,-0.7284218668937683,0.3873433191621959
UBFC_PHYS_s04_T3_test,94,167,99.56666666666666,-0.3675692081451416,0.8506726226941683
UBFC_PHYS_s04_T3_test,94,168,99.6,-0.0890195220708847,1.2154896490098561
UBFC_PHYS_s04_T3_test,94,169,99.63333333333334,0.11164149641990662,1.4539605698927787
UBFC_PHYS_s04_T3_test,94,170,99.66666666666667,0.38784274458885193,1.560245955755428
UBFC_PHYS_s04_T3_test,94,171,99.7,0.7882585525512695,1.54619988593334
UBFC_PHYS_s04_T3_test,94,172,99.73333333333333,1.1628413200378418,1.4336630303097677
UBFC_PHYS_s04_T3_test,94,173,99.76666666666667,1.3274765014648438,1.2467798331593554
UBFC_PHYS_s04_T3_test,94,174,99.8,1.2752649784088135,1.006816852495621
UBFC_PHYS_s04_T3_test,94,175,99.83333333333333,1.129699945449829,0.7303366740800076
UBFC_PHYS_s04_T3_test,94,176,99.86666666666666,0.9567331075668335,0.4302139552861686
UBFC_PHYS_s04_T3_test,94,177,99.9,0.7262243628501892,0.11812122796027635
UBFC_PHYS_s04_T3_test,94,178,99.93333333333334,0.37931621074676514,-0.19324803773917465
UBFC_PHYS_s04_T3_test,94,179,99.96666666666667,-0.126419335603714,-0.4895951083773509
UBFC_PHYS_s04_T3_test,94,180,100.0,-0.7527152299880981,-0.7563618737303746
UBFC_PHYS_s04_T3_test,94,181,100.03333333333333,-1.3370118141174316,-0.981087175011259
UBFC_PHYS_s04_T3_test,94,182,100.06666666666666,-1.7422024011611938,-1.1552382086970598
UBFC_PHYS_s04_T3_test,94,183,100.1,-1.9687548875808716,-1.2742637342512537
UBFC_PHYS_s04_T3_test,94,184,100.13333333333334,-2.0491089820861816,-1.3356422080820547
UBFC_PHYS_s04_T3_test,94,185,100.16666666666667,-1.9946171045303345,-1.3359669158294736
UBFC_PHYS_s04_T3_test,94,186,100.2,-1.8776623010635376,-1.2689601543117435
UBFC_PHYS_s04_T3_test,94,187,100.23333333333333,-1.8219035863876343,-1.1261656118458385
UBFC_PHYS_s04_T3_test,94,188,100.26666666666667,-1.8555810451507568,-0.9008323362298191
UBFC_PHYS_s04_T3_test,94,189,100.3,-1.8293094635009766,-0.5937948411222892
UBFC_PHYS_s04_T3_test,94,190,100.33333333333333,-1.5767195224761963,-0.21885010234960312
UBFC_PHYS_s04_T3_test,94,191,100.36666666666666,-1.1302798986434937,0.19517797151818736
UBFC_PHYS_s04_T3_test,94,192,100.4,-0.6941013932228088,0.6075608311294906
UBFC_PHYS_s04_T3_test,94,193,100.43333333333334,-0.4177344739437103,0.9737363127394624
UBFC_PHYS_s04_T3_test,94,194,100.46666666666667,-0.27984821796417236,1.2555630343798259
UBFC_PHYS_s04_T3_test,94,195,100.5,-0.16979259252548218,1.4296416488573016
UBFC_PHYS_s04_T3_test,94,196,100.53333333333333,-0.005927227903157473,1.4904982041289512
UBFC_PHYS_s04_T3_test,94,197,100.56666666666666,0.21040312945842743,1.4479803377117568
UBFC_PHYS_s04_T3_test,94,198,100.6,0.45347270369529724,1.3208616286297552
UBFC_PHYS_s04_T3_test,94,199,100.63333333333334,0.7184871435165405,1.1299744308066872
UBFC_PHYS_s04_T3_test,94,200,100.66666666666667,1.0009249448776245,0.8936392464853169
UBFC_PHYS_s04_T3_test,94,201,100.7,1.2623435258865356,0.6264214222067253
UBFC_PHYS_s04_T3_test,94,202,100.73333333333333,1.4463022947311401,0.3404790107797685
UBFC_PHYS_s04_T3_test,94,203,100.76666666666667,1.5313045978546143,0.047690714800255524
UBFC_PHYS_s04_T3_test,94,204,100.8,1.5614933967590332,-0.23931777193235737
UBFC_PHYS_s04_T3_test,94,205,100.83333333333333,1.5921791791915894,-0.5081264473431372
UBFC_PHYS_s04_T3_test,94,206,100.86666666666666,1.6195322275161743,-0.748716021329794
UBFC_PHYS_s04_T3_test,94,207,100.9,1.5736838579177856,-0.9550739626924442
UBFC_PHYS_s04_T3_test,94,208,100.93333333333334,1.4074993133544922,-1.1246499660853617
UBFC_PHYS_s04_T3_test,94,209,100.96666666666667,1.1897852420806885,-1.2554388785600645
UBFC_PHYS_s04_T3_test,94,210,101.0,1.0346412658691406,-1.3419757365399536
UBFC_PHYS_s04_T3_test,94,211,101.03333333333333,0.9327515959739685,-1.3724259617661538
UBFC_PHYS_s04_T3_test,94,212,101.06666666666666,0.7685354351997375,-1.3288247674639388
UBFC_PHYS_s04_T3_test,94,213,101.1,0.5079938173294067,-1.191408539879292
UBFC_PHYS_s04_T3_test,94,214,101.13333333333334,0.21787723898887634,-0.9463016591381904
UBFC_PHYS_s04_T3_test,94,215,101.16666666666667,-0.05768085643649101,-0.5941776762237372
UBFC_PHYS_s04_T3_test,94,216,101.2,-0.3452540636062622,-0.156546971359793
UBFC_PHYS_s04_T3_test,94,217,101.23333333333333,-0.6508645415306091,0.3234605224169415
UBFC_PHYS_s04_T3_test,94,218,101.26666666666667,-0.8964189887046814,0.7873738672822086
UBFC_PHYS_s04_T3_test,94,219,101.3,-0.997343897819519,1.1736540665056168
UBFC_PHYS_s04_T3_test,94,220,101.33333333333333,-0.9567186236381531,1.4321793259549642
UBFC_PHYS_s04_T3_test,94,221,101.36666666666666,-0.8482806086540222,1.5358870041558597
UBFC_PHYS_s04_T3_test,94,222,101.4,-0.7687938213348389,1.4856278758332875
UBFC_PHYS_s04_T3_test,94,223,101.43333333333334,-0.7764627933502197,1.3071139865960348
UBFC_PHYS_s04_T3_test,94,224,101.46666666666667,-0.8423851132392883,1.041846797506502
UBFC_PHYS_s04_T3_test,94,225,101.5,-0.8877754807472229,0.73570958196452
UBFC_PHYS_s04_T3_test,94,226,101.53333333333333,-0.8898218870162964,0.42889366070736423
UBFC_PHYS_s04_T3_test,94,227,101.56666666666666,-0.9283228516578674,0.14953802851206016
UBFC_PHYS_s04_T3_test,94,228,101.6,-1.0701946020126343,-0.08814449442947192
UBFC_PHYS_s04_T3_test,94,229,101.63333333333334,-1.230776071548462,-0.2818122776136631
UBFC_PHYS_s04_T3_test,94,230,101.66666666666667,-1.2102733850479126,-0.4364100158748819
UBFC_PHYS_s04_T3_test,94,231,101.7,-0.9300768375396729,-0.5588021242905479
UBFC_PHYS_s04_T3_test,94,232,101.73333333333333,-0.5418612957000732,-0.6533088228249271
UBFC_PHYS_s04_T3_test,94,233,101.76666666666667,-0.22859157621860504,-0.7193972760347996
UBFC_PHYS_s04_T3_test,94,234,101.8,-0.0023119773250073195,-0.7520384651811297
UBFC_PHYS_s04_T3_test,94,235,101.83333333333333,0.19070926308631897,-0.7443497629727792
UBFC_PHYS_s04_T3_test,94,236,101.86666666666666,0.3183344304561615,-0.6913532412523549
UBFC_PHYS_s04_T3_test,94,237,101.9,0.32849806547164917,-0.5932879391653288
UBFC_PHYS_s04_T3_test,94,238,101.93333333333334,0.25392255187034607,-0.457142649715649
UBFC_PHYS_s04_T3_test,94,239,101.96666666666667,0.17180472612380981,-0.2959414574880486
UBFC_PHYS_s04_T3_test,95,0,95.0,0.498785138130188,0.09821189086483198
UBFC_PHYS_s04_T3_test,95,1,95.03333333333333,0.3643289804458618,-0.08976607846145328
UBFC_PHYS_s04_T3_test,95,2,95.06666666666666,0.16252785921096802,-0.26447145375109316
UBFC_PHYS_s04_T3_test,95,3,95.1,0.05554177612066269,-0.41049025746269785
UBFC_PHYS_s04_T3_test,95,4,95.13333333333334,0.08054644614458084,-0.5108329753990322
UBFC_PHYS_s04_T3_test,95,5,95.16666666666667,0.12829503417015076,-0.548853344030881
UBFC_PHYS_s04_T3_test,95,6,95.2,0.039726272225379944,-0.511492423875867
UBFC_PHYS_s04_T3_test,95,7,95.23333333333333,-0.19043168425559998,-0.3926439524011246
UBFC_PHYS_s04_T3_test,95,8,95.26666666666667,-0.3129604160785675,-0.19562276167610146
UBFC_PHYS_s04_T3_test,95,9,95.3,-0.07045603543519974,0.06563918628045311
UBFC_PHYS_s04_T3_test,95,10,95.33333333333333,0.45581141114234924,0.3665059612188415
UBFC_PHYS_s04_T3_test,95,11,95.36666666666666,0.9582337737083435,0.672621060781843
UBFC_PHYS_s04_T3_test,95,12,95.4,1.2797377109527588,0.9426230876946703
UBFC_PHYS_s04_T3_test,95,13,95.43333333333334,1.5029574632644653,1.1334333151040372
UBFC_PHYS_s04_T3_test,95,14,95.46666666666667,1.7113558053970337,1.207840569364389
UBFC_PHYS_s04_T3_test,95,15,95.5,1.886368989944458,1.1424928375464478
UBFC_PHYS_s04_T3_test,95,16,95.53333333333333,1.9928970336914062,0.9336132337011627
UBFC_PHYS_s04_T3_test,95,17,95.56666666666666,2.02636981010437,0.5983951541921386
UBFC_PHYS_s04_T3_test,95,18,95.6,1.996142029762268,0.17179913709958813
UBFC_PHYS_s04_T3_test,95,19,95.63333333333334,1.9331527948379517,-0.2996936912627832
UBFC_PHYS_s04_T3_test,95,20,95.66666666666667,1.8826172351837158,-0.7649916313542859
UBFC_PHYS_s04_T3_test,95,21,95.7,1.8673962354660034,-1.1740903340187925
UBFC_PHYS_s04_T3_test,95,22,95.73333333333333,1.8458898067474365,-1.4820741866202782
UBFC_PHYS_s04_T3_test,95,23,95.76666666666667,1.7230980396270752,-1.6522483184809864
UBFC_PHYS_s04_T3_test,95,24,95.8,1.4749319553375244,-1.6596098113561224
UBFC_PHYS_s04_T3_test,95,25,95.83333333333333,1.2005432844161987,-1.4951644195194034
UBFC_PHYS_s04_T3_test,95,26,95.86666666666666,0.9735912680625916,-1.170252552543991
UBFC_PHYS_s04_T3_test,95,27,95.9,0.7551073431968689,-0.7188042930622867
UBFC_PHYS_s04_T3_test,95,28,95.93333333333334,0.5184594988822937,-0.19510344456355602
UBFC_PHYS_s04_T3_test,95,29,95.96666666666667,0.3495951294898987,0.33420161075159754
UBFC_PHYS_s04_T3_test,95,30,96.0,0.3239668309688568,0.8026508669252139
UBFC_PHYS_s04_T3_test,95,31,96.03333333333333,0.36167845129966736,1.1574823781790653
UBFC_PHYS_s04_T3_test,95,32,96.06666666666666,0.28744402527809143,1.3695841082773486
UBFC_PHYS_s04_T3_test,95,33,96.1,0.03560430184006691,1.4365356957842847
UBFC_PHYS_s04_T3_test,95,34,96.13333333333334,-0.2592286467552185,1.3781129852178056
UBFC_PHYS_s04_T3_test,95,35,96.16666666666667,-0.36219993233680725,1.2265218565121385
UBFC_PHYS_s04_T3_test,95,36,96.2,-0.17485004663467407,1.0152946139765806
UBFC_PHYS_s04_T3_test,95,37,96.23333333333333,0.15044453740119934,0.7706907147187423
UBFC_PHYS_s04_T3_test,95,38,96.26666666666667,0.4041844606399536,0.5079085730746903
UBFC_PHYS_s04_T3_test,95,39,96.3,0.5662275552749634,0.2323306143794672
UBFC_PHYS_s04_T3_test,95,40,96.33333333333333,0.7022526264190674,-0.05567761242879648
UBFC_PHYS_s04_T3_test,95,41,96.36666666666666,0.776789128780365,-0.35473265619230915
UBFC_PHYS_s04_T3_test,95,42,96.4,0.7440277338027954,-0.657394603630055
UBFC_PHYS_s04_T3_test,95,43,96.43333333333334,0.6304348111152649,-0.94753283473829
UBFC_PHYS_s04_T3_test,95,44,96.46666666666667,0.4475674629211426,-1.2003999193447639
UBFC_PHYS_s04_T3_test,95,45,96.5,0.19343775510787964,-1.38501885918991
UBFC_PHYS_s04_T3_test,95,46,96.53333333333333,-0.06217312067747116,-1.468503989969426
UBFC_PHYS_s04_T3_test,95,47,96.56666666666666,-0.25620779395103455,-1.4221478945168415
UBFC_PHYS_s04_T3_test,95,48,96.6,-0.43125998973846436,-1.2288324727776492
UBFC_PHYS_s04_T3_test,95,49,96.63333333333334,-0.6484088897705078,-0.8904362697029634
UBFC_PHYS_s04_T3_test,95,50,96.66666666666667,-0.8777385354042053,-0.4328638154974384
UBFC_PHYS_s04_T3_test,95,51,96.7,-1.0377451181411743,0.09408234607715377
UBFC_PHYS_s04_T3_test,95,52,96.73333333333333,-1.1049244403839111,0.6237848531937878
UBFC_PHYS_s04_T3_test,95,53,96.76666666666667,-1.1294028759002686,1.0860456395241438
UBFC_PHYS_s04_T3_test,95,54,96.8,-1.180172324180603,1.4223962428719281
UBFC_PHYS_s04_T3_test,95,55,96.83333333333333,-1.3051371574401855,1.5978315701259362
UBFC_PHYS_s04_T3_test,95,56,96.86666666666666,-1.4397590160369873,1.6049840306536682
UBFC_PHYS_s04_T3_test,95,57,96.9,-1.3589956760406494,1.4604403395960164
UBFC_PHYS_s04_T3_test,95,58,96.93333333333334,-0.9283618330955505,1.1961537344964026
UBFC_PHYS_s04_T3_test,95,59,96.96666666666667,-0.33119258284568787,0.8500369794974815
UBFC_PHYS_s04_T3_test,95,60,97.0,0.16990453004837036,0.4586683295542998
UBFC_PHYS_s04_T3_test,95,61,97.03333333333333,0.5306597352027893,0.05312571596189171
UBFC_PHYS_s04_T3_test,95,62,97.06666666666666,0.8117333054542542,-0.34218270284281777
UBFC_PHYS_s04_T3_test,95,63,97.1,0.9961110949516296,-0.7082472292446307
UBFC_PHYS_s04_T3_test,95,64,97.13333333333334,1.0747792720794678,-1.0286604474066647
UBFC_PHYS_s04_T3_test,95,65,97.16666666666667,1.0879442691802979,-1.2865643387680445
UBFC_PHYS_s04_T3_test,95,66,97.2,1.0672954320907593,-1.46272112288969
UBFC_PHYS_s04_T3_test,95,67,97.23333333333333,1.0270696878433228,-1.5359150346779944
UBFC_PHYS_s04_T3_test,95,68,97.26666666666667,0.9879840612411499,-1.4863913345122373
UBFC_PHYS_s04_T3_test,95,69,97.3,0.9484891891479492,-1.3020219228038028
UBFC_PHYS_s04_T3_test,95,70,97.33333333333333,0.8578740358352661,-0.9854557876484487
UBFC_PHYS_s04_T3_test,95,71,97.36666666666666,0.6869340538978577,-0.5593973102165495
UBFC_PHYS_s04_T3_test,95,72,97.4,0.49931132793426514,-0.06716048716063361
UBFC_PHYS_s04_T3_test,95,73,97.43333333333334,0.36991265416145325,0.43298406867628186
UBFC_PHYS_s04_T3_test,95,74,97.46666666666667,0.26909491419792175,0.878810826458411
UBFC_PHYS_s04_T3_test,95,75,97.5,0.13204671442508698,1.2172329551200516
UBFC_PHYS_s04_T3_test,95,76,97.53333333333333,0.004587206989526749,1.4149423904597909
UBFC_PHYS_s04_T3_test,95,77,97.56666666666666,-0.019647639244794846,1.4628802773373568
UBFC_PHYS_s04_T3_test,95,78,97.6,0.031745437532663345,1.3736745227104226
UBFC_PHYS_s04_T3_test,95,79,97.63333333333334,0.025684289634227753,1.1742577144396906
UBFC_PHYS_s04_T3_test,95,80,97.66666666666667,-0.1257469654083252,0.8973143664933096
UBFC_PHYS_s04_T3_test,95,81,97.7,-0.37264615297317505,0.5747183989117148
UBFC_PHYS_s04_T3_test,95,82,97.73333333333333,-0.5686882138252258,0.23448728703672084
UBFC_PHYS_s04_T3_test,95,83,97.76666666666667,-0.6654717326164246,-0.09903206148841248
UBFC_PHYS_s04_T3_test,95,84,97.8,-0.8752634525299072,-0.4032716397331154
UBFC_PHYS_s04_T3_test,95,85,97.83333333333333,-1.3678925037384033,-0.6557864361187731
UBFC_PHYS_s04_T3_test,95,86,97.86666666666666,-1.9075684547424316,-0.8344286364604456
UBFC_PHYS_s04_T3_test,95,87,97.9,-2.0971498489379883,-0.9199641908241025
UBFC_PHYS_s04_T3_test,95,88,97.93333333333334,-1.8699055910110474,-0.9004602873497282
UBFC_PHYS_s04_T3_test,95,89,97.96666666666667,-1.450741171836853,-0.7758284735495666
UBFC_PHYS_s04_T3_test,95,90,98.0,-1.0107038021087646,-0.5607338843543146
UBFC_PHYS_s04_T3_test,95,91,98.03333333333333,-0.6200715899467468,-0.2844473827098226
UBFC_PHYS_s04_T3_test,95,92,98.06666666666666,-0.331981897354126,0.013140239707670266
UBFC_PHYS_s04_T3_test,95,93,98.1,-0.11652855575084686,0.2889273349293531
UBFC_PHYS_s04_T3_test,95,94,98.13333333333334,0.11743953824043274,0.5053513753447375
UBFC_PHYS_s04_T3_test,95,95,98.16666666666667,0.3565138280391693,0.6374667451309284
UBFC_PHYS_s04_T3_test,95,96,98.2,0.4942246675491333,0.6761012459460405
UBFC_PHYS_s04_T3_test,95,97,98.23333333333333,0.49712854623794556,0.626673955532227
UBFC_PHYS_s04_T3_test,95,98,98.26666666666667,0.429345041513443,0.5049033809871717
UBFC_PHYS_s04_T3_test,95,99,98.3,0.34559985995292664,0.3313851846243172
UBFC_PHYS_s04_T3_test,95,100,98.33333333333333,0.21945586800575256,0.12681134992545964
UBFC_PHYS_s04_T3_test,95,101,98.36666666666666,-0.01940402388572693,-0.09111570842710078
UBFC_PHYS_s04_T3_test,95,102,98.4,-0.3651330769062042,-0.3087283176598917
UBFC_PHYS_s04_T3_test,95,103,98.43333333333334,-0.7036120891571045,-0.5155648827612143
UBFC_PHYS_s04_T3_test,95,104,98.46666666666667,-0.9498974084854126,-0.7022151922085446
UBFC_PHYS_s04_T3_test,95,105,98.5,-1.1434253454208374,-0.8577448641625773
UBFC_PHYS_s04_T3_test,95,106,98.53333333333333,-1.3707281351089478,-0.9679023820585696
UBFC_PHYS_s04_T3_test,95,107,98.56666666666666,-1.6330628395080566,-1.0152645034657333
UBFC_PHYS_s04_T3_test,95,108,98.6,-1.7903701066970825,-0.9818809826396361
UBFC_PHYS_s04_T3_test,95,109,98.63333333333334,-1.6723140478134155,-0.8540545387351091
UBFC_PHYS_s04_T3_test,95,110,98.66666666666667,-1.3104966878890991,-0.6279914300593097
UBFC_PHYS_s04_T3_test,95,111,98.7,-0.9316847324371338,-0.31435660179168884
UBFC_PHYS_s04_T3_test,95,112,98.73333333333333,-0.6628698706626892,0.060437672552909626
UBFC_PHYS_s04_T3_test,95,113,98.76666666666667,-0.4177344739437103,0.4574596058064379
UBFC_PHYS_s04_T3_test,95,114,98.8,-0.10047918558120728,0.8322134190606039
UBFC_PHYS_s04_T3_test,95,115,98.83333333333333,0.2629655599594116,1.1427835560747444
UBFC_PHYS_s04_T3_test,95,116,98.86666666666666,0.6137617826461792,1.3565030352213139
UBFC_PHYS_s04_T3_test,95,117,98.9,0.9139055609703064,1.453782872662338
UBFC_PHYS_s04_T3_test,95,118,98.93333333333334,1.123862862586975,1.4293109757686997
UBFC_PHYS_s04_T3_test,95,119,98.96666666666667,1.22372567653656,1.2914764407844246
UBFC_PHYS_s04_T3_test,95,120,99.0,1.2572568655014038,1.0603233435633672
UBFC_PHYS_s04_T3_test,95,121,99.03333333333333,1.2777107954025269,0.7637930993658475
UBFC_PHYS_s04_T3_test,95,122,99.06666666666666,1.2650233507156372,0.4325431407828018
UBFC_PHYS_s04_T3_test,95,123,99.1,1.1861017942428589,0.09461302717407617
UBFC_PHYS_s04_T3_test,95,124,99.13333333333334,1.0832278728485107,-0.22847035448890982
UBFC_PHYS_s04_T3_test,95,125,99.16666666666667,1.0252376794815063,-0.5231080024783485
UBFC_PHYS_s04_T3_test,95,126,99.2,1.010114073753357,-0.7824905664699109
UBFC_PHYS_s04_T3_test,95,127,99.23333333333333,0.9710869193077087,-1.003591462960042
UBFC_PHYS_s04_T3_test,95,128,99.26666666666667,0.8613333702087402,-1.1832368641976867
UBFC_PHYS_s04_T3_test,95,129,99.3,0.7006447315216064,-1.3143490047932906
UBFC_PHYS_s04_T3_test,95,130,99.33333333333333,0.5369840264320374,-1.3837951923381067
UBFC_PHYS_s04_T3_test,95,131,99.36666666666666,0.3660537898540497,-1.3732915610626573
UBFC_PHYS_s04_T3_test,95,132,99.4,0.09407196193933487,-1.2639550129392925
UBFC_PHYS_s04_T3_test,95,133,99.43333333333334,-0.338910311460495,-1.043583330822339
UBFC_PHYS_s04_T3_test,95,134,99.46666666666667,-0.7789282202720642,-0.7142819141706528
UBFC_PHYS_s04_T3_test,95,135,99.5,-0.9420042634010315,-0.2973864623409883
UBFC_PHYS_s04_T3_test,95,136,99.53333333333333,-0.7284218668937683,0.16678946088791258
UBFC_PHYS_s04_T3_test,95,137,99.56666666666666,-0.3675692081451416,0.6251103288435331
UBFC_PHYS_s04_T3_test,95,138,99.6,-0.0890195220708847,1.0221457169485586
UBFC_PHYS_s04_T3_test,95,139,99.63333333333334,0.11164149641990662,1.3118146911156987
UBFC_PHYS_s04_T3_test,95,140,99.66666666666667,0.38784274458885193,1.4665385587778055
UBFC_PHYS_s04_T3_test,95,141,99.7,0.7882585525512695,1.4813181704746021
UBFC_PHYS_s04_T3_test,95,142,99.73333333333333,1.1628413200378418,1.3719929150623023
UBFC_PHYS_s04_T3_test,95,143,99.76666666666667,1.3274765014648438,1.168833539767676
UBFC_PHYS_s04_T3_test,95,144,99.8,1.2752649784088135,0.9079060612519569
UBFC_PHYS_s04_T3_test,95,145,99.83333333333333,1.129699945449829,0.6229866498297717
UBFC_PHYS_s04_T3_test,95,146,99.86666666666666,0.9567331075668335,0.3402013125761319
UBFC_PHYS_s04_T3_test,95,147,99.9,0.7262243628501892,0.07626105670684404
UBFC_PHYS_s04_T3_test,95,148,99.93333333333334,0.37931621074676514,-0.16033069159610217
UBFC_PHYS_s04_T3_test,95,149,99.96666666666667,-0.126419335603714,-0.36669984127342303
UBFC_PHYS_s04_T3_test,95,150,100.0,-0.7527152299880981,-0.543253420786846
UBFC_PHYS_s04_T3_test,95,151,100.03333333333333,-1.3370118141174316,-0.6923325011263385
UBFC_PHYS_s04_T3_test,95,152,100.06666666666666,-1.7422024011611938,-0.8175611524475834
UBFC_PHYS_s04_T3_test,95,153,100.1,-1.9687548875808716,-0.9229629909972086
UBFC_PHYS_s04_T3_test,95,154,100.13333333333334,-2.0491089820861816,-1.0111333708625867
UBFC_PHYS_s04_T3_test,95,155,100.16666666666667,-1.9946171045303345,-1.0805755635143433
UBFC_PHYS_s04_T3_test,95,156,100.2,-1.8776623010635376,-1.123187342304244
UBFC_PHYS_s04_T3_test,95,157,100.23333333333333,-1.8219035863876343,-1.123377158272177
UBFC_PHYS_s04_T3_test,95,158,100.26666666666667,-1.8555810451507568,-1.060127607658479
UBFC_PHYS_s04_T3_test,95,159,100.3,-1.8293094635009766,-0.9124368162917111
UBFC_PHYS_s04_T3_test,95,160,100.33333333333333,-1.5767195224761963,-0.6671619285220814
UBFC_PHYS_s04_T3_test,95,161,100.36666666666666,-1.1302798986434937,-0.32685977832484353
UBFC_PHYS_s04_T3_test,95,162,100.4,-0.6941013932228088,0.08555404795316966
UBFC_PHYS_s04_T3_test,95,163,100.43333333333334,-0.4177344739437103,0.5279748714109775
UBFC_PHYS_s04_T3_test,95,164,100.46666666666667,-0.27984821796417236,0.9467640649607786
UBFC_PHYS_s04_T3_test,95,165,100.5,-0.16979259252548218,1.288797391312747
UBFC_PHYS_s04_T3_test,95,166,100.53333333333333,-0.005927227903157473,1.5136260938782111
UBFC_PHYS_s04_T3_test,95,167,100.56666666666666,0.21040312945842743,1.601300752998158
UBFC_PHYS_s04_T3_test,95,168,100.6,0.45347270369529724,1.5536428867925236
UBFC_PHYS_s04_T3_test,95,169,100.63333333333334,0.7184871435165405,1.3898317333780301
UBFC_PHYS_s04_T3_test,95,170,100.66666666666667,1.0009249448776245,1.1391444609723549
UBFC_PHYS_s04_T3_test,95,171,100.7,1.2623435258865356,0.8338409584912555
UBFC_PHYS_s04_T3_test,95,172,100.73333333333333,1.4463022947311401,0.5039733019867519
UBFC_PHYS_s04_T3_test,95,173,100.76666666666667,1.5313045978546143,0.17443161373580257
UBFC_PHYS_s04_T3_test,95,174,100.8,1.5614933967590332,-0.13627401697141547
UBFC_PHYS_s04_T3_test,95,175,100.83333333333333,1.5921791791915894,-0.41613826023060874
UBFC_PHYS_s04_T3_test,95,176,100.86666666666666,1.6195322275161743,-0.65916795716617
UBFC_PHYS_s04_T3_test,95,177,100.9,1.5736838579177856,-0.8643524343627285
UBFC_PHYS_s04_T3_test,95,178,100.93333333333334,1.4074993133544922,-1.0337094095522816
UBFC_PHYS_s04_T3_test,95,179,100.96666666666667,1.1897852420806885,-1.169057467329273
UBFC_PHYS_s04_T3_test,95,180,101.0,1.0346412658691406,-1.2680040399880124
UBFC_PHYS_s04_T3_test,95,181,101.03333333333333,0.9327515959739685,-1.3206789915447312
UBFC_PHYS_s04_T3_test,95,182,101.06666666666666,0.7685354351997375,-1.3091531736888147
UBFC_PHYS_s04_T3_test,95,183,101.1,0.5079938173294067,-1.210945243217152
UBFC_PHYS_s04_T3_test,95,184,101.13333333333334,0.21787723898887634,-1.0066321654838655
UBFC_PHYS_s04_T3_test,95,185,101.16666666666667,-0.05768085643649101,-0.6896155344853668
UBFC_PHYS_s04_T3_test,95,186,101.2,-0.3452540636062622,-0.2743093578526226
UBFC_PHYS_s04_T3_test,95,187,101.23333333333333,-0.6508645415306091,0.20126765555162554
UBFC_PHYS_s04_T3_test,95,188,101.26666666666667,-0.8964189887046814,0.6805893093426668
UBFC_PHYS_s04_T3_test,95,189,101.3,-0.997343897819519,1.1003396646405383
UBFC_PHYS_s04_T3_test,95,190,101.33333333333333,-0.9567186236381531,1.4049590856805594
UBFC_PHYS_s04_T3_test,95,191,101.36666666666666,-0.8482806086540222,1.5591420092357569
UBFC_PHYS_s04_T3_test,95,192,101.4,-0.7687938213348389,1.55433312930453
UBFC_PHYS_s04_T3_test,95,193,101.43333333333334,-0.7764627933502197,1.4076398818851994
UBFC_PHYS_s04_T3_test,95,194,101.46666666666667,-0.8423851132392883,1.1543084761364004
UBFC_PHYS_s04_T3_test,95,195,101.5,-0.8877754807472229,0.8368884390731657
UBFC_PHYS_s04_T3_test,95,196,101.53333333333333,-0.8898218870162964,0.49477569747958505
UBFC_PHYS_s04_T3_test,95,197,101.56666666666666,-0.9283228516578674,0.15707771014910324
UBFC_PHYS_s04_T3_test,95,198,101.6,-1.0701946020126343,-0.15975389538115953
UBFC_PHYS_s04_T3_test,95,199,101.63333333333334,-1.230776071548462,-0.44970141384822276
UBFC_PHYS_s04_T3_test,95,200,101.66666666666667,-1.2102733850479126,-0.7118089304990056
UBFC_PHYS_s04_T3_test,95,201,101.7,-0.9300768375396729,-0.9437553019244143
UBFC_PHYS_s04_T3_test,95,202,101.73333333333333,-0.5418612957000732,-1.1365276957366126
UBFC_PHYS_s04_T3_test,95,203,101.76666666666667,-0.22859157621860504,-1.2720127142251485
UBFC_PHYS_s04_T3_test,95,204,101.8,-0.0023119773250073195,-1.3247232333081207
UBFC_PHYS_s04_T3_test,95,205,101.83333333333333,0.19070926308631897,-1.2679323792237567
UBFC_PHYS_s04_T3_test,95,206,101.86666666666666,0.3183344304561615,-1.0830985428733286
UBFC_PHYS_s04_T3_test,95,207,101.9,0.32849806547164917,-0.7698024403352145
UBFC_PHYS_s04_T3_test,95,208,101.93333333333334,0.25392255187034607,-0.3521815560717765
UBFC_PHYS_s04_T3_test,95,209,101.96666666666667,0.17180472612380981,0.1217054138486817
UBFC_PHYS_s04_T3_test,95,210,102.0,0.11070601642131805,0.5885093892867885
UBFC_PHYS_s04_T3_test,95,211,102.03333333333333,0.05395340546965599,0.9836327219993964
UBFC_PHYS_s04_T3_test,95,212,102.06666666666666,-0.0001389292738167569,1.2557183831515857
UBFC_PHYS_s04_T3_test,95,213,102.1,-0.050167761743068695,1.3766102702459577
UBFC_PHYS_s04_T3_test,95,214,102.13333333333334,-0.13440991938114166,1.3440926131074966
UBFC_PHYS_s04_T3_test,95,215,102.16666666666667,-0.2851687967777252,1.1778000978516157
UBFC_PHYS_s04_T3_test,95,216,102.2,-0.4573950469493866,0.910907923606139
UBFC_PHYS_s04_T3_test,95,217,102.23333333333333,-0.577877402305603,0.5809811619628615
UBFC_PHYS_s04_T3_test,95,218,102.26666666666667,-0.6473857164382935,0.22287028569354017
UBFC_PHYS_s04_T3_test,95,219,102.3,-0.7376013398170471,-0.1348276188237825
UBFC_PHYS_s04_T3_test,95,220,102.33333333333333,-0.8972277641296387,-0.4698802850802082
UBFC_PHYS_s04_T3_test,95,221,102.36666666666666,-1.053950309753418,-0.7644161319269626
UBFC_PHYS_s04_T3_test,95,222,102.4,-1.0184799432754517,-1.0023778513899009
UBFC_PHYS_s04_T3_test,95,223,102.43333333333334,-0.691840648651123,-1.167679205933863
UBFC_PHYS_s04_T3_test,95,224,102.46666666666667,-0.21464703977108002,-1.2438993759274541
UBFC_PHYS_s04_T3_test,95,225,102.5,0.2169709950685501,-1.2159472064802173
UBFC_PHYS_s04_T3_test,95,226,102.53333333333333,0.5615501403808594,-1.073620610340941
UBFC_PHYS_s04_T3_test,95,227,102.56666666666666,0.8656209707260132,-0.81637210331768
UBFC_PHYS_s04_T3_test,95,228,102.6,1.1291542053222656,-0.45794375629879425
UBFC_PHYS_s04_T3_test,95,229,102.63333333333334,1.3359932899475098,-0.02893704794308695
UBFC_PHYS_s04_T3_test,95,230,102.66666666666667,1.4952690601348877,0.4247728029426983
UBFC_PHYS_s04_T3_test,95,231,102.7,1.6360104084014893,0.8487580581986877
UBFC_PHYS_s04_T3_test,95,232,102.73333333333333,1.7773364782333374,1.1904429155247458
UBFC_PHYS_s04_T3_test,95,233,102.76666666666667,1.8835819959640503,1.4096308643073054
UBFC_PHYS_s04_T3_test,95,234,102.8,1.8772772550582886,1.4854548138650512
UBFC_PHYS_s04_T3_test,95,235,102.83333333333333,1.7307475805282593,1.4177750510011375
UBFC_PHYS_s04_T3_test,95,236,102.86666666666666,1.4535036087036133,1.2234530745455698
UBFC_PHYS_s04_T3_test,95,237,102.9,1.006664514541626,0.9297660765746035
UBFC_PHYS_s04_T3_test,95,238,102.93333333333334,0.3554808795452118,0.5678029621275335
UBFC_PHYS_s04_T3_test,95,239,102.96666666666667,-0.40615788102149963,0.1682282990394028
UBFC_PHYS_s04_T3_test,96,0,96.0,0.3239668309688568,0.07476807612923081
UBFC_PHYS_s04_T3_test,96,1,96.03333333333333,0.36167845129966736,0.04534216675011876
UBFC_PHYS_s04_T3_test,96,2,96.06666666666666,0.28744402527809143,0.012026658203764565
UBFC_PHYS_s04_T3_test,96,3,96.1,0.03560430184006691,-0.024848520624029768
UBFC_PHYS_s04_T3_test,96,4,96.13333333333334,-0.2592286467552185,-0.061376121716160026
UBFC_PHYS_s04_T3_test,96,5,96.16666666666667,-0.36219993233680725,-0.09113849339394114
UBFC_PHYS_s04_T3_test,96,6,96.2,-0.17485004663467407,-0.10807315004389684
UBFC_PHYS_s04_T3_test,96,7,96.23333333333333,0.15044453740119934,-0.10980440418348997
UBFC_PHYS_s04_T3_test,96,8,96.26666666666667,0.4041844606399536,-0.09984357925395745
UBFC_PHYS_s04_T3_test,96,9,96.3,0.5662275552749634,-0.08754534645432499
UBFC_PHYS_s04_T3_test,96,10,96.33333333333333,0.7022526264190674,-0.08567691181856073
UBFC_PHYS_s04_T3_test,96,11,96.36666666666666,0.776789128780365,-0.10640217378479384
UBFC_PHYS_s04_T3_test,96,12,96.4,0.7440277338027954,-0.15699090191136253
UBFC_PHYS_s04_T3_test,96,13,96.43333333333334,0.6304348111152649,-0.2366026130445242
UBFC_PHYS_s04_T3_test,96,14,96.46666666666667,0.4475674629211426,-0.33519049833467374
UBFC_PHYS_s04_T3_test,96,15,96.5,0.19343775510787964,-0.434947053983855
UBFC_PHYS_s04_T3_test,96,16,96.53333333333333,-0.06217312067747116,-0.5138923179501865
UBFC_PHYS_s04_T3_test,96,17,96.56666666666666,-0.25620779395103455,-0.5505917413978159
UBFC_PHYS_s04_T3_test,96,18,96.6,-0.43125998973846436,-0.5288612861559436
UBFC_PHYS_s04_T3_test,96,19,96.63333333333334,-0.6484088897705078,-0.44145906048151284
UBFC_PHYS_s04_T3_test,96,20,96.66666666666667,-0.8777385354042053,-0.291923793035057
UBFC_PHYS_s04_T3_test,96,21,96.7,-1.0377451181411743,-0.09404871454833093
UBFC_PHYS_s04_T3_test,96,22,96.73333333333333,-1.1049244403839111,0.13085971190431242
UBFC_PHYS_s04_T3_test,96,23,96.76666666666667,-1.1294028759002686,0.35802642831299414
UBFC_PHYS_s04_T3_test,96,24,96.8,-1.180172324180603,0.5632176202456622
UBFC_PHYS_s04_T3_test,96,25,96.83333333333333,-1.3051371574401855,0.7256411837377816
UBFC_PHYS_s04_T3_test,96,26,96.86666666666666,-1.4397590160369873,0.8295188912316319
UBFC_PHYS_s04_T3_test,96,27,96.9,-1.3589956760406494,0.8648023050020044
UBFC_PHYS_s04_T3_test,96,28,96.93333333333334,-0.9283618330955505,0.8274495015860833
UBFC_PHYS_s04_T3_test,96,29,96.96666666666667,-0.33119258284568787,0.719229085347537
UBFC_PHYS_s04_T3_test,96,30,97.0,0.16990453004837036,0.5468539988297333
UBFC_PHYS_s04_T3_test,96,31,97.03333333333333,0.5306597352027893,0.3206506418292753
UBFC_PHYS_s04_T3_test,96,32,97.06666666666666,0.8117333054542542,0.053626010685785305
UBFC_PHYS_s04_T3_test,96,33,97.1,0.9961110949516296,-0.23813530025009796
UBFC_PHYS_s04_T3_test,96,34,97.13333333333334,1.0747792720794678,-0.5337975678071945
UBFC_PHYS_s04_T3_test,96,35,97.16666666666667,1.0879442691802979,-0.8062362432843732
UBFC_PHYS_s04_T3_test,96,36,97.2,1.0672954320907593,-1.02269327822185
UBFC_PHYS_s04_T3_test,96,37,97.23333333333333,1.0270696878433228,-1.149034268695515
UBFC_PHYS_s04_T3_test,96,38,97.26666666666667,0.9879840612411499,-1.1572502088244085
UBFC_PHYS_s04_T3_test,96,39,97.3,0.9484891891479492,-1.0338805734616932
UBFC_PHYS_s04_T3_test,96,40,97.33333333333333,0.8578740358352661,-0.7860028930128564
UBFC_PHYS_s04_T3_test,96,41,97.36666666666666,0.6869340538978577,-0.4420661568998179
UBFC_PHYS_s04_T3_test,96,42,97.4,0.49931132793426514,-0.0469485937729832
UBFC_PHYS_s04_T3_test,96,43,97.43333333333334,0.36991265416145325,0.3471356099664153
UBFC_PHYS_s04_T3_test,96,44,97.46666666666667,0.26909491419792175,0.6911009662946398
UBFC_PHYS_s04_T3_test,96,45,97.5,0.13204671442508698,0.9479422706592611
UBFC_PHYS_s04_T3_test,96,46,97.53333333333333,0.004587206989526749,1.097805340920738
UBFC_PHYS_s04_T3_test,96,47,97.56666666666666,-0.019647639244794846,1.138090039947157
UBFC_PHYS_s04_T3_test,96,48,97.6,0.031745437532663345,1.0794503100955246
UBFC_PHYS_s04_T3_test,96,49,97.63333333333334,0.025684289634227753,0.9400741258365602
UBFC_PHYS_s04_T3_test,96,50,97.66666666666667,-0.1257469654083252,0.7407327858603722
UBFC_PHYS_s04_T3_test,96,51,97.7,-0.37264615297317505,0.5020490047683864
UBFC_PHYS_s04_T3_test,96,52,97.73333333333333,-0.5686882138252258,0.24408564120352524
UBFC_PHYS_s04_T3_test,96,53,97.76666666666667,-0.6654717326164246,-0.012729909496873986
UBFC_PHYS_s04_T3_test,96,54,97.8,-0.8752634525299072,-0.24686038812878214
UBFC_PHYS_s04_T3_test,96,55,97.83333333333333,-1.3678925037384033,-0.436438784866805
UBFC_PHYS_s04_T3_test,96,56,97.86666666666666,-1.9075684547424316,-0.5621173792672549
UBFC_PHYS_s04_T3_test,96,57,97.9,-2.0971498489379883,-0.6113788719442739
UBFC_PHYS_s04_T3_test,96,58,97.93333333333334,-1.8699055910110474,-0.5826625242106629
UBFC_PHYS_s04_T3_test,96,59,97.96666666666667,-1.450741171836853,-0.48725000107258565
UBFC_PHYS_s04_T3_test,96,60,98.0,-1.0107038021087646,-0.3474487213162863
UBFC_PHYS_s04_T3_test,96,61,98.03333333333333,-0.6200715899467468,-0.1912122915908255
UBFC_PHYS_s04_T3_test,96,62,98.06666666666666,-0.331981897354126,-0.04526167666736844
UBFC_PHYS_s04_T3_test,96,63,98.1,-0.11652855575084686,0.07043724939437643
UBFC_PHYS_s04_T3_test,96,64,98.13333333333334,0.11743953824043274,0.14509290302513894
UBFC_PHYS_s04_T3_test,96,65,98.16666666666667,0.3565138280391693,0.176532426672236
UBFC_PHYS_s04_T3_test,96,66,98.2,0.4942246675491333,0.16891465458236415
UBFC_PHYS_s04_T3_test,96,67,98.23333333333333,0.49712854623794556,0.13001940040822363
UBFC_PHYS_s04_T3_test,96,68,98.26666666666667,0.429345041513443,0.06890566974115256
UBFC_PHYS_s04_T3_test,96,69,98.3,0.34559985995292664,-0.0058990094304540415
UBFC_PHYS_s04_T3_test,96,70,98.33333333333333,0.21945586800575256,-0.08787822261481976
UBFC_PHYS_s04_T3_test,96,71,98.36666666666666,-0.01940402388572693,-0.17368327777194117
UBFC_PHYS_s04_T3_test,96,72,98.4,-0.3651330769062042,-0.2633928700731293
UBFC_PHYS_s04_T3_test,96,73,98.43333333333334,-0.7036120891571045,-0.3591174320687329
UBFC_PHYS_s04_T3_test,96,74,98.46666666666667,-0.9498974084854126,-0.4619099786324345
UBFC_PHYS_s04_T3_test,96,75,98.5,-1.1434253454208374,-0.5679989502128377
UBFC_PHYS_s04_T3_test,96,76,98.53333333333333,-1.3707281351089478,-0.6659123074616546
UBFC_PHYS_s04_T3_test,96,77,98.56666666666666,-1.6330628395080566,-0.7359410771907852
UBFC_PHYS_s04_T3_test,96,78,98.6,-1.7903701066970825,-0.7527800953658941
UBFC_PHYS_s04_T3_test,96,79,98.63333333333334,-1.6723140478134155,-0.6912172104699777
UBFC_PHYS_s04_T3_test,96,80,98.66666666666667,-1.3104966878890991,-0.5336278129777384
UBFC_PHYS_s04_T3_test,96,81,98.7,-0.9316847324371338,-0.2771792341227171
UBFC_PHYS_s04_T3_test,96,82,98.73333333333333,-0.6628698706626892,0.061593948162887886
UBFC_PHYS_s04_T3_test,96,83,98.76666666666667,-0.4177344739437103,0.4467994614655207
UBFC_PHYS_s04_T3_test,96,84,98.8,-0.10047918558120728,0.8287416669603994
UBFC_PHYS_s04_T3_test,96,85,98.83333333333333,0.2629655599594116,1.1541805133473562
UBFC_PHYS_s04_T3_test,96,86,98.86666666666666,0.6137617826461792,1.3782568532846304
UBFC_PHYS_s04_T3_test,96,87,98.9,0.9139055609703064,1.4740267528547695
UBFC_PHYS_s04_T3_test,96,88,98.93333333333334,1.123862862586975,1.4367290666157255
UBFC_PHYS_s04_T3_test,96,89,98.96666666666667,1.22372567653656,1.2821902966218561
UBFC_PHYS_s04_T3_test,96,90,99.0,1.2572568655014038,1.0405519805773875
UBFC_PHYS_s04_T3_test,96,91,99.03333333333333,1.2777107954025269,0.7474622636968772
UBFC_PHYS_s04_T3_test,96,92,99.06666666666666,1.2650233507156372,0.43528844981341785
UBFC_PHYS_s04_T3_test,96,93,99.1,1.1861017942428589,0.12678110227720527
UBFC_PHYS_s04_T3_test,96,94,99.13333333333334,1.0832278728485107,-0.16715484197307642
UBFC_PHYS_s04_T3_test,96,95,99.16666666666667,1.0252376794815063,-0.4452633323294309
UBFC_PHYS_s04_T3_test,96,96,99.2,1.010114073753357,-0.71050005830674
UBFC_PHYS_s04_T3_test,96,97,99.23333333333333,0.9710869193077087,-0.9634920362374536
UBFC_PHYS_s04_T3_test,96,98,99.26666666666667,0.8613333702087402,-1.1970246213487867
UBFC_PHYS_s04_T3_test,96,99,99.3,0.7006447315216064,-1.393161058032751
UBFC_PHYS_s04_T3_test,96,100,99.33333333333333,0.5369840264320374,-1.5240829673675866
UBFC_PHYS_s04_T3_test,96,101,99.36666666666666,0.3660537898540497,-1.557109149660651
UBFC_PHYS_s04_T3_test,96,102,99.4,0.09407196193933487,-1.4632823480384753
UBFC_PHYS_s04_T3_test,96,103,99.43333333333334,-0.338910311460495,-1.2274620092988617
UBFC_PHYS_s04_T3_test,96,104,99.46666666666667,-0.7789282202720642,-0.856589673024474
UBFC_PHYS_s04_T3_test,96,105,99.5,-0.9420042634010315,-0.38267823019329006
UBFC_PHYS_s04_T3_test,96,106,99.53333333333333,-0.7284218668937683,0.14133617102301538
UBFC_PHYS_s04_T3_test,96,107,99.56666666666666,-0.3675692081451416,0.6520813931071018
UBFC_PHYS_s04_T3_test,96,108,99.6,-0.0890195220708847,1.0893026490386617
UBFC_PHYS_s04_T3_test,96,109,99.63333333333334,0.11164149641990662,1.4080348025364595
UBFC_PHYS_s04_T3_test,96,110,99.66666666666667,0.38784274458885193,1.5856201232349272
UBFC_PHYS_s04_T3_test,96,111,99.7,0.7882585525512695,1.622017592921631
UBFC_PHYS_s04_T3_test,96,112,99.73333333333333,1.1628413200378418,1.534580911106105
UBFC_PHYS_s04_T3_test,96,113,99.76666666666667,1.3274765014648438,1.350282603676028
UBFC_PHYS_s04_T3_test,96,114,99.8,1.2752649784088135,1.0984078634752386
UBFC_PHYS_s04_T3_test,96,115,99.83333333333333,1.129699945449829,0.8056286792785649
UBFC_PHYS_s04_T3_test,96,116,99.86666666666666,0.9567331075668335,0.49407791466954815
UBFC_PHYS_s04_T3_test,96,117,99.9,0.7262243628501892,0.18184038558726592
UBFC_PHYS_s04_T3_test,96,118,99.93333333333334,0.37931621074676514,-0.11571267738348415
UBFC_PHYS_s04_T3_test,96,119,99.96666666666667,-0.126419335603714,-0.38547315738602417
UBFC_PHYS_s04_T3_test,96,120,100.0,-0.7527152299880981,-0.6177362025876976
UBFC_PHYS_s04_T3_test,96,121,100.03333333333333,-1.3370118141174316,-0.8081207903471171
UBFC_PHYS_s04_T3_test,96,122,100.06666666666666,-1.7422024011611938,-0.9585092444955358
UBFC_PHYS_s04_T3_test,96,123,100.1,-1.9687548875808716,-1.075521711152453
UBFC_PHYS_s04_T3_test,96,124,100.13333333333334,-2.0491089820861816,-1.1664371916818843
UBFC_PHYS_s04_T3_test,96,125,100.16666666666667,-1.9946171045303345,-1.2340030986258435
UBFC_PHYS_s04_T3_test,96,126,100.2,-1.8776623010635376,-1.2722839293185997
UBFC_PHYS_s04_T3_test,96,127,100.23333333333333,-1.8219035863876343,-1.2655287943621223
UBFC_PHYS_s04_T3_test,96,128,100.26666666666667,-1.8555810451507568,-1.1912679457188566
UBFC_PHYS_s04_T3_test,96,129,100.3,-1.8293094635009766,-1.0274606242683784
UBFC_PHYS_s04_T3_test,96,130,100.33333333333333,-1.5767195224761963,-0.7617150675290669
UBFC_PHYS_s04_T3_test,96,131,100.36666666666666,-1.1302798986434937,-0.3992892713640898
UBFC_PHYS_s04_T3_test,96,132,100.4,-0.6941013932228088,0.03339719926404074
UBFC_PHYS_s04_T3_test,96,133,100.43333333333334,-0.4177344739437103,0.49165429410109074
UBFC_PHYS_s04_T3_test,96,134,100.46666666666667,-0.27984821796417236,0.921552856503683
UBFC_PHYS_s04_T3_test,96,135,100.5,-0.16979259252548218,1.2724129049471817
UBFC_PHYS_s04_T3_test,96,136,100.53333333333333,-0.005927227903157473,1.5082981736226326
UBFC_PHYS_s04_T3_test,96,137,100.56666666666666,0.21040312945842743,1.6142824932754536
UBFC_PHYS_s04_T3_test,96,138,100.6,0.45347270369529724,1.5958290039066072
UBFC_PHYS_s04_T3_test,96,139,100.63333333333334,0.7184871435165405,1.4728721916157428
UBFC_PHYS_s04_T3_test,96,140,100.66666666666667,1.0009249448776245,1.2720160752194631
UBFC_PHYS_s04_T3_test,96,141,100.7,1.2623435258865356,1.019935291951843
UBFC_PHYS_s04_T3_test,96,142,100.73333333333333,1.4463022947311401,0.7392868778795624
UBFC_PHYS_s04_T3_test,96,143,100.76666666666667,1.5313045978546143,0.4468588296539953
UBFC_PHYS_s04_T3_test,96,144,100.8,1.5614933967590332,0.15338834287876293
UBFC_PHYS_s04_T3_test,96,145,100.83333333333333,1.5921791791915894,-0.13521651960811187
UBFC_PHYS_s04_T3_test,96,146,100.86666666666666,1.6195322275161743,-0.41563832548232393
UBFC_PHYS_s04_T3_test,96,147,100.9,1.5736838579177856,-0.6845869064801311
UBFC_PHYS_s04_T3_test,96,148,100.93333333333334,1.4074993133544922,-0.936517318781246
UBFC_PHYS_s04_T3_test,96,149,100.96666666666667,1.1897852420806885,-1.161916648714208
UBFC_PHYS_s04_T3_test,96,150,101.0,1.0346412658691406,-1.3463226632576186
UBFC_PHYS_s04_T3_test,96,151,101.03333333333333,0.9327515959739685,-1.4704220645142065
UBFC_PHYS_s04_T3_test,96,152,101.06666666666666,0.7685354351997375,-1.5118432464844191
UBFC_PHYS_s04_T3_test,96,153,101.1,0.5079938173294067,-1.4491596479711437
UBFC_PHYS_s04_T3_test,96,154,101.13333333333334,0.21787723898887634,-1.267877465497764
UBFC_PHYS_s04_T3_test,96,155,101.16666666666667,-0.05768085643649101,-0.9670304401201828
UBFC_PHYS_s04_T3_test,96,156,101.2,-0.3452540636062622,-0.5640540733775056
UBFC_PHYS_s04_T3_test,96,157,101.23333333333333,-0.6508645415306091,-0.09554939042120318
UBFC_PHYS_s04_T3_test,96,158,101.26666666666667,-0.8964189887046814,0.38731027873949814
UBFC_PHYS_s04_T3_test,96,159,101.3,-0.997343897819519,0.8280345360861812
UBFC_PHYS_s04_T3_test,96,160,101.33333333333333,-0.9567186236381531,1.1761641846105155
UBFC_PHYS_s04_T3_test,96,161,101.36666666666666,-0.8482806086540222,1.3972385565219267
UBFC_PHYS_s04_T3_test,96,162,101.4,-0.7687938213348389,1.4784221999074856
UBFC_PHYS_s04_T3_test,96,163,101.43333333333334,-0.7764627933502197,1.4284021937403937
UBFC_PHYS_s04_T3_test,96,164,101.46666666666667,-0.8423851132392883,1.2720593804320133
UBFC_PHYS_s04_T3_test,96,165,101.5,-0.8877754807472229,1.0420344015265475
UBFC_PHYS_s04_T3_test,96,166,101.53333333333333,-0.8898218870162964,0.7701725055013234
UBFC_PHYS_s04_T3_test,96,167,101.56666666666666,-0.9283228516578674,0.4815192763116153
UBFC_PHYS_s04_T3_test,96,168,101.6,-1.0701946020126343,0.1921342484678344
UBFC_PHYS_s04_T3_test,96,169,101.63333333333334,-1.230776071548462,-0.0896136919336317
UBFC_PHYS_s04_T3_test,96,170,101.66666666666667,-1.2102733850479126,-0.359532524564815
UBFC_PHYS_s04_T3_test,96,171,101.7,-0.9300768375396729,-0.6133347596750091
UBFC_PHYS_s04_T3_test,96,172,101.73333333333333,-0.5418612957000732,-0.8429021180150126
UBFC_PHYS_s04_T3_test,96,173,101.76666666666667,-0.22859157621860504,-1.034115395957611
UBFC_PHYS_s04_T3_test,96,174,101.8,-0.0023119773250073195,-1.166980529703777
UBFC_PHYS_s04_T3_test,96,175,101.83333333333333,0.19070926308631897,-1.2183873365691786
UBFC_PHYS_s04_T3_test,96,176,101.86666666666666,0.3183344304561615,-1.1672422011421562
UBFC_PHYS_s04_T3_test,96,177,101.9,0.32849806547164917,-1.0009189472716722
UBFC_PHYS_s04_T3_test,96,178,101.93333333333334,0.25392255187034607,-0.7212198282687917
UBFC_PHYS_s04_T3_test,96,179,101.96666666666667,0.17180472612380981,-0.347858220028536
UBFC_PHYS_s04_T3_test,96,180,102.0,0.11070601642131805,0.08187097916214812
UBFC_PHYS_s04_T3_test,96,181,102.03333333333333,0.05395340546965599,0.5175530224720855
UBFC_PHYS_s04_T3_test,96,182,102.06666666666666,-0.0001389292738167569,0.9036931373882474
UBFC_PHYS_s04_T3_test,96,183,102.1,-0.050167761743068695,1.1898906431120173
UBFC_PHYS_s04_T3_test,96,184,102.13333333333334,-0.13440991938114166,1.3407082906105954
UBFC_PHYS_s04_T3_test,96,185,102.16666666666667,-0.2851687967777252,1.342362530015737
UBFC_PHYS_s04_T3_test,96,186,102.2,-0.4573950469493866,1.204128644625429
UBFC_PHYS_s04_T3_test,96,187,102.23333333333333,-0.577877402305603,0.9541124334345017
UBFC_PHYS_s04_T3_test,96,188,102.26666666666667,-0.6473857164382935,0.6310024937926723
UBFC_PHYS_s04_T3_test,96,189,102.3,-0.7376013398170471,0.2747046705432277
UBFC_PHYS_s04_T3_test,96,190,102.33333333333333,-0.8972277641296387,-0.08116422630455808
UBFC_PHYS_s04_T3_test,96,191,102.36666666666666,-1.053950309753418,-0.41294473050584196
UBFC_PHYS_s04_T3_test,96,192,102.4,-1.0184799432754517,-0.7063115822857595
UBFC_PHYS_s04_T3_test,96,193,102.43333333333334,-0.691840648651123,-0.9523588360591646
UBFC_PHYS_s04_T3_test,96,194,102.46666666666667,-0.21464703977108002,-1.1423593252017463
UBFC_PHYS_s04_T3_test,96,195,102.5,0.2169709950685501,-1.2635564646718938
UBFC_PHYS_s04_T3_test,96,196,102.53333333333333,0.5615501403808594,-1.2981491485698404
UBFC_PHYS_s04_T3_test,96,197,102.56666666666666,0.8656209707260132,-1.2266784438153624
UBFC_PHYS_s04_T3_test,96,198,102.6,1.1291542053222656,-1.035323445908653
UBFC_PHYS_s04_T3_test,96,199,102.63333333333334,1.3359932899475098,-0.7246590978668483
UBFC_PHYS_s04_T3_test,96,200,102.66666666666667,1.4952690601348877,-0.31608641693948925
UBFC_PHYS_s04_T3_test,96,201,102.7,1.6360104084014893,0.1476435385339276
UBFC_PHYS_s04_T3_test,96,202,102.73333333333333,1.7773364782333374,0.6092855148943573
UBFC_PHYS_s04_T3_test,96,203,102.76666666666667,1.8835819959640503,1.0096044900707433
UBFC_PHYS_s04_T3_test,96,204,102.8,1.8772772550582886,1.3010332245677216
UBFC_PHYS_s04_T3_test,96,205,102.83333333333333,1.7307475805282593,1.4572838876874317
UBFC_PHYS_s04_T3_test,96,206,102.86666666666666,1.4535036087036133,1.4756589739457406
UBFC_PHYS_s04_T3_test,96,207,102.9,1.006664514541626,1.3721534110237008
UBFC_PHYS_s04_T3_test,96,208,102.93333333333334,0.3554808795452118,1.1723070670521922
UBFC_PHYS_s04_T3_test,96,209,102.96666666666667,-0.40615788102149963,0.9020093769436066
UBFC_PHYS_s04_T3_test,96,210,103.0,-1.1289546489715576,0.581831974704258
UBFC_PHYS_s04_T3_test,96,211,103.03333333333333,-1.7526973485946655,0.22649753638644377
UBFC_PHYS_s04_T3_test,96,212,103.06666666666666,-2.276986598968506,-0.1512589169569201
UBFC_PHYS_s04_T3_test,96,213,103.1,-2.643296241760254,-0.5349396135384785
UBFC_PHYS_s04_T3_test,96,214,103.13333333333334,-2.7318456172943115,-0.89973834993246
UBFC_PHYS_s04_T3_test,96,215,103.16666666666667,-2.4501776695251465,-1.2118083830629824
UBFC_PHYS_s04_T3_test,96,216,103.2,-1.8700029850006104,-1.432684308330886
UBFC_PHYS_s04_T3_test,96,217,103.23333333333333,-1.2249585390090942,-1.5281840727630802
UBFC_PHYS_s04_T3_test,96,218,103.26666666666667,-0.702725350856781,-1.4788082108445866
UBFC_PHYS_s04_T3_test,96,219,103.3,-0.3113720417022705,-1.2874447680302765
UBFC_PHYS_s04_T3_test,96,220,103.33333333333333,0.013552248477935791,-0.9810921531224518
UBFC_PHYS_s04_T3_test,96,221,103.36666666666666,0.2883405089378357,-0.605704460177922
UBFC_PHYS_s04_T3_test,96,222,103.4,0.4833204448223114,-0.21579962709062758
UBFC_PHYS_s04_T3_test,96,223,103.43333333333334,0.5713434815406799,0.13778793327192546
UBFC_PHYS_s04_T3_test,96,224,103.46666666666667,0.5583831667900085,0.41815317467105295
UBFC_PHYS_s04_T3_test,96,225,103.5,0.485922247171402,0.6075998473195438
UBFC_PHYS_s04_T3_test,96,226,103.53333333333333,0.4124965965747833,0.706920837188216
UBFC_PHYS_s04_T3_test,96,227,103.56666666666666,0.3762466609477997,0.7298693827567511
UBFC_PHYS_s04_T3_test,96,228,103.6,0.36129841208457947,0.6956370123945628
UBFC_PHYS_s04_T3_test,96,229,103.63333333333334,0.32751384377479553,0.622479685213525
UBFC_PHYS_s04_T3_test,96,230,103.66666666666667,0.27110230922698975,0.5245367772656774
UBFC_PHYS_s04_T3_test,96,231,103.7,0.21124115586280823,0.4120635092414914
UBFC_PHYS_s04_T3_test,96,232,103.73333333333333,0.13865356147289276,0.29372976302177944
UBFC_PHYS_s04_T3_test,96,233,103.76666666666667,0.03594536334276199,0.17900216348034628
UBFC_PHYS_s04_T3_test,96,234,103.8,-0.08928262442350388,0.0790467506283682
UBFC_PHYS_s04_T3_test,96,235,103.83333333333333,-0.25072160363197327,0.005589916232627001
UBFC_PHYS_s04_T3_test,96,236,103.86666666666666,-0.45377978682518005,-0.031850715080252896
UBFC_PHYS_s04_T3_test,96,237,103.9,-0.5770783424377441,-0.0292677704948277
UBFC_PHYS_s04_T3_test,96,238,103.93333333333334,-0.4547542333602905,0.009425930642965569
UBFC_PHYS_s04_T3_test,96,239,103.96666666666667,-0.11607056111097336,0.07216378941450037
UBFC_PHYS_s04_T3_test,97,0,97.0,0.16990453004837036,-0.067623032204634
UBFC_PHYS_s04_T3_test,97,1,97.03333333333333,0.5306597352027893,-0.33518720526130275
UBFC_PHYS_s04_T3_test,97,2,97.06666666666666,0.8117333054542542,-0.6020742752103708
UBFC_PHYS_s04_T3_test,97,3,97.1,0.9961110949516296,-0.8619433336613169
UBFC_PHYS_s04_T3_test,97,4,97.13333333333334,1.0747792720794678,-1.0967056079507569
UBFC_PHYS_s04_T3_test,97,5,97.16666666666667,1.0879442691802979,-1.2771703531565557
UBFC_PHYS_s04_T3_test,97,6,97.2,1.0672954320907593,-1.3684761873012878
UBFC_PHYS_s04_T3_test,97,7,97.23333333333333,1.0270696878433228,-1.3389924203427048
UBFC_PHYS_s04_T3_test,97,8,97.26666666666667,0.9879840612411499,-1.1703286093121172
UBFC_PHYS_s04_T3_test,97,9,97.3,0.9484891891479492,-0.8654710228272517
UBFC_PHYS_s04_T3_test,97,10,97.33333333333333,0.8578740358352661,-0.45224709632756355
UBFC_PHYS_s04_T3_test,97,11,97.36666666666666,0.6869340538978577,0.019596397453196437
UBFC_PHYS_s04_T3_test,97,12,97.4,0.49931132793426514,0.4876006120877852
UBFC_PHYS_s04_T3_test,97,13,97.43333333333334,0.36991265416145325,0.8898443846314652
UBFC_PHYS_s04_T3_test,97,14,97.46666666666667,0.26909491419792175,1.1782613067187038
UBFC_PHYS_s04_T3_test,97,15,97.5,0.13204671442508698,1.3277538074870618
UBFC_PHYS_s04_T3_test,97,16,97.53333333333333,0.004587206989526749,1.3384312910671583
UBFC_PHYS_s04_T3_test,97,17,97.56666666666666,-0.019647639244794846,1.2309448932258273
UBFC_PHYS_s04_T3_test,97,18,97.6,0.031745437532663345,1.0372698739485127
UBFC_PHYS_s04_T3_test,97,19,97.63333333333334,0.025684289634227753,0.790568226837559
UBFC_PHYS_s04_T3_test,97,20,97.66666666666667,-0.1257469654083252,0.5176452575729283
UBFC_PHYS_s04_T3_test,97,21,97.7,-0.37264615297317505,0.23610320825696912
UBFC_PHYS_s04_T3_test,97,22,97.73333333333333,-0.5686882138252258,-0.04383284269639043
UBFC_PHYS_s04_T3_test,97,23,97.76666666666667,-0.6654717326164246,-0.31468825764362635
UBFC_PHYS_s04_T3_test,97,24,97.8,-0.8752634525299072,-0.5669282761976733
UBFC_PHYS_s04_T3_test,97,25,97.83333333333333,-1.3678925037384033,-0.7861187955911254
UBFC_PHYS_s04_T3_test,97,26,97.86666666666666,-1.9075684547424316,-0.9530093050792352
UBFC_PHYS_s04_T3_test,97,27,97.9,-2.0971498489379883,-1.0462681616916107
UBFC_PHYS_s04_T3_test,97,28,97.93333333333334,-1.8699055910110474,-1.046911388370258
UBFC_PHYS_s04_T3_test,97,29,97.96666666666667,-1.450741171836853,-0.9433388834278258
UBFC_PHYS_s04_T3_test,97,30,98.0,-1.0107038021087646,-0.7359852712069306
UBFC_PHYS_s04_T3_test,97,31,98.03333333333333,-0.6200715899467468,-0.4404749847436457
UBFC_PHYS_s04_T3_test,97,32,98.06666666666666,-0.331981897354126,-0.08787863064217906
UBFC_PHYS_s04_T3_test,97,33,98.1,-0.11652855575084686,0.27896943573248717
UBFC_PHYS_s04_T3_test,97,34,98.13333333333334,0.11743953824043274,0.6126697276958488
UBFC_PHYS_s04_T3_test,97,35,98.16666666666667,0.3565138280391693,0.8699787036725055
UBFC_PHYS_s04_T3_test,97,36,98.2,0.4942246675491333,1.019554107502857
UBFC_PHYS_s04_T3_test,97,37,98.23333333333333,0.49712854623794556,1.0468064013958087
UBFC_PHYS_s04_T3_test,97,38,98.26666666666667,0.429345041513443,0.9550008991584183
UBFC_PHYS_s04_T3_test,97,39,98.3,0.34559985995292664,0.7628207827852029
UBFC_PHYS_s04_T3_test,97,40,98.33333333333333,0.21945586800575256,0.49938721459785285
UBFC_PHYS_s04_T3_test,97,41,98.36666666666666,-0.01940402388572693,0.19812016823742135
UBFC_PHYS_s04_T3_test,97,42,98.4,-0.3651330769062042,-0.10915167036236831
UBFC_PHYS_s04_T3_test,97,43,98.43333333333334,-0.7036120891571045,-0.39661516080866877
UBFC_PHYS_s04_T3_test,97,44,98.46666666666667,-0.9498974084854126,-0.6465350820114859
UBFC_PHYS_s04_T3_test,97,45,98.5,-1.1434253454208374,-0.8485888310853407
UBFC_PHYS_s04_T3_test,97,46,98.53333333333333,-1.3707281351089478,-0.9968969499635155
UBFC_PHYS_s04_T3_test,97,47,98.56666666666666,-1.6330628395080566,-1.08603117843538
UBFC_PHYS_s04_T3_test,97,48,98.6,-1.7903701066970825,-1.1078562724205636
UBFC_PHYS_s04_T3_test,97,49,98.63333333333334,-1.6723140478134155,-1.050995606623848
UBFC_PHYS_s04_T3_test,97,50,98.66666666666667,-1.3104966878890991,-0.903832502831311
UBFC_PHYS_s04_T3_test,97,51,98.7,-0.9316847324371338,-0.6604506870994162
UBFC_PHYS_s04_T3_test,97,52,98.73333333333333,-0.6628698706626892,-0.3273324003232077
UBFC_PHYS_s04_T3_test,97,53,98.76666666666667,-0.4177344739437103,0.07221027809123955
UBFC_PHYS_s04_T3_test,97,54,98.8,-0.10047918558120728,0.4983794073533752
UBFC_PHYS_s04_T3_test,97,55,98.83333333333333,0.2629655599594116,0.9006742795700207
UBFC_PHYS_s04_T3_test,97,56,98.86666666666666,0.6137617826461792,1.2274364697881428
UBFC_PHYS_s04_T3_test,97,57,98.9,0.9139055609703064,1.4361554563935017
UBFC_PHYS_s04_T3_test,97,58,98.93333333333334,1.123862862586975,1.5019326677578726
UBFC_PHYS_s04_T3_test,97,59,98.96666666666667,1.22372567653656,1.4223518035584228
UBFC_PHYS_s04_T3_test,97,60,99.0,1.2572568655014038,1.2172427152797194
UBFC_PHYS_s04_T3_test,97,61,99.03333333333333,1.2777107954025269,0.9226236023557403
UBFC_PHYS_s04_T3_test,97,62,99.06666666666666,1.2650233507156372,0.58043219976628
UBFC_PHYS_s04_T3_test,97,63,99.1,1.1861017942428589,0.2278949955242708
UBFC_PHYS_s04_T3_test,97,64,99.13333333333334,1.0832278728485107,-0.10947204658824201
UBFC_PHYS_s04_T3_test,97,65,99.16666666666667,1.0252376794815063,-0.4191636420676168
UBFC_PHYS_s04_T3_test,97,66,99.2,1.010114073753357,-0.6978665662494582
UBFC_PHYS_s04_T3_test,97,67,99.23333333333333,0.9710869193077087,-0.9449745751078985
UBFC_PHYS_s04_T3_test,97,68,99.26666666666667,0.8613333702087402,-1.1562236330214444
UBFC_PHYS_s04_T3_test,97,69,99.3,0.7006447315216064,-1.319584074908959
UBFC_PHYS_s04_T3_test,97,70,99.33333333333333,0.5369840264320374,-1.414761948457043
UBFC_PHYS_s04_T3_test,97,71,99.36666666666666,0.3660537898540497,-1.4168308340993787
UBFC_PHYS_s04_T3_test,97,72,99.4,0.09407196193933487,-1.3034115444281213
UBFC_PHYS_s04_T3_test,97,73,99.43333333333334,-0.338910311460495,-1.0635261756475134
UBFC_PHYS_s04_T3_test,97,74,99.46666666666667,-0.7789282202720642,-0.7052033430804647
UBFC_PHYS_s04_T3_test,97,75,99.5,-0.9420042634010315,-0.25873819685225674
UBFC_PHYS_s04_T3_test,97,76,99.53333333333333,-0.7284218668937683,0.22637184794557577
UBFC_PHYS_s04_T3_test,97,77,99.56666666666666,-0.3675692081451416,0.6906089959715075
UBFC_PHYS_s04_T3_test,97,78,99.6,-0.0890195220708847,1.0770944587044913
UBFC_PHYS_s04_T3_test,97,79,99.63333333333334,0.11164149641990662,1.3435872641791955
UBFC_PHYS_s04_T3_test,97,80,99.66666666666667,0.38784274458885193,1.469967478901675
UBFC_PHYS_s04_T3_test,97,81,99.7,0.7882585525512695,1.4592895864424387
UBFC_PHYS_s04_T3_test,97,82,99.73333333333333,1.1628413200378418,1.3331167241614503
UBFC_PHYS_s04_T3_test,97,83,99.76666666666667,1.3274765014648438,1.1237110091603022
UBFC_PHYS_s04_T3_test,97,84,99.8,1.2752649784088135,0.8659024890515076
UBFC_PHYS_s04_T3_test,97,85,99.83333333333333,1.129699945449829,0.5906485319361909
UBFC_PHYS_s04_T3_test,97,86,99.86666666666666,0.9567331075668335,0.32133745806943126
UBFC_PHYS_s04_T3_test,97,87,99.9,0.7262243628501892,0.07291935554866127
UBFC_PHYS_s04_T3_test,97,88,99.93333333333334,0.37931621074676514,-0.14704161051936632
UBFC_PHYS_s04_T3_test,97,89,99.96666666666667,-0.126419335603714,-0.33673106162431954
UBFC_PHYS_s04_T3_test,97,90,100.0,-0.7527152299880981,-0.49869914119193454
UBFC_PHYS_s04_T3_test,97,91,100.03333333333333,-1.3370118141174316,-0.6386726772215396
UBFC_PHYS_s04_T3_test,97,92,100.06666666666666,-1.7422024011611938,-0.7640051456943375
UBFC_PHYS_s04_T3_test,97,93,100.1,-1.9687548875808716,-0.8812827457529202
UBFC_PHYS_s04_T3_test,97,94,100.13333333333334,-2.0491089820861816,-0.993103078077863
UBFC_PHYS_s04_T3_test,97,95,100.16666666666667,-1.9946171045303345,-1.094762677624731
UBFC_PHYS_s04_T3_test,97,96,100.2,-1.8776623010635376,-1.1722256212454152
UBFC_PHYS_s04_T3_test,97,97,100.23333333333333,-1.8219035863876343,-1.2028484971439253
UBFC_PHYS_s04_T3_test,97,98,100.26666666666667,-1.8555810451507568,-1.1596523079958523
UBFC_PHYS_s04_T3_test,97,99,100.3,-1.8293094635009766,-1.0186952218294225
UBFC_PHYS_s04_T3_test,97,100,100.33333333333333,-1.5767195224761963,-0.7677878008645495
UBFC_PHYS_s04_T3_test,97,101,100.36666666666666,-1.1302798986434937,-0.4138030419311727
UBFC_PHYS_s04_T3_test,97,102,100.4,-0.6941013932228088,0.01441009891884416
UBFC_PHYS_s04_T3_test,97,103,100.43333333333334,-0.4177344739437103,0.4695062750891595
UBFC_PHYS_s04_T3_test,97,104,100.46666666666667,-0.27984821796417236,0.895270400268093
UBFC_PHYS_s04_T3_test,97,105,100.5,-0.16979259252548218,1.239568160587969
UBFC_PHYS_s04_T3_test,97,106,100.53333333333333,-0.005927227903157473,1.4661731009834713
UBFC_PHYS_s04_T3_test,97,107,100.56666666666666,0.21040312945842743,1.5613000793712657
UBFC_PHYS_s04_T3_test,97,108,100.6,0.45347270369529724,1.532922608441192
UBFC_PHYS_s04_T3_test,97,109,100.63333333333334,0.7184871435165405,1.4040696961747288
UBFC_PHYS_s04_T3_test,97,110,100.66666666666667,1.0009249448776245,1.2036657409902287
UBFC_PHYS_s04_T3_test,97,111,100.7,1.2623435258865356,0.9587796837965208
UBFC_PHYS_s04_T3_test,97,112,100.73333333333333,1.4463022947311401,0.690326726838132
UBFC_PHYS_s04_T3_test,97,113,100.76666666666667,1.5313045978546143,0.4120258878711026
UBFC_PHYS_s04_T3_test,97,114,100.8,1.5614933967590332,0.13142469243617133
UBFC_PHYS_s04_T3_test,97,115,100.83333333333333,1.5921791791915894,-0.14805465878345384
UBFC_PHYS_s04_T3_test,97,116,100.86666666666666,1.6195322275161743,-0.42468862901348087
UBFC_PHYS_s04_T3_test,97,117,100.9,1.5736838579177856,-0.6959537725790417
UBFC_PHYS_s04_T3_test,97,118,100.93333333333334,1.4074993133544922,-0.9560594121066741
UBFC_PHYS_s04_T3_test,97,119,100.96666666666667,1.1897852420806885,-1.1937156808805551
UBFC_PHYS_s04_T3_test,97,120,101.0,1.0346412658691406,-1.3907599134111484
UBFC_PHYS_s04_T3_test,97,121,101.03333333333333,0.9327515959739685,-1.5226110189412858
UBFC_PHYS_s04_T3_test,97,122,101.06666666666666,0.7685354351997375,-1.5613692738730938
UBFC_PHYS_s04_T3_test,97,123,101.1,0.5079938173294067,-1.4816600348188345
UBFC_PHYS_s04_T3_test,97,124,101.13333333333334,0.21787723898887634,-1.2682543952568897
UBFC_PHYS_s04_T3_test,97,125,101.16666666666667,-0.05768085643649101,-0.9234340238917742
UBFC_PHYS_s04_T3_test,97,126,101.2,-0.3452540636062622,-0.4714529159546672
UBFC_PHYS_s04_T3_test,97,127,101.23333333333333,-0.6508645415306091,0.042239989196669325
UBFC_PHYS_s04_T3_test,97,128,101.26666666666667,-0.8964189887046814,0.557913588824155
UBFC_PHYS_s04_T3_test,97,129,101.3,-0.997343897819519,1.013258483441485
UBFC_PHYS_s04_T3_test,97,130,101.33333333333333,-0.9567186236381531,1.3563864847144271
UBFC_PHYS_s04_T3_test,97,131,101.36666666666666,-0.8482806086540222,1.555840850785061
UBFC_PHYS_s04_T3_test,97,132,101.4,-0.7687938213348389,1.60456538123401
UBFC_PHYS_s04_T3_test,97,133,101.43333333333334,-0.7764627933502197,1.5172578835504724
UBFC_PHYS_s04_T3_test,97,134,101.46666666666667,-0.8423851132392883,1.3228874659657284
UBFC_PHYS_s04_T3_test,97,135,101.5,-0.8877754807472229,1.0554462875546804
UBFC_PHYS_s04_T3_test,97,136,101.53333333333333,-0.8898218870162964,0.7459538573945672
UBFC_PHYS_s04_T3_test,97,137,101.56666666666666,-0.9283228516578674,0.417711577387138
UBFC_PHYS_s04_T3_test,97,138,101.6,-1.0701946020126343,0.0854472785560052
UBFC_PHYS_s04_T3_test,97,139,101.63333333333334,-1.230776071548462,-0.24224359854741837
UBFC_PHYS_s04_T3_test,97,140,101.66666666666667,-1.2102733850479126,-0.5585830505679459
UBFC_PHYS_s04_T3_test,97,141,101.7,-0.9300768375396729,-0.8541026380890174
UBFC_PHYS_s04_T3_test,97,142,101.73333333333333,-0.5418612957000732,-1.113362658248281
UBFC_PHYS_s04_T3_test,97,143,101.76666666666667,-0.22859157621860504,-1.3138700622964832
UBFC_PHYS_s04_T3_test,97,144,101.8,-0.0023119773250073195,-1.427803126081844
UBFC_PHYS_s04_T3_test,97,145,101.83333333333333,0.19070926308631897,-1.4268036294110849
UBFC_PHYS_s04_T3_test,97,146,101.86666666666666,0.3183344304561615,-1.2894848154194996
UBFC_PHYS_s04_T3_test,97,147,101.9,0.32849806547164917,-1.010171096911729
UBFC_PHYS_s04_T3_test,97,148,101.93333333333334,0.25392255187034607,-0.6060006021712337
UBFC_PHYS_s04_T3_test,97,149,101.96666666666667,0.17180472612380981,-0.11894204557829005
UBFC_PHYS_s04_T3_test,97,150,102.0,0.11070601642131805,0.3895609703289038
UBFC_PHYS_s04_T3_test,97,151,102.03333333333333,0.05395340546965599,0.8508332842004795
UBFC_PHYS_s04_T3_test,97,152,102.06666666666666,-0.0001389292738167569,1.2044140228455098
UBFC_PHYS_s04_T3_test,97,153,102.1,-0.050167761743068695,1.4112266212671944
UBFC_PHYS_s04_T3_test,97,154,102.13333333333334,-0.13440991938114166,1.4598413482530197
UBFC_PHYS_s04_T3_test,97,155,102.16666666666667,-0.2851687967777252,1.3642154545905367
UBFC_PHYS_s04_T3_test,97,156,102.2,-0.4573950469493866,1.1548749747959093
UBFC_PHYS_s04_T3_test,97,157,102.23333333333333,-0.577877402305603,0.8678182215655678
UBFC_PHYS_s04_T3_test,97,158,102.26666666666667,-0.6473857164382935,0.5354583356260649
UBFC_PHYS_s04_T3_test,97,159,102.3,-0.7376013398170471,0.1822103537762254
UBFC_PHYS_s04_T3_test,97,160,102.33333333333333,-0.8972277641296387,-0.17490758580422044
UBFC_PHYS_s04_T3_test,97,161,102.36666666666666,-1.053950309753418,-0.522145127146054
UBFC_PHYS_s04_T3_test,97,162,102.4,-1.0184799432754517,-0.8438506945474893
UBFC_PHYS_s04_T3_test,97,163,102.43333333333334,-0.691840648651123,-1.1187711287257902
UBFC_PHYS_s04_T3_test,97,164,102.46666666666667,-0.21464703977108002,-1.3195605384669586
UBFC_PHYS_s04_T3_test,97,165,102.5,0.2169709950685501,-1.4161112120585635
UBFC_PHYS_s04_T3_test,97,166,102.53333333333333,0.5615501403808594,-1.3821917710357279
UBFC_PHYS_s04_T3_test,97,167,102.56666666666666,0.8656209707260132,-1.2038178475277275
UBFC_PHYS_s04_T3_test,97,168,102.6,1.1291542053222656,-0.88684807815843
UBFC_PHYS_s04_T3_test,97,169,102.63333333333334,1.3359932899475098,-0.4608229332699934
UBFC_PHYS_s04_T3_test,97,170,102.66666666666667,1.4952690601348877,0.023437996306415215
UBFC_PHYS_s04_T3_test,97,171,102.7,1.6360104084014893,0.5030328709458574
UBFC_PHYS_s04_T3_test,97,172,102.73333333333333,1.7773364782333374,0.9165401136127854
UBFC_PHYS_s04_T3_test,97,173,102.76666666666667,1.8835819959640503,1.217216246569796
UBFC_PHYS_s04_T3_test,97,174,102.8,1.8772772550582886,1.3810824401420023
UBFC_PHYS_s04_T3_test,97,175,102.83333333333333,1.7307475805282593,1.407421117667186
UBFC_PHYS_s04_T3_test,97,176,102.86666666666666,1.4535036087036133,1.3125328306369222
UBFC_PHYS_s04_T3_test,97,177,102.9,1.006664514541626,1.1203220525563733
UBFC_PHYS_s04_T3_test,97,178,102.93333333333334,0.3554808795452118,0.8541123115552203
UBFC_PHYS_s04_T3_test,97,179,102.96666666666667,-0.40615788102149963,0.5328546767868754
UBFC_PHYS_s04_T3_test,97,180,103.0,-1.1289546489715576,0.17238876085217794
UBFC_PHYS_s04_T3_test,97,181,103.03333333333333,-1.7526973485946655,-0.20997686785387074
UBFC_PHYS_s04_T3_test,97,182,103.06666666666666,-2.276986598968506,-0.5904896780977004
UBFC_PHYS_s04_T3_test,97,183,103.1,-2.643296241760254,-0.9364313707021512
UBFC_PHYS_s04_T3_test,97,184,103.13333333333334,-2.7318456172943115,-1.2079649342905332
UBFC_PHYS_s04_T3_test,97,185,103.16666666666667,-2.4501776695251465,-1.3647244547148158
UBFC_PHYS_s04_T3_test,97,186,103.2,-1.8700029850006104,-1.3756634852061402
UBFC_PHYS_s04_T3_test,97,187,103.23333333333333,-1.2249585390090942,-1.2291058501357224
UBFC_PHYS_s04_T3_test,97,188,103.26666666666667,-0.702725350856781,-0.9393075856399529
UBFC_PHYS_s04_T3_test,97,189,103.3,-0.3113720417022705,-0.5465148370385449
UBFC_PHYS_s04_T3_test,97,190,103.33333333333333,0.013552248477935791,-0.10946915453193169
UBFC_PHYS_s04_T3_test,97,191,103.36666666666666,0.2883405089378357,0.30791000493857634
UBFC_PHYS_s04_T3_test,97,192,103.4,0.4833204448223114,0.6513657167308426
UBFC_PHYS_s04_T3_test,97,193,103.43333333333334,0.5713434815406799,0.887450892536635
UBFC_PHYS_s04_T3_test,97,194,103.46666666666667,0.5583831667900085,1.0072992582732871
UBFC_PHYS_s04_T3_test,97,195,103.5,0.485922247171402,1.0225406839858897
UBFC_PHYS_s04_T3_test,97,196,103.53333333333333,0.4124965965747833,0.9560828948546465
UBFC_PHYS_s04_T3_test,97,197,103.56666666666666,0.3762466609477997,0.8320733785406698
UBFC_PHYS_s04_T3_test,97,198,103.6,0.36129841208457947,0.6687046687748973
UBFC_PHYS_s04_T3_test,97,199,103.63333333333334,0.32751384377479553,0.475543854532157
UBFC_PHYS_s04_T3_test,97,200,103.66666666666667,0.27110230922698975,0.25512744513308844
UBFC_PHYS_s04_T3_test,97,201,103.7,0.21124115586280823,0.007332924685473072
UBFC_PHYS_s04_T3_test,97,202,103.73333333333333,0.13865356147289276,-0.2653961198445675
UBFC_PHYS_s04_T3_test,97,203,103.76666666666667,0.03594536334276199,-0.5536697685941214
UBFC_PHYS_s04_T3_test,97,204,103.8,-0.08928262442350388,-0.8387173585316868
UBFC_PHYS_s04_T3_test,97,205,103.83333333333333,-0.25072160363197327,-1.0923912044206978
UBFC_PHYS_s04_T3_test,97,206,103.86666666666666,-0.45377978682518005,-1.2797176567588089
UBFC_PHYS_s04_T3_test,97,207,103.9,-0.5770783424377441,-1.3639306595481766
UBFC_PHYS_s04_T3_test,97,208,103.93333333333334,-0.4547542333602905,-1.3137060436123313
UBFC_PHYS_s04_T3_test,97,209,103.96666666666667,-0.11607056111097336,-1.1116885436374269
UBFC_PHYS_s04_T3_test,97,210,104.0,0.23392660915851593,-0.7623466774674662
UBFC_PHYS_s04_T3_test,97,211,104.03333333333333,0.48477238416671753,-0.2963429745536732
UBFC_PHYS_s04_T3_test,97,212,104.06666666666666,0.6761468052864075,0.23121742419353206
UBFC_PHYS_s04_T3_test,97,213,104.1,0.8049218058586121,0.7497213256639454
UBFC_PHYS_s04_T3_test,97,214,104.13333333333334,0.8386868834495544,1.1875981281062769
UBFC_PHYS_s04_T3_test,97,215,104.16666666666667,0.7966291308403015,1.4883668310347418
UBFC_PHYS_s04_T3_test,97,216,104.2,0.7000892758369446,1.6229096693497633
UBFC_PHYS_s04_T3_test,97,217,104.23333333333333,0.5493888854980469,1.5937726239306742
UBFC_PHYS_s04_T3_test,97,218,104.26666666666667,0.3917503356933594,1.4303550034601697
UBFC_PHYS_s04_T3_test,97,219,104.3,0.3204295337200165,1.1773931153835167
UBFC_PHYS_s04_T3_test,97,220,104.33333333333333,0.36143484711647034,0.8813958150791075
UBFC_PHYS_s04_T3_test,97,221,104.36666666666666,0.433691143989563,0.579726866596126
UBFC_PHYS_s04_T3_test,97,222,104.4,0.46332448720932007,0.2951040362152671
UBFC_PHYS_s04_T3_test,97,223,104.43333333333334,0.47566115856170654,0.03578976643437417
UBFC_PHYS_s04_T3_test,97,224,104.46666666666667,0.4937666654586792,-0.19994668901893892
UBFC_PHYS_s04_T3_test,97,225,104.5,0.4539111852645874,-0.41713786312271667
UBFC_PHYS_s04_T3_test,97,226,104.53333333333333,0.3032985031604767,-0.6172253451494292
UBFC_PHYS_s04_T3_test,97,227,104.56666666666666,0.08665631711483002,-0.7928411417506903
UBFC_PHYS_s04_T3_test,97,228,104.6,-0.11027251929044724,-0.9260221036354497
UBFC_PHYS_s04_T3_test,97,229,104.63333333333334,-0.2151147872209549,-0.9911971378468002
UBFC_PHYS_s04_T3_test,97,230,104.66666666666667,-0.22855259478092194,-0.9631300257108926
UBFC_PHYS_s04_T3_test,97,231,104.7,-0.20154054462909698,-0.8280830798328241
UBFC_PHYS_s04_T3_test,97,232,104.73333333333333,-0.13683632016181946,-0.5943980906619856
UBFC_PHYS_s04_T3_test,97,233,104.76666666666667,-0.017425868660211563,-0.29767678184276103
UBFC_PHYS_s04_T3_test,97,234,104.8,0.09377963095903397,0.003205590717337769
UBFC_PHYS_s04_T3_test,97,235,104.83333333333333,0.1348726451396942,0.2399012309496853
UBFC_PHYS_s04_T3_test,97,236,104.86666666666666,0.14523117244243622,0.354704321698939
UBFC_PHYS_s04_T3_test,97,237,104.9,0.18858493864536285,0.32008274269833953
UBFC_PHYS_s04_T3_test,97,238,104.93333333333334,0.2513499855995178,0.14987969692276465
UBFC_PHYS_s04_T3_test,97,239,104.96666666666667,0.27490270137786865,-0.10291057994816612
UBFC_PHYS_s04_T3_test,98,0,98.0,-1.0107038021087646,0.019455487203534894
UBFC_PHYS_s04_T3_test,98,1,98.03333333333333,-0.6200715899467468,-0.08320090209216575
UBFC_PHYS_s04_T3_test,98,2,98.06666666666666,-0.331981897354126,-0.1791341445124446
UBFC_PHYS_s04_T3_test,98,3,98.1,-0.11652855575084686,-0.2616869758976055
UBFC_PHYS_s04_T3_test,98,4,98.13333333333334,0.11743953824043274,-0.32579605787493415
UBFC_PHYS_s04_T3_test,98,5,98.16666666666667,0.3565138280391693,-0.36882591959352146
UBFC_PHYS_s04_T3_test,98,6,98.2,0.4942246675491333,-0.39100966878616306
UBFC_PHYS_s04_T3_test,98,7,98.23333333333333,0.49712854623794556,-0.39524610518330755
UBFC_PHYS_s04_T3_test,98,8,98.26666666666667,0.429345041513443,-0.38624648041812565
UBFC_PHYS_s04_T3_test,98,9,98.3,0.34559985995292664,-0.3692804636657765
UBFC_PHYS_s04_T3_test,98,10,98.33333333333333,0.21945586800575256,-0.34901824885046817
UBFC_PHYS_s04_T3_test,98,11,98.36666666666666,-0.01940402388572693,-0.32890988442199787
UBFC_PHYS_s04_T3_test,98,12,98.4,-0.3651330769062042,-0.31108307482944886
UBFC_PHYS_s04_T3_test,98,13,98.43333333333334,-0.7036120891571045,-0.29636706220294734
UBFC_PHYS_s04_T3_test,98,14,98.46666666666667,-0.9498974084854126,-0.2841852170649013
UBFC_PHYS_s04_T3_test,98,15,98.5,-1.1434253454208374,-0.2724259903593487
UBFC_PHYS_s04_T3_test,98,16,98.53333333333333,-1.3707281351089478,-0.2575338799344252
UBFC_PHYS_s04_T3_test,98,17,98.56666666666666,-1.6330628395080566,-0.2348864398770721
UBFC_PHYS_s04_T3_test,98,18,98.6,-1.7903701066970825,-0.19926660442087257
UBFC_PHYS_s04_T3_test,98,19,98.63333333333334,-1.6723140478134155,-0.1452062155330255
UBFC_PHYS_s04_T3_test,98,20,98.66666666666667,-1.3104966878890991,-0.06728088873665317
UBFC_PHYS_s04_T3_test,98,21,98.7,-0.9316847324371338,0.03918921488053294
UBFC_PHYS_s04_T3_test,98,22,98.73333333333333,-0.6628698706626892,0.17653602982065758
UBFC_PHYS_s04_T3_test,98,23,98.76666666666667,-0.4177344739437103,0.34225777295289994
UBFC_PHYS_s04_T3_test,98,24,98.8,-0.10047918558120728,0.5265511391433456
UBFC_PHYS_s04_T3_test,98,25,98.83333333333333,0.2629655599594116,0.7113067255081437
UBFC_PHYS_s04_T3_test,98,26,98.86666666666666,0.6137617826461792,0.8716820616096589
UBFC_PHYS_s04_T3_test,98,27,98.9,0.9139055609703064,0.980396630143899
UBFC_PHYS_s04_T3_test,98,28,98.93333333333334,1.123862862586975,1.0138378274495021
UBFC_PHYS_s04_T3_test,98,29,98.96666666666667,1.22372567653656,0.9582400512416998
UBFC_PHYS_s04_T3_test,98,30,99.0,1.2572568655014038,0.8138411495583042
UBFC_PHYS_s04_T3_test,98,31,99.03333333333333,1.2777107954025269,0.5953735249571056
UBFC_PHYS_s04_T3_test,98,32,99.06666666666666,1.2650233507156372,0.3285495656543552
UBFC_PHYS_s04_T3_test,98,33,99.1,1.1861017942428589,0.04374820679886623
UBFC_PHYS_s04_T3_test,98,34,99.13333333333334,1.0832278728485107,-0.2308824220603506
UBFC_PHYS_s04_T3_test,98,35,99.16666666666667,1.0252376794815063,-0.47465309949111323
UBFC_PHYS_s04_T3_test,98,36,99.2,1.010114073753357,-0.6765062279086171
UBFC_PHYS_s04_T3_test,98,37,99.23333333333333,0.9710869193077087,-0.8339677930114703
UBFC_PHYS_s04_T3_test,98,38,99.26666666666667,0.8613333702087402,-0.9497001568648282
UBFC_PHYS_s04_T3_test,98,39,99.3,0.7006447315216064,-1.027032941281215
UBFC_PHYS_s04_T3_test,98,40,99.33333333333333,0.5369840264320374,-1.0660145074895684
UBFC_PHYS_s04_T3_test,98,41,99.36666666666666,0.3660537898540497,-1.0613505842314188
UBFC_PHYS_s04_T3_test,98,42,99.4,0.09407196193933487,-1.0030840639969951
UBFC_PHYS_s04_T3_test,98,43,99.43333333333334,-0.338910311460495,-0.8799943043236437
UBFC_PHYS_s04_T3_test,98,44,99.46666666666667,-0.7789282202720642,-0.6846346187986331
UBFC_PHYS_s04_T3_test,98,45,99.5,-0.9420042634010315,-0.4182372977300111
UBFC_PHYS_s04_T3_test,98,46,99.53333333333333,-0.7284218668937683,-0.09380489049403007
UBFC_PHYS_s04_T3_test,98,47,99.56666666666666,-0.3675692081451416,0.2636500568772727
UBFC_PHYS_s04_T3_test,98,48,99.6,-0.0890195220708847,0.6199775403373281
UBFC_PHYS_s04_T3_test,98,49,99.63333333333334,0.11164149641990662,0.9373655208108836
UBFC_PHYS_s04_T3_test,98,50,99.66666666666667,0.38784274458885193,1.1811808809623998
UBFC_PHYS_s04_T3_test,98,51,99.7,0.7882585525512695,1.326413375043859
UBFC_PHYS_s04_T3_test,98,52,99.73333333333333,1.1628413200378418,1.3618887089935923
UBFC_PHYS_s04_T3_test,98,53,99.76666666666667,1.3274765014648438,1.291030477497206
UBFC_PHYS_s04_T3_test,98,54,99.8,1.2752649784088135,1.1291868118150625
UBFC_PHYS_s04_T3_test,98,55,99.83333333333333,1.129699945449829,0.8988424421209499
UBFC_PHYS_s04_T3_test,98,56,99.86666666666666,0.9567331075668335,0.624707979712175
UBFC_PHYS_s04_T3_test,98,57,99.9,0.7262243628501892,0.33027863711437877
UBFC_PHYS_s04_T3_test,98,58,99.93333333333334,0.37931621074676514,0.03617769921393252
UBFC_PHYS_s04_T3_test,98,59,99.96666666666667,-0.126419335603714,-0.2405797691425265
UBFC_PHYS_s04_T3_test,98,60,100.0,-0.7527152299880981,-0.487444129115834
UBFC_PHYS_s04_T3_test,98,61,100.03333333333333,-1.3370118141174316,-0.6975065838288956
UBFC_PHYS_s04_T3_test,98,62,100.06666666666666,-1.7422024011611938,-0.8700543625330134
UBFC_PHYS_s04_T3_test,98,63,100.1,-1.9687548875808716,-1.0091849015048897
UBFC_PHYS_s04_T3_test,98,64,100.13333333333334,-2.0491089820861816,-1.120042215036568
UBFC_PHYS_s04_T3_test,98,65,100.16666666666667,-1.9946171045303345,-1.2037208030793471
UBFC_PHYS_s04_T3_test,98,66,100.2,-1.8776623010635376,-1.252927462523586
UBFC_PHYS_s04_T3_test,98,67,100.23333333333333,-1.8219035863876343,-1.2506423207474695
UBFC_PHYS_s04_T3_test,98,68,100.26666666666667,-1.8555810451507568,-1.1732414664393571
UBFC_PHYS_s04_T3_test,98,69,100.3,-1.8293094635009766,-0.9979416904192369
UBFC_PHYS_s04_T3_test,98,70,100.33333333333333,-1.5767195224761963,-0.7124756603975227
UBFC_PHYS_s04_T3_test,98,71,100.36666666666666,-1.1302798986434937,-0.32356145198689645
UBFC_PHYS_s04_T3_test,98,72,100.4,-0.6941013932228088,0.13923751819035982
UBFC_PHYS_s04_T3_test,98,73,100.43333333333334,-0.4177344739437103,0.6263261986787759
UBFC_PHYS_s04_T3_test,98,74,100.46666666666667,-0.27984821796417236,1.077483850361232
UBFC_PHYS_s04_T3_test,98,75,100.5,-0.16979259252548218,1.4352830971838857
UBFC_PHYS_s04_T3_test,98,76,100.53333333333333,-0.005927227903157473,1.657938522923994
UBFC_PHYS_s04_T3_test,98,77,100.56666666666666,0.21040312945842743,1.7269965892303298
UBFC_PHYS_s04_T3_test,98,78,100.6,0.45347270369529724,1.647820652370807
UBFC_PHYS_s04_T3_test,98,79,100.63333333333334,0.7184871435165405,1.4441601181237005
UBFC_PHYS_s04_T3_test,98,80,100.66666666666667,1.0009249448776245,1.1500336545302818
UBFC_PHYS_s04_T3_test,98,81,100.7,1.2623435258865356,0.8020846023657848
UBFC_PHYS_s04_T3_test,98,82,100.73333333333333,1.4463022947311401,0.43413332588348785
UBFC_PHYS_s04_T3_test,98,83,100.76666666666667,1.5313045978546143,0.07402589910866564
UBFC_PHYS_s04_T3_test,98,84,100.8,1.5614933967590332,-0.25796879767869924
UBFC_PHYS_s04_T3_test,98,85,100.83333333333333,1.5921791791915894,-0.5498436451913836
UBFC_PHYS_s04_T3_test,98,86,100.86666666666666,1.6195322275161743,-0.7975984753369066
UBFC_PHYS_s04_T3_test,98,87,100.9,1.5736838579177856,-1.0035008139150348
UBFC_PHYS_s04_T3_test,98,88,100.93333333333334,1.4074993133544922,-1.172439648440791
UBFC_PHYS_s04_T3_test,98,89,100.96666666666667,1.1897852420806885,-1.3067893065281768
UBFC_PHYS_s04_T3_test,98,90,101.0,1.0346412658691406,-1.401358263951068
UBFC_PHYS_s04_T3_test,98,91,101.03333333333333,0.9327515959739685,-1.4407585824374598
UBFC_PHYS_s04_T3_test,98,92,101.06666666666666,0.7685354351997375,-1.4012509426394848
UBFC_PHYS_s04_T3_test,98,93,101.1,0.5079938173294067,-1.257621286690563
UBFC_PHYS_s04_T3_test,98,94,101.13333333333334,0.21787723898887634,-0.9934002199189755
UBFC_PHYS_s04_T3_test,98,95,101.16666666666667,-0.05768085643649101,-0.6108380744396992
UBFC_PHYS_s04_T3_test,98,96,101.2,-0.3452540636062622,-0.13655193593099008
UBFC_PHYS_s04_T3_test,98,97,101.23333333333333,-0.6508645415306091,0.3799992019770625
UBFC_PHYS_s04_T3_test,98,98,101.26666666666667,-0.8964189887046814,0.8754935808142215
UBFC_PHYS_s04_T3_test,98,99,101.3,-0.997343897819519,1.2865749667024462
UBFC_PHYS_s04_T3_test,98,100,101.33333333333333,-0.9567186236381531,1.5639432199680916
UBFC_PHYS_s04_T3_test,98,101,101.36666666666666,-0.8482806086540222,1.6820779666030021
UBFC_PHYS_s04_T3_test,98,102,101.4,-0.7687938213348389,1.6419750182271013
UBFC_PHYS_s04_T3_test,98,103,101.43333333333334,-0.7764627933502197,1.467067404103171
UBFC_PHYS_s04_T3_test,98,104,101.46666666666667,-0.8423851132392883,1.194598325696183
UBFC_PHYS_s04_T3_test,98,105,101.5,-0.8877754807472229,0.865604548948631
UBFC_PHYS_s04_T3_test,98,106,101.53333333333333,-0.8898218870162964,0.5164802628620796
UBFC_PHYS_s04_T3_test,98,107,101.56666666666666,-0.9283228516578674,0.17403862424015656
UBFC_PHYS_s04_T3_test,98,108,101.6,-1.0701946020126343,-0.14552252944300667
UBFC_PHYS_s04_T3_test,98,109,101.63333333333334,-1.230776071548462,-0.4346123242771181
UBFC_PHYS_s04_T3_test,98,110,101.66666666666667,-1.2102733850479126,-0.6905789487814289
UBFC_PHYS_s04_T3_test,98,111,101.7,-0.9300768375396729,-0.9116421494488081
UBFC_PHYS_s04_T3_test,98,112,101.73333333333333,-0.5418612957000732,-1.0933395282092353
UBFC_PHYS_s04_T3_test,98,113,101.76666666666667,-0.22859157621860504,-1.2261883941225065
UBFC_PHYS_s04_T3_test,98,114,101.8,-0.0023119773250073195,-1.295267345582922
UBFC_PHYS_s04_T3_test,98,115,101.83333333333333,0.19070926308631897,-1.2823612920346108
UBFC_PHYS_s04_T3_test,98,116,101.86666666666666,0.3183344304561615,-1.170827175564755
UBFC_PHYS_s04_T3_test,98,117,101.9,0.32849806547164917,-0.9523017364432702
UBFC_PHYS_s04_T3_test,98,118,101.93333333333334,0.25392255187034607,-0.6331317652328661
UBFC_PHYS_s04_T3_test,98,119,101.96666666666667,0.17180472612380981,-0.2378107666634088
UBFC_PHYS_s04_T3_test,98,120,102.0,0.11070601642131805,0.19259369241988042
UBFC_PHYS_s04_T3_test,98,121,102.03333333333333,0.05395340546965599,0.6072593639130789
UBFC_PHYS_s04_T3_test,98,122,102.06666666666666,-0.0001389292738167569,0.9558590772745523
UBFC_PHYS_s04_T3_test,98,123,102.1,-0.050167761743068695,1.1990046316497625
UBFC_PHYS_s04_T3_test,98,124,102.13333333333334,-0.13440991938114166,1.3155113687960238
UBFC_PHYS_s04_T3_test,98,125,102.16666666666667,-0.2851687967777252,1.3043396186439198
UBFC_PHYS_s04_T3_test,98,126,102.2,-0.4573950469493866,1.1811505723167728
UBFC_PHYS_s04_T3_test,98,127,102.23333333333333,-0.577877402305603,0.9713578709858275
UBFC_PHYS_s04_T3_test,98,128,102.26666666666667,-0.6473857164382935,0.7025119979765384
UBFC_PHYS_s04_T3_test,98,129,102.3,-0.7376013398170471,0.39866387987693924
UBFC_PHYS_s04_T3_test,98,130,102.33333333333333,-0.8972277641296387,0.07830664085299109
UBFC_PHYS_s04_T3_test,98,131,102.36666666666666,-1.053950309753418,-0.24402130479766482
UBFC_PHYS_s04_T3_test,98,132,102.4,-1.0184799432754517,-0.5538834031985584
UBFC_PHYS_s04_T3_test,98,133,102.43333333333334,-0.691840648651123,-0.8331325078531326
UBFC_PHYS_s04_T3_test,98,134,102.46666666666667,-0.21464703977108002,-1.0583171514774015
UBFC_PHYS_s04_T3_test,98,135,102.5,0.2169709950685501,-1.2025086416929682
UBFC_PHYS_s04_T3_test,98,136,102.53333333333333,0.5615501403808594,-1.240364154329159
UBFC_PHYS_s04_T3_test,98,137,102.56666666666666,0.8656209707260132,-1.1549773059864135
UBFC_PHYS_s04_T3_test,98,138,102.6,1.1291542053222656,-0.9443413533044167
UBFC_PHYS_s04_T3_test,98,139,102.63333333333334,1.3359932899475098,-0.6252047447866182
UBFC_PHYS_s04_T3_test,98,140,102.66666666666667,1.4952690601348877,-0.23270242536663477
UBFC_PHYS_s04_T3_test,98,141,102.7,1.6360104084014893,0.18470103628547357
UBFC_PHYS_s04_T3_test,98,142,102.73333333333333,1.7773364782333374,0.5739612385058024
UBFC_PHYS_s04_T3_test,98,143,102.76666666666667,1.8835819959640503,0.8875833211511925
UBFC_PHYS_s04_T3_test,98,144,102.8,1.8772772550582886,1.0921694148763879
UBFC_PHYS_s04_T3_test,98,145,102.83333333333333,1.7307475805282593,1.1728670051815644
UBFC_PHYS_s04_T3_test,98,146,102.86666666666666,1.4535036087036133,1.1327322844258865
UBFC_PHYS_s04_T3_test,98,147,102.9,1.006664514541626,0.9879837283749021
UBFC_PHYS_s04_T3_test,98,148,102.93333333333334,0.3554808795452118,0.7615884705727937
UBFC_PHYS_s04_T3_test,98,149,102.96666666666667,-0.40615788102149963,0.4778829620538774
UBFC_PHYS_s04_T3_test,98,150,103.0,-1.1289546489715576,0.15990105066774715
UBFC_PHYS_s04_T3_test,98,151,103.03333333333333,-1.7526973485946655,-0.17045082404049722
UBFC_PHYS_s04_T3_test,98,152,103.06666666666666,-2.276986598968506,-0.49041471982642376
UBFC_PHYS_s04_T3_test,98,153,103.1,-2.643296241760254,-0.774312122767287
UBFC_PHYS_s04_T3_test,98,154,103.13333333333334,-2.7318456172943115,-0.9933041445284428
UBFC_PHYS_s04_T3_test,98,155,103.16666666666667,-2.4501776695251465,-1.1183650189796364
UBFC_PHYS_s04_T3_test,98,156,103.2,-1.8700029850006104,-1.1264395490407833
UBFC_PHYS_s04_T3_test,98,157,103.23333333333333,-1.2249585390090942,-1.0079430726291068
UBFC_PHYS_s04_T3_test,98,158,103.26666666666667,-0.702725350856781,-0.7724509525799765
UBFC_PHYS_s04_T3_test,98,159,103.3,-0.3113720417022705,-0.44955386372385153
UBFC_PHYS_s04_T3_test,98,160,103.33333333333333,0.013552248477935791,-0.08368731621944883
UBFC_PHYS_s04_T3_test,98,161,103.36666666666666,0.2883405089378357,0.27566055100634623
UBFC_PHYS_s04_T3_test,98,162,103.4,0.4833204448223114,0.5849798638060082
UBFC_PHYS_s04_T3_test,98,163,103.43333333333334,0.5713434815406799,0.8151727413200259
UBFC_PHYS_s04_T3_test,98,164,103.46666666666667,0.5583831667900085,0.954770647749156
UBFC_PHYS_s04_T3_test,98,165,103.5,0.485922247171402,1.0075151719552164
UBFC_PHYS_s04_T3_test,98,166,103.53333333333333,0.4124965965747833,0.9860294081159958
UBFC_PHYS_s04_T3_test,98,167,103.56666666666666,0.3762466609477997,0.9045745175550439
UBFC_PHYS_s04_T3_test,98,168,103.6,0.36129841208457947,0.7738428045614439
UBFC_PHYS_s04_T3_test,98,169,103.63333333333334,0.32751384377479553,0.5994311466067702
UBFC_PHYS_s04_T3_test,98,170,103.66666666666667,0.27110230922698975,0.3837110079816019
UBFC_PHYS_s04_T3_test,98,171,103.7,0.21124115586280823,0.12945357324389037
UBFC_PHYS_s04_T3_test,98,172,103.73333333333333,0.13865356147289276,-0.15649357621818755
UBFC_PHYS_s04_T3_test,98,173,103.76666666666667,0.03594536334276199,-0.460510635996702
UBFC_PHYS_s04_T3_test,98,174,103.8,-0.08928262442350388,-0.7610061669751943
UBFC_PHYS_s04_T3_test,98,175,103.83333333333333,-0.25072160363197327,-1.0290286849280552
UBFC_PHYS_s04_T3_test,98,176,103.86666666666666,-0.45377978682518005,-1.2308796681637926
UBFC_PHYS_s04_T3_test,98,177,103.9,-0.5770783424377441,-1.3327395850387482
UBFC_PHYS_s04_T3_test,98,178,103.93333333333334,-0.4547542333602905,-1.3069906061876397
UBFC_PHYS_s04_T3_test,98,179,103.96666666666667,-0.11607056111097336,-1.1393008786985213
UBFC_PHYS_s04_T3_test,98,180,104.0,0.23392660915851593,-0.834734492867613
UBFC_PHYS_s04_T3_test,98,181,104.03333333333333,0.48477238416671753,-0.42072011073892857
UBFC_PHYS_s04_T3_test,98,182,104.06666666666666,0.6761468052864075,0.05485480211853332
UBFC_PHYS_s04_T3_test,98,183,104.1,0.8049218058586121,0.5309349325417069
UBFC_PHYS_s04_T3_test,98,184,104.13333333333334,0.8386868834495544,0.9448495411843322
UBFC_PHYS_s04_T3_test,98,185,104.16666666666667,0.7966291308403015,1.245288404840795
UBFC_PHYS_s04_T3_test,98,186,104.2,0.7000892758369446,1.4026751014443295
UBFC_PHYS_s04_T3_test,98,187,104.23333333333333,0.5493888854980469,1.4133011076607271
UBFC_PHYS_s04_T3_test,98,188,104.26666666666667,0.3917503356933594,1.2959490736767925
UBFC_PHYS_s04_T3_test,98,189,104.3,0.3204295337200165,1.0828795564184681
UBFC_PHYS_s04_T3_test,98,190,104.33333333333333,0.36143484711647034,0.809213105446809
UBFC_PHYS_s04_T3_test,98,191,104.36666666666666,0.433691143989563,0.5047986611808618
UBFC_PHYS_s04_T3_test,98,192,104.4,0.46332448720932007,0.19071305848618714
UBFC_PHYS_s04_T3_test,98,193,104.43333333333334,0.47566115856170654,-0.11997613271833854
UBFC_PHYS_s04_T3_test,98,194,104.46666666666667,0.4937666654586792,-0.4190714689886634
UBFC_PHYS_s04_T3_test,98,195,104.5,0.4539111852645874,-0.6996816793201129
UBFC_PHYS_s04_T3_test,98,196,104.53333333333333,0.3032985031604767,-0.9532968538589903
UBFC_PHYS_s04_T3_test,98,197,104.56666666666666,0.08665631711483002,-1.1677072654615386
UBFC_PHYS_s04_T3_test,98,198,104.6,-0.11027251929044724,-1.3258496863703528
UBFC_PHYS_s04_T3_test,98,199,104.63333333333334,-0.2151147872209549,-1.4061234879152502
UBFC_PHYS_s04_T3_test,98,200,104.66666666666667,-0.22855259478092194,-1.3850733128618211
UBFC_PHYS_s04_T3_test,98,201,104.7,-0.20154054462909698,-1.2429453515533055
UBFC_PHYS_s04_T3_test,98,202,104.73333333333333,-0.13683632016181946,-0.9713419476832083
UBFC_PHYS_s04_T3_test,98,203,104.76666666666667,-0.017425868660211563,-0.5806368872803341
UBFC_PHYS_s04_T3_test,98,204,104.8,0.09377963095903397,-0.10391278209196088
UBFC_PHYS_s04_T3_test,98,205,104.83333333333333,0.1348726451396942,0.4053691853514682
UBFC_PHYS_s04_T3_test,98,206,104.86666666666666,0.14523117244243622,0.8827841566307885
UBFC_PHYS_s04_T3_test,98,207,104.9,0.18858493864536285,1.2672467642133278
UBFC_PHYS_s04_T3_test,98,208,104.93333333333334,0.2513499855995178,1.5152465515728097
UBFC_PHYS_s04_T3_test,98,209,104.96666666666667,0.27490270137786865,1.6094927346427976
UBFC_PHYS_s04_T3_test,98,210,105.0,0.23012621700763702,1.5589510941139948
UBFC_PHYS_s04_T3_test,98,211,105.03333333333333,0.13906283676624298,1.39126153567196
UBFC_PHYS_s04_T3_test,98,212,105.06666666666666,0.06870674341917038,1.1415955253924095
UBFC_PHYS_s04_T3_test,98,213,105.1,0.06647522747516632,0.8427278332491209
UBFC_PHYS_s04_T3_test,98,214,105.13333333333334,0.08708508312702179,0.5194618358290656
UBFC_PHYS_s04_T3_test,98,215,105.16666666666667,0.03153105452656746,0.1879091078421843
UBFC_PHYS_s04_T3_test,98,216,105.2,-0.10392877459526062,-0.141920442959053
UBFC_PHYS_s04_T3_test,98,217,105.23333333333333,-0.16692768037319183,-0.4624694556994133
UBFC_PHYS_s04_T3_test,98,218,105.26666666666667,0.017264945432543755,-0.7656553771331083
UBFC_PHYS_s04_T3_test,98,219,105.3,0.428331583738327,-1.0411906405853588
UBFC_PHYS_s04_T3_test,98,220,105.33333333333333,0.8432571291923523,-1.2759147774753046
UBFC_PHYS_s04_T3_test,98,221,105.36666666666666,1.0615460872650146,-1.4536220574120287
UBFC_PHYS_s04_T3_test,98,222,105.4,1.0650444030761719,-1.5553407580421652
UBFC_PHYS_s04_T3_test,98,223,105.43333333333334,0.9772942066192627,-1.5607377452792839
UBFC_PHYS_s04_T3_test,98,224,105.46666666666667,0.9180177450180054,-1.4516145855539813
UBFC_PHYS_s04_T3_test,98,225,105.5,0.9223833680152893,-1.2178000026981168
UBFC_PHYS_s04_T3_test,98,226,105.53333333333333,0.9826732873916626,-0.8641728195555415
UBFC_PHYS_s04_T3_test,98,227,105.56666666666666,1.1279361248016357,-0.4159179131709341
UBFC_PHYS_s04_T3_test,98,228,105.6,1.4130147695541382,0.08138624741083009
UBFC_PHYS_s04_T3_test,98,229,105.63333333333334,1.8036664724349976,0.5687417921592414
UBFC_PHYS_s04_T3_test,98,230,105.66666666666667,2.128230094909668,0.986421898055785
UBFC_PHYS_s04_T3_test,98,231,105.7,2.1819522380828857,1.2879762283997909
UBFC_PHYS_s04_T3_test,98,232,105.73333333333333,1.8859012126922607,1.4502743620613927
UBFC_PHYS_s04_T3_test,98,233,105.76666666666667,1.345396876335144,1.4760752602526617
UBFC_PHYS_s04_T3_test,98,234,105.8,0.7425953149795532,1.3889757301064467
UBFC_PHYS_s04_T3_test,98,235,105.83333333333333,0.1384294331073761,1.2235456219786922
UBFC_PHYS_s04_T3_test,98,236,105.86666666666666,-0.5207545161247253,1.0144952784926298
UBFC_PHYS_s04_T3_test,98,237,105.9,-1.2092599868774414,0.7880842350690945
UBFC_PHYS_s04_T3_test,98,238,105.93333333333334,-1.764274001121521,0.557725595738101
UBFC_PHYS_s04_T3_test,98,239,105.96666666666667,-2.11242938041687,0.3245615790860737
UBFC_PHYS_s04_T3_test,99,0,99.0,1.2572568655014038,-0.14626086768908023
UBFC_PHYS_s04_T3_test,99,1,99.03333333333333,1.2777107954025269,-0.22926555363209464
UBFC_PHYS_s04_T3_test,99,2,99.06666666666666,1.2650233507156372,-0.3124982873122992
UBFC_PHYS_s04_T3_test,99,3,99.1,1.1861017942428589,-0.3990209135710618
UBFC_PHYS_s04_T3_test,99,4,99.13333333333334,1.0832278728485107,-0.4919292800177832
UBFC_PHYS_s04_T3_test,99,5,99.16666666666667,1.0252376794815063,-0.5938715031389152
UBFC_PHYS_s04_T3_test,99,6,99.2,1.010114073753357,-0.7056639720224396
UBFC_PHYS_s04_T3_test,99,7,99.23333333333333,0.9710869193077087,-0.8239066124725963
UBFC_PHYS_s04_T3_test,99,8,99.26666666666667,0.8613333702087402,-0.9382567619278676
UBFC_PHYS_s04_T3_test,99,9,99.3,0.7006447315216064,-1.029802096038343
UBFC_PHYS_s04_T3_test,99,10,99.33333333333333,0.5369840264320374,-1.0722266315741118
UBFC_PHYS_s04_T3_test,99,11,99.36666666666666,0.3660537898540497,-1.0367580187044203
UBFC_PHYS_s04_T3_test,99,12,99.4,0.09407196193933487,-0.9002764586214764
UBFC_PHYS_s04_T3_test,99,13,99.43333333333334,-0.338910311460495,-0.6542190926258812
UBFC_PHYS_s04_T3_test,99,14,99.46666666666667,-0.7789282202720642,-0.3109632593890887
UBFC_PHYS_s04_T3_test,99,15,99.5,-0.9420042634010315,0.09529220845584738
UBFC_PHYS_s04_T3_test,99,16,99.53333333333333,-0.7284218668937683,0.5144827765148152
UBFC_PHYS_s04_T3_test,99,17,99.56666666666666,-0.3675692081451416,0.8922168946837347
UBFC_PHYS_s04_T3_test,99,18,99.6,-0.0890195220708847,1.1830593711621789
UBFC_PHYS_s04_T3_test,99,19,99.63333333333334,0.11164149641990662,1.360660718395255
UBFC_PHYS_s04_T3_test,99,20,99.66666666666667,0.38784274458885193,1.421187972647501
UBFC_PHYS_s04_T3_test,99,21,99.7,0.7882585525512695,1.379505501295711
UBFC_PHYS_s04_T3_test,99,22,99.73333333333333,1.1628413200378418,1.2605487633536403
UBFC_PHYS_s04_T3_test,99,23,99.76666666666667,1.3274765014648438,1.089906856835116
UBFC_PHYS_s04_T3_test,99,24,99.8,1.2752649784088135,0.8872006497110014
UBFC_PHYS_s04_T3_test,99,25,99.83333333333333,1.129699945449829,0.6640138329453048
UBFC_PHYS_s04_T3_test,99,26,99.86666666666666,0.9567331075668335,0.42600459872470187
UBFC_PHYS_s04_T3_test,99,27,99.9,0.7262243628501892,0.17720919598157092
UBFC_PHYS_s04_T3_test,99,28,99.93333333333334,0.37931621074676514,-0.0760822166610275
UBFC_PHYS_s04_T3_test,99,29,99.96666666666667,-0.126419335603714,-0.3239375252031975
UBFC_PHYS_s04_T3_test,99,30,100.0,-0.7527152299880981,-0.5544298089835836
UBFC_PHYS_s04_T3_test,99,31,100.03333333333333,-1.3370118141174316,-0.7571540534276249
UBFC_PHYS_s04_T3_test,99,32,100.06666666666666,-1.7422024011611938,-0.92639628864779
UBFC_PHYS_s04_T3_test,99,33,100.1,-1.9687548875808716,-1.0618772837151649
UBFC_PHYS_s04_T3_test,99,34,100.13333333333334,-2.0491089820861816,-1.1662779789990767
UBFC_PHYS_s04_T3_test,99,35,100.16666666666667,-1.9946171045303345,-1.2404956902408975
UBFC_PHYS_s04_T3_test,99,36,100.2,-1.8776623010635376,-1.2788954520264393
UBFC_PHYS_s04_T3_test,99,37,100.23333333333333,-1.8219035863876343,-1.2671344553769732
UBFC_PHYS_s04_T3_test,99,38,100.26666666666667,-1.8555810451507568,-1.1843051815534957
UBFC_PHYS_s04_T3_test,99,39,100.3,-1.8293094635009766,-1.009459589168825
UBFC_PHYS_s04_T3_test,99,40,100.33333333333333,-1.5767195224761963,-0.7306656638954849
UBFC_PHYS_s04_T3_test,99,41,100.36666666666666,-1.1302798986434937,-0.35336990184145195
UBFC_PHYS_s04_T3_test,99,42,100.4,-0.6941013932228088,0.09539153520711717
UBFC_PHYS_s04_T3_test,99,43,100.43333333333334,-0.4177344739437103,0.5692800649575027
UBFC_PHYS_s04_T3_test,99,44,100.46666666666667,-0.27984821796417236,1.01156650672395
UBFC_PHYS_s04_T3_test,99,45,100.5,-0.16979259252548218,1.3680515510563296
UBFC_PHYS_s04_T3_test,99,46,100.53333333333333,-0.005927227903157473,1.5992607799660288
UBFC_PHYS_s04_T3_test,99,47,100.56666666666666,0.21040312945842743,1.6873420618371053
UBFC_PHYS_s04_T3_test,99,48,100.6,0.45347270369529724,1.6359709433203535
UBFC_PHYS_s04_T3_test,99,49,100.63333333333334,0.7184871435165405,1.4650358481143813
UBFC_PHYS_s04_T3_test,99,50,100.66666666666667,1.0009249448776245,1.2035033977226541
UBFC_PHYS_s04_T3_test,99,51,100.7,1.2623435258865356,0.8832834181519732
UBFC_PHYS_s04_T3_test,99,52,100.73333333333333,1.4463022947311401,0.5351832770556813
UBFC_PHYS_s04_T3_test,99,53,100.76666666666667,1.5313045978546143,0.18651521029103424
UBFC_PHYS_s04_T3_test,99,54,100.8,1.5614933967590332,-0.1405481397022921
UBFC_PHYS_s04_T3_test,99,55,100.83333333333333,1.5921791791915894,-0.4303737833258239
UBFC_PHYS_s04_T3_test,99,56,100.86666666666666,1.6195322275161743,-0.6748955948983661
UBFC_PHYS_s04_T3_test,99,57,100.9,1.5736838579177856,-0.8736267094412485
UBFC_PHYS_s04_T3_test,99,58,100.93333333333334,1.4074993133544922,-1.0318422362664905
UBFC_PHYS_s04_T3_test,99,59,100.96666666666667,1.1897852420806885,-1.156593397112479
UBFC_PHYS_s04_T3_test,99,60,101.0,1.0346412658691406,-1.2513364679307375
UBFC_PHYS_s04_T3_test,99,61,101.03333333333333,0.9327515959739685,-1.311112596717951
UBFC_PHYS_s04_T3_test,99,62,101.06666666666666,0.7685354351997375,-1.3206301333797164
UBFC_PHYS_s04_T3_test,99,63,101.1,0.5079938173294067,-1.2569037853604454
UBFC_PHYS_s04_T3_test,99,64,101.13333333333334,0.21787723898887634,-1.0964464942421617
UBFC_PHYS_s04_T3_test,99,65,101.16666666666667,-0.05768085643649101,-0.8250514716778732
UBFC_PHYS_s04_T3_test,99,66,101.2,-0.3452540636062622,-0.44679491631010737
UBFC_PHYS_s04_T3_test,99,67,101.23333333333333,-0.6508645415306091,0.011313215486793865
UBFC_PHYS_s04_T3_test,99,68,101.26666666666667,-0.8964189887046814,0.5013675195922157
UBFC_PHYS_s04_T3_test,99,69,101.3,-0.997343897819519,0.9632776622793598
UBFC_PHYS_s04_T3_test,99,70,101.33333333333333,-0.9567186236381531,1.3375592575006352
UBFC_PHYS_s04_T3_test,99,71,101.36666666666666,-0.8482806086540222,1.5781346924176867
UBFC_PHYS_s04_T3_test,99,72,101.4,-0.7687938213348389,1.661427985247197
UBFC_PHYS_s04_T3_test,99,73,101.43333333333334,-0.7764627933502197,1.589562066850088
UBFC_PHYS_s04_T3_test,99,74,101.46666666666667,-0.8423851132392883,1.3871809795105563
UBFC_PHYS_s04_T3_test,99,75,101.5,-0.8877754807472229,1.0931378561358152
UBFC_PHYS_s04_T3_test,99,76,101.53333333333333,-0.8898218870162964,0.7498928314742861
UBFC_PHYS_s04_T3_test,99,77,101.56666666666666,-0.9283228516578674,0.3941331757457911
UBFC_PHYS_s04_T3_test,99,78,101.6,-1.0701946020126343,0.051276847817934956
UBFC_PHYS_s04_T3_test,99,79,101.63333333333334,-1.230776071548462,-0.2652756929923291
UBFC_PHYS_s04_T3_test,99,80,101.66666666666667,-1.2102733850479126,-0.5509987882148999
UBFC_PHYS_s04_T3_test,99,81,101.7,-0.9300768375396729,-0.8050860372120916
UBFC_PHYS_s04_T3_test,99,82,101.73333333333333,-0.5418612957000732,-1.0253124372110929
UBFC_PHYS_s04_T3_test,99,83,101.76666666666667,-0.22859157621860504,-1.2044229934993655
UBFC_PHYS_s04_T3_test,99,84,101.8,-0.0023119773250073195,-1.3287905981622266
UBFC_PHYS_s04_T3_test,99,85,101.83333333333333,0.19070926308631897,-1.3795712218886917
UBFC_PHYS_s04_T3_test,99,86,101.86666666666666,0.3183344304561615,-1.3364234884089892
UBFC_PHYS_s04_T3_test,99,87,101.9,0.32849806547164917,-1.1834900714046417
UBFC_PHYS_s04_T3_test,99,88,101.93333333333334,0.25392255187034607,-0.9163641561298085
UBFC_PHYS_s04_T3_test,99,89,101.96666666666667,0.17180472612380981,-0.547720699109713
UBFC_PHYS_s04_T3_test,99,90,102.0,0.11070601642131805,-0.10907071310318005
UBFC_PHYS_s04_T3_test,99,91,102.03333333333333,0.05395340546965599,0.3528190525585878
UBFC_PHYS_s04_T3_test,99,92,102.06666666666666,-0.0001389292738167569,0.7842104953334452
UBFC_PHYS_s04_T3_test,99,93,102.1,-0.050167761743068695,1.1348547217265665
UBFC_PHYS_s04_T3_test,99,94,102.13333333333334,-0.13440991938114166,1.3674685863734044
UBFC_PHYS_s04_T3_test,99,95,102.16666666666667,-0.2851687967777252,1.4636798810284948
UBFC_PHYS_s04_T3_test,99,96,102.2,-0.4573950469493866,1.425165422633513
UBFC_PHYS_s04_T3_test,99,97,102.23333333333333,-0.577877402305603,1.2701665829374318
UBFC_PHYS_s04_T3_test,99,98,102.26666666666667,-0.6473857164382935,1.026866381424123
UBFC_PHYS_s04_T3_test,99,99,102.3,-0.7376013398170471,0.7259357603779512
UBFC_PHYS_s04_T3_test,99,100,102.33333333333333,-0.8972277641296387,0.3946583029165631
UBFC_PHYS_s04_T3_test,99,101,102.36666666666666,-1.053950309753418,0.05430091268965114
UBFC_PHYS_s04_T3_test,99,102,102.4,-1.0184799432754517,-0.27900210351386734
UBFC_PHYS_s04_T3_test,99,103,102.43333333333334,-0.691840648651123,-0.5910320926045253
UBFC_PHYS_s04_T3_test,99,104,102.46666666666667,-0.21464703977108002,-0.8659529723714996
UBFC_PHYS_s04_T3_test,99,105,102.5,0.2169709950685501,-1.0843892971786644
UBFC_PHYS_s04_T3_test,99,106,102.53333333333333,0.5615501403808594,-1.2241782050401149
UBFC_PHYS_s04_T3_test,99,107,102.56666666666666,0.8656209707260132,-1.2638095932838331
UBFC_PHYS_s04_T3_test,99,108,102.6,1.1291542053222656,-1.1878085706716024
UBFC_PHYS_s04_T3_test,99,109,102.63333333333334,1.3359932899475098,-0.992721184156321
UBFC_PHYS_s04_T3_test,99,110,102.66666666666667,1.4952690601348877,-0.6917880218169582
UBFC_PHYS_s04_T3_test,99,111,102.7,1.6360104084014893,-0.31620757139315114
UBFC_PHYS_s04_T3_test,99,112,102.73333333333333,1.7773364782333374,0.08840917378429969
UBFC_PHYS_s04_T3_test,99,113,102.76666666666667,1.8835819959640503,0.4701343267080519
UBFC_PHYS_s04_T3_test,99,114,102.8,1.8772772550582886,0.7810794092716867
UBFC_PHYS_s04_T3_test,99,115,102.83333333333333,1.7307475805282593,0.9865604404542283
UBFC_PHYS_s04_T3_test,99,116,102.86666666666666,1.4535036087036133,1.0702007821638106
UBFC_PHYS_s04_T3_test,99,117,102.9,1.006664514541626,1.0339980487172469
UBFC_PHYS_s04_T3_test,99,118,102.93333333333334,0.3554808795452118,0.8944257804230686
UBFC_PHYS_s04_T3_test,99,119,102.96666666666667,-0.40615788102149963,0.676722112982861
UBFC_PHYS_s04_T3_test,99,120,103.0,-1.1289546489715576,0.4092903512300183
UBFC_PHYS_s04_T3_test,99,121,103.03333333333333,-1.7526973485946655,0.1194210044490776
UBFC_PHYS_s04_T3_test,99,122,103.06666666666666,-2.276986598968506,-0.16888180354921217
UBFC_PHYS_s04_T3_test,99,123,103.1,-2.643296241760254,-0.43471969995540816
UBFC_PHYS_s04_T3_test,99,124,103.13333333333334,-2.7318456172943115,-0.6586093857517555
UBFC_PHYS_s04_T3_test,99,125,103.16666666666667,-2.4501776695251465,-0.8211354306780382
UBFC_PHYS_s04_T3_test,99,126,103.2,-1.8700029850006104,-0.903787692606066
UBFC_PHYS_s04_T3_test,99,127,103.23333333333333,-1.2249585390090942,-0.8925371556889029
UBFC_PHYS_s04_T3_test,99,128,103.26666666666667,-0.702725350856781,-0.7827659638144323
UBFC_PHYS_s04_T3_test,99,129,103.3,-0.3113720417022705,-0.5829484364617733
UBFC_PHYS_s04_T3_test,99,130,103.33333333333333,0.013552248477935791,-0.3149448391300572
UBFC_PHYS_s04_T3_test,99,131,103.36666666666666,0.2883405089378357,-0.010462452330964905
UBFC_PHYS_s04_T3_test,99,132,103.4,0.4833204448223114,0.2950032033934919
UBFC_PHYS_s04_T3_test,99,133,103.43333333333334,0.5713434815406799,0.5685254662162015
UBFC_PHYS_s04_T3_test,99,134,103.46666666666667,0.5583831667900085,0.7844353405499818
UBFC_PHYS_s04_T3_test,99,135,103.5,0.485922247171402,0.9263768265822786
UBFC_PHYS_s04_T3_test,99,136,103.53333333333333,0.4124965965747833,0.9868598647937677
UBFC_PHYS_s04_T3_test,99,137,103.56666666666666,0.3762466609477997,0.965280476544776
UBFC_PHYS_s04_T3_test,99,138,103.6,0.36129841208457947,0.8657574829260523
UBFC_PHYS_s04_T3_test,99,139,103.63333333333334,0.32751384377479553,0.6958057806685404
UBFC_PHYS_s04_T3_test,99,140,103.66666666666667,0.27110230922698975,0.46595947139218513
UBFC_PHYS_s04_T3_test,99,141,103.7,0.21124115586280823,0.1897969065574655
UBFC_PHYS_s04_T3_test,99,142,103.73333333333333,0.13865356147289276,-0.11603429558435735
UBFC_PHYS_s04_T3_test,99,143,103.76666666666667,0.03594536334276199,-0.4317781118152898
UBFC_PHYS_s04_T3_test,99,144,103.8,-0.08928262442350388,-0.7345156429200471
UBFC_PHYS_s04_T3_test,99,145,103.83333333333333,-0.25072160363197327,-0.9984038573828155
UBFC_PHYS_s04_T3_test,99,146,103.86666666666666,-0.45377978682518005,-1.1957029356115285
UBFC_PHYS_s04_T3_test,99,147,103.9,-0.5770783424377441,-1.2991096639169568
UBFC_PHYS_s04_T3_test,99,148,103.93333333333334,-0.4547542333602905,-1.2857698586586188
UBFC_PHYS_s04_T3_test,99,149,103.96666666666667,-0.11607056111097336,-1.1427296897164336
UBFC_PHYS_s04_T3_test,99,150,104.0,0.23392660915851593,-0.8724892945113014
UBFC_PHYS_s04_T3_test,99,151,104.03333333333333,0.48477238416671753,-0.49649910397820096
UBFC_PHYS_s04_T3_test,99,152,104.06666666666666,0.6761468052864075,-0.05463621785228286
UBFC_PHYS_s04_T3_test,99,153,104.1,0.8049218058586121,0.4001610547585788
UBFC_PHYS_s04_T3_test,99,154,104.13333333333334,0.8386868834495544,0.8113446257315349
UBFC_PHYS_s04_T3_test,99,155,104.16666666666667,0.7966291308403015,1.1299474412451034
UBFC_PHYS_s04_T3_test,99,156,104.2,0.7000892758369446,1.3241074414092149
UBFC_PHYS_s04_T3_test,99,157,104.23333333333333,0.5493888854980469,1.3837896282178808
UBFC_PHYS_s04_T3_test,99,158,104.26666666666667,0.3917503356933594,1.3194173898102664
UBFC_PHYS_s04_T3_test,99,159,104.3,0.3204295337200165,1.155562358562021
UBFC_PHYS_s04_T3_test,99,160,104.33333333333333,0.36143484711647034,0.9225310387317307
UBFC_PHYS_s04_T3_test,99,161,104.36666666666666,0.433691143989563,0.6489181074168231
UBFC_PHYS_s04_T3_test,99,162,104.4,0.46332448720932007,0.35708641915283634
UBFC_PHYS_s04_T3_test,99,163,104.43333333333334,0.47566115856170654,0.061939801800752536
UBFC_PHYS_s04_T3_test,99,164,104.46666666666667,0.4937666654586792,-0.2277951024211481
UBFC_PHYS_s04_T3_test,99,165,104.5,0.4539111852645874,-0.5069167560360872
UBFC_PHYS_s04_T3_test,99,166,104.53333333333333,0.3032985031604767,-0.7706102695835022
UBFC_PHYS_s04_T3_test,99,167,104.56666666666666,0.08665631711483002,-1.0113204469502781
UBFC_PHYS_s04_T3_test,99,168,104.6,-0.11027251929044724,-1.2160608342571835
UBFC_PHYS_s04_T3_test,99,169,104.63333333333334,-0.2151147872209549,-1.3649379361409102
UBFC_PHYS_s04_T3_test,99,170,104.66666666666667,-0.22855259478092194,-1.4321128365493137
UBFC_PHYS_s04_T3_test,99,171,104.7,-0.20154054462909698,-1.390232114358814
UBFC_PHYS_s04_T3_test,99,172,104.73333333333333,-0.13683632016181946,-1.2181385456746003
UBFC_PHYS_s04_T3_test,99,173,104.76666666666667,-0.017425868660211563,-0.9099512758659463
UBFC_PHYS_s04_T3_test,99,174,104.8,0.09377963095903397,-0.4823345079279923
UBFC_PHYS_s04_T3_test,99,175,104.83333333333333,0.1348726451396942,0.02336287630892964
UBFC_PHYS_s04_T3_test,99,176,104.86666666666666,0.14523117244243622,0.5461466506099963
UBFC_PHYS_s04_T3_test,99,177,104.9,0.18858493864536285,1.0171777391469063
UBFC_PHYS_s04_T3_test,99,178,104.93333333333334,0.2513499855995178,1.375066457091341
UBFC_PHYS_s04_T3_test,99,179,104.96666666666667,0.27490270137786865,1.5795395572218471
UBFC_PHYS_s04_T3_test,99,180,105.0,0.23012621700763702,1.61866242993063
UBFC_PHYS_s04_T3_test,99,181,105.03333333333333,0.13906283676624298,1.507420381785168
UBFC_PHYS_s04_T3_test,99,182,105.06666666666666,0.06870674341917038,1.2792714860276375
UBFC_PHYS_s04_T3_test,99,183,105.1,0.06647522747516632,0.9749837212564731
UBFC_PHYS_s04_T3_test,99,184,105.13333333333334,0.08708508312702179,0.633067022378415
UBFC_PHYS_s04_T3_test,99,185,105.16666666666667,0.03153105452656746,0.28412858512925904
UBFC_PHYS_s04_T3_test,99,186,105.2,-0.10392877459526062,-0.05076117561068094
UBFC_PHYS_s04_T3_test,99,187,105.23333333333333,-0.16692768037319183,-0.3590045659199008
UBFC_PHYS_s04_T3_test,99,188,105.26666666666667,0.017264945432543755,-0.6342649759950463
UBFC_PHYS_s04_T3_test,99,189,105.3,0.428331583738327,-0.8740202346184589
UBFC_PHYS_s04_T3_test,99,190,105.33333333333333,0.8432571291923523,-1.0769578209995243
UBFC_PHYS_s04_T3_test,99,191,105.36666666666666,1.0615460872650146,-1.239999611692026
UBFC_PHYS_s04_T3_test,99,192,105.4,1.0650444030761719,-1.355282463405806
UBFC_PHYS_s04_T3_test,99,193,105.43333333333334,0.9772942066192627,-1.4082667839043648
UBFC_PHYS_s04_T3_test,99,194,105.46666666666667,0.9180177450180054,-1.378509022876852
UBFC_PHYS_s04_T3_test,99,195,105.5,0.9223833680152893,-1.244103954573419
UBFC_PHYS_s04_T3_test,99,196,105.53333333333333,0.9826732873916626,-0.9894347448244092
UBFC_PHYS_s04_T3_test,99,197,105.56666666666666,1.1279361248016357,-0.614128046146468
UBFC_PHYS_s04_T3_test,99,198,105.6,1.4130147695541382,-0.1397811264246687
UBFC_PHYS_s04_T3_test,99,199,105.63333333333334,1.8036664724349976,0.38901370115561495
UBFC_PHYS_s04_T3_test,99,200,105.66666666666667,2.128230094909668,0.9111259668135868
UBFC_PHYS_s04_T3_test,99,201,105.7,2.1819522380828857,1.3615947501518868
UBFC_PHYS_s04_T3_test,99,202,105.73333333333333,1.8859012126922607,1.6863486472415423
UBFC_PHYS_s04_T3_test,99,203,105.76666666666667,1.345396876335144,1.8535821653044087
UBFC_PHYS_s04_T3_test,99,204,105.8,0.7425953149795532,1.8581270246980306
UBFC_PHYS_s04_T3_test,99,205,105.83333333333333,0.1384294331073761,1.7183674814258878
UBFC_PHYS_s04_T3_test,99,206,105.86666666666666,-0.5207545161247253,1.4679689891070655
UBFC_PHYS_s04_T3_test,99,207,105.9,-1.2092599868774414,1.1459079685318128
UBFC_PHYS_s04_T3_test,99,208,105.93333333333334,-1.764274001121521,0.7879759124220926
UBFC_PHYS_s04_T3_test,99,209,105.96666666666667,-2.11242938041687,0.4216624105209329
UBFC_PHYS_s04_T3_test,99,210,106.0,-2.3545830249786377,0.06483363987402098
UBFC_PHYS_s04_T3_test,99,211,106.03333333333333,-2.531554937362671,-0.272616573931696
UBFC_PHYS_s04_T3_test,99,212,106.06666666666666,-2.5970191955566406,-0.5856777378158193
UBFC_PHYS_s04_T3_test,99,213,106.1,-2.536154270172119,-0.8711682383312681
UBFC_PHYS_s04_T3_test,99,214,106.13333333333334,-2.311638593673706,-1.125449837717268
UBFC_PHYS_s04_T3_test,99,215,106.16666666666667,-1.9654806852340698,-1.3428876972791914
UBFC_PHYS_s04_T3_test,99,216,106.2,-1.7272249460220337,-1.5148443892917707
UBFC_PHYS_s04_T3_test,99,217,106.23333333333333,-1.7074239253997803,-1.62931608231129
UBFC_PHYS_s04_T3_test,99,218,106.26666666666667,-1.724593997001648,-1.6717038081036748
UBFC_PHYS_s04_T3_test,99,219,106.3,-1.606956958770752,-1.6272581853957502
UBFC_PHYS_s04_T3_test,99,220,106.33333333333333,-1.3799270391464233,-1.4852446000732054
UBFC_PHYS_s04_T3_test,99,221,106.36666666666666,-1.175621509552002,-1.243952356698845
UBFC_PHYS_s04_T3_test,99,222,106.4,-1.0907752513885498,-0.9147696753319594
UBFC_PHYS_s04_T3_test,99,223,106.43333333333334,-1.0705844163894653,-0.523375439827825
UBFC_PHYS_s04_T3_test,99,224,106.46666666666667,-1.024667739868164,-0.1070145916645325
UBFC_PHYS_s04_T3_test,99,225,106.5,-0.9700687527656555,0.2916739798632977
UBFC_PHYS_s04_T3_test,99,226,106.53333333333333,-0.9153234958648682,0.6325514086920117
UBFC_PHYS_s04_T3_test,99,227,106.56666666666666,-0.7970434427261353,0.885381426295513
UBFC_PHYS_s04_T3_test,99,228,106.6,-0.632710337638855,1.034876883468542
UBFC_PHYS_s04_T3_test,99,229,106.63333333333334,-0.5401462912559509,1.082324433937712
UBFC_PHYS_s04_T3_test,99,230,106.66666666666667,-0.5758505463600159,1.0435684283387798
UBFC_PHYS_s04_T3_test,99,231,106.7,-0.6156085133552551,0.9440000837127525
UBFC_PHYS_s04_T3_test,99,232,106.73333333333333,-0.45708319544792175,0.8120587505648853
UBFC_PHYS_s04_T3_test,99,233,106.76666666666667,-0.06613917648792267,0.6732210558086317
UBFC_PHYS_s04_T3_test,99,234,106.8,0.3796280324459076,0.5461459191244133
UBFC_PHYS_s04_T3_test,99,235,106.83333333333333,0.7415233850479126,0.4415910207346099
UBFC_PHYS_s04_T3_test,99,236,106.86666666666666,1.0139826536178589,0.36341474496197196
UBFC_PHYS_s04_T3_test,99,237,106.9,1.225333571434021,0.31027224998102604
UBFC_PHYS_s04_T3_test,99,238,106.93333333333334,1.3952113389968872,0.27698285143309626
UBFC_PHYS_s04_T3_test,99,239,106.96666666666667,1.541448712348938,0.2555123300486011
UBFC_PHYS_s04_T3_test,100,0,100.0,-0.7527152299880981,-0.10633360444743395
UBFC_PHYS_s04_T3_test,100,1,100.03333333333333,-1.3370118141174316,-0.3374632672072936
UBFC_PHYS_s04_T3_test,100,2,100.06666666666666,-1.7422024011611938,-0.5670949152238783
UBFC_PHYS_s04_T3_test,100,3,100.1,-1.9687548875808716,-0.7931655853731993
UBFC_PHYS_s04_T3_test,100,4,100.13333333333334,-2.0491089820861816,-1.0069439092749033
UBFC_PHYS_s04_T3_test,100,5,100.16666666666667,-1.9946171045303345,-1.192106594546529
UBFC_PHYS_s04_T3_test,100,6,100.2,-1.8776623010635376,-1.3255195819929582
UBFC_PHYS_s04_T3_test,100,7,100.23333333333333,-1.8219035863876343,-1.3798969986136689
UBFC_PHYS_s04_T3_test,100,8,100.26666666666667,-1.8555810451507568,-1.3286127459537351
UBFC_PHYS_s04_T3_test,100,9,100.3,-1.8293094635009766,-1.152507806138325
UBFC_PHYS_s04_T3_test,100,10,100.33333333333333,-1.5767195224761963,-0.8475534426910522
UBFC_PHYS_s04_T3_test,100,11,100.36666666666666,-1.1302798986434937,-0.4310371498872883
UBFC_PHYS_s04_T3_test,100,12,100.4,-0.6941013932228088,0.05674508449632633
UBFC_PHYS_s04_T3_test,100,13,100.43333333333334,-0.4177344739437103,0.5575447933130041
UBFC_PHYS_s04_T3_test,100,14,100.46666666666667,-0.27984821796417236,1.00673374006466
UBFC_PHYS_s04_T3_test,100,15,100.5,-0.16979259252548218,1.348013934371858
UBFC_PHYS_s04_T3_test,100,16,100.53333333333333,-0.005927227903157473,1.5458677681373985
UBFC_PHYS_s04_T3_test,100,17,100.56666666666666,0.21040312945842743,1.5910501302024207
UBFC_PHYS_s04_T3_test,100,18,100.6,0.45347270369529724,1.4978702744683068
UBFC_PHYS_s04_T3_test,100,19,100.63333333333334,0.7184871435165405,1.295843718148184
UBFC_PHYS_s04_T3_test,100,20,100.66666666666667,1.0009249448776245,1.02000806296365
UBFC_PHYS_s04_T3_test,100,21,100.7,1.2623435258865356,0.7034159676071756
UBFC_PHYS_s04_T3_test,100,22,100.73333333333333,1.4463022947311401,0.3731739548386015
UBFC_PHYS_s04_T3_test,100,23,100.76666666666667,1.5313045978546143,0.049378184344047255
UBFC_PHYS_s04_T3_test,100,24,100.8,1.5614933967590332,-0.2545333314917765
UBFC_PHYS_s04_T3_test,100,25,100.83333333333333,1.5921791791915894,-0.5310798913142548
UBFC_PHYS_s04_T3_test,100,26,100.86666666666666,1.6195322275161743,-0.7777506448726419
UBFC_PHYS_s04_T3_test,100,27,100.9,1.5736838579177856,-0.9950212752583296
UBFC_PHYS_s04_T3_test,100,28,100.93333333333334,1.4074993133544922,-1.1827473265969592
UBFC_PHYS_s04_T3_test,100,29,100.96666666666667,1.1897852420806885,-1.3353518114933742
UBFC_PHYS_s04_T3_test,100,30,101.0,1.0346412658691406,-1.437702058404191
UBFC_PHYS_s04_T3_test,100,31,101.03333333333333,0.9327515959739685,-1.4644127710203882
UBFC_PHYS_s04_T3_test,100,32,101.06666666666666,0.7685354351997375,-1.3846433121050525
UBFC_PHYS_s04_T3_test,100,33,101.1,0.5079938173294067,-1.1722945017532185
UBFC_PHYS_s04_T3_test,100,34,101.13333333333334,0.21787723898887634,-0.8187066755963958
UBFC_PHYS_s04_T3_test,100,35,101.16666666666667,-0.05768085643649101,-0.3428672286229775
UBFC_PHYS_s04_T3_test,100,36,101.2,-0.3452540636062622,0.20598241248925606
UBFC_PHYS_s04_T3_test,100,37,101.23333333333333,-0.6508645415306091,0.7560402160064006
UBFC_PHYS_s04_T3_test,100,38,101.26666666666667,-0.8964189887046814,1.2293714940169886
UBFC_PHYS_s04_T3_test,100,39,101.3,-0.997343897819519,1.5614323836753357
UBFC_PHYS_s04_T3_test,100,40,101.33333333333333,-0.9567186236381531,1.7163853352367988
UBFC_PHYS_s04_T3_test,100,41,101.36666666666666,-0.8482806086540222,1.6927061066047664
UBFC_PHYS_s04_T3_test,100,42,101.4,-0.7687938213348389,1.5180898064906605
UBFC_PHYS_s04_T3_test,100,43,101.43333333333334,-0.7764627933502197,1.2372002252683767
UBFC_PHYS_s04_T3_test,100,44,101.46666666666667,-0.8423851132392883,0.8978538076285498
UBFC_PHYS_s04_T3_test,100,45,101.5,-0.8877754807472229,0.5404063106172101
UBFC_PHYS_s04_T3_test,100,46,101.53333333333333,-0.8898218870162964,0.19258282758015
UBFC_PHYS_s04_T3_test,100,47,101.56666666666666,-0.9283228516578674,-0.1306139685550669
UBFC_PHYS_s04_T3_test,100,48,101.6,-1.0701946020126343,-0.4237357675931515
UBFC_PHYS_s04_T3_test,100,49,101.63333333333334,-1.230776071548462,-0.6863674531408466
UBFC_PHYS_s04_T3_test,100,50,101.66666666666667,-1.2102733850479126,-0.9184618518709118
UBFC_PHYS_s04_T3_test,100,51,101.7,-0.9300768375396729,-1.1161272272930736
UBFC_PHYS_s04_T3_test,100,52,101.73333333333333,-0.5418612957000732,-1.2684840713129728
UBFC_PHYS_s04_T3_test,100,53,101.76666666666667,-0.22859157621860504,-1.3566329708220877
UBFC_PHYS_s04_T3_test,100,54,101.8,-0.0023119773250073195,-1.355955922272821
UBFC_PHYS_s04_T3_test,100,55,101.83333333333333,0.19070926308631897,-1.2423712950146595
UBFC_PHYS_s04_T3_test,100,56,101.86666666666666,0.3183344304561615,-1.0016630785634637
UBFC_PHYS_s04_T3_test,100,57,101.9,0.32849806547164917,-0.6390899247011214
UBFC_PHYS_s04_T3_test,100,58,101.93333333333334,0.25392255187034607,-0.18514324334682797
UBFC_PHYS_s04_T3_test,100,59,101.96666666666667,0.17180472612380981,0.30624493330361074
UBFC_PHYS_s04_T3_test,100,60,102.0,0.11070601642131805,0.7680801896000654
UBFC_PHYS_s04_T3_test,100,61,102.03333333333333,0.05395340546965599,1.1364076658465565
UBFC_PHYS_s04_T3_test,100,62,102.06666666666666,-0.0001389292738167569,1.36614209046967
UBFC_PHYS_s04_T3_test,100,63,102.1,-0.050167761743068695,1.4404056248846
UBFC_PHYS_s04_T3_test,100,64,102.13333333333334,-0.13440991938114166,1.3703817015288882
UBFC_PHYS_s04_T3_test,100,65,102.16666666666667,-0.2851687967777252,1.1870962179297624
UBFC_PHYS_s04_T3_test,100,66,102.2,-0.4573950469493866,0.9293653191852765
UBFC_PHYS_s04_T3_test,100,67,102.23333333333333,-0.577877402305603,0.6326450326457808
UBFC_PHYS_s04_T3_test,100,68,102.26666666666667,-0.6473857164382935,0.32226852901577135
UBFC_PHYS_s04_T3_test,100,69,102.3,-0.7376013398170471,0.012388423382533835
UBFC_PHYS_s04_T3_test,100,70,102.33333333333333,-0.8972277641296387,-0.2902826285347464
UBFC_PHYS_s04_T3_test,100,71,102.36666666666666,-1.053950309753418,-0.5803312526657948
UBFC_PHYS_s04_T3_test,100,72,102.4,-1.0184799432754517,-0.8478563603241306
UBFC_PHYS_s04_T3_test,100,73,102.43333333333334,-0.691840648651123,-1.0751764465254705
UBFC_PHYS_s04_T3_test,100,74,102.46666666666667,-0.21464703977108002,-1.237097157490996
UBFC_PHYS_s04_T3_test,100,75,102.5,0.2169709950685501,-1.3048179744760127
UBFC_PHYS_s04_T3_test,100,76,102.53333333333333,0.5615501403808594,-1.2528641552849056
UBFC_PHYS_s04_T3_test,100,77,102.56666666666666,0.8656209707260132,-1.0676900131198426
UBFC_PHYS_s04_T3_test,100,78,102.6,1.1291542053222656,-0.7555960285395811
UBFC_PHYS_s04_T3_test,100,79,102.63333333333334,1.3359932899475098,-0.346853499022447
UBFC_PHYS_s04_T3_test,100,80,102.66666666666667,1.4952690601348877,0.10672772884509489
UBFC_PHYS_s04_T3_test,100,81,102.7,1.6360104084014893,0.5415905758619887
UBFC_PHYS_s04_T3_test,100,82,102.73333333333333,1.7773364782333374,0.8972077677929068
UBFC_PHYS_s04_T3_test,100,83,102.76666666666667,1.8835819959640503,1.1307410092160488
UBFC_PHYS_s04_T3_test,100,84,102.8,1.8772772550582886,1.2259487042408772
UBFC_PHYS_s04_T3_test,100,85,102.83333333333333,1.7307475805282593,1.1929664939067153
UBFC_PHYS_s04_T3_test,100,86,102.86666666666666,1.4535036087036133,1.0596936571365476
UBFC_PHYS_s04_T3_test,100,87,102.9,1.006664514541626,0.8591527470650236
UBFC_PHYS_s04_T3_test,100,88,102.93333333333334,0.3554808795452118,0.6183518679428122
UBFC_PHYS_s04_T3_test,100,89,102.96666666666667,-0.40615788102149963,0.35279250658946876
UBFC_PHYS_s04_T3_test,100,90,103.0,-1.1289546489715576,0.06797055620241493
UBFC_PHYS_s04_T3_test,100,91,103.03333333333333,-1.7526973485946655,-0.23369158807439772
UBFC_PHYS_s04_T3_test,100,92,103.06666666666666,-2.276986598968506,-0.5440271167338132
UBFC_PHYS_s04_T3_test,100,93,103.1,-2.643296241760254,-0.8424895688975634
UBFC_PHYS_s04_T3_test,100,94,103.13333333333334,-2.7318456172943115,-1.0948363344127527
UBFC_PHYS_s04_T3_test,100,95,103.16666666666667,-2.4501776695251465,-1.2583319224908753
UBFC_PHYS_s04_T3_test,100,96,103.2,-1.8700029850006104,-1.2923784599674797
UBFC_PHYS_s04_T3_test,100,97,103.23333333333333,-1.2249585390090942,-1.1714223328778433
UBFC_PHYS_s04_T3_test,100,98,103.26666666666667,-0.702725350856781,-0.8957445590619106
UBFC_PHYS_s04_T3_test,100,99,103.3,-0.3113720417022705,-0.4959040259708732
UBFC_PHYS_s04_T3_test,100,100,103.33333333333333,0.013552248477935791,-0.0284234808360957
UBFC_PHYS_s04_T3_test,100,101,103.36666666666666,0.2883405089378357,0.4366092676634088
UBFC_PHYS_s04_T3_test,100,102,103.4,0.4833204448223114,0.8321152236879951
UBFC_PHYS_s04_T3_test,100,103,103.43333333333334,0.5713434815406799,1.1091092131056854
UBFC_PHYS_s04_T3_test,100,104,103.46666666666667,0.5583831667900085,1.24540618464504
UBFC_PHYS_s04_T3_test,100,105,103.5,0.485922247171402,1.245832623977515
UBFC_PHYS_s04_T3_test,100,106,103.53333333333333,0.4124965965747833,1.1351402161534532
UBFC_PHYS_s04_T3_test,100,107,103.56666666666666,0.3762466609477997,0.9471864889645843
UBFC_PHYS_s04_T3_test,100,108,103.6,0.36129841208457947,0.7145091056751682
UBFC_PHYS_s04_T3_test,100,109,103.63333333333334,0.32751384377479553,0.4613636678715063
UBFC_PHYS_s04_T3_test,100,110,103.66666666666667,0.27110230922698975,0.20144559451201563
UBFC_PHYS_s04_T3_test,100,111,103.7,0.21124115586280823,-0.06021911654496329
UBFC_PHYS_s04_T3_test,100,112,103.73333333333333,0.13865356147289276,-0.3227545875952244
UBFC_PHYS_s04_T3_test,100,113,103.76666666666667,0.03594536334276199,-0.5840834373378405
UBFC_PHYS_s04_T3_test,100,114,103.8,-0.08928262442350388,-0.8362980531709304
UBFC_PHYS_s04_T3_test,100,115,103.83333333333333,-0.25072160363197327,-1.0628786833439836
UBFC_PHYS_s04_T3_test,100,116,103.86666666666666,-0.45377978682518005,-1.238488117192882
UBFC_PHYS_s04_T3_test,100,117,103.9,-0.5770783424377441,-1.3318200283207173
UBFC_PHYS_s04_T3_test,100,118,103.93333333333334,-0.4547542333602905,-1.3116841119769078
UBFC_PHYS_s04_T3_test,100,119,103.96666666666667,-0.11607056111097336,-1.155683503623985
UBFC_PHYS_s04_T3_test,100,120,104.0,0.23392660915851593,-0.859402871064998
UBFC_PHYS_s04_T3_test,100,121,104.03333333333333,0.48477238416671753,-0.44288025513524903
UBFC_PHYS_s04_T3_test,100,122,104.06666666666666,0.6761468052864075,0.048710536801488215
UBFC_PHYS_s04_T3_test,100,123,104.1,0.8049218058586121,0.5516424670337496
UBFC_PHYS_s04_T3_test,100,124,104.13333333333334,0.8386868834495544,0.9964619556898974
UBFC_PHYS_s04_T3_test,100,125,104.16666666666667,0.7966291308403015,1.3235052398403306
UBFC_PHYS_s04_T3_test,100,126,104.2,0.7000892758369446,1.4960335561181635
UBFC_PHYS_s04_T3_test,100,127,104.23333333333333,0.5493888854980469,1.5064385783755363
UBFC_PHYS_s04_T3_test,100,128,104.26666666666667,0.3917503356933594,1.3736975341067599
UBFC_PHYS_s04_T3_test,100,129,104.3,0.3204295337200165,1.1339002042132076
UBFC_PHYS_s04_T3_test,100,130,104.33333333333333,0.36143484711647034,0.8283261808331139
UBFC_PHYS_s04_T3_test,100,131,104.36666666666666,0.433691143989563,0.49377574464869806
UBFC_PHYS_s04_T3_test,100,132,104.4,0.46332448720932007,0.15762476409293283
UBFC_PHYS_s04_T3_test,100,133,104.43333333333334,0.47566115856170654,-0.16274470688690468
UBFC_PHYS_s04_T3_test,100,134,104.46666666666667,0.4937666654586792,-0.4579320956050827
UBFC_PHYS_s04_T3_test,100,135,104.5,0.4539111852645874,-0.7235299139145438
UBFC_PHYS_s04_T3_test,100,136,104.53333333333333,0.3032985031604767,-0.9568321554230057
UBFC_PHYS_s04_T3_test,100,137,104.56666666666666,0.08665631711483002,-1.1532925701168106
UBFC_PHYS_s04_T3_test,100,138,104.6,-0.11027251929044724,-1.3030625826259523
UBFC_PHYS_s04_T3_test,100,139,104.63333333333334,-0.2151147872209549,-1.3888012800766982
UBFC_PHYS_s04_T3_test,100,140,104.66666666666667,-0.22855259478092194,-1.3865466625112235
UBFC_PHYS_s04_T3_test,100,141,104.7,-0.20154054462909698,-1.2709563209187589
UBFC_PHYS_s04_T3_test,100,142,104.73333333333333,-0.13683632016181946,-1.0244655219129557
UBFC_PHYS_s04_T3_test,100,143,104.76666666666667,-0.017425868660211563,-0.6476463635586556
UBFC_PHYS_s04_T3_test,100,144,104.8,0.09377963095903397,-0.16654002958593675
UBFC_PHYS_s04_T3_test,100,145,104.83333333333333,0.1348726451396942,0.36698776742840683
UBFC_PHYS_s04_T3_test,100,146,104.86666666666666,0.14523117244243622,0.883508175520921
UBFC_PHYS_s04_T3_test,100,147,104.9,0.18858493864536285,1.3111170004444563
UBFC_PHYS_s04_T3_test,100,148,104.93333333333334,0.2513499855995178,1.5925429966077305
UBFC_PHYS_s04_T3_test,100,149,104.96666666666667,0.27490270137786865,1.6982919973391333
UBFC_PHYS_s04_T3_test,100,150,105.0,0.23012621700763702,1.6312102941122846
UBFC_PHYS_s04_T3_test,100,151,105.03333333333333,0.13906283676624298,1.421329413351015
UBFC_PHYS_s04_T3_test,100,152,105.06666666666666,0.06870674341917038,1.1139161041889245
UBFC_PHYS_s04_T3_test,100,153,105.1,0.06647522747516632,0.7560692385542074
UBFC_PHYS_s04_T3_test,100,154,105.13333333333334,0.08708508312702179,0.3866640109597641
UBFC_PHYS_s04_T3_test,100,155,105.16666666666667,0.03153105452656746,0.03184917999421627
UBFC_PHYS_s04_T3_test,100,156,105.2,-0.10392877459526062,-0.29444531776743527
UBFC_PHYS_s04_T3_test,100,157,105.23333333333333,-0.16692768037319183,-0.5870609426784092
UBFC_PHYS_s04_T3_test,100,158,105.26666666666667,0.017264945432543755,-0.8452361116166315
UBFC_PHYS_s04_T3_test,100,159,105.3,0.428331583738327,-1.0683935137385567
UBFC_PHYS_s04_T3_test,100,160,105.33333333333333,0.8432571291923523,-1.252436550545781
UBFC_PHYS_s04_T3_test,100,161,105.36666666666666,1.0615460872650146,-1.3868904871134526
UBFC_PHYS_s04_T3_test,100,162,105.4,1.0650444030761719,-1.4537922613020489
UBFC_PHYS_s04_T3_test,100,163,105.43333333333334,0.9772942066192627,-1.429637392638377
UBFC_PHYS_s04_T3_test,100,164,105.46666666666667,0.9180177450180054,-1.2911928869544478
UBFC_PHYS_s04_T3_test,100,165,105.5,0.9223833680152893,-1.0244628037505532
UBFC_PHYS_s04_T3_test,100,166,105.53333333333333,0.9826732873916626,-0.6341347424350157
UBFC_PHYS_s04_T3_test,100,167,105.56666666666666,1.1279361248016357,-0.14955044177941376
UBFC_PHYS_s04_T3_test,100,168,105.6,1.4130147695541382,0.3763498563461037
UBFC_PHYS_s04_T3_test,100,169,105.63333333333334,1.8036664724349976,0.8762838090348156
UBFC_PHYS_s04_T3_test,100,170,105.66666666666667,2.128230094909668,1.2837183079948764
UBFC_PHYS_s04_T3_test,100,171,105.7,2.1819522380828857,1.5486000661809085
UBFC_PHYS_s04_T3_test,100,172,105.73333333333333,1.8859012126922607,1.6480752885161536
UBFC_PHYS_s04_T3_test,100,173,105.76666666666667,1.345396876335144,1.5886688919070193
UBFC_PHYS_s04_T3_test,100,174,105.8,0.7425953149795532,1.4000024138651845
UBFC_PHYS_s04_T3_test,100,175,105.83333333333333,0.1384294331073761,1.1234195239157976
UBFC_PHYS_s04_T3_test,100,176,105.86666666666666,-0.5207545161247253,0.8003116333256268
UBFC_PHYS_s04_T3_test,100,177,105.9,-1.2092599868774414,0.46408009755176666
UBFC_PHYS_s04_T3_test,100,178,105.93333333333334,-1.764274001121521,0.13725208494334365
UBFC_PHYS_s04_T3_test,100,179,105.96666666666667,-2.11242938041687,-0.16721509251752492
UBFC_PHYS_s04_T3_test,100,180,106.0,-2.3545830249786377,-0.4426485962981695
UBFC_PHYS_s04_T3_test,100,181,106.03333333333333,-2.531554937362671,-0.6853598452169535
UBFC_PHYS_s04_T3_test,100,182,106.06666666666666,-2.5970191955566406,-0.8921869828804088
UBFC_PHYS_s04_T3_test,100,183,106.1,-2.536154270172119,-1.0587425794080914
UBFC_PHYS_s04_T3_test,100,184,106.13333333333334,-2.311638593673706,-1.1780432027186154
UBFC_PHYS_s04_T3_test,100,185,106.16666666666667,-1.9654806852340698,-1.23972290347564
UBFC_PHYS_s04_T3_test,100,186,106.2,-1.7272249460220337,-1.2306341668772547
UBFC_PHYS_s04_T3_test,100,187,106.23333333333333,-1.7074239253997803,-1.137611195868546
UBFC_PHYS_s04_T3_test,100,188,106.26666666666667,-1.724593997001648,-0.9522730817721325
UBFC_PHYS_s04_T3_test,100,189,106.3,-1.606956958770752,-0.6765673842262959
UBFC_PHYS_s04_T3_test,100,190,106.33333333333333,-1.3799270391464233,-0.32704136892949637
UBFC_PHYS_s04_T3_test,100,191,106.36666666666666,-1.175621509552002,0.06425048723456156
UBFC_PHYS_s04_T3_test,100,192,106.4,-1.0907752513885498,0.453687783181966
UBFC_PHYS_s04_T3_test,100,193,106.43333333333334,-1.0705844163894653,0.7946975421760182
UBFC_PHYS_s04_T3_test,100,194,106.46666666666667,-1.024667739868164,1.0484171099545612
UBFC_PHYS_s04_T3_test,100,195,106.5,-0.9700687527656555,1.192204631486822
UBFC_PHYS_s04_T3_test,100,196,106.53333333333333,-0.9153234958648682,1.222524182419255
UBFC_PHYS_s04_T3_test,100,197,106.56666666666666,-0.7970434427261353,1.1514249187254177
UBFC_PHYS_s04_T3_test,100,198,106.6,-0.632710337638855,0.9989279871675908
UBFC_PHYS_s04_T3_test,100,199,106.63333333333334,-0.5401462912559509,0.7853512133062694
UBFC_PHYS_s04_T3_test,100,200,106.66666666666667,-0.5758505463600159,0.5270084031852847
UBFC_PHYS_s04_T3_test,100,201,106.7,-0.6156085133552551,0.23650520049177307
UBFC_PHYS_s04_T3_test,100,202,106.73333333333333,-0.45708319544792175,-0.07353051972717792
UBFC_PHYS_s04_T3_test,100,203,106.76666666666667,-0.06613917648792267,-0.38585755235531205
UBFC_PHYS_s04_T3_test,100,204,106.8,0.3796280324459076,-0.6757643806402737
UBFC_PHYS_s04_T3_test,100,205,106.83333333333333,0.7415233850479126,-0.9116082014926055
UBFC_PHYS_s04_T3_test,100,206,106.86666666666666,1.0139826536178589,-1.0592066870487649
UBFC_PHYS_s04_T3_test,100,207,106.9,1.225333571434021,-1.089357520026929
UBFC_PHYS_s04_T3_test,100,208,106.93333333333334,1.3952113389968872,-0.986655855404366
UBFC_PHYS_s04_T3_test,100,209,106.96666666666667,1.541448712348938,-0.7568336814229768
UBFC_PHYS_s04_T3_test,100,210,107.0,1.6611223220825195,-0.42946936510398187
UBFC_PHYS_s04_T3_test,100,211,107.03333333333333,1.726898431777954,-0.05395249528115372
UBFC_PHYS_s04_T3_test,100,212,107.06666666666666,1.7355613708496094,0.31080542856644827
UBFC_PHYS_s04_T3_test,100,213,107.1,1.7342945337295532,0.6096927187648687
UBFC_PHYS_s04_T3_test,100,214,107.13333333333334,1.77321457862854,0.8033074269722318
UBFC_PHYS_s04_T3_test,100,215,107.16666666666667,1.827657699584961,0.8746243783969605
UBFC_PHYS_s04_T3_test,100,216,107.2,1.8104486465454102,0.8285768805238355
UBFC_PHYS_s04_T3_test,100,217,107.23333333333333,1.6617069244384766,0.6855543236757516
UBFC_PHYS_s04_T3_test,100,218,107.26666666666667,1.3813252449035645,0.4725071201572894
UBFC_PHYS_s04_T3_test,100,219,107.3,0.9995899200439453,0.21612425953881653
UBFC_PHYS_s04_T3_test,100,220,107.33333333333333,0.5646587014198303,-0.05941048118827818
UBFC_PHYS_s04_T3_test,100,221,107.36666666666666,0.1327873021364212,-0.3307268114915305
UBFC_PHYS_s04_T3_test,100,222,107.4,-0.27219870686531067,-0.5724536276973026
UBFC_PHYS_s04_T3_test,100,223,107.43333333333334,-0.6674790978431702,-0.7564205065609582
UBFC_PHYS_s04_T3_test,100,224,107.46666666666667,-1.0588713884353638,-0.854710965430312
UBFC_PHYS_s04_T3_test,100,225,107.5,-1.424800992012024,-0.8461767906647062
UBFC_PHYS_s04_T3_test,100,226,107.53333333333333,-1.728852391242981,-0.7238889020154166
UBFC_PHYS_s04_T3_test,100,227,107.56666666666666,-1.891811490058899,-0.5000526981206764
UBFC_PHYS_s04_T3_test,100,228,107.6,-1.815306544303894,-0.20571855997561816
UBFC_PHYS_s04_T3_test,100,229,107.63333333333334,-1.5267685651779175,0.1152542721597787
UBFC_PHYS_s04_T3_test,100,230,107.66666666666667,-1.192879319190979,0.4161132838892742
UBFC_PHYS_s04_T3_test,100,231,107.7,-0.9353974461555481,0.6575611761354577
UBFC_PHYS_s04_T3_test,100,232,107.73333333333333,-0.7381177544593811,0.8150574670287577
UBFC_PHYS_s04_T3_test,100,233,107.76666666666667,-0.5679768919944763,0.8810804245032678
UBFC_PHYS_s04_T3_test,100,234,107.8,-0.4455260932445526,0.8625953325996425
UBFC_PHYS_s04_T3_test,100,235,107.83333333333333,-0.35927656292915344,0.7756740028512962
UBFC_PHYS_s04_T3_test,100,236,107.86666666666666,-0.2603102922439575,0.6395393438826964
UBFC_PHYS_s04_T3_test,100,237,107.9,-0.13520897924900055,0.4716949913459546
UBFC_PHYS_s04_T3_test,100,238,107.93333333333334,0.007997820153832436,0.2850897454525327
UBFC_PHYS_s04_T3_test,100,239,107.96666666666667,0.18579798936843872,0.08777245951716038
UBFC_PHYS_s04_T3_test,101,0,101.0,1.0346412658691406,0.08318009072346948
UBFC_PHYS_s04_T3_test,101,1,101.03333333333333,0.9327515959739685,-0.1880598782713257
UBFC_PHYS_s04_T3_test,101,2,101.06666666666666,0.7685354351997375,-0.39674463676956767
UBFC_PHYS_s04_T3_test,101,3,101.1,0.5079938173294067,-0.49018733387951324
UBFC_PHYS_s04_T3_test,101,4,101.13333333333334,0.21787723898887634,-0.43560224642389844
UBFC_PHYS_s04_T3_test,101,5,101.16666666666667,-0.05768085643649101,-0.22718745509864355
UBFC_PHYS_s04_T3_test,101,6,101.2,-0.3452540636062622,0.11116195849984707
UBFC_PHYS_s04_T3_test,101,7,101.23333333333333,-0.6508645415306091,0.5289097239760026
UBFC_PHYS_s04_T3_test,101,8,101.26666666666667,-0.8964189887046814,0.9580513583944982
UBFC_PHYS_s04_T3_test,101,9,101.3,-0.997343897819519,1.327059145205633
UBFC_PHYS_s04_T3_test,101,10,101.33333333333333,-0.9567186236381531,1.5762283955038658
UBFC_PHYS_s04_T3_test,101,11,101.36666666666666,-0.8482806086540222,1.6699401477914513
UBFC_PHYS_s04_T3_test,101,12,101.4,-0.7687938213348389,1.6021716225238911
UBFC_PHYS_s04_T3_test,101,13,101.43333333333334,-0.7764627933502197,1.3939740655473143
UBFC_PHYS_s04_T3_test,101,14,101.46666666666667,-0.8423851132392883,1.0844197777445668
UBFC_PHYS_s04_T3_test,101,15,101.5,-0.8877754807472229,0.7185080043781813
UBFC_PHYS_s04_T3_test,101,16,101.53333333333333,-0.8898218870162964,0.33601158228266725
UBFC_PHYS_s04_T3_test,101,17,101.56666666666666,-0.9283228516578674,-0.03564465934326471
UBFC_PHYS_s04_T3_test,101,18,101.6,-1.0701946020126343,-0.38306448873900695
UBFC_PHYS_s04_T3_test,101,19,101.63333333333334,-1.230776071548462,-0.7035370376776089
UBFC_PHYS_s04_T3_test,101,20,101.66666666666667,-1.2102733850479126,-0.9985148025479124
UBFC_PHYS_s04_T3_test,101,21,101.7,-0.9300768375396729,-1.2664260304501056
UBFC_PHYS_s04_T3_test,101,22,101.73333333333333,-0.5418612957000732,-1.4971866403532605
UBFC_PHYS_s04_T3_test,101,23,101.76666666666667,-0.22859157621860504,-1.6701091587764398
UBFC_PHYS_s04_T3_test,101,24,101.8,-0.0023119773250073195,-1.7560523111357942
UBFC_PHYS_s04_T3_test,101,25,101.83333333333333,0.19070926308631897,-1.723715310038683
UBFC_PHYS_s04_T3_test,101,26,101.86666666666666,0.3183344304561615,-1.5489283494254726
UBFC_PHYS_s04_T3_test,101,27,101.9,0.32849806547164917,-1.22465645057657
UBFC_PHYS_s04_T3_test,101,28,101.93333333333334,0.25392255187034607,-0.768518628376859
UBFC_PHYS_s04_T3_test,101,29,101.96666666666667,0.17180472612380981,-0.22456965365586762
UBFC_PHYS_s04_T3_test,101,30,102.0,0.11070601642131805,0.3425734647487499
UBFC_PHYS_s04_T3_test,101,31,102.03333333333333,0.05395340546965599,0.8605346557909481
UBFC_PHYS_s04_T3_test,101,32,102.06666666666666,-0.0001389292738167569,1.2651624837731408
UBFC_PHYS_s04_T3_test,101,33,102.1,-0.050167761743068695,1.5142496420895455
UBFC_PHYS_s04_T3_test,101,34,102.13333333333334,-0.13440991938114166,1.5943775838578462
UBFC_PHYS_s04_T3_test,101,35,102.16666666666667,-0.2851687967777252,1.5191614848766466
UBFC_PHYS_s04_T3_test,101,36,102.2,-0.4573950469493866,1.3205901825786153
UBFC_PHYS_s04_T3_test,101,37,102.23333333333333,-0.577877402305603,1.0375062988340158
UBFC_PHYS_s04_T3_test,101,38,102.26666666666667,-0.6473857164382935,0.7056174855483337
UBFC_PHYS_s04_T3_test,101,39,102.3,-0.7376013398170471,0.3520160777170988
UBFC_PHYS_s04_T3_test,101,40,102.33333333333333,-0.8972277641296387,-0.00503514393519385
UBFC_PHYS_s04_T3_test,101,41,102.36666666666666,-1.053950309753418,-0.35230352470314275
UBFC_PHYS_s04_T3_test,101,42,102.4,-1.0184799432754517,-0.6761577257609601
UBFC_PHYS_s04_T3_test,101,43,102.43333333333334,-0.691840648651123,-0.9580664257188151
UBFC_PHYS_s04_T3_test,101,44,102.46666666666667,-0.21464703977108002,-1.1730368461728742
UBFC_PHYS_s04_T3_test,101,45,102.5,0.2169709950685501,-1.2919817420984643
UBFC_PHYS_s04_T3_test,101,46,102.53333333333333,0.5615501403808594,-1.2877396351360317
UBFC_PHYS_s04_T3_test,101,47,102.56666666666666,0.8656209707260132,-1.1432714518323568
UBFC_PHYS_s04_T3_test,101,48,102.6,1.1291542053222656,-0.8596705283797685
UBFC_PHYS_s04_T3_test,101,49,102.63333333333334,1.3359932899475098,-0.4611609528713573
UBFC_PHYS_s04_T3_test,101,50,102.66666666666667,1.4952690601348877,0.0055255257289745395
UBFC_PHYS_s04_T3_test,101,51,102.7,1.6360104084014893,0.4785574899438142
UBFC_PHYS_s04_T3_test,101,52,102.73333333333333,1.7773364782333374,0.8937069177885494
UBFC_PHYS_s04_T3_test,101,53,102.76666666666667,1.8835819959640503,1.1983102116746622
UBFC_PHYS_s04_T3_test,101,54,102.8,1.8772772550582886,1.3615802067828424
UBFC_PHYS_s04_T3_test,101,55,102.83333333333333,1.7307475805282593,1.377812471155965
UBFC_PHYS_s04_T3_test,101,56,102.86666666666666,1.4535036087036133,1.2622005184073175
UBFC_PHYS_s04_T3_test,101,57,102.9,1.006664514541626,1.0421071263901305
UBFC_PHYS_s04_T3_test,101,58,102.93333333333334,0.3554808795452118,0.7480187831503973
UBFC_PHYS_s04_T3_test,101,59,102.96666666666667,-0.40615788102149963,0.40755277753859204
UBFC_PHYS_s04_T3_test,101,60,103.0,-1.1289546489715576,0.04358988574922966
UBFC_PHYS_s04_T3_test,101,61,103.03333333333333,-1.7526973485946655,-0.32442518606768217
UBFC_PHYS_s04_T3_test,101,62,103.06666666666666,-2.276986598968506,-0.6776004463741894
UBFC_PHYS_s04_T3_test,101,63,103.1,-2.643296241760254,-0.9945613590021983
UBFC_PHYS_s04_T3_test,101,64,103.13333333333334,-2.7318456172943115,-1.2497033209256239
UBFC_PHYS_s04_T3_test,101,65,103.16666666666667,-2.4501776695251465,-1.414082817479534
UBFC_PHYS_s04_T3_test,101,66,103.2,-1.8700029850006104,-1.4595516099748773
UBFC_PHYS_s04_T3_test,101,67,103.23333333333333,-1.2249585390090942,-1.3655505214102202
UBFC_PHYS_s04_T3_test,101,68,103.26666666666667,-0.702725350856781,-1.126851939123486
UBFC_PHYS_s04_T3_test,101,69,103.3,-0.3113720417022705,-0.7596634462775945
UBFC_PHYS_s04_T3_test,101,70,103.33333333333333,0.013552248477935791,-0.3031733520504912
UBFC_PHYS_s04_T3_test,101,71,103.36666666666666,0.2883405089378357,0.18544420165488618
UBFC_PHYS_s04_T3_test,101,72,103.4,0.4833204448223114,0.6421341746692464
UBFC_PHYS_s04_T3_test,101,73,103.43333333333334,0.5713434815406799,1.0099817011432841
UBFC_PHYS_s04_T3_test,101,74,103.46666666666667,0.5583831667900085,1.251387428466865
UBFC_PHYS_s04_T3_test,101,75,103.5,0.485922247171402,1.3541290416030434
UBFC_PHYS_s04_T3_test,101,76,103.53333333333333,0.4124965965747833,1.3294870987902396
UBFC_PHYS_s04_T3_test,101,77,103.56666666666666,0.3762466609477997,1.2039123799872395
UBFC_PHYS_s04_T3_test,101,78,103.6,0.36129841208457947,1.008268800975961
UBFC_PHYS_s04_T3_test,101,79,103.63333333333334,0.32751384377479553,0.7690699584077297
UBFC_PHYS_s04_T3_test,101,80,103.66666666666667,0.27110230922698975,0.5041770467119173
UBFC_PHYS_s04_T3_test,101,81,103.7,0.21124115586280823,0.22292362571728963
UBFC_PHYS_s04_T3_test,101,82,103.73333333333333,0.13865356147289276,-0.07065072862018218
UBFC_PHYS_s04_T3_test,101,83,103.76666666666667,0.03594536334276199,-0.3729611578206864
UBFC_PHYS_s04_T3_test,101,84,103.8,-0.08928262442350388,-0.6758961569836985
UBFC_PHYS_s04_T3_test,101,85,103.83333333333333,-0.25072160363197327,-0.9630990247295762
UBFC_PHYS_s04_T3_test,101,86,103.86666666666666,-0.45377978682518005,-1.20868522461142
UBFC_PHYS_s04_T3_test,101,87,103.9,-0.5770783424377441,-1.3791555123464208
UBFC_PHYS_s04_T3_test,101,88,103.93333333333334,-0.4547542333602905,-1.4387073340785177
UBFC_PHYS_s04_T3_test,101,89,103.96666666666667,-0.11607056111097336,-1.3574280291229384
UBFC_PHYS_s04_T3_test,101,90,104.0,0.23392660915851593,-1.1209376504144393
UBFC_PHYS_s04_T3_test,101,91,104.03333333333333,0.48477238416671753,-0.738947232957011
UBFC_PHYS_s04_T3_test,101,92,104.06666666666666,0.6761468052864075,-0.2493340573883017
UBFC_PHYS_s04_T3_test,101,93,104.1,0.8049218058586121,0.2852941875684216
UBFC_PHYS_s04_T3_test,101,94,104.13333333333334,0.8386868834495544,0.7893306296844835
UBFC_PHYS_s04_T3_test,101,95,104.16666666666667,0.7966291308403015,1.1914669816473547
UBFC_PHYS_s04_T3_test,101,96,104.2,0.7000892758369446,1.441716368213612
UBFC_PHYS_s04_T3_test,101,97,104.23333333333333,0.5493888854980469,1.5217336563949242
UBFC_PHYS_s04_T3_test,101,98,104.26666666666667,0.3917503356933594,1.4448437635595133
UBFC_PHYS_s04_T3_test,101,99,104.3,0.3204295337200165,1.246796168610008
UBFC_PHYS_s04_T3_test,101,100,104.33333333333333,0.36143484711647034,0.9719736627013024
UBFC_PHYS_s04_T3_test,101,101,104.36666666666666,0.433691143989563,0.6607896605947894
UBFC_PHYS_s04_T3_test,101,102,104.4,0.46332448720932007,0.34215088889580464
UBFC_PHYS_s04_T3_test,101,103,104.43333333333334,0.47566115856170654,0.03183781563901508
UBFC_PHYS_s04_T3_test,101,104,104.46666666666667,0.4937666654586792,-0.2645811743607098
UBFC_PHYS_s04_T3_test,101,105,104.5,0.4539111852645874,-0.546516679855597
UBFC_PHYS_s04_T3_test,101,106,104.53333333333333,0.3032985031604767,-0.8128026497321167
UBFC_PHYS_s04_T3_test,101,107,104.56666666666666,0.08665631711483002,-1.0571467404563535
UBFC_PHYS_s04_T3_test,101,108,104.6,-0.11027251929044724,-1.2653349182420472
UBFC_PHYS_s04_T3_test,101,109,104.63333333333334,-0.2151147872209549,-1.4147029061920262
UBFC_PHYS_s04_T3_test,101,110,104.66666666666667,-0.22855259478092194,-1.4763947271041789
UBFC_PHYS_s04_T3_test,101,111,104.7,-0.20154054462909698,-1.4208002780362048
UBFC_PHYS_s04_T3_test,101,112,104.73333333333333,-0.13683632016181946,-1.2259011266925457
UBFC_PHYS_s04_T3_test,101,113,104.76666666666667,-0.017425868660211563,-0.886923966633042
UBFC_PHYS_s04_T3_test,101,114,104.8,0.09377963095903397,-0.4241434564820592
UBFC_PHYS_s04_T3_test,101,115,104.83333333333333,0.1348726451396942,0.11503018125466254
UBFC_PHYS_s04_T3_test,101,116,104.86666666666666,0.14523117244243622,0.6623933103926724
UBFC_PHYS_s04_T3_test,101,117,104.9,0.18858493864536285,1.1432764562147735
UBFC_PHYS_s04_T3_test,101,118,104.93333333333334,0.2513499855995178,1.4944273417452334
UBFC_PHYS_s04_T3_test,101,119,104.96666666666667,0.27490270137786865,1.6787157444006486
UBFC_PHYS_s04_T3_test,101,120,105.0,0.23012621700763702,1.6911352269781321
UBFC_PHYS_s04_T3_test,101,121,105.03333333333333,0.13906283676624298,1.5546082594260595
UBFC_PHYS_s04_T3_test,101,122,105.06666666666666,0.06870674341917038,1.3086220199263054
UBFC_PHYS_s04_T3_test,101,123,105.1,0.06647522747516632,0.9961842920261773
UBFC_PHYS_s04_T3_test,101,124,105.13333333333334,0.08708508312702179,0.6538400503346588
UBFC_PHYS_s04_T3_test,101,125,105.16666666666667,0.03153105452656746,0.3068689239298711
UBFC_PHYS_s04_T3_test,101,126,105.2,-0.10392877459526062,-0.030638047025471606
UBFC_PHYS_s04_T3_test,101,127,105.23333333333333,-0.16692768037319183,-0.35247805511478053
UBFC_PHYS_s04_T3_test,101,128,105.26666666666667,0.017264945432543755,-0.6557839171427022
UBFC_PHYS_s04_T3_test,101,129,105.3,0.428331583738327,-0.9367257983162397
UBFC_PHYS_s04_T3_test,101,130,105.33333333333333,0.8432571291923523,-1.1871921991214607
UBFC_PHYS_s04_T3_test,101,131,105.36666666666666,1.0615460872650146,-1.3927025761325296
UBFC_PHYS_s04_T3_test,101,132,105.4,1.0650444030761719,-1.5319361534356257
UBFC_PHYS_s04_T3_test,101,133,105.43333333333334,0.9772942066192627,-1.5786183125100222
UBFC_PHYS_s04_T3_test,101,134,105.46666666666667,0.9180177450180054,-1.5064407323959619
UBFC_PHYS_s04_T3_test,101,135,105.5,0.9223833680152893,-1.296820364702971
UBFC_PHYS_s04_T3_test,101,136,105.53333333333333,0.9826732873916626,-0.9477803488026928
UBFC_PHYS_s04_T3_test,101,137,105.56666666666666,1.1279361248016357,-0.4808323030695468
UBFC_PHYS_s04_T3_test,101,138,105.6,1.4130147695541382,0.0576021149281632
UBFC_PHYS_s04_T3_test,101,139,105.63333333333334,1.8036664724349976,0.6024072020760112
UBFC_PHYS_s04_T3_test,101,140,105.66666666666667,2.128230094909668,1.083031195523378
UBFC_PHYS_s04_T3_test,101,141,105.7,2.1819522380828857,1.4399110498477674
UBFC_PHYS_s04_T3_test,101,142,105.73333333333333,1.8859012126922607,1.6380252047580757
UBFC_PHYS_s04_T3_test,101,143,105.76666666666667,1.345396876335144,1.6722647664944166
UBFC_PHYS_s04_T3_test,101,144,105.8,0.7425953149795532,1.5631833634395709
UBFC_PHYS_s04_T3_test,101,145,105.83333333333333,0.1384294331073761,1.346215150513644
UBFC_PHYS_s04_T3_test,101,146,105.86666666666666,-0.5207545161247253,1.059743911239669
UBFC_PHYS_s04_T3_test,101,147,105.9,-1.2092599868774414,0.736613816788161
UBFC_PHYS_s04_T3_test,101,148,105.93333333333334,-1.764274001121521,0.4008262308907501
UBFC_PHYS_s04_T3_test,101,149,105.96666666666667,-2.11242938041687,0.06836402526377848
UBFC_PHYS_s04_T3_test,101,150,106.0,-2.3545830249786377,-0.2500553914916742
UBFC_PHYS_s04_T3_test,101,151,106.03333333333333,-2.531554937362671,-0.5461169195518527
UBFC_PHYS_s04_T3_test,101,152,106.06666666666666,-2.5970191955566406,-0.8118297986228462
UBFC_PHYS_s04_T3_test,101,153,106.1,-2.536154270172119,-1.0382729461503426
UBFC_PHYS_s04_T3_test,101,154,106.13333333333334,-2.311638593673706,-1.2147379960908278
UBFC_PHYS_s04_T3_test,101,155,106.16666666666667,-1.9654806852340698,-1.3280530781916902
UBFC_PHYS_s04_T3_test,101,156,106.2,-1.7272249460220337,-1.3626227735128733
UBFC_PHYS_s04_T3_test,101,157,106.23333333333333,-1.7074239253997803,-1.302265946456714
UBFC_PHYS_s04_T3_test,101,158,106.26666666666667,-1.724593997001648,-1.134558761747042
UBFC_PHYS_s04_T3_test,101,159,106.3,-1.606956958770752,-0.8570774727687468
UBFC_PHYS_s04_T3_test,101,160,106.33333333333333,-1.3799270391464233,-0.48333730629489313
UBFC_PHYS_s04_T3_test,101,161,106.36666666666666,-1.175621509552002,-0.045380399840807134
UBFC_PHYS_s04_T3_test,101,162,106.4,-1.0907752513885498,0.4093059471227373
UBFC_PHYS_s04_T3_test,101,163,106.43333333333334,-1.0705844163894653,0.8265477953636677
UBFC_PHYS_s04_T3_test,101,164,106.46666666666667,-1.024667739868164,1.1570332511080244
UBFC_PHYS_s04_T3_test,101,165,106.5,-0.9700687527656555,1.3661475544446309
UBFC_PHYS_s04_T3_test,101,166,106.53333333333333,-0.9153234958648682,1.4385217958752172
UBFC_PHYS_s04_T3_test,101,167,106.56666666666666,-0.7970434427261353,1.376606819912595
UBFC_PHYS_s04_T3_test,101,168,106.6,-0.632710337638855,1.195589212927633
UBFC_PHYS_s04_T3_test,101,169,106.63333333333334,-0.5401462912559509,0.9180883713390735
UBFC_PHYS_s04_T3_test,101,170,106.66666666666667,-0.5758505463600159,0.5706909030485401
UBFC_PHYS_s04_T3_test,101,171,106.7,-0.6156085133552551,0.18227744707674698
UBFC_PHYS_s04_T3_test,101,172,106.73333333333333,-0.45708319544792175,-0.21677568921278975
UBFC_PHYS_s04_T3_test,101,173,106.76666666666667,-0.06613917648792267,-0.595223199641034
UBFC_PHYS_s04_T3_test,101,174,106.8,0.3796280324459076,-0.9218191232968945
UBFC_PHYS_s04_T3_test,101,175,106.83333333333333,0.7415233850479126,-1.1667936321649672
UBFC_PHYS_s04_T3_test,101,176,106.86666666666666,1.0139826536178589,-1.3043122437648664
UBFC_PHYS_s04_T3_test,101,177,106.9,1.225333571434021,-1.3160860139220547
UBFC_PHYS_s04_T3_test,101,178,106.93333333333334,1.3952113389968872,-1.19572225164923
UBFC_PHYS_s04_T3_test,101,179,106.96666666666667,1.541448712348938,-0.952546465379816
UBFC_PHYS_s04_T3_test,101,180,107.0,1.6611223220825195,-0.612983328538539
UBFC_PHYS_s04_T3_test,101,181,107.03333333333333,1.726898431777954,-0.21801529629908017
UBFC_PHYS_s04_T3_test,101,182,107.06666666666666,1.7355613708496094,0.1831001477676688
UBFC_PHYS_s04_T3_test,101,183,107.1,1.7342945337295532,0.5411327299472445
UBFC_PHYS_s04_T3_test,101,184,107.13333333333334,1.77321457862854,0.8152045022336235
UBFC_PHYS_s04_T3_test,101,185,107.16666666666667,1.827657699584961,0.9794463696795243
UBFC_PHYS_s04_T3_test,101,186,107.2,1.8104486465454102,1.0263446076459481
UBFC_PHYS_s04_T3_test,101,187,107.23333333333333,1.6617069244384766,0.9656377765808807
UBFC_PHYS_s04_T3_test,101,188,107.26666666666667,1.3813252449035645,0.8192446443706617
UBFC_PHYS_s04_T3_test,101,189,107.3,0.9995899200439453,0.6144522784640607
UBFC_PHYS_s04_T3_test,101,190,107.33333333333333,0.5646587014198303,0.3781112518186952
UBFC_PHYS_s04_T3_test,101,191,107.36666666666666,0.1327873021364212,0.13361578429288554
UBFC_PHYS_s04_T3_test,101,192,107.4,-0.27219870686531067,-0.09932784254479739
UBFC_PHYS_s04_T3_test,101,193,107.43333333333334,-0.6674790978431702,-0.3035976148269964
UBFC_PHYS_s04_T3_test,101,194,107.46666666666667,-1.0588713884353638,-0.46396235017287696
UBFC_PHYS_s04_T3_test,101,195,107.5,-1.424800992012024,-0.5677085366965435
UBFC_PHYS_s04_T3_test,101,196,107.53333333333333,-1.728852391242981,-0.6062456079189653
UBFC_PHYS_s04_T3_test,101,197,107.56666666666666,-1.891811490058899,-0.5766256306141008
UBFC_PHYS_s04_T3_test,101,198,107.6,-1.815306544303894,-0.48219013229224894
UBFC_PHYS_s04_T3_test,101,199,107.63333333333334,-1.5267685651779175,-0.3323096679851997
UBFC_PHYS_s04_T3_test,101,200,107.66666666666667,-1.192879319190979,-0.14160645420643048
UBFC_PHYS_s04_T3_test,101,201,107.7,-0.9353974461555481,0.07113163692912709
UBFC_PHYS_s04_T3_test,101,202,107.73333333333333,-0.7381177544593811,0.2845925721683709
UBFC_PHYS_s04_T3_test,101,203,107.76666666666667,-0.5679768919944763,0.47733986604411455
UBFC_PHYS_s04_T3_test,101,204,107.8,-0.4455260932445526,0.6303898182142281
UBFC_PHYS_s04_T3_test,101,205,107.83333333333333,-0.35927656292915344,0.7288961600326014
UBFC_PHYS_s04_T3_test,101,206,107.86666666666666,-0.2603102922439575,0.7625223089072252
UBFC_PHYS_s04_T3_test,101,207,107.9,-0.13520897924900055,0.7251348715340195
UBFC_PHYS_s04_T3_test,101,208,107.93333333333334,0.007997820153832436,0.6147981853743676
UBFC_PHYS_s04_T3_test,101,209,107.96666666666667,0.18579798936843872,0.4345670914551369
UBFC_PHYS_s04_T3_test,101,210,108.0,0.3888659179210663,0.1937753833515535
UBFC_PHYS_s04_T3_test,101,211,108.03333333333333,0.5446043014526367,-0.09105701485222345
UBFC_PHYS_s04_T3_test,101,212,108.06666666666666,0.6059953570365906,-0.39658597813010327
UBFC_PHYS_s04_T3_test,101,213,108.1,0.6058394312858582,-0.6946273536717658
UBFC_PHYS_s04_T3_test,101,214,108.13333333333334,0.5906085968017578,-0.9553591457333263
UBFC_PHYS_s04_T3_test,101,215,108.16666666666667,0.5429282188415527,-1.1508327523461024
UBFC_PHYS_s04_T3_test,101,216,108.2,0.41541025042533875,-1.2579639937932505
UBFC_PHYS_s04_T3_test,101,217,108.23333333333333,0.22785572707653046,-1.2607786847102787
UBFC_PHYS_s04_T3_test,101,218,108.26666666666667,0.058338478207588196,-1.1523622044967181
UBFC_PHYS_s04_T3_test,101,219,108.3,-0.07422720640897751,-0.937008900680205
UBFC_PHYS_s04_T3_test,101,220,108.33333333333333,-0.22996556758880615,-0.6322245384562113
UBFC_PHYS_s04_T3_test,101,221,108.36666666666666,-0.4402737617492676,-0.26919809535555134
UBFC_PHYS_s04_T3_test,101,222,108.4,-0.6334704160690308,0.1098882618862276
UBFC_PHYS_s04_T3_test,101,223,108.43333333333334,-0.6646336913108826,0.4583289713799725
UBFC_PHYS_s04_T3_test,101,224,108.46666666666667,-0.4488295316696167,0.7338522772103219
UBFC_PHYS_s04_T3_test,101,225,108.5,-0.08033707737922668,0.9071796446872098
UBFC_PHYS_s04_T3_test,101,226,108.53333333333333,0.24521087110042572,0.9671527489959831
UBFC_PHYS_s04_T3_test,101,227,108.56666666666666,0.4498574435710907,0.9207915107536183
UBFC_PHYS_s04_T3_test,101,228,108.6,0.5800844430923462,0.7888301637158136
UBFC_PHYS_s04_T3_test,101,229,108.63333333333334,0.6587429046630859,0.5990585342067315
UBFC_PHYS_s04_T3_test,101,230,108.66666666666667,0.6595712304115295,0.3802442926878483
UBFC_PHYS_s04_T3_test,101,231,108.7,0.5932981371879578,0.15845360297472794
UBFC_PHYS_s04_T3_test,101,232,108.73333333333333,0.511384904384613,-0.04410709055459558
UBFC_PHYS_s04_T3_test,101,233,108.76666666666667,0.43316492438316345,-0.2089640406849795
UBFC_PHYS_s04_T3_test,101,234,108.8,0.34521982073783875,-0.32145064610783447
UBFC_PHYS_s04_T3_test,101,235,108.83333333333333,0.24639971554279327,-0.3717176359246049
UBFC_PHYS_s04_T3_test,101,236,108.86666666666666,0.14125536382198334,-0.3563420612579859
UBFC_PHYS_s04_T3_test,101,237,108.9,0.03490269184112549,-0.27957779960188045
UBFC_PHYS_s04_T3_test,101,238,108.93333333333334,-0.05707668885588646,-0.15346742504636707
UBFC_PHYS_s04_T3_test,101,239,108.96666666666667,-0.1206895038485527,0.003398470191282525
UBFC_PHYS_s04_T3_test,102,0,102.0,0.11070601642131805,0.005242618365724055
UBFC_PHYS_s04_T3_test,102,1,102.03333333333333,0.05395340546965599,-0.04527098992559082
UBFC_PHYS_s04_T3_test,102,2,102.06666666666666,-0.0001389292738167569,-0.10310964442920321
UBFC_PHYS_s04_T3_test,102,3,102.1,-0.050167761743068695,-0.17074722862495115
UBFC_PHYS_s04_T3_test,102,4,102.13333333333334,-0.13440991938114166,-0.24587737966675588
UBFC_PHYS_s04_T3_test,102,5,102.16666666666667,-0.2851687967777252,-0.3224838254134812
UBFC_PHYS_s04_T3_test,102,6,102.2,-0.4573950469493866,-0.39379570421065196
UBFC_PHYS_s04_T3_test,102,7,102.23333333333333,-0.577877402305603,-0.4554116805408133
UBFC_PHYS_s04_T3_test,102,8,102.26666666666667,-0.6473857164382935,-0.5069507603317445
UBFC_PHYS_s04_T3_test,102,9,102.3,-0.7376013398170471,-0.5515723266765006
UBFC_PHYS_s04_T3_test,102,10,102.33333333333333,-0.8972277641296387,-0.5938779776598485
UBFC_PHYS_s04_T3_test,102,11,102.36666666666666,-1.053950309753418,-0.6372573872775473
UBFC_PHYS_s04_T3_test,102,12,102.4,-1.0184799432754517,-0.6814340661766136
UBFC_PHYS_s04_T3_test,102,13,102.43333333333334,-0.691840648651123,-0.7205544787055896
UBFC_PHYS_s04_T3_test,102,14,102.46666666666667,-0.21464703977108002,-0.7423145651911057
UBFC_PHYS_s04_T3_test,102,15,102.5,0.2169709950685501,-0.728910971078693
UBFC_PHYS_s04_T3_test,102,16,102.53333333333333,0.5615501403808594,-0.6603562988652297
UBFC_PHYS_s04_T3_test,102,17,102.56666666666666,0.8656209707260132,-0.5199142766264904
UBFC_PHYS_s04_T3_test,102,18,102.6,1.1291542053222656,-0.30045984658278646
UBFC_PHYS_s04_T3_test,102,19,102.63333333333334,1.3359932899475098,-0.009718330291104936
UBFC_PHYS_s04_T3_test,102,20,102.66666666666667,1.4952690601348877,0.3280060188321165
UBFC_PHYS_s04_T3_test,102,21,102.7,1.6360104084014893,0.6751431522000787
UBFC_PHYS_s04_T3_test,102,22,102.73333333333333,1.7773364782333374,0.9886158133769414
UBFC_PHYS_s04_T3_test,102,23,102.76666666666667,1.8835819959640503,1.229333778565201
UBFC_PHYS_s04_T3_test,102,24,102.8,1.8772772550582886,1.370011800528654
UBFC_PHYS_s04_T3_test,102,25,102.83333333333333,1.7307475805282593,1.3988219247282176
UBFC_PHYS_s04_T3_test,102,26,102.86666666666666,1.4535036087036133,1.3182884041461556
UBFC_PHYS_s04_T3_test,102,27,102.9,1.006664514541626,1.1407871530145712
UBFC_PHYS_s04_T3_test,102,28,102.93333333333334,0.3554808795452118,0.88318667747352
UBFC_PHYS_s04_T3_test,102,29,102.96666666666667,-0.40615788102149963,0.5631115317574382
UBFC_PHYS_s04_T3_test,102,30,103.0,-1.1289546489715576,0.19814151715642647
UBFC_PHYS_s04_T3_test,102,31,103.03333333333333,-1.7526973485946655,-0.19230597876905053
UBFC_PHYS_s04_T3_test,102,32,103.06666666666666,-2.276986598968506,-0.5838682834506177
UBFC_PHYS_s04_T3_test,102,33,103.1,-2.643296241760254,-0.9449300835222765
UBFC_PHYS_s04_T3_test,102,34,103.13333333333334,-2.7318456172943115,-1.2370648603780774
UBFC_PHYS_s04_T3_test,102,35,103.16666666666667,-2.4501776695251465,-1.419428004137703
UBFC_PHYS_s04_T3_test,102,36,103.2,-1.8700029850006104,-1.4569419494223486
UBFC_PHYS_s04_T3_test,102,37,103.23333333333333,-1.2249585390090942,-1.330387003993455
UBFC_PHYS_s04_T3_test,102,38,103.26666666666667,-0.702725350856781,-1.045008307115404
UBFC_PHYS_s04_T3_test,102,39,103.3,-0.3113720417022705,-0.6338827784413354
UBFC_PHYS_s04_T3_test,102,40,103.33333333333333,0.013552248477935791,-0.15365807476184626
UBFC_PHYS_s04_T3_test,102,41,103.36666666666666,0.2883405089378357,0.3269463173301208
UBFC_PHYS_s04_T3_test,102,42,103.4,0.4833204448223114,0.7424452344466408
UBFC_PHYS_s04_T3_test,102,43,103.43333333333334,0.5713434815406799,1.04455773715633
UBFC_PHYS_s04_T3_test,102,44,103.46666666666667,0.5583831667900085,1.2103142025960647
UBFC_PHYS_s04_T3_test,102,45,103.5,0.485922247171402,1.2422620461603349
UBFC_PHYS_s04_T3_test,102,46,103.53333333333333,0.4124965965747833,1.161779477745723
UBFC_PHYS_s04_T3_test,102,47,103.56666666666666,0.3762466609477997,0.9987959492232439
UBFC_PHYS_s04_T3_test,102,48,103.6,0.36129841208457947,0.7819279943985582
UBFC_PHYS_s04_T3_test,102,49,103.63333333333334,0.32751384377479553,0.5321714999473949
UBFC_PHYS_s04_T3_test,102,50,103.66666666666667,0.27110230922698975,0.2614575028654074
UBFC_PHYS_s04_T3_test,102,51,103.7,0.21124115586280823,-0.024553666254022503
UBFC_PHYS_s04_T3_test,102,52,103.73333333333333,0.13865356147289276,-0.3213601054539599
UBFC_PHYS_s04_T3_test,102,53,103.76666666666667,0.03594536334276199,-0.6204639732358114
UBFC_PHYS_s04_T3_test,102,54,103.8,-0.08928262442350388,-0.9059832348023503
UBFC_PHYS_s04_T3_test,102,55,103.83333333333333,-0.25072160363197327,-1.1539470208956375
UBFC_PHYS_s04_T3_test,102,56,103.86666666666666,-0.45377978682518005,-1.3343452003546343
UBFC_PHYS_s04_T3_test,102,57,103.9,-0.5770783424377441,-1.415530196021872
UBFC_PHYS_s04_T3_test,102,58,103.93333333333334,-0.4547542333602905,-1.3704354672025243
UBFC_PHYS_s04_T3_test,102,59,103.96666666666667,-0.11607056111097336,-1.183805149644112
UBFC_PHYS_s04_T3_test,102,60,104.0,0.23392660915851593,-0.8589375363037449
UBFC_PHYS_s04_T3_test,102,61,104.03333333333333,0.48477238416671753,-0.42177503366249675
UBFC_PHYS_s04_T3_test,102,62,104.06666666666666,0.6761468052864075,0.07979976310298297
UBFC_PHYS_s04_T3_test,102,63,104.1,0.8049218058586121,0.5826020814335999
UBFC_PHYS_s04_T3_test,102,64,104.13333333333334,0.8386868834495544,1.0200265561600261
UBFC_PHYS_s04_T3_test,102,65,104.16666666666667,0.7966291308403015,1.3362894605240574
UBFC_PHYS_s04_T3_test,102,66,104.2,0.7000892758369446,1.4985139589731222
UBFC_PHYS_s04_T3_test,102,67,104.23333333333333,0.5493888854980469,1.5023513383547613
UBFC_PHYS_s04_T3_test,102,68,104.26666666666667,0.3917503356933594,1.3693300215823538
UBFC_PHYS_s04_T3_test,102,69,104.3,0.3204295337200165,1.1375314304743762
UBFC_PHYS_s04_T3_test,102,70,104.33333333333333,0.36143484711647034,0.8495785769874579
UBFC_PHYS_s04_T3_test,102,71,104.36666666666666,0.433691143989563,0.5422737239365769
UBFC_PHYS_s04_T3_test,102,72,104.4,0.46332448720932007,0.24067415740631798
UBFC_PHYS_s04_T3_test,102,73,104.43333333333334,0.47566115856170654,-0.04289826941390106
UBFC_PHYS_s04_T3_test,102,74,104.46666666666667,0.4937666654586792,-0.30615341977713645
UBFC_PHYS_s04_T3_test,102,75,104.5,0.4539111852645874,-0.5522447799111235
UBFC_PHYS_s04_T3_test,102,76,104.53333333333333,0.3032985031604767,-0.7846908290027288
UBFC_PHYS_s04_T3_test,102,77,104.56666666666666,0.08665631711483002,-1.0025590957496116
UBFC_PHYS_s04_T3_test,102,78,104.6,-0.11027251929044724,-1.1965067773315716
UBFC_PHYS_s04_T3_test,102,79,104.63333333333334,-0.2151147872209549,-1.3466655842121698
UBFC_PHYS_s04_T3_test,102,80,104.66666666666667,-0.22855259478092194,-1.4237980100933307
UBFC_PHYS_s04_T3_test,102,81,104.7,-0.20154054462909698,-1.39485955345925
UBFC_PHYS_s04_T3_test,102,82,104.73333333333333,-0.13683632016181946,-1.232665860918802
UBFC_PHYS_s04_T3_test,102,83,104.76666666666667,-0.017425868660211563,-0.9272668806813423
UBFC_PHYS_s04_T3_test,102,84,104.8,0.09377963095903397,-0.49494437975047306
UBFC_PHYS_s04_T3_test,102,85,104.83333333333333,0.1348726451396942,0.01941145742520119
UBFC_PHYS_s04_T3_test,102,86,104.86666666666666,0.14523117244243622,0.548908149940024
UBFC_PHYS_s04_T3_test,102,87,104.9,0.18858493864536285,1.0192526344785602
UBFC_PHYS_s04_T3_test,102,88,104.93333333333334,0.2513499855995178,1.3669220693471114
UBFC_PHYS_s04_T3_test,102,89,104.96666666666667,0.27490270137786865,1.5545649782994069
UBFC_PHYS_s04_T3_test,102,90,105.0,0.23012621700763702,1.578019539323121
UBFC_PHYS_s04_T3_test,102,91,105.03333333333333,0.13906283676624298,1.462643100520682
UBFC_PHYS_s04_T3_test,102,92,105.06666666666666,0.06870674341917038,1.2511686793916807
UBFC_PHYS_s04_T3_test,102,93,105.1,0.06647522747516632,0.9886184596422334
UBFC_PHYS_s04_T3_test,102,94,105.13333333333334,0.08708508312702179,0.7101333209969686
UBFC_PHYS_s04_T3_test,102,95,105.16666666666667,0.03153105452656746,0.4352790014151026
UBFC_PHYS_s04_T3_test,102,96,105.2,-0.10392877459526062,0.1691142256553825
UBFC_PHYS_s04_T3_test,102,97,105.23333333333333,-0.16692768037319183,-0.0922312499422758
UBFC_PHYS_s04_T3_test,102,98,105.26666666666667,0.017264945432543755,-0.3545524269431514
UBFC_PHYS_s04_T3_test,102,99,105.3,0.428331583738327,-0.6196155979309407
UBFC_PHYS_s04_T3_test,102,100,105.33333333333333,0.8432571291923523,-0.8815387655853973
UBFC_PHYS_s04_T3_test,102,101,105.36666666666666,1.0615460872650146,-1.1256465476049031
UBFC_PHYS_s04_T3_test,102,102,105.4,1.0650444030761719,-1.329267676947696
UBFC_PHYS_s04_T3_test,102,103,105.43333333333334,0.9772942066192627,-1.4640524137436075
UBFC_PHYS_s04_T3_test,102,104,105.46666666666667,0.9180177450180054,-1.5000384520850967
UBFC_PHYS_s04_T3_test,102,105,105.5,0.9223833680152893,-1.4118621202814259
UBFC_PHYS_s04_T3_test,102,106,105.53333333333333,0.9826732873916626,-1.1865113093728428
UBFC_PHYS_s04_T3_test,102,107,105.56666666666666,1.1279361248016357,-0.8304966532886586
UBFC_PHYS_s04_T3_test,102,108,105.6,1.4130147695541382,-0.3734705498346705
UBFC_PHYS_s04_T3_test,102,109,105.63333333333334,1.8036664724349976,0.1341444632937152
UBFC_PHYS_s04_T3_test,102,110,105.66666666666667,2.128230094909668,0.630028518664746
UBFC_PHYS_s04_T3_test,102,111,105.7,2.1819522380828857,1.0531900216265582
UBFC_PHYS_s04_T3_test,102,112,105.73333333333333,1.8859012126922607,1.3572033281697655
UBFC_PHYS_s04_T3_test,102,113,105.76666666666667,1.345396876335144,1.518766910280371
UBFC_PHYS_s04_T3_test,102,114,105.8,0.7425953149795532,1.5389101497954143
UBFC_PHYS_s04_T3_test,102,115,105.83333333333333,0.1384294331073761,1.4374642179178583
UBFC_PHYS_s04_T3_test,102,116,105.86666666666666,-0.5207545161247253,1.2441194973951568
UBFC_PHYS_s04_T3_test,102,117,105.9,-1.2092599868774414,0.9900636090861379
UBFC_PHYS_s04_T3_test,102,118,105.93333333333334,-1.764274001121521,0.7026480950466532
UBFC_PHYS_s04_T3_test,102,119,105.96666666666667,-2.11242938041687,0.4032890680075126
UBFC_PHYS_s04_T3_test,102,120,106.0,-2.3545830249786377,0.10751380958016055
UBFC_PHYS_s04_T3_test,102,121,106.03333333333333,-2.531554937362671,-0.17406695852515583
UBFC_PHYS_s04_T3_test,102,122,106.06666666666666,-2.5970191955566406,-0.434627373851755
UBFC_PHYS_s04_T3_test,102,123,106.1,-2.536154270172119,-0.6699806851642527
UBFC_PHYS_s04_T3_test,102,124,106.13333333333334,-2.311638593673706,-0.8770945858518644
UBFC_PHYS_s04_T3_test,102,125,106.16666666666667,-1.9654806852340698,-1.0519663290266834
UBFC_PHYS_s04_T3_test,102,126,106.2,-1.7272249460220337,-1.1871425012392967
UBFC_PHYS_s04_T3_test,102,127,106.23333333333333,-1.7074239253997803,-1.269904957394533
UBFC_PHYS_s04_T3_test,102,128,106.26666666666667,-1.724593997001648,-1.2824801985868972
UBFC_PHYS_s04_T3_test,102,129,106.3,-1.606956958770752,-1.205275954765483
UBFC_PHYS_s04_T3_test,102,130,106.33333333333333,-1.3799270391464233,-1.0230971437229937
UBFC_PHYS_s04_T3_test,102,131,106.36666666666666,-1.175621509552002,-0.732760214576909
UBFC_PHYS_s04_T3_test,102,132,106.4,-1.0907752513885498,-0.3491595935787854
UBFC_PHYS_s04_T3_test,102,133,106.43333333333334,-1.0705844163894653,0.0932486434801497
UBFC_PHYS_s04_T3_test,102,134,106.46666666666667,-1.024667739868164,0.5448834079737378
UBFC_PHYS_s04_T3_test,102,135,106.5,-0.9700687527656555,0.95022729977051
UBFC_PHYS_s04_T3_test,102,136,106.53333333333333,-0.9153234958648682,1.258770506617792
UBFC_PHYS_s04_T3_test,102,137,106.56666666666666,-0.7970434427261353,1.4343963874918795
UBFC_PHYS_s04_T3_test,102,138,106.6,-0.632710337638855,1.4609760061491166
UBFC_PHYS_s04_T3_test,102,139,106.63333333333334,-0.5401462912559509,1.3433867687965153
UBFC_PHYS_s04_T3_test,102,140,106.66666666666667,-0.5758505463600159,1.1041666359725475
UBFC_PHYS_s04_T3_test,102,141,106.7,-0.6156085133552551,0.7769182940637303
UBFC_PHYS_s04_T3_test,102,142,106.73333333333333,-0.45708319544792175,0.3987200184248348
UBFC_PHYS_s04_T3_test,102,143,106.76666666666667,-0.06613917648792267,0.004310356715259172
UBFC_PHYS_s04_T3_test,102,144,106.8,0.3796280324459076,-0.37616124293145237
UBFC_PHYS_s04_T3_test,102,145,106.83333333333333,0.7415233850479126,-0.7160328563106135
UBFC_PHYS_s04_T3_test,102,146,106.86666666666666,1.0139826536178589,-0.9897516352127415
UBFC_PHYS_s04_T3_test,102,147,106.9,1.225333571434021,-1.1719459571890807
UBFC_PHYS_s04_T3_test,102,148,106.93333333333334,1.3952113389968872,-1.2397401404885626
UBFC_PHYS_s04_T3_test,102,149,106.96666666666667,1.541448712348938,-1.1781973030159376
UBFC_PHYS_s04_T3_test,102,150,107.0,1.6611223220825195,-0.9869490939338009
UBFC_PHYS_s04_T3_test,102,151,107.03333333333333,1.726898431777954,-0.6851156655416777
UBFC_PHYS_s04_T3_test,102,152,107.06666666666666,1.7355613708496094,-0.3118791155039013
UBFC_PHYS_s04_T3_test,102,153,107.1,1.7342945337295532,0.07860732719011478
UBFC_PHYS_s04_T3_test,102,154,107.13333333333334,1.77321457862854,0.42738007881936907
UBFC_PHYS_s04_T3_test,102,155,107.16666666666667,1.827657699584961,0.6833399562133704
UBFC_PHYS_s04_T3_test,102,156,107.2,1.8104486465454102,0.8145548566458952
UBFC_PHYS_s04_T3_test,102,157,107.23333333333333,1.6617069244384766,0.8144135638850422
UBFC_PHYS_s04_T3_test,102,158,107.26666666666667,1.3813252449035645,0.7007078652031881
UBFC_PHYS_s04_T3_test,102,159,107.3,0.9995899200439453,0.5085911076022528
UBFC_PHYS_s04_T3_test,102,160,107.33333333333333,0.5646587014198303,0.2808082081968378
UBFC_PHYS_s04_T3_test,102,161,107.36666666666666,0.1327873021364212,0.05904394909588515
UBFC_PHYS_s04_T3_test,102,162,107.4,-0.27219870686531067,-0.12165800685399764
UBFC_PHYS_s04_T3_test,102,163,107.43333333333334,-0.6674790978431702,-0.2358998219341057
UBFC_PHYS_s04_T3_test,102,164,107.46666666666667,-1.0588713884353638,-0.2698456897502098
UBFC_PHYS_s04_T3_test,102,165,107.5,-1.424800992012024,-0.2228358888077166
UBFC_PHYS_s04_T3_test,102,166,107.53333333333333,-1.728852391242981,-0.10810453697385881
UBFC_PHYS_s04_T3_test,102,167,107.56666666666666,-1.891811490058899,0.04877482218517241
UBFC_PHYS_s04_T3_test,102,168,107.6,-1.815306544303894,0.2145482708514513
UBFC_PHYS_s04_T3_test,102,169,107.63333333333334,-1.5267685651779175,0.3554204316446117
UBFC_PHYS_s04_T3_test,102,170,107.66666666666667,-1.192879319190979,0.4446734515478229
UBFC_PHYS_s04_T3_test,102,171,107.7,-0.9353974461555481,0.46828842358755585
UBFC_PHYS_s04_T3_test,102,172,107.73333333333333,-0.7381177544593811,0.42676901627838804
UBFC_PHYS_s04_T3_test,102,173,107.76666666666667,-0.5679768919944763,0.33271711825410366
UBFC_PHYS_s04_T3_test,102,174,107.8,-0.4455260932445526,0.2050817204661156
UBFC_PHYS_s04_T3_test,102,175,107.83333333333333,-0.35927656292915344,0.06215794093769572
UBFC_PHYS_s04_T3_test,102,176,107.86666666666666,-0.2603102922439575,-0.08391667123717957
UBFC_PHYS_s04_T3_test,102,177,107.9,-0.13520897924900055,-0.22894179042092472
UBFC_PHYS_s04_T3_test,102,178,107.93333333333334,0.007997820153832436,-0.3743400621806501
UBFC_PHYS_s04_T3_test,102,179,107.96666666666667,0.18579798936843872,-0.5223249541823141
UBFC_PHYS_s04_T3_test,102,180,108.0,0.3888659179210663,-0.6708584106823527
UBFC_PHYS_s04_T3_test,102,181,108.03333333333333,0.5446043014526367,-0.8102208713074243
UBFC_PHYS_s04_T3_test,102,182,108.06666666666666,0.6059953570365906,-0.9220786032795295
UBFC_PHYS_s04_T3_test,102,183,108.1,0.6058394312858582,-0.9812706625889321
UBFC_PHYS_s04_T3_test,102,184,108.13333333333334,0.5906085968017578,-0.9603295030878081
UBFC_PHYS_s04_T3_test,102,185,108.16666666666667,0.5429282188415527,-0.8363819405957711
UBFC_PHYS_s04_T3_test,102,186,108.2,0.41541025042533875,-0.5990943038881079
UBFC_PHYS_s04_T3_test,102,187,108.23333333333333,0.22785572707653046,-0.25730942224123304
UBFC_PHYS_s04_T3_test,102,188,108.26666666666667,0.058338478207588196,0.1581738905328482
UBFC_PHYS_s04_T3_test,102,189,108.3,-0.07422720640897751,0.597399273704653
UBFC_PHYS_s04_T3_test,102,190,108.33333333333333,-0.22996556758880615,0.9997544582166678
UBFC_PHYS_s04_T3_test,102,191,108.36666666666666,-0.4402737617492676,1.3063576167072852
UBFC_PHYS_s04_T3_test,102,192,108.4,-0.6334704160690308,1.4728653942789
UBFC_PHYS_s04_T3_test,102,193,108.43333333333334,-0.6646336913108826,1.4787580911526212
UBFC_PHYS_s04_T3_test,102,194,108.46666666666667,-0.4488295316696167,1.3302842592019661
UBFC_PHYS_s04_T3_test,102,195,108.5,-0.08033707737922668,1.0564580484453319
UBFC_PHYS_s04_T3_test,102,196,108.53333333333333,0.24521087110042572,0.699828336374005
UBFC_PHYS_s04_T3_test,102,197,108.56666666666666,0.4498574435710907,0.30539719408538046
UBFC_PHYS_s04_T3_test,102,198,108.6,0.5800844430923462,-0.08849191366985969
UBFC_PHYS_s04_T3_test,102,199,108.63333333333334,0.6587429046630859,-0.4545652541286449
UBFC_PHYS_s04_T3_test,102,200,108.66666666666667,0.6595712304115295,-0.7758529043301798
UBFC_PHYS_s04_T3_test,102,201,108.7,0.5932981371879578,-1.0413717868067878
UBFC_PHYS_s04_T3_test,102,202,108.73333333333333,0.511384904384613,-1.2407638413785973
UBFC_PHYS_s04_T3_test,102,203,108.76666666666667,0.43316492438316345,-1.3603092003420163
UBFC_PHYS_s04_T3_test,102,204,108.8,0.34521982073783875,-1.3822654788002553
UBFC_PHYS_s04_T3_test,102,205,108.83333333333333,0.24639971554279327,-1.2884845996477692
UBFC_PHYS_s04_T3_test,102,206,108.86666666666666,0.14125536382198334,-1.0675760801951202
UBFC_PHYS_s04_T3_test,102,207,108.9,0.03490269184112549,-0.723159555931062
UBFC_PHYS_s04_T3_test,102,208,108.93333333333334,-0.05707668885588646,-0.27983914624542555
UBFC_PHYS_s04_T3_test,102,209,108.96666666666667,-0.1206895038485527,0.21616874172718814
UBFC_PHYS_s04_T3_test,102,210,109.0,-0.16233797371387482,0.7032958750664894
UBFC_PHYS_s04_T3_test,102,211,109.03333333333333,-0.20564302802085876,1.1167644165883137
UBFC_PHYS_s04_T3_test,102,212,109.06666666666666,-0.2744107246398926,1.4028537270898056
UBFC_PHYS_s04_T3_test,102,213,109.1,-0.3890463411808014,1.5301880864946704
UBFC_PHYS_s04_T3_test,102,214,109.13333333333334,-0.5421439409255981,1.4941176003683454
UBFC_PHYS_s04_T3_test,102,215,109.16666666666667,-0.6444525718688965,1.3134115878537023
UBFC_PHYS_s04_T3_test,102,216,109.2,-0.5721378326416016,1.021853605625258
UBFC_PHYS_s04_T3_test,102,217,109.23333333333333,-0.3207755982875824,0.658858984422592
UBFC_PHYS_s04_T3_test,102,218,109.26666666666667,-0.028232641518115997,0.26216272540563373
UBFC_PHYS_s04_T3_test,102,219,109.3,0.1770375818014145,-0.13640263259673427
UBFC_PHYS_s04_T3_test,102,220,109.33333333333333,0.2771926820278168,-0.5121348505070362
UBFC_PHYS_s04_T3_test,102,221,109.36666666666666,0.31166911125183105,-0.8461065634106412
UBFC_PHYS_s04_T3_test,102,222,109.4,0.3202541172504425,-1.1220394227767292
UBFC_PHYS_s04_T3_test,102,223,109.43333333333334,0.3260326683521271,-1.3228322614771242
UBFC_PHYS_s04_T3_test,102,224,109.46666666666667,0.3308270275592804,-1.4286034536696022
UBFC_PHYS_s04_T3_test,102,225,109.5,0.32206660509109497,-1.4179779022339505
UBFC_PHYS_s04_T3_test,102,226,109.53333333333333,0.3016321659088135,-1.2733822360692024
UBFC_PHYS_s04_T3_test,102,227,109.56666666666666,0.2924819886684418,-0.9892796845972415
UBFC_PHYS_s04_T3_test,102,228,109.6,0.29613620042800903,-0.5801845407696389
UBFC_PHYS_s04_T3_test,102,229,109.63333333333334,0.29069870710372925,-0.08433119338337661
UBFC_PHYS_s04_T3_test,102,230,109.66666666666667,0.2677404284477234,0.439923797018642
UBFC_PHYS_s04_T3_test,102,231,109.7,0.2427552342414856,0.9248919663077022
UBFC_PHYS_s04_T3_test,102,232,109.73333333333333,0.21899786591529846,1.3081306240791266
UBFC_PHYS_s04_T3_test,102,233,109.76666666666667,0.14643950760364532,1.5455683509253495
UBFC_PHYS_s04_T3_test,102,234,109.8,-0.03493693470954895,1.6186771217048384
UBFC_PHYS_s04_T3_test,102,235,109.83333333333333,-0.263535737991333,1.5339296677773773
UBFC_PHYS_s04_T3_test,102,236,109.86666666666666,-0.3668286204338074,1.315986159394248
UBFC_PHYS_s04_T3_test,102,237,109.9,-0.25515538454055786,0.9981926942843287
UBFC_PHYS_s04_T3_test,102,238,109.93333333333334,-0.02083648182451725,0.6142757658923289
UBFC_PHYS_s04_T3_test,102,239,109.96666666666667,0.1874740570783615,0.1940464866715083
UBFC_PHYS_s04_T3_test,103,0,103.0,-1.1289546489715576,-0.018036929868939566
UBFC_PHYS_s04_T3_test,103,1,103.03333333333333,-1.7526973485946655,-0.28762393654573953
UBFC_PHYS_s04_T3_test,103,2,103.06666666666666,-2.276986598968506,-0.5316756018365114
UBFC_PHYS_s04_T3_test,103,3,103.1,-2.643296241760254,-0.7235744182560121
UBFC_PHYS_s04_T3_test,103,4,103.13333333333334,-2.7318456172943115,-0.8340767890439368
UBFC_PHYS_s04_T3_test,103,5,103.16666666666667,-2.4501776695251465,-0.8357978448656027
UBFC_PHYS_s04_T3_test,103,6,103.2,-1.8700029850006104,-0.7110524043698172
UBFC_PHYS_s04_T3_test,103,7,103.23333333333333,-1.2249585390090942,-0.4601447621509942
UBFC_PHYS_s04_T3_test,103,8,103.26666666666667,-0.702725350856781,-0.10622836219984848
UBFC_PHYS_s04_T3_test,103,9,103.3,-0.3113720417022705,0.30630633527345497
UBFC_PHYS_s04_T3_test,103,10,103.33333333333333,0.013552248477935791,0.7203271095865855
UBFC_PHYS_s04_T3_test,103,11,103.36666666666666,0.2883405089378357,1.0786882822791113
UBFC_PHYS_s04_T3_test,103,12,103.4,0.4833204448223114,1.3367192766656864
UBFC_PHYS_s04_T3_test,103,13,103.43333333333334,0.5713434815406799,1.470237313985726
UBFC_PHYS_s04_T3_test,103,14,103.46666666666667,0.5583831667900085,1.476918229581859
UBFC_PHYS_s04_T3_test,103,15,103.5,0.485922247171402,1.3716128733856254
UBFC_PHYS_s04_T3_test,103,16,103.53333333333333,0.4124965965747833,1.1783064194004176
UBFC_PHYS_s04_T3_test,103,17,103.56666666666666,0.3762466609477997,0.9221392849110509
UBFC_PHYS_s04_T3_test,103,18,103.6,0.36129841208457947,0.6241686573466962
UBFC_PHYS_s04_T3_test,103,19,103.63333333333334,0.32751384377479553,0.29983771101098283
UBFC_PHYS_s04_T3_test,103,20,103.66666666666667,0.27110230922698975,-0.039684561393453055
UBFC_PHYS_s04_T3_test,103,21,103.7,0.21124115586280823,-0.38501941614046165
UBFC_PHYS_s04_T3_test,103,22,103.73333333333333,0.13865356147289276,-0.7262700190687269
UBFC_PHYS_s04_T3_test,103,23,103.76666666666667,0.03594536334276199,-1.051267162755384
UBFC_PHYS_s04_T3_test,103,24,103.8,-0.08928262442350388,-1.3442389733108768
UBFC_PHYS_s04_T3_test,103,25,103.83333333333333,-0.25072160363197327,-1.5848852786280407
UBFC_PHYS_s04_T3_test,103,26,103.86666666666666,-0.45377978682518005,-1.748265740799141
UBFC_PHYS_s04_T3_test,103,27,103.9,-0.5770783424377441,-1.806354560749118
UBFC_PHYS_s04_T3_test,103,28,103.93333333333334,-0.4547542333602905,-1.7322131654553616
UBFC_PHYS_s04_T3_test,103,29,103.96666666666667,-0.11607056111097336,-1.5070412376812305
UBFC_PHYS_s04_T3_test,103,30,104.0,0.23392660915851593,-1.1288354487398315
UBFC_PHYS_s04_T3_test,103,31,104.03333333333333,0.48477238416671753,-0.6197121695019517
UBFC_PHYS_s04_T3_test,103,32,104.06666666666666,0.6761468052864075,-0.028194204360395735
UBFC_PHYS_s04_T3_test,103,33,104.1,0.8049218058586121,0.5762290530314482
UBFC_PHYS_s04_T3_test,103,34,104.13333333333334,0.8386868834495544,1.1161545623945002
UBFC_PHYS_s04_T3_test,103,35,104.16666666666667,0.7966291308403015,1.5233838665482298
UBFC_PHYS_s04_T3_test,103,36,104.2,0.7000892758369446,1.7542423509666154
UBFC_PHYS_s04_T3_test,103,37,104.23333333333333,0.5493888854980469,1.7975117159523744
UBFC_PHYS_s04_T3_test,103,38,104.26666666666667,0.3917503356933594,1.6724797241517826
UBFC_PHYS_s04_T3_test,103,39,104.3,0.3204295337200165,1.4188766117338434
UBFC_PHYS_s04_T3_test,103,40,104.33333333333333,0.36143484711647034,1.0835909050403023
UBFC_PHYS_s04_T3_test,103,41,104.36666666666666,0.433691143989563,0.7094642733045766
UBFC_PHYS_s04_T3_test,103,42,104.4,0.46332448720932007,0.32917728544235314
UBFC_PHYS_s04_T3_test,103,43,104.43333333333334,0.47566115856170654,-0.035814158231991355
UBFC_PHYS_s04_T3_test,103,44,104.46666666666667,0.4937666654586792,-0.3731146287173096
UBFC_PHYS_s04_T3_test,103,45,104.5,0.4539111852645874,-0.6759614659266876
UBFC_PHYS_s04_T3_test,103,46,104.53333333333333,0.3032985031604767,-0.9397322968058285
UBFC_PHYS_s04_T3_test,103,47,104.56666666666666,0.08665631711483002,-1.1587889715423079
UBFC_PHYS_s04_T3_test,103,48,104.6,-0.11027251929044724,-1.3238255364228118
UBFC_PHYS_s04_T3_test,103,49,104.63333333333334,-0.2151147872209549,-1.420272686272556
UBFC_PHYS_s04_T3_test,103,50,104.66666666666667,-0.22855259478092194,-1.428846648685706
UBFC_PHYS_s04_T3_test,103,51,104.7,-0.20154054462909698,-1.3292606852796067
UBFC_PHYS_s04_T3_test,103,52,104.73333333333333,-0.13683632016181946,-1.1070346140840805
UBFC_PHYS_s04_T3_test,103,53,104.76666666666667,-0.017425868660211563,-0.7617015981300527
UBFC_PHYS_s04_T3_test,103,54,104.8,0.09377963095903397,-0.31340554405407883
UBFC_PHYS_s04_T3_test,103,55,104.83333333333333,0.1348726451396942,0.19539806235164567
UBFC_PHYS_s04_T3_test,103,56,104.86666666666666,0.14523117244243622,0.7052721967640385
UBFC_PHYS_s04_T3_test,103,57,104.9,0.18858493864536285,1.1516532354309423
UBFC_PHYS_s04_T3_test,103,58,104.93333333333334,0.2513499855995178,1.4794859940392935
UBFC_PHYS_s04_T3_test,103,59,104.96666666666667,0.27490270137786865,1.6551401507906656
UBFC_PHYS_s04_T3_test,103,60,105.0,0.23012621700763702,1.6713253887694115
UBFC_PHYS_s04_T3_test,103,61,105.03333333333333,0.13906283676624298,1.5441474102555486
UBFC_PHYS_s04_T3_test,103,62,105.06666666666666,0.06870674341917038,1.3049581204700955
UBFC_PHYS_s04_T3_test,103,63,105.1,0.06647522747516632,0.991124723368566
UBFC_PHYS_s04_T3_test,103,64,105.13333333333334,0.08708508312702179,0.6386438237286535
UBFC_PHYS_s04_T3_test,103,65,105.16666666666667,0.03153105452656746,0.27745141048336036
UBFC_PHYS_s04_T3_test,103,66,105.2,-0.10392877459526062,-0.07074536860386604
UBFC_PHYS_s04_T3_test,103,67,105.23333333333333,-0.16692768037319183,-0.3924594117396432
UBFC_PHYS_s04_T3_test,103,68,105.26666666666667,0.017264945432543755,-0.6807928357739118
UBFC_PHYS_s04_T3_test,103,69,105.3,0.428331583738327,-0.9328727954063454
UBFC_PHYS_s04_T3_test,103,70,105.33333333333333,0.8432571291923523,-1.1467998928221634
UBFC_PHYS_s04_T3_test,103,71,105.36666666666666,1.0615460872650146,-1.3183856756426466
UBFC_PHYS_s04_T3_test,103,72,105.4,1.0650444030761719,-1.4383045716634062
UBFC_PHYS_s04_T3_test,103,73,105.43333333333334,0.9772942066192627,-1.4908362809283529
UBFC_PHYS_s04_T3_test,103,74,105.46666666666667,0.9180177450180054,-1.4554906015118878
UBFC_PHYS_s04_T3_test,103,75,105.5,0.9223833680152893,-1.312125172033369
UBFC_PHYS_s04_T3_test,103,76,105.53333333333333,0.9826732873916626,-1.0487715351524056
UBFC_PHYS_s04_T3_test,103,77,105.56666666666666,1.1279361248016357,-0.6698304609732065
UBFC_PHYS_s04_T3_test,103,78,105.6,1.4130147695541382,-0.20136610894778978
UBFC_PHYS_s04_T3_test,103,79,105.63333333333334,1.8036664724349976,0.309420346718968
UBFC_PHYS_s04_T3_test,103,80,105.66666666666667,2.128230094909668,0.8016503635451271
UBFC_PHYS_s04_T3_test,103,81,105.7,2.1819522380828857,1.2135775438888303
UBFC_PHYS_s04_T3_test,103,82,105.73333333333333,1.8859012126922607,1.4967131404776954
UBFC_PHYS_s04_T3_test,103,83,105.76666666666667,1.345396876335144,1.626357138259683
UBFC_PHYS_s04_T3_test,103,84,105.8,0.7425953149795532,1.6049819946089494
UBFC_PHYS_s04_T3_test,103,85,105.83333333333333,0.1384294331073761,1.4578098234159045
UBFC_PHYS_s04_T3_test,103,86,105.86666666666666,-0.5207545161247253,1.2229081346663677
UBFC_PHYS_s04_T3_test,103,87,105.9,-1.2092599868774414,0.9398412764852404
UBFC_PHYS_s04_T3_test,103,88,105.93333333333334,-1.764274001121521,0.6407118472078872
UBFC_PHYS_s04_T3_test,103,89,105.96666666666667,-2.11242938041687,0.34578393844275873
UBFC_PHYS_s04_T3_test,103,90,106.0,-2.3545830249786377,0.06383225014999182
UBFC_PHYS_s04_T3_test,103,91,106.03333333333333,-2.531554937362671,-0.2041871979612246
UBFC_PHYS_s04_T3_test,103,92,106.06666666666666,-2.5970191955566406,-0.4601289482958488
UBFC_PHYS_s04_T3_test,103,93,106.1,-2.536154270172119,-0.7040004763805562
UBFC_PHYS_s04_T3_test,103,94,106.13333333333334,-2.311638593673706,-0.9306334071983665
UBFC_PHYS_s04_T3_test,103,95,106.16666666666667,-1.9654806852340698,-1.128085348941842
UBFC_PHYS_s04_T3_test,103,96,106.2,-1.7272249460220337,-1.2779853169927198
UBFC_PHYS_s04_T3_test,103,97,106.23333333333333,-1.7074239253997803,-1.3579697030051574
UBFC_PHYS_s04_T3_test,103,98,106.26666666666667,-1.724593997001648,-1.3460555424106193
UBFC_PHYS_s04_T3_test,103,99,106.3,-1.606956958770752,-1.226279917474941
UBFC_PHYS_s04_T3_test,103,100,106.33333333333333,-1.3799270391464233,-0.9944018688402916
UBFC_PHYS_s04_T3_test,103,101,106.36666666666666,-1.175621509552002,-0.6620413907714167
UBFC_PHYS_s04_T3_test,103,102,106.4,-1.0907752513885498,-0.25754432961097345
UBFC_PHYS_s04_T3_test,103,103,106.43333333333334,-1.0705844163894653,0.17745529782082828
UBFC_PHYS_s04_T3_test,103,104,106.46666666666667,-1.024667739868164,0.5952685810969855
UBFC_PHYS_s04_T3_test,103,105,106.5,-0.9700687527656555,0.9510073166744473
UBFC_PHYS_s04_T3_test,103,106,106.53333333333333,-0.9153234958648682,1.2100970463900376
UBFC_PHYS_s04_T3_test,103,107,106.56666666666666,-0.7970434427261353,1.3521920322328456
UBFC_PHYS_s04_T3_test,103,108,106.6,-0.632710337638855,1.3711683127522178
UBFC_PHYS_s04_T3_test,103,109,106.63333333333334,-0.5401462912559509,1.2726252405392955
UBFC_PHYS_s04_T3_test,103,110,106.66666666666667,-0.5758505463600159,1.070731978608735
UBFC_PHYS_s04_T3_test,103,111,106.7,-0.6156085133552551,0.7856153538380743
UBFC_PHYS_s04_T3_test,103,112,106.73333333333333,-0.45708319544792175,0.4416902180642667
UBFC_PHYS_s04_T3_test,103,113,106.76666666666667,-0.06613917648792267,0.0667827835073592
UBFC_PHYS_s04_T3_test,103,114,106.8,0.3796280324459076,-0.3084041150621938
UBFC_PHYS_s04_T3_test,103,115,106.83333333333333,0.7415233850479126,-0.6510949881736809
UBFC_PHYS_s04_T3_test,103,116,106.86666666666666,1.0139826536178589,-0.9281960283916808
UBFC_PHYS_s04_T3_test,103,117,106.9,1.225333571434021,-1.109532457178572
UBFC_PHYS_s04_T3_test,103,118,106.93333333333334,1.3952113389968872,-1.1725811232925276
UBFC_PHYS_s04_T3_test,103,119,106.96666666666667,1.541448712348938,-1.107832134409018
UBFC_PHYS_s04_T3_test,103,120,107.0,1.6611223220825195,-0.9230082893185023
UBFC_PHYS_s04_T3_test,103,121,107.03333333333333,1.726898431777954,-0.644106364548087
UBFC_PHYS_s04_T3_test,103,122,107.06666666666666,1.7355613708496094,-0.3120350649114708
UBFC_PHYS_s04_T3_test,103,123,107.1,1.7342945337295532,0.02480487234588888
UBFC_PHYS_s04_T3_test,103,124,107.13333333333334,1.77321457862854,0.3200755828829643
UBFC_PHYS_s04_T3_test,103,125,107.16666666666667,1.827657699584961,0.5384144570729811
UBFC_PHYS_s04_T3_test,103,126,107.2,1.8104486465454102,0.6611873896108398
UBFC_PHYS_s04_T3_test,103,127,107.23333333333333,1.6617069244384766,0.6877803973155748
UBFC_PHYS_s04_T3_test,103,128,107.26666666666667,1.3813252449035645,0.6327296594311728
UBFC_PHYS_s04_T3_test,103,129,107.3,0.9995899200439453,0.5202687959607435
UBFC_PHYS_s04_T3_test,103,130,107.33333333333333,0.5646587014198303,0.3783194547450295
UBFC_PHYS_s04_T3_test,103,131,107.36666666666666,0.1327873021364212,0.233541464242972
UBFC_PHYS_s04_T3_test,103,132,107.4,-0.27219870686531067,0.10812541171705342
UBFC_PHYS_s04_T3_test,103,133,107.43333333333334,-0.6674790978431702,0.018031018604081548
UBFC_PHYS_s04_T3_test,103,134,107.46666666666667,-1.0588713884353638,-0.028159508782626706
UBFC_PHYS_s04_T3_test,103,135,107.5,-1.424800992012024,-0.03031562213968788
UBFC_PHYS_s04_T3_test,103,136,107.53333333333333,-1.728852391242981,0.002665323638972473
UBFC_PHYS_s04_T3_test,103,137,107.56666666666666,-1.891811490058899,0.05397150164424846
UBFC_PHYS_s04_T3_test,103,138,107.6,-1.815306544303894,0.10260202258260195
UBFC_PHYS_s04_T3_test,103,139,107.63333333333334,-1.5267685651779175,0.12931618067004622
UBFC_PHYS_s04_T3_test,103,140,107.66666666666667,-1.192879319190979,0.12282514309434105
UBFC_PHYS_s04_T3_test,103,141,107.7,-0.9353974461555481,0.08352997441498726
UBFC_PHYS_s04_T3_test,103,142,107.73333333333333,-0.7381177544593811,0.022946160490591786
UBFC_PHYS_s04_T3_test,103,143,107.76666666666667,-0.5679768919944763,-0.04120785891364454
UBFC_PHYS_s04_T3_test,103,144,107.8,-0.4455260932445526,-0.09248265313641271
UBFC_PHYS_s04_T3_test,103,145,107.83333333333333,-0.35927656292915344,-0.12284711692561186
UBFC_PHYS_s04_T3_test,103,146,107.86666666666666,-0.2603102922439575,-0.13655744084415078
UBFC_PHYS_s04_T3_test,103,147,107.9,-0.13520897924900055,-0.14894582470384135
UBFC_PHYS_s04_T3_test,103,148,107.93333333333334,0.007997820153832436,-0.18041862359091718
UBFC_PHYS_s04_T3_test,103,149,107.96666666666667,0.18579798936843872,-0.24794224064061252
UBFC_PHYS_s04_T3_test,103,150,108.0,0.3888659179210663,-0.3571849705151942
UBFC_PHYS_s04_T3_test,103,151,108.03333333333333,0.5446043014526367,-0.4980722469755891
UBFC_PHYS_s04_T3_test,103,152,108.06666666666666,0.6059953570365906,-0.6451872640453603
UBFC_PHYS_s04_T3_test,103,153,108.1,0.6058394312858582,-0.7628123828873016
UBFC_PHYS_s04_T3_test,103,154,108.13333333333334,0.5906085968017578,-0.8130650921560264
UBFC_PHYS_s04_T3_test,103,155,108.16666666666667,0.5429282188415527,-0.7649663068235957
UBFC_PHYS_s04_T3_test,103,156,108.2,0.41541025042533875,-0.6024239295859578
UBFC_PHYS_s04_T3_test,103,157,108.23333333333333,0.22785572707653046,-0.32956761477083646
UBFC_PHYS_s04_T3_test,103,158,108.26666666666667,0.058338478207588196,0.027764950569612028
UBFC_PHYS_s04_T3_test,103,159,108.3,-0.07422720640897751,0.4251815428855783
UBFC_PHYS_s04_T3_test,103,160,108.33333333333333,-0.22996556758880615,0.80750688766842
UBFC_PHYS_s04_T3_test,103,161,108.36666666666666,-0.4402737617492676,1.119777058092106
UBFC_PHYS_s04_T3_test,103,162,108.4,-0.6334704160690308,1.3185474667206123
UBFC_PHYS_s04_T3_test,103,163,108.43333333333334,-0.6646336913108826,1.380065493714462
UBFC_PHYS_s04_T3_test,103,164,108.46666666666667,-0.4488295316696167,1.3029965802017538
UBFC_PHYS_s04_T3_test,103,165,108.5,-0.08033707737922668,1.1054916751967465
UBFC_PHYS_s04_T3_test,103,166,108.53333333333333,0.24521087110042572,0.8182543588488266
UBFC_PHYS_s04_T3_test,103,167,108.56666666666666,0.4498574435710907,0.47632907219846804
UBFC_PHYS_s04_T3_test,103,168,108.6,0.5800844430923462,0.11241497999643374
UBFC_PHYS_s04_T3_test,103,169,108.63333333333334,0.6587429046630859,-0.24648337501273057
UBFC_PHYS_s04_T3_test,103,170,108.66666666666667,0.6595712304115295,-0.5789876749957734
UBFC_PHYS_s04_T3_test,103,171,108.7,0.5932981371879578,-0.8672165175199853
UBFC_PHYS_s04_T3_test,103,172,108.73333333333333,0.511384904384613,-1.0943302327714604
UBFC_PHYS_s04_T3_test,103,173,108.76666666666667,0.43316492438316345,-1.2431398100263655
UBFC_PHYS_s04_T3_test,103,174,108.8,0.34521982073783875,-1.2967095180521382
UBFC_PHYS_s04_T3_test,103,175,108.83333333333333,0.24639971554279327,-1.2412925505079198
UBFC_PHYS_s04_T3_test,103,176,108.86666666666666,0.14125536382198334,-1.071036143482159
UBFC_PHYS_s04_T3_test,103,177,108.9,0.03490269184112549,-0.7928866685884429
UBFC_PHYS_s04_T3_test,103,178,108.93333333333334,-0.05707668885588646,-0.42950607148126346
UBFC_PHYS_s04_T3_test,103,179,108.96666666666667,-0.1206895038485527,-0.018295699893002924
UBFC_PHYS_s04_T3_test,103,180,109.0,-0.16233797371387482,0.3940354187092942
UBFC_PHYS_s04_T3_test,103,181,109.03333333333333,-0.20564302802085876,0.7600371061567966
UBFC_PHYS_s04_T3_test,103,182,109.06666666666666,-0.2744107246398926,1.040396063508589
UBFC_PHYS_s04_T3_test,103,183,109.1,-0.3890463411808014,1.2100988324638757
UBFC_PHYS_s04_T3_test,103,184,109.13333333333334,-0.5421439409255981,1.2602082532042738
UBFC_PHYS_s04_T3_test,103,185,109.16666666666667,-0.6444525718688965,1.1956432009044136
UBFC_PHYS_s04_T3_test,103,186,109.2,-0.5721378326416016,1.0308768234625167
UBFC_PHYS_s04_T3_test,103,187,109.23333333333333,-0.3207755982875824,0.785673486106368
UBFC_PHYS_s04_T3_test,103,188,109.26666666666667,-0.028232641518115997,0.48199516342243764
UBFC_PHYS_s04_T3_test,103,189,109.3,0.1770375818014145,0.1421759919941892
UBFC_PHYS_s04_T3_test,103,190,109.33333333333333,0.2771926820278168,-0.21174793949328555
UBFC_PHYS_s04_T3_test,103,191,109.36666666666666,0.31166911125183105,-0.5576351612297419
UBFC_PHYS_s04_T3_test,103,192,109.4,0.3202541172504425,-0.8722923470214221
UBFC_PHYS_s04_T3_test,103,193,109.43333333333334,0.3260326683521271,-1.1309668327739448
UBFC_PHYS_s04_T3_test,103,194,109.46666666666667,0.3308270275592804,-1.3080827814939353
UBFC_PHYS_s04_T3_test,103,195,109.5,0.32206660509109497,-1.379565449913044
UBFC_PHYS_s04_T3_test,103,196,109.53333333333333,0.3016321659088135,-1.3268078496545992
UBFC_PHYS_s04_T3_test,103,197,109.56666666666666,0.2924819886684418,-1.1418787087102849
UBFC_PHYS_s04_T3_test,103,198,109.6,0.29613620042800903,-0.8326417135113883
UBFC_PHYS_s04_T3_test,103,199,109.63333333333334,0.29069870710372925,-0.4255893271288722
UBFC_PHYS_s04_T3_test,103,200,109.66666666666667,0.2677404284477234,0.03577760118079975
UBFC_PHYS_s04_T3_test,103,201,109.7,0.2427552342414856,0.49785978522509133
UBFC_PHYS_s04_T3_test,103,202,109.73333333333333,0.21899786591529846,0.907698318543342
UBFC_PHYS_s04_T3_test,103,203,109.76666666666667,0.14643950760364532,1.2239965879883719
UBFC_PHYS_s04_T3_test,103,204,109.8,-0.03493693470954895,1.4243036656128667
UBFC_PHYS_s04_T3_test,103,205,109.83333333333333,-0.263535737991333,1.5057918759674283
UBFC_PHYS_s04_T3_test,103,206,109.86666666666666,-0.3668286204338074,1.4801498131991837
UBFC_PHYS_s04_T3_test,103,207,109.9,-0.25515538454055786,1.3657877751976883
UBFC_PHYS_s04_T3_test,103,208,109.93333333333334,-0.02083648182451725,1.181130230427499
UBFC_PHYS_s04_T3_test,103,209,109.96666666666667,0.1874740570783615,0.9413449984378914
UBFC_PHYS_s04_T3_test,103,210,110.0,0.28874003887176514,0.6586397073414217
UBFC_PHYS_s04_T3_test,103,211,110.03333333333333,0.26437851786613464,0.3445306396157578
UBFC_PHYS_s04_T3_test,103,212,110.06666666666666,0.1562230885028839,0.012016855821063372
UBFC_PHYS_s04_T3_test,103,213,110.1,0.03379180654883385,-0.3237720890464962
UBFC_PHYS_s04_T3_test,103,214,110.13333333333334,-0.06279677152633667,-0.6467542612908375
UBFC_PHYS_s04_T3_test,103,215,110.16666666666667,-0.14309236407279968,-0.9420821278990895
UBFC_PHYS_s04_T3_test,103,216,110.2,-0.22279353439807892,-1.197858023818852
UBFC_PHYS_s04_T3_test,103,217,110.23333333333333,-0.28498363494873047,-1.4051161245953838
UBFC_PHYS_s04_T3_test,103,218,110.26666666666667,-0.2989184260368347,-1.5559215261598793
UBFC_PHYS_s04_T3_test,103,219,110.3,-0.2693922519683838,-1.6407670290949463
UBFC_PHYS_s04_T3_test,103,220,110.33333333333333,-0.2426822930574417,-1.6471659649939594
UBFC_PHYS_s04_T3_test,103,221,110.36666666666666,-0.2608754634857178,-1.5610616963543609
UBFC_PHYS_s04_T3_test,103,222,110.4,-0.3215161859989166,-1.3714783883524873
UBFC_PHYS_s04_T3_test,103,223,110.43333333333334,-0.3878380060195923,-1.0771416409763128
UBFC_PHYS_s04_T3_test,103,224,110.46666666666667,-0.4477965831756592,-0.6923325837703806
UBFC_PHYS_s04_T3_test,103,225,110.5,-0.549540102481842,-0.24890704481184836
UBFC_PHYS_s04_T3_test,103,226,110.53333333333333,-0.722126841545105,0.2073235978640171
UBFC_PHYS_s04_T3_test,103,227,110.56666666666666,-0.8354761600494385,0.6252719879769638
UBFC_PHYS_s04_T3_test,103,228,110.6,-0.7002404928207397,0.9594188261300948
UBFC_PHYS_s04_T3_test,103,229,110.63333333333334,-0.31762808561325073,1.179055355268536
UBFC_PHYS_s04_T3_test,103,230,110.66666666666667,0.09340932965278625,1.2732752505731972
UBFC_PHYS_s04_T3_test,103,231,110.7,0.33469563722610474,1.251097353104993
UBFC_PHYS_s04_T3_test,103,232,110.73333333333333,0.37521371245384216,1.1376353686848566
UBFC_PHYS_s04_T3_test,103,233,110.76666666666667,0.2934759259223938,0.9678711269051037
UBFC_PHYS_s04_T3_test,103,234,110.8,0.19945992529392242,0.7795767419188949
UBFC_PHYS_s04_T3_test,103,235,110.83333333333333,0.1753615140914917,0.6065375646602025
UBFC_PHYS_s04_T3_test,103,236,110.86666666666666,0.23404355347156525,0.472774864851006
UBFC_PHYS_s04_T3_test,103,237,110.9,0.3168630003929138,0.38837637771289546
UBFC_PHYS_s04_T3_test,103,238,110.93333333333334,0.3604603707790375,0.3478666679835547
UBFC_PHYS_s04_T3_test,103,239,110.96666666666667,0.3914385139942169,0.3321664461651787
UBFC_PHYS_s04_T3_test,104,0,104.0,0.23392660915851593,0.17010085816638457
UBFC_PHYS_s04_T3_test,104,1,104.03333333333333,0.48477238416671753,0.3656261701061358
UBFC_PHYS_s04_T3_test,104,2,104.06666666666666,0.6761468052864075,0.5650851946323117
UBFC_PHYS_s04_T3_test,104,3,104.1,0.8049218058586121,0.7678107562188997
UBFC_PHYS_s04_T3_test,104,4,104.13333333333334,0.8386868834495544,0.9624994086984864
UBFC_PHYS_s04_T3_test,104,5,104.16666666666667,0.7966291308403015,1.1289618122059233
UBFC_PHYS_s04_T3_test,104,6,104.2,0.7000892758369446,1.2439428095507639
UBFC_PHYS_s04_T3_test,104,7,104.23333333333333,0.5493888854980469,1.2881946931213686
UBFC_PHYS_s04_T3_test,104,8,104.26666666666667,0.3917503356933594,1.251872274332497
UBFC_PHYS_s04_T3_test,104,9,104.3,0.3204295337200165,1.136508524342673
UBFC_PHYS_s04_T3_test,104,10,104.33333333333333,0.36143484711647034,0.9534571097925197
UBFC_PHYS_s04_T3_test,104,11,104.36666666666666,0.433691143989563,0.7199767139954163
UBFC_PHYS_s04_T3_test,104,12,104.4,0.46332448720932007,0.4546506082990099
UBFC_PHYS_s04_T3_test,104,13,104.43333333333334,0.47566115856170654,0.17360291686157436
UBFC_PHYS_s04_T3_test,104,14,104.46666666666667,0.4937666654586792,-0.1116544109493199
UBFC_PHYS_s04_T3_test,104,15,104.5,0.4539111852645874,-0.3944490526762989
UBFC_PHYS_s04_T3_test,104,16,104.53333333333333,0.3032985031604767,-0.6712090338158344
UBFC_PHYS_s04_T3_test,104,17,104.56666666666666,0.08665631711483002,-0.9380411522550887
UBFC_PHYS_s04_T3_test,104,18,104.6,-0.11027251929044724,-1.1865831232898352
UBFC_PHYS_s04_T3_test,104,19,104.63333333333334,-0.2151147872209549,-1.4006928584332095
UBFC_PHYS_s04_T3_test,104,20,104.66666666666667,-0.22855259478092194,-1.5555564795572085
UBFC_PHYS_s04_T3_test,104,21,104.7,-0.20154054462909698,-1.620227599488143
UBFC_PHYS_s04_T3_test,104,22,104.73333333333333,-0.13683632016181946,-1.563717937939026
UBFC_PHYS_s04_T3_test,104,23,104.76666666666667,-0.017425868660211563,-1.3637330339547007
UBFC_PHYS_s04_T3_test,104,24,104.8,0.09377963095903397,-1.016094253878402
UBFC_PHYS_s04_T3_test,104,25,104.83333333333333,0.1348726451396942,-0.5418840833784885
UBFC_PHYS_s04_T3_test,104,26,104.86666666666666,0.14523117244243622,0.011136606867527165
UBFC_PHYS_s04_T3_test,104,27,104.9,0.18858493864536285,0.5752005323859397
UBFC_PHYS_s04_T3_test,104,28,104.93333333333334,0.2513499855995178,1.0766101673494068
UBFC_PHYS_s04_T3_test,104,29,104.96666666666667,0.27490270137786865,1.4529331524340057
UBFC_PHYS_s04_T3_test,104,30,105.0,0.23012621700763702,1.6670146672608488
UBFC_PHYS_s04_T3_test,104,31,105.03333333333333,0.13906283676624298,1.7125566756557549
UBFC_PHYS_s04_T3_test,104,32,105.06666666666666,0.06870674341917038,1.6099209419876064
UBFC_PHYS_s04_T3_test,104,33,105.1,0.06647522747516632,1.3951606427190615
UBFC_PHYS_s04_T3_test,104,34,105.13333333333334,0.08708508312702179,1.1075031371817603
UBFC_PHYS_s04_T3_test,104,35,105.16666666666667,0.03153105452656746,0.7799381244404815
UBFC_PHYS_s04_T3_test,104,36,105.2,-0.10392877459526062,0.4351416099521868
UBFC_PHYS_s04_T3_test,104,37,105.23333333333333,-0.16692768037319183,0.08634595091290113
UBFC_PHYS_s04_T3_test,104,38,105.26666666666667,0.017264945432543755,-0.25873809057421226
UBFC_PHYS_s04_T3_test,104,39,105.3,0.428331583738327,-0.5931239469864902
UBFC_PHYS_s04_T3_test,104,40,105.33333333333333,0.8432571291923523,-0.9066276902839466
UBFC_PHYS_s04_T3_test,104,41,105.36666666666666,1.0615460872650146,-1.18379193725266
UBFC_PHYS_s04_T3_test,104,42,105.4,1.0650444030761719,-1.4037996367967311
UBFC_PHYS_s04_T3_test,104,43,105.43333333333334,0.9772942066192627,-1.542114659057557
UBFC_PHYS_s04_T3_test,104,44,105.46666666666667,0.9180177450180054,-1.5737307860356278
UBFC_PHYS_s04_T3_test,104,45,105.5,0.9223833680152893,-1.4780709223392932
UBFC_PHYS_s04_T3_test,104,46,105.53333333333333,0.9826732873916626,-1.2451589236709408
UBFC_PHYS_s04_T3_test,104,47,105.56666666666666,1.1279361248016357,-0.8816746667424163
UBFC_PHYS_s04_T3_test,104,48,105.6,1.4130147695541382,-0.41451704493815755
UBFC_PHYS_s04_T3_test,104,49,105.63333333333334,1.8036664724349976,0.11043948802089987
UBFC_PHYS_s04_T3_test,104,50,105.66666666666667,2.128230094909668,0.635108334937424
UBFC_PHYS_s04_T3_test,104,51,105.7,2.1819522380828857,1.0998522071122596
UBFC_PHYS_s04_T3_test,104,52,105.73333333333333,1.8859012126922607,1.454689414520344
UBFC_PHYS_s04_T3_test,104,53,105.76666666666667,1.345396876335144,1.6674671459290964
UBFC_PHYS_s04_T3_test,104,54,105.8,0.7425953149795532,1.7268333494998795
UBFC_PHYS_s04_T3_test,104,55,105.83333333333333,0.1384294331073761,1.640134491292104
UBFC_PHYS_s04_T3_test,104,56,105.86666666666666,-0.5207545161247253,1.4283397302911307
UBFC_PHYS_s04_T3_test,104,57,105.9,-1.2092599868774414,1.1206294590159422
UBFC_PHYS_s04_T3_test,104,58,105.93333333333334,-1.764274001121521,0.7501723111773628
UBFC_PHYS_s04_T3_test,104,59,105.96666666666667,-2.11242938041687,0.3510161736680191
UBFC_PHYS_s04_T3_test,104,60,106.0,-2.3545830249786377,-0.04472575772311135
UBFC_PHYS_s04_T3_test,104,61,106.03333333333333,-2.531554937362671,-0.4098353067309959
UBFC_PHYS_s04_T3_test,104,62,106.06666666666666,-2.5970191955566406,-0.724617068464063
UBFC_PHYS_s04_T3_test,104,63,106.1,-2.536154270172119,-0.978122675567691
UBFC_PHYS_s04_T3_test,104,64,106.13333333333334,-2.311638593673706,-1.1671779354666856
UBFC_PHYS_s04_T3_test,104,65,106.16666666666667,-1.9654806852340698,-1.2932915236234102
UBFC_PHYS_s04_T3_test,104,66,106.2,-1.7272249460220337,-1.3584102023063676
UBFC_PHYS_s04_T3_test,104,67,106.23333333333333,-1.7074239253997803,-1.3611034482858912
UBFC_PHYS_s04_T3_test,104,68,106.26666666666667,-1.724593997001648,-1.294938112471558
UBFC_PHYS_s04_T3_test,104,69,106.3,-1.606956958770752,-1.1502657790699529
UBFC_PHYS_s04_T3_test,104,70,106.33333333333333,-1.3799270391464233,-0.9193310891085207
UBFC_PHYS_s04_T3_test,104,71,106.36666666666666,-1.175621509552002,-0.602959170181904
UBFC_PHYS_s04_T3_test,104,72,106.4,-1.0907752513885498,-0.2159111221151162
UBFC_PHYS_s04_T3_test,104,73,106.43333333333334,-1.0705844163894653,0.21179037484863308
UBFC_PHYS_s04_T3_test,104,74,106.46666666666667,-1.024667739868164,0.6384875005522601
UBFC_PHYS_s04_T3_test,104,75,106.5,-0.9700687527656555,1.0181701864843546
UBFC_PHYS_s04_T3_test,104,76,106.53333333333333,-0.9153234958648682,1.3088274642452786
UBFC_PHYS_s04_T3_test,104,77,106.56666666666666,-0.7970434427261353,1.4793909656669924
UBFC_PHYS_s04_T3_test,104,78,106.6,-0.632710337638855,1.5138920577215154
UBFC_PHYS_s04_T3_test,104,79,106.63333333333334,-0.5401462912559509,1.4125330006769794
UBFC_PHYS_s04_T3_test,104,80,106.66666666666667,-0.5758505463600159,1.1898583529579623
UBFC_PHYS_s04_T3_test,104,81,106.7,-0.6156085133552551,0.8707456535005065
UBFC_PHYS_s04_T3_test,104,82,106.73333333333333,-0.45708319544792175,0.4859217299343808
UBFC_PHYS_s04_T3_test,104,83,106.76666666666667,-0.06613917648792267,0.06899958543875974
UBFC_PHYS_s04_T3_test,104,84,106.8,0.3796280324459076,-0.34431823766515873
UBFC_PHYS_s04_T3_test,104,85,106.83333333333333,0.7415233850479126,-0.7161937980863805
UBFC_PHYS_s04_T3_test,104,86,106.86666666666666,1.0139826536178589,-1.0080549354502693
UBFC_PHYS_s04_T3_test,104,87,106.9,1.225333571434021,-1.1850627736948725
UBFC_PHYS_s04_T3_test,104,88,106.93333333333334,1.3952113389968872,-1.2233385601671372
UBFC_PHYS_s04_T3_test,104,89,106.96666666666667,1.541448712348938,-1.1175105031509112
UBFC_PHYS_s04_T3_test,104,90,107.0,1.6611223220825195,-0.885052968029313
UBFC_PHYS_s04_T3_test,104,91,107.03333333333333,1.726898431777954,-0.5647386216314972
UBFC_PHYS_s04_T3_test,104,92,107.06666666666666,1.7355613708496094,-0.20908363424474005
UBFC_PHYS_s04_T3_test,104,93,107.1,1.7342945337295532,0.12678992139288398
UBFC_PHYS_s04_T3_test,104,94,107.13333333333334,1.77321457862854,0.39646002364643085
UBFC_PHYS_s04_T3_test,104,95,107.16666666666667,1.827657699584961,0.5705855689119527
UBFC_PHYS_s04_T3_test,104,96,107.2,1.8104486465454102,0.6401563847993813
UBFC_PHYS_s04_T3_test,104,97,107.23333333333333,1.6617069244384766,0.6140058256800396
UBFC_PHYS_s04_T3_test,104,98,107.26666666666667,1.3813252449035645,0.5122567759394293
UBFC_PHYS_s04_T3_test,104,99,107.3,0.9995899200439453,0.35905737523521264
UBFC_PHYS_s04_T3_test,104,100,107.33333333333333,0.5646587014198303,0.17780772340654402
UBFC_PHYS_s04_T3_test,104,101,107.36666666666666,0.1327873021364212,-0.00982892397871594
UBFC_PHYS_s04_T3_test,104,102,107.4,-0.27219870686531067,-0.18235319091031174
UBFC_PHYS_s04_T3_test,104,103,107.43333333333334,-0.6674790978431702,-0.31708587854725273
UBFC_PHYS_s04_T3_test,104,104,107.46666666666667,-1.0588713884353638,-0.3915027718859174
UBFC_PHYS_s04_T3_test,104,105,107.5,-1.424800992012024,-0.3878706312693007
UBFC_PHYS_s04_T3_test,104,106,107.53333333333333,-1.728852391242981,-0.29965732163225384
UBFC_PHYS_s04_T3_test,104,107,107.56666666666666,-1.891811490058899,-0.13673548456857146
UBFC_PHYS_s04_T3_test,104,108,107.6,-1.815306544303894,0.07369385244088315
UBFC_PHYS_s04_T3_test,104,109,107.63333333333334,-1.5267685651779175,0.2920584303496056
UBFC_PHYS_s04_T3_test,104,110,107.66666666666667,-1.192879319190979,0.4762991687839641
UBFC_PHYS_s04_T3_test,104,111,107.7,-0.9353974461555481,0.593307867468124
UBFC_PHYS_s04_T3_test,104,112,107.73333333333333,-0.7381177544593811,0.6275099576250359
UBFC_PHYS_s04_T3_test,104,113,107.76666666666667,-0.5679768919944763,0.5830934710258379
UBFC_PHYS_s04_T3_test,104,114,107.8,-0.4455260932445526,0.4789787379269935
UBFC_PHYS_s04_T3_test,104,115,107.83333333333333,-0.35927656292915344,0.33891260434297626
UBFC_PHYS_s04_T3_test,104,116,107.86666666666666,-0.2603102922439575,0.1815338928164539
UBFC_PHYS_s04_T3_test,104,117,107.9,-0.13520897924900055,0.015237763018661917
UBFC_PHYS_s04_T3_test,104,118,107.93333333333334,0.007997820153832436,-0.16020577789290316
UBFC_PHYS_s04_T3_test,104,119,107.96666666666667,0.18579798936843872,-0.34712141929376894
UBFC_PHYS_s04_T3_test,104,120,108.0,0.3888659179210663,-0.5425953877298859
UBFC_PHYS_s04_T3_test,104,121,108.03333333333333,0.5446043014526367,-0.7341498996466522
UBFC_PHYS_s04_T3_test,104,122,108.06666666666666,0.6059953570365906,-0.8999639458603043
UBFC_PHYS_s04_T3_test,104,123,108.1,0.6058394312858582,-1.0127855545148978
UBFC_PHYS_s04_T3_test,104,124,108.13333333333334,0.5906085968017578,-1.045682142862776
UBFC_PHYS_s04_T3_test,104,125,108.16666666666667,0.5429282188415527,-0.9779610649578139
UBFC_PHYS_s04_T3_test,104,126,108.2,0.41541025042533875,-0.8000726377294403
UBFC_PHYS_s04_T3_test,104,127,108.23333333333333,0.22785572707653046,-0.5167932875737923
UBFC_PHYS_s04_T3_test,104,128,108.26666666666667,0.058338478207588196,-0.1484368640514582
UBFC_PHYS_s04_T3_test,104,129,108.3,-0.07422720640897751,0.27002312810723844
UBFC_PHYS_s04_T3_test,104,130,108.33333333333333,-0.22996556758880615,0.6922490476812574
UBFC_PHYS_s04_T3_test,104,131,108.36666666666666,-0.4402737617492676,1.0665299829928512
UBFC_PHYS_s04_T3_test,104,132,108.4,-0.6334704160690308,1.3439615529679159
UBFC_PHYS_s04_T3_test,104,133,108.43333333333334,-0.6646336913108826,1.4871910178965706
UBFC_PHYS_s04_T3_test,104,134,108.46666666666667,-0.4488295316696167,1.4774097458265547
UBFC_PHYS_s04_T3_test,104,135,108.5,-0.08033707737922668,1.3174435014018533
UBFC_PHYS_s04_T3_test,104,136,108.53333333333333,0.24521087110042572,1.029885509213366
UBFC_PHYS_s04_T3_test,104,137,108.56666666666666,0.4498574435710907,0.6509624195501178
UBFC_PHYS_s04_T3_test,104,138,108.6,0.5800844430923462,0.22251037746212848
UBFC_PHYS_s04_T3_test,104,139,108.63333333333334,0.6587429046630859,-0.21501238079099905
UBFC_PHYS_s04_T3_test,104,140,108.66666666666667,0.6595712304115295,-0.6265902770360277
UBFC_PHYS_s04_T3_test,104,141,108.7,0.5932981371879578,-0.9835648849885928
UBFC_PHYS_s04_T3_test,104,142,108.73333333333333,0.511384904384613,-1.2623111156488143
UBFC_PHYS_s04_T3_test,104,143,108.76666666666667,0.43316492438316345,-1.4421757723725337
UBFC_PHYS_s04_T3_test,104,144,108.8,0.34521982073783875,-1.5044868477404225
UBFC_PHYS_s04_T3_test,104,145,108.83333333333333,0.24639971554279327,-1.4341360762926025
UBFC_PHYS_s04_T3_test,104,146,108.86666666666666,0.14125536382198334,-1.2240372030481865
UBFC_PHYS_s04_T3_test,104,147,108.9,0.03490269184112549,-0.8811367069289926
UBFC_PHYS_s04_T3_test,104,148,108.93333333333334,-0.05707668885588646,-0.4313833993457453
UBFC_PHYS_s04_T3_test,104,149,108.96666666666667,-0.1206895038485527,0.0793158299704994
UBFC_PHYS_s04_T3_test,104,150,109.0,-0.16233797371387482,0.5902577363966685
UBFC_PHYS_s04_T3_test,104,151,109.03333333333333,-0.20564302802085876,1.036972358628735
UBFC_PHYS_s04_T3_test,104,152,109.06666666666666,-0.2744107246398926,1.3647523764901461
UBFC_PHYS_s04_T3_test,104,153,109.1,-0.3890463411808014,1.5395915231438688
UBFC_PHYS_s04_T3_test,104,154,109.13333333333334,-0.5421439409255981,1.552657013215544
UBFC_PHYS_s04_T3_test,104,155,109.16666666666667,-0.6444525718688965,1.417601314436963
UBFC_PHYS_s04_T3_test,104,156,109.2,-0.5721378326416016,1.1630396297696104
UBFC_PHYS_s04_T3_test,104,157,109.23333333333333,-0.3207755982875824,0.8238591036809302
UBFC_PHYS_s04_T3_test,104,158,109.26666666666667,-0.028232641518115997,0.4343570360865518
UBFC_PHYS_s04_T3_test,104,159,109.3,0.1770375818014145,0.024539445389531504
UBFC_PHYS_s04_T3_test,104,160,109.33333333333333,0.2771926820278168,-0.3805175845270087
UBFC_PHYS_s04_T3_test,104,161,109.36666666666666,0.31166911125183105,-0.759191582120602
UBFC_PHYS_s04_T3_test,104,162,109.4,0.3202541172504425,-1.0910750270465004
UBFC_PHYS_s04_T3_test,104,163,109.43333333333334,0.3260326683521271,-1.355283815070102
UBFC_PHYS_s04_T3_test,104,164,109.46666666666667,0.3308270275592804,-1.530183912821649
UBFC_PHYS_s04_T3_test,104,165,109.5,0.32206660509109497,-1.5948953111184965
UBFC_PHYS_s04_T3_test,104,166,109.53333333333333,0.3016321659088135,-1.532562307892609
UBFC_PHYS_s04_T3_test,104,167,109.56666666666666,0.2924819886684418,-1.3349525650481946
UBFC_PHYS_s04_T3_test,104,168,109.6,0.29613620042800903,-1.007304148413166
UBFC_PHYS_s04_T3_test,104,169,109.63333333333334,0.29069870710372925,-0.571794932772885
UBFC_PHYS_s04_T3_test,104,170,109.66666666666667,0.2677404284477234,-0.06798044272467982
UBFC_PHYS_s04_T3_test,104,171,109.7,0.2427552342414856,0.45088708520963894
UBFC_PHYS_s04_T3_test,104,172,109.73333333333333,0.21899786591529846,0.9256795830447554
UBFC_PHYS_s04_T3_test,104,173,109.76666666666667,0.14643950760364532,1.3018908086758696
UBFC_PHYS_s04_T3_test,104,174,109.8,-0.03493693470954895,1.5398983818186573
UBFC_PHYS_s04_T3_test,104,175,109.83333333333333,-0.263535737991333,1.6217207392767976
UBFC_PHYS_s04_T3_test,104,176,109.86666666666666,-0.3668286204338074,1.5523266975106087
UBFC_PHYS_s04_T3_test,104,177,109.9,-0.25515538454055786,1.3557434712616792
UBFC_PHYS_s04_T3_test,104,178,109.93333333333334,-0.02083648182451725,1.0679441384037454
UBFC_PHYS_s04_T3_test,104,179,109.96666666666667,0.1874740570783615,0.7290584393121221
UBFC_PHYS_s04_T3_test,104,180,110.0,0.28874003887176514,0.37686369080023063
UBFC_PHYS_s04_T3_test,104,181,110.03333333333333,0.26437851786613464,0.04242291015390434
UBFC_PHYS_s04_T3_test,104,182,110.06666666666666,0.1562230885028839,-0.25213493359700145
UBFC_PHYS_s04_T3_test,104,183,110.1,0.03379180654883385,-0.4940881911787163
UBFC_PHYS_s04_T3_test,104,184,110.13333333333334,-0.06279677152633667,-0.6792437568040617
UBFC_PHYS_s04_T3_test,104,185,110.16666666666667,-0.14309236407279968,-0.8099097773138784
UBFC_PHYS_s04_T3_test,104,186,110.2,-0.22279353439807892,-0.8918075837073123
UBFC_PHYS_s04_T3_test,104,187,110.23333333333333,-0.28498363494873047,-0.9302353482400889
UBFC_PHYS_s04_T3_test,104,188,110.26666666666667,-0.2989184260368347,-0.926379101176525
UBFC_PHYS_s04_T3_test,104,189,110.3,-0.2693922519683838,-0.8752272401874676
UBFC_PHYS_s04_T3_test,104,190,110.33333333333333,-0.2426822930574417,-0.7665637406767093
UBFC_PHYS_s04_T3_test,104,191,110.36666666666666,-0.2608754634857178,-0.5896775384280524
UBFC_PHYS_s04_T3_test,104,192,110.4,-0.3215161859989166,-0.3408300441751904
UBFC_PHYS_s04_T3_test,104,193,110.43333333333334,-0.3878380060195923,-0.030769150208150547
UBFC_PHYS_s04_T3_test,104,194,110.46666666666667,-0.4477965831756592,0.3113849445224274
UBFC_PHYS_s04_T3_test,104,195,110.5,-0.549540102481842,0.6407572839778547
UBFC_PHYS_s04_T3_test,104,196,110.53333333333333,-0.722126841545105,0.9060359120693008
UBFC_PHYS_s04_T3_test,104,197,110.56666666666666,-0.8354761600494385,1.0624927801994317
UBFC_PHYS_s04_T3_test,104,198,110.6,-0.7002404928207397,1.0838048436596865
UBFC_PHYS_s04_T3_test,104,199,110.63333333333334,-0.31762808561325073,0.9681782755999594
UBFC_PHYS_s04_T3_test,104,200,110.66666666666667,0.09340932965278625,0.7368216544251194
UBFC_PHYS_s04_T3_test,104,201,110.7,0.33469563722610474,0.42607477799645443
UBFC_PHYS_s04_T3_test,104,202,110.73333333333333,0.37521371245384216,0.07683397347505938
UBFC_PHYS_s04_T3_test,104,203,110.76666666666667,0.2934759259223938,-0.274492773847871
UBFC_PHYS_s04_T3_test,104,204,110.8,0.19945992529392242,-0.6004190942238012
UBFC_PHYS_s04_T3_test,104,205,110.83333333333333,0.1753615140914917,-0.8814557034462275
UBFC_PHYS_s04_T3_test,104,206,110.86666666666666,0.23404355347156525,-1.101635682724544
UBFC_PHYS_s04_T3_test,104,207,110.9,0.3168630003929138,-1.2439317948258535
UBFC_PHYS_s04_T3_test,104,208,110.93333333333334,0.3604603707790375,-1.2889572097441298
UBFC_PHYS_s04_T3_test,104,209,110.96666666666667,0.3914385139942169,-1.21865753929035
UBFC_PHYS_s04_T3_test,104,210,111.0,0.4932307004928589,-1.0241038460273897
UBFC_PHYS_s04_T3_test,104,211,111.03333333333333,0.6520971059799194,-0.7140424107941509
UBFC_PHYS_s04_T3_test,104,212,111.06666666666666,0.7522132396697998,-0.3196849149238173
UBFC_PHYS_s04_T3_test,104,213,111.1,0.7486466765403748,0.10777613309823564
UBFC_PHYS_s04_T3_test,104,214,111.13333333333334,0.6747922897338867,0.5073690323700619
UBFC_PHYS_s04_T3_test,104,215,111.16666666666667,0.5310397744178772,0.8231194913986118
UBFC_PHYS_s04_T3_test,104,216,111.2,0.2726614475250244,1.018079619177884
UBFC_PHYS_s04_T3_test,104,217,111.23333333333333,-0.12466530501842499,1.0825425980895658
UBFC_PHYS_s04_T3_test,104,218,111.26666666666667,-0.6077641248703003,1.0338722893324417
UBFC_PHYS_s04_T3_test,104,219,111.3,-0.9912047982215881,0.9087162047007895
UBFC_PHYS_s04_T3_test,104,220,111.33333333333333,-1.0722897052764893,0.7509248877495759
UBFC_PHYS_s04_T3_test,104,221,111.36666666666666,-0.8575769662857056,0.5994042651933945
UBFC_PHYS_s04_T3_test,104,222,111.4,-0.5519664883613586,0.4793663011278702
UBFC_PHYS_s04_T3_test,104,223,111.43333333333334,-0.2940851151943207,0.39868225482065456
UBFC_PHYS_s04_T3_test,104,224,111.46666666666667,-0.07252189517021179,0.3491962499549787
UBFC_PHYS_s04_T3_test,104,225,111.5,0.13058501482009888,0.31164786406101996
UBFC_PHYS_s04_T3_test,104,226,111.53333333333333,0.2945186197757721,0.2624996240896336
UBFC_PHYS_s04_T3_test,104,227,111.56666666666666,0.4208087623119354,0.18107170325947686
UBFC_PHYS_s04_T3_test,104,228,111.6,0.5166762471199036,0.0555191941201797
UBFC_PHYS_s04_T3_test,104,229,111.63333333333334,0.5798505544662476,-0.1135779686784534
UBFC_PHYS_s04_T3_test,104,230,111.66666666666667,0.6139177083969116,-0.3127080452229215
UBFC_PHYS_s04_T3_test,104,231,111.7,0.6208655834197998,-0.5180126020997097
UBFC_PHYS_s04_T3_test,104,232,111.73333333333333,0.6024482846260071,-0.700359986272182
UBFC_PHYS_s04_T3_test,104,233,111.76666666666667,0.5752900838851929,-0.8317798362143092
UBFC_PHYS_s04_T3_test,104,234,111.8,0.546640932559967,-0.8916942312176315
UBFC_PHYS_s04_T3_test,104,235,111.83333333333333,0.4961540997028351,-0.8711990700387563
UBFC_PHYS_s04_T3_test,104,236,111.86666666666666,0.40538305044174194,-0.7740206655443104
UBFC_PHYS_s04_T3_test,104,237,111.9,0.25275319814682007,-0.613980497407138
UBFC_PHYS_s04_T3_test,104,238,111.93333333333334,0.003145004389807582,-0.41051389563235846
UBFC_PHYS_s04_T3_test,104,239,111.96666666666667,-0.3380430340766907,-0.18469235986215438
UBFC_PHYS_s04_T3_test,105,0,105.0,0.23012621700763702,-0.12033312916247708
UBFC_PHYS_s04_T3_test,105,1,105.03333333333333,0.13906283676624298,-0.33465035729548237
UBFC_PHYS_s04_T3_test,105,2,105.06666666666666,0.06870674341917038,-0.530221989876992
UBFC_PHYS_s04_T3_test,105,3,105.1,0.06647522747516632,-0.6918378414481647
UBFC_PHYS_s04_T3_test,105,4,105.13333333333334,0.08708508312702179,-0.8096932993439682
UBFC_PHYS_s04_T3_test,105,5,105.16666666666667,0.03153105452656746,-0.8818138011359112
UBFC_PHYS_s04_T3_test,105,6,105.2,-0.10392877459526062,-0.9149229305222536
UBFC_PHYS_s04_T3_test,105,7,105.23333333333333,-0.16692768037319183,-0.9229902118676387
UBFC_PHYS_s04_T3_test,105,8,105.26666666666667,0.017264945432543755,-0.9233343108571322
UBFC_PHYS_s04_T3_test,105,9,105.3,0.428331583738327,-0.9309745898776778
UBFC_PHYS_s04_T3_test,105,10,105.33333333333333,0.8432571291923523,-0.9528174748485613
UBFC_PHYS_s04_T3_test,105,11,105.36666666666666,1.0615460872650146,-0.9836727441533369
UBFC_PHYS_s04_T3_test,105,12,105.4,1.0650444030761719,-1.0056119061352933
UBFC_PHYS_s04_T3_test,105,13,105.43333333333334,0.9772942066192627,-0.9911446233632761
UBFC_PHYS_s04_T3_test,105,14,105.46666666666667,0.9180177450180054,-0.909665185127895
UBFC_PHYS_s04_T3_test,105,15,105.5,0.9223833680152893,-0.7358279605246871
UBFC_PHYS_s04_T3_test,105,16,105.53333333333333,0.9826732873916626,-0.45796141127910117
UBFC_PHYS_s04_T3_test,105,17,105.56666666666666,1.1279361248016357,-0.08435444101535342
UBFC_PHYS_s04_T3_test,105,18,105.6,1.4130147695541382,0.3546475443697795
UBFC_PHYS_s04_T3_test,105,19,105.63333333333334,1.8036664724349976,0.8101545656678518
UBFC_PHYS_s04_T3_test,105,20,105.66666666666667,2.128230094909668,1.223933249512538
UBFC_PHYS_s04_T3_test,105,21,105.7,2.1819522380828857,1.541339818350138
UBFC_PHYS_s04_T3_test,105,22,105.73333333333333,1.8859012126922607,1.7239678389349724
UBFC_PHYS_s04_T3_test,105,23,105.76666666666667,1.345396876335144,1.7575438828184817
UBFC_PHYS_s04_T3_test,105,24,105.8,0.7425953149795532,1.6526281226263555
UBFC_PHYS_s04_T3_test,105,25,105.83333333333333,0.1384294331073761,1.4387751243027052
UBFC_PHYS_s04_T3_test,105,26,105.86666666666666,-0.5207545161247253,1.154989911218109
UBFC_PHYS_s04_T3_test,105,27,105.9,-1.2092599868774414,0.839850441369714
UBFC_PHYS_s04_T3_test,105,28,105.93333333333334,-1.764274001121521,0.5239027598517281
UBFC_PHYS_s04_T3_test,105,29,105.96666666666667,-2.11242938041687,0.22569739281945575
UBFC_PHYS_s04_T3_test,105,30,106.0,-2.3545830249786377,-0.04821453315173009
UBFC_PHYS_s04_T3_test,105,31,106.03333333333333,-2.531554937362671,-0.299878358342764
UBFC_PHYS_s04_T3_test,105,32,106.06666666666666,-2.5970191955566406,-0.5345115632295205
UBFC_PHYS_s04_T3_test,105,33,106.1,-2.536154270172119,-0.7549156232964117
UBFC_PHYS_s04_T3_test,105,34,106.13333333333334,-2.311638593673706,-0.9573789083955363
UBFC_PHYS_s04_T3_test,105,35,106.16666666666667,-1.9654806852340698,-1.1300485354870982
UBFC_PHYS_s04_T3_test,105,36,106.2,-1.7272249460220337,-1.2540215298038364
UBFC_PHYS_s04_T3_test,105,37,106.23333333333333,-1.7074239253997803,-1.3069211385063764
UBFC_PHYS_s04_T3_test,105,38,106.26666666666667,-1.724593997001648,-1.268433133164993
UBFC_PHYS_s04_T3_test,105,39,106.3,-1.606956958770752,-1.126731984902494
UBFC_PHYS_s04_T3_test,105,40,106.33333333333333,-1.3799270391464233,-0.883875475002809
UBFC_PHYS_s04_T3_test,105,41,106.36666666666666,-1.175621509552002,-0.558037675181734
UBFC_PHYS_s04_T3_test,105,42,106.4,-1.0907752513885498,-0.18155736112371598
UBFC_PHYS_s04_T3_test,105,43,106.43333333333334,-1.0705844163894653,0.20460840316650186
UBFC_PHYS_s04_T3_test,105,44,106.46666666666667,-1.024667739868164,0.5583844208186862
UBFC_PHYS_s04_T3_test,105,45,106.5,-0.9700687527656555,0.8439180733515971
UBFC_PHYS_s04_T3_test,105,46,106.53333333333333,-0.9153234958648682,1.0365854770909688
UBFC_PHYS_s04_T3_test,105,47,106.56666666666666,-0.7970434427261353,1.124373032746284
UBFC_PHYS_s04_T3_test,105,48,106.6,-0.632710337638855,1.1062201374827145
UBFC_PHYS_s04_T3_test,105,49,106.63333333333334,-0.5401462912559509,0.9892796184189243
UBFC_PHYS_s04_T3_test,105,50,106.66666666666667,-0.5758505463600159,0.7867333797357343
UBFC_PHYS_s04_T3_test,105,51,106.7,-0.6156085133552551,0.5166573629014356
UBFC_PHYS_s04_T3_test,105,52,106.73333333333333,-0.45708319544792175,0.20174967849304223
UBFC_PHYS_s04_T3_test,105,53,106.76666666666667,-0.06613917648792267,-0.1305317905908249
UBFC_PHYS_s04_T3_test,105,54,106.8,0.3796280324459076,-0.4482199161068741
UBFC_PHYS_s04_T3_test,105,55,106.83333333333333,0.7415233850479126,-0.7165333879980533
UBFC_PHYS_s04_T3_test,105,56,106.86666666666666,1.0139826536178589,-0.9018153631211125
UBFC_PHYS_s04_T3_test,105,57,106.9,1.225333571434021,-0.9775758721819217
UBFC_PHYS_s04_T3_test,105,58,106.93333333333334,1.3952113389968872,-0.931159257664571
UBFC_PHYS_s04_T3_test,105,59,106.96666666666667,1.541448712348938,-0.7685641199869719
UBFC_PHYS_s04_T3_test,105,60,107.0,1.6611223220825195,-0.5150576218556588
UBFC_PHYS_s04_T3_test,105,61,107.03333333333333,1.726898431777954,-0.21073070626655085
UBFC_PHYS_s04_T3_test,105,62,107.06666666666666,1.7355613708496094,0.09760341957725333
UBFC_PHYS_s04_T3_test,105,63,107.1,1.7342945337295532,0.3654252849551534
UBFC_PHYS_s04_T3_test,105,64,107.13333333333334,1.77321457862854,0.5581960737135965
UBFC_PHYS_s04_T3_test,105,65,107.16666666666667,1.827657699584961,0.6565082576103852
UBFC_PHYS_s04_T3_test,105,66,107.2,1.8104486465454102,0.6577847248317531
UBFC_PHYS_s04_T3_test,105,67,107.23333333333333,1.6617069244384766,0.5740603368315431
UBFC_PHYS_s04_T3_test,105,68,107.26666666666667,1.3813252449035645,0.4269156843479007
UBFC_PHYS_s04_T3_test,105,69,107.3,0.9995899200439453,0.24202045045361453
UBFC_PHYS_s04_T3_test,105,70,107.33333333333333,0.5646587014198303,0.045466790945941304
UBFC_PHYS_s04_T3_test,105,71,107.36666666666666,0.1327873021364212,-0.13761428131696232
UBFC_PHYS_s04_T3_test,105,72,107.4,-0.27219870686531067,-0.2834538373748232
UBFC_PHYS_s04_T3_test,105,73,107.43333333333334,-0.6674790978431702,-0.37102887358229475
UBFC_PHYS_s04_T3_test,105,74,107.46666666666667,-1.0588713884353638,-0.38545367500548905
UBFC_PHYS_s04_T3_test,105,75,107.5,-1.424800992012024,-0.3225390666140057
UBFC_PHYS_s04_T3_test,105,76,107.53333333333333,-1.728852391242981,-0.19215533520370123
UBFC_PHYS_s04_T3_test,105,77,107.56666666666666,-1.891811490058899,-0.017902908922269062
UBFC_PHYS_s04_T3_test,105,78,107.6,-1.815306544303894,0.16788253383836813
UBFC_PHYS_s04_T3_test,105,79,107.63333333333334,-1.5267685651779175,0.3324343517996129
UBFC_PHYS_s04_T3_test,105,80,107.66666666666667,-1.192879319190979,0.45102441405516946
UBFC_PHYS_s04_T3_test,105,81,107.7,-0.9353974461555481,0.5122698505231388
UBFC_PHYS_s04_T3_test,105,82,107.73333333333333,-0.7381177544593811,0.518504886540622
UBFC_PHYS_s04_T3_test,105,83,107.76666666666667,-0.5679768919944763,0.4816166227865866
UBFC_PHYS_s04_T3_test,105,84,107.8,-0.4455260932445526,0.4162846628067521
UBFC_PHYS_s04_T3_test,105,85,107.83333333333333,-0.35927656292915344,0.33323875746598347
UBFC_PHYS_s04_T3_test,105,86,107.86666666666666,-0.2603102922439575,0.23510917925819497
UBFC_PHYS_s04_T3_test,105,87,107.9,-0.13520897924900055,0.11650723810454697
UBFC_PHYS_s04_T3_test,105,88,107.93333333333334,0.007997820153832436,-0.03180526519958835
UBFC_PHYS_s04_T3_test,105,89,107.96666666666667,0.18579798936843872,-0.21656638332901287
UBFC_PHYS_s04_T3_test,105,90,108.0,0.3888659179210663,-0.4361742493552536
UBFC_PHYS_s04_T3_test,105,91,108.03333333333333,0.5446043014526367,-0.6774846780593106
UBFC_PHYS_s04_T3_test,105,92,108.06666666666666,0.6059953570365906,-0.915905078335048
UBFC_PHYS_s04_T3_test,105,93,108.1,0.6058394312858582,-1.11821083173516
UBFC_PHYS_s04_T3_test,105,94,108.13333333333334,0.5906085968017578,-1.2472927815777837
UBFC_PHYS_s04_T3_test,105,95,108.16666666666667,0.5429282188415527,-1.268364759091346
UBFC_PHYS_s04_T3_test,105,96,108.2,0.41541025042533875,-1.1561605090228817
UBFC_PHYS_s04_T3_test,105,97,108.23333333333333,0.22785572707653046,-0.9021106777643524
UBFC_PHYS_s04_T3_test,105,98,108.26666666666667,0.058338478207588196,-0.5197415298475868
UBFC_PHYS_s04_T3_test,105,99,108.3,-0.07422720640897751,-0.04612542963116859
UBFC_PHYS_s04_T3_test,105,100,108.33333333333333,-0.22996556758880615,0.4623075338922808
UBFC_PHYS_s04_T3_test,105,101,108.36666666666666,-0.4402737617492676,0.9396178650809803
UBFC_PHYS_s04_T3_test,105,102,108.4,-0.6334704160690308,1.323484241743695
UBFC_PHYS_s04_T3_test,105,103,108.43333333333334,-0.6646336913108826,1.56754220924769
UBFC_PHYS_s04_T3_test,105,104,108.46666666666667,-0.4488295316696167,1.6490930714277752
UBFC_PHYS_s04_T3_test,105,105,108.5,-0.08033707737922668,1.5702473862498696
UBFC_PHYS_s04_T3_test,105,106,108.53333333333333,0.24521087110042572,1.3530625676875048
UBFC_PHYS_s04_T3_test,105,107,108.56666666666666,0.4498574435710907,1.0312229064310354
UBFC_PHYS_s04_T3_test,105,108,108.6,0.5800844430923462,0.641577164188622
UBFC_PHYS_s04_T3_test,105,109,108.63333333333334,0.6587429046630859,0.21829867906210396
UBFC_PHYS_s04_T3_test,105,110,108.66666666666667,0.6595712304115295,-0.20904528263278394
UBFC_PHYS_s04_T3_test,105,111,108.7,0.5932981371879578,-0.6140026118015331
UBFC_PHYS_s04_T3_test,105,112,108.73333333333333,0.511384904384613,-0.9702168732341404
UBFC_PHYS_s04_T3_test,105,113,108.76666666666667,0.43316492438316345,-1.2492987738816377
UBFC_PHYS_s04_T3_test,105,114,108.8,0.34521982073783875,-1.4215064377689146
UBFC_PHYS_s04_T3_test,105,115,108.83333333333333,0.24639971554279327,-1.4599451119081157
UBFC_PHYS_s04_T3_test,105,116,108.86666666666666,0.14125536382198334,-1.3475558690561031
UBFC_PHYS_s04_T3_test,105,117,108.9,0.03490269184112549,-1.0847874110431575
UBFC_PHYS_s04_T3_test,105,118,108.93333333333334,-0.05707668885588646,-0.694896005460358
UBFC_PHYS_s04_T3_test,105,119,108.96666666666667,-0.1206895038485527,-0.22390808237924237
UBFC_PHYS_s04_T3_test,105,120,109.0,-0.16233797371387482,0.26619786116812205
UBFC_PHYS_s04_T3_test,105,121,109.03333333333333,-0.20564302802085876,0.7098781113319964
UBFC_PHYS_s04_T3_test,105,122,109.06666666666666,-0.2744107246398926,1.0520628773667764
UBFC_PHYS_s04_T3_test,105,123,109.1,-0.3890463411808014,1.2588433583668648
UBFC_PHYS_s04_T3_test,105,124,109.13333333333334,-0.5421439409255981,1.3212667206777895
UBFC_PHYS_s04_T3_test,105,125,109.16666666666667,-0.6444525718688965,1.251809226540699
UBFC_PHYS_s04_T3_test,105,126,109.2,-0.5721378326416016,1.0760596904925968
UBFC_PHYS_s04_T3_test,105,127,109.23333333333333,-0.3207755982875824,0.8235141113722456
UBFC_PHYS_s04_T3_test,105,128,109.26666666666667,-0.028232641518115997,0.5207361614386554
UBFC_PHYS_s04_T3_test,105,129,109.3,0.1770375818014145,0.1883860677515125
UBFC_PHYS_s04_T3_test,105,130,109.33333333333333,0.2771926820278168,-0.15801654439698062
UBFC_PHYS_s04_T3_test,105,131,109.36666666666666,0.31166911125183105,-0.5047723325260731
UBFC_PHYS_s04_T3_test,105,132,109.4,0.3202541172504425,-0.8358027698719822
UBFC_PHYS_s04_T3_test,105,133,109.43333333333334,0.3260326683521271,-1.1293711583616344
UBFC_PHYS_s04_T3_test,105,134,109.46666666666667,0.3308270275592804,-1.3573362598461616
UBFC_PHYS_s04_T3_test,105,135,109.5,0.32206660509109497,-1.4879385675585453
UBFC_PHYS_s04_T3_test,105,136,109.53333333333333,0.3016321659088135,-1.492019393251216
UBFC_PHYS_s04_T3_test,105,137,109.56666666666666,0.2924819886684418,-1.3512382589433538
UBFC_PHYS_s04_T3_test,105,138,109.6,0.29613620042800903,-1.0657670753420134
UBFC_PHYS_s04_T3_test,105,139,109.63333333333334,0.29069870710372925,-0.6586271035533852
UBFC_PHYS_s04_T3_test,105,140,109.66666666666667,0.2677404284477234,-0.1745877901991763
UBFC_PHYS_s04_T3_test,105,141,109.7,0.2427552342414856,0.32682714360308235
UBFC_PHYS_s04_T3_test,105,142,109.73333333333333,0.21899786591529846,0.782715759154946
UBFC_PHYS_s04_T3_test,105,143,109.76666666666667,0.14643950760364532,1.1393943408918112
UBFC_PHYS_s04_T3_test,105,144,109.8,-0.03493693470954895,1.3623949256571948
UBFC_PHYS_s04_T3_test,105,145,109.83333333333333,-0.263535737991333,1.4409397244380753
UBFC_PHYS_s04_T3_test,105,146,109.86666666666666,-0.3668286204338074,1.3862352568532261
UBFC_PHYS_s04_T3_test,105,147,109.9,-0.25515538454055786,1.2252407376919152
UBFC_PHYS_s04_T3_test,105,148,109.93333333333334,-0.02083648182451725,0.9926354415919867
UBFC_PHYS_s04_T3_test,105,149,109.96666666666667,0.1874740570783615,0.7234500387132072
UBFC_PHYS_s04_T3_test,105,150,110.0,0.28874003887176514,0.4478459211328192
UBFC_PHYS_s04_T3_test,105,151,110.03333333333333,0.26437851786613464,0.18840986517797684
UBFC_PHYS_s04_T3_test,105,152,110.06666666666666,0.1562230885028839,-0.04048734003060737
UBFC_PHYS_s04_T3_test,105,153,110.1,0.03379180654883385,-0.23198432177981343
UBFC_PHYS_s04_T3_test,105,154,110.13333333333334,-0.06279677152633667,-0.38517003649897996
UBFC_PHYS_s04_T3_test,105,155,110.16666666666667,-0.14309236407279968,-0.5028883269718564
UBFC_PHYS_s04_T3_test,105,156,110.2,-0.22279353439807892,-0.5891471566514255
UBFC_PHYS_s04_T3_test,105,157,110.23333333333333,-0.28498363494873047,-0.6466218972076876
UBFC_PHYS_s04_T3_test,105,158,110.26666666666667,-0.2989184260368347,-0.6749219164061129
UBFC_PHYS_s04_T3_test,105,159,110.3,-0.2693922519683838,-0.6702207881059759
UBFC_PHYS_s04_T3_test,105,160,110.33333333333333,-0.2426822930574417,-0.6265132410227089
UBFC_PHYS_s04_T3_test,105,161,110.36666666666666,-0.2608754634857178,-0.5382910911661056
UBFC_PHYS_s04_T3_test,105,162,110.4,-0.3215161859989166,-0.40399004284489154
UBFC_PHYS_s04_T3_test,105,163,110.43333333333334,-0.3878380060195923,-0.22921790978928083
UBFC_PHYS_s04_T3_test,105,164,110.46666666666667,-0.4477965831756592,-0.028595438035764455
UBFC_PHYS_s04_T3_test,105,165,110.5,-0.549540102481842,0.17483978466433048
UBFC_PHYS_s04_T3_test,105,166,110.53333333333333,-0.722126841545105,0.35315739199032176
UBFC_PHYS_s04_T3_test,105,167,110.56666666666666,-0.8354761600494385,0.47944395293145675
UBFC_PHYS_s04_T3_test,105,168,110.6,-0.7002404928207397,0.5343424445615483
UBFC_PHYS_s04_T3_test,105,169,110.63333333333334,-0.31762808561325073,0.5107984156521236
UBFC_PHYS_s04_T3_test,105,170,110.66666666666667,0.09340932965278625,0.415073826132128
UBFC_PHYS_s04_T3_test,105,171,110.7,0.33469563722610474,0.26365355682906955
UBFC_PHYS_s04_T3_test,105,172,110.73333333333333,0.37521371245384216,0.07759339669522777
UBFC_PHYS_s04_T3_test,105,173,110.76666666666667,0.2934759259223938,-0.1229767077283804
UBFC_PHYS_s04_T3_test,105,174,110.8,0.19945992529392242,-0.32181040170051933
UBFC_PHYS_s04_T3_test,105,175,110.83333333333333,0.1753615140914917,-0.5060952652673336
UBFC_PHYS_s04_T3_test,105,176,110.86666666666666,0.23404355347156525,-0.6635386660403643
UBFC_PHYS_s04_T3_test,105,177,110.9,0.3168630003929138,-0.7792105463436498
UBFC_PHYS_s04_T3_test,105,178,110.93333333333334,0.3604603707790375,-0.8345842552727605
UBFC_PHYS_s04_T3_test,105,179,110.96666666666667,0.3914385139942169,-0.810294543931224
UBFC_PHYS_s04_T3_test,105,180,111.0,0.4932307004928589,-0.6923925097677138
UBFC_PHYS_s04_T3_test,105,181,111.03333333333333,0.6520971059799194,-0.47992842864308893
UBFC_PHYS_s04_T3_test,105,182,111.06666666666666,0.7522132396697998,-0.19036890558507957
UBFC_PHYS_s04_T3_test,105,183,111.1,0.7486466765403748,0.14044306057380265
UBFC_PHYS_s04_T3_test,105,184,111.13333333333334,0.6747922897338867,0.4650536574668808
UBFC_PHYS_s04_T3_test,105,185,111.16666666666667,0.5310397744178772,0.7361567848691385
UBFC_PHYS_s04_T3_test,105,186,111.2,0.2726614475250244,0.9191205339777865
UBFC_PHYS_s04_T3_test,105,187,111.23333333333333,-0.12466530501842499,1.0004783233369339
UBFC_PHYS_s04_T3_test,105,188,111.26666666666667,-0.6077641248703003,0.989356731618047
UBFC_PHYS_s04_T3_test,105,189,111.3,-0.9912047982215881,0.9118258347904535
UBFC_PHYS_s04_T3_test,105,190,111.33333333333333,-1.0722897052764893,0.800765518524789
UBFC_PHYS_s04_T3_test,105,191,111.36666666666666,-0.8575769662857056,0.6850325596772501
UBFC_PHYS_s04_T3_test,105,192,111.4,-0.5519664883613586,0.5813208143964547
UBFC_PHYS_s04_T3_test,105,193,111.43333333333334,-0.2940851151943207,0.49072609400006933
UBFC_PHYS_s04_T3_test,105,194,111.46666666666667,-0.07252189517021179,0.40042582868055954
UBFC_PHYS_s04_T3_test,105,195,111.5,0.13058501482009888,0.28943810451049984
UBFC_PHYS_s04_T3_test,105,196,111.53333333333333,0.2945186197757721,0.1363732274752236
UBFC_PHYS_s04_T3_test,105,197,111.56666666666666,0.4208087623119354,-0.0731543621824533
UBFC_PHYS_s04_T3_test,105,198,111.6,0.5166762471199036,-0.3411181062184466
UBFC_PHYS_s04_T3_test,105,199,111.63333333333334,0.5798505544662476,-0.6543667910199835
UBFC_PHYS_s04_T3_test,105,200,111.66666666666667,0.6139177083969116,-0.9846874763377237
UBFC_PHYS_s04_T3_test,105,201,111.7,0.6208655834197998,-1.2915500361123955
UBFC_PHYS_s04_T3_test,105,202,111.73333333333333,0.6024482846260071,-1.5274315522791797
UBFC_PHYS_s04_T3_test,105,203,111.76666666666667,0.5752900838851929,-1.6455396318102498
UBFC_PHYS_s04_T3_test,105,204,111.8,0.546640932559967,-1.6093648351469518
UBFC_PHYS_s04_T3_test,105,205,111.83333333333333,0.4961540997028351,-1.4025249618469169
UBFC_PHYS_s04_T3_test,105,206,111.86666666666666,0.40538305044174194,-1.036094088433667
UBFC_PHYS_s04_T3_test,105,207,111.9,0.25275319814682007,-0.5501991638010835
UBFC_PHYS_s04_T3_test,105,208,111.93333333333334,0.003145004389807582,-0.008002938341158915
UBFC_PHYS_s04_T3_test,105,209,111.96666666666667,-0.3380430340766907,0.5172344098366956
UBFC_PHYS_s04_T3_test,105,210,112.0,-0.6971709132194519,0.9586889249376283
UBFC_PHYS_s04_T3_test,105,211,112.03333333333333,-0.958599328994751,1.270983946771639
UBFC_PHYS_s04_T3_test,105,212,112.06666666666666,-0.9986399412155151,1.4384112971067609
UBFC_PHYS_s04_T3_test,105,213,112.1,-0.7663966417312622,1.4734107723116838
UBFC_PHYS_s04_T3_test,105,214,112.13333333333334,-0.38797444105148315,1.4066662216263728
UBFC_PHYS_s04_T3_test,105,215,112.16666666666667,-0.06942310929298401,1.273807722166704
UBFC_PHYS_s04_T3_test,105,216,112.2,0.11550036072731018,1.1042887412025615
UBFC_PHYS_s04_T3_test,105,217,112.23333333333333,0.2299703061580658,0.9158821302564072
UBFC_PHYS_s04_T3_test,105,218,112.26666666666667,0.30052128434181213,0.7152007063211118
UBFC_PHYS_s04_T3_test,105,219,112.3,0.29984891414642334,0.5021960128785284
UBFC_PHYS_s04_T3_test,105,220,112.33333333333333,0.2569238841533661,0.27557180751905697
UBFC_PHYS_s04_T3_test,105,221,112.36666666666666,0.20857113599777222,0.036596626023312366
UBFC_PHYS_s04_T3_test,105,222,112.4,0.13344994187355042,-0.20960732284860792
UBFC_PHYS_s04_T3_test,105,223,112.43333333333334,0.04768761992454529,-0.4545135162934649
UBFC_PHYS_s04_T3_test,105,224,112.46666666666667,0.03712446242570877,-0.6867044650977612
UBFC_PHYS_s04_T3_test,105,225,112.5,0.1481253206729889,-0.8912535265286129
UBFC_PHYS_s04_T3_test,105,226,112.53333333333333,0.3439432680606842,-1.0483739388019697
UBFC_PHYS_s04_T3_test,105,227,112.56666666666666,0.5326768755912781,-1.1332538192471768
UBFC_PHYS_s04_T3_test,105,228,112.6,0.6314190030097961,-1.1192244548995407
UBFC_PHYS_s04_T3_test,105,229,112.63333333333334,0.6408128142356873,-0.9850363592771252
UBFC_PHYS_s04_T3_test,105,230,112.66666666666667,0.6024190783500671,-0.7246662267973938
UBFC_PHYS_s04_T3_test,105,231,112.7,0.4783506691455841,-0.35600878670457975
UBFC_PHYS_s04_T3_test,105,232,112.73333333333333,0.20115548372268677,0.07576598464844425
UBFC_PHYS_s04_T3_test,105,233,112.76666666666667,-0.18969109654426575,0.5030197731485502
UBFC_PHYS_s04_T3_test,105,234,112.8,-0.549569308757782,0.8485471365028229
UBFC_PHYS_s04_T3_test,105,235,112.83333333333333,-0.7386342287063599,1.0433794421406613
UBFC_PHYS_s04_T3_test,105,236,112.86666666666666,-0.7195835113525391,1.044329278411872
UBFC_PHYS_s04_T3_test,105,237,112.9,-0.5981851816177368,0.8459825467703652
UBFC_PHYS_s04_T3_test,105,238,112.93333333333334,-0.5126274824142456,0.48353180763050785
UBFC_PHYS_s04_T3_test,105,239,112.96666666666667,-0.48139601945877075,0.025745142978575195
UBFC_PHYS_s04_T3_test,106,0,106.0,-2.3545830249786377,-0.04711349343734275
UBFC_PHYS_s04_T3_test,106,1,106.03333333333333,-2.531554937362671,-0.26657143950407314
UBFC_PHYS_s04_T3_test,106,2,106.06666666666666,-2.5970191955566406,-0.48875133371568813
UBFC_PHYS_s04_T3_test,106,3,106.1,-2.536154270172119,-0.7113582672964651
UBFC_PHYS_s04_T3_test,106,4,106.13333333333334,-2.311638593673706,-0.921425856586576
UBFC_PHYS_s04_T3_test,106,5,106.16666666666667,-1.9654806852340698,-1.094971077878194
UBFC_PHYS_s04_T3_test,106,6,106.2,-1.7272249460220337,-1.200718631332164
UBFC_PHYS_s04_T3_test,106,7,106.23333333333333,-1.7074239253997803,-1.2073230898770368
UBFC_PHYS_s04_T3_test,106,8,106.26666666666667,-1.724593997001648,-1.0925078585280934
UBFC_PHYS_s04_T3_test,106,9,106.3,-1.606956958770752,-0.8515942846884925
UBFC_PHYS_s04_T3_test,106,10,106.33333333333333,-1.3799270391464233,-0.5024552635652761
UBFC_PHYS_s04_T3_test,106,11,106.36666666666666,-1.175621509552002,-0.0845235619441521
UBFC_PHYS_s04_T3_test,106,12,106.4,-1.0907752513885498,0.3486880771643302
UBFC_PHYS_s04_T3_test,106,13,106.43333333333334,-1.0705844163894653,0.74153864191327
UBFC_PHYS_s04_T3_test,106,14,106.46666666666667,-1.024667739868164,1.0485170203008176
UBFC_PHYS_s04_T3_test,106,15,106.5,-0.9700687527656555,1.2423758196618007
UBFC_PHYS_s04_T3_test,106,16,106.53333333333333,-0.9153234958648682,1.3158347263680534
UBFC_PHYS_s04_T3_test,106,17,106.56666666666666,-0.7970434427261353,1.2776032397970918
UBFC_PHYS_s04_T3_test,106,18,106.6,-0.632710337638855,1.1455305691321405
UBFC_PHYS_s04_T3_test,106,19,106.63333333333334,-0.5401462912559509,0.9399873942589094
UBFC_PHYS_s04_T3_test,106,20,106.66666666666667,-0.5758505463600159,0.679499523859241
UBFC_PHYS_s04_T3_test,106,21,106.7,-0.6156085133552551,0.379273812356052
UBFC_PHYS_s04_T3_test,106,22,106.73333333333333,-0.45708319544792175,0.05240765588486481
UBFC_PHYS_s04_T3_test,106,23,106.76666666666667,-0.06613917648792267,-0.2869696350206615
UBFC_PHYS_s04_T3_test,106,24,106.8,0.3796280324459076,-0.6200379965732296
UBFC_PHYS_s04_T3_test,106,25,106.83333333333333,0.7415233850479126,-0.9210100068761252
UBFC_PHYS_s04_T3_test,106,26,106.86666666666666,1.0139826536178589,-1.1579299888618277
UBFC_PHYS_s04_T3_test,106,27,106.9,1.225333571434021,-1.2972588485728394
UBFC_PHYS_s04_T3_test,106,28,106.93333333333334,1.3952113389968872,-1.3114973407385622
UBFC_PHYS_s04_T3_test,106,29,106.96666666666667,1.541448712348938,-1.1877032870777284
UBFC_PHYS_s04_T3_test,106,30,107.0,1.6611223220825195,-0.9339903275079756
UBFC_PHYS_s04_T3_test,106,31,107.03333333333333,1.726898431777954,-0.5813360249566238
UBFC_PHYS_s04_T3_test,106,32,107.06666666666666,1.7355613708496094,-0.17932568555118655
UBFC_PHYS_s04_T3_test,106,33,107.1,1.7342945337295532,0.21354636019969733
UBFC_PHYS_s04_T3_test,106,34,107.13333333333334,1.77321457862854,0.5423967814400232
UBFC_PHYS_s04_T3_test,106,35,107.16666666666667,1.827657699584961,0.7675155970104072
UBFC_PHYS_s04_T3_test,106,36,107.2,1.8104486465454102,0.8714608254293257
UBFC_PHYS_s04_T3_test,106,37,107.23333333333333,1.6617069244384766,0.8598187560356968
UBFC_PHYS_s04_T3_test,106,38,107.26666666666667,1.3813252449035645,0.7561377568029167
UBFC_PHYS_s04_T3_test,106,39,107.3,0.9995899200439453,0.5936151769968726
UBFC_PHYS_s04_T3_test,106,40,107.33333333333333,0.5646587014198303,0.4069269780320087
UBFC_PHYS_s04_T3_test,106,41,107.36666666666666,0.1327873021364212,0.2267145881465109
UBFC_PHYS_s04_T3_test,106,42,107.4,-0.27219870686531067,0.07715231449547919
UBFC_PHYS_s04_T3_test,106,43,107.43333333333334,-0.6674790978431702,-0.02485171972196202
UBFC_PHYS_s04_T3_test,106,44,107.46666666666667,-1.0588713884353638,-0.07062771430763255
UBFC_PHYS_s04_T3_test,106,45,107.5,-1.424800992012024,-0.06145709543838804
UBFC_PHYS_s04_T3_test,106,46,107.53333333333333,-1.728852391242981,-0.009763880255015546
UBFC_PHYS_s04_T3_test,106,47,107.56666666666666,-1.891811490058899,0.06231261374894908
UBFC_PHYS_s04_T3_test,106,48,107.6,-1.815306544303894,0.12799472624462302
UBFC_PHYS_s04_T3_test,106,49,107.63333333333334,-1.5267685651779175,0.16343879167104963
UBFC_PHYS_s04_T3_test,106,50,107.66666666666667,-1.192879319190979,0.1549105096168396
UBFC_PHYS_s04_T3_test,106,51,107.7,-0.9353974461555481,0.10253145583817998
UBFC_PHYS_s04_T3_test,106,52,107.73333333333333,-0.7381177544593811,0.019130997343665065
UBFC_PHYS_s04_T3_test,106,53,107.76666666666667,-0.5679768919944763,-0.07518175574442594
UBFC_PHYS_s04_T3_test,106,54,107.8,-0.4455260932445526,-0.16073918253370773
UBFC_PHYS_s04_T3_test,106,55,107.83333333333333,-0.35927656292915344,-0.22570826127244412
UBFC_PHYS_s04_T3_test,106,56,107.86666666666666,-0.2603102922439575,-0.2703962061278325
UBFC_PHYS_s04_T3_test,106,57,107.9,-0.13520897924900055,-0.3065362073458451
UBFC_PHYS_s04_T3_test,106,58,107.93333333333334,0.007997820153832436,-0.35161630587997156
UBFC_PHYS_s04_T3_test,106,59,107.96666666666667,0.18579798936843872,-0.42047010925299866
UBFC_PHYS_s04_T3_test,106,60,108.0,0.3888659179210663,-0.5174330059108235
UBFC_PHYS_s04_T3_test,106,61,108.03333333333333,0.5446043014526367,-0.6320194411433501
UBFC_PHYS_s04_T3_test,106,62,108.06666666666666,0.6059953570365906,-0.739655933434193
UBFC_PHYS_s04_T3_test,106,63,108.1,0.6058394312858582,-0.8072282062882223
UBFC_PHYS_s04_T3_test,106,64,108.13333333333334,0.5906085968017578,-0.8017393503647642
UBFC_PHYS_s04_T3_test,106,65,108.16666666666667,0.5429282188415527,-0.6995172895034599
UBFC_PHYS_s04_T3_test,106,66,108.2,0.41541025042533875,-0.49327630967649877
UBFC_PHYS_s04_T3_test,106,67,108.23333333333333,0.22785572707653046,-0.1951191515920807
UBFC_PHYS_s04_T3_test,106,68,108.26666666666667,0.058338478207588196,0.16494920600749874
UBFC_PHYS_s04_T3_test,106,69,108.3,-0.07422720640897751,0.5442174924747469
UBFC_PHYS_s04_T3_test,106,70,108.33333333333333,-0.22996556758880615,0.8950463714793506
UBFC_PHYS_s04_T3_test,106,71,108.36666666666666,-0.4402737617492676,1.1738131419992992
UBFC_PHYS_s04_T3_test,106,72,108.4,-0.6334704160690308,1.3488123956751545
UBFC_PHYS_s04_T3_test,106,73,108.43333333333334,-0.6646336913108826,1.4047410481496907
UBFC_PHYS_s04_T3_test,106,74,108.46666666666667,-0.4488295316696167,1.3428179464723464
UBFC_PHYS_s04_T3_test,106,75,108.5,-0.08033707737922668,1.177477435135575
UBFC_PHYS_s04_T3_test,106,76,108.53333333333333,0.24521087110042572,0.9314448290558359
UBFC_PHYS_s04_T3_test,106,77,108.56666666666666,0.4498574435710907,0.6308249505858948
UBFC_PHYS_s04_T3_test,106,78,108.6,0.5800844430923462,0.3012794372177088
UBFC_PHYS_s04_T3_test,106,79,108.63333333333334,0.6587429046630859,-0.03422984976157632
UBFC_PHYS_s04_T3_test,106,80,108.66666666666667,0.6595712304115295,-0.35618289629152544
UBFC_PHYS_s04_T3_test,106,81,108.7,0.5932981371879578,-0.6481146720255595
UBFC_PHYS_s04_T3_test,106,82,108.73333333333333,0.511384904384613,-0.8955886718737728
UBFC_PHYS_s04_T3_test,106,83,108.76666666666667,0.43316492438316345,-1.085023282436967
UBFC_PHYS_s04_T3_test,106,84,108.8,0.34521982073783875,-1.2028956526915293
UBFC_PHYS_s04_T3_test,106,85,108.83333333333333,0.24639971554279327,-1.2358867657547508
UBFC_PHYS_s04_T3_test,106,86,108.86666666666666,0.14125536382198334,-1.172442849312747
UBFC_PHYS_s04_T3_test,106,87,108.9,0.03490269184112549,-1.0058671513026223
UBFC_PHYS_s04_T3_test,106,88,108.93333333333334,-0.05707668885588646,-0.7384186267072328
UBFC_PHYS_s04_T3_test,106,89,108.96666666666667,-0.1206895038485527,-0.3852243145817108
UBFC_PHYS_s04_T3_test,106,90,109.0,-0.16233797371387482,0.023592192111071966
UBFC_PHYS_s04_T3_test,106,91,109.03333333333333,-0.20564302802085876,0.4441739770041633
UBFC_PHYS_s04_T3_test,106,92,109.06666666666666,-0.2744107246398926,0.8246111765755557
UBFC_PHYS_s04_T3_test,106,93,109.1,-0.3890463411808014,1.1144677224813448
UBFC_PHYS_s04_T3_test,106,94,109.13333333333334,-0.5421439409255981,1.2753355091422645
UBFC_PHYS_s04_T3_test,106,95,109.16666666666667,-0.6444525718688965,1.2885412525206787
UBFC_PHYS_s04_T3_test,106,96,109.2,-0.5721378326416016,1.1574945977152773
UBFC_PHYS_s04_T3_test,106,97,109.23333333333333,-0.3207755982875824,0.9046474328335778
UBFC_PHYS_s04_T3_test,106,98,109.26666666666667,-0.028232641518115997,0.5647728687014087
UBFC_PHYS_s04_T3_test,106,99,109.3,0.1770375818014145,0.17698342371493272
UBFC_PHYS_s04_T3_test,106,100,109.33333333333333,0.2771926820278168,-0.22202414191410036
UBFC_PHYS_s04_T3_test,106,101,109.36666666666666,0.31166911125183105,-0.6016806964593177
UBFC_PHYS_s04_T3_test,106,102,109.4,0.3202541172504425,-0.9378061808592665
UBFC_PHYS_s04_T3_test,106,103,109.43333333333334,0.3260326683521271,-1.2104528802826102
UBFC_PHYS_s04_T3_test,106,104,109.46666666666667,0.3308270275592804,-1.4011203235493839
UBFC_PHYS_s04_T3_test,106,105,109.5,0.32206660509109497,-1.491194159982216
UBFC_PHYS_s04_T3_test,106,106,109.53333333333333,0.3016321659088135,-1.463037822665572
UBFC_PHYS_s04_T3_test,106,107,109.56666666666666,0.2924819886684418,-1.3041719597340933
UBFC_PHYS_s04_T3_test,106,108,109.6,0.29613620042800903,-1.013468053921946
UBFC_PHYS_s04_T3_test,106,109,109.63333333333334,0.29069870710372925,-0.6068781341506558
UBFC_PHYS_s04_T3_test,106,110,109.66666666666667,0.2677404284477234,-0.11972647367307959
UBFC_PHYS_s04_T3_test,106,111,109.7,0.2427552342414856,0.3965004720415943
UBFC_PHYS_s04_T3_test,106,112,109.73333333333333,0.21899786591529846,0.8827690932392328
UBFC_PHYS_s04_T3_test,106,113,109.76666666666667,0.14643950760364532,1.2839806251635049
UBFC_PHYS_s04_T3_test,106,114,109.8,-0.03493693470954895,1.5593468028738855
UBFC_PHYS_s04_T3_test,106,115,109.83333333333333,-0.263535737991333,1.6882228597202584
UBFC_PHYS_s04_T3_test,106,116,109.86666666666666,-0.3668286204338074,1.6703290662743637
UBFC_PHYS_s04_T3_test,106,117,109.9,-0.25515538454055786,1.5218159411058305
UBFC_PHYS_s04_T3_test,106,118,109.93333333333334,-0.02083648182451725,1.2696579717337593
UBFC_PHYS_s04_T3_test,106,119,109.96666666666667,0.1874740570783615,0.9462897608913233
UBFC_PHYS_s04_T3_test,106,120,110.0,0.28874003887176514,0.5851634324684828
UBFC_PHYS_s04_T3_test,106,121,110.03333333333333,0.26437851786613464,0.21710832640533773
UBFC_PHYS_s04_T3_test,106,122,110.06666666666666,0.1562230885028839,-0.13251135726292346
UBFC_PHYS_s04_T3_test,106,123,110.1,0.03379180654883385,-0.44546910892680486
UBFC_PHYS_s04_T3_test,106,124,110.13333333333334,-0.06279677152633667,-0.7108973171740376
UBFC_PHYS_s04_T3_test,106,125,110.16666666666667,-0.14309236407279968,-0.924073552382099
UBFC_PHYS_s04_T3_test,106,126,110.2,-0.22279353439807892,-1.0838876541800582
UBFC_PHYS_s04_T3_test,106,127,110.23333333333333,-0.28498363494873047,-1.189346787664589
UBFC_PHYS_s04_T3_test,106,128,110.26666666666667,-0.2989184260368347,-1.2361566617530229
UBFC_PHYS_s04_T3_test,106,129,110.3,-0.2693922519683838,-1.2150107032133153
UBFC_PHYS_s04_T3_test,106,130,110.33333333333333,-0.2426822930574417,-1.113037493263425
UBFC_PHYS_s04_T3_test,106,131,110.36666666666666,-0.2608754634857178,-0.91881513909158
UBFC_PHYS_s04_T3_test,106,132,110.4,-0.3215161859989166,-0.6298151434072381
UBFC_PHYS_s04_T3_test,106,133,110.43333333333334,-0.3878380060195923,-0.2595836042148583
UBFC_PHYS_s04_T3_test,106,134,110.46666666666667,-0.4477965831756592,0.15885947384948465
UBFC_PHYS_s04_T3_test,106,135,110.5,-0.549540102481842,0.5760770363928885
UBFC_PHYS_s04_T3_test,106,136,110.53333333333333,-0.722126841545105,0.9357367633918573
UBFC_PHYS_s04_T3_test,106,137,110.56666666666666,-0.8354761600494385,1.1875382215671546
UBFC_PHYS_s04_T3_test,106,138,110.6,-0.7002404928207397,1.2988293719379995
UBFC_PHYS_s04_T3_test,106,139,110.63333333333334,-0.31762808561325073,1.2608239238797692
UBFC_PHYS_s04_T3_test,106,140,110.66666666666667,0.09340932965278625,1.0878659367725385
UBFC_PHYS_s04_T3_test,106,141,110.7,0.33469563722610474,0.8111022380222181
UBFC_PHYS_s04_T3_test,106,142,110.73333333333333,0.37521371245384216,0.4696640121546668
UBFC_PHYS_s04_T3_test,106,143,110.76666666666667,0.2934759259223938,0.10254181095375983
UBFC_PHYS_s04_T3_test,106,144,110.8,0.19945992529392242,-0.25681301148952074
UBFC_PHYS_s04_T3_test,106,145,110.83333333333333,0.1753615140914917,-0.5826367868168768
UBFC_PHYS_s04_T3_test,106,146,110.86666666666666,0.23404355347156525,-0.8563375325769951
UBFC_PHYS_s04_T3_test,106,147,110.9,0.3168630003929138,-1.0644287509203973
UBFC_PHYS_s04_T3_test,106,148,110.93333333333334,0.3604603707790375,-1.1961512797584832
UBFC_PHYS_s04_T3_test,106,149,110.96666666666667,0.3914385139942169,-1.2419236186427742
UBFC_PHYS_s04_T3_test,106,150,111.0,0.4932307004928589,-1.1935050591730352
UBFC_PHYS_s04_T3_test,106,151,111.03333333333333,0.6520971059799194,-1.0462505526827597
UBFC_PHYS_s04_T3_test,106,152,111.06666666666666,0.7522132396697998,-0.8030123175550617
UBFC_PHYS_s04_T3_test,106,153,111.1,0.7486466765403748,-0.4782476782604098
UBFC_PHYS_s04_T3_test,106,154,111.13333333333334,0.6747922897338867,-0.10014650793710672
UBFC_PHYS_s04_T3_test,106,155,111.16666666666667,0.5310397744178772,0.2912821019691459
UBFC_PHYS_s04_T3_test,106,156,111.2,0.2726614475250244,0.650875513363981
UBFC_PHYS_s04_T3_test,106,157,111.23333333333333,-0.12466530501842499,0.9382282837072119
UBFC_PHYS_s04_T3_test,106,158,111.26666666666667,-0.6077641248703003,1.1272981827931445
UBFC_PHYS_s04_T3_test,106,159,111.3,-0.9912047982215881,1.211746727410954
UBFC_PHYS_s04_T3_test,106,160,111.33333333333333,-1.0722897052764893,1.2038880638316705
UBFC_PHYS_s04_T3_test,106,161,111.36666666666666,-0.8575769662857056,1.127982947230685
UBFC_PHYS_s04_T3_test,106,162,111.4,-0.5519664883613586,1.0107667607934376
UBFC_PHYS_s04_T3_test,106,163,111.43333333333334,-0.2940851151943207,0.8727508649824097
UBFC_PHYS_s04_T3_test,106,164,111.46666666666667,-0.07252189517021179,0.7230730601716667
UBFC_PHYS_s04_T3_test,106,165,111.5,0.13058501482009888,0.5590965680002397
UBFC_PHYS_s04_T3_test,106,166,111.53333333333333,0.2945186197757721,0.3703084567511666
UBFC_PHYS_s04_T3_test,106,167,111.56666666666666,0.4208087623119354,0.14487883727952053
UBFC_PHYS_s04_T3_test,106,168,111.6,0.5166762471199036,-0.12327395538054628
UBFC_PHYS_s04_T3_test,106,169,111.63333333333334,0.5798505544662476,-0.4289992803525884
UBFC_PHYS_s04_T3_test,106,170,111.66666666666667,0.6139177083969116,-0.7535991582614294
UBFC_PHYS_s04_T3_test,106,171,111.7,0.6208655834197998,-1.0663508637776684
UBFC_PHYS_s04_T3_test,106,172,111.73333333333333,0.6024482846260071,-1.3293611386766022
UBFC_PHYS_s04_T3_test,106,173,111.76666666666667,0.5752900838851929,-1.5044000544868044
UBFC_PHYS_s04_T3_test,106,174,111.8,0.546640932559967,-1.5602134888774857
UBFC_PHYS_s04_T3_test,106,175,111.83333333333333,0.4961540997028351,-1.4789572965335527
UBFC_PHYS_s04_T3_test,106,176,111.86666666666666,0.40538305044174194,-1.260427606900646
UBFC_PHYS_s04_T3_test,106,177,111.9,0.25275319814682007,-0.9230044528391421
UBFC_PHYS_s04_T3_test,106,178,111.93333333333334,0.003145004389807582,-0.5010126007419686
UBFC_PHYS_s04_T3_test,106,179,111.96666666666667,-0.3380430340766907,-0.03911915686915437
UBFC_PHYS_s04_T3_test,106,180,112.0,-0.6971709132194519,0.41503836282707207
UBFC_PHYS_s04_T3_test,106,181,112.03333333333333,-0.958599328994751,0.8183875134105317
UBFC_PHYS_s04_T3_test,106,182,112.06666666666666,-0.9986399412155151,1.138189691690908
UBFC_PHYS_s04_T3_test,106,183,112.1,-0.7663966417312622,1.3545847355351919
UBFC_PHYS_s04_T3_test,106,184,112.13333333333334,-0.38797444105148315,1.4599866440594031
UBFC_PHYS_s04_T3_test,106,185,112.16666666666667,-0.06942310929298401,1.4567299848300808
UBFC_PHYS_s04_T3_test,106,186,112.2,0.11550036072731018,1.3543531974749359
UBFC_PHYS_s04_T3_test,106,187,112.23333333333333,0.2299703061580658,1.1671816197628628
UBFC_PHYS_s04_T3_test,106,188,112.26666666666667,0.30052128434181213,0.9124675268549323
UBFC_PHYS_s04_T3_test,106,189,112.3,0.29984891414642334,0.609195687021135
UBFC_PHYS_s04_T3_test,106,190,112.33333333333333,0.2569238841533661,0.27736851656735156
UBFC_PHYS_s04_T3_test,106,191,112.36666666666666,0.20857113599777222,-0.06269472504786541
UBFC_PHYS_s04_T3_test,106,192,112.4,0.13344994187355042,-0.39143795078207905
UBFC_PHYS_s04_T3_test,106,193,112.43333333333334,0.04768761992454529,-0.6914639305970258
UBFC_PHYS_s04_T3_test,106,194,112.46666666666667,0.03712446242570877,-0.9486255224869673
UBFC_PHYS_s04_T3_test,106,195,112.5,0.1481253206729889,-1.1520232310139378
UBFC_PHYS_s04_T3_test,106,196,112.53333333333333,0.3439432680606842,-1.2926280575321856
UBFC_PHYS_s04_T3_test,106,197,112.56666666666666,0.5326768755912781,-1.3611882134110533
UBFC_PHYS_s04_T3_test,106,198,112.6,0.6314190030097961,-1.3468763017254508
UBFC_PHYS_s04_T3_test,106,199,112.63333333333334,0.6408128142356873,-1.238226158968299
UBFC_PHYS_s04_T3_test,106,200,112.66666666666667,0.6024190783500671,-1.0270294033822749
UBFC_PHYS_s04_T3_test,106,201,112.7,0.4783506691455841,-0.7142519950579997
UBFC_PHYS_s04_T3_test,106,202,112.73333333333333,0.20115548372268677,-0.3154510360303719
UBFC_PHYS_s04_T3_test,106,203,112.76666666666667,-0.18969109654426575,0.13728483790155763
UBFC_PHYS_s04_T3_test,106,204,112.8,-0.549569308757782,0.598614146330741
UBFC_PHYS_s04_T3_test,106,205,112.83333333333333,-0.7386342287063599,1.0179246050738173
UBFC_PHYS_s04_T3_test,106,206,112.86666666666666,-0.7195835113525391,1.34944992085575
UBFC_PHYS_s04_T3_test,106,207,112.9,-0.5981851816177368,1.5610427722737388
UBFC_PHYS_s04_T3_test,106,208,112.93333333333334,-0.5126274824142456,1.6387351519714817
UBFC_PHYS_s04_T3_test,106,209,112.96666666666667,-0.48139601945877075,1.5860612800525011
UBFC_PHYS_s04_T3_test,106,210,113.0,-0.4286581873893738,1.4193191119332869
UBFC_PHYS_s04_T3_test,106,211,113.03333333333333,-0.32936060428619385,1.1612767621251758
UBFC_PHYS_s04_T3_test,106,212,113.06666666666666,-0.24087953567504883,0.8356518599996438
UBFC_PHYS_s04_T3_test,106,213,113.1,-0.18742060661315918,0.46367734501843055
UBFC_PHYS_s04_T3_test,106,214,113.13333333333334,-0.1362808793783188,0.06316229379036925
UBFC_PHYS_s04_T3_test,106,215,113.16666666666667,-0.07410052418708801,-0.35020430634257
UBFC_PHYS_s04_T3_test,106,216,113.2,-0.013917808420956135,-0.7601631135171893
UBFC_PHYS_s04_T3_test,106,217,113.23333333333333,0.04541712626814842,-1.1470842520021385
UBFC_PHYS_s04_T3_test,106,218,113.26666666666667,0.08766001462936401,-1.4863595725827392
UBFC_PHYS_s04_T3_test,106,219,113.3,0.06302563846111298,-1.7489201855034
UBFC_PHYS_s04_T3_test,106,220,113.33333333333333,-0.03687611222267151,-1.90420082602852
UBFC_PHYS_s04_T3_test,106,221,113.36666666666666,-0.16108091175556183,-1.925229062524367
UBFC_PHYS_s04_T3_test,106,222,113.4,-0.27015233039855957,-1.7949759079769965
UBFC_PHYS_s04_T3_test,106,223,113.43333333333334,-0.38245898485183716,-1.5126359657127058
UBFC_PHYS_s04_T3_test,106,224,113.46666666666667,-0.5353129506111145,-1.0980929694826218
UBFC_PHYS_s04_T3_test,106,225,113.5,-0.7490609884262085,-0.5926222902589176
UBFC_PHYS_s04_T3_test,106,226,113.53333333333333,-1.0073906183242798,-0.05426018996816942
UBFC_PHYS_s04_T3_test,106,227,113.56666666666666,-1.1901897192001343,0.4522668583683383
UBFC_PHYS_s04_T3_test,106,228,113.6,-1.1399465799331665,0.8687823548505654
UBFC_PHYS_s04_T3_test,106,229,113.63333333333334,-0.8666881918907166,1.1559182399386345
UBFC_PHYS_s04_T3_test,106,230,113.66666666666667,-0.5555817484855652,1.3002460052237732
UBFC_PHYS_s04_T3_test,106,231,113.7,-0.33867645263671875,1.3140857444480034
UBFC_PHYS_s04_T3_test,106,232,113.73333333333333,-0.2190418541431427,1.2286871505118921
UBFC_PHYS_s04_T3_test,106,233,113.76666666666667,-0.18257753551006317,1.0838372518510098
UBFC_PHYS_s04_T3_test,106,234,113.8,-0.18677745759487152,0.9176742239512496
UBFC_PHYS_s04_T3_test,106,235,113.83333333333333,-0.11726915091276169,0.759507249961224
UBFC_PHYS_s04_T3_test,106,236,113.86666666666666,0.08444429188966751,0.6265399856503785
UBFC_PHYS_s04_T3_test,106,237,113.9,0.3507157862186432,0.5237515860174577
UBFC_PHYS_s04_T3_test,106,238,113.93333333333334,0.6127581000328064,0.4456531269665464
UBFC_PHYS_s04_T3_test,106,239,113.96666666666667,0.8641105890274048,0.3791459207552335
UBFC_PHYS_s04_T3_test,107,0,107.0,1.6611223220825195,-0.09848919062350123
UBFC_PHYS_s04_T3_test,107,1,107.03333333333333,1.726898431777954,0.03813013862363851
UBFC_PHYS_s04_T3_test,107,2,107.06666666666666,1.7355613708496094,0.14247859071834773
UBFC_PHYS_s04_T3_test,107,3,107.1,1.7342945337295532,0.18838514698700387
UBFC_PHYS_s04_T3_test,107,4,107.13333333333334,1.77321457862854,0.16452303291130815
UBFC_PHYS_s04_T3_test,107,5,107.16666666666667,1.827657699584961,0.07523630497722983
UBFC_PHYS_s04_T3_test,107,6,107.2,1.8104486465454102,-0.06361803853017935
UBFC_PHYS_s04_T3_test,107,7,107.23333333333333,1.6617069244384766,-0.23136672118743834
UBFC_PHYS_s04_T3_test,107,8,107.26666666666667,1.3813252449035645,-0.40831659292775085
UBFC_PHYS_s04_T3_test,107,9,107.3,0.9995899200439453,-0.5781365627696181
UBFC_PHYS_s04_T3_test,107,10,107.33333333333333,0.5646587014198303,-0.7265524402504918
UBFC_PHYS_s04_T3_test,107,11,107.36666666666666,0.1327873021364212,-0.8382634992533289
UBFC_PHYS_s04_T3_test,107,12,107.4,-0.27219870686531067,-0.8948832370482561
UBFC_PHYS_s04_T3_test,107,13,107.43333333333334,-0.6674790978431702,-0.8760842144126052
UBFC_PHYS_s04_T3_test,107,14,107.46666666666667,-1.0588713884353638,-0.7644869944568381
UBFC_PHYS_s04_T3_test,107,15,107.5,-1.424800992012024,-0.5529131841683578
UBFC_PHYS_s04_T3_test,107,16,107.53333333333333,-1.728852391242981,-0.25119160657555717
UBFC_PHYS_s04_T3_test,107,17,107.56666666666666,-1.891811490058899,0.1106269536572985
UBFC_PHYS_s04_T3_test,107,18,107.6,-1.815306544303894,0.48484499467298164
UBFC_PHYS_s04_T3_test,107,19,107.63333333333334,-1.5267685651779175,0.8148665329484533
UBFC_PHYS_s04_T3_test,107,20,107.66666666666667,-1.192879319190979,1.0483782893096305
UBFC_PHYS_s04_T3_test,107,21,107.7,-0.9353974461555481,1.1510858292597788
UBFC_PHYS_s04_T3_test,107,22,107.73333333333333,-0.7381177544593811,1.1157320584446424
UBFC_PHYS_s04_T3_test,107,23,107.76666666666667,-0.5679768919944763,0.9621781436966031
UBFC_PHYS_s04_T3_test,107,24,107.8,-0.4455260932445526,0.728330986701688
UBFC_PHYS_s04_T3_test,107,25,107.83333333333333,-0.35927656292915344,0.45617367678532944
UBFC_PHYS_s04_T3_test,107,26,107.86666666666666,-0.2603102922439575,0.17913799013188714
UBFC_PHYS_s04_T3_test,107,27,107.9,-0.13520897924900055,-0.08416686299620293
UBFC_PHYS_s04_T3_test,107,28,107.93333333333334,0.007997820153832436,-0.32822618964065575
UBFC_PHYS_s04_T3_test,107,29,107.96666666666667,0.18579798936843872,-0.5529704658505916
UBFC_PHYS_s04_T3_test,107,30,108.0,0.3888659179210663,-0.7546513486408717
UBFC_PHYS_s04_T3_test,107,31,108.03333333333333,0.5446043014526367,-0.9198323307575028
UBFC_PHYS_s04_T3_test,107,32,108.06666666666666,0.6059953570365906,-1.02520440934984
UBFC_PHYS_s04_T3_test,107,33,108.1,0.6058394312858582,-1.0432467592064596
UBFC_PHYS_s04_T3_test,107,34,108.13333333333334,0.5906085968017578,-0.9515401322314407
UBFC_PHYS_s04_T3_test,107,35,108.16666666666667,0.5429282188415527,-0.7423034663946115
UBFC_PHYS_s04_T3_test,107,36,108.2,0.41541025042533875,-0.4285550297351937
UBFC_PHYS_s04_T3_test,107,37,108.23333333333333,0.22785572707653046,-0.04437922586565689
UBFC_PHYS_s04_T3_test,107,38,108.26666666666667,0.058338478207588196,0.36106731947213005
UBFC_PHYS_s04_T3_test,107,39,108.3,-0.07422720640897751,0.7338866684380325
UBFC_PHYS_s04_T3_test,107,40,108.33333333333333,-0.22996556758880615,1.0267795306283949
UBFC_PHYS_s04_T3_test,107,41,108.36666666666666,-0.4402737617492676,1.2079581828516328
UBFC_PHYS_s04_T3_test,107,42,108.4,-0.6334704160690308,1.2652663551755767
UBFC_PHYS_s04_T3_test,107,43,108.43333333333334,-0.6646336913108826,1.2049573021952398
UBFC_PHYS_s04_T3_test,107,44,108.46666666666667,-0.4488295316696167,1.0464543677281068
UBFC_PHYS_s04_T3_test,107,45,108.5,-0.08033707737922668,0.8154974837280249
UBFC_PHYS_s04_T3_test,107,46,108.53333333333333,0.24521087110042572,0.5379561437162519
UBFC_PHYS_s04_T3_test,107,47,108.56666666666666,0.4498574435710907,0.23575172453199633
UBFC_PHYS_s04_T3_test,107,48,108.6,0.5800844430923462,-0.07452811647620147
UBFC_PHYS_s04_T3_test,107,49,108.63333333333334,0.6587429046630859,-0.38043965111674005
UBFC_PHYS_s04_T3_test,107,50,108.66666666666667,0.6595712304115295,-0.6706498869243467
UBFC_PHYS_s04_T3_test,107,51,108.7,0.5932981371879578,-0.9312856087871358
UBFC_PHYS_s04_T3_test,107,52,108.73333333333333,0.511384904384613,-1.1431585865309684
UBFC_PHYS_s04_T3_test,107,53,108.76666666666667,0.43316492438316345,-1.281332736242954
UBFC_PHYS_s04_T3_test,107,54,108.8,0.34521982073783875,-1.3180777364785516
UBFC_PHYS_s04_T3_test,107,55,108.83333333333333,0.24639971554279327,-1.2293095347657639
UBFC_PHYS_s04_T3_test,107,56,108.86666666666666,0.14125536382198334,-1.0032245609979409
UBFC_PHYS_s04_T3_test,107,57,108.9,0.03490269184112549,-0.6484535775053236
UBFC_PHYS_s04_T3_test,107,58,108.93333333333334,-0.05707668885588646,-0.19835349987346282
UBFC_PHYS_s04_T3_test,107,59,108.96666666666667,-0.1206895038485527,0.29142436296931173
UBFC_PHYS_s04_T3_test,107,60,109.0,-0.16233797371387482,0.7529700412555805
UBFC_PHYS_s04_T3_test,107,61,109.03333333333333,-0.20564302802085876,1.1214678856473872
UBFC_PHYS_s04_T3_test,107,62,109.06666666666666,-0.2744107246398926,1.350490209388582
UBFC_PHYS_s04_T3_test,107,63,109.1,-0.3890463411808014,1.4211745294855755
UBFC_PHYS_s04_T3_test,107,64,109.13333333333334,-0.5421439409255981,1.3421158227885437
UBFC_PHYS_s04_T3_test,107,65,109.16666666666667,-0.6444525718688965,1.141354514830751
UBFC_PHYS_s04_T3_test,107,66,109.2,-0.5721378326416016,0.8550939401054036
UBFC_PHYS_s04_T3_test,107,67,109.23333333333333,-0.3207755982875824,0.5181193142590783
UBFC_PHYS_s04_T3_test,107,68,109.26666666666667,-0.028232641518115997,0.1586177043670273
UBFC_PHYS_s04_T3_test,107,69,109.3,0.1770375818014145,-0.20267250085731944
UBFC_PHYS_s04_T3_test,107,70,109.33333333333333,0.2771926820278168,-0.5504158814240925
UBFC_PHYS_s04_T3_test,107,71,109.36666666666666,0.31166911125183105,-0.8712605048629362
UBFC_PHYS_s04_T3_test,107,72,109.4,0.3202541172504425,-1.1503740789333528
UBFC_PHYS_s04_T3_test,107,73,109.43333333333334,0.3260326683521271,-1.369127092894778
UBFC_PHYS_s04_T3_test,107,74,109.46666666666667,0.3308270275592804,-1.504916984237772
UBFC_PHYS_s04_T3_test,107,75,109.5,0.32206660509109497,-1.5337460730809465
UBFC_PHYS_s04_T3_test,107,76,109.53333333333333,0.3016321659088135,-1.4355110726068698
UBFC_PHYS_s04_T3_test,107,77,109.56666666666666,0.2924819886684418,-1.2010290453628762
UBFC_PHYS_s04_T3_test,107,78,109.6,0.29613620042800903,-0.8388053354690463
UBFC_PHYS_s04_T3_test,107,79,109.63333333333334,0.29069870710372925,-0.37886528782859163
UBFC_PHYS_s04_T3_test,107,80,109.66666666666667,0.2677404284477234,0.12884044514582954
UBFC_PHYS_s04_T3_test,107,81,109.7,0.2427552342414856,0.6224588535431514
UBFC_PHYS_s04_T3_test,107,82,109.73333333333333,0.21899786591529846,1.0411135804362837
UBFC_PHYS_s04_T3_test,107,83,109.76666666666667,0.14643950760364532,1.3386060794631083
UBFC_PHYS_s04_T3_test,107,84,109.8,-0.03493693470954895,1.4929934035688714
UBFC_PHYS_s04_T3_test,107,85,109.83333333333333,-0.263535737991333,1.508521922601213
UBFC_PHYS_s04_T3_test,107,86,109.86666666666666,-0.3668286204338074,1.4097119665859166
UBFC_PHYS_s04_T3_test,107,87,109.9,-0.25515538454055786,1.2307249130953979
UBFC_PHYS_s04_T3_test,107,88,109.93333333333334,-0.02083648182451725,1.0046329334116904
UBFC_PHYS_s04_T3_test,107,89,109.96666666666667,0.1874740570783615,0.7564067385146254
UBFC_PHYS_s04_T3_test,107,90,110.0,0.28874003887176514,0.5011044605323596
UBFC_PHYS_s04_T3_test,107,91,110.03333333333333,0.26437851786613464,0.24626860020046648
UBFC_PHYS_s04_T3_test,107,92,110.06666666666666,0.1562230885028839,-0.0038725699934260734
UBFC_PHYS_s04_T3_test,107,93,110.1,0.03379180654883385,-0.2447871096207082
UBFC_PHYS_s04_T3_test,107,94,110.13333333333334,-0.06279677152633667,-0.4699098629430894
UBFC_PHYS_s04_T3_test,107,95,110.16666666666667,-0.14309236407279968,-0.670679562273745
UBFC_PHYS_s04_T3_test,107,96,110.2,-0.22279353439807892,-0.8372368560710545
UBFC_PHYS_s04_T3_test,107,97,110.23333333333333,-0.28498363494873047,-0.9586893113989104
UBFC_PHYS_s04_T3_test,107,98,110.26666666666667,-0.2989184260368347,-1.0228130345696071
UBFC_PHYS_s04_T3_test,107,99,110.3,-0.2693922519683838,-1.016179661740215
UBFC_PHYS_s04_T3_test,107,100,110.33333333333333,-0.2426822930574417,-0.9260697055406573
UBFC_PHYS_s04_T3_test,107,101,110.36666666666666,-0.2608754634857178,-0.7448359434422444
UBFC_PHYS_s04_T3_test,107,102,110.4,-0.3215161859989166,-0.4758858306558381
UBFC_PHYS_s04_T3_test,107,103,110.43333333333334,-0.3878380060195923,-0.1388420701535631
UBFC_PHYS_s04_T3_test,107,104,110.46666666666667,-0.4477965831756592,0.22931322667748236
UBFC_PHYS_s04_T3_test,107,105,110.5,-0.549540102481842,0.5792098141917227
UBFC_PHYS_s04_T3_test,107,106,110.53333333333333,-0.722126841545105,0.8593930012736639
UBFC_PHYS_s04_T3_test,107,107,110.56666666666666,-0.8354761600494385,1.0283497777455268
UBFC_PHYS_s04_T3_test,107,108,110.6,-0.7002404928207397,1.0637887107460235
UBFC_PHYS_s04_T3_test,107,109,110.63333333333334,-0.31762808561325073,0.9660434528201846
UBFC_PHYS_s04_T3_test,107,110,110.66666666666667,0.09340932965278625,0.7550369163463917
UBFC_PHYS_s04_T3_test,107,111,110.7,0.33469563722610474,0.46274616589471873
UBFC_PHYS_s04_T3_test,107,112,110.73333333333333,0.37521371245384216,0.12448833437548049
UBFC_PHYS_s04_T3_test,107,113,110.76666666666667,0.2934759259223938,-0.227781069811258
UBFC_PHYS_s04_T3_test,107,114,110.8,0.19945992529392242,-0.5683191228521896
UBFC_PHYS_s04_T3_test,107,115,110.83333333333333,0.1753615140914917,-0.8765631433150776
UBFC_PHYS_s04_T3_test,107,116,110.86666666666666,0.23404355347156525,-1.133688780895057
UBFC_PHYS_s04_T3_test,107,117,110.9,0.3168630003929138,-1.319145010323678
UBFC_PHYS_s04_T3_test,107,118,110.93333333333334,0.3604603707790375,-1.4097233777209313
UBFC_PHYS_s04_T3_test,107,119,110.96666666666667,0.3914385139942169,-1.3828226628110525
UBFC_PHYS_s04_T3_test,107,120,111.0,0.4932307004928589,-1.223610865986643
UBFC_PHYS_s04_T3_test,107,121,111.03333333333333,0.6520971059799194,-0.9335496598832236
UBFC_PHYS_s04_T3_test,107,122,111.06666666666666,0.7522132396697998,-0.5363513292424114
UBFC_PHYS_s04_T3_test,107,123,111.1,0.7486466765403748,-0.07773906316969396
UBFC_PHYS_s04_T3_test,107,124,111.13333333333334,0.6747922897338867,0.38245219898681754
UBFC_PHYS_s04_T3_test,107,125,111.16666666666667,0.5310397744178772,0.7840304810756275
UBFC_PHYS_s04_T3_test,107,126,111.2,0.2726614475250244,1.0813409344778273
UBFC_PHYS_s04_T3_test,107,127,111.23333333333333,-0.12466530501842499,1.2536783674452243
UBFC_PHYS_s04_T3_test,107,128,111.26666666666667,-0.6077641248703003,1.3074357932032272
UBFC_PHYS_s04_T3_test,107,129,111.3,-0.9912047982215881,1.2697502291745177
UBFC_PHYS_s04_T3_test,107,130,111.33333333333333,-1.0722897052764893,1.1767705024444186
UBFC_PHYS_s04_T3_test,107,131,111.36666666666666,-0.8575769662857056,1.061307853851968
UBFC_PHYS_s04_T3_test,107,132,111.4,-0.5519664883613586,0.9439991828441897
UBFC_PHYS_s04_T3_test,107,133,111.43333333333334,-0.2940851151943207,0.8300122402779574
UBFC_PHYS_s04_T3_test,107,134,111.46666666666667,-0.07252189517021179,0.7110747173003885
UBFC_PHYS_s04_T3_test,107,135,111.5,0.13058501482009888,0.5711452278983487
UBFC_PHYS_s04_T3_test,107,136,111.53333333333333,0.2945186197757721,0.3936104704773325
UBFC_PHYS_s04_T3_test,107,137,111.56666666666666,0.4208087623119354,0.16804373715596205
UBFC_PHYS_s04_T3_test,107,138,111.6,0.5166762471199036,-0.1051459997502737
UBFC_PHYS_s04_T3_test,107,139,111.63333333333334,0.5798505544662476,-0.4132211436262783
UBFC_PHYS_s04_T3_test,107,140,111.66666666666667,0.6139177083969116,-0.732726669511098
UBFC_PHYS_s04_T3_test,107,141,111.7,0.6208655834197998,-1.0331686042960913
UBFC_PHYS_s04_T3_test,107,142,111.73333333333333,0.6024482846260071,-1.2814739928659105
UBFC_PHYS_s04_T3_test,107,143,111.76666666666667,0.5752900838851929,-1.4463604400843009
UBFC_PHYS_s04_T3_test,107,144,111.8,0.546640932559967,-1.5023371039673954
UBFC_PHYS_s04_T3_test,107,145,111.83333333333333,0.4961540997028351,-1.4333677856033713
UBFC_PHYS_s04_T3_test,107,146,111.86666666666666,0.40538305044174194,-1.236068037982371
UBFC_PHYS_s04_T3_test,107,147,111.9,0.25275319814682007,-0.9219231829076144
UBFC_PHYS_s04_T3_test,107,148,111.93333333333334,0.003145004389807582,-0.5177587736891376
UBFC_PHYS_s04_T3_test,107,149,111.96666666666667,-0.3380430340766907,-0.06369176678804118
UBFC_PHYS_s04_T3_test,107,150,112.0,-0.6971709132194519,0.3918748342304321
UBFC_PHYS_s04_T3_test,107,151,112.03333333333333,-0.958599328994751,0.7997433729510797
UBFC_PHYS_s04_T3_test,107,152,112.06666666666666,-0.9986399412155151,1.1181346664505736
UBFC_PHYS_s04_T3_test,107,153,112.1,-0.7663966417312622,1.3191967123343344
UBFC_PHYS_s04_T3_test,107,154,112.13333333333334,-0.38797444105148315,1.392070572188982
UBFC_PHYS_s04_T3_test,107,155,112.16666666666667,-0.06942310929298401,1.342182461093679
UBFC_PHYS_s04_T3_test,107,156,112.2,0.11550036072731018,1.1875621119371793
UBFC_PHYS_s04_T3_test,107,157,112.23333333333333,0.2299703061580658,0.9535718122765666
UBFC_PHYS_s04_T3_test,107,158,112.26666666666667,0.30052128434181213,0.6675731193215543
UBFC_PHYS_s04_T3_test,107,159,112.3,0.29984891414642334,0.354749816324861
UBFC_PHYS_s04_T3_test,107,160,112.33333333333333,0.2569238841533661,0.035645112123507225
UBFC_PHYS_s04_T3_test,107,161,112.36666666666666,0.20857113599777222,-0.27461476576582833
UBFC_PHYS_s04_T3_test,107,162,112.4,0.13344994187355042,-0.5656374910313705
UBFC_PHYS_s04_T3_test,107,163,112.43333333333334,0.04768761992454529,-0.8298497358065491
UBFC_PHYS_s04_T3_test,107,164,112.46666666666667,0.03712446242570877,-1.0597192996027842
UBFC_PHYS_s04_T3_test,107,165,112.5,0.1481253206729889,-1.2448447695174187
UBFC_PHYS_s04_T3_test,107,166,112.53333333333333,0.3439432680606842,-1.3700416555132462
UBFC_PHYS_s04_T3_test,107,167,112.56666666666666,0.5326768755912781,-1.415655974022226
UBFC_PHYS_s04_T3_test,107,168,112.6,0.6314190030097961,-1.3608748025488782
UBFC_PHYS_s04_T3_test,107,169,112.63333333333334,0.6408128142356873,-1.1897940247620695
UBFC_PHYS_s04_T3_test,107,170,112.66666666666667,0.6024190783500671,-0.8987338472002278
UBFC_PHYS_s04_T3_test,107,171,112.7,0.4783506691455841,-0.5022265403650786
UBFC_PHYS_s04_T3_test,107,172,112.73333333333333,0.20115548372268677,-0.03481669873770643
UBFC_PHYS_s04_T3_test,107,173,112.76666666666667,-0.18969109654426575,0.4531462378975702
UBFC_PHYS_s04_T3_test,107,174,112.8,-0.549569308757782,0.9052257091283894
UBFC_PHYS_s04_T3_test,107,175,112.83333333333333,-0.7386342287063599,1.27105352108653
UBFC_PHYS_s04_T3_test,107,176,112.86666666666666,-0.7195835113525391,1.516443673136226
UBFC_PHYS_s04_T3_test,107,177,112.9,-0.5981851816177368,1.6278130283329588
UBFC_PHYS_s04_T3_test,107,178,112.93333333333334,-0.5126274824142456,1.6101352936478883
UBFC_PHYS_s04_T3_test,107,179,112.96666666666667,-0.48139601945877075,1.4806641063879682
UBFC_PHYS_s04_T3_test,107,180,113.0,-0.4286581873893738,1.2618772758511074
UBFC_PHYS_s04_T3_test,107,181,113.03333333333333,-0.32936060428619385,0.9763000866825953
UBFC_PHYS_s04_T3_test,107,182,113.06666666666666,-0.24087953567504883,0.6440853804312069
UBFC_PHYS_s04_T3_test,107,183,113.1,-0.18742060661315918,0.28282730662807226
UBFC_PHYS_s04_T3_test,107,184,113.13333333333334,-0.1362808793783188,-0.09121417493936436
UBFC_PHYS_s04_T3_test,107,185,113.16666666666667,-0.07410052418708801,-0.4610994621066845
UBFC_PHYS_s04_T3_test,107,186,113.2,-0.013917808420956135,-0.8071391796826127
UBFC_PHYS_s04_T3_test,107,187,113.23333333333333,0.04541712626814842,-1.1057889419502553
UBFC_PHYS_s04_T3_test,107,188,113.26666666666667,0.08766001462936401,-1.3304655708442228
UBFC_PHYS_s04_T3_test,107,189,113.3,0.06302563846111298,-1.454653273754376
UBFC_PHYS_s04_T3_test,107,190,113.33333333333333,-0.03687611222267151,-1.456787706842352
UBFC_PHYS_s04_T3_test,107,191,113.36666666666666,-0.16108091175556183,-1.325753142031457
UBFC_PHYS_s04_T3_test,107,192,113.4,-0.27015233039855957,-1.0656842034283645
UBFC_PHYS_s04_T3_test,107,193,113.43333333333334,-0.38245898485183716,-0.6987420246482193
UBFC_PHYS_s04_T3_test,107,194,113.46666666666667,-0.5353129506111145,-0.2644165784690046
UBFC_PHYS_s04_T3_test,107,195,113.5,-0.7490609884262085,0.18563074181357786
UBFC_PHYS_s04_T3_test,107,196,113.53333333333333,-1.0073906183242798,0.5966306206333606
UBFC_PHYS_s04_T3_test,107,197,113.56666666666666,-1.1901897192001343,0.9212347244373473
UBFC_PHYS_s04_T3_test,107,198,113.6,-1.1399465799331665,1.1280701131902473
UBFC_PHYS_s04_T3_test,107,199,113.63333333333334,-0.8666881918907166,1.2055509274269942
UBFC_PHYS_s04_T3_test,107,200,113.66666666666667,-0.5555817484855652,1.16029938435445
UBFC_PHYS_s04_T3_test,107,201,113.7,-0.33867645263671875,1.0116592553697248
UBFC_PHYS_s04_T3_test,107,202,113.73333333333333,-0.2190418541431427,0.7846797128960246
UBFC_PHYS_s04_T3_test,107,203,113.76666666666667,-0.18257753551006317,0.5038486497910216
UBFC_PHYS_s04_T3_test,107,204,113.8,-0.18677745759487152,0.18943203582346974
UBFC_PHYS_s04_T3_test,107,205,113.83333333333333,-0.11726915091276169,-0.14254992221775753
UBFC_PHYS_s04_T3_test,107,206,113.86666666666666,0.08444429188966751,-0.4770756520157522
UBFC_PHYS_s04_T3_test,107,207,113.9,0.3507157862186432,-0.7954341138788986
UBFC_PHYS_s04_T3_test,107,208,113.93333333333334,0.6127581000328064,-1.071735189352775
UBFC_PHYS_s04_T3_test,107,209,113.96666666666667,0.8641105890274048,-1.2730336588536482
UBFC_PHYS_s04_T3_test,107,210,114.0,1.0514507293701172,-1.3642279722853492
UBFC_PHYS_s04_T3_test,107,211,114.03333333333333,1.0531949996948242,-1.3169546030896682
UBFC_PHYS_s04_T3_test,107,212,114.06666666666666,0.8557789325714111,-1.1197294303919525
UBFC_PHYS_s04_T3_test,107,213,114.1,0.573302149772644,-0.7854457086930692
UBFC_PHYS_s04_T3_test,107,214,114.13333333333334,0.3167070746421814,-0.3526812007279745
UBFC_PHYS_s04_T3_test,107,215,114.16666666666667,0.07630754262208939,0.12083791995755122
UBFC_PHYS_s04_T3_test,107,216,114.2,-0.21823306381702423,0.5713608735769775
UBFC_PHYS_s04_T3_test,107,217,114.23333333333333,-0.5269131064414978,0.9446638001070747
UBFC_PHYS_s04_T3_test,107,218,114.26666666666667,-0.6684243083000183,1.2082809756850181
UBFC_PHYS_s04_T3_test,107,219,114.3,-0.5146641135215759,1.3556602251770344
UBFC_PHYS_s04_T3_test,107,220,114.33333333333333,-0.15205740928649902,1.4010861790301967
UBFC_PHYS_s04_T3_test,107,221,114.36666666666666,0.21882246434688568,1.3683814365278317
UBFC_PHYS_s04_T3_test,107,222,114.4,0.4609273076057434,1.278757036280206
UBFC_PHYS_s04_T3_test,107,223,114.43333333333334,0.5682934522628784,1.1428788144329132
UBFC_PHYS_s04_T3_test,107,224,114.46666666666667,0.5908814668655396,0.9597931713084524
UBFC_PHYS_s04_T3_test,107,225,114.5,0.5674846172332764,0.722222121996957
UBFC_PHYS_s04_T3_test,107,226,114.53333333333333,0.5216362476348877,0.42534403903539364
UBFC_PHYS_s04_T3_test,107,227,114.56666666666666,0.46450358629226685,0.0752638639190814
UBFC_PHYS_s04_T3_test,107,228,114.6,0.38854435086250305,-0.30609680710456755
UBFC_PHYS_s04_T3_test,107,229,114.63333333333334,0.2802427411079407,-0.6816404940464301
UBFC_PHYS_s04_T3_test,107,230,114.66666666666667,0.12985417246818542,-1.0056808022028665
UBFC_PHYS_s04_T3_test,107,231,114.7,-0.06496007740497589,-1.235101438914597
UBFC_PHYS_s04_T3_test,107,232,114.73333333333333,-0.29744699597358704,-1.3417533307137717
UBFC_PHYS_s04_T3_test,107,233,114.76666666666667,-0.5515182018280029,-1.3215287831932285
UBFC_PHYS_s04_T3_test,107,234,114.8,-0.8241919279098511,-1.1960702613870091
UBFC_PHYS_s04_T3_test,107,235,114.83333333333333,-1.120622992515564,-1.0055991860178572
UBFC_PHYS_s04_T3_test,107,236,114.86666666666666,-1.3583427667617798,-0.7950824354409015
UBFC_PHYS_s04_T3_test,107,237,114.9,-1.3438525199890137,-0.5990397775834096
UBFC_PHYS_s04_T3_test,107,238,114.93333333333334,-0.9480069279670715,-0.4310697474056219
UBFC_PHYS_s04_T3_test,107,239,114.96666666666667,-0.26957741379737854,-0.28236884871538814
UBFC_PHYS_s04_T3_test,108,0,108.0,0.3888659179210663,0.032921408385604874
UBFC_PHYS_s04_T3_test,108,1,108.03333333333333,0.5446043014526367,-0.2831783261684624
UBFC_PHYS_s04_T3_test,108,2,108.06666666666666,0.6059953570365906,-0.5635366622330051
UBFC_PHYS_s04_T3_test,108,3,108.1,0.6058394312858582,-0.7729674642184834
UBFC_PHYS_s04_T3_test,108,4,108.13333333333334,0.5906085968017578,-0.8784472296605942
UBFC_PHYS_s04_T3_test,108,5,108.16666666666667,0.5429282188415527,-0.8548186197415272
UBFC_PHYS_s04_T3_test,108,6,108.2,0.41541025042533875,-0.6922903104184078
UBFC_PHYS_s04_T3_test,108,7,108.23333333333333,0.22785572707653046,-0.40265919523065097
UBFC_PHYS_s04_T3_test,108,8,108.26666666666667,0.058338478207588196,-0.02088545440614594
UBFC_PHYS_s04_T3_test,108,9,108.3,-0.07422720640897751,0.3999228304837171
UBFC_PHYS_s04_T3_test,108,10,108.33333333333333,-0.22996556758880615,0.7992564873783131
UBFC_PHYS_s04_T3_test,108,11,108.36666666666666,-0.4402737617492676,1.1222047173447554
UBFC_PHYS_s04_T3_test,108,12,108.4,-0.6334704160690308,1.330319790359833
UBFC_PHYS_s04_T3_test,108,13,108.43333333333334,-0.6646336913108826,1.4070083899084216
UBFC_PHYS_s04_T3_test,108,14,108.46666666666667,-0.4488295316696167,1.3564045353974266
UBFC_PHYS_s04_T3_test,108,15,108.5,-0.08033707737922668,1.1971526580000535
UBFC_PHYS_s04_T3_test,108,16,108.53333333333333,0.24521087110042572,0.9541786494754837
UBFC_PHYS_s04_T3_test,108,17,108.56666666666666,0.4498574435710907,0.6517622292378813
UBFC_PHYS_s04_T3_test,108,18,108.6,0.5800844430923462,0.3100831858936582
UBFC_PHYS_s04_T3_test,108,19,108.63333333333334,0.6587429046630859,-0.05439971670253658
UBFC_PHYS_s04_T3_test,108,20,108.66666666666667,0.6595712304115295,-0.4259719291448945
UBFC_PHYS_s04_T3_test,108,21,108.7,0.5932981371879578,-0.786109902936031
UBFC_PHYS_s04_T3_test,108,22,108.73333333333333,0.511384904384613,-1.1112281816680711
UBFC_PHYS_s04_T3_test,108,23,108.76666666666667,0.43316492438316345,-1.3728628199832407
UBFC_PHYS_s04_T3_test,108,24,108.8,0.34521982073783875,-1.54055214357332
UBFC_PHYS_s04_T3_test,108,25,108.83333333333333,0.24639971554279327,-1.5869225466444754
UBFC_PHYS_s04_T3_test,108,26,108.86666666666666,0.14125536382198334,-1.4939248506853586
UBFC_PHYS_s04_T3_test,108,27,108.9,0.03490269184112549,-1.2587845767835273
UBFC_PHYS_s04_T3_test,108,28,108.93333333333334,-0.05707668885588646,-0.8980189789706368
UBFC_PHYS_s04_T3_test,108,29,108.96666666666667,-0.1206895038485527,-0.4478867535645181
UBFC_PHYS_s04_T3_test,108,30,109.0,-0.16233797371387482,0.03989774193687108
UBFC_PHYS_s04_T3_test,108,31,109.03333333333333,-0.20564302802085876,0.50703684228083
UBFC_PHYS_s04_T3_test,108,32,109.06666666666666,-0.2744107246398926,0.8999506917962364
UBFC_PHYS_s04_T3_test,108,33,109.1,-0.3890463411808014,1.179889234006519
UBFC_PHYS_s04_T3_test,108,34,109.13333333333334,-0.5421439409255981,1.328496172390697
UBFC_PHYS_s04_T3_test,108,35,109.16666666666667,-0.6444525718688965,1.347361418231981
UBFC_PHYS_s04_T3_test,108,36,109.2,-0.5721378326416016,1.2526031277142078
UBFC_PHYS_s04_T3_test,108,37,109.23333333333333,-0.3207755982875824,1.067285673854769
UBFC_PHYS_s04_T3_test,108,38,109.26666666666667,-0.028232641518115997,0.8146859627359839
UBFC_PHYS_s04_T3_test,108,39,109.3,0.1770375818014145,0.5144262915792148
UBFC_PHYS_s04_T3_test,108,40,109.33333333333333,0.2771926820278168,0.18211517658939622
UBFC_PHYS_s04_T3_test,108,41,109.36666666666666,0.31166911125183105,-0.16817015966639287
UBFC_PHYS_s04_T3_test,108,42,109.4,0.3202541172504425,-0.5201998542816729
UBFC_PHYS_s04_T3_test,108,43,109.43333333333334,0.3260326683521271,-0.8526332130894513
UBFC_PHYS_s04_T3_test,108,44,109.46666666666667,0.3308270275592804,-1.13821603866517
UBFC_PHYS_s04_T3_test,108,45,109.5,0.32206660509109497,-1.3457259735868736
UBFC_PHYS_s04_T3_test,108,46,109.53333333333333,0.3016321659088135,-1.4445300563419616
UBFC_PHYS_s04_T3_test,108,47,109.56666666666666,0.2924819886684418,-1.410953965295727
UBFC_PHYS_s04_T3_test,108,48,109.6,0.29613620042800903,-1.2349543727167498
UBFC_PHYS_s04_T3_test,108,49,109.63333333333334,0.29069870710372925,-0.92512345306646
UBFC_PHYS_s04_T3_test,108,50,109.66666666666667,0.2677404284477234,-0.5102011986033699
UBFC_PHYS_s04_T3_test,108,51,109.7,0.2427552342414856,-0.03606995926817233
UBFC_PHYS_s04_T3_test,108,52,109.73333333333333,0.21899786591529846,0.4415363340984104
UBFC_PHYS_s04_T3_test,108,53,109.76666666666667,0.14643950760364532,0.8669542855612717
UBFC_PHYS_s04_T3_test,108,54,109.8,-0.03493693470954895,1.1944056225175892
UBFC_PHYS_s04_T3_test,108,55,109.83333333333333,-0.263535737991333,1.3949294281427043
UBFC_PHYS_s04_T3_test,108,56,109.86666666666666,-0.3668286204338074,1.4589075332747594
UBFC_PHYS_s04_T3_test,108,57,109.9,-0.25515538454055786,1.3943997071914456
UBFC_PHYS_s04_T3_test,108,58,109.93333333333334,-0.02083648182451725,1.2227182833741275
UBFC_PHYS_s04_T3_test,108,59,109.96666666666667,0.1874740570783615,0.9729831415646981
UBFC_PHYS_s04_T3_test,108,60,110.0,0.28874003887176514,0.67699731507947
UBFC_PHYS_s04_T3_test,108,61,110.03333333333333,0.26437851786613464,0.36514257750251916
UBFC_PHYS_s04_T3_test,108,62,110.06666666666666,0.1562230885028839,0.06351107598387297
UBFC_PHYS_s04_T3_test,108,63,110.1,0.03379180654883385,-0.2077969925593621
UBFC_PHYS_s04_T3_test,108,64,110.13333333333334,-0.06279677152633667,-0.43544364188084184
UBFC_PHYS_s04_T3_test,108,65,110.16666666666667,-0.14309236407279968,-0.6128704099480593
UBFC_PHYS_s04_T3_test,108,66,110.2,-0.22279353439807892,-0.7394765935903506
UBFC_PHYS_s04_T3_test,108,67,110.23333333333333,-0.28498363494873047,-0.8187542953762097
UBFC_PHYS_s04_T3_test,108,68,110.26666666666667,-0.2989184260368347,-0.8554959778880626
UBFC_PHYS_s04_T3_test,108,69,110.3,-0.2693922519683838,-0.8527748881470041
UBFC_PHYS_s04_T3_test,108,70,110.33333333333333,-0.2426822930574417,-0.8098461828629189
UBFC_PHYS_s04_T3_test,108,71,110.36666666666666,-0.2608754634857178,-0.7221252384303819
UBFC_PHYS_s04_T3_test,108,72,110.4,-0.3215161859989166,-0.5838156153110586
UBFC_PHYS_s04_T3_test,108,73,110.43333333333334,-0.3878380060195923,-0.3925962271845008
UBFC_PHYS_s04_T3_test,108,74,110.46666666666667,-0.4477965831756592,-0.15447973592121508
UBFC_PHYS_s04_T3_test,108,75,110.5,-0.549540102481842,0.1135064409487521
UBFC_PHYS_s04_T3_test,108,76,110.53333333333333,-0.722126841545105,0.3842406425459218
UBFC_PHYS_s04_T3_test,108,77,110.56666666666666,-0.8354761600494385,0.6248401262308552
UBFC_PHYS_s04_T3_test,108,78,110.6,-0.7002404928207397,0.8029687443601573
UBFC_PHYS_s04_T3_test,108,79,110.63333333333334,-0.31762808561325073,0.8932032561326498
UBFC_PHYS_s04_T3_test,108,80,110.66666666666667,0.09340932965278625,0.8817641563041454
UBFC_PHYS_s04_T3_test,108,81,110.7,0.33469563722610474,0.7686185601599401
UBFC_PHYS_s04_T3_test,108,82,110.73333333333333,0.37521371245384216,0.5668303936387483
UBFC_PHYS_s04_T3_test,108,83,110.76666666666667,0.2934759259223938,0.2997037129399191
UBFC_PHYS_s04_T3_test,108,84,110.8,0.19945992529392242,-0.003419302925037713
UBFC_PHYS_s04_T3_test,108,85,110.83333333333333,0.1753615140914917,-0.3116706329792046
UBFC_PHYS_s04_T3_test,108,86,110.86666666666666,0.23404355347156525,-0.5963077769711232
UBFC_PHYS_s04_T3_test,108,87,110.9,0.3168630003929138,-0.8326393423695281
UBFC_PHYS_s04_T3_test,108,88,110.93333333333334,0.3604603707790375,-1.0003269356598083
UBFC_PHYS_s04_T3_test,108,89,110.96666666666667,0.3914385139942169,-1.0831744161395178
UBFC_PHYS_s04_T3_test,108,90,111.0,0.4932307004928589,-1.0697727710952887
UBFC_PHYS_s04_T3_test,108,91,111.03333333333333,0.6520971059799194,-0.9556546209357243
UBFC_PHYS_s04_T3_test,108,92,111.06666666666666,0.7522132396697998,-0.746319660778332
UBFC_PHYS_s04_T3_test,108,93,111.1,0.7486466765403748,-0.459446057213825
UBFC_PHYS_s04_T3_test,108,94,111.13333333333334,0.6747922897338867,-0.12449735295214114
UBFC_PHYS_s04_T3_test,108,95,111.16666666666667,0.5310397744178772,0.2211880560657967
UBFC_PHYS_s04_T3_test,108,96,111.2,0.2726614475250244,0.53929017802959
UBFC_PHYS_s04_T3_test,108,97,111.23333333333333,-0.12466530501842499,0.7983694634835893
UBFC_PHYS_s04_T3_test,108,98,111.26666666666667,-0.6077641248703003,0.9798439219003674
UBFC_PHYS_s04_T3_test,108,99,111.3,-0.9912047982215881,1.079767517712831
UBFC_PHYS_s04_T3_test,108,100,111.33333333333333,-1.0722897052764893,1.106031931540409
UBFC_PHYS_s04_T3_test,108,101,111.36666666666666,-0.8575769662857056,1.072672674620085
UBFC_PHYS_s04_T3_test,108,102,111.4,-0.5519664883613586,0.9938188655679531
UBFC_PHYS_s04_T3_test,108,103,111.43333333333334,-0.2940851151943207,0.8793602492486727
UBFC_PHYS_s04_T3_test,108,104,111.46666666666667,-0.07252189517021179,0.7332733540716634
UBFC_PHYS_s04_T3_test,108,105,111.5,0.13058501482009888,0.5545064405894276
UBFC_PHYS_s04_T3_test,108,106,111.53333333333333,0.2945186197757721,0.3397819406381788
UBFC_PHYS_s04_T3_test,108,107,111.56666666666666,0.4208087623119354,0.08744094645266187
UBFC_PHYS_s04_T3_test,108,108,111.6,0.5166762471199036,-0.1987557930548875
UBFC_PHYS_s04_T3_test,108,109,111.63333333333334,0.5798505544662476,-0.5069827193161895
UBFC_PHYS_s04_T3_test,108,110,111.66666666666667,0.6139177083969116,-0.8166012991627144
UBFC_PHYS_s04_T3_test,108,111,111.7,0.6208655834197998,-1.099451110958473
UBFC_PHYS_s04_T3_test,108,112,111.73333333333333,0.6024482846260071,-1.3228522423799598
UBFC_PHYS_s04_T3_test,108,113,111.76666666666667,0.5752900838851929,-1.453921611656383
UBFC_PHYS_s04_T3_test,108,114,111.8,0.546640932559967,-1.4650084045577312
UBFC_PHYS_s04_T3_test,108,115,111.83333333333333,0.4961540997028351,-1.3398516612239275
UBFC_PHYS_s04_T3_test,108,116,111.86666666666666,0.40538305044174194,-1.0791709597225418
UBFC_PHYS_s04_T3_test,108,117,111.9,0.25275319814682007,-0.7036968547466599
UBFC_PHYS_s04_T3_test,108,118,111.93333333333334,0.003145004389807582,-0.2530188665694943
UBFC_PHYS_s04_T3_test,108,119,111.96666666666667,-0.3380430340766907,0.22021199892761237
UBFC_PHYS_s04_T3_test,108,120,112.0,-0.6971709132194519,0.6598634910669864
UBFC_PHYS_s04_T3_test,108,121,112.03333333333333,-0.958599328994751,1.0173565378014955
UBFC_PHYS_s04_T3_test,108,122,112.06666666666666,-0.9986399412155151,1.2605746625921106
UBFC_PHYS_s04_T3_test,108,123,112.1,-0.7663966417312622,1.3774769244339018
UBFC_PHYS_s04_T3_test,108,124,112.13333333333334,-0.38797444105148315,1.373860424643855
UBFC_PHYS_s04_T3_test,108,125,112.16666666666667,-0.06942310929298401,1.2675097302170752
UBFC_PHYS_s04_T3_test,108,126,112.2,0.11550036072731018,1.0817786025191796
UBFC_PHYS_s04_T3_test,108,127,112.23333333333333,0.2299703061580658,0.8407051257709521
UBFC_PHYS_s04_T3_test,108,128,112.26666666666667,0.30052128434181213,0.5663753765252659
UBFC_PHYS_s04_T3_test,108,129,112.3,0.29984891414642334,0.2781277361731151
UBFC_PHYS_s04_T3_test,108,130,112.33333333333333,0.2569238841533661,-0.0074276154558517785
UBFC_PHYS_s04_T3_test,108,131,112.36666666666666,0.20857113599777222,-0.276564474759858
UBFC_PHYS_s04_T3_test,108,132,112.4,0.13344994187355042,-0.5191289579720612
UBFC_PHYS_s04_T3_test,108,133,112.43333333333334,0.04768761992454529,-0.729212568697032
UBFC_PHYS_s04_T3_test,108,134,112.46666666666667,0.03712446242570877,-0.9046447805108597
UBFC_PHYS_s04_T3_test,108,135,112.5,0.1481253206729889,-1.0444712187989222
UBFC_PHYS_s04_T3_test,108,136,112.53333333333333,0.3439432680606842,-1.1449600724532452
UBFC_PHYS_s04_T3_test,108,137,112.56666666666666,0.5326768755912781,-1.196164656292662
UBFC_PHYS_s04_T3_test,108,138,112.6,0.6314190030097961,-1.1815047629185433
UBFC_PHYS_s04_T3_test,108,139,112.63333333333334,0.6408128142356873,-1.0817516819237218
UBFC_PHYS_s04_T3_test,108,140,112.66666666666667,0.6024190783500671,-0.8826328804942031
UBFC_PHYS_s04_T3_test,108,141,112.7,0.4783506691455841,-0.5832014239941539
UBFC_PHYS_s04_T3_test,108,142,112.73333333333333,0.20115548372268677,-0.20134316161877908
UBFC_PHYS_s04_T3_test,108,143,112.76666666666667,-0.18969109654426575,0.22624266442232935
UBFC_PHYS_s04_T3_test,108,144,112.8,-0.549569308757782,0.6500093333309103
UBFC_PHYS_s04_T3_test,108,145,112.83333333333333,-0.7386342287063599,1.0175592485170304
UBFC_PHYS_s04_T3_test,108,146,112.86666666666666,-0.7195835113525391,1.2844429256377616
UBFC_PHYS_s04_T3_test,108,147,112.9,-0.5981851816177368,1.422519907645077
UBFC_PHYS_s04_T3_test,108,148,112.93333333333334,-0.5126274824142456,1.4236616388160186
UBFC_PHYS_s04_T3_test,108,149,112.96666666666667,-0.48139601945877075,1.2982485205956222
UBFC_PHYS_s04_T3_test,108,150,113.0,-0.4286581873893738,1.0697019159680876
UBFC_PHYS_s04_T3_test,108,151,113.03333333333333,-0.32936060428619385,0.7674688141391806
UBFC_PHYS_s04_T3_test,108,152,113.06666666666666,-0.24087953567504883,0.4209605842807816
UBFC_PHYS_s04_T3_test,108,153,113.1,-0.18742060661315918,0.05607910967517463
UBFC_PHYS_s04_T3_test,108,154,113.13333333333334,-0.1362808793783188,-0.3053197647470068
UBFC_PHYS_s04_T3_test,108,155,113.16666666666667,-0.07410052418708801,-0.643769213892506
UBFC_PHYS_s04_T3_test,108,156,113.2,-0.013917808420956135,-0.9396439395187994
UBFC_PHYS_s04_T3_test,108,157,113.23333333333333,0.04541712626814842,-1.1711734687308375
UBFC_PHYS_s04_T3_test,108,158,113.26666666666667,0.08766001462936401,-1.3143814150869604
UBFC_PHYS_s04_T3_test,108,159,113.3,0.06302563846111298,-1.3458314908827045
UBFC_PHYS_s04_T3_test,108,160,113.33333333333333,-0.03687611222267151,-1.2480534133826526
UBFC_PHYS_s04_T3_test,108,161,113.36666666666666,-0.16108091175556183,-1.016311040104384
UBFC_PHYS_s04_T3_test,108,162,113.4,-0.27015233039855957,-0.6644487957145279
UBFC_PHYS_s04_T3_test,108,163,113.43333333333334,-0.38245898485183716,-0.22721912567585847
UBFC_PHYS_s04_T3_test,108,164,113.46666666666667,-0.5353129506111145,0.24297274152217557
UBFC_PHYS_s04_T3_test,108,165,113.5,-0.7490609884262085,0.6852396836458069
UBFC_PHYS_s04_T3_test,108,166,113.53333333333333,-1.0073906183242798,1.0430165177080275
UBFC_PHYS_s04_T3_test,108,167,113.56666666666666,-1.1901897192001343,1.2761590942662437
UBFC_PHYS_s04_T3_test,108,168,113.6,-1.1399465799331665,1.3679428401829121
UBFC_PHYS_s04_T3_test,108,169,113.63333333333334,-0.8666881918907166,1.3247225004753012
UBFC_PHYS_s04_T3_test,108,170,113.66666666666667,-0.5555817484855652,1.1693221723616642
UBFC_PHYS_s04_T3_test,108,171,113.7,-0.33867645263671875,0.9316945810652885
UBFC_PHYS_s04_T3_test,108,172,113.73333333333333,-0.2190418541431427,0.6406535912127365
UBFC_PHYS_s04_T3_test,108,173,113.76666666666667,-0.18257753551006317,0.31910008162609943
UBFC_PHYS_s04_T3_test,108,174,113.8,-0.18677745759487152,-0.01658788980516547
UBFC_PHYS_s04_T3_test,108,175,113.83333333333333,-0.11726915091276169,-0.35382606581657067
UBFC_PHYS_s04_T3_test,108,176,113.86666666666666,0.08444429188966751,-0.6795966276476044
UBFC_PHYS_s04_T3_test,108,177,113.9,0.3507157862186432,-0.976797668952041
UBFC_PHYS_s04_T3_test,108,178,113.93333333333334,0.6127581000328064,-1.2226746094461705
UBFC_PHYS_s04_T3_test,108,179,113.96666666666667,0.8641105890274048,-1.39000261529452
UBFC_PHYS_s04_T3_test,108,180,114.0,1.0514507293701172,-1.4510580400968522
UBFC_PHYS_s04_T3_test,108,181,114.03333333333333,1.0531949996948242,-1.3838332111718268
UBFC_PHYS_s04_T3_test,108,182,114.06666666666666,0.8557789325714111,-1.1791602959441159
UBFC_PHYS_s04_T3_test,108,183,114.1,0.573302149772644,-0.84664836459238
UBFC_PHYS_s04_T3_test,108,184,114.13333333333334,0.3167070746421814,-0.41707290567170247
UBFC_PHYS_s04_T3_test,108,185,114.16666666666667,0.07630754262208939,0.060585707465673724
UBFC_PHYS_s04_T3_test,108,186,114.2,-0.21823306381702423,0.5277601112977824
UBFC_PHYS_s04_T3_test,108,187,114.23333333333333,-0.5269131064414978,0.9285726273849964
UBFC_PHYS_s04_T3_test,108,188,114.26666666666667,-0.6684243083000183,1.2215499036430904
UBFC_PHYS_s04_T3_test,108,189,114.3,-0.5146641135215759,1.3862232653862687
UBFC_PHYS_s04_T3_test,108,190,114.33333333333333,-0.15205740928649902,1.4225024173987006
UBFC_PHYS_s04_T3_test,108,191,114.36666666666666,0.21882246434688568,1.34428622183271
UBFC_PHYS_s04_T3_test,108,192,114.4,0.4609273076057434,1.171133298390814
UBFC_PHYS_s04_T3_test,108,193,114.43333333333334,0.5682934522628784,0.921935065462383
UBFC_PHYS_s04_T3_test,108,194,114.46666666666667,0.5908814668655396,0.6127579967979493
UBFC_PHYS_s04_T3_test,108,195,114.5,0.5674846172332764,0.25861783838796953
UBFC_PHYS_s04_T3_test,108,196,114.53333333333333,0.5216362476348877,-0.12275883252216062
UBFC_PHYS_s04_T3_test,108,197,114.56666666666666,0.46450358629226685,-0.5075806301470923
UBFC_PHYS_s04_T3_test,108,198,114.6,0.38854435086250305,-0.8648192386312736
UBFC_PHYS_s04_T3_test,108,199,114.63333333333334,0.2802427411079407,-1.157958587091338
UBFC_PHYS_s04_T3_test,108,200,114.66666666666667,0.12985417246818542,-1.3495482292164764
UBFC_PHYS_s04_T3_test,108,201,114.7,-0.06496007740497589,-1.4078433204058483
UBFC_PHYS_s04_T3_test,108,202,114.73333333333333,-0.29744699597358704,-1.3142741818160726
UBFC_PHYS_s04_T3_test,108,203,114.76666666666667,-0.5515182018280029,-1.0699014592491356
UBFC_PHYS_s04_T3_test,108,204,114.8,-0.8241919279098511,-0.6986085267047676
UBFC_PHYS_s04_T3_test,108,205,114.83333333333333,-1.120622992515564,-0.24520085266213532
UBFC_PHYS_s04_T3_test,108,206,114.86666666666666,-1.3583427667617798,0.231878750012079
UBFC_PHYS_s04_T3_test,108,207,114.9,-1.3438525199890137,0.6715577817296937
UBFC_PHYS_s04_T3_test,108,208,114.93333333333334,-0.9480069279670715,1.021836989626902
UBFC_PHYS_s04_T3_test,108,209,114.96666666666667,-0.26957741379737854,1.2488431787453134
UBFC_PHYS_s04_T3_test,108,210,115.0,0.43388602137565613,1.3406807977054553
UBFC_PHYS_s04_T3_test,108,211,115.03333333333333,0.951168954372406,1.305326004037026
UBFC_PHYS_s04_T3_test,108,212,115.06666666666666,1.265267014503479,1.1640412220375704
UBFC_PHYS_s04_T3_test,108,213,115.1,1.4502002000808716,0.943298714330118
UBFC_PHYS_s04_T3_test,108,214,115.13333333333334,1.5254091024398804,0.6681620783366997
UBFC_PHYS_s04_T3_test,108,215,115.16666666666667,1.4520028829574585,0.35883723981337945
UBFC_PHYS_s04_T3_test,108,216,115.2,1.2506792545318604,0.030553358235349885
UBFC_PHYS_s04_T3_test,108,217,115.23333333333333,1.0338032245635986,-0.3043064603469408
UBFC_PHYS_s04_T3_test,108,218,115.26666666666667,0.882303774356842,-0.6334687715932358
UBFC_PHYS_s04_T3_test,108,219,115.3,0.7637313604354858,-0.9427443247925974
UBFC_PHYS_s04_T3_test,108,220,115.33333333333333,0.6129432320594788,-1.2150711489113681
UBFC_PHYS_s04_T3_test,108,221,115.36666666666666,0.3739859163761139,-1.4303002469746933
UBFC_PHYS_s04_T3_test,108,222,115.4,-0.008626485243439674,-1.56562028809238
UBFC_PHYS_s04_T3_test,108,223,115.43333333333334,-0.5144984722137451,-1.59719709530868
UBFC_PHYS_s04_T3_test,108,224,115.46666666666667,-1.0277665853500366,-1.5038695657643852
UBFC_PHYS_s04_T3_test,108,225,115.5,-1.4199774265289307,-1.2731369381627458
UBFC_PHYS_s04_T3_test,108,226,115.53333333333333,-1.5494540929794312,-0.9083102778629997
UBFC_PHYS_s04_T3_test,108,227,115.56666666666666,-1.3330262899398804,-0.43422891389044277
UBFC_PHYS_s04_T3_test,108,228,115.6,-0.8818702697753906,0.10171765184868975
UBFC_PHYS_s04_T3_test,108,229,115.63333333333334,-0.4428463280200958,0.6355643127598275
UBFC_PHYS_s04_T3_test,108,230,115.66666666666667,-0.12116698920726776,1.0994065955658712
UBFC_PHYS_s04_T3_test,108,231,115.7,0.16148518025875092,1.437145755849792
UBFC_PHYS_s04_T3_test,108,232,115.73333333333333,0.4383295774459839,1.6176996157717969
UBFC_PHYS_s04_T3_test,108,233,115.76666666666667,0.6231263875961304,1.6405774050344046
UBFC_PHYS_s04_T3_test,108,234,115.8,0.6867879033088684,1.5319967760062092
UBFC_PHYS_s04_T3_test,108,235,115.83333333333333,0.6996702551841736,1.3336985610298158
UBFC_PHYS_s04_T3_test,108,236,115.86666666666666,0.67808598279953,1.0889996336911474
UBFC_PHYS_s04_T3_test,108,237,115.9,0.5694725513458252,0.8308271808365287
UBFC_PHYS_s04_T3_test,108,238,115.93333333333334,0.3728165626525879,0.5751408978711104
UBFC_PHYS_s04_T3_test,108,239,115.96666666666667,0.14734575152397156,0.3212710610609214
UBFC_PHYS_s04_T3_test,109,0,109.0,-0.16233797371387482,0.03746223478527109
UBFC_PHYS_s04_T3_test,109,1,109.03333333333333,-0.20564302802085876,0.23382369060978425
UBFC_PHYS_s04_T3_test,109,2,109.06666666666666,-0.2744107246398926,0.39932847758672746
UBFC_PHYS_s04_T3_test,109,3,109.1,-0.3890463411808014,0.5108692744044682
UBFC_PHYS_s04_T3_test,109,4,109.13333333333334,-0.5421439409255981,0.5521153318469599
UBFC_PHYS_s04_T3_test,109,5,109.16666666666667,-0.6444525718688965,0.5159367401862864
UBFC_PHYS_s04_T3_test,109,6,109.2,-0.5721378326416016,0.40508657133506554
UBFC_PHYS_s04_T3_test,109,7,109.23333333333333,-0.3207755982875824,0.230873535708779
UBFC_PHYS_s04_T3_test,109,8,109.26666666666667,-0.028232641518115997,0.010321341019586996
UBFC_PHYS_s04_T3_test,109,9,109.3,0.1770375818014145,-0.2372003351789607
UBFC_PHYS_s04_T3_test,109,10,109.33333333333333,0.2771926820278168,-0.4927980135521305
UBFC_PHYS_s04_T3_test,109,11,109.36666666666666,0.31166911125183105,-0.7395091442899115
UBFC_PHYS_s04_T3_test,109,12,109.4,0.3202541172504425,-0.9620601027005447
UBFC_PHYS_s04_T3_test,109,13,109.43333333333334,0.3260326683521271,-1.1452727898891413
UBFC_PHYS_s04_T3_test,109,14,109.46666666666667,0.3308270275592804,-1.2721889392673282
UBFC_PHYS_s04_T3_test,109,15,109.5,0.32206660509109497,-1.3234248751701512
UBFC_PHYS_s04_T3_test,109,16,109.53333333333333,0.3016321659088135,-1.2790823018997803
UBFC_PHYS_s04_T3_test,109,17,109.56666666666666,0.2924819886684418,-1.1235688200132987
UBFC_PHYS_s04_T3_test,109,18,109.6,0.29613620042800903,-0.8521837814331821
UBFC_PHYS_s04_T3_test,109,19,109.63333333333334,0.29069870710372925,-0.477054832211722
UBFC_PHYS_s04_T3_test,109,20,109.66666666666667,0.2677404284477234,-0.029694110100488235
UBFC_PHYS_s04_T3_test,109,21,109.7,0.2427552342414856,0.44175966141381906
UBFC_PHYS_s04_T3_test,109,22,109.73333333333333,0.21899786591529846,0.8808628882534324
UBFC_PHYS_s04_T3_test,109,23,109.76666666666667,0.14643950760364532,1.234787951436699
UBFC_PHYS_s04_T3_test,109,24,109.8,-0.03493693470954895,1.4659413069325904
UBFC_PHYS_s04_T3_test,109,25,109.83333333333333,-0.263535737991333,1.559112483943369
UBFC_PHYS_s04_T3_test,109,26,109.86666666666666,-0.3668286204338074,1.5219839238304937
UBFC_PHYS_s04_T3_test,109,27,109.9,-0.25515538454055786,1.3797096270916753
UBFC_PHYS_s04_T3_test,109,28,109.93333333333334,-0.02083648182451725,1.16623265003376
UBFC_PHYS_s04_T3_test,109,29,109.96666666666667,0.1874740570783615,0.9155096518760842
UBFC_PHYS_s04_T3_test,109,30,110.0,0.28874003887176514,0.6551571484491671
UBFC_PHYS_s04_T3_test,109,31,110.03333333333333,0.26437851786613464,0.4037191368569142
UBFC_PHYS_s04_T3_test,109,32,110.06666666666666,0.1562230885028839,0.17131534505966992
UBFC_PHYS_s04_T3_test,109,33,110.1,0.03379180654883385,-0.037629970372927084
UBFC_PHYS_s04_T3_test,109,34,110.13333333333334,-0.06279677152633667,-0.22123204013017583
UBFC_PHYS_s04_T3_test,109,35,110.16666666666667,-0.14309236407279968,-0.3778144971952082
UBFC_PHYS_s04_T3_test,109,36,110.2,-0.22279353439807892,-0.5047894169474227
UBFC_PHYS_s04_T3_test,109,37,110.23333333333333,-0.28498363494873047,-0.5984004615606742
UBFC_PHYS_s04_T3_test,109,38,110.26666666666667,-0.2989184260368347,-0.6538428721910714
UBFC_PHYS_s04_T3_test,109,39,110.3,-0.2693922519683838,-0.6656849923292997
UBFC_PHYS_s04_T3_test,109,40,110.33333333333333,-0.2426822930574417,-0.6290165467265656
UBFC_PHYS_s04_T3_test,109,41,110.36666666666666,-0.2608754634857178,-0.5417255815914762
UBFC_PHYS_s04_T3_test,109,42,110.4,-0.3215161859989166,-0.4075362021330966
UBFC_PHYS_s04_T3_test,109,43,110.43333333333334,-0.3878380060195923,-0.23848452463315736
UBFC_PHYS_s04_T3_test,109,44,110.46666666666667,-0.4477965831756592,-0.05517307451772268
UBFC_PHYS_s04_T3_test,109,45,110.5,-0.549540102481842,0.11618626149971731
UBFC_PHYS_s04_T3_test,109,46,110.53333333333333,-0.722126841545105,0.24945951895498897
UBFC_PHYS_s04_T3_test,109,47,110.56666666666666,-0.8354761600494385,0.3250339583939911
UBFC_PHYS_s04_T3_test,109,48,110.6,-0.7002404928207397,0.33440954313992155
UBFC_PHYS_s04_T3_test,109,49,110.63333333333334,-0.31762808561325073,0.2810135522852991
UBFC_PHYS_s04_T3_test,109,50,110.66666666666667,0.09340932965278625,0.1770774393322352
UBFC_PHYS_s04_T3_test,109,51,110.7,0.33469563722610474,0.038283964461762236
UBFC_PHYS_s04_T3_test,109,52,110.73333333333333,0.37521371245384216,-0.1211811178674282
UBFC_PHYS_s04_T3_test,109,53,110.76666666666667,0.2934759259223938,-0.290976843299483
UBFC_PHYS_s04_T3_test,109,54,110.8,0.19945992529392242,-0.4636599823906571
UBFC_PHYS_s04_T3_test,109,55,110.83333333333333,0.1753615140914917,-0.6314224103437398
UBFC_PHYS_s04_T3_test,109,56,110.86666666666666,0.23404355347156525,-0.7824873882633375
UBFC_PHYS_s04_T3_test,109,57,110.9,0.3168630003929138,-0.8992353378435608
UBFC_PHYS_s04_T3_test,109,58,110.93333333333334,0.3604603707790375,-0.9594837835239433
UBFC_PHYS_s04_T3_test,109,59,110.96666666666667,0.3914385139942169,-0.9411427462324632
UBFC_PHYS_s04_T3_test,109,60,111.0,0.4932307004928589,-0.8290290197219962
UBFC_PHYS_s04_T3_test,109,61,111.03333333333333,0.6520971059799194,-0.6215130827917755
UBFC_PHYS_s04_T3_test,109,62,111.06666666666666,0.7522132396697998,-0.3343900950115225
UBFC_PHYS_s04_T3_test,109,63,111.1,0.7486466765403748,-3.753211837379813e-05
UBFC_PHYS_s04_T3_test,109,64,111.13333333333334,0.6747922897338867,0.3386254403815415
UBFC_PHYS_s04_T3_test,109,65,111.16666666666667,0.5310397744178772,0.6379753713647613
UBFC_PHYS_s04_T3_test,109,66,111.2,0.2726614475250244,0.8642245952895725
UBFC_PHYS_s04_T3_test,109,67,111.23333333333333,-0.12466530501842499,1.0009808017563369
UBFC_PHYS_s04_T3_test,109,68,111.26666666666667,-0.6077641248703003,1.0511930232008737
UBFC_PHYS_s04_T3_test,109,69,111.3,-0.9912047982215881,1.0331139962959877
UBFC_PHYS_s04_T3_test,109,70,111.33333333333333,-1.0722897052764893,0.9723040611644208
UBFC_PHYS_s04_T3_test,109,71,111.36666666666666,-0.8575769662857056,0.8930098342961834
UBFC_PHYS_s04_T3_test,109,72,111.4,-0.5519664883613586,0.8118483286995333
UBFC_PHYS_s04_T3_test,109,73,111.43333333333334,-0.2940851151943207,0.7351263948840435
UBFC_PHYS_s04_T3_test,109,74,111.46666666666667,-0.07252189517021179,0.6594228692697135
UBFC_PHYS_s04_T3_test,109,75,111.5,0.13058501482009888,0.5742141621837031
UBFC_PHYS_s04_T3_test,109,76,111.53333333333333,0.2945186197757721,0.46555509772552167
UBFC_PHYS_s04_T3_test,109,77,111.56666666666666,0.4208087623119354,0.32032651039057
UBFC_PHYS_s04_T3_test,109,78,111.6,0.5166762471199036,0.1305375782833489
UBFC_PHYS_s04_T3_test,109,79,111.63333333333334,0.5798505544662476,-0.10314371116119883
UBFC_PHYS_s04_T3_test,109,80,111.66666666666667,0.6139177083969116,-0.36949366484114254
UBFC_PHYS_s04_T3_test,109,81,111.7,0.6208655834197998,-0.6470164721355499
UBFC_PHYS_s04_T3_test,109,82,111.73333333333333,0.6024482846260071,-0.9064992969318608
UBFC_PHYS_s04_T3_test,109,83,111.76666666666667,0.5752900838851929,-1.1154927906366643
UBFC_PHYS_s04_T3_test,109,84,111.8,0.546640932559967,-1.2439914407326178
UBFC_PHYS_s04_T3_test,109,85,111.83333333333333,0.4961540997028351,-1.2701743567987223
UBFC_PHYS_s04_T3_test,109,86,111.86666666666666,0.40538305044174194,-1.1847169056234386
UBFC_PHYS_s04_T3_test,109,87,111.9,0.25275319814682007,-0.9924037440803123
UBFC_PHYS_s04_T3_test,109,88,111.93333333333334,0.003145004389807582,-0.710790237914796
UBFC_PHYS_s04_T3_test,109,89,111.96666666666667,-0.3380430340766907,-0.3668096255788934
UBFC_PHYS_s04_T3_test,109,90,112.0,-0.6971709132194519,0.007278829757718087
UBFC_PHYS_s04_T3_test,109,91,112.03333333333333,-0.958599328994751,0.37745608167012
UBFC_PHYS_s04_T3_test,109,92,112.06666666666666,-0.9986399412155151,0.7105627813780311
UBFC_PHYS_s04_T3_test,109,93,112.1,-0.7663966417312622,0.976312827192515
UBFC_PHYS_s04_T3_test,109,94,112.13333333333334,-0.38797444105148315,1.1495587766009971
UBFC_PHYS_s04_T3_test,109,95,112.16666666666667,-0.06942310929298401,1.2133473396740866
UBFC_PHYS_s04_T3_test,109,96,112.2,0.11550036072731018,1.1621501552873197
UBFC_PHYS_s04_T3_test,109,97,112.23333333333333,0.2299703061580658,1.0037236690901308
UBFC_PHYS_s04_T3_test,109,98,112.26666666666667,0.30052128434181213,0.7582956738433446
UBFC_PHYS_s04_T3_test,109,99,112.3,0.29984891414642334,0.4549206402150035
UBFC_PHYS_s04_T3_test,109,100,112.33333333333333,0.2569238841533661,0.12602507338835012
UBFC_PHYS_s04_T3_test,109,101,112.36666666666666,0.20857113599777222,-0.19822952372106908
UBFC_PHYS_s04_T3_test,109,102,112.4,0.13344994187355042,-0.4942546684025825
UBFC_PHYS_s04_T3_test,109,103,112.43333333333334,0.04768761992454529,-0.7470128431805892
UBFC_PHYS_s04_T3_test,109,104,112.46666666666667,0.03712446242570877,-0.9492320112428021
UBFC_PHYS_s04_T3_test,109,105,112.5,0.1481253206729889,-1.0981285122479902
UBFC_PHYS_s04_T3_test,109,106,112.53333333333333,0.3439432680606842,-1.19083848914809
UBFC_PHYS_s04_T3_test,109,107,112.56666666666666,0.5326768755912781,-1.2205698576085207
UBFC_PHYS_s04_T3_test,109,108,112.6,0.6314190030097961,-1.1756334548234413
UBFC_PHYS_s04_T3_test,109,109,112.63333333333334,0.6408128142356873,-1.0425803031481857
UBFC_PHYS_s04_T3_test,109,110,112.66666666666667,0.6024190783500671,-0.8127903783588925
UBFC_PHYS_s04_T3_test,109,111,112.7,0.4783506691455841,-0.4899366845996345
UBFC_PHYS_s04_T3_test,109,112,112.73333333333333,0.20115548372268677,-0.0948833804106262
UBFC_PHYS_s04_T3_test,109,113,112.76666666666667,-0.18969109654426575,0.33464152423850446
UBFC_PHYS_s04_T3_test,109,114,112.8,-0.549569308757782,0.750077239370435
UBFC_PHYS_s04_T3_test,109,115,112.83333333333333,-0.7386342287063599,1.101821419753485
UBFC_PHYS_s04_T3_test,109,116,112.86666666666666,-0.7195835113525391,1.3494345942872237
UBFC_PHYS_s04_T3_test,109,117,112.9,-0.5981851816177368,1.4690492513917648
UBFC_PHYS_s04_T3_test,109,118,112.93333333333334,-0.5126274824142456,1.4561665761857254
UBFC_PHYS_s04_T3_test,109,119,112.96666666666667,-0.48139601945877075,1.3237474694105753
UBFC_PHYS_s04_T3_test,109,120,113.0,-0.4286581873893738,1.096753646285234
UBFC_PHYS_s04_T3_test,109,121,113.03333333333333,-0.32936060428619385,0.8050195722688744
UBFC_PHYS_s04_T3_test,109,122,113.06666666666666,-0.24087953567504883,0.47669176563865645
UBFC_PHYS_s04_T3_test,109,123,113.1,-0.18742060661315918,0.13421696653479664
UBFC_PHYS_s04_T3_test,109,124,113.13333333333334,-0.1362808793783188,-0.20617117552759248
UBFC_PHYS_s04_T3_test,109,125,113.16666666666667,-0.07410052418708801,-0.5319100354356113
UBFC_PHYS_s04_T3_test,109,126,113.2,-0.013917808420956135,-0.8300694232809597
UBFC_PHYS_s04_T3_test,109,127,113.23333333333333,0.04541712626814842,-1.0837889400990983
UBFC_PHYS_s04_T3_test,109,128,113.26666666666667,0.08766001462936401,-1.2708322871198054
UBFC_PHYS_s04_T3_test,109,129,113.3,0.06302563846111298,-1.3652078385649955
UBFC_PHYS_s04_T3_test,109,130,113.33333333333333,-0.03687611222267151,-1.3420591418694374
UBFC_PHYS_s04_T3_test,109,131,113.36666666666666,-0.16108091175556183,-1.1850369844679765
UBFC_PHYS_s04_T3_test,109,132,113.4,-0.27015233039855957,-0.8940749730299884
UBFC_PHYS_s04_T3_test,109,133,113.43333333333334,-0.38245898485183716,-0.4905836335407259
UBFC_PHYS_s04_T3_test,109,134,113.46666666666667,-0.5353129506111145,-0.01736136380437574
UBFC_PHYS_s04_T3_test,109,135,113.5,-0.7490609884262085,0.4677933601245299
UBFC_PHYS_s04_T3_test,109,136,113.53333333333333,-1.0073906183242798,0.903268566341587
UBFC_PHYS_s04_T3_test,109,137,113.56666666666666,-1.1901897192001343,1.2360694013999323
UBFC_PHYS_s04_T3_test,109,138,113.6,-1.1399465799331665,1.4314934759204634
UBFC_PHYS_s04_T3_test,109,139,113.63333333333334,-0.8666881918907166,1.4773872186897468
UBFC_PHYS_s04_T3_test,109,140,113.66666666666667,-0.5555817484855652,1.3826603117272067
UBFC_PHYS_s04_T3_test,109,141,113.7,-0.33867645263671875,1.1716934851394922
UBFC_PHYS_s04_T3_test,109,142,113.73333333333333,-0.2190418541431427,0.8769345224960442
UBFC_PHYS_s04_T3_test,109,143,113.76666666666667,-0.18257753551006317,0.5317651968830421
UBFC_PHYS_s04_T3_test,109,144,113.8,-0.18677745759487152,0.16535111783560075
UBFC_PHYS_s04_T3_test,109,145,113.83333333333333,-0.11726915091276169,-0.19945136068334604
UBFC_PHYS_s04_T3_test,109,146,113.86666666666666,0.08444429188966751,-0.5451753165641813
UBFC_PHYS_s04_T3_test,109,147,113.9,0.3507157862186432,-0.8569626868788326
UBFC_PHYS_s04_T3_test,109,148,113.93333333333334,0.6127581000328064,-1.1195705363320427
UBFC_PHYS_s04_T3_test,109,149,113.96666666666667,0.8641105890274048,-1.3156326626725927
UBFC_PHYS_s04_T3_test,109,150,114.0,1.0514507293701172,-1.4260605358480607
UBFC_PHYS_s04_T3_test,109,151,114.03333333333333,1.0531949996948242,-1.4327696698488963
UBFC_PHYS_s04_T3_test,109,152,114.06666666666666,0.8557789325714111,-1.323272609362947
UBFC_PHYS_s04_T3_test,109,153,114.1,0.573302149772644,-1.0960621502093282
UBFC_PHYS_s04_T3_test,109,154,114.13333333333334,0.3167070746421814,-0.7651093892966884
UBFC_PHYS_s04_T3_test,109,155,114.16666666666667,0.07630754262208939,-0.36142310722030474
UBFC_PHYS_s04_T3_test,109,156,114.2,-0.21823306381702423,0.07009286501837478
UBFC_PHYS_s04_T3_test,109,157,114.23333333333333,-0.5269131064414978,0.47872415731767726
UBFC_PHYS_s04_T3_test,109,158,114.26666666666667,-0.6684243083000183,0.8187122178278248
UBFC_PHYS_s04_T3_test,109,159,114.3,-0.5146641135215759,1.058683827736967
UBFC_PHYS_s04_T3_test,109,160,114.33333333333333,-0.15205740928649902,1.1861928060618279
UBFC_PHYS_s04_T3_test,109,161,114.36666666666666,0.21882246434688568,1.2061115413703745
UBFC_PHYS_s04_T3_test,109,162,114.4,0.4609273076057434,1.1342791997636397
UBFC_PHYS_s04_T3_test,109,163,114.43333333333334,0.5682934522628784,0.9895874588669985
UBFC_PHYS_s04_T3_test,109,164,114.46666666666667,0.5908814668655396,0.7878859638477741
UBFC_PHYS_s04_T3_test,109,165,114.5,0.5674846172332764,0.5398543893690952
UBFC_PHYS_s04_T3_test,109,166,114.53333333333333,0.5216362476348877,0.25304496625822576
UBFC_PHYS_s04_T3_test,109,167,114.56666666666666,0.46450358629226685,-0.06340024595714636
UBFC_PHYS_s04_T3_test,109,168,114.6,0.38854435086250305,-0.3936597294535666
UBFC_PHYS_s04_T3_test,109,169,114.63333333333334,0.2802427411079407,-0.7120265799506048
UBFC_PHYS_s04_T3_test,109,170,114.66666666666667,0.12985417246818542,-0.9832594541555549
UBFC_PHYS_s04_T3_test,109,171,114.7,-0.06496007740497589,-1.1671761031154562
UBFC_PHYS_s04_T3_test,109,172,114.73333333333333,-0.29744699597358704,-1.226859922602361
UBFC_PHYS_s04_T3_test,109,173,114.76666666666667,-0.5515182018280029,-1.1384359882094475
UBFC_PHYS_s04_T3_test,109,174,114.8,-0.8241919279098511,-0.8993613066408741
UBFC_PHYS_s04_T3_test,109,175,114.83333333333333,-1.120622992515564,-0.5323184434212044
UBFC_PHYS_s04_T3_test,109,176,114.86666666666666,-1.3583427667617798,-0.0832789676533691
UBFC_PHYS_s04_T3_test,109,177,114.9,-1.3438525199890137,0.38594616002345583
UBFC_PHYS_s04_T3_test,109,178,114.93333333333334,-0.9480069279670715,0.8092414545109065
UBFC_PHYS_s04_T3_test,109,179,114.96666666666667,-0.26957741379737854,1.129406221191451
UBFC_PHYS_s04_T3_test,109,180,115.0,0.43388602137565613,1.3094916811195478
UBFC_PHYS_s04_T3_test,109,181,115.03333333333333,0.951168954372406,1.338645910503523
UBFC_PHYS_s04_T3_test,109,182,115.06666666666666,1.265267014503479,1.2309052722589104
UBFC_PHYS_s04_T3_test,109,183,115.1,1.4502002000808716,1.018192701295617
UBFC_PHYS_s04_T3_test,109,184,115.13333333333334,1.5254091024398804,0.7405146116014228
UBFC_PHYS_s04_T3_test,109,185,115.16666666666667,1.4520028829574585,0.4365265295705722
UBFC_PHYS_s04_T3_test,109,186,115.2,1.2506792545318604,0.13675685254717926
UBFC_PHYS_s04_T3_test,109,187,115.23333333333333,1.0338032245635986,-0.13948725994038172
UBFC_PHYS_s04_T3_test,109,188,115.26666666666667,0.882303774356842,-0.3836213063439315
UBFC_PHYS_s04_T3_test,109,189,115.3,0.7637313604354858,-0.5945372188062896
UBFC_PHYS_s04_T3_test,109,190,115.33333333333333,0.6129432320594788,-0.7738740034236629
UBFC_PHYS_s04_T3_test,109,191,115.36666666666666,0.3739859163761139,-0.9212147482656201
UBFC_PHYS_s04_T3_test,109,192,115.4,-0.008626485243439674,-1.0305488182481866
UBFC_PHYS_s04_T3_test,109,193,115.43333333333334,-0.5144984722137451,-1.089100534774964
UBFC_PHYS_s04_T3_test,109,194,115.46666666666667,-1.0277665853500366,-1.0792026546947557
UBFC_PHYS_s04_T3_test,109,195,115.5,-1.4199774265289307,-0.9832006819953564
UBFC_PHYS_s04_T3_test,109,196,115.53333333333333,-1.5494540929794312,-0.7904192673436394
UBFC_PHYS_s04_T3_test,109,197,115.56666666666666,-1.3330262899398804,-0.5042407082445781
UBFC_PHYS_s04_T3_test,109,198,115.6,-0.8818702697753906,-0.14673664523391514
UBFC_PHYS_s04_T3_test,109,199,115.63333333333334,-0.4428463280200958,0.24153644220691117
UBFC_PHYS_s04_T3_test,109,200,115.66666666666667,-0.12116698920726776,0.6077499587166224
UBFC_PHYS_s04_T3_test,109,201,115.7,0.16148518025875092,0.8979623671720103
UBFC_PHYS_s04_T3_test,109,202,115.73333333333333,0.4383295774459839,1.0696839125104523
UBFC_PHYS_s04_T3_test,109,203,115.76666666666667,0.6231263875961304,1.1012481875231654
UBFC_PHYS_s04_T3_test,109,204,115.8,0.6867879033088684,0.994803402681622
UBFC_PHYS_s04_T3_test,109,205,115.83333333333333,0.6996702551841736,0.7726957473248403
UBFC_PHYS_s04_T3_test,109,206,115.86666666666666,0.67808598279953,0.469716644020587
UBFC_PHYS_s04_T3_test,109,207,115.9,0.5694725513458252,0.12480743031360647
UBFC_PHYS_s04_T3_test,109,208,115.93333333333334,0.3728165626525879,-0.22495733072278656
UBFC_PHYS_s04_T3_test,109,209,115.96666666666667,0.14734575152397156,-0.5471147590932085
UBFC_PHYS_s04_T3_test,109,210,116.0,-0.07682901620864868,-0.8139937217457607
UBFC_PHYS_s04_T3_test,109,211,116.03333333333333,-0.30868253111839294,-1.001949699531346
UBFC_PHYS_s04_T3_test,109,212,116.06666666666666,-0.5574819445610046,-1.0912821632191336
UBFC_PHYS_s04_T3_test,109,213,116.1,-0.8253612518310547,-1.0678036882453366
UBFC_PHYS_s04_T3_test,109,214,116.13333333333334,-1.0421983003616333,-0.9260555390850363
UBFC_PHYS_s04_T3_test,109,215,116.16666666666667,-1.0432020425796509,-0.6731091796456706
UBFC_PHYS_s04_T3_test,109,216,116.2,-0.742483377456665,-0.33106462738533055
UBFC_PHYS_s04_T3_test,109,217,116.23333333333333,-0.2772464156150818,0.06370863513092351
UBFC_PHYS_s04_T3_test,109,218,116.26666666666667,0.13594456017017365,0.4655131410866147
UBFC_PHYS_s04_T3_test,109,219,116.3,0.43292132019996643,0.8275354790657923
UBFC_PHYS_s04_T3_test,109,220,116.33333333333333,0.6614226698875427,1.1106432026630393
UBFC_PHYS_s04_T3_test,109,221,116.36666666666666,0.8205813765525818,1.2895659048992802
UBFC_PHYS_s04_T3_test,109,222,116.4,0.8906646370887756,1.3545581428509736
UBFC_PHYS_s04_T3_test,109,223,116.43333333333334,0.9095789194107056,1.3088965444327891
UBFC_PHYS_s04_T3_test,109,224,116.46666666666667,0.9108262658119202,1.1643534797447779
UBFC_PHYS_s04_T3_test,109,225,116.5,0.872978150844574,0.9371689665302667
UBFC_PHYS_s04_T3_test,109,226,116.53333333333333,0.8127467632293701,0.6459829170279875
UBFC_PHYS_s04_T3_test,109,227,116.56666666666666,0.7999228239059448,0.3116928422732042
UBFC_PHYS_s04_T3_test,109,228,116.6,0.8223159313201904,-0.041733324885960384
UBFC_PHYS_s04_T3_test,109,229,116.63333333333334,0.7982760071754456,-0.38681543067988455
UBFC_PHYS_s04_T3_test,109,230,116.66666666666667,0.7067351341247559,-0.6938381546226559
UBFC_PHYS_s04_T3_test,109,231,116.7,0.5777164697647095,-0.934597830171484
UBFC_PHYS_s04_T3_test,109,232,116.73333333333333,0.4054804742336273,-1.0879985527832408
UBFC_PHYS_s04_T3_test,109,233,116.76666666666667,0.16833564639091492,-1.14536339407841
UBFC_PHYS_s04_T3_test,109,234,116.8,-0.12380778044462204,-1.1126877188423099
UBFC_PHYS_s04_T3_test,109,235,116.83333333333333,-0.4245654344558716,-1.0081036616269234
UBFC_PHYS_s04_T3_test,109,236,116.86666666666666,-0.6194576621055603,-0.8553085871380814
UBFC_PHYS_s04_T3_test,109,237,116.9,-0.5872809290885925,-0.6758855160704765
UBFC_PHYS_s04_T3_test,109,238,116.93333333333334,-0.37515053153038025,-0.483778637947625
UBFC_PHYS_s04_T3_test,109,239,116.96666666666667,-0.17635072767734528,-0.2840193472904683
UBFC_PHYS_s04_T3_test,110,0,110.0,0.28874003887176514,0.031020453430276998
UBFC_PHYS_s04_T3_test,110,1,110.03333333333333,0.26437851786613464,-0.09332091667253227
UBFC_PHYS_s04_T3_test,110,2,110.06666666666666,0.1562230885028839,-0.21441961537807586
UBFC_PHYS_s04_T3_test,110,3,110.1,0.03379180654883385,-0.32931114838995
UBFC_PHYS_s04_T3_test,110,4,110.13333333333334,-0.06279677152633667,-0.43343291188664573
UBFC_PHYS_s04_T3_test,110,5,110.16666666666667,-0.14309236407279968,-0.5201992515802246
UBFC_PHYS_s04_T3_test,110,6,110.2,-0.22279353439807892,-0.5806808541651334
UBFC_PHYS_s04_T3_test,110,7,110.23333333333333,-0.28498363494873047,-0.6036366841519257
UBFC_PHYS_s04_T3_test,110,8,110.26666666666667,-0.2989184260368347,-0.5764157964354313
UBFC_PHYS_s04_T3_test,110,9,110.3,-0.2693922519683838,-0.48726266026158194
UBFC_PHYS_s04_T3_test,110,10,110.33333333333333,-0.2426822930574417,-0.3292824245734573
UBFC_PHYS_s04_T3_test,110,11,110.36666666666666,-0.2608754634857178,-0.10550997991428422
UBFC_PHYS_s04_T3_test,110,12,110.4,-0.3215161859989166,0.1667221821226984
UBFC_PHYS_s04_T3_test,110,13,110.43333333333334,-0.3878380060195923,0.45475063813725064
UBFC_PHYS_s04_T3_test,110,14,110.46666666666667,-0.4477965831756592,0.7149673004909105
UBFC_PHYS_s04_T3_test,110,15,110.5,-0.549540102481842,0.9024934385372558
UBFC_PHYS_s04_T3_test,110,16,110.53333333333333,-0.722126841545105,0.9830144286367344
UBFC_PHYS_s04_T3_test,110,17,110.56666666666666,-0.8354761600494385,0.9420198807415303
UBFC_PHYS_s04_T3_test,110,18,110.6,-0.7002404928207397,0.7878511382737081
UBFC_PHYS_s04_T3_test,110,19,110.63333333333334,-0.31762808561325073,0.5478409260392415
UBFC_PHYS_s04_T3_test,110,20,110.66666666666667,0.09340932965278625,0.2594876008101525
UBFC_PHYS_s04_T3_test,110,21,110.7,0.33469563722610474,-0.039936437396554426
UBFC_PHYS_s04_T3_test,110,22,110.73333333333333,0.37521371245384216,-0.3218278616003651
UBFC_PHYS_s04_T3_test,110,23,110.76666666666667,0.2934759259223938,-0.5702189045935514
UBFC_PHYS_s04_T3_test,110,24,110.8,0.19945992529392242,-0.7803988105956005
UBFC_PHYS_s04_T3_test,110,25,110.83333333333333,0.1753615140914917,-0.9532070473462304
UBFC_PHYS_s04_T3_test,110,26,110.86666666666666,0.23404355347156525,-1.0876231462808241
UBFC_PHYS_s04_T3_test,110,27,110.9,0.3168630003929138,-1.1750191695255576
UBFC_PHYS_s04_T3_test,110,28,110.93333333333334,0.3604603707790375,-1.197926923114625
UBFC_PHYS_s04_T3_test,110,29,110.96666666666667,0.3914385139942169,-1.1345001617926405
UBFC_PHYS_s04_T3_test,110,30,111.0,0.4932307004928589,-0.9675323736095229
UBFC_PHYS_s04_T3_test,110,31,111.03333333333333,0.6520971059799194,-0.6946881316860601
UBFC_PHYS_s04_T3_test,110,32,111.06666666666666,0.7522132396697998,-0.33543868055486953
UBFC_PHYS_s04_T3_test,110,33,111.1,0.7486466765403748,0.06906852037073895
UBFC_PHYS_s04_T3_test,110,34,111.13333333333334,0.6747922897338867,0.4642410155042231
UBFC_PHYS_s04_T3_test,110,35,111.16666666666667,0.5310397744178772,0.795904289697524
UBFC_PHYS_s04_T3_test,110,36,111.2,0.2726614475250244,1.0247691666726855
UBFC_PHYS_s04_T3_test,110,37,111.23333333333333,-0.12466530501842499,1.1360557835552771
UBFC_PHYS_s04_T3_test,110,38,111.26666666666667,-0.6077641248703003,1.1407928038736541
UBFC_PHYS_s04_T3_test,110,39,111.3,-0.9912047982215881,1.0688051965091572
UBFC_PHYS_s04_T3_test,110,40,111.33333333333333,-1.0722897052764893,0.9568103211970751
UBFC_PHYS_s04_T3_test,110,41,111.36666666666666,-0.8575769662857056,0.8365647465242575
UBFC_PHYS_s04_T3_test,110,42,111.4,-0.5519664883613586,0.7269292632833131
UBFC_PHYS_s04_T3_test,110,43,111.43333333333334,-0.2940851151943207,0.6313122091589461
UBFC_PHYS_s04_T3_test,110,44,111.46666666666667,-0.07252189517021179,0.5399266083089297
UBFC_PHYS_s04_T3_test,110,45,111.5,0.13058501482009888,0.4352087179069469
UBFC_PHYS_s04_T3_test,110,46,111.53333333333333,0.2945186197757721,0.2984294738522004
UBFC_PHYS_s04_T3_test,110,47,111.56666666666666,0.4208087623119354,0.11582771993437915
UBFC_PHYS_s04_T3_test,110,48,111.6,0.5166762471199036,-0.11674577756965873
UBFC_PHYS_s04_T3_test,110,49,111.63333333333334,0.5798505544662476,-0.39112776998181237
UBFC_PHYS_s04_T3_test,110,50,111.66666666666667,0.6139177083969116,-0.6863623210967867
UBFC_PHYS_s04_T3_test,110,51,111.7,0.6208655834197998,-0.9706968988307316
UBFC_PHYS_s04_T3_test,110,52,111.73333333333333,0.6024482846260071,-1.2060943310736556
UBFC_PHYS_s04_T3_test,110,53,111.76666666666667,0.5752900838851929,-1.354832507942669
UBFC_PHYS_s04_T3_test,110,54,111.8,0.546640932559967,-1.3871609918253878
UBFC_PHYS_s04_T3_test,110,55,111.83333333333333,0.4961540997028351,-1.2883447773853993
UBFC_PHYS_s04_T3_test,110,56,111.86666666666666,0.40538305044174194,-1.063033204034265
UBFC_PHYS_s04_T3_test,110,57,111.9,0.25275319814682007,-0.7353145006497726
UBFC_PHYS_s04_T3_test,110,58,111.93333333333334,0.003145004389807582,-0.3442081414873145
UBFC_PHYS_s04_T3_test,110,59,111.96666666666667,-0.3380430340766907,0.06412516500268726
UBFC_PHYS_s04_T3_test,110,60,112.0,-0.6971709132194519,0.4453528374090031
UBFC_PHYS_s04_T3_test,110,61,112.03333333333333,-0.958599328994751,0.764775527470428
UBFC_PHYS_s04_T3_test,110,62,112.06666666666666,-0.9986399412155151,1.0017502058367918
UBFC_PHYS_s04_T3_test,110,63,112.1,-0.7663966417312622,1.1495419842894425
UBFC_PHYS_s04_T3_test,110,64,112.13333333333334,-0.38797444105148315,1.2114419295005598
UBFC_PHYS_s04_T3_test,110,65,112.16666666666667,-0.06942310929298401,1.1956025656915963
UBFC_PHYS_s04_T3_test,110,66,112.2,0.11550036072731018,1.110980161998401
UBFC_PHYS_s04_T3_test,110,67,112.23333333333333,0.2299703061580658,0.9655324707018379
UBFC_PHYS_s04_T3_test,110,68,112.26666666666667,0.30052128434181213,0.7665661696295714
UBFC_PHYS_s04_T3_test,110,69,112.3,0.29984891414642334,0.5223690510162469
UBFC_PHYS_s04_T3_test,110,70,112.33333333333333,0.2569238841533661,0.24400183571708056
UBFC_PHYS_s04_T3_test,110,71,112.36666666666666,0.20857113599777222,-0.053771688345901215
UBFC_PHYS_s04_T3_test,110,72,112.4,0.13344994187355042,-0.3530638435988174
UBFC_PHYS_s04_T3_test,110,73,112.43333333333334,0.04768761992454529,-0.6348931374736619
UBFC_PHYS_s04_T3_test,110,74,112.46666666666667,0.03712446242570877,-0.8817236808892894
UBFC_PHYS_s04_T3_test,110,75,112.5,0.1481253206729889,-1.0791815753090108
UBFC_PHYS_s04_T3_test,110,76,112.53333333333333,0.3439432680606842,-1.2161755066093374
UBFC_PHYS_s04_T3_test,110,77,112.56666666666666,0.5326768755912781,-1.2837372824221518
UBFC_PHYS_s04_T3_test,110,78,112.6,0.6314190030097961,-1.27375116893515
UBFC_PHYS_s04_T3_test,110,79,112.63333333333334,0.6408128142356873,-1.1789121086008973
UBFC_PHYS_s04_T3_test,110,80,112.66666666666667,0.6024190783500671,-0.9946751848243796
UBFC_PHYS_s04_T3_test,110,81,112.7,0.4783506691455841,-0.7228802396274719
UBFC_PHYS_s04_T3_test,110,82,112.73333333333333,0.20115548372268677,-0.3756332726940798
UBFC_PHYS_s04_T3_test,110,83,112.76666666666667,-0.18969109654426575,0.022547398896711403
UBFC_PHYS_s04_T3_test,110,84,112.8,-0.549569308757782,0.4359682899510906
UBFC_PHYS_s04_T3_test,110,85,112.83333333333333,-0.7386342287063599,0.8227559500788164
UBFC_PHYS_s04_T3_test,110,86,112.86666666666666,-0.7195835113525391,1.1422855579677798
UBFC_PHYS_s04_T3_test,110,87,112.9,-0.5981851816177368,1.362578953395764
UBFC_PHYS_s04_T3_test,110,88,112.93333333333334,-0.5126274824142456,1.4653237253200544
UBFC_PHYS_s04_T3_test,110,89,112.96666666666667,-0.48139601945877075,1.447254032008556
UBFC_PHYS_s04_T3_test,110,90,113.0,-0.4286581873893738,1.3179900731075922
UBFC_PHYS_s04_T3_test,110,91,113.03333333333333,-0.32936060428619385,1.0955895044495176
UBFC_PHYS_s04_T3_test,110,92,113.06666666666666,-0.24087953567504883,0.8017211076133669
UBFC_PHYS_s04_T3_test,110,93,113.1,-0.18742060661315918,0.4582567341714638
UBFC_PHYS_s04_T3_test,110,94,113.13333333333334,-0.1362808793783188,0.08618769460489295
UBFC_PHYS_s04_T3_test,110,95,113.16666666666667,-0.07410052418708801,-0.2934433828168187
UBFC_PHYS_s04_T3_test,110,96,113.2,-0.013917808420956135,-0.6578310702968065
UBFC_PHYS_s04_T3_test,110,97,113.23333333333333,0.04541712626814842,-0.9813531380350553
UBFC_PHYS_s04_T3_test,110,98,113.26666666666667,0.08766001462936401,-1.236089239646832
UBFC_PHYS_s04_T3_test,110,99,113.3,0.06302563846111298,-1.3941350598092934
UBFC_PHYS_s04_T3_test,110,100,113.33333333333333,-0.03687611222267151,-1.4315347634079176
UBFC_PHYS_s04_T3_test,110,101,113.36666666666666,-0.16108091175556183,-1.333349617520578
UBFC_PHYS_s04_T3_test,110,102,113.4,-0.27015233039855957,-1.0988616054044829
UBFC_PHYS_s04_T3_test,110,103,113.43333333333334,-0.38245898485183716,-0.7453537709250149
UBFC_PHYS_s04_T3_test,110,104,113.46666666666667,-0.5353129506111145,-0.3087299059672799
UBFC_PHYS_s04_T3_test,110,105,113.5,-0.7490609884262085,0.16028312487827545
UBFC_PHYS_s04_T3_test,110,106,113.53333333333333,-1.0073906183242798,0.6043935548616571
UBFC_PHYS_s04_T3_test,110,107,113.56666666666666,-1.1901897192001343,0.970735747606634
UBFC_PHYS_s04_T3_test,110,108,113.6,-1.1399465799331665,1.2212283715081382
UBFC_PHYS_s04_T3_test,110,109,113.63333333333334,-0.8666881918907166,1.3386816933727301
UBFC_PHYS_s04_T3_test,110,110,113.66666666666667,-0.5555817484855652,1.3267523869180136
UBFC_PHYS_s04_T3_test,110,111,113.7,-0.33867645263671875,1.2044039145171772
UBFC_PHYS_s04_T3_test,110,112,113.73333333333333,-0.2190418541431427,0.9974210690551056
UBFC_PHYS_s04_T3_test,110,113,113.76666666666667,-0.18257753551006317,0.7302792708443898
UBFC_PHYS_s04_T3_test,110,114,113.8,-0.18677745759487152,0.4213589519032461
UBFC_PHYS_s04_T3_test,110,115,113.83333333333333,-0.11726915091276169,0.08308733778132399
UBFC_PHYS_s04_T3_test,110,116,113.86666666666666,0.08444429188966751,-0.27361154506357793
UBFC_PHYS_s04_T3_test,110,117,113.9,0.3507157862186432,-0.6331295547293541
UBFC_PHYS_s04_T3_test,110,118,113.93333333333334,0.6127581000328064,-0.9705354290175665
UBFC_PHYS_s04_T3_test,110,119,113.96666666666667,0.8641105890274048,-1.2511091871915014
UBFC_PHYS_s04_T3_test,110,120,114.0,1.0514507293701172,-1.4350711298300014
UBFC_PHYS_s04_T3_test,110,121,114.03333333333333,1.0531949996948242,-1.486556379014196
UBFC_PHYS_s04_T3_test,110,122,114.06666666666666,0.8557789325714111,-1.3841726145885653
UBFC_PHYS_s04_T3_test,110,123,114.1,0.573302149772644,-1.1296100755028593
UBFC_PHYS_s04_T3_test,110,124,114.13333333333334,0.3167070746421814,-0.7510777507943878
UBFC_PHYS_s04_T3_test,110,125,114.16666666666667,0.07630754262208939,-0.29970095825682086
UBFC_PHYS_s04_T3_test,110,126,114.2,-0.21823306381702423,0.16090565930284326
UBFC_PHYS_s04_T3_test,110,127,114.23333333333333,-0.5269131064414978,0.5692228537436655
UBFC_PHYS_s04_T3_test,110,128,114.26666666666667,-0.6684243083000183,0.8798330814738311
UBFC_PHYS_s04_T3_test,110,129,114.3,-0.5146641135215759,1.071824490541145
UBFC_PHYS_s04_T3_test,110,130,114.33333333333333,-0.15205740928649902,1.1487867342987048
UBFC_PHYS_s04_T3_test,110,131,114.36666666666666,0.21882246434688568,1.1312032606375753
UBFC_PHYS_s04_T3_test,110,132,114.4,0.4609273076057434,1.045109570505379
UBFC_PHYS_s04_T3_test,110,133,114.43333333333334,0.5682934522628784,0.9119359237770339
UBFC_PHYS_s04_T3_test,110,134,114.46666666666667,0.5908814668655396,0.7431532105225539
UBFC_PHYS_s04_T3_test,110,135,114.5,0.5674846172332764,0.5407888420937339
UBFC_PHYS_s04_T3_test,110,136,114.53333333333333,0.5216362476348877,0.30255331657548323
UBFC_PHYS_s04_T3_test,110,137,114.56666666666666,0.46450358629226685,0.02897281826530138
UBFC_PHYS_s04_T3_test,110,138,114.6,0.38854435086250305,-0.27033151223033225
UBFC_PHYS_s04_T3_test,110,139,114.63333333333334,0.2802427411079407,-0.5734641910866364
UBFC_PHYS_s04_T3_test,110,140,114.66666666666667,0.12985417246818542,-0.8473103017138516
UBFC_PHYS_s04_T3_test,110,141,114.7,-0.06496007740497589,-1.052699440061795
UBFC_PHYS_s04_T3_test,110,142,114.73333333333333,-0.29744699597358704,-1.152432309493813
UBFC_PHYS_s04_T3_test,110,143,114.76666666666667,-0.5515182018280029,-1.120167449191156
UBFC_PHYS_s04_T3_test,110,144,114.8,-0.8241919279098511,-0.947913737479336
UBFC_PHYS_s04_T3_test,110,145,114.83333333333333,-1.120622992515564,-0.6501531842265944
UBFC_PHYS_s04_T3_test,110,146,114.86666666666666,-1.3583427667617798,-0.26334442361996574
UBFC_PHYS_s04_T3_test,110,147,114.9,-1.3438525199890137,0.1594691086959643
UBFC_PHYS_s04_T3_test,110,148,114.93333333333334,-0.9480069279670715,0.5581631114349533
UBFC_PHYS_s04_T3_test,110,149,114.96666666666667,-0.26957741379737854,0.8772437167231476
UBFC_PHYS_s04_T3_test,110,150,115.0,0.43388602137565613,1.0768723300331793
UBFC_PHYS_s04_T3_test,110,151,115.03333333333333,0.951168954372406,1.1400405740675819
UBFC_PHYS_s04_T3_test,110,152,115.06666666666666,1.265267014503479,1.0736867463661814
UBFC_PHYS_s04_T3_test,110,153,115.1,1.4502002000808716,0.9036269944915836
UBFC_PHYS_s04_T3_test,110,154,115.13333333333334,1.5254091024398804,0.6655541832795006
UBFC_PHYS_s04_T3_test,110,155,115.16666666666667,1.4520028829574585,0.39560592273689926
UBFC_PHYS_s04_T3_test,110,156,115.2,1.2506792545318604,0.12334416259274453
UBFC_PHYS_s04_T3_test,110,157,115.23333333333333,1.0338032245635986,-0.13166675849429316
UBFC_PHYS_s04_T3_test,110,158,115.26666666666667,0.882303774356842,-0.35982608893013074
UBFC_PHYS_s04_T3_test,110,159,115.3,0.7637313604354858,-0.5587949594712724
UBFC_PHYS_s04_T3_test,110,160,115.33333333333333,0.6129432320594788,-0.7291510288094638
UBFC_PHYS_s04_T3_test,110,161,115.36666666666666,0.3739859163761139,-0.8695546207046241
UBFC_PHYS_s04_T3_test,110,162,115.4,-0.008626485243439674,-0.9727522046586723
UBFC_PHYS_s04_T3_test,110,163,115.43333333333334,-0.5144984722137451,-1.023844249414163
UBFC_PHYS_s04_T3_test,110,164,115.46666666666667,-1.0277665853500366,-1.0020172067044952
UBFC_PHYS_s04_T3_test,110,165,115.5,-1.4199774265289307,-0.8861717235161487
UBFC_PHYS_s04_T3_test,110,166,115.53333333333333,-1.5494540929794312,-0.6635489916369992
UBFC_PHYS_s04_T3_test,110,167,115.56666666666666,-1.3330262899398804,-0.33883522049878206
UBFC_PHYS_s04_T3_test,110,168,115.6,-0.8818702697753906,0.05999696238079485
UBFC_PHYS_s04_T3_test,110,169,115.63333333333334,-0.4428463280200958,0.48262772406535337
UBFC_PHYS_s04_T3_test,110,170,115.66666666666667,-0.12116698920726776,0.865426145327333
UBFC_PHYS_s04_T3_test,110,171,115.7,0.16148518025875092,1.1464579370857229
UBFC_PHYS_s04_T3_test,110,172,115.73333333333333,0.4383295774459839,1.2812937210856212
UBFC_PHYS_s04_T3_test,110,173,115.76666666666667,0.6231263875961304,1.2536174323713982
UBFC_PHYS_s04_T3_test,110,174,115.8,0.6867879033088684,1.0768083543486695
UBFC_PHYS_s04_T3_test,110,175,115.83333333333333,0.6996702551841736,0.7866771973838839
UBFC_PHYS_s04_T3_test,110,176,115.86666666666666,0.67808598279953,0.42922346043194287
UBFC_PHYS_s04_T3_test,110,177,115.9,0.5694725513458252,0.04880019354714914
UBFC_PHYS_s04_T3_test,110,178,115.93333333333334,0.3728165626525879,-0.31915551059562663
UBFC_PHYS_s04_T3_test,110,179,115.96666666666667,0.14734575152397156,-0.6494195672786578
UBFC_PHYS_s04_T3_test,110,180,116.0,-0.07682901620864868,-0.9234963147254955
UBFC_PHYS_s04_T3_test,110,181,116.03333333333333,-0.30868253111839294,-1.1242639749902887
UBFC_PHYS_s04_T3_test,110,182,116.06666666666666,-0.5574819445610046,-1.2323059563084309
UBFC_PHYS_s04_T3_test,110,183,116.1,-0.8253612518310547,-1.2267583340373127
UBFC_PHYS_s04_T3_test,110,184,116.13333333333334,-1.0421983003616333,-1.0913983520302268
UBFC_PHYS_s04_T3_test,110,185,116.16666666666667,-1.0432020425796509,-0.8238670907096355
UBFC_PHYS_s04_T3_test,110,186,116.2,-0.742483377456665,-0.44359430943793227
UBFC_PHYS_s04_T3_test,110,187,116.23333333333333,-0.2772464156150818,0.006328358431805773
UBFC_PHYS_s04_T3_test,110,188,116.26666666666667,0.13594456017017365,0.4657285879075303
UBFC_PHYS_s04_T3_test,110,189,116.3,0.43292132019996643,0.870804828136506
UBFC_PHYS_s04_T3_test,110,190,116.33333333333333,0.6614226698875427,1.1693256478617136
UBFC_PHYS_s04_T3_test,110,191,116.36666666666666,0.8205813765525818,1.331459889420287
UBFC_PHYS_s04_T3_test,110,192,116.4,0.8906646370887756,1.3524225588905452
UBFC_PHYS_s04_T3_test,110,193,116.43333333333334,0.9095789194107056,1.2472020393044245
UBFC_PHYS_s04_T3_test,110,194,116.46666666666667,0.9108262658119202,1.0410689598349474
UBFC_PHYS_s04_T3_test,110,195,116.5,0.872978150844574,0.7606674330166715
UBFC_PHYS_s04_T3_test,110,196,116.53333333333333,0.8127467632293701,0.42904541068249685
UBFC_PHYS_s04_T3_test,110,197,116.56666666666666,0.7999228239059448,0.06547675263225353
UBFC_PHYS_s04_T3_test,110,198,116.6,0.8223159313201904,-0.31102647823416607
UBFC_PHYS_s04_T3_test,110,199,116.63333333333334,0.7982760071754456,-0.6767900502200613
UBFC_PHYS_s04_T3_test,110,200,116.66666666666667,0.7067351341247559,-1.0000546579003415
UBFC_PHYS_s04_T3_test,110,201,116.7,0.5777164697647095,-1.2416708539877488
UBFC_PHYS_s04_T3_test,110,202,116.73333333333333,0.4054804742336273,-1.361000870762839
UBFC_PHYS_s04_T3_test,110,203,116.76666666666667,0.16833564639091492,-1.3259108916629496
UBFC_PHYS_s04_T3_test,110,204,116.8,-0.12380778044462204,-1.1238022687724778
UBFC_PHYS_s04_T3_test,110,205,116.83333333333333,-0.4245654344558716,-0.769711027710478
UBFC_PHYS_s04_T3_test,110,206,116.86666666666666,-0.6194576621055603,-0.3079756885417918
UBFC_PHYS_s04_T3_test,110,207,116.9,-0.5872809290885925,0.19425568504420032
UBFC_PHYS_s04_T3_test,110,208,116.93333333333334,-0.37515053153038025,0.6607932071865896
UBFC_PHYS_s04_T3_test,110,209,116.96666666666667,-0.17635072767734528,1.0237836532183426
UBFC_PHYS_s04_T3_test,110,210,117.0,-0.09597717225551605,1.2390954173406128
UBFC_PHYS_s04_T3_test,110,211,117.03333333333333,-0.0997191071510315,1.2942588248295304
UBFC_PHYS_s04_T3_test,110,212,117.06666666666666,-0.1503521054983139,1.2062449453590038
UBFC_PHYS_s04_T3_test,110,213,117.1,-0.2324114739894867,1.010540938363021
UBFC_PHYS_s04_T3_test,110,214,117.13333333333334,-0.30793219804763794,0.7465666883573472
UBFC_PHYS_s04_T3_test,110,215,117.16666666666667,-0.3529912829399109,0.44560748892728563
UBFC_PHYS_s04_T3_test,110,216,117.2,-0.3836088478565216,0.12554570181595853
UBFC_PHYS_s04_T3_test,110,217,117.23333333333333,-0.42737188935279846,-0.20677187632463628
UBFC_PHYS_s04_T3_test,110,218,117.26666666666667,-0.4915693700313568,-0.5477160555757666
UBFC_PHYS_s04_T3_test,110,219,117.3,-0.5646539926528931,-0.8875105075357498
UBFC_PHYS_s04_T3_test,110,220,117.33333333333333,-0.6373389959335327,-1.203524941243029
UBFC_PHYS_s04_T3_test,110,221,117.36666666666666,-0.6966934204101562,-1.4593664345857287
UBFC_PHYS_s04_T3_test,110,222,117.4,-0.7223120331764221,-1.6107928358234542
UBFC_PHYS_s04_T3_test,110,223,117.43333333333334,-0.7202656269073486,-1.6169943596403917
UBFC_PHYS_s04_T3_test,110,224,117.46666666666667,-0.7354379892349243,-1.4537564096797977
UBFC_PHYS_s04_T3_test,110,225,117.5,-0.8174681663513184,-1.1240690499853334
UBFC_PHYS_s04_T3_test,110,226,117.53333333333333,-0.9787122011184692,-0.6622225160367964
UBFC_PHYS_s04_T3_test,110,227,117.56666666666666,-1.1265769004821777,-0.12924789691804087
UBFC_PHYS_s04_T3_test,110,228,117.6,-1.091272234916687,0.39970950448467196
UBFC_PHYS_s04_T3_test,110,229,117.63333333333334,-0.7971798777580261,0.8525737815399854
UBFC_PHYS_s04_T3_test,110,230,117.66666666666667,-0.3707751929759979,1.1765374006417542
UBFC_PHYS_s04_T3_test,110,231,117.7,0.012772679328918457,1.3479659772400001
UBFC_PHYS_s04_T3_test,110,232,117.73333333333333,0.30419501662254333,1.3735026072852778
UBFC_PHYS_s04_T3_test,110,233,117.76666666666667,0.5340605974197388,1.2834375760039596
UBFC_PHYS_s04_T3_test,110,234,117.8,0.6971367001533508,1.1206422973921792
UBFC_PHYS_s04_T3_test,110,235,117.83333333333333,0.768515944480896,0.9287217850760677
UBFC_PHYS_s04_T3_test,110,236,117.86666666666666,0.7674829959869385,0.7421422935718657
UBFC_PHYS_s04_T3_test,110,237,117.9,0.7427414655685425,0.5799138066176467
UBFC_PHYS_s04_T3_test,110,238,117.93333333333334,0.712386965751648,0.44361810864787876
UBFC_PHYS_s04_T3_test,110,239,117.96666666666667,0.6696373820304871,0.32008351001657953
UBFC_PHYS_s04_T3_test,111,0,111.0,0.4932307004928589,0.02514843774810979
UBFC_PHYS_s04_T3_test,111,1,111.03333333333333,0.6520971059799194,0.01150582906178236
UBFC_PHYS_s04_T3_test,111,2,111.06666666666666,0.7522132396697998,0.0032231938125604678
UBFC_PHYS_s04_T3_test,111,3,111.1,0.7486466765403748,0.006723482102785543
UBFC_PHYS_s04_T3_test,111,4,111.13333333333334,0.6747922897338867,0.030398801573895462
UBFC_PHYS_s04_T3_test,111,5,111.16666666666667,0.5310397744178772,0.08302206618841268
UBFC_PHYS_s04_T3_test,111,6,111.2,0.2726614475250244,0.1703398477919905
UBFC_PHYS_s04_T3_test,111,7,111.23333333333333,-0.12466530501842499,0.29124252239005183
UBFC_PHYS_s04_T3_test,111,8,111.26666666666667,-0.6077641248703003,0.4356310675103359
UBFC_PHYS_s04_T3_test,111,9,111.3,-0.9912047982215881,0.585549678179677
UBFC_PHYS_s04_T3_test,111,10,111.33333333333333,-1.0722897052764893,0.7194451022097892
UBFC_PHYS_s04_T3_test,111,11,111.36666666666666,-0.8575769662857056,0.8177396360522076
UBFC_PHYS_s04_T3_test,111,12,111.4,-0.5519664883613586,0.8673947502949476
UBFC_PHYS_s04_T3_test,111,13,111.43333333333334,-0.2940851151943207,0.8637523649021762
UBFC_PHYS_s04_T3_test,111,14,111.46666666666667,-0.07252189517021179,0.80910316312297
UBFC_PHYS_s04_T3_test,111,15,111.5,0.13058501482009888,0.7088554901926143
UBFC_PHYS_s04_T3_test,111,16,111.53333333333333,0.2945186197757721,0.567445183496752
UBFC_PHYS_s04_T3_test,111,17,111.56666666666666,0.4208087623119354,0.3863208934951404
UBFC_PHYS_s04_T3_test,111,18,111.6,0.5166762471199036,0.16506446207390713
UBFC_PHYS_s04_T3_test,111,19,111.63333333333334,0.5798505544662476,-0.09505625245677574
UBFC_PHYS_s04_T3_test,111,20,111.66666666666667,0.6139177083969116,-0.3868366139277095
UBFC_PHYS_s04_T3_test,111,21,111.7,0.6208655834197998,-0.6939828413640503
UBFC_PHYS_s04_T3_test,111,22,111.73333333333333,0.6024482846260071,-0.9903324029351783
UBFC_PHYS_s04_T3_test,111,23,111.76666666666667,0.5752900838851929,-1.2420528443066419
UBFC_PHYS_s04_T3_test,111,24,111.8,0.546640932559967,-1.4127926410466065
UBFC_PHYS_s04_T3_test,111,25,111.83333333333333,0.4961540997028351,-1.4709428426625442
UBFC_PHYS_s04_T3_test,111,26,111.86666666666666,0.40538305044174194,-1.3971586706948005
UBFC_PHYS_s04_T3_test,111,27,111.9,0.25275319814682007,-1.1897989703218177
UBFC_PHYS_s04_T3_test,111,28,111.93333333333334,0.003145004389807582,-0.8665405390731172
UBFC_PHYS_s04_T3_test,111,29,111.96666666666667,-0.3380430340766907,-0.46169003475577275
UBFC_PHYS_s04_T3_test,111,30,112.0,-0.6971709132194519,-0.019952256130218247
UBFC_PHYS_s04_T3_test,111,31,112.03333333333333,-0.958599328994751,0.4115580544838549
UBFC_PHYS_s04_T3_test,111,32,112.06666666666666,-0.9986399412155151,0.7906527956162518
UBFC_PHYS_s04_T3_test,111,33,112.1,-0.7663966417312622,1.0848578087640852
UBFC_PHYS_s04_T3_test,111,34,112.13333333333334,-0.38797444105148315,1.2734462855796553
UBFC_PHYS_s04_T3_test,111,35,112.16666666666667,-0.06942310929298401,1.3477984529338478
UBFC_PHYS_s04_T3_test,111,36,112.2,0.11550036072731018,1.3108327027621935
UBFC_PHYS_s04_T3_test,111,37,112.23333333333333,0.2299703061580658,1.1753263559193543
UBFC_PHYS_s04_T3_test,111,38,112.26666666666667,0.30052128434181213,0.9608899532590973
UBFC_PHYS_s04_T3_test,111,39,112.3,0.29984891414642334,0.690108488574523
UBFC_PHYS_s04_T3_test,111,40,112.33333333333333,0.2569238841533661,0.38502193208728713
UBFC_PHYS_s04_T3_test,111,41,112.36666666666666,0.20857113599777222,0.06502808510674896
UBFC_PHYS_s04_T3_test,111,42,112.4,0.13344994187355042,-0.2535476129551578
UBFC_PHYS_s04_T3_test,111,43,112.43333333333334,0.04768761992454529,-0.5567471734089173
UBFC_PHYS_s04_T3_test,111,44,112.46666666666667,0.03712446242570877,-0.831724145281542
UBFC_PHYS_s04_T3_test,111,45,112.5,0.1481253206729889,-1.065221854564572
UBFC_PHYS_s04_T3_test,111,46,112.53333333333333,0.3439432680606842,-1.242077055306211
UBFC_PHYS_s04_T3_test,111,47,112.56666666666666,0.5326768755912781,-1.34442754188047
UBFC_PHYS_s04_T3_test,111,48,112.6,0.6314190030097961,-1.3526691234725705
UBFC_PHYS_s04_T3_test,111,49,112.63333333333334,0.6408128142356873,-1.2489922237573703
UBFC_PHYS_s04_T3_test,111,50,112.66666666666667,0.6024190783500671,-1.0232880608826829
UBFC_PHYS_s04_T3_test,111,51,112.7,0.4783506691455841,-0.6797978395317925
UBFC_PHYS_s04_T3_test,111,52,112.73333333333333,0.20115548372268677,-0.24187376431643418
UBFC_PHYS_s04_T3_test,111,53,112.76666666666667,-0.18969109654426575,0.24774078353592652
UBFC_PHYS_s04_T3_test,111,54,112.8,-0.549569308757782,0.7324041571471166
UBFC_PHYS_s04_T3_test,111,55,112.83333333333333,-0.7386342287063599,1.151923443912108
UBFC_PHYS_s04_T3_test,111,56,112.86666666666666,-0.7195835113525391,1.4546485433744507
UBFC_PHYS_s04_T3_test,111,57,112.9,-0.5981851816177368,1.607361900362518
UBFC_PHYS_s04_T3_test,111,58,112.93333333333334,-0.5126274824142456,1.6001272264581827
UBFC_PHYS_s04_T3_test,111,59,112.96666666666667,-0.48139601945877075,1.4453731793549898
UBFC_PHYS_s04_T3_test,111,60,113.0,-0.4286581873893738,1.1722730290923733
UBFC_PHYS_s04_T3_test,111,61,113.03333333333333,-0.32936060428619385,0.8185373057918204
UBFC_PHYS_s04_T3_test,111,62,113.06666666666666,-0.24087953567504883,0.4221609360157596
UBFC_PHYS_s04_T3_test,111,63,113.1,-0.18742060661315918,0.01544645471836016
UBFC_PHYS_s04_T3_test,111,64,113.13333333333334,-0.1362808793783188,-0.3772515882597141
UBFC_PHYS_s04_T3_test,111,65,113.16666666666667,-0.07410052418708801,-0.7379699690460706
UBFC_PHYS_s04_T3_test,111,66,113.2,-0.013917808420956135,-1.051113209952231
UBFC_PHYS_s04_T3_test,111,67,113.23333333333333,0.04541712626814842,-1.2992479185639216
UBFC_PHYS_s04_T3_test,111,68,113.26666666666667,0.08766001462936401,-1.4610234080013504
UBFC_PHYS_s04_T3_test,111,69,113.3,0.06302563846111298,-1.5126914335766994
UBFC_PHYS_s04_T3_test,111,70,113.33333333333333,-0.03687611222267151,-1.4333462965565216
UBFC_PHYS_s04_T3_test,111,71,113.36666666666666,-0.16108091175556183,-1.212525127561205
UBFC_PHYS_s04_T3_test,111,72,113.4,-0.27015233039855957,-0.857614849329027
UBFC_PHYS_s04_T3_test,111,73,113.43333333333334,-0.38245898485183716,-0.39804183535206883
UBFC_PHYS_s04_T3_test,111,74,113.46666666666667,-0.5353129506111145,0.11618726073003648
UBFC_PHYS_s04_T3_test,111,75,113.5,-0.7490609884262085,0.6222723319094369
UBFC_PHYS_s04_T3_test,111,76,113.53333333333333,-1.0073906183242798,1.0569449545591902
UBFC_PHYS_s04_T3_test,111,77,113.56666666666666,-1.1901897192001343,1.3694880749146456
UBFC_PHYS_s04_T3_test,111,78,113.6,-1.1399465799331665,1.5310984474423837
UBFC_PHYS_s04_T3_test,111,79,113.63333333333334,-0.8666881918907166,1.5376789626412248
UBFC_PHYS_s04_T3_test,111,80,113.66666666666667,-0.5555817484855652,1.405935605607889
UBFC_PHYS_s04_T3_test,111,81,113.7,-0.33867645263671875,1.1652329075313437
UBFC_PHYS_s04_T3_test,111,82,113.73333333333333,-0.2190418541431427,0.8487002416285757
UBFC_PHYS_s04_T3_test,111,83,113.76666666666667,-0.18257753551006317,0.4865565303051811
UBFC_PHYS_s04_T3_test,111,84,113.8,-0.18677745759487152,0.10322823398811638
UBFC_PHYS_s04_T3_test,111,85,113.83333333333333,-0.11726915091276169,-0.28180614981414825
UBFC_PHYS_s04_T3_test,111,86,113.86666666666666,0.08444429188966751,-0.6508719856502929
UBFC_PHYS_s04_T3_test,111,87,113.9,0.3507157862186432,-0.9846494679558678
UBFC_PHYS_s04_T3_test,111,88,113.93333333333334,0.6127581000328064,-1.2600874059440643
UBFC_PHYS_s04_T3_test,111,89,113.96666666666667,0.8641105890274048,-1.4506920307448568
UBFC_PHYS_s04_T3_test,111,90,114.0,1.0514507293701172,-1.529683315468253
UBFC_PHYS_s04_T3_test,111,91,114.03333333333333,1.0531949996948242,-1.4758153501207192
UBFC_PHYS_s04_T3_test,111,92,114.06666666666666,0.8557789325714111,-1.2804948025308656
UBFC_PHYS_s04_T3_test,111,93,114.1,0.573302149772644,-0.953740394581332
UBFC_PHYS_s04_T3_test,111,94,114.13333333333334,0.3167070746421814,-0.5263047009712446
UBFC_PHYS_s04_T3_test,111,95,114.16666666666667,0.07630754262208939,-0.04626493204111137
UBFC_PHYS_s04_T3_test,111,96,114.2,-0.21823306381702423,0.42964780683296666
UBFC_PHYS_s04_T3_test,111,97,114.23333333333333,-0.5269131064414978,0.8475102953615412
UBFC_PHYS_s04_T3_test,111,98,114.26666666666667,-0.6684243083000183,1.1665690934455388
UBFC_PHYS_s04_T3_test,111,99,114.3,-0.5146641135215759,1.3649136189663502
UBFC_PHYS_s04_T3_test,111,100,114.33333333333333,-0.15205740928649902,1.4390047294769062
UBFC_PHYS_s04_T3_test,111,101,114.36666666666666,0.21882246434688568,1.3983317552953323
UBFC_PHYS_s04_T3_test,111,102,114.4,0.4609273076057434,1.2582648743369422
UBFC_PHYS_s04_T3_test,111,103,114.43333333333334,0.5682934522628784,1.0343420015400446
UBFC_PHYS_s04_T3_test,111,104,114.46666666666667,0.5908814668655396,0.7399818099854226
UBFC_PHYS_s04_T3_test,111,105,114.5,0.5674846172332764,0.3877933164354811
UBFC_PHYS_s04_T3_test,111,106,114.53333333333333,0.5216362476348877,-0.006830455179443166
UBFC_PHYS_s04_T3_test,111,107,114.56666666666666,0.46450358629226685,-0.4218590068741305
UBFC_PHYS_s04_T3_test,111,108,114.6,0.38854435086250305,-0.8264518171323457
UBFC_PHYS_s04_T3_test,111,109,114.63333333333334,0.2802427411079407,-1.181711112981859
UBFC_PHYS_s04_T3_test,111,110,114.66666666666667,0.12985417246818542,-1.4446301960146297
UBFC_PHYS_s04_T3_test,111,111,114.7,-0.06496007740497589,-1.5746793673686235
UBFC_PHYS_s04_T3_test,111,112,114.73333333333333,-0.29744699597358704,-1.5419646882740266
UBFC_PHYS_s04_T3_test,111,113,114.76666666666667,-0.5515182018280029,-1.3354159880680248
UBFC_PHYS_s04_T3_test,111,114,114.8,-0.8241919279098511,-0.9688563166356821
UBFC_PHYS_s04_T3_test,111,115,114.83333333333333,-1.120622992515564,-0.4825871640892491
UBFC_PHYS_s04_T3_test,111,116,114.86666666666666,-1.3583427667617798,0.0611369379764113
UBFC_PHYS_s04_T3_test,111,117,114.9,-1.3438525199890137,0.5887327612228563
UBFC_PHYS_s04_T3_test,111,118,114.93333333333334,-0.9480069279670715,1.029937884804924
UBFC_PHYS_s04_T3_test,111,119,114.96666666666667,-0.26957741379737854,1.3324823477885064
UBFC_PHYS_s04_T3_test,111,120,115.0,0.43388602137565613,1.4718822775772786
UBFC_PHYS_s04_T3_test,111,121,115.03333333333333,0.951168954372406,1.4528844861031602
UBFC_PHYS_s04_T3_test,111,122,115.06666666666666,1.265267014503479,1.3028293022051003
UBFC_PHYS_s04_T3_test,111,123,115.1,1.4502002000808716,1.060641664465234
UBFC_PHYS_s04_T3_test,111,124,115.13333333333334,1.5254091024398804,0.7659043544134169
UBFC_PHYS_s04_T3_test,111,125,115.16666666666667,1.4520028829574585,0.4510230223996278
UBFC_PHYS_s04_T3_test,111,126,115.2,1.2506792545318604,0.13761800847401826
UBFC_PHYS_s04_T3_test,111,127,115.23333333333333,1.0338032245635986,-0.1631038118934131
UBFC_PHYS_s04_T3_test,111,128,115.26666666666667,0.882303774356842,-0.44698808055171907
UBFC_PHYS_s04_T3_test,111,129,115.3,0.7637313604354858,-0.7118893114244486
UBFC_PHYS_s04_T3_test,111,130,115.33333333333333,0.6129432320594788,-0.9523952051143765
UBFC_PHYS_s04_T3_test,111,131,115.36666666666666,0.3739859163761139,-1.1557658216087472
UBFC_PHYS_s04_T3_test,111,132,115.4,-0.008626485243439674,-1.3003342084088934
UBFC_PHYS_s04_T3_test,111,133,115.43333333333334,-0.5144984722137451,-1.3573209722356592
UBFC_PHYS_s04_T3_test,111,134,115.46666666666667,-1.0277665853500366,-1.2965805274964606
UBFC_PHYS_s04_T3_test,111,135,115.5,-1.4199774265289307,-1.0958191629100145
UBFC_PHYS_s04_T3_test,111,136,115.53333333333333,-1.5494540929794312,-0.7511980753522932
UBFC_PHYS_s04_T3_test,111,137,115.56666666666666,-1.3330262899398804,-0.28569874441144527
UBFC_PHYS_s04_T3_test,111,138,115.6,-0.8818702697753906,0.2487691683159567
UBFC_PHYS_s04_T3_test,111,139,115.63333333333334,-0.4428463280200958,0.7781653868532311
UBFC_PHYS_s04_T3_test,111,140,115.66666666666667,-0.12116698920726776,1.2216078969009123
UBFC_PHYS_s04_T3_test,111,141,115.7,0.16148518025875092,1.510891650878036
UBFC_PHYS_s04_T3_test,111,142,115.73333333333333,0.4383295774459839,1.6071453687670947
UBFC_PHYS_s04_T3_test,111,143,115.76666666666667,0.6231263875961304,1.5080928484718363
UBFC_PHYS_s04_T3_test,111,144,115.8,0.6867879033088684,1.243875568967222
UBFC_PHYS_s04_T3_test,111,145,115.83333333333333,0.6996702551841736,0.8647199814658916
UBFC_PHYS_s04_T3_test,111,146,115.86666666666666,0.67808598279953,0.4263783398195037
UBFC_PHYS_s04_T3_test,111,147,115.9,0.5694725513458252,-0.02135784460890984
UBFC_PHYS_s04_T3_test,111,148,115.93333333333334,0.3728165626525879,-0.4403257193472795
UBFC_PHYS_s04_T3_test,111,149,115.96666666666667,0.14734575152397156,-0.803916463941516
UBFC_PHYS_s04_T3_test,111,150,116.0,-0.07682901620864868,-1.093258910258915
UBFC_PHYS_s04_T3_test,111,151,116.03333333333333,-0.30868253111839294,-1.2925001659850541
UBFC_PHYS_s04_T3_test,111,152,116.06666666666666,-0.5574819445610046,-1.3859892183026412
UBFC_PHYS_s04_T3_test,111,153,116.1,-0.8253612518310547,-1.3592202853769557
UBFC_PHYS_s04_T3_test,111,154,116.13333333333334,-1.0421983003616333,-1.2036034582039712
UBFC_PHYS_s04_T3_test,111,155,116.16666666666667,-1.0432020425796509,-0.9231250690039815
UBFC_PHYS_s04_T3_test,111,156,116.2,-0.742483377456665,-0.5396168445622451
UBFC_PHYS_s04_T3_test,111,157,116.23333333333333,-0.2772464156150818,-0.09339593656689789
UBFC_PHYS_s04_T3_test,111,158,116.26666666666667,0.13594456017017365,0.36229891677878284
UBFC_PHYS_s04_T3_test,111,159,116.3,0.43292132019996643,0.7718594670448152
UBFC_PHYS_s04_T3_test,111,160,116.33333333333333,0.6614226698875427,1.0889795611191504
UBFC_PHYS_s04_T3_test,111,161,116.36666666666666,0.8205813765525818,1.284856315020734
UBFC_PHYS_s04_T3_test,111,162,116.4,0.8906646370887756,1.3502924700748373
UBFC_PHYS_s04_T3_test,111,163,116.43333333333334,0.9095789194107056,1.2921847720793844
UBFC_PHYS_s04_T3_test,111,164,116.46666666666667,0.9108262658119202,1.1270712422913998
UBFC_PHYS_s04_T3_test,111,165,116.5,0.872978150844574,0.8749442033450012
UBFC_PHYS_s04_T3_test,111,166,116.53333333333333,0.8127467632293701,0.555710252573328
UBFC_PHYS_s04_T3_test,111,167,116.56666666666666,0.7999228239059448,0.18912558335359367
UBFC_PHYS_s04_T3_test,111,168,116.6,0.8223159313201904,-0.20257580283172538
UBFC_PHYS_s04_T3_test,111,169,116.63333333333334,0.7982760071754456,-0.5913415101266568
UBFC_PHYS_s04_T3_test,111,170,116.66666666666667,0.7067351341247559,-0.9416837861509968
UBFC_PHYS_s04_T3_test,111,171,116.7,0.5777164697647095,-1.2126600201742797
UBFC_PHYS_s04_T3_test,111,172,116.73333333333333,0.4054804742336273,-1.3638432506697606
UBFC_PHYS_s04_T3_test,111,173,116.76666666666667,0.16833564639091492,-1.3639829589590178
UBFC_PHYS_s04_T3_test,111,174,116.8,-0.12380778044462204,-1.1999167828063018
UBFC_PHYS_s04_T3_test,111,175,116.83333333333333,-0.4245654344558716,-0.8829644871456196
UBFC_PHYS_s04_T3_test,111,176,116.86666666666666,-0.6194576621055603,-0.45045574310548275
UBFC_PHYS_s04_T3_test,111,177,116.9,-0.5872809290885925,0.03890638423386427
UBFC_PHYS_s04_T3_test,111,178,116.93333333333334,-0.37515053153038025,0.5155750319663495
UBFC_PHYS_s04_T3_test,111,179,116.96666666666667,-0.17635072767734528,0.9133395394176711
UBFC_PHYS_s04_T3_test,111,180,117.0,-0.09597717225551605,1.1830904739389239
UBFC_PHYS_s04_T3_test,111,181,117.03333333333333,-0.0997191071510315,1.301652509499968
UBFC_PHYS_s04_T3_test,111,182,117.06666666666666,-0.1503521054983139,1.2728572992674487
UBFC_PHYS_s04_T3_test,111,183,117.1,-0.2324114739894867,1.1211311738167484
UBFC_PHYS_s04_T3_test,111,184,117.13333333333334,-0.30793219804763794,0.8808131243261258
UBFC_PHYS_s04_T3_test,111,185,117.16666666666667,-0.3529912829399109,0.5857133458340922
UBFC_PHYS_s04_T3_test,111,186,117.2,-0.3836088478565216,0.26252017480081846
UBFC_PHYS_s04_T3_test,111,187,117.23333333333333,-0.42737188935279846,-0.07052471867909131
UBFC_PHYS_s04_T3_test,111,188,117.26666666666667,-0.4915693700313568,-0.4004067044914466
UBFC_PHYS_s04_T3_test,111,189,117.3,-0.5646539926528931,-0.7137657793038279
UBFC_PHYS_s04_T3_test,111,190,117.33333333333333,-0.6373389959335327,-0.9917958412200806
UBFC_PHYS_s04_T3_test,111,191,117.36666666666666,-0.6966934204101562,-1.2081468990766562
UBFC_PHYS_s04_T3_test,111,192,117.4,-0.7223120331764221,-1.3312304747990293
UBFC_PHYS_s04_T3_test,111,193,117.43333333333334,-0.7202656269073486,-1.3307516239054074
UBFC_PHYS_s04_T3_test,111,194,117.46666666666667,-0.7354379892349243,-1.1867725448288142
UBFC_PHYS_s04_T3_test,111,195,117.5,-0.8174681663513184,-0.8985701486569558
UBFC_PHYS_s04_T3_test,111,196,117.53333333333333,-0.9787122011184692,-0.4902498740333047
UBFC_PHYS_s04_T3_test,111,197,117.56666666666666,-1.1265769004821777,-0.01059417177639879
UBFC_PHYS_s04_T3_test,111,198,117.6,-1.091272234916687,0.4740396857878796
UBFC_PHYS_s04_T3_test,111,199,117.63333333333334,-0.7971798777580261,0.8928062777019028
UBFC_PHYS_s04_T3_test,111,200,117.66666666666667,-0.3707751929759979,1.1859979478662783
UBFC_PHYS_s04_T3_test,111,201,117.7,0.012772679328918457,1.3182357974575156
UBFC_PHYS_s04_T3_test,111,202,117.73333333333333,0.30419501662254333,1.2847829497364145
UBFC_PHYS_s04_T3_test,111,203,117.76666666666667,0.5340605974197388,1.109086800854396
UBFC_PHYS_s04_T3_test,111,204,117.8,0.6971367001533508,0.8331217293158295
UBFC_PHYS_s04_T3_test,111,205,117.83333333333333,0.768515944480896,0.5047433383507505
UBFC_PHYS_s04_T3_test,111,206,117.86666666666666,0.7674829959869385,0.1667613636723209
UBFC_PHYS_s04_T3_test,111,207,117.9,0.7427414655685425,-0.14917766273590768
UBFC_PHYS_s04_T3_test,111,208,117.93333333333334,0.712386965751648,-0.42343730711501637
UBFC_PHYS_s04_T3_test,111,209,117.96666666666667,0.6696373820304871,-0.6455957094583721
UBFC_PHYS_s04_T3_test,111,210,118.0,0.6231750845909119,-0.8102319690433318
UBFC_PHYS_s04_T3_test,111,211,118.03333333333333,0.5627682209014893,-0.9130719202068157
UBFC_PHYS_s04_T3_test,111,212,118.06666666666666,0.43073850870132446,-0.9486711519034589
UBFC_PHYS_s04_T3_test,111,213,118.1,0.21217665076255798,-0.9103165269327387
UBFC_PHYS_s04_T3_test,111,214,118.13333333333334,-0.00997124146670103,-0.792265503198373
UBFC_PHYS_s04_T3_test,111,215,118.16666666666667,-0.16409200429916382,-0.59365294665258
UBFC_PHYS_s04_T3_test,111,216,118.2,-0.2904113829135895,-0.3225348699294623
UBFC_PHYS_s04_T3_test,111,217,118.23333333333333,-0.4755200147628784,0.0017480304506063134
UBFC_PHYS_s04_T3_test,111,218,118.26666666666667,-0.737805962562561,0.3490366275719053
UBFC_PHYS_s04_T3_test,111,219,118.3,-0.9778156876564026,0.6817385680175271
UBFC_PHYS_s04_T3_test,111,220,118.33333333333333,-1.0365270376205444,0.9604444661816176
UBFC_PHYS_s04_T3_test,111,221,118.36666666666666,-0.8564660549163818,1.150542688032946
UBFC_PHYS_s04_T3_test,111,222,118.4,-0.5610289573669434,1.2281526201704704
UBFC_PHYS_s04_T3_test,111,223,118.43333333333334,-0.3057396709918976,1.1837828720064592
UBFC_PHYS_s04_T3_test,111,224,118.46666666666667,-0.1322271227836609,1.023034786183806
UBFC_PHYS_s04_T3_test,111,225,118.5,-0.020553888753056526,0.764856151643201
UBFC_PHYS_s04_T3_test,111,226,118.53333333333333,0.02531399391591549,0.4385066441490976
UBFC_PHYS_s04_T3_test,111,227,118.56666666666666,0.011778729036450386,0.08018939680441109
UBFC_PHYS_s04_T3_test,111,228,118.6,-0.018887560814619064,-0.270505390289231
UBFC_PHYS_s04_T3_test,111,229,118.63333333333334,-0.016831446439027786,-0.5748352814787023
UBFC_PHYS_s04_T3_test,111,230,118.66666666666667,0.03898568078875542,-0.8001433161370635
UBFC_PHYS_s04_T3_test,111,231,118.7,0.1344146579504013,-0.9255614471220441
UBFC_PHYS_s04_T3_test,111,232,118.73333333333333,0.2358657866716385,-0.946680560081624
UBFC_PHYS_s04_T3_test,111,233,118.76666666666667,0.30184656381607056,-0.8772724094328748
UBFC_PHYS_s04_T3_test,111,234,118.8,0.304497092962265,-0.7466418040234858
UBFC_PHYS_s04_T3_test,111,235,118.83333333333333,0.26847127079963684,-0.592416210142698
UBFC_PHYS_s04_T3_test,111,236,118.86666666666666,0.24859225749969482,-0.45013819693382173
UBFC_PHYS_s04_T3_test,111,237,118.9,0.2439245879650116,-0.3426166495781269
UBFC_PHYS_s04_T3_test,111,238,118.93333333333334,0.1948702186346054,-0.27302455657244035
UBFC_PHYS_s04_T3_test,111,239,118.96666666666667,0.09599165618419647,-0.22507731558149197
UBFC_PHYS_s04_T3_test,112,0,112.0,-0.6971709132194519,0.13989534925018665
UBFC_PHYS_s04_T3_test,112,1,112.03333333333333,-0.958599328994751,0.009142976461588273
UBFC_PHYS_s04_T3_test,112,2,112.06666666666666,-0.9986399412155151,-0.0792614049130152
UBFC_PHYS_s04_T3_test,112,3,112.1,-0.7663966417312622,-0.089374201257367
UBFC_PHYS_s04_T3_test,112,4,112.13333333333334,-0.38797444105148315,-0.0017703588116333678
UBFC_PHYS_s04_T3_test,112,5,112.16666666666667,-0.06942310929298401,0.1809821561326075
UBFC_PHYS_s04_T3_test,112,6,112.2,0.11550036072731018,0.43298389253614483
UBFC_PHYS_s04_T3_test,112,7,112.23333333333333,0.2299703061580658,0.7093758019635696
UBFC_PHYS_s04_T3_test,112,8,112.26666666666667,0.30052128434181213,0.9561653874584192
UBFC_PHYS_s04_T3_test,112,9,112.3,0.29984891414642334,1.122860972984149
UBFC_PHYS_s04_T3_test,112,10,112.33333333333333,0.2569238841533661,1.1738120903694202
UBFC_PHYS_s04_T3_test,112,11,112.36666666666666,0.20857113599777222,1.0946811642935694
UBFC_PHYS_s04_T3_test,112,12,112.4,0.13344994187355042,0.8928314849233285
UBFC_PHYS_s04_T3_test,112,13,112.43333333333334,0.04768761992454529,0.5929151331742833
UBFC_PHYS_s04_T3_test,112,14,112.46666666666667,0.03712446242570877,0.23002671142803358
UBFC_PHYS_s04_T3_test,112,15,112.5,0.1481253206729889,-0.15737583177911446
UBFC_PHYS_s04_T3_test,112,16,112.53333333333333,0.3439432680606842,-0.53313617649331
UBFC_PHYS_s04_T3_test,112,17,112.56666666666666,0.5326768755912781,-0.8666654132606126
UBFC_PHYS_s04_T3_test,112,18,112.6,0.6314190030097961,-1.1336444297801507
UBFC_PHYS_s04_T3_test,112,19,112.63333333333334,0.6408128142356873,-1.3149220784730966
UBFC_PHYS_s04_T3_test,112,20,112.66666666666667,0.6024190783500671,-1.39513400154171
UBFC_PHYS_s04_T3_test,112,21,112.7,0.4783506691455841,-1.3627087102895228
UBFC_PHYS_s04_T3_test,112,22,112.73333333333333,0.20115548372268677,-1.2121631741393213
UBFC_PHYS_s04_T3_test,112,23,112.76666666666667,-0.18969109654426575,-0.948184717569063
UBFC_PHYS_s04_T3_test,112,24,112.8,-0.549569308757782,-0.5895941730983396
UBFC_PHYS_s04_T3_test,112,25,112.83333333333333,-0.7386342287063599,-0.17061250166702496
UBFC_PHYS_s04_T3_test,112,26,112.86666666666666,-0.7195835113525391,0.26255339713675185
UBFC_PHYS_s04_T3_test,112,27,112.9,-0.5981851816177368,0.6598346690213185
UBFC_PHYS_s04_T3_test,112,28,112.93333333333334,-0.5126274824142456,0.9775896302368744
UBFC_PHYS_s04_T3_test,112,29,112.96666666666667,-0.48139601945877075,1.1870050141137958
UBFC_PHYS_s04_T3_test,112,30,113.0,-0.4286581873893738,1.2773412564813265
UBFC_PHYS_s04_T3_test,112,31,113.03333333333333,-0.32936060428619385,1.253327337992039
UBFC_PHYS_s04_T3_test,112,32,113.06666666666666,-0.24087953567504883,1.1288226605762226
UBFC_PHYS_s04_T3_test,112,33,113.1,-0.18742060661315918,0.9203586665030817
UBFC_PHYS_s04_T3_test,112,34,113.13333333333334,-0.1362808793783188,0.6436032703494061
UBFC_PHYS_s04_T3_test,112,35,113.16666666666667,-0.07410052418708801,0.313744385061801
UBFC_PHYS_s04_T3_test,112,36,113.2,-0.013917808420956135,-0.05142884285032624
UBFC_PHYS_s04_T3_test,112,37,113.23333333333333,0.04541712626814842,-0.42816394975891653
UBFC_PHYS_s04_T3_test,112,38,113.26666666666667,0.08766001462936401,-0.7852495546154165
UBFC_PHYS_s04_T3_test,112,39,113.3,0.06302563846111298,-1.0854562149625864
UBFC_PHYS_s04_T3_test,112,40,113.33333333333333,-0.03687611222267151,-1.2899706182489312
UBFC_PHYS_s04_T3_test,112,41,113.36666666666666,-0.16108091175556183,-1.3651117358514937
UBFC_PHYS_s04_T3_test,112,42,113.4,-0.27015233039855957,-1.289953588948447
UBFC_PHYS_s04_T3_test,112,43,113.43333333333334,-0.38245898485183716,-1.0629724746680664
UBFC_PHYS_s04_T3_test,112,44,113.46666666666667,-0.5353129506111145,-0.7056661464735995
UBFC_PHYS_s04_T3_test,112,45,113.5,-0.7490609884262085,-0.26140608230386386
UBFC_PHYS_s04_T3_test,112,46,113.53333333333333,-1.0073906183242798,0.2112568369532414
UBFC_PHYS_s04_T3_test,112,47,113.56666666666666,-1.1901897192001343,0.6498544386191998
UBFC_PHYS_s04_T3_test,112,48,113.6,-1.1399465799331665,1.0007335322913622
UBFC_PHYS_s04_T3_test,112,49,113.63333333333334,-0.8666881918907166,1.2290688791689148
UBFC_PHYS_s04_T3_test,112,50,113.66666666666667,-0.5555817484855652,1.3229314058438302
UBFC_PHYS_s04_T3_test,112,51,113.7,-0.33867645263671875,1.290637527234007
UBFC_PHYS_s04_T3_test,112,52,113.73333333333333,-0.2190418541431427,1.153190982487239
UBFC_PHYS_s04_T3_test,112,53,113.76666666666667,-0.18257753551006317,0.9352697684454674
UBFC_PHYS_s04_T3_test,112,54,113.8,-0.18677745759487152,0.6583589794776536
UBFC_PHYS_s04_T3_test,112,55,113.83333333333333,-0.11726915091276169,0.33834680668662315
UBFC_PHYS_s04_T3_test,112,56,113.86666666666666,0.08444429188966751,-0.012218365752574442
UBFC_PHYS_s04_T3_test,112,57,113.9,0.3507157862186432,-0.37902965330704896
UBFC_PHYS_s04_T3_test,112,58,113.93333333333334,0.6127581000328064,-0.7409843015149621
UBFC_PHYS_s04_T3_test,112,59,113.96666666666667,0.8641105890274048,-1.0679237365396068
UBFC_PHYS_s04_T3_test,112,60,114.0,1.0514507293701172,-1.322616443126146
UBFC_PHYS_s04_T3_test,112,61,114.03333333333333,1.0531949996948242,-1.466763281166483
UBFC_PHYS_s04_T3_test,112,62,114.06666666666666,0.8557789325714111,-1.469392257446835
UBFC_PHYS_s04_T3_test,112,63,114.1,0.573302149772644,-1.3153146195090804
UBFC_PHYS_s04_T3_test,112,64,114.13333333333334,0.3167070746421814,-1.0113608780122951
UBFC_PHYS_s04_T3_test,112,65,114.16666666666667,0.07630754262208939,-0.5884924071490691
UBFC_PHYS_s04_T3_test,112,66,114.2,-0.21823306381702423,-0.0984152753868874
UBFC_PHYS_s04_T3_test,112,67,114.23333333333333,-0.5269131064414978,0.3954324111208333
UBFC_PHYS_s04_T3_test,112,68,114.26666666666667,-0.6684243083000183,0.8305043939572688
UBFC_PHYS_s04_T3_test,112,69,114.3,-0.5146641135215759,1.15750240902968
UBFC_PHYS_s04_T3_test,112,70,114.33333333333333,-0.15205740928649902,1.3483939891352468
UBFC_PHYS_s04_T3_test,112,71,114.36666666666666,0.21882246434688568,1.3978001085075882
UBFC_PHYS_s04_T3_test,112,72,114.4,0.4609273076057434,1.318357662164066
UBFC_PHYS_s04_T3_test,112,73,114.43333333333334,0.5682934522628784,1.133002337030058
UBFC_PHYS_s04_T3_test,112,74,114.46666666666667,0.5908814668655396,0.8676310819256432
UBFC_PHYS_s04_T3_test,112,75,114.5,0.5674846172332764,0.546493589796589
UBFC_PHYS_s04_T3_test,112,76,114.53333333333333,0.5216362476348877,0.19095346367003532
UBFC_PHYS_s04_T3_test,112,77,114.56666666666666,0.46450358629226685,-0.17910717741352833
UBFC_PHYS_s04_T3_test,112,78,114.6,0.38854435086250305,-0.5425718488606607
UBFC_PHYS_s04_T3_test,112,79,114.63333333333334,0.2802427411079407,-0.8745348908191956
UBFC_PHYS_s04_T3_test,112,80,114.66666666666667,0.12985417246818542,-1.145402508582699
UBFC_PHYS_s04_T3_test,112,81,114.7,-0.06496007740497589,-1.322815210212748
UBFC_PHYS_s04_T3_test,112,82,114.73333333333333,-0.29744699597358704,-1.3766214274459312
UBFC_PHYS_s04_T3_test,112,83,114.76666666666667,-0.5515182018280029,-1.2859301608344667
UBFC_PHYS_s04_T3_test,112,84,114.8,-0.8241919279098511,-1.0463500766453284
UBFC_PHYS_s04_T3_test,112,85,114.83333333333333,-1.120622992515564,-0.6751685800017961
UBFC_PHYS_s04_T3_test,112,86,114.86666666666666,-1.3583427667617798,-0.21246535393567917
UBFC_PHYS_s04_T3_test,112,87,114.9,-1.3438525199890137,0.28316364386537934
UBFC_PHYS_s04_T3_test,112,88,114.93333333333334,-0.9480069279670715,0.7444627161738793
UBFC_PHYS_s04_T3_test,112,89,114.96666666666667,-0.26957741379737854,1.109178193539334
UBFC_PHYS_s04_T3_test,112,90,115.0,0.43388602137565613,1.3333719788824885
UBFC_PHYS_s04_T3_test,112,91,115.03333333333333,0.951168954372406,1.3995012119905266
UBFC_PHYS_s04_T3_test,112,92,115.06666666666666,1.265267014503479,1.3166161965287024
UBFC_PHYS_s04_T3_test,112,93,115.1,1.4502002000808716,1.113654534085803
UBFC_PHYS_s04_T3_test,112,94,115.13333333333334,1.5254091024398804,0.8293476885768393
UBFC_PHYS_s04_T3_test,112,95,115.16666666666667,1.4520028829574585,0.5026675096761026
UBFC_PHYS_s04_T3_test,112,96,115.2,1.2506792545318604,0.1663796783635132
UBFC_PHYS_s04_T3_test,112,97,115.23333333333333,1.0338032245635986,-0.1556569286318531
UBFC_PHYS_s04_T3_test,112,98,115.26666666666667,0.882303774356842,-0.44814276047278495
UBFC_PHYS_s04_T3_test,112,99,115.3,0.7637313604354858,-0.7020717294318598
UBFC_PHYS_s04_T3_test,112,100,115.33333333333333,0.6129432320594788,-0.9115236790467381
UBFC_PHYS_s04_T3_test,112,101,115.36666666666666,0.3739859163761139,-1.0702555457005014
UBFC_PHYS_s04_T3_test,112,102,115.4,-0.008626485243439674,-1.1688625193403415
UBFC_PHYS_s04_T3_test,112,103,115.43333333333334,-0.5144984722137451,-1.1935387771567785
UBFC_PHYS_s04_T3_test,112,104,115.46666666666667,-1.0277665853500366,-1.127580467342366
UBFC_PHYS_s04_T3_test,112,105,115.5,-1.4199774265289307,-0.9562513861458151
UBFC_PHYS_s04_T3_test,112,106,115.53333333333333,-1.5494540929794312,-0.6742962505489317
UBFC_PHYS_s04_T3_test,112,107,115.56666666666666,-1.3330262899398804,-0.29370662696371885
UBFC_PHYS_s04_T3_test,112,108,115.6,-0.8818702697753906,0.1517662912129482
UBFC_PHYS_s04_T3_test,112,109,115.63333333333334,-0.4428463280200958,0.6084492836372685
UBFC_PHYS_s04_T3_test,112,110,115.66666666666667,-0.12116698920726776,1.011822028606211
UBFC_PHYS_s04_T3_test,112,111,115.7,0.16148518025875092,1.3006145757015946
UBFC_PHYS_s04_T3_test,112,112,115.73333333333333,0.4383295774459839,1.431256464171514
UBFC_PHYS_s04_T3_test,112,113,115.76666666666667,0.6231263875961304,1.3875566495656129
UBFC_PHYS_s04_T3_test,112,114,115.8,0.6867879033088684,1.1824532594855308
UBFC_PHYS_s04_T3_test,112,115,115.83333333333333,0.6996702551841736,0.851984877609484
UBFC_PHYS_s04_T3_test,112,116,115.86666666666666,0.67808598279953,0.4446003541563742
UBFC_PHYS_s04_T3_test,112,117,115.9,0.5694725513458252,0.010201436986347394
UBFC_PHYS_s04_T3_test,112,118,115.93333333333334,0.3728165626525879,-0.407515233263309
UBFC_PHYS_s04_T3_test,112,119,115.96666666666667,0.14734575152397156,-0.774013704791409
UBFC_PHYS_s04_T3_test,112,120,116.0,-0.07682901620864868,-1.063007368048049
UBFC_PHYS_s04_T3_test,112,121,116.03333333333333,-0.30868253111839294,-1.2538776493113168
UBFC_PHYS_s04_T3_test,112,122,116.06666666666666,-0.5574819445610046,-1.3297712967473925
UBFC_PHYS_s04_T3_test,112,123,116.1,-0.8253612518310547,-1.2780279130867016
UBFC_PHYS_s04_T3_test,112,124,116.13333333333334,-1.0421983003616333,-1.0935042404433504
UBFC_PHYS_s04_T3_test,112,125,116.16666666666667,-1.0432020425796509,-0.7838966178161396
UBFC_PHYS_s04_T3_test,112,126,116.2,-0.742483377456665,-0.37453990749774657
UBFC_PHYS_s04_T3_test,112,127,116.23333333333333,-0.2772464156150818,0.09059110198165775
UBFC_PHYS_s04_T3_test,112,128,116.26666666666667,0.13594456017017365,0.5539174635348348
UBFC_PHYS_s04_T3_test,112,129,116.3,0.43292132019996643,0.9549063582617217
UBFC_PHYS_s04_T3_test,112,130,116.33333333333333,0.6614226698875427,1.2428800571496919
UBFC_PHYS_s04_T3_test,112,131,116.36666666666666,0.8205813765525818,1.3870975174624944
UBFC_PHYS_s04_T3_test,112,132,116.4,0.8906646370887756,1.380536238730852
UBFC_PHYS_s04_T3_test,112,133,116.43333333333334,0.9095789194107056,1.2368762284305002
UBFC_PHYS_s04_T3_test,112,134,116.46666666666667,0.9108262658119202,0.9830803008911054
UBFC_PHYS_s04_T3_test,112,135,116.5,0.872978150844574,0.6512480883985367
UBFC_PHYS_s04_T3_test,112,136,116.53333333333333,0.8127467632293701,0.2727475447095503
UBFC_PHYS_s04_T3_test,112,137,116.56666666666666,0.7999228239059448,-0.12410160616130622
UBFC_PHYS_s04_T3_test,112,138,116.6,0.8223159313201904,-0.5131542106447635
UBFC_PHYS_s04_T3_test,112,139,116.63333333333334,0.7982760071754456,-0.8678925611911508
UBFC_PHYS_s04_T3_test,112,140,116.66666666666667,0.7067351341247559,-1.1593433879552417
UBFC_PHYS_s04_T3_test,112,141,116.7,0.5777164697647095,-1.3564119815004967
UBFC_PHYS_s04_T3_test,112,142,116.73333333333333,0.4054804742336273,-1.4295177739054112
UBFC_PHYS_s04_T3_test,112,143,116.76666666666667,0.16833564639091492,-1.3569772088476182
UBFC_PHYS_s04_T3_test,112,144,116.8,-0.12380778044462204,-1.1323915793765977
UBFC_PHYS_s04_T3_test,112,145,116.83333333333333,-0.4245654344558716,-0.7705834798831864
UBFC_PHYS_s04_T3_test,112,146,116.86666666666666,-0.6194576621055603,-0.30950294029018743
UBFC_PHYS_s04_T3_test,112,147,116.9,-0.5872809290885925,0.19370746525931287
UBFC_PHYS_s04_T3_test,112,148,116.93333333333334,-0.37515053153038025,0.6725254315617327
UBFC_PHYS_s04_T3_test,112,149,116.96666666666667,-0.17635072767734528,1.0644395041889867
UBFC_PHYS_s04_T3_test,112,150,117.0,-0.09597717225551605,1.3237062353010325
UBFC_PHYS_s04_T3_test,112,151,117.03333333333333,-0.0997191071510315,1.4290704022807132
UBFC_PHYS_s04_T3_test,112,152,117.06666666666666,-0.1503521054983139,1.3840953042707274
UBFC_PHYS_s04_T3_test,112,153,117.1,-0.2324114739894867,1.2109357352193009
UBFC_PHYS_s04_T3_test,112,154,117.13333333333334,-0.30793219804763794,0.9409402601366794
UBFC_PHYS_s04_T3_test,112,155,117.16666666666667,-0.3529912829399109,0.6061595503413432
UBFC_PHYS_s04_T3_test,112,156,117.2,-0.3836088478565216,0.23452931161730886
UBFC_PHYS_s04_T3_test,112,157,117.23333333333333,-0.42737188935279846,-0.15065758179208294
UBFC_PHYS_s04_T3_test,112,158,117.26666666666667,-0.4915693700313568,-0.5280770027554376
UBFC_PHYS_s04_T3_test,112,159,117.3,-0.5646539926528931,-0.8745097126332843
UBFC_PHYS_s04_T3_test,112,160,117.33333333333333,-0.6373389959335327,-1.1620920919339395
UBFC_PHYS_s04_T3_test,112,161,117.36666666666666,-0.6966934204101562,-1.3585902232849798
UBFC_PHYS_s04_T3_test,112,162,117.4,-0.7223120331764221,-1.4315246534467323
UBFC_PHYS_s04_T3_test,112,163,117.43333333333334,-0.7202656269073486,-1.3555716729463494
UBFC_PHYS_s04_T3_test,112,164,117.46666666666667,-0.7354379892349243,-1.121386336927756
UBFC_PHYS_s04_T3_test,112,165,117.5,-0.8174681663513184,-0.7430559987436648
UBFC_PHYS_s04_T3_test,112,166,117.53333333333333,-0.9787122011184692,-0.2610486210751601
UBFC_PHYS_s04_T3_test,112,167,117.56666666666666,-1.1265769004821777,0.26177622989308313
UBFC_PHYS_s04_T3_test,112,168,117.6,-1.091272234916687,0.7514956718285337
UBFC_PHYS_s04_T3_test,112,169,117.63333333333334,-0.7971798777580261,1.1391507092951434
UBFC_PHYS_s04_T3_test,112,170,117.66666666666667,-0.3707751929759979,1.3760522977280505
UBFC_PHYS_s04_T3_test,112,171,117.7,0.012772679328918457,1.4426277620536596
UBFC_PHYS_s04_T3_test,112,172,117.73333333333333,0.30419501662254333,1.34812809692284
UBFC_PHYS_s04_T3_test,112,173,117.76666666666667,0.5340605974197388,1.1227797919832534
UBFC_PHYS_s04_T3_test,112,174,117.8,0.6971367001533508,0.8066103145672922
UBFC_PHYS_s04_T3_test,112,175,117.83333333333333,0.768515944480896,0.4393812108358564
UBFC_PHYS_s04_T3_test,112,176,117.86666666666666,0.7674829959869385,0.05450097158503227
UBFC_PHYS_s04_T3_test,112,177,117.9,0.7427414655685425,-0.32239177438724376
UBFC_PHYS_s04_T3_test,112,178,117.93333333333334,0.712386965751648,-0.6712619824536419
UBFC_PHYS_s04_T3_test,112,179,117.96666666666667,0.6696373820304871,-0.9739420473258898
UBFC_PHYS_s04_T3_test,112,180,118.0,0.6231750845909119,-1.2109366660610752
UBFC_PHYS_s04_T3_test,112,181,118.03333333333333,0.5627682209014893,-1.360381570878688
UBFC_PHYS_s04_T3_test,112,182,118.06666666666666,0.43073850870132446,-1.3999534562353615
UBFC_PHYS_s04_T3_test,112,183,118.1,0.21217665076255798,-1.3116017378726992
UBFC_PHYS_s04_T3_test,112,184,118.13333333333334,-0.00997124146670103,-1.0880346426733674
UBFC_PHYS_s04_T3_test,112,185,118.16666666666667,-0.16409200429916382,-0.7389718404059612
UBFC_PHYS_s04_T3_test,112,186,118.2,-0.2904113829135895,-0.29453823517344574
UBFC_PHYS_s04_T3_test,112,187,118.23333333333333,-0.4755200147628784,0.1965074299173582
UBFC_PHYS_s04_T3_test,112,188,118.26666666666667,-0.737805962562561,0.6743510698993861
UBFC_PHYS_s04_T3_test,112,189,118.3,-0.9778156876564026,1.0796913983686494
UBFC_PHYS_s04_T3_test,112,190,118.33333333333333,-1.0365270376205444,1.3654573786992592
UBFC_PHYS_s04_T3_test,112,191,118.36666666666666,-0.8564660549163818,1.504625287524555
UBFC_PHYS_s04_T3_test,112,192,118.4,-0.5610289573669434,1.4920763122696312
UBFC_PHYS_s04_T3_test,112,193,118.43333333333334,-0.3057396709918976,1.3412047625749766
UBFC_PHYS_s04_T3_test,112,194,118.46666666666667,-0.1322271227836609,1.077763478592459
UBFC_PHYS_s04_T3_test,112,195,118.5,-0.020553888753056526,0.7336481916424896
UBFC_PHYS_s04_T3_test,112,196,118.53333333333333,0.02531399391591549,0.3423805113768347
UBFC_PHYS_s04_T3_test,112,197,118.56666666666666,0.011778729036450386,-0.06324682455083765
UBFC_PHYS_s04_T3_test,112,198,118.6,-0.018887560814619064,-0.4518463817247507
UBFC_PHYS_s04_T3_test,112,199,118.63333333333334,-0.016831446439027786,-0.7933168120094782
UBFC_PHYS_s04_T3_test,112,200,118.66666666666667,0.03898568078875542,-1.0588203394734188
UBFC_PHYS_s04_T3_test,112,201,118.7,0.1344146579504013,-1.221614698385936
UBFC_PHYS_s04_T3_test,112,202,118.73333333333333,0.2358657866716385,-1.2593364060718295
UBFC_PHYS_s04_T3_test,112,203,118.76666666666667,0.30184656381607056,-1.1580097286200268
UBFC_PHYS_s04_T3_test,112,204,118.8,0.304497092962265,-0.9173584126217625
UBFC_PHYS_s04_T3_test,112,205,118.83333333333333,0.26847127079963684,-0.5558696326118663
UBFC_PHYS_s04_T3_test,112,206,118.86666666666666,0.24859225749969482,-0.11297032101744976
UBFC_PHYS_s04_T3_test,112,207,118.9,0.2439245879650116,0.35425168477616165
UBFC_PHYS_s04_T3_test,112,208,118.93333333333334,0.1948702186346054,0.7804558357424587
UBFC_PHYS_s04_T3_test,112,209,118.96666666666667,0.09599165618419647,1.1053541517865302
UBFC_PHYS_s04_T3_test,112,210,119.0,0.0015176545130088925,1.2864002616264592
UBFC_PHYS_s04_T3_test,112,211,119.03333333333333,-0.0959576815366745,1.3061899211654417
UBFC_PHYS_s04_T3_test,112,212,119.06666666666666,-0.27102935314178467,1.1722379952765163
UBFC_PHYS_s04_T3_test,112,213,119.1,-0.5211540460586548,0.9102542680390228
UBFC_PHYS_s04_T3_test,112,214,119.13333333333334,-0.7001527547836304,0.5546505349316384
UBFC_PHYS_s04_T3_test,112,215,119.16666666666667,-0.6333436965942383,0.14056030882983178
UBFC_PHYS_s04_T3_test,112,216,119.2,-0.31794965267181396,-0.299918766697198
UBFC_PHYS_s04_T3_test,112,217,119.23333333333333,0.04903237521648407,-0.7371262088623542
UBFC_PHYS_s04_T3_test,112,218,119.26666666666667,0.2967403829097748,-1.1408951663029894
UBFC_PHYS_s04_T3_test,112,219,119.3,0.46379223465919495,-1.4781360025696482
UBFC_PHYS_s04_T3_test,112,220,119.33333333333333,0.6574273705482483,-1.713278021130727
UBFC_PHYS_s04_T3_test,112,221,119.36666666666666,0.87546306848526,-1.812480497078068
UBFC_PHYS_s04_T3_test,112,222,119.4,1.0698387622833252,-1.7509191933480406
UBFC_PHYS_s04_T3_test,112,223,119.43333333333334,1.239365816116333,-1.5210711185901749
UBFC_PHYS_s04_T3_test,112,224,119.46666666666667,1.3762677907943726,-1.1390536427549365
UBFC_PHYS_s04_T3_test,112,225,119.5,1.4453766345977783,-0.6461154075729129
UBFC_PHYS_s04_T3_test,112,226,119.53333333333333,1.4592431783676147,-0.10355849981347316
UBFC_PHYS_s04_T3_test,112,227,119.56666666666666,1.4643006324768066,0.4185098347630073
UBFC_PHYS_s04_T3_test,112,228,119.6,1.458999514579773,0.8558081362656457
UBFC_PHYS_s04_T3_test,112,229,119.63333333333334,1.4081424474716187,1.1634585522046619
UBFC_PHYS_s04_T3_test,112,230,119.66666666666667,1.258036494255066,1.3240768789430033
UBFC_PHYS_s04_T3_test,112,231,119.7,0.9315627813339233,1.3479062946970057
UBFC_PHYS_s04_T3_test,112,232,119.73333333333333,0.42351776361465454,1.2657528136358052
UBFC_PHYS_s04_T3_test,112,233,119.76666666666667,-0.10387030988931656,1.1181295283793995
UBFC_PHYS_s04_T3_test,112,234,119.8,-0.4713980555534363,0.9446103898905688
UBFC_PHYS_s04_T3_test,112,235,119.83333333333333,-0.7109107971191406,0.7761799622037242
UBFC_PHYS_s04_T3_test,112,236,119.86666666666666,-0.9799400568008423,0.6315055927604195
UBFC_PHYS_s04_T3_test,112,237,119.9,-1.3415722846984863,0.516540960403855
UBFC_PHYS_s04_T3_test,112,238,119.93333333333334,-1.6776833534240723,0.4262550435660125
UBFC_PHYS_s04_T3_test,112,239,119.96666666666667,-1.7849228382110596,0.347644134941199
UBFC_PHYS_s04_T3_test,113,0,113.0,-0.4286581873893738,-0.1024187371059718
UBFC_PHYS_s04_T3_test,113,1,113.03333333333333,-0.32936060428619385,-0.18182657165326901
UBFC_PHYS_s04_T3_test,113,2,113.06666666666666,-0.24087953567504883,-0.2795574301542581
UBFC_PHYS_s04_T3_test,113,3,113.1,-0.18742060661315918,-0.4111011284149304
UBFC_PHYS_s04_T3_test,113,4,113.13333333333334,-0.1362808793783188,-0.5816630324049625
UBFC_PHYS_s04_T3_test,113,5,113.16666666666667,-0.07410052418708801,-0.7838790185275638
UBFC_PHYS_s04_T3_test,113,6,113.2,-0.013917808420956135,-0.9979266500098248
UBFC_PHYS_s04_T3_test,113,7,113.23333333333333,0.04541712626814842,-1.193888254370339
UBFC_PHYS_s04_T3_test,113,8,113.26666666666667,0.08766001462936401,-1.3359417986039468
UBFC_PHYS_s04_T3_test,113,9,113.3,0.06302563846111298,-1.3879312940377868
UBFC_PHYS_s04_T3_test,113,10,113.33333333333333,-0.03687611222267151,-1.3200742524625928
UBFC_PHYS_s04_T3_test,113,11,113.36666666666666,-0.16108091175556183,-1.1163654782910672
UBFC_PHYS_s04_T3_test,113,12,113.4,-0.27015233039855957,-0.7812689563617766
UBFC_PHYS_s04_T3_test,113,13,113.43333333333334,-0.38245898485183716,-0.34322931067996504
UBFC_PHYS_s04_T3_test,113,14,113.46666666666667,-0.5353129506111145,0.14752813553668792
UBFC_PHYS_s04_T3_test,113,15,113.5,-0.7490609884262085,0.6278454932638333
UBFC_PHYS_s04_T3_test,113,16,113.53333333333333,-1.0073906183242798,1.0352068233698046
UBFC_PHYS_s04_T3_test,113,17,113.56666666666666,-1.1901897192001343,1.321681447826242
UBFC_PHYS_s04_T3_test,113,18,113.6,-1.1399465799331665,1.4634700417018092
UBFC_PHYS_s04_T3_test,113,19,113.63333333333334,-0.8666881918907166,1.4630398533906543
UBFC_PHYS_s04_T3_test,113,20,113.66666666666667,-0.5555817484855652,1.3437535165928367
UBFC_PHYS_s04_T3_test,113,21,113.7,-0.33867645263671875,1.1395504327853465
UBFC_PHYS_s04_T3_test,113,22,113.73333333333333,-0.2190418541431427,0.883574760603024
UBFC_PHYS_s04_T3_test,113,23,113.76666666666667,-0.18257753551006317,0.599613066153429
UBFC_PHYS_s04_T3_test,113,24,113.8,-0.18677745759487152,0.2991498278427606
UBFC_PHYS_s04_T3_test,113,25,113.83333333333333,-0.11726915091276169,-0.015165847690840006
UBFC_PHYS_s04_T3_test,113,26,113.86666666666666,0.08444429188966751,-0.3414526773676914
UBFC_PHYS_s04_T3_test,113,27,113.9,0.3507157862186432,-0.6697180650491097
UBFC_PHYS_s04_T3_test,113,28,113.93333333333334,0.6127581000328064,-0.9762447182043074
UBFC_PHYS_s04_T3_test,113,29,113.96666666666667,0.8641105890274048,-1.2239843798797878
UBFC_PHYS_s04_T3_test,113,30,114.0,1.0514507293701172,-1.3694774906288585
UBFC_PHYS_s04_T3_test,113,31,114.03333333333333,1.0531949996948242,-1.3744856361802977
UBFC_PHYS_s04_T3_test,113,32,114.06666666666666,0.8557789325714111,-1.2187500634409174
UBFC_PHYS_s04_T3_test,113,33,114.1,0.573302149772644,-0.9095547109602494
UBFC_PHYS_s04_T3_test,113,34,114.13333333333334,0.3167070746421814,-0.48435228301982924
UBFC_PHYS_s04_T3_test,113,35,114.16666666666667,0.07630754262208939,-0.004645306237831026
UBFC_PHYS_s04_T3_test,113,36,114.2,-0.21823306381702423,0.45777261671084035
UBFC_PHYS_s04_T3_test,113,37,114.23333333333333,-0.5269131064414978,0.8381154786712269
UBFC_PHYS_s04_T3_test,113,38,114.26666666666667,-0.6684243083000183,1.0935216393167648
UBFC_PHYS_s04_T3_test,113,39,114.3,-0.5146641135215759,1.2102713863301853
UBFC_PHYS_s04_T3_test,113,40,114.33333333333333,-0.15205740928649902,1.201195134509216
UBFC_PHYS_s04_T3_test,113,41,114.36666666666666,0.21882246434688568,1.0952849437840808
UBFC_PHYS_s04_T3_test,113,42,114.4,0.4609273076057434,0.9243930764231254
UBFC_PHYS_s04_T3_test,113,43,114.43333333333334,0.5682934522628784,0.7124045639777937
UBFC_PHYS_s04_T3_test,113,44,114.46666666666667,0.5908814668655396,0.4705325838723998
UBFC_PHYS_s04_T3_test,113,45,114.5,0.5674846172332764,0.19957371971085405
UBFC_PHYS_s04_T3_test,113,46,114.53333333333333,0.5216362476348877,-0.10258384110369471
UBFC_PHYS_s04_T3_test,113,47,114.56666666666666,0.46450358629226685,-0.43149920667554664
UBFC_PHYS_s04_T3_test,113,48,114.6,0.38854435086250305,-0.7685403481030635
UBFC_PHYS_s04_T3_test,113,49,114.63333333333334,0.2802427411079407,-1.0782421026932678
UBFC_PHYS_s04_T3_test,113,50,114.66666666666667,0.12985417246818542,-1.3123395437785303
UBFC_PHYS_s04_T3_test,113,51,114.7,-0.06496007740497589,-1.420085799911673
UBFC_PHYS_s04_T3_test,113,52,114.73333333333333,-0.29744699597358704,-1.362293978638688
UBFC_PHYS_s04_T3_test,113,53,114.76666666666667,-0.5515182018280029,-1.1249133567520155
UBFC_PHYS_s04_T3_test,113,54,114.8,-0.8241919279098511,-0.7274974713630741
UBFC_PHYS_s04_T3_test,113,55,114.83333333333333,-1.120622992515564,-0.22304615802981753
UBFC_PHYS_s04_T3_test,113,56,114.86666666666666,-1.3583427667617798,0.31172173838158335
UBFC_PHYS_s04_T3_test,113,57,114.9,-1.3438525199890137,0.7934324177851447
UBFC_PHYS_s04_T3_test,113,58,114.93333333333334,-0.9480069279670715,1.1515794066215286
UBFC_PHYS_s04_T3_test,113,59,114.96666666666667,-0.26957741379737854,1.3443979261825725
UBFC_PHYS_s04_T3_test,113,60,115.0,0.43388602137565613,1.3658060071091769
UBFC_PHYS_s04_T3_test,113,61,115.03333333333333,0.951168954372406,1.2413173222572116
UBFC_PHYS_s04_T3_test,113,62,115.06666666666666,1.265267014503479,1.0154448557868514
UBFC_PHYS_s04_T3_test,113,63,115.1,1.4502002000808716,0.7363827958208181
UBFC_PHYS_s04_T3_test,113,64,115.13333333333334,1.5254091024398804,0.4436221067511635
UBFC_PHYS_s04_T3_test,113,65,115.16666666666667,1.4520028829574585,0.16159439292857414
UBFC_PHYS_s04_T3_test,113,66,115.2,1.2506792545318604,-0.1003753499508793
UBFC_PHYS_s04_T3_test,113,67,115.23333333333333,1.0338032245635986,-0.34339506640121836
UBFC_PHYS_s04_T3_test,113,68,115.26666666666667,0.882303774356842,-0.571921363167382
UBFC_PHYS_s04_T3_test,113,69,115.3,0.7637313604354858,-0.7865340651925129
UBFC_PHYS_s04_T3_test,113,70,115.33333333333333,0.6129432320594788,-0.9785273431516052
UBFC_PHYS_s04_T3_test,113,71,115.36666666666666,0.3739859163761139,-1.1278510539805022
UBFC_PHYS_s04_T3_test,113,72,115.4,-0.008626485243439674,-1.205325548397545
UBFC_PHYS_s04_T3_test,113,73,115.43333333333334,-0.5144984722137451,-1.1791964124314396
UBFC_PHYS_s04_T3_test,113,74,115.46666666666667,-1.0277665853500366,-1.0249596456192764
UBFC_PHYS_s04_T3_test,113,75,115.5,-1.4199774265289307,-0.7359958936886416
UBFC_PHYS_s04_T3_test,113,76,115.53333333333333,-1.5494540929794312,-0.33135020138323124
UBFC_PHYS_s04_T3_test,113,77,115.56666666666666,-1.3330262899398804,0.1429881285914448
UBFC_PHYS_s04_T3_test,113,78,115.6,-0.8818702697753906,0.6210772952661024
UBFC_PHYS_s04_T3_test,113,79,115.63333333333334,-0.4428463280200958,1.0310032265735989
UBFC_PHYS_s04_T3_test,113,80,115.66666666666667,-0.12116698920726776,1.3117057113089714
UBFC_PHYS_s04_T3_test,113,81,115.7,0.16148518025875092,1.4270723890247545
UBFC_PHYS_s04_T3_test,113,82,115.73333333333333,0.4383295774459839,1.3724432969113394
UBFC_PHYS_s04_T3_test,113,83,115.76666666666667,0.6231263875961304,1.171528760011315
UBFC_PHYS_s04_T3_test,113,84,115.8,0.6867879033088684,0.8656998555860006
UBFC_PHYS_s04_T3_test,113,85,115.83333333333333,0.6996702551841736,0.5006165597997598
UBFC_PHYS_s04_T3_test,113,86,115.86666666666666,0.67808598279953,0.11559981977566361
UBFC_PHYS_s04_T3_test,113,87,115.9,0.5694725513458252,-0.260837378280434
UBFC_PHYS_s04_T3_test,113,88,115.93333333333334,0.3728165626525879,-0.6090289854201322
UBFC_PHYS_s04_T3_test,113,89,115.96666666666667,0.14734575152397156,-0.9122957256323497
UBFC_PHYS_s04_T3_test,113,90,116.0,-0.07682901620864868,-1.1510728996319843
UBFC_PHYS_s04_T3_test,113,91,116.03333333333333,-0.30868253111839294,-1.3005457415894783
UBFC_PHYS_s04_T3_test,113,92,116.06666666666666,-0.5574819445610046,-1.3336018796410694
UBFC_PHYS_s04_T3_test,113,93,116.1,-0.8253612518310547,-1.2285785464297332
UBFC_PHYS_s04_T3_test,113,94,116.13333333333334,-1.0421983003616333,-0.9791286494445349
UBFC_PHYS_s04_T3_test,113,95,116.16666666666667,-1.0432020425796509,-0.6022041823201664
UBFC_PHYS_s04_T3_test,113,96,116.2,-0.742483377456665,-0.14018825395864873
UBFC_PHYS_s04_T3_test,113,97,116.23333333333333,-0.2772464156150818,0.3449939507822506
UBFC_PHYS_s04_T3_test,113,98,116.26666666666667,0.13594456017017365,0.7847266537360142
UBFC_PHYS_s04_T3_test,113,99,116.3,0.43292132019996643,1.1193104449949058
UBFC_PHYS_s04_T3_test,113,100,116.33333333333333,0.6614226698875427,1.310737231027478
UBFC_PHYS_s04_T3_test,113,101,116.36666666666666,0.8205813765525818,1.3481964299909224
UBFC_PHYS_s04_T3_test,113,102,116.4,0.8906646370887756,1.2450830666344326
UBFC_PHYS_s04_T3_test,113,103,116.43333333333334,0.9095789194107056,1.0298836670765263
UBFC_PHYS_s04_T3_test,113,104,116.46666666666667,0.9108262658119202,0.7355196556465196
UBFC_PHYS_s04_T3_test,113,105,116.5,0.872978150844574,0.39166061172062117
UBFC_PHYS_s04_T3_test,113,106,116.53333333333333,0.8127467632293701,0.02243794884009907
UBFC_PHYS_s04_T3_test,113,107,116.56666666666666,0.7999228239059448,-0.3508686787875519
UBFC_PHYS_s04_T3_test,113,108,116.6,0.8223159313201904,-0.7048336514647882
UBFC_PHYS_s04_T3_test,113,109,116.63333333333334,0.7982760071754456,-1.0100953143930897
UBFC_PHYS_s04_T3_test,113,110,116.66666666666667,0.7067351341247559,-1.2316453197235457
UBFC_PHYS_s04_T3_test,113,111,116.7,0.5777164697647095,-1.3342077506989158
UBFC_PHYS_s04_T3_test,113,112,116.73333333333333,0.4054804742336273,-1.2913291714060915
UBFC_PHYS_s04_T3_test,113,113,116.76666666666667,0.16833564639091492,-1.0948697242668024
UBFC_PHYS_s04_T3_test,113,114,116.8,-0.12380778044462204,-0.7610003898503765
UBFC_PHYS_s04_T3_test,113,115,116.83333333333333,-0.4245654344558716,-0.3299614599068396
UBFC_PHYS_s04_T3_test,113,116,116.86666666666666,-0.6194576621055603,0.140722447540597
UBFC_PHYS_s04_T3_test,113,117,116.9,-0.5872809290885925,0.5875131726326562
UBFC_PHYS_s04_T3_test,113,118,116.93333333333334,-0.37515053153038025,0.9534021587016009
UBFC_PHYS_s04_T3_test,113,119,116.96666666666667,-0.17635072767734528,1.1984086812579517
UBFC_PHYS_s04_T3_test,113,120,117.0,-0.09597717225551605,1.3052128493437938
UBFC_PHYS_s04_T3_test,113,121,117.03333333333333,-0.0997191071510315,1.2784718602216996
UBFC_PHYS_s04_T3_test,113,122,117.06666666666666,-0.1503521054983139,1.1386430170143753
UBFC_PHYS_s04_T3_test,113,123,117.1,-0.2324114739894867,0.9131779745041211
UBFC_PHYS_s04_T3_test,113,124,117.13333333333334,-0.30793219804763794,0.6285695611980764
UBFC_PHYS_s04_T3_test,113,125,117.16666666666667,-0.3529912829399109,0.3058644296032078
UBFC_PHYS_s04_T3_test,113,126,117.2,-0.3836088478565216,-0.03942761512340039
UBFC_PHYS_s04_T3_test,113,127,117.23333333333333,-0.42737188935279846,-0.39380682600336914
UBFC_PHYS_s04_T3_test,113,128,117.26666666666667,-0.4915693700313568,-0.7405858098806041
UBFC_PHYS_s04_T3_test,113,129,117.3,-0.5646539926528931,-1.0554473845407746
UBFC_PHYS_s04_T3_test,113,130,117.33333333333333,-0.6373389959335327,-1.3050305883151383
UBFC_PHYS_s04_T3_test,113,131,117.36666666666666,-0.6966934204101562,-1.4500284098406586
UBFC_PHYS_s04_T3_test,113,132,117.4,-0.7223120331764221,-1.4529165506223092
UBFC_PHYS_s04_T3_test,113,133,117.43333333333334,-0.7202656269073486,-1.2887732886881593
UBFC_PHYS_s04_T3_test,113,134,117.46666666666667,-0.7354379892349243,-0.9561424844728786
UBFC_PHYS_s04_T3_test,113,135,117.5,-0.8174681663513184,-0.48403435104565895
UBFC_PHYS_s04_T3_test,113,136,117.53333333333333,-0.9787122011184692,0.0685173278866342
UBFC_PHYS_s04_T3_test,113,137,117.56666666666666,-1.1265769004821777,0.6219759964164083
UBFC_PHYS_s04_T3_test,113,138,117.6,-1.091272234916687,1.093213828565466
UBFC_PHYS_s04_T3_test,113,139,117.63333333333334,-0.7971798777580261,1.4147849231686989
UBFC_PHYS_s04_T3_test,113,140,117.66666666666667,-0.3707751929759979,1.5499239095744763
UBFC_PHYS_s04_T3_test,113,141,117.7,0.012772679328918457,1.497987026733763
UBFC_PHYS_s04_T3_test,113,142,117.73333333333333,0.30419501662254333,1.28909417236149
UBFC_PHYS_s04_T3_test,113,143,117.76666666666667,0.5340605974197388,0.9711742378429613
UBFC_PHYS_s04_T3_test,113,144,117.8,0.6971367001533508,0.5950410450608596
UBFC_PHYS_s04_T3_test,113,145,117.83333333333333,0.768515944480896,0.2028777098513852
UBFC_PHYS_s04_T3_test,113,146,117.86666666666666,0.7674829959869385,-0.17672083639658195
UBFC_PHYS_s04_T3_test,113,147,117.9,0.7427414655685425,-0.5269847348723788
UBFC_PHYS_s04_T3_test,113,148,117.93333333333334,0.712386965751648,-0.8368374452188012
UBFC_PHYS_s04_T3_test,113,149,117.96666666666667,0.6696373820304871,-1.0939667542380163
UBFC_PHYS_s04_T3_test,113,150,118.0,0.6231750845909119,-1.2803924276522176
UBFC_PHYS_s04_T3_test,113,151,118.03333333333333,0.5627682209014893,-1.3724920444200759
UBFC_PHYS_s04_T3_test,113,152,118.06666666666666,0.43073850870132446,-1.3457350497158675
UBFC_PHYS_s04_T3_test,113,153,118.1,0.21217665076255798,-1.1827825715350229
UBFC_PHYS_s04_T3_test,113,154,118.13333333333334,-0.00997124146670103,-0.8824162647551053
UBFC_PHYS_s04_T3_test,113,155,118.16666666666667,-0.16409200429916382,-0.46608665427054435
UBFC_PHYS_s04_T3_test,113,156,118.2,-0.2904113829135895,0.021029741508828845
UBFC_PHYS_s04_T3_test,113,157,118.23333333333333,-0.4755200147628784,0.5161786221599975
UBFC_PHYS_s04_T3_test,113,158,118.26666666666667,-0.737805962562561,0.9514070457635561
UBFC_PHYS_s04_T3_test,113,159,118.3,-0.9778156876564026,1.2684307758290039
UBFC_PHYS_s04_T3_test,113,160,118.33333333333333,-1.0365270376205444,1.430924323787997
UBFC_PHYS_s04_T3_test,113,161,118.36666666666666,-0.8564660549163818,1.430072565025071
UBFC_PHYS_s04_T3_test,113,162,118.4,-0.5610289573669434,1.2820422494382044
UBFC_PHYS_s04_T3_test,113,163,118.43333333333334,-0.3057396709918976,1.019335110605107
UBFC_PHYS_s04_T3_test,113,164,118.46666666666667,-0.1322271227836609,0.6801443932608877
UBFC_PHYS_s04_T3_test,113,165,118.5,-0.020553888753056526,0.29999967008381156
UBFC_PHYS_s04_T3_test,113,166,118.53333333333333,0.02531399391591549,-0.09172242591806178
UBFC_PHYS_s04_T3_test,113,167,118.56666666666666,0.011778729036450386,-0.4704017718870674
UBFC_PHYS_s04_T3_test,113,168,118.6,-0.018887560814619064,-0.8120370487143453
UBFC_PHYS_s04_T3_test,113,169,118.63333333333334,-0.016831446439027786,-1.0894996088448252
UBFC_PHYS_s04_T3_test,113,170,118.66666666666667,0.03898568078875542,-1.2719239168980288
UBFC_PHYS_s04_T3_test,113,171,118.7,0.1344146579504013,-1.3285375007695541
UBFC_PHYS_s04_T3_test,113,172,118.73333333333333,0.2358657866716385,-1.2363336914333594
UBFC_PHYS_s04_T3_test,113,173,118.76666666666667,0.30184656381607056,-0.9892309327058477
UBFC_PHYS_s04_T3_test,113,174,118.8,0.304497092962265,-0.6052919570170323
UBFC_PHYS_s04_T3_test,113,175,118.83333333333333,0.26847127079963684,-0.128652092950901
UBFC_PHYS_s04_T3_test,113,176,118.86666666666666,0.24859225749969482,0.3758001749750089
UBFC_PHYS_s04_T3_test,113,177,118.9,0.2439245879650116,0.8345277184650357
UBFC_PHYS_s04_T3_test,113,178,118.93333333333334,0.1948702186346054,1.181094405270983
UBFC_PHYS_s04_T3_test,113,179,118.96666666666667,0.09599165618419647,1.37060255951871
UBFC_PHYS_s04_T3_test,113,180,119.0,0.0015176545130088925,1.3878940470588803
UBFC_PHYS_s04_T3_test,113,181,119.03333333333333,-0.0959576815366745,1.2468231816229316
UBFC_PHYS_s04_T3_test,113,182,119.06666666666666,-0.27102935314178467,0.9816076926627932
UBFC_PHYS_s04_T3_test,113,183,119.1,-0.5211540460586548,0.6344933395141483
UBFC_PHYS_s04_T3_test,113,184,119.13333333333334,-0.7001527547836304,0.24497384792919324
UBFC_PHYS_s04_T3_test,113,185,119.16666666666667,-0.6333436965942383,-0.15564654056303992
UBFC_PHYS_s04_T3_test,113,186,119.2,-0.31794965267181396,-0.5434915415278058
UBFC_PHYS_s04_T3_test,113,187,119.23333333333333,0.04903237521648407,-0.8971632972172615
UBFC_PHYS_s04_T3_test,113,188,119.26666666666667,0.2967403829097748,-1.1921744013246107
UBFC_PHYS_s04_T3_test,113,189,119.3,0.46379223465919495,-1.3983265773576923
UBFC_PHYS_s04_T3_test,113,190,119.33333333333333,0.6574273705482483,-1.4823346660007137
UBFC_PHYS_s04_T3_test,113,191,119.36666666666666,0.87546306848526,-1.415769021408998
UBFC_PHYS_s04_T3_test,113,192,119.4,1.0698387622833252,-1.1858215985651879
UBFC_PHYS_s04_T3_test,113,193,119.43333333333334,1.239365816116333,-0.80467579457431
UBFC_PHYS_s04_T3_test,113,194,119.46666666666667,1.3762677907943726,-0.31330351430976244
UBFC_PHYS_s04_T3_test,113,195,119.5,1.4453766345977783,0.22279692128852227
UBFC_PHYS_s04_T3_test,113,196,119.53333333333333,1.4592431783676147,0.7257648201724739
UBFC_PHYS_s04_T3_test,113,197,119.56666666666666,1.4643006324768066,1.1223633354389042
UBFC_PHYS_s04_T3_test,113,198,119.6,1.458999514579773,1.360437316745359
UBFC_PHYS_s04_T3_test,113,199,119.63333333333334,1.4081424474716187,1.4192262511931217
UBFC_PHYS_s04_T3_test,113,200,119.66666666666667,1.258036494255066,1.3102536084936818
UBFC_PHYS_s04_T3_test,113,201,119.7,0.9315627813339233,1.0692907939696392
UBFC_PHYS_s04_T3_test,113,202,119.73333333333333,0.42351776361465454,0.7432102323058091
UBFC_PHYS_s04_T3_test,113,203,119.76666666666667,-0.10387030988931656,0.3770171356052666
UBFC_PHYS_s04_T3_test,113,204,119.8,-0.4713980555534363,0.005532836848552233
UBFC_PHYS_s04_T3_test,113,205,119.83333333333333,-0.7109107971191406,-0.34830010638683817
UBFC_PHYS_s04_T3_test,113,206,119.86666666666666,-0.9799400568008423,-0.6694775300600351
UBFC_PHYS_s04_T3_test,113,207,119.9,-1.3415722846984863,-0.9444628264279861
UBFC_PHYS_s04_T3_test,113,208,119.93333333333334,-1.6776833534240723,-1.1558069759034408
UBFC_PHYS_s04_T3_test,113,209,119.96666666666667,-1.7849228382110596,-1.2805593725569562
UBFC_PHYS_s04_T3_test,113,210,120.0,-1.5858794450759888,-1.2934677936955337
UBFC_PHYS_s04_T3_test,113,211,120.03333333333333,-1.2279013395309448,-1.17410453770814
UBFC_PHYS_s04_T3_test,113,212,120.06666666666666,-0.8979293704032898,-0.9155389176111888
UBFC_PHYS_s04_T3_test,113,213,120.1,-0.6162224411964417,-0.5313953213602085
UBFC_PHYS_s04_T3_test,113,214,120.13333333333334,-0.3274896442890167,-0.05832511848107308
UBFC_PHYS_s04_T3_test,113,215,120.16666666666667,-0.024890240281820297,0.44789172285944906
UBFC_PHYS_s04_T3_test,113,216,120.2,0.25877538323402405,0.9224245223955332
UBFC_PHYS_s04_T3_test,113,217,120.23333333333333,0.5117064714431763,1.3051706990452638
UBFC_PHYS_s04_T3_test,113,218,120.26666666666667,0.7550586462020874,1.553957292755846
UBFC_PHYS_s04_T3_test,113,219,120.3,0.9843006134033203,1.6526232937688863
UBFC_PHYS_s04_T3_test,113,220,120.33333333333333,1.1582516431808472,1.6112225816176882
UBFC_PHYS_s04_T3_test,113,221,120.36666666666666,1.287845253944397,1.4587056893499117
UBFC_PHYS_s04_T3_test,113,222,120.4,1.4323383569717407,1.2314205188040444
UBFC_PHYS_s04_T3_test,113,223,120.43333333333334,1.579257845878601,0.9620870913196853
UBFC_PHYS_s04_T3_test,113,224,120.46666666666667,1.6253595352172852,0.6729331195938928
UBFC_PHYS_s04_T3_test,113,225,120.5,1.484842300415039,0.3743978544880307
UBFC_PHYS_s04_T3_test,113,226,120.53333333333333,1.1385480165481567,0.06865169888584575
UBFC_PHYS_s04_T3_test,113,227,120.56666666666666,0.6412123441696167,-0.244192616709832
UBFC_PHYS_s04_T3_test,113,228,120.6,0.07238046079874039,-0.5597956193391774
UBFC_PHYS_s04_T3_test,113,229,120.63333333333334,-0.5135142207145691,-0.8655531110928006
UBFC_PHYS_s04_T3_test,113,230,120.66666666666667,-1.0717049837112427,-1.1402275329580618
UBFC_PHYS_s04_T3_test,113,231,120.7,-1.4921849966049194,-1.3574526441015402
UBFC_PHYS_s04_T3_test,113,232,120.73333333333333,-1.6890455484390259,-1.4920709649405346
UBFC_PHYS_s04_T3_test,113,233,120.76666666666667,-1.7594016790390015,-1.5272791671509582
UBFC_PHYS_s04_T3_test,113,234,120.8,-1.8391612768173218,-1.46008124426815
UBFC_PHYS_s04_T3_test,113,235,120.83333333333333,-1.853758692741394,-1.3027558006910278
UBFC_PHYS_s04_T3_test,113,236,120.86666666666666,-1.6841635704040527,-1.0791211461663583
UBFC_PHYS_s04_T3_test,113,237,120.9,-1.3818272352218628,-0.8165359945808481
UBFC_PHYS_s04_T3_test,113,238,120.93333333333334,-1.044946312904358,-0.5371988891130821
UBFC_PHYS_s04_T3_test,113,239,120.96666666666667,-0.6999384164810181,-0.2534741156900852
UBFC_PHYS_s04_T3_test,114,0,114.0,1.0514507293701172,0.10990762716562988
UBFC_PHYS_s04_T3_test,114,1,114.03333333333333,1.0531949996948242,-0.08228732419308653
UBFC_PHYS_s04_T3_test,114,2,114.06666666666666,0.8557789325714111,-0.2150291225776446
UBFC_PHYS_s04_T3_test,114,3,114.1,0.573302149772644,-0.2410152109931953
UBFC_PHYS_s04_T3_test,114,4,114.13333333333334,0.3167070746421814,-0.13700062324419404
UBFC_PHYS_s04_T3_test,114,5,114.16666666666667,0.07630754262208939,0.090762233526292
UBFC_PHYS_s04_T3_test,114,6,114.2,-0.21823306381702423,0.40788261495163297
UBFC_PHYS_s04_T3_test,114,7,114.23333333333333,-0.5269131064414978,0.7600209450077331
UBFC_PHYS_s04_T3_test,114,8,114.26666666666667,-0.6684243083000183,1.0858817821205238
UBFC_PHYS_s04_T3_test,114,9,114.3,-0.5146641135215759,1.331268414697008
UBFC_PHYS_s04_T3_test,114,10,114.33333333333333,-0.15205740928649902,1.4599244447643827
UBFC_PHYS_s04_T3_test,114,11,114.36666666666666,0.21882246434688568,1.4580784012613497
UBFC_PHYS_s04_T3_test,114,12,114.4,0.4609273076057434,1.3322295979752383
UBFC_PHYS_s04_T3_test,114,13,114.43333333333334,0.5682934522628784,1.1023468792271414
UBFC_PHYS_s04_T3_test,114,14,114.46666666666667,0.5908814668655396,0.7939049306684257
UBFC_PHYS_s04_T3_test,114,15,114.5,0.5674846172332764,0.43182909109684076
UBFC_PHYS_s04_T3_test,114,16,114.53333333333333,0.5216362476348877,0.03801984143085031
UBFC_PHYS_s04_T3_test,114,17,114.56666666666666,0.46450358629226685,-0.3675839049386278
UBFC_PHYS_s04_T3_test,114,18,114.6,0.38854435086250305,-0.7638263901162324
UBFC_PHYS_s04_T3_test,114,19,114.63333333333334,0.2802427411079407,-1.1251448887925293
UBFC_PHYS_s04_T3_test,114,20,114.66666666666667,0.12985417246818542,-1.4203681426068453
UBFC_PHYS_s04_T3_test,114,21,114.7,-0.06496007740497589,-1.6147804778195436
UBFC_PHYS_s04_T3_test,114,22,114.73333333333333,-0.29744699597358704,-1.675645352559435
UBFC_PHYS_s04_T3_test,114,23,114.76666666666667,-0.5515182018280029,-1.5801703199440857
UBFC_PHYS_s04_T3_test,114,24,114.8,-0.8241919279098511,-1.3238018366931987
UBFC_PHYS_s04_T3_test,114,25,114.83333333333333,-1.120622992515564,-0.9260720784648758
UBFC_PHYS_s04_T3_test,114,26,114.86666666666666,-1.3583427667617798,-0.4313273387148054
UBFC_PHYS_s04_T3_test,114,27,114.9,-1.3438525199890137,0.0971676097444292
UBFC_PHYS_s04_T3_test,114,28,114.93333333333334,-0.9480069279670715,0.589104530922528
UBFC_PHYS_s04_T3_test,114,29,114.96666666666667,-0.26957741379737854,0.9818590342130792
UBFC_PHYS_s04_T3_test,114,30,115.0,0.43388602137565613,1.2332663294152748
UBFC_PHYS_s04_T3_test,114,31,115.03333333333333,0.951168954372406,1.328068556324897
UBFC_PHYS_s04_T3_test,114,32,115.06666666666666,1.265267014503479,1.276430913532007
UBFC_PHYS_s04_T3_test,114,33,115.1,1.4502002000808716,1.1063366511049344
UBFC_PHYS_s04_T3_test,114,34,115.13333333333334,1.5254091024398804,0.853661891484662
UBFC_PHYS_s04_T3_test,114,35,115.16666666666667,1.4520028829574585,0.5535988464545767
UBFC_PHYS_s04_T3_test,114,36,115.2,1.2506792545318604,0.2354303029136876
UBFC_PHYS_s04_T3_test,114,37,115.23333333333333,1.0338032245635986,-0.07917532833527832
UBFC_PHYS_s04_T3_test,114,38,115.26666666666667,0.882303774356842,-0.37513799280909493
UBFC_PHYS_s04_T3_test,114,39,115.3,0.7637313604354858,-0.6412620056341894
UBFC_PHYS_s04_T3_test,114,40,115.33333333333333,0.6129432320594788,-0.8670373532291461
UBFC_PHYS_s04_T3_test,114,41,115.36666666666666,0.3739859163761139,-1.0401043896188422
UBFC_PHYS_s04_T3_test,114,42,115.4,-0.008626485243439674,-1.1452123394528142
UBFC_PHYS_s04_T3_test,114,43,115.43333333333334,-0.5144984722137451,-1.1651468903535307
UBFC_PHYS_s04_T3_test,114,44,115.46666666666667,-1.0277665853500366,-1.083890978299113
UBFC_PHYS_s04_T3_test,114,45,115.5,-1.4199774265289307,-0.8918190544498376
UBFC_PHYS_s04_T3_test,114,46,115.53333333333333,-1.5494540929794312,-0.5917427064009101
UBFC_PHYS_s04_T3_test,114,47,115.56666666666666,-1.3330262899398804,-0.20364526436005645
UBFC_PHYS_s04_T3_test,114,48,115.6,-0.8818702697753906,0.23427834287447483
UBFC_PHYS_s04_T3_test,114,49,115.63333333333334,-0.4428463280200958,0.6698124765030274
UBFC_PHYS_s04_T3_test,114,50,115.66666666666667,-0.12116698920726776,1.0459111727241233
UBFC_PHYS_s04_T3_test,114,51,115.7,0.16148518025875092,1.312470289620824
UBFC_PHYS_s04_T3_test,114,52,115.73333333333333,0.4383295774459839,1.4366412532454327
UBFC_PHYS_s04_T3_test,114,53,115.76666666666667,0.6231263875961304,1.407971356739647
UBFC_PHYS_s04_T3_test,114,54,115.8,0.6867879033088684,1.2372356737543089
UBFC_PHYS_s04_T3_test,114,55,115.83333333333333,0.6996702551841736,0.950765244517787
UBFC_PHYS_s04_T3_test,114,56,115.86666666666666,0.67808598279953,0.5833375206841693
UBFC_PHYS_s04_T3_test,114,57,115.9,0.5694725513458252,0.1721906673430016
UBFC_PHYS_s04_T3_test,114,58,115.93333333333334,0.3728165626525879,-0.24657854546350688
UBFC_PHYS_s04_T3_test,114,59,115.96666666666667,0.14734575152397156,-0.6393071446244666
UBFC_PHYS_s04_T3_test,114,60,116.0,-0.07682901620864868,-0.9747353592832331
UBFC_PHYS_s04_T3_test,114,61,116.03333333333333,-0.30868253111839294,-1.223926803479379
UBFC_PHYS_s04_T3_test,114,62,116.06666666666666,-0.5574819445610046,-1.3611671200422129
UBFC_PHYS_s04_T3_test,114,63,116.1,-0.8253612518310547,-1.3664395975189934
UBFC_PHYS_s04_T3_test,114,64,116.13333333333334,-1.0421983003616333,-1.2296091221120393
UBFC_PHYS_s04_T3_test,114,65,116.16666666666667,-1.0432020425796509,-0.9555494460651477
UBFC_PHYS_s04_T3_test,114,66,116.2,-0.742483377456665,-0.5681178846158628
UBFC_PHYS_s04_T3_test,114,67,116.23333333333333,-0.2772464156150818,-0.11025849162607931
UBFC_PHYS_s04_T3_test,114,68,116.26666666666667,0.13594456017017365,0.36138993740487607
UBFC_PHYS_s04_T3_test,114,69,116.3,0.43292132019996643,0.7866045167366874
UBFC_PHYS_s04_T3_test,114,70,116.33333333333333,0.6614226698875427,1.1132687649828752
UBFC_PHYS_s04_T3_test,114,71,116.36666666666666,0.8205813765525818,1.3066051736275057
UBFC_PHYS_s04_T3_test,114,72,116.4,0.8906646370887756,1.3531006214591985
UBFC_PHYS_s04_T3_test,114,73,116.43333333333334,0.9095789194107056,1.2587480282364563
UBFC_PHYS_s04_T3_test,114,74,116.46666666666667,0.9108262658119202,1.0435292235560143
UBFC_PHYS_s04_T3_test,114,75,116.5,0.872978150844574,0.7350619751001288
UBFC_PHYS_s04_T3_test,114,76,116.53333333333333,0.8127467632293701,0.3637482637384752
UBFC_PHYS_s04_T3_test,114,77,116.56666666666666,0.7999228239059448,-0.03961615236316356
UBFC_PHYS_s04_T3_test,114,78,116.6,0.8223159313201904,-0.44401840377483404
UBFC_PHYS_s04_T3_test,114,79,116.63333333333334,0.7982760071754456,-0.8172493052330374
UBFC_PHYS_s04_T3_test,114,80,116.66666666666667,0.7067351341247559,-1.1253119338285602
UBFC_PHYS_s04_T3_test,114,81,116.7,0.5777164697647095,-1.3337446272702513
UBFC_PHYS_s04_T3_test,114,82,116.73333333333333,0.4054804742336273,-1.4116930596152677
UBFC_PHYS_s04_T3_test,114,83,116.76666666666667,0.16833564639091492,-1.3383440727594684
UBFC_PHYS_s04_T3_test,114,84,116.8,-0.12380778044462204,-1.1100023883330954
UBFC_PHYS_s04_T3_test,114,85,116.83333333333333,-0.4245654344558716,-0.7452154354163136
UBFC_PHYS_s04_T3_test,114,86,116.86666666666666,-0.6194576621055603,-0.2854041447898931
UBFC_PHYS_s04_T3_test,114,87,116.9,-0.5872809290885925,0.21042505062701697
UBFC_PHYS_s04_T3_test,114,88,116.93333333333334,-0.37515053153038025,0.6763629247632668
UBFC_PHYS_s04_T3_test,114,89,116.96666666666667,-0.17635072767734528,1.05293187937689
UBFC_PHYS_s04_T3_test,114,90,117.0,-0.09597717225551605,1.2987705735795076
UBFC_PHYS_s04_T3_test,114,91,117.03333333333333,-0.0997191071510315,1.3966378770360235
UBFC_PHYS_s04_T3_test,114,92,117.06666666666666,-0.1503521054983139,1.352123596330176
UBFC_PHYS_s04_T3_test,114,93,117.1,-0.2324114739894867,1.1866397960851496
UBFC_PHYS_s04_T3_test,114,94,117.13333333333334,-0.30793219804763794,0.9283785368076738
UBFC_PHYS_s04_T3_test,114,95,117.16666666666667,-0.3529912829399109,0.6050473155161246
UBFC_PHYS_s04_T3_test,114,96,117.2,-0.3836088478565216,0.24057235553192444
UBFC_PHYS_s04_T3_test,114,97,117.23333333333333,-0.42737188935279846,-0.14418302591681154
UBFC_PHYS_s04_T3_test,114,98,117.26666666666667,-0.4915693700313568,-0.5281297943376828
UBFC_PHYS_s04_T3_test,114,99,117.3,-0.5646539926528931,-0.8862044195108147
UBFC_PHYS_s04_T3_test,114,100,117.33333333333333,-0.6373389959335327,-1.1873536577283912
UBFC_PHYS_s04_T3_test,114,101,117.36666666666666,-0.6966934204101562,-1.395906774010379
UBFC_PHYS_s04_T3_test,114,102,117.4,-0.7223120331764221,-1.4768129209564562
UBFC_PHYS_s04_T3_test,114,103,117.43333333333334,-0.7202656269073486,-1.4037990903726505
UBFC_PHYS_s04_T3_test,114,104,117.46666666666667,-0.7354379892349243,-1.1683107419720227
UBFC_PHYS_s04_T3_test,114,105,117.5,-0.8174681663513184,-0.7863562320110544
UBFC_PHYS_s04_T3_test,114,106,117.53333333333333,-0.9787122011184692,-0.3003066494546409
UBFC_PHYS_s04_T3_test,114,107,117.56666666666666,-1.1265769004821777,0.22628840323635319
UBFC_PHYS_s04_T3_test,114,108,117.6,-1.091272234916687,0.720604736396749
UBFC_PHYS_s04_T3_test,114,109,117.63333333333334,-0.7971798777580261,1.1161276169059346
UBFC_PHYS_s04_T3_test,114,110,117.66666666666667,-0.3707751929759979,1.366798094324645
UBFC_PHYS_s04_T3_test,114,111,117.7,0.012772679328918457,1.454755074428387
UBFC_PHYS_s04_T3_test,114,112,117.73333333333333,0.30419501662254333,1.389498483444759
UBFC_PHYS_s04_T3_test,114,113,117.76666666666667,0.5340605974197388,1.199974022601446
UBFC_PHYS_s04_T3_test,114,114,117.8,0.6971367001533508,0.9234692153185935
UBFC_PHYS_s04_T3_test,114,115,117.83333333333333,0.768515944480896,0.5956047577339629
UBFC_PHYS_s04_T3_test,114,116,117.86666666666666,0.7674829959869385,0.24448353301164003
UBFC_PHYS_s04_T3_test,114,117,117.9,0.7427414655685425,-0.11003653887783227
UBFC_PHYS_s04_T3_test,114,118,117.93333333333334,0.712386965751648,-0.4530778023337325
UBFC_PHYS_s04_T3_test,114,119,117.96666666666667,0.6696373820304871,-0.7699098988990943
UBFC_PHYS_s04_T3_test,114,120,118.0,0.6231750845909119,-1.0420732256529786
UBFC_PHYS_s04_T3_test,114,121,118.03333333333333,0.5627682209014893,-1.2461575831275074
UBFC_PHYS_s04_T3_test,114,122,118.06666666666666,0.43073850870132446,-1.3557742552896646
UBFC_PHYS_s04_T3_test,114,123,118.1,0.21217665076255798,-1.3463001639830656
UBFC_PHYS_s04_T3_test,114,124,118.13333333333334,-0.00997124146670103,-1.2014035806345442
UBFC_PHYS_s04_T3_test,114,125,118.16666666666667,-0.16409200429916382,-0.9199014963131042
UBFC_PHYS_s04_T3_test,114,126,118.2,-0.2904113829135895,-0.5209457376328365
UBFC_PHYS_s04_T3_test,114,127,118.23333333333333,-0.4755200147628784,-0.045251771208956966
UBFC_PHYS_s04_T3_test,114,128,118.26666666666667,-0.737805962562561,0.4493309822677045
UBFC_PHYS_s04_T3_test,114,129,118.3,-0.9778156876564026,0.8978173158398238
UBFC_PHYS_s04_T3_test,114,130,118.33333333333333,-1.0365270376205444,1.2410538405570921
UBFC_PHYS_s04_T3_test,114,131,118.36666666666666,-0.8564660549163818,1.4374053822455035
UBFC_PHYS_s04_T3_test,114,132,118.4,-0.5610289573669434,1.4693892721549786
UBFC_PHYS_s04_T3_test,114,133,118.43333333333334,-0.3057396709918976,1.3437395075145895
UBFC_PHYS_s04_T3_test,114,134,118.46666666666667,-0.1322271227836609,1.08605731809982
UBFC_PHYS_s04_T3_test,114,135,118.5,-0.020553888753056526,0.7329196012769608
UBFC_PHYS_s04_T3_test,114,136,118.53333333333333,0.02531399391591549,0.3244027261080701
UBFC_PHYS_s04_T3_test,114,137,118.56666666666666,0.011778729036450386,-0.1010530382730587
UBFC_PHYS_s04_T3_test,114,138,118.6,-0.018887560814619064,-0.5087959532543312
UBFC_PHYS_s04_T3_test,114,139,118.63333333333334,-0.016831446439027786,-0.8676802368522409
UBFC_PHYS_s04_T3_test,114,140,118.66666666666667,0.03898568078875542,-1.1488440009098058
UBFC_PHYS_s04_T3_test,114,141,118.7,0.1344146579504013,-1.3253572853924454
UBFC_PHYS_s04_T3_test,114,142,118.73333333333333,0.2358657866716385,-1.3740133673552593
UBFC_PHYS_s04_T3_test,114,143,118.76666666666667,0.30184656381607056,-1.279496146615375
UBFC_PHYS_s04_T3_test,114,144,118.8,0.304497092962265,-1.0400647080853112
UBFC_PHYS_s04_T3_test,114,145,118.83333333333333,0.26847127079963684,-0.6728547159689736
UBFC_PHYS_s04_T3_test,114,146,118.86666666666666,0.24859225749969482,-0.2161438945515014
UBFC_PHYS_s04_T3_test,114,147,118.9,0.2439245879650116,0.2737529629586684
UBFC_PHYS_s04_T3_test,114,148,118.93333333333334,0.1948702186346054,0.7314673337991093
UBFC_PHYS_s04_T3_test,114,149,118.96666666666667,0.09599165618419647,1.0953437330829732
UBFC_PHYS_s04_T3_test,114,150,119.0,0.0015176545130088925,1.3198891438386742
UBFC_PHYS_s04_T3_test,114,151,119.03333333333333,-0.0959576815366745,1.3836207140718044
UBFC_PHYS_s04_T3_test,114,152,119.06666666666666,-0.27102935314178467,1.289978405034251
UBFC_PHYS_s04_T3_test,114,153,119.1,-0.5211540460586548,1.0619649143870635
UBFC_PHYS_s04_T3_test,114,154,119.13333333333334,-0.7001527547836304,0.7335974111647258
UBFC_PHYS_s04_T3_test,114,155,119.16666666666667,-0.6333436965942383,0.341993284080106
UBFC_PHYS_s04_T3_test,114,156,119.2,-0.31794965267181396,-0.0772290474253315
UBFC_PHYS_s04_T3_test,114,157,119.23333333333333,0.04903237521648407,-0.4907390189402889
UBFC_PHYS_s04_T3_test,114,158,119.26666666666667,0.2967403829097748,-0.8659817096324005
UBFC_PHYS_s04_T3_test,114,159,119.3,0.46379223465919495,-1.1698021769630265
UBFC_PHYS_s04_T3_test,114,160,119.33333333333333,0.6574273705482483,-1.3692412870069048
UBFC_PHYS_s04_T3_test,114,161,119.36666666666666,0.87546306848526,-1.4352740134777304
UBFC_PHYS_s04_T3_test,114,162,119.4,1.0698387622833252,-1.3488556796607767
UBFC_PHYS_s04_T3_test,114,163,119.43333333333334,1.239365816116333,-1.1075534285871849
UBFC_PHYS_s04_T3_test,114,164,119.46666666666667,1.3762677907943726,-0.7304750954344599
UBFC_PHYS_s04_T3_test,114,165,119.5,1.4453766345977783,-0.2592235204181627
UBFC_PHYS_s04_T3_test,114,166,119.53333333333333,1.4592431783676147,0.24670275590177637
UBFC_PHYS_s04_T3_test,114,167,119.56666666666666,1.4643006324768066,0.720042469679323
UBFC_PHYS_s04_T3_test,114,168,119.6,1.458999514579773,1.099142192240214
UBFC_PHYS_s04_T3_test,114,169,119.63333333333334,1.4081424474716187,1.3404499899598388
UBFC_PHYS_s04_T3_test,114,170,119.66666666666667,1.258036494255066,1.4258846063287987
UBFC_PHYS_s04_T3_test,114,171,119.7,0.9315627813339233,1.362782554999856
UBFC_PHYS_s04_T3_test,114,172,119.73333333333333,0.42351776361465454,1.177354191231968
UBFC_PHYS_s04_T3_test,114,173,119.76666666666667,-0.10387030988931656,0.9051094601911718
UBFC_PHYS_s04_T3_test,114,174,119.8,-0.4713980555534363,0.5820534488763829
UBFC_PHYS_s04_T3_test,114,175,119.83333333333333,-0.7109107971191406,0.2390742728350901
UBFC_PHYS_s04_T3_test,114,176,119.86666666666666,-0.9799400568008423,-0.09984332160094717
UBFC_PHYS_s04_T3_test,114,177,119.9,-1.3415722846984863,-0.41638605079306973
UBFC_PHYS_s04_T3_test,114,178,119.93333333333334,-1.6776833534240723,-0.6952685104830616
UBFC_PHYS_s04_T3_test,114,179,119.96666666666667,-1.7849228382110596,-0.9218208238648199
UBFC_PHYS_s04_T3_test,114,180,120.0,-1.5858794450759888,-1.0808772025147757
UBFC_PHYS_s04_T3_test,114,181,120.03333333333333,-1.2279013395309448,-1.1573230131593095
UBFC_PHYS_s04_T3_test,114,182,120.06666666666666,-0.8979293704032898,-1.138202842508259
UBFC_PHYS_s04_T3_test,114,183,120.1,-0.6162224411964417,-1.0160816047666679
UBFC_PHYS_s04_T3_test,114,184,120.13333333333334,-0.3274896442890167,-0.7930993338685011
UBFC_PHYS_s04_T3_test,114,185,120.16666666666667,-0.024890240281820297,-0.4845629549325496
UBFC_PHYS_s04_T3_test,114,186,120.2,0.25877538323402405,-0.12018801878550953
UBFC_PHYS_s04_T3_test,114,187,120.23333333333333,0.5117064714431763,0.25873362115995385
UBFC_PHYS_s04_T3_test,114,188,120.26666666666667,0.7550586462020874,0.606334703694758
UBFC_PHYS_s04_T3_test,114,189,120.3,0.9843006134033203,0.8813472046368427
UBFC_PHYS_s04_T3_test,114,190,120.33333333333333,1.1582516431808472,1.055318988096737
UBFC_PHYS_s04_T3_test,114,191,120.36666666666666,1.287845253944397,1.1170315056206226
UBFC_PHYS_s04_T3_test,114,192,120.4,1.4323383569717407,1.071744291501203
UBFC_PHYS_s04_T3_test,114,193,120.43333333333334,1.579257845878601,0.935988220645171
UBFC_PHYS_s04_T3_test,114,194,120.46666666666667,1.6253595352172852,0.730513581431204
UBFC_PHYS_s04_T3_test,114,195,120.5,1.484842300415039,0.4746179902095506
UBFC_PHYS_s04_T3_test,114,196,120.53333333333333,1.1385480165481567,0.18398366412189443
UBFC_PHYS_s04_T3_test,114,197,120.56666666666666,0.6412123441696167,-0.12786475412746204
UBFC_PHYS_s04_T3_test,114,198,120.6,0.07238046079874039,-0.44607224251831495
UBFC_PHYS_s04_T3_test,114,199,120.63333333333334,-0.5135142207145691,-0.7511484548962367
UBFC_PHYS_s04_T3_test,114,200,120.66666666666667,-1.0717049837112427,-1.0175654352583612
UBFC_PHYS_s04_T3_test,114,201,120.7,-1.4921849966049194,-1.215036828675881
UBFC_PHYS_s04_T3_test,114,202,120.73333333333333,-1.6890455484390259,-1.3125246759344769
UBFC_PHYS_s04_T3_test,114,203,120.76666666666667,-1.7594016790390015,-1.2844782294123815
UBFC_PHYS_s04_T3_test,114,204,120.8,-1.8391612768173218,-1.1181597872368818
UBFC_PHYS_s04_T3_test,114,205,120.83333333333333,-1.853758692741394,-0.8200940553610696
UBFC_PHYS_s04_T3_test,114,206,120.86666666666666,-1.6841635704040527,-0.41906119815313236
UBFC_PHYS_s04_T3_test,114,207,120.9,-1.3818272352218628,0.03658040229940588
UBFC_PHYS_s04_T3_test,114,208,120.93333333333334,-1.044946312904358,0.4876629936111611
UBFC_PHYS_s04_T3_test,114,209,120.96666666666667,-0.6999384164810181,0.8768427235842507
UBFC_PHYS_s04_T3_test,114,210,121.0,-0.39270055294036865,1.1607237707774856
UBFC_PHYS_s04_T3_test,114,211,121.03333333333333,-0.17643842101097107,1.317043663297103
UBFC_PHYS_s04_T3_test,114,212,121.06666666666666,-0.009357331320643425,1.3449575279845316
UBFC_PHYS_s04_T3_test,114,213,121.1,0.1288602203130722,1.2597180267707377
UBFC_PHYS_s04_T3_test,114,214,121.13333333333334,0.18556411564350128,1.0849726047606514
UBFC_PHYS_s04_T3_test,114,215,121.16666666666667,0.15577484667301178,0.8458589176941513
UBFC_PHYS_s04_T3_test,114,216,121.2,0.10865964740514755,0.564684420857037
UBFC_PHYS_s04_T3_test,114,217,121.23333333333333,0.08021512627601624,0.2593886157224664
UBFC_PHYS_s04_T3_test,114,218,121.26666666666667,0.029932938516139984,-0.055898636836243035
UBFC_PHYS_s04_T3_test,114,219,121.3,-0.10746607184410095,-0.369089587002976
UBFC_PHYS_s04_T3_test,114,220,121.33333333333333,-0.3104073405265808,-0.6679804302336386
UBFC_PHYS_s04_T3_test,114,221,121.36666666666666,-0.4170231223106384,-0.9383468889470299
UBFC_PHYS_s04_T3_test,114,222,121.4,-0.2788640260696411,-1.162721083947016
UBFC_PHYS_s04_T3_test,114,223,121.43333333333334,0.037757862359285355,-1.3202033207763104
UBFC_PHYS_s04_T3_test,114,224,121.46666666666667,0.3413901925086975,-1.3877816461355028
UBFC_PHYS_s04_T3_test,114,225,121.5,0.5515521764755249,-1.3436608292107355
UBFC_PHYS_s04_T3_test,114,226,121.53333333333333,0.6996897459030151,-1.1726752681496464
UBFC_PHYS_s04_T3_test,114,227,121.56666666666666,0.7924097180366516,-0.8728361724319174
UBFC_PHYS_s04_T3_test,114,228,121.6,0.8105639219284058,-0.4608182176620638
UBFC_PHYS_s04_T3_test,114,229,121.63333333333334,0.7740216851234436,0.026303127729220947
UBFC_PHYS_s04_T3_test,114,230,121.66666666666667,0.714871883392334,0.5347947912802977
UBFC_PHYS_s04_T3_test,114,231,121.7,0.6398383975028992,1.0031952414212992
UBFC_PHYS_s04_T3_test,114,232,121.73333333333333,0.5368573069572449,1.3740551517544313
UBFC_PHYS_s04_T3_test,114,233,121.76666666666667,0.3774549961090088,1.6049555386949588
UBFC_PHYS_s04_T3_test,114,234,121.8,0.11772213876247406,1.6755337223475717
UBFC_PHYS_s04_T3_test,114,235,121.83333333333333,-0.22986812889575958,1.5886798873125891
UBFC_PHYS_s04_T3_test,114,236,121.86666666666666,-0.566359281539917,1.3660338718396958
UBFC_PHYS_s04_T3_test,114,237,121.9,-0.8072363138198853,1.039846789275493
UBFC_PHYS_s04_T3_test,114,238,121.93333333333334,-0.9651867151260376,0.6446067018057808
UBFC_PHYS_s04_T3_test,114,239,121.96666666666667,-1.095949649810791,0.2119258474871156
UBFC_PHYS_s04_T3_test,115,0,115.0,0.43388602137565613,-0.07978621208240419
UBFC_PHYS_s04_T3_test,115,1,115.03333333333333,0.951168954372406,0.1809296285339401
UBFC_PHYS_s04_T3_test,115,2,115.06666666666666,1.265267014503479,0.40448922736428555
UBFC_PHYS_s04_T3_test,115,3,115.1,1.4502002000808716,0.5599591951907609
UBFC_PHYS_s04_T3_test,115,4,115.13333333333334,1.5254091024398804,0.6285236401283222
UBFC_PHYS_s04_T3_test,115,5,115.16666666666667,1.4520028829574585,0.6052301728411555
UBFC_PHYS_s04_T3_test,115,6,115.2,1.2506792545318604,0.49705410420926366
UBFC_PHYS_s04_T3_test,115,7,115.23333333333333,1.0338032245635986,0.3188610256844857
UBFC_PHYS_s04_T3_test,115,8,115.26666666666667,0.882303774356842,0.08958961565625619
UBFC_PHYS_s04_T3_test,115,9,115.3,0.7637313604354858,-0.1697778409485079
UBFC_PHYS_s04_T3_test,115,10,115.33333333333333,0.6129432320594788,-0.43637401143346627
UBFC_PHYS_s04_T3_test,115,11,115.36666666666666,0.3739859163761139,-0.6848560490451487
UBFC_PHYS_s04_T3_test,115,12,115.4,-0.008626485243439674,-0.8874721301504385
UBFC_PHYS_s04_T3_test,115,13,115.43333333333334,-0.5144984722137451,-1.0157229406592951
UBFC_PHYS_s04_T3_test,115,14,115.46666666666667,-1.0277665853500366,-1.043854174250173
UBFC_PHYS_s04_T3_test,115,15,115.5,-1.4199774265289307,-0.9537852111640776
UBFC_PHYS_s04_T3_test,115,16,115.53333333333333,-1.5494540929794312,-0.7405681721107994
UBFC_PHYS_s04_T3_test,115,17,115.56666666666666,-1.3330262899398804,-0.41695949970116475
UBFC_PHYS_s04_T3_test,115,18,115.6,-0.8818702697753906,-0.015250240311982716
UBFC_PHYS_s04_T3_test,115,19,115.63333333333334,-0.4428463280200958,0.4153257197258624
UBFC_PHYS_s04_T3_test,115,20,115.66666666666667,-0.12116698920726776,0.8161098577640687
UBFC_PHYS_s04_T3_test,115,21,115.7,0.16148518025875092,1.130125580508234
UBFC_PHYS_s04_T3_test,115,22,115.73333333333333,0.4383295774459839,1.3137445448939145
UBFC_PHYS_s04_T3_test,115,23,115.76666666666667,0.6231263875961304,1.3452087575912117
UBFC_PHYS_s04_T3_test,115,24,115.8,0.6867879033088684,1.2271704944571844
UBFC_PHYS_s04_T3_test,115,25,115.83333333333333,0.6996702551841736,0.9826845361456888
UBFC_PHYS_s04_T3_test,115,26,115.86666666666666,0.67808598279953,0.6468475891230305
UBFC_PHYS_s04_T3_test,115,27,115.9,0.5694725513458252,0.25795944461628
UBFC_PHYS_s04_T3_test,115,28,115.93333333333334,0.3728165626525879,-0.14836342879014966
UBFC_PHYS_s04_T3_test,115,29,115.96666666666667,0.14734575152397156,-0.5407572211263695
UBFC_PHYS_s04_T3_test,115,30,116.0,-0.07682901620864868,-0.8903679826348745
UBFC_PHYS_s04_T3_test,115,31,116.03333333333333,-0.30868253111839294,-1.1683149115615419
UBFC_PHYS_s04_T3_test,115,32,116.06666666666666,-0.5574819445610046,-1.3449769019878632
UBFC_PHYS_s04_T3_test,115,33,116.1,-0.8253612518310547,-1.392663172053344
UBFC_PHYS_s04_T3_test,115,34,116.13333333333334,-1.0421983003616333,-1.291631131157726
UBFC_PHYS_s04_T3_test,115,35,116.16666666666667,-1.0432020425796509,-1.0377241666113237
UBFC_PHYS_s04_T3_test,115,36,116.2,-0.742483377456665,-0.6486179540268293
UBFC_PHYS_s04_T3_test,115,37,116.23333333333333,-0.2772464156150818,-0.1655336864799883
UBFC_PHYS_s04_T3_test,115,38,116.26666666666667,0.13594456017017365,0.35134062642869746
UBFC_PHYS_s04_T3_test,115,39,116.3,0.43292132019996643,0.8331772748011936
UBFC_PHYS_s04_T3_test,115,40,116.33333333333333,0.6614226698875427,1.2158498677060239
UBFC_PHYS_s04_T3_test,115,41,116.36666666666666,0.8205813765525818,1.452297957154019
UBFC_PHYS_s04_T3_test,115,42,116.4,0.8906646370887756,1.520114740234566
UBFC_PHYS_s04_T3_test,115,43,116.43333333333334,0.9095789194107056,1.4223382630647583
UBFC_PHYS_s04_T3_test,115,44,116.46666666666667,0.9108262658119202,1.182200301006706
UBFC_PHYS_s04_T3_test,115,45,116.5,0.872978150844574,0.8348427644489318
UBFC_PHYS_s04_T3_test,115,46,116.53333333333333,0.8127467632293701,0.4195119575514797
UBFC_PHYS_s04_T3_test,115,47,116.56666666666666,0.7999228239059448,-0.025380038971263046
UBFC_PHYS_s04_T3_test,115,48,116.6,0.8223159313201904,-0.46376930741748645
UBFC_PHYS_s04_T3_test,115,49,116.63333333333334,0.7982760071754456,-0.8611478434402866
UBFC_PHYS_s04_T3_test,115,50,116.66666666666667,0.7067351341247559,-1.1835112025134993
UBFC_PHYS_s04_T3_test,115,51,116.7,0.5777164697647095,-1.3980480181248884
UBFC_PHYS_s04_T3_test,115,52,116.73333333333333,0.4054804742336273,-1.4766511273502545
UBFC_PHYS_s04_T3_test,115,53,116.76666666666667,0.16833564639091492,-1.4018274667447013
UBFC_PHYS_s04_T3_test,115,54,116.8,-0.12380778044462204,-1.1730578050126197
UBFC_PHYS_s04_T3_test,115,55,116.83333333333333,-0.4245654344558716,-0.810904474181458
UBFC_PHYS_s04_T3_test,115,56,116.86666666666666,-0.6194576621055603,-0.35666145572755287
UBFC_PHYS_s04_T3_test,115,57,116.9,-0.5872809290885925,0.1332385306176666
UBFC_PHYS_s04_T3_test,115,58,116.93333333333334,-0.37515053153038025,0.5971221187265031
UBFC_PHYS_s04_T3_test,115,59,116.96666666666667,-0.17635072767734528,0.9796756027907395
UBFC_PHYS_s04_T3_test,115,60,117.0,-0.09597717225551605,1.2415742193547838
UBFC_PHYS_s04_T3_test,115,61,117.03333333333333,-0.0997191071510315,1.3640357380333332
UBFC_PHYS_s04_T3_test,115,62,117.06666666666666,-0.1503521054983139,1.3476093952846016
UBFC_PHYS_s04_T3_test,115,63,117.1,-0.2324114739894867,1.2070590807725547
UBFC_PHYS_s04_T3_test,115,64,117.13333333333334,-0.30793219804763794,0.9651293364532697
UBFC_PHYS_s04_T3_test,115,65,117.16666666666667,-0.3529912829399109,0.6473968084446144
UBFC_PHYS_s04_T3_test,115,66,117.2,-0.3836088478565216,0.2793214706431043
UBFC_PHYS_s04_T3_test,115,67,117.23333333333333,-0.42737188935279846,-0.11431141587866564
UBFC_PHYS_s04_T3_test,115,68,117.26666666666667,-0.4915693700313568,-0.5079843047625647
UBFC_PHYS_s04_T3_test,115,69,117.3,-0.5646539926528931,-0.8731070737916307
UBFC_PHYS_s04_T3_test,115,70,117.33333333333333,-0.6373389959335327,-1.176481081794132
UBFC_PHYS_s04_T3_test,115,71,117.36666666666666,-0.6966934204101562,-1.3815130440407846
UBFC_PHYS_s04_T3_test,115,72,117.4,-0.7223120331764221,-1.4532685336104263
UBFC_PHYS_s04_T3_test,115,73,117.43333333333334,-0.7202656269073486,-1.3667848589488614
UBFC_PHYS_s04_T3_test,115,74,117.46666666666667,-0.7354379892349243,-1.1163164224330593
UBFC_PHYS_s04_T3_test,115,75,117.5,-0.8174681663513184,-0.7220916030699617
UBFC_PHYS_s04_T3_test,115,76,117.53333333333333,-0.9787122011184692,-0.2312669641171364
UBFC_PHYS_s04_T3_test,115,77,117.56666666666666,-1.1265769004821777,0.28871616945185713
UBFC_PHYS_s04_T3_test,115,78,117.6,-1.091272234916687,0.7635408326898506
UBFC_PHYS_s04_T3_test,115,79,117.63333333333334,-0.7971798777580261,1.1285111052208332
UBFC_PHYS_s04_T3_test,115,80,117.66666666666667,-0.3707751929759979,1.3426538326872646
UBFC_PHYS_s04_T3_test,115,81,117.7,0.012772679328918457,1.3954228086397202
UBFC_PHYS_s04_T3_test,115,82,117.73333333333333,0.30419501662254333,1.30397717433142
UBFC_PHYS_s04_T3_test,115,83,117.76666666666667,0.5340605974197388,1.1029224670691855
UBFC_PHYS_s04_T3_test,115,84,117.8,0.6971367001533508,0.8312029615626375
UBFC_PHYS_s04_T3_test,115,85,117.83333333333333,0.768515944480896,0.5213684423148565
UBFC_PHYS_s04_T3_test,115,86,117.86666666666666,0.7674829959869385,0.19473006945713334
UBFC_PHYS_s04_T3_test,115,87,117.9,0.7427414655685425,-0.13693993995971773
UBFC_PHYS_s04_T3_test,115,88,117.93333333333334,0.712386965751648,-0.46513284307638497
UBFC_PHYS_s04_T3_test,115,89,117.96666666666667,0.6696373820304871,-0.7772127800436033
UBFC_PHYS_s04_T3_test,115,90,118.0,0.6231750845909119,-1.0514358483538961
UBFC_PHYS_s04_T3_test,115,91,118.03333333333333,0.5627682209014893,-1.2567436670405303
UBFC_PHYS_s04_T3_test,115,92,118.06666666666666,0.43073850870132446,-1.3578414805943604
UBFC_PHYS_s04_T3_test,115,93,118.1,0.21217665076255798,-1.324167383851859
UBFC_PHYS_s04_T3_test,115,94,118.13333333333334,-0.00997124146670103,-1.1399775832412984
UBFC_PHYS_s04_T3_test,115,95,118.16666666666667,-0.16409200429916382,-0.8122620286930478
UBFC_PHYS_s04_T3_test,115,96,118.2,-0.2904113829135895,-0.373674479220305
UBFC_PHYS_s04_T3_test,115,97,118.23333333333333,-0.4755200147628784,0.12101509013864022
UBFC_PHYS_s04_T3_test,115,98,118.26666666666667,-0.737805962562561,0.6045670629673146
UBFC_PHYS_s04_T3_test,115,99,118.3,-0.9778156876564026,1.0106608805132309
UBFC_PHYS_s04_T3_test,115,100,118.33333333333333,-1.0365270376205444,1.2872007527819336
UBFC_PHYS_s04_T3_test,115,101,118.36666666666666,-0.8564660549163818,1.4055096134159921
UBFC_PHYS_s04_T3_test,115,102,118.4,-0.5610289573669434,1.3628145600323336
UBFC_PHYS_s04_T3_test,115,103,118.43333333333334,-0.3057396709918976,1.1780143089543196
UBFC_PHYS_s04_T3_test,115,104,118.46666666666667,-0.1322271227836609,0.8833296145390249
UBFC_PHYS_s04_T3_test,115,105,118.5,-0.020553888753056526,0.5156995838354643
UBFC_PHYS_s04_T3_test,115,106,118.53333333333333,0.02531399391591549,0.11103196243367923
UBFC_PHYS_s04_T3_test,115,107,118.56666666666666,0.011778729036450386,-0.297601084896543
UBFC_PHYS_s04_T3_test,115,108,118.6,-0.018887560814619064,-0.6787371347036757
UBFC_PHYS_s04_T3_test,115,109,118.63333333333334,-0.016831446439027786,-1.0004286582617603
UBFC_PHYS_s04_T3_test,115,110,118.66666666666667,0.03898568078875542,-1.2296611580331533
UBFC_PHYS_s04_T3_test,115,111,118.7,0.1344146579504013,-1.3348787562051738
UBFC_PHYS_s04_T3_test,115,112,118.73333333333333,0.2358657866716385,-1.2917361056175054
UBFC_PHYS_s04_T3_test,115,113,118.76666666666667,0.30184656381607056,-1.0906332004900938
UBFC_PHYS_s04_T3_test,115,114,118.8,0.304497092962265,-0.743509492489172
UBFC_PHYS_s04_T3_test,115,115,118.83333333333333,0.26847127079963684,-0.2870237574483857
UBFC_PHYS_s04_T3_test,115,116,118.86666666666666,0.24859225749969482,0.22021453185244558
UBFC_PHYS_s04_T3_test,115,117,118.9,0.2439245879650116,0.707006756405144
UBFC_PHYS_s04_T3_test,115,118,118.93333333333334,0.1948702186346054,1.1035713492719654
UBFC_PHYS_s04_T3_test,115,119,118.96666666666667,0.09599165618419647,1.3559771719706628
UBFC_PHYS_s04_T3_test,115,120,119.0,0.0015176545130088925,1.4362008124656573
UBFC_PHYS_s04_T3_test,115,121,119.03333333333333,-0.0959576815366745,1.3446349847399948
UBFC_PHYS_s04_T3_test,115,122,119.06666666666666,-0.27102935314178467,1.105082931825522
UBFC_PHYS_s04_T3_test,115,123,119.1,-0.5211540460586548,0.7552717457358851
UBFC_PHYS_s04_T3_test,115,124,119.13333333333334,-0.7001527547836304,0.33710688081725926
UBFC_PHYS_s04_T3_test,115,125,119.16666666666667,-0.6333436965942383,-0.10988299862376782
UBFC_PHYS_s04_T3_test,115,126,119.2,-0.31794965267181396,-0.5504455777557745
UBFC_PHYS_s04_T3_test,115,127,119.23333333333333,0.04903237521648407,-0.9517182442838427
UBFC_PHYS_s04_T3_test,115,128,119.26666666666667,0.2967403829097748,-1.280235802129426
UBFC_PHYS_s04_T3_test,115,129,119.3,0.46379223465919495,-1.500969516357681
UBFC_PHYS_s04_T3_test,115,130,119.33333333333333,0.6574273705482483,-1.5803810384999228
UBFC_PHYS_s04_T3_test,115,131,119.36666666666666,0.87546306848526,-1.4934109408668517
UBFC_PHYS_s04_T3_test,115,132,119.4,1.0698387622833252,-1.2323606173224533
UBFC_PHYS_s04_T3_test,115,133,119.43333333333334,1.239365816116333,-0.8143896638805513
UBFC_PHYS_s04_T3_test,115,134,119.46666666666667,1.3762677907943726,-0.28417629990940724
UBFC_PHYS_s04_T3_test,115,135,119.5,1.4453766345977783,0.2905967748729094
UBFC_PHYS_s04_T3_test,115,136,119.53333333333333,1.4592431783676147,0.8309833480131745
UBFC_PHYS_s04_T3_test,115,137,119.56666666666666,1.4643006324768066,1.263003926514562
UBFC_PHYS_s04_T3_test,115,138,119.6,1.458999514579773,1.5334303687303246
UBFC_PHYS_s04_T3_test,115,139,119.63333333333334,1.4081424474716187,1.6198189296200163
UBFC_PHYS_s04_T3_test,115,140,119.66666666666667,1.258036494255066,1.531491343999547
UBFC_PHYS_s04_T3_test,115,141,119.7,0.9315627813339233,1.3017420799411552
UBFC_PHYS_s04_T3_test,115,142,119.73333333333333,0.42351776361465454,0.9750336371989764
UBFC_PHYS_s04_T3_test,115,143,119.76666666666667,-0.10387030988931656,0.5945688188378818
UBFC_PHYS_s04_T3_test,115,144,119.8,-0.4713980555534363,0.19460611022144353
UBFC_PHYS_s04_T3_test,115,145,119.83333333333333,-0.7109107971191406,-0.20085438071579054
UBFC_PHYS_s04_T3_test,115,146,119.86666666666666,-0.9799400568008423,-0.5742146665081691
UBFC_PHYS_s04_T3_test,115,147,119.9,-1.3415722846984863,-0.9082525815929802
UBFC_PHYS_s04_T3_test,115,148,119.93333333333334,-1.6776833534240723,-1.181285791684311
UBFC_PHYS_s04_T3_test,115,149,119.96666666666667,-1.7849228382110596,-1.3660295390979804
UBFC_PHYS_s04_T3_test,115,150,120.0,-1.5858794450759888,-1.433117086794019
UBFC_PHYS_s04_T3_test,115,151,120.03333333333333,-1.2279013395309448,-1.3585494832647271
UBFC_PHYS_s04_T3_test,115,152,120.06666666666666,-0.8979293704032898,-1.1328746519090296
UBFC_PHYS_s04_T3_test,115,153,120.1,-0.6162224411964417,-0.7689634855722819
UBFC_PHYS_s04_T3_test,115,154,120.13333333333334,-0.3274896442890167,-0.30512468029747264
UBFC_PHYS_s04_T3_test,115,155,120.16666666666667,-0.024890240281820297,0.19874749553933962
UBFC_PHYS_s04_T3_test,115,156,120.2,0.25877538323402405,0.6722143128374313
UBFC_PHYS_s04_T3_test,115,157,120.23333333333333,0.5117064714431763,1.0499238490314995
UBFC_PHYS_s04_T3_test,115,158,120.26666666666667,0.7550586462020874,1.2867523713440996
UBFC_PHYS_s04_T3_test,115,159,120.3,0.9843006134033203,1.3669374719249752
UBFC_PHYS_s04_T3_test,115,160,120.33333333333333,1.1582516431808472,1.3040823624567506
UBFC_PHYS_s04_T3_test,115,161,120.36666666666666,1.287845253944397,1.1327349447084705
UBFC_PHYS_s04_T3_test,115,162,120.4,1.4323383569717407,0.895340681409509
UBFC_PHYS_s04_T3_test,115,163,120.43333333333334,1.579257845878601,0.6295238744051336
UBFC_PHYS_s04_T3_test,115,164,120.46666666666667,1.6253595352172852,0.35975133723013636
UBFC_PHYS_s04_T3_test,115,165,120.5,1.484842300415039,0.09524204011811493
UBFC_PHYS_s04_T3_test,115,166,120.53333333333333,1.1385480165481567,-0.1663737447364732
UBFC_PHYS_s04_T3_test,115,167,120.56666666666666,0.6412123441696167,-0.4317613117925689
UBFC_PHYS_s04_T3_test,115,168,120.6,0.07238046079874039,-0.7036093053068161
UBFC_PHYS_s04_T3_test,115,169,120.63333333333334,-0.5135142207145691,-0.9738633782815983
UBFC_PHYS_s04_T3_test,115,170,120.66666666666667,-1.0717049837112427,-1.220527959830926
UBFC_PHYS_s04_T3_test,115,171,120.7,-1.4921849966049194,-1.4093830118488075
UBFC_PHYS_s04_T3_test,115,172,120.73333333333333,-1.6890455484390259,-1.5007754022197013
UBFC_PHYS_s04_T3_test,115,173,120.76666666666667,-1.7594016790390015,-1.4601378502525775
UBFC_PHYS_s04_T3_test,115,174,120.8,-1.8391612768173218,-1.2694537383080435
UBFC_PHYS_s04_T3_test,115,175,120.83333333333333,-1.853758692741394,-0.9359673102174169
UBFC_PHYS_s04_T3_test,115,176,120.86666666666666,-1.6841635704040527,-0.4945487522076591
UBFC_PHYS_s04_T3_test,115,177,120.9,-1.3818272352218628,-0.0017565995996770118
UBFC_PHYS_s04_T3_test,115,178,120.93333333333334,-1.044946312904358,0.477319208895253
UBFC_PHYS_s04_T3_test,115,179,120.96666666666667,-0.6999384164810181,0.885067712978632
UBFC_PHYS_s04_T3_test,115,180,121.0,-0.39270055294036865,1.1840785023719793
UBFC_PHYS_s04_T3_test,115,181,121.03333333333333,-0.17643842101097107,1.3617328168495435
UBFC_PHYS_s04_T3_test,115,182,121.06666666666666,-0.009357331320643425,1.4260368525106508
UBFC_PHYS_s04_T3_test,115,183,121.1,0.1288602203130722,1.3963164403343686
UBFC_PHYS_s04_T3_test,115,184,121.13333333333334,0.18556411564350128,1.2938197595205299
UBFC_PHYS_s04_T3_test,115,185,121.16666666666667,0.15577484667301178,1.1357878299313813
UBFC_PHYS_s04_T3_test,115,186,121.2,0.10865964740514755,0.9338250703370112
UBFC_PHYS_s04_T3_test,115,187,121.23333333333333,0.08021512627601624,0.6952767334113749
UBFC_PHYS_s04_T3_test,115,188,121.26666666666667,0.029932938516139984,0.42578110990435375
UBFC_PHYS_s04_T3_test,115,189,121.3,-0.10746607184410095,0.13171004692877286
UBFC_PHYS_s04_T3_test,115,190,121.33333333333333,-0.3104073405265808,-0.17812419228410034
UBFC_PHYS_s04_T3_test,115,191,121.36666666666666,-0.4170231223106384,-0.49161468415606835
UBFC_PHYS_s04_T3_test,115,192,121.4,-0.2788640260696411,-0.7931093602315589
UBFC_PHYS_s04_T3_test,115,193,121.43333333333334,0.037757862359285355,-1.0634778390644342
UBFC_PHYS_s04_T3_test,115,194,121.46666666666667,0.3413901925086975,-1.2805663835885472
UBFC_PHYS_s04_T3_test,115,195,121.5,0.5515521764755249,-1.4204808966603293
UBFC_PHYS_s04_T3_test,115,196,121.53333333333333,0.6996897459030151,-1.4601190328685985
UBFC_PHYS_s04_T3_test,115,197,121.56666666666666,0.7924097180366516,-1.3809879981666187
UBFC_PHYS_s04_T3_test,115,198,121.6,0.8105639219284058,-1.1738434928151378
UBFC_PHYS_s04_T3_test,115,199,121.63333333333334,0.7740216851234436,-0.8432666129329511
UBFC_PHYS_s04_T3_test,115,200,121.66666666666667,0.714871883392334,-0.41102884784885607
UBFC_PHYS_s04_T3_test,115,201,121.7,0.6398383975028992,0.08310236975739069
UBFC_PHYS_s04_T3_test,115,202,121.73333333333333,0.5368573069572449,0.5844874676590402
UBFC_PHYS_s04_T3_test,115,203,121.76666666666667,0.3774549961090088,1.0313610347479658
UBFC_PHYS_s04_T3_test,115,204,121.8,0.11772213876247406,1.366259434450553
UBFC_PHYS_s04_T3_test,115,205,121.83333333333333,-0.22986812889575958,1.5482233636469547
UBFC_PHYS_s04_T3_test,115,206,121.86666666666666,-0.566359281539917,1.561712511206456
UBFC_PHYS_s04_T3_test,115,207,121.9,-0.8072363138198853,1.4188575227059808
UBFC_PHYS_s04_T3_test,115,208,121.93333333333334,-0.9651867151260376,1.1542689040295864
UBFC_PHYS_s04_T3_test,115,209,121.96666666666667,-1.095949649810791,0.8146465424221407
UBFC_PHYS_s04_T3_test,115,210,122.0,-1.2027699947357178,0.4471496330099883
UBFC_PHYS_s04_T3_test,115,211,122.03333333333333,-1.1790614128112793,0.09026445332167737
UBFC_PHYS_s04_T3_test,115,212,122.06666666666666,-0.8970134258270264,-0.23077895010733881
UBFC_PHYS_s04_T3_test,115,213,122.1,-0.39378222823143005,-0.503929734242353
UBFC_PHYS_s04_T3_test,115,214,122.13333333333334,0.11994390934705734,-0.7266980314370025
UBFC_PHYS_s04_T3_test,115,215,122.16666666666667,0.4858735203742981,-0.9007379327319257
UBFC_PHYS_s04_T3_test,115,216,122.2,0.6999723315238953,-1.0267477982568332
UBFC_PHYS_s04_T3_test,115,217,122.23333333333333,0.7963660359382629,-1.1016648447177537
UBFC_PHYS_s04_T3_test,115,218,122.26666666666667,0.7691493630409241,-1.1191609053755842
UBFC_PHYS_s04_T3_test,115,219,122.3,0.6156619787216187,-1.0729307789013642
UBFC_PHYS_s04_T3_test,115,220,122.33333333333333,0.3794623613357544,-0.960916106028856
UBFC_PHYS_s04_T3_test,115,221,122.36666666666666,0.14103125035762787,-0.7882240933228849
UBFC_PHYS_s04_T3_test,115,222,122.4,-0.021664774045348167,-0.567406630096033
UBFC_PHYS_s04_T3_test,115,223,122.43333333333334,-0.08389385789632797,-0.31639808991755747
UBFC_PHYS_s04_T3_test,115,224,122.46666666666667,-0.07948929071426392,-0.05570078046353117
UBFC_PHYS_s04_T3_test,115,225,122.5,-0.06601249426603317,0.1936484996818805
UBFC_PHYS_s04_T3_test,115,226,122.53333333333333,-0.0853458046913147,0.41120974542663596
UBFC_PHYS_s04_T3_test,115,227,122.56666666666666,-0.11825335025787354,0.5784862313505355
UBFC_PHYS_s04_T3_test,115,228,122.6,-0.09968987107276917,0.6813366705898373
UBFC_PHYS_s04_T3_test,115,229,122.63333333333334,-0.01963789574801922,0.7130517600614822
UBFC_PHYS_s04_T3_test,115,230,122.66666666666667,0.02622024156153202,0.6767357994296511
UBFC_PHYS_s04_T3_test,115,231,122.7,-0.03367988020181656,0.5856155179236207
UBFC_PHYS_s04_T3_test,115,232,122.73333333333333,-0.09736090898513794,0.46074966312449195
UBFC_PHYS_s04_T3_test,115,233,122.76666666666667,0.061300840228796005,0.3267428884641678
UBFC_PHYS_s04_T3_test,115,234,122.8,0.5508505702018738,0.20680628747331248
UBFC_PHYS_s04_T3_test,115,235,122.83333333333333,1.2160371541976929,0.1185607598183741
UBFC_PHYS_s04_T3_test,115,236,122.86666666666666,1.7918754816055298,0.07145572594062498
UBFC_PHYS_s04_T3_test,115,237,122.9,2.131523847579956,0.0659735895540498
UBFC_PHYS_s04_T3_test,115,238,122.93333333333334,2.240556240081787,0.09432662375430295
UBFC_PHYS_s04_T3_test,115,239,122.96666666666667,2.138880968093872,0.14230243717584337
UBFC_PHYS_s04_T3_test,116,0,116.0,-0.07682901620864868,0.10782223715577931
UBFC_PHYS_s04_T3_test,116,1,116.03333333333333,-0.30868253111839294,-0.2299438667682038
UBFC_PHYS_s04_T3_test,116,2,116.06666666666666,-0.5574819445610046,-0.5021849404438777
UBFC_PHYS_s04_T3_test,116,3,116.1,-0.8253612518310547,-0.6518471070644661
UBFC_PHYS_s04_T3_test,116,4,116.13333333333334,-1.0421983003616333,-0.6405039259483066
UBFC_PHYS_s04_T3_test,116,5,116.16666666666667,-1.0432020425796509,-0.4567525512624821
UBFC_PHYS_s04_T3_test,116,6,116.2,-0.742483377456665,-0.12115603590331642
UBFC_PHYS_s04_T3_test,116,7,116.23333333333333,-0.2772464156150818,0.3150725724780283
UBFC_PHYS_s04_T3_test,116,8,116.26666666666667,0.13594456017017365,0.7791028874313937
UBFC_PHYS_s04_T3_test,116,9,116.3,0.43292132019996643,1.1919475489344455
UBFC_PHYS_s04_T3_test,116,10,116.33333333333333,0.6614226698875427,1.4859921173680561
UBFC_PHYS_s04_T3_test,116,11,116.36666666666666,0.8205813765525818,1.6188362936448284
UBFC_PHYS_s04_T3_test,116,12,116.4,0.8906646370887756,1.5791696405692621
UBFC_PHYS_s04_T3_test,116,13,116.43333333333334,0.9095789194107056,1.3837303148928326
UBFC_PHYS_s04_T3_test,116,14,116.46666666666667,0.9108262658119202,1.0676490953096889
UBFC_PHYS_s04_T3_test,116,15,116.5,0.872978150844574,0.6724944350949079
UBFC_PHYS_s04_T3_test,116,16,116.53333333333333,0.8127467632293701,0.23662466116993888
UBFC_PHYS_s04_T3_test,116,17,116.56666666666666,0.7999228239059448,-0.20906254378652833
UBFC_PHYS_s04_T3_test,116,18,116.6,0.8223159313201904,-0.639647069520282
UBFC_PHYS_s04_T3_test,116,19,116.63333333333334,0.7982760071754456,-1.0312893340908382
UBFC_PHYS_s04_T3_test,116,20,116.66666666666667,0.7067351341247559,-1.3565483189478926
UBFC_PHYS_s04_T3_test,116,21,116.7,0.5777164697647095,-1.5831604905210512
UBFC_PHYS_s04_T3_test,116,22,116.73333333333333,0.4054804742336273,-1.6778392822649886
UBFC_PHYS_s04_T3_test,116,23,116.76666666666667,0.16833564639091492,-1.6144248918164317
UBFC_PHYS_s04_T3_test,116,24,116.8,-0.12380778044462204,-1.3837577175559281
UBFC_PHYS_s04_T3_test,116,25,116.83333333333333,-0.4245654344558716,-1.0015614114135285
UBFC_PHYS_s04_T3_test,116,26,116.86666666666666,-0.6194576621055603,-0.5107581293229322
UBFC_PHYS_s04_T3_test,116,27,116.9,-0.5872809290885925,0.02388087892064117
UBFC_PHYS_s04_T3_test,116,28,116.93333333333334,-0.37515053153038025,0.5282778960856512
UBFC_PHYS_s04_T3_test,116,29,116.96666666666667,-0.17635072767734528,0.9353864991224883
UBFC_PHYS_s04_T3_test,116,30,117.0,-0.09597717225551605,1.1998253608633607
UBFC_PHYS_s04_T3_test,116,31,117.03333333333333,-0.0997191071510315,1.3054456335392834
UBFC_PHYS_s04_T3_test,116,32,117.06666666666666,-0.1503521054983139,1.2633355594459554
UBFC_PHYS_s04_T3_test,116,33,117.1,-0.2324114739894867,1.1020144234927907
UBFC_PHYS_s04_T3_test,116,34,117.13333333333334,-0.30793219804763794,0.8549356484824593
UBFC_PHYS_s04_T3_test,116,35,117.16666666666667,-0.3529912829399109,0.5509797654839808
UBFC_PHYS_s04_T3_test,116,36,117.2,-0.3836088478565216,0.21109597548871178
UBFC_PHYS_s04_T3_test,116,37,117.23333333333333,-0.42737188935279846,-0.14922944822849674
UBFC_PHYS_s04_T3_test,116,38,117.26666666666667,-0.4915693700313568,-0.5141717631894757
UBFC_PHYS_s04_T3_test,116,39,117.3,-0.5646539926528931,-0.8616011488198475
UBFC_PHYS_s04_T3_test,116,40,117.33333333333333,-0.6373389959335327,-1.1599551098094056
UBFC_PHYS_s04_T3_test,116,41,117.36666666666666,-0.6966934204101562,-1.3699517701783896
UBFC_PHYS_s04_T3_test,116,42,117.4,-0.7223120331764221,-1.4513088325749788
UBFC_PHYS_s04_T3_test,116,43,117.43333333333334,-0.7202656269073486,-1.3727347175363869
UBFC_PHYS_s04_T3_test,116,44,117.46666666666667,-0.7354379892349243,-1.1223072964065044
UBFC_PHYS_s04_T3_test,116,45,117.5,-0.8174681663513184,-0.7150473984130893
UBFC_PHYS_s04_T3_test,116,46,117.53333333333333,-0.9787122011184692,-0.1948729780026119
UBFC_PHYS_s04_T3_test,116,47,117.56666666666666,-1.1265769004821777,0.3707293359775924
UBFC_PHYS_s04_T3_test,116,48,117.6,-1.091272234916687,0.9029874788826401
UBFC_PHYS_s04_T3_test,116,49,117.63333333333334,-0.7971798777580261,1.3282138860041828
UBFC_PHYS_s04_T3_test,116,50,117.66666666666667,-0.3707751929759979,1.5932534072341589
UBFC_PHYS_s04_T3_test,116,51,117.7,0.012772679328918457,1.6748690596800953
UBFC_PHYS_s04_T3_test,116,52,117.73333333333333,0.30419501662254333,1.5804633118286455
UBFC_PHYS_s04_T3_test,116,53,117.76666666666667,0.5340605974197388,1.3411104349247533
UBFC_PHYS_s04_T3_test,116,54,117.8,0.6971367001533508,1.000359254021134
UBFC_PHYS_s04_T3_test,116,55,117.83333333333333,0.768515944480896,0.602947626070621
UBFC_PHYS_s04_T3_test,116,56,117.86666666666666,0.7674829959869385,0.18677153881680286
UBFC_PHYS_s04_T3_test,116,57,117.9,0.7427414655685425,-0.22021761638097564
UBFC_PHYS_s04_T3_test,116,58,117.93333333333334,0.712386965751648,-0.5983971540063598
UBFC_PHYS_s04_T3_test,116,59,117.96666666666667,0.6696373820304871,-0.9318992019354603
UBFC_PHYS_s04_T3_test,116,60,118.0,0.6231750845909119,-1.2036716593675572
UBFC_PHYS_s04_T3_test,116,61,118.03333333333333,0.5627682209014893,-1.3926497569471568
UBFC_PHYS_s04_T3_test,116,62,118.06666666666666,0.43073850870132446,-1.474540804638677
UBFC_PHYS_s04_T3_test,116,63,118.1,0.21217665076255798,-1.426417603517237
UBFC_PHYS_s04_T3_test,116,64,118.13333333333334,-0.00997124146670103,-1.2341347058326453
UBFC_PHYS_s04_T3_test,116,65,118.16666666666667,-0.16409200429916382,-0.9005064062010948
UBFC_PHYS_s04_T3_test,116,66,118.2,-0.2904113829135895,-0.451275124526923
UBFC_PHYS_s04_T3_test,116,67,118.23333333333333,-0.4755200147628784,0.06420796178360895
UBFC_PHYS_s04_T3_test,116,68,118.26666666666667,-0.737805962562561,0.5793695840117353
UBFC_PHYS_s04_T3_test,116,69,118.3,-0.9778156876564026,1.0230717101430438
UBFC_PHYS_s04_T3_test,116,70,118.33333333333333,-1.0365270376205444,1.3348763766402387
UBFC_PHYS_s04_T3_test,116,71,118.36666666666666,-0.8564660549163818,1.47775760259342
UBFC_PHYS_s04_T3_test,116,72,118.4,-0.5610289573669434,1.4440546883269818
UBFC_PHYS_s04_T3_test,116,73,118.43333333333334,-0.3057396709918976,1.253270181205311
UBFC_PHYS_s04_T3_test,116,74,118.46666666666667,-0.1322271227836609,0.9434704628638863
UBFC_PHYS_s04_T3_test,116,75,118.5,-0.020553888753056526,0.5601678906711717
UBFC_PHYS_s04_T3_test,116,76,118.53333333333333,0.02531399391591549,0.14686205059590873
UBFC_PHYS_s04_T3_test,116,77,118.56666666666666,0.011778729036450386,-0.26004144447102806
UBFC_PHYS_s04_T3_test,116,78,118.6,-0.018887560814619064,-0.6316129487807063
UBFC_PHYS_s04_T3_test,116,79,118.63333333333334,-0.016831446439027786,-0.9438154615453292
UBFC_PHYS_s04_T3_test,116,80,118.66666666666667,0.03898568078875542,-1.1744849984008054
UBFC_PHYS_s04_T3_test,116,81,118.7,0.1344146579504013,-1.3020385293296535
UBFC_PHYS_s04_T3_test,116,82,118.73333333333333,0.2358657866716385,-1.3071146729396892
UBFC_PHYS_s04_T3_test,116,83,118.76666666666667,0.30184656381607056,-1.1771631093095674
UBFC_PHYS_s04_T3_test,116,84,118.8,0.304497092962265,-0.9127563601240225
UBFC_PHYS_s04_T3_test,116,85,118.83333333333333,0.26847127079963684,-0.5332391530347002
UBFC_PHYS_s04_T3_test,116,86,118.86666666666666,0.24859225749969482,-0.07868218534598609
UBFC_PHYS_s04_T3_test,116,87,118.9,0.2439245879650116,0.39415450297090815
UBFC_PHYS_s04_T3_test,116,88,118.93333333333334,0.1948702186346054,0.8217557427585888
UBFC_PHYS_s04_T3_test,116,89,118.96666666666667,0.09599165618419647,1.1468013204071095
UBFC_PHYS_s04_T3_test,116,90,119.0,0.0015176545130088925,1.3297207819691677
UBFC_PHYS_s04_T3_test,116,91,119.03333333333333,-0.0959576815366745,1.354968716472735
UBFC_PHYS_s04_T3_test,116,92,119.06666666666666,-0.27102935314178467,1.2304482695099952
UBFC_PHYS_s04_T3_test,116,93,119.1,-0.5211540460586548,0.9813961142665887
UBFC_PHYS_s04_T3_test,116,94,119.13333333333334,-0.7001527547836304,0.6420562602836221
UBFC_PHYS_s04_T3_test,116,95,119.16666666666667,-0.6333436965942383,0.2486978923518363
UBFC_PHYS_s04_T3_test,116,96,119.2,-0.31794965267181396,-0.16397868760630294
UBFC_PHYS_s04_T3_test,116,97,119.23333333333333,0.04903237521648407,-0.5631223846200144
UBFC_PHYS_s04_T3_test,116,98,119.26666666666667,0.2967403829097748,-0.916282139587633
UBFC_PHYS_s04_T3_test,116,99,119.3,0.46379223465919495,-1.1903850884833997
UBFC_PHYS_s04_T3_test,116,100,119.33333333333333,0.6574273705482483,-1.35305869569566
UBFC_PHYS_s04_T3_test,116,101,119.36666666666666,0.87546306848526,-1.377166461412013
UBFC_PHYS_s04_T3_test,116,102,119.4,1.0698387622833252,-1.247780174270336
UBFC_PHYS_s04_T3_test,116,103,119.43333333333334,1.239365816116333,-0.9692778532551705
UBFC_PHYS_s04_T3_test,116,104,119.46666666666667,1.3762677907943726,-0.5695703783470736
UBFC_PHYS_s04_T3_test,116,105,119.5,1.4453766345977783,-0.09886777535569846
UBFC_PHYS_s04_T3_test,116,106,119.53333333333333,1.4592431783676147,0.3781442351737365
UBFC_PHYS_s04_T3_test,116,107,119.56666666666666,1.4643006324768066,0.7954408658674197
UBFC_PHYS_s04_T3_test,116,108,119.6,1.458999514579773,1.1001974870621338
UBFC_PHYS_s04_T3_test,116,109,119.63333333333334,1.4081424474716187,1.2636162503851223
UBFC_PHYS_s04_T3_test,116,110,119.66666666666667,1.258036494255066,1.2842746438654709
UBFC_PHYS_s04_T3_test,116,111,119.7,0.9315627813339233,1.183369957812866
UBFC_PHYS_s04_T3_test,116,112,119.73333333333333,0.42351776361465454,0.9944337238911882
UBFC_PHYS_s04_T3_test,116,113,119.76666666666667,-0.10387030988931656,0.7518904575846885
UBFC_PHYS_s04_T3_test,116,114,119.8,-0.4713980555534363,0.48260775835474934
UBFC_PHYS_s04_T3_test,116,115,119.83333333333333,-0.7109107971191406,0.20281374159476115
UBFC_PHYS_s04_T3_test,116,116,119.86666666666666,-0.9799400568008423,-0.07955392120697082
UBFC_PHYS_s04_T3_test,116,117,119.9,-1.3415722846984863,-0.35902066363640045
UBFC_PHYS_s04_T3_test,116,118,119.93333333333334,-1.6776833534240723,-0.6263345733501312
UBFC_PHYS_s04_T3_test,116,119,119.96666666666667,-1.7849228382110596,-0.8646610628529802
UBFC_PHYS_s04_T3_test,116,120,120.0,-1.5858794450759888,-1.0496644524317256
UBFC_PHYS_s04_T3_test,116,121,120.03333333333333,-1.2279013395309448,-1.1533054806330232
UBFC_PHYS_s04_T3_test,116,122,120.06666666666666,-0.8979293704032898,-1.1502063113094616
UBFC_PHYS_s04_T3_test,116,123,120.1,-0.6162224411964417,-1.0250805150626452
UBFC_PHYS_s04_T3_test,116,124,120.13333333333334,-0.3274896442890167,-0.7795164309488329
UBFC_PHYS_s04_T3_test,116,125,120.16666666666667,-0.024890240281820297,-0.436012591471775
UBFC_PHYS_s04_T3_test,116,126,120.2,0.25877538323402405,-0.03693139935343792
UBFC_PHYS_s04_T3_test,116,127,120.23333333333333,0.5117064714431763,0.3628678575123153
UBFC_PHYS_s04_T3_test,116,128,120.26666666666667,0.7550586462020874,0.7081663727511959
UBFC_PHYS_s04_T3_test,116,129,120.3,0.9843006134033203,0.956053319073055
UBFC_PHYS_s04_T3_test,116,130,120.33333333333333,1.1582516431808472,1.084363509181001
UBFC_PHYS_s04_T3_test,116,131,120.36666666666666,1.287845253944397,1.0930754485951149
UBFC_PHYS_s04_T3_test,116,132,120.4,1.4323383569717407,0.9990985068216174
UBFC_PHYS_s04_T3_test,116,133,120.43333333333334,1.579257845878601,0.8275391424486346
UBFC_PHYS_s04_T3_test,116,134,120.46666666666667,1.6253595352172852,0.60328348359906
UBFC_PHYS_s04_T3_test,116,135,120.5,1.484842300415039,0.34575276650777026
UBFC_PHYS_s04_T3_test,116,136,120.53333333333333,1.1385480165481567,0.06794232978241613
UBFC_PHYS_s04_T3_test,116,137,120.56666666666666,0.6412123441696167,-0.22087593008956916
UBFC_PHYS_s04_T3_test,116,138,120.6,0.07238046079874039,-0.5106100557891176
UBFC_PHYS_s04_T3_test,116,139,120.63333333333334,-0.5135142207145691,-0.7861504438537489
UBFC_PHYS_s04_T3_test,116,140,120.66666666666667,-1.0717049837112427,-1.0252704463021256
UBFC_PHYS_s04_T3_test,116,141,120.7,-1.4921849966049194,-1.1995834298656356
UBFC_PHYS_s04_T3_test,116,142,120.73333333333333,-1.6890455484390259,-1.278746433353139
UBFC_PHYS_s04_T3_test,116,143,120.76666666666667,-1.7594016790390015,-1.2373065307253428
UBFC_PHYS_s04_T3_test,116,144,120.8,-1.8391612768173218,-1.0626505027965032
UBFC_PHYS_s04_T3_test,116,145,120.83333333333333,-1.853758692741394,-0.7616719278791636
UBFC_PHYS_s04_T3_test,116,146,120.86666666666666,-1.6841635704040527,-0.36348021297356486
UBFC_PHYS_s04_T3_test,116,147,120.9,-1.3818272352218628,0.08380324844522366
UBFC_PHYS_s04_T3_test,116,148,120.93333333333334,-1.044946312904358,0.5222651114594238
UBFC_PHYS_s04_T3_test,116,149,120.96666666666667,-0.6999384164810181,0.897028235718763
UBFC_PHYS_s04_T3_test,116,150,121.0,-0.39270055294036865,1.1682332724688416
UBFC_PHYS_s04_T3_test,116,151,121.03333333333333,-0.17643842101097107,1.3176985908931955
UBFC_PHYS_s04_T3_test,116,152,121.06666666666666,-0.009357331320643425,1.3483042291635319
UBFC_PHYS_s04_T3_test,116,153,121.1,0.1288602203130722,1.277516389379598
UBFC_PHYS_s04_T3_test,116,154,121.13333333333334,0.18556411564350128,1.1285639629521151
UBFC_PHYS_s04_T3_test,116,155,121.16666666666667,0.15577484667301178,0.9229408912841074
UBFC_PHYS_s04_T3_test,116,156,121.2,0.10865964740514755,0.6765903291937005
UBFC_PHYS_s04_T3_test,116,157,121.23333333333333,0.08021512627601624,0.4001578132182681
UBFC_PHYS_s04_T3_test,116,158,121.26666666666667,0.029932938516139984,0.10197827258968077
UBFC_PHYS_s04_T3_test,116,159,121.3,-0.10746607184410095,-0.20831456541382282
UBFC_PHYS_s04_T3_test,116,160,121.33333333333333,-0.3104073405265808,-0.5173079319702827
UBFC_PHYS_s04_T3_test,116,161,121.36666666666666,-0.4170231223106384,-0.8071785747986878
UBFC_PHYS_s04_T3_test,116,162,121.4,-0.2788640260696411,-1.056642826181572
UBFC_PHYS_s04_T3_test,116,163,121.43333333333334,0.037757862359285355,-1.2427906759848142
UBFC_PHYS_s04_T3_test,116,164,121.46666666666667,0.3413901925086975,-1.3433329608150129
UBFC_PHYS_s04_T3_test,116,165,121.5,0.5515521764755249,-1.3393161836935923
UBFC_PHYS_s04_T3_test,116,166,121.53333333333333,0.6996897459030151,-1.2186127824587325
UBFC_PHYS_s04_T3_test,116,167,121.56666666666666,0.7924097180366516,-0.9800169345226559
UBFC_PHYS_s04_T3_test,116,168,121.6,0.8105639219284058,-0.6367362377823258
UBFC_PHYS_s04_T3_test,116,169,121.63333333333334,0.7740216851234436,-0.21752356178575447
UBFC_PHYS_s04_T3_test,116,170,121.66666666666667,0.714871883392334,0.23560562299579457
UBFC_PHYS_s04_T3_test,116,171,121.7,0.6398383975028992,0.6728120693464791
UBFC_PHYS_s04_T3_test,116,172,121.73333333333333,0.5368573069572449,1.0438262749125122
UBFC_PHYS_s04_T3_test,116,173,121.76666666666667,0.3774549961090088,1.3056935084543722
UBFC_PHYS_s04_T3_test,116,174,121.8,0.11772213876247406,1.4292125276731216
UBFC_PHYS_s04_T3_test,116,175,121.83333333333333,-0.22986812889575958,1.402719002492059
UBFC_PHYS_s04_T3_test,116,176,121.86666666666666,-0.566359281539917,1.2325805356931558
UBFC_PHYS_s04_T3_test,116,177,121.9,-0.8072363138198853,0.9407192693713329
UBFC_PHYS_s04_T3_test,116,178,121.93333333333334,-0.9651867151260376,0.5602937615495623
UBFC_PHYS_s04_T3_test,116,179,121.96666666666667,-1.095949649810791,0.13089350881812253
UBFC_PHYS_s04_T3_test,116,180,122.0,-1.2027699947357178,-0.3058678667301509
UBFC_PHYS_s04_T3_test,116,181,122.03333333333333,-1.1790614128112793,-0.710028397680053
UBFC_PHYS_s04_T3_test,116,182,122.06666666666666,-0.8970134258270264,-1.0460371006300884
UBFC_PHYS_s04_T3_test,116,183,122.1,-0.39378222823143005,-1.2845036949750739
UBFC_PHYS_s04_T3_test,116,184,122.13333333333334,0.11994390934705734,-1.4032831634069987
UBFC_PHYS_s04_T3_test,116,185,122.16666666666667,0.4858735203742981,-1.3886515181996304
UBFC_PHYS_s04_T3_test,116,186,122.2,0.6999723315238953,-1.2371764005480803
UBFC_PHYS_s04_T3_test,116,187,122.23333333333333,0.7963660359382629,-0.9581570775927377
UBFC_PHYS_s04_T3_test,116,188,122.26666666666667,0.7691493630409241,-0.5755939468904281
UBFC_PHYS_s04_T3_test,116,189,122.3,0.6156619787216187,-0.12806455643215597
UBFC_PHYS_s04_T3_test,116,190,122.33333333333333,0.3794623613357544,0.33490091957159773
UBFC_PHYS_s04_T3_test,116,191,122.36666666666666,0.14103125035762787,0.7601060452223148
UBFC_PHYS_s04_T3_test,116,192,122.4,-0.021664774045348167,1.0999218866352292
UBFC_PHYS_s04_T3_test,116,193,122.43333333333334,-0.08389385789632797,1.3204495297086873
UBFC_PHYS_s04_T3_test,116,194,122.46666666666667,-0.07948929071426392,1.4058895438933663
UBFC_PHYS_s04_T3_test,116,195,122.5,-0.06601249426603317,1.3582009636022565
UBFC_PHYS_s04_T3_test,116,196,122.53333333333333,-0.0853458046913147,1.1933622342161072
UBFC_PHYS_s04_T3_test,116,197,122.56666666666666,-0.11825335025787354,0.9366205361375952
UBFC_PHYS_s04_T3_test,116,198,122.6,-0.09968987107276917,0.6183319967409907
UBFC_PHYS_s04_T3_test,116,199,122.63333333333334,-0.01963789574801922,0.27056815150512703
UBFC_PHYS_s04_T3_test,116,200,122.66666666666667,0.02622024156153202,-0.07591798910481418
UBFC_PHYS_s04_T3_test,116,201,122.7,-0.03367988020181656,-0.3944611597824159
UBFC_PHYS_s04_T3_test,116,202,122.73333333333333,-0.09736090898513794,-0.6645702637588656
UBFC_PHYS_s04_T3_test,116,203,122.76666666666667,0.061300840228796005,-0.8726344582512444
UBFC_PHYS_s04_T3_test,116,204,122.8,0.5508505702018738,-1.0107391670770949
UBFC_PHYS_s04_T3_test,116,205,122.83333333333333,1.2160371541976929,-1.073906572702433
UBFC_PHYS_s04_T3_test,116,206,122.86666666666666,1.7918754816055298,-1.0572561138080419
UBFC_PHYS_s04_T3_test,116,207,122.9,2.131523847579956,-0.9551747171906625
UBFC_PHYS_s04_T3_test,116,208,122.93333333333334,2.240556240081787,-0.7638591837816562
UBFC_PHYS_s04_T3_test,116,209,122.96666666666667,2.138880968093872,-0.4868472076939243
UBFC_PHYS_s04_T3_test,116,210,123.0,1.831847906112671,-0.14130241264969373
UBFC_PHYS_s04_T3_test,116,211,123.03333333333333,1.3960299491882324,0.23825338077286898
UBFC_PHYS_s04_T3_test,116,212,123.06666666666666,0.9281521439552307,0.6017335714569397
UBFC_PHYS_s04_T3_test,116,213,123.1,0.4279223382472992,0.891850908013004
UBFC_PHYS_s04_T3_test,116,214,123.13333333333334,-0.0970003604888916,1.0571581090492956
UBFC_PHYS_s04_T3_test,116,215,123.16666666666667,-0.5733169317245483,1.0653735096033665
UBFC_PHYS_s04_T3_test,116,216,123.2,-0.9961745738983154,0.9119857532864992
UBFC_PHYS_s04_T3_test,116,217,123.23333333333333,-1.4590532779693604,0.6208949431065417
UBFC_PHYS_s04_T3_test,116,218,123.26666666666667,-2.0189201831817627,0.23726530635130236
UBFC_PHYS_s04_T3_test,116,219,123.3,-2.6448163986206055,-0.18400320307570922
UBFC_PHYS_s04_T3_test,116,220,123.33333333333333,-3.248504877090454,-0.5894612991235636
UBFC_PHYS_s04_T3_test,116,221,123.36666666666666,-3.689769983291626,-0.9342700651918989
UBFC_PHYS_s04_T3_test,116,222,123.4,-3.840538740158081,-1.184289000657716
UBFC_PHYS_s04_T3_test,116,223,123.43333333333334,-3.653140068054199,-1.3148153800216142
UBFC_PHYS_s04_T3_test,116,224,123.46666666666667,-3.1439743041992188,-1.3091545981189194
UBFC_PHYS_s04_T3_test,116,225,123.5,-2.400333881378174,-1.1596570433095608
UBFC_PHYS_s04_T3_test,116,226,123.53333333333333,-1.6099193096160889,-0.871655722429261
UBFC_PHYS_s04_T3_test,116,227,123.56666666666666,-0.9302522540092468,-0.4682117992401922
UBFC_PHYS_s04_T3_test,116,228,123.6,-0.3605141043663025,0.007808040677607097
UBFC_PHYS_s04_T3_test,116,229,123.63333333333334,0.15162363648414612,0.4973183554780155
UBFC_PHYS_s04_T3_test,116,230,123.66666666666667,0.589361310005188,0.9350524589027404
UBFC_PHYS_s04_T3_test,116,231,123.7,0.904813826084137,1.2637450284558298
UBFC_PHYS_s04_T3_test,116,232,123.73333333333333,1.0918713808059692,1.447595299894432
UBFC_PHYS_s04_T3_test,116,233,123.76666666666667,1.187105417251587,1.4797554762137475
UBFC_PHYS_s04_T3_test,116,234,123.8,1.229718565940857,1.3809493216349489
UBFC_PHYS_s04_T3_test,116,235,123.83333333333333,1.2171578407287598,1.190009080304028
UBFC_PHYS_s04_T3_test,116,236,123.86666666666666,1.130050778388977,0.9500943798002958
UBFC_PHYS_s04_T3_test,116,237,123.9,0.9870485663414001,0.6955703978631974
UBFC_PHYS_s04_T3_test,116,238,123.93333333333334,0.8313491940498352,0.4439062074099347
UBFC_PHYS_s04_T3_test,116,239,123.96666666666667,0.6813309192657471,0.19511293584762676
UBFC_PHYS_s04_T3_test,117,0,117.0,-0.09597717225551605,-0.10862867310194342
UBFC_PHYS_s04_T3_test,117,1,117.03333333333333,-0.0997191071510315,-0.3399167120053001
UBFC_PHYS_s04_T3_test,117,2,117.06666666666666,-0.1503521054983139,-0.5439656028638509
UBFC_PHYS_s04_T3_test,117,3,117.1,-0.2324114739894867,-0.70223122713963
UBFC_PHYS_s04_T3_test,117,4,117.13333333333334,-0.30793219804763794,-0.8054398198748642
UBFC_PHYS_s04_T3_test,117,5,117.16666666666667,-0.3529912829399109,-0.8552343458332171
UBFC_PHYS_s04_T3_test,117,6,117.2,-0.3836088478565216,-0.8623813374723626
UBFC_PHYS_s04_T3_test,117,7,117.23333333333333,-0.42737188935279846,-0.8417288118511356
UBFC_PHYS_s04_T3_test,117,8,117.26666666666667,-0.4915693700313568,-0.8051977426476082
UBFC_PHYS_s04_T3_test,117,9,117.3,-0.5646539926528931,-0.7551050925992415
UBFC_PHYS_s04_T3_test,117,10,117.33333333333333,-0.6373389959335327,-0.6809130032366215
UBFC_PHYS_s04_T3_test,117,11,117.36666666666666,-0.6966934204101562,-0.5619119296753177
UBFC_PHYS_s04_T3_test,117,12,117.4,-0.7223120331764221,-0.3758271695264897
UBFC_PHYS_s04_T3_test,117,13,117.43333333333334,-0.7202656269073486,-0.1104249740157487
UBFC_PHYS_s04_T3_test,117,14,117.46666666666667,-0.7354379892349243,0.2262891000586166
UBFC_PHYS_s04_T3_test,117,15,117.5,-0.8174681663513184,0.6015377242900236
UBFC_PHYS_s04_T3_test,117,16,117.53333333333333,-0.9787122011184692,0.9617556822805231
UBFC_PHYS_s04_T3_test,117,17,117.56666666666666,-1.1265769004821777,1.2450653107772
UBFC_PHYS_s04_T3_test,117,18,117.6,-1.091272234916687,1.39836574398441
UBFC_PHYS_s04_T3_test,117,19,117.63333333333334,-0.7971798777580261,1.3925924116072963
UBFC_PHYS_s04_T3_test,117,20,117.66666666666667,-0.3707751929759979,1.2303419737010752
UBFC_PHYS_s04_T3_test,117,21,117.7,0.012772679328918457,0.9433803121674876
UBFC_PHYS_s04_T3_test,117,22,117.73333333333333,0.30419501662254333,0.5816482866050471
UBFC_PHYS_s04_T3_test,117,23,117.76666666666667,0.5340605974197388,0.19843530314094548
UBFC_PHYS_s04_T3_test,117,24,117.8,0.6971367001533508,-0.1627152943765246
UBFC_PHYS_s04_T3_test,117,25,117.83333333333333,0.768515944480896,-0.4751459698809667
UBFC_PHYS_s04_T3_test,117,26,117.86666666666666,0.7674829959869385,-0.728823935763378
UBFC_PHYS_s04_T3_test,117,27,117.9,0.7427414655685425,-0.9241542076378759
UBFC_PHYS_s04_T3_test,117,28,117.93333333333334,0.712386965751648,-1.0632741011894917
UBFC_PHYS_s04_T3_test,117,29,117.96666666666667,0.6696373820304871,-1.142754237434604
UBFC_PHYS_s04_T3_test,117,30,118.0,0.6231750845909119,-1.1508316481653256
UBFC_PHYS_s04_T3_test,117,31,118.03333333333333,0.5627682209014893,-1.0705061168392167
UBFC_PHYS_s04_T3_test,117,32,118.06666666666666,0.43073850870132446,-0.8875445029945852
UBFC_PHYS_s04_T3_test,117,33,118.1,0.21217665076255798,-0.6003205853596074
UBFC_PHYS_s04_T3_test,117,34,118.13333333333334,-0.00997124146670103,-0.2272514650363998
UBFC_PHYS_s04_T3_test,117,35,118.16666666666667,-0.16409200429916382,0.19184588777789097
UBFC_PHYS_s04_T3_test,117,36,118.2,-0.2904113829135895,0.6017975284126564
UBFC_PHYS_s04_T3_test,117,37,118.23333333333333,-0.4755200147628784,0.9438610609613168
UBFC_PHYS_s04_T3_test,117,38,118.26666666666667,-0.737805962562561,1.169444488150531
UBFC_PHYS_s04_T3_test,117,39,118.3,-0.9778156876564026,1.251213647758424
UBFC_PHYS_s04_T3_test,117,40,118.33333333333333,-1.0365270376205444,1.1878691805218229
UBFC_PHYS_s04_T3_test,117,41,118.36666666666666,-0.8564660549163818,1.001249741488659
UBFC_PHYS_s04_T3_test,117,42,118.4,-0.5610289573669434,0.7276195314656008
UBFC_PHYS_s04_T3_test,117,43,118.43333333333334,-0.3057396709918976,0.4071539540483065
UBFC_PHYS_s04_T3_test,117,44,118.46666666666667,-0.1322271227836609,0.07544096470009662
UBFC_PHYS_s04_T3_test,117,45,118.5,-0.020553888753056526,-0.24094866903768242
UBFC_PHYS_s04_T3_test,117,46,118.53333333333333,0.02531399391591549,-0.5246139761300425
UBFC_PHYS_s04_T3_test,117,47,118.56666666666666,0.011778729036450386,-0.7643049110518123
UBFC_PHYS_s04_T3_test,117,48,118.6,-0.018887560814619064,-0.9505881123130645
UBFC_PHYS_s04_T3_test,117,49,118.63333333333334,-0.016831446439027786,-1.072236646443067
UBFC_PHYS_s04_T3_test,117,50,118.66666666666667,0.03898568078875542,-1.1150189599841325
UBFC_PHYS_s04_T3_test,117,51,118.7,0.1344146579504013,-1.0637432885499145
UBFC_PHYS_s04_T3_test,117,52,118.73333333333333,0.2358657866716385,-0.9072880656248142
UBFC_PHYS_s04_T3_test,117,53,118.76666666666667,0.30184656381607056,-0.6451278780499655
UBFC_PHYS_s04_T3_test,117,54,118.8,0.304497092962265,-0.29289868659170676
UBFC_PHYS_s04_T3_test,117,55,118.83333333333333,0.26847127079963684,0.11566507225912805
UBFC_PHYS_s04_T3_test,117,56,118.86666666666666,0.24859225749969482,0.5321794774347895
UBFC_PHYS_s04_T3_test,117,57,118.9,0.2439245879650116,0.9022437529801701
UBFC_PHYS_s04_T3_test,117,58,118.93333333333334,0.1948702186346054,1.1767323328913946
UBFC_PHYS_s04_T3_test,117,59,118.96666666666667,0.09599165618419647,1.3218210420437917
UBFC_PHYS_s04_T3_test,117,60,119.0,0.0015176545130088925,1.3243050784544284
UBFC_PHYS_s04_T3_test,117,61,119.03333333333333,-0.0959576815366745,1.1909287341384267
UBFC_PHYS_s04_T3_test,117,62,119.06666666666666,-0.27102935314178467,0.943147162814387
UBFC_PHYS_s04_T3_test,117,63,119.1,-0.5211540460586548,0.6104395713700219
UBFC_PHYS_s04_T3_test,117,64,119.13333333333334,-0.7001527547836304,0.2250793743431137
UBFC_PHYS_s04_T3_test,117,65,119.16666666666667,-0.6333436965942383,-0.18034145317046493
UBFC_PHYS_s04_T3_test,117,66,119.2,-0.31794965267181396,-0.5731424266919057
UBFC_PHYS_s04_T3_test,117,67,119.23333333333333,0.04903237521648407,-0.9201292810959716
UBFC_PHYS_s04_T3_test,117,68,119.26666666666667,0.2967403829097748,-1.188137419701312
UBFC_PHYS_s04_T3_test,117,69,119.3,0.46379223465919495,-1.346509645860338
UBFC_PHYS_s04_T3_test,117,70,119.33333333333333,0.6574273705482483,-1.3716149410822467
UBFC_PHYS_s04_T3_test,117,71,119.36666666666666,0.87546306848526,-1.252546241120893
UBFC_PHYS_s04_T3_test,117,72,119.4,1.0698387622833252,-0.9961682856948778
UBFC_PHYS_s04_T3_test,117,73,119.43333333333334,1.239365816116333,-0.6292776177288583
UBFC_PHYS_s04_T3_test,117,74,119.46666666666667,1.3762677907943726,-0.19623803507910706
UBFC_PHYS_s04_T3_test,117,75,119.5,1.4453766345977783,0.24814424485175998
UBFC_PHYS_s04_T3_test,117,76,119.53333333333333,1.4592431783676147,0.6490756654588292
UBFC_PHYS_s04_T3_test,117,77,119.56666666666666,1.4643006324768066,0.9626383601631069
UBFC_PHYS_s04_T3_test,117,78,119.6,1.458999514579773,1.1634021738534381
UBFC_PHYS_s04_T3_test,117,79,119.63333333333334,1.4081424474716187,1.2460094158666755
UBFC_PHYS_s04_T3_test,117,80,119.66666666666667,1.258036494255066,1.2205564463464877
UBFC_PHYS_s04_T3_test,117,81,119.7,0.9315627813339233,1.1044203668093353
UBFC_PHYS_s04_T3_test,117,82,119.73333333333333,0.42351776361465454,0.9144989174267326
UBFC_PHYS_s04_T3_test,117,83,119.76666666666667,-0.10387030988931656,0.6631423268296376
UBFC_PHYS_s04_T3_test,117,84,119.8,-0.4713980555534363,0.35895317954431133
UBFC_PHYS_s04_T3_test,117,85,119.83333333333333,-0.7109107971191406,0.011330395536466477
UBFC_PHYS_s04_T3_test,117,86,119.86666666666666,-0.9799400568008423,-0.3637868719990491
UBFC_PHYS_s04_T3_test,117,87,119.9,-1.3415722846984863,-0.739781527406997
UBFC_PHYS_s04_T3_test,117,88,119.93333333333334,-1.6776833534240723,-1.078972129978766
UBFC_PHYS_s04_T3_test,117,89,119.96666666666667,-1.7849228382110596,-1.3368628558421678
UBFC_PHYS_s04_T3_test,117,90,120.0,-1.5858794450759888,-1.4704067361755373
UBFC_PHYS_s04_T3_test,117,91,120.03333333333333,-1.2279013395309448,-1.4482765951902818
UBFC_PHYS_s04_T3_test,117,92,120.06666666666666,-0.8979293704032898,-1.2602471794200927
UBFC_PHYS_s04_T3_test,117,93,120.1,-0.6162224411964417,-0.9227070485487299
UBFC_PHYS_s04_T3_test,117,94,120.13333333333334,-0.3274896442890167,-0.47814828955825367
UBFC_PHYS_s04_T3_test,117,95,120.16666666666667,-0.024890240281820297,0.01201496626062657
UBFC_PHYS_s04_T3_test,117,96,120.2,0.25877538323402405,0.4801031054638533
UBFC_PHYS_s04_T3_test,117,97,120.23333333333333,0.5117064714431763,0.8671132745604962
UBFC_PHYS_s04_T3_test,117,98,120.26666666666667,0.7550586462020874,1.1352290288693356
UBFC_PHYS_s04_T3_test,117,99,120.3,0.9843006134033203,1.2734874619962093
UBFC_PHYS_s04_T3_test,117,100,120.33333333333333,1.1582516431808472,1.2949100183682212
UBFC_PHYS_s04_T3_test,117,101,120.36666666666666,1.287845253944397,1.2269448356284656
UBFC_PHYS_s04_T3_test,117,102,120.4,1.4323383569717407,1.099365900028785
UBFC_PHYS_s04_T3_test,117,103,120.43333333333334,1.579257845878601,0.9341002262188898
UBFC_PHYS_s04_T3_test,117,104,120.46666666666667,1.6253595352172852,0.7401560117826098
UBFC_PHYS_s04_T3_test,117,105,120.5,1.484842300415039,0.5147096336434832
UBFC_PHYS_s04_T3_test,117,106,120.53333333333333,1.1385480165481567,0.24932011335058799
UBFC_PHYS_s04_T3_test,117,107,120.56666666666666,0.6412123441696167,-0.061289044952210964
UBFC_PHYS_s04_T3_test,117,108,120.6,0.07238046079874039,-0.4111228010163984
UBFC_PHYS_s04_T3_test,117,109,120.63333333333334,-0.5135142207145691,-0.7783932460767008
UBFC_PHYS_s04_T3_test,117,110,120.66666666666667,-1.0717049837112427,-1.126234855214643
UBFC_PHYS_s04_T3_test,117,111,120.7,-1.4921849966049194,-1.4085722930607392
UBFC_PHYS_s04_T3_test,117,112,120.73333333333333,-1.6890455484390259,-1.5794697695844506
UBFC_PHYS_s04_T3_test,117,113,120.76666666666667,-1.7594016790390015,-1.6034099192822153
UBFC_PHYS_s04_T3_test,117,114,120.8,-1.8391612768173218,-1.4639717598510513
UBFC_PHYS_s04_T3_test,117,115,120.83333333333333,-1.853758692741394,-1.1689501660345143
UBFC_PHYS_s04_T3_test,117,116,120.86666666666666,-1.6841635704040527,-0.7506516666834625
UBFC_PHYS_s04_T3_test,117,117,120.9,-1.3818272352218628,-0.2608407582531217
UBFC_PHYS_s04_T3_test,117,118,120.93333333333334,-1.044946312904358,0.23916464541739643
UBFC_PHYS_s04_T3_test,117,119,120.96666666666667,-0.6999384164810181,0.6911170234331201
UBFC_PHYS_s04_T3_test,117,120,121.0,-0.39270055294036865,1.0512670896310194
UBFC_PHYS_s04_T3_test,117,121,121.03333333333333,-0.17643842101097107,1.296497369607246
UBFC_PHYS_s04_T3_test,117,122,121.06666666666666,-0.009357331320643425,1.4234600728947822
UBFC_PHYS_s04_T3_test,117,123,121.1,0.1288602203130722,1.4423611517384802
UBFC_PHYS_s04_T3_test,117,124,121.13333333333334,0.18556411564350128,1.3690116921278768
UBFC_PHYS_s04_T3_test,117,125,121.16666666666667,0.15577484667301178,1.2185832476074954
UBFC_PHYS_s04_T3_test,117,126,121.2,0.10865964740514755,1.0027616746761847
UBFC_PHYS_s04_T3_test,117,127,121.23333333333333,0.08021512627601624,0.7300960573923462
UBFC_PHYS_s04_T3_test,117,128,121.26666666666667,0.029932938516139984,0.40838283454838387
UBFC_PHYS_s04_T3_test,117,129,121.3,-0.10746607184410095,0.04779011439096985
UBFC_PHYS_s04_T3_test,117,130,121.33333333333333,-0.3104073405265808,-0.336451874994043
UBFC_PHYS_s04_T3_test,117,131,121.36666666666666,-0.4170231223106384,-0.7226825114406502
UBFC_PHYS_s04_T3_test,117,132,121.4,-0.2788640260696411,-1.083139424929287
UBFC_PHYS_s04_T3_test,117,133,121.43333333333334,0.037757862359285355,-1.3858239681774762
UBFC_PHYS_s04_T3_test,117,134,121.46666666666667,0.3413901925086975,-1.597477563272377
UBFC_PHYS_s04_T3_test,117,135,121.5,0.5515521764755249,-1.6873938773844153
UBFC_PHYS_s04_T3_test,117,136,121.53333333333333,0.6996897459030151,-1.6321412761476926
UBFC_PHYS_s04_T3_test,117,137,121.56666666666666,0.7924097180366516,-1.421159089699611
UBFC_PHYS_s04_T3_test,117,138,121.6,0.8105639219284058,-1.06226920070033
UBFC_PHYS_s04_T3_test,117,139,121.63333333333334,0.7740216851234436,-0.5850009624867157
UBFC_PHYS_s04_T3_test,117,140,121.66666666666667,0.714871883392334,-0.03929033741712758
UBFC_PHYS_s04_T3_test,117,141,121.7,0.6398383975028992,0.511667802157543
UBFC_PHYS_s04_T3_test,117,142,121.73333333333333,0.5368573069572449,1.003104209460078
UBFC_PHYS_s04_T3_test,117,143,121.76666666666667,0.3774549961090088,1.3813333759196482
UBFC_PHYS_s04_T3_test,117,144,121.8,0.11772213876247406,1.613345973621099
UBFC_PHYS_s04_T3_test,117,145,121.83333333333333,-0.22986812889575958,1.6905777848823487
UBFC_PHYS_s04_T3_test,117,146,121.86666666666666,-0.566359281539917,1.6262571575630433
UBFC_PHYS_s04_T3_test,117,147,121.9,-0.8072363138198853,1.447947320423618
UBFC_PHYS_s04_T3_test,117,148,121.93333333333334,-0.9651867151260376,1.1884163337467186
UBFC_PHYS_s04_T3_test,117,149,121.96666666666667,-1.095949649810791,0.8780750829270765
UBFC_PHYS_s04_T3_test,117,150,122.0,-1.2027699947357178,0.5408725777360349
UBFC_PHYS_s04_T3_test,117,151,122.03333333333333,-1.1790614128112793,0.1937684307542724
UBFC_PHYS_s04_T3_test,117,152,122.06666666666666,-0.8970134258270264,-0.1512187698916077
UBFC_PHYS_s04_T3_test,117,153,122.1,-0.39378222823143005,-0.483794048433379
UBFC_PHYS_s04_T3_test,117,154,122.13333333333334,0.11994390934705734,-0.7924198070319871
UBFC_PHYS_s04_T3_test,117,155,122.16666666666667,0.4858735203742981,-1.0626181780921513
UBFC_PHYS_s04_T3_test,117,156,122.2,0.6999723315238953,-1.2767924324726316
UBFC_PHYS_s04_T3_test,117,157,122.23333333333333,0.7963660359382629,-1.4152474611956651
UBFC_PHYS_s04_T3_test,117,158,122.26666666666667,0.7691493630409241,-1.4581533723144375
UBFC_PHYS_s04_T3_test,117,159,122.3,0.6156619787216187,-1.388625085583611
UBFC_PHYS_s04_T3_test,117,160,122.33333333333333,0.3794623613357544,-1.1972312945870658
UBFC_PHYS_s04_T3_test,117,161,122.36666666666666,0.14103125035762787,-0.8875499427548561
UBFC_PHYS_s04_T3_test,117,162,122.4,-0.021664774045348167,-0.4809805128176075
UBFC_PHYS_s04_T3_test,117,163,122.43333333333334,-0.08389385789632797,-0.01800511646367045
UBFC_PHYS_s04_T3_test,117,164,122.46666666666667,-0.07948929071426392,0.4463584594737182
UBFC_PHYS_s04_T3_test,117,165,122.5,-0.06601249426603317,0.8527688545205632
UBFC_PHYS_s04_T3_test,117,166,122.53333333333333,-0.0853458046913147,1.1501468687618093
UBFC_PHYS_s04_T3_test,117,167,122.56666666666666,-0.11825335025787354,1.305870284426624
UBFC_PHYS_s04_T3_test,117,168,122.6,-0.09968987107276917,1.3103671657466986
UBFC_PHYS_s04_T3_test,117,169,122.63333333333334,-0.01963789574801922,1.175737673226172
UBFC_PHYS_s04_T3_test,117,170,122.66666666666667,0.02622024156153202,0.9298978130231482
UBFC_PHYS_s04_T3_test,117,171,122.7,-0.03367988020181656,0.6085334509923375
UBFC_PHYS_s04_T3_test,117,172,122.73333333333333,-0.09736090898513794,0.24754219348954407
UBFC_PHYS_s04_T3_test,117,173,122.76666666666667,0.061300840228796005,-0.12166072087945538
UBFC_PHYS_s04_T3_test,117,174,122.8,0.5508505702018738,-0.4729469867248478
UBFC_PHYS_s04_T3_test,117,175,122.83333333333333,1.2160371541976929,-0.7831983433548779
UBFC_PHYS_s04_T3_test,117,176,122.86666666666666,1.7918754816055298,-1.0291444738323832
UBFC_PHYS_s04_T3_test,117,177,122.9,2.131523847579956,-1.1858624899153332
UBFC_PHYS_s04_T3_test,117,178,122.93333333333334,2.240556240081787,-1.2286848581502163
UBFC_PHYS_s04_T3_test,117,179,122.96666666666667,2.138880968093872,-1.1386832629034151
UBFC_PHYS_s04_T3_test,117,180,123.0,1.831847906112671,-0.9101650397911522
UBFC_PHYS_s04_T3_test,117,181,123.03333333333333,1.3960299491882324,-0.5573452776501401
UBFC_PHYS_s04_T3_test,117,182,123.06666666666666,0.9281521439552307,-0.1170346844358456
UBFC_PHYS_s04_T3_test,117,183,123.1,0.4279223382472992,0.35490199856199356
UBFC_PHYS_s04_T3_test,117,184,123.13333333333334,-0.0970003604888916,0.7935064732707994
UBFC_PHYS_s04_T3_test,117,185,123.16666666666667,-0.5733169317245483,1.138695548731655
UBFC_PHYS_s04_T3_test,117,186,123.2,-0.9961745738983154,1.3487431052891574
UBFC_PHYS_s04_T3_test,117,187,123.23333333333333,-1.4590532779693604,1.408509323239077
UBFC_PHYS_s04_T3_test,117,188,123.26666666666667,-2.0189201831817627,1.3297090256399928
UBFC_PHYS_s04_T3_test,117,189,123.3,-2.6448163986206055,1.1438193411051303
UBFC_PHYS_s04_T3_test,117,190,123.33333333333333,-3.248504877090454,0.8910105377662695
UBFC_PHYS_s04_T3_test,117,191,123.36666666666666,-3.689769983291626,0.609395684688767
UBFC_PHYS_s04_T3_test,117,192,123.4,-3.840538740158081,0.32770647894794225
UBFC_PHYS_s04_T3_test,117,193,123.43333333333334,-3.653140068054199,0.062411340712631914
UBFC_PHYS_s04_T3_test,117,194,123.46666666666667,-3.1439743041992188,-0.18129402814876155
UBFC_PHYS_s04_T3_test,117,195,123.5,-2.400333881378174,-0.4058718769958703
UBFC_PHYS_s04_T3_test,117,196,123.53333333333333,-1.6099193096160889,-0.61652867150985
UBFC_PHYS_s04_T3_test,117,197,123.56666666666666,-0.9302522540092468,-0.8162386401165763
UBFC_PHYS_s04_T3_test,117,198,123.6,-0.3605141043663025,-1.0018967804994219
UBFC_PHYS_s04_T3_test,117,199,123.63333333333334,0.15162363648414612,-1.1625690706127112
UBFC_PHYS_s04_T3_test,117,200,123.66666666666667,0.589361310005188,-1.2802211430015438
UBFC_PHYS_s04_T3_test,117,201,123.7,0.904813826084137,-1.3327017570500292
UBFC_PHYS_s04_T3_test,117,202,123.73333333333333,1.0918713808059692,-1.2984554087787514
UBFC_PHYS_s04_T3_test,117,203,123.76666666666667,1.187105417251587,-1.1622068369734904
UBFC_PHYS_s04_T3_test,117,204,123.8,1.229718565940857,-0.9204120523424161
UBFC_PHYS_s04_T3_test,117,205,123.83333333333333,1.2171578407287598,-0.5847824185319925
UBFC_PHYS_s04_T3_test,117,206,123.86666666666666,1.130050778388977,-0.18222646586990365
UBFC_PHYS_s04_T3_test,117,207,123.9,0.9870485663414001,0.2492088438068893
UBFC_PHYS_s04_T3_test,117,208,123.93333333333334,0.8313491940498352,0.6667170958989475
UBFC_PHYS_s04_T3_test,117,209,123.96666666666667,0.6813309192657471,1.0288510777266717
UBFC_PHYS_s04_T3_test,117,210,124.0,0.5218798518180847,1.3002327520057735
UBFC_PHYS_s04_T3_test,117,211,124.03333333333333,0.33524131774902344,1.4553900320053683
UBFC_PHYS_s04_T3_test,117,212,124.06666666666666,0.16636723279953003,1.4820494291252815
UBFC_PHYS_s04_T3_test,117,213,124.1,0.1446172595024109,1.3830675783422695
UBFC_PHYS_s04_T3_test,117,214,124.13333333333334,0.37141332030296326,1.1759224524534364
UBFC_PHYS_s04_T3_test,117,215,124.16666666666667,0.7709034085273743,0.8894176908608663
UBFC_PHYS_s04_T3_test,117,216,124.2,1.150085687637329,0.5582124694645534
UBFC_PHYS_s04_T3_test,117,217,124.23333333333333,1.404975414276123,0.21651869115231537
UBFC_PHYS_s04_T3_test,117,218,124.26666666666667,1.569903016090393,-0.10739843789117218
UBFC_PHYS_s04_T3_test,117,219,124.3,1.6966413259506226,-0.39454327585191384
UBFC_PHYS_s04_T3_test,117,220,124.33333333333333,1.796377420425415,-0.635672925637119
UBFC_PHYS_s04_T3_test,117,221,124.36666666666666,1.8754160404205322,-0.8290005973969237
UBFC_PHYS_s04_T3_test,117,222,124.4,1.929430365562439,-0.975688412295747
UBFC_PHYS_s04_T3_test,117,223,124.43333333333334,1.9311552047729492,-1.0743923623887233
UBFC_PHYS_s04_T3_test,117,224,124.46666666666667,1.8513954877853394,-1.117096681838973
UBFC_PHYS_s04_T3_test,117,225,124.5,1.6618530750274658,-1.0887452398757285
UBFC_PHYS_s04_T3_test,117,226,124.53333333333333,1.336422085762024,-0.9718922188105138
UBFC_PHYS_s04_T3_test,117,227,124.56666666666666,0.9238450527191162,-0.7552637662192222
UBFC_PHYS_s04_T3_test,117,228,124.6,0.5219675302505493,-0.4429789696235248
UBFC_PHYS_s04_T3_test,117,229,124.63333333333334,0.1595654934644699,-0.06026686783068195
UBFC_PHYS_s04_T3_test,117,230,124.66666666666667,-0.2406846433877945,0.34762078249767825
UBFC_PHYS_s04_T3_test,117,231,124.7,-0.7151204943656921,0.7241125173247707
UBFC_PHYS_s04_T3_test,117,232,124.73333333333333,-1.1292275190353394,1.0152068072876648
UBFC_PHYS_s04_T3_test,117,233,124.76666666666667,-1.2938627004623413,1.1835566822821257
UBFC_PHYS_s04_T3_test,117,234,124.8,-1.2168607711791992,1.2172104114083235
UBFC_PHYS_s04_T3_test,117,235,124.83333333333333,-1.085688591003418,1.129498760136474
UBFC_PHYS_s04_T3_test,117,236,124.86666666666666,-1.0476845502853394,0.9504891631716037
UBFC_PHYS_s04_T3_test,117,237,124.9,-1.1290422677993774,0.7142445230026412
UBFC_PHYS_s04_T3_test,117,238,124.93333333333334,-1.291621446609497,0.4478074303170477
UBFC_PHYS_s04_T3_test,117,239,124.96666666666667,-1.4888718128204346,0.1666937897043201
UBFC_PHYS_s04_T3_test,118,0,118.0,0.6231750845909119,0.1813993631203235
UBFC_PHYS_s04_T3_test,118,1,118.03333333333333,0.5627682209014893,0.06331389130881766
UBFC_PHYS_s04_T3_test,118,2,118.06666666666666,0.43073850870132446,-0.0020111975584390304
UBFC_PHYS_s04_T3_test,118,3,118.1,0.21217665076255798,0.025644750163417607
UBFC_PHYS_s04_T3_test,118,4,118.13333333333334,-0.00997124146670103,0.16063676783358558
UBFC_PHYS_s04_T3_test,118,5,118.16666666666667,-0.16409200429916382,0.3885111352223274
UBFC_PHYS_s04_T3_test,118,6,118.2,-0.2904113829135895,0.6711028948266409
UBFC_PHYS_s04_T3_test,118,7,118.23333333333333,-0.4755200147628784,0.9573374407872732
UBFC_PHYS_s04_T3_test,118,8,118.26666666666667,-0.737805962562561,1.1958216281937946
UBFC_PHYS_s04_T3_test,118,9,118.3,-0.9778156876564026,1.3453908587909003
UBFC_PHYS_s04_T3_test,118,10,118.33333333333333,-1.0365270376205444,1.3810494441665855
UBFC_PHYS_s04_T3_test,118,11,118.36666666666666,-0.8564660549163818,1.2946747168970092
UBFC_PHYS_s04_T3_test,118,12,118.4,-0.5610289573669434,1.0918129859210914
UBFC_PHYS_s04_T3_test,118,13,118.43333333333334,-0.3057396709918976,0.7870534471952743
UBFC_PHYS_s04_T3_test,118,14,118.46666666666667,-0.1322271227836609,0.40034701683161134
UBFC_PHYS_s04_T3_test,118,15,118.5,-0.020553888753056526,-0.044454319457953195
UBFC_PHYS_s04_T3_test,118,16,118.53333333333333,0.02531399391591549,-0.5189282420552911
UBFC_PHYS_s04_T3_test,118,17,118.56666666666666,0.011778729036450386,-0.9884120315787459
UBFC_PHYS_s04_T3_test,118,18,118.6,-0.018887560814619064,-1.4109201617687213
UBFC_PHYS_s04_T3_test,118,19,118.63333333333334,-0.016831446439027786,-1.7383214202311008
UBFC_PHYS_s04_T3_test,118,20,118.66666666666667,0.03898568078875542,-1.9212364684412202
UBFC_PHYS_s04_T3_test,118,21,118.7,0.1344146579504013,-1.9181044314792604
UBFC_PHYS_s04_T3_test,118,22,118.73333333333333,0.2358657866716385,-1.70685807767884
UBFC_PHYS_s04_T3_test,118,23,118.76666666666667,0.30184656381607056,-1.2955800445101813
UBFC_PHYS_s04_T3_test,118,24,118.8,0.304497092962265,-0.7276560633852375
UBFC_PHYS_s04_T3_test,118,25,118.83333333333333,0.26847127079963684,-0.07791166512895772
UBFC_PHYS_s04_T3_test,118,26,118.86666666666666,0.24859225749969482,0.5610464812940487
UBFC_PHYS_s04_T3_test,118,27,118.9,0.2439245879650116,1.099183392394256
UBFC_PHYS_s04_T3_test,118,28,118.93333333333334,0.1948702186346054,1.4694491764979054
UBFC_PHYS_s04_T3_test,118,29,118.96666666666667,0.09599165618419647,1.640776773225943
UBFC_PHYS_s04_T3_test,118,30,119.0,0.0015176545130088925,1.6192149623857057
UBFC_PHYS_s04_T3_test,118,31,119.03333333333333,-0.0959576815366745,1.437957140322745
UBFC_PHYS_s04_T3_test,118,32,119.06666666666666,-0.27102935314178467,1.1415491349994855
UBFC_PHYS_s04_T3_test,118,33,119.1,-0.5211540460586548,0.7714093460633984
UBFC_PHYS_s04_T3_test,118,34,119.13333333333334,-0.7001527547836304,0.35837817013453593
UBFC_PHYS_s04_T3_test,118,35,119.16666666666667,-0.6333436965942383,-0.07579952276125458
UBFC_PHYS_s04_T3_test,118,36,119.2,-0.31794965267181396,-0.5105552511035549
UBFC_PHYS_s04_T3_test,118,37,119.23333333333333,0.04903237521648407,-0.9176207653192271
UBFC_PHYS_s04_T3_test,118,38,119.26666666666667,0.2967403829097748,-1.2569289373875767
UBFC_PHYS_s04_T3_test,118,39,119.3,0.46379223465919495,-1.4806064863467794
UBFC_PHYS_s04_T3_test,118,40,119.33333333333333,0.6574273705482483,-1.5444491621144227
UBFC_PHYS_s04_T3_test,118,41,119.36666666666666,0.87546306848526,-1.4225803552375011
UBFC_PHYS_s04_T3_test,118,42,119.4,1.0698387622833252,-1.1191796897614061
UBFC_PHYS_s04_T3_test,118,43,119.43333333333334,1.239365816116333,-0.6721257394758305
UBFC_PHYS_s04_T3_test,118,44,119.46666666666667,1.3762677907943726,-0.14671721480982072
UBFC_PHYS_s04_T3_test,118,45,119.5,1.4453766345977783,0.37858022643131173
UBFC_PHYS_s04_T3_test,118,46,119.53333333333333,1.4592431783676147,0.8299661775409292
UBFC_PHYS_s04_T3_test,118,47,119.56666666666666,1.4643006324768066,1.1544188306157734
UBFC_PHYS_s04_T3_test,118,48,119.6,1.458999514579773,1.3291484652013714
UBFC_PHYS_s04_T3_test,118,49,119.63333333333334,1.4081424474716187,1.361452900677123
UBFC_PHYS_s04_T3_test,118,50,119.66666666666667,1.258036494255066,1.2796138025661465
UBFC_PHYS_s04_T3_test,118,51,119.7,0.9315627813339233,1.1190107099574522
UBFC_PHYS_s04_T3_test,118,52,119.73333333333333,0.42351776361465454,0.9092531823962293
UBFC_PHYS_s04_T3_test,118,53,119.76666666666667,-0.10387030988931656,0.6671280154150057
UBFC_PHYS_s04_T3_test,118,54,119.8,-0.4713980555534363,0.3971453522492137
UBFC_PHYS_s04_T3_test,118,55,119.83333333333333,-0.7109107971191406,0.09815232314819915
UBFC_PHYS_s04_T3_test,118,56,119.86666666666666,-0.9799400568008423,-0.2275471567627369
UBFC_PHYS_s04_T3_test,118,57,119.9,-1.3415722846984863,-0.5665118711715947
UBFC_PHYS_s04_T3_test,118,58,119.93333333333334,-1.6776833534240723,-0.8909915812055307
UBFC_PHYS_s04_T3_test,118,59,119.96666666666667,-1.7849228382110596,-1.1616403913658717
UBFC_PHYS_s04_T3_test,118,60,120.0,-1.5858794450759888,-1.3354893566217658
UBFC_PHYS_s04_T3_test,118,61,120.03333333333333,-1.2279013395309448,-1.3768881258665358
UBFC_PHYS_s04_T3_test,118,62,120.06666666666666,-0.8979293704032898,-1.2682617409760917
UBFC_PHYS_s04_T3_test,118,63,120.1,-0.6162224411964417,-1.0174816944624352
UBFC_PHYS_s04_T3_test,118,64,120.13333333333334,-0.3274896442890167,-0.6592575897879728
UBFC_PHYS_s04_T3_test,118,65,120.16666666666667,-0.024890240281820297,-0.24913947231656233
UBFC_PHYS_s04_T3_test,118,66,120.2,0.25877538323402405,0.14941474163695054
UBFC_PHYS_s04_T3_test,118,67,120.23333333333333,0.5117064714431763,0.48169233597151356
UBFC_PHYS_s04_T3_test,118,68,120.26666666666667,0.7550586462020874,0.7160830565454697
UBFC_PHYS_s04_T3_test,118,69,120.3,0.9843006134033203,0.8499043721171093
UBFC_PHYS_s04_T3_test,118,70,120.33333333333333,1.1582516431808472,0.9042214745441226
UBFC_PHYS_s04_T3_test,118,71,120.36666666666666,1.287845253944397,0.9104713612084685
UBFC_PHYS_s04_T3_test,118,72,120.4,1.4323383569717407,0.8950166794081584
UBFC_PHYS_s04_T3_test,118,73,120.43333333333334,1.579257845878601,0.867811138931001
UBFC_PHYS_s04_T3_test,118,74,120.46666666666667,1.6253595352172852,0.8188560566601281
UBFC_PHYS_s04_T3_test,118,75,120.5,1.484842300415039,0.7228753955528554
UBFC_PHYS_s04_T3_test,118,76,120.53333333333333,1.1385480165481567,0.5502009522871395
UBFC_PHYS_s04_T3_test,118,77,120.56666666666666,0.6412123441696167,0.2804398153522356
UBFC_PHYS_s04_T3_test,118,78,120.6,0.07238046079874039,-0.08523561641026602
UBFC_PHYS_s04_T3_test,118,79,120.63333333333334,-0.5135142207145691,-0.5172314412637776
UBFC_PHYS_s04_T3_test,118,80,120.66666666666667,-1.0717049837112427,-0.958920216825874
UBFC_PHYS_s04_T3_test,118,81,120.7,-1.4921849966049194,-1.3367345710864715
UBFC_PHYS_s04_T3_test,118,82,120.73333333333333,-1.6890455484390259,-1.576583643265883
UBFC_PHYS_s04_T3_test,118,83,120.76666666666667,-1.7594016790390015,-1.622090340339952
UBFC_PHYS_s04_T3_test,118,84,120.8,-1.8391612768173218,-1.449674771006678
UBFC_PHYS_s04_T3_test,118,85,120.83333333333333,-1.853758692741394,-1.0764637406957653
UBFC_PHYS_s04_T3_test,118,86,120.86666666666666,-1.6841635704040527,-0.5587030613670224
UBFC_PHYS_s04_T3_test,118,87,120.9,-1.3818272352218628,0.019612398481549498
UBFC_PHYS_s04_T3_test,118,88,120.93333333333334,-1.044946312904358,0.5658694881848081
UBFC_PHYS_s04_T3_test,118,89,120.96666666666667,-0.6999384164810181,1.0010535399360148
UBFC_PHYS_s04_T3_test,118,90,121.0,-0.39270055294036865,1.2781154024424417
UBFC_PHYS_s04_T3_test,118,91,121.03333333333333,-0.17643842101097107,1.3898018351055472
UBFC_PHYS_s04_T3_test,118,92,121.06666666666666,-0.009357331320643425,1.3631706037706675
UBFC_PHYS_s04_T3_test,118,93,121.1,0.1288602203130722,1.2436352186661828
UBFC_PHYS_s04_T3_test,118,94,121.13333333333334,0.18556411564350128,1.0755633504554383
UBFC_PHYS_s04_T3_test,118,95,121.16666666666667,0.15577484667301178,0.887143580470182
UBFC_PHYS_s04_T3_test,118,96,121.2,0.10865964740514755,0.6843842875218622
UBFC_PHYS_s04_T3_test,118,97,121.23333333333333,0.08021512627601624,0.4548666283595587
UBFC_PHYS_s04_T3_test,118,98,121.26666666666667,0.029932938516139984,0.1786026338292183
UBFC_PHYS_s04_T3_test,118,99,121.3,-0.10746607184410095,-0.15831366672934008
UBFC_PHYS_s04_T3_test,118,100,121.33333333333333,-0.3104073405265808,-0.5519213827508456
UBFC_PHYS_s04_T3_test,118,101,121.36666666666666,-0.4170231223106384,-0.974274532344185
UBFC_PHYS_s04_T3_test,118,102,121.4,-0.2788640260696411,-1.3749185795747971
UBFC_PHYS_s04_T3_test,118,103,121.43333333333334,0.037757862359285355,-1.6896484254533035
UBFC_PHYS_s04_T3_test,118,104,121.46666666666667,0.3413901925086975,-1.8543402426713793
UBFC_PHYS_s04_T3_test,118,105,121.5,0.5515521764755249,-1.8205211386485551
UBFC_PHYS_s04_T3_test,118,106,121.53333333333333,0.6996897459030151,-1.5689911506030547
UBFC_PHYS_s04_T3_test,118,107,121.56666666666666,0.7924097180366516,-1.1178651082603366
UBFC_PHYS_s04_T3_test,118,108,121.6,0.8105639219284058,-0.5219213835245576
UBFC_PHYS_s04_T3_test,118,109,121.63333333333334,0.7740216851234436,0.13783022451225865
UBFC_PHYS_s04_T3_test,118,110,121.66666666666667,0.714871883392334,0.7717685898918847
UBFC_PHYS_s04_T3_test,118,111,121.7,0.6398383975028992,1.300844213458783
UBFC_PHYS_s04_T3_test,118,112,121.73333333333333,0.5368573069572449,1.671463065501707
UBFC_PHYS_s04_T3_test,118,113,121.76666666666667,0.3774549961090088,1.8621505604685276
UBFC_PHYS_s04_T3_test,118,114,121.8,0.11772213876247406,1.8807178780305949
UBFC_PHYS_s04_T3_test,118,115,121.83333333333333,-0.22986812889575958,1.7537686682844622
UBFC_PHYS_s04_T3_test,118,116,121.86666666666666,-0.566359281539917,1.5134951582005174
UBFC_PHYS_s04_T3_test,118,117,121.9,-0.8072363138198853,1.1876715572449368
UBFC_PHYS_s04_T3_test,118,118,121.93333333333334,-0.9651867151260376,0.7962958852751675
UBFC_PHYS_s04_T3_test,118,119,121.96666666666667,-1.095949649810791,0.35440870498086247
UBFC_PHYS_s04_T3_test,118,120,122.0,-1.2027699947357178,-0.12200166180164963
UBFC_PHYS_s04_T3_test,118,121,122.03333333333333,-1.1790614128112793,-0.610483570888772
UBFC_PHYS_s04_T3_test,118,122,122.06666666666666,-0.8970134258270264,-1.0792507417794632
UBFC_PHYS_s04_T3_test,118,123,122.1,-0.39378222823143005,-1.4876963469099673
UBFC_PHYS_s04_T3_test,118,124,122.13333333333334,0.11994390934705734,-1.790214647797753
UBFC_PHYS_s04_T3_test,118,125,122.16666666666667,0.4858735203742981,-1.9429814109649641
UBFC_PHYS_s04_T3_test,118,126,122.2,0.6999723315238953,-1.912945703145006
UBFC_PHYS_s04_T3_test,118,127,122.23333333333333,0.7963660359382629,-1.6873803813005945
UBFC_PHYS_s04_T3_test,118,128,122.26666666666667,0.7691493630409241,-1.2812068589614634
UBFC_PHYS_s04_T3_test,118,129,122.3,0.6156619787216187,-0.7389507107275652
UBFC_PHYS_s04_T3_test,118,130,122.33333333333333,0.3794623613357544,-0.12936683725842768
UBFC_PHYS_s04_T3_test,118,131,122.36666666666666,0.14103125035762787,0.4668871185344337
UBFC_PHYS_s04_T3_test,118,132,122.4,-0.021664774045348167,0.9736430076761393
UBFC_PHYS_s04_T3_test,118,133,122.43333333333334,-0.08389385789632797,1.3349775871153422
UBFC_PHYS_s04_T3_test,118,134,122.46666666666667,-0.07948929071426392,1.5252512648880134
UBFC_PHYS_s04_T3_test,118,135,122.5,-0.06601249426603317,1.5500424765915812
UBFC_PHYS_s04_T3_test,118,136,122.53333333333333,-0.0853458046913147,1.4381115693510171
UBFC_PHYS_s04_T3_test,118,137,122.56666666666666,-0.11825335025787354,1.2282377075088637
UBFC_PHYS_s04_T3_test,118,138,122.6,-0.09968987107276917,0.956676456820088
UBFC_PHYS_s04_T3_test,118,139,122.63333333333334,-0.01963789574801922,0.6499550626735349
UBFC_PHYS_s04_T3_test,118,140,122.66666666666667,0.02622024156153202,0.32431283599857824
UBFC_PHYS_s04_T3_test,118,141,122.7,-0.03367988020181656,-0.010196124856247903
UBFC_PHYS_s04_T3_test,118,142,122.73333333333333,-0.09736090898513794,-0.34400838897357394
UBFC_PHYS_s04_T3_test,118,143,122.76666666666667,0.061300840228796005,-0.6631953251844172
UBFC_PHYS_s04_T3_test,118,144,122.8,0.5508505702018738,-0.9469372995884334
UBFC_PHYS_s04_T3_test,118,145,122.83333333333333,1.2160371541976929,-1.1680457780502655
UBFC_PHYS_s04_T3_test,118,146,122.86666666666666,1.7918754816055298,-1.296542408847481
UBFC_PHYS_s04_T3_test,118,147,122.9,2.131523847579956,-1.3056822671199657
UBFC_PHYS_s04_T3_test,118,148,122.93333333333334,2.240556240081787,-1.179278641425483
UBFC_PHYS_s04_T3_test,118,149,122.96666666666667,2.138880968093872,-0.9185973010767035
UBFC_PHYS_s04_T3_test,118,150,123.0,1.831847906112671,-0.5465316499244841
UBFC_PHYS_s04_T3_test,118,151,123.03333333333333,1.3960299491882324,-0.10685487360737005
UBFC_PHYS_s04_T3_test,118,152,123.06666666666666,0.9281521439552307,0.3424212566163686
UBFC_PHYS_s04_T3_test,118,153,123.1,0.4279223382472992,0.7404024343520649
UBFC_PHYS_s04_T3_test,118,154,123.13333333333334,-0.0970003604888916,1.0360555943460168
UBFC_PHYS_s04_T3_test,118,155,123.16666666666667,-0.5733169317245483,1.1981392904853327
UBFC_PHYS_s04_T3_test,118,156,123.2,-0.9961745738983154,1.2192371965760058
UBFC_PHYS_s04_T3_test,118,157,123.23333333333333,-1.4590532779693604,1.1133104469495216
UBFC_PHYS_s04_T3_test,118,158,123.26666666666667,-2.0189201831817627,0.9087361334671108
UBFC_PHYS_s04_T3_test,118,159,123.3,-2.6448163986206055,0.6401858972586081
UBFC_PHYS_s04_T3_test,118,160,123.33333333333333,-3.248504877090454,0.34234091098756186
UBFC_PHYS_s04_T3_test,118,161,123.36666666666666,-3.689769983291626,0.046713162194928
UBFC_PHYS_s04_T3_test,118,162,123.4,-3.840538740158081,-0.21921192215369623
UBFC_PHYS_s04_T3_test,118,163,123.43333333333334,-3.653140068054199,-0.43246131664955256
UBFC_PHYS_s04_T3_test,118,164,123.46666666666667,-3.1439743041992188,-0.5762397542432989
UBFC_PHYS_s04_T3_test,118,165,123.5,-2.400333881378174,-0.6427624430083966
UBFC_PHYS_s04_T3_test,118,166,123.53333333333333,-1.6099193096160889,-0.6356456208668404
UBFC_PHYS_s04_T3_test,118,167,123.56666666666666,-0.9302522540092468,-0.569871862140985
UBFC_PHYS_s04_T3_test,118,168,123.6,-0.3605141043663025,-0.46861273568418066
UBFC_PHYS_s04_T3_test,118,169,123.63333333333334,0.15162363648414612,-0.358011940308294
UBFC_PHYS_s04_T3_test,118,170,123.66666666666667,0.589361310005188,-0.26193947335195367
UBFC_PHYS_s04_T3_test,118,171,123.7,0.904813826084137,-0.1981301577339101
UBFC_PHYS_s04_T3_test,118,172,123.73333333333333,1.0918713808059692,-0.17563796648664248
UBFC_PHYS_s04_T3_test,118,173,123.76666666666667,1.187105417251587,-0.19286101601143318
UBFC_PHYS_s04_T3_test,118,174,123.8,1.229718565940857,-0.23638576119951965
UBFC_PHYS_s04_T3_test,118,175,123.83333333333333,1.2171578407287598,-0.2820631570973478
UBFC_PHYS_s04_T3_test,118,176,123.86666666666666,1.130050778388977,-0.2994023601331516
UBFC_PHYS_s04_T3_test,118,177,123.9,0.9870485663414001,-0.2589967716230867
UBFC_PHYS_s04_T3_test,118,178,123.93333333333334,0.8313491940498352,-0.14144055141566694
UBFC_PHYS_s04_T3_test,118,179,123.96666666666667,0.6813309192657471,0.05474630808210181
UBFC_PHYS_s04_T3_test,118,180,124.0,0.5218798518180847,0.3092171939736113
UBFC_PHYS_s04_T3_test,118,181,124.03333333333333,0.33524131774902344,0.5823221428381282
UBFC_PHYS_s04_T3_test,118,182,124.06666666666666,0.16636723279953003,0.8242275149395216
UBFC_PHYS_s04_T3_test,118,183,124.1,0.1446172595024109,0.9879969165439376
UBFC_PHYS_s04_T3_test,118,184,124.13333333333334,0.37141332030296326,1.0421545652288935
UBFC_PHYS_s04_T3_test,118,185,124.16666666666667,0.7709034085273743,0.9783299167872551
UBFC_PHYS_s04_T3_test,118,186,124.2,1.150085687637329,0.8115699126580966
UBFC_PHYS_s04_T3_test,118,187,124.23333333333333,1.404975414276123,0.5737334006036746
UBFC_PHYS_s04_T3_test,118,188,124.26666666666667,1.569903016090393,0.3027555573777038
UBFC_PHYS_s04_T3_test,118,189,124.3,1.6966413259506226,0.031819179351051684
UBFC_PHYS_s04_T3_test,118,190,124.33333333333333,1.796377420425415,-0.21765873735099872
UBFC_PHYS_s04_T3_test,118,191,124.36666666666666,1.8754160404205322,-0.43696150924993565
UBFC_PHYS_s04_T3_test,118,192,124.4,1.929430365562439,-0.6253957826590093
UBFC_PHYS_s04_T3_test,118,193,124.43333333333334,1.9311552047729492,-0.7829601142785831
UBFC_PHYS_s04_T3_test,118,194,124.46666666666667,1.8513954877853394,-0.9042575986624475
UBFC_PHYS_s04_T3_test,118,195,124.5,1.6618530750274658,-0.9765916268256309
UBFC_PHYS_s04_T3_test,118,196,124.53333333333333,1.336422085762024,-0.9829686631687558
UBFC_PHYS_s04_T3_test,118,197,124.56666666666666,0.9238450527191162,-0.9086316618584419
UBFC_PHYS_s04_T3_test,118,198,124.6,0.5219675302505493,-0.7487307684507557
UBFC_PHYS_s04_T3_test,118,199,124.63333333333334,0.1595654934644699,-0.5144468796331801
UBFC_PHYS_s04_T3_test,118,200,124.66666666666667,-0.2406846433877945,-0.23483647991161324
UBFC_PHYS_s04_T3_test,118,201,124.7,-0.7151204943656921,0.047562697018895636
UBFC_PHYS_s04_T3_test,118,202,124.73333333333333,-1.1292275190353394,0.287178709219761
UBFC_PHYS_s04_T3_test,118,203,124.76666666666667,-1.2938627004623413,0.4488164173542136
UBFC_PHYS_s04_T3_test,118,204,124.8,-1.2168607711791992,0.5187807884346477
UBFC_PHYS_s04_T3_test,118,205,124.83333333333333,-1.085688591003418,0.5087144640343071
UBFC_PHYS_s04_T3_test,118,206,124.86666666666666,-1.0476845502853394,0.45025146771763924
UBFC_PHYS_s04_T3_test,118,207,124.9,-1.1290422677993774,0.38267382102701364
UBFC_PHYS_s04_T3_test,118,208,124.93333333333334,-1.291621446609497,0.3384809877042959
UBFC_PHYS_s04_T3_test,118,209,124.96666666666667,-1.4888718128204346,0.33226374867951053
UBFC_PHYS_s04_T3_test,118,210,125.0,-1.6241756677627563,0.3567942629367522
UBFC_PHYS_s04_T3_test,118,211,125.03333333333333,-1.4920680522918701,0.3875749126688568
UBFC_PHYS_s04_T3_test,118,212,125.06666666666666,-0.969211220741272,0.3941083283237356
UBFC_PHYS_s04_T3_test,118,213,125.1,-0.20268066227436066,0.3535434134947616
UBFC_PHYS_s04_T3_test,118,214,125.13333333333334,0.4778439700603485,0.26098873271114514
UBFC_PHYS_s04_T3_test,118,215,125.16666666666667,0.8202111124992371,0.13196074142660044
UBFC_PHYS_s04_T3_test,118,216,125.2,0.7940176129341125,-0.0037668112152878237
UBFC_PHYS_s04_T3_test,118,217,125.23333333333333,0.5532770156860352,-0.11363604127689693
UBFC_PHYS_s04_T3_test,118,218,125.26666666666667,0.2747955024242401,-0.17411159399068704
UBFC_PHYS_s04_T3_test,118,219,125.3,0.04422828182578087,-0.17859691604597852
UBFC_PHYS_s04_T3_test,118,220,125.33333333333333,-0.11624596267938614,-0.1392905715236014
UBFC_PHYS_s04_T3_test,118,221,125.36666666666666,-0.19411514699459076,-0.08300297771985045
UBFC_PHYS_s04_T3_test,118,222,125.4,-0.1587129831314087,-0.042556055712595076
UBFC_PHYS_s04_T3_test,118,223,125.43333333333334,0.05431395396590233,-0.04625127412784955
UBFC_PHYS_s04_T3_test,118,224,125.46666666666667,0.44615447521209717,-0.1081849099752288
UBFC_PHYS_s04_T3_test,118,225,125.5,0.8577765822410583,-0.2220662158404643
UBFC_PHYS_s04_T3_test,118,226,125.53333333333333,1.100378394126892,-0.3606377022428753
UBFC_PHYS_s04_T3_test,118,227,125.56666666666666,1.1188737154006958,-0.4816137708861485
UBFC_PHYS_s04_T3_test,118,228,125.6,0.8665174841880798,-0.5392071758425674
UBFC_PHYS_s04_T3_test,118,229,125.63333333333334,0.3025091886520386,-0.4982451616806702
UBFC_PHYS_s04_T3_test,118,230,125.66666666666667,-0.41443103551864624,-0.34642814308409725
UBFC_PHYS_s04_T3_test,118,231,125.7,-0.9965546131134033,-0.10041271380796707
UBFC_PHYS_s04_T3_test,118,232,125.73333333333333,-1.3220343589782715,0.1965915385696541
UBFC_PHYS_s04_T3_test,118,233,125.76666666666667,-1.4845160245895386,0.4851073636569721
UBFC_PHYS_s04_T3_test,118,234,125.8,-1.637564778327942,0.704439716548731
UBFC_PHYS_s04_T3_test,118,235,125.83333333333333,-1.8462554216384888,0.8078938741375032
UBFC_PHYS_s04_T3_test,118,236,125.86666666666666,-2.047013759613037,0.7734741125255771
UBFC_PHYS_s04_T3_test,118,237,125.9,-2.155588388442993,0.6071611300041895
UBFC_PHYS_s04_T3_test,118,238,125.93333333333334,-2.1852800846099854,0.3391225486194668
UBFC_PHYS_s04_T3_test,118,239,125.96666666666667,-2.1986401081085205,0.015856460425059834
UBFC_PHYS_s04_T3_test,119,0,119.0,0.0015176545130088925,-0.17640972282377698
UBFC_PHYS_s04_T3_test,119,1,119.03333333333333,-0.0959576815366745,-0.19747194420225805
UBFC_PHYS_s04_T3_test,119,2,119.06666666666666,-0.27102935314178467,-0.24100864033444458
UBFC_PHYS_s04_T3_test,119,3,119.1,-0.5211540460586548,-0.32966799594604035
UBFC_PHYS_s04_T3_test,119,4,119.13333333333334,-0.7001527547836304,-0.4772443074081043
UBFC_PHYS_s04_T3_test,119,5,119.16666666666667,-0.6333436965942383,-0.6831821527272453
UBFC_PHYS_s04_T3_test,119,6,119.2,-0.31794965267181396,-0.9279559631318641
UBFC_PHYS_s04_T3_test,119,7,119.23333333333333,0.04903237521648407,-1.1719533644309088
UBFC_PHYS_s04_T3_test,119,8,119.26666666666667,0.2967403829097748,-1.3600158299765202
UBFC_PHYS_s04_T3_test,119,9,119.3,0.46379223465919495,-1.4321346488035254
UBFC_PHYS_s04_T3_test,119,10,119.33333333333333,0.6574273705482483,-1.3387019788295877
UBFC_PHYS_s04_T3_test,119,11,119.36666666666666,0.87546306848526,-1.0564242696088397
UBFC_PHYS_s04_T3_test,119,12,119.4,1.0698387622833252,-0.5992355319062682
UBFC_PHYS_s04_T3_test,119,13,119.43333333333334,1.239365816116333,-0.019205521147384025
UBFC_PHYS_s04_T3_test,119,14,119.46666666666667,1.3762677907943726,0.6037200363618798
UBFC_PHYS_s04_T3_test,119,15,119.5,1.4453766345977783,1.1796795888081426
UBFC_PHYS_s04_T3_test,119,16,119.53333333333333,1.4592431783676147,1.6285918939623731
UBFC_PHYS_s04_T3_test,119,17,119.56666666666666,1.4643006324768066,1.8958887763112557
UBFC_PHYS_s04_T3_test,119,18,119.6,1.458999514579773,1.960667462983549
UBFC_PHYS_s04_T3_test,119,19,119.63333333333334,1.4081424474716187,1.835268010448066
UBFC_PHYS_s04_T3_test,119,20,119.66666666666667,1.258036494255066,1.5574999311022582
UBFC_PHYS_s04_T3_test,119,21,119.7,0.9315627813339233,1.1783588508548803
UBFC_PHYS_s04_T3_test,119,22,119.73333333333333,0.42351776361465454,0.7490715787495883
UBFC_PHYS_s04_T3_test,119,23,119.76666666666667,-0.10387030988931656,0.3112550668017654
UBFC_PHYS_s04_T3_test,119,24,119.8,-0.4713980555534363,-0.10737269416411868
UBFC_PHYS_s04_T3_test,119,25,119.83333333333333,-0.7109107971191406,-0.4913612450783671
UBFC_PHYS_s04_T3_test,119,26,119.86666666666666,-0.9799400568008423,-0.8315627423202885
UBFC_PHYS_s04_T3_test,119,27,119.9,-1.3415722846984863,-1.1177685641609125
UBFC_PHYS_s04_T3_test,119,28,119.93333333333334,-1.6776833534240723,-1.3333450587657245
UBFC_PHYS_s04_T3_test,119,29,119.96666666666667,-1.7849228382110596,-1.454610471671688
UBFC_PHYS_s04_T3_test,119,30,120.0,-1.5858794450759888,-1.4559571409758385
UBFC_PHYS_s04_T3_test,119,31,120.03333333333333,-1.2279013395309448,-1.3194193479535659
UBFC_PHYS_s04_T3_test,119,32,120.06666666666666,-0.8979293704032898,-1.0452978029695337
UBFC_PHYS_s04_T3_test,119,33,120.1,-0.6162224411964417,-0.6593255441562503
UBFC_PHYS_s04_T3_test,119,34,120.13333333333334,-0.3274896442890167,-0.2123381801676341
UBFC_PHYS_s04_T3_test,119,35,120.16666666666667,-0.024890240281820297,0.22910780440681935
UBFC_PHYS_s04_T3_test,119,36,120.2,0.25877538323402405,0.5988249675219179
UBFC_PHYS_s04_T3_test,119,37,120.23333333333333,0.5117064714431763,0.8481382926417609
UBFC_PHYS_s04_T3_test,119,38,120.26666666666667,0.7550586462020874,0.9576717362341227
UBFC_PHYS_s04_T3_test,119,39,120.3,0.9843006134033203,0.9395749255417478
UBFC_PHYS_s04_T3_test,119,40,120.33333333333333,1.1582516431808472,0.8300028829555914
UBFC_PHYS_s04_T3_test,119,41,120.36666666666666,1.287845253944397,0.6752591569564125
UBFC_PHYS_s04_T3_test,119,42,120.4,1.4323383569717407,0.5165029287152697
UBFC_PHYS_s04_T3_test,119,43,120.43333333333334,1.579257845878601,0.37752018386701225
UBFC_PHYS_s04_T3_test,119,44,120.46666666666667,1.6253595352172852,0.25878092252140655
UBFC_PHYS_s04_T3_test,119,45,120.5,1.484842300415039,0.13934580571993335
UBFC_PHYS_s04_T3_test,119,46,120.53333333333333,1.1385480165481567,-0.013679995821076773
UBFC_PHYS_s04_T3_test,119,47,120.56666666666666,0.6412123441696167,-0.23025165794171443
UBFC_PHYS_s04_T3_test,119,48,120.6,0.07238046079874039,-0.5207725778097406
UBFC_PHYS_s04_T3_test,119,49,120.63333333333334,-0.5135142207145691,-0.8631175451297526
UBFC_PHYS_s04_T3_test,119,50,120.66666666666667,-1.0717049837112427,-1.1995798466190355
UBFC_PHYS_s04_T3_test,119,51,120.7,-1.4921849966049194,-1.44795774719128
UBFC_PHYS_s04_T3_test,119,52,120.73333333333333,-1.6890455484390259,-1.5251203696101516
UBFC_PHYS_s04_T3_test,119,53,120.76666666666667,-1.7594016790390015,-1.3751207776963277
UBFC_PHYS_s04_T3_test,119,54,120.8,-1.8391612768173218,-0.9913347691887662
UBFC_PHYS_s04_T3_test,119,55,120.83333333333333,-1.853758692741394,-0.4241007306423766
UBFC_PHYS_s04_T3_test,119,56,120.86666666666666,-1.6841635704040527,0.2294867185850333
UBFC_PHYS_s04_T3_test,119,57,120.9,-1.3818272352218628,0.8507655944178906
UBFC_PHYS_s04_T3_test,119,58,120.93333333333334,-1.044946312904358,1.3316878340788714
UBFC_PHYS_s04_T3_test,119,59,120.96666666666667,-0.6999384164810181,1.6034179304846756
UBFC_PHYS_s04_T3_test,119,60,121.0,-0.39270055294036865,1.6516441564427562
UBFC_PHYS_s04_T3_test,119,61,121.03333333333333,-0.17643842101097107,1.5136979181821117
UBFC_PHYS_s04_T3_test,119,62,121.06666666666666,-0.009357331320643425,1.2599693860439998
UBFC_PHYS_s04_T3_test,119,63,121.1,0.1288602203130722,0.968076457211899
UBFC_PHYS_s04_T3_test,119,64,121.13333333333334,0.18556411564350128,0.6994932569244801
UBFC_PHYS_s04_T3_test,119,65,121.16666666666667,0.15577484667301178,0.48547183049872594
UBFC_PHYS_s04_T3_test,119,66,121.2,0.10865964740514755,0.32464847058090174
UBFC_PHYS_s04_T3_test,119,67,121.23333333333333,0.08021512627601624,0.19071660958098025
UBFC_PHYS_s04_T3_test,119,68,121.26666666666667,0.029932938516139984,0.04607136638662912
UBFC_PHYS_s04_T3_test,119,69,121.3,-0.10746607184410095,-0.14332031546216634
UBFC_PHYS_s04_T3_test,119,70,121.33333333333333,-0.3104073405265808,-0.39574841254922766
UBFC_PHYS_s04_T3_test,119,71,121.36666666666666,-0.4170231223106384,-0.70661997315705
UBFC_PHYS_s04_T3_test,119,72,121.4,-0.2788640260696411,-1.0470798831808836
UBFC_PHYS_s04_T3_test,119,73,121.43333333333334,0.037757862359285355,-1.368099504222401
UBFC_PHYS_s04_T3_test,119,74,121.46666666666667,0.3413901925086975,-1.6093491382191822
UBFC_PHYS_s04_T3_test,119,75,121.5,0.5515521764755249,-1.711771857448023
UBFC_PHYS_s04_T3_test,119,76,121.53333333333333,0.6996897459030151,-1.6318668706269488
UBFC_PHYS_s04_T3_test,119,77,121.56666666666666,0.7924097180366516,-1.3546469339403875
UBFC_PHYS_s04_T3_test,119,78,121.6,0.8105639219284058,-0.9017415604222717
UBFC_PHYS_s04_T3_test,119,79,121.63333333333334,0.7740216851234436,-0.3314356882188772
UBFC_PHYS_s04_T3_test,119,80,121.66666666666667,0.714871883392334,0.27120173364276257
UBFC_PHYS_s04_T3_test,119,81,121.7,0.6398383975028992,0.8130081050861712
UBFC_PHYS_s04_T3_test,119,82,121.73333333333333,0.5368573069572449,1.215154867046717
UBFC_PHYS_s04_T3_test,119,83,121.76666666666667,0.3774549961090088,1.4316961667941268
UBFC_PHYS_s04_T3_test,119,84,121.8,0.11772213876247406,1.457726088271114
UBFC_PHYS_s04_T3_test,119,85,121.83333333333333,-0.22986812889575958,1.3249093441106325
UBFC_PHYS_s04_T3_test,119,86,121.86666666666666,-0.566359281539917,1.0872988243148543
UBFC_PHYS_s04_T3_test,119,87,121.9,-0.8072363138198853,0.8036595720493224
UBFC_PHYS_s04_T3_test,119,88,121.93333333333334,-0.9651867151260376,0.522513763505846
UBFC_PHYS_s04_T3_test,119,89,121.96666666666667,-1.095949649810791,0.27378005200686845
UBFC_PHYS_s04_T3_test,119,90,122.0,-1.2027699947357178,0.06798712927909634
UBFC_PHYS_s04_T3_test,119,91,122.03333333333333,-1.1790614128112793,-0.09860347922925952
UBFC_PHYS_s04_T3_test,119,92,122.06666666666666,-0.8970134258270264,-0.23648704364738318
UBFC_PHYS_s04_T3_test,119,93,122.1,-0.39378222823143005,-0.35648842588695717
UBFC_PHYS_s04_T3_test,119,94,122.13333333333334,0.11994390934705734,-0.46581179032399467
UBFC_PHYS_s04_T3_test,119,95,122.16666666666667,0.4858735203742981,-0.5660027339893958
UBFC_PHYS_s04_T3_test,119,96,122.2,0.6999723315238953,-0.6521613739323157
UBFC_PHYS_s04_T3_test,119,97,122.23333333333333,0.7963660359382629,-0.7133925121008147
UBFC_PHYS_s04_T3_test,119,98,122.26666666666667,0.7691493630409241,-0.7344005029683731
UBFC_PHYS_s04_T3_test,119,99,122.3,0.6156619787216187,-0.6981217535615024
UBFC_PHYS_s04_T3_test,119,100,122.33333333333333,0.3794623613357544,-0.5900025082060839
UBFC_PHYS_s04_T3_test,119,101,122.36666666666666,0.14103125035762787,-0.4041892360974298
UBFC_PHYS_s04_T3_test,119,102,122.4,-0.021664774045348167,-0.14956989123076178
UBFC_PHYS_s04_T3_test,119,103,122.43333333333334,-0.08389385789632797,0.14783616393887442
UBFC_PHYS_s04_T3_test,119,104,122.46666666666667,-0.07948929071426392,0.44780236411987534
UBFC_PHYS_s04_T3_test,119,105,122.5,-0.06601249426603317,0.7029128523554072
UBFC_PHYS_s04_T3_test,119,106,122.53333333333333,-0.0853458046913147,0.8675083008873801
UBFC_PHYS_s04_T3_test,119,107,122.56666666666666,-0.11825335025787354,0.9069513236518699
UBFC_PHYS_s04_T3_test,119,108,122.6,-0.09968987107276917,0.8058786593877227
UBFC_PHYS_s04_T3_test,119,109,122.63333333333334,-0.01963789574801922,0.5735822484990623
UBFC_PHYS_s04_T3_test,119,110,122.66666666666667,0.02622024156153202,0.24414592934375764
UBFC_PHYS_s04_T3_test,119,111,122.7,-0.03367988020181656,-0.1299701790942617
UBFC_PHYS_s04_T3_test,119,112,122.73333333333333,-0.09736090898513794,-0.4892260266698481
UBFC_PHYS_s04_T3_test,119,113,122.76666666666667,0.061300840228796005,-0.7790344755504218
UBFC_PHYS_s04_T3_test,119,114,122.8,0.5508505702018738,-0.9586952667085082
UBFC_PHYS_s04_T3_test,119,115,122.83333333333333,1.2160371541976929,-1.0057290306101119
UBFC_PHYS_s04_T3_test,119,116,122.86666666666666,1.7918754816055298,-0.9163764644442937
UBFC_PHYS_s04_T3_test,119,117,122.9,2.131523847579956,-0.7039686147808712
UBFC_PHYS_s04_T3_test,119,118,122.93333333333334,2.240556240081787,-0.3963829390347219
UBFC_PHYS_s04_T3_test,119,119,122.96666666666667,2.138880968093872,-0.03276269202796582
UBFC_PHYS_s04_T3_test,119,120,123.0,1.831847906112671,0.3408730593335309
UBFC_PHYS_s04_T3_test,119,121,123.03333333333333,1.3960299491882324,0.6772481414547084
UBFC_PHYS_s04_T3_test,119,122,123.06666666666666,0.9281521439552307,0.9341114429038525
UBFC_PHYS_s04_T3_test,119,123,123.1,0.4279223382472992,1.0802535538322706
UBFC_PHYS_s04_T3_test,119,124,123.13333333333334,-0.0970003604888916,1.1005303492169058
UBFC_PHYS_s04_T3_test,119,125,123.16666666666667,-0.5733169317245483,0.9990130454385444
UBFC_PHYS_s04_T3_test,119,126,123.2,-0.9961745738983154,0.7985966421789528
UBFC_PHYS_s04_T3_test,119,127,123.23333333333333,-1.4590532779693604,0.5358310909526824
UBFC_PHYS_s04_T3_test,119,128,123.26666666666667,-2.0189201831817627,0.252362778405096
UBFC_PHYS_s04_T3_test,119,129,123.3,-2.6448163986206055,-0.013409183844686375
UBFC_PHYS_s04_T3_test,119,130,123.33333333333333,-3.248504877090454,-0.23160310508403553
UBFC_PHYS_s04_T3_test,119,131,123.36666666666666,-3.689769983291626,-0.3827797699797634
UBFC_PHYS_s04_T3_test,119,132,123.4,-3.840538740158081,-0.45817642231049327
UBFC_PHYS_s04_T3_test,119,133,123.43333333333334,-3.653140068054199,-0.46010566427966243
UBFC_PHYS_s04_T3_test,119,134,123.46666666666667,-3.1439743041992188,-0.40309629294588917
UBFC_PHYS_s04_T3_test,119,135,123.5,-2.400333881378174,-0.31449547110423837
UBFC_PHYS_s04_T3_test,119,136,123.53333333333333,-1.6099193096160889,-0.23203855812062324
UBFC_PHYS_s04_T3_test,119,137,123.56666666666666,-0.9302522540092468,-0.19642183285421505
UBFC_PHYS_s04_T3_test,119,138,123.6,-0.3605141043663025,-0.23942130177838747
UBFC_PHYS_s04_T3_test,119,139,123.63333333333334,0.15162363648414612,-0.37149652582470893
UBFC_PHYS_s04_T3_test,119,140,123.66666666666667,0.589361310005188,-0.5749047119978736
UBFC_PHYS_s04_T3_test,119,141,123.7,0.904813826084137,-0.8065463303601029
UBFC_PHYS_s04_T3_test,119,142,123.73333333333333,1.0918713808059692,-1.0092007581514848
UBFC_PHYS_s04_T3_test,119,143,123.76666666666667,1.187105417251587,-1.1254207579395894
UBFC_PHYS_s04_T3_test,119,144,123.8,1.229718565940857,-1.1091408213618767
UBFC_PHYS_s04_T3_test,119,145,123.83333333333333,1.2171578407287598,-0.9337258873583874
UBFC_PHYS_s04_T3_test,119,146,123.86666666666666,1.130050778388977,-0.5974389546768417
UBFC_PHYS_s04_T3_test,119,147,123.9,0.9870485663414001,-0.12684440202488306
UBFC_PHYS_s04_T3_test,119,148,123.93333333333334,0.8313491940498352,0.4232573379913391
UBFC_PHYS_s04_T3_test,119,149,123.96666666666667,0.6813309192657471,0.9758779855540943
UBFC_PHYS_s04_T3_test,119,150,124.0,0.5218798518180847,1.4450730015197855
UBFC_PHYS_s04_T3_test,119,151,124.03333333333333,0.33524131774902344,1.7542820205121419
UBFC_PHYS_s04_T3_test,119,152,124.06666666666666,0.16636723279953003,1.8544226600915716
UBFC_PHYS_s04_T3_test,119,153,124.1,0.1446172595024109,1.7353757382921557
UBFC_PHYS_s04_T3_test,119,154,124.13333333333334,0.37141332030296326,1.4267890044165477
UBFC_PHYS_s04_T3_test,119,155,124.16666666666667,0.7709034085273743,0.9882938798905232
UBFC_PHYS_s04_T3_test,119,156,124.2,1.150085687637329,0.49298999746723604
UBFC_PHYS_s04_T3_test,119,157,124.23333333333333,1.404975414276123,0.010068184056994701
UBFC_PHYS_s04_T3_test,119,158,124.26666666666667,1.569903016090393,-0.4077935315068728
UBFC_PHYS_s04_T3_test,119,159,124.3,1.6966413259506226,-0.7291515351793239
UBFC_PHYS_s04_T3_test,119,160,124.33333333333333,1.796377420425415,-0.9413591850984444
UBFC_PHYS_s04_T3_test,119,161,124.36666666666666,1.8754160404205322,-1.0445598264998432
UBFC_PHYS_s04_T3_test,119,162,124.4,1.929430365562439,-1.0459481327998368
UBFC_PHYS_s04_T3_test,119,163,124.43333333333334,1.9311552047729492,-0.9564244789087912
UBFC_PHYS_s04_T3_test,119,164,124.46666666666667,1.8513954877853394,-0.789776041685122
UBFC_PHYS_s04_T3_test,119,165,124.5,1.6618530750274658,-0.5633545227043393
UBFC_PHYS_s04_T3_test,119,166,124.53333333333333,1.336422085762024,-0.2990805752319731
UBFC_PHYS_s04_T3_test,119,167,124.56666666666666,0.9238450527191162,-0.023845689407045283
UBFC_PHYS_s04_T3_test,119,168,124.6,0.5219675302505493,0.23156561947762627
UBFC_PHYS_s04_T3_test,119,169,124.63333333333334,0.1595654934644699,0.4357099749792705
UBFC_PHYS_s04_T3_test,119,170,124.66666666666667,-0.2406846433877945,0.5617474533523976
UBFC_PHYS_s04_T3_test,119,171,124.7,-0.7151204943656921,0.5934881801904618
UBFC_PHYS_s04_T3_test,119,172,124.73333333333333,-1.1292275190353394,0.5301962618584508
UBFC_PHYS_s04_T3_test,119,173,124.76666666666667,-1.2938627004623413,0.38811201691971325
UBFC_PHYS_s04_T3_test,119,174,124.8,-1.2168607711791992,0.19753596392013367
UBFC_PHYS_s04_T3_test,119,175,124.83333333333333,-1.085688591003418,-0.004128583838308973
UBFC_PHYS_s04_T3_test,119,176,124.86666666666666,-1.0476845502853394,-0.18133783675212223
UBFC_PHYS_s04_T3_test,119,177,124.9,-1.1290422677993774,-0.30845457580223107
UBFC_PHYS_s04_T3_test,119,178,124.93333333333334,-1.291621446609497,-0.3743642853882407
UBFC_PHYS_s04_T3_test,119,179,124.96666666666667,-1.4888718128204346,-0.38256833611262014
UBFC_PHYS_s04_T3_test,119,180,125.0,-1.6241756677627563,-0.3473200233975547
UBFC_PHYS_s04_T3_test,119,181,125.03333333333333,-1.4920680522918701,-0.28740225400086705
UBFC_PHYS_s04_T3_test,119,182,125.06666666666666,-0.969211220741272,-0.21930669344874795
UBFC_PHYS_s04_T3_test,119,183,125.1,-0.20268066227436066,-0.15165653933444453
UBFC_PHYS_s04_T3_test,119,184,125.13333333333334,0.4778439700603485,-0.08307686935610765
UBFC_PHYS_s04_T3_test,119,185,125.16666666666667,0.8202111124992371,-0.005052733842212431
UBFC_PHYS_s04_T3_test,119,186,125.2,0.7940176129341125,0.09116132566562025
UBFC_PHYS_s04_T3_test,119,187,125.23333333333333,0.5532770156860352,0.20705228271460588
UBFC_PHYS_s04_T3_test,119,188,125.26666666666667,0.2747955024242401,0.33267919655425227
UBFC_PHYS_s04_T3_test,119,189,125.3,0.04422828182578087,0.44780363911647464
UBFC_PHYS_s04_T3_test,119,190,125.33333333333333,-0.11624596267938614,0.527370679641041
UBFC_PHYS_s04_T3_test,119,191,125.36666666666666,-0.19411514699459076,0.5484262692717632
UBFC_PHYS_s04_T3_test,119,192,125.4,-0.1587129831314087,0.4957392217004521
UBFC_PHYS_s04_T3_test,119,193,125.43333333333334,0.05431395396590233,0.36499789238825175
UBFC_PHYS_s04_T3_test,119,194,125.46666666666667,0.44615447521209717,0.16394013396081375
UBFC_PHYS_s04_T3_test,119,195,125.5,0.8577765822410583,-0.08781619126724823
UBFC_PHYS_s04_T3_test,119,196,125.53333333333333,1.100378394126892,-0.360141953475776
UBFC_PHYS_s04_T3_test,119,197,125.56666666666666,1.1188737154006958,-0.615632070386361
UBFC_PHYS_s04_T3_test,119,198,125.6,0.8665174841880798,-0.8152340105055617
UBFC_PHYS_s04_T3_test,119,199,125.63333333333334,0.3025091886520386,-0.9256502812269358
UBFC_PHYS_s04_T3_test,119,200,125.66666666666667,-0.41443103551864624,-0.9264869703228036
UBFC_PHYS_s04_T3_test,119,201,125.7,-0.9965546131134033,-0.8146172895787368
UBFC_PHYS_s04_T3_test,119,202,125.73333333333333,-1.3220343589782715,-0.6042541856110787
UBFC_PHYS_s04_T3_test,119,203,125.76666666666667,-1.4845160245895386,-0.3230690865963135
UBFC_PHYS_s04_T3_test,119,204,125.8,-1.637564778327942,-0.0061407054145407956
UBFC_PHYS_s04_T3_test,119,205,125.83333333333333,-1.8462554216384888,0.31014495483332855
UBFC_PHYS_s04_T3_test,119,206,125.86666666666666,-2.047013759613037,0.5928916567066996
UBFC_PHYS_s04_T3_test,119,207,125.9,-2.155588388442993,0.8160327918512696
UBFC_PHYS_s04_T3_test,119,208,125.93333333333334,-2.1852800846099854,0.9627626358279655
UBFC_PHYS_s04_T3_test,119,209,125.96666666666667,-2.1986401081085205,1.0271580297448621
UBFC_PHYS_s04_T3_test,119,210,126.0,-2.1807878017425537,1.0139039114439823
UBFC_PHYS_s04_T3_test,119,211,126.03333333333333,-1.9889262914657593,0.9349643929127743
UBFC_PHYS_s04_T3_test,119,212,126.06666666666666,-1.528922200202942,0.803997849922734
UBFC_PHYS_s04_T3_test,119,213,126.1,-0.9060466289520264,0.631285942371154
UBFC_PHYS_s04_T3_test,119,214,126.13333333333334,-0.2912884056568146,0.4217650353461492
UBFC_PHYS_s04_T3_test,119,215,126.16666666666667,0.25380560755729675,0.17695159564313906
UBFC_PHYS_s04_T3_test,119,216,126.2,0.7106426954269409,-0.10024162297204446
UBFC_PHYS_s04_T3_test,119,217,126.23333333333333,1.0426416397094727,-0.39991559912085445
UBFC_PHYS_s04_T3_test,119,218,126.26666666666667,1.2656177282333374,-0.7012817634799389
UBFC_PHYS_s04_T3_test,119,219,126.3,1.4285671710968018,-0.9723923240291684
UBFC_PHYS_s04_T3_test,119,220,126.33333333333333,1.5272313356399536,-1.1742365815367004
UBFC_PHYS_s04_T3_test,119,221,126.36666666666666,1.537511944770813,-1.2686306714263655
UBFC_PHYS_s04_T3_test,119,222,126.4,1.4632384777069092,-1.2283562626588362
UBFC_PHYS_s04_T3_test,119,223,126.43333333333334,1.3072078227996826,-1.0470709787632468
UBFC_PHYS_s04_T3_test,119,224,126.46666666666667,1.0583012104034424,-0.7455695233749755
UBFC_PHYS_s04_T3_test,119,225,126.5,0.7379179000854492,-0.3710323586630346
UBFC_PHYS_s04_T3_test,119,226,126.53333333333333,0.40442806482315063,0.012156442883512655
UBFC_PHYS_s04_T3_test,119,227,126.56666666666666,0.07932837307453156,0.3380937158928001
UBFC_PHYS_s04_T3_test,119,228,126.6,-0.2760283350944519,0.5564341234742113
UBFC_PHYS_s04_T3_test,119,229,126.63333333333334,-0.6615056395530701,0.6446717022119193
UBFC_PHYS_s04_T3_test,119,230,126.66666666666667,-0.9327955842018127,0.6114012752654574
UBFC_PHYS_s04_T3_test,119,231,126.7,-0.8977150321006775,0.4901906029980522
UBFC_PHYS_s04_T3_test,119,232,126.73333333333333,-0.5490918159484863,0.3273304975164781
UBFC_PHYS_s04_T3_test,119,233,126.76666666666667,-0.08481959253549576,0.16848797556368897
UBFC_PHYS_s04_T3_test,119,234,126.8,0.30385392904281616,0.04861118007045505
UBFC_PHYS_s04_T3_test,119,235,126.83333333333333,0.5595914721488953,-0.012853157098067055
UBFC_PHYS_s04_T3_test,119,236,126.86666666666666,0.6968151330947876,-0.011836877690871786
UBFC_PHYS_s04_T3_test,119,237,126.9,0.7436476945877075,0.04345948802779322
UBFC_PHYS_s04_T3_test,119,238,126.93333333333334,0.7195785045623779,0.13660570425163993
UBFC_PHYS_s04_T3_test,119,239,126.96666666666667,0.6519898772239685,0.24663389184176845
UBFC_PHYS_s04_T3_test,120,0,120.0,-1.5858794450759888,0.19772658518432382
UBFC_PHYS_s04_T3_test,120,1,120.03333333333333,-1.2279013395309448,0.2713183606161007
UBFC_PHYS_s04_T3_test,120,2,120.06666666666666,-0.8979293704032898,0.3520047932716184
UBFC_PHYS_s04_T3_test,120,3,120.1,-0.6162224411964417,0.44311676007297657
UBFC_PHYS_s04_T3_test,120,4,120.13333333333334,-0.3274896442890167,0.5390798002241334
UBFC_PHYS_s04_T3_test,120,5,120.16666666666667,-0.024890240281820297,0.6259607578790533
UBFC_PHYS_s04_T3_test,120,6,120.2,0.25877538323402405,0.6855093129986127
UBFC_PHYS_s04_T3_test,120,7,120.23333333333333,0.5117064714431763,0.7011630663314081
UBFC_PHYS_s04_T3_test,120,8,120.26666666666667,0.7550586462020874,0.6636933333316689
UBFC_PHYS_s04_T3_test,120,9,120.3,0.9843006134033203,0.5743328153527107
UBFC_PHYS_s04_T3_test,120,10,120.33333333333333,1.1582516431808472,0.4442302739965118
UBFC_PHYS_s04_T3_test,120,11,120.36666666666666,1.287845253944397,0.2904732523945394
UBFC_PHYS_s04_T3_test,120,12,120.4,1.4323383569717407,0.1301358047770479
UBFC_PHYS_s04_T3_test,120,13,120.43333333333334,1.579257845878601,-0.025623553846243062
UBFC_PHYS_s04_T3_test,120,14,120.46666666666667,1.6253595352172852,-0.1755498104505995
UBFC_PHYS_s04_T3_test,120,15,120.5,1.484842300415039,-0.32893777129752994
UBFC_PHYS_s04_T3_test,120,16,120.53333333333333,1.1385480165481567,-0.5019525678221288
UBFC_PHYS_s04_T3_test,120,17,120.56666666666666,0.6412123441696167,-0.7095965412804279
UBFC_PHYS_s04_T3_test,120,18,120.6,0.07238046079874039,-0.955110813528043
UBFC_PHYS_s04_T3_test,120,19,120.63333333333334,-0.5135142207145691,-1.2205582524616454
UBFC_PHYS_s04_T3_test,120,20,120.66666666666667,-1.0717049837112427,-1.4632048123191859
UBFC_PHYS_s04_T3_test,120,21,120.7,-1.4921849966049194,-1.6211732076211915
UBFC_PHYS_s04_T3_test,120,22,120.73333333333333,-1.6890455484390259,-1.6286558240734124
UBFC_PHYS_s04_T3_test,120,23,120.76666666666667,-1.7594016790390015,-1.4369499809544954
UBFC_PHYS_s04_T3_test,120,24,120.8,-1.8391612768173218,-1.0344260522297235
UBFC_PHYS_s04_T3_test,120,25,120.83333333333333,-1.853758692741394,-0.4575485278760043
UBFC_PHYS_s04_T3_test,120,26,120.86666666666666,-1.6841635704040527,0.21294727568548918
UBFC_PHYS_s04_T3_test,120,27,120.9,-1.3818272352218628,0.8713997423299804
UBFC_PHYS_s04_T3_test,120,28,120.93333333333334,-1.044946312904358,1.415858601216012
UBFC_PHYS_s04_T3_test,120,29,120.96666666666667,-0.6999384164810181,1.7752380023866374
UBFC_PHYS_s04_T3_test,120,30,121.0,-0.39270055294036865,1.9250979005378568
UBFC_PHYS_s04_T3_test,120,31,121.03333333333333,-0.17643842101097107,1.8874166506311434
UBFC_PHYS_s04_T3_test,120,32,121.06666666666666,-0.009357331320643425,1.7161110931578685
UBFC_PHYS_s04_T3_test,120,33,121.1,0.1288602203130722,1.4749094712866309
UBFC_PHYS_s04_T3_test,120,34,121.13333333333334,0.18556411564350128,1.2159679833184383
UBFC_PHYS_s04_T3_test,120,35,121.16666666666667,0.15577484667301178,0.9661795282287406
UBFC_PHYS_s04_T3_test,120,36,121.2,0.10865964740514755,0.7244504732085862
UBFC_PHYS_s04_T3_test,120,37,121.23333333333333,0.08021512627601624,0.46904061507585243
UBFC_PHYS_s04_T3_test,120,38,121.26666666666667,0.029932938516139984,0.1710103890574113
UBFC_PHYS_s04_T3_test,120,39,121.3,-0.10746607184410095,-0.1912452496937794
UBFC_PHYS_s04_T3_test,120,40,121.33333333333333,-0.3104073405265808,-0.6205832967646142
UBFC_PHYS_s04_T3_test,120,41,121.36666666666666,-0.4170231223106384,-1.0953043381430752
UBFC_PHYS_s04_T3_test,120,42,121.4,-0.2788640260696411,-1.5697836227045683
UBFC_PHYS_s04_T3_test,120,43,121.43333333333334,0.037757862359285355,-1.9810471440012445
UBFC_PHYS_s04_T3_test,120,44,121.46666666666667,0.3413901925086975,-2.2597530734331643
UBFC_PHYS_s04_T3_test,120,45,121.5,0.5515521764755249,-2.343516666069415
UBFC_PHYS_s04_T3_test,120,46,121.53333333333333,0.6996897459030151,-2.1905279929401953
UBFC_PHYS_s04_T3_test,120,47,121.56666666666666,0.7924097180366516,-1.7912898101484518
UBFC_PHYS_s04_T3_test,120,48,121.6,0.8105639219284058,-1.1757169391025966
UBFC_PHYS_s04_T3_test,120,49,121.63333333333334,0.7740216851234436,-0.4126301326212698
UBFC_PHYS_s04_T3_test,120,50,121.66666666666667,0.714871883392334,0.40009275243318587
UBFC_PHYS_s04_T3_test,120,51,121.7,0.6398383975028992,1.153620450092357
UBFC_PHYS_s04_T3_test,120,52,121.73333333333333,0.5368573069572449,1.7500251599100924
UBFC_PHYS_s04_T3_test,120,53,121.76666666666667,0.3774549961090088,2.1213717460191663
UBFC_PHYS_s04_T3_test,120,54,121.8,0.11772213876247406,2.240383954826012
UBFC_PHYS_s04_T3_test,120,55,121.83333333333333,-0.22986812889575958,2.120401678553082
UBFC_PHYS_s04_T3_test,120,56,121.86666666666666,-0.566359281539917,1.8064810545137235
UBFC_PHYS_s04_T3_test,120,57,121.9,-0.8072363138198853,1.3622523052249689
UBFC_PHYS_s04_T3_test,120,58,121.93333333333334,-0.9651867151260376,0.857214401984988
UBFC_PHYS_s04_T3_test,120,59,121.96666666666667,-1.095949649810791,0.3569467952966143
UBFC_PHYS_s04_T3_test,120,60,122.0,-1.2027699947357178,-0.08398772179961371
UBFC_PHYS_s04_T3_test,120,61,122.03333333333333,-1.1790614128112793,-0.427696388396216
UBFC_PHYS_s04_T3_test,120,62,122.06666666666666,-0.8970134258270264,-0.6570666099435116
UBFC_PHYS_s04_T3_test,120,63,122.1,-0.39378222823143005,-0.7766593499992048
UBFC_PHYS_s04_T3_test,120,64,122.13333333333334,0.11994390934705734,-0.8091047927814808
UBFC_PHYS_s04_T3_test,120,65,122.16666666666667,0.4858735203742981,-0.7875452571275002
UBFC_PHYS_s04_T3_test,120,66,122.2,0.6999723315238953,-0.7462199985840529
UBFC_PHYS_s04_T3_test,120,67,122.23333333333333,0.7963660359382629,-0.7116939732772983
UBFC_PHYS_s04_T3_test,120,68,122.26666666666667,0.7691493630409241,-0.6966114174558853
UBFC_PHYS_s04_T3_test,120,69,122.3,0.6156619787216187,-0.6970438143909867
UBFC_PHYS_s04_T3_test,120,70,122.33333333333333,0.3794623613357544,-0.694083013211322
UBFC_PHYS_s04_T3_test,120,71,122.36666666666666,0.14103125035762787,-0.6598154730447781
UBFC_PHYS_s04_T3_test,120,72,122.4,-0.021664774045348167,-0.5666581938885623
UBFC_PHYS_s04_T3_test,120,73,122.43333333333334,-0.08389385789632797,-0.3976979662422575
UBFC_PHYS_s04_T3_test,120,74,122.46666666666667,-0.07948929071426392,-0.15497966260260237
UBFC_PHYS_s04_T3_test,120,75,122.5,-0.06601249426603317,0.1369830725328093
UBFC_PHYS_s04_T3_test,120,76,122.53333333333333,-0.0853458046913147,0.433974975359843
UBFC_PHYS_s04_T3_test,120,77,122.56666666666666,-0.11825335025787354,0.6810419327671896
UBFC_PHYS_s04_T3_test,120,78,122.6,-0.09968987107276917,0.8260281239304741
UBFC_PHYS_s04_T3_test,120,79,122.63333333333334,-0.01963789574801922,0.8343855974326614
UBFC_PHYS_s04_T3_test,120,80,122.66666666666667,0.02622024156153202,0.7004432109216012
UBFC_PHYS_s04_T3_test,120,81,122.7,-0.03367988020181656,0.4506107485283345
UBFC_PHYS_s04_T3_test,120,82,122.73333333333333,-0.09736090898513794,0.13698458239396105
UBFC_PHYS_s04_T3_test,120,83,122.76666666666667,0.061300840228796005,-0.1761853611258236
UBFC_PHYS_s04_T3_test,120,84,122.8,0.5508505702018738,-0.42818036210530525
UBFC_PHYS_s04_T3_test,120,85,122.83333333333333,1.2160371541976929,-0.574712739648972
UBFC_PHYS_s04_T3_test,120,86,122.86666666666666,1.7918754816055298,-0.5952717265908116
UBFC_PHYS_s04_T3_test,120,87,122.9,2.131523847579956,-0.49472827154168975
UBFC_PHYS_s04_T3_test,120,88,122.93333333333334,2.240556240081787,-0.3004140678975839
UBFC_PHYS_s04_T3_test,120,89,122.96666666666667,2.138880968093872,-0.05586429082215765
UBFC_PHYS_s04_T3_test,120,90,123.0,1.831847906112671,0.18816505074406037
UBFC_PHYS_s04_T3_test,120,91,123.03333333333333,1.3960299491882324,0.3845911506720725
UBFC_PHYS_s04_T3_test,120,92,123.06666666666666,0.9281521439552307,0.5006278592224904
UBFC_PHYS_s04_T3_test,120,93,123.1,0.4279223382472992,0.524973669703168
UBFC_PHYS_s04_T3_test,120,94,123.13333333333334,-0.0970003604888916,0.46922448001202294
UBFC_PHYS_s04_T3_test,120,95,123.16666666666667,-0.5733169317245483,0.36305544559005537
UBFC_PHYS_s04_T3_test,120,96,123.2,-0.9961745738983154,0.24440840834480765
UBFC_PHYS_s04_T3_test,120,97,123.23333333333333,-1.4590532779693604,0.1474840341859186
UBFC_PHYS_s04_T3_test,120,98,123.26666666666667,-2.0189201831817627,0.09274067843123311
UBFC_PHYS_s04_T3_test,120,99,123.3,-2.6448163986206055,0.08288519679032097
UBFC_PHYS_s04_T3_test,120,100,123.33333333333333,-3.248504877090454,0.10612876208638258
UBFC_PHYS_s04_T3_test,120,101,123.36666666666666,-3.689769983291626,0.14437399431876421
UBFC_PHYS_s04_T3_test,120,102,123.4,-3.840538740158081,0.18182329973273895
UBFC_PHYS_s04_T3_test,120,103,123.43333333333334,-3.653140068054199,0.20976431885801242
UBFC_PHYS_s04_T3_test,120,104,123.46666666666667,-3.1439743041992188,0.22567963029120136
UBFC_PHYS_s04_T3_test,120,105,123.5,-2.400333881378174,0.22811391296145214
UBFC_PHYS_s04_T3_test,120,106,123.53333333333333,-1.6099193096160889,0.21120795208666907
UBFC_PHYS_s04_T3_test,120,107,123.56666666666666,-0.9302522540092468,0.16288534507993893
UBFC_PHYS_s04_T3_test,120,108,123.6,-0.3605141043663025,0.06813004014544714
UBFC_PHYS_s04_T3_test,120,109,123.63333333333334,0.15162363648414612,-0.0844469769406573
UBFC_PHYS_s04_T3_test,120,110,123.66666666666667,0.589361310005188,-0.2962121156890306
UBFC_PHYS_s04_T3_test,120,111,123.7,0.904813826084137,-0.5551267951138485
UBFC_PHYS_s04_T3_test,120,112,123.73333333333333,1.0918713808059692,-0.8361457796744934
UBFC_PHYS_s04_T3_test,120,113,123.76666666666667,1.187105417251587,-1.1043551128391333
UBFC_PHYS_s04_T3_test,120,114,123.8,1.229718565940857,-1.319483100800918
UBFC_PHYS_s04_T3_test,120,115,123.83333333333333,1.2171578407287598,-1.4411259105405363
UBFC_PHYS_s04_T3_test,120,116,123.86666666666666,1.130050778388977,-1.4346621031387083
UBFC_PHYS_s04_T3_test,120,117,123.9,0.9870485663414001,-1.2778635709759465
UBFC_PHYS_s04_T3_test,120,118,123.93333333333334,0.8313491940498352,-0.9676087801282397
UBFC_PHYS_s04_T3_test,120,119,123.96666666666667,0.6813309192657471,-0.5250268534129989
UBFC_PHYS_s04_T3_test,120,120,124.0,0.5218798518180847,0.003544191800600425
UBFC_PHYS_s04_T3_test,120,121,124.03333333333333,0.33524131774902344,0.5520964943069954
UBFC_PHYS_s04_T3_test,120,122,124.06666666666666,0.16636723279953003,1.0471856382995484
UBFC_PHYS_s04_T3_test,120,123,124.1,0.1446172595024109,1.4240464192955156
UBFC_PHYS_s04_T3_test,120,124,124.13333333333334,0.37141332030296326,1.6415093180902556
UBFC_PHYS_s04_T3_test,120,125,124.16666666666667,0.7709034085273743,1.6904098485875072
UBFC_PHYS_s04_T3_test,120,126,124.2,1.150085687637329,1.5923881612882387
UBFC_PHYS_s04_T3_test,120,127,124.23333333333333,1.404975414276123,1.3897419212481095
UBFC_PHYS_s04_T3_test,120,128,124.26666666666667,1.569903016090393,1.1306110319433438
UBFC_PHYS_s04_T3_test,120,129,124.3,1.6966413259506226,0.8553754755996654
UBFC_PHYS_s04_T3_test,120,130,124.33333333333333,1.796377420425415,0.5888886273778172
UBFC_PHYS_s04_T3_test,120,131,124.36666666666666,1.8754160404205322,0.3400698646120075
UBFC_PHYS_s04_T3_test,120,132,124.4,1.929430365562439,0.10724422376193303
UBFC_PHYS_s04_T3_test,120,133,124.43333333333334,1.9311552047729492,-0.11426592756491548
UBFC_PHYS_s04_T3_test,120,134,124.46666666666667,1.8513954877853394,-0.3259129818567783
UBFC_PHYS_s04_T3_test,120,135,124.5,1.6618530750274658,-0.5232991748410928
UBFC_PHYS_s04_T3_test,120,136,124.53333333333333,1.336422085762024,-0.6973441896017926
UBFC_PHYS_s04_T3_test,120,137,124.56666666666666,0.9238450527191162,-0.8377558995190283
UBFC_PHYS_s04_T3_test,120,138,124.6,0.5219675302505493,-0.9366964234513919
UBFC_PHYS_s04_T3_test,120,139,124.63333333333334,0.1595654934644699,-0.9908903061678652
UBFC_PHYS_s04_T3_test,120,140,124.66666666666667,-0.2406846433877945,-1.0013324956890146
UBFC_PHYS_s04_T3_test,120,141,124.7,-0.7151204943656921,-0.9709872325971091
UBFC_PHYS_s04_T3_test,120,142,124.73333333333333,-1.1292275190353394,-0.9020446716414939
UBFC_PHYS_s04_T3_test,120,143,124.76666666666667,-1.2938627004623413,-0.7946037246858316
UBFC_PHYS_s04_T3_test,120,144,124.8,-1.2168607711791992,-0.6476903880842695
UBFC_PHYS_s04_T3_test,120,145,124.83333333333333,-1.085688591003418,-0.46207805189294887
UBFC_PHYS_s04_T3_test,120,146,124.86666666666666,-1.0476845502853394,-0.2434477684230916
UBFC_PHYS_s04_T3_test,120,147,124.9,-1.1290422677993774,-0.004223541478875637
UBFC_PHYS_s04_T3_test,120,148,124.93333333333334,-1.291621446609497,0.23714830834879372
UBFC_PHYS_s04_T3_test,120,149,124.96666666666667,-1.4888718128204346,0.4594607437576683
UBFC_PHYS_s04_T3_test,120,150,125.0,-1.6241756677627563,0.6428869325459604
UBFC_PHYS_s04_T3_test,120,151,125.03333333333333,-1.4920680522918701,0.7719169451292318
UBFC_PHYS_s04_T3_test,120,152,125.06666666666666,-0.969211220741272,0.8365483688526248
UBFC_PHYS_s04_T3_test,120,153,125.1,-0.20268066227436066,0.8327810140168734
UBFC_PHYS_s04_T3_test,120,154,125.13333333333334,0.4778439700603485,0.7632481171238068
UBFC_PHYS_s04_T3_test,120,155,125.16666666666667,0.8202111124992371,0.6376504308441796
UBFC_PHYS_s04_T3_test,120,156,125.2,0.7940176129341125,0.4721862319582177
UBFC_PHYS_s04_T3_test,120,157,125.23333333333333,0.5532770156860352,0.287555272981296
UBFC_PHYS_s04_T3_test,120,158,125.26666666666667,0.2747955024242401,0.10574154243031679
UBFC_PHYS_s04_T3_test,120,159,125.3,0.04422828182578087,-0.05373454704080693
UBFC_PHYS_s04_T3_test,120,160,125.33333333333333,-0.11624596267938614,-0.177187042374933
UBFC_PHYS_s04_T3_test,120,161,125.36666666666666,-0.19411514699459076,-0.2588731008178319
UBFC_PHYS_s04_T3_test,120,162,125.4,-0.1587129831314087,-0.30116290816784713
UBFC_PHYS_s04_T3_test,120,163,125.43333333333334,0.05431395396590233,-0.3125319496529956
UBFC_PHYS_s04_T3_test,120,164,125.46666666666667,0.44615447521209717,-0.30380876016055613
UBFC_PHYS_s04_T3_test,120,165,125.5,0.8577765822410583,-0.2838482354685509
UBFC_PHYS_s04_T3_test,120,166,125.53333333333333,1.100378394126892,-0.25627862422156417
UBFC_PHYS_s04_T3_test,120,167,125.56666666666666,1.1188737154006958,-0.2188097059203374
UBFC_PHYS_s04_T3_test,120,168,125.6,0.8665174841880798,-0.16564320757399123
UBFC_PHYS_s04_T3_test,120,169,125.63333333333334,0.3025091886520386,-0.09211858214525949
UBFC_PHYS_s04_T3_test,120,170,125.66666666666667,-0.41443103551864624,0.0005093444729612662
UBFC_PHYS_s04_T3_test,120,171,125.7,-0.9965546131134033,0.10266494322884004
UBFC_PHYS_s04_T3_test,120,172,125.73333333333333,-1.3220343589782715,0.19809362757414356
UBFC_PHYS_s04_T3_test,120,173,125.76666666666667,-1.4845160245895386,0.2693002086386536
UBFC_PHYS_s04_T3_test,120,174,125.8,-1.637564778327942,0.3043293526909909
UBFC_PHYS_s04_T3_test,120,175,125.83333333333333,-1.8462554216384888,0.30137406543972384
UBFC_PHYS_s04_T3_test,120,176,125.86666666666666,-2.047013759613037,0.26871502026442196
UBFC_PHYS_s04_T3_test,120,177,125.9,-2.155588388442993,0.22006823697259806
UBFC_PHYS_s04_T3_test,120,178,125.93333333333334,-2.1852800846099854,0.16799452146927432
UBFC_PHYS_s04_T3_test,120,179,125.96666666666667,-2.1986401081085205,0.11879846481856866
UBFC_PHYS_s04_T3_test,120,180,126.0,-2.1807878017425537,0.07078204641420126
UBFC_PHYS_s04_T3_test,120,181,126.03333333333333,-1.9889262914657593,0.015589018277962195
UBFC_PHYS_s04_T3_test,120,182,126.06666666666666,-1.528922200202942,-0.05847779927240265
UBFC_PHYS_s04_T3_test,120,183,126.1,-0.9060466289520264,-0.16215899456799837
UBFC_PHYS_s04_T3_test,120,184,126.13333333333334,-0.2912884056568146,-0.3008748803804767
UBFC_PHYS_s04_T3_test,120,185,126.16666666666667,0.25380560755729675,-0.47124639494586695
UBFC_PHYS_s04_T3_test,120,186,126.2,0.7106426954269409,-0.6592790618913507
UBFC_PHYS_s04_T3_test,120,187,126.23333333333333,1.0426416397094727,-0.8406557075201532
UBFC_PHYS_s04_T3_test,120,188,126.26666666666667,1.2656177282333374,-0.9832877483940783
UBFC_PHYS_s04_T3_test,120,189,126.3,1.4285671710968018,-1.0520802713372006
UBFC_PHYS_s04_T3_test,120,190,126.33333333333333,1.5272313356399536,-1.015660805819956
UBFC_PHYS_s04_T3_test,120,191,126.36666666666666,1.537511944770813,-0.8543570825663906
UBFC_PHYS_s04_T3_test,120,192,126.4,1.4632384777069092,-0.5678807984088832
UBFC_PHYS_s04_T3_test,120,193,126.43333333333334,1.3072078227996826,-0.18025035893715358
UBFC_PHYS_s04_T3_test,120,194,126.46666666666667,1.0583012104034424,0.2608731598094496
UBFC_PHYS_s04_T3_test,120,195,126.5,0.7379179000854492,0.6921881371455358
UBFC_PHYS_s04_T3_test,120,196,126.53333333333333,0.40442806482315063,1.049141931096783
UBFC_PHYS_s04_T3_test,120,197,126.56666666666666,0.07932837307453156,1.2825904711583378
UBFC_PHYS_s04_T3_test,120,198,126.6,-0.2760283350944519,1.371760246741983
UBFC_PHYS_s04_T3_test,120,199,126.63333333333334,-0.6615056395530701,1.3283843732441654
UBFC_PHYS_s04_T3_test,120,200,126.66666666666667,-0.9327955842018127,1.1904056648827677
UBFC_PHYS_s04_T3_test,120,201,126.7,-0.8977150321006775,1.0079054234082616
UBFC_PHYS_s04_T3_test,120,202,126.73333333333333,-0.5490918159484863,0.8266664920064054
UBFC_PHYS_s04_T3_test,120,203,126.76666666666667,-0.08481959253549576,0.6751225888455864
UBFC_PHYS_s04_T3_test,120,204,126.8,0.30385392904281616,0.5586671305584422
UBFC_PHYS_s04_T3_test,120,205,126.83333333333333,0.5595914721488953,0.4623086683989685
UBFC_PHYS_s04_T3_test,120,206,126.86666666666666,0.6968151330947876,0.35963947212958736
UBFC_PHYS_s04_T3_test,120,207,126.9,0.7436476945877075,0.22409436885135112
UBFC_PHYS_s04_T3_test,120,208,126.93333333333334,0.7195785045623779,0.038209962325804765
UBFC_PHYS_s04_T3_test,120,209,126.96666666666667,0.6519898772239685,-0.20181719991151487
UBFC_PHYS_s04_T3_test,120,210,127.0,0.5766932964324951,-0.4862824870013625
UBFC_PHYS_s04_T3_test,120,211,127.03333333333333,0.5083738565444946,-0.7947528558943611
UBFC_PHYS_s04_T3_test,120,212,127.06666666666666,0.4391578733921051,-1.099187144376541
UBFC_PHYS_s04_T3_test,120,213,127.1,0.34220874309539795,-1.3664441673003997
UBFC_PHYS_s04_T3_test,120,214,127.13333333333334,0.17710579931735992,-1.560823503278722
UBFC_PHYS_s04_T3_test,120,215,127.16666666666667,-0.05110324174165726,-1.6479664604634208
UBFC_PHYS_s04_T3_test,120,216,127.2,-0.2838922441005707,-1.6007700854515077
UBFC_PHYS_s04_T3_test,120,217,127.23333333333333,-0.47742021083831787,-1.4065737483258647
UBFC_PHYS_s04_T3_test,120,218,127.26666666666667,-0.641295313835144,-1.073659950261305
UBFC_PHYS_s04_T3_test,120,219,127.3,-0.8396273851394653,-0.6343328453779747
UBFC_PHYS_s04_T3_test,120,220,127.33333333333333,-1.1063958406448364,-0.14185495889136088
UBFC_PHYS_s04_T3_test,120,221,127.36666666666666,-1.3168697357177734,0.3396018407919701
UBFC_PHYS_s04_T3_test,120,222,127.4,-1.2686630487442017,0.7492011453011174
UBFC_PHYS_s04_T3_test,120,223,127.43333333333334,-0.9357287287712097,1.0424226448404117
UBFC_PHYS_s04_T3_test,120,224,127.46666666666667,-0.4985854923725128,1.198029361170114
UBFC_PHYS_s04_T3_test,120,225,127.5,-0.10767070949077606,1.2175949756192301
UBFC_PHYS_s04_T3_test,120,226,127.53333333333333,0.21829625964164734,1.1196675479335036
UBFC_PHYS_s04_T3_test,120,227,127.56666666666666,0.47669410705566406,0.9323441458826162
UBFC_PHYS_s04_T3_test,120,228,127.6,0.6294018626213074,0.6872889453621338
UBFC_PHYS_s04_T3_test,120,229,127.63333333333334,0.6863786578178406,0.41613952317647873
UBFC_PHYS_s04_T3_test,120,230,127.66666666666667,0.7007908821105957,0.14848022285288826
UBFC_PHYS_s04_T3_test,120,231,127.7,0.7006155252456665,-0.0899479310139908
UBFC_PHYS_s04_T3_test,120,232,127.73333333333333,0.6916407346725464,-0.2794026662331641
UBFC_PHYS_s04_T3_test,120,233,127.76666666666667,0.6737886071205139,-0.4081135493023232
UBFC_PHYS_s04_T3_test,120,234,127.8,0.6328514814376831,-0.4729385133953913
UBFC_PHYS_s04_T3_test,120,235,127.83333333333333,0.5627097487449646,-0.47802179666857797
UBFC_PHYS_s04_T3_test,120,236,127.86666666666666,0.46696898341178894,-0.4319652321955531
UBFC_PHYS_s04_T3_test,120,237,127.9,0.33823293447494507,-0.34492400937074563
UBFC_PHYS_s04_T3_test,120,238,127.93333333333334,0.17618004977703094,-0.2268621230326581
UBFC_PHYS_s04_T3_test,120,239,127.96666666666667,-0.002448401879519224,-0.08732084405956694
UBFC_PHYS_s04_T3_test,121,0,121.0,-0.39270055294036865,-0.16375276236131217
UBFC_PHYS_s04_T3_test,121,1,121.03333333333333,-0.17643842101097107,-0.39439827760098883
UBFC_PHYS_s04_T3_test,121,2,121.06666666666666,-0.009357331320643425,-0.5632395962802744
UBFC_PHYS_s04_T3_test,121,3,121.1,0.1288602203130722,-0.6225397417541322
UBFC_PHYS_s04_T3_test,121,4,121.13333333333334,0.18556411564350128,-0.5511134248714876
UBFC_PHYS_s04_T3_test,121,5,121.16666666666667,0.15577484667301178,-0.36043455245277567
UBFC_PHYS_s04_T3_test,121,6,121.2,0.10865964740514755,-0.09321718040960815
UBFC_PHYS_s04_T3_test,121,7,121.23333333333333,0.08021512627601624,0.18534229920651632
UBFC_PHYS_s04_T3_test,121,8,121.26666666666667,0.029932938516139984,0.40185990770022206
UBFC_PHYS_s04_T3_test,121,9,121.3,-0.10746607184410095,0.49169341571251224
UBFC_PHYS_s04_T3_test,121,10,121.33333333333333,-0.3104073405265808,0.41495529420022437
UBFC_PHYS_s04_T3_test,121,11,121.36666666666666,-0.4170231223106384,0.1680531189846664
UBFC_PHYS_s04_T3_test,121,12,121.4,-0.2788640260696411,-0.21200748670245465
UBFC_PHYS_s04_T3_test,121,13,121.43333333333334,0.037757862359285355,-0.6519782295290085
UBFC_PHYS_s04_T3_test,121,14,121.46666666666667,0.3413901925086975,-1.055218855907724
UBFC_PHYS_s04_T3_test,121,15,121.5,0.5515521764755249,-1.3211470487926598
UBFC_PHYS_s04_T3_test,121,16,121.53333333333333,0.6996897459030151,-1.3676521489489666
UBFC_PHYS_s04_T3_test,121,17,121.56666666666666,0.7924097180366516,-1.1515482678458322
UBFC_PHYS_s04_T3_test,121,18,121.6,0.8105639219284058,-0.6818492579171558
UBFC_PHYS_s04_T3_test,121,19,121.63333333333334,0.7740216851234436,-0.02164738847844397
UBFC_PHYS_s04_T3_test,121,20,121.66666666666667,0.714871883392334,0.7232423527790945
UBFC_PHYS_s04_T3_test,121,21,121.7,0.6398383975028992,1.427079627600107
UBFC_PHYS_s04_T3_test,121,22,121.73333333333333,0.5368573069572449,1.972652300460211
UBFC_PHYS_s04_T3_test,121,23,121.76666666666667,0.3774549961090088,2.2771686535174003
UBFC_PHYS_s04_T3_test,121,24,121.8,0.11772213876247406,2.3080403842272115
UBFC_PHYS_s04_T3_test,121,25,121.83333333333333,-0.22986812889575958,2.084533580749751
UBFC_PHYS_s04_T3_test,121,26,121.86666666666666,-0.566359281539917,1.6661586149540666
UBFC_PHYS_s04_T3_test,121,27,121.9,-0.8072363138198853,1.1330754354530375
UBFC_PHYS_s04_T3_test,121,28,121.93333333333334,-0.9651867151260376,0.5659566239601265
UBFC_PHYS_s04_T3_test,121,29,121.96666666666667,-1.095949649810791,0.031503163510211145
UBFC_PHYS_s04_T3_test,121,30,122.0,-1.2027699947357178,-0.4242587922290194
UBFC_PHYS_s04_T3_test,121,31,122.03333333333333,-1.1790614128112793,-0.7766549037103525
UBFC_PHYS_s04_T3_test,121,32,122.06666666666666,-0.8970134258270264,-1.0199435012777442
UBFC_PHYS_s04_T3_test,121,33,122.1,-0.39378222823143005,-1.1637916144454756
UBFC_PHYS_s04_T3_test,121,34,122.13333333333334,0.11994390934705734,-1.2293739814850229
UBFC_PHYS_s04_T3_test,121,35,122.16666666666667,0.4858735203742981,-1.2448933787607959
UBFC_PHYS_s04_T3_test,121,36,122.2,0.6999723315238953,-1.2398393738354652
UBFC_PHYS_s04_T3_test,121,37,122.23333333333333,0.7963660359382629,-1.2376837951801138
UBFC_PHYS_s04_T3_test,121,38,122.26666666666667,0.7691493630409241,-1.2480288001274118
UBFC_PHYS_s04_T3_test,121,39,122.3,0.6156619787216187,-1.2606617970295064
UBFC_PHYS_s04_T3_test,121,40,122.33333333333333,0.3794623613357544,-1.2445522999045062
UBFC_PHYS_s04_T3_test,121,41,122.36666666666666,0.14103125035762787,-1.1542155105110072
UBFC_PHYS_s04_T3_test,121,42,122.4,-0.021664774045348167,-0.9439854063457647
UBFC_PHYS_s04_T3_test,121,43,122.43333333333334,-0.08389385789632797,-0.5873692405449185
UBFC_PHYS_s04_T3_test,121,44,122.46666666666667,-0.07948929071426392,-0.09471694918274853
UBFC_PHYS_s04_T3_test,121,45,122.5,-0.06601249426603317,0.47918252104992487
UBFC_PHYS_s04_T3_test,121,46,122.53333333333333,-0.0853458046913147,1.0430386667719234
UBFC_PHYS_s04_T3_test,121,47,122.56666666666666,-0.11825335025787354,1.491478306581214
UBFC_PHYS_s04_T3_test,121,48,122.6,-0.09968987107276917,1.7341309621444392
UBFC_PHYS_s04_T3_test,121,49,122.63333333333334,-0.01963789574801922,1.7205775039359628
UBFC_PHYS_s04_T3_test,121,50,122.66666666666667,0.02622024156153202,1.4529970644854548
UBFC_PHYS_s04_T3_test,121,51,122.7,-0.03367988020181656,0.9841566828678388
UBFC_PHYS_s04_T3_test,121,52,122.73333333333333,-0.09736090898513794,0.40358922528005875
UBFC_PHYS_s04_T3_test,121,53,122.76666666666667,0.061300840228796005,-0.18238898999957004
UBFC_PHYS_s04_T3_test,121,54,122.8,0.5508505702018738,-0.6709425958193274
UBFC_PHYS_s04_T3_test,121,55,122.83333333333333,1.2160371541976929,-0.9792988436409235
UBFC_PHYS_s04_T3_test,121,56,122.86666666666666,1.7918754816055298,-1.0565119131424863
UBFC_PHYS_s04_T3_test,121,57,122.9,2.131523847579956,-0.8910155978899342
UBFC_PHYS_s04_T3_test,121,58,122.93333333333334,2.240556240081787,-0.5140481311668924
UBFC_PHYS_s04_T3_test,121,59,122.96666666666667,2.138880968093872,0.002813762977171577
UBFC_PHYS_s04_T3_test,121,60,123.0,1.831847906112671,0.5586981182513869
UBFC_PHYS_s04_T3_test,121,61,123.03333333333333,1.3960299491882324,1.043547989216361
UBFC_PHYS_s04_T3_test,121,62,123.06666666666666,0.9281521439552307,1.3627701243886545
UBFC_PHYS_s04_T3_test,121,63,123.1,0.4279223382472992,1.4583029218219334
UBFC_PHYS_s04_T3_test,121,64,123.13333333333334,-0.0970003604888916,1.3193222802575717
UBFC_PHYS_s04_T3_test,121,65,123.16666666666667,-0.5733169317245483,0.9803465070264809
UBFC_PHYS_s04_T3_test,121,66,123.2,-0.9961745738983154,0.5087373986262343
UBFC_PHYS_s04_T3_test,121,67,123.23333333333333,-1.4590532779693604,-0.013756983537080594
UBFC_PHYS_s04_T3_test,121,68,123.26666666666667,-2.0189201831817627,-0.5096745007591187
UBFC_PHYS_s04_T3_test,121,69,123.3,-2.6448163986206055,-0.9195197935994511
UBFC_PHYS_s04_T3_test,121,70,123.33333333333333,-3.248504877090454,-1.2074222149471814
UBFC_PHYS_s04_T3_test,121,71,123.36666666666666,-3.689769983291626,-1.3591154931529177
UBFC_PHYS_s04_T3_test,121,72,123.4,-3.840538740158081,-1.3758995899722857
UBFC_PHYS_s04_T3_test,121,73,123.43333333333334,-3.653140068054199,-1.269322300381098
UBFC_PHYS_s04_T3_test,121,74,123.46666666666667,-3.1439743041992188,-1.059144589238416
UBFC_PHYS_s04_T3_test,121,75,123.5,-2.400333881378174,-0.7735937461445868
UBFC_PHYS_s04_T3_test,121,76,123.53333333333333,-1.6099193096160889,-0.44876859234387995
UBFC_PHYS_s04_T3_test,121,77,123.56666666666666,-0.9302522540092468,-0.12481105017677391
UBFC_PHYS_s04_T3_test,121,78,123.6,-0.3605141043663025,0.16060929795606949
UBFC_PHYS_s04_T3_test,121,79,123.63333333333334,0.15162363648414612,0.3787186163896086
UBFC_PHYS_s04_T3_test,121,80,123.66666666666667,0.589361310005188,0.5136950853320614
UBFC_PHYS_s04_T3_test,121,81,123.7,0.904813826084137,0.5638658311546075
UBFC_PHYS_s04_T3_test,121,82,123.73333333333333,1.0918713808059692,0.5404160300698022
UBFC_PHYS_s04_T3_test,121,83,123.76666666666667,1.187105417251587,0.46398962148700257
UBFC_PHYS_s04_T3_test,121,84,123.8,1.229718565940857,0.35971718372589345
UBFC_PHYS_s04_T3_test,121,85,123.83333333333333,1.2171578407287598,0.2517253029779339
UBFC_PHYS_s04_T3_test,121,86,123.86666666666666,1.130050778388977,0.15865481030719683
UBFC_PHYS_s04_T3_test,121,87,123.9,0.9870485663414001,0.09157410937217467
UBFC_PHYS_s04_T3_test,121,88,123.93333333333334,0.8313491940498352,0.054680689781532454
UBFC_PHYS_s04_T3_test,121,89,123.96666666666667,0.6813309192657471,0.04781859867601506
UBFC_PHYS_s04_T3_test,121,90,124.0,0.5218798518180847,0.06894626384182014
UBFC_PHYS_s04_T3_test,121,91,124.03333333333333,0.33524131774902344,0.11497076758043008
UBFC_PHYS_s04_T3_test,121,92,124.06666666666666,0.16636723279953003,0.18079673154454814
UBFC_PHYS_s04_T3_test,121,93,124.1,0.1446172595024109,0.2579373843850992
UBFC_PHYS_s04_T3_test,121,94,124.13333333333334,0.37141332030296326,0.3343909065774339
UBFC_PHYS_s04_T3_test,121,95,124.16666666666667,0.7709034085273743,0.3963475394343986
UBFC_PHYS_s04_T3_test,121,96,124.2,1.150085687637329,0.4305304292373853
UBFC_PHYS_s04_T3_test,121,97,124.23333333333333,1.404975414276123,0.4255426597314412
UBFC_PHYS_s04_T3_test,121,98,124.26666666666667,1.569903016090393,0.3722754259603483
UBFC_PHYS_s04_T3_test,121,99,124.3,1.6966413259506226,0.26504861106573613
UBFC_PHYS_s04_T3_test,121,100,124.33333333333333,1.796377420425415,0.10453520831589033
UBFC_PHYS_s04_T3_test,121,101,124.36666666666666,1.8754160404205322,-0.09852467203831547
UBFC_PHYS_s04_T3_test,121,102,124.4,1.929430365562439,-0.32125837139570346
UBFC_PHYS_s04_T3_test,121,103,124.43333333333334,1.9311552047729492,-0.5305361020043105
UBFC_PHYS_s04_T3_test,121,104,124.46666666666667,1.8513954877853394,-0.6894662408140546
UBFC_PHYS_s04_T3_test,121,105,124.5,1.6618530750274658,-0.7669984838129974
UBFC_PHYS_s04_T3_test,121,106,124.53333333333333,1.336422085762024,-0.7474878913096621
UBFC_PHYS_s04_T3_test,121,107,124.56666666666666,0.9238450527191162,-0.6367811405954892
UBFC_PHYS_s04_T3_test,121,108,124.6,0.5219675302505493,-0.4624915446608421
UBFC_PHYS_s04_T3_test,121,109,124.63333333333334,0.1595654934644699,-0.26779960519857277
UBFC_PHYS_s04_T3_test,121,110,124.66666666666667,-0.2406846433877945,-0.09971640599108918
UBFC_PHYS_s04_T3_test,121,111,124.7,-0.7151204943656921,0.005250190693767524
UBFC_PHYS_s04_T3_test,121,112,124.73333333333333,-1.1292275190353394,0.032875524431490964
UBFC_PHYS_s04_T3_test,121,113,124.76666666666667,-1.2938627004623413,-0.004812230866853609
UBFC_PHYS_s04_T3_test,121,114,124.8,-1.2168607711791992,-0.07524004397708309
UBFC_PHYS_s04_T3_test,121,115,124.83333333333333,-1.085688591003418,-0.1379915528411696
UBFC_PHYS_s04_T3_test,121,116,124.86666666666666,-1.0476845502853394,-0.15920885467226184
UBFC_PHYS_s04_T3_test,121,117,124.9,-1.1290422677993774,-0.12237900384007622
UBFC_PHYS_s04_T3_test,121,118,124.93333333333334,-1.291621446609497,-0.03197600964053223
UBFC_PHYS_s04_T3_test,121,119,124.96666666666667,-1.4888718128204346,0.09067893059902678
UBFC_PHYS_s04_T3_test,121,120,125.0,-1.6241756677627563,0.21691787364624568
UBFC_PHYS_s04_T3_test,121,121,125.03333333333333,-1.4920680522918701,0.3214346524411491
UBFC_PHYS_s04_T3_test,121,122,125.06666666666666,-0.969211220741272,0.3904167898538251
UBFC_PHYS_s04_T3_test,121,123,125.1,-0.20268066227436066,0.42479490581323404
UBFC_PHYS_s04_T3_test,121,124,125.13333333333334,0.4778439700603485,0.4377630526656047
UBFC_PHYS_s04_T3_test,121,125,125.16666666666667,0.8202111124992371,0.44745273534076097
UBFC_PHYS_s04_T3_test,121,126,125.2,0.7940176129341125,0.46779842389557824
UBFC_PHYS_s04_T3_test,121,127,125.23333333333333,0.5532770156860352,0.5017202239228605
UBFC_PHYS_s04_T3_test,121,128,125.26666666666667,0.2747955024242401,0.5395134146252957
UBFC_PHYS_s04_T3_test,121,129,125.3,0.04422828182578087,0.5626385093386549
UBFC_PHYS_s04_T3_test,121,130,125.33333333333333,-0.11624596267938614,0.5507279704285343
UBFC_PHYS_s04_T3_test,121,131,125.36666666666666,-0.19411514699459076,0.4887340447261723
UBFC_PHYS_s04_T3_test,121,132,125.4,-0.1587129831314087,0.371852462495762
UBFC_PHYS_s04_T3_test,121,133,125.43333333333334,0.05431395396590233,0.20718798802466992
UBFC_PHYS_s04_T3_test,121,134,125.46666666666667,0.44615447521209717,0.012110952017533004
UBFC_PHYS_s04_T3_test,121,135,125.5,0.8577765822410583,-0.19004130546144446
UBFC_PHYS_s04_T3_test,121,136,125.53333333333333,1.100378394126892,-0.375547037383876
UBFC_PHYS_s04_T3_test,121,137,125.56666666666666,1.1188737154006958,-0.5254617087755806
UBFC_PHYS_s04_T3_test,121,138,125.6,0.8665174841880798,-0.6290749155742368
UBFC_PHYS_s04_T3_test,121,139,125.63333333333334,0.3025091886520386,-0.6851609818704117
UBFC_PHYS_s04_T3_test,121,140,125.66666666666667,-0.41443103551864624,-0.7010740512471354
UBFC_PHYS_s04_T3_test,121,141,125.7,-0.9965546131134033,-0.689905551207814
UBFC_PHYS_s04_T3_test,121,142,125.73333333333333,-1.3220343589782715,-0.6659890963687941
UBFC_PHYS_s04_T3_test,121,143,125.76666666666667,-1.4845160245895386,-0.6395440572451659
UBFC_PHYS_s04_T3_test,121,144,125.8,-1.637564778327942,-0.612228045899543
UBFC_PHYS_s04_T3_test,121,145,125.83333333333333,-1.8462554216384888,-0.5758154601523677
UBFC_PHYS_s04_T3_test,121,146,125.86666666666666,-2.047013759613037,-0.5152382095628272
UBFC_PHYS_s04_T3_test,121,147,125.9,-2.155588388442993,-0.41518312707243094
UBFC_PHYS_s04_T3_test,121,148,125.93333333333334,-2.1852800846099854,-0.2675460812992493
UBFC_PHYS_s04_T3_test,121,149,125.96666666666667,-2.1986401081085205,-0.07659015974951065
UBFC_PHYS_s04_T3_test,121,150,126.0,-2.1807878017425537,0.1400079916877482
UBFC_PHYS_s04_T3_test,121,151,126.03333333333333,-1.9889262914657593,0.3542069354321876
UBFC_PHYS_s04_T3_test,121,152,126.06666666666666,-1.528922200202942,0.5337184751247963
UBFC_PHYS_s04_T3_test,121,153,126.1,-0.9060466289520264,0.6497604147367306
UBFC_PHYS_s04_T3_test,121,154,126.13333333333334,-0.2912884056568146,0.6845781144126191
UBFC_PHYS_s04_T3_test,121,155,126.16666666666667,0.25380560755729675,0.6366792885478745
UBFC_PHYS_s04_T3_test,121,156,126.2,0.7106426954269409,0.5222193614464598
UBFC_PHYS_s04_T3_test,121,157,126.23333333333333,1.0426416397094727,0.37192740627984006
UBFC_PHYS_s04_T3_test,121,158,126.26666666666667,1.2656177282333374,0.22401349889704078
UBFC_PHYS_s04_T3_test,121,159,126.3,1.4285671710968018,0.11468905661118445
UBFC_PHYS_s04_T3_test,121,160,126.33333333333333,1.5272313356399536,0.06903128788446132
UBFC_PHYS_s04_T3_test,121,161,126.36666666666666,1.537511944770813,0.09488385323001254
UBFC_PHYS_s04_T3_test,121,162,126.4,1.4632384777069092,0.18097710663285388
UBFC_PHYS_s04_T3_test,121,163,126.43333333333334,1.3072078227996826,0.29914248564364615
UBFC_PHYS_s04_T3_test,121,164,126.46666666666667,1.0583012104034424,0.41056240327610205
UBFC_PHYS_s04_T3_test,121,165,126.5,0.7379179000854492,0.4758741918338214
UBFC_PHYS_s04_T3_test,121,166,126.53333333333333,0.40442806482315063,0.46711544882249606
UBFC_PHYS_s04_T3_test,121,167,126.56666666666666,0.07932837307453156,0.3772672897720323
UBFC_PHYS_s04_T3_test,121,168,126.6,-0.2760283350944519,0.22285521899578942
UBFC_PHYS_s04_T3_test,121,169,126.63333333333334,-0.6615056395530701,0.03774711609812112
UBFC_PHYS_s04_T3_test,121,170,126.66666666666667,-0.9327955842018127,-0.13914915896944408
UBFC_PHYS_s04_T3_test,121,171,126.7,-0.8977150321006775,-0.27641003620056986
UBFC_PHYS_s04_T3_test,121,172,126.73333333333333,-0.5490918159484863,-0.357635948061481
UBFC_PHYS_s04_T3_test,121,173,126.76666666666667,-0.08481959253549576,-0.3822592712091293
UBFC_PHYS_s04_T3_test,121,174,126.8,0.30385392904281616,-0.36141663935051965
UBFC_PHYS_s04_T3_test,121,175,126.83333333333333,0.5595914721488953,-0.31240191395201145
UBFC_PHYS_s04_T3_test,121,176,126.86666666666666,0.6968151330947876,-0.25459569056105613
UBFC_PHYS_s04_T3_test,121,177,126.9,0.7436476945877075,-0.2077310893975901
UBFC_PHYS_s04_T3_test,121,178,126.93333333333334,0.7195785045623779,-0.19139625835113178
UBFC_PHYS_s04_T3_test,121,179,126.96666666666667,0.6519898772239685,-0.22383561202458663
UBFC_PHYS_s04_T3_test,121,180,127.0,0.5766932964324951,-0.3186584050329953
UBFC_PHYS_s04_T3_test,121,181,127.03333333333333,0.5083738565444946,-0.47944162773798343
UBFC_PHYS_s04_T3_test,121,182,127.06666666666666,0.4391578733921051,-0.6936827570108469
UBFC_PHYS_s04_T3_test,121,183,127.1,0.34220874309539795,-0.9288247469189238
UBFC_PHYS_s04_T3_test,121,184,127.13333333333334,0.17710579931735992,-1.133679210170789
UBFC_PHYS_s04_T3_test,121,185,127.16666666666667,-0.05110324174165726,-1.2473815478499528
UBFC_PHYS_s04_T3_test,121,186,127.2,-0.2838922441005707,-1.2147294303896405
UBFC_PHYS_s04_T3_test,121,187,127.23333333333333,-0.47742021083831787,-1.0031911628738877
UBFC_PHYS_s04_T3_test,121,188,127.26666666666667,-0.641295313835144,-0.6152977140905445
UBFC_PHYS_s04_T3_test,121,189,127.3,-0.8396273851394653,-0.09143168094551743
UBFC_PHYS_s04_T3_test,121,190,127.33333333333333,-1.1063958406448364,0.4983941937875039
UBFC_PHYS_s04_T3_test,121,191,127.36666666666666,-1.3168697357177734,1.0710065936649156
UBFC_PHYS_s04_T3_test,121,192,127.4,-1.2686630487442017,1.5491450005362823
UBFC_PHYS_s04_T3_test,121,193,127.43333333333334,-0.9357287287712097,1.8770263683561275
UBFC_PHYS_s04_T3_test,121,194,127.46666666666667,-0.4985854923725128,2.0282661638887203
UBFC_PHYS_s04_T3_test,121,195,127.5,-0.10767070949077606,2.005343439799453
UBFC_PHYS_s04_T3_test,121,196,127.53333333333333,0.21829625964164734,1.8328533976799701
UBFC_PHYS_s04_T3_test,121,197,127.56666666666666,0.47669410705566406,1.5481888689455727
UBFC_PHYS_s04_T3_test,121,198,127.6,0.6294018626213074,1.1926796125677033
UBFC_PHYS_s04_T3_test,121,199,127.63333333333334,0.6863786578178406,0.8047278358888926
UBFC_PHYS_s04_T3_test,121,200,127.66666666666667,0.7007908821105957,0.415422979669951
UBFC_PHYS_s04_T3_test,121,201,127.7,0.7006155252456665,0.0466974006665351
UBFC_PHYS_s04_T3_test,121,202,127.73333333333333,0.6916407346725464,-0.28813362860117125
UBFC_PHYS_s04_T3_test,121,203,127.76666666666667,0.6737886071205139,-0.5819221111616555
UBFC_PHYS_s04_T3_test,121,204,127.8,0.6328514814376831,-0.8302566877379263
UBFC_PHYS_s04_T3_test,121,205,127.83333333333333,0.5627097487449646,-1.028333995927536
UBFC_PHYS_s04_T3_test,121,206,127.86666666666666,0.46696898341178894,-1.1693694064304243
UBFC_PHYS_s04_T3_test,121,207,127.9,0.33823293447494507,-1.2452393109568995
UBFC_PHYS_s04_T3_test,121,208,127.93333333333334,0.17618004977703094,-1.2491708156673211
UBFC_PHYS_s04_T3_test,121,209,127.96666666666667,-0.002448401879519224,-1.179510767102097
UBFC_PHYS_s04_T3_test,121,210,128.0,-0.19361817836761475,-1.0431950203644276
UBFC_PHYS_s04_T3_test,121,211,128.03333333333333,-0.41392433643341064,-0.8573059763246893
UBFC_PHYS_s04_T3_test,121,212,128.06666666666666,-0.6810630559921265,-0.6471289245769
UBFC_PHYS_s04_T3_test,121,213,128.1,-0.9574397206306458,-0.44032318460636766
UBFC_PHYS_s04_T3_test,121,214,128.13333333333333,-1.0937083959579468,-0.25931295903214285
UBFC_PHYS_s04_T3_test,121,215,128.16666666666666,-0.9500435590744019,-0.1156809422134681
UBFC_PHYS_s04_T3_test,121,216,128.2,-0.5874856114387512,-0.009383615103508417
UBFC_PHYS_s04_T3_test,121,217,128.23333333333332,-0.20769913494586945,0.06715571882298363
UBFC_PHYS_s04_T3_test,121,218,128.26666666666668,0.0769311934709549,0.12256544518927961
UBFC_PHYS_s04_T3_test,121,219,128.3,0.2909618318080902,0.16120883466779534
UBFC_PHYS_s04_T3_test,121,220,128.33333333333334,0.45352140069007874,0.18183021648010442
UBFC_PHYS_s04_T3_test,121,221,128.36666666666667,0.545559287071228,0.18082549004161316
UBFC_PHYS_s04_T3_test,121,222,128.4,0.587714433670044,0.15826705399499613
UBFC_PHYS_s04_T3_test,121,223,128.43333333333334,0.6328125,0.1230671128413601
UBFC_PHYS_s04_T3_test,121,224,128.46666666666667,0.6853262186050415,0.09366204569044662
UBFC_PHYS_s04_T3_test,121,225,128.5,0.7082455158233643,0.09269959896169323
UBFC_PHYS_s04_T3_test,121,226,128.53333333333333,0.6849169135093689,0.13762742228640293
UBFC_PHYS_s04_T3_test,121,227,128.56666666666666,0.6218498349189758,0.2317319469072926
UBFC_PHYS_s04_T3_test,121,228,128.6,0.5231953859329224,0.3602785483651563
UBFC_PHYS_s04_T3_test,121,229,128.63333333333333,0.3952096700668335,0.4940082054262387
UBFC_PHYS_s04_T3_test,121,230,128.66666666666666,0.23626531660556793,0.5987419603348276
UBFC_PHYS_s04_T3_test,121,231,128.7,0.039083126932382584,0.6470353229003014
UBFC_PHYS_s04_T3_test,121,232,128.73333333333332,-0.18362019956111908,0.6270643460782179
UBFC_PHYS_s04_T3_test,121,233,128.76666666666668,-0.4125600755214691,0.5454161719677675
UBFC_PHYS_s04_T3_test,121,234,128.8,-0.674485445022583,0.4233186031649356
UBFC_PHYS_s04_T3_test,121,235,128.83333333333334,-1.0175737142562866,0.28849821534221076
UBFC_PHYS_s04_T3_test,121,236,128.86666666666667,-1.3838443756103516,0.16604578904816336
UBFC_PHYS_s04_T3_test,121,237,128.9,-1.580120325088501,0.07131613743978055
UBFC_PHYS_s04_T3_test,121,238,128.93333333333334,-1.4468822479248047,0.0066705094540910346
UBFC_PHYS_s04_T3_test,121,239,128.96666666666667,-1.0204970836639404,-0.03745023207305925
UBFC_PHYS_s04_T3_test,122,0,122.0,-1.2027699947357178,0.0029038067280062483
UBFC_PHYS_s04_T3_test,122,1,122.03333333333333,-1.1790614128112793,-0.22449853486940033
UBFC_PHYS_s04_T3_test,122,2,122.06666666666666,-0.8970134258270264,-0.42576634304176375
UBFC_PHYS_s04_T3_test,122,3,122.1,-0.39378222823143005,-0.5822677867591985
UBFC_PHYS_s04_T3_test,122,4,122.13333333333334,0.11994390934705734,-0.6871156402715474
UBFC_PHYS_s04_T3_test,122,5,122.16666666666667,0.4858735203742981,-0.7454445184714753
UBFC_PHYS_s04_T3_test,122,6,122.2,0.6999723315238953,-0.7699499396940892
UBFC_PHYS_s04_T3_test,122,7,122.23333333333333,0.7963660359382629,-0.7737528084898396
UBFC_PHYS_s04_T3_test,122,8,122.26666666666667,0.7691493630409241,-0.7633494149681597
UBFC_PHYS_s04_T3_test,122,9,122.3,0.6156619787216187,-0.7339397047233844
UBFC_PHYS_s04_T3_test,122,10,122.33333333333333,0.3794623613357544,-0.66893147650418
UBFC_PHYS_s04_T3_test,122,11,122.36666666666666,0.14103125035762787,-0.5448510704644685
UBFC_PHYS_s04_T3_test,122,12,122.4,-0.021664774045348167,-0.3415522132862788
UBFC_PHYS_s04_T3_test,122,13,122.43333333333334,-0.08389385789632797,-0.05503666806889594
UBFC_PHYS_s04_T3_test,122,14,122.46666666666667,-0.07948929071426392,0.29270458893445517
UBFC_PHYS_s04_T3_test,122,15,122.5,-0.06601249426603317,0.6528194840464316
UBFC_PHYS_s04_T3_test,122,16,122.53333333333333,-0.0853458046913147,0.9598884029837556
UBFC_PHYS_s04_T3_test,122,17,122.56666666666666,-0.11825335025787354,1.1498002342382727
UBFC_PHYS_s04_T3_test,122,18,122.6,-0.09968987107276917,1.1776806384874448
UBFC_PHYS_s04_T3_test,122,19,122.63333333333334,-0.01963789574801922,1.028732294721895
UBFC_PHYS_s04_T3_test,122,20,122.66666666666667,0.02622024156153202,0.7193064784153201
UBFC_PHYS_s04_T3_test,122,21,122.7,-0.03367988020181656,0.2905384803168103
UBFC_PHYS_s04_T3_test,122,22,122.73333333333333,-0.09736090898513794,-0.20097008703747335
UBFC_PHYS_s04_T3_test,122,23,122.76666666666667,0.061300840228796005,-0.6917439278218908
UBFC_PHYS_s04_T3_test,122,24,122.8,0.5508505702018738,-1.1177442670388178
UBFC_PHYS_s04_T3_test,122,25,122.83333333333333,1.2160371541976929,-1.4190887245738473
UBFC_PHYS_s04_T3_test,122,26,122.86666666666666,1.7918754816055298,-1.545341338647194
UBFC_PHYS_s04_T3_test,122,27,122.9,2.131523847579956,-1.4632433569765693
UBFC_PHYS_s04_T3_test,122,28,122.93333333333334,2.240556240081787,-1.1665011276851982
UBFC_PHYS_s04_T3_test,122,29,122.96666666666667,2.138880968093872,-0.6842106079510502
UBFC_PHYS_s04_T3_test,122,30,123.0,1.831847906112671,-0.08262300872916015
UBFC_PHYS_s04_T3_test,122,31,123.03333333333333,1.3960299491882324,0.5440038913772145
UBFC_PHYS_s04_T3_test,122,32,123.06666666666666,0.9281521439552307,1.0934419922469403
UBFC_PHYS_s04_T3_test,122,33,123.1,0.4279223382472992,1.4807674305666403
UBFC_PHYS_s04_T3_test,122,34,123.13333333333334,-0.0970003604888916,1.6594459551748415
UBFC_PHYS_s04_T3_test,122,35,123.16666666666667,-0.5733169317245483,1.6298424933409734
UBFC_PHYS_s04_T3_test,122,36,123.2,-0.9961745738983154,1.4328115001153723
UBFC_PHYS_s04_T3_test,122,37,123.23333333333333,-1.4590532779693604,1.132816061304262
UBFC_PHYS_s04_T3_test,122,38,123.26666666666667,-2.0189201831817627,0.7981346064433137
UBFC_PHYS_s04_T3_test,122,39,123.3,-2.6448163986206055,0.48480729882504575
UBFC_PHYS_s04_T3_test,122,40,123.33333333333333,-3.248504877090454,0.2279936873111346
UBFC_PHYS_s04_T3_test,122,41,123.36666666666666,-3.689769983291626,0.04101488273514826
UBFC_PHYS_s04_T3_test,122,42,123.4,-3.840538740158081,-0.08028345365331097
UBFC_PHYS_s04_T3_test,122,43,123.43333333333334,-3.653140068054199,-0.15125656119445302
UBFC_PHYS_s04_T3_test,122,44,123.46666666666667,-3.1439743041992188,-0.19297250752169465
UBFC_PHYS_s04_T3_test,122,45,123.5,-2.400333881378174,-0.22837612201399052
UBFC_PHYS_s04_T3_test,122,46,123.53333333333333,-1.6099193096160889,-0.27923017528419325
UBFC_PHYS_s04_T3_test,122,47,123.56666666666666,-0.9302522540092468,-0.3627014567125088
UBFC_PHYS_s04_T3_test,122,48,123.6,-0.3605141043663025,-0.48789418674513796
UBFC_PHYS_s04_T3_test,122,49,123.63333333333334,0.15162363648414612,-0.65390248159488
UBFC_PHYS_s04_T3_test,122,50,123.66666666666667,0.589361310005188,-0.8503862692815944
UBFC_PHYS_s04_T3_test,122,51,123.7,0.904813826084137,-1.0599622950402172
UBFC_PHYS_s04_T3_test,122,52,123.73333333333333,1.0918713808059692,-1.2605797147605642
UBFC_PHYS_s04_T3_test,122,53,123.76666666666667,1.187105417251587,-1.4265513347970742
UBFC_PHYS_s04_T3_test,122,54,123.8,1.229718565940857,-1.5287743391207667
UBFC_PHYS_s04_T3_test,122,55,123.83333333333333,1.2171578407287598,-1.5362588265886463
UBFC_PHYS_s04_T3_test,122,56,123.86666666666666,1.130050778388977,-1.420896755703548
UBFC_PHYS_s04_T3_test,122,57,123.9,0.9870485663414001,-1.1655799568612746
UBFC_PHYS_s04_T3_test,122,58,123.93333333333334,0.8313491940498352,-0.7734090113637895
UBFC_PHYS_s04_T3_test,122,59,123.96666666666667,0.6813309192657471,-0.27388813776971915
UBFC_PHYS_s04_T3_test,122,60,124.0,0.5218798518180847,0.27824080928721595
UBFC_PHYS_s04_T3_test,122,61,124.03333333333333,0.33524131774902344,0.8134270437086538
UBFC_PHYS_s04_T3_test,122,62,124.06666666666666,0.16636723279953003,1.264272207985937
UBFC_PHYS_s04_T3_test,122,63,124.1,0.1446172595024109,1.5825969826371842
UBFC_PHYS_s04_T3_test,122,64,124.13333333333334,0.37141332030296326,1.7501258448033652
UBFC_PHYS_s04_T3_test,122,65,124.16666666666667,0.7709034085273743,1.779237486576542
UBFC_PHYS_s04_T3_test,122,66,124.2,1.150085687637329,1.7040416669278207
UBFC_PHYS_s04_T3_test,122,67,124.23333333333333,1.404975414276123,1.565461551495691
UBFC_PHYS_s04_T3_test,122,68,124.26666666666667,1.569903016090393,1.3961872439444896
UBFC_PHYS_s04_T3_test,122,69,124.3,1.6966413259506226,1.211326345329308
UBFC_PHYS_s04_T3_test,122,70,124.33333333333333,1.796377420425415,1.0080153542064725
UBFC_PHYS_s04_T3_test,122,71,124.36666666666666,1.8754160404205322,0.7733197224472447
UBFC_PHYS_s04_T3_test,122,72,124.4,1.929430365562439,0.49624172616244283
UBFC_PHYS_s04_T3_test,122,73,124.43333333333334,1.9311552047729492,0.17804940611098377
UBFC_PHYS_s04_T3_test,122,74,124.46666666666667,1.8513954877853394,-0.16387330285301102
UBFC_PHYS_s04_T3_test,122,75,124.5,1.6618530750274658,-0.5002290968656001
UBFC_PHYS_s04_T3_test,122,76,124.53333333333333,1.336422085762024,-0.7995945347187968
UBFC_PHYS_s04_T3_test,122,77,124.56666666666666,0.9238450527191162,-1.0386720838226955
UBFC_PHYS_s04_T3_test,122,78,124.6,0.5219675302505493,-1.2081090209983265
UBFC_PHYS_s04_T3_test,122,79,124.63333333333334,0.1595654934644699,-1.3115679488240415
UBFC_PHYS_s04_T3_test,122,80,124.66666666666667,-0.2406846433877945,-1.3590827183294507
UBFC_PHYS_s04_T3_test,122,81,124.7,-0.7151204943656921,-1.3583959785525295
UBFC_PHYS_s04_T3_test,122,82,124.73333333333333,-1.1292275190353394,-1.3088843183274808
UBFC_PHYS_s04_T3_test,122,83,124.76666666666667,-1.2938627004623413,-1.2012702349245947
UBFC_PHYS_s04_T3_test,122,84,124.8,-1.2168607711791992,-1.0231687540985592
UBFC_PHYS_s04_T3_test,122,85,124.83333333333333,-1.085688591003418,-0.767618901840398
UBFC_PHYS_s04_T3_test,122,86,124.86666666666666,-1.0476845502853394,-0.4407651053386022
UBFC_PHYS_s04_T3_test,122,87,124.9,-1.1290422677993774,-0.06548751703731528
UBFC_PHYS_s04_T3_test,122,88,124.93333333333334,-1.291621446609497,0.3208454334326805
UBFC_PHYS_s04_T3_test,122,89,124.96666666666667,-1.4888718128204346,0.67418582412963
UBFC_PHYS_s04_T3_test,122,90,125.0,-1.6241756677627563,0.9542524803662972
UBFC_PHYS_s04_T3_test,122,91,125.03333333333333,-1.4920680522918701,1.133407540622013
UBFC_PHYS_s04_T3_test,122,92,125.06666666666666,-0.969211220741272,1.2010126854439547
UBFC_PHYS_s04_T3_test,122,93,125.1,-0.20268066227436066,1.1628489017187715
UBFC_PHYS_s04_T3_test,122,94,125.13333333333334,0.4778439700603485,1.0370585149895188
UBFC_PHYS_s04_T3_test,122,95,125.16666666666667,0.8202111124992371,0.848682490983812
UBFC_PHYS_s04_T3_test,122,96,125.2,0.7940176129341125,0.6245346047460089
UBFC_PHYS_s04_T3_test,122,97,125.23333333333333,0.5532770156860352,0.38933725587330237
UBFC_PHYS_s04_T3_test,122,98,125.26666666666667,0.2747955024242401,0.16321127824896203
UBFC_PHYS_s04_T3_test,122,99,125.3,0.04422828182578087,-0.03983858497451119
UBFC_PHYS_s04_T3_test,122,100,125.33333333333333,-0.11624596267938614,-0.2127303410005094
UBFC_PHYS_s04_T3_test,122,101,125.36666666666666,-0.19411514699459076,-0.35530439060474256
UBFC_PHYS_s04_T3_test,122,102,125.4,-0.1587129831314087,-0.47307689635124145
UBFC_PHYS_s04_T3_test,122,103,125.43333333333334,0.05431395396590233,-0.5742995052623316
UBFC_PHYS_s04_T3_test,122,104,125.46666666666667,0.44615447521209717,-0.6653708439667605
UBFC_PHYS_s04_T3_test,122,105,125.5,0.8577765822410583,-0.7456791584535203
UBFC_PHYS_s04_T3_test,122,106,125.53333333333333,1.100378394126892,-0.804088044412482
UBFC_PHYS_s04_T3_test,122,107,125.56666666666666,1.1188737154006958,-0.8194302791379902
UBFC_PHYS_s04_T3_test,122,108,125.6,0.8665174841880798,-0.7659349298714085
UBFC_PHYS_s04_T3_test,122,109,125.63333333333334,0.3025091886520386,-0.6222969546707582
UBFC_PHYS_s04_T3_test,122,110,125.66666666666667,-0.41443103551864624,-0.38138190027913754
UBFC_PHYS_s04_T3_test,122,111,125.7,-0.9965546131134033,-0.05694398223682758
UBFC_PHYS_s04_T3_test,122,112,125.73333333333333,-1.3220343589782715,0.3156022456974024
UBFC_PHYS_s04_T3_test,122,113,125.76666666666667,-1.4845160245895386,0.6852911600781136
UBFC_PHYS_s04_T3_test,122,114,125.8,-1.637564778327942,0.9967322908300925
UBFC_PHYS_s04_T3_test,122,115,125.83333333333333,-1.8462554216384888,1.2024709964354656
UBFC_PHYS_s04_T3_test,122,116,125.86666666666666,-2.047013759613037,1.272921456846945
UBFC_PHYS_s04_T3_test,122,117,125.9,-2.155588388442993,1.201637825752057
UBFC_PHYS_s04_T3_test,122,118,125.93333333333334,-2.1852800846099854,1.0051542654637515
UBFC_PHYS_s04_T3_test,122,119,125.96666666666667,-2.1986401081085205,0.7177993068557947
UBFC_PHYS_s04_T3_test,122,120,126.0,-2.1807878017425537,0.38292154049152255
UBFC_PHYS_s04_T3_test,122,121,126.03333333333333,-1.9889262914657593,0.042777371430788275
UBFC_PHYS_s04_T3_test,122,122,126.06666666666666,-1.528922200202942,-0.27030329332442254
UBFC_PHYS_s04_T3_test,122,123,126.1,-0.9060466289520264,-0.539149593354929
UBFC_PHYS_s04_T3_test,122,124,126.13333333333334,-0.2912884056568146,-0.7619942578202893
UBFC_PHYS_s04_T3_test,122,125,126.16666666666667,0.25380560755729675,-0.9475325257150583
UBFC_PHYS_s04_T3_test,122,126,126.2,0.7106426954269409,-1.1058151832185505
UBFC_PHYS_s04_T3_test,122,127,126.23333333333333,1.0426416397094727,-1.2376221633863584
UBFC_PHYS_s04_T3_test,122,128,126.26666666666667,1.2656177282333374,-1.3267720813576767
UBFC_PHYS_s04_T3_test,122,129,126.3,1.4285671710968018,-1.3400540256327123
UBFC_PHYS_s04_T3_test,122,130,126.33333333333333,1.5272313356399536,-1.236829704260903
UBFC_PHYS_s04_T3_test,122,131,126.36666666666666,1.537511944770813,-0.9859614538677824
UBFC_PHYS_s04_T3_test,122,132,126.4,1.4632384777069092,-0.5838212629681302
UBFC_PHYS_s04_T3_test,122,133,126.43333333333334,1.3072078227996826,-0.06542117132145595
UBFC_PHYS_s04_T3_test,122,134,126.46666666666667,1.0583012104034424,0.49778570850410087
UBFC_PHYS_s04_T3_test,122,135,126.5,0.7379179000854492,1.014779035864578
UBFC_PHYS_s04_T3_test,122,136,126.53333333333333,0.40442806482315063,1.4007815127908396
UBFC_PHYS_s04_T3_test,122,137,126.56666666666666,0.07932837307453156,1.601482656242422
UBFC_PHYS_s04_T3_test,122,138,126.6,-0.2760283350944519,1.606026167571606
UBFC_PHYS_s04_T3_test,122,139,126.63333333333334,-0.6615056395530701,1.4447210660886138
UBFC_PHYS_s04_T3_test,122,140,126.66666666666667,-0.9327955842018127,1.1742765160137478
UBFC_PHYS_s04_T3_test,122,141,126.7,-0.8977150321006775,0.8578633542088967
UBFC_PHYS_s04_T3_test,122,142,126.73333333333333,-0.5490918159484863,0.5476437346276889
UBFC_PHYS_s04_T3_test,122,143,126.76666666666667,-0.08481959253549576,0.27462328003196107
UBFC_PHYS_s04_T3_test,122,144,126.8,0.30385392904281616,0.04703444387023616
UBFC_PHYS_s04_T3_test,122,145,126.83333333333333,0.5595914721488953,-0.1444813028409089
UBFC_PHYS_s04_T3_test,122,146,126.86666666666666,0.6968151330947876,-0.318145913147237
UBFC_PHYS_s04_T3_test,122,147,126.9,0.7436476945877075,-0.4920181129675299
UBFC_PHYS_s04_T3_test,122,148,126.93333333333334,0.7195785045623779,-0.6768372463206495
UBFC_PHYS_s04_T3_test,122,149,126.96666666666667,0.6519898772239685,-0.8716179184887952
UBFC_PHYS_s04_T3_test,122,150,127.0,0.5766932964324951,-1.0620695454047195
UBFC_PHYS_s04_T3_test,122,151,127.03333333333333,0.5083738565444946,-1.2216858805950672
UBFC_PHYS_s04_T3_test,122,152,127.06666666666666,0.4391578733921051,-1.3154142912227123
UBFC_PHYS_s04_T3_test,122,153,127.1,0.34220874309539795,-1.3058788312691212
UBFC_PHYS_s04_T3_test,122,154,127.13333333333334,0.17710579931735992,-1.1618954380487543
UBFC_PHYS_s04_T3_test,122,155,127.16666666666667,-0.05110324174165726,-0.8681843882453019
UBFC_PHYS_s04_T3_test,122,156,127.2,-0.2838922441005707,-0.4339207257836731
UBFC_PHYS_s04_T3_test,122,157,127.23333333333333,-0.47742021083831787,0.10302836156144862
UBFC_PHYS_s04_T3_test,122,158,127.26666666666667,-0.641295313835144,0.6787670967427001
UBFC_PHYS_s04_T3_test,122,159,127.3,-0.8396273851394653,1.2135545350388997
UBFC_PHYS_s04_T3_test,122,160,127.33333333333333,-1.1063958406448364,1.627482301545634
UBFC_PHYS_s04_T3_test,122,161,127.36666666666666,-1.3168697357177734,1.8575049043676202
UBFC_PHYS_s04_T3_test,122,162,127.4,-1.2686630487442017,1.8710770819270206
UBFC_PHYS_s04_T3_test,122,163,127.43333333333334,-0.9357287287712097,1.672682378682665
UBFC_PHYS_s04_T3_test,122,164,127.46666666666667,-0.4985854923725128,1.301674978425518
UBFC_PHYS_s04_T3_test,122,165,127.5,-0.10767070949077606,0.8222964646553728
UBFC_PHYS_s04_T3_test,122,166,127.53333333333333,0.21829625964164734,0.3087254907283842
UBFC_PHYS_s04_T3_test,122,167,127.56666666666666,0.47669410705566406,-0.17084269726206688
UBFC_PHYS_s04_T3_test,122,168,127.6,0.6294018626213074,-0.5670061789427019
UBFC_PHYS_s04_T3_test,122,169,127.63333333333334,0.6863786578178406,-0.8558543674374371
UBFC_PHYS_s04_T3_test,122,170,127.66666666666667,0.7007908821105957,-1.0385466431838681
UBFC_PHYS_s04_T3_test,122,171,127.7,0.7006155252456665,-1.1348481185791313
UBFC_PHYS_s04_T3_test,122,172,127.73333333333333,0.6916407346725464,-1.1730897855489812
UBFC_PHYS_s04_T3_test,122,173,127.76666666666667,0.6737886071205139,-1.1795550688736707
UBFC_PHYS_s04_T3_test,122,174,127.8,0.6328514814376831,-1.1701242431774164
UBFC_PHYS_s04_T3_test,122,175,127.83333333333333,0.5627097487449646,-1.1462231666887694
UBFC_PHYS_s04_T3_test,122,176,127.86666666666666,0.46696898341178894,-1.0958634138246868
UBFC_PHYS_s04_T3_test,122,177,127.9,0.33823293447494507,-0.9991775332351943
UBFC_PHYS_s04_T3_test,122,178,127.93333333333334,0.17618004977703094,-0.8367152053533327
UBFC_PHYS_s04_T3_test,122,179,127.96666666666667,-0.002448401879519224,-0.5980780036781238
UBFC_PHYS_s04_T3_test,122,180,128.0,-0.19361817836761475,-0.2883147358550024
UBFC_PHYS_s04_T3_test,122,181,128.03333333333333,-0.41392433643341064,0.07011094773757233
UBFC_PHYS_s04_T3_test,122,182,128.06666666666666,-0.6810630559921265,0.4409319493994065
UBFC_PHYS_s04_T3_test,122,183,128.1,-0.9574397206306458,0.7825026421206294
UBFC_PHYS_s04_T3_test,122,184,128.13333333333333,-1.0937083959579468,1.0579709145009564
UBFC_PHYS_s04_T3_test,122,185,128.16666666666666,-0.9500435590744019,1.2432380179803193
UBFC_PHYS_s04_T3_test,122,186,128.2,-0.5874856114387512,1.330284864284601
UBFC_PHYS_s04_T3_test,122,187,128.23333333333332,-0.20769913494586945,1.3258478030297558
UBFC_PHYS_s04_T3_test,122,188,128.26666666666668,0.0769311934709549,1.2467978183166497
UBFC_PHYS_s04_T3_test,122,189,128.3,0.2909618318080902,1.1140073673513162
UBFC_PHYS_s04_T3_test,122,190,128.33333333333334,0.45352140069007874,0.9467151024860728
UBFC_PHYS_s04_T3_test,122,191,128.36666666666667,0.545559287071228,0.759212665059589
UBFC_PHYS_s04_T3_test,122,192,128.4,0.587714433670044,0.5606674157172109
UBFC_PHYS_s04_T3_test,122,193,128.43333333333334,0.6328125,0.35734437691249427
UBFC_PHYS_s04_T3_test,122,194,128.46666666666667,0.6853262186050415,0.15522487113094668
UBFC_PHYS_s04_T3_test,122,195,128.5,0.7082455158233643,-0.038977257516862915
UBFC_PHYS_s04_T3_test,122,196,128.53333333333333,0.6849169135093689,-0.21892816871854798
UBFC_PHYS_s04_T3_test,122,197,128.56666666666666,0.6218498349189758,-0.38075069634409237
UBFC_PHYS_s04_T3_test,122,198,128.6,0.5231953859329224,-0.524357140275701
UBFC_PHYS_s04_T3_test,122,199,128.63333333333333,0.3952096700668335,-0.6530415667105429
UBFC_PHYS_s04_T3_test,122,200,128.66666666666666,0.23626531660556793,-0.7715213593284445
UBFC_PHYS_s04_T3_test,122,201,128.7,0.039083126932382584,-0.8833166863985742
UBFC_PHYS_s04_T3_test,122,202,128.73333333333332,-0.18362019956111908,-0.9881925536800704
UBFC_PHYS_s04_T3_test,122,203,128.76666666666668,-0.4125600755214691,-1.0800823830256965
UBFC_PHYS_s04_T3_test,122,204,128.8,-0.674485445022583,-1.1461176889415807
UBFC_PHYS_s04_T3_test,122,205,128.83333333333334,-1.0175737142562866,-1.1675803041883743
UBFC_PHYS_s04_T3_test,122,206,128.86666666666667,-1.3838443756103516,-1.1231045192573181
UBFC_PHYS_s04_T3_test,122,207,128.9,-1.580120325088501,-0.9935930480799241
UBFC_PHYS_s04_T3_test,122,208,128.93333333333334,-1.4468822479248047,-0.7677454568768999
UBFC_PHYS_s04_T3_test,122,209,128.96666666666667,-1.0204970836639404,-0.44710646473001947
UBFC_PHYS_s04_T3_test,122,210,129.0,-0.493411123752594,-0.04982506092652094
UBFC_PHYS_s04_T3_test,122,211,129.03333333333333,-0.052194640040397644,0.3879398243428908
UBFC_PHYS_s04_T3_test,122,212,129.06666666666666,0.2527726888656616,0.8148460621593193
UBFC_PHYS_s04_T3_test,122,213,129.1,0.45803317427635193,1.1729711101865261
UBFC_PHYS_s04_T3_test,122,214,129.13333333333333,0.593025267124176,1.4111147550028091
UBFC_PHYS_s04_T3_test,122,215,129.16666666666666,0.6755523681640625,1.49838945530865
UBFC_PHYS_s04_T3_test,122,216,129.2,0.7414259314537048,1.4322824366217324
UBFC_PHYS_s04_T3_test,122,217,129.23333333333332,0.8042396903038025,1.2375064172673709
UBFC_PHYS_s04_T3_test,122,218,129.26666666666668,0.8226277828216553,0.9567969088136252
UBFC_PHYS_s04_T3_test,122,219,129.3,0.7766234874725342,0.638614958947054
UBFC_PHYS_s04_T3_test,122,220,129.33333333333334,0.7004011273384094,0.32660778847691907
UBFC_PHYS_s04_T3_test,122,221,129.36666666666667,0.6060733199119568,0.053127011555923
UBFC_PHYS_s04_T3_test,122,222,129.4,0.4936399757862091,-0.16308049718552628
UBFC_PHYS_s04_T3_test,122,223,129.43333333333334,0.4062308073043823,-0.3159588130380805
UBFC_PHYS_s04_T3_test,122,224,129.46666666666667,0.3577806055545807,-0.40932383544406276
UBFC_PHYS_s04_T3_test,122,225,129.5,0.26462215185165405,-0.453326761109642
UBFC_PHYS_s04_T3_test,122,226,129.53333333333333,0.04713217541575432,-0.4609268821659632
UBFC_PHYS_s04_T3_test,122,227,129.56666666666666,-0.21025222539901733,-0.44470456365546823
UBFC_PHYS_s04_T3_test,122,228,129.6,-0.29348093271255493,-0.414317587799402
UBFC_PHYS_s04_T3_test,122,229,129.63333333333333,-0.04634787142276764,-0.37517540908705493
UBFC_PHYS_s04_T3_test,122,230,129.66666666666666,0.45815011858940125,-0.32901994047761907
UBFC_PHYS_s04_T3_test,122,231,129.7,1.0105818510055542,-0.2763766706838069
UBFC_PHYS_s04_T3_test,122,232,129.73333333333332,1.4841796159744263,-0.21938306153138615
UBFC_PHYS_s04_T3_test,122,233,129.76666666666668,1.8342353105545044,-0.16289353231959805
UBFC_PHYS_s04_T3_test,122,234,129.8,1.9789817333221436,-0.11308204185936266
UBFC_PHYS_s04_T3_test,122,235,129.83333333333334,1.8709237575531006,-0.07478924624324121
UBFC_PHYS_s04_T3_test,122,236,129.86666666666667,1.5908149480819702,-0.049719061764979734
UBFC_PHYS_s04_T3_test,122,237,129.9,1.259332537651062,-0.03668440740588909
UBFC_PHYS_s04_T3_test,122,238,129.93333333333334,0.9017247557640076,-0.03324248608289623
UBFC_PHYS_s04_T3_test,122,239,129.96666666666667,0.48066017031669617,-0.03703096329582721
UBFC_PHYS_s04_T3_test,123,0,123.0,1.831847906112671,-0.0693717340853347
UBFC_PHYS_s04_T3_test,123,1,123.03333333333333,1.3960299491882324,-0.08866066182067962
UBFC_PHYS_s04_T3_test,123,2,123.06666666666666,0.9281521439552307,-0.0896431372604243
UBFC_PHYS_s04_T3_test,123,3,123.1,0.4279223382472992,-0.0631054915069939
UBFC_PHYS_s04_T3_test,123,4,123.13333333333334,-0.0970003604888916,-0.009745688074192172
UBFC_PHYS_s04_T3_test,123,5,123.16666666666667,-0.5733169317245483,0.0594752722602629
UBFC_PHYS_s04_T3_test,123,6,123.2,-0.9961745738983154,0.12649067351256701
UBFC_PHYS_s04_T3_test,123,7,123.23333333333333,-1.4590532779693604,0.17145843160758423
UBFC_PHYS_s04_T3_test,123,8,123.26666666666667,-2.0189201831817627,0.17875369858112933
UBFC_PHYS_s04_T3_test,123,9,123.3,-2.6448163986206055,0.14253115224566004
UBFC_PHYS_s04_T3_test,123,10,123.33333333333333,-3.248504877090454,0.07081826994022565
UBFC_PHYS_s04_T3_test,123,11,123.36666666666666,-3.689769983291626,-0.013340311640913104
UBFC_PHYS_s04_T3_test,123,12,123.4,-3.840538740158081,-0.07546631098390083
UBFC_PHYS_s04_T3_test,123,13,123.43333333333334,-3.653140068054199,-0.07891046484256176
UBFC_PHYS_s04_T3_test,123,14,123.46666666666667,-3.1439743041992188,0.0016221055907681301
UBFC_PHYS_s04_T3_test,123,15,123.5,-2.400333881378174,0.16671074405614428
UBFC_PHYS_s04_T3_test,123,16,123.53333333333333,-1.6099193096160889,0.385340254986264
UBFC_PHYS_s04_T3_test,123,17,123.56666666666666,-0.9302522540092468,0.5998126373260414
UBFC_PHYS_s04_T3_test,123,18,123.6,-0.3605141043663025,0.7432259344835095
UBFC_PHYS_s04_T3_test,123,19,123.63333333333334,0.15162363648414612,0.7636689286998727
UBFC_PHYS_s04_T3_test,123,20,123.66666666666667,0.589361310005188,0.6440894559593626
UBFC_PHYS_s04_T3_test,123,21,123.7,0.904813826084137,0.4078333000407119
UBFC_PHYS_s04_T3_test,123,22,123.73333333333333,1.0918713808059692,0.10808441137339646
UBFC_PHYS_s04_T3_test,123,23,123.76666666666667,1.187105417251587,-0.19175418231547026
UBFC_PHYS_s04_T3_test,123,24,123.8,1.229718565940857,-0.43714781407171593
UBFC_PHYS_s04_T3_test,123,25,123.83333333333333,1.2171578407287598,-0.5947278710125793
UBFC_PHYS_s04_T3_test,123,26,123.86666666666666,1.130050778388977,-0.6564764329017797
UBFC_PHYS_s04_T3_test,123,27,123.9,0.9870485663414001,-0.637534114712491
UBFC_PHYS_s04_T3_test,123,28,123.93333333333334,0.8313491940498352,-0.5695617761181189
UBFC_PHYS_s04_T3_test,123,29,123.96666666666667,0.6813309192657471,-0.4909607549876624
UBFC_PHYS_s04_T3_test,123,30,124.0,0.5218798518180847,-0.43585836705592573
UBFC_PHYS_s04_T3_test,123,31,124.03333333333333,0.33524131774902344,-0.42470787004267874
UBFC_PHYS_s04_T3_test,123,32,124.06666666666666,0.16636723279953003,-0.45900928287992904
UBFC_PHYS_s04_T3_test,123,33,124.1,0.1446172595024109,-0.5212308210172086
UBFC_PHYS_s04_T3_test,123,34,124.13333333333334,0.37141332030296326,-0.5795531802258216
UBFC_PHYS_s04_T3_test,123,35,124.16666666666667,0.7709034085273743,-0.5961730140715022
UBFC_PHYS_s04_T3_test,123,36,124.2,1.150085687637329,-0.5375593791267284
UBFC_PHYS_s04_T3_test,123,37,124.23333333333333,1.404975414276123,-0.3846920809873715
UBFC_PHYS_s04_T3_test,123,38,124.26666666666667,1.569903016090393,-0.1406610324665913
UBFC_PHYS_s04_T3_test,123,39,124.3,1.6966413259506226,0.16721627814240672
UBFC_PHYS_s04_T3_test,123,40,124.33333333333333,1.796377420425415,0.4924997174576072
UBFC_PHYS_s04_T3_test,123,41,124.36666666666666,1.8754160404205322,0.7811343476028771
UBFC_PHYS_s04_T3_test,123,42,124.4,1.929430365562439,0.985542618650257
UBFC_PHYS_s04_T3_test,123,43,124.43333333333334,1.9311552047729492,1.0761503641663304
UBFC_PHYS_s04_T3_test,123,44,124.46666666666667,1.8513954877853394,1.0466986707598254
UBFC_PHYS_s04_T3_test,123,45,124.5,1.6618530750274658,0.9125401786336481
UBFC_PHYS_s04_T3_test,123,46,124.53333333333333,1.336422085762024,0.7033235237571521
UBFC_PHYS_s04_T3_test,123,47,124.56666666666666,0.9238450527191162,0.4528226156702652
UBFC_PHYS_s04_T3_test,123,48,124.6,0.5219675302505493,0.18954846122907595
UBFC_PHYS_s04_T3_test,123,49,124.63333333333334,0.1595654934644699,-0.06824143915924671
UBFC_PHYS_s04_T3_test,123,50,124.66666666666667,-0.2406846433877945,-0.3110769466185734
UBFC_PHYS_s04_T3_test,123,51,124.7,-0.7151204943656921,-0.5313796468836021
UBFC_PHYS_s04_T3_test,123,52,124.73333333333333,-1.1292275190353394,-0.7155512342802888
UBFC_PHYS_s04_T3_test,123,53,124.76666666666667,-1.2938627004623413,-0.8405735510997512
UBFC_PHYS_s04_T3_test,123,54,124.8,-1.2168607711791992,-0.8780713732825938
UBFC_PHYS_s04_T3_test,123,55,124.83333333333333,-1.085688591003418,-0.8043935370209636
UBFC_PHYS_s04_T3_test,123,56,124.86666666666666,-1.0476845502853394,-0.6120001995830948
UBFC_PHYS_s04_T3_test,123,57,124.9,-1.1290422677993774,-0.3167405551767879
UBFC_PHYS_s04_T3_test,123,58,124.93333333333334,-1.291621446609497,0.04257010686634592
UBFC_PHYS_s04_T3_test,123,59,124.96666666666667,-1.4888718128204346,0.4124903694151574
UBFC_PHYS_s04_T3_test,123,60,125.0,-1.6241756677627563,0.7380406516296042
UBFC_PHYS_s04_T3_test,123,61,125.03333333333333,-1.4920680522918701,0.975573952042756
UBFC_PHYS_s04_T3_test,123,62,125.06666666666666,-0.969211220741272,1.1010597649839629
UBFC_PHYS_s04_T3_test,123,63,125.1,-0.20268066227436066,1.1117897892521975
UBFC_PHYS_s04_T3_test,123,64,125.13333333333334,0.4778439700603485,1.022296124181592
UBFC_PHYS_s04_T3_test,123,65,125.16666666666667,0.8202111124992371,0.8571548379616427
UBFC_PHYS_s04_T3_test,123,66,125.2,0.7940176129341125,0.64365542766497
UBFC_PHYS_s04_T3_test,123,67,125.23333333333333,0.5532770156860352,0.406320120606661
UBFC_PHYS_s04_T3_test,123,68,125.26666666666667,0.2747955024242401,0.16380362266427612
UBFC_PHYS_s04_T3_test,123,69,125.3,0.04422828182578087,-0.07230678418260232
UBFC_PHYS_s04_T3_test,123,70,125.33333333333333,-0.11624596267938614,-0.29740124717028704
UBFC_PHYS_s04_T3_test,123,71,125.36666666666666,-0.19411514699459076,-0.5126624655595167
UBFC_PHYS_s04_T3_test,123,72,125.4,-0.1587129831314087,-0.722644599920744
UBFC_PHYS_s04_T3_test,123,73,125.43333333333334,0.05431395396590233,-0.9315549309620399
UBFC_PHYS_s04_T3_test,123,74,125.46666666666667,0.44615447521209717,-1.1386878210647737
UBFC_PHYS_s04_T3_test,123,75,125.5,0.8577765822410583,-1.3341832231681716
UBFC_PHYS_s04_T3_test,123,76,125.53333333333333,1.100378394126892,-1.4968128545399897
UBFC_PHYS_s04_T3_test,123,77,125.56666666666666,1.1188737154006958,-1.595372470346775
UBFC_PHYS_s04_T3_test,123,78,125.6,0.8665174841880798,-1.5943004573918294
UBFC_PHYS_s04_T3_test,123,79,125.63333333333334,0.3025091886520386,-1.4627288553928293
UBFC_PHYS_s04_T3_test,123,80,125.66666666666667,-0.41443103551864624,-1.1848521460805623
UBFC_PHYS_s04_T3_test,123,81,125.7,-0.9965546131134033,-0.7685663534258157
UBFC_PHYS_s04_T3_test,123,82,125.73333333333333,-1.3220343589782715,-0.24908508975441382
UBFC_PHYS_s04_T3_test,123,83,125.76666666666667,-1.4845160245895386,0.31481156329738985
UBFC_PHYS_s04_T3_test,123,84,125.8,-1.637564778327942,0.8519629041712448
UBFC_PHYS_s04_T3_test,123,85,125.83333333333333,-1.8462554216384888,1.2946811760591894
UBFC_PHYS_s04_T3_test,123,86,125.86666666666666,-2.047013759613037,1.5943795299175878
UBFC_PHYS_s04_T3_test,123,87,125.9,-2.155588388442993,1.7318149835559844
UBFC_PHYS_s04_T3_test,123,88,125.93333333333334,-2.1852800846099854,1.7186890096795822
UBFC_PHYS_s04_T3_test,123,89,125.96666666666667,-2.1986401081085205,1.590383516518295
UBFC_PHYS_s04_T3_test,123,90,126.0,-2.1807878017425537,1.3924346272516133
UBFC_PHYS_s04_T3_test,123,91,126.03333333333333,-1.9889262914657593,1.1653733265045405
UBFC_PHYS_s04_T3_test,123,92,126.06666666666666,-1.528922200202942,0.9333569162733146
UBFC_PHYS_s04_T3_test,123,93,126.1,-0.9060466289520264,0.7007092624545901
UBFC_PHYS_s04_T3_test,123,94,126.13333333333334,-0.2912884056568146,0.45708539185673336
UBFC_PHYS_s04_T3_test,123,95,126.16666666666667,0.25380560755729675,0.18844370351866085
UBFC_PHYS_s04_T3_test,123,96,126.2,0.7106426954269409,-0.11071274789417367
UBFC_PHYS_s04_T3_test,123,97,126.23333333333333,1.0426416397094727,-0.42831870455873994
UBFC_PHYS_s04_T3_test,123,98,126.26666666666667,1.2656177282333374,-0.7324091657178854
UBFC_PHYS_s04_T3_test,123,99,126.3,1.4285671710968018,-0.9769664236217908
UBFC_PHYS_s04_T3_test,123,100,126.33333333333333,1.5272313356399536,-1.114679368046249
UBFC_PHYS_s04_T3_test,123,101,126.36666666666666,1.537511944770813,-1.1126636322431482
UBFC_PHYS_s04_T3_test,123,102,126.4,1.4632384777069092,-0.9657162875447439
UBFC_PHYS_s04_T3_test,123,103,126.43333333333334,1.3072078227996826,-0.7019345458258994
UBFC_PHYS_s04_T3_test,123,104,126.46666666666667,1.0583012104034424,-0.37759939659236735
UBFC_PHYS_s04_T3_test,123,105,126.5,0.7379179000854492,-0.061924025009711996
UBFC_PHYS_s04_T3_test,123,106,126.53333333333333,0.40442806482315063,0.18339488102162368
UBFC_PHYS_s04_T3_test,123,107,126.56666666666666,0.07932837307453156,0.32197967335987127
UBFC_PHYS_s04_T3_test,123,108,126.6,-0.2760283350944519,0.3505857433122478
UBFC_PHYS_s04_T3_test,123,109,126.63333333333334,-0.6615056395530701,0.2940612693822915
UBFC_PHYS_s04_T3_test,123,110,126.66666666666667,-0.9327955842018127,0.1911636404305457
UBFC_PHYS_s04_T3_test,123,111,126.7,-0.8977150321006775,0.07910712859925434
UBFC_PHYS_s04_T3_test,123,112,126.73333333333333,-0.5490918159484863,-0.016547727988960894
UBFC_PHYS_s04_T3_test,123,113,126.76666666666667,-0.08481959253549576,-0.08465475754502487
UBFC_PHYS_s04_T3_test,123,114,126.8,0.30385392904281616,-0.1259020498919132
UBFC_PHYS_s04_T3_test,123,115,126.83333333333333,0.5595914721488953,-0.14844474564373675
UBFC_PHYS_s04_T3_test,123,116,126.86666666666666,0.6968151330947876,-0.1644348648959698
UBFC_PHYS_s04_T3_test,123,117,126.9,0.7436476945877075,-0.18799901567592606
UBFC_PHYS_s04_T3_test,123,118,126.93333333333334,0.7195785045623779,-0.23337310433195105
UBFC_PHYS_s04_T3_test,123,119,126.96666666666667,0.6519898772239685,-0.3115558492879263
UBFC_PHYS_s04_T3_test,123,120,127.0,0.5766932964324951,-0.42518600697614173
UBFC_PHYS_s04_T3_test,123,121,127.03333333333333,0.5083738565444946,-0.5632920081833913
UBFC_PHYS_s04_T3_test,123,122,127.06666666666666,0.4391578733921051,-0.6987333473412135
UBFC_PHYS_s04_T3_test,123,123,127.1,0.34220874309539795,-0.7909831882346934
UBFC_PHYS_s04_T3_test,123,124,127.13333333333334,0.17710579931735992,-0.7953679283097393
UBFC_PHYS_s04_T3_test,123,125,127.16666666666667,-0.05110324174165726,-0.6771029817746734
UBFC_PHYS_s04_T3_test,123,126,127.2,-0.2838922441005707,-0.42534304327430716
UBFC_PHYS_s04_T3_test,123,127,127.23333333333333,-0.47742021083831787,-0.061027263841187895
UBFC_PHYS_s04_T3_test,123,128,127.26666666666667,-0.641295313835144,0.3659121565310445
UBFC_PHYS_s04_T3_test,123,129,127.3,-0.8396273851394653,0.7898923958745279
UBFC_PHYS_s04_T3_test,123,130,127.33333333333333,-1.1063958406448364,1.1484289651650132
UBFC_PHYS_s04_T3_test,123,131,127.36666666666666,-1.3168697357177734,1.398479569472577
UBFC_PHYS_s04_T3_test,123,132,127.4,-1.2686630487442017,1.524042461597933
UBFC_PHYS_s04_T3_test,123,133,127.43333333333334,-0.9357287287712097,1.533261816505154
UBFC_PHYS_s04_T3_test,123,134,127.46666666666667,-0.4985854923725128,1.4483030251155957
UBFC_PHYS_s04_T3_test,123,135,127.5,-0.10767070949077606,1.2939138877017522
UBFC_PHYS_s04_T3_test,123,136,127.53333333333333,0.21829625964164734,1.0896636528310735
UBFC_PHYS_s04_T3_test,123,137,127.56666666666666,0.47669410705566406,0.8477437214972867
UBFC_PHYS_s04_T3_test,123,138,127.6,0.6294018626213074,0.5752413397884458
UBFC_PHYS_s04_T3_test,123,139,127.63333333333334,0.6863786578178406,0.27827848628472895
UBFC_PHYS_s04_T3_test,123,140,127.66666666666667,0.7007908821105957,-0.034492790635740206
UBFC_PHYS_s04_T3_test,123,141,127.7,0.7006155252456665,-0.3505115244037292
UBFC_PHYS_s04_T3_test,123,142,127.73333333333333,0.6916407346725464,-0.6543667900691769
UBFC_PHYS_s04_T3_test,123,143,127.76666666666667,0.6737886071205139,-0.9306357293979811
UBFC_PHYS_s04_T3_test,123,144,127.8,0.6328514814376831,-1.1670813209503919
UBFC_PHYS_s04_T3_test,123,145,127.83333333333333,0.5627097487449646,-1.3564629497828764
UBFC_PHYS_s04_T3_test,123,146,127.86666666666666,0.46696898341178894,-1.4956254375290259
UBFC_PHYS_s04_T3_test,123,147,127.9,0.33823293447494507,-1.5819137772578078
UBFC_PHYS_s04_T3_test,123,148,127.93333333333334,0.17618004977703094,-1.6088839069512546
UBFC_PHYS_s04_T3_test,123,149,127.96666666666667,-0.002448401879519224,-1.564325246876363
UBFC_PHYS_s04_T3_test,123,150,128.0,-0.19361817836761475,-1.43268696400151
UBFC_PHYS_s04_T3_test,123,151,128.03333333333333,-0.41392433643341064,-1.201588445696908
UBFC_PHYS_s04_T3_test,123,152,128.06666666666666,-0.6810630559921265,-0.869659904191805
UBFC_PHYS_s04_T3_test,123,153,128.1,-0.9574397206306458,-0.4520005741224407
UBFC_PHYS_s04_T3_test,123,154,128.13333333333333,-1.0937083959579468,0.019340169751166064
UBFC_PHYS_s04_T3_test,123,155,128.16666666666666,-0.9500435590744019,0.5001804292182762
UBFC_PHYS_s04_T3_test,123,156,128.2,-0.5874856114387512,0.9425917930530018
UBFC_PHYS_s04_T3_test,123,157,128.23333333333332,-0.20769913494586945,1.3039473083819992
UBFC_PHYS_s04_T3_test,123,158,128.26666666666668,0.0769311934709549,1.5536716292283885
UBFC_PHYS_s04_T3_test,123,159,128.3,0.2909618318080902,1.6760722903233831
UBFC_PHYS_s04_T3_test,123,160,128.33333333333334,0.45352140069007874,1.6698577815622333
UBFC_PHYS_s04_T3_test,123,161,128.36666666666667,0.545559287071228,1.5462408285517897
UBFC_PHYS_s04_T3_test,123,162,128.4,0.587714433670044,1.3267776644787639
UBFC_PHYS_s04_T3_test,123,163,128.43333333333334,0.6328125,1.0406672879915668
UBFC_PHYS_s04_T3_test,123,164,128.46666666666667,0.6853262186050415,0.7208896541198858
UBFC_PHYS_s04_T3_test,123,165,128.5,0.7082455158233643,0.39925463591749016
UBFC_PHYS_s04_T3_test,123,166,128.53333333333333,0.6849169135093689,0.10126868802147561
UBFC_PHYS_s04_T3_test,123,167,128.56666666666666,0.6218498349189758,-0.15774833719777204
UBFC_PHYS_s04_T3_test,123,168,128.6,0.5231953859329224,-0.3738678438523805
UBFC_PHYS_s04_T3_test,123,169,128.63333333333333,0.3952096700668335,-0.5524697627633013
UBFC_PHYS_s04_T3_test,123,170,128.66666666666666,0.23626531660556793,-0.7036837561821476
UBFC_PHYS_s04_T3_test,123,171,128.7,0.039083126932382584,-0.83707877110846
UBFC_PHYS_s04_T3_test,123,172,128.73333333333332,-0.18362019956111908,-0.957021537866169
UBFC_PHYS_s04_T3_test,123,173,128.76666666666668,-0.4125600755214691,-1.0594283237387747
UBFC_PHYS_s04_T3_test,123,174,128.8,-0.674485445022583,-1.1305055002268085
UBFC_PHYS_s04_T3_test,123,175,128.83333333333334,-1.0175737142562866,-1.1481863683906401
UBFC_PHYS_s04_T3_test,123,176,128.86666666666667,-1.3838443756103516,-1.086622605338413
UBFC_PHYS_s04_T3_test,123,177,128.9,-1.580120325088501,-0.9232917120180287
UBFC_PHYS_s04_T3_test,123,178,128.93333333333334,-1.4468822479248047,-0.6473733447280937
UBFC_PHYS_s04_T3_test,123,179,128.96666666666667,-1.0204970836639404,-0.267171280085196
UBFC_PHYS_s04_T3_test,123,180,129.0,-0.493411123752594,0.18618929961576677
UBFC_PHYS_s04_T3_test,123,181,129.03333333333333,-0.052194640040397644,0.6610748643401453
UBFC_PHYS_s04_T3_test,123,182,129.06666666666666,0.2527726888656616,1.0941097632471268
UBFC_PHYS_s04_T3_test,123,183,129.1,0.45803317427635193,1.423389725052168
UBFC_PHYS_s04_T3_test,123,184,129.13333333333333,0.593025267124176,1.602265515677934
UBFC_PHYS_s04_T3_test,123,185,129.16666666666666,0.6755523681640625,1.6093275499156012
UBFC_PHYS_s04_T3_test,123,186,129.2,0.7414259314537048,1.4514217251372619
UBFC_PHYS_s04_T3_test,123,187,129.23333333333332,0.8042396903038025,1.1592305255157063
UBFC_PHYS_s04_T3_test,123,188,129.26666666666668,0.8226277828216553,0.778047374137418
UBFC_PHYS_s04_T3_test,123,189,129.3,0.7766234874725342,0.35770803702799875
UBFC_PHYS_s04_T3_test,123,190,129.33333333333334,0.7004011273384094,-0.05574126891333519
UBFC_PHYS_s04_T3_test,123,191,129.36666666666667,0.6060733199119568,-0.4261541489539704
UBFC_PHYS_s04_T3_test,123,192,129.4,0.4936399757862091,-0.7312851872111602
UBFC_PHYS_s04_T3_test,123,193,129.43333333333334,0.4062308073043823,-0.9642790781559912
UBFC_PHYS_s04_T3_test,123,194,129.46666666666667,0.3577806055545807,-1.1320098075502718
UBFC_PHYS_s04_T3_test,123,195,129.5,0.26462215185165405,-1.2500739744271157
UBFC_PHYS_s04_T3_test,123,196,129.53333333333333,0.04713217541575432,-1.3351248053743017
UBFC_PHYS_s04_T3_test,123,197,129.56666666666666,-0.21025222539901733,-1.3963126532111192
UBFC_PHYS_s04_T3_test,123,198,129.6,-0.29348093271255493,-1.428546588217243
UBFC_PHYS_s04_T3_test,123,199,129.63333333333333,-0.04634787142276764,-1.4106512057706093
UBFC_PHYS_s04_T3_test,123,200,129.66666666666666,0.45815011858940125,-1.3106762827855183
UBFC_PHYS_s04_T3_test,123,201,129.7,1.0105818510055542,-1.0980558725084948
UBFC_PHYS_s04_T3_test,123,202,129.73333333333332,1.4841796159744263,-0.7585874261994237
UBFC_PHYS_s04_T3_test,123,203,129.76666666666668,1.8342353105545044,-0.3057491768007023
UBFC_PHYS_s04_T3_test,123,204,129.8,1.9789817333221436,0.21720055149254147
UBFC_PHYS_s04_T3_test,123,205,129.83333333333334,1.8709237575531006,0.7459930997790541
UBFC_PHYS_s04_T3_test,123,206,129.86666666666667,1.5908149480819702,1.2118460081720495
UBFC_PHYS_s04_T3_test,123,207,129.9,1.259332537651062,1.5592761530719887
UBFC_PHYS_s04_T3_test,123,208,129.93333333333334,0.9017247557640076,1.758637804850249
UBFC_PHYS_s04_T3_test,123,209,129.96666666666667,0.48066017031669617,1.809512744360107
UBFC_PHYS_s04_T3_test,123,210,130.0,0.02534322813153267,1.7351324479393155
UBFC_PHYS_s04_T3_test,123,211,130.03333333333333,-0.36671167612075806,1.5712199566724923
UBFC_PHYS_s04_T3_test,123,212,130.06666666666666,-0.6669626235961914,1.3536442541325313
UBFC_PHYS_s04_T3_test,123,213,130.1,-0.9210143685340881,1.1086340238126065
UBFC_PHYS_s04_T3_test,123,214,130.13333333333333,-1.167816162109375,0.8481073704859623
UBFC_PHYS_s04_T3_test,123,215,130.16666666666666,-1.4313298463821411,0.5711458245511749
UBFC_PHYS_s04_T3_test,123,216,130.2,-1.677819848060608,0.2707243806729334
UBFC_PHYS_s04_T3_test,123,217,130.23333333333332,-1.740789532661438,-0.05697461604735201
UBFC_PHYS_s04_T3_test,123,218,130.26666666666668,-1.4686614274978638,-0.404274102269941
UBFC_PHYS_s04_T3_test,123,219,130.3,-0.9700102806091309,-0.7480373451127861
UBFC_PHYS_s04_T3_test,123,220,130.33333333333334,-0.4751887023448944,-1.0518158915037221
UBFC_PHYS_s04_T3_test,123,221,130.36666666666667,-0.054046113044023514,-1.2737950456842395
UBFC_PHYS_s04_T3_test,123,222,130.4,0.32829341292381287,-1.378258876132477
UBFC_PHYS_s04_T3_test,123,223,130.43333333333334,0.6184684634208679,-1.3469875549605133
UBFC_PHYS_s04_T3_test,123,224,130.46666666666667,0.7321393489837646,-1.186688198195442
UBFC_PHYS_s04_T3_test,123,225,130.5,0.7203775644302368,-0.9295008219156614
UBFC_PHYS_s04_T3_test,123,226,130.53333333333333,0.704230785369873,-0.6257487911728208
UBFC_PHYS_s04_T3_test,123,227,130.56666666666666,0.7057411670684814,-0.3308255557904881
UBFC_PHYS_s04_T3_test,123,228,130.6,0.7001477479934692,-0.09043850243472865
UBFC_PHYS_s04_T3_test,123,229,130.63333333333333,0.7018336057662964,0.0707396010577562
UBFC_PHYS_s04_T3_test,123,230,130.66666666666666,0.710438072681427,0.15317094115109223
UBFC_PHYS_s04_T3_test,123,231,130.7,0.6982183456420898,0.1781281008987343
UBFC_PHYS_s04_T3_test,123,232,130.73333333333332,0.7080701589584351,0.17679418041591236
UBFC_PHYS_s04_T3_test,123,233,130.76666666666668,0.8543464541435242,0.1771458792311429
UBFC_PHYS_s04_T3_test,123,234,130.8,1.1963043212890625,0.19406461351197438
UBFC_PHYS_s04_T3_test,123,235,130.83333333333334,1.6842657327651978,0.22669505274098928
UBFC_PHYS_s04_T3_test,123,236,130.86666666666667,2.1153576374053955,0.26326429104559035
UBFC_PHYS_s04_T3_test,123,237,130.9,2.094367742538452,0.289788527119619
UBFC_PHYS_s04_T3_test,123,238,130.93333333333334,1.3558138608932495,0.2977724104508813
UBFC_PHYS_s04_T3_test,123,239,130.96666666666667,0.19489945471286774,0.28739094544927746
UBFC_PHYS_s04_T3_test,124,0,124.0,0.5218798518180847,0.0674594153529259
UBFC_PHYS_s04_T3_test,124,1,124.03333333333333,0.33524131774902344,0.06939264208745761
UBFC_PHYS_s04_T3_test,124,2,124.06666666666666,0.16636723279953003,0.06679373915293722
UBFC_PHYS_s04_T3_test,124,3,124.1,0.1446172595024109,0.059818551670181894
UBFC_PHYS_s04_T3_test,124,4,124.13333333333334,0.37141332030296326,0.05273966409848546
UBFC_PHYS_s04_T3_test,124,5,124.16666666666667,0.7709034085273743,0.053607007875754564
UBFC_PHYS_s04_T3_test,124,6,124.2,1.150085687637329,0.07178108540276137
UBFC_PHYS_s04_T3_test,124,7,124.23333333333333,1.404975414276123,0.11372493957556264
UBFC_PHYS_s04_T3_test,124,8,124.26666666666667,1.569903016090393,0.17830125949202463
UBFC_PHYS_s04_T3_test,124,9,124.3,1.6966413259506226,0.2534785072113872
UBFC_PHYS_s04_T3_test,124,10,124.33333333333333,1.796377420425415,0.3164689928622641
UBFC_PHYS_s04_T3_test,124,11,124.36666666666666,1.8754160404205322,0.3386289041861536
UBFC_PHYS_s04_T3_test,124,12,124.4,1.929430365562439,0.2948318007096209
UBFC_PHYS_s04_T3_test,124,13,124.43333333333334,1.9311552047729492,0.17463483212932857
UBFC_PHYS_s04_T3_test,124,14,124.46666666666667,1.8513954877853394,-0.009648366383964857
UBFC_PHYS_s04_T3_test,124,15,124.5,1.6618530750274658,-0.22291116686521423
UBFC_PHYS_s04_T3_test,124,16,124.53333333333333,1.336422085762024,-0.41706301545272284
UBFC_PHYS_s04_T3_test,124,17,124.56666666666666,0.9238450527191162,-0.5477214022035001
UBFC_PHYS_s04_T3_test,124,18,124.6,0.5219675302505493,-0.5910709044422383
UBFC_PHYS_s04_T3_test,124,19,124.63333333333334,0.1595654934644699,-0.5532987606137592
UBFC_PHYS_s04_T3_test,124,20,124.66666666666667,-0.2406846433877945,-0.46763030799220434
UBFC_PHYS_s04_T3_test,124,21,124.7,-0.7151204943656921,-0.37933151314135627
UBFC_PHYS_s04_T3_test,124,22,124.73333333333333,-1.1292275190353394,-0.32495080653294944
UBFC_PHYS_s04_T3_test,124,23,124.76666666666667,-1.2938627004623413,-0.3153607412407461
UBFC_PHYS_s04_T3_test,124,24,124.8,-1.2168607711791992,-0.33068543576360687
UBFC_PHYS_s04_T3_test,124,25,124.83333333333333,-1.085688591003418,-0.32964080918212907
UBFC_PHYS_s04_T3_test,124,26,124.86666666666666,-1.0476845502853394,-0.2689444407132072
UBFC_PHYS_s04_T3_test,124,27,124.9,-1.1290422677993774,-0.12375677452842354
UBFC_PHYS_s04_T3_test,124,28,124.93333333333334,-1.291621446609497,0.1000216401726481
UBFC_PHYS_s04_T3_test,124,29,124.96666666666667,-1.4888718128204346,0.3665475965519177
UBFC_PHYS_s04_T3_test,124,30,125.0,-1.6241756677627563,0.622622776717029
UBFC_PHYS_s04_T3_test,124,31,125.03333333333333,-1.4920680522918701,0.815862413943988
UBFC_PHYS_s04_T3_test,124,32,125.06666666666666,-0.969211220741272,0.9109967774653808
UBFC_PHYS_s04_T3_test,124,33,125.1,-0.20268066227436066,0.8988323610828712
UBFC_PHYS_s04_T3_test,124,34,125.13333333333334,0.4778439700603485,0.7958081418028078
UBFC_PHYS_s04_T3_test,124,35,125.16666666666667,0.8202111124992371,0.6355848835048173
UBFC_PHYS_s04_T3_test,124,36,125.2,0.7940176129341125,0.45670785332986574
UBFC_PHYS_s04_T3_test,124,37,125.23333333333333,0.5532770156860352,0.2911353483534647
UBFC_PHYS_s04_T3_test,124,38,125.26666666666667,0.2747955024242401,0.1571026029022224
UBFC_PHYS_s04_T3_test,124,39,125.3,0.04422828182578087,0.05740048760001129
UBFC_PHYS_s04_T3_test,124,40,125.33333333333333,-0.11624596267938614,-0.01790968799441484
UBFC_PHYS_s04_T3_test,124,41,125.36666666666666,-0.19411514699459076,-0.08617911269532746
UBFC_PHYS_s04_T3_test,124,42,125.4,-0.1587129831314087,-0.16577467709298033
UBFC_PHYS_s04_T3_test,124,43,125.43333333333334,0.05431395396590233,-0.26961621599945307
UBFC_PHYS_s04_T3_test,124,44,125.46666666666667,0.44615447521209717,-0.3997633097713332
UBFC_PHYS_s04_T3_test,124,45,125.5,0.8577765822410583,-0.5445460218762318
UBFC_PHYS_s04_T3_test,124,46,125.53333333333333,1.100378394126892,-0.679595649573301
UBFC_PHYS_s04_T3_test,124,47,125.56666666666666,1.1188737154006958,-0.7731237127114198
UBFC_PHYS_s04_T3_test,124,48,125.6,0.8665174841880798,-0.7942274632001598
UBFC_PHYS_s04_T3_test,124,49,125.63333333333334,0.3025091886520386,-0.7217997751466102
UBFC_PHYS_s04_T3_test,124,50,125.66666666666667,-0.41443103551864624,-0.5514874730988196
UBFC_PHYS_s04_T3_test,124,51,125.7,-0.9965546131134033,-0.29875842900645483
UBFC_PHYS_s04_T3_test,124,52,125.73333333333333,-1.3220343589782715,0.0029951956987008923
UBFC_PHYS_s04_T3_test,124,53,125.76666666666667,-1.4845160245895386,0.30911733090646204
UBFC_PHYS_s04_T3_test,124,54,125.8,-1.637564778327942,0.5732584393025278
UBFC_PHYS_s04_T3_test,124,55,125.83333333333333,-1.8462554216384888,0.756960644841696
UBFC_PHYS_s04_T3_test,124,56,125.86666666666666,-2.047013759613037,0.8367206398934172
UBFC_PHYS_s04_T3_test,124,57,125.9,-2.155588388442993,0.8072028064561325
UBFC_PHYS_s04_T3_test,124,58,125.93333333333334,-2.1852800846099854,0.6804016749018325
UBFC_PHYS_s04_T3_test,124,59,125.96666666666667,-2.1986401081085205,0.4813356729491037
UBFC_PHYS_s04_T3_test,124,60,126.0,-2.1807878017425537,0.24143641101287622
UBFC_PHYS_s04_T3_test,124,61,126.03333333333333,-1.9889262914657593,-0.008721434483689144
UBFC_PHYS_s04_T3_test,124,62,126.06666666666666,-1.528922200202942,-0.24542578120969033
UBFC_PHYS_s04_T3_test,124,63,126.1,-0.9060466289520264,-0.4549009240941008
UBFC_PHYS_s04_T3_test,124,64,126.13333333333334,-0.2912884056568146,-0.6327079973835308
UBFC_PHYS_s04_T3_test,124,65,126.16666666666667,0.25380560755729675,-0.779870215294415
UBFC_PHYS_s04_T3_test,124,66,126.2,0.7106426954269409,-0.8970083355926819
UBFC_PHYS_s04_T3_test,124,67,126.23333333333333,1.0426416397094727,-0.9784909695908351
UBFC_PHYS_s04_T3_test,124,68,126.26666666666667,1.2656177282333374,-1.0091550859071068
UBFC_PHYS_s04_T3_test,124,69,126.3,1.4285671710968018,-0.9658837560742416
UBFC_PHYS_s04_T3_test,124,70,126.33333333333333,1.5272313356399536,-0.8247526407648534
UBFC_PHYS_s04_T3_test,124,71,126.36666666666666,1.537511944770813,-0.5720707699692427
UBFC_PHYS_s04_T3_test,124,72,126.4,1.4632384777069092,-0.21544118321304156
UBFC_PHYS_s04_T3_test,124,73,126.43333333333334,1.3072078227996826,0.21021565135125025
UBFC_PHYS_s04_T3_test,124,74,126.46666666666667,1.0583012104034424,0.646062009963913
UBFC_PHYS_s04_T3_test,124,75,126.5,0.7379179000854492,1.0231448367848635
UBFC_PHYS_s04_T3_test,124,76,126.53333333333333,0.40442806482315063,1.2821802920922647
UBFC_PHYS_s04_T3_test,124,77,126.56666666666666,0.07932837307453156,1.391013363668908
UBFC_PHYS_s04_T3_test,124,78,126.6,-0.2760283350944519,1.35216149705333
UBFC_PHYS_s04_T3_test,124,79,126.63333333333334,-0.6615056395530701,1.1977507896441033
UBFC_PHYS_s04_T3_test,124,80,126.66666666666667,-0.9327955842018127,0.9752776796185727
UBFC_PHYS_s04_T3_test,124,81,126.7,-0.8977150321006775,0.7313421746568561
UBFC_PHYS_s04_T3_test,124,82,126.73333333333333,-0.5490918159484863,0.4998359258392304
UBFC_PHYS_s04_T3_test,124,83,126.76666666666667,-0.08481959253549576,0.29746407277427617
UBFC_PHYS_s04_T3_test,124,84,126.8,0.30385392904281616,0.1257390501958238
UBFC_PHYS_s04_T3_test,124,85,126.83333333333333,0.5595914721488953,-0.023536028835463088
UBFC_PHYS_s04_T3_test,124,86,126.86666666666666,0.6968151330947876,-0.16238080767339014
UBFC_PHYS_s04_T3_test,124,87,126.9,0.7436476945877075,-0.30224474252499817
UBFC_PHYS_s04_T3_test,124,88,126.93333333333334,0.7195785045623779,-0.45157461921156433
UBFC_PHYS_s04_T3_test,124,89,126.96666666666667,0.6519898772239685,-0.6147055964777086
UBFC_PHYS_s04_T3_test,124,90,127.0,0.5766932964324951,-0.7909175898682456
UBFC_PHYS_s04_T3_test,124,91,127.03333333333333,0.5083738565444946,-0.9728168362017348
UBFC_PHYS_s04_T3_test,124,92,127.06666666666666,0.4391578733921051,-1.1442870206287048
UBFC_PHYS_s04_T3_test,124,93,127.1,0.34220874309539795,-1.2794575535746706
UBFC_PHYS_s04_T3_test,124,94,127.13333333333334,0.17710579931735992,-1.3446370598560307
UBFC_PHYS_s04_T3_test,124,95,127.16666666666667,-0.05110324174165726,-1.3044458985988663
UBFC_PHYS_s04_T3_test,124,96,127.2,-0.2838922441005707,-1.1315416809382814
UBFC_PHYS_s04_T3_test,124,97,127.23333333333333,-0.47742021083831787,-0.8171626009510122
UBFC_PHYS_s04_T3_test,124,98,127.26666666666667,-0.641295313835144,-0.3784108765679939
UBFC_PHYS_s04_T3_test,124,99,127.3,-0.8396273851394653,0.141132070847885
UBFC_PHYS_s04_T3_test,124,100,127.33333333333333,-1.1063958406448364,0.6782356423181682
UBFC_PHYS_s04_T3_test,124,101,127.36666666666666,-1.3168697357177734,1.1622598956267027
UBFC_PHYS_s04_T3_test,124,102,127.4,-1.2686630487442017,1.5294254567435202
UBFC_PHYS_s04_T3_test,124,103,127.43333333333334,-0.9357287287712097,1.7355622836877804
UBFC_PHYS_s04_T3_test,124,104,127.46666666666667,-0.4985854923725128,1.764067227189942
UBFC_PHYS_s04_T3_test,124,105,127.5,-0.10767070949077606,1.6269945297755517
UBFC_PHYS_s04_T3_test,124,106,127.53333333333333,0.21829625964164734,1.3595471441868576
UBFC_PHYS_s04_T3_test,124,107,127.56666666666666,0.47669410705566406,1.0103453303042575
UBFC_PHYS_s04_T3_test,124,108,127.6,0.6294018626213074,0.6304376163288844
UBFC_PHYS_s04_T3_test,124,109,127.63333333333334,0.6863786578178406,0.2635960113422596
UBFC_PHYS_s04_T3_test,124,110,127.66666666666667,0.7007908821105957,-0.06010439050908978
UBFC_PHYS_s04_T3_test,124,111,127.7,0.7006155252456665,-0.32629561777972216
UBFC_PHYS_s04_T3_test,124,112,127.73333333333333,0.6916407346725464,-0.5342758817726864
UBFC_PHYS_s04_T3_test,124,113,127.76666666666667,0.6737886071205139,-0.6925904086154271
UBFC_PHYS_s04_T3_test,124,114,127.8,0.6328514814376831,-0.8141750426017434
UBFC_PHYS_s04_T3_test,124,115,127.83333333333333,0.5627097487449646,-0.9122911811571993
UBFC_PHYS_s04_T3_test,124,116,127.86666666666666,0.46696898341178894,-0.9974563426060018
UBFC_PHYS_s04_T3_test,124,117,127.9,0.33823293447494507,-1.074964478282681
UBFC_PHYS_s04_T3_test,124,118,127.93333333333334,0.17618004977703094,-1.1427414717560012
UBFC_PHYS_s04_T3_test,124,119,127.96666666666667,-0.002448401879519224,-1.1898879881146973
UBFC_PHYS_s04_T3_test,124,120,128.0,-0.19361817836761475,-1.1967842710286707
UBFC_PHYS_s04_T3_test,124,121,128.03333333333333,-0.41392433643341064,-1.1377933771229563
UBFC_PHYS_s04_T3_test,124,122,128.06666666666666,-0.6810630559921265,-0.987236368336511
UBFC_PHYS_s04_T3_test,124,123,128.1,-0.9574397206306458,-0.7282029352843294
UBFC_PHYS_s04_T3_test,124,124,128.13333333333333,-1.0937083959579468,-0.3620268961231087
UBFC_PHYS_s04_T3_test,124,125,128.16666666666666,-0.9500435590744019,0.08533485971025365
UBFC_PHYS_s04_T3_test,124,126,128.2,-0.5874856114387512,0.5640204811344733
UBFC_PHYS_s04_T3_test,124,127,128.23333333333332,-0.20769913494586945,1.0097789323029527
UBFC_PHYS_s04_T3_test,124,128,128.26666666666668,0.0769311934709549,1.3596144667088446
UBFC_PHYS_s04_T3_test,124,129,128.3,0.2909618318080902,1.5676138463551126
UBFC_PHYS_s04_T3_test,124,130,128.33333333333334,0.45352140069007874,1.6153704777668885
UBFC_PHYS_s04_T3_test,124,131,128.36666666666667,0.545559287071228,1.5142335558530033
UBFC_PHYS_s04_T3_test,124,132,128.4,0.587714433670044,1.299489601432447
UBFC_PHYS_s04_T3_test,124,133,128.43333333333334,0.6328125,1.0188157520099934
UBFC_PHYS_s04_T3_test,124,134,128.46666666666667,0.6853262186050415,0.7189130912812205
UBFC_PHYS_s04_T3_test,124,135,128.5,0.7082455158233643,0.43453367145661786
UBFC_PHYS_s04_T3_test,124,136,128.53333333333333,0.6849169135093689,0.1828146076376972
UBFC_PHYS_s04_T3_test,124,137,128.56666666666666,0.6218498349189758,-0.036301017009094286
UBFC_PHYS_s04_T3_test,124,138,128.6,0.5231953859329224,-0.23468416960963212
UBFC_PHYS_s04_T3_test,124,139,128.63333333333333,0.3952096700668335,-0.428021192915042
UBFC_PHYS_s04_T3_test,124,140,128.66666666666666,0.23626531660556793,-0.6279290442226741
UBFC_PHYS_s04_T3_test,124,141,128.7,0.039083126932382584,-0.83635276540875
UBFC_PHYS_s04_T3_test,124,142,128.73333333333332,-0.18362019956111908,-1.0431260311682857
UBFC_PHYS_s04_T3_test,124,143,128.76666666666668,-0.4125600755214691,-1.2264640415716845
UBFC_PHYS_s04_T3_test,124,144,128.8,-0.674485445022583,-1.3559014802787228
UBFC_PHYS_s04_T3_test,124,145,128.83333333333334,-1.0175737142562866,-1.3974642392652825
UBFC_PHYS_s04_T3_test,124,146,128.86666666666667,-1.3838443756103516,-1.3209043673417011
UBFC_PHYS_s04_T3_test,124,147,128.9,-1.580120325088501,-1.108155672236121
UBFC_PHYS_s04_T3_test,124,148,128.93333333333334,-1.4468822479248047,-0.7609926052503454
UBFC_PHYS_s04_T3_test,124,149,128.96666666666667,-1.0204970836639404,-0.3051989035511823
UBFC_PHYS_s04_T3_test,124,150,129.0,-0.493411123752594,0.21082640022373472
UBFC_PHYS_s04_T3_test,124,151,129.03333333333333,-0.052194640040397644,0.723532825614163
UBFC_PHYS_s04_T3_test,124,152,129.06666666666666,0.2527726888656616,1.1664699715132583
UBFC_PHYS_s04_T3_test,124,153,129.1,0.45803317427635193,1.4842446381962768
UBFC_PHYS_s04_T3_test,124,154,129.13333333333333,0.593025267124176,1.6437777118088714
UBFC_PHYS_s04_T3_test,124,155,129.16666666666666,0.6755523681640625,1.638994647074207
UBFC_PHYS_s04_T3_test,124,156,129.2,0.7414259314537048,1.4879689672920378
UBFC_PHYS_s04_T3_test,124,157,129.23333333333332,0.8042396903038025,1.2248070398507693
UBFC_PHYS_s04_T3_test,124,158,129.26666666666668,0.8226277828216553,0.8899996126287926
UBFC_PHYS_s04_T3_test,124,159,129.3,0.7766234874725342,0.5223855702527852
UBFC_PHYS_s04_T3_test,124,160,129.33333333333334,0.7004011273384094,0.15428838265718497
UBFC_PHYS_s04_T3_test,124,161,129.36666666666667,0.6060733199119568,-0.19023473580858397
UBFC_PHYS_s04_T3_test,124,162,129.4,0.4936399757862091,-0.49508957162683576
UBFC_PHYS_s04_T3_test,124,163,129.43333333333334,0.4062308073043823,-0.7509690681592381
UBFC_PHYS_s04_T3_test,124,164,129.46666666666667,0.3577806055545807,-0.9539367148016842
UBFC_PHYS_s04_T3_test,124,165,129.5,0.26462215185165405,-1.103744111045073
UBFC_PHYS_s04_T3_test,124,166,129.53333333333333,0.04713217541575432,-1.201627880292852
UBFC_PHYS_s04_T3_test,124,167,129.56666666666666,-0.21025222539901733,-1.247668699638335
UBFC_PHYS_s04_T3_test,124,168,129.6,-0.29348093271255493,-1.2384563478872999
UBFC_PHYS_s04_T3_test,124,169,129.63333333333333,-0.04634787142276764,-1.166316178406696
UBFC_PHYS_s04_T3_test,124,170,129.66666666666666,0.45815011858940125,-1.021231477496141
UBFC_PHYS_s04_T3_test,124,171,129.7,1.0105818510055542,-0.7955945081410238
UBFC_PHYS_s04_T3_test,124,172,129.73333333333332,1.4841796159744263,-0.49036012562767056
UBFC_PHYS_s04_T3_test,124,173,129.76666666666668,1.8342353105545044,-0.12008454638181285
UBFC_PHYS_s04_T3_test,124,174,129.8,1.9789817333221436,0.28549963033283526
UBFC_PHYS_s04_T3_test,124,175,129.83333333333334,1.8709237575531006,0.6845993425455674
UBFC_PHYS_s04_T3_test,124,176,129.86666666666667,1.5908149480819702,1.0309308096252126
UBFC_PHYS_s04_T3_test,124,177,129.9,1.259332537651062,1.2837668711473338
UBFC_PHYS_s04_T3_test,124,178,129.93333333333334,0.9017247557640076,1.4168987458531352
UBFC_PHYS_s04_T3_test,124,179,129.96666666666667,0.48066017031669617,1.423038203345279
UBFC_PHYS_s04_T3_test,124,180,130.0,0.02534322813153267,1.3125859551944745
UBFC_PHYS_s04_T3_test,124,181,130.03333333333333,-0.36671167612075806,1.1084422337915543
UBFC_PHYS_s04_T3_test,124,182,130.06666666666666,-0.6669626235961914,0.8395007248464712
UBFC_PHYS_s04_T3_test,124,183,130.1,-0.9210143685340881,0.5348076243966763
UBFC_PHYS_s04_T3_test,124,184,130.13333333333333,-1.167816162109375,0.21932058850195607
UBFC_PHYS_s04_T3_test,124,185,130.16666666666666,-1.4313298463821411,-0.08852861688872543
UBFC_PHYS_s04_T3_test,124,186,130.2,-1.677819848060608,-0.3775049435366073
UBFC_PHYS_s04_T3_test,124,187,130.23333333333332,-1.740789532661438,-0.6423609202076069
UBFC_PHYS_s04_T3_test,124,188,130.26666666666668,-1.4686614274978638,-0.8805154814939476
UBFC_PHYS_s04_T3_test,124,189,130.3,-0.9700102806091309,-1.0869713125142113
UBFC_PHYS_s04_T3_test,124,190,130.33333333333334,-0.4751887023448944,-1.2492026452474438
UBFC_PHYS_s04_T3_test,124,191,130.36666666666667,-0.054046113044023514,-1.3448642431399211
UBFC_PHYS_s04_T3_test,124,192,130.4,0.32829341292381287,-1.3448168756525276
UBFC_PHYS_s04_T3_test,124,193,130.43333333333334,0.6184684634208679,-1.221896687279529
UBFC_PHYS_s04_T3_test,124,194,130.46666666666667,0.7321393489837646,-0.9629043190509036
UBFC_PHYS_s04_T3_test,124,195,130.5,0.7203775644302368,-0.5790654169814771
UBFC_PHYS_s04_T3_test,124,196,130.53333333333333,0.704230785369873,-0.1100462067855323
UBFC_PHYS_s04_T3_test,124,197,130.56666666666666,0.7057411670684814,0.38145944399486187
UBFC_PHYS_s04_T3_test,124,198,130.6,0.7001477479934692,0.824212311134261
UBFC_PHYS_s04_T3_test,124,199,130.63333333333333,0.7018336057662964,1.1575937773312823
UBFC_PHYS_s04_T3_test,124,200,130.66666666666666,0.710438072681427,1.347889655141324
UBFC_PHYS_s04_T3_test,124,201,130.7,0.6982183456420898,1.3945356676150689
UBFC_PHYS_s04_T3_test,124,202,130.73333333333332,0.7080701589584351,1.324085057279271
UBFC_PHYS_s04_T3_test,124,203,130.76666666666668,0.8543464541435242,1.1756955928677808
UBFC_PHYS_s04_T3_test,124,204,130.8,1.1963043212890625,0.9850645273618488
UBFC_PHYS_s04_T3_test,124,205,130.83333333333334,1.6842657327651978,0.773179032549695
UBFC_PHYS_s04_T3_test,124,206,130.86666666666667,2.1153576374053955,0.5433323185771702
UBFC_PHYS_s04_T3_test,124,207,130.9,2.094367742538452,0.2862126391210417
UBFC_PHYS_s04_T3_test,124,208,130.93333333333334,1.3558138608932495,-0.010052036045028556
UBFC_PHYS_s04_T3_test,124,209,130.96666666666667,0.19489945471286774,-0.3492487798935024
UBFC_PHYS_s04_T3_test,124,210,131.0,-0.7475993037223816,-0.7195817279888349
UBFC_PHYS_s04_T3_test,124,211,131.03333333333333,-1.1362825632095337,-1.09135954361416
UBFC_PHYS_s04_T3_test,124,212,131.06666666666666,-1.1592798233032227,-1.420105028338608
UBFC_PHYS_s04_T3_test,124,213,131.1,-1.0897520780563354,-1.6540648451175972
UBFC_PHYS_s04_T3_test,124,214,131.13333333333333,-1.0588324069976807,-1.7444910055086558
UBFC_PHYS_s04_T3_test,124,215,131.16666666666666,-0.91437828540802,-1.6567713998180291
UBFC_PHYS_s04_T3_test,124,216,131.2,-0.24889934062957764,-1.3801910872813867
UBFC_PHYS_s04_T3_test,124,217,131.23333333333332,1.1091972589492798,-0.9339452169993933
UBFC_PHYS_s04_T3_test,124,218,131.26666666666668,2.6930084228515625,-0.3673483863823869
UBFC_PHYS_s04_T3_test,124,219,131.3,3.805891513824463,0.24681670816476617
UBFC_PHYS_s04_T3_test,124,220,131.33333333333334,4.218839168548584,0.8251998407970692
UBFC_PHYS_s04_T3_test,124,221,131.36666666666667,4.095832824707031,1.2902883605262263
UBFC_PHYS_s04_T3_test,124,222,131.4,3.6306638717651367,1.5857473471039596
UBFC_PHYS_s04_T3_test,124,223,131.43333333333334,2.9244329929351807,1.6860558547017401
UBFC_PHYS_s04_T3_test,124,224,131.46666666666667,1.9867092370986938,1.598081189638441
UBFC_PHYS_s04_T3_test,124,225,131.5,0.7420105934143066,1.3553283710472483
UBFC_PHYS_s04_T3_test,124,226,131.53333333333333,-0.7393456101417542,1.0076326472461965
UBFC_PHYS_s04_T3_test,124,227,131.56666666666666,-2.039198637008667,0.6096809310924393
UBFC_PHYS_s04_T3_test,124,228,131.6,-2.8319714069366455,0.21137610680165392
UBFC_PHYS_s04_T3_test,124,229,131.63333333333333,-3.2282652854919434,-0.14811936784092677
UBFC_PHYS_s04_T3_test,124,230,131.66666666666666,-3.4924612045288086,-0.4424986304003681
UBFC_PHYS_s04_T3_test,124,231,131.7,-3.6739935874938965,-0.6577646656324257
UBFC_PHYS_s04_T3_test,124,232,131.73333333333332,-3.6352782249450684,-0.7905303509506737
UBFC_PHYS_s04_T3_test,124,233,131.76666666666668,-3.2195146083831787,-0.8460637109213108
UBFC_PHYS_s04_T3_test,124,234,131.8,-2.371509313583374,-0.8360752059515159
UBFC_PHYS_s04_T3_test,124,235,131.83333333333334,-1.1359707117080688,-0.7758383928344943
UBFC_PHYS_s04_T3_test,124,236,131.86666666666667,0.3718031048774719,-0.6806788481913109
UBFC_PHYS_s04_T3_test,124,237,131.9,1.8534516096115112,-0.5626587297468534
UBFC_PHYS_s04_T3_test,124,238,131.93333333333334,2.911998987197876,-0.42867184543985104
UBFC_PHYS_s04_T3_test,124,239,131.96666666666667,3.359334945678711,-0.2808370104376737
UBFC_PHYS_s04_T3_test,125,0,125.0,-1.6241756677627563,0.06079133526130192
UBFC_PHYS_s04_T3_test,125,1,125.03333333333333,-1.4920680522918701,-0.07879931315894756
UBFC_PHYS_s04_T3_test,125,2,125.06666666666666,-0.969211220741272,-0.21244542290480342
UBFC_PHYS_s04_T3_test,125,3,125.1,-0.20268066227436066,-0.3326130940932883
UBFC_PHYS_s04_T3_test,125,4,125.13333333333334,0.4778439700603485,-0.4317094902430313
UBFC_PHYS_s04_T3_test,125,5,125.16666666666667,0.8202111124992371,-0.5021855244872503
UBFC_PHYS_s04_T3_test,125,6,125.2,0.7940176129341125,-0.5367569642703582
UBFC_PHYS_s04_T3_test,125,7,125.23333333333333,0.5532770156860352,-0.5290814756896143
UBFC_PHYS_s04_T3_test,125,8,125.26666666666667,0.2747955024242401,-0.47514587094589283
UBFC_PHYS_s04_T3_test,125,9,125.3,0.04422828182578087,-0.3753167736349418
UBFC_PHYS_s04_T3_test,125,10,125.33333333333333,-0.11624596267938614,-0.23681272115308608
UBFC_PHYS_s04_T3_test,125,11,125.36666666666666,-0.19411514699459076,-0.07587746694744714
UBFC_PHYS_s04_T3_test,125,12,125.4,-0.1587129831314087,0.08194553219333704
UBFC_PHYS_s04_T3_test,125,13,125.43333333333334,0.05431395396590233,0.20529934541413986
UBFC_PHYS_s04_T3_test,125,14,125.46666666666667,0.44615447521209717,0.26481317040641594
UBFC_PHYS_s04_T3_test,125,15,125.5,0.8577765822410583,0.2432400149616816
UBFC_PHYS_s04_T3_test,125,16,125.53333333333333,1.100378394126892,0.1436725679485261
UBFC_PHYS_s04_T3_test,125,17,125.56666666666666,1.1188737154006958,-0.008549814657903084
UBFC_PHYS_s04_T3_test,125,18,125.6,0.8665174841880798,-0.17189783272853307
UBFC_PHYS_s04_T3_test,125,19,125.63333333333334,0.3025091886520386,-0.30051018374800825
UBFC_PHYS_s04_T3_test,125,20,125.66666666666667,-0.41443103551864624,-0.3572217087781638
UBFC_PHYS_s04_T3_test,125,21,125.7,-0.9965546131134033,-0.3230568481856649
UBFC_PHYS_s04_T3_test,125,22,125.73333333333333,-1.3220343589782715,-0.20049107886704276
UBFC_PHYS_s04_T3_test,125,23,125.76666666666667,-1.4845160245895386,-0.010679454456489327
UBFC_PHYS_s04_T3_test,125,24,125.8,-1.637564778327942,0.21292348582154672
UBFC_PHYS_s04_T3_test,125,25,125.83333333333333,-1.8462554216384888,0.4319011769838656
UBFC_PHYS_s04_T3_test,125,26,125.86666666666666,-2.047013759613037,0.6100887502903307
UBFC_PHYS_s04_T3_test,125,27,125.9,-2.155588388442993,0.7205191215733752
UBFC_PHYS_s04_T3_test,125,28,125.93333333333334,-2.1852800846099854,0.7507732900731051
UBFC_PHYS_s04_T3_test,125,29,125.96666666666667,-2.1986401081085205,0.704284226852858
UBFC_PHYS_s04_T3_test,125,30,126.0,-2.1807878017425537,0.5964589436819074
UBFC_PHYS_s04_T3_test,125,31,126.03333333333333,-1.9889262914657593,0.4472093534459434
UBFC_PHYS_s04_T3_test,125,32,126.06666666666666,-1.528922200202942,0.2732940458350315
UBFC_PHYS_s04_T3_test,125,33,126.1,-0.9060466289520264,0.08378812922908449
UBFC_PHYS_s04_T3_test,125,34,126.13333333333334,-0.2912884056568146,-0.11967155122120945
UBFC_PHYS_s04_T3_test,125,35,126.16666666666667,0.25380560755729675,-0.33839208094886714
UBFC_PHYS_s04_T3_test,125,36,126.2,0.7106426954269409,-0.5700013281148799
UBFC_PHYS_s04_T3_test,125,37,126.23333333333333,1.0426416397094727,-0.8024539408529288
UBFC_PHYS_s04_T3_test,125,38,126.26666666666667,1.2656177282333374,-1.0111975313738393
UBFC_PHYS_s04_T3_test,125,39,126.3,1.4285671710968018,-1.1611212825107002
UBFC_PHYS_s04_T3_test,125,40,126.33333333333333,1.5272313356399536,-1.2135411299787768
UBFC_PHYS_s04_T3_test,125,41,126.36666666666666,1.537511944770813,-1.1369205903910644
UBFC_PHYS_s04_T3_test,125,42,126.4,1.4632384777069092,-0.9185324715994965
UBFC_PHYS_s04_T3_test,125,43,126.43333333333334,1.3072078227996826,-0.5730168115246576
UBFC_PHYS_s04_T3_test,125,44,126.46666666666667,1.0583012104034424,-0.14346380429388592
UBFC_PHYS_s04_T3_test,125,45,126.5,0.7379179000854492,0.30731748467565084
UBFC_PHYS_s04_T3_test,125,46,126.53333333333333,0.40442806482315063,0.7131761695450021
UBFC_PHYS_s04_T3_test,125,47,126.56666666666666,0.07932837307453156,1.0223308919439018
UBFC_PHYS_s04_T3_test,125,48,126.6,-0.2760283350944519,1.2093328007968593
UBFC_PHYS_s04_T3_test,125,49,126.63333333333334,-0.6615056395530701,1.2770444541893
UBFC_PHYS_s04_T3_test,125,50,126.66666666666667,-0.9327955842018127,1.2490424816923007
UBFC_PHYS_s04_T3_test,125,51,126.7,-0.8977150321006775,1.156784407525233
UBFC_PHYS_s04_T3_test,125,52,126.73333333333333,-0.5490918159484863,1.0272416948142609
UBFC_PHYS_s04_T3_test,125,53,126.76666666666667,-0.08481959253549576,0.8753441814874496
UBFC_PHYS_s04_T3_test,125,54,126.8,0.30385392904281616,0.7027131094871508
UBFC_PHYS_s04_T3_test,125,55,126.83333333333333,0.5595914721488953,0.5015752406677176
UBFC_PHYS_s04_T3_test,125,56,126.86666666666666,0.6968151330947876,0.2615946806499188
UBFC_PHYS_s04_T3_test,125,57,126.9,0.7436476945877075,-0.022783836711062815
UBFC_PHYS_s04_T3_test,125,58,126.93333333333334,0.7195785045623779,-0.34677035594968003
UBFC_PHYS_s04_T3_test,125,59,126.96666666666667,0.6519898772239685,-0.6931632342831786
UBFC_PHYS_s04_T3_test,125,60,127.0,0.5766932964324951,-1.0341661588743973
UBFC_PHYS_s04_T3_test,125,61,127.03333333333333,0.5083738565444946,-1.3359096337662393
UBFC_PHYS_s04_T3_test,125,62,127.06666666666666,0.4391578733921051,-1.563614626505336
UBFC_PHYS_s04_T3_test,125,63,127.1,0.34220874309539795,-1.6857855806772877
UBFC_PHYS_s04_T3_test,125,64,127.13333333333334,0.17710579931735992,-1.677358756940102
UBFC_PHYS_s04_T3_test,125,65,127.16666666666667,-0.05110324174165726,-1.522912716428158
UBFC_PHYS_s04_T3_test,125,66,127.2,-0.2838922441005707,-1.220682873337901
UBFC_PHYS_s04_T3_test,125,67,127.23333333333333,-0.47742021083831787,-0.7866432389127801
UBFC_PHYS_s04_T3_test,125,68,127.26666666666667,-0.641295313835144,-0.25661296274290857
UBFC_PHYS_s04_T3_test,125,69,127.3,-0.8396273851394653,0.3157455967311801
UBFC_PHYS_s04_T3_test,125,70,127.33333333333333,-1.1063958406448364,0.8658340205179613
UBFC_PHYS_s04_T3_test,125,71,127.36666666666666,-1.3168697357177734,1.3288571616749345
UBFC_PHYS_s04_T3_test,125,72,127.4,-1.2686630487442017,1.651937679506017
UBFC_PHYS_s04_T3_test,125,73,127.43333333333334,-0.9357287287712097,1.8044037973269298
UBFC_PHYS_s04_T3_test,125,74,127.46666666666667,-0.4985854923725128,1.7829793632318764
UBFC_PHYS_s04_T3_test,125,75,127.5,-0.10767070949077606,1.609865364448799
UBFC_PHYS_s04_T3_test,125,76,127.53333333333333,0.21829625964164734,1.3243833531455114
UBFC_PHYS_s04_T3_test,125,77,127.56666666666666,0.47669410705566406,0.9714522569546747
UBFC_PHYS_s04_T3_test,125,78,127.6,0.6294018626213074,0.5910659452244171
UBFC_PHYS_s04_T3_test,125,79,127.63333333333334,0.6863786578178406,0.21192897802159177
UBFC_PHYS_s04_T3_test,125,80,127.66666666666667,0.7007908821105957,-0.14966999014552132
UBFC_PHYS_s04_T3_test,125,81,127.7,0.7006155252456665,-0.4866562957185173
UBFC_PHYS_s04_T3_test,125,82,127.73333333333333,0.6916407346725464,-0.7956216355917155
UBFC_PHYS_s04_T3_test,125,83,127.76666666666667,0.6737886071205139,-1.0710564197481436
UBFC_PHYS_s04_T3_test,125,84,127.8,0.6328514814376831,-1.301120257259672
UBFC_PHYS_s04_T3_test,125,85,127.83333333333333,0.5627097487449646,-1.4661869835098549
UBFC_PHYS_s04_T3_test,125,86,127.86666666666666,0.46696898341178894,-1.5408686818877912
UBFC_PHYS_s04_T3_test,125,87,127.9,0.33823293447494507,-1.4996014900938954
UBFC_PHYS_s04_T3_test,125,88,127.93333333333334,0.17618004977703094,-1.3249766929873779
UBFC_PHYS_s04_T3_test,125,89,127.96666666666667,-0.002448401879519224,-1.0167122673089684
UBFC_PHYS_s04_T3_test,125,90,128.0,-0.19361817836761475,-0.597890805447627
UBFC_PHYS_s04_T3_test,125,91,128.03333333333333,-0.41392433643341064,-0.11497017341657295
UBFC_PHYS_s04_T3_test,125,92,128.06666666666666,-0.6810630559921265,0.37006215383392715
UBFC_PHYS_s04_T3_test,125,93,128.1,-0.9574397206306458,0.7936293518728914
UBFC_PHYS_s04_T3_test,125,94,128.13333333333333,-1.0937083959579468,1.1055725039076074
UBFC_PHYS_s04_T3_test,125,95,128.16666666666666,-0.9500435590744019,1.2793326494060187
UBFC_PHYS_s04_T3_test,125,96,128.2,-0.5874856114387512,1.3139308921095398
UBFC_PHYS_s04_T3_test,125,97,128.23333333333332,-0.20769913494586945,1.2284393157999038
UBFC_PHYS_s04_T3_test,125,98,128.26666666666668,0.0769311934709549,1.0526222818890665
UBFC_PHYS_s04_T3_test,125,99,128.3,0.2909618318080902,0.8181312706651964
UBFC_PHYS_s04_T3_test,125,100,128.33333333333334,0.45352140069007874,0.5532550719558561
UBFC_PHYS_s04_T3_test,125,101,128.36666666666667,0.545559287071228,0.2818310700539625
UBFC_PHYS_s04_T3_test,125,102,128.4,0.587714433670044,0.02480632232359238
UBFC_PHYS_s04_T3_test,125,103,128.43333333333334,0.6328125,-0.1980310670310431
UBFC_PHYS_s04_T3_test,125,104,128.46666666666667,0.6853262186050415,-0.36822025363507865
UBFC_PHYS_s04_T3_test,125,105,128.5,0.7082455158233643,-0.47139148650337914
UBFC_PHYS_s04_T3_test,125,106,128.53333333333333,0.6849169135093689,-0.5016945615285728
UBFC_PHYS_s04_T3_test,125,107,128.56666666666666,0.6218498349189758,-0.4656986958357028
UBFC_PHYS_s04_T3_test,125,108,128.6,0.5231953859329224,-0.3831914324690661
UBFC_PHYS_s04_T3_test,125,109,128.63333333333333,0.3952096700668335,-0.2832347279843425
UBFC_PHYS_s04_T3_test,125,110,128.66666666666666,0.23626531660556793,-0.19596644955785744
UBFC_PHYS_s04_T3_test,125,111,128.7,0.039083126932382584,-0.14301154302301708
UBFC_PHYS_s04_T3_test,125,112,128.73333333333332,-0.18362019956111908,-0.13066266421419107
UBFC_PHYS_s04_T3_test,125,113,128.76666666666668,-0.4125600755214691,-0.14915196026325986
UBFC_PHYS_s04_T3_test,125,114,128.8,-0.674485445022583,-0.1784448333847019
UBFC_PHYS_s04_T3_test,125,115,128.83333333333334,-1.0175737142562866,-0.19775721148815403
UBFC_PHYS_s04_T3_test,125,116,128.86666666666667,-1.3838443756103516,-0.1943499667983741
UBFC_PHYS_s04_T3_test,125,117,128.9,-1.580120325088501,-0.16771327964950206
UBFC_PHYS_s04_T3_test,125,118,128.93333333333334,-1.4468822479248047,-0.12755961509199876
UBFC_PHYS_s04_T3_test,125,119,128.96666666666667,-1.0204970836639404,-0.08708583815829832
UBFC_PHYS_s04_T3_test,125,120,129.0,-0.493411123752594,-0.05534138944489038
UBFC_PHYS_s04_T3_test,125,121,129.03333333333333,-0.052194640040397644,-0.032741375966928575
UBFC_PHYS_s04_T3_test,125,122,129.06666666666666,0.2527726888656616,-0.01149754225394213
UBFC_PHYS_s04_T3_test,125,123,129.1,0.45803317427635193,0.020150936156449868
UBFC_PHYS_s04_T3_test,125,124,129.13333333333333,0.593025267124176,0.07249019746015574
UBFC_PHYS_s04_T3_test,125,125,129.16666666666666,0.6755523681640625,0.14999735126000127
UBFC_PHYS_s04_T3_test,125,126,129.2,0.7414259314537048,0.24930250197486153
UBFC_PHYS_s04_T3_test,125,127,129.23333333333332,0.8042396903038025,0.35949950222120797
UBFC_PHYS_s04_T3_test,125,128,129.26666666666668,0.8226277828216553,0.4642642778478474
UBFC_PHYS_s04_T3_test,125,129,129.3,0.7766234874725342,0.5450669117203372
UBFC_PHYS_s04_T3_test,125,130,129.33333333333334,0.7004011273384094,0.5847024631298638
UBFC_PHYS_s04_T3_test,125,131,129.36666666666667,0.6060733199119568,0.5704167218570063
UBFC_PHYS_s04_T3_test,125,132,129.4,0.4936399757862091,0.49612846953800277
UBFC_PHYS_s04_T3_test,125,133,129.43333333333334,0.4062308073043823,0.36347423922364985
UBFC_PHYS_s04_T3_test,125,134,129.46666666666667,0.3577806055545807,0.18149776292301775
UBFC_PHYS_s04_T3_test,125,135,129.5,0.26462215185165405,-0.035048809201378935
UBFC_PHYS_s04_T3_test,125,136,129.53333333333333,0.04713217541575432,-0.26843810132409646
UBFC_PHYS_s04_T3_test,125,137,129.56666666666666,-0.21025222539901733,-0.5008461821968012
UBFC_PHYS_s04_T3_test,125,138,129.6,-0.29348093271255493,-0.7161616476403861
UBFC_PHYS_s04_T3_test,125,139,129.63333333333333,-0.04634787142276764,-0.8998651460136786
UBFC_PHYS_s04_T3_test,125,140,129.66666666666666,0.45815011858940125,-1.0372427413272223
UBFC_PHYS_s04_T3_test,125,141,129.7,1.0105818510055542,-1.111418061719918
UBFC_PHYS_s04_T3_test,125,142,129.73333333333332,1.4841796159744263,-1.103195295057767
UBFC_PHYS_s04_T3_test,125,143,129.76666666666668,1.8342353105545044,-0.9942233312801173
UBFC_PHYS_s04_T3_test,125,144,129.8,1.9789817333221436,-0.7736151334787936
UBFC_PHYS_s04_T3_test,125,145,129.83333333333334,1.8709237575531006,-0.4460943457341878
UBFC_PHYS_s04_T3_test,125,146,129.86666666666667,1.5908149480819702,-0.037794975073402994
UBFC_PHYS_s04_T3_test,125,147,129.9,1.259332537651062,0.4043606240163085
UBFC_PHYS_s04_T3_test,125,148,129.93333333333334,0.9017247557640076,0.8213096023993031
UBFC_PHYS_s04_T3_test,125,149,129.96666666666667,0.48066017031669617,1.1561195833700368
UBFC_PHYS_s04_T3_test,125,150,130.0,0.02534322813153267,1.368253187128433
UBFC_PHYS_s04_T3_test,125,151,130.03333333333333,-0.36671167612075806,1.4419061102030049
UBFC_PHYS_s04_T3_test,125,152,130.06666666666666,-0.6669626235961914,1.3855881052509582
UBFC_PHYS_s04_T3_test,125,153,130.1,-0.9210143685340881,1.2243406733520572
UBFC_PHYS_s04_T3_test,125,154,130.13333333333333,-1.167816162109375,0.9886974226896468
UBFC_PHYS_s04_T3_test,125,155,130.16666666666666,-1.4313298463821411,0.7050102670309508
UBFC_PHYS_s04_T3_test,125,156,130.2,-1.677819848060608,0.3906074754208204
UBFC_PHYS_s04_T3_test,125,157,130.23333333333332,-1.740789532661438,0.0549873666692002
UBFC_PHYS_s04_T3_test,125,158,130.26666666666668,-1.4686614274978638,-0.2943554920806555
UBFC_PHYS_s04_T3_test,125,159,130.3,-0.9700102806091309,-0.6447033105790888
UBFC_PHYS_s04_T3_test,125,160,130.33333333333334,-0.4751887023448944,-0.9729988388363846
UBFC_PHYS_s04_T3_test,125,161,130.36666666666667,-0.054046113044023514,-1.2452791055978836
UBFC_PHYS_s04_T3_test,125,162,130.4,0.32829341292381287,-1.4213777315983256
UBFC_PHYS_s04_T3_test,125,163,130.43333333333334,0.6184684634208679,-1.4638824099448944
UBFC_PHYS_s04_T3_test,125,164,130.46666666666667,0.7321393489837646,-1.3489848421432076
UBFC_PHYS_s04_T3_test,125,165,130.5,0.7203775644302368,-1.0760013574716776
UBFC_PHYS_s04_T3_test,125,166,130.53333333333333,0.704230785369873,-0.6721355100787931
UBFC_PHYS_s04_T3_test,125,167,130.56666666666666,0.7057411670684814,-0.1899645616354224
UBFC_PHYS_s04_T3_test,125,168,130.6,0.7001477479934692,0.3026458837712155
UBFC_PHYS_s04_T3_test,125,169,130.63333333333333,0.7018336057662964,0.7376005627680831
UBFC_PHYS_s04_T3_test,125,170,130.66666666666666,0.710438072681427,1.0617013536630155
UBFC_PHYS_s04_T3_test,125,171,130.7,0.6982183456420898,1.2466237621965948
UBFC_PHYS_s04_T3_test,125,172,130.73333333333332,0.7080701589584351,1.2907089237183658
UBFC_PHYS_s04_T3_test,125,173,130.76666666666668,0.8543464541435242,1.2130206670342527
UBFC_PHYS_s04_T3_test,125,174,130.8,1.1963043212890625,1.0430443876069369
UBFC_PHYS_s04_T3_test,125,175,130.83333333333334,1.6842657327651978,0.8105046389488643
UBFC_PHYS_s04_T3_test,125,176,130.86666666666667,2.1153576374053955,0.5388105320782263
UBFC_PHYS_s04_T3_test,125,177,130.9,2.094367742538452,0.24349291380715982
UBFC_PHYS_s04_T3_test,125,178,130.93333333333334,1.3558138608932495,-0.06511385982358693
UBFC_PHYS_s04_T3_test,125,179,130.96666666666667,0.19489945471286774,-0.37708036176340815
UBFC_PHYS_s04_T3_test,125,180,131.0,-0.7475993037223816,-0.6785159737311203
UBFC_PHYS_s04_T3_test,125,181,131.03333333333333,-1.1362825632095337,-0.9494942867709149
UBFC_PHYS_s04_T3_test,125,182,131.06666666666666,-1.1592798233032227,-1.164778564723734
UBFC_PHYS_s04_T3_test,125,183,131.1,-1.0897520780563354,-1.2968128367561442
UBFC_PHYS_s04_T3_test,125,184,131.13333333333333,-1.0588324069976807,-1.3203197490803602
UBFC_PHYS_s04_T3_test,125,185,131.16666666666666,-0.91437828540802,-1.2180061295427411
UBFC_PHYS_s04_T3_test,125,186,131.2,-0.24889934062957764,-0.98649948630196
UBFC_PHYS_s04_T3_test,125,187,131.23333333333332,1.1091972589492798,-0.6408311673920116
UBFC_PHYS_s04_T3_test,125,188,131.26666666666668,2.6930084228515625,-0.21531429501210506
UBFC_PHYS_s04_T3_test,125,189,131.3,3.805891513824463,0.2406112360867853
UBFC_PHYS_s04_T3_test,125,190,131.33333333333334,4.218839168548584,0.6710010192121232
UBFC_PHYS_s04_T3_test,125,191,131.36666666666667,4.095832824707031,1.0239435564313197
UBFC_PHYS_s04_T3_test,125,192,131.4,3.6306638717651367,1.260789075478427
UBFC_PHYS_s04_T3_test,125,193,131.43333333333334,2.9244329929351807,1.3614853495565822
UBFC_PHYS_s04_T3_test,125,194,131.46666666666667,1.9867092370986938,1.3248135032012032
UBFC_PHYS_s04_T3_test,125,195,131.5,0.7420105934143066,1.1641820547194828
UBFC_PHYS_s04_T3_test,125,196,131.53333333333333,-0.7393456101417542,0.9015130236267672
UBFC_PHYS_s04_T3_test,125,197,131.56666666666666,-2.039198637008667,0.5624476972173514
UBFC_PHYS_s04_T3_test,125,198,131.6,-2.8319714069366455,0.1748855054243354
UBFC_PHYS_s04_T3_test,125,199,131.63333333333333,-3.2282652854919434,-0.2294461170764724
UBFC_PHYS_s04_T3_test,125,200,131.66666666666666,-3.4924612045288086,-0.6126853726816126
UBFC_PHYS_s04_T3_test,125,201,131.7,-3.6739935874938965,-0.930832993325444
UBFC_PHYS_s04_T3_test,125,202,131.73333333333332,-3.6352782249450684,-1.1382937771782735
UBFC_PHYS_s04_T3_test,125,203,131.76666666666668,-3.2195146083831787,-1.1971248968270116
UBFC_PHYS_s04_T3_test,125,204,131.8,-2.371509313583374,-1.0885475166190648
UBFC_PHYS_s04_T3_test,125,205,131.83333333333334,-1.1359707117080688,-0.8222052532758781
UBFC_PHYS_s04_T3_test,125,206,131.86666666666667,0.3718031048774719,-0.43828970089966013
UBFC_PHYS_s04_T3_test,125,207,131.9,1.8534516096115112,2.170842702117759e-05
UBFC_PHYS_s04_T3_test,125,208,131.93333333333334,2.911998987197876,0.4218855198157246
UBFC_PHYS_s04_T3_test,125,209,131.96666666666667,3.359334945678711,0.7661408466825254
UBFC_PHYS_s04_T3_test,125,210,132.0,3.2624053955078125,0.9943585766336135
UBFC_PHYS_s04_T3_test,125,211,132.03333333333333,2.731158494949341,1.0954918900085213
UBFC_PHYS_s04_T3_test,125,212,132.06666666666666,1.9128743410110474,1.0813744930445
UBFC_PHYS_s04_T3_test,125,213,132.1,0.9655909538269043,0.9756575925404232
UBFC_PHYS_s04_T3_test,125,214,132.13333333333333,-0.01345006749033928,0.8012279923512878
UBFC_PHYS_s04_T3_test,125,215,132.16666666666666,-0.9454149007797241,0.5715494287688186
UBFC_PHYS_s04_T3_test,125,216,132.2,-1.7025223970413208,0.28929602041250096
UBFC_PHYS_s04_T3_test,125,217,132.23333333333332,-2.2717342376708984,-0.04773647820180263
UBFC_PHYS_s04_T3_test,125,218,132.26666666666668,-2.7938992977142334,-0.43644549370239744
UBFC_PHYS_s04_T3_test,125,219,132.3,-3.2431161403656006,-0.8584975900107331
UBFC_PHYS_s04_T3_test,125,220,132.33333333333334,-3.4136273860931396,-1.275001350291196
UBFC_PHYS_s04_T3_test,125,221,132.36666666666667,-3.259915828704834,-1.6286014562469697
UBFC_PHYS_s04_T3_test,125,222,132.4,-2.873162031173706,-1.8536040345422538
UBFC_PHYS_s04_T3_test,125,223,132.43333333333334,-2.2980740070343018,-1.892182002070417
UBFC_PHYS_s04_T3_test,125,224,132.46666666666667,-1.6284244060516357,-1.7122288662016794
UBFC_PHYS_s04_T3_test,125,225,132.5,-1.026343822479248,-1.3208562743896723
UBFC_PHYS_s04_T3_test,125,226,132.53333333333333,-0.5272443890571594,-0.7678515991036099
UBFC_PHYS_s04_T3_test,125,227,132.56666666666666,-0.008421848528087139,-0.1363363575803333
UBFC_PHYS_s04_T3_test,125,228,132.6,0.5910763144493103,0.47717099908584953
UBFC_PHYS_s04_T3_test,125,229,132.63333333333333,1.111341118812561,0.9865401214994782
UBFC_PHYS_s04_T3_test,125,230,132.66666666666666,1.242396354675293,1.3353552425092885
UBFC_PHYS_s04_T3_test,125,231,132.7,0.874206006526947,1.5056869731708105
UBFC_PHYS_s04_T3_test,125,232,132.73333333333332,0.26316043734550476,1.5149986732333427
UBFC_PHYS_s04_T3_test,125,233,132.76666666666668,-0.28266441822052,1.404491920125417
UBFC_PHYS_s04_T3_test,125,234,132.8,-0.6812677383422852,1.2242950525579868
UBFC_PHYS_s04_T3_test,125,235,132.83333333333334,-0.9400066137313843,1.0202848400208846
UBFC_PHYS_s04_T3_test,125,236,132.86666666666667,-1.0458428859710693,0.8252289660602845
UBFC_PHYS_s04_T3_test,125,237,132.9,-1.057828664779663,0.6548191866613401
UBFC_PHYS_s04_T3_test,125,238,132.93333333333334,-1.0523815155029297,0.5080073819077527
UBFC_PHYS_s04_T3_test,125,239,132.96666666666667,-0.9963889122009277,0.3708725916887986
UBFC_PHYS_s04_T3_test,126,0,126.0,-2.1807878017425537,-0.0916269513598548
UBFC_PHYS_s04_T3_test,126,1,126.03333333333333,-1.9889262914657593,-0.21701992112714047
UBFC_PHYS_s04_T3_test,126,2,126.06666666666666,-1.528922200202942,-0.33552697682320337
UBFC_PHYS_s04_T3_test,126,3,126.1,-0.9060466289520264,-0.4459058227095467
UBFC_PHYS_s04_T3_test,126,4,126.13333333333334,-0.2912884056568146,-0.5526714436739131
UBFC_PHYS_s04_T3_test,126,5,126.16666666666667,0.25380560755729675,-0.6657836923151755
UBFC_PHYS_s04_T3_test,126,6,126.2,0.7106426954269409,-0.7969166809469693
UBFC_PHYS_s04_T3_test,126,7,126.23333333333333,1.0426416397094727,-0.952761241177154
UBFC_PHYS_s04_T3_test,126,8,126.26666666666667,1.2656177282333374,-1.1273874033232194
UBFC_PHYS_s04_T3_test,126,9,126.3,1.4285671710968018,-1.29693109968203
UBFC_PHYS_s04_T3_test,126,10,126.33333333333333,1.5272313356399536,-1.420109634395882
UBFC_PHYS_s04_T3_test,126,11,126.36666666666666,1.537511944770813,-1.4465959395841481
UBFC_PHYS_s04_T3_test,126,12,126.4,1.4632384777069092,-1.3320999293582227
UBFC_PHYS_s04_T3_test,126,13,126.43333333333334,1.3072078227996826,-1.0554422192932182
UBFC_PHYS_s04_T3_test,126,14,126.46666666666667,1.0583012104034424,-0.6308449515800879
UBFC_PHYS_s04_T3_test,126,15,126.5,0.7379179000854492,-0.1095241402943404
UBFC_PHYS_s04_T3_test,126,16,126.53333333333333,0.40442806482315063,0.4314303916817865
UBFC_PHYS_s04_T3_test,126,17,126.56666666666666,0.07932837307453156,0.9096083752266799
UBFC_PHYS_s04_T3_test,126,18,126.6,-0.2760283350944519,1.2598045883007676
UBFC_PHYS_s04_T3_test,126,19,126.63333333333334,-0.6615056395530701,1.4501181063060322
UBFC_PHYS_s04_T3_test,126,20,126.66666666666667,-0.9327955842018127,1.4861423744259483
UBFC_PHYS_s04_T3_test,126,21,126.7,-0.8977150321006775,1.4028930317274415
UBFC_PHYS_s04_T3_test,126,22,126.73333333333333,-0.5490918159484863,1.2488629888094334
UBFC_PHYS_s04_T3_test,126,23,126.76666666666667,-0.08481959253549576,1.068921961936179
UBFC_PHYS_s04_T3_test,126,24,126.8,0.30385392904281616,0.8919958650947639
UBFC_PHYS_s04_T3_test,126,25,126.83333333333333,0.5595914721488953,0.7265298362738495
UBFC_PHYS_s04_T3_test,126,26,126.86666666666666,0.6968151330947876,0.5633913086108571
UBFC_PHYS_s04_T3_test,126,27,126.9,0.7436476945877075,0.3835754591884316
UBFC_PHYS_s04_T3_test,126,28,126.93333333333334,0.7195785045623779,0.16747033072957898
UBFC_PHYS_s04_T3_test,126,29,126.96666666666667,0.6519898772239685,-0.0969095167572134
UBFC_PHYS_s04_T3_test,126,30,127.0,0.5766932964324951,-0.40824655159268003
UBFC_PHYS_s04_T3_test,126,31,127.03333333333333,0.5083738565444946,-0.7493700791338487
UBFC_PHYS_s04_T3_test,126,32,127.06666666666666,0.4391578733921051,-1.087794285849079
UBFC_PHYS_s04_T3_test,126,33,127.1,0.34220874309539795,-1.3791933884957053
UBFC_PHYS_s04_T3_test,126,34,127.13333333333334,0.17710579931735992,-1.5738437248109787
UBFC_PHYS_s04_T3_test,126,35,127.16666666666667,-0.05110324174165726,-1.6258778447760225
UBFC_PHYS_s04_T3_test,126,36,127.2,-0.2838922441005707,-1.5042178131557662
UBFC_PHYS_s04_T3_test,126,37,127.23333333333333,-0.47742021083831787,-1.2026948476555608
UBFC_PHYS_s04_T3_test,126,38,127.26666666666667,-0.641295313835144,-0.7460233505703439
UBFC_PHYS_s04_T3_test,126,39,127.3,-0.8396273851394653,-0.18879975052897274
UBFC_PHYS_s04_T3_test,126,40,127.33333333333333,-1.1063958406448364,0.3933075292118881
UBFC_PHYS_s04_T3_test,126,41,127.36666666666666,-1.3168697357177734,0.9184236874768973
UBFC_PHYS_s04_T3_test,126,42,127.4,-1.2686630487442017,1.3156279745933346
UBFC_PHYS_s04_T3_test,126,43,127.43333333333334,-0.9357287287712097,1.5397939404641596
UBFC_PHYS_s04_T3_test,126,44,127.46666666666667,-0.4985854923725128,1.5799306755024813
UBFC_PHYS_s04_T3_test,126,45,127.5,-0.10767070949077606,1.4585257293024778
UBFC_PHYS_s04_T3_test,126,46,127.53333333333333,0.21829625964164734,1.2220446914789183
UBFC_PHYS_s04_T3_test,126,47,127.56666666666666,0.47669410705566406,0.9258114786546303
UBFC_PHYS_s04_T3_test,126,48,127.6,0.6294018626213074,0.6188206937913231
UBFC_PHYS_s04_T3_test,126,49,127.63333333333334,0.6863786578178406,0.3338351665600818
UBFC_PHYS_s04_T3_test,126,50,127.66666666666667,0.7007908821105957,0.08495970437153051
UBFC_PHYS_s04_T3_test,126,51,127.7,0.7006155252456665,-0.12878907223183403
UBFC_PHYS_s04_T3_test,126,52,127.73333333333333,0.6916407346725464,-0.31700177130109325
UBFC_PHYS_s04_T3_test,126,53,127.76666666666667,0.6737886071205139,-0.4911830239304561
UBFC_PHYS_s04_T3_test,126,54,127.8,0.6328514814376831,-0.6594844248943528
UBFC_PHYS_s04_T3_test,126,55,127.83333333333333,0.5627097487449646,-0.823475769732789
UBFC_PHYS_s04_T3_test,126,56,127.86666666666666,0.46696898341178894,-0.9768315873245589
UBFC_PHYS_s04_T3_test,126,57,127.9,0.33823293447494507,-1.1055717929674262
UBFC_PHYS_s04_T3_test,126,58,127.93333333333334,0.17618004977703094,-1.189710809448602
UBFC_PHYS_s04_T3_test,126,59,127.96666666666667,-0.002448401879519224,-1.2064297121027134
UBFC_PHYS_s04_T3_test,126,60,128.0,-0.19361817836761475,-1.1347824120265668
UBFC_PHYS_s04_T3_test,126,61,128.03333333333333,-0.41392433643341064,-0.9614326569637366
UBFC_PHYS_s04_T3_test,126,62,128.06666666666666,-0.6810630559921265,-0.6862310777915791
UBFC_PHYS_s04_T3_test,126,63,128.1,-0.9574397206306458,-0.3259156410148902
UBFC_PHYS_s04_T3_test,126,64,128.13333333333333,-1.0937083959579468,0.0857889628764306
UBFC_PHYS_s04_T3_test,126,65,128.16666666666666,-0.9500435590744019,0.502620659803064
UBFC_PHYS_s04_T3_test,126,66,128.2,-0.5874856114387512,0.8742331946220954
UBFC_PHYS_s04_T3_test,126,67,128.23333333333332,-0.20769913494586945,1.1564614621254177
UBFC_PHYS_s04_T3_test,126,68,128.26666666666668,0.0769311934709549,1.3202207865432933
UBFC_PHYS_s04_T3_test,126,69,128.3,0.2909618318080902,1.3562427730832576
UBFC_PHYS_s04_T3_test,126,70,128.33333333333334,0.45352140069007874,1.274583498898279
UBFC_PHYS_s04_T3_test,126,71,128.36666666666667,0.545559287071228,1.0998001603806653
UBFC_PHYS_s04_T3_test,126,72,128.4,0.587714433670044,0.8637659719560158
UBFC_PHYS_s04_T3_test,126,73,128.43333333333334,0.6328125,0.598263664563059
UBFC_PHYS_s04_T3_test,126,74,128.46666666666667,0.6853262186050415,0.32918492158477514
UBFC_PHYS_s04_T3_test,126,75,128.5,0.7082455158233643,0.0734321947399754
UBFC_PHYS_s04_T3_test,126,76,128.53333333333333,0.6849169135093689,-0.16139511550843144
UBFC_PHYS_s04_T3_test,126,77,128.56666666666666,0.6218498349189758,-0.3751041405447618
UBFC_PHYS_s04_T3_test,126,78,128.6,0.5231953859329224,-0.5713460103288862
UBFC_PHYS_s04_T3_test,126,79,128.63333333333333,0.3952096700668335,-0.7528948599582582
UBFC_PHYS_s04_T3_test,126,80,128.66666666666666,0.23626531660556793,-0.9168430832651686
UBFC_PHYS_s04_T3_test,126,81,128.7,0.039083126932382584,-1.0514677308342684
UBFC_PHYS_s04_T3_test,126,82,128.73333333333332,-0.18362019956111908,-1.1364880801208785
UBFC_PHYS_s04_T3_test,126,83,128.76666666666668,-0.4125600755214691,-1.1474567108308782
UBFC_PHYS_s04_T3_test,126,84,128.8,-0.674485445022583,-1.0634180270898679
UBFC_PHYS_s04_T3_test,126,85,128.83333333333334,-1.0175737142562866,-0.8753395982690059
UBFC_PHYS_s04_T3_test,126,86,128.86666666666667,-1.3838443756103516,-0.5919701119957411
UBFC_PHYS_s04_T3_test,126,87,128.9,-1.580120325088501,-0.24047348180772501
UBFC_PHYS_s04_T3_test,126,88,128.93333333333334,-1.4468822479248047,0.1386028252827862
UBFC_PHYS_s04_T3_test,126,89,128.96666666666667,-1.0204970836639404,0.500112428909879
UBFC_PHYS_s04_T3_test,126,90,129.0,-0.493411123752594,0.8038182356832245
UBFC_PHYS_s04_T3_test,126,91,129.03333333333333,-0.052194640040397644,1.0218119515833648
UBFC_PHYS_s04_T3_test,126,92,129.06666666666666,0.2527726888656616,1.1420289285914835
UBFC_PHYS_s04_T3_test,126,93,129.1,0.45803317427635193,1.1674434868518107
UBFC_PHYS_s04_T3_test,126,94,129.13333333333333,0.593025267124176,1.1119622851980868
UBFC_PHYS_s04_T3_test,126,95,129.16666666666666,0.6755523681640625,0.9948926940480024
UBFC_PHYS_s04_T3_test,126,96,129.2,0.7414259314537048,0.8358013528569409
UBFC_PHYS_s04_T3_test,126,97,129.23333333333332,0.8042396903038025,0.6509179034414999
UBFC_PHYS_s04_T3_test,126,98,129.26666666666668,0.8226277828216553,0.45150258455047565
UBFC_PHYS_s04_T3_test,126,99,129.3,0.7766234874725342,0.24399953141397163
UBFC_PHYS_s04_T3_test,126,100,129.33333333333334,0.7004011273384094,0.03139584081021577
UBFC_PHYS_s04_T3_test,126,101,129.36666666666667,0.6060733199119568,-0.18488448253255096
UBFC_PHYS_s04_T3_test,126,102,129.4,0.4936399757862091,-0.40300492689131984
UBFC_PHYS_s04_T3_test,126,103,129.43333333333334,0.4062308073043823,-0.6188563946432365
UBFC_PHYS_s04_T3_test,126,104,129.46666666666667,0.3577806055545807,-0.8244706218972656
UBFC_PHYS_s04_T3_test,126,105,129.5,0.26462215185165405,-1.0070145401915818
UBFC_PHYS_s04_T3_test,126,106,129.53333333333333,0.04713217541575432,-1.148829374550311
UBFC_PHYS_s04_T3_test,126,107,129.56666666666666,-0.21025222539901733,-1.2289993883106047
UBFC_PHYS_s04_T3_test,126,108,129.6,-0.29348093271255493,-1.2267312121893104
UBFC_PHYS_s04_T3_test,126,109,129.63333333333333,-0.04634787142276764,-1.1263590133157009
UBFC_PHYS_s04_T3_test,126,110,129.66666666666666,0.45815011858940125,-0.9230786406469575
UBFC_PHYS_s04_T3_test,126,111,129.7,1.0105818510055542,-0.6276210960854955
UBFC_PHYS_s04_T3_test,126,112,129.73333333333332,1.4841796159744263,-0.26745849807262856
UBFC_PHYS_s04_T3_test,126,113,129.76666666666668,1.8342353105545044,0.11721270819595236
UBFC_PHYS_s04_T3_test,126,114,129.8,1.9789817333221436,0.48219368148257574
UBFC_PHYS_s04_T3_test,126,115,129.83333333333334,1.8709237575531006,0.7895666580848707
UBFC_PHYS_s04_T3_test,126,116,129.86666666666667,1.5908149480819702,1.0152495139400741
UBFC_PHYS_s04_T3_test,126,117,129.9,1.259332537651062,1.1509370143033653
UBFC_PHYS_s04_T3_test,126,118,129.93333333333334,0.9017247557640076,1.2008555727123857
UBFC_PHYS_s04_T3_test,126,119,129.96666666666667,0.48066017031669617,1.176271078885555
UBFC_PHYS_s04_T3_test,126,120,130.0,0.02534322813153267,1.090458270633959
UBFC_PHYS_s04_T3_test,126,121,130.03333333333333,-0.36671167612075806,0.9551738382078251
UBFC_PHYS_s04_T3_test,126,122,130.06666666666666,-0.6669626235961914,0.7786876887058434
UBFC_PHYS_s04_T3_test,126,123,130.1,-0.9210143685340881,0.5653214055537513
UBFC_PHYS_s04_T3_test,126,124,130.13333333333333,-1.167816162109375,0.3164826328436763
UBFC_PHYS_s04_T3_test,126,125,130.16666666666666,-1.4313298463821411,0.03306843100275583
UBFC_PHYS_s04_T3_test,126,126,130.2,-1.677819848060608,-0.28112107752626714
UBFC_PHYS_s04_T3_test,126,127,130.23333333333332,-1.740789532661438,-0.615547214709581
UBFC_PHYS_s04_T3_test,126,128,130.26666666666668,-1.4686614274978638,-0.9494628116130814
UBFC_PHYS_s04_T3_test,126,129,130.3,-0.9700102806091309,-1.2499468794965427
UBFC_PHYS_s04_T3_test,126,130,130.33333333333334,-0.4751887023448944,-1.473054769907431
UBFC_PHYS_s04_T3_test,126,131,130.36666666666667,-0.054046113044023514,-1.569713051806954
UBFC_PHYS_s04_T3_test,126,132,130.4,0.32829341292381287,-1.496894219853966
UBFC_PHYS_s04_T3_test,126,133,130.43333333333334,0.6184684634208679,-1.2322099777435318
UBFC_PHYS_s04_T3_test,126,134,130.46666666666667,0.7321393489837646,-0.7871654699830176
UBFC_PHYS_s04_T3_test,126,135,130.5,0.7203775644302368,-0.21284599916573427
UBFC_PHYS_s04_T3_test,126,136,130.53333333333333,0.704230785369873,0.40657535075362367
UBFC_PHYS_s04_T3_test,126,137,130.56666666666666,0.7057411670684814,0.9724350760314553
UBFC_PHYS_s04_T3_test,126,138,130.6,0.7001477479934692,1.3964337225580365
UBFC_PHYS_s04_T3_test,126,139,130.63333333333333,0.7018336057662964,1.6225575753463775
UBFC_PHYS_s04_T3_test,126,140,130.66666666666666,0.710438072681427,1.6382789539678022
UBFC_PHYS_s04_T3_test,126,141,130.7,0.6982183456420898,1.4721068262232522
UBFC_PHYS_s04_T3_test,126,142,130.73333333333332,0.7080701589584351,1.179894301495379
UBFC_PHYS_s04_T3_test,126,143,130.76666666666668,0.8543464541435242,0.8258356745572542
UBFC_PHYS_s04_T3_test,126,144,130.8,1.1963043212890625,0.4648314668688368
UBFC_PHYS_s04_T3_test,126,145,130.83333333333334,1.6842657327651978,0.1313174033656851
UBFC_PHYS_s04_T3_test,126,146,130.86666666666667,2.1153576374053955,-0.16313714232042206
UBFC_PHYS_s04_T3_test,126,147,130.9,2.094367742538452,-0.42420192690957237
UBFC_PHYS_s04_T3_test,126,148,130.93333333333334,1.3558138608932495,-0.6643486246074605
UBFC_PHYS_s04_T3_test,126,149,130.96666666666667,0.19489945471286774,-0.891889091682107
UBFC_PHYS_s04_T3_test,126,150,131.0,-0.7475993037223816,-1.10314329780495
UBFC_PHYS_s04_T3_test,126,151,131.03333333333333,-1.1362825632095337,-1.2797728149401788
UBFC_PHYS_s04_T3_test,126,152,131.06666666666666,-1.1592798233032227,-1.3916579398988171
UBFC_PHYS_s04_T3_test,126,153,131.1,-1.0897520780563354,-1.4044165513902234
UBFC_PHYS_s04_T3_test,126,154,131.13333333333333,-1.0588324069976807,-1.289732096643831
UBFC_PHYS_s04_T3_test,126,155,131.16666666666666,-0.91437828540802,-1.035886143663219
UBFC_PHYS_s04_T3_test,126,156,131.2,-0.24889934062957764,-0.6553257734872496
UBFC_PHYS_s04_T3_test,126,157,131.23333333333332,1.1091972589492798,-0.18627245681590573
UBFC_PHYS_s04_T3_test,126,158,131.26666666666668,2.6930084228515625,0.3131799721444014
UBFC_PHYS_s04_T3_test,126,159,131.3,3.805891513824463,0.7773982881727463
UBFC_PHYS_s04_T3_test,126,160,131.33333333333334,4.218839168548584,1.1480507988401747
UBFC_PHYS_s04_T3_test,126,161,131.36666666666667,4.095832824707031,1.3863273594335852
UBFC_PHYS_s04_T3_test,126,162,131.4,3.6306638717651367,1.4788401754690372
UBFC_PHYS_s04_T3_test,126,163,131.43333333333334,2.9244329929351807,1.4362701621456129
UBFC_PHYS_s04_T3_test,126,164,131.46666666666667,1.9867092370986938,1.2861110546707872
UBFC_PHYS_s04_T3_test,126,165,131.5,0.7420105934143066,1.0622727286680855
UBFC_PHYS_s04_T3_test,126,166,131.53333333333333,-0.7393456101417542,0.7950360627829917
UBFC_PHYS_s04_T3_test,126,167,131.56666666666666,-2.039198637008667,0.5046797738620515
UBFC_PHYS_s04_T3_test,126,168,131.6,-2.8319714069366455,0.20078601540640129
UBFC_PHYS_s04_T3_test,126,169,131.63333333333333,-3.2282652854919434,-0.11294987666558304
UBFC_PHYS_s04_T3_test,126,170,131.66666666666666,-3.4924612045288086,-0.43087066648520267
UBFC_PHYS_s04_T3_test,126,171,131.7,-3.6739935874938965,-0.7382767326060343
UBFC_PHYS_s04_T3_test,126,172,131.73333333333332,-3.6352782249450684,-1.0086023640523658
UBFC_PHYS_s04_T3_test,126,173,131.76666666666668,-3.2195146083831787,-1.2065617139657954
UBFC_PHYS_s04_T3_test,126,174,131.8,-2.371509313583374,-1.2965398174560123
UBFC_PHYS_s04_T3_test,126,175,131.83333333333334,-1.1359707117080688,-1.2533199428547677
UBFC_PHYS_s04_T3_test,126,176,131.86666666666667,0.3718031048774719,-1.071137731459477
UBFC_PHYS_s04_T3_test,126,177,131.9,1.8534516096115112,-0.7675899019639246
UBFC_PHYS_s04_T3_test,126,178,131.93333333333334,2.911998987197876,-0.3809831001329523
UBFC_PHYS_s04_T3_test,126,179,131.96666666666667,3.359334945678711,0.03773255389526831
UBFC_PHYS_s04_T3_test,126,180,132.0,3.2624053955078125,0.4354759592816198
UBFC_PHYS_s04_T3_test,126,181,132.03333333333333,2.731158494949341,0.7666438064083363
UBFC_PHYS_s04_T3_test,126,182,132.06666666666666,1.9128743410110474,0.9994757392407695
UBFC_PHYS_s04_T3_test,126,183,132.1,0.9655909538269043,1.1184217313854126
UBFC_PHYS_s04_T3_test,126,184,132.13333333333333,-0.01345006749033928,1.1230288094476175
UBFC_PHYS_s04_T3_test,126,185,132.16666666666666,-0.9454149007797241,1.024508381819773
UBFC_PHYS_s04_T3_test,126,186,132.2,-1.7025223970413208,0.8412876740287137
UBFC_PHYS_s04_T3_test,126,187,132.23333333333332,-2.2717342376708984,0.59474667465621
UBFC_PHYS_s04_T3_test,126,188,132.26666666666668,-2.7938992977142334,0.3061526568987017
UBFC_PHYS_s04_T3_test,126,189,132.3,-3.2431161403656006,-0.004563753001401504
UBFC_PHYS_s04_T3_test,126,190,132.33333333333334,-3.4136273860931396,-0.318195069993778
UBFC_PHYS_s04_T3_test,126,191,132.36666666666667,-3.259915828704834,-0.61458122123249
UBFC_PHYS_s04_T3_test,126,192,132.4,-2.873162031173706,-0.8712349163840829
UBFC_PHYS_s04_T3_test,126,193,132.43333333333334,-2.2980740070343018,-1.063756194045003
UBFC_PHYS_s04_T3_test,126,194,132.46666666666667,-1.6284244060516357,-1.1689591124363865
UBFC_PHYS_s04_T3_test,126,195,132.5,-1.026343822479248,-1.1702589980128815
UBFC_PHYS_s04_T3_test,126,196,132.53333333333333,-0.5272443890571594,-1.0631823622823893
UBFC_PHYS_s04_T3_test,126,197,132.56666666666666,-0.008421848528087139,-0.8582485580104435
UBFC_PHYS_s04_T3_test,126,198,132.6,0.5910763144493103,-0.5797270236243384
UBFC_PHYS_s04_T3_test,126,199,132.63333333333333,1.111341118812561,-0.2608149107816125
UBFC_PHYS_s04_T3_test,126,200,132.66666666666666,1.242396354675293,0.06287657390718351
UBFC_PHYS_s04_T3_test,126,201,132.7,0.874206006526947,0.35927880092890335
UBFC_PHYS_s04_T3_test,126,202,132.73333333333332,0.26316043734550476,0.6034098136887376
UBFC_PHYS_s04_T3_test,126,203,132.76666666666668,-0.28266441822052,0.7778921504068563
UBFC_PHYS_s04_T3_test,126,204,132.8,-0.6812677383422852,0.8716073774150296
UBFC_PHYS_s04_T3_test,126,205,132.83333333333334,-0.9400066137313843,0.8786209191733818
UBFC_PHYS_s04_T3_test,126,206,132.86666666666667,-1.0458428859710693,0.7987842305699911
UBFC_PHYS_s04_T3_test,126,207,132.9,-1.057828664779663,0.6398825175368423
UBFC_PHYS_s04_T3_test,126,208,132.93333333333334,-1.0523815155029297,0.42011863826157697
UBFC_PHYS_s04_T3_test,126,209,132.96666666666667,-0.9963889122009277,0.1692660721529378
UBFC_PHYS_s04_T3_test,126,210,133.0,-0.8556182980537415,-0.07321116806653527
UBFC_PHYS_s04_T3_test,126,211,133.03333333333333,-0.7246702313423157,-0.2640602297808692
UBFC_PHYS_s04_T3_test,126,212,133.06666666666666,-0.6596639156341553,-0.36554058917805493
UBFC_PHYS_s04_T3_test,126,213,133.1,-0.5743303894996643,-0.3557137050397301
UBFC_PHYS_s04_T3_test,126,214,133.13333333333333,-0.41104966402053833,-0.2362794217713852
UBFC_PHYS_s04_T3_test,126,215,133.16666666666666,-0.21646928787231445,-0.034646734335362
UBFC_PHYS_s04_T3_test,126,216,133.2,-0.03721717372536659,0.20168083978122478
UBFC_PHYS_s04_T3_test,126,217,133.23333333333332,0.12437770515680313,0.4176075135807818
UBFC_PHYS_s04_T3_test,126,218,133.26666666666668,0.2558324933052063,0.5657752056694648
UBFC_PHYS_s04_T3_test,126,219,133.3,0.3176230788230896,0.6189755836127065
UBFC_PHYS_s04_T3_test,126,220,133.33333333333334,0.29424574971199036,0.5752545905123894
UBFC_PHYS_s04_T3_test,126,221,133.36666666666667,0.21620117127895355,0.45469577222866986
UBFC_PHYS_s04_T3_test,126,222,133.4,0.12137636542320251,0.2901619577609479
UBFC_PHYS_s04_T3_test,126,223,133.43333333333334,0.012100301682949066,0.11605200748693373
UBFC_PHYS_s04_T3_test,126,224,133.46666666666667,-0.12780307233333588,-0.041012982865505414
UBFC_PHYS_s04_T3_test,126,225,133.5,-0.2754729092121124,-0.16711359689283722
UBFC_PHYS_s04_T3_test,126,226,133.53333333333333,-0.3662731945514679,-0.26094351705453117
UBFC_PHYS_s04_T3_test,126,227,133.56666666666666,-0.3797694742679596,-0.32976615770650364
UBFC_PHYS_s04_T3_test,126,228,133.6,-0.3572106957435608,-0.38364224963821153
UBFC_PHYS_s04_T3_test,126,229,133.63333333333333,-0.34498119354248047,-0.43035477851568205
UBFC_PHYS_s04_T3_test,126,230,133.66666666666666,-0.35513508319854736,-0.472597535055054
UBFC_PHYS_s04_T3_test,126,231,133.7,-0.3478851020336151,-0.5077206267806731
UBFC_PHYS_s04_T3_test,126,232,133.73333333333332,-0.23373673856258392,-0.529401679875578
UBFC_PHYS_s04_T3_test,126,233,133.76666666666668,0.0295918770134449,-0.5302711462386165
UBFC_PHYS_s04_T3_test,126,234,133.8,0.3378821313381195,-0.5045925033057728
UBFC_PHYS_s04_T3_test,126,235,133.83333333333334,0.563635528087616,-0.4502748816245423
UBFC_PHYS_s04_T3_test,126,236,133.86666666666667,0.6901790499687195,-0.36963945847707186
UBFC_PHYS_s04_T3_test,126,237,133.9,0.7328019738197327,-0.26870752084360355
UBFC_PHYS_s04_T3_test,126,238,133.93333333333334,0.6655154228210449,-0.15545492060078162
UBFC_PHYS_s04_T3_test,126,239,133.96666666666667,0.4975768029689789,-0.038056202803878905
UBFC_PHYS_s04_T3_test,127,0,127.0,0.5766932964324951,0.0021207502701865513
UBFC_PHYS_s04_T3_test,127,1,127.03333333333333,0.5083738565444946,-0.3436879849927839
UBFC_PHYS_s04_T3_test,127,2,127.06666666666666,0.4391578733921051,-0.6683646438240803
UBFC_PHYS_s04_T3_test,127,3,127.1,0.34220874309539795,-0.9488152602610385
UBFC_PHYS_s04_T3_test,127,4,127.13333333333334,0.17710579931735992,-1.1570972354568174
UBFC_PHYS_s04_T3_test,127,5,127.16666666666667,-0.05110324174165726,-1.26237888010922
UBFC_PHYS_s04_T3_test,127,6,127.2,-0.2838922441005707,-1.236048620826261
UBFC_PHYS_s04_T3_test,127,7,127.23333333333333,-0.47742021083831787,-1.059261891177034
UBFC_PHYS_s04_T3_test,127,8,127.26666666666667,-0.641295313835144,-0.7312776620932052
UBFC_PHYS_s04_T3_test,127,9,127.3,-0.8396273851394653,-0.2758293184925728
UBFC_PHYS_s04_T3_test,127,10,127.33333333333333,-1.1063958406448364,0.2576686726619363
UBFC_PHYS_s04_T3_test,127,11,127.36666666666666,-1.3168697357177734,0.8001558894994663
UBFC_PHYS_s04_T3_test,127,12,127.4,-1.2686630487442017,1.2755522508676678
UBFC_PHYS_s04_T3_test,127,13,127.43333333333334,-0.9357287287712097,1.616447372903018
UBFC_PHYS_s04_T3_test,127,14,127.46666666666667,-0.4985854923725128,1.7779905473958886
UBFC_PHYS_s04_T3_test,127,15,127.5,-0.10767070949077606,1.7458742504263913
UBFC_PHYS_s04_T3_test,127,16,127.53333333333333,0.21829625964164734,1.5366043415573398
UBFC_PHYS_s04_T3_test,127,17,127.56666666666666,0.47669410705566406,1.1908518833416173
UBFC_PHYS_s04_T3_test,127,18,127.6,0.6294018626213074,0.7624740374929048
UBFC_PHYS_s04_T3_test,127,19,127.63333333333334,0.6863786578178406,0.3065164931477031
UBFC_PHYS_s04_T3_test,127,20,127.66666666666667,0.7007908821105957,-0.13066269934450925
UBFC_PHYS_s04_T3_test,127,21,127.7,0.7006155252456665,-0.5170086269269933
UBFC_PHYS_s04_T3_test,127,22,127.73333333333333,0.6916407346725464,-0.8355743921859674
UBFC_PHYS_s04_T3_test,127,23,127.76666666666667,0.6737886071205139,-1.0814521294197748
UBFC_PHYS_s04_T3_test,127,24,127.8,0.6328514814376831,-1.256549215163712
UBFC_PHYS_s04_T3_test,127,25,127.83333333333333,0.5627097487449646,-1.3639945877655497
UBFC_PHYS_s04_T3_test,127,26,127.86666666666666,0.46696898341178894,-1.4036672669326533
UBFC_PHYS_s04_T3_test,127,27,127.9,0.33823293447494507,-1.370080642390774
UBFC_PHYS_s04_T3_test,127,28,127.93333333333334,0.17618004977703094,-1.2536526302489466
UBFC_PHYS_s04_T3_test,127,29,127.96666666666667,-0.002448401879519224,-1.0456857801655446
UBFC_PHYS_s04_T3_test,127,30,128.0,-0.19361817836761475,-0.7458514351680875
UBFC_PHYS_s04_T3_test,127,31,128.03333333333333,-0.41392433643341064,-0.3692788537038904
UBFC_PHYS_s04_T3_test,127,32,128.06666666666666,-0.6810630559921265,0.0503670971856167
UBFC_PHYS_s04_T3_test,127,33,128.1,-0.9574397206306458,0.4643067930137694
UBFC_PHYS_s04_T3_test,127,34,128.13333333333333,-1.0937083959579468,0.8182304262297124
UBFC_PHYS_s04_T3_test,127,35,128.16666666666666,-0.9500435590744019,1.0647954770351398
UBFC_PHYS_s04_T3_test,127,36,128.2,-0.5874856114387512,1.1745057917412445
UBFC_PHYS_s04_T3_test,127,37,128.23333333333332,-0.20769913494586945,1.141280735613582
UBFC_PHYS_s04_T3_test,127,38,128.26666666666668,0.0769311934709549,0.9813914512135579
UBFC_PHYS_s04_T3_test,127,39,128.3,0.2909618318080902,0.7271693780293285
UBFC_PHYS_s04_T3_test,127,40,128.33333333333334,0.45352140069007874,0.4186987874946229
UBFC_PHYS_s04_T3_test,127,41,128.36666666666667,0.545559287071228,0.09667818813646346
UBFC_PHYS_s04_T3_test,127,42,128.4,0.587714433670044,-0.20209117621505968
UBFC_PHYS_s04_T3_test,127,43,128.43333333333334,0.6328125,-0.4470521281404625
UBFC_PHYS_s04_T3_test,127,44,128.46666666666667,0.6853262186050415,-0.6152632798675193
UBFC_PHYS_s04_T3_test,127,45,128.5,0.7082455158233643,-0.6926493860323905
UBFC_PHYS_s04_T3_test,127,46,128.53333333333333,0.6849169135093689,-0.6753410131783278
UBFC_PHYS_s04_T3_test,127,47,128.56666666666666,0.6218498349189758,-0.5706355790475617
UBFC_PHYS_s04_T3_test,127,48,128.6,0.5231953859329224,-0.39657629994997873
UBFC_PHYS_s04_T3_test,127,49,128.63333333333333,0.3952096700668335,-0.17928391694269155
UBFC_PHYS_s04_T3_test,127,50,128.66666666666666,0.23626531660556793,0.051787459802593534
UBFC_PHYS_s04_T3_test,127,51,128.7,0.039083126932382584,0.26921641886350595
UBFC_PHYS_s04_T3_test,127,52,128.73333333333332,-0.18362019956111908,0.45156936162678096
UBFC_PHYS_s04_T3_test,127,53,128.76666666666668,-0.4125600755214691,0.5845717789042388
UBFC_PHYS_s04_T3_test,127,54,128.8,-0.674485445022583,0.6597699134443593
UBFC_PHYS_s04_T3_test,127,55,128.83333333333334,-1.0175737142562866,0.6724596155521011
UBFC_PHYS_s04_T3_test,127,56,128.86666666666667,-1.3838443756103516,0.6209155884159326
UBFC_PHYS_s04_T3_test,127,57,128.9,-1.580120325088501,0.5078020250299908
UBFC_PHYS_s04_T3_test,127,58,128.93333333333334,-1.4468822479248047,0.3428118174141798
UBFC_PHYS_s04_T3_test,127,59,128.96666666666667,-1.0204970836639404,0.14431501015711873
UBFC_PHYS_s04_T3_test,127,60,129.0,-0.493411123752594,-0.061972913072838004
UBFC_PHYS_s04_T3_test,127,61,129.03333333333333,-0.052194640040397644,-0.247691645282534
UBFC_PHYS_s04_T3_test,127,62,129.06666666666666,0.2527726888656616,-0.3882954456895346
UBFC_PHYS_s04_T3_test,127,63,129.1,0.45803317427635193,-0.4685764336198779
UBFC_PHYS_s04_T3_test,127,64,129.13333333333333,0.593025267124176,-0.4851036086465531
UBFC_PHYS_s04_T3_test,127,65,129.16666666666666,0.6755523681640625,-0.4450080530314272
UBFC_PHYS_s04_T3_test,127,66,129.2,0.7414259314537048,-0.3620809994520525
UBFC_PHYS_s04_T3_test,127,67,129.23333333333332,0.8042396903038025,-0.2520727888558207
UBFC_PHYS_s04_T3_test,127,68,129.26666666666668,0.8226277828216553,-0.1291840554504863
UBFC_PHYS_s04_T3_test,127,69,129.3,0.7766234874725342,-0.004931265522885359
UBFC_PHYS_s04_T3_test,127,70,129.33333333333334,0.7004011273384094,0.11084841232236978
UBFC_PHYS_s04_T3_test,127,71,129.36666666666667,0.6060733199119568,0.20822689906100544
UBFC_PHYS_s04_T3_test,127,72,129.4,0.4936399757862091,0.27616511006022326
UBFC_PHYS_s04_T3_test,127,73,129.43333333333334,0.4062308073043823,0.3030389026954668
UBFC_PHYS_s04_T3_test,127,74,129.46666666666667,0.3577806055545807,0.2785562346601612
UBFC_PHYS_s04_T3_test,127,75,129.5,0.26462215185165405,0.19632269636592875
UBFC_PHYS_s04_T3_test,127,76,129.53333333333333,0.04713217541575432,0.056313770341617504
UBFC_PHYS_s04_T3_test,127,77,129.56666666666666,-0.21025222539901733,-0.1332140450307266
UBFC_PHYS_s04_T3_test,127,78,129.6,-0.29348093271255493,-0.3547109554686566
UBFC_PHYS_s04_T3_test,127,79,129.63333333333333,-0.04634787142276764,-0.58162329869594
UBFC_PHYS_s04_T3_test,127,80,129.66666666666666,0.45815011858940125,-0.780456138180885
UBFC_PHYS_s04_T3_test,127,81,129.7,1.0105818510055542,-0.9149488851238583
UBFC_PHYS_s04_T3_test,127,82,129.73333333333332,1.4841796159744263,-0.9522638902307682
UBFC_PHYS_s04_T3_test,127,83,129.76666666666668,1.8342353105545044,-0.8704057533202524
UBFC_PHYS_s04_T3_test,127,84,129.8,1.9789817333221436,-0.6652984003260447
UBFC_PHYS_s04_T3_test,127,85,129.83333333333334,1.8709237575531006,-0.3551298451824334
UBFC_PHYS_s04_T3_test,127,86,129.86666666666667,1.5908149480819702,0.02074438606209231
UBFC_PHYS_s04_T3_test,127,87,129.9,1.259332537651062,0.4096481542035325
UBFC_PHYS_s04_T3_test,127,88,129.93333333333334,0.9017247557640076,0.7582151478100473
UBFC_PHYS_s04_T3_test,127,89,129.96666666666667,0.48066017031669617,1.0249775451869971
UBFC_PHYS_s04_T3_test,127,90,130.0,0.02534322813153267,1.1879816132197043
UBFC_PHYS_s04_T3_test,127,91,130.03333333333333,-0.36671167612075806,1.2450399938726533
UBFC_PHYS_s04_T3_test,127,92,130.06666666666666,-0.6669626235961914,1.2077253910649912
UBFC_PHYS_s04_T3_test,127,93,130.1,-0.9210143685340881,1.09277662825113
UBFC_PHYS_s04_T3_test,127,94,130.13333333333333,-1.167816162109375,0.915047244566965
UBFC_PHYS_s04_T3_test,127,95,130.16666666666666,-1.4313298463821411,0.6846252358922669
UBFC_PHYS_s04_T3_test,127,96,130.2,-1.677819848060608,0.4083614756847966
UBFC_PHYS_s04_T3_test,127,97,130.23333333333332,-1.740789532661438,0.0940912689340938
UBFC_PHYS_s04_T3_test,127,98,130.26666666666668,-1.4686614274978638,-0.24483600164724167
UBFC_PHYS_s04_T3_test,127,99,130.3,-0.9700102806091309,-0.5866525178250109
UBFC_PHYS_s04_T3_test,127,100,130.33333333333334,-0.4751887023448944,-0.9009307477307169
UBFC_PHYS_s04_T3_test,127,101,130.36666666666667,-0.054046113044023514,-1.1512557261000014
UBFC_PHYS_s04_T3_test,127,102,130.4,0.32829341292381287,-1.3005675168501734
UBFC_PHYS_s04_T3_test,127,103,130.43333333333334,0.6184684634208679,-1.3184942684162415
UBFC_PHYS_s04_T3_test,127,104,130.46666666666667,0.7321393489837646,-1.1893381355262007
UBFC_PHYS_s04_T3_test,127,105,130.5,0.7203775644302368,-0.9185653744127685
UBFC_PHYS_s04_T3_test,127,106,130.53333333333333,0.704230785369873,-0.535196885643316
UBFC_PHYS_s04_T3_test,127,107,130.56666666666666,0.7057411670684814,-0.08821079944611084
UBFC_PHYS_s04_T3_test,127,108,130.6,0.7001477479934692,0.3628007589020164
UBFC_PHYS_s04_T3_test,127,109,130.63333333333333,0.7018336057662964,0.7599640101677965
UBFC_PHYS_s04_T3_test,127,110,130.66666666666666,0.710438072681427,1.0582710583922181
UBFC_PHYS_s04_T3_test,127,111,130.7,0.6982183456420898,1.2319534349484693
UBFC_PHYS_s04_T3_test,127,112,130.73333333333332,0.7080701589584351,1.2748541268935465
UBFC_PHYS_s04_T3_test,127,113,130.76666666666668,0.8543464541435242,1.1961734089635467
UBFC_PHYS_s04_T3_test,127,114,130.8,1.1963043212890625,1.0143014410051203
UBFC_PHYS_s04_T3_test,127,115,130.83333333333334,1.6842657327651978,0.7513385122380583
UBFC_PHYS_s04_T3_test,127,116,130.86666666666667,2.1153576374053955,0.42990591766483005
UBFC_PHYS_s04_T3_test,127,117,130.9,2.094367742538452,0.07247045649487488
UBFC_PHYS_s04_T3_test,127,118,130.93333333333334,1.3558138608932495,-0.2978498626470254
UBFC_PHYS_s04_T3_test,127,119,130.96666666666667,0.19489945471286774,-0.6565433112269812
UBFC_PHYS_s04_T3_test,127,120,131.0,-0.7475993037223816,-0.9780712425233566
UBFC_PHYS_s04_T3_test,127,121,131.03333333333333,-1.1362825632095337,-1.2373248523208802
UBFC_PHYS_s04_T3_test,127,122,131.06666666666666,-1.1592798233032227,-1.4113322246888724
UBFC_PHYS_s04_T3_test,127,123,131.1,-1.0897520780563354,-1.480508624715251
UBFC_PHYS_s04_T3_test,127,124,131.13333333333333,-1.0588324069976807,-1.429786106141013
UBFC_PHYS_s04_T3_test,127,125,131.16666666666666,-0.91437828540802,-1.2507688327439306
UBFC_PHYS_s04_T3_test,127,126,131.2,-0.24889934062957764,-0.945573728039773
UBFC_PHYS_s04_T3_test,127,127,131.23333333333332,1.1091972589492798,-0.5314093194283378
UBFC_PHYS_s04_T3_test,127,128,131.26666666666668,2.6930084228515625,-0.04333883585401175
UBFC_PHYS_s04_T3_test,127,129,131.3,3.805891513824463,0.4675516002195733
UBFC_PHYS_s04_T3_test,127,130,131.33333333333334,4.218839168548584,0.9415986752930895
UBFC_PHYS_s04_T3_test,127,131,131.36666666666667,4.095832824707031,1.3218503044131795
UBFC_PHYS_s04_T3_test,127,132,131.4,3.6306638717651367,1.565295655812291
UBFC_PHYS_s04_T3_test,127,133,131.43333333333334,2.9244329929351807,1.6499866642378946
UBFC_PHYS_s04_T3_test,127,134,131.46666666666667,1.9867092370986938,1.5760151315495672
UBFC_PHYS_s04_T3_test,127,135,131.5,0.7420105934143066,1.3611415475333353
UBFC_PHYS_s04_T3_test,127,136,131.53333333333333,-0.7393456101417542,1.0338556261861849
UBFC_PHYS_s04_T3_test,127,137,131.56666666666666,-2.039198637008667,0.6270796051322488
UBFC_PHYS_s04_T3_test,127,138,131.6,-2.8319714069366455,0.17473607288086496
UBFC_PHYS_s04_T3_test,127,139,131.63333333333333,-3.2282652854919434,-0.28843349215049063
UBFC_PHYS_s04_T3_test,127,140,131.66666666666666,-3.4924612045288086,-0.7252719542795634
UBFC_PHYS_s04_T3_test,127,141,131.7,-3.6739935874938965,-1.0953396533107773
UBFC_PHYS_s04_T3_test,127,142,131.73333333333332,-3.6352782249450684,-1.3570201798911476
UBFC_PHYS_s04_T3_test,127,143,131.76666666666668,-3.2195146083831787,-1.4734512920986025
UBFC_PHYS_s04_T3_test,127,144,131.8,-2.371509313583374,-1.421212637977236
UBFC_PHYS_s04_T3_test,127,145,131.83333333333334,-1.1359707117080688,-1.1989297452863747
UBFC_PHYS_s04_T3_test,127,146,131.86666666666667,0.3718031048774719,-0.8320727977213163
UBFC_PHYS_s04_T3_test,127,147,131.9,1.8534516096115112,-0.3709681577014279
UBFC_PHYS_s04_T3_test,127,148,131.93333333333334,2.911998987197876,0.1185191117299276
UBFC_PHYS_s04_T3_test,127,149,131.96666666666667,3.359334945678711,0.5690764050241036
UBFC_PHYS_s04_T3_test,127,150,132.0,3.2624053955078125,0.926041384478136
UBFC_PHYS_s04_T3_test,127,151,132.03333333333333,2.731158494949341,1.1566317553708803
UBFC_PHYS_s04_T3_test,127,152,132.06666666666666,1.9128743410110474,1.2516258554579696
UBFC_PHYS_s04_T3_test,127,153,132.1,0.9655909538269043,1.2200858489885698
UBFC_PHYS_s04_T3_test,127,154,132.13333333333333,-0.01345006749033928,1.0804011068824437
UBFC_PHYS_s04_T3_test,127,155,132.16666666666666,-0.9454149007797241,0.8520013060211484
UBFC_PHYS_s04_T3_test,127,156,132.2,-1.7025223970413208,0.5513019452285078
UBFC_PHYS_s04_T3_test,127,157,132.23333333333332,-2.2717342376708984,0.1932444482571613
UBFC_PHYS_s04_T3_test,127,158,132.26666666666668,-2.7938992977142334,-0.2029280012461948
UBFC_PHYS_s04_T3_test,127,159,132.3,-3.2431161403656006,-0.6072349627959823
UBFC_PHYS_s04_T3_test,127,160,132.33333333333334,-3.4136273860931396,-0.9762317508861784
UBFC_PHYS_s04_T3_test,127,161,132.36666666666667,-3.259915828704834,-1.2571448099227964
UBFC_PHYS_s04_T3_test,127,162,132.4,-2.873162031173706,-1.39903709497954
UBFC_PHYS_s04_T3_test,127,163,132.43333333333334,-2.2980740070343018,-1.367732362202819
UBFC_PHYS_s04_T3_test,127,164,132.46666666666667,-1.6284244060516357,-1.1589344562567987
UBFC_PHYS_s04_T3_test,127,165,132.5,-1.026343822479248,-0.8038002525836183
UBFC_PHYS_s04_T3_test,127,166,132.53333333333333,-0.5272443890571594,-0.3634530431321587
UBFC_PHYS_s04_T3_test,127,167,132.56666666666666,-0.008421848528087139,0.08676757031426953
UBFC_PHYS_s04_T3_test,127,168,132.6,0.5910763144493103,0.4776878088191051
UBFC_PHYS_s04_T3_test,127,169,132.63333333333333,1.111341118812561,0.7633003812680046
UBFC_PHYS_s04_T3_test,127,170,132.66666666666666,1.242396354675293,0.928274356095971
UBFC_PHYS_s04_T3_test,127,171,132.7,0.874206006526947,0.9844972879618359
UBFC_PHYS_s04_T3_test,127,172,132.73333333333332,0.26316043734550476,0.9596095919824466
UBFC_PHYS_s04_T3_test,127,173,132.76666666666668,-0.28266441822052,0.8828811334467861
UBFC_PHYS_s04_T3_test,127,174,132.8,-0.6812677383422852,0.7737066047231225
UBFC_PHYS_s04_T3_test,127,175,132.83333333333334,-0.9400066137313843,0.6363043821761942
UBFC_PHYS_s04_T3_test,127,176,132.86666666666667,-1.0458428859710693,0.4619677003634565
UBFC_PHYS_s04_T3_test,127,177,132.9,-1.057828664779663,0.23778009783667917
UBFC_PHYS_s04_T3_test,127,178,132.93333333333334,-1.0523815155029297,-0.04164630188092598
UBFC_PHYS_s04_T3_test,127,179,132.96666666666667,-0.9963889122009277,-0.36416311225462955
UBFC_PHYS_s04_T3_test,127,180,133.0,-0.8556182980537415,-0.6960338144975464
UBFC_PHYS_s04_T3_test,127,181,133.03333333333333,-0.7246702313423157,-0.9859263567175641
UBFC_PHYS_s04_T3_test,127,182,133.06666666666666,-0.6596639156341553,-1.1762052129993956
UBFC_PHYS_s04_T3_test,127,183,133.1,-0.5743303894996643,-1.2183114796592778
UBFC_PHYS_s04_T3_test,127,184,133.13333333333333,-0.41104966402053833,-1.0876619757291832
UBFC_PHYS_s04_T3_test,127,185,133.16666666666666,-0.21646928787231445,-0.7933210056486953
UBFC_PHYS_s04_T3_test,127,186,133.2,-0.03721717372536659,-0.37869068953683427
UBFC_PHYS_s04_T3_test,127,187,133.23333333333332,0.12437770515680313,0.08797889568574516
UBFC_PHYS_s04_T3_test,127,188,133.26666666666668,0.2558324933052063,0.5306375559067061
UBFC_PHYS_s04_T3_test,127,189,133.3,0.3176230788230896,0.8842286863321004
UBFC_PHYS_s04_T3_test,127,190,133.33333333333334,0.29424574971199036,1.1087756165967293
UBFC_PHYS_s04_T3_test,127,191,133.36666666666667,0.21620117127895355,1.1944857956203216
UBFC_PHYS_s04_T3_test,127,192,133.4,0.12137636542320251,1.1574161795062239
UBFC_PHYS_s04_T3_test,127,193,133.43333333333334,0.012100301682949066,1.0287132500724914
UBFC_PHYS_s04_T3_test,127,194,133.46666666666667,-0.12780307233333588,0.8420283842073951
UBFC_PHYS_s04_T3_test,127,195,133.5,-0.2754729092121124,0.6233854390197852
UBFC_PHYS_s04_T3_test,127,196,133.53333333333333,-0.3662731945514679,0.3862866385497524
UBFC_PHYS_s04_T3_test,127,197,133.56666666666666,-0.3797694742679596,0.13277749319970555
UBFC_PHYS_s04_T3_test,127,198,133.6,-0.3572106957435608,-0.14087401493470247
UBFC_PHYS_s04_T3_test,127,199,133.63333333333333,-0.34498119354248047,-0.4365208268237031
UBFC_PHYS_s04_T3_test,127,200,133.66666666666666,-0.35513508319854736,-0.7472409238327955
UBFC_PHYS_s04_T3_test,127,201,133.7,-0.3478851020336151,-1.053241508485203
UBFC_PHYS_s04_T3_test,127,202,133.73333333333332,-0.23373673856258392,-1.3217181554685566
UBFC_PHYS_s04_T3_test,127,203,133.76666666666668,0.0295918770134449,-1.5109848203746543
UBFC_PHYS_s04_T3_test,127,204,133.8,0.3378821313381195,-1.5783630644644762
UBFC_PHYS_s04_T3_test,127,205,133.83333333333334,0.563635528087616,-1.490463841986517
UBFC_PHYS_s04_T3_test,127,206,133.86666666666667,0.6901790499687195,-1.2336344687614482
UBFC_PHYS_s04_T3_test,127,207,133.9,0.7328019738197327,-0.8215923486033101
UBFC_PHYS_s04_T3_test,127,208,133.93333333333334,0.6655154228210449,-0.29711176461219585
UBFC_PHYS_s04_T3_test,127,209,133.96666666666667,0.4975768029689789,0.2740157711782959
UBFC_PHYS_s04_T3_test,127,210,134.0,0.2944406569004059,0.8156219250140737
UBFC_PHYS_s04_T3_test,127,211,134.03333333333333,0.08161835372447968,1.256659473874483
UBFC_PHYS_s04_T3_test,127,212,134.06666666666666,-0.16860376298427582,1.545178475839612
UBFC_PHYS_s04_T3_test,127,213,134.1,-0.4525129795074463,1.6573112971235693
UBFC_PHYS_s04_T3_test,127,214,134.13333333333333,-0.7010882496833801,1.599182740667102
UBFC_PHYS_s04_T3_test,127,215,134.16666666666666,-0.8353008031845093,1.4014667846278208
UBFC_PHYS_s04_T3_test,127,216,134.2,-0.833926796913147,1.10856273752716
UBFC_PHYS_s04_T3_test,127,217,134.23333333333332,-0.7377474904060364,0.7661396707971677
UBFC_PHYS_s04_T3_test,127,218,134.26666666666668,-0.6136596202850342,0.41110500274583806
UBFC_PHYS_s04_T3_test,127,219,134.3,-0.5171197652816772,0.06679690421097989
UBFC_PHYS_s04_T3_test,127,220,134.33333333333334,-0.4494629204273224,-0.2559724913482762
UBFC_PHYS_s04_T3_test,127,221,134.36666666666667,-0.38384270668029785,-0.5534676115203429
UBFC_PHYS_s04_T3_test,127,222,134.4,-0.3376240134239197,-0.8217915336335045
UBFC_PHYS_s04_T3_test,127,223,134.43333333333334,-0.35025304555892944,-1.0506568006439143
UBFC_PHYS_s04_T3_test,127,224,134.46666666666667,-0.3759301006793976,-1.2204280765273787
UBFC_PHYS_s04_T3_test,127,225,134.5,-0.2934516966342926,-1.3036991678790621
UBFC_PHYS_s04_T3_test,127,226,134.53333333333333,-0.05687205120921135,-1.2713932630141132
UBFC_PHYS_s04_T3_test,127,227,134.56666666666666,0.2308862954378128,-1.1020359884749853
UBFC_PHYS_s04_T3_test,127,228,134.6,0.46575090289115906,-0.7916612353608286
UBFC_PHYS_s04_T3_test,127,229,134.63333333333333,0.6270729303359985,-0.36098815536294665
UBFC_PHYS_s04_T3_test,127,230,134.66666666666666,0.735774040222168,0.14347549358279138
UBFC_PHYS_s04_T3_test,127,231,134.7,0.7836688160896301,0.6561073987291604
UBFC_PHYS_s04_T3_test,127,232,134.73333333333332,0.727257251739502,1.1051647560355409
UBFC_PHYS_s04_T3_test,127,233,134.76666666666668,0.5673774480819702,1.4278713157507579
UBFC_PHYS_s04_T3_test,127,234,134.8,0.37743550539016724,1.5827874289045891
UBFC_PHYS_s04_T3_test,127,235,134.83333333333334,0.1847650557756424,1.5560252768782128
UBFC_PHYS_s04_T3_test,127,236,134.86666666666667,-0.03473229706287384,1.3601107052898498
UBFC_PHYS_s04_T3_test,127,237,134.9,-0.24831466376781464,1.0268532071805752
UBFC_PHYS_s04_T3_test,127,238,134.93333333333334,-0.410932719707489,0.5978674575045734
UBFC_PHYS_s04_T3_test,127,239,134.96666666666667,-0.5579886436462402,0.11713410371791622
UBFC_PHYS_s04_T3_test,128,0,128.0,-0.19361817836761475,0.051408383905831204
UBFC_PHYS_s04_T3_test,128,1,128.03333333333333,-0.41392433643341064,-0.2770315110133366
UBFC_PHYS_s04_T3_test,128,2,128.06666666666666,-0.6810630559921265,-0.5263426624235054
UBFC_PHYS_s04_T3_test,128,3,128.1,-0.9574397206306458,-0.6341222578832834
UBFC_PHYS_s04_T3_test,128,4,128.13333333333333,-1.0937083959579468,-0.5684759312213068
UBFC_PHYS_s04_T3_test,128,5,128.16666666666666,-0.9500435590744019,-0.33571573311235836
UBFC_PHYS_s04_T3_test,128,6,128.2,-0.5874856114387512,0.020990030185465962
UBFC_PHYS_s04_T3_test,128,7,128.23333333333332,-0.20769913494586945,0.4325135119196037
UBFC_PHYS_s04_T3_test,128,8,128.26666666666668,0.0769311934709549,0.821404956672179
UBFC_PHYS_s04_T3_test,128,9,128.3,0.2909618318080902,1.1209096144550448
UBFC_PHYS_s04_T3_test,128,10,128.33333333333334,0.45352140069007874,1.2895846003327744
UBFC_PHYS_s04_T3_test,128,11,128.36666666666667,0.545559287071228,1.3174977384626172
UBFC_PHYS_s04_T3_test,128,12,128.4,0.587714433670044,1.2230284992162963
UBFC_PHYS_s04_T3_test,128,13,128.43333333333334,0.6328125,1.0424121311693035
UBFC_PHYS_s04_T3_test,128,14,128.46666666666667,0.6853262186050415,0.816271512588888
UBFC_PHYS_s04_T3_test,128,15,128.5,0.7082455158233643,0.5777802213631948
UBFC_PHYS_s04_T3_test,128,16,128.53333333333333,0.6849169135093689,0.34580129753570155
UBFC_PHYS_s04_T3_test,128,17,128.56666666666666,0.6218498349189758,0.12415705573457629
UBFC_PHYS_s04_T3_test,128,18,128.6,0.5231953859329224,-0.09390345617020115
UBFC_PHYS_s04_T3_test,128,19,128.63333333333333,0.3952096700668335,-0.31839474317327165
UBFC_PHYS_s04_T3_test,128,20,128.66666666666666,0.23626531660556793,-0.5553048302847038
UBFC_PHYS_s04_T3_test,128,21,128.7,0.039083126932382584,-0.8016442774524477
UBFC_PHYS_s04_T3_test,128,22,128.73333333333332,-0.18362019956111908,-1.0438210177258564
UBFC_PHYS_s04_T3_test,128,23,128.76666666666668,-0.4125600755214691,-1.259048450784672
UBFC_PHYS_s04_T3_test,128,24,128.8,-0.674485445022583,-1.4189433303600973
UBFC_PHYS_s04_T3_test,128,25,128.83333333333334,-1.0175737142562866,-1.4944916477130983
UBFC_PHYS_s04_T3_test,128,26,128.86666666666667,-1.3838443756103516,-1.4616515664951115
UBFC_PHYS_s04_T3_test,128,27,128.9,-1.580120325088501,-1.3067767068185903
UBFC_PHYS_s04_T3_test,128,28,128.93333333333334,-1.4468822479248047,-1.0308720358347538
UBFC_PHYS_s04_T3_test,128,29,128.96666666666667,-1.0204970836639404,-0.6517811068036516
UBFC_PHYS_s04_T3_test,128,30,129.0,-0.493411123752594,-0.2038105239669082
UBFC_PHYS_s04_T3_test,128,31,129.03333333333333,-0.052194640040397644,0.26560657993029707
UBFC_PHYS_s04_T3_test,128,32,129.06666666666666,0.2527726888656616,0.7028608928864034
UBFC_PHYS_s04_T3_test,128,33,129.1,0.45803317427635193,1.0584330091016498
UBFC_PHYS_s04_T3_test,128,34,129.13333333333333,0.593025267124176,1.297518102072581
UBFC_PHYS_s04_T3_test,128,35,129.16666666666666,0.6755523681640625,1.406452026839707
UBFC_PHYS_s04_T3_test,128,36,129.2,0.7414259314537048,1.3922283546116936
UBFC_PHYS_s04_T3_test,128,37,129.23333333333332,0.8042396903038025,1.2761245188844854
UBFC_PHYS_s04_T3_test,128,38,129.26666666666668,0.8226277828216553,1.0850728459553327
UBFC_PHYS_s04_T3_test,128,39,129.3,0.7766234874725342,0.8445710291479902
UBFC_PHYS_s04_T3_test,128,40,129.33333333333334,0.7004011273384094,0.5750589101935245
UBFC_PHYS_s04_T3_test,128,41,129.36666666666667,0.6060733199119568,0.29146790843783243
UBFC_PHYS_s04_T3_test,128,42,129.4,0.4936399757862091,0.004573834568258553
UBFC_PHYS_s04_T3_test,128,43,129.43333333333334,0.4062308073043823,-0.27710248749125754
UBFC_PHYS_s04_T3_test,128,44,129.46666666666667,0.3577806055545807,-0.5455045156670578
UBFC_PHYS_s04_T3_test,128,45,129.5,0.26462215185165405,-0.7914163356263605
UBFC_PHYS_s04_T3_test,128,46,129.53333333333333,0.04713217541575432,-1.002792127113363
UBFC_PHYS_s04_T3_test,128,47,129.56666666666666,-0.21025222539901733,-1.1632234382932773
UBFC_PHYS_s04_T3_test,128,48,129.6,-0.29348093271255493,-1.2516365207565614
UBFC_PHYS_s04_T3_test,128,49,129.63333333333333,-0.04634787142276764,-1.244754094296867
UBFC_PHYS_s04_T3_test,128,50,129.66666666666666,0.45815011858940125,-1.1229985500455983
UBFC_PHYS_s04_T3_test,128,51,129.7,1.0105818510055542,-0.8785955090108752
UBFC_PHYS_s04_T3_test,128,52,129.73333333333332,1.4841796159744263,-0.5227460316212339
UBFC_PHYS_s04_T3_test,128,53,129.76666666666668,1.8342353105545044,-0.08824789155204138
UBFC_PHYS_s04_T3_test,128,54,129.8,1.9789817333221436,0.3744588837246974
UBFC_PHYS_s04_T3_test,128,55,129.83333333333334,1.8709237575531006,0.806958666336609
UBFC_PHYS_s04_T3_test,128,56,129.86666666666667,1.5908149480819702,1.1548139737700078
UBFC_PHYS_s04_T3_test,128,57,129.9,1.259332537651062,1.3776617521657082
UBFC_PHYS_s04_T3_test,128,58,129.93333333333334,0.9017247557640076,1.454817952110363
UBFC_PHYS_s04_T3_test,128,59,129.96666666666667,0.48066017031669617,1.38612415744041
UBFC_PHYS_s04_T3_test,128,60,130.0,0.02534322813153267,1.189301513356528
UBFC_PHYS_s04_T3_test,128,61,130.03333333333333,-0.36671167612075806,0.8952616667879516
UBFC_PHYS_s04_T3_test,128,62,130.06666666666666,-0.6669626235961914,0.5422139424903026
UBFC_PHYS_s04_T3_test,128,63,130.1,-0.9210143685340881,0.16907639850400139
UBFC_PHYS_s04_T3_test,128,64,130.13333333333333,-1.167816162109375,-0.19078717770346876
UBFC_PHYS_s04_T3_test,128,65,130.16666666666666,-1.4313298463821411,-0.5138454213685527
UBFC_PHYS_s04_T3_test,128,66,130.2,-1.677819848060608,-0.787254847520725
UBFC_PHYS_s04_T3_test,128,67,130.23333333333332,-1.740789532661438,-1.00600723335185
UBFC_PHYS_s04_T3_test,128,68,130.26666666666668,-1.4686614274978638,-1.167596486966458
UBFC_PHYS_s04_T3_test,128,69,130.3,-0.9700102806091309,-1.2665912899229
UBFC_PHYS_s04_T3_test,128,70,130.33333333333334,-0.4751887023448944,-1.2917336769799788
UBFC_PHYS_s04_T3_test,128,71,130.36666666666667,-0.054046113044023514,-1.2273197484267078
UBFC_PHYS_s04_T3_test,128,72,130.4,0.32829341292381287,-1.0589104113213945
UBFC_PHYS_s04_T3_test,128,73,130.43333333333334,0.6184684634208679,-0.7814755077579182
UBFC_PHYS_s04_T3_test,128,74,130.46666666666667,0.7321393489837646,-0.406696050011674
UBFC_PHYS_s04_T3_test,128,75,130.5,0.7203775644302368,0.03390661305924401
UBFC_PHYS_s04_T3_test,128,76,130.53333333333333,0.704230785369873,0.49188332015204433
UBFC_PHYS_s04_T3_test,128,77,130.56666666666666,0.7057411670684814,0.9104347241315323
UBFC_PHYS_s04_T3_test,128,78,130.6,0.7001477479934692,1.2362536238911517
UBFC_PHYS_s04_T3_test,128,79,130.63333333333333,0.7018336057662964,1.4309850752662394
UBFC_PHYS_s04_T3_test,128,80,130.66666666666666,0.710438072681427,1.4785449264289923
UBFC_PHYS_s04_T3_test,128,81,130.7,0.6982183456420898,1.3859788275239642
UBFC_PHYS_s04_T3_test,128,82,130.73333333333332,0.7080701589584351,1.1782420316212474
UBFC_PHYS_s04_T3_test,128,83,130.76666666666668,0.8543464541435242,0.8896429793123081
UBFC_PHYS_s04_T3_test,128,84,130.8,1.1963043212890625,0.5553134197012363
UBFC_PHYS_s04_T3_test,128,85,130.83333333333334,1.6842657327651978,0.2051407297405039
UBFC_PHYS_s04_T3_test,128,86,130.86666666666667,2.1153576374053955,-0.1388726499346655
UBFC_PHYS_s04_T3_test,128,87,130.9,2.094367742538452,-0.4621102167307398
UBFC_PHYS_s04_T3_test,128,88,130.93333333333334,1.3558138608932495,-0.7546867423784516
UBFC_PHYS_s04_T3_test,128,89,130.96666666666667,0.19489945471286774,-1.0078229219544872
UBFC_PHYS_s04_T3_test,128,90,131.0,-0.7475993037223816,-1.2103973182044307
UBFC_PHYS_s04_T3_test,128,91,131.03333333333333,-1.1362825632095337,-1.3467505779795053
UBFC_PHYS_s04_T3_test,128,92,131.06666666666666,-1.1592798233032227,-1.3967371858436206
UBFC_PHYS_s04_T3_test,128,93,131.1,-1.0897520780563354,-1.338773265311119
UBFC_PHYS_s04_T3_test,128,94,131.13333333333333,-1.0588324069976807,-1.1559585591354997
UBFC_PHYS_s04_T3_test,128,95,131.16666666666666,-0.91437828540802,-0.8440700042906933
UBFC_PHYS_s04_T3_test,128,96,131.2,-0.24889934062957764,-0.41868726749536017
UBFC_PHYS_s04_T3_test,128,97,131.23333333333332,1.1091972589492798,0.08194161603071458
UBFC_PHYS_s04_T3_test,128,98,131.26666666666668,2.6930084228515625,0.6005731643834107
UBFC_PHYS_s04_T3_test,128,99,131.3,3.805891513824463,1.0709742926936034
UBFC_PHYS_s04_T3_test,128,100,131.33333333333334,4.218839168548584,1.4314066103028242
UBFC_PHYS_s04_T3_test,128,101,131.36666666666667,4.095832824707031,1.6371983308597955
UBFC_PHYS_s04_T3_test,128,102,131.4,3.6306638717651367,1.6683682699122553
UBFC_PHYS_s04_T3_test,128,103,131.43333333333334,2.9244329929351807,1.5303609832298457
UBFC_PHYS_s04_T3_test,128,104,131.46666666666667,1.9867092370986938,1.2487834895237273
UBFC_PHYS_s04_T3_test,128,105,131.5,0.7420105934143066,0.8610821293493196
UBFC_PHYS_s04_T3_test,128,106,131.53333333333333,-0.7393456101417542,0.4084163557105994
UBFC_PHYS_s04_T3_test,128,107,131.56666666666666,-2.039198637008667,-0.0699274805529217
UBFC_PHYS_s04_T3_test,128,108,131.6,-2.8319714069366455,-0.538508272841506
UBFC_PHYS_s04_T3_test,128,109,131.63333333333333,-3.2282652854919434,-0.9645067115068703
UBFC_PHYS_s04_T3_test,128,110,131.66666666666666,-3.4924612045288086,-1.3153001582062487
UBFC_PHYS_s04_T3_test,128,111,131.7,-3.6739935874938965,-1.5575596571239116
UBFC_PHYS_s04_T3_test,128,112,131.73333333333332,-3.6352782249450684,-1.659794427145194
UBFC_PHYS_s04_T3_test,128,113,131.76666666666668,-3.2195146083831787,-1.598502967053209
UBFC_PHYS_s04_T3_test,128,114,131.8,-2.371509313583374,-1.3663179438589488
UBFC_PHYS_s04_T3_test,128,115,131.83333333333334,-1.1359707117080688,-0.97916998787555
UBFC_PHYS_s04_T3_test,128,116,131.86666666666667,0.3718031048774719,-0.4788987451253727
UBFC_PHYS_s04_T3_test,128,117,131.9,1.8534516096115112,0.07132962835762928
UBFC_PHYS_s04_T3_test,128,118,131.93333333333334,2.911998987197876,0.598768650669861
UBFC_PHYS_s04_T3_test,128,119,131.96666666666667,3.359334945678711,1.0367380097232537
UBFC_PHYS_s04_T3_test,128,120,132.0,3.2624053955078125,1.3388376074386297
UBFC_PHYS_s04_T3_test,128,121,132.03333333333333,2.731158494949341,1.4866929151246244
UBFC_PHYS_s04_T3_test,128,122,132.06666666666666,1.9128743410110474,1.4888750141835865
UBFC_PHYS_s04_T3_test,128,123,132.1,0.9655909538269043,1.3722317179354635
UBFC_PHYS_s04_T3_test,128,124,132.13333333333333,-0.01345006749033928,1.169572678980207
UBFC_PHYS_s04_T3_test,128,125,132.16666666666666,-0.9454149007797241,0.9085666259694877
UBFC_PHYS_s04_T3_test,128,126,132.2,-1.7025223970413208,0.6057829744579031
UBFC_PHYS_s04_T3_test,128,127,132.23333333333332,-2.2717342376708984,0.26755771467499156
UBFC_PHYS_s04_T3_test,128,128,132.26666666666668,-2.7938992977142334,-0.10334872983119778
UBFC_PHYS_s04_T3_test,128,129,132.3,-3.2431161403656006,-0.4985308712764159
UBFC_PHYS_s04_T3_test,128,130,132.33333333333334,-3.4136273860931396,-0.8963026970205326
UBFC_PHYS_s04_T3_test,128,131,132.36666666666667,-3.259915828704834,-1.259151248656121
UBFC_PHYS_s04_T3_test,128,132,132.4,-2.873162031173706,-1.537872208255096
UBFC_PHYS_s04_T3_test,128,133,132.43333333333334,-2.2980740070343018,-1.6816543073248358
UBFC_PHYS_s04_T3_test,128,134,132.46666666666667,-1.6284244060516357,-1.6514615389037866
UBFC_PHYS_s04_T3_test,128,135,132.5,-1.026343822479248,-1.432829009310605
UBFC_PHYS_s04_T3_test,128,136,132.53333333333333,-0.5272443890571594,-1.0437905519527741
UBFC_PHYS_s04_T3_test,128,137,132.56666666666666,-0.008421848528087139,-0.5345227109888243
UBFC_PHYS_s04_T3_test,128,138,132.6,0.5910763144493103,0.02233219468458645
UBFC_PHYS_s04_T3_test,128,139,132.63333333333333,1.111341118812561,0.5482601600660711
UBFC_PHYS_s04_T3_test,128,140,132.66666666666666,1.242396354675293,0.976832689336103
UBFC_PHYS_s04_T3_test,128,141,132.7,0.874206006526947,1.266715099474646
UBFC_PHYS_s04_T3_test,128,142,132.73333333333332,0.26316043734550476,1.4059594127996797
UBFC_PHYS_s04_T3_test,128,143,132.76666666666668,-0.28266441822052,1.40780318500762
UBFC_PHYS_s04_T3_test,128,144,132.8,-0.6812677383422852,1.301088383028905
UBFC_PHYS_s04_T3_test,128,145,132.83333333333334,-0.9400066137313843,1.119284214454178
UBFC_PHYS_s04_T3_test,128,146,132.86666666666667,-1.0458428859710693,0.8913746179502474
UBFC_PHYS_s04_T3_test,128,147,132.9,-1.057828664779663,0.6365935570384991
UBFC_PHYS_s04_T3_test,128,148,132.93333333333334,-1.0523815155029297,0.36388701009185537
UBFC_PHYS_s04_T3_test,128,149,132.96666666666667,-0.9963889122009277,0.07578534401527509
UBFC_PHYS_s04_T3_test,128,150,133.0,-0.8556182980537415,-0.22514701976401544
UBFC_PHYS_s04_T3_test,128,151,133.03333333333333,-0.7246702313423157,-0.5301305261352125
UBFC_PHYS_s04_T3_test,128,152,133.06666666666666,-0.6596639156341553,-0.8207915111321229
UBFC_PHYS_s04_T3_test,128,153,133.1,-0.5743303894996643,-1.0697830571653912
UBFC_PHYS_s04_T3_test,128,154,133.13333333333333,-0.41104966402053833,-1.2450905862852073
UBFC_PHYS_s04_T3_test,128,155,133.16666666666666,-0.21646928787231445,-1.3166588933309162
UBFC_PHYS_s04_T3_test,128,156,133.2,-0.03721717372536659,-1.263620234607972
UBFC_PHYS_s04_T3_test,128,157,133.23333333333332,0.12437770515680313,-1.080508700204335
UBFC_PHYS_s04_T3_test,128,158,133.26666666666668,0.2558324933052063,-0.7810539882856786
UBFC_PHYS_s04_T3_test,128,159,133.3,0.3176230788230896,-0.3983015970431654
UBFC_PHYS_s04_T3_test,128,160,133.33333333333334,0.29424574971199036,0.019869104166025005
UBFC_PHYS_s04_T3_test,128,161,133.36666666666667,0.21620117127895355,0.4196842638206164
UBFC_PHYS_s04_T3_test,128,162,133.4,0.12137636542320251,0.7528442923937416
UBFC_PHYS_s04_T3_test,128,163,133.43333333333334,0.012100301682949066,0.9867327617663618
UBFC_PHYS_s04_T3_test,128,164,133.46666666666667,-0.12780307233333588,1.1098720140524263
UBFC_PHYS_s04_T3_test,128,165,133.5,-0.2754729092121124,1.1307305440590076
UBFC_PHYS_s04_T3_test,128,166,133.53333333333333,-0.3662731945514679,1.0706146420739449
UBFC_PHYS_s04_T3_test,128,167,133.56666666666666,-0.3797694742679596,0.9537025169278786
UBFC_PHYS_s04_T3_test,128,168,133.6,-0.3572106957435608,0.7982408490095546
UBFC_PHYS_s04_T3_test,128,169,133.63333333333333,-0.34498119354248047,0.612197545996527
UBFC_PHYS_s04_T3_test,128,170,133.66666666666666,-0.35513508319854736,0.3946438309367217
UBFC_PHYS_s04_T3_test,128,171,133.7,-0.3478851020336151,0.14172643743723967
UBFC_PHYS_s04_T3_test,128,172,133.73333333333332,-0.23373673856258392,-0.1456933502668008
UBFC_PHYS_s04_T3_test,128,173,133.76666666666668,0.0295918770134449,-0.45608280148828056
UBFC_PHYS_s04_T3_test,128,174,133.8,0.3378821313381195,-0.765292788729593
UBFC_PHYS_s04_T3_test,128,175,133.83333333333334,0.563635528087616,-1.0392131169453718
UBFC_PHYS_s04_T3_test,128,176,133.86666666666667,0.6901790499687195,-1.2400553829061518
UBFC_PHYS_s04_T3_test,128,177,133.9,0.7328019738197327,-1.3343534898211162
UBFC_PHYS_s04_T3_test,128,178,133.93333333333334,0.6655154228210449,-1.3005195411342392
UBFC_PHYS_s04_T3_test,128,179,133.96666666666667,0.4975768029689789,-1.1341131002900238
UBFC_PHYS_s04_T3_test,128,180,134.0,0.2944406569004059,-0.8496780933713369
UBFC_PHYS_s04_T3_test,128,181,134.03333333333333,0.08161835372447968,-0.4788554609983221
UBFC_PHYS_s04_T3_test,128,182,134.06666666666666,-0.16860376298427582,-0.06528466266295303
UBFC_PHYS_s04_T3_test,128,183,134.1,-0.4525129795074463,0.34262597586844395
UBFC_PHYS_s04_T3_test,128,184,134.13333333333333,-0.7010882496833801,0.6996990403987514
UBFC_PHYS_s04_T3_test,128,185,134.16666666666666,-0.8353008031845093,0.9712312412689089
UBFC_PHYS_s04_T3_test,128,186,134.2,-0.833926796913147,1.1378542921625703
UBFC_PHYS_s04_T3_test,128,187,134.23333333333332,-0.7377474904060364,1.1966836107617145
UBFC_PHYS_s04_T3_test,128,188,134.26666666666668,-0.6136596202850342,1.158387118480035
UBFC_PHYS_s04_T3_test,128,189,134.3,-0.5171197652816772,1.0411947963753883
UBFC_PHYS_s04_T3_test,128,190,134.33333333333334,-0.4494629204273224,0.8640951187857369
UBFC_PHYS_s04_T3_test,128,191,134.36666666666667,-0.38384270668029785,0.6418896156137489
UBFC_PHYS_s04_T3_test,128,192,134.4,-0.3376240134239197,0.38404430777067194
UBFC_PHYS_s04_T3_test,128,193,134.43333333333334,-0.35025304555892944,0.0975826449067087
UBFC_PHYS_s04_T3_test,128,194,134.46666666666667,-0.3759301006793976,-0.2076737198474452
UBFC_PHYS_s04_T3_test,128,195,134.5,-0.2934516966342926,-0.5143533697922086
UBFC_PHYS_s04_T3_test,128,196,134.53333333333333,-0.05687205120921135,-0.7958244151160048
UBFC_PHYS_s04_T3_test,128,197,134.56666666666666,0.2308862954378128,-1.0187348826113718
UBFC_PHYS_s04_T3_test,128,198,134.6,0.46575090289115906,-1.1493894198266077
UBFC_PHYS_s04_T3_test,128,199,134.63333333333333,0.6270729303359985,-1.1621120152568403
UBFC_PHYS_s04_T3_test,128,200,134.66666666666666,0.735774040222168,-1.0468456956632262
UBFC_PHYS_s04_T3_test,128,201,134.7,0.7836688160896301,-0.813317306111069
UBFC_PHYS_s04_T3_test,128,202,134.73333333333332,0.727257251739502,-0.49027637858715417
UBFC_PHYS_s04_T3_test,128,203,134.76666666666668,0.5673774480819702,-0.1200659073621918
UBFC_PHYS_s04_T3_test,128,204,134.8,0.37743550539016724,0.24972027242666736
UBFC_PHYS_s04_T3_test,128,205,134.83333333333334,0.1847650557756424,0.5751331844141966
UBFC_PHYS_s04_T3_test,128,206,134.86666666666667,-0.03473229706287384,0.82332223841809
UBFC_PHYS_s04_T3_test,128,207,134.9,-0.24831466376781464,0.9772232198817504
UBFC_PHYS_s04_T3_test,128,208,134.93333333333334,-0.410932719707489,1.0365885406778976
UBFC_PHYS_s04_T3_test,128,209,134.96666666666667,-0.5579886436462402,1.0149821846487495
UBFC_PHYS_s04_T3_test,128,210,135.0,-0.7154420614242554,0.9333957905463771
UBFC_PHYS_s04_T3_test,128,211,135.03333333333333,-0.8115239143371582,0.8124103240760562
UBFC_PHYS_s04_T3_test,128,212,135.06666666666666,-0.8001519441604614,0.6656162553573297
UBFC_PHYS_s04_T3_test,128,213,135.1,-0.7293866276741028,0.4966718499265267
UBFC_PHYS_s04_T3_test,128,214,135.13333333333333,-0.6584848165512085,0.30087661694993534
UBFC_PHYS_s04_T3_test,128,215,135.16666666666666,-0.6068384051322937,0.0703496568825283
UBFC_PHYS_s04_T3_test,128,216,135.2,-0.5805279612541199,-0.19921502552097545
UBFC_PHYS_s04_T3_test,128,217,135.23333333333332,-0.5843478441238403,-0.5025333233219708
UBFC_PHYS_s04_T3_test,128,218,135.26666666666668,-0.624018132686615,-0.8214563894301175
UBFC_PHYS_s04_T3_test,128,219,135.3,-0.6996850371360779,-1.1255981080964914
UBFC_PHYS_s04_T3_test,128,220,135.33333333333334,-0.7604134678840637,-1.3768207480278143
UBFC_PHYS_s04_T3_test,128,221,135.36666666666667,-0.7107841372489929,-1.5364275422156377
UBFC_PHYS_s04_T3_test,128,222,135.4,-0.5003687739372253,-1.5733110214316703
UBFC_PHYS_s04_T3_test,128,223,135.43333333333334,-0.17360274493694305,-1.4712214472943321
UBFC_PHYS_s04_T3_test,128,224,135.46666666666667,0.17090821266174316,-1.233518161064241
UBFC_PHYS_s04_T3_test,128,225,135.5,0.4463104009628296,-0.8840007740396503
UBFC_PHYS_s04_T3_test,128,226,135.53333333333333,0.6202906966209412,-0.46286690898835126
UBFC_PHYS_s04_T3_test,128,227,135.56666666666666,0.7265751361846924,-0.018318965960207288
UBFC_PHYS_s04_T3_test,128,228,135.6,0.7942222356796265,0.40329941917639195
UBFC_PHYS_s04_T3_test,128,229,135.63333333333333,0.8066368699073792,0.765001824061479
UBFC_PHYS_s04_T3_test,128,230,135.66666666666666,0.7228624224662781,1.042383731005695
UBFC_PHYS_s04_T3_test,128,231,135.7,0.5191318988800049,1.2234619605927841
UBFC_PHYS_s04_T3_test,128,232,135.73333333333332,0.2305939644575119,1.30708932943801
UBFC_PHYS_s04_T3_test,128,233,135.76666666666668,-0.023642929270863533,1.3011857769880124
UBFC_PHYS_s04_T3_test,128,234,135.8,-0.12667270004749298,1.2208322008509667
UBFC_PHYS_s04_T3_test,128,235,135.83333333333334,-0.10937601327896118,1.0856114598236735
UBFC_PHYS_s04_T3_test,128,236,135.86666666666667,-0.10842104256153107,0.9158449950598725
UBFC_PHYS_s04_T3_test,128,237,135.9,-0.19847099483013153,0.7283019764471732
UBFC_PHYS_s04_T3_test,128,238,135.93333333333334,-0.32973089814186096,0.5328866832316784
UBFC_PHYS_s04_T3_test,128,239,135.96666666666667,-0.4296618700027466,0.3320675787429497
UBFC_PHYS_s04_T3_test,129,0,129.0,-0.493411123752594,0.18534156690205109
UBFC_PHYS_s04_T3_test,129,1,129.03333333333333,-0.052194640040397644,0.2437444182419191
UBFC_PHYS_s04_T3_test,129,2,129.06666666666666,0.2527726888656616,0.31712743920271824
UBFC_PHYS_s04_T3_test,129,3,129.1,0.45803317427635193,0.4160517272657822
UBFC_PHYS_s04_T3_test,129,4,129.13333333333333,0.593025267124176,0.538962941250673
UBFC_PHYS_s04_T3_test,129,5,129.16666666666666,0.6755523681640625,0.672217556913563
UBFC_PHYS_s04_T3_test,129,6,129.2,0.7414259314537048,0.7944431163146495
UBFC_PHYS_s04_T3_test,129,7,129.23333333333332,0.8042396903038025,0.8834019314193126
UBFC_PHYS_s04_T3_test,129,8,129.26666666666668,0.8226277828216553,0.922460664800364
UBFC_PHYS_s04_T3_test,129,9,129.3,0.7766234874725342,0.9040417322248072
UBFC_PHYS_s04_T3_test,129,10,129.33333333333334,0.7004011273384094,0.8291381039710364
UBFC_PHYS_s04_T3_test,129,11,129.36666666666667,0.6060733199119568,0.7039516708694349
UBFC_PHYS_s04_T3_test,129,12,129.4,0.4936399757862091,0.5357347591202759
UBFC_PHYS_s04_T3_test,129,13,129.43333333333334,0.4062308073043823,0.3298529272201897
UBFC_PHYS_s04_T3_test,129,14,129.46666666666667,0.3577806055545807,0.08937242709437916
UBFC_PHYS_s04_T3_test,129,15,129.5,0.26462215185165405,-0.18264724698380377
UBFC_PHYS_s04_T3_test,129,16,129.53333333333333,0.04713217541575432,-0.47921285487895715
UBFC_PHYS_s04_T3_test,129,17,129.56666666666666,-0.21025222539901733,-0.7856228969143884
UBFC_PHYS_s04_T3_test,129,18,129.6,-0.29348093271255493,-1.077578739132324
UBFC_PHYS_s04_T3_test,129,19,129.63333333333333,-0.04634787142276764,-1.32227229671189
UBFC_PHYS_s04_T3_test,129,20,129.66666666666666,0.45815011858940125,-1.4828090796740643
UBFC_PHYS_s04_T3_test,129,21,129.7,1.0105818510055542,-1.5254649523574133
UBFC_PHYS_s04_T3_test,129,22,129.73333333333332,1.4841796159744263,-1.4282403691721295
UBFC_PHYS_s04_T3_test,129,23,129.76666666666668,1.8342353105545044,-1.188360626520929
UBFC_PHYS_s04_T3_test,129,24,129.8,1.9789817333221436,-0.8262254183750117
UBFC_PHYS_s04_T3_test,129,25,129.83333333333334,1.8709237575531006,-0.38389970803738155
UBFC_PHYS_s04_T3_test,129,26,129.86666666666667,1.5908149480819702,0.08248580575042977
UBFC_PHYS_s04_T3_test,129,27,129.9,1.259332537651062,0.5150027390237475
UBFC_PHYS_s04_T3_test,129,28,129.93333333333334,0.9017247557640076,0.8671018307882411
UBFC_PHYS_s04_T3_test,129,29,129.96666666666667,0.48066017031669617,1.1128849008041701
UBFC_PHYS_s04_T3_test,129,30,130.0,0.02534322813153267,1.2490616121496276
UBFC_PHYS_s04_T3_test,129,31,130.03333333333333,-0.36671167612075806,1.289406561490938
UBFC_PHYS_s04_T3_test,129,32,130.06666666666666,-0.6669626235961914,1.2548132080357812
UBFC_PHYS_s04_T3_test,129,33,130.1,-0.9210143685340881,1.1635472758123135
UBFC_PHYS_s04_T3_test,129,34,130.13333333333333,-1.167816162109375,1.0253188002358904
UBFC_PHYS_s04_T3_test,129,35,130.16666666666666,-1.4313298463821411,0.8405031563035907
UBFC_PHYS_s04_T3_test,129,36,130.2,-1.677819848060608,0.6038906863932013
UBFC_PHYS_s04_T3_test,129,37,130.23333333333332,-1.740789532661438,0.31130362816822993
UBFC_PHYS_s04_T3_test,129,38,130.26666666666668,-1.4686614274978638,-0.03296005742938227
UBFC_PHYS_s04_T3_test,129,39,130.3,-0.9700102806091309,-0.41009084780470206
UBFC_PHYS_s04_T3_test,129,40,130.33333333333334,-0.4751887023448944,-0.7845012849345601
UBFC_PHYS_s04_T3_test,129,41,130.36666666666667,-0.054046113044023514,-1.1071359292663412
UBFC_PHYS_s04_T3_test,129,42,130.4,0.32829341292381287,-1.3244837001794953
UBFC_PHYS_s04_T3_test,129,43,130.43333333333334,0.6184684634208679,-1.3912253745595302
UBFC_PHYS_s04_T3_test,129,44,130.46666666666667,0.7321393489837646,-1.2828224034897107
UBFC_PHYS_s04_T3_test,129,45,130.5,0.7203775644302368,-1.0040499568867407
UBFC_PHYS_s04_T3_test,129,46,130.53333333333333,0.704230785369873,-0.5906470867030408
UBFC_PHYS_s04_T3_test,129,47,130.56666666666666,0.7057411670684814,-0.10332500371372479
UBFC_PHYS_s04_T3_test,129,48,130.6,0.7001477479934692,0.38447329083951975
UBFC_PHYS_s04_T3_test,129,49,130.63333333333333,0.7018336057662964,0.8019791506415518
UBFC_PHYS_s04_T3_test,129,50,130.66666666666666,0.710438072681427,1.095660768080827
UBFC_PHYS_s04_T3_test,129,51,130.7,0.6982183456420898,1.2389192697546385
UBFC_PHYS_s04_T3_test,129,52,130.73333333333332,0.7080701589584351,1.2339889095219656
UBFC_PHYS_s04_T3_test,129,53,130.76666666666668,0.8543464541435242,1.1056027866610523
UBFC_PHYS_s04_T3_test,129,54,130.8,1.1963043212890625,0.8893243157249002
UBFC_PHYS_s04_T3_test,129,55,130.83333333333334,1.6842657327651978,0.6195877996365593
UBFC_PHYS_s04_T3_test,129,56,130.86666666666667,2.1153576374053955,0.3218815578785865
UBFC_PHYS_s04_T3_test,129,57,130.9,2.094367742538452,0.010931812551011173
UBFC_PHYS_s04_T3_test,129,58,130.93333333333334,1.3558138608932495,-0.30597997825650947
UBFC_PHYS_s04_T3_test,129,59,130.96666666666667,0.19489945471286774,-0.6231048696563578
UBFC_PHYS_s04_T3_test,129,60,131.0,-0.7475993037223816,-0.930499651724032
UBFC_PHYS_s04_T3_test,129,61,131.03333333333333,-1.1362825632095337,-1.210423605986361
UBFC_PHYS_s04_T3_test,129,62,131.06666666666666,-1.1592798233032227,-1.4366182201625481
UBFC_PHYS_s04_T3_test,129,63,131.1,-1.0897520780563354,-1.576458543226819
UBFC_PHYS_s04_T3_test,129,64,131.13333333333333,-1.0588324069976807,-1.5958248525682066
UBFC_PHYS_s04_T3_test,129,65,131.16666666666666,-0.91437828540802,-1.4664559401486204
UBFC_PHYS_s04_T3_test,129,66,131.2,-0.24889934062957764,-1.1748485511814062
UBFC_PHYS_s04_T3_test,129,67,131.23333333333332,1.1091972589492798,-0.7304698695984294
UBFC_PHYS_s04_T3_test,129,68,131.26666666666668,2.6930084228515625,-0.16995007148923952
UBFC_PHYS_s04_T3_test,129,69,131.3,3.805891513824463,0.4456349283938993
UBFC_PHYS_s04_T3_test,129,70,131.33333333333334,4.218839168548584,1.0407762230907205
UBFC_PHYS_s04_T3_test,129,71,131.36666666666667,4.095832824707031,1.5400799412200399
UBFC_PHYS_s04_T3_test,129,72,131.4,3.6306638717651367,1.8827298094899365
UBFC_PHYS_s04_T3_test,129,73,131.43333333333334,2.9244329929351807,2.03247092979643
UBFC_PHYS_s04_T3_test,129,74,131.46666666666667,1.9867092370986938,1.9807412039404533
UBFC_PHYS_s04_T3_test,129,75,131.5,0.7420105934143066,1.7433645538768492
UBFC_PHYS_s04_T3_test,129,76,131.53333333333333,-0.7393456101417542,1.3534941996646075
UBFC_PHYS_s04_T3_test,129,77,131.56666666666666,-2.039198637008667,0.8542314733420601
UBFC_PHYS_s04_T3_test,129,78,131.6,-2.8319714069366455,0.29332855932140584
UBFC_PHYS_s04_T3_test,129,79,131.63333333333333,-3.2282652854919434,-0.2795089579605336
UBFC_PHYS_s04_T3_test,129,80,131.66666666666666,-3.4924612045288086,-0.813805823404076
UBFC_PHYS_s04_T3_test,129,81,131.7,-3.6739935874938965,-1.2597906422947989
UBFC_PHYS_s04_T3_test,129,82,131.73333333333332,-3.6352782249450684,-1.5717128980647126
UBFC_PHYS_s04_T3_test,129,83,131.76666666666668,-3.2195146083831787,-1.713530811238554
UBFC_PHYS_s04_T3_test,129,84,131.8,-2.371509313583374,-1.6660732000450698
UBFC_PHYS_s04_T3_test,129,85,131.83333333333334,-1.1359707117080688,-1.4334226727633443
UBFC_PHYS_s04_T3_test,129,86,131.86666666666667,0.3718031048774719,-1.0455842455705937
UBFC_PHYS_s04_T3_test,129,87,131.9,1.8534516096115112,-0.555199525651292
UBFC_PHYS_s04_T3_test,129,88,131.93333333333334,2.911998987197876,-0.028224071643924112
UBFC_PHYS_s04_T3_test,129,89,131.96666666666667,3.359334945678711,0.46898972618180423
UBFC_PHYS_s04_T3_test,129,90,132.0,3.2624053955078125,0.8822295864087937
UBFC_PHYS_s04_T3_test,129,91,132.03333333333333,2.731158494949341,1.1776759615573247
UBFC_PHYS_s04_T3_test,129,92,132.06666666666666,1.9128743410110474,1.3435409297734593
UBFC_PHYS_s04_T3_test,129,93,132.1,0.9655909538269043,1.3852655476277753
UBFC_PHYS_s04_T3_test,129,94,132.13333333333333,-0.01345006749033928,1.3169389267670633
UBFC_PHYS_s04_T3_test,129,95,132.16666666666666,-0.9454149007797241,1.1529868358173112
UBFC_PHYS_s04_T3_test,129,96,132.2,-1.7025223970413208,0.9037667655124422
UBFC_PHYS_s04_T3_test,129,97,132.23333333333332,-2.2717342376708984,0.5766942391004363
UBFC_PHYS_s04_T3_test,129,98,132.26666666666668,-2.7938992977142334,0.18182888870506878
UBFC_PHYS_s04_T3_test,129,99,132.3,-3.2431161403656006,-0.26125230449182923
UBFC_PHYS_s04_T3_test,129,100,132.33333333333334,-3.4136273860931396,-0.7190092154698009
UBFC_PHYS_s04_T3_test,129,101,132.36666666666667,-3.259915828704834,-1.144545095581992
UBFC_PHYS_s04_T3_test,129,102,132.4,-2.873162031173706,-1.4838165184826395
UBFC_PHYS_s04_T3_test,129,103,132.43333333333334,-2.2980740070343018,-1.6859401951738058
UBFC_PHYS_s04_T3_test,129,104,132.46666666666667,-1.6284244060516357,-1.7148143254888717
UBFC_PHYS_s04_T3_test,129,105,132.5,-1.026343822479248,-1.5588471130134331
UBFC_PHYS_s04_T3_test,129,106,132.53333333333333,-0.5272443890571594,-1.2358317144499156
UBFC_PHYS_s04_T3_test,129,107,132.56666666666666,-0.008421848528087139,-0.7909764395671253
UBFC_PHYS_s04_T3_test,129,108,132.6,0.5910763144493103,-0.287860530761139
UBFC_PHYS_s04_T3_test,129,109,132.63333333333333,1.111341118812561,0.20558501560296868
UBFC_PHYS_s04_T3_test,129,110,132.66666666666666,1.242396354675293,0.6318248843786163
UBFC_PHYS_s04_T3_test,129,111,132.7,0.874206006526947,0.9542698708209074
UBFC_PHYS_s04_T3_test,129,112,132.73333333333332,0.26316043734550476,1.1602688570631614
UBFC_PHYS_s04_T3_test,129,113,132.76666666666668,-0.28266441822052,1.2562962488971374
UBFC_PHYS_s04_T3_test,129,114,132.8,-0.6812677383422852,1.2582425892634574
UBFC_PHYS_s04_T3_test,129,115,132.83333333333334,-0.9400066137313843,1.1814739291206882
UBFC_PHYS_s04_T3_test,129,116,132.86666666666667,-1.0458428859710693,1.0349314397604348
UBFC_PHYS_s04_T3_test,129,117,132.9,-1.057828664779663,0.8213158795714177
UBFC_PHYS_s04_T3_test,129,118,132.93333333333334,-1.0523815155029297,0.5424556731020136
UBFC_PHYS_s04_T3_test,129,119,132.96666666666667,-0.9963889122009277,0.20670821390787547
UBFC_PHYS_s04_T3_test,129,120,133.0,-0.8556182980537415,-0.16532708644205257
UBFC_PHYS_s04_T3_test,129,121,133.03333333333333,-0.7246702313423157,-0.5394329539500299
UBFC_PHYS_s04_T3_test,129,122,133.06666666666666,-0.6596639156341553,-0.871443913878964
UBFC_PHYS_s04_T3_test,129,123,133.1,-0.5743303894996643,-1.1148963505717209
UBFC_PHYS_s04_T3_test,129,124,133.13333333333333,-0.41104966402053833,-1.2306186836596984
UBFC_PHYS_s04_T3_test,129,125,133.16666666666666,-0.21646928787231445,-1.195806842131058
UBFC_PHYS_s04_T3_test,129,126,133.2,-0.03721717372536659,-1.0100130139050896
UBFC_PHYS_s04_T3_test,129,127,133.23333333333332,0.12437770515680313,-0.6961546766314947
UBFC_PHYS_s04_T3_test,129,128,133.26666666666668,0.2558324933052063,-0.2963476614569472
UBFC_PHYS_s04_T3_test,129,129,133.3,0.3176230788230896,0.13596236982628682
UBFC_PHYS_s04_T3_test,129,130,133.33333333333334,0.29424574971199036,0.5454846233025571
UBFC_PHYS_s04_T3_test,129,131,133.36666666666667,0.21620117127895355,0.8842984728807562
UBFC_PHYS_s04_T3_test,129,132,133.4,0.12137636542320251,1.1192016212247287
UBFC_PHYS_s04_T3_test,129,133,133.43333333333334,0.012100301682949066,1.2357369676823495
UBFC_PHYS_s04_T3_test,129,134,133.46666666666667,-0.12780307233333588,1.2377550366431005
UBFC_PHYS_s04_T3_test,129,135,133.5,-0.2754729092121124,1.142473065935937
UBFC_PHYS_s04_T3_test,129,136,133.53333333333333,-0.3662731945514679,0.9728832554724927
UBFC_PHYS_s04_T3_test,129,137,133.56666666666666,-0.3797694742679596,0.7507041786120878
UBFC_PHYS_s04_T3_test,129,138,133.6,-0.3572106957435608,0.49261505265203953
UBFC_PHYS_s04_T3_test,129,139,133.63333333333333,-0.34498119354248047,0.21054708423427299
UBFC_PHYS_s04_T3_test,129,140,133.66666666666666,-0.35513508319854736,-0.0853753914975776
UBFC_PHYS_s04_T3_test,129,141,133.7,-0.3478851020336151,-0.38362953754413864
UBFC_PHYS_s04_T3_test,129,142,133.73333333333332,-0.23373673856258392,-0.6694835757474469
UBFC_PHYS_s04_T3_test,129,143,133.76666666666668,0.0295918770134449,-0.9249106824617118
UBFC_PHYS_s04_T3_test,129,144,133.8,0.3378821313381195,-1.1298921232259622
UBFC_PHYS_s04_T3_test,129,145,133.83333333333334,0.563635528087616,-1.2647569071362588
UBFC_PHYS_s04_T3_test,129,146,133.86666666666667,0.6901790499687195,-1.3132290246361007
UBFC_PHYS_s04_T3_test,129,147,133.9,0.7328019738197327,-1.2656690031831626
UBFC_PHYS_s04_T3_test,129,148,133.93333333333334,0.6655154228210449,-1.1217162638466383
UBFC_PHYS_s04_T3_test,129,149,133.96666666666667,0.4975768029689789,-0.8914699462825042
UBFC_PHYS_s04_T3_test,129,150,134.0,0.2944406569004059,-0.5947039650543005
UBFC_PHYS_s04_T3_test,129,151,134.03333333333333,0.08161835372447968,-0.2582563116940749
UBFC_PHYS_s04_T3_test,129,152,134.06666666666666,-0.16860376298427582,0.08766553594716599
UBFC_PHYS_s04_T3_test,129,153,134.1,-0.4525129795074463,0.41324217808039077
UBFC_PHYS_s04_T3_test,129,154,134.13333333333333,-0.7010882496833801,0.6919862469083106
UBFC_PHYS_s04_T3_test,129,155,134.16666666666666,-0.8353008031845093,0.902411337628093
UBFC_PHYS_s04_T3_test,129,156,134.2,-0.833926796913147,1.0284726948619374
UBFC_PHYS_s04_T3_test,129,157,134.23333333333332,-0.7377474904060364,1.0594330170560076
UBFC_PHYS_s04_T3_test,129,158,134.26666666666668,-0.6136596202850342,0.9903009503747101
UBFC_PHYS_s04_T3_test,129,159,134.3,-0.5171197652816772,0.8236491938642373
UBFC_PHYS_s04_T3_test,129,160,134.33333333333334,-0.4494629204273224,0.572245597693404
UBFC_PHYS_s04_T3_test,129,161,134.36666666666667,-0.38384270668029785,0.2606992801628158
UBFC_PHYS_s04_T3_test,129,162,134.4,-0.3376240134239197,-0.07558113407725477
UBFC_PHYS_s04_T3_test,129,163,134.43333333333334,-0.35025304555892944,-0.3945914707485608
UBFC_PHYS_s04_T3_test,129,164,134.46666666666667,-0.3759301006793976,-0.6541643796026249
UBFC_PHYS_s04_T3_test,129,165,134.5,-0.2934516966342926,-0.818928262740769
UBFC_PHYS_s04_T3_test,129,166,134.53333333333333,-0.05687205120921135,-0.8662358223044747
UBFC_PHYS_s04_T3_test,129,167,134.56666666666666,0.2308862954378128,-0.7900958404644568
UBFC_PHYS_s04_T3_test,129,168,134.6,0.46575090289115906,-0.6025830084879219
UBFC_PHYS_s04_T3_test,129,169,134.63333333333333,0.6270729303359985,-0.3323956248697709
UBFC_PHYS_s04_T3_test,129,170,134.66666666666666,0.735774040222168,-0.020436950844889896
UBFC_PHYS_s04_T3_test,129,171,134.7,0.7836688160896301,0.2871856153738358
UBFC_PHYS_s04_T3_test,129,172,134.73333333333332,0.727257251739502,0.54750347207414
UBFC_PHYS_s04_T3_test,129,173,134.76666666666668,0.5673774480819702,0.7284403871810359
UBFC_PHYS_s04_T3_test,129,174,134.8,0.37743550539016724,0.8140130309046154
UBFC_PHYS_s04_T3_test,129,175,134.83333333333334,0.1847650557756424,0.8056590170223865
UBFC_PHYS_s04_T3_test,129,176,134.86666666666667,-0.03473229706287384,0.7194259103906766
UBFC_PHYS_s04_T3_test,129,177,134.9,-0.24831466376781464,0.5799365372734585
UBFC_PHYS_s04_T3_test,129,178,134.93333333333334,-0.410932719707489,0.413041917979154
UBFC_PHYS_s04_T3_test,129,179,134.96666666666667,-0.5579886436462402,0.23951369772847922
UBFC_PHYS_s04_T3_test,129,180,135.0,-0.7154420614242554,0.07174807494824885
UBFC_PHYS_s04_T3_test,129,181,135.03333333333333,-0.8115239143371582,-0.08573687411498848
UBFC_PHYS_s04_T3_test,129,182,135.06666666666666,-0.8001519441604614,-0.23280252599838663
UBFC_PHYS_s04_T3_test,129,183,135.1,-0.7293866276741028,-0.3690830569387911
UBFC_PHYS_s04_T3_test,129,184,135.13333333333333,-0.6584848165512085,-0.49021962127221275
UBFC_PHYS_s04_T3_test,129,185,135.16666666666666,-0.6068384051322937,-0.5862189696976248
UBFC_PHYS_s04_T3_test,129,186,135.2,-0.5805279612541199,-0.6424328132577509
UBFC_PHYS_s04_T3_test,129,187,135.23333333333332,-0.5843478441238403,-0.6429302591719609
UBFC_PHYS_s04_T3_test,129,188,135.26666666666668,-0.624018132686615,-0.5753885572859123
UBFC_PHYS_s04_T3_test,129,189,135.3,-0.6996850371360779,-0.4362271131967289
UBFC_PHYS_s04_T3_test,129,190,135.33333333333334,-0.7604134678840637,-0.2346159873038086
UBFC_PHYS_s04_T3_test,129,191,135.36666666666667,-0.7107841372489929,0.006085653095720591
UBFC_PHYS_s04_T3_test,129,192,135.4,-0.5003687739372253,0.25091176710663704
UBFC_PHYS_s04_T3_test,129,193,135.43333333333334,-0.17360274493694305,0.46038819511456286
UBFC_PHYS_s04_T3_test,129,194,135.46666666666667,0.17090821266174316,0.6004364747617202
UBFC_PHYS_s04_T3_test,129,195,135.5,0.4463104009628296,0.6514462046168641
UBFC_PHYS_s04_T3_test,129,196,135.53333333333333,0.6202906966209412,0.6128909385159514
UBFC_PHYS_s04_T3_test,129,197,135.56666666666666,0.7265751361846924,0.5017760671262272
UBFC_PHYS_s04_T3_test,129,198,135.6,0.7942222356796265,0.34585501600313506
UBFC_PHYS_s04_T3_test,129,199,135.63333333333333,0.8066368699073792,0.1745745851958072
UBFC_PHYS_s04_T3_test,129,200,135.66666666666666,0.7228624224662781,0.011229463635265047
UBFC_PHYS_s04_T3_test,129,201,135.7,0.5191318988800049,-0.13110391408803634
UBFC_PHYS_s04_T3_test,129,202,135.73333333333332,0.2305939644575119,-0.2489865627099384
UBFC_PHYS_s04_T3_test,129,203,135.76666666666668,-0.023642929270863533,-0.3443510080485124
UBFC_PHYS_s04_T3_test,129,204,135.8,-0.12667270004749298,-0.4188742828686428
UBFC_PHYS_s04_T3_test,129,205,135.83333333333334,-0.10937601327896118,-0.46973201501874695
UBFC_PHYS_s04_T3_test,129,206,135.86666666666667,-0.10842104256153107,-0.4887867551435447
UBFC_PHYS_s04_T3_test,129,207,135.9,-0.19847099483013153,-0.4657568993243932
UBFC_PHYS_s04_T3_test,129,208,135.93333333333334,-0.32973089814186096,-0.3941629836553964
UBFC_PHYS_s04_T3_test,129,209,135.96666666666667,-0.4296618700027466,-0.27749204720167
UBFC_PHYS_s04_T3_test,129,210,136.0,-0.5033506155014038,-0.13260221604557573
UBFC_PHYS_s04_T3_test,129,211,136.03333333333333,-0.5962070226669312,0.011790465743157364
UBFC_PHYS_s04_T3_test,129,212,136.06666666666666,-0.7053661346435547,0.12181467251104988
UBFC_PHYS_s04_T3_test,129,213,136.1,-0.820976197719574,0.1684201956388917
UBFC_PHYS_s04_T3_test,129,214,136.13333333333333,-0.9876090288162231,0.13718689694523006
UBFC_PHYS_s04_T3_test,129,215,136.16666666666666,-1.2165586948394775,0.03435346824464347
UBFC_PHYS_s04_T3_test,129,216,136.2,-1.3927022218704224,-0.11326774704302323
UBFC_PHYS_s04_T3_test,129,217,136.23333333333332,-1.3672006130218506,-0.26475832733525984
UBFC_PHYS_s04_T3_test,129,218,136.26666666666668,-1.0987268686294556,-0.37620202845281475
UBFC_PHYS_s04_T3_test,129,219,136.3,-0.6720005869865417,-0.4131700487080711
UBFC_PHYS_s04_T3_test,129,220,136.33333333333334,-0.20511680841445923,-0.36061416970476345
UBFC_PHYS_s04_T3_test,129,221,136.36666666666667,0.2175654172897339,-0.2268326533587489
UBFC_PHYS_s04_T3_test,129,222,136.4,0.5543001890182495,-0.04023643183462683
UBFC_PHYS_s04_T3_test,129,223,136.43333333333334,0.7851012945175171,0.15976686381911576
UBFC_PHYS_s04_T3_test,129,224,136.46666666666667,0.9080197811126709,0.3344955861663152
UBFC_PHYS_s04_T3_test,129,225,136.5,0.9473782777786255,0.45633155758052174
UBFC_PHYS_s04_T3_test,129,226,136.53333333333333,0.9249169230461121,0.5143462525437575
UBFC_PHYS_s04_T3_test,129,227,136.56666666666666,0.8524755239486694,0.5137958437525088
UBFC_PHYS_s04_T3_test,129,228,136.6,0.7545519471168518,0.4705729358366304
UBFC_PHYS_s04_T3_test,129,229,136.63333333333333,0.6579341292381287,0.4035796239462172
UBFC_PHYS_s04_T3_test,129,230,136.66666666666666,0.5534036755561829,0.32829172566342085
UBFC_PHYS_s04_T3_test,129,231,136.7,0.42105236649513245,0.2536677124846086
UBFC_PHYS_s04_T3_test,129,232,136.73333333333332,0.277095228433609,0.18279256888859235
UBFC_PHYS_s04_T3_test,129,233,136.76666666666668,0.143905907869339,0.11600016632807472
UBFC_PHYS_s04_T3_test,129,234,136.8,-0.00020714155107270926,0.054296964677485085
UBFC_PHYS_s04_T3_test,129,235,136.83333333333334,-0.17778317630290985,0.0010987657356254623
UBFC_PHYS_s04_T3_test,129,236,136.86666666666667,-0.36504536867141724,-0.03851727381235245
UBFC_PHYS_s04_T3_test,129,237,136.9,-0.5313858389854431,-0.06038077477400561
UBFC_PHYS_s04_T3_test,129,238,136.93333333333334,-0.6871437430381775,-0.06401158094315325
UBFC_PHYS_s04_T3_test,129,239,136.96666666666667,-0.8845305442810059,-0.05389443700830758
UBFC_PHYS_s04_T3_test,130,0,130.0,0.02534322813153267,-0.16427941091106985
UBFC_PHYS_s04_T3_test,130,1,130.03333333333333,-0.36671167612075806,-0.26607472328186677
UBFC_PHYS_s04_T3_test,130,2,130.06666666666666,-0.6669626235961914,-0.37103592731743373
UBFC_PHYS_s04_T3_test,130,3,130.1,-0.9210143685340881,-0.48594740071488823
UBFC_PHYS_s04_T3_test,130,4,130.13333333333333,-1.167816162109375,-0.6156266339547789
UBFC_PHYS_s04_T3_test,130,5,130.16666666666666,-1.4313298463821411,-0.7610940716021771
UBFC_PHYS_s04_T3_test,130,6,130.2,-1.677819848060608,-0.9173685548999128
UBFC_PHYS_s04_T3_test,130,7,130.23333333333332,-1.740789532661438,-1.0717824123854447
UBFC_PHYS_s04_T3_test,130,8,130.26666666666668,-1.4686614274978638,-1.2035374607531852
UBFC_PHYS_s04_T3_test,130,9,130.3,-0.9700102806091309,-1.2849216431574197
UBFC_PHYS_s04_T3_test,130,10,130.33333333333334,-0.4751887023448944,-1.28478347423422
UBFC_PHYS_s04_T3_test,130,11,130.36666666666667,-0.054046113044023514,-1.1747386981168169
UBFC_PHYS_s04_T3_test,130,12,130.4,0.32829341292381287,-0.9374000167710872
UBFC_PHYS_s04_T3_test,130,13,130.43333333333334,0.6184684634208679,-0.574362577540376
UBFC_PHYS_s04_T3_test,130,14,130.46666666666667,0.7321393489837646,-0.11093160269340777
UBFC_PHYS_s04_T3_test,130,15,130.5,0.7203775644302368,0.4048473045658644
UBFC_PHYS_s04_T3_test,130,16,130.53333333333333,0.704230785369873,0.9095759361824971
UBFC_PHYS_s04_T3_test,130,17,130.56666666666666,0.7057411670684814,1.3368218262015834
UBFC_PHYS_s04_T3_test,130,18,130.6,0.7001477479934692,1.6310481048269272
UBFC_PHYS_s04_T3_test,130,19,130.63333333333333,0.7018336057662964,1.7591315434944195
UBFC_PHYS_s04_T3_test,130,20,130.66666666666666,0.710438072681427,1.7161722925078045
UBFC_PHYS_s04_T3_test,130,21,130.7,0.6982183456420898,1.5240855732561687
UBFC_PHYS_s04_T3_test,130,22,130.73333333333332,0.7080701589584351,1.223645124460606
UBFC_PHYS_s04_T3_test,130,23,130.76666666666668,0.8543464541435242,0.8626666815489386
UBFC_PHYS_s04_T3_test,130,24,130.8,1.1963043212890625,0.4842874893208634
UBFC_PHYS_s04_T3_test,130,25,130.83333333333334,1.6842657327651978,0.11907870675440362
UBFC_PHYS_s04_T3_test,130,26,130.86666666666667,2.1153576374053955,-0.21710617235955645
UBFC_PHYS_s04_T3_test,130,27,130.9,2.094367742538452,-0.5200061543088239
UBFC_PHYS_s04_T3_test,130,28,130.93333333333334,1.3558138608932495,-0.7906449846876904
UBFC_PHYS_s04_T3_test,130,29,130.96666666666667,0.19489945471286774,-1.0284847106087662
UBFC_PHYS_s04_T3_test,130,30,131.0,-0.7475993037223816,-1.2263635162271609
UBFC_PHYS_s04_T3_test,130,31,131.03333333333333,-1.1362825632095337,-1.3686267299521453
UBFC_PHYS_s04_T3_test,130,32,131.06666666666666,-1.1592798233032227,-1.4327409132944666
UBFC_PHYS_s04_T3_test,130,33,131.1,-1.0897520780563354,-1.393916800721244
UBFC_PHYS_s04_T3_test,130,34,131.13333333333333,-1.0588324069976807,-1.232014403813699
UBFC_PHYS_s04_T3_test,130,35,131.16666666666666,-0.91437828540802,-0.9396207193220879
UBFC_PHYS_s04_T3_test,130,36,131.2,-0.24889934062957764,-0.5292570924731247
UBFC_PHYS_s04_T3_test,130,37,131.23333333333332,1.1091972589492798,-0.036903567181312595
UBFC_PHYS_s04_T3_test,130,38,131.26666666666668,2.6930084228515625,0.48059353734444277
UBFC_PHYS_s04_T3_test,130,39,131.3,3.805891513824463,0.9549159058992969
UBFC_PHYS_s04_T3_test,130,40,131.33333333333334,4.218839168548584,1.3205612964042488
UBFC_PHYS_s04_T3_test,130,41,131.36666666666667,4.095832824707031,1.5296904733181307
UBFC_PHYS_s04_T3_test,130,42,131.4,3.6306638717651367,1.5622018225011478
UBFC_PHYS_s04_T3_test,130,43,131.43333333333334,2.9244329929351807,1.427260440551059
UBFC_PHYS_s04_T3_test,130,44,131.46666666666667,1.9867092370986938,1.1563844103148702
UBFC_PHYS_s04_T3_test,130,45,131.5,0.7420105934143066,0.792000427055475
UBFC_PHYS_s04_T3_test,130,46,131.53333333333333,-0.7393456101417542,0.376730735389172
UBFC_PHYS_s04_T3_test,130,47,131.56666666666666,-2.039198637008667,-0.05268806574791986
UBFC_PHYS_s04_T3_test,130,48,131.6,-2.8319714069366455,-0.4658175265202079
UBFC_PHYS_s04_T3_test,130,49,131.63333333333333,-3.2282652854919434,-0.8350723152920974
UBFC_PHYS_s04_T3_test,130,50,131.66666666666666,-3.4924612045288086,-1.131841274410729
UBFC_PHYS_s04_T3_test,130,51,131.7,-3.6739935874938965,-1.3254983342780802
UBFC_PHYS_s04_T3_test,130,52,131.73333333333332,-3.6352782249450684,-1.387048181370694
UBFC_PHYS_s04_T3_test,130,53,131.76666666666668,-3.2195146083831787,-1.2968184470063369
UBFC_PHYS_s04_T3_test,130,54,131.8,-2.371509313583374,-1.0534335918587485
UBFC_PHYS_s04_T3_test,130,55,131.83333333333334,-1.1359707117080688,-0.6800628725170613
UBFC_PHYS_s04_T3_test,130,56,131.86666666666667,0.3718031048774719,-0.22421950340052724
UBFC_PHYS_s04_T3_test,130,57,131.9,1.8534516096115112,0.2504519067965725
UBFC_PHYS_s04_T3_test,130,58,131.93333333333334,2.911998987197876,0.6784519896764178
UBFC_PHYS_s04_T3_test,130,59,131.96666666666667,3.359334945678711,1.0077293094547026
UBFC_PHYS_s04_T3_test,130,60,132.0,3.2624053955078125,1.210137477546131
UBFC_PHYS_s04_T3_test,130,61,132.03333333333333,2.731158494949341,1.2832310427705866
UBFC_PHYS_s04_T3_test,130,62,132.06666666666666,1.9128743410110474,1.2436052294756883
UBFC_PHYS_s04_T3_test,130,63,132.1,0.9655909538269043,1.1156325339794941
UBFC_PHYS_s04_T3_test,130,64,132.13333333333333,-0.01345006749033928,0.9207473093386581
UBFC_PHYS_s04_T3_test,130,65,132.16666666666666,-0.9454149007797241,0.6713817753867931
UBFC_PHYS_s04_T3_test,130,66,132.2,-1.7025223970413208,0.37135410595076807
UBFC_PHYS_s04_T3_test,130,67,132.23333333333332,-2.2717342376708984,0.02192430669367248
UBFC_PHYS_s04_T3_test,130,68,132.26666666666668,-2.7938992977142334,-0.3693633313969315
UBFC_PHYS_s04_T3_test,130,69,132.3,-3.2431161403656006,-0.7809134022760141
UBFC_PHYS_s04_T3_test,130,70,132.33333333333334,-3.4136273860931396,-1.173853388359675
UBFC_PHYS_s04_T3_test,130,71,132.36666666666667,-3.259915828704834,-1.4953006504586375
UBFC_PHYS_s04_T3_test,130,72,132.4,-2.873162031173706,-1.6879940745459303
UBFC_PHYS_s04_T3_test,130,73,132.43333333333334,-2.2980740070343018,-1.7040911702382004
UBFC_PHYS_s04_T3_test,130,74,132.46666666666667,-1.6284244060516357,-1.5193839937580502
UBFC_PHYS_s04_T3_test,130,75,132.5,-1.026343822479248,-1.1435528918634597
UBFC_PHYS_s04_T3_test,130,76,132.53333333333333,-0.5272443890571594,-0.6226322857820141
UBFC_PHYS_s04_T3_test,130,77,132.56666666666666,-0.008421848528087139,-0.031728610432656776
UBFC_PHYS_s04_T3_test,130,78,132.6,0.5910763144493103,0.5410217723581899
UBFC_PHYS_s04_T3_test,130,79,132.63333333333333,1.111341118812561,1.0149786955265523
UBFC_PHYS_s04_T3_test,130,80,132.66666666666666,1.242396354675293,1.3353924221699585
UBFC_PHYS_s04_T3_test,130,81,132.7,0.874206006526947,1.4832678758792297
UBFC_PHYS_s04_T3_test,130,82,132.73333333333332,0.26316043734550476,1.4736234353954305
UBFC_PHYS_s04_T3_test,130,83,132.76666666666668,-0.28266441822052,1.3438641840222225
UBFC_PHYS_s04_T3_test,130,84,132.8,-0.6812677383422852,1.1377629996608554
UBFC_PHYS_s04_T3_test,130,85,132.83333333333334,-0.9400066137313843,0.8915444829009433
UBFC_PHYS_s04_T3_test,130,86,132.86666666666667,-1.0458428859710693,0.6265749547991736
UBFC_PHYS_s04_T3_test,130,87,132.9,-1.057828664779663,0.34976895531374064
UBFC_PHYS_s04_T3_test,130,88,132.93333333333334,-1.0523815155029297,0.05994762721312502
UBFC_PHYS_s04_T3_test,130,89,132.96666666666667,-0.9963889122009277,-0.24322114493298985
UBFC_PHYS_s04_T3_test,130,90,133.0,-0.8556182980537415,-0.5514182061492856
UBFC_PHYS_s04_T3_test,130,91,133.03333333333333,-0.7246702313423157,-0.843914210554722
UBFC_PHYS_s04_T3_test,130,92,133.06666666666666,-0.6596639156341553,-1.0891082745654304
UBFC_PHYS_s04_T3_test,130,93,133.1,-0.5743303894996643,-1.2507497496744575
UBFC_PHYS_s04_T3_test,130,94,133.13333333333333,-0.41104966402053833,-1.2968069618362255
UBFC_PHYS_s04_T3_test,130,95,133.16666666666666,-0.21646928787231445,-1.2083279595365009
UBFC_PHYS_s04_T3_test,130,96,133.2,-0.03721717372536659,-0.985846450176834
UBFC_PHYS_s04_T3_test,130,97,133.23333333333332,0.12437770515680313,-0.6516561106416826
UBFC_PHYS_s04_T3_test,130,98,133.26666666666668,0.2558324933052063,-0.24726839739278653
UBFC_PHYS_s04_T3_test,130,99,133.3,0.3176230788230896,0.1736484590453853
UBFC_PHYS_s04_T3_test,130,100,133.33333333333334,0.29424574971199036,0.5556067244478047
UBFC_PHYS_s04_T3_test,130,101,133.36666666666667,0.21620117127895355,0.852603932295322
UBFC_PHYS_s04_T3_test,130,102,133.4,0.12137636542320251,1.0371429548469013
UBFC_PHYS_s04_T3_test,130,103,133.43333333333334,0.012100301682949066,1.1039238037718957
UBFC_PHYS_s04_T3_test,130,104,133.46666666666667,-0.12780307233333588,1.0670763550276068
UBFC_PHYS_s04_T3_test,130,105,133.5,-0.2754729092121124,0.9523499051280152
UBFC_PHYS_s04_T3_test,130,106,133.53333333333333,-0.3662731945514679,0.7873810460173721
UBFC_PHYS_s04_T3_test,130,107,133.56666666666666,-0.3797694742679596,0.5935065470029931
UBFC_PHYS_s04_T3_test,130,108,133.6,-0.3572106957435608,0.3817402505382333
UBFC_PHYS_s04_T3_test,130,109,133.63333333333333,-0.34498119354248047,0.1538687487680658
UBFC_PHYS_s04_T3_test,130,110,133.66666666666666,-0.35513508319854736,-0.09230587744945801
UBFC_PHYS_s04_T3_test,130,111,133.7,-0.3478851020336151,-0.35603222622663805
UBFC_PHYS_s04_T3_test,130,112,133.73333333333332,-0.23373673856258392,-0.6279112087440333
UBFC_PHYS_s04_T3_test,130,113,133.76666666666668,0.0295918770134449,-0.8876407069086386
UBFC_PHYS_s04_T3_test,130,114,133.8,0.3378821313381195,-1.1058552795371186
UBFC_PHYS_s04_T3_test,130,115,133.83333333333334,0.563635528087616,-1.2491925226415819
UBFC_PHYS_s04_T3_test,130,116,133.86666666666667,0.6901790499687195,-1.2869831217004353
UBFC_PHYS_s04_T3_test,130,117,133.9,0.7328019738197327,-1.1980669083992903
UBFC_PHYS_s04_T3_test,130,118,133.93333333333334,0.6655154228210449,-0.9766815252914746
UBFC_PHYS_s04_T3_test,130,119,133.96666666666667,0.4975768029689789,-0.636439208709668
UBFC_PHYS_s04_T3_test,130,120,134.0,0.2944406569004059,-0.2109954931556339
UBFC_PHYS_s04_T3_test,130,121,134.03333333333333,0.08161835372447968,0.24984268121781872
UBFC_PHYS_s04_T3_test,130,122,134.06666666666666,-0.16860376298427582,0.6883977178442875
UBFC_PHYS_s04_T3_test,130,123,134.1,-0.4525129795074463,1.049851399090651
UBFC_PHYS_s04_T3_test,130,124,134.13333333333333,-0.7010882496833801,1.2926150377095378
UBFC_PHYS_s04_T3_test,130,125,134.16666666666666,-0.8353008031845093,1.3956201885247874
UBFC_PHYS_s04_T3_test,130,126,134.2,-0.833926796913147,1.3605121632914159
UBFC_PHYS_s04_T3_test,130,127,134.23333333333332,-0.7377474904060364,1.2081627377656736
UBFC_PHYS_s04_T3_test,130,128,134.26666666666668,-0.6136596202850342,0.9709344934135904
UBFC_PHYS_s04_T3_test,130,129,134.3,-0.5171197652816772,0.6836256279125847
UBFC_PHYS_s04_T3_test,130,130,134.33333333333334,-0.4494629204273224,0.37606309807705834
UBFC_PHYS_s04_T3_test,130,131,134.36666666666667,-0.38384270668029785,0.06920831845311605
UBFC_PHYS_s04_T3_test,130,132,134.4,-0.3376240134239197,-0.22477587461268983
UBFC_PHYS_s04_T3_test,130,133,134.43333333333334,-0.35025304555892944,-0.49930595315042636
UBFC_PHYS_s04_T3_test,130,134,134.46666666666667,-0.3759301006793976,-0.7486855889948699
UBFC_PHYS_s04_T3_test,130,135,134.5,-0.2934516966342926,-0.9638795585061006
UBFC_PHYS_s04_T3_test,130,136,134.53333333333333,-0.05687205120921135,-1.1303025383929501
UBFC_PHYS_s04_T3_test,130,137,134.56666666666666,0.2308862954378128,-1.2284323196229612
UBFC_PHYS_s04_T3_test,130,138,134.6,0.46575090289115906,-1.2372857508697728
UBFC_PHYS_s04_T3_test,130,139,134.63333333333333,0.6270729303359985,-1.1400410859536836
UBFC_PHYS_s04_T3_test,130,140,134.66666666666666,0.735774040222168,-0.9303698657338604
UBFC_PHYS_s04_T3_test,130,141,134.7,0.7836688160896301,-0.6175942735185487
UBFC_PHYS_s04_T3_test,130,142,134.73333333333332,0.727257251739502,-0.22883807325954744
UBFC_PHYS_s04_T3_test,130,143,134.76666666666668,0.5673774480819702,0.19316011279866088
UBFC_PHYS_s04_T3_test,130,144,134.8,0.37743550539016724,0.5969647352530235
UBFC_PHYS_s04_T3_test,130,145,134.83333333333334,0.1847650557756424,0.9328429326236403
UBFC_PHYS_s04_T3_test,130,146,134.86666666666667,-0.03473229706287384,1.1634082516012196
UBFC_PHYS_s04_T3_test,130,147,134.9,-0.24831466376781464,1.270575720191733
UBFC_PHYS_s04_T3_test,130,148,134.93333333333334,-0.410932719707489,1.2565458714370628
UBFC_PHYS_s04_T3_test,130,149,134.96666666666667,-0.5579886436462402,1.139296375920384
UBFC_PHYS_s04_T3_test,130,150,135.0,-0.7154420614242554,0.9450407705190984
UBFC_PHYS_s04_T3_test,130,151,135.03333333333333,-0.8115239143371582,0.7006203857620573
UBFC_PHYS_s04_T3_test,130,152,135.06666666666666,-0.8001519441604614,0.4281021692975215
UBFC_PHYS_s04_T3_test,130,153,135.1,-0.7293866276741028,0.14262531853635602
UBFC_PHYS_s04_T3_test,130,154,135.13333333333333,-0.6584848165512085,-0.14659791176975703
UBFC_PHYS_s04_T3_test,130,155,135.16666666666666,-0.6068384051322937,-0.4330126454500478
UBFC_PHYS_s04_T3_test,130,156,135.2,-0.5805279612541199,-0.7085201554301008
UBFC_PHYS_s04_T3_test,130,157,135.23333333333332,-0.5843478441238403,-0.9598489712390954
UBFC_PHYS_s04_T3_test,130,158,135.26666666666668,-0.624018132686615,-1.1668906872933422
UBFC_PHYS_s04_T3_test,130,159,135.3,-0.6996850371360779,-1.3039269789489005
UBFC_PHYS_s04_T3_test,130,160,135.33333333333334,-0.7604134678840637,-1.3438566168416313
UBFC_PHYS_s04_T3_test,130,161,135.36666666666667,-0.7107841372489929,-1.264603703135787
UBFC_PHYS_s04_T3_test,130,162,135.4,-0.5003687739372253,-1.0561510348722993
UBFC_PHYS_s04_T3_test,130,163,135.43333333333334,-0.17360274493694305,-0.7262524741810725
UBFC_PHYS_s04_T3_test,130,164,135.46666666666667,0.17090821266174316,-0.3029049158835651
UBFC_PHYS_s04_T3_test,130,165,135.5,0.4463104009628296,0.16785650949573927
UBFC_PHYS_s04_T3_test,130,166,135.53333333333333,0.6202906966209412,0.6292511268040123
UBFC_PHYS_s04_T3_test,130,167,135.56666666666666,0.7265751361846924,1.0248498420497747
UBFC_PHYS_s04_T3_test,130,168,135.6,0.7942222356796265,1.3102536190609597
UBFC_PHYS_s04_T3_test,130,169,135.63333333333333,0.8066368699073792,1.4612917356477106
UBFC_PHYS_s04_T3_test,130,170,135.66666666666666,0.7228624224662781,1.4759345161742092
UBFC_PHYS_s04_T3_test,130,171,135.7,0.5191318988800049,1.369889596224007
UBFC_PHYS_s04_T3_test,130,172,135.73333333333332,0.2305939644575119,1.1685938441950188
UBFC_PHYS_s04_T3_test,130,173,135.76666666666668,-0.023642929270863533,0.8994452582926055
UBFC_PHYS_s04_T3_test,130,174,135.8,-0.12667270004749298,0.5870403961134634
UBFC_PHYS_s04_T3_test,130,175,135.83333333333334,-0.10937601327896118,0.25194138931861326
UBFC_PHYS_s04_T3_test,130,176,135.86666666666667,-0.10842104256153107,-0.08832685522755572
UBFC_PHYS_s04_T3_test,130,177,135.9,-0.19847099483013153,-0.4179051128763517
UBFC_PHYS_s04_T3_test,130,178,135.93333333333334,-0.32973089814186096,-0.7220199206997258
UBFC_PHYS_s04_T3_test,130,179,135.96666666666667,-0.4296618700027466,-0.9871274774519159
UBFC_PHYS_s04_T3_test,130,180,136.0,-0.5033506155014038,-1.2008676977902484
UBFC_PHYS_s04_T3_test,130,181,136.03333333333333,-0.5962070226669312,-1.351104986674804
UBFC_PHYS_s04_T3_test,130,182,136.06666666666666,-0.7053661346435547,-1.4244745324533048
UBFC_PHYS_s04_T3_test,130,183,136.1,-0.820976197719574,-1.4059595871215989
UBFC_PHYS_s04_T3_test,130,184,136.13333333333333,-0.9876090288162231,-1.2810758525633905
UBFC_PHYS_s04_T3_test,130,185,136.16666666666666,-1.2165586948394775,-1.0410739461125837
UBFC_PHYS_s04_T3_test,130,186,136.2,-1.3927022218704224,-0.6897729507040707
UBFC_PHYS_s04_T3_test,130,187,136.23333333333332,-1.3672006130218506,-0.2491530382477973
UBFC_PHYS_s04_T3_test,130,188,136.26666666666668,-1.0987268686294556,0.2394521968123928
UBFC_PHYS_s04_T3_test,130,189,136.3,-0.6720005869865417,0.7204201103130935
UBFC_PHYS_s04_T3_test,130,190,136.33333333333334,-0.20511680841445923,1.1344864668783012
UBFC_PHYS_s04_T3_test,130,191,136.36666666666667,0.2175654172897339,1.4317057132527886
UBFC_PHYS_s04_T3_test,130,192,136.4,0.5543001890182495,1.5821468994642014
UBFC_PHYS_s04_T3_test,130,193,136.43333333333334,0.7851012945175171,1.580580282648551
UBFC_PHYS_s04_T3_test,130,194,136.46666666666667,0.9080197811126709,1.444099762845292
UBFC_PHYS_s04_T3_test,130,195,136.5,0.9473782777786255,1.2044951257402103
UBFC_PHYS_s04_T3_test,130,196,136.53333333333333,0.9249169230461121,0.8986339352405469
UBFC_PHYS_s04_T3_test,130,197,136.56666666666666,0.8524755239486694,0.5600219194093932
UBFC_PHYS_s04_T3_test,130,198,136.6,0.7545519471168518,0.2137270712391451
UBFC_PHYS_s04_T3_test,130,199,136.63333333333333,0.6579341292381287,-0.12457865971618509
UBFC_PHYS_s04_T3_test,130,200,136.66666666666666,0.5534036755561829,-0.4461913582537594
UBFC_PHYS_s04_T3_test,130,201,136.7,0.42105236649513245,-0.7452550197655528
UBFC_PHYS_s04_T3_test,130,202,136.73333333333332,0.277095228433609,-1.0147260210388582
UBFC_PHYS_s04_T3_test,130,203,136.76666666666668,0.143905907869339,-1.2436014168702025
UBFC_PHYS_s04_T3_test,130,204,136.8,-0.00020714155107270926,-1.4158466320626724
UBFC_PHYS_s04_T3_test,130,205,136.83333333333334,-0.17778317630290985,-1.5111118615873012
UBFC_PHYS_s04_T3_test,130,206,136.86666666666667,-0.36504536867141724,-1.5074668849822617
UBFC_PHYS_s04_T3_test,130,207,136.9,-0.5313858389854431,-1.386384171945527
UBFC_PHYS_s04_T3_test,130,208,136.93333333333334,-0.6871437430381775,-1.1394760217668976
UBFC_PHYS_s04_T3_test,130,209,136.96666666666667,-0.8845305442810059,-0.7752529938748881
UBFC_PHYS_s04_T3_test,130,210,137.0,-1.1532187461853027,-0.32316722053980906
UBFC_PHYS_s04_T3_test,130,211,137.03333333333333,-1.3713322877883911,0.1677674145213617
UBFC_PHYS_s04_T3_test,130,212,137.06666666666666,-1.3285048007965088,0.6369917646639811
UBFC_PHYS_s04_T3_test,130,213,137.1,-0.9980455040931702,1.025574884594656
UBFC_PHYS_s04_T3_test,130,214,137.13333333333333,-0.5707443356513977,1.290295156178913
UBFC_PHYS_s04_T3_test,130,215,137.16666666666666,-0.20760168135166168,1.4133393517662036
UBFC_PHYS_s04_T3_test,130,216,137.2,0.0801858976483345,1.404032015186413
UBFC_PHYS_s04_T3_test,130,217,137.23333333333332,0.3201371729373932,1.292417813000069
UBFC_PHYS_s04_T3_test,130,218,137.26666666666668,0.5002371072769165,1.1176940437690313
UBFC_PHYS_s04_T3_test,130,219,137.3,0.6029452681541443,0.9160023700075025
UBFC_PHYS_s04_T3_test,130,220,137.33333333333334,0.6529936194419861,0.7115545232360986
UBFC_PHYS_s04_T3_test,130,221,137.36666666666667,0.7130008935928345,0.5133049415544613
UBFC_PHYS_s04_T3_test,130,222,137.4,0.818252444267273,0.3174662533131039
UBFC_PHYS_s04_T3_test,130,223,137.43333333333334,0.9248682260513306,0.11448023010937729
UBFC_PHYS_s04_T3_test,130,224,137.46666666666667,0.9620634317398071,-0.1022603822258951
UBFC_PHYS_s04_T3_test,130,225,137.5,0.9140517115592957,-0.32917844904297416
UBFC_PHYS_s04_T3_test,130,226,137.53333333333333,0.8125518560409546,-0.5494204347779164
UBFC_PHYS_s04_T3_test,130,227,137.56666666666666,0.6799471974372864,-0.7350051951553976
UBFC_PHYS_s04_T3_test,130,228,137.6,0.5149222016334534,-0.8534113419436026
UBFC_PHYS_s04_T3_test,130,229,137.63333333333333,0.3244832754135132,-0.8764749900482388
UBFC_PHYS_s04_T3_test,130,230,137.66666666666666,0.13146203756332397,-0.7892245580672748
UBFC_PHYS_s04_T3_test,130,231,137.7,-0.05110324174165726,-0.5966369072105752
UBFC_PHYS_s04_T3_test,130,232,137.73333333333332,-0.23576360940933228,-0.32659287368894807
UBFC_PHYS_s04_T3_test,130,233,137.76666666666668,-0.4601040482521057,-0.02750516837050914
UBFC_PHYS_s04_T3_test,130,234,137.8,-0.7321345806121826,0.2402778034715391
UBFC_PHYS_s04_T3_test,130,235,137.83333333333334,-0.9218329191207886,0.418381003721657
UBFC_PHYS_s04_T3_test,130,236,137.86666666666667,-0.8383313417434692,0.46596989710522035
UBFC_PHYS_s04_T3_test,130,237,137.9,-0.48645347356796265,0.3716574153916481
UBFC_PHYS_s04_T3_test,130,238,137.93333333333334,-0.08001550287008286,0.15750947018504735
UBFC_PHYS_s04_T3_test,130,239,137.96666666666667,0.23057447373867035,-0.12604366615837292
UBFC_PHYS_s04_T3_test,131,0,131.0,-0.7475993037223816,0.1036074683517966
UBFC_PHYS_s04_T3_test,131,1,131.03333333333333,-1.1362825632095337,-0.12157181290060665
UBFC_PHYS_s04_T3_test,131,2,131.06666666666666,-1.1592798233032227,-0.2947512457745319
UBFC_PHYS_s04_T3_test,131,3,131.1,-1.0897520780563354,-0.37243994012620246
UBFC_PHYS_s04_T3_test,131,4,131.13333333333333,-1.0588324069976807,-0.32804853360655156
UBFC_PHYS_s04_T3_test,131,5,131.16666666666666,-0.91437828540802,-0.15710384592392732
UBFC_PHYS_s04_T3_test,131,6,131.2,-0.24889934062957764,0.12132933557513659
UBFC_PHYS_s04_T3_test,131,7,131.23333333333332,1.1091972589492798,0.46766054428530834
UBFC_PHYS_s04_T3_test,131,8,131.26666666666668,2.6930084228515625,0.8291947248310592
UBFC_PHYS_s04_T3_test,131,9,131.3,3.805891513824463,1.1508202186686225
UBFC_PHYS_s04_T3_test,131,10,131.33333333333334,4.218839168548584,1.386246250331208
UBFC_PHYS_s04_T3_test,131,11,131.36666666666667,4.095832824707031,1.506221822166012
UBFC_PHYS_s04_T3_test,131,12,131.4,3.6306638717651367,1.501124343666178
UBFC_PHYS_s04_T3_test,131,13,131.43333333333334,2.9244329929351807,1.3777215060265087
UBFC_PHYS_s04_T3_test,131,14,131.46666666666667,1.9867092370986938,1.1524694486432907
UBFC_PHYS_s04_T3_test,131,15,131.5,0.7420105934143066,0.844946372870391
UBFC_PHYS_s04_T3_test,131,16,131.53333333333333,-0.7393456101417542,0.474242472557489
UBFC_PHYS_s04_T3_test,131,17,131.56666666666666,-2.039198637008667,0.05908522317043498
UBFC_PHYS_s04_T3_test,131,18,131.6,-2.8319714069366455,-0.3794968760915629
UBFC_PHYS_s04_T3_test,131,19,131.63333333333333,-3.2282652854919434,-0.8151974446917093
UBFC_PHYS_s04_T3_test,131,20,131.66666666666666,-3.4924612045288086,-1.215215430879946
UBFC_PHYS_s04_T3_test,131,21,131.7,-3.6739935874938965,-1.5419137156025806
UBFC_PHYS_s04_T3_test,131,22,131.73333333333332,-3.6352782249450684,-1.7573198802086172
UBFC_PHYS_s04_T3_test,131,23,131.76666666666668,-3.2195146083831787,-1.8295485428878842
UBFC_PHYS_s04_T3_test,131,24,131.8,-2.371509313583374,-1.739742886960681
UBFC_PHYS_s04_T3_test,131,25,131.83333333333334,-1.1359707117080688,-1.4878842502327811
UBFC_PHYS_s04_T3_test,131,26,131.86666666666667,0.3718031048774719,-1.0957204345604197
UBFC_PHYS_s04_T3_test,131,27,131.9,1.8534516096115112,-0.6054507081924831
UBFC_PHYS_s04_T3_test,131,28,131.93333333333334,2.911998987197876,-0.07388782677042252
UBFC_PHYS_s04_T3_test,131,29,131.96666666666667,3.359334945678711,0.4368564209227642
UBFC_PHYS_s04_T3_test,131,30,132.0,3.2624053955078125,0.870110274477323
UBFC_PHYS_s04_T3_test,131,31,132.03333333333333,2.731158494949341,1.1841655950982788
UBFC_PHYS_s04_T3_test,131,32,132.06666666666666,1.9128743410110474,1.3578809140105255
UBFC_PHYS_s04_T3_test,131,33,132.1,0.9655909538269043,1.3906512946343317
UBFC_PHYS_s04_T3_test,131,34,132.13333333333333,-0.01345006749033928,1.2971761568543643
UBFC_PHYS_s04_T3_test,131,35,132.16666666666666,-0.9454149007797241,1.0996466521438586
UBFC_PHYS_s04_T3_test,131,36,132.2,-1.7025223970413208,0.8208907194464939
UBFC_PHYS_s04_T3_test,131,37,132.23333333333332,-2.2717342376708984,0.4812140046391418
UBFC_PHYS_s04_T3_test,131,38,132.26666666666668,-2.7938992977142334,0.09961743276274386
UBFC_PHYS_s04_T3_test,131,39,132.3,-3.2431161403656006,-0.30214269749498085
UBFC_PHYS_s04_T3_test,131,40,132.33333333333334,-3.4136273860931396,-0.6954857114855021
UBFC_PHYS_s04_T3_test,131,41,132.36666666666667,-3.259915828704834,-1.0437337137541447
UBFC_PHYS_s04_T3_test,131,42,132.4,-2.873162031173706,-1.305248854487352
UBFC_PHYS_s04_T3_test,131,43,132.43333333333334,-2.2980740070343018,-1.4407449628122129
UBFC_PHYS_s04_T3_test,131,44,132.46666666666667,-1.6284244060516357,-1.422721554155629
UBFC_PHYS_s04_T3_test,131,45,132.5,-1.026343822479248,-1.2438896854526844
UBFC_PHYS_s04_T3_test,131,46,132.53333333333333,-0.5272443890571594,-0.9215421061058658
UBFC_PHYS_s04_T3_test,131,47,132.56666666666666,-0.008421848528087139,-0.4959771559989494
UBFC_PHYS_s04_T3_test,131,48,132.6,0.5910763144493103,-0.02291657766117528
UBFC_PHYS_s04_T3_test,131,49,132.63333333333333,1.111341118812561,0.43811255200517113
UBFC_PHYS_s04_T3_test,131,50,132.66666666666666,1.242396354675293,0.8358730096312804
UBFC_PHYS_s04_T3_test,131,51,132.7,0.874206006526947,1.1361153766892498
UBFC_PHYS_s04_T3_test,131,52,132.73333333333332,0.26316043734550476,1.3243565459689912
UBFC_PHYS_s04_T3_test,131,53,132.76666666666668,-0.28266441822052,1.4026492804020423
UBFC_PHYS_s04_T3_test,131,54,132.8,-0.6812677383422852,1.3826265184341622
UBFC_PHYS_s04_T3_test,131,55,132.83333333333334,-0.9400066137313843,1.2783224451309603
UBFC_PHYS_s04_T3_test,131,56,132.86666666666667,-1.0458428859710693,1.1018036134732319
UBFC_PHYS_s04_T3_test,131,57,132.9,-1.057828664779663,0.8628675286156475
UBFC_PHYS_s04_T3_test,131,58,132.93333333333334,-1.0523815155029297,0.5719061591167475
UBFC_PHYS_s04_T3_test,131,59,132.96666666666667,-0.9963889122009277,0.24344639301985518
UBFC_PHYS_s04_T3_test,131,60,133.0,-0.8556182980537415,-0.10237062827583795
UBFC_PHYS_s04_T3_test,131,61,133.03333333333333,-0.7246702313423157,-0.441651932766838
UBFC_PHYS_s04_T3_test,131,62,133.06666666666666,-0.6596639156341553,-0.7507491244270642
UBFC_PHYS_s04_T3_test,131,63,133.1,-0.5743303894996643,-1.0096789470855891
UBFC_PHYS_s04_T3_test,131,64,133.13333333333333,-0.41104966402053833,-1.2030893135800105
UBFC_PHYS_s04_T3_test,131,65,133.16666666666666,-0.21646928787231445,-1.3189697146987025
UBFC_PHYS_s04_T3_test,131,66,133.2,-0.03721717372536659,-1.3468112167877193
UBFC_PHYS_s04_T3_test,131,67,133.23333333333332,0.12437770515680313,-1.2772601917042274
UBFC_PHYS_s04_T3_test,131,68,133.26666666666668,0.2558324933052063,-1.104622704782989
UBFC_PHYS_s04_T3_test,131,69,133.3,0.3176230788230896,-0.831993733297161
UBFC_PHYS_s04_T3_test,131,70,133.33333333333334,0.29424574971199036,-0.4767881437260284
UBFC_PHYS_s04_T3_test,131,71,133.36666666666667,0.21620117127895355,-0.07314319678786659
UBFC_PHYS_s04_T3_test,131,72,133.4,0.12137636542320251,0.3318224158278963
UBFC_PHYS_s04_T3_test,131,73,133.43333333333334,0.012100301682949066,0.6881024630876573
UBFC_PHYS_s04_T3_test,131,74,133.46666666666667,-0.12780307233333588,0.9554812680598586
UBFC_PHYS_s04_T3_test,131,75,133.5,-0.2754729092121124,1.112909186463565
UBFC_PHYS_s04_T3_test,131,76,133.53333333333333,-0.3662731945514679,1.1604529915716704
UBFC_PHYS_s04_T3_test,131,77,133.56666666666666,-0.3797694742679596,1.1137572050224558
UBFC_PHYS_s04_T3_test,131,78,133.6,-0.3572106957435608,0.994400464249751
UBFC_PHYS_s04_T3_test,131,79,133.63333333333333,-0.34498119354248047,0.8208833396460599
UBFC_PHYS_s04_T3_test,131,80,133.66666666666666,-0.35513508319854736,0.6040992976676697
UBFC_PHYS_s04_T3_test,131,81,133.7,-0.3478851020336151,0.34866489976513293
UBFC_PHYS_s04_T3_test,131,82,133.73333333333332,-0.23373673856258392,0.058617350874181164
UBFC_PHYS_s04_T3_test,131,83,133.76666666666668,0.0295918770134449,-0.2558676073592905
UBFC_PHYS_s04_T3_test,131,84,133.8,0.3378821313381195,-0.5741189234760795
UBFC_PHYS_s04_T3_test,131,85,133.83333333333334,0.563635528087616,-0.8649577846426614
UBFC_PHYS_s04_T3_test,131,86,133.86666666666667,0.6901790499687195,-1.0911548120894736
UBFC_PHYS_s04_T3_test,131,87,133.9,0.7328019738197327,-1.216965355031165
UBFC_PHYS_s04_T3_test,131,88,133.93333333333334,0.6655154228210449,-1.2165648639413853
UBFC_PHYS_s04_T3_test,131,89,133.96666666666667,0.4975768029689789,-1.0810727126535906
UBFC_PHYS_s04_T3_test,131,90,134.0,0.2944406569004059,-0.8221828649317833
UBFC_PHYS_s04_T3_test,131,91,134.03333333333333,0.08161835372447968,-0.47124845989737885
UBFC_PHYS_s04_T3_test,131,92,134.06666666666666,-0.16860376298427582,-0.07392119936862224
UBFC_PHYS_s04_T3_test,131,93,134.1,-0.4525129795074463,0.3183934376977645
UBFC_PHYS_s04_T3_test,131,94,134.13333333333333,-0.7010882496833801,0.6583327017533923
UBFC_PHYS_s04_T3_test,131,95,134.16666666666666,-0.8353008031845093,0.9112671023913314
UBFC_PHYS_s04_T3_test,131,96,134.2,-0.833926796913147,1.0603156648228786
UBFC_PHYS_s04_T3_test,131,97,134.23333333333332,-0.7377474904060364,1.1059964334224974
UBFC_PHYS_s04_T3_test,131,98,134.26666666666668,-0.6136596202850342,1.0611005430044542
UBFC_PHYS_s04_T3_test,131,99,134.3,-0.5171197652816772,0.9434847749062398
UBFC_PHYS_s04_T3_test,131,100,134.33333333333334,-0.4494629204273224,0.7698437019760285
UBFC_PHYS_s04_T3_test,131,101,134.36666666666667,-0.38384270668029785,0.5524747209816584
UBFC_PHYS_s04_T3_test,131,102,134.4,-0.3376240134239197,0.2996573056586057
UBFC_PHYS_s04_T3_test,131,103,134.43333333333334,-0.35025304555892944,0.018958920850281915
UBFC_PHYS_s04_T3_test,131,104,134.46666666666667,-0.3759301006793976,-0.2782883137709783
UBFC_PHYS_s04_T3_test,131,105,134.5,-0.2934516966342926,-0.573525383820848
UBFC_PHYS_s04_T3_test,131,106,134.53333333333333,-0.05687205120921135,-0.840255376548005
UBFC_PHYS_s04_T3_test,131,107,134.56666666666666,0.2308862954378128,-1.0468060563580397
UBFC_PHYS_s04_T3_test,131,108,134.6,0.46575090289115906,-1.1621528137736912
UBFC_PHYS_s04_T3_test,131,109,134.63333333333333,0.6270729303359985,-1.1632895304678523
UBFC_PHYS_s04_T3_test,131,110,134.66666666666666,0.735774040222168,-1.0417960132366408
UBFC_PHYS_s04_T3_test,131,111,134.7,0.7836688160896301,-0.8072754452009507
UBFC_PHYS_s04_T3_test,131,112,134.73333333333332,0.727257251739502,-0.4864851256248689
UBFC_PHYS_s04_T3_test,131,113,134.76666666666668,0.5673774480819702,-0.11853715696933019
UBFC_PHYS_s04_T3_test,131,114,134.8,0.37743550539016724,0.25237342601118923
UBFC_PHYS_s04_T3_test,131,115,134.83333333333334,0.1847650557756424,0.5848153143464887
UBFC_PHYS_s04_T3_test,131,116,134.86666666666667,-0.03473229706287384,0.8466735729762089
UBFC_PHYS_s04_T3_test,131,117,134.9,-0.24831466376781464,1.0190021858800773
UBFC_PHYS_s04_T3_test,131,118,134.93333333333334,-0.410932719707489,1.0966197619018703
UBFC_PHYS_s04_T3_test,131,119,134.96666666666667,-0.5579886436462402,1.0858728859224696
UBFC_PHYS_s04_T3_test,131,120,135.0,-0.7154420614242554,1.0007327775002182
UBFC_PHYS_s04_T3_test,131,121,135.03333333333333,-0.8115239143371582,0.8585384757351964
UBFC_PHYS_s04_T3_test,131,122,135.06666666666666,-0.8001519441604614,0.6762570808800401
UBFC_PHYS_s04_T3_test,131,123,135.1,-0.7293866276741028,0.46767494443782603
UBFC_PHYS_s04_T3_test,131,124,135.13333333333333,-0.6584848165512085,0.24189767893430292
UBFC_PHYS_s04_T3_test,131,125,135.16666666666666,-0.6068384051322937,0.003581171976026174
UBFC_PHYS_s04_T3_test,131,126,135.2,-0.5805279612541199,-0.245027423052165
UBFC_PHYS_s04_T3_test,131,127,135.23333333333332,-0.5843478441238403,-0.5007767796811106
UBFC_PHYS_s04_T3_test,131,128,135.26666666666668,-0.624018132686615,-0.7560739848079322
UBFC_PHYS_s04_T3_test,131,129,135.3,-0.6996850371360779,-0.9963496358505894
UBFC_PHYS_s04_T3_test,131,130,135.33333333333334,-0.7604134678840637,-1.1995619684608043
UBFC_PHYS_s04_T3_test,131,131,135.36666666666667,-0.7107841372489929,-1.3383225205008422
UBFC_PHYS_s04_T3_test,131,132,135.4,-0.5003687739372253,-1.3846212777477989
UBFC_PHYS_s04_T3_test,131,133,135.43333333333334,-0.17360274493694305,-1.3163816262536139
UBFC_PHYS_s04_T3_test,131,134,135.46666666666667,0.17090821266174316,-1.1242615283752826
UBFC_PHYS_s04_T3_test,131,135,135.5,0.4463104009628296,-0.816535102153888
UBFC_PHYS_s04_T3_test,131,136,135.53333333333333,0.6202906966209412,-0.4199886306881781
UBFC_PHYS_s04_T3_test,131,137,135.56666666666666,0.7265751361846924,0.024032186171166064
UBFC_PHYS_s04_T3_test,131,138,135.6,0.7942222356796265,0.4672486545679501
UBFC_PHYS_s04_T3_test,131,139,135.63333333333333,0.8066368699073792,0.863073655860321
UBFC_PHYS_s04_T3_test,131,140,135.66666666666666,0.7228624224662781,1.173689270865675
UBFC_PHYS_s04_T3_test,131,141,135.7,0.5191318988800049,1.374307380134449
UBFC_PHYS_s04_T3_test,131,142,135.73333333333332,0.2305939644575119,1.4546185324715675
UBFC_PHYS_s04_T3_test,131,143,135.76666666666668,-0.023642929270863533,1.4180469319038553
UBFC_PHYS_s04_T3_test,131,144,135.8,-0.12667270004749298,1.2793752201141977
UBFC_PHYS_s04_T3_test,131,145,135.83333333333334,-0.10937601327896118,1.0611326998550223
UBFC_PHYS_s04_T3_test,131,146,135.86666666666667,-0.10842104256153107,0.7893109186762522
UBFC_PHYS_s04_T3_test,131,147,135.9,-0.19847099483013153,0.4892576114139715
UBFC_PHYS_s04_T3_test,131,148,135.93333333333334,-0.32973089814186096,0.18259670881292722
UBFC_PHYS_s04_T3_test,131,149,135.96666666666667,-0.4296618700027466,-0.11427761061063904
UBFC_PHYS_s04_T3_test,131,150,136.0,-0.5033506155014038,-0.3899836703442636
UBFC_PHYS_s04_T3_test,131,151,136.03333333333333,-0.5962070226669312,-0.6364299007579274
UBFC_PHYS_s04_T3_test,131,152,136.06666666666666,-0.7053661346435547,-0.8461221081615838
UBFC_PHYS_s04_T3_test,131,153,136.1,-0.820976197719574,-1.0093825576122728
UBFC_PHYS_s04_T3_test,131,154,136.13333333333333,-0.9876090288162231,-1.1126958362879387
UBFC_PHYS_s04_T3_test,131,155,136.16666666666666,-1.2165586948394775,-1.1393838284089755
UBFC_PHYS_s04_T3_test,131,156,136.2,-1.3927022218704224,-1.073179292437225
UBFC_PHYS_s04_T3_test,131,157,136.23333333333332,-1.3672006130218506,-0.904149343495083
UBFC_PHYS_s04_T3_test,131,158,136.26666666666668,-1.0987268686294556,-0.6352175891914325
UBFC_PHYS_s04_T3_test,131,159,136.3,-0.6720005869865417,-0.28668132562096793
UBFC_PHYS_s04_T3_test,131,160,136.33333333333334,-0.20511680841445923,0.10385527658740544
UBFC_PHYS_s04_T3_test,131,161,136.36666666666667,0.2175654172897339,0.48722631787851894
UBFC_PHYS_s04_T3_test,131,162,136.4,0.5543001890182495,0.8125770985384677
UBFC_PHYS_s04_T3_test,131,163,136.43333333333334,0.7851012945175171,1.037826995530005
UBFC_PHYS_s04_T3_test,131,164,136.46666666666667,0.9080197811126709,1.1373310183104155
UBFC_PHYS_s04_T3_test,131,165,136.5,0.9473782777786255,1.1050099152805535
UBFC_PHYS_s04_T3_test,131,166,136.53333333333333,0.9249169230461121,0.9529673960616875
UBFC_PHYS_s04_T3_test,131,167,136.56666666666666,0.8524755239486694,0.7067571800382545
UBFC_PHYS_s04_T3_test,131,168,136.6,0.7545519471168518,0.398951100056021
UBFC_PHYS_s04_T3_test,131,169,136.63333333333333,0.6579341292381287,0.0627099326181512
UBFC_PHYS_s04_T3_test,131,170,136.66666666666666,0.5534036755561829,-0.2731267642986145
UBFC_PHYS_s04_T3_test,131,171,136.7,0.42105236649513245,-0.5863724188240497
UBFC_PHYS_s04_T3_test,131,172,136.73333333333332,0.277095228433609,-0.8609678573378843
UBFC_PHYS_s04_T3_test,131,173,136.76666666666668,0.143905907869339,-1.0842254270325236
UBFC_PHYS_s04_T3_test,131,174,136.8,-0.00020714155107270926,-1.243228895644116
UBFC_PHYS_s04_T3_test,131,175,136.83333333333334,-0.17778317630290985,-1.3222396490765558
UBFC_PHYS_s04_T3_test,131,176,136.86666666666667,-0.36504536867141724,-1.3029434686003851
UBFC_PHYS_s04_T3_test,131,177,136.9,-0.5313858389854431,-1.1685435977896412
UBFC_PHYS_s04_T3_test,131,178,136.93333333333334,-0.6871437430381775,-0.9110107984570331
UBFC_PHYS_s04_T3_test,131,179,136.96666666666667,-0.8845305442810059,-0.5388306866840022
UBFC_PHYS_s04_T3_test,131,180,137.0,-1.1532187461853027,-0.08142116436404696
UBFC_PHYS_s04_T3_test,131,181,137.03333333333333,-1.3713322877883911,0.41279798782656413
UBFC_PHYS_s04_T3_test,131,182,137.06666666666666,-1.3285048007965088,0.8848484094265804
UBFC_PHYS_s04_T3_test,131,183,137.1,-0.9980455040931702,1.2772949576756407
UBFC_PHYS_s04_T3_test,131,184,137.13333333333333,-0.5707443356513977,1.5459064345925537
UBFC_PHYS_s04_T3_test,131,185,137.16666666666666,-0.20760168135166168,1.6674123531719036
UBFC_PHYS_s04_T3_test,131,186,137.2,0.0801858976483345,1.6415396595207379
UBFC_PHYS_s04_T3_test,131,187,137.23333333333332,0.3201371729373932,1.4874777031258473
UBFC_PHYS_s04_T3_test,131,188,137.26666666666668,0.5002371072769165,1.236638164745473
UBFC_PHYS_s04_T3_test,131,189,137.3,0.6029452681541443,0.9244534395555679
UBFC_PHYS_s04_T3_test,131,190,137.33333333333334,0.6529936194419861,0.5836890395577757
UBFC_PHYS_s04_T3_test,131,191,137.36666666666667,0.7130008935928345,0.24058742467612293
UBFC_PHYS_s04_T3_test,131,192,137.4,0.818252444267273,-0.08624441319492789
UBFC_PHYS_s04_T3_test,131,193,137.43333333333334,0.9248682260513306,-0.3851816468287164
UBFC_PHYS_s04_T3_test,131,194,137.46666666666667,0.9620634317398071,-0.6501256809416595
UBFC_PHYS_s04_T3_test,131,195,137.5,0.9140517115592957,-0.8786136497942596
UBFC_PHYS_s04_T3_test,131,196,137.53333333333333,0.8125518560409546,-1.069345079763232
UBFC_PHYS_s04_T3_test,131,197,137.56666666666666,0.6799471974372864,-1.219036985059553
UBFC_PHYS_s04_T3_test,131,198,137.6,0.5149222016334534,-1.3192211856716636
UBFC_PHYS_s04_T3_test,131,199,137.63333333333333,0.3244832754135132,-1.354480491183697
UBFC_PHYS_s04_T3_test,131,200,137.66666666666666,0.13146203756332397,-1.303943612049422
UBFC_PHYS_s04_T3_test,131,201,137.7,-0.05110324174165726,-1.1469892739962766
UBFC_PHYS_s04_T3_test,131,202,137.73333333333332,-0.23576360940933228,-0.8721126248656388
UBFC_PHYS_s04_T3_test,131,203,137.76666666666668,-0.4601040482521057,-0.48589529038501095
UBFC_PHYS_s04_T3_test,131,204,137.8,-0.7321345806121826,-0.01824833674218484
UBFC_PHYS_s04_T3_test,131,205,137.83333333333334,-0.9218329191207886,0.47902852587348876
UBFC_PHYS_s04_T3_test,131,206,137.86666666666667,-0.8383313417434692,0.9410825875307277
UBFC_PHYS_s04_T3_test,131,207,137.9,-0.48645347356796265,1.3039492130964088
UBFC_PHYS_s04_T3_test,131,208,137.93333333333334,-0.08001550287008286,1.5187565054480592
UBFC_PHYS_s04_T3_test,131,209,137.96666666666667,0.23057447373867035,1.5610506070449053
UBFC_PHYS_s04_T3_test,131,210,138.0,0.4521571695804596,1.432689437313599
UBFC_PHYS_s04_T3_test,131,211,138.03333333333333,0.6004311442375183,1.1573102062886746
UBFC_PHYS_s04_T3_test,131,212,138.06666666666666,0.6694522500038147,0.7725267980626543
UBFC_PHYS_s04_T3_test,131,213,138.1,0.6866709589958191,0.32217656538937783
UBFC_PHYS_s04_T3_test,131,214,138.13333333333333,0.6868950724601746,-0.14924155266696995
UBFC_PHYS_s04_T3_test,131,215,138.16666666666666,0.6718006730079651,-0.5994392383814255
UBFC_PHYS_s04_T3_test,131,216,138.2,0.6416508555412292,-0.9893851384641159
UBFC_PHYS_s04_T3_test,131,217,138.23333333333332,0.6144731640815735,-1.284080196556349
UBFC_PHYS_s04_T3_test,131,218,138.26666666666668,0.5684396028518677,-1.4545288785804529
UBFC_PHYS_s04_T3_test,131,219,138.3,0.442626953125,-1.4815262409863377
UBFC_PHYS_s04_T3_test,131,220,138.33333333333334,0.24089401960372925,-1.360548953315947
UBFC_PHYS_s04_T3_test,131,221,138.36666666666667,0.03382103890180588,-1.1058246564407106
UBFC_PHYS_s04_T3_test,131,222,138.4,-0.1528662145137787,-0.751215569280734
UBFC_PHYS_s04_T3_test,131,223,138.43333333333334,-0.37761589884757996,-0.3462805102144235
UBFC_PHYS_s04_T3_test,131,224,138.46666666666667,-0.6731991767883301,0.05236819471056431
UBFC_PHYS_s04_T3_test,131,225,138.5,-0.9108702540397644,0.3923129479823736
UBFC_PHYS_s04_T3_test,131,226,138.53333333333333,-0.865265429019928,0.6358280283332598
UBFC_PHYS_s04_T3_test,131,227,138.56666666666666,-0.5251882672309875,0.7663136539013173
UBFC_PHYS_s04_T3_test,131,228,138.6,-0.10407494753599167,0.7887485921900055
UBFC_PHYS_s04_T3_test,131,229,138.63333333333333,0.21874451637268066,0.72449769898979
UBFC_PHYS_s04_T3_test,131,230,138.66666666666666,0.42272844910621643,0.6029986206335805
UBFC_PHYS_s04_T3_test,131,231,138.7,0.5406771898269653,0.4538367694977501
UBFC_PHYS_s04_T3_test,131,232,138.73333333333332,0.5828129053115845,0.3018975827057829
UBFC_PHYS_s04_T3_test,131,233,138.76666666666668,0.5605757236480713,0.166186925149395
UBFC_PHYS_s04_T3_test,131,234,138.8,0.5108879208564758,0.06079897262736214
UBFC_PHYS_s04_T3_test,131,235,138.83333333333334,0.46896663308143616,-0.004248448623488773
UBFC_PHYS_s04_T3_test,131,236,138.86666666666667,0.42714276909828186,-0.023556643722593695
UBFC_PHYS_s04_T3_test,131,237,138.9,0.3472077250480652,0.0021537034089922566
UBFC_PHYS_s04_T3_test,131,238,138.93333333333334,0.2183157503604889,0.06489766952900251
UBFC_PHYS_s04_T3_test,131,239,138.96666666666667,0.06496481597423553,0.14983700175087533
UBFC_PHYS_s04_T3_test,132,0,132.0,3.2624053955078125,-0.06989889371524878
UBFC_PHYS_s04_T3_test,132,1,132.03333333333333,2.731158494949341,-0.09352675016750989
UBFC_PHYS_s04_T3_test,132,2,132.06666666666666,1.9128743410110474,-0.0970330571142104
UBFC_PHYS_s04_T3_test,132,3,132.1,0.9655909538269043,-0.07421947844118329
UBFC_PHYS_s04_T3_test,132,4,132.13333333333333,-0.01345006749033928,-0.03865721066450487
UBFC_PHYS_s04_T3_test,132,5,132.16666666666666,-0.9454149007797241,-0.022353059504874307
UBFC_PHYS_s04_T3_test,132,6,132.2,-1.7025223970413208,-0.06566124844496377
UBFC_PHYS_s04_T3_test,132,7,132.23333333333332,-2.2717342376708984,-0.2016283108641602
UBFC_PHYS_s04_T3_test,132,8,132.26666666666668,-2.7938992977142334,-0.44002255785553085
UBFC_PHYS_s04_T3_test,132,9,132.3,-3.2431161403656006,-0.7567722001639717
UBFC_PHYS_s04_T3_test,132,10,132.33333333333334,-3.4136273860931396,-1.093550808388741
UBFC_PHYS_s04_T3_test,132,11,132.36666666666667,-3.259915828704834,-1.3694942986762901
UBFC_PHYS_s04_T3_test,132,12,132.4,-2.873162031173706,-1.5027619518535231
UBFC_PHYS_s04_T3_test,132,13,132.43333333333334,-2.2980740070343018,-1.4355935091966923
UBFC_PHYS_s04_T3_test,132,14,132.46666666666667,-1.6284244060516357,-1.1545450088734317
UBFC_PHYS_s04_T3_test,132,15,132.5,-1.026343822479248,-0.6982988440682173
UBFC_PHYS_s04_T3_test,132,16,132.53333333333333,-0.5272443890571594,-0.14878612868990546
UBFC_PHYS_s04_T3_test,132,17,132.56666666666666,-0.008421848528087139,0.3926955886821351
UBFC_PHYS_s04_T3_test,132,18,132.6,0.5910763144493103,0.835803283540134
UBFC_PHYS_s04_T3_test,132,19,132.63333333333333,1.111341118812561,1.1259046010104723
UBFC_PHYS_s04_T3_test,132,20,132.66666666666666,1.242396354675293,1.2541988404859763
UBFC_PHYS_s04_T3_test,132,21,132.7,0.874206006526947,1.2511016942526199
UBFC_PHYS_s04_T3_test,132,22,132.73333333333332,0.26316043734550476,1.1674563447225035
UBFC_PHYS_s04_T3_test,132,23,132.76666666666668,-0.28266441822052,1.051998669062619
UBFC_PHYS_s04_T3_test,132,24,132.8,-0.6812677383422852,0.9338320565966067
UBFC_PHYS_s04_T3_test,132,25,132.83333333333334,-0.9400066137313843,0.8157571887188084
UBFC_PHYS_s04_T3_test,132,26,132.86666666666667,-1.0458428859710693,0.6794680691301981
UBFC_PHYS_s04_T3_test,132,27,132.9,-1.057828664779663,0.49901043650946403
UBFC_PHYS_s04_T3_test,132,28,132.93333333333334,-1.0523815155029297,0.2563713817340585
UBFC_PHYS_s04_T3_test,132,29,132.96666666666667,-0.9963889122009277,-0.04674934391563787
UBFC_PHYS_s04_T3_test,132,30,133.0,-0.8556182980537415,-0.3846442174005784
UBFC_PHYS_s04_T3_test,132,31,133.03333333333333,-0.7246702313423157,-0.7114878098457305
UBFC_PHYS_s04_T3_test,132,32,133.06666666666666,-0.6596639156341553,-0.9717983639219974
UBFC_PHYS_s04_T3_test,132,33,133.1,-0.5743303894996643,-1.1144328722612538
UBFC_PHYS_s04_T3_test,132,34,133.13333333333333,-0.41104966402053833,-1.1063220762327697
UBFC_PHYS_s04_T3_test,132,35,133.16666666666666,-0.21646928787231445,-0.9420214103629094
UBFC_PHYS_s04_T3_test,132,36,133.2,-0.03721717372536659,-0.6459373606879637
UBFC_PHYS_s04_T3_test,132,37,133.23333333333332,0.12437770515680313,-0.26629804302971666
UBFC_PHYS_s04_T3_test,132,38,133.26666666666668,0.2558324933052063,0.13681934727957074
UBFC_PHYS_s04_T3_test,132,39,133.3,0.3176230788230896,0.5049185732694158
UBFC_PHYS_s04_T3_test,132,40,133.33333333333334,0.29424574971199036,0.7919521654034852
UBFC_PHYS_s04_T3_test,132,41,133.36666666666667,0.21620117127895355,0.9706548236844099
UBFC_PHYS_s04_T3_test,132,42,133.4,0.12137636542320251,1.0341082114533298
UBFC_PHYS_s04_T3_test,132,43,133.43333333333334,0.012100301682949066,0.9930561847034551
UBFC_PHYS_s04_T3_test,132,44,133.46666666666667,-0.12780307233333588,0.86970143552311
UBFC_PHYS_s04_T3_test,132,45,133.5,-0.2754729092121124,0.6893551373466791
UBFC_PHYS_s04_T3_test,132,46,133.53333333333333,-0.3662731945514679,0.4725814584343373
UBFC_PHYS_s04_T3_test,132,47,133.56666666666666,-0.3797694742679596,0.23088218021687207
UBFC_PHYS_s04_T3_test,132,48,133.6,-0.3572106957435608,-0.03261731136622973
UBFC_PHYS_s04_T3_test,132,49,133.63333333333333,-0.34498119354248047,-0.3183580992921117
UBFC_PHYS_s04_T3_test,132,50,133.66666666666666,-0.35513508319854736,-0.6236592166004095
UBFC_PHYS_s04_T3_test,132,51,133.7,-0.3478851020336151,-0.9366107344820545
UBFC_PHYS_s04_T3_test,132,52,133.73333333333332,-0.23373673856258392,-1.2326467071308074
UBFC_PHYS_s04_T3_test,132,53,133.76666666666668,0.0295918770134449,-1.475234663415402
UBFC_PHYS_s04_T3_test,132,54,133.8,0.3378821313381195,-1.6212117706818852
UBFC_PHYS_s04_T3_test,132,55,133.83333333333334,0.563635528087616,-1.6302136393971771
UBFC_PHYS_s04_T3_test,132,56,133.86666666666667,0.6901790499687195,-1.4764111643310098
UBFC_PHYS_s04_T3_test,132,57,133.9,0.7328019738197327,-1.1593787842548102
UBFC_PHYS_s04_T3_test,132,58,133.93333333333334,0.6655154228210449,-0.7098374390588018
UBFC_PHYS_s04_T3_test,132,59,133.96666666666667,0.4975768029689789,-0.18649132129948967
UBFC_PHYS_s04_T3_test,132,60,134.0,0.2944406569004059,0.33694436535337347
UBFC_PHYS_s04_T3_test,132,61,134.03333333333333,0.08161835372447968,0.790836706500483
UBFC_PHYS_s04_T3_test,132,62,134.06666666666666,-0.16860376298427582,1.1271912177182584
UBFC_PHYS_s04_T3_test,132,63,134.1,-0.4525129795074463,1.328054521972888
UBFC_PHYS_s04_T3_test,132,64,134.13333333333333,-0.7010882496833801,1.4022536405109307
UBFC_PHYS_s04_T3_test,132,65,134.16666666666666,-0.8353008031845093,1.3742367120951096
UBFC_PHYS_s04_T3_test,132,66,134.2,-0.833926796913147,1.2716313602008191
UBFC_PHYS_s04_T3_test,132,67,134.23333333333332,-0.7377474904060364,1.1167657639985407
UBFC_PHYS_s04_T3_test,132,68,134.26666666666668,-0.6136596202850342,0.9238312068044315
UBFC_PHYS_s04_T3_test,132,69,134.3,-0.5171197652816772,0.7004588030967778
UBFC_PHYS_s04_T3_test,132,70,134.33333333333334,-0.4494629204273224,0.4518099285105747
UBFC_PHYS_s04_T3_test,132,71,134.36666666666667,-0.38384270668029785,0.1856402449367954
UBFC_PHYS_s04_T3_test,132,72,134.4,-0.3376240134239197,-0.08339817610836134
UBFC_PHYS_s04_T3_test,132,73,134.43333333333334,-0.35025304555892944,-0.33220821329284944
UBFC_PHYS_s04_T3_test,132,74,134.46666666666667,-0.3759301006793976,-0.5317036921996667
UBFC_PHYS_s04_T3_test,132,75,134.5,-0.2934516966342926,-0.6529868087341639
UBFC_PHYS_s04_T3_test,132,76,134.53333333333333,-0.05687205120921135,-0.6754903462386826
UBFC_PHYS_s04_T3_test,132,77,134.56666666666666,0.2308862954378128,-0.5945565514311982
UBFC_PHYS_s04_T3_test,132,78,134.6,0.46575090289115906,-0.4260101098022037
UBFC_PHYS_s04_T3_test,132,79,134.63333333333333,0.6270729303359985,-0.2057989627355215
UBFC_PHYS_s04_T3_test,132,80,134.66666666666666,0.735774040222168,0.016504003556364465
UBFC_PHYS_s04_T3_test,132,81,134.7,0.7836688160896301,0.1900336098108433
UBFC_PHYS_s04_T3_test,132,82,134.73333333333332,0.727257251739502,0.2778865553495093
UBFC_PHYS_s04_T3_test,132,83,134.76666666666668,0.5673774480819702,0.2696995786451095
UBFC_PHYS_s04_T3_test,132,84,134.8,0.37743550539016724,0.18519104301753908
UBFC_PHYS_s04_T3_test,132,85,134.83333333333334,0.1847650557756424,0.06556995236755912
UBFC_PHYS_s04_T3_test,132,86,134.86666666666667,-0.03473229706287384,-0.043603299843188
UBFC_PHYS_s04_T3_test,132,87,134.9,-0.24831466376781464,-0.1095833946726949
UBFC_PHYS_s04_T3_test,132,88,134.93333333333334,-0.410932719707489,-0.12213252625183631
UBFC_PHYS_s04_T3_test,132,89,134.96666666666667,-0.5579886436462402,-0.09329169493388313
UBFC_PHYS_s04_T3_test,132,90,135.0,-0.7154420614242554,-0.04954736662722353
UBFC_PHYS_s04_T3_test,132,91,135.03333333333333,-0.8115239143371582,-0.021010368346975877
UBFC_PHYS_s04_T3_test,132,92,135.06666666666666,-0.8001519441604614,-0.0319462205365471
UBFC_PHYS_s04_T3_test,132,93,135.1,-0.7293866276741028,-0.09516204505054864
UBFC_PHYS_s04_T3_test,132,94,135.13333333333333,-0.6584848165512085,-0.2106945473699525
UBFC_PHYS_s04_T3_test,132,95,135.16666666666666,-0.6068384051322937,-0.3677840321653614
UBFC_PHYS_s04_T3_test,132,96,135.2,-0.5805279612541199,-0.548495295083968
UBFC_PHYS_s04_T3_test,132,97,135.23333333333332,-0.5843478441238403,-0.7313635195844557
UBFC_PHYS_s04_T3_test,132,98,135.26666666666668,-0.624018132686615,-0.8938592922708346
UBFC_PHYS_s04_T3_test,132,99,135.3,-0.6996850371360779,-1.0133228019789244
UBFC_PHYS_s04_T3_test,132,100,135.33333333333334,-0.7604134678840637,-1.0671706030220378
UBFC_PHYS_s04_T3_test,132,101,135.36666666666667,-0.7107841372489929,-1.033880938739104
UBFC_PHYS_s04_T3_test,132,102,135.4,-0.5003687739372253,-0.8959112353238365
UBFC_PHYS_s04_T3_test,132,103,135.43333333333334,-0.17360274493694305,-0.6445553866533902
UBFC_PHYS_s04_T3_test,132,104,135.46666666666667,0.17090821266174316,-0.285459345771672
UBFC_PHYS_s04_T3_test,132,105,135.5,0.4463104009628296,0.15747633271579792
UBFC_PHYS_s04_T3_test,132,106,135.53333333333333,0.6202906966209412,0.6423155690107766
UBFC_PHYS_s04_T3_test,132,107,135.56666666666666,0.7265751361846924,1.1147804493902322
UBFC_PHYS_s04_T3_test,132,108,135.6,0.7942222356796265,1.5183167650666927
UBFC_PHYS_s04_T3_test,132,109,135.63333333333333,0.8066368699073792,1.8051838497899726
UBFC_PHYS_s04_T3_test,132,110,135.66666666666666,0.7228624224662781,1.944771246437325
UBFC_PHYS_s04_T3_test,132,111,135.7,0.5191318988800049,1.9269334762672037
UBFC_PHYS_s04_T3_test,132,112,135.73333333333332,0.2305939644575119,1.7606872927373336
UBFC_PHYS_s04_T3_test,132,113,135.76666666666668,-0.023642929270863533,1.4702321936847524
UBFC_PHYS_s04_T3_test,132,114,135.8,-0.12667270004749298,1.0899287164033713
UBFC_PHYS_s04_T3_test,132,115,135.83333333333334,-0.10937601327896118,0.6588335661356566
UBFC_PHYS_s04_T3_test,132,116,135.86666666666667,-0.10842104256153107,0.21517472709646276
UBFC_PHYS_s04_T3_test,132,117,135.9,-0.19847099483013153,-0.20844198899434824
UBFC_PHYS_s04_T3_test,132,118,135.93333333333334,-0.32973089814186096,-0.5881480426904357
UBFC_PHYS_s04_T3_test,132,119,135.96666666666667,-0.4296618700027466,-0.9096152472181893
UBFC_PHYS_s04_T3_test,132,120,136.0,-0.5033506155014038,-1.1664972662597022
UBFC_PHYS_s04_T3_test,132,121,136.03333333333333,-0.5962070226669312,-1.357116242163269
UBFC_PHYS_s04_T3_test,132,122,136.06666666666666,-0.7053661346435547,-1.4805513829837462
UBFC_PHYS_s04_T3_test,132,123,136.1,-0.820976197719574,-1.5335746270451434
UBFC_PHYS_s04_T3_test,132,124,136.13333333333333,-0.9876090288162231,-1.5097413873942123
UBFC_PHYS_s04_T3_test,132,125,136.16666666666666,-1.2165586948394775,-1.4012166907438686
UBFC_PHYS_s04_T3_test,132,126,136.2,-1.3927022218704224,-1.2027449875325698
UBFC_PHYS_s04_T3_test,132,127,136.23333333333332,-1.3672006130218506,-0.9162281777757012
UBFC_PHYS_s04_T3_test,132,128,136.26666666666668,-1.0987268686294556,-0.5542273712258917
UBFC_PHYS_s04_T3_test,132,129,136.3,-0.6720005869865417,-0.14120682887249508
UBFC_PHYS_s04_T3_test,132,130,136.33333333333334,-0.20511680841445923,0.2879667341235838
UBFC_PHYS_s04_T3_test,132,131,136.36666666666667,0.2175654172897339,0.6921627306599976
UBFC_PHYS_s04_T3_test,132,132,136.4,0.5543001890182495,1.0301824656158514
UBFC_PHYS_s04_T3_test,132,133,136.43333333333334,0.7851012945175171,1.2678510333124287
UBFC_PHYS_s04_T3_test,132,134,136.46666666666667,0.9080197811126709,1.3841790397497848
UBFC_PHYS_s04_T3_test,132,135,136.5,0.9473782777786255,1.3746546505840065
UBFC_PHYS_s04_T3_test,132,136,136.53333333333333,0.9249169230461121,1.2506307781286663
UBFC_PHYS_s04_T3_test,132,137,136.56666666666666,0.8524755239486694,1.0352251741936196
UBFC_PHYS_s04_T3_test,132,138,136.6,0.7545519471168518,0.7573298480238825
UBFC_PHYS_s04_T3_test,132,139,136.63333333333333,0.6579341292381287,0.4457595704299117
UBFC_PHYS_s04_T3_test,132,140,136.66666666666666,0.5534036755561829,0.1251947936238483
UBFC_PHYS_s04_T3_test,132,141,136.7,0.42105236649513245,-0.18533720085696026
UBFC_PHYS_s04_T3_test,132,142,136.73333333333332,0.277095228433609,-0.4717117657762028
UBFC_PHYS_s04_T3_test,132,143,136.76666666666668,0.143905907869339,-0.7226598842234347
UBFC_PHYS_s04_T3_test,132,144,136.8,-0.00020714155107270926,-0.927592201239035
UBFC_PHYS_s04_T3_test,132,145,136.83333333333334,-0.17778317630290985,-1.075258660918721
UBFC_PHYS_s04_T3_test,132,146,136.86666666666667,-0.36504536867141724,-1.1538390528675926
UBFC_PHYS_s04_T3_test,132,147,136.9,-0.5313858389854431,-1.1526637593793865
UBFC_PHYS_s04_T3_test,132,148,136.93333333333334,-0.6871437430381775,-1.0653230477472193
UBFC_PHYS_s04_T3_test,132,149,136.96666666666667,-0.8845305442810059,-0.8932843347260659
UBFC_PHYS_s04_T3_test,132,150,137.0,-1.1532187461853027,-0.6484498180564484
UBFC_PHYS_s04_T3_test,132,151,137.03333333333333,-1.3713322877883911,-0.35310061744307386
UBFC_PHYS_s04_T3_test,132,152,137.06666666666666,-1.3285048007965088,-0.036772961478073685
UBFC_PHYS_s04_T3_test,132,153,137.1,-0.9980455040931702,0.2690318051791548
UBFC_PHYS_s04_T3_test,132,154,137.13333333333333,-0.5707443356513977,0.5367248153905558
UBFC_PHYS_s04_T3_test,132,155,137.16666666666666,-0.20760168135166168,0.7474276992748398
UBFC_PHYS_s04_T3_test,132,156,137.2,0.0801858976483345,0.8931803047009135
UBFC_PHYS_s04_T3_test,132,157,137.23333333333332,0.3201371729373932,0.9756942301105356
UBFC_PHYS_s04_T3_test,132,158,137.26666666666668,0.5002371072769165,1.0021182706718808
UBFC_PHYS_s04_T3_test,132,159,137.3,0.6029452681541443,0.9797637861187296
UBFC_PHYS_s04_T3_test,132,160,137.33333333333334,0.6529936194419861,0.9124545511606761
UBFC_PHYS_s04_T3_test,132,161,137.36666666666667,0.7130008935928345,0.800342659197861
UBFC_PHYS_s04_T3_test,132,162,137.4,0.818252444267273,0.6428726169305767
UBFC_PHYS_s04_T3_test,132,163,137.43333333333334,0.9248682260513306,0.442747522578683
UBFC_PHYS_s04_T3_test,132,164,137.46666666666667,0.9620634317398071,0.20865727024769262
UBFC_PHYS_s04_T3_test,132,165,137.5,0.9140517115592957,-0.0443164970670813
UBFC_PHYS_s04_T3_test,132,166,137.53333333333333,0.8125518560409546,-0.2964734622024626
UBFC_PHYS_s04_T3_test,132,167,137.56666666666666,0.6799471974372864,-0.52642813247388
UBFC_PHYS_s04_T3_test,132,168,137.6,0.5149222016334534,-0.7137895451114733
UBFC_PHYS_s04_T3_test,132,169,137.63333333333333,0.3244832754135132,-0.8406067721975403
UBFC_PHYS_s04_T3_test,132,170,137.66666666666666,0.13146203756332397,-0.8918263651826126
UBFC_PHYS_s04_T3_test,132,171,137.7,-0.05110324174165726,-0.8560834008361633
UBFC_PHYS_s04_T3_test,132,172,137.73333333333332,-0.23576360940933228,-0.7280986011993623
UBFC_PHYS_s04_T3_test,132,173,137.76666666666668,-0.4601040482521057,-0.5126843847371426
UBFC_PHYS_s04_T3_test,132,174,137.8,-0.7321345806121826,-0.22865423487597777
UBFC_PHYS_s04_T3_test,132,175,137.83333333333334,-0.9218329191207886,0.0898940068680553
UBFC_PHYS_s04_T3_test,132,176,137.86666666666667,-0.8383313417434692,0.3966352169045423
UBFC_PHYS_s04_T3_test,132,177,137.9,-0.48645347356796265,0.6403988170297081
UBFC_PHYS_s04_T3_test,132,178,137.93333333333334,-0.08001550287008286,0.7753276427702066
UBFC_PHYS_s04_T3_test,132,179,137.96666666666667,0.23057447373867035,0.7712387051301764
UBFC_PHYS_s04_T3_test,132,180,138.0,0.4521571695804596,0.6211847241747984
UBFC_PHYS_s04_T3_test,132,181,138.03333333333333,0.6004311442375183,0.3439235233613502
UBFC_PHYS_s04_T3_test,132,182,138.06666666666666,0.6694522500038147,-0.019119312948705874
UBFC_PHYS_s04_T3_test,132,183,138.1,0.6866709589958191,-0.41102364276555287
UBFC_PHYS_s04_T3_test,132,184,138.13333333333333,0.6868950724601746,-0.7687689121097088
UBFC_PHYS_s04_T3_test,132,185,138.16666666666666,0.6718006730079651,-1.0333061804818753
UBFC_PHYS_s04_T3_test,132,186,138.2,0.6416508555412292,-1.1591374830519814
UBFC_PHYS_s04_T3_test,132,187,138.23333333333332,0.6144731640815735,-1.1221924125900864
UBFC_PHYS_s04_T3_test,132,188,138.26666666666668,0.5684396028518677,-0.9245071444132399
UBFC_PHYS_s04_T3_test,132,189,138.3,0.442626953125,-0.5942321548117379
UBFC_PHYS_s04_T3_test,132,190,138.33333333333334,0.24089401960372925,-0.18030051918811787
UBFC_PHYS_s04_T3_test,132,191,138.36666666666667,0.03382103890180588,0.2573719910628862
UBFC_PHYS_s04_T3_test,132,192,138.4,-0.1528662145137787,0.6596132710016694
UBFC_PHYS_s04_T3_test,132,193,138.43333333333334,-0.37761589884757996,0.9782661960100277
UBFC_PHYS_s04_T3_test,132,194,138.46666666666667,-0.6731991767883301,1.1822620864085909
UBFC_PHYS_s04_T3_test,132,195,138.5,-0.9108702540397644,1.2585977425414379
UBFC_PHYS_s04_T3_test,132,196,138.53333333333333,-0.865265429019928,1.2094172539647963
UBFC_PHYS_s04_T3_test,132,197,138.56666666666666,-0.5251882672309875,1.0475915718862918
UBFC_PHYS_s04_T3_test,132,198,138.6,-0.10407494753599167,0.7929160656214738
UBFC_PHYS_s04_T3_test,132,199,138.63333333333333,0.21874451637268066,0.469955875887602
UBFC_PHYS_s04_T3_test,132,200,138.66666666666666,0.42272844910621643,0.10754292585352675
UBFC_PHYS_s04_T3_test,132,201,138.7,0.5406771898269653,-0.2609147268858765
UBFC_PHYS_s04_T3_test,132,202,138.73333333333332,0.5828129053115845,-0.5978551304247872
UBFC_PHYS_s04_T3_test,132,203,138.76666666666668,0.5605757236480713,-0.864363426840031
UBFC_PHYS_s04_T3_test,132,204,138.8,0.5108879208564758,-1.0260512098159627
UBFC_PHYS_s04_T3_test,132,205,138.83333333333334,0.46896663308143616,-1.0608607439134945
UBFC_PHYS_s04_T3_test,132,206,138.86666666666667,0.42714276909828186,-0.9657955553154783
UBFC_PHYS_s04_T3_test,132,207,138.9,0.3472077250480652,-0.7592858446545723
UBFC_PHYS_s04_T3_test,132,208,138.93333333333334,0.2183157503604889,-0.47777872349428874
UBFC_PHYS_s04_T3_test,132,209,138.96666666666667,0.06496481597423553,-0.16766357471658055
UBFC_PHYS_s04_T3_test,132,210,139.0,-0.09685418754816055,0.12495408780469323
UBFC_PHYS_s04_T3_test,132,211,139.03333333333333,-0.2819628119468689,0.36382403791534434
UBFC_PHYS_s04_T3_test,132,212,139.06666666666666,-0.5330619215965271,0.528867230001356
UBFC_PHYS_s04_T3_test,132,213,139.1,-0.8655285835266113,0.6174733888594441
UBFC_PHYS_s04_T3_test,132,214,139.13333333333333,-1.1392059326171875,0.6406805835436103
UBFC_PHYS_s04_T3_test,132,215,139.16666666666666,-1.10337495803833,0.6160777326975019
UBFC_PHYS_s04_T3_test,132,216,139.2,-0.6996557712554932,0.5605240152149367
UBFC_PHYS_s04_T3_test,132,217,139.23333333333332,-0.1777149736881256,0.4854755036505922
UBFC_PHYS_s04_T3_test,132,218,139.26666666666668,0.2090778648853302,0.39588544311160245
UBFC_PHYS_s04_T3_test,132,219,139.3,0.45978718996047974,0.29174691209308257
UBFC_PHYS_s04_T3_test,132,220,139.33333333333334,0.656647801399231,0.17075012158107414
UBFC_PHYS_s04_T3_test,132,221,139.36666666666667,0.7862219214439392,0.031104363822135613
UBFC_PHYS_s04_T3_test,132,222,139.4,0.8231344819068909,-0.12565917647929634
UBFC_PHYS_s04_T3_test,132,223,139.43333333333334,0.8086442351341248,-0.292006730070613
UBFC_PHYS_s04_T3_test,132,224,139.46666666666667,0.7947582006454468,-0.4526482213799765
UBFC_PHYS_s04_T3_test,132,225,139.5,0.7936083078384399,-0.584998549278294
UBFC_PHYS_s04_T3_test,132,226,139.53333333333333,0.7813495993614197,-0.6625946700007561
UBFC_PHYS_s04_T3_test,132,227,139.56666666666666,0.715115487575531,-0.6612237484421533
UBFC_PHYS_s04_T3_test,132,228,139.6,0.5766348242759705,-0.566776630152205
UBFC_PHYS_s04_T3_test,132,229,139.63333333333333,0.4021380841732025,-0.3828046009993373
UBFC_PHYS_s04_T3_test,132,230,139.66666666666666,0.23616787791252136,-0.1343357722813187
UBFC_PHYS_s04_T3_test,132,231,139.7,0.05717886984348297,0.13548133895105768
UBFC_PHYS_s04_T3_test,132,232,139.73333333333332,-0.21253246068954468,0.3764870598686335
UBFC_PHYS_s04_T3_test,132,233,139.76666666666668,-0.5656381845474243,0.546525555324874
UBFC_PHYS_s04_T3_test,132,234,139.8,-0.8075286149978638,0.6234357909035961
UBFC_PHYS_s04_T3_test,132,235,139.83333333333334,-0.7476480007171631,0.6081876802671454
UBFC_PHYS_s04_T3_test,132,236,139.86666666666667,-0.41764676570892334,0.5187035146378038
UBFC_PHYS_s04_T3_test,132,237,139.9,-0.005235360469669104,0.3792177681930237
UBFC_PHYS_s04_T3_test,132,238,139.93333333333334,0.35307398438453674,0.211177650164087
UBFC_PHYS_s04_T3_test,132,239,139.96666666666667,0.6287782192230225,0.02931850399453724
UBFC_PHYS_s04_T3_test,133,0,133.0,-0.8556182980537415,0.08067585174545296
UBFC_PHYS_s04_T3_test,133,1,133.03333333333333,-0.7246702313423157,-0.16913187317709716
UBFC_PHYS_s04_T3_test,133,2,133.06666666666666,-0.6596639156341553,-0.37960377858449684
UBFC_PHYS_s04_T3_test,133,3,133.1,-0.5743303894996643,-0.5177495879529509
UBFC_PHYS_s04_T3_test,133,4,133.13333333333333,-0.41104966402053833,-0.5625770627595259
UBFC_PHYS_s04_T3_test,133,5,133.16666666666666,-0.21646928787231445,-0.5081335055489323
UBFC_PHYS_s04_T3_test,133,6,133.2,-0.03721717372536659,-0.3632283800845448
UBFC_PHYS_s04_T3_test,133,7,133.23333333333332,0.12437770515680313,-0.14835813989568386
UBFC_PHYS_s04_T3_test,133,8,133.26666666666668,0.2558324933052063,0.10871538865810079
UBFC_PHYS_s04_T3_test,133,9,133.3,0.3176230788230896,0.3773022855770242
UBFC_PHYS_s04_T3_test,133,10,133.33333333333334,0.29424574971199036,0.6273270498793935
UBFC_PHYS_s04_T3_test,133,11,133.36666666666667,0.21620117127895355,0.8320913158807551
UBFC_PHYS_s04_T3_test,133,12,133.4,0.12137636542320251,0.9704610056014655
UBFC_PHYS_s04_T3_test,133,13,133.43333333333334,0.012100301682949066,1.0284585321195312
UBFC_PHYS_s04_T3_test,133,14,133.46666666666667,-0.12780307233333588,1.0000346289706523
UBFC_PHYS_s04_T3_test,133,15,133.5,-0.2754729092121124,0.8868657190794982
UBFC_PHYS_s04_T3_test,133,16,133.53333333333333,-0.3662731945514679,0.6973392666835037
UBFC_PHYS_s04_T3_test,133,17,133.56666666666666,-0.3797694742679596,0.44513028022372947
UBFC_PHYS_s04_T3_test,133,18,133.6,-0.3572106957435608,0.14769687762105543
UBFC_PHYS_s04_T3_test,133,19,133.63333333333333,-0.34498119354248047,-0.175192482505899
UBFC_PHYS_s04_T3_test,133,20,133.66666666666666,-0.35513508319854736,-0.5028565861125776
UBFC_PHYS_s04_T3_test,133,21,133.7,-0.3478851020336151,-0.814854565945624
UBFC_PHYS_s04_T3_test,133,22,133.73333333333332,-0.23373673856258392,-1.091582243472364
UBFC_PHYS_s04_T3_test,133,23,133.76666666666668,0.0295918770134449,-1.314131405043573
UBFC_PHYS_s04_T3_test,133,24,133.8,0.3378821313381195,-1.463742440924277
UBFC_PHYS_s04_T3_test,133,25,133.83333333333334,0.563635528087616,-1.521752717986623
UBFC_PHYS_s04_T3_test,133,26,133.86666666666667,0.6901790499687195,-1.4711129168906962
UBFC_PHYS_s04_T3_test,133,27,133.9,0.7328019738197327,-1.3000499843189923
UBFC_PHYS_s04_T3_test,133,28,133.93333333333334,0.6655154228210449,-1.0073650691235987
UBFC_PHYS_s04_T3_test,133,29,133.96666666666667,0.4975768029689789,-0.6075873682897908
UBFC_PHYS_s04_T3_test,133,30,134.0,0.2944406569004059,-0.13342422927189093
UBFC_PHYS_s04_T3_test,133,31,134.03333333333333,0.08161835372447968,0.3666602756470221
UBFC_PHYS_s04_T3_test,133,32,134.06666666666666,-0.16860376298427582,0.8361653996132782
UBFC_PHYS_s04_T3_test,133,33,134.1,-0.4525129795074463,1.2216363740875273
UBFC_PHYS_s04_T3_test,133,34,134.13333333333333,-0.7010882496833801,1.4834046880981724
UBFC_PHYS_s04_T3_test,133,35,134.16666666666666,-0.8353008031845093,1.6022055497585357
UBFC_PHYS_s04_T3_test,133,36,134.2,-0.833926796913147,1.579740223585399
UBFC_PHYS_s04_T3_test,133,37,134.23333333333332,-0.7377474904060364,1.4338991591481083
UBFC_PHYS_s04_T3_test,133,38,134.26666666666668,-0.6136596202850342,1.1913128870979506
UBFC_PHYS_s04_T3_test,133,39,134.3,-0.5171197652816772,0.8803660609404399
UBFC_PHYS_s04_T3_test,133,40,134.33333333333334,-0.4494629204273224,0.5268657734344906
UBFC_PHYS_s04_T3_test,133,41,134.36666666666667,-0.38384270668029785,0.1529791383493197
UBFC_PHYS_s04_T3_test,133,42,134.4,-0.3376240134239197,-0.22130190394613972
UBFC_PHYS_s04_T3_test,133,43,134.43333333333334,-0.35025304555892944,-0.57572886946855
UBFC_PHYS_s04_T3_test,133,44,134.46666666666667,-0.3759301006793976,-0.8881655500815147
UBFC_PHYS_s04_T3_test,133,45,134.5,-0.2934516966342926,-1.1349385982336964
UBFC_PHYS_s04_T3_test,133,46,134.53333333333333,-0.05687205120921135,-1.2931619721643555
UBFC_PHYS_s04_T3_test,133,47,134.56666666666666,0.2308862954378128,-1.344172664221176
UBFC_PHYS_s04_T3_test,133,48,134.6,0.46575090289115906,-1.2772765786009077
UBFC_PHYS_s04_T3_test,133,49,134.63333333333333,0.6270729303359985,-1.0932579250046288
UBFC_PHYS_s04_T3_test,133,50,134.66666666666666,0.735774040222168,-0.8067795370514468
UBFC_PHYS_s04_T3_test,133,51,134.7,0.7836688160896301,-0.44632798322320716
UBFC_PHYS_s04_T3_test,133,52,134.73333333333332,0.727257251739502,-0.05065671363830133
UBFC_PHYS_s04_T3_test,133,53,134.76666666666668,0.5673774480819702,0.33780570413331007
UBFC_PHYS_s04_T3_test,133,54,134.8,0.37743550539016724,0.6801321780793735
UBFC_PHYS_s04_T3_test,133,55,134.83333333333334,0.1847650557756424,0.9458960908626411
UBFC_PHYS_s04_T3_test,133,56,134.86666666666667,-0.03473229706287384,1.1154017126266618
UBFC_PHYS_s04_T3_test,133,57,134.9,-0.24831466376781464,1.1804938797151645
UBFC_PHYS_s04_T3_test,133,58,134.93333333333334,-0.410932719707489,1.1446575391616587
UBFC_PHYS_s04_T3_test,133,59,134.96666666666667,-0.5579886436462402,1.0216582168265784
UBFC_PHYS_s04_T3_test,133,60,135.0,-0.7154420614242554,0.8321597641500594
UBFC_PHYS_s04_T3_test,133,61,135.03333333333333,-0.8115239143371582,0.5990915343561701
UBFC_PHYS_s04_T3_test,133,62,135.06666666666666,-0.8001519441604614,0.3433506680342736
UBFC_PHYS_s04_T3_test,133,63,135.1,-0.7293866276741028,0.08115254595101946
UBFC_PHYS_s04_T3_test,133,64,135.13333333333333,-0.6584848165512085,-0.176603120136732
UBFC_PHYS_s04_T3_test,133,65,135.16666666666666,-0.6068384051322937,-0.42334114298318126
UBFC_PHYS_s04_T3_test,133,66,135.2,-0.5805279612541199,-0.6546536894924213
UBFC_PHYS_s04_T3_test,133,67,135.23333333333332,-0.5843478441238403,-0.8653039439071417
UBFC_PHYS_s04_T3_test,133,68,135.26666666666668,-0.624018132686615,-1.0460023952620006
UBFC_PHYS_s04_T3_test,133,69,135.3,-0.6996850371360779,-1.1811083654287031
UBFC_PHYS_s04_T3_test,133,70,135.33333333333334,-0.7604134678840637,-1.2486711641576007
UBFC_PHYS_s04_T3_test,133,71,135.36666666666667,-0.7107841372489929,-1.2238794827721875
UBFC_PHYS_s04_T3_test,133,72,135.4,-0.5003687739372253,-1.0859509473922602
UBFC_PHYS_s04_T3_test,133,73,135.43333333333334,-0.17360274493694305,-0.8269054419025981
UBFC_PHYS_s04_T3_test,133,74,135.46666666666667,0.17090821266174316,-0.4590838261790957
UBFC_PHYS_s04_T3_test,133,75,135.5,0.4463104009628296,-0.017704539169147257
UBFC_PHYS_s04_T3_test,133,76,135.53333333333333,0.6202906966209412,0.44397792326179547
UBFC_PHYS_s04_T3_test,133,77,135.56666666666666,0.7265751361846924,0.8662398909883084
UBFC_PHYS_s04_T3_test,133,78,135.6,0.7942222356796265,1.196899153032851
UBFC_PHYS_s04_T3_test,133,79,135.63333333333333,0.8066368699073792,1.4020455034055401
UBFC_PHYS_s04_T3_test,133,80,135.66666666666666,0.7228624224662781,1.469915953514417
UBFC_PHYS_s04_T3_test,133,81,135.7,0.5191318988800049,1.4081026954000153
UBFC_PHYS_s04_T3_test,133,82,135.73333333333332,0.2305939644575119,1.2368563451848413
UBFC_PHYS_s04_T3_test,133,83,135.76666666666668,-0.023642929270863533,0.9818283051496898
UBFC_PHYS_s04_T3_test,133,84,135.8,-0.12667270004749298,0.6687367495708351
UBFC_PHYS_s04_T3_test,133,85,135.83333333333334,-0.10937601327896118,0.3209055377662211
UBFC_PHYS_s04_T3_test,133,86,135.86666666666667,-0.10842104256153107,-0.040820903592282395
UBFC_PHYS_s04_T3_test,133,87,135.9,-0.19847099483013153,-0.3970065501952487
UBFC_PHYS_s04_T3_test,133,88,135.93333333333334,-0.32973089814186096,-0.7284551255364708
UBFC_PHYS_s04_T3_test,133,89,135.96666666666667,-0.4296618700027466,-1.0154378276857705
UBFC_PHYS_s04_T3_test,133,90,136.0,-0.5033506155014038,-1.2374617952087452
UBFC_PHYS_s04_T3_test,133,91,136.03333333333333,-0.5962070226669312,-1.3738127143577075
UBFC_PHYS_s04_T3_test,133,92,136.06666666666666,-0.7053661346435547,-1.4053925225670656
UBFC_PHYS_s04_T3_test,133,93,136.1,-0.820976197719574,-1.3182865268306787
UBFC_PHYS_s04_T3_test,133,94,136.13333333333333,-0.9876090288162231,-1.108686057551729
UBFC_PHYS_s04_T3_test,133,95,136.16666666666666,-1.2165586948394775,-0.7876197456040352
UBFC_PHYS_s04_T3_test,133,96,136.2,-1.3927022218704224,-0.38318258097910196
UBFC_PHYS_s04_T3_test,133,97,136.23333333333332,-1.3672006130218506,0.06168476693469908
UBFC_PHYS_s04_T3_test,133,98,136.26666666666668,-1.0987268686294556,0.49616914885053937
UBFC_PHYS_s04_T3_test,133,99,136.3,-0.6720005869865417,0.8714332734765696
UBFC_PHYS_s04_T3_test,133,100,136.33333333333334,-0.20511680841445923,1.1499485239173857
UBFC_PHYS_s04_T3_test,133,101,136.36666666666667,0.2175654172897339,1.3111036514741399
UBFC_PHYS_s04_T3_test,133,102,136.4,0.5543001890182495,1.3517933729122027
UBFC_PHYS_s04_T3_test,133,103,136.43333333333334,0.7851012945175171,1.282891463052984
UBFC_PHYS_s04_T3_test,133,104,136.46666666666667,0.9080197811126709,1.1235852788654699
UBFC_PHYS_s04_T3_test,133,105,136.5,0.9473782777786255,0.8955565921351241
UBFC_PHYS_s04_T3_test,133,106,136.53333333333333,0.9249169230461121,0.6186052743507758
UBFC_PHYS_s04_T3_test,133,107,136.56666666666666,0.8524755239486694,0.3087229458282798
UBFC_PHYS_s04_T3_test,133,108,136.6,0.7545519471168518,-0.021196094638749823
UBFC_PHYS_s04_T3_test,133,109,136.63333333333333,0.6579341292381287,-0.35872677327092584
UBFC_PHYS_s04_T3_test,133,110,136.66666666666666,0.5534036755561829,-0.6887774092615336
UBFC_PHYS_s04_T3_test,133,111,136.7,0.42105236649513245,-0.9914429497676184
UBFC_PHYS_s04_T3_test,133,112,136.73333333333332,0.277095228433609,-1.2417591258510479
UBFC_PHYS_s04_T3_test,133,113,136.76666666666668,0.143905907869339,-1.411548987067398
UBFC_PHYS_s04_T3_test,133,114,136.8,-0.00020714155107270926,-1.4731923640647684
UBFC_PHYS_s04_T3_test,133,115,136.83333333333334,-0.17778317630290985,-1.404991515911608
UBFC_PHYS_s04_T3_test,133,116,136.86666666666667,-0.36504536867141724,-1.197421980378985
UBFC_PHYS_s04_T3_test,133,117,136.9,-0.5313858389854431,-0.8587404886681691
UBFC_PHYS_s04_T3_test,133,118,136.93333333333334,-0.6871437430381775,-0.41759906742516045
UBFC_PHYS_s04_T3_test,133,119,136.96666666666667,-0.8845305442810059,0.07934022499155745
UBFC_PHYS_s04_T3_test,133,120,137.0,-1.1532187461853027,0.5748138847020767
UBFC_PHYS_s04_T3_test,133,121,137.03333333333333,-1.3713322877883911,1.0112416179249086
UBFC_PHYS_s04_T3_test,133,122,137.06666666666666,-1.3285048007965088,1.3409357669415136
UBFC_PHYS_s04_T3_test,133,123,137.1,-0.9980455040931702,1.5336698416300187
UBFC_PHYS_s04_T3_test,133,124,137.13333333333333,-0.5707443356513977,1.5798634582397681
UBFC_PHYS_s04_T3_test,133,125,137.16666666666666,-0.20760168135166168,1.4889001171349268
UBFC_PHYS_s04_T3_test,133,126,137.2,0.0801858976483345,1.2837502312682327
UBFC_PHYS_s04_T3_test,133,127,137.23333333333332,0.3201371729373932,0.9942234458349583
UBFC_PHYS_s04_T3_test,133,128,137.26666666666668,0.5002371072769165,0.6510747214495706
UBFC_PHYS_s04_T3_test,133,129,137.3,0.6029452681541443,0.2822369393215842
UBFC_PHYS_s04_T3_test,133,130,137.33333333333334,0.6529936194419861,-0.0885689236274722
UBFC_PHYS_s04_T3_test,133,131,137.36666666666667,0.7130008935928345,-0.4413883464411125
UBFC_PHYS_s04_T3_test,133,132,137.4,0.818252444267273,-0.7587754217212739
UBFC_PHYS_s04_T3_test,133,133,137.43333333333334,0.9248682260513306,-1.0246807785185255
UBFC_PHYS_s04_T3_test,133,134,137.46666666666667,0.9620634317398071,-1.2238795681591603
UBFC_PHYS_s04_T3_test,133,135,137.5,0.9140517115592957,-1.3419350189928312
UBFC_PHYS_s04_T3_test,133,136,137.53333333333333,0.8125518560409546,-1.3658925013693328
UBFC_PHYS_s04_T3_test,133,137,137.56666666666666,0.6799471974372864,-1.286156875223269
UBFC_PHYS_s04_T3_test,133,138,137.6,0.5149222016334534,-1.0996519655619792
UBFC_PHYS_s04_T3_test,133,139,137.63333333333333,0.3244832754135132,-0.8135012790790754
UBFC_PHYS_s04_T3_test,133,140,137.66666666666666,0.13146203756332397,-0.4476981456761571
UBFC_PHYS_s04_T3_test,133,141,137.7,-0.05110324174165726,-0.03514009011781113
UBFC_PHYS_s04_T3_test,133,142,137.73333333333332,-0.23576360940933228,0.38178631854354006
UBFC_PHYS_s04_T3_test,133,143,137.76666666666668,-0.4601040482521057,0.7575429761545895
UBFC_PHYS_s04_T3_test,133,144,137.8,-0.7321345806121826,1.050985038437797
UBFC_PHYS_s04_T3_test,133,145,137.83333333333334,-0.9218329191207886,1.231952108776798
UBFC_PHYS_s04_T3_test,133,146,137.86666666666667,-0.8383313417434692,1.2852309643075817
UBFC_PHYS_s04_T3_test,133,147,137.9,-0.48645347356796265,1.2112434417606917
UBFC_PHYS_s04_T3_test,133,148,137.93333333333334,-0.08001550287008286,1.0238286103837944
UBFC_PHYS_s04_T3_test,133,149,137.96666666666667,0.23057447373867035,0.7462057431882702
UBFC_PHYS_s04_T3_test,133,150,138.0,0.4521571695804596,0.4065437852691573
UBFC_PHYS_s04_T3_test,133,151,138.03333333333333,0.6004311442375183,0.03450691290932447
UBFC_PHYS_s04_T3_test,133,152,138.06666666666666,0.6694522500038147,-0.34032067791316595
UBFC_PHYS_s04_T3_test,133,153,138.1,0.6866709589958191,-0.6881318520064499
UBFC_PHYS_s04_T3_test,133,154,138.13333333333333,0.6868950724601746,-0.9778559421536344
UBFC_PHYS_s04_T3_test,133,155,138.16666666666666,0.6718006730079651,-1.1772921093567827
UBFC_PHYS_s04_T3_test,133,156,138.2,0.6416508555412292,-1.2561365795396493
UBFC_PHYS_s04_T3_test,133,157,138.23333333333332,0.6144731640815735,-1.1923298283833101
UBFC_PHYS_s04_T3_test,133,158,138.26666666666668,0.5684396028518677,-0.9801753318870453
UBFC_PHYS_s04_T3_test,133,159,138.3,0.442626953125,-0.636937013281344
UBFC_PHYS_s04_T3_test,133,160,138.33333333333334,0.24089401960372925,-0.20416539858031543
UBFC_PHYS_s04_T3_test,133,161,138.36666666666667,0.03382103890180588,0.2584150370722847
UBFC_PHYS_s04_T3_test,133,162,138.4,-0.1528662145137787,0.6853530978654004
UBFC_PHYS_s04_T3_test,133,163,138.43333333333334,-0.37761589884757996,1.0200803712422424
UBFC_PHYS_s04_T3_test,133,164,138.46666666666667,-0.6731991767883301,1.2265224420207244
UBFC_PHYS_s04_T3_test,133,165,138.5,-0.9108702540397644,1.2939237714235472
UBFC_PHYS_s04_T3_test,133,166,138.53333333333333,-0.865265429019928,1.2339366584586102
UBFC_PHYS_s04_T3_test,133,167,138.56666666666666,-0.5251882672309875,1.0720319720221363
UBFC_PHYS_s04_T3_test,133,168,138.6,-0.10407494753599167,0.8372365807889295
UBFC_PHYS_s04_T3_test,133,169,138.63333333333333,0.21874451637268066,0.5543404915965772
UBFC_PHYS_s04_T3_test,133,170,138.66666666666666,0.42272844910621643,0.2410823058476868
UBFC_PHYS_s04_T3_test,133,171,138.7,0.5406771898269653,-0.08966809621570473
UBFC_PHYS_s04_T3_test,133,172,138.73333333333332,0.5828129053115845,-0.4248673949044993
UBFC_PHYS_s04_T3_test,133,173,138.76666666666668,0.5605757236480713,-0.7465514071236715
UBFC_PHYS_s04_T3_test,133,174,138.8,0.5108879208564758,-1.0301145904933435
UBFC_PHYS_s04_T3_test,133,175,138.83333333333334,0.46896663308143616,-1.2466832531614733
UBFC_PHYS_s04_T3_test,133,176,138.86666666666667,0.42714276909828186,-1.3685280601667904
UBFC_PHYS_s04_T3_test,133,177,138.9,0.3472077250480652,-1.3751899926045499
UBFC_PHYS_s04_T3_test,133,178,138.93333333333334,0.2183157503604889,-1.2582977813683431
UBFC_PHYS_s04_T3_test,133,179,138.96666666666667,0.06496481597423553,-1.0241962633622603
UBFC_PHYS_s04_T3_test,133,180,139.0,-0.09685418754816055,-0.6943107332696804
UBFC_PHYS_s04_T3_test,133,181,139.03333333333333,-0.2819628119468689,-0.3031954267186528
UBFC_PHYS_s04_T3_test,133,182,139.06666666666666,-0.5330619215965271,0.10610420402993315
UBFC_PHYS_s04_T3_test,133,183,139.1,-0.8655285835266113,0.4893066402658284
UBFC_PHYS_s04_T3_test,133,184,139.13333333333333,-1.1392059326171875,0.809136357965282
UBFC_PHYS_s04_T3_test,133,185,139.16666666666666,-1.10337495803833,1.0416890276018629
UBFC_PHYS_s04_T3_test,133,186,139.2,-0.6996557712554932,1.1786031509508272
UBFC_PHYS_s04_T3_test,133,187,139.23333333333332,-0.1777149736881256,1.224642873970329
UBFC_PHYS_s04_T3_test,133,188,139.26666666666668,0.2090778648853302,1.1922539433972397
UBFC_PHYS_s04_T3_test,133,189,139.3,0.45978718996047974,1.0956428899088635
UBFC_PHYS_s04_T3_test,133,190,139.33333333333334,0.656647801399231,0.9466182122189847
UBFC_PHYS_s04_T3_test,133,191,139.36666666666667,0.7862219214439392,0.7532560929158677
UBFC_PHYS_s04_T3_test,133,192,139.4,0.8231344819068909,0.5211482124870965
UBFC_PHYS_s04_T3_test,133,193,139.43333333333334,0.8086442351341248,0.25607059852355357
UBFC_PHYS_s04_T3_test,133,194,139.46666666666667,0.7947582006454468,-0.03337347721508525
UBFC_PHYS_s04_T3_test,133,195,139.5,0.7936083078384399,-0.3342045038796739
UBFC_PHYS_s04_T3_test,133,196,139.53333333333333,0.7813495993614197,-0.6288983073539459
UBFC_PHYS_s04_T3_test,133,197,139.56666666666666,0.715115487575531,-0.896258688795913
UBFC_PHYS_s04_T3_test,133,198,139.6,0.5766348242759705,-1.1128953501253802
UBFC_PHYS_s04_T3_test,133,199,139.63333333333333,0.4021380841732025,-1.2551025011027905
UBFC_PHYS_s04_T3_test,133,200,139.66666666666666,0.23616787791252136,-1.3011546948106003
UBFC_PHYS_s04_T3_test,133,201,139.7,0.05717886984348297,-1.2342531204176463
UBFC_PHYS_s04_T3_test,133,202,139.73333333333332,-0.21253246068954468,-1.0464857924151951
UBFC_PHYS_s04_T3_test,133,203,139.76666666666668,-0.5656381845474243,-0.7436547473024687
UBFC_PHYS_s04_T3_test,133,204,139.8,-0.8075286149978638,-0.3494792405757873
UBFC_PHYS_s04_T3_test,133,205,139.83333333333334,-0.7476480007171631,0.09361833119565462
UBFC_PHYS_s04_T3_test,133,206,139.86666666666667,-0.41764676570892334,0.5298380891378589
UBFC_PHYS_s04_T3_test,133,207,139.9,-0.005235360469669104,0.9016442051046243
UBFC_PHYS_s04_T3_test,133,208,139.93333333333334,0.35307398438453674,1.1638633562557283
UBFC_PHYS_s04_T3_test,133,209,139.96666666666667,0.6287782192230225,1.2941073806309067
UBFC_PHYS_s04_T3_test,133,210,140.0,0.831027626991272,1.2952592469089814
UBFC_PHYS_s04_T3_test,133,211,140.03333333333333,0.9523772597312927,1.1899065893257865
UBFC_PHYS_s04_T3_test,133,212,140.06666666666666,0.9766998291015625,1.0098415346669696
UBFC_PHYS_s04_T3_test,133,213,140.1,0.9153379797935486,0.7849308472712839
UBFC_PHYS_s04_T3_test,133,214,140.13333333333333,0.8366210460662842,0.5351268706932273
UBFC_PHYS_s04_T3_test,133,215,140.16666666666666,0.796824038028717,0.2678069320341199
UBFC_PHYS_s04_T3_test,133,216,140.2,0.7527979016304016,-0.019303478703920768
UBFC_PHYS_s04_T3_test,133,217,140.23333333333332,0.6236428022384644,-0.3311187556612621
UBFC_PHYS_s04_T3_test,133,218,140.26666666666668,0.4352210462093353,-0.6667693422306673
UBFC_PHYS_s04_T3_test,133,219,140.3,0.2899971008300781,-1.012732312572893
UBFC_PHYS_s04_T3_test,133,220,140.33333333333334,0.18228018283843994,-1.3398430463804998
UBFC_PHYS_s04_T3_test,133,221,140.36666666666667,-0.009883539751172066,-1.6053746438501124
UBFC_PHYS_s04_T3_test,133,222,140.4,-0.36215120553970337,-1.7601920291402857
UBFC_PHYS_s04_T3_test,133,223,140.43333333333334,-0.7229259014129639,-1.7598739097223595
UBFC_PHYS_s04_T3_test,133,224,140.46666666666667,-0.7028422951698303,-1.5775538666422741
UBFC_PHYS_s04_T3_test,133,225,140.5,-0.059434883296489716,-1.215021855109834
UBFC_PHYS_s04_T3_test,133,226,140.53333333333333,0.8859190344810486,-0.7078689493939996
UBFC_PHYS_s04_T3_test,133,227,140.56666666666666,1.5604604482650757,-0.12143390741955692
UBFC_PHYS_s04_T3_test,133,228,140.6,1.8167924880981445,0.4624712613545354
UBFC_PHYS_s04_T3_test,133,229,140.63333333333333,1.842635154724121,0.9642092517219318
UBFC_PHYS_s04_T3_test,133,230,140.66666666666666,1.7840505838394165,1.3242075650002652
UBFC_PHYS_s04_T3_test,133,231,140.7,1.7229810953140259,1.5144167002016697
UBFC_PHYS_s04_T3_test,133,232,140.73333333333332,1.7600008249282837,1.5405202823055457
UBFC_PHYS_s04_T3_test,133,233,140.76666666666668,1.8709042072296143,1.4355702488673379
UBFC_PHYS_s04_T3_test,133,234,140.8,1.8226100206375122,1.2480691857789596
UBFC_PHYS_s04_T3_test,133,235,140.83333333333334,1.4739770889282227,1.0283035997233199
UBFC_PHYS_s04_T3_test,133,236,140.86666666666667,0.9785317778587341,0.8163713986229125
UBFC_PHYS_s04_T3_test,133,237,140.9,0.5598838329315186,0.6343527438428658
UBFC_PHYS_s04_T3_test,133,238,140.93333333333334,0.26098740100860596,0.483884999190347
UBFC_PHYS_s04_T3_test,133,239,140.96666666666667,0.030702762305736542,0.34935711342202197
UBFC_PHYS_s04_T3_test,134,0,134.0,0.2944406569004059,-0.00759841084207599
UBFC_PHYS_s04_T3_test,134,1,134.03333333333333,0.08161835372447968,-0.04552186764391052
UBFC_PHYS_s04_T3_test,134,2,134.06666666666666,-0.16860376298427582,-0.06996710994516663
UBFC_PHYS_s04_T3_test,134,3,134.1,-0.4525129795074463,-0.06824058370536434
UBFC_PHYS_s04_T3_test,134,4,134.13333333333333,-0.7010882496833801,-0.03380679196566638
UBFC_PHYS_s04_T3_test,134,5,134.16666666666666,-0.8353008031845093,0.032008179837994775
UBFC_PHYS_s04_T3_test,134,6,134.2,-0.833926796913147,0.11965314545830087
UBFC_PHYS_s04_T3_test,134,7,134.23333333333332,-0.7377474904060364,0.21231984174838073
UBFC_PHYS_s04_T3_test,134,8,134.26666666666668,-0.6136596202850342,0.28825078736486476
UBFC_PHYS_s04_T3_test,134,9,134.3,-0.5171197652816772,0.32434550842144744
UBFC_PHYS_s04_T3_test,134,10,134.33333333333334,-0.4494629204273224,0.30067940404433036
UBFC_PHYS_s04_T3_test,134,11,134.36666666666667,-0.38384270668029785,0.20524383453527167
UBFC_PHYS_s04_T3_test,134,12,134.4,-0.3376240134239197,0.0382188793236136
UBFC_PHYS_s04_T3_test,134,13,134.43333333333334,-0.35025304555892944,-0.18498927400394005
UBFC_PHYS_s04_T3_test,134,14,134.46666666666667,-0.3759301006793976,-0.4331262254205389
UBFC_PHYS_s04_T3_test,134,15,134.5,-0.2934516966342926,-0.6621848747229206
UBFC_PHYS_s04_T3_test,134,16,134.53333333333333,-0.05687205120921135,-0.8227295656924704
UBFC_PHYS_s04_T3_test,134,17,134.56666666666666,0.2308862954378128,-0.8705342565382174
UBFC_PHYS_s04_T3_test,134,18,134.6,0.46575090289115906,-0.778221008549377
UBFC_PHYS_s04_T3_test,134,19,134.63333333333333,0.6270729303359985,-0.5445962539153975
UBFC_PHYS_s04_T3_test,134,20,134.66666666666666,0.735774040222168,-0.1981701830339629
UBFC_PHYS_s04_T3_test,134,21,134.7,0.7836688160896301,0.2075279910259798
UBFC_PHYS_s04_T3_test,134,22,134.73333333333332,0.727257251739502,0.6065639874363845
UBFC_PHYS_s04_T3_test,134,23,134.76666666666668,0.5673774480819702,0.9373668071559678
UBFC_PHYS_s04_T3_test,134,24,134.8,0.37743550539016724,1.1572718695381663
UBFC_PHYS_s04_T3_test,134,25,134.83333333333334,0.1847650557756424,1.2491969092620316
UBFC_PHYS_s04_T3_test,134,26,134.86666666666667,-0.03473229706287384,1.2192978533573888
UBFC_PHYS_s04_T3_test,134,27,134.9,-0.24831466376781464,1.089016302101903
UBFC_PHYS_s04_T3_test,134,28,134.93333333333334,-0.410932719707489,0.8860487468116786
UBFC_PHYS_s04_T3_test,134,29,134.96666666666667,-0.5579886436462402,0.6372187091818113
UBFC_PHYS_s04_T3_test,134,30,135.0,-0.7154420614242554,0.364423653799265
UBFC_PHYS_s04_T3_test,134,31,135.03333333333333,-0.8115239143371582,0.08355599020304548
UBFC_PHYS_s04_T3_test,134,32,135.06666666666666,-0.8001519441604614,-0.1945212576684515
UBFC_PHYS_s04_T3_test,134,33,135.1,-0.7293866276741028,-0.46204375933356223
UBFC_PHYS_s04_T3_test,134,34,135.13333333333333,-0.6584848165512085,-0.7121307245650379
UBFC_PHYS_s04_T3_test,134,35,135.16666666666666,-0.6068384051322937,-0.9365978158200873
UBFC_PHYS_s04_T3_test,134,36,135.2,-0.5805279612541199,-1.124290534897404
UBFC_PHYS_s04_T3_test,134,37,135.23333333333332,-0.5843478441238403,-1.260645897616998
UBFC_PHYS_s04_T3_test,134,38,135.26666666666668,-0.624018132686615,-1.3288691566060262
UBFC_PHYS_s04_T3_test,134,39,135.3,-0.6996850371360779,-1.312548849636181
UBFC_PHYS_s04_T3_test,134,40,135.33333333333334,-0.7604134678840637,-1.1992416447347678
UBFC_PHYS_s04_T3_test,134,41,135.36666666666667,-0.7107841372489929,-0.9845365564748833
UBFC_PHYS_s04_T3_test,134,42,135.4,-0.5003687739372253,-0.6760030104197366
UBFC_PHYS_s04_T3_test,134,43,135.43333333333334,-0.17360274493694305,-0.29585463351058366
UBFC_PHYS_s04_T3_test,134,44,135.46666666666667,0.17090821266174316,0.11959247736577698
UBFC_PHYS_s04_T3_test,134,45,135.5,0.4463104009628296,0.5251724717398583
UBFC_PHYS_s04_T3_test,134,46,135.53333333333333,0.6202906966209412,0.8760864554716422
UBFC_PHYS_s04_T3_test,134,47,135.56666666666666,0.7265751361846924,1.1377728509985812
UBFC_PHYS_s04_T3_test,134,48,135.6,0.7942222356796265,1.2923112410300388
UBFC_PHYS_s04_T3_test,134,49,135.63333333333333,0.8066368699073792,1.3388732277318498
UBFC_PHYS_s04_T3_test,134,50,135.66666666666666,0.7228624224662781,1.2888934723337646
UBFC_PHYS_s04_T3_test,134,51,135.7,0.5191318988800049,1.1591416490998907
UBFC_PHYS_s04_T3_test,134,52,135.73333333333332,0.2305939644575119,0.9660934536805884
UBFC_PHYS_s04_T3_test,134,53,135.76666666666668,-0.023642929270863533,0.7234116354866337
UBFC_PHYS_s04_T3_test,134,54,135.8,-0.12667270004749298,0.4424340824571924
UBFC_PHYS_s04_T3_test,134,55,135.83333333333334,-0.10937601327896118,0.13433977494217078
UBFC_PHYS_s04_T3_test,134,56,135.86666666666667,-0.10842104256153107,-0.18755435869396891
UBFC_PHYS_s04_T3_test,134,57,135.9,-0.19847099483013153,-0.5064283849434675
UBFC_PHYS_s04_T3_test,134,58,135.93333333333334,-0.32973089814186096,-0.801932942808642
UBFC_PHYS_s04_T3_test,134,59,135.96666666666667,-0.4296618700027466,-1.0513927624571509
UBFC_PHYS_s04_T3_test,134,60,136.0,-0.5033506155014038,-1.2318625874416993
UBFC_PHYS_s04_T3_test,134,61,136.03333333333333,-0.5962070226669312,-1.3226459325579762
UBFC_PHYS_s04_T3_test,134,62,136.06666666666666,-0.7053661346435547,-1.308030451414303
UBFC_PHYS_s04_T3_test,134,63,136.1,-0.820976197719574,-1.1800947423460324
UBFC_PHYS_s04_T3_test,134,64,136.13333333333333,-0.9876090288162231,-0.941335145267324
UBFC_PHYS_s04_T3_test,134,65,136.16666666666666,-1.2165586948394775,-0.6065290812514952
UBFC_PHYS_s04_T3_test,134,66,136.2,-1.3927022218704224,-0.20291434746680753
UBFC_PHYS_s04_T3_test,134,67,136.23333333333332,-1.3672006130218506,0.2321320038369002
UBFC_PHYS_s04_T3_test,134,68,136.26666666666668,-1.0987268686294556,0.6559494510316722
UBFC_PHYS_s04_T3_test,134,69,136.3,-0.6720005869865417,1.0269064760767093
UBFC_PHYS_s04_T3_test,134,70,136.33333333333334,-0.20511680841445923,1.3103408182891962
UBFC_PHYS_s04_T3_test,134,71,136.36666666666667,0.2175654172897339,1.482554352248377
UBFC_PHYS_s04_T3_test,134,72,136.4,0.5543001890182495,1.5324884909699108
UBFC_PHYS_s04_T3_test,134,73,136.43333333333334,0.7851012945175171,1.4616757892145902
UBFC_PHYS_s04_T3_test,134,74,136.46666666666667,0.9080197811126709,1.2829392534476758
UBFC_PHYS_s04_T3_test,134,75,136.5,0.9473782777786255,1.0178106576123818
UBFC_PHYS_s04_T3_test,134,76,136.53333333333333,0.9249169230461121,0.6927735609715107
UBFC_PHYS_s04_T3_test,134,77,136.56666666666666,0.8524755239486694,0.33510473682948133
UBFC_PHYS_s04_T3_test,134,78,136.6,0.7545519471168518,-0.030446343420528686
UBFC_PHYS_s04_T3_test,134,79,136.63333333333333,0.6579341292381287,-0.3832471729279638
UBFC_PHYS_s04_T3_test,134,80,136.66666666666666,0.5534036755561829,-0.706833704696568
UBFC_PHYS_s04_T3_test,134,81,136.7,0.42105236649513245,-0.9883943121933523
UBFC_PHYS_s04_T3_test,134,82,136.73333333333332,0.277095228433609,-1.2183472696130553
UBFC_PHYS_s04_T3_test,134,83,136.76666666666668,0.143905907869339,-1.3898908423204
UBFC_PHYS_s04_T3_test,134,84,136.8,-0.00020714155107270926,-1.4981225746960654
UBFC_PHYS_s04_T3_test,134,85,136.83333333333334,-0.17778317630290985,-1.5386939559544917
UBFC_PHYS_s04_T3_test,134,86,136.86666666666667,-0.36504536867141724,-1.5065818191749896
UBFC_PHYS_s04_T3_test,134,87,136.9,-0.5313858389854431,-1.3959406868264013
UBFC_PHYS_s04_T3_test,134,88,136.93333333333334,-0.6871437430381775,-1.2018091704970222
UBFC_PHYS_s04_T3_test,134,89,136.96666666666667,-0.8845305442810059,-0.9236351527338652
UBFC_PHYS_s04_T3_test,134,90,137.0,-1.1532187461853027,-0.5695123662572964
UBFC_PHYS_s04_T3_test,134,91,137.03333333333333,-1.3713322877883911,-0.15939036000015033
UBFC_PHYS_s04_T3_test,134,92,137.06666666666666,-1.3285048007965088,0.2743011027975178
UBFC_PHYS_s04_T3_test,134,93,137.1,-0.9980455040931702,0.6897133245587518
UBFC_PHYS_s04_T3_test,134,94,137.13333333333333,-0.5707443356513977,1.0429008240336424
UBFC_PHYS_s04_T3_test,134,95,137.16666666666666,-0.20760168135166168,1.2982754047388971
UBFC_PHYS_s04_T3_test,134,96,137.2,0.0801858976483345,1.438183835980697
UBFC_PHYS_s04_T3_test,134,97,137.23333333333332,0.3201371729373932,1.4666421568793728
UBFC_PHYS_s04_T3_test,134,98,137.26666666666668,0.5002371072769165,1.4053061833687148
UBFC_PHYS_s04_T3_test,134,99,137.3,0.6029452681541443,1.2840983394151877
UBFC_PHYS_s04_T3_test,134,100,137.33333333333334,0.6529936194419861,1.1309018135222813
UBFC_PHYS_s04_T3_test,134,101,137.36666666666667,0.7130008935928345,0.9640137690507158
UBFC_PHYS_s04_T3_test,134,102,137.4,0.818252444267273,0.789151061925512
UBFC_PHYS_s04_T3_test,134,103,137.43333333333334,0.9248682260513306,0.6010534206265757
UBFC_PHYS_s04_T3_test,134,104,137.46666666666667,0.9620634317398071,0.3887138908446293
UBFC_PHYS_s04_T3_test,134,105,137.5,0.9140517115592957,0.14266919942669537
UBFC_PHYS_s04_T3_test,134,106,137.53333333333333,0.8125518560409546,-0.1377846710602877
UBFC_PHYS_s04_T3_test,134,107,137.56666666666666,0.6799471974372864,-0.4397680418500455
UBFC_PHYS_s04_T3_test,134,108,137.6,0.5149222016334534,-0.7360535111715526
UBFC_PHYS_s04_T3_test,134,109,137.63333333333333,0.3244832754135132,-0.9887797269187336
UBFC_PHYS_s04_T3_test,134,110,137.66666666666666,0.13146203756332397,-1.1567793078056476
UBFC_PHYS_s04_T3_test,134,111,137.7,-0.05110324174165726,-1.204843575739054
UBFC_PHYS_s04_T3_test,134,112,137.73333333333332,-0.23576360940933228,-1.1130122928759727
UBFC_PHYS_s04_T3_test,134,113,137.76666666666668,-0.4601040482521057,-0.8838939783640789
UBFC_PHYS_s04_T3_test,134,114,137.8,-0.7321345806121826,-0.5458602105915034
UBFC_PHYS_s04_T3_test,134,115,137.83333333333334,-0.9218329191207886,-0.1502849984180343
UBFC_PHYS_s04_T3_test,134,116,137.86666666666667,-0.8383313417434692,0.2375945816843759
UBFC_PHYS_s04_T3_test,134,117,137.9,-0.48645347356796265,0.5523857449505193
UBFC_PHYS_s04_T3_test,134,118,137.93333333333334,-0.08001550287008286,0.7428921691334188
UBFC_PHYS_s04_T3_test,134,119,137.96666666666667,0.23057447373867035,0.7824337607852251
UBFC_PHYS_s04_T3_test,134,120,138.0,0.4521571695804596,0.671834024668172
UBFC_PHYS_s04_T3_test,134,121,138.03333333333333,0.6004311442375183,0.4349296957777075
UBFC_PHYS_s04_T3_test,134,122,138.06666666666666,0.6694522500038147,0.10988386983344321
UBFC_PHYS_s04_T3_test,134,123,138.1,0.6866709589958191,-0.2589897929826933
UBFC_PHYS_s04_T3_test,134,124,138.13333333333333,0.6868950724601746,-0.625894071658494
UBFC_PHYS_s04_T3_test,134,125,138.16666666666666,0.6718006730079651,-0.9450333295736572
UBFC_PHYS_s04_T3_test,134,126,138.2,0.6416508555412292,-1.171694017161989
UBFC_PHYS_s04_T3_test,134,127,138.23333333333332,0.6144731640815735,-1.2658378310586682
UBFC_PHYS_s04_T3_test,134,128,138.26666666666668,0.5684396028518677,-1.199067342017466
UBFC_PHYS_s04_T3_test,134,129,138.3,0.442626953125,-0.9631523303727936
UBFC_PHYS_s04_T3_test,134,130,138.33333333333334,0.24089401960372925,-0.5767178886933184
UBFC_PHYS_s04_T3_test,134,131,138.36666666666667,0.03382103890180588,-0.08665412957702931
UBFC_PHYS_s04_T3_test,134,132,138.4,-0.1528662145137787,0.43788605486420934
UBFC_PHYS_s04_T3_test,134,133,138.43333333333334,-0.37761589884757996,0.9184871207808704
UBFC_PHYS_s04_T3_test,134,134,138.46666666666667,-0.6731991767883301,1.2839796298040322
UBFC_PHYS_s04_T3_test,134,135,138.5,-0.9108702540397644,1.4851984447234763
UBFC_PHYS_s04_T3_test,134,136,138.53333333333333,-0.865265429019928,1.503541737538267
UBFC_PHYS_s04_T3_test,134,137,138.56666666666666,-0.5251882672309875,1.3514560623850824
UBFC_PHYS_s04_T3_test,134,138,138.6,-0.10407494753599167,1.0657007753221106
UBFC_PHYS_s04_T3_test,134,139,138.63333333333333,0.21874451637268066,0.6962415952265746
UBFC_PHYS_s04_T3_test,134,140,138.66666666666666,0.42272844910621643,0.2945585522933844
UBFC_PHYS_s04_T3_test,134,141,138.7,0.5406771898269653,-0.09512919683835733
UBFC_PHYS_s04_T3_test,134,142,138.73333333333332,0.5828129053115845,-0.43966619404771123
UBFC_PHYS_s04_T3_test,134,143,138.76666666666668,0.5605757236480713,-0.7160104595333889
UBFC_PHYS_s04_T3_test,134,144,138.8,0.5108879208564758,-0.9079821388971674
UBFC_PHYS_s04_T3_test,134,145,138.83333333333334,0.46896663308143616,-1.0038844353711267
UBFC_PHYS_s04_T3_test,134,146,138.86666666666667,0.42714276909828186,-0.9967351289994879
UBFC_PHYS_s04_T3_test,134,147,138.9,0.3472077250480652,-0.8865841726174042
UBFC_PHYS_s04_T3_test,134,148,138.93333333333334,0.2183157503604889,-0.6830598644625914
UBFC_PHYS_s04_T3_test,134,149,138.96666666666667,0.06496481597423553,-0.4063886892180989
UBFC_PHYS_s04_T3_test,134,150,139.0,-0.09685418754816055,-0.08613662847854167
UBFC_PHYS_s04_T3_test,134,151,139.03333333333333,-0.2819628119468689,0.24214776804570753
UBFC_PHYS_s04_T3_test,134,152,139.06666666666666,-0.5330619215965271,0.5418908292969377
UBFC_PHYS_s04_T3_test,134,153,139.1,-0.8655285835266113,0.7813318298727078
UBFC_PHYS_s04_T3_test,134,154,139.13333333333333,-1.1392059326171875,0.9388970334299246
UBFC_PHYS_s04_T3_test,134,155,139.16666666666666,-1.10337495803833,1.0063236876613078
UBFC_PHYS_s04_T3_test,134,156,139.2,-0.6996557712554932,0.9882634293155853
UBFC_PHYS_s04_T3_test,134,157,139.23333333333332,-0.1777149736881256,0.8985061194748993
UBFC_PHYS_s04_T3_test,134,158,139.26666666666668,0.2090778648853302,0.7545101895350845
UBFC_PHYS_s04_T3_test,134,159,139.3,0.45978718996047974,0.5725457564614921
UBFC_PHYS_s04_T3_test,134,160,139.33333333333334,0.656647801399231,0.3649840600397605
UBFC_PHYS_s04_T3_test,134,161,139.36666666666667,0.7862219214439392,0.1399002045006984
UBFC_PHYS_s04_T3_test,134,162,139.4,0.8231344819068909,-0.09772659439305931
UBFC_PHYS_s04_T3_test,134,163,139.43333333333334,0.8086442351341248,-0.34404080206299165
UBFC_PHYS_s04_T3_test,134,164,139.46666666666667,0.7947582006454468,-0.5940621972867499
UBFC_PHYS_s04_T3_test,134,165,139.5,0.7936083078384399,-0.8394309474407777
UBFC_PHYS_s04_T3_test,134,166,139.53333333333333,0.7813495993614197,-1.066606895889223
UBFC_PHYS_s04_T3_test,134,167,139.56666666666666,0.715115487575531,-1.2563516317177439
UBFC_PHYS_s04_T3_test,134,168,139.6,0.5766348242759705,-1.3853635108043731
UBFC_PHYS_s04_T3_test,134,169,139.63333333333333,0.4021380841732025,-1.4303019329711755
UBFC_PHYS_s04_T3_test,134,170,139.66666666666666,0.23616787791252136,-1.3732775592453177
UBFC_PHYS_s04_T3_test,134,171,139.7,0.05717886984348297,-1.207002649492635
UBFC_PHYS_s04_T3_test,134,172,139.73333333333332,-0.21253246068954468,-0.937856086267487
UBFC_PHYS_s04_T3_test,134,173,139.76666666666668,-0.5656381845474243,-0.5858983639757024
UBFC_PHYS_s04_T3_test,134,174,139.8,-0.8075286149978638,-0.18183250580428573
UBFC_PHYS_s04_T3_test,134,175,139.83333333333334,-0.7476480007171631,0.23815469931047092
UBFC_PHYS_s04_T3_test,134,176,139.86666666666667,-0.41764676570892334,0.6380223445964124
UBFC_PHYS_s04_T3_test,134,177,139.9,-0.005235360469669104,0.9863737576505164
UBFC_PHYS_s04_T3_test,134,178,139.93333333333334,0.35307398438453674,1.2591631810226471
UBFC_PHYS_s04_T3_test,134,179,139.96666666666667,0.6287782192230225,1.4409074010964877
UBFC_PHYS_s04_T3_test,134,180,140.0,0.831027626991272,1.5248553697381741
UBFC_PHYS_s04_T3_test,134,181,140.03333333333333,0.9523772597312927,1.5122117785608336
UBFC_PHYS_s04_T3_test,134,182,140.06666666666666,0.9766998291015625,1.41033536151975
UBFC_PHYS_s04_T3_test,134,183,140.1,0.9153379797935486,1.230086528579827
UBFC_PHYS_s04_T3_test,134,184,140.13333333333333,0.8366210460662842,0.9830103552544096
UBFC_PHYS_s04_T3_test,134,185,140.16666666666666,0.796824038028717,0.6794272765179549
UBFC_PHYS_s04_T3_test,134,186,140.2,0.7527979016304016,0.32840823284394716
UBFC_PHYS_s04_T3_test,134,187,140.23333333333332,0.6236428022384644,-0.06005760548022728
UBFC_PHYS_s04_T3_test,134,188,140.26666666666668,0.4352210462093353,-0.47139480432247255
UBFC_PHYS_s04_T3_test,134,189,140.3,0.2899971008300781,-0.8827702124247468
UBFC_PHYS_s04_T3_test,134,190,140.33333333333334,0.18228018283843994,-1.2611287692049609
UBFC_PHYS_s04_T3_test,134,191,140.36666666666667,-0.009883539751172066,-1.5643798981755426
UBFC_PHYS_s04_T3_test,134,192,140.4,-0.36215120553970337,-1.746611573588252
UBFC_PHYS_s04_T3_test,134,193,140.43333333333334,-0.7229259014129639,-1.7671855889797523
UBFC_PHYS_s04_T3_test,134,194,140.46666666666667,-0.7028422951698303,-1.6020167854279712
UBFC_PHYS_s04_T3_test,134,195,140.5,-0.059434883296489716,-1.2537118761906325
UBFC_PHYS_s04_T3_test,134,196,140.53333333333333,0.8859190344810486,-0.7564432499111969
UBFC_PHYS_s04_T3_test,134,197,140.56666666666666,1.5604604482650757,-0.1725050923710544
UBFC_PHYS_s04_T3_test,134,198,140.6,1.8167924880981445,0.41947610166184496
UBFC_PHYS_s04_T3_test,134,199,140.63333333333333,1.842635154724121,0.9414194609837697
UBFC_PHYS_s04_T3_test,134,200,140.66666666666666,1.7840505838394165,1.3327465857060443
UBFC_PHYS_s04_T3_test,134,201,140.7,1.7229810953140259,1.562381864612678
UBFC_PHYS_s04_T3_test,134,202,140.73333333333332,1.7600008249282837,1.6320681728740625
UBFC_PHYS_s04_T3_test,134,203,140.76666666666668,1.8709042072296143,1.570050225946693
UBFC_PHYS_s04_T3_test,134,204,140.8,1.8226100206375122,1.4179433339797507
UBFC_PHYS_s04_T3_test,134,205,140.83333333333334,1.4739770889282227,1.2162415866286738
UBFC_PHYS_s04_T3_test,134,206,140.86666666666667,0.9785317778587341,0.9937125995339938
UBFC_PHYS_s04_T3_test,134,207,140.9,0.5598838329315186,0.7635062920850496
UBFC_PHYS_s04_T3_test,134,208,140.93333333333334,0.26098740100860596,0.5258583727468029
UBFC_PHYS_s04_T3_test,134,209,140.96666666666667,0.030702762305736542,0.27494153190839865
UBFC_PHYS_s04_T3_test,134,210,141.0,-0.14962124824523926,0.006317184896064738
UBFC_PHYS_s04_T3_test,134,211,141.03333333333333,-0.337078332901001,-0.2781375127878391
UBFC_PHYS_s04_T3_test,134,212,141.06666666666666,-0.62492436170578,-0.5692566984157174
UBFC_PHYS_s04_T3_test,134,213,141.1,-0.9943035840988159,-0.8529306848266721
UBFC_PHYS_s04_T3_test,134,214,141.13333333333333,-1.333747386932373,-1.1137295787918593
UBFC_PHYS_s04_T3_test,134,215,141.16666666666666,-1.5897284746170044,-1.337634900936313
UBFC_PHYS_s04_T3_test,134,216,141.2,-1.7442682981491089,-1.512767010138253
UBFC_PHYS_s04_T3_test,134,217,141.23333333333332,-1.741023302078247,-1.6284335497449447
UBFC_PHYS_s04_T3_test,134,218,141.26666666666668,-1.5949516296386719,-1.6737685281375156
UBFC_PHYS_s04_T3_test,134,219,141.3,-1.3993967771530151,-1.6374080117704115
UBFC_PHYS_s04_T3_test,134,220,141.33333333333334,-1.1378222703933716,-1.5091914970330351
UBFC_PHYS_s04_T3_test,134,221,141.36666666666667,-0.7613391876220703,-1.2840123734615516
UBFC_PHYS_s04_T3_test,134,222,141.4,-0.36796873807907104,-0.9668721531117941
UBFC_PHYS_s04_T3_test,134,223,141.43333333333334,-0.09807226806879044,-0.5770553400689816
UBFC_PHYS_s04_T3_test,134,224,141.46666666666667,0.041538771241903305,-0.14865569581389104
UBFC_PHYS_s04_T3_test,134,225,141.5,0.13906283676624298,0.27438687330526745
UBFC_PHYS_s04_T3_test,134,226,141.53333333333333,0.24526934325695038,0.6477773697846622
UBFC_PHYS_s04_T3_test,134,227,141.56666666666666,0.3456583321094513,0.9371375888414967
UBFC_PHYS_s04_T3_test,134,228,141.6,0.4199122488498688,1.1247140843508137
UBFC_PHYS_s04_T3_test,134,229,141.63333333333333,0.4462324380874634,1.2101959632619745
UBFC_PHYS_s04_T3_test,134,230,141.66666666666666,0.3836038410663605,1.2066234899140293
UBFC_PHYS_s04_T3_test,134,231,141.7,0.2343943566083908,1.134509357933069
UBFC_PHYS_s04_T3_test,134,232,141.73333333333332,0.07364726066589355,1.0168172887685296
UBFC_PHYS_s04_T3_test,134,233,141.76666666666668,-0.055069297552108765,0.8756221019270856
UBFC_PHYS_s04_T3_test,134,234,141.8,-0.1919226050376892,0.7300674965431735
UBFC_PHYS_s04_T3_test,134,235,141.83333333333334,-0.3617614209651947,0.5950242784393701
UBFC_PHYS_s04_T3_test,134,236,141.86666666666667,-0.5520249605178833,0.4801017689476665
UBFC_PHYS_s04_T3_test,134,237,141.9,-0.7665135860443115,0.3889774858506662
UBFC_PHYS_s04_T3_test,134,238,141.93333333333334,-0.9652256965637207,0.31923457533006544
UBFC_PHYS_s04_T3_test,134,239,141.96666666666667,-1.017797827720642,0.26311441192694274
UBFC_PHYS_s04_T3_test,135,0,135.0,-0.7154420614242554,-0.06481555262843536
UBFC_PHYS_s04_T3_test,135,1,135.03333333333333,-0.8115239143371582,-0.2450660691076999
UBFC_PHYS_s04_T3_test,135,2,135.06666666666666,-0.8001519441604614,-0.40459789154609793
UBFC_PHYS_s04_T3_test,135,3,135.1,-0.7293866276741028,-0.5302573386987705
UBFC_PHYS_s04_T3_test,135,4,135.13333333333333,-0.6584848165512085,-0.6168517140944019
UBFC_PHYS_s04_T3_test,135,5,135.16666666666666,-0.6068384051322937,-0.6666549829631404
UBFC_PHYS_s04_T3_test,135,6,135.2,-0.5805279612541199,-0.685299247032662
UBFC_PHYS_s04_T3_test,135,7,135.23333333333332,-0.5843478441238403,-0.676059222453531
UBFC_PHYS_s04_T3_test,135,8,135.26666666666668,-0.624018132686615,-0.6356238474756191
UBFC_PHYS_s04_T3_test,135,9,135.3,-0.6996850371360779,-0.5538419746636607
UBFC_PHYS_s04_T3_test,135,10,135.33333333333334,-0.7604134678840637,-0.4179673271770214
UBFC_PHYS_s04_T3_test,135,11,135.36666666666667,-0.7107841372489929,-0.21973722150705144
UBFC_PHYS_s04_T3_test,135,12,135.4,-0.5003687739372253,0.037652368791295895
UBFC_PHYS_s04_T3_test,135,13,135.43333333333334,-0.17360274493694305,0.33554672108412037
UBFC_PHYS_s04_T3_test,135,14,135.46666666666667,0.17090821266174316,0.6405447965271442
UBFC_PHYS_s04_T3_test,135,15,135.5,0.4463104009628296,0.9101680987334433
UBFC_PHYS_s04_T3_test,135,16,135.53333333333333,0.6202906966209412,1.102369710945504
UBFC_PHYS_s04_T3_test,135,17,135.56666666666666,0.7265751361846924,1.186326709073624
UBFC_PHYS_s04_T3_test,135,18,135.6,0.7942222356796265,1.1506475863984291
UBFC_PHYS_s04_T3_test,135,19,135.63333333333333,0.8066368699073792,1.0054846058153122
UBFC_PHYS_s04_T3_test,135,20,135.66666666666666,0.7228624224662781,0.7778181325507711
UBFC_PHYS_s04_T3_test,135,21,135.7,0.5191318988800049,0.5024384437744033
UBFC_PHYS_s04_T3_test,135,22,135.73333333333332,0.2305939644575119,0.21255083945705422
UBFC_PHYS_s04_T3_test,135,23,135.76666666666668,-0.023642929270863533,-0.0668247675632977
UBFC_PHYS_s04_T3_test,135,24,135.8,-0.12667270004749298,-0.32135726772113943
UBFC_PHYS_s04_T3_test,135,25,135.83333333333334,-0.10937601327896118,-0.5462851952536275
UBFC_PHYS_s04_T3_test,135,26,135.86666666666667,-0.10842104256153107,-0.7430486075540185
UBFC_PHYS_s04_T3_test,135,27,135.9,-0.19847099483013153,-0.91506491904522
UBFC_PHYS_s04_T3_test,135,28,135.93333333333334,-0.32973089814186096,-1.0636538499858645
UBFC_PHYS_s04_T3_test,135,29,135.96666666666667,-0.4296618700027466,-1.1848056178087232
UBFC_PHYS_s04_T3_test,135,30,136.0,-0.5033506155014038,-1.2674466592414602
UBFC_PHYS_s04_T3_test,135,31,136.03333333333333,-0.5962070226669312,-1.293844225942233
UBFC_PHYS_s04_T3_test,135,32,136.06666666666666,-0.7053661346435547,-1.2425072986040575
UBFC_PHYS_s04_T3_test,135,33,136.1,-0.820976197719574,-1.0934494825311636
UBFC_PHYS_s04_T3_test,135,34,136.13333333333333,-0.9876090288162231,-0.8351027135473453
UBFC_PHYS_s04_T3_test,135,35,136.16666666666666,-1.2165586948394775,-0.47138108596151107
UBFC_PHYS_s04_T3_test,135,36,136.2,-1.3927022218704224,-0.02649739692059212
UBFC_PHYS_s04_T3_test,135,37,136.23333333333332,-1.3672006130218506,0.455153004000069
UBFC_PHYS_s04_T3_test,135,38,136.26666666666668,-1.0987268686294556,0.9156562929922761
UBFC_PHYS_s04_T3_test,135,39,136.3,-0.6720005869865417,1.2958653055512472
UBFC_PHYS_s04_T3_test,135,40,136.33333333333334,-0.20511680841445923,1.5493613617430695
UBFC_PHYS_s04_T3_test,135,41,136.36666666666667,0.2175654172897339,1.6528064927996493
UBFC_PHYS_s04_T3_test,135,42,136.4,0.5543001890182495,1.6090396730816525
UBFC_PHYS_s04_T3_test,135,43,136.43333333333334,0.7851012945175171,1.4426098775560516
UBFC_PHYS_s04_T3_test,135,44,136.46666666666667,0.9080197811126709,1.190302268890107
UBFC_PHYS_s04_T3_test,135,45,136.5,0.9473782777786255,0.8905099454955155
UBFC_PHYS_s04_T3_test,135,46,136.53333333333333,0.9249169230461121,0.5749458566561257
UBFC_PHYS_s04_T3_test,135,47,136.56666666666666,0.8524755239486694,0.26465826708351126
UBFC_PHYS_s04_T3_test,135,48,136.6,0.7545519471168518,-0.02960243210211727
UBFC_PHYS_s04_T3_test,135,49,136.63333333333333,0.6579341292381287,-0.3041038749007244
UBFC_PHYS_s04_T3_test,135,50,136.66666666666666,0.5534036755561829,-0.5579050428169976
UBFC_PHYS_s04_T3_test,135,51,136.7,0.42105236649513245,-0.7891765342255
UBFC_PHYS_s04_T3_test,135,52,136.73333333333332,0.277095228433609,-0.9925887861574766
UBFC_PHYS_s04_T3_test,135,53,136.76666666666668,0.143905907869339,-1.157738333597637
UBFC_PHYS_s04_T3_test,135,54,136.8,-0.00020714155107270926,-1.2689049735228308
UBFC_PHYS_s04_T3_test,135,55,136.83333333333334,-0.17778317630290985,-1.3069271619811293
UBFC_PHYS_s04_T3_test,135,56,136.86666666666667,-0.36504536867141724,-1.2537164282865547
UBFC_PHYS_s04_T3_test,135,57,136.9,-0.5313858389854431,-1.098770148000367
UBFC_PHYS_s04_T3_test,135,58,136.93333333333334,-0.6871437430381775,-0.8455586158397019
UBFC_PHYS_s04_T3_test,135,59,136.96666666666667,-0.8845305442810059,-0.5147640483788829
UBFC_PHYS_s04_T3_test,135,60,137.0,-1.1532187461853027,-0.14192267301952996
UBFC_PHYS_s04_T3_test,135,61,137.03333333333333,-1.3713322877883911,0.23048175793031503
UBFC_PHYS_s04_T3_test,135,62,137.06666666666666,-1.3285048007965088,0.5630526512634076
UBFC_PHYS_s04_T3_test,135,63,137.1,-0.9980455040931702,0.8270050961659787
UBFC_PHYS_s04_T3_test,135,64,137.13333333333333,-0.5707443356513977,1.0069859174025741
UBFC_PHYS_s04_T3_test,135,65,137.16666666666666,-0.20760168135166168,1.1001547760718189
UBFC_PHYS_s04_T3_test,135,66,137.2,0.0801858976483345,1.1132367968090056
UBFC_PHYS_s04_T3_test,135,67,137.23333333333332,0.3201371729373932,1.0585547260924657
UBFC_PHYS_s04_T3_test,135,68,137.26666666666668,0.5002371072769165,0.9499722741342825
UBFC_PHYS_s04_T3_test,135,69,137.3,0.6029452681541443,0.7999877632083175
UBFC_PHYS_s04_T3_test,135,70,137.33333333333334,0.6529936194419861,0.6188441586164103
UBFC_PHYS_s04_T3_test,135,71,137.36666666666667,0.7130008935928345,0.41547653571968723
UBFC_PHYS_s04_T3_test,135,72,137.4,0.818252444267273,0.19910171116757222
UBFC_PHYS_s04_T3_test,135,73,137.43333333333334,0.9248682260513306,-0.020013847374940587
UBFC_PHYS_s04_T3_test,135,74,137.46666666666667,0.9620634317398071,-0.23133987269765388
UBFC_PHYS_s04_T3_test,135,75,137.5,0.9140517115592957,-0.4259544973331567
UBFC_PHYS_s04_T3_test,135,76,137.53333333333333,0.8125518560409546,-0.5981849299285088
UBFC_PHYS_s04_T3_test,135,77,137.56666666666666,0.6799471974372864,-0.7456967946309729
UBFC_PHYS_s04_T3_test,135,78,137.6,0.5149222016334534,-0.8675621472801651
UBFC_PHYS_s04_T3_test,135,79,137.63333333333333,0.3244832754135132,-0.9610354689562601
UBFC_PHYS_s04_T3_test,135,80,137.66666666666666,0.13146203756332397,-1.0186680935124244
UBFC_PHYS_s04_T3_test,135,81,137.7,-0.05110324174165726,-1.0276011440791293
UBFC_PHYS_s04_T3_test,135,82,137.73333333333332,-0.23576360940933228,-0.9722452182182855
UBFC_PHYS_s04_T3_test,135,83,137.76666666666668,-0.4601040482521057,-0.8401143495855238
UBFC_PHYS_s04_T3_test,135,84,137.8,-0.7321345806121826,-0.6288059436456309
UBFC_PHYS_s04_T3_test,135,85,137.83333333333334,-0.9218329191207886,-0.35103549994448124
UBFC_PHYS_s04_T3_test,135,86,137.86666666666667,-0.8383313417434692,-0.03507392053130113
UBFC_PHYS_s04_T3_test,135,87,137.9,-0.48645347356796265,0.280203461759204
UBFC_PHYS_s04_T3_test,135,88,137.93333333333334,-0.08001550287008286,0.5540815522757643
UBFC_PHYS_s04_T3_test,135,89,137.96666666666667,0.23057447373867035,0.7534916958454899
UBFC_PHYS_s04_T3_test,135,90,138.0,0.4521571695804596,0.8602424141414958
UBFC_PHYS_s04_T3_test,135,91,138.03333333333333,0.6004311442375183,0.8741876192372305
UBFC_PHYS_s04_T3_test,135,92,138.06666666666666,0.6694522500038147,0.8118304815094236
UBFC_PHYS_s04_T3_test,135,93,138.1,0.6866709589958191,0.7011192092875774
UBFC_PHYS_s04_T3_test,135,94,138.13333333333333,0.6868950724601746,0.5743110232042798
UBFC_PHYS_s04_T3_test,135,95,138.16666666666666,0.6718006730079651,0.4610710998426433
UBFC_PHYS_s04_T3_test,135,96,138.2,0.6416508555412292,0.38312465008380653
UBFC_PHYS_s04_T3_test,135,97,138.23333333333332,0.6144731640815735,0.3507398788179479
UBFC_PHYS_s04_T3_test,135,98,138.26666666666668,0.5684396028518677,0.36106186519585454
UBFC_PHYS_s04_T3_test,135,99,138.3,0.442626953125,0.39862762323601064
UBFC_PHYS_s04_T3_test,135,100,138.33333333333334,0.24089401960372925,0.438506769372115
UBFC_PHYS_s04_T3_test,135,101,138.36666666666667,0.03382103890180588,0.45199125496303183
UBFC_PHYS_s04_T3_test,135,102,138.4,-0.1528662145137787,0.4137087206935479
UBFC_PHYS_s04_T3_test,135,103,138.43333333333334,-0.37761589884757996,0.30810965658691386
UBFC_PHYS_s04_T3_test,135,104,138.46666666666667,-0.6731991767883301,0.13318143660973658
UBFC_PHYS_s04_T3_test,135,105,138.5,-0.9108702540397644,-0.09981553793997414
UBFC_PHYS_s04_T3_test,135,106,138.53333333333333,-0.865265429019928,-0.3701789942168464
UBFC_PHYS_s04_T3_test,135,107,138.56666666666666,-0.5251882672309875,-0.6533074597558352
UBFC_PHYS_s04_T3_test,135,108,138.6,-0.10407494753599167,-0.925571761780858
UBFC_PHYS_s04_T3_test,135,109,138.63333333333333,0.21874451637268066,-1.1666359811593199
UBFC_PHYS_s04_T3_test,135,110,138.66666666666666,0.42272844910621643,-1.3586163537337657
UBFC_PHYS_s04_T3_test,135,111,138.7,0.5406771898269653,-1.4831970512906105
UBFC_PHYS_s04_T3_test,135,112,138.73333333333332,0.5828129053115845,-1.5193756592969103
UBFC_PHYS_s04_T3_test,135,113,138.76666666666668,0.5605757236480713,-1.4447388728500956
UBFC_PHYS_s04_T3_test,135,114,138.8,0.5108879208564758,-1.2414564659602396
UBFC_PHYS_s04_T3_test,135,115,138.83333333333334,0.46896663308143616,-0.9053606132713732
UBFC_PHYS_s04_T3_test,135,116,138.86666666666667,0.42714276909828186,-0.45411419406960085
UBFC_PHYS_s04_T3_test,135,117,138.9,0.3472077250480652,0.07011597398064248
UBFC_PHYS_s04_T3_test,135,118,138.93333333333334,0.2183157503604889,0.6062955466273693
UBFC_PHYS_s04_T3_test,135,119,138.96666666666667,0.06496481597423553,1.0876125246296224
UBFC_PHYS_s04_T3_test,135,120,139.0,-0.09685418754816055,1.4572754289634962
UBFC_PHYS_s04_T3_test,135,121,139.03333333333333,-0.2819628119468689,1.68082499707532
UBFC_PHYS_s04_T3_test,135,122,139.06666666666666,-0.5330619215965271,1.7509602821652668
UBFC_PHYS_s04_T3_test,135,123,139.1,-0.8655285835266113,1.6845436780499579
UBFC_PHYS_s04_T3_test,135,124,139.13333333333333,-1.1392059326171875,1.5139251707440038
UBFC_PHYS_s04_T3_test,135,125,139.16666666666666,-1.10337495803833,1.2758666035690849
UBFC_PHYS_s04_T3_test,135,126,139.2,-0.6996557712554932,1.0018256640789096
UBFC_PHYS_s04_T3_test,135,127,139.23333333333332,-0.1777149736881256,0.7126961883626479
UBFC_PHYS_s04_T3_test,135,128,139.26666666666668,0.2090778648853302,0.4189646099951451
UBFC_PHYS_s04_T3_test,135,129,139.3,0.45978718996047974,0.12480971185981761
UBFC_PHYS_s04_T3_test,135,130,139.33333333333334,0.656647801399231,-0.16662380138919736
UBFC_PHYS_s04_T3_test,135,131,139.36666666666667,0.7862219214439392,-0.44937555049344224
UBFC_PHYS_s04_T3_test,135,132,139.4,0.8231344819068909,-0.7136385017931185
UBFC_PHYS_s04_T3_test,135,133,139.43333333333334,0.8086442351341248,-0.9473418074644308
UBFC_PHYS_s04_T3_test,135,134,139.46666666666667,0.7947582006454468,-1.1388539209006896
UBFC_PHYS_s04_T3_test,135,135,139.5,0.7936083078384399,-1.2790056021884617
UBFC_PHYS_s04_T3_test,135,136,139.53333333333333,0.7813495993614197,-1.361460653086859
UBFC_PHYS_s04_T3_test,135,137,139.56666666666666,0.715115487575531,-1.381749286950326
UBFC_PHYS_s04_T3_test,135,138,139.6,0.5766348242759705,-1.3361209874972937
UBFC_PHYS_s04_T3_test,135,139,139.63333333333333,0.4021380841732025,-1.2213097708250487
UBFC_PHYS_s04_T3_test,135,140,139.66666666666666,0.23616787791252136,-1.0355163469963038
UBFC_PHYS_s04_T3_test,135,141,139.7,0.05717886984348297,-0.7801792854636603
UBFC_PHYS_s04_T3_test,135,142,139.73333333333332,-0.21253246068954468,-0.4619944270305107
UBFC_PHYS_s04_T3_test,135,143,139.76666666666668,-0.5656381845474243,-0.0947891202893181
UBFC_PHYS_s04_T3_test,135,144,139.8,-0.8075286149978638,0.29929809517576306
UBFC_PHYS_s04_T3_test,135,145,139.83333333333334,-0.7476480007171631,0.6903113788537056
UBFC_PHYS_s04_T3_test,135,146,139.86666666666667,-0.41764676570892334,1.0437147558177442
UBFC_PHYS_s04_T3_test,135,147,139.9,-0.005235360469669104,1.3262919666100286
UBFC_PHYS_s04_T3_test,135,148,139.93333333333334,0.35307398438453674,1.5124899700824432
UBFC_PHYS_s04_T3_test,135,149,139.96666666666667,0.6287782192230225,1.5882322575772696
UBFC_PHYS_s04_T3_test,135,150,140.0,0.831027626991272,1.5512189672767787
UBFC_PHYS_s04_T3_test,135,151,140.03333333333333,0.9523772597312927,1.4090725195017417
UBFC_PHYS_s04_T3_test,135,152,140.06666666666666,0.9766998291015625,1.1768371749830684
UBFC_PHYS_s04_T3_test,135,153,140.1,0.9153379797935486,0.8742530727116727
UBFC_PHYS_s04_T3_test,135,154,140.13333333333333,0.8366210460662842,0.5228468862673852
UBFC_PHYS_s04_T3_test,135,155,140.16666666666666,0.796824038028717,0.14325478415596377
UBFC_PHYS_s04_T3_test,135,156,140.2,0.7527979016304016,-0.24650427384442714
UBFC_PHYS_s04_T3_test,135,157,140.23333333333332,0.6236428022384644,-0.6311235697751666
UBFC_PHYS_s04_T3_test,135,158,140.26666666666668,0.4352210462093353,-0.9961448918497532
UBFC_PHYS_s04_T3_test,135,159,140.3,0.2899971008300781,-1.324550689019448
UBFC_PHYS_s04_T3_test,135,160,140.33333333333334,0.18228018283843994,-1.593248363352065
UBFC_PHYS_s04_T3_test,135,161,140.36666666666667,-0.009883539751172066,-1.7716826304531625
UBFC_PHYS_s04_T3_test,135,162,140.4,-0.36215120553970337,-1.8247608725587376
UBFC_PHYS_s04_T3_test,135,163,140.43333333333334,-0.7229259014129639,-1.7209826076970833
UBFC_PHYS_s04_T3_test,135,164,140.46666666666667,-0.7028422951698303,-1.4442825991392367
UBFC_PHYS_s04_T3_test,135,165,140.5,-0.059434883296489716,-1.005487229662064
UBFC_PHYS_s04_T3_test,135,166,140.53333333333333,0.8859190344810486,-0.447848568410657
UBFC_PHYS_s04_T3_test,135,167,140.56666666666666,1.5604604482650757,0.1576275744342107
UBFC_PHYS_s04_T3_test,135,168,140.6,1.8167924880981445,0.7272120154586053
UBFC_PHYS_s04_T3_test,135,169,140.63333333333333,1.842635154724121,1.1851426419754085
UBFC_PHYS_s04_T3_test,135,170,140.66666666666666,1.7840505838394165,1.4824706905033465
UBFC_PHYS_s04_T3_test,135,171,140.7,1.7229810953140259,1.60717093440495
UBFC_PHYS_s04_T3_test,135,172,140.73333333333332,1.7600008249282837,1.5822836980967319
UBFC_PHYS_s04_T3_test,135,173,140.76666666666668,1.8709042072296143,1.4536313228114757
UBFC_PHYS_s04_T3_test,135,174,140.8,1.8226100206375122,1.272319359047598
UBFC_PHYS_s04_T3_test,135,175,140.83333333333334,1.4739770889282227,1.0785770094742266
UBFC_PHYS_s04_T3_test,135,176,140.86666666666667,0.9785317778587341,0.89235279717657
UBFC_PHYS_s04_T3_test,135,177,140.9,0.5598838329315186,0.713113070383088
UBFC_PHYS_s04_T3_test,135,178,140.93333333333334,0.26098740100860596,0.5276437810179646
UBFC_PHYS_s04_T3_test,135,179,140.96666666666667,0.030702762305736542,0.3216163281652001
UBFC_PHYS_s04_T3_test,135,180,141.0,-0.14962124824523926,0.08941513948354204
UBFC_PHYS_s04_T3_test,135,181,141.03333333333333,-0.337078332901001,-0.1619677103737009
UBFC_PHYS_s04_T3_test,135,182,141.06666666666666,-0.62492436170578,-0.41574462464100015
UBFC_PHYS_s04_T3_test,135,183,141.1,-0.9943035840988159,-0.6523038554543843
UBFC_PHYS_s04_T3_test,135,184,141.13333333333333,-1.333747386932373,-0.8565396400173991
UBFC_PHYS_s04_T3_test,135,185,141.16666666666666,-1.5897284746170044,-1.0224041475123864
UBFC_PHYS_s04_T3_test,135,186,141.2,-1.7442682981491089,-1.1530269925706746
UBFC_PHYS_s04_T3_test,135,187,141.23333333333332,-1.741023302078247,-1.2564686382344101
UBFC_PHYS_s04_T3_test,135,188,141.26666666666668,-1.5949516296386719,-1.3388336107852175
UBFC_PHYS_s04_T3_test,135,189,141.3,-1.3993967771530151,-1.3976363332048698
UBFC_PHYS_s04_T3_test,135,190,141.33333333333334,-1.1378222703933716,-1.4185155893466872
UBFC_PHYS_s04_T3_test,135,191,141.36666666666667,-0.7613391876220703,-1.3772964857220318
UBFC_PHYS_s04_T3_test,135,192,141.4,-0.36796873807907104,-1.2472093371468644
UBFC_PHYS_s04_T3_test,135,193,141.43333333333334,-0.09807226806879044,-1.0088158744154336
UBFC_PHYS_s04_T3_test,135,194,141.46666666666667,0.041538771241903305,-0.6590075381977265
UBFC_PHYS_s04_T3_test,135,195,141.5,0.13906283676624298,-0.21583897800391477
UBFC_PHYS_s04_T3_test,135,196,141.53333333333333,0.24526934325695038,0.2823601577063469
UBFC_PHYS_s04_T3_test,135,197,141.56666666666666,0.3456583321094513,0.7832366042995704
UBFC_PHYS_s04_T3_test,135,198,141.6,0.4199122488498688,1.2303855930574155
UBFC_PHYS_s04_T3_test,135,199,141.63333333333333,0.4462324380874634,1.5746408372253835
UBFC_PHYS_s04_T3_test,135,200,141.66666666666666,0.3836038410663605,1.7837842639776231
UBFC_PHYS_s04_T3_test,135,201,141.7,0.2343943566083908,1.8479802821370361
UBFC_PHYS_s04_T3_test,135,202,141.73333333333332,0.07364726066589355,1.7795013149360652
UBFC_PHYS_s04_T3_test,135,203,141.76666666666668,-0.055069297552108765,1.607108224714412
UBFC_PHYS_s04_T3_test,135,204,141.8,-0.1919226050376892,1.3670026720391508
UBFC_PHYS_s04_T3_test,135,205,141.83333333333334,-0.3617614209651947,1.093248106942559
UBFC_PHYS_s04_T3_test,135,206,141.86666666666667,-0.5520249605178833,0.8107524646356764
UBFC_PHYS_s04_T3_test,135,207,141.9,-0.7665135860443115,0.5329071031137348
UBFC_PHYS_s04_T3_test,135,208,141.93333333333334,-0.9652256965637207,0.26388691700941586
UBFC_PHYS_s04_T3_test,135,209,141.96666666666667,-1.017797827720642,0.003638381347288595
UBFC_PHYS_s04_T3_test,135,210,142.0,-0.8604418635368347,-0.2471212424247553
UBFC_PHYS_s04_T3_test,135,211,142.03333333333333,-0.6031354069709778,-0.4840026714492706
UBFC_PHYS_s04_T3_test,135,212,142.06666666666666,-0.37560853362083435,-0.6990096768196067
UBFC_PHYS_s04_T3_test,135,213,142.1,-0.19554761052131653,-0.882973172792799
UBFC_PHYS_s04_T3_test,135,214,142.13333333333333,-0.04960257187485695,-1.0285801930614584
UBFC_PHYS_s04_T3_test,135,215,142.16666666666666,0.05920574814081192,-1.1321226177341897
UBFC_PHYS_s04_T3_test,135,216,142.2,0.14113843441009521,-1.193241803933784
UBFC_PHYS_s04_T3_test,135,217,142.23333333333332,0.23015545308589935,-1.213235998163088
UBFC_PHYS_s04_T3_test,135,218,142.26666666666668,0.3475292921066284,-1.1929172444475562
UBFC_PHYS_s04_T3_test,135,219,142.3,0.4475089907646179,-1.1309655577798428
UBFC_PHYS_s04_T3_test,135,220,142.33333333333334,0.4606837034225464,-1.0238198792198774
UBFC_PHYS_s04_T3_test,135,221,142.36666666666667,0.39573588967323303,-0.8678471871198103
UBFC_PHYS_s04_T3_test,135,222,142.4,0.33001822233200073,-0.6633489876623546
UBFC_PHYS_s04_T3_test,135,223,142.43333333333334,0.2931738495826721,-0.41859775116879144
UBFC_PHYS_s04_T3_test,135,224,142.46666666666667,0.22528314590454102,-0.1516026443202362
UBFC_PHYS_s04_T3_test,135,225,142.5,0.07343287765979767,0.11190812523313465
UBFC_PHYS_s04_T3_test,135,226,142.53333333333333,-0.11990019679069519,0.34407457865274893
UBFC_PHYS_s04_T3_test,135,227,142.56666666666666,-0.2724423408508301,0.5221211709651445
UBFC_PHYS_s04_T3_test,135,228,142.6,-0.3664485812187195,0.6344528289763209
UBFC_PHYS_s04_T3_test,135,229,142.63333333333333,-0.4469975233078003,0.6832857294544791
UBFC_PHYS_s04_T3_test,135,230,142.66666666666666,-0.5649365782737732,0.6828149110285464
UBFC_PHYS_s04_T3_test,135,231,142.7,-0.6950076222419739,0.6536007030820644
UBFC_PHYS_s04_T3_test,135,232,142.73333333333332,-0.7099363803863525,0.6152212568781849
UBFC_PHYS_s04_T3_test,135,233,142.76666666666668,-0.5124325752258301,0.5798898887223601
UBFC_PHYS_s04_T3_test,135,234,142.8,-0.17628251016139984,0.5494648819826945
UBFC_PHYS_s04_T3_test,135,235,142.83333333333334,0.15202316641807556,0.516993083327747
UBFC_PHYS_s04_T3_test,135,236,142.86666666666667,0.4020113945007324,0.4719553041848474
UBFC_PHYS_s04_T3_test,135,237,142.9,0.5723374485969543,0.40666888013964075
UBFC_PHYS_s04_T3_test,135,238,142.93333333333334,0.6778131127357483,0.32081854950851524
UBFC_PHYS_s04_T3_test,135,239,142.96666666666667,0.7347703576087952,0.22217840797227614
UBFC_PHYS_s04_T3_test,136,0,136.0,-0.5033506155014038,0.15997635912015776
UBFC_PHYS_s04_T3_test,136,1,136.03333333333333,-0.5962070226669312,-0.05852860722085042
UBFC_PHYS_s04_T3_test,136,2,136.06666666666666,-0.7053661346435547,-0.24307906179209154
UBFC_PHYS_s04_T3_test,136,3,136.1,-0.820976197719574,-0.3633736740259054
UBFC_PHYS_s04_T3_test,136,4,136.13333333333333,-0.9876090288162231,-0.39945356719389224
UBFC_PHYS_s04_T3_test,136,5,136.16666666666666,-1.2165586948394775,-0.3444370099162342
UBFC_PHYS_s04_T3_test,136,6,136.2,-1.3927022218704224,-0.20467586595826132
UBFC_PHYS_s04_T3_test,136,7,136.23333333333332,-1.3672006130218506,0.0020564642737973425
UBFC_PHYS_s04_T3_test,136,8,136.26666666666668,-1.0987268686294556,0.24935814997566433
UBFC_PHYS_s04_T3_test,136,9,136.3,-0.6720005869865417,0.5053735100656082
UBFC_PHYS_s04_T3_test,136,10,136.33333333333334,-0.20511680841445923,0.7362703032165968
UBFC_PHYS_s04_T3_test,136,11,136.36666666666667,0.2175654172897339,0.9101591057471214
UBFC_PHYS_s04_T3_test,136,12,136.4,0.5543001890182495,1.001373889809195
UBFC_PHYS_s04_T3_test,136,13,136.43333333333334,0.7851012945175171,0.994511705552908
UBFC_PHYS_s04_T3_test,136,14,136.46666666666667,0.9080197811126709,0.8871357110280456
UBFC_PHYS_s04_T3_test,136,15,136.5,0.9473782777786255,0.6899449654850319
UBFC_PHYS_s04_T3_test,136,16,136.53333333333333,0.9249169230461121,0.42377114653451486
UBFC_PHYS_s04_T3_test,136,17,136.56666666666666,0.8524755239486694,0.11401046246731897
UBFC_PHYS_s04_T3_test,136,18,136.6,0.7545519471168518,-0.2154596101098487
UBFC_PHYS_s04_T3_test,136,19,136.63333333333333,0.6579341292381287,-0.5463175028686137
UBFC_PHYS_s04_T3_test,136,20,136.66666666666666,0.5534036755561829,-0.8662613469945785
UBFC_PHYS_s04_T3_test,136,21,136.7,0.42105236649513245,-1.1660913797952788
UBFC_PHYS_s04_T3_test,136,22,136.73333333333332,0.277095228433609,-1.4348413723410234
UBFC_PHYS_s04_T3_test,136,23,136.76666666666668,0.143905907869339,-1.6549291364933443
UBFC_PHYS_s04_T3_test,136,24,136.8,-0.00020714155107270926,-1.7994160574144855
UBFC_PHYS_s04_T3_test,136,25,136.83333333333334,-0.17778317630290985,-1.8333052415021813
UBFC_PHYS_s04_T3_test,136,26,136.86666666666667,-0.36504536867141724,-1.7201585206470509
UBFC_PHYS_s04_T3_test,136,27,136.9,-0.5313858389854431,-1.4336312957312072
UBFC_PHYS_s04_T3_test,136,28,136.93333333333334,-0.6871437430381775,-0.9708798392896458
UBFC_PHYS_s04_T3_test,136,29,136.96666666666667,-0.8845305442810059,-0.36260104227233647
UBFC_PHYS_s04_T3_test,136,30,137.0,-1.1532187461853027,0.32562966992132686
UBFC_PHYS_s04_T3_test,136,31,137.03333333333333,-1.3713322877883911,1.0034564160492445
UBFC_PHYS_s04_T3_test,136,32,137.06666666666666,-1.3285048007965088,1.575503223883918
UBFC_PHYS_s04_T3_test,136,33,137.1,-0.9980455040931702,1.964668769276516
UBFC_PHYS_s04_T3_test,136,34,137.13333333333333,-0.5707443356513977,2.130826662618044
UBFC_PHYS_s04_T3_test,136,35,137.16666666666666,-0.20760168135166168,2.078256241563636
UBFC_PHYS_s04_T3_test,136,36,137.2,0.0801858976483345,1.8495710464921729
UBFC_PHYS_s04_T3_test,136,37,137.23333333333332,0.3201371729373932,1.5092738019501004
UBFC_PHYS_s04_T3_test,136,38,137.26666666666668,0.5002371072769165,1.123831392039957
UBFC_PHYS_s04_T3_test,136,39,137.3,0.6029452681541443,0.7456533666808315
UBFC_PHYS_s04_T3_test,136,40,137.33333333333334,0.6529936194419861,0.4055203840498331
UBFC_PHYS_s04_T3_test,136,41,137.36666666666667,0.7130008935928345,0.113712696183858
UBFC_PHYS_s04_T3_test,136,42,137.4,0.818252444267273,-0.13330669397147576
UBFC_PHYS_s04_T3_test,136,43,137.43333333333334,0.9248682260513306,-0.34495751311591
UBFC_PHYS_s04_T3_test,136,44,137.46666666666667,0.9620634317398071,-0.5305622982636636
UBFC_PHYS_s04_T3_test,136,45,137.5,0.9140517115592957,-0.6963154564019837
UBFC_PHYS_s04_T3_test,136,46,137.53333333333333,0.8125518560409546,-0.844317971018886
UBFC_PHYS_s04_T3_test,136,47,137.56666666666666,0.6799471974372864,-0.9721214166562064
UBFC_PHYS_s04_T3_test,136,48,137.6,0.5149222016334534,-1.071857735630238
UBFC_PHYS_s04_T3_test,136,49,137.63333333333333,0.3244832754135132,-1.1293902670405283
UBFC_PHYS_s04_T3_test,136,50,137.66666666666666,0.13146203756332397,-1.125066050292098
UBFC_PHYS_s04_T3_test,136,51,137.7,-0.05110324174165726,-1.037710287191112
UBFC_PHYS_s04_T3_test,136,52,137.73333333333332,-0.23576360940933228,-0.852153340464112
UBFC_PHYS_s04_T3_test,136,53,137.76666666666668,-0.4601040482521057,-0.5683336472949986
UBFC_PHYS_s04_T3_test,136,54,137.8,-0.7321345806121826,-0.2081063951900554
UBFC_PHYS_s04_T3_test,136,55,137.83333333333334,-0.9218329191207886,0.18416175231415025
UBFC_PHYS_s04_T3_test,136,56,137.86666666666667,-0.8383313417434692,0.5487828490420753
UBFC_PHYS_s04_T3_test,136,57,137.9,-0.48645347356796265,0.8239879145426722
UBFC_PHYS_s04_T3_test,136,58,137.93333333333334,-0.08001550287008286,0.9611244997730242
UBFC_PHYS_s04_T3_test,136,59,137.96666666666667,0.23057447373867035,0.937025140357635
UBFC_PHYS_s04_T3_test,136,60,138.0,0.4521571695804596,0.7596550876801849
UBFC_PHYS_s04_T3_test,136,61,138.03333333333333,0.6004311442375183,0.4653875855440139
UBFC_PHYS_s04_T3_test,136,62,138.06666666666666,0.6694522500038147,0.10917722529709994
UBFC_PHYS_s04_T3_test,136,63,138.1,0.6866709589958191,-0.24876299166314075
UBFC_PHYS_s04_T3_test,136,64,138.13333333333333,0.6868950724601746,-0.5554825334264076
UBFC_PHYS_s04_T3_test,136,65,138.16666666666666,0.6718006730079651,-0.7737301944732795
UBFC_PHYS_s04_T3_test,136,66,138.2,0.6416508555412292,-0.8850296311945905
UBFC_PHYS_s04_T3_test,136,67,138.23333333333332,0.6144731640815735,-0.8880213508242637
UBFC_PHYS_s04_T3_test,136,68,138.26666666666668,0.5684396028518677,-0.7937514353860671
UBFC_PHYS_s04_T3_test,136,69,138.3,0.442626953125,-0.6198956446296808
UBFC_PHYS_s04_T3_test,136,70,138.33333333333334,0.24089401960372925,-0.38583152917176045
UBFC_PHYS_s04_T3_test,136,71,138.36666666666667,0.03382103890180588,-0.10996217989054553
UBFC_PHYS_s04_T3_test,136,72,138.4,-0.1528662145137787,0.19030668713696033
UBFC_PHYS_s04_T3_test,136,73,138.43333333333334,-0.37761589884757996,0.49664370242135025
UBFC_PHYS_s04_T3_test,136,74,138.46666666666667,-0.6731991767883301,0.7874087504925018
UBFC_PHYS_s04_T3_test,136,75,138.5,-0.9108702540397644,1.0366612124920584
UBFC_PHYS_s04_T3_test,136,76,138.53333333333333,-0.865265429019928,1.2162030829492394
UBFC_PHYS_s04_T3_test,136,77,138.56666666666666,-0.5251882672309875,1.3009373909663084
UBFC_PHYS_s04_T3_test,136,78,138.6,-0.10407494753599167,1.275534115231703
UBFC_PHYS_s04_T3_test,136,79,138.63333333333333,0.21874451637268066,1.1391532828894215
UBFC_PHYS_s04_T3_test,136,80,138.66666666666666,0.42272844910621643,0.9061475994491182
UBFC_PHYS_s04_T3_test,136,81,138.7,0.5406771898269653,0.6028816880856152
UBFC_PHYS_s04_T3_test,136,82,138.73333333333332,0.5828129053115845,0.26211465562016883
UBFC_PHYS_s04_T3_test,136,83,138.76666666666668,0.5605757236480713,-0.08336842476945609
UBFC_PHYS_s04_T3_test,136,84,138.8,0.5108879208564758,-0.40631968561783094
UBFC_PHYS_s04_T3_test,136,85,138.83333333333334,0.46896663308143616,-0.6884119985857436
UBFC_PHYS_s04_T3_test,136,86,138.86666666666667,0.42714276909828186,-0.9204067003726943
UBFC_PHYS_s04_T3_test,136,87,138.9,0.3472077250480652,-1.0988796965071819
UBFC_PHYS_s04_T3_test,136,88,138.93333333333334,0.2183157503604889,-1.2206515561942268
UBFC_PHYS_s04_T3_test,136,89,138.96666666666667,0.06496481597423553,-1.277487149042404
UBFC_PHYS_s04_T3_test,136,90,139.0,-0.09685418754816055,-1.2542356528993701
UBFC_PHYS_s04_T3_test,136,91,139.03333333333333,-0.2819628119468689,-1.132595491741204
UBFC_PHYS_s04_T3_test,136,92,139.06666666666666,-0.5330619215965271,-0.9000953806261319
UBFC_PHYS_s04_T3_test,136,93,139.1,-0.8655285835266113,-0.5608775940594773
UBFC_PHYS_s04_T3_test,136,94,139.13333333333333,-1.1392059326171875,-0.14309306903479257
UBFC_PHYS_s04_T3_test,136,95,139.16666666666666,-1.10337495803833,0.30170722536801003
UBFC_PHYS_s04_T3_test,136,96,139.2,-0.6996557712554932,0.7087260225770502
UBFC_PHYS_s04_T3_test,136,97,139.23333333333332,-0.1777149736881256,1.0166201430537982
UBFC_PHYS_s04_T3_test,136,98,139.26666666666668,0.2090778648853302,1.1839444847265894
UBFC_PHYS_s04_T3_test,136,99,139.3,0.45978718996047974,1.198358704949509
UBFC_PHYS_s04_T3_test,136,100,139.33333333333334,0.656647801399231,1.0758243398575695
UBFC_PHYS_s04_T3_test,136,101,139.36666666666667,0.7862219214439392,0.8521442777564239
UBFC_PHYS_s04_T3_test,136,102,139.4,0.8231344819068909,0.5714770752104804
UBFC_PHYS_s04_T3_test,136,103,139.43333333333334,0.8086442351341248,0.27583533272213057
UBFC_PHYS_s04_T3_test,136,104,139.46666666666667,0.7947582006454468,-0.0021276643136986287
UBFC_PHYS_s04_T3_test,136,105,139.5,0.7936083078384399,-0.24231469212074713
UBFC_PHYS_s04_T3_test,136,106,139.53333333333333,0.7813495993614197,-0.4366927111786191
UBFC_PHYS_s04_T3_test,136,107,139.56666666666666,0.715115487575531,-0.586182290937559
UBFC_PHYS_s04_T3_test,136,108,139.6,0.5766348242759705,-0.6965211503550489
UBFC_PHYS_s04_T3_test,136,109,139.63333333333333,0.4021380841732025,-0.7743695508737766
UBFC_PHYS_s04_T3_test,136,110,139.66666666666666,0.23616787791252136,-0.8237179655029195
UBFC_PHYS_s04_T3_test,136,111,139.7,0.05717886984348297,-0.8422266641843759
UBFC_PHYS_s04_T3_test,136,112,139.73333333333332,-0.21253246068954468,-0.8185049951887864
UBFC_PHYS_s04_T3_test,136,113,139.76666666666668,-0.5656381845474243,-0.7328651900163492
UBFC_PHYS_s04_T3_test,136,114,139.8,-0.8075286149978638,-0.5635714511274399
UBFC_PHYS_s04_T3_test,136,115,139.83333333333334,-0.7476480007171631,-0.2977630002516175
UBFC_PHYS_s04_T3_test,136,116,139.86666666666667,-0.41764676570892334,0.05731947229353891
UBFC_PHYS_s04_T3_test,136,117,139.9,-0.005235360469669104,0.4686610329527189
UBFC_PHYS_s04_T3_test,136,118,139.93333333333334,0.35307398438453674,0.8810353835001201
UBFC_PHYS_s04_T3_test,136,119,139.96666666666667,0.6287782192230225,1.229153750428408
UBFC_PHYS_s04_T3_test,136,120,140.0,0.831027626991272,1.4540047410516848
UBFC_PHYS_s04_T3_test,136,121,140.03333333333333,0.9523772597312927,1.5175278137375727
UBFC_PHYS_s04_T3_test,136,122,140.06666666666666,0.9766998291015625,1.410877532422861
UBFC_PHYS_s04_T3_test,136,123,140.1,0.9153379797935486,1.1542470720609455
UBFC_PHYS_s04_T3_test,136,124,140.13333333333333,0.8366210460662842,0.7891547119962947
UBFC_PHYS_s04_T3_test,136,125,140.16666666666666,0.796824038028717,0.366391485547643
UBFC_PHYS_s04_T3_test,136,126,140.2,0.7527979016304016,-0.06603640819531126
UBFC_PHYS_s04_T3_test,136,127,140.23333333333332,0.6236428022384644,-0.471107311623431
UBFC_PHYS_s04_T3_test,136,128,140.26666666666668,0.4352210462093353,-0.8252302244746238
UBFC_PHYS_s04_T3_test,136,129,140.3,0.2899971008300781,-1.1154643328535783
UBFC_PHYS_s04_T3_test,136,130,140.33333333333334,0.18228018283843994,-1.333791017596101
UBFC_PHYS_s04_T3_test,136,131,140.36666666666667,-0.009883539751172066,-1.4714241774444787
UBFC_PHYS_s04_T3_test,136,132,140.4,-0.36215120553970337,-1.5158824482493596
UBFC_PHYS_s04_T3_test,136,133,140.43333333333334,-0.7229259014129639,-1.4524206575595329
UBFC_PHYS_s04_T3_test,136,134,140.46666666666667,-0.7028422951698303,-1.2696664662933805
UBFC_PHYS_s04_T3_test,136,135,140.5,-0.059434883296489716,-0.9674397368750817
UBFC_PHYS_s04_T3_test,136,136,140.53333333333333,0.8859190344810486,-0.5634279433749331
UBFC_PHYS_s04_T3_test,136,137,140.56666666666666,1.5604604482650757,-0.0953282520649554
UBFC_PHYS_s04_T3_test,136,138,140.6,1.8167924880981445,0.3834976258046779
UBFC_PHYS_s04_T3_test,136,139,140.63333333333333,1.842635154724121,0.8143774644002328
UBFC_PHYS_s04_T3_test,136,140,140.66666666666666,1.7840505838394165,1.1467171582885136
UBFC_PHYS_s04_T3_test,136,141,140.7,1.7229810953140259,1.3498106811226136
UBFC_PHYS_s04_T3_test,136,142,140.73333333333332,1.7600008249282837,1.418497690964766
UBFC_PHYS_s04_T3_test,136,143,140.76666666666668,1.8709042072296143,1.3703983030191256
UBFC_PHYS_s04_T3_test,136,144,140.8,1.8226100206375122,1.2363741905657386
UBFC_PHYS_s04_T3_test,136,145,140.83333333333334,1.4739770889282227,1.0489240555258188
UBFC_PHYS_s04_T3_test,136,146,140.86666666666667,0.9785317778587341,0.8333779835643457
UBFC_PHYS_s04_T3_test,136,147,140.9,0.5598838329315186,0.6045340948821497
UBFC_PHYS_s04_T3_test,136,148,140.93333333333334,0.26098740100860596,0.36856770593433924
UBFC_PHYS_s04_T3_test,136,149,140.96666666666667,0.030702762305736542,0.12797840961933893
UBFC_PHYS_s04_T3_test,136,150,141.0,-0.14962124824523926,-0.11335098912590416
UBFC_PHYS_s04_T3_test,136,151,141.03333333333333,-0.337078332901001,-0.34728627695757996
UBFC_PHYS_s04_T3_test,136,152,141.06666666666666,-0.62492436170578,-0.561660600632969
UBFC_PHYS_s04_T3_test,136,153,141.1,-0.9943035840988159,-0.7429806698901077
UBFC_PHYS_s04_T3_test,136,154,141.13333333333333,-1.333747386932373,-0.8800372123342636
UBFC_PHYS_s04_T3_test,136,155,141.16666666666666,-1.5897284746170044,-0.9666832892103372
UBFC_PHYS_s04_T3_test,136,156,141.2,-1.7442682981491089,-1.0026604251970417
UBFC_PHYS_s04_T3_test,136,157,141.23333333333332,-1.741023302078247,-0.9923106336112043
UBFC_PHYS_s04_T3_test,136,158,141.26666666666668,-1.5949516296386719,-0.9418279623569628
UBFC_PHYS_s04_T3_test,136,159,141.3,-1.3993967771530151,-0.8561351669625984
UBFC_PHYS_s04_T3_test,136,160,141.33333333333334,-1.1378222703933716,-0.7365395104313507
UBFC_PHYS_s04_T3_test,136,161,141.36666666666667,-0.7613391876220703,-0.580229234652529
UBFC_PHYS_s04_T3_test,136,162,141.4,-0.36796873807907104,-0.3823785292429123
UBFC_PHYS_s04_T3_test,136,163,141.43333333333334,-0.09807226806879044,-0.1405752986273687
UBFC_PHYS_s04_T3_test,136,164,141.46666666666667,0.041538771241903305,0.14035717644906434
UBFC_PHYS_s04_T3_test,136,165,141.5,0.13906283676624298,0.4454658428691027
UBFC_PHYS_s04_T3_test,136,166,141.53333333333333,0.24526934325695038,0.7493516354331511
UBFC_PHYS_s04_T3_test,136,167,141.56666666666666,0.3456583321094513,1.017859237430386
UBFC_PHYS_s04_T3_test,136,168,141.6,0.4199122488498688,1.2121923228805382
UBFC_PHYS_s04_T3_test,136,169,141.63333333333333,0.4462324380874634,1.2963923952859469
UBFC_PHYS_s04_T3_test,136,170,141.66666666666666,0.3836038410663605,1.24679362374033
UBFC_PHYS_s04_T3_test,136,171,141.7,0.2343943566083908,1.0594945820539603
UBFC_PHYS_s04_T3_test,136,172,141.73333333333332,0.07364726066589355,0.7523716077122768
UBFC_PHYS_s04_T3_test,136,173,141.76666666666668,-0.055069297552108765,0.3610786107395357
UBFC_PHYS_s04_T3_test,136,174,141.8,-0.1919226050376892,-0.06868298316395259
UBFC_PHYS_s04_T3_test,136,175,141.83333333333334,-0.3617614209651947,-0.4892388694615155
UBFC_PHYS_s04_T3_test,136,176,141.86666666666667,-0.5520249605178833,-0.8569061534488566
UBFC_PHYS_s04_T3_test,136,177,141.9,-0.7665135860443115,-1.135320461715885
UBFC_PHYS_s04_T3_test,136,178,141.93333333333334,-0.9652256965637207,-1.2971184453956248
UBFC_PHYS_s04_T3_test,136,179,141.96666666666667,-1.017797827720642,-1.3253386335010782
UBFC_PHYS_s04_T3_test,136,180,142.0,-0.8604418635368347,-1.2152073863462165
UBFC_PHYS_s04_T3_test,136,181,142.03333333333333,-0.6031354069709778,-0.9759604711648737
UBFC_PHYS_s04_T3_test,136,182,142.06666666666666,-0.37560853362083435,-0.6317335835573821
UBFC_PHYS_s04_T3_test,136,183,142.1,-0.19554761052131653,-0.22038621712869622
UBFC_PHYS_s04_T3_test,136,184,142.13333333333333,-0.04960257187485695,0.21066530880572232
UBFC_PHYS_s04_T3_test,136,185,142.16666666666666,0.05920574814081192,0.6115592456047978
UBFC_PHYS_s04_T3_test,136,186,142.2,0.14113843441009521,0.9383570365516835
UBFC_PHYS_s04_T3_test,136,187,142.23333333333332,0.23015545308589935,1.1599758877849722
UBFC_PHYS_s04_T3_test,136,188,142.26666666666668,0.3475292921066284,1.2616610486080708
UBFC_PHYS_s04_T3_test,136,189,142.3,0.4475089907646179,1.2446785534480365
UBFC_PHYS_s04_T3_test,136,190,142.33333333333334,0.4606837034225464,1.1233354576570824
UBFC_PHYS_s04_T3_test,136,191,142.36666666666667,0.39573588967323303,0.9208366747122997
UBFC_PHYS_s04_T3_test,136,192,142.4,0.33001822233200073,0.6649400693994566
UBFC_PHYS_s04_T3_test,136,193,142.43333333333334,0.2931738495826721,0.38369572953286474
UBFC_PHYS_s04_T3_test,136,194,142.46666666666667,0.22528314590454102,0.10147946325679442
UBFC_PHYS_s04_T3_test,136,195,142.5,0.07343287765979767,-0.1640821658221864
UBFC_PHYS_s04_T3_test,136,196,142.53333333333333,-0.11990019679069519,-0.4033921104582389
UBFC_PHYS_s04_T3_test,136,197,142.56666666666666,-0.2724423408508301,-0.6135655259257874
UBFC_PHYS_s04_T3_test,136,198,142.6,-0.3664485812187195,-0.7943434067652424
UBFC_PHYS_s04_T3_test,136,199,142.63333333333333,-0.4469975233078003,-0.9422333213473548
UBFC_PHYS_s04_T3_test,136,200,142.66666666666666,-0.5649365782737732,-1.045210582673834
UBFC_PHYS_s04_T3_test,136,201,142.7,-0.6950076222419739,-1.0809715258746324
UBFC_PHYS_s04_T3_test,136,202,142.73333333333332,-0.7099363803863525,-1.0209835620106569
UBFC_PHYS_s04_T3_test,136,203,142.76666666666668,-0.5124325752258301,-0.8404399012648575
UBFC_PHYS_s04_T3_test,136,204,142.8,-0.17628251016139984,-0.5314169338764491
UBFC_PHYS_s04_T3_test,136,205,142.83333333333334,0.15202316641807556,-0.1142069230869427
UBFC_PHYS_s04_T3_test,136,206,142.86666666666667,0.4020113945007324,0.3588038642915751
UBFC_PHYS_s04_T3_test,136,207,142.9,0.5723374485969543,0.8103695346110925
UBFC_PHYS_s04_T3_test,136,208,142.93333333333334,0.6778131127357483,1.1560781203866763
UBFC_PHYS_s04_T3_test,136,209,142.96666666666667,0.7347703576087952,1.3269377458966207
UBFC_PHYS_s04_T3_test,136,210,143.0,0.7528271079063416,1.2883193569647318
UBFC_PHYS_s04_T3_test,136,211,143.03333333333333,0.7273741960525513,1.047982560944295
UBFC_PHYS_s04_T3_test,136,212,143.06666666666666,0.6679515838623047,0.6513048197848671
UBFC_PHYS_s04_T3_test,136,213,143.1,0.5965722799301147,0.1675251063004053
UBFC_PHYS_s04_T3_test,136,214,143.13333333333333,0.5053042769432068,-0.3269289904211211
UBFC_PHYS_s04_T3_test,136,215,143.16666666666666,0.3671841621398926,-0.7630224163945273
UBFC_PHYS_s04_T3_test,136,216,143.2,0.20241254568099976,-1.0889243032151998
UBFC_PHYS_s04_T3_test,136,217,143.23333333333332,0.06625109910964966,-1.2745542551158495
UBFC_PHYS_s04_T3_test,136,218,143.26666666666668,-0.025484660640358925,-1.3117784690745795
UBFC_PHYS_s04_T3_test,136,219,143.3,-0.10691062361001968,-1.2117286466467878
UBFC_PHYS_s04_T3_test,136,220,143.33333333333334,-0.21505631506443024,-1.0006271577898795
UBFC_PHYS_s04_T3_test,136,221,143.36666666666667,-0.37305542826652527,-0.7149451226092552
UBFC_PHYS_s04_T3_test,136,222,143.4,-0.581054151058197,-0.396022244872956
UBFC_PHYS_s04_T3_test,136,223,143.43333333333334,-0.8101693987846375,-0.08405998061552204
UBFC_PHYS_s04_T3_test,136,224,143.46666666666667,-1.012565016746521,0.1880174327210575
UBFC_PHYS_s04_T3_test,136,225,143.5,-1.1266158819198608,0.3994233026599933
UBFC_PHYS_s04_T3_test,136,226,143.53333333333333,-1.096534252166748,0.5433032723973283
UBFC_PHYS_s04_T3_test,136,227,143.56666666666666,-0.9399774074554443,0.6245562613654232
UBFC_PHYS_s04_T3_test,136,228,143.6,-0.728275716304779,0.6547144957663498
UBFC_PHYS_s04_T3_test,136,229,143.63333333333333,-0.5214268565177917,0.6464153713768398
UBFC_PHYS_s04_T3_test,136,230,143.66666666666666,-0.342418372631073,0.6097989406420018
UBFC_PHYS_s04_T3_test,136,231,143.7,-0.1929750293493271,0.5517350264708013
UBFC_PHYS_s04_T3_test,136,232,143.73333333333332,-0.06753265857696533,0.4773063877398464
UBFC_PHYS_s04_T3_test,136,233,143.76666666666668,0.032710153609514236,0.3920962532808993
UBFC_PHYS_s04_T3_test,136,234,143.8,0.10886428505182266,0.3037129556709083
UBFC_PHYS_s04_T3_test,136,235,143.83333333333334,0.1771155297756195,0.22155484130138361
UBFC_PHYS_s04_T3_test,136,236,143.86666666666667,0.23112016916275024,0.15478405822719496
UBFC_PHYS_s04_T3_test,136,237,143.9,0.23588527739048004,0.10939385504279986
UBFC_PHYS_s04_T3_test,136,238,143.93333333333334,0.19004663825035095,0.08574620929323978
UBFC_PHYS_s04_T3_test,136,239,143.96666666666667,0.13540861010551453,0.07791170178252783
UBFC_PHYS_s04_T3_test,137,0,137.0,-1.1532187461853027,0.010909034984201824
UBFC_PHYS_s04_T3_test,137,1,137.03333333333333,-1.3713322877883911,-0.010816423506835322
UBFC_PHYS_s04_T3_test,137,2,137.06666666666666,-1.3285048007965088,-0.005446900153878259
UBFC_PHYS_s04_T3_test,137,3,137.1,-0.9980455040931702,0.04498809602485897
UBFC_PHYS_s04_T3_test,137,4,137.13333333333333,-0.5707443356513977,0.14476994188041697
UBFC_PHYS_s04_T3_test,137,5,137.16666666666666,-0.20760168135166168,0.2834273678817423
UBFC_PHYS_s04_T3_test,137,6,137.2,0.0801858976483345,0.4392042780260175
UBFC_PHYS_s04_T3_test,137,7,137.23333333333332,0.3201371729373932,0.5854137391988627
UBFC_PHYS_s04_T3_test,137,8,137.26666666666668,0.5002371072769165,0.6973131753187501
UBFC_PHYS_s04_T3_test,137,9,137.3,0.6029452681541443,0.7575332237723081
UBFC_PHYS_s04_T3_test,137,10,137.33333333333334,0.6529936194419861,0.7590244618433273
UBFC_PHYS_s04_T3_test,137,11,137.36666666666667,0.7130008935928345,0.7053046167148456
UBFC_PHYS_s04_T3_test,137,12,137.4,0.818252444267273,0.6082235801648651
UBFC_PHYS_s04_T3_test,137,13,137.43333333333334,0.9248682260513306,0.48386932487891815
UBFC_PHYS_s04_T3_test,137,14,137.46666666666667,0.9620634317398071,0.3478662937380296
UBFC_PHYS_s04_T3_test,137,15,137.5,0.9140517115592957,0.21164754322957266
UBFC_PHYS_s04_T3_test,137,16,137.53333333333333,0.8125518560409546,0.08083593828423383
UBFC_PHYS_s04_T3_test,137,17,137.56666666666666,0.6799471974372864,-0.04395338168221697
UBFC_PHYS_s04_T3_test,137,18,137.6,0.5149222016334534,-0.16428252357120762
UBFC_PHYS_s04_T3_test,137,19,137.63333333333333,0.3244832754135132,-0.2802083326786514
UBFC_PHYS_s04_T3_test,137,20,137.66666666666666,0.13146203756332397,-0.387749394707428
UBFC_PHYS_s04_T3_test,137,21,137.7,-0.05110324174165726,-0.47930510410301536
UBFC_PHYS_s04_T3_test,137,22,137.73333333333332,-0.23576360940933228,-0.5470175704331061
UBFC_PHYS_s04_T3_test,137,23,137.76666666666668,-0.4601040482521057,-0.5869062899643352
UBFC_PHYS_s04_T3_test,137,24,137.8,-0.7321345806121826,-0.600875227377786
UBFC_PHYS_s04_T3_test,137,25,137.83333333333334,-0.9218329191207886,-0.595114049183757
UBFC_PHYS_s04_T3_test,137,26,137.86666666666667,-0.8383313417434692,-0.576134644921391
UBFC_PHYS_s04_T3_test,137,27,137.9,-0.48645347356796265,-0.5473507564528028
UBFC_PHYS_s04_T3_test,137,28,137.93333333333334,-0.08001550287008286,-0.5082250876307699
UBFC_PHYS_s04_T3_test,137,29,137.96666666666667,0.23057447373867035,-0.4559394733504004
UBFC_PHYS_s04_T3_test,137,30,138.0,0.4521571695804596,-0.38824398352839884
UBFC_PHYS_s04_T3_test,137,31,138.03333333333333,0.6004311442375183,-0.30570075542527897
UBFC_PHYS_s04_T3_test,137,32,138.06666666666666,0.6694522500038147,-0.2115922849554502
UBFC_PHYS_s04_T3_test,137,33,138.1,0.6866709589958191,-0.10904512617417016
UBFC_PHYS_s04_T3_test,137,34,138.13333333333333,0.6868950724601746,0.002587748454231353
UBFC_PHYS_s04_T3_test,137,35,138.16666666666666,0.6718006730079651,0.12869032171618408
UBFC_PHYS_s04_T3_test,137,36,138.2,0.6416508555412292,0.2759215746447273
UBFC_PHYS_s04_T3_test,137,37,138.23333333333332,0.6144731640815735,0.4457784642964818
UBFC_PHYS_s04_T3_test,137,38,138.26666666666668,0.5684396028518677,0.628859245297989
UBFC_PHYS_s04_T3_test,137,39,138.3,0.442626953125,0.8034008178974311
UBFC_PHYS_s04_T3_test,137,40,138.33333333333334,0.24089401960372925,0.9394268965413409
UBFC_PHYS_s04_T3_test,137,41,138.36666666666667,0.03382103890180588,1.0068957130920202
UBFC_PHYS_s04_T3_test,137,42,138.4,-0.1528662145137787,0.9842870786690902
UBFC_PHYS_s04_T3_test,137,43,138.43333333333334,-0.37761589884757996,0.8640971103564721
UBFC_PHYS_s04_T3_test,137,44,138.46666666666667,-0.6731991767883301,0.6535598454368816
UBFC_PHYS_s04_T3_test,137,45,138.5,-0.9108702540397644,0.3712789983228499
UBFC_PHYS_s04_T3_test,137,46,138.53333333333333,-0.865265429019928,0.04195476905062999
UBFC_PHYS_s04_T3_test,137,47,138.56666666666666,-0.5251882672309875,-0.30835004823708945
UBFC_PHYS_s04_T3_test,137,48,138.6,-0.10407494753599167,-0.6546629162629803
UBFC_PHYS_s04_T3_test,137,49,138.63333333333333,0.21874451637268066,-0.9728026672625418
UBFC_PHYS_s04_T3_test,137,50,138.66666666666666,0.42272844910621643,-1.2372836655005959
UBFC_PHYS_s04_T3_test,137,51,138.7,0.5406771898269653,-1.4195589337786911
UBFC_PHYS_s04_T3_test,137,52,138.73333333333332,0.5828129053115845,-1.4891700323566415
UBFC_PHYS_s04_T3_test,137,53,138.76666666666668,0.5605757236480713,-1.4194066491110846
UBFC_PHYS_s04_T3_test,137,54,138.8,0.5108879208564758,-1.1966552015464003
UBFC_PHYS_s04_T3_test,137,55,138.83333333333334,0.46896663308143616,-0.8298284201389741
UBFC_PHYS_s04_T3_test,137,56,138.86666666666667,0.42714276909828186,-0.35479746357545705
UBFC_PHYS_s04_T3_test,137,57,138.9,0.3472077250480652,0.16998921630730718
UBFC_PHYS_s04_T3_test,137,58,138.93333333333334,0.2183157503604889,0.676524651208924
UBFC_PHYS_s04_T3_test,137,59,138.96666666666667,0.06496481597423553,1.104137148067879
UBFC_PHYS_s04_T3_test,137,60,139.0,-0.09685418754816055,1.4131346879395652
UBFC_PHYS_s04_T3_test,137,61,139.03333333333333,-0.2819628119468689,1.5897011551372149
UBFC_PHYS_s04_T3_test,137,62,139.06666666666666,-0.5330619215965271,1.6414784025725353
UBFC_PHYS_s04_T3_test,137,63,139.1,-0.8655285835266113,1.5878509759876482
UBFC_PHYS_s04_T3_test,137,64,139.13333333333333,-1.1392059326171875,1.4500866774236805
UBFC_PHYS_s04_T3_test,137,65,139.16666666666666,-1.10337495803833,1.244912583317134
UBFC_PHYS_s04_T3_test,137,66,139.2,-0.6996557712554932,0.9829722618480226
UBFC_PHYS_s04_T3_test,137,67,139.23333333333332,-0.1777149736881256,0.6716125420734176
UBFC_PHYS_s04_T3_test,137,68,139.26666666666668,0.2090778648853302,0.31972853659394856
UBFC_PHYS_s04_T3_test,137,69,139.3,0.45978718996047974,-0.05827500657095077
UBFC_PHYS_s04_T3_test,137,70,139.33333333333334,0.656647801399231,-0.4414819938915032
UBFC_PHYS_s04_T3_test,137,71,139.36666666666667,0.7862219214439392,-0.8047737316515043
UBFC_PHYS_s04_T3_test,137,72,139.4,0.8231344819068909,-1.1232667189251127
UBFC_PHYS_s04_T3_test,137,73,139.43333333333334,0.8086442351341248,-1.3768947296413956
UBFC_PHYS_s04_T3_test,137,74,139.46666666666667,0.7947582006454468,-1.5532006700881569
UBFC_PHYS_s04_T3_test,137,75,139.5,0.7936083078384399,-1.6472635202672
UBFC_PHYS_s04_T3_test,137,76,139.53333333333333,0.7813495993614197,-1.6590486976722776
UBFC_PHYS_s04_T3_test,137,77,139.56666666666666,0.715115487575531,-1.5897207024491893
UBFC_PHYS_s04_T3_test,137,78,139.6,0.5766348242759705,-1.4389692628096886
UBFC_PHYS_s04_T3_test,137,79,139.63333333333333,0.4021380841732025,-1.2048563540939417
UBFC_PHYS_s04_T3_test,137,80,139.66666666666666,0.23616787791252136,-0.8863538789505335
UBFC_PHYS_s04_T3_test,137,81,139.7,0.05717886984348297,-0.4875367086437523
UBFC_PHYS_s04_T3_test,137,82,139.73333333333332,-0.21253246068954468,-0.021993162962360525
UBFC_PHYS_s04_T3_test,137,83,139.76666666666668,-0.5656381845474243,0.4839688711249859
UBFC_PHYS_s04_T3_test,137,84,139.8,-0.8075286149978638,0.9907768596014389
UBFC_PHYS_s04_T3_test,137,85,139.83333333333334,-0.7476480007171631,1.4488449822151408
UBFC_PHYS_s04_T3_test,137,86,139.86666666666667,-0.41764676570892334,1.8056377275848512
UBFC_PHYS_s04_T3_test,137,87,139.9,-0.005235360469669104,2.0150702258843847
UBFC_PHYS_s04_T3_test,137,88,139.93333333333334,0.35307398438453674,2.0467249334179227
UBFC_PHYS_s04_T3_test,137,89,139.96666666666667,0.6287782192230225,1.892327481995271
UBFC_PHYS_s04_T3_test,137,90,140.0,0.831027626991272,1.5679023528456368
UBFC_PHYS_s04_T3_test,137,91,140.03333333333333,0.9523772597312927,1.111351145474048
UBFC_PHYS_s04_T3_test,137,92,140.06666666666666,0.9766998291015625,0.5761544359789634
UBFC_PHYS_s04_T3_test,137,93,140.1,0.9153379797935486,0.022361876247758712
UBFC_PHYS_s04_T3_test,137,94,140.13333333333333,0.8366210460662842,-0.49367458072617426
UBFC_PHYS_s04_T3_test,137,95,140.16666666666666,0.796824038028717,-0.9287901019274629
UBFC_PHYS_s04_T3_test,137,96,140.2,0.7527979016304016,-1.2589881471763928
UBFC_PHYS_s04_T3_test,137,97,140.23333333333332,0.6236428022384644,-1.479635007358396
UBFC_PHYS_s04_T3_test,137,98,140.26666666666668,0.4352210462093353,-1.5998454694778408
UBFC_PHYS_s04_T3_test,137,99,140.3,0.2899971008300781,-1.6336245980586677
UBFC_PHYS_s04_T3_test,137,100,140.33333333333334,0.18228018283843994,-1.5914313122930184
UBFC_PHYS_s04_T3_test,137,101,140.36666666666667,-0.009883539751172066,-1.475211378481919
UBFC_PHYS_s04_T3_test,137,102,140.4,-0.36215120553970337,-1.2783975476340856
UBFC_PHYS_s04_T3_test,137,103,140.43333333333334,-0.7229259014129639,-0.9907870321153416
UBFC_PHYS_s04_T3_test,137,104,140.46666666666667,-0.7028422951698303,-0.6069885092233173
UBFC_PHYS_s04_T3_test,137,105,140.5,-0.059434883296489716,-0.13587779930092897
UBFC_PHYS_s04_T3_test,137,106,140.53333333333333,0.8859190344810486,0.3927835044571197
UBFC_PHYS_s04_T3_test,137,107,140.56666666666666,1.5604604482650757,0.9283176464397631
UBFC_PHYS_s04_T3_test,137,108,140.6,1.8167924880981445,1.407020675331197
UBFC_PHYS_s04_T3_test,137,109,140.63333333333333,1.842635154724121,1.7658696582994249
UBFC_PHYS_s04_T3_test,137,110,140.66666666666666,1.7840505838394165,1.957498943708667
UBFC_PHYS_s04_T3_test,137,111,140.7,1.7229810953140259,1.961330908911719
UBFC_PHYS_s04_T3_test,137,112,140.73333333333332,1.7600008249282837,1.7870851719656484
UBFC_PHYS_s04_T3_test,137,113,140.76666666666668,1.8709042072296143,1.4697934587828805
UBFC_PHYS_s04_T3_test,137,114,140.8,1.8226100206375122,1.058885468520102
UBFC_PHYS_s04_T3_test,137,115,140.83333333333334,1.4739770889282227,0.6060271447934946
UBFC_PHYS_s04_T3_test,137,116,140.86666666666667,0.9785317778587341,0.15596253264789303
UBFC_PHYS_s04_T3_test,137,117,140.9,0.5598838329315186,-0.25768468196913114
UBFC_PHYS_s04_T3_test,137,118,140.93333333333334,0.26098740100860596,-0.6122546596589211
UBFC_PHYS_s04_T3_test,137,119,140.96666666666667,0.030702762305736542,-0.8937153558099137
UBFC_PHYS_s04_T3_test,137,120,141.0,-0.14962124824523926,-1.094400708378408
UBFC_PHYS_s04_T3_test,137,121,141.03333333333333,-0.337078332901001,-1.2120275606564477
UBFC_PHYS_s04_T3_test,137,122,141.06666666666666,-0.62492436170578,-1.2498208870613623
UBFC_PHYS_s04_T3_test,137,123,141.1,-0.9943035840988159,-1.21657970540952
UBFC_PHYS_s04_T3_test,137,124,141.13333333333333,-1.333747386932373,-1.1253868187904672
UBFC_PHYS_s04_T3_test,137,125,141.16666666666666,-1.5897284746170044,-0.9906403134125302
UBFC_PHYS_s04_T3_test,137,126,141.2,-1.7442682981491089,-0.8246641704432399
UBFC_PHYS_s04_T3_test,137,127,141.23333333333332,-1.741023302078247,-0.6358943191357058
UBFC_PHYS_s04_T3_test,137,128,141.26666666666668,-1.5949516296386719,-0.42964540381590877
UBFC_PHYS_s04_T3_test,137,129,141.3,-1.3993967771530151,-0.21070819143202946
UBFC_PHYS_s04_T3_test,137,130,141.33333333333334,-1.1378222703933716,0.01399370545320297
UBFC_PHYS_s04_T3_test,137,131,141.36666666666667,-0.7613391876220703,0.2342367295920699
UBFC_PHYS_s04_T3_test,137,132,141.4,-0.36796873807907104,0.43729642298622956
UBFC_PHYS_s04_T3_test,137,133,141.43333333333334,-0.09807226806879044,0.6101352019980206
UBFC_PHYS_s04_T3_test,137,134,141.46666666666667,0.041538771241903305,0.7419647519608416
UBFC_PHYS_s04_T3_test,137,135,141.5,0.13906283676624298,0.8260772410181624
UBFC_PHYS_s04_T3_test,137,136,141.53333333333333,0.24526934325695038,0.8598965273184791
UBFC_PHYS_s04_T3_test,137,137,141.56666666666666,0.3456583321094513,0.8431519727687333
UBFC_PHYS_s04_T3_test,137,138,141.6,0.4199122488498688,0.7759142054954382
UBFC_PHYS_s04_T3_test,137,139,141.63333333333333,0.4462324380874634,0.6587960615433706
UBFC_PHYS_s04_T3_test,137,140,141.66666666666666,0.3836038410663605,0.4955546981711343
UBFC_PHYS_s04_T3_test,137,141,141.7,0.2343943566083908,0.2957377532904542
UBFC_PHYS_s04_T3_test,137,142,141.73333333333332,0.07364726066589355,0.07464132713171762
UBFC_PHYS_s04_T3_test,137,143,141.76666666666668,-0.055069297552108765,-0.15003533348132178
UBFC_PHYS_s04_T3_test,137,144,141.8,-0.1919226050376892,-0.36261197616014806
UBFC_PHYS_s04_T3_test,137,145,141.83333333333334,-0.3617614209651947,-0.5517020932840515
UBFC_PHYS_s04_T3_test,137,146,141.86666666666667,-0.5520249605178833,-0.7090537867529553
UBFC_PHYS_s04_T3_test,137,147,141.9,-0.7665135860443115,-0.8264636693907963
UBFC_PHYS_s04_T3_test,137,148,141.93333333333334,-0.9652256965637207,-0.8933571045175875
UBFC_PHYS_s04_T3_test,137,149,141.96666666666667,-1.017797827720642,-0.8968119726687336
UBFC_PHYS_s04_T3_test,137,150,142.0,-0.8604418635368347,-0.8242636750565956
UBFC_PHYS_s04_T3_test,137,151,142.03333333333333,-0.6031354069709778,-0.6679060868641822
UBFC_PHYS_s04_T3_test,137,152,142.06666666666666,-0.37560853362083435,-0.4293331836568539
UBFC_PHYS_s04_T3_test,137,153,142.1,-0.19554761052131653,-0.12290610783377023
UBFC_PHYS_s04_T3_test,137,154,142.13333333333333,-0.04960257187485695,0.22364442687774866
UBFC_PHYS_s04_T3_test,137,155,142.16666666666666,0.05920574814081192,0.5723288733345885
UBFC_PHYS_s04_T3_test,137,156,142.2,0.14113843441009521,0.8813366394959747
UBFC_PHYS_s04_T3_test,137,157,142.23333333333332,0.23015545308589935,1.1130550551850134
UBFC_PHYS_s04_T3_test,137,158,142.26666666666668,0.3475292921066284,1.2413978466543207
UBFC_PHYS_s04_T3_test,137,159,142.3,0.4475089907646179,1.2564289349109872
UBFC_PHYS_s04_T3_test,137,160,142.33333333333334,0.4606837034225464,1.1649528453753313
UBFC_PHYS_s04_T3_test,137,161,142.36666666666667,0.39573588967323303,0.9868708057234344
UBFC_PHYS_s04_T3_test,137,162,142.4,0.33001822233200073,0.7485680191302658
UBFC_PHYS_s04_T3_test,137,163,142.43333333333334,0.2931738495826721,0.4757033345220805
UBFC_PHYS_s04_T3_test,137,164,142.46666666666667,0.22528314590454102,0.18785810379125847
UBFC_PHYS_s04_T3_test,137,165,142.5,0.07343287765979767,-0.10339554969717181
UBFC_PHYS_s04_T3_test,137,166,142.53333333333333,-0.11990019679069519,-0.3928042993596874
UBFC_PHYS_s04_T3_test,137,167,142.56666666666666,-0.2724423408508301,-0.6770893297011291
UBFC_PHYS_s04_T3_test,137,168,142.6,-0.3664485812187195,-0.9495255847887095
UBFC_PHYS_s04_T3_test,137,169,142.63333333333333,-0.4469975233078003,-1.1952368453936162
UBFC_PHYS_s04_T3_test,137,170,142.66666666666666,-0.5649365782737732,-1.3890479534509443
UBFC_PHYS_s04_T3_test,137,171,142.7,-0.6950076222419739,-1.4974406757762935
UBFC_PHYS_s04_T3_test,137,172,142.73333333333332,-0.7099363803863525,-1.4852430575071756
UBFC_PHYS_s04_T3_test,137,173,142.76666666666668,-0.5124325752258301,-1.3261688850270994
UBFC_PHYS_s04_T3_test,137,174,142.8,-0.17628251016139984,-1.0145406241724815
UBFC_PHYS_s04_T3_test,137,175,142.83333333333334,0.15202316641807556,-0.5740053989204592
UBFC_PHYS_s04_T3_test,137,176,142.86666666666667,0.4020113945007324,-0.05866839219828844
UBFC_PHYS_s04_T3_test,137,177,142.9,0.5723374485969543,0.4560289391736337
UBFC_PHYS_s04_T3_test,137,178,142.93333333333334,0.6778131127357483,0.8911317096605682
UBFC_PHYS_s04_T3_test,137,179,142.96666666666667,0.7347703576087952,1.1847202574026008
UBFC_PHYS_s04_T3_test,137,180,143.0,0.7528271079063416,1.3073152907142194
UBFC_PHYS_s04_T3_test,137,181,143.03333333333333,0.7273741960525513,1.2663408454757787
UBFC_PHYS_s04_T3_test,137,182,143.06666666666666,0.6679515838623047,1.099003489626603
UBFC_PHYS_s04_T3_test,137,183,143.1,0.5965722799301147,0.8577442502192254
UBFC_PHYS_s04_T3_test,137,184,143.13333333333333,0.5053042769432068,0.5940290472015629
UBFC_PHYS_s04_T3_test,137,185,143.16666666666666,0.3671841621398926,0.3453400443215759
UBFC_PHYS_s04_T3_test,137,186,143.2,0.20241254568099976,0.1286674538388444
UBFC_PHYS_s04_T3_test,137,187,143.23333333333332,0.06625109910964966,-0.05805649769680564
UBFC_PHYS_s04_T3_test,137,188,143.26666666666668,-0.025484660640358925,-0.22755157412317
UBFC_PHYS_s04_T3_test,137,189,143.3,-0.10691062361001968,-0.39138669272860216
UBFC_PHYS_s04_T3_test,137,190,143.33333333333334,-0.21505631506443024,-0.5501018848910031
UBFC_PHYS_s04_T3_test,137,191,143.36666666666667,-0.37305542826652527,-0.6900007434803939
UBFC_PHYS_s04_T3_test,137,192,143.4,-0.581054151058197,-0.788016785968927
UBFC_PHYS_s04_T3_test,137,193,143.43333333333334,-0.8101693987846375,-0.8216801111530457
UBFC_PHYS_s04_T3_test,137,194,143.46666666666667,-1.012565016746521,-0.778452614993112
UBFC_PHYS_s04_T3_test,137,195,143.5,-1.1266158819198608,-0.6595083146123388
UBFC_PHYS_s04_T3_test,137,196,143.53333333333333,-1.096534252166748,-0.47713298649955127
UBFC_PHYS_s04_T3_test,137,197,143.56666666666666,-0.9399774074554443,-0.24907000546100497
UBFC_PHYS_s04_T3_test,137,198,143.6,-0.728275716304779,0.00582547318322834
UBFC_PHYS_s04_T3_test,137,199,143.63333333333333,-0.5214268565177917,0.2684783021251565
UBFC_PHYS_s04_T3_test,137,200,143.66666666666666,-0.342418372631073,0.5182544214560038
UBFC_PHYS_s04_T3_test,137,201,143.7,-0.1929750293493271,0.7324375179702447
UBFC_PHYS_s04_T3_test,137,202,143.73333333333332,-0.06753265857696533,0.8885098050377636
UBFC_PHYS_s04_T3_test,137,203,143.76666666666668,0.032710153609514236,0.968720700226464
UBFC_PHYS_s04_T3_test,137,204,143.8,0.10886428505182266,0.964721862591923
UBFC_PHYS_s04_T3_test,137,205,143.83333333333334,0.1771155297756195,0.8799711683752584
UBFC_PHYS_s04_T3_test,137,206,143.86666666666667,0.23112016916275024,0.7288049193768339
UBFC_PHYS_s04_T3_test,137,207,143.9,0.23588527739048004,0.532683316550598
UBFC_PHYS_s04_T3_test,137,208,143.93333333333334,0.19004663825035095,0.31522804393010195
UBFC_PHYS_s04_T3_test,137,209,143.96666666666667,0.13540861010551453,0.0977962582627239
UBFC_PHYS_s04_T3_test,137,210,144.0,0.07840263098478317,-0.10340396375161931
UBFC_PHYS_s04_T3_test,137,211,144.03333333333333,-0.024461477994918823,-0.27851509294527427
UBFC_PHYS_s04_T3_test,137,212,144.06666666666666,-0.17050395905971527,-0.4237632186167
UBFC_PHYS_s04_T3_test,137,213,144.1,-0.30187106132507324,-0.5399144448574626
UBFC_PHYS_s04_T3_test,137,214,144.13333333333333,-0.3926031291484833,-0.6296941608799534
UBFC_PHYS_s04_T3_test,137,215,144.16666666666666,-0.47626060247421265,-0.6947315930044858
UBFC_PHYS_s04_T3_test,137,216,144.2,-0.596168041229248,-0.7330515121613872
UBFC_PHYS_s04_T3_test,137,217,144.23333333333332,-0.7620018124580383,-0.7383077796711256
UBFC_PHYS_s04_T3_test,137,218,144.26666666666668,-0.9000049829483032,-0.7015075842089229
UBFC_PHYS_s04_T3_test,137,219,144.3,-0.8566414713859558,-0.6150323193718469
UBFC_PHYS_s04_T3_test,137,220,144.33333333333334,-0.5949012637138367,-0.4777040973955052
UBFC_PHYS_s04_T3_test,137,221,144.36666666666667,-0.27374809980392456,-0.2988442101866708
UBFC_PHYS_s04_T3_test,137,222,144.4,-0.040520597249269485,-0.09913737858171863
UBFC_PHYS_s04_T3_test,137,223,144.43333333333334,0.1095171719789505,0.09287840876900413
UBFC_PHYS_s04_T3_test,137,224,144.46666666666667,0.20910708606243134,0.24786853874996437
UBFC_PHYS_s04_T3_test,137,225,144.5,0.2457663118839264,0.34367110759870845
UBFC_PHYS_s04_T3_test,137,226,144.53333333333333,0.22711513936519623,0.3711425026406421
UBFC_PHYS_s04_T3_test,137,227,144.56666666666666,0.18988098204135895,0.3359455849019216
UBFC_PHYS_s04_T3_test,137,228,144.6,0.16648416221141815,0.25618490941386424
UBFC_PHYS_s04_T3_test,137,229,144.63333333333333,0.17813871800899506,0.15724297487918415
UBFC_PHYS_s04_T3_test,137,230,144.66666666666666,0.19957686960697174,0.06553727462282478
UBFC_PHYS_s04_T3_test,137,231,144.7,0.17078153789043427,0.0025275324573222806
UBFC_PHYS_s04_T3_test,137,232,144.73333333333332,0.07210761308670044,-0.020100343738839337
UBFC_PHYS_s04_T3_test,137,233,144.76666666666668,-0.06590530276298523,-0.0031432577707947154
UBFC_PHYS_s04_T3_test,137,234,144.8,-0.22220885753631592,0.0406402881732195
UBFC_PHYS_s04_T3_test,137,235,144.83333333333334,-0.3972805440425873,0.09092132231247944
UBFC_PHYS_s04_T3_test,137,236,144.86666666666667,-0.5889180302619934,0.1271277590768562
UBFC_PHYS_s04_T3_test,137,237,144.9,-0.7756345272064209,0.13608400778036014
UBFC_PHYS_s04_T3_test,137,238,144.93333333333334,-0.8668538331985474,0.11683052080641798
UBFC_PHYS_s04_T3_test,137,239,144.96666666666667,-0.7332162261009216,0.0805625554928061
UBFC_PHYS_s04_T3_test,138,0,138.0,0.4521571695804596,0.15055684318236257
UBFC_PHYS_s04_T3_test,138,1,138.03333333333333,0.6004311442375183,0.12210731133730862
UBFC_PHYS_s04_T3_test,138,2,138.06666666666666,0.6694522500038147,0.10144086391252927
UBFC_PHYS_s04_T3_test,138,3,138.1,0.6866709589958191,0.09775153642404089
UBFC_PHYS_s04_T3_test,138,4,138.13333333333333,0.6868950724601746,0.11953289411828806
UBFC_PHYS_s04_T3_test,138,5,138.16666666666666,0.6718006730079651,0.1733368332754712
UBFC_PHYS_s04_T3_test,138,6,138.2,0.6416508555412292,0.2615640987111382
UBFC_PHYS_s04_T3_test,138,7,138.23333333333332,0.6144731640815735,0.37956391062014255
UBFC_PHYS_s04_T3_test,138,8,138.26666666666668,0.5684396028518677,0.5135446360394265
UBFC_PHYS_s04_T3_test,138,9,138.3,0.442626953125,0.6413089613655077
UBFC_PHYS_s04_T3_test,138,10,138.33333333333334,0.24089401960372925,0.7364683766790839
UBFC_PHYS_s04_T3_test,138,11,138.36666666666667,0.03382103890180588,0.7746620453001446
UBFC_PHYS_s04_T3_test,138,12,138.4,-0.1528662145137787,0.7391834768422615
UBFC_PHYS_s04_T3_test,138,13,138.43333333333334,-0.37761589884757996,0.6239092651071292
UBFC_PHYS_s04_T3_test,138,14,138.46666666666667,-0.6731991767883301,0.43301241061551476
UBFC_PHYS_s04_T3_test,138,15,138.5,-0.9108702540397644,0.17846368623771358
UBFC_PHYS_s04_T3_test,138,16,138.53333333333333,-0.865265429019928,-0.12312721444666713
UBFC_PHYS_s04_T3_test,138,17,138.56666666666666,-0.5251882672309875,-0.4530740238765813
UBFC_PHYS_s04_T3_test,138,18,138.6,-0.10407494753599167,-0.7918388369020518
UBFC_PHYS_s04_T3_test,138,19,138.63333333333333,0.21874451637268066,-1.1185090384139973
UBFC_PHYS_s04_T3_test,138,20,138.66666666666666,0.42272844910621643,-1.4084409369105577
UBFC_PHYS_s04_T3_test,138,21,138.7,0.5406771898269653,-1.630147626380848
UBFC_PHYS_s04_T3_test,138,22,138.73333333333332,0.5828129053115845,-1.7444585152717227
UBFC_PHYS_s04_T3_test,138,23,138.76666666666668,0.5605757236480713,-1.7096031246761194
UBFC_PHYS_s04_T3_test,138,24,138.8,0.5108879208564758,-1.4934115431013744
UBFC_PHYS_s04_T3_test,138,25,138.83333333333334,0.46896663308143616,-1.0892444383066504
UBFC_PHYS_s04_T3_test,138,26,138.86666666666667,0.42714276909828186,-0.5283014163083567
UBFC_PHYS_s04_T3_test,138,27,138.9,0.3472077250480652,0.1195630703113335
UBFC_PHYS_s04_T3_test,138,28,138.93333333333334,0.2183157503604889,0.7601727185976486
UBFC_PHYS_s04_T3_test,138,29,138.96666666666667,0.06496481597423553,1.3006773826818272
UBFC_PHYS_s04_T3_test,138,30,139.0,-0.09685418754816055,1.6758087945637063
UBFC_PHYS_s04_T3_test,138,31,139.03333333333333,-0.2819628119468689,1.862857638913079
UBFC_PHYS_s04_T3_test,138,32,139.06666666666666,-0.5330619215965271,1.8797699305445774
UBFC_PHYS_s04_T3_test,138,33,139.1,-0.8655285835266113,1.7695912645826337
UBFC_PHYS_s04_T3_test,138,34,139.13333333333333,-1.1392059326171875,1.5797916520873037
UBFC_PHYS_s04_T3_test,138,35,139.16666666666666,-1.10337495803833,1.3454057553825816
UBFC_PHYS_s04_T3_test,138,36,139.2,-0.6996557712554932,1.0818755964750695
UBFC_PHYS_s04_T3_test,138,37,139.23333333333332,-0.1777149736881256,0.7884414382791559
UBFC_PHYS_s04_T3_test,138,38,139.26666666666668,0.2090778648853302,0.4578945217170064
UBFC_PHYS_s04_T3_test,138,39,139.3,0.45978718996047974,0.08651987701214707
UBFC_PHYS_s04_T3_test,138,40,139.33333333333334,0.656647801399231,-0.3196774718007388
UBFC_PHYS_s04_T3_test,138,41,139.36666666666667,0.7862219214439392,-0.7427107612063121
UBFC_PHYS_s04_T3_test,138,42,139.4,0.8231344819068909,-1.1529106414035857
UBFC_PHYS_s04_T3_test,138,43,139.43333333333334,0.8086442351341248,-1.5110402342036604
UBFC_PHYS_s04_T3_test,138,44,139.46666666666667,0.7947582006454468,-1.7727839836550319
UBFC_PHYS_s04_T3_test,138,45,139.5,0.7936083078384399,-1.8964118617520769
UBFC_PHYS_s04_T3_test,138,46,139.53333333333333,0.7813495993614197,-1.85298510993514
UBFC_PHYS_s04_T3_test,138,47,139.56666666666666,0.715115487575531,-1.6364769104297914
UBFC_PHYS_s04_T3_test,138,48,139.6,0.5766348242759705,-1.27009537967774
UBFC_PHYS_s04_T3_test,138,49,139.63333333333333,0.4021380841732025,-0.8051959353866095
UBFC_PHYS_s04_T3_test,138,50,139.66666666666666,0.23616787791252136,-0.3106173547300309
UBFC_PHYS_s04_T3_test,138,51,139.7,0.05717886984348297,0.1458942904506861
UBFC_PHYS_s04_T3_test,138,52,139.73333333333332,-0.21253246068954468,0.5171251458691928
UBFC_PHYS_s04_T3_test,138,53,139.76666666666668,-0.5656381845474243,0.7874022722238853
UBFC_PHYS_s04_T3_test,138,54,139.8,-0.8075286149978638,0.9700147120025029
UBFC_PHYS_s04_T3_test,138,55,139.83333333333334,-0.7476480007171631,1.0933007047621999
UBFC_PHYS_s04_T3_test,138,56,139.86666666666667,-0.41764676570892334,1.1830205587033615
UBFC_PHYS_s04_T3_test,138,57,139.9,-0.005235360469669104,1.2493839064146999
UBFC_PHYS_s04_T3_test,138,58,139.93333333333334,0.35307398438453674,1.2836361971912622
UBFC_PHYS_s04_T3_test,138,59,139.96666666666667,0.6287782192230225,1.2639733996825302
UBFC_PHYS_s04_T3_test,138,60,140.0,0.831027626991272,1.166630002817895
UBFC_PHYS_s04_T3_test,138,61,140.03333333333333,0.9523772597312927,0.9767200985231477
UBFC_PHYS_s04_T3_test,138,62,140.06666666666666,0.9766998291015625,0.6947047274835735
UBFC_PHYS_s04_T3_test,138,63,140.1,0.9153379797935486,0.3369825204824232
UBFC_PHYS_s04_T3_test,138,64,140.13333333333333,0.8366210460662842,-0.06839314842990242
UBFC_PHYS_s04_T3_test,138,65,140.16666666666666,0.796824038028717,-0.48827866089160743
UBFC_PHYS_s04_T3_test,138,66,140.2,0.7527979016304016,-0.8903064673216262
UBFC_PHYS_s04_T3_test,138,67,140.23333333333332,0.6236428022384644,-1.2459592879567103
UBFC_PHYS_s04_T3_test,138,68,140.26666666666668,0.4352210462093353,-1.530541476224024
UBFC_PHYS_s04_T3_test,138,69,140.3,0.2899971008300781,-1.721444126271953
UBFC_PHYS_s04_T3_test,138,70,140.33333333333334,0.18228018283843994,-1.7968513904458014
UBFC_PHYS_s04_T3_test,138,71,140.36666666666667,-0.009883539751172066,-1.7366877336512474
UBFC_PHYS_s04_T3_test,138,72,140.4,-0.36215120553970337,-1.5265053550616747
UBFC_PHYS_s04_T3_test,138,73,140.43333333333334,-0.7229259014129639,-1.1636045870456628
UBFC_PHYS_s04_T3_test,138,74,140.46666666666667,-0.7028422951698303,-0.6634233816024847
UBFC_PHYS_s04_T3_test,138,75,140.5,-0.059434883296489716,-0.06352616290295209
UBFC_PHYS_s04_T3_test,138,76,140.53333333333333,0.8859190344810486,0.5773113827628511
UBFC_PHYS_s04_T3_test,138,77,140.56666666666666,1.5604604482650757,1.1861949142689003
UBFC_PHYS_s04_T3_test,138,78,140.6,1.8167924880981445,1.6885590316008234
UBFC_PHYS_s04_T3_test,138,79,140.63333333333333,1.842635154724121,2.0229482445274938
UBFC_PHYS_s04_T3_test,138,80,140.66666666666666,1.7840505838394165,2.1537632245711555
UBFC_PHYS_s04_T3_test,138,81,140.7,1.7229810953140259,2.0777925898061307
UBFC_PHYS_s04_T3_test,138,82,140.73333333333332,1.7600008249282837,1.8222455371432251
UBFC_PHYS_s04_T3_test,138,83,140.76666666666668,1.8709042072296143,1.435117775375542
UBFC_PHYS_s04_T3_test,138,84,140.8,1.8226100206375122,0.9718112159523074
UBFC_PHYS_s04_T3_test,138,85,140.83333333333334,1.4739770889282227,0.48312790988099585
UBFC_PHYS_s04_T3_test,138,86,140.86666666666667,0.9785317778587341,0.008234005580855137
UBFC_PHYS_s04_T3_test,138,87,140.9,0.5598838329315186,-0.42657328694135566
UBFC_PHYS_s04_T3_test,138,88,140.93333333333334,0.26098740100860596,-0.8045962887967637
UBFC_PHYS_s04_T3_test,138,89,140.96666666666667,0.030702762305736542,-1.1135202921037863
UBFC_PHYS_s04_T3_test,138,90,141.0,-0.14962124824523926,-1.3413800884407343
UBFC_PHYS_s04_T3_test,138,91,141.03333333333333,-0.337078332901001,-1.4760707223962508
UBFC_PHYS_s04_T3_test,138,92,141.06666666666666,-0.62492436170578,-1.508457919339637
UBFC_PHYS_s04_T3_test,138,93,141.1,-0.9943035840988159,-1.4368180841110878
UBFC_PHYS_s04_T3_test,138,94,141.13333333333333,-1.333747386932373,-1.2696791895164383
UBFC_PHYS_s04_T3_test,138,95,141.16666666666666,-1.5897284746170044,-1.0253723464648907
UBFC_PHYS_s04_T3_test,138,96,141.2,-1.7442682981491089,-0.7287527192109785
UBFC_PHYS_s04_T3_test,138,97,141.23333333333332,-1.741023302078247,-0.4070807742413378
UBFC_PHYS_s04_T3_test,138,98,141.26666666666668,-1.5949516296386719,-0.08695483582008903
UBFC_PHYS_s04_T3_test,138,99,141.3,-1.3993967771530151,0.20720476185678294
UBFC_PHYS_s04_T3_test,138,100,141.33333333333334,-1.1378222703933716,0.4541011369569816
UBFC_PHYS_s04_T3_test,138,101,141.36666666666667,-0.7613391876220703,0.6372434385103979
UBFC_PHYS_s04_T3_test,138,102,141.4,-0.36796873807907104,0.7475366436337958
UBFC_PHYS_s04_T3_test,138,103,141.43333333333334,-0.09807226806879044,0.7855858915827545
UBFC_PHYS_s04_T3_test,138,104,141.46666666666667,0.041538771241903305,0.7622133176625785
UBFC_PHYS_s04_T3_test,138,105,141.5,0.13906283676624298,0.6962444099911825
UBFC_PHYS_s04_T3_test,138,106,141.53333333333333,0.24526934325695038,0.6094695833169458
UBFC_PHYS_s04_T3_test,138,107,141.56666666666666,0.3456583321094513,0.5200348569632989
UBFC_PHYS_s04_T3_test,138,108,141.6,0.4199122488498688,0.4371053040460489
UBFC_PHYS_s04_T3_test,138,109,141.63333333333333,0.4462324380874634,0.3596909351868325
UBFC_PHYS_s04_T3_test,138,110,141.66666666666666,0.3836038410663605,0.28009823541863454
UBFC_PHYS_s04_T3_test,138,111,141.7,0.2343943566083908,0.1896026988662203
UBFC_PHYS_s04_T3_test,138,112,141.73333333333332,0.07364726066589355,0.08311363281849173
UBFC_PHYS_s04_T3_test,138,113,141.76666666666668,-0.055069297552108765,-0.0389368122185308
UBFC_PHYS_s04_T3_test,138,114,141.8,-0.1919226050376892,-0.17098927619501225
UBFC_PHYS_s04_T3_test,138,115,141.83333333333334,-0.3617614209651947,-0.30352009348364384
UBFC_PHYS_s04_T3_test,138,116,141.86666666666667,-0.5520249605178833,-0.4243839827041964
UBFC_PHYS_s04_T3_test,138,117,141.9,-0.7665135860443115,-0.5207623152462207
UBFC_PHYS_s04_T3_test,138,118,141.93333333333334,-0.9652256965637207,-0.5815543755339609
UBFC_PHYS_s04_T3_test,138,119,141.96666666666667,-1.017797827720642,-0.5990350088376862
UBFC_PHYS_s04_T3_test,138,120,142.0,-0.8604418635368347,-0.5689113712112683
UBFC_PHYS_s04_T3_test,138,121,142.03333333333333,-0.6031354069709778,-0.48931695065489034
UBFC_PHYS_s04_T3_test,138,122,142.06666666666666,-0.37560853362083435,-0.3604218329224917
UBFC_PHYS_s04_T3_test,138,123,142.1,-0.19554761052131653,-0.1860460991084712
UBFC_PHYS_s04_T3_test,138,124,142.13333333333333,-0.04960257187485695,0.023132926444865375
UBFC_PHYS_s04_T3_test,138,125,142.16666666666666,0.05920574814081192,0.2469857218887888
UBFC_PHYS_s04_T3_test,138,126,142.2,0.14113843441009521,0.4564080965873512
UBFC_PHYS_s04_T3_test,138,127,142.23333333333332,0.23015545308589935,0.6180166693826599
UBFC_PHYS_s04_T3_test,138,128,142.26666666666668,0.3475292921066284,0.7021981355733413
UBFC_PHYS_s04_T3_test,138,129,142.3,0.4475089907646179,0.6917948647844661
UBFC_PHYS_s04_T3_test,138,130,142.33333333333334,0.4606837034225464,0.5878412684475423
UBFC_PHYS_s04_T3_test,138,131,142.36666666666667,0.39573588967323303,0.4096797597114083
UBFC_PHYS_s04_T3_test,138,132,142.4,0.33001822233200073,0.18937238518419075
UBFC_PHYS_s04_T3_test,138,133,142.43333333333334,0.2931738495826721,-0.03702790464302315
UBFC_PHYS_s04_T3_test,138,134,142.46666666666667,0.22528314590454102,-0.23777303555660032
UBFC_PHYS_s04_T3_test,138,135,142.5,0.07343287765979767,-0.39066938727895
UBFC_PHYS_s04_T3_test,138,136,142.53333333333333,-0.11990019679069519,-0.484688353824542
UBFC_PHYS_s04_T3_test,138,137,142.56666666666666,-0.2724423408508301,-0.5188423653476123
UBFC_PHYS_s04_T3_test,138,138,142.6,-0.3664485812187195,-0.4993301638943024
UBFC_PHYS_s04_T3_test,138,139,142.63333333333333,-0.4469975233078003,-0.43554770932918413
UBFC_PHYS_s04_T3_test,138,140,142.66666666666666,-0.5649365782737732,-0.3358070072674866
UBFC_PHYS_s04_T3_test,138,141,142.7,-0.6950076222419739,-0.20434990783752358
UBFC_PHYS_s04_T3_test,138,142,142.73333333333332,-0.7099363803863525,-0.04155518200068726
UBFC_PHYS_s04_T3_test,138,143,142.76666666666668,-0.5124325752258301,0.15169346802558595
UBFC_PHYS_s04_T3_test,138,144,142.8,-0.17628251016139984,0.3667358832714137
UBFC_PHYS_s04_T3_test,138,145,142.83333333333334,0.15202316641807556,0.58066605308608
UBFC_PHYS_s04_T3_test,138,146,142.86666666666667,0.4020113945007324,0.7553732462916738
UBFC_PHYS_s04_T3_test,138,147,142.9,0.5723374485969543,0.8449194408769654
UBFC_PHYS_s04_T3_test,138,148,142.93333333333334,0.6778131127357483,0.8096101912747917
UBFC_PHYS_s04_T3_test,138,149,142.96666666666667,0.7347703576087952,0.6310067323617646
UBFC_PHYS_s04_T3_test,138,150,143.0,0.7528271079063416,0.321316890732336
UBFC_PHYS_s04_T3_test,138,151,143.03333333333333,0.7273741960525513,-0.07666927969902389
UBFC_PHYS_s04_T3_test,138,152,143.06666666666666,0.6679515838623047,-0.49859221054783004
UBFC_PHYS_s04_T3_test,138,153,143.1,0.5965722799301147,-0.8728277722091845
UBFC_PHYS_s04_T3_test,138,154,143.13333333333333,0.5053042769432068,-1.1360000924525366
UBFC_PHYS_s04_T3_test,138,155,143.16666666666666,0.3671841621398926,-1.246560861883993
UBFC_PHYS_s04_T3_test,138,156,143.2,0.20241254568099976,-1.1937544771528228
UBFC_PHYS_s04_T3_test,138,157,143.23333333333332,0.06625109910964966,-0.9993887655403698
UBFC_PHYS_s04_T3_test,138,158,143.26666666666668,-0.025484660640358925,-0.7107955714350405
UBFC_PHYS_s04_T3_test,138,159,143.3,-0.10691062361001968,-0.3860858914447374
UBFC_PHYS_s04_T3_test,138,160,143.33333333333334,-0.21505631506443024,-0.07665900157339688
UBFC_PHYS_s04_T3_test,138,161,143.36666666666667,-0.37305542826652527,0.18578746302176966
UBFC_PHYS_s04_T3_test,138,162,143.4,-0.581054151058197,0.3921696609054125
UBFC_PHYS_s04_T3_test,138,163,143.43333333333334,-0.8101693987846375,0.548569725558654
UBFC_PHYS_s04_T3_test,138,164,143.46666666666667,-1.012565016746521,0.664112717013216
UBFC_PHYS_s04_T3_test,138,165,143.5,-1.1266158819198608,0.7420134853552691
UBFC_PHYS_s04_T3_test,138,166,143.53333333333333,-1.096534252166748,0.7780599282949683
UBFC_PHYS_s04_T3_test,138,167,143.56666666666666,-0.9399774074554443,0.7652358731874465
UBFC_PHYS_s04_T3_test,138,168,143.6,-0.728275716304779,0.7003196321822197
UBFC_PHYS_s04_T3_test,138,169,143.63333333333333,-0.5214268565177917,0.5887026829080284
UBFC_PHYS_s04_T3_test,138,170,143.66666666666666,-0.342418372631073,0.4455482664655589
UBFC_PHYS_s04_T3_test,138,171,143.7,-0.1929750293493271,0.2931782700273672
UBFC_PHYS_s04_T3_test,138,172,143.73333333333332,-0.06753265857696533,0.15557878939437345
UBFC_PHYS_s04_T3_test,138,173,143.76666666666668,0.032710153609514236,0.05160136763405132
UBFC_PHYS_s04_T3_test,138,174,143.8,0.10886428505182266,-0.010806093213499516
UBFC_PHYS_s04_T3_test,138,175,143.83333333333334,0.1771155297756195,-0.03696115311590051
UBFC_PHYS_s04_T3_test,138,176,143.86666666666667,0.23112016916275024,-0.04335220461756113
UBFC_PHYS_s04_T3_test,138,177,143.9,0.23588527739048004,-0.05195867387546396
UBFC_PHYS_s04_T3_test,138,178,143.93333333333334,0.19004663825035095,-0.08314262177662061
UBFC_PHYS_s04_T3_test,138,179,143.96666666666667,0.13540861010551453,-0.14940649294149458
UBFC_PHYS_s04_T3_test,138,180,144.0,0.07840263098478317,-0.25153793098397786
UBFC_PHYS_s04_T3_test,138,181,144.03333333333333,-0.024461477994918823,-0.37772353191866925
UBFC_PHYS_s04_T3_test,138,182,144.06666666666666,-0.17050395905971527,-0.505663727982621
UBFC_PHYS_s04_T3_test,138,183,144.1,-0.30187106132507324,-0.6073462739217544
UBFC_PHYS_s04_T3_test,138,184,144.13333333333333,-0.3926031291484833,-0.6555628782455927
UBFC_PHYS_s04_T3_test,138,185,144.16666666666666,-0.47626060247421265,-0.6306271975807585
UBFC_PHYS_s04_T3_test,138,186,144.2,-0.596168041229248,-0.5254860928102683
UBFC_PHYS_s04_T3_test,138,187,144.23333333333332,-0.7620018124580383,-0.3478001524756886
UBFC_PHYS_s04_T3_test,138,188,144.26666666666668,-0.9000049829483032,-0.11855641630337521
UBFC_PHYS_s04_T3_test,138,189,144.3,-0.8566414713859558,0.13213223036481975
UBFC_PHYS_s04_T3_test,138,190,144.33333333333334,-0.5949012637138367,0.37071620378495246
UBFC_PHYS_s04_T3_test,138,191,144.36666666666667,-0.27374809980392456,0.5659422619770126
UBFC_PHYS_s04_T3_test,138,192,144.4,-0.040520597249269485,0.6934648005185643
UBFC_PHYS_s04_T3_test,138,193,144.43333333333334,0.1095171719789505,0.7386164565703627
UBFC_PHYS_s04_T3_test,138,194,144.46666666666667,0.20910708606243134,0.6970936419517761
UBFC_PHYS_s04_T3_test,138,195,144.5,0.2457663118839264,0.5738651925317643
UBFC_PHYS_s04_T3_test,138,196,144.53333333333333,0.22711513936519623,0.38121560141103283
UBFC_PHYS_s04_T3_test,138,197,144.56666666666666,0.18988098204135895,0.13714694883149392
UBFC_PHYS_s04_T3_test,138,198,144.6,0.16648416221141815,-0.13499645566849666
UBFC_PHYS_s04_T3_test,138,199,144.63333333333333,0.17813871800899506,-0.4059438561269592
UBFC_PHYS_s04_T3_test,138,200,144.66666666666666,0.19957686960697174,-0.6406163877805655
UBFC_PHYS_s04_T3_test,138,201,144.7,0.17078153789043427,-0.8011236773474847
UBFC_PHYS_s04_T3_test,138,202,144.73333333333332,0.07210761308670044,-0.8536683905417854
UBFC_PHYS_s04_T3_test,138,203,144.76666666666668,-0.06590530276298523,-0.7781312691520375
UBFC_PHYS_s04_T3_test,138,204,144.8,-0.22220885753631592,-0.5770684017646565
UBFC_PHYS_s04_T3_test,138,205,144.83333333333334,-0.3972805440425873,-0.28029498608392844
UBFC_PHYS_s04_T3_test,138,206,144.86666666666667,-0.5889180302619934,0.05745933294342669
UBFC_PHYS_s04_T3_test,138,207,144.9,-0.7756345272064209,0.3661794641527221
UBFC_PHYS_s04_T3_test,138,208,144.93333333333334,-0.8668538331985474,0.5759524046225242
UBFC_PHYS_s04_T3_test,138,209,144.96666666666667,-0.7332162261009216,0.6349565816894998
UBFC_PHYS_s04_T3_test,138,210,145.0,-0.3750140964984894,0.5254013187055394
UBFC_PHYS_s04_T3_test,138,211,145.03333333333333,0.0330999381840229,0.2722770929583432
UBFC_PHYS_s04_T3_test,138,212,145.06666666666666,0.33727794885635376,-0.05888161996880481
UBFC_PHYS_s04_T3_test,138,213,145.1,0.5186933875083923,-0.37621569642992125
UBFC_PHYS_s04_T3_test,138,214,145.13333333333333,0.5988525152206421,-0.5853457870237703
UBFC_PHYS_s04_T3_test,138,215,145.16666666666666,0.5873149037361145,-0.616984225058518
UBFC_PHYS_s04_T3_test,138,216,145.2,0.5147175788879395,-0.4500189286684853
UBFC_PHYS_s04_T3_test,138,217,145.23333333333332,0.4361467659473419,-0.12137819775351014
UBFC_PHYS_s04_T3_test,138,218,145.26666666666668,0.38512399792671204,0.28295942550534653
UBFC_PHYS_s04_T3_test,138,219,145.3,0.34948796033859253,0.6548609791744846
UBFC_PHYS_s04_T3_test,138,220,145.33333333333334,0.29224810004234314,0.8998142725868777
UBFC_PHYS_s04_T3_test,138,221,145.36666666666667,0.18089644610881805,0.9674954580357511
UBFC_PHYS_s04_T3_test,138,222,145.4,0.020548878237605095,0.8646743520373896
UBFC_PHYS_s04_T3_test,138,223,145.43333333333334,-0.14909504354000092,0.6459559969103437
UBFC_PHYS_s04_T3_test,138,224,145.46666666666667,-0.3107971251010895,0.3881526708621857
UBFC_PHYS_s04_T3_test,138,225,145.5,-0.492241770029068,0.16077745260246373
UBFC_PHYS_s04_T3_test,138,226,145.53333333333333,-0.7194373607635498,0.0045864275228734005
UBFC_PHYS_s04_T3_test,138,227,145.56666666666666,-0.9399774074554443,-0.07567977575516718
UBFC_PHYS_s04_T3_test,138,228,145.6,-1.0031322240829468,-0.10478136474215827
UBFC_PHYS_s04_T3_test,138,229,145.63333333333333,-0.7844728827476501,-0.1217258031561596
UBFC_PHYS_s04_T3_test,138,230,145.66666666666666,-0.36307695508003235,-0.16251075150643518
UBFC_PHYS_s04_T3_test,138,231,145.7,0.04814561456441879,-0.2467095833447523
UBFC_PHYS_s04_T3_test,138,232,145.73333333333332,0.34370940923690796,-0.3713303732089362
UBFC_PHYS_s04_T3_test,138,233,145.76666666666668,0.5532770156860352,-0.5126501022268273
UBFC_PHYS_s04_T3_test,138,234,145.8,0.6919330358505249,-0.6345217546661369
UBFC_PHYS_s04_T3_test,138,235,145.83333333333334,0.7553120255470276,-0.7001676215461108
UBFC_PHYS_s04_T3_test,138,236,145.86666666666667,0.7767014503479004,-0.6837168032886596
UBFC_PHYS_s04_T3_test,138,237,145.9,0.7711275219917297,-0.5780194371125917
UBFC_PHYS_s04_T3_test,138,238,145.93333333333334,0.7091225385665894,-0.3967081945559529
UBFC_PHYS_s04_T3_test,138,239,145.96666666666667,0.5966989994049072,-0.1705506913344643
UBFC_PHYS_s04_T3_test,139,0,139.0,-0.09685418754816055,-0.01290556387130104
UBFC_PHYS_s04_T3_test,139,1,139.03333333333333,-0.2819628119468689,0.1974098822988363
UBFC_PHYS_s04_T3_test,139,2,139.06666666666666,-0.5330619215965271,0.403001245278802
UBFC_PHYS_s04_T3_test,139,3,139.1,-0.8655285835266113,0.5934524334520784
UBFC_PHYS_s04_T3_test,139,4,139.13333333333333,-1.1392059326171875,0.7521591428010796
UBFC_PHYS_s04_T3_test,139,5,139.16666666666666,-1.10337495803833,0.8592795844129721
UBFC_PHYS_s04_T3_test,139,6,139.2,-0.6996557712554932,0.8982608592950998
UBFC_PHYS_s04_T3_test,139,7,139.23333333333332,-0.1777149736881256,0.8628282741820726
UBFC_PHYS_s04_T3_test,139,8,139.26666666666668,0.2090778648853302,0.7603383921496716
UBFC_PHYS_s04_T3_test,139,9,139.3,0.45978718996047974,0.6090973689809281
UBFC_PHYS_s04_T3_test,139,10,139.33333333333334,0.656647801399231,0.4314000342006218
UBFC_PHYS_s04_T3_test,139,11,139.36666666666667,0.7862219214439392,0.2470342243647991
UBFC_PHYS_s04_T3_test,139,12,139.4,0.8231344819068909,0.07083814950768193
UBFC_PHYS_s04_T3_test,139,13,139.43333333333334,0.8086442351341248,-0.08593623794818912
UBFC_PHYS_s04_T3_test,139,14,139.46666666666667,0.7947582006454468,-0.21370443604067924
UBFC_PHYS_s04_T3_test,139,15,139.5,0.7936083078384399,-0.3051433194477158
UBFC_PHYS_s04_T3_test,139,16,139.53333333333333,0.7813495993614197,-0.3582492992497739
UBFC_PHYS_s04_T3_test,139,17,139.56666666666666,0.715115487575531,-0.3790311736175231
UBFC_PHYS_s04_T3_test,139,18,139.6,0.5766348242759705,-0.3812208432614963
UBFC_PHYS_s04_T3_test,139,19,139.63333333333333,0.4021380841732025,-0.38229728998067386
UBFC_PHYS_s04_T3_test,139,20,139.66666666666666,0.23616787791252136,-0.3965562759980652
UBFC_PHYS_s04_T3_test,139,21,139.7,0.05717886984348297,-0.42721724156233254
UBFC_PHYS_s04_T3_test,139,22,139.73333333333332,-0.21253246068954468,-0.4611538631934038
UBFC_PHYS_s04_T3_test,139,23,139.76666666666668,-0.5656381845474243,-0.470149349116658
UBFC_PHYS_s04_T3_test,139,24,139.8,-0.8075286149978638,-0.42014026012975
UBFC_PHYS_s04_T3_test,139,25,139.83333333333334,-0.7476480007171631,-0.28574384819381765
UBFC_PHYS_s04_T3_test,139,26,139.86666666666667,-0.41764676570892334,-0.0639276458746365
UBFC_PHYS_s04_T3_test,139,27,139.9,-0.005235360469669104,0.21974576144198885
UBFC_PHYS_s04_T3_test,139,28,139.93333333333334,0.35307398438453674,0.5156538717032573
UBFC_PHYS_s04_T3_test,139,29,139.96666666666667,0.6287782192230225,0.7638871187948911
UBFC_PHYS_s04_T3_test,139,30,140.0,0.831027626991272,0.9118729513520586
UBFC_PHYS_s04_T3_test,139,31,140.03333333333333,0.9523772597312927,0.9291760777787097
UBFC_PHYS_s04_T3_test,139,32,140.06666666666666,0.9766998291015625,0.8142661561759446
UBFC_PHYS_s04_T3_test,139,33,140.1,0.9153379797935486,0.591494417286775
UBFC_PHYS_s04_T3_test,139,34,140.13333333333333,0.8366210460662842,0.30048714236582563
UBFC_PHYS_s04_T3_test,139,35,140.16666666666666,0.796824038028717,-0.017105055533387734
UBFC_PHYS_s04_T3_test,139,36,140.2,0.7527979016304016,-0.3282037557713062
UBFC_PHYS_s04_T3_test,139,37,140.23333333333332,0.6236428022384644,-0.6127693554597278
UBFC_PHYS_s04_T3_test,139,38,140.26666666666668,0.4352210462093353,-0.8615809356176007
UBFC_PHYS_s04_T3_test,139,39,140.3,0.2899971008300781,-1.0694592195990789
UBFC_PHYS_s04_T3_test,139,40,140.33333333333334,0.18228018283843994,-1.2275347996992594
UBFC_PHYS_s04_T3_test,139,41,140.36666666666667,-0.009883539751172066,-1.318210687661442
UBFC_PHYS_s04_T3_test,139,42,140.4,-0.36215120553970337,-1.3153938737890767
UBFC_PHYS_s04_T3_test,139,43,140.43333333333334,-0.7229259014129639,-1.19082826867402
UBFC_PHYS_s04_T3_test,139,44,140.46666666666667,-0.7028422951698303,-0.9253089766044692
UBFC_PHYS_s04_T3_test,139,45,140.5,-0.059434883296489716,-0.5213437944151303
UBFC_PHYS_s04_T3_test,139,46,140.53333333333333,0.8859190344810486,-0.012039832215952596
UBFC_PHYS_s04_T3_test,139,47,140.56666666666666,1.5604604482650757,0.5389163966158459
UBFC_PHYS_s04_T3_test,139,48,140.6,1.8167924880981445,1.0484766466104611
UBFC_PHYS_s04_T3_test,139,49,140.63333333333333,1.842635154724121,1.4344123194266174
UBFC_PHYS_s04_T3_test,139,50,140.66666666666666,1.7840505838394165,1.6380646774986625
UBFC_PHYS_s04_T3_test,139,51,140.7,1.7229810953140259,1.6412146413257558
UBFC_PHYS_s04_T3_test,139,52,140.73333333333332,1.7600008249282837,1.4698839239371166
UBFC_PHYS_s04_T3_test,139,53,140.76666666666668,1.8709042072296143,1.1829389680511384
UBFC_PHYS_s04_T3_test,139,54,140.8,1.8226100206375122,0.8505275202127532
UBFC_PHYS_s04_T3_test,139,55,140.83333333333334,1.4739770889282227,0.5320248701790413
UBFC_PHYS_s04_T3_test,139,56,140.86666666666667,0.9785317778587341,0.26202917366799583
UBFC_PHYS_s04_T3_test,139,57,140.9,0.5598838329315186,0.04790587095179047
UBFC_PHYS_s04_T3_test,139,58,140.93333333333334,0.26098740100860596,-0.12273390761352396
UBFC_PHYS_s04_T3_test,139,59,140.96666666666667,0.030702762305736542,-0.2694575685383354
UBFC_PHYS_s04_T3_test,139,60,141.0,-0.14962124824523926,-0.4070604928562878
UBFC_PHYS_s04_T3_test,139,61,141.03333333333333,-0.337078332901001,-0.5386607476920111
UBFC_PHYS_s04_T3_test,139,62,141.06666666666666,-0.62492436170578,-0.6554979766179796
UBFC_PHYS_s04_T3_test,139,63,141.1,-0.9943035840988159,-0.7421252326710973
UBFC_PHYS_s04_T3_test,139,64,141.13333333333333,-1.333747386932373,-0.7837323620970224
UBFC_PHYS_s04_T3_test,139,65,141.16666666666666,-1.5897284746170044,-0.7721184358931026
UBFC_PHYS_s04_T3_test,139,66,141.2,-1.7442682981491089,-0.7082163617971009
UBFC_PHYS_s04_T3_test,139,67,141.23333333333332,-1.741023302078247,-0.6010481788055927
UBFC_PHYS_s04_T3_test,139,68,141.26666666666668,-1.5949516296386719,-0.46443156400419494
UBFC_PHYS_s04_T3_test,139,69,141.3,-1.3993967771530151,-0.31321167611066125
UBFC_PHYS_s04_T3_test,139,70,141.33333333333334,-1.1378222703933716,-0.1603889360872552
UBFC_PHYS_s04_T3_test,139,71,141.36666666666667,-0.7613391876220703,-0.01568549890325347
UBFC_PHYS_s04_T3_test,139,72,141.4,-0.36796873807907104,0.11466504915707615
UBFC_PHYS_s04_T3_test,139,73,141.43333333333334,-0.09807226806879044,0.22747619202241032
UBFC_PHYS_s04_T3_test,139,74,141.46666666666667,0.041538771241903305,0.3219578877929268
UBFC_PHYS_s04_T3_test,139,75,141.5,0.13906283676624298,0.3988522382746692
UBFC_PHYS_s04_T3_test,139,76,141.53333333333333,0.24526934325695038,0.4590096255598803
UBFC_PHYS_s04_T3_test,139,77,141.56666666666666,0.3456583321094513,0.5014158866411952
UBFC_PHYS_s04_T3_test,139,78,141.6,0.4199122488498688,0.5216564966666869
UBFC_PHYS_s04_T3_test,139,79,141.63333333333333,0.4462324380874634,0.5120954427962037
UBFC_PHYS_s04_T3_test,139,80,141.66666666666666,0.3836038410663605,0.46389081862561843
UBFC_PHYS_s04_T3_test,139,81,141.7,0.2343943566083908,0.36969421755625387
UBFC_PHYS_s04_T3_test,139,82,141.73333333333332,0.07364726066589355,0.22594733882105345
UBFC_PHYS_s04_T3_test,139,83,141.76666666666668,-0.055069297552108765,0.034673081661302736
UBFC_PHYS_s04_T3_test,139,84,141.8,-0.1919226050376892,-0.19472357429650627
UBFC_PHYS_s04_T3_test,139,85,141.83333333333334,-0.3617614209651947,-0.44364006427794533
UBFC_PHYS_s04_T3_test,139,86,141.86666666666667,-0.5520249605178833,-0.6837337902998655
UBFC_PHYS_s04_T3_test,139,87,141.9,-0.7665135860443115,-0.8794412715771127
UBFC_PHYS_s04_T3_test,139,88,141.93333333333334,-0.9652256965637207,-0.994056831877151
UBFC_PHYS_s04_T3_test,139,89,141.96666666666667,-1.017797827720642,-0.997944983003377
UBFC_PHYS_s04_T3_test,139,90,142.0,-0.8604418635368347,-0.8764779358912843
UBFC_PHYS_s04_T3_test,139,91,142.03333333333333,-0.6031354069709778,-0.6353417352400198
UBFC_PHYS_s04_T3_test,139,92,142.06666666666666,-0.37560853362083435,-0.3014283937356155
UBFC_PHYS_s04_T3_test,139,93,142.1,-0.19554761052131653,0.0814164664554283
UBFC_PHYS_s04_T3_test,139,94,142.13333333333333,-0.04960257187485695,0.4609937801899017
UBFC_PHYS_s04_T3_test,139,95,142.16666666666666,0.05920574814081192,0.7873716167087024
UBFC_PHYS_s04_T3_test,139,96,142.2,0.14113843441009521,1.0223820031054838
UBFC_PHYS_s04_T3_test,139,97,142.23333333333332,0.23015545308589935,1.145353330578214
UBFC_PHYS_s04_T3_test,139,98,142.26666666666668,0.3475292921066284,1.1541284154808478
UBFC_PHYS_s04_T3_test,139,99,142.3,0.4475089907646179,1.0620352351653068
UBFC_PHYS_s04_T3_test,139,100,142.33333333333334,0.4606837034225464,0.8920708320442422
UBFC_PHYS_s04_T3_test,139,101,142.36666666666667,0.39573588967323303,0.6697665885703609
UBFC_PHYS_s04_T3_test,139,102,142.4,0.33001822233200073,0.41676731889759394
UBFC_PHYS_s04_T3_test,139,103,142.43333333333334,0.2931738495826721,0.147431625074163
UBFC_PHYS_s04_T3_test,139,104,142.46666666666667,0.22528314590454102,-0.13015670148427766
UBFC_PHYS_s04_T3_test,139,105,142.5,0.07343287765979767,-0.4093407107407061
UBFC_PHYS_s04_T3_test,139,106,142.53333333333333,-0.11990019679069519,-0.6788036886888174
UBFC_PHYS_s04_T3_test,139,107,142.56666666666666,-0.2724423408508301,-0.9186351937741006
UBFC_PHYS_s04_T3_test,139,108,142.6,-0.3664485812187195,-1.10086265018243
UBFC_PHYS_s04_T3_test,139,109,142.63333333333333,-0.4469975233078003,-1.1945622527886608
UBFC_PHYS_s04_T3_test,139,110,142.66666666666666,-0.5649365782737732,-1.173672120900174
UBFC_PHYS_s04_T3_test,139,111,142.7,-0.6950076222419739,-1.024760600636213
UBFC_PHYS_s04_T3_test,139,112,142.73333333333332,-0.7099363803863525,-0.7524103106461244
UBFC_PHYS_s04_T3_test,139,113,142.76666666666668,-0.5124325752258301,-0.3809021614709227
UBFC_PHYS_s04_T3_test,139,114,142.8,-0.17628251016139984,0.04819677731751242
UBFC_PHYS_s04_T3_test,139,115,142.83333333333334,0.15202316641807556,0.4821840684410158
UBFC_PHYS_s04_T3_test,139,116,142.86666666666667,0.4020113945007324,0.8659852471443591
UBFC_PHYS_s04_T3_test,139,117,142.9,0.5723374485969543,1.1517244418645396
UBFC_PHYS_s04_T3_test,139,118,142.93333333333334,0.6778131127357483,1.30695454292912
UBFC_PHYS_s04_T3_test,139,119,142.96666666666667,0.7347703576087952,1.3195491964170172
UBFC_PHYS_s04_T3_test,139,120,143.0,0.7528271079063416,1.1980082152445273
UBFC_PHYS_s04_T3_test,139,121,143.03333333333333,0.7273741960525513,0.9673402040317226
UBFC_PHYS_s04_T3_test,139,122,143.06666666666666,0.6679515838623047,0.6623078944727191
UBFC_PHYS_s04_T3_test,139,123,143.1,0.5965722799301147,0.32040768127530483
UBFC_PHYS_s04_T3_test,139,124,143.13333333333333,0.5053042769432068,-0.024001461120982927
UBFC_PHYS_s04_T3_test,139,125,143.16666666666666,0.3671841621398926,-0.3440169270763709
UBFC_PHYS_s04_T3_test,139,126,143.2,0.20241254568099976,-0.6223742774099672
UBFC_PHYS_s04_T3_test,139,127,143.23333333333332,0.06625109910964966,-0.8506040754328412
UBFC_PHYS_s04_T3_test,139,128,143.26666666666668,-0.025484660640358925,-1.02522980388165
UBFC_PHYS_s04_T3_test,139,129,143.3,-0.10691062361001968,-1.1427894806487808
UBFC_PHYS_s04_T3_test,139,130,143.33333333333334,-0.21505631506443024,-1.1965192033906389
UBFC_PHYS_s04_T3_test,139,131,143.36666666666667,-0.37305542826652527,-1.176933786569904
UBFC_PHYS_s04_T3_test,139,132,143.4,-0.581054151058197,-1.0763309749395036
UBFC_PHYS_s04_T3_test,139,133,143.43333333333334,-0.8101693987846375,-0.8947870183000888
UBFC_PHYS_s04_T3_test,139,134,143.46666666666667,-1.012565016746521,-0.6441088966257528
UBFC_PHYS_s04_T3_test,139,135,143.5,-1.1266158819198608,-0.34716024369559495
UBFC_PHYS_s04_T3_test,139,136,143.53333333333333,-1.096534252166748,-0.03253764244778257
UBFC_PHYS_s04_T3_test,139,137,143.56666666666666,-0.9399774074554443,0.2727068449894492
UBFC_PHYS_s04_T3_test,139,138,143.6,-0.728275716304779,0.5483839475220558
UBFC_PHYS_s04_T3_test,139,139,143.63333333333333,-0.5214268565177917,0.7818879448783425
UBFC_PHYS_s04_T3_test,139,140,143.66666666666666,-0.342418372631073,0.9648708600352132
UBFC_PHYS_s04_T3_test,139,141,143.7,-0.1929750293493271,1.0890416183474445
UBFC_PHYS_s04_T3_test,139,142,143.73333333333332,-0.06753265857696533,1.144279674224025
UBFC_PHYS_s04_T3_test,139,143,143.76666666666668,0.032710153609514236,1.1202611181738669
UBFC_PHYS_s04_T3_test,139,144,143.8,0.10886428505182266,1.0106028395179283
UBFC_PHYS_s04_T3_test,139,145,143.83333333333334,0.1771155297756195,0.8173259257271289
UBFC_PHYS_s04_T3_test,139,146,143.86666666666667,0.23112016916275024,0.553547030840011
UBFC_PHYS_s04_T3_test,139,147,143.9,0.23588527739048004,0.24329114833438756
UBFC_PHYS_s04_T3_test,139,148,143.93333333333334,0.19004663825035095,-0.08150861574326912
UBFC_PHYS_s04_T3_test,139,149,143.96666666666667,0.13540861010551453,-0.3858050043037252
UBFC_PHYS_s04_T3_test,139,150,144.0,0.07840263098478317,-0.6365293239269119
UBFC_PHYS_s04_T3_test,139,151,144.03333333333333,-0.024461477994918823,-0.806794949594444
UBFC_PHYS_s04_T3_test,139,152,144.06666666666666,-0.17050395905971527,-0.8789547035269417
UBFC_PHYS_s04_T3_test,139,153,144.1,-0.30187106132507324,-0.8468365026597899
UBFC_PHYS_s04_T3_test,139,154,144.13333333333333,-0.3926031291484833,-0.717079704734041
UBFC_PHYS_s04_T3_test,139,155,144.16666666666666,-0.47626060247421265,-0.5088245089905657
UBFC_PHYS_s04_T3_test,139,156,144.2,-0.596168041229248,-0.25107129932111943
UBFC_PHYS_s04_T3_test,139,157,144.23333333333332,-0.7620018124580383,0.022070898734151283
UBFC_PHYS_s04_T3_test,139,158,144.26666666666668,-0.9000049829483032,0.27694396430140644
UBFC_PHYS_s04_T3_test,139,159,144.3,-0.8566414713859558,0.485102304731732
UBFC_PHYS_s04_T3_test,139,160,144.33333333333334,-0.5949012637138367,0.6264797805301235
UBFC_PHYS_s04_T3_test,139,161,144.36666666666667,-0.27374809980392456,0.6910978189536892
UBFC_PHYS_s04_T3_test,139,162,144.4,-0.040520597249269485,0.6795155707383244
UBFC_PHYS_s04_T3_test,139,163,144.43333333333334,0.1095171719789505,0.6017278291399226
UBFC_PHYS_s04_T3_test,139,164,144.46666666666667,0.20910708606243134,0.47407982614053923
UBFC_PHYS_s04_T3_test,139,165,144.5,0.2457663118839264,0.31456589250184014
UBFC_PHYS_s04_T3_test,139,166,144.53333333333333,0.22711513936519623,0.13826235738335071
UBFC_PHYS_s04_T3_test,139,167,144.56666666666666,0.18988098204135895,-0.04484962728940348
UBFC_PHYS_s04_T3_test,139,168,144.6,0.16648416221141815,-0.22870958705992803
UBFC_PHYS_s04_T3_test,139,169,144.63333333333333,0.17813871800899506,-0.40769306054956844
UBFC_PHYS_s04_T3_test,139,170,144.66666666666666,0.19957686960697174,-0.5729666889360053
UBFC_PHYS_s04_T3_test,139,171,144.7,0.17078153789043427,-0.7106196813311966
UBFC_PHYS_s04_T3_test,139,172,144.73333333333332,0.07210761308670044,-0.80249244309999
UBFC_PHYS_s04_T3_test,139,173,144.76666666666668,-0.06590530276298523,-0.8296829654522453
UBFC_PHYS_s04_T3_test,139,174,144.8,-0.22220885753631592,-0.7782521559311321
UBFC_PHYS_s04_T3_test,139,175,144.83333333333334,-0.3972805440425873,-0.6460175198136368
UBFC_PHYS_s04_T3_test,139,176,144.86666666666667,-0.5889180302619934,-0.4480988674941752
UBFC_PHYS_s04_T3_test,139,177,144.9,-0.7756345272064209,-0.21805163491822985
UBFC_PHYS_s04_T3_test,139,178,144.93333333333334,-0.8668538331985474,-0.0021990631419560856
UBFC_PHYS_s04_T3_test,139,179,144.96666666666667,-0.7332162261009216,0.15278997616026987
UBFC_PHYS_s04_T3_test,139,180,145.0,-0.3750140964984894,0.2158368821604485
UBFC_PHYS_s04_T3_test,139,181,145.03333333333333,0.0330999381840229,0.18505024094686598
UBFC_PHYS_s04_T3_test,139,182,145.06666666666666,0.33727794885635376,0.09253520489728295
UBFC_PHYS_s04_T3_test,139,183,145.1,0.5186933875083923,-0.0035548278484180285
UBFC_PHYS_s04_T3_test,139,184,145.13333333333333,0.5988525152206421,-0.038553179464309674
UBFC_PHYS_s04_T3_test,139,185,145.16666666666666,0.5873149037361145,0.03403214219880857
UBFC_PHYS_s04_T3_test,139,186,145.2,0.5147175788879395,0.22179867981067786
UBFC_PHYS_s04_T3_test,139,187,145.23333333333332,0.4361467659473419,0.4851325542672702
UBFC_PHYS_s04_T3_test,139,188,145.26666666666668,0.38512399792671204,0.7460888388944967
UBFC_PHYS_s04_T3_test,139,189,145.3,0.34948796033859253,0.913378916028123
UBFC_PHYS_s04_T3_test,139,190,145.33333333333334,0.29224810004234314,0.9156997790762017
UBFC_PHYS_s04_T3_test,139,191,145.36666666666667,0.18089644610881805,0.7306936887430399
UBFC_PHYS_s04_T3_test,139,192,145.4,0.020548878237605095,0.3965366486661904
UBFC_PHYS_s04_T3_test,139,193,145.43333333333334,-0.14909504354000092,-0.00022711843760259837
UBFC_PHYS_s04_T3_test,139,194,145.46666666666667,-0.3107971251010895,-0.3552733454687306
UBFC_PHYS_s04_T3_test,139,195,145.5,-0.492241770029068,-0.5812536479394772
UBFC_PHYS_s04_T3_test,139,196,145.53333333333333,-0.7194373607635498,-0.6326702901298046
UBFC_PHYS_s04_T3_test,139,197,145.56666666666666,-0.9399774074554443,-0.5138351923113127
UBFC_PHYS_s04_T3_test,139,198,145.6,-1.0031322240829468,-0.27070683346010055
UBFC_PHYS_s04_T3_test,139,199,145.63333333333333,-0.7844728827476501,0.0274622485860705
UBFC_PHYS_s04_T3_test,139,200,145.66666666666666,-0.36307695508003235,0.3091530240128693
UBFC_PHYS_s04_T3_test,139,201,145.7,0.04814561456441879,0.5179525938515953
UBFC_PHYS_s04_T3_test,139,202,145.73333333333332,0.34370940923690796,0.6224936948088553
UBFC_PHYS_s04_T3_test,139,203,145.76666666666668,0.5532770156860352,0.618150267496702
UBFC_PHYS_s04_T3_test,139,204,145.8,0.6919330358505249,0.5223019307255958
UBFC_PHYS_s04_T3_test,139,205,145.83333333333334,0.7553120255470276,0.3662742913724582
UBFC_PHYS_s04_T3_test,139,206,145.86666666666667,0.7767014503479004,0.18664542013545274
UBFC_PHYS_s04_T3_test,139,207,145.9,0.7711275219917297,0.01735927905693005
UBFC_PHYS_s04_T3_test,139,208,145.93333333333334,0.7091225385665894,-0.11684935899734775
UBFC_PHYS_s04_T3_test,139,209,145.96666666666667,0.5966989994049072,-0.20545572279925936
UBFC_PHYS_s04_T3_test,139,210,146.0,0.4685281217098236,-0.25500162167241053
UBFC_PHYS_s04_T3_test,139,211,146.03333333333333,0.2736358940601349,-0.28860309232934594
UBFC_PHYS_s04_T3_test,139,212,146.06666666666666,-0.07724802941083908,-0.3404850577317349
UBFC_PHYS_s04_T3_test,139,213,146.1,-0.5315027832984924,-0.4446844940242132
UBFC_PHYS_s04_T3_test,139,214,146.13333333333333,-0.9022462368011475,-0.6195214787326284
UBFC_PHYS_s04_T3_test,139,215,146.16666666666666,-1.0926072597503662,-0.8528609625603238
UBFC_PHYS_s04_T3_test,139,216,146.2,-1.2295774221420288,-1.095607344922972
UBFC_PHYS_s04_T3_test,139,217,146.23333333333332,-1.511128544807434,-1.2696364319447593
UBFC_PHYS_s04_T3_test,139,218,146.26666666666668,-1.9279249906539917,-1.290647565804704
UBFC_PHYS_s04_T3_test,139,219,146.3,-2.198854446411133,-1.0991613701417762
UBFC_PHYS_s04_T3_test,139,220,146.33333333333334,-2.0821237564086914,-0.6880956333374825
UBFC_PHYS_s04_T3_test,139,221,146.36666666666667,-1.607629418373108,-0.11494977948776845
UBFC_PHYS_s04_T3_test,139,222,146.4,-0.9879598617553711,0.5089554305629815
UBFC_PHYS_s04_T3_test,139,223,146.43333333333334,-0.40979260206222534,1.0507133259055785
UBFC_PHYS_s04_T3_test,139,224,146.46666666666667,0.05314460024237633,1.3974426419811072
UBFC_PHYS_s04_T3_test,139,225,146.5,0.41678422689437866,1.4899088836780643
UBFC_PHYS_s04_T3_test,139,226,146.53333333333333,0.7437549233436584,1.3353606500950561
UBFC_PHYS_s04_T3_test,139,227,146.56666666666666,1.122372031211853,0.9974189891480949
UBFC_PHYS_s04_T3_test,139,228,146.6,1.5882422924041748,0.5704662071400369
UBFC_PHYS_s04_T3_test,139,229,146.63333333333333,2.0102620124816895,0.1501701727261636
UBFC_PHYS_s04_T3_test,139,230,146.66666666666666,2.1683292388916016,-0.19000817138218318
UBFC_PHYS_s04_T3_test,139,231,146.7,2.0090925693511963,-0.41126661182570334
UBFC_PHYS_s04_T3_test,139,232,146.73333333333332,1.6725722551345825,-0.5101925646034635
UBFC_PHYS_s04_T3_test,139,233,146.76666666666668,1.261242389678955,-0.5101739679603498
UBFC_PHYS_s04_T3_test,139,234,146.8,0.7835811376571655,-0.4479291456202604
UBFC_PHYS_s04_T3_test,139,235,146.83333333333334,0.32625681161880493,-0.36010788965516033
UBFC_PHYS_s04_T3_test,139,236,146.86666666666667,0.0484769344329834,-0.2736274415846382
UBFC_PHYS_s04_T3_test,139,237,146.9,-0.013391599990427494,-0.20125245821476842
UBFC_PHYS_s04_T3_test,139,238,146.93333333333334,-0.020125126466155052,-0.14209411511864312
UBFC_PHYS_s04_T3_test,139,239,146.96666666666667,-0.17629225552082062,-0.08564094098807311
UBFC_PHYS_s04_T3_test,140,0,140.0,0.831027626991272,-0.20207812469047162
UBFC_PHYS_s04_T3_test,140,1,140.03333333333333,0.9523772597312927,-0.46593504737607694
UBFC_PHYS_s04_T3_test,140,2,140.06666666666666,0.9766998291015625,-0.6805448246881818
UBFC_PHYS_s04_T3_test,140,3,140.1,0.9153379797935486,-0.8178989980786173
UBFC_PHYS_s04_T3_test,140,4,140.13333333333333,0.8366210460662842,-0.8756316787129078
UBFC_PHYS_s04_T3_test,140,5,140.16666666666666,0.796824038028717,-0.8782563497200448
UBFC_PHYS_s04_T3_test,140,6,140.2,0.7527979016304016,-0.8677784363206112
UBFC_PHYS_s04_T3_test,140,7,140.23333333333332,0.6236428022384644,-0.8865136607681615
UBFC_PHYS_s04_T3_test,140,8,140.26666666666668,0.4352210462093353,-0.9582653048003891
UBFC_PHYS_s04_T3_test,140,9,140.3,0.2899971008300781,-1.074928433672376
UBFC_PHYS_s04_T3_test,140,10,140.33333333333334,0.18228018283843994,-1.1939641321145757
UBFC_PHYS_s04_T3_test,140,11,140.36666666666667,-0.009883539751172066,-1.2486369964632353
UBFC_PHYS_s04_T3_test,140,12,140.4,-0.36215120553970337,-1.1686059834266
UBFC_PHYS_s04_T3_test,140,13,140.43333333333334,-0.7229259014129639,-0.9048685784383614
UBFC_PHYS_s04_T3_test,140,14,140.46666666666667,-0.7028422951698303,-0.4512624434474529
UBFC_PHYS_s04_T3_test,140,15,140.5,-0.059434883296489716,0.14513904284088702
UBFC_PHYS_s04_T3_test,140,16,140.53333333333333,0.8859190344810486,0.7902178825181084
UBFC_PHYS_s04_T3_test,140,17,140.56666666666666,1.5604604482650757,1.3660194443793425
UBFC_PHYS_s04_T3_test,140,18,140.6,1.8167924880981445,1.7642387676471731
UBFC_PHYS_s04_T3_test,140,19,140.63333333333333,1.842635154724121,1.9180228088111753
UBFC_PHYS_s04_T3_test,140,20,140.66666666666666,1.7840505838394165,1.8204712825881169
UBFC_PHYS_s04_T3_test,140,21,140.7,1.7229810953140259,1.5235600363914603
UBFC_PHYS_s04_T3_test,140,22,140.73333333333332,1.7600008249282837,1.1185748400856665
UBFC_PHYS_s04_T3_test,140,23,140.76666666666668,1.8709042072296143,0.7056514946304426
UBFC_PHYS_s04_T3_test,140,24,140.8,1.8226100206375122,0.36347951516350224
UBFC_PHYS_s04_T3_test,140,25,140.83333333333334,1.4739770889282227,0.12945942698911317
UBFC_PHYS_s04_T3_test,140,26,140.86666666666667,0.9785317778587341,-0.003996915235544766
UBFC_PHYS_s04_T3_test,140,27,140.9,0.5598838329315186,-0.07757316610963183
UBFC_PHYS_s04_T3_test,140,28,140.93333333333334,0.26098740100860596,-0.14344053363883127
UBFC_PHYS_s04_T3_test,140,29,140.96666666666667,0.030702762305736542,-0.24275575752652245
UBFC_PHYS_s04_T3_test,140,30,141.0,-0.14962124824523926,-0.39092241469594097
UBFC_PHYS_s04_T3_test,140,31,141.03333333333333,-0.337078332901001,-0.5755845294477637
UBFC_PHYS_s04_T3_test,140,32,141.06666666666666,-0.62492436170578,-0.766188747940586
UBFC_PHYS_s04_T3_test,140,33,141.1,-0.9943035840988159,-0.928763234734083
UBFC_PHYS_s04_T3_test,140,34,141.13333333333333,-1.333747386932373,-1.0382967700172185
UBFC_PHYS_s04_T3_test,140,35,141.16666666666666,-1.5897284746170044,-1.0837272918730212
UBFC_PHYS_s04_T3_test,140,36,141.2,-1.7442682981491089,-1.0650373551589185
UBFC_PHYS_s04_T3_test,140,37,141.23333333333332,-1.741023302078247,-0.9859201908258837
UBFC_PHYS_s04_T3_test,140,38,141.26666666666668,-1.5949516296386719,-0.8471590222121925
UBFC_PHYS_s04_T3_test,140,39,141.3,-1.3993967771530151,-0.6448056973148639
UBFC_PHYS_s04_T3_test,140,40,141.33333333333334,-1.1378222703933716,-0.3742863915348671
UBFC_PHYS_s04_T3_test,140,41,141.36666666666667,-0.7613391876220703,-0.038408109272921036
UBFC_PHYS_s04_T3_test,140,42,141.4,-0.36796873807907104,0.34461875947092446
UBFC_PHYS_s04_T3_test,140,43,141.43333333333334,-0.09807226806879044,0.7372612475046961
UBFC_PHYS_s04_T3_test,140,44,141.46666666666667,0.041538771241903305,1.0858303738258055
UBFC_PHYS_s04_T3_test,140,45,141.5,0.13906283676624298,1.3313344468707686
UBFC_PHYS_s04_T3_test,140,46,141.53333333333333,0.24526934325695038,1.4253917738556443
UBFC_PHYS_s04_T3_test,140,47,141.56666666666666,0.3456583321094513,1.3455605111964237
UBFC_PHYS_s04_T3_test,140,48,141.6,0.4199122488498688,1.103302309121268
UBFC_PHYS_s04_T3_test,140,49,141.63333333333333,0.4462324380874634,0.7403727574713356
UBFC_PHYS_s04_T3_test,140,50,141.66666666666666,0.3836038410663605,0.31534894633292415
UBFC_PHYS_s04_T3_test,140,51,141.7,0.2343943566083908,-0.1129757226385953
UBFC_PHYS_s04_T3_test,140,52,141.73333333333332,0.07364726066589355,-0.4982090939143482
UBFC_PHYS_s04_T3_test,140,53,141.76666666666668,-0.055069297552108765,-0.8111345870367435
UBFC_PHYS_s04_T3_test,140,54,141.8,-0.1919226050376892,-1.0367959793612689
UBFC_PHYS_s04_T3_test,140,55,141.83333333333334,-0.3617614209651947,-1.1673396205955415
UBFC_PHYS_s04_T3_test,140,56,141.86666666666667,-0.5520249605178833,-1.1958264053370593
UBFC_PHYS_s04_T3_test,140,57,141.9,-0.7665135860443115,-1.1152269992735955
UBFC_PHYS_s04_T3_test,140,58,141.93333333333334,-0.9652256965637207,-0.9230882858506186
UBFC_PHYS_s04_T3_test,140,59,141.96666666666667,-1.017797827720642,-0.6285484663743042
UBFC_PHYS_s04_T3_test,140,60,142.0,-0.8604418635368347,-0.25713579979292067
UBFC_PHYS_s04_T3_test,140,61,142.03333333333333,-0.6031354069709778,0.149811977229961
UBFC_PHYS_s04_T3_test,140,62,142.06666666666666,-0.37560853362083435,0.5416356990421946
UBFC_PHYS_s04_T3_test,140,63,142.1,-0.19554761052131653,0.8687262554376732
UBFC_PHYS_s04_T3_test,140,64,142.13333333333333,-0.04960257187485695,1.0932043126143636
UBFC_PHYS_s04_T3_test,140,65,142.16666666666666,0.05920574814081192,1.1962070545860188
UBFC_PHYS_s04_T3_test,140,66,142.2,0.14113843441009521,1.1793833072326747
UBFC_PHYS_s04_T3_test,140,67,142.23333333333332,0.23015545308589935,1.060644004867661
UBFC_PHYS_s04_T3_test,140,68,142.26666666666668,0.3475292921066284,0.8668284096522924
UBFC_PHYS_s04_T3_test,140,69,142.3,0.4475089907646179,0.6268981615770877
UBFC_PHYS_s04_T3_test,140,70,142.33333333333334,0.4606837034225464,0.36774953345609696
UBFC_PHYS_s04_T3_test,140,71,142.36666666666667,0.39573588967323303,0.11246190553908808
UBFC_PHYS_s04_T3_test,140,72,142.4,0.33001822233200073,-0.12021918838861141
UBFC_PHYS_s04_T3_test,140,73,142.43333333333334,0.2931738495826721,-0.3161633733233748
UBFC_PHYS_s04_T3_test,140,74,142.46666666666667,0.22528314590454102,-0.46641854823110923
UBFC_PHYS_s04_T3_test,140,75,142.5,0.07343287765979767,-0.568195285786377
UBFC_PHYS_s04_T3_test,140,76,142.53333333333333,-0.11990019679069519,-0.6259997612014899
UBFC_PHYS_s04_T3_test,140,77,142.56666666666666,-0.2724423408508301,-0.6518460901649084
UBFC_PHYS_s04_T3_test,140,78,142.6,-0.3664485812187195,-0.6626165215360166
UBFC_PHYS_s04_T3_test,140,79,142.63333333333333,-0.4469975233078003,-0.67325988322457
UBFC_PHYS_s04_T3_test,140,80,142.66666666666666,-0.5649365782737732,-0.6873768866468444
UBFC_PHYS_s04_T3_test,140,81,142.7,-0.6950076222419739,-0.6900203830428755
UBFC_PHYS_s04_T3_test,140,82,142.73333333333332,-0.7099363803863525,-0.6484976366917204
UBFC_PHYS_s04_T3_test,140,83,142.76666666666668,-0.5124325752258301,-0.5240274442187881
UBFC_PHYS_s04_T3_test,140,84,142.8,-0.17628251016139984,-0.2911457609358121
UBFC_PHYS_s04_T3_test,140,85,142.83333333333334,0.15202316641807556,0.04351689673893892
UBFC_PHYS_s04_T3_test,140,86,142.86666666666667,0.4020113945007324,0.43248670170525144
UBFC_PHYS_s04_T3_test,140,87,142.9,0.5723374485969543,0.7945075418045477
UBFC_PHYS_s04_T3_test,140,88,142.93333333333334,0.6778131127357483,1.0367592962019982
UBFC_PHYS_s04_T3_test,140,89,142.96666666666667,0.7347703576087952,1.084792582073726
UBFC_PHYS_s04_T3_test,140,90,143.0,0.7528271079063416,0.9085193862434685
UBFC_PHYS_s04_T3_test,140,91,143.03333333333333,0.7273741960525513,0.5339517447228543
UBFC_PHYS_s04_T3_test,140,92,143.06666666666666,0.6679515838623047,0.037256511464794625
UBFC_PHYS_s04_T3_test,140,93,143.1,0.5965722799301147,-0.4751567386693936
UBFC_PHYS_s04_T3_test,140,94,143.13333333333333,0.5053042769432068,-0.8939311673217705
UBFC_PHYS_s04_T3_test,140,95,143.16666666666666,0.3671841621398926,-1.1346537821543012
UBFC_PHYS_s04_T3_test,140,96,143.2,0.20241254568099976,-1.15910490081426
UBFC_PHYS_s04_T3_test,140,97,143.23333333333332,0.06625109910964966,-0.9830022951192051
UBFC_PHYS_s04_T3_test,140,98,143.26666666666668,-0.025484660640358925,-0.6668031113991288
UBFC_PHYS_s04_T3_test,140,99,143.3,-0.10691062361001968,-0.2924444376775452
UBFC_PHYS_s04_T3_test,140,100,143.33333333333334,-0.21505631506443024,0.0645740194239297
UBFC_PHYS_s04_T3_test,140,101,143.36666666666667,-0.37305542826652527,0.35595347125013466
UBFC_PHYS_s04_T3_test,140,102,143.4,-0.581054151058197,0.5664872752879466
UBFC_PHYS_s04_T3_test,140,103,143.43333333333334,-0.8101693987846375,0.7054006043300971
UBFC_PHYS_s04_T3_test,140,104,143.46666666666667,-1.012565016746521,0.7905205826388113
UBFC_PHYS_s04_T3_test,140,105,143.5,-1.1266158819198608,0.8348332330288313
UBFC_PHYS_s04_T3_test,140,106,143.53333333333333,-1.096534252166748,0.8414329284168833
UBFC_PHYS_s04_T3_test,140,107,143.56666666666666,-0.9399774074554443,0.8067909742200553
UBFC_PHYS_s04_T3_test,140,108,143.6,-0.728275716304779,0.7278609832900415
UBFC_PHYS_s04_T3_test,140,109,143.63333333333333,-0.5214268565177917,0.6077253595567795
UBFC_PHYS_s04_T3_test,140,110,143.66666666666666,-0.342418372631073,0.45676752207846777
UBFC_PHYS_s04_T3_test,140,111,143.7,-0.1929750293493271,0.2895417716836237
UBFC_PHYS_s04_T3_test,140,112,143.73333333333332,-0.06753265857696533,0.11955499141636738
UBFC_PHYS_s04_T3_test,140,113,143.76666666666668,0.032710153609514236,-0.04520422418248629
UBFC_PHYS_s04_T3_test,140,114,143.8,0.10886428505182266,-0.20351839329972612
UBFC_PHYS_s04_T3_test,140,115,143.83333333333334,0.1771155297756195,-0.35799741540924884
UBFC_PHYS_s04_T3_test,140,116,143.86666666666667,0.23112016916275024,-0.509355445222768
UBFC_PHYS_s04_T3_test,140,117,143.9,0.23588527739048004,-0.6511631880543602
UBFC_PHYS_s04_T3_test,140,118,143.93333333333334,0.19004663825035095,-0.7682566186119526
UBFC_PHYS_s04_T3_test,140,119,143.96666666666667,0.13540861010551453,-0.8401055684382231
UBFC_PHYS_s04_T3_test,140,120,144.0,0.07840263098478317,-0.8478721981904959
UBFC_PHYS_s04_T3_test,140,121,144.03333333333333,-0.024461477994918823,-0.7819371674993002
UBFC_PHYS_s04_T3_test,140,122,144.06666666666666,-0.17050395905971527,-0.6463504036697498
UBFC_PHYS_s04_T3_test,140,123,144.1,-0.30187106132507324,-0.4582529363640449
UBFC_PHYS_s04_T3_test,140,124,144.13333333333333,-0.3926031291484833,-0.24300055109126467
UBFC_PHYS_s04_T3_test,140,125,144.16666666666666,-0.47626060247421265,-0.027591091048284756
UBFC_PHYS_s04_T3_test,140,126,144.2,-0.596168041229248,0.16515393403423687
UBFC_PHYS_s04_T3_test,140,127,144.23333333333332,-0.7620018124580383,0.320378658462621
UBFC_PHYS_s04_T3_test,140,128,144.26666666666668,-0.9000049829483032,0.4324517652216702
UBFC_PHYS_s04_T3_test,140,129,144.3,-0.8566414713859558,0.5035950402577595
UBFC_PHYS_s04_T3_test,140,130,144.33333333333334,-0.5949012637138367,0.5404113422029907
UBFC_PHYS_s04_T3_test,140,131,144.36666666666667,-0.27374809980392456,0.5497156777545096
UBFC_PHYS_s04_T3_test,140,132,144.4,-0.040520597249269485,0.5356261581522598
UBFC_PHYS_s04_T3_test,140,133,144.43333333333334,0.1095171719789505,0.4992466403339426
UBFC_PHYS_s04_T3_test,140,134,144.46666666666667,0.20910708606243134,0.4404337380951916
UBFC_PHYS_s04_T3_test,140,135,144.5,0.2457663118839264,0.3596813877233779
UBFC_PHYS_s04_T3_test,140,136,144.53333333333333,0.22711513936519623,0.2585236121723519
UBFC_PHYS_s04_T3_test,140,137,144.56666666666666,0.18988098204135895,0.1386118212363781
UBFC_PHYS_s04_T3_test,140,138,144.6,0.16648416221141815,0.001211776614663913
UBFC_PHYS_s04_T3_test,140,139,144.63333333333333,0.17813871800899506,-0.15117311756110793
UBFC_PHYS_s04_T3_test,140,140,144.66666666666666,0.19957686960697174,-0.3112387524986685
UBFC_PHYS_s04_T3_test,140,141,144.7,0.17078153789043427,-0.4636470194009992
UBFC_PHYS_s04_T3_test,140,142,144.73333333333332,0.07210761308670044,-0.5848349141288917
UBFC_PHYS_s04_T3_test,140,143,144.76666666666668,-0.06590530276298523,-0.6471842790983294
UBFC_PHYS_s04_T3_test,140,144,144.8,-0.22220885753631592,-0.6266770749034798
UBFC_PHYS_s04_T3_test,140,145,144.83333333333334,-0.3972805440425873,-0.5115933993318483
UBFC_PHYS_s04_T3_test,140,146,144.86666666666667,-0.5889180302619934,-0.30956380644925957
UBFC_PHYS_s04_T3_test,140,147,144.9,-0.7756345272064209,-0.05053391865793537
UBFC_PHYS_s04_T3_test,140,148,144.93333333333334,-0.8668538331985474,0.21665993324723495
UBFC_PHYS_s04_T3_test,140,149,144.96666666666667,-0.7332162261009216,0.4351647860931038
UBFC_PHYS_s04_T3_test,140,150,145.0,-0.3750140964984894,0.5563695707665066
UBFC_PHYS_s04_T3_test,140,151,145.03333333333333,0.0330999381840229,0.5562289982519157
UBFC_PHYS_s04_T3_test,140,152,145.06666666666666,0.33727794885635376,0.44525698833311533
UBFC_PHYS_s04_T3_test,140,153,145.1,0.5186933875083923,0.2674614273819142
UBFC_PHYS_s04_T3_test,140,154,145.13333333333333,0.5988525152206421,0.0871770725297083
UBFC_PHYS_s04_T3_test,140,155,145.16666666666666,0.5873149037361145,-0.0327491187107122
UBFC_PHYS_s04_T3_test,140,156,145.2,0.5147175788879395,-0.05416178265539154
UBFC_PHYS_s04_T3_test,140,157,145.23333333333332,0.4361467659473419,0.02062219895834114
UBFC_PHYS_s04_T3_test,140,158,145.26666666666668,0.38512399792671204,0.14755824292821032
UBFC_PHYS_s04_T3_test,140,159,145.3,0.34948796033859253,0.2563758652395105
UBFC_PHYS_s04_T3_test,140,160,145.33333333333334,0.29224810004234314,0.27834495153085964
UBFC_PHYS_s04_T3_test,140,161,145.36666666666667,0.18089644610881805,0.17554512931906915
UBFC_PHYS_s04_T3_test,140,162,145.4,0.020548878237605095,-0.0417331073622344
UBFC_PHYS_s04_T3_test,140,163,145.43333333333334,-0.14909504354000092,-0.31834194904795027
UBFC_PHYS_s04_T3_test,140,164,145.46666666666667,-0.3107971251010895,-0.5763719032045651
UBFC_PHYS_s04_T3_test,140,165,145.5,-0.492241770029068,-0.7444247996467467
UBFC_PHYS_s04_T3_test,140,166,145.53333333333333,-0.7194373607635498,-0.7811624440731504
UBFC_PHYS_s04_T3_test,140,167,145.56666666666666,-0.9399774074554443,-0.6854348843081945
UBFC_PHYS_s04_T3_test,140,168,145.6,-1.0031322240829468,-0.49175421881545084
UBFC_PHYS_s04_T3_test,140,169,145.63333333333333,-0.7844728827476501,-0.2548044348891964
UBFC_PHYS_s04_T3_test,140,170,145.66666666666666,-0.36307695508003235,-0.029406095762327968
UBFC_PHYS_s04_T3_test,140,171,145.7,0.04814561456441879,0.14697626135485697
UBFC_PHYS_s04_T3_test,140,172,145.73333333333332,0.34370940923690796,0.26330287956127657
UBFC_PHYS_s04_T3_test,140,173,145.76666666666668,0.5532770156860352,0.3331060580474861
UBFC_PHYS_s04_T3_test,140,174,145.8,0.6919330358505249,0.3840302271147133
UBFC_PHYS_s04_T3_test,140,175,145.83333333333334,0.7553120255470276,0.4442907570904671
UBFC_PHYS_s04_T3_test,140,176,145.86666666666667,0.7767014503479004,0.5310772962857461
UBFC_PHYS_s04_T3_test,140,177,145.9,0.7711275219917297,0.64340709589814
UBFC_PHYS_s04_T3_test,140,178,145.93333333333334,0.7091225385665894,0.7600643128931003
UBFC_PHYS_s04_T3_test,140,179,145.96666666666667,0.5966989994049072,0.8425829871293374
UBFC_PHYS_s04_T3_test,140,180,146.0,0.4685281217098236,0.8429798491321808
UBFC_PHYS_s04_T3_test,140,181,146.03333333333333,0.2736358940601349,0.7154486772264989
UBFC_PHYS_s04_T3_test,140,182,146.06666666666666,-0.07724802941083908,0.43028384460461877
UBFC_PHYS_s04_T3_test,140,183,146.1,-0.5315027832984924,-0.012691657781067255
UBFC_PHYS_s04_T3_test,140,184,146.13333333333333,-0.9022462368011475,-0.5745267423606178
UBFC_PHYS_s04_T3_test,140,185,146.16666666666666,-1.0926072597503662,-1.1750649948219716
UBFC_PHYS_s04_T3_test,140,186,146.2,-1.2295774221420288,-1.7019396301785208
UBFC_PHYS_s04_T3_test,140,187,146.23333333333332,-1.511128544807434,-2.032181733234898
UBFC_PHYS_s04_T3_test,140,188,146.26666666666668,-1.9279249906539917,-2.0635306897375147
UBFC_PHYS_s04_T3_test,140,189,146.3,-2.198854446411133,-1.747521764028493
UBFC_PHYS_s04_T3_test,140,190,146.33333333333334,-2.0821237564086914,-1.1134474525000748
UBFC_PHYS_s04_T3_test,140,191,146.36666666666667,-1.607629418373108,-0.2725748603548923
UBFC_PHYS_s04_T3_test,140,192,146.4,-0.9879598617553711,0.6037852768786932
UBFC_PHYS_s04_T3_test,140,193,146.43333333333334,-0.40979260206222534,1.3298087146126636
UBFC_PHYS_s04_T3_test,140,194,146.46666666666667,0.05314460024237633,1.7602000874667443
UBFC_PHYS_s04_T3_test,140,195,146.5,0.41678422689437866,1.8337226928750086
UBFC_PHYS_s04_T3_test,140,196,146.53333333333333,0.7437549233436584,1.587748967864443
UBFC_PHYS_s04_T3_test,140,197,146.56666666666666,1.122372031211853,1.1388500921177256
UBFC_PHYS_s04_T3_test,140,198,146.6,1.5882422924041748,0.6390682600684409
UBFC_PHYS_s04_T3_test,140,199,146.63333333333333,2.0102620124816895,0.22628443625190045
UBFC_PHYS_s04_T3_test,140,200,146.66666666666666,2.1683292388916016,-0.014015664036048895
UBFC_PHYS_s04_T3_test,140,201,146.7,2.0090925693511963,-0.06559112077675609
UBFC_PHYS_s04_T3_test,140,202,146.73333333333332,1.6725722551345825,0.02520992855797663
UBFC_PHYS_s04_T3_test,140,203,146.76666666666668,1.261242389678955,0.17492125583305246
UBFC_PHYS_s04_T3_test,140,204,146.8,0.7835811376571655,0.2969963497142115
UBFC_PHYS_s04_T3_test,140,205,146.83333333333334,0.32625681161880493,0.3319503031812823
UBFC_PHYS_s04_T3_test,140,206,146.86666666666667,0.0484769344329834,0.2637909532655597
UBFC_PHYS_s04_T3_test,140,207,146.9,-0.013391599990427494,0.11882411244061832
UBFC_PHYS_s04_T3_test,140,208,146.93333333333334,-0.020125126466155052,-0.050791812601960966
UBFC_PHYS_s04_T3_test,140,209,146.96666666666667,-0.17629225552082062,-0.1916390641184908
UBFC_PHYS_s04_T3_test,140,210,147.0,-0.526153028011322,-0.27250642181689316
UBFC_PHYS_s04_T3_test,140,211,147.03333333333333,-0.8526071906089783,-0.2981501140119809
UBFC_PHYS_s04_T3_test,140,212,147.06666666666666,-0.8362752199172974,-0.30803290054775717
UBFC_PHYS_s04_T3_test,140,213,147.1,-0.39047878980636597,-0.35966452059590837
UBFC_PHYS_s04_T3_test,140,214,147.13333333333333,0.26278039813041687,-0.5016263071336884
UBFC_PHYS_s04_T3_test,140,215,147.16666666666666,0.8405773639678955,-0.7461555245718359
UBFC_PHYS_s04_T3_test,140,216,147.2,1.218142032623291,-1.0534183984196974
UBFC_PHYS_s04_T3_test,140,217,147.23333333333332,1.4319289922714233,-1.3365544417652537
UBFC_PHYS_s04_T3_test,140,218,147.26666666666668,1.5636956691741943,-1.4878956195274253
UBFC_PHYS_s04_T3_test,140,219,147.3,1.6301636695861816,-1.4171782115881066
UBFC_PHYS_s04_T3_test,140,220,147.33333333333334,1.6085500717163086,-1.0874230566501524
UBFC_PHYS_s04_T3_test,140,221,147.36666666666667,1.5173892974853516,-0.5347626354753269
UBFC_PHYS_s04_T3_test,140,222,147.4,1.3932234048843384,0.13627182995987958
UBFC_PHYS_s04_T3_test,140,223,147.43333333333334,1.264974594116211,0.7818985284180912
UBFC_PHYS_s04_T3_test,140,224,147.46666666666667,1.1519371271133423,1.2629422600518307
UBFC_PHYS_s04_T3_test,140,225,147.5,1.009207844734192,1.4871202218490465
UBFC_PHYS_s04_T3_test,140,226,147.53333333333333,0.7904218435287476,1.4336268298969392
UBFC_PHYS_s04_T3_test,140,227,147.56666666666666,0.583183228969574,1.1515722254381593
UBFC_PHYS_s04_T3_test,140,228,147.6,0.4486783444881439,0.7358340091259556
UBFC_PHYS_s04_T3_test,140,229,147.63333333333333,0.28874003887176514,0.2930100352347266
UBFC_PHYS_s04_T3_test,140,230,147.66666666666666,0.02519705891609192,-0.08880447198650375
UBFC_PHYS_s04_T3_test,140,231,147.7,-0.27655455470085144,-0.3577581439784828
UBFC_PHYS_s04_T3_test,140,232,147.73333333333332,-0.528939962387085,-0.5011895625892818
UBFC_PHYS_s04_T3_test,140,233,147.76666666666668,-0.6947640180587769,-0.5366133266832964
UBFC_PHYS_s04_T3_test,140,234,147.8,-0.789462149143219,-0.49672268350406334
UBFC_PHYS_s04_T3_test,140,235,147.83333333333334,-0.9228560924530029,-0.41490782025803746
UBFC_PHYS_s04_T3_test,140,236,147.86666666666667,-1.1915637254714966,-0.315809179851987
UBFC_PHYS_s04_T3_test,140,237,147.9,-1.4782111644744873,-0.21222720075445825
UBFC_PHYS_s04_T3_test,140,238,147.93333333333334,-1.5018223524093628,-0.10694296586000986
UBFC_PHYS_s04_T3_test,140,239,147.96666666666667,-1.1326088905334473,0.0031647319636314755
UBFC_PHYS_s04_T3_test,141,0,141.0,-0.14962124824523926,0.04114717357099667
UBFC_PHYS_s04_T3_test,141,1,141.03333333333333,-0.337078332901001,-0.1676152136958867
UBFC_PHYS_s04_T3_test,141,2,141.06666666666666,-0.62492436170578,-0.3637665568613269
UBFC_PHYS_s04_T3_test,141,3,141.1,-0.9943035840988159,-0.5342570555529398
UBFC_PHYS_s04_T3_test,141,4,141.13333333333333,-1.333747386932373,-0.6673928363820051
UBFC_PHYS_s04_T3_test,141,5,141.16666666666666,-1.5897284746170044,-0.754973036084444
UBFC_PHYS_s04_T3_test,141,6,141.2,-1.7442682981491089,-0.7939148060635255
UBFC_PHYS_s04_T3_test,141,7,141.23333333333332,-1.741023302078247,-0.7864900006074459
UBFC_PHYS_s04_T3_test,141,8,141.26666666666668,-1.5949516296386719,-0.7391673004385894
UBFC_PHYS_s04_T3_test,141,9,141.3,-1.3993967771530151,-0.6607461936645163
UBFC_PHYS_s04_T3_test,141,10,141.33333333333334,-1.1378222703933716,-0.5606613307478282
UBFC_PHYS_s04_T3_test,141,11,141.36666666666667,-0.7613391876220703,-0.44791642979132734
UBFC_PHYS_s04_T3_test,141,12,141.4,-0.36796873807907104,-0.3303781184317964
UBFC_PHYS_s04_T3_test,141,13,141.43333333333334,-0.09807226806879044,-0.21388566554986566
UBFC_PHYS_s04_T3_test,141,14,141.46666666666667,0.041538771241903305,-0.10122339709609787
UBFC_PHYS_s04_T3_test,141,15,141.5,0.13906283676624298,0.008158564564697312
UBFC_PHYS_s04_T3_test,141,16,141.53333333333333,0.24526934325695038,0.11660615617403045
UBFC_PHYS_s04_T3_test,141,17,141.56666666666666,0.3456583321094513,0.2246298185028212
UBFC_PHYS_s04_T3_test,141,18,141.6,0.4199122488498688,0.3263315100667223
UBFC_PHYS_s04_T3_test,141,19,141.63333333333333,0.4462324380874634,0.40626670245081925
UBFC_PHYS_s04_T3_test,141,20,141.66666666666666,0.3836038410663605,0.44024570269784197
UBFC_PHYS_s04_T3_test,141,21,141.7,0.2343943566083908,0.40116055274107626
UBFC_PHYS_s04_T3_test,141,22,141.73333333333332,0.07364726066589355,0.26848696441917497
UBFC_PHYS_s04_T3_test,141,23,141.76666666666668,-0.055069297552108765,0.03834509512642631
UBFC_PHYS_s04_T3_test,141,24,141.8,-0.1919226050376892,-0.2690401163214534
UBFC_PHYS_s04_T3_test,141,25,141.83333333333334,-0.3617614209651947,-0.6070851666767425
UBFC_PHYS_s04_T3_test,141,26,141.86666666666667,-0.5520249605178833,-0.9081531055296965
UBFC_PHYS_s04_T3_test,141,27,141.9,-0.7665135860443115,-1.0972716302079204
UBFC_PHYS_s04_T3_test,141,28,141.93333333333334,-0.9652256965637207,-1.1114377787986236
UBFC_PHYS_s04_T3_test,141,29,141.96666666666667,-1.017797827720642,-0.9183511045021941
UBFC_PHYS_s04_T3_test,141,30,142.0,-0.8604418635368347,-0.5282189404144128
UBFC_PHYS_s04_T3_test,141,31,142.03333333333333,-0.6031354069709778,0.005150435487012429
UBFC_PHYS_s04_T3_test,141,32,142.06666666666666,-0.37560853362083435,0.5943364335619369
UBFC_PHYS_s04_T3_test,141,33,142.1,-0.19554761052131653,1.1368879447930766
UBFC_PHYS_s04_T3_test,141,34,142.13333333333333,-0.04960257187485695,1.538212873622193
UBFC_PHYS_s04_T3_test,141,35,142.16666666666666,0.05920574814081192,1.7334213582978755
UBFC_PHYS_s04_T3_test,141,36,142.2,0.14113843441009521,1.7023436647737888
UBFC_PHYS_s04_T3_test,141,37,142.23333333333332,0.23015545308589935,1.4731838974115046
UBFC_PHYS_s04_T3_test,141,38,142.26666666666668,0.3475292921066284,1.1136380561338803
UBFC_PHYS_s04_T3_test,141,39,142.3,0.4475089907646179,0.7121314392419111
UBFC_PHYS_s04_T3_test,141,40,142.33333333333334,0.4606837034225464,0.3542335795622926
UBFC_PHYS_s04_T3_test,141,41,142.36666666666667,0.39573588967323303,0.1001687142587961
UBFC_PHYS_s04_T3_test,141,42,142.4,0.33001822233200073,-0.03079805017386095
UBFC_PHYS_s04_T3_test,141,43,142.43333333333334,0.2931738495826721,-0.06450627690142713
UBFC_PHYS_s04_T3_test,141,44,142.46666666666667,0.22528314590454102,-0.062481611307592874
UBFC_PHYS_s04_T3_test,141,45,142.5,0.07343287765979767,-0.10049108241196925
UBFC_PHYS_s04_T3_test,141,46,142.53333333333333,-0.11990019679069519,-0.2406267447772725
UBFC_PHYS_s04_T3_test,141,47,142.56666666666666,-0.2724423408508301,-0.5055654460066831
UBFC_PHYS_s04_T3_test,141,48,142.6,-0.3664485812187195,-0.8643038641575318
UBFC_PHYS_s04_T3_test,141,49,142.63333333333333,-0.4469975233078003,-1.2357207343804926
UBFC_PHYS_s04_T3_test,141,50,142.66666666666666,-0.5649365782737732,-1.5102096751914091
UBFC_PHYS_s04_T3_test,141,51,142.7,-0.6950076222419739,-1.58319053233986
UBFC_PHYS_s04_T3_test,141,52,142.73333333333332,-0.7099363803863525,-1.390423116523011
UBFC_PHYS_s04_T3_test,141,53,142.76666666666668,-0.5124325752258301,-0.9342939458042876
UBFC_PHYS_s04_T3_test,141,54,142.8,-0.17628251016139984,-0.292114705346961
UBFC_PHYS_s04_T3_test,141,55,142.83333333333334,0.15202316641807556,0.39822405025164964
UBFC_PHYS_s04_T3_test,141,56,142.86666666666667,0.4020113945007324,0.9734407429489971
UBFC_PHYS_s04_T3_test,141,57,142.9,0.5723374485969543,1.2915190935621763
UBFC_PHYS_s04_T3_test,141,58,142.93333333333334,0.6778131127357483,1.2744137630824615
UBFC_PHYS_s04_T3_test,141,59,142.96666666666667,0.7347703576087952,0.9311733555661799
UBFC_PHYS_s04_T3_test,141,60,143.0,0.7528271079063416,0.3533781299055691
UBFC_PHYS_s04_T3_test,141,61,143.03333333333333,0.7273741960525513,-0.3139131011030255
UBFC_PHYS_s04_T3_test,141,62,143.06666666666666,0.6679515838623047,-0.9136727008184936
UBFC_PHYS_s04_T3_test,141,63,143.1,0.5965722799301147,-1.3165336522074256
UBFC_PHYS_s04_T3_test,141,64,143.13333333333333,0.5053042769432068,-1.4484260396393995
UBFC_PHYS_s04_T3_test,141,65,143.16666666666666,0.3671841621398926,-1.3022515700022075
UBFC_PHYS_s04_T3_test,141,66,143.2,0.20241254568099976,-0.9333697764304892
UBFC_PHYS_s04_T3_test,141,67,143.23333333333332,0.06625109910964966,-0.44045875775293614
UBFC_PHYS_s04_T3_test,141,68,143.26666666666668,-0.025484660640358925,0.06433222965603443
UBFC_PHYS_s04_T3_test,141,69,143.3,-0.10691062361001968,0.48811018857610405
UBFC_PHYS_s04_T3_test,141,70,143.33333333333334,-0.21505631506443024,0.7814178073333531
UBFC_PHYS_s04_T3_test,141,71,143.36666666666667,-0.37305542826652527,0.9438289326150108
UBFC_PHYS_s04_T3_test,141,72,143.4,-0.581054151058197,1.0093612925139894
UBFC_PHYS_s04_T3_test,141,73,143.43333333333334,-0.8101693987846375,1.0203957136997797
UBFC_PHYS_s04_T3_test,141,74,143.46666666666667,-1.012565016746521,1.0039455403708075
UBFC_PHYS_s04_T3_test,141,75,143.5,-1.1266158819198608,0.9615720533171329
UBFC_PHYS_s04_T3_test,141,76,143.53333333333333,-1.096534252166748,0.875982735748914
UBFC_PHYS_s04_T3_test,141,77,143.56666666666666,-0.9399774074554443,0.7285152528878958
UBFC_PHYS_s04_T3_test,141,78,143.6,-0.728275716304779,0.517134036256724
UBFC_PHYS_s04_T3_test,141,79,143.63333333333333,-0.5214268565177917,0.26556622884359277
UBFC_PHYS_s04_T3_test,141,80,143.66666666666666,-0.342418372631073,0.019251746119768973
UBFC_PHYS_s04_T3_test,141,81,143.7,-0.1929750293493271,-0.16993818352704262
UBFC_PHYS_s04_T3_test,141,82,143.73333333333332,-0.06753265857696533,-0.263508940892952
UBFC_PHYS_s04_T3_test,141,83,143.76666666666668,0.032710153609514236,-0.25228577841729716
UBFC_PHYS_s04_T3_test,141,84,143.8,0.10886428505182266,-0.16176107375510496
UBFC_PHYS_s04_T3_test,141,85,143.83333333333334,0.1771155297756195,-0.0444340958755565
UBFC_PHYS_s04_T3_test,141,86,143.86666666666667,0.23112016916275024,0.03792136091034018
UBFC_PHYS_s04_T3_test,141,87,143.9,0.23588527739048004,0.03511683445554863
UBFC_PHYS_s04_T3_test,141,88,143.93333333333334,0.19004663825035095,-0.07523635174539499
UBFC_PHYS_s04_T3_test,141,89,143.96666666666667,0.13540861010551453,-0.28138448372079417
UBFC_PHYS_s04_T3_test,141,90,144.0,0.07840263098478317,-0.5417096324071011
UBFC_PHYS_s04_T3_test,141,91,144.03333333333333,-0.024461477994918823,-0.7965554308309044
UBFC_PHYS_s04_T3_test,141,92,144.06666666666666,-0.17050395905971527,-0.9832002222458691
UBFC_PHYS_s04_T3_test,141,93,144.1,-0.30187106132507324,-1.0502817745412902
UBFC_PHYS_s04_T3_test,141,94,144.13333333333333,-0.3926031291484833,-0.9692105220040701
UBFC_PHYS_s04_T3_test,141,95,144.16666666666666,-0.47626060247421265,-0.7409103447337091
UBFC_PHYS_s04_T3_test,141,96,144.2,-0.596168041229248,-0.3965554785621658
UBFC_PHYS_s04_T3_test,141,97,144.23333333333332,-0.7620018124580383,0.008378539225709247
UBFC_PHYS_s04_T3_test,141,98,144.26666666666668,-0.9000049829483032,0.40586290963446997
UBFC_PHYS_s04_T3_test,141,99,144.3,-0.8566414713859558,0.7300440098659017
UBFC_PHYS_s04_T3_test,141,100,144.33333333333334,-0.5949012637138367,0.9309496626613237
UBFC_PHYS_s04_T3_test,141,101,144.36666666666667,-0.27374809980392456,0.9835319699030535
UBFC_PHYS_s04_T3_test,141,102,144.4,-0.040520597249269485,0.8902340795273354
UBFC_PHYS_s04_T3_test,141,103,144.43333333333334,0.1095171719789505,0.6773312179674993
UBFC_PHYS_s04_T3_test,141,104,144.46666666666667,0.20910708606243134,0.3865303990220182
UBFC_PHYS_s04_T3_test,141,105,144.5,0.2457663118839264,0.06402510145291108
UBFC_PHYS_s04_T3_test,141,106,144.53333333333333,0.22711513936519623,-0.25004886262798137
UBFC_PHYS_s04_T3_test,141,107,144.56666666666666,0.18988098204135895,-0.5283984197579991
UBFC_PHYS_s04_T3_test,141,108,144.6,0.16648416221141815,-0.7569993290069709
UBFC_PHYS_s04_T3_test,141,109,144.63333333333333,0.17813871800899506,-0.9290044232175078
UBFC_PHYS_s04_T3_test,141,110,144.66666666666666,0.19957686960697174,-1.035486022725964
UBFC_PHYS_s04_T3_test,141,111,144.7,0.17078153789043427,-1.0588070442166786
UBFC_PHYS_s04_T3_test,141,112,144.73333333333332,0.07210761308670044,-0.9738039639691052
UBFC_PHYS_s04_T3_test,141,113,144.76666666666668,-0.06590530276298523,-0.7581883801861306
UBFC_PHYS_s04_T3_test,141,114,144.8,-0.22220885753631592,-0.40832863782935835
UBFC_PHYS_s04_T3_test,141,115,144.83333333333334,-0.3972805440425873,0.04731374831575669
UBFC_PHYS_s04_T3_test,141,116,144.86666666666667,-0.5889180302619934,0.5449644732280293
UBFC_PHYS_s04_T3_test,141,117,144.9,-0.7756345272064209,0.9963741239973204
UBFC_PHYS_s04_T3_test,141,118,144.93333333333334,-0.8668538331985474,1.3111634666305088
UBFC_PHYS_s04_T3_test,141,119,144.96666666666667,-0.7332162261009216,1.4230318751162916
UBFC_PHYS_s04_T3_test,141,120,145.0,-0.3750140964984894,1.311037592835675
UBFC_PHYS_s04_T3_test,141,121,145.03333333333333,0.0330999381840229,1.0091548113533881
UBFC_PHYS_s04_T3_test,141,122,145.06666666666666,0.33727794885635376,0.6004840045799981
UBFC_PHYS_s04_T3_test,141,123,145.1,0.5186933875083923,0.1962504436593606
UBFC_PHYS_s04_T3_test,141,124,145.13333333333333,0.5988525152206421,-0.09597724694042004
UBFC_PHYS_s04_T3_test,141,125,145.16666666666666,0.5873149037361145,-0.20629382635242033
UBFC_PHYS_s04_T3_test,141,126,145.2,0.5147175788879395,-0.12759814570528874
UBFC_PHYS_s04_T3_test,141,127,145.23333333333332,0.4361467659473419,0.07844055110704204
UBFC_PHYS_s04_T3_test,141,128,145.26666666666668,0.38512399792671204,0.2997630934941364
UBFC_PHYS_s04_T3_test,141,129,145.3,0.34948796033859253,0.4130448939518336
UBFC_PHYS_s04_T3_test,141,130,145.33333333333334,0.29224810004234314,0.33054155361608945
UBFC_PHYS_s04_T3_test,141,131,145.36666666666667,0.18089644610881805,0.036562597612584735
UBFC_PHYS_s04_T3_test,141,132,145.4,0.020548878237605095,-0.40164017892340015
UBFC_PHYS_s04_T3_test,141,133,145.43333333333334,-0.14909504354000092,-0.8539218414331183
UBFC_PHYS_s04_T3_test,141,134,145.46666666666667,-0.3107971251010895,-1.1711701918653494
UBFC_PHYS_s04_T3_test,141,135,145.5,-0.492241770029068,-1.2368300431922266
UBFC_PHYS_s04_T3_test,141,136,145.53333333333333,-0.7194373607635498,-1.0076583757851068
UBFC_PHYS_s04_T3_test,141,137,145.56666666666666,-0.9399774074554443,-0.5299695425610631
UBFC_PHYS_s04_T3_test,141,138,145.6,-1.0031322240829468,0.07371242465747957
UBFC_PHYS_s04_T3_test,141,139,145.63333333333333,-0.7844728827476501,0.6424493919612125
UBFC_PHYS_s04_T3_test,141,140,145.66666666666666,-0.36307695508003235,1.0252550763112251
UBFC_PHYS_s04_T3_test,141,141,145.7,0.04814561456441879,1.1232816015521865
UBFC_PHYS_s04_T3_test,141,142,145.73333333333332,0.34370940923690796,0.913800507280555
UBFC_PHYS_s04_T3_test,141,143,145.76666666666668,0.5532770156860352,0.45217122600806076
UBFC_PHYS_s04_T3_test,141,144,145.8,0.6919330358505249,-0.14548182613833005
UBFC_PHYS_s04_T3_test,141,145,145.83333333333334,0.7553120255470276,-0.7326949414107188
UBFC_PHYS_s04_T3_test,141,146,145.86666666666667,0.7767014503479004,-1.1686322465892742
UBFC_PHYS_s04_T3_test,141,147,145.9,0.7711275219917297,-1.3518469458954618
UBFC_PHYS_s04_T3_test,141,148,145.93333333333334,0.7091225385665894,-1.24471213000803
UBFC_PHYS_s04_T3_test,141,149,145.96666666666667,0.5966989994049072,-0.8830081061774824
UBFC_PHYS_s04_T3_test,141,150,146.0,0.4685281217098236,-0.3679458282056536
UBFC_PHYS_s04_T3_test,141,151,146.03333333333333,0.2736358940601349,0.15860956359787465
UBFC_PHYS_s04_T3_test,141,152,146.06666666666666,-0.07724802941083908,0.5513135075767268
UBFC_PHYS_s04_T3_test,141,153,146.1,-0.5315027832984924,0.702737690768065
UBFC_PHYS_s04_T3_test,141,154,146.13333333333333,-0.9022462368011475,0.5776013482176099
UBFC_PHYS_s04_T3_test,141,155,146.16666666666666,-1.0926072597503662,0.2280471830716217
UBFC_PHYS_s04_T3_test,141,156,146.2,-1.2295774221420288,-0.2176059877234452
UBFC_PHYS_s04_T3_test,141,157,146.23333333333332,-1.511128544807434,-0.5919982676252059
UBFC_PHYS_s04_T3_test,141,158,146.26666666666668,-1.9279249906539917,-0.741744627030116
UBFC_PHYS_s04_T3_test,141,159,146.3,-2.198854446411133,-0.5797501462879893
UBFC_PHYS_s04_T3_test,141,160,146.33333333333334,-2.0821237564086914,-0.11929352171221522
UBFC_PHYS_s04_T3_test,141,161,146.36666666666667,-1.607629418373108,0.5233070235626001
UBFC_PHYS_s04_T3_test,141,162,146.4,-0.9879598617553711,1.1621254424592655
UBFC_PHYS_s04_T3_test,141,163,146.43333333333334,-0.40979260206222534,1.6029580440110565
UBFC_PHYS_s04_T3_test,141,164,146.46666666666667,0.05314460024237633,1.7103527678282497
UBFC_PHYS_s04_T3_test,141,165,146.5,0.41678422689437866,1.4531792087893871
UBFC_PHYS_s04_T3_test,141,166,146.53333333333333,0.7437549233436584,0.9117821482078899
UBFC_PHYS_s04_T3_test,141,167,146.56666666666666,1.122372031211853,0.24734644073954604
UBFC_PHYS_s04_T3_test,141,168,146.6,1.5882422924041748,-0.35246020435591413
UBFC_PHYS_s04_T3_test,141,169,146.63333333333333,2.0102620124816895,-0.7322056447671186
UBFC_PHYS_s04_T3_test,141,170,146.66666666666666,2.1683292388916016,-0.813891243343815
UBFC_PHYS_s04_T3_test,141,171,146.7,2.0090925693511963,-0.6163647297748409
UBFC_PHYS_s04_T3_test,141,172,146.73333333333332,1.6725722551345825,-0.24421165973711292
UBFC_PHYS_s04_T3_test,141,173,146.76666666666668,1.261242389678955,0.1500487215511812
UBFC_PHYS_s04_T3_test,141,174,146.8,0.7835811376571655,0.41820653564333043
UBFC_PHYS_s04_T3_test,141,175,146.83333333333334,0.32625681161880493,0.46555635664717854
UBFC_PHYS_s04_T3_test,141,176,146.86666666666667,0.0484769344329834,0.2803581419459308
UBFC_PHYS_s04_T3_test,141,177,146.9,-0.013391599990427494,-0.06610648779875158
UBFC_PHYS_s04_T3_test,141,178,146.93333333333334,-0.020125126466155052,-0.44785264452474066
UBFC_PHYS_s04_T3_test,141,179,146.96666666666667,-0.17629225552082062,-0.7300669104910391
UBFC_PHYS_s04_T3_test,141,180,147.0,-0.526153028011322,-0.8166836700769986
UBFC_PHYS_s04_T3_test,141,181,147.03333333333333,-0.8526071906089783,-0.6840863560800841
UBFC_PHYS_s04_T3_test,141,182,147.06666666666666,-0.8362752199172974,-0.3898004691162779
UBFC_PHYS_s04_T3_test,141,183,147.1,-0.39047878980636597,-0.05264125428065154
UBFC_PHYS_s04_T3_test,141,184,147.13333333333333,0.26278039813041687,0.1898864129790985
UBFC_PHYS_s04_T3_test,141,185,147.16666666666666,0.8405773639678955,0.2325842357421696
UBFC_PHYS_s04_T3_test,141,186,147.2,1.218142032623291,0.043139563740101375
UBFC_PHYS_s04_T3_test,141,187,147.23333333333332,1.4319289922714233,-0.3236322203369925
UBFC_PHYS_s04_T3_test,141,188,147.26666666666668,1.5636956691741943,-0.7434621926778747
UBFC_PHYS_s04_T3_test,141,189,147.3,1.6301636695861816,-1.0653868311603374
UBFC_PHYS_s04_T3_test,141,190,147.33333333333334,1.6085500717163086,-1.1642528834980157
UBFC_PHYS_s04_T3_test,141,191,147.36666666666667,1.5173892974853516,-0.984680563602423
UBFC_PHYS_s04_T3_test,141,192,147.4,1.3932234048843384,-0.5605595040351598
UBFC_PHYS_s04_T3_test,141,193,147.43333333333334,1.264974594116211,-0.002473075666125722
UBFC_PHYS_s04_T3_test,141,194,147.46666666666667,1.1519371271133423,0.5417431107169222
UBFC_PHYS_s04_T3_test,141,195,147.5,1.009207844734192,0.9369734363110949
UBFC_PHYS_s04_T3_test,141,196,147.53333333333333,0.7904218435287476,1.1017648809228104
UBFC_PHYS_s04_T3_test,141,197,147.56666666666666,0.583183228969574,1.026761498965135
UBFC_PHYS_s04_T3_test,141,198,147.6,0.4486783444881439,0.7687305677396201
UBFC_PHYS_s04_T3_test,141,199,147.63333333333333,0.28874003887176514,0.4276463615702702
UBFC_PHYS_s04_T3_test,141,200,147.66666666666666,0.02519705891609192,0.11643553645958216
UBFC_PHYS_s04_T3_test,141,201,147.7,-0.27655455470085144,-0.0690475801172241
UBFC_PHYS_s04_T3_test,141,202,147.73333333333332,-0.528939962387085,-0.0736786702558256
UBFC_PHYS_s04_T3_test,141,203,147.76666666666668,-0.6947640180587769,0.10467422375408321
UBFC_PHYS_s04_T3_test,141,204,147.8,-0.789462149143219,0.41659118184846433
UBFC_PHYS_s04_T3_test,141,205,147.83333333333334,-0.9228560924530029,0.7749171408707232
UBFC_PHYS_s04_T3_test,141,206,147.86666666666667,-1.1915637254714966,1.0768034122119488
UBFC_PHYS_s04_T3_test,141,207,147.9,-1.4782111644744873,1.228509157902524
UBFC_PHYS_s04_T3_test,141,208,147.93333333333334,-1.5018223524093628,1.1675731232516064
UBFC_PHYS_s04_T3_test,141,209,147.96666666666667,-1.1326088905334473,0.87793651992372
UBFC_PHYS_s04_T3_test,141,210,148.0,-0.5593333840370178,0.3950278322782985
UBFC_PHYS_s04_T3_test,141,211,148.03333333333333,-0.10407494753599167,-0.20039602571545295
UBFC_PHYS_s04_T3_test,141,212,148.06666666666666,0.07215633988380432,-0.798735421966113
UBFC_PHYS_s04_T3_test,141,213,148.1,0.007452122401446104,-1.2852494917420956
UBFC_PHYS_s04_T3_test,141,214,148.13333333333333,-0.1437550038099289,-1.5660765095225029
UBFC_PHYS_s04_T3_test,141,215,148.16666666666666,-0.22884494066238403,-1.5908434043673023
UBFC_PHYS_s04_T3_test,141,216,148.2,-0.22177034616470337,-1.3665108372387704
UBFC_PHYS_s04_T3_test,141,217,148.23333333333332,-0.19797401130199432,-0.9583274238543004
UBFC_PHYS_s04_T3_test,141,218,148.26666666666668,-0.19397872686386108,-0.4757189084514883
UBFC_PHYS_s04_T3_test,141,219,148.3,-0.19154256582260132,-0.04432789933752468
UBFC_PHYS_s04_T3_test,141,220,148.33333333333334,-0.21003784239292145,0.22965474146328232
UBFC_PHYS_s04_T3_test,141,221,148.36666666666667,-0.28560730814933777,0.29206521323739343
UBFC_PHYS_s04_T3_test,141,222,148.4,-0.3991904854774475,0.15796784022672247
UBFC_PHYS_s04_T3_test,141,223,148.43333333333334,-0.5114386677742004,-0.09450084384638352
UBFC_PHYS_s04_T3_test,141,224,148.46666666666667,-0.6411686539649963,-0.3520928565208631
UBFC_PHYS_s04_T3_test,141,225,148.5,-0.8250689506530762,-0.5053788736027529
UBFC_PHYS_s04_T3_test,141,226,148.53333333333333,-1.0077121257781982,-0.48424551040697045
UBFC_PHYS_s04_T3_test,141,227,148.56666666666666,-1.0875204801559448,-0.27815786794978664
UBFC_PHYS_s04_T3_test,141,228,148.6,-1.0883780717849731,0.06433042334664321
UBFC_PHYS_s04_T3_test,141,229,148.63333333333333,-1.1602153778076172,0.4548555724570278
UBFC_PHYS_s04_T3_test,141,230,148.66666666666666,-1.351131796836853,0.7951012201569996
UBFC_PHYS_s04_T3_test,141,231,148.7,-1.4513161182403564,1.006525392805942
UBFC_PHYS_s04_T3_test,141,232,148.73333333333332,-1.1687126159667969,1.0512220955027267
UBFC_PHYS_s04_T3_test,141,233,148.76666666666668,-0.4497455060482025,0.9392560705405939
UBFC_PHYS_s04_T3_test,141,234,148.8,0.4202045798301697,0.7214849654280453
UBFC_PHYS_s04_T3_test,141,235,148.83333333333334,1.1078232526779175,0.47034084969978396
UBFC_PHYS_s04_T3_test,141,236,148.86666666666667,1.5501993894577026,0.2547808858759722
UBFC_PHYS_s04_T3_test,141,237,148.9,1.9152811765670776,0.11794234085254023
UBFC_PHYS_s04_T3_test,141,238,148.93333333333334,2.2625110149383545,0.06509927719912446
UBFC_PHYS_s04_T3_test,141,239,148.96666666666667,2.424222707748413,0.06560108994703802
UBFC_PHYS_s04_T3_test,142,0,142.0,-0.8604418635368347,0.07899378279472924
UBFC_PHYS_s04_T3_test,142,1,142.03333333333333,-0.6031354069709778,0.05072162630502896
UBFC_PHYS_s04_T3_test,142,2,142.06666666666666,-0.37560853362083435,0.039415957377113134
UBFC_PHYS_s04_T3_test,142,3,142.1,-0.19554761052131653,0.05827118004819128
UBFC_PHYS_s04_T3_test,142,4,142.13333333333333,-0.04960257187485695,0.1091673461470915
UBFC_PHYS_s04_T3_test,142,5,142.16666666666666,0.05920574814081192,0.18207394772439708
UBFC_PHYS_s04_T3_test,142,6,142.2,0.14113843441009521,0.25818458624880575
UBFC_PHYS_s04_T3_test,142,7,142.23333333333332,0.23015545308589935,0.3152880850941901
UBFC_PHYS_s04_T3_test,142,8,142.26666666666668,0.3475292921066284,0.3334554620796753
UBFC_PHYS_s04_T3_test,142,9,142.3,0.4475089907646179,0.299442547845222
UBFC_PHYS_s04_T3_test,142,10,142.33333333333334,0.4606837034225464,0.20871656495390029
UBFC_PHYS_s04_T3_test,142,11,142.36666666666667,0.39573588967323303,0.06490501442209332
UBFC_PHYS_s04_T3_test,142,12,142.4,0.33001822233200073,-0.12221907976416281
UBFC_PHYS_s04_T3_test,142,13,142.43333333333334,0.2931738495826721,-0.33833242227445715
UBFC_PHYS_s04_T3_test,142,14,142.46666666666667,0.22528314590454102,-0.5644846543035326
UBFC_PHYS_s04_T3_test,142,15,142.5,0.07343287765979767,-0.7757281298322687
UBFC_PHYS_s04_T3_test,142,16,142.53333333333333,-0.11990019679069519,-0.9403565981259725
UBFC_PHYS_s04_T3_test,142,17,142.56666666666666,-0.2724423408508301,-1.0220651352142982
UBFC_PHYS_s04_T3_test,142,18,142.6,-0.3664485812187195,-0.9862500663016721
UBFC_PHYS_s04_T3_test,142,19,142.63333333333333,-0.4469975233078003,-0.8096073415886058
UBFC_PHYS_s04_T3_test,142,20,142.66666666666666,-0.5649365782737732,-0.4901926086780214
UBFC_PHYS_s04_T3_test,142,21,142.7,-0.6950076222419739,-0.05411158273308497
UBFC_PHYS_s04_T3_test,142,22,142.73333333333332,-0.7099363803863525,0.4444145807960796
UBFC_PHYS_s04_T3_test,142,23,142.76666666666668,-0.5124325752258301,0.9307060303299136
UBFC_PHYS_s04_T3_test,142,24,142.8,-0.17628251016139984,1.3231882106522783
UBFC_PHYS_s04_T3_test,142,25,142.83333333333334,0.15202316641807556,1.5490641413860702
UBFC_PHYS_s04_T3_test,142,26,142.86666666666667,0.4020113945007324,1.5583475046972257
UBFC_PHYS_s04_T3_test,142,27,142.9,0.5723374485969543,1.333900420894684
UBFC_PHYS_s04_T3_test,142,28,142.93333333333334,0.6778131127357483,0.8964767568023421
UBFC_PHYS_s04_T3_test,142,29,142.96666666666667,0.7347703576087952,0.30436699341531664
UBFC_PHYS_s04_T3_test,142,30,143.0,0.7528271079063416,-0.3527907244701542
UBFC_PHYS_s04_T3_test,142,31,143.03333333333333,0.7273741960525513,-0.9662995664462362
UBFC_PHYS_s04_T3_test,142,32,143.06666666666666,0.6679515838623047,-1.4260841596176275
UBFC_PHYS_s04_T3_test,142,33,143.1,0.5965722799301147,-1.6417064723692156
UBFC_PHYS_s04_T3_test,142,34,143.13333333333333,0.5053042769432068,-1.5634688609677019
UBFC_PHYS_s04_T3_test,142,35,143.16666666666666,0.3671841621398926,-1.1989643538146837
UBFC_PHYS_s04_T3_test,142,36,143.2,0.20241254568099976,-0.6190262806738709
UBFC_PHYS_s04_T3_test,142,37,143.23333333333332,0.06625109910964966,0.05255342747937264
UBFC_PHYS_s04_T3_test,142,38,143.26666666666668,-0.025484660640358925,0.6670891855026213
UBFC_PHYS_s04_T3_test,142,39,143.3,-0.10691062361001968,1.0907111880597327
UBFC_PHYS_s04_T3_test,142,40,143.33333333333334,-0.21505631506443024,1.2417463956712065
UBFC_PHYS_s04_T3_test,142,41,143.36666666666667,-0.37305542826652527,1.1108029041636056
UBFC_PHYS_s04_T3_test,142,42,143.4,-0.581054151058197,0.7573433801194078
UBFC_PHYS_s04_T3_test,142,43,143.43333333333334,-0.8101693987846375,0.28767138068237197
UBFC_PHYS_s04_T3_test,142,44,143.46666666666667,-1.012565016746521,-0.1756329156783505
UBFC_PHYS_s04_T3_test,142,45,143.5,-1.1266158819198608,-0.5236521381020571
UBFC_PHYS_s04_T3_test,142,46,143.53333333333333,-1.096534252166748,-0.684128524336554
UBFC_PHYS_s04_T3_test,142,47,143.56666666666666,-0.9399774074554443,-0.6341044263358561
UBFC_PHYS_s04_T3_test,142,48,143.6,-0.728275716304779,-0.4012748011329203
UBFC_PHYS_s04_T3_test,142,49,143.63333333333333,-0.5214268565177917,-0.05482108988150283
UBFC_PHYS_s04_T3_test,142,50,143.66666666666666,-0.342418372631073,0.3124066471278476
UBFC_PHYS_s04_T3_test,142,51,143.7,-0.1929750293493271,0.607071682327308
UBFC_PHYS_s04_T3_test,142,52,143.73333333333332,-0.06753265857696533,0.7586149516680001
UBFC_PHYS_s04_T3_test,142,53,143.76666666666668,0.032710153609514236,0.7362711021161248
UBFC_PHYS_s04_T3_test,142,54,143.8,0.10886428505182266,0.554906103353476
UBFC_PHYS_s04_T3_test,142,55,143.83333333333334,0.1771155297756195,0.2681851328014439
UBFC_PHYS_s04_T3_test,142,56,143.86666666666667,0.23112016916275024,-0.04847335002853619
UBFC_PHYS_s04_T3_test,142,57,143.9,0.23588527739048004,-0.319741210095939
UBFC_PHYS_s04_T3_test,142,58,143.93333333333334,0.19004663825035095,-0.4905757740347033
UBFC_PHYS_s04_T3_test,142,59,143.96666666666667,0.13540861010551453,-0.5392731631920961
UBFC_PHYS_s04_T3_test,142,60,144.0,0.07840263098478317,-0.4802714684489985
UBFC_PHYS_s04_T3_test,142,61,144.03333333333333,-0.024461477994918823,-0.3566280189749246
UBFC_PHYS_s04_T3_test,142,62,144.06666666666666,-0.17050395905971527,-0.22494206081000795
UBFC_PHYS_s04_T3_test,142,63,144.1,-0.30187106132507324,-0.137401156033237
UBFC_PHYS_s04_T3_test,142,64,144.13333333333333,-0.3926031291484833,-0.1261025354972051
UBFC_PHYS_s04_T3_test,142,65,144.16666666666666,-0.47626060247421265,-0.19376016067885962
UBFC_PHYS_s04_T3_test,142,66,144.2,-0.596168041229248,-0.31281228866196964
UBFC_PHYS_s04_T3_test,142,67,144.23333333333332,-0.7620018124580383,-0.43280839075527433
UBFC_PHYS_s04_T3_test,142,68,144.26666666666668,-0.9000049829483032,-0.4944417948932395
UBFC_PHYS_s04_T3_test,142,69,144.3,-0.8566414713859558,-0.44730896903823325
UBFC_PHYS_s04_T3_test,142,70,144.33333333333334,-0.5949012637138367,-0.26706354983080716
UBFC_PHYS_s04_T3_test,142,71,144.36666666666667,-0.27374809980392456,0.033172114214079854
UBFC_PHYS_s04_T3_test,142,72,144.4,-0.040520597249269485,0.4014572242550161
UBFC_PHYS_s04_T3_test,142,73,144.43333333333334,0.1095171719789505,0.7573691453417839
UBFC_PHYS_s04_T3_test,142,74,144.46666666666667,0.20910708606243134,1.0118089943546964
UBFC_PHYS_s04_T3_test,142,75,144.5,0.2457663118839264,1.0906971901953344
UBFC_PHYS_s04_T3_test,142,76,144.53333333333333,0.22711513936519623,0.9556568077369196
UBFC_PHYS_s04_T3_test,142,77,144.56666666666666,0.18988098204135895,0.615994336293371
UBFC_PHYS_s04_T3_test,142,78,144.6,0.16648416221141815,0.12932049323618924
UBFC_PHYS_s04_T3_test,142,79,144.63333333333333,0.17813871800899506,-0.40871974219366725
UBFC_PHYS_s04_T3_test,142,80,144.66666666666666,0.19957686960697174,-0.8832486659223137
UBFC_PHYS_s04_T3_test,142,81,144.7,0.17078153789043427,-1.1842311429914352
UBFC_PHYS_s04_T3_test,142,82,144.73333333333332,0.07210761308670044,-1.2318004121377333
UBFC_PHYS_s04_T3_test,142,83,144.76666666666668,-0.06590530276298523,-0.9978783762407368
UBFC_PHYS_s04_T3_test,142,84,144.8,-0.22220885753631592,-0.5184576594260307
UBFC_PHYS_s04_T3_test,142,85,144.83333333333334,-0.3972805440425873,0.1085854568476301
UBFC_PHYS_s04_T3_test,142,86,144.86666666666667,-0.5889180302619934,0.7426336503938344
UBFC_PHYS_s04_T3_test,142,87,144.9,-0.7756345272064209,1.2337510856617344
UBFC_PHYS_s04_T3_test,142,88,144.93333333333334,-0.8668538331985474,1.461540206569493
UBFC_PHYS_s04_T3_test,142,89,144.96666666666667,-0.7332162261009216,1.3673684395767174
UBFC_PHYS_s04_T3_test,142,90,145.0,-0.3750140964984894,0.9702592608134569
UBFC_PHYS_s04_T3_test,142,91,145.03333333333333,0.0330999381840229,0.3625440861162684
UBFC_PHYS_s04_T3_test,142,92,145.06666666666666,0.33727794885635376,-0.3129685017540577
UBFC_PHYS_s04_T3_test,142,93,145.1,0.5186933875083923,-0.8983935864322341
UBFC_PHYS_s04_T3_test,142,94,145.13333333333333,0.5988525152206421,-1.260185136397526
UBFC_PHYS_s04_T3_test,142,95,145.16666666666666,0.5873149037361145,-1.322959284753197
UBFC_PHYS_s04_T3_test,142,96,145.2,0.5147175788879395,-1.0888767952290639
UBFC_PHYS_s04_T3_test,142,97,145.23333333333332,0.4361467659473419,-0.6364365231799105
UBFC_PHYS_s04_T3_test,142,98,145.26666666666668,0.38512399792671204,-0.09730704335177169
UBFC_PHYS_s04_T3_test,142,99,145.3,0.34948796033859253,0.38336689608821284
UBFC_PHYS_s04_T3_test,142,100,145.33333333333334,0.29224810004234314,0.690668443569883
UBFC_PHYS_s04_T3_test,142,101,145.36666666666667,0.18089644610881805,0.7721067218603294
UBFC_PHYS_s04_T3_test,142,102,145.4,0.020548878237605095,0.6469257587004049
UBFC_PHYS_s04_T3_test,142,103,145.43333333333334,-0.14909504354000092,0.3905168618593137
UBFC_PHYS_s04_T3_test,142,104,145.46666666666667,-0.3107971251010895,0.10181983192771052
UBFC_PHYS_s04_T3_test,142,105,145.5,-0.492241770029068,-0.1325258696198738
UBFC_PHYS_s04_T3_test,142,106,145.53333333333333,-0.7194373607635498,-0.26397078844890703
UBFC_PHYS_s04_T3_test,142,107,145.56666666666666,-0.9399774074554443,-0.29003949484599323
UBFC_PHYS_s04_T3_test,142,108,145.6,-1.0031322240829468,-0.24436842351168284
UBFC_PHYS_s04_T3_test,142,109,145.63333333333333,-0.7844728827476501,-0.1754537936374628
UBFC_PHYS_s04_T3_test,142,110,145.66666666666666,-0.36307695508003235,-0.12442685610090062
UBFC_PHYS_s04_T3_test,142,111,145.7,0.04814561456441879,-0.11100976221393707
UBFC_PHYS_s04_T3_test,142,112,145.73333333333332,0.34370940923690796,-0.1313312817012712
UBFC_PHYS_s04_T3_test,142,113,145.76666666666668,0.5532770156860352,-0.16515936361395087
UBFC_PHYS_s04_T3_test,142,114,145.8,0.6919330358505249,-0.18697792707373742
UBFC_PHYS_s04_T3_test,142,115,145.83333333333334,0.7553120255470276,-0.17574677098790883
UBFC_PHYS_s04_T3_test,142,116,145.86666666666667,0.7767014503479004,-0.12063067633523296
UBFC_PHYS_s04_T3_test,142,117,145.9,0.7711275219917297,-0.022645070972205365
UBFC_PHYS_s04_T3_test,142,118,145.93333333333334,0.7091225385665894,0.10629799627447965
UBFC_PHYS_s04_T3_test,142,119,145.96666666666667,0.5966989994049072,0.2453977353895209
UBFC_PHYS_s04_T3_test,142,120,146.0,0.4685281217098236,0.36744062202678573
UBFC_PHYS_s04_T3_test,142,121,146.03333333333333,0.2736358940601349,0.4423431925039874
UBFC_PHYS_s04_T3_test,142,122,146.06666666666666,-0.07724802941083908,0.44285723035256663
UBFC_PHYS_s04_T3_test,142,123,146.1,-0.5315027832984924,0.3525832057668807
UBFC_PHYS_s04_T3_test,142,124,146.13333333333333,-0.9022462368011475,0.17428282029706088
UBFC_PHYS_s04_T3_test,142,125,146.16666666666666,-1.0926072597503662,-0.06516681820640131
UBFC_PHYS_s04_T3_test,142,126,146.2,-1.2295774221420288,-0.3164722715965546
UBFC_PHYS_s04_T3_test,142,127,146.23333333333332,-1.511128544807434,-0.5175320377265121
UBFC_PHYS_s04_T3_test,142,128,146.26666666666668,-1.9279249906539917,-0.6095708195525116
UBFC_PHYS_s04_T3_test,142,129,146.3,-2.198854446411133,-0.5556919718424193
UBFC_PHYS_s04_T3_test,142,130,146.33333333333334,-2.0821237564086914,-0.3555433826570812
UBFC_PHYS_s04_T3_test,142,131,146.36666666666667,-1.607629418373108,-0.049442412507696015
UBFC_PHYS_s04_T3_test,142,132,146.4,-0.9879598617553711,0.29195971708374985
UBFC_PHYS_s04_T3_test,142,133,146.43333333333334,-0.40979260206222534,0.5903866532897982
UBFC_PHYS_s04_T3_test,142,134,146.46666666666667,0.05314460024237633,0.7859236253630377
UBFC_PHYS_s04_T3_test,142,135,146.5,0.41678422689437866,0.8543707994951055
UBFC_PHYS_s04_T3_test,142,136,146.53333333333333,0.7437549233436584,0.8085687925055679
UBFC_PHYS_s04_T3_test,142,137,146.56666666666666,1.122372031211853,0.6848826957049613
UBFC_PHYS_s04_T3_test,142,138,146.6,1.5882422924041748,0.5229705540212987
UBFC_PHYS_s04_T3_test,142,139,146.63333333333333,2.0102620124816895,0.3489306119357627
UBFC_PHYS_s04_T3_test,142,140,146.66666666666666,2.1683292388916016,0.16874769922602573
UBFC_PHYS_s04_T3_test,142,141,146.7,2.0090925693511963,-0.026711037723847836
UBFC_PHYS_s04_T3_test,142,142,146.73333333333332,1.6725722551345825,-0.2488476021158069
UBFC_PHYS_s04_T3_test,142,143,146.76666666666668,1.261242389678955,-0.4970159925033517
UBFC_PHYS_s04_T3_test,142,144,146.8,0.7835811376571655,-0.7492793748371775
UBFC_PHYS_s04_T3_test,142,145,146.83333333333334,0.32625681161880493,-0.9625707583880367
UBFC_PHYS_s04_T3_test,142,146,146.86666666666667,0.0484769344329834,-1.0828046320007163
UBFC_PHYS_s04_T3_test,142,147,146.9,-0.013391599990427494,-1.061743175913464
UBFC_PHYS_s04_T3_test,142,148,146.93333333333334,-0.020125126466155052,-0.8751479371327863
UBFC_PHYS_s04_T3_test,142,149,146.96666666666667,-0.17629225552082062,-0.5363219516994866
UBFC_PHYS_s04_T3_test,142,150,147.0,-0.526153028011322,-0.10027811604269389
UBFC_PHYS_s04_T3_test,142,151,147.03333333333333,-0.8526071906089783,0.343971772557399
UBFC_PHYS_s04_T3_test,142,152,147.06666666666666,-0.8362752199172974,0.692540850003929
UBFC_PHYS_s04_T3_test,142,153,147.1,-0.39047878980636597,0.8534450738065373
UBFC_PHYS_s04_T3_test,142,154,147.13333333333333,0.26278039813041687,0.7742602785258687
UBFC_PHYS_s04_T3_test,142,155,147.16666666666666,0.8405773639678955,0.4620887669452014
UBFC_PHYS_s04_T3_test,142,156,147.2,1.218142032623291,-0.012072724547613383
UBFC_PHYS_s04_T3_test,142,157,147.23333333333332,1.4319289922714233,-0.5282036109608085
UBFC_PHYS_s04_T3_test,142,158,147.26666666666668,1.5636956691741943,-0.9479318790585561
UBFC_PHYS_s04_T3_test,142,159,147.3,1.6301636695861816,-1.151675069294684
UBFC_PHYS_s04_T3_test,142,160,147.33333333333334,1.6085500717163086,-1.071481356191653
UBFC_PHYS_s04_T3_test,142,161,147.36666666666667,1.5173892974853516,-0.7107391548029564
UBFC_PHYS_s04_T3_test,142,162,147.4,1.3932234048843384,-0.1450324804458907
UBFC_PHYS_s04_T3_test,142,163,147.43333333333334,1.264974594116211,0.4971657983176433
UBFC_PHYS_s04_T3_test,142,164,147.46666666666667,1.1519371271133423,1.0692397695879776
UBFC_PHYS_s04_T3_test,142,165,147.5,1.009207844734192,1.4461758394596345
UBFC_PHYS_s04_T3_test,142,166,147.53333333333333,0.7904218435287476,1.556422753440098
UBFC_PHYS_s04_T3_test,142,167,147.56666666666666,0.583183228969574,1.3959740863403542
UBFC_PHYS_s04_T3_test,142,168,147.6,0.4486783444881439,1.0224454633835092
UBFC_PHYS_s04_T3_test,142,169,147.63333333333333,0.28874003887176514,0.5343407802162254
UBFC_PHYS_s04_T3_test,142,170,147.66666666666666,0.02519705891609192,0.04360222294788533
UBFC_PHYS_s04_T3_test,142,171,147.7,-0.27655455470085144,-0.3512685928049101
UBFC_PHYS_s04_T3_test,142,172,147.73333333333332,-0.528939962387085,-0.5860075982007266
UBFC_PHYS_s04_T3_test,142,173,147.76666666666668,-0.6947640180587769,-0.6416399714311692
UBFC_PHYS_s04_T3_test,142,174,147.8,-0.789462149143219,-0.5442498926759515
UBFC_PHYS_s04_T3_test,142,175,147.83333333333334,-0.9228560924530029,-0.35429392580147845
UBFC_PHYS_s04_T3_test,142,176,147.86666666666667,-1.1915637254714966,-0.1485252264427263
UBFC_PHYS_s04_T3_test,142,177,147.9,-1.4782111644744873,0.0008806895199723139
UBFC_PHYS_s04_T3_test,142,178,147.93333333333334,-1.5018223524093628,0.0450433222668754
UBFC_PHYS_s04_T3_test,142,179,147.96666666666667,-1.1326088905334473,-0.029343400837815125
UBFC_PHYS_s04_T3_test,142,180,148.0,-0.5593333840370178,-0.1970380711859804
UBFC_PHYS_s04_T3_test,142,181,148.03333333333333,-0.10407494753599167,-0.40144011040919064
UBFC_PHYS_s04_T3_test,142,182,148.06666666666666,0.07215633988380432,-0.5704026832625216
UBFC_PHYS_s04_T3_test,142,183,148.1,0.007452122401446104,-0.6369497103502917
UBFC_PHYS_s04_T3_test,142,184,148.13333333333333,-0.1437550038099289,-0.5597782222733302
UBFC_PHYS_s04_T3_test,142,185,148.16666666666666,-0.22884494066238403,-0.33798456705136093
UBFC_PHYS_s04_T3_test,142,186,148.2,-0.22177034616470337,-0.015140638382080013
UBFC_PHYS_s04_T3_test,142,187,148.23333333333332,-0.19797401130199432,0.32987226096058414
UBFC_PHYS_s04_T3_test,142,188,148.26666666666668,-0.19397872686386108,0.6039863134147152
UBFC_PHYS_s04_T3_test,142,189,148.3,-0.19154256582260132,0.7274182285369463
UBFC_PHYS_s04_T3_test,142,190,148.33333333333334,-0.21003784239292145,0.6589220026933388
UBFC_PHYS_s04_T3_test,142,191,148.36666666666667,-0.28560730814933777,0.41032594117640936
UBFC_PHYS_s04_T3_test,142,192,148.4,-0.3991904854774475,0.045351117986622884
UBFC_PHYS_s04_T3_test,142,193,148.43333333333334,-0.5114386677742004,-0.3370354756115193
UBFC_PHYS_s04_T3_test,142,194,148.46666666666667,-0.6411686539649963,-0.6297487208445712
UBFC_PHYS_s04_T3_test,142,195,148.5,-0.8250689506530762,-0.7473477161957808
UBFC_PHYS_s04_T3_test,142,196,148.53333333333333,-1.0077121257781982,-0.6500587944377099
UBFC_PHYS_s04_T3_test,142,197,148.56666666666666,-1.0875204801559448,-0.3553898380054604
UBFC_PHYS_s04_T3_test,142,198,148.6,-1.0883780717849731,0.06585895456419227
UBFC_PHYS_s04_T3_test,142,199,148.63333333333333,-1.1602153778076172,0.5078344007333726
UBFC_PHYS_s04_T3_test,142,200,148.66666666666666,-1.351131796836853,0.8564330168552449
UBFC_PHYS_s04_T3_test,142,201,148.7,-1.4513161182403564,1.0169148802988635
UBFC_PHYS_s04_T3_test,142,202,148.73333333333332,-1.1687126159667969,0.93576494084315
UBFC_PHYS_s04_T3_test,142,203,148.76666666666668,-0.4497455060482025,0.6130709869208502
UBFC_PHYS_s04_T3_test,142,204,148.8,0.4202045798301697,0.10406136175163934
UBFC_PHYS_s04_T3_test,142,205,148.83333333333334,1.1078232526779175,-0.4900798971532466
UBFC_PHYS_s04_T3_test,142,206,148.86666666666667,1.5501993894577026,-1.0408944836191525
UBFC_PHYS_s04_T3_test,142,207,148.9,1.9152811765670776,-1.4184761913560238
UBFC_PHYS_s04_T3_test,142,208,148.93333333333334,2.2625110149383545,-1.5207260828422642
UBFC_PHYS_s04_T3_test,142,209,148.96666666666667,2.424222707748413,-1.3005767565195367
UBFC_PHYS_s04_T3_test,142,210,149.0,2.2893574237823486,-0.7840180493630284
UBFC_PHYS_s04_T3_test,142,211,149.03333333333333,1.9780852794647217,-0.07124783743531206
UBFC_PHYS_s04_T3_test,142,212,149.06666666666666,1.6680896282196045,0.684206510700242
UBFC_PHYS_s04_T3_test,142,213,149.1,1.4360218048095703,1.3160960736598866
UBFC_PHYS_s04_T3_test,142,214,149.13333333333333,1.269554615020752,1.692953215782629
UBFC_PHYS_s04_T3_test,142,215,149.16666666666666,1.0492582321166992,1.7540112636379945
UBFC_PHYS_s04_T3_test,142,216,149.2,0.6548938155174255,1.5201541553436797
UBFC_PHYS_s04_T3_test,142,217,149.23333333333332,0.16836488246917725,1.0783636247038253
UBFC_PHYS_s04_T3_test,142,218,149.26666666666668,-0.19641487300395966,0.5487747034621353
UBFC_PHYS_s04_T3_test,142,219,149.3,-0.4398839771747589,0.04807590699189449
UBFC_PHYS_s04_T3_test,142,220,149.33333333333334,-0.8179066181182861,-0.3389897525657897
UBFC_PHYS_s04_T3_test,142,221,149.36666666666667,-1.466030478477478,-0.5737466916030192
UBFC_PHYS_s04_T3_test,142,222,149.4,-2.199263572692871,-0.6624192788076203
UBFC_PHYS_s04_T3_test,142,223,149.43333333333334,-2.7712039947509766,-0.6429200648692731
UBFC_PHYS_s04_T3_test,142,224,149.46666666666667,-3.11669921875,-0.5657714079888535
UBFC_PHYS_s04_T3_test,142,225,149.5,-3.2033872604370117,-0.47619358745633156
UBFC_PHYS_s04_T3_test,142,226,149.53333333333333,-2.952648639678955,-0.40265053399380835
UBFC_PHYS_s04_T3_test,142,227,149.56666666666666,-2.4684975147247314,-0.3538491028871614
UBFC_PHYS_s04_T3_test,142,228,149.6,-1.897950530052185,-0.3229690768780045
UBFC_PHYS_s04_T3_test,142,229,149.63333333333333,-1.2192773818969727,-0.29587193033450926
UBFC_PHYS_s04_T3_test,142,230,149.66666666666666,-0.41472339630126953,-0.2595702431045358
UBFC_PHYS_s04_T3_test,142,231,149.7,0.3520020544528961,-0.20801344656828558
UBFC_PHYS_s04_T3_test,142,232,149.73333333333332,0.9126192331314087,-0.14368385549706975
UBFC_PHYS_s04_T3_test,142,233,149.76666666666668,1.2433903217315674,-0.07520504307707454
UBFC_PHYS_s04_T3_test,142,234,149.8,1.4016135931015015,-0.0127291829903655
UBFC_PHYS_s04_T3_test,142,235,149.83333333333334,1.4486898183822632,0.036366406566868285
UBFC_PHYS_s04_T3_test,142,236,149.86666666666667,1.4406017065048218,0.06943524782185227
UBFC_PHYS_s04_T3_test,142,237,149.9,1.4359632730484009,0.08770191668621793
UBFC_PHYS_s04_T3_test,142,238,149.93333333333334,1.4765690565109253,0.09391119402888734
UBFC_PHYS_s04_T3_test,142,239,149.96666666666667,1.525253176689148,0.09048799034882482
UBFC_PHYS_s04_T3_test,143,0,143.0,0.7528271079063416,-0.11002674430941332
UBFC_PHYS_s04_T3_test,143,1,143.03333333333333,0.7273741960525513,-0.511970798104558
UBFC_PHYS_s04_T3_test,143,2,143.06666666666666,0.6679515838623047,-0.8695375747366224
UBFC_PHYS_s04_T3_test,143,3,143.1,0.5965722799301147,-1.134826787915083
UBFC_PHYS_s04_T3_test,143,4,143.13333333333333,0.5053042769432068,-1.2604259210760165
UBFC_PHYS_s04_T3_test,143,5,143.16666666666666,0.3671841621398926,-1.2110945104814081
UBFC_PHYS_s04_T3_test,143,6,143.2,0.20241254568099976,-0.9796169756485675
UBFC_PHYS_s04_T3_test,143,7,143.23333333333332,0.06625109910964966,-0.5986003543629204
UBFC_PHYS_s04_T3_test,143,8,143.26666666666668,-0.025484660640358925,-0.1402370251298279
UBFC_PHYS_s04_T3_test,143,9,143.3,-0.10691062361001968,0.29892431109907813
UBFC_PHYS_s04_T3_test,143,10,143.33333333333334,-0.21505631506443024,0.6237290380202603
UBFC_PHYS_s04_T3_test,143,11,143.36666666666667,-0.37305542826652527,0.7670277773375411
UBFC_PHYS_s04_T3_test,143,12,143.4,-0.581054151058197,0.7077691158352085
UBFC_PHYS_s04_T3_test,143,13,143.43333333333334,-0.8101693987846375,0.4755969785365485
UBFC_PHYS_s04_T3_test,143,14,143.46666666666667,-1.012565016746521,0.14208316800955206
UBFC_PHYS_s04_T3_test,143,15,143.5,-1.1266158819198608,-0.19779762088022493
UBFC_PHYS_s04_T3_test,143,16,143.53333333333333,-1.096534252166748,-0.449077537396081
UBFC_PHYS_s04_T3_test,143,17,143.56666666666666,-0.9399774074554443,-0.5400759255037616
UBFC_PHYS_s04_T3_test,143,18,143.6,-0.728275716304779,-0.4404283313433595
UBFC_PHYS_s04_T3_test,143,19,143.63333333333333,-0.5214268565177917,-0.16909853099561947
UBFC_PHYS_s04_T3_test,143,20,143.66666666666666,-0.342418372631073,0.21056306072807177
UBFC_PHYS_s04_T3_test,143,21,143.7,-0.1929750293493271,0.6080888618056698
UBFC_PHYS_s04_T3_test,143,22,143.73333333333332,-0.06753265857696533,0.9305556147181235
UBFC_PHYS_s04_T3_test,143,23,143.76666666666668,0.032710153609514236,1.1069074341068232
UBFC_PHYS_s04_T3_test,143,24,143.8,0.10886428505182266,1.1046501405093179
UBFC_PHYS_s04_T3_test,143,25,143.83333333333334,0.1771155297756195,0.9347619077617165
UBFC_PHYS_s04_T3_test,143,26,143.86666666666667,0.23112016916275024,0.6447505437971726
UBFC_PHYS_s04_T3_test,143,27,143.9,0.23588527739048004,0.3032494698454233
UBFC_PHYS_s04_T3_test,143,28,143.93333333333334,0.19004663825035095,-0.018615393116286943
UBFC_PHYS_s04_T3_test,143,29,143.96666666666667,0.13540861010551453,-0.2638987598563967
UBFC_PHYS_s04_T3_test,143,30,144.0,0.07840263098478317,-0.4008793266187827
UBFC_PHYS_s04_T3_test,143,31,144.03333333333333,-0.024461477994918823,-0.4269247913261767
UBFC_PHYS_s04_T3_test,143,32,144.06666666666666,-0.17050395905971527,-0.3655040179919722
UBFC_PHYS_s04_T3_test,143,33,144.1,-0.30187106132507324,-0.25787015257535595
UBFC_PHYS_s04_T3_test,143,34,144.13333333333333,-0.3926031291484833,-0.15149291703256693
UBFC_PHYS_s04_T3_test,143,35,144.16666666666666,-0.47626060247421265,-0.08758538573130156
UBFC_PHYS_s04_T3_test,143,36,144.2,-0.596168041229248,-0.09030623380773087
UBFC_PHYS_s04_T3_test,143,37,144.23333333333332,-0.7620018124580383,-0.16024653951683834
UBFC_PHYS_s04_T3_test,143,38,144.26666666666668,-0.9000049829483032,-0.2742680505981069
UBFC_PHYS_s04_T3_test,143,39,144.3,-0.8566414713859558,-0.39247870000314916
UBFC_PHYS_s04_T3_test,143,40,144.33333333333334,-0.5949012637138367,-0.47119919336087973
UBFC_PHYS_s04_T3_test,143,41,144.36666666666667,-0.27374809980392456,-0.4785499789769516
UBFC_PHYS_s04_T3_test,143,42,144.4,-0.040520597249269485,-0.4075566605546989
UBFC_PHYS_s04_T3_test,143,43,144.43333333333334,0.1095171719789505,-0.2816013147647504
UBFC_PHYS_s04_T3_test,143,44,144.46666666666667,0.20910708606243134,-0.14924235321290047
UBFC_PHYS_s04_T3_test,143,45,144.5,0.2457663118839264,-0.06908702211412071
UBFC_PHYS_s04_T3_test,143,46,144.53333333333333,0.22711513936519623,-0.08901862932577721
UBFC_PHYS_s04_T3_test,143,47,144.56666666666666,0.18988098204135895,-0.2263415451596703
UBFC_PHYS_s04_T3_test,143,48,144.6,0.16648416221141815,-0.45559649595879975
UBFC_PHYS_s04_T3_test,143,49,144.63333333333333,0.17813871800899506,-0.7090489337030728
UBFC_PHYS_s04_T3_test,143,50,144.66666666666666,0.19957686960697174,-0.8916422227377644
UBFC_PHYS_s04_T3_test,143,51,144.7,0.17078153789043427,-0.9079071536687021
UBFC_PHYS_s04_T3_test,143,52,144.73333333333332,0.07210761308670044,-0.6937776811111087
UBFC_PHYS_s04_T3_test,143,53,144.76666666666668,-0.06590530276298523,-0.24325116281021386
UBFC_PHYS_s04_T3_test,143,54,144.8,-0.22220885753631592,0.3799660639660775
UBFC_PHYS_s04_T3_test,143,55,144.83333333333334,-0.3972805440425873,1.0518326408615897
UBFC_PHYS_s04_T3_test,143,56,144.86666666666667,-0.5889180302619934,1.6177414365418772
UBFC_PHYS_s04_T3_test,143,57,144.9,-0.7756345272064209,1.9346426575989943
UBFC_PHYS_s04_T3_test,143,58,144.93333333333334,-0.8668538331985474,1.9121765482299424
UBFC_PHYS_s04_T3_test,143,59,144.96666666666667,-0.7332162261009216,1.5394962762581412
UBFC_PHYS_s04_T3_test,143,60,145.0,-0.3750140964984894,0.8903884831350449
UBFC_PHYS_s04_T3_test,143,61,145.03333333333333,0.0330999381840229,0.10689470883921424
UBFC_PHYS_s04_T3_test,143,62,145.06666666666666,0.33727794885635376,-0.633472352352444
UBFC_PHYS_s04_T3_test,143,63,145.1,0.5186933875083923,-1.1596214540147947
UBFC_PHYS_s04_T3_test,143,64,145.13333333333333,0.5988525152206421,-1.3492318341512566
UBFC_PHYS_s04_T3_test,143,65,145.16666666666666,0.5873149037361145,-1.16195743245371
UBFC_PHYS_s04_T3_test,143,66,145.2,0.5147175788879395,-0.6541341610915937
UBFC_PHYS_s04_T3_test,143,67,145.23333333333332,0.4361467659473419,0.031810539544159425
UBFC_PHYS_s04_T3_test,143,68,145.26666666666668,0.38512399792671204,0.7042408329457353
UBFC_PHYS_s04_T3_test,143,69,145.3,0.34948796033859253,1.1772937427389452
UBFC_PHYS_s04_T3_test,143,70,145.33333333333334,0.29224810004234314,1.3262214303080142
UBFC_PHYS_s04_T3_test,143,71,145.36666666666667,0.18089644610881805,1.1226641367112264
UBFC_PHYS_s04_T3_test,143,72,145.4,0.020548878237605095,0.6376672518575488
UBFC_PHYS_s04_T3_test,143,73,145.43333333333334,-0.14909504354000092,0.013979221582071717
UBFC_PHYS_s04_T3_test,143,74,145.46666666666667,-0.3107971251010895,-0.5800690650167036
UBFC_PHYS_s04_T3_test,143,75,145.5,-0.492241770029068,-0.9988992568675449
UBFC_PHYS_s04_T3_test,143,76,145.53333333333333,-0.7194373607635498,-1.1565407133457586
UBFC_PHYS_s04_T3_test,143,77,145.56666666666666,-0.9399774074554443,-1.0441687894126754
UBFC_PHYS_s04_T3_test,143,78,145.6,-1.0031322240829468,-0.7264328646603456
UBFC_PHYS_s04_T3_test,143,79,145.63333333333333,-0.7844728827476501,-0.319368613426588
UBFC_PHYS_s04_T3_test,143,80,145.66666666666666,-0.36307695508003235,0.043858260406122715
UBFC_PHYS_s04_T3_test,143,81,145.7,0.04814561456441879,0.2506897094606478
UBFC_PHYS_s04_T3_test,143,82,145.73333333333332,0.34370940923690796,0.24057398756763718
UBFC_PHYS_s04_T3_test,143,83,145.76666666666668,0.5532770156860352,0.02149549680988896
UBFC_PHYS_s04_T3_test,143,84,145.8,0.6919330358505249,-0.33275228061998163
UBFC_PHYS_s04_T3_test,143,85,145.83333333333334,0.7553120255470276,-0.7036601154652516
UBFC_PHYS_s04_T3_test,143,86,145.86666666666667,0.7767014503479004,-0.9621159038743298
UBFC_PHYS_s04_T3_test,143,87,145.9,0.7711275219917297,-1.0068782369733416
UBFC_PHYS_s04_T3_test,143,88,145.93333333333334,0.7091225385665894,-0.7967150743321321
UBFC_PHYS_s04_T3_test,143,89,145.96666666666667,0.5966989994049072,-0.3660951590952634
UBFC_PHYS_s04_T3_test,143,90,146.0,0.4685281217098236,0.1814772716607691
UBFC_PHYS_s04_T3_test,143,91,146.03333333333333,0.2736358940601349,0.7016174621556399
UBFC_PHYS_s04_T3_test,143,92,146.06666666666666,-0.07724802941083908,1.0508815103348732
UBFC_PHYS_s04_T3_test,143,93,146.1,-0.5315027832984924,1.129917508551362
UBFC_PHYS_s04_T3_test,143,94,146.13333333333333,-0.9022462368011475,0.9151506777518534
UBFC_PHYS_s04_T3_test,143,95,146.16666666666666,-1.0926072597503662,0.4694045925091037
UBFC_PHYS_s04_T3_test,143,96,146.2,-1.2295774221420288,-0.07258561283742038
UBFC_PHYS_s04_T3_test,143,97,146.23333333333332,-1.511128544807434,-0.5409661262268058
UBFC_PHYS_s04_T3_test,143,98,146.26666666666668,-1.9279249906539917,-0.7802713716912965
UBFC_PHYS_s04_T3_test,143,99,146.3,-2.198854446411133,-0.6974748365441584
UBFC_PHYS_s04_T3_test,143,100,146.33333333333334,-2.0821237564086914,-0.29381493092721517
UBFC_PHYS_s04_T3_test,143,101,146.36666666666667,-1.607629418373108,0.33088339260960187
UBFC_PHYS_s04_T3_test,143,102,146.4,-0.9879598617553711,1.0055318493273362
UBFC_PHYS_s04_T3_test,143,103,146.43333333333334,-0.40979260206222534,1.5401831612730181
UBFC_PHYS_s04_T3_test,143,104,146.46666666666667,0.05314460024237633,1.7855513603110367
UBFC_PHYS_s04_T3_test,143,105,146.5,0.41678422689437866,1.6772879835562946
UBFC_PHYS_s04_T3_test,143,106,146.53333333333333,0.7437549233436584,1.2499572956357003
UBFC_PHYS_s04_T3_test,143,107,146.56666666666666,1.122372031211853,0.6192720134646036
UBFC_PHYS_s04_T3_test,143,108,146.6,1.5882422924041748,-0.057521652752006554
UBFC_PHYS_s04_T3_test,143,109,146.63333333333333,2.0102620124816895,-0.6281800678983195
UBFC_PHYS_s04_T3_test,143,110,146.66666666666666,2.1683292388916016,-0.98500462222989
UBFC_PHYS_s04_T3_test,143,111,146.7,2.0090925693511963,-1.0880198571033723
UBFC_PHYS_s04_T3_test,143,112,146.73333333333332,1.6725722551345825,-0.967805034210079
UBFC_PHYS_s04_T3_test,143,113,146.76666666666668,1.261242389678955,-0.709173267910201
UBFC_PHYS_s04_T3_test,143,114,146.8,0.7835811376571655,-0.42151108311024416
UBFC_PHYS_s04_T3_test,143,115,146.83333333333334,0.32625681161880493,-0.2047221436090477
UBFC_PHYS_s04_T3_test,143,116,146.86666666666667,0.0484769344329834,-0.12047294504076869
UBFC_PHYS_s04_T3_test,143,117,146.9,-0.013391599990427494,-0.1767531016192647
UBFC_PHYS_s04_T3_test,143,118,146.93333333333334,-0.020125126466155052,-0.3300583004697955
UBFC_PHYS_s04_T3_test,143,119,146.96666666666667,-0.17629225552082062,-0.504383155771327
UBFC_PHYS_s04_T3_test,143,120,147.0,-0.526153028011322,-0.6207987006220849
UBFC_PHYS_s04_T3_test,143,121,147.03333333333333,-0.8526071906089783,-0.627561800056691
UBFC_PHYS_s04_T3_test,143,122,147.06666666666666,-0.8362752199172974,-0.5200974166983324
UBFC_PHYS_s04_T3_test,143,123,147.1,-0.39047878980636597,-0.3431460369262063
UBFC_PHYS_s04_T3_test,143,124,147.13333333333333,0.26278039813041687,-0.17320303841661006
UBFC_PHYS_s04_T3_test,143,125,147.16666666666666,0.8405773639678955,-0.08681397094967229
UBFC_PHYS_s04_T3_test,143,126,147.2,1.218142032623291,-0.12686664293707062
UBFC_PHYS_s04_T3_test,143,127,147.23333333333332,1.4319289922714233,-0.28096830590168337
UBFC_PHYS_s04_T3_test,143,128,147.26666666666668,1.5636956691741943,-0.4813514093726279
UBFC_PHYS_s04_T3_test,143,129,147.3,1.6301636695861816,-0.6270488145165612
UBFC_PHYS_s04_T3_test,143,130,147.33333333333334,1.6085500717163086,-0.6205595971019768
UBFC_PHYS_s04_T3_test,143,131,147.36666666666667,1.5173892974853516,-0.40560358652069994
UBFC_PHYS_s04_T3_test,143,132,147.4,1.3932234048843384,0.008520343502168338
UBFC_PHYS_s04_T3_test,143,133,147.43333333333334,1.264974594116211,0.5457418094337224
UBFC_PHYS_s04_T3_test,143,134,147.46666666666667,1.1519371271133423,1.0854979626625747
UBFC_PHYS_s04_T3_test,143,135,147.5,1.009207844734192,1.4993044612096273
UBFC_PHYS_s04_T3_test,143,136,147.53333333333333,0.7904218435287476,1.68786407126636
UBFC_PHYS_s04_T3_test,143,137,147.56666666666666,0.583183228969574,1.6068537421633409
UBFC_PHYS_s04_T3_test,143,138,147.6,0.4486783444881439,1.275906088303762
UBFC_PHYS_s04_T3_test,143,139,147.63333333333333,0.28874003887176514,0.7715876442666565
UBFC_PHYS_s04_T3_test,143,140,147.66666666666666,0.02519705891609192,0.20811532573707328
UBFC_PHYS_s04_T3_test,143,141,147.7,-0.27655455470085144,-0.28963154263064816
UBFC_PHYS_s04_T3_test,143,142,147.73333333333332,-0.528939962387085,-0.615249016683237
UBFC_PHYS_s04_T3_test,143,143,147.76666666666668,-0.6947640180587769,-0.705717231479568
UBFC_PHYS_s04_T3_test,143,144,147.8,-0.789462149143219,-0.5563103885478103
UBFC_PHYS_s04_T3_test,143,145,147.83333333333334,-0.9228560924530029,-0.22166630658599498
UBFC_PHYS_s04_T3_test,143,146,147.86666666666667,-1.1915637254714966,0.19806913523140682
UBFC_PHYS_s04_T3_test,143,147,147.9,-1.4782111644744873,0.5833531432977728
UBFC_PHYS_s04_T3_test,143,148,147.93333333333334,-1.5018223524093628,0.8267237657642013
UBFC_PHYS_s04_T3_test,143,149,147.96666666666667,-1.1326088905334473,0.8603963395258908
UBFC_PHYS_s04_T3_test,143,150,148.0,-0.5593333840370178,0.6720898864870937
UBFC_PHYS_s04_T3_test,143,151,148.03333333333333,-0.10407494753599167,0.3054190024056045
UBFC_PHYS_s04_T3_test,143,152,148.06666666666666,0.07215633988380432,-0.15395913320802118
UBFC_PHYS_s04_T3_test,143,153,148.1,0.007452122401446104,-0.6016623102419469
UBFC_PHYS_s04_T3_test,143,154,148.13333333333333,-0.1437550038099289,-0.9411136180569457
UBFC_PHYS_s04_T3_test,143,155,148.16666666666666,-0.22884494066238403,-1.1072187460714529
UBFC_PHYS_s04_T3_test,143,156,148.2,-0.22177034616470337,-1.0820758793675058
UBFC_PHYS_s04_T3_test,143,157,148.23333333333332,-0.19797401130199432,-0.8989100637305438
UBFC_PHYS_s04_T3_test,143,158,148.26666666666668,-0.19397872686386108,-0.6323102962116735
UBFC_PHYS_s04_T3_test,143,159,148.3,-0.19154256582260132,-0.37592793038353367
UBFC_PHYS_s04_T3_test,143,160,148.33333333333334,-0.21003784239292145,-0.21298982016687507
UBFC_PHYS_s04_T3_test,143,161,148.36666666666667,-0.28560730814933777,-0.18866968186873628
UBFC_PHYS_s04_T3_test,143,162,148.4,-0.3991904854774475,-0.29428921260015983
UBFC_PHYS_s04_T3_test,143,163,148.43333333333334,-0.5114386677742004,-0.46991214876315013
UBFC_PHYS_s04_T3_test,143,164,148.46666666666667,-0.6411686539649963,-0.6248289933014987
UBFC_PHYS_s04_T3_test,143,165,148.5,-0.8250689506530762,-0.6685130091012461
UBFC_PHYS_s04_T3_test,143,166,148.53333333333333,-1.0077121257781982,-0.5414994176328823
UBFC_PHYS_s04_T3_test,143,167,148.56666666666666,-1.0875204801559448,-0.23655242906435428
UBFC_PHYS_s04_T3_test,143,168,148.6,-1.0883780717849731,0.1960574964948217
UBFC_PHYS_s04_T3_test,143,169,148.63333333333333,-1.1602153778076172,0.6604901060494459
UBFC_PHYS_s04_T3_test,143,170,148.66666666666666,-1.351131796836853,1.0407283808916161
UBFC_PHYS_s04_T3_test,143,171,148.7,-1.4513161182403564,1.2320815160163112
UBFC_PHYS_s04_T3_test,143,172,148.73333333333332,-1.1687126159667969,1.170456867009154
UBFC_PHYS_s04_T3_test,143,173,148.76666666666668,-0.4497455060482025,0.8521354162606125
UBFC_PHYS_s04_T3_test,143,174,148.8,0.4202045798301697,0.3390061952277555
UBFC_PHYS_s04_T3_test,143,175,148.83333333333334,1.1078232526779175,-0.25255901471402004
UBFC_PHYS_s04_T3_test,143,176,148.86666666666667,1.5501993894577026,-0.7770562047567949
UBFC_PHYS_s04_T3_test,143,177,148.9,1.9152811765670776,-1.0940039036707945
UBFC_PHYS_s04_T3_test,143,178,148.93333333333334,2.2625110149383545,-1.103840506922537
UBFC_PHYS_s04_T3_test,143,179,148.96666666666667,2.424222707748413,-0.7776788455862825
UBFC_PHYS_s04_T3_test,143,180,149.0,2.2893574237823486,-0.17242748559318669
UBFC_PHYS_s04_T3_test,143,181,149.03333333333333,1.9780852794647217,0.576175015466908
UBFC_PHYS_s04_T3_test,143,182,149.06666666666666,1.6680896282196045,1.2853790426601985
UBFC_PHYS_s04_T3_test,143,183,149.1,1.4360218048095703,1.7758891661302274
UBFC_PHYS_s04_T3_test,143,184,149.13333333333333,1.269554615020752,1.9246292432791592
UBFC_PHYS_s04_T3_test,143,185,149.16666666666666,1.0492582321166992,1.6998668652273718
UBFC_PHYS_s04_T3_test,143,186,149.2,0.6548938155174255,1.1662726613978875
UBFC_PHYS_s04_T3_test,143,187,149.23333333333332,0.16836488246917725,0.46070357304477577
UBFC_PHYS_s04_T3_test,143,188,149.26666666666668,-0.19641487300395966,-0.25012419145010123
UBFC_PHYS_s04_T3_test,143,189,149.3,-0.4398839771747589,-0.8151629470881074
UBFC_PHYS_s04_T3_test,143,190,149.33333333333334,-0.8179066181182861,-1.1351026581560413
UBFC_PHYS_s04_T3_test,143,191,149.36666666666667,-1.466030478477478,-1.181411306745288
UBFC_PHYS_s04_T3_test,143,192,149.4,-2.199263572692871,-0.9957419863727675
UBFC_PHYS_s04_T3_test,143,193,149.43333333333334,-2.7712039947509766,-0.6714209309011204
UBFC_PHYS_s04_T3_test,143,194,149.46666666666667,-3.11669921875,-0.3228096565006636
UBFC_PHYS_s04_T3_test,143,195,149.5,-3.2033872604370117,-0.05155776244481443
UBFC_PHYS_s04_T3_test,143,196,149.53333333333333,-2.952648639678955,0.08018032727818672
UBFC_PHYS_s04_T3_test,143,197,149.56666666666666,-2.4684975147247314,0.06179462727674806
UBFC_PHYS_s04_T3_test,143,198,149.6,-1.897950530052185,-0.07075833769416734
UBFC_PHYS_s04_T3_test,143,199,149.63333333333333,-1.2192773818969727,-0.25309796622071956
UBFC_PHYS_s04_T3_test,143,200,149.66666666666666,-0.41472339630126953,-0.4159599197059165
UBFC_PHYS_s04_T3_test,143,201,149.7,0.3520020544528961,-0.5060639934487071
UBFC_PHYS_s04_T3_test,143,202,149.73333333333332,0.9126192331314087,-0.4989925433665215
UBFC_PHYS_s04_T3_test,143,203,149.76666666666668,1.2433903217315674,-0.4024253586639396
UBFC_PHYS_s04_T3_test,143,204,149.8,1.4016135931015015,-0.25068827518103154
UBFC_PHYS_s04_T3_test,143,205,149.83333333333334,1.4486898183822632,-0.09292921422601948
UBFC_PHYS_s04_T3_test,143,206,149.86666666666667,1.4406017065048218,0.022020398878523882
UBFC_PHYS_s04_T3_test,143,207,149.9,1.4359632730484009,0.06064707334922425
UBFC_PHYS_s04_T3_test,143,208,149.93333333333334,1.4765690565109253,0.016134133168014084
UBFC_PHYS_s04_T3_test,143,209,149.96666666666667,1.525253176689148,-0.08706547772667046
UBFC_PHYS_s04_T3_test,143,210,150.0,1.4914199113845825,-0.19779554533801516
UBFC_PHYS_s04_T3_test,143,211,150.03333333333333,1.3770474195480347,-0.252292885427356
UBFC_PHYS_s04_T3_test,143,212,150.06666666666666,1.2722440958023071,-0.19509358286029543
UBFC_PHYS_s04_T3_test,143,213,150.1,1.1537399291992188,-0.0008126425014974891
UBFC_PHYS_s04_T3_test,143,214,150.13333333333333,0.8991424441337585,0.31091933737484384
UBFC_PHYS_s04_T3_test,143,215,150.16666666666666,0.473302960395813,0.6743187158345462
UBFC_PHYS_s04_T3_test,143,216,150.2,-0.012631519697606564,0.9932575221925065
UBFC_PHYS_s04_T3_test,143,217,150.23333333333332,-0.3730749189853668,1.1705317025250164
UBFC_PHYS_s04_T3_test,143,218,150.26666666666668,-0.45362386107444763,1.1400572296069564
UBFC_PHYS_s04_T3_test,143,219,150.3,-0.2824597954750061,0.8892044810277125
UBFC_PHYS_s04_T3_test,143,220,150.33333333333334,-0.03482974320650101,0.4636306447712996
UBFC_PHYS_s04_T3_test,143,221,150.36666666666667,0.1736951768398285,-0.04497483728221094
UBFC_PHYS_s04_T3_test,143,222,150.4,0.3222127854824066,-0.5226697339445185
UBFC_PHYS_s04_T3_test,143,223,150.43333333333334,0.3960769474506378,-0.8617219547739708
UBFC_PHYS_s04_T3_test,143,224,150.46666666666667,0.39811354875564575,-0.987524835055064
UBFC_PHYS_s04_T3_test,143,225,150.5,0.382872998714447,-0.8783671604999304
UBFC_PHYS_s04_T3_test,143,226,150.53333333333333,0.3825611472129822,-0.5727170464738981
UBFC_PHYS_s04_T3_test,143,227,150.56666666666666,0.3667651414871216,-0.16016665032630167
UBFC_PHYS_s04_T3_test,143,228,150.6,0.3207511007785797,0.24357222446676519
UBFC_PHYS_s04_T3_test,143,229,150.63333333333333,0.26136744022369385,0.5309950119649518
UBFC_PHYS_s04_T3_test,143,230,150.66666666666666,0.18861417472362518,0.6345916579366718
UBFC_PHYS_s04_T3_test,143,231,150.7,0.09427659958600998,0.5441899099463864
UBFC_PHYS_s04_T3_test,143,232,150.73333333333332,-0.019998446106910706,0.30451662800616924
UBFC_PHYS_s04_T3_test,143,233,150.76666666666668,-0.1573682278394699,-0.003643914610732043
UBFC_PHYS_s04_T3_test,143,234,150.8,-0.3082732558250427,-0.28995975715435135
UBFC_PHYS_s04_T3_test,143,235,150.83333333333334,-0.46773406863212585,-0.4794347637390179
UBFC_PHYS_s04_T3_test,143,236,150.86666666666667,-0.6449885368347168,-0.5291704936824242
UBFC_PHYS_s04_T3_test,143,237,150.9,-0.7604329586029053,-0.4345439590744859
UBFC_PHYS_s04_T3_test,143,238,150.93333333333334,-0.672984778881073,-0.22578220352743572
UBFC_PHYS_s04_T3_test,143,239,150.96666666666667,-0.40355604887008667,0.04209041069743121
UBFC_PHYS_s04_T3_test,144,0,144.0,0.07840263098478317,0.08091398095867014
UBFC_PHYS_s04_T3_test,144,1,144.03333333333333,-0.024461477994918823,0.33410745236401307
UBFC_PHYS_s04_T3_test,144,2,144.06666666666666,-0.17050395905971527,0.5685978198070836
UBFC_PHYS_s04_T3_test,144,3,144.1,-0.30187106132507324,0.7634303368216211
UBFC_PHYS_s04_T3_test,144,4,144.13333333333333,-0.3926031291484833,0.898488343832319
UBFC_PHYS_s04_T3_test,144,5,144.16666666666666,-0.47626060247421265,0.9580885454194841
UBFC_PHYS_s04_T3_test,144,6,144.2,-0.596168041229248,0.9352301341929422
UBFC_PHYS_s04_T3_test,144,7,144.23333333333332,-0.7620018124580383,0.8346286733415018
UBFC_PHYS_s04_T3_test,144,8,144.26666666666668,-0.9000049829483032,0.6733128791582568
UBFC_PHYS_s04_T3_test,144,9,144.3,-0.8566414713859558,0.4784735864752694
UBFC_PHYS_s04_T3_test,144,10,144.33333333333334,-0.5949012637138367,0.2826659923350386
UBFC_PHYS_s04_T3_test,144,11,144.36666666666667,-0.27374809980392456,0.11685994514567187
UBFC_PHYS_s04_T3_test,144,12,144.4,-0.040520597249269485,0.0027243944555309096
UBFC_PHYS_s04_T3_test,144,13,144.43333333333334,0.1095171719789505,-0.053753090368614094
UBFC_PHYS_s04_T3_test,144,14,144.46666666666667,0.20910708606243134,-0.06537686299551934
UBFC_PHYS_s04_T3_test,144,15,144.5,0.2457663118839264,-0.06222800542780099
UBFC_PHYS_s04_T3_test,144,16,144.53333333333333,0.22711513936519623,-0.08468487760203405
UBFC_PHYS_s04_T3_test,144,17,144.56666666666666,0.18988098204135895,-0.17123128506151353
UBFC_PHYS_s04_T3_test,144,18,144.6,0.16648416221141815,-0.3434384236081156
UBFC_PHYS_s04_T3_test,144,19,144.63333333333333,0.17813871800899506,-0.5927433753848985
UBFC_PHYS_s04_T3_test,144,20,144.66666666666666,0.19957686960697174,-0.8745496349186442
UBFC_PHYS_s04_T3_test,144,21,144.7,0.17078153789043427,-1.1139959385943665
UBFC_PHYS_s04_T3_test,144,22,144.73333333333332,0.07210761308670044,-1.22449269383491
UBFC_PHYS_s04_T3_test,144,23,144.76666666666668,-0.06590530276298523,-1.1354970781069462
UBFC_PHYS_s04_T3_test,144,24,144.8,-0.22220885753631592,-0.8214055831321214
UBFC_PHYS_s04_T3_test,144,25,144.83333333333334,-0.3972805440425873,-0.3208494900304777
UBFC_PHYS_s04_T3_test,144,26,144.86666666666667,-0.5889180302619934,0.2631534291259742
UBFC_PHYS_s04_T3_test,144,27,144.9,-0.7756345272064209,0.7861354792802553
UBFC_PHYS_s04_T3_test,144,28,144.93333333333334,-0.8668538331985474,1.1034444911672392
UBFC_PHYS_s04_T3_test,144,29,144.96666666666667,-0.7332162261009216,1.1169666931380848
UBFC_PHYS_s04_T3_test,144,30,145.0,-0.3750140964984894,0.8109150024000635
UBFC_PHYS_s04_T3_test,144,31,145.03333333333333,0.0330999381840229,0.26336243741565896
UBFC_PHYS_s04_T3_test,144,32,145.06666666666666,0.33727794885635376,-0.371240736944486
UBFC_PHYS_s04_T3_test,144,33,145.1,0.5186933875083923,-0.9037130492720666
UBFC_PHYS_s04_T3_test,144,34,145.13333333333333,0.5988525152206421,-1.1644771670289276
UBFC_PHYS_s04_T3_test,144,35,145.16666666666666,0.5873149037361145,-1.0557746521319988
UBFC_PHYS_s04_T3_test,144,36,145.2,0.5147175788879395,-0.5861367313807633
UBFC_PHYS_s04_T3_test,144,37,145.23333333333332,0.4361467659473419,0.12575430002349364
UBFC_PHYS_s04_T3_test,144,38,145.26666666666668,0.38512399792671204,0.8829238248421392
UBFC_PHYS_s04_T3_test,144,39,145.3,0.34948796033859253,1.4703242688983948
UBFC_PHYS_s04_T3_test,144,40,145.33333333333334,0.29224810004234314,1.7230077735301064
UBFC_PHYS_s04_T3_test,144,41,145.36666666666667,0.18089644610881805,1.5768297607049675
UBFC_PHYS_s04_T3_test,144,42,145.4,0.020548878237605095,1.0842348301872045
UBFC_PHYS_s04_T3_test,144,43,145.43333333333334,-0.14909504354000092,0.3928229792350746
UBFC_PHYS_s04_T3_test,144,44,145.46666666666667,-0.3107971251010895,-0.30261446150406335
UBFC_PHYS_s04_T3_test,144,45,145.5,-0.492241770029068,-0.8176067068564876
UBFC_PHYS_s04_T3_test,144,46,145.53333333333333,-0.7194373607635498,-1.028467798860455
UBFC_PHYS_s04_T3_test,144,47,145.56666666666666,-0.9399774074554443,-0.9035060700691641
UBFC_PHYS_s04_T3_test,144,48,145.6,-1.0031322240829468,-0.5083513164851671
UBFC_PHYS_s04_T3_test,144,49,145.63333333333333,-0.7844728827476501,0.015294888293636594
UBFC_PHYS_s04_T3_test,144,50,145.66666666666666,-0.36307695508003235,0.49189795261343794
UBFC_PHYS_s04_T3_test,144,51,145.7,0.04814561456441879,0.7639195743462753
UBFC_PHYS_s04_T3_test,144,52,145.73333333333332,0.34370940923690796,0.7382943727362694
UBFC_PHYS_s04_T3_test,144,53,145.76666666666668,0.5532770156860352,0.4136621992423865
UBFC_PHYS_s04_T3_test,144,54,145.8,0.6919330358505249,-0.11933381311595079
UBFC_PHYS_s04_T3_test,144,55,145.83333333333334,0.7553120255470276,-0.7041653611618292
UBFC_PHYS_s04_T3_test,144,56,145.86666666666667,0.7767014503479004,-1.1637059360643722
UBFC_PHYS_s04_T3_test,144,57,145.9,0.7711275219917297,-1.3527249954460023
UBFC_PHYS_s04_T3_test,144,58,145.93333333333334,0.7091225385665894,-1.2028506400390864
UBFC_PHYS_s04_T3_test,144,59,145.96666666666667,0.5966989994049072,-0.7461464680259512
UBFC_PHYS_s04_T3_test,144,60,146.0,0.4685281217098236,-0.10917473208005249
UBFC_PHYS_s04_T3_test,144,61,146.03333333333333,0.2736358940601349,0.5218871840940259
UBFC_PHYS_s04_T3_test,144,62,146.06666666666666,-0.07724802941083908,0.9558978700528962
UBFC_PHYS_s04_T3_test,144,63,146.1,-0.5315027832984924,1.0555362321789585
UBFC_PHYS_s04_T3_test,144,64,146.13333333333333,-0.9022462368011475,0.782032886711647
UBFC_PHYS_s04_T3_test,144,65,146.16666666666666,-1.0926072597503662,0.21098559471402514
UBFC_PHYS_s04_T3_test,144,66,146.2,-1.2295774221420288,-0.4864937072457685
UBFC_PHYS_s04_T3_test,144,67,146.23333333333332,-1.511128544807434,-1.0921921242979655
UBFC_PHYS_s04_T3_test,144,68,146.26666666666668,-1.9279249906539917,-1.4053850549569165
UBFC_PHYS_s04_T3_test,144,69,146.3,-2.198854446411133,-1.3055556238435024
UBFC_PHYS_s04_T3_test,144,70,146.33333333333334,-2.0821237564086914,-0.7940990494515325
UBFC_PHYS_s04_T3_test,144,71,146.36666666666667,-1.607629418373108,0.0004502882769781783
UBFC_PHYS_s04_T3_test,144,72,146.4,-0.9879598617553711,0.8594397542286093
UBFC_PHYS_s04_T3_test,144,73,146.43333333333334,-0.40979260206222534,1.5440651820669988
UBFC_PHYS_s04_T3_test,144,74,146.46666666666667,0.05314460024237633,1.8735491704889755
UBFC_PHYS_s04_T3_test,144,75,146.5,0.41678422689437866,1.7812137679040632
UBFC_PHYS_s04_T3_test,144,76,146.53333333333333,0.7437549233436584,1.3282490373129663
UBFC_PHYS_s04_T3_test,144,77,146.56666666666666,1.122372031211853,0.6739253083466358
UBFC_PHYS_s04_T3_test,144,78,146.6,1.5882422924041748,0.017363450027281988
UBFC_PHYS_s04_T3_test,144,79,146.63333333333333,2.0102620124816895,-0.466590102626795
UBFC_PHYS_s04_T3_test,144,80,146.66666666666666,2.1683292388916016,-0.6769274867213532
UBFC_PHYS_s04_T3_test,144,81,146.7,2.0090925693511963,-0.6088166392567224
UBFC_PHYS_s04_T3_test,144,82,146.73333333333332,1.6725722551345825,-0.34505997122542187
UBFC_PHYS_s04_T3_test,144,83,146.76666666666668,1.261242389678955,-0.021552231367123583
UBFC_PHYS_s04_T3_test,144,84,146.8,0.7835811376571655,0.22112966899033942
UBFC_PHYS_s04_T3_test,144,85,146.83333333333334,0.32625681161880493,0.28406565523458216
UBFC_PHYS_s04_T3_test,144,86,146.86666666666667,0.0484769344329834,0.1397467621175201
UBFC_PHYS_s04_T3_test,144,87,146.9,-0.013391599990427494,-0.1632010620649893
UBFC_PHYS_s04_T3_test,144,88,146.93333333333334,-0.020125126466155052,-0.5203593123857365
UBFC_PHYS_s04_T3_test,144,89,146.96666666666667,-0.17629225552082062,-0.8092000239305719
UBFC_PHYS_s04_T3_test,144,90,147.0,-0.526153028011322,-0.9316454561063608
UBFC_PHYS_s04_T3_test,144,91,147.03333333333333,-0.8526071906089783,-0.8480332906856
UBFC_PHYS_s04_T3_test,144,92,147.06666666666666,-0.8362752199172974,-0.5914713382225479
UBFC_PHYS_s04_T3_test,144,93,147.1,-0.39047878980636597,-0.25699173026347816
UBFC_PHYS_s04_T3_test,144,94,147.13333333333333,0.26278039813041687,0.03243402505282522
UBFC_PHYS_s04_T3_test,144,95,147.16666666666666,0.8405773639678955,0.17234006021961903
UBFC_PHYS_s04_T3_test,144,96,147.2,1.218142032623291,0.11828258239487756
UBFC_PHYS_s04_T3_test,144,97,147.23333333333332,1.4319289922714233,-0.09493897108564185
UBFC_PHYS_s04_T3_test,144,98,147.26666666666668,1.5636956691741943,-0.3649161446269348
UBFC_PHYS_s04_T3_test,144,99,147.3,1.6301636695861816,-0.5598358655929154
UBFC_PHYS_s04_T3_test,144,100,147.33333333333334,1.6085500717163086,-0.5687285851783661
UBFC_PHYS_s04_T3_test,144,101,147.36666666666667,1.5173892974853516,-0.3446847606735045
UBFC_PHYS_s04_T3_test,144,102,147.4,1.3932234048843384,0.0760059983844655
UBFC_PHYS_s04_T3_test,144,103,147.43333333333334,1.264974594116211,0.5866834150121778
UBFC_PHYS_s04_T3_test,144,104,147.46666666666667,1.1519371271133423,1.0491501475850413
UBFC_PHYS_s04_T3_test,144,105,147.5,1.009207844734192,1.3412767312847949
UBFC_PHYS_s04_T3_test,144,106,147.53333333333333,0.7904218435287476,1.393987337545565
UBFC_PHYS_s04_T3_test,144,107,147.56666666666666,0.583183228969574,1.2054851494039511
UBFC_PHYS_s04_T3_test,144,108,147.6,0.4486783444881439,0.832354029034036
UBFC_PHYS_s04_T3_test,144,109,147.63333333333333,0.28874003887176514,0.36618276475168227
UBFC_PHYS_s04_T3_test,144,110,147.66666666666666,0.02519705891609192,-0.09381617880170622
UBFC_PHYS_s04_T3_test,144,111,147.7,-0.27655455470085144,-0.46456195305504544
UBFC_PHYS_s04_T3_test,144,112,147.73333333333332,-0.528939962387085,-0.6947060094231627
UBFC_PHYS_s04_T3_test,144,113,147.76666666666668,-0.6947640180587769,-0.7701421337653633
UBFC_PHYS_s04_T3_test,144,114,147.8,-0.789462149143219,-0.7102456550799353
UBFC_PHYS_s04_T3_test,144,115,147.83333333333334,-0.9228560924530029,-0.5577753023269205
UBFC_PHYS_s04_T3_test,144,116,147.86666666666667,-1.1915637254714966,-0.3659340393830661
UBFC_PHYS_s04_T3_test,144,117,147.9,-1.4782111644744873,-0.18558296795419985
UBFC_PHYS_s04_T3_test,144,118,147.93333333333334,-1.5018223524093628,-0.05491583711887221
UBFC_PHYS_s04_T3_test,144,119,147.96666666666667,-1.1326088905334473,0.006775412679773241
UBFC_PHYS_s04_T3_test,144,120,148.0,-0.5593333840370178,0.000488913335668493
UBFC_PHYS_s04_T3_test,144,121,148.03333333333333,-0.10407494753599167,-0.05552920802638932
UBFC_PHYS_s04_T3_test,144,122,148.06666666666666,0.07215633988380432,-0.1317016707622593
UBFC_PHYS_s04_T3_test,144,123,148.1,0.007452122401446104,-0.19412499573577024
UBFC_PHYS_s04_T3_test,144,124,148.13333333333333,-0.1437550038099289,-0.21177907209269606
UBFC_PHYS_s04_T3_test,144,125,148.16666666666666,-0.22884494066238403,-0.1637115957900234
UBFC_PHYS_s04_T3_test,144,126,148.2,-0.22177034616470337,-0.0452807402966779
UBFC_PHYS_s04_T3_test,144,127,148.23333333333332,-0.19797401130199432,0.12852097906866686
UBFC_PHYS_s04_T3_test,144,128,148.26666666666668,-0.19397872686386108,0.3246327261818997
UBFC_PHYS_s04_T3_test,144,129,148.3,-0.19154256582260132,0.49917149917761194
UBFC_PHYS_s04_T3_test,144,130,148.33333333333334,-0.21003784239292145,0.6093147483545578
UBFC_PHYS_s04_T3_test,144,131,148.36666666666667,-0.28560730814933777,0.6265359005357806
UBFC_PHYS_s04_T3_test,144,132,148.4,-0.3991904854774475,0.5461300755860968
UBFC_PHYS_s04_T3_test,144,133,148.43333333333334,-0.5114386677742004,0.38873608314097063
UBFC_PHYS_s04_T3_test,144,134,148.46666666666667,-0.6411686539649963,0.19348301954852792
UBFC_PHYS_s04_T3_test,144,135,148.5,-0.8250689506530762,0.006384703168278261
UBFC_PHYS_s04_T3_test,144,136,148.53333333333333,-1.0077121257781982,-0.13146909433611886
UBFC_PHYS_s04_T3_test,144,137,148.56666666666666,-1.0875204801559448,-0.19307404117993587
UBFC_PHYS_s04_T3_test,144,138,148.6,-1.0883780717849731,-0.17128622471045055
UBFC_PHYS_s04_T3_test,144,139,148.63333333333333,-1.1602153778076172,-0.08148375994152843
UBFC_PHYS_s04_T3_test,144,140,148.66666666666666,-1.351131796836853,0.039031387334482
UBFC_PHYS_s04_T3_test,144,141,148.7,-1.4513161182403564,0.13607658424617106
UBFC_PHYS_s04_T3_test,144,142,148.73333333333332,-1.1687126159667969,0.14955851370993664
UBFC_PHYS_s04_T3_test,144,143,148.76666666666668,-0.4497455060482025,0.03031829725920454
UBFC_PHYS_s04_T3_test,144,144,148.8,0.4202045798301697,-0.24041102679957876
UBFC_PHYS_s04_T3_test,144,145,148.83333333333334,1.1078232526779175,-0.6351925831955252
UBFC_PHYS_s04_T3_test,144,146,148.86666666666667,1.5501993894577026,-1.075282401314993
UBFC_PHYS_s04_T3_test,144,147,148.9,1.9152811765670776,-1.4416035005723993
UBFC_PHYS_s04_T3_test,144,148,148.93333333333334,2.2625110149383545,-1.6032815775415112
UBFC_PHYS_s04_T3_test,144,149,148.96666666666667,2.424222707748413,-1.4589978323476551
UBFC_PHYS_s04_T3_test,144,150,149.0,2.2893574237823486,-0.978992912735979
UBFC_PHYS_s04_T3_test,144,151,149.03333333333333,1.9780852794647217,-0.23071954769276612
UBFC_PHYS_s04_T3_test,144,152,149.06666666666666,1.6680896282196045,0.6268683689707703
UBFC_PHYS_s04_T3_test,144,153,149.1,1.4360218048095703,1.3846179837107613
UBFC_PHYS_s04_T3_test,144,154,149.13333333333333,1.269554615020752,1.847944585091542
UBFC_PHYS_s04_T3_test,144,155,149.16666666666666,1.0492582321166992,1.900571318398183
UBFC_PHYS_s04_T3_test,144,156,149.2,0.6548938155174255,1.5425473457464822
UBFC_PHYS_s04_T3_test,144,157,149.23333333333332,0.16836488246917725,0.8891495213648906
UBFC_PHYS_s04_T3_test,144,158,149.26666666666668,-0.19641487300395966,0.1332890930713288
UBFC_PHYS_s04_T3_test,144,159,149.3,-0.4398839771747589,-0.5134695506899911
UBFC_PHYS_s04_T3_test,144,160,149.33333333333334,-0.8179066181182861,-0.882084035383604
UBFC_PHYS_s04_T3_test,144,161,149.36666666666667,-1.466030478477478,-0.8925789290740915
UBFC_PHYS_s04_T3_test,144,162,149.4,-2.199263572692871,-0.5740054552288891
UBFC_PHYS_s04_T3_test,144,163,149.43333333333334,-2.7712039947509766,-0.05235510483010239
UBFC_PHYS_s04_T3_test,144,164,149.46666666666667,-3.11669921875,0.49056960151746215
UBFC_PHYS_s04_T3_test,144,165,149.5,-3.2033872604370117,0.8750663085268654
UBFC_PHYS_s04_T3_test,144,166,149.53333333333333,-2.952648639678955,0.9791268148452242
UBFC_PHYS_s04_T3_test,144,167,149.56666666666666,-2.4684975147247314,0.7729466264009811
UBFC_PHYS_s04_T3_test,144,168,149.6,-1.897950530052185,0.3225552795339066
UBFC_PHYS_s04_T3_test,144,169,149.63333333333333,-1.2192773818969727,-0.23533867668487318
UBFC_PHYS_s04_T3_test,144,170,149.66666666666666,-0.41472339630126953,-0.7370303666077028
UBFC_PHYS_s04_T3_test,144,171,149.7,0.3520020544528961,-1.0404783273872538
UBFC_PHYS_s04_T3_test,144,172,149.73333333333332,0.9126192331314087,-1.0654653184755372
UBFC_PHYS_s04_T3_test,144,173,149.76666666666668,1.2433903217315674,-0.8147730055838179
UBFC_PHYS_s04_T3_test,144,174,149.8,1.4016135931015015,-0.37140050418413667
UBFC_PHYS_s04_T3_test,144,175,149.83333333333334,1.4486898183822632,0.12680391792645346
UBFC_PHYS_s04_T3_test,144,176,149.86666666666667,1.4406017065048218,0.5282348789427992
UBFC_PHYS_s04_T3_test,144,177,149.9,1.4359632730484009,0.7132363230294075
UBFC_PHYS_s04_T3_test,144,178,149.93333333333334,1.4765690565109253,0.6309269189927306
UBFC_PHYS_s04_T3_test,144,179,149.96666666666667,1.525253176689148,0.31514666862485574
UBFC_PHYS_s04_T3_test,144,180,150.0,1.4914199113845825,-0.1261152481830516
UBFC_PHYS_s04_T3_test,144,181,150.03333333333333,1.3770474195480347,-0.5446771582992502
UBFC_PHYS_s04_T3_test,144,182,150.06666666666666,1.2722440958023071,-0.798875534438271
UBFC_PHYS_s04_T3_test,144,183,150.1,1.1537399291992188,-0.7985701815448014
UBFC_PHYS_s04_T3_test,144,184,150.13333333333333,0.8991424441337585,-0.5345941878785752
UBFC_PHYS_s04_T3_test,144,185,150.16666666666666,0.473302960395813,-0.08311165760457205
UBFC_PHYS_s04_T3_test,144,186,150.2,-0.012631519697606564,0.41770881996711645
UBFC_PHYS_s04_T3_test,144,187,150.23333333333332,-0.3730749189853668,0.8122301252229506
UBFC_PHYS_s04_T3_test,144,188,150.26666666666668,-0.45362386107444763,0.977747509264731
UBFC_PHYS_s04_T3_test,144,189,150.3,-0.2824597954750061,0.8625073352898185
UBFC_PHYS_s04_T3_test,144,190,150.33333333333334,-0.03482974320650101,0.49929766304073786
UBFC_PHYS_s04_T3_test,144,191,150.36666666666667,0.1736951768398285,-0.00700582454707876
UBFC_PHYS_s04_T3_test,144,192,150.4,0.3222127854824066,-0.5115667274858473
UBFC_PHYS_s04_T3_test,144,193,150.43333333333334,0.3960769474506378,-0.8712600167452665
UBFC_PHYS_s04_T3_test,144,194,150.46666666666667,0.39811354875564575,-0.9849660355975342
UBFC_PHYS_s04_T3_test,144,195,150.5,0.382872998714447,-0.8223643604135351
UBFC_PHYS_s04_T3_test,144,196,150.53333333333333,0.3825611472129822,-0.4331160654070873
UBFC_PHYS_s04_T3_test,144,197,150.56666666666666,0.3667651414871216,0.06754058237642693
UBFC_PHYS_s04_T3_test,144,198,150.6,0.3207511007785797,0.5339801622754038
UBFC_PHYS_s04_T3_test,144,199,150.63333333333333,0.26136744022369385,0.8355939975649834
UBFC_PHYS_s04_T3_test,144,200,150.66666666666666,0.18861417472362518,0.8965756948008282
UBFC_PHYS_s04_T3_test,144,201,150.7,0.09427659958600998,0.7156788208768282
UBFC_PHYS_s04_T3_test,144,202,150.73333333333332,-0.019998446106910706,0.36040254267991445
UBFC_PHYS_s04_T3_test,144,203,150.76666666666668,-0.1573682278394699,-0.05932177315900531
UBFC_PHYS_s04_T3_test,144,204,150.8,-0.3082732558250427,-0.42679837018324907
UBFC_PHYS_s04_T3_test,144,205,150.83333333333334,-0.46773406863212585,-0.6518670188726676
UBFC_PHYS_s04_T3_test,144,206,150.86666666666667,-0.6449885368347168,-0.6929570976944521
UBFC_PHYS_s04_T3_test,144,207,150.9,-0.7604329586029053,-0.5635021575333287
UBFC_PHYS_s04_T3_test,144,208,150.93333333333334,-0.672984778881073,-0.32302717345961
UBFC_PHYS_s04_T3_test,144,209,150.96666666666667,-0.40355604887008667,-0.056759562337775966
UBFC_PHYS_s04_T3_test,144,210,151.0,-0.1459670215845108,0.15057225627614368
UBFC_PHYS_s04_T3_test,144,211,151.03333333333333,-0.03394298255443573,0.24025271036652185
UBFC_PHYS_s04_T3_test,144,212,151.06666666666666,-0.0734768658876419,0.19752298181761355
UBFC_PHYS_s04_T3_test,144,213,151.1,-0.2517935037612915,0.05613530134316899
UBFC_PHYS_s04_T3_test,144,214,151.13333333333333,-0.5237070918083191,-0.11284368476234503
UBFC_PHYS_s04_T3_test,144,215,151.16666666666666,-0.8289667963981628,-0.22529465769828583
UBFC_PHYS_s04_T3_test,144,216,151.2,-1.1009485721588135,-0.21390380588706862
UBFC_PHYS_s04_T3_test,144,217,151.23333333333332,-1.1646783351898193,-0.05343856511949385
UBFC_PHYS_s04_T3_test,144,218,151.26666666666668,-0.8424046039581299,0.22802242815500767
UBFC_PHYS_s04_T3_test,144,219,151.3,-0.32055145502090454,0.5567498904015713
UBFC_PHYS_s04_T3_test,144,220,151.33333333333334,-0.0076910024508833885,0.8374586574209528
UBFC_PHYS_s04_T3_test,144,221,151.36666666666667,-0.011208807118237019,0.9846866055627518
UBFC_PHYS_s04_T3_test,144,222,151.4,-0.11892573535442352,0.9496110924636375
UBFC_PHYS_s04_T3_test,144,223,151.43333333333334,-0.2213415950536728,0.7331504447732716
UBFC_PHYS_s04_T3_test,144,224,151.46666666666667,-0.44981372356414795,0.3828090837057243
UBFC_PHYS_s04_T3_test,144,225,151.5,-0.9332340955734253,-0.02305289509662238
UBFC_PHYS_s04_T3_test,144,226,151.53333333333333,-1.5305689573287964,-0.3972917158652813
UBFC_PHYS_s04_T3_test,144,227,151.56666666666666,-1.8099956512451172,-0.6661907844967024
UBFC_PHYS_s04_T3_test,144,228,151.6,-1.5596274137496948,-0.7861180000458199
UBFC_PHYS_s04_T3_test,144,229,151.63333333333333,-1.331126093864441,-0.750389156420135
UBFC_PHYS_s04_T3_test,144,230,151.66666666666666,-1.9257227182388306,-0.5853806245029434
UBFC_PHYS_s04_T3_test,144,231,151.7,-3.0005922317504883,-0.33887146508465843
UBFC_PHYS_s04_T3_test,144,232,151.73333333333332,-3.2780895233154297,-0.0660917604334985
UBFC_PHYS_s04_T3_test,144,233,151.76666666666668,-2.505302906036377,0.1814357230999493
UBFC_PHYS_s04_T3_test,144,234,151.8,-1.6978157758712769,0.3622333463628687
UBFC_PHYS_s04_T3_test,144,235,151.83333333333334,-1.2480825185775757,0.44775434994840624
UBFC_PHYS_s04_T3_test,144,236,151.86666666666667,-0.8339560031890869,0.4244510532063043
UBFC_PHYS_s04_T3_test,144,237,151.9,-0.4507589638233185,0.2962102515720079
UBFC_PHYS_s04_T3_test,144,238,151.93333333333334,-0.20001064240932465,0.08562211534147046
UBFC_PHYS_s04_T3_test,144,239,151.96666666666667,0.061680879443883896,-0.16859265330745332
UBFC_PHYS_s04_T3_test,145,0,145.0,-0.3750140964984894,0.03186712167383427
UBFC_PHYS_s04_T3_test,145,1,145.03333333333333,0.0330999381840229,-0.2835868863408335
UBFC_PHYS_s04_T3_test,145,2,145.06666666666666,0.33727794885635376,-0.5138896777182581
UBFC_PHYS_s04_T3_test,145,3,145.1,0.5186933875083923,-0.5960306841616971
UBFC_PHYS_s04_T3_test,145,4,145.13333333333333,0.5988525152206421,-0.5065114205397585
UBFC_PHYS_s04_T3_test,145,5,145.16666666666666,0.5873149037361145,-0.2694503769915256
UBFC_PHYS_s04_T3_test,145,6,145.2,0.5147175788879395,0.0481518683208752
UBFC_PHYS_s04_T3_test,145,7,145.23333333333332,0.4361467659473419,0.3537211223651577
UBFC_PHYS_s04_T3_test,145,8,145.26666666666668,0.38512399792671204,0.5548706668791287
UBFC_PHYS_s04_T3_test,145,9,145.3,0.34948796033859253,0.5866807115551717
UBFC_PHYS_s04_T3_test,145,10,145.33333333333334,0.29224810004234314,0.4325367282117013
UBFC_PHYS_s04_T3_test,145,11,145.36666666666667,0.18089644610881805,0.13162830799881356
UBFC_PHYS_s04_T3_test,145,12,145.4,0.020548878237605095,-0.2306022193671242
UBFC_PHYS_s04_T3_test,145,13,145.43333333333334,-0.14909504354000092,-0.5476051853599879
UBFC_PHYS_s04_T3_test,145,14,145.46666666666667,-0.3107971251010895,-0.7250966805837311
UBFC_PHYS_s04_T3_test,145,15,145.5,-0.492241770029068,-0.71151109961444
UBFC_PHYS_s04_T3_test,145,16,145.53333333333333,-0.7194373607635498,-0.5150394415345009
UBFC_PHYS_s04_T3_test,145,17,145.56666666666666,-0.9399774074554443,-0.20143930189023773
UBFC_PHYS_s04_T3_test,145,18,145.6,-1.0031322240829468,0.12658847523396846
UBFC_PHYS_s04_T3_test,145,19,145.63333333333333,-0.7844728827476501,0.36144167995414045
UBFC_PHYS_s04_T3_test,145,20,145.66666666666666,-0.36307695508003235,0.42335666800544836
UBFC_PHYS_s04_T3_test,145,21,145.7,0.04814561456441879,0.28350755790215343
UBFC_PHYS_s04_T3_test,145,22,145.73333333333332,0.34370940923690796,-0.028566143129593515
UBFC_PHYS_s04_T3_test,145,23,145.76666666666668,0.5532770156860352,-0.43363396840891294
UBFC_PHYS_s04_T3_test,145,24,145.8,0.6919330358505249,-0.8238211392957827
UBFC_PHYS_s04_T3_test,145,25,145.83333333333334,0.7553120255470276,-1.090146996585129
UBFC_PHYS_s04_T3_test,145,26,145.86666666666667,0.7767014503479004,-1.1499447283581372
UBFC_PHYS_s04_T3_test,145,27,145.9,0.7711275219917297,-0.9678874453303798
UBFC_PHYS_s04_T3_test,145,28,145.93333333333334,0.7091225385665894,-0.565702514029702
UBFC_PHYS_s04_T3_test,145,29,145.96666666666667,0.5966989994049072,-0.018066792439375617
UBFC_PHYS_s04_T3_test,145,30,146.0,0.4685281217098236,0.5645662007421148
UBFC_PHYS_s04_T3_test,145,31,146.03333333333333,0.2736358940601349,1.0621197517026655
UBFC_PHYS_s04_T3_test,145,32,146.06666666666666,-0.07724802941083908,1.3735595875876394
UBFC_PHYS_s04_T3_test,145,33,146.1,-0.5315027832984924,1.4410388386466415
UBFC_PHYS_s04_T3_test,145,34,146.13333333333333,-0.9022462368011475,1.2638567536157534
UBFC_PHYS_s04_T3_test,145,35,146.16666666666666,-1.0926072597503662,0.8988323647053466
UBFC_PHYS_s04_T3_test,145,36,146.2,-1.2295774221420288,0.4461406807425151
UBFC_PHYS_s04_T3_test,145,37,146.23333333333332,-1.511128544807434,0.023047502369413855
UBFC_PHYS_s04_T3_test,145,38,146.26666666666668,-1.9279249906539917,-0.2676841984609266
UBFC_PHYS_s04_T3_test,145,39,146.3,-2.198854446411133,-0.36534715529093664
UBFC_PHYS_s04_T3_test,145,40,146.33333333333334,-2.0821237564086914,-0.26675884273404477
UBFC_PHYS_s04_T3_test,145,41,146.36666666666667,-1.607629418373108,-0.02537752189440627
UBFC_PHYS_s04_T3_test,145,42,146.4,-0.9879598617553711,0.26614864977687025
UBFC_PHYS_s04_T3_test,145,43,146.43333333333334,-0.40979260206222534,0.5056986383785314
UBFC_PHYS_s04_T3_test,145,44,146.46666666666667,0.05314460024237633,0.6144392569502525
UBFC_PHYS_s04_T3_test,145,45,146.5,0.41678422689437866,0.5608641189788297
UBFC_PHYS_s04_T3_test,145,46,146.53333333333333,0.7437549233436584,0.36692953574603937
UBFC_PHYS_s04_T3_test,145,47,146.56666666666666,1.122372031211853,0.09448753692602119
UBFC_PHYS_s04_T3_test,145,48,146.6,1.5882422924041748,-0.18095605971649453
UBFC_PHYS_s04_T3_test,145,49,146.63333333333333,2.0102620124816895,-0.39710927212850333
UBFC_PHYS_s04_T3_test,145,50,146.66666666666666,2.1683292388916016,-0.5221375783908634
UBFC_PHYS_s04_T3_test,145,51,146.7,2.0090925693511963,-0.5580526518365638
UBFC_PHYS_s04_T3_test,145,52,146.73333333333332,1.6725722551345825,-0.5318541074236205
UBFC_PHYS_s04_T3_test,145,53,146.76666666666668,1.261242389678955,-0.47978088939236047
UBFC_PHYS_s04_T3_test,145,54,146.8,0.7835811376571655,-0.43143588252559034
UBFC_PHYS_s04_T3_test,145,55,146.83333333333334,0.32625681161880493,-0.3995297663253396
UBFC_PHYS_s04_T3_test,145,56,146.86666666666667,0.0484769344329834,-0.3780637090181473
UBFC_PHYS_s04_T3_test,145,57,146.9,-0.013391599990427494,-0.34844288724401756
UBFC_PHYS_s04_T3_test,145,58,146.93333333333334,-0.020125126466155052,-0.29064693619747395
UBFC_PHYS_s04_T3_test,145,59,146.96666666666667,-0.17629225552082062,-0.19539287096471133
UBFC_PHYS_s04_T3_test,145,60,147.0,-0.526153028011322,-0.07296499890723801
UBFC_PHYS_s04_T3_test,145,61,147.03333333333333,-0.8526071906089783,0.044851089109657634
UBFC_PHYS_s04_T3_test,145,62,147.06666666666666,-0.8362752199172974,0.11143816984410898
UBFC_PHYS_s04_T3_test,145,63,147.1,-0.39047878980636597,0.0798140452146094
UBFC_PHYS_s04_T3_test,145,64,147.13333333333333,0.26278039813041687,-0.07853208393006009
UBFC_PHYS_s04_T3_test,145,65,147.16666666666666,0.8405773639678955,-0.3562870429079159
UBFC_PHYS_s04_T3_test,145,66,147.2,1.218142032623291,-0.7017189235427282
UBFC_PHYS_s04_T3_test,145,67,147.23333333333332,1.4319289922714233,-1.0247532541070858
UBFC_PHYS_s04_T3_test,145,68,147.26666666666668,1.5636956691741943,-1.2187508525018154
UBFC_PHYS_s04_T3_test,145,69,147.3,1.6301636695861816,-1.1926816171526724
UBFC_PHYS_s04_T3_test,145,70,147.33333333333334,1.6085500717163086,-0.903526125889507
UBFC_PHYS_s04_T3_test,145,71,147.36666666666667,1.5173892974853516,-0.37688666198410975
UBFC_PHYS_s04_T3_test,145,72,147.4,1.3932234048843384,0.2940615032405912
UBFC_PHYS_s04_T3_test,145,73,147.43333333333334,1.264974594116211,0.9737926392423311
UBFC_PHYS_s04_T3_test,145,74,147.46666666666667,1.1519371271133423,1.5253681548710474
UBFC_PHYS_s04_T3_test,145,75,147.5,1.009207844734192,1.8505381762992128
UBFC_PHYS_s04_T3_test,145,76,147.53333333333333,0.7904218435287476,1.913089365536069
UBFC_PHYS_s04_T3_test,145,77,147.56666666666666,0.583183228969574,1.7385164620603746
UBFC_PHYS_s04_T3_test,145,78,147.6,0.4486783444881439,1.3949932694690872
UBFC_PHYS_s04_T3_test,145,79,147.63333333333333,0.28874003887176514,0.9677415676839844
UBFC_PHYS_s04_T3_test,145,80,147.66666666666666,0.02519705891609192,0.5372649549509264
UBFC_PHYS_s04_T3_test,145,81,147.7,-0.27655455470085144,0.16572019663802995
UBFC_PHYS_s04_T3_test,145,82,147.73333333333332,-0.528939962387085,-0.10892722527929408
UBFC_PHYS_s04_T3_test,145,83,147.76666666666668,-0.6947640180587769,-0.2730399721329945
UBFC_PHYS_s04_T3_test,145,84,147.8,-0.789462149143219,-0.3340093257652219
UBFC_PHYS_s04_T3_test,145,85,147.83333333333334,-0.9228560924530029,-0.31530909182562683
UBFC_PHYS_s04_T3_test,145,86,147.86666666666667,-1.1915637254714966,-0.25089212583807735
UBFC_PHYS_s04_T3_test,145,87,147.9,-1.4782111644744873,-0.1790256992914127
UBFC_PHYS_s04_T3_test,145,88,147.93333333333334,-1.5018223524093628,-0.13507602351455186
UBFC_PHYS_s04_T3_test,145,89,147.96666666666667,-1.1326088905334473,-0.1432713745311854
UBFC_PHYS_s04_T3_test,145,90,148.0,-0.5593333840370178,-0.2091952582092886
UBFC_PHYS_s04_T3_test,145,91,148.03333333333333,-0.10407494753599167,-0.3162429383427048
UBFC_PHYS_s04_T3_test,145,92,148.06666666666666,0.07215633988380432,-0.4289575256063427
UBFC_PHYS_s04_T3_test,145,93,148.1,0.007452122401446104,-0.5038920094676569
UBFC_PHYS_s04_T3_test,145,94,148.13333333333333,-0.1437550038099289,-0.5054213301662173
UBFC_PHYS_s04_T3_test,145,95,148.16666666666666,-0.22884494066238403,-0.421258944694576
UBFC_PHYS_s04_T3_test,145,96,148.2,-0.22177034616470337,-0.2716023919032984
UBFC_PHYS_s04_T3_test,145,97,148.23333333333332,-0.19797401130199432,-0.10723281566791276
UBFC_PHYS_s04_T3_test,145,98,148.26666666666668,-0.19397872686386108,0.004754658842979853
UBFC_PHYS_s04_T3_test,145,99,148.3,-0.19154256582260132,0.004235297810290828
UBFC_PHYS_s04_T3_test,145,100,148.33333333333334,-0.21003784239292145,-0.13752370768631464
UBFC_PHYS_s04_T3_test,145,101,148.36666666666667,-0.28560730814933777,-0.40202182405029296
UBFC_PHYS_s04_T3_test,145,102,148.4,-0.3991904854774475,-0.7234553277872502
UBFC_PHYS_s04_T3_test,145,103,148.43333333333334,-0.5114386677742004,-1.0056474501765187
UBFC_PHYS_s04_T3_test,145,104,148.46666666666667,-0.6411686539649963,-1.1504870573979782
UBFC_PHYS_s04_T3_test,145,105,148.5,-0.8250689506530762,-1.0879411473322045
UBFC_PHYS_s04_T3_test,145,106,148.53333333333333,-1.0077121257781982,-0.7974823410758296
UBFC_PHYS_s04_T3_test,145,107,148.56666666666666,-1.0875204801559448,-0.31449086667612247
UBFC_PHYS_s04_T3_test,145,108,148.6,-1.0883780717849731,0.279042167699261
UBFC_PHYS_s04_T3_test,145,109,148.63333333333333,-1.1602153778076172,0.8748750733483809
UBFC_PHYS_s04_T3_test,145,110,148.66666666666666,-1.351131796836853,1.3625901205441346
UBFC_PHYS_s04_T3_test,145,111,148.7,-1.4513161182403564,1.650843203115085
UBFC_PHYS_s04_T3_test,145,112,148.73333333333332,-1.1687126159667969,1.6826100151562915
UBFC_PHYS_s04_T3_test,145,113,148.76666666666668,-0.4497455060482025,1.4441924937444208
UBFC_PHYS_s04_T3_test,145,114,148.8,0.4202045798301697,0.968224677142258
UBFC_PHYS_s04_T3_test,145,115,148.83333333333334,1.1078232526779175,0.33024524235137664
UBFC_PHYS_s04_T3_test,145,116,148.86666666666667,1.5501993894577026,-0.36142970968188826
UBFC_PHYS_s04_T3_test,145,117,148.9,1.9152811765670776,-0.9820843625395468
UBFC_PHYS_s04_T3_test,145,118,148.93333333333334,2.2625110149383545,-1.4122656241277312
UBFC_PHYS_s04_T3_test,145,119,148.96666666666667,2.424222707748413,-1.5626534029413157
UBFC_PHYS_s04_T3_test,145,120,149.0,2.2893574237823486,-1.3976282144811394
UBFC_PHYS_s04_T3_test,145,121,149.03333333333333,1.9780852794647217,-0.9502319520764783
UBFC_PHYS_s04_T3_test,145,122,149.06666666666666,1.6680896282196045,-0.32035354393982274
UBFC_PHYS_s04_T3_test,145,123,149.1,1.4360218048095703,0.3484026738410591
UBFC_PHYS_s04_T3_test,145,124,149.13333333333333,1.269554615020752,0.9092531216266388
UBFC_PHYS_s04_T3_test,145,125,149.16666666666666,1.0492582321166992,1.2566785191189949
UBFC_PHYS_s04_T3_test,145,126,149.2,0.6548938155174255,1.3564237826626486
UBFC_PHYS_s04_T3_test,145,127,149.23333333333332,0.16836488246917725,1.247671154397424
UBFC_PHYS_s04_T3_test,145,128,149.26666666666668,-0.19641487300395966,1.0179565686208303
UBFC_PHYS_s04_T3_test,145,129,149.3,-0.4398839771747589,0.7644553961666727
UBFC_PHYS_s04_T3_test,145,130,149.33333333333334,-0.8179066181182861,0.5585283744623027
UBFC_PHYS_s04_T3_test,145,131,149.36666666666667,-1.466030478477478,0.425588436851387
UBFC_PHYS_s04_T3_test,145,132,149.4,-2.199263572692871,0.3452290997320431
UBFC_PHYS_s04_T3_test,145,133,149.43333333333334,-2.7712039947509766,0.26931176000358936
UBFC_PHYS_s04_T3_test,145,134,149.46666666666667,-3.11669921875,0.14919166701519204
UBFC_PHYS_s04_T3_test,145,135,149.5,-3.2033872604370117,-0.039940354716815125
UBFC_PHYS_s04_T3_test,145,136,149.53333333333333,-2.952648639678955,-0.2875359738643045
UBFC_PHYS_s04_T3_test,145,137,149.56666666666666,-2.4684975147247314,-0.5525950578132978
UBFC_PHYS_s04_T3_test,145,138,149.6,-1.897950530052185,-0.7811588714955603
UBFC_PHYS_s04_T3_test,145,139,149.63333333333333,-1.2192773818969727,-0.9276046583249552
UBFC_PHYS_s04_T3_test,145,140,149.66666666666666,-0.41472339630126953,-0.970665990887139
UBFC_PHYS_s04_T3_test,145,141,149.7,0.3520020544528961,-0.9186901231722984
UBFC_PHYS_s04_T3_test,145,142,149.73333333333332,0.9126192331314087,-0.8036979367693297
UBFC_PHYS_s04_T3_test,145,143,149.76666666666668,1.2433903217315674,-0.6680233551688587
UBFC_PHYS_s04_T3_test,145,144,149.8,1.4016135931015015,-0.5492604500237654
UBFC_PHYS_s04_T3_test,145,145,149.83333333333334,1.4486898183822632,-0.46882028959530225
UBFC_PHYS_s04_T3_test,145,146,149.86666666666667,1.4406017065048218,-0.4273210340746902
UBFC_PHYS_s04_T3_test,145,147,149.9,1.4359632730484009,-0.4072406696895866
UBFC_PHYS_s04_T3_test,145,148,149.93333333333334,1.4765690565109253,-0.38076115223829726
UBFC_PHYS_s04_T3_test,145,149,149.96666666666667,1.525253176689148,-0.31951934835678963
UBFC_PHYS_s04_T3_test,145,150,150.0,1.4914199113845825,-0.20337410113261617
UBFC_PHYS_s04_T3_test,145,151,150.03333333333333,1.3770474195480347,-0.026503305034824644
UBFC_PHYS_s04_T3_test,145,152,150.06666666666666,1.2722440958023071,0.19983004190614326
UBFC_PHYS_s04_T3_test,145,153,150.1,1.1537399291992188,0.447914187806478
UBFC_PHYS_s04_T3_test,145,154,150.13333333333333,0.8991424441337585,0.677434809943741
UBFC_PHYS_s04_T3_test,145,155,150.16666666666666,0.473302960395813,0.84244684712767
UBFC_PHYS_s04_T3_test,145,156,150.2,-0.012631519697606564,0.9014797008751111
UBFC_PHYS_s04_T3_test,145,157,150.23333333333332,-0.3730749189853668,0.8296342223555779
UBFC_PHYS_s04_T3_test,145,158,150.26666666666668,-0.45362386107444763,0.6290855564580161
UBFC_PHYS_s04_T3_test,145,159,150.3,-0.2824597954750061,0.3332951331395227
UBFC_PHYS_s04_T3_test,145,160,150.33333333333334,-0.03482974320650101,0.0023888359680042806
UBFC_PHYS_s04_T3_test,145,161,150.36666666666667,0.1736951768398285,-0.289356351117598
UBFC_PHYS_s04_T3_test,145,162,150.4,0.3222127854824066,-0.47084508056897206
UBFC_PHYS_s04_T3_test,145,163,150.43333333333334,0.3960769474506378,-0.49254895020801237
UBFC_PHYS_s04_T3_test,145,164,150.46666666666667,0.39811354875564575,-0.3418088723645651
UBFC_PHYS_s04_T3_test,145,165,150.5,0.382872998714447,-0.05046183111929801
UBFC_PHYS_s04_T3_test,145,166,150.53333333333333,0.3825611472129822,0.3095649987686884
UBFC_PHYS_s04_T3_test,145,167,150.56666666666666,0.3667651414871216,0.6442906465691238
UBFC_PHYS_s04_T3_test,145,168,150.6,0.3207511007785797,0.8652717637423231
UBFC_PHYS_s04_T3_test,145,169,150.63333333333333,0.26136744022369385,0.917141366009202
UBFC_PHYS_s04_T3_test,145,170,150.66666666666666,0.18861417472362518,0.7940310460654691
UBFC_PHYS_s04_T3_test,145,171,150.7,0.09427659958600998,0.5381774979544264
UBFC_PHYS_s04_T3_test,145,172,150.73333333333332,-0.019998446106910706,0.22237371153320235
UBFC_PHYS_s04_T3_test,145,173,150.76666666666668,-0.1573682278394699,-0.07525887855611678
UBFC_PHYS_s04_T3_test,145,174,150.8,-0.3082732558250427,-0.2946320224676062
UBFC_PHYS_s04_T3_test,145,175,150.83333333333334,-0.46773406863212585,-0.4086810763756448
UBFC_PHYS_s04_T3_test,145,176,150.86666666666667,-0.6449885368347168,-0.4270723282803814
UBFC_PHYS_s04_T3_test,145,177,150.9,-0.7604329586029053,-0.38885525121540904
UBFC_PHYS_s04_T3_test,145,178,150.93333333333334,-0.672984778881073,-0.3471169939709344
UBFC_PHYS_s04_T3_test,145,179,150.96666666666667,-0.40355604887008667,-0.35052584133290143
UBFC_PHYS_s04_T3_test,145,180,151.0,-0.1459670215845108,-0.4268643700984619
UBFC_PHYS_s04_T3_test,145,181,151.03333333333333,-0.03394298255443573,-0.5726937930412915
UBFC_PHYS_s04_T3_test,145,182,151.06666666666666,-0.0734768658876419,-0.7518438056511881
UBFC_PHYS_s04_T3_test,145,183,151.1,-0.2517935037612915,-0.9036191030616136
UBFC_PHYS_s04_T3_test,145,184,151.13333333333333,-0.5237070918083191,-0.9593869015009443
UBFC_PHYS_s04_T3_test,145,185,151.16666666666666,-0.8289667963981628,-0.8638020626236104
UBFC_PHYS_s04_T3_test,145,186,151.2,-1.1009485721588135,-0.5949257585775106
UBFC_PHYS_s04_T3_test,145,187,151.23333333333332,-1.1646783351898193,-0.17669546456553595
UBFC_PHYS_s04_T3_test,145,188,151.26666666666668,-0.8424046039581299,0.3215985044350659
UBFC_PHYS_s04_T3_test,145,189,151.3,-0.32055145502090454,0.8005533717879816
UBFC_PHYS_s04_T3_test,145,190,151.33333333333334,-0.0076910024508833885,1.1569409164094233
UBFC_PHYS_s04_T3_test,145,191,151.36666666666667,-0.011208807118237019,1.3123541481772683
UBFC_PHYS_s04_T3_test,145,192,151.4,-0.11892573535442352,1.2336676599720235
UBFC_PHYS_s04_T3_test,145,193,151.43333333333334,-0.2213415950536728,0.9382162313749169
UBFC_PHYS_s04_T3_test,145,194,151.46666666666667,-0.44981372356414795,0.4843379819059455
UBFC_PHYS_s04_T3_test,145,195,151.5,-0.9332340955734253,-0.0456879721111622
UBFC_PHYS_s04_T3_test,145,196,151.53333333333333,-1.5305689573287964,-0.5628061606292116
UBFC_PHYS_s04_T3_test,145,197,151.56666666666666,-1.8099956512451172,-0.984554410355365
UBFC_PHYS_s04_T3_test,145,198,151.6,-1.5596274137496948,-1.244252480863387
UBFC_PHYS_s04_T3_test,145,199,151.63333333333333,-1.331126093864441,-1.2973504955950796
UBFC_PHYS_s04_T3_test,145,200,151.66666666666666,-1.9257227182388306,-1.1263763877020596
UBFC_PHYS_s04_T3_test,145,201,151.7,-3.0005922317504883,-0.744954049327579
UBFC_PHYS_s04_T3_test,145,202,151.73333333333332,-3.2780895233154297,-0.19995678832271976
UBFC_PHYS_s04_T3_test,145,203,151.76666666666668,-2.505302906036377,0.4305594753787562
UBFC_PHYS_s04_T3_test,145,204,151.8,-1.6978157758712769,1.046618287846897
UBFC_PHYS_s04_T3_test,145,205,151.83333333333334,-1.2480825185775757,1.543994582068041
UBFC_PHYS_s04_T3_test,145,206,151.86666666666667,-0.8339560031890869,1.8371096479195497
UBFC_PHYS_s04_T3_test,145,207,151.9,-0.4507589638233185,1.8796179677768832
UBFC_PHYS_s04_T3_test,145,208,151.93333333333334,-0.20001064240932465,1.67424139453194
UBFC_PHYS_s04_T3_test,145,209,151.96666666666667,0.061680879443883896,1.2673078349812252
UBFC_PHYS_s04_T3_test,145,210,152.0,0.32177427411079407,0.7306262186802912
UBFC_PHYS_s04_T3_test,145,211,152.03333333333333,0.3343740701675415,0.13938629493501858
UBFC_PHYS_s04_T3_test,145,212,152.06666666666666,0.0948125571012497,-0.44416972088805834
UBFC_PHYS_s04_T3_test,145,213,152.1,-0.03581395000219345,-0.975650832154079
UBFC_PHYS_s04_T3_test,145,214,152.13333333333333,0.3034933805465698,-1.4228984769946094
UBFC_PHYS_s04_T3_test,145,215,152.16666666666666,1.0308408737182617,-1.756036070535423
UBFC_PHYS_s04_T3_test,145,216,152.2,1.7889033555984497,-1.94075664917485
UBFC_PHYS_s04_T3_test,145,217,152.23333333333332,2.457052230834961,-1.9400052731529287
UBFC_PHYS_s04_T3_test,145,218,152.26666666666668,3.094564199447632,-1.7248309808127142
UBFC_PHYS_s04_T3_test,145,219,152.3,3.571640968322754,-1.2908257125244071
UBFC_PHYS_s04_T3_test,145,220,152.33333333333334,3.7353601455688477,-0.6735982760126327
UBFC_PHYS_s04_T3_test,145,221,152.36666666666667,3.6318724155426025,0.04458241931974498
UBFC_PHYS_s04_T3_test,145,222,152.4,3.293539524078369,0.74388364123902
UBFC_PHYS_s04_T3_test,145,223,152.43333333333334,2.617302417755127,1.2934042659028513
UBFC_PHYS_s04_T3_test,145,224,152.46666666666667,1.6576824188232422,1.5876429464198667
UBFC_PHYS_s04_T3_test,145,225,152.5,0.7652515172958374,1.5785624965528138
UBFC_PHYS_s04_T3_test,145,226,152.53333333333333,0.23969542980194092,1.28974832147172
UBFC_PHYS_s04_T3_test,145,227,152.56666666666666,-0.014863035641610622,0.8073512320983296
UBFC_PHYS_s04_T3_test,145,228,152.6,-0.2608267366886139,0.2529657015877725
UBFC_PHYS_s04_T3_test,145,229,152.63333333333333,-0.6779447793960571,-0.2500293866939259
UBFC_PHYS_s04_T3_test,145,230,152.66666666666666,-1.2963182926177979,-0.6059488589323038
UBFC_PHYS_s04_T3_test,145,231,152.7,-1.9601893424987793,-0.7659417150329537
UBFC_PHYS_s04_T3_test,145,232,152.73333333333332,-2.3389039039611816,-0.7342465687987759
UBFC_PHYS_s04_T3_test,145,233,152.76666666666668,-2.19100022315979,-0.5611777042581386
UBFC_PHYS_s04_T3_test,145,234,152.8,-1.6720607280731201,-0.32476266099377044
UBFC_PHYS_s04_T3_test,145,235,152.83333333333334,-1.1083447933197021,-0.10596698279655349
UBFC_PHYS_s04_T3_test,145,236,152.86666666666667,-0.6319697499275208,0.034880202877788494
UBFC_PHYS_s04_T3_test,145,237,152.9,-0.2584880590438843,0.0729647028944689
UBFC_PHYS_s04_T3_test,145,238,152.93333333333334,-0.04560728371143341,0.021618507815127294
UBFC_PHYS_s04_T3_test,145,239,152.96666666666667,0.009722616523504257,-0.07589523922544475
UBFC_PHYS_s04_T3_test,146,0,146.0,0.4685281217098236,0.02254796789678899
UBFC_PHYS_s04_T3_test,146,1,146.03333333333333,0.2736358940601349,-0.05125151096014971
UBFC_PHYS_s04_T3_test,146,2,146.06666666666666,-0.07724802941083908,-0.1526795065309234
UBFC_PHYS_s04_T3_test,146,3,146.1,-0.5315027832984924,-0.3008213745072491
UBFC_PHYS_s04_T3_test,146,4,146.13333333333333,-0.9022462368011475,-0.4978372731358877
UBFC_PHYS_s04_T3_test,146,5,146.16666666666666,-1.0926072597503662,-0.7233824514263201
UBFC_PHYS_s04_T3_test,146,6,146.2,-1.2295774221420288,-0.934005147882222
UBFC_PHYS_s04_T3_test,146,7,146.23333333333332,-1.511128544807434,-1.0703809620343765
UBFC_PHYS_s04_T3_test,146,8,146.26666666666668,-1.9279249906539917,-1.0729161422837385
UBFC_PHYS_s04_T3_test,146,9,146.3,-2.198854446411133,-0.9023348231937877
UBFC_PHYS_s04_T3_test,146,10,146.33333333333334,-2.0821237564086914,-0.5585365735736105
UBFC_PHYS_s04_T3_test,146,11,146.36666666666667,-1.607629418373108,-0.08955730092803176
UBFC_PHYS_s04_T3_test,146,12,146.4,-0.9879598617553711,0.41597922593952213
UBFC_PHYS_s04_T3_test,146,13,146.43333333333334,-0.40979260206222534,0.8533987984004702
UBFC_PHYS_s04_T3_test,146,14,146.46666666666667,0.05314460024237633,1.134724827941959
UBFC_PHYS_s04_T3_test,146,15,146.5,0.41678422689437866,1.215318745769038
UBFC_PHYS_s04_T3_test,146,16,146.53333333333333,0.7437549233436584,1.1034395069676168
UBFC_PHYS_s04_T3_test,146,17,146.56666666666666,1.122372031211853,0.8508685949395218
UBFC_PHYS_s04_T3_test,146,18,146.6,1.5882422924041748,0.5310925803236839
UBFC_PHYS_s04_T3_test,146,19,146.63333333333333,2.0102620124816895,0.2151342595238076
UBFC_PHYS_s04_T3_test,146,20,146.66666666666666,2.1683292388916016,-0.04653036140421306
UBFC_PHYS_s04_T3_test,146,21,146.7,2.0090925693511963,-0.23190620433664627
UBFC_PHYS_s04_T3_test,146,22,146.73333333333332,1.6725722551345825,-0.34529025580403294
UBFC_PHYS_s04_T3_test,146,23,146.76666666666668,1.261242389678955,-0.40780354790749707
UBFC_PHYS_s04_T3_test,146,24,146.8,0.7835811376571655,-0.445067101613242
UBFC_PHYS_s04_T3_test,146,25,146.83333333333334,0.32625681161880493,-0.47642230365280097
UBFC_PHYS_s04_T3_test,146,26,146.86666666666667,0.0484769344329834,-0.5085045527763727
UBFC_PHYS_s04_T3_test,146,27,146.9,-0.013391599990427494,-0.5340144776387434
UBFC_PHYS_s04_T3_test,146,28,146.93333333333334,-0.020125126466155052,-0.5353070393390261
UBFC_PHYS_s04_T3_test,146,29,146.96666666666667,-0.17629225552082062,-0.4918169602270201
UBFC_PHYS_s04_T3_test,146,30,147.0,-0.526153028011322,-0.3897000437794569
UBFC_PHYS_s04_T3_test,146,31,147.03333333333333,-0.8526071906089783,-0.2311068774010649
UBFC_PHYS_s04_T3_test,146,32,147.06666666666666,-0.8362752199172974,-0.0395423254360579
UBFC_PHYS_s04_T3_test,146,33,147.1,-0.39047878980636597,0.14232280501527061
UBFC_PHYS_s04_T3_test,146,34,147.13333333333333,0.26278039813041687,0.26425147087194706
UBFC_PHYS_s04_T3_test,146,35,147.16666666666666,0.8405773639678955,0.28721140970363285
UBFC_PHYS_s04_T3_test,146,36,147.2,1.218142032623291,0.20201794505993992
UBFC_PHYS_s04_T3_test,146,37,147.23333333333332,1.4319289922714233,0.03837972729152883
UBFC_PHYS_s04_T3_test,146,38,147.26666666666668,1.5636956691741943,-0.1417056604308132
UBFC_PHYS_s04_T3_test,146,39,147.3,1.6301636695861816,-0.2650564390572797
UBFC_PHYS_s04_T3_test,146,40,147.33333333333334,1.6085500717163086,-0.27481200555670454
UBFC_PHYS_s04_T3_test,146,41,147.36666666666667,1.5173892974853516,-0.15280228360903342
UBFC_PHYS_s04_T3_test,146,42,147.4,1.3932234048843384,0.07303996250229264
UBFC_PHYS_s04_T3_test,146,43,147.43333333333334,1.264974594116211,0.3395403583283032
UBFC_PHYS_s04_T3_test,146,44,147.46666666666667,1.1519371271133423,0.5721805974676866
UBFC_PHYS_s04_T3_test,146,45,147.5,1.009207844734192,0.7109621776180243
UBFC_PHYS_s04_T3_test,146,46,147.53333333333333,0.7904218435287476,0.7274946271430743
UBFC_PHYS_s04_T3_test,146,47,147.56666666666666,0.583183228969574,0.6282131972648962
UBFC_PHYS_s04_T3_test,146,48,147.6,0.4486783444881439,0.44582370668001897
UBFC_PHYS_s04_T3_test,146,49,147.63333333333333,0.28874003887176514,0.22542339587620625
UBFC_PHYS_s04_T3_test,146,50,147.66666666666666,0.02519705891609192,0.011268598204348597
UBFC_PHYS_s04_T3_test,146,51,147.7,-0.27655455470085144,-0.16269065907997657
UBFC_PHYS_s04_T3_test,146,52,147.73333333333332,-0.528939962387085,-0.27742930292979856
UBFC_PHYS_s04_T3_test,146,53,147.76666666666668,-0.6947640180587769,-0.3286898364403858
UBFC_PHYS_s04_T3_test,146,54,147.8,-0.789462149143219,-0.3233695806076185
UBFC_PHYS_s04_T3_test,146,55,147.83333333333334,-0.9228560924530029,-0.2746628464734732
UBFC_PHYS_s04_T3_test,146,56,147.86666666666667,-1.1915637254714966,-0.1979406947568274
UBFC_PHYS_s04_T3_test,146,57,147.9,-1.4782111644744873,-0.10830236416392558
UBFC_PHYS_s04_T3_test,146,58,147.93333333333334,-1.5018223524093628,-0.019621262275933395
UBFC_PHYS_s04_T3_test,146,59,147.96666666666667,-1.1326088905334473,0.05578774869873557
UBFC_PHYS_s04_T3_test,146,60,148.0,-0.5593333840370178,0.10784827516952529
UBFC_PHYS_s04_T3_test,146,61,148.03333333333333,-0.10407494753599167,0.13021697527890422
UBFC_PHYS_s04_T3_test,146,62,148.06666666666666,0.07215633988380432,0.12219005046089583
UBFC_PHYS_s04_T3_test,146,63,148.1,0.007452122401446104,0.08980814497304876
UBFC_PHYS_s04_T3_test,146,64,148.13333333333333,-0.1437550038099289,0.044737230641430814
UBFC_PHYS_s04_T3_test,146,65,148.16666666666666,-0.22884494066238403,0.0003958082400777863
UBFC_PHYS_s04_T3_test,146,66,148.2,-0.22177034616470337,-0.03340881799343168
UBFC_PHYS_s04_T3_test,146,67,148.23333333333332,-0.19797401130199432,-0.054691071814530375
UBFC_PHYS_s04_T3_test,146,68,148.26666666666668,-0.19397872686386108,-0.06993791826675647
UBFC_PHYS_s04_T3_test,146,69,148.3,-0.19154256582260132,-0.09054926677416746
UBFC_PHYS_s04_T3_test,146,70,148.33333333333334,-0.21003784239292145,-0.12662515915733294
UBFC_PHYS_s04_T3_test,146,71,148.36666666666667,-0.28560730814933777,-0.18097267217652946
UBFC_PHYS_s04_T3_test,146,72,148.4,-0.3991904854774475,-0.24589658989764143
UBFC_PHYS_s04_T3_test,146,73,148.43333333333334,-0.5114386677742004,-0.30394864705624514
UBFC_PHYS_s04_T3_test,146,74,148.46666666666667,-0.6411686539649963,-0.33233928804217533
UBFC_PHYS_s04_T3_test,146,75,148.5,-0.8250689506530762,-0.3096771405549211
UBFC_PHYS_s04_T3_test,146,76,148.53333333333333,-1.0077121257781982,-0.22318530113383353
UBFC_PHYS_s04_T3_test,146,77,148.56666666666666,-1.0875204801559448,-0.07445735491977278
UBFC_PHYS_s04_T3_test,146,78,148.6,-1.0883780717849731,0.11792962114869367
UBFC_PHYS_s04_T3_test,146,79,148.63333333333333,-1.1602153778076172,0.31998839162050685
UBFC_PHYS_s04_T3_test,146,80,148.66666666666666,-1.351131796836853,0.4881260359423242
UBFC_PHYS_s04_T3_test,146,81,148.7,-1.4513161182403564,0.5781788008627844
UBFC_PHYS_s04_T3_test,146,82,148.73333333333332,-1.1687126159667969,0.5558607484307627
UBFC_PHYS_s04_T3_test,146,83,148.76666666666668,-0.4497455060482025,0.40616679820468454
UBFC_PHYS_s04_T3_test,146,84,148.8,0.4202045798301697,0.13899764084048685
UBFC_PHYS_s04_T3_test,146,85,148.83333333333334,1.1078232526779175,-0.21075520493374789
UBFC_PHYS_s04_T3_test,146,86,148.86666666666667,1.5501993894577026,-0.5881780829924379
UBFC_PHYS_s04_T3_test,146,87,148.9,1.9152811765670776,-0.9263700598378134
UBFC_PHYS_s04_T3_test,146,88,148.93333333333334,2.2625110149383545,-1.1562525383693336
UBFC_PHYS_s04_T3_test,146,89,148.96666666666667,2.424222707748413,-1.2182305254125374
UBFC_PHYS_s04_T3_test,146,90,149.0,2.2893574237823486,-1.075589247356552
UBFC_PHYS_s04_T3_test,146,91,149.03333333333333,1.9780852794647217,-0.7273792806168619
UBFC_PHYS_s04_T3_test,146,92,149.06666666666666,1.6680896282196045,-0.21590614614288192
UBFC_PHYS_s04_T3_test,146,93,149.1,1.4360218048095703,0.37678032871856937
UBFC_PHYS_s04_T3_test,146,94,149.13333333333333,1.269554615020752,0.9460112232703353
UBFC_PHYS_s04_T3_test,146,95,149.16666666666666,1.0492582321166992,1.3914952923888229
UBFC_PHYS_s04_T3_test,146,96,149.2,0.6548938155174255,1.6439302365536812
UBFC_PHYS_s04_T3_test,146,97,149.23333333333332,0.16836488246917725,1.679942223608667
UBFC_PHYS_s04_T3_test,146,98,149.26666666666668,-0.19641487300395966,1.5207217959075574
UBFC_PHYS_s04_T3_test,146,99,149.3,-0.4398839771747589,1.2181532403195723
UBFC_PHYS_s04_T3_test,146,100,149.33333333333334,-0.8179066181182861,0.8358689958754443
UBFC_PHYS_s04_T3_test,146,101,149.36666666666667,-1.466030478477478,0.4318625459648729
UBFC_PHYS_s04_T3_test,146,102,149.4,-2.199263572692871,0.047230098578098144
UBFC_PHYS_s04_T3_test,146,103,149.43333333333334,-2.7712039947509766,-0.2968645488063195
UBFC_PHYS_s04_T3_test,146,104,149.46666666666667,-3.11669921875,-0.594847782058537
UBFC_PHYS_s04_T3_test,146,105,149.5,-3.2033872604370117,-0.84826514962684
UBFC_PHYS_s04_T3_test,146,106,149.53333333333333,-2.952648639678955,-1.0572226615306701
UBFC_PHYS_s04_T3_test,146,107,149.56666666666666,-2.4684975147247314,-1.2148977022762049
UBFC_PHYS_s04_T3_test,146,108,149.6,-1.897950530052185,-1.3064746676099543
UBFC_PHYS_s04_T3_test,146,109,149.63333333333333,-1.2192773818969727,-1.3122938356974618
UBFC_PHYS_s04_T3_test,146,110,149.66666666666666,-0.41472339630126953,-1.2142524254313183
UBFC_PHYS_s04_T3_test,146,111,149.7,0.3520020544528961,-1.0038909345774185
UBFC_PHYS_s04_T3_test,146,112,149.73333333333332,0.9126192331314087,-0.689596114536568
UBFC_PHYS_s04_T3_test,146,113,149.76666666666668,1.2433903217315674,-0.2998466977604247
UBFC_PHYS_s04_T3_test,146,114,149.8,1.4016135931015015,0.11955935697044584
UBFC_PHYS_s04_T3_test,146,115,149.83333333333334,1.4486898183822632,0.5141114650467035
UBFC_PHYS_s04_T3_test,146,116,149.86666666666667,1.4406017065048218,0.8324828677463437
UBFC_PHYS_s04_T3_test,146,117,149.9,1.4359632730484009,1.0378775359084005
UBFC_PHYS_s04_T3_test,146,118,149.93333333333334,1.4765690565109253,1.1153537038630852
UBFC_PHYS_s04_T3_test,146,119,149.96666666666667,1.525253176689148,1.073240152751446
UBFC_PHYS_s04_T3_test,146,120,150.0,1.4914199113845825,0.9386782549711489
UBFC_PHYS_s04_T3_test,146,121,150.03333333333333,1.3770474195480347,0.7488816905661769
UBFC_PHYS_s04_T3_test,146,122,150.06666666666666,1.2722440958023071,0.5406075792041948
UBFC_PHYS_s04_T3_test,146,123,150.1,1.1537399291992188,0.34066987501279317
UBFC_PHYS_s04_T3_test,146,124,150.13333333333333,0.8991424441337585,0.16021252162909394
UBFC_PHYS_s04_T3_test,146,125,150.16666666666666,0.473302960395813,-0.005277859932259887
UBFC_PHYS_s04_T3_test,146,126,150.2,-0.012631519697606564,-0.16983644437753478
UBFC_PHYS_s04_T3_test,146,127,150.23333333333332,-0.3730749189853668,-0.34679041061951266
UBFC_PHYS_s04_T3_test,146,128,150.26666666666668,-0.45362386107444763,-0.5387694861827361
UBFC_PHYS_s04_T3_test,146,129,150.3,-0.2824597954750061,-0.732471812746052
UBFC_PHYS_s04_T3_test,146,130,150.33333333333334,-0.03482974320650101,-0.8999747892841286
UBFC_PHYS_s04_T3_test,146,131,150.36666666666667,0.1736951768398285,-1.0051300712393985
UBFC_PHYS_s04_T3_test,146,132,150.4,0.3222127854824066,-1.0123896769865068
UBFC_PHYS_s04_T3_test,146,133,150.43333333333334,0.3960769474506378,-0.8960599126624754
UBFC_PHYS_s04_T3_test,146,134,150.46666666666667,0.39811354875564575,-0.6488029768784647
UBFC_PHYS_s04_T3_test,146,135,150.5,0.382872998714447,-0.28799602124239926
UBFC_PHYS_s04_T3_test,146,136,150.53333333333333,0.3825611472129822,0.14253295444495456
UBFC_PHYS_s04_T3_test,146,137,150.56666666666666,0.3667651414871216,0.5780554113478302
UBFC_PHYS_s04_T3_test,146,138,150.6,0.3207511007785797,0.9462637732295492
UBFC_PHYS_s04_T3_test,146,139,150.63333333333333,0.26136744022369385,1.1850925476369352
UBFC_PHYS_s04_T3_test,146,140,150.66666666666666,0.18861417472362518,1.2587174419050124
UBFC_PHYS_s04_T3_test,146,141,150.7,0.09427659958600998,1.1654900830740986
UBFC_PHYS_s04_T3_test,146,142,150.73333333333332,-0.019998446106910706,0.935306766311873
UBFC_PHYS_s04_T3_test,146,143,150.76666666666668,-0.1573682278394699,0.6185736960039311
UBFC_PHYS_s04_T3_test,146,144,150.8,-0.3082732558250427,0.2714755634906348
UBFC_PHYS_s04_T3_test,146,145,150.83333333333334,-0.46773406863212585,-0.05764879191811234
UBFC_PHYS_s04_T3_test,146,146,150.86666666666667,-0.6449885368347168,-0.33726830700740507
UBFC_PHYS_s04_T3_test,146,147,150.9,-0.7604329586029053,-0.5552337354454817
UBFC_PHYS_s04_T3_test,146,148,150.93333333333334,-0.672984778881073,-0.715184791307787
UBFC_PHYS_s04_T3_test,146,149,150.96666666666667,-0.40355604887008667,-0.8286322043632117
UBFC_PHYS_s04_T3_test,146,150,151.0,-0.1459670215845108,-0.9055396688165804
UBFC_PHYS_s04_T3_test,146,151,151.03333333333333,-0.03394298255443573,-0.9464664450376995
UBFC_PHYS_s04_T3_test,146,152,151.06666666666666,-0.0734768658876419,-0.9388853873740423
UBFC_PHYS_s04_T3_test,146,153,151.1,-0.2517935037612915,-0.8593750517610111
UBFC_PHYS_s04_T3_test,146,154,151.13333333333333,-0.5237070918083191,-0.6820518047960825
UBFC_PHYS_s04_T3_test,146,155,151.16666666666666,-0.8289667963981628,-0.39159467072736925
UBFC_PHYS_s04_T3_test,146,156,151.2,-1.1009485721588135,0.0032896620789791076
UBFC_PHYS_s04_T3_test,146,157,151.23333333333332,-1.1646783351898193,0.4618704059281553
UBFC_PHYS_s04_T3_test,146,158,151.26666666666668,-0.8424046039581299,0.9141984787443861
UBFC_PHYS_s04_T3_test,146,159,151.3,-0.32055145502090454,1.2762096974418993
UBFC_PHYS_s04_T3_test,146,160,151.33333333333334,-0.0076910024508833885,1.4726084156096704
UBFC_PHYS_s04_T3_test,146,161,151.36666666666667,-0.011208807118237019,1.4586016523444498
UBFC_PHYS_s04_T3_test,146,162,151.4,-0.11892573535442352,1.2319480859641598
UBFC_PHYS_s04_T3_test,146,163,151.43333333333334,-0.2213415950536728,0.8314956931624051
UBFC_PHYS_s04_T3_test,146,164,151.46666666666667,-0.44981372356414795,0.3244507764435945
UBFC_PHYS_s04_T3_test,146,165,151.5,-0.9332340955734253,-0.2113126325803008
UBFC_PHYS_s04_T3_test,146,166,151.53333333333333,-1.5305689573287964,-0.7033340123244908
UBFC_PHYS_s04_T3_test,146,167,151.56666666666666,-1.8099956512451172,-1.0949052900354184
UBFC_PHYS_s04_T3_test,146,168,151.6,-1.5596274137496948,-1.3485463334506655
UBFC_PHYS_s04_T3_test,146,169,151.63333333333333,-1.331126093864441,-1.4440821063401283
UBFC_PHYS_s04_T3_test,146,170,151.66666666666666,-1.9257227182388306,-1.374551263501536
UBFC_PHYS_s04_T3_test,146,171,151.7,-3.0005922317504883,-1.1435291086925596
UBFC_PHYS_s04_T3_test,146,172,151.73333333333332,-3.2780895233154297,-0.7660860492577808
UBFC_PHYS_s04_T3_test,146,173,151.76666666666668,-2.505302906036377,-0.2729955557995006
UBFC_PHYS_s04_T3_test,146,174,151.8,-1.6978157758712769,0.2849413281001191
UBFC_PHYS_s04_T3_test,146,175,151.83333333333334,-1.2480825185775757,0.8370696732856096
UBFC_PHYS_s04_T3_test,146,176,151.86666666666667,-0.8339560031890869,1.3012054618132674
UBFC_PHYS_s04_T3_test,146,177,151.9,-0.4507589638233185,1.599956776884564
UBFC_PHYS_s04_T3_test,146,178,151.93333333333334,-0.20001064240932465,1.6797199200278432
UBFC_PHYS_s04_T3_test,146,179,151.96666666666667,0.061680879443883896,1.5242972102357062
UBFC_PHYS_s04_T3_test,146,180,152.0,0.32177427411079407,1.1574154621196648
UBFC_PHYS_s04_T3_test,146,181,152.03333333333333,0.3343740701675415,0.6341511522267564
UBFC_PHYS_s04_T3_test,146,182,152.06666666666666,0.0948125571012497,0.026511106924832214
UBFC_PHYS_s04_T3_test,146,183,152.1,-0.03581395000219345,-0.5900303397390829
UBFC_PHYS_s04_T3_test,146,184,152.13333333333333,0.3034933805465698,-1.1450277640233997
UBFC_PHYS_s04_T3_test,146,185,152.16666666666666,1.0308408737182617,-1.5768848403568958
UBFC_PHYS_s04_T3_test,146,186,152.2,1.7889033555984497,-1.8348069712713375
UBFC_PHYS_s04_T3_test,146,187,152.23333333333332,2.457052230834961,-1.8817792137473366
UBFC_PHYS_s04_T3_test,146,188,152.26666666666668,3.094564199447632,-1.7000323495769634
UBFC_PHYS_s04_T3_test,146,189,152.3,3.571640968322754,-1.2983694202341942
UBFC_PHYS_s04_T3_test,146,190,152.33333333333334,3.7353601455688477,-0.7186038386692954
UBFC_PHYS_s04_T3_test,146,191,152.36666666666667,3.6318724155426025,-0.036647841232012604
UBFC_PHYS_s04_T3_test,146,192,152.4,3.293539524078369,0.646422084382612
UBFC_PHYS_s04_T3_test,146,193,152.43333333333334,2.617302417755127,1.2245236101843422
UBFC_PHYS_s04_T3_test,146,194,152.46666666666667,1.6576824188232422,1.6122902327753477
UBFC_PHYS_s04_T3_test,146,195,152.5,0.7652515172958374,1.7658783250298615
UBFC_PHYS_s04_T3_test,146,196,152.53333333333333,0.23969542980194092,1.6902618836948387
UBFC_PHYS_s04_T3_test,146,197,152.56666666666666,-0.014863035641610622,1.4311244738006146
UBFC_PHYS_s04_T3_test,146,198,152.6,-0.2608267366886139,1.0561316907450027
UBFC_PHYS_s04_T3_test,146,199,152.63333333333333,-0.6779447793960571,0.6337371051592555
UBFC_PHYS_s04_T3_test,146,200,152.66666666666666,-1.2963182926177979,0.21693652198368946
UBFC_PHYS_s04_T3_test,146,201,152.7,-1.9601893424987793,-0.16386468086151085
UBFC_PHYS_s04_T3_test,146,202,152.73333333333332,-2.3389039039611816,-0.4982777634437649
UBFC_PHYS_s04_T3_test,146,203,152.76666666666668,-2.19100022315979,-0.785988853819644
UBFC_PHYS_s04_T3_test,146,204,152.8,-1.6720607280731201,-1.0239311668801947
UBFC_PHYS_s04_T3_test,146,205,152.83333333333334,-1.1083447933197021,-1.1962845344414414
UBFC_PHYS_s04_T3_test,146,206,152.86666666666667,-0.6319697499275208,-1.27278288869777
UBFC_PHYS_s04_T3_test,146,207,152.9,-0.2584880590438843,-1.2180216214605315
UBFC_PHYS_s04_T3_test,146,208,152.93333333333334,-0.04560728371143341,-1.0091418339750124
UBFC_PHYS_s04_T3_test,146,209,152.96666666666667,0.009722616523504257,-0.6539346173286128
UBFC_PHYS_s04_T3_test,146,210,153.0,0.007949097082018852,-0.19939648328276563
UBFC_PHYS_s04_T3_test,146,211,153.03333333333333,0.01766447350382805,0.2758453057827782
UBFC_PHYS_s04_T3_test,146,212,153.06666666666666,0.13883870840072632,0.6838743619749599
UBFC_PHYS_s04_T3_test,146,213,153.1,0.5388939380645752,0.9552044414514436
UBFC_PHYS_s04_T3_test,146,214,153.13333333333333,1.1396687030792236,1.0593194433272033
UBFC_PHYS_s04_T3_test,146,215,153.16666666666666,1.5322010517120361,1.0091606759769967
UBFC_PHYS_s04_T3_test,146,216,153.2,1.4436225891113281,0.849243561025903
UBFC_PHYS_s04_T3_test,146,217,153.23333333333332,1.0389386415481567,0.6348793872046055
UBFC_PHYS_s04_T3_test,146,218,153.26666666666668,0.7366803288459778,0.4123347918587121
UBFC_PHYS_s04_T3_test,146,219,153.3,0.8827422857284546,0.20715095196355063
UBFC_PHYS_s04_T3_test,146,220,153.33333333333334,1.4092727899551392,0.023282285383883536
UBFC_PHYS_s04_T3_test,146,221,153.36666666666667,1.9015705585479736,-0.14862277171657756
UBFC_PHYS_s04_T3_test,146,222,153.4,2.139066219329834,-0.31841591539004116
UBFC_PHYS_s04_T3_test,146,223,153.43333333333334,2.267958164215088,-0.4847487954945425
UBFC_PHYS_s04_T3_test,146,224,153.46666666666667,2.3095579147338867,-0.6292632047343937
UBFC_PHYS_s04_T3_test,146,225,153.5,2.0347306728363037,-0.7192645900972326
UBFC_PHYS_s04_T3_test,146,226,153.53333333333333,1.4233732223510742,-0.7185857659917189
UBFC_PHYS_s04_T3_test,146,227,153.56666666666666,0.8216241002082825,-0.6033331053414224
UBFC_PHYS_s04_T3_test,146,228,153.6,0.5010361075401306,-0.37672606145938203
UBFC_PHYS_s04_T3_test,146,229,153.63333333333333,0.43483126163482666,-0.07619217654508846
UBFC_PHYS_s04_T3_test,146,230,153.66666666666666,0.43739408254623413,0.23265928608586378
UBFC_PHYS_s04_T3_test,146,231,153.7,0.43333059549331665,0.4756665780927926
UBFC_PHYS_s04_T3_test,146,232,153.73333333333332,0.4941759407520294,0.5966392437293657
UBFC_PHYS_s04_T3_test,146,233,153.76666666666668,0.6087043285369873,0.5789840787367573
UBFC_PHYS_s04_T3_test,146,234,153.8,0.603003740310669,0.4516985806435899
UBFC_PHYS_s04_T3_test,146,235,153.83333333333334,0.4222899377346039,0.276186575689064
UBFC_PHYS_s04_T3_test,146,236,153.86666666666667,0.25760602951049805,0.1199625915669866
UBFC_PHYS_s04_T3_test,146,237,153.9,0.2735384702682495,0.029563116682200075
UBFC_PHYS_s04_T3_test,146,238,153.93333333333334,0.3769580125808716,0.01418108280242925
UBFC_PHYS_s04_T3_test,146,239,153.96666666666667,0.3642997741699219,0.045512102650556725
UBFC_PHYS_s04_T3_test,147,0,147.0,-0.526153028011322,-0.12133547959001226
UBFC_PHYS_s04_T3_test,147,1,147.03333333333333,-0.8526071906089783,-0.2646698188735304
UBFC_PHYS_s04_T3_test,147,2,147.06666666666666,-0.8362752199172974,-0.41630638783068513
UBFC_PHYS_s04_T3_test,147,3,147.1,-0.39047878980636597,-0.5834989560367303
UBFC_PHYS_s04_T3_test,147,4,147.13333333333333,0.26278039813041687,-0.7670613943462039
UBFC_PHYS_s04_T3_test,147,5,147.16666666666666,0.8405773639678955,-0.9574175906256324
UBFC_PHYS_s04_T3_test,147,6,147.2,1.218142032623291,-1.131732698171958
UBFC_PHYS_s04_T3_test,147,7,147.23333333333332,1.4319289922714233,-1.2549221822549228
UBFC_PHYS_s04_T3_test,147,8,147.26666666666668,1.5636956691741943,-1.2863737311151542
UBFC_PHYS_s04_T3_test,147,9,147.3,1.6301636695861816,-1.191657733024032
UBFC_PHYS_s04_T3_test,147,10,147.33333333333334,1.6085500717163086,-0.9559416430831753
UBFC_PHYS_s04_T3_test,147,11,147.36666666666667,1.5173892974853516,-0.5940921637167748
UBFC_PHYS_s04_T3_test,147,12,147.4,1.3932234048843384,-0.1522531284033788
UBFC_PHYS_s04_T3_test,147,13,147.43333333333334,1.264974594116211,0.3017844913976325
UBFC_PHYS_s04_T3_test,147,14,147.46666666666667,1.1519371271133423,0.6970058331176746
UBFC_PHYS_s04_T3_test,147,15,147.5,1.009207844734192,0.9792246537238716
UBFC_PHYS_s04_T3_test,147,16,147.53333333333333,0.7904218435287476,1.1244497999753087
UBFC_PHYS_s04_T3_test,147,17,147.56666666666666,0.583183228969574,1.140619847986082
UBFC_PHYS_s04_T3_test,147,18,147.6,0.4486783444881439,1.0587902215933367
UBFC_PHYS_s04_T3_test,147,19,147.63333333333333,0.28874003887176514,0.9194170435307296
UBFC_PHYS_s04_T3_test,147,20,147.66666666666666,0.02519705891609192,0.7596470057006424
UBFC_PHYS_s04_T3_test,147,21,147.7,-0.27655455470085144,0.6050133901924807
UBFC_PHYS_s04_T3_test,147,22,147.73333333333332,-0.528939962387085,0.46650563237096176
UBFC_PHYS_s04_T3_test,147,23,147.76666666666668,-0.6947640180587769,0.34239756034108243
UBFC_PHYS_s04_T3_test,147,24,147.8,-0.789462149143219,0.22319782810409394
UBFC_PHYS_s04_T3_test,147,25,147.83333333333334,-0.9228560924530029,0.09776673981194171
UBFC_PHYS_s04_T3_test,147,26,147.86666666666667,-1.1915637254714966,-0.040943107550216074
UBFC_PHYS_s04_T3_test,147,27,147.9,-1.4782111644744873,-0.19156349439771211
UBFC_PHYS_s04_T3_test,147,28,147.93333333333334,-1.5018223524093628,-0.34235091760380465
UBFC_PHYS_s04_T3_test,147,29,147.96666666666667,-1.1326088905334473,-0.47246641292464797
UBFC_PHYS_s04_T3_test,147,30,148.0,-0.5593333840370178,-0.5567245350431573
UBFC_PHYS_s04_T3_test,147,31,148.03333333333333,-0.10407494753599167,-0.5727801343022312
UBFC_PHYS_s04_T3_test,147,32,148.06666666666666,0.07215633988380432,-0.5084497614886736
UBFC_PHYS_s04_T3_test,147,33,148.1,0.007452122401446104,-0.36663526084634185
UBFC_PHYS_s04_T3_test,147,34,148.13333333333333,-0.1437550038099289,-0.166519643279293
UBFC_PHYS_s04_T3_test,147,35,148.16666666666666,-0.22884494066238403,0.058815535514839624
UBFC_PHYS_s04_T3_test,147,36,148.2,-0.22177034616470337,0.2676289719964121
UBFC_PHYS_s04_T3_test,147,37,148.23333333333332,-0.19797401130199432,0.4169391738890473
UBFC_PHYS_s04_T3_test,147,38,148.26666666666668,-0.19397872686386108,0.47126268549755657
UBFC_PHYS_s04_T3_test,147,39,148.3,-0.19154256582260132,0.4111016192431548
UBFC_PHYS_s04_T3_test,147,40,148.33333333333334,-0.21003784239292145,0.23881542825892765
UBFC_PHYS_s04_T3_test,147,41,148.36666666666667,-0.28560730814933777,-0.020402130578107067
UBFC_PHYS_s04_T3_test,147,42,148.4,-0.3991904854774475,-0.3232138365316337
UBFC_PHYS_s04_T3_test,147,43,148.43333333333334,-0.5114386677742004,-0.6170824503345513
UBFC_PHYS_s04_T3_test,147,44,148.46666666666667,-0.6411686539649963,-0.8505109559861764
UBFC_PHYS_s04_T3_test,147,45,148.5,-0.8250689506530762,-0.9817279435127692
UBFC_PHYS_s04_T3_test,147,46,148.53333333333333,-1.0077121257781982,-0.9846137061242151
UBFC_PHYS_s04_T3_test,147,47,148.56666666666666,-1.0875204801559448,-0.8522836728691399
UBFC_PHYS_s04_T3_test,147,48,148.6,-1.0883780717849731,-0.5989569773632327
UBFC_PHYS_s04_T3_test,147,49,148.63333333333333,-1.1602153778076172,-0.25989032626349745
UBFC_PHYS_s04_T3_test,147,50,148.66666666666666,-1.351131796836853,0.11164357560861768
UBFC_PHYS_s04_T3_test,147,51,148.7,-1.4513161182403564,0.45151775353797025
UBFC_PHYS_s04_T3_test,147,52,148.73333333333332,-1.1687126159667969,0.696477532705903
UBFC_PHYS_s04_T3_test,147,53,148.76666666666668,-0.4497455060482025,0.7988852540343382
UBFC_PHYS_s04_T3_test,147,54,148.8,0.4202045798301697,0.7403990342985766
UBFC_PHYS_s04_T3_test,147,55,148.83333333333334,1.1078232526779175,0.5395382481096603
UBFC_PHYS_s04_T3_test,147,56,148.86666666666667,1.5501993894577026,0.24997017311057906
UBFC_PHYS_s04_T3_test,147,57,148.9,1.9152811765670776,-0.050606950151571246
UBFC_PHYS_s04_T3_test,147,58,148.93333333333334,2.2625110149383545,-0.27894934517164843
UBFC_PHYS_s04_T3_test,147,59,148.96666666666667,2.424222707748413,-0.3685455251728591
UBFC_PHYS_s04_T3_test,147,60,149.0,2.2893574237823486,-0.29033560405741604
UBFC_PHYS_s04_T3_test,147,61,149.03333333333333,1.9780852794647217,-0.06501771102414357
UBFC_PHYS_s04_T3_test,147,62,149.06666666666666,1.6680896282196045,0.23952438875877652
UBFC_PHYS_s04_T3_test,147,63,149.1,1.4360218048095703,0.52801226387221
UBFC_PHYS_s04_T3_test,147,64,149.13333333333333,1.269554615020752,0.7095871462761252
UBFC_PHYS_s04_T3_test,147,65,149.16666666666666,1.0492582321166992,0.7296735335996106
UBFC_PHYS_s04_T3_test,147,66,149.2,0.6548938155174255,0.5885654687657689
UBFC_PHYS_s04_T3_test,147,67,149.23333333333332,0.16836488246917725,0.3389537541466043
UBFC_PHYS_s04_T3_test,147,68,149.26666666666668,-0.19641487300395966,0.06448364242176571
UBFC_PHYS_s04_T3_test,147,69,149.3,-0.4398839771747589,-0.150457867938281
UBFC_PHYS_s04_T3_test,147,70,149.33333333333334,-0.8179066181182861,-0.24781961895138066
UBFC_PHYS_s04_T3_test,147,71,149.36666666666667,-1.466030478477478,-0.21142718721114004
UBFC_PHYS_s04_T3_test,147,72,149.4,-2.199263572692871,-0.06772051097626942
UBFC_PHYS_s04_T3_test,147,73,149.43333333333334,-2.7712039947509766,0.12665962089759766
UBFC_PHYS_s04_T3_test,147,74,149.46666666666667,-3.11669921875,0.30489567427997505
UBFC_PHYS_s04_T3_test,147,75,149.5,-3.2033872604370117,0.41025223436928593
UBFC_PHYS_s04_T3_test,147,76,149.53333333333333,-2.952648639678955,0.41004077057877686
UBFC_PHYS_s04_T3_test,147,77,149.56666666666666,-2.4684975147247314,0.2998948113221464
UBFC_PHYS_s04_T3_test,147,78,149.6,-1.897950530052185,0.09907477545127245
UBFC_PHYS_s04_T3_test,147,79,149.63333333333333,-1.2192773818969727,-0.15926692786547164
UBFC_PHYS_s04_T3_test,147,80,149.66666666666666,-0.41472339630126953,-0.43800957476428326
UBFC_PHYS_s04_T3_test,147,81,149.7,0.3520020544528961,-0.7026795744797623
UBFC_PHYS_s04_T3_test,147,82,149.73333333333332,0.9126192331314087,-0.9238265059911028
UBFC_PHYS_s04_T3_test,147,83,149.76666666666668,1.2433903217315674,-1.0765545802585315
UBFC_PHYS_s04_T3_test,147,84,149.8,1.4016135931015015,-1.1396272347175023
UBFC_PHYS_s04_T3_test,147,85,149.83333333333334,1.4486898183822632,-1.0961976537207019
UBFC_PHYS_s04_T3_test,147,86,149.86666666666667,1.4406017065048218,-0.9369696806221167
UBFC_PHYS_s04_T3_test,147,87,149.9,1.4359632730484009,-0.6650054207477488
UBFC_PHYS_s04_T3_test,147,88,149.93333333333334,1.4765690565109253,-0.30007103390039286
UBFC_PHYS_s04_T3_test,147,89,149.96666666666667,1.525253176689148,0.11996022858899891
UBFC_PHYS_s04_T3_test,147,90,150.0,1.4914199113845825,0.5422996100265223
UBFC_PHYS_s04_T3_test,147,91,150.03333333333333,1.3770474195480347,0.9072415536676804
UBFC_PHYS_s04_T3_test,147,92,150.06666666666666,1.2722440958023071,1.1597363445554394
UBFC_PHYS_s04_T3_test,147,93,150.1,1.1537399291992188,1.2617033995854623
UBFC_PHYS_s04_T3_test,147,94,150.13333333333333,0.8991424441337585,1.2008441740991187
UBFC_PHYS_s04_T3_test,147,95,150.16666666666666,0.473302960395813,0.9923326074109641
UBFC_PHYS_s04_T3_test,147,96,150.2,-0.012631519697606564,0.6731087451154756
UBFC_PHYS_s04_T3_test,147,97,150.23333333333332,-0.3730749189853668,0.2918976064089518
UBFC_PHYS_s04_T3_test,147,98,150.26666666666668,-0.45362386107444763,-0.10113621180597383
UBFC_PHYS_s04_T3_test,147,99,150.3,-0.2824597954750061,-0.4622544718763755
UBFC_PHYS_s04_T3_test,147,100,150.33333333333334,-0.03482974320650101,-0.7578844718487514
UBFC_PHYS_s04_T3_test,147,101,150.36666666666667,0.1736951768398285,-0.9639542750052383
UBFC_PHYS_s04_T3_test,147,102,150.4,0.3222127854824066,-1.0624847163792892
UBFC_PHYS_s04_T3_test,147,103,150.43333333333334,0.3960769474506378,-1.0387162157817675
UBFC_PHYS_s04_T3_test,147,104,150.46666666666667,0.39811354875564575,-0.8820746246528646
UBFC_PHYS_s04_T3_test,147,105,150.5,0.382872998714447,-0.5922048433683267
UBFC_PHYS_s04_T3_test,147,106,150.53333333333333,0.3825611472129822,-0.1878241748203433
UBFC_PHYS_s04_T3_test,147,107,150.56666666666666,0.3667651414871216,0.2867797728919171
UBFC_PHYS_s04_T3_test,147,108,150.6,0.3207511007785797,0.7631431718270799
UBFC_PHYS_s04_T3_test,147,109,150.63333333333333,0.26136744022369385,1.1604497632604818
UBFC_PHYS_s04_T3_test,147,110,150.66666666666666,0.18861417472362518,1.405078479577669
UBFC_PHYS_s04_T3_test,147,111,150.7,0.09427659958600998,1.4507516009333272
UBFC_PHYS_s04_T3_test,147,112,150.73333333333332,-0.019998446106910706,1.2913524295157992
UBFC_PHYS_s04_T3_test,147,113,150.76666666666668,-0.1573682278394699,0.961588638622834
UBFC_PHYS_s04_T3_test,147,114,150.8,-0.3082732558250427,0.5258923084124753
UBFC_PHYS_s04_T3_test,147,115,150.83333333333334,-0.46773406863212585,0.06039413740082572
UBFC_PHYS_s04_T3_test,147,116,150.86666666666667,-0.6449885368347168,-0.3656068783126851
UBFC_PHYS_s04_T3_test,147,117,150.9,-0.7604329586029053,-0.7033314473746126
UBFC_PHYS_s04_T3_test,147,118,150.93333333333334,-0.672984778881073,-0.9304050567638505
UBFC_PHYS_s04_T3_test,147,119,150.96666666666667,-0.40355604887008667,-1.0486453446538806
UBFC_PHYS_s04_T3_test,147,120,151.0,-0.1459670215845108,-1.0757422698004833
UBFC_PHYS_s04_T3_test,147,121,151.03333333333333,-0.03394298255443573,-1.0342534749943717
UBFC_PHYS_s04_T3_test,147,122,151.06666666666666,-0.0734768658876419,-0.9417051834134141
UBFC_PHYS_s04_T3_test,147,123,151.1,-0.2517935037612915,-0.8049766669047175
UBFC_PHYS_s04_T3_test,147,124,151.13333333333333,-0.5237070918083191,-0.6207554044555347
UBFC_PHYS_s04_T3_test,147,125,151.16666666666666,-0.8289667963981628,-0.38188046121109137
UBFC_PHYS_s04_T3_test,147,126,151.2,-1.1009485721588135,-0.08721682646993976
UBFC_PHYS_s04_T3_test,147,127,151.23333333333332,-1.1646783351898193,0.24897770988722673
UBFC_PHYS_s04_T3_test,147,128,151.26666666666668,-0.8424046039581299,0.5926320200092762
UBFC_PHYS_s04_T3_test,147,129,151.3,-0.32055145502090454,0.893416581499842
UBFC_PHYS_s04_T3_test,147,130,151.33333333333334,-0.0076910024508833885,1.0962281355645467
UBFC_PHYS_s04_T3_test,147,131,151.36666666666667,-0.011208807118237019,1.1569042039638755
UBFC_PHYS_s04_T3_test,147,132,151.4,-0.11892573535442352,1.0559673667546354
UBFC_PHYS_s04_T3_test,147,133,151.43333333333334,-0.2213415950536728,0.804654261280479
UBFC_PHYS_s04_T3_test,147,134,151.46666666666667,-0.44981372356414795,0.44118155583985896
UBFC_PHYS_s04_T3_test,147,135,151.5,-0.9332340955734253,0.01979824425100335
UBFC_PHYS_s04_T3_test,147,136,151.53333333333333,-1.5305689573287964,-0.4021327347334519
UBFC_PHYS_s04_T3_test,147,137,151.56666666666666,-1.8099956512451172,-0.7739446854946432
UBFC_PHYS_s04_T3_test,147,138,151.6,-1.5596274137496948,-1.0557227824801998
UBFC_PHYS_s04_T3_test,147,139,151.63333333333333,-1.331126093864441,-1.2173306918189482
UBFC_PHYS_s04_T3_test,147,140,151.66666666666666,-1.9257227182388306,-1.235847284425717
UBFC_PHYS_s04_T3_test,147,141,151.7,-3.0005922317504883,-1.0955430628872795
UBFC_PHYS_s04_T3_test,147,142,151.73333333333332,-3.2780895233154297,-0.7927097833090746
UBFC_PHYS_s04_T3_test,147,143,151.76666666666668,-2.505302906036377,-0.3441339014948995
UBFC_PHYS_s04_T3_test,147,144,151.8,-1.6978157758712769,0.20544785874219132
UBFC_PHYS_s04_T3_test,147,145,151.83333333333334,-1.2480825185775757,0.7828393920275041
UBFC_PHYS_s04_T3_test,147,146,151.86666666666667,-0.8339560031890869,1.2965706907640737
UBFC_PHYS_s04_T3_test,147,147,151.9,-0.4507589638233185,1.6564745900242401
UBFC_PHYS_s04_T3_test,147,148,151.93333333333334,-0.20001064240932465,1.7959194878419205
UBFC_PHYS_s04_T3_test,147,149,151.96666666666667,0.061680879443883896,1.6879269439054805
UBFC_PHYS_s04_T3_test,147,150,152.0,0.32177427411079407,1.3495622652826051
UBFC_PHYS_s04_T3_test,147,151,152.03333333333333,0.3343740701675415,0.834561769571055
UBFC_PHYS_s04_T3_test,147,152,152.06666666666666,0.0948125571012497,0.2183326401677948
UBFC_PHYS_s04_T3_test,147,153,152.1,-0.03581395000219345,-0.41881966944054166
UBFC_PHYS_s04_T3_test,147,154,152.13333333333333,0.3034933805465698,-1.0047058315678596
UBFC_PHYS_s04_T3_test,147,155,152.16666666666666,1.0308408737182617,-1.4812886026980066
UBFC_PHYS_s04_T3_test,147,156,152.2,1.7889033555984497,-1.8042667507699979
UBFC_PHYS_s04_T3_test,147,157,152.23333333333332,2.457052230834961,-1.9400569766373896
UBFC_PHYS_s04_T3_test,147,158,152.26666666666668,3.094564199447632,-1.8650788095790412
UBFC_PHYS_s04_T3_test,147,159,152.3,3.571640968322754,-1.5705601438440238
UBFC_PHYS_s04_T3_test,147,160,152.33333333333334,3.7353601455688477,-1.0723590422368046
UBFC_PHYS_s04_T3_test,147,161,152.36666666666667,3.6318724155426025,-0.42091460861211916
UBFC_PHYS_s04_T3_test,147,162,152.4,3.293539524078369,0.29640692263240026
UBFC_PHYS_s04_T3_test,147,163,152.43333333333334,2.617302417755127,0.9668102148546557
UBFC_PHYS_s04_T3_test,147,164,152.46666666666667,1.6576824188232422,1.4771137068102984
UBFC_PHYS_s04_T3_test,147,165,152.5,0.7652515172958374,1.7439314945695026
UBFC_PHYS_s04_T3_test,147,166,152.53333333333333,0.23969542980194092,1.7361351608987905
UBFC_PHYS_s04_T3_test,147,167,152.56666666666666,-0.014863035641610622,1.4797001443311333
UBFC_PHYS_s04_T3_test,147,168,152.6,-0.2608267366886139,1.0444636786379384
UBFC_PHYS_s04_T3_test,147,169,152.63333333333333,-0.6779447793960571,0.520935414202585
UBFC_PHYS_s04_T3_test,147,170,152.66666666666666,-1.2963182926177979,-0.0030229618823524682
UBFC_PHYS_s04_T3_test,147,171,152.7,-1.9601893424987793,-0.45916723583583313
UBFC_PHYS_s04_T3_test,147,172,152.73333333333332,-2.3389039039611816,-0.8066411998557086
UBFC_PHYS_s04_T3_test,147,173,152.76666666666668,-2.19100022315979,-1.0303311251415606
UBFC_PHYS_s04_T3_test,147,174,152.8,-1.6720607280731201,-1.1319278957607466
UBFC_PHYS_s04_T3_test,147,175,152.83333333333334,-1.1083447933197021,-1.1182228010636717
UBFC_PHYS_s04_T3_test,147,176,152.86666666666667,-0.6319697499275208,-0.9928365705085801
UBFC_PHYS_s04_T3_test,147,177,152.9,-0.2584880590438843,-0.7564199400238925
UBFC_PHYS_s04_T3_test,147,178,152.93333333333334,-0.04560728371143341,-0.41552862474493835
UBFC_PHYS_s04_T3_test,147,179,152.96666666666667,0.009722616523504257,0.005474699040476975
UBFC_PHYS_s04_T3_test,147,180,153.0,0.007949097082018852,0.45808656073790494
UBFC_PHYS_s04_T3_test,147,181,153.03333333333333,0.01766447350382805,0.8751632745340332
UBFC_PHYS_s04_T3_test,147,182,153.06666666666666,0.13883870840072632,1.187697433904412
UBFC_PHYS_s04_T3_test,147,183,153.1,0.5388939380645752,1.3454478681312814
UBFC_PHYS_s04_T3_test,147,184,153.13333333333333,1.1396687030792236,1.3316571441606637
UBFC_PHYS_s04_T3_test,147,185,153.16666666666666,1.5322010517120361,1.16530253767111
UBFC_PHYS_s04_T3_test,147,186,153.2,1.4436225891113281,0.8908547223855131
UBFC_PHYS_s04_T3_test,147,187,153.23333333333332,1.0389386415481567,0.5612186699399788
UBFC_PHYS_s04_T3_test,147,188,153.26666666666668,0.7366803288459778,0.22131540681186246
UBFC_PHYS_s04_T3_test,147,189,153.3,0.8827422857284546,-0.10191308959292425
UBFC_PHYS_s04_T3_test,147,190,153.33333333333334,1.4092727899551392,-0.40042169229661473
UBFC_PHYS_s04_T3_test,147,191,153.36666666666667,1.9015705585479736,-0.6776879660414087
UBFC_PHYS_s04_T3_test,147,192,153.4,2.139066219329834,-0.9368316561392646
UBFC_PHYS_s04_T3_test,147,193,153.43333333333334,2.267958164215088,-1.1694826413138046
UBFC_PHYS_s04_T3_test,147,194,153.46666666666667,2.3095579147338867,-1.350032926926111
UBFC_PHYS_s04_T3_test,147,195,153.5,2.0347306728363037,-1.4379449214209574
UBFC_PHYS_s04_T3_test,147,196,153.53333333333333,1.4233732223510742,-1.3884228645296206
UBFC_PHYS_s04_T3_test,147,197,153.56666666666666,0.8216241002082825,-1.1690776144637627
UBFC_PHYS_s04_T3_test,147,198,153.6,0.5010361075401306,-0.7773803236781813
UBFC_PHYS_s04_T3_test,147,199,153.63333333333333,0.43483126163482666,-0.25183665992460674
UBFC_PHYS_s04_T3_test,147,200,153.66666666666666,0.43739408254623413,0.32952136974273555
UBFC_PHYS_s04_T3_test,147,201,153.7,0.43333059549331665,0.8654457310788973
UBFC_PHYS_s04_T3_test,147,202,153.73333333333332,0.4941759407520294,1.257813220272528
UBFC_PHYS_s04_T3_test,147,203,153.76666666666668,0.6087043285369873,1.4377518191320526
UBFC_PHYS_s04_T3_test,147,204,153.8,0.603003740310669,1.3811275728629657
UBFC_PHYS_s04_T3_test,147,205,153.83333333333334,0.4222899377346039,1.1085480603206785
UBFC_PHYS_s04_T3_test,147,206,153.86666666666667,0.25760602951049805,0.6732390686220016
UBFC_PHYS_s04_T3_test,147,207,153.9,0.2735384702682495,0.1452881702510939
UBFC_PHYS_s04_T3_test,147,208,153.93333333333334,0.3769580125808716,-0.4006204889627202
UBFC_PHYS_s04_T3_test,147,209,153.96666666666667,0.3642997741699219,-0.8920118789879493
UBFC_PHYS_s04_T3_test,147,210,154.0,0.1601111888885498,-1.2622295828979229
UBFC_PHYS_s04_T3_test,147,211,154.03333333333333,-0.20294375717639923,-1.4545206398472428
UBFC_PHYS_s04_T3_test,147,212,154.06666666666666,-0.653758704662323,-1.4291273876890183
UBFC_PHYS_s04_T3_test,147,213,154.1,-1.0589395761489868,-1.173186772955098
UBFC_PHYS_s04_T3_test,147,214,154.13333333333333,-1.2774430513381958,-0.7101852268973186
UBFC_PHYS_s04_T3_test,147,215,154.16666666666666,-1.3358327150344849,-0.10356481830427902
UBFC_PHYS_s04_T3_test,147,216,154.2,-1.3946316242218018,0.5507680441058737
UBFC_PHYS_s04_T3_test,147,217,154.23333333333332,-1.513321042060852,1.1441944345569568
UBFC_PHYS_s04_T3_test,147,218,154.26666666666668,-1.6267873048782349,1.5815447499059674
UBFC_PHYS_s04_T3_test,147,219,154.3,-1.7555818557739258,1.8033791756854762
UBFC_PHYS_s04_T3_test,147,220,154.33333333333334,-2.0096724033355713,1.7963572399758851
UBFC_PHYS_s04_T3_test,147,221,154.36666666666667,-2.3897221088409424,1.5899523712551615
UBFC_PHYS_s04_T3_test,147,222,154.4,-2.792330503463745,1.2430930730261929
UBFC_PHYS_s04_T3_test,147,223,154.43333333333334,-3.2377564907073975,0.8266621968537965
UBFC_PHYS_s04_T3_test,147,224,154.46666666666667,-3.8650269508361816,0.407429683182174
UBFC_PHYS_s04_T3_test,147,225,154.5,-4.542296886444092,0.03691695917695657
UBFC_PHYS_s04_T3_test,147,226,154.53333333333333,-4.794399738311768,-0.2538708350933036
UBFC_PHYS_s04_T3_test,147,227,154.56666666666666,-4.460188865661621,-0.45485905878409233
UBFC_PHYS_s04_T3_test,147,228,154.6,-3.7952263355255127,-0.574192387731606
UBFC_PHYS_s04_T3_test,147,229,154.63333333333333,-2.9460127353668213,-0.6335872864819885
UBFC_PHYS_s04_T3_test,147,230,154.66666666666666,-1.8137571811676025,-0.661876635241135
UBFC_PHYS_s04_T3_test,147,231,154.7,-0.36057257652282715,-0.6866512959299775
UBFC_PHYS_s04_T3_test,147,232,154.73333333333332,1.2162516117095947,-0.725201484255152
UBFC_PHYS_s04_T3_test,147,233,154.76666666666668,2.509829044342041,-0.7777649285817007
UBFC_PHYS_s04_T3_test,147,234,154.8,3.114511489868164,-0.8266557584636114
UBFC_PHYS_s04_T3_test,147,235,154.83333333333334,3.0506062507629395,-0.843021757315037
UBFC_PHYS_s04_T3_test,147,236,154.86666666666667,2.828458309173584,-0.7991977080253486
UBFC_PHYS_s04_T3_test,147,237,154.9,2.8531317710876465,-0.6813509710680589
UBFC_PHYS_s04_T3_test,147,238,154.93333333333334,2.9160430431365967,-0.49673889373889496
UBFC_PHYS_s04_T3_test,147,239,154.96666666666667,2.6716384887695312,-0.27260745941644887
UBFC_PHYS_s04_T3_test,148,0,148.0,-0.5593333840370178,0.0021604912516294946
UBFC_PHYS_s04_T3_test,148,1,148.03333333333333,-0.10407494753599167,0.008042709108980108
UBFC_PHYS_s04_T3_test,148,2,148.06666666666666,0.07215633988380432,0.03192039445615322
UBFC_PHYS_s04_T3_test,148,3,148.1,0.007452122401446104,0.085554228647405
UBFC_PHYS_s04_T3_test,148,4,148.13333333333333,-0.1437550038099289,0.1698678458573636
UBFC_PHYS_s04_T3_test,148,5,148.16666666666666,-0.22884494066238403,0.27290448023206093
UBFC_PHYS_s04_T3_test,148,6,148.2,-0.22177034616470337,0.3711014403296315
UBFC_PHYS_s04_T3_test,148,7,148.23333333333332,-0.19797401130199432,0.4340383206257906
UBFC_PHYS_s04_T3_test,148,8,148.26666666666668,-0.19397872686386108,0.4324537589795877
UBFC_PHYS_s04_T3_test,148,9,148.3,-0.19154256582260132,0.3483808026954159
UBFC_PHYS_s04_T3_test,148,10,148.33333333333334,-0.21003784239292145,0.1845434951526464
UBFC_PHYS_s04_T3_test,148,11,148.36666666666667,-0.28560730814933777,-0.031097612858905145
UBFC_PHYS_s04_T3_test,148,12,148.4,-0.3991904854774475,-0.24912611998696352
UBFC_PHYS_s04_T3_test,148,13,148.43333333333334,-0.5114386677742004,-0.4114085747802888
UBFC_PHYS_s04_T3_test,148,14,148.46666666666667,-0.6411686539649963,-0.46938685389395635
UBFC_PHYS_s04_T3_test,148,15,148.5,-0.8250689506530762,-0.4013684572671045
UBFC_PHYS_s04_T3_test,148,16,148.53333333333333,-1.0077121257781982,-0.2218413308062226
UBFC_PHYS_s04_T3_test,148,17,148.56666666666666,-1.0875204801559448,0.021511571684827174
UBFC_PHYS_s04_T3_test,148,18,148.6,-1.0883780717849731,0.2626399962810626
UBFC_PHYS_s04_T3_test,148,19,148.63333333333333,-1.1602153778076172,0.4380481418116038
UBFC_PHYS_s04_T3_test,148,20,148.66666666666666,-1.351131796836853,0.5047424271595695
UBFC_PHYS_s04_T3_test,148,21,148.7,-1.4513161182403564,0.4478718343302153
UBFC_PHYS_s04_T3_test,148,22,148.73333333333332,-1.1687126159667969,0.2775444110053449
UBFC_PHYS_s04_T3_test,148,23,148.76666666666668,-0.4497455060482025,0.02056823346924956
UBFC_PHYS_s04_T3_test,148,24,148.8,0.4202045798301697,-0.2865413680945471
UBFC_PHYS_s04_T3_test,148,25,148.83333333333334,1.1078232526779175,-0.6006703579622805
UBFC_PHYS_s04_T3_test,148,26,148.86666666666667,1.5501993894577026,-0.872716226991835
UBFC_PHYS_s04_T3_test,148,27,148.9,1.9152811765670776,-1.04938772976684
UBFC_PHYS_s04_T3_test,148,28,148.93333333333334,2.2625110149383545,-1.079960735741358
UBFC_PHYS_s04_T3_test,148,29,148.96666666666667,2.424222707748413,-0.9293626607238935
UBFC_PHYS_s04_T3_test,148,30,149.0,2.2893574237823486,-0.5946821373161147
UBFC_PHYS_s04_T3_test,148,31,149.03333333333333,1.9780852794647217,-0.11786797122305497
UBFC_PHYS_s04_T3_test,148,32,149.06666666666666,1.6680896282196045,0.41432529898450704
UBFC_PHYS_s04_T3_test,148,33,149.1,1.4360218048095703,0.8884688936361007
UBFC_PHYS_s04_T3_test,148,34,149.13333333333333,1.269554615020752,1.1972186962706977
UBFC_PHYS_s04_T3_test,148,35,149.16666666666666,1.0492582321166992,1.27432231696802
UBFC_PHYS_s04_T3_test,148,36,149.2,0.6548938155174255,1.1164365061953745
UBFC_PHYS_s04_T3_test,148,37,149.23333333333332,0.16836488246917725,0.7818395477686468
UBFC_PHYS_s04_T3_test,148,38,149.26666666666668,-0.19641487300395966,0.36769395737232013
UBFC_PHYS_s04_T3_test,148,39,149.3,-0.4398839771747589,-0.022746090792527183
UBFC_PHYS_s04_T3_test,148,40,149.33333333333334,-0.8179066181182861,-0.30983430702592846
UBFC_PHYS_s04_T3_test,148,41,149.36666666666667,-1.466030478477478,-0.4552948693749519
UBFC_PHYS_s04_T3_test,148,42,149.4,-2.199263572692871,-0.46471949383819106
UBFC_PHYS_s04_T3_test,148,43,149.43333333333334,-2.7712039947509766,-0.37644945735182234
UBFC_PHYS_s04_T3_test,148,44,149.46666666666667,-3.11669921875,-0.24261661350826627
UBFC_PHYS_s04_T3_test,148,45,149.5,-3.2033872604370117,-0.11010207073617967
UBFC_PHYS_s04_T3_test,148,46,149.53333333333333,-2.952648639678955,-0.008057143021266363
UBFC_PHYS_s04_T3_test,148,47,149.56666666666666,-2.4684975147247314,0.054854417222870835
UBFC_PHYS_s04_T3_test,148,48,149.6,-1.897950530052185,0.08453421109350531
UBFC_PHYS_s04_T3_test,148,49,149.63333333333333,-1.2192773818969727,0.09118995929510504
UBFC_PHYS_s04_T3_test,148,50,149.66666666666666,-0.41472339630126953,0.08033295588867384
UBFC_PHYS_s04_T3_test,148,51,149.7,0.3520020544528961,0.04940328102788148
UBFC_PHYS_s04_T3_test,148,52,149.73333333333332,0.9126192331314087,-0.008779048961588048
UBFC_PHYS_s04_T3_test,148,53,149.76666666666668,1.2433903217315674,-0.09819844277521972
UBFC_PHYS_s04_T3_test,148,54,149.8,1.4016135931015015,-0.21226935117505227
UBFC_PHYS_s04_T3_test,148,55,149.83333333333334,1.4486898183822632,-0.3313226246139736
UBFC_PHYS_s04_T3_test,148,56,149.86666666666667,1.4406017065048218,-0.42636346416579146
UBFC_PHYS_s04_T3_test,148,57,149.9,1.4359632730484009,-0.46714436313487284
UBFC_PHYS_s04_T3_test,148,58,149.93333333333334,1.4765690565109253,-0.4311161028421672
UBFC_PHYS_s04_T3_test,148,59,149.96666666666667,1.525253176689148,-0.31033422146722245
UBFC_PHYS_s04_T3_test,148,60,150.0,1.4914199113845825,-0.11476200967224197
UBFC_PHYS_s04_T3_test,148,61,150.03333333333333,1.3770474195480347,0.12844711704664555
UBFC_PHYS_s04_T3_test,148,62,150.06666666666666,1.2722440958023071,0.3795373686840563
UBFC_PHYS_s04_T3_test,148,63,150.1,1.1537399291992188,0.593819986293272
UBFC_PHYS_s04_T3_test,148,64,150.13333333333333,0.8991424441337585,0.7306002037423674
UBFC_PHYS_s04_T3_test,148,65,150.16666666666666,0.473302960395813,0.7612460274480521
UBFC_PHYS_s04_T3_test,148,66,150.2,-0.012631519697606564,0.6752860014921593
UBFC_PHYS_s04_T3_test,148,67,150.23333333333332,-0.3730749189853668,0.48384659762119764
UBFC_PHYS_s04_T3_test,148,68,150.26666666666668,-0.45362386107444763,0.2186348455254545
UBFC_PHYS_s04_T3_test,148,69,150.3,-0.2824597954750061,-0.07507426924910135
UBFC_PHYS_s04_T3_test,148,70,150.33333333333334,-0.03482974320650101,-0.3495082477701686
UBFC_PHYS_s04_T3_test,148,71,150.36666666666667,0.1736951768398285,-0.564509226557388
UBFC_PHYS_s04_T3_test,148,72,150.4,0.3222127854824066,-0.6928047539493798
UBFC_PHYS_s04_T3_test,148,73,150.43333333333334,0.3960769474506378,-0.7204508528938052
UBFC_PHYS_s04_T3_test,148,74,150.46666666666667,0.39811354875564575,-0.6454272219599061
UBFC_PHYS_s04_T3_test,148,75,150.5,0.382872998714447,-0.4773606328156005
UBFC_PHYS_s04_T3_test,148,76,150.53333333333333,0.3825611472129822,-0.23869830440731557
UBFC_PHYS_s04_T3_test,148,77,150.56666666666666,0.3667651414871216,0.035201839260620704
UBFC_PHYS_s04_T3_test,148,78,150.6,0.3207511007785797,0.30012334433956755
UBFC_PHYS_s04_T3_test,148,79,150.63333333333333,0.26136744022369385,0.5119051110596786
UBFC_PHYS_s04_T3_test,148,80,150.66666666666666,0.18861417472362518,0.637305814187407
UBFC_PHYS_s04_T3_test,148,81,150.7,0.09427659958600998,0.6619853646246997
UBFC_PHYS_s04_T3_test,148,82,150.73333333333332,-0.019998446106910706,0.5922910671637897
UBFC_PHYS_s04_T3_test,148,83,150.76666666666668,-0.1573682278394699,0.45076554390580936
UBFC_PHYS_s04_T3_test,148,84,150.8,-0.3082732558250427,0.26764327560406964
UBFC_PHYS_s04_T3_test,148,85,150.83333333333334,-0.46773406863212585,0.07150984669825511
UBFC_PHYS_s04_T3_test,148,86,150.86666666666667,-0.6449885368347168,-0.1177504823344995
UBFC_PHYS_s04_T3_test,148,87,150.9,-0.7604329586029053,-0.29143317114132605
UBFC_PHYS_s04_T3_test,148,88,150.93333333333334,-0.672984778881073,-0.44921886335781447
UBFC_PHYS_s04_T3_test,148,89,150.96666666666667,-0.40355604887008667,-0.5924523440702554
UBFC_PHYS_s04_T3_test,148,90,151.0,-0.1459670215845108,-0.716657393070635
UBFC_PHYS_s04_T3_test,148,91,151.03333333333333,-0.03394298255443573,-0.8069543148645867
UBFC_PHYS_s04_T3_test,148,92,151.06666666666666,-0.0734768658876419,-0.8387441325424215
UBFC_PHYS_s04_T3_test,148,93,151.1,-0.2517935037612915,-0.7838242910341735
UBFC_PHYS_s04_T3_test,148,94,151.13333333333333,-0.5237070918083191,-0.6202037019405937
UBFC_PHYS_s04_T3_test,148,95,151.16666666666666,-0.8289667963981628,-0.3426079215673343
UBFC_PHYS_s04_T3_test,148,96,151.2,-1.1009485721588135,0.02998786979205689
UBFC_PHYS_s04_T3_test,148,97,151.23333333333332,-1.1646783351898193,0.4531393782208405
UBFC_PHYS_s04_T3_test,148,98,151.26666666666668,-0.8424046039581299,0.8637244651394
UBFC_PHYS_s04_T3_test,148,99,151.3,-0.32055145502090454,1.1935933386020294
UBFC_PHYS_s04_T3_test,148,100,151.33333333333334,-0.0076910024508833885,1.3858412009403018
UBFC_PHYS_s04_T3_test,148,101,151.36666666666667,-0.011208807118237019,1.4080326740840845
UBFC_PHYS_s04_T3_test,148,102,151.4,-0.11892573535442352,1.2580870075911057
UBFC_PHYS_s04_T3_test,148,103,151.43333333333334,-0.2213415950536728,0.9617200428715057
UBFC_PHYS_s04_T3_test,148,104,151.46666666666667,-0.44981372356414795,0.5634428369743762
UBFC_PHYS_s04_T3_test,148,105,151.5,-0.9332340955734253,0.11491046991942092
UBFC_PHYS_s04_T3_test,148,106,151.53333333333333,-1.5305689573287964,-0.33543351299095936
UBFC_PHYS_s04_T3_test,148,107,151.56666666666666,-1.8099956512451172,-0.748495282638225
UBFC_PHYS_s04_T3_test,148,108,151.6,-1.5596274137496948,-1.0951459865891529
UBFC_PHYS_s04_T3_test,148,109,151.63333333333333,-1.331126093864441,-1.3521188440906187
UBFC_PHYS_s04_T3_test,148,110,151.66666666666666,-1.9257227182388306,-1.4962890218461107
UBFC_PHYS_s04_T3_test,148,111,151.7,-3.0005922317504883,-1.5017593271555019
UBFC_PHYS_s04_T3_test,148,112,151.73333333333332,-3.2780895233154297,-1.3434001225042809
UBFC_PHYS_s04_T3_test,148,113,151.76666666666668,-2.505302906036377,-1.0075176806837327
UBFC_PHYS_s04_T3_test,148,114,151.8,-1.6978157758712769,-0.506152960924699
UBFC_PHYS_s04_T3_test,148,115,151.83333333333334,-1.2480825185775757,0.1120107291426326
UBFC_PHYS_s04_T3_test,148,116,151.86666666666667,-0.8339560031890869,0.7618148649862821
UBFC_PHYS_s04_T3_test,148,117,151.9,-0.4507589638233185,1.3365310097384087
UBFC_PHYS_s04_T3_test,148,118,151.93333333333334,-0.20001064240932465,1.7334837748378749
UBFC_PHYS_s04_T3_test,148,119,151.96666666666667,0.061680879443883896,1.8803416734062792
UBFC_PHYS_s04_T3_test,148,120,152.0,0.32177427411079407,1.7521334147210477
UBFC_PHYS_s04_T3_test,148,121,152.03333333333333,0.3343740701675415,1.3740520185590475
UBFC_PHYS_s04_T3_test,148,122,152.06666666666666,0.0948125571012497,0.8111192710865044
UBFC_PHYS_s04_T3_test,148,123,152.1,-0.03581395000219345,0.15017346364174117
UBFC_PHYS_s04_T3_test,148,124,152.13333333333333,0.3034933805465698,-0.5187466103225655
UBFC_PHYS_s04_T3_test,148,125,152.16666666666666,1.0308408737182617,-1.115824025478085
UBFC_PHYS_s04_T3_test,148,126,152.2,1.7889033555984497,-1.5772497863686705
UBFC_PHYS_s04_T3_test,148,127,152.23333333333332,2.457052230834961,-1.854940581963307
UBFC_PHYS_s04_T3_test,148,128,152.26666666666668,3.094564199447632,-1.9147280466573882
UBFC_PHYS_s04_T3_test,148,129,152.3,3.571640968322754,-1.737931940737077
UBFC_PHYS_s04_T3_test,148,130,152.33333333333334,3.7353601455688477,-1.3284644499809957
UBFC_PHYS_s04_T3_test,148,131,152.36666666666667,3.6318724155426025,-0.7228234537065114
UBFC_PHYS_s04_T3_test,148,132,152.4,3.293539524078369,0.003975327422882104
UBFC_PHYS_s04_T3_test,148,133,152.43333333333334,2.617302417755127,0.7441881572725042
UBFC_PHYS_s04_T3_test,148,134,152.46666666666667,1.6576824188232422,1.3779560611765154
UBFC_PHYS_s04_T3_test,148,135,152.5,0.7652515172958374,1.8034692695312735
UBFC_PHYS_s04_T3_test,148,136,152.53333333333333,0.23969542980194092,1.9638945337436857
UBFC_PHYS_s04_T3_test,148,137,152.56666666666666,-0.014863035641610622,1.8582687616888531
UBFC_PHYS_s04_T3_test,148,138,152.6,-0.2608267366886139,1.5329027847461376
UBFC_PHYS_s04_T3_test,148,139,152.63333333333333,-0.6779447793960571,1.0604619288485297
UBFC_PHYS_s04_T3_test,148,140,152.66666666666666,-1.2963182926177979,0.5173943186355221
UBFC_PHYS_s04_T3_test,148,141,152.7,-1.9601893424987793,-0.03237661410671627
UBFC_PHYS_s04_T3_test,148,142,152.73333333333332,-2.3389039039611816,-0.5438642861974747
UBFC_PHYS_s04_T3_test,148,143,152.76666666666668,-2.19100022315979,-0.9878736708387168
UBFC_PHYS_s04_T3_test,148,144,152.8,-1.6720607280731201,-1.3420391613815261
UBFC_PHYS_s04_T3_test,148,145,152.83333333333334,-1.1083447933197021,-1.5818524305419295
UBFC_PHYS_s04_T3_test,148,146,152.86666666666667,-0.6319697499275208,-1.67736410023805
UBFC_PHYS_s04_T3_test,148,147,152.9,-0.2584880590438843,-1.5986296024987705
UBFC_PHYS_s04_T3_test,148,148,152.93333333333334,-0.04560728371143341,-1.3285646560104416
UBFC_PHYS_s04_T3_test,148,149,152.96666666666667,0.009722616523504257,-0.8775778130250173
UBFC_PHYS_s04_T3_test,148,150,153.0,0.007949097082018852,-0.2923457394820972
UBFC_PHYS_s04_T3_test,148,151,153.03333333333333,0.01766447350382805,0.3472099365823917
UBFC_PHYS_s04_T3_test,148,152,153.06666666666666,0.13883870840072632,0.9436182458979524
UBFC_PHYS_s04_T3_test,148,153,153.1,0.5388939380645752,1.40513413887899
UBFC_PHYS_s04_T3_test,148,154,153.13333333333333,1.1396687030792236,1.6677939849267511
UBFC_PHYS_s04_T3_test,148,155,153.16666666666666,1.5322010517120361,1.7081152189483497
UBFC_PHYS_s04_T3_test,148,156,153.2,1.4436225891113281,1.5430435791761274
UBFC_PHYS_s04_T3_test,148,157,153.23333333333332,1.0389386415481567,1.2192976691722963
UBFC_PHYS_s04_T3_test,148,158,153.26666666666668,0.7366803288459778,0.7973907044603641
UBFC_PHYS_s04_T3_test,148,159,153.3,0.8827422857284546,0.3360436087099463
UBFC_PHYS_s04_T3_test,148,160,153.33333333333334,1.4092727899551392,-0.11846106917938551
UBFC_PHYS_s04_T3_test,148,161,153.36666666666667,1.9015705585479736,-0.5357192989345017
UBFC_PHYS_s04_T3_test,148,162,153.4,2.139066219329834,-0.8980525360180927
UBFC_PHYS_s04_T3_test,148,163,153.43333333333334,2.267958164215088,-1.1934947532252977
UBFC_PHYS_s04_T3_test,148,164,153.46666666666667,2.3095579147338867,-1.4081916245032455
UBFC_PHYS_s04_T3_test,148,165,153.5,2.0347306728363037,-1.5212949920077783
UBFC_PHYS_s04_T3_test,148,166,153.53333333333333,1.4233732223510742,-1.505258944463592
UBFC_PHYS_s04_T3_test,148,167,153.56666666666666,0.8216241002082825,-1.33326313834758
UBFC_PHYS_s04_T3_test,148,168,153.6,0.5010361075401306,-0.9924574626827615
UBFC_PHYS_s04_T3_test,148,169,153.63333333333333,0.43483126163482666,-0.4981136382353711
UBFC_PHYS_s04_T3_test,148,170,153.66666666666666,0.43739408254623413,0.09821904187287417
UBFC_PHYS_s04_T3_test,148,171,153.7,0.43333059549331665,0.7123392877981596
UBFC_PHYS_s04_T3_test,148,172,153.73333333333332,0.4941759407520294,1.244174240675652
UBFC_PHYS_s04_T3_test,148,173,153.76666666666668,0.6087043285369873,1.60273954263081
UBFC_PHYS_s04_T3_test,148,174,153.8,0.603003740310669,1.7291780755427284
UBFC_PHYS_s04_T3_test,148,175,153.83333333333334,0.4222899377346039,1.6083392717151017
UBFC_PHYS_s04_T3_test,148,176,153.86666666666667,0.25760602951049805,1.2665052740803104
UBFC_PHYS_s04_T3_test,148,177,153.9,0.2735384702682495,0.7602956726931334
UBFC_PHYS_s04_T3_test,148,178,153.93333333333334,0.3769580125808716,0.1634371063766792
UBFC_PHYS_s04_T3_test,148,179,153.96666666666667,0.3642997741699219,-0.44456853520188344
UBFC_PHYS_s04_T3_test,148,180,154.0,0.1601111888885498,-0.98663923581574
UBFC_PHYS_s04_T3_test,148,181,154.03333333333333,-0.20294375717639923,-1.3937801599654542
UBFC_PHYS_s04_T3_test,148,182,154.06666666666666,-0.653758704662323,-1.6100839696697853
UBFC_PHYS_s04_T3_test,148,183,154.1,-1.0589395761489868,-1.5990770887248769
UBFC_PHYS_s04_T3_test,148,184,154.13333333333333,-1.2774430513381958,-1.3519620396634715
UBFC_PHYS_s04_T3_test,148,185,154.16666666666666,-1.3358327150344849,-0.8956747152055153
UBFC_PHYS_s04_T3_test,148,186,154.2,-1.3946316242218018,-0.29619493650544504
UBFC_PHYS_s04_T3_test,148,187,154.23333333333332,-1.513321042060852,0.3480205668242328
UBFC_PHYS_s04_T3_test,148,188,154.26666666666668,-1.6267873048782349,0.9249264361742504
UBFC_PHYS_s04_T3_test,148,189,154.3,-1.7555818557739258,1.3365227035301925
UBFC_PHYS_s04_T3_test,148,190,154.33333333333334,-2.0096724033355713,1.52500311414158
UBFC_PHYS_s04_T3_test,148,191,154.36666666666667,-2.3897221088409424,1.4857429919742131
UBFC_PHYS_s04_T3_test,148,192,154.4,-2.792330503463745,1.2620523974664397
UBFC_PHYS_s04_T3_test,148,193,154.43333333333334,-3.2377564907073975,0.9259174461864195
UBFC_PHYS_s04_T3_test,148,194,154.46666666666667,-3.8650269508361816,0.5540333223504073
UBFC_PHYS_s04_T3_test,148,195,154.5,-4.542296886444092,0.20795765591929743
UBFC_PHYS_s04_T3_test,148,196,154.53333333333333,-4.794399738311768,-0.07655794087492367
UBFC_PHYS_s04_T3_test,148,197,154.56666666666666,-4.460188865661621,-0.29047544891857463
UBFC_PHYS_s04_T3_test,148,198,154.6,-3.7952263355255127,-0.44522030830167264
UBFC_PHYS_s04_T3_test,148,199,154.63333333333333,-2.9460127353668213,-0.5628926052937661
UBFC_PHYS_s04_T3_test,148,200,154.66666666666666,-1.8137571811676025,-0.6658136078353747
UBFC_PHYS_s04_T3_test,148,201,154.7,-0.36057257652282715,-0.7672026525626815
UBFC_PHYS_s04_T3_test,148,202,154.73333333333332,1.2162516117095947,-0.8645124712378734
UBFC_PHYS_s04_T3_test,148,203,154.76666666666668,2.509829044342041,-0.9372608209597394
UBFC_PHYS_s04_T3_test,148,204,154.8,3.114511489868164,-0.9510785791846086
UBFC_PHYS_s04_T3_test,148,205,154.83333333333334,3.0506062507629395,-0.8683461391997991
UBFC_PHYS_s04_T3_test,148,206,154.86666666666667,2.828458309173584,-0.6632577726625719
UBFC_PHYS_s04_T3_test,148,207,154.9,2.8531317710876465,-0.33666712701680784
UBFC_PHYS_s04_T3_test,148,208,154.93333333333334,2.9160430431365967,0.07504752459416975
UBFC_PHYS_s04_T3_test,148,209,154.96666666666667,2.6716384887695312,0.5023328825598693
UBFC_PHYS_s04_T3_test,148,210,155.0,2.2284047603607178,0.8587467119955555
UBFC_PHYS_s04_T3_test,148,211,155.03333333333333,1.803861379623413,1.0680870809581622
UBFC_PHYS_s04_T3_test,148,212,155.06666666666666,1.3498404026031494,1.0915581089190747
UBFC_PHYS_s04_T3_test,148,213,155.1,0.9418531060218811,0.941277026636128
UBFC_PHYS_s04_T3_test,148,214,155.13333333333333,0.8983141779899597,0.6728772366408823
UBFC_PHYS_s04_T3_test,148,215,155.16666666666666,1.3115830421447754,0.36114787824838207
UBFC_PHYS_s04_T3_test,148,216,155.2,1.7888156175613403,0.07079699858571378
UBFC_PHYS_s04_T3_test,148,217,155.23333333333332,1.8942523002624512,-0.16431149077496804
UBFC_PHYS_s04_T3_test,148,218,155.26666666666668,1.64724600315094,-0.3453514592397561
UBFC_PHYS_s04_T3_test,148,219,155.3,1.3976669311523438,-0.4964459706412121
UBFC_PHYS_s04_T3_test,148,220,155.33333333333334,1.3796005249023438,-0.6437418187005717
UBFC_PHYS_s04_T3_test,148,221,155.36666666666667,1.558131456375122,-0.7959193592614792
UBFC_PHYS_s04_T3_test,148,222,155.4,1.7152341604232788,-0.9343053466461239
UBFC_PHYS_s04_T3_test,148,223,155.43333333333334,1.7104592323303223,-1.0160396748014642
UBFC_PHYS_s04_T3_test,148,224,155.46666666666667,1.5889633893966675,-0.989140270326775
UBFC_PHYS_s04_T3_test,148,225,155.5,1.3779926300048828,-0.8145179304899532
UBFC_PHYS_s04_T3_test,148,226,155.53333333333333,1.062822699546814,-0.48705774542420815
UBFC_PHYS_s04_T3_test,148,227,155.56666666666666,0.7341662049293518,-0.046806151307764374
UBFC_PHYS_s04_T3_test,148,228,155.6,0.4233618378639221,0.4264857325075351
UBFC_PHYS_s04_T3_test,148,229,155.63333333333333,0.05831899121403694,0.8358318873558486
UBFC_PHYS_s04_T3_test,148,230,155.66666666666666,-0.3552325367927551,1.0981946508237759
UBFC_PHYS_s04_T3_test,148,231,155.7,-0.75780189037323,1.170964889355705
UBFC_PHYS_s04_T3_test,148,232,155.73333333333332,-1.1382997035980225,1.063006280149239
UBFC_PHYS_s04_T3_test,148,233,155.76666666666668,-1.4080986976623535,0.827553690063357
UBFC_PHYS_s04_T3_test,148,234,155.8,-1.354288935661316,0.5421008095301875
UBFC_PHYS_s04_T3_test,148,235,155.83333333333334,-0.8832442760467529,0.2841805031271191
UBFC_PHYS_s04_T3_test,148,236,155.86666666666667,-0.13730406761169434,0.11082451664391282
UBFC_PHYS_s04_T3_test,148,237,155.9,0.6570863127708435,0.046048532472033776
UBFC_PHYS_s04_T3_test,148,238,155.93333333333334,1.3691835403442383,0.0778719678210031
UBFC_PHYS_s04_T3_test,148,239,155.96666666666667,1.9129035472869873,0.16452523780249323
UBFC_PHYS_s04_T3_test,149,0,149.0,2.2893574237823486,-0.0049934247785824535
UBFC_PHYS_s04_T3_test,149,1,149.03333333333333,1.9780852794647217,0.09888538534084623
UBFC_PHYS_s04_T3_test,149,2,149.06666666666666,1.6680896282196045,0.18376365036355574
UBFC_PHYS_s04_T3_test,149,3,149.1,1.4360218048095703,0.23311712574720234
UBFC_PHYS_s04_T3_test,149,4,149.13333333333333,1.269554615020752,0.2364198135238605
UBFC_PHYS_s04_T3_test,149,5,149.16666666666666,1.0492582321166992,0.19214149773536582
UBFC_PHYS_s04_T3_test,149,6,149.2,0.6548938155174255,0.1094212134875571
UBFC_PHYS_s04_T3_test,149,7,149.23333333333332,0.16836488246917725,0.007112337324326812
UBFC_PHYS_s04_T3_test,149,8,149.26666666666668,-0.19641487300395966,-0.09014714313054216
UBFC_PHYS_s04_T3_test,149,9,149.3,-0.4398839771747589,-0.15790945481510288
UBFC_PHYS_s04_T3_test,149,10,149.33333333333334,-0.8179066181182861,-0.17828567650152008
UBFC_PHYS_s04_T3_test,149,11,149.36666666666667,-1.466030478477478,-0.14494966924004876
UBFC_PHYS_s04_T3_test,149,12,149.4,-2.199263572692871,-0.06527207679392803
UBFC_PHYS_s04_T3_test,149,13,149.43333333333334,-2.7712039947509766,0.04128053281049735
UBFC_PHYS_s04_T3_test,149,14,149.46666666666667,-3.11669921875,0.1482730617177149
UBFC_PHYS_s04_T3_test,149,15,149.5,-3.2033872604370117,0.2294945709974304
UBFC_PHYS_s04_T3_test,149,16,149.53333333333333,-2.952648639678955,0.26583888533087124
UBFC_PHYS_s04_T3_test,149,17,149.56666666666666,-2.4684975147247314,0.24953755873915529
UBFC_PHYS_s04_T3_test,149,18,149.6,-1.897950530052185,0.18460526826285636
UBFC_PHYS_s04_T3_test,149,19,149.63333333333333,-1.2192773818969727,0.08406223806140893
UBFC_PHYS_s04_T3_test,149,20,149.66666666666666,-0.41472339630126953,-0.03425952504550043
UBFC_PHYS_s04_T3_test,149,21,149.7,0.3520020544528961,-0.15140855264675337
UBFC_PHYS_s04_T3_test,149,22,149.73333333333332,0.9126192331314087,-0.24960479092552024
UBFC_PHYS_s04_T3_test,149,23,149.76666666666668,1.2433903217315674,-0.313562339342404
UBFC_PHYS_s04_T3_test,149,24,149.8,1.4016135931015015,-0.3319399038254037
UBFC_PHYS_s04_T3_test,149,25,149.83333333333334,1.4486898183822632,-0.29953736975310774
UBFC_PHYS_s04_T3_test,149,26,149.86666666666667,1.4406017065048218,-0.21957820591114302
UBFC_PHYS_s04_T3_test,149,27,149.9,1.4359632730484009,-0.10446797608167686
UBFC_PHYS_s04_T3_test,149,28,149.93333333333334,1.4765690565109253,0.026254641024400845
UBFC_PHYS_s04_T3_test,149,29,149.96666666666667,1.525253176689148,0.15060995474483982
UBFC_PHYS_s04_T3_test,149,30,150.0,1.4914199113845825,0.2497308978700247
UBFC_PHYS_s04_T3_test,149,31,150.03333333333333,1.3770474195480347,0.31185809738192255
UBFC_PHYS_s04_T3_test,149,32,150.06666666666666,1.2722440958023071,0.33322565518109043
UBFC_PHYS_s04_T3_test,149,33,150.1,1.1537399291992188,0.3159786474704978
UBFC_PHYS_s04_T3_test,149,34,150.13333333333333,0.8991424441337585,0.26467273650876194
UBFC_PHYS_s04_T3_test,149,35,150.16666666666666,0.473302960395813,0.18343459411782187
UBFC_PHYS_s04_T3_test,149,36,150.2,-0.012631519697606564,0.07535997185472554
UBFC_PHYS_s04_T3_test,149,37,150.23333333333332,-0.3730749189853668,-0.05570228939045697
UBFC_PHYS_s04_T3_test,149,38,150.26666666666668,-0.45362386107444763,-0.20248305441891784
UBFC_PHYS_s04_T3_test,149,39,150.3,-0.2824597954750061,-0.35268158353788104
UBFC_PHYS_s04_T3_test,149,40,150.33333333333334,-0.03482974320650101,-0.48906353896432614
UBFC_PHYS_s04_T3_test,149,41,150.36666666666667,0.1736951768398285,-0.5906384798945158
UBFC_PHYS_s04_T3_test,149,42,150.4,0.3222127854824066,-0.6345939399903697
UBFC_PHYS_s04_T3_test,149,43,150.43333333333334,0.3960769474506378,-0.5997178764468875
UBFC_PHYS_s04_T3_test,149,44,150.46666666666667,0.39811354875564575,-0.47213667002158594
UBFC_PHYS_s04_T3_test,149,45,150.5,0.382872998714447,-0.2527047282350749
UBFC_PHYS_s04_T3_test,149,46,150.53333333333333,0.3825611472129822,0.036932687339352725
UBFC_PHYS_s04_T3_test,149,47,150.56666666666666,0.3667651414871216,0.3538265482173184
UBFC_PHYS_s04_T3_test,149,48,150.6,0.3207511007785797,0.6415558707882202
UBFC_PHYS_s04_T3_test,149,49,150.63333333333333,0.26136744022369385,0.845174038216591
UBFC_PHYS_s04_T3_test,149,50,150.66666666666666,0.18861417472362518,0.9274580117695526
UBFC_PHYS_s04_T3_test,149,51,150.7,0.09427659958600998,0.8790373744041078
UBFC_PHYS_s04_T3_test,149,52,150.73333333333332,-0.019998446106910706,0.718170566619541
UBFC_PHYS_s04_T3_test,149,53,150.76666666666668,-0.1573682278394699,0.4814484447825741
UBFC_PHYS_s04_T3_test,149,54,150.8,-0.3082732558250427,0.21068721247280903
UBFC_PHYS_s04_T3_test,149,55,150.83333333333334,-0.46773406863212585,-0.0580971272238666
UBFC_PHYS_s04_T3_test,149,56,150.86666666666667,-0.6449885368347168,-0.300072308638272
UBFC_PHYS_s04_T3_test,149,57,150.9,-0.7604329586029053,-0.5010867398127568
UBFC_PHYS_s04_T3_test,149,58,150.93333333333334,-0.672984778881073,-0.6533568892769294
UBFC_PHYS_s04_T3_test,149,59,150.96666666666667,-0.40355604887008667,-0.7502377846158523
UBFC_PHYS_s04_T3_test,149,60,151.0,-0.1459670215845108,-0.7826953633352802
UBFC_PHYS_s04_T3_test,149,61,151.03333333333333,-0.03394298255443573,-0.7392136795184487
UBFC_PHYS_s04_T3_test,149,62,151.06666666666666,-0.0734768658876419,-0.609650487597507
UBFC_PHYS_s04_T3_test,149,63,151.1,-0.2517935037612915,-0.3919994563725758
UBFC_PHYS_s04_T3_test,149,64,151.13333333333333,-0.5237070918083191,-0.09935996762464851
UBFC_PHYS_s04_T3_test,149,65,151.16666666666666,-0.8289667963981628,0.236446915494891
UBFC_PHYS_s04_T3_test,149,66,151.2,-1.1009485721588135,0.567422732859841
UBFC_PHYS_s04_T3_test,149,67,151.23333333333332,-1.1646783351898193,0.838575128887264
UBFC_PHYS_s04_T3_test,149,68,151.26666666666668,-0.8424046039581299,1.001233440786087
UBFC_PHYS_s04_T3_test,149,69,151.3,-0.32055145502090454,1.0258424260128125
UBFC_PHYS_s04_T3_test,149,70,151.33333333333334,-0.0076910024508833885,0.909484218811763
UBFC_PHYS_s04_T3_test,149,71,151.36666666666667,-0.011208807118237019,0.6754403376441698
UBFC_PHYS_s04_T3_test,149,72,151.4,-0.11892573535442352,0.3653579121720942
UBFC_PHYS_s04_T3_test,149,73,151.43333333333334,-0.2213415950536728,0.02734064091095914
UBFC_PHYS_s04_T3_test,149,74,151.46666666666667,-0.44981372356414795,-0.2957373601794633
UBFC_PHYS_s04_T3_test,149,75,151.5,-0.9332340955734253,-0.5741135706650773
UBFC_PHYS_s04_T3_test,149,76,151.53333333333333,-1.5305689573287964,-0.7932799756942407
UBFC_PHYS_s04_T3_test,149,77,151.56666666666666,-1.8099956512451172,-0.9504324031559075
UBFC_PHYS_s04_T3_test,149,78,151.6,-1.5596274137496948,-1.0471399270327015
UBFC_PHYS_s04_T3_test,149,79,151.63333333333333,-1.331126093864441,-1.0814606767942965
UBFC_PHYS_s04_T3_test,149,80,151.66666666666666,-1.9257227182388306,-1.0430916131279815
UBFC_PHYS_s04_T3_test,149,81,151.7,-3.0005922317504883,-0.9142845478359963
UBFC_PHYS_s04_T3_test,149,82,151.73333333333332,-3.2780895233154297,-0.6772337578159211
UBFC_PHYS_s04_T3_test,149,83,151.76666666666668,-2.505302906036377,-0.3259529554518387
UBFC_PHYS_s04_T3_test,149,84,151.8,-1.6978157758712769,0.12180020238126238
UBFC_PHYS_s04_T3_test,149,85,151.83333333333334,-1.2480825185775757,0.6181772302505862
UBFC_PHYS_s04_T3_test,149,86,151.86666666666667,-0.8339560031890869,1.0890807620120113
UBFC_PHYS_s04_T3_test,149,87,151.9,-0.4507589638233185,1.4491734932441787
UBFC_PHYS_s04_T3_test,149,88,151.93333333333334,-0.20001064240932465,1.6238040886688512
UBFC_PHYS_s04_T3_test,149,89,151.96666666666667,0.061680879443883896,1.5697166208552469
UBFC_PHYS_s04_T3_test,149,90,152.0,0.32177427411079407,1.2865224313173482
UBFC_PHYS_s04_T3_test,149,91,152.03333333333333,0.3343740701675415,0.8151705626387944
UBFC_PHYS_s04_T3_test,149,92,152.06666666666666,0.0948125571012497,0.22577481959198933
UBFC_PHYS_s04_T3_test,149,93,152.1,-0.03581395000219345,-0.39867428294975676
UBFC_PHYS_s04_T3_test,149,94,152.13333333333333,0.3034933805465698,-0.9764104705350345
UBFC_PHYS_s04_T3_test,149,95,152.16666666666666,1.0308408737182617,-1.4358066512751158
UBFC_PHYS_s04_T3_test,149,96,152.2,1.7889033555984497,-1.7196546402791912
UBFC_PHYS_s04_T3_test,149,97,152.23333333333332,2.457052230834961,-1.7875186581794675
UBFC_PHYS_s04_T3_test,149,98,152.26666666666668,3.094564199447632,-1.6191203722568446
UBFC_PHYS_s04_T3_test,149,99,152.3,3.571640968322754,-1.2201296791408383
UBFC_PHYS_s04_T3_test,149,100,152.33333333333334,3.7353601455688477,-0.6289302223475468
UBFC_PHYS_s04_T3_test,149,101,152.36666666666667,3.6318724155426025,0.08009899628521763
UBFC_PHYS_s04_T3_test,149,102,152.4,3.293539524078369,0.8026896017665935
UBFC_PHYS_s04_T3_test,149,103,152.43333333333334,2.617302417755127,1.4233272275849866
UBFC_PHYS_s04_T3_test,149,104,152.46666666666667,1.6576824188232422,1.8425375015427514
UBFC_PHYS_s04_T3_test,149,105,152.5,0.7652515172958374,2.002472042449409
UBFC_PHYS_s04_T3_test,149,106,152.53333333333333,0.23969542980194092,1.8997851566682105
UBFC_PHYS_s04_T3_test,149,107,152.56666666666666,-0.014863035641610622,1.5804636602327482
UBFC_PHYS_s04_T3_test,149,108,152.6,-0.2608267366886139,1.1198861904484925
UBFC_PHYS_s04_T3_test,149,109,152.63333333333333,-0.6779447793960571,0.5976572665432868
UBFC_PHYS_s04_T3_test,149,110,152.66666666666666,-1.2963182926177979,0.07724738998193091
UBFC_PHYS_s04_T3_test,149,111,152.7,-1.9601893424987793,-0.4033982150845802
UBFC_PHYS_s04_T3_test,149,112,152.73333333333332,-2.3389039039611816,-0.8290671948338775
UBFC_PHYS_s04_T3_test,149,113,152.76666666666668,-2.19100022315979,-1.1954922733982003
UBFC_PHYS_s04_T3_test,149,114,152.8,-1.6720607280731201,-1.4948767712695716
UBFC_PHYS_s04_T3_test,149,115,152.83333333333334,-1.1083447933197021,-1.7058365043566188
UBFC_PHYS_s04_T3_test,149,116,152.86666666666667,-0.6319697499275208,-1.7928205070038117
UBFC_PHYS_s04_T3_test,149,117,152.9,-0.2584880590438843,-1.7160460936244082
UBFC_PHYS_s04_T3_test,149,118,152.93333333333334,-0.04560728371143341,-1.4485317544193352
UBFC_PHYS_s04_T3_test,149,119,152.96666666666667,0.009722616523504257,-0.993412698260718
UBFC_PHYS_s04_T3_test,149,120,153.0,0.007949097082018852,-0.39369052417466976
UBFC_PHYS_s04_T3_test,149,121,153.03333333333333,0.01766447350382805,0.27107455935504987
UBFC_PHYS_s04_T3_test,149,122,153.06666666666666,0.13883870840072632,0.901260986245006
UBFC_PHYS_s04_T3_test,149,123,153.1,0.5388939380645752,1.4012053290235336
UBFC_PHYS_s04_T3_test,149,124,153.13333333333333,1.1396687030792236,1.7018729019681493
UBFC_PHYS_s04_T3_test,149,125,153.16666666666666,1.5322010517120361,1.7742977818658376
UBFC_PHYS_s04_T3_test,149,126,153.2,1.4436225891113281,1.6304847995968954
UBFC_PHYS_s04_T3_test,149,127,153.23333333333332,1.0389386415481567,1.3137341328856738
UBFC_PHYS_s04_T3_test,149,128,153.26666666666668,0.7366803288459778,0.8834955940331312
UBFC_PHYS_s04_T3_test,149,129,153.3,0.8827422857284546,0.40037317345272533
UBFC_PHYS_s04_T3_test,149,130,153.33333333333334,1.4092727899551392,-0.08438182029871484
UBFC_PHYS_s04_T3_test,149,131,153.36666666666667,1.9015705585479736,-0.5328181070228145
UBFC_PHYS_s04_T3_test,149,132,153.4,2.139066219329834,-0.9181284542408662
UBFC_PHYS_s04_T3_test,149,133,153.43333333333334,2.267958164215088,-1.2188822442560199
UBFC_PHYS_s04_T3_test,149,134,153.46666666666667,2.3095579147338867,-1.4131787587379436
UBFC_PHYS_s04_T3_test,149,135,153.5,2.0347306728363037,-1.4762337133899441
UBFC_PHYS_s04_T3_test,149,136,153.53333333333333,1.4233732223510742,-1.3838484532209414
UBFC_PHYS_s04_T3_test,149,137,153.56666666666666,0.8216241002082825,-1.1219248263612034
UBFC_PHYS_s04_T3_test,149,138,153.6,0.5010361075401306,-0.6989485681902374
UBFC_PHYS_s04_T3_test,149,139,153.63333333333333,0.43483126163482666,-0.15543250690366744
UBFC_PHYS_s04_T3_test,149,140,153.66666666666666,0.43739408254623413,0.4363576822235693
UBFC_PHYS_s04_T3_test,149,141,153.7,0.43333059549331665,0.9855467133782213
UBFC_PHYS_s04_T3_test,149,142,153.73333333333332,0.4941759407520294,1.4048052440690397
UBFC_PHYS_s04_T3_test,149,143,153.76666666666668,0.6087043285369873,1.6322064504608678
UBFC_PHYS_s04_T3_test,149,144,153.8,0.603003740310669,1.643939331274347
UBFC_PHYS_s04_T3_test,149,145,153.83333333333334,0.4222899377346039,1.4543045997725796
UBFC_PHYS_s04_T3_test,149,146,153.86666666666667,0.25760602951049805,1.1054811643358338
UBFC_PHYS_s04_T3_test,149,147,153.9,0.2735384702682495,0.6530905692929334
UBFC_PHYS_s04_T3_test,149,148,153.93333333333334,0.3769580125808716,0.15337775735168122
UBFC_PHYS_s04_T3_test,149,149,153.96666666666667,0.3642997741699219,-0.34471207490009903
UBFC_PHYS_s04_T3_test,149,150,154.0,0.1601111888885498,-0.8019226240051069
UBFC_PHYS_s04_T3_test,149,151,154.03333333333333,-0.20294375717639923,-1.186612112350868
UBFC_PHYS_s04_T3_test,149,152,154.06666666666666,-0.653758704662323,-1.4702077404355767
UBFC_PHYS_s04_T3_test,149,153,154.1,-1.0589395761489868,-1.623104919350914
UBFC_PHYS_s04_T3_test,149,154,154.13333333333333,-1.2774430513381958,-1.6148267055623449
UBFC_PHYS_s04_T3_test,149,155,154.16666666666666,-1.3358327150344849,-1.4212772420328648
UBFC_PHYS_s04_T3_test,149,156,154.2,-1.3946316242218018,-1.0379849143723163
UBFC_PHYS_s04_T3_test,149,157,154.23333333333332,-1.513321042060852,-0.49345041431566267
UBFC_PHYS_s04_T3_test,149,158,154.26666666666668,-1.6267873048782349,0.1455302696359051
UBFC_PHYS_s04_T3_test,149,159,154.3,-1.7555818557739258,0.7822815528903171
UBFC_PHYS_s04_T3_test,149,160,154.33333333333334,-2.0096724033355713,1.3116322394691502
UBFC_PHYS_s04_T3_test,149,161,154.36666666666667,-2.3897221088409424,1.6468031605844842
UBFC_PHYS_s04_T3_test,149,162,154.4,-2.792330503463745,1.7415271970687316
UBFC_PHYS_s04_T3_test,149,163,154.43333333333334,-3.2377564907073975,1.599414015126548
UBFC_PHYS_s04_T3_test,149,164,154.46666666666667,-3.8650269508361816,1.2683405018895806
UBFC_PHYS_s04_T3_test,149,165,154.5,-4.542296886444092,0.8234891761412906
UBFC_PHYS_s04_T3_test,149,166,154.53333333333333,-4.794399738311768,0.3457402732636996
UBFC_PHYS_s04_T3_test,149,167,154.56666666666666,-4.460188865661621,-0.09773843811954994
UBFC_PHYS_s04_T3_test,149,168,154.6,-3.7952263355255127,-0.4655472459419768
UBFC_PHYS_s04_T3_test,149,169,154.63333333333333,-2.9460127353668213,-0.7443783077419784
UBFC_PHYS_s04_T3_test,149,170,154.66666666666666,-1.8137571811676025,-0.9424323785277047
UBFC_PHYS_s04_T3_test,149,171,154.7,-0.36057257652282715,-1.077273243008329
UBFC_PHYS_s04_T3_test,149,172,154.73333333333332,1.2162516117095947,-1.1625566838970587
UBFC_PHYS_s04_T3_test,149,173,154.76666666666668,2.509829044342041,-1.1980204919329014
UBFC_PHYS_s04_T3_test,149,174,154.8,3.114511489868164,-1.1663665369623877
UBFC_PHYS_s04_T3_test,149,175,154.83333333333334,3.0506062507629395,-1.0389719901193808
UBFC_PHYS_s04_T3_test,149,176,154.86666666666667,2.828458309173584,-0.7895062300797937
UBFC_PHYS_s04_T3_test,149,177,154.9,2.8531317710876465,-0.41106675094756806
UBFC_PHYS_s04_T3_test,149,178,154.93333333333334,2.9160430431365967,0.0702553863304822
UBFC_PHYS_s04_T3_test,149,179,154.96666666666667,2.6716384887695312,0.5926097213977205
UBFC_PHYS_s04_T3_test,149,180,155.0,2.2284047603607178,1.0701297705107837
UBFC_PHYS_s04_T3_test,149,181,155.03333333333333,1.803861379623413,1.4163957664208107
UBFC_PHYS_s04_T3_test,149,182,155.06666666666666,1.3498404026031494,1.5702530935667025
UBFC_PHYS_s04_T3_test,149,183,155.1,0.9418531060218811,1.5126993601785304
UBFC_PHYS_s04_T3_test,149,184,155.13333333333333,0.8983141779899597,1.2684539556438166
UBFC_PHYS_s04_T3_test,149,185,155.16666666666666,1.3115830421447754,0.893629276103695
UBFC_PHYS_s04_T3_test,149,186,155.2,1.7888156175613403,0.45628903539408394
UBFC_PHYS_s04_T3_test,149,187,155.23333333333332,1.8942523002624512,0.017933138745960364
UBFC_PHYS_s04_T3_test,149,188,155.26666666666668,1.64724600315094,-0.37798748795433357
UBFC_PHYS_s04_T3_test,149,189,155.3,1.3976669311523438,-0.7080278320138869
UBFC_PHYS_s04_T3_test,149,190,155.33333333333334,1.3796005249023438,-0.9624786919311623
UBFC_PHYS_s04_T3_test,149,191,155.36666666666667,1.558131456375122,-1.1351549587133039
UBFC_PHYS_s04_T3_test,149,192,155.4,1.7152341604232788,-1.2149663282671512
UBFC_PHYS_s04_T3_test,149,193,155.43333333333334,1.7104592323303223,-1.184190824299594
UBFC_PHYS_s04_T3_test,149,194,155.46666666666667,1.5889633893966675,-1.025278529529361
UBFC_PHYS_s04_T3_test,149,195,155.5,1.3779926300048828,-0.7337613011844135
UBFC_PHYS_s04_T3_test,149,196,155.53333333333333,1.062822699546814,-0.3311854464349382
UBFC_PHYS_s04_T3_test,149,197,155.56666666666666,0.7341662049293518,0.12946807939354152
UBFC_PHYS_s04_T3_test,149,198,155.6,0.4233618378639221,0.571414915757975
UBFC_PHYS_s04_T3_test,149,199,155.63333333333333,0.05831899121403694,0.9142640451462865
UBFC_PHYS_s04_T3_test,149,200,155.66666666666666,-0.3552325367927551,1.0984825464372048
UBFC_PHYS_s04_T3_test,149,201,155.7,-0.75780189037323,1.1023972972811187
UBFC_PHYS_s04_T3_test,149,202,155.73333333333332,-1.1382997035980225,0.9445990771585207
UBFC_PHYS_s04_T3_test,149,203,155.76666666666668,-1.4080986976623535,0.6727854837207494
UBFC_PHYS_s04_T3_test,149,204,155.8,-1.354288935661316,0.34547527683647433
UBFC_PHYS_s04_T3_test,149,205,155.83333333333334,-0.8832442760467529,0.014220595870439109
UBFC_PHYS_s04_T3_test,149,206,155.86666666666667,-0.13730406761169434,-0.2876280619668826
UBFC_PHYS_s04_T3_test,149,207,155.9,0.6570863127708435,-0.5466974407669982
UBFC_PHYS_s04_T3_test,149,208,155.93333333333334,1.3691835403442383,-0.7627191262218291
UBFC_PHYS_s04_T3_test,149,209,155.96666666666667,1.9129035472869873,-0.9369285311393245
UBFC_PHYS_s04_T3_test,149,210,156.0,2.098168134689331,-1.0612146359674377
UBFC_PHYS_s04_T3_test,149,211,156.03333333333333,1.6645426750183105,-1.1131684882345383
UBFC_PHYS_s04_T3_test,149,212,156.06666666666666,0.6700564026832581,-1.0600703734509596
UBFC_PHYS_s04_T3_test,149,213,156.1,-0.3716229796409607,-0.8713838393509266
UBFC_PHYS_s04_T3_test,149,214,156.13333333333333,-0.8395689129829407,-0.5354192983303419
UBFC_PHYS_s04_T3_test,149,215,156.16666666666666,-0.5877876877784729,-0.07303585706366997
UBFC_PHYS_s04_T3_test,149,216,156.2,0.007247485686093569,0.458810913185088
UBFC_PHYS_s04_T3_test,149,217,156.23333333333332,0.46300292015075684,0.9772117569779052
UBFC_PHYS_s04_T3_test,149,218,156.26666666666668,0.4722505509853363,1.3943349472131874
UBFC_PHYS_s04_T3_test,149,219,156.3,0.06872623413801193,1.6412996223678935
UBFC_PHYS_s04_T3_test,149,220,156.33333333333334,-0.3945520520210266,1.6859481491929247
UBFC_PHYS_s04_T3_test,149,221,156.36666666666667,-0.6989151835441589,1.5386364226106384
UBFC_PHYS_s04_T3_test,149,222,156.4,-0.9848610758781433,1.2449434086274906
UBFC_PHYS_s04_T3_test,149,223,156.43333333333334,-1.2987446784973145,0.8689362402814352
UBFC_PHYS_s04_T3_test,149,224,156.46666666666667,-1.3926827907562256,0.4738719900790575
UBFC_PHYS_s04_T3_test,149,225,156.5,-1.2754161357879639,0.10753460979104884
UBFC_PHYS_s04_T3_test,149,226,156.53333333333333,-1.286203384399414,-0.20349813420137852
UBFC_PHYS_s04_T3_test,149,227,156.56666666666666,-1.384740948677063,-0.4507709039817356
UBFC_PHYS_s04_T3_test,149,228,156.6,-1.2942134141921997,-0.6357359712090526
UBFC_PHYS_s04_T3_test,149,229,156.63333333333333,-1.1211881637573242,-0.7614076956636745
UBFC_PHYS_s04_T3_test,149,230,156.66666666666666,-1.1247644424438477,-0.8277884031814653
UBFC_PHYS_s04_T3_test,149,231,156.7,-1.2698616981506348,-0.8324958988196312
UBFC_PHYS_s04_T3_test,149,232,156.73333333333332,-1.427773118019104,-0.775523912312173
UBFC_PHYS_s04_T3_test,149,233,156.76666666666668,-1.6046572923660278,-0.6653042643943895
UBFC_PHYS_s04_T3_test,149,234,156.8,-1.7669830322265625,-0.5225166027582836
UBFC_PHYS_s04_T3_test,149,235,156.83333333333334,-1.7938780784606934,-0.3785376135009716
UBFC_PHYS_s04_T3_test,149,236,156.86666666666667,-1.6471924781799316,-0.26722157696120474
UBFC_PHYS_s04_T3_test,149,237,156.9,-1.4110026359558105,-0.21216218493463845
UBFC_PHYS_s04_T3_test,149,238,156.93333333333334,-1.1857949495315552,-0.21552456349789964
UBFC_PHYS_s04_T3_test,149,239,156.96666666666667,-1.0084235668182373,-0.2553072291721255
UBFC_PHYS_s04_T3_test,150,0,150.0,1.4914199113845825,-0.05654386371722451
UBFC_PHYS_s04_T3_test,150,1,150.03333333333333,1.3770474195480347,-0.16712372396777914
UBFC_PHYS_s04_T3_test,150,2,150.06666666666666,1.2722440958023071,-0.2233776108690019
UBFC_PHYS_s04_T3_test,150,3,150.1,1.1537399291992188,-0.19117640862570204
UBFC_PHYS_s04_T3_test,150,4,150.13333333333333,0.8991424441337585,-0.06717346263074221
UBFC_PHYS_s04_T3_test,150,5,150.16666666666666,0.473302960395813,0.11927651004752472
UBFC_PHYS_s04_T3_test,150,6,150.2,-0.012631519697606564,0.31569092738035914
UBFC_PHYS_s04_T3_test,150,7,150.23333333333332,-0.3730749189853668,0.46402907816581407
UBFC_PHYS_s04_T3_test,150,8,150.26666666666668,-0.45362386107444763,0.5194312186384488
UBFC_PHYS_s04_T3_test,150,9,150.3,-0.2824597954750061,0.46327769822623643
UBFC_PHYS_s04_T3_test,150,10,150.33333333333334,-0.03482974320650101,0.3071552289224611
UBFC_PHYS_s04_T3_test,150,11,150.36666666666667,0.1736951768398285,0.08839505284899021
UBFC_PHYS_s04_T3_test,150,12,150.4,0.3222127854824066,-0.14017467387422486
UBFC_PHYS_s04_T3_test,150,13,150.43333333333334,0.3960769474506378,-0.3234869889921568
UBFC_PHYS_s04_T3_test,150,14,150.46666666666667,0.39811354875564575,-0.41789446805399205
UBFC_PHYS_s04_T3_test,150,15,150.5,0.382872998714447,-0.40243069359136685
UBFC_PHYS_s04_T3_test,150,16,150.53333333333333,0.3825611472129822,-0.2846394221887596
UBFC_PHYS_s04_T3_test,150,17,150.56666666666666,0.3667651414871216,-0.0984685903153684
UBFC_PHYS_s04_T3_test,150,18,150.6,0.3207511007785797,0.1062611116106767
UBFC_PHYS_s04_T3_test,150,19,150.63333333333333,0.26136744022369385,0.2798854040871964
UBFC_PHYS_s04_T3_test,150,20,150.66666666666666,0.18861417472362518,0.38814743739598895
UBFC_PHYS_s04_T3_test,150,21,150.7,0.09427659958600998,0.4200129740912856
UBFC_PHYS_s04_T3_test,150,22,150.73333333333332,-0.019998446106910706,0.3852959700503156
UBFC_PHYS_s04_T3_test,150,23,150.76666666666668,-0.1573682278394699,0.30477362384032247
UBFC_PHYS_s04_T3_test,150,24,150.8,-0.3082732558250427,0.19868300211110038
UBFC_PHYS_s04_T3_test,150,25,150.83333333333334,-0.46773406863212585,0.07918245067586795
UBFC_PHYS_s04_T3_test,150,26,150.86666666666667,-0.6449885368347168,-0.05060042882502275
UBFC_PHYS_s04_T3_test,150,27,150.9,-0.7604329586029053,-0.19192200052713698
UBFC_PHYS_s04_T3_test,150,28,150.93333333333334,-0.672984778881073,-0.34350362493946046
UBFC_PHYS_s04_T3_test,150,29,150.96666666666667,-0.40355604887008667,-0.49599775224127657
UBFC_PHYS_s04_T3_test,150,30,151.0,-0.1459670215845108,-0.6302031036853878
UBFC_PHYS_s04_T3_test,150,31,151.03333333333333,-0.03394298255443573,-0.7195496677124552
UBFC_PHYS_s04_T3_test,150,32,151.06666666666666,-0.0734768658876419,-0.7359765142087722
UBFC_PHYS_s04_T3_test,150,33,151.1,-0.2517935037612915,-0.6576319442329154
UBFC_PHYS_s04_T3_test,150,34,151.13333333333333,-0.5237070918083191,-0.476571942798134
UBFC_PHYS_s04_T3_test,150,35,151.16666666666666,-0.8289667963981628,-0.20444594669109795
UBFC_PHYS_s04_T3_test,150,36,151.2,-1.1009485721588135,0.12598650284218457
UBFC_PHYS_s04_T3_test,150,37,151.23333333333332,-1.1646783351898193,0.4651892024622249
UBFC_PHYS_s04_T3_test,150,38,151.26666666666668,-0.8424046039581299,0.757078905140833
UBFC_PHYS_s04_T3_test,150,39,151.3,-0.32055145502090454,0.9526030862637912
UBFC_PHYS_s04_T3_test,150,40,151.33333333333334,-0.0076910024508833885,1.0217869390753165
UBFC_PHYS_s04_T3_test,150,41,151.36666666666667,-0.011208807118237019,0.9593868223432139
UBFC_PHYS_s04_T3_test,150,42,151.4,-0.11892573535442352,0.7824367291276545
UBFC_PHYS_s04_T3_test,150,43,151.43333333333334,-0.2213415950536728,0.5220080828587715
UBFC_PHYS_s04_T3_test,150,44,151.46666666666667,-0.44981372356414795,0.21361647292123387
UBFC_PHYS_s04_T3_test,150,45,151.5,-0.9332340955734253,-0.1097855290271875
UBFC_PHYS_s04_T3_test,150,46,151.53333333333333,-1.5305689573287964,-0.42046661680611774
UBFC_PHYS_s04_T3_test,150,47,151.56666666666666,-1.8099956512451172,-0.6948522814598819
UBFC_PHYS_s04_T3_test,150,48,151.6,-1.5596274137496948,-0.9107958583486728
UBFC_PHYS_s04_T3_test,150,49,151.63333333333333,-1.331126093864441,-1.0454999577512774
UBFC_PHYS_s04_T3_test,150,50,151.66666666666666,-1.9257227182388306,-1.0758642914106955
UBFC_PHYS_s04_T3_test,150,51,151.7,-3.0005922317504883,-0.9821384466913965
UBFC_PHYS_s04_T3_test,150,52,151.73333333333332,-3.2780895233154297,-0.7546931978911091
UBFC_PHYS_s04_T3_test,150,53,151.76666666666668,-2.505302906036377,-0.40230820346260393
UBFC_PHYS_s04_T3_test,150,54,151.8,-1.6978157758712769,0.0412822793277461
UBFC_PHYS_s04_T3_test,150,55,151.83333333333334,-1.2480825185775757,0.5167903723862338
UBFC_PHYS_s04_T3_test,150,56,151.86666666666667,-0.8339560031890869,0.9479245492629118
UBFC_PHYS_s04_T3_test,150,57,151.9,-0.4507589638233185,1.2586052730036807
UBFC_PHYS_s04_T3_test,150,58,151.93333333333334,-0.20001064240932465,1.393179970072362
UBFC_PHYS_s04_T3_test,150,59,151.96666666666667,0.061680879443883896,1.3310841782561436
UBFC_PHYS_s04_T3_test,150,60,152.0,0.32177427411079407,1.0896496596386192
UBFC_PHYS_s04_T3_test,150,61,152.03333333333333,0.3343740701675415,0.7147317577048001
UBFC_PHYS_s04_T3_test,150,62,152.06666666666666,0.0948125571012497,0.26471651555328995
UBFC_PHYS_s04_T3_test,150,63,152.1,-0.03581395000219345,-0.20416835053588392
UBFC_PHYS_s04_T3_test,150,64,152.13333333333333,0.3034933805465698,-0.645616716977546
UBFC_PHYS_s04_T3_test,150,65,152.16666666666666,1.0308408737182617,-1.0231583558131159
UBFC_PHYS_s04_T3_test,150,66,152.2,1.7889033555984497,-1.3052691658318492
UBFC_PHYS_s04_T3_test,150,67,152.23333333333332,2.457052230834961,-1.460707354026434
UBFC_PHYS_s04_T3_test,150,68,152.26666666666668,3.094564199447632,-1.4589209993516774
UBFC_PHYS_s04_T3_test,150,69,152.3,3.571640968322754,-1.2777387854767326
UBFC_PHYS_s04_T3_test,150,70,152.33333333333334,3.7353601455688477,-0.9160724507994548
UBFC_PHYS_s04_T3_test,150,71,152.36666666666667,3.6318724155426025,-0.4052830238820965
UBFC_PHYS_s04_T3_test,150,72,152.4,3.293539524078369,0.188230099779437
UBFC_PHYS_s04_T3_test,150,73,152.43333333333334,2.617302417755127,0.7734306179263533
UBFC_PHYS_s04_T3_test,150,74,152.46666666666667,1.6576824188232422,1.255792896318736
UBFC_PHYS_s04_T3_test,150,75,152.5,0.7652515172958374,1.5611605292907764
UBFC_PHYS_s04_T3_test,150,76,152.53333333333333,0.23969542980194092,1.652841287994637
UBFC_PHYS_s04_T3_test,150,77,152.56666666666666,-0.014863035641610622,1.5358577103695539
UBFC_PHYS_s04_T3_test,150,78,152.6,-0.2608267366886139,1.2483247159836086
UBFC_PHYS_s04_T3_test,150,79,152.63333333333333,-0.6779447793960571,0.8452129121220995
UBFC_PHYS_s04_T3_test,150,80,152.66666666666666,-1.2963182926177979,0.3817400711741532
UBFC_PHYS_s04_T3_test,150,81,152.7,-1.9601893424987793,-0.09759966127651329
UBFC_PHYS_s04_T3_test,150,82,152.73333333333332,-2.3389039039611816,-0.561380738285132
UBFC_PHYS_s04_T3_test,150,83,152.76666666666668,-2.19100022315979,-0.9856470904874632
UBFC_PHYS_s04_T3_test,150,84,152.8,-1.6720607280731201,-1.3444007396164566
UBFC_PHYS_s04_T3_test,150,85,152.83333333333334,-1.1083447933197021,-1.6021549059126394
UBFC_PHYS_s04_T3_test,150,86,152.86666666666667,-0.6319697499275208,-1.714152927193545
UBFC_PHYS_s04_T3_test,150,87,152.9,-0.2584880590438843,-1.6367726614482152
UBFC_PHYS_s04_T3_test,150,88,152.93333333333334,-0.04560728371143341,-1.345567488722909
UBFC_PHYS_s04_T3_test,150,89,152.96666666666667,0.009722616523504257,-0.8534568294122052
UBFC_PHYS_s04_T3_test,150,90,153.0,0.007949097082018852,-0.2194629697115866
UBFC_PHYS_s04_T3_test,150,91,153.03333333333333,0.01766447350382805,0.4587918286095963
UBFC_PHYS_s04_T3_test,150,92,153.06666666666666,0.13883870840072632,1.0682360970647675
UBFC_PHYS_s04_T3_test,150,93,153.1,0.5388939380645752,1.5106131881434526
UBFC_PHYS_s04_T3_test,150,94,153.13333333333333,1.1396687030792236,1.727548101577007
UBFC_PHYS_s04_T3_test,150,95,153.16666666666666,1.5322010517120361,1.7107414821918614
UBFC_PHYS_s04_T3_test,150,96,153.2,1.4436225891113281,1.4952502370241973
UBFC_PHYS_s04_T3_test,150,97,153.23333333333332,1.0389386415481567,1.1414354722315407
UBFC_PHYS_s04_T3_test,150,98,153.26666666666668,0.7366803288459778,0.7143326350925197
UBFC_PHYS_s04_T3_test,150,99,153.3,0.8827422857284546,0.2679397701495839
UBFC_PHYS_s04_T3_test,150,100,153.33333333333334,1.4092727899551392,-0.1615066872261878
UBFC_PHYS_s04_T3_test,150,101,153.36666666666667,1.9015705585479736,-0.553167009336883
UBFC_PHYS_s04_T3_test,150,102,153.4,2.139066219329834,-0.893419107053562
UBFC_PHYS_s04_T3_test,150,103,153.43333333333334,2.267958164215088,-1.1668014296058282
UBFC_PHYS_s04_T3_test,150,104,153.46666666666667,2.3095579147338867,-1.3505328473919869
UBFC_PHYS_s04_T3_test,150,105,153.5,2.0347306728363037,-1.4152199047293688
UBFC_PHYS_s04_T3_test,150,106,153.53333333333333,1.4233732223510742,-1.3321472367757639
UBFC_PHYS_s04_T3_test,150,107,153.56666666666666,0.8216241002082825,-1.085225990114097
UBFC_PHYS_s04_T3_test,150,108,153.6,0.5010361075401306,-0.6834304442851363
UBFC_PHYS_s04_T3_test,150,109,153.63333333333333,0.43483126163482666,-0.16819046193301612
UBFC_PHYS_s04_T3_test,150,110,153.66666666666666,0.43739408254623413,0.38916832446457017
UBFC_PHYS_s04_T3_test,150,111,153.7,0.43333059549331665,0.9014232794560769
UBFC_PHYS_s04_T3_test,150,112,153.73333333333332,0.4941759407520294,1.2869282666139505
UBFC_PHYS_s04_T3_test,150,113,153.76666666666668,0.6087043285369873,1.4902198241730935
UBFC_PHYS_s04_T3_test,150,114,153.8,0.603003740310669,1.4932204319723026
UBFC_PHYS_s04_T3_test,150,115,153.83333333333334,0.4222899377346039,1.313151872251915
UBFC_PHYS_s04_T3_test,150,116,153.86666666666667,0.25760602951049805,0.9903454333908508
UBFC_PHYS_s04_T3_test,150,117,153.9,0.2735384702682495,0.5736111004687484
UBFC_PHYS_s04_T3_test,150,118,153.93333333333334,0.3769580125808716,0.10962493319266156
UBFC_PHYS_s04_T3_test,150,119,153.96666666666667,0.3642997741699219,-0.3614229866594178
UBFC_PHYS_s04_T3_test,150,120,154.0,0.1601111888885498,-0.8048435082900381
UBFC_PHYS_s04_T3_test,150,121,154.03333333333333,-0.20294375717639923,-1.1874447165051285
UBFC_PHYS_s04_T3_test,150,122,154.06666666666666,-0.653758704662323,-1.4734563405809353
UBFC_PHYS_s04_T3_test,150,123,154.1,-1.0589395761489868,-1.623568812406717
UBFC_PHYS_s04_T3_test,150,124,154.13333333333333,-1.2774430513381958,-1.5997636472476071
UBFC_PHYS_s04_T3_test,150,125,154.16666666666666,-1.3358327150344849,-1.3765823497329261
UBFC_PHYS_s04_T3_test,150,126,154.2,-1.3946316242218018,-0.955863771221594
UBFC_PHYS_s04_T3_test,150,127,154.23333333333332,-1.513321042060852,-0.3783137738077116
UBFC_PHYS_s04_T3_test,150,128,154.26666666666668,-1.6267873048782349,0.2759304636175664
UBFC_PHYS_s04_T3_test,150,129,154.3,-1.7555818557739258,0.9019879286883904
UBFC_PHYS_s04_T3_test,150,130,154.33333333333334,-2.0096724033355713,1.396604386141495
UBFC_PHYS_s04_T3_test,150,131,154.36666666666667,-2.3897221088409424,1.6857695293875279
UBFC_PHYS_s04_T3_test,150,132,154.4,-2.792330503463745,1.742251179459887
UBFC_PHYS_s04_T3_test,150,133,154.43333333333334,-3.2377564907073975,1.5868971921095367
UBFC_PHYS_s04_T3_test,150,134,154.46666666666667,-3.8650269508361816,1.2752977317479357
UBFC_PHYS_s04_T3_test,150,135,154.5,-4.542296886444092,0.8771368268646571
UBFC_PHYS_s04_T3_test,150,136,154.53333333333333,-4.794399738311768,0.4565356495765673
UBFC_PHYS_s04_T3_test,150,137,154.56666666666666,-4.460188865661621,0.05907434785335625
UBFC_PHYS_s04_T3_test,150,138,154.6,-3.7952263355255127,-0.2923345860124427
UBFC_PHYS_s04_T3_test,150,139,154.63333333333333,-2.9460127353668213,-0.5935597999139316
UBFC_PHYS_s04_T3_test,150,140,154.66666666666666,-1.8137571811676025,-0.8502307549007244
UBFC_PHYS_s04_T3_test,150,141,154.7,-0.36057257652282715,-1.0671853710722137
UBFC_PHYS_s04_T3_test,150,142,154.73333333333332,1.2162516117095947,-1.239562231376377
UBFC_PHYS_s04_T3_test,150,143,154.76666666666668,2.509829044342041,-1.3481031004712218
UBFC_PHYS_s04_T3_test,150,144,154.8,3.114511489868164,-1.3608884874870344
UBFC_PHYS_s04_T3_test,150,145,154.83333333333334,3.0506062507629395,-1.2426029125060554
UBFC_PHYS_s04_T3_test,150,146,154.86666666666667,2.828458309173584,-0.9696614378674835
UBFC_PHYS_s04_T3_test,150,147,154.9,2.8531317710876465,-0.546150496641899
UBFC_PHYS_s04_T3_test,150,148,154.93333333333334,2.9160430431365967,-0.013532761751675126
UBFC_PHYS_s04_T3_test,150,149,154.96666666666667,2.6716384887695312,0.5519854952222125
UBFC_PHYS_s04_T3_test,150,150,155.0,2.2284047603607178,1.0561612477918914
UBFC_PHYS_s04_T3_test,150,151,155.03333333333333,1.803861379623413,1.4125482840562706
UBFC_PHYS_s04_T3_test,150,152,155.06666666666666,1.3498404026031494,1.5667086945386148
UBFC_PHYS_s04_T3_test,150,153,155.1,0.9418531060218811,1.508115868201092
UBFC_PHYS_s04_T3_test,150,154,155.13333333333333,0.8983141779899597,1.2663879788060661
UBFC_PHYS_s04_T3_test,150,155,155.16666666666666,1.3115830421447754,0.8967788923173219
UBFC_PHYS_s04_T3_test,150,156,155.2,1.7888156175613403,0.46264663059180844
UBFC_PHYS_s04_T3_test,150,157,155.23333333333332,1.8942523002624512,0.020813097220854303
UBFC_PHYS_s04_T3_test,150,158,155.26666666666668,1.64724600315094,-0.38689057236249286
UBFC_PHYS_s04_T3_test,150,159,155.3,1.3976669311523438,-0.7348365278980362
UBFC_PHYS_s04_T3_test,150,160,155.33333333333334,1.3796005249023438,-1.0086735518134473
UBFC_PHYS_s04_T3_test,150,161,155.36666666666667,1.558131456375122,-1.1973788434462216
UBFC_PHYS_s04_T3_test,150,162,155.4,1.7152341604232788,-1.2867012778627864
UBFC_PHYS_s04_T3_test,150,163,155.43333333333334,1.7104592323303223,-1.2580522811463528
UBFC_PHYS_s04_T3_test,150,164,155.46666666666667,1.5889633893966675,-1.0944690075065917
UBFC_PHYS_s04_T3_test,150,165,155.5,1.3779926300048828,-0.791645516186526
UBFC_PHYS_s04_T3_test,150,166,155.53333333333333,1.062822699546814,-0.3688783926721303
UBFC_PHYS_s04_T3_test,150,167,155.56666666666666,0.7341662049293518,0.1262117111439064
UBFC_PHYS_s04_T3_test,150,168,155.6,0.4233618378639221,0.6232525592042748
UBFC_PHYS_s04_T3_test,150,169,155.63333333333333,0.05831899121403694,1.044468545980169
UBFC_PHYS_s04_T3_test,150,170,155.66666666666666,-0.3552325367927551,1.3242552488206272
UBFC_PHYS_s04_T3_test,150,171,155.7,-0.75780189037323,1.4251555484244398
UBFC_PHYS_s04_T3_test,150,172,155.73333333333332,-1.1382997035980225,1.3445528963528177
UBFC_PHYS_s04_T3_test,150,173,155.76666666666668,-1.4080986976623535,1.110918272723854
UBFC_PHYS_s04_T3_test,150,174,155.8,-1.354288935661316,0.7722966212153501
UBFC_PHYS_s04_T3_test,150,175,155.83333333333334,-0.8832442760467529,0.381770132964572
UBFC_PHYS_s04_T3_test,150,176,155.86666666666667,-0.13730406761169434,-0.01503458504722946
UBFC_PHYS_s04_T3_test,150,177,155.9,0.6570863127708435,-0.386607728133409
UBFC_PHYS_s04_T3_test,150,178,155.93333333333334,1.3691835403442383,-0.7150946871607123
UBFC_PHYS_s04_T3_test,150,179,155.96666666666667,1.9129035472869873,-0.9901790807228867
UBFC_PHYS_s04_T3_test,150,180,156.0,2.098168134689331,-1.2007968592443794
UBFC_PHYS_s04_T3_test,150,181,156.03333333333333,1.6645426750183105,-1.3289052864264508
UBFC_PHYS_s04_T3_test,150,182,156.06666666666666,0.6700564026832581,-1.3488254541281315
UBFC_PHYS_s04_T3_test,150,183,156.1,-0.3716229796409607,-1.2336156844467316
UBFC_PHYS_s04_T3_test,150,184,156.13333333333333,-0.8395689129829407,-0.9669945634202576
UBFC_PHYS_s04_T3_test,150,185,156.16666666666666,-0.5877876877784729,-0.55648016586527
UBFC_PHYS_s04_T3_test,150,186,156.2,0.007247485686093569,-0.04182458287584334
UBFC_PHYS_s04_T3_test,150,187,156.23333333333332,0.46300292015075684,0.50650774250994
UBFC_PHYS_s04_T3_test,150,188,156.26666666666668,0.4722505509853363,1.0008060828967318
UBFC_PHYS_s04_T3_test,150,189,156.3,0.06872623413801193,1.3583546489029068
UBFC_PHYS_s04_T3_test,150,190,156.33333333333334,-0.3945520520210266,1.5243356832639865
UBFC_PHYS_s04_T3_test,150,191,156.36666666666667,-0.6989151835441589,1.485893308941457
UBFC_PHYS_s04_T3_test,150,192,156.4,-0.9848610758781433,1.2717285176778639
UBFC_PHYS_s04_T3_test,150,193,156.43333333333334,-1.2987446784973145,0.9383778393587718
UBFC_PHYS_s04_T3_test,150,194,156.46666666666667,-1.3926827907562256,0.5500051274526914
UBFC_PHYS_s04_T3_test,150,195,156.5,-1.2754161357879639,0.1603654399521696
UBFC_PHYS_s04_T3_test,150,196,156.53333333333333,-1.286203384399414,-0.19683418556626125
UBFC_PHYS_s04_T3_test,150,197,156.56666666666666,-1.384740948677063,-0.5074934170980202
UBFC_PHYS_s04_T3_test,150,198,156.6,-1.2942134141921997,-0.7689006941201697
UBFC_PHYS_s04_T3_test,150,199,156.63333333333333,-1.1211881637573242,-0.9784006994287883
UBFC_PHYS_s04_T3_test,150,200,156.66666666666666,-1.1247644424438477,-1.1242644738954115
UBFC_PHYS_s04_T3_test,150,201,156.7,-1.2698616981506348,-1.1830241297546715
UBFC_PHYS_s04_T3_test,150,202,156.73333333333332,-1.427773118019104,-1.125017607712755
UBFC_PHYS_s04_T3_test,150,203,156.76666666666668,-1.6046572923660278,-0.9266725617216437
UBFC_PHYS_s04_T3_test,150,204,156.8,-1.7669830322265625,-0.5851384081718753
UBFC_PHYS_s04_T3_test,150,205,156.83333333333334,-1.7938780784606934,-0.1291606214454047
UBFC_PHYS_s04_T3_test,150,206,156.86666666666667,-1.6471924781799316,0.37959551337751146
UBFC_PHYS_s04_T3_test,150,207,156.9,-1.4110026359558105,0.8575842507597385
UBFC_PHYS_s04_T3_test,150,208,156.93333333333334,-1.1857949495315552,1.220432879379702
UBFC_PHYS_s04_T3_test,150,209,156.96666666666667,-1.0084235668182373,1.406574040623448
UBFC_PHYS_s04_T3_test,150,210,157.0,-0.8985919952392578,1.3938671448381716
UBFC_PHYS_s04_T3_test,150,211,157.03333333333333,-0.9071380496025085,1.2023444206445288
UBFC_PHYS_s04_T3_test,150,212,157.06666666666666,-1.0146015882492065,0.8830036790185954
UBFC_PHYS_s04_T3_test,150,213,157.1,-1.1220262050628662,0.4988932281251441
UBFC_PHYS_s04_T3_test,150,214,157.13333333333333,-1.1619986295700073,0.10659543388276739
UBFC_PHYS_s04_T3_test,150,215,157.16666666666666,-1.115458369255066,-0.2558600473541032
UBFC_PHYS_s04_T3_test,150,216,157.2,-0.9453369379043579,-0.5720477587710456
UBFC_PHYS_s04_T3_test,150,217,157.23333333333332,-0.5683959126472473,-0.8417971867363054
UBFC_PHYS_s04_T3_test,150,218,157.26666666666668,0.02472931705415249,-1.070529421410577
UBFC_PHYS_s04_T3_test,150,219,157.3,0.5792658925056458,-1.257752069587309
UBFC_PHYS_s04_T3_test,150,220,157.33333333333334,0.8262040615081787,-1.3893742485679215
UBFC_PHYS_s04_T3_test,150,221,157.36666666666667,0.8492208123207092,-1.4373849724709835
UBFC_PHYS_s04_T3_test,150,222,157.4,0.8922432661056519,-1.3680604127018572
UBFC_PHYS_s04_T3_test,150,223,157.43333333333334,1.0273523330688477,-1.1566515167574871
UBFC_PHYS_s04_T3_test,150,224,157.46666666666667,1.237338900566101,-0.8033174868080706
UBFC_PHYS_s04_T3_test,150,225,157.5,1.4972666501998901,-0.3431417000556254
UBFC_PHYS_s04_T3_test,150,226,157.53333333333333,1.709504246711731,0.15615085730009823
UBFC_PHYS_s04_T3_test,150,227,157.56666666666666,1.8206902742385864,0.6103958273078748
UBFC_PHYS_s04_T3_test,150,228,157.6,1.8096593618392944,0.943295744204023
UBFC_PHYS_s04_T3_test,150,229,157.63333333333333,1.5668041706085205,1.1082228028846695
UBFC_PHYS_s04_T3_test,150,230,157.66666666666666,1.0736197233200073,1.0987989263679223
UBFC_PHYS_s04_T3_test,150,231,157.7,0.5704664587974548,0.9459227711881043
UBFC_PHYS_s04_T3_test,150,232,157.73333333333332,0.28322461247444153,0.7049707058115308
UBFC_PHYS_s04_T3_test,150,233,157.76666666666668,0.18002916872501373,0.4396027803568362
UBFC_PHYS_s04_T3_test,150,234,157.8,0.12698926031589508,0.20753779723506274
UBFC_PHYS_s04_T3_test,150,235,157.83333333333334,0.061447009444236755,0.05078647679337534
UBFC_PHYS_s04_T3_test,150,236,157.86666666666667,-0.04271313175559044,-0.009469895426811004
UBFC_PHYS_s04_T3_test,150,237,157.9,-0.16491055488586426,0.02593484308862537
UBFC_PHYS_s04_T3_test,150,238,157.93333333333334,-0.21346794068813324,0.13628065620321544
UBFC_PHYS_s04_T3_test,150,239,157.96666666666667,-0.142790287733078,0.2860139243292003
UBFC_PHYS_s04_T3_test,151,0,151.0,-0.1459670215845108,0.09084283783985324
UBFC_PHYS_s04_T3_test,151,1,151.03333333333333,-0.03394298255443573,-0.06670148632079377
UBFC_PHYS_s04_T3_test,151,2,151.06666666666666,-0.0734768658876419,-0.19066178051083688
UBFC_PHYS_s04_T3_test,151,3,151.1,-0.2517935037612915,-0.25394378867446515
UBFC_PHYS_s04_T3_test,151,4,151.13333333333333,-0.5237070918083191,-0.24246127151104901
UBFC_PHYS_s04_T3_test,151,5,151.16666666666666,-0.8289667963981628,-0.15722142139847883
UBFC_PHYS_s04_T3_test,151,6,151.2,-1.1009485721588135,-0.012747836341173917
UBFC_PHYS_s04_T3_test,151,7,151.23333333333332,-1.1646783351898193,0.16708725811496838
UBFC_PHYS_s04_T3_test,151,8,151.26666666666668,-0.8424046039581299,0.3540950994121213
UBFC_PHYS_s04_T3_test,151,9,151.3,-0.32055145502090454,0.5202964774117413
UBFC_PHYS_s04_T3_test,151,10,151.33333333333334,-0.0076910024508833885,0.641392708585287
UBFC_PHYS_s04_T3_test,151,11,151.36666666666667,-0.011208807118237019,0.6991896593074872
UBFC_PHYS_s04_T3_test,151,12,151.4,-0.11892573535442352,0.6829645598246935
UBFC_PHYS_s04_T3_test,151,13,151.43333333333334,-0.2213415950536728,0.5896792264637006
UBFC_PHYS_s04_T3_test,151,14,151.46666666666667,-0.44981372356414795,0.4233040011980892
UBFC_PHYS_s04_T3_test,151,15,151.5,-0.9332340955734253,0.19403426789261516
UBFC_PHYS_s04_T3_test,151,16,151.53333333333333,-1.5305689573287964,-0.08174561180900881
UBFC_PHYS_s04_T3_test,151,17,151.56666666666666,-1.8099956512451172,-0.380538116255882
UBFC_PHYS_s04_T3_test,151,18,151.6,-1.5596274137496948,-0.6707478137146078
UBFC_PHYS_s04_T3_test,151,19,151.63333333333333,-1.331126093864441,-0.9133709249996853
UBFC_PHYS_s04_T3_test,151,20,151.66666666666666,-1.9257227182388306,-1.0659671390666532
UBFC_PHYS_s04_T3_test,151,21,151.7,-3.0005922317504883,-1.0903755564682422
UBFC_PHYS_s04_T3_test,151,22,151.73333333333332,-3.2780895233154297,-0.9629176299058149
UBFC_PHYS_s04_T3_test,151,23,151.76666666666668,-2.505302906036377,-0.6842066185034616
UBFC_PHYS_s04_T3_test,151,24,151.8,-1.6978157758712769,-0.28483330219832015
UBFC_PHYS_s04_T3_test,151,25,151.83333333333334,-1.2480825185775757,0.1764269109000895
UBFC_PHYS_s04_T3_test,151,26,151.86666666666667,-0.8339560031890869,0.6233550315797802
UBFC_PHYS_s04_T3_test,151,27,151.9,-0.4507589638233185,0.9799303929785759
UBFC_PHYS_s04_T3_test,151,28,151.93333333333334,-0.20001064240932465,1.1888550527055695
UBFC_PHYS_s04_T3_test,151,29,151.96666666666667,0.061680879443883896,1.2236138029041734
UBFC_PHYS_s04_T3_test,151,30,152.0,0.32177427411079407,1.0898819779281124
UBFC_PHYS_s04_T3_test,151,31,152.03333333333333,0.3343740701675415,0.8175230871211702
UBFC_PHYS_s04_T3_test,151,32,152.06666666666666,0.0948125571012497,0.44847547510383
UBFC_PHYS_s04_T3_test,151,33,152.1,-0.03581395000219345,0.026577938623506277
UBFC_PHYS_s04_T3_test,151,34,152.13333333333333,0.3034933805465698,-0.4070344913805955
UBFC_PHYS_s04_T3_test,151,35,152.16666666666666,1.0308408737182617,-0.8130859838785938
UBFC_PHYS_s04_T3_test,151,36,152.2,1.7889033555984497,-1.1509303734424283
UBFC_PHYS_s04_T3_test,151,37,152.23333333333332,2.457052230834961,-1.377078453366817
UBFC_PHYS_s04_T3_test,151,38,152.26666666666668,3.094564199447632,-1.4487560284468497
UBFC_PHYS_s04_T3_test,151,39,152.3,3.571640968322754,-1.3334158283568838
UBFC_PHYS_s04_T3_test,151,40,152.33333333333334,3.7353601455688477,-1.0220343457277126
UBFC_PHYS_s04_T3_test,151,41,152.36666666666667,3.6318724155426025,-0.5409643446840599
UBFC_PHYS_s04_T3_test,151,42,152.4,3.293539524078369,0.04455965364148558
UBFC_PHYS_s04_T3_test,151,43,152.43333333333334,2.617302417755127,0.6402873856800686
UBFC_PHYS_s04_T3_test,151,44,152.46666666666667,1.6576824188232422,1.145270109336218
UBFC_PHYS_s04_T3_test,151,45,152.5,0.7652515172958374,1.4788148664134395
UBFC_PHYS_s04_T3_test,151,46,152.53333333333333,0.23969542980194092,1.6008185902282772
UBFC_PHYS_s04_T3_test,151,47,152.56666666666666,-0.014863035641610622,1.5169780170602922
UBFC_PHYS_s04_T3_test,151,48,152.6,-0.2608267366886139,1.2683007841511522
UBFC_PHYS_s04_T3_test,151,49,152.63333333333333,-0.6779447793960571,0.9118578528570392
UBFC_PHYS_s04_T3_test,151,50,152.66666666666666,-1.2963182926177979,0.5019140674030824
UBFC_PHYS_s04_T3_test,151,51,152.7,-1.9601893424987793,0.07816924846390219
UBFC_PHYS_s04_T3_test,151,52,152.73333333333332,-2.3389039039611816,-0.33606532637458814
UBFC_PHYS_s04_T3_test,151,53,152.76666666666668,-2.19100022315979,-0.7268466573205787
UBFC_PHYS_s04_T3_test,151,54,152.8,-1.6720607280731201,-1.0781444728079672
UBFC_PHYS_s04_T3_test,151,55,152.83333333333334,-1.1083447933197021,-1.3621500919950096
UBFC_PHYS_s04_T3_test,151,56,152.86666666666667,-0.6319697499275208,-1.5370432985250457
UBFC_PHYS_s04_T3_test,151,57,152.9,-0.2584880590438843,-1.5550570232771668
UBFC_PHYS_s04_T3_test,151,58,152.93333333333334,-0.04560728371143341,-1.3792443828688705
UBFC_PHYS_s04_T3_test,151,59,152.96666666666667,0.009722616523504257,-1.002848309582569
UBFC_PHYS_s04_T3_test,151,60,153.0,0.007949097082018852,-0.4625432133506358
UBFC_PHYS_s04_T3_test,151,61,153.03333333333333,0.01766447350382805,0.16211219425949408
UBFC_PHYS_s04_T3_test,151,62,153.06666666666666,0.13883870840072632,0.7654830130501975
UBFC_PHYS_s04_T3_test,151,63,153.1,0.5388939380645752,1.2440495997578813
UBFC_PHYS_s04_T3_test,151,64,153.13333333333333,1.1396687030792236,1.5251245337866937
UBFC_PHYS_s04_T3_test,151,65,153.16666666666666,1.5322010517120361,1.584323528902477
UBFC_PHYS_s04_T3_test,151,66,153.2,1.4436225891113281,1.4453649996784035
UBFC_PHYS_s04_T3_test,151,67,153.23333333333332,1.0389386415481567,1.1641514573829204
UBFC_PHYS_s04_T3_test,151,68,153.26666666666668,0.7366803288459778,0.8056747702457319
UBFC_PHYS_s04_T3_test,151,69,153.3,0.8827422857284546,0.42399910772452415
UBFC_PHYS_s04_T3_test,151,70,153.33333333333334,1.4092727899551392,0.05220625965408567
UBFC_PHYS_s04_T3_test,151,71,153.36666666666667,1.9015705585479736,-0.29641945739315323
UBFC_PHYS_s04_T3_test,151,72,153.4,2.139066219329834,-0.6191733475692471
UBFC_PHYS_s04_T3_test,151,73,153.43333333333334,2.267958164215088,-0.9119027884367296
UBFC_PHYS_s04_T3_test,151,74,153.46666666666667,2.3095579147338867,-1.1592622338602738
UBFC_PHYS_s04_T3_test,151,75,153.5,2.0347306728363037,-1.331077774044755
UBFC_PHYS_s04_T3_test,151,76,153.53333333333333,1.4233732223510742,-1.38693021882333
UBFC_PHYS_s04_T3_test,151,77,153.56666666666666,0.8216241002082825,-1.288534739651901
UBFC_PHYS_s04_T3_test,151,78,153.6,0.5010361075401306,-1.0161406499719112
UBFC_PHYS_s04_T3_test,151,79,153.63333333333333,0.43483126163482666,-0.5826343348404943
UBFC_PHYS_s04_T3_test,151,80,153.66666666666666,0.43739408254623413,-0.03902628031412319
UBFC_PHYS_s04_T3_test,151,81,153.7,0.43333059549331665,0.5323582507100577
UBFC_PHYS_s04_T3_test,151,82,153.73333333333332,0.4941759407520294,1.036307826090898
UBFC_PHYS_s04_T3_test,151,83,153.76666666666668,0.6087043285369873,1.3891252126682452
UBFC_PHYS_s04_T3_test,151,84,153.8,0.603003740310669,1.539730688517775
UBFC_PHYS_s04_T3_test,151,85,153.83333333333334,0.4222899377346039,1.479021670461392
UBFC_PHYS_s04_T3_test,151,86,153.86666666666667,0.25760602951049805,1.2350675694932884
UBFC_PHYS_s04_T3_test,151,87,153.9,0.2735384702682495,0.8586404331176511
UBFC_PHYS_s04_T3_test,151,88,153.93333333333334,0.3769580125808716,0.4066718448332854
UBFC_PHYS_s04_T3_test,151,89,153.96666666666667,0.3642997741699219,-0.069899721891035
UBFC_PHYS_s04_T3_test,151,90,154.0,0.1601111888885498,-0.5307136999007298
UBFC_PHYS_s04_T3_test,151,91,154.03333333333333,-0.20294375717639923,-0.9435058885168996
UBFC_PHYS_s04_T3_test,151,92,154.06666666666666,-0.653758704662323,-1.2779394861365978
UBFC_PHYS_s04_T3_test,151,93,154.1,-1.0589395761489868,-1.500510386957455
UBFC_PHYS_s04_T3_test,151,94,154.13333333333333,-1.2774430513381958,-1.5748542007663584
UBFC_PHYS_s04_T3_test,151,95,154.16666666666666,-1.3358327150344849,-1.4694206660839517
UBFC_PHYS_s04_T3_test,151,96,154.2,-1.3946316242218018,-1.1707258800793792
UBFC_PHYS_s04_T3_test,151,97,154.23333333333332,-1.513321042060852,-0.69673052069554
UBFC_PHYS_s04_T3_test,151,98,154.26666666666668,-1.6267873048782349,-0.10319187638778028
UBFC_PHYS_s04_T3_test,151,99,154.3,-1.7555818557739258,0.5224414829345544
UBFC_PHYS_s04_T3_test,151,100,154.33333333333334,-2.0096724033355713,1.079919164985128
UBFC_PHYS_s04_T3_test,151,101,154.36666666666667,-2.3897221088409424,1.4819164801570988
UBFC_PHYS_s04_T3_test,151,102,154.4,-2.792330503463745,1.6765420528672426
UBFC_PHYS_s04_T3_test,151,103,154.43333333333334,-3.2377564907073975,1.657526353293826
UBFC_PHYS_s04_T3_test,151,104,154.46666666666667,-3.8650269508361816,1.4591036273109343
UBFC_PHYS_s04_T3_test,151,105,154.5,-4.542296886444092,1.1396375773991105
UBFC_PHYS_s04_T3_test,151,106,154.53333333333333,-4.794399738311768,0.7616004972962553
UBFC_PHYS_s04_T3_test,151,107,154.56666666666666,-4.460188865661621,0.3751276231326046
UBFC_PHYS_s04_T3_test,151,108,154.6,-3.7952263355255127,0.009734047450097713
UBFC_PHYS_s04_T3_test,151,109,154.63333333333333,-2.9460127353668213,-0.3247027045664444
UBFC_PHYS_s04_T3_test,151,110,154.66666666666666,-1.8137571811676025,-0.6298437188786065
UBFC_PHYS_s04_T3_test,151,111,154.7,-0.36057257652282715,-0.9078090448964121
UBFC_PHYS_s04_T3_test,151,112,154.73333333333332,1.2162516117095947,-1.1515051779261372
UBFC_PHYS_s04_T3_test,151,113,154.76666666666668,2.509829044342041,-1.3397203612563404
UBFC_PHYS_s04_T3_test,151,114,154.8,3.114511489868164,-1.4387702928724835
UBFC_PHYS_s04_T3_test,151,115,154.83333333333334,3.0506062507629395,-1.4107067719050468
UBFC_PHYS_s04_T3_test,151,116,154.86666666666667,2.828458309173584,-1.2262542091565012
UBFC_PHYS_s04_T3_test,151,117,154.9,2.8531317710876465,-0.8788658571946214
UBFC_PHYS_s04_T3_test,151,118,154.93333333333334,2.9160430431365967,-0.39499738845178994
UBFC_PHYS_s04_T3_test,151,119,154.96666666666667,2.6716384887695312,0.16440007072519502
UBFC_PHYS_s04_T3_test,151,120,155.0,2.2284047603607178,0.7141882515742431
UBFC_PHYS_s04_T3_test,151,121,155.03333333333333,1.803861379623413,1.165485191468889
UBFC_PHYS_s04_T3_test,151,122,155.06666666666666,1.3498404026031494,1.4487320175345113
UBFC_PHYS_s04_T3_test,151,123,155.1,0.9418531060218811,1.5296908315363333
UBFC_PHYS_s04_T3_test,151,124,155.13333333333333,0.8983141779899597,1.412920562731582
UBFC_PHYS_s04_T3_test,151,125,155.16666666666666,1.3115830421447754,1.1339616250504745
UBFC_PHYS_s04_T3_test,151,126,155.2,1.7888156175613403,0.7453744352908441
UBFC_PHYS_s04_T3_test,151,127,155.23333333333332,1.8942523002624512,0.30233368168873703
UBFC_PHYS_s04_T3_test,151,128,155.26666666666668,1.64724600315094,-0.1476514675181537
UBFC_PHYS_s04_T3_test,151,129,155.3,1.3976669311523438,-0.5684135569631864
UBFC_PHYS_s04_T3_test,151,130,155.33333333333334,1.3796005249023438,-0.9324626945275609
UBFC_PHYS_s04_T3_test,151,131,155.36666666666667,1.558131456375122,-1.2148695402609744
UBFC_PHYS_s04_T3_test,151,132,155.4,1.7152341604232788,-1.38813052793164
UBFC_PHYS_s04_T3_test,151,133,155.43333333333334,1.7104592323303223,-1.42213906339261
UBFC_PHYS_s04_T3_test,151,134,155.46666666666667,1.5889633893966675,-1.2910660484493692
UBFC_PHYS_s04_T3_test,151,135,155.5,1.3779926300048828,-0.9854356212776406
UBFC_PHYS_s04_T3_test,151,136,155.53333333333333,1.062822699546814,-0.5243968738028761
UBFC_PHYS_s04_T3_test,151,137,155.56666666666666,0.7341662049293518,0.038355325095750174
UBFC_PHYS_s04_T3_test,151,138,155.6,0.4233618378639221,0.6201935992593954
UBFC_PHYS_s04_T3_test,151,139,155.63333333333333,0.05831899121403694,1.1272053798477488
UBFC_PHYS_s04_T3_test,151,140,155.66666666666666,-0.3552325367927551,1.4780227373959496
UBFC_PHYS_s04_T3_test,151,141,155.7,-0.75780189037323,1.6242411439796198
UBFC_PHYS_s04_T3_test,151,142,155.73333333333332,-1.1382997035980225,1.5596847719917832
UBFC_PHYS_s04_T3_test,151,143,155.76666666666668,-1.4080986976623535,1.3163774515882374
UBFC_PHYS_s04_T3_test,151,144,155.8,-1.354288935661316,0.9505715054494555
UBFC_PHYS_s04_T3_test,151,145,155.83333333333334,-0.8832442760467529,0.5251518124493475
UBFC_PHYS_s04_T3_test,151,146,155.86666666666667,-0.13730406761169434,0.09460844179777815
UBFC_PHYS_s04_T3_test,151,147,155.9,0.6570863127708435,-0.30343535076635014
UBFC_PHYS_s04_T3_test,151,148,155.93333333333334,1.3691835403442383,-0.6489595201889147
UBFC_PHYS_s04_T3_test,151,149,155.96666666666667,1.9129035472869873,-0.9339148677929257
UBFC_PHYS_s04_T3_test,151,150,156.0,2.098168134689331,-1.1534593507630369
UBFC_PHYS_s04_T3_test,151,151,156.03333333333333,1.6645426750183105,-1.2981239106094222
UBFC_PHYS_s04_T3_test,151,152,156.06666666666666,0.6700564026832581,-1.3505047846971452
UBFC_PHYS_s04_T3_test,151,153,156.1,-0.3716229796409607,-1.2883555567871732
UBFC_PHYS_s04_T3_test,151,154,156.13333333333333,-0.8395689129829407,-1.0934028671232296
UBFC_PHYS_s04_T3_test,151,155,156.16666666666666,-0.5877876877784729,-0.762745427392718
UBFC_PHYS_s04_T3_test,151,156,156.2,0.007247485686093569,-0.3182540071607873
UBFC_PHYS_s04_T3_test,151,157,156.23333333333332,0.46300292015075684,0.19054223838135714
UBFC_PHYS_s04_T3_test,151,158,156.26666666666668,0.4722505509853363,0.6928425936082518
UBFC_PHYS_s04_T3_test,151,159,156.3,0.06872623413801193,1.111556451603486
UBFC_PHYS_s04_T3_test,151,160,156.33333333333334,-0.3945520520210266,1.3820942345434952
UBFC_PHYS_s04_T3_test,151,161,156.36666666666667,-0.6989151835441589,1.4679033341523273
UBFC_PHYS_s04_T3_test,151,162,156.4,-0.9848610758781433,1.3670512795238696
UBFC_PHYS_s04_T3_test,151,163,156.43333333333334,-1.2987446784973145,1.1082865582671801
UBFC_PHYS_s04_T3_test,151,164,156.46666666666667,-1.3926827907562256,0.7394881574773493
UBFC_PHYS_s04_T3_test,151,165,156.5,-1.2754161357879639,0.31398232141655574
UBFC_PHYS_s04_T3_test,151,166,156.53333333333333,-1.286203384399414,-0.1201547759345426
UBFC_PHYS_s04_T3_test,151,167,156.56666666666666,-1.384740948677063,-0.525084769365017
UBFC_PHYS_s04_T3_test,151,168,156.6,-1.2942134141921997,-0.8725584230225237
UBFC_PHYS_s04_T3_test,151,169,156.63333333333333,-1.1211881637573242,-1.139850511971675
UBFC_PHYS_s04_T3_test,151,170,156.66666666666666,-1.1247644424438477,-1.305522285690592
UBFC_PHYS_s04_T3_test,151,171,156.7,-1.2698616981506348,-1.3480191617554438
UBFC_PHYS_s04_T3_test,151,172,156.73333333333332,-1.427773118019104,-1.2487854147644708
UBFC_PHYS_s04_T3_test,151,173,156.76666666666668,-1.6046572923660278,-0.9995949449043731
UBFC_PHYS_s04_T3_test,151,174,156.8,-1.7669830322265625,-0.6116914217578934
UBFC_PHYS_s04_T3_test,151,175,156.83333333333334,-1.7938780784606934,-0.12259689022500879
UBFC_PHYS_s04_T3_test,151,176,156.86666666666667,-1.6471924781799316,0.40409046950453503
UBFC_PHYS_s04_T3_test,151,177,156.9,-1.4110026359558105,0.8886336510333345
UBFC_PHYS_s04_T3_test,151,178,156.93333333333334,-1.1857949495315552,1.2530792996280513
UBFC_PHYS_s04_T3_test,151,179,156.96666666666667,-1.0084235668182373,1.4410175097546223
UBFC_PHYS_s04_T3_test,151,180,157.0,-0.8985919952392578,1.4316285633339692
UBFC_PHYS_s04_T3_test,151,181,157.03333333333333,-0.9071380496025085,1.2428153774446544
UBFC_PHYS_s04_T3_test,151,182,157.06666666666666,-1.0146015882492065,0.9229606900102146
UBFC_PHYS_s04_T3_test,151,183,157.1,-1.1220262050628662,0.5352466201432127
UBFC_PHYS_s04_T3_test,151,184,157.13333333333333,-1.1619986295700073,0.14038646675548064
UBFC_PHYS_s04_T3_test,151,185,157.16666666666666,-1.115458369255066,-0.21683133079779096
UBFC_PHYS_s04_T3_test,151,186,157.2,-0.9453369379043579,-0.51352589845605
UBFC_PHYS_s04_T3_test,151,187,157.23333333333332,-0.5683959126472473,-0.7461281044065986
UBFC_PHYS_s04_T3_test,151,188,157.26666666666668,0.02472931705415249,-0.9210745103681736
UBFC_PHYS_s04_T3_test,151,189,157.3,0.5792658925056458,-1.0430513566355195
UBFC_PHYS_s04_T3_test,151,190,157.33333333333334,0.8262040615081787,-1.105898277170615
UBFC_PHYS_s04_T3_test,151,191,157.36666666666667,0.8492208123207092,-1.090350479076134
UBFC_PHYS_s04_T3_test,151,192,157.4,0.8922432661056519,-0.970370676552196
UBFC_PHYS_s04_T3_test,151,193,157.43333333333334,1.0273523330688477,-0.7264330324201005
UBFC_PHYS_s04_T3_test,151,194,157.46666666666667,1.237338900566101,-0.3607215462265843
UBFC_PHYS_s04_T3_test,151,195,157.5,1.4972666501998901,0.09278718049639668
UBFC_PHYS_s04_T3_test,151,196,157.53333333333333,1.709504246711731,0.5695445985532629
UBFC_PHYS_s04_T3_test,151,197,157.56666666666666,1.8206902742385864,0.9886601258939822
UBFC_PHYS_s04_T3_test,151,198,157.6,1.8096593618392944,1.2751574886326413
UBFC_PHYS_s04_T3_test,151,199,157.63333333333333,1.5668041706085205,1.3808820473923762
UBFC_PHYS_s04_T3_test,151,200,157.66666666666666,1.0736197233200073,1.2959180061058584
UBFC_PHYS_s04_T3_test,151,201,157.7,0.5704664587974548,1.0475125824120692
UBFC_PHYS_s04_T3_test,151,202,157.73333333333332,0.28322461247444153,0.6887409287105002
UBFC_PHYS_s04_T3_test,151,203,157.76666666666668,0.18002916872501373,0.28222685701025235
UBFC_PHYS_s04_T3_test,151,204,157.8,0.12698926031589508,-0.11531256778599143
UBFC_PHYS_s04_T3_test,151,205,157.83333333333334,0.061447009444236755,-0.46328025319685034
UBFC_PHYS_s04_T3_test,151,206,157.86666666666667,-0.04271313175559044,-0.7398730947361141
UBFC_PHYS_s04_T3_test,151,207,157.9,-0.16491055488586426,-0.9375631518958957
UBFC_PHYS_s04_T3_test,151,208,157.93333333333334,-0.21346794068813324,-1.0545649660412948
UBFC_PHYS_s04_T3_test,151,209,157.96666666666667,-0.142790287733078,-1.0871858461705228
UBFC_PHYS_s04_T3_test,151,210,158.0,-0.003744435263797641,-1.0273756737535626
UBFC_PHYS_s04_T3_test,151,211,158.03333333333333,0.24550321698188782,-0.8670077395033001
UBFC_PHYS_s04_T3_test,151,212,158.06666666666666,0.678358793258667,-0.6067126659252636
UBFC_PHYS_s04_T3_test,151,213,158.1,1.0863267183303833,-0.2644486004285482
UBFC_PHYS_s04_T3_test,151,214,158.13333333333333,1.1799042224884033,0.12109381294111872
UBFC_PHYS_s04_T3_test,151,215,158.16666666666666,1.0079410076141357,0.4947867746088278
UBFC_PHYS_s04_T3_test,151,216,158.2,0.7451093792915344,0.7961138368725519
UBFC_PHYS_s04_T3_test,151,217,158.23333333333332,0.3649623990058899,0.9732605610622721
UBFC_PHYS_s04_T3_test,151,218,158.26666666666668,-0.10474732518196106,0.9957158926070572
UBFC_PHYS_s04_T3_test,151,219,158.3,-0.42368844151496887,0.8617268113995963
UBFC_PHYS_s04_T3_test,151,220,158.33333333333334,-0.5018402338027954,0.5986703175083592
UBFC_PHYS_s04_T3_test,151,221,158.36666666666667,-0.48612216114997864,0.2565266394117062
UBFC_PHYS_s04_T3_test,151,222,158.4,-0.4894353151321411,-0.10329268058323406
UBFC_PHYS_s04_T3_test,151,223,158.43333333333334,-0.49217355251312256,-0.4203845614662948
UBFC_PHYS_s04_T3_test,151,224,158.46666666666667,-0.48549848794937134,-0.6460249774805563
UBFC_PHYS_s04_T3_test,151,225,158.5,-0.4767478406429291,-0.7502422015075825
UBFC_PHYS_s04_T3_test,151,226,158.53333333333333,-0.3554956316947937,-0.7246573575023036
UBFC_PHYS_s04_T3_test,151,227,158.56666666666666,-0.053568627685308456,-0.5813301982630569
UBFC_PHYS_s04_T3_test,151,228,158.6,0.2587461471557617,-0.3484601478491692
UBFC_PHYS_s04_T3_test,151,229,158.63333333333333,0.4033561646938324,-0.06418059330893813
UBFC_PHYS_s04_T3_test,151,230,158.66666666666666,0.4303779602050781,0.23017449690524294
UBFC_PHYS_s04_T3_test,151,231,158.7,0.43692633509635925,0.49612053773438236
UBFC_PHYS_s04_T3_test,151,232,158.73333333333332,0.41716426610946655,0.7026213823048363
UBFC_PHYS_s04_T3_test,151,233,158.76666666666668,0.38490960001945496,0.8289359222636876
UBFC_PHYS_s04_T3_test,151,234,158.8,0.38407158851623535,0.8656831038939524
UBFC_PHYS_s04_T3_test,151,235,158.83333333333334,0.3630427122116089,0.814226143120902
UBFC_PHYS_s04_T3_test,151,236,158.86666666666667,0.2046927809715271,0.684632969748294
UBFC_PHYS_s04_T3_test,151,237,158.9,-0.14766259491443634,0.49274083981241873
UBFC_PHYS_s04_T3_test,151,238,158.93333333333334,-0.5649073123931885,0.2571783413186258
UBFC_PHYS_s04_T3_test,151,239,158.96666666666667,-0.801253080368042,-0.0026314019499337348
UBFC_PHYS_s04_T3_test,152,0,152.0,0.32177427411079407,0.02986473214494231
UBFC_PHYS_s04_T3_test,152,1,152.03333333333333,0.3343740701675415,-0.21927677178381857
UBFC_PHYS_s04_T3_test,152,2,152.06666666666666,0.0948125571012497,-0.44702946207454547
UBFC_PHYS_s04_T3_test,152,3,152.1,-0.03581395000219345,-0.6363909325777196
UBFC_PHYS_s04_T3_test,152,4,152.13333333333333,0.3034933805465698,-0.7766963993821089
UBFC_PHYS_s04_T3_test,152,5,152.16666666666666,1.0308408737182617,-0.8629883417365048
UBFC_PHYS_s04_T3_test,152,6,152.2,1.7889033555984497,-0.8924596416463105
UBFC_PHYS_s04_T3_test,152,7,152.23333333333332,2.457052230834961,-0.8601693416040732
UBFC_PHYS_s04_T3_test,152,8,152.26666666666668,3.094564199447632,-0.757051564800696
UBFC_PHYS_s04_T3_test,152,9,152.3,3.571640968322754,-0.572319864529654
UBFC_PHYS_s04_T3_test,152,10,152.33333333333334,3.7353601455688477,-0.3002882534043673
UBFC_PHYS_s04_T3_test,152,11,152.36666666666667,3.6318724155426025,0.05075378291762114
UBFC_PHYS_s04_T3_test,152,12,152.4,3.293539524078369,0.4516711102383319
UBFC_PHYS_s04_T3_test,152,13,152.43333333333334,2.617302417755127,0.8517539230531521
UBFC_PHYS_s04_T3_test,152,14,152.46666666666667,1.6576824188232422,1.1863360012194715
UBFC_PHYS_s04_T3_test,152,15,152.5,0.7652515172958374,1.3915616564716775
UBFC_PHYS_s04_T3_test,152,16,152.53333333333333,0.23969542980194092,1.421616844946148
UBFC_PHYS_s04_T3_test,152,17,152.56666666666666,-0.014863035641610622,1.2620689538254812
UBFC_PHYS_s04_T3_test,152,18,152.6,-0.2608267366886139,0.9342575187415608
UBFC_PHYS_s04_T3_test,152,19,152.63333333333333,-0.6779447793960571,0.4892932116849422
UBFC_PHYS_s04_T3_test,152,20,152.66666666666666,-1.2963182926177979,-0.005643402090873522
UBFC_PHYS_s04_T3_test,152,21,152.7,-1.9601893424987793,-0.4833011988524152
UBFC_PHYS_s04_T3_test,152,22,152.73333333333332,-2.3389039039611816,-0.8891050101223692
UBFC_PHYS_s04_T3_test,152,23,152.76666666666668,-2.19100022315979,-1.1871639349689247
UBFC_PHYS_s04_T3_test,152,24,152.8,-1.6720607280731201,-1.3591614256986244
UBFC_PHYS_s04_T3_test,152,25,152.83333333333334,-1.1083447933197021,-1.3987323424712512
UBFC_PHYS_s04_T3_test,152,26,152.86666666666667,-0.6319697499275208,-1.3057202115184132
UBFC_PHYS_s04_T3_test,152,27,152.9,-0.2584880590438843,-1.0843373381503212
UBFC_PHYS_s04_T3_test,152,28,152.93333333333334,-0.04560728371143341,-0.7465735917269758
UBFC_PHYS_s04_T3_test,152,29,152.96666666666667,0.009722616523504257,-0.3183909770873678
UBFC_PHYS_s04_T3_test,152,30,153.0,0.007949097082018852,0.15653112346675319
UBFC_PHYS_s04_T3_test,152,31,153.03333333333333,0.01766447350382805,0.6200409432348872
UBFC_PHYS_s04_T3_test,152,32,153.06666666666666,0.13883870840072632,1.0099028054435188
UBFC_PHYS_s04_T3_test,152,33,153.1,0.5388939380645752,1.273053968653402
UBFC_PHYS_s04_T3_test,152,34,153.13333333333333,1.1396687030792236,1.37652620808331
UBFC_PHYS_s04_T3_test,152,35,153.16666666666666,1.5322010517120361,1.3128986792147104
UBFC_PHYS_s04_T3_test,152,36,153.2,1.4436225891113281,1.0998037802996665
UBFC_PHYS_s04_T3_test,152,37,153.23333333333332,1.0389386415481567,0.7747297318323919
UBFC_PHYS_s04_T3_test,152,38,153.26666666666668,0.7366803288459778,0.38685431546891086
UBFC_PHYS_s04_T3_test,152,39,153.3,0.8827422857284546,-0.01240398136683471
UBFC_PHYS_s04_T3_test,152,40,153.33333333333334,1.4092727899551392,-0.37829862162763667
UBFC_PHYS_s04_T3_test,152,41,153.36666666666667,1.9015705585479736,-0.6791656965516686
UBFC_PHYS_s04_T3_test,152,42,153.4,2.139066219329834,-0.8987319601866472
UBFC_PHYS_s04_T3_test,152,43,153.43333333333334,2.267958164215088,-1.0337580195046656
UBFC_PHYS_s04_T3_test,152,44,153.46666666666667,2.3095579147338867,-1.0879776254739246
UBFC_PHYS_s04_T3_test,152,45,153.5,2.0347306728363037,-1.0648858955728495
UBFC_PHYS_s04_T3_test,152,46,153.53333333333333,1.4233732223510742,-0.9628950404241285
UBFC_PHYS_s04_T3_test,152,47,153.56666666666666,0.8216241002082825,-0.775835145739598
UBFC_PHYS_s04_T3_test,152,48,153.6,0.5010361075401306,-0.49943387765753683
UBFC_PHYS_s04_T3_test,152,49,153.63333333333333,0.43483126163482666,-0.14118346705631796
UBFC_PHYS_s04_T3_test,152,50,153.66666666666666,0.43739408254623413,0.2714594098321187
UBFC_PHYS_s04_T3_test,152,51,153.7,0.43333059549331665,0.6897099577200211
UBFC_PHYS_s04_T3_test,152,52,153.73333333333332,0.4941759407520294,1.0513129590757213
UBFC_PHYS_s04_T3_test,152,53,153.76666666666668,0.6087043285369873,1.295500388707222
UBFC_PHYS_s04_T3_test,152,54,153.8,0.603003740310669,1.3790532206908832
UBFC_PHYS_s04_T3_test,152,55,153.83333333333334,0.4222899377346039,1.2867785847078048
UBFC_PHYS_s04_T3_test,152,56,153.86666666666667,0.25760602951049805,1.0329256524384574
UBFC_PHYS_s04_T3_test,152,57,153.9,0.2735384702682495,0.654672412066349
UBFC_PHYS_s04_T3_test,152,58,153.93333333333334,0.3769580125808716,0.2017318014797186
UBFC_PHYS_s04_T3_test,152,59,153.96666666666667,0.3642997741699219,-0.2735209237550122
UBFC_PHYS_s04_T3_test,152,60,154.0,0.1601111888885498,-0.722497267593953
UBFC_PHYS_s04_T3_test,152,61,154.03333333333333,-0.20294375717639923,-1.1027743712150173
UBFC_PHYS_s04_T3_test,152,62,154.06666666666666,-0.653758704662323,-1.377755685946806
UBFC_PHYS_s04_T3_test,152,63,154.1,-1.0589395761489868,-1.516110914194092
UBFC_PHYS_s04_T3_test,152,64,154.13333333333333,-1.2774430513381958,-1.493496225963168
UBFC_PHYS_s04_T3_test,152,65,154.16666666666666,-1.3358327150344849,-1.297755206241127
UBFC_PHYS_s04_T3_test,152,66,154.2,-1.3946316242218018,-0.9364735761768863
UBFC_PHYS_s04_T3_test,152,67,154.23333333333332,-1.513321042060852,-0.4433467758047719
UBFC_PHYS_s04_T3_test,152,68,154.26666666666668,-1.6267873048782349,0.12129345599059659
UBFC_PHYS_s04_T3_test,152,69,154.3,-1.7555818557739258,0.6788747656334343
UBFC_PHYS_s04_T3_test,152,70,154.33333333333334,-2.0096724033355713,1.1487952529779855
UBFC_PHYS_s04_T3_test,152,71,154.36666666666667,-2.3897221088409424,1.4670416234398609
UBFC_PHYS_s04_T3_test,152,72,154.4,-2.792330503463745,1.6002075403366156
UBFC_PHYS_s04_T3_test,152,73,154.43333333333334,-3.2377564907073975,1.5498587704707252
UBFC_PHYS_s04_T3_test,152,74,154.46666666666667,-3.8650269508361816,1.3465557066118776
UBFC_PHYS_s04_T3_test,152,75,154.5,-4.542296886444092,1.0371167081654245
UBFC_PHYS_s04_T3_test,152,76,154.53333333333333,-4.794399738311768,0.6706809821034446
UBFC_PHYS_s04_T3_test,152,77,154.56666666666666,-4.460188865661621,0.288400117038913
UBFC_PHYS_s04_T3_test,152,78,154.6,-3.7952263355255127,-0.08090591299898144
UBFC_PHYS_s04_T3_test,152,79,154.63333333333333,-2.9460127353668213,-0.4196198081611538
UBFC_PHYS_s04_T3_test,152,80,154.66666666666666,-1.8137571811676025,-0.7170960207399508
UBFC_PHYS_s04_T3_test,152,81,154.7,-0.36057257652282715,-0.9650065545999232
UBFC_PHYS_s04_T3_test,152,82,154.73333333333332,1.2162516117095947,-1.153945097725966
UBFC_PHYS_s04_T3_test,152,83,154.76666666666668,2.509829044342041,-1.2717584933595336
UBFC_PHYS_s04_T3_test,152,84,154.8,3.114511489868164,-1.3035959607774472
UBFC_PHYS_s04_T3_test,152,85,154.83333333333334,3.0506062507629395,-1.2338734829562148
UBFC_PHYS_s04_T3_test,152,86,154.86666666666667,2.828458309173584,-1.050548653803055
UBFC_PHYS_s04_T3_test,152,87,154.9,2.8531317710876465,-0.7515727055104829
UBFC_PHYS_s04_T3_test,152,88,154.93333333333334,2.9160430431365967,-0.35195247712775374
UBFC_PHYS_s04_T3_test,152,89,154.96666666666667,2.6716384887695312,0.11177327490673525
UBFC_PHYS_s04_T3_test,152,90,155.0,2.2284047603607178,0.5833171140148034
UBFC_PHYS_s04_T3_test,152,91,155.03333333333333,1.803861379623413,0.9962902287310349
UBFC_PHYS_s04_T3_test,152,92,155.06666666666666,1.3498404026031494,1.2890797691323628
UBFC_PHYS_s04_T3_test,152,93,155.1,0.9418531060218811,1.4192353724786997
UBFC_PHYS_s04_T3_test,152,94,155.13333333333333,0.8983141779899597,1.3723222774759223
UBFC_PHYS_s04_T3_test,152,95,155.16666666666666,1.3115830421447754,1.163139693911404
UBFC_PHYS_s04_T3_test,152,96,155.2,1.7888156175613403,0.8297914687027338
UBFC_PHYS_s04_T3_test,152,97,155.23333333333332,1.8942523002624512,0.42293520341320023
UBFC_PHYS_s04_T3_test,152,98,155.26666666666668,1.64724600315094,-0.0060361970323466385
UBFC_PHYS_s04_T3_test,152,99,155.3,1.3976669311523438,-0.4138335558034286
UBFC_PHYS_s04_T3_test,152,100,155.33333333333334,1.3796005249023438,-0.7685832712382377
UBFC_PHYS_s04_T3_test,152,101,155.36666666666667,1.558131456375122,-1.0477190081227172
UBFC_PHYS_s04_T3_test,152,102,155.4,1.7152341604232788,-1.2330597172195326
UBFC_PHYS_s04_T3_test,152,103,155.43333333333334,1.7104592323303223,-1.3068842156162144
UBFC_PHYS_s04_T3_test,152,104,155.46666666666667,1.5889633893966675,-1.252171162281749
UBFC_PHYS_s04_T3_test,152,105,155.5,1.3779926300048828,-1.0579792953575162
UBFC_PHYS_s04_T3_test,152,106,155.53333333333333,1.062822699546814,-0.7281087953779904
UBFC_PHYS_s04_T3_test,152,107,155.56666666666666,0.7341662049293518,-0.28886594601928833
UBFC_PHYS_s04_T3_test,152,108,155.6,0.4233618378639221,0.20890751452010276
UBFC_PHYS_s04_T3_test,152,109,155.63333333333333,0.05831899121403694,0.696562921466918
UBFC_PHYS_s04_T3_test,152,110,155.66666666666666,-0.3552325367927551,1.102207695654759
UBFC_PHYS_s04_T3_test,152,111,155.7,-0.75780189037323,1.3681171537874712
UBFC_PHYS_s04_T3_test,152,112,155.73333333333332,-1.1382997035980225,1.4641828009061826
UBFC_PHYS_s04_T3_test,152,113,155.76666666666668,-1.4080986976623535,1.3921822407977664
UBFC_PHYS_s04_T3_test,152,114,155.8,-1.354288935661316,1.1800067475954523
UBFC_PHYS_s04_T3_test,152,115,155.83333333333334,-0.8832442760467529,0.8694610239103626
UBFC_PHYS_s04_T3_test,152,116,155.86666666666667,-0.13730406761169434,0.5033250299024591
UBFC_PHYS_s04_T3_test,152,117,155.9,0.6570863127708435,0.11658634191650313
UBFC_PHYS_s04_T3_test,152,118,155.93333333333334,1.3691835403442383,-0.26587116303744834
UBFC_PHYS_s04_T3_test,152,119,155.96666666666667,1.9129035472869873,-0.6258811172244896
UBFC_PHYS_s04_T3_test,152,120,156.0,2.098168134689331,-0.9458800266691428
UBFC_PHYS_s04_T3_test,152,121,156.03333333333333,1.6645426750183105,-1.2037405534449641
UBFC_PHYS_s04_T3_test,152,122,156.06666666666666,0.6700564026832581,-1.371436624073632
UBFC_PHYS_s04_T3_test,152,123,156.1,-0.3716229796409607,-1.4187023408592454
UBFC_PHYS_s04_T3_test,152,124,156.13333333333333,-0.8395689129829407,-1.3209275370446996
UBFC_PHYS_s04_T3_test,152,125,156.16666666666666,-0.5877876877784729,-1.0689280742269185
UBFC_PHYS_s04_T3_test,152,126,156.2,0.007247485686093569,-0.6772632224376898
UBFC_PHYS_s04_T3_test,152,127,156.23333333333332,0.46300292015075684,-0.18767918542922568
UBFC_PHYS_s04_T3_test,152,128,156.26666666666668,0.4722505509853363,0.3347893016877531
UBFC_PHYS_s04_T3_test,152,129,156.3,0.06872623413801193,0.8134576176493304
UBFC_PHYS_s04_T3_test,152,130,156.33333333333334,-0.3945520520210266,1.1769184047360437
UBFC_PHYS_s04_T3_test,152,131,156.36666666666667,-0.6989151835441589,1.3761333474471287
UBFC_PHYS_s04_T3_test,152,132,156.4,-0.9848610758781433,1.3954466980584517
UBFC_PHYS_s04_T3_test,152,133,156.43333333333334,-1.2987446784973145,1.2530462734357504
UBFC_PHYS_s04_T3_test,152,134,156.46666666666667,-1.3926827907562256,0.9909353444256105
UBFC_PHYS_s04_T3_test,152,135,156.5,-1.2754161357879639,0.6592435607168103
UBFC_PHYS_s04_T3_test,152,136,156.53333333333333,-1.286203384399414,0.3018348744967194
UBFC_PHYS_s04_T3_test,152,137,156.56666666666666,-1.384740948677063,-0.051266761654014247
UBFC_PHYS_s04_T3_test,152,138,156.6,-1.2942134141921997,-0.38306151089731766
UBFC_PHYS_s04_T3_test,152,139,156.63333333333333,-1.1211881637573242,-0.6828059821443796
UBFC_PHYS_s04_T3_test,152,140,156.66666666666666,-1.1247644424438477,-0.9377393480364152
UBFC_PHYS_s04_T3_test,152,141,156.7,-1.2698616981506348,-1.1276262604639553
UBFC_PHYS_s04_T3_test,152,142,156.73333333333332,-1.427773118019104,-1.2249958045421014
UBFC_PHYS_s04_T3_test,152,143,156.76666666666668,-1.6046572923660278,-1.2016721109204256
UBFC_PHYS_s04_T3_test,152,144,156.8,-1.7669830322265625,-1.0395410177946987
UBFC_PHYS_s04_T3_test,152,145,156.83333333333334,-1.7938780784606934,-0.7413636469677849
UBFC_PHYS_s04_T3_test,152,146,156.86666666666667,-1.6471924781799316,-0.3367787290965283
UBFC_PHYS_s04_T3_test,152,147,156.9,-1.4110026359558105,0.12000854831930995
UBFC_PHYS_s04_T3_test,152,148,156.93333333333334,-1.1857949495315552,0.561203708440348
UBFC_PHYS_s04_T3_test,152,149,156.96666666666667,-1.0084235668182373,0.9217151683554249
UBFC_PHYS_s04_T3_test,152,150,157.0,-0.8985919952392578,1.1548612427556353
UBFC_PHYS_s04_T3_test,152,151,157.03333333333333,-0.9071380496025085,1.2416423217055668
UBFC_PHYS_s04_T3_test,152,152,157.06666666666666,-1.0146015882492065,1.19060239817745
UBFC_PHYS_s04_T3_test,152,153,157.1,-1.1220262050628662,1.0293944560395363
UBFC_PHYS_s04_T3_test,152,154,157.13333333333333,-1.1619986295700073,0.7923431487242358
UBFC_PHYS_s04_T3_test,152,155,157.16666666666666,-1.115458369255066,0.5093614970657064
UBFC_PHYS_s04_T3_test,152,156,157.2,-0.9453369379043579,0.20038056634700563
UBFC_PHYS_s04_T3_test,152,157,157.23333333333332,-0.5683959126472473,-0.12328286231167633
UBFC_PHYS_s04_T3_test,152,158,157.26666666666668,0.02472931705415249,-0.45225000711132274
UBFC_PHYS_s04_T3_test,152,159,157.3,0.5792658925056458,-0.770854139475043
UBFC_PHYS_s04_T3_test,152,160,157.33333333333334,0.8262040615081787,-1.0515798169363193
UBFC_PHYS_s04_T3_test,152,161,157.36666666666667,0.8492208123207092,-1.2552767851928446
UBFC_PHYS_s04_T3_test,152,162,157.4,0.8922432661056519,-1.3381720130613786
UBFC_PHYS_s04_T3_test,152,163,157.43333333333334,1.0273523330688477,-1.264223723860633
UBFC_PHYS_s04_T3_test,152,164,157.46666666666667,1.237338900566101,-1.01909240329419
UBFC_PHYS_s04_T3_test,152,165,157.5,1.4972666501998901,-0.6206127415873278
UBFC_PHYS_s04_T3_test,152,166,157.53333333333333,1.709504246711731,-0.12084711246765814
UBFC_PHYS_s04_T3_test,152,167,157.56666666666666,1.8206902742385864,0.4028140671247483
UBFC_PHYS_s04_T3_test,152,168,157.6,1.8096593618392944,0.8658014292996039
UBFC_PHYS_s04_T3_test,152,169,157.63333333333333,1.5668041706085205,1.197817410767477
UBFC_PHYS_s04_T3_test,152,170,157.66666666666666,1.0736197233200073,1.3596893800358076
UBFC_PHYS_s04_T3_test,152,171,157.7,0.5704664587974548,1.3495051662958857
UBFC_PHYS_s04_T3_test,152,172,157.73333333333332,0.28322461247444153,1.1968309707527882
UBFC_PHYS_s04_T3_test,152,173,157.76666666666668,0.18002916872501373,0.9487372613339324
UBFC_PHYS_s04_T3_test,152,174,157.8,0.12698926031589508,0.6534949878073085
UBFC_PHYS_s04_T3_test,152,175,157.83333333333334,0.061447009444236755,0.3473953739554566
UBFC_PHYS_s04_T3_test,152,176,157.86666666666667,-0.04271313175559044,0.04856127262896948
UBFC_PHYS_s04_T3_test,152,177,157.9,-0.16491055488586426,-0.24086513970139006
UBFC_PHYS_s04_T3_test,152,178,157.93333333333334,-0.21346794068813324,-0.5259167809564003
UBFC_PHYS_s04_T3_test,152,179,157.96666666666667,-0.142790287733078,-0.8075576902653433
UBFC_PHYS_s04_T3_test,152,180,158.0,-0.003744435263797641,-1.073653081783738
UBFC_PHYS_s04_T3_test,152,181,158.03333333333333,0.24550321698188782,-1.295560673968001
UBFC_PHYS_s04_T3_test,152,182,158.06666666666666,0.678358793258667,-1.4317332376617502
UBFC_PHYS_s04_T3_test,152,183,158.1,1.0863267183303833,-1.4376740336379055
UBFC_PHYS_s04_T3_test,152,184,158.13333333333333,1.1799042224884033,-1.2798604948141896
UBFC_PHYS_s04_T3_test,152,185,158.16666666666666,1.0079410076141357,-0.9498435952216119
UBFC_PHYS_s04_T3_test,152,186,158.2,0.7451093792915344,-0.47378320975019456
UBFC_PHYS_s04_T3_test,152,187,158.23333333333332,0.3649623990058899,0.0871387006356401
UBFC_PHYS_s04_T3_test,152,188,158.26666666666668,-0.10474732518196106,0.6478705171627207
UBFC_PHYS_s04_T3_test,152,189,158.3,-0.42368844151496887,1.1202642538097782
UBFC_PHYS_s04_T3_test,152,190,158.33333333333334,-0.5018402338027954,1.436304923626357
UBFC_PHYS_s04_T3_test,152,191,158.36666666666667,-0.48612216114997864,1.564420154993858
UBFC_PHYS_s04_T3_test,152,192,158.4,-0.4894353151321411,1.5127338563194854
UBFC_PHYS_s04_T3_test,152,193,158.43333333333334,-0.49217355251312256,1.3194580094578008
UBFC_PHYS_s04_T3_test,152,194,158.46666666666667,-0.48549848794937134,1.035910739105331
UBFC_PHYS_s04_T3_test,152,195,158.5,-0.4767478406429291,0.7096355377857549
UBFC_PHYS_s04_T3_test,152,196,158.53333333333333,-0.3554956316947937,0.3736221090518918
UBFC_PHYS_s04_T3_test,152,197,158.56666666666666,-0.053568627685308456,0.044162293876543315
UBFC_PHYS_s04_T3_test,152,198,158.6,0.2587461471557617,-0.2736896286806592
UBFC_PHYS_s04_T3_test,152,199,158.63333333333333,0.4033561646938324,-0.5766091098219711
UBFC_PHYS_s04_T3_test,152,200,158.66666666666666,0.4303779602050781,-0.8540097228015366
UBFC_PHYS_s04_T3_test,152,201,158.7,0.43692633509635925,-1.0834495392579162
UBFC_PHYS_s04_T3_test,152,202,158.73333333333332,0.41716426610946655,-1.2323100961051683
UBFC_PHYS_s04_T3_test,152,203,158.76666666666668,0.38490960001945496,-1.2653213638725482
UBFC_PHYS_s04_T3_test,152,204,158.8,0.38407158851623535,-1.155779220084209
UBFC_PHYS_s04_T3_test,152,205,158.83333333333334,0.3630427122116089,-0.8971497287495906
UBFC_PHYS_s04_T3_test,152,206,158.86666666666667,0.2046927809715271,-0.5110544481593854
UBFC_PHYS_s04_T3_test,152,207,158.9,-0.14766259491443634,-0.04787741381114947
UBFC_PHYS_s04_T3_test,152,208,158.93333333333334,-0.5649073123931885,0.4219379775165718
UBFC_PHYS_s04_T3_test,152,209,158.96666666666667,-0.801253080368042,0.8243183560984423
UBFC_PHYS_s04_T3_test,152,210,159.0,-0.7958350777626038,1.1001374281151057
UBFC_PHYS_s04_T3_test,152,211,159.03333333333333,-0.7619336247444153,1.2186849792805026
UBFC_PHYS_s04_T3_test,152,212,159.06666666666666,-0.8494109511375427,1.181160936385907
UBFC_PHYS_s04_T3_test,152,213,159.1,-0.9784296154975891,1.0141342783832021
UBFC_PHYS_s04_T3_test,152,214,159.13333333333333,-1.0506956577301025,0.7570845756631376
UBFC_PHYS_s04_T3_test,152,215,159.16666666666666,-1.02955961227417,0.4497137486947242
UBFC_PHYS_s04_T3_test,152,216,159.2,-0.86307293176651,0.12342031990467603
UBFC_PHYS_s04_T3_test,152,217,159.23333333333332,-0.5702181458473206,-0.2013367770866565
UBFC_PHYS_s04_T3_test,152,218,159.26666666666668,-0.31967446208000183,-0.5123764937844906
UBFC_PHYS_s04_T3_test,152,219,159.3,-0.21124617755413055,-0.7999479384553912
UBFC_PHYS_s04_T3_test,152,220,159.33333333333334,-0.13295796513557434,-1.0506630675635393
UBFC_PHYS_s04_T3_test,152,221,159.36666666666667,0.00555192306637764,-1.244177180329065
UBFC_PHYS_s04_T3_test,152,222,159.4,0.14604972302913666,-1.3545246025829316
UBFC_PHYS_s04_T3_test,152,223,159.43333333333334,0.22588731348514557,-1.3560824570156302
UBFC_PHYS_s04_T3_test,152,224,159.46666666666667,0.26596689224243164,-1.2320064724986088
UBFC_PHYS_s04_T3_test,152,225,159.5,0.2964870035648346,-0.9817697545644875
UBFC_PHYS_s04_T3_test,152,226,159.53333333333333,0.2918875515460968,-0.6248390795169144
UBFC_PHYS_s04_T3_test,152,227,159.56666666666666,0.2156359851360321,-0.1991069720332671
UBFC_PHYS_s04_T3_test,152,228,159.6,0.08003972470760345,0.24548036638946114
UBFC_PHYS_s04_T3_test,152,229,159.63333333333333,-0.0753575786948204,0.6562824300027358
UBFC_PHYS_s04_T3_test,152,230,159.66666666666666,-0.24000251293182373,0.9878582704316138
UBFC_PHYS_s04_T3_test,152,231,159.7,-0.42444851994514465,1.2099837215471447
UBFC_PHYS_s04_T3_test,152,232,159.73333333333332,-0.6234139800071716,1.3119216527929556
UBFC_PHYS_s04_T3_test,152,233,159.76666666666668,-0.7890723347663879,1.302042755063181
UBFC_PHYS_s04_T3_test,152,234,159.8,-0.8296001553535461,1.2031525899662057
UBFC_PHYS_s04_T3_test,152,235,159.83333333333334,-0.6847465634346008,1.0450369473422643
UBFC_PHYS_s04_T3_test,152,236,159.86666666666667,-0.38726305961608887,0.8563874541540063
UBFC_PHYS_s04_T3_test,152,237,159.9,-0.039760515093803406,0.6582580951232563
UBFC_PHYS_s04_T3_test,152,238,159.93333333333334,0.26207879185676575,0.4606503674181232
UBFC_PHYS_s04_T3_test,152,239,159.96666666666667,0.4729131758213043,0.26308239493149377
UBFC_PHYS_s04_T3_test,153,0,153.0,0.007949097082018852,0.07741867126251419
UBFC_PHYS_s04_T3_test,153,1,153.03333333333333,0.01766447350382805,0.25484951995949684
UBFC_PHYS_s04_T3_test,153,2,153.06666666666666,0.13883870840072632,0.4174009590909725
UBFC_PHYS_s04_T3_test,153,3,153.1,0.5388939380645752,0.5555387394244807
UBFC_PHYS_s04_T3_test,153,4,153.13333333333333,1.1396687030792236,0.6614325277745086
UBFC_PHYS_s04_T3_test,153,5,153.16666666666666,1.5322010517120361,0.7299352515402919
UBFC_PHYS_s04_T3_test,153,6,153.2,1.4436225891113281,0.7587763039305393
UBFC_PHYS_s04_T3_test,153,7,153.23333333333332,1.0389386415481567,0.7476211557166114
UBFC_PHYS_s04_T3_test,153,8,153.26666666666668,0.7366803288459778,0.6963678317533906
UBFC_PHYS_s04_T3_test,153,9,153.3,0.8827422857284546,0.6035720174414391
UBFC_PHYS_s04_T3_test,153,10,153.33333333333334,1.4092727899551392,0.4659546332318743
UBFC_PHYS_s04_T3_test,153,11,153.36666666666667,1.9015705585479736,0.2796581762377562
UBFC_PHYS_s04_T3_test,153,12,153.4,2.139066219329834,0.04345530890584044
UBFC_PHYS_s04_T3_test,153,13,153.43333333333334,2.267958164215088,-0.23658762372540804
UBFC_PHYS_s04_T3_test,153,14,153.46666666666667,2.3095579147338867,-0.5423959736191476
UBFC_PHYS_s04_T3_test,153,15,153.5,2.0347306728363037,-0.8412035751406345
UBFC_PHYS_s04_T3_test,153,16,153.53333333333333,1.4233732223510742,-1.0869592510121686
UBFC_PHYS_s04_T3_test,153,17,153.56666666666666,0.8216241002082825,-1.2270499429225412
UBFC_PHYS_s04_T3_test,153,18,153.6,0.5010361075401306,-1.214069320348347
UBFC_PHYS_s04_T3_test,153,19,153.63333333333333,0.43483126163482666,-1.0204176017656728
UBFC_PHYS_s04_T3_test,153,20,153.66666666666666,0.43739408254623413,-0.6515848186611407
UBFC_PHYS_s04_T3_test,153,21,153.7,0.43333059549331665,-0.15280441201466838
UBFC_PHYS_s04_T3_test,153,22,153.73333333333332,0.4941759407520294,0.39558819684259067
UBFC_PHYS_s04_T3_test,153,23,153.76666666666668,0.6087043285369873,0.8952350441116755
UBFC_PHYS_s04_T3_test,153,24,153.8,0.603003740310669,1.2546585255616856
UBFC_PHYS_s04_T3_test,153,25,153.83333333333334,0.4222899377346039,1.4128540183790297
UBFC_PHYS_s04_T3_test,153,26,153.86666666666667,0.25760602951049805,1.352496423663571
UBFC_PHYS_s04_T3_test,153,27,153.9,0.2735384702682495,1.0984747739852614
UBFC_PHYS_s04_T3_test,153,28,153.93333333333334,0.3769580125808716,0.704385676225275
UBFC_PHYS_s04_T3_test,153,29,153.96666666666667,0.3642997741699219,0.2346485779415622
UBFC_PHYS_s04_T3_test,153,30,154.0,0.1601111888885498,-0.24973154150149765
UBFC_PHYS_s04_T3_test,153,31,154.03333333333333,-0.20294375717639923,-0.6974081185968466
UBFC_PHYS_s04_T3_test,153,32,154.06666666666666,-0.653758704662323,-1.0656734350414818
UBFC_PHYS_s04_T3_test,153,33,154.1,-1.0589395761489868,-1.3167213396270248
UBFC_PHYS_s04_T3_test,153,34,154.13333333333333,-1.2774430513381958,-1.4166053636687344
UBFC_PHYS_s04_T3_test,153,35,154.16666666666666,-1.3358327150344849,-1.3400963906576002
UBFC_PHYS_s04_T3_test,153,36,154.2,-1.3946316242218018,-1.0805895658778262
UBFC_PHYS_s04_T3_test,153,37,154.23333333333332,-1.513321042060852,-0.6603150393580762
UBFC_PHYS_s04_T3_test,153,38,154.26666666666668,-1.6267873048782349,-0.13440207571240273
UBFC_PHYS_s04_T3_test,153,39,154.3,-1.7555818557739258,0.41589648521807326
UBFC_PHYS_s04_T3_test,153,40,154.33333333333334,-2.0096724033355713,0.9006884063824147
UBFC_PHYS_s04_T3_test,153,41,154.36666666666667,-2.3897221088409424,1.2440890602474937
UBFC_PHYS_s04_T3_test,153,42,154.4,-2.792330503463745,1.403468561719959
UBFC_PHYS_s04_T3_test,153,43,154.43333333333334,-3.2377564907073975,1.3778375046536508
UBFC_PHYS_s04_T3_test,153,44,154.46666666666667,-3.8650269508361816,1.2027031917921838
UBFC_PHYS_s04_T3_test,153,45,154.5,-4.542296886444092,0.9344355366487316
UBFC_PHYS_s04_T3_test,153,46,154.53333333333333,-4.794399738311768,0.6308037291969502
UBFC_PHYS_s04_T3_test,153,47,154.56666666666666,-4.460188865661621,0.3348022486973637
UBFC_PHYS_s04_T3_test,153,48,154.6,-3.7952263355255127,0.06668666153079349
UBFC_PHYS_s04_T3_test,153,49,154.63333333333333,-2.9460127353668213,-0.17443352954518945
UBFC_PHYS_s04_T3_test,153,50,154.66666666666666,-1.8137571811676025,-0.40153800104335213
UBFC_PHYS_s04_T3_test,153,51,154.7,-0.36057257652282715,-0.6273382755630983
UBFC_PHYS_s04_T3_test,153,52,154.73333333333332,1.2162516117095947,-0.8530555783015044
UBFC_PHYS_s04_T3_test,153,53,154.76666666666668,2.509829044342041,-1.0618808374971949
UBFC_PHYS_s04_T3_test,153,54,154.8,3.114511489868164,-1.2193650283218966
UBFC_PHYS_s04_T3_test,153,55,154.83333333333334,3.0506062507629395,-1.2812701598264147
UBFC_PHYS_s04_T3_test,153,56,154.86666666666667,2.828458309173584,-1.2071812337299594
UBFC_PHYS_s04_T3_test,153,57,154.9,2.8531317710876465,-0.976034953255022
UBFC_PHYS_s04_T3_test,153,58,154.93333333333334,2.9160430431365967,-0.5984695563819855
UBFC_PHYS_s04_T3_test,153,59,154.96666666666667,2.6716384887695312,-0.12095024299944442
UBFC_PHYS_s04_T3_test,153,60,155.0,2.2284047603607178,0.38163782898386533
UBFC_PHYS_s04_T3_test,153,61,155.03333333333333,1.803861379623413,0.824219104830864
UBFC_PHYS_s04_T3_test,153,62,155.06666666666666,1.3498404026031494,1.1345240543166222
UBFC_PHYS_s04_T3_test,153,63,155.1,0.9418531060218811,1.271803867069863
UBFC_PHYS_s04_T3_test,153,64,155.13333333333333,0.8983141779899597,1.2342812926064588
UBFC_PHYS_s04_T3_test,153,65,155.16666666666666,1.3115830421447754,1.0537541352111002
UBFC_PHYS_s04_T3_test,153,66,155.2,1.7888156175613403,0.7809633078946446
UBFC_PHYS_s04_T3_test,153,67,155.23333333333332,1.8942523002624512,0.468191881678852
UBFC_PHYS_s04_T3_test,153,68,155.26666666666668,1.64724600315094,0.1555225497585015
UBFC_PHYS_s04_T3_test,153,69,155.3,1.3976669311523438,-0.13511509978405783
UBFC_PHYS_s04_T3_test,153,70,155.33333333333334,1.3796005249023438,-0.39729498835272764
UBFC_PHYS_s04_T3_test,153,71,155.36666666666667,1.558131456375122,-0.6311846492923754
UBFC_PHYS_s04_T3_test,153,72,155.4,1.7152341604232788,-0.8328114235047749
UBFC_PHYS_s04_T3_test,153,73,155.43333333333334,1.7104592323303223,-0.9864725187952231
UBFC_PHYS_s04_T3_test,153,74,155.46666666666667,1.5889633893966675,-1.0640821594511765
UBFC_PHYS_s04_T3_test,153,75,155.5,1.3779926300048828,-1.032542789769754
UBFC_PHYS_s04_T3_test,153,76,155.53333333333333,1.062822699546814,-0.8667575525271349
UBFC_PHYS_s04_T3_test,153,77,155.56666666666666,0.7341662049293518,-0.5631673608122777
UBFC_PHYS_s04_T3_test,153,78,155.6,0.4233618378639221,-0.14803989138978565
UBFC_PHYS_s04_T3_test,153,79,155.63333333333333,0.05831899121403694,0.32354808616813824
UBFC_PHYS_s04_T3_test,153,80,155.66666666666666,-0.3552325367927551,0.7786589675581941
UBFC_PHYS_s04_T3_test,153,81,155.7,-0.75780189037323,1.1440970601282265
UBFC_PHYS_s04_T3_test,153,82,155.73333333333332,-1.1382997035980225,1.3645580762214793
UBFC_PHYS_s04_T3_test,153,83,155.76666666666668,-1.4080986976623535,1.4148417112691871
UBFC_PHYS_s04_T3_test,153,84,155.8,-1.354288935661316,1.3021188979118365
UBFC_PHYS_s04_T3_test,153,85,155.83333333333334,-0.8832442760467529,1.0583721950640972
UBFC_PHYS_s04_T3_test,153,86,155.86666666666667,-0.13730406761169434,0.7269721441316844
UBFC_PHYS_s04_T3_test,153,87,155.9,0.6570863127708435,0.34930500266947095
UBFC_PHYS_s04_T3_test,153,88,155.93333333333334,1.3691835403442383,-0.04330811476329873
UBFC_PHYS_s04_T3_test,153,89,155.96666666666667,1.9129035472869873,-0.430028526811175
UBFC_PHYS_s04_T3_test,153,90,156.0,2.098168134689331,-0.7945987851830404
UBFC_PHYS_s04_T3_test,153,91,156.03333333333333,1.6645426750183105,-1.1172778614992338
UBFC_PHYS_s04_T3_test,153,92,156.06666666666666,0.6700564026832581,-1.3694312977721514
UBFC_PHYS_s04_T3_test,153,93,156.1,-0.3716229796409607,-1.5141476533629414
UBFC_PHYS_s04_T3_test,153,94,156.13333333333333,-0.8395689129829407,-1.51359824359035
UBFC_PHYS_s04_T3_test,153,95,156.16666666666666,-0.5877876877784729,-1.3411413678540116
UBFC_PHYS_s04_T3_test,153,96,156.2,0.007247485686093569,-0.994253139789984
UBFC_PHYS_s04_T3_test,153,97,156.23333333333332,0.46300292015075684,-0.5034469453061723
UBFC_PHYS_s04_T3_test,153,98,156.26666666666668,0.4722505509853363,0.06738314076089064
UBFC_PHYS_s04_T3_test,153,99,156.3,0.06872623413801193,0.6315765938325342
UBFC_PHYS_s04_T3_test,153,100,156.33333333333334,-0.3945520520210266,1.0995037202414242
UBFC_PHYS_s04_T3_test,153,101,156.36666666666667,-0.6989151835441589,1.4012778579012457
UBFC_PHYS_s04_T3_test,153,102,156.4,-0.9848610758781433,1.5037528627274401
UBFC_PHYS_s04_T3_test,153,103,156.43333333333334,-1.2987446784973145,1.4149657215027631
UBFC_PHYS_s04_T3_test,153,104,156.46666666666667,-1.3926827907562256,1.1749253660488557
UBFC_PHYS_s04_T3_test,153,105,156.5,-1.2754161357879639,0.8378621332700125
UBFC_PHYS_s04_T3_test,153,106,156.53333333333333,-1.286203384399414,0.45406956170019364
UBFC_PHYS_s04_T3_test,153,107,156.56666666666666,-1.384740948677063,0.05857130972991681
UBFC_PHYS_s04_T3_test,153,108,156.6,-1.2942134141921997,-0.32976181588140313
UBFC_PHYS_s04_T3_test,153,109,156.63333333333333,-1.1211881637573242,-0.699802690255168
UBFC_PHYS_s04_T3_test,153,110,156.66666666666666,-1.1247644424438477,-1.0358261323047413
UBFC_PHYS_s04_T3_test,153,111,156.7,-1.2698616981506348,-1.3083175171474943
UBFC_PHYS_s04_T3_test,153,112,156.73333333333332,-1.427773118019104,-1.4734004159750085
UBFC_PHYS_s04_T3_test,153,113,156.76666666666668,-1.6046572923660278,-1.4824852070476575
UBFC_PHYS_s04_T3_test,153,114,156.8,-1.7669830322265625,-1.2994250792416544
UBFC_PHYS_s04_T3_test,153,115,156.83333333333334,-1.7938780784606934,-0.9188732760154138
UBFC_PHYS_s04_T3_test,153,116,156.86666666666667,-1.6471924781799316,-0.37776452132511806
UBFC_PHYS_s04_T3_test,153,117,156.9,-1.4110026359558105,0.24657088476325567
UBFC_PHYS_s04_T3_test,153,118,156.93333333333334,-1.1857949495315552,0.8529170907737901
UBFC_PHYS_s04_T3_test,153,119,156.96666666666667,-1.0084235668182373,1.342032641362317
UBFC_PHYS_s04_T3_test,153,120,157.0,-0.8985919952392578,1.64216360753467
UBFC_PHYS_s04_T3_test,153,121,157.03333333333333,-0.9071380496025085,1.7246418488177249
UBFC_PHYS_s04_T3_test,153,122,157.06666666666666,-1.0146015882492065,1.6047682197809412
UBFC_PHYS_s04_T3_test,153,123,157.1,-1.1220262050628662,1.3296593287457623
UBFC_PHYS_s04_T3_test,153,124,157.13333333333333,-1.1619986295700073,0.9594112446323794
UBFC_PHYS_s04_T3_test,153,125,157.16666666666666,-1.115458369255066,0.5492423127513741
UBFC_PHYS_s04_T3_test,153,126,157.2,-0.9453369379043579,0.13847329077238932
UBFC_PHYS_s04_T3_test,153,127,157.23333333333332,-0.5683959126472473,-0.25136869248846044
UBFC_PHYS_s04_T3_test,153,128,157.26666666666668,0.02472931705415249,-0.6107173270131381
UBFC_PHYS_s04_T3_test,153,129,157.3,0.5792658925056458,-0.9323538601662631
UBFC_PHYS_s04_T3_test,153,130,157.33333333333334,0.8262040615081787,-1.2027630158481366
UBFC_PHYS_s04_T3_test,153,131,157.36666666666667,0.8492208123207092,-1.398235411376986
UBFC_PHYS_s04_T3_test,153,132,157.4,0.8922432661056519,-1.4873154737881022
UBFC_PHYS_s04_T3_test,153,133,157.43333333333334,1.0273523330688477,-1.438844111626342
UBFC_PHYS_s04_T3_test,153,134,157.46666666666667,1.237338900566101,-1.233137255012175
UBFC_PHYS_s04_T3_test,153,135,157.5,1.4972666501998901,-0.8728200215996842
UBFC_PHYS_s04_T3_test,153,136,157.53333333333333,1.709504246711731,-0.3894242417427268
UBFC_PHYS_s04_T3_test,153,137,157.56666666666666,1.8206902742385864,0.15751860645553933
UBFC_PHYS_s04_T3_test,153,138,157.6,1.8096593618392944,0.690125097443336
UBFC_PHYS_s04_T3_test,153,139,157.63333333333333,1.5668041706085205,1.1286854398247512
UBFC_PHYS_s04_T3_test,153,140,157.66666666666666,1.0736197233200073,1.4101457890226925
UBFC_PHYS_s04_T3_test,153,141,157.7,0.5704664587974548,1.5022447806872308
UBFC_PHYS_s04_T3_test,153,142,157.73333333333332,0.28322461247444153,1.4083590162219337
UBFC_PHYS_s04_T3_test,153,143,157.76666666666668,0.18002916872501373,1.1616969509115913
UBFC_PHYS_s04_T3_test,153,144,157.8,0.12698926031589508,0.8117033689119855
UBFC_PHYS_s04_T3_test,153,145,157.83333333333334,0.061447009444236755,0.40854122426046374
UBFC_PHYS_s04_T3_test,153,146,157.86666666666667,-0.04271313175559044,-0.008076356824049379
UBFC_PHYS_s04_T3_test,153,147,157.9,-0.16491055488586426,-0.41189954104335197
UBFC_PHYS_s04_T3_test,153,148,157.93333333333334,-0.21346794068813324,-0.7854182473335426
UBFC_PHYS_s04_T3_test,153,149,157.96666666666667,-0.142790287733078,-1.1113985125725592
UBFC_PHYS_s04_T3_test,153,150,158.0,-0.003744435263797641,-1.365756740909422
UBFC_PHYS_s04_T3_test,153,151,158.03333333333333,0.24550321698188782,-1.5157123976793851
UBFC_PHYS_s04_T3_test,153,152,158.06666666666666,0.678358793258667,-1.5249610889834149
UBFC_PHYS_s04_T3_test,153,153,158.1,1.0863267183303833,-1.364912514031328
UBFC_PHYS_s04_T3_test,153,154,158.13333333333333,1.1799042224884033,-1.0283000572394543
UBFC_PHYS_s04_T3_test,153,155,158.16666666666666,1.0079410076141357,-0.5396501400861441
UBFC_PHYS_s04_T3_test,153,156,158.2,0.7451093792915344,0.04275033490632593
UBFC_PHYS_s04_T3_test,153,157,158.23333333333332,0.3649623990058899,0.636062044297432
UBFC_PHYS_s04_T3_test,153,158,158.26666666666668,-0.10474732518196106,1.1513483289996
UBFC_PHYS_s04_T3_test,153,159,158.3,-0.42368844151496887,1.5150152851624425
UBFC_PHYS_s04_T3_test,153,160,158.33333333333334,-0.5018402338027954,1.6853121074672073
UBFC_PHYS_s04_T3_test,153,161,158.36666666666667,-0.48612216114997864,1.6581029025819647
UBFC_PHYS_s04_T3_test,153,162,158.4,-0.4894353151321411,1.4611487747367753
UBFC_PHYS_s04_T3_test,153,163,158.43333333333334,-0.49217355251312256,1.1410035817661717
UBFC_PHYS_s04_T3_test,153,164,158.46666666666667,-0.48549848794937134,0.748593879795045
UBFC_PHYS_s04_T3_test,153,165,158.5,-0.4767478406429291,0.32851843360423466
UBFC_PHYS_s04_T3_test,153,166,158.53333333333333,-0.3554956316947937,-0.08552238379795887
UBFC_PHYS_s04_T3_test,153,167,158.56666666666666,-0.053568627685308456,-0.4696212651664581
UBFC_PHYS_s04_T3_test,153,168,158.6,0.2587461471557617,-0.8053834057147277
UBFC_PHYS_s04_T3_test,153,169,158.63333333333333,0.4033561646938324,-1.0754762842533456
UBFC_PHYS_s04_T3_test,153,170,158.66666666666666,0.4303779602050781,-1.2610752394817883
UBFC_PHYS_s04_T3_test,153,171,158.7,0.43692633509635925,-1.3420252325198851
UBFC_PHYS_s04_T3_test,153,172,158.73333333333332,0.41716426610946655,-1.2999006386533325
UBFC_PHYS_s04_T3_test,153,173,158.76666666666668,0.38490960001945496,-1.1236853405944813
UBFC_PHYS_s04_T3_test,153,174,158.8,0.38407158851623535,-0.8168139196680189
UBFC_PHYS_s04_T3_test,153,175,158.83333333333334,0.3630427122116089,-0.4030296308930424
UBFC_PHYS_s04_T3_test,153,176,158.86666666666667,0.2046927809715271,0.07217454851606905
UBFC_PHYS_s04_T3_test,153,177,158.9,-0.14766259491443634,0.5468531277479078
UBFC_PHYS_s04_T3_test,153,178,158.93333333333334,-0.5649073123931885,0.9542858056470638
UBFC_PHYS_s04_T3_test,153,179,158.96666666666667,-0.801253080368042,1.237589924706786
UBFC_PHYS_s04_T3_test,153,180,159.0,-0.7958350777626038,1.362147491911269
UBFC_PHYS_s04_T3_test,153,181,159.03333333333333,-0.7619336247444153,1.3214870760408575
UBFC_PHYS_s04_T3_test,153,182,159.06666666666666,-0.8494109511375427,1.1351586117949346
UBFC_PHYS_s04_T3_test,153,183,159.1,-0.9784296154975891,0.8404618901166329
UBFC_PHYS_s04_T3_test,153,184,159.13333333333333,-1.0506956577301025,0.48182421926813984
UBFC_PHYS_s04_T3_test,153,185,159.16666666666666,-1.02955961227417,0.10157082311225234
UBFC_PHYS_s04_T3_test,153,186,159.2,-0.86307293176651,-0.26568760876959635
UBFC_PHYS_s04_T3_test,153,187,159.23333333333332,-0.5702181458473206,-0.5946413009720108
UBFC_PHYS_s04_T3_test,153,188,159.26666666666668,-0.31967446208000183,-0.8676315719877513
UBFC_PHYS_s04_T3_test,153,189,159.3,-0.21124617755413055,-1.0712117125867036
UBFC_PHYS_s04_T3_test,153,190,159.33333333333334,-0.13295796513557434,-1.1928248824689713
UBFC_PHYS_s04_T3_test,153,191,159.36666666666667,0.00555192306637764,-1.219577091029214
UBFC_PHYS_s04_T3_test,153,192,159.4,0.14604972302913666,-1.140386959162235
UBFC_PHYS_s04_T3_test,153,193,159.43333333333334,0.22588731348514557,-0.9512515513490599
UBFC_PHYS_s04_T3_test,153,194,159.46666666666667,0.26596689224243164,-0.6614641771209321
UBFC_PHYS_s04_T3_test,153,195,159.5,0.2964870035648346,-0.2974584070293576
UBFC_PHYS_s04_T3_test,153,196,159.53333333333333,0.2918875515460968,0.09853163521435457
UBFC_PHYS_s04_T3_test,153,197,159.56666666666666,0.2156359851360321,0.47562531972591127
UBFC_PHYS_s04_T3_test,153,198,159.6,0.08003972470760345,0.7850501440109088
UBFC_PHYS_s04_T3_test,153,199,159.63333333333333,-0.0753575786948204,0.9904534451320546
UBFC_PHYS_s04_T3_test,153,200,159.66666666666666,-0.24000251293182373,1.0740715236821619
UBFC_PHYS_s04_T3_test,153,201,159.7,-0.42444851994514465,1.037170375706337
UBFC_PHYS_s04_T3_test,153,202,159.73333333333332,-0.6234139800071716,0.8957256732882038
UBFC_PHYS_s04_T3_test,153,203,159.76666666666668,-0.7890723347663879,0.6739715369969859
UBFC_PHYS_s04_T3_test,153,204,159.8,-0.8296001553535461,0.39856271805389176
UBFC_PHYS_s04_T3_test,153,205,159.83333333333334,-0.6847465634346008,0.0950973838256774
UBFC_PHYS_s04_T3_test,153,206,159.86666666666667,-0.38726305961608887,-0.2125524172445264
UBFC_PHYS_s04_T3_test,153,207,159.9,-0.039760515093803406,-0.5008586051581967
UBFC_PHYS_s04_T3_test,153,208,159.93333333333334,0.26207879185676575,-0.7448470764555026
UBFC_PHYS_s04_T3_test,153,209,159.96666666666667,0.4729131758213043,-0.9177619921727771
UBFC_PHYS_s04_T3_test,153,210,160.0,0.5920410752296448,-0.9934216017668459
UBFC_PHYS_s04_T3_test,153,211,160.03333333333333,0.638571560382843,-0.9513387337516809
UBFC_PHYS_s04_T3_test,153,212,160.06666666666666,0.6387664675712585,-0.7834363330205245
UBFC_PHYS_s04_T3_test,153,213,160.1,0.6062779426574707,-0.5001407901564795
UBFC_PHYS_s04_T3_test,153,214,160.13333333333333,0.5412229299545288,-0.13310229591333672
UBFC_PHYS_s04_T3_test,153,215,160.16666666666666,0.44933122396469116,0.2676819951054495
UBFC_PHYS_s04_T3_test,153,216,160.2,0.356153279542923,0.6427553493366713
UBFC_PHYS_s04_T3_test,153,217,160.23333333333332,0.2848811745643616,0.9360151459403964
UBFC_PHYS_s04_T3_test,153,218,160.26666666666668,0.22973643243312836,1.1073519075976166
UBFC_PHYS_s04_T3_test,153,219,160.3,0.1593218743801117,1.1407317957917202
UBFC_PHYS_s04_T3_test,153,220,160.33333333333334,0.03469805419445038,1.04521700844228
UBFC_PHYS_s04_T3_test,153,221,160.36666666666667,-0.1259516030550003,0.8493610388210852
UBFC_PHYS_s04_T3_test,153,222,160.4,-0.19592764973640442,0.5918053380669545
UBFC_PHYS_s04_T3_test,153,223,160.43333333333334,-0.06102325767278671,0.3117347279396656
UBFC_PHYS_s04_T3_test,153,224,160.46666666666667,0.21779929101467133,0.04202439037936497
UBFC_PHYS_s04_T3_test,153,225,160.5,0.4772982597351074,-0.19376803923174887
UBFC_PHYS_s04_T3_test,153,226,160.53333333333333,0.6241105794906616,-0.3809786796296188
UBFC_PHYS_s04_T3_test,153,227,160.56666666666666,0.6480628252029419,-0.5114322175555708
UBFC_PHYS_s04_T3_test,153,228,160.6,0.5577790141105652,-0.5809163319091265
UBFC_PHYS_s04_T3_test,153,229,160.63333333333333,0.43123549222946167,-0.5880630515569719
UBFC_PHYS_s04_T3_test,153,230,160.66666666666666,0.3876478374004364,-0.5351647203012698
UBFC_PHYS_s04_T3_test,153,231,160.7,0.43458762764930725,-0.43026049615476086
UBFC_PHYS_s04_T3_test,153,232,160.73333333333332,0.4326094686985016,-0.2890103298612596
UBFC_PHYS_s04_T3_test,153,233,160.76666666666668,0.26496320962905884,-0.13475247759868517
UBFC_PHYS_s04_T3_test,153,234,160.8,-0.010789788328111172,0.004251962645298975
UBFC_PHYS_s04_T3_test,153,235,160.83333333333334,-0.24925990402698517,0.10029045590409535
UBFC_PHYS_s04_T3_test,153,236,160.86666666666667,-0.39107322692871094,0.13309786422160538
UBFC_PHYS_s04_T3_test,153,237,160.9,-0.49180325865745544,0.09598877792306842
UBFC_PHYS_s04_T3_test,153,238,160.93333333333334,-0.6255382895469666,-0.0011740867068602608
UBFC_PHYS_s04_T3_test,153,239,160.96666666666667,-0.8053653240203857,-0.13364419204174646
UBFC_PHYS_s04_T3_test,154,0,154.0,0.1601111888885498,0.08028527286430674
UBFC_PHYS_s04_T3_test,154,1,154.03333333333333,-0.20294375717639923,-0.2249635565658442
UBFC_PHYS_s04_T3_test,154,2,154.06666666666666,-0.653758704662323,-0.47440692212801006
UBFC_PHYS_s04_T3_test,154,3,154.1,-1.0589395761489868,-0.6198211145084183
UBFC_PHYS_s04_T3_test,154,4,154.13333333333333,-1.2774430513381958,-0.6292246175385807
UBFC_PHYS_s04_T3_test,154,5,154.16666666666666,-1.3358327150344849,-0.4929490076954579
UBFC_PHYS_s04_T3_test,154,6,154.2,-1.3946316242218018,-0.22603218239665074
UBFC_PHYS_s04_T3_test,154,7,154.23333333333332,-1.513321042060852,0.13406779293419072
UBFC_PHYS_s04_T3_test,154,8,154.26666666666668,-1.6267873048782349,0.5341590100017742
UBFC_PHYS_s04_T3_test,154,9,154.3,-1.7555818557739258,0.9149391616903727
UBFC_PHYS_s04_T3_test,154,10,154.33333333333334,-2.0096724033355713,1.2214122277258874
UBFC_PHYS_s04_T3_test,154,11,154.36666666666667,-2.3897221088409424,1.4119232366253123
UBFC_PHYS_s04_T3_test,154,12,154.4,-2.792330503463745,1.4641488432598313
UBFC_PHYS_s04_T3_test,154,13,154.43333333333334,-3.2377564907073975,1.3771432089604232
UBFC_PHYS_s04_T3_test,154,14,154.46666666666667,-3.8650269508361816,1.1693022488895755
UBFC_PHYS_s04_T3_test,154,15,154.5,-4.542296886444092,0.8728530975197598
UBFC_PHYS_s04_T3_test,154,16,154.53333333333333,-4.794399738311768,0.5261983933980351
UBFC_PHYS_s04_T3_test,154,17,154.56666666666666,-4.460188865661621,0.16595067430157925
UBFC_PHYS_s04_T3_test,154,18,154.6,-3.7952263355255127,-0.17945528161058266
UBFC_PHYS_s04_T3_test,154,19,154.63333333333333,-2.9460127353668213,-0.49315551651699435
UBFC_PHYS_s04_T3_test,154,20,154.66666666666666,-1.8137571811676025,-0.7696765022383683
UBFC_PHYS_s04_T3_test,154,21,154.7,-0.36057257652282715,-1.0114162389178778
UBFC_PHYS_s04_T3_test,154,22,154.73333333333332,1.2162516117095947,-1.2225989999076918
UBFC_PHYS_s04_T3_test,154,23,154.76666666666668,2.509829044342041,-1.402138205206061
UBFC_PHYS_s04_T3_test,154,24,154.8,3.114511489868164,-1.5376635414391033
UBFC_PHYS_s04_T3_test,154,25,154.83333333333334,3.0506062507629395,-1.6034616295387123
UBFC_PHYS_s04_T3_test,154,26,154.86666666666667,2.828458309173584,-1.5645339230712598
UBFC_PHYS_s04_T3_test,154,27,154.9,2.8531317710876465,-1.3871392059365508
UBFC_PHYS_s04_T3_test,154,28,154.93333333333334,2.9160430431365967,-1.053424038856497
UBFC_PHYS_s04_T3_test,154,29,154.96666666666667,2.6716384887695312,-0.5750034738096885
UBFC_PHYS_s04_T3_test,154,30,155.0,2.2284047603607178,0.0008884981896061274
UBFC_PHYS_s04_T3_test,154,31,155.03333333333333,1.803861379623413,0.5971608700707397
UBFC_PHYS_s04_T3_test,154,32,155.06666666666666,1.3498404026031494,1.1239653405096612
UBFC_PHYS_s04_T3_test,154,33,155.1,0.9418531060218811,1.5012392923831306
UBFC_PHYS_s04_T3_test,154,34,155.13333333333333,0.8983141779899597,1.6784296932033147
UBFC_PHYS_s04_T3_test,154,35,155.16666666666666,1.3115830421447754,1.6445174993534268
UBFC_PHYS_s04_T3_test,154,36,155.2,1.7888156175613403,1.425554933332915
UBFC_PHYS_s04_T3_test,154,37,155.23333333333332,1.8942523002624512,1.0719841850734897
UBFC_PHYS_s04_T3_test,154,38,155.26666666666668,1.64724600315094,0.6419591665597819
UBFC_PHYS_s04_T3_test,154,39,155.3,1.3976669311523438,0.18780101857830497
UBFC_PHYS_s04_T3_test,154,40,155.33333333333334,1.3796005249023438,-0.24992793065030322
UBFC_PHYS_s04_T3_test,154,41,155.36666666666667,1.558131456375122,-0.6406404607612659
UBFC_PHYS_s04_T3_test,154,42,155.4,1.7152341604232788,-0.9577799553239096
UBFC_PHYS_s04_T3_test,154,43,155.43333333333334,1.7104592323303223,-1.1737481422952958
UBFC_PHYS_s04_T3_test,154,44,155.46666666666667,1.5889633893966675,-1.2598068045966022
UBFC_PHYS_s04_T3_test,154,45,155.5,1.3779926300048828,-1.192269051443659
UBFC_PHYS_s04_T3_test,154,46,155.53333333333333,1.062822699546814,-0.9628262156720186
UBFC_PHYS_s04_T3_test,154,47,155.56666666666666,0.7341662049293518,-0.5881614803375316
UBFC_PHYS_s04_T3_test,154,48,155.6,0.4233618378639221,-0.11340278120875061
UBFC_PHYS_s04_T3_test,154,49,155.63333333333333,0.05831899121403694,0.39378997197790794
UBFC_PHYS_s04_T3_test,154,50,155.66666666666666,-0.3552325367927551,0.857339553994296
UBFC_PHYS_s04_T3_test,154,51,155.7,-0.75780189037323,1.2100093559558933
UBFC_PHYS_s04_T3_test,154,52,155.73333333333332,-1.1382997035980225,1.407641586417581
UBFC_PHYS_s04_T3_test,154,53,155.76666666666668,-1.4080986976623535,1.4358567727830471
UBFC_PHYS_s04_T3_test,154,54,155.8,-1.354288935661316,1.307779571252708
UBFC_PHYS_s04_T3_test,154,55,155.83333333333334,-0.8832442760467529,1.0547541675810654
UBFC_PHYS_s04_T3_test,154,56,155.86666666666667,-0.13730406761169434,0.7146114911971717
UBFC_PHYS_s04_T3_test,154,57,155.9,0.6570863127708435,0.3225307136594011
UBFC_PHYS_s04_T3_test,154,58,155.93333333333334,1.3691835403442383,-0.09251259361459961
UBFC_PHYS_s04_T3_test,154,59,155.96666666666667,1.9129035472869873,-0.5059318775381231
UBFC_PHYS_s04_T3_test,154,60,156.0,2.098168134689331,-0.8930488086238856
UBFC_PHYS_s04_T3_test,154,61,156.03333333333333,1.6645426750183105,-1.2253682822837282
UBFC_PHYS_s04_T3_test,154,62,156.06666666666666,0.6700564026832581,-1.470056910195348
UBFC_PHYS_s04_T3_test,154,63,156.1,-0.3716229796409607,-1.5933856483376527
UBFC_PHYS_s04_T3_test,154,64,156.13333333333333,-0.8395689129829407,-1.5674718515028208
UBFC_PHYS_s04_T3_test,154,65,156.16666666666666,-0.5877876877784729,-1.3786160971892438
UBFC_PHYS_s04_T3_test,154,66,156.2,0.007247485686093569,-1.0347339612019202
UBFC_PHYS_s04_T3_test,154,67,156.23333333333332,0.46300292015075684,-0.5691101571495248
UBFC_PHYS_s04_T3_test,154,68,156.26666666666668,0.4722505509853363,-0.03828742137386017
UBFC_PHYS_s04_T3_test,154,69,156.3,0.06872623413801193,0.48671902271147977
UBFC_PHYS_s04_T3_test,154,70,156.33333333333334,-0.3945520520210266,0.9347048718230494
UBFC_PHYS_s04_T3_test,154,71,156.36666666666667,-0.6989151835441589,1.2503458229859927
UBFC_PHYS_s04_T3_test,154,72,156.4,-0.9848610758781433,1.4061876601876142
UBFC_PHYS_s04_T3_test,154,73,156.43333333333334,-1.2987446784973145,1.405321773126716
UBFC_PHYS_s04_T3_test,154,74,156.46666666666667,-1.3926827907562256,1.273872808589334
UBFC_PHYS_s04_T3_test,154,75,156.5,-1.2754161357879639,1.0475646634800748
UBFC_PHYS_s04_T3_test,154,76,156.53333333333333,-1.286203384399414,0.7589495005788187
UBFC_PHYS_s04_T3_test,154,77,156.56666666666666,-1.384740948677063,0.4306622091194598
UBFC_PHYS_s04_T3_test,154,78,156.6,-1.2942134141921997,0.07661852218791147
UBFC_PHYS_s04_T3_test,154,79,156.63333333333333,-1.1211881637573242,-0.29075900614267947
UBFC_PHYS_s04_T3_test,154,80,156.66666666666666,-1.1247644424438477,-0.6517900298645107
UBFC_PHYS_s04_T3_test,154,81,156.7,-1.2698616981506348,-0.9742171986773195
UBFC_PHYS_s04_T3_test,154,82,156.73333333333332,-1.427773118019104,-1.214635242318275
UBFC_PHYS_s04_T3_test,154,83,156.76666666666668,-1.6046572923660278,-1.3271390734536281
UBFC_PHYS_s04_T3_test,154,84,156.8,-1.7669830322265625,-1.2767447682945514
UBFC_PHYS_s04_T3_test,154,85,156.83333333333334,-1.7938780784606934,-1.0529347864768333
UBFC_PHYS_s04_T3_test,154,86,156.86666666666667,-1.6471924781799316,-0.6778703481697873
UBFC_PHYS_s04_T3_test,154,87,156.9,-1.4110026359558105,-0.20518656610077443
UBFC_PHYS_s04_T3_test,154,88,156.93333333333334,-1.1857949495315552,0.291187811688482
UBFC_PHYS_s04_T3_test,154,89,156.96666666666667,-1.0084235668182373,0.7346475163391841
UBFC_PHYS_s04_T3_test,154,90,157.0,-0.8985919952392578,1.0637991892290866
UBFC_PHYS_s04_T3_test,154,91,157.03333333333333,-0.9071380496025085,1.2445147720532856
UBFC_PHYS_s04_T3_test,154,92,157.06666666666666,-1.0146015882492065,1.2727136879543988
UBFC_PHYS_s04_T3_test,154,93,157.1,-1.1220262050628662,1.168261013049904
UBFC_PHYS_s04_T3_test,154,94,157.13333333333333,-1.1619986295700073,0.9635302924589452
UBFC_PHYS_s04_T3_test,154,95,157.16666666666666,-1.115458369255066,0.6915848262390963
UBFC_PHYS_s04_T3_test,154,96,157.2,-0.9453369379043579,0.3783292964774812
UBFC_PHYS_s04_T3_test,154,97,157.23333333333332,-0.5683959126472473,0.040839823643101854
UBFC_PHYS_s04_T3_test,154,98,157.26666666666668,0.02472931705415249,-0.30865102034318337
UBFC_PHYS_s04_T3_test,154,99,157.3,0.5792658925056458,-0.6558207621554792
UBFC_PHYS_s04_T3_test,154,100,157.33333333333334,0.8262040615081787,-0.9779457808690292
UBFC_PHYS_s04_T3_test,154,101,157.36666666666667,0.8492208123207092,-1.2413356747623436
UBFC_PHYS_s04_T3_test,154,102,157.4,0.8922432661056519,-1.4043079084917578
UBFC_PHYS_s04_T3_test,154,103,157.43333333333334,1.0273523330688477,-1.4257107715574566
UBFC_PHYS_s04_T3_test,154,104,157.46666666666667,1.237338900566101,-1.277114811537592
UBFC_PHYS_s04_T3_test,154,105,157.5,1.4972666501998901,-0.9551228659570647
UBFC_PHYS_s04_T3_test,154,106,157.53333333333333,1.709504246711731,-0.4892660679668359
UBFC_PHYS_s04_T3_test,154,107,157.56666666666666,1.8206902742385864,0.05864684464222813
UBFC_PHYS_s04_T3_test,154,108,157.6,1.8096593618392944,0.6055804719217225
UBFC_PHYS_s04_T3_test,154,109,157.63333333333333,1.5668041706085205,1.0666054946720471
UBFC_PHYS_s04_T3_test,154,110,157.66666666666666,1.0736197233200073,1.3761644038934815
UBFC_PHYS_s04_T3_test,154,111,157.7,0.5704664587974548,1.5032008675932733
UBFC_PHYS_s04_T3_test,154,112,157.73333333333332,0.28322461247444153,1.4545643254866825
UBFC_PHYS_s04_T3_test,154,113,157.76666666666668,0.18002916872501373,1.2662687913049226
UBFC_PHYS_s04_T3_test,154,114,157.8,0.12698926031589508,0.9871124487887374
UBFC_PHYS_s04_T3_test,154,115,157.83333333333334,0.061447009444236755,0.6617540345428679
UBFC_PHYS_s04_T3_test,154,116,157.86666666666667,-0.04271313175559044,0.3197775366210234
UBFC_PHYS_s04_T3_test,154,117,157.9,-0.16491055488586426,-0.025937829597799004
UBFC_PHYS_s04_T3_test,154,118,157.93333333333334,-0.21346794068813324,-0.37252220002194986
UBFC_PHYS_s04_T3_test,154,119,157.96666666666667,-0.142790287733078,-0.7163357716222333
UBFC_PHYS_s04_T3_test,154,120,158.0,-0.003744435263797641,-1.0432114707702131
UBFC_PHYS_s04_T3_test,154,121,158.03333333333333,0.24550321698188782,-1.3236986699119981
UBFC_PHYS_s04_T3_test,154,122,158.06666666666666,0.678358793258667,-1.5153031257523728
UBFC_PHYS_s04_T3_test,154,123,158.1,1.0863267183303833,-1.5715397244794145
UBFC_PHYS_s04_T3_test,154,124,158.13333333333333,1.1799042224884033,-1.4555497525192054
UBFC_PHYS_s04_T3_test,154,125,158.16666666666666,1.0079410076141357,-1.1543713921547825
UBFC_PHYS_s04_T3_test,154,126,158.2,0.7451093792915344,-0.6890678715349782
UBFC_PHYS_s04_T3_test,154,127,158.23333333333332,0.3649623990058899,-0.11628651409404382
UBFC_PHYS_s04_T3_test,154,128,158.26666666666668,-0.10474732518196106,0.4811072972909508
UBFC_PHYS_s04_T3_test,154,129,158.3,-0.42368844151496887,1.0127431879886843
UBFC_PHYS_s04_T3_test,154,130,158.33333333333334,-0.5018402338027954,1.4026492106741237
UBFC_PHYS_s04_T3_test,154,131,158.36666666666667,-0.48612216114997864,1.606127228208458
UBFC_PHYS_s04_T3_test,154,132,158.4,-0.4894353151321411,1.6158474616171823
UBFC_PHYS_s04_T3_test,154,133,158.43333333333334,-0.49217355251312256,1.456487381914514
UBFC_PHYS_s04_T3_test,154,134,158.46666666666667,-0.48549848794937134,1.1716578386595946
UBFC_PHYS_s04_T3_test,154,135,158.5,-0.4767478406429291,0.8089754718765267
UBFC_PHYS_s04_T3_test,154,136,158.53333333333333,-0.3554956316947937,0.40876689538975924
UBFC_PHYS_s04_T3_test,154,137,158.56666666666666,-0.053568627685308456,-0.00040292090936967155
UBFC_PHYS_s04_T3_test,154,138,158.6,0.2587461471557617,-0.39932080922507074
UBFC_PHYS_s04_T3_test,154,139,158.63333333333333,0.4033561646938324,-0.7714650585012248
UBFC_PHYS_s04_T3_test,154,140,158.66666666666666,0.4303779602050781,-1.0960093674864317
UBFC_PHYS_s04_T3_test,154,141,158.7,0.43692633509635925,-1.3440713344502193
UBFC_PHYS_s04_T3_test,154,142,158.73333333333332,0.41716426610946655,-1.4802562091255551
UBFC_PHYS_s04_T3_test,154,143,158.76666666666668,0.38490960001945496,-1.4696232537068752
UBFC_PHYS_s04_T3_test,154,144,158.8,0.38407158851623535,-1.2885017873921252
UBFC_PHYS_s04_T3_test,154,145,158.83333333333334,0.3630427122116089,-0.9361248597700931
UBFC_PHYS_s04_T3_test,154,146,158.86666666666667,0.2046927809715271,-0.4428942697255869
UBFC_PHYS_s04_T3_test,154,147,158.9,-0.14766259491443634,0.12906214685772777
UBFC_PHYS_s04_T3_test,154,148,158.93333333333334,-0.5649073123931885,0.6956571390411195
UBFC_PHYS_s04_T3_test,154,149,158.96666666666667,-0.801253080368042,1.1695728010349644
UBFC_PHYS_s04_T3_test,154,150,159.0,-0.7958350777626038,1.4816934445643486
UBFC_PHYS_s04_T3_test,154,151,159.03333333333333,-0.7619336247444153,1.5967772846483061
UBFC_PHYS_s04_T3_test,154,152,159.06666666666666,-0.8494109511375427,1.5177025316215786
UBFC_PHYS_s04_T3_test,154,153,159.1,-0.9784296154975891,1.2782791050281372
UBFC_PHYS_s04_T3_test,154,154,159.13333333333333,-1.0506956577301025,0.9293008498956893
UBFC_PHYS_s04_T3_test,154,155,159.16666666666666,-1.02955961227417,0.524088813405096
UBFC_PHYS_s04_T3_test,154,156,159.2,-0.86307293176651,0.10820522633807797
UBFC_PHYS_s04_T3_test,154,157,159.23333333333332,-0.5702181458473206,-0.2850044654319482
UBFC_PHYS_s04_T3_test,154,158,159.26666666666668,-0.31967446208000183,-0.6338770946659362
UBFC_PHYS_s04_T3_test,154,159,159.3,-0.21124617755413055,-0.9248641553779093
UBFC_PHYS_s04_T3_test,154,160,159.33333333333334,-0.13295796513557434,-1.1478867106273867
UBFC_PHYS_s04_T3_test,154,161,159.36666666666667,0.00555192306637764,-1.2922702070699734
UBFC_PHYS_s04_T3_test,154,162,159.4,0.14604972302913666,-1.3448496538511994
UBFC_PHYS_s04_T3_test,154,163,159.43333333333334,0.22588731348514557,-1.291521737767726
UBFC_PHYS_s04_T3_test,154,164,159.46666666666667,0.26596689224243164,-1.1223759593844638
UBFC_PHYS_s04_T3_test,154,165,159.5,0.2964870035648346,-0.8388601415720007
UBFC_PHYS_s04_T3_test,154,166,159.53333333333333,0.2918875515460968,-0.46003133969583104
UBFC_PHYS_s04_T3_test,154,167,159.56666666666666,0.2156359851360321,-0.02453326599514818
UBFC_PHYS_s04_T3_test,154,168,159.6,0.08003972470760345,0.41399091325462156
UBFC_PHYS_s04_T3_test,154,169,159.63333333333333,-0.0753575786948204,0.797697449444136
UBFC_PHYS_s04_T3_test,154,170,159.66666666666666,-0.24000251293182373,1.0779158254107657
UBFC_PHYS_s04_T3_test,154,171,159.7,-0.42444851994514465,1.2257835512900823
UBFC_PHYS_s04_T3_test,154,172,159.73333333333332,-0.6234139800071716,1.2362299116639872
UBFC_PHYS_s04_T3_test,154,173,159.76666666666668,-0.7890723347663879,1.124719880783919
UBFC_PHYS_s04_T3_test,154,174,159.8,-0.8296001553535461,0.9192040977439297
UBFC_PHYS_s04_T3_test,154,175,159.83333333333334,-0.6847465634346008,0.6511237024584844
UBFC_PHYS_s04_T3_test,154,176,159.86666666666667,-0.38726305961608887,0.3488419785090121
UBFC_PHYS_s04_T3_test,154,177,159.9,-0.039760515093803406,0.035192235400618326
UBFC_PHYS_s04_T3_test,154,178,159.93333333333334,0.26207879185676575,-0.2710869293798343
UBFC_PHYS_s04_T3_test,154,179,159.96666666666667,0.4729131758213043,-0.551788746102301
UBFC_PHYS_s04_T3_test,154,180,160.0,0.5920410752296448,-0.7860710145666655
UBFC_PHYS_s04_T3_test,154,181,160.03333333333333,0.638571560382843,-0.9498744222497969
UBFC_PHYS_s04_T3_test,154,182,160.06666666666666,0.6387664675712585,-1.0187920075011565
UBFC_PHYS_s04_T3_test,154,183,160.1,0.6062779426574707,-0.9737582652949035
UBFC_PHYS_s04_T3_test,154,184,160.13333333333333,0.5412229299545288,-0.8079482440211395
UBFC_PHYS_s04_T3_test,154,185,160.16666666666666,0.44933122396469116,-0.532631367519544
UBFC_PHYS_s04_T3_test,154,186,160.2,0.356153279542923,-0.17929911274988242
UBFC_PHYS_s04_T3_test,154,187,160.23333333333332,0.2848811745643616,0.2039883597987596
UBFC_PHYS_s04_T3_test,154,188,160.26666666666668,0.22973643243312836,0.5619216940717845
UBFC_PHYS_s04_T3_test,154,189,160.3,0.1593218743801117,0.8441705825262804
UBFC_PHYS_s04_T3_test,154,190,160.33333333333334,0.03469805419445038,1.0162503791738882
UBFC_PHYS_s04_T3_test,154,191,160.36666666666667,-0.1259516030550003,1.0652385756453615
UBFC_PHYS_s04_T3_test,154,192,160.4,-0.19592764973640442,0.9988219291122801
UBFC_PHYS_s04_T3_test,154,193,160.43333333333334,-0.06102325767278671,0.8389366482825135
UBFC_PHYS_s04_T3_test,154,194,160.46666666666667,0.21779929101467133,0.6131343524632444
UBFC_PHYS_s04_T3_test,154,195,160.5,0.4772982597351074,0.34713021218516327
UBFC_PHYS_s04_T3_test,154,196,160.53333333333333,0.6241105794906616,0.06090853922522745
UBFC_PHYS_s04_T3_test,154,197,160.56666666666666,0.6480628252029419,-0.23105522220450386
UBFC_PHYS_s04_T3_test,154,198,160.6,0.5577790141105652,-0.5165981491194731
UBFC_PHYS_s04_T3_test,154,199,160.63333333333333,0.43123549222946167,-0.7817508013632157
UBFC_PHYS_s04_T3_test,154,200,160.66666666666666,0.3876478374004364,-1.0076839366030632
UBFC_PHYS_s04_T3_test,154,201,160.7,0.43458762764930725,-1.1701305779625881
UBFC_PHYS_s04_T3_test,154,202,160.73333333333332,0.4326094686985016,-1.242046078546966
UBFC_PHYS_s04_T3_test,154,203,160.76666666666668,0.26496320962905884,-1.1994103885643108
UBFC_PHYS_s04_T3_test,154,204,160.8,-0.010789788328111172,-1.0288614960670068
UBFC_PHYS_s04_T3_test,154,205,160.83333333333334,-0.24925990402698517,-0.7347444245211266
UBFC_PHYS_s04_T3_test,154,206,160.86666666666667,-0.39107322692871094,-0.34282056544623674
UBFC_PHYS_s04_T3_test,154,207,160.9,-0.49180325865745544,0.10139473340150056
UBFC_PHYS_s04_T3_test,154,208,160.93333333333334,-0.6255382895469666,0.5400438977049311
UBFC_PHYS_s04_T3_test,154,209,160.96666666666667,-0.8053653240203857,0.9144082164580145
UBFC_PHYS_s04_T3_test,154,210,161.0,-0.9716765880584717,1.1771171674079632
UBFC_PHYS_s04_T3_test,154,211,161.03333333333333,-1.012243390083313,1.3013232279673805
UBFC_PHYS_s04_T3_test,154,212,161.06666666666666,-0.8555695414543152,1.284219115249109
UBFC_PHYS_s04_T3_test,154,213,161.1,-0.5335199236869812,1.1443418720923768
UBFC_PHYS_s04_T3_test,154,214,161.13333333333333,-0.16097372770309448,0.91412055539982
UBFC_PHYS_s04_T3_test,154,215,161.16666666666666,0.1512923240661621,0.6304310454536424
UBFC_PHYS_s04_T3_test,154,216,161.2,0.365332692861557,0.32622604259486765
UBFC_PHYS_s04_T3_test,154,217,161.23333333333332,0.5086856484413147,0.025580961699703184
UBFC_PHYS_s04_T3_test,154,218,161.26666666666668,0.6084315180778503,-0.256962301439733
UBFC_PHYS_s04_T3_test,154,219,161.3,0.6675812602043152,-0.5134212010969976
UBFC_PHYS_s04_T3_test,154,220,161.33333333333334,0.698257327079773,-0.7375172418005584
UBFC_PHYS_s04_T3_test,154,221,161.36666666666667,0.694973349571228,-0.9201911079431166
UBFC_PHYS_s04_T3_test,154,222,161.4,0.6130017042160034,-1.047632767836138
UBFC_PHYS_s04_T3_test,154,223,161.43333333333334,0.4416719675064087,-1.102966560703009
UBFC_PHYS_s04_T3_test,154,224,161.46666666666667,0.23822398483753204,-1.0709640433570788
UBFC_PHYS_s04_T3_test,154,225,161.5,0.04609924927353859,-0.9437449010902461
UBFC_PHYS_s04_T3_test,154,226,161.53333333333333,-0.14728255569934845,-0.7252793956018657
UBFC_PHYS_s04_T3_test,154,227,161.56666666666666,-0.3486744165420532,-0.43320960977938344
UBFC_PHYS_s04_T3_test,154,228,161.6,-0.5391035676002502,-0.09730950300109155
UBFC_PHYS_s04_T3_test,154,229,161.63333333333333,-0.7031248807907104,0.24521322584755711
UBFC_PHYS_s04_T3_test,154,230,161.66666666666666,-0.8288205862045288,0.5563365715759861
UBFC_PHYS_s04_T3_test,154,231,161.7,-0.8833612203598022,0.8038854607477279
UBFC_PHYS_s04_T3_test,154,232,161.73333333333332,-0.7651687860488892,0.9665584236557823
UBFC_PHYS_s04_T3_test,154,233,161.76666666666668,-0.3625897169113159,1.0363576740303913
UBFC_PHYS_s04_T3_test,154,234,161.8,0.28485193848609924,1.0181466200586726
UBFC_PHYS_s04_T3_test,154,235,161.83333333333334,0.9385106563568115,0.9266029823704958
UBFC_PHYS_s04_T3_test,154,236,161.86666666666667,1.299879789352417,0.7813529481084376
UBFC_PHYS_s04_T3_test,154,237,161.9,1.2348929643630981,0.601599933499876
UBFC_PHYS_s04_T3_test,154,238,161.93333333333334,0.8870688676834106,0.40195253955691224
UBFC_PHYS_s04_T3_test,154,239,161.96666666666667,0.5104202032089233,0.19106909591543433
UBFC_PHYS_s04_T3_test,155,0,155.0,2.2284047603607178,-0.13301910786032117
UBFC_PHYS_s04_T3_test,155,1,155.03333333333333,1.803861379623413,-0.11934997483997334
UBFC_PHYS_s04_T3_test,155,2,155.06666666666666,1.3498404026031494,-0.09710511308188997
UBFC_PHYS_s04_T3_test,155,3,155.1,0.9418531060218811,-0.05971658487227596
UBFC_PHYS_s04_T3_test,155,4,155.13333333333333,0.8983141779899597,-0.0033490054431243228
UBFC_PHYS_s04_T3_test,155,5,155.16666666666666,1.3115830421447754,0.07049699587957424
UBFC_PHYS_s04_T3_test,155,6,155.2,1.7888156175613403,0.15210473723539897
UBFC_PHYS_s04_T3_test,155,7,155.23333333333332,1.8942523002624512,0.22191852453126676
UBFC_PHYS_s04_T3_test,155,8,155.26666666666668,1.64724600315094,0.25218489002544003
UBFC_PHYS_s04_T3_test,155,9,155.3,1.3976669311523438,0.2130876065669987
UBFC_PHYS_s04_T3_test,155,10,155.33333333333334,1.3796005249023438,0.08258557522104365
UBFC_PHYS_s04_T3_test,155,11,155.36666666666667,1.558131456375122,-0.14291113819042503
UBFC_PHYS_s04_T3_test,155,12,155.4,1.7152341604232788,-0.4407829888181273
UBFC_PHYS_s04_T3_test,155,13,155.43333333333334,1.7104592323303223,-0.7607020706422201
UBFC_PHYS_s04_T3_test,155,14,155.46666666666667,1.5889633893966675,-1.0313893575525568
UBFC_PHYS_s04_T3_test,155,15,155.5,1.3779926300048828,-1.1754935434587694
UBFC_PHYS_s04_T3_test,155,16,155.53333333333333,1.062822699546814,-1.1297794526738987
UBFC_PHYS_s04_T3_test,155,17,155.56666666666666,0.7341662049293518,-0.8652887670797277
UBFC_PHYS_s04_T3_test,155,18,155.6,0.4233618378639221,-0.40079828920088034
UBFC_PHYS_s04_T3_test,155,19,155.63333333333333,0.05831899121403694,0.19620918792913059
UBFC_PHYS_s04_T3_test,155,20,155.66666666666666,-0.3552325367927551,0.8233111814806472
UBFC_PHYS_s04_T3_test,155,21,155.7,-0.75780189037323,1.36848157470578
UBFC_PHYS_s04_T3_test,155,22,155.73333333333332,-1.1382997035980225,1.7386473950299828
UBFC_PHYS_s04_T3_test,155,23,155.76666666666668,-1.4080986976623535,1.8813017633947582
UBFC_PHYS_s04_T3_test,155,24,155.8,-1.354288935661316,1.7921630978498602
UBFC_PHYS_s04_T3_test,155,25,155.83333333333334,-0.8832442760467529,1.5079537935422704
UBFC_PHYS_s04_T3_test,155,26,155.86666666666667,-0.13730406761169434,1.0889730027192008
UBFC_PHYS_s04_T3_test,155,27,155.9,0.6570863127708435,0.5991440077606995
UBFC_PHYS_s04_T3_test,155,28,155.93333333333334,1.3691835403442383,0.09096109575828376
UBFC_PHYS_s04_T3_test,155,29,155.96666666666667,1.9129035472869873,-0.4003021414640701
UBFC_PHYS_s04_T3_test,155,30,156.0,2.098168134689331,-0.8531914926865026
UBFC_PHYS_s04_T3_test,155,31,156.03333333333333,1.6645426750183105,-1.2512491086332107
UBFC_PHYS_s04_T3_test,155,32,156.06666666666666,0.6700564026832581,-1.573997560593716
UBFC_PHYS_s04_T3_test,155,33,156.1,-0.3716229796409607,-1.792229454272397
UBFC_PHYS_s04_T3_test,155,34,156.13333333333333,-0.8395689129829407,-1.870077958809668
UBFC_PHYS_s04_T3_test,155,35,156.16666666666666,-0.5877876877784729,-1.7738261117378504
UBFC_PHYS_s04_T3_test,155,36,156.2,0.007247485686093569,-1.4849770500205646
UBFC_PHYS_s04_T3_test,155,37,156.23333333333332,0.46300292015075684,-1.013160998540136
UBFC_PHYS_s04_T3_test,155,38,156.26666666666668,0.4722505509853363,-0.4035118885309011
UBFC_PHYS_s04_T3_test,155,39,156.3,0.06872623413801193,0.2660172755322923
UBFC_PHYS_s04_T3_test,155,40,156.33333333333334,-0.3945520520210266,0.8988786473950041
UBFC_PHYS_s04_T3_test,155,41,156.36666666666667,-0.6989151835441589,1.4024341399886848
UBFC_PHYS_s04_T3_test,155,42,156.4,-0.9848610758781433,1.710941321302479
UBFC_PHYS_s04_T3_test,155,43,156.43333333333334,-1.2987446784973145,1.7999590033614987
UBFC_PHYS_s04_T3_test,155,44,156.46666666666667,-1.3926827907562256,1.6867468592081905
UBFC_PHYS_s04_T3_test,155,45,156.5,-1.2754161357879639,1.417671752653844
UBFC_PHYS_s04_T3_test,155,46,156.53333333333333,-1.286203384399414,1.0491782788392914
UBFC_PHYS_s04_T3_test,155,47,156.56666666666666,-1.384740948677063,0.6308861685024255
UBFC_PHYS_s04_T3_test,155,48,156.6,-1.2942134141921997,0.19720176656774002
UBFC_PHYS_s04_T3_test,155,49,156.63333333333333,-1.1211881637573242,-0.2308735873169028
UBFC_PHYS_s04_T3_test,155,50,156.66666666666666,-1.1247644424438477,-0.6367510111671427
UBFC_PHYS_s04_T3_test,155,51,156.7,-1.2698616981506348,-0.9979374534944703
UBFC_PHYS_s04_T3_test,155,52,156.73333333333332,-1.427773118019104,-1.2804401691912284
UBFC_PHYS_s04_T3_test,155,53,156.76666666666668,-1.6046572923660278,-1.4416576949520838
UBFC_PHYS_s04_T3_test,155,54,156.8,-1.7669830322265625,-1.4417156001108884
UBFC_PHYS_s04_T3_test,155,55,156.83333333333334,-1.7938780784606934,-1.2591656823873276
UBFC_PHYS_s04_T3_test,155,56,156.86666666666667,-1.6471924781799316,-0.9042589076406764
UBFC_PHYS_s04_T3_test,155,57,156.9,-1.4110026359558105,-0.4232494307586037
UBFC_PHYS_s04_T3_test,155,58,156.93333333333334,-1.1857949495315552,0.1092197738989437
UBFC_PHYS_s04_T3_test,155,59,156.96666666666667,-1.0084235668182373,0.607479140660171
UBFC_PHYS_s04_T3_test,155,60,157.0,-0.8985919952392578,0.9957353624492724
UBFC_PHYS_s04_T3_test,155,61,157.03333333333333,-0.9071380496025085,1.225086772393788
UBFC_PHYS_s04_T3_test,155,62,157.06666666666666,-1.0146015882492065,1.2811788387487402
UBFC_PHYS_s04_T3_test,155,63,157.1,-1.1220262050628662,1.1810601629216135
UBFC_PHYS_s04_T3_test,155,64,157.13333333333333,-1.1619986295700073,0.9620051636812353
UBFC_PHYS_s04_T3_test,155,65,157.16666666666666,-1.115458369255066,0.6675796565392927
UBFC_PHYS_s04_T3_test,155,66,157.2,-0.9453369379043579,0.3361541134616052
UBFC_PHYS_s04_T3_test,155,67,157.23333333333332,-0.5683959126472473,-0.004872835251734788
UBFC_PHYS_s04_T3_test,155,68,157.26666666666668,0.02472931705415249,-0.33839875233522354
UBFC_PHYS_s04_T3_test,155,69,157.3,0.5792658925056458,-0.6520777093894659
UBFC_PHYS_s04_T3_test,155,70,157.33333333333334,0.8262040615081787,-0.9311709868556735
UBFC_PHYS_s04_T3_test,155,71,157.36666666666667,0.8492208123207092,-1.1534985874458585
UBFC_PHYS_s04_T3_test,155,72,157.4,0.8922432661056519,-1.2892333331831212
UBFC_PHYS_s04_T3_test,155,73,157.43333333333334,1.0273523330688477,-1.3063723980238404
UBFC_PHYS_s04_T3_test,155,74,157.46666666666667,1.237338900566101,-1.1805891066449719
UBFC_PHYS_s04_T3_test,155,75,157.5,1.4972666501998901,-0.9062651257389696
UBFC_PHYS_s04_T3_test,155,76,157.53333333333333,1.709504246711731,-0.5043599242422215
UBFC_PHYS_s04_T3_test,155,77,157.56666666666666,1.8206902742385864,-0.02326010385512977
UBFC_PHYS_s04_T3_test,155,78,157.6,1.8096593618392944,0.4688497058835055
UBFC_PHYS_s04_T3_test,155,79,157.63333333333333,1.5668041706085205,0.8983438742120209
UBFC_PHYS_s04_T3_test,155,80,157.66666666666666,1.0736197233200073,1.2029897286786377
UBFC_PHYS_s04_T3_test,155,81,157.7,0.5704664587974548,1.3460437670100684
UBFC_PHYS_s04_T3_test,155,82,157.73333333333332,0.28322461247444153,1.3231933490348045
UBFC_PHYS_s04_T3_test,155,83,157.76666666666668,0.18002916872501373,1.1603334279712765
UBFC_PHYS_s04_T3_test,155,84,157.8,0.12698926031589508,0.903450531106761
UBFC_PHYS_s04_T3_test,155,85,157.83333333333334,0.061447009444236755,0.6046518131067643
UBFC_PHYS_s04_T3_test,155,86,157.86666666666667,-0.04271313175559044,0.3093562070853276
UBFC_PHYS_s04_T3_test,155,87,157.9,-0.16491055488586426,0.048490655363103104
UBFC_PHYS_s04_T3_test,155,88,157.93333333333334,-0.21346794068813324,-0.16311181221550178
UBFC_PHYS_s04_T3_test,155,89,157.96666666666667,-0.142790287733078,-0.3234681715103458
UBFC_PHYS_s04_T3_test,155,90,158.0,-0.003744435263797641,-0.4378936035536173
UBFC_PHYS_s04_T3_test,155,91,158.03333333333333,0.24550321698188782,-0.5135234298155571
UBFC_PHYS_s04_T3_test,155,92,158.06666666666666,0.678358793258667,-0.5555053678890189
UBFC_PHYS_s04_T3_test,155,93,158.1,1.0863267183303833,-0.565587968082821
UBFC_PHYS_s04_T3_test,155,94,158.13333333333333,1.1799042224884033,-0.5430989840320816
UBFC_PHYS_s04_T3_test,155,95,158.16666666666666,1.0079410076141357,-0.4876528751433114
UBFC_PHYS_s04_T3_test,155,96,158.2,0.7451093792915344,-0.40231715899089754
UBFC_PHYS_s04_T3_test,155,97,158.23333333333332,0.3649623990058899,-0.2956904833693771
UBFC_PHYS_s04_T3_test,155,98,158.26666666666668,-0.10474732518196106,-0.1817074459875048
UBFC_PHYS_s04_T3_test,155,99,158.3,-0.42368844151496887,-0.07696047956461388
UBFC_PHYS_s04_T3_test,155,100,158.33333333333334,-0.5018402338027954,0.0034927003128410634
UBFC_PHYS_s04_T3_test,155,101,158.36666666666667,-0.48612216114997864,0.050197937511826135
UBFC_PHYS_s04_T3_test,155,102,158.4,-0.4894353151321411,0.061842985618296965
UBFC_PHYS_s04_T3_test,155,103,158.43333333333334,-0.49217355251312256,0.04555628441552369
UBFC_PHYS_s04_T3_test,155,104,158.46666666666667,-0.48549848794937134,0.014866780945541226
UBFC_PHYS_s04_T3_test,155,105,158.5,-0.4767478406429291,-0.014210875413189683
UBFC_PHYS_s04_T3_test,155,106,158.53333333333333,-0.3554956316947937,-0.027851197316149403
UBFC_PHYS_s04_T3_test,155,107,158.56666666666666,-0.053568627685308456,-0.0183279092964401
UBFC_PHYS_s04_T3_test,155,108,158.6,0.2587461471557617,0.014163364590063092
UBFC_PHYS_s04_T3_test,155,109,158.63333333333333,0.4033561646938324,0.06232614224552629
UBFC_PHYS_s04_T3_test,155,110,158.66666666666666,0.4303779602050781,0.11480570199494793
UBFC_PHYS_s04_T3_test,155,111,158.7,0.43692633509635925,0.16028000417346333
UBFC_PHYS_s04_T3_test,155,112,158.73333333333332,0.41716426610946655,0.19118427296393192
UBFC_PHYS_s04_T3_test,155,113,158.76666666666668,0.38490960001945496,0.20586043912891402
UBFC_PHYS_s04_T3_test,155,114,158.8,0.38407158851623535,0.20840918138847775
UBFC_PHYS_s04_T3_test,155,115,158.83333333333334,0.3630427122116089,0.20626203764282203
UBFC_PHYS_s04_T3_test,155,116,158.86666666666667,0.2046927809715271,0.2063770628673423
UBFC_PHYS_s04_T3_test,155,117,158.9,-0.14766259491443634,0.2116013938348272
UBFC_PHYS_s04_T3_test,155,118,158.93333333333334,-0.5649073123931885,0.21877422592129317
UBFC_PHYS_s04_T3_test,155,119,158.96666666666667,-0.801253080368042,0.2195578875616448
UBFC_PHYS_s04_T3_test,155,120,159.0,-0.7958350777626038,0.20396266270858623
UBFC_PHYS_s04_T3_test,155,121,159.03333333333333,-0.7619336247444153,0.16523939226330012
UBFC_PHYS_s04_T3_test,155,122,159.06666666666666,-0.8494109511375427,0.10374098654818581
UBFC_PHYS_s04_T3_test,155,123,159.1,-0.9784296154975891,0.027501549212318427
UBFC_PHYS_s04_T3_test,155,124,159.13333333333333,-1.0506956577301025,-0.05099082110071668
UBFC_PHYS_s04_T3_test,155,125,159.16666666666666,-1.02955961227417,-0.12027960355037703
UBFC_PHYS_s04_T3_test,155,126,159.2,-0.86307293176651,-0.17514356822063162
UBFC_PHYS_s04_T3_test,155,127,159.23333333333332,-0.5702181458473206,-0.21921054900878334
UBFC_PHYS_s04_T3_test,155,128,159.26666666666668,-0.31967446208000183,-0.2636395192645228
UBFC_PHYS_s04_T3_test,155,129,159.3,-0.21124617755413055,-0.3219471530645244
UBFC_PHYS_s04_T3_test,155,130,159.33333333333334,-0.13295796513557434,-0.4026346021048163
UBFC_PHYS_s04_T3_test,155,131,159.36666666666667,0.00555192306637764,-0.50245015192542
UBFC_PHYS_s04_T3_test,155,132,159.4,0.14604972302913666,-0.6033211097682492
UBFC_PHYS_s04_T3_test,155,133,159.43333333333334,0.22588731348514557,-0.6749103163725938
UBFC_PHYS_s04_T3_test,155,134,159.46666666666667,0.26596689224243164,-0.682651400318172
UBFC_PHYS_s04_T3_test,155,135,159.5,0.2964870035648346,-0.5989031469365247
UBFC_PHYS_s04_T3_test,155,136,159.53333333333333,0.2918875515460968,-0.41349654028857374
UBFC_PHYS_s04_T3_test,155,137,159.56666666666666,0.2156359851360321,-0.13981045002489964
UBFC_PHYS_s04_T3_test,155,138,159.6,0.08003972470760345,0.18633023660473827
UBFC_PHYS_s04_T3_test,155,139,159.63333333333333,-0.0753575786948204,0.5151536299169052
UBFC_PHYS_s04_T3_test,155,140,159.66666666666666,-0.24000251293182373,0.7959197681133615
UBFC_PHYS_s04_T3_test,155,141,159.7,-0.42444851994514465,0.9895171700200655
UBFC_PHYS_s04_T3_test,155,142,159.73333333333332,-0.6234139800071716,1.0763793327328348
UBFC_PHYS_s04_T3_test,155,143,159.76666666666668,-0.7890723347663879,1.0577446109347395
UBFC_PHYS_s04_T3_test,155,144,159.8,-0.8296001553535461,0.9508078079186463
UBFC_PHYS_s04_T3_test,155,145,159.83333333333334,-0.6847465634346008,0.7801811596021933
UBFC_PHYS_s04_T3_test,155,146,159.86666666666667,-0.38726305961608887,0.568999520655336
UBFC_PHYS_s04_T3_test,155,147,159.9,-0.039760515093803406,0.33287559220281754
UBFC_PHYS_s04_T3_test,155,148,159.93333333333334,0.26207879185676575,0.07880176900675337
UBFC_PHYS_s04_T3_test,155,149,159.96666666666667,0.4729131758213043,-0.1907730381729732
UBFC_PHYS_s04_T3_test,155,150,160.0,0.5920410752296448,-0.4705869225053609
UBFC_PHYS_s04_T3_test,155,151,160.03333333333333,0.638571560382843,-0.7453520804545932
UBFC_PHYS_s04_T3_test,155,152,160.06666666666666,0.6387664675712585,-0.9863088439285248
UBFC_PHYS_s04_T3_test,155,153,160.1,0.6062779426574707,-1.1539031119526453
UBFC_PHYS_s04_T3_test,155,154,160.13333333333333,0.5412229299545288,-1.2066523425995717
UBFC_PHYS_s04_T3_test,155,155,160.16666666666666,0.44933122396469116,-1.1138219923632837
UBFC_PHYS_s04_T3_test,155,156,160.2,0.356153279542923,-0.8678228148635816
UBFC_PHYS_s04_T3_test,155,157,160.23333333333332,0.2848811745643616,-0.49174504363106103
UBFC_PHYS_s04_T3_test,155,158,160.26666666666668,0.22973643243312836,-0.0384235692426872
UBFC_PHYS_s04_T3_test,155,159,160.3,0.1593218743801117,0.4199511606008703
UBFC_PHYS_s04_T3_test,155,160,160.33333333333334,0.03469805419445038,0.8089774271104307
UBFC_PHYS_s04_T3_test,155,161,160.36666666666667,-0.1259516030550003,1.070274709577766
UBFC_PHYS_s04_T3_test,155,162,160.4,-0.19592764973640442,1.1745551696608763
UBFC_PHYS_s04_T3_test,155,163,160.43333333333334,-0.06102325767278671,1.1253052561958263
UBFC_PHYS_s04_T3_test,155,164,160.46666666666667,0.21779929101467133,0.9525091579367334
UBFC_PHYS_s04_T3_test,155,165,160.5,0.4772982597351074,0.6996051878536381
UBFC_PHYS_s04_T3_test,155,166,160.53333333333333,0.6241105794906616,0.40919015603144615
UBFC_PHYS_s04_T3_test,155,167,160.56666666666666,0.6480628252029419,0.1129178868296998
UBFC_PHYS_s04_T3_test,155,168,160.6,0.5577790141105652,-0.17135059471810787
UBFC_PHYS_s04_T3_test,155,169,160.63333333333333,0.43123549222946167,-0.43551176281028436
UBFC_PHYS_s04_T3_test,155,170,160.66666666666666,0.3876478374004364,-0.6734717428748231
UBFC_PHYS_s04_T3_test,155,171,160.7,0.43458762764930725,-0.8739389744404101
UBFC_PHYS_s04_T3_test,155,172,160.73333333333332,0.4326094686985016,-1.0171736541046406
UBFC_PHYS_s04_T3_test,155,173,160.76666666666668,0.26496320962905884,-1.0771557541934884
UBFC_PHYS_s04_T3_test,155,174,160.8,-0.010789788328111172,-1.0285677008525096
UBFC_PHYS_s04_T3_test,155,175,160.83333333333334,-0.24925990402698517,-0.8562606596761796
UBFC_PHYS_s04_T3_test,155,176,160.86666666666667,-0.39107322692871094,-0.5637683587090381
UBFC_PHYS_s04_T3_test,155,177,160.9,-0.49180325865745544,-0.17750700094710112
UBFC_PHYS_s04_T3_test,155,178,160.93333333333334,-0.6255382895469666,0.25522827289529465
UBFC_PHYS_s04_T3_test,155,179,160.96666666666667,-0.8053653240203857,0.6741849040645278
UBFC_PHYS_s04_T3_test,155,180,161.0,-0.9716765880584717,1.0178050973813508
UBFC_PHYS_s04_T3_test,155,181,161.03333333333333,-1.012243390083313,1.2353528354291832
UBFC_PHYS_s04_T3_test,155,182,161.06666666666666,-0.8555695414543152,1.2962326607845291
UBFC_PHYS_s04_T3_test,155,183,161.1,-0.5335199236869812,1.1942399453863148
UBFC_PHYS_s04_T3_test,155,184,161.13333333333333,-0.16097372770309448,0.9462584938674187
UBFC_PHYS_s04_T3_test,155,185,161.16666666666666,0.1512923240661621,0.5867786974006235
UBFC_PHYS_s04_T3_test,155,186,161.2,0.365332692861557,0.16076320064834176
UBFC_PHYS_s04_T3_test,155,187,161.23333333333332,0.5086856484413147,-0.2827500849125317
UBFC_PHYS_s04_T3_test,155,188,161.26666666666668,0.6084315180778503,-0.6952482735515829
UBFC_PHYS_s04_T3_test,155,189,161.3,0.6675812602043152,-1.031960265707234
UBFC_PHYS_s04_T3_test,155,190,161.33333333333334,0.698257327079773,-1.2547224952058673
UBFC_PHYS_s04_T3_test,155,191,161.36666666666667,0.694973349571228,-1.3353122208630415
UBFC_PHYS_s04_T3_test,155,192,161.4,0.6130017042160034,-1.259463445271774
UBFC_PHYS_s04_T3_test,155,193,161.43333333333334,0.4416719675064087,-1.030927849265737
UBFC_PHYS_s04_T3_test,155,194,161.46666666666667,0.23822398483753204,-0.6740216023967528
UBFC_PHYS_s04_T3_test,155,195,161.5,0.04609924927353859,-0.23267638906274568
UBFC_PHYS_s04_T3_test,155,196,161.53333333333333,-0.14728255569934845,0.23532997249967316
UBFC_PHYS_s04_T3_test,155,197,161.56666666666666,-0.3486744165420532,0.6683985871193959
UBFC_PHYS_s04_T3_test,155,198,161.6,-0.5391035676002502,1.012471738902342
UBFC_PHYS_s04_T3_test,155,199,161.63333333333333,-0.7031248807907104,1.2298209274651746
UBFC_PHYS_s04_T3_test,155,200,161.66666666666666,-0.8288205862045288,1.3027728092234678
UBFC_PHYS_s04_T3_test,155,201,161.7,-0.8833612203598022,1.2324368122241562
UBFC_PHYS_s04_T3_test,155,202,161.73333333333332,-0.7651687860488892,1.034314816704073
UBFC_PHYS_s04_T3_test,155,203,161.76666666666668,-0.3625897169113159,0.7332614430049826
UBFC_PHYS_s04_T3_test,155,204,161.8,0.28485193848609924,0.359888899520962
UBFC_PHYS_s04_T3_test,155,205,161.83333333333334,0.9385106563568115,-0.050680714220881364
UBFC_PHYS_s04_T3_test,155,206,161.86666666666667,1.299879789352417,-0.45848604068580817
UBFC_PHYS_s04_T3_test,155,207,161.9,1.2348929643630981,-0.8189217410077969
UBFC_PHYS_s04_T3_test,155,208,161.93333333333334,0.8870688676834106,-1.0857440520695745
UBFC_PHYS_s04_T3_test,155,209,161.96666666666667,0.5104202032089233,-1.217958374194888
UBFC_PHYS_s04_T3_test,155,210,162.0,0.24971288442611694,-1.189490276364087
UBFC_PHYS_s04_T3_test,155,211,162.03333333333333,0.10731489211320877,-0.99847010480435
UBFC_PHYS_s04_T3_test,155,212,162.06666666666666,-0.013040794059634209,-0.67211041175954
UBFC_PHYS_s04_T3_test,155,213,162.1,-0.1827724277973175,-0.2641104342475325
UBFC_PHYS_s04_T3_test,155,214,162.13333333333333,-0.3883349895477295,0.15589470919365264
UBFC_PHYS_s04_T3_test,155,215,162.16666666666666,-0.6074230670928955,0.5180800031391664
UBFC_PHYS_s04_T3_test,155,216,162.2,-0.8534550070762634,0.7681850390103045
UBFC_PHYS_s04_T3_test,155,217,162.23333333333332,-1.1305429935455322,0.8779742623828182
UBFC_PHYS_s04_T3_test,155,218,162.26666666666668,-1.4312714338302612,0.8476217676659292
UBFC_PHYS_s04_T3_test,155,219,162.3,-1.6967048645019531,0.7007258028852977
UBFC_PHYS_s04_T3_test,155,220,162.33333333333334,-1.7616721391677856,0.47506921968684174
UBFC_PHYS_s04_T3_test,155,221,162.36666666666667,-1.4986650943756104,0.21288390423179304
UBFC_PHYS_s04_T3_test,155,222,162.4,-1.0152934789657593,-0.04646953397250096
UBFC_PHYS_s04_T3_test,155,223,162.43333333333334,-0.5502514243125916,-0.2702671491595083
UBFC_PHYS_s04_T3_test,155,224,162.46666666666667,-0.20730935037136078,-0.4334098138865078
UBFC_PHYS_s04_T3_test,155,225,162.5,0.04697626456618309,-0.5185517942188582
UBFC_PHYS_s04_T3_test,155,226,162.53333333333333,0.19966456294059753,-0.5170731895936527
UBFC_PHYS_s04_T3_test,155,227,162.56666666666666,0.22411379218101501,-0.43118918002997686
UBFC_PHYS_s04_T3_test,155,228,162.6,0.17221400141716003,-0.27574854834573737
UBFC_PHYS_s04_T3_test,155,229,162.63333333333333,0.0959819108247757,-0.07750616896466772
UBFC_PHYS_s04_T3_test,155,230,162.66666666666666,0.002394669456407428,0.12938909340558938
UBFC_PHYS_s04_T3_test,155,231,162.7,-0.06902357935905457,0.3108693912680961
UBFC_PHYS_s04_T3_test,155,232,162.73333333333332,-0.09368719160556793,0.44072116128300926
UBFC_PHYS_s04_T3_test,155,233,162.76666666666668,-0.13847342133522034,0.5056312877603518
UBFC_PHYS_s04_T3_test,155,234,162.8,-0.20902439951896667,0.505895844044331
UBFC_PHYS_s04_T3_test,155,235,162.83333333333334,-0.18343505263328552,0.4522163668637068
UBFC_PHYS_s04_T3_test,155,236,162.86666666666667,-0.03379681333899498,0.3603185837034457
UBFC_PHYS_s04_T3_test,155,237,162.9,0.10480078309774399,0.24546521383010161
UBFC_PHYS_s04_T3_test,155,238,162.93333333333334,0.15582355856895447,0.1186551503153849
UBFC_PHYS_s04_T3_test,155,239,162.96666666666667,0.22611144185066223,-0.014336469340317444
UBFC_PHYS_s04_T3_test,156,0,156.0,2.098168134689331,0.09711405475806173
UBFC_PHYS_s04_T3_test,156,1,156.03333333333333,1.6645426750183105,-0.30601469723361246
UBFC_PHYS_s04_T3_test,156,2,156.06666666666666,0.6700564026832581,-0.6694825411273729
UBFC_PHYS_s04_T3_test,156,3,156.1,-0.3716229796409607,-0.9531866688975639
UBFC_PHYS_s04_T3_test,156,4,156.13333333333333,-0.8395689129829407,-1.1189091471891033
UBFC_PHYS_s04_T3_test,156,5,156.16666666666666,-0.5877876877784729,-1.1360627194222312
UBFC_PHYS_s04_T3_test,156,6,156.2,0.007247485686093569,-0.9894364500138167
UBFC_PHYS_s04_T3_test,156,7,156.23333333333332,0.46300292015075684,-0.6862734170868474
UBFC_PHYS_s04_T3_test,156,8,156.26666666666668,0.4722505509853363,-0.25973811295597277
UBFC_PHYS_s04_T3_test,156,9,156.3,0.06872623413801193,0.23354994452845484
UBFC_PHYS_s04_T3_test,156,10,156.33333333333334,-0.3945520520210266,0.7226598040894106
UBFC_PHYS_s04_T3_test,156,11,156.36666666666667,-0.6989151835441589,1.1364243745305573
UBFC_PHYS_s04_T3_test,156,12,156.4,-0.9848610758781433,1.4180981185712256
UBFC_PHYS_s04_T3_test,156,13,156.43333333333334,-1.2987446784973145,1.5353883733565203
UBFC_PHYS_s04_T3_test,156,14,156.46666666666667,-1.3926827907562256,1.482660047615087
UBFC_PHYS_s04_T3_test,156,15,156.5,-1.2754161357879639,1.2757650361510393
UBFC_PHYS_s04_T3_test,156,16,156.53333333333333,-1.286203384399414,0.943042701956748
UBFC_PHYS_s04_T3_test,156,17,156.56666666666666,-1.384740948677063,0.5171064706896175
UBFC_PHYS_s04_T3_test,156,18,156.6,-1.2942134141921997,0.03079196601938768
UBFC_PHYS_s04_T3_test,156,19,156.63333333333333,-1.1211881637573242,-0.48194751595722396
UBFC_PHYS_s04_T3_test,156,20,156.66666666666666,-1.1247644424438477,-0.9819919484831122
UBFC_PHYS_s04_T3_test,156,21,156.7,-1.2698616981506348,-1.4213495326286758
UBFC_PHYS_s04_T3_test,156,22,156.73333333333332,-1.427773118019104,-1.7436546756426037
UBFC_PHYS_s04_T3_test,156,23,156.76666666666668,-1.6046572923660278,-1.8914692204760053
UBFC_PHYS_s04_T3_test,156,24,156.8,-1.7669830322265625,-1.8202252807264587
UBFC_PHYS_s04_T3_test,156,25,156.83333333333334,-1.7938780784606934,-1.515074042134699
UBFC_PHYS_s04_T3_test,156,26,156.86666666666667,-1.6471924781799316,-1.0039222916552468
UBFC_PHYS_s04_T3_test,156,27,156.9,-1.4110026359558105,-0.35950448958683884
UBFC_PHYS_s04_T3_test,156,28,156.93333333333334,-1.1857949495315552,0.3133873424812316
UBFC_PHYS_s04_T3_test,156,29,156.96666666666667,-1.0084235668182373,0.9032718097933496
UBFC_PHYS_s04_T3_test,156,30,157.0,-0.8985919952392578,1.3214144602480975
UBFC_PHYS_s04_T3_test,156,31,157.03333333333333,-0.9071380496025085,1.5240030594254794
UBFC_PHYS_s04_T3_test,156,32,157.06666666666666,-1.0146015882492065,1.5185421785361068
UBFC_PHYS_s04_T3_test,156,33,157.1,-1.1220262050628662,1.3528716171970057
UBFC_PHYS_s04_T3_test,156,34,157.13333333333333,-1.1619986295700073,1.092607747256395
UBFC_PHYS_s04_T3_test,156,35,157.16666666666666,-1.115458369255066,0.7970174819923914
UBFC_PHYS_s04_T3_test,156,36,157.2,-0.9453369379043579,0.502584129056394
UBFC_PHYS_s04_T3_test,156,37,157.23333333333332,-0.5683959126472473,0.21916005510539296
UBFC_PHYS_s04_T3_test,156,38,157.26666666666668,0.02472931705415249,-0.06171527466944237
UBFC_PHYS_s04_T3_test,156,39,157.3,0.5792658925056458,-0.35113447140237725
UBFC_PHYS_s04_T3_test,156,40,157.33333333333334,0.8262040615081787,-0.6469343857477704
UBFC_PHYS_s04_T3_test,156,41,157.36666666666667,0.8492208123207092,-0.9244794018346553
UBFC_PHYS_s04_T3_test,156,42,157.4,0.8922432661056519,-1.1382306464244278
UBFC_PHYS_s04_T3_test,156,43,157.43333333333334,1.0273523330688477,-1.2340255167329515
UBFC_PHYS_s04_T3_test,156,44,157.46666666666667,1.237338900566101,-1.1678700544980267
UBFC_PHYS_s04_T3_test,156,45,157.5,1.4972666501998901,-0.9243832720763093
UBFC_PHYS_s04_T3_test,156,46,157.53333333333333,1.709504246711731,-0.5277585783282452
UBFC_PHYS_s04_T3_test,156,47,157.56666666666666,1.8206902742385864,-0.04041400353054727
UBFC_PHYS_s04_T3_test,156,48,157.6,1.8096593618392944,0.45122091056821206
UBFC_PHYS_s04_T3_test,156,49,157.63333333333333,1.5668041706085205,0.8594377287084193
UBFC_PHYS_s04_T3_test,156,50,157.66666666666666,1.0736197233200073,1.1185153814055622
UBFC_PHYS_s04_T3_test,156,51,157.7,0.5704664587974548,1.2001164171038328
UBFC_PHYS_s04_T3_test,156,52,157.73333333333332,0.28322461247444153,1.1158147092994206
UBFC_PHYS_s04_T3_test,156,53,157.76666666666668,0.18002916872501373,0.9070980453066424
UBFC_PHYS_s04_T3_test,156,54,157.8,0.12698926031589508,0.6277852416073532
UBFC_PHYS_s04_T3_test,156,55,157.83333333333334,0.061447009444236755,0.32605424233852437
UBFC_PHYS_s04_T3_test,156,56,157.86666666666667,-0.04271313175559044,0.03269276417441979
UBFC_PHYS_s04_T3_test,156,57,157.9,-0.16491055488586426,-0.24096665192428213
UBFC_PHYS_s04_T3_test,156,58,157.93333333333334,-0.21346794068813324,-0.49640780164224263
UBFC_PHYS_s04_T3_test,156,59,157.96666666666667,-0.142790287733078,-0.7370518788826983
UBFC_PHYS_s04_T3_test,156,60,158.0,-0.003744435263797641,-0.9584802462289377
UBFC_PHYS_s04_T3_test,156,61,158.03333333333333,0.24550321698188782,-1.143702157572097
UBFC_PHYS_s04_T3_test,156,62,158.06666666666666,0.678358793258667,-1.265015643586086
UBFC_PHYS_s04_T3_test,156,63,158.1,1.0863267183303833,-1.2915830217874913
UBFC_PHYS_s04_T3_test,156,64,158.13333333333333,1.1799042224884033,-1.1999726180462078
UBFC_PHYS_s04_T3_test,156,65,158.16666666666666,1.0079410076141357,-0.9839670567542321
UBFC_PHYS_s04_T3_test,156,66,158.2,0.7451093792915344,-0.6600841510555363
UBFC_PHYS_s04_T3_test,156,67,158.23333333333332,0.3649623990058899,-0.2665263552180788
UBFC_PHYS_s04_T3_test,156,68,158.26666666666668,-0.10474732518196106,0.14456616292664332
UBFC_PHYS_s04_T3_test,156,69,158.3,-0.42368844151496887,0.5192384559416976
UBFC_PHYS_s04_T3_test,156,70,158.33333333333334,-0.5018402338027954,0.8141132061985046
UBFC_PHYS_s04_T3_test,156,71,158.36666666666667,-0.48612216114997864,1.0049294788795387
UBFC_PHYS_s04_T3_test,156,72,158.4,-0.4894353151321411,1.089061527770122
UBFC_PHYS_s04_T3_test,156,73,158.43333333333334,-0.49217355251312256,1.082285147971027
UBFC_PHYS_s04_T3_test,156,74,158.46666666666667,-0.48549848794937134,1.0114987602565324
UBFC_PHYS_s04_T3_test,156,75,158.5,-0.4767478406429291,0.905758073785402
UBFC_PHYS_s04_T3_test,156,76,158.53333333333333,-0.3554956316947937,0.7883949801018941
UBFC_PHYS_s04_T3_test,156,77,158.56666666666666,-0.053568627685308456,0.6726262527792625
UBFC_PHYS_s04_T3_test,156,78,158.6,0.2587461471557617,0.5615056098723482
UBFC_PHYS_s04_T3_test,156,79,158.63333333333333,0.4033561646938324,0.45128962233207753
UBFC_PHYS_s04_T3_test,156,80,158.66666666666666,0.4303779602050781,0.3363765510466203
UBFC_PHYS_s04_T3_test,156,81,158.7,0.43692633509635925,0.2139189820323438
UBFC_PHYS_s04_T3_test,156,82,158.73333333333332,0.41716426610946655,0.08655383528315554
UBFC_PHYS_s04_T3_test,156,83,158.76666666666668,0.38490960001945496,-0.037627849993289664
UBFC_PHYS_s04_T3_test,156,84,158.8,0.38407158851623535,-0.14772222445685493
UBFC_PHYS_s04_T3_test,156,85,158.83333333333334,0.3630427122116089,-0.23404671405186045
UBFC_PHYS_s04_T3_test,156,86,158.86666666666667,0.2046927809715271,-0.29171576541443145
UBFC_PHYS_s04_T3_test,156,87,158.9,-0.14766259491443634,-0.3221311981337516
UBFC_PHYS_s04_T3_test,156,88,158.93333333333334,-0.5649073123931885,-0.3318492230016238
UBFC_PHYS_s04_T3_test,156,89,158.96666666666667,-0.801253080368042,-0.32960401448411186
UBFC_PHYS_s04_T3_test,156,90,159.0,-0.7958350777626038,-0.32304972362154494
UBFC_PHYS_s04_T3_test,156,91,159.03333333333333,-0.7619336247444153,-0.31669428692713975
UBFC_PHYS_s04_T3_test,156,92,159.06666666666666,-0.8494109511375427,-0.31170600188368924
UBFC_PHYS_s04_T3_test,156,93,159.1,-0.9784296154975891,-0.30734826282296485
UBFC_PHYS_s04_T3_test,156,94,159.13333333333333,-1.0506956577301025,-0.3032386081388385
UBFC_PHYS_s04_T3_test,156,95,159.16666666666666,-1.02955961227417,-0.3014433086773566
UBFC_PHYS_s04_T3_test,156,96,159.2,-0.86307293176651,-0.3074399738851747
UBFC_PHYS_s04_T3_test,156,97,159.23333333333332,-0.5702181458473206,-0.32923035024294367
UBFC_PHYS_s04_T3_test,156,98,159.26666666666668,-0.31967446208000183,-0.3744432023712511
UBFC_PHYS_s04_T3_test,156,99,159.3,-0.21124617755413055,-0.4460783931129991
UBFC_PHYS_s04_T3_test,156,100,159.33333333333334,-0.13295796513557434,-0.5383593938346495
UBFC_PHYS_s04_T3_test,156,101,159.36666666666667,0.00555192306637764,-0.6345562305216519
UBFC_PHYS_s04_T3_test,156,102,159.4,0.14604972302913666,-0.7082825299916766
UBFC_PHYS_s04_T3_test,156,103,159.43333333333334,0.22588731348514557,-0.7286941115849915
UBFC_PHYS_s04_T3_test,156,104,159.46666666666667,0.26596689224243164,-0.6685805090538545
UBFC_PHYS_s04_T3_test,156,105,159.5,0.2964870035648346,-0.5130908710754857
UBFC_PHYS_s04_T3_test,156,106,159.53333333333333,0.2918875515460968,-0.26627357238427996
UBFC_PHYS_s04_T3_test,156,107,159.56666666666666,0.2156359851360321,0.04704186061095733
UBFC_PHYS_s04_T3_test,156,108,159.6,0.08003972470760345,0.3852566377540066
UBFC_PHYS_s04_T3_test,156,109,159.63333333333333,-0.0753575786948204,0.6992445859229955
UBFC_PHYS_s04_T3_test,156,110,159.66666666666666,-0.24000251293182373,0.9441560509610458
UBFC_PHYS_s04_T3_test,156,111,159.7,-0.42444851994514465,1.0899445929062348
UBFC_PHYS_s04_T3_test,156,112,159.73333333333332,-0.6234139800071716,1.1271332832643395
UBFC_PHYS_s04_T3_test,156,113,159.76666666666668,-0.7890723347663879,1.066082151087112
UBFC_PHYS_s04_T3_test,156,114,159.8,-0.8296001553535461,0.9304366914628639
UBFC_PHYS_s04_T3_test,156,115,159.83333333333334,-0.6847465634346008,0.7476391827692491
UBFC_PHYS_s04_T3_test,156,116,159.86666666666667,-0.38726305961608887,0.5405006615002488
UBFC_PHYS_s04_T3_test,156,117,159.9,-0.039760515093803406,0.3232234836168911
UBFC_PHYS_s04_T3_test,156,118,159.93333333333334,0.26207879185676575,0.10301669468431238
UBFC_PHYS_s04_T3_test,156,119,159.96666666666667,0.4729131758213043,-0.11432900863763748
UBFC_PHYS_s04_T3_test,156,120,160.0,0.5920410752296448,-0.3184086081619409
UBFC_PHYS_s04_T3_test,156,121,160.03333333333333,0.638571560382843,-0.49123509382359426
UBFC_PHYS_s04_T3_test,156,122,160.06666666666666,0.6387664675712585,-0.6090846254491585
UBFC_PHYS_s04_T3_test,156,123,160.1,0.6062779426574707,-0.6485563285327631
UBFC_PHYS_s04_T3_test,156,124,160.13333333333333,0.5412229299545288,-0.5945990210801746
UBFC_PHYS_s04_T3_test,156,125,160.16666666666666,0.44933122396469116,-0.44752934083590634
UBFC_PHYS_s04_T3_test,156,126,160.2,0.356153279542923,-0.22613941664502935
UBFC_PHYS_s04_T3_test,156,127,160.23333333333332,0.2848811745643616,0.03482385239428189
UBFC_PHYS_s04_T3_test,156,128,160.26666666666668,0.22973643243312836,0.2922856673248628
UBFC_PHYS_s04_T3_test,156,129,160.3,0.1593218743801117,0.5049019100563511
UBFC_PHYS_s04_T3_test,156,130,160.33333333333334,0.03469805419445038,0.6420351811215418
UBFC_PHYS_s04_T3_test,156,131,160.36666666666667,-0.1259516030550003,0.688846461413601
UBFC_PHYS_s04_T3_test,156,132,160.4,-0.19592764973640442,0.6464384946789958
UBFC_PHYS_s04_T3_test,156,133,160.43333333333334,-0.06102325767278671,0.527903999077428
UBFC_PHYS_s04_T3_test,156,134,160.46666666666667,0.21779929101467133,0.35243804309021276
UBFC_PHYS_s04_T3_test,156,135,160.5,0.4772982597351074,0.1399578121199652
UBFC_PHYS_s04_T3_test,156,136,160.53333333333333,0.6241105794906616,-0.09200994886552928
UBFC_PHYS_s04_T3_test,156,137,160.56666666666666,0.6480628252029419,-0.328584486149833
UBFC_PHYS_s04_T3_test,156,138,160.6,0.5577790141105652,-0.5554833508823999
UBFC_PHYS_s04_T3_test,156,139,160.63333333333333,0.43123549222946167,-0.756134482164871
UBFC_PHYS_s04_T3_test,156,140,160.66666666666666,0.3876478374004364,-0.9099128526547232
UBFC_PHYS_s04_T3_test,156,141,160.7,0.43458762764930725,-0.993151016043089
UBFC_PHYS_s04_T3_test,156,142,160.73333333333332,0.4326094686985016,-0.9833398854985992
UBFC_PHYS_s04_T3_test,156,143,160.76666666666668,0.26496320962905884,-0.8654688805582246
UBFC_PHYS_s04_T3_test,156,144,160.8,-0.010789788328111172,-0.6385292010174103
UBFC_PHYS_s04_T3_test,156,145,160.83333333333334,-0.24925990402698517,-0.3199739812286212
UBFC_PHYS_s04_T3_test,156,146,160.86666666666667,-0.39107322692871094,0.0537310901069795
UBFC_PHYS_s04_T3_test,156,147,160.9,-0.49180325865745544,0.43141849484080513
UBFC_PHYS_s04_T3_test,156,148,160.93333333333334,-0.6255382895469666,0.7559194803511174
UBFC_PHYS_s04_T3_test,156,149,160.96666666666667,-0.8053653240203857,0.9751200646225846
UBFC_PHYS_s04_T3_test,156,150,161.0,-0.9716765880584717,1.0522808489066096
UBFC_PHYS_s04_T3_test,156,151,161.03333333333333,-1.012243390083313,0.9727377096047619
UBFC_PHYS_s04_T3_test,156,152,161.06666666666666,-0.8555695414543152,0.7456977595830435
UBFC_PHYS_s04_T3_test,156,153,161.1,-0.5335199236869812,0.4017558283698444
UBFC_PHYS_s04_T3_test,156,154,161.13333333333333,-0.16097372770309448,-0.012240821739028854
UBFC_PHYS_s04_T3_test,156,155,161.16666666666666,0.1512923240661621,-0.4395376016459152
UBFC_PHYS_s04_T3_test,156,156,161.2,0.365332692861557,-0.8204358407215933
UBFC_PHYS_s04_T3_test,156,157,161.23333333333332,0.5086856484413147,-1.0999044125116522
UBFC_PHYS_s04_T3_test,156,158,161.26666666666668,0.6084315180778503,-1.2356671875453857
UBFC_PHYS_s04_T3_test,156,159,161.3,0.6675812602043152,-1.2057932662633994
UBFC_PHYS_s04_T3_test,156,160,161.33333333333334,0.698257327079773,-1.0140478014998506
UBFC_PHYS_s04_T3_test,156,161,161.36666666666667,0.694973349571228,-0.6909778877880358
UBFC_PHYS_s04_T3_test,156,162,161.4,0.6130017042160034,-0.28922674045718366
UBFC_PHYS_s04_T3_test,156,163,161.43333333333334,0.4416719675064087,0.12688190663168425
UBFC_PHYS_s04_T3_test,156,164,161.46666666666667,0.23822398483753204,0.495205263979982
UBFC_PHYS_s04_T3_test,156,165,161.5,0.04609924927353859,0.7690601738675003
UBFC_PHYS_s04_T3_test,156,166,161.53333333333333,-0.14728255569934845,0.9257775156704338
UBFC_PHYS_s04_T3_test,156,167,161.56666666666666,-0.3486744165420532,0.9680439431635441
UBFC_PHYS_s04_T3_test,156,168,161.6,-0.5391035676002502,0.918227067076011
UBFC_PHYS_s04_T3_test,156,169,161.63333333333333,-0.7031248807907104,0.8083814797572612
UBFC_PHYS_s04_T3_test,156,170,161.66666666666666,-0.8288205862045288,0.6698724271806031
UBFC_PHYS_s04_T3_test,156,171,161.7,-0.8833612203598022,0.5261515705583052
UBFC_PHYS_s04_T3_test,156,172,161.73333333333332,-0.7651687860488892,0.39049209727765616
UBFC_PHYS_s04_T3_test,156,173,161.76666666666668,-0.3625897169113159,0.2682691907227628
UBFC_PHYS_s04_T3_test,156,174,161.8,0.28485193848609924,0.1616137076652964
UBFC_PHYS_s04_T3_test,156,175,161.83333333333334,0.9385106563568115,0.07366176845292156
UBFC_PHYS_s04_T3_test,156,176,161.86666666666667,1.299879789352417,0.010318235613974594
UBFC_PHYS_s04_T3_test,156,177,161.9,1.2348929643630981,-0.021062982957071045
UBFC_PHYS_s04_T3_test,156,178,161.93333333333334,0.8870688676834106,-0.015190784214023725
UBFC_PHYS_s04_T3_test,156,179,161.96666666666667,0.5104202032089233,0.02721668029137048
UBFC_PHYS_s04_T3_test,156,180,162.0,0.24971288442611694,0.09681453323597076
UBFC_PHYS_s04_T3_test,156,181,162.03333333333333,0.10731489211320877,0.1754860191591165
UBFC_PHYS_s04_T3_test,156,182,162.06666666666666,-0.013040794059634209,0.23897050656917182
UBFC_PHYS_s04_T3_test,156,183,162.1,-0.1827724277973175,0.2617536445769932
UBFC_PHYS_s04_T3_test,156,184,162.13333333333333,-0.3883349895477295,0.2230527326146958
UBFC_PHYS_s04_T3_test,156,185,162.16666666666666,-0.6074230670928955,0.11231667277765531
UBFC_PHYS_s04_T3_test,156,186,162.2,-0.8534550070762634,-0.06738975282217737
UBFC_PHYS_s04_T3_test,156,187,162.23333333333332,-1.1305429935455322,-0.2992516779882574
UBFC_PHYS_s04_T3_test,156,188,162.26666666666668,-1.4312714338302612,-0.5559048985287435
UBFC_PHYS_s04_T3_test,156,189,162.3,-1.6967048645019531,-0.8048240495466872
UBFC_PHYS_s04_T3_test,156,190,162.33333333333334,-1.7616721391677856,-1.013941105693951
UBFC_PHYS_s04_T3_test,156,191,162.36666666666667,-1.4986650943756104,-1.155741654321981
UBFC_PHYS_s04_T3_test,156,192,162.4,-1.0152934789657593,-1.2093380908101392
UBFC_PHYS_s04_T3_test,156,193,162.43333333333334,-0.5502514243125916,-1.1614299817397125
UBFC_PHYS_s04_T3_test,156,194,162.46666666666667,-0.20730935037136078,-1.0075892309093504
UBFC_PHYS_s04_T3_test,156,195,162.5,0.04697626456618309,-0.7545804069793155
UBFC_PHYS_s04_T3_test,156,196,162.53333333333333,0.19966456294059753,-0.4228744956611863
UBFC_PHYS_s04_T3_test,156,197,162.56666666666666,0.22411379218101501,-0.047206778320151965
UBFC_PHYS_s04_T3_test,156,198,162.6,0.17221400141716003,0.32693458500192996
UBFC_PHYS_s04_T3_test,156,199,162.63333333333333,0.0959819108247757,0.6511499770419258
UBFC_PHYS_s04_T3_test,156,200,162.66666666666666,0.002394669456407428,0.8837525385365694
UBFC_PHYS_s04_T3_test,156,201,162.7,-0.06902357935905457,0.997259182132672
UBFC_PHYS_s04_T3_test,156,202,162.73333333333332,-0.09368719160556793,0.9813657455350933
UBFC_PHYS_s04_T3_test,156,203,162.76666666666668,-0.13847342133522034,0.8418587216136996
UBFC_PHYS_s04_T3_test,156,204,162.8,-0.20902439951896667,0.597637386390258
UBFC_PHYS_s04_T3_test,156,205,162.83333333333334,-0.18343505263328552,0.27793082766269067
UBFC_PHYS_s04_T3_test,156,206,162.86666666666667,-0.03379681333899498,-0.07949533808934083
UBFC_PHYS_s04_T3_test,156,207,162.9,0.10480078309774399,-0.42982891858992467
UBFC_PHYS_s04_T3_test,156,208,162.93333333333334,0.15582355856895447,-0.7238879659000806
UBFC_PHYS_s04_T3_test,156,209,162.96666666666667,0.22611144185066223,-0.9133132379406381
UBFC_PHYS_s04_T3_test,156,210,163.0,0.43739408254623413,-0.9585869173245258
UBFC_PHYS_s04_T3_test,156,211,163.03333333333333,0.74680495262146,-0.8385283153394792
UBFC_PHYS_s04_T3_test,156,212,163.06666666666666,1.017734408378601,-0.5582314990995735
UBFC_PHYS_s04_T3_test,156,213,163.1,1.1662812232971191,-0.1518617175365843
UBFC_PHYS_s04_T3_test,156,214,163.13333333333333,1.1276243925094604,0.32192910429147087
UBFC_PHYS_s04_T3_test,156,215,163.16666666666666,0.8664492964744568,0.7915020018631801
UBFC_PHYS_s04_T3_test,156,216,163.2,0.4563376009464264,1.18744135605159
UBFC_PHYS_s04_T3_test,156,217,163.23333333333332,0.030332468450069427,1.4568716694074264
UBFC_PHYS_s04_T3_test,156,218,163.26666666666668,-0.3121223747730255,1.5728364444913323
UBFC_PHYS_s04_T3_test,156,219,163.3,-0.5196046233177185,1.5365360872941076
UBFC_PHYS_s04_T3_test,156,220,163.33333333333334,-0.6076666712760925,1.3723442429481858
UBFC_PHYS_s04_T3_test,156,221,163.36666666666667,-0.6531350016593933,1.1176011342990098
UBFC_PHYS_s04_T3_test,156,222,163.4,-0.713161826133728,0.8109185113577962
UBFC_PHYS_s04_T3_test,156,223,163.43333333333334,-0.7780901789665222,0.48318826134041465
UBFC_PHYS_s04_T3_test,156,224,163.46666666666667,-0.8195729851722717,0.15409501602698558
UBFC_PHYS_s04_T3_test,156,225,163.5,-0.8471404910087585,-0.16555636171715818
UBFC_PHYS_s04_T3_test,156,226,163.53333333333333,-0.8977735042572021,-0.4677156722392899
UBFC_PHYS_s04_T3_test,156,227,163.56666666666666,-0.9382525682449341,-0.7405380104116461
UBFC_PHYS_s04_T3_test,156,228,163.6,-0.828898549079895,-0.9648257608118301
UBFC_PHYS_s04_T3_test,156,229,163.63333333333333,-0.47359058260917664,-1.115613771551494
UBFC_PHYS_s04_T3_test,156,230,163.66666666666666,0.040983326733112335,-1.1688964333005658
UBFC_PHYS_s04_T3_test,156,231,163.7,0.5561419129371643,-1.1112714773227383
UBFC_PHYS_s04_T3_test,156,232,163.73333333333332,0.9999406933784485,-0.9488031722709498
UBFC_PHYS_s04_T3_test,156,233,163.76666666666668,1.3371237516403198,-0.7111209584508432
UBFC_PHYS_s04_T3_test,156,234,163.8,1.4918291568756104,-0.4478531764573713
UBFC_PHYS_s04_T3_test,156,235,163.83333333333334,1.4267157316207886,-0.21701746102582534
UBFC_PHYS_s04_T3_test,156,236,163.86666666666667,1.2055325508117676,-0.06838333243160036
UBFC_PHYS_s04_T3_test,156,237,163.9,0.9387835264205933,-0.0275459352047984
UBFC_PHYS_s04_T3_test,156,238,163.93333333333334,0.6945446133613586,-0.08692911009415505
UBFC_PHYS_s04_T3_test,156,239,163.96666666666667,0.4909699559211731,-0.20761327555738832
UBFC_PHYS_s04_T3_test,157,0,157.0,-0.8985919952392578,-0.1671582653573271
UBFC_PHYS_s04_T3_test,157,1,157.03333333333333,-0.9071380496025085,-0.2911586225167786
UBFC_PHYS_s04_T3_test,157,2,157.06666666666666,-1.0146015882492065,-0.37938561027706774
UBFC_PHYS_s04_T3_test,157,3,157.1,-1.1220262050628662,-0.40814441727021605
UBFC_PHYS_s04_T3_test,157,4,157.13333333333333,-1.1619986295700073,-0.3688901263394096
UBFC_PHYS_s04_T3_test,157,5,157.16666666666666,-1.115458369255066,-0.2722235176839173
UBFC_PHYS_s04_T3_test,157,6,157.2,-0.9453369379043579,-0.14736313150245592
UBFC_PHYS_s04_T3_test,157,7,157.23333333333332,-0.5683959126472473,-0.036165656061911106
UBFC_PHYS_s04_T3_test,157,8,157.26666666666668,0.02472931705415249,0.01800849847624733
UBFC_PHYS_s04_T3_test,157,9,157.3,0.5792658925056458,-0.015559821312153534
UBFC_PHYS_s04_T3_test,157,10,157.33333333333334,0.8262040615081787,-0.14194444835079098
UBFC_PHYS_s04_T3_test,157,11,157.36666666666667,0.8492208123207092,-0.333742878095441
UBFC_PHYS_s04_T3_test,157,12,157.4,0.8922432661056519,-0.534195773344694
UBFC_PHYS_s04_T3_test,157,13,157.43333333333334,1.0273523330688477,-0.6710045334249972
UBFC_PHYS_s04_T3_test,157,14,157.46666666666667,1.237338900566101,-0.6778776729419237
UBFC_PHYS_s04_T3_test,157,15,157.5,1.4972666501998901,-0.5174233371857346
UBFC_PHYS_s04_T3_test,157,16,157.53333333333333,1.709504246711731,-0.1971262732438857
UBFC_PHYS_s04_T3_test,157,17,157.56666666666666,1.8206902742385864,0.22856174058290898
UBFC_PHYS_s04_T3_test,157,18,157.6,1.8096593618392944,0.6720921266696669
UBFC_PHYS_s04_T3_test,157,19,157.63333333333333,1.5668041706085205,1.0383186095501669
UBFC_PHYS_s04_T3_test,157,20,157.66666666666666,1.0736197233200073,1.2524867765238572
UBFC_PHYS_s04_T3_test,157,21,157.7,0.5704664587974548,1.2805938679124569
UBFC_PHYS_s04_T3_test,157,22,157.73333333333332,0.28322461247444153,1.1353103805193427
UBFC_PHYS_s04_T3_test,157,23,157.76666666666668,0.18002916872501373,0.8665906808486649
UBFC_PHYS_s04_T3_test,157,24,157.8,0.12698926031589508,0.5419339399066309
UBFC_PHYS_s04_T3_test,157,25,157.83333333333334,0.061447009444236755,0.22454661251402738
UBFC_PHYS_s04_T3_test,157,26,157.86666666666667,-0.04271313175559044,-0.04277165203969312
UBFC_PHYS_s04_T3_test,157,27,157.9,-0.16491055488586426,-0.24365464974863957
UBFC_PHYS_s04_T3_test,157,28,157.93333333333334,-0.21346794068813324,-0.3843151195711811
UBFC_PHYS_s04_T3_test,157,29,157.96666666666667,-0.142790287733078,-0.4834961598091505
UBFC_PHYS_s04_T3_test,157,30,158.0,-0.003744435263797641,-0.5610097530019001
UBFC_PHYS_s04_T3_test,157,31,158.03333333333333,0.24550321698188782,-0.6287811993197125
UBFC_PHYS_s04_T3_test,157,32,158.06666666666666,0.678358793258667,-0.6866312039677523
UBFC_PHYS_s04_T3_test,157,33,158.1,1.0863267183303833,-0.7231755186098293
UBFC_PHYS_s04_T3_test,157,34,158.13333333333333,1.1799042224884033,-0.7206179163690614
UBFC_PHYS_s04_T3_test,157,35,158.16666666666666,1.0079410076141357,-0.6614053983947992
UBFC_PHYS_s04_T3_test,157,36,158.2,0.7451093792915344,-0.5348636460764848
UBFC_PHYS_s04_T3_test,157,37,158.23333333333332,0.3649623990058899,-0.34239601811732423
UBFC_PHYS_s04_T3_test,157,38,158.26666666666668,-0.10474732518196106,-0.10003761118571396
UBFC_PHYS_s04_T3_test,157,39,158.3,-0.42368844151496887,0.1626117514652593
UBFC_PHYS_s04_T3_test,157,40,158.33333333333334,-0.5018402338027954,0.40732225901217717
UBFC_PHYS_s04_T3_test,157,41,158.36666666666667,-0.48612216114997864,0.5951650382061434
UBFC_PHYS_s04_T3_test,157,42,158.4,-0.4894353151321411,0.6954940715238224
UBFC_PHYS_s04_T3_test,157,43,158.43333333333334,-0.49217355251312256,0.6933749138415664
UBFC_PHYS_s04_T3_test,157,44,158.46666666666667,-0.48549848794937134,0.592963023431653
UBFC_PHYS_s04_T3_test,157,45,158.5,-0.4767478406429291,0.41554136358921057
UBFC_PHYS_s04_T3_test,157,46,158.53333333333333,-0.3554956316947937,0.1930087149437147
UBFC_PHYS_s04_T3_test,157,47,158.56666666666666,-0.053568627685308456,-0.04058770501425273
UBFC_PHYS_s04_T3_test,157,48,158.6,0.2587461471557617,-0.2564061884987886
UBFC_PHYS_s04_T3_test,157,49,158.63333333333333,0.4033561646938324,-0.4347597554053289
UBFC_PHYS_s04_T3_test,157,50,158.66666666666666,0.4303779602050781,-0.5648050792447461
UBFC_PHYS_s04_T3_test,157,51,158.7,0.43692633509635925,-0.6408221881852048
UBFC_PHYS_s04_T3_test,157,52,158.73333333333332,0.41716426610946655,-0.6574745866180242
UBFC_PHYS_s04_T3_test,157,53,158.76666666666668,0.38490960001945496,-0.6070532732976026
UBFC_PHYS_s04_T3_test,157,54,158.8,0.38407158851623535,-0.4808624858854354
UBFC_PHYS_s04_T3_test,157,55,158.83333333333334,0.3630427122116089,-0.27481478114853547
UBFC_PHYS_s04_T3_test,157,56,158.86666666666667,0.2046927809715271,0.0031559537222547542
UBFC_PHYS_s04_T3_test,157,57,158.9,-0.14766259491443634,0.32784755386601866
UBFC_PHYS_s04_T3_test,157,58,158.93333333333334,-0.5649073123931885,0.657385319387154
UBFC_PHYS_s04_T3_test,157,59,158.96666666666667,-0.801253080368042,0.9408526494733314
UBFC_PHYS_s04_T3_test,157,60,159.0,-0.7958350777626038,1.1305007177322737
UBFC_PHYS_s04_T3_test,157,61,159.03333333333333,-0.7619336247444153,1.1936641749015766
UBFC_PHYS_s04_T3_test,157,62,159.06666666666666,-0.8494109511375427,1.1199884706289092
UBFC_PHYS_s04_T3_test,157,63,159.1,-0.9784296154975891,0.9220205636300306
UBFC_PHYS_s04_T3_test,157,64,159.13333333333333,-1.0506956577301025,0.6297748980273319
UBFC_PHYS_s04_T3_test,157,65,159.16666666666666,-1.02955961227417,0.2817152547479024
UBFC_PHYS_s04_T3_test,157,66,159.2,-0.86307293176651,-0.08451490473119799
UBFC_PHYS_s04_T3_test,157,67,159.23333333333332,-0.5702181458473206,-0.43852108219378755
UBFC_PHYS_s04_T3_test,157,68,159.26666666666668,-0.31967446208000183,-0.7589912808750952
UBFC_PHYS_s04_T3_test,157,69,159.3,-0.21124617755413055,-1.0311236174000011
UBFC_PHYS_s04_T3_test,157,70,159.33333333333334,-0.13295796513557434,-1.241647642016115
UBFC_PHYS_s04_T3_test,157,71,159.36666666666667,0.00555192306637764,-1.3744082637789548
UBFC_PHYS_s04_T3_test,157,72,159.4,0.14604972302913666,-1.4092278540293213
UBFC_PHYS_s04_T3_test,157,73,159.43333333333334,0.22588731348514557,-1.3254511970687202
UBFC_PHYS_s04_T3_test,157,74,159.46666666666667,0.26596689224243164,-1.1096718524335876
UBFC_PHYS_s04_T3_test,157,75,159.5,0.2964870035648346,-0.7651110815562425
UBFC_PHYS_s04_T3_test,157,76,159.53333333333333,0.2918875515460968,-0.31861950003517164
UBFC_PHYS_s04_T3_test,157,77,159.56666666666666,0.2156359851360321,0.1788018705321442
UBFC_PHYS_s04_T3_test,157,78,159.6,0.08003972470760345,0.6601184896908214
UBFC_PHYS_s04_T3_test,157,79,159.63333333333333,-0.0753575786948204,1.0574907740822526
UBFC_PHYS_s04_T3_test,157,80,159.66666666666666,-0.24000251293182373,1.3191915243263743
UBFC_PHYS_s04_T3_test,157,81,159.7,-0.42444851994514465,1.421347446047247
UBFC_PHYS_s04_T3_test,157,82,159.73333333333332,-0.6234139800071716,1.370102006439003
UBFC_PHYS_s04_T3_test,157,83,159.76666666666668,-0.7890723347663879,1.1944040972502747
UBFC_PHYS_s04_T3_test,157,84,159.8,-0.8296001553535461,0.9334752812306852
UBFC_PHYS_s04_T3_test,157,85,159.83333333333334,-0.6847465634346008,0.6244775561053407
UBFC_PHYS_s04_T3_test,157,86,159.86666666666667,-0.38726305961608887,0.29485520004228033
UBFC_PHYS_s04_T3_test,157,87,159.9,-0.039760515093803406,-0.03872195688308489
UBFC_PHYS_s04_T3_test,157,88,159.93333333333334,0.26207879185676575,-0.3656085098659229
UBFC_PHYS_s04_T3_test,157,89,159.96666666666667,0.4729131758213043,-0.6735345838085915
UBFC_PHYS_s04_T3_test,157,90,160.0,0.5920410752296448,-0.9420353979132086
UBFC_PHYS_s04_T3_test,157,91,160.03333333333333,0.638571560382843,-1.1405693602673272
UBFC_PHYS_s04_T3_test,157,92,160.06666666666666,0.6387664675712585,-1.233099709466313
UBFC_PHYS_s04_T3_test,157,93,160.1,0.6062779426574707,-1.1882366395517374
UBFC_PHYS_s04_T3_test,157,94,160.13333333333333,0.5412229299545288,-0.9915156313089125
UBFC_PHYS_s04_T3_test,157,95,160.16666666666666,0.44933122396469116,-0.6550130565700498
UBFC_PHYS_s04_T3_test,157,96,160.2,0.356153279542923,-0.21993383820085294
UBFC_PHYS_s04_T3_test,157,97,160.23333333333332,0.2848811745643616,0.24989694277760457
UBFC_PHYS_s04_T3_test,157,98,160.26666666666668,0.22973643243312836,0.6822505814091968
UBFC_PHYS_s04_T3_test,157,99,160.3,0.1593218743801117,1.0138430567199979
UBFC_PHYS_s04_T3_test,157,100,160.33333333333334,0.03469805419445038,1.2047885346546936
UBFC_PHYS_s04_T3_test,157,101,160.36666666666667,-0.1259516030550003,1.245197743571123
UBFC_PHYS_s04_T3_test,157,102,160.4,-0.19592764973640442,1.152209367468171
UBFC_PHYS_s04_T3_test,157,103,160.43333333333334,-0.06102325767278671,0.9596069060949882
UBFC_PHYS_s04_T3_test,157,104,160.46666666666667,0.21779929101467133,0.7048189766018722
UBFC_PHYS_s04_T3_test,157,105,160.5,0.4772982597351074,0.4184583418587455
UBFC_PHYS_s04_T3_test,157,106,160.53333333333333,0.6241105794906616,0.11969969494274428
UBFC_PHYS_s04_T3_test,157,107,160.56666666666666,0.6480628252029419,-0.18201966063851052
UBFC_PHYS_s04_T3_test,157,108,160.6,0.5577790141105652,-0.48085758960285074
UBFC_PHYS_s04_T3_test,157,109,160.63333333333333,0.43123549222946167,-0.7671956385218285
UBFC_PHYS_s04_T3_test,157,110,160.66666666666666,0.3876478374004364,-1.0224480076617533
UBFC_PHYS_s04_T3_test,157,111,160.7,0.43458762764930725,-1.2184267483995308
UBFC_PHYS_s04_T3_test,157,112,160.73333333333332,0.4326094686985016,-1.3216859504491438
UBFC_PHYS_s04_T3_test,157,113,160.76666666666668,0.26496320962905884,-1.3014526052631112
UBFC_PHYS_s04_T3_test,157,114,160.8,-0.010789788328111172,-1.1388858177698535
UBFC_PHYS_s04_T3_test,157,115,160.83333333333334,-0.24925990402698517,-0.8351815768635436
UBFC_PHYS_s04_T3_test,157,116,160.86666666666667,-0.39107322692871094,-0.41599733549568674
UBFC_PHYS_s04_T3_test,157,117,160.9,-0.49180325865745544,0.06983417173936496
UBFC_PHYS_s04_T3_test,157,118,160.93333333333334,-0.6255382895469666,0.5578752308877418
UBFC_PHYS_s04_T3_test,157,119,160.96666666666667,-0.8053653240203857,0.9804536130132621
UBFC_PHYS_s04_T3_test,157,120,161.0,-0.9716765880584717,1.2805311672544513
UBFC_PHYS_s04_T3_test,157,121,161.03333333333333,-1.012243390083313,1.423008495823963
UBFC_PHYS_s04_T3_test,157,122,161.06666666666666,-0.8555695414543152,1.4001517186780896
UBFC_PHYS_s04_T3_test,157,123,161.1,-0.5335199236869812,1.2298853114302672
UBFC_PHYS_s04_T3_test,157,124,161.13333333333333,-0.16097372770309448,0.948257501243666
UBFC_PHYS_s04_T3_test,157,125,161.16666666666666,0.1512923240661621,0.5992495846131529
UBFC_PHYS_s04_T3_test,157,126,161.2,0.365332692861557,0.2254242090173906
UBFC_PHYS_s04_T3_test,157,127,161.23333333333332,0.5086856484413147,-0.1381520812774154
UBFC_PHYS_s04_T3_test,157,128,161.26666666666668,0.6084315180778503,-0.4659610071814176
UBFC_PHYS_s04_T3_test,157,129,161.3,0.6675812602043152,-0.7408161184036298
UBFC_PHYS_s04_T3_test,157,130,161.33333333333334,0.698257327079773,-0.9509668101232428
UBFC_PHYS_s04_T3_test,157,131,161.36666666666667,0.694973349571228,-1.0872694515138983
UBFC_PHYS_s04_T3_test,157,132,161.4,0.6130017042160034,-1.1418542104320943
UBFC_PHYS_s04_T3_test,157,133,161.43333333333334,0.4416719675064087,-1.1089896057515114
UBFC_PHYS_s04_T3_test,157,134,161.46666666666667,0.23822398483753204,-0.9878372935219594
UBFC_PHYS_s04_T3_test,157,135,161.5,0.04609924927353859,-0.7858885771252552
UBFC_PHYS_s04_T3_test,157,136,161.53333333333333,-0.14728255569934845,-0.5214325369711545
UBFC_PHYS_s04_T3_test,157,137,161.56666666666666,-0.3486744165420532,-0.22343625092521657
UBFC_PHYS_s04_T3_test,157,138,161.6,-0.5391035676002502,0.07225441670729309
UBFC_PHYS_s04_T3_test,157,139,161.63333333333333,-0.7031248807907104,0.33013373632586446
UBFC_PHYS_s04_T3_test,157,140,161.66666666666666,-0.8288205862045288,0.5234695909363766
UBFC_PHYS_s04_T3_test,157,141,161.7,-0.8833612203598022,0.6406408437482751
UBFC_PHYS_s04_T3_test,157,142,161.73333333333332,-0.7651687860488892,0.686896628027459
UBFC_PHYS_s04_T3_test,157,143,161.76666666666668,-0.3625897169113159,0.6811103555179807
UBFC_PHYS_s04_T3_test,157,144,161.8,0.28485193848609924,0.6489787348671443
UBFC_PHYS_s04_T3_test,157,145,161.83333333333334,0.9385106563568115,0.6150552260791564
UBFC_PHYS_s04_T3_test,157,146,161.86666666666667,1.299879789352417,0.5959356425826534
UBFC_PHYS_s04_T3_test,157,147,161.9,1.2348929643630981,0.5962323018333407
UBFC_PHYS_s04_T3_test,157,148,161.93333333333334,0.8870688676834106,0.6081267574621418
UBFC_PHYS_s04_T3_test,157,149,161.96666666666667,0.5104202032089233,0.614389019248284
UBFC_PHYS_s04_T3_test,157,150,162.0,0.24971288442611694,0.5938346392721443
UBFC_PHYS_s04_T3_test,157,151,162.03333333333333,0.10731489211320877,0.5275471603722036
UBFC_PHYS_s04_T3_test,157,152,162.06666666666666,-0.013040794059634209,0.4041099840270576
UBFC_PHYS_s04_T3_test,157,153,162.1,-0.1827724277973175,0.22257878576716905
UBFC_PHYS_s04_T3_test,157,154,162.13333333333333,-0.3883349895477295,-0.007242992389123361
UBFC_PHYS_s04_T3_test,157,155,162.16666666666666,-0.6074230670928955,-0.26685102153930623
UBFC_PHYS_s04_T3_test,157,156,162.2,-0.8534550070762634,-0.5325352784845269
UBFC_PHYS_s04_T3_test,157,157,162.23333333333332,-1.1305429935455322,-0.7793153200931726
UBFC_PHYS_s04_T3_test,157,158,162.26666666666668,-1.4312714338302612,-0.9844300247014811
UBFC_PHYS_s04_T3_test,157,159,162.3,-1.6967048645019531,-1.1297285194850666
UBFC_PHYS_s04_T3_test,157,160,162.33333333333334,-1.7616721391677856,-1.2025976335625281
UBFC_PHYS_s04_T3_test,157,161,162.36666666666667,-1.4986650943756104,-1.195512751167707
UBFC_PHYS_s04_T3_test,157,162,162.4,-1.0152934789657593,-1.1049003316469161
UBFC_PHYS_s04_T3_test,157,163,162.43333333333334,-0.5502514243125916,-0.930383311111697
UBFC_PHYS_s04_T3_test,157,164,162.46666666666667,-0.20730935037136078,-0.6753146842773016
UBFC_PHYS_s04_T3_test,157,165,162.5,0.04697626456618309,-0.348895289998065
UBFC_PHYS_s04_T3_test,157,166,162.53333333333333,0.19966456294059753,0.030672068886195412
UBFC_PHYS_s04_T3_test,157,167,162.56666666666666,0.22411379218101501,0.43364457296667763
UBFC_PHYS_s04_T3_test,157,168,162.6,0.17221400141716003,0.8193556656905812
UBFC_PHYS_s04_T3_test,157,169,162.63333333333333,0.0959819108247757,1.1417101549163358
UBFC_PHYS_s04_T3_test,157,170,162.66666666666666,0.002394669456407428,1.3583847949353363
UBFC_PHYS_s04_T3_test,157,171,162.7,-0.06902357935905457,1.439994253117698
UBFC_PHYS_s04_T3_test,157,172,162.73333333333332,-0.09368719160556793,1.37560071795189
UBFC_PHYS_s04_T3_test,157,173,162.76666666666668,-0.13847342133522034,1.173172644900305
UBFC_PHYS_s04_T3_test,157,174,162.8,-0.20902439951896667,0.855994410316125
UBFC_PHYS_s04_T3_test,157,175,162.83333333333334,-0.18343505263328552,0.45734470444777175
UBFC_PHYS_s04_T3_test,157,176,162.86666666666667,-0.03379681333899498,0.01567843948376579
UBFC_PHYS_s04_T3_test,157,177,162.9,0.10480078309774399,-0.42846219183718454
UBFC_PHYS_s04_T3_test,157,178,162.93333333333334,0.15582355856895447,-0.8338319727754877
UBFC_PHYS_s04_T3_test,157,179,162.96666666666667,0.22611144185066223,-1.159366616045095
UBFC_PHYS_s04_T3_test,157,180,163.0,0.43739408254623413,-1.3665254393508226
UBFC_PHYS_s04_T3_test,157,181,163.03333333333333,0.74680495262146,-1.4245934146461183
UBFC_PHYS_s04_T3_test,157,182,163.06666666666666,1.017734408378601,-1.3184880760960542
UBFC_PHYS_s04_T3_test,157,183,163.1,1.1662812232971191,-1.0561865336343024
UBFC_PHYS_s04_T3_test,157,184,163.13333333333333,1.1276243925094604,-0.6716290886254398
UBFC_PHYS_s04_T3_test,157,185,163.16666666666666,0.8664492964744568,-0.22017338846079154
UBFC_PHYS_s04_T3_test,157,186,163.2,0.4563376009464264,0.2328465156030741
UBFC_PHYS_s04_T3_test,157,187,163.23333333333332,0.030332468450069427,0.6265351298827376
UBFC_PHYS_s04_T3_test,157,188,163.26666666666668,-0.3121223747730255,0.9169048959316278
UBFC_PHYS_s04_T3_test,157,189,163.3,-0.5196046233177185,1.0837455469008417
UBFC_PHYS_s04_T3_test,157,190,163.33333333333334,-0.6076666712760925,1.1304730694018594
UBFC_PHYS_s04_T3_test,157,191,163.36666666666667,-0.6531350016593933,1.0777973357543251
UBFC_PHYS_s04_T3_test,157,192,163.4,-0.713161826133728,0.9537865335939403
UBFC_PHYS_s04_T3_test,157,193,163.43333333333334,-0.7780901789665222,0.7838022842762404
UBFC_PHYS_s04_T3_test,157,194,163.46666666666667,-0.8195729851722717,0.5836663599405555
UBFC_PHYS_s04_T3_test,157,195,163.5,-0.8471404910087585,0.3582405722275664
UBFC_PHYS_s04_T3_test,157,196,163.53333333333333,-0.8977735042572021,0.10559922872931757
UBFC_PHYS_s04_T3_test,157,197,163.56666666666666,-0.9382525682449341,-0.17514664350741502
UBFC_PHYS_s04_T3_test,157,198,163.6,-0.828898549079895,-0.47571648552234314
UBFC_PHYS_s04_T3_test,157,199,163.63333333333333,-0.47359058260917664,-0.7736659587751158
UBFC_PHYS_s04_T3_test,157,200,163.66666666666666,0.040983326733112335,-1.0327491821909844
UBFC_PHYS_s04_T3_test,157,201,163.7,0.5561419129371643,-1.2089546008538694
UBFC_PHYS_s04_T3_test,157,202,163.73333333333332,0.9999406933784485,-1.2607521575106897
UBFC_PHYS_s04_T3_test,157,203,163.76666666666668,1.3371237516403198,-1.1607998130318176
UBFC_PHYS_s04_T3_test,157,204,163.8,1.4918291568756104,-0.9057075955562479
UBFC_PHYS_s04_T3_test,157,205,163.83333333333334,1.4267157316207886,-0.5206415625714268
UBFC_PHYS_s04_T3_test,157,206,163.86666666666667,1.2055325508117676,-0.05670708372044758
UBFC_PHYS_s04_T3_test,157,207,163.9,0.9387835264205933,0.4189099596487453
UBFC_PHYS_s04_T3_test,157,208,163.93333333333334,0.6945446133613586,0.8376191459212182
UBFC_PHYS_s04_T3_test,157,209,163.96666666666667,0.4909699559211731,1.1445515374737016
UBFC_PHYS_s04_T3_test,157,210,164.0,0.3404839336872101,1.3092945439482788
UBFC_PHYS_s04_T3_test,157,211,164.03333333333333,0.2557058334350586,1.3289287947001491
UBFC_PHYS_s04_T3_test,157,212,164.06666666666666,0.23606067895889282,1.2231632522006517
UBFC_PHYS_s04_T3_test,157,213,164.1,0.27824509143829346,1.024348017911951
UBFC_PHYS_s04_T3_test,157,214,164.13333333333333,0.32774773240089417,0.7664519624625453
UBFC_PHYS_s04_T3_test,157,215,164.16666666666666,0.2595062255859375,0.4766230628974715
UBFC_PHYS_s04_T3_test,157,216,164.2,0.02502165548503399,0.17143061921857874
UBFC_PHYS_s04_T3_test,157,217,164.23333333333332,-0.1999034434556961,-0.14198540431127088
UBFC_PHYS_s04_T3_test,157,218,164.26666666666668,-0.1867092400789261,-0.4612487237458271
UBFC_PHYS_s04_T3_test,157,219,164.3,0.02572326734662056,-0.7827389816350341
UBFC_PHYS_s04_T3_test,157,220,164.33333333333334,0.2272515594959259,-1.0962198342726397
UBFC_PHYS_s04_T3_test,157,221,164.36666666666667,0.3255649209022522,-1.381440009880471
UBFC_PHYS_s04_T3_test,157,222,164.4,0.3038247227668762,-1.607569712920367
UBFC_PHYS_s04_T3_test,157,223,164.43333333333334,0.13296270370483398,-1.7361208543284072
UBFC_PHYS_s04_T3_test,157,224,164.46666666666667,-0.10350001603364944,-1.7277101009023919
UBFC_PHYS_s04_T3_test,157,225,164.5,-0.23410703241825104,-1.5521814295319878
UBFC_PHYS_s04_T3_test,157,226,164.53333333333333,-0.2099793702363968,-1.2000545163806837
UBFC_PHYS_s04_T3_test,157,227,164.56666666666666,-0.12469454109668732,-0.6915230965320618
UBFC_PHYS_s04_T3_test,157,228,164.6,-0.09214754402637482,-0.07849023970623775
UBFC_PHYS_s04_T3_test,157,229,164.63333333333333,-0.23081335425376892,0.5630704904248945
UBFC_PHYS_s04_T3_test,157,230,164.66666666666666,-0.5432060956954956,1.1488581075483315
UBFC_PHYS_s04_T3_test,157,231,164.7,-0.8203330636024475,1.6047859877187494
UBFC_PHYS_s04_T3_test,157,232,164.73333333333332,-0.8649438619613647,1.882480812386553
UBFC_PHYS_s04_T3_test,157,233,164.76666666666668,-0.7718926072120667,1.9676421696832316
UBFC_PHYS_s04_T3_test,157,234,164.8,-0.7759560942649841,1.879260436356406
UBFC_PHYS_s04_T3_test,157,235,164.83333333333334,-0.8154217600822449,1.6600199369656534
UBFC_PHYS_s04_T3_test,157,236,164.86666666666667,-0.5786959528923035,1.3610107092074617
UBFC_PHYS_s04_T3_test,157,237,164.9,0.03808917850255966,1.026021831434821
UBFC_PHYS_s04_T3_test,157,238,164.93333333333334,0.783629834651947,0.6809210952797716
UBFC_PHYS_s04_T3_test,157,239,164.96666666666667,1.3821730613708496,0.33186472255216504
UBFC_PHYS_s04_T3_test,158,0,158.0,-0.003744435263797641,0.07129077705754323
UBFC_PHYS_s04_T3_test,158,1,158.03333333333333,0.24550321698188782,-0.004387774892359243
UBFC_PHYS_s04_T3_test,158,2,158.06666666666666,0.678358793258667,-0.05563785519599509
UBFC_PHYS_s04_T3_test,158,3,158.1,1.0863267183303833,-0.06163185671879863
UBFC_PHYS_s04_T3_test,158,4,158.13333333333333,1.1799042224884033,-0.010100084960984345
UBFC_PHYS_s04_T3_test,158,5,158.16666666666666,1.0079410076141357,0.0995678416385138
UBFC_PHYS_s04_T3_test,158,6,158.2,0.7451093792915344,0.25512202246029586
UBFC_PHYS_s04_T3_test,158,7,158.23333333333332,0.3649623990058899,0.4329965854318175
UBFC_PHYS_s04_T3_test,158,8,158.26666666666668,-0.10474732518196106,0.6028693192288688
UBFC_PHYS_s04_T3_test,158,9,158.3,-0.42368844151496887,0.7343976524690087
UBFC_PHYS_s04_T3_test,158,10,158.33333333333334,-0.5018402338027954,0.8040503692602178
UBFC_PHYS_s04_T3_test,158,11,158.36666666666667,-0.48612216114997864,0.7996034248728345
UBFC_PHYS_s04_T3_test,158,12,158.4,-0.4894353151321411,0.7209726042949147
UBFC_PHYS_s04_T3_test,158,13,158.43333333333334,-0.49217355251312256,0.5777822734739327
UBFC_PHYS_s04_T3_test,158,14,158.46666666666667,-0.48549848794937134,0.385227497950564
UBFC_PHYS_s04_T3_test,158,15,158.5,-0.4767478406429291,0.1599874230876064
UBFC_PHYS_s04_T3_test,158,16,158.53333333333333,-0.3554956316947937,-0.0825657399784177
UBFC_PHYS_s04_T3_test,158,17,158.56666666666666,-0.053568627685308456,-0.32936913364957016
UBFC_PHYS_s04_T3_test,158,18,158.6,0.2587461471557617,-0.568976894255828
UBFC_PHYS_s04_T3_test,158,19,158.63333333333333,0.4033561646938324,-0.7895979971071128
UBFC_PHYS_s04_T3_test,158,20,158.66666666666666,0.4303779602050781,-0.9765223006351577
UBFC_PHYS_s04_T3_test,158,21,158.7,0.43692633509635925,-1.1099656908239683
UBFC_PHYS_s04_T3_test,158,22,158.73333333333332,0.41716426610946655,-1.164837063155678
UBFC_PHYS_s04_T3_test,158,23,158.76666666666668,0.38490960001945496,-1.113957455594688
UBFC_PHYS_s04_T3_test,158,24,158.8,0.38407158851623535,-0.9353078396870739
UBFC_PHYS_s04_T3_test,158,25,158.83333333333334,0.3630427122116089,-0.6219729021534753
UBFC_PHYS_s04_T3_test,158,26,158.86666666666667,0.2046927809715271,-0.19131116672026752
UBFC_PHYS_s04_T3_test,158,27,158.9,-0.14766259491443634,0.31118776649633717
UBFC_PHYS_s04_T3_test,158,28,158.93333333333334,-0.5649073123931885,0.8168199920392941
UBFC_PHYS_s04_T3_test,158,29,158.96666666666667,-0.801253080368042,1.2475238563091202
UBFC_PHYS_s04_T3_test,158,30,159.0,-0.7958350777626038,1.534603929331034
UBFC_PHYS_s04_T3_test,158,31,159.03333333333333,-0.7619336247444153,1.6355520073114098
UBFC_PHYS_s04_T3_test,158,32,159.06666666666666,-0.8494109511375427,1.5428567047244726
UBFC_PHYS_s04_T3_test,158,33,159.1,-0.9784296154975891,1.2821718514327878
UBFC_PHYS_s04_T3_test,158,34,159.13333333333333,-1.0506956577301025,0.9015388543822236
UBFC_PHYS_s04_T3_test,158,35,159.16666666666666,-1.02955961227417,0.456503643193997
UBFC_PHYS_s04_T3_test,158,36,159.2,-0.86307293176651,-0.003278531306742002
UBFC_PHYS_s04_T3_test,158,37,159.23333333333332,-0.5702181458473206,-0.44183223718752235
UBFC_PHYS_s04_T3_test,158,38,159.26666666666668,-0.31967446208000183,-0.8376107581968101
UBFC_PHYS_s04_T3_test,158,39,159.3,-0.21124617755413055,-1.1785116649007998
UBFC_PHYS_s04_T3_test,158,40,159.33333333333334,-0.13295796513557434,-1.4543375991148297
UBFC_PHYS_s04_T3_test,158,41,159.36666666666667,0.00555192306637764,-1.6504065420909524
UBFC_PHYS_s04_T3_test,158,42,159.4,0.14604972302913666,-1.7452270034260704
UBFC_PHYS_s04_T3_test,158,43,159.43333333333334,0.22588731348514557,-1.7135302459901358
UBFC_PHYS_s04_T3_test,158,44,159.46666666666667,0.26596689224243164,-1.5340752318346784
UBFC_PHYS_s04_T3_test,158,45,159.5,0.2964870035648346,-1.1998931441634482
UBFC_PHYS_s04_T3_test,158,46,159.53333333333333,0.2918875515460968,-0.7273361342859823
UBFC_PHYS_s04_T3_test,158,47,159.56666666666666,0.2156359851360321,-0.15985191439317054
UBFC_PHYS_s04_T3_test,158,48,159.6,0.08003972470760345,0.4366045628953106
UBFC_PHYS_s04_T3_test,158,49,159.63333333333333,-0.0753575786948204,0.986578466457463
UBFC_PHYS_s04_T3_test,158,50,159.66666666666666,-0.24000251293182373,1.4223006885076197
UBFC_PHYS_s04_T3_test,158,51,159.7,-0.42444851994514465,1.6983310869505415
UBFC_PHYS_s04_T3_test,158,52,159.73333333333332,-0.6234139800071716,1.7984859714185835
UBFC_PHYS_s04_T3_test,158,53,159.76666666666668,-0.7890723347663879,1.7338679513943585
UBFC_PHYS_s04_T3_test,158,54,159.8,-0.8296001553535461,1.534350477114932
UBFC_PHYS_s04_T3_test,158,55,159.83333333333334,-0.6847465634346008,1.2376208732159555
UBFC_PHYS_s04_T3_test,158,56,159.86666666666667,-0.38726305961608887,0.8798320429757244
UBFC_PHYS_s04_T3_test,158,57,159.9,-0.039760515093803406,0.4905648842998534
UBFC_PHYS_s04_T3_test,158,58,159.93333333333334,0.26207879185676575,0.09282174587683006
UBFC_PHYS_s04_T3_test,158,59,159.96666666666667,0.4729131758213043,-0.29334186613654073
UBFC_PHYS_s04_T3_test,158,60,160.0,0.5920410752296448,-0.6465382810144956
UBFC_PHYS_s04_T3_test,158,61,160.03333333333333,0.638571560382843,-0.9421601952075565
UBFC_PHYS_s04_T3_test,158,62,160.06666666666666,0.6387664675712585,-1.1541540559906749
UBFC_PHYS_s04_T3_test,158,63,160.1,0.6062779426574707,-1.259560120004627
UBFC_PHYS_s04_T3_test,158,64,160.13333333333333,0.5412229299545288,-1.2438993689740285
UBFC_PHYS_s04_T3_test,158,65,160.16666666666666,0.44933122396469116,-1.1056460809810928
UBFC_PHYS_s04_T3_test,158,66,160.2,0.356153279542923,-0.858643471981801
UBFC_PHYS_s04_T3_test,158,67,160.23333333333332,0.2848811745643616,-0.5318954163733177
UBFC_PHYS_s04_T3_test,158,68,160.26666666666668,0.22973643243312836,-0.16653082369742242
UBFC_PHYS_s04_T3_test,158,69,160.3,0.1593218743801117,0.19001177300263014
UBFC_PHYS_s04_T3_test,158,70,160.33333333333334,0.03469805419445038,0.49209232118066054
UBFC_PHYS_s04_T3_test,158,71,160.36666666666667,-0.1259516030550003,0.7048144522758926
UBFC_PHYS_s04_T3_test,158,72,160.4,-0.19592764973640442,0.8111273510480469
UBFC_PHYS_s04_T3_test,158,73,160.43333333333334,-0.06102325767278671,0.8141862106233454
UBFC_PHYS_s04_T3_test,158,74,160.46666666666667,0.21779929101467133,0.7337155163512596
UBFC_PHYS_s04_T3_test,158,75,160.5,0.4772982597351074,0.5977621608955005
UBFC_PHYS_s04_T3_test,158,76,160.53333333333333,0.6241105794906616,0.433267414845468
UBFC_PHYS_s04_T3_test,158,77,160.56666666666666,0.6480628252029419,0.2592399699823354
UBFC_PHYS_s04_T3_test,158,78,160.6,0.5577790141105652,0.08483587176134068
UBFC_PHYS_s04_T3_test,158,79,160.63333333333333,0.43123549222946167,-0.08772565263544965
UBFC_PHYS_s04_T3_test,158,80,160.66666666666666,0.3876478374004364,-0.25748465024894235
UBFC_PHYS_s04_T3_test,158,81,160.7,0.43458762764930725,-0.41918956816748704
UBFC_PHYS_s04_T3_test,158,82,160.73333333333332,0.4326094686985016,-0.5602616951145429
UBFC_PHYS_s04_T3_test,158,83,160.76666666666668,0.26496320962905884,-0.6614127229860912
UBFC_PHYS_s04_T3_test,158,84,160.8,-0.010789788328111172,-0.7007255287495602
UBFC_PHYS_s04_T3_test,158,85,160.83333333333334,-0.24925990402698517,-0.6598424483575656
UBFC_PHYS_s04_T3_test,158,86,160.86666666666667,-0.39107322692871094,-0.5301166665265509
UBFC_PHYS_s04_T3_test,158,87,160.9,-0.49180325865745544,-0.31676936728737937
UBFC_PHYS_s04_T3_test,158,88,160.93333333333334,-0.6255382895469666,-0.04028223406509551
UBFC_PHYS_s04_T3_test,158,89,160.96666666666667,-0.8053653240203857,0.26487246154297145
UBFC_PHYS_s04_T3_test,158,90,161.0,-0.9716765880584717,0.5543234377204944
UBFC_PHYS_s04_T3_test,158,91,161.03333333333333,-1.012243390083313,0.7809951305862575
UBFC_PHYS_s04_T3_test,158,92,161.06666666666666,-0.8555695414543152,0.9044764471157407
UBFC_PHYS_s04_T3_test,158,93,161.1,-0.5335199236869812,0.9001223933680861
UBFC_PHYS_s04_T3_test,158,94,161.13333333333333,-0.16097372770309448,0.7651372355701541
UBFC_PHYS_s04_T3_test,158,95,161.16666666666666,0.1512923240661621,0.5197760636024717
UBFC_PHYS_s04_T3_test,158,96,161.2,0.365332692861557,0.20319794980739564
UBFC_PHYS_s04_T3_test,158,97,161.23333333333332,0.5086856484413147,-0.13492272534699054
UBFC_PHYS_s04_T3_test,158,98,161.26666666666668,0.6084315180778503,-0.4445518264517727
UBFC_PHYS_s04_T3_test,158,99,161.3,0.6675812602043152,-0.6844163223168384
UBFC_PHYS_s04_T3_test,158,100,161.33333333333334,0.698257327079773,-0.8283064564398588
UBFC_PHYS_s04_T3_test,158,101,161.36666666666667,0.694973349571228,-0.8680788978416576
UBFC_PHYS_s04_T3_test,158,102,161.4,0.6130017042160034,-0.8133975676524217
UBFC_PHYS_s04_T3_test,158,103,161.43333333333334,0.4416719675064087,-0.6882057087708907
UBFC_PHYS_s04_T3_test,158,104,161.46666666666667,0.23822398483753204,-0.5241581818664395
UBFC_PHYS_s04_T3_test,158,105,161.5,0.04609924927353859,-0.35225306220081715
UBFC_PHYS_s04_T3_test,158,106,161.53333333333333,-0.14728255569934845,-0.1952635401070247
UBFC_PHYS_s04_T3_test,158,107,161.56666666666666,-0.3486744165420532,-0.06377596918594773
UBFC_PHYS_s04_T3_test,158,108,161.6,-0.5391035676002502,0.04309901194123479
UBFC_PHYS_s04_T3_test,158,109,161.63333333333333,-0.7031248807907104,0.13346435430076475
UBFC_PHYS_s04_T3_test,158,110,161.66666666666666,-0.8288205862045288,0.21690348168528611
UBFC_PHYS_s04_T3_test,158,111,161.7,-0.8833612203598022,0.29935447113596436
UBFC_PHYS_s04_T3_test,158,112,161.73333333333332,-0.7651687860488892,0.3804540755845209
UBFC_PHYS_s04_T3_test,158,113,161.76666666666668,-0.3625897169113159,0.4543830839941208
UBFC_PHYS_s04_T3_test,158,114,161.8,0.28485193848609924,0.5135163357816249
UBFC_PHYS_s04_T3_test,158,115,161.83333333333334,0.9385106563568115,0.5526687015372393
UBFC_PHYS_s04_T3_test,158,116,161.86666666666667,1.299879789352417,0.5716185882239493
UBFC_PHYS_s04_T3_test,158,117,161.9,1.2348929643630981,0.5747558070256441
UBFC_PHYS_s04_T3_test,158,118,161.93333333333334,0.8870688676834106,0.5682543480554454
UBFC_PHYS_s04_T3_test,158,119,161.96666666666667,0.5104202032089233,0.5562813351338115
UBFC_PHYS_s04_T3_test,158,120,162.0,0.24971288442611694,0.5379806461371175
UBFC_PHYS_s04_T3_test,158,121,162.03333333333333,0.10731489211320877,0.5064396652668812
UBFC_PHYS_s04_T3_test,158,122,162.06666666666666,-0.013040794059634209,0.44999820490904885
UBFC_PHYS_s04_T3_test,158,123,162.1,-0.1827724277973175,0.35550487627750915
UBFC_PHYS_s04_T3_test,158,124,162.13333333333333,-0.3883349895477295,0.2126580736605641
UBFC_PHYS_s04_T3_test,158,125,162.16666666666666,-0.6074230670928955,0.01825979325249219
UBFC_PHYS_s04_T3_test,158,126,162.2,-0.8534550070762634,-0.220974810121189
UBFC_PHYS_s04_T3_test,158,127,162.23333333333332,-1.1305429935455322,-0.4880774035626686
UBFC_PHYS_s04_T3_test,158,128,162.26666666666668,-1.4312714338302612,-0.7579825368898104
UBFC_PHYS_s04_T3_test,158,129,162.3,-1.6967048645019531,-1.0012384947836368
UBFC_PHYS_s04_T3_test,158,130,162.33333333333334,-1.7616721391677856,-1.1881082779279697
UBFC_PHYS_s04_T3_test,158,131,162.36666666666667,-1.4986650943756104,-1.2923033475798626
UBFC_PHYS_s04_T3_test,158,132,162.4,-1.0152934789657593,-1.2941179570884058
UBFC_PHYS_s04_T3_test,158,133,162.43333333333334,-0.5502514243125916,-1.1830320223304094
UBFC_PHYS_s04_T3_test,158,134,162.46666666666667,-0.20730935037136078,-0.9598170977272348
UBFC_PHYS_s04_T3_test,158,135,162.5,0.04697626456618309,-0.6379002939392481
UBFC_PHYS_s04_T3_test,158,136,162.53333333333333,0.19966456294059753,-0.24343383770336388
UBFC_PHYS_s04_T3_test,158,137,162.56666666666666,0.22411379218101501,0.18657511987347886
UBFC_PHYS_s04_T3_test,158,138,162.6,0.17221400141716003,0.6084142778550389
UBFC_PHYS_s04_T3_test,158,139,162.63333333333333,0.0959819108247757,0.9776773979343373
UBFC_PHYS_s04_T3_test,158,140,162.66666666666666,0.002394669456407428,1.2557996371692206
UBFC_PHYS_s04_T3_test,158,141,162.7,-0.06902357935905457,1.41541396786192
UBFC_PHYS_s04_T3_test,158,142,162.73333333333332,-0.09368719160556793,1.4433737581608332
UBFC_PHYS_s04_T3_test,158,143,162.76666666666668,-0.13847342133522034,1.3411000389543835
UBFC_PHYS_s04_T3_test,158,144,162.8,-0.20902439951896667,1.1223852863132886
UBFC_PHYS_s04_T3_test,158,145,162.83333333333334,-0.18343505263328552,0.8093512585024881
UBFC_PHYS_s04_T3_test,158,146,162.86666666666667,-0.03379681333899498,0.42821212296940164
UBFC_PHYS_s04_T3_test,158,147,162.9,0.10480078309774399,0.006882560157409071
UBFC_PHYS_s04_T3_test,158,148,162.93333333333334,0.15582355856895447,-0.424594393303228
UBFC_PHYS_s04_T3_test,158,149,162.96666666666667,0.22611144185066223,-0.831820869708015
UBFC_PHYS_s04_T3_test,158,150,163.0,0.43739408254623413,-1.1746746547682692
UBFC_PHYS_s04_T3_test,158,151,163.03333333333333,0.74680495262146,-1.4096108907865934
UBFC_PHYS_s04_T3_test,158,152,163.06666666666666,1.017734408378601,-1.4968096015002341
UBFC_PHYS_s04_T3_test,158,153,163.1,1.1662812232971191,-1.410732221923333
UBFC_PHYS_s04_T3_test,158,154,163.13333333333333,1.1276243925094604,-1.1504151179951092
UBFC_PHYS_s04_T3_test,158,155,163.16666666666666,0.8664492964744568,-0.7450382030775191
UBFC_PHYS_s04_T3_test,158,156,163.2,0.4563376009464264,-0.25145869667652027
UBFC_PHYS_s04_T3_test,158,157,163.23333333333332,0.030332468450069427,0.2567396616659454
UBFC_PHYS_s04_T3_test,158,158,163.26666666666668,-0.3121223747730255,0.7056352517729612
UBFC_PHYS_s04_T3_test,158,159,163.3,-0.5196046233177185,1.0373818811793636
UBFC_PHYS_s04_T3_test,158,160,163.33333333333334,-0.6076666712760925,1.2212746086397057
UBFC_PHYS_s04_T3_test,158,161,163.36666666666667,-0.6531350016593933,1.256277932023155
UBFC_PHYS_s04_T3_test,158,162,163.4,-0.713161826133728,1.1650036669999635
UBFC_PHYS_s04_T3_test,158,163,163.43333333333334,-0.7780901789665222,0.9821576960089692
UBFC_PHYS_s04_T3_test,158,164,163.46666666666667,-0.8195729851722717,0.7423129114895449
UBFC_PHYS_s04_T3_test,158,165,163.5,-0.8471404910087585,0.47160828566630925
UBFC_PHYS_s04_T3_test,158,166,163.53333333333333,-0.8977735042572021,0.18564648405255685
UBFC_PHYS_s04_T3_test,158,167,163.56666666666666,-0.9382525682449341,-0.10705400507613601
UBFC_PHYS_s04_T3_test,158,168,163.6,-0.828898549079895,-0.3986225984914232
UBFC_PHYS_s04_T3_test,158,169,163.63333333333333,-0.47359058260917664,-0.6755832280943562
UBFC_PHYS_s04_T3_test,158,170,163.66666666666666,0.040983326733112335,-0.9155509037123305
UBFC_PHYS_s04_T3_test,158,171,163.7,0.5561419129371643,-1.0884793095184353
UBFC_PHYS_s04_T3_test,158,172,163.73333333333332,0.9999406933784485,-1.162408994917448
UBFC_PHYS_s04_T3_test,158,173,163.76666666666668,1.3371237516403198,-1.1120766766015127
UBFC_PHYS_s04_T3_test,158,174,163.8,1.4918291568756104,-0.927726722877598
UBFC_PHYS_s04_T3_test,158,175,163.83333333333334,1.4267157316207886,-0.621188312169083
UBFC_PHYS_s04_T3_test,158,176,163.86666666666667,1.2055325508117676,-0.22678577447486106
UBFC_PHYS_s04_T3_test,158,177,163.9,0.9387835264205933,0.2039747434801228
UBFC_PHYS_s04_T3_test,158,178,163.93333333333334,0.6945446133613586,0.6129169335929051
UBFC_PHYS_s04_T3_test,158,179,163.96666666666667,0.4909699559211731,0.9477817955931682
UBFC_PHYS_s04_T3_test,158,180,164.0,0.3404839336872101,1.172643202475558
UBFC_PHYS_s04_T3_test,158,181,164.03333333333333,0.2557058334350586,1.2726404537485911
UBFC_PHYS_s04_T3_test,158,182,164.06666666666666,0.23606067895889282,1.252074330963496
UBFC_PHYS_s04_T3_test,158,183,164.1,0.27824509143829346,1.127766788536722
UBFC_PHYS_s04_T3_test,158,184,164.13333333333333,0.32774773240089417,0.9210911111837062
UBFC_PHYS_s04_T3_test,158,185,164.16666666666666,0.2595062255859375,0.651871053046243
UBFC_PHYS_s04_T3_test,158,186,164.2,0.02502165548503399,0.3359528348308731
UBFC_PHYS_s04_T3_test,158,187,164.23333333333332,-0.1999034434556961,-0.013562570447842197
UBFC_PHYS_s04_T3_test,158,188,164.26666666666668,-0.1867092400789261,-0.3829290521996829
UBFC_PHYS_s04_T3_test,158,189,164.3,0.02572326734662056,-0.7543297522429582
UBFC_PHYS_s04_T3_test,158,190,164.33333333333334,0.2272515594959259,-1.104144787034329
UBFC_PHYS_s04_T3_test,158,191,164.36666666666667,0.3255649209022522,-1.403557011097566
UBFC_PHYS_s04_T3_test,158,192,164.4,0.3038247227668762,-1.6210195414582014
UBFC_PHYS_s04_T3_test,158,193,164.43333333333334,0.13296270370483398,-1.7256909407631238
UBFC_PHYS_s04_T3_test,158,194,164.46666666666667,-0.10350001603364944,-1.6914389320505658
UBFC_PHYS_s04_T3_test,158,195,164.5,-0.23410703241825104,-1.5016880052291208
UBFC_PHYS_s04_T3_test,158,196,164.53333333333333,-0.2099793702363968,-1.155277612383721
UBFC_PHYS_s04_T3_test,158,197,164.56666666666666,-0.12469454109668732,-0.6722274329430009
UBFC_PHYS_s04_T3_test,158,198,164.6,-0.09214754402637482,-0.09658461588364678
UBFC_PHYS_s04_T3_test,158,199,164.63333333333333,-0.23081335425376892,0.5068001125369918
UBFC_PHYS_s04_T3_test,158,200,164.66666666666666,-0.5432060956954956,1.0625874075351573
UBFC_PHYS_s04_T3_test,158,201,164.7,-0.8203330636024475,1.5001471436259337
UBFC_PHYS_s04_T3_test,158,202,164.73333333333332,-0.8649438619613647,1.7691822787921314
UBFC_PHYS_s04_T3_test,158,203,164.76666666666668,-0.7718926072120667,1.8508496455762014
UBFC_PHYS_s04_T3_test,158,204,164.8,-0.7759560942649841,1.7606671061660828
UBFC_PHYS_s04_T3_test,158,205,164.83333333333334,-0.8154217600822449,1.5420939965243523
UBFC_PHYS_s04_T3_test,158,206,164.86666666666667,-0.5786959528923035,1.2529034393838627
UBFC_PHYS_s04_T3_test,158,207,164.9,0.03808917850255966,0.9490151909759338
UBFC_PHYS_s04_T3_test,158,208,164.93333333333334,0.783629834651947,0.6711430347900432
UBFC_PHYS_s04_T3_test,158,209,164.96666666666667,1.3821730613708496,0.4380950228891513
UBFC_PHYS_s04_T3_test,158,210,165.0,1.782734990119934,0.24756023058603022
UBFC_PHYS_s04_T3_test,158,211,165.03333333333333,2.0536158084869385,0.08238254168321511
UBFC_PHYS_s04_T3_test,158,212,165.06666666666666,2.230149030685425,-0.08092563794606358
UBFC_PHYS_s04_T3_test,158,213,165.1,2.3267767429351807,-0.264247125777415
UBFC_PHYS_s04_T3_test,158,214,165.13333333333333,2.4291632175445557,-0.48198617100251867
UBFC_PHYS_s04_T3_test,158,215,165.16666666666666,2.644012451171875,-0.7374210942900011
UBFC_PHYS_s04_T3_test,158,216,165.2,2.931478500366211,-1.020794056229594
UBFC_PHYS_s04_T3_test,158,217,165.23333333333332,3.1131277084350586,-1.3088092673683573
UBFC_PHYS_s04_T3_test,158,218,165.26666666666668,3.103344202041626,-1.5658613212579773
UBFC_PHYS_s04_T3_test,158,219,165.3,3.0095913410186768,-1.747866113879596
UBFC_PHYS_s04_T3_test,158,220,165.33333333333334,2.9210517406463623,-1.8094607543958583
UBFC_PHYS_s04_T3_test,158,221,165.36666666666667,2.742462158203125,-1.7143427714332469
UBFC_PHYS_s04_T3_test,158,222,165.4,2.2798564434051514,-1.4468871939428918
UBFC_PHYS_s04_T3_test,158,223,165.43333333333334,1.4846668243408203,-1.0216528983917148
UBFC_PHYS_s04_T3_test,158,224,165.46666666666667,0.5248811841011047,-0.48681921440819287
UBFC_PHYS_s04_T3_test,158,225,165.5,-0.47660166025161743,0.08151047781328749
UBFC_PHYS_s04_T3_test,158,226,165.53333333333333,-1.6709206104278564,0.5947000653752849
UBFC_PHYS_s04_T3_test,158,227,165.56666666666666,-3.191401481628418,0.9733531613503181
UBFC_PHYS_s04_T3_test,158,228,165.6,-4.5662102699279785,1.1683005754214064
UBFC_PHYS_s04_T3_test,158,229,165.63333333333333,-4.88629150390625,1.172690747799268
UBFC_PHYS_s04_T3_test,158,230,165.66666666666666,-3.9631259441375732,1.0206258553366354
UBFC_PHYS_s04_T3_test,158,231,165.7,-2.7036349773406982,0.7737201460588001
UBFC_PHYS_s04_T3_test,158,232,165.73333333333332,-1.9292502403259277,0.5017021711225532
UBFC_PHYS_s04_T3_test,158,233,165.76666666666668,-1.629963994026184,0.264493394325784
UBFC_PHYS_s04_T3_test,158,234,165.8,-1.492828130722046,0.10096351907835656
UBFC_PHYS_s04_T3_test,158,235,165.83333333333334,-1.3161486387252808,0.025880986473379584
UBFC_PHYS_s04_T3_test,158,236,165.86666666666667,-1.0189281702041626,0.033694035865629524
UBFC_PHYS_s04_T3_test,158,237,165.9,-0.7947534322738647,0.10614501505441733
UBFC_PHYS_s04_T3_test,158,238,165.93333333333334,-0.8974421620368958,0.22007749733898319
UBFC_PHYS_s04_T3_test,158,239,165.96666666666667,-1.2084413766860962,0.35249857828912834
UBFC_PHYS_s04_T3_test,159,0,159.0,-0.7958350777626038,0.03133971279796068
UBFC_PHYS_s04_T3_test,159,1,159.03333333333333,-0.7619336247444153,-0.0682955919906226
UBFC_PHYS_s04_T3_test,159,2,159.06666666666666,-0.8494109511375427,-0.15225304584039964
UBFC_PHYS_s04_T3_test,159,3,159.1,-0.9784296154975891,-0.20926033328731836
UBFC_PHYS_s04_T3_test,159,4,159.13333333333333,-1.0506956577301025,-0.23778359625532391
UBFC_PHYS_s04_T3_test,159,5,159.16666666666666,-1.02955961227417,-0.24740516742200347
UBFC_PHYS_s04_T3_test,159,6,159.2,-0.86307293176651,-0.2566360373616867
UBFC_PHYS_s04_T3_test,159,7,159.23333333333332,-0.5702181458473206,-0.28750714274184913
UBFC_PHYS_s04_T3_test,159,8,159.26666666666668,-0.31967446208000183,-0.3582638161624099
UBFC_PHYS_s04_T3_test,159,9,159.3,-0.21124617755413055,-0.47617910640645145
UBFC_PHYS_s04_T3_test,159,10,159.33333333333334,-0.13295796513557434,-0.6327922932608241
UBFC_PHYS_s04_T3_test,159,11,159.36666666666667,0.00555192306637764,-0.8033979891841754
UBFC_PHYS_s04_T3_test,159,12,159.4,0.14604972302913666,-0.9512853091977881
UBFC_PHYS_s04_T3_test,159,13,159.43333333333334,0.22588731348514557,-1.0357694151641608
UBFC_PHYS_s04_T3_test,159,14,159.46666666666667,0.26596689224243164,-1.0221587209935052
UBFC_PHYS_s04_T3_test,159,15,159.5,0.2964870035648346,-0.8913422337740118
UBFC_PHYS_s04_T3_test,159,16,159.53333333333333,0.2918875515460968,-0.64642729479969
UBFC_PHYS_s04_T3_test,159,17,159.56666666666666,0.2156359851360321,-0.31415155029929626
UBFC_PHYS_s04_T3_test,159,18,159.6,0.08003972470760345,0.059953056612902046
UBFC_PHYS_s04_T3_test,159,19,159.63333333333333,-0.0753575786948204,0.4215862644920983
UBFC_PHYS_s04_T3_test,159,20,159.66666666666666,-0.24000251293182373,0.7197537085501707
UBFC_PHYS_s04_T3_test,159,21,159.7,-0.42444851994514465,0.9170383443470943
UBFC_PHYS_s04_T3_test,159,22,159.73333333333332,-0.6234139800071716,0.9954825686581067
UBFC_PHYS_s04_T3_test,159,23,159.76666666666668,-0.7890723347663879,0.9574748895546026
UBFC_PHYS_s04_T3_test,159,24,159.8,-0.8296001553535461,0.8223229969462528
UBFC_PHYS_s04_T3_test,159,25,159.83333333333334,-0.6847465634346008,0.6199311566550766
UBFC_PHYS_s04_T3_test,159,26,159.86666666666667,-0.38726305961608887,0.3836785351893522
UBFC_PHYS_s04_T3_test,159,27,159.9,-0.039760515093803406,0.14474176601464375
UBFC_PHYS_s04_T3_test,159,28,159.93333333333334,0.26207879185676575,-0.07080992489270002
UBFC_PHYS_s04_T3_test,159,29,159.96666666666667,0.4729131758213043,-0.242371803223027
UBFC_PHYS_s04_T3_test,159,30,160.0,0.5920410752296448,-0.35412599598691225
UBFC_PHYS_s04_T3_test,159,31,160.03333333333333,0.638571560382843,-0.39513837998307166
UBFC_PHYS_s04_T3_test,159,32,160.06666666666666,0.6387664675712585,-0.36114319331767997
UBFC_PHYS_s04_T3_test,159,33,160.1,0.6062779426574707,-0.2573476739307727
UBFC_PHYS_s04_T3_test,159,34,160.13333333333333,0.5412229299545288,-0.10027928297835315
UBFC_PHYS_s04_T3_test,159,35,160.16666666666666,0.44933122396469116,0.08335823960257636
UBFC_PHYS_s04_T3_test,159,36,160.2,0.356153279542923,0.26143509151384825
UBFC_PHYS_s04_T3_test,159,37,160.23333333333332,0.2848811745643616,0.40353426684236643
UBFC_PHYS_s04_T3_test,159,38,160.26666666666668,0.22973643243312836,0.4882128048594292
UBFC_PHYS_s04_T3_test,159,39,160.3,0.1593218743801117,0.5080167493929781
UBFC_PHYS_s04_T3_test,159,40,160.33333333333334,0.03469805419445038,0.47043087962723956
UBFC_PHYS_s04_T3_test,159,41,160.36666666666667,-0.1259516030550003,0.394108721752175
UBFC_PHYS_s04_T3_test,159,42,160.4,-0.19592764973640442,0.30140319082648365
UBFC_PHYS_s04_T3_test,159,43,160.43333333333334,-0.06102325767278671,0.20987202532165827
UBFC_PHYS_s04_T3_test,159,44,160.46666666666667,0.21779929101467133,0.1262415439924329
UBFC_PHYS_s04_T3_test,159,45,160.5,0.4772982597351074,0.04545913550499847
UBFC_PHYS_s04_T3_test,159,46,160.53333333333333,0.6241105794906616,-0.04496500348542029
UBFC_PHYS_s04_T3_test,159,47,160.56666666666666,0.6480628252029419,-0.15753620615005903
UBFC_PHYS_s04_T3_test,159,48,160.6,0.5577790141105652,-0.29735731142707206
UBFC_PHYS_s04_T3_test,159,49,160.63333333333333,0.43123549222946167,-0.45725253378475106
UBFC_PHYS_s04_T3_test,159,50,160.66666666666666,0.3876478374004364,-0.6168671007212987
UBFC_PHYS_s04_T3_test,159,51,160.7,0.43458762764930725,-0.7459972406407421
UBFC_PHYS_s04_T3_test,159,52,160.73333333333332,0.4326094686985016,-0.8113321115848761
UBFC_PHYS_s04_T3_test,159,53,160.76666666666668,0.26496320962905884,-0.784949617600859
UBFC_PHYS_s04_T3_test,159,54,160.8,-0.010789788328111172,-0.6524188024427259
UBFC_PHYS_s04_T3_test,159,55,160.83333333333334,-0.24925990402698517,-0.4183505204922844
UBFC_PHYS_s04_T3_test,159,56,160.86666666666667,-0.39107322692871094,-0.1077785238362809
UBFC_PHYS_s04_T3_test,159,57,160.9,-0.49180325865745544,0.2372339074559731
UBFC_PHYS_s04_T3_test,159,58,160.93333333333334,-0.6255382895469666,0.5651276037562368
UBFC_PHYS_s04_T3_test,159,59,160.96666666666667,-0.8053653240203857,0.8248199165211495
UBFC_PHYS_s04_T3_test,159,60,161.0,-0.9716765880584717,0.9758329234831732
UBFC_PHYS_s04_T3_test,159,61,161.03333333333333,-1.012243390083313,0.9962169436079592
UBFC_PHYS_s04_T3_test,159,62,161.06666666666666,-0.8555695414543152,0.8863058732311161
UBFC_PHYS_s04_T3_test,159,63,161.1,-0.5335199236869812,0.6673442161268854
UBFC_PHYS_s04_T3_test,159,64,161.13333333333333,-0.16097372770309448,0.37555055818186545
UBFC_PHYS_s04_T3_test,159,65,161.16666666666666,0.1512923240661621,0.05359066633486106
UBFC_PHYS_s04_T3_test,159,66,161.2,0.365332692861557,-0.25795038528355346
UBFC_PHYS_s04_T3_test,159,67,161.23333333333332,0.5086856484413147,-0.5268472666532142
UBFC_PHYS_s04_T3_test,159,68,161.26666666666668,0.6084315180778503,-0.7320695393217536
UBFC_PHYS_s04_T3_test,159,69,161.3,0.6675812602043152,-0.8633128676881586
UBFC_PHYS_s04_T3_test,159,70,161.33333333333334,0.698257327079773,-0.918483793410961
UBFC_PHYS_s04_T3_test,159,71,161.36666666666667,0.694973349571228,-0.9008629492532292
UBFC_PHYS_s04_T3_test,159,72,161.4,0.6130017042160034,-0.8173031390305014
UBFC_PHYS_s04_T3_test,159,73,161.43333333333334,0.4416719675064087,-0.677798464139968
UBFC_PHYS_s04_T3_test,159,74,161.46666666666667,0.23822398483753204,-0.4956465798294529
UBFC_PHYS_s04_T3_test,159,75,161.5,0.04609924927353859,-0.28702956368956917
UBFC_PHYS_s04_T3_test,159,76,161.53333333333333,-0.14728255569934845,-0.06946953380230676
UBFC_PHYS_s04_T3_test,159,77,161.56666666666666,-0.3486744165420532,0.14048460756851075
UBFC_PHYS_s04_T3_test,159,78,161.6,-0.5391035676002502,0.32957590298486017
UBFC_PHYS_s04_T3_test,159,79,161.63333333333333,-0.7031248807907104,0.48921890459307116
UBFC_PHYS_s04_T3_test,159,80,161.66666666666666,-0.8288205862045288,0.614840043037947
UBFC_PHYS_s04_T3_test,159,81,161.7,-0.8833612203598022,0.7028515497438597
UBFC_PHYS_s04_T3_test,159,82,161.73333333333332,-0.7651687860488892,0.7469105503628958
UBFC_PHYS_s04_T3_test,159,83,161.76666666666668,-0.3625897169113159,0.7364570365249642
UBFC_PHYS_s04_T3_test,159,84,161.8,0.28485193848609924,0.6595414885076558
UBFC_PHYS_s04_T3_test,159,85,161.83333333333334,0.9385106563568115,0.5093778337214561
UBFC_PHYS_s04_T3_test,159,86,161.86666666666667,1.299879789352417,0.29174732762814903
UBFC_PHYS_s04_T3_test,159,87,161.9,1.2348929643630981,0.029594956649924613
UBFC_PHYS_s04_T3_test,159,88,161.93333333333334,0.8870688676834106,-0.23782111479047843
UBFC_PHYS_s04_T3_test,159,89,161.96666666666667,0.5104202032089233,-0.4617896651149396
UBFC_PHYS_s04_T3_test,159,90,162.0,0.24971288442611694,-0.5954818970982187
UBFC_PHYS_s04_T3_test,159,91,162.03333333333333,0.10731489211320877,-0.6066789899498798
UBFC_PHYS_s04_T3_test,159,92,162.06666666666666,-0.013040794059634209,-0.4880782919599477
UBFC_PHYS_s04_T3_test,159,93,162.1,-0.1827724277973175,-0.2616939713498412
UBFC_PHYS_s04_T3_test,159,94,162.13333333333333,-0.3883349895477295,0.02465198712000695
UBFC_PHYS_s04_T3_test,159,95,162.16666666666666,-0.6074230670928955,0.30834715003264906
UBFC_PHYS_s04_T3_test,159,96,162.2,-0.8534550070762634,0.5274733379604863
UBFC_PHYS_s04_T3_test,159,97,162.23333333333332,-1.1305429935455322,0.6360065745869898
UBFC_PHYS_s04_T3_test,159,98,162.26666666666668,-1.4312714338302612,0.6141125603722625
UBFC_PHYS_s04_T3_test,159,99,162.3,-1.6967048645019531,0.47085973372030415
UBFC_PHYS_s04_T3_test,159,100,162.33333333333334,-1.7616721391677856,0.239543586657389
UBFC_PHYS_s04_T3_test,159,101,162.36666666666667,-1.4986650943756104,-0.03176689378905107
UBFC_PHYS_s04_T3_test,159,102,162.4,-1.0152934789657593,-0.2909687023017224
UBFC_PHYS_s04_T3_test,159,103,162.43333333333334,-0.5502514243125916,-0.4911992430877933
UBFC_PHYS_s04_T3_test,159,104,162.46666666666667,-0.20730935037136078,-0.5975147870966893
UBFC_PHYS_s04_T3_test,159,105,162.5,0.04697626456618309,-0.5911908696299597
UBFC_PHYS_s04_T3_test,159,106,162.53333333333333,0.19966456294059753,-0.4721617387560723
UBFC_PHYS_s04_T3_test,159,107,162.56666666666666,0.22411379218101501,-0.2595608492154069
UBFC_PHYS_s04_T3_test,159,108,162.6,0.17221400141716003,0.01033162637475519
UBFC_PHYS_s04_T3_test,159,109,162.63333333333333,0.0959819108247757,0.2894969273178449
UBFC_PHYS_s04_T3_test,159,110,162.66666666666666,0.002394669456407428,0.5268884512497924
UBFC_PHYS_s04_T3_test,159,111,162.7,-0.06902357935905457,0.6789689628309183
UBFC_PHYS_s04_T3_test,159,112,162.73333333333332,-0.09368719160556793,0.719287422576704
UBFC_PHYS_s04_T3_test,159,113,162.76666666666668,-0.13847342133522034,0.6439679883389239
UBFC_PHYS_s04_T3_test,159,114,162.8,-0.20902439951896667,0.47108063026903
UBFC_PHYS_s04_T3_test,159,115,162.83333333333334,-0.18343505263328552,0.23403819502337847
UBFC_PHYS_s04_T3_test,159,116,162.86666666666667,-0.03379681333899498,-0.028532638152115868
UBFC_PHYS_s04_T3_test,159,117,162.9,0.10480078309774399,-0.28268616450490586
UBFC_PHYS_s04_T3_test,159,118,162.93333333333334,0.15582355856895447,-0.5054145033596115
UBFC_PHYS_s04_T3_test,159,119,162.96666666666667,0.22611144185066223,-0.6856466727653251
UBFC_PHYS_s04_T3_test,159,120,163.0,0.43739408254623413,-0.820668865982011
UBFC_PHYS_s04_T3_test,159,121,163.03333333333333,0.74680495262146,-0.9103191367581699
UBFC_PHYS_s04_T3_test,159,122,163.06666666666666,1.017734408378601,-0.9516976886797096
UBFC_PHYS_s04_T3_test,159,123,163.1,1.1662812232971191,-0.9365699317255377
UBFC_PHYS_s04_T3_test,159,124,163.13333333333333,1.1276243925094604,-0.8526886597562253
UBFC_PHYS_s04_T3_test,159,125,163.16666666666666,0.8664492964744568,-0.6889436451003544
UBFC_PHYS_s04_T3_test,159,126,163.2,0.4563376009464264,-0.4425977649856389
UBFC_PHYS_s04_T3_test,159,127,163.23333333333332,0.030332468450069427,-0.12553814530737484
UBFC_PHYS_s04_T3_test,159,128,163.26666666666668,-0.3121223747730255,0.2336831594754531
UBFC_PHYS_s04_T3_test,159,129,163.3,-0.5196046233177185,0.5937121109910941
UBFC_PHYS_s04_T3_test,159,130,163.33333333333334,-0.6076666712760925,0.9090646003632004
UBFC_PHYS_s04_T3_test,159,131,163.36666666666667,-0.6531350016593933,1.1401226752625533
UBFC_PHYS_s04_T3_test,159,132,163.4,-0.713161826133728,1.2605349540222406
UBFC_PHYS_s04_T3_test,159,133,163.43333333333334,-0.7780901789665222,1.2597656235956554
UBFC_PHYS_s04_T3_test,159,134,163.46666666666667,-0.8195729851722717,1.1412156572846146
UBFC_PHYS_s04_T3_test,159,135,163.5,-0.8471404910087585,0.9183150627681519
UBFC_PHYS_s04_T3_test,159,136,163.53333333333333,-0.8977735042572021,0.6111412463468603
UBFC_PHYS_s04_T3_test,159,137,163.56666666666666,-0.9382525682449341,0.24493553063562298
UBFC_PHYS_s04_T3_test,159,138,163.6,-0.828898549079895,-0.14956093408048357
UBFC_PHYS_s04_T3_test,159,139,163.63333333333333,-0.47359058260917664,-0.5352524879374754
UBFC_PHYS_s04_T3_test,159,140,163.66666666666666,0.040983326733112335,-0.8693615315522881
UBFC_PHYS_s04_T3_test,159,141,163.7,0.5561419129371643,-1.1075103794124754
UBFC_PHYS_s04_T3_test,159,142,163.73333333333332,0.9999406933784485,-1.2117554140755427
UBFC_PHYS_s04_T3_test,159,143,163.76666666666668,1.3371237516403198,-1.1608698194863698
UBFC_PHYS_s04_T3_test,159,144,163.8,1.4918291568756104,-0.9590013460357426
UBFC_PHYS_s04_T3_test,159,145,163.83333333333334,1.4267157316207886,-0.6383387860658165
UBFC_PHYS_s04_T3_test,159,146,163.86666666666667,1.2055325508117676,-0.2534617585182422
UBFC_PHYS_s04_T3_test,159,147,163.9,0.9387835264205933,0.13142047759042186
UBFC_PHYS_s04_T3_test,159,148,163.93333333333334,0.6945446133613586,0.4580704911808959
UBFC_PHYS_s04_T3_test,159,149,163.96666666666667,0.4909699559211731,0.6873564762934449
UBFC_PHYS_s04_T3_test,159,150,164.0,0.3404839336872101,0.8059880240161225
UBFC_PHYS_s04_T3_test,159,151,164.03333333333333,0.2557058334350586,0.8255409931901168
UBFC_PHYS_s04_T3_test,159,152,164.06666666666666,0.23606067895889282,0.7748471757871088
UBFC_PHYS_s04_T3_test,159,153,164.1,0.27824509143829346,0.6884976408523212
UBFC_PHYS_s04_T3_test,159,154,164.13333333333333,0.32774773240089417,0.5951269357432886
UBFC_PHYS_s04_T3_test,159,155,164.16666666666666,0.2595062255859375,0.509022330924455
UBFC_PHYS_s04_T3_test,159,156,164.2,0.02502165548503399,0.42732139027357585
UBFC_PHYS_s04_T3_test,159,157,164.23333333333332,-0.1999034434556961,0.33312794380402855
UBFC_PHYS_s04_T3_test,159,158,164.26666666666668,-0.1867092400789261,0.20307209220808553
UBFC_PHYS_s04_T3_test,159,159,164.3,0.02572326734662056,0.016806983707872983
UBFC_PHYS_s04_T3_test,159,160,164.33333333333334,0.2272515594959259,-0.2341262641247766
UBFC_PHYS_s04_T3_test,159,161,164.36666666666667,0.3255649209022522,-0.5401231598968116
UBFC_PHYS_s04_T3_test,159,162,164.4,0.3038247227668762,-0.8714871889391235
UBFC_PHYS_s04_T3_test,159,163,164.43333333333334,0.13296270370483398,-1.181394464053066
UBFC_PHYS_s04_T3_test,159,164,164.46666666666667,-0.10350001603364944,-1.4138788864757998
UBFC_PHYS_s04_T3_test,159,165,164.5,-0.23410703241825104,-1.5156432554775245
UBFC_PHYS_s04_T3_test,159,166,164.53333333333333,-0.2099793702363968,-1.4490452858471583
UBFC_PHYS_s04_T3_test,159,167,164.56666666666666,-0.12469454109668732,-1.2026513878943814
UBFC_PHYS_s04_T3_test,159,168,164.6,-0.09214754402637482,-0.7960622443369821
UBFC_PHYS_s04_T3_test,159,169,164.63333333333333,-0.23081335425376892,-0.27747262207328627
UBFC_PHYS_s04_T3_test,159,170,164.66666666666666,-0.5432060956954956,0.2850927793601253
UBFC_PHYS_s04_T3_test,159,171,164.7,-0.8203330636024475,0.8163626806292162
UBFC_PHYS_s04_T3_test,159,172,164.73333333333332,-0.8649438619613647,1.2477996501748865
UBFC_PHYS_s04_T3_test,159,173,164.76666666666668,-0.7718926072120667,1.530667684609207
UBFC_PHYS_s04_T3_test,159,174,164.8,-0.7759560942649841,1.6449173486272448
UBFC_PHYS_s04_T3_test,159,175,164.83333333333334,-0.8154217600822449,1.6005704010917057
UBFC_PHYS_s04_T3_test,159,176,164.86666666666667,-0.5786959528923035,1.4309206555505727
UBFC_PHYS_s04_T3_test,159,177,164.9,0.03808917850255966,1.1804518231040508
UBFC_PHYS_s04_T3_test,159,178,164.93333333333334,0.783629834651947,0.8922097863924451
UBFC_PHYS_s04_T3_test,159,179,164.96666666666667,1.3821730613708496,0.598750027996903
UBFC_PHYS_s04_T3_test,159,180,165.0,1.782734990119934,0.31856565564975653
UBFC_PHYS_s04_T3_test,159,181,165.03333333333333,2.0536158084869385,0.057522661259105545
UBFC_PHYS_s04_T3_test,159,182,165.06666666666666,2.230149030685425,-0.18657414020785504
UBFC_PHYS_s04_T3_test,159,183,165.1,2.3267767429351807,-0.41843680732378635
UBFC_PHYS_s04_T3_test,159,184,165.13333333333333,2.4291632175445557,-0.640475889540804
UBFC_PHYS_s04_T3_test,159,185,165.16666666666666,2.644012451171875,-0.8495972792311237
UBFC_PHYS_s04_T3_test,159,186,165.2,2.931478500366211,-1.0357057906560196
UBFC_PHYS_s04_T3_test,159,187,165.23333333333332,3.1131277084350586,-1.1817436125688543
UBFC_PHYS_s04_T3_test,159,188,165.26666666666668,3.103344202041626,-1.2654473476479933
UBFC_PHYS_s04_T3_test,159,189,165.3,3.0095913410186768,-1.263243118109383
UBFC_PHYS_s04_T3_test,159,190,165.33333333333334,2.9210517406463623,-1.1561608862014723
UBFC_PHYS_s04_T3_test,159,191,165.36666666666667,2.742462158203125,-0.9366427433243392
UBFC_PHYS_s04_T3_test,159,192,165.4,2.2798564434051514,-0.6143457791177005
UBFC_PHYS_s04_T3_test,159,193,165.43333333333334,1.4846668243408203,-0.21886412993708304
UBFC_PHYS_s04_T3_test,159,194,165.46666666666667,0.5248811841011047,0.2022036491621604
UBFC_PHYS_s04_T3_test,159,195,165.5,-0.47660166025161743,0.5903154498848282
UBFC_PHYS_s04_T3_test,159,196,165.53333333333333,-1.6709206104278564,0.8871315676172827
UBFC_PHYS_s04_T3_test,159,197,165.56666666666666,-3.191401481628418,1.047014639952663
UBFC_PHYS_s04_T3_test,159,198,165.6,-4.5662102699279785,1.0469916616431763
UBFC_PHYS_s04_T3_test,159,199,165.63333333333333,-4.88629150390625,0.890965248827732
UBFC_PHYS_s04_T3_test,159,200,165.66666666666666,-3.9631259441375732,0.6076984411907221
UBFC_PHYS_s04_T3_test,159,201,165.7,-2.7036349773406982,0.24467764087205707
UBFC_PHYS_s04_T3_test,159,202,165.73333333333332,-1.9292502403259277,-0.13967723744109603
UBFC_PHYS_s04_T3_test,159,203,165.76666666666668,-1.629963994026184,-0.48422196268615564
UBFC_PHYS_s04_T3_test,159,204,165.8,-1.492828130722046,-0.7335851159373566
UBFC_PHYS_s04_T3_test,159,205,165.83333333333334,-1.3161486387252808,-0.8469106331251031
UBFC_PHYS_s04_T3_test,159,206,165.86666666666667,-1.0189281702041626,-0.8059531793645136
UBFC_PHYS_s04_T3_test,159,207,165.9,-0.7947534322738647,-0.6205672354194864
UBFC_PHYS_s04_T3_test,159,208,165.93333333333334,-0.8974421620368958,-0.3292029508174504
UBFC_PHYS_s04_T3_test,159,209,165.96666666666667,-1.2084413766860962,0.0073498664308138464
UBFC_PHYS_s04_T3_test,159,210,166.0,-1.3859200477600098,0.3190215320400887
UBFC_PHYS_s04_T3_test,159,211,166.03333333333333,-1.368613600730896,0.5438338242923627
UBFC_PHYS_s04_T3_test,159,212,166.06666666666666,-1.451637625694275,0.6445656161354109
UBFC_PHYS_s04_T3_test,159,213,166.1,-1.7904285192489624,0.6187715520233558
UBFC_PHYS_s04_T3_test,159,214,166.13333333333333,-2.066493272781372,0.49801538144797164
UBFC_PHYS_s04_T3_test,159,215,166.16666666666666,-1.7556792497634888,0.33624770870061943
UBFC_PHYS_s04_T3_test,159,216,166.2,-0.7752252817153931,0.19175332815310087
UBFC_PHYS_s04_T3_test,159,217,166.23333333333332,0.35782933235168457,0.10948845632924141
UBFC_PHYS_s04_T3_test,159,218,166.26666666666668,1.0839781761169434,0.10958111302033842
UBFC_PHYS_s04_T3_test,159,219,166.3,1.303621768951416,0.18460711820646286
UBFC_PHYS_s04_T3_test,159,220,166.33333333333334,1.22675621509552,0.30509796147548784
UBFC_PHYS_s04_T3_test,159,221,166.36666666666667,1.0520938634872437,0.43044111587094114
UBFC_PHYS_s04_T3_test,159,222,166.4,0.9218279123306274,0.5211077275589906
UBFC_PHYS_s04_T3_test,159,223,166.43333333333334,0.8709025979042053,0.548418908501216
UBFC_PHYS_s04_T3_test,159,224,166.46666666666667,0.7798489332199097,0.4997567226873572
UBFC_PHYS_s04_T3_test,159,225,166.5,0.5822477340698242,0.37900177977599653
UBFC_PHYS_s04_T3_test,159,226,166.53333333333333,0.4453359544277191,0.20301758621622154
UBFC_PHYS_s04_T3_test,159,227,166.56666666666666,0.4644061326980591,-0.0043702096610936225
UBFC_PHYS_s04_T3_test,159,228,166.6,0.4225432872772217,-0.21872966632117039
UBFC_PHYS_s04_T3_test,159,229,166.63333333333333,0.08592547476291656,-0.4195115859257937
UBFC_PHYS_s04_T3_test,159,230,166.66666666666666,-0.4968704581260681,-0.5917365884517386
UBFC_PHYS_s04_T3_test,159,231,166.7,-1.1093387603759766,-0.7254920548468327
UBFC_PHYS_s04_T3_test,159,232,166.73333333333332,-1.6115564107894897,-0.8144765618248886
UBFC_PHYS_s04_T3_test,159,233,166.76666666666668,-1.969232439994812,-0.8546564326791788
UBFC_PHYS_s04_T3_test,159,234,166.8,-2.1221446990966797,-0.8437254778653674
UBFC_PHYS_s04_T3_test,159,235,166.83333333333334,-1.965626835823059,-0.7815458866731145
UBFC_PHYS_s04_T3_test,159,236,166.86666666666667,-1.5054279565811157,-0.6710951989350351
UBFC_PHYS_s04_T3_test,159,237,166.9,-0.9188510775566101,-0.5191154460930428
UBFC_PHYS_s04_T3_test,159,238,166.93333333333334,-0.3905470073223114,-0.33598719311534864
UBFC_PHYS_s04_T3_test,159,239,166.96666666666667,0.017420858144760132,-0.13496939396099392
UBFC_PHYS_s04_T3_test,160,0,160.0,0.5920410752296448,0.02127290730782994
UBFC_PHYS_s04_T3_test,160,1,160.03333333333333,0.638571560382843,-0.01306056437785797
UBFC_PHYS_s04_T3_test,160,2,160.06666666666666,0.6387664675712585,-0.038235618342167425
UBFC_PHYS_s04_T3_test,160,3,160.1,0.6062779426574707,-0.04679897741727269
UBFC_PHYS_s04_T3_test,160,4,160.13333333333333,0.5412229299545288,-0.034890552626166554
UBFC_PHYS_s04_T3_test,160,5,160.16666666666666,0.44933122396469116,-0.0033347423580776946
UBFC_PHYS_s04_T3_test,160,6,160.2,0.356153279542923,0.04232155466605405
UBFC_PHYS_s04_T3_test,160,7,160.23333333333332,0.2848811745643616,0.09299198589520896
UBFC_PHYS_s04_T3_test,160,8,160.26666666666668,0.22973643243312836,0.13819871976445694
UBFC_PHYS_s04_T3_test,160,9,160.3,0.1593218743801117,0.16857562322071562
UBFC_PHYS_s04_T3_test,160,10,160.33333333333334,0.03469805419445038,0.17798372167900756
UBFC_PHYS_s04_T3_test,160,11,160.36666666666667,-0.1259516030550003,0.16464710246758824
UBFC_PHYS_s04_T3_test,160,12,160.4,-0.19592764973640442,0.13108905690277986
UBFC_PHYS_s04_T3_test,160,13,160.43333333333334,-0.06102325767278671,0.08304219394209014
UBFC_PHYS_s04_T3_test,160,14,160.46666666666667,0.21779929101467133,0.027750640227925904
UBFC_PHYS_s04_T3_test,160,15,160.5,0.4772982597351074,-0.027824878047571576
UBFC_PHYS_s04_T3_test,160,16,160.53333333333333,0.6241105794906616,-0.07839990767260079
UBFC_PHYS_s04_T3_test,160,17,160.56666666666666,0.6480628252029419,-0.12100574417634477
UBFC_PHYS_s04_T3_test,160,18,160.6,0.5577790141105652,-0.15480865656632278
UBFC_PHYS_s04_T3_test,160,19,160.63333333333333,0.43123549222946167,-0.18032169888966446
UBFC_PHYS_s04_T3_test,160,20,160.66666666666666,0.3876478374004364,-0.19836237131727702
UBFC_PHYS_s04_T3_test,160,21,160.7,0.43458762764930725,-0.20912838381526402
UBFC_PHYS_s04_T3_test,160,22,160.73333333333332,0.4326094686985016,-0.21171726219428416
UBFC_PHYS_s04_T3_test,160,23,160.76666666666668,0.26496320962905884,-0.20427729391903052
UBFC_PHYS_s04_T3_test,160,24,160.8,-0.010789788328111172,-0.18473478941664762
UBFC_PHYS_s04_T3_test,160,25,160.83333333333334,-0.24925990402698517,-0.15179659263937656
UBFC_PHYS_s04_T3_test,160,26,160.86666666666667,-0.39107322692871094,-0.10581172554218433
UBFC_PHYS_s04_T3_test,160,27,160.9,-0.49180325865745544,-0.049162921991667705
UBFC_PHYS_s04_T3_test,160,28,160.93333333333334,-0.6255382895469666,0.013901392984269758
UBFC_PHYS_s04_T3_test,160,29,160.96666666666667,-0.8053653240203857,0.07787585497716602
UBFC_PHYS_s04_T3_test,160,30,161.0,-0.9716765880584717,0.1368692874355442
UBFC_PHYS_s04_T3_test,160,31,161.03333333333333,-1.012243390083313,0.18552916478844103
UBFC_PHYS_s04_T3_test,160,32,161.06666666666666,-0.8555695414543152,0.21973548119653202
UBFC_PHYS_s04_T3_test,160,33,161.1,-0.5335199236869812,0.23688997069765114
UBFC_PHYS_s04_T3_test,160,34,161.13333333333333,-0.16097372770309448,0.2359987774702346
UBFC_PHYS_s04_T3_test,160,35,161.16666666666666,0.1512923240661621,0.21791340974414322
UBFC_PHYS_s04_T3_test,160,36,161.2,0.365332692861557,0.18571381827608424
UBFC_PHYS_s04_T3_test,160,37,161.23333333333332,0.5086856484413147,0.1446978150925271
UBFC_PHYS_s04_T3_test,160,38,161.26666666666668,0.6084315180778503,0.10139027397191536
UBFC_PHYS_s04_T3_test,160,39,161.3,0.6675812602043152,0.06156551478844438
UBFC_PHYS_s04_T3_test,160,40,161.33333333333334,0.698257327079773,0.02813060611380814
UBFC_PHYS_s04_T3_test,160,41,161.36666666666667,0.694973349571228,0.00010610248522259112
UBFC_PHYS_s04_T3_test,160,42,161.4,0.6130017042160034,-0.02658654595726649
UBFC_PHYS_s04_T3_test,160,43,161.43333333333334,0.4416719675064087,-0.05685450913959882
UBFC_PHYS_s04_T3_test,160,44,161.46666666666667,0.23822398483753204,-0.09379930675022724
UBFC_PHYS_s04_T3_test,160,45,161.5,0.04609924927353859,-0.13697128186619018
UBFC_PHYS_s04_T3_test,160,46,161.53333333333333,-0.14728255569934845,-0.1822238080702584
UBFC_PHYS_s04_T3_test,160,47,161.56666666666666,-0.3486744165420532,-0.22301278987515977
UBFC_PHYS_s04_T3_test,160,48,161.6,-0.5391035676002502,-0.2522988949321251
UBFC_PHYS_s04_T3_test,160,49,161.63333333333333,-0.7031248807907104,-0.2640949077872987
UBFC_PHYS_s04_T3_test,160,50,161.66666666666666,-0.8288205862045288,-0.2541900381322826
UBFC_PHYS_s04_T3_test,160,51,161.7,-0.8833612203598022,-0.2202153606965752
UBFC_PHYS_s04_T3_test,160,52,161.73333333333332,-0.7651687860488892,-0.161522190512428
UBFC_PHYS_s04_T3_test,160,53,161.76666666666668,-0.3625897169113159,-0.0793274682738705
UBFC_PHYS_s04_T3_test,160,54,161.8,0.28485193848609924,0.02261752070342316
UBFC_PHYS_s04_T3_test,160,55,161.83333333333334,0.9385106563568115,0.1370283079922279
UBFC_PHYS_s04_T3_test,160,56,161.86666666666667,1.299879789352417,0.2525553806788566
UBFC_PHYS_s04_T3_test,160,57,161.9,1.2348929643630981,0.35468446650176405
UBFC_PHYS_s04_T3_test,160,58,161.93333333333334,0.8870688676834106,0.4283698302394063
UBFC_PHYS_s04_T3_test,160,59,161.96666666666667,0.5104202032089233,0.46163388298651553
UBFC_PHYS_s04_T3_test,160,60,162.0,0.24971288442611694,0.44865042108690134
UBFC_PHYS_s04_T3_test,160,61,162.03333333333333,0.10731489211320877,0.3909147687208092
UBFC_PHYS_s04_T3_test,160,62,162.06666666666666,-0.013040794059634209,0.2959910013834227
UBFC_PHYS_s04_T3_test,160,63,162.1,-0.1827724277973175,0.17456440712503402
UBFC_PHYS_s04_T3_test,160,64,162.13333333333333,-0.3883349895477295,0.03742373323468753
UBFC_PHYS_s04_T3_test,160,65,162.16666666666666,-0.6074230670928955,-0.10608682249713695
UBFC_PHYS_s04_T3_test,160,66,162.2,-0.8534550070762634,-0.24771250315719193
UBFC_PHYS_s04_T3_test,160,67,162.23333333333332,-1.1305429935455322,-0.3788311420087311
UBFC_PHYS_s04_T3_test,160,68,162.26666666666668,-1.4312714338302612,-0.4891755806076962
UBFC_PHYS_s04_T3_test,160,69,162.3,-1.6967048645019531,-0.5667924926749194
UBFC_PHYS_s04_T3_test,160,70,162.33333333333334,-1.7616721391677856,-0.5997536466833442
UBFC_PHYS_s04_T3_test,160,71,162.36666666666667,-1.4986650943756104,-0.5792986607400252
UBFC_PHYS_s04_T3_test,160,72,162.4,-1.0152934789657593,-0.5031165488886019
UBFC_PHYS_s04_T3_test,160,73,162.43333333333334,-0.5502514243125916,-0.37713070570425294
UBFC_PHYS_s04_T3_test,160,74,162.46666666666667,-0.20730935037136078,-0.2148810279529393
UBFC_PHYS_s04_T3_test,160,75,162.5,0.04697626456618309,-0.03469416732075558
UBFC_PHYS_s04_T3_test,160,76,162.53333333333333,0.19966456294059753,0.1444793807713861
UBFC_PHYS_s04_T3_test,160,77,162.56666666666666,0.22411379218101501,0.30718774169317803
UBFC_PHYS_s04_T3_test,160,78,162.6,0.17221400141716003,0.44374101916502207
UBFC_PHYS_s04_T3_test,160,79,162.63333333333333,0.0959819108247757,0.5493376093321652
UBFC_PHYS_s04_T3_test,160,80,162.66666666666666,0.002394669456407428,0.6207029288158926
UBFC_PHYS_s04_T3_test,160,81,162.7,-0.06902357935905457,0.6526294032349901
UBFC_PHYS_s04_T3_test,160,82,162.73333333333332,-0.09368719160556793,0.6367612162819958
UBFC_PHYS_s04_T3_test,160,83,162.76666666666668,-0.13847342133522034,0.5635057979356384
UBFC_PHYS_s04_T3_test,160,84,162.8,-0.20902439951896667,0.4263374609471003
UBFC_PHYS_s04_T3_test,160,85,162.83333333333334,-0.18343505263328552,0.22675109277160208
UBFC_PHYS_s04_T3_test,160,86,162.86666666666667,-0.03379681333899498,-0.022053991513104304
UBFC_PHYS_s04_T3_test,160,87,162.9,0.10480078309774399,-0.2941758357131408
UBFC_PHYS_s04_T3_test,160,88,162.93333333333334,0.15582355856895447,-0.5533053690082868
UBFC_PHYS_s04_T3_test,160,89,162.96666666666667,0.22611144185066223,-0.7582405953969404
UBFC_PHYS_s04_T3_test,160,90,163.0,0.43739408254623413,-0.8710529041810127
UBFC_PHYS_s04_T3_test,160,91,163.03333333333333,0.74680495262146,-0.8665155194431305
UBFC_PHYS_s04_T3_test,160,92,163.06666666666666,1.017734408378601,-0.7401369921070107
UBFC_PHYS_s04_T3_test,160,93,163.1,1.1662812232971191,-0.5115465878728015
UBFC_PHYS_s04_T3_test,160,94,163.13333333333333,1.1276243925094604,-0.2211221219922886
UBFC_PHYS_s04_T3_test,160,95,163.16666666666666,0.8664492964744568,0.07967414602349161
UBFC_PHYS_s04_T3_test,160,96,163.2,0.4563376009464264,0.34109966071996023
UBFC_PHYS_s04_T3_test,160,97,163.23333333333332,0.030332468450069427,0.5267136867986437
UBFC_PHYS_s04_T3_test,160,98,163.26666666666668,-0.3121223747730255,0.620332549675884
UBFC_PHYS_s04_T3_test,160,99,163.3,-0.5196046233177185,0.6270166775306414
UBFC_PHYS_s04_T3_test,160,100,163.33333333333334,-0.6076666712760925,0.568527693876776
UBFC_PHYS_s04_T3_test,160,101,163.36666666666667,-0.6531350016593933,0.4749362183238601
UBFC_PHYS_s04_T3_test,160,102,163.4,-0.713161826133728,0.37495841485705894
UBFC_PHYS_s04_T3_test,160,103,163.43333333333334,-0.7780901789665222,0.28791817798287356
UBFC_PHYS_s04_T3_test,160,104,163.46666666666667,-0.8195729851722717,0.21967331253648678
UBFC_PHYS_s04_T3_test,160,105,163.5,-0.8471404910087585,0.16351149630455877
UBFC_PHYS_s04_T3_test,160,106,163.53333333333333,-0.8977735042572021,0.10533980523640372
UBFC_PHYS_s04_T3_test,160,107,163.56666666666666,-0.9382525682449341,0.031046568980387847
UBFC_PHYS_s04_T3_test,160,108,163.6,-0.828898549079895,-0.0667446602784042
UBFC_PHYS_s04_T3_test,160,109,163.63333333333333,-0.47359058260917664,-0.1848772292771054
UBFC_PHYS_s04_T3_test,160,110,163.66666666666666,0.040983326733112335,-0.30981602751778603
UBFC_PHYS_s04_T3_test,160,111,163.7,0.5561419129371643,-0.4212326519962618
UBFC_PHYS_s04_T3_test,160,112,163.73333333333332,0.9999406933784485,-0.49754692371282955
UBFC_PHYS_s04_T3_test,160,113,163.76666666666668,1.3371237516403198,-0.5217085342729482
UBFC_PHYS_s04_T3_test,160,114,163.8,1.4918291568756104,-0.4857488384426331
UBFC_PHYS_s04_T3_test,160,115,163.83333333333334,1.4267157316207886,-0.3931168394314436
UBFC_PHYS_s04_T3_test,160,116,163.86666666666667,1.2055325508117676,-0.2583500556070846
UBFC_PHYS_s04_T3_test,160,117,163.9,0.9387835264205933,-0.1041274781295649
UBFC_PHYS_s04_T3_test,160,118,163.93333333333334,0.6945446133613586,0.0437655675333704
UBFC_PHYS_s04_T3_test,160,119,163.96666666666667,0.4909699559211731,0.16245200741345264
UBFC_PHYS_s04_T3_test,160,120,164.0,0.3404839336872101,0.2372849588121711
UBFC_PHYS_s04_T3_test,160,121,164.03333333333333,0.2557058334350586,0.2647852963442807
UBFC_PHYS_s04_T3_test,160,122,164.06666666666666,0.23606067895889282,0.25233243852279835
UBFC_PHYS_s04_T3_test,160,123,164.1,0.27824509143829346,0.21491960060641485
UBFC_PHYS_s04_T3_test,160,124,164.13333333333333,0.32774773240089417,0.17012901117954027
UBFC_PHYS_s04_T3_test,160,125,164.16666666666666,0.2595062255859375,0.13284493979838827
UBFC_PHYS_s04_T3_test,160,126,164.2,0.02502165548503399,0.11119084665951169
UBFC_PHYS_s04_T3_test,160,127,164.23333333333332,-0.1999034434556961,0.10472728450893004
UBFC_PHYS_s04_T3_test,160,128,164.26666666666668,-0.1867092400789261,0.10516324405049363
UBFC_PHYS_s04_T3_test,160,129,164.3,0.02572326734662056,0.09912143052744611
UBFC_PHYS_s04_T3_test,160,130,164.33333333333334,0.2272515594959259,0.07218136636958153
UBFC_PHYS_s04_T3_test,160,131,164.36666666666667,0.3255649209022522,0.013378489261734369
UBFC_PHYS_s04_T3_test,160,132,164.4,0.3038247227668762,-0.08069960925576755
UBFC_PHYS_s04_T3_test,160,133,164.43333333333334,0.13296270370483398,-0.20315455602903618
UBFC_PHYS_s04_T3_test,160,134,164.46666666666667,-0.10350001603364944,-0.3362711767959489
UBFC_PHYS_s04_T3_test,160,135,164.5,-0.23410703241825104,-0.4538770715495325
UBFC_PHYS_s04_T3_test,160,136,164.53333333333333,-0.2099793702363968,-0.5265169108997274
UBFC_PHYS_s04_T3_test,160,137,164.56666666666666,-0.12469454109668732,-0.5285282836814408
UBFC_PHYS_s04_T3_test,160,138,164.6,-0.09214754402637482,-0.4453431756362008
UBFC_PHYS_s04_T3_test,160,139,164.63333333333333,-0.23081335425376892,-0.2789480415394017
UBFC_PHYS_s04_T3_test,160,140,164.66666666666666,-0.5432060956954956,-0.04960946066623575
UBFC_PHYS_s04_T3_test,160,141,164.7,-0.8203330636024475,0.20723201335298838
UBFC_PHYS_s04_T3_test,160,142,164.73333333333332,-0.8649438619613647,0.44865263064675515
UBFC_PHYS_s04_T3_test,160,143,164.76666666666668,-0.7718926072120667,0.6345789869852665
UBFC_PHYS_s04_T3_test,160,144,164.8,-0.7759560942649841,0.737402064133393
UBFC_PHYS_s04_T3_test,160,145,164.83333333333334,-0.8154217600822449,0.7475211979271995
UBFC_PHYS_s04_T3_test,160,146,164.86666666666667,-0.5786959528923035,0.6733494937578238
UBFC_PHYS_s04_T3_test,160,147,164.9,0.03808917850255966,0.5367472699495536
UBFC_PHYS_s04_T3_test,160,148,164.93333333333334,0.783629834651947,0.36622794822282184
UBFC_PHYS_s04_T3_test,160,149,164.96666666666667,1.3821730613708496,0.1902517461830848
UBFC_PHYS_s04_T3_test,160,150,165.0,1.782734990119934,0.03203803184681434
UBFC_PHYS_s04_T3_test,160,151,165.03333333333333,2.0536158084869385,-0.09364118666624172
UBFC_PHYS_s04_T3_test,160,152,165.06666666666666,2.230149030685425,-0.1817406988138731
UBFC_PHYS_s04_T3_test,160,153,165.1,2.3267767429351807,-0.23642742423291277
UBFC_PHYS_s04_T3_test,160,154,165.13333333333333,2.4291632175445557,-0.26886757362850866
UBFC_PHYS_s04_T3_test,160,155,165.16666666666666,2.644012451171875,-0.29352641928565815
UBFC_PHYS_s04_T3_test,160,156,165.2,2.931478500366211,-0.3235412021751956
UBFC_PHYS_s04_T3_test,160,157,165.23333333333332,3.1131277084350586,-0.3661623927205577
UBFC_PHYS_s04_T3_test,160,158,165.26666666666668,3.103344202041626,-0.41950379807454724
UBFC_PHYS_s04_T3_test,160,159,165.3,3.0095913410186768,-0.471668473724463
UBFC_PHYS_s04_T3_test,160,160,165.33333333333334,2.9210517406463623,-0.5027432822741694
UBFC_PHYS_s04_T3_test,160,161,165.36666666666667,2.742462158203125,-0.489567214754953
UBFC_PHYS_s04_T3_test,160,162,165.4,2.2798564434051514,-0.4127445389074567
UBFC_PHYS_s04_T3_test,160,163,165.43333333333334,1.4846668243408203,-0.2645726039649535
UBFC_PHYS_s04_T3_test,160,164,165.46666666666667,0.5248811841011047,-0.05527337603703281
UBFC_PHYS_s04_T3_test,160,165,165.5,-0.47660166025161743,0.18563209653177196
UBFC_PHYS_s04_T3_test,160,166,165.53333333333333,-1.6709206104278564,0.4146509418396881
UBFC_PHYS_s04_T3_test,160,167,165.56666666666666,-3.191401481628418,0.5853965202131713
UBFC_PHYS_s04_T3_test,160,168,165.6,-4.5662102699279785,0.6616638699875861
UBFC_PHYS_s04_T3_test,160,169,165.63333333333333,-4.88629150390625,0.6276470948922122
UBFC_PHYS_s04_T3_test,160,170,165.66666666666666,-3.9631259441375732,0.49180674389234835
UBFC_PHYS_s04_T3_test,160,171,165.7,-2.7036349773406982,0.28367541568778887
UBFC_PHYS_s04_T3_test,160,172,165.73333333333332,-1.9292502403259277,0.04541000607697057
UBFC_PHYS_s04_T3_test,160,173,165.76666666666668,-1.629963994026184,-0.17878986237782776
UBFC_PHYS_s04_T3_test,160,174,165.8,-1.492828130722046,-0.3523220551385538
UBFC_PHYS_s04_T3_test,160,175,165.83333333333334,-1.3161486387252808,-0.4527666511123044
UBFC_PHYS_s04_T3_test,160,176,165.86666666666667,-1.0189281702041626,-0.4745243825653139
UBFC_PHYS_s04_T3_test,160,177,165.9,-0.7947534322738647,-0.42760725394439053
UBFC_PHYS_s04_T3_test,160,178,165.93333333333334,-0.8974421620368958,-0.3332925449986877
UBFC_PHYS_s04_T3_test,160,179,165.96666666666667,-1.2084413766860962,-0.21782567351984966
UBFC_PHYS_s04_T3_test,160,180,166.0,-1.3859200477600098,-0.10581195372963462
UBFC_PHYS_s04_T3_test,160,181,166.03333333333333,-1.368613600730896,-0.01495240941038218
UBFC_PHYS_s04_T3_test,160,182,166.06666666666666,-1.451637625694275,0.0469014357607286
UBFC_PHYS_s04_T3_test,160,183,166.1,-1.7904285192489624,0.0821971099227324
UBFC_PHYS_s04_T3_test,160,184,166.13333333333333,-2.066493272781372,0.10180479759612845
UBFC_PHYS_s04_T3_test,160,185,166.16666666666666,-1.7556792497634888,0.12113568857272262
UBFC_PHYS_s04_T3_test,160,186,166.2,-0.7752252817153931,0.1549742718550243
UBFC_PHYS_s04_T3_test,160,187,166.23333333333332,0.35782933235168457,0.21230114951190074
UBFC_PHYS_s04_T3_test,160,188,166.26666666666668,1.0839781761169434,0.2927040243062311
UBFC_PHYS_s04_T3_test,160,189,166.3,1.303621768951416,0.38573297209897156
UBFC_PHYS_s04_T3_test,160,190,166.33333333333334,1.22675621509552,0.47364737372175875
UBFC_PHYS_s04_T3_test,160,191,166.36666666666667,1.0520938634872437,0.536644746628538
UBFC_PHYS_s04_T3_test,160,192,166.4,0.9218279123306274,0.5584740615542693
UBFC_PHYS_s04_T3_test,160,193,166.43333333333334,0.8709025979042053,0.5302474593515654
UBFC_PHYS_s04_T3_test,160,194,166.46666666666667,0.7798489332199097,0.45152295373180623
UBFC_PHYS_s04_T3_test,160,195,166.5,0.5822477340698242,0.3291487963769775
UBFC_PHYS_s04_T3_test,160,196,166.53333333333333,0.4453359544277191,0.17481368115167584
UBFC_PHYS_s04_T3_test,160,197,166.56666666666666,0.4644061326980591,0.0021206008097059345
UBFC_PHYS_s04_T3_test,160,198,166.6,0.4225432872772217,-0.17598560069701558
UBFC_PHYS_s04_T3_test,160,199,166.63333333333333,0.08592547476291656,-0.34869201443117337
UBFC_PHYS_s04_T3_test,160,200,166.66666666666666,-0.4968704581260681,-0.5074991739137253
UBFC_PHYS_s04_T3_test,160,201,166.7,-1.1093387603759766,-0.6455302788527915
UBFC_PHYS_s04_T3_test,160,202,166.73333333333332,-1.6115564107894897,-0.7565663844386107
UBFC_PHYS_s04_T3_test,160,203,166.76666666666668,-1.969232439994812,-0.8342787424967123
UBFC_PHYS_s04_T3_test,160,204,166.8,-2.1221446990966797,-0.872002063280594
UBFC_PHYS_s04_T3_test,160,205,166.83333333333334,-1.965626835823059,-0.8632330896892288
UBFC_PHYS_s04_T3_test,160,206,166.86666666666667,-1.5054279565811157,-0.8027557821937094
UBFC_PHYS_s04_T3_test,160,207,166.9,-0.9188510775566101,-0.6880488494413822
UBFC_PHYS_s04_T3_test,160,208,166.93333333333334,-0.3905470073223114,-0.5206059228463604
UBFC_PHYS_s04_T3_test,160,209,166.96666666666667,0.017420858144760132,-0.3069498274696928
UBFC_PHYS_s04_T3_test,160,210,167.0,0.31066542863845825,-0.05925349648539808
UBFC_PHYS_s04_T3_test,160,211,167.03333333333333,0.5016598105430603,0.2046246507439562
UBFC_PHYS_s04_T3_test,160,212,167.06666666666666,0.6537731885910034,0.4621568160860653
UBFC_PHYS_s04_T3_test,160,213,167.1,0.838043749332428,0.6885973370329246
UBFC_PHYS_s04_T3_test,160,214,167.13333333333333,1.0422420501708984,0.8605733967404684
UBFC_PHYS_s04_T3_test,160,215,167.16666666666666,1.2030768394470215,0.9599099896063376
UBFC_PHYS_s04_T3_test,160,216,167.2,1.3206065893173218,0.9768421558685371
UBFC_PHYS_s04_T3_test,160,217,167.23333333333332,1.415480136871338,0.912056976514432
UBFC_PHYS_s04_T3_test,160,218,167.26666666666668,1.4114068746566772,0.7770163899505972
UBFC_PHYS_s04_T3_test,160,219,167.3,1.2322912216186523,0.5921153382865452
UBFC_PHYS_s04_T3_test,160,220,167.33333333333334,0.9517146348953247,0.38286381382364704
UBFC_PHYS_s04_T3_test,160,221,167.36666666666667,0.6834747195243835,0.17506905214774224
UBFC_PHYS_s04_T3_test,160,222,167.4,0.4314303696155548,-0.00965928237298176
UBFC_PHYS_s04_T3_test,160,223,167.43333333333334,0.11697179824113846,-0.15696886299373305
UBFC_PHYS_s04_T3_test,160,224,167.46666666666667,-0.2640911936759949,-0.2608303471808274
UBFC_PHYS_s04_T3_test,160,225,167.5,-0.5334614515304565,-0.32265643306203134
UBFC_PHYS_s04_T3_test,160,226,167.53333333333333,-0.473444402217865,-0.3489701362977099
UBFC_PHYS_s04_T3_test,160,227,167.56666666666666,-0.1749572455883026,-0.3483732775142401
UBFC_PHYS_s04_T3_test,160,228,167.6,0.10219897329807281,-0.3286801003039804
UBFC_PHYS_s04_T3_test,160,229,167.63333333333333,0.2758771777153015,-0.29507775949025766
UBFC_PHYS_s04_T3_test,160,230,167.66666666666666,0.40621131658554077,-0.2499717237142913
UBFC_PHYS_s04_T3_test,160,231,167.7,0.45025697350502014,-0.19457264422584927
UBFC_PHYS_s04_T3_test,160,232,167.73333333333332,0.3224758803844452,-0.13136093859380127
UBFC_PHYS_s04_T3_test,160,233,167.76666666666668,0.09274669736623764,-0.06596954196307762
UBFC_PHYS_s04_T3_test,160,234,167.8,-0.07033910602331161,-0.007296629063317355
UBFC_PHYS_s04_T3_test,160,235,167.83333333333334,-0.13271436095237732,0.0344083294067054
UBFC_PHYS_s04_T3_test,160,236,167.86666666666667,-0.18451671302318573,0.05073640551691299
UBFC_PHYS_s04_T3_test,160,237,167.9,-0.2544245421886444,0.03822878454013938
UBFC_PHYS_s04_T3_test,160,238,167.93333333333334,-0.2953713834285736,6.771880719654618e-05
UBFC_PHYS_s04_T3_test,160,239,167.96666666666667,-0.326885461807251,-0.05434620683471174
UBFC_PHYS_s04_T3_test,161,0,161.0,-0.9716765880584717,-0.001966291652409588
UBFC_PHYS_s04_T3_test,161,1,161.03333333333333,-1.012243390083313,-0.08423574395534814
UBFC_PHYS_s04_T3_test,161,2,161.06666666666666,-0.8555695414543152,-0.16129196372994362
UBFC_PHYS_s04_T3_test,161,3,161.1,-0.5335199236869812,-0.22779165718153702
UBFC_PHYS_s04_T3_test,161,4,161.13333333333333,-0.16097372770309448,-0.27890537755340794
UBFC_PHYS_s04_T3_test,161,5,161.16666666666666,0.1512923240661621,-0.3109822598616485
UBFC_PHYS_s04_T3_test,161,6,161.2,0.365332692861557,-0.32225287260427465
UBFC_PHYS_s04_T3_test,161,7,161.23333333333332,0.5086856484413147,-0.31339159203823364
UBFC_PHYS_s04_T3_test,161,8,161.26666666666668,0.6084315180778503,-0.2876904623659006
UBFC_PHYS_s04_T3_test,161,9,161.3,0.6675812602043152,-0.2505911526391375
UBFC_PHYS_s04_T3_test,161,10,161.33333333333334,0.698257327079773,-0.2085944497313214
UBFC_PHYS_s04_T3_test,161,11,161.36666666666667,0.694973349571228,-0.1678847017011205
UBFC_PHYS_s04_T3_test,161,12,161.4,0.6130017042160034,-0.13306464543014537
UBFC_PHYS_s04_T3_test,161,13,161.43333333333334,0.4416719675064087,-0.10622589562565439
UBFC_PHYS_s04_T3_test,161,14,161.46666666666667,0.23822398483753204,-0.08640658029173783
UBFC_PHYS_s04_T3_test,161,15,161.5,0.04609924927353859,-0.06950680541351112
UBFC_PHYS_s04_T3_test,161,16,161.53333333333333,-0.14728255569934845,-0.04892265087704341
UBFC_PHYS_s04_T3_test,161,17,161.56666666666666,-0.3486744165420532,-0.01718495207211302
UBFC_PHYS_s04_T3_test,161,18,161.6,-0.5391035676002502,0.03150023704096984
UBFC_PHYS_s04_T3_test,161,19,161.63333333333333,-0.7031248807907104,0.09851155198101996
UBFC_PHYS_s04_T3_test,161,20,161.66666666666666,-0.8288205862045288,0.17896862693723267
UBFC_PHYS_s04_T3_test,161,21,161.7,-0.8833612203598022,0.2617828587268729
UBFC_PHYS_s04_T3_test,161,22,161.73333333333332,-0.7651687860488892,0.3319690263565229
UBFC_PHYS_s04_T3_test,161,23,161.76666666666668,-0.3625897169113159,0.3746660467970365
UBFC_PHYS_s04_T3_test,161,24,161.8,0.28485193848609924,0.37953049110232717
UBFC_PHYS_s04_T3_test,161,25,161.83333333333334,0.9385106563568115,0.34393111252218633
UBFC_PHYS_s04_T3_test,161,26,161.86666666666667,1.299879789352417,0.27382865481695456
UBFC_PHYS_s04_T3_test,161,27,161.9,1.2348929643630981,0.18205316998658075
UBFC_PHYS_s04_T3_test,161,28,161.93333333333334,0.8870688676834106,0.08448879868466591
UBFC_PHYS_s04_T3_test,161,29,161.96666666666667,0.5104202032089233,-0.0046626250976430595
UBFC_PHYS_s04_T3_test,161,30,162.0,0.24971288442611694,-0.07692267286104591
UBFC_PHYS_s04_T3_test,161,31,162.03333333333333,0.10731489211320877,-0.13135792333729956
UBFC_PHYS_s04_T3_test,161,32,162.06666666666666,-0.013040794059634209,-0.17346647829054374
UBFC_PHYS_s04_T3_test,161,33,162.1,-0.1827724277973175,-0.21160433419524205
UBFC_PHYS_s04_T3_test,161,34,162.13333333333333,-0.3883349895477295,-0.25242877107694744
UBFC_PHYS_s04_T3_test,161,35,162.16666666666666,-0.6074230670928955,-0.2972035253463209
UBFC_PHYS_s04_T3_test,161,36,162.2,-0.8534550070762634,-0.3404001541525869
UBFC_PHYS_s04_T3_test,161,37,162.23333333333332,-1.1305429935455322,-0.37109214622111686
UBFC_PHYS_s04_T3_test,161,38,162.26666666666668,-1.4312714338302612,-0.37658967644950775
UBFC_PHYS_s04_T3_test,161,39,162.3,-1.6967048645019531,-0.3469319224450014
UBFC_PHYS_s04_T3_test,161,40,162.33333333333334,-1.7616721391677856,-0.2785049469221006
UBFC_PHYS_s04_T3_test,161,41,162.36666666666667,-1.4986650943756104,-0.17541959426375864
UBFC_PHYS_s04_T3_test,161,42,162.4,-1.0152934789657593,-0.048302385225430206
UBFC_PHYS_s04_T3_test,161,43,162.43333333333334,-0.5502514243125916,0.08872719548376991
UBFC_PHYS_s04_T3_test,161,44,162.46666666666667,-0.20730935037136078,0.22150422759088087
UBFC_PHYS_s04_T3_test,161,45,162.5,0.04697626456618309,0.33840714913145353
UBFC_PHYS_s04_T3_test,161,46,162.53333333333333,0.19966456294059753,0.431460664699891
UBFC_PHYS_s04_T3_test,161,47,162.56666666666666,0.22411379218101501,0.4961081056011242
UBFC_PHYS_s04_T3_test,161,48,162.6,0.17221400141716003,0.5302919014531217
UBFC_PHYS_s04_T3_test,161,49,162.63333333333333,0.0959819108247757,0.5334787142046818
UBFC_PHYS_s04_T3_test,161,50,162.66666666666666,0.002394669456407428,0.5059170858442292
UBFC_PHYS_s04_T3_test,161,51,162.7,-0.06902357935905457,0.448150509257463
UBFC_PHYS_s04_T3_test,161,52,162.73333333333332,-0.09368719160556793,0.3608830820997587
UBFC_PHYS_s04_T3_test,161,53,162.76666666666668,-0.13847342133522034,0.2454078732311096
UBFC_PHYS_s04_T3_test,161,54,162.8,-0.20902439951896667,0.10461613956341079
UBFC_PHYS_s04_T3_test,161,55,162.83333333333334,-0.18343505263328552,-0.05574621677907315
UBFC_PHYS_s04_T3_test,161,56,162.86666666666667,-0.03379681333899498,-0.22610956756842182
UBFC_PHYS_s04_T3_test,161,57,162.9,0.10480078309774399,-0.3929027477326044
UBFC_PHYS_s04_T3_test,161,58,162.93333333333334,0.15582355856895447,-0.5394753378266124
UBFC_PHYS_s04_T3_test,161,59,162.96666666666667,0.22611144185066223,-0.6481518095632537
UBFC_PHYS_s04_T3_test,161,60,163.0,0.43739408254623413,-0.7031538581267738
UBFC_PHYS_s04_T3_test,161,61,163.03333333333333,0.74680495262146,-0.6938440608352587
UBFC_PHYS_s04_T3_test,161,62,163.06666666666666,1.017734408378601,-0.6175227358417937
UBFC_PHYS_s04_T3_test,161,63,163.1,1.1662812232971191,-0.48095792519485436
UBFC_PHYS_s04_T3_test,161,64,163.13333333333333,1.1276243925094604,-0.3000353325809379
UBFC_PHYS_s04_T3_test,161,65,163.16666666666666,0.8664492964744568,-0.09736470639475313
UBFC_PHYS_s04_T3_test,161,66,163.2,0.4563376009464264,0.10174605885885614
UBFC_PHYS_s04_T3_test,161,67,163.23333333333332,0.030332468450069427,0.2740271004040459
UBFC_PHYS_s04_T3_test,161,68,163.26666666666668,-0.3121223747730255,0.40250268240310033
UBFC_PHYS_s04_T3_test,161,69,163.3,-0.5196046233177185,0.4791325510435415
UBFC_PHYS_s04_T3_test,161,70,163.33333333333334,-0.6076666712760925,0.505093794306588
UBFC_PHYS_s04_T3_test,161,71,163.36666666666667,-0.6531350016593933,0.48864432261816854
UBFC_PHYS_s04_T3_test,161,72,163.4,-0.713161826133728,0.44132187844103044
UBFC_PHYS_s04_T3_test,161,73,163.43333333333334,-0.7780901789665222,0.37382480685776764
UBFC_PHYS_s04_T3_test,161,74,163.46666666666667,-0.8195729851722717,0.2929991749251306
UBFC_PHYS_s04_T3_test,161,75,163.5,-0.8471404910087585,0.20091167227877937
UBFC_PHYS_s04_T3_test,161,76,163.53333333333333,-0.8977735042572021,0.09622863163204638
UBFC_PHYS_s04_T3_test,161,77,163.56666666666666,-0.9382525682449341,-0.022642866999452792
UBFC_PHYS_s04_T3_test,161,78,163.6,-0.828898549079895,-0.15374098896532126
UBFC_PHYS_s04_T3_test,161,79,163.63333333333333,-0.47359058260917664,-0.2884738635867639
UBFC_PHYS_s04_T3_test,161,80,163.66666666666666,0.040983326733112335,-0.4107538524369897
UBFC_PHYS_s04_T3_test,161,81,163.7,0.5561419129371643,-0.4993202051766466
UBFC_PHYS_s04_T3_test,161,82,163.73333333333332,0.9999406933784485,-0.5330669089499646
UBFC_PHYS_s04_T3_test,161,83,163.76666666666668,1.3371237516403198,-0.4978010155088009
UBFC_PHYS_s04_T3_test,161,84,163.8,1.4918291568756104,-0.39193778267129425
UBFC_PHYS_s04_T3_test,161,85,163.83333333333334,1.4267157316207886,-0.22874176675467536
UBFC_PHYS_s04_T3_test,161,86,163.86666666666667,1.2055325508117676,-0.03394963886521858
UBFC_PHYS_s04_T3_test,161,87,163.9,0.9387835264205933,0.1605587179348073
UBFC_PHYS_s04_T3_test,161,88,163.93333333333334,0.6945446133613586,0.3247972483822569
UBFC_PHYS_s04_T3_test,161,89,163.96666666666667,0.4909699559211731,0.43765293022282753
UBFC_PHYS_s04_T3_test,161,90,164.0,0.3404839336872101,0.49079191082727436
UBFC_PHYS_s04_T3_test,161,91,164.03333333333333,0.2557058334350586,0.4888007994442655
UBFC_PHYS_s04_T3_test,161,92,164.06666666666666,0.23606067895889282,0.4459617796441584
UBFC_PHYS_s04_T3_test,161,93,164.1,0.27824509143829346,0.3808065514232542
UBFC_PHYS_s04_T3_test,161,94,164.13333333333333,0.32774773240089417,0.31012380375104
UBFC_PHYS_s04_T3_test,161,95,164.16666666666666,0.2595062255859375,0.24422835329352305
UBFC_PHYS_s04_T3_test,161,96,164.2,0.02502165548503399,0.18483765194695045
UBFC_PHYS_s04_T3_test,161,97,164.23333333333332,-0.1999034434556961,0.12597040423040043
UBFC_PHYS_s04_T3_test,161,98,164.26666666666668,-0.1867092400789261,0.05725897657715221
UBFC_PHYS_s04_T3_test,161,99,164.3,0.02572326734662056,-0.03157697925892258
UBFC_PHYS_s04_T3_test,161,100,164.33333333333334,0.2272515594959259,-0.14638355785558496
UBFC_PHYS_s04_T3_test,161,101,164.36666666666667,0.3255649209022522,-0.285326385917207
UBFC_PHYS_s04_T3_test,161,102,164.4,0.3038247227668762,-0.43740927705122173
UBFC_PHYS_s04_T3_test,161,103,164.43333333333334,0.13296270370483398,-0.5831577213683165
UBFC_PHYS_s04_T3_test,161,104,164.46666666666667,-0.10350001603364944,-0.6975440222955592
UBFC_PHYS_s04_T3_test,161,105,164.5,-0.23410703241825104,-0.7548377710225856
UBFC_PHYS_s04_T3_test,161,106,164.53333333333333,-0.2099793702363968,-0.7346295799041724
UBFC_PHYS_s04_T3_test,161,107,164.56666666666666,-0.12469454109668732,-0.6277944880769918
UBFC_PHYS_s04_T3_test,161,108,164.6,-0.09214754402637482,-0.44074678263366535
UBFC_PHYS_s04_T3_test,161,109,164.63333333333333,-0.23081335425376892,-0.1963031676934138
UBFC_PHYS_s04_T3_test,161,110,164.66666666666666,-0.5432060956954956,0.0698866284222156
UBFC_PHYS_s04_T3_test,161,111,164.7,-0.8203330636024475,0.317038035301105
UBFC_PHYS_s04_T3_test,161,112,164.73333333333332,-0.8649438619613647,0.5090935886873661
UBFC_PHYS_s04_T3_test,161,113,164.76666666666668,-0.7718926072120667,0.6236019133360929
UBFC_PHYS_s04_T3_test,161,114,164.8,-0.7759560942649841,0.6564995830801599
UBFC_PHYS_s04_T3_test,161,115,164.83333333333334,-0.8154217600822449,0.6211030142250688
UBFC_PHYS_s04_T3_test,161,116,164.86666666666667,-0.5786959528923035,0.5419028908209853
UBFC_PHYS_s04_T3_test,161,117,164.9,0.03808917850255966,0.44575218260417904
UBFC_PHYS_s04_T3_test,161,118,164.93333333333334,0.783629834651947,0.3537510730175244
UBFC_PHYS_s04_T3_test,161,119,164.96666666666667,1.3821730613708496,0.2764392279073811
UBFC_PHYS_s04_T3_test,161,120,165.0,1.782734990119934,0.21333347042646172
UBFC_PHYS_s04_T3_test,161,121,165.03333333333333,2.0536158084869385,0.15615044137031034
UBFC_PHYS_s04_T3_test,161,122,165.06666666666666,2.230149030685425,0.09390727228868011
UBFC_PHYS_s04_T3_test,161,123,165.1,2.3267767429351807,0.0178571814911003
UBFC_PHYS_s04_T3_test,161,124,165.13333333333333,2.4291632175445557,-0.0751858108752847
UBFC_PHYS_s04_T3_test,161,125,165.16666666666666,2.644012451171875,-0.18164787523935066
UBFC_PHYS_s04_T3_test,161,126,165.2,2.931478500366211,-0.29189026621465897
UBFC_PHYS_s04_T3_test,161,127,165.23333333333332,3.1131277084350586,-0.392168112477284
UBFC_PHYS_s04_T3_test,161,128,165.26666666666668,3.103344202041626,-0.4671381947807397
UBFC_PHYS_s04_T3_test,161,129,165.3,3.0095913410186768,-0.5024188086276528
UBFC_PHYS_s04_T3_test,161,130,165.33333333333334,2.9210517406463623,-0.48708821197800867
UBFC_PHYS_s04_T3_test,161,131,165.36666666666667,2.742462158203125,-0.4161731382198233
UBFC_PHYS_s04_T3_test,161,132,165.4,2.2798564434051514,-0.2928950805144543
UBFC_PHYS_s04_T3_test,161,133,165.43333333333334,1.4846668243408203,-0.1299722276890985
UBFC_PHYS_s04_T3_test,161,134,165.46666666666667,0.5248811841011047,0.050935521094000694
UBFC_PHYS_s04_T3_test,161,135,165.5,-0.47660166025161743,0.2222637987676072
UBFC_PHYS_s04_T3_test,161,136,165.53333333333333,-1.6709206104278564,0.3559013347461136
UBFC_PHYS_s04_T3_test,161,137,165.56666666666666,-3.191401481628418,0.42961138644260144
UBFC_PHYS_s04_T3_test,161,138,165.6,-4.5662102699279785,0.4323673630515568
UBFC_PHYS_s04_T3_test,161,139,165.63333333333333,-4.88629150390625,0.36656851305161725
UBFC_PHYS_s04_T3_test,161,140,165.66666666666666,-3.9631259441375732,0.2464872845429744
UBFC_PHYS_s04_T3_test,161,141,165.7,-2.7036349773406982,0.09400083731434024
UBFC_PHYS_s04_T3_test,161,142,165.73333333333332,-1.9292502403259277,-0.06648371726431082
UBFC_PHYS_s04_T3_test,161,143,165.76666666666668,-1.629963994026184,-0.21226541907848323
UBFC_PHYS_s04_T3_test,161,144,165.8,-1.492828130722046,-0.3250589047703081
UBFC_PHYS_s04_T3_test,161,145,165.83333333333334,-1.3161486387252808,-0.3924252144224125
UBFC_PHYS_s04_T3_test,161,146,165.86666666666667,-1.0189281702041626,-0.40854721304839686
UBFC_PHYS_s04_T3_test,161,147,165.9,-0.7947534322738647,-0.3747837325523377
UBFC_PHYS_s04_T3_test,161,148,165.93333333333334,-0.8974421620368958,-0.29995942945713855
UBFC_PHYS_s04_T3_test,161,149,165.96666666666667,-1.2084413766860962,-0.1997940783078943
UBFC_PHYS_s04_T3_test,161,150,166.0,-1.3859200477600098,-0.09456618477600841
UBFC_PHYS_s04_T3_test,161,151,166.03333333333333,-1.368613600730896,-0.004594081563860877
UBFC_PHYS_s04_T3_test,161,152,166.06666666666666,-1.451637625694275,0.05553266208374544
UBFC_PHYS_s04_T3_test,161,153,166.1,-1.7904285192489624,0.08179877955869207
UBFC_PHYS_s04_T3_test,161,154,166.13333333333333,-2.066493272781372,0.0824254569604506
UBFC_PHYS_s04_T3_test,161,155,166.16666666666666,-1.7556792497634888,0.07524884203030564
UBFC_PHYS_s04_T3_test,161,156,166.2,-0.7752252817153931,0.08150053628049447
UBFC_PHYS_s04_T3_test,161,157,166.23333333333332,0.35782933235168457,0.11821899999809904
UBFC_PHYS_s04_T3_test,161,158,166.26666666666668,1.0839781761169434,0.19209710723489462
UBFC_PHYS_s04_T3_test,161,159,166.3,1.303621768951416,0.29694271952733237
UBFC_PHYS_s04_T3_test,161,160,166.33333333333334,1.22675621509552,0.4154120451372843
UBFC_PHYS_s04_T3_test,161,161,166.36666666666667,1.0520938634872437,0.5240507087000528
UBFC_PHYS_s04_T3_test,161,162,166.4,0.9218279123306274,0.5996873221604201
UBFC_PHYS_s04_T3_test,161,163,166.43333333333334,0.8709025979042053,0.6251042662015841
UBFC_PHYS_s04_T3_test,161,164,166.46666666666667,0.7798489332199097,0.5924843548296608
UBFC_PHYS_s04_T3_test,161,165,166.5,0.5822477340698242,0.5040273644822999
UBFC_PHYS_s04_T3_test,161,166,166.53333333333333,0.4453359544277191,0.37000020507087766
UBFC_PHYS_s04_T3_test,161,167,166.56666666666666,0.4644061326980591,0.20517559200736904
UBFC_PHYS_s04_T3_test,161,168,166.6,0.4225432872772217,0.025019576755750096
UBFC_PHYS_s04_T3_test,161,169,166.63333333333333,0.08592547476291656,-0.15710508148159424
UBFC_PHYS_s04_T3_test,161,170,166.66666666666666,-0.4968704581260681,-0.3310859260463085
UBFC_PHYS_s04_T3_test,161,171,166.7,-1.1093387603759766,-0.48972075708197216
UBFC_PHYS_s04_T3_test,161,172,166.73333333333332,-1.6115564107894897,-0.6275676669912008
UBFC_PHYS_s04_T3_test,161,173,166.76666666666668,-1.969232439994812,-0.7397473108739124
UBFC_PHYS_s04_T3_test,161,174,166.8,-2.1221446990966797,-0.8211997756281115
UBFC_PHYS_s04_T3_test,161,175,166.83333333333334,-1.965626835823059,-0.8664703308858068
UBFC_PHYS_s04_T3_test,161,176,166.86666666666667,-1.5054279565811157,-0.8697691174721809
UBFC_PHYS_s04_T3_test,161,177,166.9,-0.9188510775566101,-0.8251477372902211
UBFC_PHYS_s04_T3_test,161,178,166.93333333333334,-0.3905470073223114,-0.7271389632723679
UBFC_PHYS_s04_T3_test,161,179,166.96666666666667,0.017420858144760132,-0.5724717728000375
UBFC_PHYS_s04_T3_test,161,180,167.0,0.31066542863845825,-0.36296593093646423
UBFC_PHYS_s04_T3_test,161,181,167.03333333333333,0.5016598105430603,-0.10869395740046837
UBFC_PHYS_s04_T3_test,161,182,167.06666666666666,0.6537731885910034,0.17029428612558603
UBFC_PHYS_s04_T3_test,161,183,167.1,0.838043749332428,0.445289722707347
UBFC_PHYS_s04_T3_test,161,184,167.13333333333333,1.0422420501708984,0.6837160453452499
UBFC_PHYS_s04_T3_test,161,185,167.16666666666666,1.2030768394470215,0.8561444600883602
UBFC_PHYS_s04_T3_test,161,186,167.2,1.3206065893173218,0.9430455475929755
UBFC_PHYS_s04_T3_test,161,187,167.23333333333332,1.415480136871338,0.9388375149312927
UBFC_PHYS_s04_T3_test,161,188,167.26666666666668,1.4114068746566772,0.8521704828979376
UBFC_PHYS_s04_T3_test,161,189,167.3,1.2322912216186523,0.7029977192477213
UBFC_PHYS_s04_T3_test,161,190,167.33333333333334,0.9517146348953247,0.5177390762911177
UBFC_PHYS_s04_T3_test,161,191,167.36666666666667,0.6834747195243835,0.32380735752259343
UBFC_PHYS_s04_T3_test,161,192,167.4,0.4314303696155548,0.14454329930695456
UBFC_PHYS_s04_T3_test,161,193,167.43333333333334,0.11697179824113846,-0.004501012293275583
UBFC_PHYS_s04_T3_test,161,194,167.46666666666667,-0.2640911936759949,-0.11707532601137136
UBFC_PHYS_s04_T3_test,161,195,167.5,-0.5334614515304565,-0.1951650916850617
UBFC_PHYS_s04_T3_test,161,196,167.53333333333333,-0.473444402217865,-0.24594581075422062
UBFC_PHYS_s04_T3_test,161,197,167.56666666666666,-0.1749572455883026,-0.2781104531100314
UBFC_PHYS_s04_T3_test,161,198,167.6,0.10219897329807281,-0.2988261069435798
UBFC_PHYS_s04_T3_test,161,199,167.63333333333333,0.2758771777153015,-0.3119891146580201
UBFC_PHYS_s04_T3_test,161,200,167.66666666666666,0.40621131658554077,-0.3179689445496898
UBFC_PHYS_s04_T3_test,161,201,167.7,0.45025697350502014,-0.3146826024321934
UBFC_PHYS_s04_T3_test,161,202,167.73333333333332,0.3224758803844452,-0.2994631138710184
UBFC_PHYS_s04_T3_test,161,203,167.76666666666668,0.09274669736623764,-0.27091184870845236
UBFC_PHYS_s04_T3_test,161,204,167.8,-0.07033910602331161,-0.22997280067260356
UBFC_PHYS_s04_T3_test,161,205,167.83333333333334,-0.13271436095237732,-0.1798694570245184
UBFC_PHYS_s04_T3_test,161,206,167.86666666666667,-0.18451671302318573,-0.12512527417956834
UBFC_PHYS_s04_T3_test,161,207,167.9,-0.2544245421886444,-0.07030972303712678
UBFC_PHYS_s04_T3_test,161,208,167.93333333333334,-0.2953713834285736,-0.019160968301870532
UBFC_PHYS_s04_T3_test,161,209,167.96666666666667,-0.326885461807251,0.025615919097910028
UBFC_PHYS_s04_T3_test,161,210,168.0,-0.4245654344558716,0.06204035208453497
UBFC_PHYS_s04_T3_test,161,211,168.03333333333333,-0.600212037563324,0.08849940126404802
UBFC_PHYS_s04_T3_test,161,212,168.06666666666666,-0.7857299447059631,0.10376152879451692
UBFC_PHYS_s04_T3_test,161,213,168.1,-0.9405133128166199,0.10742455584122565
UBFC_PHYS_s04_T3_test,161,214,168.13333333333333,-1.1063958406448364,0.10043529341917545
UBFC_PHYS_s04_T3_test,161,215,168.16666666666666,-1.3291089534759521,0.0852044581449038
UBFC_PHYS_s04_T3_test,161,216,168.2,-1.5200740098953247,0.06517818288254326
UBFC_PHYS_s04_T3_test,161,217,168.23333333333332,-1.481553554534912,0.04411940153595138
UBFC_PHYS_s04_T3_test,161,218,168.26666666666668,-1.1277267932891846,0.025400443737631215
UBFC_PHYS_s04_T3_test,161,219,168.3,-0.6320672035217285,0.01144281263727607
UBFC_PHYS_s04_T3_test,161,220,168.33333333333334,-0.21890543401241302,0.0033565116908399885
UBFC_PHYS_s04_T3_test,161,221,168.36666666666667,0.08117984235286713,0.0008614676883017458
UBFC_PHYS_s04_T3_test,161,222,168.4,0.366414338350296,0.0025867737453558358
UBFC_PHYS_s04_T3_test,161,223,168.43333333333334,0.6512395739555359,0.0067213076397601035
UBFC_PHYS_s04_T3_test,161,224,168.46666666666667,0.8450695872306824,0.011753344981673136
UBFC_PHYS_s04_T3_test,161,225,168.5,0.9025043249130249,0.01691624216474112
UBFC_PHYS_s04_T3_test,161,226,168.53333333333333,0.877655565738678,0.02212361377851409
UBFC_PHYS_s04_T3_test,161,227,168.56666666666666,0.8446603417396545,0.027496696005778944
UBFC_PHYS_s04_T3_test,161,228,168.6,0.8294197916984558,0.032813966848292825
UBFC_PHYS_s04_T3_test,161,229,168.63333333333333,0.8216046094894409,0.03722954550547205
UBFC_PHYS_s04_T3_test,161,230,168.66666666666666,0.7891258001327515,0.03943122269242898
UBFC_PHYS_s04_T3_test,161,231,168.7,0.7256396412849426,0.03816003905305907
UBFC_PHYS_s04_T3_test,161,232,168.73333333333332,0.6761857867240906,0.03282918719187351
UBFC_PHYS_s04_T3_test,161,233,168.76666666666668,0.6864273548126221,0.02393520491055546
UBFC_PHYS_s04_T3_test,161,234,168.8,0.7401103973388672,0.013051769023605646
UBFC_PHYS_s04_T3_test,161,235,168.83333333333334,0.7593072652816772,0.0023812155358207262
UBFC_PHYS_s04_T3_test,161,236,168.86666666666667,0.6817694306373596,-0.005971665989380452
UBFC_PHYS_s04_T3_test,161,237,168.9,0.5130804777145386,-0.010721771193375642
UBFC_PHYS_s04_T3_test,161,238,168.93333333333334,0.26608383655548096,-0.01183940705231832
UBFC_PHYS_s04_T3_test,161,239,168.96666666666667,-0.048267561942338943,-0.010528310367509066
UBFC_PHYS_s04_T3_test,162,0,162.0,0.24971288442611694,0.02107893057576313
UBFC_PHYS_s04_T3_test,162,1,162.03333333333333,0.10731489211320877,0.03110749036643958
UBFC_PHYS_s04_T3_test,162,2,162.06666666666666,-0.013040794059634209,0.03635022825580083
UBFC_PHYS_s04_T3_test,162,3,162.1,-0.1827724277973175,0.03399690870693144
UBFC_PHYS_s04_T3_test,162,4,162.13333333333333,-0.3883349895477295,0.025329973155051158
UBFC_PHYS_s04_T3_test,162,5,162.16666666666666,-0.6074230670928955,0.01578365723125716
UBFC_PHYS_s04_T3_test,162,6,162.2,-0.8534550070762634,0.013172446133044314
UBFC_PHYS_s04_T3_test,162,7,162.23333333333332,-1.1305429935455322,0.024495813752636045
UBFC_PHYS_s04_T3_test,162,8,162.26666666666668,-1.4312714338302612,0.05250051550431832
UBFC_PHYS_s04_T3_test,162,9,162.3,-1.6967048645019531,0.09356609304615164
UBFC_PHYS_s04_T3_test,162,10,162.33333333333334,-1.7616721391677856,0.13812239551380992
UBFC_PHYS_s04_T3_test,162,11,162.36666666666667,-1.4986650943756104,0.17380890609343783
UBFC_PHYS_s04_T3_test,162,12,162.4,-1.0152934789657593,0.19034353976388702
UBFC_PHYS_s04_T3_test,162,13,162.43333333333334,-0.5502514243125916,0.18404467409488373
UBFC_PHYS_s04_T3_test,162,14,162.46666666666667,-0.20730935037136078,0.15967902138940984
UBFC_PHYS_s04_T3_test,162,15,162.5,0.04697626456618309,0.12834184290732564
UBFC_PHYS_s04_T3_test,162,16,162.53333333333333,0.19966456294059753,0.10222260813986814
UBFC_PHYS_s04_T3_test,162,17,162.56666666666666,0.22411379218101501,0.08891856385067241
UBFC_PHYS_s04_T3_test,162,18,162.6,0.17221400141716003,0.08806891663521225
UBFC_PHYS_s04_T3_test,162,19,162.63333333333333,0.0959819108247757,0.09155757764628542
UBFC_PHYS_s04_T3_test,162,20,162.66666666666666,0.002394669456407428,0.08650255986531667
UBFC_PHYS_s04_T3_test,162,21,162.7,-0.06902357935905457,0.05916715599430184
UBFC_PHYS_s04_T3_test,162,22,162.73333333333332,-0.09368719160556793,-0.0015683162744799409
UBFC_PHYS_s04_T3_test,162,23,162.76666666666668,-0.13847342133522034,-0.10142249093008623
UBFC_PHYS_s04_T3_test,162,24,162.8,-0.20902439951896667,-0.23841786143560656
UBFC_PHYS_s04_T3_test,162,25,162.83333333333334,-0.18343505263328552,-0.40125998591818923
UBFC_PHYS_s04_T3_test,162,26,162.86666666666667,-0.03379681333899498,-0.5691749945353131
UBFC_PHYS_s04_T3_test,162,27,162.9,0.10480078309774399,-0.7140602363636617
UBFC_PHYS_s04_T3_test,162,28,162.93333333333334,0.15582355856895447,-0.8050882220203385
UBFC_PHYS_s04_T3_test,162,29,162.96666666666667,0.22611144185066223,-0.8150419532112678
UBFC_PHYS_s04_T3_test,162,30,163.0,0.43739408254623413,-0.7272435327285328
UBFC_PHYS_s04_T3_test,162,31,163.03333333333333,0.74680495262146,-0.541613859580316
UBFC_PHYS_s04_T3_test,162,32,163.06666666666666,1.017734408378601,-0.27785061322921023
UBFC_PHYS_s04_T3_test,162,33,163.1,1.1662812232971191,0.026401616202211636
UBFC_PHYS_s04_T3_test,162,34,163.13333333333333,1.1276243925094604,0.3233415218034122
UBFC_PHYS_s04_T3_test,162,35,163.16666666666666,0.8664492964744568,0.5671676820340731
UBFC_PHYS_s04_T3_test,162,36,163.2,0.4563376009464264,0.7262278005447355
UBFC_PHYS_s04_T3_test,162,37,163.23333333333332,0.030332468450069427,0.7900938855666597
UBFC_PHYS_s04_T3_test,162,38,163.26666666666668,-0.3121223747730255,0.7690348064854712
UBFC_PHYS_s04_T3_test,162,39,163.3,-0.5196046233177185,0.6871240371117827
UBFC_PHYS_s04_T3_test,162,40,163.33333333333334,-0.6076666712760925,0.5725340020883685
UBFC_PHYS_s04_T3_test,162,41,163.36666666666667,-0.6531350016593933,0.44875918430448036
UBFC_PHYS_s04_T3_test,162,42,163.4,-0.713161826133728,0.32929225418026903
UBFC_PHYS_s04_T3_test,162,43,163.43333333333334,-0.7780901789665222,0.21662444314819293
UBFC_PHYS_s04_T3_test,162,44,163.46666666666667,-0.8195729851722717,0.10508849390005329
UBFC_PHYS_s04_T3_test,162,45,163.5,-0.8471404910087585,-0.01380657645239062
UBFC_PHYS_s04_T3_test,162,46,163.53333333333333,-0.8977735042572021,-0.14538138252518143
UBFC_PHYS_s04_T3_test,162,47,163.56666666666666,-0.9382525682449341,-0.2870674434244271
UBFC_PHYS_s04_T3_test,162,48,163.6,-0.828898549079895,-0.42654925136025945
UBFC_PHYS_s04_T3_test,162,49,163.63333333333333,-0.47359058260917664,-0.5434989652453074
UBFC_PHYS_s04_T3_test,162,50,163.66666666666666,0.040983326733112335,-0.61443450434648
UBFC_PHYS_s04_T3_test,162,51,163.7,0.5561419129371643,-0.6191891267932078
UBFC_PHYS_s04_T3_test,162,52,163.73333333333332,0.9999406933784485,-0.5470479782101517
UBFC_PHYS_s04_T3_test,162,53,163.76666666666668,1.3371237516403198,-0.40078911488266555
UBFC_PHYS_s04_T3_test,162,54,163.8,1.4918291568756104,-0.1974440636972811
UBFC_PHYS_s04_T3_test,162,55,163.83333333333334,1.4267157316207886,0.03460769976795062
UBFC_PHYS_s04_T3_test,162,56,163.86666666666667,1.2055325508117676,0.26167934339854393
UBFC_PHYS_s04_T3_test,162,57,163.9,0.9387835264205933,0.45246411280304155
UBFC_PHYS_s04_T3_test,162,58,163.93333333333334,0.6945446133613586,0.5851250042591154
UBFC_PHYS_s04_T3_test,162,59,163.96666666666667,0.4909699559211731,0.6514988972471428
UBFC_PHYS_s04_T3_test,162,60,164.0,0.3404839336872101,0.6570886325726665
UBFC_PHYS_s04_T3_test,162,61,164.03333333333333,0.2557058334350586,0.617092456613752
UBFC_PHYS_s04_T3_test,162,62,164.06666666666666,0.23606067895889282,0.5501494811187245
UBFC_PHYS_s04_T3_test,162,63,164.1,0.27824509143829346,0.47206565011457563
UBFC_PHYS_s04_T3_test,162,64,164.13333333333333,0.32774773240089417,0.39133442703708465
UBFC_PHYS_s04_T3_test,162,65,164.16666666666666,0.2595062255859375,0.3073583505528478
UBFC_PHYS_s04_T3_test,162,66,164.2,0.02502165548503399,0.211545472420702
UBFC_PHYS_s04_T3_test,162,67,164.23333333333332,-0.1999034434556961,0.0908990899259443
UBFC_PHYS_s04_T3_test,162,68,164.26666666666668,-0.1867092400789261,-0.06683459705528996
UBFC_PHYS_s04_T3_test,162,69,164.3,0.02572326734662056,-0.2677645105872291
UBFC_PHYS_s04_T3_test,162,70,164.33333333333334,0.2272515594959259,-0.5074791017208479
UBFC_PHYS_s04_T3_test,162,71,164.36666666666667,0.3255649209022522,-0.7687086639679543
UBFC_PHYS_s04_T3_test,162,72,164.4,0.3038247227668762,-1.0217382751875572
UBFC_PHYS_s04_T3_test,162,73,164.43333333333334,0.13296270370483398,-1.227959737189099
UBFC_PHYS_s04_T3_test,162,74,164.46666666666667,-0.10350001603364944,-1.3464716052341021
UBFC_PHYS_s04_T3_test,162,75,164.5,-0.23410703241825104,-1.342895391328048
UBFC_PHYS_s04_T3_test,162,76,164.53333333333333,-0.2099793702363968,-1.1986292769272957
UBFC_PHYS_s04_T3_test,162,77,164.56666666666666,-0.12469454109668732,-0.9179061439667908
UBFC_PHYS_s04_T3_test,162,78,164.6,-0.09214754402637482,-0.529837630601715
UBFC_PHYS_s04_T3_test,162,79,164.63333333333333,-0.23081335425376892,-0.08383622717320345
UBFC_PHYS_s04_T3_test,162,80,164.66666666666666,-0.5432060956954956,0.3606691183008637
UBFC_PHYS_s04_T3_test,162,81,164.7,-0.8203330636024475,0.7470484324376804
UBFC_PHYS_s04_T3_test,162,82,164.73333333333332,-0.8649438619613647,1.0330579036298717
UBFC_PHYS_s04_T3_test,162,83,164.76666666666668,-0.7718926072120667,1.1981767793265194
UBFC_PHYS_s04_T3_test,162,84,164.8,-0.7759560942649841,1.2448785504868918
UBFC_PHYS_s04_T3_test,162,85,164.83333333333334,-0.8154217600822449,1.1937274774756697
UBFC_PHYS_s04_T3_test,162,86,164.86666666666667,-0.5786959528923035,1.0743444752525013
UBFC_PHYS_s04_T3_test,162,87,164.9,0.03808917850255966,0.9157656541120754
UBFC_PHYS_s04_T3_test,162,88,164.93333333333334,0.783629834651947,0.7395103724897264
UBFC_PHYS_s04_T3_test,162,89,164.96666666666667,1.3821730613708496,0.5570763497579185
UBFC_PHYS_s04_T3_test,162,90,165.0,1.782734990119934,0.3715940943753325
UBFC_PHYS_s04_T3_test,162,91,165.03333333333333,2.0536158084869385,0.18191331788435106
UBFC_PHYS_s04_T3_test,162,92,165.06666666666666,2.230149030685425,-0.01302886497394676
UBFC_PHYS_s04_T3_test,162,93,165.1,2.3267767429351807,-0.21113130159323082
UBFC_PHYS_s04_T3_test,162,94,165.13333333333333,2.4291632175445557,-0.4058362531165522
UBFC_PHYS_s04_T3_test,162,95,165.16666666666666,2.644012451171875,-0.5862635506031183
UBFC_PHYS_s04_T3_test,162,96,165.2,2.931478500366211,-0.7382460068086623
UBFC_PHYS_s04_T3_test,162,97,165.23333333333332,3.1131277084350586,-0.8460278245510263
UBFC_PHYS_s04_T3_test,162,98,165.26666666666668,3.103344202041626,-0.8946125650995584
UBFC_PHYS_s04_T3_test,162,99,165.3,3.0095913410186768,-0.8725928169029343
UBFC_PHYS_s04_T3_test,162,100,165.33333333333334,2.9210517406463623,-0.7748647287669722
UBFC_PHYS_s04_T3_test,162,101,165.36666666666667,2.742462158203125,-0.6044892017730995
UBFC_PHYS_s04_T3_test,162,102,165.4,2.2798564434051514,-0.3734106753433154
UBFC_PHYS_s04_T3_test,162,103,165.43333333333334,1.4846668243408203,-0.10221526190668472
UBFC_PHYS_s04_T3_test,162,104,165.46666666666667,0.5248811841011047,0.18101195469440484
UBFC_PHYS_s04_T3_test,162,105,165.5,-0.47660166025161743,0.44319915983786223
UBFC_PHYS_s04_T3_test,162,106,165.53333333333333,-1.6709206104278564,0.6508513289186088
UBFC_PHYS_s04_T3_test,162,107,165.56666666666666,-3.191401481628418,0.7764928206927187
UBFC_PHYS_s04_T3_test,162,108,165.6,-4.5662102699279785,0.8050969901239777
UBFC_PHYS_s04_T3_test,162,109,165.63333333333333,-4.88629150390625,0.7377675276775374
UBFC_PHYS_s04_T3_test,162,110,165.66666666666666,-3.9631259441375732,0.5911606801403861
UBFC_PHYS_s04_T3_test,162,111,165.7,-2.7036349773406982,0.39316853617084846
UBFC_PHYS_s04_T3_test,162,112,165.73333333333332,-1.9292502403259277,0.17646788406668024
UBFC_PHYS_s04_T3_test,162,113,165.76666666666668,-1.629963994026184,-0.028438164012712437
UBFC_PHYS_s04_T3_test,162,114,165.8,-1.492828130722046,-0.19934843310202538
UBFC_PHYS_s04_T3_test,162,115,165.83333333333334,-1.3161486387252808,-0.3264285532198625
UBFC_PHYS_s04_T3_test,162,116,165.86666666666667,-1.0189281702041626,-0.4129425016188628
UBFC_PHYS_s04_T3_test,162,117,165.9,-0.7947534322738647,-0.47180798871039276
UBFC_PHYS_s04_T3_test,162,118,165.93333333333334,-0.8974421620368958,-0.5184820593565733
UBFC_PHYS_s04_T3_test,162,119,165.96666666666667,-1.2084413766860962,-0.5625844623692746
UBFC_PHYS_s04_T3_test,162,120,166.0,-1.3859200477600098,-0.6020061441673938
UBFC_PHYS_s04_T3_test,162,121,166.03333333333333,-1.368613600730896,-0.6225973666795894
UBFC_PHYS_s04_T3_test,162,122,166.06666666666666,-1.451637625694275,-0.6036554876572299
UBFC_PHYS_s04_T3_test,162,123,166.1,-1.7904285192489624,-0.5264158954280634
UBFC_PHYS_s04_T3_test,162,124,166.13333333333333,-2.066493272781372,-0.38175821109069963
UBFC_PHYS_s04_T3_test,162,125,166.16666666666666,-1.7556792497634888,-0.17437707659462293
UBFC_PHYS_s04_T3_test,162,126,166.2,-0.7752252817153931,0.07747508750667574
UBFC_PHYS_s04_T3_test,162,127,166.23333333333332,0.35782933235168457,0.34593830037349316
UBFC_PHYS_s04_T3_test,162,128,166.26666666666668,1.0839781761169434,0.5995953997064754
UBFC_PHYS_s04_T3_test,162,129,166.3,1.303621768951416,0.8098667943211135
UBFC_PHYS_s04_T3_test,162,130,166.33333333333334,1.22675621509552,0.956184095187864
UBFC_PHYS_s04_T3_test,162,131,166.36666666666667,1.0520938634872437,1.0287229622459568
UBFC_PHYS_s04_T3_test,162,132,166.4,0.9218279123306274,1.0280332014869482
UBFC_PHYS_s04_T3_test,162,133,166.43333333333334,0.8709025979042053,0.9619353361621402
UBFC_PHYS_s04_T3_test,162,134,166.46666666666667,0.7798489332199097,0.8413403131672283
UBFC_PHYS_s04_T3_test,162,135,166.5,0.5822477340698242,0.67701375804931
UBFC_PHYS_s04_T3_test,162,136,166.53333333333333,0.4453359544277191,0.47813504265976986
UBFC_PHYS_s04_T3_test,162,137,166.56666666666666,0.4644061326980591,0.25207711941483457
UBFC_PHYS_s04_T3_test,162,138,166.6,0.4225432872772217,0.004584725575492929
UBFC_PHYS_s04_T3_test,162,139,166.63333333333333,0.08592547476291656,-0.2597649486303813
UBFC_PHYS_s04_T3_test,162,140,166.66666666666666,-0.4968704581260681,-0.5363037679001216
UBFC_PHYS_s04_T3_test,162,141,166.7,-1.1093387603759766,-0.8178155960982226
UBFC_PHYS_s04_T3_test,162,142,166.73333333333332,-1.6115564107894897,-1.0913463837575965
UBFC_PHYS_s04_T3_test,162,143,166.76666666666668,-1.969232439994812,-1.3356749069653417
UBFC_PHYS_s04_T3_test,162,144,166.8,-2.1221446990966797,-1.5210898187100481
UBFC_PHYS_s04_T3_test,162,145,166.83333333333334,-1.965626835823059,-1.6125825215202731
UBFC_PHYS_s04_T3_test,162,146,166.86666666666667,-1.5054279565811157,-1.5765282636919289
UBFC_PHYS_s04_T3_test,162,147,166.9,-0.9188510775566101,-1.389729246722739
UBFC_PHYS_s04_T3_test,162,148,166.93333333333334,-0.3905470073223114,-1.048612968316624
UBFC_PHYS_s04_T3_test,162,149,166.96666666666667,0.017420858144760132,-0.5755715198161119
UBFC_PHYS_s04_T3_test,162,150,167.0,0.31066542863845825,-0.019299734195617212
UBFC_PHYS_s04_T3_test,162,151,167.03333333333333,0.5016598105430603,0.5525970476279433
UBFC_PHYS_s04_T3_test,162,152,167.06666666666666,0.6537731885910034,1.0674095628194742
UBFC_PHYS_s04_T3_test,162,153,167.1,0.838043749332428,1.4632187957352103
UBFC_PHYS_s04_T3_test,162,154,167.13333333333333,1.0422420501708984,1.7015006485783992
UBFC_PHYS_s04_T3_test,162,155,167.16666666666666,1.2030768394470215,1.772510693861626
UBFC_PHYS_s04_T3_test,162,156,167.2,1.3206065893173218,1.6926271581199566
UBFC_PHYS_s04_T3_test,162,157,167.23333333333332,1.415480136871338,1.4958544513046923
UBFC_PHYS_s04_T3_test,162,158,167.26666666666668,1.4114068746566772,1.2231649532906428
UBFC_PHYS_s04_T3_test,162,159,167.3,1.2322912216186523,0.9131481676372359
UBFC_PHYS_s04_T3_test,162,160,167.33333333333334,0.9517146348953247,0.5961727910259751
UBFC_PHYS_s04_T3_test,162,161,167.36666666666667,0.6834747195243835,0.2925631663229839
UBFC_PHYS_s04_T3_test,162,162,167.4,0.4314303696155548,0.013753057348141223
UBFC_PHYS_s04_T3_test,162,163,167.43333333333334,0.11697179824113846,-0.2353274201463845
UBFC_PHYS_s04_T3_test,162,164,167.46666666666667,-0.2640911936759949,-0.4540037888331245
UBFC_PHYS_s04_T3_test,162,165,167.5,-0.5334614515304565,-0.6441844431942202
UBFC_PHYS_s04_T3_test,162,166,167.53333333333333,-0.473444402217865,-0.8089427146270157
UBFC_PHYS_s04_T3_test,162,167,167.56666666666666,-0.1749572455883026,-0.9508331638556745
UBFC_PHYS_s04_T3_test,162,168,167.6,0.10219897329807281,-1.0697709219001355
UBFC_PHYS_s04_T3_test,162,169,167.63333333333333,0.2758771777153015,-1.1609372009431629
UBFC_PHYS_s04_T3_test,162,170,167.66666666666666,0.40621131658554077,-1.213694517902496
UBFC_PHYS_s04_T3_test,162,171,167.7,0.45025697350502014,-1.2125346121953182
UBFC_PHYS_s04_T3_test,162,172,167.73333333333332,0.3224758803844452,-1.1405055665186308
UBFC_PHYS_s04_T3_test,162,173,167.76666666666668,0.09274669736623764,-0.9846012219261637
UBFC_PHYS_s04_T3_test,162,174,167.8,-0.07033910602331161,-0.7416675881608192
UBFC_PHYS_s04_T3_test,162,175,167.83333333333334,-0.13271436095237732,-0.42287051986840735
UBFC_PHYS_s04_T3_test,162,176,167.86666666666667,-0.18451671302318573,-0.0549191618687121
UBFC_PHYS_s04_T3_test,162,177,167.9,-0.2544245421886444,0.3229246357210913
UBFC_PHYS_s04_T3_test,162,178,167.93333333333334,-0.2953713834285736,0.6657052604716698
UBFC_PHYS_s04_T3_test,162,179,167.96666666666667,-0.326885461807251,0.9317656822079503
UBFC_PHYS_s04_T3_test,162,180,168.0,-0.4245654344558716,1.0912314602524804
UBFC_PHYS_s04_T3_test,162,181,168.03333333333333,-0.600212037563324,1.1315025400078207
UBFC_PHYS_s04_T3_test,162,182,168.06666666666666,-0.7857299447059631,1.0585430158057256
UBFC_PHYS_s04_T3_test,162,183,168.1,-0.9405133128166199,0.8942715302565676
UBFC_PHYS_s04_T3_test,162,184,168.13333333333333,-1.1063958406448364,0.6712130598925837
UBFC_PHYS_s04_T3_test,162,185,168.16666666666666,-1.3291089534759521,0.425759387232107
UBFC_PHYS_s04_T3_test,162,186,168.2,-1.5200740098953247,0.19132690075283512
UBFC_PHYS_s04_T3_test,162,187,168.23333333333332,-1.481553554534912,-0.007326342716053634
UBFC_PHYS_s04_T3_test,162,188,168.26666666666668,-1.1277267932891846,-0.1573971661465837
UBFC_PHYS_s04_T3_test,162,189,168.3,-0.6320672035217285,-0.25811620391125323
UBFC_PHYS_s04_T3_test,162,190,168.33333333333334,-0.21890543401241302,-0.3177019887027784
UBFC_PHYS_s04_T3_test,162,191,168.36666666666667,0.08117984235286713,-0.34827159706644656
UBFC_PHYS_s04_T3_test,162,192,168.4,0.366414338350296,-0.36030655599855227
UBFC_PHYS_s04_T3_test,162,193,168.43333333333334,0.6512395739555359,-0.35830019704058136
UBFC_PHYS_s04_T3_test,162,194,168.46666666666667,0.8450695872306824,-0.3389280656179086
UBFC_PHYS_s04_T3_test,162,195,168.5,0.9025043249130249,-0.2924936086841242
UBFC_PHYS_s04_T3_test,162,196,168.53333333333333,0.877655565738678,-0.2074884630295963
UBFC_PHYS_s04_T3_test,162,197,168.56666666666666,0.8446603417396545,-0.07702204475238181
UBFC_PHYS_s04_T3_test,162,198,168.6,0.8294197916984558,0.0950720972546962
UBFC_PHYS_s04_T3_test,162,199,168.63333333333333,0.8216046094894409,0.29106903224586494
UBFC_PHYS_s04_T3_test,162,200,168.66666666666666,0.7891258001327515,0.4812180372243778
UBFC_PHYS_s04_T3_test,162,201,168.7,0.7256396412849426,0.6309362162434331
UBFC_PHYS_s04_T3_test,162,202,168.73333333333332,0.6761857867240906,0.710995424147766
UBFC_PHYS_s04_T3_test,162,203,168.76666666666668,0.6864273548126221,0.7065425069805332
UBFC_PHYS_s04_T3_test,162,204,168.8,0.7401103973388672,0.6211603589034427
UBFC_PHYS_s04_T3_test,162,205,168.83333333333334,0.7593072652816772,0.4744755923728895
UBFC_PHYS_s04_T3_test,162,206,168.86666666666667,0.6817694306373596,0.29470360209808927
UBFC_PHYS_s04_T3_test,162,207,168.9,0.5130804777145386,0.10949149721473568
UBFC_PHYS_s04_T3_test,162,208,168.93333333333334,0.26608383655548096,-0.06141344012519803
UBFC_PHYS_s04_T3_test,162,209,168.96666666666667,-0.048267561942338943,-0.20950240204944476
UBFC_PHYS_s04_T3_test,162,210,169.0,-0.29067450761795044,-0.3366132579333608
UBFC_PHYS_s04_T3_test,162,211,169.03333333333333,-0.2399245649576187,-0.4510959740173128
UBFC_PHYS_s04_T3_test,162,212,169.06666666666666,0.08879038691520691,-0.5628839078168983
UBFC_PHYS_s04_T3_test,162,213,169.1,0.4737609624862671,-0.6790220193946055
UBFC_PHYS_s04_T3_test,162,214,169.13333333333333,0.7586641311645508,-0.8005281970220581
UBFC_PHYS_s04_T3_test,162,215,169.16666666666666,0.9502041935920715,-0.9208775237647093
UBFC_PHYS_s04_T3_test,162,216,169.2,1.0925534963607788,-1.026143655998259
UBFC_PHYS_s04_T3_test,162,217,169.23333333333332,1.1807324886322021,-1.0968318368979477
UBFC_PHYS_s04_T3_test,162,218,169.26666666666668,1.2050647735595703,-1.1114171400760229
UBFC_PHYS_s04_T3_test,162,219,169.3,1.1958658695220947,-1.051275505537953
UBFC_PHYS_s04_T3_test,162,220,169.33333333333334,1.1811027526855469,-0.9060368348539839
UBFC_PHYS_s04_T3_test,162,221,169.36666666666667,1.1532331705093384,-0.67778644544047
UBFC_PHYS_s04_T3_test,162,222,169.4,1.075568675994873,-0.38250716224985626
UBFC_PHYS_s04_T3_test,162,223,169.43333333333334,0.9198789596557617,-0.04796203010849134
UBFC_PHYS_s04_T3_test,162,224,169.46666666666667,0.717278778553009,0.2913704570804836
UBFC_PHYS_s04_T3_test,162,225,169.5,0.505801260471344,0.6005221634687796
UBFC_PHYS_s04_T3_test,162,226,169.53333333333333,0.24034830927848816,0.8494695120213782
UBFC_PHYS_s04_T3_test,162,227,169.56666666666666,-0.08829841762781143,1.0167011154544223
UBFC_PHYS_s04_T3_test,162,228,169.6,-0.3738739788532257,1.091091426805919
UBFC_PHYS_s04_T3_test,162,229,169.63333333333333,-0.5849130153656006,1.0727712330458723
UBFC_PHYS_s04_T3_test,162,230,169.66666666666666,-0.8383703231811523,0.9730623199917052
UBFC_PHYS_s04_T3_test,162,231,169.7,-1.1874808073043823,0.812875214608589
UBFC_PHYS_s04_T3_test,162,232,169.73333333333332,-1.5023972988128662,0.6193309270388001
UBFC_PHYS_s04_T3_test,162,233,169.76666666666668,-1.5914922952651978,0.42129916923782784
UBFC_PHYS_s04_T3_test,162,234,169.8,-1.3986074924468994,0.2450311112122393
UBFC_PHYS_s04_T3_test,162,235,169.83333333333334,-1.0765773057937622,0.11075081472479881
UBFC_PHYS_s04_T3_test,162,236,169.86666666666667,-0.816961407661438,0.03031469532655113
UBFC_PHYS_s04_T3_test,162,237,169.9,-0.6657738089561462,0.005685184471219559
UBFC_PHYS_s04_T3_test,162,238,169.93333333333334,-0.5682302117347717,0.028415810419528377
UBFC_PHYS_s04_T3_test,162,239,169.96666666666667,-0.4986829459667206,0.08091791475178323
UBFC_PHYS_s04_T3_test,163,0,163.0,0.43739408254623413,0.04999041313469141
UBFC_PHYS_s04_T3_test,163,1,163.03333333333333,0.74680495262146,0.0828460106040225
UBFC_PHYS_s04_T3_test,163,2,163.06666666666666,1.017734408378601,0.12085344104597857
UBFC_PHYS_s04_T3_test,163,3,163.1,1.1662812232971191,0.17083738872842238
UBFC_PHYS_s04_T3_test,163,4,163.13333333333333,1.1276243925094604,0.2411654579201687
UBFC_PHYS_s04_T3_test,163,5,163.16666666666666,0.8664492964744568,0.33915957210759046
UBFC_PHYS_s04_T3_test,163,6,163.2,0.4563376009464264,0.4663798395526978
UBFC_PHYS_s04_T3_test,163,7,163.23333333333332,0.030332468450069427,0.6143008795540303
UBFC_PHYS_s04_T3_test,163,8,163.26666666666668,-0.3121223747730255,0.7635323071190391
UBFC_PHYS_s04_T3_test,163,9,163.3,-0.5196046233177185,0.8880934074379563
UBFC_PHYS_s04_T3_test,163,10,163.33333333333334,-0.6076666712760925,0.9630879943840921
UBFC_PHYS_s04_T3_test,163,11,163.36666666666667,-0.6531350016593933,0.9719235974357203
UBFC_PHYS_s04_T3_test,163,12,163.4,-0.713161826133728,0.909817496205595
UBFC_PHYS_s04_T3_test,163,13,163.43333333333334,-0.7780901789665222,0.7827775339536978
UBFC_PHYS_s04_T3_test,163,14,163.46666666666667,-0.8195729851722717,0.6034970795062927
UBFC_PHYS_s04_T3_test,163,15,163.5,-0.8471404910087585,0.38660619626814596
UBFC_PHYS_s04_T3_test,163,16,163.53333333333333,-0.8977735042572021,0.14540708227864926
UBFC_PHYS_s04_T3_test,163,17,163.56666666666666,-0.9382525682449341,-0.10887768126999009
UBFC_PHYS_s04_T3_test,163,18,163.6,-0.828898549079895,-0.365540284149506
UBFC_PHYS_s04_T3_test,163,19,163.63333333333333,-0.47359058260917664,-0.611710450292259
UBFC_PHYS_s04_T3_test,163,20,163.66666666666666,0.040983326733112335,-0.8303501672381196
UBFC_PHYS_s04_T3_test,163,21,163.7,0.5561419129371643,-1.000542893811567
UBFC_PHYS_s04_T3_test,163,22,163.73333333333332,0.9999406933784485,-1.100690423783803
UBFC_PHYS_s04_T3_test,163,23,163.76666666666668,1.3371237516403198,-1.1137622757436587
UBFC_PHYS_s04_T3_test,163,24,163.8,1.4918291568756104,-1.0325355861628664
UBFC_PHYS_s04_T3_test,163,25,163.83333333333334,1.4267157316207886,-0.8625816742613692
UBFC_PHYS_s04_T3_test,163,26,163.86666666666667,1.2055325508117676,-0.6218194540156176
UBFC_PHYS_s04_T3_test,163,27,163.9,0.9387835264205933,-0.3370293398766868
UBFC_PHYS_s04_T3_test,163,28,163.93333333333334,0.6945446133613586,-0.038809425369552265
UBFC_PHYS_s04_T3_test,163,29,163.96666666666667,0.4909699559211731,0.24341726313535156
UBFC_PHYS_s04_T3_test,163,30,164.0,0.3404839336872101,0.4853733478963201
UBFC_PHYS_s04_T3_test,163,31,164.03333333333333,0.2557058334350586,0.6705352599799825
UBFC_PHYS_s04_T3_test,163,32,164.06666666666666,0.23606067895889282,0.7911407007272234
UBFC_PHYS_s04_T3_test,163,33,164.1,0.27824509143829346,0.8473456392606732
UBFC_PHYS_s04_T3_test,163,34,164.13333333333333,0.32774773240089417,0.8446919969776353
UBFC_PHYS_s04_T3_test,163,35,164.16666666666666,0.2595062255859375,0.7906659790723283
UBFC_PHYS_s04_T3_test,163,36,164.2,0.02502165548503399,0.6914797084418385
UBFC_PHYS_s04_T3_test,163,37,164.23333333333332,-0.1999034434556961,0.5501697498750777
UBFC_PHYS_s04_T3_test,163,38,164.26666666666668,-0.1867092400789261,0.36674802839338067
UBFC_PHYS_s04_T3_test,163,39,164.3,0.02572326734662056,0.14052555451979373
UBFC_PHYS_s04_T3_test,163,40,164.33333333333334,0.2272515594959259,-0.12602016352016024
UBFC_PHYS_s04_T3_test,163,41,164.36666666666667,0.3255649209022522,-0.4230948076124103
UBFC_PHYS_s04_T3_test,163,42,164.4,0.3038247227668762,-0.7306848679270882
UBFC_PHYS_s04_T3_test,163,43,164.43333333333334,0.13296270370483398,-1.0182564950588797
UBFC_PHYS_s04_T3_test,163,44,164.46666666666667,-0.10350001603364944,-1.2478116327608468
UBFC_PHYS_s04_T3_test,163,45,164.5,-0.23410703241825104,-1.380131323875676
UBFC_PHYS_s04_T3_test,163,46,164.53333333333333,-0.2099793702363968,-1.3829696031690104
UBFC_PHYS_s04_T3_test,163,47,164.56666666666666,-0.12469454109668732,-1.239060705149448
UBFC_PHYS_s04_T3_test,163,48,164.6,-0.09214754402637482,-0.9515063667184236
UBFC_PHYS_s04_T3_test,163,49,164.63333333333333,-0.23081335425376892,-0.544911058450317
UBFC_PHYS_s04_T3_test,163,50,164.66666666666666,-0.5432060956954956,-0.06230691141692397
UBFC_PHYS_s04_T3_test,163,51,164.7,-0.8203330636024475,0.4409991604890279
UBFC_PHYS_s04_T3_test,163,52,164.73333333333332,-0.8649438619613647,0.9057910123090652
UBFC_PHYS_s04_T3_test,163,53,164.76666666666668,-0.7718926072120667,1.2787635045208465
UBFC_PHYS_s04_T3_test,163,54,164.8,-0.7759560942649841,1.5218085130955585
UBFC_PHYS_s04_T3_test,163,55,164.83333333333334,-0.8154217600822449,1.6178355691848032
UBFC_PHYS_s04_T3_test,163,56,164.86666666666667,-0.5786959528923035,1.5712960288619662
UBFC_PHYS_s04_T3_test,163,57,164.9,0.03808917850255966,1.4038162285186753
UBFC_PHYS_s04_T3_test,163,58,164.93333333333334,0.783629834651947,1.1469495392389963
UBFC_PHYS_s04_T3_test,163,59,164.96666666666667,1.3821730613708496,0.8345253538780217
UBFC_PHYS_s04_T3_test,163,60,165.0,1.782734990119934,0.4966894274021121
UBFC_PHYS_s04_T3_test,163,61,165.03333333333333,2.0536158084869385,0.1568009960317744
UBFC_PHYS_s04_T3_test,163,62,165.06666666666666,2.230149030685425,-0.16876488789548727
UBFC_PHYS_s04_T3_test,163,63,165.1,2.3267767429351807,-0.4686884302573296
UBFC_PHYS_s04_T3_test,163,64,165.13333333333333,2.4291632175445557,-0.73373480284103
UBFC_PHYS_s04_T3_test,163,65,165.16666666666666,2.644012451171875,-0.9538959726877555
UBFC_PHYS_s04_T3_test,163,66,165.2,2.931478500366211,-1.116855415148181
UBFC_PHYS_s04_T3_test,163,67,165.23333333333332,3.1131277084350586,-1.20869617302549
UBFC_PHYS_s04_T3_test,163,68,165.26666666666668,3.103344202041626,-1.2168655645707107
UBFC_PHYS_s04_T3_test,163,69,165.3,3.0095913410186768,-1.1343208922672463
UBFC_PHYS_s04_T3_test,163,70,165.33333333333334,2.9210517406463623,-0.9631654974504431
UBFC_PHYS_s04_T3_test,163,71,165.36666666666667,2.742462158203125,-0.7162378440307234
UBFC_PHYS_s04_T3_test,163,72,165.4,2.2798564434051514,-0.4159698961020827
UBFC_PHYS_s04_T3_test,163,73,165.43333333333334,1.4846668243408203,-0.09105793993551893
UBFC_PHYS_s04_T3_test,163,74,165.46666666666667,0.5248811841011047,0.22753409248504863
UBFC_PHYS_s04_T3_test,163,75,165.5,-0.47660166025161743,0.5098336005260773
UBFC_PHYS_s04_T3_test,163,76,165.53333333333333,-1.6709206104278564,0.7292338239820604
UBFC_PHYS_s04_T3_test,163,77,165.56666666666666,-3.191401481628418,0.8647913675942775
UBFC_PHYS_s04_T3_test,163,78,165.6,-4.5662102699279785,0.9037923403187963
UBFC_PHYS_s04_T3_test,163,79,165.63333333333333,-4.88629150390625,0.8439654111777661
UBFC_PHYS_s04_T3_test,163,80,165.66666666666666,-3.9631259441375732,0.6945236785282181
UBFC_PHYS_s04_T3_test,163,81,165.7,-2.7036349773406982,0.4756352556818819
UBFC_PHYS_s04_T3_test,163,82,165.73333333333332,-1.9292502403259277,0.21627028733075362
UBFC_PHYS_s04_T3_test,163,83,165.76666666666668,-1.629963994026184,-0.04944586318710168
UBFC_PHYS_s04_T3_test,163,84,165.8,-1.492828130722046,-0.2870419710156221
UBFC_PHYS_s04_T3_test,163,85,165.83333333333334,-1.3161486387252808,-0.46709404552682
UBFC_PHYS_s04_T3_test,163,86,165.86666666666667,-1.0189281702041626,-0.5703598469479617
UBFC_PHYS_s04_T3_test,163,87,165.9,-0.7947534322738647,-0.5914889800843308
UBFC_PHYS_s04_T3_test,163,88,165.93333333333334,-0.8974421620368958,-0.539928659490106
UBFC_PHYS_s04_T3_test,163,89,165.96666666666667,-1.2084413766860962,-0.4370988718923492
UBFC_PHYS_s04_T3_test,163,90,166.0,-1.3859200477600098,-0.310248967635692
UBFC_PHYS_s04_T3_test,163,91,166.03333333333333,-1.368613600730896,-0.1848817324884343
UBFC_PHYS_s04_T3_test,163,92,166.06666666666666,-1.451637625694275,-0.07828509168126876
UBFC_PHYS_s04_T3_test,163,93,166.1,-1.7904285192489624,0.0037589980425013665
UBFC_PHYS_s04_T3_test,163,94,166.13333333333333,-2.066493272781372,0.06631948310264182
UBFC_PHYS_s04_T3_test,163,95,166.16666666666666,-1.7556792497634888,0.12142265153949174
UBFC_PHYS_s04_T3_test,163,96,166.2,-0.7752252817153931,0.18261571983427696
UBFC_PHYS_s04_T3_test,163,97,166.23333333333332,0.35782933235168457,0.2598384280088051
UBFC_PHYS_s04_T3_test,163,98,166.26666666666668,1.0839781761169434,0.35589471825426744
UBFC_PHYS_s04_T3_test,163,99,166.3,1.303621768951416,0.465116026036379
UBFC_PHYS_s04_T3_test,163,100,166.33333333333334,1.22675621509552,0.5743726702317182
UBFC_PHYS_s04_T3_test,163,101,166.36666666666667,1.0520938634872437,0.6661530961495032
UBFC_PHYS_s04_T3_test,163,102,166.4,0.9218279123306274,0.7227540559266661
UBFC_PHYS_s04_T3_test,163,103,166.43333333333334,0.8709025979042053,0.7301883622003966
UBFC_PHYS_s04_T3_test,163,104,166.46666666666667,0.7798489332199097,0.6806886357500384
UBFC_PHYS_s04_T3_test,163,105,166.5,0.5822477340698242,0.5733677850640908
UBFC_PHYS_s04_T3_test,163,106,166.53333333333333,0.4453359544277191,0.4131987663955728
UBFC_PHYS_s04_T3_test,163,107,166.56666666666666,0.4644061326980591,0.20893982293567986
UBFC_PHYS_s04_T3_test,163,108,166.6,0.4225432872772217,-0.029003127916370948
UBFC_PHYS_s04_T3_test,163,109,166.63333333333333,0.08592547476291656,-0.28975343682333554
UBFC_PHYS_s04_T3_test,163,110,166.66666666666666,-0.4968704581260681,-0.5616450156410893
UBFC_PHYS_s04_T3_test,163,111,166.7,-1.1093387603759766,-0.8306829748149208
UBFC_PHYS_s04_T3_test,163,112,166.73333333333332,-1.6115564107894897,-1.0787778024979815
UBFC_PHYS_s04_T3_test,163,113,166.76666666666668,-1.969232439994812,-1.2830002925867854
UBFC_PHYS_s04_T3_test,163,114,166.8,-2.1221446990966797,-1.416780901096699
UBFC_PHYS_s04_T3_test,163,115,166.83333333333334,-1.965626835823059,-1.4533720638111005
UBFC_PHYS_s04_T3_test,163,116,166.86666666666667,-1.5054279565811157,-1.371282684205959
UBFC_PHYS_s04_T3_test,163,117,166.9,-0.9188510775566101,-1.1606596258868296
UBFC_PHYS_s04_T3_test,163,118,166.93333333333334,-0.3905470073223114,-0.8287412137098884
UBFC_PHYS_s04_T3_test,163,119,166.96666666666667,0.017420858144760132,-0.4021525029540418
UBFC_PHYS_s04_T3_test,163,120,167.0,0.31066542863845825,0.07549222402727526
UBFC_PHYS_s04_T3_test,163,121,167.03333333333333,0.5016598105430603,0.550651223998107
UBFC_PHYS_s04_T3_test,163,122,167.06666666666666,0.6537731885910034,0.9698170895300816
UBFC_PHYS_s04_T3_test,163,123,167.1,0.838043749332428,1.2895081144554283
UBFC_PHYS_s04_T3_test,163,124,167.13333333333333,1.0422420501708984,1.483448414702359
UBFC_PHYS_s04_T3_test,163,125,167.16666666666666,1.2030768394470215,1.5451511778291382
UBFC_PHYS_s04_T3_test,163,126,167.2,1.3206065893173218,1.4857050581934614
UBFC_PHYS_s04_T3_test,163,127,167.23333333333332,1.415480136871338,1.3281153300081727
UBFC_PHYS_s04_T3_test,163,128,167.26666666666668,1.4114068746566772,1.1005291425271728
UBFC_PHYS_s04_T3_test,163,129,167.3,1.2322912216186523,0.8306456719247092
UBFC_PHYS_s04_T3_test,163,130,167.33333333333334,0.9517146348953247,0.5425716216793381
UBFC_PHYS_s04_T3_test,163,131,167.36666666666667,0.6834747195243835,0.2559599266824896
UBFC_PHYS_s04_T3_test,163,132,167.4,0.4314303696155548,-0.013730491837565102
UBFC_PHYS_s04_T3_test,163,133,167.43333333333334,0.11697179824113846,-0.25511946910720473
UBFC_PHYS_s04_T3_test,163,134,167.46666666666667,-0.2640911936759949,-0.4614459497194977
UBFC_PHYS_s04_T3_test,163,135,167.5,-0.5334614515304565,-0.6312210543342736
UBFC_PHYS_s04_T3_test,163,136,167.53333333333333,-0.473444402217865,-0.7678285646492587
UBFC_PHYS_s04_T3_test,163,137,167.56666666666666,-0.1749572455883026,-0.877215530220225
UBFC_PHYS_s04_T3_test,163,138,167.6,0.10219897329807281,-0.9639731395570839
UBFC_PHYS_s04_T3_test,163,139,167.63333333333333,0.2758771777153015,-1.0273135032232386
UBFC_PHYS_s04_T3_test,163,140,167.66666666666666,0.40621131658554077,-1.05885371322808
UBFC_PHYS_s04_T3_test,163,141,167.7,0.45025697350502014,-1.0435259440420164
UBFC_PHYS_s04_T3_test,163,142,167.73333333333332,0.3224758803844452,-0.963703529379279
UBFC_PHYS_s04_T3_test,163,143,167.76666666666668,0.09274669736623764,-0.8054165797747597
UBFC_PHYS_s04_T3_test,163,144,167.8,-0.07033910602331161,-0.5648173444886238
UBFC_PHYS_s04_T3_test,163,145,167.83333333333334,-0.13271436095237732,-0.25281523435415176
UBFC_PHYS_s04_T3_test,163,146,167.86666666666667,-0.18451671302318573,0.10401274117318432
UBFC_PHYS_s04_T3_test,163,147,167.9,-0.2544245421886444,0.4671281930426181
UBFC_PHYS_s04_T3_test,163,148,167.93333333333334,-0.2953713834285736,0.7934383561943384
UBFC_PHYS_s04_T3_test,163,149,167.96666666666667,-0.326885461807251,1.044004410806675
UBFC_PHYS_s04_T3_test,163,150,168.0,-0.4245654344558716,1.1914906870298207
UBFC_PHYS_s04_T3_test,163,151,168.03333333333333,-0.600212037563324,1.2246025389193431
UBFC_PHYS_s04_T3_test,163,152,168.06666666666666,-0.7857299447059631,1.148742967371621
UBFC_PHYS_s04_T3_test,163,153,168.1,-0.9405133128166199,0.983068692778078
UBFC_PHYS_s04_T3_test,163,154,168.13333333333333,-1.1063958406448364,0.7550423920280591
UBFC_PHYS_s04_T3_test,163,155,168.16666666666666,-1.3291089534759521,0.4941636671259119
UBFC_PHYS_s04_T3_test,163,156,168.2,-1.5200740098953247,0.22654108147985383
UBFC_PHYS_s04_T3_test,163,157,168.23333333333332,-1.481553554534912,-0.028573790875626774
UBFC_PHYS_s04_T3_test,163,158,168.26666666666668,-1.1277267932891846,-0.25992674388336046
UBFC_PHYS_s04_T3_test,163,159,168.3,-0.6320672035217285,-0.46335499115767287
UBFC_PHYS_s04_T3_test,163,160,168.33333333333334,-0.21890543401241302,-0.639435088094748
UBFC_PHYS_s04_T3_test,163,161,168.36666666666667,0.08117984235286713,-0.790292532026454
UBFC_PHYS_s04_T3_test,163,162,168.4,0.366414338350296,-0.9160800884912608
UBFC_PHYS_s04_T3_test,163,163,168.43333333333334,0.6512395739555359,-1.0117357723161249
UBFC_PHYS_s04_T3_test,163,164,168.46666666666667,0.8450695872306824,-1.0650169080636445
UBFC_PHYS_s04_T3_test,163,165,168.5,0.9025043249130249,-1.057077776061475
UBFC_PHYS_s04_T3_test,163,166,168.53333333333333,0.877655565738678,-0.9665031345382613
UBFC_PHYS_s04_T3_test,163,167,168.56666666666666,0.8446603417396545,-0.7765359519171743
UBFC_PHYS_s04_T3_test,163,168,168.6,0.8294197916984558,-0.4835735549362011
UBFC_PHYS_s04_T3_test,163,169,168.63333333333333,0.8216046094894409,-0.10371484267249437
UBFC_PHYS_s04_T3_test,163,170,168.66666666666666,0.7891258001327515,0.3258693170059401
UBFC_PHYS_s04_T3_test,163,171,168.7,0.7256396412849426,0.7523069820267863
UBFC_PHYS_s04_T3_test,163,172,168.73333333333332,0.6761857867240906,1.117901153807305
UBFC_PHYS_s04_T3_test,163,173,168.76666666666668,0.6864273548126221,1.3729121586879682
UBFC_PHYS_s04_T3_test,163,174,168.8,0.7401103973388672,1.486083682535771
UBFC_PHYS_s04_T3_test,163,175,168.83333333333334,0.7593072652816772,1.4499388361191885
UBFC_PHYS_s04_T3_test,163,176,168.86666666666667,0.6817694306373596,1.279925531612674
UBFC_PHYS_s04_T3_test,163,177,168.9,0.5130804777145386,1.0084822997134728
UBFC_PHYS_s04_T3_test,163,178,168.93333333333334,0.26608383655548096,0.6763563790374072
UBFC_PHYS_s04_T3_test,163,179,168.96666666666667,-0.048267561942338943,0.32377632557126995
UBFC_PHYS_s04_T3_test,163,180,169.0,-0.29067450761795044,-0.01647079989011803
UBFC_PHYS_s04_T3_test,163,181,169.03333333333333,-0.2399245649576187,-0.3228849243249786
UBFC_PHYS_s04_T3_test,163,182,169.06666666666666,0.08879038691520691,-0.5856321719546315
UBFC_PHYS_s04_T3_test,163,183,169.1,0.4737609624862671,-0.8037414288814094
UBFC_PHYS_s04_T3_test,163,184,169.13333333333333,0.7586641311645508,-0.98008498794581
UBFC_PHYS_s04_T3_test,163,185,169.16666666666666,0.9502041935920715,-1.1157374727667209
UBFC_PHYS_s04_T3_test,163,186,169.2,1.0925534963607788,-1.2056558357703195
UBFC_PHYS_s04_T3_test,163,187,169.23333333333332,1.1807324886322021,-1.237436720344541
UBFC_PHYS_s04_T3_test,163,188,169.26666666666668,1.2050647735595703,-1.194044292229949
UBFC_PHYS_s04_T3_test,163,189,169.3,1.1958658695220947,-1.059986343986709
UBFC_PHYS_s04_T3_test,163,190,169.33333333333334,1.1811027526855469,-0.8289026989688698
UBFC_PHYS_s04_T3_test,163,191,169.36666666666667,1.1532331705093384,-0.5096498411578031
UBFC_PHYS_s04_T3_test,163,192,169.4,1.075568675994873,-0.1282775020940073
UBFC_PHYS_s04_T3_test,163,193,169.43333333333334,0.9198789596557617,0.2752547056932539
UBFC_PHYS_s04_T3_test,163,194,169.46666666666667,0.717278778553009,0.6547683183584999
UBFC_PHYS_s04_T3_test,163,195,169.5,0.505801260471344,0.9674553176810236
UBFC_PHYS_s04_T3_test,163,196,169.53333333333333,0.24034830927848816,1.1822837016697345
UBFC_PHYS_s04_T3_test,163,197,169.56666666666666,-0.08829841762781143,1.2847986647501237
UBFC_PHYS_s04_T3_test,163,198,169.6,-0.3738739788532257,1.2773802611868568
UBFC_PHYS_s04_T3_test,163,199,169.63333333333333,-0.5849130153656006,1.1755239803087423
UBFC_PHYS_s04_T3_test,163,200,169.66666666666666,-0.8383703231811523,1.001647593836058
UBFC_PHYS_s04_T3_test,163,201,169.7,-1.1874808073043823,0.7783771551012643
UBFC_PHYS_s04_T3_test,163,202,169.73333333333332,-1.5023972988128662,0.5234060083472962
UBFC_PHYS_s04_T3_test,163,203,169.76666666666668,-1.5914922952651978,0.2475590418654014
UBFC_PHYS_s04_T3_test,163,204,169.8,-1.3986074924468994,-0.043533413249033044
UBFC_PHYS_s04_T3_test,163,205,169.83333333333334,-1.0765773057937622,-0.34516798804917515
UBFC_PHYS_s04_T3_test,163,206,169.86666666666667,-0.816961407661438,-0.6486038812112856
UBFC_PHYS_s04_T3_test,163,207,169.9,-0.6657738089561462,-0.9373907637588973
UBFC_PHYS_s04_T3_test,163,208,169.93333333333334,-0.5682302117347717,-1.1864272013342316
UBFC_PHYS_s04_T3_test,163,209,169.96666666666667,-0.4986829459667206,-1.3643277443191355
UBFC_PHYS_s04_T3_test,163,210,170.0,-0.4714857339859009,-1.4388142181329917
UBFC_PHYS_s04_T3_test,163,211,170.03333333333333,-0.49851730465888977,-1.3840985386531166
UBFC_PHYS_s04_T3_test,163,212,170.06666666666666,-0.5155898332595825,-1.1886070790378915
UBFC_PHYS_s04_T3_test,163,213,170.1,-0.4136027693748474,-0.860954814066097
UBFC_PHYS_s04_T3_test,163,214,170.13333333333333,-0.21320484578609467,-0.4320193999979344
UBFC_PHYS_s04_T3_test,163,215,170.16666666666666,-0.07702390849590302,0.04831546024004784
UBFC_PHYS_s04_T3_test,163,216,170.2,-0.09533403068780899,0.5195967478294525
UBFC_PHYS_s04_T3_test,163,217,170.23333333333332,-0.21397466957569122,0.9224698540940176
UBFC_PHYS_s04_T3_test,163,218,170.26666666666668,-0.3396703898906708,1.2104494994305361
UBFC_PHYS_s04_T3_test,163,219,170.3,-0.40778523683547974,1.358517408946348
UBFC_PHYS_s04_T3_test,163,220,170.33333333333334,-0.4385976791381836,1.3661810442158766
UBFC_PHYS_s04_T3_test,163,221,170.36666666666667,-0.5329352617263794,1.2543710239940176
UBFC_PHYS_s04_T3_test,163,222,170.4,-0.6980187296867371,1.0575827370986781
UBFC_PHYS_s04_T3_test,163,223,170.43333333333334,-0.730789840221405,0.8141174826408157
UBFC_PHYS_s04_T3_test,163,224,170.46666666666667,-0.44100460410118103,0.5575259322870013
UBFC_PHYS_s04_T3_test,163,225,170.5,0.06261636316776276,0.3115083141628192
UBFC_PHYS_s04_T3_test,163,226,170.53333333333333,0.49599817395210266,0.08907610395753982
UBFC_PHYS_s04_T3_test,163,227,170.56666666666666,0.7551268339157104,-0.10480782902948728
UBFC_PHYS_s04_T3_test,163,228,170.6,0.912736177444458,-0.26910624274544537
UBFC_PHYS_s04_T3_test,163,229,170.63333333333333,1.028433918952942,-0.4032958203775152
UBFC_PHYS_s04_T3_test,163,230,170.66666666666666,1.1031458377838135,-0.5058993137673208
UBFC_PHYS_s04_T3_test,163,231,170.7,1.1251784563064575,-0.5748894610806426
UBFC_PHYS_s04_T3_test,163,232,170.73333333333332,1.10191810131073,-0.6091308267067637
UBFC_PHYS_s04_T3_test,163,233,170.76666666666668,1.0489755868911743,-0.6098726631894602
UBFC_PHYS_s04_T3_test,163,234,170.8,0.9621121287345886,-0.5814627340914187
UBFC_PHYS_s04_T3_test,163,235,170.83333333333334,0.8443289995193481,-0.5308378735721586
UBFC_PHYS_s04_T3_test,163,236,170.86666666666667,0.7237979173660278,-0.46591977110352395
UBFC_PHYS_s04_T3_test,163,237,170.9,0.5799674987792969,-0.3935738216679304
UBFC_PHYS_s04_T3_test,163,238,170.93333333333334,0.35724467039108276,-0.3180177848718589
UBFC_PHYS_s04_T3_test,163,239,170.96666666666667,0.09429609030485153,-0.24039224511055274
UBFC_PHYS_s04_T3_test,164,0,164.0,0.3404839336872101,-0.010462541049942271
UBFC_PHYS_s04_T3_test,164,1,164.03333333333333,0.2557058334350586,-0.050698650479309965
UBFC_PHYS_s04_T3_test,164,2,164.06666666666666,0.23606067895889282,-0.10056038308519023
UBFC_PHYS_s04_T3_test,164,3,164.1,0.27824509143829346,-0.16509253701943122
UBFC_PHYS_s04_T3_test,164,4,164.13333333333333,0.32774773240089417,-0.2455114819226384
UBFC_PHYS_s04_T3_test,164,5,164.16666666666666,0.2595062255859375,-0.3394439297357769
UBFC_PHYS_s04_T3_test,164,6,164.2,0.02502165548503399,-0.4425438976818429
UBFC_PHYS_s04_T3_test,164,7,164.23333333333332,-0.1999034434556961,-0.5506236086784888
UBFC_PHYS_s04_T3_test,164,8,164.26666666666668,-0.1867092400789261,-0.6609816406063953
UBFC_PHYS_s04_T3_test,164,9,164.3,0.02572326734662056,-0.7719155698878234
UBFC_PHYS_s04_T3_test,164,10,164.33333333333334,0.2272515594959259,-0.8805714205542512
UBFC_PHYS_s04_T3_test,164,11,164.36666666666667,0.3255649209022522,-0.980365861234277
UBFC_PHYS_s04_T3_test,164,12,164.4,0.3038247227668762,-1.0593489794591473
UBFC_PHYS_s04_T3_test,164,13,164.43333333333334,0.13296270370483398,-1.100348087101598
UBFC_PHYS_s04_T3_test,164,14,164.46666666666667,-0.10350001603364944,-1.0831871947218963
UBFC_PHYS_s04_T3_test,164,15,164.5,-0.23410703241825104,-0.988776762781575
UBFC_PHYS_s04_T3_test,164,16,164.53333333333333,-0.2099793702363968,-0.8042879364800024
UBFC_PHYS_s04_T3_test,164,17,164.56666666666666,-0.12469454109668732,-0.5281314130407203
UBFC_PHYS_s04_T3_test,164,18,164.6,-0.09214754402637482,-0.1733048346067528
UBFC_PHYS_s04_T3_test,164,19,164.63333333333333,-0.23081335425376892,0.23207631379549803
UBFC_PHYS_s04_T3_test,164,20,164.66666666666666,-0.5432060956954956,0.6476820025888254
UBFC_PHYS_s04_T3_test,164,21,164.7,-0.8203330636024475,1.0272339280530693
UBFC_PHYS_s04_T3_test,164,22,164.73333333333332,-0.8649438619613647,1.327283515661103
UBFC_PHYS_s04_T3_test,164,23,164.76666666666668,-0.7718926072120667,1.516480158895102
UBFC_PHYS_s04_T3_test,164,24,164.8,-0.7759560942649841,1.5820768658044426
UBFC_PHYS_s04_T3_test,164,25,164.83333333333334,-0.8154217600822449,1.5307452098257452
UBFC_PHYS_s04_T3_test,164,26,164.86666666666667,-0.5786959528923035,1.3834235424523547
UBFC_PHYS_s04_T3_test,164,27,164.9,0.03808917850255966,1.166965172267634
UBFC_PHYS_s04_T3_test,164,28,164.93333333333334,0.783629834651947,0.9064513793183628
UBFC_PHYS_s04_T3_test,164,29,164.96666666666667,1.3821730613708496,0.6209326437240548
UBFC_PHYS_s04_T3_test,164,30,165.0,1.782734990119934,0.32322229250238915
UBFC_PHYS_s04_T3_test,164,31,165.03333333333333,2.0536158084869385,0.022599551562803428
UBFC_PHYS_s04_T3_test,164,32,165.06666666666666,2.230149030685425,-0.2713333711872593
UBFC_PHYS_s04_T3_test,164,33,165.1,2.3267767429351807,-0.5452735295510326
UBFC_PHYS_s04_T3_test,164,34,165.13333333333333,2.4291632175445557,-0.7807527059900978
UBFC_PHYS_s04_T3_test,164,35,165.16666666666666,2.644012451171875,-0.955627595353532
UBFC_PHYS_s04_T3_test,164,36,165.2,2.931478500366211,-1.0486367780256014
UBFC_PHYS_s04_T3_test,164,37,165.23333333333332,3.1131277084350586,-1.0457888588843263
UBFC_PHYS_s04_T3_test,164,38,165.26666666666668,3.103344202041626,-0.9461395394598621
UBFC_PHYS_s04_T3_test,164,39,165.3,3.0095913410186768,-0.7642372158742589
UBFC_PHYS_s04_T3_test,164,40,165.33333333333334,2.9210517406463623,-0.5276414396407013
UBFC_PHYS_s04_T3_test,164,41,165.36666666666667,2.742462158203125,-0.2701254348971028
UBFC_PHYS_s04_T3_test,164,42,165.4,2.2798564434051514,-0.023402269931789732
UBFC_PHYS_s04_T3_test,164,43,165.43333333333334,1.4846668243408203,0.18900720149095704
UBFC_PHYS_s04_T3_test,164,44,165.46666666666667,0.5248811841011047,0.3535278779545269
UBFC_PHYS_s04_T3_test,164,45,165.5,-0.47660166025161743,0.464226703659598
UBFC_PHYS_s04_T3_test,164,46,165.53333333333333,-1.6709206104278564,0.5188253373456234
UBFC_PHYS_s04_T3_test,164,47,165.56666666666666,-3.191401481628418,0.5158003136590248
UBFC_PHYS_s04_T3_test,164,48,165.6,-4.5662102699279785,0.45404534554733983
UBFC_PHYS_s04_T3_test,164,49,165.63333333333333,-4.88629150390625,0.3348200417930396
UBFC_PHYS_s04_T3_test,164,50,165.66666666666666,-3.9631259441375732,0.1647326407805004
UBFC_PHYS_s04_T3_test,164,51,165.7,-2.7036349773406982,-0.04171506739447156
UBFC_PHYS_s04_T3_test,164,52,165.73333333333332,-1.9292502403259277,-0.2614070934150363
UBFC_PHYS_s04_T3_test,164,53,165.76666666666668,-1.629963994026184,-0.46464614873990995
UBFC_PHYS_s04_T3_test,164,54,165.8,-1.492828130722046,-0.6199259739477038
UBFC_PHYS_s04_T3_test,164,55,165.83333333333334,-1.3161486387252808,-0.7003792434054459
UBFC_PHYS_s04_T3_test,164,56,165.86666666666667,-1.0189281702041626,-0.6901730088503312
UBFC_PHYS_s04_T3_test,164,57,165.9,-0.7947534322738647,-0.589017229930973
UBFC_PHYS_s04_T3_test,164,58,165.93333333333334,-0.8974421620368958,-0.41335034507083146
UBFC_PHYS_s04_T3_test,164,59,165.96666666666667,-1.2084413766860962,-0.19353819854312757
UBFC_PHYS_s04_T3_test,164,60,166.0,-1.3859200477600098,0.0325918100800817
UBFC_PHYS_s04_T3_test,164,61,166.03333333333333,-1.368613600730896,0.2285331792325461
UBFC_PHYS_s04_T3_test,164,62,166.06666666666666,-1.451637625694275,0.367998642446688
UBFC_PHYS_s04_T3_test,164,63,166.1,-1.7904285192489624,0.44132142916129563
UBFC_PHYS_s04_T3_test,164,64,166.13333333333333,-2.066493272781372,0.4570997926388328
UBFC_PHYS_s04_T3_test,164,65,166.16666666666666,-1.7556792497634888,0.4382462963581892
UBFC_PHYS_s04_T3_test,164,66,166.2,-0.7752252817153931,0.4137814125211842
UBFC_PHYS_s04_T3_test,164,67,166.23333333333332,0.35782933235168457,0.40933528957288445
UBFC_PHYS_s04_T3_test,164,68,166.26666666666668,1.0839781761169434,0.43938152337045006
UBFC_PHYS_s04_T3_test,164,69,166.3,1.303621768951416,0.503216529794662
UBFC_PHYS_s04_T3_test,164,70,166.33333333333334,1.22675621509552,0.585522811216178
UBFC_PHYS_s04_T3_test,164,71,166.36666666666667,1.0520938634872437,0.6611443711880437
UBFC_PHYS_s04_T3_test,164,72,166.4,0.9218279123306274,0.7024375454343013
UBFC_PHYS_s04_T3_test,164,73,166.43333333333334,0.8709025979042053,0.6867822665623844
UBFC_PHYS_s04_T3_test,164,74,166.46666666666667,0.7798489332199097,0.6020235928488131
UBFC_PHYS_s04_T3_test,164,75,166.5,0.5822477340698242,0.44852139540553865
UBFC_PHYS_s04_T3_test,164,76,166.53333333333333,0.4453359544277191,0.2376149416859676
UBFC_PHYS_s04_T3_test,164,77,166.56666666666666,0.4644061326980591,-0.01259964680215135
UBFC_PHYS_s04_T3_test,164,78,166.6,0.4225432872772217,-0.2824312387990399
UBFC_PHYS_s04_T3_test,164,79,166.63333333333333,0.08592547476291656,-0.5547040141519402
UBFC_PHYS_s04_T3_test,164,80,166.66666666666666,-0.4968704581260681,-0.816380098616889
UBFC_PHYS_s04_T3_test,164,81,166.7,-1.1093387603759766,-1.057312537533949
UBFC_PHYS_s04_T3_test,164,82,166.73333333333332,-1.6115564107894897,-1.266855232548631
UBFC_PHYS_s04_T3_test,164,83,166.76666666666668,-1.969232439994812,-1.4299888605678623
UBFC_PHYS_s04_T3_test,164,84,166.8,-2.1221446990966797,-1.5251679433547347
UBFC_PHYS_s04_T3_test,164,85,166.83333333333334,-1.965626835823059,-1.5258810695129246
UBFC_PHYS_s04_T3_test,164,86,166.86666666666667,-1.5054279565811157,-1.406713201712343
UBFC_PHYS_s04_T3_test,164,87,166.9,-0.9188510775566101,-1.1527357883333194
UBFC_PHYS_s04_T3_test,164,88,166.93333333333334,-0.3905470073223114,-0.7690320944514318
UBFC_PHYS_s04_T3_test,164,89,166.96666666666667,0.017420858144760132,-0.28611591802230174
UBFC_PHYS_s04_T3_test,164,90,167.0,0.31066542863845825,0.24222031264499955
UBFC_PHYS_s04_T3_test,164,91,167.03333333333333,0.5016598105430603,0.7493080491673977
UBFC_PHYS_s04_T3_test,164,92,167.06666666666666,0.6537731885910034,1.171125593609472
UBFC_PHYS_s04_T3_test,164,93,167.1,0.838043749332428,1.4612024516567572
UBFC_PHYS_s04_T3_test,164,94,167.13333333333333,1.0422420501708984,1.599498441420735
UBFC_PHYS_s04_T3_test,164,95,167.16666666666666,1.2030768394470215,1.5927616074875564
UBFC_PHYS_s04_T3_test,164,96,167.2,1.3206065893173218,1.4676093435962367
UBFC_PHYS_s04_T3_test,164,97,167.23333333333332,1.415480136871338,1.2601729769794314
UBFC_PHYS_s04_T3_test,164,98,167.26666666666668,1.4114068746566772,1.0064690247473165
UBFC_PHYS_s04_T3_test,164,99,167.3,1.2322912216186523,0.7361736490831009
UBFC_PHYS_s04_T3_test,164,100,167.33333333333334,0.9517146348953247,0.4704144870756332
UBFC_PHYS_s04_T3_test,164,101,167.36666666666667,0.6834747195243835,0.22253789570638283
UBFC_PHYS_s04_T3_test,164,102,167.4,0.4314303696155548,9.313522184884945e-05
UBFC_PHYS_s04_T3_test,164,103,167.43333333333334,0.11697179824113846,-0.1934128122516088
UBFC_PHYS_s04_T3_test,164,104,167.46666666666667,-0.2640911936759949,-0.35746960516812504
UBFC_PHYS_s04_T3_test,164,105,167.5,-0.5334614515304565,-0.4938103864434807
UBFC_PHYS_s04_T3_test,164,106,167.53333333333333,-0.473444402217865,-0.6052866402688183
UBFC_PHYS_s04_T3_test,164,107,167.56666666666666,-0.1749572455883026,-0.6941177032398458
UBFC_PHYS_s04_T3_test,164,108,167.6,0.10219897329807281,-0.759939773960557
UBFC_PHYS_s04_T3_test,164,109,167.63333333333333,0.2758771777153015,-0.7985405101965798
UBFC_PHYS_s04_T3_test,164,110,167.66666666666666,0.40621131658554077,-0.8020991528432274
UBFC_PHYS_s04_T3_test,164,111,167.7,0.45025697350502014,-0.7612204844022646
UBFC_PHYS_s04_T3_test,164,112,167.73333333333332,0.3224758803844452,-0.6683453707501671
UBFC_PHYS_s04_T3_test,164,113,167.76666666666668,0.09274669736623764,-0.5215495848081997
UBFC_PHYS_s04_T3_test,164,114,167.8,-0.07033910602331161,-0.3275126926146847
UBFC_PHYS_s04_T3_test,164,115,167.83333333333334,-0.13271436095237732,-0.10257372041629516
UBFC_PHYS_s04_T3_test,164,116,167.86666666666667,-0.18451671302318573,0.12877257083190927
UBFC_PHYS_s04_T3_test,164,117,167.9,-0.2544245421886444,0.33789628770756475
UBFC_PHYS_s04_T3_test,164,118,167.93333333333334,-0.2953713834285736,0.49770178685639904
UBFC_PHYS_s04_T3_test,164,119,167.96666666666667,-0.326885461807251,0.5883651214835564
UBFC_PHYS_s04_T3_test,164,120,168.0,-0.4245654344558716,0.6013105119574789
UBFC_PHYS_s04_T3_test,164,121,168.03333333333333,-0.600212037563324,0.5401616142982668
UBFC_PHYS_s04_T3_test,164,122,168.06666666666666,-0.7857299447059631,0.4186748318575736
UBFC_PHYS_s04_T3_test,164,123,168.1,-0.9405133128166199,0.2567736656121982
UBFC_PHYS_s04_T3_test,164,124,168.13333333333333,-1.1063958406448364,0.07606124434708944
UBFC_PHYS_s04_T3_test,164,125,168.16666666666666,-1.3291089534759521,-0.10407159419670893
UBFC_PHYS_s04_T3_test,164,126,168.2,-1.5200740098953247,-0.2688620762000077
UBFC_PHYS_s04_T3_test,164,127,168.23333333333332,-1.481553554534912,-0.4085751565013581
UBFC_PHYS_s04_T3_test,164,128,168.26666666666668,-1.1277267932891846,-0.5170389685921011
UBFC_PHYS_s04_T3_test,164,129,168.3,-0.6320672035217285,-0.5892522492188992
UBFC_PHYS_s04_T3_test,164,130,168.33333333333334,-0.21890543401241302,-0.6194118191903146
UBFC_PHYS_s04_T3_test,164,131,168.36666666666667,0.08117984235286713,-0.6004768941353119
UBFC_PHYS_s04_T3_test,164,132,168.4,0.366414338350296,-0.5255875819331843
UBFC_PHYS_s04_T3_test,164,133,168.43333333333334,0.6512395739555359,-0.3907492021990249
UBFC_PHYS_s04_T3_test,164,134,168.46666666666667,0.8450695872306824,-0.19767566571701867
UBFC_PHYS_s04_T3_test,164,135,168.5,0.9025043249130249,0.04427992863053617
UBFC_PHYS_s04_T3_test,164,136,168.53333333333333,0.877655565738678,0.3177230232153544
UBFC_PHYS_s04_T3_test,164,137,168.56666666666666,0.8446603417396545,0.5983861687605923
UBFC_PHYS_s04_T3_test,164,138,168.6,0.8294197916984558,0.8575323779533328
UBFC_PHYS_s04_T3_test,164,139,168.63333333333333,0.8216046094894409,1.0652363144481496
UBFC_PHYS_s04_T3_test,164,140,168.66666666666666,0.7891258001327515,1.1943692277056388
UBFC_PHYS_s04_T3_test,164,141,168.7,0.7256396412849426,1.2249894356273823
UBFC_PHYS_s04_T3_test,164,142,168.73333333333332,0.6761857867240906,1.1482320281256302
UBFC_PHYS_s04_T3_test,164,143,168.76666666666668,0.6864273548126221,0.9683993351829394
UBFC_PHYS_s04_T3_test,164,144,168.8,0.7401103973388672,0.7024083643726968
UBFC_PHYS_s04_T3_test,164,145,168.83333333333334,0.7593072652816772,0.3766773880053105
UBFC_PHYS_s04_T3_test,164,146,168.86666666666667,0.6817694306373596,0.022281585563090383
UBFC_PHYS_s04_T3_test,164,147,168.9,0.5130804777145386,-0.33032178884499847
UBFC_PHYS_s04_T3_test,164,148,168.93333333333334,0.26608383655548096,-0.6554654643562391
UBFC_PHYS_s04_T3_test,164,149,168.96666666666667,-0.048267561942338943,-0.9340883003620513
UBFC_PHYS_s04_T3_test,164,150,169.0,-0.29067450761795044,-1.152910765321507
UBFC_PHYS_s04_T3_test,164,151,169.03333333333333,-0.2399245649576187,-1.301995044124221
UBFC_PHYS_s04_T3_test,164,152,169.06666666666666,0.08879038691520691,-1.3726506965323906
UBFC_PHYS_s04_T3_test,164,153,169.1,0.4737609624862671,-1.357433499373914
UBFC_PHYS_s04_T3_test,164,154,169.13333333333333,0.7586641311645508,-1.252521425702542
UBFC_PHYS_s04_T3_test,164,155,169.16666666666666,0.9502041935920715,-1.0611107414977952
UBFC_PHYS_s04_T3_test,164,156,169.2,1.0925534963607788,-0.7958325567227736
UBFC_PHYS_s04_T3_test,164,157,169.23333333333332,1.1807324886322021,-0.4787169927533904
UBFC_PHYS_s04_T3_test,164,158,169.26666666666668,1.2050647735595703,-0.13841510124094009
UBFC_PHYS_s04_T3_test,164,159,169.3,1.1958658695220947,0.19441675413453913
UBFC_PHYS_s04_T3_test,164,160,169.33333333333334,1.1811027526855469,0.4920204995563204
UBFC_PHYS_s04_T3_test,164,161,169.36666666666667,1.1532331705093384,0.7333931745090094
UBFC_PHYS_s04_T3_test,164,162,169.4,1.075568675994873,0.9065981675481398
UBFC_PHYS_s04_T3_test,164,163,169.43333333333334,0.9198789596557617,1.0095995572888656
UBFC_PHYS_s04_T3_test,164,164,169.46666666666667,0.717278778553009,1.0494841479542634
UBFC_PHYS_s04_T3_test,164,165,169.5,0.505801260471344,1.0397006234211903
UBFC_PHYS_s04_T3_test,164,166,169.53333333333333,0.24034830927848816,0.9955083165298723
UBFC_PHYS_s04_T3_test,164,167,169.56666666666666,-0.08829841762781143,0.9289079173477215
UBFC_PHYS_s04_T3_test,164,168,169.6,-0.3738739788532257,0.8450353284298922
UBFC_PHYS_s04_T3_test,164,169,169.63333333333333,-0.5849130153656006,0.7416182428870509
UBFC_PHYS_s04_T3_test,164,170,169.66666666666666,-0.8383703231811523,0.6116275579185539
UBFC_PHYS_s04_T3_test,164,171,169.7,-1.1874808073043823,0.4477257499215059
UBFC_PHYS_s04_T3_test,164,172,169.73333333333332,-1.5023972988128662,0.24655651006566595
UBFC_PHYS_s04_T3_test,164,173,169.76666666666668,-1.5914922952651978,0.011374293509561859
UBFC_PHYS_s04_T3_test,164,174,169.8,-1.3986074924468994,-0.24754271011824824
UBFC_PHYS_s04_T3_test,164,175,169.83333333333334,-1.0765773057937622,-0.5142837571506337
UBFC_PHYS_s04_T3_test,164,176,169.86666666666667,-0.816961407661438,-0.7694666583146453
UBFC_PHYS_s04_T3_test,164,177,169.9,-0.6657738089561462,-0.9921521138354347
UBFC_PHYS_s04_T3_test,164,178,169.93333333333334,-0.5682302117347717,-1.1611425749930826
UBFC_PHYS_s04_T3_test,164,179,169.96666666666667,-0.4986829459667206,-1.2561326765278804
UBFC_PHYS_s04_T3_test,164,180,170.0,-0.4714857339859009,-1.2596310223291818
UBFC_PHYS_s04_T3_test,164,181,170.03333333333333,-0.49851730465888977,-1.1602962141512587
UBFC_PHYS_s04_T3_test,164,182,170.06666666666666,-0.5155898332595825,-0.9573413883957466
UBFC_PHYS_s04_T3_test,164,183,170.1,-0.4136027693748474,-0.6643690567349837
UBFC_PHYS_s04_T3_test,164,184,170.13333333333333,-0.21320484578609467,-0.3102084664561719
UBFC_PHYS_s04_T3_test,164,185,170.16666666666666,-0.07702390849590302,0.06492726661401683
UBFC_PHYS_s04_T3_test,164,186,170.2,-0.09533403068780899,0.41729173622078375
UBFC_PHYS_s04_T3_test,164,187,170.23333333333332,-0.21397466957569122,0.7085495398154997
UBFC_PHYS_s04_T3_test,164,188,170.26666666666668,-0.3396703898906708,0.9125309825350908
UBFC_PHYS_s04_T3_test,164,189,170.3,-0.40778523683547974,1.0180101073996974
UBFC_PHYS_s04_T3_test,164,190,170.33333333333334,-0.4385976791381836,1.0278111528417482
UBFC_PHYS_s04_T3_test,164,191,170.36666666666667,-0.5329352617263794,0.9556671048760393
UBFC_PHYS_s04_T3_test,164,192,170.4,-0.6980187296867371,0.8218649636986171
UBFC_PHYS_s04_T3_test,164,193,170.43333333333334,-0.730789840221405,0.6482045892974978
UBFC_PHYS_s04_T3_test,164,194,170.46666666666667,-0.44100460410118103,0.4533399207998501
UBFC_PHYS_s04_T3_test,164,195,170.5,0.06261636316776276,0.25010171711775675
UBFC_PHYS_s04_T3_test,164,196,170.53333333333333,0.49599817395210266,0.045638576819786315
UBFC_PHYS_s04_T3_test,164,197,170.56666666666666,0.7551268339157104,-0.15620975671174475
UBFC_PHYS_s04_T3_test,164,198,170.6,0.912736177444458,-0.3517187208917483
UBFC_PHYS_s04_T3_test,164,199,170.63333333333333,1.028433918952942,-0.5345713942056891
UBFC_PHYS_s04_T3_test,164,200,170.66666666666666,1.1031458377838135,-0.6943161069401087
UBFC_PHYS_s04_T3_test,164,201,170.7,1.1251784563064575,-0.8162008701847435
UBFC_PHYS_s04_T3_test,164,202,170.73333333333332,1.10191810131073,-0.8826055522362487
UBFC_PHYS_s04_T3_test,164,203,170.76666666666668,1.0489755868911743,-0.8762715417258011
UBFC_PHYS_s04_T3_test,164,204,170.8,0.9621121287345886,-0.784952037118622
UBFC_PHYS_s04_T3_test,164,205,170.83333333333334,0.8443289995193481,-0.6062503445604153
UBFC_PHYS_s04_T3_test,164,206,170.86666666666667,0.7237979173660278,-0.35091168520603444
UBFC_PHYS_s04_T3_test,164,207,170.9,0.5799674987792969,-0.043068501061234186
UBFC_PHYS_s04_T3_test,164,208,170.93333333333334,0.35724467039108276,0.28307489601930014
UBFC_PHYS_s04_T3_test,164,209,170.96666666666667,0.09429609030485153,0.5892544182748979
UBFC_PHYS_s04_T3_test,164,210,171.0,-0.12608802318572998,0.8398851746085855
UBFC_PHYS_s04_T3_test,164,211,171.03333333333333,-0.36800771951675415,1.0075049464790602
UBFC_PHYS_s04_T3_test,164,212,171.06666666666666,-0.7231013178825378,1.0760111914997152
UBFC_PHYS_s04_T3_test,164,213,171.1,-1.0682066679000854,1.0419446161483918
UBFC_PHYS_s04_T3_test,164,214,171.13333333333333,-1.177229404449463,0.9142647459342623
UBFC_PHYS_s04_T3_test,164,215,171.16666666666666,-0.9761590957641602,0.7125981487117049
UBFC_PHYS_s04_T3_test,164,216,171.2,-0.5919291377067566,0.4636974791106604
UBFC_PHYS_s04_T3_test,164,217,171.23333333333332,-0.2253953516483307,0.19626961187644512
UBFC_PHYS_s04_T3_test,164,218,171.26666666666668,0.011759240180253983,-0.06474921436608394
UBFC_PHYS_s04_T3_test,164,219,171.3,0.16452549397945404,-0.30265363838524456
UBFC_PHYS_s04_T3_test,164,220,171.33333333333334,0.3038441836833954,-0.510437712458018
UBFC_PHYS_s04_T3_test,164,221,171.36666666666667,0.4137634038925171,-0.6885314385568222
UBFC_PHYS_s04_T3_test,164,222,171.4,0.4478013217449188,-0.8395380322953969
UBFC_PHYS_s04_T3_test,164,223,171.43333333333334,0.4065329134464264,-0.9620372670122236
UBFC_PHYS_s04_T3_test,164,224,171.46666666666667,0.3375118374824524,-1.0461218308204685
UBFC_PHYS_s04_T3_test,164,225,171.5,0.30072590708732605,-1.0729010681913234
UBFC_PHYS_s04_T3_test,164,226,171.53333333333333,0.3152746260166168,-1.0188175651231943
UBFC_PHYS_s04_T3_test,164,227,171.56666666666666,0.3146996796131134,-0.8637460493915166
UBFC_PHYS_s04_T3_test,164,228,171.6,0.22176533937454224,-0.6001886198535701
UBFC_PHYS_s04_T3_test,164,229,171.63333333333333,0.048486676067113876,-0.2401654224152087
UBFC_PHYS_s04_T3_test,164,230,171.66666666666666,-0.1256982386112213,0.182985164736545
UBFC_PHYS_s04_T3_test,164,231,171.7,-0.264130175113678,0.6189577175763004
UBFC_PHYS_s04_T3_test,164,232,171.73333333333332,-0.413865864276886,1.009880203100002
UBFC_PHYS_s04_T3_test,164,233,171.76666666666668,-0.6275651454925537,1.301916590268886
UBFC_PHYS_s04_T3_test,164,234,171.8,-0.854828953742981,1.4555955763132646
UBFC_PHYS_s04_T3_test,164,235,171.83333333333334,-0.956475019454956,1.4521090501970333
UBFC_PHYS_s04_T3_test,164,236,171.86666666666667,-0.8631606101989746,1.29454194047335
UBFC_PHYS_s04_T3_test,164,237,171.9,-0.701819121837616,1.0048124234680091
UBFC_PHYS_s04_T3_test,164,238,171.93333333333334,-0.6764441132545471,0.6182129138294031
UBFC_PHYS_s04_T3_test,164,239,171.96666666666667,-0.7858079075813293,0.17771244853167442
UBFC_PHYS_s04_T3_test,165,0,165.0,1.782734990119934,-0.007265997637923602
UBFC_PHYS_s04_T3_test,165,1,165.03333333333333,2.0536158084869385,-0.19350940862991958
UBFC_PHYS_s04_T3_test,165,2,165.06666666666666,2.230149030685425,-0.36787220634129153
UBFC_PHYS_s04_T3_test,165,3,165.1,2.3267767429351807,-0.5190716184702
UBFC_PHYS_s04_T3_test,165,4,165.13333333333333,2.4291632175445557,-0.6356214840601626
UBFC_PHYS_s04_T3_test,165,5,165.16666666666666,2.644012451171875,-0.7073163182168192
UBFC_PHYS_s04_T3_test,165,6,165.2,2.931478500366211,-0.7272504462757425
UBFC_PHYS_s04_T3_test,165,7,165.23333333333332,3.1131277084350586,-0.6934192422917226
UBFC_PHYS_s04_T3_test,165,8,165.26666666666668,3.103344202041626,-0.6089034821913047
UBFC_PHYS_s04_T3_test,165,9,165.3,3.0095913410186768,-0.480242523570498
UBFC_PHYS_s04_T3_test,165,10,165.33333333333334,2.9210517406463623,-0.3147855138989616
UBFC_PHYS_s04_T3_test,165,11,165.36666666666667,2.742462158203125,-0.11880707603907531
UBFC_PHYS_s04_T3_test,165,12,165.4,2.2798564434051514,0.10189807469812745
UBFC_PHYS_s04_T3_test,165,13,165.43333333333334,1.4846668243408203,0.33870891847886075
UBFC_PHYS_s04_T3_test,165,14,165.46666666666667,0.5248811841011047,0.5761254611514761
UBFC_PHYS_s04_T3_test,165,15,165.5,-0.47660166025161743,0.790024025829499
UBFC_PHYS_s04_T3_test,165,16,165.53333333333333,-1.6709206104278564,0.9501043147920457
UBFC_PHYS_s04_T3_test,165,17,165.56666666666666,-3.191401481628418,1.0260735604157158
UBFC_PHYS_s04_T3_test,165,18,165.6,-4.5662102699279785,0.9953668638138495
UBFC_PHYS_s04_T3_test,165,19,165.63333333333333,-4.88629150390625,0.8496760794876342
UBFC_PHYS_s04_T3_test,165,20,165.66666666666666,-3.9631259441375732,0.5981202711292143
UBFC_PHYS_s04_T3_test,165,21,165.7,-2.7036349773406982,0.2662867572908106
UBFC_PHYS_s04_T3_test,165,22,165.73333333333332,-1.9292502403259277,-0.10797744163881565
UBFC_PHYS_s04_T3_test,165,23,165.76666666666668,-1.629963994026184,-0.4802787321148465
UBFC_PHYS_s04_T3_test,165,24,165.8,-1.492828130722046,-0.8055842723135173
UBFC_PHYS_s04_T3_test,165,25,165.83333333333334,-1.3161486387252808,-1.0439437059523626
UBFC_PHYS_s04_T3_test,165,26,165.86666666666667,-1.0189281702041626,-1.1660170192054542
UBFC_PHYS_s04_T3_test,165,27,165.9,-0.7947534322738647,-1.1580480884495936
UBFC_PHYS_s04_T3_test,165,28,165.93333333333334,-0.8974421620368958,-1.0252844926546414
UBFC_PHYS_s04_T3_test,165,29,165.96666666666667,-1.2084413766860962,-0.7924209791654284
UBFC_PHYS_s04_T3_test,165,30,166.0,-1.3859200477600098,-0.4998596302110212
UBFC_PHYS_s04_T3_test,165,31,166.03333333333333,-1.368613600730896,-0.19564644378407778
UBFC_PHYS_s04_T3_test,165,32,166.06666666666666,-1.451637625694275,0.07537575807267526
UBFC_PHYS_s04_T3_test,165,33,166.1,-1.7904285192489624,0.28214453261383093
UBFC_PHYS_s04_T3_test,165,34,166.13333333333333,-2.066493272781372,0.41416102541967703
UBFC_PHYS_s04_T3_test,165,35,166.16666666666666,-1.7556792497634888,0.48197709788651694
UBFC_PHYS_s04_T3_test,165,36,166.2,-0.7752252817153931,0.5111397244426249
UBFC_PHYS_s04_T3_test,165,37,166.23333333333332,0.35782933235168457,0.5317895961707754
UBFC_PHYS_s04_T3_test,165,38,166.26666666666668,1.0839781761169434,0.5676041644368817
UBFC_PHYS_s04_T3_test,165,39,166.3,1.303621768951416,0.6278085790435236
UBFC_PHYS_s04_T3_test,165,40,166.33333333333334,1.22675621509552,0.7046704204249199
UBFC_PHYS_s04_T3_test,165,41,166.36666666666667,1.0520938634872437,0.7768299706272063
UBFC_PHYS_s04_T3_test,165,42,166.4,0.9218279123306274,0.8167931210725278
UBFC_PHYS_s04_T3_test,165,43,166.43333333333334,0.8709025979042053,0.7996620831457012
UBFC_PHYS_s04_T3_test,165,44,166.46666666666667,0.7798489332199097,0.7101095344236217
UBFC_PHYS_s04_T3_test,165,45,166.5,0.5822477340698242,0.5456244686634075
UBFC_PHYS_s04_T3_test,165,46,166.53333333333333,0.4453359544277191,0.3156824451110342
UBFC_PHYS_s04_T3_test,165,47,166.56666666666666,0.4644061326980591,0.038013103051677904
UBFC_PHYS_s04_T3_test,165,48,166.6,0.4225432872772217,-0.2660387849184554
UBFC_PHYS_s04_T3_test,165,49,166.63333333333333,0.08592547476291656,-0.5751377043731924
UBFC_PHYS_s04_T3_test,165,50,166.66666666666666,-0.4968704581260681,-0.86945420997738
UBFC_PHYS_s04_T3_test,165,51,166.7,-1.1093387603759766,-1.1300443871621557
UBFC_PHYS_s04_T3_test,165,52,166.73333333333332,-1.6115564107894897,-1.3371182850973617
UBFC_PHYS_s04_T3_test,165,53,166.76666666666668,-1.969232439994812,-1.4688069527611485
UBFC_PHYS_s04_T3_test,165,54,166.8,-2.1221446990966797,-1.5020724669061845
UBFC_PHYS_s04_T3_test,165,55,166.83333333333334,-1.965626835823059,-1.4166953430099332
UBFC_PHYS_s04_T3_test,165,56,166.86666666666667,-1.5054279565811157,-1.2018581120670038
UBFC_PHYS_s04_T3_test,165,57,166.9,-0.9188510775566101,-0.8631620407913138
UBFC_PHYS_s04_T3_test,165,58,166.93333333333334,-0.3905470073223114,-0.4267874059454907
UBFC_PHYS_s04_T3_test,165,59,166.96666666666667,0.017420858144760132,0.06205678667123388
UBFC_PHYS_s04_T3_test,165,60,167.0,0.31066542863845825,0.5469788104236386
UBFC_PHYS_s04_T3_test,165,61,167.03333333333333,0.5016598105430603,0.9722000635477385
UBFC_PHYS_s04_T3_test,165,62,167.06666666666666,0.6537731885910034,1.2940542308072227
UBFC_PHYS_s04_T3_test,165,63,167.1,0.838043749332428,1.488158915553231
UBFC_PHYS_s04_T3_test,165,64,167.13333333333333,1.0422420501708984,1.5504632758698245
UBFC_PHYS_s04_T3_test,165,65,167.16666666666666,1.2030768394470215,1.4931584374199949
UBFC_PHYS_s04_T3_test,165,66,167.2,1.3206065893173218,1.3381500871896295
UBFC_PHYS_s04_T3_test,165,67,167.23333333333332,1.415480136871338,1.1109012073553628
UBFC_PHYS_s04_T3_test,165,68,167.26666666666668,1.4114068746566772,0.8363511444325811
UBFC_PHYS_s04_T3_test,165,69,167.3,1.2322912216186523,0.5371532781995045
UBFC_PHYS_s04_T3_test,165,70,167.33333333333334,0.9517146348953247,0.23342286891485078
UBFC_PHYS_s04_T3_test,165,71,167.36666666666667,0.6834747195243835,-0.05719042267943311
UBFC_PHYS_s04_T3_test,165,72,167.4,0.4314303696155548,-0.32005790771004383
UBFC_PHYS_s04_T3_test,165,73,167.43333333333334,0.11697179824113846,-0.5449611998835366
UBFC_PHYS_s04_T3_test,165,74,167.46666666666667,-0.2640911936759949,-0.7275544160198695
UBFC_PHYS_s04_T3_test,165,75,167.5,-0.5334614515304565,-0.8695556499563402
UBFC_PHYS_s04_T3_test,165,76,167.53333333333333,-0.473444402217865,-0.9766163185480754
UBFC_PHYS_s04_T3_test,165,77,167.56666666666666,-0.1749572455883026,-1.0539491206402705
UBFC_PHYS_s04_T3_test,165,78,167.6,0.10219897329807281,-1.1012380256456977
UBFC_PHYS_s04_T3_test,165,79,167.63333333333333,0.2758771777153015,-1.1092845981312611
UBFC_PHYS_s04_T3_test,165,80,167.66666666666666,0.40621131658554077,-1.060610003824266
UBFC_PHYS_s04_T3_test,165,81,167.7,0.45025697350502014,-0.9347776969614947
UBFC_PHYS_s04_T3_test,165,82,167.73333333333332,0.3224758803844452,-0.7170889421625133
UBFC_PHYS_s04_T3_test,165,83,167.76666666666668,0.09274669736623764,-0.4075309727334442
UBFC_PHYS_s04_T3_test,165,84,167.8,-0.07033910602331161,-0.02633229782040626
UBFC_PHYS_s04_T3_test,165,85,167.83333333333334,-0.13271436095237732,0.386508368687265
UBFC_PHYS_s04_T3_test,165,86,167.86666666666667,-0.18451671302318573,0.7781750070115463
UBFC_PHYS_s04_T3_test,165,87,167.9,-0.2544245421886444,1.0944830963866001
UBFC_PHYS_s04_T3_test,165,88,167.93333333333334,-0.2953713834285736,1.2921629196399225
UBFC_PHYS_s04_T3_test,165,89,167.96666666666667,-0.326885461807251,1.3481182379362853
UBFC_PHYS_s04_T3_test,165,90,168.0,-0.4245654344558716,1.2631380464155697
UBFC_PHYS_s04_T3_test,165,91,168.03333333333333,-0.600212037563324,1.0596507903936483
UBFC_PHYS_s04_T3_test,165,92,168.06666666666666,-0.7857299447059631,0.7749753159697321
UBFC_PHYS_s04_T3_test,165,93,168.1,-0.9405133128166199,0.45245785882607686
UBFC_PHYS_s04_T3_test,165,94,168.13333333333333,-1.1063958406448364,0.13279261479263424
UBFC_PHYS_s04_T3_test,165,95,168.16666666666666,-1.3291089534759521,-0.15276653164641188
UBFC_PHYS_s04_T3_test,165,96,168.2,-1.5200740098953247,-0.38616553983415974
UBFC_PHYS_s04_T3_test,165,97,168.23333333333332,-1.481553554534912,-0.5627525503650934
UBFC_PHYS_s04_T3_test,165,98,168.26666666666668,-1.1277267932891846,-0.6882174392139148
UBFC_PHYS_s04_T3_test,165,99,168.3,-0.6320672035217285,-0.7733557678237067
UBFC_PHYS_s04_T3_test,165,100,168.33333333333334,-0.21890543401241302,-0.8281869618257149
UBFC_PHYS_s04_T3_test,165,101,168.36666666666667,0.08117984235286713,-0.8570396231065182
UBFC_PHYS_s04_T3_test,165,102,168.4,0.366414338350296,-0.8560202590833134
UBFC_PHYS_s04_T3_test,165,103,168.43333333333334,0.6512395739555359,-0.8137509677816758
UBFC_PHYS_s04_T3_test,165,104,168.46666666666667,0.8450695872306824,-0.7153712839905512
UBFC_PHYS_s04_T3_test,165,105,168.5,0.9025043249130249,-0.5487426924308971
UBFC_PHYS_s04_T3_test,165,106,168.53333333333333,0.877655565738678,-0.3109288595125313
UBFC_PHYS_s04_T3_test,165,107,168.56666666666666,0.8446603417396545,-0.012747911456354243
UBFC_PHYS_s04_T3_test,165,108,168.6,0.8294197916984558,0.3202929547349697
UBFC_PHYS_s04_T3_test,165,109,168.63333333333333,0.8216046094894409,0.6512613769312223
UBFC_PHYS_s04_T3_test,165,110,168.66666666666666,0.7891258001327515,0.9385354224824669
UBFC_PHYS_s04_T3_test,165,111,168.7,0.7256396412849426,1.1441399843194062
UBFC_PHYS_s04_T3_test,165,112,168.73333333333332,0.6761857867240906,1.241215491003917
UBFC_PHYS_s04_T3_test,165,113,168.76666666666668,0.6864273548126221,1.2185249243743097
UBFC_PHYS_s04_T3_test,165,114,168.8,0.7401103973388672,1.0812097718718547
UBFC_PHYS_s04_T3_test,165,115,168.83333333333334,0.7593072652816772,0.8483553983554897
UBFC_PHYS_s04_T3_test,165,116,168.86666666666667,0.6817694306373596,0.5485205769790642
UBFC_PHYS_s04_T3_test,165,117,168.9,0.5130804777145386,0.2143809433900302
UBFC_PHYS_s04_T3_test,165,118,168.93333333333334,0.26608383655548096,-0.12246444327272007
UBFC_PHYS_s04_T3_test,165,119,168.96666666666667,-0.048267561942338943,-0.43554646143828
UBFC_PHYS_s04_T3_test,165,120,169.0,-0.29067450761795044,-0.7056493288803475
UBFC_PHYS_s04_T3_test,165,121,169.03333333333333,-0.2399245649576187,-0.9206694896898595
UBFC_PHYS_s04_T3_test,165,122,169.06666666666666,0.08879038691520691,-1.0735945275691712
UBFC_PHYS_s04_T3_test,165,123,169.1,0.4737609624862671,-1.1596906458665557
UBFC_PHYS_s04_T3_test,165,124,169.13333333333333,0.7586641311645508,-1.174326768993815
UBFC_PHYS_s04_T3_test,165,125,169.16666666666666,0.9502041935920715,-1.1126625642281565
UBFC_PHYS_s04_T3_test,165,126,169.2,1.0925534963607788,-0.9716839322362961
UBFC_PHYS_s04_T3_test,165,127,169.23333333333332,1.1807324886322021,-0.7539230080044554
UBFC_PHYS_s04_T3_test,165,128,169.26666666666668,1.2050647735595703,-0.47109347103351945
UBFC_PHYS_s04_T3_test,165,129,169.3,1.1958658695220947,-0.14559467678877552
UBFC_PHYS_s04_T3_test,165,130,169.33333333333334,1.1811027526855469,0.19125881412055717
UBFC_PHYS_s04_T3_test,165,131,169.36666666666667,1.1532331705093384,0.5040729605415836
UBFC_PHYS_s04_T3_test,165,132,169.4,1.075568675994873,0.7601026915437745
UBFC_PHYS_s04_T3_test,165,133,169.43333333333334,0.9198789596557617,0.9360951497126432
UBFC_PHYS_s04_T3_test,165,134,169.46666666666667,0.717278778553009,1.0230738967952346
UBFC_PHYS_s04_T3_test,165,135,169.5,0.505801260471344,1.027212310379199
UBFC_PHYS_s04_T3_test,165,136,169.53333333333333,0.24034830927848816,0.9663114476784106
UBFC_PHYS_s04_T3_test,165,137,169.56666666666666,-0.08829841762781143,0.8631284622563657
UBFC_PHYS_s04_T3_test,165,138,169.6,-0.3738739788532257,0.7379370378354736
UBFC_PHYS_s04_T3_test,165,139,169.63333333333333,-0.5849130153656006,0.6028420920876142
UBFC_PHYS_s04_T3_test,165,140,169.66666666666666,-0.8383703231811523,0.45961168924603035
UBFC_PHYS_s04_T3_test,165,141,169.7,-1.1874808073043823,0.301504035493909
UBFC_PHYS_s04_T3_test,165,142,169.73333333333332,-1.5023972988128662,0.11824946003208096
UBFC_PHYS_s04_T3_test,165,143,169.76666666666668,-1.5914922952651978,-0.09755335727208694
UBFC_PHYS_s04_T3_test,165,144,169.8,-1.3986074924468994,-0.3446213285914332
UBFC_PHYS_s04_T3_test,165,145,169.83333333333334,-1.0765773057937622,-0.6094512952468615
UBFC_PHYS_s04_T3_test,165,146,169.86666666666667,-0.816961407661438,-0.8661538264522689
UBFC_PHYS_s04_T3_test,165,147,169.9,-0.6657738089561462,-1.0799799117713105
UBFC_PHYS_s04_T3_test,165,148,169.93333333333334,-0.5682302117347717,-1.2140231447927001
UBFC_PHYS_s04_T3_test,165,149,169.96666666666667,-0.4986829459667206,-1.2377107120308213
UBFC_PHYS_s04_T3_test,165,150,170.0,-0.4714857339859009,-1.134959144375041
UBFC_PHYS_s04_T3_test,165,151,170.03333333333333,-0.49851730465888977,-0.9096248899705303
UBFC_PHYS_s04_T3_test,165,152,170.06666666666666,-0.5155898332595825,-0.586416855535079
UBFC_PHYS_s04_T3_test,165,153,170.1,-0.4136027693748474,-0.20668850461947688
UBFC_PHYS_s04_T3_test,165,154,170.13333333333333,-0.21320484578609467,0.17990723241159454
UBFC_PHYS_s04_T3_test,165,155,170.16666666666666,-0.07702390849590302,0.5256386232513712
UBFC_PHYS_s04_T3_test,165,156,170.2,-0.09533403068780899,0.794021452815486
UBFC_PHYS_s04_T3_test,165,157,170.23333333333332,-0.21397466957569122,0.9658100820237066
UBFC_PHYS_s04_T3_test,165,158,170.26666666666668,-0.3396703898906708,1.040204517002751
UBFC_PHYS_s04_T3_test,165,159,170.3,-0.40778523683547974,1.0312657439791861
UBFC_PHYS_s04_T3_test,165,160,170.33333333333334,-0.4385976791381836,0.9610345141764636
UBFC_PHYS_s04_T3_test,165,161,170.36666666666667,-0.5329352617263794,0.8517593647518448
UBFC_PHYS_s04_T3_test,165,162,170.4,-0.6980187296867371,0.7195668392515633
UBFC_PHYS_s04_T3_test,165,163,170.43333333333334,-0.730789840221405,0.5711819522173378
UBFC_PHYS_s04_T3_test,165,164,170.46666666666667,-0.44100460410118103,0.4044106358492258
UBFC_PHYS_s04_T3_test,165,165,170.5,0.06261636316776276,0.21208518438616697
UBFC_PHYS_s04_T3_test,165,166,170.53333333333333,0.49599817395210266,-0.01190872164606922
UBFC_PHYS_s04_T3_test,165,167,170.56666666666666,0.7551268339157104,-0.266597739064099
UBFC_PHYS_s04_T3_test,165,168,170.6,0.912736177444458,-0.5398657036755784
UBFC_PHYS_s04_T3_test,165,169,170.63333333333333,1.028433918952942,-0.807671989036413
UBFC_PHYS_s04_T3_test,165,170,170.66666666666666,1.1031458377838135,-1.0369366200558348
UBFC_PHYS_s04_T3_test,165,171,170.7,1.1251784563064575,-1.1915941911746348
UBFC_PHYS_s04_T3_test,165,172,170.73333333333332,1.10191810131073,-1.2405357646369901
UBFC_PHYS_s04_T3_test,165,173,170.76666666666668,1.0489755868911743,-1.165580466235435
UBFC_PHYS_s04_T3_test,165,174,170.8,0.9621121287345886,-0.9673644050943581
UBFC_PHYS_s04_T3_test,165,175,170.83333333333334,0.8443289995193481,-0.6672253052351212
UBFC_PHYS_s04_T3_test,165,176,170.86666666666667,0.7237979173660278,-0.3039252023655382
UBFC_PHYS_s04_T3_test,165,177,170.9,0.5799674987792969,0.07453124330270652
UBFC_PHYS_s04_T3_test,165,178,170.93333333333334,0.35724467039108276,0.42189995744319014
UBFC_PHYS_s04_T3_test,165,179,170.96666666666667,0.09429609030485153,0.7039362686760673
UBFC_PHYS_s04_T3_test,165,180,171.0,-0.12608802318572998,0.9040414773388931
UBFC_PHYS_s04_T3_test,165,181,171.03333333333333,-0.36800771951675415,1.0222154479593557
UBFC_PHYS_s04_T3_test,165,182,171.06666666666666,-0.7231013178825378,1.06847000420382
UBFC_PHYS_s04_T3_test,165,183,171.1,-1.0682066679000854,1.0545347509253797
UBFC_PHYS_s04_T3_test,165,184,171.13333333333333,-1.177229404449463,0.9879289170540497
UBFC_PHYS_s04_T3_test,165,185,171.16666666666666,-0.9761590957641602,0.8705361553875465
UBFC_PHYS_s04_T3_test,165,186,171.2,-0.5919291377067566,0.7012169162010581
UBFC_PHYS_s04_T3_test,165,187,171.23333333333332,-0.2253953516483307,0.48021737538437725
UBFC_PHYS_s04_T3_test,165,188,171.26666666666668,0.011759240180253983,0.2129370068330813
UBFC_PHYS_s04_T3_test,165,189,171.3,0.16452549397945404,-0.08840332984692877
UBFC_PHYS_s04_T3_test,165,190,171.33333333333334,0.3038441836833954,-0.40538283302825534
UBFC_PHYS_s04_T3_test,165,191,171.36666666666667,0.4137634038925171,-0.7155068695796056
UBFC_PHYS_s04_T3_test,165,192,171.4,0.4478013217449188,-0.9946523520244983
UBFC_PHYS_s04_T3_test,165,193,171.43333333333334,0.4065329134464264,-1.2189385819509593
UBFC_PHYS_s04_T3_test,165,194,171.46666666666667,0.3375118374824524,-1.3659197085710906
UBFC_PHYS_s04_T3_test,165,195,171.5,0.30072590708732605,-1.4157182596596862
UBFC_PHYS_s04_T3_test,165,196,171.53333333333333,0.3152746260166168,-1.3528870421628612
UBFC_PHYS_s04_T3_test,165,197,171.56666666666666,0.3146996796131134,-1.1693991729442752
UBFC_PHYS_s04_T3_test,165,198,171.6,0.22176533937454224,-0.868449658905246
UBFC_PHYS_s04_T3_test,165,199,171.63333333333333,0.048486676067113876,-0.4678371396186369
UBFC_PHYS_s04_T3_test,165,200,171.66666666666666,-0.1256982386112213,-0.0009490446151954894
UBFC_PHYS_s04_T3_test,165,201,171.7,-0.264130175113678,0.4863710457455581
UBFC_PHYS_s04_T3_test,165,202,171.73333333333332,-0.413865864276886,0.9431566156448741
UBFC_PHYS_s04_T3_test,165,203,171.76666666666668,-0.6275651454925537,1.3227678495805046
UBFC_PHYS_s04_T3_test,165,204,171.8,-0.854828953742981,1.5910682722974847
UBFC_PHYS_s04_T3_test,165,205,171.83333333333334,-0.956475019454956,1.7304903720656704
UBFC_PHYS_s04_T3_test,165,206,171.86666666666667,-0.8631606101989746,1.7393942017350212
UBFC_PHYS_s04_T3_test,165,207,171.9,-0.701819121837616,1.6283697981284477
UBFC_PHYS_s04_T3_test,165,208,171.93333333333334,-0.6764441132545471,1.4158226610505171
UBFC_PHYS_s04_T3_test,165,209,171.96666666666667,-0.7858079075813293,1.1244436584492299
UBFC_PHYS_s04_T3_test,165,210,172.0,-0.813960075378418,0.7789798393693674
UBFC_PHYS_s04_T3_test,165,211,172.03333333333333,-0.6753137707710266,0.4047773782858898
UBFC_PHYS_s04_T3_test,165,212,172.06666666666666,-0.5376808643341064,0.026213483496030157
UBFC_PHYS_s04_T3_test,165,213,172.1,-0.47446760535240173,-0.3355002767791558
UBFC_PHYS_s04_T3_test,165,214,172.13333333333333,-0.3930513858795166,-0.6647943454786146
UBFC_PHYS_s04_T3_test,165,215,172.16666666666666,-0.26105087995529175,-0.9533673244336145
UBFC_PHYS_s04_T3_test,165,216,172.2,-0.12146907299757004,-1.1997165114367638
UBFC_PHYS_s04_T3_test,165,217,172.23333333333332,0.03856666386127472,-1.4060708141335965
UBFC_PHYS_s04_T3_test,165,218,172.26666666666668,0.20183761417865753,-1.573527560257324
UBFC_PHYS_s04_T3_test,165,219,172.3,0.2678670883178711,-1.6973295766939929
UBFC_PHYS_s04_T3_test,165,220,172.33333333333334,0.2529773414134979,-1.7644943198563634
UBFC_PHYS_s04_T3_test,165,221,172.36666666666667,0.27402567863464355,-1.7552399274047066
UBFC_PHYS_s04_T3_test,165,222,172.4,0.3185877799987793,-1.6481877422163185
UBFC_PHYS_s04_T3_test,165,223,172.43333333333334,0.2840236723423004,-1.4278852989299435
UBFC_PHYS_s04_T3_test,165,224,172.46666666666667,0.1873571276664734,-1.0923732750182786
UBFC_PHYS_s04_T3_test,165,225,172.5,0.11713746190071106,-0.6583017807039441
UBFC_PHYS_s04_T3_test,165,226,172.53333333333333,0.08859549462795258,-0.1614161029099248
UBFC_PHYS_s04_T3_test,165,227,172.56666666666666,0.10476180166006088,0.3485490280302023
UBFC_PHYS_s04_T3_test,165,228,172.6,0.20124319195747375,0.8174208020980513
UBFC_PHYS_s04_T3_test,165,229,172.63333333333333,0.34539520740509033,1.1975755983725074
UBFC_PHYS_s04_T3_test,165,230,172.66666666666666,0.46316859126091003,1.4569143637664654
UBFC_PHYS_s04_T3_test,165,231,172.7,0.562865674495697,1.583479872096422
UBFC_PHYS_s04_T3_test,165,232,172.73333333333332,0.720455527305603,1.5852423451101327
UBFC_PHYS_s04_T3_test,165,233,172.76666666666668,0.949941098690033,1.4860511300909127
UBFC_PHYS_s04_T3_test,165,234,172.8,1.1541199684143066,1.3191583610142483
UBFC_PHYS_s04_T3_test,165,235,172.83333333333334,1.217206597328186,1.1195977663306325
UBFC_PHYS_s04_T3_test,165,236,172.86666666666667,1.1172950267791748,0.9167765465104567
UBFC_PHYS_s04_T3_test,165,237,172.9,0.9744195938110352,0.7287962749049712
UBFC_PHYS_s04_T3_test,165,238,172.93333333333334,0.9178228974342346,0.5598572873850161
UBFC_PHYS_s04_T3_test,165,239,172.96666666666667,0.866702675819397,0.40163527230831764
UBFC_PHYS_s04_T3_test,166,0,166.0,-1.3859200477600098,0.06043216108426189
UBFC_PHYS_s04_T3_test,166,1,166.03333333333333,-1.368613600730896,-0.12997589925124287
UBFC_PHYS_s04_T3_test,166,2,166.06666666666666,-1.451637625694275,-0.2882133464800759
UBFC_PHYS_s04_T3_test,166,3,166.1,-1.7904285192489624,-0.3834376129476629
UBFC_PHYS_s04_T3_test,166,4,166.13333333333333,-2.066493272781372,-0.3890713621319339
UBFC_PHYS_s04_T3_test,166,5,166.16666666666666,-1.7556792497634888,-0.2876719978546282
UBFC_PHYS_s04_T3_test,166,6,166.2,-0.7752252817153931,-0.076674748729749
UBFC_PHYS_s04_T3_test,166,7,166.23333333333332,0.35782933235168457,0.22730088644191612
UBFC_PHYS_s04_T3_test,166,8,166.26666666666668,1.0839781761169434,0.5882118867369768
UBFC_PHYS_s04_T3_test,166,9,166.3,1.303621768951416,0.9558117337876427
UBFC_PHYS_s04_T3_test,166,10,166.33333333333334,1.22675621509552,1.2752330018888416
UBFC_PHYS_s04_T3_test,166,11,166.36666666666667,1.0520938634872437,1.4978471191746996
UBFC_PHYS_s04_T3_test,166,12,166.4,0.9218279123306274,1.5902414660366269
UBFC_PHYS_s04_T3_test,166,13,166.43333333333334,0.8709025979042053,1.5394135179868713
UBFC_PHYS_s04_T3_test,166,14,166.46666666666667,0.7798489332199097,1.3535882669996893
UBFC_PHYS_s04_T3_test,166,15,166.5,0.5822477340698242,1.0589331609895658
UBFC_PHYS_s04_T3_test,166,16,166.53333333333333,0.4453359544277191,0.6930203458505338
UBFC_PHYS_s04_T3_test,166,17,166.56666666666666,0.4644061326980591,0.2964830513601622
UBFC_PHYS_s04_T3_test,166,18,166.6,0.4225432872772217,-0.09504370801182398
UBFC_PHYS_s04_T3_test,166,19,166.63333333333333,0.08592547476291656,-0.4564843528496133
UBFC_PHYS_s04_T3_test,166,20,166.66666666666666,-0.4968704581260681,-0.7750016052462554
UBFC_PHYS_s04_T3_test,166,21,166.7,-1.1093387603759766,-1.0477741222000159
UBFC_PHYS_s04_T3_test,166,22,166.73333333333332,-1.6115564107894897,-1.2770406694967504
UBFC_PHYS_s04_T3_test,166,23,166.76666666666668,-1.969232439994812,-1.4642223843923863
UBFC_PHYS_s04_T3_test,166,24,166.8,-2.1221446990966797,-1.604999361489105
UBFC_PHYS_s04_T3_test,166,25,166.83333333333334,-1.965626835823059,-1.6868600096419295
UBFC_PHYS_s04_T3_test,166,26,166.86666666666667,-1.5054279565811157,-1.6900513507070336
UBFC_PHYS_s04_T3_test,166,27,166.9,-0.9188510775566101,-1.592134744443668
UBFC_PHYS_s04_T3_test,166,28,166.93333333333334,-0.3905470073223114,-1.3754608563041693
UBFC_PHYS_s04_T3_test,166,29,166.96666666666667,0.017420858144760132,-1.0357005246198778
UBFC_PHYS_s04_T3_test,166,30,167.0,0.31066542863845825,-0.5884239520429968
UBFC_PHYS_s04_T3_test,166,31,167.03333333333333,0.5016598105430603,-0.07068519375109565
UBFC_PHYS_s04_T3_test,166,32,167.06666666666666,0.6537731885910034,0.4637427058659704
UBFC_PHYS_s04_T3_test,166,33,167.1,0.838043749332428,0.9543721720267933
UBFC_PHYS_s04_T3_test,166,34,167.13333333333333,1.0422420501708984,1.3462767593408544
UBFC_PHYS_s04_T3_test,166,35,167.16666666666666,1.2030768394470215,1.6009594992461582
UBFC_PHYS_s04_T3_test,166,36,167.2,1.3206065893173218,1.7026070963117046
UBFC_PHYS_s04_T3_test,166,37,167.23333333333332,1.415480136871338,1.658166321502504
UBFC_PHYS_s04_T3_test,166,38,167.26666666666668,1.4114068746566772,1.492035384723384
UBFC_PHYS_s04_T3_test,166,39,167.3,1.2322912216186523,1.2380221630697394
UBFC_PHYS_s04_T3_test,166,40,167.33333333333334,0.9517146348953247,0.93157719742291
UBFC_PHYS_s04_T3_test,166,41,167.36666666666667,0.6834747195243835,0.604264428402501
UBFC_PHYS_s04_T3_test,166,42,167.4,0.4314303696155548,0.28085428929953155
UBFC_PHYS_s04_T3_test,166,43,167.43333333333334,0.11697179824113846,-0.021643841765208685
UBFC_PHYS_s04_T3_test,166,44,167.46666666666667,-0.2640911936759949,-0.29373374127388896
UBFC_PHYS_s04_T3_test,166,45,167.5,-0.5334614515304565,-0.5321932350360745
UBFC_PHYS_s04_T3_test,166,46,167.53333333333333,-0.473444402217865,-0.7377908747877308
UBFC_PHYS_s04_T3_test,166,47,167.56666666666666,-0.1749572455883026,-0.912076560966099
UBFC_PHYS_s04_T3_test,166,48,167.6,0.10219897329807281,-1.05381751202923
UBFC_PHYS_s04_T3_test,166,49,167.63333333333333,0.2758771777153015,-1.1561340100541453
UBFC_PHYS_s04_T3_test,166,50,167.66666666666666,0.40621131658554077,-1.2056086140491624
UBFC_PHYS_s04_T3_test,166,51,167.7,0.45025697350502014,-1.1843300357328963
UBFC_PHYS_s04_T3_test,166,52,167.73333333333332,0.3224758803844452,-1.0749263897571972
UBFC_PHYS_s04_T3_test,166,53,167.76666666666668,0.09274669736623764,-0.867417602592324
UBFC_PHYS_s04_T3_test,166,54,167.8,-0.07033910602331161,-0.5656798041884527
UBFC_PHYS_s04_T3_test,166,55,167.83333333333334,-0.13271436095237732,-0.1910058209954021
UBFC_PHYS_s04_T3_test,166,56,167.86666666666667,-0.18451671302318573,0.21904328996243486
UBFC_PHYS_s04_T3_test,166,57,167.9,-0.2544245421886444,0.61676520925049
UBFC_PHYS_s04_T3_test,166,58,167.93333333333334,-0.2953713834285736,0.9538797596653108
UBFC_PHYS_s04_T3_test,166,59,167.96666666666667,-0.326885461807251,1.1915749080671671
UBFC_PHYS_s04_T3_test,166,60,168.0,-0.4245654344558716,1.3077321284239554
UBFC_PHYS_s04_T3_test,166,61,168.03333333333333,-0.600212037563324,1.2992068919650324
UBFC_PHYS_s04_T3_test,166,62,168.06666666666666,-0.7857299447059631,1.1793594112198735
UBFC_PHYS_s04_T3_test,166,63,168.1,-0.9405133128166199,0.9728692885520603
UBFC_PHYS_s04_T3_test,166,64,168.13333333333333,-1.1063958406448364,0.7099862534401293
UBFC_PHYS_s04_T3_test,166,65,168.16666666666666,-1.3291089534759521,0.42137283600439074
UBFC_PHYS_s04_T3_test,166,66,168.2,-1.5200740098953247,0.1338497396463407
UBFC_PHYS_s04_T3_test,166,67,168.23333333333332,-1.481553554534912,-0.13282037610063763
UBFC_PHYS_s04_T3_test,166,68,168.26666666666668,-1.1277267932891846,-0.3676755958879978
UBFC_PHYS_s04_T3_test,166,69,168.3,-0.6320672035217285,-0.5681793573678933
UBFC_PHYS_s04_T3_test,166,70,168.33333333333334,-0.21890543401241302,-0.7374253030466749
UBFC_PHYS_s04_T3_test,166,71,168.36666666666667,0.08117984235286713,-0.8794476738086271
UBFC_PHYS_s04_T3_test,166,72,168.4,0.366414338350296,-0.9940454690908326
UBFC_PHYS_s04_T3_test,166,73,168.43333333333334,0.6512395739555359,-1.0729903223755475
UBFC_PHYS_s04_T3_test,166,74,168.46666666666667,0.8450695872306824,-1.0992597205370185
UBFC_PHYS_s04_T3_test,166,75,168.5,0.9025043249130249,-1.0501559095941473
UBFC_PHYS_s04_T3_test,166,76,168.53333333333333,0.877655565738678,-0.9040934104122555
UBFC_PHYS_s04_T3_test,166,77,168.56666666666666,0.8446603417396545,-0.6495561282103536
UBFC_PHYS_s04_T3_test,166,78,168.6,0.8294197916984558,-0.29346746698014764
UBFC_PHYS_s04_T3_test,166,79,168.63333333333333,0.8216046094894409,0.13440138406177135
UBFC_PHYS_s04_T3_test,166,80,168.66666666666666,0.7891258001327515,0.5836771503354792
UBFC_PHYS_s04_T3_test,166,81,168.7,0.7256396412849426,0.9927285224422783
UBFC_PHYS_s04_T3_test,166,82,168.73333333333332,0.6761857867240906,1.302433907583376
UBFC_PHYS_s04_T3_test,166,83,168.76666666666668,0.6864273548126221,1.469586338879854
UBFC_PHYS_s04_T3_test,166,84,168.8,0.7401103973388672,1.475488757336329
UBFC_PHYS_s04_T3_test,166,85,168.83333333333334,0.7593072652816772,1.3275889417633762
UBFC_PHYS_s04_T3_test,166,86,168.86666666666667,0.6817694306373596,1.0547415048492572
UBFC_PHYS_s04_T3_test,166,87,168.9,0.5130804777145386,0.6985685279946579
UBFC_PHYS_s04_T3_test,166,88,168.93333333333334,0.26608383655548096,0.30386755846284186
UBFC_PHYS_s04_T3_test,166,89,168.96666666666667,-0.048267561942338943,-0.08950332057154183
UBFC_PHYS_s04_T3_test,166,90,169.0,-0.29067450761795044,-0.4516602945302875
UBFC_PHYS_s04_T3_test,166,91,169.03333333333333,-0.2399245649576187,-0.7639296761933733
UBFC_PHYS_s04_T3_test,166,92,169.06666666666666,0.08879038691520691,-1.016527434772403
UBFC_PHYS_s04_T3_test,166,93,169.1,0.4737609624862671,-1.2039262438086806
UBFC_PHYS_s04_T3_test,166,94,169.13333333333333,0.7586641311645508,-1.319982861912894
UBFC_PHYS_s04_T3_test,166,95,169.16666666666666,0.9502041935920715,-1.3551397012905968
UBFC_PHYS_s04_T3_test,166,96,169.2,1.0925534963607788,-1.297334911786683
UBFC_PHYS_s04_T3_test,166,97,169.23333333333332,1.1807324886322021,-1.1367182210611722
UBFC_PHYS_s04_T3_test,166,98,169.26666666666668,1.2050647735595703,-0.8724113381150554
UBFC_PHYS_s04_T3_test,166,99,169.3,1.1958658695220947,-0.5183038821920223
UBFC_PHYS_s04_T3_test,166,100,169.33333333333334,1.1811027526855469,-0.10497145709999024
UBFC_PHYS_s04_T3_test,166,101,169.36666666666667,1.1532331705093384,0.3237850360470398
UBFC_PHYS_s04_T3_test,166,102,169.4,1.075568675994873,0.7191655585998773
UBFC_PHYS_s04_T3_test,166,103,169.43333333333334,0.9198789596557617,1.0378028132465016
UBFC_PHYS_s04_T3_test,166,104,169.46666666666667,0.717278778553009,1.250865864394497
UBFC_PHYS_s04_T3_test,166,105,169.5,0.505801260471344,1.348733210753383
UBFC_PHYS_s04_T3_test,166,106,169.53333333333333,0.24034830927848816,1.3398521696163779
UBFC_PHYS_s04_T3_test,166,107,169.56666666666666,-0.08829841762781143,1.2446863304560578
UBFC_PHYS_s04_T3_test,166,108,169.6,-0.3738739788532257,1.087501577203921
UBFC_PHYS_s04_T3_test,166,109,169.63333333333333,-0.5849130153656006,0.889277853983084
UBFC_PHYS_s04_T3_test,166,110,169.66666666666666,-0.8383703231811523,0.6640222488288563
UBFC_PHYS_s04_T3_test,166,111,169.7,-1.1874808073043823,0.4189254476066062
UBFC_PHYS_s04_T3_test,166,112,169.73333333333332,-1.5023972988128662,0.1572068383637376
UBFC_PHYS_s04_T3_test,166,113,169.76666666666668,-1.5914922952651978,-0.11818568220381176
UBFC_PHYS_s04_T3_test,166,114,169.8,-1.3986074924468994,-0.4015259025768534
UBFC_PHYS_s04_T3_test,166,115,169.83333333333334,-1.0765773057937622,-0.6825739174200341
UBFC_PHYS_s04_T3_test,166,116,169.86666666666667,-0.816961407661438,-0.9461150837931561
UBFC_PHYS_s04_T3_test,166,117,169.9,-0.6657738089561462,-1.1725022568875139
UBFC_PHYS_s04_T3_test,166,118,169.93333333333334,-0.5682302117347717,-1.339116849284645
UBFC_PHYS_s04_T3_test,166,119,169.96666666666667,-0.4986829459667206,-1.42289417858778
UBFC_PHYS_s04_T3_test,166,120,170.0,-0.4714857339859009,-1.4039814700011148
UBFC_PHYS_s04_T3_test,166,121,170.03333333333333,-0.49851730465888977,-1.2702108222647974
UBFC_PHYS_s04_T3_test,166,122,170.06666666666666,-0.5155898332595825,-1.0215577821770156
UBFC_PHYS_s04_T3_test,166,123,170.1,-0.4136027693748474,-0.6732574247998792
UBFC_PHYS_s04_T3_test,166,124,170.13333333333333,-0.21320484578609467,-0.25603594716151945
UBFC_PHYS_s04_T3_test,166,125,170.16666666666666,-0.07702390849590302,0.18750660180967746
UBFC_PHYS_s04_T3_test,166,126,170.2,-0.09533403068780899,0.6098735796690958
UBFC_PHYS_s04_T3_test,166,127,170.23333333333332,-0.21397466957569122,0.9670516875647679
UBFC_PHYS_s04_T3_test,166,128,170.26666666666668,-0.3396703898906708,1.22581667172245
UBFC_PHYS_s04_T3_test,166,129,170.3,-0.40778523683547974,1.3680870032338213
UBFC_PHYS_s04_T3_test,166,130,170.33333333333334,-0.4385976791381836,1.3916927460145934
UBFC_PHYS_s04_T3_test,166,131,170.36666666666667,-0.5329352617263794,1.3080658980138595
UBFC_PHYS_s04_T3_test,166,132,170.4,-0.6980187296867371,1.1379088033591958
UBFC_PHYS_s04_T3_test,166,133,170.43333333333334,-0.730789840221405,0.9060570201941354
UBFC_PHYS_s04_T3_test,166,134,170.46666666666667,-0.44100460410118103,0.6368219885274424
UBFC_PHYS_s04_T3_test,166,135,170.5,0.06261636316776276,0.3508899478375895
UBFC_PHYS_s04_T3_test,166,136,170.53333333333333,0.49599817395210266,0.06419653990133538
UBFC_PHYS_s04_T3_test,166,137,170.56666666666666,0.7551268339157104,-0.2115319692876443
UBFC_PHYS_s04_T3_test,166,138,170.6,0.912736177444458,-0.46724566877504864
UBFC_PHYS_s04_T3_test,166,139,170.63333333333333,1.028433918952942,-0.6947417726806451
UBFC_PHYS_s04_T3_test,166,140,170.66666666666666,1.1031458377838135,-0.8851291649195099
UBFC_PHYS_s04_T3_test,166,141,170.7,1.1251784563064575,-1.0280448820179795
UBFC_PHYS_s04_T3_test,166,142,170.73333333333332,1.10191810131073,-1.1119305113365936
UBFC_PHYS_s04_T3_test,166,143,170.76666666666668,1.0489755868911743,-1.1255041530984655
UBFC_PHYS_s04_T3_test,166,144,170.8,0.9621121287345886,-1.06032528206309
UBFC_PHYS_s04_T3_test,166,145,170.83333333333334,0.8443289995193481,-0.9139582014735056
UBFC_PHYS_s04_T3_test,166,146,170.86666666666667,0.7237979173660278,-0.6927520724523107
UBFC_PHYS_s04_T3_test,166,147,170.9,0.5799674987792969,-0.41300003954507414
UBFC_PHYS_s04_T3_test,166,148,170.93333333333334,0.35724467039108276,-0.09955075717639983
UBFC_PHYS_s04_T3_test,166,149,170.96666666666667,0.09429609030485153,0.21813490306288216
UBFC_PHYS_s04_T3_test,166,150,171.0,-0.12608802318572998,0.511313240668699
UBFC_PHYS_s04_T3_test,166,151,171.03333333333333,-0.36800771951675415,0.7567797317576911
UBFC_PHYS_s04_T3_test,166,152,171.06666666666666,-0.7231013178825378,0.9395312246664109
UBFC_PHYS_s04_T3_test,166,153,171.1,-1.0682066679000854,1.0526457120817625
UBFC_PHYS_s04_T3_test,166,154,171.13333333333333,-1.177229404449463,1.0949814978275119
UBFC_PHYS_s04_T3_test,166,155,171.16666666666666,-0.9761590957641602,1.0681114977980108
UBFC_PHYS_s04_T3_test,166,156,171.2,-0.5919291377067566,0.973979823326255
UBFC_PHYS_s04_T3_test,166,157,171.23333333333332,-0.2253953516483307,0.8142218542839816
UBFC_PHYS_s04_T3_test,166,158,171.26666666666668,0.011759240180253983,0.5912971105917116
UBFC_PHYS_s04_T3_test,166,159,171.3,0.16452549397945404,0.3108929970521137
UBFC_PHYS_s04_T3_test,166,160,171.33333333333334,0.3038441836833954,-0.015328053046246857
UBFC_PHYS_s04_T3_test,166,161,171.36666666666667,0.4137634038925171,-0.3676334569992482
UBFC_PHYS_s04_T3_test,166,162,171.4,0.4478013217449188,-0.7176317313142474
UBFC_PHYS_s04_T3_test,166,163,171.43333333333334,0.4065329134464264,-1.0298241941716153
UBFC_PHYS_s04_T3_test,166,164,171.46666666666667,0.3375118374824524,-1.2656345799374769
UBFC_PHYS_s04_T3_test,166,165,171.5,0.30072590708732605,-1.3896879674074234
UBFC_PHYS_s04_T3_test,166,166,171.53333333333333,0.3152746260166168,-1.3772309273520544
UBFC_PHYS_s04_T3_test,166,167,171.56666666666666,0.3146996796131134,-1.2207912003904604
UBFC_PHYS_s04_T3_test,166,168,171.6,0.22176533937454224,-0.9339595716230197
UBFC_PHYS_s04_T3_test,166,169,171.63333333333333,0.048486676067113876,-0.5507083736726622
UBFC_PHYS_s04_T3_test,166,170,171.66666666666666,-0.1256982386112213,-0.1198313090626372
UBFC_PHYS_s04_T3_test,166,171,171.7,-0.264130175113678,0.30438521153290793
UBFC_PHYS_s04_T3_test,166,172,171.73333333333332,-0.413865864276886,0.6727659653936272
UBFC_PHYS_s04_T3_test,166,173,171.76666666666668,-0.6275651454925537,0.9500687393693404
UBFC_PHYS_s04_T3_test,166,174,171.8,-0.854828953742981,1.119610027704366
UBFC_PHYS_s04_T3_test,166,175,171.83333333333334,-0.956475019454956,1.182819279171344
UBFC_PHYS_s04_T3_test,166,176,171.86666666666667,-0.8631606101989746,1.1545806370432417
UBFC_PHYS_s04_T3_test,166,177,171.9,-0.701819121837616,1.0564756805839157
UBFC_PHYS_s04_T3_test,166,178,171.93333333333334,-0.6764441132545471,0.9103737248834182
UBFC_PHYS_s04_T3_test,166,179,171.96666666666667,-0.7858079075813293,0.7341573563108487
UBFC_PHYS_s04_T3_test,166,180,172.0,-0.813960075378418,0.5400957042579787
UBFC_PHYS_s04_T3_test,166,181,172.03333333333333,-0.6753137707710266,0.33526070337249064
UBFC_PHYS_s04_T3_test,166,182,172.06666666666666,-0.5376808643341064,0.12300781836940843
UBFC_PHYS_s04_T3_test,166,183,172.1,-0.47446760535240173,-0.09519067359073045
UBFC_PHYS_s04_T3_test,166,184,172.13333333333333,-0.3930513858795166,-0.317836261262125
UBFC_PHYS_s04_T3_test,166,185,172.16666666666666,-0.26105087995529175,-0.5414851932629571
UBFC_PHYS_s04_T3_test,166,186,172.2,-0.12146907299757004,-0.7590225845413517
UBFC_PHYS_s04_T3_test,166,187,172.23333333333332,0.03856666386127472,-0.9585874420963831
UBFC_PHYS_s04_T3_test,166,188,172.26666666666668,0.20183761417865753,-1.1236724179945106
UBFC_PHYS_s04_T3_test,166,189,172.3,0.2678670883178711,-1.234708555640381
UBFC_PHYS_s04_T3_test,166,190,172.33333333333334,0.2529773414134979,-1.272041630256935
UBFC_PHYS_s04_T3_test,166,191,172.36666666666667,0.27402567863464355,-1.2197804383361204
UBFC_PHYS_s04_T3_test,166,192,172.4,0.3185877799987793,-1.0697064191575731
UBFC_PHYS_s04_T3_test,166,193,172.43333333333334,0.2840236723423004,-0.8243451199168816
UBFC_PHYS_s04_T3_test,166,194,172.46666666666667,0.1873571276664734,-0.49840358638847165
UBFC_PHYS_s04_T3_test,166,195,172.5,0.11713746190071106,-0.11801721326879812
UBFC_PHYS_s04_T3_test,166,196,172.53333333333333,0.08859549462795258,0.2823796298330768
UBFC_PHYS_s04_T3_test,166,197,172.56666666666666,0.10476180166006088,0.6651422483505038
UBFC_PHYS_s04_T3_test,166,198,172.6,0.20124319195747375,0.9953050609678908
UBFC_PHYS_s04_T3_test,166,199,172.63333333333333,0.34539520740509033,1.245739641868535
UBFC_PHYS_s04_T3_test,166,200,172.66666666666666,0.46316859126091003,1.40040831960599
UBFC_PHYS_s04_T3_test,166,201,172.7,0.562865674495697,1.4553306550352598
UBFC_PHYS_s04_T3_test,166,202,172.73333333333332,0.720455527305603,1.4175469587715426
UBFC_PHYS_s04_T3_test,166,203,172.76666666666668,0.949941098690033,1.302595007667102
UBFC_PHYS_s04_T3_test,166,204,172.8,1.1541199684143066,1.1308981370888909
UBFC_PHYS_s04_T3_test,166,205,172.83333333333334,1.217206597328186,0.9234643039864947
UBFC_PHYS_s04_T3_test,166,206,172.86666666666667,1.1172950267791748,0.6976836707885227
UBFC_PHYS_s04_T3_test,166,207,172.9,0.9744195938110352,0.4643622954433342
UBFC_PHYS_s04_T3_test,166,208,172.93333333333334,0.9178228974342346,0.22694198068057575
UBFC_PHYS_s04_T3_test,166,209,172.96666666666667,0.866702675819397,-0.016778766218420105
UBFC_PHYS_s04_T3_test,166,210,173.0,0.5935027599334717,-0.27086092310179893
UBFC_PHYS_s04_T3_test,166,211,173.03333333333333,0.06894061714410782,-0.5365450612841305
UBFC_PHYS_s04_T3_test,166,212,173.06666666666666,-0.4678412675857544,-0.8083448742036001
UBFC_PHYS_s04_T3_test,166,213,173.1,-0.863248348236084,-1.072392142388354
UBFC_PHYS_s04_T3_test,166,214,173.13333333333333,-1.0849285125732422,-1.3075148398524306
UBFC_PHYS_s04_T3_test,166,215,173.16666666666666,-1.1000618934631348,-1.488491619363253
UBFC_PHYS_s04_T3_test,166,216,173.2,-1.010820746421814,-1.5905610000406958
UBFC_PHYS_s04_T3_test,166,217,173.23333333333332,-1.0538041591644287,-1.5943524443933854
UBFC_PHYS_s04_T3_test,166,218,173.26666666666668,-1.236262321472168,-1.490416066320188
UBFC_PHYS_s04_T3_test,166,219,173.3,-1.3211085796356201,-1.2823482099503174
UBFC_PHYS_s04_T3_test,166,220,173.33333333333334,-1.2583143711090088,-0.987433646266518
UBFC_PHYS_s04_T3_test,166,221,173.36666666666667,-1.1595332622528076,-0.6342254921649438
UBFC_PHYS_s04_T3_test,166,222,173.4,-1.0459890365600586,-0.2576192915661833
UBFC_PHYS_s04_T3_test,166,223,173.43333333333334,-0.9171847105026245,0.1070516269491947
UBFC_PHYS_s04_T3_test,166,224,173.46666666666667,-0.8547022938728333,0.42928769199085437
UBFC_PHYS_s04_T3_test,166,225,173.5,-0.9306030869483948,0.6869793976483459
UBFC_PHYS_s04_T3_test,166,226,173.53333333333333,-1.1548168659210205,0.8677604683006935
UBFC_PHYS_s04_T3_test,166,227,173.56666666666666,-1.4775875806808472,0.9682907592556571
UBFC_PHYS_s04_T3_test,166,228,173.6,-1.7932641506195068,0.9922764518594458
UBFC_PHYS_s04_T3_test,166,229,173.63333333333333,-1.9379619359970093,0.9483689698582171
UBFC_PHYS_s04_T3_test,166,230,173.66666666666666,-1.7820384502410889,0.8487639777702738
UBFC_PHYS_s04_T3_test,166,231,173.7,-1.3607203960418701,0.7086150536689197
UBFC_PHYS_s04_T3_test,166,232,173.73333333333332,-0.8548972010612488,0.5457654113889763
UBFC_PHYS_s04_T3_test,166,233,173.76666666666668,-0.422713965177536,0.3800471933753516
UBFC_PHYS_s04_T3_test,166,234,173.8,-0.10892776399850845,0.23156111497323373
UBFC_PHYS_s04_T3_test,166,235,173.83333333333334,0.09896375983953476,0.1178743914514453
UBFC_PHYS_s04_T3_test,166,236,173.86666666666667,0.22797265648841858,0.050741775065290484
UBFC_PHYS_s04_T3_test,166,237,173.9,0.3388175964355469,0.033376452083011224
UBFC_PHYS_s04_T3_test,166,238,173.93333333333334,0.5042616128921509,0.05924143233828264
UBFC_PHYS_s04_T3_test,166,239,173.96666666666667,0.7373526692390442,0.11298599562106304
UBFC_PHYS_s04_T3_test,167,0,167.0,0.31066542863845825,0.02332525546027306
UBFC_PHYS_s04_T3_test,167,1,167.03333333333333,0.5016598105430603,0.07722643303755164
UBFC_PHYS_s04_T3_test,167,2,167.06666666666666,0.6537731885910034,0.149569551470117
UBFC_PHYS_s04_T3_test,167,3,167.1,0.838043749332428,0.2506022809823697
UBFC_PHYS_s04_T3_test,167,4,167.13333333333333,1.0422420501708984,0.3770755777787518
UBFC_PHYS_s04_T3_test,167,5,167.16666666666666,1.2030768394470215,0.5122914504270573
UBFC_PHYS_s04_T3_test,167,6,167.2,1.3206065893173218,0.6310676957908091
UBFC_PHYS_s04_T3_test,167,7,167.23333333333332,1.415480136871338,0.7073853637270217
UBFC_PHYS_s04_T3_test,167,8,167.26666666666668,1.4114068746566772,0.7219121869641465
UBFC_PHYS_s04_T3_test,167,9,167.3,1.2322912216186523,0.6672267575566486
UBFC_PHYS_s04_T3_test,167,10,167.33333333333334,0.9517146348953247,0.5496051556408043
UBFC_PHYS_s04_T3_test,167,11,167.36666666666667,0.6834747195243835,0.38720954648915173
UBFC_PHYS_s04_T3_test,167,12,167.4,0.4314303696155548,0.20531680092175567
UBFC_PHYS_s04_T3_test,167,13,167.43333333333334,0.11697179824113846,0.02989612743571085
UBFC_PHYS_s04_T3_test,167,14,167.46666666666667,-0.2640911936759949,-0.11864057107294901
UBFC_PHYS_s04_T3_test,167,15,167.5,-0.5334614515304565,-0.22963557545989546
UBFC_PHYS_s04_T3_test,167,16,167.53333333333333,-0.473444402217865,-0.3030917439420088
UBFC_PHYS_s04_T3_test,167,17,167.56666666666666,-0.1749572455883026,-0.34721071282943505
UBFC_PHYS_s04_T3_test,167,18,167.6,0.10219897329807281,-0.3736961784261849
UBFC_PHYS_s04_T3_test,167,19,167.63333333333333,0.2758771777153015,-0.392692137800484
UBFC_PHYS_s04_T3_test,167,20,167.66666666666666,0.40621131658554077,-0.4091620844565629
UBFC_PHYS_s04_T3_test,167,21,167.7,0.45025697350502014,-0.42173034492577055
UBFC_PHYS_s04_T3_test,167,22,167.73333333333332,0.3224758803844452,-0.4239136737619114
UBFC_PHYS_s04_T3_test,167,23,167.76666666666668,0.09274669736623764,-0.40684977919133586
UBFC_PHYS_s04_T3_test,167,24,167.8,-0.07033910602331161,-0.36243488502817633
UBFC_PHYS_s04_T3_test,167,25,167.83333333333334,-0.13271436095237732,-0.2860447392415534
UBFC_PHYS_s04_T3_test,167,26,167.86666666666667,-0.18451671302318573,-0.17836173896564606
UBFC_PHYS_s04_T3_test,167,27,167.9,-0.2544245421886444,-0.04607176850222158
UBFC_PHYS_s04_T3_test,167,28,167.93333333333334,-0.2953713834285736,0.09866138677365778
UBFC_PHYS_s04_T3_test,167,29,167.96666666666667,-0.326885461807251,0.2398475156541748
UBFC_PHYS_s04_T3_test,167,30,168.0,-0.4245654344558716,0.3600816500141702
UBFC_PHYS_s04_T3_test,167,31,168.03333333333333,-0.600212037563324,0.44325444398573854
UBFC_PHYS_s04_T3_test,167,32,168.06666666666666,-0.7857299447059631,0.4772818951818112
UBFC_PHYS_s04_T3_test,167,33,168.1,-0.9405133128166199,0.4566102331204583
UBFC_PHYS_s04_T3_test,167,34,168.13333333333333,-1.1063958406448364,0.3838756616920968
UBFC_PHYS_s04_T3_test,167,35,168.16666666666666,-1.3291089534759521,0.2698249929818687
UBFC_PHYS_s04_T3_test,167,36,168.2,-1.5200740098953247,0.13100741451587303
UBFC_PHYS_s04_T3_test,167,37,168.23333333333332,-1.481553554534912,-0.014296619887387396
UBFC_PHYS_s04_T3_test,167,38,168.26666666666668,-1.1277267932891846,-0.15051528381365145
UBFC_PHYS_s04_T3_test,167,39,168.3,-0.6320672035217285,-0.26790154208600503
UBFC_PHYS_s04_T3_test,167,40,168.33333333333334,-0.21890543401241302,-0.363197956531252
UBFC_PHYS_s04_T3_test,167,41,168.36666666666667,0.08117984235286713,-0.4377481580858688
UBFC_PHYS_s04_T3_test,167,42,168.4,0.366414338350296,-0.49386578313601237
UBFC_PHYS_s04_T3_test,167,43,168.43333333333334,0.6512395739555359,-0.5308295955634754
UBFC_PHYS_s04_T3_test,167,44,168.46666666666667,0.8450695872306824,-0.5420512133155875
UBFC_PHYS_s04_T3_test,167,45,168.5,0.9025043249130249,-0.5147610685788798
UBFC_PHYS_s04_T3_test,167,46,168.53333333333333,0.877655565738678,-0.43296065884792273
UBFC_PHYS_s04_T3_test,167,47,168.56666666666666,0.8446603417396545,-0.28336619504987426
UBFC_PHYS_s04_T3_test,167,48,168.6,0.8294197916984558,-0.06275046871569641
UBFC_PHYS_s04_T3_test,167,49,168.63333333333333,0.8216046094894409,0.2161035065795367
UBFC_PHYS_s04_T3_test,167,50,168.66666666666666,0.7891258001327515,0.5229539870727788
UBFC_PHYS_s04_T3_test,167,51,168.7,0.7256396412849426,0.8148487769249948
UBFC_PHYS_s04_T3_test,167,52,168.73333333333332,0.6761857867240906,1.0457733995960339
UBFC_PHYS_s04_T3_test,167,53,168.76666666666668,0.6864273548126221,1.1774886975368741
UBFC_PHYS_s04_T3_test,167,54,168.8,0.7401103973388672,1.1878220935466821
UBFC_PHYS_s04_T3_test,167,55,168.83333333333334,0.7593072652816772,1.0743633116880367
UBFC_PHYS_s04_T3_test,167,56,168.86666666666667,0.6817694306373596,0.8533044033119818
UBFC_PHYS_s04_T3_test,167,57,168.9,0.5130804777145386,0.5543692651090658
UBFC_PHYS_s04_T3_test,167,58,168.93333333333334,0.26608383655548096,0.2134559437121661
UBFC_PHYS_s04_T3_test,167,59,168.96666666666667,-0.048267561942338943,-0.13495132119500186
UBFC_PHYS_s04_T3_test,167,60,169.0,-0.29067450761795044,-0.46333915921988006
UBFC_PHYS_s04_T3_test,167,61,169.03333333333333,-0.2399245649576187,-0.7530270571226143
UBFC_PHYS_s04_T3_test,167,62,169.06666666666666,0.08879038691520691,-0.9923110715355442
UBFC_PHYS_s04_T3_test,167,63,169.1,0.4737609624862671,-1.1726295488610934
UBFC_PHYS_s04_T3_test,167,64,169.13333333333333,0.7586641311645508,-1.285228553689045
UBFC_PHYS_s04_T3_test,167,65,169.16666666666666,0.9502041935920715,-1.3201844274059644
UBFC_PHYS_s04_T3_test,167,66,169.2,1.0925534963607788,-1.2681456384711371
UBFC_PHYS_s04_T3_test,167,67,169.23333333333332,1.1807324886322021,-1.1237995314596843
UBFC_PHYS_s04_T3_test,167,68,169.26666666666668,1.2050647735595703,-0.8895963198470309
UBFC_PHYS_s04_T3_test,167,69,169.3,1.1958658695220947,-0.5784780542503546
UBFC_PHYS_s04_T3_test,167,70,169.33333333333334,1.1811027526855469,-0.2146895444641414
UBFC_PHYS_s04_T3_test,167,71,169.36666666666667,1.1532331705093384,0.16808087703937177
UBFC_PHYS_s04_T3_test,167,72,169.4,1.075568675994873,0.5317012232661726
UBFC_PHYS_s04_T3_test,167,73,169.43333333333334,0.9198789596557617,0.8410403809861589
UBFC_PHYS_s04_T3_test,167,74,169.46666666666667,0.717278778553009,1.0712263743190316
UBFC_PHYS_s04_T3_test,167,75,169.5,0.505801260471344,1.2114065106757779
UBFC_PHYS_s04_T3_test,167,76,169.53333333333333,0.24034830927848816,1.263611723644467
UBFC_PHYS_s04_T3_test,167,77,169.56666666666666,-0.08829841762781143,1.2381275420798037
UBFC_PHYS_s04_T3_test,167,78,169.6,-0.3738739788532257,1.1481030475309586
UBFC_PHYS_s04_T3_test,167,79,169.63333333333333,-0.5849130153656006,1.005629318410479
UBFC_PHYS_s04_T3_test,167,80,169.66666666666666,-0.8383703231811523,0.8201258860707047
UBFC_PHYS_s04_T3_test,167,81,169.7,-1.1874808073043823,0.5986259038243087
UBFC_PHYS_s04_T3_test,167,82,169.73333333333332,-1.5023972988128662,0.3470727538489998
UBFC_PHYS_s04_T3_test,167,83,169.76666666666668,-1.5914922952651978,0.07193658576829665
UBFC_PHYS_s04_T3_test,167,84,169.8,-1.3986074924468994,-0.21816355369086202
UBFC_PHYS_s04_T3_test,167,85,169.83333333333334,-1.0765773057937622,-0.5110149025353091
UBFC_PHYS_s04_T3_test,167,86,169.86666666666667,-0.816961407661438,-0.7899269775879296
UBFC_PHYS_s04_T3_test,167,87,169.9,-0.6657738089561462,-1.033951448784773
UBFC_PHYS_s04_T3_test,167,88,169.93333333333334,-0.5682302117347717,-1.2195290842283286
UBFC_PHYS_s04_T3_test,167,89,169.96666666666667,-0.4986829459667206,-1.3234657857258978
UBFC_PHYS_s04_T3_test,167,90,170.0,-0.4714857339859009,-1.3268230282456914
UBFC_PHYS_s04_T3_test,167,91,170.03333333333333,-0.49851730465888977,-1.2190944734406526
UBFC_PHYS_s04_T3_test,167,92,170.06666666666666,-0.5155898332595825,-1.001832785259717
UBFC_PHYS_s04_T3_test,167,93,170.1,-0.4136027693748474,-0.6907437810196987
UBFC_PHYS_s04_T3_test,167,94,170.13333333333333,-0.21320484578609467,-0.3153255067690687
UBFC_PHYS_s04_T3_test,167,95,170.16666666666666,-0.07702390849590302,0.08448492318440431
UBFC_PHYS_s04_T3_test,167,96,170.2,-0.09533403068780899,0.4644427328933503
UBFC_PHYS_s04_T3_test,167,97,170.23333333333332,-0.21397466957569122,0.7836539901920453
UBFC_PHYS_s04_T3_test,167,98,170.26666666666668,-0.3396703898906708,1.011603722264811
UBFC_PHYS_s04_T3_test,167,99,170.3,-0.40778523683547974,1.1324391017396644
UBFC_PHYS_s04_T3_test,167,100,170.33333333333334,-0.4385976791381836,1.1456492773806461
UBFC_PHYS_s04_T3_test,167,101,170.36666666666667,-0.5329352617263794,1.0636904885067942
UBFC_PHYS_s04_T3_test,167,102,170.4,-0.6980187296867371,0.9076416801428122
UBFC_PHYS_s04_T3_test,167,103,170.43333333333334,-0.730789840221405,0.7019859911647192
UBFC_PHYS_s04_T3_test,167,104,170.46666666666667,-0.44100460410118103,0.4697496427350222
UBFC_PHYS_s04_T3_test,167,105,170.5,0.06261636316776276,0.22929143787329861
UBFC_PHYS_s04_T3_test,167,106,170.53333333333333,0.49599817395210266,-0.006441659213088565
UBFC_PHYS_s04_T3_test,167,107,170.56666666666666,0.7551268339157104,-0.22838101580787867
UBFC_PHYS_s04_T3_test,167,108,170.6,0.912736177444458,-0.4287625352569501
UBFC_PHYS_s04_T3_test,167,109,170.63333333333333,1.028433918952942,-0.5990996882580504
UBFC_PHYS_s04_T3_test,167,110,170.66666666666666,1.1031458377838135,-0.7296364329403786
UBFC_PHYS_s04_T3_test,167,111,170.7,1.1251784563064575,-0.8102455494053855
UBFC_PHYS_s04_T3_test,167,112,170.73333333333332,1.10191810131073,-0.832235108961916
UBFC_PHYS_s04_T3_test,167,113,170.76666666666668,1.0489755868911743,-0.7904386585782017
UBFC_PHYS_s04_T3_test,167,114,170.8,0.9621121287345886,-0.6849547462133122
UBFC_PHYS_s04_T3_test,167,115,170.83333333333334,0.8443289995193481,-0.5219867612444413
UBFC_PHYS_s04_T3_test,167,116,170.86666666666667,0.7237979173660278,-0.31352280308039127
UBFC_PHYS_s04_T3_test,167,117,170.9,0.5799674987792969,-0.07595820157180454
UBFC_PHYS_s04_T3_test,167,118,170.93333333333334,0.35724467039108276,0.17195390839784155
UBFC_PHYS_s04_T3_test,167,119,170.96666666666667,0.09429609030485153,0.41119877322548537
UBFC_PHYS_s04_T3_test,167,120,171.0,-0.12608802318572998,0.6238909726277544
UBFC_PHYS_s04_T3_test,167,121,171.03333333333333,-0.36800771951675415,0.7936068198064243
UBFC_PHYS_s04_T3_test,167,122,171.06666666666666,-0.7231013178825378,0.9052616043492997
UBFC_PHYS_s04_T3_test,167,123,171.1,-1.0682066679000854,0.9457233422269034
UBFC_PHYS_s04_T3_test,167,124,171.13333333333333,-1.177229404449463,0.9058161342452422
UBFC_PHYS_s04_T3_test,167,125,171.16666666666666,-0.9761590957641602,0.7831886867665923
UBFC_PHYS_s04_T3_test,167,126,171.2,-0.5919291377067566,0.5846741706865904
UBFC_PHYS_s04_T3_test,167,127,171.23333333333332,-0.2253953516483307,0.3267400523455716
UBFC_PHYS_s04_T3_test,167,128,171.26666666666668,0.011759240180253983,0.033381449948961896
UBFC_PHYS_s04_T3_test,167,129,171.3,0.16452549397945404,-0.26809161344005233
UBFC_PHYS_s04_T3_test,167,130,171.33333333333334,0.3038441836833954,-0.5520192511814033
UBFC_PHYS_s04_T3_test,167,131,171.36666666666667,0.4137634038925171,-0.7983564447603314
UBFC_PHYS_s04_T3_test,167,132,171.4,0.4478013217449188,-0.9941501143177648
UBFC_PHYS_s04_T3_test,167,133,171.43333333333334,0.4065329134464264,-1.1320718330422586
UBFC_PHYS_s04_T3_test,167,134,171.46666666666667,0.3375118374824524,-1.207044716946807
UBFC_PHYS_s04_T3_test,167,135,171.5,0.30072590708732605,-1.213042671039896
UBFC_PHYS_s04_T3_test,167,136,171.53333333333333,0.3152746260166168,-1.1419965631705817
UBFC_PHYS_s04_T3_test,167,137,171.56666666666666,0.3146996796131134,-0.9856410412770729
UBFC_PHYS_s04_T3_test,167,138,171.6,0.22176533937454224,-0.7397760675731241
UBFC_PHYS_s04_T3_test,167,139,171.63333333333333,0.048486676067113876,-0.4093452951999342
UBFC_PHYS_s04_T3_test,167,140,171.66666666666666,-0.1256982386112213,-0.012271662447714375
UBFC_PHYS_s04_T3_test,167,141,171.7,-0.264130175113678,0.4197481978976768
UBFC_PHYS_s04_T3_test,167,142,171.73333333333332,-0.413865864276886,0.8443821719719958
UBFC_PHYS_s04_T3_test,167,143,171.76666666666668,-0.6275651454925537,1.2153033706811924
UBFC_PHYS_s04_T3_test,167,144,171.8,-0.854828953742981,1.4905965904250886
UBFC_PHYS_s04_T3_test,167,145,171.83333333333334,-0.956475019454956,1.6405158347669633
UBFC_PHYS_s04_T3_test,167,146,171.86666666666667,-0.8631606101989746,1.6524797039255081
UBFC_PHYS_s04_T3_test,167,147,171.9,-0.701819121837616,1.5321785947933695
UBFC_PHYS_s04_T3_test,167,148,171.93333333333334,-0.6764441132545471,1.3008290804809644
UBFC_PHYS_s04_T3_test,167,149,171.96666666666667,-0.7858079075813293,0.9896782874300055
UBFC_PHYS_s04_T3_test,167,150,172.0,-0.813960075378418,0.6335909562059385
UBFC_PHYS_s04_T3_test,167,151,172.03333333333333,-0.6753137707710266,0.2655031601616749
UBFC_PHYS_s04_T3_test,167,152,172.06666666666666,-0.5376808643341064,-0.08735890831656648
UBFC_PHYS_s04_T3_test,167,153,172.1,-0.47446760535240173,-0.40552787481543306
UBFC_PHYS_s04_T3_test,167,154,172.13333333333333,-0.3930513858795166,-0.6778937078015159
UBFC_PHYS_s04_T3_test,167,155,172.16666666666666,-0.26105087995529175,-0.9009053572800452
UBFC_PHYS_s04_T3_test,167,156,172.2,-0.12146907299757004,-1.0763278083150756
UBFC_PHYS_s04_T3_test,167,157,172.23333333333332,0.03856666386127472,-1.207842017733984
UBFC_PHYS_s04_T3_test,167,158,172.26666666666668,0.20183761417865753,-1.2974040861600167
UBFC_PHYS_s04_T3_test,167,159,172.3,0.2678670883178711,-1.3426459137054292
UBFC_PHYS_s04_T3_test,167,160,172.33333333333334,0.2529773414134979,-1.3362847182450586
UBFC_PHYS_s04_T3_test,167,161,172.36666666666667,0.27402567863464355,-1.2677456490025547
UBFC_PHYS_s04_T3_test,167,162,172.4,0.3185877799987793,-1.1264918899226093
UBFC_PHYS_s04_T3_test,167,163,172.43333333333334,0.2840236723423004,-0.9061980005092986
UBFC_PHYS_s04_T3_test,167,164,172.46666666666667,0.1873571276664734,-0.60885980706533
UBFC_PHYS_s04_T3_test,167,165,172.5,0.11713746190071106,-0.2478485381452992
UBFC_PHYS_s04_T3_test,167,166,172.53333333333333,0.08859549462795258,0.1513091185623557
UBFC_PHYS_s04_T3_test,167,167,172.56666666666666,0.10476180166006088,0.55339778298288
UBFC_PHYS_s04_T3_test,167,168,172.6,0.20124319195747375,0.9190681894668667
UBFC_PHYS_s04_T3_test,167,169,172.63333333333333,0.34539520740509033,1.2119436532134231
UBFC_PHYS_s04_T3_test,167,170,172.66666666666666,0.46316859126091003,1.405060797717936
UBFC_PHYS_s04_T3_test,167,171,172.7,0.562865674495697,1.4848000515786175
UBFC_PHYS_s04_T3_test,167,172,172.73333333333332,0.720455527305603,1.4516053163188265
UBFC_PHYS_s04_T3_test,167,173,172.76666666666668,0.949941098690033,1.3179482923347599
UBFC_PHYS_s04_T3_test,167,174,172.8,1.1541199684143066,1.104559715053758
UBFC_PHYS_s04_T3_test,167,175,172.83333333333334,1.217206597328186,0.8360272659420879
UBFC_PHYS_s04_T3_test,167,176,172.86666666666667,1.1172950267791748,0.5367824492234252
UBFC_PHYS_s04_T3_test,167,177,172.9,0.9744195938110352,0.22829835199982354
UBFC_PHYS_s04_T3_test,167,178,172.93333333333334,0.9178228974342346,-0.07207842053660135
UBFC_PHYS_s04_T3_test,167,179,172.96666666666667,0.866702675819397,-0.3507481253977719
UBFC_PHYS_s04_T3_test,167,180,173.0,0.5935027599334717,-0.5964880757683669
UBFC_PHYS_s04_T3_test,167,181,173.03333333333333,0.06894061714410782,-0.7989882973022613
UBFC_PHYS_s04_T3_test,167,182,173.06666666666666,-0.4678412675857544,-0.9482571418907527
UBFC_PHYS_s04_T3_test,167,183,173.1,-0.863248348236084,-1.035422184065631
UBFC_PHYS_s04_T3_test,167,184,173.13333333333333,-1.0849285125732422,-1.0545870657748495
UBFC_PHYS_s04_T3_test,167,185,173.16666666666666,-1.1000618934631348,-1.004828409258065
UBFC_PHYS_s04_T3_test,167,186,173.2,-1.010820746421814,-0.8915899783661292
UBFC_PHYS_s04_T3_test,167,187,173.23333333333332,-1.0538041591644287,-0.72708248298933
UBFC_PHYS_s04_T3_test,167,188,173.26666666666668,-1.236262321472168,-0.529268459321963
UBFC_PHYS_s04_T3_test,167,189,173.3,-1.3211085796356201,-0.3190746202690352
UBFC_PHYS_s04_T3_test,167,190,173.33333333333334,-1.2583143711090088,-0.11619168725014066
UBFC_PHYS_s04_T3_test,167,191,173.36666666666667,-1.1595332622528076,0.06515166749252135
UBFC_PHYS_s04_T3_test,167,192,173.4,-1.0459890365600586,0.21855730088504363
UBFC_PHYS_s04_T3_test,167,193,173.43333333333334,-0.9171847105026245,0.34480270240263383
UBFC_PHYS_s04_T3_test,167,194,173.46666666666667,-0.8547022938728333,0.44873402623489916
UBFC_PHYS_s04_T3_test,167,195,173.5,-0.9306030869483948,0.5355665080090368
UBFC_PHYS_s04_T3_test,167,196,173.53333333333333,-1.1548168659210205,0.6081877859640094
UBFC_PHYS_s04_T3_test,167,197,173.56666666666666,-1.4775875806808472,0.6659995231910201
UBFC_PHYS_s04_T3_test,167,198,173.6,-1.7932641506195068,0.7051643898987862
UBFC_PHYS_s04_T3_test,167,199,173.63333333333333,-1.9379619359970093,0.7199027265440596
UBFC_PHYS_s04_T3_test,167,200,173.66666666666666,-1.7820384502410889,0.7043088855189643
UBFC_PHYS_s04_T3_test,167,201,173.7,-1.3607203960418701,0.6540593408267191
UBFC_PHYS_s04_T3_test,167,202,173.73333333333332,-0.8548972010612488,0.5675251867720735
UBFC_PHYS_s04_T3_test,167,203,173.76666666666668,-0.422713965177536,0.44610413195478316
UBFC_PHYS_s04_T3_test,167,204,173.8,-0.10892776399850845,0.29388958189234043
UBFC_PHYS_s04_T3_test,167,205,173.83333333333334,0.09896375983953476,0.11702863221407471
UBFC_PHYS_s04_T3_test,167,206,173.86666666666667,0.22797265648841858,-0.07676424464110662
UBFC_PHYS_s04_T3_test,167,207,173.9,0.3388175964355469,-0.2781874699276713
UBFC_PHYS_s04_T3_test,167,208,173.93333333333334,0.5042616128921509,-0.4758438151055463
UBFC_PHYS_s04_T3_test,167,209,173.96666666666667,0.7373526692390442,-0.6556760770876466
UBFC_PHYS_s04_T3_test,167,210,174.0,0.9695959687232971,-0.8010151808751705
UBFC_PHYS_s04_T3_test,167,211,174.03333333333333,1.1089341640472412,-0.8939142262259843
UBFC_PHYS_s04_T3_test,167,212,174.06666666666666,1.1421048641204834,-0.9181843007185656
UBFC_PHYS_s04_T3_test,167,213,174.1,1.128014087677002,-0.8638644275784456
UBFC_PHYS_s04_T3_test,167,214,174.13333333333333,1.0861707925796509,-0.731833939640866
UBFC_PHYS_s04_T3_test,167,215,174.16666666666666,0.9938600659370422,-0.5365349660788179
UBFC_PHYS_s04_T3_test,167,216,174.2,0.8880628347396851,-0.3049690237918225
UBFC_PHYS_s04_T3_test,167,217,174.23333333333332,0.7918250560760498,-0.07138672128674936
UBFC_PHYS_s04_T3_test,167,218,174.26666666666668,0.6331048607826233,0.1310420312821206
UBFC_PHYS_s04_T3_test,167,219,174.3,0.4143578112125397,0.27867281442456915
UBFC_PHYS_s04_T3_test,167,220,174.33333333333334,0.24123507738113403,0.3626092110623489
UBFC_PHYS_s04_T3_test,167,221,174.36666666666667,0.1746988743543625,0.38869853106093283
UBFC_PHYS_s04_T3_test,167,222,174.4,0.2374054491519928,0.372922424334245
UBFC_PHYS_s04_T3_test,167,223,174.43333333333334,0.3973729610443115,0.3348565135734252
UBFC_PHYS_s04_T3_test,167,224,174.46666666666667,0.5370035171508789,0.29192117611085927
UBFC_PHYS_s04_T3_test,167,225,174.5,0.6019805669784546,0.25585650038212987
UBFC_PHYS_s04_T3_test,167,226,174.53333333333333,0.6070770025253296,0.23161505584794131
UBFC_PHYS_s04_T3_test,167,227,174.56666666666666,0.5132169127464294,0.21817367663097137
UBFC_PHYS_s04_T3_test,167,228,174.6,0.39465421438217163,0.21051273404039536
UBFC_PHYS_s04_T3_test,167,229,174.63333333333333,0.45209869742393494,0.2020378007528845
UBFC_PHYS_s04_T3_test,167,230,174.66666666666666,0.6448081135749817,0.18686674098747946
UBFC_PHYS_s04_T3_test,167,231,174.7,0.7405197024345398,0.16154365807117155
UBFC_PHYS_s04_T3_test,167,232,174.73333333333332,0.7458402514457703,0.12585707822228578
UBFC_PHYS_s04_T3_test,167,233,174.76666666666668,0.8224621415138245,0.08266702733450236
UBFC_PHYS_s04_T3_test,167,234,174.8,0.9040244817733765,0.03699525889681604
UBFC_PHYS_s04_T3_test,167,235,174.83333333333334,0.8502732515335083,-0.005224606673702721
UBFC_PHYS_s04_T3_test,167,236,174.86666666666667,0.7163530588150024,-0.03856016347919437
UBFC_PHYS_s04_T3_test,167,237,174.9,0.6045823693275452,-0.05959853921848357
UBFC_PHYS_s04_T3_test,167,238,174.93333333333334,0.5037159323692322,-0.0681796829728077
UBFC_PHYS_s04_T3_test,167,239,174.96666666666667,0.3861764073371887,-0.06761525809470352
UBFC_PHYS_s04_T3_test,168,0,168.0,-0.4245654344558716,-0.05829784209721486
UBFC_PHYS_s04_T3_test,168,1,168.03333333333333,-0.600212037563324,-0.23318474957410587
UBFC_PHYS_s04_T3_test,168,2,168.06666666666666,-0.7857299447059631,-0.3944048461851176
UBFC_PHYS_s04_T3_test,168,3,168.1,-0.9405133128166199,-0.530224635770389
UBFC_PHYS_s04_T3_test,168,4,168.13333333333333,-1.1063958406448364,-0.6321926736385143
UBFC_PHYS_s04_T3_test,168,5,168.16666666666666,-1.3291089534759521,-0.6972088965274321
UBFC_PHYS_s04_T3_test,168,6,168.2,-1.5200740098953247,-0.7287632386642906
UBFC_PHYS_s04_T3_test,168,7,168.23333333333332,-1.481553554534912,-0.7365397952412747
UBFC_PHYS_s04_T3_test,168,8,168.26666666666668,-1.1277267932891846,-0.7339466684422619
UBFC_PHYS_s04_T3_test,168,9,168.3,-0.6320672035217285,-0.7338339480657273
UBFC_PHYS_s04_T3_test,168,10,168.33333333333334,-0.21890543401241302,-0.7437071371124785
UBFC_PHYS_s04_T3_test,168,11,168.36666666666667,0.08117984235286713,-0.7622354858164223
UBFC_PHYS_s04_T3_test,168,12,168.4,0.366414338350296,-0.7782033002658768
UBFC_PHYS_s04_T3_test,168,13,168.43333333333334,0.6512395739555359,-0.7720771172388585
UBFC_PHYS_s04_T3_test,168,14,168.46666666666667,0.8450695872306824,-0.719961045148923
UBFC_PHYS_s04_T3_test,168,15,168.5,0.9025043249130249,-0.5995288412746341
UBFC_PHYS_s04_T3_test,168,16,168.53333333333333,0.877655565738678,-0.3969456915958775
UBFC_PHYS_s04_T3_test,168,17,168.56666666666666,0.8446603417396545,-0.11307948665261269
UBFC_PHYS_s04_T3_test,168,18,168.6,0.8294197916984558,0.2329760396211503
UBFC_PHYS_s04_T3_test,168,19,168.63333333333333,0.8216046094894409,0.6046983180815126
UBFC_PHYS_s04_T3_test,168,20,168.66666666666666,0.7891258001327515,0.9539188792506074
UBFC_PHYS_s04_T3_test,168,21,168.7,0.7256396412849426,1.230640716195145
UBFC_PHYS_s04_T3_test,168,22,168.73333333333332,0.6761857867240906,1.3941010494951138
UBFC_PHYS_s04_T3_test,168,23,168.76666666666668,0.6864273548126221,1.4214438446521491
UBFC_PHYS_s04_T3_test,168,24,168.8,0.7401103973388672,1.3113215085609031
UBFC_PHYS_s04_T3_test,168,25,168.83333333333334,0.7593072652816772,1.0818271952459266
UBFC_PHYS_s04_T3_test,168,26,168.86666666666667,0.6817694306373596,0.7641607550100086
UBFC_PHYS_s04_T3_test,168,27,168.9,0.5130804777145386,0.3947179418303252
UBFC_PHYS_s04_T3_test,168,28,168.93333333333334,0.26608383655548096,0.008585048486459104
UBFC_PHYS_s04_T3_test,168,29,168.96666666666667,-0.048267561942338943,-0.36352958901286675
UBFC_PHYS_s04_T3_test,168,30,169.0,-0.29067450761795044,-0.6948641027663269
UBFC_PHYS_s04_T3_test,168,31,169.03333333333333,-0.2399245649576187,-0.9605576760405857
UBFC_PHYS_s04_T3_test,168,32,169.06666666666666,0.08879038691520691,-1.1366801927921206
UBFC_PHYS_s04_T3_test,168,33,169.1,0.4737609624862671,-1.2022342435562137
UBFC_PHYS_s04_T3_test,168,34,169.13333333333333,0.7586641311645508,-1.1440691629787403
UBFC_PHYS_s04_T3_test,168,35,169.16666666666666,0.9502041935920715,-0.9627379477836107
UBFC_PHYS_s04_T3_test,168,36,169.2,1.0925534963607788,-0.6765288796673397
UBFC_PHYS_s04_T3_test,168,37,169.23333333333332,1.1807324886322021,-0.3212574921732095
UBFC_PHYS_s04_T3_test,168,38,169.26666666666668,1.2050647735595703,0.055380117107108634
UBFC_PHYS_s04_T3_test,168,39,169.3,1.1958658695220947,0.4039111508277522
UBFC_PHYS_s04_T3_test,168,40,169.33333333333334,1.1811027526855469,0.6841079810977236
UBFC_PHYS_s04_T3_test,168,41,169.36666666666667,1.1532331705093384,0.872556996480037
UBFC_PHYS_s04_T3_test,168,42,169.4,1.075568675994873,0.9644645113043937
UBFC_PHYS_s04_T3_test,168,43,169.43333333333334,0.9198789596557617,0.9704244546358288
UBFC_PHYS_s04_T3_test,168,44,169.46666666666667,0.717278778553009,0.9104432676553177
UBFC_PHYS_s04_T3_test,168,45,169.5,0.505801260471344,0.807399818288563
UBFC_PHYS_s04_T3_test,168,46,169.53333333333333,0.24034830927848816,0.6813270941755037
UBFC_PHYS_s04_T3_test,168,47,169.56666666666666,-0.08829841762781143,0.5452459595510281
UBFC_PHYS_s04_T3_test,168,48,169.6,-0.3738739788532257,0.403061566440855
UBFC_PHYS_s04_T3_test,168,49,169.63333333333333,-0.5849130153656006,0.25000961752647777
UBFC_PHYS_s04_T3_test,168,50,169.66666666666666,-0.8383703231811523,0.07587042314303372
UBFC_PHYS_s04_T3_test,168,51,169.7,-1.1874808073043823,-0.1295591484803731
UBFC_PHYS_s04_T3_test,168,52,169.73333333333332,-1.5023972988128662,-0.3702147748695264
UBFC_PHYS_s04_T3_test,168,53,169.76666666666668,-1.5914922952651978,-0.6387557859287069
UBFC_PHYS_s04_T3_test,168,54,169.8,-1.3986074924468994,-0.9144761697402448
UBFC_PHYS_s04_T3_test,168,55,169.83333333333334,-1.0765773057937622,-1.1649390001554407
UBFC_PHYS_s04_T3_test,168,56,169.86666666666667,-0.816961407661438,-1.351262107399965
UBFC_PHYS_s04_T3_test,168,57,169.9,-0.6657738089561462,-1.4361462996891579
UBFC_PHYS_s04_T3_test,168,58,169.93333333333334,-0.5682302117347717,-1.3928603181957326
UBFC_PHYS_s04_T3_test,168,59,169.96666666666667,-0.4986829459667206,-1.2127068468996203
UBFC_PHYS_s04_T3_test,168,60,170.0,-0.4714857339859009,-0.9084727366018761
UBFC_PHYS_s04_T3_test,168,61,170.03333333333333,-0.49851730465888977,-0.5125313404739561
UBFC_PHYS_s04_T3_test,168,62,170.06666666666666,-0.5155898332595825,-0.07038546182930852
UBFC_PHYS_s04_T3_test,168,63,170.1,-0.4136027693748474,0.36798313958633283
UBFC_PHYS_s04_T3_test,168,64,170.13333333333333,-0.21320484578609467,0.7566419980053518
UBFC_PHYS_s04_T3_test,168,65,170.16666666666666,-0.07702390849590302,1.0606227604127358
UBFC_PHYS_s04_T3_test,168,66,170.2,-0.09533403068780899,1.2601629878923344
UBFC_PHYS_s04_T3_test,168,67,170.23333333333332,-0.21397466957569122,1.3514718491334334
UBFC_PHYS_s04_T3_test,168,68,170.26666666666668,-0.3396703898906708,1.3439513876630043
UBFC_PHYS_s04_T3_test,168,69,170.3,-0.40778523683547974,1.2549381926012475
UBFC_PHYS_s04_T3_test,168,70,170.33333333333334,-0.4385976791381836,1.1039498462020874
UBFC_PHYS_s04_T3_test,168,71,170.36666666666667,-0.5329352617263794,0.908423846851253
UBFC_PHYS_s04_T3_test,168,72,170.4,-0.6980187296867371,0.6818834904206929
UBFC_PHYS_s04_T3_test,168,73,170.43333333333334,-0.730789840221405,0.43423636137417465
UBFC_PHYS_s04_T3_test,168,74,170.46666666666667,-0.44100460410118103,0.1733663103419155
UBFC_PHYS_s04_T3_test,168,75,170.5,0.06261636316776276,-0.0928502954606554
UBFC_PHYS_s04_T3_test,168,76,170.53333333333333,0.49599817395210266,-0.3549391954188119
UBFC_PHYS_s04_T3_test,168,77,170.56666666666666,0.7551268339157104,-0.6012617486309719
UBFC_PHYS_s04_T3_test,168,78,170.6,0.912736177444458,-0.81856865015254
UBFC_PHYS_s04_T3_test,168,79,170.63333333333333,1.028433918952942,-0.9931989337374509
UBFC_PHYS_s04_T3_test,168,80,170.66666666666666,1.1031458377838135,-1.1122997797023308
UBFC_PHYS_s04_T3_test,168,81,170.7,1.1251784563064575,-1.16474759257368
UBFC_PHYS_s04_T3_test,168,82,170.73333333333332,1.10191810131073,-1.1419457351962052
UBFC_PHYS_s04_T3_test,168,83,170.76666666666668,1.0489755868911743,-1.0389541502659778
UBFC_PHYS_s04_T3_test,168,84,170.8,0.9621121287345886,-0.8562103195641106
UBFC_PHYS_s04_T3_test,168,85,170.83333333333334,0.8443289995193481,-0.6015444782634869
UBFC_PHYS_s04_T3_test,168,86,170.86666666666667,0.7237979173660278,-0.291611136513074
UBFC_PHYS_s04_T3_test,168,87,170.9,0.5799674987792969,0.048421756674557774
UBFC_PHYS_s04_T3_test,168,88,170.93333333333334,0.35724467039108276,0.3877576143211161
UBFC_PHYS_s04_T3_test,168,89,170.96666666666667,0.09429609030485153,0.6950671467626913
UBFC_PHYS_s04_T3_test,168,90,171.0,-0.12608802318572998,0.9438323646291411
UBFC_PHYS_s04_T3_test,168,91,171.03333333333333,-0.36800771951675415,1.1155358697095272
UBFC_PHYS_s04_T3_test,168,92,171.06666666666666,-0.7231013178825378,1.1998548488812777
UBFC_PHYS_s04_T3_test,168,93,171.1,-1.0682066679000854,1.1931249742539878
UBFC_PHYS_s04_T3_test,168,94,171.13333333333333,-1.177229404449463,1.0970803401855014
UBFC_PHYS_s04_T3_test,168,95,171.16666666666666,-0.9761590957641602,0.9189206019442326
UBFC_PHYS_s04_T3_test,168,96,171.2,-0.5919291377067566,0.6720658190066543
UBFC_PHYS_s04_T3_test,168,97,171.23333333333332,-0.2253953516483307,0.3759973219810165
UBFC_PHYS_s04_T3_test,168,98,171.26666666666668,0.011759240180253983,0.05417597060709219
UBFC_PHYS_s04_T3_test,168,99,171.3,0.16452549397945404,-0.26951440981342484
UBFC_PHYS_s04_T3_test,168,100,171.33333333333334,0.3038441836833954,-0.574260133918867
UBFC_PHYS_s04_T3_test,168,101,171.36666666666667,0.4137634038925171,-0.844078177041201
UBFC_PHYS_s04_T3_test,168,102,171.4,0.4478013217449188,-1.0670017718116207
UBFC_PHYS_s04_T3_test,168,103,171.43333333333334,0.4065329134464264,-1.2322847164082011
UBFC_PHYS_s04_T3_test,168,104,171.46666666666667,0.3375118374824524,-1.327566537285483
UBFC_PHYS_s04_T3_test,168,105,171.5,0.30072590708732605,-1.338272771275349
UBFC_PHYS_s04_T3_test,168,106,171.53333333333333,0.3152746260166168,-1.2504225754014442
UBFC_PHYS_s04_T3_test,168,107,171.56666666666666,0.3146996796131134,-1.0561587480210286
UBFC_PHYS_s04_T3_test,168,108,171.6,0.22176533937454224,-0.7597904876639653
UBFC_PHYS_s04_T3_test,168,109,171.63333333333333,0.048486676067113876,-0.38162012957680075
UBFC_PHYS_s04_T3_test,168,110,171.66666666666666,-0.1256982386112213,0.04253341187849542
UBFC_PHYS_s04_T3_test,168,111,171.7,-0.264130175113678,0.46670695955353664
UBFC_PHYS_s04_T3_test,168,112,171.73333333333332,-0.413865864276886,0.8438587990770293
UBFC_PHYS_s04_T3_test,168,113,171.76666666666668,-0.6275651454925537,1.1358808645933574
UBFC_PHYS_s04_T3_test,168,114,171.8,-0.854828953742981,1.3211102875553609
UBFC_PHYS_s04_T3_test,168,115,171.83333333333334,-0.956475019454956,1.3966670401722612
UBFC_PHYS_s04_T3_test,168,116,171.86666666666667,-0.8631606101989746,1.3751451562424595
UBFC_PHYS_s04_T3_test,168,117,171.9,-0.701819121837616,1.2775667434818314
UBFC_PHYS_s04_T3_test,168,118,171.93333333333334,-0.6764441132545471,1.1257066611187083
UBFC_PHYS_s04_T3_test,168,119,171.96666666666667,-0.7858079075813293,0.9365512056403593
UBFC_PHYS_s04_T3_test,168,120,172.0,-0.813960075378418,0.7202361896109717
UBFC_PHYS_s04_T3_test,168,121,172.03333333333333,-0.6753137707710266,0.4811779706240561
UBFC_PHYS_s04_T3_test,168,122,172.06666666666666,-0.5376808643341064,0.221048206088458
UBFC_PHYS_s04_T3_test,168,123,172.1,-0.47446760535240173,-0.05794085178659397
UBFC_PHYS_s04_T3_test,168,124,172.13333333333333,-0.3930513858795166,-0.35046888785390184
UBFC_PHYS_s04_T3_test,168,125,172.16666666666666,-0.26105087995529175,-0.6466405146373002
UBFC_PHYS_s04_T3_test,168,126,172.2,-0.12146907299757004,-0.9316389441695367
UBFC_PHYS_s04_T3_test,168,127,172.23333333333332,0.03856666386127472,-1.1863458983505022
UBFC_PHYS_s04_T3_test,168,128,172.26666666666668,0.20183761417865753,-1.3886255697368384
UBFC_PHYS_s04_T3_test,168,129,172.3,0.2678670883178711,-1.5150940547081175
UBFC_PHYS_s04_T3_test,168,130,172.33333333333334,0.2529773414134979,-1.543661083021311
UBFC_PHYS_s04_T3_test,168,131,172.36666666666667,0.27402567863464355,-1.4573180914563877
UBFC_PHYS_s04_T3_test,168,132,172.4,0.3185877799987793,-1.2490243660487848
UBFC_PHYS_s04_T3_test,168,133,172.43333333333334,0.2840236723423004,-0.9264294441135539
UBFC_PHYS_s04_T3_test,168,134,172.46666666666667,0.1873571276664734,-0.5143666688268818
UBFC_PHYS_s04_T3_test,168,135,172.5,0.11713746190071106,-0.05327023526236747
UBFC_PHYS_s04_T3_test,168,136,172.53333333333333,0.08859549462795258,0.4069442202510955
UBFC_PHYS_s04_T3_test,168,137,172.56666666666666,0.10476180166006088,0.8161366668095116
UBFC_PHYS_s04_T3_test,168,138,172.6,0.20124319195747375,1.1335912593300832
UBFC_PHYS_s04_T3_test,168,139,172.63333333333333,0.34539520740509033,1.3350745995085107
UBFC_PHYS_s04_T3_test,168,140,172.66666666666666,0.46316859126091003,1.4152809539240743
UBFC_PHYS_s04_T3_test,168,141,172.7,0.562865674495697,1.3853732265694119
UBFC_PHYS_s04_T3_test,168,142,172.73333333333332,0.720455527305603,1.2670817991899184
UBFC_PHYS_s04_T3_test,168,143,172.76666666666668,0.949941098690033,1.0857812466238679
UBFC_PHYS_s04_T3_test,168,144,172.8,1.1541199684143066,0.8647475587266473
UBFC_PHYS_s04_T3_test,168,145,172.83333333333334,1.217206597328186,0.6218241806894287
UBFC_PHYS_s04_T3_test,168,146,172.86666666666667,1.1172950267791748,0.3686735570053592
UBFC_PHYS_s04_T3_test,168,147,172.9,0.9744195938110352,0.11201670898451553
UBFC_PHYS_s04_T3_test,168,148,172.93333333333334,0.9178228974342346,-0.1441152751912422
UBFC_PHYS_s04_T3_test,168,149,172.96666666666667,0.866702675819397,-0.39600887213086
UBFC_PHYS_s04_T3_test,168,150,173.0,0.5935027599334717,-0.6382384555115105
UBFC_PHYS_s04_T3_test,168,151,173.03333333333333,0.06894061714410782,-0.8620753986563886
UBFC_PHYS_s04_T3_test,168,152,173.06666666666666,-0.4678412675857544,-1.0544417890152171
UBFC_PHYS_s04_T3_test,168,153,173.1,-0.863248348236084,-1.1978096241922278
UBFC_PHYS_s04_T3_test,168,154,173.13333333333333,-1.0849285125732422,-1.2716710328391854
UBFC_PHYS_s04_T3_test,168,155,173.16666666666666,-1.1000618934631348,-1.2559972818852823
UBFC_PHYS_s04_T3_test,168,156,173.2,-1.010820746421814,-1.1363654249354407
UBFC_PHYS_s04_T3_test,168,157,173.23333333333332,-1.0538041591644287,-0.9095035226317056
UBFC_PHYS_s04_T3_test,168,158,173.26666666666668,-1.236262321472168,-0.5873872558089843
UBFC_PHYS_s04_T3_test,168,159,173.3,-1.3211085796356201,-0.1980178753304575
UBFC_PHYS_s04_T3_test,168,160,173.33333333333334,-1.2583143711090088,0.21821195756189082
UBFC_PHYS_s04_T3_test,168,161,173.36666666666667,-1.1595332622528076,0.6160244303577156
UBFC_PHYS_s04_T3_test,168,162,173.4,-1.0459890365600586,0.9541522684453355
UBFC_PHYS_s04_T3_test,168,163,173.43333333333334,-0.9171847105026245,1.202361754794926
UBFC_PHYS_s04_T3_test,168,164,173.46666666666667,-0.8547022938728333,1.3445682145665376
UBFC_PHYS_s04_T3_test,168,165,173.5,-0.9306030869483948,1.3781046122658445
UBFC_PHYS_s04_T3_test,168,166,173.53333333333333,-1.1548168659210205,1.3105918799338863
UBFC_PHYS_s04_T3_test,168,167,173.56666666666666,-1.4775875806808472,1.1562028483340703
UBFC_PHYS_s04_T3_test,168,168,173.6,-1.7932641506195068,0.9327451558872887
UBFC_PHYS_s04_T3_test,168,169,173.63333333333333,-1.9379619359970093,0.6601101852190473
UBFC_PHYS_s04_T3_test,168,170,173.66666666666666,-1.7820384502410889,0.3595602323221198
UBFC_PHYS_s04_T3_test,168,171,173.7,-1.3607203960418701,0.05273938947577715
UBFC_PHYS_s04_T3_test,168,172,173.73333333333332,-0.8548972010612488,-0.2403435498289677
UBFC_PHYS_s04_T3_test,168,173,173.76666666666668,-0.422713965177536,-0.5040872122503359
UBFC_PHYS_s04_T3_test,168,174,173.8,-0.10892776399850845,-0.7295858723334882
UBFC_PHYS_s04_T3_test,168,175,173.83333333333334,0.09896375983953476,-0.9149657354091617
UBFC_PHYS_s04_T3_test,168,176,173.86666666666667,0.22797265648841858,-1.0630532390597414
UBFC_PHYS_s04_T3_test,168,177,173.9,0.3388175964355469,-1.1769596148086294
UBFC_PHYS_s04_T3_test,168,178,173.93333333333334,0.5042616128921509,-1.2552765166057984
UBFC_PHYS_s04_T3_test,168,179,173.96666666666667,0.7373526692390442,-1.28892984121268
UBFC_PHYS_s04_T3_test,168,180,174.0,0.9695959687232971,-1.2612058265245327
UBFC_PHYS_s04_T3_test,168,181,174.03333333333333,1.1089341640472412,-1.1514838616868526
UBFC_PHYS_s04_T3_test,168,182,174.06666666666666,1.1421048641204834,-0.9422213596815167
UBFC_PHYS_s04_T3_test,168,183,174.1,1.128014087677002,-0.6276593927965362
UBFC_PHYS_s04_T3_test,168,184,174.13333333333333,1.0861707925796509,-0.2215365731921096
UBFC_PHYS_s04_T3_test,168,185,174.16666666666666,0.9938600659370422,0.23959311257746796
UBFC_PHYS_s04_T3_test,168,186,174.2,0.8880628347396851,0.700230375283082
UBFC_PHYS_s04_T3_test,168,187,174.23333333333332,0.7918250560760498,1.0973995777589949
UBFC_PHYS_s04_T3_test,168,188,174.26666666666668,0.6331048607826233,1.3765704036511668
UBFC_PHYS_s04_T3_test,168,189,174.3,0.4143578112125397,1.50614169218959
UBFC_PHYS_s04_T3_test,168,190,174.33333333333334,0.24123507738113403,1.4845879012359149
UBFC_PHYS_s04_T3_test,168,191,174.36666666666667,0.1746988743543625,1.3374230586920879
UBFC_PHYS_s04_T3_test,168,192,174.4,0.2374054491519928,1.1058300322337975
UBFC_PHYS_s04_T3_test,168,193,174.43333333333334,0.3973729610443115,0.8323834978498345
UBFC_PHYS_s04_T3_test,168,194,174.46666666666667,0.5370035171508789,0.5497163461388913
UBFC_PHYS_s04_T3_test,168,195,174.5,0.6019805669784546,0.2756789793773258
UBFC_PHYS_s04_T3_test,168,196,174.53333333333333,0.6070770025253296,0.015298190349803377
UBFC_PHYS_s04_T3_test,168,197,174.56666666666666,0.5132169127464294,-0.23276736980477772
UBFC_PHYS_s04_T3_test,168,198,174.6,0.39465421438217163,-0.4687015013453444
UBFC_PHYS_s04_T3_test,168,199,174.63333333333333,0.45209869742393494,-0.6860652853489007
UBFC_PHYS_s04_T3_test,168,200,174.66666666666666,0.6448081135749817,-0.8703229048467858
UBFC_PHYS_s04_T3_test,168,201,174.7,0.7405197024345398,-1.0015967629027074
UBFC_PHYS_s04_T3_test,168,202,174.73333333333332,0.7458402514457703,-1.0601965692382096
UBFC_PHYS_s04_T3_test,168,203,174.76666666666668,0.8224621415138245,-1.032538188935437
UBFC_PHYS_s04_T3_test,168,204,174.8,0.9040244817733765,-0.9153278147362561
UBFC_PHYS_s04_T3_test,168,205,174.83333333333334,0.8502732515335083,-0.7168949087830845
UBFC_PHYS_s04_T3_test,168,206,174.86666666666667,0.7163530588150024,-0.4556625015155454
UBFC_PHYS_s04_T3_test,168,207,174.9,0.6045823693275452,-0.15676274273225732
UBFC_PHYS_s04_T3_test,168,208,174.93333333333334,0.5037159323692322,0.1515235918980696
UBFC_PHYS_s04_T3_test,168,209,174.96666666666667,0.3861764073371887,0.4403416533620202
UBFC_PHYS_s04_T3_test,168,210,175.0,0.26491448283195496,0.6823676813139615
UBFC_PHYS_s04_T3_test,168,211,175.03333333333333,0.12152253091335297,0.8547982205816335
UBFC_PHYS_s04_T3_test,168,212,175.06666666666666,-0.002955121686682105,0.9432242456293463
UBFC_PHYS_s04_T3_test,168,213,175.1,0.06814155727624893,0.9445305669000759
UBFC_PHYS_s04_T3_test,168,214,175.13333333333333,0.4102553427219391,0.8667998267942273
UBFC_PHYS_s04_T3_test,168,215,175.16666666666666,0.8358024954795837,0.7257406648248899
UBFC_PHYS_s04_T3_test,168,216,175.2,1.130469799041748,0.5390994553328805
UBFC_PHYS_s04_T3_test,168,217,175.23333333333332,1.284035086631775,0.32165704777266124
UBFC_PHYS_s04_T3_test,168,218,175.26666666666668,1.380613923072815,0.08314253570128254
UBFC_PHYS_s04_T3_test,168,219,175.3,1.4196215867996216,-0.1700556330739769
UBFC_PHYS_s04_T3_test,168,220,175.33333333333334,1.3561159372329712,-0.43035741441298303
UBFC_PHYS_s04_T3_test,168,221,175.36666666666667,1.2221567630767822,-0.6840016414086607
UBFC_PHYS_s04_T3_test,168,222,175.4,1.10673189163208,-0.9082729675065906
UBFC_PHYS_s04_T3_test,168,223,175.43333333333334,1.0430216789245605,-1.0727806204050112
UBFC_PHYS_s04_T3_test,168,224,175.46666666666667,1.0021040439605713,-1.1450417930907326
UBFC_PHYS_s04_T3_test,168,225,175.5,0.9671111106872559,-1.098990158978365
UBFC_PHYS_s04_T3_test,168,226,175.53333333333333,0.934135377407074,-0.9239252174285686
UBFC_PHYS_s04_T3_test,168,227,175.56666666666666,0.8847496509552002,-0.6309618686249286
UBFC_PHYS_s04_T3_test,168,228,175.6,0.8086345195770264,-0.2542948947343978
UBFC_PHYS_s04_T3_test,168,229,175.63333333333333,0.694661557674408,0.15408506722790877
UBFC_PHYS_s04_T3_test,168,230,175.66666666666666,0.5191513895988464,0.5352707613896056
UBFC_PHYS_s04_T3_test,168,231,175.7,0.27248603105545044,0.8367617516671692
UBFC_PHYS_s04_T3_test,168,232,175.73333333333332,-0.06880919635295868,1.0241559940274945
UBFC_PHYS_s04_T3_test,168,233,175.76666666666668,-0.6172651052474976,1.0876332699657154
UBFC_PHYS_s04_T3_test,168,234,175.8,-1.4461125135421753,1.0412200584448557
UBFC_PHYS_s04_T3_test,168,235,175.83333333333334,-2.3490285873413086,0.9151811452962586
UBFC_PHYS_s04_T3_test,168,236,175.86666666666667,-2.938392400741577,0.7444286935223869
UBFC_PHYS_s04_T3_test,168,237,175.9,-2.989687919616699,0.5573239169247652
UBFC_PHYS_s04_T3_test,168,238,175.93333333333334,-2.592146873474121,0.3688073924061761
UBFC_PHYS_s04_T3_test,168,239,175.96666666666667,-1.9826020002365112,0.1799133198075346
