recording_id,measurement_id,sample_index,time_seconds,gt_signal,predicted_signal
COHFACE_s35_session0_lamp,0,0,0.0,0.09403870800669234,0.07057624044955393
COHFACE_s35_session0_lamp,0,1,0.03333333333333333,1.3799966919486621,0.28986798938356084
COHFACE_s35_session0_lamp,0,2,0.06666666666666667,2.5585058985335607,0.5207588102116673
COHFACE_s35_session0_lamp,0,3,0.1,3.4554534384159803,0.7342479288705126
COHFACE_s35_session0_lamp,0,4,0.13333333333333333,4.0249142274435155,0.9170498780844204
COHFACE_s35_session0_lamp,0,5,0.16666666666666666,4.29136716881774,1.070447342817945
COHFACE_s35_session0_lamp,0,6,0.2,4.241985220196713,1.1805844351758348
COHFACE_s35_session0_lamp,0,7,0.23333333333333334,3.908726487020695,1.2177683494491454
COHFACE_s35_session0_lamp,0,8,0.26666666666666666,3.384746646883713,1.1738098706635676
COHFACE_s35_session0_lamp,0,9,0.3,2.7590085875052988,1.062004519381247
COHFACE_s35_session0_lamp,0,10,0.3333333333333333,2.095411344941677,0.8958459534740002
COHFACE_s35_session0_lamp,0,11,0.36666666666666664,1.4489432745619468,0.6894632850204302
COHFACE_s35_session0_lamp,0,12,0.4,0.8618113384935004,0.4536860586704977
COHFACE_s35_session0_lamp,0,13,0.43333333333333335,0.3454066168992599,0.19724729736942387
COHFACE_s35_session0_lamp,0,14,0.4666666666666667,-0.11211362457097405,-0.0712784911850898
COHFACE_s35_session0_lamp,0,15,0.5,-0.5207693243497256,-0.34184362764394427
COHFACE_s35_session0_lamp,0,16,0.5333333333333333,-0.8774481545805721,-0.6008249830081009
COHFACE_s35_session0_lamp,0,17,0.5666666666666667,-1.1702441872446576,-0.8294403904485261
COHFACE_s35_session0_lamp,0,18,0.6,-1.3859657168366557,-1.016336068440594
COHFACE_s35_session0_lamp,0,19,0.6333333333333333,-1.5132371932049824,-1.1562512481597533
COHFACE_s35_session0_lamp,0,20,0.6666666666666666,-1.5405928322757032,-1.2402123187405365
COHFACE_s35_session0_lamp,0,21,0.7,-1.453448164852386,-1.2547844109360637
COHFACE_s35_session0_lamp,0,22,0.7333333333333333,-1.2309905740880938,-1.1861914104252163
COHFACE_s35_session0_lamp,0,23,0.7666666666666667,-0.8481142458820162,-1.0206267633035673
COHFACE_s35_session0_lamp,0,24,0.8,-0.311607183995888,-0.7611111465771178
COHFACE_s35_session0_lamp,0,25,0.8333333333333334,0.2854840837952523,-0.4286304839985733
COHFACE_s35_session0_lamp,0,26,0.8666666666666667,0.7962198435204889,-0.050134444619013355
COHFACE_s35_session0_lamp,0,27,0.9,1.1287238900480017,0.3398057984169645
COHFACE_s35_session0_lamp,0,28,0.9333333333333333,1.2817841951239288,0.7094824178414587
COHFACE_s35_session0_lamp,0,29,0.9666666666666667,1.290604560220514,1.0281159752501612
COHFACE_s35_session0_lamp,0,30,1.0,1.1854674491175643,1.264470950881159
COHFACE_s35_session0_lamp,0,31,1.0333333333333334,0.9963354422208786,1.3854267835560468
COHFACE_s35_session0_lamp,0,32,1.0666666666666667,0.7617249680153058,1.3811743847064284
COHFACE_s35_session0_lamp,0,33,1.1,0.5121847727576189,1.2646041469198
COHFACE_s35_session0_lamp,0,34,1.1333333333333333,0.25492445968051514,1.061035706809184
COHFACE_s35_session0_lamp,0,35,1.1666666666666667,-0.014765920224167783,0.8083185512916038
COHFACE_s35_session0_lamp,0,36,1.2,-0.2950075969936523,0.529311912913617
COHFACE_s35_session0_lamp,0,37,1.2333333333333334,-0.5726332910434301,0.2330539634057534
COHFACE_s35_session0_lamp,0,38,1.2666666666666666,-0.8290812237999353,-0.06648476000409023
COHFACE_s35_session0_lamp,0,39,1.3,-1.0466382912111774,-0.3486472774941631
COHFACE_s35_session0_lamp,0,40,1.3333333333333333,-1.209221534862861,-0.5928054604779435
COHFACE_s35_session0_lamp,0,41,1.3666666666666667,-1.3003190899607868,-0.7768903966999533
COHFACE_s35_session0_lamp,0,42,1.4,-1.3019682854496706,-0.8947638401707084
COHFACE_s35_session0_lamp,0,43,1.4333333333333333,-1.1923557189105938,-0.9550347736859227
COHFACE_s35_session0_lamp,0,44,1.4666666666666666,-0.9423084205291767,-0.9611359112824043
COHFACE_s35_session0_lamp,0,45,1.5,-0.5265367695210683,-0.9107601615411427
COHFACE_s35_session0_lamp,0,46,1.5333333333333334,0.024190984632737042,-0.8011273245179633
COHFACE_s35_session0_lamp,0,47,1.5666666666666667,0.5871864640050484,-0.6294050826701644
COHFACE_s35_session0_lamp,0,48,1.6,1.0229716863113,-0.40320062814362506
COHFACE_s35_session0_lamp,0,49,1.6333333333333333,1.2748781525276216,-0.14156491220591605
COHFACE_s35_session0_lamp,0,50,1.6666666666666667,1.3634342727160227,0.1314410568511539
COHFACE_s35_session0_lamp,0,51,1.7,1.326077612373522,0.38556187849178297
COHFACE_s35_session0_lamp,0,52,1.7333333333333334,1.1925576223359817,0.6048149050650217
COHFACE_s35_session0_lamp,0,53,1.7666666666666666,0.9959336735226249,0.7861223896979165
COHFACE_s35_session0_lamp,0,54,1.8,0.773396089303497,0.9117970547721674
COHFACE_s35_session0_lamp,0,55,1.8333333333333333,0.5458059435379161,0.9487456453472333
COHFACE_s35_session0_lamp,0,56,1.8666666666666667,0.31164139658661943,0.8857947973607091
COHFACE_s35_session0_lamp,0,57,1.9,0.06456579048219607,0.7337452079277076
COHFACE_s35_session0_lamp,0,58,1.9333333333333333,-0.19217214098344287,0.5135385523916687
COHFACE_s35_session0_lamp,0,59,1.9666666666666666,-0.4463272835194039,0.2567448365655634
COHFACE_s35_session0_lamp,0,60,2.0,-0.6843277483099048,-0.017361181432006236
COHFACE_s35_session0_lamp,0,61,2.033333333333333,-0.8957964720594154,-0.3005129787918571
COHFACE_s35_session0_lamp,0,62,2.066666666666667,-1.0716357266753493,-0.5802108845152133
COHFACE_s35_session0_lamp,0,63,2.1,-1.2008707194052066,-0.8380551347763123
COHFACE_s35_session0_lamp,0,64,2.1333333333333333,-1.2704302511750734,-1.0484701746641059
COHFACE_s35_session0_lamp,0,65,2.1666666666666665,-1.2646046137556104,-1.1776053465906622
COHFACE_s35_session0_lamp,0,66,2.2,-1.1617400478373294,-1.2066182805719106
COHFACE_s35_session0_lamp,0,67,2.2333333333333334,-0.9315873489011878,-1.1313169291400245
COHFACE_s35_session0_lamp,0,68,2.2666666666666666,-0.5426684099197224,-0.9501528864941592
COHFACE_s35_session0_lamp,0,69,2.3,-0.008322006544984842,-0.6648427804887341
COHFACE_s35_session0_lamp,0,70,2.3333333333333335,0.561875169514871,-0.28924165568679017
COHFACE_s35_session0_lamp,0,71,2.3666666666666667,1.017282573022762,0.14896668093778453
COHFACE_s35_session0_lamp,0,72,2.4,1.2819365893131798,0.6020762780345374
COHFACE_s35_session0_lamp,0,73,2.433333333333333,1.372084313622875,1.000548651901841
COHFACE_s35_session0_lamp,0,74,2.466666666666667,1.3324183429486305,1.2971968565445577
COHFACE_s35_session0_lamp,0,75,2.5,1.1995935310625538,1.4656546726757473
COHFACE_s35_session0_lamp,0,76,2.533333333333333,1.008779582133812,1.502942492117009
COHFACE_s35_session0_lamp,0,77,2.566666666666667,0.7961205463115869,1.4283287399592977
COHFACE_s35_session0_lamp,0,78,2.6,0.5803595325766708,1.2565395648691053
COHFACE_s35_session0_lamp,0,79,2.6333333333333333,0.3576126677324847,0.9978731618834892
COHFACE_s35_session0_lamp,0,80,2.6666666666666665,0.1199076909433091,0.6741841437277644
COHFACE_s35_session0_lamp,0,81,2.7,-0.13023775554320796,0.3201306384341062
COHFACE_s35_session0_lamp,0,82,2.7333333333333334,-0.3804113702735634,-0.03817656639877345
COHFACE_s35_session0_lamp,0,83,2.7666666666666666,-0.6158578337417885,-0.38135408239351765
COHFACE_s35_session0_lamp,0,84,2.8,-0.8254483931423375,-0.697220866956689
COHFACE_s35_session0_lamp,0,85,2.8333333333333335,-1.0011349380373997,-0.9786539181537082
COHFACE_s35_session0_lamp,0,86,2.8666666666666667,-1.134037193206747,-1.216173342686414
COHFACE_s35_session0_lamp,0,87,2.9,-1.212954281527556,-1.3961733940269019
COHFACE_s35_session0_lamp,0,88,2.933333333333333,-1.223840689164759,-1.5016341482379985
COHFACE_s35_session0_lamp,0,89,2.966666666666667,-1.147095694317849,-1.5113167169357038
COHFACE_s35_session0_lamp,0,90,3.0,-0.9546614835600152,-1.4166874042908304
COHFACE_s35_session0_lamp,0,91,3.033333333333333,-0.6131321998199741,-1.2221135352311927
COHFACE_s35_session0_lamp,0,92,3.066666666666667,-0.11805066759029446,-0.9344514731886796
COHFACE_s35_session0_lamp,0,93,3.1,0.4460474499665881,-0.5642857044553724
COHFACE_s35_session0_lamp,0,94,3.1333333333333333,0.9266329349003573,-0.13904407807616398
COHFACE_s35_session0_lamp,0,95,3.1666666666666665,1.2202711916047773,0.29508210948603075
COHFACE_s35_session0_lamp,0,96,3.2,1.325604097301306,0.7022327999594141
COHFACE_s35_session0_lamp,0,97,3.2333333333333334,1.2905950923163274,1.0547400248804473
COHFACE_s35_session0_lamp,0,98,3.2666666666666666,1.1606842972219542,1.325192145484146
COHFACE_s35_session0_lamp,0,99,3.3,0.974311302811631,1.4846455318327147
COHFACE_s35_session0_lamp,0,100,3.3333333333333335,0.7681492412172846,1.5267221761580245
COHFACE_s35_session0_lamp,0,101,3.3666666666666667,0.561804756319241,1.466619265516435
COHFACE_s35_session0_lamp,0,102,3.4,0.3496921078485806,1.3152330827063694
COHFACE_s35_session0_lamp,0,103,3.433333333333333,0.11960737889140559,1.0792712309929826
COHFACE_s35_session0_lamp,0,104,3.466666666666667,-0.12836048381038173,0.7797501658521411
COHFACE_s35_session0_lamp,0,105,3.5,-0.38072251914891886,0.4531036122861357
COHFACE_s35_session0_lamp,0,106,3.533333333333333,-0.6196304477318173,0.12812453817069064
COHFACE_s35_session0_lamp,0,107,3.566666666666667,-0.8297876819796682,-0.17247828855207334
COHFACE_s35_session0_lamp,0,108,3.6,-0.9989970796696264,-0.44003526408527244
COHFACE_s35_session0_lamp,0,109,3.6333333333333333,-1.1158452015296907,-0.6779534147356279
COHFACE_s35_session0_lamp,0,110,3.6666666666666665,-1.1677484404166838,-0.8821841259094102
COHFACE_s35_session0_lamp,0,111,3.7,-1.1395630649676431,-1.0395750099335213
COHFACE_s35_session0_lamp,0,112,3.7333333333333334,-1.0111413080033276,-1.1387546805242614
COHFACE_s35_session0_lamp,0,113,3.7666666666666666,-0.7542954737205227,-1.1692811762650777
COHFACE_s35_session0_lamp,0,114,3.8,-0.3440145671282521,-1.1272804410418762
COHFACE_s35_session0_lamp,0,115,3.8333333333333335,0.18644984618733523,-1.0153032757247058
COHFACE_s35_session0_lamp,0,116,3.8666666666666667,0.7059998886576295,-0.8343607479695492
COHFACE_s35_session0_lamp,0,117,3.9,1.0675992481908134,-0.5846791821864468
COHFACE_s35_session0_lamp,0,118,3.933333333333333,1.2188143289068925,-0.2771810325190197
COHFACE_s35_session0_lamp,0,119,3.966666666666667,1.1965514204236092,0.06504387524828731
COHFACE_s35_session0_lamp,0,120,4.0,1.061272436201799,0.40994685691596644
COHFACE_s35_session0_lamp,0,121,4.033333333333333,0.8669437260045161,0.7149857948336157
COHFACE_s35_session0_lamp,0,122,4.066666666666666,0.6590417310943044,0.950480761263869
COHFACE_s35_session0_lamp,0,123,4.1,0.46041130409886327,1.0982766048422883
COHFACE_s35_session0_lamp,0,124,4.133333333333334,0.2604799532433679,1.1444097825426225
COHFACE_s35_session0_lamp,0,125,4.166666666666667,0.037205312634569776,1.0784507060786417
COHFACE_s35_session0_lamp,0,126,4.2,-0.21421375720410749,0.911196001199442
COHFACE_s35_session0_lamp,0,127,4.233333333333333,-0.4762260984271711,0.674838923841128
COHFACE_s35_session0_lamp,0,128,4.266666666666667,-0.7204961231797588,0.39931671715402073
COHFACE_s35_session0_lamp,0,129,4.3,-0.9196369238432743,0.11316024670404033
COHFACE_s35_session0_lamp,0,130,4.333333333333333,-1.0519281437066081,-0.163361745615024
COHFACE_s35_session0_lamp,0,131,4.366666666666666,-1.0994499339615245,-0.4167518043452153
COHFACE_s35_session0_lamp,0,132,4.4,-1.043598080537829,-0.6356727504952726
COHFACE_s35_session0_lamp,0,133,4.433333333333334,-0.8609779009140941,-0.8094346214221435
COHFACE_s35_session0_lamp,0,134,4.466666666666667,-0.5257728430245034,-0.9248089250626013
COHFACE_s35_session0_lamp,0,135,4.5,-0.048488595091514944,-0.9651472230171947
COHFACE_s35_session0_lamp,0,136,4.533333333333333,0.46788243300503357,-0.923119827764303
COHFACE_s35_session0_lamp,0,137,4.566666666666666,0.869426575660456,-0.8006313980016887
COHFACE_s35_session0_lamp,0,138,4.6,1.0709250593743291,-0.6062453321143876
COHFACE_s35_session0_lamp,0,139,4.633333333333334,1.087689525373459,-0.35582013643330035
COHFACE_s35_session0_lamp,0,140,4.666666666666667,0.9752355918753577,-0.06548707948005837
COHFACE_s35_session0_lamp,0,141,4.7,0.7870311712757634,0.24700535923732736
COHFACE_s35_session0_lamp,0,142,4.733333333333333,0.5715760354237779,0.5500321123330749
COHFACE_s35_session0_lamp,0,143,4.766666666666667,0.3637946520297861,0.7967443150672937
COHFACE_s35_session0_lamp,0,144,4.8,0.16576006678036173,0.9564819824176157
COHFACE_s35_session0_lamp,0,145,4.833333333333333,-0.043382071525615684,1.0138715756560486
COHFACE_s35_session0_lamp,0,146,4.866666666666666,-0.27523392538919156,0.9721422824456931
COHFACE_s35_session0_lamp,0,147,4.9,-0.517631456372591,0.8526092659669522
COHFACE_s35_session0_lamp,0,148,4.933333333333334,-0.7425147852077079,0.6726160974643947
COHFACE_s35_session0_lamp,0,149,4.966666666666667,-0.918704178743945,0.44588565856255324
COHFACE_s35_session0_lamp,0,150,5.0,-1.0187727460656417,0.18545580304113646
COHFACE_s35_session0_lamp,0,151,5.033333333333333,-1.0185436598568303,-0.09507349451015977
COHFACE_s35_session0_lamp,0,152,5.066666666666666,-0.8925902094938659,-0.37734979031135424
COHFACE_s35_session0_lamp,0,153,5.1,-0.6130246110060902,-0.6367899323638693
COHFACE_s35_session0_lamp,0,154,5.133333333333334,-0.17808440494260833,-0.8532463301407731
COHFACE_s35_session0_lamp,0,155,5.166666666666667,0.33194881073548477,-1.0097394176370995
COHFACE_s35_session0_lamp,0,156,5.2,0.7715500004501797,-1.0915841650403755
COHFACE_s35_session0_lamp,0,157,5.233333333333333,1.0381622783756457,-1.0857162280219514
COHFACE_s35_session0_lamp,0,158,5.266666666666667,1.124640853187961,-0.9752979536273632
COHFACE_s35_session0_lamp,0,159,5.3,1.072710818572729,-0.7402858233952998
COHFACE_s35_session0_lamp,0,160,5.333333333333333,0.9245853694093025,-0.42949289478851344
COHFACE_s35_session0_lamp,0,161,5.366666666666666,0.7179992228196922,-0.16092138694257266
COHFACE_s35_session0_lamp,0,162,5.4,0.4895451161178749,0.029499151607689983
COHFACE_s35_session0_lamp,0,163,5.433333333333334,0.2584011888242296,0.18695828762290995
COHFACE_s35_session0_lamp,0,164,5.466666666666667,0.01908438880119101,0.32935889315825284
COHFACE_s35_session0_lamp,0,165,5.5,-0.23783239857789842,0.4456074917390572
COHFACE_s35_session0_lamp,0,166,5.533333333333333,-0.5049034083249084,0.5392931963915406
COHFACE_s35_session0_lamp,0,167,5.566666666666666,-0.757201840073318,0.6276932805587022
COHFACE_s35_session0_lamp,0,168,5.6,-0.9639835321531736,0.704548753153621
COHFACE_s35_session0_lamp,0,169,5.633333333333334,-1.0984282798350793,0.7395690220708994
COHFACE_s35_session0_lamp,0,170,5.666666666666667,-1.138505984218563,0.7211295471614324
COHFACE_s35_session0_lamp,0,171,5.7,-1.0619690276096785,0.6563353182781821
COHFACE_s35_session0_lamp,0,172,5.733333333333333,-0.8420449957759788,0.5609829925508136
COHFACE_s35_session0_lamp,0,173,5.766666666666667,-0.45943976297780836,0.45957425379189315
COHFACE_s35_session0_lamp,0,174,5.8,0.047536966391099125,0.3624876719387659
COHFACE_s35_session0_lamp,0,175,5.833333333333333,0.5556008232085139,0.2664347785202165
COHFACE_s35_session0_lamp,0,176,5.866666666666666,0.933704659838729,0.16467072998113935
COHFACE_s35_session0_lamp,0,177,5.9,1.132836928377181,0.047926294345526
COHFACE_s35_session0_lamp,0,178,5.933333333333334,1.1752628919734063,-0.07517868575496894
COHFACE_s35_session0_lamp,0,179,5.966666666666667,1.0981285684444688,-0.1774821502592691
COHFACE_s35_session0_lamp,0,180,6.0,0.932685492465936,-0.23922960938991855
COHFACE_s35_session0_lamp,0,181,6.033333333333333,0.7136517803439513,-0.24783633643132516
COHFACE_s35_session0_lamp,0,182,6.066666666666666,0.47459773251692616,-0.22024258124950646
COHFACE_s35_session0_lamp,0,183,6.1,0.2283636237589329,-0.20228796935980148
COHFACE_s35_session0_lamp,0,184,6.133333333333334,-0.030456366205061727,-0.21449336518350953
COHFACE_s35_session0_lamp,0,185,6.166666666666667,-0.3035042557343667,-0.2515267845220804
COHFACE_s35_session0_lamp,0,186,6.2,-0.5772863208139605,-0.3021232955371575
COHFACE_s35_session0_lamp,0,187,6.233333333333333,-0.8279130567962225,-0.349082318230753
COHFACE_s35_session0_lamp,0,188,6.266666666666667,-1.0301295432180337,-0.38643466977233376
COHFACE_s35_session0_lamp,0,189,6.3,-1.1617586733900502,-0.41922976520199057
COHFACE_s35_session0_lamp,0,190,6.333333333333333,-1.2026383597301056,-0.44145610294624793
COHFACE_s35_session0_lamp,0,191,6.366666666666666,-1.1312695632523357,-0.4359468697979696
COHFACE_s35_session0_lamp,0,192,6.4,-0.9209881721298857,-0.3973595158153369
COHFACE_s35_session0_lamp,0,193,6.433333333333334,-0.5483778344077525,-0.332352458407959
COHFACE_s35_session0_lamp,0,194,6.466666666666667,-0.04004419906150267,-0.23764995710256123
COHFACE_s35_session0_lamp,0,195,6.5,0.4913189044622141,-0.10059974503582896
COHFACE_s35_session0_lamp,0,196,6.533333333333333,0.9114454205177099,0.07624471620281828
COHFACE_s35_session0_lamp,0,197,6.566666666666666,1.1594167376763185,0.2742075830426642
COHFACE_s35_session0_lamp,0,198,6.6,1.2492733914306269,0.46568351897463106
COHFACE_s35_session0_lamp,0,199,6.633333333333334,1.2142218141692782,0.6134997344530966
COHFACE_s35_session0_lamp,0,200,6.666666666666667,1.080769532641686,0.695283687035405
COHFACE_s35_session0_lamp,0,201,6.7,0.8790868925020334,0.7030309478567254
COHFACE_s35_session0_lamp,0,202,6.733333333333333,0.6451842395203353,0.6456279667977317
COHFACE_s35_session0_lamp,0,203,6.766666666666667,0.4012069522761058,0.5485225885473513
COHFACE_s35_session0_lamp,0,204,6.8,0.14818414609868855,0.4152208203294206
COHFACE_s35_session0_lamp,0,205,6.833333333333333,-0.11756644825318982,0.2278630972881523
COHFACE_s35_session0_lamp,0,206,6.866666666666666,-0.3898829173312073,-0.016317859972338655
COHFACE_s35_session0_lamp,0,207,6.9,-0.6528113180100676,-0.3035964602122172
COHFACE_s35_session0_lamp,0,208,6.933333333333334,-0.8875467787901765,-0.5963955874914143
COHFACE_s35_session0_lamp,0,209,6.966666666666667,-1.076470058058642,-0.8323394533006143
COHFACE_s35_session0_lamp,0,210,7.0,-1.2025058934423971,-0.9820392002359288
COHFACE_s35_session0_lamp,0,211,7.033333333333333,-1.2478257583370291,-1.0482887626800454
COHFACE_s35_session0_lamp,0,212,7.066666666666666,-1.1924591449017923,-1.0326845329070007
COHFACE_s35_session0_lamp,0,213,7.1,-1.0111165294398365,-0.935157471971837
COHFACE_s35_session0_lamp,0,214,7.133333333333334,-0.6756979193374892,-0.7622013764656159
COHFACE_s35_session0_lamp,0,215,7.166666666666667,-0.19021984839496264,-0.527448873679692
COHFACE_s35_session0_lamp,0,216,7.2,0.35927666584639195,-0.23588794463521517
COHFACE_s35_session0_lamp,0,217,7.233333333333333,0.8354640582817096,0.1145294075751265
COHFACE_s35_session0_lamp,0,218,7.266666666666667,1.150256235148977,0.4940666296215669
COHFACE_s35_session0_lamp,0,219,7.3,1.2984044374645265,0.8394806221299665
COHFACE_s35_session0_lamp,0,220,7.333333333333333,1.308917381297399,1.096431907138658
COHFACE_s35_session0_lamp,0,221,7.366666666666666,1.2077608980179928,1.2185192672963656
COHFACE_s35_session0_lamp,0,222,7.4,1.0226152510975575,1.1923310054482772
COHFACE_s35_session0_lamp,0,223,7.433333333333334,0.7915073124301512,1.0369209192014073
COHFACE_s35_session0_lamp,0,224,7.466666666666667,0.5467166150737993,0.7981776257972168
COHFACE_s35_session0_lamp,0,225,7.5,0.2980662775122831,0.5486057138945797
COHFACE_s35_session0_lamp,0,226,7.533333333333333,0.04182476471284088,0.332791572909954
COHFACE_s35_session0_lamp,0,227,7.566666666666666,-0.2217698170067378,0.16792279864762283
COHFACE_s35_session0_lamp,0,228,7.6,-0.4827399498549385,0.043147112503824685
COHFACE_s35_session0_lamp,0,229,7.633333333333334,-0.7257077428892131,-0.07889516553043714
COHFACE_s35_session0_lamp,0,230,7.666666666666667,-0.9358669836026452,-0.20578682297303758
COHFACE_s35_session0_lamp,0,231,7.7,-1.1003051233474577,-0.31418545257424546
COHFACE_s35_session0_lamp,0,232,7.733333333333333,-1.2054752542549556,-0.3837251081851538
COHFACE_s35_session0_lamp,0,233,7.766666666666667,-1.2357235507791406,-0.39676122846866024
COHFACE_s35_session0_lamp,0,234,7.8,-1.1723518096273706,-0.36509776835121077
COHFACE_s35_session0_lamp,0,235,7.833333333333333,-0.9905796535858762,-0.32948587732507467
COHFACE_s35_session0_lamp,0,236,7.866666666666666,-0.6616883311815525,-0.3093289678434188
COHFACE_s35_session0_lamp,0,237,7.9,-0.18624974945918488,-0.30231395970298536
COHFACE_s35_session0_lamp,0,238,7.933333333333334,0.3552857736408229,-0.29890093455586725
COHFACE_s35_session0_lamp,0,239,7.966666666666667,0.82750404827386,-0.2825902544162277
COHFACE_s35_session0_lamp,0,240,8.0,1.1389969552140002,-0.24755617224234888
COHFACE_s35_session0_lamp,0,241,8.033333333333333,1.2819905572386472,-0.19888277866936255
COHFACE_s35_session0_lamp,0,242,8.066666666666666,1.2873113479346132,-0.14331265238167024
COHFACE_s35_session0_lamp,0,243,8.1,1.1847714783402037,-0.08936245265994652
COHFACE_s35_session0_lamp,0,244,8.133333333333333,1.0050724420786727,-0.04509135789313733
COHFACE_s35_session0_lamp,0,245,8.166666666666666,0.7867411483326868,-0.01822572858523267
COHFACE_s35_session0_lamp,0,246,8.2,0.5593070280314195,-0.001732186704647004
COHFACE_s35_session0_lamp,0,247,8.233333333333333,0.32885417791334237,0.025809369929203296
COHFACE_s35_session0_lamp,0,248,8.266666666666667,0.08974747518130524,0.07290021887302532
COHFACE_s35_session0_lamp,0,249,8.3,-0.15803299205935886,0.13469713105403056
COHFACE_s35_session0_lamp,0,250,8.333333333333334,-0.40497189307670844,0.20155709136689393
COHFACE_s35_session0_lamp,0,251,8.366666666666667,-0.6371722099391213,0.25888545786076705
COHFACE_s35_session0_lamp,0,252,8.4,-0.8417780236678251,0.2965649855185015
COHFACE_s35_session0_lamp,0,253,8.433333333333334,-1.0079893044228483,0.30884788955592185
COHFACE_s35_session0_lamp,0,254,8.466666666666667,-1.1246995599314427,0.2981497214714268
COHFACE_s35_session0_lamp,0,255,8.5,-1.1789940837802024,0.2749021166867616
COHFACE_s35_session0_lamp,0,256,8.533333333333333,-1.1552640221814863,0.24946341802644104
COHFACE_s35_session0_lamp,0,257,8.566666666666666,-1.032232586964006,0.2319957424960535
COHFACE_s35_session0_lamp,0,258,8.6,-0.7811050445999003,0.21225448639798875
COHFACE_s35_session0_lamp,0,259,8.633333333333333,-0.3808290273527035,0.16001426453869882
COHFACE_s35_session0_lamp,0,260,8.666666666666666,0.13219789749583705,0.06815358592285743
COHFACE_s35_session0_lamp,0,261,8.7,0.6393823461552288,-0.04676637254509948
COHFACE_s35_session0_lamp,0,262,8.733333333333333,1.015147531439857,-0.16815493197737197
COHFACE_s35_session0_lamp,0,263,8.766666666666667,1.2138584651253619,-0.2790574425737039
COHFACE_s35_session0_lamp,0,264,8.8,1.2591119417840622,-0.3796401447024063
COHFACE_s35_session0_lamp,0,265,8.833333333333334,1.1882767653986386,-0.48641620008639913
COHFACE_s35_session0_lamp,0,266,8.866666666666667,1.0337745981585496,-0.6036601264051021
COHFACE_s35_session0_lamp,0,267,8.9,0.8318628626431186,-0.7225628612201334
COHFACE_s35_session0_lamp,0,268,8.933333333333334,0.6151677273581128,-0.8278978971531803
COHFACE_s35_session0_lamp,0,269,8.966666666666667,0.3947888377959133,-0.8976705674133495
COHFACE_s35_session0_lamp,0,270,9.0,0.164818403159186,-0.9057967246333087
COHFACE_s35_session0_lamp,0,271,9.033333333333333,-0.07817095672213042,-0.822434669202965
COHFACE_s35_session0_lamp,0,272,9.066666666666666,-0.3261144559017956,-0.6395402129548544
COHFACE_s35_session0_lamp,0,273,9.1,-0.5639201671085962,-0.371788828064115
COHFACE_s35_session0_lamp,0,274,9.133333333333333,-0.7767256476300544,-0.05257595941995319
COHFACE_s35_session0_lamp,0,275,9.166666666666666,-0.9520520998555829,0.2649293375503783
COHFACE_s35_session0_lamp,0,276,9.2,-1.0777014688447855,0.5485480621210048
COHFACE_s35_session0_lamp,0,277,9.233333333333333,-1.1402516398684246,0.7856529290143475
COHFACE_s35_session0_lamp,0,278,9.266666666666667,-1.1246263255483036,0.9660770530393312
COHFACE_s35_session0_lamp,0,279,9.3,-1.0110988082854706,1.0806359127546377
COHFACE_s35_session0_lamp,0,280,9.333333333333334,-0.7722035576058984,1.1299650756715853
COHFACE_s35_session0_lamp,0,281,9.366666666666667,-0.38613963427497705,1.1236373101975587
COHFACE_s35_session0_lamp,0,282,9.4,0.11442261213201924,1.061474978868659
COHFACE_s35_session0_lamp,0,283,9.433333333333334,0.6138576457849416,0.9335913964899805
COHFACE_s35_session0_lamp,0,284,9.466666666666667,0.9845235390762231,0.7611815810368883
COHFACE_s35_session0_lamp,0,285,9.5,1.176661864504444,0.5968551360937859
COHFACE_s35_session0_lamp,0,286,9.533333333333333,1.2132567185267853,0.4641946480998525
COHFACE_s35_session0_lamp,0,287,9.566666666666666,1.1348832404755393,0.3583138379181044
COHFACE_s35_session0_lamp,0,288,9.6,0.9775132292487118,0.25957774349229135
COHFACE_s35_session0_lamp,0,289,9.633333333333333,0.7787735981176148,0.1350123293488069
COHFACE_s35_session0_lamp,0,290,9.666666666666666,0.5695497079581235,-0.023965645054599527
COHFACE_s35_session0_lamp,0,291,9.7,0.3570249159668778,-0.20030920836790708
COHFACE_s35_session0_lamp,0,292,9.733333333333333,0.13222835029702323,-0.3763226436642412
COHFACE_s35_session0_lamp,0,293,9.766666666666667,-0.10866494536148226,-0.5328063767210125
COHFACE_s35_session0_lamp,0,294,9.8,-0.3561931791204803,-0.6670309526577671
COHFACE_s35_session0_lamp,0,295,9.833333333333334,-0.5931365656246136,-0.7916038939385445
COHFACE_s35_session0_lamp,0,296,9.866666666666667,-0.8024476122985928,-0.9086850124043448
COHFACE_s35_session0_lamp,0,297,9.9,-0.9700894892893808,-1.0089628693272874
COHFACE_s35_session0_lamp,0,298,9.933333333333334,-1.0829812552231535,-1.085520239272412
COHFACE_s35_session0_lamp,0,299,9.966666666666667,-1.1272726950400895,-1.1332758756633543
COHFACE_s35_session0_lamp,0,300,10.0,-1.0870608647887259,-1.1413641045335863
COHFACE_s35_session0_lamp,0,301,10.033333333333333,-0.9406273088597843,-1.0930999304564415
COHFACE_s35_session0_lamp,0,302,10.066666666666666,-0.6597557345630716,-0.9683347681946336
COHFACE_s35_session0_lamp,0,303,10.1,-0.2330228561123292,-0.7444085185477093
COHFACE_s35_session0_lamp,0,304,10.133333333333333,0.2811075206134601,-0.42958646945529216
COHFACE_s35_session0_lamp,0,305,10.166666666666666,0.7507572795695201,-0.06447617107181677
COHFACE_s35_session0_lamp,0,306,10.2,1.0635142250307084,0.31742001930194674
COHFACE_s35_session0_lamp,0,307,10.233333333333333,1.19610602036579,0.6879896471599168
COHFACE_s35_session0_lamp,0,308,10.266666666666667,1.1842445224470417,1.0172623419678841
COHFACE_s35_session0_lamp,0,309,10.3,1.0698586542524526,1.2715525647991766
COHFACE_s35_session0_lamp,0,310,10.333333333333334,0.8897877509763608,1.421462965482541
COHFACE_s35_session0_lamp,0,311,10.366666666666667,0.6813617950934955,1.4408545966732345
COHFACE_s35_session0_lamp,0,312,10.4,0.46833081032075685,1.323352223819378
COHFACE_s35_session0_lamp,0,313,10.433333333333334,0.24974558123253163,1.0823537304333752
COHFACE_s35_session0_lamp,0,314,10.466666666666667,0.016128908266357857,0.7619818274981321
COHFACE_s35_session0_lamp,0,315,10.5,-0.23110479104228993,0.43752729571411464
COHFACE_s35_session0_lamp,0,316,10.533333333333333,-0.47728300390318856,0.16396589425435976
COHFACE_s35_session0_lamp,0,317,10.566666666666666,-0.7023648035133989,-0.023291926442366218
COHFACE_s35_session0_lamp,0,318,10.6,-0.8880997903850486,-0.12382600954486386
COHFACE_s35_session0_lamp,0,319,10.633333333333333,-1.0195638995639211,-0.17085304754451253
COHFACE_s35_session0_lamp,0,320,10.666666666666666,-1.0825458651114597,-0.2123128341130209
COHFACE_s35_session0_lamp,0,321,10.7,-1.0604210839142516,-0.3091200806827218
COHFACE_s35_session0_lamp,0,322,10.733333333333333,-0.9320226941398264,-0.46032748913855825
COHFACE_s35_session0_lamp,0,323,10.766666666666667,-0.6714117768556294,-0.6024323616802137
COHFACE_s35_session0_lamp,0,324,10.8,-0.26613612402390047,-0.7060882023636821
COHFACE_s35_session0_lamp,0,325,10.833333333333334,0.23046268801785535,-0.7759164139497654
COHFACE_s35_session0_lamp,0,326,10.866666666666667,0.6874618382081712,-0.8305721080803805
COHFACE_s35_session0_lamp,0,327,10.9,0.986738403091035,-0.9017083691008071
COHFACE_s35_session0_lamp,0,328,10.933333333333334,1.1003958334624189,-0.9682109739288567
COHFACE_s35_session0_lamp,0,329,10.966666666666667,1.0657132464942392,-0.9563190699820389
COHFACE_s35_session0_lamp,0,330,11.0,0.9309408288914389,-0.8385174848828892
COHFACE_s35_session0_lamp,0,331,11.033333333333333,0.7404194800065451,-0.634455339448766
COHFACE_s35_session0_lamp,0,332,11.066666666666666,0.534771566735842,-0.37762284917615263
COHFACE_s35_session0_lamp,0,333,11.1,0.33250254338090013,-0.11590237770391924
COHFACE_s35_session0_lamp,0,334,11.133333333333333,0.12324552378372099,0.14173303402034204
COHFACE_s35_session0_lamp,0,335,11.166666666666666,-0.10703704360658853,0.4235453687955832
COHFACE_s35_session0_lamp,0,336,11.2,-0.35367794325671,0.721825019308965
COHFACE_s35_session0_lamp,0,337,11.233333333333333,-0.5942782824447321,0.991043281529165
COHFACE_s35_session0_lamp,0,338,11.266666666666667,-0.8010121385597203,1.1850372932945976
COHFACE_s35_session0_lamp,0,339,11.3,-0.9500196783085002,1.256378313889339
COHFACE_s35_session0_lamp,0,340,11.333333333333334,-1.0219956599549738,1.2067712624183626
COHFACE_s35_session0_lamp,0,341,11.366666666666667,-0.9980512097213459,1.086487653948013
COHFACE_s35_session0_lamp,0,342,11.4,-0.8561693597291355,0.9265129231870552
COHFACE_s35_session0_lamp,0,343,11.433333333333334,-0.5717081353156878,0.7385384001830098
COHFACE_s35_session0_lamp,0,344,11.466666666666667,-0.1456034416487068,0.5295771431101155
COHFACE_s35_session0_lamp,0,345,11.5,0.3439246766330578,0.3031598225307967
COHFACE_s35_session0_lamp,0,346,11.533333333333333,0.7590913130352532,0.07432270350072598
COHFACE_s35_session0_lamp,0,347,11.566666666666666,1.0037209708220214,-0.1291296602177497
COHFACE_s35_session0_lamp,0,348,11.6,1.0724474661723056,-0.29806244857078323
COHFACE_s35_session0_lamp,0,349,11.633333333333333,1.0072602857469062,-0.4407289498971707
COHFACE_s35_session0_lamp,0,350,11.666666666666666,0.8523340176102596,-0.558965228803099
COHFACE_s35_session0_lamp,0,351,11.7,0.6487936188789508,-0.6470248253792531
COHFACE_s35_session0_lamp,0,352,11.733333333333333,0.4317307601676539,-0.7004557186220159
COHFACE_s35_session0_lamp,0,353,11.766666666666667,0.21273646549867717,-0.7155139822667244
COHFACE_s35_session0_lamp,0,354,11.8,-0.01809728075653003,-0.6948219205030676
COHFACE_s35_session0_lamp,0,355,11.833333333333334,-0.2669711613996368,-0.6471151660904162
COHFACE_s35_session0_lamp,0,356,11.866666666666667,-0.520857347557649,-0.5824598660742458
COHFACE_s35_session0_lamp,0,357,11.9,-0.7524763415267565,-0.512253863017305
COHFACE_s35_session0_lamp,0,358,11.933333333333334,-0.9331393221884946,-0.43147816329840694
COHFACE_s35_session0_lamp,0,359,11.966666666666667,-1.0395956961302761,-0.3193140255363325
COHFACE_s35_session0_lamp,0,360,12.0,-1.0511908010829356,-0.17054638540460196
COHFACE_s35_session0_lamp,0,361,12.033333333333333,-0.944204876545858,0.0034943479917557436
COHFACE_s35_session0_lamp,0,362,12.066666666666666,-0.691076664653903,0.18375336166193135
COHFACE_s35_session0_lamp,0,363,12.1,-0.2835882753738341,0.3427508808202918
COHFACE_s35_session0_lamp,0,364,12.133333333333333,0.21567210237742523,0.4761872020801774
COHFACE_s35_session0_lamp,0,365,12.166666666666666,0.6749009086855976,0.6019150556716356
COHFACE_s35_session0_lamp,0,366,12.2,0.985834338909827,0.7093887518932084
COHFACE_s35_session0_lamp,0,367,12.233333333333333,1.1261510148022296,0.7590492980466713
COHFACE_s35_session0_lamp,0,368,12.266666666666667,1.1260428259498556,0.7242025043278725
COHFACE_s35_session0_lamp,0,369,12.3,1.0189726489028341,0.5914111829252202
COHFACE_s35_session0_lamp,0,370,12.333333333333334,0.8351352608170467,0.38922125290184173
COHFACE_s35_session0_lamp,0,371,12.366666666666667,0.6105287683072053,0.18826655624314576
COHFACE_s35_session0_lamp,0,372,12.4,0.37343738858061226,0.003308831329098207
COHFACE_s35_session0_lamp,0,373,12.433333333333334,0.12894059531678823,-0.2057780881880605
COHFACE_s35_session0_lamp,0,374,12.466666666666667,-0.12892225605685978,-0.4465796212306168
COHFACE_s35_session0_lamp,0,375,12.5,-0.3969387499641143,-0.6924648630583771
COHFACE_s35_session0_lamp,0,376,12.533333333333333,-0.6579012354769277,-0.9108074843369167
COHFACE_s35_session0_lamp,0,377,12.566666666666666,-0.8879635128675036,-1.0622203010812385
COHFACE_s35_session0_lamp,0,378,12.6,-1.0647637999172284,-1.132321726052228
COHFACE_s35_session0_lamp,0,379,12.633333333333333,-1.1687263395059633,-1.1311399653904266
COHFACE_s35_session0_lamp,0,380,12.666666666666666,-1.1797313065394524,-1.0575103183344408
COHFACE_s35_session0_lamp,0,381,12.7,-1.0743533987080318,-0.8992096131315369
COHFACE_s35_session0_lamp,0,382,12.733333333333333,-0.8248386969850379,-0.6560989412037499
COHFACE_s35_session0_lamp,0,383,12.766666666666667,-0.41573475257933473,-0.34136677911830643
COHFACE_s35_session0_lamp,0,384,12.8,0.10610937001503973,0.020049477878072326
COHFACE_s35_session0_lamp,0,385,12.833333333333334,0.6167567301598177,0.38981891783297906
COHFACE_s35_session0_lamp,0,386,12.866666666666667,0.9972190561736383,0.7290318742982698
COHFACE_s35_session0_lamp,0,387,12.9,1.2086279721816793,0.9965726846448015
COHFACE_s35_session0_lamp,0,388,12.933333333333334,1.2706448095917626,1.176171009305951
COHFACE_s35_session0_lamp,0,389,12.966666666666667,1.2103565140532921,1.2748766861941996
COHFACE_s35_session0_lamp,0,390,13.0,1.0515250622966956,1.2989425402094654
COHFACE_s35_session0_lamp,0,391,13.033333333333333,0.8279004718499522,1.2528923605732742
COHFACE_s35_session0_lamp,0,392,13.066666666666666,0.5772750666126236,1.1396705069582107
COHFACE_s35_session0_lamp,0,393,13.1,0.319528923055439,0.9608807324422508
COHFACE_s35_session0_lamp,0,394,13.133333333333333,0.05524823265176155,0.7342561451626759
COHFACE_s35_session0_lamp,0,395,13.166666666666666,-0.2163244010273122,0.49446207678606857
COHFACE_s35_session0_lamp,0,396,13.2,-0.4865889292219816,0.2632777176697295
COHFACE_s35_session0_lamp,0,397,13.233333333333333,-0.7393162283933865,0.050753837707004396
COHFACE_s35_session0_lamp,0,398,13.266666666666667,-0.9565068408673212,-0.13795219993741314
COHFACE_s35_session0_lamp,0,399,13.3,-1.1214823744694984,-0.301109733385175
COHFACE_s35_session0_lamp,0,400,13.333333333333334,-1.2180016477086066,-0.43327385484397535
COHFACE_s35_session0_lamp,0,401,13.366666666666667,-1.2286470335775468,-0.524166214327862
COHFACE_s35_session0_lamp,0,402,13.4,-1.1321469908856405,-0.5753835202494657
COHFACE_s35_session0_lamp,0,403,13.433333333333334,-0.9006773960478882,-0.5995902029188622
COHFACE_s35_session0_lamp,0,404,13.466666666666667,-0.5122542924747104,-0.6066886050296751
COHFACE_s35_session0_lamp,0,405,13.5,0.0023986962750985885,-0.6032572554714932
COHFACE_s35_session0_lamp,0,406,13.533333333333333,0.5310976981961555,-0.5886042772906277
COHFACE_s35_session0_lamp,0,407,13.566666666666666,0.947318364970634,-0.554723705699669
COHFACE_s35_session0_lamp,0,408,13.6,1.1967278806972061,-0.5039114560348237
COHFACE_s35_session0_lamp,0,409,13.633333333333333,1.29166399896639,-0.44887336415274665
COHFACE_s35_session0_lamp,0,410,13.666666666666666,1.2590820962797604,-0.3927665379325149
COHFACE_s35_session0_lamp,0,411,13.7,1.122915722707215,-0.3294555764503105
COHFACE_s35_session0_lamp,0,412,13.733333333333333,0.9164599821805508,-0.251023554150724
COHFACE_s35_session0_lamp,0,413,13.766666666666667,0.6799338943030595,-0.1484269504885562
COHFACE_s35_session0_lamp,0,414,13.8,0.43757438641090973,-0.02549258785057057
COHFACE_s35_session0_lamp,0,415,13.833333333333334,0.19120678593783805,0.10046697217653734
COHFACE_s35_session0_lamp,0,416,13.866666666666667,-0.06274174692780801,0.21694925583279373
COHFACE_s35_session0_lamp,0,417,13.9,-0.3197237380497263,0.3157161380337079
COHFACE_s35_session0_lamp,0,418,13.933333333333334,-0.5674830509513735,0.3943199044208474
COHFACE_s35_session0_lamp,0,419,13.966666666666667,-0.7919278328851115,0.45545455143302166
COHFACE_s35_session0_lamp,0,420,14.0,-0.9803278568967316,0.4955047704349088
COHFACE_s35_session0_lamp,0,421,14.033333333333333,-1.1201744928819237,0.504196422960556
COHFACE_s35_session0_lamp,0,422,14.066666666666666,-1.1975994002232966,0.4733909861892332
COHFACE_s35_session0_lamp,0,423,14.1,-1.1968347471848992,0.3972405032264878
COHFACE_s35_session0_lamp,0,424,14.133333333333333,-1.097594061113982,0.28438087410622753
COHFACE_s35_session0_lamp,0,425,14.166666666666666,-0.8723570686544087,0.15821040523323782
COHFACE_s35_session0_lamp,0,426,14.2,-0.4966622900665418,0.028539872335888842
COHFACE_s35_session0_lamp,0,427,14.233333333333333,0.006704438915504464,-0.10780684984890769
COHFACE_s35_session0_lamp,0,428,14.266666666666667,0.5324146263216993,-0.24975885087254485
COHFACE_s35_session0_lamp,0,429,14.3,0.9510442882073699,-0.39107806842080584
COHFACE_s35_session0_lamp,0,430,14.333333333333334,1.201554696520827,-0.5169105417260297
COHFACE_s35_session0_lamp,0,431,14.366666666666667,1.2956283648370657,-0.6032359606606159
COHFACE_s35_session0_lamp,0,432,14.4,1.2639783583812136,-0.6424913485157289
COHFACE_s35_session0_lamp,0,433,14.433333333333334,1.1331715260894761,-0.643214966370537
COHFACE_s35_session0_lamp,0,434,14.466666666666667,0.9364423099869588,-0.6128533773993167
COHFACE_s35_session0_lamp,0,435,14.5,0.7118470712984186,-0.5575968039847216
COHFACE_s35_session0_lamp,0,436,14.533333333333333,0.48058907485673175,-0.47087870446077873
COHFACE_s35_session0_lamp,0,437,14.566666666666666,0.24214532704049216,-0.3340239110032264
COHFACE_s35_session0_lamp,0,438,14.6,-0.00783347746170495,-0.15031144197140656
COHFACE_s35_session0_lamp,0,439,14.633333333333333,-0.26411264573667986,0.05407354762462295
COHFACE_s35_session0_lamp,0,440,14.666666666666666,-0.5129097632739131,0.252456432092709
COHFACE_s35_session0_lamp,0,441,14.7,-0.7388754136195075,0.4169157292584341
COHFACE_s35_session0_lamp,0,442,14.733333333333333,-0.9292392419042856,0.5502802254913798
COHFACE_s35_session0_lamp,0,443,14.766666666666667,-1.0728344524133313,0.6848202333336157
COHFACE_s35_session0_lamp,0,444,14.8,-1.1577817885370223,0.8103021111748376
COHFACE_s35_session0_lamp,0,445,14.833333333333334,-1.1702383695149714,0.8732900183226439
COHFACE_s35_session0_lamp,0,446,14.866666666666667,-1.0921193459604823,0.8547357448605815
COHFACE_s35_session0_lamp,0,447,14.9,-0.8980743943273634,0.7700720054505749
COHFACE_s35_session0_lamp,0,448,14.933333333333334,-0.5605600226684284,0.6482689194506
COHFACE_s35_session0_lamp,0,449,14.966666666666667,-0.08717255546513937,0.5316287395408856
COHFACE_s35_session0_lamp,0,450,15.0,0.43195498087590567,0.42393810625700207
COHFACE_s35_session0_lamp,0,451,15.033333333333333,0.8609978621940386,0.2912423908567783
COHFACE_s35_session0_lamp,0,452,15.066666666666666,1.1195336778045242,0.12870047921553984
COHFACE_s35_session0_lamp,0,453,15.1,1.2112284701603713,-0.038257378255804844
COHFACE_s35_session0_lamp,0,454,15.133333333333333,1.1726848602119768,-0.18685475831264042
COHFACE_s35_session0_lamp,0,455,15.166666666666666,1.0377382669707529,-0.29634890581843354
COHFACE_s35_session0_lamp,0,456,15.2,0.8423758760746641,-0.36985582531344907
COHFACE_s35_session0_lamp,0,457,15.233333333333333,0.6248458507123644,-0.4333921320748446
COHFACE_s35_session0_lamp,0,458,15.266666666666667,0.4043740944814249,-0.4927716864380377
COHFACE_s35_session0_lamp,0,459,15.3,0.17648306156792998,-0.5329035578818371
COHFACE_s35_session0_lamp,0,460,15.333333333333334,-0.06548337595693558,-0.5415944279303697
COHFACE_s35_session0_lamp,0,461,15.366666666666667,-0.31458972513946776,-0.5095445436713759
COHFACE_s35_session0_lamp,0,462,15.4,-0.5530651392331623,-0.4416237781363813
COHFACE_s35_session0_lamp,0,463,15.433333333333334,-0.7614582990577002,-0.35690965520061385
COHFACE_s35_session0_lamp,0,464,15.466666666666667,-0.9232225988641111,-0.2658697878479617
COHFACE_s35_session0_lamp,0,465,15.5,-1.0240231419088357,-0.17063495549259644
COHFACE_s35_session0_lamp,0,466,15.533333333333333,-1.0493279276443046,-0.07381039028089618
COHFACE_s35_session0_lamp,0,467,15.566666666666666,-0.9816657445970318,0.02092987649805834
COHFACE_s35_session0_lamp,0,468,15.6,-0.7976229981447074,0.09938161061443253
COHFACE_s35_session0_lamp,0,469,15.633333333333333,-0.4733865613865755,0.13653543926674377
COHFACE_s35_session0_lamp,0,470,15.666666666666666,-0.023551197351537642,0.12488016424942755
COHFACE_s35_session0_lamp,0,471,15.7,0.4562596262275892,0.07433130189712309
COHFACE_s35_session0_lamp,0,472,15.733333333333333,0.8342420249074101,0.004895190392952359
COHFACE_s35_session0_lamp,0,473,15.766666666666667,1.0397767909212279,-0.053580878836996526
COHFACE_s35_session0_lamp,0,474,15.8,1.0830178388970937,-0.10337290726780685
COHFACE_s35_session0_lamp,0,475,15.833333333333334,1.0038274947342947,-0.17844319293123173
COHFACE_s35_session0_lamp,0,476,15.866666666666667,0.8413226843613408,-0.26900276348189833
COHFACE_s35_session0_lamp,0,477,15.9,0.6366739478560561,-0.32131249839565956
COHFACE_s35_session0_lamp,0,478,15.933333333333334,0.42370660283210115,-0.2894677532830336
COHFACE_s35_session0_lamp,0,479,15.966666666666667,0.20897912843094713,-0.13640953302645697
COHFACE_s35_session0_lamp,0,480,16.0,-0.019617409277404116,0.07523009338343113
COHFACE_s35_session0_lamp,0,481,16.033333333333335,-0.26613237518859567,0.18376893072608338
COHFACE_s35_session0_lamp,0,482,16.066666666666666,-0.5156098120843429,0.14954731491771944
COHFACE_s35_session0_lamp,0,483,16.1,-0.7418828395591143,0.0552270754604425
COHFACE_s35_session0_lamp,0,484,16.133333333333333,-0.9196881964145605,-0.012138147551814388
COHFACE_s35_session0_lamp,0,485,16.166666666666668,-1.0296307292703675,0.037004444131203615
COHFACE_s35_session0_lamp,0,486,16.2,-1.0552049508301458,0.19047493155608355
COHFACE_s35_session0_lamp,0,487,16.233333333333334,-0.9778373875196801,0.33430845066129106
COHFACE_s35_session0_lamp,0,488,16.266666666666666,-0.7731779194230226,0.4106849823547083
COHFACE_s35_session0_lamp,0,489,16.3,-0.41968614127830284,0.418526826458332
COHFACE_s35_session0_lamp,0,490,16.333333333333332,0.056554431828627405,0.3808304287141599
COHFACE_s35_session0_lamp,0,491,16.366666666666667,0.5463505800545766,0.34392594273406674
COHFACE_s35_session0_lamp,0,492,16.4,0.9191275150839197,0.3132647264761419
COHFACE_s35_session0_lamp,0,493,16.433333333333334,1.11663084972203,0.2535218528971793
COHFACE_s35_session0_lamp,0,494,16.466666666666665,1.155591340814201,0.159905028679795
COHFACE_s35_session0_lamp,0,495,16.5,1.072958380635796,0.05873230954542402
COHFACE_s35_session0_lamp,0,496,16.533333333333335,0.9021098458094182,-0.016380095061021515
COHFACE_s35_session0_lamp,0,497,16.566666666666666,0.6810888547738977,-0.024735142954563548
COHFACE_s35_session0_lamp,0,498,16.6,0.44530745366612084,0.01587161337354072
COHFACE_s35_session0_lamp,0,499,16.633333333333333,0.20625549163543028,0.02976228743984849
COHFACE_s35_session0_lamp,0,500,16.666666666666668,-0.0441641330735716,-0.004666068888490048
COHFACE_s35_session0_lamp,0,501,16.7,-0.3090725492774272,-0.05437300466610311
COHFACE_s35_session0_lamp,0,502,16.733333333333334,-0.574537404316602,-0.0882862144687376
COHFACE_s35_session0_lamp,0,503,16.766666666666666,-0.8155066509207439,-0.07779080432544476
COHFACE_s35_session0_lamp,0,504,16.8,-1.0063158495588844,-0.04153997570137093
COHFACE_s35_session0_lamp,0,505,16.833333333333332,-1.1256001818569452,-0.04494289411167941
COHFACE_s35_session0_lamp,0,506,16.866666666666667,-1.1544065088437707,-0.10680544026108546
COHFACE_s35_session0_lamp,0,507,16.9,-1.0715331245956978,-0.1987173492215309
COHFACE_s35_session0_lamp,0,508,16.933333333333334,-0.8499869994643727,-0.28302112758667225
COHFACE_s35_session0_lamp,0,509,16.966666666666665,-0.46855225030614317,-0.3131978666385583
COHFACE_s35_session0_lamp,0,510,17.0,0.039418367783007516,-0.29654387830908235
COHFACE_s35_session0_lamp,0,511,17.033333333333335,0.5560824163212842,-0.29371225706660165
COHFACE_s35_session0_lamp,0,512,17.066666666666666,0.9509089336760541,-0.3165944680512017
COHFACE_s35_session0_lamp,0,513,17.1,1.1711836189015217,-0.327975497911022
COHFACE_s35_session0_lamp,0,514,17.133333333333333,1.2350550956731183,-0.29253641160753563
COHFACE_s35_session0_lamp,0,515,17.166666666666668,1.1754029400101524,-0.17777680541550425
COHFACE_s35_session0_lamp,0,516,17.2,1.0197124864195657,-0.0026618015433583046
COHFACE_s35_session0_lamp,0,517,17.233333333333334,0.802141909190731,0.16210807063014224
COHFACE_s35_session0_lamp,0,518,17.266666666666666,0.5599142984715451,0.28168255589471675
COHFACE_s35_session0_lamp,0,519,17.3,0.3110883936440729,0.3568861934324301
COHFACE_s35_session0_lamp,0,520,17.333333333333332,0.05256883171182653,0.4009000882739874
COHFACE_s35_session0_lamp,0,521,17.366666666666667,-0.21950448831653693,0.4383422378540286
COHFACE_s35_session0_lamp,0,522,17.4,-0.4958699472012009,0.4657665061143758
COHFACE_s35_session0_lamp,0,523,17.433333333333334,-0.7566523348893033,0.45149213698064594
COHFACE_s35_session0_lamp,0,524,17.466666666666665,-0.9803798349776242,0.3837219293719889
COHFACE_s35_session0_lamp,0,525,17.5,-1.1485226670147335,0.2709829227824531
COHFACE_s35_session0_lamp,0,526,17.533333333333335,-1.2440880801961445,0.1327791786036674
COHFACE_s35_session0_lamp,0,527,17.566666666666666,-1.2489071172983113,-0.00016511350851645783
COHFACE_s35_session0_lamp,0,528,17.6,-1.1408292115118015,-0.12982870306249245
COHFACE_s35_session0_lamp,0,529,17.633333333333333,-0.8910942694015033,-0.2898908318739223
COHFACE_s35_session0_lamp,0,530,17.666666666666668,-0.4773924821262583,-0.4713909842603432
COHFACE_s35_session0_lamp,0,531,17.7,0.06474065988630091,-0.621855153623173
COHFACE_s35_session0_lamp,0,532,17.733333333333334,0.6123822503348648,-0.7067665265259809
COHFACE_s35_session0_lamp,0,533,17.766666666666666,1.0321398571285125,-0.7095076213901939
COHFACE_s35_session0_lamp,0,534,17.8,1.2727522662090343,-0.6532876293043587
COHFACE_s35_session0_lamp,0,535,17.833333333333332,1.3541157202954828,-0.6004921977189102
COHFACE_s35_session0_lamp,0,536,17.866666666666667,1.3083525023645302,-0.5558220002699575
COHFACE_s35_session0_lamp,0,537,17.9,1.160453478198783,-0.46658443121910526
COHFACE_s35_session0_lamp,0,538,17.933333333333334,0.942846263826965,-0.2991796133441618
COHFACE_s35_session0_lamp,0,539,17.966666666666665,0.6950180506658009,-0.040763041977164675
COHFACE_s35_session0_lamp,0,540,18.0,0.44063151415807966,0.2594163170136493
COHFACE_s35_session0_lamp,0,541,18.033333333333335,0.1806034295829676,0.489528087843151
COHFACE_s35_session0_lamp,0,542,18.066666666666666,-0.08958880472807268,0.6090671103621881
COHFACE_s35_session0_lamp,0,543,18.1,-0.36540910032898244,0.6483243621282947
COHFACE_s35_session0_lamp,0,544,18.133333333333333,-0.6329233452593018,0.6424358271481821
COHFACE_s35_session0_lamp,0,545,18.166666666666668,-0.8753196248594821,0.6300571723101536
COHFACE_s35_session0_lamp,0,546,18.2,-1.0773428331579078,0.6152665467026028
COHFACE_s35_session0_lamp,0,547,18.233333333333334,-1.224646330830026,0.5675249766724558
COHFACE_s35_session0_lamp,0,548,18.266666666666666,-1.3017980075440039,0.4957889692363628
COHFACE_s35_session0_lamp,0,549,18.3,-1.2914786534428164,0.44860786001328856
COHFACE_s35_session0_lamp,0,550,18.333333333333332,-1.1717806168000569,0.43152186232426426
COHFACE_s35_session0_lamp,0,551,18.366666666666667,-0.9126643310640548,0.40727784682957746
COHFACE_s35_session0_lamp,0,552,18.4,-0.48921822293417394,0.3505100042351252
COHFACE_s35_session0_lamp,0,553,18.433333333333334,0.06476717093524517,0.2487025890176947
COHFACE_s35_session0_lamp,0,554,18.466666666666665,0.6249607745278488,0.12055236036806546
COHFACE_s35_session0_lamp,0,555,18.5,1.0551075794760885,0.01623324873781154
COHFACE_s35_session0_lamp,0,556,18.533333333333335,1.3025160832772187,-0.0419786775788845
COHFACE_s35_session0_lamp,0,557,18.566666666666666,1.387508412612735,-0.05951731091194193
COHFACE_s35_session0_lamp,0,558,18.6,1.3442935912581881,-0.06863259847146573
COHFACE_s35_session0_lamp,0,559,18.633333333333333,1.2002721320290113,-0.12725353186977173
COHFACE_s35_session0_lamp,0,560,18.666666666666668,0.9891414986756358,-0.23533815048722959
COHFACE_s35_session0_lamp,0,561,18.7,0.7511699928240804,-0.33438087868761196
COHFACE_s35_session0_lamp,0,562,18.733333333333334,0.5102357186652278,-0.39531761274589144
COHFACE_s35_session0_lamp,0,563,18.766666666666666,0.2661320708961354,-0.418596032006302
COHFACE_s35_session0_lamp,0,564,18.8,0.01240252505099812,-0.4328321036010939
COHFACE_s35_session0_lamp,0,565,18.833333333333332,-0.2485906909035392,-0.49378506383829057
COHFACE_s35_session0_lamp,0,566,18.866666666666667,-0.5052317249963446,-0.6027930001232726
COHFACE_s35_session0_lamp,0,567,18.9,-0.7435237438157221,-0.7062922472486128
COHFACE_s35_session0_lamp,0,568,18.933333333333334,-0.951604161742289,-0.7727678709415162
COHFACE_s35_session0_lamp,0,569,18.966666666666665,-1.118600934976176,-0.7929457279963636
COHFACE_s35_session0_lamp,0,570,19.0,-1.2324932907034263,-0.7748324335360202
COHFACE_s35_session0_lamp,0,571,19.033333333333335,-1.279490641385064,-0.7433962991361156
COHFACE_s35_session0_lamp,0,572,19.066666666666666,-1.242512161460269,-0.6932995411936362
COHFACE_s35_session0_lamp,0,573,19.1,-1.09771965867559,-0.5893595428870086
COHFACE_s35_session0_lamp,0,574,19.133333333333333,-0.813203443553636,-0.4200228685629709
COHFACE_s35_session0_lamp,0,575,19.166666666666668,-0.3676202371232884,-0.19854320468064848
COHFACE_s35_session0_lamp,0,576,19.2,0.1930075886368008,0.04606398739321742
COHFACE_s35_session0_lamp,0,577,19.233333333333334,0.7346192647536041,0.26816298312702114
COHFACE_s35_session0_lamp,0,578,19.266666666666666,1.1266857328280604,0.4705922963464494
COHFACE_s35_session0_lamp,0,579,19.3,1.3299678703671172,0.7028899994881408
COHFACE_s35_session0_lamp,0,580,19.333333333333332,1.3736604040312366,0.9596371558839804
COHFACE_s35_session0_lamp,0,581,19.366666666666667,1.2968507122276685,1.178866831229902
COHFACE_s35_session0_lamp,0,582,19.4,1.1324999300941476,1.3035714114841637
COHFACE_s35_session0_lamp,0,583,19.433333333333334,0.9182846951621656,1.2817211683108114
COHFACE_s35_session0_lamp,0,584,19.466666666666665,0.6898889342701111,1.1431553035981277
COHFACE_s35_session0_lamp,0,585,19.5,0.46072296781689714,0.9988627254363054
COHFACE_s35_session0_lamp,0,586,19.533333333333335,0.22455145245530342,0.8817781278269611
COHFACE_s35_session0_lamp,0,587,19.566666666666666,-0.024086829117060317,0.7468894790176248
COHFACE_s35_session0_lamp,0,588,19.6,-0.2792218403516108,0.5650957354001857
COHFACE_s35_session0_lamp,0,589,19.633333333333333,-0.5266030018948638,0.32506910813740764
COHFACE_s35_session0_lamp,0,590,19.666666666666668,-0.751919206108326,0.0612298526073138
COHFACE_s35_session0_lamp,0,591,19.7,-0.9447341377739693,-0.1454412328674072
COHFACE_s35_session0_lamp,0,592,19.733333333333334,-1.0957726699186703,-0.2663702603357335
COHFACE_s35_session0_lamp,0,593,19.766666666666666,-1.1940322020959577,-0.3246329146991458
COHFACE_s35_session0_lamp,0,594,19.8,-1.22639869191456,-0.36558927016377774
COHFACE_s35_session0_lamp,0,595,19.833333333333332,-1.1759848074272161,-0.455057362494691
COHFACE_s35_session0_lamp,0,596,19.866666666666667,-1.0184991373110062,-0.5923200484894738
COHFACE_s35_session0_lamp,0,597,19.9,-0.7220364306824306,-0.7094124146354128
COHFACE_s35_session0_lamp,0,598,19.933333333333334,-0.2689249317161658,-0.7797623041125233
COHFACE_s35_session0_lamp,0,599,19.966666666666665,0.2860267101919062,-0.8180454955412784
COHFACE_s35_session0_lamp,0,600,20.0,0.8029737964225205,-0.8399306879073747
COHFACE_s35_session0_lamp,0,601,20.033333333333335,1.1563852658622016,-0.8613111959779823
COHFACE_s35_session0_lamp,0,602,20.066666666666666,1.3169329786284165,-0.8708439955020735
COHFACE_s35_session0_lamp,0,603,20.1,1.3211816211351317,-0.8301134684943827
COHFACE_s35_session0_lamp,0,604,20.133333333333333,1.2135531359485134,-0.7378825060749061
COHFACE_s35_session0_lamp,0,605,20.166666666666668,1.0319455134920976,-0.6304428764811871
COHFACE_s35_session0_lamp,0,606,20.2,0.8152852473708512,-0.5248310406483709
COHFACE_s35_session0_lamp,0,607,20.233333333333334,0.5929854279377673,-0.41915846747176344
COHFACE_s35_session0_lamp,0,608,20.266666666666666,0.36956736545541247,-0.29116407129460664
COHFACE_s35_session0_lamp,0,609,20.3,0.13488023730225066,-0.09968416871861109
COHFACE_s35_session0_lamp,0,610,20.333333333333332,-0.11468939944237475,0.15017032449894435
COHFACE_s35_session0_lamp,0,611,20.366666666666667,-0.36908812413859265,0.4057084058761661
COHFACE_s35_session0_lamp,0,612,20.4,-0.61111785442927,0.6248093430182342
COHFACE_s35_session0_lamp,0,613,20.433333333333334,-0.824668771218814,0.7752273993384409
COHFACE_s35_session0_lamp,0,614,20.466666666666665,-0.9970404436033958,0.8737186820172529
COHFACE_s35_session0_lamp,0,615,20.5,-1.1167041906953417,0.9844177514532634
COHFACE_s35_session0_lamp,0,616,20.533333333333335,-1.171313265137374,1.1026165932977132
COHFACE_s35_session0_lamp,0,617,20.566666666666666,-1.1462814249650892,1.1540684046578609
COHFACE_s35_session0_lamp,0,618,20.6,-1.0217469928368057,1.1030288127062857
COHFACE_s35_session0_lamp,0,619,20.633333333333333,-0.7699143176505896,0.9529080445782729
COHFACE_s35_session0_lamp,0,620,20.666666666666668,-0.3664161353389238,0.7449760167240534
COHFACE_s35_session0_lamp,0,621,20.7,0.1573186218101921,0.5582706867598713
COHFACE_s35_session0_lamp,0,622,20.733333333333334,0.6762035028775495,0.4184860838038279
COHFACE_s35_session0_lamp,0,623,20.766666666666666,1.0480775141118714,0.2986179093994008
COHFACE_s35_session0_lamp,0,624,20.8,1.2188982519778047,0.17482192998179563
COHFACE_s35_session0_lamp,0,625,20.833333333333332,1.2193489069916963,0.028025917870295847
COHFACE_s35_session0_lamp,0,626,20.866666666666667,1.1023876272067468,-0.13722642290439005
COHFACE_s35_session0_lamp,0,627,20.9,0.9160289639825392,-0.29178148609037613
COHFACE_s35_session0_lamp,0,628,20.933333333333334,0.7050468736962565,-0.43244565127410683
COHFACE_s35_session0_lamp,0,629,20.966666666666665,0.4976960086018146,-0.5809025555734779
COHFACE_s35_session0_lamp,0,630,21.0,0.29042373864939913,-0.7473753743180591
COHFACE_s35_session0_lamp,0,631,21.033333333333335,0.06490975168910268,-0.9292191981747916
COHFACE_s35_session0_lamp,0,632,21.066666666666666,-0.18371404347446793,-1.108286185912942
COHFACE_s35_session0_lamp,0,633,21.1,-0.4401818909719785,-1.2501240039656107
COHFACE_s35_session0_lamp,0,634,21.133333333333333,-0.6797242119914992,-1.3410919213767223
COHFACE_s35_session0_lamp,0,635,21.166666666666668,-0.8794788395521916,-1.3877502594527162
COHFACE_s35_session0_lamp,0,636,21.2,-1.022362971599616,-1.3750195857244338
COHFACE_s35_session0_lamp,0,637,21.233333333333334,-1.0939437900038134,-1.2663286801468625
COHFACE_s35_session0_lamp,0,638,21.266666666666666,-1.0783099723391802,-1.022304121569873
COHFACE_s35_session0_lamp,0,639,21.3,-0.9552134371432575,-0.6027610509622713
COHFACE_s35_session0_lamp,0,640,21.333333333333332,-0.6975216514710981,-0.05578862003909216
COHFACE_s35_session0_lamp,0,641,21.366666666666667,-0.2872717172922748,0.4805325815963568
COHFACE_s35_session0_lamp,0,642,21.4,0.2271860478938803,0.9274109916051
COHFACE_s35_session0_lamp,0,643,21.433333333333334,0.710134687672726,1.2636699610563091
COHFACE_s35_session0_lamp,0,644,21.466666666666665,1.0320509500313886,1.4868719125907297
COHFACE_s35_session0_lamp,0,645,21.5,1.1586331268031038,1.6108890155679738
COHFACE_s35_session0_lamp,0,646,21.533333333333335,1.127839045908166,1.632367969061689
COHFACE_s35_session0_lamp,0,647,21.566666666666666,0.9904604859406195,1.5298716182227436
COHFACE_s35_session0_lamp,0,648,21.6,0.7917512489916164,1.3123195090874182
COHFACE_s35_session0_lamp,0,649,21.633333333333333,0.5736498787864712,1.0194305281912546
COHFACE_s35_session0_lamp,0,650,21.666666666666668,0.3587321091023955,0.6855349557136273
COHFACE_s35_session0_lamp,0,651,21.7,0.1391708343720267,0.3406820645728583
COHFACE_s35_session0_lamp,0,652,21.733333333333334,-0.1013187143701677,0.006381248943326728
COHFACE_s35_session0_lamp,0,653,21.766666666666666,-0.3615548027539449,-0.30252068870115156
COHFACE_s35_session0_lamp,0,654,21.8,-0.6202738675424214,-0.5726249940328032
COHFACE_s35_session0_lamp,0,655,21.833333333333332,-0.848328177726002,-0.7901084142303441
COHFACE_s35_session0_lamp,0,656,21.866666666666667,-1.0194506004398196,-0.9397911252164332
COHFACE_s35_session0_lamp,0,657,21.9,-1.1130151352368105,-1.003961460499617
COHFACE_s35_session0_lamp,0,658,21.933333333333334,-1.1108761805517509,-0.9777767767187338
COHFACE_s35_session0_lamp,0,659,21.966666666666665,-0.9924024405174544,-0.8688886516208756
COHFACE_s35_session0_lamp,0,660,22.0,-0.7316167306030159,-0.6926515667033946
COHFACE_s35_session0_lamp,0,661,22.033333333333335,-0.31482154463703466,-0.4724116877329207
COHFACE_s35_session0_lamp,0,662,22.066666666666666,0.20517675577000175,-0.22576673317188428
COHFACE_s35_session0_lamp,0,663,22.1,0.694823497309571,0.034404626549388986
COHFACE_s35_session0_lamp,0,664,22.133333333333333,1.0312002473980435,0.28001011778799106
COHFACE_s35_session0_lamp,0,665,22.166666666666668,1.181823550440879,0.4667243967126241
COHFACE_s35_session0_lamp,0,666,22.2,1.1790575210824998,0.56850309571768
COHFACE_s35_session0_lamp,0,667,22.233333333333334,1.063992101304487,0.5770271313938341
COHFACE_s35_session0_lamp,0,668,22.266666666666666,0.8723112510295653,0.5089930784054609
COHFACE_s35_session0_lamp,0,669,22.3,0.6426356494674517,0.40560211306525573
COHFACE_s35_session0_lamp,0,670,22.333333333333332,0.4046254741444523,0.289018981981728
COHFACE_s35_session0_lamp,0,671,22.366666666666667,0.16199812936153898,0.1625059285597809
COHFACE_s35_session0_lamp,0,672,22.4,-0.09535390254946255,0.024439486305142973
COHFACE_s35_session0_lamp,0,673,22.433333333333334,-0.3668781797007796,-0.1307043030243717
COHFACE_s35_session0_lamp,0,674,22.466666666666665,-0.6340631651587332,-0.2866645598346994
COHFACE_s35_session0_lamp,0,675,22.5,-0.8695115682557145,-0.40472177553790833
COHFACE_s35_session0_lamp,0,676,22.533333333333335,-1.0478015800579152,-0.4612569113488028
COHFACE_s35_session0_lamp,0,677,22.566666666666666,-1.1486382093770418,-0.4475587522823923
COHFACE_s35_session0_lamp,0,678,22.6,-1.153054057162509,-0.37408894683858634
COHFACE_s35_session0_lamp,0,679,22.633333333333333,-1.0387383288957266,-0.2702565005932477
COHFACE_s35_session0_lamp,0,680,22.666666666666668,-0.7784421331872131,-0.14941207342595547
COHFACE_s35_session0_lamp,0,681,22.7,-0.3598045942934275,-0.009190167051791483
COHFACE_s35_session0_lamp,0,682,22.733333333333334,0.16167806176020166,0.14451363803149112
COHFACE_s35_session0_lamp,0,683,22.766666666666666,0.655145484029276,0.2967209376962005
COHFACE_s35_session0_lamp,0,684,22.8,1.0048875266184292,0.41886028232483885
COHFACE_s35_session0_lamp,0,685,22.833333333333332,1.1804143413343433,0.46851042904519435
COHFACE_s35_session0_lamp,0,686,22.866666666666667,1.2075922608226806,0.4435608886309059
COHFACE_s35_session0_lamp,0,687,22.9,1.1180395300684363,0.38192679088366954
COHFACE_s35_session0_lamp,0,688,22.933333333333334,0.9401666847119048,0.3106948783663299
COHFACE_s35_session0_lamp,0,689,22.966666666666665,0.7103605668068552,0.24579404476895764
COHFACE_s35_session0_lamp,0,690,23.0,0.46305349952354813,0.17454872318107317
COHFACE_s35_session0_lamp,0,691,23.033333333333335,0.21049512342244636,0.05651650881747672
COHFACE_s35_session0_lamp,0,692,23.066666666666666,-0.05191997906196966,-0.10932058641649807
COHFACE_s35_session0_lamp,0,693,23.1,-0.32422246895717355,-0.2836780893508422
COHFACE_s35_session0_lamp,0,694,23.133333333333333,-0.5929161519782702,-0.43451154238643025
COHFACE_s35_session0_lamp,0,695,23.166666666666668,-0.8362114922546758,-0.5366951091727254
COHFACE_s35_session0_lamp,0,696,23.2,-1.0317570474460116,-0.5914651273052487
COHFACE_s35_session0_lamp,0,697,23.233333333333334,-1.1602821413771265,-0.6256677514063995
COHFACE_s35_session0_lamp,0,698,23.266666666666666,-1.2038128359715223,-0.6407673549406321
COHFACE_s35_session0_lamp,0,699,23.3,-1.1417118664184707,-0.612586683741018
COHFACE_s35_session0_lamp,0,700,23.333333333333332,-0.9478008362654188,-0.5208871235990149
COHFACE_s35_session0_lamp,0,701,23.366666666666667,-0.5970090064950743,-0.35019202082235434
COHFACE_s35_session0_lamp,0,702,23.4,-0.10639356542577302,-0.11466429107416565
COHFACE_s35_session0_lamp,0,703,23.433333333333334,0.42424240733246577,0.14103277296241923
COHFACE_s35_session0_lamp,0,704,23.466666666666665,0.8625195455657739,0.39025508492785055
COHFACE_s35_session0_lamp,0,705,23.5,1.1379730891783029,0.6232655194805536
COHFACE_s35_session0_lamp,0,706,23.533333333333335,1.2549366803323179,0.8317874352041003
COHFACE_s35_session0_lamp,0,707,23.566666666666666,1.2414466458569646,1.007529772150619
COHFACE_s35_session0_lamp,0,708,23.6,1.1219792737400032,1.1134390874035143
COHFACE_s35_session0_lamp,0,709,23.633333333333333,0.9269727188921868,1.083472312990641
COHFACE_s35_session0_lamp,0,710,23.666666666666668,0.6957253988734236,0.9080654628455804
COHFACE_s35_session0_lamp,0,711,23.7,0.4552549254035579,0.6345980835221801
COHFACE_s35_session0_lamp,0,712,23.733333333333334,0.20956723367773578,0.3050845002689788
COHFACE_s35_session0_lamp,0,713,23.766666666666666,-0.045232169291482854,-0.04309565928475566
COHFACE_s35_session0_lamp,0,714,23.8,-0.30565105245550256,-0.38848895222731206
COHFACE_s35_session0_lamp,0,715,23.833333333333332,-0.5594939569005202,-0.723708439318383
COHFACE_s35_session0_lamp,0,716,23.866666666666667,-0.7913580928698568,-1.029624853836756
COHFACE_s35_session0_lamp,0,717,23.9,-0.9869136297195009,-1.2735385127079204
COHFACE_s35_session0_lamp,0,718,23.933333333333334,-1.1328710087775107,-1.4247077203719447
COHFACE_s35_session0_lamp,0,719,23.966666666666665,-1.2150316071090144,-1.4535212200144167
COHFACE_s35_session0_lamp,0,720,24.0,-1.2171075702448337,-1.3496404081167859
COHFACE_s35_session0_lamp,0,721,24.033333333333335,-1.1179854639630948,-1.1221394398852913
COHFACE_s35_session0_lamp,0,722,24.066666666666666,-0.8890175699809754,-0.7840430341185457
COHFACE_s35_session0_lamp,0,723,24.1,-0.5060327487565315,-0.35364143709756607
COHFACE_s35_session0_lamp,0,724,24.133333333333333,0.004315915065439865,0.13304042972669436
COHFACE_s35_session0_lamp,0,725,24.166666666666668,0.5334923850083001,0.6201332809409178
COHFACE_s35_session0_lamp,0,726,24.2,0.9549423760983164,1.046050014057282
COHFACE_s35_session0_lamp,0,727,24.233333333333334,1.2115466029715674,1.3417137518724507
COHFACE_s35_session0_lamp,0,728,24.266666666666666,1.3134142230497858,1.4806914241743712
COHFACE_s35_session0_lamp,0,729,24.3,1.2870905466219453,1.4777995243510462
COHFACE_s35_session0_lamp,0,730,24.333333333333332,1.1568354321450547,1.3587337172334681
COHFACE_s35_session0_lamp,0,731,24.366666666666667,0.9556434310757205,1.1593393801304375
COHFACE_s35_session0_lamp,0,732,24.4,0.7238016250449569,0.9020431097977615
COHFACE_s35_session0_lamp,0,733,24.433333333333334,0.4872749747112993,0.5966562865620879
COHFACE_s35_session0_lamp,0,734,24.466666666666665,0.24958336576248355,0.2701033552819291
COHFACE_s35_session0_lamp,0,735,24.5,0.0069703885848528616,-0.032115846313372796
COHFACE_s35_session0_lamp,0,736,24.533333333333335,-0.23759853530669625,-0.2817715832386591
COHFACE_s35_session0_lamp,0,737,24.566666666666666,-0.47403655777106546,-0.4664798867105517
COHFACE_s35_session0_lamp,0,738,24.6,-0.6911261542014524,-0.5860978605789648
COHFACE_s35_session0_lamp,0,739,24.633333333333333,-0.8796177174342671,-0.651318987195534
COHFACE_s35_session0_lamp,0,740,24.666666666666668,-1.030517447524264,-0.6666445308765166
COHFACE_s35_session0_lamp,0,741,24.7,-1.1330293386341492,-0.62969729341168
COHFACE_s35_session0_lamp,0,742,24.733333333333334,-1.1742222453516582,-0.546349298356359
COHFACE_s35_session0_lamp,0,743,24.766666666666666,-1.137603173824571,-0.43073195547392684
COHFACE_s35_session0_lamp,0,744,24.8,-1.0003436332130686,-0.3033708477517014
COHFACE_s35_session0_lamp,0,745,24.833333333333332,-0.7336509668732515,-0.19134655004569093
COHFACE_s35_session0_lamp,0,746,24.866666666666667,-0.3237803402724066,-0.10361934720077527
COHFACE_s35_session0_lamp,0,747,24.9,0.17974346649975828,-0.03150931606879663
COHFACE_s35_session0_lamp,0,748,24.933333333333334,0.6591980823842376,0.031488700168555574
COHFACE_s35_session0_lamp,0,749,24.966666666666665,1.0095066829900443,0.08905289707083193
COHFACE_s35_session0_lamp,0,750,25.0,1.2003625661764425,0.13349963171664003
COHFACE_s35_session0_lamp,0,751,25.033333333333335,1.2513471108869454,0.14563202224749824
COHFACE_s35_session0_lamp,0,752,25.066666666666666,1.18867195551783,0.12812220258639648
COHFACE_s35_session0_lamp,0,753,25.1,1.0393975354564708,0.10537569095643018
COHFACE_s35_session0_lamp,0,754,25.133333333333333,0.840402539685273,0.09147901038767135
COHFACE_s35_session0_lamp,0,755,25.166666666666668,0.6265739532593742,0.08997427111984185
COHFACE_s35_session0_lamp,0,756,25.2,0.4119170710640912,0.0898717031197634
COHFACE_s35_session0_lamp,0,757,25.233333333333334,0.19371396738736002,0.06598362910586861
COHFACE_s35_session0_lamp,0,758,25.266666666666666,-0.030337212159161922,0.009026913082989165
COHFACE_s35_session0_lamp,0,759,25.3,-0.2545792629681599,-0.07394310667832142
COHFACE_s35_session0_lamp,0,760,25.333333333333332,-0.46865916659592183,-0.16820083274484982
COHFACE_s35_session0_lamp,0,761,25.366666666666667,-0.6632747421980117,-0.2511967474841516
COHFACE_s35_session0_lamp,0,762,25.4,-0.8317629182319938,-0.3207895339866609
COHFACE_s35_session0_lamp,0,763,25.433333333333334,-0.967190198473967,-0.39474214298027377
COHFACE_s35_session0_lamp,0,764,25.466666666666665,-1.060158012566816,-0.46396586432957926
COHFACE_s35_session0_lamp,0,765,25.5,-1.098829736776587,-0.49229340904010865
COHFACE_s35_session0_lamp,0,766,25.533333333333335,-1.068050956691058,-0.45618473102907925
COHFACE_s35_session0_lamp,0,767,25.566666666666666,-0.9464416964085229,-0.3452536228635359
COHFACE_s35_session0_lamp,0,768,25.6,-0.7056056823850432,-0.17781850101147179
COHFACE_s35_session0_lamp,0,769,25.633333333333333,-0.3272665992841736,-0.0012277667880177742
COHFACE_s35_session0_lamp,0,770,25.666666666666668,0.1503206967512678,0.162208931762615
COHFACE_s35_session0_lamp,0,771,25.7,0.6168835196604607,0.31453799556952544
COHFACE_s35_session0_lamp,0,772,25.733333333333334,0.9623934716755177,0.4572380178514801
COHFACE_s35_session0_lamp,0,773,25.766666666666666,1.1487067398158028,0.5900294345958594
COHFACE_s35_session0_lamp,0,774,25.8,1.195459709490775,0.6839505318899426
COHFACE_s35_session0_lamp,0,775,25.833333333333332,1.1337094931331164,0.6811930353779508
COHFACE_s35_session0_lamp,0,776,25.866666666666667,0.9928260419134592,0.5706781076260887
COHFACE_s35_session0_lamp,0,777,25.9,0.8086329098953312,0.38836066958059534
COHFACE_s35_session0_lamp,0,778,25.933333333333334,0.6136709587769371,0.18205502730423304
COHFACE_s35_session0_lamp,0,779,25.966666666666665,0.4189642397770024,0.011343350893453721
COHFACE_s35_session0_lamp,0,780,26.0,0.2190273899017443,-0.10357441630401819
COHFACE_s35_session0_lamp,0,781,26.033333333333335,0.010189721768557133,-0.18124608500512726
COHFACE_s35_session0_lamp,0,782,26.066666666666666,-0.2017420909829819,-0.22879063679972686
COHFACE_s35_session0_lamp,0,783,26.1,-0.4059613640832197,-0.2411317141379184
COHFACE_s35_session0_lamp,0,784,26.133333333333333,-0.5930952547649224,-0.21272815308887133
COHFACE_s35_session0_lamp,0,785,26.166666666666668,-0.7564147587315625,-0.13763112701324048
COHFACE_s35_session0_lamp,0,786,26.2,-0.8890545314494198,-0.034186402122063475
COHFACE_s35_session0_lamp,0,787,26.233333333333334,-0.9823243354344301,0.05497698507994994
COHFACE_s35_session0_lamp,0,788,26.266666666666666,-1.025935681123779,0.1098496854555911
COHFACE_s35_session0_lamp,0,789,26.3,-1.0066592029333654,0.13300551200145264
COHFACE_s35_session0_lamp,0,790,26.333333333333332,-0.9052448535408432,0.13468868023681443
COHFACE_s35_session0_lamp,0,791,26.366666666666667,-0.6951462375446333,0.13238222030083216
COHFACE_s35_session0_lamp,0,792,26.4,-0.35358067693496453,0.1274575812239456
COHFACE_s35_session0_lamp,0,793,26.433333333333334,0.09593094891066052,0.10518311044366219
COHFACE_s35_session0_lamp,0,794,26.466666666666665,0.5528847617873336,0.06289953111078503
COHFACE_s35_session0_lamp,0,795,26.5,0.8977773048421495,0.010287793265692662
COHFACE_s35_session0_lamp,0,796,26.533333333333335,1.0778087738663926,-0.04055051044898786
COHFACE_s35_session0_lamp,0,797,26.566666666666666,1.1106557421602998,-0.07503525262425004
COHFACE_s35_session0_lamp,0,798,26.6,1.0348739612289433,-0.08813704204090528
COHFACE_s35_session0_lamp,0,799,26.633333333333333,0.8862370644370106,-0.08425013997991675
COHFACE_s35_session0_lamp,0,800,26.666666666666668,0.7022568529063644,-0.09291199633470545
COHFACE_s35_session0_lamp,0,801,26.7,0.5132484631971589,-0.16796258779895695
COHFACE_s35_session0_lamp,0,802,26.733333333333334,0.3245469027636451,-0.3046495326596064
COHFACE_s35_session0_lamp,0,803,26.766666666666666,0.12424710620086354,-0.4392191480327124
COHFACE_s35_session0_lamp,0,804,26.8,-0.09334129219767218,-0.5332956568767803
COHFACE_s35_session0_lamp,0,805,26.833333333333332,-0.3185399750962459,-0.5740250536152883
COHFACE_s35_session0_lamp,0,806,26.866666666666667,-0.533653822771146,-0.5590221204557991
COHFACE_s35_session0_lamp,0,807,26.9,-0.7220304858095005,-0.49615999086146567
COHFACE_s35_session0_lamp,0,808,26.933333333333334,-0.8703191943654596,-0.38557996338051176
COHFACE_s35_session0_lamp,0,809,26.966666666666665,-0.9663335515004564,-0.2201581109578794
COHFACE_s35_session0_lamp,0,810,27.0,-0.9964302270050364,0.001997257810411943
COHFACE_s35_session0_lamp,0,811,27.033333333333335,-0.9434263009818948,0.276282494107998
COHFACE_s35_session0_lamp,0,812,27.066666666666666,-0.7843002703501666,0.5647504466274886
COHFACE_s35_session0_lamp,0,813,27.1,-0.493701846706041,0.7952176457543608
COHFACE_s35_session0_lamp,0,814,27.133333333333333,-0.07701180422503767,0.9340643590707973
COHFACE_s35_session0_lamp,0,815,27.166666666666668,0.3852398089466979,0.9855391745539225
COHFACE_s35_session0_lamp,0,816,27.2,0.7675804994639506,0.9565640282942902
COHFACE_s35_session0_lamp,0,817,27.233333333333334,0.992046633161355,0.8561650446356586
COHFACE_s35_session0_lamp,0,818,27.266666666666666,1.0598828446944064,0.6912384679948523
COHFACE_s35_session0_lamp,0,819,27.3,1.0076687369043076,0.4670825103298513
COHFACE_s35_session0_lamp,0,820,27.333333333333332,0.8718389156497337,0.20241308109564077
COHFACE_s35_session0_lamp,0,821,27.366666666666667,0.6886540929982303,-0.06954927970400303
COHFACE_s35_session0_lamp,0,822,27.4,0.4912823280106495,-0.33261095949401376
COHFACE_s35_session0_lamp,0,823,27.433333333333334,0.29146196193034657,-0.5861005110915742
COHFACE_s35_session0_lamp,0,824,27.466666666666665,0.07971071561378801,-0.8191492118204082
COHFACE_s35_session0_lamp,0,825,27.5,-0.15192600355961294,-1.0091701347908675
COHFACE_s35_session0_lamp,0,826,27.533333333333335,-0.3947779474744656,-1.1356436187184369
COHFACE_s35_session0_lamp,0,827,27.566666666666666,-0.6270938003145726,-1.1793405200002478
COHFACE_s35_session0_lamp,0,828,27.6,-0.8251403717018742,-1.1310723745255955
COHFACE_s35_session0_lamp,0,829,27.633333333333333,-0.9694194238067979,-0.9916514937799721
COHFACE_s35_session0_lamp,0,830,27.666666666666668,-1.0434988364914717,-0.7625735879623667
COHFACE_s35_session0_lamp,0,831,27.7,-1.0300435342441254,-0.4469960144921047
COHFACE_s35_session0_lamp,0,832,27.733333333333334,-0.9070677112299377,-0.06540080438236442
COHFACE_s35_session0_lamp,0,833,27.766666666666666,-0.6477207077602803,0.342703354873888
COHFACE_s35_session0_lamp,0,834,27.8,-0.24382727988087444,0.7330362347436022
COHFACE_s35_session0_lamp,0,835,27.833333333333332,0.24405891770518562,1.054866581502726
COHFACE_s35_session0_lamp,0,836,27.866666666666667,0.6898497692613758,1.2775809444941846
COHFACE_s35_session0_lamp,0,837,27.9,0.9912209705961073,1.3892375187743689
COHFACE_s35_session0_lamp,0,838,27.933333333333334,1.1280467692950467,1.3829809224986553
COHFACE_s35_session0_lamp,0,839,27.966666666666665,1.1301736171349068,1.2564332571487964
COHFACE_s35_session0_lamp,0,840,28.0,1.0304242285580383,1.0283522060235246
COHFACE_s35_session0_lamp,0,841,28.033333333333335,0.8580004669835809,0.7390092634415557
COHFACE_s35_session0_lamp,0,842,28.066666666666666,0.6477596108595922,0.41818481522437045
COHFACE_s35_session0_lamp,0,843,28.1,0.4276805079456997,0.08641087141529
COHFACE_s35_session0_lamp,0,844,28.133333333333333,0.2023080511821162,-0.23971470110354187
COHFACE_s35_session0_lamp,0,845,28.166666666666668,-0.03692110301216351,-0.54559333005419
COHFACE_s35_session0_lamp,0,846,28.2,-0.2906860838126397,-0.8183294382047417
COHFACE_s35_session0_lamp,0,847,28.233333333333334,-0.5454675787546832,-1.044876011802644
COHFACE_s35_session0_lamp,0,848,28.266666666666666,-0.7804908925739126,-1.2144882086451247
COHFACE_s35_session0_lamp,0,849,28.3,-0.9759701857324412,-1.3173866263036083
COHFACE_s35_session0_lamp,0,850,28.333333333333332,-1.1153533086800225,-1.341920982325569
COHFACE_s35_session0_lamp,0,851,28.366666666666667,-1.1824887636420742,-1.274163448502615
COHFACE_s35_session0_lamp,0,852,28.4,-1.1586504058165783,-1.1051295503812928
COHFACE_s35_session0_lamp,0,853,28.433333333333334,-1.0198198174714,-0.8315374333788724
COHFACE_s35_session0_lamp,0,854,28.466666666666665,-0.7367690437950066,-0.4681484888512941
COHFACE_s35_session0_lamp,0,855,28.5,-0.2995873489870544,-0.04933381086295496
COHFACE_s35_session0_lamp,0,856,28.533333333333335,0.22992929674782558,0.3857034574107097
COHFACE_s35_session0_lamp,0,857,28.566666666666666,0.7207861754872886,0.7910168259844903
COHFACE_s35_session0_lamp,0,858,28.6,1.0658106234781486,1.125326932251201
COHFACE_s35_session0_lamp,0,859,28.633333333333333,1.2425595641853064,1.3502685633619835
COHFACE_s35_session0_lamp,0,860,28.666666666666668,1.2791013600335215,1.445473976285714
COHFACE_s35_session0_lamp,0,861,28.7,1.2052047053901533,1.4075210823322681
COHFACE_s35_session0_lamp,0,862,28.733333333333334,1.046083041394613,1.2567156663030141
COHFACE_s35_session0_lamp,0,863,28.766666666666666,0.8352097362371789,1.0367686986525615
COHFACE_s35_session0_lamp,0,864,28.8,0.6061295486717052,0.7723768541748979
COHFACE_s35_session0_lamp,0,865,28.833333333333332,0.372613763665698,0.4700953344209371
COHFACE_s35_session0_lamp,0,866,28.866666666666667,0.13086665355351135,0.14254004327781697
COHFACE_s35_session0_lamp,0,867,28.9,-0.12235220059328916,-0.18978817292650843
COHFACE_s35_session0_lamp,0,868,28.933333333333334,-0.3801875260290605,-0.5067676671983532
COHFACE_s35_session0_lamp,0,869,28.966666666666665,-0.6284684554235482,-0.7868277267159606
COHFACE_s35_session0_lamp,0,870,29.0,-0.8523960523804195,-1.0188861209401028
COHFACE_s35_session0_lamp,0,871,29.033333333333335,-1.0391831632283122,-1.200639932464104
COHFACE_s35_session0_lamp,0,872,29.066666666666666,-1.1759920502817083,-1.3224751225488176
COHFACE_s35_session0_lamp,0,873,29.1,-1.248579770694254,-1.3664329556997652
COHFACE_s35_session0_lamp,0,874,29.133333333333333,-1.2406218489045715,-1.3169164061801328
COHFACE_s35_session0_lamp,0,875,29.166666666666668,-1.1303188133029285,-1.1608343758891067
COHFACE_s35_session0_lamp,0,876,29.2,-0.887305684780618,-0.8968662434741809
COHFACE_s35_session0_lamp,0,877,29.233333333333334,-0.48553072991371315,-0.5366454533466958
COHFACE_s35_session0_lamp,0,878,29.266666666666666,0.0458669144804018,-0.11054648507186984
COHFACE_s35_session0_lamp,0,879,29.3,0.5901582478077555,0.330570691904345
COHFACE_s35_session0_lamp,0,880,29.333333333333332,1.0146235815544746,0.7430661683348201
COHFACE_s35_session0_lamp,0,881,29.366666666666667,1.2635684738994957,1.0885766662907614
COHFACE_s35_session0_lamp,0,882,29.4,1.3536528170028437,1.3390487120481904
COHFACE_s35_session0_lamp,0,883,29.433333333333334,1.317873890369141,1.4750404945266
COHFACE_s35_session0_lamp,0,884,29.466666666666665,1.1826126805078965,1.4898808364479363
COHFACE_s35_session0_lamp,0,885,29.5,0.9787726296499493,1.3888742768163986
COHFACE_s35_session0_lamp,0,886,29.533333333333335,0.7444706961967087,1.1865613141503695
COHFACE_s35_session0_lamp,0,887,29.566666666666666,0.5050919221295118,0.9070326896823941
COHFACE_s35_session0_lamp,0,888,29.6,0.2630563668024431,0.5803842467086954
COHFACE_s35_session0_lamp,0,889,29.633333333333333,0.012747886761447474,0.24388281418047147
COHFACE_s35_session0_lamp,0,890,29.666666666666668,-0.24392278506067572,-0.08261657783135169
COHFACE_s35_session0_lamp,0,891,29.7,-0.49624869613124495,-0.3947878328312543
COHFACE_s35_session0_lamp,0,892,29.733333333333334,-0.7305397581490545,-0.6843040812357962
COHFACE_s35_session0_lamp,0,893,29.766666666666666,-0.9346287530351252,-0.9367935176598712
COHFACE_s35_session0_lamp,0,894,29.8,-1.0977810900762284,-1.1403626732788623
COHFACE_s35_session0_lamp,0,895,29.833333333333332,-1.2080259340145318,-1.2840899471018028
COHFACE_s35_session0_lamp,0,896,29.866666666666667,-1.250993322429566,-1.3544293223242927
COHFACE_s35_session0_lamp,0,897,29.9,-1.2087086999320633,-1.3345466859049002
COHFACE_s35_session0_lamp,0,898,29.933333333333334,-1.056555435495765,-1.2142333791563493
COHFACE_s35_session0_lamp,0,899,29.966666666666665,-0.7629234038195771,-0.9903385910803904
COHFACE_s35_session0_lamp,0,900,30.0,-0.311981135971195,-0.6660385696169302
COHFACE_s35_session0_lamp,0,901,30.033333333333335,0.2400686847013393,-0.2523636743284797
COHFACE_s35_session0_lamp,0,902,30.066666666666666,0.7585772617409395,0.20173523959091566
COHFACE_s35_session0_lamp,0,903,30.1,1.1260263238131296,0.6078064710251592
COHFACE_s35_session0_lamp,0,904,30.133333333333333,1.3136685681694564,0.9233667912205645
COHFACE_s35_session0_lamp,0,905,30.166666666666668,1.3504909097788258,1.150186292300003
COHFACE_s35_session0_lamp,0,906,30.2,1.270790517340794,1.2836337086774785
COHFACE_s35_session0_lamp,0,907,30.233333333333334,1.1037240162661623,1.3111615914396013
COHFACE_s35_session0_lamp,0,908,30.266666666666666,0.8850237801352611,1.2302852739400478
COHFACE_s35_session0_lamp,0,909,30.3,0.6503425262210666,1.0484473415714162
COHFACE_s35_session0_lamp,0,910,30.333333333333332,0.414816801682861,0.7912405483337965
COHFACE_s35_session0_lamp,0,911,30.366666666666667,0.17385830764620114,0.502979085452144
COHFACE_s35_session0_lamp,0,912,30.4,-0.0770602299723569,0.20843520570356244
COHFACE_s35_session0_lamp,0,913,30.433333333333334,-0.3308257252902912,-0.08579043714900406
COHFACE_s35_session0_lamp,0,914,30.466666666666665,-0.5724897268070875,-0.3724999540173339
COHFACE_s35_session0_lamp,0,915,30.5,-0.788176810277696,-0.6419724805432839
COHFACE_s35_session0_lamp,0,916,30.533333333333335,-0.9682169124219698,-0.8791633983128365
COHFACE_s35_session0_lamp,0,917,30.566666666666666,-1.103580823588399,-1.0621838565653638
COHFACE_s35_session0_lamp,0,918,30.6,-1.182505118299729,-1.1760230118357504
COHFACE_s35_session0_lamp,0,919,30.633333333333333,-1.1903712006309706,-1.2116552156638871
COHFACE_s35_session0_lamp,0,920,30.666666666666668,-1.109120433571527,-1.157864203088969
COHFACE_s35_session0_lamp,0,921,30.7,-0.913848514924712,-1.0013103196503967
COHFACE_s35_session0_lamp,0,922,30.733333333333334,-0.5744134349068395,-0.7422680959923236
COHFACE_s35_session0_lamp,0,923,30.766666666666666,-0.09090042079640433,-0.39575231526959864
COHFACE_s35_session0_lamp,0,924,30.8,0.45042566003300205,0.003906403030028101
COHFACE_s35_session0_lamp,0,925,30.833333333333332,0.9048557626392234,0.40154763388982323
COHFACE_s35_session0_lamp,0,926,30.866666666666667,1.178699246622365,0.755435320899378
COHFACE_s35_session0_lamp,0,927,30.9,1.2714486640882248,1.0355908813177401
COHFACE_s35_session0_lamp,0,928,30.933333333333334,1.2254152823215751,1.2205513910977663
COHFACE_s35_session0_lamp,0,929,30.966666666666665,1.0815780748546417,1.2959690332027212
COHFACE_s35_session0_lamp,0,930,31.0,0.8790665740596011,1.2607831801463492
COHFACE_s35_session0_lamp,0,931,31.033333333333335,0.6580182045954366,1.12671407952899
COHFACE_s35_session0_lamp,0,932,31.066666666666666,0.4400153347208101,0.9168990205864975
COHFACE_s35_session0_lamp,0,933,31.1,0.2197079476162167,0.6662072779416326
COHFACE_s35_session0_lamp,0,934,31.133333333333333,-0.014859001070709296,0.3987459321801754
COHFACE_s35_session0_lamp,0,935,31.166666666666668,-0.2623829407581004,0.12899723563416518
COHFACE_s35_session0_lamp,0,936,31.2,-0.5073726246559084,-0.13543170330370582
COHFACE_s35_session0_lamp,0,937,31.233333333333334,-0.7296646073437263,-0.3920519039539303
COHFACE_s35_session0_lamp,0,938,31.266666666666666,-0.9117879654668017,-0.6337428408501321
COHFACE_s35_session0_lamp,0,939,31.3,-1.0397050335409659,-0.8470772548772753
COHFACE_s35_session0_lamp,0,940,31.333333333333332,-1.0997540214284973,-1.0170358115930982
COHFACE_s35_session0_lamp,0,941,31.366666666666667,-1.0762097253482634,-1.12588107794236
COHFACE_s35_session0_lamp,0,942,31.4,-0.9488875105415154,-1.1600522727026585
COHFACE_s35_session0_lamp,0,943,31.433333333333334,-0.6904941758566411,-1.1097647864011098
COHFACE_s35_session0_lamp,0,944,31.466666666666665,-0.2833498817807827,-0.9697814902316132
COHFACE_s35_session0_lamp,0,945,31.5,0.22475938152921993,-0.7399349619086039
COHFACE_s35_session0_lamp,0,946,31.533333333333335,0.7018417937983539,-0.43511242203170525
COHFACE_s35_session0_lamp,0,947,31.566666666666666,1.022300645824106,-0.08650586367269271
COHFACE_s35_session0_lamp,0,948,31.6,1.1519792377439169,0.2630105949964039
COHFACE_s35_session0_lamp,0,949,31.633333333333333,1.1263843484681302,0.5575699294579669
COHFACE_s35_session0_lamp,0,950,31.666666666666668,0.9934859641963238,0.7587922712057142
COHFACE_s35_session0_lamp,0,951,31.7,0.7964820085736333,0.8447232568899108
COHFACE_s35_session0_lamp,0,952,31.733333333333334,0.5774885537275604,0.8217300917875088
COHFACE_s35_session0_lamp,0,953,31.766666666666666,0.36218321827588157,0.7236444467717228
COHFACE_s35_session0_lamp,0,954,31.8,0.1464272184251994,0.5673340643537016
COHFACE_s35_session0_lamp,0,955,31.833333333333332,-0.08494240638239459,0.35286615980881414
COHFACE_s35_session0_lamp,0,956,31.866666666666667,-0.3324661710593846,0.10768162365210736
COHFACE_s35_session0_lamp,0,957,31.9,-0.5779187028648927,-0.11270461176209118
COHFACE_s35_session0_lamp,0,958,31.933333333333334,-0.7955931437276776,-0.25832696846048403
COHFACE_s35_session0_lamp,0,959,31.966666666666665,-0.9630319808947001,-0.2846668574816126
COHFACE_s35_session0_lamp,0,960,32.0,-1.0630243378510882,-0.21664728680987766
COHFACE_s35_session0_lamp,0,961,32.03333333333333,-1.079277087728004,-0.14775568955724858
COHFACE_s35_session0_lamp,0,962,32.06666666666667,-0.9917040519744229,-0.12099784768516478
COHFACE_s35_session0_lamp,0,963,32.1,-0.7735020651957067,-0.12817548495632305
COHFACE_s35_session0_lamp,0,964,32.13333333333333,-0.40158824264323156,-0.15135417404286886
COHFACE_s35_session0_lamp,0,965,32.166666666666664,0.09475567947789557,-0.16334546383161277
COHFACE_s35_session0_lamp,0,966,32.2,0.5984344540239951,-0.15158900002120132
COHFACE_s35_session0_lamp,0,967,32.233333333333334,0.9734591965669459,-0.11843907239256307
COHFACE_s35_session0_lamp,0,968,32.266666666666666,1.1625178133794087,-0.06154966747192539
COHFACE_s35_session0_lamp,0,969,32.3,1.1869191631870486,0.0258172904075985
COHFACE_s35_session0_lamp,0,970,32.333333333333336,1.0891727457375864,0.1364954636228787
COHFACE_s35_session0_lamp,0,971,32.36666666666667,0.9067135474439301,0.24900058937600344
COHFACE_s35_session0_lamp,0,972,32.4,0.6784887706271149,0.3442340823974844
COHFACE_s35_session0_lamp,0,973,32.43333333333333,0.43928885461760997,0.4052439445636708
COHFACE_s35_session0_lamp,0,974,32.46666666666667,0.20000672575751122,0.42548083898555483
COHFACE_s35_session0_lamp,0,975,32.5,-0.0484538968241642,0.40857824987961605
COHFACE_s35_session0_lamp,0,976,32.53333333333333,-0.3109479117802806,0.3582587752490917
COHFACE_s35_session0_lamp,0,977,32.56666666666667,-0.5752492614207079,0.2783882298275733
COHFACE_s35_session0_lamp,0,978,32.6,-0.8169231294082033,0.17689655538679683
COHFACE_s35_session0_lamp,0,979,32.63333333333333,-1.0098802265471667,0.06617178947705951
COHFACE_s35_session0_lamp,0,980,32.666666666666664,-1.1321693913761184,-0.04531875620040586
COHFACE_s35_session0_lamp,0,981,32.7,-1.1645114636593368,-0.15242218687789316
COHFACE_s35_session0_lamp,0,982,32.733333333333334,-1.085638529525867,-0.24831823942069225
COHFACE_s35_session0_lamp,0,983,32.766666666666666,-0.8684283582472546,-0.32388879302732626
COHFACE_s35_session0_lamp,0,984,32.8,-0.49028219046506905,-0.37088298918895934
COHFACE_s35_session0_lamp,0,985,32.833333333333336,0.01896001822120072,-0.38155536211895413
COHFACE_s35_session0_lamp,0,986,32.86666666666667,0.5435440114685273,-0.35616535969629937
COHFACE_s35_session0_lamp,0,987,32.9,0.9490624539323758,-0.30284020571110487
COHFACE_s35_session0_lamp,0,988,32.93333333333333,1.1766098789577564,-0.22765544377211616
COHFACE_s35_session0_lamp,0,989,32.96666666666667,1.2424900036503312,-0.1347958450084147
COHFACE_s35_session0_lamp,0,990,33.0,1.1819639508185609,-0.030715706184749822
COHFACE_s35_session0_lamp,0,991,33.03333333333333,1.0249629951721495,0.07542005657063426
COHFACE_s35_session0_lamp,0,992,33.06666666666667,0.8064840937495962,0.17003976040314642
COHFACE_s35_session0_lamp,0,993,33.1,0.5641849449941831,0.23482617990176727
COHFACE_s35_session0_lamp,0,994,33.13333333333333,0.31666661671569424,0.2600528454435843
COHFACE_s35_session0_lamp,0,995,33.166666666666664,0.060882695767696976,0.24442379862765884
COHFACE_s35_session0_lamp,0,996,33.2,-0.20765378738808152,0.18981165970892075
COHFACE_s35_session0_lamp,0,997,33.233333333333334,-0.48097691844320867,0.10133284681305177
COHFACE_s35_session0_lamp,0,998,33.266666666666666,-0.7407183518651062,-0.013864853326674049
COHFACE_s35_session0_lamp,0,999,33.3,-0.9661513530632688,-0.1461637905968255
COHFACE_s35_session0_lamp,0,1000,33.333333333333336,-1.1382584775298576,-0.27502929206852295
COHFACE_s35_session0_lamp,0,1001,33.36666666666667,-1.238800732685435,-0.3686501243380554
COHFACE_s35_session0_lamp,0,1002,33.4,-1.2482975215912424,-0.40993697392896644
COHFACE_s35_session0_lamp,0,1003,33.43333333333333,-1.1436612902441103,-0.39634849339581546
COHFACE_s35_session0_lamp,0,1004,33.46666666666667,-0.8958783731240287,-0.3330824609546093
COHFACE_s35_session0_lamp,0,1005,33.5,-0.4832331622324272,-0.233035316519005
COHFACE_s35_session0_lamp,0,1006,33.53333333333333,0.057783623539372636,-0.10772340882687155
COHFACE_s35_session0_lamp,0,1007,33.56666666666667,0.6043149012006933,0.03231412719160814
COHFACE_s35_session0_lamp,0,1008,33.6,1.0235509682973134,0.18006871555230147
COHFACE_s35_session0_lamp,0,1009,33.63333333333333,1.2634027581371998,0.3312397491174775
COHFACE_s35_session0_lamp,0,1010,33.666666666666664,1.3424327498334303,0.4750979696530948
COHFACE_s35_session0_lamp,0,1011,33.7,1.2931841920125196,0.5936899536991846
COHFACE_s35_session0_lamp,0,1012,33.733333333333334,1.1425883450231242,0.668361240017239
COHFACE_s35_session0_lamp,0,1013,33.766666666666666,0.9246086362249311,0.679424507814172
COHFACE_s35_session0_lamp,0,1014,33.8,0.6790192959383314,0.6186545171298483
COHFACE_s35_session0_lamp,0,1015,33.833333333333336,0.4290609931016167,0.489428751083515
COHFACE_s35_session0_lamp,0,1016,33.86666666666667,0.17515839250488244,0.29945109922298857
COHFACE_s35_session0_lamp,0,1017,33.9,-0.08773056795664938,0.061439381189105594
COHFACE_s35_session0_lamp,0,1018,33.93333333333333,-0.35570999019482713,-0.20760860295338127
COHFACE_s35_session0_lamp,0,1019,33.96666666666667,-0.6156344753155559,-0.4852192545256775
COHFACE_s35_session0_lamp,0,1020,34.0,-0.8515928838816801,-0.7482265890383416
COHFACE_s35_session0_lamp,0,1021,34.03333333333333,-1.0490588184975618,-0.9714788251343882
COHFACE_s35_session0_lamp,0,1022,34.06666666666667,-1.1941301947969676,-1.1302758083312676
COHFACE_s35_session0_lamp,0,1023,34.1,-1.2714964545372618,-1.1995219127418009
COHFACE_s35_session0_lamp,0,1024,34.13333333333333,-1.2636515023105417,-1.1619451855592884
COHFACE_s35_session0_lamp,0,1025,34.166666666666664,-1.1490278677617543,-1.008153743990107
COHFACE_s35_session0_lamp,0,1026,34.2,-0.8989132528002305,-0.7413764003455585
COHFACE_s35_session0_lamp,0,1027,34.233333333333334,-0.48853923447971975,-0.3785378193669148
COHFACE_s35_session0_lamp,0,1028,34.266666666666666,0.0524160249301862,0.04946627255420151
COHFACE_s35_session0_lamp,0,1029,34.3,0.6051603602484954,0.49598879564777765
COHFACE_s35_session0_lamp,0,1030,34.333333333333336,1.033258503697976,0.9100649959312669
COHFACE_s35_session0_lamp,0,1031,34.36666666666667,1.2792519009816024,1.2346160282879408
COHFACE_s35_session0_lamp,0,1032,34.4,1.3609625290969707,1.4376965846092027
COHFACE_s35_session0_lamp,0,1033,34.43333333333333,1.3132663164520102,1.5110396274943239
COHFACE_s35_session0_lamp,0,1034,34.46666666666667,1.165282212782633,1.4623508428668797
COHFACE_s35_session0_lamp,0,1035,34.5,0.952330357781602,1.314533252406598
COHFACE_s35_session0_lamp,0,1036,34.53333333333333,0.7145970724867611,1.0807431507715068
COHFACE_s35_session0_lamp,0,1037,34.56666666666667,0.47462201995729647,0.7650666862591724
COHFACE_s35_session0_lamp,0,1038,34.6,0.2317264537804755,0.38473862032036515
COHFACE_s35_session0_lamp,0,1039,34.63333333333333,-0.019860132095431554,-0.028075122462936666
COHFACE_s35_session0_lamp,0,1040,34.666666666666664,-0.2768362652600273,-0.4383694119812872
COHFACE_s35_session0_lamp,0,1041,34.7,-0.527003238203768,-0.8063209327189247
COHFACE_s35_session0_lamp,0,1042,34.733333333333334,-0.7561270570630485,-1.1045602557567982
COHFACE_s35_session0_lamp,0,1043,34.766666666666666,-0.9524964961056306,-1.3162926259317744
COHFACE_s35_session0_lamp,0,1044,34.8,-1.1055214345060207,-1.4302088706942342
COHFACE_s35_session0_lamp,0,1045,34.833333333333336,-1.202615424298945,-1.4392709347045523
COHFACE_s35_session0_lamp,0,1046,34.86666666666667,-1.2289237980410925,-1.3402373753413919
COHFACE_s35_session0_lamp,0,1047,34.9,-1.1665175659014204,-1.133682831810312
COHFACE_s35_session0_lamp,0,1048,34.93333333333333,-0.9903125787066775,-0.8320039019620884
COHFACE_s35_session0_lamp,0,1049,34.96666666666667,-0.6690364290396877,-0.460547960301568
COHFACE_s35_session0_lamp,0,1050,35.0,-0.1956049572395061,-0.05360578142579185
COHFACE_s35_session0_lamp,0,1051,35.03333333333333,0.35686940641253806,0.3438985606069157
COHFACE_s35_session0_lamp,0,1052,35.06666666666667,0.8470313065914178,0.6957198724602756
COHFACE_s35_session0_lamp,0,1053,35.1,1.1695051310133837,0.9724697914955243
COHFACE_s35_session0_lamp,0,1054,35.13333333333333,1.3111719139309999,1.1524674049491617
COHFACE_s35_session0_lamp,0,1055,35.166666666666664,1.307900471756362,1.2203706509642975
COHFACE_s35_session0_lamp,0,1056,35.2,1.1960551547981797,1.1749800703483952
COHFACE_s35_session0_lamp,0,1057,35.233333333333334,1.0094874924068067,1.028792370586222
COHFACE_s35_session0_lamp,0,1058,35.266666666666666,0.7877310071719408,0.8082708047100722
COHFACE_s35_session0_lamp,0,1059,35.3,0.5605823610967333,0.5541558952238298
COHFACE_s35_session0_lamp,0,1060,35.333333333333336,0.33296752406922114,0.2963379111861837
COHFACE_s35_session0_lamp,0,1061,35.36666666666667,0.09676819538155124,0.05486208012330544
COHFACE_s35_session0_lamp,0,1062,35.4,-0.14983383887787977,-0.1587724503071249
COHFACE_s35_session0_lamp,0,1063,35.43333333333333,-0.3969816127488396,-0.34015233747537643
COHFACE_s35_session0_lamp,0,1064,35.46666666666667,-0.6294254023015051,-0.4818336008760339
COHFACE_s35_session0_lamp,0,1065,35.5,-0.8334663525243904,-0.5721857383295967
COHFACE_s35_session0_lamp,0,1066,35.53333333333333,-0.9978461511759217,-0.6020216670975782
COHFACE_s35_session0_lamp,0,1067,35.56666666666667,-1.1110311476919112,-0.5641417259820916
COHFACE_s35_session0_lamp,0,1068,35.6,-1.1599963702030878,-0.4619697536070837
COHFACE_s35_session0_lamp,0,1069,35.63333333333333,-1.1296521454431923,-0.30965568298572405
COHFACE_s35_session0_lamp,0,1070,35.666666666666664,-0.9996042627116692,-0.12683335127859607
COHFACE_s35_session0_lamp,0,1071,35.7,-0.7411260766857309,0.060917113225455746
COHFACE_s35_session0_lamp,0,1072,35.733333333333334,-0.33172320313666914,0.23127367687725656
COHFACE_s35_session0_lamp,0,1073,35.766666666666666,0.19060910854199728,0.36452465749670865
COHFACE_s35_session0_lamp,0,1074,35.8,0.6982482453113577,0.44188421233183606
COHFACE_s35_session0_lamp,0,1075,35.833333333333336,1.056577615001499,0.44512310007520045
COHFACE_s35_session0_lamp,0,1076,35.86666666666667,1.2201019456814641,0.37214945714829795
COHFACE_s35_session0_lamp,0,1077,35.9,1.2205076035781628,0.23707864750688645
COHFACE_s35_session0_lamp,0,1078,35.93333333333333,1.105710253252923,0.0585927002377834
COHFACE_s35_session0_lamp,0,1079,35.96666666666667,0.9180484167811327,-0.1396111393923631
COHFACE_s35_session0_lamp,0,1080,36.0,0.7004774154606986,-0.34092433055662
COHFACE_s35_session0_lamp,0,1081,36.03333333333333,0.4836668017900022,-0.5348834156041514
COHFACE_s35_session0_lamp,0,1082,36.06666666666667,0.2676690275040694,-0.7089701537686871
COHFACE_s35_session0_lamp,0,1083,36.1,0.03616545302742777,-0.8476007011588699
COHFACE_s35_session0_lamp,0,1084,36.13333333333333,-0.21560008349167598,-0.9353429539388594
COHFACE_s35_session0_lamp,0,1085,36.166666666666664,-0.47304065574955934,-0.956408173101019
COHFACE_s35_session0_lamp,0,1086,36.2,-0.7124264519335554,-0.9014830754258482
COHFACE_s35_session0_lamp,0,1087,36.233333333333334,-0.9116747291779738,-0.7679086680443807
COHFACE_s35_session0_lamp,0,1088,36.266666666666666,-1.053073721581,-0.558128696830819
COHFACE_s35_session0_lamp,0,1089,36.3,-1.1206264021068304,-0.28065427788706365
COHFACE_s35_session0_lamp,0,1090,36.333333333333336,-1.0971969036369074,0.04662704656005393
COHFACE_s35_session0_lamp,0,1091,36.36666666666667,-0.9615105792141432,0.3948921627855413
COHFACE_s35_session0_lamp,0,1092,36.4,-0.6861035394051584,0.7376702768459746
COHFACE_s35_session0_lamp,0,1093,36.43333333333333,-0.2574618953426728,1.049025744747463
COHFACE_s35_session0_lamp,0,1094,36.46666666666667,0.266725086955885,1.2900351359590099
COHFACE_s35_session0_lamp,0,1095,36.5,0.7475708257892487,1.4076053734696696
COHFACE_s35_session0_lamp,0,1096,36.53333333333333,1.0634807868521876,1.3845620057795656
COHFACE_s35_session0_lamp,0,1097,36.56666666666667,1.1881556809309834,1.2392489911499591
COHFACE_s35_session0_lamp,0,1098,36.6,1.1596775888578295,0.9958691668290134
COHFACE_s35_session0_lamp,0,1099,36.63333333333333,1.0241894857325322,0.6847984096881421
COHFACE_s35_session0_lamp,0,1100,36.666666666666664,0.8230333150502382,0.3350839793073543
COHFACE_s35_session0_lamp,0,1101,36.7,0.5972735496121873,-0.024172498165636762
COHFACE_s35_session0_lamp,0,1102,36.733333333333334,0.37090551591179155,-0.36981839186694404
COHFACE_s35_session0_lamp,0,1103,36.766666666666666,0.13895168328755,-0.6827377197781785
COHFACE_s35_session0_lamp,0,1104,36.8,-0.11171853830129971,-0.946140921029441
COHFACE_s35_session0_lamp,0,1105,36.833333333333336,-0.37836891829790054,-1.1437955581554777
COHFACE_s35_session0_lamp,0,1106,36.86666666666667,-0.6402773616932759,-1.2594375864711265
COHFACE_s35_session0_lamp,0,1107,36.9,-0.869857292857593,-1.2758151647088056
COHFACE_s35_session0_lamp,0,1108,36.93333333333333,-1.0424005320795715,-1.1840258177879228
COHFACE_s35_session0_lamp,0,1109,36.96666666666667,-1.137878493458271,-0.9836542291123093
COHFACE_s35_session0_lamp,0,1110,37.0,-1.1372545128669551,-0.6845526043372107
COHFACE_s35_session0_lamp,0,1111,37.03333333333333,-1.0182494546545462,-0.3079985546867298
COHFACE_s35_session0_lamp,0,1112,37.06666666666667,-0.7529187110372283,0.1092766502858074
COHFACE_s35_session0_lamp,0,1113,37.1,-0.3255363091431629,0.5134391769730692
COHFACE_s35_session0_lamp,0,1114,37.13333333333333,0.21064294856413562,0.8598400127268193
COHFACE_s35_session0_lamp,0,1115,37.166666666666664,0.7175954240531521,1.111400580252747
COHFACE_s35_session0_lamp,0,1116,37.2,1.0671483562794,1.248612385899635
COHFACE_s35_session0_lamp,0,1117,37.233333333333334,1.2245242268076886,1.2683035892351413
COHFACE_s35_session0_lamp,0,1118,37.266666666666666,1.2226124490854926,1.1721357241997024
COHFACE_s35_session0_lamp,0,1119,37.3,1.1035981168481697,0.966438801675203
COHFACE_s35_session0_lamp,0,1120,37.333333333333336,0.9038023675129897,0.6765220985094148
COHFACE_s35_session0_lamp,0,1121,37.36666666666667,0.6634367956073901,0.347461139172676
COHFACE_s35_session0_lamp,0,1122,37.4,0.4154745695494798,0.022552199479995694
COHFACE_s35_session0_lamp,0,1123,37.43333333333333,0.1662362589088511,-0.25552002214523273
COHFACE_s35_session0_lamp,0,1124,37.46666666666667,-0.09459677203695777,-0.46133265156035613
COHFACE_s35_session0_lamp,0,1125,37.5,-0.36904451148920436,-0.5853990693152432
COHFACE_s35_session0_lamp,0,1126,37.53333333333333,-0.641591704183081,-0.6297321481199538
COHFACE_s35_session0_lamp,0,1127,37.56666666666667,-0.8864164780418928,-0.6068315011155273
COHFACE_s35_session0_lamp,0,1128,37.6,-1.0780994536361228,-0.541993036400578
COHFACE_s35_session0_lamp,0,1129,37.63333333333333,-1.195733506991508,-0.47268582343103765
COHFACE_s35_session0_lamp,0,1130,37.666666666666664,-1.2197297954244728,-0.4103822976546217
COHFACE_s35_session0_lamp,0,1131,37.7,-1.127754844423192,-0.3406788715362701
COHFACE_s35_session0_lamp,0,1132,37.733333333333334,-0.8920122326762423,-0.25832467415838833
COHFACE_s35_session0_lamp,0,1133,37.766666666666666,-0.4891997986660003,-0.16784295247830183
COHFACE_s35_session0_lamp,0,1134,37.8,0.04848705309553826,-0.0834657330731532
COHFACE_s35_session0_lamp,0,1135,37.833333333333336,0.5966731537931761,-0.029359912378120745
COHFACE_s35_session0_lamp,0,1136,37.86666666666667,1.0134467444548154,-0.01424543608219675
COHFACE_s35_session0_lamp,0,1137,37.9,1.2405652746554707,-0.03153582340781131
COHFACE_s35_session0_lamp,0,1138,37.93333333333333,1.2991596222762254,-0.06767879854059938
COHFACE_s35_session0_lamp,0,1139,37.96666666666667,1.2284633394445685,-0.10244126662345131
COHFACE_s35_session0_lamp,0,1140,38.0,1.060376239357787,-0.12704700313057637
COHFACE_s35_session0_lamp,0,1141,38.03333333333333,0.8306123408172121,-0.14421063390019384
COHFACE_s35_session0_lamp,0,1142,38.06666666666667,0.57790638120079,-0.1487773511908585
COHFACE_s35_session0_lamp,0,1143,38.1,0.32191443311712864,-0.12778727571996334
COHFACE_s35_session0_lamp,0,1144,38.13333333333333,0.059330756891535996,-0.08184711775235338
COHFACE_s35_session0_lamp,0,1145,38.166666666666664,-0.21547381357500558,-0.02530690231538689
COHFACE_s35_session0_lamp,0,1146,38.2,-0.49531578316061,0.033503742969443556
COHFACE_s35_session0_lamp,0,1147,38.233333333333334,-0.7612997902940215,0.09206572968653767
COHFACE_s35_session0_lamp,0,1148,38.266666666666666,-0.9913174001541631,0.15498121686107005
COHFACE_s35_session0_lamp,0,1149,38.3,-1.1657626363582378,0.23338015846121238
COHFACE_s35_session0_lamp,0,1150,38.333333333333336,-1.2667536660400982,0.31664149511056944
COHFACE_s35_session0_lamp,0,1151,38.36666666666667,-1.2751434213186257,0.3721036622614243
COHFACE_s35_session0_lamp,0,1152,38.4,-1.1682313330590504,0.3887185387310495
COHFACE_s35_session0_lamp,0,1153,38.43333333333333,-0.9170922240702379,0.3769495060269415
COHFACE_s35_session0_lamp,0,1154,38.46666666666667,-0.4969727152408605,0.3478611231141785
COHFACE_s35_session0_lamp,0,1155,38.5,0.06011407321148031,0.3128748792440299
COHFACE_s35_session0_lamp,0,1156,38.53333333333333,0.6281155354635564,0.2784834523058452
COHFACE_s35_session0_lamp,0,1157,38.56666666666667,1.0636890609667244,0.24631801566465109
COHFACE_s35_session0_lamp,0,1158,38.6,1.3086666310777022,0.2147037604161269
COHFACE_s35_session0_lamp,0,1159,38.63333333333333,1.3837929022961788,0.17895456471269
COHFACE_s35_session0_lamp,0,1160,38.666666666666664,1.3263278284430597,0.13873392885206212
COHFACE_s35_session0_lamp,0,1161,38.7,1.1658564897731294,0.09834623533414558
COHFACE_s35_session0_lamp,0,1162,38.733333333333334,0.9367635968922141,0.05652810608968511
COHFACE_s35_session0_lamp,0,1163,38.766666666666666,0.6792146539709005,0.0068049688118018425
COHFACE_s35_session0_lamp,0,1164,38.8,0.41725976251610825,-0.05928733835845089
COHFACE_s35_session0_lamp,0,1165,38.833333333333336,0.15119498698542866,-0.1515712313634915
COHFACE_s35_session0_lamp,0,1166,38.86666666666667,-0.12472497574258558,-0.2709875426805233
COHFACE_s35_session0_lamp,0,1167,38.9,-0.4061502253937251,-0.40888069093175045
COHFACE_s35_session0_lamp,0,1168,38.93333333333333,-0.6778007810570156,-0.5505363335931744
COHFACE_s35_session0_lamp,0,1169,38.96666666666667,-0.921023309088228,-0.6746000444673039
COHFACE_s35_session0_lamp,0,1170,39.0,-1.119124403976324,-0.7578232239594549
COHFACE_s35_session0_lamp,0,1171,39.03333333333333,-1.2566879854516693,-0.7748390425006176
COHFACE_s35_session0_lamp,0,1172,39.06666666666667,-1.3173388224276994,-0.7165579533487125
COHFACE_s35_session0_lamp,0,1173,39.1,-1.2823334509179944,-0.5903156445427865
COHFACE_s35_session0_lamp,0,1174,39.13333333333333,-1.127484154443226,-0.40575097943958194
COHFACE_s35_session0_lamp,0,1175,39.166666666666664,-0.8215063415181746,-0.1754514373235185
COHFACE_s35_session0_lamp,0,1176,39.2,-0.3480035574604483,0.09231314411552219
COHFACE_s35_session0_lamp,0,1177,39.233333333333334,0.23436016103758944,0.392154572620053
COHFACE_s35_session0_lamp,0,1178,39.266666666666666,0.7813309783374969,0.7021066321759515
COHFACE_s35_session0_lamp,0,1179,39.3,1.1659616005927358,0.9820863786143484
COHFACE_s35_session0_lamp,0,1180,39.333333333333336,1.3584145080316667,1.1882611885065464
COHFACE_s35_session0_lamp,0,1181,39.36666666666667,1.3912117790969556,1.272289373389776
COHFACE_s35_session0_lamp,0,1182,39.4,1.3012213581110836,1.2137860218626806
COHFACE_s35_session0_lamp,0,1183,39.43333333333333,1.1193391356516857,1.020302719576947
COHFACE_s35_session0_lamp,0,1184,39.46666666666667,0.8839623533446072,0.7184953848192919
COHFACE_s35_session0_lamp,0,1185,39.5,0.6332119781719455,0.35474729009418593
COHFACE_s35_session0_lamp,0,1186,39.53333333333333,0.38255475870813294,-0.032615293849950655
COHFACE_s35_session0_lamp,0,1187,39.56666666666667,0.12654117603667644,-0.4118109630193947
COHFACE_s35_session0_lamp,0,1188,39.6,-0.13990337247670245,-0.7616662159455513
COHFACE_s35_session0_lamp,0,1189,39.63333333333333,-0.409834028166466,-1.0695008211629577
COHFACE_s35_session0_lamp,0,1190,39.666666666666664,-0.6674347347696539,-1.3151000251251144
COHFACE_s35_session0_lamp,0,1191,39.7,-0.8961360695079613,-1.469094115478806
COHFACE_s35_session0_lamp,0,1192,39.733333333333334,-1.0822790075495956,-1.5051145145318197
COHFACE_s35_session0_lamp,0,1193,39.766666666666666,-1.2126376416848952,-1.3994691413675788
COHFACE_s35_session0_lamp,0,1194,39.8,-1.2718503364969633,-1.1463760448913811
COHFACE_s35_session0_lamp,0,1195,39.833333333333336,-1.2415098053324485,-0.7589232369370927
COHFACE_s35_session0_lamp,0,1196,39.86666666666667,-1.0977004727838229,-0.280433032613412
COHFACE_s35_session0_lamp,0,1197,39.9,-0.8090973839467157,0.21396086154158628
COHFACE_s35_session0_lamp,0,1198,39.93333333333333,-0.35600506958015155,0.6647241006176747
COHFACE_s35_session0_lamp,0,1199,39.96666666666667,0.21028983124027228,1.0260415784941932
COHFACE_s35_session0_lamp,0,1200,40.0,0.7489703269550021,1.2752973494923212
COHFACE_s35_session0_lamp,0,1201,40.03333333333333,1.1274926328769133,1.4110913055750411
COHFACE_s35_session0_lamp,0,1202,40.06666666666667,1.309757787082311,1.435950289521438
COHFACE_s35_session0_lamp,0,1203,40.1,1.3293596549937035,1.3552525653619114
COHFACE_s35_session0_lamp,0,1204,40.13333333333333,1.2287514272816746,1.1821501831299042
COHFACE_s35_session0_lamp,0,1205,40.166666666666664,1.0430922108363856,0.9377600856155144
COHFACE_s35_session0_lamp,0,1206,40.2,0.8113612848079381,0.6396314762232378
COHFACE_s35_session0_lamp,0,1207,40.233333333333334,0.5687240978986716,0.3030044823573193
COHFACE_s35_session0_lamp,0,1208,40.266666666666666,0.3267721858155582,-0.046862044850329215
COHFACE_s35_session0_lamp,0,1209,40.3,0.07848632950458564,-0.3729771267243502
COHFACE_s35_session0_lamp,0,1210,40.333333333333336,-0.18011302381529332,-0.6521455631153221
COHFACE_s35_session0_lamp,0,1211,40.36666666666667,-0.4400495974155414,-0.8732632727764712
COHFACE_s35_session0_lamp,0,1212,40.4,-0.6835546873108078,-1.0318531475740644
COHFACE_s35_session0_lamp,0,1213,40.43333333333333,-0.8916109883663742,-1.1285760140807266
COHFACE_s35_session0_lamp,0,1214,40.46666666666667,-1.0476728293110606,-1.1538663916565153
COHFACE_s35_session0_lamp,0,1215,40.5,-1.1368572327265272,-1.0874916958464151
COHFACE_s35_session0_lamp,0,1216,40.53333333333333,-1.1440096825569348,-0.9279611277439664
COHFACE_s35_session0_lamp,0,1217,40.56666666666667,-1.051404478683318,-0.693035251438171
COHFACE_s35_session0_lamp,0,1218,40.6,-0.8352563652430154,-0.40678243042469514
COHFACE_s35_session0_lamp,0,1219,40.63333333333333,-0.4707448762245493,-0.10057363767663335
COHFACE_s35_session0_lamp,0,1220,40.666666666666664,0.024786602126581084,0.19704057857438112
COHFACE_s35_session0_lamp,0,1221,40.7,0.544456787497206,0.4589442681385648
COHFACE_s35_session0_lamp,0,1222,40.733333333333334,0.9446896167318202,0.6687997479214156
COHFACE_s35_session0_lamp,0,1223,40.766666666666666,1.153088205211764,0.819624758959885
COHFACE_s35_session0_lamp,0,1224,40.8,1.186015982826636,0.9030584035139131
COHFACE_s35_session0_lamp,0,1225,40.833333333333336,1.090847306747309,0.9085086330780757
COHFACE_s35_session0_lamp,0,1226,40.86666666666667,0.9122466488477687,0.8378370903169197
COHFACE_s35_session0_lamp,0,1227,40.9,0.694941020895612,0.7052629241386399
COHFACE_s35_session0_lamp,0,1228,40.93333333333333,0.4751029636228117,0.528945410614162
COHFACE_s35_session0_lamp,0,1229,40.96666666666667,0.25909454951555144,0.3314181671124166
COHFACE_s35_session0_lamp,0,1230,41.0,0.03138253458929445,0.12751175492486508
COHFACE_s35_session0_lamp,0,1231,41.03333333333333,-0.2163712020050076,-0.07464156918021495
COHFACE_s35_session0_lamp,0,1232,41.06666666666667,-0.4722005895177119,-0.2680844738837054
COHFACE_s35_session0_lamp,0,1233,41.1,-0.7114477509094103,-0.44576494141191275
COHFACE_s35_session0_lamp,0,1234,41.13333333333333,-0.9093578235057775,-0.6007430584672943
COHFACE_s35_session0_lamp,0,1235,41.166666666666664,-1.046424500244183,-0.7250968451598712
COHFACE_s35_session0_lamp,0,1236,41.2,-1.105853184966928,-0.807526535311036
COHFACE_s35_session0_lamp,0,1237,41.233333333333334,-1.0692979693769786,-0.8327735125930517
COHFACE_s35_session0_lamp,0,1238,41.266666666666666,-0.9136180222589968,-0.7857231072870602
COHFACE_s35_session0_lamp,0,1239,41.3,-0.6116088648369062,-0.651651529188345
COHFACE_s35_session0_lamp,0,1240,41.333333333333336,-0.1601883869643488,-0.43678841324062245
COHFACE_s35_session0_lamp,0,1241,41.36666666666667,0.36345458188480634,-0.16909788566053352
COHFACE_s35_session0_lamp,0,1242,41.4,0.8144719537937699,0.12042074935956532
COHFACE_s35_session0_lamp,0,1243,41.43333333333333,1.087671758342737,0.39670400593285815
COHFACE_s35_session0_lamp,0,1244,41.46666666666667,1.1742906542859592,0.6217138882961725
COHFACE_s35_session0_lamp,0,1245,41.5,1.1170752629747562,0.753551089247027
COHFACE_s35_session0_lamp,0,1246,41.53333333333333,0.9605654595032331,0.7794735613714221
COHFACE_s35_session0_lamp,0,1247,41.56666666666667,0.7458378756812214,0.7153221852443561
COHFACE_s35_session0_lamp,0,1248,41.6,0.512565236529321,0.587371707458792
COHFACE_s35_session0_lamp,0,1249,41.63333333333333,0.2804437582937067,0.4320467358891098
COHFACE_s35_session0_lamp,0,1250,41.666666666666664,0.04294368760928718,0.27094602613958874
COHFACE_s35_session0_lamp,0,1251,41.7,-0.20999696340569118,0.1113579159539673
COHFACE_s35_session0_lamp,0,1252,41.733333333333334,-0.47176188564138005,-0.035263430014434126
COHFACE_s35_session0_lamp,0,1253,41.766666666666666,-0.7191815660823435,-0.15244941060109965
COHFACE_s35_session0_lamp,0,1254,41.8,-0.9236867321833665,-0.2321176604404751
COHFACE_s35_session0_lamp,0,1255,41.833333333333336,-1.0606522456214067,-0.2739226349653727
COHFACE_s35_session0_lamp,0,1256,41.86666666666667,-1.1101947053646521,-0.2775532953617913
COHFACE_s35_session0_lamp,0,1257,41.9,-1.0519562188994533,-0.2423960410742446
COHFACE_s35_session0_lamp,0,1258,41.93333333333333,-0.8606322682301476,-0.1743077944785364
COHFACE_s35_session0_lamp,0,1259,41.96666666666667,-0.5118575762484843,-0.08565214192076304
COHFACE_s35_session0_lamp,0,1260,42.0,-0.023534764697602406,0.012571672458356595
COHFACE_s35_session0_lamp,0,1261,42.03333333333333,0.4989048218151372,0.11045531739271468
COHFACE_s35_session0_lamp,0,1262,42.06666666666667,0.9125785132938184,0.1947322146188551
COHFACE_s35_session0_lamp,0,1263,42.1,1.1422085846982077,0.2484991295730268
COHFACE_s35_session0_lamp,0,1264,42.13333333333333,1.198864992697265,0.26110269453300844
COHFACE_s35_session0_lamp,0,1265,42.166666666666664,1.123437691718087,0.2280956900602461
COHFACE_s35_session0_lamp,0,1266,42.2,0.9526465150800338,0.15157976044355229
COHFACE_s35_session0_lamp,0,1267,42.233333333333334,0.7246555583212889,0.040407561998292374
COHFACE_s35_session0_lamp,0,1268,42.266666666666666,0.477829369987527,-0.09343143293500372
COHFACE_s35_session0_lamp,0,1269,42.3,0.22986581696679215,-0.23434483609592177
COHFACE_s35_session0_lamp,0,1270,42.333333333333336,-0.02456770541009891,-0.3680262322933252
COHFACE_s35_session0_lamp,0,1271,42.36666666666667,-0.2914135504377811,-0.4808570505508345
COHFACE_s35_session0_lamp,0,1272,42.4,-0.5611272592106522,-0.5673174627855398
COHFACE_s35_session0_lamp,0,1273,42.43333333333333,-0.8109553159951312,-0.629353244882259
COHFACE_s35_session0_lamp,0,1274,42.46666666666667,-1.0150873397429983,-0.6600559530086185
COHFACE_s35_session0_lamp,0,1275,42.5,-1.1509413909229802,-0.6434517482225762
COHFACE_s35_session0_lamp,0,1276,42.53333333333333,-1.19876618188768,-0.5697387407782774
COHFACE_s35_session0_lamp,0,1277,42.56666666666667,-1.1376547250793045,-0.4357394269816762
COHFACE_s35_session0_lamp,0,1278,42.6,-0.9413946258788506,-0.24631472236147006
COHFACE_s35_session0_lamp,0,1279,42.63333333333333,-0.5835720063818808,-0.015248075809138038
COHFACE_s35_session0_lamp,0,1280,42.666666666666664,-0.07831618473950447,0.20307971906669497
COHFACE_s35_session0_lamp,0,1281,42.7,0.4722206488883884,0.3135305576769867
COHFACE_s35_session0_lamp,0,1282,42.733333333333334,0.9231194348923591,0.31958092792328235
COHFACE_s35_session0_lamp,0,1283,42.766666666666666,1.1923958403240864,0.32235985796917305
COHFACE_s35_session0_lamp,0,1284,42.8,1.2856053586953056,0.37522824106865704
COHFACE_s35_session0_lamp,0,1285,42.833333333333336,1.2409722118792206,0.48215924955583916
COHFACE_s35_session0_lamp,0,1286,42.86666666666667,1.0921891015106713,0.6048139586744249
COHFACE_s35_session0_lamp,0,1287,42.9,0.8738709684729593,0.6628317722942927
COHFACE_s35_session0_lamp,0,1288,42.93333333333333,0.6257764887890495,0.6516344929326345
COHFACE_s35_session0_lamp,0,1289,42.96666666666667,0.3728833161995322,0.6421136364382662
COHFACE_s35_session0_lamp,0,1290,43.0,0.11587579146761316,0.6585409920012757
COHFACE_s35_session0_lamp,0,1291,43.03333333333333,-0.1514691438287055,0.6779292591521549
COHFACE_s35_session0_lamp,0,1292,43.06666666666667,-0.4251745387895123,0.6599681188658296
COHFACE_s35_session0_lamp,0,1293,43.1,-0.6895178443733182,0.5480569885808462
COHFACE_s35_session0_lamp,0,1294,43.13333333333333,-0.9240628945289213,0.34868986577884187
COHFACE_s35_session0_lamp,0,1295,43.166666666666664,-1.1094082766862152,0.13209432799502635
COHFACE_s35_session0_lamp,0,1296,43.2,-1.2277515532933443,-0.07322789832524952
COHFACE_s35_session0_lamp,0,1297,43.233333333333334,-1.2608354101552028,-0.2797397716470067
COHFACE_s35_session0_lamp,0,1298,43.266666666666666,-1.1876246173174703,-0.49484239905469646
COHFACE_s35_session0_lamp,0,1299,43.3,-0.9814310625839815,-0.7191549771628057
COHFACE_s35_session0_lamp,0,1300,43.333333333333336,-0.6136476652541465,-0.9337308160971662
COHFACE_s35_session0_lamp,0,1301,43.36666666666667,-0.09391576808100921,-1.0989809849842829
COHFACE_s35_session0_lamp,0,1302,43.4,0.477590554540612,-1.1973134275904798
COHFACE_s35_session0_lamp,0,1303,43.43333333333333,0.9523202444823187,-1.2324599921035826
COHFACE_s35_session0_lamp,0,1304,43.46666666666667,1.2438156220597985,-1.2062401599930517
COHFACE_s35_session0_lamp,0,1305,43.5,1.3558867918011035,-1.118283323385742
COHFACE_s35_session0_lamp,0,1306,43.53333333333333,1.3259430629254494,-0.9570357262150302
COHFACE_s35_session0_lamp,0,1307,43.56666666666667,1.1866410555900724,-0.700770185223625
COHFACE_s35_session0_lamp,0,1308,43.6,0.9716821165395074,-0.3511162642269037
COHFACE_s35_session0_lamp,0,1309,43.63333333333333,0.7217829671512909,0.06509102958526136
COHFACE_s35_session0_lamp,0,1310,43.666666666666664,0.4661133607450517,0.5004740090565438
COHFACE_s35_session0_lamp,0,1311,43.7,0.2091360652367076,0.8854339962522267
COHFACE_s35_session0_lamp,0,1312,43.733333333333334,-0.05573749460325219,1.1863755492707746
COHFACE_s35_session0_lamp,0,1313,43.766666666666666,-0.3277828257836107,1.4038663279389727
COHFACE_s35_session0_lamp,0,1314,43.8,-0.594911217722259,1.5258194195005501
COHFACE_s35_session0_lamp,0,1315,43.833333333333336,-0.8396619335409452,1.5262563066232009
COHFACE_s35_session0_lamp,0,1316,43.86666666666667,-1.045269135943204,1.3984023345218346
COHFACE_s35_session0_lamp,0,1317,43.9,-1.1965160854272767,1.1548820418544428
COHFACE_s35_session0_lamp,0,1318,43.93333333333333,-1.2773439266128386,0.832332595622636
COHFACE_s35_session0_lamp,0,1319,43.96666666666667,-1.2695369268631376,0.49212840778586764
COHFACE_s35_session0_lamp,0,1320,44.0,-1.151055161234179,0.17114344727746653
COHFACE_s35_session0_lamp,0,1321,44.03333333333333,-0.8929783020901495,-0.11681037592481575
COHFACE_s35_session0_lamp,0,1322,44.06666666666667,-0.4705446051885734,-0.3624701352938401
COHFACE_s35_session0_lamp,0,1323,44.1,0.08454278131119142,-0.5592431341404285
COHFACE_s35_session0_lamp,0,1324,44.13333333333333,0.6476131113494146,-0.6952075685076401
COHFACE_s35_session0_lamp,0,1325,44.166666666666664,1.0763316444245203,-0.751955050954284
COHFACE_s35_session0_lamp,0,1326,44.2,1.3123557449542764,-0.7326016723648762
COHFACE_s35_session0_lamp,0,1327,44.233333333333334,1.3772840634243175,-0.6612024696776759
COHFACE_s35_session0_lamp,0,1328,44.266666666666666,1.311510695593247,-0.5576228559835543
COHFACE_s35_session0_lamp,0,1329,44.3,1.1486416119347567,-0.43739910368608437
COHFACE_s35_session0_lamp,0,1330,44.333333333333336,0.9261329042142216,-0.307662596100065
COHFACE_s35_session0_lamp,0,1331,44.36666666666667,0.6837633906062242,-0.16773298717455176
COHFACE_s35_session0_lamp,0,1332,44.4,0.44143251599702543,-0.030662491754659092
COHFACE_s35_session0_lamp,0,1333,44.43333333333333,0.19559921251440132,0.07618135731758431
COHFACE_s35_session0_lamp,0,1334,44.46666666666667,-0.060469962867466545,0.13230971599238012
COHFACE_s35_session0_lamp,0,1335,44.5,-0.3225128036268582,0.12396096912888122
COHFACE_s35_session0_lamp,0,1336,44.53333333333333,-0.5770742517773775,0.060805177971623874
COHFACE_s35_session0_lamp,0,1337,44.56666666666667,-0.8092308877676694,-0.024270796874288243
COHFACE_s35_session0_lamp,0,1338,44.6,-1.0064423452704643,-0.11831241712447063
COHFACE_s35_session0_lamp,0,1339,44.63333333333333,-1.1567773850485623,-0.2280766824730718
COHFACE_s35_session0_lamp,0,1340,44.666666666666664,-1.246134856876718,-0.3517378374719623
COHFACE_s35_session0_lamp,0,1341,44.7,-1.2582674658232025,-0.478187701631459
COHFACE_s35_session0_lamp,0,1342,44.733333333333334,-1.173979337472055,-0.5844755712282076
COHFACE_s35_session0_lamp,0,1343,44.766666666666666,-0.9669424175254095,-0.6356144503739446
COHFACE_s35_session0_lamp,0,1344,44.8,-0.6057344600775301,-0.6165685908340015
COHFACE_s35_session0_lamp,0,1345,44.833333333333336,-0.09091179679357574,-0.5323849063416084
COHFACE_s35_session0_lamp,0,1346,44.86666666666667,0.4860033887345307,-0.39065747503363124
COHFACE_s35_session0_lamp,0,1347,44.9,0.9710051361196793,-0.20198474051834303
COHFACE_s35_session0_lamp,0,1348,44.93333333333333,1.2651551214918946,0.036463125982342096
COHFACE_s35_session0_lamp,0,1349,44.96666666666667,1.369669367926122,0.33943758999596857
COHFACE_s35_session0_lamp,0,1350,45.0,1.3299237995283797,0.6778696547755855
COHFACE_s35_session0_lamp,0,1351,45.03333333333333,1.1877401567157335,0.9774715408968568
COHFACE_s35_session0_lamp,0,1352,45.06666666666667,0.9814475175135216,1.1873264288572922
COHFACE_s35_session0_lamp,0,1353,45.1,0.7514466507420509,1.2791603282622726
COHFACE_s35_session0_lamp,0,1354,45.13333333333333,0.5221578223535914,1.2585978515457725
COHFACE_s35_session0_lamp,0,1355,45.166666666666664,0.2914454029873305,1.1643162614002076
COHFACE_s35_session0_lamp,0,1356,45.2,0.04860319054392993,1.0077772188787937
COHFACE_s35_session0_lamp,0,1357,45.233333333333334,-0.20651380564529534,0.7735700045900648
COHFACE_s35_session0_lamp,0,1358,45.266666666666666,-0.46180350494432976,0.46308300605416086
COHFACE_s35_session0_lamp,0,1359,45.3,-0.7007315177408511,0.09615999577510467
COHFACE_s35_session0_lamp,0,1360,45.333333333333336,-0.9091420946851682,-0.2870197836769129
COHFACE_s35_session0_lamp,0,1361,45.36666666666667,-1.0758779593235934,-0.6244394207651229
COHFACE_s35_session0_lamp,0,1362,45.4,-1.1893041093957588,-0.8923362669641306
COHFACE_s35_session0_lamp,0,1363,45.43333333333333,-1.2356952025136074,-1.1034358673438471
COHFACE_s35_session0_lamp,0,1364,45.46666666666667,-1.198609994279032,-1.2555655813049864
COHFACE_s35_session0_lamp,0,1365,45.5,-1.0555300059490558,-1.3301790749748355
COHFACE_s35_session0_lamp,0,1366,45.53333333333333,-0.7753668052359239,-1.3099661970165548
COHFACE_s35_session0_lamp,0,1367,45.56666666666667,-0.3338402713325534,-1.1788056836299194
COHFACE_s35_session0_lamp,0,1368,45.6,0.22839230510911174,-0.9464307242373753
COHFACE_s35_session0_lamp,0,1369,45.63333333333333,0.7736286452713546,-0.6490931507277273
COHFACE_s35_session0_lamp,0,1370,45.666666666666664,1.1580666017929713,-0.3135928746284985
COHFACE_s35_session0_lamp,0,1371,45.7,1.3358072976800206,0.041346059960072
COHFACE_s35_session0_lamp,0,1372,45.733333333333334,1.3429007512322355,0.3975658157569038
COHFACE_s35_session0_lamp,0,1373,45.766666666666666,1.2308606004281637,0.7354316689193733
COHFACE_s35_session0_lamp,0,1374,45.8,1.042598823998264,1.0105354064418037
COHFACE_s35_session0_lamp,0,1375,45.833333333333336,0.819998964472344,1.1525348074159074
COHFACE_s35_session0_lamp,0,1376,45.86666666666667,0.5958599671795712,1.1497879777052464
COHFACE_s35_session0_lamp,0,1377,45.9,0.3755117744723636,1.048665008003346
COHFACE_s35_session0_lamp,0,1378,45.93333333333333,0.14556240601878398,0.8902868882074266
COHFACE_s35_session0_lamp,0,1379,45.96666666666667,-0.10112716654586143,0.7100776312618563
COHFACE_s35_session0_lamp,0,1380,46.0,-0.35588118261878954,0.520827791630394
COHFACE_s35_session0_lamp,0,1381,46.03333333333333,-0.6009151519431966,0.31364944267215994
COHFACE_s35_session0_lamp,0,1382,46.06666666666667,-0.8188976340778926,0.09800447946286807
COHFACE_s35_session0_lamp,0,1383,46.1,-0.9964748796904346,-0.09703379572676309
COHFACE_s35_session0_lamp,0,1384,46.13333333333333,-1.1219049829032786,-0.24791389578236644
COHFACE_s35_session0_lamp,0,1385,46.166666666666664,-1.182582310215295,-0.33582564647944096
COHFACE_s35_session0_lamp,0,1386,46.2,-1.1635803701433745,-0.3626440651423692
COHFACE_s35_session0_lamp,0,1387,46.233333333333334,-1.0450618496078585,-0.35017932699357274
COHFACE_s35_session0_lamp,0,1388,46.266666666666666,-0.7992748912136984,-0.3120860498897938
COHFACE_s35_session0_lamp,0,1389,46.3,-0.3983146348676059,-0.25349570961143375
COHFACE_s35_session0_lamp,0,1390,46.333333333333336,0.1351892893911072,-0.17995118991485048
COHFACE_s35_session0_lamp,0,1391,46.36666666666667,0.6781657651711568,-0.09761228530534544
COHFACE_s35_session0_lamp,0,1392,46.4,1.0754355898931123,-0.027486249114591958
COHFACE_s35_session0_lamp,0,1393,46.43333333333333,1.2598026114708296,-0.005371990995585545
COHFACE_s35_session0_lamp,0,1394,46.46666666666667,1.2606956395511397,-0.0405155521029766
COHFACE_s35_session0_lamp,0,1395,46.5,1.1359210628567904,-0.11547962806941742
COHFACE_s35_session0_lamp,0,1396,46.53333333333333,0.9365883923902557,-0.21261178748329423
COHFACE_s35_session0_lamp,0,1397,46.56666666666667,0.7096672212393467,-0.31401437420108513
COHFACE_s35_session0_lamp,0,1398,46.6,0.4885708109925772,-0.41792859180448044
COHFACE_s35_session0_lamp,0,1399,46.63333333333333,0.2740326164196336,-0.5380802205652672
COHFACE_s35_session0_lamp,0,1400,46.666666666666664,0.046208138599562264,-0.6662123224720674
COHFACE_s35_session0_lamp,0,1401,46.7,-0.20430492658861035,-0.7715075255275279
COHFACE_s35_session0_lamp,0,1402,46.733333333333334,-0.4645148680610787,-0.8267067029264801
COHFACE_s35_session0_lamp,0,1403,46.766666666666666,-0.7087726535654897,-0.808207200975132
COHFACE_s35_session0_lamp,0,1404,46.8,-0.9123392866695366,-0.7141255855604758
COHFACE_s35_session0_lamp,0,1405,46.833333333333336,-1.0563559221715801,-0.5645693150544536
COHFACE_s35_session0_lamp,0,1406,46.86666666666667,-1.125405136114874,-0.365634247284336
COHFACE_s35_session0_lamp,0,1407,46.9,-1.103978318545749,-0.11039501725398843
COHFACE_s35_session0_lamp,0,1408,46.93333333333333,-0.973329833269315,0.19649530581917085
COHFACE_s35_session0_lamp,0,1409,46.96666666666667,-0.7082632073928983,0.5370172286379241
COHFACE_s35_session0_lamp,0,1410,47.0,-0.28962985123917284,0.8725962999114278
COHFACE_s35_session0_lamp,0,1411,47.03333333333333,0.23993082555982714,1.1426944722758967
COHFACE_s35_session0_lamp,0,1412,47.06666666666667,0.7452234649639775,1.315713453511387
COHFACE_s35_session0_lamp,0,1413,47.1,1.0873995326001455,1.3879140444146811
COHFACE_s35_session0_lamp,0,1414,47.13333333333333,1.2245789903755462,1.3690350439667591
COHFACE_s35_session0_lamp,0,1415,47.166666666666664,1.1955659772987142,1.2814719990005445
COHFACE_s35_session0_lamp,0,1416,47.2,1.0546472952932249,1.1316808658146127
COHFACE_s35_session0_lamp,0,1417,47.233333333333334,0.8482376209684618,0.9106312648510707
COHFACE_s35_session0_lamp,0,1418,47.266666666666666,0.6188526329673022,0.6309619379123053
COHFACE_s35_session0_lamp,0,1419,47.3,0.39199478483041694,0.3282446757724277
COHFACE_s35_session0_lamp,0,1420,47.333333333333336,0.16298733234565788,0.03285960486292633
COHFACE_s35_session0_lamp,0,1421,47.36666666666667,-0.08426943913612076,-0.22864260799924058
COHFACE_s35_session0_lamp,0,1422,47.4,-0.3510901797696301,-0.4491485200425403
COHFACE_s35_session0_lamp,0,1423,47.43333333333333,-0.6191801625628809,-0.639232245380753
COHFACE_s35_session0_lamp,0,1424,47.46666666666667,-0.8610981162516533,-0.7947543857394699
COHFACE_s35_session0_lamp,0,1425,47.5,-1.0512769610477046,-0.8955388492473355
COHFACE_s35_session0_lamp,0,1426,47.53333333333333,-1.1698227500881084,-0.9311503450583074
COHFACE_s35_session0_lamp,0,1427,47.56666666666667,-1.1989007798659614,-0.9004047286656991
COHFACE_s35_session0_lamp,0,1428,47.6,-1.117517016918208,-0.822716261324143
COHFACE_s35_session0_lamp,0,1429,47.63333333333333,-0.8984290856145356,-0.7377117921685139
COHFACE_s35_session0_lamp,0,1430,47.666666666666664,-0.5150534320420967,-0.6615080428975706
COHFACE_s35_session0_lamp,0,1431,47.7,0.012023032390127988,-0.5868359529322711
COHFACE_s35_session0_lamp,0,1432,47.733333333333334,0.5670492596425907,-0.5143967253356359
COHFACE_s35_session0_lamp,0,1433,47.766666666666666,0.9996870143698238,-0.4533835449144153
COHFACE_s35_session0_lamp,0,1434,47.8,1.238129516979483,-0.41759177655055096
COHFACE_s35_session0_lamp,0,1435,47.833333333333336,1.3007696211282844,-0.4254899394463376
COHFACE_s35_session0_lamp,0,1436,47.86666666666667,1.2319105031141553,-0.44916939630778036
COHFACE_s35_session0_lamp,0,1437,47.9,1.0672848775897084,-0.4151408854182802
COHFACE_s35_session0_lamp,0,1438,47.93333333333333,0.8426741172233755,-0.2647324887301412
COHFACE_s35_session0_lamp,0,1439,47.96666666666667,0.5961502905700378,0.04391853797395638
COHFACE_s35_session0_lamp,0,1440,48.0,0.3470419558236396,0.4689722466239005
COHFACE_s35_session0_lamp,0,1441,48.03333333333333,0.09090481511575568,0.8838241670229068
COHFACE_s35_session0_lamp,0,1442,48.06666666666667,-0.1792981370952861,1.1918907336035547
COHFACE_s35_session0_lamp,0,1443,48.1,-0.4570880427112791,1.3263762993892287
COHFACE_s35_session0_lamp,0,1444,48.13333333333333,-0.7233382852662934,1.3035707171978448
COHFACE_s35_session0_lamp,0,1445,48.166666666666664,-0.9552144359708739,1.2213947710726587
COHFACE_s35_session0_lamp,0,1446,48.2,-1.133038152599887,1.121700709088298
COHFACE_s35_session0_lamp,0,1447,48.233333333333334,-1.2398780294959282,0.9896595793433425
COHFACE_s35_session0_lamp,0,1448,48.266666666666666,-1.257742429916686,0.8108161870686876
COHFACE_s35_session0_lamp,0,1449,48.3,-1.1650527079114394,0.572481339132454
COHFACE_s35_session0_lamp,0,1450,48.333333333333336,-0.9343005817025852,0.2891082117281255
COHFACE_s35_session0_lamp,0,1451,48.36666666666667,-0.5399172958920492,0.0036332150392295176
COHFACE_s35_session0_lamp,0,1452,48.4,-0.005634758399522433,-0.2624226939461915
COHFACE_s35_session0_lamp,0,1453,48.43333333333333,0.5530934161545215,-0.5074690492093488
COHFACE_s35_session0_lamp,0,1454,48.46666666666667,0.992991859723688,-0.7248273982700584
COHFACE_s35_session0_lamp,0,1455,48.5,1.247910636288609,-0.901110294238352
COHFACE_s35_session0_lamp,0,1456,48.53333333333333,1.3338773744656838,-1.0301675071398542
COHFACE_s35_session0_lamp,0,1457,48.56666666666667,1.2880426223819958,-1.1119557436103618
COHFACE_s35_session0_lamp,0,1458,48.6,1.1397716993214648,-1.1517082360700037
COHFACE_s35_session0_lamp,0,1459,48.63333333333333,0.9216920763900147,-1.1591755849928136
COHFACE_s35_session0_lamp,0,1460,48.666666666666664,0.6731533024136295,-1.1279038453955774
COHFACE_s35_session0_lamp,0,1461,48.7,0.41923653616383794,-1.0353708633016943
COHFACE_s35_session0_lamp,0,1462,48.733333333333334,0.16156415932342447,-0.8649727616687127
COHFACE_s35_session0_lamp,0,1463,48.766666666666666,-0.1048063101323895,-0.6071944309986771
COHFACE_s35_session0_lamp,0,1464,48.8,-0.3755754433170082,-0.28587451806282665
COHFACE_s35_session0_lamp,0,1465,48.833333333333336,-0.63641149728671,0.04058607131992524
COHFACE_s35_session0_lamp,0,1466,48.86666666666667,-0.8698236957773713,0.33958854317079323
COHFACE_s35_session0_lamp,0,1467,48.9,-1.0601349777834088,0.6028788799091158
COHFACE_s35_session0_lamp,0,1468,48.93333333333333,-1.1929501356006358,0.8380871138634473
COHFACE_s35_session0_lamp,0,1469,48.96666666666667,-1.252917928872079,1.0665664132060517
COHFACE_s35_session0_lamp,0,1470,49.0,-1.2221066151992641,1.271579401254058
COHFACE_s35_session0_lamp,0,1471,49.03333333333333,-1.076951797169415,1.3971023484590208
COHFACE_s35_session0_lamp,0,1472,49.06666666666667,-0.7870464158372211,1.4040483494230447
COHFACE_s35_session0_lamp,0,1473,49.1,-0.3372501844092809,1.2704744020492273
COHFACE_s35_session0_lamp,0,1474,49.13333333333333,0.21580696335957938,1.0182664533593697
COHFACE_s35_session0_lamp,0,1475,49.166666666666664,0.7360064330243797,0.7134703520150573
COHFACE_s35_session0_lamp,0,1476,49.2,1.1040307534464107,0.4012250025978663
COHFACE_s35_session0_lamp,0,1477,49.233333333333334,1.2908390561158116,0.10667128443119306
COHFACE_s35_session0_lamp,0,1478,49.266666666666666,1.3253911387030175,-0.16201492709745474
COHFACE_s35_session0_lamp,0,1479,49.3,1.2413979074906392,-0.4117089435727066
COHFACE_s35_session0_lamp,0,1480,49.333333333333336,1.0690809682809788,-0.6415385421029878
COHFACE_s35_session0_lamp,0,1481,49.36666666666667,0.8466568224674627,-0.8410780991390627
COHFACE_s35_session0_lamp,0,1482,49.4,0.6100933368023331,-1.003190771234636
COHFACE_s35_session0_lamp,0,1483,49.43333333333333,0.3726202472623199,-1.1227700929088968
COHFACE_s35_session0_lamp,0,1484,49.46666666666667,0.12904542420153128,-1.1887478947863128
COHFACE_s35_session0_lamp,0,1485,49.5,-0.12374948775342322,-1.1835381220244425
COHFACE_s35_session0_lamp,0,1486,49.53333333333333,-0.3777421844430008,-1.0999888177143118
COHFACE_s35_session0_lamp,0,1487,49.56666666666667,-0.6185884879556829,-0.9416275153483464
COHFACE_s35_session0_lamp,0,1488,49.6,-0.8325298475015724,-0.7285209818031728
COHFACE_s35_session0_lamp,0,1489,49.63333333333333,-1.0077873203816177,-0.4978532788938546
COHFACE_s35_session0_lamp,0,1490,49.666666666666664,-1.1322440748446512,-0.25711690873872217
COHFACE_s35_session0_lamp,0,1491,49.7,-1.1924287823443547,0.01441510321766918
COHFACE_s35_session0_lamp,0,1492,49.733333333333334,-1.172647340495875,0.3247707620400402
COHFACE_s35_session0_lamp,0,1493,49.766666666666666,-1.0518324865243944,0.6670628323858157
COHFACE_s35_session0_lamp,0,1494,49.8,-0.8011732018523268,1.0029856994307125
COHFACE_s35_session0_lamp,0,1495,49.833333333333336,-0.39732575660680247,1.2614334564001413
COHFACE_s35_session0_lamp,0,1496,49.86666666666667,0.12592781526141233,1.3974032819860558
COHFACE_s35_session0_lamp,0,1497,49.9,0.6459636754391145,1.3914233914412117
COHFACE_s35_session0_lamp,0,1498,49.93333333333333,1.0284237787471926,1.2632980421457338
COHFACE_s35_session0_lamp,0,1499,49.96666666666667,1.2238711648313911,1.0715853363294903
COHFACE_s35_session0_lamp,0,1500,50.0,1.2584391613674373,0.8510476214476298
COHFACE_s35_session0_lamp,0,1501,50.03333333333333,1.1727541846995035,0.6130522627535205
COHFACE_s35_session0_lamp,0,1502,50.06666666666667,1.0014695158966336,0.3612777171599879
COHFACE_s35_session0_lamp,0,1503,50.1,0.7843455205158942,0.09336000137413164
COHFACE_s35_session0_lamp,0,1504,50.13333333333333,0.5573502022120504,-0.18004410757878092
COHFACE_s35_session0_lamp,0,1505,50.166666666666664,0.33044589770665206,-0.43358759331133284
COHFACE_s35_session0_lamp,0,1506,50.2,0.09366374943889703,-0.6541192690024007
COHFACE_s35_session0_lamp,0,1507,50.233333333333334,-0.15809065796543617,-0.8391909536253532
COHFACE_s35_session0_lamp,0,1508,50.266666666666666,-0.41413282767023885,-0.9839777859696457
COHFACE_s35_session0_lamp,0,1509,50.3,-0.6541089438102085,-1.0800493570941416
COHFACE_s35_session0_lamp,0,1510,50.333333333333336,-0.8579689465882946,-1.1281718151975286
COHFACE_s35_session0_lamp,0,1511,50.36666666666667,-1.0100068685598897,-1.137577913689199
COHFACE_s35_session0_lamp,0,1512,50.4,-1.0966467882197226,-1.1074031639768667
COHFACE_s35_session0_lamp,0,1513,50.43333333333333,-1.1028644596134711,-1.0266510541114684
COHFACE_s35_session0_lamp,0,1514,50.46666666666667,-1.009054254330071,-0.8861976113181103
COHFACE_s35_session0_lamp,0,1515,50.5,-0.7885250637927871,-0.6796675572433317
COHFACE_s35_session0_lamp,0,1516,50.53333333333333,-0.4178569094338825,-0.40922285942836323
COHFACE_s35_session0_lamp,0,1517,50.56666666666667,0.0754036917655732,-0.08703661178151069
COHFACE_s35_session0_lamp,0,1518,50.6,0.5762247497669395,0.25101960282802016
COHFACE_s35_session0_lamp,0,1519,50.63333333333333,0.9489755449115628,0.5440319737505737
COHFACE_s35_session0_lamp,0,1520,50.666666666666664,1.136392972492994,0.764014107496354
COHFACE_s35_session0_lamp,0,1521,50.7,1.160245740936386,0.9145443204160679
COHFACE_s35_session0_lamp,0,1522,50.733333333333334,1.0630060482939192,1.014166943178236
COHFACE_s35_session0_lamp,0,1523,50.766666666666666,0.883439156240087,1.0947204437922506
COHFACE_s35_session0_lamp,0,1524,50.8,0.6634740890612005,1.1459824905509457
COHFACE_s35_session0_lamp,0,1525,50.833333333333336,0.4374116663544551,1.1153472739235923
COHFACE_s35_session0_lamp,0,1526,50.86666666666667,0.2109665721545096,0.9778715788259108
COHFACE_s35_session0_lamp,0,1527,50.9,-0.02855896771487669,0.7371964331863811
COHFACE_s35_session0_lamp,0,1528,50.93333333333333,-0.28454529334192424,0.4324187689827307
COHFACE_s35_session0_lamp,0,1529,50.96666666666667,-0.541319910209118,0.13869641348087655
COHFACE_s35_session0_lamp,0,1530,51.0,-0.7735911335690389,-0.10094567301959276
COHFACE_s35_session0_lamp,0,1531,51.03333333333333,-0.958045706965568,-0.27472466160525744
COHFACE_s35_session0_lamp,0,1532,51.06666666666667,-1.076321411536788,-0.3912577797381148
COHFACE_s35_session0_lamp,0,1533,51.1,-1.1115018091832065,-0.4780315997552836
COHFACE_s35_session0_lamp,0,1534,51.13333333333333,-1.0437370189772697,-0.5522736465253402
COHFACE_s35_session0_lamp,0,1535,51.166666666666664,-0.8468069273433146,-0.6197934614706664
COHFACE_s35_session0_lamp,0,1536,51.2,-0.4951184157390415,-0.6722279680392844
COHFACE_s35_session0_lamp,0,1537,51.233333333333334,-0.0075876519942854465,-0.6867613081239982
COHFACE_s35_session0_lamp,0,1538,51.266666666666666,0.5085971208786088,-0.6518563755728529
COHFACE_s35_session0_lamp,0,1539,51.3,0.9131189104393939,-0.5674541580935395
COHFACE_s35_session0_lamp,0,1540,51.333333333333336,1.1362548271429043,-0.4419612967743003
COHFACE_s35_session0_lamp,0,1541,51.36666666666667,1.191227007305772,-0.2925940301831473
COHFACE_s35_session0_lamp,0,1542,51.4,1.116615244239844,-0.14404039820546433
COHFACE_s35_session0_lamp,0,1543,51.43333333333333,0.9471169205964882,-0.028809925152549355
COHFACE_s35_session0_lamp,0,1544,51.46666666666667,0.7220350130810204,0.056239801497707444
COHFACE_s35_session0_lamp,0,1545,51.5,0.4812147174765783,0.14899023393048008
COHFACE_s35_session0_lamp,0,1546,51.53333333333333,0.24062012707124414,0.26696140523462525
COHFACE_s35_session0_lamp,0,1547,51.56666666666667,-0.008066374357731398,0.4061443865961279
COHFACE_s35_session0_lamp,0,1548,51.6,-0.2708972455702056,0.5385051828915437
COHFACE_s35_session0_lamp,0,1549,51.63333333333333,-0.5358284467792425,0.6117998481306084
COHFACE_s35_session0_lamp,0,1550,51.666666666666664,-0.7782462596990107,0.6114708182508555
COHFACE_s35_session0_lamp,0,1551,51.7,-0.9727833445480537,0.5605522988489062
COHFACE_s35_session0_lamp,0,1552,51.733333333333334,-1.0988128757241,0.48390022836210167
COHFACE_s35_session0_lamp,0,1553,51.766666666666666,-1.1385451778457076,0.40785998993932043
COHFACE_s35_session0_lamp,0,1554,51.8,-1.0721174599590473,0.3330045764172587
COHFACE_s35_session0_lamp,0,1555,51.833333333333336,-0.8734479094732883,0.23468851868017732
COHFACE_s35_session0_lamp,0,1556,51.86666666666667,-0.5174208202997665,0.10410788751155482
COHFACE_s35_session0_lamp,0,1557,51.9,-0.023765422731979124,-0.05071278251208211
COHFACE_s35_session0_lamp,0,1558,51.93333333333333,0.5004927096287654,-0.21108572655668315
COHFACE_s35_session0_lamp,0,1559,51.96666666666667,0.9163620466891456,-0.3470620139783497
COHFACE_s35_session0_lamp,0,1560,52.0,1.1545462085135396,-0.4475913270472627
COHFACE_s35_session0_lamp,0,1561,52.03333333333333,1.2269374763495893,-0.5198466262540603
COHFACE_s35_session0_lamp,0,1562,52.06666666666667,1.169504502451289,-0.5691025307919166
COHFACE_s35_session0_lamp,0,1563,52.1,1.013266849413894,-0.5980589846348704
COHFACE_s35_session0_lamp,0,1564,52.13333333333333,0.7937923293117572,-0.6121645929339695
COHFACE_s35_session0_lamp,0,1565,52.166666666666664,0.5501137198817616,-0.6192617015691443
COHFACE_s35_session0_lamp,0,1566,52.2,0.30214129064163214,-0.617576286290189
COHFACE_s35_session0_lamp,0,1567,52.233333333333334,0.04640912768275888,-0.5957448260949625
COHFACE_s35_session0_lamp,0,1568,52.266666666666666,-0.22240625908507083,-0.5339578983833138
COHFACE_s35_session0_lamp,0,1569,52.3,-0.495465752783316,-0.40472883239500396
COHFACE_s35_session0_lamp,0,1570,52.333333333333336,-0.7523351630567057,-0.21488422595715917
COHFACE_s35_session0_lamp,0,1571,52.36666666666667,-0.9710119836326387,-0.00634464459175485
COHFACE_s35_session0_lamp,0,1572,52.4,-1.1327147362945735,0.18696895979424036
COHFACE_s35_session0_lamp,0,1573,52.43333333333333,-1.2202602884661868,0.33856423113675704
COHFACE_s35_session0_lamp,0,1574,52.46666666666667,-1.2150390489522753,0.46352070295604525
COHFACE_s35_session0_lamp,0,1575,52.5,-1.0942455033469107,0.6169209945896466
COHFACE_s35_session0_lamp,0,1576,52.53333333333333,-0.8288137624852346,0.806112844835691
COHFACE_s35_session0_lamp,0,1577,52.56666666666667,-0.39920141358052363,0.9893638973282458
COHFACE_s35_session0_lamp,0,1578,52.6,0.14950220870171055,1.1086916453023765
COHFACE_s35_session0_lamp,0,1579,52.63333333333333,0.6853509307424537,1.0902059250833003
COHFACE_s35_session0_lamp,0,1580,52.666666666666664,1.0780232811077954,0.9276490099614879
COHFACE_s35_session0_lamp,0,1581,52.7,1.2858408849950358,0.682715225862213
COHFACE_s35_session0_lamp,0,1582,52.733333333333334,1.3337283489242735,0.40844338559565335
COHFACE_s35_session0_lamp,0,1583,52.766666666666666,1.2554414650138261,0.14947055568137446
COHFACE_s35_session0_lamp,0,1584,52.8,1.0796731521699185,-0.07621706216561258
COHFACE_s35_session0_lamp,0,1585,52.833333333333336,0.8437980305471526,-0.2759056806669449
COHFACE_s35_session0_lamp,0,1586,52.86666666666667,0.5874882240858388,-0.4522080339016399
COHFACE_s35_session0_lamp,0,1587,52.9,0.32890990206850307,-0.6015100165777878
COHFACE_s35_session0_lamp,0,1588,52.93333333333333,0.06418882363692244,-0.7238172539175706
COHFACE_s35_session0_lamp,0,1589,52.96666666666667,-0.21105631232587435,-0.8216403182833688
COHFACE_s35_session0_lamp,0,1590,53.0,-0.4886055272568366,-0.8866146227946285
COHFACE_s35_session0_lamp,0,1591,53.03333333333333,-0.7507062087432501,-0.8990053783724776
COHFACE_s35_session0_lamp,0,1592,53.06666666666667,-0.9784615546531428,-0.8466507074374433
COHFACE_s35_session0_lamp,0,1593,53.1,-1.155760543327387,-0.7252021775474754
COHFACE_s35_session0_lamp,0,1594,53.13333333333333,-1.2674482384335313,-0.5500356157065268
COHFACE_s35_session0_lamp,0,1595,53.166666666666664,-1.2964387947479254,-0.3566719219365253
COHFACE_s35_session0_lamp,0,1596,53.2,-1.2217831213389734,-0.16027051199503115
COHFACE_s35_session0_lamp,0,1597,53.233333333333334,-1.0158448163032632,0.04341681210995564
COHFACE_s35_session0_lamp,0,1598,53.266666666666666,-0.6478021876091606,0.27186803665852055
COHFACE_s35_session0_lamp,0,1599,53.3,-0.12336755600203266,0.5538171313466714
COHFACE_s35_session0_lamp,0,1600,53.333333333333336,0.46042456703745427,0.8440390691529659
COHFACE_s35_session0_lamp,0,1601,53.36666666666667,0.9537857219175151,1.0226225861089664
COHFACE_s35_session0_lamp,0,1602,53.4,1.2669506867751352,1.0566422323320603
COHFACE_s35_session0_lamp,0,1603,53.43333333333333,1.401172675067211,0.9998240389048062
COHFACE_s35_session0_lamp,0,1604,53.46666666666667,1.391191341255146,0.8829933079559711
COHFACE_s35_session0_lamp,0,1605,53.5,1.265962033523403,0.7135998360549701
COHFACE_s35_session0_lamp,0,1606,53.53333333333333,1.0553395680005218,0.5076690445622881
COHFACE_s35_session0_lamp,0,1607,53.56666666666667,0.8002610091989726,0.2905686165981365
COHFACE_s35_session0_lamp,0,1608,53.6,0.5355886039694749,0.07013594236585195
COHFACE_s35_session0_lamp,0,1609,53.63333333333333,0.2714955748250062,-0.16197380630303138
COHFACE_s35_session0_lamp,0,1610,53.666666666666664,0.002978219400664714,-0.4047060269965206
COHFACE_s35_session0_lamp,0,1611,53.7,-0.27111991627084725,-0.6459594323769876
COHFACE_s35_session0_lamp,0,1612,53.733333333333334,-0.5415841441272806,-0.8642816469497694
COHFACE_s35_session0_lamp,0,1613,53.766666666666666,-0.7929298510501352,-1.0277560623868216
COHFACE_s35_session0_lamp,0,1614,53.8,-1.009570439895632,-1.1263403004903851
COHFACE_s35_session0_lamp,0,1615,53.833333333333336,-1.177488991005144,-1.171000451543294
COHFACE_s35_session0_lamp,0,1616,53.86666666666667,-1.2821890006651393,-1.160663006201312
COHFACE_s35_session0_lamp,0,1617,53.9,-1.3073364924494557,-1.0819641441804704
COHFACE_s35_session0_lamp,0,1618,53.93333333333333,-1.2330043322930468,-0.9120922544467405
COHFACE_s35_session0_lamp,0,1619,53.96666666666667,-1.0322033385335658,-0.6200680158102743
COHFACE_s35_session0_lamp,0,1620,54.0,-0.673460985653656,-0.2321724637411263
COHFACE_s35_session0_lamp,0,1621,54.03333333333333,-0.15716348477666808,0.16664424053955465
COHFACE_s35_session0_lamp,0,1622,54.06666666666667,0.4272985129122633,0.5132519103840321
COHFACE_s35_session0_lamp,0,1623,54.1,0.9301561058877171,0.7652233282621362
COHFACE_s35_session0_lamp,0,1624,54.13333333333333,1.2542369754059264,0.9327617246543337
COHFACE_s35_session0_lamp,0,1625,54.166666666666664,1.3957714379058963,1.0765301370391822
COHFACE_s35_session0_lamp,0,1626,54.2,1.3898355033303769,1.1869709308485197
COHFACE_s35_session0_lamp,0,1627,54.233333333333334,1.2674127489122613,1.1834968767189058
COHFACE_s35_session0_lamp,0,1628,54.266666666666666,1.059962571357059,1.043852134215634
COHFACE_s35_session0_lamp,0,1629,54.3,0.8095257903587684,0.8047484601548093
COHFACE_s35_session0_lamp,0,1630,54.333333333333336,0.551292559291224,0.5292399401094082
COHFACE_s35_session0_lamp,0,1631,54.36666666666667,0.29481634842663945,0.30661694264444167
COHFACE_s35_session0_lamp,0,1632,54.4,0.03373401417386796,0.15080802223256898
COHFACE_s35_session0_lamp,0,1633,54.43333333333333,-0.23429746860420303,0.001596304210747121
COHFACE_s35_session0_lamp,0,1634,54.46666666666667,-0.5003230211002409,-0.16134967514959625
COHFACE_s35_session0_lamp,0,1635,54.5,-0.7488259096836365,-0.3167784111074705
COHFACE_s35_session0_lamp,0,1636,54.53333333333333,-0.9647259120251341,-0.4313834435755213
COHFACE_s35_session0_lamp,0,1637,54.56666666666667,-1.1350930659895013,-0.4595931220219416
COHFACE_s35_session0_lamp,0,1638,54.6,-1.2464929288167454,-0.40298927391675093
COHFACE_s35_session0_lamp,0,1639,54.63333333333333,-1.2833967663940231,-0.30999713114198557
COHFACE_s35_session0_lamp,0,1640,54.666666666666664,-1.2272614836380762,-0.2279092010345254
COHFACE_s35_session0_lamp,0,1641,54.7,-1.0532062881727073,-0.20212650518527325
COHFACE_s35_session0_lamp,0,1642,54.733333333333334,-0.7294918657575693,-0.2192658341901782
COHFACE_s35_session0_lamp,0,1643,54.766666666666666,-0.24417281492202025,-0.20767161224758435
COHFACE_s35_session0_lamp,0,1644,54.8,0.3344499724881823,-0.14880415645900893
COHFACE_s35_session0_lamp,0,1645,54.833333333333336,0.8591021754444275,-0.07780559181733573
COHFACE_s35_session0_lamp,0,1646,54.86666666666667,1.2119248194374574,-0.02364150826092646
COHFACE_s35_session0_lamp,0,1647,54.9,1.37319544656905,-0.00873276088947764
COHFACE_s35_session0_lamp,0,1648,54.93333333333333,1.3790847930503505,-0.020248709684866778
COHFACE_s35_session0_lamp,0,1649,54.96666666666667,1.2674008176460827,-0.010550719159295854
COHFACE_s35_session0_lamp,0,1650,55.0,1.0717631866294262,0.030529908354251817
COHFACE_s35_session0_lamp,0,1651,55.03333333333333,0.8329328343774656,0.07535263786271741
COHFACE_s35_session0_lamp,0,1652,55.06666666666667,0.5861387564878509,0.09943935519443749
COHFACE_s35_session0_lamp,0,1653,55.1,0.341481968978385,0.08187157635936644
COHFACE_s35_session0_lamp,0,1654,55.13333333333333,0.09157202303271166,0.02955351395542472
COHFACE_s35_session0_lamp,0,1655,55.166666666666664,-0.16748420215034027,-0.02285784139051026
COHFACE_s35_session0_lamp,0,1656,55.2,-0.42741787008694,-0.06455943674665414
COHFACE_s35_session0_lamp,0,1657,55.233333333333334,-0.6725252464581584,-0.1085451275910942
COHFACE_s35_session0_lamp,0,1658,55.266666666666666,-0.8876833595284945,-0.1591984854045592
COHFACE_s35_session0_lamp,0,1659,55.3,-1.0609821432711408,-0.2118692566811252
COHFACE_s35_session0_lamp,0,1660,55.333333333333336,-1.1806435666632902,-0.25823100829065676
COHFACE_s35_session0_lamp,0,1661,55.36666666666667,-1.2327432074966225,-0.28617200939778603
COHFACE_s35_session0_lamp,0,1662,55.4,-1.200695516029564,-0.2999885651670721
COHFACE_s35_session0_lamp,0,1663,55.43333333333333,-1.0623632703616774,-0.320099145923268
COHFACE_s35_session0_lamp,0,1664,55.46666666666667,-0.7873143362125837,-0.3401202313765825
COHFACE_s35_session0_lamp,0,1665,55.5,-0.35170907821833086,-0.3269519034027716
COHFACE_s35_session0_lamp,0,1666,55.53333333333333,0.2037460468986927,-0.264651673664566
COHFACE_s35_session0_lamp,0,1667,55.56666666666667,0.7422890816926517,-0.15503816098917964
COHFACE_s35_session0_lamp,0,1668,55.6,1.1222146604841359,-0.01929480057027674
COHFACE_s35_session0_lamp,0,1669,55.63333333333333,1.2989351196604986,0.10180546478184688
COHFACE_s35_session0_lamp,0,1670,55.666666666666664,1.306715811131498,0.2013135372095129
COHFACE_s35_session0_lamp,0,1671,55.7,1.1931304749670537,0.3053933223316115
COHFACE_s35_session0_lamp,0,1672,55.733333333333334,0.998559902516178,0.4252188431538793
COHFACE_s35_session0_lamp,0,1673,55.766666666666666,0.7650980621116448,0.5558753660065727
COHFACE_s35_session0_lamp,0,1674,55.8,0.5266379474922349,0.6656193550087937
COHFACE_s35_session0_lamp,0,1675,55.833333333333336,0.28941554459825974,0.6958426576042693
COHFACE_s35_session0_lamp,0,1676,55.86666666666667,0.041412750775949414,0.6479056824053396
COHFACE_s35_session0_lamp,0,1677,55.9,-0.22186975991584443,0.582887811910106
COHFACE_s35_session0_lamp,0,1678,55.93333333333333,-0.48746943877245313,0.5328527120986717
COHFACE_s35_session0_lamp,0,1679,55.96666666666667,-0.7327343438391225,0.5004174573420035
COHFACE_s35_session0_lamp,0,1680,56.0,-0.9360124103687837,0.4619296218473586
COHFACE_s35_session0_lamp,0,1681,56.03333333333333,-1.0800446178646574,0.3684263299455801
COHFACE_s35_session0_lamp,0,1682,56.06666666666667,-1.1493846321560417,0.21895177486481054
COHFACE_s35_session0_lamp,0,1683,56.1,-1.127240102954817,0.06131294981758122
COHFACE_s35_session0_lamp,0,1684,56.13333333333333,-0.9923393354331262,-0.07287784772430737
COHFACE_s35_session0_lamp,0,1685,56.166666666666664,-0.7167832739210177,-0.1679206065514468
COHFACE_s35_session0_lamp,0,1686,56.2,-0.2857882148557967,-0.23856213016542288
COHFACE_s35_session0_lamp,0,1687,56.233333333333334,0.2435373382617148,-0.3288301394326898
COHFACE_s35_session0_lamp,0,1688,56.266666666666666,0.7299487077713975,-0.44934318981401067
COHFACE_s35_session0_lamp,0,1689,56.3,1.0490863225701557,-0.5763104720519827
COHFACE_s35_session0_lamp,0,1690,56.333333333333336,1.1746071054377047,-0.685121322317567
COHFACE_s35_session0_lamp,0,1691,56.36666666666667,1.1450658852553446,-0.7501175172118049
COHFACE_s35_session0_lamp,0,1692,56.4,1.0062953502543348,-0.7770579791732397
COHFACE_s35_session0_lamp,0,1693,56.43333333333333,0.8000138575887243,-0.8024865684918931
COHFACE_s35_session0_lamp,0,1694,56.46666666666667,0.5676912110220796,-0.8336166497940254
COHFACE_s35_session0_lamp,0,1695,56.5,0.33361736034613065,-0.8479694486058045
COHFACE_s35_session0_lamp,0,1696,56.53333333333333,0.09443590519460704,-0.812916844946415
COHFACE_s35_session0_lamp,0,1697,56.56666666666667,-0.1603296524553858,-0.6865745489678758
COHFACE_s35_session0_lamp,0,1698,56.6,-0.4254296030927323,-0.476894859169932
COHFACE_s35_session0_lamp,0,1699,56.63333333333333,-0.6783207427023158,-0.24242135131141535
COHFACE_s35_session0_lamp,0,1700,56.666666666666664,-0.8905641100536842,-0.023534937200956313
COHFACE_s35_session0_lamp,0,1701,56.7,-1.0378687274639833,0.1569371329135956
COHFACE_s35_session0_lamp,0,1702,56.733333333333334,-1.1012369609379185,0.31578040550670805
COHFACE_s35_session0_lamp,0,1703,56.766666666666666,-1.0616119588876203,0.5075216272451886
COHFACE_s35_session0_lamp,0,1704,56.8,-0.8946711571609895,0.7232185589801523
COHFACE_s35_session0_lamp,0,1705,56.833333333333336,-0.5738764197643849,0.8892579120448675
COHFACE_s35_session0_lamp,0,1706,56.86666666666667,-0.1066245809812633,0.9662357054597507
COHFACE_s35_session0_lamp,0,1707,56.9,0.41534058153170633,0.948836637156728
COHFACE_s35_session0_lamp,0,1708,56.93333333333333,0.8499471265134144,0.8579058564362245
COHFACE_s35_session0_lamp,0,1709,56.96666666666667,1.1099316527479952,0.7399346086892241
COHFACE_s35_session0_lamp,0,1710,57.0,1.1960228983750527,0.6165919328729504
COHFACE_s35_session0_lamp,0,1711,57.03333333333333,1.1449104183301557,0.4849388568531751
COHFACE_s35_session0_lamp,0,1712,57.06666666666667,0.9909813069899934,0.3492161817146519
COHFACE_s35_session0_lamp,0,1713,57.1,0.7706399657305374,0.22169068458702432
COHFACE_s35_session0_lamp,0,1714,57.13333333333333,0.5241129864302558,0.10847990539616612
COHFACE_s35_session0_lamp,0,1715,57.166666666666664,0.2741883317864874,0.010343383418243958
COHFACE_s35_session0_lamp,0,1716,57.2,0.01939226920019691,-0.07143975220702417
COHFACE_s35_session0_lamp,0,1717,57.233333333333334,-0.24531978177234023,-0.1343277322263248
COHFACE_s35_session0_lamp,0,1718,57.266666666666666,-0.5118194118413425,-0.1771349239048779
COHFACE_s35_session0_lamp,0,1719,57.3,-0.759623770336846,-0.1995225461901809
COHFACE_s35_session0_lamp,0,1720,57.333333333333336,-0.9645891813227467,-0.206699348804251
COHFACE_s35_session0_lamp,0,1721,57.36666666666667,-1.105460856546702,-0.2090093710899653
COHFACE_s35_session0_lamp,0,1722,57.4,-1.1637418170038485,-0.21558560031092633
COHFACE_s35_session0_lamp,0,1723,57.43333333333333,-1.1197501124217741,-0.23396630650619132
COHFACE_s35_session0_lamp,0,1724,57.46666666666667,-0.9493770772201482,-0.25202487819775754
COHFACE_s35_session0_lamp,0,1725,57.5,-0.6274347212077701,-0.23808697058262562
COHFACE_s35_session0_lamp,0,1726,57.53333333333333,-0.16128046617625827,-0.18702398152549132
COHFACE_s35_session0_lamp,0,1727,57.56666666666667,0.3620702681817341,-0.12040829240675463
COHFACE_s35_session0_lamp,0,1728,57.6,0.8078014940613301,-0.05908077041483903
COHFACE_s35_session0_lamp,0,1729,57.63333333333333,1.091575271218459,-0.022946996804875282
COHFACE_s35_session0_lamp,0,1730,57.666666666666664,1.2102306889939871,-0.008674386153138168
COHFACE_s35_session0_lamp,0,1731,57.7,1.1934538476982615,0.010019255912316498
COHFACE_s35_session0_lamp,0,1732,57.733333333333334,1.0689754062468184,0.03904661402739419
COHFACE_s35_session0_lamp,0,1733,57.766666666666666,0.8675516466148038,0.06369649960596824
COHFACE_s35_session0_lamp,0,1734,57.8,0.6280213751005058,0.0559501417547411
COHFACE_s35_session0_lamp,0,1735,57.833333333333336,0.37971013695557837,-0.024856618749017532
COHFACE_s35_session0_lamp,0,1736,57.86666666666667,0.13010736588763816,-0.16726866183009795
COHFACE_s35_session0_lamp,0,1737,57.9,-0.12301168760236292,-0.30745082526420064
COHFACE_s35_session0_lamp,0,1738,57.93333333333333,-0.3755957933036376,-0.4129693715607622
COHFACE_s35_session0_lamp,0,1739,57.96666666666667,-0.6143230750282195,-0.4827311619394806
COHFACE_s35_session0_lamp,0,1740,58.0,-0.8220084203789764,-0.5300147754994563
COHFACE_s35_session0_lamp,0,1741,58.03333333333333,-0.9819709555929972,-0.581618513984771
COHFACE_s35_session0_lamp,0,1742,58.06666666666667,-1.0779783226323425,-0.6205074272935838
COHFACE_s35_session0_lamp,0,1743,58.1,-1.0927413144937261,-0.5859842182138031
COHFACE_s35_session0_lamp,0,1744,58.13333333333333,-1.0067477806708267,-0.451233962401595
COHFACE_s35_session0_lamp,0,1745,58.166666666666664,-0.7968686528711776,-0.22440950458865952
COHFACE_s35_session0_lamp,0,1746,58.2,-0.448143689195295,0.045700663059559
COHFACE_s35_session0_lamp,0,1747,58.233333333333334,0.004465931937880113,0.2693775813375827
COHFACE_s35_session0_lamp,0,1748,58.266666666666666,0.45643466146964,0.4237388305962507
COHFACE_s35_session0_lamp,0,1749,58.3,0.799019338277519,0.5517180100448561
COHFACE_s35_session0_lamp,0,1750,58.333333333333336,0.9920686382040055,0.6766051720895575
COHFACE_s35_session0_lamp,0,1751,58.36666666666667,1.0531948842801724,0.8003877161933837
COHFACE_s35_session0_lamp,0,1752,58.4,1.0123463133962414,0.8877109480773586
COHFACE_s35_session0_lamp,0,1753,58.43333333333333,0.8992835860842493,0.865950809129705
COHFACE_s35_session0_lamp,0,1754,58.46666666666667,0.7513183423528245,0.7341496210148861
COHFACE_s35_session0_lamp,0,1755,58.5,0.604024330419092,0.5631568377625614
COHFACE_s35_session0_lamp,0,1756,58.53333333333333,0.4733976133058859,0.4025472358626797
COHFACE_s35_session0_lamp,0,1757,58.56666666666667,0.3585532994337207,0.280391663534657
COHFACE_s35_session0_lamp,0,1758,58.6,0.2571359241856647,0.20203230782319986
COHFACE_s35_session0_lamp,0,1759,58.63333333333333,0.17200238405674378,0.1507912965073969
